name,gcode,vgenus,jk_poly_normed,en_poly_normed,is_cc,is_ac,bsMtxNoSrt,primMatrix,isPrim,phi,phi_sym,inPoly,inv_phi,bar_phi,invbar_phi,matrix_sym_type,fillings,alg_genus,arrowpoly,reverse,mirror_img,rev_mir_img,diag_sym_type,r3_orbit,r3_orbit_length,namelink,outPoly,uPoly,cable_arr_poly,slice
8.1101501,O1O2O3U4O5U2U6O7U8O4O8U1U7U5O6U3,3,9z^2+78z+121,9w^3z^2+78w^2z+121w,False,False,"[[ 0 -2 -1  2 -1  2 -1  0  1],[ 2  0  1  3  0  2  1  0  3],[ 1 -1  0  1  1  0  1 -1  2],[-2 -3 -1  0 -2  0 -2 -1 -1],[ 1  0 -1  2  0  2  0  1  1],[-2 -2  0  0 -2  0 -2  0 -2],[ 1 -1 -1  2  0  2  0  0  2],[ 0  0  1  1 -1  0  0  0  0],[-1 -3 -2  1 -1  2 -2  0  0]]","[[ 0  2  2  1  0 -1 -1 -1 -2],[-2  0  0 -1 -1 -1 -2 -2 -3],[-2  0  0 -2  0  0 -2 -2 -2],[-1  1  2  0  0 -2 -1 -2 -3],[ 0  1  0  0  0  1 -1  0  0],[ 1  1  0  2 -1  0  1  1 -1],[ 1  2  2  1  1 -1  0  0  0],[ 1  2  2  2  0 -1  0  0 -1],[ 2  3  2  3  0  1  0  1  0]]",True,"[-2,-2,-1,0,1,1,1,2,0,1,1,1,2,2,3,2,0,0,2,2,2,0,2,1,2,3,-1,1,0,0,-1,-1,1,0,0,1]","[-2,-2,-1,0,1,1,1,2,0,-1,2,1,1,3,2,0,1,1,1,2,1,1,0,1,0,0,1,0,2,2,0,-1,0,-1,1,0]",t^8+60t^6+404t^4+123t^2,"[-2,-1,-1,-1,0,1,2,2,0,0,1,2,0,1,2,-1,-1,2,0,2,3,0,1,0,1,1,0,1,1,1,1,1,2,0,-1,0]","[-2,-2,-1,0,1,1,1,2,0,-1,2,1,1,3,2,0,1,1,1,2,1,1,0,1,0,0,1,0,2,2,0,-1,0,-1,1,0]","[-2,-1,-1,-1,0,1,2,2,0,1,1,0,3,2,3,-1,0,1,1,2,2,1,-1,2,0,1,0,2,2,2,0,0,1,2,1,0]",c,"[[{8, 1}, {6, 7}, {2, 5}, {3, 4}], [{8, 3}, {6, 7}, {2, 5}, {1, 4}], [{8, 4}, {2, 7}, {5, 6}, {1, 3}], [{8, 4}, {2, 7}, {6}, {5}, {1, 3}], [{8, 4}, {5, 7}, {2, 6}, {1, 3}], [{8, 4}, {6, 7}, {2, 5}, {1, 3}], [{8, 7}, {5, 6}, {2, 4}, {1, 3}], [{8, 7}, {6}, {5}, {2, 4}, {1, 3}], [{8}, {6, 7}, {2, 5}, {1, 4}, {3}], [{8}, {6, 7}, {2, 5}, {3, 4}, {1}], [{8}, {6, 7}, {2, 5}, {4}, {1, 3}]]",1,12 K_1^3 - 26 K_1^2 - 16 K_1 K_2 - K_1 + 13 K_2 + 5 K_3 + 14,O1O2O3U1O4U5U6U3O7O8U7O6U4U2O5U8,O1O2O3U4O5U1U6U5O7U3O6O4U2O8U7U8,O1O2O3U4U5O4U2O6O7U1O5U8U7U3O8U6,c,{'O1O2O3U4O5U2U6O7U8O4O8U1U7U5O6U3'},1,"<a href=""/flatknot/8.1101501"">8.1101501</a>",t^9-58t^7-162t^6+71t^5+330t^4+162t^3+176t^2+88t-64,-t^2+2t,,
8.1101502,O1O2O3U4O5U3U1O6U2O4O7U5U8U6O8U7,4,17z^2+102z+137,17w^3z^2+102w^2z+137w,False,False,"[[ 0 -1  0  0 -1  0  1  2 -1],[ 1  0  1  0 -1  2  1  1  1],[ 0 -1  0  0 -1  1  1  2 -1],[ 0  0  0  0  0  0  0  1  0],[ 1  1  1  0  0  0  0  0  1],[ 0 -2 -1  0  0  0  1  2 -1],[-1 -1 -1  0  0 -1  0  0 -1],[-2 -1 -2 -1  0 -2  0  0 -2],[ 1 -1  1  0 -1  1  1  2  0]]","[[ 0  2  1  0  0  0 -1 -1 -1],[-2  0  0 -1 -2 -2  0 -1 -2],[-1  0  0  0 -1 -1  0 -1 -1],[ 0  1  0  0  0  0  0  0  0],[ 0  2  1  0  0  1 -1 -1 -1],[ 0  2  1  0 -1  0  0 -2 -1],[ 1  0  0  0  1  0  0  1  1],[ 1  1  1  0  1  2 -1  0  1],[ 1  2  1  0  1  1 -1 -1  0]]",True,"[-2,-1,0,0,0,1,1,1,0,1,2,2,0,1,2,0,1,1,0,1,1,0,0,0,0,0,-1,1,1,1,0,2,1,-1,-1,-1]","[-2,-1,0,0,0,1,1,1,0,1,2,2,0,1,2,0,1,1,0,1,1,0,0,0,0,0,-1,1,1,1,0,2,1,-1,-1,-1]",t^8+30t^6+52t^4+20t^2+1,"[-1,-1,-1,0,0,0,1,2,-1,-1,0,1,1,2,3,-1,0,-1,1,1,2,0,0,1,1,1,-1,0,0,0,0,0,0,1,1,1]","[-2,-1,0,0,0,1,1,1,1,0,0,1,1,2,3,0,0,1,1,1,2,-1,0,0,-1,1,0,0,0,0,1,1,1,-1,-1,-1]","[-1,-1,-1,0,0,0,1,2,-1,-1,0,1,1,1,2,-1,0,1,2,1,1,0,1,0,0,0,0,0,0,1,1,1,2,1,2,0]",c,"[[{8, 3}, {6, 7}, {2, 5}, {1, 4}]]",1,8 K_1^3 - 26 K_1^2 - 4 K_1 K_2 - 4 K_1 + 13 K_2 + 14,O1O2O3U4O5U6U5U7O4O8U2O6U3U1O7U8,O1O2O3U2O4U5U6U7O8U1O7O5U3O6U8U4,O1O2O3U4U5O6U1O7O8U3O5U8U6U7O4U2,c,{'O1O2O3U4O5U3U1O6U2O4O7U5U8U6O8U7'},1,"<a href=""/flatknot/8.1101502"">8.1101502</a>",t^9-28t^7-78t^6-31t^5+98t^4+78t^3-12t^2-26t-6,-t^2+2t,,
8.1101503,O1O2O3U4O5U3U1O6U2O4O7U6U8U5O8U7,4,z^3+20z^2+94z+117,w^4z^3+20w^3z^2+94w^2z+117w,False,False,"[[ 0 -1  0  0 -1  2 -1  2 -1],[ 1  0  1  0 -1  2  0  1  0],[ 0 -1  0  0 -1  2  0  2 -1],[ 0  0  0  0  0  0 -1  1 -1],[ 1  1  1  0  0  1 -1  0  1],[-2 -2 -2  0 -1  0  0  1 -2],[ 1  0  0  1  1  0  0  1  1],[-2 -1 -2 -1  0 -1 -1  0 -2],[ 1  0  1  1 -1  2 -1  2  0]]","[[ 0  2  2  0  0 -1 -1 -1 -1],[-2  0  1  0 -2  0 -1 -2 -2],[-2 -1  0 -1 -2 -1  0 -1 -2],[ 0  0  1  0  0 -1  0  0 -1],[ 0  2  2  0  0  0 -1 -1 -1],[ 1  0  1  1  0  0  1  0  1],[ 1  1  0  0  1 -1  0  1  1],[ 1  2  1  0  1  0 -1  0  0],[ 1  2  2  1  1 -1 -1  0  0]]",True,"[-2,-2,0,0,1,1,1,1,-1,0,2,0,1,2,2,1,2,1,0,1,2,0,1,0,0,1,0,1,1,1,-1,0,-1,-1,-1,0]","[-2,-2,0,0,1,1,1,1,-1,0,1,1,2,2,3,0,2,1,1,3,2,0,0,0,1,0,0,1,0,1,0,-1,-1,0,-1,1]",t^8+34t^6+143t^4+76t^2,"[-1,-1,-1,-1,0,0,2,2,-1,-1,0,0,1,2,3,-1,-1,1,0,3,2,0,0,0,1,1,1,0,2,1,0,1,2,0,0,1]","[-2,-2,0,0,1,1,1,1,-1,0,1,1,2,2,3,0,2,1,1,3,2,0,0,0,1,0,0,1,0,1,0,-1,-1,0,-1,1]","[-1,-1,-1,-1,0,0,2,2,-1,-1,0,1,1,2,2,-1,1,0,1,0,1,0,1,0,1,0,0,1,1,2,0,1,0,2,2,-1]",c,"[[{8, 1}, {2, 7}, {4, 6}, {3, 5}], [{8, 4}, {2, 7}, {1, 6}, {3, 5}]]",1,12 K_1^3 - 8 K_1^2 - 8 K_1 K_2 - 5 K_1 + 4 K_2 + K_3 + 5,O1O2O3U4O5U6U5U7O4O8U2O7U3U1O6U8,O1O2O3U2O4U5U6U7O8U3O7O5U1O6U8U4,O1O2O3U4U5O6U3O7O8U1O5U8U6U7O4U2,c,{'O1O2O3U4O5U3U1O6U2O4O7U6U8U5O8U7'},1,"<a href=""/flatknot/8.1101503"">8.1101503</a>",t^9-30t^7-78t^6+31t^5+312t^4+293t^3-108t^2-251t-82,-2t^2+4t,,
8.1101504,O1O2O3U4O5U3U1O6U2O4O7U6U8U7O8U5,4,11z^2+96z+149,11w^3z^2+96w^2z+149w,False,False,"[[ 0 -1  0  0 -1  2 -1  2 -1],[ 1  0  1  0 -1  2  0  0  1],[ 0 -1  0  0 -1  2  0  1  0],[ 0  0  0  0  0  0 -1  0  0],[ 1  1  1  0  0  1 -1  1  0],[-2 -2 -2  0 -1  0 -1  2 -3],[ 1  0  0  1  1  1  0  1  0],[-2  0 -1  0 -1 -2 -1  0 -2],[ 1 -1  0  0  0  3  0  2  0]]","[[ 0  2  2  0  0 -1 -1 -1 -1],[-2  0  2  0 -2 -1 -1 -2 -3],[-2 -2  0  0 -1 -1 -1  0 -2],[ 0  0  0  0  0  0 -1  0  0],[ 0  2  1  0  0 -1  0 -1  0],[ 1  1  1  0  1  0 -1  1  0],[ 1  1  1  1  0  1  0  0  0],[ 1  2  0  0  1 -1  0  0  1],[ 1  3  2  0  0  0  0 -1  0]]",True,"[-2,-2,0,0,1,1,1,1,-2,0,2,1,1,2,3,0,1,1,1,0,2,0,0,1,0,0,1,0,1,0,1,-1,0,0,0,-1]","[-2,-2,0,0,1,1,1,1,-2,0,2,1,1,2,3,0,1,1,1,0,2,0,0,1,0,0,1,0,1,0,1,-1,0,0,0,-1]",t^8+36t^6+161t^4+80t^2+1,"[-1,-1,-1,-1,0,0,2,2,-1,0,0,0,1,2,2,-1,0,1,0,2,2,-1,1,0,1,3,1,1,0,1,0,2,2,0,1,-2]","[-2,-2,0,0,1,1,1,1,-2,1,2,1,2,2,3,0,2,0,2,2,1,0,1,0,1,0,1,1,0,1,0,0,-1,-1,1,0]","[-1,-1,-1,-1,0,0,2,2,-1,0,0,0,0,2,3,-1,0,0,1,0,2,-1,0,1,1,1,1,0,1,1,0,0,0,1,2,-2]",c,"[[{8, 6}, {3, 7}, {4, 5}, {1, 2}], [{8, 7}, {5, 6}, {1, 4}, {2, 3}]]",1,4 K_1^3 - 36 K_1^2 - 8 K_1 K_2 + K_1 + 18 K_2 + 3 K_3 + 19,O1O2O3U4O5U6U5U7O6O8U2O7U3U1O4U8,O1O2O3U2O4U5U6U7O8U4O7O5U1O6U8U3,O1O2O3U1U4O5U3O6O7U8O4U7U5U6O8U2,c,{'O1O2O3U4O5U3U1O6U2O4O7U6U8U7O8U5'},1,"<a href=""/flatknot/8.1101504"">8.1101504</a>",t^9-32t^7-66t^6+61t^5+158t^4-68t^3-60t^2+118t-14,-2t^2+4t,,
8.1101505,O1O2O3U4O5U3U1O6U2O4O7U8U7U6O8U5,4,11z^2+96z+149,11w^3z^2+96w^2z+149w,False,False,"[[ 0 -1  0  0 -1  2  1  1 -2],[ 1  0  1  0 -1  2  0  0  1],[ 0 -1  0  0 -1  2  0  0 -1],[ 0  0  0  0  0  0 -1  0  0],[ 1  1  1  0  0  1  1  1  0],[-2 -2 -2  0 -1  0  1  1 -4],[-1  0  0  1 -1 -1  0  0 -2],[-1  0  0  0 -1 -1  0  0 -1],[ 2 -1  1  0  0  4  2  1  0]]","[[ 0  2  1  1  0  0 -1 -1 -2],[-2  0  1  1  0 -2 -1 -2 -4],[-1 -1  0  0  1  0 -1  0 -2],[-1 -1  0  0  0  0 -1  0 -1],[ 0  0 -1  0  0  0  0  0  0],[ 0  2  0  0  0  0 -1 -1 -1],[ 1  1  1  1  0  1  0  1  0],[ 1  2  0  0  0  1 -1  0  1],[ 2  4  2  1  0  1  0 -1  0]]",True,"[-2,-1,-1,0,0,1,1,2,-1,-1,0,2,1,2,4,0,-1,0,1,0,2,0,0,1,0,1,0,0,0,0,1,1,1,-1,0,-1]","[-2,-1,-1,0,0,1,1,2,-1,-1,0,2,1,2,4,0,-1,0,1,0,2,0,0,1,0,1,0,0,0,0,1,1,1,-1,0,-1]",t^8+40t^6+190t^4+128t^2+9,"[-2,-1,-1,0,0,1,1,2,1,2,1,2,1,2,0,-1,0,1,1,1,2,0,1,2,2,1,0,1,1,0,2,1,2,0,2,2]","[-2,-1,-1,0,0,1,1,2,2,2,0,2,1,2,0,0,1,1,2,1,2,1,2,2,1,1,0,0,0,1,1,1,2,-1,2,1]","[-2,-1,-1,0,0,1,1,2,-1,0,0,1,1,2,4,-1,0,1,0,0,2,0,1,1,1,1,0,0,-1,0,0,0,2,0,-1,-1]",c,"[[{8, 4}, {2, 7}, {1, 6}, {3, 5}], [{8, 4}, {3, 7}, {1, 6}, {2, 5}], [{8, 4}, {3, 7}, {2, 6}, {1, 5}], [{8, 5}, {2, 7}, {1, 6}, {3, 4}], [{8, 5}, {3, 7}, {1, 6}, {2, 4}], [{8, 5}, {3, 7}, {2, 6}, {1, 4}], [{8, 5}, {4, 7}, {1, 6}, {2, 3}], [{8, 6}, {2, 7}, {1, 5}, {3, 4}], [{8, 7}, {1, 6}, {2, 5}, {3, 4}], [{8, 7}, {1, 6}, {3, 5}, {2, 4}]]",1,4 K_1^3 - 24 K_1^2 - 4 K_1 K_2 - K_1 + 12 K_2 + K_3 + 13,O1O2O3U4O5U6U7U5O7O8U2O6U3U1O4U8,O1O2O3U1O4U5U6U7O8U4O7O5U3O6U8U2,O1O2O3U2U4O5U1O6O7U8O4U7U5U6O8U3,c,{'O1O2O3U4O5U3U1O6U2O4O7U8U7U6O8U5'},1,"<a href=""/flatknot/8.1101505"">8.1101505</a>",t^9-40t^7-78t^6+78t^5+76t^4-100t^3+44t^2+49t-26,0,,
8.1101506,O1O2O3U4O5U3U1O6U7O4O7U2U8U6O8U5,4,9z^2+86z+137,9w^3z^2+86w^2z+137w,False,False,"[[ 0 -1 -1  0 -1  2  1  1 -1],[ 1  0  0  0  0  2  0  2  1],[ 1  0  0  1 -1  2  0  2  0],[ 0  0 -1  0  0  0 -1  1  0],[ 1  0  1  0  0  2  2  1  1],[-2 -2 -2  0 -2  0  1 -2 -3],[-1  0  0  1 -2 -1  0 -1 -1],[-1 -2 -2 -1 -1  2  1  0 -2],[ 1 -1  0  0 -1  3  1  2  0]]","[[ 0  2  1  1  0 -1 -1 -1 -1],[-2  0  1 -2  0 -2 -2 -2 -3],[-1 -1  0 -1  1  0  0 -2 -1],[-1  2  1  0 -1 -2 -2 -1 -2],[ 0  0 -1  1  0  0 -1  0  0],[ 1  2  0  2  0  0  0  0  1],[ 1  2  0  2  1  0  0 -1  0],[ 1  2  2  1  0  0  1  0  1],[ 1  3  1  2  0 -1  0 -1  0]]",True,"[-2,-1,-1,0,1,1,1,1,-1,2,0,2,2,2,3,1,-1,0,0,2,1,1,2,2,1,2,0,1,0,0,0,0,-1,1,0,-1]","[-2,-1,-1,0,1,1,1,1,-1,2,0,2,2,2,3,1,-1,0,0,2,1,1,2,2,1,2,0,1,0,0,0,0,-1,1,0,-1]",t^8+51t^6+328t^4+95t^2+4,"[-1,-1,-1,-1,0,1,1,2,-1,-1,0,1,0,1,1,0,0,0,2,0,1,1,1,1,0,0,1,2,0,1,2,0,2,1,2,-1]","[-2,-1,-1,0,1,1,1,1,-1,2,2,0,1,1,1,1,0,0,0,0,1,2,1,2,2,0,1,0,1,1,0,-1,-1,0,-1,0]","[-1,-1,-1,-1,0,1,1,2,-1,-1,0,0,1,2,3,0,0,0,0,2,2,1,0,2,1,2,1,0,2,2,-1,1,0,-1,-1,2]",c,"[[{8, 6}, {1, 7}, {2, 5}, {3, 4}], [{8, 6}, {1, 7}, {3, 5}, {2, 4}], [{8, 6}, {1, 7}, {4, 5}, {2, 3}], [{8, 6}, {3, 7}, {2, 5}, {1, 4}]]",1,4 K_1^3 - 30 K_1^2 - 4 K_1 K_2 - K_1 + 15 K_2 + K_3 + 16,O1O2O3U4O5U6U5U2O7O8U7O6U3U1O4U8,O1O2O3U2O4U5U1U6O7U4O6O5U3O8U7U8,O1O2O3U4U5O4U1O6O7U8O5U7U3U6O8U2,c,{'O1O2O3U4O5U3U1O6U7O4O7U2U8U6O8U5'},1,"<a href=""/flatknot/8.1101506"">8.1101506</a>",t^9-49t^7-140t^6+73t^5+478t^4+63t^3-412t^2-31t+56,-t^2+2t,,
8.1101507,O1O2O3U4O5U3U1O6U7O4O7U5U8U6O8U2,3,5z^2+42z+65,5w^3z^2+42w^2z+65w,False,False,"[[ 0 -1  1  0 -1  0  1  1 -1],[ 1  0  1  0  0  1  0  2  1],[-1 -1  0  0 -1 -1  1  0 -2],[ 0  0  0  0  0  0  0  1  0],[ 1  0  1  0  0  1  1  1  1],[ 0 -1  1  0 -1  0  1  0 -1],[-1  0 -1  0 -1 -1  0 -1 -1],[-1 -2  0 -1 -1  0  1  0 -2],[ 1 -1  2  0 -1  1  1  2  0]]","[[ 0  1  1  1 -1 -1 -1],[-1  0  1  0 -1 -1 -2],[-1 -1  0 -1  0 -1 -1],[-1  0  1  0 -2 -1 -2],[ 1  1  0  2  0  0  1],[ 1  1  1  1  0  0  1],[ 1  2  1  2 -1 -1  0]]",False,"[-1,-1,-1,1,1,1,-1,0,1,1,2,1,0,1,1,2,1,2,0,-1,-1]","[-1,-1,-1,1,1,1,-1,-1,1,1,2,0,0,1,0,0,1,1,-1,-1,0]",t^6+21t^4+22t^2+4,"[-1,-1,-1,1,1,1,-1,0,0,1,2,1,0,0,1,1,1,1,0,-1,-1]","[-1,-1,-1,1,1,1,-1,-1,1,1,2,0,0,1,0,0,1,1,-1,-1,0]","[-1,-1,-1,1,1,1,-1,-1,1,2,2,0,0,1,2,1,1,1,-1,-1,0]",c,"[[{8, 2}, {1, 7}, {4, 6}, {3, 5}], [{8, 2}, {4, 7}, {1, 6}, {3, 5}]]",0,- 8 K_1^2 + 4 K_2 + 5,O1O2O3U2O4U5U4U6O7O8U7O5U3U1O6U8,O1O2O3U2O4U5U4U6O7U1O6O5U3O8U7U8,O1O2O3U4U5O4U1O6O7U3O5U7U8U6O8U2,c,"{'O1O2U3O4O3U5U1O6U4O7U8O5O8U2U6U7', 'O1O2O3U4O5U3U1O6U7O4O7U5U8U6O8U2', 'O1O2U3O4O3U5O6U2U4O7U8O5O8U6U1U7'}",3,"<a href=""/flatknot/8.1101507"">8.1101507</a>",t^7-21t^5-34t^4+4t^3+20t^2+2t,0,,
8.1101508,O1O2O3U4O5U3U1O6U7O4O7U8U5U6O8U2,3,10z^2+59z+79,10w^3z^2+59w^2z+79w,False,False,"[[ 0 -1  1  0 -1  1  1  1 -2],[ 1  0  1  0  0  1  0  2  0],[-1 -1  0  0 -1  0  1  0 -3],[ 0  0  0  0  0  0  0  1 -1],[ 1  0  1  0  0  2  1  1  1],[-1 -1  0  0 -2  0  1 -1 -2],[-1  0 -1  0 -1 -1  0 -1 -1],[-1 -2  0 -1 -1  1  1  0 -3],[ 2  0  3  1 -1  2  1  3  0]]","[[ 0  1  1  1  1  0 -1 -1 -2],[-1  0  1  1  0 -1 -1 -2 -3],[-1 -1  0  1  0  0 -2 -1 -2],[-1 -1 -1  0 -1  0 -1  0 -1],[-1  0  0  1  0  0 -1 -1 -3],[ 0  1  0  0  0  0  0  0 -1],[ 1  1  2  1  1  0  0  0  1],[ 1  2  1  0  1  0  0  0  0],[ 2  3  2  1  3  1 -1  0  0]]",True,"[-1,-1,-1,-1,0,1,1,2,-1,-1,0,1,1,2,3,-1,0,0,2,1,2,1,0,1,0,1,0,1,1,3,0,0,1,0,-1,0]","[-2,-1,-1,0,1,1,1,1,-1,0,1,1,2,3,3,0,0,1,2,1,1,0,0,1,1,2,0,0,0,1,-1,-1,-1,0,-1,0]",t^8+43t^6+170t^4+71t^2,"[-2,-1,-1,0,1,1,1,1,1,2,1,0,0,1,2,0,1,0,1,1,2,1,1,1,0,1,0,1,1,1,0,-1,-1,0,-1,-1]","[-1,-1,-1,-1,0,1,1,2,-1,-1,-1,1,1,2,2,-1,0,1,0,1,1,0,0,1,0,0,1,1,1,0,1,1,1,0,2,1]","[-2,-1,-1,0,1,1,1,1,-1,0,1,1,2,3,3,0,0,1,2,1,1,0,0,1,1,2,0,0,0,1,-1,-1,-1,0,-1,0]",c,"[[{8, 2}, {6, 7}, {3, 5}, {1, 4}], [{8, 2}, {7}, {6}, {3, 5}, {1, 4}]]",1,4 K_1^3 - 14 K_1^2 - 4 K_1 K_2 - K_1 + 7 K_2 + K_3 + 8,O1O2O3U2O4U5U6U4O7O8U7O5U3U1O6U8,O1O2O3U1O4U5U4U6O7U2O6O5U3O8U7U8,O1O2O3U4U5O4U1O6O7U2O5U7U8U6O8U3,c,"{'O1O2O3U4O5U3U1O6U7O4O7U8U5U6O8U2', 'O1O2U3O4O3U5O6U2U4O7U8O5O8U1U6U7'}",2,"<a href=""/flatknot/8.1101508"">8.1101508</a>",t^9-45t^7-70t^6+97t^5+124t^4-88t^3-44t^2+24t,t^2-2t,,
8.1101509,O1O2O3U4O5U3U1O6U7O4O7U8U6U2O8U5,4,13z^2+82z+113,13w^3z^2+82w^2z+113w,False,False,"[[ 0 -1  1  0 -1  2  0  1 -2],[ 1  0  0  0  0  2 -1  2  0],[-1  0  0  1 -2  0 -1  0 -2],[ 0  0 -1  0  0  0 -1  1  0],[ 1  0  2  0  0  2  1  1  0],[-2 -2  0  0 -2  0  1 -2 -3],[ 0  1  1  1 -1 -1  0  0  0],[-1 -2  0 -1 -1  2  0  0 -3],[ 2  0  2  0  0  3  0  3  0]]","[[ 0  2  1  1  0  0 -1 -1 -2],[-2  0  0 -2  1  0 -2 -2 -3],[-1  0  0  0 -1  1  0 -2 -2],[-1  2  0  0  0 -1 -2 -1 -3],[ 0 -1  1  0  0  1  1 -1  0],[ 0  0 -1  1 -1  0  0  0  0],[ 1  2  0  2 -1  0  0  0  0],[ 1  2  2  1  1  0  0  0  0],[ 2  3  2  3  0  0  0  0  0]]",True,"[-2,-1,-1,0,0,1,1,2,0,2,-1,0,2,2,3,0,1,-1,0,2,2,0,1,2,1,3,-1,-1,1,0,0,0,0,0,0,0]","[-2,-1,-1,0,0,1,1,2,-1,1,2,3,1,1,1,0,0,1,0,1,0,2,0,2,0,1,-1,1,1,2,2,0,2,0,1,1]",t^8+50t^6+399t^4+110t^2+1,"[-2,-1,-1,0,0,1,1,2,1,1,2,2,0,1,1,0,0,1,1,0,1,2,1,0,2,1,-1,1,0,3,0,2,2,0,-1,1]","[-2,-1,-1,0,0,1,1,2,-1,1,2,3,1,1,1,0,0,1,0,1,0,2,0,2,0,1,-1,1,1,2,2,0,2,0,1,1]","[-2,-1,-1,0,0,1,1,2,0,0,0,0,2,3,3,0,-1,0,0,2,2,1,0,2,1,2,1,1,0,-1,-1,1,0,0,0,2]",c,"[[{8, 1}, {2, 7}, {3, 6}, {4, 5}], [{8, 1}, {2, 7}, {4, 6}, {3, 5}], [{8, 1}, {2, 7}, {5, 6}, {3, 4}], [{8, 1}, {2, 7}, {6}, {4, 5}, {3}], [{8, 1}, {3, 7}, {2, 6}, {4, 5}], [{8, 1}, {3, 7}, {4, 6}, {2, 5}], [{8, 1}, {3, 7}, {5, 6}, {2, 4}], [{8, 1}, {4, 7}, {2, 6}, {3, 5}], [{8, 1}, {4, 7}, {3, 6}, {2, 5}], [{8, 1}, {4, 7}, {5, 6}, {2, 3}], [{8, 1}, {5, 7}, {2, 6}, {3, 4}], [{8, 1}, {5, 7}, {3, 6}, {2, 4}], [{8, 1}, {5, 7}, {4, 6}, {2, 3}], [{8, 1}, {6, 7}, {2, 5}, {3, 4}], [{8, 1}, {6, 7}, {3, 5}, {2, 4}], [{8, 1}, {6, 7}, {4, 5}, {2, 3}], [{8, 1}, {6, 7}, {5}, {2, 4}, {3}], [{8, 1}, {7}, {2, 6}, {3, 5}, {4}], [{8, 1}, {7}, {3, 6}, {4, 5}, {2}], [{8, 2}, {1, 7}, {3, 6}, {4, 5}], [{8, 2}, {1, 7}, {4, 6}, {3, 5}], [{8, 2}, {1, 7}, {5, 6}, {3, 4}], [{8, 2}, {1, 7}, {6}, {3, 5}, {4}], [{8, 2}, {1, 7}, {6}, {4, 5}, {3}], [{8, 2}, {1, 7}, {6}, {5}, {3, 4}], [{8, 2}, {3, 7}, {1, 6}, {4, 5}], [{8, 2}, {3, 7}, {1, 6}, {5}, {4}], [{8, 2}, {3, 7}, {4, 6}, {1, 5}], [{8, 2}, {3, 7}, {5, 6}, {1, 4}], [{8, 2}, {3, 7}, {6}, {4, 5}, {1}], [{8, 2}, {4, 7}, {1, 6}, {3, 5}], [{8, 2}, {4, 7}, {1, 6}, {5}, {3}], [{8, 2}, {4, 7}, {3, 6}, {1, 5}], [{8, 2}, {4, 7}, {5, 6}, {1, 3}], [{8, 2}, {4, 7}, {6}, {3, 5}, {1}], [{8, 2}, {5, 7}, {1, 6}, {3, 4}], [{8, 2}, {5, 7}, {1, 6}, {4}, {3}], [{8, 2}, {5, 7}, {3, 6}, {1, 4}], [{8, 2}, {5, 7}, {4, 6}, {1, 3}], [{8, 2}, {5, 7}, {6}, {3, 4}, {1}], [{8, 2}, {6, 7}, {1, 5}, {3, 4}], [{8, 2}, {6, 7}, {1, 5}, {4}, {3}], [{8, 2}, {6, 7}, {3, 5}, {1, 4}], [{8, 2}, {6, 7}, {3, 5}, {4}, {1}], [{8, 2}, {6, 7}, {4, 5}, {1, 3}], [{8, 2}, {6, 7}, {4, 5}, {3}, {1}], [{8, 2}, {6, 7}, {5}, {1, 4}, {3}], [{8, 2}, {6, 7}, {5}, {3, 4}, {1}], [{8, 2}, {6, 7}, {5}, {4}, {1, 3}], [{8, 2}, {7}, {1, 6}, {3, 5}, {4}], [{8, 2}, {7}, {1, 6}, {4, 5}, {3}], [{8, 2}, {7}, {1, 6}, {5}, {3, 4}], [{8, 2}, {7}, {3, 6}, {4, 5}, {1}], [{8, 2}, {7}, {4, 6}, {3, 5}, {1}], [{8, 2}, {7}, {5, 6}, {3, 4}, {1}], [{8, 2}, {7}, {6}, {1, 5}, {3, 4}], [{8, 2}, {7}, {6}, {3, 5}, {1, 4}], [{8, 2}, {7}, {6}, {3, 5}, {4}, {1}], [{8, 2}, {7}, {6}, {4, 5}, {1, 3}], [{8, 2}, {7}, {6}, {4, 5}, {3}, {1}], [{8, 2}, {7}, {6}, {5}, {3, 4}, {1}], [{8, 3}, {1, 7}, {2, 6}, {4, 5}], [{8, 3}, {1, 7}, {4, 6}, {2, 5}], [{8, 3}, {1, 7}, {5, 6}, {2, 4}], [{8, 3}, {2, 7}, {1, 6}, {4, 5}], [{8, 3}, {2, 7}, {4, 6}, {1, 5}], [{8, 3}, {2, 7}, {5, 6}, {1, 4}], [{8, 3}, {4, 7}, {1, 6}, {2, 5}], [{8, 3}, {4, 7}, {2, 6}, {1, 5}], [{8, 3}, {4, 7}, {5, 6}, {1, 2}], [{8, 3}, {4, 7}, {6}, {2, 5}, {1}], [{8, 3}, {5, 7}, {1, 6}, {2, 4}], [{8, 3}, {5, 7}, {2, 6}, {1, 4}], [{8, 3}, {5, 7}, {4, 6}, {1, 2}], [{8, 3}, {6, 7}, {1, 5}, {2, 4}], [{8, 3}, {6, 7}, {2, 5}, {1, 4}], [{8, 3}, {6, 7}, {4, 5}, {1, 2}], [{8, 3}, {6, 7}, {4, 5}, {2}, {1}], [{8, 3}, {7}, {1, 6}, {5}, {2, 4}], [{8, 4}, {1, 7}, {2, 6}, {3, 5}], [{8, 4}, {1, 7}, {2, 6}, {5}, {3}], [{8, 4}, {1, 7}, {3, 6}, {2, 5}], [{8, 4}, {1, 7}, {5, 6}, {2, 3}], [{8, 4}, {1, 7}, {5, 6}, {3}, {2}], [{8, 4}, {1, 7}, {6}, {2, 5}, {3}], [{8, 4}, {2, 7}, {1, 6}, {3, 5}], [{8, 4}, {2, 7}, {1, 6}, {5}, {3}], [{8, 4}, {2, 7}, {3, 6}, {1, 5}], [{8, 4}, {2, 7}, {5, 6}, {1, 3}], [{8, 4}, {3, 7}, {1, 6}, {2, 5}], [{8, 4}, {3, 7}, {2, 6}, {1, 5}], [{8, 4}, {3, 7}, {5, 6}, {1, 2}], [{8, 4}, {3, 7}, {6}, {2, 5}, {1}], [{8, 4}, {5, 7}, {1, 6}, {2, 3}], [{8, 4}, {5, 7}, {2, 6}, {1, 3}], [{8, 4}, {5, 7}, {3, 6}, {1, 2}], [{8, 4}, {5, 7}, {6}, {3}, {1, 2}], [{8, 4}, {6, 7}, {1, 5}, {2, 3}], [{8, 4}, {6, 7}, {1, 5}, {3}, {2}], [{8, 4}, {6, 7}, {2, 5}, {1, 3}], [{8, 4}, {6, 7}, {3, 5}, {1, 2}], [{8, 4}, {6, 7}, {5}, {2, 3}, {1}], [{8, 4}, {7}, {1, 6}, {3, 5}, {2}], [{8, 4}, {7}, {6}, {2, 5}, {1, 3}], [{8, 5}, {1, 7}, {2, 6}, {3, 4}], [{8, 5}, {1, 7}, {3, 6}, {2, 4}], [{8, 5}, {1, 7}, {4, 6}, {2, 3}], [{8, 5}, {1, 7}, {6}, {2, 4}, {3}], [{8, 5}, {2, 7}, {1, 6}, {3, 4}], [{8, 5}, {2, 7}, {3, 6}, {1, 4}], [{8, 5}, {2, 7}, {4, 6}, {1, 3}], [{8, 5}, {3, 7}, {1, 6}, {2, 4}], [{8, 5}, {3, 7}, {2, 6}, {1, 4}], [{8, 5}, {3, 7}, {4, 6}, {1, 2}], [{8, 5}, {4, 7}, {1, 6}, {2, 3}], [{8, 5}, {4, 7}, {2, 6}, {1, 3}], [{8, 5}, {4, 7}, {3, 6}, {1, 2}], [{8, 5}, {4, 7}, {6}, {3}, {1, 2}], [{8, 5}, {6, 7}, {1, 4}, {2, 3}], [{8, 5}, {6, 7}, {1, 4}, {3}, {2}], [{8, 5}, {6, 7}, {2, 4}, {1, 3}], [{8, 5}, {6, 7}, {2, 4}, {3}, {1}], [{8, 5}, {6, 7}, {3, 4}, {1, 2}], [{8, 5}, {6, 7}, {3, 4}, {2}, {1}], [{8, 5}, {6, 7}, {4}, {1, 3}, {2}], [{8, 5}, {6, 7}, {4}, {2, 3}, {1}], [{8, 5}, {6, 7}, {4}, {3}, {1, 2}], [{8, 5}, {7}, {1, 6}, {2, 4}, {3}], [{8, 5}, {7}, {4, 6}, {3}, {1, 2}], [{8, 6}, {1, 7}, {2, 5}, {3, 4}], [{8, 6}, {1, 7}, {3, 5}, {2, 4}], [{8, 6}, {1, 7}, {4, 5}, {2, 3}], [{8, 6}, {2, 7}, {1, 5}, {3, 4}], [{8, 6}, {2, 7}, {3, 5}, {1, 4}], [{8, 6}, {2, 7}, {4, 5}, {1, 3}], [{8, 6}, {3, 7}, {1, 5}, {2, 4}], [{8, 6}, {3, 7}, {2, 5}, {1, 4}], [{8, 6}, {3, 7}, {2, 5}, {4}, {1}], [{8, 6}, {3, 7}, {4, 5}, {1, 2}], [{8, 6}, {4, 7}, {1, 5}, {2, 3}], [{8, 6}, {4, 7}, {2, 5}, {1, 3}], [{8, 6}, {4, 7}, {3, 5}, {1, 2}], [{8, 6}, {4, 7}, {5}, {3}, {1, 2}], [{8, 6}, {5, 7}, {1, 4}, {2, 3}], [{8, 6}, {5, 7}, {2, 4}, {1, 3}], [{8, 6}, {5, 7}, {3, 4}, {1, 2}], [{8, 6}, {7}, {1, 5}, {3, 4}, {2}], [{8, 6}, {7}, {3, 5}, {4}, {1, 2}], [{8, 6}, {7}, {5}, {2, 4}, {1, 3}], [{8, 7}, {1, 6}, {2, 5}, {3, 4}], [{8, 7}, {1, 6}, {3, 5}, {2, 4}], [{8, 7}, {1, 6}, {3, 5}, {4}, {2}], [{8, 7}, {1, 6}, {4, 5}, {2, 3}], [{8, 7}, {2, 6}, {1, 5}, {3, 4}], [{8, 7}, {2, 6}, {3, 5}, {1, 4}], [{8, 7}, {2, 6}, {4, 5}, {1, 3}], [{8, 7}, {3, 6}, {1, 5}, {2, 4}], [{8, 7}, {3, 6}, {2, 5}, {1, 4}], [{8, 7}, {3, 6}, {2, 5}, {4}, {1}], [{8, 7}, {3, 6}, {4, 5}, {1, 2}], [{8, 7}, {3, 6}, {4, 5}, {2}, {1}], [{8, 7}, {3, 6}, {5}, {2, 4}, {1}], [{8, 7}, {4, 6}, {1, 5}, {2, 3}], [{8, 7}, {4, 6}, {1, 5}, {3}, {2}], [{8, 7}, {4, 6}, {2, 5}, {1, 3}], [{8, 7}, {4, 6}, {3, 5}, {1, 2}], [{8, 7}, {4, 6}, {5}, {2, 3}, {1}], [{8, 7}, {5, 6}, {1, 4}, {2, 3}], [{8, 7}, {5, 6}, {2, 4}, {1, 3}], [{8, 7}, {5, 6}, {3, 4}, {1, 2}], [{8, 7}, {5, 6}, {3, 4}, {2}, {1}], [{8, 7}, {6}, {4, 5}, {3}, {1, 2}], [{8}, {1, 7}, {3, 6}, {4, 5}, {2}], [{8}, {2, 7}, {1, 6}, {3, 5}, {4}], [{8}, {2, 7}, {3, 6}, {4, 5}, {1}], [{8}, {2, 7}, {5, 6}, {1, 4}, {3}], [{8}, {2, 7}, {5, 6}, {3, 4}, {1}], [{8}, {2, 7}, {5, 6}, {4}, {1, 3}], [{8}, {3, 7}, {1, 6}, {4, 5}, {2}], [{8}, {3, 7}, {4, 6}, {2, 5}, {1}], [{8}, {3, 7}, {5, 6}, {2, 4}, {1}], [{8}, {4, 7}, {1, 6}, {3, 5}, {2}], [{8}, {4, 7}, {3, 6}, {1, 5}, {2}], [{8}, {4, 7}, {5, 6}, {3}, {1, 2}], [{8}, {5, 7}, {1, 6}, {3, 4}, {2}], [{8}, {5, 7}, {3, 6}, {1, 4}, {2}], [{8}, {6, 7}, {1, 5}, {2, 4}, {3}], [{8}, {6, 7}, {2, 5}, {1, 4}, {3}], [{8}, {6, 7}, {2, 5}, {3, 4}, {1}], [{8}, {6, 7}, {2, 5}, {4}, {1, 3}], [{8}, {6, 7}, {4, 5}, {2, 3}, {1}], [{8}, {7}, {1, 6}, {3, 5}, {2, 4}], [{8}, {7}, {1, 6}, {3, 5}, {4}, {2}], [{8}, {7}, {2, 6}, {1, 5}, {3, 4}], [{8}, {7}, {3, 6}, {4, 5}, {1, 2}]]",2,8 K_1^3 - 20 K_1^2 - 4 K_1 K_2 - 4 K_1 + 10 K_2 + 11,O1O2O3U4O5U2U6U5O7O8U7O6U3U1O4U8,O1O2O3U1O4U5U3U6O7U4O6O5U2O8U7U8,O1O2O3U4U5O4U2O6O7U8O5U7U1U6O8U3,c,{'O1O2O3U4O5U3U1O6U7O4O7U8U6U2O8U5'},1,"<a href=""/flatknot/8.1101509"">8.1101509</a>",t^9-50t^7-66t^6+309t^5+374t^4-484t^3-388t^2+219t-6,0,,
8.1101510,O1O2O3U4O5U3U1O6U7O4O7U8U6U5O8U2,3,5z^2+54z+89,5w^3z^2+54w^2z+89w,False,False,"[[ 0 -1  1  0 -1  2  0  1 -2],[ 1  0  1  0  0  1 -1  2  0],[-1 -1  0  0 -1  1  0  0 -3],[ 0  0  0  0  0  0 -1  1 -1],[ 1  0  1  0  0  2  1  1  1],[-2 -1 -1  0 -2  0  0 -2 -3],[ 0  1  0  1 -1  0  0  0  0],[-1 -2  0 -1 -1  2  0  0 -3],[ 2  0  3  1 -1  3  0  3  0]]","[[ 0  2  1  1  0  0 -1 -1 -2],[-2  0 -1 -2  0  0 -1 -2 -3],[-1  1  0  0  0  0 -1 -1 -3],[-1  2  0  0  0 -1 -2 -1 -3],[ 0  0  0  0  0  1  1 -1  0],[ 0  0  0  1 -1  0  0  0 -1],[ 1  1  1  2 -1  0  0  0  0],[ 1  2  1  1  1  0  0  0  1],[ 2  3  3  3  0  1  0 -1  0]]",True,"[-2,-1,-1,0,0,1,1,2,1,2,0,0,1,2,3,0,0,0,1,1,3,0,1,2,1,3,-1,-1,1,0,0,0,1,0,0,-1]","[-2,-1,-1,0,0,1,1,2,-1,0,0,1,3,3,3,0,1,0,1,1,2,-1,0,1,2,1,1,0,0,0,0,1,0,0,1,2]",t^8+50t^6+276t^4+116t^2,"[-2,-1,-1,0,0,1,1,2,1,2,1,2,0,0,1,0,1,2,0,1,2,1,0,1,1,1,1,0,1,2,1,1,2,0,-1,0]","[-2,-1,-1,0,0,1,1,2,-1,0,2,2,1,2,1,0,0,1,1,0,0,1,1,1,1,0,-1,1,1,1,0,2,2,0,2,1]","[-2,-1,-1,0,0,1,1,2,-1,0,0,1,3,3,3,0,1,0,1,1,2,-1,0,1,2,1,1,0,0,0,0,1,0,0,1,2]",c,"[[{8, 1}, {2, 7}, {3, 6}, {4, 5}], [{8, 1}, {2, 7}, {4, 6}, {3, 5}], [{8, 1}, {2, 7}, {5, 6}, {3, 4}], [{8, 1}, {2, 7}, {6}, {4, 5}, {3}], [{8, 1}, {3, 7}, {2, 6}, {4, 5}], [{8, 1}, {3, 7}, {4, 6}, {2, 5}], [{8, 1}, {3, 7}, {5, 6}, {2, 4}], [{8, 1}, {3, 7}, {6}, {4, 5}, {2}], [{8, 1}, {4, 7}, {2, 6}, {3, 5}], [{8, 1}, {4, 7}, {3, 6}, {2, 5}], [{8, 1}, {4, 7}, {3, 6}, {5}, {2}], [{8, 1}, {4, 7}, {5, 6}, {2, 3}], [{8, 1}, {5, 7}, {2, 6}, {3, 4}], [{8, 1}, {5, 7}, {3, 6}, {2, 4}], [{8, 1}, {5, 7}, {3, 6}, {4}, {2}], [{8, 1}, {5, 7}, {4, 6}, {2, 3}], [{8, 1}, {6, 7}, {2, 5}, {3, 4}], [{8, 1}, {6, 7}, {3, 5}, {2, 4}], [{8, 1}, {6, 7}, {3, 5}, {4}, {2}], [{8, 1}, {6, 7}, {4, 5}, {2, 3}], [{8, 1}, {6, 7}, {4, 5}, {3}, {2}], [{8, 1}, {6, 7}, {5}, {3, 4}, {2}], [{8, 1}, {7}, {2, 6}, {4, 5}, {3}], [{8, 1}, {7}, {3, 6}, {4, 5}, {2}], [{8, 1}, {7}, {6}, {4, 5}, {2, 3}], [{8, 1}, {7}, {6}, {4, 5}, {3}, {2}], [{8, 2}, {1, 7}, {3, 6}, {4, 5}], [{8, 2}, {1, 7}, {4, 6}, {3, 5}], [{8, 2}, {1, 7}, {5, 6}, {3, 4}], [{8, 2}, {1, 7}, {6}, {3, 5}, {4}], [{8, 2}, {1, 7}, {6}, {4, 5}, {3}], [{8, 2}, {1, 7}, {6}, {5}, {3, 4}], [{8, 2}, {3, 7}, {1, 6}, {4, 5}], [{8, 2}, {3, 7}, {4, 6}, {1, 5}], [{8, 2}, {3, 7}, {5, 6}, {1, 4}], [{8, 2}, {3, 7}, {6}, {4, 5}, {1}], [{8, 2}, {4, 7}, {1, 6}, {3, 5}], [{8, 2}, {4, 7}, {3, 6}, {1, 5}], [{8, 2}, {4, 7}, {5, 6}, {1, 3}], [{8, 2}, {4, 7}, {6}, {3, 5}, {1}], [{8, 2}, {5, 7}, {1, 6}, {3, 4}], [{8, 2}, {5, 7}, {3, 6}, {1, 4}], [{8, 2}, {5, 7}, {4, 6}, {1, 3}], [{8, 2}, {5, 7}, {6}, {3, 4}, {1}], [{8, 2}, {6, 7}, {1, 5}, {3, 4}], [{8, 2}, {6, 7}, {3, 5}, {1, 4}], [{8, 2}, {6, 7}, {3, 5}, {4}, {1}], [{8, 2}, {6, 7}, {4, 5}, {1, 3}], [{8, 2}, {6, 7}, {4, 5}, {3}, {1}], [{8, 2}, {6, 7}, {5}, {3, 4}, {1}], [{8, 2}, {7}, {1, 6}, {3, 5}, {4}], [{8, 2}, {7}, {1, 6}, {4, 5}, {3}], [{8, 2}, {7}, {1, 6}, {5}, {3, 4}], [{8, 2}, {7}, {3, 6}, {1, 5}, {4}], [{8, 2}, {7}, {3, 6}, {4, 5}, {1}], [{8, 2}, {7}, {3, 6}, {5}, {1, 4}], [{8, 2}, {7}, {4, 6}, {1, 5}, {3}], [{8, 2}, {7}, {4, 6}, {3, 5}, {1}], [{8, 2}, {7}, {4, 6}, {5}, {1, 3}], [{8, 2}, {7}, {5, 6}, {1, 4}, {3}], [{8, 2}, {7}, {5, 6}, {3, 4}, {1}], [{8, 2}, {7}, {5, 6}, {4}, {1, 3}], [{8, 2}, {7}, {6}, {1, 5}, {3, 4}], [{8, 2}, {7}, {6}, {3, 5}, {1, 4}], [{8, 2}, {7}, {6}, {3, 5}, {4}, {1}], [{8, 2}, {7}, {6}, {4, 5}, {1, 3}], [{8, 2}, {7}, {6}, {4, 5}, {3}, {1}], [{8, 2}, {7}, {6}, {5}, {3, 4}, {1}], [{8, 3}, {1, 7}, {2, 6}, {4, 5}], [{8, 3}, {1, 7}, {4, 6}, {2, 5}], [{8, 3}, {1, 7}, {5, 6}, {2, 4}], [{8, 3}, {1, 7}, {6}, {2, 5}, {4}], [{8, 3}, {1, 7}, {6}, {4, 5}, {2}], [{8, 3}, {1, 7}, {6}, {5}, {2, 4}], [{8, 3}, {2, 7}, {1, 6}, {4, 5}], [{8, 3}, {2, 7}, {1, 6}, {5}, {4}], [{8, 3}, {2, 7}, {4, 6}, {1, 5}], [{8, 3}, {2, 7}, {5, 6}, {1, 4}], [{8, 3}, {2, 7}, {6}, {4, 5}, {1}], [{8, 3}, {4, 7}, {1, 6}, {2, 5}], [{8, 3}, {4, 7}, {1, 6}, {5}, {2}], [{8, 3}, {4, 7}, {2, 6}, {1, 5}], [{8, 3}, {4, 7}, {5, 6}, {1, 2}], [{8, 3}, {4, 7}, {6}, {2, 5}, {1}], [{8, 3}, {5, 7}, {1, 6}, {2, 4}], [{8, 3}, {5, 7}, {1, 6}, {4}, {2}], [{8, 3}, {5, 7}, {2, 6}, {1, 4}], [{8, 3}, {5, 7}, {4, 6}, {1, 2}], [{8, 3}, {5, 7}, {6}, {2, 4}, {1}], [{8, 3}, {6, 7}, {1, 5}, {2, 4}], [{8, 3}, {6, 7}, {1, 5}, {4}, {2}], [{8, 3}, {6, 7}, {2, 5}, {1, 4}], [{8, 3}, {6, 7}, {2, 5}, {4}, {1}], [{8, 3}, {6, 7}, {4, 5}, {1, 2}], [{8, 3}, {6, 7}, {4, 5}, {2}, {1}], [{8, 3}, {6, 7}, {5}, {1, 4}, {2}], [{8, 3}, {6, 7}, {5}, {2, 4}, {1}], [{8, 3}, {6, 7}, {5}, {4}, {1, 2}], [{8, 3}, {7}, {1, 6}, {2, 5}, {4}], [{8, 3}, {7}, {1, 6}, {4, 5}, {2}], [{8, 3}, {7}, {1, 6}, {5}, {2, 4}], [{8, 3}, {7}, {2, 6}, {4, 5}, {1}], [{8, 3}, {7}, {4, 6}, {2, 5}, {1}], [{8, 3}, {7}, {5, 6}, {2, 4}, {1}], [{8, 3}, {7}, {6}, {1, 5}, {2, 4}], [{8, 3}, {7}, {6}, {2, 5}, {1, 4}], [{8, 3}, {7}, {6}, {2, 5}, {4}, {1}], [{8, 3}, {7}, {6}, {4, 5}, {1, 2}], [{8, 3}, {7}, {6}, {4, 5}, {2}, {1}], [{8, 3}, {7}, {6}, {5}, {2, 4}, {1}], [{8, 4}, {1, 7}, {2, 6}, {3, 5}], [{8, 4}, {1, 7}, {3, 6}, {2, 5}], [{8, 4}, {1, 7}, {5, 6}, {2, 3}], [{8, 4}, {1, 7}, {6}, {2, 5}, {3}], [{8, 4}, {1, 7}, {6}, {3, 5}, {2}], [{8, 4}, {1, 7}, {6}, {5}, {2, 3}], [{8, 4}, {2, 7}, {1, 6}, {3, 5}], [{8, 4}, {2, 7}, {1, 6}, {5}, {3}], [{8, 4}, {2, 7}, {3, 6}, {1, 5}], [{8, 4}, {2, 7}, {5, 6}, {1, 3}], [{8, 4}, {3, 7}, {1, 6}, {2, 5}], [{8, 4}, {3, 7}, {2, 6}, {1, 5}], [{8, 4}, {3, 7}, {5, 6}, {1, 2}], [{8, 4}, {3, 7}, {6}, {1, 5}, {2}], [{8, 4}, {5, 7}, {1, 6}, {2, 3}], [{8, 4}, {5, 7}, {2, 6}, {1, 3}], [{8, 4}, {5, 7}, {3, 6}, {1, 2}], [{8, 4}, {5, 7}, {6}, {3}, {1, 2}], [{8, 4}, {6, 7}, {1, 5}, {2, 3}], [{8, 4}, {6, 7}, {2, 5}, {1, 3}], [{8, 4}, {6, 7}, {3, 5}, {1, 2}], [{8, 4}, {6, 7}, {5}, {3}, {1, 2}], [{8, 4}, {7}, {5, 6}, {3}, {1, 2}], [{8, 5}, {1, 7}, {2, 6}, {3, 4}], [{8, 5}, {1, 7}, {3, 6}, {2, 4}], [{8, 5}, {1, 7}, {4, 6}, {2, 3}], [{8, 5}, {1, 7}, {6}, {2, 4}, {3}], [{8, 5}, {1, 7}, {6}, {3, 4}, {2}], [{8, 5}, {1, 7}, {6}, {4}, {2, 3}], [{8, 5}, {2, 7}, {1, 6}, {3, 4}], [{8, 5}, {2, 7}, {1, 6}, {4}, {3}], [{8, 5}, {2, 7}, {3, 6}, {1, 4}], [{8, 5}, {2, 7}, {4, 6}, {1, 3}], [{8, 5}, {3, 7}, {1, 6}, {2, 4}], [{8, 5}, {3, 7}, {2, 6}, {1, 4}], [{8, 5}, {3, 7}, {4, 6}, {1, 2}], [{8, 5}, {3, 7}, {6}, {1, 4}, {2}], [{8, 5}, {4, 7}, {1, 6}, {2, 3}], [{8, 5}, {4, 7}, {2, 6}, {1, 3}], [{8, 5}, {4, 7}, {3, 6}, {1, 2}], [{8, 5}, {4, 7}, {6}, {3}, {1, 2}], [{8, 5}, {6, 7}, {1, 4}, {2, 3}], [{8, 5}, {6, 7}, {2, 4}, {1, 3}], [{8, 5}, {6, 7}, {3, 4}, {1, 2}], [{8, 5}, {6, 7}, {4}, {3}, {1, 2}], [{8, 5}, {7}, {4, 6}, {3}, {1, 2}], [{8, 6}, {1, 7}, {2, 5}, {3, 4}], [{8, 6}, {1, 7}, {3, 5}, {2, 4}], [{8, 6}, {1, 7}, {4, 5}, {2, 3}], [{8, 6}, {1, 7}, {4, 5}, {3}, {2}], [{8, 6}, {2, 7}, {1, 5}, {3, 4}], [{8, 6}, {2, 7}, {3, 5}, {1, 4}], [{8, 6}, {2, 7}, {4, 5}, {1, 3}], [{8, 6}, {2, 7}, {4, 5}, {3}, {1}], [{8, 6}, {3, 7}, {1, 5}, {2, 4}], [{8, 6}, {3, 7}, {2, 5}, {1, 4}], [{8, 6}, {3, 7}, {4, 5}, {1, 2}], [{8, 6}, {3, 7}, {4, 5}, {2}, {1}], [{8, 6}, {4, 7}, {1, 5}, {2, 3}], [{8, 6}, {4, 7}, {2, 5}, {1, 3}], [{8, 6}, {4, 7}, {3, 5}, {1, 2}], [{8, 6}, {4, 7}, {5}, {3}, {1, 2}], [{8, 6}, {5, 7}, {1, 4}, {2, 3}], [{8, 6}, {5, 7}, {2, 4}, {1, 3}], [{8, 6}, {5, 7}, {3, 4}, {1, 2}], [{8, 6}, {5, 7}, {4}, {3}, {1, 2}], [{8, 6}, {7}, {1, 5}, {4}, {2, 3}], [{8, 6}, {7}, {4, 5}, {1, 3}, {2}], [{8, 6}, {7}, {4, 5}, {2, 3}, {1}], [{8, 6}, {7}, {4, 5}, {3}, {1, 2}], [{8, 6}, {7}, {4, 5}, {3}, {2}, {1}], [{8, 6}, {7}, {5}, {1, 4}, {2, 3}], [{8, 7}, {1, 6}, {2, 5}, {3, 4}], [{8, 7}, {1, 6}, {3, 5}, {2, 4}], [{8, 7}, {1, 6}, {3, 5}, {4}, {2}], [{8, 7}, {1, 6}, {4, 5}, {2, 3}], [{8, 7}, {1, 6}, {4, 5}, {3}, {2}], [{8, 7}, {1, 6}, {5}, {3, 4}, {2}], [{8, 7}, {2, 6}, {1, 5}, {3, 4}], [{8, 7}, {2, 6}, {3, 5}, {1, 4}], [{8, 7}, {2, 6}, {4, 5}, {1, 3}], [{8, 7}, {2, 6}, {4, 5}, {3}, {1}], [{8, 7}, {3, 6}, {1, 5}, {2, 4}], [{8, 7}, {3, 6}, {1, 5}, {4}, {2}], [{8, 7}, {3, 6}, {2, 5}, {1, 4}], [{8, 7}, {3, 6}, {4, 5}, {1, 2}], [{8, 7}, {3, 6}, {4, 5}, {2}, {1}], [{8, 7}, {3, 6}, {5}, {1, 4}, {2}], [{8, 7}, {4, 6}, {1, 5}, {2, 3}], [{8, 7}, {4, 6}, {1, 5}, {3}, {2}], [{8, 7}, {4, 6}, {2, 5}, {1, 3}], [{8, 7}, {4, 6}, {2, 5}, {3}, {1}], [{8, 7}, {4, 6}, {3, 5}, {1, 2}], [{8, 7}, {4, 6}, {3, 5}, {2}, {1}], [{8, 7}, {4, 6}, {5}, {1, 3}, {2}], [{8, 7}, {4, 6}, {5}, {2, 3}, {1}], [{8, 7}, {4, 6}, {5}, {3}, {1, 2}], [{8, 7}, {4, 6}, {5}, {3}, {2}, {1}], [{8, 7}, {5, 6}, {1, 4}, {2, 3}], [{8, 7}, {5, 6}, {1, 4}, {3}, {2}], [{8, 7}, {5, 6}, {2, 4}, {1, 3}], [{8, 7}, {5, 6}, {2, 4}, {3}, {1}], [{8, 7}, {5, 6}, {3, 4}, {1, 2}], [{8, 7}, {5, 6}, {3, 4}, {2}, {1}], [{8, 7}, {5, 6}, {4}, {1, 3}, {2}], [{8, 7}, {5, 6}, {4}, {2, 3}, {1}], [{8, 7}, {5, 6}, {4}, {3}, {1, 2}], [{8, 7}, {5, 6}, {4}, {3}, {2}, {1}], [{8, 7}, {6}, {1, 5}, {3, 4}, {2}], [{8, 7}, {6}, {3, 5}, {1, 4}, {2}], [{8, 7}, {6}, {4, 5}, {1, 3}, {2}], [{8, 7}, {6}, {4, 5}, {2, 3}, {1}], [{8, 7}, {6}, {4, 5}, {3}, {1, 2}], [{8, 7}, {6}, {4, 5}, {3}, {2}, {1}], [{8}, {1, 7}, {2, 6}, {4, 5}, {3}], [{8}, {1, 7}, {3, 6}, {4, 5}, {2}], [{8}, {1, 7}, {6}, {2, 5}, {3, 4}], [{8}, {1, 7}, {6}, {3, 5}, {2, 4}], [{8}, {1, 7}, {6}, {4, 5}, {2, 3}], [{8}, {1, 7}, {6}, {4, 5}, {3}, {2}], [{8}, {2, 7}, {1, 6}, {3, 5}, {4}], [{8}, {2, 7}, {1, 6}, {4, 5}, {3}], [{8}, {2, 7}, {1, 6}, {5}, {3, 4}], [{8}, {2, 7}, {1, 6}, {5}, {4}, {3}], [{8}, {2, 7}, {3, 6}, {1, 5}, {4}], [{8}, {2, 7}, {3, 6}, {4, 5}, {1}], [{8}, {2, 7}, {3, 6}, {5}, {1, 4}], [{8}, {2, 7}, {4, 6}, {1, 5}, {3}], [{8}, {2, 7}, {4, 6}, {3, 5}, {1}], [{8}, {2, 7}, {4, 6}, {5}, {1, 3}], [{8}, {2, 7}, {5, 6}, {1, 4}, {3}], [{8}, {2, 7}, {5, 6}, {3, 4}, {1}], [{8}, {2, 7}, {5, 6}, {4}, {1, 3}], [{8}, {2, 7}, {6}, {1, 5}, {3, 4}], [{8}, {2, 7}, {6}, {3, 5}, {1, 4}], [{8}, {2, 7}, {6}, {4, 5}, {1, 3}], [{8}, {2, 7}, {6}, {4, 5}, {3}, {1}], [{8}, {3, 7}, {1, 6}, {4, 5}, {2}], [{8}, {3, 7}, {2, 6}, {4, 5}, {1}], [{8}, {3, 7}, {4, 6}, {2, 5}, {1}], [{8}, {3, 7}, {5, 6}, {2, 4}, {1}], [{8}, {3, 7}, {6}, {4, 5}, {1, 2}], [{8}, {3, 7}, {6}, {4, 5}, {2}, {1}], [{8}, {4, 7}, {1, 6}, {2, 5}, {3}], [{8}, {4, 7}, {5, 6}, {3}, {1, 2}], [{8}, {5, 7}, {1, 6}, {2, 4}, {3}], [{8}, {5, 7}, {4, 6}, {3}, {1, 2}], [{8}, {6, 7}, {1, 5}, {2, 4}, {3}], [{8}, {6, 7}, {2, 5}, {1, 4}, {3}], [{8}, {6, 7}, {3, 5}, {4}, {1, 2}], [{8}, {6, 7}, {4, 5}, {1, 3}, {2}], [{8}, {6, 7}, {4, 5}, {2, 3}, {1}], [{8}, {6, 7}, {4, 5}, {3}, {1, 2}], [{8}, {6, 7}, {4, 5}, {3}, {2}, {1}], [{8}, {6, 7}, {5}, {3, 4}, {1, 2}], [{8}, {6, 7}, {5}, {4}, {3}, {1, 2}], [{8}, {7}, {1, 6}, {4, 5}, {2, 3}], [{8}, {7}, {1, 6}, {4, 5}, {3}, {2}], [{8}, {7}, {2, 6}, {4, 5}, {1, 3}], [{8}, {7}, {2, 6}, {4, 5}, {3}, {1}], [{8}, {7}, {3, 6}, {4, 5}, {1, 2}], [{8}, {7}, {3, 6}, {4, 5}, {2}, {1}], [{8}, {7}, {6}, {4, 5}, {1, 3}, {2}], [{8}, {7}, {6}, {4, 5}, {2, 3}, {1}], [{8}, {7}, {6}, {4, 5}, {3}, {1, 2}], [{8}, {7}, {6}, {4, 5}, {3}, {2}, {1}]]",2,- 20 K_1^2 - 4 K_1 K_2 + 2 K_1 + 10 K_2 + 2 K_3 + 11,O1O2O3U2O4U5U6U4O7O8U7O6U3U1O5U8,O1O2O3U1O4U5U4U6O7U3O6O5U2O8U7U8,O1O2O3U4U5O4U2O6O7U1O5U7U8U6O8U3,c,"{'O1O2U3O4O3U5O6U2U4O7U8O5O8U1U7U6', 'O1O2O3U4O5U3U1O6U7O4O7U8U6U5O8U2'}",2,"<a href=""/flatknot/8.1101510"">8.1101510</a>",t^9-50t^7-98t^6+148t^5+194t^4-228t^3+90t^2-16t,0,,
8.1101511,O1O2O3U4O5U3U1O6U7O4O8U5U6U2O7U8,4,z^3+21z^2+99z+123,w^4z^3+21w^3z^2+99w^2z+123w,False,False,"[[ 0 -1  1  0 -1  0  0 -1  2],[ 1  0  1  0  0  1  0  0  2],[-1 -1  0  0  0 -1  0 -2  2],[ 0  0  0  0  0  0  0  0  1],[ 1  0  0  0  0  0 -1  1  1],[ 0 -1  1  0  0  0  1 -1  1],[ 0  0  0  0  1 -1  0  0  0],[ 1  0  2  0 -1  1  0  0  2],[-2 -2 -2 -1 -1 -1  0 -2  0]]","[[ 0  2  1  0  0  0 -1 -1 -1],[-2  0 -2  0 -1 -1 -1 -2 -2],[-1  2  0  0  0 -1  0 -1 -2],[ 0  0  0  0  0 -1  1  0  0],[ 0  1  0  0  0  0  0  0  0],[ 0  1  1  1  0  0  0 -1 -1],[ 1  1  0 -1  0  0  0  0  1],[ 1  2  1  0  0  1  0  0  0],[ 1  2  2  0  0  1 -1  0  0]]",True,"[-2,-1,0,0,0,1,1,1,2,0,1,1,1,2,2,0,0,1,0,1,2,0,1,-1,0,0,0,0,0,0,0,1,1,0,-1,0]","[-2,-1,0,0,0,1,1,1,-1,1,1,2,1,1,2,0,1,1,0,1,2,0,1,0,0,1,0,1,1,1,1,1,2,0,-1,0]",t^8+26t^6+99t^4+56t^2+4,"[-1,-1,-1,0,0,0,1,2,-1,0,1,1,2,2,2,0,0,1,1,0,1,0,1,1,1,1,0,-1,0,1,0,1,1,1,2,-1]","[-2,-1,0,0,0,1,1,1,-1,1,1,2,1,1,2,0,1,1,0,1,2,0,1,0,0,1,0,1,1,1,1,1,2,0,-1,0]","[-1,-1,-1,0,0,0,1,2,-1,0,0,0,1,2,2,0,-1,0,0,0,1,0,0,1,1,2,0,-1,0,0,0,0,1,1,1,2]",c,"[[{8, 1}, {2, 7}, {3, 6}, {4, 5}], [{8, 1}, {2, 7}, {4, 6}, {3, 5}], [{8, 1}, {2, 7}, {4, 6}, {5}, {3}], [{8, 1}, {2, 7}, {5, 6}, {3, 4}], [{8, 1}, {2, 7}, {5, 6}, {4}, {3}], [{8, 1}, {2, 7}, {6}, {4, 5}, {3}], [{8, 1}, {3, 7}, {2, 6}, {4, 5}], [{8, 1}, {3, 7}, {4, 6}, {2, 5}], [{8, 1}, {3, 7}, {5, 6}, {2, 4}], [{8, 1}, {3, 7}, {6}, {2, 5}, {4}], [{8, 1}, {3, 7}, {6}, {4, 5}, {2}], [{8, 1}, {3, 7}, {6}, {5}, {2, 4}], [{8, 1}, {4, 7}, {2, 6}, {3, 5}], [{8, 1}, {4, 7}, {3, 6}, {2, 5}], [{8, 1}, {4, 7}, {5, 6}, {2, 3}], [{8, 1}, {5, 7}, {2, 6}, {3, 4}], [{8, 1}, {5, 7}, {3, 6}, {2, 4}], [{8, 1}, {5, 7}, {3, 6}, {4}, {2}], [{8, 1}, {5, 7}, {4, 6}, {2, 3}], [{8, 1}, {6, 7}, {2, 5}, {3, 4}], [{8, 1}, {6, 7}, {3, 5}, {2, 4}], [{8, 1}, {6, 7}, {4, 5}, {2, 3}], [{8, 1}, {6, 7}, {5}, {3, 4}, {2}], [{8, 1}, {7}, {6}, {4, 5}, {2, 3}], [{8, 2}, {1, 7}, {3, 6}, {4, 5}], [{8, 2}, {1, 7}, {4, 6}, {3, 5}], [{8, 2}, {1, 7}, {5, 6}, {3, 4}], [{8, 2}, {1, 7}, {6}, {4, 5}, {3}], [{8, 2}, {3, 7}, {1, 6}, {4, 5}], [{8, 2}, {3, 7}, {4, 6}, {1, 5}], [{8, 2}, {3, 7}, {5, 6}, {1, 4}], [{8, 2}, {3, 7}, {6}, {4, 5}, {1}], [{8, 2}, {4, 7}, {1, 6}, {3, 5}], [{8, 2}, {4, 7}, {3, 6}, {1, 5}], [{8, 2}, {4, 7}, {5, 6}, {1, 3}], [{8, 2}, {5, 7}, {1, 6}, {3, 4}], [{8, 2}, {5, 7}, {3, 6}, {1, 4}], [{8, 2}, {5, 7}, {4, 6}, {1, 3}], [{8, 2}, {6, 7}, {1, 5}, {3, 4}], [{8, 2}, {6, 7}, {1, 5}, {4}, {3}], [{8, 2}, {6, 7}, {3, 5}, {1, 4}], [{8, 2}, {6, 7}, {4, 5}, {1, 3}], [{8, 2}, {7}, {1, 6}, {5}, {3, 4}], [{8, 2}, {7}, {6}, {4, 5}, {1, 3}], [{8, 3}, {1, 7}, {2, 6}, {4, 5}], [{8, 3}, {1, 7}, {4, 6}, {2, 5}], [{8, 3}, {1, 7}, {5, 6}, {2, 4}], [{8, 3}, {1, 7}, {6}, {2, 5}, {4}], [{8, 3}, {1, 7}, {6}, {4, 5}, {2}], [{8, 3}, {1, 7}, {6}, {5}, {2, 4}], [{8, 3}, {2, 7}, {1, 6}, {4, 5}], [{8, 3}, {2, 7}, {1, 6}, {5}, {4}], [{8, 3}, {2, 7}, {4, 6}, {1, 5}], [{8, 3}, {2, 7}, {5, 6}, {1, 4}], [{8, 3}, {2, 7}, {6}, {4, 5}, {1}], [{8, 3}, {4, 7}, {1, 6}, {2, 5}], [{8, 3}, {4, 7}, {1, 6}, {5}, {2}], [{8, 3}, {4, 7}, {2, 6}, {1, 5}], [{8, 3}, {4, 7}, {5, 6}, {1, 2}], [{8, 3}, {4, 7}, {6}, {2, 5}, {1}], [{8, 3}, {5, 7}, {1, 6}, {2, 4}], [{8, 3}, {5, 7}, {1, 6}, {4}, {2}], [{8, 3}, {5, 7}, {2, 6}, {1, 4}], [{8, 3}, {5, 7}, {4, 6}, {1, 2}], [{8, 3}, {5, 7}, {6}, {2, 4}, {1}], [{8, 3}, {6, 7}, {1, 5}, {2, 4}], [{8, 3}, {6, 7}, {2, 5}, {1, 4}], [{8, 3}, {6, 7}, {2, 5}, {4}, {1}], [{8, 3}, {6, 7}, {4, 5}, {1, 2}], [{8, 3}, {6, 7}, {4, 5}, {2}, {1}], [{8, 3}, {6, 7}, {5}, {2, 4}, {1}], [{8, 3}, {7}, {1, 6}, {2, 5}, {4}], [{8, 3}, {7}, {1, 6}, {4, 5}, {2}], [{8, 3}, {7}, {1, 6}, {5}, {2, 4}], [{8, 3}, {7}, {2, 6}, {4, 5}, {1}], [{8, 3}, {7}, {4, 6}, {2, 5}, {1}], [{8, 3}, {7}, {5, 6}, {2, 4}, {1}], [{8, 3}, {7}, {6}, {1, 5}, {2, 4}], [{8, 3}, {7}, {6}, {2, 5}, {1, 4}], [{8, 3}, {7}, {6}, {2, 5}, {4}, {1}], [{8, 3}, {7}, {6}, {4, 5}, {1, 2}], [{8, 3}, {7}, {6}, {4, 5}, {2}, {1}], [{8, 3}, {7}, {6}, {5}, {2, 4}, {1}], [{8, 4}, {1, 7}, {2, 6}, {3, 5}], [{8, 4}, {1, 7}, {3, 6}, {2, 5}], [{8, 4}, {1, 7}, {5, 6}, {2, 3}], [{8, 4}, {1, 7}, {5, 6}, {3}, {2}], [{8, 4}, {2, 7}, {1, 6}, {3, 5}], [{8, 4}, {2, 7}, {1, 6}, {5}, {3}], [{8, 4}, {2, 7}, {3, 6}, {1, 5}], [{8, 4}, {2, 7}, {5, 6}, {1, 3}], [{8, 4}, {2, 7}, {5, 6}, {3}, {1}], [{8, 4}, {2, 7}, {6}, {1, 5}, {3}], [{8, 4}, {3, 7}, {1, 6}, {2, 5}], [{8, 4}, {3, 7}, {2, 6}, {1, 5}], [{8, 4}, {3, 7}, {2, 6}, {5}, {1}], [{8, 4}, {3, 7}, {5, 6}, {1, 2}], [{8, 4}, {5, 7}, {1, 6}, {2, 3}], [{8, 4}, {5, 7}, {2, 6}, {1, 3}], [{8, 4}, {5, 7}, {3, 6}, {1, 2}], [{8, 4}, {5, 7}, {6}, {3}, {1, 2}], [{8, 4}, {6, 7}, {1, 5}, {2, 3}], [{8, 4}, {6, 7}, {1, 5}, {3}, {2}], [{8, 4}, {6, 7}, {2, 5}, {1, 3}], [{8, 4}, {6, 7}, {2, 5}, {3}, {1}], [{8, 4}, {6, 7}, {3, 5}, {1, 2}], [{8, 4}, {6, 7}, {5}, {3}, {1, 2}], [{8, 4}, {7}, {1, 6}, {3, 5}, {2}], [{8, 4}, {7}, {2, 6}, {1, 5}, {3}], [{8, 4}, {7}, {5, 6}, {3}, {1, 2}], [{8, 5}, {1, 7}, {2, 6}, {3, 4}], [{8, 5}, {1, 7}, {3, 6}, {2, 4}], [{8, 5}, {1, 7}, {4, 6}, {2, 3}], [{8, 5}, {2, 7}, {1, 6}, {3, 4}], [{8, 5}, {2, 7}, {1, 6}, {4}, {3}], [{8, 5}, {2, 7}, {3, 6}, {1, 4}], [{8, 5}, {2, 7}, {4, 6}, {1, 3}], [{8, 5}, {2, 7}, {4, 6}, {3}, {1}], [{8, 5}, {2, 7}, {6}, {1, 4}, {3}], [{8, 5}, {3, 7}, {1, 6}, {2, 4}], [{8, 5}, {3, 7}, {2, 6}, {1, 4}], [{8, 5}, {3, 7}, {4, 6}, {1, 2}], [{8, 5}, {3, 7}, {4, 6}, {2}, {1}], [{8, 5}, {4, 7}, {1, 6}, {2, 3}], [{8, 5}, {4, 7}, {2, 6}, {1, 3}], [{8, 5}, {4, 7}, {3, 6}, {1, 2}], [{8, 5}, {4, 7}, {6}, {3}, {1, 2}], [{8, 5}, {6, 7}, {1, 4}, {2, 3}], [{8, 5}, {6, 7}, {2, 4}, {1, 3}], [{8, 5}, {6, 7}, {3, 4}, {1, 2}], [{8, 5}, {7}, {2, 6}, {3, 4}, {1}], [{8, 5}, {7}, {3, 6}, {1, 4}, {2}], [{8, 5}, {7}, {3, 6}, {2, 4}, {1}], [{8, 5}, {7}, {3, 6}, {4}, {1, 2}], [{8, 5}, {7}, {4, 6}, {2, 3}, {1}], [{8, 6}, {1, 7}, {2, 5}, {3, 4}], [{8, 6}, {1, 7}, {3, 5}, {2, 4}], [{8, 6}, {1, 7}, {3, 5}, {4}, {2}], [{8, 6}, {1, 7}, {4, 5}, {2, 3}], [{8, 6}, {2, 7}, {1, 5}, {3, 4}], [{8, 6}, {2, 7}, {1, 5}, {4}, {3}], [{8, 6}, {2, 7}, {3, 5}, {1, 4}], [{8, 6}, {2, 7}, {4, 5}, {1, 3}], [{8, 6}, {2, 7}, {4, 5}, {3}, {1}], [{8, 6}, {2, 7}, {5}, {1, 4}, {3}], [{8, 6}, {3, 7}, {1, 5}, {2, 4}], [{8, 6}, {3, 7}, {2, 5}, {1, 4}], [{8, 6}, {3, 7}, {4, 5}, {1, 2}], [{8, 6}, {3, 7}, {5}, {4}, {1, 2}], [{8, 6}, {4, 7}, {1, 5}, {2, 3}], [{8, 6}, {4, 7}, {2, 5}, {1, 3}], [{8, 6}, {4, 7}, {3, 5}, {1, 2}], [{8, 6}, {4, 7}, {5}, {3}, {1, 2}], [{8, 6}, {5, 7}, {1, 4}, {2, 3}], [{8, 6}, {5, 7}, {2, 4}, {1, 3}], [{8, 6}, {5, 7}, {3, 4}, {1, 2}], [{8, 6}, {7}, {3, 5}, {2, 4}, {1}], [{8, 6}, {7}, {5}, {3, 4}, {1, 2}], [{8, 7}, {1, 6}, {2, 5}, {3, 4}], [{8, 7}, {1, 6}, {3, 5}, {2, 4}], [{8, 7}, {1, 6}, {4, 5}, {2, 3}], [{8, 7}, {1, 6}, {5}, {3, 4}, {2}], [{8, 7}, {2, 6}, {1, 5}, {3, 4}], [{8, 7}, {2, 6}, {3, 5}, {1, 4}], [{8, 7}, {2, 6}, {4, 5}, {1, 3}], [{8, 7}, {3, 6}, {1, 5}, {2, 4}], [{8, 7}, {3, 6}, {1, 5}, {4}, {2}], [{8, 7}, {3, 6}, {2, 5}, {1, 4}], [{8, 7}, {3, 6}, {4, 5}, {1, 2}], [{8, 7}, {4, 6}, {1, 5}, {2, 3}], [{8, 7}, {4, 6}, {2, 5}, {1, 3}], [{8, 7}, {4, 6}, {3, 5}, {1, 2}], [{8, 7}, {4, 6}, {5}, {3}, {1, 2}], [{8, 7}, {5, 6}, {1, 4}, {2, 3}], [{8, 7}, {5, 6}, {2, 4}, {1, 3}], [{8, 7}, {5, 6}, {3, 4}, {1, 2}], [{8, 7}, {5, 6}, {4}, {3}, {1, 2}], [{8, 7}, {6}, {2, 5}, {4}, {1, 3}], [{8, 7}, {6}, {4, 5}, {1, 3}, {2}], [{8, 7}, {6}, {4, 5}, {2, 3}, {1}], [{8, 7}, {6}, {4, 5}, {3}, {1, 2}], [{8, 7}, {6}, {5}, {2, 4}, {1, 3}], [{8}, {1, 7}, {6}, {4, 5}, {2, 3}], [{8}, {2, 7}, {1, 6}, {3, 5}, {4}], [{8}, {2, 7}, {1, 6}, {4, 5}, {3}], [{8}, {2, 7}, {1, 6}, {5}, {3, 4}], [{8}, {2, 7}, {1, 6}, {5}, {4}, {3}], [{8}, {2, 7}, {3, 6}, {4, 5}, {1}], [{8}, {2, 7}, {4, 6}, {1, 5}, {3}], [{8}, {2, 7}, {5, 6}, {1, 4}, {3}], [{8}, {2, 7}, {6}, {4, 5}, {1, 3}], [{8}, {2, 7}, {6}, {4, 5}, {3}, {1}], [{8}, {3, 7}, {6}, {4, 5}, {1, 2}], [{8}, {4, 7}, {1, 6}, {2, 5}, {3}], [{8}, {4, 7}, {5, 6}, {3}, {1, 2}], [{8}, {5, 7}, {1, 6}, {2, 4}, {3}], [{8}, {6, 7}, {1, 5}, {2, 4}, {3}], [{8}, {6, 7}, {2, 5}, {3, 4}, {1}], [{8}, {7}, {4, 6}, {3, 5}, {1, 2}]]",2,8 K_1^3 - 22 K_1^2 - 4 K_1 K_2 - 4 K_1 + 11 K_2 + 12,O1O2O3U4O5U2U6U7O4O8U5O6U3U1O7U8,O1O2O3U4O5U6U3U7O8U1O7O6U2O4U8U5,O1O2O3U4U5O6U2O7O8U3O5U8U1U7O4U6,c,{'O1O2O3U4O5U3U1O6U7O4O8U5U6U2O7U8'},1,"<a href=""/flatknot/8.1101511"">8.1101511</a>",t^9-24t^7-40t^6+48t^5+80t^4-53t^3-40t^2+34t-6,-t^2+2t,,
8.1101512,O1O2O3U4O5U3U1O6U7O4O8U5U6U8O7U2,3,z^2+38z+73,w^3z^2+38w^2z+73w,False,False,"[[ 0 -1  1  0 -1  0  0 -1  2],[ 1  0  1  0  0  1  0  1  1],[-1 -1  0  0 -1 -1  0 -2  2],[ 0  0  0  0  0  0  0  0  1],[ 1  0  1  0  0  0 -1  1  0],[ 0 -1  1  0  0  0  1 -2  2],[ 0  0  0  0  1 -1  0 -1  1],[ 1 -1  2  0 -1  2  1  0  2],[-2 -1 -2 -1  0 -2 -1 -2  0]]","[[ 0  2  1  0  0  0 -1 -1 -1],[-2  0 -2 -1 -1 -2  0 -1 -2],[-1  2  0  0  0 -1 -1 -1 -2],[ 0  1  0  0  0  0  0  0  0],[ 0  1  0  0  0 -1  1  0 -1],[ 0  2  1  0  1  0  0 -1 -2],[ 1  0  1  0 -1  0  0  0  1],[ 1  1  1  0  0  1  0  0  1],[ 1  2  2  0  1  2 -1 -1  0]]",True,"[-2,-1,0,0,0,1,1,1,2,1,1,2,0,1,2,0,0,1,1,1,2,0,0,0,0,0,1,-1,0,1,0,1,2,0,-1,-1]","[-2,-1,0,0,0,1,1,1,-1,0,1,1,1,2,3,0,1,1,0,1,1,0,1,-1,0,1,0,1,1,1,0,1,2,-1,-1,0]",t^8+32t^6+109t^4+68t^2,"[-1,-1,-1,0,0,0,1,2,-1,0,0,1,1,1,2,1,-1,0,1,0,1,1,2,1,1,3,-1,0,0,0,0,1,1,1,1,-1]","[-2,-1,0,0,0,1,1,1,-1,0,1,1,1,2,3,0,1,1,0,1,1,0,1,-1,0,1,0,1,1,1,0,1,2,-1,-1,0]","[-1,-1,-1,0,0,0,1,2,-1,-1,0,1,2,2,2,0,0,-1,0,1,0,0,0,1,1,1,0,0,0,1,-1,0,1,1,2,2]",c,"[[{8, 1}, {2, 7}, {3, 6}, {4, 5}], [{8, 1}, {2, 7}, {4, 6}, {3, 5}], [{8, 1}, {2, 7}, {5, 6}, {3, 4}], [{8, 1}, {2, 7}, {6}, {3, 5}, {4}], [{8, 1}, {3, 7}, {2, 6}, {4, 5}], [{8, 1}, {3, 7}, {4, 6}, {2, 5}], [{8, 1}, {3, 7}, {5, 6}, {2, 4}], [{8, 1}, {4, 7}, {2, 6}, {3, 5}], [{8, 1}, {4, 7}, {3, 6}, {2, 5}], [{8, 1}, {4, 7}, {3, 6}, {5}, {2}], [{8, 1}, {4, 7}, {5, 6}, {2, 3}], [{8, 1}, {4, 7}, {5, 6}, {3}, {2}], [{8, 1}, {4, 7}, {6}, {3, 5}, {2}], [{8, 1}, {5, 7}, {2, 6}, {3, 4}], [{8, 1}, {5, 7}, {3, 6}, {2, 4}], [{8, 1}, {5, 7}, {4, 6}, {2, 3}], [{8, 1}, {6, 7}, {2, 5}, {3, 4}], [{8, 1}, {6, 7}, {3, 5}, {2, 4}], [{8, 1}, {6, 7}, {3, 5}, {4}, {2}], [{8, 1}, {6, 7}, {4, 5}, {2, 3}], [{8, 1}, {7}, {2, 6}, {3, 5}, {4}], [{8, 1}, {7}, {4, 6}, {3, 5}, {2}], [{8, 1}, {7}, {6}, {2, 5}, {3, 4}], [{8, 1}, {7}, {6}, {3, 5}, {2, 4}], [{8, 1}, {7}, {6}, {3, 5}, {4}, {2}], [{8, 1}, {7}, {6}, {4, 5}, {2, 3}], [{8, 2}, {1, 7}, {3, 6}, {4, 5}], [{8, 2}, {1, 7}, {4, 6}, {3, 5}], [{8, 2}, {1, 7}, {5, 6}, {3, 4}], [{8, 2}, {3, 7}, {1, 6}, {4, 5}], [{8, 2}, {3, 7}, {4, 6}, {1, 5}], [{8, 2}, {3, 7}, {4, 6}, {5}, {1}], [{8, 2}, {3, 7}, {5, 6}, {1, 4}], [{8, 2}, {4, 7}, {1, 6}, {3, 5}], [{8, 2}, {4, 7}, {3, 6}, {1, 5}], [{8, 2}, {4, 7}, {5, 6}, {1, 3}], [{8, 2}, {4, 7}, {5, 6}, {3}, {1}], [{8, 2}, {5, 7}, {1, 6}, {3, 4}], [{8, 2}, {5, 7}, {3, 6}, {1, 4}], [{8, 2}, {5, 7}, {4, 6}, {1, 3}], [{8, 2}, {6, 7}, {1, 5}, {3, 4}], [{8, 2}, {6, 7}, {1, 5}, {4}, {3}], [{8, 2}, {6, 7}, {3, 5}, {1, 4}], [{8, 2}, {6, 7}, {4, 5}, {1, 3}], [{8, 2}, {6, 7}, {5}, {3, 4}, {1}], [{8, 2}, {7}, {1, 6}, {4, 5}, {3}], [{8, 2}, {7}, {6}, {1, 5}, {3, 4}], [{8, 3}, {1, 7}, {2, 6}, {4, 5}], [{8, 3}, {1, 7}, {4, 6}, {2, 5}], [{8, 3}, {1, 7}, {5, 6}, {2, 4}], [{8, 3}, {2, 7}, {1, 6}, {4, 5}], [{8, 3}, {2, 7}, {4, 6}, {1, 5}], [{8, 3}, {2, 7}, {4, 6}, {5}, {1}], [{8, 3}, {2, 7}, {5, 6}, {1, 4}], [{8, 3}, {2, 7}, {6}, {1, 5}, {4}], [{8, 3}, {4, 7}, {1, 6}, {2, 5}], [{8, 3}, {4, 7}, {1, 6}, {5}, {2}], [{8, 3}, {4, 7}, {2, 6}, {1, 5}], [{8, 3}, {4, 7}, {5, 6}, {1, 2}], [{8, 3}, {4, 7}, {5, 6}, {2}, {1}], [{8, 3}, {4, 7}, {6}, {1, 5}, {2}], [{8, 3}, {5, 7}, {1, 6}, {2, 4}], [{8, 3}, {5, 7}, {2, 6}, {1, 4}], [{8, 3}, {5, 7}, {4, 6}, {1, 2}], [{8, 3}, {6, 7}, {1, 5}, {2, 4}], [{8, 3}, {6, 7}, {1, 5}, {4}, {2}], [{8, 3}, {6, 7}, {2, 5}, {1, 4}], [{8, 3}, {6, 7}, {4, 5}, {1, 2}], [{8, 3}, {6, 7}, {5}, {2, 4}, {1}], [{8, 3}, {7}, {2, 6}, {1, 5}, {4}], [{8, 3}, {7}, {4, 6}, {1, 5}, {2}], [{8, 3}, {7}, {6}, {1, 5}, {2, 4}], [{8, 3}, {7}, {6}, {1, 5}, {4}, {2}], [{8, 4}, {1, 7}, {2, 6}, {3, 5}], [{8, 4}, {1, 7}, {3, 6}, {2, 5}], [{8, 4}, {1, 7}, {5, 6}, {2, 3}], [{8, 4}, {2, 7}, {1, 6}, {3, 5}], [{8, 4}, {2, 7}, {3, 6}, {1, 5}], [{8, 4}, {2, 7}, {5, 6}, {1, 3}], [{8, 4}, {2, 7}, {6}, {3, 5}, {1}], [{8, 4}, {3, 7}, {1, 6}, {2, 5}], [{8, 4}, {3, 7}, {2, 6}, {1, 5}], [{8, 4}, {3, 7}, {5, 6}, {1, 2}], [{8, 4}, {3, 7}, {6}, {2, 5}, {1}], [{8, 4}, {5, 7}, {1, 6}, {2, 3}], [{8, 4}, {5, 7}, {2, 6}, {1, 3}], [{8, 4}, {5, 7}, {3, 6}, {1, 2}], [{8, 4}, {5, 7}, {6}, {3}, {1, 2}], [{8, 4}, {6, 7}, {1, 5}, {2, 3}], [{8, 4}, {6, 7}, {1, 5}, {3}, {2}], [{8, 4}, {6, 7}, {2, 5}, {1, 3}], [{8, 4}, {6, 7}, {2, 5}, {3}, {1}], [{8, 4}, {6, 7}, {3, 5}, {1, 2}], [{8, 4}, {6, 7}, {3, 5}, {2}, {1}], [{8, 4}, {6, 7}, {5}, {1, 3}, {2}], [{8, 4}, {6, 7}, {5}, {2, 3}, {1}], [{8, 4}, {6, 7}, {5}, {3}, {1, 2}], [{8, 4}, {6, 7}, {5}, {3}, {2}, {1}], [{8, 4}, {7}, {2, 6}, {3, 5}, {1}], [{8, 4}, {7}, {3, 6}, {2, 5}, {1}], [{8, 4}, {7}, {5, 6}, {3}, {1, 2}], [{8, 4}, {7}, {6}, {1, 5}, {2, 3}], [{8, 5}, {1, 7}, {2, 6}, {3, 4}], [{8, 5}, {1, 7}, {3, 6}, {2, 4}], [{8, 5}, {1, 7}, {4, 6}, {2, 3}], [{8, 5}, {2, 7}, {1, 6}, {3, 4}], [{8, 5}, {2, 7}, {3, 6}, {1, 4}], [{8, 5}, {2, 7}, {4, 6}, {1, 3}], [{8, 5}, {2, 7}, {6}, {3, 4}, {1}], [{8, 5}, {3, 7}, {1, 6}, {2, 4}], [{8, 5}, {3, 7}, {2, 6}, {1, 4}], [{8, 5}, {3, 7}, {4, 6}, {1, 2}], [{8, 5}, {3, 7}, {6}, {2, 4}, {1}], [{8, 5}, {4, 7}, {1, 6}, {2, 3}], [{8, 5}, {4, 7}, {1, 6}, {3}, {2}], [{8, 5}, {4, 7}, {2, 6}, {1, 3}], [{8, 5}, {4, 7}, {2, 6}, {3}, {1}], [{8, 5}, {4, 7}, {3, 6}, {1, 2}], [{8, 5}, {4, 7}, {3, 6}, {2}, {1}], [{8, 5}, {4, 7}, {6}, {1, 3}, {2}], [{8, 5}, {4, 7}, {6}, {2, 3}, {1}], [{8, 5}, {4, 7}, {6}, {3}, {1, 2}], [{8, 5}, {4, 7}, {6}, {3}, {2}, {1}], [{8, 5}, {6, 7}, {1, 4}, {2, 3}], [{8, 5}, {6, 7}, {2, 4}, {1, 3}], [{8, 5}, {6, 7}, {3, 4}, {1, 2}], [{8, 5}, {6, 7}, {4}, {3}, {1, 2}], [{8, 5}, {7}, {4, 6}, {3}, {1, 2}], [{8, 6}, {1, 7}, {2, 5}, {3, 4}], [{8, 6}, {1, 7}, {3, 5}, {2, 4}], [{8, 6}, {1, 7}, {4, 5}, {2, 3}], [{8, 6}, {2, 7}, {1, 5}, {3, 4}], [{8, 6}, {2, 7}, {3, 5}, {1, 4}], [{8, 6}, {2, 7}, {4, 5}, {1, 3}], [{8, 6}, {2, 7}, {5}, {3, 4}, {1}], [{8, 6}, {3, 7}, {1, 5}, {2, 4}], [{8, 6}, {3, 7}, {2, 5}, {1, 4}], [{8, 6}, {3, 7}, {4, 5}, {1, 2}], [{8, 6}, {3, 7}, {5}, {2, 4}, {1}], [{8, 6}, {4, 7}, {1, 5}, {2, 3}], [{8, 6}, {4, 7}, {1, 5}, {3}, {2}], [{8, 6}, {4, 7}, {2, 5}, {1, 3}], [{8, 6}, {4, 7}, {2, 5}, {3}, {1}], [{8, 6}, {4, 7}, {3, 5}, {1, 2}], [{8, 6}, {4, 7}, {3, 5}, {2}, {1}], [{8, 6}, {4, 7}, {5}, {1, 3}, {2}], [{8, 6}, {4, 7}, {5}, {2, 3}, {1}], [{8, 6}, {4, 7}, {5}, {3}, {1, 2}], [{8, 6}, {4, 7}, {5}, {3}, {2}, {1}], [{8, 6}, {5, 7}, {1, 4}, {2, 3}], [{8, 6}, {5, 7}, {2, 4}, {1, 3}], [{8, 6}, {5, 7}, {3, 4}, {1, 2}], [{8, 6}, {5, 7}, {4}, {3}, {1, 2}], [{8, 6}, {7}, {4, 5}, {3}, {1, 2}], [{8, 7}, {1, 6}, {2, 5}, {3, 4}], [{8, 7}, {1, 6}, {3, 5}, {2, 4}], [{8, 7}, {1, 6}, {4, 5}, {2, 3}], [{8, 7}, {1, 6}, {4, 5}, {3}, {2}], [{8, 7}, {2, 6}, {1, 5}, {3, 4}], [{8, 7}, {2, 6}, {3, 5}, {1, 4}], [{8, 7}, {2, 6}, {4, 5}, {1, 3}], [{8, 7}, {2, 6}, {4, 5}, {3}, {1}], [{8, 7}, {3, 6}, {1, 5}, {2, 4}], [{8, 7}, {3, 6}, {2, 5}, {1, 4}], [{8, 7}, {3, 6}, {4, 5}, {1, 2}], [{8, 7}, {3, 6}, {4, 5}, {2}, {1}], [{8, 7}, {4, 6}, {1, 5}, {2, 3}], [{8, 7}, {4, 6}, {2, 5}, {1, 3}], [{8, 7}, {4, 6}, {3, 5}, {1, 2}], [{8, 7}, {4, 6}, {5}, {3}, {1, 2}], [{8, 7}, {5, 6}, {1, 4}, {2, 3}], [{8, 7}, {5, 6}, {2, 4}, {1, 3}], [{8, 7}, {5, 6}, {3, 4}, {1, 2}], [{8, 7}, {5, 6}, {4}, {3}, {1, 2}], [{8, 7}, {6}, {2, 5}, {3, 4}, {1}], [{8, 7}, {6}, {3, 5}, {2, 4}, {1}], [{8, 7}, {6}, {4, 5}, {1, 3}, {2}], [{8, 7}, {6}, {4, 5}, {2, 3}, {1}], [{8, 7}, {6}, {4, 5}, {3}, {1, 2}], [{8, 7}, {6}, {4, 5}, {3}, {2}, {1}], [{8}, {1, 7}, {6}, {2, 5}, {3, 4}], [{8}, {1, 7}, {6}, {3, 5}, {2, 4}], [{8}, {1, 7}, {6}, {4, 5}, {2, 3}], [{8}, {2, 7}, {1, 6}, {4, 5}, {3}], [{8}, {2, 7}, {4, 6}, {1, 5}, {3}], [{8}, {2, 7}, {5, 6}, {3, 4}, {1}], [{8}, {2, 7}, {6}, {3, 5}, {1, 4}], [{8}, {3, 7}, {5, 6}, {2, 4}, {1}], [{8}, {4, 7}, {1, 6}, {3, 5}, {2}], [{8}, {4, 7}, {3, 6}, {1, 5}, {2}], [{8}, {4, 7}, {5, 6}, {1, 3}, {2}], [{8}, {4, 7}, {5, 6}, {2, 3}, {1}], [{8}, {4, 7}, {5, 6}, {3}, {1, 2}], [{8}, {4, 7}, {5, 6}, {3}, {2}, {1}], [{8}, {5, 7}, {1, 6}, {2, 4}, {3}], [{8}, {5, 7}, {1, 6}, {3, 4}, {2}], [{8}, {5, 7}, {1, 6}, {4}, {2, 3}], [{8}, {5, 7}, {3, 6}, {1, 4}, {2}], [{8}, {5, 7}, {4, 6}, {3}, {1, 2}], [{8}, {6, 7}, {1, 5}, {2, 4}, {3}], [{8}, {6, 7}, {1, 5}, {3, 4}, {2}], [{8}, {6, 7}, {1, 5}, {4}, {2, 3}], [{8}, {6, 7}, {3, 5}, {1, 4}, {2}], [{8}, {6, 7}, {4, 5}, {3}, {1, 2}], [{8}, {7}, {2, 6}, {3, 5}, {1, 4}]]",2,- 18 K_1^2 - 4 K_1 K_2 + 2 K_1 + 9 K_2 + 2 K_3 + 10,O1O2O3U2O4U5U6U7O5O8U4O6U3U1O7U8,O1O2O3U4O5U6U5U7O8U1O7O6U2O4U8U3,O1O2O3U1U4O5U2O6O7U3O4U7U8U6O8U5,c,"{'O1O2U3O4O3U5O6U2U4O7U1O5O8U6U7U8', 'O1O2O3U4O5U3U1O6U7O4O8U5U6U8O7U2'}",2,"<a href=""/flatknot/8.1101512"">8.1101512</a>",t^9-30t^7-84t^6-40t^5+88t^4+73t^3-32t^2-16t,-t^2+2t,,
8.1101513,O1O2O3U4O5U3U1O6U7O4O8U6U2U8O7U5,4,4z^3+36z^2+109z+107,4w^4z^3+36w^3z^2+109w^2z+107w,False,False,"[[ 0 -1  0  0 -1  2 -1 -1  2],[ 1  0  0  0  0  2 -1  1  1],[ 0  0  0  1  0  1 -1 -1  2],[ 0  0 -1  0  0  0 -1  1  0],[ 1  0  0  0  0  2 -1  0  1],[-2 -2 -1  0 -2  0  0 -3  1],[ 1  1  1  1  1  0  0  0  1],[ 1 -1  1 -1  0  3  0  0  2],[-2 -1 -2  0 -1 -1 -1 -2  0]]","[[ 0  2  2  0  0 -1 -1 -1 -1],[-2  0  1  0 -1  0 -2 -2 -3],[-2 -1  0  0 -2 -1 -1 -1 -2],[ 0  0  0  0 -1 -1  0  0  1],[ 0  1  2  1  0 -1  0  0 -1],[ 1  0  1  1  1  0  1  1  0],[ 1  2  1  0  0 -1  0  0  1],[ 1  2  1  0  0 -1  0  0  0],[ 1  3  2 -1  1  0 -1  0  0]]",True,"[-2,-2,0,0,1,1,1,1,-1,0,1,0,2,2,3,0,2,1,1,1,2,1,1,0,0,-1,1,0,0,1,-1,-1,0,0,-1,0]","[-2,-2,0,0,1,1,1,1,-1,0,1,0,2,2,3,0,2,1,1,1,2,1,1,0,0,-1,1,0,0,1,-1,-1,0,0,-1,0]",t^8+38t^6+231t^4+95t^2,"[-1,-1,-1,-1,0,0,2,2,-1,-1,0,0,0,2,3,0,-1,1,1,2,1,0,1,1,2,1,0,2,1,0,-1,0,1,2,2,1]","[-2,-2,0,0,1,1,1,1,-1,0,2,1,2,2,2,1,2,0,1,1,3,1,0,1,1,0,2,1,1,0,-1,0,0,0,-1,-1]","[-1,-1,-1,-1,0,0,2,2,-1,0,0,-1,1,2,3,-1,0,0,0,1,2,1,1,1,1,0,0,0,1,2,-1,0,0,2,1,-1]",c,"[[{8, 1}, {2, 7}, {3, 6}, {4, 5}], [{8, 1}, {2, 7}, {4, 6}, {3, 5}], [{8, 1}, {2, 7}, {5, 6}, {3, 4}], [{8, 1}, {3, 7}, {2, 6}, {4, 5}], [{8, 1}, {3, 7}, {4, 6}, {2, 5}], [{8, 1}, {3, 7}, {5, 6}, {2, 4}], [{8, 1}, {3, 7}, {6}, {5}, {2, 4}], [{8, 1}, {4, 7}, {2, 6}, {3, 5}], [{8, 1}, {4, 7}, {2, 6}, {5}, {3}], [{8, 1}, {4, 7}, {3, 6}, {2, 5}], [{8, 1}, {4, 7}, {5, 6}, {2, 3}], [{8, 1}, {5, 7}, {2, 6}, {3, 4}], [{8, 1}, {5, 7}, {3, 6}, {2, 4}], [{8, 1}, {5, 7}, {3, 6}, {4}, {2}], [{8, 1}, {5, 7}, {4, 6}, {2, 3}], [{8, 1}, {5, 7}, {6}, {2, 4}, {3}], [{8, 1}, {6, 7}, {2, 5}, {3, 4}], [{8, 1}, {6, 7}, {3, 5}, {2, 4}], [{8, 1}, {6, 7}, {3, 5}, {4}, {2}], [{8, 1}, {6, 7}, {4, 5}, {2, 3}], [{8, 1}, {7}, {6}, {3, 5}, {2, 4}], [{8, 2}, {1, 7}, {3, 6}, {4, 5}], [{8, 2}, {1, 7}, {4, 6}, {3, 5}], [{8, 2}, {1, 7}, {5, 6}, {3, 4}], [{8, 2}, {3, 7}, {1, 6}, {4, 5}], [{8, 2}, {3, 7}, {4, 6}, {1, 5}], [{8, 2}, {3, 7}, {5, 6}, {1, 4}], [{8, 2}, {3, 7}, {6}, {1, 5}, {4}], [{8, 2}, {4, 7}, {1, 6}, {3, 5}], [{8, 2}, {4, 7}, {3, 6}, {1, 5}], [{8, 2}, {4, 7}, {3, 6}, {5}, {1}], [{8, 2}, {4, 7}, {5, 6}, {1, 3}], [{8, 2}, {4, 7}, {5, 6}, {3}, {1}], [{8, 2}, {4, 7}, {6}, {3, 5}, {1}], [{8, 2}, {5, 7}, {1, 6}, {3, 4}], [{8, 2}, {5, 7}, {3, 6}, {1, 4}], [{8, 2}, {5, 7}, {4, 6}, {1, 3}], [{8, 2}, {6, 7}, {1, 5}, {3, 4}], [{8, 2}, {6, 7}, {1, 5}, {4}, {3}], [{8, 2}, {6, 7}, {3, 5}, {1, 4}], [{8, 2}, {6, 7}, {4, 5}, {1, 3}], [{8, 2}, {6, 7}, {4, 5}, {3}, {1}], [{8, 2}, {6, 7}, {5}, {1, 4}, {3}], [{8, 2}, {7}, {3, 6}, {1, 5}, {4}], [{8, 3}, {1, 7}, {2, 6}, {4, 5}], [{8, 3}, {1, 7}, {4, 6}, {2, 5}], [{8, 3}, {1, 7}, {5, 6}, {2, 4}], [{8, 3}, {1, 7}, {6}, {5}, {2, 4}], [{8, 3}, {2, 7}, {1, 6}, {4, 5}], [{8, 3}, {2, 7}, {4, 6}, {1, 5}], [{8, 3}, {2, 7}, {5, 6}, {1, 4}], [{8, 3}, {4, 7}, {1, 6}, {2, 5}], [{8, 3}, {4, 7}, {2, 6}, {1, 5}], [{8, 3}, {4, 7}, {5, 6}, {1, 2}], [{8, 3}, {5, 7}, {1, 6}, {2, 4}], [{8, 3}, {5, 7}, {2, 6}, {1, 4}], [{8, 3}, {5, 7}, {4, 6}, {1, 2}], [{8, 3}, {5, 7}, {6}, {2, 4}, {1}], [{8, 3}, {6, 7}, {1, 5}, {2, 4}], [{8, 3}, {6, 7}, {2, 5}, {1, 4}], [{8, 3}, {6, 7}, {4, 5}, {1, 2}], [{8, 3}, {6, 7}, {5}, {1, 4}, {2}], [{8, 3}, {7}, {6}, {1, 5}, {2, 4}], [{8, 3}, {7}, {6}, {4, 5}, {1, 2}], [{8, 4}, {1, 7}, {2, 6}, {3, 5}], [{8, 4}, {1, 7}, {3, 6}, {2, 5}], [{8, 4}, {1, 7}, {5, 6}, {2, 3}], [{8, 4}, {1, 7}, {5, 6}, {3}, {2}], [{8, 4}, {2, 7}, {1, 6}, {3, 5}], [{8, 4}, {2, 7}, {3, 6}, {1, 5}], [{8, 4}, {2, 7}, {5, 6}, {1, 3}], [{8, 4}, {3, 7}, {1, 6}, {2, 5}], [{8, 4}, {3, 7}, {2, 6}, {1, 5}], [{8, 4}, {3, 7}, {5, 6}, {1, 2}], [{8, 4}, {3, 7}, {5, 6}, {2}, {1}], [{8, 4}, {5, 7}, {1, 6}, {2, 3}], [{8, 4}, {5, 7}, {2, 6}, {1, 3}], [{8, 4}, {5, 7}, {3, 6}, {1, 2}], [{8, 4}, {6, 7}, {1, 5}, {2, 3}], [{8, 4}, {6, 7}, {2, 5}, {1, 3}], [{8, 4}, {6, 7}, {3, 5}, {1, 2}], [{8, 4}, {7}, {3, 6}, {1, 5}, {2}], [{8, 4}, {7}, {5, 6}, {1, 3}, {2}], [{8, 5}, {1, 7}, {2, 6}, {3, 4}], [{8, 5}, {1, 7}, {3, 6}, {2, 4}], [{8, 5}, {1, 7}, {4, 6}, {2, 3}], [{8, 5}, {2, 7}, {1, 6}, {3, 4}], [{8, 5}, {2, 7}, {3, 6}, {1, 4}], [{8, 5}, {2, 7}, {4, 6}, {1, 3}], [{8, 5}, {3, 7}, {1, 6}, {2, 4}], [{8, 5}, {3, 7}, {2, 6}, {1, 4}], [{8, 5}, {3, 7}, {4, 6}, {1, 2}], [{8, 5}, {4, 7}, {1, 6}, {2, 3}], [{8, 5}, {4, 7}, {2, 6}, {1, 3}], [{8, 5}, {4, 7}, {3, 6}, {1, 2}], [{8, 5}, {6, 7}, {1, 4}, {2, 3}], [{8, 5}, {6, 7}, {2, 4}, {1, 3}], [{8, 5}, {6, 7}, {2, 4}, {3}, {1}], [{8, 5}, {6, 7}, {3, 4}, {1, 2}], [{8, 5}, {7}, {3, 6}, {4}, {1, 2}], [{8, 6}, {1, 7}, {2, 5}, {3, 4}], [{8, 6}, {1, 7}, {2, 5}, {4}, {3}], [{8, 6}, {1, 7}, {3, 5}, {2, 4}], [{8, 6}, {1, 7}, {4, 5}, {2, 3}], [{8, 6}, {1, 7}, {4, 5}, {3}, {2}], [{8, 6}, {1, 7}, {5}, {2, 4}, {3}], [{8, 6}, {2, 7}, {1, 5}, {3, 4}], [{8, 6}, {2, 7}, {3, 5}, {1, 4}], [{8, 6}, {2, 7}, {4, 5}, {1, 3}], [{8, 6}, {3, 7}, {1, 5}, {2, 4}], [{8, 6}, {3, 7}, {2, 5}, {1, 4}], [{8, 6}, {3, 7}, {2, 5}, {4}, {1}], [{8, 6}, {3, 7}, {4, 5}, {1, 2}], [{8, 6}, {3, 7}, {4, 5}, {2}, {1}], [{8, 6}, {3, 7}, {5}, {2, 4}, {1}], [{8, 6}, {4, 7}, {1, 5}, {2, 3}], [{8, 6}, {4, 7}, {2, 5}, {1, 3}], [{8, 6}, {4, 7}, {3, 5}, {1, 2}], [{8, 6}, {5, 7}, {1, 4}, {2, 3}], [{8, 6}, {5, 7}, {2, 4}, {1, 3}], [{8, 6}, {5, 7}, {2, 4}, {3}, {1}], [{8, 6}, {5, 7}, {3, 4}, {1, 2}], [{8, 6}, {5, 7}, {3, 4}, {2}, {1}], [{8, 6}, {5, 7}, {4}, {2, 3}, {1}], [{8, 6}, {7}, {1, 5}, {2, 4}, {3}], [{8, 6}, {7}, {2, 5}, {4}, {1, 3}], [{8, 6}, {7}, {3, 5}, {2, 4}, {1}], [{8, 6}, {7}, {4, 5}, {1, 3}, {2}], [{8, 6}, {7}, {5}, {2, 4}, {1, 3}], [{8, 6}, {7}, {5}, {2, 4}, {3}, {1}], [{8, 7}, {1, 6}, {2, 5}, {3, 4}], [{8, 7}, {1, 6}, {3, 5}, {2, 4}], [{8, 7}, {1, 6}, {4, 5}, {2, 3}], [{8, 7}, {2, 6}, {1, 5}, {3, 4}], [{8, 7}, {2, 6}, {3, 5}, {1, 4}], [{8, 7}, {2, 6}, {4, 5}, {1, 3}], [{8, 7}, {2, 6}, {5}, {3, 4}, {1}], [{8, 7}, {3, 6}, {1, 5}, {2, 4}], [{8, 7}, {3, 6}, {2, 5}, {1, 4}], [{8, 7}, {3, 6}, {2, 5}, {4}, {1}], [{8, 7}, {3, 6}, {4, 5}, {1, 2}], [{8, 7}, {4, 6}, {1, 5}, {2, 3}], [{8, 7}, {4, 6}, {2, 5}, {1, 3}], [{8, 7}, {4, 6}, {3, 5}, {1, 2}], [{8, 7}, {5, 6}, {1, 4}, {2, 3}], [{8, 7}, {5, 6}, {2, 4}, {1, 3}], [{8, 7}, {5, 6}, {2, 4}, {3}, {1}], [{8, 7}, {5, 6}, {3, 4}, {1, 2}], [{8, 7}, {6}, {1, 5}, {3, 4}, {2}], [{8, 7}, {6}, {3, 5}, {1, 4}, {2}], [{8, 7}, {6}, {4, 5}, {3}, {1, 2}], [{8}, {1, 7}, {3, 6}, {5}, {2, 4}], [{8}, {1, 7}, {4, 6}, {3, 5}, {2}], [{8}, {1, 7}, {6}, {2, 5}, {3, 4}], [{8}, {2, 7}, {1, 6}, {3, 5}, {4}], [{8}, {2, 7}, {4, 6}, {1, 5}, {3}], [{8}, {2, 7}, {5, 6}, {3, 4}, {1}], [{8}, {3, 7}, {1, 6}, {5}, {2, 4}], [{8}, {3, 7}, {4, 6}, {1, 5}, {2}], [{8}, {3, 7}, {6}, {4, 5}, {1, 2}], [{8}, {4, 7}, {1, 6}, {3, 5}, {2}], [{8}, {5, 7}, {1, 6}, {2, 4}, {3}], [{8}, {5, 7}, {3, 6}, {2, 4}, {1}], [{8}, {5, 7}, {6}, {2, 4}, {1, 3}], [{8}, {5, 7}, {6}, {2, 4}, {3}, {1}], [{8}, {6, 7}, {2, 5}, {3, 4}, {1}], [{8}, {6, 7}, {5}, {1, 4}, {2, 3}], [{8}, {7}, {1, 6}, {2, 5}, {3, 4}], [{8}, {7}, {1, 6}, {3, 5}, {2, 4}], [{8}, {7}, {1, 6}, {4, 5}, {2, 3}], [{8}, {7}, {2, 6}, {1, 5}, {3, 4}], [{8}, {7}, {3, 6}, {1, 5}, {2, 4}], [{8}, {7}, {4, 6}, {1, 5}, {2, 3}]]",2,4 K_1^3 - 8 K_1^2 - 4 K_1 K_2 - K_1 + 4 K_2 + K_3 + 5,O1O2O3U4O5U6U2U7O6O8U5O7U3U1O4U8,O1O2O3U4O5U6U2U7O8U5O7O6U1O4U8U3,O1O2O3U1U4O5U3O6O7U8O4U7U2U6O8U5,c,{'O1O2O3U4O5U3U1O6U7O4O8U6U2U8O7U5'},1,"<a href=""/flatknot/8.1101513"">8.1101513</a>",t^9-34t^7-64t^6+99t^5+208t^4-78t^3-172t^2-59t,-2t^2+4t,,
8.1101514,O1O2O3U4O5U3U1O6U7O4O8U6U5U8O7U2,3,8z^2+49z+67,8w^3z^2+49w^2z+67w,False,False,"[[ 0 -1  1  0 -1  1 -1 -1  2],[ 1  0  1  0  0  1 -1  1  1],[-1 -1  0  0 -1  0 -1 -2  2],[ 0  0  0  0  0  0 -1  0  1],[ 1  0  1  0  0  0 -1  1  0],[-1 -1  0  0  0  0  0 -3  2],[ 1  1  1  1  1  0  0  0  1],[ 1 -1  2  0 -1  3  0  0  2],[-2 -1 -2 -1  0 -2 -1 -2  0]]","[[ 0  2  1  1  0 -1 -1 -1 -1],[-2  0 -2 -2 -1  0 -1 -1 -2],[-1  2  0  0  0  0  0 -1 -3],[-1  2  0  0  0 -1 -1 -1 -2],[ 0  1  0  0  0  0 -1  0  0],[ 1  0  0  1  0  0 -1  0  1],[ 1  1  0  1  1  1  0  1  0],[ 1  1  1  1  0  0 -1  0  1],[ 1  2  3  2  0 -1  0 -1  0]]",True,"[-2,-1,-1,0,1,1,1,1,2,2,1,0,1,1,2,0,0,0,0,1,3,0,1,1,1,2,0,1,0,0,1,0,-1,-1,0,-1]","[-2,-1,-1,0,1,1,1,1,-1,-1,1,1,2,2,3,0,1,-1,1,2,2,1,0,1,1,1,1,1,0,1,-1,0,-1,-1,0,1]",t^8+37t^6+190t^4+89t^2,"[-1,-1,-1,-1,0,1,1,2,-1,-1,0,0,1,2,2,0,-1,1,1,1,2,-1,1,1,2,3,1,0,-1,1,1,1,1,0,-1,-1]","[-2,-1,-1,0,1,1,1,1,-1,-1,1,1,2,2,3,0,1,-1,1,2,2,1,0,1,1,1,1,1,0,1,-1,0,-1,-1,0,1]","[-1,-1,-1,-1,0,1,1,2,-1,-1,0,0,2,3,2,0,-1,0,1,0,0,-1,0,1,1,1,1,1,0,1,0,0,1,0,2,2]",c,"[[{8, 1}, {2, 7}, {3, 6}, {4, 5}], [{8, 1}, {2, 7}, {4, 6}, {3, 5}], [{8, 1}, {2, 7}, {5, 6}, {3, 4}], [{8, 1}, {2, 7}, {6}, {4, 5}, {3}], [{8, 1}, {3, 7}, {2, 6}, {4, 5}], [{8, 1}, {3, 7}, {4, 6}, {2, 5}], [{8, 1}, {3, 7}, {5, 6}, {2, 4}], [{8, 1}, {4, 7}, {2, 6}, {3, 5}], [{8, 1}, {4, 7}, {3, 6}, {2, 5}], [{8, 1}, {4, 7}, {3, 6}, {5}, {2}], [{8, 1}, {4, 7}, {5, 6}, {2, 3}], [{8, 1}, {4, 7}, {5, 6}, {3}, {2}], [{8, 1}, {4, 7}, {6}, {3, 5}, {2}], [{8, 1}, {5, 7}, {2, 6}, {3, 4}], [{8, 1}, {5, 7}, {3, 6}, {2, 4}], [{8, 1}, {5, 7}, {4, 6}, {2, 3}], [{8, 1}, {5, 7}, {6}, {2, 4}, {3}], [{8, 1}, {5, 7}, {6}, {3, 4}, {2}], [{8, 1}, {5, 7}, {6}, {4}, {2, 3}], [{8, 1}, {6, 7}, {2, 5}, {3, 4}], [{8, 1}, {6, 7}, {3, 5}, {2, 4}], [{8, 1}, {6, 7}, {4, 5}, {2, 3}], [{8, 2}, {1, 7}, {3, 6}, {4, 5}], [{8, 2}, {1, 7}, {4, 6}, {3, 5}], [{8, 2}, {1, 7}, {5, 6}, {3, 4}], [{8, 2}, {3, 7}, {1, 6}, {4, 5}], [{8, 2}, {3, 7}, {4, 6}, {1, 5}], [{8, 2}, {3, 7}, {5, 6}, {1, 4}], [{8, 2}, {4, 7}, {1, 6}, {3, 5}], [{8, 2}, {4, 7}, {3, 6}, {1, 5}], [{8, 2}, {4, 7}, {5, 6}, {1, 3}], [{8, 2}, {4, 7}, {5, 6}, {3}, {1}], [{8, 2}, {5, 7}, {1, 6}, {3, 4}], [{8, 2}, {5, 7}, {3, 6}, {1, 4}], [{8, 2}, {5, 7}, {4, 6}, {1, 3}], [{8, 2}, {6, 7}, {1, 5}, {3, 4}], [{8, 2}, {6, 7}, {3, 5}, {1, 4}], [{8, 2}, {6, 7}, {3, 5}, {4}, {1}], [{8, 2}, {6, 7}, {4, 5}, {1, 3}], [{8, 2}, {6, 7}, {5}, {1, 4}, {3}], [{8, 2}, {7}, {6}, {3, 5}, {1, 4}], [{8, 3}, {1, 7}, {2, 6}, {4, 5}], [{8, 3}, {1, 7}, {4, 6}, {2, 5}], [{8, 3}, {1, 7}, {5, 6}, {2, 4}], [{8, 3}, {2, 7}, {1, 6}, {4, 5}], [{8, 3}, {2, 7}, {4, 6}, {1, 5}], [{8, 3}, {2, 7}, {5, 6}, {1, 4}], [{8, 3}, {4, 7}, {1, 6}, {2, 5}], [{8, 3}, {4, 7}, {1, 6}, {5}, {2}], [{8, 3}, {4, 7}, {2, 6}, {1, 5}], [{8, 3}, {4, 7}, {5, 6}, {1, 2}], [{8, 3}, {4, 7}, {5, 6}, {2}, {1}], [{8, 3}, {4, 7}, {6}, {1, 5}, {2}], [{8, 3}, {5, 7}, {1, 6}, {2, 4}], [{8, 3}, {5, 7}, {2, 6}, {1, 4}], [{8, 3}, {5, 7}, {4, 6}, {1, 2}], [{8, 3}, {5, 7}, {6}, {1, 4}, {2}], [{8, 3}, {6, 7}, {1, 5}, {2, 4}], [{8, 3}, {6, 7}, {2, 5}, {1, 4}], [{8, 3}, {6, 7}, {2, 5}, {4}, {1}], [{8, 3}, {6, 7}, {4, 5}, {1, 2}], [{8, 4}, {1, 7}, {2, 6}, {3, 5}], [{8, 4}, {1, 7}, {3, 6}, {2, 5}], [{8, 4}, {1, 7}, {5, 6}, {2, 3}], [{8, 4}, {2, 7}, {1, 6}, {3, 5}], [{8, 4}, {2, 7}, {3, 6}, {1, 5}], [{8, 4}, {2, 7}, {5, 6}, {1, 3}], [{8, 4}, {2, 7}, {6}, {1, 5}, {3}], [{8, 4}, {3, 7}, {1, 6}, {2, 5}], [{8, 4}, {3, 7}, {2, 6}, {1, 5}], [{8, 4}, {3, 7}, {5, 6}, {1, 2}], [{8, 4}, {5, 7}, {1, 6}, {2, 3}], [{8, 4}, {5, 7}, {2, 6}, {1, 3}], [{8, 4}, {5, 7}, {3, 6}, {1, 2}], [{8, 4}, {5, 7}, {6}, {3}, {1, 2}], [{8, 4}, {6, 7}, {1, 5}, {2, 3}], [{8, 4}, {6, 7}, {2, 5}, {1, 3}], [{8, 4}, {6, 7}, {3, 5}, {1, 2}], [{8, 4}, {6, 7}, {5}, {3}, {1, 2}], [{8, 4}, {7}, {5, 6}, {3}, {1, 2}], [{8, 5}, {1, 7}, {2, 6}, {3, 4}], [{8, 5}, {1, 7}, {3, 6}, {2, 4}], [{8, 5}, {1, 7}, {4, 6}, {2, 3}], [{8, 5}, {2, 7}, {1, 6}, {3, 4}], [{8, 5}, {2, 7}, {3, 6}, {1, 4}], [{8, 5}, {2, 7}, {4, 6}, {1, 3}], [{8, 5}, {2, 7}, {6}, {3, 4}, {1}], [{8, 5}, {3, 7}, {1, 6}, {2, 4}], [{8, 5}, {3, 7}, {2, 6}, {1, 4}], [{8, 5}, {3, 7}, {4, 6}, {1, 2}], [{8, 5}, {3, 7}, {6}, {2, 4}, {1}], [{8, 5}, {4, 7}, {1, 6}, {2, 3}], [{8, 5}, {4, 7}, {1, 6}, {3}, {2}], [{8, 5}, {4, 7}, {2, 6}, {1, 3}], [{8, 5}, {4, 7}, {2, 6}, {3}, {1}], [{8, 5}, {4, 7}, {3, 6}, {1, 2}], [{8, 5}, {4, 7}, {3, 6}, {2}, {1}], [{8, 5}, {4, 7}, {6}, {1, 3}, {2}], [{8, 5}, {4, 7}, {6}, {2, 3}, {1}], [{8, 5}, {4, 7}, {6}, {3}, {1, 2}], [{8, 5}, {4, 7}, {6}, {3}, {2}, {1}], [{8, 5}, {6, 7}, {1, 4}, {2, 3}], [{8, 5}, {6, 7}, {2, 4}, {1, 3}], [{8, 5}, {6, 7}, {3, 4}, {1, 2}], [{8, 5}, {6, 7}, {4}, {3}, {1, 2}], [{8, 5}, {7}, {4, 6}, {3}, {1, 2}], [{8, 6}, {1, 7}, {2, 5}, {3, 4}], [{8, 6}, {1, 7}, {2, 5}, {4}, {3}], [{8, 6}, {1, 7}, {3, 5}, {2, 4}], [{8, 6}, {1, 7}, {3, 5}, {4}, {2}], [{8, 6}, {1, 7}, {4, 5}, {2, 3}], [{8, 6}, {1, 7}, {4, 5}, {3}, {2}], [{8, 6}, {1, 7}, {5}, {2, 4}, {3}], [{8, 6}, {1, 7}, {5}, {3, 4}, {2}], [{8, 6}, {1, 7}, {5}, {4}, {2, 3}], [{8, 6}, {1, 7}, {5}, {4}, {3}, {2}], [{8, 6}, {2, 7}, {1, 5}, {3, 4}], [{8, 6}, {2, 7}, {1, 5}, {4}, {3}], [{8, 6}, {2, 7}, {3, 5}, {1, 4}], [{8, 6}, {2, 7}, {3, 5}, {4}, {1}], [{8, 6}, {2, 7}, {4, 5}, {1, 3}], [{8, 6}, {2, 7}, {4, 5}, {3}, {1}], [{8, 6}, {2, 7}, {5}, {1, 4}, {3}], [{8, 6}, {2, 7}, {5}, {3, 4}, {1}], [{8, 6}, {2, 7}, {5}, {4}, {1, 3}], [{8, 6}, {2, 7}, {5}, {4}, {3}, {1}], [{8, 6}, {3, 7}, {1, 5}, {2, 4}], [{8, 6}, {3, 7}, {1, 5}, {4}, {2}], [{8, 6}, {3, 7}, {2, 5}, {1, 4}], [{8, 6}, {3, 7}, {2, 5}, {4}, {1}], [{8, 6}, {3, 7}, {4, 5}, {1, 2}], [{8, 6}, {3, 7}, {4, 5}, {2}, {1}], [{8, 6}, {3, 7}, {5}, {1, 4}, {2}], [{8, 6}, {3, 7}, {5}, {2, 4}, {1}], [{8, 6}, {3, 7}, {5}, {4}, {1, 2}], [{8, 6}, {3, 7}, {5}, {4}, {2}, {1}], [{8, 6}, {4, 7}, {1, 5}, {2, 3}], [{8, 6}, {4, 7}, {1, 5}, {3}, {2}], [{8, 6}, {4, 7}, {2, 5}, {1, 3}], [{8, 6}, {4, 7}, {2, 5}, {3}, {1}], [{8, 6}, {4, 7}, {3, 5}, {1, 2}], [{8, 6}, {4, 7}, {3, 5}, {2}, {1}], [{8, 6}, {4, 7}, {5}, {1, 3}, {2}], [{8, 6}, {4, 7}, {5}, {2, 3}, {1}], [{8, 6}, {4, 7}, {5}, {3}, {1, 2}], [{8, 6}, {4, 7}, {5}, {3}, {2}, {1}], [{8, 6}, {5, 7}, {1, 4}, {2, 3}], [{8, 6}, {5, 7}, {1, 4}, {3}, {2}], [{8, 6}, {5, 7}, {2, 4}, {1, 3}], [{8, 6}, {5, 7}, {2, 4}, {3}, {1}], [{8, 6}, {5, 7}, {3, 4}, {1, 2}], [{8, 6}, {5, 7}, {3, 4}, {2}, {1}], [{8, 6}, {5, 7}, {4}, {1, 3}, {2}], [{8, 6}, {5, 7}, {4}, {2, 3}, {1}], [{8, 6}, {5, 7}, {4}, {3}, {1, 2}], [{8, 6}, {5, 7}, {4}, {3}, {2}, {1}], [{8, 6}, {7}, {1, 5}, {2, 4}, {3}], [{8, 6}, {7}, {1, 5}, {3, 4}, {2}], [{8, 6}, {7}, {1, 5}, {4}, {2, 3}], [{8, 6}, {7}, {1, 5}, {4}, {3}, {2}], [{8, 6}, {7}, {2, 5}, {1, 4}, {3}], [{8, 6}, {7}, {2, 5}, {3, 4}, {1}], [{8, 6}, {7}, {2, 5}, {4}, {1, 3}], [{8, 6}, {7}, {2, 5}, {4}, {3}, {1}], [{8, 6}, {7}, {3, 5}, {1, 4}, {2}], [{8, 6}, {7}, {3, 5}, {2, 4}, {1}], [{8, 6}, {7}, {3, 5}, {4}, {1, 2}], [{8, 6}, {7}, {3, 5}, {4}, {2}, {1}], [{8, 6}, {7}, {4, 5}, {1, 3}, {2}], [{8, 6}, {7}, {4, 5}, {2, 3}, {1}], [{8, 6}, {7}, {4, 5}, {3}, {1, 2}], [{8, 6}, {7}, {4, 5}, {3}, {2}, {1}], [{8, 6}, {7}, {5}, {1, 4}, {2, 3}], [{8, 6}, {7}, {5}, {1, 4}, {3}, {2}], [{8, 6}, {7}, {5}, {2, 4}, {1, 3}], [{8, 6}, {7}, {5}, {2, 4}, {3}, {1}], [{8, 6}, {7}, {5}, {3, 4}, {1, 2}], [{8, 6}, {7}, {5}, {3, 4}, {2}, {1}], [{8, 6}, {7}, {5}, {4}, {1, 3}, {2}], [{8, 6}, {7}, {5}, {4}, {2, 3}, {1}], [{8, 6}, {7}, {5}, {4}, {3}, {1, 2}], [{8, 6}, {7}, {5}, {4}, {3}, {2}, {1}], [{8, 7}, {1, 6}, {2, 5}, {3, 4}], [{8, 7}, {1, 6}, {3, 5}, {2, 4}], [{8, 7}, {1, 6}, {4, 5}, {2, 3}], [{8, 7}, {2, 6}, {1, 5}, {3, 4}], [{8, 7}, {2, 6}, {3, 5}, {1, 4}], [{8, 7}, {2, 6}, {3, 5}, {4}, {1}], [{8, 7}, {2, 6}, {4, 5}, {1, 3}], [{8, 7}, {2, 6}, {5}, {1, 4}, {3}], [{8, 7}, {3, 6}, {1, 5}, {2, 4}], [{8, 7}, {3, 6}, {2, 5}, {1, 4}], [{8, 7}, {3, 6}, {2, 5}, {4}, {1}], [{8, 7}, {3, 6}, {4, 5}, {1, 2}], [{8, 7}, {4, 6}, {1, 5}, {2, 3}], [{8, 7}, {4, 6}, {2, 5}, {1, 3}], [{8, 7}, {4, 6}, {3, 5}, {1, 2}], [{8, 7}, {4, 6}, {5}, {3}, {1, 2}], [{8, 7}, {5, 6}, {1, 4}, {2, 3}], [{8, 7}, {5, 6}, {2, 4}, {1, 3}], [{8, 7}, {5, 6}, {3, 4}, {1, 2}], [{8, 7}, {5, 6}, {4}, {3}, {1, 2}], [{8, 7}, {6}, {1, 5}, {2, 4}, {3}], [{8, 7}, {6}, {1, 5}, {3, 4}, {2}], [{8, 7}, {6}, {1, 5}, {4}, {2, 3}], [{8, 7}, {6}, {3, 5}, {1, 4}, {2}], [{8, 7}, {6}, {4, 5}, {3}, {1, 2}], [{8}, {1, 7}, {6}, {2, 5}, {3, 4}], [{8}, {1, 7}, {6}, {3, 5}, {2, 4}], [{8}, {1, 7}, {6}, {4, 5}, {2, 3}], [{8}, {2, 7}, {1, 6}, {4, 5}, {3}], [{8}, {2, 7}, {4, 6}, {1, 5}, {3}], [{8}, {2, 7}, {5, 6}, {3, 4}, {1}], [{8}, {2, 7}, {6}, {3, 5}, {1, 4}], [{8}, {3, 7}, {5, 6}, {2, 4}, {1}], [{8}, {4, 7}, {1, 6}, {3, 5}, {2}], [{8}, {4, 7}, {3, 6}, {1, 5}, {2}], [{8}, {4, 7}, {5, 6}, {1, 3}, {2}], [{8}, {4, 7}, {5, 6}, {2, 3}, {1}], [{8}, {4, 7}, {5, 6}, {3}, {1, 2}], [{8}, {4, 7}, {5, 6}, {3}, {2}, {1}], [{8}, {5, 7}, {1, 6}, {2, 4}, {3}], [{8}, {5, 7}, {1, 6}, {3, 4}, {2}], [{8}, {5, 7}, {1, 6}, {4}, {2, 3}], [{8}, {5, 7}, {3, 6}, {1, 4}, {2}], [{8}, {5, 7}, {4, 6}, {3}, {1, 2}], [{8}, {6, 7}, {1, 5}, {2, 4}, {3}], [{8}, {6, 7}, {1, 5}, {3, 4}, {2}], [{8}, {6, 7}, {1, 5}, {4}, {2, 3}], [{8}, {6, 7}, {3, 5}, {1, 4}, {2}], [{8}, {6, 7}, {4, 5}, {3}, {1, 2}], [{8}, {7}, {2, 6}, {3, 5}, {1, 4}]]",2,4 K_1^3 - 14 K_1^2 - 4 K_1 K_2 - K_1 + 7 K_2 + K_3 + 8,O1O2O3U2O4U5U6U7O5O8U4O7U3U1O6U8,O1O2O3U4O5U6U5U7O8U2O7O6U1O4U8U3,O1O2O3U1U4O5U3O6O7U2O4U7U8U6O8U5,c,"{'O1O2U3O4O3U5O6U2U4O7U1O5O8U7U6U8', 'O1O2O3U4O5U3U1O6U7O4O8U6U5U8O7U2'}",2,"<a href=""/flatknot/8.1101514"">8.1101514</a>",t^9-35t^7-70t^6+105t^5+320t^4+88t^3-192t^2-64t,-t^2+2t,,
8.1101515,O1O2O3U4O5U3U1O6U7O4O8U6U8U2O7U5,4,19z^2+100z+125,19w^3z^2-4w^3z+104w^2z+125w,False,False,"[[ 0 -1  1  0 -1  2 -1 -1  1],[ 1  0  0  0  0  2 -1  1  0],[-1  0  0  1 -1  0 -2 -1  1],[ 0  0 -1  0  0  0 -1  1  0],[ 1  0  1  0  0  2 -1  0  0],[-2 -2  0  0 -2  0  0 -3  1],[ 1  1  2  1  1  0  0  0  1],[ 1 -1  1 -1  0  3  0  0  1],[-1  0 -1  0  0 -1 -1 -1  0]]","[[ 0  2  1  1  0 -1 -1 -1 -1],[-2  0  1  0  0  0 -2 -2 -3],[-1 -1  0 -1  0 -1  0  0 -1],[-1  0  1  0  1 -2  0 -1 -1],[ 0  0  0 -1  0 -1  0  0  1],[ 1  0  1  2  1  0  1  1  0],[ 1  2  0  0  0 -1  0  0  1],[ 1  2  0  1  0 -1  0  0  0],[ 1  3  1  1 -1  0 -1  0  0]]",True,"[-2,-1,-1,0,1,1,1,1,-1,0,0,0,2,2,3,1,0,1,0,0,1,-1,2,0,1,1,1,0,0,-1,-1,-1,0,0,-1,0]","[-2,-1,-1,0,1,1,1,1,-1,0,0,0,2,2,3,1,0,1,0,0,1,-1,2,0,1,1,1,0,0,-1,-1,-1,0,0,-1,0]",t^8+33t^6+240t^4+201t^2+9,"[-1,-1,-1,-1,0,1,1,2,-1,-1,0,0,0,1,3,0,-1,1,2,2,1,0,1,1,2,1,2,1,1,0,2,1,2,-1,1,2]","[-2,-1,-1,0,1,1,1,1,1,2,2,0,1,1,3,1,2,1,1,2,0,1,1,2,2,1,2,1,1,0,0,-1,0,0,-1,-1]","[-1,-1,-1,-1,0,1,1,2,-1,0,0,-1,1,1,3,-1,0,0,0,0,2,1,1,1,2,0,0,0,1,2,0,-1,0,-1,-1,0]",c,"[[{8, 1}, {2, 7}, {3, 6}, {4, 5}], [{8, 1}, {2, 7}, {4, 6}, {3, 5}], [{8, 1}, {2, 7}, {5, 6}, {3, 4}], [{8, 1}, {2, 7}, {6}, {3, 5}, {4}], [{8, 1}, {3, 7}, {2, 6}, {4, 5}], [{8, 1}, {3, 7}, {4, 6}, {2, 5}], [{8, 1}, {3, 7}, {5, 6}, {2, 4}], [{8, 1}, {3, 7}, {6}, {2, 5}, {4}], [{8, 1}, {4, 7}, {2, 6}, {3, 5}], [{8, 1}, {4, 7}, {3, 6}, {2, 5}], [{8, 1}, {4, 7}, {5, 6}, {2, 3}], [{8, 1}, {4, 7}, {5, 6}, {3}, {2}], [{8, 1}, {5, 7}, {2, 6}, {3, 4}], [{8, 1}, {5, 7}, {3, 6}, {2, 4}], [{8, 1}, {5, 7}, {4, 6}, {2, 3}], [{8, 1}, {5, 7}, {6}, {4}, {2, 3}], [{8, 1}, {6, 7}, {2, 5}, {3, 4}], [{8, 1}, {6, 7}, {3, 5}, {2, 4}], [{8, 1}, {6, 7}, {4, 5}, {2, 3}], [{8, 1}, {6, 7}, {4, 5}, {3}, {2}], [{8, 1}, {7}, {2, 6}, {5}, {3, 4}], [{8, 1}, {7}, {3, 6}, {5}, {2, 4}], [{8, 2}, {1, 7}, {3, 6}, {4, 5}], [{8, 2}, {1, 7}, {4, 6}, {3, 5}], [{8, 2}, {1, 7}, {5, 6}, {3, 4}], [{8, 2}, {3, 7}, {1, 6}, {4, 5}], [{8, 2}, {3, 7}, {4, 6}, {1, 5}], [{8, 2}, {3, 7}, {4, 6}, {5}, {1}], [{8, 2}, {3, 7}, {5, 6}, {1, 4}], [{8, 2}, {3, 7}, {6}, {1, 5}, {4}], [{8, 2}, {4, 7}, {1, 6}, {3, 5}], [{8, 2}, {4, 7}, {1, 6}, {5}, {3}], [{8, 2}, {4, 7}, {3, 6}, {1, 5}], [{8, 2}, {4, 7}, {5, 6}, {1, 3}], [{8, 2}, {5, 7}, {1, 6}, {3, 4}], [{8, 2}, {5, 7}, {3, 6}, {1, 4}], [{8, 2}, {5, 7}, {4, 6}, {1, 3}], [{8, 2}, {5, 7}, {4, 6}, {3}, {1}], [{8, 2}, {6, 7}, {1, 5}, {3, 4}], [{8, 2}, {6, 7}, {1, 5}, {4}, {3}], [{8, 2}, {6, 7}, {3, 5}, {1, 4}], [{8, 2}, {6, 7}, {4, 5}, {1, 3}], [{8, 2}, {6, 7}, {4, 5}, {3}, {1}], [{8, 2}, {6, 7}, {5}, {1, 4}, {3}], [{8, 2}, {7}, {3, 6}, {1, 5}, {4}], [{8, 2}, {7}, {4, 6}, {3, 5}, {1}], [{8, 2}, {7}, {5, 6}, {3, 4}, {1}], [{8, 3}, {1, 7}, {2, 6}, {4, 5}], [{8, 3}, {1, 7}, {4, 6}, {2, 5}], [{8, 3}, {1, 7}, {5, 6}, {2, 4}], [{8, 3}, {1, 7}, {6}, {2, 5}, {4}], [{8, 3}, {2, 7}, {1, 6}, {4, 5}], [{8, 3}, {2, 7}, {4, 6}, {1, 5}], [{8, 3}, {2, 7}, {5, 6}, {1, 4}], [{8, 3}, {2, 7}, {5, 6}, {4}, {1}], [{8, 3}, {4, 7}, {1, 6}, {2, 5}], [{8, 3}, {4, 7}, {2, 6}, {1, 5}], [{8, 3}, {4, 7}, {2, 6}, {5}, {1}], [{8, 3}, {4, 7}, {5, 6}, {1, 2}], [{8, 3}, {5, 7}, {1, 6}, {2, 4}], [{8, 3}, {5, 7}, {2, 6}, {1, 4}], [{8, 3}, {5, 7}, {4, 6}, {1, 2}], [{8, 3}, {6, 7}, {1, 5}, {2, 4}], [{8, 3}, {6, 7}, {2, 5}, {1, 4}], [{8, 3}, {6, 7}, {4, 5}, {1, 2}], [{8, 3}, {6, 7}, {5}, {1, 4}, {2}], [{8, 3}, {7}, {1, 6}, {5}, {2, 4}], [{8, 3}, {7}, {6}, {4, 5}, {1, 2}], [{8, 4}, {1, 7}, {2, 6}, {3, 5}], [{8, 4}, {1, 7}, {3, 6}, {2, 5}], [{8, 4}, {1, 7}, {5, 6}, {2, 3}], [{8, 4}, {2, 7}, {1, 6}, {3, 5}], [{8, 4}, {2, 7}, {3, 6}, {1, 5}], [{8, 4}, {2, 7}, {5, 6}, {1, 3}], [{8, 4}, {2, 7}, {6}, {3, 5}, {1}], [{8, 4}, {3, 7}, {1, 6}, {2, 5}], [{8, 4}, {3, 7}, {2, 6}, {1, 5}], [{8, 4}, {3, 7}, {5, 6}, {1, 2}], [{8, 4}, {5, 7}, {1, 6}, {2, 3}], [{8, 4}, {5, 7}, {2, 6}, {1, 3}], [{8, 4}, {5, 7}, {3, 6}, {1, 2}], [{8, 4}, {6, 7}, {1, 5}, {2, 3}], [{8, 4}, {6, 7}, {2, 5}, {1, 3}], [{8, 4}, {6, 7}, {3, 5}, {1, 2}], [{8, 4}, {7}, {1, 6}, {3, 5}, {2}], [{8, 5}, {1, 7}, {2, 6}, {3, 4}], [{8, 5}, {1, 7}, {3, 6}, {2, 4}], [{8, 5}, {1, 7}, {4, 6}, {2, 3}], [{8, 5}, {2, 7}, {1, 6}, {3, 4}], [{8, 5}, {2, 7}, {3, 6}, {1, 4}], [{8, 5}, {2, 7}, {3, 6}, {4}, {1}], [{8, 5}, {2, 7}, {4, 6}, {1, 3}], [{8, 5}, {3, 7}, {1, 6}, {2, 4}], [{8, 5}, {3, 7}, {2, 6}, {1, 4}], [{8, 5}, {3, 7}, {4, 6}, {1, 2}], [{8, 5}, {3, 7}, {6}, {2, 4}, {1}], [{8, 5}, {4, 7}, {1, 6}, {2, 3}], [{8, 5}, {4, 7}, {2, 6}, {1, 3}], [{8, 5}, {4, 7}, {3, 6}, {1, 2}], [{8, 5}, {4, 7}, {6}, {1, 3}, {2}], [{8, 5}, {6, 7}, {1, 4}, {2, 3}], [{8, 5}, {6, 7}, {2, 4}, {1, 3}], [{8, 5}, {6, 7}, {3, 4}, {1, 2}], [{8, 6}, {1, 7}, {2, 5}, {3, 4}], [{8, 6}, {1, 7}, {3, 5}, {2, 4}], [{8, 6}, {1, 7}, {4, 5}, {2, 3}], [{8, 6}, {1, 7}, {5}, {2, 4}, {3}], [{8, 6}, {2, 7}, {1, 5}, {3, 4}], [{8, 6}, {2, 7}, {3, 5}, {1, 4}], [{8, 6}, {2, 7}, {3, 5}, {4}, {1}], [{8, 6}, {2, 7}, {4, 5}, {1, 3}], [{8, 6}, {3, 7}, {1, 5}, {2, 4}], [{8, 6}, {3, 7}, {2, 5}, {1, 4}], [{8, 6}, {3, 7}, {4, 5}, {1, 2}], [{8, 6}, {3, 7}, {5}, {2, 4}, {1}], [{8, 6}, {4, 7}, {1, 5}, {2, 3}], [{8, 6}, {4, 7}, {2, 5}, {1, 3}], [{8, 6}, {4, 7}, {3, 5}, {1, 2}], [{8, 6}, {4, 7}, {3, 5}, {2}, {1}], [{8, 6}, {4, 7}, {5}, {3}, {1, 2}], [{8, 6}, {5, 7}, {1, 4}, {2, 3}], [{8, 6}, {5, 7}, {1, 4}, {3}, {2}], [{8, 6}, {5, 7}, {2, 4}, {1, 3}], [{8, 6}, {5, 7}, {2, 4}, {3}, {1}], [{8, 6}, {5, 7}, {3, 4}, {1, 2}], [{8, 6}, {5, 7}, {4}, {3}, {1, 2}], [{8, 6}, {7}, {1, 5}, {2, 4}, {3}], [{8, 6}, {7}, {3, 5}, {2, 4}, {1}], [{8, 6}, {7}, {4, 5}, {3}, {1, 2}], [{8, 6}, {7}, {5}, {2, 4}, {1, 3}], [{8, 7}, {1, 6}, {2, 5}, {3, 4}], [{8, 7}, {1, 6}, {3, 5}, {2, 4}], [{8, 7}, {1, 6}, {4, 5}, {2, 3}], [{8, 7}, {2, 6}, {1, 5}, {3, 4}], [{8, 7}, {2, 6}, {3, 5}, {1, 4}], [{8, 7}, {2, 6}, {4, 5}, {1, 3}], [{8, 7}, {2, 6}, {5}, {3, 4}, {1}], [{8, 7}, {3, 6}, {1, 5}, {2, 4}], [{8, 7}, {3, 6}, {2, 5}, {1, 4}], [{8, 7}, {3, 6}, {4, 5}, {1, 2}], [{8, 7}, {3, 6}, {5}, {1, 4}, {2}], [{8, 7}, {4, 6}, {1, 5}, {2, 3}], [{8, 7}, {4, 6}, {2, 5}, {1, 3}], [{8, 7}, {4, 6}, {3, 5}, {1, 2}], [{8, 7}, {4, 6}, {3, 5}, {2}, {1}], [{8, 7}, {4, 6}, {5}, {3}, {1, 2}], [{8, 7}, {5, 6}, {1, 4}, {2, 3}], [{8, 7}, {5, 6}, {2, 4}, {1, 3}], [{8, 7}, {5, 6}, {3, 4}, {1, 2}], [{8, 7}, {5, 6}, {4}, {3}, {1, 2}], [{8, 7}, {6}, {4, 5}, {3}, {1, 2}], [{8}, {1, 7}, {2, 6}, {5}, {3, 4}], [{8}, {2, 7}, {1, 6}, {3, 5}, {4}], [{8}, {2, 7}, {1, 6}, {4, 5}, {3}], [{8}, {2, 7}, {1, 6}, {5}, {3, 4}], [{8}, {2, 7}, {4, 6}, {1, 5}, {3}], [{8}, {2, 7}, {4, 6}, {3, 5}, {1}], [{8}, {2, 7}, {4, 6}, {5}, {1, 3}], [{8}, {2, 7}, {6}, {3, 5}, {1, 4}], [{8}, {2, 7}, {6}, {3, 5}, {4}, {1}], [{8}, {3, 7}, {1, 6}, {4, 5}, {2}], [{8}, {3, 7}, {2, 6}, {4, 5}, {1}], [{8}, {3, 7}, {4, 6}, {1, 5}, {2}], [{8}, {3, 7}, {5, 6}, {2, 4}, {1}], [{8}, {3, 7}, {6}, {4, 5}, {1, 2}], [{8}, {4, 7}, {3, 6}, {2, 5}, {1}], [{8}, {6, 7}, {2, 5}, {3, 4}, {1}], [{8}, {6, 7}, {4, 5}, {3}, {1, 2}], [{8}, {6, 7}, {5}, {1, 4}, {2, 3}], [{8}, {7}, {1, 6}, {4, 5}, {2, 3}], [{8}, {7}, {3, 6}, {4, 5}, {1, 2}], [{8}, {7}, {4, 6}, {1, 5}, {2, 3}]]",2,4 K_1^3 - 10 K_1^2 - 4 K_1 K_2 - K_1 + 5 K_2 + K_3 + 6,O1O2O3U4O5U2U6U7O6O8U5O7U3U1O4U8,O1O2O3U4O5U6U3U7O8U5O7O6U1O4U8U2,O1O2O3U2U4O5U3O6O7U8O4U7U1U6O8U5,c,{'O1O2O3U4O5U3U1O6U7O4O8U6U8U2O7U5'},1,"<a href=""/flatknot/8.1101515"">8.1101515</a>",t^9-31t^7-34t^6+165t^5+196t^4-76t^3-32t^2-49t-12,-t^2+2t,,
8.1101516,O1O2O3U4O5U3U2O6U1O4O7U5U8U6O8U7,4,4z^3+40z^2+113z+99,4w^4z^3+40w^3z^2+113w^2z+99w,False,False,"[[ 0 -1  0  0 -1  0  1  2 -1],[ 1  0  0  0 -1  2  1  2  0],[ 0  0  0  0 -1  1  0  1  0],[ 0  0  0  0  0  0  0  1  0],[ 1  1  1  0  0  0  0  0  1],[ 0 -2 -1  0  0  0  1  2 -1],[-1 -1  0  0  0 -1  0  0 -1],[-2 -2 -1 -1  0 -2  0  0 -2],[ 1  0  0  0 -1  1  1  2  0]]","[[ 0  2  0  0  0 -1 -1],[-2  0 -1 -1 -2  0 -2],[ 0  1  0  0  1 -1  0],[ 0  1  0  0  0  0  0],[ 0  2 -1  0  0  0 -2],[ 1  0  1  0  0  0  1],[ 1  2  0  0  2 -1  0]]",False,"[-2,0,0,0,1,1,1,1,2,0,2,0,-1,1,0,0,0,0,0,2,-1]","[-2,0,0,0,1,1,0,1,1,1,3,-1,0,-1,1,0,1,0,1,1,-1]",t^6+17t^4+17t^2+1,"[-1,-1,0,0,0,2,-1,0,1,1,3,1,-1,1,1,-1,0,1,0,0,1]","[-2,0,0,0,1,1,0,1,1,1,3,-1,0,-1,1,0,1,0,1,1,-1]","[-1,-1,0,0,0,2,-1,0,0,2,2,0,1,0,0,0,0,1,1,1,2]",c,"[[{8, 1}, {3, 7}, {4, 6}, {2, 5}], [{8, 3}, {1, 7}, {4, 6}, {2, 5}], [{8, 3}, {1, 7}, {5, 6}, {2, 4}], [{8, 6}, {1, 7}, {2, 5}, {3, 4}], [{8, 6}, {1, 7}, {3, 5}, {2, 4}], [{8, 6}, {2, 7}, {3, 5}, {1, 4}], [{8, 6}, {3, 7}, {2, 5}, {1, 4}], [{8, 6}, {4, 7}, {2, 5}, {1, 3}], [{8, 6}, {4, 7}, {3, 5}, {1, 2}], [{8, 7}, {4, 6}, {2, 5}, {1, 3}]]",1,4 K_1^3 - 2 K_1^2 - 4 K_1 K_2 - K_1 + K_2 + K_3 + 2,O1O2O3U4O5U6U5U7O4O8U3O6U2U1O7U8,O1O2O3U2O4U5U6U7O8U1O7O6U3O5U8U4,O1O2O3U4U5O6U1O7O8U3O5U8U7U6O4U2,c,{'O1O2O3U4O5U3U2O6U1O4O7U5U8U6O8U7'},1,"<a href=""/flatknot/8.1101516"">8.1101516</a>",t^7-15t^5-22t^4+12t^3+34t^2-16t+2,-t^2+2t,,
8.1101517,O1O2O3U4O5U3U2O6U1O4O7U6U8U5O8U7,3,22z^2+91z+95,-4w^4z^2+26w^3z^2-4w^3z+95w^2z+95w,False,False,"[[ 0 -1  0  0 -1  2 -1  2 -1],[ 1  0  0  0 -1  3  0  2  0],[ 0  0  0  0 -1  1 -1  1 -1],[ 0  0  0  0  0  0 -1  1 -1],[ 1  1  1  0  0  1 -1  0  1],[-2 -3 -1  0 -1  0  0  1 -2],[ 1  0  1  1  1  0  0  1  1],[-2 -2 -1 -1  0 -1 -1  0 -2],[ 1  0  1  1 -1  2 -1  2  0]]","[[ 0  2  2  0  0 -1 -1 -1 -1],[-2  0  1  0 -1  0 -1 -2 -3],[-2 -1  0 -1 -1 -1  0 -2 -2],[ 0  0  1  0  0 -1  0 -1  0],[ 0  1  1  0  0 -1 -1 -1  0],[ 1  0  1  1  1  0  1  1  0],[ 1  1  0  0  1 -1  0  1  1],[ 1  2  2  1  1 -1 -1  0  0],[ 1  3  2  0  0  0 -1  0  0]]",True,"[-2,-2,0,0,1,1,1,1,-1,0,1,0,1,2,3,1,1,1,0,2,2,0,1,0,1,0,1,1,1,0,-1,-1,0,-1,-1,0]","[-2,-2,0,0,1,1,1,1,-1,0,1,0,1,2,3,1,1,1,0,2,2,0,1,0,1,0,1,1,1,0,-1,-1,0,-1,-1,0]",t^8+36t^6+176t^4+140t^2,"[-1,-1,-1,-1,0,0,2,2,-1,-1,0,0,0,2,3,-1,-1,0,1,3,2,0,0,0,1,1,1,1,1,0,0,1,1,1,2,1]","[-2,-2,0,0,1,1,1,1,-1,1,1,1,1,2,3,1,2,0,1,3,2,0,1,0,0,0,1,0,0,1,0,0,-1,-1,-1,1]","[-1,-1,-1,-1,0,0,2,2,-1,-1,0,1,1,2,2,-1,1,0,1,0,1,0,1,1,1,0,0,0,2,3,0,1,0,1,1,-1]",c,"[[{8, 2}, {6, 7}, {4, 5}, {1, 3}], [{8, 3}, {6, 7}, {4, 5}, {1, 2}]]",1,- 8 K_1^2 - 8 K_1 K_2 + 4 K_1 + 4 K_2 + 4 K_3 + 5,O1O2O3U4O5U6U5U7O4O8U3O7U2U1O6U8,O1O2O3U2O4U5U6U7O8U3O7O6U1O5U8U4,O1O2O3U4U5O6U3O7O8U1O5U8U7U6O4U2,c,{'O1O2O3U4O5U3U2O6U1O4O7U6U8U5O8U7'},1,"<a href=""/flatknot/8.1101517"">8.1101517</a>",t^9-32t^7-64t^6+76t^5+220t^4+24t^3-82t^2+56t+56,-2t^2+4t,,
8.1101518,O1O2O3U4O5U3U2O6U7O4O7U1U8U5O8U6,4,4z^3+38z^2+111z+103,4w^4z^3+38w^3z^2+111w^2z+103w,False,False,"[[ 0 -2  0  0 -1  2  1  1 -1],[ 2  0  1  1 -1  2  1  3  1],[ 0 -1  0  0 -1  1  0  1 -1],[ 0 -1  0  0  0  0  0  1 -1],[ 1  1  1  0  0  3  1  1  1],[-2 -2 -1  0 -3  0  0 -2 -2],[-1 -1  0  0 -1  0  0 -1 -1],[-1 -3 -1 -1 -1  2  1  0 -2],[ 1 -1  1  1 -1  2  1  2  0]]","[[ 0  2  1  1  0  0 -1 -1 -2],[-2  0  0 -2  0 -1 -2 -3 -2],[-1  0  0 -1  0  0 -1 -1 -1],[-1  2  1  0 -1 -1 -2 -1 -3],[ 0  0  0  1  0  0 -1  0 -1],[ 0  1  0  1  0  0 -1 -1 -1],[ 1  2  1  2  1  1  0 -1 -1],[ 1  3  1  1  0  1  1  0  1],[ 2  2  1  3  1  1  1 -1  0]]",True,"[-2,-1,-1,0,0,1,1,2,0,2,0,1,2,3,2,1,0,0,1,1,1,1,1,2,1,3,0,1,0,1,1,1,1,1,1,-1]","[-2,-1,-1,0,0,1,1,2,-1,1,1,1,1,3,2,1,0,1,1,1,3,1,1,1,2,2,0,0,1,0,0,1,1,-1,0,2]",t^8+50t^6+283t^4+165t^2+4,"[-2,-1,-1,0,0,1,1,2,0,2,1,1,0,2,2,1,0,0,0,1,1,0,1,1,1,0,0,0,1,1,0,1,2,-1,-1,1]","[-2,-1,-1,0,0,1,1,2,-1,1,1,2,0,1,2,1,0,0,1,0,0,1,1,1,1,2,0,0,0,1,1,0,1,1,2,0]","[-2,-1,-1,0,0,1,1,2,-1,1,1,1,1,3,2,1,0,1,1,1,3,1,1,1,2,2,0,0,1,0,0,1,1,-1,0,2]",c,"[[{8, 7}, {4, 6}, {1, 5}, {2, 3}]]",1,- 8 K_1^2 - 8 K_1 K_2 + 4 K_1 + 4 K_2 + 4 K_3 + 5,O1O2O3U4O5U6U5U3O7O8U7O4U2U1O6U8,O1O2O3U2O4U1U5U6O7U3O6O5U4O8U7U8,O1O2O3U4U5O4U6O7O8U1O5U8U7U3O6U2,c,{'O1O2O3U4O5U3U2O6U7O4O7U1U8U5O8U6'},1,"<a href=""/flatknot/8.1101518"">8.1101518</a>",t^9-50t^7-174t^6-125t^5+102t^4+116t^3+52t^2+52t+20,0,,
8.1101519,O1O2O3U4O5U3U2O6U7O4O7U1U8U6O8U5,4,z^3+25z^2+99z+107,w^4z^3-2w^4z^2+27w^3z^2-6w^3z+105w^2z+107w,False,False,"[[ 0 -2  0  0 -1  2  1  1 -1],[ 2  0  1  1 -1  3  0  3  1],[ 0 -1  0  0 -1  1 -1  1  0],[ 0 -1  0  0  0  0 -1  1  0],[ 1  1  1  0  0  2  2  1  1],[-2 -3 -1  0 -2  0  1 -2 -3],[-1  0  1  1 -2 -1  0 -1 -1],[-1 -3 -1 -1 -1  2  1  0 -2],[ 1 -1  0  0 -1  3  1  2  0]]","[[ 0  2  1  1  0  0 -1 -1 -2],[-2  0  1 -2  0 -1 -2 -3 -3],[-1 -1  0 -1  1  1 -2 -1  0],[-1  2  1  0 -1 -1 -1 -2 -3],[ 0  0 -1  1  0  0  0  0 -1],[ 0  1 -1  1  0  0 -1  0 -1],[ 1  2  2  1  0  1  0  1  1],[ 1  3  1  2  0  0 -1  0 -1],[ 2  3  0  3  1  1 -1  1  0]]",True,"[-2,-1,-1,0,0,1,1,2,-1,2,0,1,2,3,3,1,-1,-1,2,1,0,1,1,1,2,3,0,0,0,1,1,0,1,-1,-1,1]","[-2,-1,-1,0,0,1,1,2,-1,1,1,1,0,3,3,1,0,1,2,1,2,0,0,1,2,3,0,-1,1,0,-1,1,1,-1,-1,2]",t^8+58t^6+475t^4+185t^2+9,"[-2,-1,-1,0,0,1,1,2,0,2,1,1,0,3,1,1,1,1,0,1,0,0,1,1,0,1,0,0,2,1,0,2,2,-1,-1,2]","[-2,-1,-1,0,0,1,1,2,-1,2,1,2,0,1,1,1,0,0,0,1,0,2,2,1,0,3,0,1,0,1,1,1,1,-1,0,2]","[-2,-1,-1,0,0,1,1,2,-1,1,1,1,0,3,3,1,0,1,2,1,2,0,0,1,2,3,0,-1,1,0,-1,1,1,-1,-1,2]",c,"[[{8, 1}, {2, 7}, {3, 6}, {4, 5}], [{8, 1}, {2, 7}, {4, 6}, {3, 5}], [{8, 1}, {2, 7}, {5, 6}, {3, 4}], [{8, 1}, {3, 7}, {2, 6}, {4, 5}], [{8, 1}, {3, 7}, {4, 6}, {2, 5}], [{8, 1}, {3, 7}, {5, 6}, {2, 4}], [{8, 1}, {4, 7}, {2, 6}, {3, 5}], [{8, 1}, {4, 7}, {3, 6}, {2, 5}], [{8, 1}, {4, 7}, {5, 6}, {2, 3}], [{8, 1}, {5, 7}, {2, 6}, {3, 4}], [{8, 1}, {5, 7}, {3, 6}, {2, 4}], [{8, 1}, {5, 7}, {4, 6}, {2, 3}], [{8, 1}, {6, 7}, {2, 5}, {3, 4}], [{8, 1}, {6, 7}, {3, 5}, {2, 4}], [{8, 1}, {6, 7}, {4, 5}, {2, 3}], [{8, 1}, {6, 7}, {4, 5}, {3}, {2}], [{8, 2}, {1, 7}, {3, 6}, {4, 5}], [{8, 2}, {1, 7}, {4, 6}, {3, 5}], [{8, 2}, {1, 7}, {5, 6}, {3, 4}], [{8, 2}, {1, 7}, {6}, {3, 5}, {4}], [{8, 2}, {1, 7}, {6}, {4, 5}, {3}], [{8, 2}, {1, 7}, {6}, {5}, {3, 4}], [{8, 2}, {3, 7}, {1, 6}, {4, 5}], [{8, 2}, {3, 7}, {4, 6}, {1, 5}], [{8, 2}, {3, 7}, {5, 6}, {1, 4}], [{8, 2}, {3, 7}, {6}, {4, 5}, {1}], [{8, 2}, {4, 7}, {1, 6}, {3, 5}], [{8, 2}, {4, 7}, {3, 6}, {1, 5}], [{8, 2}, {4, 7}, {5, 6}, {1, 3}], [{8, 2}, {5, 7}, {1, 6}, {3, 4}], [{8, 2}, {5, 7}, {3, 6}, {1, 4}], [{8, 2}, {5, 7}, {4, 6}, {1, 3}], [{8, 2}, {6, 7}, {1, 5}, {3, 4}], [{8, 2}, {6, 7}, {3, 5}, {1, 4}], [{8, 2}, {6, 7}, {4, 5}, {1, 3}], [{8, 2}, {6, 7}, {5}, {3, 4}, {1}], [{8, 2}, {7}, {1, 6}, {5}, {3, 4}], [{8, 2}, {7}, {6}, {4, 5}, {1, 3}], [{8, 3}, {1, 7}, {2, 6}, {4, 5}], [{8, 3}, {1, 7}, {2, 6}, {5}, {4}], [{8, 3}, {1, 7}, {4, 6}, {2, 5}], [{8, 3}, {1, 7}, {4, 6}, {5}, {2}], [{8, 3}, {1, 7}, {5, 6}, {2, 4}], [{8, 3}, {1, 7}, {5, 6}, {4}, {2}], [{8, 3}, {1, 7}, {6}, {2, 5}, {4}], [{8, 3}, {1, 7}, {6}, {4, 5}, {2}], [{8, 3}, {1, 7}, {6}, {5}, {2, 4}], [{8, 3}, {2, 7}, {1, 6}, {4, 5}], [{8, 3}, {2, 7}, {4, 6}, {1, 5}], [{8, 3}, {2, 7}, {5, 6}, {1, 4}], [{8, 3}, {2, 7}, {6}, {4, 5}, {1}], [{8, 3}, {4, 7}, {1, 6}, {2, 5}], [{8, 3}, {4, 7}, {2, 6}, {1, 5}], [{8, 3}, {4, 7}, {5, 6}, {1, 2}], [{8, 3}, {5, 7}, {1, 6}, {2, 4}], [{8, 3}, {5, 7}, {2, 6}, {1, 4}], [{8, 3}, {5, 7}, {4, 6}, {1, 2}], [{8, 3}, {6, 7}, {1, 5}, {2, 4}], [{8, 3}, {6, 7}, {1, 5}, {4}, {2}], [{8, 3}, {6, 7}, {2, 5}, {1, 4}], [{8, 3}, {6, 7}, {4, 5}, {1, 2}], [{8, 3}, {6, 7}, {5}, {2, 4}, {1}], [{8, 3}, {7}, {1, 6}, {5}, {2, 4}], [{8, 3}, {7}, {6}, {4, 5}, {1, 2}], [{8, 4}, {1, 7}, {2, 6}, {3, 5}], [{8, 4}, {1, 7}, {3, 6}, {2, 5}], [{8, 4}, {1, 7}, {5, 6}, {2, 3}], [{8, 4}, {2, 7}, {1, 6}, {3, 5}], [{8, 4}, {2, 7}, {3, 6}, {1, 5}], [{8, 4}, {2, 7}, {5, 6}, {1, 3}], [{8, 4}, {3, 7}, {1, 6}, {2, 5}], [{8, 4}, {3, 7}, {2, 6}, {1, 5}], [{8, 4}, {3, 7}, {5, 6}, {1, 2}], [{8, 4}, {5, 7}, {1, 6}, {2, 3}], [{8, 4}, {5, 7}, {2, 6}, {1, 3}], [{8, 4}, {5, 7}, {3, 6}, {1, 2}], [{8, 4}, {6, 7}, {1, 5}, {2, 3}], [{8, 4}, {6, 7}, {2, 5}, {1, 3}], [{8, 4}, {6, 7}, {3, 5}, {1, 2}], [{8, 4}, {6, 7}, {5}, {3}, {1, 2}], [{8, 4}, {7}, {1, 6}, {2, 5}, {3}], [{8, 4}, {7}, {1, 6}, {3, 5}, {2}], [{8, 4}, {7}, {1, 6}, {5}, {2, 3}], [{8, 5}, {1, 7}, {2, 6}, {3, 4}], [{8, 5}, {1, 7}, {3, 6}, {2, 4}], [{8, 5}, {1, 7}, {4, 6}, {2, 3}], [{8, 5}, {2, 7}, {1, 6}, {3, 4}], [{8, 5}, {2, 7}, {1, 6}, {4}, {3}], [{8, 5}, {2, 7}, {3, 6}, {1, 4}], [{8, 5}, {2, 7}, {4, 6}, {1, 3}], [{8, 5}, {3, 7}, {1, 6}, {2, 4}], [{8, 5}, {3, 7}, {2, 6}, {1, 4}], [{8, 5}, {3, 7}, {4, 6}, {1, 2}], [{8, 5}, {3, 7}, {4, 6}, {2}, {1}], [{8, 5}, {4, 7}, {1, 6}, {2, 3}], [{8, 5}, {4, 7}, {2, 6}, {1, 3}], [{8, 5}, {4, 7}, {3, 6}, {1, 2}], [{8, 5}, {6, 7}, {1, 4}, {2, 3}], [{8, 5}, {6, 7}, {2, 4}, {1, 3}], [{8, 5}, {6, 7}, {3, 4}, {1, 2}], [{8, 6}, {1, 7}, {2, 5}, {3, 4}], [{8, 6}, {1, 7}, {3, 5}, {2, 4}], [{8, 6}, {1, 7}, {4, 5}, {2, 3}], [{8, 6}, {1, 7}, {4, 5}, {3}, {2}], [{8, 6}, {2, 7}, {1, 5}, {3, 4}], [{8, 6}, {2, 7}, {3, 5}, {1, 4}], [{8, 6}, {2, 7}, {4, 5}, {1, 3}], [{8, 6}, {2, 7}, {4, 5}, {3}, {1}], [{8, 6}, {3, 7}, {1, 5}, {2, 4}], [{8, 6}, {3, 7}, {2, 5}, {1, 4}], [{8, 6}, {3, 7}, {4, 5}, {1, 2}], [{8, 6}, {3, 7}, {4, 5}, {2}, {1}], [{8, 6}, {4, 7}, {1, 5}, {2, 3}], [{8, 6}, {4, 7}, {1, 5}, {3}, {2}], [{8, 6}, {4, 7}, {2, 5}, {1, 3}], [{8, 6}, {4, 7}, {3, 5}, {1, 2}], [{8, 6}, {5, 7}, {1, 4}, {2, 3}], [{8, 6}, {5, 7}, {1, 4}, {3}, {2}], [{8, 6}, {5, 7}, {2, 4}, {1, 3}], [{8, 6}, {5, 7}, {3, 4}, {1, 2}], [{8, 6}, {7}, {3, 5}, {4}, {1, 2}], [{8, 6}, {7}, {4, 5}, {1, 3}, {2}], [{8, 6}, {7}, {4, 5}, {2, 3}, {1}], [{8, 6}, {7}, {4, 5}, {3}, {1, 2}], [{8, 6}, {7}, {4, 5}, {3}, {2}, {1}], [{8, 6}, {7}, {5}, {3, 4}, {1, 2}], [{8, 7}, {1, 6}, {2, 5}, {3, 4}], [{8, 7}, {1, 6}, {3, 5}, {2, 4}], [{8, 7}, {1, 6}, {4, 5}, {2, 3}], [{8, 7}, {1, 6}, {4, 5}, {3}, {2}], [{8, 7}, {2, 6}, {1, 5}, {3, 4}], [{8, 7}, {2, 6}, {3, 5}, {1, 4}], [{8, 7}, {2, 6}, {4, 5}, {1, 3}], [{8, 7}, {3, 6}, {1, 5}, {2, 4}], [{8, 7}, {3, 6}, {2, 5}, {1, 4}], [{8, 7}, {3, 6}, {4, 5}, {1, 2}], [{8, 7}, {4, 6}, {1, 5}, {2, 3}], [{8, 7}, {4, 6}, {1, 5}, {3}, {2}], [{8, 7}, {4, 6}, {2, 5}, {1, 3}], [{8, 7}, {4, 6}, {3, 5}, {1, 2}], [{8, 7}, {5, 6}, {1, 4}, {2, 3}], [{8, 7}, {5, 6}, {1, 4}, {3}, {2}], [{8, 7}, {5, 6}, {2, 4}, {1, 3}], [{8, 7}, {5, 6}, {3, 4}, {1, 2}], [{8, 7}, {6}, {5}, {2, 4}, {1, 3}], [{8}, {1, 7}, {2, 6}, {4, 5}, {3}], [{8}, {1, 7}, {3, 6}, {4, 5}, {2}], [{8}, {1, 7}, {4, 6}, {2, 5}, {3}], [{8}, {1, 7}, {5, 6}, {2, 4}, {3}], [{8}, {1, 7}, {6}, {4, 5}, {2, 3}], [{8}, {1, 7}, {6}, {4, 5}, {3}, {2}], [{8}, {2, 7}, {3, 6}, {4, 5}, {1}], [{8}, {2, 7}, {6}, {3, 5}, {1, 4}], [{8}, {3, 7}, {2, 6}, {4, 5}, {1}], [{8}, {3, 7}, {6}, {1, 5}, {2, 4}], [{8}, {4, 7}, {2, 6}, {3, 5}, {1}], [{8}, {4, 7}, {3, 6}, {2, 5}, {1}], [{8}, {5, 7}, {2, 6}, {3, 4}, {1}], [{8}, {5, 7}, {3, 6}, {2, 4}, {1}], [{8}, {7}, {2, 6}, {4, 5}, {1, 3}], [{8}, {7}, {3, 6}, {4, 5}, {1, 2}]]",2,- 4 K_1^2 - 4 K_1 K_2 + 2 K_1 + 2 K_2 + 2 K_3 + 3,O1O2O3U4O5U6U5U3O7O8U7O6U2U1O4U8,O1O2O3U2O4U1U5U6O7U4O6O5U3O8U7U8,O1O2O3U4U5O4U1O6O7U8O5U7U6U3O8U2,c,{'O1O2O3U4O5U3U2O6U7O4O7U1U8U6O8U5'},1,"<a href=""/flatknot/8.1101519"">8.1101519</a>",t^9-58t^7-200t^6-21t^5+546t^4+220t^3-400t^2+70t-22,0,,
8.1101520,O1O2O3U4O5U3U2O6U7O4O7U5U8U1O8U6,4,4z^3+31z^2+88z+85,4w^4z^3-4w^4z^2+35w^3z^2-12w^3z+100w^2z+85w,False,False,"[[ 0  0  0  0 -1  0  1  1 -1],[ 0  0  0  0 -2  1  0  1  0],[ 0  0  0  0 -1  1  0  1  0],[ 0  0  0  0  0  0  0  1  0],[ 1  2  1  0  0  1  1  1  0],[ 0 -1 -1  0 -1  0  1  0  0],[-1  0  0  0 -1 -1  0 -1 -1],[-1 -1 -1 -1 -1  0  1  0 -2],[ 1  0  0  0  0  0  1  2  0]]","[[ 0  1  1  0  0  0  0 -1 -1],[-1  0  1  0 -1 -1 -1 -1 -2],[-1 -1  0 -1  0  0  0 -1 -1],[ 0  0  1  0  0 -1 -1 -1  0],[ 0  1  0  0  0  0  0  0  0],[ 0  1  0  1  0  0  0 -1  0],[ 0  1  0  1  0  0  0 -2  0],[ 1  1  1  1  0  1  2  0  0],[ 1  2  1  0  0  0  0  0  0]]",True,"[-1,-1,0,0,0,0,1,1,-1,0,1,1,1,1,2,1,0,0,0,1,1,0,1,1,1,0,0,0,0,0,0,1,0,2,0,0]","[-1,-1,0,0,0,0,1,1,-1,0,1,1,1,1,1,1,0,0,0,0,1,-1,-1,0,1,0,0,0,1,-1,0,1,0,1,1,0]",t^8+20t^6+86t^4+80t^2+1,"[-1,-1,0,0,0,0,1,1,0,-1,0,0,1,1,1,1,1,1,1,0,1,-1,0,0,0,1,1,0,1,0,0,0,1,0,1,-1]","[-1,-1,0,0,0,0,1,1,-1,0,1,1,1,1,1,1,0,0,0,0,1,-1,-1,0,1,0,0,0,1,-1,0,1,0,1,1,0]","[-1,-1,0,0,0,0,1,1,0,0,0,0,0,1,2,0,1,1,2,1,1,0,0,0,0,1,-1,-1,1,0,0,0,1,0,1,-1]",c,"[[{8, 6}, {4, 7}, {2, 5}, {1, 3}], [{8, 6}, {4, 7}, {5}, {1, 3}, {2}]]",1,- 4 K_1^2 + 2 K_2 + 3,O1O2O3U4O5U3U5U6O7O8U7O4U2U1O6U8,O1O2O3U2O4U3U5U6O7U1O6O5U4O8U7U8,O1O2O3U4U5O4U6O7O8U3O5U8U7U1O6U2,c,{'O1O2O3U4O5U3U2O6U7O4O7U5U8U1O8U6'},1,"<a href=""/flatknot/8.1101520"">8.1101520</a>",t^9-20t^7-18t^6+62t^5+36t^4-36t^3+5t,0,,
8.1101521,O1O2O3U4O5U3U2O6U7O4O7U8U1U6O8U5,4,8z^3+50z^2+111z+87,8w^4z^3+50w^3z^2+111w^2z+87w,False,False,"[[ 0 -1  0  0 -1  2  1  1 -2],[ 1  0  1  1 -2  2  0  2  0],[ 0 -1  0  0 -1  1 -1  1  0],[ 0 -1  0  0  0  0 -1  1  0],[ 1  2  1  0  0  2  2  1  0],[-2 -2 -1  0 -2  0  1 -2 -3],[-1  0  1  1 -2 -1  0 -1 -1],[-1 -2 -1 -1 -1  2  1  0 -3],[ 2  0  0  0  0  3  1  3  0]]","[[ 0  2  1  1  0  0 -1 -1 -2],[-2  0  1 -2  0 -1 -2 -2 -3],[-1 -1  0 -1  1  1  0 -2 -1],[-1  2  1  0 -1 -1 -2 -1 -3],[ 0  0 -1  1  0  0 -1  0  0],[ 0  1 -1  1  0  0 -1 -1  0],[ 1  2  0  2  1  1  0 -2  0],[ 1  2  2  1  0  1  2  0  0],[ 2  3  1  3  0  0  0  0  0]]",True,"[-2,-1,-1,0,0,1,1,2,-1,2,0,1,2,2,3,1,-1,-1,0,2,1,1,1,2,1,3,0,1,0,0,1,1,0,2,0,0]","[-2,-1,-1,0,0,1,1,2,-1,2,0,1,2,2,3,1,-1,-1,0,2,1,1,1,2,1,3,0,1,0,0,1,1,0,2,0,0]",t^8+54t^6+530t^4+258t^2+1,"[-2,-1,-1,0,0,1,1,2,1,1,2,2,0,2,1,-2,0,1,1,0,1,0,0,0,2,1,0,0,2,1,0,2,2,-1,-1,2]","[-2,-1,-1,0,0,1,1,2,-1,2,1,2,1,1,1,1,0,0,0,1,0,2,2,2,0,2,0,0,0,2,0,1,2,-2,1,1]","[-2,-1,-1,0,0,1,1,2,0,0,0,0,1,3,3,-2,1,1,0,2,2,0,1,2,1,2,0,-1,1,0,-1,1,1,-1,-1,2]",c,"[[{8, 1}, {2, 7}, {3, 6}, {4, 5}], [{8, 1}, {2, 7}, {4, 6}, {3, 5}], [{8, 1}, {2, 7}, {5, 6}, {3, 4}], [{8, 1}, {3, 7}, {2, 6}, {4, 5}], [{8, 1}, {3, 7}, {4, 6}, {2, 5}], [{8, 1}, {3, 7}, {4, 6}, {5}, {2}], [{8, 1}, {3, 7}, {5, 6}, {2, 4}], [{8, 1}, {4, 7}, {2, 6}, {3, 5}], [{8, 1}, {4, 7}, {3, 6}, {2, 5}], [{8, 1}, {4, 7}, {5, 6}, {2, 3}], [{8, 1}, {5, 7}, {2, 6}, {3, 4}], [{8, 1}, {5, 7}, {3, 6}, {2, 4}], [{8, 1}, {5, 7}, {4, 6}, {2, 3}], [{8, 1}, {6, 7}, {2, 5}, {3, 4}], [{8, 1}, {6, 7}, {3, 5}, {2, 4}], [{8, 1}, {6, 7}, {4, 5}, {2, 3}], [{8, 1}, {6, 7}, {4, 5}, {3}, {2}], [{8, 2}, {1, 7}, {3, 6}, {4, 5}], [{8, 2}, {1, 7}, {4, 6}, {3, 5}], [{8, 2}, {1, 7}, {5, 6}, {3, 4}], [{8, 2}, {1, 7}, {6}, {3, 5}, {4}], [{8, 2}, {3, 7}, {1, 6}, {4, 5}], [{8, 2}, {3, 7}, {4, 6}, {1, 5}], [{8, 2}, {3, 7}, {5, 6}, {1, 4}], [{8, 2}, {4, 7}, {1, 6}, {3, 5}], [{8, 2}, {4, 7}, {3, 6}, {1, 5}], [{8, 2}, {4, 7}, {5, 6}, {1, 3}], [{8, 2}, {4, 7}, {6}, {3, 5}, {1}], [{8, 2}, {5, 7}, {1, 6}, {3, 4}], [{8, 2}, {5, 7}, {3, 6}, {1, 4}], [{8, 2}, {5, 7}, {4, 6}, {1, 3}], [{8, 2}, {6, 7}, {1, 5}, {3, 4}], [{8, 2}, {6, 7}, {3, 5}, {1, 4}], [{8, 2}, {6, 7}, {4, 5}, {1, 3}], [{8, 2}, {6, 7}, {5}, {3, 4}, {1}], [{8, 2}, {7}, {6}, {3, 5}, {1, 4}], [{8, 3}, {1, 7}, {2, 6}, {4, 5}], [{8, 3}, {1, 7}, {4, 6}, {2, 5}], [{8, 3}, {1, 7}, {4, 6}, {5}, {2}], [{8, 3}, {1, 7}, {5, 6}, {2, 4}], [{8, 3}, {2, 7}, {1, 6}, {4, 5}], [{8, 3}, {2, 7}, {4, 6}, {1, 5}], [{8, 3}, {2, 7}, {5, 6}, {1, 4}], [{8, 3}, {2, 7}, {5, 6}, {4}, {1}], [{8, 3}, {4, 7}, {1, 6}, {2, 5}], [{8, 3}, {4, 7}, {2, 6}, {1, 5}], [{8, 3}, {4, 7}, {5, 6}, {1, 2}], [{8, 3}, {5, 7}, {1, 6}, {2, 4}], [{8, 3}, {5, 7}, {2, 6}, {1, 4}], [{8, 3}, {5, 7}, {4, 6}, {1, 2}], [{8, 3}, {6, 7}, {1, 5}, {2, 4}], [{8, 3}, {6, 7}, {2, 5}, {1, 4}], [{8, 3}, {6, 7}, {4, 5}, {1, 2}], [{8, 3}, {6, 7}, {5}, {2, 4}, {1}], [{8, 4}, {1, 7}, {2, 6}, {3, 5}], [{8, 4}, {1, 7}, {2, 6}, {5}, {3}], [{8, 4}, {1, 7}, {3, 6}, {2, 5}], [{8, 4}, {1, 7}, {5, 6}, {2, 3}], [{8, 4}, {1, 7}, {5, 6}, {3}, {2}], [{8, 4}, {1, 7}, {6}, {2, 5}, {3}], [{8, 4}, {2, 7}, {1, 6}, {3, 5}], [{8, 4}, {2, 7}, {3, 6}, {1, 5}], [{8, 4}, {2, 7}, {5, 6}, {1, 3}], [{8, 4}, {3, 7}, {1, 6}, {2, 5}], [{8, 4}, {3, 7}, {1, 6}, {5}, {2}], [{8, 4}, {3, 7}, {2, 6}, {1, 5}], [{8, 4}, {3, 7}, {5, 6}, {1, 2}], [{8, 4}, {5, 7}, {1, 6}, {2, 3}], [{8, 4}, {5, 7}, {1, 6}, {3}, {2}], [{8, 4}, {5, 7}, {2, 6}, {1, 3}], [{8, 4}, {5, 7}, {3, 6}, {1, 2}], [{8, 4}, {6, 7}, {1, 5}, {2, 3}], [{8, 4}, {6, 7}, {2, 5}, {1, 3}], [{8, 4}, {6, 7}, {3, 5}, {1, 2}], [{8, 4}, {7}, {1, 6}, {3, 5}, {2}], [{8, 4}, {7}, {2, 6}, {3, 5}, {1}], [{8, 4}, {7}, {6}, {3, 5}, {1, 2}], [{8, 5}, {1, 7}, {2, 6}, {3, 4}], [{8, 5}, {1, 7}, {3, 6}, {2, 4}], [{8, 5}, {1, 7}, {3, 6}, {4}, {2}], [{8, 5}, {1, 7}, {4, 6}, {2, 3}], [{8, 5}, {1, 7}, {4, 6}, {3}, {2}], [{8, 5}, {1, 7}, {6}, {3, 4}, {2}], [{8, 5}, {2, 7}, {1, 6}, {3, 4}], [{8, 5}, {2, 7}, {3, 6}, {1, 4}], [{8, 5}, {2, 7}, {4, 6}, {1, 3}], [{8, 5}, {3, 7}, {1, 6}, {2, 4}], [{8, 5}, {3, 7}, {2, 6}, {1, 4}], [{8, 5}, {3, 7}, {4, 6}, {1, 2}], [{8, 5}, {4, 7}, {1, 6}, {2, 3}], [{8, 5}, {4, 7}, {1, 6}, {3}, {2}], [{8, 5}, {4, 7}, {2, 6}, {1, 3}], [{8, 5}, {4, 7}, {3, 6}, {1, 2}], [{8, 5}, {6, 7}, {1, 4}, {2, 3}], [{8, 5}, {6, 7}, {2, 4}, {1, 3}], [{8, 5}, {6, 7}, {3, 4}, {1, 2}], [{8, 6}, {1, 7}, {2, 5}, {3, 4}], [{8, 6}, {1, 7}, {3, 5}, {2, 4}], [{8, 6}, {1, 7}, {4, 5}, {2, 3}], [{8, 6}, {1, 7}, {4, 5}, {3}, {2}], [{8, 6}, {2, 7}, {1, 5}, {3, 4}], [{8, 6}, {2, 7}, {3, 5}, {1, 4}], [{8, 6}, {2, 7}, {3, 5}, {4}, {1}], [{8, 6}, {2, 7}, {4, 5}, {1, 3}], [{8, 6}, {2, 7}, {4, 5}, {3}, {1}], [{8, 6}, {2, 7}, {5}, {3, 4}, {1}], [{8, 6}, {3, 7}, {1, 5}, {2, 4}], [{8, 6}, {3, 7}, {1, 5}, {4}, {2}], [{8, 6}, {3, 7}, {2, 5}, {1, 4}], [{8, 6}, {3, 7}, {2, 5}, {4}, {1}], [{8, 6}, {3, 7}, {4, 5}, {1, 2}], [{8, 6}, {3, 7}, {4, 5}, {2}, {1}], [{8, 6}, {3, 7}, {5}, {1, 4}, {2}], [{8, 6}, {3, 7}, {5}, {2, 4}, {1}], [{8, 6}, {3, 7}, {5}, {4}, {1, 2}], [{8, 6}, {3, 7}, {5}, {4}, {2}, {1}], [{8, 6}, {4, 7}, {1, 5}, {2, 3}], [{8, 6}, {4, 7}, {2, 5}, {1, 3}], [{8, 6}, {4, 7}, {2, 5}, {3}, {1}], [{8, 6}, {4, 7}, {3, 5}, {1, 2}], [{8, 6}, {4, 7}, {3, 5}, {2}, {1}], [{8, 6}, {4, 7}, {5}, {2, 3}, {1}], [{8, 6}, {5, 7}, {1, 4}, {2, 3}], [{8, 6}, {5, 7}, {2, 4}, {1, 3}], [{8, 6}, {5, 7}, {2, 4}, {3}, {1}], [{8, 6}, {5, 7}, {3, 4}, {1, 2}], [{8, 6}, {5, 7}, {3, 4}, {2}, {1}], [{8, 6}, {5, 7}, {4}, {2, 3}, {1}], [{8, 6}, {7}, {2, 5}, {3, 4}, {1}], [{8, 6}, {7}, {3, 5}, {2, 4}, {1}], [{8, 6}, {7}, {4, 5}, {1, 3}, {2}], [{8, 6}, {7}, {4, 5}, {2, 3}, {1}], [{8, 6}, {7}, {4, 5}, {3}, {1, 2}], [{8, 6}, {7}, {4, 5}, {3}, {2}, {1}], [{8, 7}, {1, 6}, {2, 5}, {3, 4}], [{8, 7}, {1, 6}, {3, 5}, {2, 4}], [{8, 7}, {1, 6}, {4, 5}, {2, 3}], [{8, 7}, {1, 6}, {4, 5}, {3}, {2}], [{8, 7}, {2, 6}, {1, 5}, {3, 4}], [{8, 7}, {2, 6}, {3, 5}, {1, 4}], [{8, 7}, {2, 6}, {3, 5}, {4}, {1}], [{8, 7}, {2, 6}, {4, 5}, {1, 3}], [{8, 7}, {3, 6}, {1, 5}, {2, 4}], [{8, 7}, {3, 6}, {2, 5}, {1, 4}], [{8, 7}, {3, 6}, {4, 5}, {1, 2}], [{8, 7}, {3, 6}, {5}, {4}, {1, 2}], [{8, 7}, {4, 6}, {1, 5}, {2, 3}], [{8, 7}, {4, 6}, {2, 5}, {1, 3}], [{8, 7}, {4, 6}, {3, 5}, {1, 2}], [{8, 7}, {5, 6}, {1, 4}, {2, 3}], [{8, 7}, {5, 6}, {2, 4}, {1, 3}], [{8, 7}, {5, 6}, {3, 4}, {1, 2}], [{8, 7}, {6}, {1, 5}, {2, 4}, {3}], [{8}, {1, 7}, {4, 6}, {3, 5}, {2}], [{8}, {4, 7}, {2, 6}, {3, 5}, {1}], [{8}, {6, 7}, {1, 5}, {3, 4}, {2}], [{8}, {6, 7}, {2, 5}, {1, 4}, {3}]]",2,- 4 K_1^2 - 4 K_1 K_2 + 2 K_1 + 2 K_2 + 2 K_3 + 3,O1O2O3U4O5U6U3U5O7O8U7O6U2U1O4U8,O1O2O3U1O4U2U5U6O7U4O6O5U3O8U7U8,O1O2O3U4U5O4U1O6O7U8O5U7U6U2O8U3,c,{'O1O2O3U4O5U3U2O6U7O4O7U8U1U6O8U5'},1,"<a href=""/flatknot/8.1101521"">8.1101521</a>",t^9-54t^7-138t^6+184t^5+526t^4-193t^3-188t^2+147t-38,0,,
8.1101522,O1O2O3U4O5U3U2O6U7O4O7U8U6U1O8U5,4,5z^3+39z^2+101z+87,5w^4z^3-2w^4z^2+41w^3z^2-8w^3z+109w^2z+87w,False,False,"[[ 0  0  0  0 -1  2  0  1 -2],[ 0  0  1  1 -2  1 -1  1 -1],[ 0 -1  0  0 -1  1 -1  1  0],[ 0 -1  0  0  0  0 -1  1  0],[ 1  2  1  0  0  2  1  1  0],[-2 -1 -1  0 -2  0  1 -2 -3],[ 0  1  1  1 -1 -1  0  0  0],[-1 -1 -1 -1 -1  2  0  0 -3],[ 2  1  0  0  0  3  0  3  0]]","[[ 0  2  1  0  0  0  0 -1 -2],[-2  0 -2  1  0 -1 -1 -2 -3],[-1  2  0  0 -1 -1 -1 -1 -3],[ 0 -1  0  0  1  1  1 -1  0],[ 0  0  1 -1  0  0 -1  0  0],[ 0  1  1 -1  0  0 -1 -1  0],[ 0  1  1 -1  1  1  0 -2 -1],[ 1  2  1  1  0  1  2  0  0],[ 2  3  3  0  0  0  1  0  0]]",True,"[-2,-1,0,0,0,0,1,2,2,-1,0,1,1,2,3,0,1,1,1,1,3,-1,-1,-1,1,0,0,1,0,0,1,1,0,2,1,0]","[-2,-1,0,0,0,0,1,2,-1,1,1,2,3,1,1,0,0,0,1,1,0,-1,0,-1,0,2,1,-1,-1,1,-1,1,2,0,2,1]",t^8+45t^6+388t^4+254t^2+16,"[-2,-1,0,0,0,0,1,2,1,1,2,2,2,0,1,-1,0,0,1,1,1,-1,1,-1,0,1,1,0,0,1,-1,1,3,0,2,-1]","[-2,-1,0,0,0,0,1,2,-1,1,1,2,3,1,1,0,0,0,1,1,0,-1,0,-1,0,2,1,-1,-1,1,-1,1,2,0,2,1]","[-2,-1,0,0,0,0,1,2,0,0,0,0,1,3,3,0,1,1,2,1,2,-1,0,-1,1,0,1,1,0,-1,-1,1,1,1,1,2]",c,"[[{8, 1}, {2, 7}, {3, 6}, {4, 5}], [{8, 1}, {2, 7}, {4, 6}, {3, 5}], [{8, 1}, {2, 7}, {5, 6}, {3, 4}], [{8, 1}, {3, 7}, {2, 6}, {4, 5}], [{8, 1}, {3, 7}, {4, 6}, {2, 5}], [{8, 1}, {3, 7}, {5, 6}, {2, 4}], [{8, 1}, {3, 7}, {5, 6}, {4}, {2}], [{8, 1}, {4, 7}, {2, 6}, {3, 5}], [{8, 1}, {4, 7}, {3, 6}, {2, 5}], [{8, 1}, {4, 7}, {5, 6}, {2, 3}], [{8, 1}, {5, 7}, {2, 6}, {3, 4}], [{8, 1}, {5, 7}, {3, 6}, {2, 4}], [{8, 1}, {5, 7}, {4, 6}, {2, 3}], [{8, 1}, {6, 7}, {2, 5}, {3, 4}], [{8, 1}, {6, 7}, {2, 5}, {4}, {3}], [{8, 1}, {6, 7}, {3, 5}, {2, 4}], [{8, 1}, {6, 7}, {4, 5}, {2, 3}], [{8, 1}, {6, 7}, {4, 5}, {3}, {2}], [{8, 1}, {6, 7}, {5}, {2, 4}, {3}], [{8, 1}, {7}, {6}, {2, 5}, {3, 4}], [{8, 1}, {7}, {6}, {3, 5}, {2, 4}], [{8, 2}, {1, 7}, {3, 6}, {4, 5}], [{8, 2}, {1, 7}, {4, 6}, {3, 5}], [{8, 2}, {1, 7}, {5, 6}, {3, 4}], [{8, 2}, {3, 7}, {1, 6}, {4, 5}], [{8, 2}, {3, 7}, {4, 6}, {1, 5}], [{8, 2}, {3, 7}, {5, 6}, {1, 4}], [{8, 2}, {4, 7}, {1, 6}, {3, 5}], [{8, 2}, {4, 7}, {3, 6}, {1, 5}], [{8, 2}, {4, 7}, {3, 6}, {5}, {1}], [{8, 2}, {4, 7}, {5, 6}, {1, 3}], [{8, 2}, {5, 7}, {1, 6}, {3, 4}], [{8, 2}, {5, 7}, {3, 6}, {1, 4}], [{8, 2}, {5, 7}, {3, 6}, {4}, {1}], [{8, 2}, {5, 7}, {4, 6}, {1, 3}], [{8, 2}, {6, 7}, {1, 5}, {3, 4}], [{8, 2}, {6, 7}, {3, 5}, {1, 4}], [{8, 2}, {6, 7}, {4, 5}, {1, 3}], [{8, 2}, {6, 7}, {5}, {1, 4}, {3}], [{8, 2}, {7}, {3, 6}, {4, 5}, {1}], [{8, 2}, {7}, {6}, {1, 5}, {3, 4}], [{8, 3}, {1, 7}, {2, 6}, {4, 5}], [{8, 3}, {1, 7}, {4, 6}, {2, 5}], [{8, 3}, {1, 7}, {5, 6}, {2, 4}], [{8, 3}, {2, 7}, {1, 6}, {4, 5}], [{8, 3}, {2, 7}, {4, 6}, {1, 5}], [{8, 3}, {2, 7}, {5, 6}, {1, 4}], [{8, 3}, {4, 7}, {1, 6}, {2, 5}], [{8, 3}, {4, 7}, {2, 6}, {1, 5}], [{8, 3}, {4, 7}, {2, 6}, {5}, {1}], [{8, 3}, {4, 7}, {5, 6}, {1, 2}], [{8, 3}, {5, 7}, {1, 6}, {2, 4}], [{8, 3}, {5, 7}, {2, 6}, {1, 4}], [{8, 3}, {5, 7}, {2, 6}, {4}, {1}], [{8, 3}, {5, 7}, {4, 6}, {1, 2}], [{8, 3}, {6, 7}, {1, 5}, {2, 4}], [{8, 3}, {6, 7}, {2, 5}, {1, 4}], [{8, 3}, {6, 7}, {4, 5}, {1, 2}], [{8, 3}, {7}, {1, 6}, {2, 5}, {4}], [{8, 3}, {7}, {2, 6}, {4, 5}, {1}], [{8, 3}, {7}, {5, 6}, {1, 4}, {2}], [{8, 4}, {1, 7}, {2, 6}, {3, 5}], [{8, 4}, {1, 7}, {2, 6}, {5}, {3}], [{8, 4}, {1, 7}, {3, 6}, {2, 5}], [{8, 4}, {1, 7}, {5, 6}, {2, 3}], [{8, 4}, {1, 7}, {6}, {3, 5}, {2}], [{8, 4}, {2, 7}, {1, 6}, {3, 5}], [{8, 4}, {2, 7}, {1, 6}, {5}, {3}], [{8, 4}, {2, 7}, {3, 6}, {1, 5}], [{8, 4}, {2, 7}, {3, 6}, {5}, {1}], [{8, 4}, {2, 7}, {5, 6}, {1, 3}], [{8, 4}, {2, 7}, {6}, {5}, {1, 3}], [{8, 4}, {3, 7}, {1, 6}, {2, 5}], [{8, 4}, {3, 7}, {2, 6}, {1, 5}], [{8, 4}, {3, 7}, {2, 6}, {5}, {1}], [{8, 4}, {3, 7}, {5, 6}, {1, 2}], [{8, 4}, {3, 7}, {6}, {1, 5}, {2}], [{8, 4}, {5, 7}, {1, 6}, {2, 3}], [{8, 4}, {5, 7}, {1, 6}, {3}, {2}], [{8, 4}, {5, 7}, {2, 6}, {1, 3}], [{8, 4}, {5, 7}, {2, 6}, {3}, {1}], [{8, 4}, {5, 7}, {3, 6}, {1, 2}], [{8, 4}, {5, 7}, {3, 6}, {2}, {1}], [{8, 4}, {5, 7}, {6}, {1, 3}, {2}], [{8, 4}, {5, 7}, {6}, {2, 3}, {1}], [{8, 4}, {5, 7}, {6}, {3}, {1, 2}], [{8, 4}, {5, 7}, {6}, {3}, {2}, {1}], [{8, 4}, {6, 7}, {1, 5}, {2, 3}], [{8, 4}, {6, 7}, {2, 5}, {1, 3}], [{8, 4}, {6, 7}, {3, 5}, {1, 2}], [{8, 4}, {6, 7}, {5}, {1, 3}, {2}], [{8, 4}, {7}, {1, 6}, {2, 5}, {3}], [{8, 4}, {7}, {2, 6}, {1, 5}, {3}], [{8, 4}, {7}, {2, 6}, {3, 5}, {1}], [{8, 4}, {7}, {2, 6}, {5}, {1, 3}], [{8, 4}, {7}, {3, 6}, {2, 5}, {1}], [{8, 4}, {7}, {5, 6}, {1, 3}, {2}], [{8, 4}, {7}, {6}, {2, 5}, {1, 3}], [{8, 4}, {7}, {6}, {5}, {1, 3}, {2}], [{8, 5}, {1, 7}, {2, 6}, {3, 4}], [{8, 5}, {1, 7}, {3, 6}, {2, 4}], [{8, 5}, {1, 7}, {4, 6}, {2, 3}], [{8, 5}, {2, 7}, {1, 6}, {3, 4}], [{8, 5}, {2, 7}, {3, 6}, {1, 4}], [{8, 5}, {2, 7}, {3, 6}, {4}, {1}], [{8, 5}, {2, 7}, {4, 6}, {1, 3}], [{8, 5}, {3, 7}, {1, 6}, {2, 4}], [{8, 5}, {3, 7}, {2, 6}, {1, 4}], [{8, 5}, {3, 7}, {2, 6}, {4}, {1}], [{8, 5}, {3, 7}, {4, 6}, {1, 2}], [{8, 5}, {4, 7}, {1, 6}, {2, 3}], [{8, 5}, {4, 7}, {1, 6}, {3}, {2}], [{8, 5}, {4, 7}, {2, 6}, {1, 3}], [{8, 5}, {4, 7}, {2, 6}, {3}, {1}], [{8, 5}, {4, 7}, {3, 6}, {1, 2}], [{8, 5}, {4, 7}, {3, 6}, {2}, {1}], [{8, 5}, {4, 7}, {6}, {1, 3}, {2}], [{8, 5}, {4, 7}, {6}, {2, 3}, {1}], [{8, 5}, {4, 7}, {6}, {3}, {1, 2}], [{8, 5}, {4, 7}, {6}, {3}, {2}, {1}], [{8, 5}, {6, 7}, {1, 4}, {2, 3}], [{8, 5}, {6, 7}, {2, 4}, {1, 3}], [{8, 5}, {6, 7}, {3, 4}, {1, 2}], [{8, 5}, {6, 7}, {4}, {3}, {1, 2}], [{8, 5}, {7}, {2, 6}, {3, 4}, {1}], [{8, 5}, {7}, {3, 6}, {2, 4}, {1}], [{8, 5}, {7}, {4, 6}, {3}, {1, 2}], [{8, 6}, {1, 7}, {2, 5}, {3, 4}], [{8, 6}, {1, 7}, {2, 5}, {4}, {3}], [{8, 6}, {1, 7}, {3, 5}, {2, 4}], [{8, 6}, {1, 7}, {4, 5}, {2, 3}], [{8, 6}, {1, 7}, {4, 5}, {3}, {2}], [{8, 6}, {1, 7}, {5}, {2, 4}, {3}], [{8, 6}, {2, 7}, {1, 5}, {3, 4}], [{8, 6}, {2, 7}, {3, 5}, {1, 4}], [{8, 6}, {2, 7}, {4, 5}, {1, 3}], [{8, 6}, {3, 7}, {1, 5}, {2, 4}], [{8, 6}, {3, 7}, {1, 5}, {4}, {2}], [{8, 6}, {3, 7}, {2, 5}, {1, 4}], [{8, 6}, {3, 7}, {4, 5}, {1, 2}], [{8, 6}, {4, 7}, {1, 5}, {2, 3}], [{8, 6}, {4, 7}, {2, 5}, {1, 3}], [{8, 6}, {4, 7}, {3, 5}, {1, 2}], [{8, 6}, {4, 7}, {5}, {3}, {1, 2}], [{8, 6}, {5, 7}, {1, 4}, {2, 3}], [{8, 6}, {5, 7}, {2, 4}, {1, 3}], [{8, 6}, {5, 7}, {3, 4}, {1, 2}], [{8, 6}, {7}, {2, 5}, {3, 4}, {1}], [{8, 6}, {7}, {3, 5}, {1, 4}, {2}], [{8, 6}, {7}, {3, 5}, {2, 4}, {1}], [{8, 6}, {7}, {3, 5}, {4}, {1, 2}], [{8, 7}, {1, 6}, {2, 5}, {3, 4}], [{8, 7}, {1, 6}, {3, 5}, {2, 4}], [{8, 7}, {1, 6}, {4, 5}, {2, 3}], [{8, 7}, {1, 6}, {4, 5}, {3}, {2}], [{8, 7}, {2, 6}, {1, 5}, {3, 4}], [{8, 7}, {2, 6}, {3, 5}, {1, 4}], [{8, 7}, {2, 6}, {3, 5}, {4}, {1}], [{8, 7}, {2, 6}, {4, 5}, {1, 3}], [{8, 7}, {2, 6}, {4, 5}, {3}, {1}], [{8, 7}, {2, 6}, {5}, {3, 4}, {1}], [{8, 7}, {3, 6}, {1, 5}, {2, 4}], [{8, 7}, {3, 6}, {2, 5}, {1, 4}], [{8, 7}, {3, 6}, {2, 5}, {4}, {1}], [{8, 7}, {3, 6}, {4, 5}, {1, 2}], [{8, 7}, {3, 6}, {4, 5}, {2}, {1}], [{8, 7}, {3, 6}, {5}, {2, 4}, {1}], [{8, 7}, {4, 6}, {1, 5}, {2, 3}], [{8, 7}, {4, 6}, {2, 5}, {1, 3}], [{8, 7}, {4, 6}, {3, 5}, {1, 2}], [{8, 7}, {5, 6}, {1, 4}, {2, 3}], [{8, 7}, {5, 6}, {2, 4}, {1, 3}], [{8, 7}, {5, 6}, {3, 4}, {1, 2}], [{8, 7}, {6}, {4, 5}, {1, 3}, {2}], [{8, 7}, {6}, {4, 5}, {2, 3}, {1}], [{8, 7}, {6}, {4, 5}, {3}, {1, 2}], [{8, 7}, {6}, {4, 5}, {3}, {2}, {1}], [{8}, {2, 7}, {3, 6}, {4, 5}, {1}], [{8}, {3, 7}, {2, 6}, {4, 5}, {1}], [{8}, {3, 7}, {4, 6}, {1, 5}, {2}], [{8}, {4, 7}, {2, 6}, {3, 5}, {1}], [{8}, {4, 7}, {3, 6}, {2, 5}, {1}], [{8}, {4, 7}, {5, 6}, {3}, {1, 2}], [{8}, {5, 7}, {2, 6}, {3, 4}, {1}], [{8}, {5, 7}, {3, 6}, {2, 4}, {1}], [{8}, {6, 7}, {1, 5}, {3, 4}, {2}], [{8}, {7}, {1, 6}, {2, 5}, {3, 4}], [{8}, {7}, {1, 6}, {3, 5}, {2, 4}]]",2,4 K_1^3 - 4 K_1^2 - 4 K_1 K_2 - K_1 + 2 K_2 + K_3 + 3,O1O2O3U4O5U3U6U5O7O8U7O6U2U1O4U8,O1O2O3U1O4U3U5U6O7U4O6O5U2O8U7U8,O1O2O3U4U5O4U2O6O7U8O5U7U6U1O8U3,c,{'O1O2O3U4O5U3U2O6U7O4O7U8U6U1O8U5'},1,"<a href=""/flatknot/8.1101522"">8.1101522</a>",t^9-45t^7-102t^6+154t^5+520t^4+225t^3-160t^2-71t+18,0,,
8.1101523,O1O2O3U4O5U3U2O6U7O4O8U1U6U8O7U5,4,7z^3+47z^2+109z+87,7w^4z^3-2w^4z^2+49w^3z^2+109w^2z+87w,False,False,"[[ 0 -2  0  0 -1  2  0 -1  2],[ 2  0  1  1  0  3  0  1  2],[ 0 -1  0  0 -1  1 -1  1  0],[ 0 -1  0  0  0  0 -1  1  0],[ 1  0  1  0  0  2  0  0  1],[-2 -3 -1  0 -2  0  0 -3  1],[ 0  0  1  1  0  0  0 -1  1],[ 1 -1 -1 -1  0  3  1  0  2],[-2 -2  0  0 -1 -1 -1 -2  0]]","[[ 0  2  2  0  0  0 -1 -1 -2],[-2  0  1  0  0 -1 -2 -3 -3],[-2 -1  0  0 -1  0 -1 -2 -2],[ 0  0  0  0 -1  0  0  1 -1],[ 0  0  1  1  0  1  0 -1  0],[ 0  1  0  0 -1  0 -1  1 -1],[ 1  2  1  0  0  1  0  0  0],[ 1  3  2 -1  1 -1  0  0 -1],[ 2  3  2  1  0  1  0  1  0]]",True,"[-2,-2,0,0,0,1,1,2,-1,0,0,1,2,3,3,0,1,0,1,2,2,1,0,0,-1,1,-1,0,1,0,1,-1,1,0,0,1]","[-2,-2,0,0,0,1,1,2,-1,0,0,1,2,3,3,0,1,0,1,2,2,1,0,0,-1,1,-1,0,1,0,1,-1,1,0,0,1]",t^8+43t^6+296t^4+224t^2+4,"[-2,-1,-1,0,0,0,2,2,0,1,1,1,2,1,2,0,2,2,0,0,1,0,1,1,1,2,0,1,1,2,1,2,2,2,1,-1]","[-2,-2,0,0,0,1,1,2,-1,1,2,2,1,2,2,2,1,2,0,1,1,1,1,0,1,2,0,2,0,1,2,1,1,0,0,1]","[-2,-1,-1,0,0,0,2,2,0,1,0,1,1,2,3,0,0,0,1,1,2,1,-1,-1,2,3,1,1,1,0,0,0,0,0,1,-1]",c,"[[{8, 1}, {2, 7}, {3, 6}, {4, 5}], [{8, 1}, {2, 7}, {3, 6}, {5}, {4}], [{8, 1}, {2, 7}, {4, 6}, {3, 5}], [{8, 1}, {2, 7}, {4, 6}, {5}, {3}], [{8, 1}, {2, 7}, {5, 6}, {3, 4}], [{8, 1}, {2, 7}, {5, 6}, {4}, {3}], [{8, 1}, {2, 7}, {6}, {3, 5}, {4}], [{8, 1}, {2, 7}, {6}, {4, 5}, {3}], [{8, 1}, {2, 7}, {6}, {5}, {3, 4}], [{8, 1}, {2, 7}, {6}, {5}, {4}, {3}], [{8, 1}, {3, 7}, {2, 6}, {4, 5}], [{8, 1}, {3, 7}, {4, 6}, {2, 5}], [{8, 1}, {3, 7}, {5, 6}, {2, 4}], [{8, 1}, {3, 7}, {6}, {2, 5}, {4}], [{8, 1}, {3, 7}, {6}, {4, 5}, {2}], [{8, 1}, {3, 7}, {6}, {5}, {2, 4}], [{8, 1}, {4, 7}, {2, 6}, {3, 5}], [{8, 1}, {4, 7}, {2, 6}, {5}, {3}], [{8, 1}, {4, 7}, {3, 6}, {2, 5}], [{8, 1}, {4, 7}, {3, 6}, {5}, {2}], [{8, 1}, {4, 7}, {5, 6}, {2, 3}], [{8, 1}, {4, 7}, {5, 6}, {3}, {2}], [{8, 1}, {4, 7}, {6}, {2, 5}, {3}], [{8, 1}, {4, 7}, {6}, {3, 5}, {2}], [{8, 1}, {4, 7}, {6}, {5}, {2, 3}], [{8, 1}, {4, 7}, {6}, {5}, {3}, {2}], [{8, 1}, {5, 7}, {2, 6}, {3, 4}], [{8, 1}, {5, 7}, {2, 6}, {4}, {3}], [{8, 1}, {5, 7}, {3, 6}, {2, 4}], [{8, 1}, {5, 7}, {3, 6}, {4}, {2}], [{8, 1}, {5, 7}, {4, 6}, {2, 3}], [{8, 1}, {5, 7}, {4, 6}, {3}, {2}], [{8, 1}, {5, 7}, {6}, {2, 4}, {3}], [{8, 1}, {5, 7}, {6}, {3, 4}, {2}], [{8, 1}, {5, 7}, {6}, {4}, {2, 3}], [{8, 1}, {5, 7}, {6}, {4}, {3}, {2}], [{8, 1}, {6, 7}, {2, 5}, {3, 4}], [{8, 1}, {6, 7}, {2, 5}, {4}, {3}], [{8, 1}, {6, 7}, {3, 5}, {2, 4}], [{8, 1}, {6, 7}, {4, 5}, {2, 3}], [{8, 1}, {6, 7}, {4, 5}, {3}, {2}], [{8, 1}, {6, 7}, {5}, {2, 4}, {3}], [{8, 1}, {7}, {2, 6}, {4, 5}, {3}], [{8, 1}, {7}, {3, 6}, {2, 5}, {4}], [{8, 1}, {7}, {3, 6}, {4, 5}, {2}], [{8, 1}, {7}, {3, 6}, {5}, {2, 4}], [{8, 1}, {7}, {4, 6}, {2, 5}, {3}], [{8, 1}, {7}, {5, 6}, {2, 4}, {3}], [{8, 1}, {7}, {6}, {2, 5}, {3, 4}], [{8, 1}, {7}, {6}, {2, 5}, {4}, {3}], [{8, 1}, {7}, {6}, {3, 5}, {2, 4}], [{8, 1}, {7}, {6}, {4, 5}, {2, 3}], [{8, 1}, {7}, {6}, {4, 5}, {3}, {2}], [{8, 1}, {7}, {6}, {5}, {2, 4}, {3}], [{8, 2}, {1, 7}, {3, 6}, {4, 5}], [{8, 2}, {1, 7}, {3, 6}, {5}, {4}], [{8, 2}, {1, 7}, {4, 6}, {3, 5}], [{8, 2}, {1, 7}, {5, 6}, {3, 4}], [{8, 2}, {3, 7}, {1, 6}, {4, 5}], [{8, 2}, {3, 7}, {1, 6}, {5}, {4}], [{8, 2}, {3, 7}, {4, 6}, {1, 5}], [{8, 2}, {3, 7}, {4, 6}, {5}, {1}], [{8, 2}, {3, 7}, {5, 6}, {1, 4}], [{8, 2}, {3, 7}, {6}, {5}, {1, 4}], [{8, 2}, {4, 7}, {1, 6}, {3, 5}], [{8, 2}, {4, 7}, {3, 6}, {1, 5}], [{8, 2}, {4, 7}, {3, 6}, {5}, {1}], [{8, 2}, {4, 7}, {5, 6}, {1, 3}], [{8, 2}, {4, 7}, {5, 6}, {3}, {1}], [{8, 2}, {4, 7}, {6}, {3, 5}, {1}], [{8, 2}, {5, 7}, {1, 6}, {3, 4}], [{8, 2}, {5, 7}, {3, 6}, {1, 4}], [{8, 2}, {5, 7}, {4, 6}, {1, 3}], [{8, 2}, {5, 7}, {6}, {4}, {1, 3}], [{8, 2}, {6, 7}, {1, 5}, {3, 4}], [{8, 2}, {6, 7}, {3, 5}, {1, 4}], [{8, 2}, {6, 7}, {4, 5}, {1, 3}], [{8, 2}, {6, 7}, {5}, {1, 4}, {3}], [{8, 2}, {6, 7}, {5}, {3, 4}, {1}], [{8, 2}, {6, 7}, {5}, {4}, {1, 3}], [{8, 2}, {7}, {3, 6}, {5}, {1, 4}], [{8, 2}, {7}, {5, 6}, {4}, {1, 3}], [{8, 3}, {1, 7}, {2, 6}, {4, 5}], [{8, 3}, {1, 7}, {4, 6}, {2, 5}], [{8, 3}, {1, 7}, {5, 6}, {2, 4}], [{8, 3}, {2, 7}, {1, 6}, {4, 5}], [{8, 3}, {2, 7}, {4, 6}, {1, 5}], [{8, 3}, {2, 7}, {5, 6}, {1, 4}], [{8, 3}, {2, 7}, {6}, {1, 5}, {4}], [{8, 3}, {4, 7}, {1, 6}, {2, 5}], [{8, 3}, {4, 7}, {2, 6}, {1, 5}], [{8, 3}, {4, 7}, {5, 6}, {1, 2}], [{8, 3}, {4, 7}, {6}, {1, 5}, {2}], [{8, 3}, {5, 7}, {1, 6}, {2, 4}], [{8, 3}, {5, 7}, {2, 6}, {1, 4}], [{8, 3}, {5, 7}, {4, 6}, {1, 2}], [{8, 3}, {5, 7}, {6}, {4}, {1, 2}], [{8, 3}, {6, 7}, {1, 5}, {2, 4}], [{8, 3}, {6, 7}, {1, 5}, {4}, {2}], [{8, 3}, {6, 7}, {2, 5}, {1, 4}], [{8, 3}, {6, 7}, {4, 5}, {1, 2}], [{8, 3}, {7}, {1, 6}, {5}, {2, 4}], [{8, 3}, {7}, {2, 6}, {1, 5}, {4}], [{8, 3}, {7}, {4, 6}, {1, 5}, {2}], [{8, 3}, {7}, {5, 6}, {2, 4}, {1}], [{8, 3}, {7}, {6}, {1, 5}, {2, 4}], [{8, 3}, {7}, {6}, {2, 5}, {1, 4}], [{8, 4}, {1, 7}, {2, 6}, {3, 5}], [{8, 4}, {1, 7}, {3, 6}, {2, 5}], [{8, 4}, {1, 7}, {5, 6}, {2, 3}], [{8, 4}, {2, 7}, {1, 6}, {3, 5}], [{8, 4}, {2, 7}, {3, 6}, {1, 5}], [{8, 4}, {2, 7}, {5, 6}, {1, 3}], [{8, 4}, {2, 7}, {6}, {3, 5}, {1}], [{8, 4}, {3, 7}, {1, 6}, {2, 5}], [{8, 4}, {3, 7}, {2, 6}, {1, 5}], [{8, 4}, {3, 7}, {5, 6}, {1, 2}], [{8, 4}, {3, 7}, {6}, {1, 5}, {2}], [{8, 4}, {5, 7}, {1, 6}, {2, 3}], [{8, 4}, {5, 7}, {2, 6}, {1, 3}], [{8, 4}, {5, 7}, {2, 6}, {3}, {1}], [{8, 4}, {5, 7}, {3, 6}, {1, 2}], [{8, 4}, {5, 7}, {3, 6}, {2}, {1}], [{8, 4}, {5, 7}, {6}, {2, 3}, {1}], [{8, 4}, {6, 7}, {1, 5}, {2, 3}], [{8, 4}, {6, 7}, {2, 5}, {1, 3}], [{8, 4}, {6, 7}, {3, 5}, {1, 2}], [{8, 4}, {6, 7}, {5}, {2, 3}, {1}], [{8, 4}, {7}, {2, 6}, {5}, {1, 3}], [{8, 4}, {7}, {5, 6}, {1, 3}, {2}], [{8, 4}, {7}, {5, 6}, {2, 3}, {1}], [{8, 4}, {7}, {5, 6}, {3}, {1, 2}], [{8, 4}, {7}, {6}, {2, 5}, {1, 3}], [{8, 5}, {1, 7}, {2, 6}, {3, 4}], [{8, 5}, {1, 7}, {3, 6}, {2, 4}], [{8, 5}, {1, 7}, {4, 6}, {2, 3}], [{8, 5}, {2, 7}, {1, 6}, {3, 4}], [{8, 5}, {2, 7}, {3, 6}, {1, 4}], [{8, 5}, {2, 7}, {4, 6}, {1, 3}], [{8, 5}, {2, 7}, {6}, {4}, {1, 3}], [{8, 5}, {3, 7}, {1, 6}, {2, 4}], [{8, 5}, {3, 7}, {2, 6}, {1, 4}], [{8, 5}, {3, 7}, {2, 6}, {4}, {1}], [{8, 5}, {3, 7}, {4, 6}, {1, 2}], [{8, 5}, {4, 7}, {1, 6}, {2, 3}], [{8, 5}, {4, 7}, {2, 6}, {1, 3}], [{8, 5}, {4, 7}, {3, 6}, {1, 2}], [{8, 5}, {4, 7}, {6}, {1, 3}, {2}], [{8, 5}, {6, 7}, {1, 4}, {2, 3}], [{8, 5}, {6, 7}, {2, 4}, {1, 3}], [{8, 5}, {6, 7}, {3, 4}, {1, 2}], [{8, 5}, {6, 7}, {3, 4}, {2}, {1}], [{8, 5}, {7}, {1, 6}, {2, 4}, {3}], [{8, 5}, {7}, {3, 6}, {2, 4}, {1}], [{8, 5}, {7}, {6}, {2, 4}, {1, 3}], [{8, 6}, {1, 7}, {2, 5}, {3, 4}], [{8, 6}, {1, 7}, {3, 5}, {2, 4}], [{8, 6}, {1, 7}, {4, 5}, {2, 3}], [{8, 6}, {1, 7}, {4, 5}, {3}, {2}], [{8, 6}, {2, 7}, {1, 5}, {3, 4}], [{8, 6}, {2, 7}, {3, 5}, {1, 4}], [{8, 6}, {2, 7}, {3, 5}, {4}, {1}], [{8, 6}, {2, 7}, {4, 5}, {1, 3}], [{8, 6}, {3, 7}, {1, 5}, {2, 4}], [{8, 6}, {3, 7}, {2, 5}, {1, 4}], [{8, 6}, {3, 7}, {4, 5}, {1, 2}], [{8, 6}, {4, 7}, {1, 5}, {2, 3}], [{8, 6}, {4, 7}, {2, 5}, {1, 3}], [{8, 6}, {4, 7}, {3, 5}, {1, 2}], [{8, 6}, {4, 7}, {3, 5}, {2}, {1}], [{8, 6}, {5, 7}, {1, 4}, {2, 3}], [{8, 6}, {5, 7}, {2, 4}, {1, 3}], [{8, 6}, {5, 7}, {3, 4}, {1, 2}], [{8, 6}, {5, 7}, {4}, {2, 3}, {1}], [{8, 6}, {7}, {1, 5}, {2, 4}, {3}], [{8, 6}, {7}, {2, 5}, {3, 4}, {1}], [{8, 6}, {7}, {3, 5}, {2, 4}, {1}], [{8, 6}, {7}, {5}, {2, 4}, {1, 3}], [{8, 7}, {1, 6}, {2, 5}, {3, 4}], [{8, 7}, {1, 6}, {3, 5}, {2, 4}], [{8, 7}, {1, 6}, {4, 5}, {2, 3}], [{8, 7}, {1, 6}, {4, 5}, {3}, {2}], [{8, 7}, {2, 6}, {1, 5}, {3, 4}], [{8, 7}, {2, 6}, {3, 5}, {1, 4}], [{8, 7}, {2, 6}, {4, 5}, {1, 3}], [{8, 7}, {3, 6}, {1, 5}, {2, 4}], [{8, 7}, {3, 6}, {2, 5}, {1, 4}], [{8, 7}, {3, 6}, {4, 5}, {1, 2}], [{8, 7}, {4, 6}, {1, 5}, {2, 3}], [{8, 7}, {4, 6}, {2, 5}, {1, 3}], [{8, 7}, {4, 6}, {3, 5}, {1, 2}], [{8, 7}, {4, 6}, {5}, {1, 3}, {2}], [{8, 7}, {5, 6}, {1, 4}, {2, 3}], [{8, 7}, {5, 6}, {2, 4}, {1, 3}], [{8, 7}, {5, 6}, {3, 4}, {1, 2}], [{8, 7}, {5, 6}, {4}, {3}, {1, 2}], [{8, 7}, {6}, {1, 5}, {3, 4}, {2}], [{8, 7}, {6}, {2, 5}, {3, 4}, {1}], [{8, 7}, {6}, {3, 5}, {2, 4}, {1}], [{8, 7}, {6}, {5}, {3, 4}, {1, 2}], [{8}, {1, 7}, {2, 6}, {5}, {3, 4}], [{8}, {1, 7}, {5, 6}, {3, 4}, {2}], [{8}, {1, 7}, {6}, {2, 5}, {3, 4}], [{8}, {1, 7}, {6}, {3, 5}, {2, 4}], [{8}, {2, 7}, {1, 6}, {3, 5}, {4}], [{8}, {2, 7}, {4, 6}, {3, 5}, {1}], [{8}, {2, 7}, {6}, {3, 5}, {1, 4}], [{8}, {2, 7}, {6}, {3, 5}, {4}, {1}], [{8}, {4, 7}, {1, 6}, {3, 5}, {2}], [{8}, {4, 7}, {2, 6}, {3, 5}, {1}], [{8}, {4, 7}, {3, 6}, {5}, {1, 2}], [{8}, {4, 7}, {5, 6}, {3}, {1, 2}], [{8}, {4, 7}, {6}, {3, 5}, {1, 2}], [{8}, {4, 7}, {6}, {3, 5}, {2}, {1}], [{8}, {5, 7}, {1, 6}, {4}, {2, 3}], [{8}, {5, 7}, {2, 6}, {1, 4}, {3}], [{8}, {5, 7}, {3, 6}, {1, 4}, {2}], [{8}, {5, 7}, {4, 6}, {2, 3}, {1}], [{8}, {5, 7}, {6}, {1, 4}, {2, 3}], [{8}, {5, 7}, {6}, {4}, {2, 3}, {1}], [{8}, {6, 7}, {2, 5}, {3, 4}, {1}], [{8}, {6, 7}, {3, 5}, {2, 4}, {1}], [{8}, {7}, {1, 6}, {2, 5}, {3, 4}], [{8}, {7}, {1, 6}, {3, 5}, {2, 4}], [{8}, {7}, {3, 6}, {1, 5}, {2, 4}], [{8}, {7}, {5, 6}, {2, 4}, {1, 3}], [{8}, {7}, {6}, {2, 5}, {3, 4}, {1}], [{8}, {7}, {6}, {3, 5}, {2, 4}, {1}]]",2,- 6 K_1^2 - 4 K_1 K_2 + 2 K_1 + 3 K_2 + 2 K_3 + 4,O1O2O3U4O5U6U7U3O6O8U5O7U2U1O4U8,O1O2O3U4O5U1U6U7O8U5O7O6U2O4U8U3,O1O2O3U1U4O5U2O6O7U8O4U7U6U3O8U5,c,{'O1O2O3U4O5U3U2O6U7O4O8U1U6U8O7U5'},1,"<a href=""/flatknot/8.1101523"">8.1101523</a>",t^9-41t^7-78t^6+41t^5+74t^4+37t^3+98t^2+11t-26,-t^2+2t,,
8.1101524,O1O2O3U4O5U3U2O6U7O4O8U5U6U1O7U8,4,4z^3+40z^2+113z+99,4w^4z^3+40w^3z^2+113w^2z+99w,False,False,"[[ 0  0  0  0 -1  0  0 -1  2],[ 0  0  0  0  0  0  0 -1  2],[ 0  0  0  0 -1  1  0  0  1],[ 0  0  0  0  0  0  0  0  1],[ 1  0  1  0  0  0 -1  1  1],[ 0  0 -1  0  0  0  1 -1  1],[ 0  0  0  0  1 -1  0  0  0],[ 1  1  0  0 -1  1  0  0  2],[-2 -2 -1 -1 -1 -1  0 -2  0]]","[[ 0  2  0  0  0  0  0 -1 -1],[-2  0  0 -1 -1 -1 -2 -1 -2],[ 0  0  0  0  0 -1  0  1  0],[ 0  1  0  0  0  1  0 -1  0],[ 0  1  0  0  0  0  0  0  0],[ 0  1  1 -1  0  0  0  0 -1],[ 0  2  0  0  0  0  0  0 -1],[ 1  1 -1  1  0  0  0  0  1],[ 1  2  0  0  0  1  1 -1  0]]",True,"[-2,0,0,0,0,0,1,1,0,1,1,1,2,1,2,0,0,1,0,-1,0,0,-1,0,1,0,0,0,0,0,0,0,1,0,1,-1]","[-2,0,0,0,0,0,1,1,0,1,1,1,2,1,2,0,0,0,0,0,1,-1,0,1,0,1,0,0,1,0,0,1,1,1,2,-1]",t^8+19t^6+62t^4+14t^2,"[-1,-1,0,0,0,0,0,2,-1,0,1,1,1,2,2,1,0,0,1,1,1,-1,0,0,0,1,0,0,-1,1,0,0,0,0,1,2]","[-2,0,0,0,0,0,1,1,0,1,1,1,2,1,2,0,0,0,0,0,1,-1,0,1,0,1,0,0,1,0,0,1,1,1,2,-1]","[-1,-1,0,0,0,0,0,2,-1,0,0,0,1,1,2,-1,0,1,0,0,1,0,0,-1,0,0,0,0,0,1,1,0,1,0,1,2]",c,"[[{8, 1}, {2, 7}, {3, 6}, {4, 5}], [{8, 1}, {2, 7}, {4, 6}, {3, 5}], [{8, 1}, {2, 7}, {5, 6}, {3, 4}], [{8, 1}, {2, 7}, {6}, {4, 5}, {3}], [{8, 1}, {3, 7}, {2, 6}, {4, 5}], [{8, 1}, {3, 7}, {4, 6}, {2, 5}], [{8, 1}, {3, 7}, {4, 6}, {5}, {2}], [{8, 1}, {3, 7}, {5, 6}, {2, 4}], [{8, 1}, {3, 7}, {5, 6}, {4}, {2}], [{8, 1}, {3, 7}, {6}, {4, 5}, {2}], [{8, 1}, {4, 7}, {2, 6}, {3, 5}], [{8, 1}, {4, 7}, {2, 6}, {5}, {3}], [{8, 1}, {4, 7}, {3, 6}, {2, 5}], [{8, 1}, {4, 7}, {5, 6}, {2, 3}], [{8, 1}, {5, 7}, {2, 6}, {3, 4}], [{8, 1}, {5, 7}, {2, 6}, {4}, {3}], [{8, 1}, {5, 7}, {3, 6}, {2, 4}], [{8, 1}, {5, 7}, {4, 6}, {2, 3}], [{8, 1}, {6, 7}, {2, 5}, {3, 4}], [{8, 1}, {6, 7}, {3, 5}, {2, 4}], [{8, 1}, {6, 7}, {3, 5}, {4}, {2}], [{8, 1}, {6, 7}, {4, 5}, {2, 3}], [{8, 1}, {6, 7}, {4, 5}, {3}, {2}], [{8, 1}, {6, 7}, {5}, {3, 4}, {2}], [{8, 1}, {7}, {2, 6}, {4, 5}, {3}], [{8, 1}, {7}, {3, 6}, {2, 5}, {4}], [{8, 1}, {7}, {3, 6}, {4, 5}, {2}], [{8, 1}, {7}, {3, 6}, {5}, {2, 4}], [{8, 1}, {7}, {6}, {4, 5}, {2, 3}], [{8, 1}, {7}, {6}, {4, 5}, {3}, {2}], [{8, 2}, {1, 7}, {3, 6}, {4, 5}], [{8, 2}, {1, 7}, {4, 6}, {3, 5}], [{8, 2}, {1, 7}, {5, 6}, {3, 4}], [{8, 2}, {1, 7}, {6}, {4, 5}, {3}], [{8, 2}, {3, 7}, {1, 6}, {4, 5}], [{8, 2}, {3, 7}, {4, 6}, {1, 5}], [{8, 2}, {3, 7}, {5, 6}, {1, 4}], [{8, 2}, {3, 7}, {6}, {4, 5}, {1}], [{8, 2}, {4, 7}, {1, 6}, {3, 5}], [{8, 2}, {4, 7}, {3, 6}, {1, 5}], [{8, 2}, {4, 7}, {5, 6}, {1, 3}], [{8, 2}, {4, 7}, {5, 6}, {3}, {1}], [{8, 2}, {5, 7}, {1, 6}, {3, 4}], [{8, 2}, {5, 7}, {3, 6}, {1, 4}], [{8, 2}, {5, 7}, {4, 6}, {1, 3}], [{8, 2}, {6, 7}, {1, 5}, {3, 4}], [{8, 2}, {6, 7}, {3, 5}, {1, 4}], [{8, 2}, {6, 7}, {4, 5}, {1, 3}], [{8, 2}, {6, 7}, {5}, {1, 4}, {3}], [{8, 2}, {6, 7}, {5}, {3, 4}, {1}], [{8, 2}, {6, 7}, {5}, {4}, {1, 3}], [{8, 2}, {7}, {1, 6}, {3, 5}, {4}], [{8, 2}, {7}, {6}, {4, 5}, {1, 3}], [{8, 3}, {1, 7}, {2, 6}, {4, 5}], [{8, 3}, {1, 7}, {4, 6}, {2, 5}], [{8, 3}, {1, 7}, {4, 6}, {5}, {2}], [{8, 3}, {1, 7}, {5, 6}, {2, 4}], [{8, 3}, {1, 7}, {5, 6}, {4}, {2}], [{8, 3}, {1, 7}, {6}, {4, 5}, {2}], [{8, 3}, {2, 7}, {1, 6}, {4, 5}], [{8, 3}, {2, 7}, {4, 6}, {1, 5}], [{8, 3}, {2, 7}, {5, 6}, {1, 4}], [{8, 3}, {2, 7}, {6}, {4, 5}, {1}], [{8, 3}, {4, 7}, {1, 6}, {2, 5}], [{8, 3}, {4, 7}, {2, 6}, {1, 5}], [{8, 3}, {4, 7}, {2, 6}, {5}, {1}], [{8, 3}, {4, 7}, {5, 6}, {1, 2}], [{8, 3}, {5, 7}, {1, 6}, {2, 4}], [{8, 3}, {5, 7}, {2, 6}, {1, 4}], [{8, 3}, {5, 7}, {4, 6}, {1, 2}], [{8, 3}, {6, 7}, {1, 5}, {2, 4}], [{8, 3}, {6, 7}, {2, 5}, {1, 4}], [{8, 3}, {6, 7}, {4, 5}, {1, 2}], [{8, 3}, {6, 7}, {5}, {1, 4}, {2}], [{8, 3}, {7}, {1, 6}, {5}, {2, 4}], [{8, 3}, {7}, {4, 6}, {2, 5}, {1}], [{8, 3}, {7}, {6}, {4, 5}, {1, 2}], [{8, 4}, {1, 7}, {2, 6}, {3, 5}], [{8, 4}, {1, 7}, {2, 6}, {5}, {3}], [{8, 4}, {1, 7}, {3, 6}, {2, 5}], [{8, 4}, {1, 7}, {5, 6}, {2, 3}], [{8, 4}, {2, 7}, {1, 6}, {3, 5}], [{8, 4}, {2, 7}, {3, 6}, {1, 5}], [{8, 4}, {2, 7}, {5, 6}, {1, 3}], [{8, 4}, {2, 7}, {5, 6}, {3}, {1}], [{8, 4}, {3, 7}, {1, 6}, {2, 5}], [{8, 4}, {3, 7}, {2, 6}, {1, 5}], [{8, 4}, {3, 7}, {2, 6}, {5}, {1}], [{8, 4}, {3, 7}, {5, 6}, {1, 2}], [{8, 4}, {5, 7}, {1, 6}, {2, 3}], [{8, 4}, {5, 7}, {1, 6}, {3}, {2}], [{8, 4}, {5, 7}, {2, 6}, {1, 3}], [{8, 4}, {5, 7}, {2, 6}, {3}, {1}], [{8, 4}, {5, 7}, {3, 6}, {1, 2}], [{8, 4}, {5, 7}, {3, 6}, {2}, {1}], [{8, 4}, {5, 7}, {6}, {1, 3}, {2}], [{8, 4}, {5, 7}, {6}, {2, 3}, {1}], [{8, 4}, {5, 7}, {6}, {3}, {1, 2}], [{8, 4}, {5, 7}, {6}, {3}, {2}, {1}], [{8, 4}, {6, 7}, {1, 5}, {2, 3}], [{8, 4}, {6, 7}, {2, 5}, {1, 3}], [{8, 4}, {6, 7}, {2, 5}, {3}, {1}], [{8, 4}, {6, 7}, {3, 5}, {1, 2}], [{8, 4}, {7}, {2, 6}, {1, 5}, {3}], [{8, 4}, {7}, {2, 6}, {3, 5}, {1}], [{8, 4}, {7}, {2, 6}, {5}, {1, 3}], [{8, 4}, {7}, {2, 6}, {5}, {3}, {1}], [{8, 5}, {1, 7}, {2, 6}, {3, 4}], [{8, 5}, {1, 7}, {2, 6}, {4}, {3}], [{8, 5}, {1, 7}, {3, 6}, {2, 4}], [{8, 5}, {1, 7}, {4, 6}, {2, 3}], [{8, 5}, {2, 7}, {1, 6}, {3, 4}], [{8, 5}, {2, 7}, {3, 6}, {1, 4}], [{8, 5}, {2, 7}, {3, 6}, {4}, {1}], [{8, 5}, {2, 7}, {4, 6}, {1, 3}], [{8, 5}, {3, 7}, {1, 6}, {2, 4}], [{8, 5}, {3, 7}, {2, 6}, {1, 4}], [{8, 5}, {3, 7}, {4, 6}, {1, 2}], [{8, 5}, {4, 7}, {1, 6}, {2, 3}], [{8, 5}, {4, 7}, {1, 6}, {3}, {2}], [{8, 5}, {4, 7}, {2, 6}, {1, 3}], [{8, 5}, {4, 7}, {2, 6}, {3}, {1}], [{8, 5}, {4, 7}, {3, 6}, {1, 2}], [{8, 5}, {4, 7}, {3, 6}, {2}, {1}], [{8, 5}, {4, 7}, {6}, {1, 3}, {2}], [{8, 5}, {4, 7}, {6}, {2, 3}, {1}], [{8, 5}, {4, 7}, {6}, {3}, {1, 2}], [{8, 5}, {4, 7}, {6}, {3}, {2}, {1}], [{8, 5}, {6, 7}, {1, 4}, {2, 3}], [{8, 5}, {6, 7}, {2, 4}, {1, 3}], [{8, 5}, {6, 7}, {3, 4}, {1, 2}], [{8, 5}, {6, 7}, {4}, {3}, {1, 2}], [{8, 5}, {7}, {2, 6}, {1, 4}, {3}], [{8, 5}, {7}, {3, 6}, {2, 4}, {1}], [{8, 5}, {7}, {4, 6}, {3}, {1, 2}], [{8, 6}, {1, 7}, {2, 5}, {3, 4}], [{8, 6}, {1, 7}, {2, 5}, {4}, {3}], [{8, 6}, {1, 7}, {3, 5}, {2, 4}], [{8, 6}, {1, 7}, {3, 5}, {4}, {2}], [{8, 6}, {1, 7}, {4, 5}, {2, 3}], [{8, 6}, {1, 7}, {4, 5}, {3}, {2}], [{8, 6}, {1, 7}, {5}, {2, 4}, {3}], [{8, 6}, {1, 7}, {5}, {3, 4}, {2}], [{8, 6}, {1, 7}, {5}, {4}, {2, 3}], [{8, 6}, {2, 7}, {1, 5}, {3, 4}], [{8, 6}, {2, 7}, {3, 5}, {1, 4}], [{8, 6}, {2, 7}, {4, 5}, {1, 3}], [{8, 6}, {3, 7}, {1, 5}, {2, 4}], [{8, 6}, {3, 7}, {2, 5}, {1, 4}], [{8, 6}, {3, 7}, {4, 5}, {1, 2}], [{8, 6}, {3, 7}, {5}, {1, 4}, {2}], [{8, 6}, {3, 7}, {5}, {2, 4}, {1}], [{8, 6}, {3, 7}, {5}, {4}, {1, 2}], [{8, 6}, {4, 7}, {1, 5}, {2, 3}], [{8, 6}, {4, 7}, {2, 5}, {1, 3}], [{8, 6}, {4, 7}, {2, 5}, {3}, {1}], [{8, 6}, {4, 7}, {3, 5}, {1, 2}], [{8, 6}, {5, 7}, {1, 4}, {2, 3}], [{8, 6}, {5, 7}, {2, 4}, {1, 3}], [{8, 6}, {5, 7}, {3, 4}, {1, 2}], [{8, 6}, {7}, {2, 5}, {1, 4}, {3}], [{8, 6}, {7}, {5}, {2, 4}, {1, 3}], [{8, 7}, {1, 6}, {2, 5}, {3, 4}], [{8, 7}, {1, 6}, {3, 5}, {2, 4}], [{8, 7}, {1, 6}, {4, 5}, {2, 3}], [{8, 7}, {1, 6}, {4, 5}, {3}, {2}], [{8, 7}, {2, 6}, {1, 5}, {3, 4}], [{8, 7}, {2, 6}, {1, 5}, {4}, {3}], [{8, 7}, {2, 6}, {3, 5}, {1, 4}], [{8, 7}, {2, 6}, {3, 5}, {4}, {1}], [{8, 7}, {2, 6}, {4, 5}, {1, 3}], [{8, 7}, {2, 6}, {4, 5}, {3}, {1}], [{8, 7}, {2, 6}, {5}, {1, 4}, {3}], [{8, 7}, {2, 6}, {5}, {3, 4}, {1}], [{8, 7}, {2, 6}, {5}, {4}, {1, 3}], [{8, 7}, {2, 6}, {5}, {4}, {3}, {1}], [{8, 7}, {3, 6}, {1, 5}, {2, 4}], [{8, 7}, {3, 6}, {2, 5}, {1, 4}], [{8, 7}, {3, 6}, {4, 5}, {1, 2}], [{8, 7}, {3, 6}, {4, 5}, {2}, {1}], [{8, 7}, {4, 6}, {1, 5}, {2, 3}], [{8, 7}, {4, 6}, {2, 5}, {1, 3}], [{8, 7}, {4, 6}, {2, 5}, {3}, {1}], [{8, 7}, {4, 6}, {3, 5}, {1, 2}], [{8, 7}, {5, 6}, {1, 4}, {2, 3}], [{8, 7}, {5, 6}, {2, 4}, {1, 3}], [{8, 7}, {5, 6}, {2, 4}, {3}, {1}], [{8, 7}, {5, 6}, {3, 4}, {1, 2}], [{8, 7}, {6}, {4, 5}, {1, 3}, {2}], [{8, 7}, {6}, {4, 5}, {2, 3}, {1}], [{8, 7}, {6}, {4, 5}, {3}, {1, 2}], [{8, 7}, {6}, {4, 5}, {3}, {2}, {1}], [{8}, {1, 7}, {2, 6}, {4, 5}, {3}], [{8}, {1, 7}, {3, 6}, {4, 5}, {2}], [{8}, {1, 7}, {6}, {2, 5}, {3, 4}], [{8}, {1, 7}, {6}, {3, 5}, {2, 4}], [{8}, {1, 7}, {6}, {4, 5}, {2, 3}], [{8}, {1, 7}, {6}, {4, 5}, {3}, {2}], [{8}, {2, 7}, {6}, {1, 5}, {3, 4}], [{8}, {2, 7}, {6}, {3, 5}, {1, 4}], [{8}, {2, 7}, {6}, {4, 5}, {1, 3}], [{8}, {3, 7}, {1, 6}, {2, 5}, {4}], [{8}, {3, 7}, {4, 6}, {2, 5}, {1}], [{8}, {3, 7}, {6}, {1, 5}, {2, 4}], [{8}, {3, 7}, {6}, {2, 5}, {1, 4}], [{8}, {3, 7}, {6}, {4, 5}, {1, 2}], [{8}, {4, 7}, {2, 6}, {1, 5}, {3}], [{8}, {4, 7}, {2, 6}, {3, 5}, {1}], [{8}, {4, 7}, {2, 6}, {5}, {1, 3}], [{8}, {4, 7}, {2, 6}, {5}, {3}, {1}], [{8}, {5, 7}, {2, 6}, {1, 4}, {3}], [{8}, {6, 7}, {1, 5}, {2, 4}, {3}], [{8}, {6, 7}, {5}, {1, 4}, {2, 3}], [{8}, {6, 7}, {5}, {3, 4}, {1, 2}], [{8}, {7}, {3, 6}, {1, 5}, {2, 4}]]",2,4 K_1^3 - 2 K_1^2 - 4 K_1 K_2 - K_1 + K_2 + K_3 + 2,O1O2O3U4O5U3U6U7O4O8U5O6U2U1O7U8,O1O2O3U4O5U3U6U7O8U1O7O6U2O4U8U5,O1O2O3U4U5O6U2O7O8U3O5U8U7U1O4U6,c,{'O1O2O3U4O5U3U2O6U7O4O8U5U6U1O7U8'},1,"<a href=""/flatknot/8.1101524"">8.1101524</a>",t^9-17t^7-22t^6+37t^5+50t^4-38t^3-14t^2+3t,-t^2+2t,,
8.1101525,O1O2O3U4O5U3U2O6U7O4O8U6U1U8O7U5,4,7z^3+42z^2+90z+69,-4w^5z^3+11w^4z^3-12w^4z^2+54w^3z^2-8w^3z+98w^2z+69w,False,False,"[[ 0 -1  0  0 -1  2 -1 -1  2],[ 1  0  1  1  0  2 -1  0  2],[ 0 -1  0  0 -1  1 -1  1  0],[ 0 -1  0  0  0  0 -1  1  0],[ 1  0  1  0  0  2 -1  0  1],[-2 -2 -1  0 -2  0  0 -3  1],[ 1  1  1  1  1  0  0  0  1],[ 1  0 -1 -1  0  3  0  0  2],[-2 -2  0  0 -1 -1 -1 -2  0]]","[[ 0  2  2  0  0 -1 -1 -1 -1],[-2  0  1  0 -1  0 -2 -2 -3],[-2 -1  0  0  0 -1 -1 -2 -2],[ 0  0  0  0  0 -1  0 -1  1],[ 0  1  0  0  0 -1 -1 -1  1],[ 1  0  1  1  1  0  1  1  0],[ 1  2  1  0  1 -1  0  0  0],[ 1  2  2  1  1 -1  0  0  0],[ 1  3  2 -1 -1  0  0  0  0]]",True,"[-2,-2,0,0,1,1,1,1,-1,0,1,0,2,2,3,0,0,1,1,2,2,0,1,0,1,-1,1,1,1,-1,-1,-1,0,0,0,0]","[-2,-2,0,0,1,1,1,1,-1,0,1,0,2,2,3,0,0,1,1,2,2,0,1,0,1,-1,1,1,1,-1,-1,-1,0,0,0,0]",t^8+38t^6+271t^4+233t^2+1,"[-1,-1,-1,-1,0,0,2,2,-1,-1,0,0,0,2,3,0,0,0,0,1,1,0,0,1,2,1,2,2,1,0,0,2,1,2,2,1]","[-2,-2,0,0,1,1,1,1,-1,2,2,1,1,2,2,1,2,0,1,1,3,0,2,0,0,0,2,0,1,0,0,0,0,0,-1,-1]","[-1,-1,-1,-1,0,0,2,2,-1,0,0,0,1,1,2,0,1,1,1,1,0,0,-1,-1,2,3,1,1,2,2,0,0,0,0,1,-1]",c,"[[{8, 1}, {3, 7}, {5, 6}, {2, 4}], [{8, 2}, {6, 7}, {3, 5}, {1, 4}], [{8, 3}, {1, 7}, {4, 6}, {2, 5}], [{8, 3}, {5, 7}, {2, 6}, {1, 4}], [{8, 4}, {5, 7}, {2, 6}, {1, 3}], [{8, 6}, {2, 7}, {1, 5}, {3, 4}], [{8, 7}, {2, 6}, {4, 5}, {1, 3}], [{8, 7}, {3, 6}, {4, 5}, {1, 2}]]",1,- 4 K_1^2 - 4 K_1 K_2 + 2 K_1 + 2 K_2 + 2 K_3 + 3,O1O2O3U4O5U6U3U7O6O8U5O7U2U1O4U8,O1O2O3U4O5U2U6U7O8U5O7O6U1O4U8U3,O1O2O3U1U4O5U3O6O7U8O4U7U6U2O8U5,c,{'O1O2O3U4O5U3U2O6U7O4O8U6U1U8O7U5'},1,"<a href=""/flatknot/8.1101525"">8.1101525</a>",t^9-34t^7-46t^6+59t^5+16t^4+39t^3+84t^2-51t-40,-2t^2+4t,,
8.1101526,O1O2O3U4O5U3U2O6U7O4O8U6U8U1O7U5,3,17z^2+58z+49,-14w^4z^2+31w^3z^2-22w^3z+80w^2z+49w,False,False,"[[ 0  0  0  0 -1  2 -1 -1  1],[ 0  0  1  1 -1  1 -2  0  1],[ 0 -1  0  0 -1  1 -1  1  0],[ 0 -1  0  0  0  0 -1  1  0],[ 1  1  1  0  0  2 -1  0  0],[-2 -1 -1  0 -2  0  0 -3  1],[ 1  2  1  1  1  0  0  0  1],[ 1  0 -1 -1  0  3  0  0  1],[-1 -1  0  0  0 -1 -1 -1  0]]","[[ 0  2  1  0  0  0 -1 -1 -1],[-2  0  1  0 -1 -1  0 -2 -3],[-1 -1  0  0  0 -1 -1  0 -1],[ 0  0  0  0  0 -1 -1  0  1],[ 0  1  0  0  0 -1 -1 -1  1],[ 0  1  1  1  1  0 -2 -1  0],[ 1  0  1  1  1  2  0  1  0],[ 1  2  0  0  1  1 -1  0  0],[ 1  3  1 -1 -1  0  0  0  0]]",True,"[-2,-1,0,0,0,1,1,1,-1,0,1,1,0,2,3,0,0,1,1,0,1,0,1,1,0,-1,1,1,1,-1,2,1,0,-1,0,0]","[-2,-1,0,0,0,1,1,1,-1,0,1,1,0,2,3,0,0,1,1,0,1,0,1,1,0,-1,1,1,1,-1,2,1,0,-1,0,0]",t^8+32t^6+256t^4+316t^2,"[-1,-1,-1,0,0,0,1,2,-1,0,-1,0,0,1,3,0,0,0,1,2,1,1,2,2,1,0,-1,-1,0,1,0,1,1,1,2,2]","[-2,-1,0,0,0,1,1,1,2,1,1,2,0,1,3,0,1,1,1,2,1,1,1,1,0,-1,0,2,0,0,2,1,0,0,0,-1]","[-1,-1,-1,0,0,0,1,2,-1,0,0,1,1,0,2,0,1,1,2,1,0,-1,-1,0,1,3,0,-1,0,0,-1,0,1,1,1,-1]",c,"[[{8, 1}, {2, 7}, {3, 6}, {4, 5}], [{8, 1}, {2, 7}, {3, 6}, {5}, {4}], [{8, 1}, {2, 7}, {4, 6}, {3, 5}], [{8, 1}, {2, 7}, {4, 6}, {5}, {3}], [{8, 1}, {2, 7}, {5, 6}, {3, 4}], [{8, 1}, {2, 7}, {5, 6}, {4}, {3}], [{8, 1}, {2, 7}, {6}, {3, 5}, {4}], [{8, 1}, {2, 7}, {6}, {4, 5}, {3}], [{8, 1}, {2, 7}, {6}, {5}, {3, 4}], [{8, 1}, {2, 7}, {6}, {5}, {4}, {3}], [{8, 1}, {3, 7}, {2, 6}, {4, 5}], [{8, 1}, {3, 7}, {2, 6}, {5}, {4}], [{8, 1}, {3, 7}, {4, 6}, {2, 5}], [{8, 1}, {3, 7}, {5, 6}, {2, 4}], [{8, 1}, {3, 7}, {6}, {4, 5}, {2}], [{8, 1}, {4, 7}, {2, 6}, {3, 5}], [{8, 1}, {4, 7}, {3, 6}, {2, 5}], [{8, 1}, {4, 7}, {5, 6}, {2, 3}], [{8, 1}, {4, 7}, {6}, {2, 5}, {3}], [{8, 1}, {5, 7}, {2, 6}, {3, 4}], [{8, 1}, {5, 7}, {3, 6}, {2, 4}], [{8, 1}, {5, 7}, {4, 6}, {2, 3}], [{8, 1}, {5, 7}, {6}, {2, 4}, {3}], [{8, 1}, {6, 7}, {2, 5}, {3, 4}], [{8, 1}, {6, 7}, {3, 5}, {2, 4}], [{8, 1}, {6, 7}, {4, 5}, {2, 3}], [{8, 1}, {6, 7}, {4, 5}, {3}, {2}], [{8, 1}, {6, 7}, {5}, {4}, {2, 3}], [{8, 1}, {7}, {2, 6}, {4, 5}, {3}], [{8, 1}, {7}, {3, 6}, {4, 5}, {2}], [{8, 1}, {7}, {6}, {4, 5}, {2, 3}], [{8, 1}, {7}, {6}, {4, 5}, {3}, {2}], [{8, 2}, {1, 7}, {3, 6}, {4, 5}], [{8, 2}, {1, 7}, {3, 6}, {5}, {4}], [{8, 2}, {1, 7}, {4, 6}, {3, 5}], [{8, 2}, {1, 7}, {4, 6}, {5}, {3}], [{8, 2}, {1, 7}, {5, 6}, {3, 4}], [{8, 2}, {1, 7}, {5, 6}, {4}, {3}], [{8, 2}, {1, 7}, {6}, {3, 5}, {4}], [{8, 2}, {1, 7}, {6}, {4, 5}, {3}], [{8, 2}, {1, 7}, {6}, {5}, {3, 4}], [{8, 2}, {1, 7}, {6}, {5}, {4}, {3}], [{8, 2}, {3, 7}, {1, 6}, {4, 5}], [{8, 2}, {3, 7}, {4, 6}, {1, 5}], [{8, 2}, {3, 7}, {5, 6}, {1, 4}], [{8, 2}, {3, 7}, {6}, {4, 5}, {1}], [{8, 2}, {4, 7}, {1, 6}, {3, 5}], [{8, 2}, {4, 7}, {3, 6}, {1, 5}], [{8, 2}, {4, 7}, {3, 6}, {5}, {1}], [{8, 2}, {4, 7}, {5, 6}, {1, 3}], [{8, 2}, {4, 7}, {6}, {1, 5}, {3}], [{8, 2}, {5, 7}, {1, 6}, {3, 4}], [{8, 2}, {5, 7}, {3, 6}, {1, 4}], [{8, 2}, {5, 7}, {3, 6}, {4}, {1}], [{8, 2}, {5, 7}, {4, 6}, {1, 3}], [{8, 2}, {5, 7}, {6}, {1, 4}, {3}], [{8, 2}, {6, 7}, {1, 5}, {3, 4}], [{8, 2}, {6, 7}, {3, 5}, {1, 4}], [{8, 2}, {6, 7}, {4, 5}, {1, 3}], [{8, 2}, {6, 7}, {4, 5}, {3}, {1}], [{8, 2}, {7}, {1, 6}, {4, 5}, {3}], [{8, 2}, {7}, {3, 6}, {1, 5}, {4}], [{8, 2}, {7}, {3, 6}, {4, 5}, {1}], [{8, 2}, {7}, {3, 6}, {5}, {1, 4}], [{8, 2}, {7}, {6}, {4, 5}, {1, 3}], [{8, 2}, {7}, {6}, {4, 5}, {3}, {1}], [{8, 3}, {1, 7}, {2, 6}, {4, 5}], [{8, 3}, {1, 7}, {2, 6}, {5}, {4}], [{8, 3}, {1, 7}, {4, 6}, {2, 5}], [{8, 3}, {1, 7}, {5, 6}, {2, 4}], [{8, 3}, {1, 7}, {6}, {4, 5}, {2}], [{8, 3}, {2, 7}, {1, 6}, {4, 5}], [{8, 3}, {2, 7}, {4, 6}, {1, 5}], [{8, 3}, {2, 7}, {5, 6}, {1, 4}], [{8, 3}, {2, 7}, {6}, {4, 5}, {1}], [{8, 3}, {4, 7}, {1, 6}, {2, 5}], [{8, 3}, {4, 7}, {2, 6}, {1, 5}], [{8, 3}, {4, 7}, {2, 6}, {5}, {1}], [{8, 3}, {4, 7}, {5, 6}, {1, 2}], [{8, 3}, {4, 7}, {6}, {1, 5}, {2}], [{8, 3}, {5, 7}, {1, 6}, {2, 4}], [{8, 3}, {5, 7}, {2, 6}, {1, 4}], [{8, 3}, {5, 7}, {2, 6}, {4}, {1}], [{8, 3}, {5, 7}, {4, 6}, {1, 2}], [{8, 3}, {5, 7}, {6}, {1, 4}, {2}], [{8, 3}, {6, 7}, {1, 5}, {2, 4}], [{8, 3}, {6, 7}, {2, 5}, {1, 4}], [{8, 3}, {6, 7}, {4, 5}, {1, 2}], [{8, 3}, {6, 7}, {4, 5}, {2}, {1}], [{8, 3}, {7}, {1, 6}, {4, 5}, {2}], [{8, 3}, {7}, {2, 6}, {1, 5}, {4}], [{8, 3}, {7}, {2, 6}, {4, 5}, {1}], [{8, 3}, {7}, {2, 6}, {5}, {1, 4}], [{8, 3}, {7}, {6}, {4, 5}, {1, 2}], [{8, 3}, {7}, {6}, {4, 5}, {2}, {1}], [{8, 4}, {1, 7}, {2, 6}, {3, 5}], [{8, 4}, {1, 7}, {3, 6}, {2, 5}], [{8, 4}, {1, 7}, {5, 6}, {2, 3}], [{8, 4}, {1, 7}, {6}, {2, 5}, {3}], [{8, 4}, {2, 7}, {1, 6}, {3, 5}], [{8, 4}, {2, 7}, {3, 6}, {1, 5}], [{8, 4}, {2, 7}, {5, 6}, {1, 3}], [{8, 4}, {2, 7}, {6}, {1, 5}, {3}], [{8, 4}, {3, 7}, {1, 6}, {2, 5}], [{8, 4}, {3, 7}, {2, 6}, {1, 5}], [{8, 4}, {3, 7}, {5, 6}, {1, 2}], [{8, 4}, {5, 7}, {1, 6}, {2, 3}], [{8, 4}, {5, 7}, {2, 6}, {1, 3}], [{8, 4}, {5, 7}, {3, 6}, {1, 2}], [{8, 4}, {6, 7}, {1, 5}, {2, 3}], [{8, 4}, {6, 7}, {2, 5}, {1, 3}], [{8, 4}, {6, 7}, {3, 5}, {1, 2}], [{8, 5}, {1, 7}, {2, 6}, {3, 4}], [{8, 5}, {1, 7}, {3, 6}, {2, 4}], [{8, 5}, {1, 7}, {4, 6}, {2, 3}], [{8, 5}, {1, 7}, {6}, {2, 4}, {3}], [{8, 5}, {2, 7}, {1, 6}, {3, 4}], [{8, 5}, {2, 7}, {3, 6}, {1, 4}], [{8, 5}, {2, 7}, {4, 6}, {1, 3}], [{8, 5}, {2, 7}, {6}, {1, 4}, {3}], [{8, 5}, {3, 7}, {1, 6}, {2, 4}], [{8, 5}, {3, 7}, {2, 6}, {1, 4}], [{8, 5}, {3, 7}, {4, 6}, {1, 2}], [{8, 5}, {4, 7}, {1, 6}, {2, 3}], [{8, 5}, {4, 7}, {2, 6}, {1, 3}], [{8, 5}, {4, 7}, {3, 6}, {1, 2}], [{8, 5}, {6, 7}, {1, 4}, {2, 3}], [{8, 5}, {6, 7}, {2, 4}, {1, 3}], [{8, 5}, {6, 7}, {3, 4}, {1, 2}], [{8, 6}, {1, 7}, {2, 5}, {3, 4}], [{8, 6}, {1, 7}, {3, 5}, {2, 4}], [{8, 6}, {1, 7}, {4, 5}, {2, 3}], [{8, 6}, {1, 7}, {4, 5}, {3}, {2}], [{8, 6}, {1, 7}, {5}, {4}, {2, 3}], [{8, 6}, {2, 7}, {1, 5}, {3, 4}], [{8, 6}, {2, 7}, {3, 5}, {1, 4}], [{8, 6}, {2, 7}, {4, 5}, {1, 3}], [{8, 6}, {2, 7}, {4, 5}, {3}, {1}], [{8, 6}, {3, 7}, {1, 5}, {2, 4}], [{8, 6}, {3, 7}, {2, 5}, {1, 4}], [{8, 6}, {3, 7}, {4, 5}, {1, 2}], [{8, 6}, {3, 7}, {4, 5}, {2}, {1}], [{8, 6}, {4, 7}, {1, 5}, {2, 3}], [{8, 6}, {4, 7}, {1, 5}, {3}, {2}], [{8, 6}, {4, 7}, {2, 5}, {1, 3}], [{8, 6}, {4, 7}, {2, 5}, {3}, {1}], [{8, 6}, {4, 7}, {3, 5}, {1, 2}], [{8, 6}, {4, 7}, {3, 5}, {2}, {1}], [{8, 6}, {4, 7}, {5}, {1, 3}, {2}], [{8, 6}, {4, 7}, {5}, {2, 3}, {1}], [{8, 6}, {4, 7}, {5}, {3}, {1, 2}], [{8, 6}, {4, 7}, {5}, {3}, {2}, {1}], [{8, 6}, {5, 7}, {1, 4}, {2, 3}], [{8, 6}, {5, 7}, {1, 4}, {3}, {2}], [{8, 6}, {5, 7}, {2, 4}, {1, 3}], [{8, 6}, {5, 7}, {2, 4}, {3}, {1}], [{8, 6}, {5, 7}, {3, 4}, {1, 2}], [{8, 6}, {5, 7}, {3, 4}, {2}, {1}], [{8, 6}, {5, 7}, {4}, {1, 3}, {2}], [{8, 6}, {5, 7}, {4}, {2, 3}, {1}], [{8, 6}, {5, 7}, {4}, {3}, {1, 2}], [{8, 6}, {5, 7}, {4}, {3}, {2}, {1}], [{8, 6}, {7}, {1, 5}, {4}, {2, 3}], [{8, 6}, {7}, {4, 5}, {1, 3}, {2}], [{8, 6}, {7}, {4, 5}, {2, 3}, {1}], [{8, 6}, {7}, {4, 5}, {3}, {1, 2}], [{8, 6}, {7}, {4, 5}, {3}, {2}, {1}], [{8, 6}, {7}, {5}, {1, 4}, {2, 3}], [{8, 7}, {1, 6}, {2, 5}, {3, 4}], [{8, 7}, {1, 6}, {3, 5}, {2, 4}], [{8, 7}, {1, 6}, {4, 5}, {2, 3}], [{8, 7}, {1, 6}, {4, 5}, {3}, {2}], [{8, 7}, {2, 6}, {1, 5}, {3, 4}], [{8, 7}, {2, 6}, {3, 5}, {1, 4}], [{8, 7}, {2, 6}, {3, 5}, {4}, {1}], [{8, 7}, {2, 6}, {4, 5}, {1, 3}], [{8, 7}, {2, 6}, {4, 5}, {3}, {1}], [{8, 7}, {2, 6}, {5}, {3, 4}, {1}], [{8, 7}, {3, 6}, {1, 5}, {2, 4}], [{8, 7}, {3, 6}, {2, 5}, {1, 4}], [{8, 7}, {3, 6}, {2, 5}, {4}, {1}], [{8, 7}, {3, 6}, {4, 5}, {1, 2}], [{8, 7}, {3, 6}, {4, 5}, {2}, {1}], [{8, 7}, {3, 6}, {5}, {2, 4}, {1}], [{8, 7}, {4, 6}, {1, 5}, {2, 3}], [{8, 7}, {4, 6}, {1, 5}, {3}, {2}], [{8, 7}, {4, 6}, {2, 5}, {1, 3}], [{8, 7}, {4, 6}, {2, 5}, {3}, {1}], [{8, 7}, {4, 6}, {3, 5}, {1, 2}], [{8, 7}, {4, 6}, {3, 5}, {2}, {1}], [{8, 7}, {4, 6}, {5}, {1, 3}, {2}], [{8, 7}, {4, 6}, {5}, {2, 3}, {1}], [{8, 7}, {4, 6}, {5}, {3}, {1, 2}], [{8, 7}, {4, 6}, {5}, {3}, {2}, {1}], [{8, 7}, {5, 6}, {1, 4}, {2, 3}], [{8, 7}, {5, 6}, {1, 4}, {3}, {2}], [{8, 7}, {5, 6}, {2, 4}, {1, 3}], [{8, 7}, {5, 6}, {2, 4}, {3}, {1}], [{8, 7}, {5, 6}, {3, 4}, {1, 2}], [{8, 7}, {5, 6}, {3, 4}, {2}, {1}], [{8, 7}, {5, 6}, {4}, {1, 3}, {2}], [{8, 7}, {5, 6}, {4}, {2, 3}, {1}], [{8, 7}, {5, 6}, {4}, {3}, {1, 2}], [{8, 7}, {5, 6}, {4}, {3}, {2}, {1}], [{8, 7}, {6}, {2, 5}, {3, 4}, {1}], [{8, 7}, {6}, {3, 5}, {2, 4}, {1}], [{8, 7}, {6}, {4, 5}, {1, 3}, {2}], [{8, 7}, {6}, {4, 5}, {2, 3}, {1}], [{8, 7}, {6}, {4, 5}, {3}, {1, 2}], [{8, 7}, {6}, {4, 5}, {3}, {2}, {1}], [{8}, {1, 7}, {2, 6}, {4, 5}, {3}], [{8}, {1, 7}, {3, 6}, {4, 5}, {2}], [{8}, {1, 7}, {6}, {4, 5}, {2, 3}], [{8}, {1, 7}, {6}, {4, 5}, {3}, {2}], [{8}, {2, 7}, {1, 6}, {4, 5}, {3}], [{8}, {2, 7}, {3, 6}, {4, 5}, {1}], [{8}, {2, 7}, {6}, {4, 5}, {1, 3}], [{8}, {2, 7}, {6}, {4, 5}, {3}, {1}], [{8}, {3, 7}, {1, 6}, {4, 5}, {2}], [{8}, {3, 7}, {2, 6}, {4, 5}, {1}], [{8}, {3, 7}, {6}, {4, 5}, {1, 2}], [{8}, {3, 7}, {6}, {4, 5}, {2}, {1}], [{8}, {4, 7}, {1, 6}, {2, 5}, {3}], [{8}, {4, 7}, {2, 6}, {1, 5}, {3}], [{8}, {4, 7}, {3, 6}, {1, 5}, {2}], [{8}, {4, 7}, {6}, {1, 5}, {2, 3}], [{8}, {5, 7}, {1, 6}, {2, 4}, {3}], [{8}, {5, 7}, {2, 6}, {1, 4}, {3}], [{8}, {5, 7}, {3, 6}, {1, 4}, {2}], [{8}, {5, 7}, {6}, {1, 4}, {2, 3}], [{8}, {6, 7}, {2, 5}, {4}, {1, 3}], [{8}, {6, 7}, {3, 5}, {4}, {1, 2}], [{8}, {6, 7}, {4, 5}, {1, 3}, {2}], [{8}, {6, 7}, {4, 5}, {2, 3}, {1}], [{8}, {6, 7}, {4, 5}, {3}, {1, 2}], [{8}, {6, 7}, {4, 5}, {3}, {2}, {1}], [{8}, {6, 7}, {5}, {2, 4}, {1, 3}], [{8}, {6, 7}, {5}, {3, 4}, {1, 2}], [{8}, {7}, {1, 6}, {4, 5}, {2, 3}], [{8}, {7}, {1, 6}, {4, 5}, {3}, {2}], [{8}, {7}, {2, 6}, {4, 5}, {1, 3}], [{8}, {7}, {2, 6}, {4, 5}, {3}, {1}], [{8}, {7}, {3, 6}, {4, 5}, {1, 2}], [{8}, {7}, {3, 6}, {4, 5}, {2}, {1}], [{8}, {7}, {6}, {4, 5}, {1, 3}, {2}], [{8}, {7}, {6}, {4, 5}, {2, 3}, {1}], [{8}, {7}, {6}, {4, 5}, {3}, {1, 2}], [{8}, {7}, {6}, {4, 5}, {3}, {2}, {1}]]",2,4 K_1^3 - 2 K_1^2 - 4 K_1 K_2 - K_1 + K_2 + K_3 + 2,O1O2O3U4O5U3U6U7O6O8U5O7U2U1O4U8,O1O2O3U4O5U3U6U7O8U5O7O6U1O4U8U2,O1O2O3U2U4O5U3O6O7U8O4U7U6U1O8U5,c,{'O1O2O3U4O5U3U2O6U7O4O8U6U8U1O7U5'},1,"<a href=""/flatknot/8.1101526"">8.1101526</a>",t^9-30t^7-42t^6+115t^5+114t^4-124t^3+100t^2+16t-80,-t^2+2t,,
8.1101527,O1O2O3U4O5U3U5O6U1O4O7U2U8U6O8U7,4,7z^2+92z+157,7w^3z^2+92w^2z+157w,False,False,"[[ 0 -1 -1  0 -1  1  1  2 -1],[ 1  0  0 -1  0  1  1  2  0],[ 1  0  0  0  0  1  0  2  0],[ 0  1  0  0 -1  1 -1  0  0],[ 1  0  0  1  0  1  1  1  1],[-1 -1 -1 -1 -1  0  0  0 -1],[-1 -1  0  1 -1  0  0  0 -1],[-2 -2 -2  0 -1  0  0  0 -2],[ 1  0  0  0 -1  1  1  2  0]]","[[ 0  2  1  1  0 -1 -1 -1 -1],[-2  0  0  0  0 -1 -2 -2 -2],[-1  0  0  0  1 -1  0 -1 -1],[-1  0  0  0 -1 -1 -1 -1 -1],[ 0  0 -1  1  0 -1  0  1  0],[ 1  1  1  1  1  0  0  0  1],[ 1  2  0  1  0  0  0  0  0],[ 1  2  1  1 -1  0  0  0  0],[ 1  2  1  1  0 -1  0  0  0]]",True,"[-2,-1,-1,0,1,1,1,1,0,0,0,1,2,2,2,0,-1,1,0,1,1,1,1,1,1,1,1,0,-1,0,0,0,-1,0,0,0]","[-2,-1,-1,0,1,1,1,1,0,0,0,1,2,2,2,0,-1,1,0,1,1,1,1,1,1,1,1,0,-1,0,0,0,-1,0,0,0]",t^8+25t^6+112t^4+101t^2+9,"[-1,-1,-1,-1,0,1,1,2,-1,0,0,0,1,1,2,0,0,1,1,1,1,0,1,1,2,1,2,1,1,1,0,2,2,0,1,1]","[-2,-1,-1,0,1,1,1,1,1,1,2,1,1,1,2,0,0,1,1,1,1,2,1,1,2,1,1,2,1,0,0,0,-1,0,0,0]","[-1,-1,-1,-1,0,1,1,2,-1,0,0,0,1,1,2,0,0,1,1,1,1,0,-1,1,1,2,0,0,1,2,-1,1,0,0,0,0]",c,"[[{8, 1}, {2, 7}, {3, 6}, {4, 5}], [{8, 1}, {2, 7}, {4, 6}, {3, 5}], [{8, 1}, {2, 7}, {5, 6}, {3, 4}], [{8, 1}, {2, 7}, {6}, {4, 5}, {3}], [{8, 1}, {3, 7}, {2, 6}, {4, 5}], [{8, 1}, {3, 7}, {4, 6}, {2, 5}], [{8, 1}, {3, 7}, {5, 6}, {2, 4}], [{8, 1}, {4, 7}, {2, 6}, {3, 5}], [{8, 1}, {4, 7}, {3, 6}, {2, 5}], [{8, 1}, {4, 7}, {5, 6}, {2, 3}], [{8, 1}, {4, 7}, {6}, {2, 5}, {3}], [{8, 1}, {5, 7}, {2, 6}, {3, 4}], [{8, 1}, {5, 7}, {3, 6}, {2, 4}], [{8, 1}, {5, 7}, {4, 6}, {2, 3}], [{8, 1}, {6, 7}, {2, 5}, {3, 4}], [{8, 1}, {6, 7}, {3, 5}, {2, 4}], [{8, 1}, {6, 7}, {4, 5}, {2, 3}], [{8, 1}, {6, 7}, {4, 5}, {3}, {2}], [{8, 1}, {7}, {2, 6}, {3, 5}, {4}], [{8, 1}, {7}, {2, 6}, {4, 5}, {3}], [{8, 1}, {7}, {2, 6}, {5}, {3, 4}], [{8, 1}, {7}, {3, 6}, {2, 5}, {4}], [{8, 1}, {7}, {5, 6}, {2, 4}, {3}], [{8, 2}, {1, 7}, {3, 6}, {4, 5}], [{8, 2}, {1, 7}, {4, 6}, {3, 5}], [{8, 2}, {1, 7}, {5, 6}, {3, 4}], [{8, 2}, {1, 7}, {6}, {4, 5}, {3}], [{8, 2}, {3, 7}, {1, 6}, {4, 5}], [{8, 2}, {3, 7}, {4, 6}, {1, 5}], [{8, 2}, {3, 7}, {5, 6}, {1, 4}], [{8, 2}, {4, 7}, {1, 6}, {3, 5}], [{8, 2}, {4, 7}, {3, 6}, {1, 5}], [{8, 2}, {4, 7}, {5, 6}, {1, 3}], [{8, 2}, {4, 7}, {6}, {1, 5}, {3}], [{8, 2}, {4, 7}, {6}, {3, 5}, {1}], [{8, 2}, {4, 7}, {6}, {5}, {1, 3}], [{8, 2}, {5, 7}, {1, 6}, {3, 4}], [{8, 2}, {5, 7}, {3, 6}, {1, 4}], [{8, 2}, {5, 7}, {4, 6}, {1, 3}], [{8, 2}, {6, 7}, {1, 5}, {3, 4}], [{8, 2}, {6, 7}, {3, 5}, {1, 4}], [{8, 2}, {6, 7}, {4, 5}, {1, 3}], [{8, 2}, {6, 7}, {4, 5}, {3}, {1}], [{8, 2}, {7}, {1, 6}, {4, 5}, {3}], [{8, 2}, {7}, {3, 6}, {1, 5}, {4}], [{8, 2}, {7}, {5, 6}, {1, 4}, {3}], [{8, 3}, {1, 7}, {2, 6}, {4, 5}], [{8, 3}, {1, 7}, {4, 6}, {2, 5}], [{8, 3}, {1, 7}, {5, 6}, {2, 4}], [{8, 3}, {1, 7}, {5, 6}, {4}, {2}], [{8, 3}, {2, 7}, {1, 6}, {4, 5}], [{8, 3}, {2, 7}, {4, 6}, {1, 5}], [{8, 3}, {2, 7}, {4, 6}, {5}, {1}], [{8, 3}, {2, 7}, {5, 6}, {1, 4}], [{8, 3}, {2, 7}, {6}, {1, 5}, {4}], [{8, 3}, {4, 7}, {1, 6}, {2, 5}], [{8, 3}, {4, 7}, {2, 6}, {1, 5}], [{8, 3}, {4, 7}, {2, 6}, {5}, {1}], [{8, 3}, {4, 7}, {5, 6}, {1, 2}], [{8, 3}, {5, 7}, {1, 6}, {2, 4}], [{8, 3}, {5, 7}, {2, 6}, {1, 4}], [{8, 3}, {5, 7}, {4, 6}, {1, 2}], [{8, 3}, {6, 7}, {1, 5}, {2, 4}], [{8, 3}, {6, 7}, {1, 5}, {4}, {2}], [{8, 3}, {6, 7}, {2, 5}, {1, 4}], [{8, 3}, {6, 7}, {4, 5}, {1, 2}], [{8, 3}, {6, 7}, {4, 5}, {2}, {1}], [{8, 3}, {6, 7}, {5}, {1, 4}, {2}], [{8, 3}, {7}, {2, 6}, {1, 5}, {4}], [{8, 3}, {7}, {5, 6}, {2, 4}, {1}], [{8, 3}, {7}, {6}, {2, 5}, {1, 4}], [{8, 4}, {1, 7}, {2, 6}, {3, 5}], [{8, 4}, {1, 7}, {3, 6}, {2, 5}], [{8, 4}, {1, 7}, {5, 6}, {2, 3}], [{8, 4}, {2, 7}, {1, 6}, {3, 5}], [{8, 4}, {2, 7}, {3, 6}, {1, 5}], [{8, 4}, {2, 7}, {5, 6}, {1, 3}], [{8, 4}, {3, 7}, {1, 6}, {2, 5}], [{8, 4}, {3, 7}, {2, 6}, {1, 5}], [{8, 4}, {3, 7}, {2, 6}, {5}, {1}], [{8, 4}, {3, 7}, {5, 6}, {1, 2}], [{8, 4}, {5, 7}, {1, 6}, {2, 3}], [{8, 4}, {5, 7}, {2, 6}, {1, 3}], [{8, 4}, {5, 7}, {3, 6}, {1, 2}], [{8, 4}, {5, 7}, {3, 6}, {2}, {1}], [{8, 4}, {6, 7}, {1, 5}, {2, 3}], [{8, 4}, {6, 7}, {2, 5}, {1, 3}], [{8, 4}, {6, 7}, {3, 5}, {1, 2}], [{8, 4}, {6, 7}, {5}, {1, 3}, {2}], [{8, 4}, {7}, {2, 6}, {1, 5}, {3}], [{8, 4}, {7}, {5, 6}, {3}, {1, 2}], [{8, 4}, {7}, {6}, {2, 5}, {1, 3}], [{8, 5}, {1, 7}, {2, 6}, {3, 4}], [{8, 5}, {1, 7}, {3, 6}, {2, 4}], [{8, 5}, {1, 7}, {4, 6}, {2, 3}], [{8, 5}, {2, 7}, {1, 6}, {3, 4}], [{8, 5}, {2, 7}, {3, 6}, {1, 4}], [{8, 5}, {2, 7}, {4, 6}, {1, 3}], [{8, 5}, {2, 7}, {6}, {1, 4}, {3}], [{8, 5}, {3, 7}, {1, 6}, {2, 4}], [{8, 5}, {3, 7}, {2, 6}, {1, 4}], [{8, 5}, {3, 7}, {4, 6}, {1, 2}], [{8, 5}, {4, 7}, {1, 6}, {2, 3}], [{8, 5}, {4, 7}, {2, 6}, {1, 3}], [{8, 5}, {4, 7}, {3, 6}, {1, 2}], [{8, 5}, {4, 7}, {3, 6}, {2}, {1}], [{8, 5}, {4, 7}, {6}, {3}, {1, 2}], [{8, 5}, {6, 7}, {1, 4}, {2, 3}], [{8, 5}, {6, 7}, {2, 4}, {1, 3}], [{8, 5}, {6, 7}, {3, 4}, {1, 2}], [{8, 5}, {6, 7}, {4}, {1, 3}, {2}], [{8, 5}, {7}, {2, 6}, {3, 4}, {1}], [{8, 6}, {1, 7}, {2, 5}, {3, 4}], [{8, 6}, {1, 7}, {3, 5}, {2, 4}], [{8, 6}, {1, 7}, {4, 5}, {2, 3}], [{8, 6}, {1, 7}, {4, 5}, {3}, {2}], [{8, 6}, {2, 7}, {1, 5}, {3, 4}], [{8, 6}, {2, 7}, {1, 5}, {4}, {3}], [{8, 6}, {2, 7}, {3, 5}, {1, 4}], [{8, 6}, {2, 7}, {4, 5}, {1, 3}], [{8, 6}, {2, 7}, {4, 5}, {3}, {1}], [{8, 6}, {2, 7}, {5}, {1, 4}, {3}], [{8, 6}, {3, 7}, {1, 5}, {2, 4}], [{8, 6}, {3, 7}, {2, 5}, {1, 4}], [{8, 6}, {3, 7}, {2, 5}, {4}, {1}], [{8, 6}, {3, 7}, {4, 5}, {1, 2}], [{8, 6}, {3, 7}, {4, 5}, {2}, {1}], [{8, 6}, {3, 7}, {5}, {2, 4}, {1}], [{8, 6}, {4, 7}, {1, 5}, {2, 3}], [{8, 6}, {4, 7}, {1, 5}, {3}, {2}], [{8, 6}, {4, 7}, {2, 5}, {1, 3}], [{8, 6}, {4, 7}, {3, 5}, {1, 2}], [{8, 6}, {5, 7}, {1, 4}, {2, 3}], [{8, 6}, {5, 7}, {2, 4}, {1, 3}], [{8, 6}, {5, 7}, {3, 4}, {1, 2}], [{8, 6}, {7}, {1, 5}, {2, 4}, {3}], [{8, 6}, {7}, {4, 5}, {1, 3}, {2}], [{8, 6}, {7}, {4, 5}, {2, 3}, {1}], [{8, 6}, {7}, {4, 5}, {3}, {1, 2}], [{8, 7}, {1, 6}, {2, 5}, {3, 4}], [{8, 7}, {1, 6}, {3, 5}, {2, 4}], [{8, 7}, {1, 6}, {4, 5}, {2, 3}], [{8, 7}, {1, 6}, {4, 5}, {3}, {2}], [{8, 7}, {1, 6}, {5}, {4}, {2, 3}], [{8, 7}, {2, 6}, {1, 5}, {3, 4}], [{8, 7}, {2, 6}, {1, 5}, {4}, {3}], [{8, 7}, {2, 6}, {3, 5}, {1, 4}], [{8, 7}, {2, 6}, {3, 5}, {4}, {1}], [{8, 7}, {2, 6}, {4, 5}, {1, 3}], [{8, 7}, {2, 6}, {4, 5}, {3}, {1}], [{8, 7}, {2, 6}, {5}, {1, 4}, {3}], [{8, 7}, {2, 6}, {5}, {3, 4}, {1}], [{8, 7}, {2, 6}, {5}, {4}, {1, 3}], [{8, 7}, {2, 6}, {5}, {4}, {3}, {1}], [{8, 7}, {3, 6}, {1, 5}, {2, 4}], [{8, 7}, {3, 6}, {1, 5}, {4}, {2}], [{8, 7}, {3, 6}, {2, 5}, {1, 4}], [{8, 7}, {3, 6}, {2, 5}, {4}, {1}], [{8, 7}, {3, 6}, {4, 5}, {1, 2}], [{8, 7}, {3, 6}, {4, 5}, {2}, {1}], [{8, 7}, {3, 6}, {5}, {1, 4}, {2}], [{8, 7}, {3, 6}, {5}, {2, 4}, {1}], [{8, 7}, {3, 6}, {5}, {4}, {1, 2}], [{8, 7}, {3, 6}, {5}, {4}, {2}, {1}], [{8, 7}, {4, 6}, {1, 5}, {2, 3}], [{8, 7}, {4, 6}, {2, 5}, {1, 3}], [{8, 7}, {4, 6}, {3, 5}, {1, 2}], [{8, 7}, {4, 6}, {5}, {2, 3}, {1}], [{8, 7}, {5, 6}, {1, 4}, {2, 3}], [{8, 7}, {5, 6}, {1, 4}, {3}, {2}], [{8, 7}, {5, 6}, {2, 4}, {1, 3}], [{8, 7}, {5, 6}, {3, 4}, {1, 2}], [{8, 7}, {5, 6}, {4}, {2, 3}, {1}], [{8, 7}, {6}, {1, 5}, {4}, {2, 3}], [{8, 7}, {6}, {2, 5}, {1, 4}, {3}], [{8, 7}, {6}, {3, 5}, {1, 4}, {2}], [{8, 7}, {6}, {4, 5}, {1, 3}, {2}], [{8, 7}, {6}, {4, 5}, {2, 3}, {1}], [{8, 7}, {6}, {4, 5}, {3}, {1, 2}], [{8, 7}, {6}, {5}, {1, 4}, {2, 3}], [{8, 7}, {6}, {5}, {4}, {2, 3}, {1}], [{8}, {1, 7}, {2, 6}, {3, 5}, {4}], [{8}, {1, 7}, {2, 6}, {4, 5}, {3}], [{8}, {1, 7}, {2, 6}, {5}, {3, 4}], [{8}, {1, 7}, {3, 6}, {2, 5}, {4}], [{8}, {1, 7}, {4, 6}, {3, 5}, {2}], [{8}, {1, 7}, {6}, {3, 5}, {2, 4}], [{8}, {2, 7}, {1, 6}, {4, 5}, {3}], [{8}, {2, 7}, {3, 6}, {1, 5}, {4}], [{8}, {2, 7}, {5, 6}, {1, 4}, {3}], [{8}, {2, 7}, {5, 6}, {3, 4}, {1}], [{8}, {2, 7}, {5, 6}, {4}, {1, 3}], [{8}, {3, 7}, {2, 6}, {1, 5}, {4}], [{8}, {3, 7}, {4, 6}, {1, 5}, {2}], [{8}, {3, 7}, {5, 6}, {4}, {1, 2}], [{8}, {3, 7}, {6}, {1, 5}, {2, 4}], [{8}, {3, 7}, {6}, {2, 5}, {1, 4}], [{8}, {4, 7}, {2, 6}, {1, 5}, {3}], [{8}, {4, 7}, {5, 6}, {1, 3}, {2}], [{8}, {5, 7}, {2, 6}, {3, 4}, {1}], [{8}, {5, 7}, {4, 6}, {1, 3}, {2}], [{8}, {6, 7}, {2, 5}, {3, 4}, {1}], [{8}, {6, 7}, {3, 5}, {2, 4}, {1}], [{8}, {6, 7}, {4, 5}, {1, 3}, {2}], [{8}, {6, 7}, {4, 5}, {2, 3}, {1}], [{8}, {6, 7}, {4, 5}, {3}, {1, 2}], [{8}, {7}, {1, 6}, {3, 5}, {2, 4}], [{8}, {7}, {2, 6}, {1, 5}, {3, 4}], [{8}, {7}, {2, 6}, {5}, {3, 4}, {1}], [{8}, {7}, {5, 6}, {2, 4}, {1, 3}]]",2,- 26 K_1^2 - 8 K_1 K_2 + 4 K_1 + 13 K_2 + 4 K_3 + 14,O1O2O3U4O5U6U5U2O4O7U3O6U8U1O8U7,O1O2O3U2O4U5U1U6O7U8O6O8U3O5U7U4,O1O2O3U4U5O6U1O7O8U7O5U8U3U6O4U2,c,{'O1O2O3U4O5U3U5O6U1O4O7U2U8U6O8U7'},1,"<a href=""/flatknot/8.1101527"">8.1101527</a>",t^9-23t^7-18t^6+67t^5+56t^4-32t^3-22t^2+3t,-t^2+2t,,
8.1101528,O1O2O3U4O5U3U5O6U1O4O7U6U8U2O8U7,4,18z^2+103z+135,18w^3z^2+103w^2z+135w,False,False,"[[ 0 -1  1  0 -1  1 -1  2 -1],[ 1  0  1 -1  0  1  0  2  0],[-1 -1  0  0 -1  1 -1  1 -1],[ 0  1  0  0 -1  1 -1  0  0],[ 1  0  1  1  0  1 -1  1  0],[-1 -1 -1 -1 -1  0  0  0 -1],[ 1  0  1  1  1  0  0  1  1],[-2 -2 -1  0 -1  0 -1  0 -2],[ 1  0  1  0  0  1 -1  2  0]]","[[ 0  2  1  1  0 -1 -1 -1 -1],[-2  0  0 -1  0 -1 -1 -2 -2],[-1  0  0 -1 -1  0 -1 -1 -1],[-1  1  1  0  0 -1 -1 -1 -1],[ 0  0  1  0  0 -1 -1  1  0],[ 1  1  0  1  1  0  1  0  1],[ 1  1  1  1  1 -1  0  0  0],[ 1  2  1  1 -1  0  0  0  0],[ 1  2  1  1  0 -1  0  0  0]]",True,"[-2,-1,-1,0,1,1,1,1,0,1,0,1,1,2,2,1,1,0,1,1,1,0,1,1,1,1,1,1,-1,0,-1,0,-1,0,0,0]","[-2,-1,-1,0,1,1,1,1,0,1,0,1,1,2,2,1,1,0,1,1,1,0,1,1,1,1,1,1,-1,0,-1,0,-1,0,0,0]",t^8+25t^6+96t^4+17t^2,"[-1,-1,-1,-1,0,1,1,2,-1,-1,0,0,1,2,2,0,0,0,1,1,2,0,1,1,1,1,2,1,1,1,1,0,2,-1,0,1]","[-2,-1,-1,0,1,1,1,1,0,1,2,1,1,2,2,1,1,1,1,1,1,0,1,1,1,2,1,2,0,0,0,0,-1,0,0,-1]","[-1,-1,-1,-1,0,1,1,2,-1,0,0,0,1,1,2,0,1,1,0,1,1,0,-1,1,1,2,1,1,1,1,1,0,0,-1,0,1]",c,"[[{8, 1}, {2, 7}, {3, 6}, {4, 5}], [{8, 1}, {2, 7}, {4, 6}, {3, 5}], [{8, 1}, {2, 7}, {5, 6}, {3, 4}], [{8, 1}, {2, 7}, {5, 6}, {4}, {3}], [{8, 1}, {3, 7}, {2, 6}, {4, 5}], [{8, 1}, {3, 7}, {4, 6}, {2, 5}], [{8, 1}, {3, 7}, {5, 6}, {2, 4}], [{8, 1}, {4, 7}, {2, 6}, {3, 5}], [{8, 1}, {4, 7}, {3, 6}, {2, 5}], [{8, 1}, {4, 7}, {5, 6}, {2, 3}], [{8, 1}, {4, 7}, {5, 6}, {3}, {2}], [{8, 1}, {5, 7}, {2, 6}, {3, 4}], [{8, 1}, {5, 7}, {3, 6}, {2, 4}], [{8, 1}, {5, 7}, {4, 6}, {2, 3}], [{8, 1}, {6, 7}, {2, 5}, {3, 4}], [{8, 1}, {6, 7}, {3, 5}, {2, 4}], [{8, 1}, {6, 7}, {4, 5}, {2, 3}], [{8, 1}, {7}, {3, 6}, {4, 5}, {2}], [{8, 1}, {7}, {5, 6}, {2, 4}, {3}], [{8, 2}, {1, 7}, {3, 6}, {4, 5}], [{8, 2}, {1, 7}, {3, 6}, {5}, {4}], [{8, 2}, {1, 7}, {4, 6}, {3, 5}], [{8, 2}, {1, 7}, {4, 6}, {5}, {3}], [{8, 2}, {1, 7}, {5, 6}, {3, 4}], [{8, 2}, {1, 7}, {5, 6}, {4}, {3}], [{8, 2}, {1, 7}, {6}, {3, 5}, {4}], [{8, 2}, {1, 7}, {6}, {4, 5}, {3}], [{8, 2}, {1, 7}, {6}, {5}, {3, 4}], [{8, 2}, {1, 7}, {6}, {5}, {4}, {3}], [{8, 2}, {3, 7}, {1, 6}, {4, 5}], [{8, 2}, {3, 7}, {1, 6}, {5}, {4}], [{8, 2}, {3, 7}, {4, 6}, {1, 5}], [{8, 2}, {3, 7}, {5, 6}, {1, 4}], [{8, 2}, {3, 7}, {6}, {4, 5}, {1}], [{8, 2}, {4, 7}, {1, 6}, {3, 5}], [{8, 2}, {4, 7}, {3, 6}, {1, 5}], [{8, 2}, {4, 7}, {5, 6}, {1, 3}], [{8, 2}, {4, 7}, {5, 6}, {3}, {1}], [{8, 2}, {5, 7}, {1, 6}, {3, 4}], [{8, 2}, {5, 7}, {3, 6}, {1, 4}], [{8, 2}, {5, 7}, {4, 6}, {1, 3}], [{8, 2}, {6, 7}, {1, 5}, {3, 4}], [{8, 2}, {6, 7}, {3, 5}, {1, 4}], [{8, 2}, {6, 7}, {4, 5}, {1, 3}], [{8, 2}, {6, 7}, {4, 5}, {3}, {1}], [{8, 2}, {6, 7}, {5}, {4}, {1, 3}], [{8, 2}, {7}, {1, 6}, {4, 5}, {3}], [{8, 2}, {7}, {3, 6}, {4, 5}, {1}], [{8, 2}, {7}, {5, 6}, {1, 4}, {3}], [{8, 2}, {7}, {6}, {4, 5}, {1, 3}], [{8, 3}, {1, 7}, {2, 6}, {4, 5}], [{8, 3}, {1, 7}, {4, 6}, {2, 5}], [{8, 3}, {1, 7}, {5, 6}, {2, 4}], [{8, 3}, {1, 7}, {5, 6}, {4}, {2}], [{8, 3}, {1, 7}, {6}, {5}, {2, 4}], [{8, 3}, {2, 7}, {1, 6}, {4, 5}], [{8, 3}, {2, 7}, {4, 6}, {1, 5}], [{8, 3}, {2, 7}, {5, 6}, {1, 4}], [{8, 3}, {2, 7}, {5, 6}, {4}, {1}], [{8, 3}, {4, 7}, {1, 6}, {2, 5}], [{8, 3}, {4, 7}, {2, 6}, {1, 5}], [{8, 3}, {4, 7}, {5, 6}, {1, 2}], [{8, 3}, {5, 7}, {1, 6}, {2, 4}], [{8, 3}, {5, 7}, {2, 6}, {1, 4}], [{8, 3}, {5, 7}, {4, 6}, {1, 2}], [{8, 3}, {6, 7}, {1, 5}, {2, 4}], [{8, 3}, {6, 7}, {1, 5}, {4}, {2}], [{8, 3}, {6, 7}, {2, 5}, {1, 4}], [{8, 3}, {6, 7}, {4, 5}, {1, 2}], [{8, 3}, {6, 7}, {5}, {2, 4}, {1}], [{8, 3}, {7}, {1, 6}, {2, 5}, {4}], [{8, 3}, {7}, {1, 6}, {4, 5}, {2}], [{8, 3}, {7}, {1, 6}, {5}, {2, 4}], [{8, 3}, {7}, {2, 6}, {5}, {1, 4}], [{8, 3}, {7}, {5, 6}, {4}, {1, 2}], [{8, 4}, {1, 7}, {2, 6}, {3, 5}], [{8, 4}, {1, 7}, {3, 6}, {2, 5}], [{8, 4}, {1, 7}, {5, 6}, {2, 3}], [{8, 4}, {1, 7}, {5, 6}, {3}, {2}], [{8, 4}, {1, 7}, {6}, {5}, {2, 3}], [{8, 4}, {2, 7}, {1, 6}, {3, 5}], [{8, 4}, {2, 7}, {3, 6}, {1, 5}], [{8, 4}, {2, 7}, {5, 6}, {1, 3}], [{8, 4}, {2, 7}, {5, 6}, {3}, {1}], [{8, 4}, {3, 7}, {1, 6}, {2, 5}], [{8, 4}, {3, 7}, {1, 6}, {5}, {2}], [{8, 4}, {3, 7}, {2, 6}, {1, 5}], [{8, 4}, {3, 7}, {5, 6}, {1, 2}], [{8, 4}, {5, 7}, {1, 6}, {2, 3}], [{8, 4}, {5, 7}, {2, 6}, {1, 3}], [{8, 4}, {5, 7}, {3, 6}, {1, 2}], [{8, 4}, {6, 7}, {1, 5}, {2, 3}], [{8, 4}, {6, 7}, {2, 5}, {1, 3}], [{8, 4}, {6, 7}, {3, 5}, {1, 2}], [{8, 4}, {7}, {3, 6}, {1, 5}, {2}], [{8, 4}, {7}, {5, 6}, {3}, {1, 2}], [{8, 5}, {1, 7}, {2, 6}, {3, 4}], [{8, 5}, {1, 7}, {3, 6}, {2, 4}], [{8, 5}, {1, 7}, {4, 6}, {2, 3}], [{8, 5}, {1, 7}, {4, 6}, {3}, {2}], [{8, 5}, {2, 7}, {1, 6}, {3, 4}], [{8, 5}, {2, 7}, {3, 6}, {1, 4}], [{8, 5}, {2, 7}, {4, 6}, {1, 3}], [{8, 5}, {2, 7}, {6}, {1, 4}, {3}], [{8, 5}, {3, 7}, {1, 6}, {2, 4}], [{8, 5}, {3, 7}, {1, 6}, {4}, {2}], [{8, 5}, {3, 7}, {2, 6}, {1, 4}], [{8, 5}, {3, 7}, {4, 6}, {1, 2}], [{8, 5}, {3, 7}, {6}, {2, 4}, {1}], [{8, 5}, {4, 7}, {1, 6}, {2, 3}], [{8, 5}, {4, 7}, {2, 6}, {1, 3}], [{8, 5}, {4, 7}, {3, 6}, {1, 2}], [{8, 5}, {4, 7}, {6}, {2, 3}, {1}], [{8, 5}, {6, 7}, {1, 4}, {2, 3}], [{8, 5}, {6, 7}, {2, 4}, {1, 3}], [{8, 5}, {6, 7}, {3, 4}, {1, 2}], [{8, 5}, {7}, {3, 6}, {1, 4}, {2}], [{8, 6}, {1, 7}, {2, 5}, {3, 4}], [{8, 6}, {1, 7}, {3, 5}, {2, 4}], [{8, 6}, {1, 7}, {4, 5}, {2, 3}], [{8, 6}, {2, 7}, {1, 5}, {3, 4}], [{8, 6}, {2, 7}, {3, 5}, {1, 4}], [{8, 6}, {2, 7}, {4, 5}, {1, 3}], [{8, 6}, {2, 7}, {5}, {1, 4}, {3}], [{8, 6}, {3, 7}, {1, 5}, {2, 4}], [{8, 6}, {3, 7}, {2, 5}, {1, 4}], [{8, 6}, {3, 7}, {4, 5}, {1, 2}], [{8, 6}, {4, 7}, {1, 5}, {2, 3}], [{8, 6}, {4, 7}, {2, 5}, {1, 3}], [{8, 6}, {4, 7}, {3, 5}, {1, 2}], [{8, 6}, {5, 7}, {1, 4}, {2, 3}], [{8, 6}, {5, 7}, {2, 4}, {1, 3}], [{8, 6}, {5, 7}, {3, 4}, {1, 2}], [{8, 6}, {7}, {1, 5}, {2, 4}, {3}], [{8, 6}, {7}, {2, 5}, {4}, {1, 3}], [{8, 6}, {7}, {3, 5}, {2, 4}, {1}], [{8, 6}, {7}, {4, 5}, {1, 3}, {2}], [{8, 6}, {7}, {5}, {2, 4}, {1, 3}], [{8, 7}, {1, 6}, {2, 5}, {3, 4}], [{8, 7}, {1, 6}, {2, 5}, {4}, {3}], [{8, 7}, {1, 6}, {3, 5}, {2, 4}], [{8, 7}, {1, 6}, {4, 5}, {2, 3}], [{8, 7}, {1, 6}, {4, 5}, {3}, {2}], [{8, 7}, {1, 6}, {5}, {2, 4}, {3}], [{8, 7}, {2, 6}, {1, 5}, {3, 4}], [{8, 7}, {2, 6}, {3, 5}, {1, 4}], [{8, 7}, {2, 6}, {4, 5}, {1, 3}], [{8, 7}, {2, 6}, {5}, {4}, {1, 3}], [{8, 7}, {3, 6}, {1, 5}, {2, 4}], [{8, 7}, {3, 6}, {2, 5}, {1, 4}], [{8, 7}, {3, 6}, {4, 5}, {1, 2}], [{8, 7}, {3, 6}, {4, 5}, {2}, {1}], [{8, 7}, {3, 6}, {5}, {4}, {1, 2}], [{8, 7}, {4, 6}, {1, 5}, {2, 3}], [{8, 7}, {4, 6}, {2, 5}, {1, 3}], [{8, 7}, {4, 6}, {3, 5}, {1, 2}], [{8, 7}, {5, 6}, {1, 4}, {2, 3}], [{8, 7}, {5, 6}, {1, 4}, {3}, {2}], [{8, 7}, {5, 6}, {2, 4}, {1, 3}], [{8, 7}, {5, 6}, {2, 4}, {3}, {1}], [{8, 7}, {5, 6}, {3, 4}, {1, 2}], [{8, 7}, {5, 6}, {4}, {3}, {1, 2}], [{8, 7}, {6}, {1, 5}, {2, 4}, {3}], [{8, 7}, {6}, {3, 5}, {4}, {1, 2}], [{8, 7}, {6}, {4, 5}, {1, 3}, {2}], [{8}, {1, 7}, {3, 6}, {4, 5}, {2}], [{8}, {1, 7}, {4, 6}, {2, 5}, {3}], [{8}, {1, 7}, {5, 6}, {2, 4}, {3}], [{8}, {1, 7}, {5, 6}, {3, 4}, {2}], [{8}, {1, 7}, {5, 6}, {4}, {2, 3}], [{8}, {2, 7}, {1, 6}, {4, 5}, {3}], [{8}, {2, 7}, {3, 6}, {4, 5}, {1}], [{8}, {2, 7}, {4, 6}, {1, 5}, {3}], [{8}, {2, 7}, {4, 6}, {3, 5}, {1}], [{8}, {2, 7}, {4, 6}, {5}, {1, 3}], [{8}, {2, 7}, {5, 6}, {1, 4}, {3}], [{8}, {2, 7}, {5, 6}, {3, 4}, {1}], [{8}, {2, 7}, {5, 6}, {4}, {1, 3}], [{8}, {2, 7}, {6}, {4, 5}, {1, 3}], [{8}, {3, 7}, {1, 6}, {2, 5}, {4}], [{8}, {3, 7}, {1, 6}, {4, 5}, {2}], [{8}, {3, 7}, {1, 6}, {5}, {2, 4}], [{8}, {3, 7}, {1, 6}, {5}, {4}, {2}], [{8}, {3, 7}, {2, 6}, {1, 5}, {4}], [{8}, {3, 7}, {5, 6}, {4}, {1, 2}], [{8}, {4, 7}, {1, 6}, {3, 5}, {2}], [{8}, {4, 7}, {3, 6}, {2, 5}, {1}], [{8}, {4, 7}, {5, 6}, {3}, {1, 2}], [{8}, {5, 7}, {1, 6}, {3, 4}, {2}], [{8}, {5, 7}, {2, 6}, {1, 4}, {3}], [{8}, {5, 7}, {3, 6}, {2, 4}, {1}], [{8}, {6, 7}, {1, 5}, {2, 4}, {3}], [{8}, {6, 7}, {2, 5}, {1, 4}, {3}], [{8}, {6, 7}, {3, 5}, {1, 4}, {2}], [{8}, {6, 7}, {4, 5}, {1, 3}, {2}], [{8}, {6, 7}, {5}, {1, 4}, {2, 3}], [{8}, {7}, {1, 6}, {4, 5}, {2, 3}], [{8}, {7}, {1, 6}, {4, 5}, {3}, {2}], [{8}, {7}, {2, 6}, {4, 5}, {1, 3}], [{8}, {7}, {3, 6}, {4, 5}, {1, 2}], [{8}, {7}, {3, 6}, {4, 5}, {2}, {1}], [{8}, {7}, {5, 6}, {3, 4}, {1, 2}], [{8}, {7}, {6}, {4, 5}, {1, 3}, {2}]]",2,- 22 K_1^2 - 4 K_1 K_2 + 2 K_1 + 11 K_2 + 2 K_3 + 12,O1O2O3U4O5U2U5U6O4O7U3O6U8U1O8U7,O1O2O3U2O4U5U3U6O7U8O6O8U1O5U7U4,O1O2O3U4U5O6U3O7O8U7O5U8U1U6O4U2,c,{'O1O2O3U4O5U3U5O6U1O4O7U6U8U2O8U7'},1,"<a href=""/flatknot/8.1101528"">8.1101528</a>",t^9-23t^7-32t^6+39t^5+34t^4-18t^3,-t^2+2t,,
8.1101529,O1O2O3U4O5U3U5O6U1O4O7U6U8U7O8U2,4,6z^2+83z+143,6w^3z^2+83w^2z+143w,False,False,"[[ 0 -1  1  0 -1  1 -1  2 -1],[ 1  0  1 -1  0  1  0  1  1],[-1 -1  0  0 -1  1 -2  2 -2],[ 0  1  0  0 -1  1 -1  0  0],[ 1  0  1  1  0  1 -1  1  0],[-1 -1 -1 -1 -1  0  0  0 -1],[ 1  0  2  1  1  0  0  1  0],[-2 -1 -2  0 -1  0 -1  0 -2],[ 1 -1  2  0  0  1  0  2  0]]","[[ 0  2  1  1  0 -1 -1 -1 -1],[-2  0  0 -2  0 -1 -1 -1 -2],[-1  0  0 -1 -1  0 -1 -1 -1],[-1  2  1  0  0 -2 -1 -1 -2],[ 0  0  1  0  0 -1  1 -1  0],[ 1  1  0  2  1  0  0  1  0],[ 1  1  1  1 -1  0  0  0  1],[ 1  1  1  1  1 -1  0  0  0],[ 1  2  1  2  0  0 -1  0  0]]",True,"[-2,-1,-1,0,1,1,1,1,0,2,0,1,1,1,2,1,1,0,1,1,1,0,2,1,1,2,1,-1,1,0,0,-1,0,0,-1,0]","[-2,-1,-1,0,1,1,1,1,-1,1,2,1,2,2,2,1,1,0,0,1,1,0,1,2,1,1,1,0,0,2,0,0,-1,1,0,0]",t^8+31t^6+145t^4+56t^2+1,"[-1,-1,-1,-1,0,1,1,2,-1,0,0,0,0,2,2,0,0,0,1,1,2,-1,2,1,1,2,1,0,1,1,1,0,2,-1,-1,1]","[-2,-1,-1,0,1,1,1,1,-1,1,2,1,2,2,2,1,1,0,0,1,1,0,1,2,1,1,1,0,0,2,0,0,-1,1,0,0]","[-1,-1,-1,-1,0,1,1,2,-1,0,0,0,1,2,2,0,0,-1,1,1,1,-1,1,1,1,1,1,0,2,1,1,0,0,-1,0,2]",c,"[[{8, 3}, {1, 7}, {4, 6}, {2, 5}], [{8, 3}, {4, 7}, {5, 6}, {1, 2}], [{8, 4}, {3, 7}, {5, 6}, {1, 2}], [{8, 7}, {5, 6}, {3, 4}, {1, 2}]]",1,4 K_1^3 - 38 K_1^2 - 16 K_1 K_2 + 5 K_1 + 19 K_2 + 7 K_3 + 20,O1O2O3U2O4U5U4U6O5O7U3O6U8U1O8U7,O1O2O3U2O4U5U4U6O7U8O6O8U1O5U7U3,O1O2O3U1U4O5U3O6O7U6O4U7U8U5O8U2,c,{'O1O2O3U4O5U3U5O6U1O4O7U6U8U7O8U2'},1,"<a href=""/flatknot/8.1101529"">8.1101529</a>",t^9-29t^7-56t^6+64t^5+178t^4+6t^3-118t^2-50t-14,-t^2+2t,,
8.1101530,O1O2O3U4O5U3U5O6U1O4O7U8U7U6O8U2,4,9z^2+94z+153,9w^3z^2+94w^2z+153w,False,False,"[[ 0 -1  1  0 -1  1  1  1 -2],[ 1  0  1 -1  0  1  0  0  0],[-1 -1  0  0 -1  1  0  1 -3],[ 0  1  0  0 -1  1 -1  0  0],[ 1  0  1  1  0  1  1  1  0],[-1 -1 -1 -1 -1  0  0  0 -1],[-1  0  0  1 -1  0  0  0 -2],[-1  0 -1  0 -1  0  0  0 -1],[ 2  0  3  0  0  1  2  1  0]]","[[ 0  1  1  1  1  0 -1 -1 -2],[-1  0  1  1  0  0 -1 -1 -3],[-1 -1  0  0  0  0  0 -1 -1],[-1 -1  0  0  0 -1 -1 -1 -1],[-1  0  0  0  0  1  0 -1 -2],[ 0  0  0  1 -1  0  1 -1  0],[ 1  1  0  1  0 -1  0  0  0],[ 1  1  1  1  1  1  0  0  0],[ 2  3  1  1  2  0  0  0  0]]",True,"[-1,-1,-1,-1,0,1,1,2,-1,-1,0,0,1,1,3,0,0,0,0,1,1,0,1,1,1,1,-1,0,1,2,-1,1,0,0,0,0]","[-2,-1,-1,0,1,1,1,1,0,0,0,1,1,2,3,0,-1,0,1,0,1,1,1,1,1,1,0,1,-1,0,0,0,-1,0,-1,0]",t^8+27t^6+127t^4+120t^2+9,"[-2,-1,-1,0,1,1,1,1,1,1,2,0,1,2,2,0,0,1,1,1,1,2,1,2,1,2,1,2,0,1,0,-1,-1,0,0,0]","[-1,-1,-1,-1,0,1,1,2,-1,0,0,0,1,1,2,0,1,1,1,1,0,0,2,1,2,1,1,1,2,2,0,2,2,0,1,1]","[-2,-1,-1,0,1,1,1,1,0,0,0,1,1,2,3,0,-1,0,1,0,1,1,1,1,1,1,0,1,-1,0,0,0,-1,0,-1,0]",c,"[[{8, 1}, {2, 7}, {3, 6}, {4, 5}], [{8, 1}, {2, 7}, {4, 6}, {3, 5}], [{8, 1}, {2, 7}, {5, 6}, {3, 4}], [{8, 1}, {2, 7}, {6}, {4, 5}, {3}], [{8, 1}, {3, 7}, {2, 6}, {4, 5}], [{8, 1}, {3, 7}, {4, 6}, {2, 5}], [{8, 1}, {3, 7}, {5, 6}, {2, 4}], [{8, 1}, {3, 7}, {5, 6}, {4}, {2}], [{8, 1}, {4, 7}, {2, 6}, {3, 5}], [{8, 1}, {4, 7}, {3, 6}, {2, 5}], [{8, 1}, {4, 7}, {5, 6}, {2, 3}], [{8, 1}, {5, 7}, {2, 6}, {3, 4}], [{8, 1}, {5, 7}, {3, 6}, {2, 4}], [{8, 1}, {5, 7}, {4, 6}, {2, 3}], [{8, 1}, {6, 7}, {2, 5}, {3, 4}], [{8, 1}, {6, 7}, {3, 5}, {2, 4}], [{8, 1}, {6, 7}, {4, 5}, {2, 3}], [{8, 1}, {6, 7}, {4, 5}, {3}, {2}], [{8, 1}, {7}, {2, 6}, {4, 5}, {3}], [{8, 1}, {7}, {4, 6}, {3, 5}, {2}], [{8, 2}, {1, 7}, {3, 6}, {4, 5}], [{8, 2}, {1, 7}, {3, 6}, {5}, {4}], [{8, 2}, {1, 7}, {4, 6}, {3, 5}], [{8, 2}, {1, 7}, {5, 6}, {3, 4}], [{8, 2}, {1, 7}, {6}, {4, 5}, {3}], [{8, 2}, {3, 7}, {1, 6}, {4, 5}], [{8, 2}, {3, 7}, {1, 6}, {5}, {4}], [{8, 2}, {3, 7}, {4, 6}, {1, 5}], [{8, 2}, {3, 7}, {5, 6}, {1, 4}], [{8, 2}, {3, 7}, {6}, {4, 5}, {1}], [{8, 2}, {4, 7}, {1, 6}, {3, 5}], [{8, 2}, {4, 7}, {3, 6}, {1, 5}], [{8, 2}, {4, 7}, {5, 6}, {1, 3}], [{8, 2}, {4, 7}, {6}, {1, 5}, {3}], [{8, 2}, {4, 7}, {6}, {3, 5}, {1}], [{8, 2}, {4, 7}, {6}, {5}, {1, 3}], [{8, 2}, {5, 7}, {1, 6}, {3, 4}], [{8, 2}, {5, 7}, {3, 6}, {1, 4}], [{8, 2}, {5, 7}, {4, 6}, {1, 3}], [{8, 2}, {5, 7}, {6}, {4}, {1, 3}], [{8, 2}, {6, 7}, {1, 5}, {3, 4}], [{8, 2}, {6, 7}, {3, 5}, {1, 4}], [{8, 2}, {6, 7}, {4, 5}, {1, 3}], [{8, 2}, {6, 7}, {4, 5}, {3}, {1}], [{8, 2}, {6, 7}, {5}, {4}, {1, 3}], [{8, 2}, {7}, {1, 6}, {4, 5}, {3}], [{8, 2}, {7}, {3, 6}, {4, 5}, {1}], [{8, 2}, {7}, {4, 6}, {5}, {1, 3}], [{8, 2}, {7}, {5, 6}, {1, 4}, {3}], [{8, 2}, {7}, {5, 6}, {3, 4}, {1}], [{8, 2}, {7}, {5, 6}, {4}, {1, 3}], [{8, 2}, {7}, {6}, {4, 5}, {1, 3}], [{8, 2}, {7}, {6}, {5}, {4}, {1, 3}], [{8, 3}, {1, 7}, {2, 6}, {4, 5}], [{8, 3}, {1, 7}, {4, 6}, {2, 5}], [{8, 3}, {1, 7}, {5, 6}, {2, 4}], [{8, 3}, {2, 7}, {1, 6}, {4, 5}], [{8, 3}, {2, 7}, {4, 6}, {1, 5}], [{8, 3}, {2, 7}, {5, 6}, {1, 4}], [{8, 3}, {4, 7}, {1, 6}, {2, 5}], [{8, 3}, {4, 7}, {2, 6}, {1, 5}], [{8, 3}, {4, 7}, {5, 6}, {1, 2}], [{8, 3}, {5, 7}, {1, 6}, {2, 4}], [{8, 3}, {5, 7}, {1, 6}, {4}, {2}], [{8, 3}, {5, 7}, {2, 6}, {1, 4}], [{8, 3}, {5, 7}, {4, 6}, {1, 2}], [{8, 3}, {6, 7}, {1, 5}, {2, 4}], [{8, 3}, {6, 7}, {2, 5}, {1, 4}], [{8, 3}, {6, 7}, {2, 5}, {4}, {1}], [{8, 3}, {6, 7}, {4, 5}, {1, 2}], [{8, 3}, {7}, {4, 6}, {1, 5}, {2}], [{8, 3}, {7}, {5, 6}, {4}, {1, 2}], [{8, 3}, {7}, {6}, {2, 5}, {1, 4}], [{8, 4}, {1, 7}, {2, 6}, {3, 5}], [{8, 4}, {1, 7}, {3, 6}, {2, 5}], [{8, 4}, {1, 7}, {5, 6}, {2, 3}], [{8, 4}, {1, 7}, {6}, {3, 5}, {2}], [{8, 4}, {2, 7}, {1, 6}, {3, 5}], [{8, 4}, {2, 7}, {3, 6}, {1, 5}], [{8, 4}, {2, 7}, {5, 6}, {1, 3}], [{8, 4}, {2, 7}, {6}, {3, 5}, {1}], [{8, 4}, {3, 7}, {1, 6}, {2, 5}], [{8, 4}, {3, 7}, {2, 6}, {1, 5}], [{8, 4}, {3, 7}, {5, 6}, {1, 2}], [{8, 4}, {3, 7}, {6}, {2, 5}, {1}], [{8, 4}, {5, 7}, {1, 6}, {2, 3}], [{8, 4}, {5, 7}, {2, 6}, {1, 3}], [{8, 4}, {5, 7}, {3, 6}, {1, 2}], [{8, 4}, {6, 7}, {1, 5}, {2, 3}], [{8, 4}, {6, 7}, {2, 5}, {1, 3}], [{8, 4}, {6, 7}, {3, 5}, {1, 2}], [{8, 4}, {7}, {2, 6}, {5}, {1, 3}], [{8, 4}, {7}, {6}, {3, 5}, {1, 2}], [{8, 5}, {1, 7}, {2, 6}, {3, 4}], [{8, 5}, {1, 7}, {3, 6}, {2, 4}], [{8, 5}, {1, 7}, {4, 6}, {2, 3}], [{8, 5}, {1, 7}, {6}, {2, 4}, {3}], [{8, 5}, {1, 7}, {6}, {3, 4}, {2}], [{8, 5}, {1, 7}, {6}, {4}, {2, 3}], [{8, 5}, {2, 7}, {1, 6}, {3, 4}], [{8, 5}, {2, 7}, {3, 6}, {1, 4}], [{8, 5}, {2, 7}, {4, 6}, {1, 3}], [{8, 5}, {2, 7}, {6}, {1, 4}, {3}], [{8, 5}, {3, 7}, {1, 6}, {2, 4}], [{8, 5}, {3, 7}, {1, 6}, {4}, {2}], [{8, 5}, {3, 7}, {2, 6}, {1, 4}], [{8, 5}, {3, 7}, {4, 6}, {1, 2}], [{8, 5}, {4, 7}, {1, 6}, {2, 3}], [{8, 5}, {4, 7}, {2, 6}, {1, 3}], [{8, 5}, {4, 7}, {3, 6}, {1, 2}], [{8, 5}, {4, 7}, {3, 6}, {2}, {1}], [{8, 5}, {4, 7}, {6}, {3}, {1, 2}], [{8, 5}, {6, 7}, {1, 4}, {2, 3}], [{8, 5}, {6, 7}, {1, 4}, {3}, {2}], [{8, 5}, {6, 7}, {2, 4}, {1, 3}], [{8, 5}, {6, 7}, {3, 4}, {1, 2}], [{8, 5}, {7}, {2, 6}, {1, 4}, {3}], [{8, 5}, {7}, {4, 6}, {1, 3}, {2}], [{8, 6}, {1, 7}, {2, 5}, {3, 4}], [{8, 6}, {1, 7}, {2, 5}, {4}, {3}], [{8, 6}, {1, 7}, {3, 5}, {2, 4}], [{8, 6}, {1, 7}, {4, 5}, {2, 3}], [{8, 6}, {1, 7}, {4, 5}, {3}, {2}], [{8, 6}, {1, 7}, {5}, {2, 4}, {3}], [{8, 6}, {2, 7}, {1, 5}, {3, 4}], [{8, 6}, {2, 7}, {1, 5}, {4}, {3}], [{8, 6}, {2, 7}, {3, 5}, {1, 4}], [{8, 6}, {2, 7}, {4, 5}, {1, 3}], [{8, 6}, {2, 7}, {4, 5}, {3}, {1}], [{8, 6}, {2, 7}, {5}, {1, 4}, {3}], [{8, 6}, {3, 7}, {1, 5}, {2, 4}], [{8, 6}, {3, 7}, {2, 5}, {1, 4}], [{8, 6}, {3, 7}, {4, 5}, {1, 2}], [{8, 6}, {3, 7}, {5}, {2, 4}, {1}], [{8, 6}, {4, 7}, {1, 5}, {2, 3}], [{8, 6}, {4, 7}, {1, 5}, {3}, {2}], [{8, 6}, {4, 7}, {2, 5}, {1, 3}], [{8, 6}, {4, 7}, {2, 5}, {3}, {1}], [{8, 6}, {4, 7}, {3, 5}, {1, 2}], [{8, 6}, {4, 7}, {5}, {3}, {1, 2}], [{8, 6}, {5, 7}, {1, 4}, {2, 3}], [{8, 6}, {5, 7}, {1, 4}, {3}, {2}], [{8, 6}, {5, 7}, {2, 4}, {1, 3}], [{8, 6}, {5, 7}, {2, 4}, {3}, {1}], [{8, 6}, {5, 7}, {3, 4}, {1, 2}], [{8, 6}, {5, 7}, {4}, {3}, {1, 2}], [{8, 6}, {7}, {1, 5}, {2, 4}, {3}], [{8, 6}, {7}, {2, 5}, {1, 4}, {3}], [{8, 6}, {7}, {3, 5}, {2, 4}, {1}], [{8, 6}, {7}, {4, 5}, {3}, {1, 2}], [{8, 6}, {7}, {5}, {2, 4}, {1, 3}], [{8, 6}, {7}, {5}, {2, 4}, {3}, {1}], [{8, 7}, {1, 6}, {2, 5}, {3, 4}], [{8, 7}, {1, 6}, {3, 5}, {2, 4}], [{8, 7}, {1, 6}, {4, 5}, {2, 3}], [{8, 7}, {1, 6}, {4, 5}, {3}, {2}], [{8, 7}, {2, 6}, {1, 5}, {3, 4}], [{8, 7}, {2, 6}, {3, 5}, {1, 4}], [{8, 7}, {2, 6}, {4, 5}, {1, 3}], [{8, 7}, {2, 6}, {4, 5}, {3}, {1}], [{8, 7}, {3, 6}, {1, 5}, {2, 4}], [{8, 7}, {3, 6}, {2, 5}, {1, 4}], [{8, 7}, {3, 6}, {4, 5}, {1, 2}], [{8, 7}, {3, 6}, {5}, {1, 4}, {2}], [{8, 7}, {4, 6}, {1, 5}, {2, 3}], [{8, 7}, {4, 6}, {2, 5}, {1, 3}], [{8, 7}, {4, 6}, {3, 5}, {1, 2}], [{8, 7}, {4, 6}, {5}, {1, 3}, {2}], [{8, 7}, {5, 6}, {1, 4}, {2, 3}], [{8, 7}, {5, 6}, {1, 4}, {3}, {2}], [{8, 7}, {5, 6}, {2, 4}, {1, 3}], [{8, 7}, {5, 6}, {3, 4}, {1, 2}], [{8, 7}, {5, 6}, {4}, {2, 3}, {1}], [{8, 7}, {6}, {1, 5}, {2, 4}, {3}], [{8, 7}, {6}, {3, 5}, {1, 4}, {2}], [{8, 7}, {6}, {4, 5}, {3}, {1, 2}], [{8}, {1, 7}, {2, 6}, {4, 5}, {3}], [{8}, {1, 7}, {4, 6}, {5}, {2, 3}], [{8}, {1, 7}, {5, 6}, {2, 4}, {3}], [{8}, {2, 7}, {1, 6}, {4, 5}, {3}], [{8}, {2, 7}, {4, 6}, {5}, {1, 3}], [{8}, {2, 7}, {5, 6}, {1, 4}, {3}], [{8}, {3, 7}, {1, 6}, {2, 5}, {4}], [{8}, {3, 7}, {4, 6}, {5}, {1, 2}], [{8}, {4, 7}, {1, 6}, {3, 5}, {2}], [{8}, {4, 7}, {2, 6}, {1, 5}, {3}], [{8}, {4, 7}, {5, 6}, {3}, {1, 2}], [{8}, {5, 7}, {4, 6}, {1, 3}, {2}], [{8}, {6, 7}, {1, 5}, {2, 4}, {3}], [{8}, {6, 7}, {4, 5}, {3}, {1, 2}], [{8}, {6, 7}, {5}, {1, 4}, {2, 3}], [{8}, {7}, {3, 6}, {2, 5}, {1, 4}], [{8}, {7}, {4, 6}, {2, 5}, {1, 3}], [{8}, {7}, {4, 6}, {5}, {1, 3}, {2}]]",2,- 30 K_1^2 - 8 K_1 K_2 + 4 K_1 + 15 K_2 + 4 K_3 + 16,O1O2O3U2O4U5U6U4O6O7U3O5U8U1O8U7,O1O2O3U1O4U5U4U6O7U8O6O8U3O5U7U2,O1O2O3U2U4O5U1O6O7U6O4U7U8U5O8U3,c,{'O1O2O3U4O5U3U5O6U1O4O7U8U7U6O8U2'},1,"<a href=""/flatknot/8.1101530"">8.1101530</a>",t^9-29t^7-20t^6+118t^5+68t^4-139t^3-28t^2+44t-6,t^2-2t,,
8.1101531,O1O2O3U4O5U3U5O6U2O4O7U1U8U7O8U6,4,15z^2+100z+141,15w^3z^2+100w^2z+141w,False,False,"[[ 0 -2  0  0 -1  1  1  2 -1],[ 2  0  1  0  0  1  2  1  1],[ 0 -1  0 -1 -1  1  0  0  0],[ 0  0  1  0 -1  1 -1  0  0],[ 1  0  1  1  0  1  1  2  0],[-1 -1 -1 -1 -1  0  0  0 -1],[-1 -2  0  1 -1  0  0  1 -2],[-2 -1  0  0 -2  0 -1  0 -2],[ 1 -1  0  0  0  1  2  2  0]]","[[ 0  2  1  1  0  0 -1 -1 -2],[-2  0  0 -1  0  0 -2 -2 -1],[-1  0  0  0 -1 -1 -1 -1 -1],[-1  1  0  0  1  0 -1 -2 -2],[ 0  0  1 -1  0  1 -1  0  0],[ 0  0  1  0 -1  0 -1  0 -1],[ 1  2  1  1  1  1  0  0  0],[ 1  2  1  2  0  0  0  0 -1],[ 2  1  1  2  0  1  0  1  0]]",True,"[-2,-1,-1,0,0,1,1,2,0,1,0,0,2,2,1,0,1,1,1,1,1,-1,0,1,2,2,-1,1,0,0,1,0,1,0,0,1]","[-2,-1,-1,0,0,1,1,2,0,1,0,0,2,2,1,0,1,1,1,1,1,-1,0,1,2,2,-1,1,0,0,1,0,1,0,0,1]",t^8+30t^6+156t^4+87t^2,"[-2,-1,-1,0,0,1,1,2,0,1,1,2,1,2,3,0,1,1,0,1,1,0,0,1,1,1,1,1,0,2,2,0,2,0,0,1]","[-2,-1,-1,0,0,1,1,2,0,1,2,2,1,1,3,0,1,2,0,1,1,0,0,1,1,2,-1,1,0,1,1,0,2,0,0,1]","[-2,-1,-1,0,0,1,1,2,0,1,0,1,1,2,1,0,1,1,1,1,2,0,0,1,2,2,1,1,-1,0,1,0,0,0,0,1]",c,"[[{8, 3}, {1, 7}, {5, 6}, {2, 4}], [{8, 3}, {2, 7}, {5, 6}, {1, 4}], [{8}, {1, 7}, {5, 6}, {2, 4}, {3}]]",1,8 K_1^3 - 28 K_1^2 - 16 K_1 K_2 + 2 K_1 + 14 K_2 + 6 K_3 + 15,O1O2O3U4O5U6U5U3O6O7U2O4U8U1O8U7,O1O2O3U2O4U1U5U6O7U8O6O8U4O5U7U3,O1O2O3U1U4O5U6O7O8U7O4U8U5U3O6U2,c,{'O1O2O3U4O5U3U5O6U2O4O7U1U8U7O8U6'},1,"<a href=""/flatknot/8.1101531"">8.1101531</a>",t^9-30t^7-42t^6+116t^5+186t^4-56t^3-86t^2+20t+10,0,,
8.1101532,O1O2O3U4O5U3U5O6U2O4O7U6U8U1O8U7,4,15z^2+96z+133,15w^3z^2+96w^2z+133w,False,False,"[[ 0  0  0  0 -1  1 -1  2 -1],[ 0  0  0  0 -1  1  0  1  0],[ 0  0  0 -1 -1  1  0  1  0],[ 0  0  1  0 -1  1 -1  0  0],[ 1  1  1  1  0  1 -1  1  0],[-1 -1 -1 -1 -1  0  0  0 -1],[ 1  0  0  1  1  0  0  1  1],[-2 -1 -1  0 -1  0 -1  0 -2],[ 1  0  0  0  0  1 -1  2  0]]","[[ 0  2  1  0  0  0 -1 -1 -1],[-2  0  0  0 -1 -1 -1 -1 -2],[-1  0  0 -1 -1 -1  0 -1 -1],[ 0  0  1  0  1  0 -1 -1  0],[ 0  1  1 -1  0  0  0 -1  0],[ 0  1  1  0  0  0  0 -1  0],[ 1  1  0  1  0  0  0  1  1],[ 1  1  1  1  1  1 -1  0  0],[ 1  2  1  0  0  0 -1  0  0]]",True,"[-2,-1,0,0,0,1,1,1,0,0,1,1,1,1,2,1,1,1,0,1,1,-1,0,1,1,0,0,0,1,0,0,1,0,-1,-1,0]","[-2,-1,0,0,0,1,1,1,0,0,1,1,1,1,2,1,1,1,0,1,1,-1,0,1,1,0,0,0,1,0,0,1,0,-1,-1,0]",t^8+20t^6+75t^4+38t^2,"[-1,-1,-1,0,0,0,1,2,-1,-1,0,1,1,2,2,0,0,0,0,1,2,1,1,1,1,1,-1,0,0,2,0,0,1,0,1,1]","[-2,-1,0,0,0,1,1,1,1,1,1,2,1,2,2,0,0,0,1,1,2,0,-1,1,0,1,0,1,0,1,1,0,0,0,-1,-1]","[-1,-1,-1,0,0,0,1,2,-1,0,0,0,0,1,2,1,0,0,1,0,1,1,1,1,1,1,0,-1,1,1,0,1,1,1,0,0]",c,"[[{8, 1}, {2, 7}, {3, 6}, {4, 5}], [{8, 1}, {2, 7}, {3, 6}, {5}, {4}], [{8, 1}, {2, 7}, {4, 6}, {3, 5}], [{8, 1}, {2, 7}, {5, 6}, {3, 4}], [{8, 1}, {3, 7}, {2, 6}, {4, 5}], [{8, 1}, {3, 7}, {2, 6}, {5}, {4}], [{8, 1}, {3, 7}, {4, 6}, {2, 5}], [{8, 1}, {3, 7}, {4, 6}, {5}, {2}], [{8, 1}, {3, 7}, {5, 6}, {2, 4}], [{8, 1}, {3, 7}, {5, 6}, {4}, {2}], [{8, 1}, {3, 7}, {6}, {2, 5}, {4}], [{8, 1}, {3, 7}, {6}, {4, 5}, {2}], [{8, 1}, {3, 7}, {6}, {5}, {2, 4}], [{8, 1}, {4, 7}, {2, 6}, {3, 5}], [{8, 1}, {4, 7}, {3, 6}, {2, 5}], [{8, 1}, {4, 7}, {5, 6}, {2, 3}], [{8, 1}, {4, 7}, {6}, {2, 5}, {3}], [{8, 1}, {4, 7}, {6}, {3, 5}, {2}], [{8, 1}, {4, 7}, {6}, {5}, {2, 3}], [{8, 1}, {5, 7}, {2, 6}, {3, 4}], [{8, 1}, {5, 7}, {3, 6}, {2, 4}], [{8, 1}, {5, 7}, {3, 6}, {4}, {2}], [{8, 1}, {5, 7}, {4, 6}, {2, 3}], [{8, 1}, {6, 7}, {2, 5}, {3, 4}], [{8, 1}, {6, 7}, {2, 5}, {4}, {3}], [{8, 1}, {6, 7}, {3, 5}, {2, 4}], [{8, 1}, {6, 7}, {4, 5}, {2, 3}], [{8, 1}, {7}, {2, 6}, {4, 5}, {3}], [{8, 1}, {7}, {3, 6}, {2, 5}, {4}], [{8, 1}, {7}, {4, 6}, {2, 5}, {3}], [{8, 1}, {7}, {5, 6}, {2, 4}, {3}], [{8, 1}, {7}, {6}, {2, 5}, {3, 4}], [{8, 1}, {7}, {6}, {2, 5}, {4}, {3}], [{8, 2}, {1, 7}, {3, 6}, {4, 5}], [{8, 2}, {1, 7}, {4, 6}, {3, 5}], [{8, 2}, {1, 7}, {5, 6}, {3, 4}], [{8, 2}, {3, 7}, {1, 6}, {4, 5}], [{8, 2}, {3, 7}, {1, 6}, {5}, {4}], [{8, 2}, {3, 7}, {4, 6}, {1, 5}], [{8, 2}, {3, 7}, {5, 6}, {1, 4}], [{8, 2}, {3, 7}, {6}, {4, 5}, {1}], [{8, 2}, {4, 7}, {1, 6}, {3, 5}], [{8, 2}, {4, 7}, {1, 6}, {5}, {3}], [{8, 2}, {4, 7}, {3, 6}, {1, 5}], [{8, 2}, {4, 7}, {5, 6}, {1, 3}], [{8, 2}, {4, 7}, {5, 6}, {3}, {1}], [{8, 2}, {4, 7}, {6}, {1, 5}, {3}], [{8, 2}, {5, 7}, {1, 6}, {3, 4}], [{8, 2}, {5, 7}, {3, 6}, {1, 4}], [{8, 2}, {5, 7}, {4, 6}, {1, 3}], [{8, 2}, {6, 7}, {1, 5}, {3, 4}], [{8, 2}, {6, 7}, {1, 5}, {4}, {3}], [{8, 2}, {6, 7}, {3, 5}, {1, 4}], [{8, 2}, {6, 7}, {4, 5}, {1, 3}], [{8, 2}, {6, 7}, {4, 5}, {3}, {1}], [{8, 2}, {6, 7}, {5}, {1, 4}, {3}], [{8, 2}, {7}, {1, 6}, {5}, {3, 4}], [{8, 2}, {7}, {3, 6}, {4, 5}, {1}], [{8, 2}, {7}, {4, 6}, {1, 5}, {3}], [{8, 2}, {7}, {5, 6}, {4}, {1, 3}], [{8, 2}, {7}, {6}, {3, 5}, {1, 4}], [{8, 3}, {1, 7}, {2, 6}, {4, 5}], [{8, 3}, {1, 7}, {2, 6}, {5}, {4}], [{8, 3}, {1, 7}, {4, 6}, {2, 5}], [{8, 3}, {1, 7}, {5, 6}, {2, 4}], [{8, 3}, {2, 7}, {1, 6}, {4, 5}], [{8, 3}, {2, 7}, {4, 6}, {1, 5}], [{8, 3}, {2, 7}, {5, 6}, {1, 4}], [{8, 3}, {2, 7}, {6}, {4, 5}, {1}], [{8, 3}, {4, 7}, {1, 6}, {2, 5}], [{8, 3}, {4, 7}, {2, 6}, {1, 5}], [{8, 3}, {4, 7}, {5, 6}, {1, 2}], [{8, 3}, {5, 7}, {1, 6}, {2, 4}], [{8, 3}, {5, 7}, {2, 6}, {1, 4}], [{8, 3}, {5, 7}, {4, 6}, {1, 2}], [{8, 3}, {6, 7}, {1, 5}, {2, 4}], [{8, 3}, {6, 7}, {1, 5}, {4}, {2}], [{8, 3}, {6, 7}, {2, 5}, {1, 4}], [{8, 3}, {6, 7}, {4, 5}, {1, 2}], [{8, 3}, {6, 7}, {4, 5}, {2}, {1}], [{8, 3}, {6, 7}, {5}, {1, 4}, {2}], [{8, 3}, {7}, {2, 6}, {4, 5}, {1}], [{8, 3}, {7}, {5, 6}, {2, 4}, {1}], [{8, 4}, {1, 7}, {2, 6}, {3, 5}], [{8, 4}, {1, 7}, {3, 6}, {2, 5}], [{8, 4}, {1, 7}, {5, 6}, {2, 3}], [{8, 4}, {2, 7}, {1, 6}, {3, 5}], [{8, 4}, {2, 7}, {1, 6}, {5}, {3}], [{8, 4}, {2, 7}, {3, 6}, {1, 5}], [{8, 4}, {2, 7}, {5, 6}, {1, 3}], [{8, 4}, {2, 7}, {5, 6}, {3}, {1}], [{8, 4}, {2, 7}, {6}, {1, 5}, {3}], [{8, 4}, {3, 7}, {1, 6}, {2, 5}], [{8, 4}, {3, 7}, {2, 6}, {1, 5}], [{8, 4}, {3, 7}, {5, 6}, {1, 2}], [{8, 4}, {5, 7}, {1, 6}, {2, 3}], [{8, 4}, {5, 7}, {2, 6}, {1, 3}], [{8, 4}, {5, 7}, {3, 6}, {1, 2}], [{8, 4}, {5, 7}, {6}, {2, 3}, {1}], [{8, 4}, {6, 7}, {1, 5}, {2, 3}], [{8, 4}, {6, 7}, {2, 5}, {1, 3}], [{8, 4}, {6, 7}, {3, 5}, {1, 2}], [{8, 4}, {7}, {1, 6}, {3, 5}, {2}], [{8, 4}, {7}, {3, 6}, {1, 5}, {2}], [{8, 4}, {7}, {5, 6}, {1, 3}, {2}], [{8, 5}, {1, 7}, {2, 6}, {3, 4}], [{8, 5}, {1, 7}, {3, 6}, {2, 4}], [{8, 5}, {1, 7}, {3, 6}, {4}, {2}], [{8, 5}, {1, 7}, {4, 6}, {2, 3}], [{8, 5}, {2, 7}, {1, 6}, {3, 4}], [{8, 5}, {2, 7}, {3, 6}, {1, 4}], [{8, 5}, {2, 7}, {4, 6}, {1, 3}], [{8, 5}, {3, 7}, {1, 6}, {2, 4}], [{8, 5}, {3, 7}, {2, 6}, {1, 4}], [{8, 5}, {3, 7}, {4, 6}, {1, 2}], [{8, 5}, {4, 7}, {1, 6}, {2, 3}], [{8, 5}, {4, 7}, {2, 6}, {1, 3}], [{8, 5}, {4, 7}, {3, 6}, {1, 2}], [{8, 5}, {6, 7}, {1, 4}, {2, 3}], [{8, 5}, {6, 7}, {2, 4}, {1, 3}], [{8, 5}, {6, 7}, {3, 4}, {1, 2}], [{8, 6}, {1, 7}, {2, 5}, {3, 4}], [{8, 6}, {1, 7}, {3, 5}, {2, 4}], [{8, 6}, {1, 7}, {4, 5}, {2, 3}], [{8, 6}, {2, 7}, {1, 5}, {3, 4}], [{8, 6}, {2, 7}, {1, 5}, {4}, {3}], [{8, 6}, {2, 7}, {3, 5}, {1, 4}], [{8, 6}, {2, 7}, {4, 5}, {1, 3}], [{8, 6}, {2, 7}, {4, 5}, {3}, {1}], [{8, 6}, {2, 7}, {5}, {1, 4}, {3}], [{8, 6}, {3, 7}, {1, 5}, {2, 4}], [{8, 6}, {3, 7}, {1, 5}, {4}, {2}], [{8, 6}, {3, 7}, {2, 5}, {1, 4}], [{8, 6}, {3, 7}, {4, 5}, {1, 2}], [{8, 6}, {3, 7}, {4, 5}, {2}, {1}], [{8, 6}, {3, 7}, {5}, {1, 4}, {2}], [{8, 6}, {4, 7}, {1, 5}, {2, 3}], [{8, 6}, {4, 7}, {2, 5}, {1, 3}], [{8, 6}, {4, 7}, {3, 5}, {1, 2}], [{8, 6}, {4, 7}, {3, 5}, {2}, {1}], [{8, 6}, {5, 7}, {1, 4}, {2, 3}], [{8, 6}, {5, 7}, {2, 4}, {1, 3}], [{8, 6}, {5, 7}, {3, 4}, {1, 2}], [{8, 6}, {5, 7}, {4}, {1, 3}, {2}], [{8, 6}, {7}, {1, 5}, {4}, {2, 3}], [{8, 6}, {7}, {4, 5}, {2, 3}, {1}], [{8, 6}, {7}, {5}, {1, 4}, {2, 3}], [{8, 7}, {1, 6}, {2, 5}, {3, 4}], [{8, 7}, {1, 6}, {3, 5}, {2, 4}], [{8, 7}, {1, 6}, {3, 5}, {4}, {2}], [{8, 7}, {1, 6}, {4, 5}, {2, 3}], [{8, 7}, {1, 6}, {5}, {2, 4}, {3}], [{8, 7}, {2, 6}, {1, 5}, {3, 4}], [{8, 7}, {2, 6}, {1, 5}, {4}, {3}], [{8, 7}, {2, 6}, {3, 5}, {1, 4}], [{8, 7}, {2, 6}, {4, 5}, {1, 3}], [{8, 7}, {2, 6}, {4, 5}, {3}, {1}], [{8, 7}, {2, 6}, {5}, {1, 4}, {3}], [{8, 7}, {3, 6}, {1, 5}, {2, 4}], [{8, 7}, {3, 6}, {1, 5}, {4}, {2}], [{8, 7}, {3, 6}, {2, 5}, {1, 4}], [{8, 7}, {3, 6}, {4, 5}, {1, 2}], [{8, 7}, {3, 6}, {4, 5}, {2}, {1}], [{8, 7}, {3, 6}, {5}, {1, 4}, {2}], [{8, 7}, {4, 6}, {1, 5}, {2, 3}], [{8, 7}, {4, 6}, {1, 5}, {3}, {2}], [{8, 7}, {4, 6}, {2, 5}, {1, 3}], [{8, 7}, {4, 6}, {3, 5}, {1, 2}], [{8, 7}, {5, 6}, {1, 4}, {2, 3}], [{8, 7}, {5, 6}, {2, 4}, {1, 3}], [{8, 7}, {5, 6}, {2, 4}, {3}, {1}], [{8, 7}, {5, 6}, {3, 4}, {1, 2}], [{8, 7}, {5, 6}, {4}, {1, 3}, {2}], [{8, 7}, {6}, {1, 5}, {2, 4}, {3}], [{8, 7}, {6}, {1, 5}, {3, 4}, {2}], [{8, 7}, {6}, {1, 5}, {4}, {2, 3}], [{8, 7}, {6}, {4, 5}, {2, 3}, {1}], [{8, 7}, {6}, {5}, {1, 4}, {2, 3}], [{8}, {1, 7}, {2, 6}, {4, 5}, {3}], [{8}, {1, 7}, {3, 6}, {5}, {2, 4}], [{8}, {1, 7}, {5, 6}, {2, 4}, {3}], [{8}, {1, 7}, {5, 6}, {3, 4}, {2}], [{8}, {1, 7}, {5, 6}, {4}, {2, 3}], [{8}, {1, 7}, {6}, {3, 5}, {2, 4}], [{8}, {2, 7}, {3, 6}, {4, 5}, {1}], [{8}, {2, 7}, {4, 6}, {1, 5}, {3}], [{8}, {2, 7}, {5, 6}, {4}, {1, 3}], [{8}, {3, 7}, {1, 6}, {4, 5}, {2}], [{8}, {3, 7}, {2, 6}, {4, 5}, {1}], [{8}, {3, 7}, {4, 6}, {2, 5}, {1}], [{8}, {3, 7}, {5, 6}, {2, 4}, {1}], [{8}, {3, 7}, {6}, {4, 5}, {1, 2}], [{8}, {3, 7}, {6}, {4, 5}, {2}, {1}], [{8}, {4, 7}, {1, 6}, {3, 5}, {2}], [{8}, {4, 7}, {3, 6}, {1, 5}, {2}], [{8}, {4, 7}, {3, 6}, {2, 5}, {1}], [{8}, {4, 7}, {3, 6}, {5}, {1, 2}], [{8}, {4, 7}, {5, 6}, {1, 3}, {2}], [{8}, {5, 7}, {6}, {2, 4}, {1, 3}], [{8}, {6, 7}, {1, 5}, {4}, {2, 3}], [{8}, {6, 7}, {4, 5}, {2, 3}, {1}], [{8}, {6, 7}, {5}, {1, 4}, {2, 3}], [{8}, {6, 7}, {5}, {2, 4}, {1, 3}], [{8}, {7}, {2, 6}, {4, 5}, {1, 3}], [{8}, {7}, {2, 6}, {4, 5}, {3}, {1}], [{8}, {7}, {5, 6}, {2, 4}, {1, 3}], [{8}, {7}, {5, 6}, {2, 4}, {3}, {1}]]",2,4 K_1^3 - 18 K_1^2 - 8 K_1 K_2 + K_1 + 9 K_2 + 3 K_3 + 10,O1O2O3U4O5U3U5U6O4O7U2O6U8U1O8U7,O1O2O3U2O4U3U5U6O7U8O6O8U1O5U7U4,O1O2O3U4U5O6U3O7O8U7O5U8U6U1O4U2,c,{'O1O2O3U4O5U3U5O6U2O4O7U6U8U1O8U7'},1,"<a href=""/flatknot/8.1101532"">8.1101532</a>",t^9-18t^7-26t^6+40t^5+70t^4-14t^3-20t^2-2t,-t^2+2t,,
8.1101533,O1O2O3U4O5U3U5O6U2O4O7U8U7U1O8U6,4,15z^2+100z+141,15w^3z^2+100w^2z+141w,False,False,"[[ 0  0  0  0 -1  1  1  1 -2],[ 0  0  1  0 -2  1  0  0 -1],[ 0 -1  0 -1 -1  1  0  0  0],[ 0  0  1  0 -1  1 -1  0  0],[ 1  2  1  1  0  1  1  1 -1],[-1 -1 -1 -1 -1  0  0  0 -1],[-1  0  0  1 -1  0  0  1 -2],[-1  0  0  0 -1  0 -1  0 -1],[ 2  1  0  0  1  1  2  1  0]]","[[ 0  1  1  1  0  0  0 -1 -2],[-1  0  1  0  1  0  0 -1 -2],[-1 -1  0  0  0  0  0 -1 -1],[-1  0  0  0 -1 -1 -1 -1 -1],[ 0 -1  0  1  0  1  0 -1  0],[ 0  0  0  1 -1  0 -1 -1  0],[ 0  0  0  1  0  1  0 -2 -1],[ 1  1  1  1  1  1  2  0 -1],[ 2  2  1  1  0  0  1  1  0]]",True,"[-1,-1,-1,0,0,0,1,2,-1,0,-1,0,0,1,2,0,0,0,0,1,1,1,1,1,1,1,-1,0,1,0,1,1,0,2,1,1]","[-2,-1,0,0,0,1,1,1,0,1,2,2,1,2,2,-1,0,0,1,1,1,-1,0,1,0,1,1,1,0,1,2,0,1,0,-1,0]",t^8+24t^6+114t^4+56t^2,"[-2,-1,0,0,0,1,1,1,0,1,2,2,1,2,2,-1,0,0,1,1,1,-1,0,1,0,1,1,1,0,1,2,0,1,0,-1,0]","[-1,-1,-1,0,0,0,1,2,-1,0,1,1,1,1,2,0,1,1,2,1,1,0,0,0,1,2,-1,-1,0,2,0,-1,1,0,2,0]","[-2,-1,0,0,0,1,1,1,1,0,0,1,1,1,2,1,1,2,1,1,1,-1,-1,0,1,0,0,0,1,-1,0,1,0,0,-1,0]",c,"[[{8, 6}, {2, 7}, {3, 5}, {1, 4}], [{8, 6}, {2, 7}, {5}, {1, 4}, {3}]]",1,4 K_1^3 - 22 K_1^2 - 8 K_1 K_2 + K_1 + 11 K_2 + 3 K_3 + 12,O1O2O3U4O5U3U6U5O6O7U2O4U8U1O8U7,O1O2O3U1O4U3U5U6O7U8O6O8U4O5U7U2,O1O2O3U2U4O5U6O7O8U7O4U8U5U1O6U3,c,{'O1O2O3U4O5U3U5O6U2O4O7U8U7U1O8U6'},1,"<a href=""/flatknot/8.1101533"">8.1101533</a>",t^9-26t^7-42t^6+77t^5+178t^4+54t^3-72t^2-52t-2,t^2-2t,,
8.1101534,O1O2O3U4O5U3U5O6U7O4O7U1U8U2O8U6,3,15z^2+92z+125,15w^3z^2+92w^2z+125w,False,False,"[[ 0 -2  1  0 -1  1  1  1 -1],[ 2  0  1  0  0  1  1  3  1],[-1 -1  0  0 -3  1 -1  0 -1],[ 0  0  0  0 -1  1 -1  1  0],[ 1  0  3  1  0  1  2  1  0],[-1 -1 -1 -1 -1  0  0 -1 -1],[-1 -1  1  1 -2  0  0 -1 -1],[-1 -3  0 -1 -1  1  1  0 -2],[ 1 -1  1  0  0  1  1  2  0]]","[[ 0  1  1  1  1  0 -1 -1 -2],[-1  0  1  1  0 -1 -1 -2 -3],[-1 -1  0  0  1  1 -2 -1 -1],[-1 -1  0  0 -1 -1 -1 -1 -1],[-1  0 -1  1  0  0 -3 -1 -1],[ 0  1 -1  1  0  0 -1  0  0],[ 1  1  2  1  3  1  0  0  0],[ 1  2  1  1  1  0  0  0 -1],[ 2  3  1  1  1  0  0  1  0]]",True,"[-1,-1,-1,-1,0,1,1,2,-1,-1,0,1,1,2,3,0,-1,-1,2,1,1,1,1,1,1,1,0,3,1,1,1,0,0,0,0,1]","[-2,-1,-1,0,1,1,1,1,0,1,0,1,1,1,3,0,1,1,2,3,1,0,1,1,1,2,1,-1,0,1,0,-1,-1,1,-1,0]",t^8+43t^6+346t^4+195t^2,"[-2,-1,-1,0,1,1,1,1,0,1,2,0,2,2,2,0,1,0,1,1,1,0,1,-1,0,1,0,1,2,0,0,-1,-1,1,-1,0]","[-1,-1,-1,-1,0,1,1,2,-1,-1,0,0,1,1,2,0,-1,1,-1,1,2,1,0,1,0,0,2,0,1,2,0,1,2,0,1,0]","[-2,-1,-1,0,1,1,1,1,0,1,0,1,1,1,3,0,1,1,2,3,1,0,1,1,1,2,1,-1,0,1,0,-1,-1,1,-1,0]",c,"[[{8, 1}, {2, 7}, {3, 6}, {4, 5}], [{8, 1}, {2, 7}, {4, 6}, {3, 5}], [{8, 1}, {2, 7}, {5, 6}, {3, 4}], [{8, 1}, {3, 7}, {2, 6}, {4, 5}], [{8, 1}, {3, 7}, {4, 6}, {2, 5}], [{8, 1}, {3, 7}, {5, 6}, {2, 4}], [{8, 1}, {4, 7}, {2, 6}, {3, 5}], [{8, 1}, {4, 7}, {3, 6}, {2, 5}], [{8, 1}, {4, 7}, {5, 6}, {2, 3}], [{8, 1}, {4, 7}, {5, 6}, {3}, {2}], [{8, 1}, {5, 7}, {2, 6}, {3, 4}], [{8, 1}, {5, 7}, {3, 6}, {2, 4}], [{8, 1}, {5, 7}, {4, 6}, {2, 3}], [{8, 1}, {6, 7}, {2, 5}, {3, 4}], [{8, 1}, {6, 7}, {3, 5}, {2, 4}], [{8, 1}, {6, 7}, {4, 5}, {2, 3}], [{8, 1}, {6, 7}, {4, 5}, {3}, {2}], [{8, 2}, {1, 7}, {3, 6}, {4, 5}], [{8, 2}, {1, 7}, {3, 6}, {5}, {4}], [{8, 2}, {1, 7}, {4, 6}, {3, 5}], [{8, 2}, {1, 7}, {5, 6}, {3, 4}], [{8, 2}, {1, 7}, {6}, {4, 5}, {3}], [{8, 2}, {3, 7}, {1, 6}, {4, 5}], [{8, 2}, {3, 7}, {1, 6}, {5}, {4}], [{8, 2}, {3, 7}, {4, 6}, {1, 5}], [{8, 2}, {3, 7}, {5, 6}, {1, 4}], [{8, 2}, {3, 7}, {6}, {4, 5}, {1}], [{8, 2}, {4, 7}, {1, 6}, {3, 5}], [{8, 2}, {4, 7}, {1, 6}, {5}, {3}], [{8, 2}, {4, 7}, {3, 6}, {1, 5}], [{8, 2}, {4, 7}, {5, 6}, {1, 3}], [{8, 2}, {4, 7}, {5, 6}, {3}, {1}], [{8, 2}, {4, 7}, {6}, {1, 5}, {3}], [{8, 2}, {5, 7}, {1, 6}, {3, 4}], [{8, 2}, {5, 7}, {1, 6}, {4}, {3}], [{8, 2}, {5, 7}, {3, 6}, {1, 4}], [{8, 2}, {5, 7}, {4, 6}, {1, 3}], [{8, 2}, {6, 7}, {1, 5}, {3, 4}], [{8, 2}, {6, 7}, {3, 5}, {1, 4}], [{8, 2}, {6, 7}, {4, 5}, {1, 3}], [{8, 2}, {6, 7}, {4, 5}, {3}, {1}], [{8, 2}, {6, 7}, {5}, {4}, {1, 3}], [{8, 2}, {7}, {1, 6}, {3, 5}, {4}], [{8, 2}, {7}, {1, 6}, {4, 5}, {3}], [{8, 2}, {7}, {1, 6}, {5}, {3, 4}], [{8, 2}, {7}, {1, 6}, {5}, {4}, {3}], [{8, 2}, {7}, {3, 6}, {4, 5}, {1}], [{8, 2}, {7}, {4, 6}, {3, 5}, {1}], [{8, 2}, {7}, {6}, {3, 5}, {1, 4}], [{8, 2}, {7}, {6}, {4, 5}, {1, 3}], [{8, 3}, {1, 7}, {2, 6}, {4, 5}], [{8, 3}, {1, 7}, {4, 6}, {2, 5}], [{8, 3}, {1, 7}, {5, 6}, {2, 4}], [{8, 3}, {1, 7}, {5, 6}, {4}, {2}], [{8, 3}, {2, 7}, {1, 6}, {4, 5}], [{8, 3}, {2, 7}, {4, 6}, {1, 5}], [{8, 3}, {2, 7}, {5, 6}, {1, 4}], [{8, 3}, {4, 7}, {1, 6}, {2, 5}], [{8, 3}, {4, 7}, {2, 6}, {1, 5}], [{8, 3}, {4, 7}, {5, 6}, {1, 2}], [{8, 3}, {4, 7}, {5, 6}, {2}, {1}], [{8, 3}, {5, 7}, {1, 6}, {2, 4}], [{8, 3}, {5, 7}, {2, 6}, {1, 4}], [{8, 3}, {5, 7}, {4, 6}, {1, 2}], [{8, 3}, {6, 7}, {1, 5}, {2, 4}], [{8, 3}, {6, 7}, {2, 5}, {1, 4}], [{8, 3}, {6, 7}, {4, 5}, {1, 2}], [{8, 3}, {6, 7}, {4, 5}, {2}, {1}], [{8, 3}, {7}, {1, 6}, {5}, {2, 4}], [{8, 3}, {7}, {4, 6}, {5}, {1, 2}], [{8, 3}, {7}, {5, 6}, {1, 4}, {2}], [{8, 4}, {1, 7}, {2, 6}, {3, 5}], [{8, 4}, {1, 7}, {3, 6}, {2, 5}], [{8, 4}, {1, 7}, {3, 6}, {5}, {2}], [{8, 4}, {1, 7}, {5, 6}, {2, 3}], [{8, 4}, {2, 7}, {1, 6}, {3, 5}], [{8, 4}, {2, 7}, {3, 6}, {1, 5}], [{8, 4}, {2, 7}, {5, 6}, {1, 3}], [{8, 4}, {3, 7}, {1, 6}, {2, 5}], [{8, 4}, {3, 7}, {2, 6}, {1, 5}], [{8, 4}, {3, 7}, {5, 6}, {1, 2}], [{8, 4}, {5, 7}, {1, 6}, {2, 3}], [{8, 4}, {5, 7}, {2, 6}, {1, 3}], [{8, 4}, {5, 7}, {3, 6}, {1, 2}], [{8, 4}, {5, 7}, {3, 6}, {2}, {1}], [{8, 4}, {6, 7}, {1, 5}, {2, 3}], [{8, 4}, {6, 7}, {2, 5}, {1, 3}], [{8, 4}, {6, 7}, {3, 5}, {1, 2}], [{8, 4}, {6, 7}, {5}, {1, 3}, {2}], [{8, 4}, {7}, {1, 6}, {5}, {2, 3}], [{8, 4}, {7}, {3, 6}, {1, 5}, {2}], [{8, 5}, {1, 7}, {2, 6}, {3, 4}], [{8, 5}, {1, 7}, {3, 6}, {2, 4}], [{8, 5}, {1, 7}, {3, 6}, {4}, {2}], [{8, 5}, {1, 7}, {4, 6}, {2, 3}], [{8, 5}, {2, 7}, {1, 6}, {3, 4}], [{8, 5}, {2, 7}, {3, 6}, {1, 4}], [{8, 5}, {2, 7}, {4, 6}, {1, 3}], [{8, 5}, {3, 7}, {1, 6}, {2, 4}], [{8, 5}, {3, 7}, {2, 6}, {1, 4}], [{8, 5}, {3, 7}, {4, 6}, {1, 2}], [{8, 5}, {4, 7}, {1, 6}, {2, 3}], [{8, 5}, {4, 7}, {2, 6}, {1, 3}], [{8, 5}, {4, 7}, {3, 6}, {1, 2}], [{8, 5}, {4, 7}, {3, 6}, {2}, {1}], [{8, 5}, {6, 7}, {1, 4}, {2, 3}], [{8, 5}, {6, 7}, {2, 4}, {1, 3}], [{8, 5}, {6, 7}, {3, 4}, {1, 2}], [{8, 5}, {6, 7}, {4}, {1, 3}, {2}], [{8, 5}, {7}, {3, 6}, {1, 4}, {2}], [{8, 6}, {1, 7}, {2, 5}, {3, 4}], [{8, 6}, {1, 7}, {3, 5}, {2, 4}], [{8, 6}, {1, 7}, {3, 5}, {4}, {2}], [{8, 6}, {1, 7}, {4, 5}, {2, 3}], [{8, 6}, {2, 7}, {1, 5}, {3, 4}], [{8, 6}, {2, 7}, {3, 5}, {1, 4}], [{8, 6}, {2, 7}, {4, 5}, {1, 3}], [{8, 6}, {3, 7}, {1, 5}, {2, 4}], [{8, 6}, {3, 7}, {2, 5}, {1, 4}], [{8, 6}, {3, 7}, {4, 5}, {1, 2}], [{8, 6}, {4, 7}, {1, 5}, {2, 3}], [{8, 6}, {4, 7}, {2, 5}, {1, 3}], [{8, 6}, {4, 7}, {3, 5}, {1, 2}], [{8, 6}, {4, 7}, {3, 5}, {2}, {1}], [{8, 6}, {5, 7}, {1, 4}, {2, 3}], [{8, 6}, {5, 7}, {2, 4}, {1, 3}], [{8, 6}, {5, 7}, {3, 4}, {1, 2}], [{8, 6}, {7}, {3, 5}, {1, 4}, {2}], [{8, 6}, {7}, {4, 5}, {1, 3}, {2}], [{8, 7}, {1, 6}, {2, 5}, {3, 4}], [{8, 7}, {1, 6}, {3, 5}, {2, 4}], [{8, 7}, {1, 6}, {3, 5}, {4}, {2}], [{8, 7}, {1, 6}, {4, 5}, {2, 3}], [{8, 7}, {2, 6}, {1, 5}, {3, 4}], [{8, 7}, {2, 6}, {3, 5}, {1, 4}], [{8, 7}, {2, 6}, {4, 5}, {1, 3}], [{8, 7}, {3, 6}, {1, 5}, {2, 4}], [{8, 7}, {3, 6}, {2, 5}, {1, 4}], [{8, 7}, {3, 6}, {4, 5}, {1, 2}], [{8, 7}, {4, 6}, {1, 5}, {2, 3}], [{8, 7}, {4, 6}, {2, 5}, {1, 3}], [{8, 7}, {4, 6}, {3, 5}, {1, 2}], [{8, 7}, {4, 6}, {3, 5}, {2}, {1}], [{8, 7}, {5, 6}, {1, 4}, {2, 3}], [{8, 7}, {5, 6}, {2, 4}, {1, 3}], [{8, 7}, {5, 6}, {3, 4}, {1, 2}], [{8, 7}, {6}, {3, 5}, {1, 4}, {2}], [{8, 7}, {6}, {4, 5}, {1, 3}, {2}], [{8}, {1, 7}, {2, 6}, {5}, {3, 4}], [{8}, {1, 7}, {3, 6}, {2, 5}, {4}], [{8}, {1, 7}, {3, 6}, {4, 5}, {2}], [{8}, {1, 7}, {3, 6}, {5}, {2, 4}], [{8}, {1, 7}, {3, 6}, {5}, {4}, {2}], [{8}, {1, 7}, {4, 6}, {5}, {2, 3}], [{8}, {2, 7}, {1, 6}, {3, 5}, {4}], [{8}, {2, 7}, {4, 6}, {3, 5}, {1}], [{8}, {2, 7}, {5, 6}, {3, 4}, {1}], [{8}, {2, 7}, {6}, {3, 5}, {1, 4}], [{8}, {2, 7}, {6}, {4, 5}, {1, 3}], [{8}, {3, 7}, {1, 6}, {4, 5}, {2}], [{8}, {3, 7}, {4, 6}, {2, 5}, {1}], [{8}, {3, 7}, {5, 6}, {2, 4}, {1}], [{8}, {4, 7}, {5, 6}, {1, 3}, {2}], [{8}, {4, 7}, {5, 6}, {2, 3}, {1}], [{8}, {4, 7}, {5, 6}, {3}, {1, 2}], [{8}, {4, 7}, {5, 6}, {3}, {2}, {1}], [{8}, {5, 7}, {4, 6}, {1, 3}, {2}], [{8}, {6, 7}, {1, 5}, {2, 4}, {3}], [{8}, {6, 7}, {1, 5}, {3, 4}, {2}], [{8}, {6, 7}, {1, 5}, {4}, {2, 3}], [{8}, {6, 7}, {2, 5}, {1, 4}, {3}], [{8}, {6, 7}, {2, 5}, {3, 4}, {1}], [{8}, {6, 7}, {2, 5}, {4}, {1, 3}], [{8}, {6, 7}, {3, 5}, {1, 4}, {2}], [{8}, {6, 7}, {3, 5}, {2, 4}, {1}], [{8}, {6, 7}, {3, 5}, {4}, {1, 2}], [{8}, {6, 7}, {4, 5}, {1, 3}, {2}], [{8}, {6, 7}, {4, 5}, {2, 3}, {1}], [{8}, {6, 7}, {4, 5}, {3}, {1, 2}], [{8}, {6, 7}, {4, 5}, {3}, {2}, {1}], [{8}, {6, 7}, {5}, {1, 4}, {2, 3}], [{8}, {6, 7}, {5}, {2, 4}, {1, 3}], [{8}, {6, 7}, {5}, {3, 4}, {1, 2}], [{8}, {6, 7}, {5}, {4}, {1, 3}, {2}], [{8}, {7}, {2, 6}, {3, 5}, {1, 4}], [{8}, {7}, {2, 6}, {4, 5}, {1, 3}], [{8}, {7}, {6}, {3, 5}, {1, 4}, {2}], [{8}, {7}, {6}, {4, 5}, {1, 3}, {2}]]",2,- 22 K_1^2 - 4 K_1 K_2 + 2 K_1 + 11 K_2 + 2 K_3 + 12,O1O2O3U4O5U2U5U3O6O7U6O4U8U1O8U7,O1O2O3U2O4U1U3U5O6U7O5O7U4O8U6U8,O1O2O3U4U5O4U6O7O8U7O5U8U1U3O6U2,c,{'O1O2O3U4O5U3U5O6U7O4O7U1U8U2O8U6'},1,"<a href=""/flatknot/8.1101534"">8.1101534</a>",t^9-45t^7-78t^6+263t^5+584t^4-43t^3-424t^2-76t,t^2-2t,,
8.1101535,O1O2O3U4O5U3U5O6U7O4O7U1U8U6O8U2,4,14z^2+91z+127,14w^3z^2+91w^2z+127w,False,False,"[[ 0 -2  1  0 -1  1  1  1 -1],[ 2  0  2  0  0  1  0  3  1],[-1 -2  0  0 -2  1  0  0 -2],[ 0  0  0  0 -1  1 -1  1  0],[ 1  0  2  1  0  1  2  1  1],[-1 -1 -1 -1 -1  0  0 -1 -1],[-1  0  0  1 -2  0  0 -1 -1],[-1 -3  0 -1 -1  1  1  0 -2],[ 1 -1  2  0 -1  1  1  2  0]]","[[ 0  1  1  1  1  0 -1 -1 -2],[-1  0  1  1  0 -1 -1 -2 -3],[-1 -1  0  0  0  1 -2 -1  0],[-1 -1  0  0 -1 -1 -1 -1 -1],[-1  0  0  1  0  0 -2 -2 -2],[ 0  1 -1  1  0  0 -1  0  0],[ 1  1  2  1  2  1  0  1  0],[ 1  2  1  1  2  0 -1  0 -1],[ 2  3  0  1  2  0  0  1  0]]",True,"[-1,-1,-1,-1,0,1,1,2,-1,-1,0,1,1,2,3,0,0,-1,2,1,0,1,1,1,1,1,0,2,2,2,1,0,0,-1,0,1]","[-2,-1,-1,0,1,1,1,1,0,1,0,0,1,2,3,1,1,2,1,2,1,0,1,1,2,2,-1,1,0,1,0,0,-1,-1,-1,0]",t^8+43t^6+270t^4+151t^2,"[-2,-1,-1,0,1,1,1,1,0,1,2,0,1,2,3,1,1,0,0,1,1,0,1,0,1,0,0,1,0,2,0,-1,-1,-1,0,0]","[-1,-1,-1,-1,0,1,1,2,-1,-1,0,0,1,1,2,0,0,1,0,0,1,1,0,0,1,0,2,1,0,3,1,0,2,-1,0,1]","[-2,-1,-1,0,1,1,1,1,0,1,0,0,1,2,3,1,1,2,1,2,1,0,1,1,2,2,-1,1,0,1,0,0,-1,-1,-1,0]",c,"[[{8, 1}, {2, 7}, {3, 6}, {4, 5}], [{8, 1}, {2, 7}, {4, 6}, {3, 5}], [{8, 1}, {2, 7}, {5, 6}, {3, 4}], [{8, 1}, {2, 7}, {6}, {3, 5}, {4}], [{8, 1}, {3, 7}, {2, 6}, {4, 5}], [{8, 1}, {3, 7}, {4, 6}, {2, 5}], [{8, 1}, {3, 7}, {5, 6}, {2, 4}], [{8, 1}, {4, 7}, {2, 6}, {3, 5}], [{8, 1}, {4, 7}, {3, 6}, {2, 5}], [{8, 1}, {4, 7}, {5, 6}, {2, 3}], [{8, 1}, {4, 7}, {5, 6}, {3}, {2}], [{8, 1}, {5, 7}, {2, 6}, {3, 4}], [{8, 1}, {5, 7}, {3, 6}, {2, 4}], [{8, 1}, {5, 7}, {4, 6}, {2, 3}], [{8, 1}, {6, 7}, {2, 5}, {3, 4}], [{8, 1}, {6, 7}, {3, 5}, {2, 4}], [{8, 1}, {6, 7}, {4, 5}, {2, 3}], [{8, 1}, {6, 7}, {4, 5}, {3}, {2}], [{8, 2}, {1, 7}, {3, 6}, {4, 5}], [{8, 2}, {1, 7}, {4, 6}, {3, 5}], [{8, 2}, {1, 7}, {5, 6}, {3, 4}], [{8, 2}, {1, 7}, {6}, {3, 5}, {4}], [{8, 2}, {1, 7}, {6}, {4, 5}, {3}], [{8, 2}, {1, 7}, {6}, {5}, {3, 4}], [{8, 2}, {3, 7}, {1, 6}, {4, 5}], [{8, 2}, {3, 7}, {1, 6}, {5}, {4}], [{8, 2}, {3, 7}, {4, 6}, {1, 5}], [{8, 2}, {3, 7}, {5, 6}, {1, 4}], [{8, 2}, {4, 7}, {1, 6}, {3, 5}], [{8, 2}, {4, 7}, {1, 6}, {5}, {3}], [{8, 2}, {4, 7}, {3, 6}, {1, 5}], [{8, 2}, {4, 7}, {5, 6}, {1, 3}], [{8, 2}, {4, 7}, {5, 6}, {3}, {1}], [{8, 2}, {4, 7}, {6}, {1, 5}, {3}], [{8, 2}, {5, 7}, {1, 6}, {3, 4}], [{8, 2}, {5, 7}, {1, 6}, {4}, {3}], [{8, 2}, {5, 7}, {3, 6}, {1, 4}], [{8, 2}, {5, 7}, {4, 6}, {1, 3}], [{8, 2}, {6, 7}, {1, 5}, {3, 4}], [{8, 2}, {6, 7}, {3, 5}, {1, 4}], [{8, 2}, {6, 7}, {3, 5}, {4}, {1}], [{8, 2}, {6, 7}, {4, 5}, {1, 3}], [{8, 2}, {6, 7}, {4, 5}, {3}, {1}], [{8, 2}, {6, 7}, {5}, {3, 4}, {1}], [{8, 2}, {7}, {1, 6}, {3, 5}, {4}], [{8, 2}, {7}, {1, 6}, {4, 5}, {3}], [{8, 2}, {7}, {1, 6}, {5}, {3, 4}], [{8, 2}, {7}, {1, 6}, {5}, {4}, {3}], [{8, 3}, {1, 7}, {2, 6}, {4, 5}], [{8, 3}, {1, 7}, {2, 6}, {5}, {4}], [{8, 3}, {1, 7}, {4, 6}, {2, 5}], [{8, 3}, {1, 7}, {4, 6}, {5}, {2}], [{8, 3}, {1, 7}, {5, 6}, {2, 4}], [{8, 3}, {1, 7}, {6}, {5}, {2, 4}], [{8, 3}, {2, 7}, {1, 6}, {4, 5}], [{8, 3}, {2, 7}, {4, 6}, {1, 5}], [{8, 3}, {2, 7}, {5, 6}, {1, 4}], [{8, 3}, {4, 7}, {1, 6}, {2, 5}], [{8, 3}, {4, 7}, {2, 6}, {1, 5}], [{8, 3}, {4, 7}, {5, 6}, {1, 2}], [{8, 3}, {5, 7}, {1, 6}, {2, 4}], [{8, 3}, {5, 7}, {2, 6}, {1, 4}], [{8, 3}, {5, 7}, {4, 6}, {1, 2}], [{8, 3}, {5, 7}, {6}, {1, 4}, {2}], [{8, 3}, {6, 7}, {1, 5}, {2, 4}], [{8, 3}, {6, 7}, {1, 5}, {4}, {2}], [{8, 3}, {6, 7}, {2, 5}, {1, 4}], [{8, 3}, {6, 7}, {2, 5}, {4}, {1}], [{8, 3}, {6, 7}, {4, 5}, {1, 2}], [{8, 3}, {6, 7}, {4, 5}, {2}, {1}], [{8, 3}, {6, 7}, {5}, {1, 4}, {2}], [{8, 3}, {6, 7}, {5}, {2, 4}, {1}], [{8, 3}, {6, 7}, {5}, {4}, {1, 2}], [{8, 3}, {7}, {1, 6}, {5}, {2, 4}], [{8, 3}, {7}, {5, 6}, {1, 4}, {2}], [{8, 4}, {1, 7}, {2, 6}, {3, 5}], [{8, 4}, {1, 7}, {3, 6}, {2, 5}], [{8, 4}, {1, 7}, {3, 6}, {5}, {2}], [{8, 4}, {1, 7}, {5, 6}, {2, 3}], [{8, 4}, {2, 7}, {1, 6}, {3, 5}], [{8, 4}, {2, 7}, {3, 6}, {1, 5}], [{8, 4}, {2, 7}, {5, 6}, {1, 3}], [{8, 4}, {3, 7}, {1, 6}, {2, 5}], [{8, 4}, {3, 7}, {2, 6}, {1, 5}], [{8, 4}, {3, 7}, {5, 6}, {1, 2}], [{8, 4}, {3, 7}, {6}, {1, 5}, {2}], [{8, 4}, {5, 7}, {1, 6}, {2, 3}], [{8, 4}, {5, 7}, {2, 6}, {1, 3}], [{8, 4}, {5, 7}, {3, 6}, {1, 2}], [{8, 4}, {6, 7}, {1, 5}, {2, 3}], [{8, 4}, {6, 7}, {2, 5}, {1, 3}], [{8, 4}, {6, 7}, {3, 5}, {1, 2}], [{8, 4}, {6, 7}, {5}, {1, 3}, {2}], [{8, 4}, {7}, {1, 6}, {5}, {2, 3}], [{8, 5}, {1, 7}, {2, 6}, {3, 4}], [{8, 5}, {1, 7}, {3, 6}, {2, 4}], [{8, 5}, {1, 7}, {4, 6}, {2, 3}], [{8, 5}, {2, 7}, {1, 6}, {3, 4}], [{8, 5}, {2, 7}, {3, 6}, {1, 4}], [{8, 5}, {2, 7}, {4, 6}, {1, 3}], [{8, 5}, {3, 7}, {1, 6}, {2, 4}], [{8, 5}, {3, 7}, {2, 6}, {1, 4}], [{8, 5}, {3, 7}, {4, 6}, {1, 2}], [{8, 5}, {4, 7}, {1, 6}, {2, 3}], [{8, 5}, {4, 7}, {2, 6}, {1, 3}], [{8, 5}, {4, 7}, {3, 6}, {1, 2}], [{8, 5}, {6, 7}, {1, 4}, {2, 3}], [{8, 5}, {6, 7}, {2, 4}, {1, 3}], [{8, 5}, {6, 7}, {3, 4}, {1, 2}], [{8, 5}, {6, 7}, {4}, {1, 3}, {2}], [{8, 5}, {7}, {1, 6}, {3, 4}, {2}], [{8, 5}, {7}, {3, 6}, {1, 4}, {2}], [{8, 6}, {1, 7}, {2, 5}, {3, 4}], [{8, 6}, {1, 7}, {3, 5}, {2, 4}], [{8, 6}, {1, 7}, {4, 5}, {2, 3}], [{8, 6}, {2, 7}, {1, 5}, {3, 4}], [{8, 6}, {2, 7}, {3, 5}, {1, 4}], [{8, 6}, {2, 7}, {4, 5}, {1, 3}], [{8, 6}, {3, 7}, {1, 5}, {2, 4}], [{8, 6}, {3, 7}, {1, 5}, {4}, {2}], [{8, 6}, {3, 7}, {2, 5}, {1, 4}], [{8, 6}, {3, 7}, {4, 5}, {1, 2}], [{8, 6}, {4, 7}, {1, 5}, {2, 3}], [{8, 6}, {4, 7}, {2, 5}, {1, 3}], [{8, 6}, {4, 7}, {3, 5}, {1, 2}], [{8, 6}, {5, 7}, {1, 4}, {2, 3}], [{8, 6}, {5, 7}, {2, 4}, {1, 3}], [{8, 6}, {5, 7}, {3, 4}, {1, 2}], [{8, 6}, {7}, {3, 5}, {1, 4}, {2}], [{8, 6}, {7}, {3, 5}, {2, 4}, {1}], [{8, 6}, {7}, {3, 5}, {4}, {1, 2}], [{8, 7}, {1, 6}, {2, 5}, {3, 4}], [{8, 7}, {1, 6}, {3, 5}, {2, 4}], [{8, 7}, {1, 6}, {4, 5}, {2, 3}], [{8, 7}, {1, 6}, {5}, {3, 4}, {2}], [{8, 7}, {2, 6}, {1, 5}, {3, 4}], [{8, 7}, {2, 6}, {3, 5}, {1, 4}], [{8, 7}, {2, 6}, {4, 5}, {1, 3}], [{8, 7}, {3, 6}, {1, 5}, {2, 4}], [{8, 7}, {3, 6}, {2, 5}, {1, 4}], [{8, 7}, {3, 6}, {4, 5}, {1, 2}], [{8, 7}, {4, 6}, {1, 5}, {2, 3}], [{8, 7}, {4, 6}, {2, 5}, {1, 3}], [{8, 7}, {4, 6}, {3, 5}, {1, 2}], [{8, 7}, {5, 6}, {1, 4}, {2, 3}], [{8, 7}, {5, 6}, {2, 4}, {1, 3}], [{8, 7}, {5, 6}, {3, 4}, {1, 2}], [{8, 7}, {5, 6}, {4}, {1, 3}, {2}], [{8, 7}, {6}, {5}, {1, 4}, {2, 3}], [{8, 7}, {6}, {5}, {2, 4}, {1, 3}], [{8}, {2, 7}, {1, 6}, {5}, {3, 4}], [{8}, {2, 7}, {5, 6}, {3, 4}, {1}], [{8}, {2, 7}, {6}, {1, 5}, {3, 4}], [{8}, {3, 7}, {4, 6}, {1, 5}, {2}], [{8}, {3, 7}, {6}, {4, 5}, {1, 2}], [{8}, {4, 7}, {3, 6}, {1, 5}, {2}], [{8}, {4, 7}, {5, 6}, {3}, {1, 2}], [{8}, {5, 7}, {1, 6}, {3, 4}, {2}], [{8}, {6, 7}, {1, 5}, {2, 4}, {3}], [{8}, {6, 7}, {2, 5}, {1, 4}, {3}], [{8}, {6, 7}, {4, 5}, {1, 3}, {2}], [{8}, {6, 7}, {4, 5}, {2, 3}, {1}], [{8}, {6, 7}, {4, 5}, {3}, {1, 2}], [{8}, {6, 7}, {4, 5}, {3}, {2}, {1}], [{8}, {7}, {1, 6}, {2, 5}, {3, 4}], [{8}, {7}, {1, 6}, {5}, {3, 4}, {2}], [{8}, {7}, {3, 6}, {4, 5}, {1, 2}]]",2,12 K_1^3 - 30 K_1^2 - 16 K_1 K_2 - K_1 + 15 K_2 + 5 K_3 + 16,O1O2O3U2O4U5U4U3O6O7U6O5U8U1O8U7,O1O2O3U2O4U1U4U5O6U7O5O7U3O8U6U8,O1O2O3U4U5O4U1O6O7U6O5U7U8U3O8U2,c,{'O1O2O3U4O5U3U5O6U7O4O7U1U8U6O8U2'},1,"<a href=""/flatknot/8.1101535"">8.1101535</a>",t^9-45t^7-84t^6+201t^5+460t^4-75t^3-398t^2-11t+40,t^2-2t,,
8.1101536,O1O2O3U4O5U3U5O6U7O4O7U8U6U1O8U2,4,10z^2+95z+151,10w^3z^2+95w^2z+151w,False,False,"[[ 0  0  1  0 -1  1  0  1 -2],[ 0  0  0  0 -1  1 -1  1 -1],[-1  0  0  0 -2  1  0  0 -2],[ 0  0  0  0 -1  1 -1  1  0],[ 1  1  2  1  0  1  1  1  0],[-1 -1 -1 -1 -1  0  0 -1 -1],[ 0  1  0  1 -1  0  0  0  0],[-1 -1  0 -1 -1  1  0  0 -3],[ 2  1  2  0  0  1  0  3  0]]","[[ 0  1  1  1  0  0  0 -1 -2],[-1  0  1  0  0  0  0 -2 -2],[-1 -1  0 -1  0 -1 -1 -1 -1],[-1  0  1  0  0 -1 -1 -1 -3],[ 0  0  0  0  0  1  1 -1  0],[ 0  0  1  1 -1  0  0 -1  0],[ 0  0  1  1 -1  0  0 -1 -1],[ 1  2  1  1  1  1  1  0  0],[ 2  2  1  3  0  0  1  0  0]]",True,"[-1,-1,-1,0,0,0,1,2,-1,0,0,0,0,2,2,1,0,1,1,1,1,0,1,1,1,3,-1,-1,1,0,0,1,0,1,1,0]","[-2,-1,0,0,0,1,1,1,0,0,0,1,1,2,3,1,1,1,1,2,1,-1,0,1,0,1,1,0,0,0,1,0,1,-1,-1,0]",t^8+32t^6+149t^4+75t^2,"[-2,-1,0,0,0,1,1,1,1,1,2,2,0,1,2,0,0,0,1,0,1,0,1,0,1,0,1,0,1,0,1,1,1,0,-1,-1]","[-1,-1,-1,0,0,0,1,2,-1,-1,0,0,1,1,2,0,0,0,1,1,0,1,1,1,0,1,0,-1,0,1,-1,0,2,0,2,1]","[-2,-1,0,0,0,1,1,1,0,0,0,1,1,2,3,1,1,1,1,2,1,-1,0,1,0,1,1,0,0,0,1,0,1,-1,-1,0]",c,"[[{8, 1}, {2, 7}, {3, 6}, {4, 5}], [{8, 1}, {2, 7}, {4, 6}, {3, 5}], [{8, 1}, {2, 7}, {5, 6}, {3, 4}], [{8, 1}, {2, 7}, {6}, {3, 5}, {4}], [{8, 1}, {3, 7}, {2, 6}, {4, 5}], [{8, 1}, {3, 7}, {4, 6}, {2, 5}], [{8, 1}, {3, 7}, {5, 6}, {2, 4}], [{8, 1}, {3, 7}, {6}, {4, 5}, {2}], [{8, 1}, {4, 7}, {2, 6}, {3, 5}], [{8, 1}, {4, 7}, {3, 6}, {2, 5}], [{8, 1}, {4, 7}, {5, 6}, {2, 3}], [{8, 1}, {4, 7}, {5, 6}, {3}, {2}], [{8, 1}, {5, 7}, {2, 6}, {3, 4}], [{8, 1}, {5, 7}, {3, 6}, {2, 4}], [{8, 1}, {5, 7}, {4, 6}, {2, 3}], [{8, 1}, {5, 7}, {4, 6}, {3}, {2}], [{8, 1}, {6, 7}, {2, 5}, {3, 4}], [{8, 1}, {6, 7}, {3, 5}, {2, 4}], [{8, 1}, {6, 7}, {4, 5}, {2, 3}], [{8, 1}, {6, 7}, {4, 5}, {3}, {2}], [{8, 1}, {7}, {3, 6}, {4, 5}, {2}], [{8, 2}, {1, 7}, {3, 6}, {4, 5}], [{8, 2}, {1, 7}, {4, 6}, {3, 5}], [{8, 2}, {1, 7}, {4, 6}, {5}, {3}], [{8, 2}, {1, 7}, {5, 6}, {3, 4}], [{8, 2}, {3, 7}, {1, 6}, {4, 5}], [{8, 2}, {3, 7}, {4, 6}, {1, 5}], [{8, 2}, {3, 7}, {5, 6}, {1, 4}], [{8, 2}, {3, 7}, {6}, {4, 5}, {1}], [{8, 2}, {4, 7}, {1, 6}, {3, 5}], [{8, 2}, {4, 7}, {3, 6}, {1, 5}], [{8, 2}, {4, 7}, {5, 6}, {1, 3}], [{8, 2}, {4, 7}, {5, 6}, {3}, {1}], [{8, 2}, {5, 7}, {1, 6}, {3, 4}], [{8, 2}, {5, 7}, {3, 6}, {1, 4}], [{8, 2}, {5, 7}, {4, 6}, {1, 3}], [{8, 2}, {6, 7}, {1, 5}, {3, 4}], [{8, 2}, {6, 7}, {1, 5}, {4}, {3}], [{8, 2}, {6, 7}, {3, 5}, {1, 4}], [{8, 2}, {6, 7}, {4, 5}, {1, 3}], [{8, 2}, {6, 7}, {4, 5}, {3}, {1}], [{8, 2}, {6, 7}, {5}, {1, 4}, {3}], [{8, 2}, {7}, {1, 6}, {5}, {3, 4}], [{8, 2}, {7}, {3, 6}, {4, 5}, {1}], [{8, 2}, {7}, {6}, {3, 5}, {1, 4}], [{8, 3}, {1, 7}, {2, 6}, {4, 5}], [{8, 3}, {1, 7}, {4, 6}, {2, 5}], [{8, 3}, {1, 7}, {5, 6}, {2, 4}], [{8, 3}, {2, 7}, {1, 6}, {4, 5}], [{8, 3}, {2, 7}, {4, 6}, {1, 5}], [{8, 3}, {2, 7}, {5, 6}, {1, 4}], [{8, 3}, {2, 7}, {6}, {4, 5}, {1}], [{8, 3}, {4, 7}, {1, 6}, {2, 5}], [{8, 3}, {4, 7}, {2, 6}, {1, 5}], [{8, 3}, {4, 7}, {5, 6}, {1, 2}], [{8, 3}, {5, 7}, {1, 6}, {2, 4}], [{8, 3}, {5, 7}, {2, 6}, {1, 4}], [{8, 3}, {5, 7}, {4, 6}, {1, 2}], [{8, 3}, {6, 7}, {1, 5}, {2, 4}], [{8, 3}, {6, 7}, {2, 5}, {1, 4}], [{8, 3}, {6, 7}, {4, 5}, {1, 2}], [{8, 3}, {6, 7}, {4, 5}, {2}, {1}], [{8, 3}, {7}, {2, 6}, {4, 5}, {1}], [{8, 3}, {7}, {4, 6}, {2, 5}, {1}], [{8, 3}, {7}, {6}, {1, 5}, {2, 4}], [{8, 4}, {1, 7}, {2, 6}, {3, 5}], [{8, 4}, {1, 7}, {2, 6}, {5}, {3}], [{8, 4}, {1, 7}, {3, 6}, {2, 5}], [{8, 4}, {1, 7}, {5, 6}, {2, 3}], [{8, 4}, {1, 7}, {6}, {3, 5}, {2}], [{8, 4}, {2, 7}, {1, 6}, {3, 5}], [{8, 4}, {2, 7}, {3, 6}, {1, 5}], [{8, 4}, {2, 7}, {5, 6}, {1, 3}], [{8, 4}, {3, 7}, {1, 6}, {2, 5}], [{8, 4}, {3, 7}, {2, 6}, {1, 5}], [{8, 4}, {3, 7}, {5, 6}, {1, 2}], [{8, 4}, {3, 7}, {6}, {5}, {1, 2}], [{8, 4}, {5, 7}, {1, 6}, {2, 3}], [{8, 4}, {5, 7}, {2, 6}, {1, 3}], [{8, 4}, {5, 7}, {3, 6}, {1, 2}], [{8, 4}, {6, 7}, {1, 5}, {2, 3}], [{8, 4}, {6, 7}, {2, 5}, {1, 3}], [{8, 4}, {6, 7}, {3, 5}, {1, 2}], [{8, 4}, {6, 7}, {5}, {3}, {1, 2}], [{8, 4}, {7}, {1, 6}, {5}, {2, 3}], [{8, 4}, {7}, {2, 6}, {3, 5}, {1}], [{8, 4}, {7}, {3, 6}, {5}, {1, 2}], [{8, 4}, {7}, {6}, {2, 5}, {1, 3}], [{8, 5}, {1, 7}, {2, 6}, {3, 4}], [{8, 5}, {1, 7}, {3, 6}, {2, 4}], [{8, 5}, {1, 7}, {4, 6}, {2, 3}], [{8, 5}, {1, 7}, {6}, {4}, {2, 3}], [{8, 5}, {2, 7}, {1, 6}, {3, 4}], [{8, 5}, {2, 7}, {3, 6}, {1, 4}], [{8, 5}, {2, 7}, {4, 6}, {1, 3}], [{8, 5}, {3, 7}, {1, 6}, {2, 4}], [{8, 5}, {3, 7}, {2, 6}, {1, 4}], [{8, 5}, {3, 7}, {4, 6}, {1, 2}], [{8, 5}, {3, 7}, {6}, {4}, {1, 2}], [{8, 5}, {4, 7}, {1, 6}, {2, 3}], [{8, 5}, {4, 7}, {2, 6}, {1, 3}], [{8, 5}, {4, 7}, {2, 6}, {3}, {1}], [{8, 5}, {4, 7}, {3, 6}, {1, 2}], [{8, 5}, {6, 7}, {1, 4}, {2, 3}], [{8, 5}, {6, 7}, {2, 4}, {1, 3}], [{8, 5}, {6, 7}, {3, 4}, {1, 2}], [{8, 5}, {6, 7}, {4}, {3}, {1, 2}], [{8, 5}, {7}, {3, 6}, {4}, {1, 2}], [{8, 6}, {1, 7}, {2, 5}, {3, 4}], [{8, 6}, {1, 7}, {3, 5}, {2, 4}], [{8, 6}, {1, 7}, {4, 5}, {2, 3}], [{8, 6}, {1, 7}, {5}, {2, 4}, {3}], [{8, 6}, {2, 7}, {1, 5}, {3, 4}], [{8, 6}, {2, 7}, {1, 5}, {4}, {3}], [{8, 6}, {2, 7}, {3, 5}, {1, 4}], [{8, 6}, {2, 7}, {4, 5}, {1, 3}], [{8, 6}, {2, 7}, {4, 5}, {3}, {1}], [{8, 6}, {2, 7}, {5}, {1, 4}, {3}], [{8, 6}, {3, 7}, {1, 5}, {2, 4}], [{8, 6}, {3, 7}, {2, 5}, {1, 4}], [{8, 6}, {3, 7}, {4, 5}, {1, 2}], [{8, 6}, {3, 7}, {4, 5}, {2}, {1}], [{8, 6}, {4, 7}, {1, 5}, {2, 3}], [{8, 6}, {4, 7}, {2, 5}, {1, 3}], [{8, 6}, {4, 7}, {2, 5}, {3}, {1}], [{8, 6}, {4, 7}, {3, 5}, {1, 2}], [{8, 6}, {5, 7}, {1, 4}, {2, 3}], [{8, 6}, {5, 7}, {2, 4}, {1, 3}], [{8, 6}, {5, 7}, {3, 4}, {1, 2}], [{8, 6}, {7}, {1, 5}, {3, 4}, {2}], [{8, 6}, {7}, {3, 5}, {4}, {1, 2}], [{8, 6}, {7}, {4, 5}, {2, 3}, {1}], [{8, 7}, {1, 6}, {2, 5}, {3, 4}], [{8, 7}, {1, 6}, {3, 5}, {2, 4}], [{8, 7}, {1, 6}, {4, 5}, {2, 3}], [{8, 7}, {2, 6}, {1, 5}, {3, 4}], [{8, 7}, {2, 6}, {1, 5}, {4}, {3}], [{8, 7}, {2, 6}, {3, 5}, {1, 4}], [{8, 7}, {2, 6}, {4, 5}, {1, 3}], [{8, 7}, {2, 6}, {4, 5}, {3}, {1}], [{8, 7}, {2, 6}, {5}, {1, 4}, {3}], [{8, 7}, {3, 6}, {1, 5}, {2, 4}], [{8, 7}, {3, 6}, {2, 5}, {1, 4}], [{8, 7}, {3, 6}, {4, 5}, {1, 2}], [{8, 7}, {3, 6}, {4, 5}, {2}, {1}], [{8, 7}, {4, 6}, {1, 5}, {2, 3}], [{8, 7}, {4, 6}, {2, 5}, {1, 3}], [{8, 7}, {4, 6}, {3, 5}, {1, 2}], [{8, 7}, {4, 6}, {5}, {3}, {1, 2}], [{8, 7}, {5, 6}, {1, 4}, {2, 3}], [{8, 7}, {5, 6}, {2, 4}, {1, 3}], [{8, 7}, {5, 6}, {3, 4}, {1, 2}], [{8, 7}, {6}, {4, 5}, {2, 3}, {1}], [{8}, {1, 7}, {3, 6}, {4, 5}, {2}], [{8}, {2, 7}, {3, 6}, {4, 5}, {1}], [{8}, {3, 7}, {1, 6}, {4, 5}, {2}], [{8}, {3, 7}, {2, 6}, {4, 5}, {1}], [{8}, {3, 7}, {4, 6}, {1, 5}, {2}], [{8}, {3, 7}, {5, 6}, {1, 4}, {2}], [{8}, {3, 7}, {6}, {4, 5}, {1, 2}], [{8}, {3, 7}, {6}, {4, 5}, {2}, {1}], [{8}, {4, 7}, {3, 6}, {1, 5}, {2}], [{8}, {4, 7}, {5, 6}, {3}, {1, 2}], [{8}, {5, 7}, {3, 6}, {1, 4}, {2}], [{8}, {6, 7}, {4, 5}, {1, 3}, {2}], [{8}, {6, 7}, {4, 5}, {2, 3}, {1}], [{8}, {6, 7}, {4, 5}, {3}, {1, 2}], [{8}, {6, 7}, {4, 5}, {3}, {2}, {1}], [{8}, {7}, {3, 6}, {4, 5}, {1, 2}], [{8}, {7}, {3, 6}, {4, 5}, {2}, {1}]]",2,4 K_1^3 - 26 K_1^2 - 8 K_1 K_2 + K_1 + 13 K_2 + 3 K_3 + 14,O1O2O3U2O4U3U5U4O6O7U6O5U8U1O8U7,O1O2O3U1O4U3U4U5O6U7O5O7U2O8U6U8,O1O2O3U4U5O4U2O6O7U6O5U7U8U1O8U3,c,{'O1O2O3U4O5U3U5O6U7O4O7U8U6U1O8U2'},1,"<a href=""/flatknot/8.1101536"">8.1101536</a>",t^9-34t^7-36t^6+146t^5+132t^4-136t^3-54t^2+37t-8,t^2-2t,,
8.1101537,O1O2O3U4O5U3U5O6U7O4O8U1U6U8O7U2,4,13z^2+98z+145,13w^3z^2+98w^2z+145w,False,False,"[[ 0 -2  1  0 -1  1  0 -1  2],[ 2  0  2  0  1  1  0  1  2],[-1 -2  0  0 -2  1 -1 -1  1],[ 0  0  0  0 -1  1 -1  1  0],[ 1 -1  2  1  0  1  0  0  1],[-1 -1 -1 -1 -1  0  0 -1  0],[ 0  0  1  1  0  0  0 -1  1],[ 1 -1  1 -1  0  1  1  0  2],[-2 -2 -1  0 -1  0 -1 -2  0]]","[[ 0  2  1  1  0  0 -1 -1 -2],[-2  0  0 -1  0 -1 -1 -2 -2],[-1  0  0 -1 -1  0 -1 -1 -1],[-1  1  1  0  0 -1 -2 -1 -2],[ 0  0  1  0  0 -1 -1  1  0],[ 0  1  0  1  1  0  0 -1  0],[ 1  1  1  2  1  0  0  0 -1],[ 1  2  1  1 -1  1  0  0 -1],[ 2  2  1  2  0  0  1  1  0]]",True,"[-2,-1,-1,0,0,1,1,2,0,1,0,1,1,2,2,1,1,0,1,1,1,0,1,2,1,2,1,1,-1,0,0,1,0,0,1,1]","[-2,-1,-1,0,0,1,1,2,0,0,2,2,1,2,2,0,0,1,0,1,2,2,0,1,1,1,1,1,0,2,0,1,1,-1,0,1]",t^8+32t^6+170t^4+123t^2+4,"[-2,-1,-1,0,0,1,1,2,0,0,2,2,1,2,2,0,0,1,0,1,2,2,0,1,1,1,1,1,0,2,0,1,1,-1,0,1]","[-2,-1,-1,0,0,1,1,2,0,1,1,2,1,2,2,1,0,1,1,0,1,1,0,1,1,2,1,0,1,2,2,0,2,0,0,0]","[-2,-1,-1,0,0,1,1,2,1,1,0,0,1,2,2,0,-1,1,1,1,2,1,0,1,2,1,-1,1,0,0,0,1,1,-1,0,1]",c,"[[{8, 1}, {2, 7}, {3, 6}, {4, 5}], [{8, 1}, {2, 7}, {4, 6}, {3, 5}], [{8, 1}, {2, 7}, {4, 6}, {5}, {3}], [{8, 1}, {2, 7}, {5, 6}, {3, 4}], [{8, 1}, {2, 7}, {5, 6}, {4}, {3}], [{8, 1}, {2, 7}, {6}, {4, 5}, {3}], [{8, 1}, {3, 7}, {2, 6}, {4, 5}], [{8, 1}, {3, 7}, {4, 6}, {2, 5}], [{8, 1}, {3, 7}, {4, 6}, {5}, {2}], [{8, 1}, {3, 7}, {5, 6}, {2, 4}], [{8, 1}, {4, 7}, {2, 6}, {3, 5}], [{8, 1}, {4, 7}, {2, 6}, {5}, {3}], [{8, 1}, {4, 7}, {3, 6}, {2, 5}], [{8, 1}, {4, 7}, {5, 6}, {2, 3}], [{8, 1}, {4, 7}, {5, 6}, {3}, {2}], [{8, 1}, {4, 7}, {6}, {2, 5}, {3}], [{8, 1}, {5, 7}, {2, 6}, {3, 4}], [{8, 1}, {5, 7}, {2, 6}, {4}, {3}], [{8, 1}, {5, 7}, {3, 6}, {2, 4}], [{8, 1}, {5, 7}, {4, 6}, {2, 3}], [{8, 1}, {5, 7}, {4, 6}, {3}, {2}], [{8, 1}, {5, 7}, {6}, {2, 4}, {3}], [{8, 1}, {6, 7}, {2, 5}, {3, 4}], [{8, 1}, {6, 7}, {2, 5}, {4}, {3}], [{8, 1}, {6, 7}, {3, 5}, {2, 4}], [{8, 1}, {6, 7}, {4, 5}, {2, 3}], [{8, 1}, {6, 7}, {4, 5}, {3}, {2}], [{8, 1}, {6, 7}, {5}, {2, 4}, {3}], [{8, 1}, {7}, {2, 6}, {4, 5}, {3}], [{8, 1}, {7}, {4, 6}, {2, 5}, {3}], [{8, 1}, {7}, {4, 6}, {3, 5}, {2}], [{8, 1}, {7}, {4, 6}, {5}, {2, 3}], [{8, 1}, {7}, {4, 6}, {5}, {3}, {2}], [{8, 1}, {7}, {5, 6}, {2, 4}, {3}], [{8, 2}, {1, 7}, {3, 6}, {4, 5}], [{8, 2}, {1, 7}, {4, 6}, {3, 5}], [{8, 2}, {1, 7}, {5, 6}, {3, 4}], [{8, 2}, {3, 7}, {1, 6}, {4, 5}], [{8, 2}, {3, 7}, {4, 6}, {1, 5}], [{8, 2}, {3, 7}, {5, 6}, {1, 4}], [{8, 2}, {3, 7}, {6}, {4, 5}, {1}], [{8, 2}, {4, 7}, {1, 6}, {3, 5}], [{8, 2}, {4, 7}, {3, 6}, {1, 5}], [{8, 2}, {4, 7}, {5, 6}, {1, 3}], [{8, 2}, {4, 7}, {5, 6}, {3}, {1}], [{8, 2}, {5, 7}, {1, 6}, {3, 4}], [{8, 2}, {5, 7}, {3, 6}, {1, 4}], [{8, 2}, {5, 7}, {4, 6}, {1, 3}], [{8, 2}, {6, 7}, {1, 5}, {3, 4}], [{8, 2}, {6, 7}, {3, 5}, {1, 4}], [{8, 2}, {6, 7}, {4, 5}, {1, 3}], [{8, 2}, {6, 7}, {4, 5}, {3}, {1}], [{8, 2}, {7}, {3, 6}, {1, 5}, {4}], [{8, 2}, {7}, {3, 6}, {4, 5}, {1}], [{8, 2}, {7}, {3, 6}, {5}, {1, 4}], [{8, 2}, {7}, {4, 6}, {3, 5}, {1}], [{8, 2}, {7}, {5, 6}, {4}, {1, 3}], [{8, 3}, {1, 7}, {2, 6}, {4, 5}], [{8, 3}, {1, 7}, {4, 6}, {2, 5}], [{8, 3}, {1, 7}, {5, 6}, {2, 4}], [{8, 3}, {1, 7}, {5, 6}, {4}, {2}], [{8, 3}, {2, 7}, {1, 6}, {4, 5}], [{8, 3}, {2, 7}, {4, 6}, {1, 5}], [{8, 3}, {2, 7}, {5, 6}, {1, 4}], [{8, 3}, {2, 7}, {6}, {4, 5}, {1}], [{8, 3}, {4, 7}, {1, 6}, {2, 5}], [{8, 3}, {4, 7}, {1, 6}, {5}, {2}], [{8, 3}, {4, 7}, {2, 6}, {1, 5}], [{8, 3}, {4, 7}, {5, 6}, {1, 2}], [{8, 3}, {5, 7}, {1, 6}, {2, 4}], [{8, 3}, {5, 7}, {2, 6}, {1, 4}], [{8, 3}, {5, 7}, {4, 6}, {1, 2}], [{8, 3}, {5, 7}, {6}, {2, 4}, {1}], [{8, 3}, {6, 7}, {1, 5}, {2, 4}], [{8, 3}, {6, 7}, {2, 5}, {1, 4}], [{8, 3}, {6, 7}, {4, 5}, {1, 2}], [{8, 3}, {6, 7}, {5}, {1, 4}, {2}], [{8, 3}, {6, 7}, {5}, {2, 4}, {1}], [{8, 3}, {6, 7}, {5}, {4}, {1, 2}], [{8, 3}, {7}, {1, 6}, {2, 5}, {4}], [{8, 3}, {7}, {4, 6}, {1, 5}, {2}], [{8, 3}, {7}, {5, 6}, {2, 4}, {1}], [{8, 4}, {1, 7}, {2, 6}, {3, 5}], [{8, 4}, {1, 7}, {3, 6}, {2, 5}], [{8, 4}, {1, 7}, {5, 6}, {2, 3}], [{8, 4}, {1, 7}, {6}, {3, 5}, {2}], [{8, 4}, {2, 7}, {1, 6}, {3, 5}], [{8, 4}, {2, 7}, {1, 6}, {5}, {3}], [{8, 4}, {2, 7}, {3, 6}, {1, 5}], [{8, 4}, {2, 7}, {5, 6}, {1, 3}], [{8, 4}, {2, 7}, {6}, {3, 5}, {1}], [{8, 4}, {3, 7}, {1, 6}, {2, 5}], [{8, 4}, {3, 7}, {1, 6}, {5}, {2}], [{8, 4}, {3, 7}, {2, 6}, {1, 5}], [{8, 4}, {3, 7}, {5, 6}, {1, 2}], [{8, 4}, {5, 7}, {1, 6}, {2, 3}], [{8, 4}, {5, 7}, {1, 6}, {3}, {2}], [{8, 4}, {5, 7}, {2, 6}, {1, 3}], [{8, 4}, {5, 7}, {3, 6}, {1, 2}], [{8, 4}, {6, 7}, {1, 5}, {2, 3}], [{8, 4}, {6, 7}, {2, 5}, {1, 3}], [{8, 4}, {6, 7}, {3, 5}, {1, 2}], [{8, 4}, {6, 7}, {3, 5}, {2}, {1}], [{8, 4}, {7}, {1, 6}, {2, 5}, {3}], [{8, 4}, {7}, {1, 6}, {3, 5}, {2}], [{8, 4}, {7}, {1, 6}, {5}, {2, 3}], [{8, 4}, {7}, {1, 6}, {5}, {3}, {2}], [{8, 4}, {7}, {2, 6}, {1, 5}, {3}], [{8, 4}, {7}, {2, 6}, {3, 5}, {1}], [{8, 4}, {7}, {2, 6}, {5}, {1, 3}], [{8, 4}, {7}, {3, 6}, {1, 5}, {2}], [{8, 4}, {7}, {3, 6}, {2, 5}, {1}], [{8, 4}, {7}, {3, 6}, {5}, {1, 2}], [{8, 4}, {7}, {5, 6}, {1, 3}, {2}], [{8, 4}, {7}, {5, 6}, {2, 3}, {1}], [{8, 4}, {7}, {5, 6}, {3}, {1, 2}], [{8, 4}, {7}, {6}, {1, 5}, {2, 3}], [{8, 4}, {7}, {6}, {2, 5}, {1, 3}], [{8, 4}, {7}, {6}, {3, 5}, {1, 2}], [{8, 4}, {7}, {6}, {3, 5}, {2}, {1}], [{8, 5}, {1, 7}, {2, 6}, {3, 4}], [{8, 5}, {1, 7}, {3, 6}, {2, 4}], [{8, 5}, {1, 7}, {4, 6}, {2, 3}], [{8, 5}, {2, 7}, {1, 6}, {3, 4}], [{8, 5}, {2, 7}, {3, 6}, {1, 4}], [{8, 5}, {2, 7}, {4, 6}, {1, 3}], [{8, 5}, {3, 7}, {1, 6}, {2, 4}], [{8, 5}, {3, 7}, {2, 6}, {1, 4}], [{8, 5}, {3, 7}, {4, 6}, {1, 2}], [{8, 5}, {4, 7}, {1, 6}, {2, 3}], [{8, 5}, {4, 7}, {2, 6}, {1, 3}], [{8, 5}, {4, 7}, {2, 6}, {3}, {1}], [{8, 5}, {4, 7}, {3, 6}, {1, 2}], [{8, 5}, {6, 7}, {1, 4}, {2, 3}], [{8, 5}, {6, 7}, {2, 4}, {1, 3}], [{8, 5}, {6, 7}, {3, 4}, {1, 2}], [{8, 5}, {7}, {4, 6}, {1, 3}, {2}], [{8, 6}, {1, 7}, {2, 5}, {3, 4}], [{8, 6}, {1, 7}, {3, 5}, {2, 4}], [{8, 6}, {1, 7}, {3, 5}, {4}, {2}], [{8, 6}, {1, 7}, {4, 5}, {2, 3}], [{8, 6}, {2, 7}, {1, 5}, {3, 4}], [{8, 6}, {2, 7}, {1, 5}, {4}, {3}], [{8, 6}, {2, 7}, {3, 5}, {1, 4}], [{8, 6}, {2, 7}, {3, 5}, {4}, {1}], [{8, 6}, {2, 7}, {4, 5}, {1, 3}], [{8, 6}, {2, 7}, {5}, {4}, {1, 3}], [{8, 6}, {3, 7}, {1, 5}, {2, 4}], [{8, 6}, {3, 7}, {2, 5}, {1, 4}], [{8, 6}, {3, 7}, {4, 5}, {1, 2}], [{8, 6}, {3, 7}, {5}, {4}, {1, 2}], [{8, 6}, {4, 7}, {1, 5}, {2, 3}], [{8, 6}, {4, 7}, {2, 5}, {1, 3}], [{8, 6}, {4, 7}, {2, 5}, {3}, {1}], [{8, 6}, {4, 7}, {3, 5}, {1, 2}], [{8, 6}, {4, 7}, {3, 5}, {2}, {1}], [{8, 6}, {4, 7}, {5}, {2, 3}, {1}], [{8, 6}, {5, 7}, {1, 4}, {2, 3}], [{8, 6}, {5, 7}, {2, 4}, {1, 3}], [{8, 6}, {5, 7}, {3, 4}, {1, 2}], [{8, 6}, {5, 7}, {4}, {3}, {1, 2}], [{8, 6}, {7}, {3, 5}, {1, 4}, {2}], [{8, 6}, {7}, {3, 5}, {2, 4}, {1}], [{8, 6}, {7}, {3, 5}, {4}, {1, 2}], [{8, 6}, {7}, {3, 5}, {4}, {2}, {1}], [{8, 7}, {1, 6}, {2, 5}, {3, 4}], [{8, 7}, {1, 6}, {2, 5}, {4}, {3}], [{8, 7}, {1, 6}, {3, 5}, {2, 4}], [{8, 7}, {1, 6}, {4, 5}, {2, 3}], [{8, 7}, {1, 6}, {5}, {3, 4}, {2}], [{8, 7}, {2, 6}, {1, 5}, {3, 4}], [{8, 7}, {2, 6}, {1, 5}, {4}, {3}], [{8, 7}, {2, 6}, {3, 5}, {1, 4}], [{8, 7}, {2, 6}, {4, 5}, {1, 3}], [{8, 7}, {3, 6}, {1, 5}, {2, 4}], [{8, 7}, {3, 6}, {2, 5}, {1, 4}], [{8, 7}, {3, 6}, {4, 5}, {1, 2}], [{8, 7}, {3, 6}, {5}, {1, 4}, {2}], [{8, 7}, {4, 6}, {1, 5}, {2, 3}], [{8, 7}, {4, 6}, {2, 5}, {1, 3}], [{8, 7}, {4, 6}, {3, 5}, {1, 2}], [{8, 7}, {4, 6}, {3, 5}, {2}, {1}], [{8, 7}, {5, 6}, {1, 4}, {2, 3}], [{8, 7}, {5, 6}, {2, 4}, {1, 3}], [{8, 7}, {5, 6}, {3, 4}, {1, 2}], [{8, 7}, {5, 6}, {3, 4}, {2}, {1}], [{8, 7}, {5, 6}, {4}, {3}, {1, 2}], [{8, 7}, {6}, {1, 5}, {3, 4}, {2}], [{8}, {1, 7}, {4, 6}, {3, 5}, {2}], [{8}, {2, 7}, {3, 6}, {5}, {1, 4}], [{8}, {2, 7}, {4, 6}, {3, 5}, {1}], [{8}, {2, 7}, {6}, {4, 5}, {1, 3}], [{8}, {3, 7}, {1, 6}, {2, 5}, {4}], [{8}, {3, 7}, {2, 6}, {5}, {1, 4}], [{8}, {3, 7}, {4, 6}, {2, 5}, {1}], [{8}, {3, 7}, {5, 6}, {1, 4}, {2}], [{8}, {3, 7}, {6}, {2, 5}, {1, 4}], [{8}, {4, 7}, {1, 6}, {2, 5}, {3}], [{8}, {4, 7}, {2, 6}, {1, 5}, {3}], [{8}, {4, 7}, {5, 6}, {3}, {1, 2}], [{8}, {5, 7}, {4, 6}, {2, 3}, {1}], [{8}, {5, 7}, {6}, {2, 4}, {1, 3}], [{8}, {6, 7}, {4, 5}, {3}, {1, 2}], [{8}, {6, 7}, {5}, {2, 4}, {1, 3}], [{8}, {7}, {1, 6}, {2, 5}, {3, 4}], [{8}, {7}, {3, 6}, {1, 5}, {2, 4}], [{8}, {7}, {4, 6}, {3, 5}, {1, 2}], [{8}, {7}, {4, 6}, {3, 5}, {2}, {1}], [{8}, {7}, {5, 6}, {2, 4}, {1, 3}]]",2,8 K_1^3 - 36 K_1^2 - 16 K_1 K_2 + 2 K_1 + 18 K_2 + 6 K_3 + 19,O1O2O3U2O4U5U6U3O5O7U4O6U8U1O8U7,O1O2O3U4O5U1U5U6O7U8O6O8U2O4U7U3,O1O2O3U1U4O5U2O6O7U6O4U7U8U3O8U5,c,{'O1O2O3U4O5U3U5O6U7O4O8U1U6U8O7U2'},1,"<a href=""/flatknot/8.1101537"">8.1101537</a>",t^9-32t^7-70t^6+58t^5+220t^4+23t^3-168t^2-47t+10,0,,
8.1101538,O1O2O3U4O5U3U5O6U7O4O8U2U6U1O7U8,4,11z^2+96z+149,11w^3z^2+96w^2z+149w,False,False,"[[ 0  0 -1  0 -1  1  0 -1  2],[ 0  0 -1  0  0  1  0 -1  2],[ 1  1  0  0  0  1  0  1  1],[ 0  0  0  0 -1  1 -1  1  0],[ 1  0  0  1  0  1  0  0  2],[-1 -1 -1 -1 -1  0  0 -1  0],[ 0  0  0  1  0  0  0  0  0],[ 1  1 -1 -1  0  1  0  0  2],[-2 -2 -1  0 -2  0  0 -2  0]]","[[ 0  2  1  0  0  0 -1 -1 -1],[-2  0  0  0  0 -2 -1 -2 -2],[-1  0  0  0 -1 -1 -1 -1 -1],[ 0  0  0  0  1  0  0  0  0],[ 0  0  1 -1  0  0  0  1 -1],[ 0  2  1  0  0  0 -1 -1  0],[ 1  1  1  0  0  1  0  1  0],[ 1  2  1  0 -1  1 -1  0  0],[ 1  2  1  0  1  0  0  0  0]]",True,"[-2,-1,0,0,0,1,1,1,0,0,0,2,1,2,2,0,1,1,1,1,1,-1,0,0,0,0,0,0,-1,1,1,1,0,-1,0,0]","[-2,-1,0,0,0,1,1,1,0,0,0,2,1,2,2,0,1,1,1,1,1,-1,0,0,0,0,0,0,-1,1,1,1,0,-1,0,0]",t^8+24t^6+94t^4+27t^2+1,"[-1,-1,-1,0,0,0,1,2,-1,0,0,1,1,1,2,0,0,1,2,1,1,1,1,0,1,1,0,0,0,0,-1,1,2,0,2,1]","[-2,-1,0,0,0,1,1,1,1,0,2,2,1,1,2,0,0,1,1,1,1,0,0,0,1,0,-1,2,0,1,1,1,1,0,-1,0]","[-1,-1,-1,0,0,0,1,2,-1,0,-1,0,1,1,2,0,0,0,1,1,1,1,0,0,1,2,-1,0,1,0,0,0,0,1,2,0]",c,"[[{8, 7}, {2, 6}, {3, 5}, {1, 4}], [{8, 7}, {2, 6}, {5}, {1, 4}, {3}]]",1,4 K_1^3 - 26 K_1^2 - 8 K_1 K_2 + K_1 + 13 K_2 + 3 K_3 + 14,O1O2O3U4O5U3U6U2O4O7U5O6U8U1O8U7,O1O2O3U4O5U3U1U6O7U8O6O8U2O4U7U5,O1O2O3U4U5O6U2O7O8U7O5U8U3U1O4U6,c,{'O1O2O3U4O5U3U5O6U7O4O8U2U6U1O7U8'},1,"<a href=""/flatknot/8.1101538"">8.1101538</a>",t^9-22t^7-30t^6+51t^5+70t^4-34t^3-6t^2+20t,-t^2+2t,,
8.1101539,O1O2O3U4O5U3U5O6U7O4O8U6U1U8O7U2,4,18z^2+103z+135,18w^3z^2+103w^2z+135w,False,False,"[[ 0 -1  1  0 -1  1 -1 -1  2],[ 1  0  1  0  1  1 -1  0  2],[-1 -1  0  0 -2  1 -1 -1  1],[ 0  0  0  0 -1  1 -1  1  0],[ 1 -1  2  1  0  1 -1  0  1],[-1 -1 -1 -1 -1  0  0 -1  0],[ 1  1  1  1  1  0  0  0  1],[ 1  0  1 -1  0  1  0  0  2],[-2 -2 -1  0 -1  0 -1 -2  0]]","[[ 0  2  1  1  0 -1 -1 -1 -1],[-2  0  0 -1  0 -1 -1 -2 -2],[-1  0  0 -1 -1  0 -1 -1 -1],[-1  1  1  0  0 -1 -2 -1 -1],[ 0  0  1  0  0 -1 -1  1  0],[ 1  1  0  1  1  0  1  0  1],[ 1  1  1  2  1 -1  0  0 -1],[ 1  2  1  1 -1  0  0  0  0],[ 1  2  1  1  0 -1  1  0  0]]",True,"[-2,-1,-1,0,1,1,1,1,0,1,0,1,1,2,2,1,1,0,1,1,1,0,1,2,1,1,1,1,-1,0,-1,0,-1,0,1,0]","[-2,-1,-1,0,1,1,1,1,0,1,0,1,1,2,2,1,1,0,1,1,1,0,1,2,1,1,1,1,-1,0,-1,0,-1,0,1,0]",t^8+29t^6+150t^4+146t^2,"[-1,-1,-1,-1,0,1,1,2,-1,-1,0,0,1,2,2,-1,0,1,1,1,1,0,0,0,1,2,2,1,1,1,1,0,2,-1,0,1]","[-2,-1,-1,0,1,1,1,1,0,1,2,1,1,2,2,1,1,1,1,0,1,0,1,1,1,2,1,2,0,0,0,1,-1,0,0,-1]","[-1,-1,-1,-1,0,1,1,2,-1,-1,0,1,1,2,1,-1,0,0,1,1,2,0,1,0,1,1,-1,1,1,2,1,0,0,-1,0,1]",c,"[[{8, 1}, {3, 7}, {5, 6}, {2, 4}], [{8, 3}, {1, 7}, {5, 6}, {2, 4}], [{8, 7}, {5, 6}, {2, 4}, {1, 3}]]",1,- 14 K_1^2 - 4 K_1 K_2 + 2 K_1 + 7 K_2 + 2 K_3 + 8,O1O2O3U2O4U5U3U6O5O7U4O6U8U1O8U7,O1O2O3U4O5U2U5U6O7U8O6O8U1O4U7U3,O1O2O3U1U4O5U3O6O7U6O4U7U8U2O8U5,c,{'O1O2O3U4O5U3U5O6U7O4O8U6U1U8O7U2'},1,"<a href=""/flatknot/8.1101539"">8.1101539</a>",t^9-27t^7-52t^6+27t^5+58t^4-24t^3+14t^2+14t-4,-t^2+2t,,
8.1101540,O1O2O3U4O5U3U5O6U7O4O8U6U8U1O7U2,4,9z^2+90z+145,9w^3z^2+90w^2z+145w,False,False,"[[ 0  0  1  0 -1  1 -1 -1  1],[ 0  0  0  0  0  1 -2  0  1],[-1  0  0  0 -2  1 -1 -1  1],[ 0  0  0  0 -1  1 -1  1  0],[ 1  0  2  1  0  1 -1  0  0],[-1 -1 -1 -1 -1  0  0 -1  0],[ 1  2  1  1  1  0  0  0  1],[ 1  0  1 -1  0  1  0  0  1],[-1 -1 -1  0  0  0 -1 -1  0]]","[[ 0  1  1  1  0  0 -1 -1 -1],[-1  0  1  1  0  0 -1 -1 -2],[-1 -1  0  0  0 -1 -1 -1  0],[-1 -1  0  0 -1 -1  0 -1 -1],[ 0  0  0  1  0  0 -1  1 -1],[ 0  0  1  1  0  0 -2  0  0],[ 1  1  1  0  1  2  0  0  1],[ 1  1  1  1 -1  0  0  0  0],[ 1  2  0  1  1  0 -1  0  0]]",True,"[-1,-1,-1,0,0,1,1,1,-1,-1,0,0,1,1,2,0,0,1,1,1,0,1,1,0,1,1,0,1,-1,1,2,0,0,0,-1,0]","[-1,-1,-1,0,0,1,1,1,-1,-1,0,0,1,1,2,0,0,1,1,1,0,1,1,0,1,1,0,1,-1,1,2,0,0,0,-1,0]",t^8+23t^6+119t^4+173t^2+4,"[-1,-1,-1,0,0,1,1,1,-1,0,-1,0,1,1,2,0,1,0,0,2,1,1,2,1,1,1,0,1,0,0,1,1,0,-1,-1,0]","[-1,-1,-1,0,0,1,1,1,-1,0,0,0,1,1,2,1,1,1,0,1,1,0,1,2,1,1,0,1,1,-1,0,2,0,0,-1,0]","[-1,-1,-1,0,0,1,1,1,-1,0,0,1,0,1,2,0,2,1,1,0,1,0,-1,1,1,1,0,1,1,0,0,1,0,0,-1,-1]",c,"[[{8, 6}, {5, 7}, {2, 4}, {1, 3}], [{8, 7}, {5, 6}, {2, 4}, {1, 3}]]",1,4 K_1^3 - 28 K_1^2 - 8 K_1 K_2 + K_1 + 14 K_2 + 3 K_3 + 15,O1O2O3U2O4U3U5U6O5O7U4O6U8U1O8U7,O1O2O3U4O5U3U5U6O7U8O6O8U1O4U7U2,O1O2O3U2U4O5U3O6O7U6O4U7U8U1O8U5,c,{'O1O2O3U4O5U3U5O6U7O4O8U6U8U1O7U2'},1,"<a href=""/flatknot/8.1101540"">8.1101540</a>",t^9-23t^7-22t^6+81t^5+36t^4-72t^3+76t^2-20t-10,0,,
8.1101541,O1O2O3U4O5U3U6O7U1O4O6U5U8U7O8U2,3,5z^2+58z+97,5w^3z^2+58w^2z+97w,False,False,"[[ 0 -1  1  0 -1  0  1  1 -1],[ 1  0  1  0  0  0  2  0  0],[-1 -1  0  0 -1 -1  1  0 -2],[ 0  0  0  0  0  0  1  0  0],[ 1  0  1  0  0  1  1  1  1],[ 0  0  1  0 -1  0  0  0 -1],[-1 -2 -1 -1 -1  0  0  1 -1],[-1  0  0  0 -1  0 -1  0 -1],[ 1  0  2  0 -1  1  1  1  0]]","[[ 0  1  1  1  0  0 -1 -1 -1],[-1  0  1  0  0 -1 -1 -1 -2],[-1 -1  0  1 -1  0 -1 -2 -1],[-1  0 -1  0  0  0 -1  0 -1],[ 0  0  1  0  0  0  0  0  0],[ 0  1  0  0  0  0 -1  0 -1],[ 1  1  1  1  0  1  0  0  1],[ 1  1  2  0  0  0  0  0  0],[ 1  2  1  1  0  1 -1  0  0]]",True,"[-1,-1,-1,0,0,1,1,1,-1,0,0,1,1,1,2,-1,1,0,1,2,1,0,0,1,0,1,0,0,0,0,1,0,1,0,-1,0]","[-1,-1,-1,0,0,1,1,1,-1,0,0,1,1,1,1,0,0,1,0,1,1,1,1,1,0,2,0,0,1,1,1,0,1,-1,0,-1]",t^8+21t^6+84t^4+11t^2,"[-1,-1,-1,0,0,1,1,1,-1,0,0,1,1,1,1,0,0,1,0,1,1,1,1,1,0,2,0,0,1,1,1,0,1,-1,0,-1]","[-1,-1,-1,0,0,1,1,1,-1,0,1,1,1,1,2,-1,0,1,1,1,0,1,0,0,1,1,0,1,1,1,0,0,1,-1,0,0]","[-1,-1,-1,0,0,1,1,1,-1,0,0,1,1,1,2,0,0,1,1,1,1,0,0,0,2,1,0,0,1,0,0,0,1,-1,0,-1]",c,"[[{8, 2}, {1, 7}, {4, 6}, {3, 5}]]",0,8 K_1^3 - 32 K_1^2 - 16 K_1 K_2 + 2 K_1 + 16 K_2 + 6 K_3 + 17,O1O2O3U2O4U5U4U6O7O8U3O5U7U1O6U8,O1O2O3U2O4U5U4U6O7U1O6O8U3O5U7U8,O1O2O3U4U5O6U1O4O7U3O5U7U8U6O8U2,c,{'O1O2O3U4O5U3U6O7U1O4O6U5U8U7O8U2'},1,"<a href=""/flatknot/8.1101541"">8.1101541</a>",t^9-21t^7-28t^6+48t^5+62t^4-21t^3-6t^2+12t,0,,
8.1101542,O1O2O3U4O5U3U6O7U1O4O6U8U5U7O8U2,4,3z^3+37z^2+105z+87,3w^4z^3+37w^3z^2+105w^2z+87w,False,False,"[[ 0 -1  1  0 -1  1  1  1 -2],[ 1  0  1  0  0  0  2  0 -1],[-1 -1  0  0 -1  0  1  0 -3],[ 0  0  0  0  0  0  1  0 -1],[ 1  0  1  0  0  2  1  1  1],[-1  0  0  0 -2  0 -1  0 -2],[-1 -2 -1 -1 -1  1  0  1 -2],[-1  0  0  0 -1  0 -1  0 -1],[ 2  1  3  1 -1  2  2  1  0]]","[[ 0  1  1  1  1  0 -1 -1 -2],[-1  0  1  1 -1 -1 -1 -2 -2],[-1 -1  0  0  0  0 -1  0 -1],[-1 -1  0  0  0  0 -2  0 -2],[-1  1  0  0  0  0 -1 -1 -3],[ 0  1  0  0  0  0  0  0 -1],[ 1  1  1  2  1  0  0  0  1],[ 1  2  0  0  1  0  0  0 -1],[ 2  2  1  2  3  1 -1  1  0]]",True,"[-1,-1,-1,-1,0,1,1,2,-1,-1,1,1,1,2,2,0,0,0,1,0,1,0,0,2,0,2,0,1,1,3,0,0,1,0,-1,1]","[-2,-1,-1,0,1,1,1,1,-1,1,1,1,2,2,3,0,0,1,1,2,1,0,0,2,0,1,0,1,0,0,-1,0,0,1,-1,0]",t^8+37t^6+223t^4+42t^2+1,"[-2,-1,-1,0,1,1,1,1,0,2,1,0,1,1,2,0,1,1,0,2,2,1,1,1,0,1,1,0,1,1,-1,0,0,-1,-1,0]","[-1,-1,-1,-1,0,1,1,2,-1,0,0,1,0,2,1,-1,1,0,1,0,1,0,1,1,1,0,1,1,2,2,1,1,1,0,2,0]","[-2,-1,-1,0,1,1,1,1,-1,1,1,1,2,2,3,0,0,1,1,2,1,0,0,2,0,1,0,1,0,0,-1,0,0,1,-1,0]",c,"[[{8, 1}, {2, 7}, {3, 6}, {4, 5}], [{8, 1}, {2, 7}, {4, 6}, {3, 5}], [{8, 1}, {2, 7}, {5, 6}, {3, 4}], [{8, 1}, {3, 7}, {2, 6}, {4, 5}], [{8, 1}, {3, 7}, {4, 6}, {2, 5}], [{8, 1}, {3, 7}, {5, 6}, {2, 4}], [{8, 1}, {3, 7}, {6}, {4, 5}, {2}], [{8, 1}, {4, 7}, {2, 6}, {3, 5}], [{8, 1}, {4, 7}, {3, 6}, {2, 5}], [{8, 1}, {4, 7}, {5, 6}, {2, 3}], [{8, 1}, {5, 7}, {2, 6}, {3, 4}], [{8, 1}, {5, 7}, {3, 6}, {2, 4}], [{8, 1}, {5, 7}, {4, 6}, {2, 3}], [{8, 1}, {5, 7}, {4, 6}, {3}, {2}], [{8, 1}, {6, 7}, {2, 5}, {3, 4}], [{8, 1}, {6, 7}, {3, 5}, {2, 4}], [{8, 1}, {6, 7}, {4, 5}, {2, 3}], [{8, 1}, {7}, {3, 6}, {5}, {2, 4}], [{8, 2}, {1, 7}, {3, 6}, {4, 5}], [{8, 2}, {1, 7}, {4, 6}, {3, 5}], [{8, 2}, {1, 7}, {5, 6}, {3, 4}], [{8, 2}, {1, 7}, {6}, {3, 5}, {4}], [{8, 2}, {1, 7}, {6}, {4, 5}, {3}], [{8, 2}, {1, 7}, {6}, {5}, {3, 4}], [{8, 2}, {3, 7}, {1, 6}, {4, 5}], [{8, 2}, {3, 7}, {4, 6}, {1, 5}], [{8, 2}, {3, 7}, {5, 6}, {1, 4}], [{8, 2}, {3, 7}, {6}, {5}, {1, 4}], [{8, 2}, {4, 7}, {1, 6}, {3, 5}], [{8, 2}, {4, 7}, {3, 6}, {1, 5}], [{8, 2}, {4, 7}, {5, 6}, {1, 3}], [{8, 2}, {4, 7}, {6}, {1, 5}, {3}], [{8, 2}, {4, 7}, {6}, {3, 5}, {1}], [{8, 2}, {4, 7}, {6}, {5}, {1, 3}], [{8, 2}, {5, 7}, {1, 6}, {3, 4}], [{8, 2}, {5, 7}, {3, 6}, {1, 4}], [{8, 2}, {5, 7}, {4, 6}, {1, 3}], [{8, 2}, {5, 7}, {6}, {1, 4}, {3}], [{8, 2}, {6, 7}, {1, 5}, {3, 4}], [{8, 2}, {6, 7}, {3, 5}, {1, 4}], [{8, 2}, {6, 7}, {3, 5}, {4}, {1}], [{8, 2}, {6, 7}, {4, 5}, {1, 3}], [{8, 2}, {7}, {1, 6}, {3, 5}, {4}], [{8, 2}, {7}, {4, 6}, {3, 5}, {1}], [{8, 2}, {7}, {5, 6}, {3, 4}, {1}], [{8, 2}, {7}, {6}, {3, 5}, {1, 4}], [{8, 3}, {1, 7}, {2, 6}, {4, 5}], [{8, 3}, {1, 7}, {2, 6}, {5}, {4}], [{8, 3}, {1, 7}, {4, 6}, {2, 5}], [{8, 3}, {1, 7}, {5, 6}, {2, 4}], [{8, 3}, {1, 7}, {5, 6}, {4}, {2}], [{8, 3}, {1, 7}, {6}, {2, 5}, {4}], [{8, 3}, {2, 7}, {1, 6}, {4, 5}], [{8, 3}, {2, 7}, {4, 6}, {1, 5}], [{8, 3}, {2, 7}, {5, 6}, {1, 4}], [{8, 3}, {4, 7}, {1, 6}, {2, 5}], [{8, 3}, {4, 7}, {2, 6}, {1, 5}], [{8, 3}, {4, 7}, {5, 6}, {1, 2}], [{8, 3}, {4, 7}, {6}, {2, 5}, {1}], [{8, 3}, {5, 7}, {1, 6}, {2, 4}], [{8, 3}, {5, 7}, {2, 6}, {1, 4}], [{8, 3}, {5, 7}, {4, 6}, {1, 2}], [{8, 3}, {6, 7}, {1, 5}, {2, 4}], [{8, 3}, {6, 7}, {2, 5}, {1, 4}], [{8, 3}, {6, 7}, {2, 5}, {4}, {1}], [{8, 3}, {6, 7}, {4, 5}, {1, 2}], [{8, 3}, {7}, {1, 6}, {2, 5}, {4}], [{8, 3}, {7}, {4, 6}, {2, 5}, {1}], [{8, 3}, {7}, {6}, {2, 5}, {1, 4}], [{8, 4}, {1, 7}, {2, 6}, {3, 5}], [{8, 4}, {1, 7}, {3, 6}, {2, 5}], [{8, 4}, {1, 7}, {5, 6}, {2, 3}], [{8, 4}, {2, 7}, {1, 6}, {3, 5}], [{8, 4}, {2, 7}, {3, 6}, {1, 5}], [{8, 4}, {2, 7}, {5, 6}, {1, 3}], [{8, 4}, {3, 7}, {1, 6}, {2, 5}], [{8, 4}, {3, 7}, {2, 6}, {1, 5}], [{8, 4}, {3, 7}, {5, 6}, {1, 2}], [{8, 4}, {5, 7}, {1, 6}, {2, 3}], [{8, 4}, {5, 7}, {1, 6}, {3}, {2}], [{8, 4}, {5, 7}, {2, 6}, {1, 3}], [{8, 4}, {5, 7}, {3, 6}, {1, 2}], [{8, 4}, {6, 7}, {1, 5}, {2, 3}], [{8, 4}, {6, 7}, {2, 5}, {1, 3}], [{8, 4}, {6, 7}, {3, 5}, {1, 2}], [{8, 5}, {1, 7}, {2, 6}, {3, 4}], [{8, 5}, {1, 7}, {3, 6}, {2, 4}], [{8, 5}, {1, 7}, {4, 6}, {2, 3}], [{8, 5}, {1, 7}, {6}, {2, 4}, {3}], [{8, 5}, {2, 7}, {1, 6}, {3, 4}], [{8, 5}, {2, 7}, {3, 6}, {1, 4}], [{8, 5}, {2, 7}, {4, 6}, {1, 3}], [{8, 5}, {3, 7}, {1, 6}, {2, 4}], [{8, 5}, {3, 7}, {2, 6}, {1, 4}], [{8, 5}, {3, 7}, {4, 6}, {1, 2}], [{8, 5}, {4, 7}, {1, 6}, {2, 3}], [{8, 5}, {4, 7}, {2, 6}, {1, 3}], [{8, 5}, {4, 7}, {3, 6}, {1, 2}], [{8, 5}, {4, 7}, {6}, {3}, {1, 2}], [{8, 5}, {6, 7}, {1, 4}, {2, 3}], [{8, 5}, {6, 7}, {1, 4}, {3}, {2}], [{8, 5}, {6, 7}, {2, 4}, {1, 3}], [{8, 5}, {6, 7}, {3, 4}, {1, 2}], [{8, 5}, {7}, {4, 6}, {1, 3}, {2}], [{8, 6}, {1, 7}, {2, 5}, {3, 4}], [{8, 6}, {1, 7}, {2, 5}, {4}, {3}], [{8, 6}, {1, 7}, {3, 5}, {2, 4}], [{8, 6}, {1, 7}, {4, 5}, {2, 3}], [{8, 6}, {1, 7}, {4, 5}, {3}, {2}], [{8, 6}, {1, 7}, {5}, {2, 4}, {3}], [{8, 6}, {2, 7}, {1, 5}, {3, 4}], [{8, 6}, {2, 7}, {1, 5}, {4}, {3}], [{8, 6}, {2, 7}, {3, 5}, {1, 4}], [{8, 6}, {2, 7}, {4, 5}, {1, 3}], [{8, 6}, {2, 7}, {4, 5}, {3}, {1}], [{8, 6}, {2, 7}, {5}, {1, 4}, {3}], [{8, 6}, {3, 7}, {1, 5}, {2, 4}], [{8, 6}, {3, 7}, {2, 5}, {1, 4}], [{8, 6}, {3, 7}, {4, 5}, {1, 2}], [{8, 6}, {3, 7}, {4, 5}, {2}, {1}], [{8, 6}, {3, 7}, {5}, {4}, {1, 2}], [{8, 6}, {4, 7}, {1, 5}, {2, 3}], [{8, 6}, {4, 7}, {1, 5}, {3}, {2}], [{8, 6}, {4, 7}, {2, 5}, {1, 3}], [{8, 6}, {4, 7}, {2, 5}, {3}, {1}], [{8, 6}, {4, 7}, {3, 5}, {1, 2}], [{8, 6}, {4, 7}, {5}, {3}, {1, 2}], [{8, 6}, {5, 7}, {1, 4}, {2, 3}], [{8, 6}, {5, 7}, {1, 4}, {3}, {2}], [{8, 6}, {5, 7}, {2, 4}, {1, 3}], [{8, 6}, {5, 7}, {2, 4}, {3}, {1}], [{8, 6}, {5, 7}, {3, 4}, {1, 2}], [{8, 6}, {5, 7}, {4}, {3}, {1, 2}], [{8, 6}, {7}, {1, 5}, {2, 4}, {3}], [{8, 6}, {7}, {2, 5}, {1, 4}, {3}], [{8, 6}, {7}, {3, 5}, {4}, {1, 2}], [{8, 6}, {7}, {4, 5}, {1, 3}, {2}], [{8, 6}, {7}, {4, 5}, {2, 3}, {1}], [{8, 6}, {7}, {4, 5}, {3}, {1, 2}], [{8, 6}, {7}, {4, 5}, {3}, {2}, {1}], [{8, 6}, {7}, {5}, {3, 4}, {1, 2}], [{8, 6}, {7}, {5}, {4}, {3}, {1, 2}], [{8, 7}, {1, 6}, {2, 5}, {3, 4}], [{8, 7}, {1, 6}, {3, 5}, {2, 4}], [{8, 7}, {1, 6}, {4, 5}, {2, 3}], [{8, 7}, {2, 6}, {1, 5}, {3, 4}], [{8, 7}, {2, 6}, {3, 5}, {1, 4}], [{8, 7}, {2, 6}, {4, 5}, {1, 3}], [{8, 7}, {3, 6}, {1, 5}, {2, 4}], [{8, 7}, {3, 6}, {2, 5}, {1, 4}], [{8, 7}, {3, 6}, {4, 5}, {1, 2}], [{8, 7}, {4, 6}, {1, 5}, {2, 3}], [{8, 7}, {4, 6}, {2, 5}, {1, 3}], [{8, 7}, {4, 6}, {3, 5}, {1, 2}], [{8, 7}, {5, 6}, {1, 4}, {2, 3}], [{8, 7}, {5, 6}, {1, 4}, {3}, {2}], [{8, 7}, {5, 6}, {2, 4}, {1, 3}], [{8, 7}, {5, 6}, {3, 4}, {1, 2}], [{8, 7}, {6}, {1, 5}, {2, 4}, {3}], [{8, 7}, {6}, {4, 5}, {1, 3}, {2}], [{8, 7}, {6}, {4, 5}, {2, 3}, {1}], [{8, 7}, {6}, {4, 5}, {3}, {1, 2}], [{8}, {1, 7}, {2, 6}, {4, 5}, {3}], [{8}, {1, 7}, {3, 6}, {2, 5}, {4}], [{8}, {1, 7}, {5, 6}, {2, 4}, {3}], [{8}, {3, 7}, {1, 6}, {4, 5}, {2}], [{8}, {3, 7}, {2, 6}, {1, 5}, {4}], [{8}, {4, 7}, {2, 6}, {1, 5}, {3}], [{8}, {4, 7}, {3, 6}, {2, 5}, {1}], [{8}, {4, 7}, {5, 6}, {3}, {1, 2}], [{8}, {5, 7}, {2, 6}, {1, 4}, {3}], [{8}, {6, 7}, {1, 5}, {2, 4}, {3}], [{8}, {6, 7}, {4, 5}, {1, 3}, {2}], [{8}, {6, 7}, {4, 5}, {2, 3}, {1}], [{8}, {6, 7}, {4, 5}, {3}, {1, 2}], [{8}, {7}, {2, 6}, {1, 5}, {3, 4}], [{8}, {7}, {3, 6}, {2, 5}, {1, 4}]]",2,16 K_1^3 - 10 K_1^2 - 12 K_1 K_2 - 6 K_1 + 5 K_2 + 2 K_3 + 6,O1O2O3U2O4U5U6U4O7O8U3O5U7U1O6U8,O1O2O3U1O4U5U4U6O7U2O6O8U3O5U7U8,O1O2O3U4U5O6U1O4O7U2O5U7U8U6O8U3,c,{'O1O2O3U4O5U3U6O7U1O4O6U8U5U7O8U2'},1,"<a href=""/flatknot/8.1101542"">8.1101542</a>",t^9-39t^7-76t^6+90t^5+146t^4-56t^3+18t^2-4t-2,t^2-2t,,
8.1101543,O1O2O3U4O5U3U6O7U1O4O6U8U7U5O8U2,3,14z^2+67z+79,14w^3z^2-4w^3z+71w^2z+79w,False,False,"[[ 0 -1  1  0 -1  2  1  0 -2],[ 1  0  1  0  0  1  2 -1 -1],[-1 -1  0  0 -1  1  1 -1 -3],[ 0  0  0  0  0  0  1 -1 -1],[ 1  0  1  0  0  2  1  1  1],[-2 -1 -1  0 -2  0 -1 -1 -3],[-1 -2 -1 -1 -1  1  0  0 -2],[ 0  1  1  1 -1  1  0  0  0],[ 2  1  3  1 -1  3  2  0  0]]","[[ 0  2  1  1  0  0 -1 -1 -2],[-2  0 -1 -1  0 -1 -1 -2 -3],[-1  1  0  1  0 -1 -1 -1 -3],[-1  1 -1  0 -1  0 -2 -1 -2],[ 0  0  0  1  0 -1  0  0 -1],[ 0  1  1  0  1  0  1 -1  0],[ 1  1  1  2  0 -1  0  0 -1],[ 1  2  1  1  0  1  0  0  1],[ 2  3  3  2  1  0  1 -1  0]]",True,"[-2,-1,-1,0,0,1,1,2,1,1,0,1,1,2,3,-1,0,1,1,1,3,1,0,2,1,2,1,0,0,1,-1,1,0,0,1,-1]","[-2,-1,-1,0,0,1,1,2,-1,1,0,1,2,3,3,0,1,0,1,1,2,-1,0,2,1,1,1,0,1,1,1,0,0,-1,1,1]",t^8+46t^6+259t^4+39t^2,"[-2,-1,-1,0,0,1,1,2,0,2,1,2,0,1,1,0,1,2,1,0,2,1,0,1,1,1,1,1,0,2,0,1,1,-1,0,0]","[-2,-1,-1,0,0,1,1,2,0,0,1,2,1,2,1,-1,1,0,1,0,1,0,1,1,1,0,1,0,2,2,1,1,1,0,2,0]","[-2,-1,-1,0,0,1,1,2,-1,1,0,1,2,3,3,0,1,0,1,1,2,-1,0,2,1,1,1,0,1,1,1,0,0,-1,1,1]",c,"[[{8, 2}, {1, 7}, {4, 6}, {3, 5}], [{8, 2}, {1, 7}, {5, 6}, {3, 4}]]",1,16 K_1^3 - 16 K_1^2 - 16 K_1 K_2 - 4 K_1 + 8 K_2 + 4 K_3 + 9,O1O2O3U2O4U5U6U4O7O8U3O6U7U1O5U8,O1O2O3U1O4U5U4U6O7U3O6O8U2O5U7U8,O1O2O3U4U5O6U2O4O7U1O5U7U8U6O8U3,c,{'O1O2O3U4O5U3U6O7U1O4O6U8U7U5O8U2'},1,"<a href=""/flatknot/8.1101543"">8.1101543</a>",t^9-46t^7-120t^6+23t^5+140t^4-21t^3-28t^2,0,,
8.1101544,O1O2O3U4O5U3U6O7U2O4O6U1U8U5O8U7,4,3z^3+30z^2+106z+117,3w^4z^3+30w^3z^2+106w^2z+117w,False,False,"[[ 0 -2  0  0 -1  2  1  1 -1],[ 2  0  2  1 -1  2  2  1  1],[ 0 -2  0  0 -1  0  1  0 -1],[ 0 -1  0  0  0  0  1  0 -1],[ 1  1  1  0  0  3  1  1  1],[-2 -2  0  0 -3  0 -2 -1 -2],[-1 -2 -1 -1 -1  2  0  1 -2],[-1 -1  0  0 -1  1 -1  0 -1],[ 1 -1  1  1 -1  2  2  1  0]]","[[ 0  2  1  1  0  0 -1 -1 -2],[-2  0 -1 -2  0  0 -2 -3 -2],[-1  1  0 -1  0  0 -1 -1 -1],[-1  2  1  0 -1 -1 -2 -1 -2],[ 0  0  0  1  0  0 -1  0 -1],[ 0  0  0  1  0  0 -1 -1 -2],[ 1  2  1  2  1  1  0 -1 -1],[ 1  3  1  1  0  1  1  0  1],[ 2  2  1  2  1  2  1 -1  0]]",True,"[-2,-1,-1,0,0,1,1,2,1,2,0,0,2,3,2,1,0,0,1,1,1,1,1,2,1,2,0,1,0,1,1,1,2,1,1,-1]","[-2,-1,-1,0,0,1,1,2,-1,0,2,2,0,1,2,1,0,0,1,0,1,1,1,1,1,2,0,0,0,0,1,0,1,1,2,0]",t^8+48t^6+330t^4+128t^2+9,"[-2,-1,-1,0,0,1,1,2,0,2,0,1,1,2,2,1,0,0,0,1,1,0,1,1,1,0,0,0,1,2,0,1,2,-1,-1,0]","[-2,-1,-1,0,0,1,1,2,-1,0,2,2,0,1,2,1,0,0,1,0,1,1,1,1,1,2,0,0,0,0,1,0,1,1,2,0]","[-2,-1,-1,0,0,1,1,2,-1,1,1,2,1,2,2,1,0,1,1,1,3,1,1,1,2,2,0,0,1,0,0,1,0,-1,1,2]",c,"[[{8, 5}, {1, 7}, {3, 6}, {2, 4}]]",1,12 K_1^3 - 8 K_1^2 - 8 K_1 K_2 - 5 K_1 + 4 K_2 + K_3 + 5,O1O2O3U4O5U6U5U3O7O8U2O4U7U1O6U8,O1O2O3U2O4U1U5U6O7U3O6O8U4O5U7U8,O1O2O3U4U5O6U7O4O8U1O5U8U6U3O7U2,c,{'O1O2O3U4O5U3U6O7U2O4O6U1U8U5O8U7'},1,"<a href=""/flatknot/8.1101544"">8.1101544</a>",t^9-48t^7-158t^6-108t^5+50t^4-76t^3-144t^2+23t+34,0,,
8.1101545,O1O2O3U4O5U3U6O7U2O4O6U1U8U7O8U5,4,16z^2+101z+139,16w^3z^2+101w^2z+139w,False,False,"[[ 0 -2  0  0 -1  2  1  1 -1],[ 2  0  2  1 -1  3  2  0  1],[ 0 -2  0  0 -1  1  1 -1 -1],[ 0 -1  0  0  0  0  1 -1  0],[ 1  1  1  0  0  2  1  2  1],[-2 -3 -1  0 -2  0 -1  0 -3],[-1 -2 -1 -1 -1  1  0  1 -1],[-1  0  1  1 -2  0 -1  0 -1],[ 1 -1  1  0 -1  3  1  1  0]]","[[ 0  2  1  1  0  0 -1 -1 -2],[-2  0  0 -1  0 -1 -2 -3 -3],[-1  0  0 -1  1  1 -2 -1  0],[-1  1  1  0 -1 -1 -1 -1 -2],[ 0  0 -1  1  0  0  0  0 -1],[ 0  1 -1  1  0  0 -1 -1 -2],[ 1  2  2  1  0  1  0  1  1],[ 1  3  1  1  0  1 -1  0 -1],[ 2  3  0  2  1  2 -1  1  0]]",True,"[-2,-1,-1,0,0,1,1,2,0,1,0,1,2,3,3,1,-1,-1,2,1,0,1,1,1,1,2,0,0,0,1,1,1,2,-1,-1,1]","[-2,-1,-1,0,0,1,1,2,-1,1,1,2,0,2,3,1,0,1,2,1,2,0,1,1,1,3,0,-1,1,0,-1,1,1,-1,0,1]",t^8+50t^6+372t^4+113t^2+4,"[-2,-1,-1,0,0,1,1,2,0,2,0,1,1,3,1,1,0,1,1,1,0,0,1,1,0,1,0,0,2,1,0,2,2,-1,0,1]","[-2,-1,-1,0,0,1,1,2,0,1,1,2,0,1,1,1,0,0,1,1,1,2,2,1,0,3,0,0,0,0,1,1,1,-1,0,2]","[-2,-1,-1,0,0,1,1,2,-1,1,1,2,0,2,3,1,0,1,2,1,2,0,1,1,1,3,0,-1,1,0,-1,1,1,-1,0,1]",c,"[[{8, 1}, {2, 7}, {3, 6}, {4, 5}], [{8, 1}, {2, 7}, {4, 6}, {3, 5}], [{8, 1}, {2, 7}, {5, 6}, {3, 4}], [{8, 1}, {3, 7}, {2, 6}, {4, 5}], [{8, 1}, {3, 7}, {4, 6}, {2, 5}], [{8, 1}, {3, 7}, {5, 6}, {2, 4}], [{8, 1}, {4, 7}, {2, 6}, {3, 5}], [{8, 1}, {4, 7}, {3, 6}, {2, 5}], [{8, 1}, {4, 7}, {5, 6}, {2, 3}], [{8, 1}, {5, 7}, {2, 6}, {3, 4}], [{8, 1}, {5, 7}, {3, 6}, {2, 4}], [{8, 1}, {5, 7}, {4, 6}, {2, 3}], [{8, 1}, {6, 7}, {2, 5}, {3, 4}], [{8, 1}, {6, 7}, {3, 5}, {2, 4}], [{8, 1}, {6, 7}, {4, 5}, {2, 3}], [{8, 1}, {6, 7}, {4, 5}, {3}, {2}], [{8, 1}, {7}, {3, 6}, {5}, {2, 4}], [{8, 1}, {7}, {4, 6}, {3, 5}, {2}], [{8, 1}, {7}, {6}, {4, 5}, {2, 3}], [{8, 2}, {1, 7}, {3, 6}, {4, 5}], [{8, 2}, {1, 7}, {4, 6}, {3, 5}], [{8, 2}, {1, 7}, {5, 6}, {3, 4}], [{8, 2}, {3, 7}, {1, 6}, {4, 5}], [{8, 2}, {3, 7}, {1, 6}, {5}, {4}], [{8, 2}, {3, 7}, {4, 6}, {1, 5}], [{8, 2}, {3, 7}, {5, 6}, {1, 4}], [{8, 2}, {4, 7}, {1, 6}, {3, 5}], [{8, 2}, {4, 7}, {3, 6}, {1, 5}], [{8, 2}, {4, 7}, {5, 6}, {1, 3}], [{8, 2}, {5, 7}, {1, 6}, {3, 4}], [{8, 2}, {5, 7}, {3, 6}, {1, 4}], [{8, 2}, {5, 7}, {4, 6}, {1, 3}], [{8, 2}, {6, 7}, {1, 5}, {3, 4}], [{8, 2}, {6, 7}, {3, 5}, {1, 4}], [{8, 2}, {6, 7}, {4, 5}, {1, 3}], [{8, 2}, {6, 7}, {4, 5}, {3}, {1}], [{8, 2}, {7}, {4, 6}, {1, 5}, {3}], [{8, 3}, {1, 7}, {2, 6}, {4, 5}], [{8, 3}, {1, 7}, {4, 6}, {2, 5}], [{8, 3}, {1, 7}, {5, 6}, {2, 4}], [{8, 3}, {1, 7}, {6}, {5}, {2, 4}], [{8, 3}, {2, 7}, {1, 6}, {4, 5}], [{8, 3}, {2, 7}, {1, 6}, {5}, {4}], [{8, 3}, {2, 7}, {4, 6}, {1, 5}], [{8, 3}, {2, 7}, {5, 6}, {1, 4}], [{8, 3}, {2, 7}, {6}, {4, 5}, {1}], [{8, 3}, {4, 7}, {1, 6}, {2, 5}], [{8, 3}, {4, 7}, {2, 6}, {1, 5}], [{8, 3}, {4, 7}, {5, 6}, {1, 2}], [{8, 3}, {4, 7}, {6}, {5}, {1, 2}], [{8, 3}, {5, 7}, {1, 6}, {2, 4}], [{8, 3}, {5, 7}, {2, 6}, {1, 4}], [{8, 3}, {5, 7}, {4, 6}, {1, 2}], [{8, 3}, {5, 7}, {6}, {1, 4}, {2}], [{8, 3}, {6, 7}, {1, 5}, {2, 4}], [{8, 3}, {6, 7}, {2, 5}, {1, 4}], [{8, 3}, {6, 7}, {4, 5}, {1, 2}], [{8, 4}, {1, 7}, {2, 6}, {3, 5}], [{8, 4}, {1, 7}, {3, 6}, {2, 5}], [{8, 4}, {1, 7}, {5, 6}, {2, 3}], [{8, 4}, {2, 7}, {1, 6}, {3, 5}], [{8, 4}, {2, 7}, {3, 6}, {1, 5}], [{8, 4}, {2, 7}, {5, 6}, {1, 3}], [{8, 4}, {2, 7}, {6}, {3, 5}, {1}], [{8, 4}, {3, 7}, {1, 6}, {2, 5}], [{8, 4}, {3, 7}, {2, 6}, {1, 5}], [{8, 4}, {3, 7}, {5, 6}, {1, 2}], [{8, 4}, {5, 7}, {1, 6}, {2, 3}], [{8, 4}, {5, 7}, {1, 6}, {3}, {2}], [{8, 4}, {5, 7}, {2, 6}, {1, 3}], [{8, 4}, {5, 7}, {3, 6}, {1, 2}], [{8, 4}, {6, 7}, {1, 5}, {2, 3}], [{8, 4}, {6, 7}, {2, 5}, {1, 3}], [{8, 4}, {6, 7}, {3, 5}, {1, 2}], [{8, 4}, {7}, {1, 6}, {5}, {2, 3}], [{8, 5}, {1, 7}, {2, 6}, {3, 4}], [{8, 5}, {1, 7}, {3, 6}, {2, 4}], [{8, 5}, {1, 7}, {4, 6}, {2, 3}], [{8, 5}, {1, 7}, {6}, {3, 4}, {2}], [{8, 5}, {2, 7}, {1, 6}, {3, 4}], [{8, 5}, {2, 7}, {3, 6}, {1, 4}], [{8, 5}, {2, 7}, {4, 6}, {1, 3}], [{8, 5}, {3, 7}, {1, 6}, {2, 4}], [{8, 5}, {3, 7}, {2, 6}, {1, 4}], [{8, 5}, {3, 7}, {4, 6}, {1, 2}], [{8, 5}, {3, 7}, {6}, {2, 4}, {1}], [{8, 5}, {4, 7}, {1, 6}, {2, 3}], [{8, 5}, {4, 7}, {2, 6}, {1, 3}], [{8, 5}, {4, 7}, {3, 6}, {1, 2}], [{8, 5}, {6, 7}, {1, 4}, {2, 3}], [{8, 5}, {6, 7}, {1, 4}, {3}, {2}], [{8, 5}, {6, 7}, {2, 4}, {1, 3}], [{8, 5}, {6, 7}, {3, 4}, {1, 2}], [{8, 5}, {6, 7}, {3, 4}, {2}, {1}], [{8, 5}, {6, 7}, {4}, {1, 3}, {2}], [{8, 5}, {7}, {1, 6}, {2, 4}, {3}], [{8, 5}, {7}, {1, 6}, {3, 4}, {2}], [{8, 5}, {7}, {1, 6}, {4}, {2, 3}], [{8, 6}, {1, 7}, {2, 5}, {3, 4}], [{8, 6}, {1, 7}, {3, 5}, {2, 4}], [{8, 6}, {1, 7}, {4, 5}, {2, 3}], [{8, 6}, {1, 7}, {5}, {2, 4}, {3}], [{8, 6}, {2, 7}, {1, 5}, {3, 4}], [{8, 6}, {2, 7}, {3, 5}, {1, 4}], [{8, 6}, {2, 7}, {4, 5}, {1, 3}], [{8, 6}, {2, 7}, {5}, {1, 4}, {3}], [{8, 6}, {2, 7}, {5}, {3, 4}, {1}], [{8, 6}, {2, 7}, {5}, {4}, {1, 3}], [{8, 6}, {3, 7}, {1, 5}, {2, 4}], [{8, 6}, {3, 7}, {2, 5}, {1, 4}], [{8, 6}, {3, 7}, {4, 5}, {1, 2}], [{8, 6}, {3, 7}, {5}, {2, 4}, {1}], [{8, 6}, {4, 7}, {1, 5}, {2, 3}], [{8, 6}, {4, 7}, {1, 5}, {3}, {2}], [{8, 6}, {4, 7}, {2, 5}, {1, 3}], [{8, 6}, {4, 7}, {3, 5}, {1, 2}], [{8, 6}, {4, 7}, {3, 5}, {2}, {1}], [{8, 6}, {4, 7}, {5}, {1, 3}, {2}], [{8, 6}, {5, 7}, {1, 4}, {2, 3}], [{8, 6}, {5, 7}, {2, 4}, {1, 3}], [{8, 6}, {5, 7}, {3, 4}, {1, 2}], [{8, 6}, {5, 7}, {4}, {1, 3}, {2}], [{8, 6}, {7}, {2, 5}, {4}, {1, 3}], [{8, 6}, {7}, {4, 5}, {1, 3}, {2}], [{8, 6}, {7}, {4, 5}, {2, 3}, {1}], [{8, 6}, {7}, {4, 5}, {3}, {1, 2}], [{8, 6}, {7}, {5}, {2, 4}, {1, 3}], [{8, 6}, {7}, {5}, {4}, {1, 3}, {2}], [{8, 7}, {1, 6}, {2, 5}, {3, 4}], [{8, 7}, {1, 6}, {3, 5}, {2, 4}], [{8, 7}, {1, 6}, {4, 5}, {2, 3}], [{8, 7}, {2, 6}, {1, 5}, {3, 4}], [{8, 7}, {2, 6}, {3, 5}, {1, 4}], [{8, 7}, {2, 6}, {4, 5}, {1, 3}], [{8, 7}, {3, 6}, {1, 5}, {2, 4}], [{8, 7}, {3, 6}, {1, 5}, {4}, {2}], [{8, 7}, {3, 6}, {2, 5}, {1, 4}], [{8, 7}, {3, 6}, {4, 5}, {1, 2}], [{8, 7}, {3, 6}, {5}, {2, 4}, {1}], [{8, 7}, {4, 6}, {1, 5}, {2, 3}], [{8, 7}, {4, 6}, {1, 5}, {3}, {2}], [{8, 7}, {4, 6}, {2, 5}, {1, 3}], [{8, 7}, {4, 6}, {3, 5}, {1, 2}], [{8, 7}, {5, 6}, {1, 4}, {2, 3}], [{8, 7}, {5, 6}, {2, 4}, {1, 3}], [{8, 7}, {5, 6}, {3, 4}, {1, 2}], [{8, 7}, {5, 6}, {4}, {1, 3}, {2}], [{8, 7}, {6}, {1, 5}, {3, 4}, {2}], [{8, 7}, {6}, {4, 5}, {3}, {1, 2}], [{8, 7}, {6}, {5}, {1, 4}, {2, 3}], [{8}, {1, 7}, {2, 6}, {3, 5}, {4}], [{8}, {1, 7}, {3, 6}, {5}, {2, 4}], [{8}, {2, 7}, {1, 6}, {4, 5}, {3}], [{8}, {2, 7}, {4, 6}, {1, 5}, {3}], [{8}, {3, 7}, {1, 6}, {4, 5}, {2}], [{8}, {3, 7}, {2, 6}, {5}, {1, 4}], [{8}, {3, 7}, {5, 6}, {2, 4}, {1}], [{8}, {6, 7}, {3, 5}, {2, 4}, {1}], [{8}, {6, 7}, {4, 5}, {3}, {1, 2}], [{8}, {7}, {1, 6}, {4, 5}, {2, 3}]]",2,16 K_1^3 - 40 K_1^2 - 16 K_1 K_2 - 4 K_1 + 20 K_2 + 4 K_3 + 21,O1O2O3U4O5U6U5U3O7O8U2O6U7U1O4U8,O1O2O3U2O4U1U5U6O7U4O6O8U3O5U7U8,O1O2O3U4U5O6U1O4O7U8O5U7U6U3O8U2,c,{'O1O2O3U4O5U3U6O7U2O4O6U1U8U7O8U5'},1,"<a href=""/flatknot/8.1101545"">8.1101545</a>",t^9-50t^7-150t^6+20t^5+402t^4+265t^3-98t^2-125t-70,0,,
8.1101546,O1O2O3U4O5U3U6O7U2O4O6U5U8U1O8U7,3,16z^2+85z+107,16w^3z^2+85w^2z+107w,False,False,"[[ 0  0  0  0 -1  0  1  1 -1],[ 0  0  1  0 -2  1  0  0  0],[ 0 -1  0  0 -1  0  1  0  0],[ 0  0  0  0  0  0  1  0  0],[ 1  2  1  0  0  1  1  1  0],[ 0 -1  0  0 -1  0  0  0  0],[-1  0 -1 -1 -1  0  0  1 -2],[-1  0  0  0 -1  0 -1  0 -1],[ 1  0  0  0  0  0  2  1  0]]","[[ 0  1  0  0  0  0 -1],[-1  0  0  0 -1 -1 -1],[ 0  0  0  1  1  0 -2],[ 0  0 -1  0  0  0 -1],[ 0  1 -1  0  0  0 -1],[ 0  1  0  0  0  0  0],[ 1  1  2  1  1  0  0]]",False,"[-1,0,0,0,0,1,0,0,1,1,1,-1,-1,0,2,0,0,1,0,1,0]","[-1,0,0,0,0,1,-1,0,0,1,1,-1,-1,0,1,0,0,0,0,1,0]",t^6+11t^4+20t^2,"[-1,0,0,0,0,1,-1,0,0,1,1,-1,-1,0,1,0,0,0,0,1,0]","[-1,0,0,0,0,1,0,0,1,1,1,0,-1,0,0,0,0,1,1,-1,0]","[-1,0,0,0,0,1,0,1,1,2,1,0,0,0,1,0,-1,0,-1,1,0]",c,"[[{8, 7}, {1, 6}, {4, 5}, {2, 3}], [{8, 7}, {4, 6}, {1, 5}, {2, 3}], [{8, 7}, {4, 6}, {2, 5}, {1, 3}], [{8, 7}, {4, 6}, {3, 5}, {1, 2}], [{8, 7}, {4, 6}, {3, 5}, {2}, {1}], [{8, 7}, {5, 6}, {1, 4}, {2, 3}]]",1,8 K_1^3 - 16 K_1^2 - 8 K_1 K_2 - 2 K_1 + 8 K_2 + 2 K_3 + 9,O1O2O3U4O5U3U5U6O7O8U2O4U7U1O6U8,O1O2O3U2O4U3U5U6O7U1O6O8U4O5U7U8,O1O2O3U4U5O6U7O4O8U3O5U8U6U1O7U2,c,{'O1O2O3U4O5U3U6O7U2O4O6U5U8U1O8U7'},1,"<a href=""/flatknot/8.1101546"">8.1101546</a>",t^7-11t^5-10t^4+8t^3+4t^2-3t,0,,
8.1101547,O1O2O3U4O5U3U6O7U2O4O6U8U1U5O8U7,4,2z^3+25z^2+96z+109,2w^4z^3+25w^3z^2+96w^2z+109w,False,False,"[[ 0 -1  0  0 -1  2  1  1 -2],[ 1  0  2  1 -2  2  1  0  0],[ 0 -2  0  0 -1  0  1  0 -1],[ 0 -1  0  0  0  0  1  0 -1],[ 1  2  1  0  0  3  1  1  0],[-2 -2  0  0 -3  0 -2 -1 -2],[-1 -1 -1 -1 -1  2  0  1 -3],[-1  0  0  0 -1  1 -1  0 -1],[ 2  0  1  1  0  2  3  1  0]]","[[ 0  2  1  1  0  0 -1 -1 -2],[-2  0 -1 -2  0  0 -2 -3 -2],[-1  1  0 -1  0  0  0 -1 -1],[-1  2  1  0 -1 -1 -1 -1 -3],[ 0  0  0  1  0  0 -1  0 -1],[ 0  0  0  1  0  0 -2 -1 -1],[ 1  2  0  1  1  2  0 -2  0],[ 1  3  1  1  0  1  2  0  0],[ 2  2  1  3  1  1  0  0  0]]",True,"[-2,-1,-1,0,0,1,1,2,1,2,0,0,2,3,2,1,0,0,0,1,1,1,1,1,1,3,0,1,0,1,2,1,1,2,0,0]","[-2,-1,-1,0,0,1,1,2,-1,0,2,2,0,1,2,1,0,0,1,1,0,1,1,1,2,2,0,0,-1,1,1,0,1,2,1,1]",t^8+50t^6+448t^4+103t^2+1,"[-2,-1,-1,0,0,1,1,2,1,1,1,1,0,2,2,-2,0,1,1,1,0,-1,0,1,2,1,0,0,1,2,0,1,2,-1,-1,0]","[-2,-1,-1,0,0,1,1,2,-1,0,2,2,0,1,2,1,0,0,1,1,0,1,1,1,2,2,0,0,-1,1,1,0,1,2,1,1]","[-2,-1,-1,0,0,1,1,2,0,0,1,1,1,3,2,-2,1,2,0,1,2,0,1,1,1,3,0,0,1,0,0,1,0,-1,1,2]",c,"[[{8, 1}, {2, 7}, {3, 6}, {4, 5}], [{8, 1}, {2, 7}, {4, 6}, {3, 5}], [{8, 1}, {2, 7}, {5, 6}, {3, 4}], [{8, 1}, {3, 7}, {2, 6}, {4, 5}], [{8, 1}, {3, 7}, {4, 6}, {2, 5}], [{8, 1}, {3, 7}, {5, 6}, {2, 4}], [{8, 1}, {3, 7}, {6}, {5}, {2, 4}], [{8, 1}, {4, 7}, {2, 6}, {3, 5}], [{8, 1}, {4, 7}, {3, 6}, {2, 5}], [{8, 1}, {4, 7}, {3, 6}, {5}, {2}], [{8, 1}, {4, 7}, {5, 6}, {2, 3}], [{8, 1}, {5, 7}, {2, 6}, {3, 4}], [{8, 1}, {5, 7}, {3, 6}, {2, 4}], [{8, 1}, {5, 7}, {4, 6}, {2, 3}], [{8, 1}, {6, 7}, {2, 5}, {3, 4}], [{8, 1}, {6, 7}, {3, 5}, {2, 4}], [{8, 1}, {6, 7}, {4, 5}, {2, 3}], [{8, 1}, {6, 7}, {4, 5}, {3}, {2}], [{8, 1}, {6, 7}, {5}, {4}, {2, 3}], [{8, 1}, {7}, {4, 6}, {3, 5}, {2}], [{8, 2}, {1, 7}, {3, 6}, {4, 5}], [{8, 2}, {1, 7}, {4, 6}, {3, 5}], [{8, 2}, {1, 7}, {5, 6}, {3, 4}], [{8, 2}, {1, 7}, {6}, {4, 5}, {3}], [{8, 2}, {3, 7}, {1, 6}, {4, 5}], [{8, 2}, {3, 7}, {4, 6}, {1, 5}], [{8, 2}, {3, 7}, {5, 6}, {1, 4}], [{8, 2}, {3, 7}, {6}, {4, 5}, {1}], [{8, 2}, {4, 7}, {1, 6}, {3, 5}], [{8, 2}, {4, 7}, {3, 6}, {1, 5}], [{8, 2}, {4, 7}, {5, 6}, {1, 3}], [{8, 2}, {4, 7}, {6}, {5}, {1, 3}], [{8, 2}, {5, 7}, {1, 6}, {3, 4}], [{8, 2}, {5, 7}, {3, 6}, {1, 4}], [{8, 2}, {5, 7}, {4, 6}, {1, 3}], [{8, 2}, {5, 7}, {6}, {4}, {1, 3}], [{8, 2}, {6, 7}, {1, 5}, {3, 4}], [{8, 2}, {6, 7}, {3, 5}, {1, 4}], [{8, 2}, {6, 7}, {4, 5}, {1, 3}], [{8, 2}, {6, 7}, {4, 5}, {3}, {1}], [{8, 2}, {7}, {1, 6}, {4, 5}, {3}], [{8, 2}, {7}, {3, 6}, {4, 5}, {1}], [{8, 2}, {7}, {6}, {4, 5}, {1, 3}], [{8, 2}, {7}, {6}, {4, 5}, {3}, {1}], [{8, 3}, {1, 7}, {2, 6}, {4, 5}], [{8, 3}, {1, 7}, {4, 6}, {2, 5}], [{8, 3}, {1, 7}, {5, 6}, {2, 4}], [{8, 3}, {1, 7}, {6}, {4, 5}, {2}], [{8, 3}, {2, 7}, {1, 6}, {4, 5}], [{8, 3}, {2, 7}, {1, 6}, {5}, {4}], [{8, 3}, {2, 7}, {4, 6}, {1, 5}], [{8, 3}, {2, 7}, {5, 6}, {1, 4}], [{8, 3}, {4, 7}, {1, 6}, {2, 5}], [{8, 3}, {4, 7}, {1, 6}, {5}, {2}], [{8, 3}, {4, 7}, {2, 6}, {1, 5}], [{8, 3}, {4, 7}, {5, 6}, {1, 2}], [{8, 3}, {5, 7}, {1, 6}, {2, 4}], [{8, 3}, {5, 7}, {1, 6}, {4}, {2}], [{8, 3}, {5, 7}, {2, 6}, {1, 4}], [{8, 3}, {5, 7}, {4, 6}, {1, 2}], [{8, 3}, {6, 7}, {1, 5}, {2, 4}], [{8, 3}, {6, 7}, {2, 5}, {1, 4}], [{8, 3}, {6, 7}, {4, 5}, {1, 2}], [{8, 3}, {6, 7}, {4, 5}, {2}, {1}], [{8, 3}, {7}, {1, 6}, {2, 5}, {4}], [{8, 3}, {7}, {1, 6}, {4, 5}, {2}], [{8, 3}, {7}, {1, 6}, {5}, {2, 4}], [{8, 3}, {7}, {1, 6}, {5}, {4}, {2}], [{8, 4}, {1, 7}, {2, 6}, {3, 5}], [{8, 4}, {1, 7}, {3, 6}, {2, 5}], [{8, 4}, {1, 7}, {5, 6}, {2, 3}], [{8, 4}, {2, 7}, {1, 6}, {3, 5}], [{8, 4}, {2, 7}, {1, 6}, {5}, {3}], [{8, 4}, {2, 7}, {3, 6}, {1, 5}], [{8, 4}, {2, 7}, {5, 6}, {1, 3}], [{8, 4}, {3, 7}, {1, 6}, {2, 5}], [{8, 4}, {3, 7}, {2, 6}, {1, 5}], [{8, 4}, {3, 7}, {5, 6}, {1, 2}], [{8, 4}, {5, 7}, {1, 6}, {2, 3}], [{8, 4}, {5, 7}, {2, 6}, {1, 3}], [{8, 4}, {5, 7}, {3, 6}, {1, 2}], [{8, 4}, {5, 7}, {6}, {1, 3}, {2}], [{8, 4}, {6, 7}, {1, 5}, {2, 3}], [{8, 4}, {6, 7}, {2, 5}, {1, 3}], [{8, 4}, {6, 7}, {3, 5}, {1, 2}], [{8, 4}, {6, 7}, {5}, {2, 3}, {1}], [{8, 5}, {1, 7}, {2, 6}, {3, 4}], [{8, 5}, {1, 7}, {3, 6}, {2, 4}], [{8, 5}, {1, 7}, {3, 6}, {4}, {2}], [{8, 5}, {1, 7}, {4, 6}, {2, 3}], [{8, 5}, {1, 7}, {4, 6}, {3}, {2}], [{8, 5}, {1, 7}, {6}, {3, 4}, {2}], [{8, 5}, {2, 7}, {1, 6}, {3, 4}], [{8, 5}, {2, 7}, {3, 6}, {1, 4}], [{8, 5}, {2, 7}, {4, 6}, {1, 3}], [{8, 5}, {2, 7}, {4, 6}, {3}, {1}], [{8, 5}, {2, 7}, {6}, {4}, {1, 3}], [{8, 5}, {3, 7}, {1, 6}, {2, 4}], [{8, 5}, {3, 7}, {2, 6}, {1, 4}], [{8, 5}, {3, 7}, {4, 6}, {1, 2}], [{8, 5}, {4, 7}, {1, 6}, {2, 3}], [{8, 5}, {4, 7}, {1, 6}, {3}, {2}], [{8, 5}, {4, 7}, {2, 6}, {1, 3}], [{8, 5}, {4, 7}, {3, 6}, {1, 2}], [{8, 5}, {6, 7}, {1, 4}, {2, 3}], [{8, 5}, {6, 7}, {2, 4}, {1, 3}], [{8, 5}, {6, 7}, {3, 4}, {1, 2}], [{8, 5}, {6, 7}, {4}, {2, 3}, {1}], [{8, 5}, {7}, {3, 6}, {2, 4}, {1}], [{8, 5}, {7}, {4, 6}, {3}, {1, 2}], [{8, 6}, {1, 7}, {2, 5}, {3, 4}], [{8, 6}, {1, 7}, {3, 5}, {2, 4}], [{8, 6}, {1, 7}, {3, 5}, {4}, {2}], [{8, 6}, {1, 7}, {4, 5}, {2, 3}], [{8, 6}, {2, 7}, {1, 5}, {3, 4}], [{8, 6}, {2, 7}, {3, 5}, {1, 4}], [{8, 6}, {2, 7}, {4, 5}, {1, 3}], [{8, 6}, {2, 7}, {4, 5}, {3}, {1}], [{8, 6}, {3, 7}, {1, 5}, {2, 4}], [{8, 6}, {3, 7}, {2, 5}, {1, 4}], [{8, 6}, {3, 7}, {4, 5}, {1, 2}], [{8, 6}, {3, 7}, {5}, {2, 4}, {1}], [{8, 6}, {4, 7}, {1, 5}, {2, 3}], [{8, 6}, {4, 7}, {2, 5}, {1, 3}], [{8, 6}, {4, 7}, {3, 5}, {1, 2}], [{8, 6}, {5, 7}, {1, 4}, {2, 3}], [{8, 6}, {5, 7}, {1, 4}, {3}, {2}], [{8, 6}, {5, 7}, {2, 4}, {1, 3}], [{8, 6}, {5, 7}, {3, 4}, {1, 2}], [{8, 6}, {7}, {1, 5}, {2, 4}, {3}], [{8, 6}, {7}, {2, 5}, {4}, {1, 3}], [{8, 7}, {1, 6}, {2, 5}, {3, 4}], [{8, 7}, {1, 6}, {3, 5}, {2, 4}], [{8, 7}, {1, 6}, {4, 5}, {2, 3}], [{8, 7}, {1, 6}, {5}, {2, 4}, {3}], [{8, 7}, {2, 6}, {1, 5}, {3, 4}], [{8, 7}, {2, 6}, {3, 5}, {1, 4}], [{8, 7}, {2, 6}, {4, 5}, {1, 3}], [{8, 7}, {2, 6}, {4, 5}, {3}, {1}], [{8, 7}, {2, 6}, {5}, {4}, {1, 3}], [{8, 7}, {3, 6}, {1, 5}, {2, 4}], [{8, 7}, {3, 6}, {2, 5}, {1, 4}], [{8, 7}, {3, 6}, {4, 5}, {1, 2}], [{8, 7}, {4, 6}, {1, 5}, {2, 3}], [{8, 7}, {4, 6}, {2, 5}, {1, 3}], [{8, 7}, {4, 6}, {3, 5}, {1, 2}], [{8, 7}, {5, 6}, {1, 4}, {2, 3}], [{8, 7}, {5, 6}, {2, 4}, {1, 3}], [{8, 7}, {5, 6}, {3, 4}, {1, 2}], [{8, 7}, {6}, {1, 5}, {3, 4}, {2}], [{8, 7}, {6}, {3, 5}, {4}, {1, 2}], [{8}, {1, 7}, {6}, {4, 5}, {2, 3}], [{8}, {2, 7}, {1, 6}, {5}, {3, 4}], [{8}, {2, 7}, {5, 6}, {1, 4}, {3}], [{8}, {3, 7}, {1, 6}, {5}, {2, 4}], [{8}, {3, 7}, {5, 6}, {1, 4}, {2}], [{8}, {4, 7}, {1, 6}, {3, 5}, {2}], [{8}, {5, 7}, {6}, {1, 4}, {2, 3}], [{8}, {5, 7}, {6}, {2, 4}, {1, 3}], [{8}, {5, 7}, {6}, {3, 4}, {1, 2}], [{8}, {6, 7}, {1, 5}, {4}, {2, 3}], [{8}, {6, 7}, {2, 5}, {3, 4}, {1}], [{8}, {6, 7}, {3, 5}, {2, 4}, {1}], [{8}, {6, 7}, {4, 5}, {1, 3}, {2}], [{8}, {6, 7}, {4, 5}, {2, 3}, {1}], [{8}, {6, 7}, {4, 5}, {3}, {1, 2}], [{8}, {6, 7}, {4, 5}, {3}, {2}, {1}], [{8}, {6, 7}, {5}, {1, 4}, {2, 3}], [{8}, {6, 7}, {5}, {4}, {2, 3}, {1}], [{8}, {7}, {1, 6}, {4, 5}, {2, 3}], [{8}, {7}, {2, 6}, {3, 5}, {1, 4}], [{8}, {7}, {5, 6}, {1, 4}, {2, 3}]]",2,4 K_1^3 - 16 K_1^2 - 8 K_1 K_2 + K_1 + 8 K_2 + 3 K_3 + 9,O1O2O3U4O5U6U3U5O7O8U2O4U7U1O6U8,O1O2O3U1O4U2U5U6O7U3O6O8U4O5U7U8,O1O2O3U4U5O6U7O4O8U1O5U8U6U2O7U3,c,{'O1O2O3U4O5U3U6O7U2O4O6U8U1U5O8U7'},1,"<a href=""/flatknot/8.1101547"">8.1101547</a>",t^9-50t^7-112t^6+210t^5+402t^4-387t^3+240t^2+808t+144,0,,
8.1101548,O1O2O3U4O5U3U6O7U2O4O6U8U1U7O8U5,4,3z^3+34z^2+110z+109,3w^4z^3+34w^3z^2+110w^2z+109w,False,False,"[[ 0 -1  0  0 -1  2  1  1 -2],[ 1  0  2  1 -2  2  1  0  0],[ 0 -2  0  0 -1  1  1 -1 -1],[ 0 -1  0  0  0  0  1 -1  0],[ 1  2  1  0  0  2  1  2  0],[-2 -2 -1  0 -2  0 -1  0 -3],[-1 -1 -1 -1 -1  1  0  1 -2],[-1  0  1  1 -2  0 -1  0 -1],[ 2  0  1  0  0  3  2  1  0]]","[[ 0  2  1  1  0  0 -1 -1 -2],[-2  0  0 -1  0 -1 -2 -2 -3],[-1  0  0 -1  1  1  0 -2 -1],[-1  1  1  0 -1 -1 -1 -1 -2],[ 0  0 -1  1  0  0 -1  0  0],[ 0  1 -1  1  0  0 -2 -1 -1],[ 1  2  0  1  1  2  0 -2  0],[ 1  2  2  1  0  1  2  0  0],[ 2  3  1  2  0  1  0  0  0]]",True,"[-2,-1,-1,0,0,1,1,2,0,1,0,1,2,2,3,1,-1,-1,0,2,1,1,1,1,1,2,0,1,0,0,2,1,1,2,0,0]","[-2,-1,-1,0,0,1,1,2,0,0,0,1,1,2,3,-2,1,2,0,1,2,0,1,2,1,2,0,-1,1,0,-1,1,1,-1,0,1]",t^8+46t^6+395t^4+106t^2+1,"[-2,-1,-1,0,0,1,1,2,1,1,1,2,1,2,1,-2,0,1,1,0,1,-1,0,1,2,1,0,0,2,1,0,2,2,-1,0,1]","[-2,-1,-1,0,0,1,1,2,0,1,1,2,1,1,1,1,0,0,1,1,1,2,2,0,2,2,0,0,-1,1,1,0,2,2,1,1]","[-2,-1,-1,0,0,1,1,2,0,0,0,1,1,2,3,-2,1,2,0,1,2,0,1,2,1,2,0,-1,1,0,-1,1,1,-1,0,1]",c,"[[{8, 7}, {3, 6}, {1, 5}, {2, 4}]]",1,8 K_1^3 - 12 K_1^2 - 8 K_1 K_2 - 2 K_1 + 6 K_2 + 2 K_3 + 7,O1O2O3U4O5U6U3U5O7O8U2O6U7U1O4U8,O1O2O3U1O4U2U5U6O7U4O6O8U3O5U7U8,O1O2O3U4U5O6U1O4O7U8O5U7U6U2O8U3,c,{'O1O2O3U4O5U3U6O7U2O4O6U8U1U7O8U5'},1,"<a href=""/flatknot/8.1101548"">8.1101548</a>",t^9-46t^7-96t^6+163t^5+262t^4-162t^3-82t^2-19t-6,0,,
8.1101549,O1O2O3U4O5U3U6O7U2O4O6U8U5U1O8U7,4,3z^3+33z^2+105z+103,3w^4z^3+33w^3z^2+105w^2z+103w,False,False,"[[ 0  0  0  0 -1  1  1  1 -2],[ 0  0  1  0 -2  1  0  0 -1],[ 0 -1  0  0 -1  0  1  0 -1],[ 0  0  0  0  0  0  1  0 -1],[ 1  2  1  0  0  2  1  1  0],[-1 -1  0  0 -2  0 -1 -1 -1],[-1  0 -1 -1 -1  1  0  1 -3],[-1  0  0  0 -1  1 -1  0 -1],[ 2  1  1  1  0  1  3  1  0]]","[[ 0  1  1  1  0  0  0 -1 -2],[-1  0  1  1  0 -1 -1 -1 -3],[-1 -1  0  1  0  0  0 -1 -1],[-1 -1 -1  0 -1  0  0 -2 -1],[ 0  0  0  1  0  1  0 -2 -1],[ 0  1  0  0 -1  0  0 -1 -1],[ 0  1  0  0  0  0  0  0 -1],[ 1  1  1  2  2  1  0  0  0],[ 2  3  1  1  1  1  1  0  0]]",True,"[-1,-1,-1,0,0,0,1,2,-1,-1,0,1,1,1,3,-1,0,0,0,1,1,1,0,0,2,1,-1,0,2,1,0,1,1,0,1,0]","[-2,-1,0,0,0,1,1,1,0,1,1,1,1,1,3,0,1,2,1,2,1,0,0,0,0,1,-1,0,0,1,0,1,0,1,-1,-1]",t^8+32t^6+181t^4+66t^2+4,"[-2,-1,0,0,0,1,1,1,1,1,1,1,0,2,2,-1,0,1,1,0,1,-1,0,1,0,1,0,0,1,1,0,1,1,-1,-1,1]","[-1,-1,-1,0,0,0,1,2,-1,-1,0,1,1,0,2,-1,1,1,1,1,2,1,0,0,1,0,0,1,-1,1,0,1,1,0,1,1]","[-2,-1,0,0,0,1,1,1,0,1,1,1,1,1,3,0,1,2,1,2,1,0,0,0,0,1,-1,0,0,1,0,1,0,1,-1,-1]",c,"[[{8, 7}, {2, 6}, {3, 5}, {1, 4}]]",1,- 10 K_1^2 - 4 K_1 K_2 + 2 K_1 + 5 K_2 + 2 K_3 + 6,O1O2O3U4O5U3U6U5O7O8U2O4U7U1O6U8,O1O2O3U1O4U3U5U6O7U2O6O8U4O5U7U8,O1O2O3U4U5O6U7O4O8U2O5U8U6U1O7U3,c,{'O1O2O3U4O5U3U6O7U2O4O6U8U5U1O8U7'},1,"<a href=""/flatknot/8.1101549"">8.1101549</a>",t^9-34t^7-50t^6+126t^5+196t^4-21t^3+114t^2+270t+64,t^2-2t,,
8.1101550,O1O2O3U4O5U3U6O7U2O4O6U8U7U1O8U5,3,10z^2+59z+79,10w^3z^2-4w^3z+63w^2z+79w,False,False,"[[ 0  0  0  0 -1  2  1  0 -2],[ 0  0  1  1 -2  1  1 -1 -1],[ 0 -1  0  0 -1  1  1 -1 -1],[ 0 -1  0  0  0  0  1 -1  0],[ 1  2  1  0  0  2  1  1  0],[-2 -1 -1  0 -2  0 -1  0 -3],[-1 -1 -1 -1 -1  1  0  0 -2],[ 0  1  1  1 -1  0  0  0  0],[ 2  1  1  0  0  3  2  0  0]]","[[ 0  2  1  0  0  0  0 -1 -2],[-2  0 -1  0  0 -1 -1 -2 -3],[-1  1  0  0 -1 -1 -1 -1 -2],[ 0  0  0  0  1  1  1 -1  0],[ 0  0  1 -1  0  0 -1  0  0],[ 0  1  1 -1  0  0 -1 -1 -1],[ 0  1  1 -1  1  1  0 -2 -1],[ 1  2  1  1  0  1  2  0  0],[ 2  3  2  0  0  1  1  0  0]]",True,"[-2,-1,0,0,0,0,1,2,1,0,0,1,1,2,3,0,1,1,1,1,2,-1,-1,-1,1,0,0,1,0,0,1,1,1,2,1,0]","[-2,-1,0,0,0,0,1,2,0,0,0,1,1,2,3,0,1,1,2,1,2,-1,0,-1,1,0,1,1,0,0,-1,1,1,1,1,1]",t^8+37t^6+229t^4+26t^2,"[-2,-1,0,0,0,0,1,2,1,1,1,2,2,1,1,-1,0,0,1,1,1,-1,1,-1,0,1,1,0,0,1,-1,1,2,0,2,0]","[-2,-1,0,0,0,0,1,2,0,1,1,2,2,1,1,0,0,0,1,1,1,-1,0,-1,0,1,1,-1,-1,1,-1,1,2,0,2,1]","[-2,-1,0,0,0,0,1,2,0,0,0,1,1,2,3,0,1,1,2,1,2,-1,0,-1,1,0,1,1,0,0,-1,1,1,1,1,1]",c,"[[{8, 1}, {2, 7}, {3, 6}, {4, 5}], [{8, 1}, {2, 7}, {4, 6}, {3, 5}], [{8, 1}, {2, 7}, {5, 6}, {3, 4}], [{8, 1}, {3, 7}, {2, 6}, {4, 5}], [{8, 1}, {3, 7}, {4, 6}, {2, 5}], [{8, 1}, {3, 7}, {5, 6}, {2, 4}], [{8, 1}, {4, 7}, {2, 6}, {3, 5}], [{8, 1}, {4, 7}, {3, 6}, {2, 5}], [{8, 1}, {4, 7}, {5, 6}, {2, 3}], [{8, 1}, {4, 7}, {5, 6}, {3}, {2}], [{8, 1}, {5, 7}, {2, 6}, {3, 4}], [{8, 1}, {5, 7}, {3, 6}, {2, 4}], [{8, 1}, {5, 7}, {3, 6}, {4}, {2}], [{8, 1}, {5, 7}, {4, 6}, {2, 3}], [{8, 1}, {6, 7}, {2, 5}, {3, 4}], [{8, 1}, {6, 7}, {2, 5}, {4}, {3}], [{8, 1}, {6, 7}, {3, 5}, {2, 4}], [{8, 1}, {6, 7}, {4, 5}, {2, 3}], [{8, 1}, {6, 7}, {4, 5}, {3}, {2}], [{8, 1}, {6, 7}, {5}, {2, 4}, {3}], [{8, 1}, {7}, {2, 6}, {5}, {3, 4}], [{8, 1}, {7}, {4, 6}, {3, 5}, {2}], [{8, 2}, {1, 7}, {3, 6}, {4, 5}], [{8, 2}, {1, 7}, {4, 6}, {3, 5}], [{8, 2}, {1, 7}, {5, 6}, {3, 4}], [{8, 2}, {3, 7}, {1, 6}, {4, 5}], [{8, 2}, {3, 7}, {4, 6}, {1, 5}], [{8, 2}, {3, 7}, {5, 6}, {1, 4}], [{8, 2}, {4, 7}, {1, 6}, {3, 5}], [{8, 2}, {4, 7}, {3, 6}, {1, 5}], [{8, 2}, {4, 7}, {5, 6}, {1, 3}], [{8, 2}, {5, 7}, {1, 6}, {3, 4}], [{8, 2}, {5, 7}, {3, 6}, {1, 4}], [{8, 2}, {5, 7}, {4, 6}, {1, 3}], [{8, 2}, {6, 7}, {1, 5}, {3, 4}], [{8, 2}, {6, 7}, {3, 5}, {1, 4}], [{8, 2}, {6, 7}, {4, 5}, {1, 3}], [{8, 2}, {7}, {1, 6}, {5}, {3, 4}], [{8, 2}, {7}, {4, 6}, {3, 5}, {1}], [{8, 3}, {1, 7}, {2, 6}, {4, 5}], [{8, 3}, {1, 7}, {2, 6}, {5}, {4}], [{8, 3}, {1, 7}, {4, 6}, {2, 5}], [{8, 3}, {1, 7}, {4, 6}, {5}, {2}], [{8, 3}, {1, 7}, {5, 6}, {2, 4}], [{8, 3}, {1, 7}, {5, 6}, {4}, {2}], [{8, 3}, {1, 7}, {6}, {2, 5}, {4}], [{8, 3}, {1, 7}, {6}, {4, 5}, {2}], [{8, 3}, {1, 7}, {6}, {5}, {2, 4}], [{8, 3}, {1, 7}, {6}, {5}, {4}, {2}], [{8, 3}, {2, 7}, {1, 6}, {4, 5}], [{8, 3}, {2, 7}, {1, 6}, {5}, {4}], [{8, 3}, {2, 7}, {4, 6}, {1, 5}], [{8, 3}, {2, 7}, {4, 6}, {5}, {1}], [{8, 3}, {2, 7}, {5, 6}, {1, 4}], [{8, 3}, {2, 7}, {5, 6}, {4}, {1}], [{8, 3}, {2, 7}, {6}, {1, 5}, {4}], [{8, 3}, {2, 7}, {6}, {4, 5}, {1}], [{8, 3}, {2, 7}, {6}, {5}, {1, 4}], [{8, 3}, {2, 7}, {6}, {5}, {4}, {1}], [{8, 3}, {4, 7}, {1, 6}, {2, 5}], [{8, 3}, {4, 7}, {1, 6}, {5}, {2}], [{8, 3}, {4, 7}, {2, 6}, {1, 5}], [{8, 3}, {4, 7}, {2, 6}, {5}, {1}], [{8, 3}, {4, 7}, {5, 6}, {1, 2}], [{8, 3}, {4, 7}, {5, 6}, {2}, {1}], [{8, 3}, {4, 7}, {6}, {1, 5}, {2}], [{8, 3}, {4, 7}, {6}, {2, 5}, {1}], [{8, 3}, {4, 7}, {6}, {5}, {1, 2}], [{8, 3}, {4, 7}, {6}, {5}, {2}, {1}], [{8, 3}, {5, 7}, {1, 6}, {2, 4}], [{8, 3}, {5, 7}, {1, 6}, {4}, {2}], [{8, 3}, {5, 7}, {2, 6}, {1, 4}], [{8, 3}, {5, 7}, {2, 6}, {4}, {1}], [{8, 3}, {5, 7}, {4, 6}, {1, 2}], [{8, 3}, {5, 7}, {4, 6}, {2}, {1}], [{8, 3}, {5, 7}, {6}, {1, 4}, {2}], [{8, 3}, {5, 7}, {6}, {2, 4}, {1}], [{8, 3}, {5, 7}, {6}, {4}, {1, 2}], [{8, 3}, {5, 7}, {6}, {4}, {2}, {1}], [{8, 3}, {6, 7}, {1, 5}, {2, 4}], [{8, 3}, {6, 7}, {1, 5}, {4}, {2}], [{8, 3}, {6, 7}, {2, 5}, {1, 4}], [{8, 3}, {6, 7}, {2, 5}, {4}, {1}], [{8, 3}, {6, 7}, {4, 5}, {1, 2}], [{8, 3}, {6, 7}, {4, 5}, {2}, {1}], [{8, 3}, {6, 7}, {5}, {1, 4}, {2}], [{8, 3}, {6, 7}, {5}, {2, 4}, {1}], [{8, 3}, {6, 7}, {5}, {4}, {1, 2}], [{8, 3}, {6, 7}, {5}, {4}, {2}, {1}], [{8, 3}, {7}, {1, 6}, {2, 5}, {4}], [{8, 3}, {7}, {1, 6}, {4, 5}, {2}], [{8, 3}, {7}, {1, 6}, {5}, {2, 4}], [{8, 3}, {7}, {1, 6}, {5}, {4}, {2}], [{8, 3}, {7}, {2, 6}, {1, 5}, {4}], [{8, 3}, {7}, {2, 6}, {4, 5}, {1}], [{8, 3}, {7}, {2, 6}, {5}, {1, 4}], [{8, 3}, {7}, {2, 6}, {5}, {4}, {1}], [{8, 3}, {7}, {4, 6}, {1, 5}, {2}], [{8, 3}, {7}, {4, 6}, {2, 5}, {1}], [{8, 3}, {7}, {4, 6}, {5}, {1, 2}], [{8, 3}, {7}, {4, 6}, {5}, {2}, {1}], [{8, 3}, {7}, {5, 6}, {1, 4}, {2}], [{8, 3}, {7}, {5, 6}, {2, 4}, {1}], [{8, 3}, {7}, {5, 6}, {4}, {1, 2}], [{8, 3}, {7}, {5, 6}, {4}, {2}, {1}], [{8, 3}, {7}, {6}, {1, 5}, {2, 4}], [{8, 3}, {7}, {6}, {1, 5}, {4}, {2}], [{8, 3}, {7}, {6}, {2, 5}, {1, 4}], [{8, 3}, {7}, {6}, {2, 5}, {4}, {1}], [{8, 3}, {7}, {6}, {4, 5}, {1, 2}], [{8, 3}, {7}, {6}, {4, 5}, {2}, {1}], [{8, 3}, {7}, {6}, {5}, {1, 4}, {2}], [{8, 3}, {7}, {6}, {5}, {2, 4}, {1}], [{8, 3}, {7}, {6}, {5}, {4}, {1, 2}], [{8, 3}, {7}, {6}, {5}, {4}, {2}, {1}], [{8, 4}, {1, 7}, {2, 6}, {3, 5}], [{8, 4}, {1, 7}, {3, 6}, {2, 5}], [{8, 4}, {1, 7}, {5, 6}, {2, 3}], [{8, 4}, {2, 7}, {1, 6}, {3, 5}], [{8, 4}, {2, 7}, {3, 6}, {1, 5}], [{8, 4}, {2, 7}, {3, 6}, {5}, {1}], [{8, 4}, {2, 7}, {5, 6}, {1, 3}], [{8, 4}, {2, 7}, {5, 6}, {3}, {1}], [{8, 4}, {2, 7}, {6}, {3, 5}, {1}], [{8, 4}, {3, 7}, {1, 6}, {2, 5}], [{8, 4}, {3, 7}, {2, 6}, {1, 5}], [{8, 4}, {3, 7}, {5, 6}, {1, 2}], [{8, 4}, {3, 7}, {6}, {2, 5}, {1}], [{8, 4}, {5, 7}, {1, 6}, {2, 3}], [{8, 4}, {5, 7}, {2, 6}, {1, 3}], [{8, 4}, {5, 7}, {3, 6}, {1, 2}], [{8, 4}, {6, 7}, {1, 5}, {2, 3}], [{8, 4}, {6, 7}, {2, 5}, {1, 3}], [{8, 4}, {6, 7}, {3, 5}, {1, 2}], [{8, 4}, {6, 7}, {5}, {3}, {1, 2}], [{8, 4}, {7}, {1, 6}, {5}, {2, 3}], [{8, 4}, {7}, {2, 6}, {5}, {1, 3}], [{8, 5}, {1, 7}, {2, 6}, {3, 4}], [{8, 5}, {1, 7}, {3, 6}, {2, 4}], [{8, 5}, {1, 7}, {4, 6}, {2, 3}], [{8, 5}, {1, 7}, {4, 6}, {3}, {2}], [{8, 5}, {2, 7}, {1, 6}, {3, 4}], [{8, 5}, {2, 7}, {3, 6}, {1, 4}], [{8, 5}, {2, 7}, {3, 6}, {4}, {1}], [{8, 5}, {2, 7}, {4, 6}, {1, 3}], [{8, 5}, {2, 7}, {4, 6}, {3}, {1}], [{8, 5}, {2, 7}, {6}, {3, 4}, {1}], [{8, 5}, {3, 7}, {1, 6}, {2, 4}], [{8, 5}, {3, 7}, {2, 6}, {1, 4}], [{8, 5}, {3, 7}, {2, 6}, {4}, {1}], [{8, 5}, {3, 7}, {4, 6}, {1, 2}], [{8, 5}, {3, 7}, {4, 6}, {2}, {1}], [{8, 5}, {3, 7}, {6}, {2, 4}, {1}], [{8, 5}, {4, 7}, {1, 6}, {2, 3}], [{8, 5}, {4, 7}, {1, 6}, {3}, {2}], [{8, 5}, {4, 7}, {2, 6}, {1, 3}], [{8, 5}, {4, 7}, {3, 6}, {1, 2}], [{8, 5}, {6, 7}, {1, 4}, {2, 3}], [{8, 5}, {6, 7}, {1, 4}, {3}, {2}], [{8, 5}, {6, 7}, {2, 4}, {1, 3}], [{8, 5}, {6, 7}, {3, 4}, {1, 2}], [{8, 5}, {7}, {4, 6}, {1, 3}, {2}], [{8, 5}, {7}, {4, 6}, {2, 3}, {1}], [{8, 5}, {7}, {4, 6}, {3}, {1, 2}], [{8, 5}, {7}, {4, 6}, {3}, {2}, {1}], [{8, 6}, {1, 7}, {2, 5}, {3, 4}], [{8, 6}, {1, 7}, {3, 5}, {2, 4}], [{8, 6}, {1, 7}, {4, 5}, {2, 3}], [{8, 6}, {2, 7}, {1, 5}, {3, 4}], [{8, 6}, {2, 7}, {3, 5}, {1, 4}], [{8, 6}, {2, 7}, {3, 5}, {4}, {1}], [{8, 6}, {2, 7}, {4, 5}, {1, 3}], [{8, 6}, {2, 7}, {4, 5}, {3}, {1}], [{8, 6}, {2, 7}, {5}, {3, 4}, {1}], [{8, 6}, {3, 7}, {1, 5}, {2, 4}], [{8, 6}, {3, 7}, {1, 5}, {4}, {2}], [{8, 6}, {3, 7}, {2, 5}, {1, 4}], [{8, 6}, {3, 7}, {4, 5}, {1, 2}], [{8, 6}, {4, 7}, {1, 5}, {2, 3}], [{8, 6}, {4, 7}, {2, 5}, {1, 3}], [{8, 6}, {4, 7}, {3, 5}, {1, 2}], [{8, 6}, {5, 7}, {1, 4}, {2, 3}], [{8, 6}, {5, 7}, {2, 4}, {1, 3}], [{8, 6}, {5, 7}, {3, 4}, {1, 2}], [{8, 6}, {5, 7}, {4}, {1, 3}, {2}], [{8, 7}, {1, 6}, {2, 5}, {3, 4}], [{8, 7}, {1, 6}, {3, 5}, {2, 4}], [{8, 7}, {1, 6}, {4, 5}, {2, 3}], [{8, 7}, {1, 6}, {4, 5}, {3}, {2}], [{8, 7}, {2, 6}, {1, 5}, {3, 4}], [{8, 7}, {2, 6}, {3, 5}, {1, 4}], [{8, 7}, {2, 6}, {3, 5}, {4}, {1}], [{8, 7}, {2, 6}, {4, 5}, {1, 3}], [{8, 7}, {3, 6}, {1, 5}, {2, 4}], [{8, 7}, {3, 6}, {1, 5}, {4}, {2}], [{8, 7}, {3, 6}, {2, 5}, {1, 4}], [{8, 7}, {3, 6}, {4, 5}, {1, 2}], [{8, 7}, {4, 6}, {1, 5}, {2, 3}], [{8, 7}, {4, 6}, {2, 5}, {1, 3}], [{8, 7}, {4, 6}, {3, 5}, {1, 2}], [{8, 7}, {4, 6}, {3, 5}, {2}, {1}], [{8, 7}, {5, 6}, {1, 4}, {2, 3}], [{8, 7}, {5, 6}, {1, 4}, {3}, {2}], [{8, 7}, {5, 6}, {2, 4}, {1, 3}], [{8, 7}, {5, 6}, {3, 4}, {1, 2}], [{8, 7}, {6}, {2, 5}, {3, 4}, {1}], [{8, 7}, {6}, {3, 5}, {2, 4}, {1}], [{8}, {1, 7}, {4, 6}, {3, 5}, {2}], [{8}, {2, 7}, {3, 6}, {4, 5}, {1}], [{8}, {2, 7}, {4, 6}, {3, 5}, {1}], [{8}, {2, 7}, {5, 6}, {3, 4}, {1}], [{8}, {3, 7}, {1, 6}, {4, 5}, {2}], [{8}, {3, 7}, {5, 6}, {1, 4}, {2}], [{8}, {4, 7}, {1, 6}, {3, 5}, {2}], [{8}, {4, 7}, {5, 6}, {1, 3}, {2}], [{8}, {6, 7}, {2, 5}, {4}, {1, 3}], [{8}, {6, 7}, {3, 5}, {1, 4}, {2}], [{8}, {6, 7}, {4, 5}, {1, 3}, {2}], [{8}, {6, 7}, {5}, {2, 4}, {1, 3}], [{8}, {6, 7}, {5}, {3, 4}, {1, 2}], [{8}, {7}, {4, 6}, {3, 5}, {1, 2}], [{8}, {7}, {4, 6}, {3, 5}, {2}, {1}]]",2,8 K_1^3 - 20 K_1^2 - 8 K_1 K_2 - 2 K_1 + 10 K_2 + 2 K_3 + 11,O1O2O3U4O5U3U6U5O7O8U2O6U7U1O4U8,O1O2O3U1O4U3U5U6O7U4O6O8U2O5U7U8,O1O2O3U4U5O6U2O4O7U8O5U7U6U1O8U3,c,"{'O1O2O3U4O5U3U6O7U2O4O6U8U7U1O8U5', 'O1O2O3U4O5U3U6U1O7O4O6U8U2U7O8U5'}",2,"<a href=""/flatknot/8.1101550"">8.1101550</a>",t^9-37t^7-76t^6+79t^5+262t^4+93t^3-76t^2-20t,0,,
8.1101551,O1O2O3U4O5U3U6O7U8O4O6U1U7U2O8U5,4,z^3+24z^2+102z+117,w^4z^3-2w^4z^2+26w^3z^2-4w^3z+106w^2z+117w,False,False,"[[ 0 -2  1  0 -1  2  1  0 -1],[ 2  0  2  1  0  2  3 -1  2],[-1 -2  0  1 -2  0  1 -2  0],[ 0 -1 -1  0  0  0  1 -1  1],[ 1  0  2  0  0  3  1  1 -1],[-2 -2  0  0 -3  0 -2  0 -2],[-1 -3 -1 -1 -1  2  0  0 -2],[ 0  1  2  1 -1  0  0  0  0],[ 1 -2  0 -1  1  2  2  0  0]]","[[ 0  2  1  1  0  0 -1 -1 -2],[-2  0  0 -2  0  0 -2 -3 -2],[-1  0  0  1  1 -2  0 -2 -2],[-1  2 -1  0 -1  0 -2 -1 -3],[ 0  0 -1  1  0 -1  1  0 -1],[ 0  0  2  0  1  0  0 -1  1],[ 1  2  0  2 -1  0  0  1 -2],[ 1  3  2  1  0  1 -1  0  0],[ 2  2  2  3  1 -1  2  0  0]]",True,"[-2,-1,-1,0,0,1,1,2,0,2,0,0,2,3,2,-1,-1,2,0,2,2,1,0,2,1,3,1,-1,0,1,0,1,-1,-1,2,0]","[-2,-1,-1,0,0,1,1,2,-1,1,1,3,0,1,2,-1,2,1,0,2,1,1,0,1,0,0,1,0,2,2,1,-1,2,1,-1,1]",t^8+60t^6+780t^4+342t^2+1,"[-2,-1,-1,0,0,1,1,2,-1,1,1,3,0,1,2,-1,2,1,0,2,1,1,0,1,0,0,1,0,2,2,1,-1,2,1,-1,1]","[-2,-1,-1,0,0,1,1,2,-1,1,2,2,0,1,2,-1,0,1,1,0,0,2,-1,0,2,1,-1,1,2,1,0,1,3,-1,1,-1]","[-2,-1,-1,0,0,1,1,2,0,2,-1,1,2,3,2,-1,1,0,2,1,3,0,-1,0,2,2,1,2,0,0,-1,1,0,1,0,2]",c,"[[{8, 7}, {4, 6}, {3, 5}, {1, 2}], [{8, 7}, {5, 6}, {1, 4}, {2, 3}]]",1,4 K_1^3 - 16 K_1^2 - 8 K_1 K_2 + K_1 + 8 K_2 + 3 K_3 + 9,O1O2O3U4O5U2U6U3O7O8U5O6U7U1O4U8,O1O2O3U4O5U1U3U6O7U5O6O8U2O4U7U8,O1O2O3U4U5O6U2O4O7U8O5U7U1U3O8U6,c,{'O1O2O3U4O5U3U6O7U8O4O6U1U7U2O8U5'},1,"<a href=""/flatknot/8.1101551"">8.1101551</a>",t^9-60t^7-166t^6+302t^5+1228t^4+154t^3-1594t^2-457t+300,0,,
8.1101552,O1O2O3U4O5U3U6O7U8O4O6U2U7U1O8U5,3,13z^2+54z+57,-8w^4z^2+21w^3z^2-28w^3z+82w^2z+57w,False,False,"[[ 0  0 -1  0 -1  2  1  0 -1],[ 0  0 -1  1 -1  1  2 -1  0],[ 1  1  0  1 -1  1  2 -1  2],[ 0 -1 -1  0  0  0  1 -1  1],[ 1  1  1  0  0  3  1  1 -1],[-2 -1 -1  0 -3  0 -2  0 -2],[-1 -2 -2 -1 -1  2  0  0 -2],[ 0  1  1  1 -1  0  0  0  0],[ 1  0 -2 -1  1  2  2  0  0]]","[[ 0  2  1  0  0  0 -1 -1 -1],[-2  0 -2  0  0 -1 -1 -2 -3],[-1  2  0  0 -1 -2 -2 -2 -1],[ 0  0  0  0  1  1  1  0 -1],[ 0  0  1 -1  0 -1 -1  1  0],[ 0  1  2 -1  1  0 -1  0 -1],[ 1  1  2 -1  1  1  0  2 -1],[ 1  2  2  0 -1  0 -2  0  1],[ 1  3  1  1  0  1  1 -1  0]]",True,"[-2,-1,0,0,0,1,1,1,2,0,0,1,1,2,3,0,1,2,2,2,1,-1,-1,-1,0,1,1,1,-1,0,1,0,1,-2,1,-1]","[-2,-1,0,0,0,1,1,1,-1,1,2,2,0,1,2,-1,0,1,1,0,0,1,-1,0,1,0,-1,1,2,0,0,1,2,-1,1,-2]",t^8+48t^6+518t^4+487t^2,"[-1,-1,-1,0,0,0,1,2,-2,1,0,0,2,0,2,-1,1,2,1,0,1,0,1,0,1,0,-1,1,-1,1,1,0,2,1,2,-1]","[-2,-1,0,0,0,1,1,1,-1,1,2,2,0,1,2,-1,0,1,1,0,0,1,-1,0,1,0,-1,1,2,0,0,1,2,-1,1,-2]","[-1,-1,-1,0,0,0,1,2,-2,1,-1,0,0,2,2,-1,1,-1,1,2,1,0,1,1,1,3,-1,-1,1,0,1,0,0,2,1,2]",c,"[[{8, 4}, {6, 7}, {1, 5}, {2, 3}], [{8, 5}, {2, 7}, {3, 6}, {1, 4}], [{8, 7}, {4, 6}, {1, 5}, {2, 3}]]",1,- 6 K_1^2 - 4 K_1 K_2 + 2 K_1 + 3 K_2 + 2 K_3 + 4,O1O2O3U4O5U3U6U2O7O8U5O6U7U1O4U8,O1O2O3U4O5U3U1U6O7U5O6O8U2O4U7U8,O1O2O3U4U5O6U2O4O7U8O5U7U3U1O8U6,c,{'O1O2O3U4O5U3U6O7U8O4O6U2U7U1O8U5'},1,"<a href=""/flatknot/8.1101552"">8.1101552</a>",t^9-46t^7-148t^6-19t^5+344t^4+93t^3-358t^2-64t+112,-t^2+2t,,
8.1101553,O1O2O3U4O5U3U6O7U8O4O6U5U7U1O8U2,4,18z^2+95z+119,18w^3z^2+95w^2z+119w,False,False,"[[ 0  0  1  0 -1  0  1  0 -1],[ 0  0  0  0  0 -1  2 -1  0],[-1  0  0  0 -2  0  0  0 -1],[ 0  0  0  0  0  0  1  0  0],[ 1  0  2  0  0  1  1  0  0],[ 0  1  0  0 -1  0  0  0  0],[-1 -2  0 -1 -1  0  0  0 -2],[ 0  1  0  0  0  0  0  0  0],[ 1  0  1  0  0  0  2  0  0]]","[[ 0  1  1  0  0  0  0 -1 -1],[-1  0  0  0  0  0  0 -1 -2],[-1  0  0  0  0 -1 -2 -2 -1],[ 0  0  0  0  0  0  1  0  0],[ 0  0  0  0  0  0  1  0 -1],[ 0  0  1  0  0  0  0  0  0],[ 0  0  2 -1 -1  0  0  0  0],[ 1  1  2  0  0  0  0  0  0],[ 1  2  1  0  1  0  0  0  0]]",True,"[-1,-1,0,0,0,0,1,1,0,0,0,0,0,1,2,0,0,1,2,2,1,0,0,-1,0,0,0,-1,0,1,0,0,0,0,0,0]","[-1,-1,0,0,0,0,1,1,0,-1,0,1,1,0,1,1,1,1,1,1,0,0,-1,-1,1,1,0,0,1,1,0,1,0,1,1,0]",t^8+18t^6+71t^4+27t^2+1,"[-1,-1,0,0,0,0,1,1,0,0,1,1,1,0,1,1,1,1,1,1,0,-1,0,0,1,1,0,1,1,-1,0,1,0,1,1,0]","[-1,-1,0,0,0,0,1,1,0,-1,0,1,1,0,1,1,1,1,1,1,0,0,-1,-1,1,1,0,0,1,1,0,1,0,1,1,0]","[-1,-1,0,0,0,0,1,1,0,0,0,0,0,1,2,0,0,0,1,2,1,-1,0,-1,0,2,0,0,0,0,0,0,1,0,0,0]",c,"[[{8, 2}, {1, 7}, {4, 6}, {3, 5}], [{8, 2}, {3, 7}, {4, 6}, {1, 5}], [{8, 2}, {4, 7}, {3, 6}, {1, 5}], [{8, 2}, {5, 7}, {4, 6}, {1, 3}], [{8, 2}, {6, 7}, {1, 5}, {3, 4}], [{8, 2}, {7}, {4, 6}, {3, 5}, {1}]]",1,8 K_1^3 - 24 K_1^2 - 8 K_1 K_2 - 2 K_1 + 12 K_2 + 2 K_3 + 13,O1O2O3U2O4U3U5U6O7O8U4O5U7U1O6U8,O1O2O3U4O5U3U5U6O7U1O6O8U2O4U7U8,O1O2O3U4U5O6U2O4O7U3O5U7U8U1O8U6,c,{'O1O2O3U4O5U3U6O7U8O4O6U5U7U1O8U2'},1,"<a href=""/flatknot/8.1101553"">8.1101553</a>",t^9-18t^7+67t^5-56t^3+2t,0,,
8.1101554,O1O2O3U4O5U3U6O7U1O4O8U2U7U5O6U8,4,17z^2+102z+137,17w^3z^2+102w^2z+137w,False,False,"[[ 0 -1 -1  0 -1  2 -1  0  2],[ 1  0  0  0  0  3 -1  1  2],[ 1  0  0  1  0  2  0  0  2],[ 0  0 -1  0  0  0  0 -1  1],[ 1  0  0  0  0  1  1  0  1],[-2 -3 -2  0 -1  0 -2  0  1],[ 1  1  0  0 -1  2  0  0  1],[ 0 -1  0  1  0  0  0  0  1],[-2 -2 -2 -1 -1 -1 -1 -1  0]]","[[ 0  2  2  0  0 -1 -1 -1 -1],[-2  0  1  0  0 -1 -2 -2 -3],[-2 -1  0 -1 -1 -1 -1 -2 -2],[ 0  0  1  0  1  0  0  0 -1],[ 0  0  1 -1  0  0  0 -1  0],[ 1  1  1  0  0  0  1  0  0],[ 1  2  1  0  0 -1  0  0  1],[ 1  2  2  0  1  0  0  0  0],[ 1  3  2  1  0  0 -1  0  0]]",True,"[-2,-2,0,0,1,1,1,1,-1,0,0,1,2,2,3,1,1,1,1,2,2,-1,0,0,0,1,0,0,1,0,-1,0,0,0,-1,0]","[-2,-2,0,0,1,1,1,1,-1,0,0,1,2,2,3,1,1,1,1,2,2,-1,0,0,0,1,0,0,1,0,-1,0,0,0,-1,0]",t^8+36t^6+160t^4+119t^2+4,"[-1,-1,-1,-1,0,0,2,2,-1,0,0,1,1,2,2,-1,0,1,1,1,2,0,0,1,0,1,1,0,1,1,-1,2,1,2,1,-1]","[-2,-2,0,0,1,1,1,1,-1,1,1,1,1,2,2,2,2,0,1,1,2,-1,1,0,1,1,0,1,1,1,0,-1,0,0,0,-1]","[-1,-1,-1,-1,0,0,2,2,-1,0,0,0,1,2,3,-1,0,0,0,1,2,0,0,0,1,1,1,0,2,2,-1,1,0,1,0,-1]",c,"[[{8, 1}, {6, 7}, {3, 5}, {2, 4}], [{8, 1}, {6, 7}, {4, 5}, {2, 3}], [{8, 2}, {4, 7}, {5, 6}, {1, 3}], [{8, 2}, {6, 7}, {3, 5}, {1, 4}], [{8, 5}, {3, 7}, {1, 6}, {2, 4}], [{8, 5}, {3, 7}, {2, 6}, {1, 4}], [{8, 7}, {1, 6}, {3, 5}, {2, 4}], [{8, 7}, {1, 6}, {4, 5}, {2, 3}], [{8, 7}, {5, 6}, {1, 4}, {2, 3}]]",1,4 K_1^3 - 16 K_1^2 - 12 K_1 K_2 + 3 K_1 + 8 K_2 + 5 K_3 + 9,O1O2O3U4O5U6U7U2O4O8U3O7U5U1O6U8,O1O2O3U4O5U6U1U7O8U3O7O4U2O6U8U5,O1O2O3U4U5O6U2O7O8U1O5U8U3U6O4U7,c,{'O1O2O3U4O5U3U6O7U1O4O8U2U7U5O6U8'},1,"<a href=""/flatknot/8.1101554"">8.1101554</a>",t^9-32t^7-54t^6+88t^5+212t^4+41t^3-104t^2-40t+20,-2t^2+4t,,
8.1101555,O1O2O3U4O5U3U6O7U1O4O8U5U7U8O6U2,4,21z^2+106z+129,21w^3z^2+106w^2z+129w,False,False,"[[ 0 -1  1  0 -1  0 -1  0  2],[ 1  0  1  0  0  1  0  1  2],[-1 -1  0  0 -1 -1 -1 -1  2],[ 0  0  0  0  0  0  0  0  1],[ 1  0  1  0  0  0  1 -1  0],[ 0 -1  1  0  0  0 -2  1  2],[ 1  0  1  0 -1  2  0  1  1],[ 0 -1  1  0  1 -1 -1  0  1],[-2 -2 -2 -1  0 -2 -1 -1  0]]","[[ 0  2  1  0  0  0 -1 -1 -1],[-2  0 -2 -1 -1 -2  0 -1 -2],[-1  2  0  0 -1 -1 -1 -1 -1],[ 0  1  0  0  0  0  0  0  0],[ 0  1  1  0  0 -1  1 -1 -1],[ 0  2  1  0  1  0  0 -2 -1],[ 1  0  1  0 -1  0  0  1  0],[ 1  1  1  0  1  2 -1  0  0],[ 1  2  1  0  1  1  0  0  0]]",True,"[-2,-1,0,0,0,1,1,1,2,1,1,2,0,1,2,0,1,1,1,1,1,0,0,0,0,0,1,-1,1,1,0,2,1,-1,0,0]","[-2,-1,0,0,0,1,1,1,-1,0,1,1,1,2,3,0,0,1,1,1,1,1,0,0,-1,1,0,0,0,2,1,1,1,0,0,-1]",t^8+30t^6+140t^4+120t^2+1,"[-1,-1,-1,0,0,0,1,2,-1,0,1,1,2,1,3,0,-1,1,0,1,2,0,1,0,1,1,0,-1,0,0,0,1,1,0,1,-1]","[-2,-1,0,0,0,1,1,1,-1,0,1,1,1,2,3,0,0,1,1,1,1,1,0,0,-1,1,0,0,0,2,1,1,1,0,0,-1]","[-1,-1,-1,0,0,0,1,2,-1,0,0,1,2,1,1,0,0,-1,0,1,0,0,1,1,1,2,0,0,0,1,-1,1,1,1,2,2]",c,"[[{8, 1}, {2, 7}, {3, 6}, {4, 5}], [{8, 1}, {2, 7}, {4, 6}, {3, 5}], [{8, 1}, {2, 7}, {5, 6}, {3, 4}], [{8, 1}, {2, 7}, {6}, {3, 5}, {4}], [{8, 1}, {3, 7}, {2, 6}, {4, 5}], [{8, 1}, {3, 7}, {4, 6}, {2, 5}], [{8, 1}, {3, 7}, {5, 6}, {2, 4}], [{8, 1}, {3, 7}, {6}, {2, 5}, {4}], [{8, 1}, {4, 7}, {2, 6}, {3, 5}], [{8, 1}, {4, 7}, {3, 6}, {2, 5}], [{8, 1}, {4, 7}, {5, 6}, {2, 3}], [{8, 1}, {5, 7}, {2, 6}, {3, 4}], [{8, 1}, {5, 7}, {3, 6}, {2, 4}], [{8, 1}, {5, 7}, {4, 6}, {2, 3}], [{8, 1}, {6, 7}, {2, 5}, {3, 4}], [{8, 1}, {6, 7}, {3, 5}, {2, 4}], [{8, 1}, {6, 7}, {4, 5}, {2, 3}], [{8, 1}, {6, 7}, {5}, {3, 4}, {2}], [{8, 1}, {7}, {2, 6}, {4, 5}, {3}], [{8, 1}, {7}, {3, 6}, {5}, {2, 4}], [{8, 1}, {7}, {4, 6}, {2, 5}, {3}], [{8, 2}, {1, 7}, {3, 6}, {4, 5}], [{8, 2}, {1, 7}, {4, 6}, {3, 5}], [{8, 2}, {1, 7}, {5, 6}, {3, 4}], [{8, 2}, {3, 7}, {1, 6}, {4, 5}], [{8, 2}, {3, 7}, {4, 6}, {1, 5}], [{8, 2}, {3, 7}, {5, 6}, {1, 4}], [{8, 2}, {4, 7}, {1, 6}, {3, 5}], [{8, 2}, {4, 7}, {3, 6}, {1, 5}], [{8, 2}, {4, 7}, {5, 6}, {1, 3}], [{8, 2}, {5, 7}, {1, 6}, {3, 4}], [{8, 2}, {5, 7}, {3, 6}, {1, 4}], [{8, 2}, {5, 7}, {4, 6}, {1, 3}], [{8, 2}, {6, 7}, {1, 5}, {3, 4}], [{8, 2}, {6, 7}, {1, 5}, {4}, {3}], [{8, 2}, {6, 7}, {3, 5}, {1, 4}], [{8, 2}, {6, 7}, {4, 5}, {1, 3}], [{8, 2}, {7}, {3, 6}, {4, 5}, {1}], [{8, 3}, {1, 7}, {2, 6}, {4, 5}], [{8, 3}, {1, 7}, {4, 6}, {2, 5}], [{8, 3}, {1, 7}, {5, 6}, {2, 4}], [{8, 3}, {2, 7}, {1, 6}, {4, 5}], [{8, 3}, {2, 7}, {4, 6}, {1, 5}], [{8, 3}, {2, 7}, {5, 6}, {1, 4}], [{8, 3}, {4, 7}, {1, 6}, {2, 5}], [{8, 3}, {4, 7}, {2, 6}, {1, 5}], [{8, 3}, {4, 7}, {5, 6}, {1, 2}], [{8, 3}, {5, 7}, {1, 6}, {2, 4}], [{8, 3}, {5, 7}, {2, 6}, {1, 4}], [{8, 3}, {5, 7}, {2, 6}, {4}, {1}], [{8, 3}, {5, 7}, {4, 6}, {1, 2}], [{8, 3}, {6, 7}, {1, 5}, {2, 4}], [{8, 3}, {6, 7}, {2, 5}, {1, 4}], [{8, 3}, {6, 7}, {4, 5}, {1, 2}], [{8, 3}, {6, 7}, {5}, {1, 4}, {2}], [{8, 3}, {7}, {1, 6}, {5}, {2, 4}], [{8, 4}, {1, 7}, {2, 6}, {3, 5}], [{8, 4}, {1, 7}, {3, 6}, {2, 5}], [{8, 4}, {1, 7}, {5, 6}, {2, 3}], [{8, 4}, {2, 7}, {1, 6}, {3, 5}], [{8, 4}, {2, 7}, {3, 6}, {1, 5}], [{8, 4}, {2, 7}, {5, 6}, {1, 3}], [{8, 4}, {2, 7}, {6}, {1, 5}, {3}], [{8, 4}, {3, 7}, {1, 6}, {2, 5}], [{8, 4}, {3, 7}, {2, 6}, {1, 5}], [{8, 4}, {3, 7}, {5, 6}, {1, 2}], [{8, 4}, {3, 7}, {6}, {2, 5}, {1}], [{8, 4}, {5, 7}, {1, 6}, {2, 3}], [{8, 4}, {5, 7}, {2, 6}, {1, 3}], [{8, 4}, {5, 7}, {3, 6}, {1, 2}], [{8, 4}, {5, 7}, {6}, {3}, {1, 2}], [{8, 4}, {6, 7}, {1, 5}, {2, 3}], [{8, 4}, {6, 7}, {1, 5}, {3}, {2}], [{8, 4}, {6, 7}, {2, 5}, {1, 3}], [{8, 4}, {6, 7}, {2, 5}, {3}, {1}], [{8, 4}, {6, 7}, {3, 5}, {1, 2}], [{8, 4}, {6, 7}, {3, 5}, {2}, {1}], [{8, 4}, {6, 7}, {5}, {1, 3}, {2}], [{8, 4}, {6, 7}, {5}, {2, 3}, {1}], [{8, 4}, {6, 7}, {5}, {3}, {1, 2}], [{8, 4}, {6, 7}, {5}, {3}, {2}, {1}], [{8, 4}, {7}, {2, 6}, {1, 5}, {3}], [{8, 4}, {7}, {3, 6}, {2, 5}, {1}], [{8, 4}, {7}, {5, 6}, {3}, {1, 2}], [{8, 5}, {1, 7}, {2, 6}, {3, 4}], [{8, 5}, {1, 7}, {3, 6}, {2, 4}], [{8, 5}, {1, 7}, {4, 6}, {2, 3}], [{8, 5}, {2, 7}, {1, 6}, {3, 4}], [{8, 5}, {2, 7}, {3, 6}, {1, 4}], [{8, 5}, {2, 7}, {4, 6}, {1, 3}], [{8, 5}, {2, 7}, {6}, {3, 4}, {1}], [{8, 5}, {3, 7}, {1, 6}, {2, 4}], [{8, 5}, {3, 7}, {2, 6}, {1, 4}], [{8, 5}, {3, 7}, {4, 6}, {1, 2}], [{8, 5}, {4, 7}, {1, 6}, {2, 3}], [{8, 5}, {4, 7}, {2, 6}, {1, 3}], [{8, 5}, {4, 7}, {3, 6}, {1, 2}], [{8, 5}, {4, 7}, {6}, {3}, {1, 2}], [{8, 5}, {6, 7}, {1, 4}, {2, 3}], [{8, 5}, {6, 7}, {2, 4}, {1, 3}], [{8, 5}, {6, 7}, {3, 4}, {1, 2}], [{8, 5}, {6, 7}, {4}, {3}, {1, 2}], [{8, 5}, {7}, {2, 6}, {1, 4}, {3}], [{8, 5}, {7}, {3, 6}, {2, 4}, {1}], [{8, 5}, {7}, {4, 6}, {3}, {1, 2}], [{8, 6}, {1, 7}, {2, 5}, {3, 4}], [{8, 6}, {1, 7}, {3, 5}, {2, 4}], [{8, 6}, {1, 7}, {3, 5}, {4}, {2}], [{8, 6}, {1, 7}, {4, 5}, {2, 3}], [{8, 6}, {2, 7}, {1, 5}, {3, 4}], [{8, 6}, {2, 7}, {3, 5}, {1, 4}], [{8, 6}, {2, 7}, {4, 5}, {1, 3}], [{8, 6}, {3, 7}, {1, 5}, {2, 4}], [{8, 6}, {3, 7}, {2, 5}, {1, 4}], [{8, 6}, {3, 7}, {4, 5}, {1, 2}], [{8, 6}, {4, 7}, {1, 5}, {2, 3}], [{8, 6}, {4, 7}, {2, 5}, {1, 3}], [{8, 6}, {4, 7}, {3, 5}, {1, 2}], [{8, 6}, {4, 7}, {5}, {3}, {1, 2}], [{8, 6}, {5, 7}, {1, 4}, {2, 3}], [{8, 6}, {5, 7}, {2, 4}, {1, 3}], [{8, 6}, {5, 7}, {3, 4}, {1, 2}], [{8, 6}, {5, 7}, {4}, {3}, {1, 2}], [{8, 6}, {7}, {2, 5}, {1, 4}, {3}], [{8, 6}, {7}, {4, 5}, {3}, {1, 2}], [{8, 6}, {7}, {5}, {2, 4}, {1, 3}], [{8, 7}, {1, 6}, {2, 5}, {3, 4}], [{8, 7}, {1, 6}, {3, 5}, {2, 4}], [{8, 7}, {1, 6}, {4, 5}, {2, 3}], [{8, 7}, {1, 6}, {4, 5}, {3}, {2}], [{8, 7}, {2, 6}, {1, 5}, {3, 4}], [{8, 7}, {2, 6}, {3, 5}, {1, 4}], [{8, 7}, {2, 6}, {4, 5}, {1, 3}], [{8, 7}, {2, 6}, {4, 5}, {3}, {1}], [{8, 7}, {3, 6}, {1, 5}, {2, 4}], [{8, 7}, {3, 6}, {2, 5}, {1, 4}], [{8, 7}, {3, 6}, {4, 5}, {1, 2}], [{8, 7}, {3, 6}, {4, 5}, {2}, {1}], [{8, 7}, {4, 6}, {1, 5}, {2, 3}], [{8, 7}, {4, 6}, {1, 5}, {3}, {2}], [{8, 7}, {4, 6}, {2, 5}, {1, 3}], [{8, 7}, {4, 6}, {2, 5}, {3}, {1}], [{8, 7}, {4, 6}, {3, 5}, {1, 2}], [{8, 7}, {4, 6}, {3, 5}, {2}, {1}], [{8, 7}, {4, 6}, {5}, {1, 3}, {2}], [{8, 7}, {4, 6}, {5}, {2, 3}, {1}], [{8, 7}, {4, 6}, {5}, {3}, {1, 2}], [{8, 7}, {4, 6}, {5}, {3}, {2}, {1}], [{8, 7}, {5, 6}, {1, 4}, {2, 3}], [{8, 7}, {5, 6}, {1, 4}, {3}, {2}], [{8, 7}, {5, 6}, {2, 4}, {1, 3}], [{8, 7}, {5, 6}, {2, 4}, {3}, {1}], [{8, 7}, {5, 6}, {3, 4}, {1, 2}], [{8, 7}, {5, 6}, {3, 4}, {2}, {1}], [{8, 7}, {5, 6}, {4}, {1, 3}, {2}], [{8, 7}, {5, 6}, {4}, {2, 3}, {1}], [{8, 7}, {5, 6}, {4}, {3}, {1, 2}], [{8, 7}, {5, 6}, {4}, {3}, {2}, {1}], [{8, 7}, {6}, {4, 5}, {1, 3}, {2}], [{8, 7}, {6}, {4, 5}, {2, 3}, {1}], [{8, 7}, {6}, {4, 5}, {3}, {1, 2}], [{8, 7}, {6}, {4, 5}, {3}, {2}, {1}], [{8}, {1, 7}, {2, 6}, {4, 5}, {3}], [{8}, {1, 7}, {4, 6}, {2, 5}, {3}], [{8}, {2, 7}, {3, 6}, {4, 5}, {1}], [{8}, {3, 7}, {6}, {1, 5}, {2, 4}], [{8}, {3, 7}, {6}, {2, 5}, {1, 4}], [{8}, {4, 7}, {2, 6}, {3, 5}, {1}], [{8}, {4, 7}, {5, 6}, {3}, {1, 2}], [{8}, {5, 7}, {4, 6}, {3}, {1, 2}], [{8}, {6, 7}, {1, 5}, {2, 4}, {3}], [{8}, {6, 7}, {4, 5}, {3}, {1, 2}], [{8}, {7}, {3, 6}, {1, 5}, {2, 4}]]",2,12 K_1^3 - 18 K_1^2 - 20 K_1 K_2 + K_1 + 9 K_2 + 7 K_3 + 10,O1O2O3U2O4U5U6U7O5O8U3O6U4U1O7U8,O1O2O3U4O5U6U5U7O8U1O7O4U2O6U8U3,O1O2O3U1U4O5U2O6O7U3O4U7U8U5O8U6,c,{'O1O2O3U4O5U3U6O7U1O4O8U5U7U8O6U2'},1,"<a href=""/flatknot/8.1101555"">8.1101555</a>",t^9-28t^7-68t^6-5t^5+78t^4+27t^3+22t^2-3t,-t^2+2t,,
8.1101556,O1O2O3U4O5U3U6O7U1O4O8U7U2U5O6U8,4,5z^3+43z^2+113z+95,5w^4z^3+43w^3z^2+113w^2z+95w,False,False,"[[ 0 -1  0  0 -1  2 -1 -1  2],[ 1  0  1  0  0  3 -1  0  2],[ 0 -1  0  1  0  1  0 -1  2],[ 0  0 -1  0  0  0  0 -1  1],[ 1  0  0  0  0  1  1 -1  1],[-2 -3 -1  0 -1  0 -2  0  1],[ 1  1  0  0 -1  2  0 -1  1],[ 1  0  1  1  1  0  1  0  1],[-2 -2 -2 -1 -1 -1 -1 -1  0]]","[[ 0  2  2  0  0 -1 -1 -1 -1],[-2  0  1  0 -1  0 -1 -2 -3],[-2 -1  0 -1 -2 -1 -1 -1 -2],[ 0  0  1  0 -1 -1  0  0  0],[ 0  1  2  1  0 -1  0  0 -1],[ 1  0  1  1  1  0  1  1  0],[ 1  1  1  0  0 -1  0  1  0],[ 1  2  1  0  0 -1 -1  0  1],[ 1  3  2  0  1  0  0 -1  0]]",True,"[-2,-2,0,0,1,1,1,1,-1,0,1,0,1,2,3,1,2,1,1,1,2,1,1,0,0,0,1,0,0,1,-1,-1,0,-1,0,-1]","[-2,-2,0,0,1,1,1,1,-1,0,1,0,1,2,3,1,2,1,1,1,2,1,1,0,0,0,1,0,0,1,-1,-1,0,-1,0,-1]",t^8+36t^6+222t^4+143t^2+4,"[-1,-1,-1,-1,0,0,2,2,-1,-1,0,0,0,2,3,-1,0,1,1,2,2,-1,1,1,2,1,0,1,1,0,-1,0,1,1,2,1]","[-2,-2,0,0,1,1,1,1,-1,0,1,1,2,2,2,1,2,0,1,2,3,1,0,1,1,0,1,1,1,0,-1,0,0,-1,-1,-1]","[-1,-1,-1,-1,0,0,2,2,-1,-1,1,0,0,1,2,-1,0,0,0,1,1,0,1,1,1,0,0,1,2,3,-1,1,0,2,1,-1]",c,"[[{8, 1}, {3, 7}, {2, 6}, {4, 5}], [{8, 2}, {6, 7}, {3, 5}, {1, 4}], [{8, 7}, {2, 6}, {4, 5}, {1, 3}]]",1,8 K_1^3 - 4 K_1^2 - 4 K_1 K_2 - 4 K_1 + 2 K_2 + 3,O1O2O3U4O5U6U2U7O4O8U3O7U5U1O6U8,O1O2O3U4O5U6U2U7O8U3O7O4U1O6U8U5,O1O2O3U4U5O6U3O7O8U1O5U8U2U6O4U7,c,{'O1O2O3U4O5U3U6O7U1O4O8U7U2U5O6U8'},1,"<a href=""/flatknot/8.1101556"">8.1101556</a>",t^9-32t^7-76t^6+90t^5+446t^4+258t^3-562t^2-821t-312,-2t^2+4t,,
8.1101557,O1O2O3U4O5U3U6O7U1O4O8U7U5U8O6U2,4,5z^3+42z^2+104z+81,5w^4z^3+42w^3z^2+104w^2z+81w,False,False,"[[ 0 -1  1  0 -1  1 -1 -1  2],[ 1  0  1  0  0  2  0  0  2],[-1 -1  0  0 -1  0 -1 -2  2],[ 0  0  0  0  0  0  0 -1  1],[ 1  0  1  0  0  0  1 -1  0],[-1 -2  0  0  0  0 -2  0  2],[ 1  0  1  0 -1  2  0  0  1],[ 1  0  2  1  1  0  0  0  1],[-2 -2 -2 -1  0 -2 -1 -1  0]]","[[ 0  2  1  1  0 -1 -1 -1 -1],[-2  0 -2 -2 -1  0 -1 -1 -2],[-1  2  0  0  0  0  0 -2 -2],[-1  2  0  0  0 -1 -2 -1 -1],[ 0  1  0  0  0  0 -1  0  0],[ 1  0  0  1  0  0 -1  1  0],[ 1  1  0  2  1  1  0  0  0],[ 1  1  2  1  0 -1  0  0  0],[ 1  2  2  1  0  0  0  0  0]]",True,"[-2,-1,-1,0,1,1,1,1,2,2,1,0,1,1,2,0,0,0,0,2,2,0,1,2,1,1,0,1,0,0,1,-1,0,0,0,0]","[-2,-1,-1,0,1,1,1,1,-1,-1,1,1,2,2,3,0,1,0,0,2,2,1,1,1,0,1,1,1,0,1,0,0,0,0,-1,1]",t^8+33t^6+182t^4+144t^2,"[-1,-1,-1,-1,0,1,1,2,-1,0,0,0,0,2,2,-1,0,1,1,2,3,0,1,1,0,2,1,1,0,1,1,1,1,0,-1,-1]","[-2,-1,-1,0,1,1,1,1,-1,-1,1,1,2,2,3,0,1,0,0,2,2,1,1,1,0,1,1,1,0,1,0,0,0,0,-1,1]","[-1,-1,-1,-1,0,1,1,2,-1,0,0,0,1,2,1,-1,0,0,1,0,0,0,1,2,0,1,0,1,2,2,0,0,1,0,2,2]",c,"[[{8, 1}, {2, 7}, {3, 6}, {4, 5}], [{8, 1}, {2, 7}, {4, 6}, {3, 5}], [{8, 1}, {2, 7}, {4, 6}, {5}, {3}], [{8, 1}, {2, 7}, {5, 6}, {3, 4}], [{8, 1}, {3, 7}, {2, 6}, {4, 5}], [{8, 1}, {3, 7}, {2, 6}, {5}, {4}], [{8, 1}, {3, 7}, {4, 6}, {2, 5}], [{8, 1}, {3, 7}, {5, 6}, {2, 4}], [{8, 1}, {3, 7}, {5, 6}, {4}, {2}], [{8, 1}, {3, 7}, {6}, {2, 5}, {4}], [{8, 1}, {4, 7}, {2, 6}, {3, 5}], [{8, 1}, {4, 7}, {2, 6}, {5}, {3}], [{8, 1}, {4, 7}, {3, 6}, {2, 5}], [{8, 1}, {4, 7}, {5, 6}, {2, 3}], [{8, 1}, {5, 7}, {2, 6}, {3, 4}], [{8, 1}, {5, 7}, {2, 6}, {4}, {3}], [{8, 1}, {5, 7}, {3, 6}, {2, 4}], [{8, 1}, {5, 7}, {4, 6}, {2, 3}], [{8, 1}, {6, 7}, {2, 5}, {3, 4}], [{8, 1}, {6, 7}, {3, 5}, {2, 4}], [{8, 1}, {6, 7}, {4, 5}, {2, 3}], [{8, 1}, {7}, {2, 6}, {3, 5}, {4}], [{8, 1}, {7}, {2, 6}, {4, 5}, {3}], [{8, 1}, {7}, {2, 6}, {5}, {3, 4}], [{8, 1}, {7}, {5, 6}, {2, 4}, {3}], [{8, 2}, {1, 7}, {3, 6}, {4, 5}], [{8, 2}, {1, 7}, {4, 6}, {3, 5}], [{8, 2}, {1, 7}, {4, 6}, {5}, {3}], [{8, 2}, {1, 7}, {5, 6}, {3, 4}], [{8, 2}, {3, 7}, {1, 6}, {4, 5}], [{8, 2}, {3, 7}, {4, 6}, {1, 5}], [{8, 2}, {3, 7}, {5, 6}, {1, 4}], [{8, 2}, {3, 7}, {6}, {5}, {1, 4}], [{8, 2}, {4, 7}, {1, 6}, {3, 5}], [{8, 2}, {4, 7}, {3, 6}, {1, 5}], [{8, 2}, {4, 7}, {5, 6}, {1, 3}], [{8, 2}, {5, 7}, {1, 6}, {3, 4}], [{8, 2}, {5, 7}, {3, 6}, {1, 4}], [{8, 2}, {5, 7}, {4, 6}, {1, 3}], [{8, 2}, {5, 7}, {6}, {1, 4}, {3}], [{8, 2}, {6, 7}, {1, 5}, {3, 4}], [{8, 2}, {6, 7}, {3, 5}, {1, 4}], [{8, 2}, {6, 7}, {3, 5}, {4}, {1}], [{8, 2}, {6, 7}, {4, 5}, {1, 3}], [{8, 2}, {7}, {6}, {3, 5}, {1, 4}], [{8, 3}, {1, 7}, {2, 6}, {4, 5}], [{8, 3}, {1, 7}, {4, 6}, {2, 5}], [{8, 3}, {1, 7}, {5, 6}, {2, 4}], [{8, 3}, {1, 7}, {6}, {5}, {2, 4}], [{8, 3}, {2, 7}, {1, 6}, {4, 5}], [{8, 3}, {2, 7}, {4, 6}, {1, 5}], [{8, 3}, {2, 7}, {5, 6}, {1, 4}], [{8, 3}, {4, 7}, {1, 6}, {2, 5}], [{8, 3}, {4, 7}, {2, 6}, {1, 5}], [{8, 3}, {4, 7}, {5, 6}, {1, 2}], [{8, 3}, {5, 7}, {1, 6}, {2, 4}], [{8, 3}, {5, 7}, {2, 6}, {1, 4}], [{8, 3}, {5, 7}, {4, 6}, {1, 2}], [{8, 3}, {6, 7}, {1, 5}, {2, 4}], [{8, 3}, {6, 7}, {2, 5}, {1, 4}], [{8, 3}, {6, 7}, {2, 5}, {4}, {1}], [{8, 3}, {6, 7}, {4, 5}, {1, 2}], [{8, 3}, {7}, {1, 6}, {4, 5}, {2}], [{8, 4}, {1, 7}, {2, 6}, {3, 5}], [{8, 4}, {1, 7}, {2, 6}, {5}, {3}], [{8, 4}, {1, 7}, {3, 6}, {2, 5}], [{8, 4}, {1, 7}, {5, 6}, {2, 3}], [{8, 4}, {2, 7}, {1, 6}, {3, 5}], [{8, 4}, {2, 7}, {3, 6}, {1, 5}], [{8, 4}, {2, 7}, {5, 6}, {1, 3}], [{8, 4}, {2, 7}, {6}, {3, 5}, {1}], [{8, 4}, {3, 7}, {1, 6}, {2, 5}], [{8, 4}, {3, 7}, {2, 6}, {1, 5}], [{8, 4}, {3, 7}, {5, 6}, {1, 2}], [{8, 4}, {5, 7}, {1, 6}, {2, 3}], [{8, 4}, {5, 7}, {2, 6}, {1, 3}], [{8, 4}, {5, 7}, {2, 6}, {3}, {1}], [{8, 4}, {5, 7}, {3, 6}, {1, 2}], [{8, 4}, {5, 7}, {6}, {1, 3}, {2}], [{8, 4}, {6, 7}, {1, 5}, {2, 3}], [{8, 4}, {6, 7}, {2, 5}, {1, 3}], [{8, 4}, {6, 7}, {3, 5}, {1, 2}], [{8, 4}, {7}, {2, 6}, {1, 5}, {3}], [{8, 4}, {7}, {5, 6}, {3}, {1, 2}], [{8, 5}, {1, 7}, {2, 6}, {3, 4}], [{8, 5}, {1, 7}, {2, 6}, {4}, {3}], [{8, 5}, {1, 7}, {3, 6}, {2, 4}], [{8, 5}, {1, 7}, {4, 6}, {2, 3}], [{8, 5}, {2, 7}, {1, 6}, {3, 4}], [{8, 5}, {2, 7}, {3, 6}, {1, 4}], [{8, 5}, {2, 7}, {4, 6}, {1, 3}], [{8, 5}, {2, 7}, {6}, {1, 4}, {3}], [{8, 5}, {3, 7}, {1, 6}, {2, 4}], [{8, 5}, {3, 7}, {2, 6}, {1, 4}], [{8, 5}, {3, 7}, {4, 6}, {1, 2}], [{8, 5}, {4, 7}, {1, 6}, {2, 3}], [{8, 5}, {4, 7}, {2, 6}, {1, 3}], [{8, 5}, {4, 7}, {2, 6}, {3}, {1}], [{8, 5}, {4, 7}, {3, 6}, {1, 2}], [{8, 5}, {6, 7}, {1, 4}, {2, 3}], [{8, 5}, {6, 7}, {1, 4}, {3}, {2}], [{8, 5}, {6, 7}, {2, 4}, {1, 3}], [{8, 5}, {6, 7}, {3, 4}, {1, 2}], [{8, 5}, {7}, {2, 6}, {1, 4}, {3}], [{8, 6}, {1, 7}, {2, 5}, {3, 4}], [{8, 6}, {1, 7}, {3, 5}, {2, 4}], [{8, 6}, {1, 7}, {4, 5}, {2, 3}], [{8, 6}, {2, 7}, {1, 5}, {3, 4}], [{8, 6}, {2, 7}, {3, 5}, {1, 4}], [{8, 6}, {2, 7}, {4, 5}, {1, 3}], [{8, 6}, {3, 7}, {1, 5}, {2, 4}], [{8, 6}, {3, 7}, {2, 5}, {1, 4}], [{8, 6}, {3, 7}, {4, 5}, {1, 2}], [{8, 6}, {4, 7}, {1, 5}, {2, 3}], [{8, 6}, {4, 7}, {2, 5}, {1, 3}], [{8, 6}, {4, 7}, {3, 5}, {1, 2}], [{8, 6}, {5, 7}, {1, 4}, {2, 3}], [{8, 6}, {5, 7}, {1, 4}, {3}, {2}], [{8, 6}, {5, 7}, {2, 4}, {1, 3}], [{8, 6}, {5, 7}, {3, 4}, {1, 2}], [{8, 6}, {7}, {1, 5}, {2, 4}, {3}], [{8, 6}, {7}, {4, 5}, {1, 3}, {2}], [{8, 6}, {7}, {4, 5}, {2, 3}, {1}], [{8, 6}, {7}, {4, 5}, {3}, {1, 2}], [{8, 7}, {1, 6}, {2, 5}, {3, 4}], [{8, 7}, {1, 6}, {2, 5}, {4}, {3}], [{8, 7}, {1, 6}, {3, 5}, {2, 4}], [{8, 7}, {1, 6}, {4, 5}, {2, 3}], [{8, 7}, {1, 6}, {4, 5}, {3}, {2}], [{8, 7}, {1, 6}, {5}, {2, 4}, {3}], [{8, 7}, {2, 6}, {1, 5}, {3, 4}], [{8, 7}, {2, 6}, {1, 5}, {4}, {3}], [{8, 7}, {2, 6}, {3, 5}, {1, 4}], [{8, 7}, {2, 6}, {4, 5}, {1, 3}], [{8, 7}, {2, 6}, {4, 5}, {3}, {1}], [{8, 7}, {2, 6}, {5}, {1, 4}, {3}], [{8, 7}, {3, 6}, {1, 5}, {2, 4}], [{8, 7}, {3, 6}, {2, 5}, {1, 4}], [{8, 7}, {3, 6}, {4, 5}, {1, 2}], [{8, 7}, {3, 6}, {4, 5}, {2}, {1}], [{8, 7}, {3, 6}, {5}, {4}, {1, 2}], [{8, 7}, {4, 6}, {1, 5}, {2, 3}], [{8, 7}, {4, 6}, {1, 5}, {3}, {2}], [{8, 7}, {4, 6}, {2, 5}, {1, 3}], [{8, 7}, {4, 6}, {2, 5}, {3}, {1}], [{8, 7}, {4, 6}, {3, 5}, {1, 2}], [{8, 7}, {4, 6}, {5}, {3}, {1, 2}], [{8, 7}, {5, 6}, {1, 4}, {2, 3}], [{8, 7}, {5, 6}, {1, 4}, {3}, {2}], [{8, 7}, {5, 6}, {2, 4}, {1, 3}], [{8, 7}, {5, 6}, {2, 4}, {3}, {1}], [{8, 7}, {5, 6}, {3, 4}, {1, 2}], [{8, 7}, {5, 6}, {4}, {3}, {1, 2}], [{8, 7}, {6}, {1, 5}, {2, 4}, {3}], [{8, 7}, {6}, {2, 5}, {1, 4}, {3}], [{8, 7}, {6}, {3, 5}, {4}, {1, 2}], [{8, 7}, {6}, {4, 5}, {1, 3}, {2}], [{8, 7}, {6}, {4, 5}, {2, 3}, {1}], [{8, 7}, {6}, {4, 5}, {3}, {1, 2}], [{8, 7}, {6}, {4, 5}, {3}, {2}, {1}], [{8, 7}, {6}, {5}, {3, 4}, {1, 2}], [{8, 7}, {6}, {5}, {4}, {3}, {1, 2}], [{8}, {1, 7}, {2, 6}, {4, 5}, {3}], [{8}, {1, 7}, {5, 6}, {2, 4}, {3}], [{8}, {2, 7}, {6}, {1, 5}, {3, 4}], [{8}, {3, 7}, {1, 6}, {4, 5}, {2}], [{8}, {4, 7}, {2, 6}, {1, 5}, {3}], [{8}, {4, 7}, {5, 6}, {3}, {1, 2}], [{8}, {5, 7}, {2, 6}, {1, 4}, {3}], [{8}, {6, 7}, {1, 5}, {2, 4}, {3}], [{8}, {6, 7}, {4, 5}, {1, 3}, {2}], [{8}, {6, 7}, {4, 5}, {2, 3}, {1}], [{8}, {6, 7}, {4, 5}, {3}, {1, 2}], [{8}, {7}, {3, 6}, {2, 5}, {1, 4}]]",2,16 K_1^3 - 10 K_1^2 - 12 K_1 K_2 - 6 K_1 + 5 K_2 + 2 K_3 + 6,O1O2O3U2O4U5U6U7O5O8U3O7U4U1O6U8,O1O2O3U4O5U6U5U7O8U2O7O4U1O6U8U3,O1O2O3U1U4O5U3O6O7U2O4U7U8U5O8U6,c,{'O1O2O3U4O5U3U6O7U1O4O8U7U5U8O6U2'},1,"<a href=""/flatknot/8.1101557"">8.1101557</a>",t^9-31t^7-40t^6+175t^5+284t^4-185t^3-344t^2-23t-8,-t^2+2t,,
8.1101558,O1O2O3U4O5U3U6O7U2O4O8U1U7U8O6U5,4,14z^2+83z+111,14w^3z^2+83w^2z+111w,False,False,"[[ 0 -2  0  0 -1  2 -1  0  2],[ 2  0  1  1  0  3  0  1  2],[ 0 -1  0  0 -1  1  0  0  1],[ 0 -1  0  0  0  0  1 -1  0],[ 1  0  1  0  0  2  0  0  1],[-2 -3 -1  0 -2  0 -2 -1  1],[ 1  0  0 -1  0  2  0  1  1],[ 0 -1  0  1  0  1 -1  0  1],[-2 -2 -1  0 -1 -1 -1 -1  0]]","[[ 0  2  2  0  0  0 -1 -1 -2],[-2  0  1  0 -1 -1 -2 -2 -3],[-2 -1  0  0 -1 -1 -1 -1 -2],[ 0  0  0  0  0 -1  1  0 -1],[ 0  1  1  0  0  0  0 -1 -1],[ 0  1  1  1  0  0 -1  0 -1],[ 1  2  1 -1  0  1  0  0  0],[ 1  2  1  0  1  0  0  0  0],[ 2  3  2  1  1  1  0  0  0]]",True,"[-2,-2,0,0,0,1,1,2,-1,0,1,1,2,2,3,0,1,1,1,1,2,0,1,-1,0,1,0,0,1,1,1,0,1,0,0,0]","[-2,-2,0,0,0,1,1,2,-1,0,1,1,2,2,3,0,1,1,1,1,2,0,1,-1,0,1,0,0,1,1,1,0,1,0,0,0]",t^8+35t^6+120t^4+60t^2,"[-2,-1,-1,0,0,0,2,2,1,1,1,1,1,1,2,0,0,1,1,1,2,1,0,2,1,2,0,0,1,1,-1,1,1,2,2,-1]","[-2,-2,0,0,0,1,1,2,-1,1,1,2,2,2,2,1,1,2,1,1,1,0,0,0,1,1,1,1,0,1,1,2,1,0,1,1]","[-2,-1,-1,0,0,0,2,2,0,0,1,1,1,2,3,0,-1,0,1,1,2,0,1,0,1,2,0,-1,0,0,0,1,1,1,1,-1]",c,"[[{8, 3}, {6, 7}, {1, 5}, {2, 4}], [{8, 3}, {6, 7}, {2, 5}, {1, 4}], [{8, 6}, {3, 7}, {4, 5}, {1, 2}]]",1,16 K_1^3 - 30 K_1^2 - 16 K_1 K_2 - 4 K_1 + 15 K_2 + 4 K_3 + 16,O1O2O3U4O5U6U7U3O6O8U2O7U5U1O4U8,O1O2O3U4O5U1U6U7O8U5O7O4U2O6U8U3,O1O2O3U1U4O5U2O6O7U8O4U7U5U3O8U6,c,{'O1O2O3U4O5U3U6O7U2O4O8U1U7U8O6U5'},1,"<a href=""/flatknot/8.1101558"">8.1101558</a>",t^9-33t^7-52t^6+27t^5+96t^4+85t^3+56t^2+16t-4,-t^2+2t,,
8.1101559,O1O2O3U4O5U3U6O7U2O4O8U5U7U1O6U8,3,2z^2+39z+71,2w^3z^2+39w^2z+71w,False,False,"[[ 0  0  0  0 -1  0 -1  0  2],[ 0  0 -1  0  0  0 -1  1  2],[ 0  1  0  0 -1  1 -1  1  1],[ 0  0  0  0  0  0  0  0  1],[ 1  0  1  0  0  0  1 -1  1],[ 0  0 -1  0  0  0 -1  1  1],[ 1  1  1  0 -1  1  0  0  1],[ 0 -1 -1  0  1 -1  0  0  1],[-2 -2 -1 -1 -1 -1 -1 -1  0]]","[[ 0  2  0  0  0  0  0 -1 -1],[-2  0 -1 -1 -1 -1 -2 -1 -1],[ 0  1  0  1  1  0  1 -1 -1],[ 0  1 -1  0  1  0  0  0 -1],[ 0  1 -1 -1  0  0 -1  1  0],[ 0  1  0  0  0  0  0  0  0],[ 0  2 -1  0  1  0  0  0 -1],[ 1  1  1  0 -1  0  0  0  1],[ 1  1  1  1  0  0  1 -1  0]]",True,"[-2,0,0,0,0,0,1,1,1,1,1,1,2,1,1,-1,-1,0,-1,1,1,-1,0,0,0,1,0,1,-1,0,0,0,0,0,1,-1]","[-2,0,0,0,0,0,1,1,0,1,1,1,1,2,2,-1,0,0,1,0,1,0,1,1,0,0,0,0,1,1,1,0,1,1,2,-1]",t^8+21t^6+85t^4,"[-1,-1,0,0,0,0,0,2,-1,0,1,1,1,2,2,0,0,0,1,1,2,-1,-1,0,-1,1,0,0,-1,0,0,-1,1,0,1,1]","[-2,0,0,0,0,0,1,1,0,1,1,1,1,2,2,-1,0,0,1,0,1,0,1,1,0,0,0,0,1,1,1,0,1,1,2,-1]","[-1,-1,0,0,0,0,0,2,-1,0,0,1,1,1,1,-1,0,0,0,1,1,0,-1,-1,-1,1,0,0,0,1,0,-1,1,-1,2,1]",c,"[[{8, 5}, {1, 7}, {3, 6}, {2, 4}]]",1,- 18 K_1^2 - 4 K_1 K_2 + 2 K_1 + 9 K_2 + 2 K_3 + 10,O1O2O3U4O5U3U6U7O4O8U2O6U5U1O7U8,O1O2O3U4O5U3U6U7O8U1O7O4U2O6U8U5,O1O2O3U4U5O6U2O7O8U3O5U8U6U1O4U7,c,"{'O1O2O3U4O5U3U6U1O7O4O8U5U2U7O6U8', 'O1O2O3U4O5U3U6O7U2O4O8U5U7U1O6U8', 'O1O2O3U4U2O5U6U1O7O4O8U3U5U7O6U8'}",3,"<a href=""/flatknot/8.1101559"">8.1101559</a>",t^9-19t^7-42t^6-18t^5+30t^4+8t^3-22t^2,-t^2+2t,,
8.1101560,O1O2O3U4O5U3U6O7U2O4O8U7U1U5O6U8,3,10z^2+55z+71,10w^3z^2+55w^2z+71w,False,False,"[[ 0 -1  0  0 -1  2 -1 -1  2],[ 1  0  0  1  0  2  0  0  2],[ 0  0  0  0 -1  2 -1  0  1],[ 0 -1  0  0  0  0  0 -1  1],[ 1  0  1  0  0  1  1 -1  1],[-2 -2 -2  0 -1  0 -2  0  1],[ 1  0  1  0 -1  2  0 -1  1],[ 1  0  0  1  1  0  1  0  1],[-2 -2 -1 -1 -1 -1 -1 -1  0]]","[[ 0  2  2 -1 -1 -1 -1],[-2  0  1  0 -1 -2 -2],[-2 -1  0 -1 -1 -1 -2],[ 1  0  1  0  1  1  0],[ 1  1  1 -1  0  1  0],[ 1  2  1 -1 -1  0  0],[ 1  2  2  0  0  0  0]]",False,"[-2,-2,1,1,1,1,-1,0,1,2,2,1,1,1,2,-1,-1,0,-1,0,0]","[-2,-2,1,1,1,1,-1,0,1,2,2,1,1,1,2,-1,-1,0,-1,0,0]",t^6+20t^4+51t^2,"[-1,-1,-1,-1,2,2,-1,-1,0,2,3,-1,0,2,2,0,2,1,1,1,1]","[-2,-2,1,1,1,1,-1,1,2,2,2,1,1,2,3,0,0,0,-1,-1,-1]","[-1,-1,-1,-1,2,2,-1,-1,0,1,2,-1,0,1,1,0,1,0,2,2,-1]",c,"[[{8, 1}, {3, 7}, {2, 6}, {4, 5}], [{8, 1}, {6, 7}, {4, 5}, {2, 3}], [{8, 1}, {6, 7}, {5}, {4}, {2, 3}], [{8, 5}, {4, 7}, {1, 6}, {2, 3}], [{8, 7}, {5, 6}, {1, 4}, {2, 3}]]",1,4 K_1^3 - 16 K_1^2 - 8 K_1 K_2 + K_1 + 8 K_2 + 3 K_3 + 9,O1O2O3U4O5U6U3U7O4O8U2O7U5U1O6U8,O1O2O3U4O5U2U6U7O8U3O7O4U1O6U8U5,O1O2O3U4U5O6U3O7O8U1O5U8U6U2O4U7,c,"{'O1O2O3U4O5U3U6U1O7O4O8U2U7U5O6U8', 'O1O2O3U4O5U3U6O7U2O4O8U7U1U5O6U8'}",2,"<a href=""/flatknot/8.1101560"">8.1101560</a>",t^7-16t^5-24t^4+13t^3+32t^2+8t-2,-2t^2+4t,,
8.1101561,O1O2O3U4O5U3U6O7U2O4O8U7U1U8O6U5,4,14z^2+67z+79,14w^3z^2+67w^2z+79w,False,False,"[[ 0 -1  0  0 -1  2 -1 -1  2],[ 1  0  0  1  0  2  0  0  2],[ 0  0  0  0 -1  1  0  0  1],[ 0 -1  0  0  0  0  1 -1  0],[ 1  0  1  0  0  2  0 -1  1],[-2 -2 -1  0 -2  0 -2 -1  1],[ 1  0  0 -1  0  2  0  0  1],[ 1  0  0  1  1  1  0  0  1],[-2 -2 -1  0 -1 -1 -1 -1  0]]","[[ 0  2  2  0  0 -1 -1 -1 -1],[-2  0  1  0 -1 -1 -2 -2 -2],[-2 -1  0  0 -1 -1 -1 -1 -2],[ 0  0  0  0  0 -1  1  0 -1],[ 0  1  1  0  0  0  0 -1  0],[ 1  1  1  1  0  0  0  1  0],[ 1  2  1 -1  0  0  0  0  0],[ 1  2  1  0  1 -1  0  0  0],[ 1  2  2  1  0  0  0  0  0]]",True,"[-2,-2,0,0,1,1,1,1,-1,0,1,1,2,2,2,0,1,1,1,1,2,0,1,-1,0,1,0,0,1,0,0,-1,0,0,0,0]","[-2,-2,0,0,1,1,1,1,-1,0,1,1,2,2,2,0,1,1,1,1,2,0,1,-1,0,1,0,0,1,0,0,-1,0,0,0,0]",t^8+28t^6+117t^4+98t^2,"[-1,-1,-1,-1,0,0,2,2,-1,0,0,0,1,2,2,0,0,1,0,1,2,0,0,1,1,1,2,1,1,2,0,2,2,1,1,-1]","[-2,-2,0,0,1,1,1,1,-1,1,2,1,2,2,2,1,2,1,1,1,2,0,1,0,1,1,0,1,2,0,0,0,0,0,-1,0]","[-1,-1,-1,-1,0,0,2,2,-1,0,0,0,1,1,2,0,0,1,0,1,1,0,-1,0,1,2,1,0,2,2,0,0,0,1,1,-1]",c,"[[{8, 1}, {2, 7}, {3, 6}, {4, 5}], [{8, 1}, {2, 7}, {4, 6}, {3, 5}], [{8, 1}, {2, 7}, {5, 6}, {3, 4}], [{8, 1}, {2, 7}, {5, 6}, {4}, {3}], [{8, 1}, {2, 7}, {6}, {5}, {3, 4}], [{8, 1}, {3, 7}, {2, 6}, {4, 5}], [{8, 1}, {3, 7}, {4, 6}, {2, 5}], [{8, 1}, {3, 7}, {4, 6}, {5}, {2}], [{8, 1}, {3, 7}, {5, 6}, {2, 4}], [{8, 1}, {3, 7}, {6}, {2, 5}, {4}], [{8, 1}, {4, 7}, {2, 6}, {3, 5}], [{8, 1}, {4, 7}, {3, 6}, {2, 5}], [{8, 1}, {4, 7}, {5, 6}, {2, 3}], [{8, 1}, {4, 7}, {6}, {2, 5}, {3}], [{8, 1}, {5, 7}, {2, 6}, {3, 4}], [{8, 1}, {5, 7}, {3, 6}, {2, 4}], [{8, 1}, {5, 7}, {3, 6}, {4}, {2}], [{8, 1}, {5, 7}, {4, 6}, {2, 3}], [{8, 1}, {5, 7}, {4, 6}, {3}, {2}], [{8, 1}, {5, 7}, {6}, {3, 4}, {2}], [{8, 1}, {6, 7}, {2, 5}, {3, 4}], [{8, 1}, {6, 7}, {3, 5}, {2, 4}], [{8, 1}, {6, 7}, {4, 5}, {2, 3}], [{8, 1}, {6, 7}, {4, 5}, {3}, {2}], [{8, 1}, {7}, {3, 6}, {5}, {2, 4}], [{8, 1}, {7}, {4, 6}, {3, 5}, {2}], [{8, 1}, {7}, {6}, {2, 5}, {3, 4}], [{8, 2}, {1, 7}, {3, 6}, {4, 5}], [{8, 2}, {1, 7}, {4, 6}, {3, 5}], [{8, 2}, {1, 7}, {5, 6}, {3, 4}], [{8, 2}, {3, 7}, {1, 6}, {4, 5}], [{8, 2}, {3, 7}, {4, 6}, {1, 5}], [{8, 2}, {3, 7}, {5, 6}, {1, 4}], [{8, 2}, {4, 7}, {1, 6}, {3, 5}], [{8, 2}, {4, 7}, {3, 6}, {1, 5}], [{8, 2}, {4, 7}, {5, 6}, {1, 3}], [{8, 2}, {4, 7}, {6}, {3, 5}, {1}], [{8, 2}, {5, 7}, {1, 6}, {3, 4}], [{8, 2}, {5, 7}, {3, 6}, {1, 4}], [{8, 2}, {5, 7}, {4, 6}, {1, 3}], [{8, 2}, {6, 7}, {1, 5}, {3, 4}], [{8, 2}, {6, 7}, {1, 5}, {4}, {3}], [{8, 2}, {6, 7}, {3, 5}, {1, 4}], [{8, 2}, {6, 7}, {3, 5}, {4}, {1}], [{8, 2}, {6, 7}, {4, 5}, {1, 3}], [{8, 2}, {6, 7}, {5}, {4}, {1, 3}], [{8, 2}, {7}, {3, 6}, {5}, {1, 4}], [{8, 2}, {7}, {4, 6}, {3, 5}, {1}], [{8, 2}, {7}, {6}, {1, 5}, {3, 4}], [{8, 3}, {1, 7}, {2, 6}, {4, 5}], [{8, 3}, {1, 7}, {2, 6}, {5}, {4}], [{8, 3}, {1, 7}, {4, 6}, {2, 5}], [{8, 3}, {1, 7}, {5, 6}, {2, 4}], [{8, 3}, {1, 7}, {6}, {4, 5}, {2}], [{8, 3}, {2, 7}, {1, 6}, {4, 5}], [{8, 3}, {2, 7}, {1, 6}, {5}, {4}], [{8, 3}, {2, 7}, {4, 6}, {1, 5}], [{8, 3}, {2, 7}, {4, 6}, {5}, {1}], [{8, 3}, {2, 7}, {5, 6}, {1, 4}], [{8, 3}, {2, 7}, {5, 6}, {4}, {1}], [{8, 3}, {2, 7}, {6}, {1, 5}, {4}], [{8, 3}, {2, 7}, {6}, {4, 5}, {1}], [{8, 3}, {2, 7}, {6}, {5}, {1, 4}], [{8, 3}, {2, 7}, {6}, {5}, {4}, {1}], [{8, 3}, {4, 7}, {1, 6}, {2, 5}], [{8, 3}, {4, 7}, {2, 6}, {1, 5}], [{8, 3}, {4, 7}, {5, 6}, {1, 2}], [{8, 3}, {4, 7}, {6}, {2, 5}, {1}], [{8, 3}, {5, 7}, {1, 6}, {2, 4}], [{8, 3}, {5, 7}, {2, 6}, {1, 4}], [{8, 3}, {5, 7}, {4, 6}, {1, 2}], [{8, 3}, {5, 7}, {6}, {2, 4}, {1}], [{8, 3}, {6, 7}, {1, 5}, {2, 4}], [{8, 3}, {6, 7}, {2, 5}, {1, 4}], [{8, 3}, {6, 7}, {4, 5}, {1, 2}], [{8, 3}, {6, 7}, {4, 5}, {2}, {1}], [{8, 3}, {6, 7}, {5}, {4}, {1, 2}], [{8, 3}, {7}, {1, 6}, {4, 5}, {2}], [{8, 3}, {7}, {2, 6}, {4, 5}, {1}], [{8, 3}, {7}, {6}, {4, 5}, {1, 2}], [{8, 3}, {7}, {6}, {4, 5}, {2}, {1}], [{8, 4}, {1, 7}, {2, 6}, {3, 5}], [{8, 4}, {1, 7}, {3, 6}, {2, 5}], [{8, 4}, {1, 7}, {5, 6}, {2, 3}], [{8, 4}, {2, 7}, {1, 6}, {3, 5}], [{8, 4}, {2, 7}, {1, 6}, {5}, {3}], [{8, 4}, {2, 7}, {3, 6}, {1, 5}], [{8, 4}, {2, 7}, {3, 6}, {5}, {1}], [{8, 4}, {2, 7}, {5, 6}, {1, 3}], [{8, 4}, {2, 7}, {5, 6}, {3}, {1}], [{8, 4}, {2, 7}, {6}, {1, 5}, {3}], [{8, 4}, {2, 7}, {6}, {3, 5}, {1}], [{8, 4}, {2, 7}, {6}, {5}, {1, 3}], [{8, 4}, {2, 7}, {6}, {5}, {3}, {1}], [{8, 4}, {3, 7}, {1, 6}, {2, 5}], [{8, 4}, {3, 7}, {2, 6}, {1, 5}], [{8, 4}, {3, 7}, {5, 6}, {1, 2}], [{8, 4}, {5, 7}, {1, 6}, {2, 3}], [{8, 4}, {5, 7}, {1, 6}, {3}, {2}], [{8, 4}, {5, 7}, {2, 6}, {1, 3}], [{8, 4}, {5, 7}, {3, 6}, {1, 2}], [{8, 4}, {6, 7}, {1, 5}, {2, 3}], [{8, 4}, {6, 7}, {1, 5}, {3}, {2}], [{8, 4}, {6, 7}, {2, 5}, {1, 3}], [{8, 4}, {6, 7}, {3, 5}, {1, 2}], [{8, 4}, {7}, {1, 6}, {2, 5}, {3}], [{8, 4}, {7}, {2, 6}, {1, 5}, {3}], [{8, 5}, {1, 7}, {2, 6}, {3, 4}], [{8, 5}, {1, 7}, {2, 6}, {4}, {3}], [{8, 5}, {1, 7}, {3, 6}, {2, 4}], [{8, 5}, {1, 7}, {4, 6}, {2, 3}], [{8, 5}, {2, 7}, {1, 6}, {3, 4}], [{8, 5}, {2, 7}, {3, 6}, {1, 4}], [{8, 5}, {2, 7}, {3, 6}, {4}, {1}], [{8, 5}, {2, 7}, {4, 6}, {1, 3}], [{8, 5}, {2, 7}, {4, 6}, {3}, {1}], [{8, 5}, {2, 7}, {6}, {3, 4}, {1}], [{8, 5}, {3, 7}, {1, 6}, {2, 4}], [{8, 5}, {3, 7}, {2, 6}, {1, 4}], [{8, 5}, {3, 7}, {4, 6}, {1, 2}], [{8, 5}, {4, 7}, {1, 6}, {2, 3}], [{8, 5}, {4, 7}, {2, 6}, {1, 3}], [{8, 5}, {4, 7}, {3, 6}, {1, 2}], [{8, 5}, {6, 7}, {1, 4}, {2, 3}], [{8, 5}, {6, 7}, {2, 4}, {1, 3}], [{8, 5}, {6, 7}, {3, 4}, {1, 2}], [{8, 5}, {7}, {6}, {1, 4}, {2, 3}], [{8, 5}, {7}, {6}, {2, 4}, {1, 3}], [{8, 6}, {1, 7}, {2, 5}, {3, 4}], [{8, 6}, {1, 7}, {3, 5}, {2, 4}], [{8, 6}, {1, 7}, {4, 5}, {2, 3}], [{8, 6}, {2, 7}, {1, 5}, {3, 4}], [{8, 6}, {2, 7}, {3, 5}, {1, 4}], [{8, 6}, {2, 7}, {3, 5}, {4}, {1}], [{8, 6}, {2, 7}, {4, 5}, {1, 3}], [{8, 6}, {2, 7}, {4, 5}, {3}, {1}], [{8, 6}, {2, 7}, {5}, {3, 4}, {1}], [{8, 6}, {3, 7}, {1, 5}, {2, 4}], [{8, 6}, {3, 7}, {1, 5}, {4}, {2}], [{8, 6}, {3, 7}, {2, 5}, {1, 4}], [{8, 6}, {3, 7}, {2, 5}, {4}, {1}], [{8, 6}, {3, 7}, {4, 5}, {1, 2}], [{8, 6}, {3, 7}, {5}, {4}, {1, 2}], [{8, 6}, {4, 7}, {1, 5}, {2, 3}], [{8, 6}, {4, 7}, {2, 5}, {1, 3}], [{8, 6}, {4, 7}, {3, 5}, {1, 2}], [{8, 6}, {5, 7}, {1, 4}, {2, 3}], [{8, 6}, {5, 7}, {2, 4}, {1, 3}], [{8, 6}, {5, 7}, {2, 4}, {3}, {1}], [{8, 6}, {5, 7}, {3, 4}, {1, 2}], [{8, 6}, {5, 7}, {4}, {1, 3}, {2}], [{8, 6}, {7}, {5}, {1, 4}, {2, 3}], [{8, 6}, {7}, {5}, {2, 4}, {1, 3}], [{8, 7}, {1, 6}, {2, 5}, {3, 4}], [{8, 7}, {1, 6}, {3, 5}, {2, 4}], [{8, 7}, {1, 6}, {4, 5}, {2, 3}], [{8, 7}, {1, 6}, {4, 5}, {3}, {2}], [{8, 7}, {2, 6}, {1, 5}, {3, 4}], [{8, 7}, {2, 6}, {3, 5}, {1, 4}], [{8, 7}, {2, 6}, {4, 5}, {1, 3}], [{8, 7}, {2, 6}, {4, 5}, {3}, {1}], [{8, 7}, {3, 6}, {1, 5}, {2, 4}], [{8, 7}, {3, 6}, {1, 5}, {4}, {2}], [{8, 7}, {3, 6}, {2, 5}, {1, 4}], [{8, 7}, {3, 6}, {4, 5}, {1, 2}], [{8, 7}, {4, 6}, {1, 5}, {2, 3}], [{8, 7}, {4, 6}, {1, 5}, {3}, {2}], [{8, 7}, {4, 6}, {2, 5}, {1, 3}], [{8, 7}, {4, 6}, {3, 5}, {1, 2}], [{8, 7}, {4, 6}, {3, 5}, {2}, {1}], [{8, 7}, {4, 6}, {5}, {1, 3}, {2}], [{8, 7}, {5, 6}, {1, 4}, {2, 3}], [{8, 7}, {5, 6}, {2, 4}, {1, 3}], [{8, 7}, {5, 6}, {3, 4}, {1, 2}], [{8, 7}, {6}, {1, 5}, {3, 4}, {2}], [{8, 7}, {6}, {4, 5}, {3}, {1, 2}], [{8, 7}, {6}, {5}, {1, 4}, {2, 3}], [{8}, {1, 7}, {2, 6}, {3, 5}, {4}], [{8}, {1, 7}, {4, 6}, {2, 5}, {3}], [{8}, {1, 7}, {4, 6}, {3, 5}, {2}], [{8}, {1, 7}, {4, 6}, {5}, {2, 3}], [{8}, {1, 7}, {6}, {3, 5}, {2, 4}], [{8}, {2, 7}, {1, 6}, {5}, {3, 4}], [{8}, {2, 7}, {3, 6}, {4, 5}, {1}], [{8}, {2, 7}, {4, 6}, {3, 5}, {1}], [{8}, {2, 7}, {5, 6}, {1, 4}, {3}], [{8}, {2, 7}, {5, 6}, {3, 4}, {1}], [{8}, {2, 7}, {5, 6}, {4}, {1, 3}], [{8}, {2, 7}, {5, 6}, {4}, {3}, {1}], [{8}, {2, 7}, {6}, {1, 5}, {3, 4}], [{8}, {2, 7}, {6}, {5}, {3, 4}, {1}], [{8}, {3, 7}, {1, 6}, {2, 5}, {4}], [{8}, {3, 7}, {1, 6}, {4, 5}, {2}], [{8}, {3, 7}, {1, 6}, {5}, {2, 4}], [{8}, {3, 7}, {2, 6}, {4, 5}, {1}], [{8}, {3, 7}, {5, 6}, {1, 4}, {2}], [{8}, {3, 7}, {6}, {4, 5}, {1, 2}], [{8}, {4, 7}, {1, 6}, {5}, {2, 3}], [{8}, {4, 7}, {2, 6}, {5}, {1, 3}], [{8}, {4, 7}, {3, 6}, {5}, {1, 2}], [{8}, {4, 7}, {5, 6}, {1, 3}, {2}], [{8}, {4, 7}, {6}, {2, 5}, {1, 3}], [{8}, {5, 7}, {3, 6}, {2, 4}, {1}], [{8}, {5, 7}, {6}, {1, 4}, {2, 3}], [{8}, {6, 7}, {1, 5}, {2, 4}, {3}], [{8}, {6, 7}, {4, 5}, {1, 3}, {2}], [{8}, {6, 7}, {5}, {1, 4}, {2, 3}], [{8}, {7}, {4, 6}, {3, 5}, {1, 2}], [{8}, {7}, {4, 6}, {3, 5}, {2}, {1}], [{8}, {7}, {5, 6}, {1, 4}, {2, 3}], [{8}, {7}, {5, 6}, {2, 4}, {1, 3}]]",2,8 K_1^3 - 12 K_1^2 - 8 K_1 K_2 - 2 K_1 + 6 K_2 + 2 K_3 + 7,O1O2O3U4O5U6U3U7O6O8U2O7U5U1O4U8,O1O2O3U4O5U2U6U7O8U5O7O4U1O6U8U3,O1O2O3U1U4O5U3O6O7U8O4U7U5U2O8U6,c,"{'O1O2O3U4O5U3U6U1O7O4O8U2U7U8O6U5', 'O1O2O3U4O5U3U6O7U2O4O8U7U1U8O6U5'}",2,"<a href=""/flatknot/8.1101561"">8.1101561</a>",t^9-24t^7-26t^6+39t^5+30t^4+5t^3-t,-2t^2+4t,,
8.1101562,O1O2O3U4O5U3U6O7U2O4O8U7U5U1O6U8,4,3z^3+34z^2+106z+101,3w^4z^3+34w^3z^2+106w^2z+101w,False,False,"[[ 0  0  0  0 -1  1 -1 -1  2],[ 0  0 -1  0  0  1 -1  0  2],[ 0  1  0  0 -1  2 -1  0  1],[ 0  0  0  0  0  0  0 -1  1],[ 1  0  1  0  0  0  1 -1  1],[-1 -1 -2  0  0  0 -1  0  1],[ 1  1  1  0 -1  1  0 -1  1],[ 1  0  0  1  1  0  1  0  1],[-2 -2 -1 -1 -1 -1 -1 -1  0]]","[[ 0  2  1  0  0  0 -1 -1 -1],[-2  0 -1 -1 -1 -2 -1 -1 -1],[-1  1  0  0 -2 -1  0  0 -1],[ 0  1  0  0  0  0  0 -1  0],[ 0  1  2  0  0  1 -1  0 -1],[ 0  2  1  0 -1  0  0  0 -1],[ 1  1  0  0  1  0  0 -1  1],[ 1  1  0  1  0  0  1  0  1],[ 1  1  1  0  1  1 -1 -1  0]]",True,"[-2,-1,0,0,0,1,1,1,1,1,1,2,1,1,1,0,2,1,0,0,1,0,0,0,1,0,-1,1,0,1,0,0,1,1,-1,-1]","[-2,-1,0,0,0,1,1,1,0,0,1,1,2,2,2,0,-1,1,1,2,2,-1,0,0,1,1,0,0,0,1,1,1,0,-1,-1,-1]",t^8+24t^6+123t^4+34t^2+1,"[-1,-1,-1,0,0,0,1,2,-1,-1,0,1,1,2,2,-1,1,0,1,2,2,1,0,0,1,2,0,0,1,1,-1,-1,1,0,0,0]","[-2,-1,0,0,0,1,1,1,0,0,1,1,2,2,2,0,-1,1,1,2,2,-1,0,0,1,1,0,0,0,1,1,1,0,-1,-1,-1]","[-1,-1,-1,0,0,0,1,2,-1,-1,0,1,1,1,1,-1,0,0,1,0,1,1,0,0,0,1,0,0,0,1,-1,1,2,2,1,1]",c,"[[{8, 1}, {2, 7}, {3, 6}, {4, 5}], [{8, 1}, {2, 7}, {3, 6}, {5}, {4}], [{8, 1}, {2, 7}, {4, 6}, {3, 5}], [{8, 1}, {2, 7}, {5, 6}, {3, 4}], [{8, 1}, {3, 7}, {2, 6}, {4, 5}], [{8, 1}, {3, 7}, {4, 6}, {2, 5}], [{8, 1}, {3, 7}, {5, 6}, {2, 4}], [{8, 1}, {4, 7}, {2, 6}, {3, 5}], [{8, 1}, {4, 7}, {3, 6}, {2, 5}], [{8, 1}, {4, 7}, {5, 6}, {2, 3}], [{8, 1}, {4, 7}, {5, 6}, {3}, {2}], [{8, 1}, {5, 7}, {2, 6}, {3, 4}], [{8, 1}, {5, 7}, {3, 6}, {2, 4}], [{8, 1}, {5, 7}, {3, 6}, {4}, {2}], [{8, 1}, {5, 7}, {4, 6}, {2, 3}], [{8, 1}, {6, 7}, {2, 5}, {3, 4}], [{8, 1}, {6, 7}, {3, 5}, {2, 4}], [{8, 1}, {6, 7}, {4, 5}, {2, 3}], [{8, 1}, {6, 7}, {4, 5}, {3}, {2}], [{8, 1}, {6, 7}, {5}, {4}, {2, 3}], [{8, 1}, {7}, {2, 6}, {3, 5}, {4}], [{8, 1}, {7}, {3, 6}, {2, 5}, {4}], [{8, 1}, {7}, {4, 6}, {3, 5}, {2}], [{8, 1}, {7}, {6}, {3, 5}, {2, 4}], [{8, 1}, {7}, {6}, {4, 5}, {2, 3}], [{8, 2}, {1, 7}, {3, 6}, {4, 5}], [{8, 2}, {1, 7}, {4, 6}, {3, 5}], [{8, 2}, {1, 7}, {5, 6}, {3, 4}], [{8, 2}, {3, 7}, {1, 6}, {4, 5}], [{8, 2}, {3, 7}, {4, 6}, {1, 5}], [{8, 2}, {3, 7}, {5, 6}, {1, 4}], [{8, 2}, {3, 7}, {5, 6}, {4}, {1}], [{8, 2}, {3, 7}, {6}, {5}, {1, 4}], [{8, 2}, {4, 7}, {1, 6}, {3, 5}], [{8, 2}, {4, 7}, {1, 6}, {5}, {3}], [{8, 2}, {4, 7}, {3, 6}, {1, 5}], [{8, 2}, {4, 7}, {5, 6}, {1, 3}], [{8, 2}, {4, 7}, {5, 6}, {3}, {1}], [{8, 2}, {4, 7}, {6}, {1, 5}, {3}], [{8, 2}, {5, 7}, {1, 6}, {3, 4}], [{8, 2}, {5, 7}, {3, 6}, {1, 4}], [{8, 2}, {5, 7}, {4, 6}, {1, 3}], [{8, 2}, {5, 7}, {6}, {4}, {1, 3}], [{8, 2}, {6, 7}, {1, 5}, {3, 4}], [{8, 2}, {6, 7}, {1, 5}, {4}, {3}], [{8, 2}, {6, 7}, {3, 5}, {1, 4}], [{8, 2}, {6, 7}, {4, 5}, {1, 3}], [{8, 2}, {6, 7}, {4, 5}, {3}, {1}], [{8, 2}, {6, 7}, {5}, {1, 4}, {3}], [{8, 2}, {7}, {3, 6}, {5}, {1, 4}], [{8, 2}, {7}, {4, 6}, {1, 5}, {3}], [{8, 2}, {7}, {4, 6}, {3, 5}, {1}], [{8, 2}, {7}, {4, 6}, {5}, {1, 3}], [{8, 2}, {7}, {5, 6}, {3, 4}, {1}], [{8, 3}, {1, 7}, {2, 6}, {4, 5}], [{8, 3}, {1, 7}, {4, 6}, {2, 5}], [{8, 3}, {1, 7}, {5, 6}, {2, 4}], [{8, 3}, {2, 7}, {1, 6}, {4, 5}], [{8, 3}, {2, 7}, {4, 6}, {1, 5}], [{8, 3}, {2, 7}, {4, 6}, {5}, {1}], [{8, 3}, {2, 7}, {5, 6}, {1, 4}], [{8, 3}, {4, 7}, {1, 6}, {2, 5}], [{8, 3}, {4, 7}, {2, 6}, {1, 5}], [{8, 3}, {4, 7}, {5, 6}, {1, 2}], [{8, 3}, {5, 7}, {1, 6}, {2, 4}], [{8, 3}, {5, 7}, {2, 6}, {1, 4}], [{8, 3}, {5, 7}, {4, 6}, {1, 2}], [{8, 3}, {6, 7}, {1, 5}, {2, 4}], [{8, 3}, {6, 7}, {1, 5}, {4}, {2}], [{8, 3}, {6, 7}, {2, 5}, {1, 4}], [{8, 3}, {6, 7}, {4, 5}, {1, 2}], [{8, 3}, {6, 7}, {4, 5}, {2}, {1}], [{8, 3}, {6, 7}, {5}, {1, 4}, {2}], [{8, 4}, {1, 7}, {2, 6}, {3, 5}], [{8, 4}, {1, 7}, {3, 6}, {2, 5}], [{8, 4}, {1, 7}, {5, 6}, {2, 3}], [{8, 4}, {1, 7}, {5, 6}, {3}, {2}], [{8, 4}, {2, 7}, {1, 6}, {3, 5}], [{8, 4}, {2, 7}, {1, 6}, {5}, {3}], [{8, 4}, {2, 7}, {3, 6}, {1, 5}], [{8, 4}, {2, 7}, {5, 6}, {1, 3}], [{8, 4}, {2, 7}, {5, 6}, {3}, {1}], [{8, 4}, {2, 7}, {6}, {1, 5}, {3}], [{8, 4}, {3, 7}, {1, 6}, {2, 5}], [{8, 4}, {3, 7}, {2, 6}, {1, 5}], [{8, 4}, {3, 7}, {2, 6}, {5}, {1}], [{8, 4}, {3, 7}, {5, 6}, {1, 2}], [{8, 4}, {5, 7}, {1, 6}, {2, 3}], [{8, 4}, {5, 7}, {2, 6}, {1, 3}], [{8, 4}, {5, 7}, {3, 6}, {1, 2}], [{8, 4}, {6, 7}, {1, 5}, {2, 3}], [{8, 4}, {6, 7}, {2, 5}, {1, 3}], [{8, 4}, {6, 7}, {3, 5}, {1, 2}], [{8, 4}, {6, 7}, {5}, {2, 3}, {1}], [{8, 4}, {7}, {5, 6}, {3}, {1, 2}], [{8, 5}, {1, 7}, {2, 6}, {3, 4}], [{8, 5}, {1, 7}, {3, 6}, {2, 4}], [{8, 5}, {1, 7}, {4, 6}, {2, 3}], [{8, 5}, {2, 7}, {1, 6}, {3, 4}], [{8, 5}, {2, 7}, {3, 6}, {1, 4}], [{8, 5}, {2, 7}, {4, 6}, {1, 3}], [{8, 5}, {3, 7}, {1, 6}, {2, 4}], [{8, 5}, {3, 7}, {2, 6}, {1, 4}], [{8, 5}, {3, 7}, {4, 6}, {1, 2}], [{8, 5}, {4, 7}, {1, 6}, {2, 3}], [{8, 5}, {4, 7}, {2, 6}, {1, 3}], [{8, 5}, {4, 7}, {3, 6}, {1, 2}], [{8, 5}, {6, 7}, {1, 4}, {2, 3}], [{8, 5}, {6, 7}, {2, 4}, {1, 3}], [{8, 5}, {6, 7}, {3, 4}, {1, 2}], [{8, 5}, {6, 7}, {4}, {2, 3}, {1}], [{8, 5}, {7}, {2, 6}, {4}, {1, 3}], [{8, 5}, {7}, {4, 6}, {1, 3}, {2}], [{8, 5}, {7}, {6}, {2, 4}, {1, 3}], [{8, 6}, {1, 7}, {2, 5}, {3, 4}], [{8, 6}, {1, 7}, {3, 5}, {2, 4}], [{8, 6}, {1, 7}, {4, 5}, {2, 3}], [{8, 6}, {1, 7}, {4, 5}, {3}, {2}], [{8, 6}, {1, 7}, {5}, {4}, {2, 3}], [{8, 6}, {2, 7}, {1, 5}, {3, 4}], [{8, 6}, {2, 7}, {1, 5}, {4}, {3}], [{8, 6}, {2, 7}, {3, 5}, {1, 4}], [{8, 6}, {2, 7}, {3, 5}, {4}, {1}], [{8, 6}, {2, 7}, {4, 5}, {1, 3}], [{8, 6}, {2, 7}, {4, 5}, {3}, {1}], [{8, 6}, {2, 7}, {5}, {1, 4}, {3}], [{8, 6}, {2, 7}, {5}, {3, 4}, {1}], [{8, 6}, {2, 7}, {5}, {4}, {1, 3}], [{8, 6}, {3, 7}, {1, 5}, {2, 4}], [{8, 6}, {3, 7}, {2, 5}, {1, 4}], [{8, 6}, {3, 7}, {2, 5}, {4}, {1}], [{8, 6}, {3, 7}, {4, 5}, {1, 2}], [{8, 6}, {3, 7}, {4, 5}, {2}, {1}], [{8, 6}, {3, 7}, {5}, {2, 4}, {1}], [{8, 6}, {4, 7}, {1, 5}, {2, 3}], [{8, 6}, {4, 7}, {2, 5}, {1, 3}], [{8, 6}, {4, 7}, {3, 5}, {1, 2}], [{8, 6}, {5, 7}, {1, 4}, {2, 3}], [{8, 6}, {5, 7}, {2, 4}, {1, 3}], [{8, 6}, {5, 7}, {3, 4}, {1, 2}], [{8, 6}, {7}, {1, 5}, {3, 4}, {2}], [{8, 6}, {7}, {3, 5}, {1, 4}, {2}], [{8, 6}, {7}, {4, 5}, {1, 3}, {2}], [{8, 6}, {7}, {4, 5}, {2, 3}, {1}], [{8, 6}, {7}, {4, 5}, {3}, {1, 2}], [{8, 6}, {7}, {4, 5}, {3}, {2}, {1}], [{8, 7}, {1, 6}, {2, 5}, {3, 4}], [{8, 7}, {1, 6}, {2, 5}, {4}, {3}], [{8, 7}, {1, 6}, {3, 5}, {2, 4}], [{8, 7}, {1, 6}, {3, 5}, {4}, {2}], [{8, 7}, {1, 6}, {4, 5}, {2, 3}], [{8, 7}, {1, 6}, {4, 5}, {3}, {2}], [{8, 7}, {1, 6}, {5}, {2, 4}, {3}], [{8, 7}, {1, 6}, {5}, {3, 4}, {2}], [{8, 7}, {1, 6}, {5}, {4}, {2, 3}], [{8, 7}, {1, 6}, {5}, {4}, {3}, {2}], [{8, 7}, {2, 6}, {1, 5}, {3, 4}], [{8, 7}, {2, 6}, {1, 5}, {4}, {3}], [{8, 7}, {2, 6}, {3, 5}, {1, 4}], [{8, 7}, {2, 6}, {4, 5}, {1, 3}], [{8, 7}, {2, 6}, {4, 5}, {3}, {1}], [{8, 7}, {2, 6}, {5}, {1, 4}, {3}], [{8, 7}, {3, 6}, {1, 5}, {2, 4}], [{8, 7}, {3, 6}, {2, 5}, {1, 4}], [{8, 7}, {3, 6}, {4, 5}, {1, 2}], [{8, 7}, {3, 6}, {4, 5}, {2}, {1}], [{8, 7}, {4, 6}, {1, 5}, {2, 3}], [{8, 7}, {4, 6}, {1, 5}, {3}, {2}], [{8, 7}, {4, 6}, {2, 5}, {1, 3}], [{8, 7}, {4, 6}, {2, 5}, {3}, {1}], [{8, 7}, {4, 6}, {3, 5}, {1, 2}], [{8, 7}, {4, 6}, {5}, {3}, {1, 2}], [{8, 7}, {5, 6}, {1, 4}, {2, 3}], [{8, 7}, {5, 6}, {1, 4}, {3}, {2}], [{8, 7}, {5, 6}, {2, 4}, {1, 3}], [{8, 7}, {5, 6}, {2, 4}, {3}, {1}], [{8, 7}, {5, 6}, {3, 4}, {1, 2}], [{8, 7}, {5, 6}, {4}, {3}, {1, 2}], [{8, 7}, {6}, {1, 5}, {2, 4}, {3}], [{8, 7}, {6}, {2, 5}, {1, 4}, {3}], [{8, 7}, {6}, {4, 5}, {1, 3}, {2}], [{8, 7}, {6}, {4, 5}, {2, 3}, {1}], [{8, 7}, {6}, {4, 5}, {3}, {1, 2}], [{8, 7}, {6}, {4, 5}, {3}, {2}, {1}], [{8}, {1, 7}, {6}, {4, 5}, {2, 3}], [{8}, {2, 7}, {4, 6}, {1, 5}, {3}], [{8}, {4, 7}, {2, 6}, {3, 5}, {1}], [{8}, {4, 7}, {5, 6}, {3}, {1, 2}], [{8}, {5, 7}, {2, 6}, {3, 4}, {1}], [{8}, {5, 7}, {3, 6}, {2, 4}, {1}], [{8}, {5, 7}, {6}, {1, 4}, {2, 3}], [{8}, {6, 7}, {1, 5}, {4}, {2, 3}], [{8}, {6, 7}, {2, 5}, {3, 4}, {1}], [{8}, {6, 7}, {3, 5}, {2, 4}, {1}], [{8}, {6, 7}, {4, 5}, {1, 3}, {2}], [{8}, {6, 7}, {4, 5}, {2, 3}, {1}], [{8}, {6, 7}, {4, 5}, {3}, {1, 2}], [{8}, {6, 7}, {4, 5}, {3}, {2}, {1}], [{8}, {6, 7}, {5}, {1, 4}, {2, 3}], [{8}, {6, 7}, {5}, {4}, {2, 3}, {1}], [{8}, {7}, {1, 6}, {4, 5}, {2, 3}], [{8}, {7}, {4, 6}, {2, 5}, {1, 3}], [{8}, {7}, {4, 6}, {3, 5}, {1, 2}], [{8}, {7}, {5, 6}, {1, 4}, {2, 3}]]",2,- 10 K_1^2 - 4 K_1 K_2 + 2 K_1 + 5 K_2 + 2 K_3 + 6,O1O2O3U4O5U3U6U7O4O8U2O7U5U1O6U8,O1O2O3U4O5U3U6U7O8U2O7O4U1O6U8U5,O1O2O3U4U5O6U3O7O8U2O5U8U6U1O4U7,c,{'O1O2O3U4O5U3U6O7U2O4O8U7U5U1O6U8'},1,"<a href=""/flatknot/8.1101562"">8.1101562</a>",t^9-22t^7-48t^6+30t^5+214t^4+217t^3-26t^2-105t-26,-t^2+2t,,
8.1101563,O1O2O3U4O5U3U6O7U2O4O8U7U8U1O6U5,4,15z^2+100z+141,15w^3z^2+100w^2z+141w,False,False,"[[ 0  0  0  0 -1  2 -1 -1  1],[ 0  0  0  1 -1  1  0 -1  1],[ 0  0  0  0 -1  1  0  0  1],[ 0 -1  0  0  0  0  1 -1  0],[ 1  1  1  0  0  2  0 -1  0],[-2 -1 -1  0 -2  0 -2 -1  1],[ 1  0  0 -1  0  2  0  0  0],[ 1  1  0  1  1  1  0  0  1],[-1 -1 -1  0  0 -1  0 -1  0]]","[[ 0  2  1  0  0  0 -1 -1 -1],[-2  0  1  0 -1 -1 -1 -2 -2],[-1 -1  0  0 -1 -1 -1  0  0],[ 0  0  0  0  0 -1 -1  1  0],[ 0  1  1  0  0  0  0  0 -1],[ 0  1  1  1  0  0 -1  0 -1],[ 1  1  1  1  0  1  0  0  1],[ 1  2  0 -1  0  0  0  0  0],[ 1  2  0  0  1  1 -1  0  0]]",True,"[-2,-1,0,0,0,1,1,1,-1,0,1,1,1,2,2,0,1,1,1,0,0,0,1,1,-1,0,0,0,0,1,1,0,1,0,-1,0]","[-2,-1,0,0,0,1,1,1,-1,0,1,1,1,2,2,0,1,1,1,0,0,0,1,1,-1,0,0,0,0,1,1,0,1,0,-1,0]",t^8+22t^6+106t^4+122t^2+9,"[-1,-1,-1,0,0,0,1,2,-1,0,0,0,1,1,2,0,0,1,0,2,1,1,2,1,2,1,-1,0,0,1,0,1,2,0,1,2]","[-2,-1,0,0,0,1,1,1,2,1,1,2,1,1,2,0,0,1,2,2,1,0,0,0,1,1,1,0,1,0,1,2,0,0,-1,0]","[-1,-1,-1,0,0,0,1,2,-1,0,0,1,1,0,2,0,1,0,1,1,1,-1,0,0,0,2,0,-1,0,0,0,1,1,1,1,-1]",c,"[[{8, 1}, {6, 7}, {4, 5}, {2, 3}]]",1,- 22 K_1^2 - 4 K_1 K_2 + 2 K_1 + 11 K_2 + 2 K_3 + 12,O1O2O3U4O5U3U6U7O6O8U2O7U5U1O4U8,O1O2O3U4O5U3U6U7O8U5O7O4U1O6U8U2,O1O2O3U2U4O5U3O6O7U8O4U7U5U1O8U6,c,{'O1O2O3U4O5U3U6O7U2O4O8U7U8U1O6U5'},1,"<a href=""/flatknot/8.1101563"">8.1101563</a>",t^9-20t^7-24t^6+41t^5+34t^4-14t^3-16t-2,-t^2+2t,,
8.1101564,O1O2O3U4O5U3U6O7U8O4O8U1U7U5O6U2,3,19z^2+96z+117,19w^3z^2+96w^2z+117w,False,False,"[[ 0 -2  1  0 -1  2 -1  0  1],[ 2  0  2  1  0  2  1  0  3],[-1 -2  0  0 -2  1 -1 -1  0],[ 0 -1  0  0  0  0  0 -1  1],[ 1  0  2  0  0  2  0  1  1],[-2 -2 -1  0 -2  0 -2  0 -2],[ 1 -1  1  0  0  2  0  0  2],[ 0  0  1  1 -1  0  0  0  0],[-1 -3  0 -1 -1  2 -2  0  0]]","[[ 0  2  1  1  0  0 -1 -1 -2],[-2  0 -1 -2  0  0 -2 -2 -2],[-1  1  0  0  0 -1 -1 -2 -2],[-1  2  0  0 -1  0 -2 -1 -3],[ 0  0  0  1  0 -1  0  0 -1],[ 0  0  1  0  1  0  0 -1  0],[ 1  2  1  2  0  0  0  0 -1],[ 1  2  2  1  0  1  0  0  0],[ 2  2  2  3  1  0  1  0  0]]",True,"[-2,-1,-1,0,0,1,1,2,1,2,0,0,2,2,2,0,0,1,1,2,2,1,0,2,1,3,1,0,0,1,0,1,0,0,1,0]","[-2,-1,-1,0,0,1,1,2,-1,0,2,2,1,1,2,0,0,1,0,1,0,1,0,1,0,1,-1,1,1,1,1,0,2,0,0,1]",t^8+46t^6+230t^4+75t^2,"[-2,-1,-1,0,0,1,1,2,0,1,1,2,0,1,2,0,1,1,0,1,1,1,0,1,0,1,1,0,1,2,1,0,2,0,-1,0]","[-2,-1,-1,0,0,1,1,2,-1,0,2,2,1,1,2,0,0,1,0,1,0,1,0,1,0,1,-1,1,1,1,1,0,2,0,0,1]","[-2,-1,-1,0,0,1,1,2,0,1,0,1,2,3,2,0,1,0,2,1,2,0,0,1,2,2,1,1,0,0,0,1,0,0,1,2]",c,"[[{8, 2}, {1, 7}, {4, 6}, {3, 5}], [{8, 2}, {1, 7}, {5, 6}, {3, 4}], [{8, 2}, {6, 7}, {1, 5}, {3, 4}], [{8, 2}, {6, 7}, {3, 5}, {1, 4}], [{8}, {1, 7}, {4, 6}, {3, 5}, {2}], [{8}, {1, 7}, {5, 6}, {3, 4}, {2}], [{8}, {6, 7}, {1, 5}, {3, 4}, {2}], [{8}, {6, 7}, {3, 5}, {1, 4}, {2}]]",1,8 K_1^3 - 16 K_1^2 - 16 K_1 K_2 + 2 K_1 + 8 K_2 + 6 K_3 + 9,O1O2O3U2O4U5U6U3O7O8U7O6U4U1O5U8,O1O2O3U4O5U1U5U6O7U3O6O4U2O8U7U8,O1O2O3U4U5O4U2O6O7U1O5U7U8U3O8U6,c,{'O1O2O3U4O5U3U6O7U8O4O8U1U7U5O6U2'},1,"<a href=""/flatknot/8.1101564"">8.1101564</a>",t^9-46t^7-94t^6+168t^5+420t^4-49t^3-280t^2+60t+104,0,,
8.1101565,O1O2O3U4O5U3U6O7U8O4O8U2U7U1O6U5,4,10z^2+95z+151,10w^3z^2+95w^2z+151w,False,False,"[[ 0  0 -1  0 -1  2 -1  0  1],[ 0  0 -1  1 -1  1  0  0  1],[ 1  1  0  1 -1  1  1  0  2],[ 0 -1 -1  0  0  0  1 -1  1],[ 1  1  1  0  0  3 -1  1  1],[-2 -1 -1  0 -3  0 -2  0 -2],[ 1  0 -1 -1  1  2  0  0  2],[ 0  0  0  1 -1  0  0  0  0],[-1 -1 -2 -1 -1  2 -2  0  0]]","[[ 0  2  1  0  0  0 -1 -1 -1],[-2  0 -2  0  0 -1 -1 -2 -3],[-1  2  0  0 -1 -1 -2 -2 -1],[ 0  0  0  0  1  0  0  0 -1],[ 0  0  1 -1  0 -1 -1  1  0],[ 0  1  1  0  1  0 -1  0 -1],[ 1  1  2  0  1  1  0  1 -1],[ 1  2  2  0 -1  0 -1  0  1],[ 1  3  1  1  0  1  1 -1  0]]",True,"[-2,-1,0,0,0,1,1,1,2,0,0,1,1,2,3,0,1,1,2,2,1,-1,0,0,0,1,1,1,-1,0,1,0,1,-1,1,-1]","[-2,-1,0,0,0,1,1,1,-1,1,2,2,0,1,2,0,0,1,1,0,0,1,0,0,1,0,-1,1,2,0,0,1,1,-1,1,-1]",t^8+40t^6+329t^4+160t^2+1,"[-1,-1,-1,0,0,0,1,2,-1,1,0,0,1,0,2,-1,1,2,1,0,1,0,1,0,1,0,-1,0,0,1,1,0,2,1,2,-1]","[-2,-1,0,0,0,1,1,1,-1,1,2,2,0,1,2,0,0,1,1,0,0,1,0,0,1,0,-1,1,2,0,0,1,1,-1,1,-1]","[-1,-1,-1,0,0,0,1,2,-1,1,-1,0,0,2,2,-1,1,0,1,2,1,0,1,1,1,3,-1,-1,1,0,0,0,0,1,1,2]",c,"[[{8, 2}, {4, 7}, {5, 6}, {1, 3}], [{8, 2}, {5, 7}, {4, 6}, {1, 3}], [{8, 2}, {6, 7}, {4, 5}, {1, 3}]]",1,- 22 K_1^2 - 4 K_1 K_2 + 2 K_1 + 11 K_2 + 2 K_3 + 12,O1O2O3U4O5U3U6U2O7O8U7O6U5U1O4U8,O1O2O3U4O5U3U1U6O7U5O6O4U2O8U7U8,O1O2O3U4U5O4U2O6O7U8O5U7U3U1O8U6,c,{'O1O2O3U4O5U3U6O7U8O4O8U2U7U1O6U5'},1,"<a href=""/flatknot/8.1101565"">8.1101565</a>",t^9-38t^7-108t^6-10t^5+170t^4-19t^3-122t^2+58t+4,-t^2+2t,,
8.1101566,O1O2O3U4O5U3U6O7U8O4O8U5U7U1O6U2,4,6z^3+43z^2+110z+97,6w^4z^3+43w^3z^2+110w^2z+97w,False,False,"[[ 0  0  1  0 -1  0 -1  0  1],[ 0  0  0  0  0 -1  0  0  1],[-1  0  0  0 -2  0 -1  0  0],[ 0  0  0  0  0  0  0  0  1],[ 1  0  2  0  0  1  0  0  1],[ 0  1  0  0 -1  0 -1  1  0],[ 1  0  1  0  0  1  0  0  2],[ 0  0  0  0  0 -1  0  0  0],[-1 -1  0 -1 -1  0 -2  0  0]]","[[ 0  1  1  0  0  0  0 -1 -1],[-1  0  0  0  0  0  0 -1 -2],[-1  0  0  0  0 -1 -1 -2 -1],[ 0  0  0  0  1  1  0 -1 -1],[ 0  0  0 -1  0  0  0  0  0],[ 0  0  1 -1  0  0  0  0  0],[ 0  0  1  0  0  0  0  0  0],[ 1  1  2  1  0  0  0  0  0],[ 1  2  1  1  0  0  0  0  0]]",True,"[-1,-1,0,0,0,0,1,1,0,0,0,0,0,1,2,0,0,1,1,2,1,-1,-1,0,1,1,0,0,0,0,0,0,0,0,0,0]","[-1,-1,0,0,0,0,1,1,0,0,0,0,0,1,2,0,0,1,1,2,1,-1,-1,0,1,1,0,0,0,0,0,0,0,0,0,0]",t^8+16t^6+54t^4+41t^2,"[-1,-1,0,0,0,0,1,1,0,0,1,1,1,0,1,0,1,1,1,1,0,-1,-1,0,1,1,0,0,0,1,0,1,1,0,1,0]","[-1,-1,0,0,0,0,1,1,0,0,0,1,1,0,1,1,1,1,1,1,0,0,-1,0,1,1,0,0,1,1,1,0,0,1,1,0]","[-1,-1,0,0,0,0,1,1,0,0,0,0,1,1,2,0,0,0,1,2,1,0,0,-1,0,0,0,-1,0,1,0,0,1,0,0,0]",c,"[[{8, 3}, {2, 7}, {4, 6}, {1, 5}], [{8, 3}, {2, 7}, {5, 6}, {1, 4}]]",1,- 4 K_1^2 + 2 K_2 + 3,O1O2O3U2O4U3U5U6O7O8U7O5U4U1O6U8,O1O2O3U4O5U3U5U6O7U1O6O4U2O8U7U8,O1O2O3U4U5O4U2O6O7U3O5U7U8U1O8U6,c,{'O1O2O3U4O5U3U6O7U8O4O8U5U7U1O6U2'},1,"<a href=""/flatknot/8.1101566"">8.1101566</a>",t^9-16t^7+40t^5-26t^3+3t,0,,
8.1101567,O1O2O3U4O5U6U1O6U2O4O7U3U8U5O8U7,4,5z^2+58z+97,5w^3z^2+58w^2z+97w,False,False,"[[ 0 -1  0  0 -1  2 -1  2 -1],[ 1  0  0  0  1  1  1  2  0],[ 0  0  0  0  0  1  0  2 -1],[ 0  0  0  0  0  0  0  2 -1],[ 1 -1  0  0  0  2  0  1  1],[-2 -1 -1  0 -2  0 -2  0 -2],[ 1 -1  0  0  0  2  0  2  0],[-2 -2 -2 -2 -1  0 -2  0 -2],[ 1  0  1  1 -1  2  0  2  0]]","[[ 0  2  2  0  0 -1 -1 -1 -1],[-2  0  0  0 -1 -1 -2 -2 -2],[-2  0  0 -2 -2 -2 -1 -2 -2],[ 0  0  2  0  0  0  0  0 -1],[ 0  1  2  0  0  0  0  0 -1],[ 1  1  2  0  0  0  1  1  0],[ 1  2  1  0  0 -1  0  0  1],[ 1  2  2  0  0 -1  0  0  0],[ 1  2  2  1  1  0 -1  0  0]]",True,"[-2,-2,0,0,1,1,1,1,0,0,1,1,2,2,2,2,2,2,1,2,2,0,0,0,0,1,0,0,0,1,-1,-1,0,0,-1,0]","[-2,-2,0,0,1,1,1,1,0,0,0,1,1,1,2,1,2,1,1,2,1,0,0,1,1,1,0,1,1,1,0,0,-1,-1,0,1]",t^8+40t^6+221t^4+49t^2+1,"[-1,-1,-1,-1,0,0,2,2,-1,-1,0,1,1,1,2,0,-1,1,1,2,1,0,1,1,1,1,0,0,1,1,0,0,1,0,2,0]","[-2,-2,0,0,1,1,1,1,0,0,0,1,1,1,2,1,2,1,1,2,1,0,0,1,1,1,0,1,1,1,0,0,-1,-1,0,1]","[-1,-1,-1,-1,0,0,2,2,-1,0,0,0,0,2,2,0,1,0,0,1,2,-1,1,1,2,2,0,0,2,1,0,0,2,1,2,0]",c,"[[{8, 1}, {2, 7}, {3, 6}, {4, 5}], [{8, 1}, {2, 7}, {4, 6}, {3, 5}], [{8, 1}, {2, 7}, {5, 6}, {3, 4}], [{8, 1}, {3, 7}, {2, 6}, {4, 5}], [{8, 1}, {3, 7}, {4, 6}, {2, 5}], [{8, 1}, {3, 7}, {5, 6}, {2, 4}], [{8, 1}, {3, 7}, {6}, {2, 5}, {4}], [{8, 1}, {4, 7}, {2, 6}, {3, 5}], [{8, 1}, {4, 7}, {3, 6}, {2, 5}], [{8, 1}, {4, 7}, {5, 6}, {2, 3}], [{8, 1}, {5, 7}, {2, 6}, {3, 4}], [{8, 1}, {5, 7}, {2, 6}, {4}, {3}], [{8, 1}, {5, 7}, {3, 6}, {2, 4}], [{8, 1}, {5, 7}, {4, 6}, {2, 3}], [{8, 1}, {6, 7}, {2, 5}, {3, 4}], [{8, 1}, {6, 7}, {2, 5}, {4}, {3}], [{8, 1}, {6, 7}, {3, 5}, {2, 4}], [{8, 1}, {6, 7}, {4, 5}, {2, 3}], [{8, 1}, {6, 7}, {5}, {3, 4}, {2}], [{8, 1}, {7}, {3, 6}, {2, 5}, {4}], [{8, 1}, {7}, {4, 6}, {5}, {2, 3}], [{8, 1}, {7}, {5, 6}, {4}, {2, 3}], [{8, 1}, {7}, {6}, {3, 5}, {2, 4}], [{8, 1}, {7}, {6}, {4, 5}, {2, 3}], [{8, 2}, {1, 7}, {3, 6}, {4, 5}], [{8, 2}, {1, 7}, {4, 6}, {3, 5}], [{8, 2}, {1, 7}, {5, 6}, {3, 4}], [{8, 2}, {3, 7}, {1, 6}, {4, 5}], [{8, 2}, {3, 7}, {1, 6}, {5}, {4}], [{8, 2}, {3, 7}, {4, 6}, {1, 5}], [{8, 2}, {3, 7}, {5, 6}, {1, 4}], [{8, 2}, {3, 7}, {5, 6}, {4}, {1}], [{8, 2}, {3, 7}, {6}, {1, 5}, {4}], [{8, 2}, {4, 7}, {1, 6}, {3, 5}], [{8, 2}, {4, 7}, {3, 6}, {1, 5}], [{8, 2}, {4, 7}, {3, 6}, {5}, {1}], [{8, 2}, {4, 7}, {5, 6}, {1, 3}], [{8, 2}, {5, 7}, {1, 6}, {3, 4}], [{8, 2}, {5, 7}, {3, 6}, {1, 4}], [{8, 2}, {5, 7}, {4, 6}, {1, 3}], [{8, 2}, {6, 7}, {1, 5}, {3, 4}], [{8, 2}, {6, 7}, {3, 5}, {1, 4}], [{8, 2}, {6, 7}, {4, 5}, {1, 3}], [{8, 2}, {6, 7}, {4, 5}, {3}, {1}], [{8, 2}, {7}, {6}, {3, 5}, {1, 4}], [{8, 2}, {7}, {6}, {4, 5}, {1, 3}], [{8, 3}, {1, 7}, {2, 6}, {4, 5}], [{8, 3}, {1, 7}, {4, 6}, {2, 5}], [{8, 3}, {1, 7}, {5, 6}, {2, 4}], [{8, 3}, {1, 7}, {6}, {2, 5}, {4}], [{8, 3}, {2, 7}, {1, 6}, {4, 5}], [{8, 3}, {2, 7}, {4, 6}, {1, 5}], [{8, 3}, {2, 7}, {5, 6}, {1, 4}], [{8, 3}, {2, 7}, {6}, {1, 5}, {4}], [{8, 3}, {4, 7}, {1, 6}, {2, 5}], [{8, 3}, {4, 7}, {2, 6}, {1, 5}], [{8, 3}, {4, 7}, {2, 6}, {5}, {1}], [{8, 3}, {4, 7}, {5, 6}, {1, 2}], [{8, 3}, {5, 7}, {1, 6}, {2, 4}], [{8, 3}, {5, 7}, {2, 6}, {1, 4}], [{8, 3}, {5, 7}, {2, 6}, {4}, {1}], [{8, 3}, {5, 7}, {4, 6}, {1, 2}], [{8, 3}, {6, 7}, {1, 5}, {2, 4}], [{8, 3}, {6, 7}, {2, 5}, {1, 4}], [{8, 3}, {6, 7}, {4, 5}, {1, 2}], [{8, 3}, {7}, {2, 6}, {4, 5}, {1}], [{8, 3}, {7}, {5, 6}, {2, 4}, {1}], [{8, 4}, {1, 7}, {2, 6}, {3, 5}], [{8, 4}, {1, 7}, {3, 6}, {2, 5}], [{8, 4}, {1, 7}, {5, 6}, {2, 3}], [{8, 4}, {2, 7}, {1, 6}, {3, 5}], [{8, 4}, {2, 7}, {1, 6}, {5}, {3}], [{8, 4}, {2, 7}, {3, 6}, {1, 5}], [{8, 4}, {2, 7}, {5, 6}, {1, 3}], [{8, 4}, {3, 7}, {1, 6}, {2, 5}], [{8, 4}, {3, 7}, {1, 6}, {5}, {2}], [{8, 4}, {3, 7}, {2, 6}, {1, 5}], [{8, 4}, {3, 7}, {2, 6}, {5}, {1}], [{8, 4}, {3, 7}, {5, 6}, {1, 2}], [{8, 4}, {3, 7}, {5, 6}, {2}, {1}], [{8, 4}, {3, 7}, {6}, {1, 5}, {2}], [{8, 4}, {3, 7}, {6}, {2, 5}, {1}], [{8, 4}, {3, 7}, {6}, {5}, {1, 2}], [{8, 4}, {3, 7}, {6}, {5}, {2}, {1}], [{8, 4}, {5, 7}, {1, 6}, {2, 3}], [{8, 4}, {5, 7}, {2, 6}, {1, 3}], [{8, 4}, {5, 7}, {2, 6}, {3}, {1}], [{8, 4}, {5, 7}, {3, 6}, {1, 2}], [{8, 4}, {6, 7}, {1, 5}, {2, 3}], [{8, 4}, {6, 7}, {2, 5}, {1, 3}], [{8, 4}, {6, 7}, {3, 5}, {1, 2}], [{8, 4}, {7}, {1, 6}, {5}, {2, 3}], [{8, 4}, {7}, {2, 6}, {3, 5}, {1}], [{8, 5}, {1, 7}, {2, 6}, {3, 4}], [{8, 5}, {1, 7}, {3, 6}, {2, 4}], [{8, 5}, {1, 7}, {4, 6}, {2, 3}], [{8, 5}, {1, 7}, {6}, {3, 4}, {2}], [{8, 5}, {2, 7}, {1, 6}, {3, 4}], [{8, 5}, {2, 7}, {1, 6}, {4}, {3}], [{8, 5}, {2, 7}, {3, 6}, {1, 4}], [{8, 5}, {2, 7}, {4, 6}, {1, 3}], [{8, 5}, {2, 7}, {6}, {3, 4}, {1}], [{8, 5}, {3, 7}, {1, 6}, {2, 4}], [{8, 5}, {3, 7}, {2, 6}, {1, 4}], [{8, 5}, {3, 7}, {2, 6}, {4}, {1}], [{8, 5}, {3, 7}, {4, 6}, {1, 2}], [{8, 5}, {4, 7}, {1, 6}, {2, 3}], [{8, 5}, {4, 7}, {2, 6}, {1, 3}], [{8, 5}, {4, 7}, {2, 6}, {3}, {1}], [{8, 5}, {4, 7}, {3, 6}, {1, 2}], [{8, 5}, {6, 7}, {1, 4}, {2, 3}], [{8, 5}, {6, 7}, {2, 4}, {1, 3}], [{8, 5}, {6, 7}, {3, 4}, {1, 2}], [{8, 5}, {6, 7}, {3, 4}, {2}, {1}], [{8, 5}, {7}, {1, 6}, {3, 4}, {2}], [{8, 5}, {7}, {2, 6}, {3, 4}, {1}], [{8, 5}, {7}, {6}, {3, 4}, {1, 2}], [{8, 5}, {7}, {6}, {3, 4}, {2}, {1}], [{8, 6}, {1, 7}, {2, 5}, {3, 4}], [{8, 6}, {1, 7}, {3, 5}, {2, 4}], [{8, 6}, {1, 7}, {4, 5}, {2, 3}], [{8, 6}, {1, 7}, {5}, {3, 4}, {2}], [{8, 6}, {2, 7}, {1, 5}, {3, 4}], [{8, 6}, {2, 7}, {1, 5}, {4}, {3}], [{8, 6}, {2, 7}, {3, 5}, {1, 4}], [{8, 6}, {2, 7}, {4, 5}, {1, 3}], [{8, 6}, {2, 7}, {5}, {3, 4}, {1}], [{8, 6}, {3, 7}, {1, 5}, {2, 4}], [{8, 6}, {3, 7}, {2, 5}, {1, 4}], [{8, 6}, {3, 7}, {4, 5}, {1, 2}], [{8, 6}, {4, 7}, {1, 5}, {2, 3}], [{8, 6}, {4, 7}, {2, 5}, {1, 3}], [{8, 6}, {4, 7}, {3, 5}, {1, 2}], [{8, 6}, {5, 7}, {1, 4}, {2, 3}], [{8, 6}, {5, 7}, {2, 4}, {1, 3}], [{8, 6}, {5, 7}, {3, 4}, {1, 2}], [{8, 6}, {7}, {5}, {3, 4}, {1, 2}], [{8, 7}, {1, 6}, {2, 5}, {3, 4}], [{8, 7}, {1, 6}, {3, 5}, {2, 4}], [{8, 7}, {1, 6}, {3, 5}, {4}, {2}], [{8, 7}, {1, 6}, {4, 5}, {2, 3}], [{8, 7}, {2, 6}, {1, 5}, {3, 4}], [{8, 7}, {2, 6}, {3, 5}, {1, 4}], [{8, 7}, {2, 6}, {3, 5}, {4}, {1}], [{8, 7}, {2, 6}, {4, 5}, {1, 3}], [{8, 7}, {2, 6}, {4, 5}, {3}, {1}], [{8, 7}, {2, 6}, {5}, {3, 4}, {1}], [{8, 7}, {3, 6}, {1, 5}, {2, 4}], [{8, 7}, {3, 6}, {2, 5}, {1, 4}], [{8, 7}, {3, 6}, {4, 5}, {1, 2}], [{8, 7}, {3, 6}, {5}, {2, 4}, {1}], [{8, 7}, {4, 6}, {1, 5}, {2, 3}], [{8, 7}, {4, 6}, {2, 5}, {1, 3}], [{8, 7}, {4, 6}, {3, 5}, {1, 2}], [{8, 7}, {4, 6}, {3, 5}, {2}, {1}], [{8, 7}, {5, 6}, {1, 4}, {2, 3}], [{8, 7}, {5, 6}, {2, 4}, {1, 3}], [{8, 7}, {5, 6}, {2, 4}, {3}, {1}], [{8, 7}, {5, 6}, {3, 4}, {1, 2}], [{8, 7}, {6}, {1, 5}, {4}, {2, 3}], [{8, 7}, {6}, {2, 5}, {4}, {1, 3}], [{8, 7}, {6}, {3, 5}, {1, 4}, {2}], [{8, 7}, {6}, {3, 5}, {2, 4}, {1}], [{8, 7}, {6}, {3, 5}, {4}, {1, 2}], [{8, 7}, {6}, {3, 5}, {4}, {2}, {1}], [{8}, {1, 7}, {3, 6}, {4, 5}, {2}], [{8}, {1, 7}, {4, 6}, {2, 5}, {3}], [{8}, {1, 7}, {5, 6}, {3, 4}, {2}], [{8}, {1, 7}, {6}, {3, 5}, {2, 4}], [{8}, {2, 7}, {1, 6}, {4, 5}, {3}], [{8}, {2, 7}, {3, 6}, {1, 5}, {4}], [{8}, {2, 7}, {4, 6}, {5}, {1, 3}], [{8}, {2, 7}, {5, 6}, {3, 4}, {1}], [{8}, {2, 7}, {6}, {3, 5}, {1, 4}], [{8}, {3, 7}, {1, 6}, {5}, {2, 4}], [{8}, {3, 7}, {2, 6}, {4, 5}, {1}], [{8}, {3, 7}, {5, 6}, {2, 4}, {1}], [{8}, {3, 7}, {6}, {1, 5}, {2, 4}], [{8}, {3, 7}, {6}, {2, 5}, {1, 4}], [{8}, {4, 7}, {2, 6}, {3, 5}, {1}], [{8}, {4, 7}, {5, 6}, {2, 3}, {1}], [{8}, {5, 7}, {2, 6}, {1, 4}, {3}], [{8}, {5, 7}, {2, 6}, {3, 4}, {1}], [{8}, {5, 7}, {2, 6}, {4}, {1, 3}], [{8}, {5, 7}, {2, 6}, {4}, {3}, {1}], [{8}, {6, 7}, {1, 5}, {3, 4}, {2}], [{8}, {6, 7}, {4, 5}, {1, 3}, {2}], [{8}, {7}, {5, 6}, {3, 4}, {1, 2}]]",2,4 K_1^3 - 16 K_1^2 - 8 K_1 K_2 + K_1 + 8 K_2 + 3 K_3 + 9,O1O2O3U4O5U6U5U1O4O7U2O8U3U8O6U7,O1O2O3U2O4U5U6U1O7U3O8O5U8O6U7U4,O1O2O3U4U5O6U7O8O7U1O5U3U6U8O4U2,c,"{'O1O2O3U4O5U6U1O6U2O4O7U3U8U5O8U7', 'O1O2O3U4O5U2U6U1O6O4O7U3U8U5O8U7'}",2,"<a href=""/flatknot/8.1101567"">8.1101567</a>",t^9-36t^7-58t^6+155t^5+268t^4-131t^3-210t^2-24t+18,-2t^2+4t,,
8.1101568,O1O2O3U4O5U6U1O6U2O4O7U3U8U7O8U5,3,16z^2+69z+75,16w^3z^2+69w^2z+75w,False,False,"[[ 0 -1  0  0 -1  2 -1  2 -1],[ 1  0  0  0  1  1  1  1  1],[ 0  0  0  0  0  1  0  1  0],[ 0  0  0  0  0  1  0  1 -1],[ 1 -1  0  0  0  2  0  2  0],[-2 -1 -1 -1 -2  0 -2  1 -3],[ 1 -1  0  0  0  2  0  2  0],[-2 -1 -1 -1 -2 -1 -2  0 -2],[ 1 -1  0  1  0  3  0  2  0]]","[[ 0  2  2  0  0 -1 -1 -1 -1],[-2  0  1 -1 -1 -1 -2 -2 -3],[-2 -1  0 -1 -1 -1 -2 -2 -2],[ 0  1  1  0  0  0  0  0  0],[ 0  1  1  0  0  0  0  0 -1],[ 1  1  1  0  0  0  1  1  1],[ 1  2  2  0  0 -1  0  0  0],[ 1  2  2  0  0 -1  0  0  0],[ 1  3  2  0  1 -1  0  0  0]]",True,"[-2,-2,0,0,1,1,1,1,-1,1,1,1,2,2,3,1,1,1,2,2,2,0,0,0,0,0,0,0,0,1,-1,-1,-1,0,0,0]","[-2,-2,0,0,1,1,1,1,-1,1,1,1,1,1,2,1,1,0,1,1,2,0,0,1,1,1,1,1,1,1,0,0,-1,0,-1,-1]",t^8+40t^6+55t^4+6t^2,"[-1,-1,-1,-1,0,0,2,2,-1,-1,-1,1,1,2,2,0,0,0,1,0,1,0,1,1,1,1,1,1,1,1,0,1,1,1,1,-1]","[-2,-2,0,0,1,1,1,1,-1,1,1,1,1,1,2,1,1,0,1,1,2,0,0,1,1,1,1,1,1,1,0,0,-1,0,-1,-1]","[-1,-1,-1,-1,0,0,2,2,-1,0,0,0,0,2,2,1,1,0,0,1,1,0,0,0,2,2,0,1,2,3,0,1,1,1,1,-1]",c,"[[{8, 4}, {2, 7}, {3, 6}, {1, 5}], [{8, 6}, {2, 7}, {1, 5}, {3, 4}]]",1,12 K_1^3 - 12 K_1^2 - 8 K_1 K_2 - 5 K_1 + 6 K_2 + K_3 + 7,O1O2O3U4O5U6U5U1O6O7U2O8U3U8O4U7,O1O2O3U2O4U5U6U1O7U4O8O5U8O6U7U3,O1O2O3U1U4O5U6O7O6U8O4U3U5U7O8U2,c,"{'O1O2O3U4O5U2U6U1O6O4O7U3U8U7O8U5', 'O1O2O3U4O5U6U1O6U2O4O7U3U8U7O8U5'}",2,"<a href=""/flatknot/8.1101568"">8.1101568</a>",t^9-36t^7-68t^6+9t^5+96t^4+55t^3-10t^2-8t,-2t^2+4t,,
8.1101569,O1O2O3U4O5U6U1O6U2O4O7U5U8U3O8U7,3,4z^2+47z+79,4w^3z^2+47w^2z+79w,False,False,"[[ 0 -1  0  2 -1  0 -1  2 -1],[ 1  0  0  1  1  0  1  2  0],[ 0  0  0  1  0  0  0  2 -1],[-2 -1 -1  0 -1 -1 -2  1 -2],[ 1 -1  0  1  0  0  0  1  0],[ 0  0  0  1  0  0  0  1  0],[ 1 -1  0  2  0  0  0  2  0],[-2 -2 -2 -1 -1 -1 -2  0 -2],[ 1  0  1  2  0  0  0  2  0]]","[[ 0  2  2  0  0 -1 -1 -1 -1],[-2  0  1 -1 -1 -1 -1 -2 -2],[-2 -1  0 -1 -2 -1 -2 -2 -2],[ 0  1  1  0  0  0  0  0  0],[ 0  1  2  0  0  0  0  0 -1],[ 1  1  1  0  0  0 -1  0  0],[ 1  1  2  0  0  1  0  1  0],[ 1  2  2  0  0  0 -1  0  0],[ 1  2  2  0  1  0  0  0  0]]",True,"[-2,-2,0,0,1,1,1,1,-1,1,1,1,1,2,2,1,2,1,2,2,2,0,0,0,0,0,0,0,0,1,1,0,0,-1,0,0]","[-2,-2,0,0,1,1,1,1,-1,0,1,1,1,1,2,1,1,1,1,2,2,0,0,1,1,1,1,1,1,1,0,0,0,-1,0,1]",t^8+34t^6+76t^4+11t^2,"[-1,-1,-1,-1,0,0,2,2,-1,-1,0,1,1,1,2,0,0,1,1,1,1,0,1,1,2,2,0,1,1,1,0,0,1,1,1,1]","[-2,-2,0,0,1,1,1,1,-1,0,1,1,1,1,2,1,1,1,1,2,2,0,0,1,1,1,1,1,1,1,0,0,0,-1,0,1]","[-1,-1,-1,-1,0,0,2,2,-1,0,0,0,0,1,1,0,1,0,0,1,2,0,0,1,2,2,0,0,2,2,0,1,1,1,2,1]",c,"[[{8, 1}, {2, 7}, {3, 6}, {4, 5}], [{8, 1}, {2, 7}, {4, 6}, {3, 5}], [{8, 1}, {2, 7}, {5, 6}, {3, 4}], [{8, 1}, {2, 7}, {6}, {4, 5}, {3}], [{8, 1}, {3, 7}, {2, 6}, {4, 5}], [{8, 1}, {3, 7}, {4, 6}, {2, 5}], [{8, 1}, {3, 7}, {5, 6}, {2, 4}], [{8, 1}, {3, 7}, {6}, {4, 5}, {2}], [{8, 1}, {4, 7}, {2, 6}, {3, 5}], [{8, 1}, {4, 7}, {3, 6}, {2, 5}], [{8, 1}, {4, 7}, {5, 6}, {2, 3}], [{8, 1}, {4, 7}, {6}, {5}, {2, 3}], [{8, 1}, {5, 7}, {2, 6}, {3, 4}], [{8, 1}, {5, 7}, {3, 6}, {2, 4}], [{8, 1}, {5, 7}, {4, 6}, {2, 3}], [{8, 1}, {5, 7}, {6}, {4}, {2, 3}], [{8, 1}, {6, 7}, {2, 5}, {3, 4}], [{8, 1}, {6, 7}, {3, 5}, {2, 4}], [{8, 1}, {6, 7}, {4, 5}, {2, 3}], [{8, 1}, {6, 7}, {5}, {4}, {2, 3}], [{8, 1}, {7}, {2, 6}, {5}, {3, 4}], [{8, 1}, {7}, {3, 6}, {5}, {2, 4}], [{8, 1}, {7}, {4, 6}, {5}, {2, 3}], [{8, 1}, {7}, {5, 6}, {4}, {2, 3}], [{8, 1}, {7}, {6}, {4, 5}, {2, 3}], [{8, 1}, {7}, {6}, {5}, {4}, {2, 3}], [{8, 2}, {1, 7}, {3, 6}, {4, 5}], [{8, 2}, {1, 7}, {4, 6}, {3, 5}], [{8, 2}, {1, 7}, {5, 6}, {3, 4}], [{8, 2}, {1, 7}, {6}, {4, 5}, {3}], [{8, 2}, {3, 7}, {1, 6}, {4, 5}], [{8, 2}, {3, 7}, {4, 6}, {1, 5}], [{8, 2}, {3, 7}, {5, 6}, {1, 4}], [{8, 2}, {3, 7}, {6}, {4, 5}, {1}], [{8, 2}, {4, 7}, {1, 6}, {3, 5}], [{8, 2}, {4, 7}, {1, 6}, {5}, {3}], [{8, 2}, {4, 7}, {3, 6}, {1, 5}], [{8, 2}, {4, 7}, {3, 6}, {5}, {1}], [{8, 2}, {4, 7}, {5, 6}, {1, 3}], [{8, 2}, {4, 7}, {6}, {5}, {1, 3}], [{8, 2}, {5, 7}, {1, 6}, {3, 4}], [{8, 2}, {5, 7}, {3, 6}, {1, 4}], [{8, 2}, {5, 7}, {4, 6}, {1, 3}], [{8, 2}, {5, 7}, {4, 6}, {3}, {1}], [{8, 2}, {5, 7}, {6}, {4}, {1, 3}], [{8, 2}, {6, 7}, {1, 5}, {3, 4}], [{8, 2}, {6, 7}, {3, 5}, {1, 4}], [{8, 2}, {6, 7}, {4, 5}, {1, 3}], [{8, 2}, {6, 7}, {5}, {1, 4}, {3}], [{8, 2}, {6, 7}, {5}, {3, 4}, {1}], [{8, 2}, {6, 7}, {5}, {4}, {1, 3}], [{8, 2}, {7}, {4, 6}, {5}, {1, 3}], [{8, 2}, {7}, {5, 6}, {4}, {1, 3}], [{8, 2}, {7}, {6}, {4, 5}, {1, 3}], [{8, 2}, {7}, {6}, {5}, {4}, {1, 3}], [{8, 3}, {1, 7}, {2, 6}, {4, 5}], [{8, 3}, {1, 7}, {4, 6}, {2, 5}], [{8, 3}, {1, 7}, {5, 6}, {2, 4}], [{8, 3}, {1, 7}, {6}, {4, 5}, {2}], [{8, 3}, {2, 7}, {1, 6}, {4, 5}], [{8, 3}, {2, 7}, {4, 6}, {1, 5}], [{8, 3}, {2, 7}, {5, 6}, {1, 4}], [{8, 3}, {2, 7}, {6}, {4, 5}, {1}], [{8, 3}, {4, 7}, {1, 6}, {2, 5}], [{8, 3}, {4, 7}, {2, 6}, {1, 5}], [{8, 3}, {4, 7}, {2, 6}, {5}, {1}], [{8, 3}, {4, 7}, {5, 6}, {1, 2}], [{8, 3}, {5, 7}, {1, 6}, {2, 4}], [{8, 3}, {5, 7}, {2, 6}, {1, 4}], [{8, 3}, {5, 7}, {2, 6}, {4}, {1}], [{8, 3}, {5, 7}, {4, 6}, {1, 2}], [{8, 3}, {6, 7}, {1, 5}, {2, 4}], [{8, 3}, {6, 7}, {2, 5}, {1, 4}], [{8, 3}, {6, 7}, {2, 5}, {4}, {1}], [{8, 3}, {6, 7}, {4, 5}, {1, 2}], [{8, 3}, {6, 7}, {4, 5}, {2}, {1}], [{8, 3}, {6, 7}, {5}, {2, 4}, {1}], [{8, 3}, {7}, {1, 6}, {4, 5}, {2}], [{8, 3}, {7}, {2, 6}, {4, 5}, {1}], [{8, 3}, {7}, {6}, {4, 5}, {1, 2}], [{8, 3}, {7}, {6}, {4, 5}, {2}, {1}], [{8, 4}, {1, 7}, {2, 6}, {3, 5}], [{8, 4}, {1, 7}, {3, 6}, {2, 5}], [{8, 4}, {1, 7}, {5, 6}, {2, 3}], [{8, 4}, {1, 7}, {6}, {5}, {2, 3}], [{8, 4}, {2, 7}, {1, 6}, {3, 5}], [{8, 4}, {2, 7}, {1, 6}, {5}, {3}], [{8, 4}, {2, 7}, {3, 6}, {1, 5}], [{8, 4}, {2, 7}, {3, 6}, {5}, {1}], [{8, 4}, {2, 7}, {5, 6}, {1, 3}], [{8, 4}, {2, 7}, {6}, {5}, {1, 3}], [{8, 4}, {3, 7}, {1, 6}, {2, 5}], [{8, 4}, {3, 7}, {2, 6}, {1, 5}], [{8, 4}, {3, 7}, {2, 6}, {5}, {1}], [{8, 4}, {3, 7}, {5, 6}, {1, 2}], [{8, 4}, {5, 7}, {1, 6}, {2, 3}], [{8, 4}, {5, 7}, {2, 6}, {1, 3}], [{8, 4}, {5, 7}, {2, 6}, {3}, {1}], [{8, 4}, {5, 7}, {3, 6}, {1, 2}], [{8, 4}, {6, 7}, {1, 5}, {2, 3}], [{8, 4}, {6, 7}, {2, 5}, {1, 3}], [{8, 4}, {6, 7}, {3, 5}, {1, 2}], [{8, 4}, {7}, {2, 6}, {3, 5}, {1}], [{8, 5}, {1, 7}, {2, 6}, {3, 4}], [{8, 5}, {1, 7}, {3, 6}, {2, 4}], [{8, 5}, {1, 7}, {4, 6}, {2, 3}], [{8, 5}, {1, 7}, {6}, {4}, {2, 3}], [{8, 5}, {2, 7}, {1, 6}, {3, 4}], [{8, 5}, {2, 7}, {3, 6}, {1, 4}], [{8, 5}, {2, 7}, {4, 6}, {1, 3}], [{8, 5}, {2, 7}, {4, 6}, {3}, {1}], [{8, 5}, {2, 7}, {6}, {4}, {1, 3}], [{8, 5}, {3, 7}, {1, 6}, {2, 4}], [{8, 5}, {3, 7}, {2, 6}, {1, 4}], [{8, 5}, {3, 7}, {2, 6}, {4}, {1}], [{8, 5}, {3, 7}, {4, 6}, {1, 2}], [{8, 5}, {4, 7}, {1, 6}, {2, 3}], [{8, 5}, {4, 7}, {2, 6}, {1, 3}], [{8, 5}, {4, 7}, {2, 6}, {3}, {1}], [{8, 5}, {4, 7}, {3, 6}, {1, 2}], [{8, 5}, {6, 7}, {1, 4}, {2, 3}], [{8, 5}, {6, 7}, {2, 4}, {1, 3}], [{8, 5}, {6, 7}, {3, 4}, {1, 2}], [{8, 5}, {7}, {2, 6}, {3, 4}, {1}], [{8, 5}, {7}, {3, 6}, {1, 4}, {2}], [{8, 5}, {7}, {3, 6}, {2, 4}, {1}], [{8, 5}, {7}, {3, 6}, {4}, {1, 2}], [{8, 5}, {7}, {4, 6}, {1, 3}, {2}], [{8, 6}, {1, 7}, {2, 5}, {3, 4}], [{8, 6}, {1, 7}, {3, 5}, {2, 4}], [{8, 6}, {1, 7}, {4, 5}, {2, 3}], [{8, 6}, {1, 7}, {5}, {4}, {2, 3}], [{8, 6}, {2, 7}, {1, 5}, {3, 4}], [{8, 6}, {2, 7}, {3, 5}, {1, 4}], [{8, 6}, {2, 7}, {4, 5}, {1, 3}], [{8, 6}, {2, 7}, {5}, {1, 4}, {3}], [{8, 6}, {2, 7}, {5}, {3, 4}, {1}], [{8, 6}, {2, 7}, {5}, {4}, {1, 3}], [{8, 6}, {3, 7}, {1, 5}, {2, 4}], [{8, 6}, {3, 7}, {2, 5}, {1, 4}], [{8, 6}, {3, 7}, {2, 5}, {4}, {1}], [{8, 6}, {3, 7}, {4, 5}, {1, 2}], [{8, 6}, {3, 7}, {4, 5}, {2}, {1}], [{8, 6}, {3, 7}, {5}, {2, 4}, {1}], [{8, 6}, {4, 7}, {1, 5}, {2, 3}], [{8, 6}, {4, 7}, {2, 5}, {1, 3}], [{8, 6}, {4, 7}, {3, 5}, {1, 2}], [{8, 6}, {5, 7}, {1, 4}, {2, 3}], [{8, 6}, {5, 7}, {2, 4}, {1, 3}], [{8, 6}, {5, 7}, {3, 4}, {1, 2}], [{8, 6}, {7}, {3, 5}, {4}, {1, 2}], [{8, 7}, {1, 6}, {2, 5}, {3, 4}], [{8, 7}, {1, 6}, {2, 5}, {4}, {3}], [{8, 7}, {1, 6}, {3, 5}, {2, 4}], [{8, 7}, {1, 6}, {3, 5}, {4}, {2}], [{8, 7}, {1, 6}, {4, 5}, {2, 3}], [{8, 7}, {1, 6}, {4, 5}, {3}, {2}], [{8, 7}, {1, 6}, {5}, {2, 4}, {3}], [{8, 7}, {1, 6}, {5}, {3, 4}, {2}], [{8, 7}, {1, 6}, {5}, {4}, {2, 3}], [{8, 7}, {1, 6}, {5}, {4}, {3}, {2}], [{8, 7}, {2, 6}, {1, 5}, {3, 4}], [{8, 7}, {2, 6}, {1, 5}, {4}, {3}], [{8, 7}, {2, 6}, {3, 5}, {1, 4}], [{8, 7}, {2, 6}, {3, 5}, {4}, {1}], [{8, 7}, {2, 6}, {4, 5}, {1, 3}], [{8, 7}, {2, 6}, {4, 5}, {3}, {1}], [{8, 7}, {2, 6}, {5}, {1, 4}, {3}], [{8, 7}, {2, 6}, {5}, {3, 4}, {1}], [{8, 7}, {2, 6}, {5}, {4}, {1, 3}], [{8, 7}, {2, 6}, {5}, {4}, {3}, {1}], [{8, 7}, {3, 6}, {1, 5}, {2, 4}], [{8, 7}, {3, 6}, {1, 5}, {4}, {2}], [{8, 7}, {3, 6}, {2, 5}, {1, 4}], [{8, 7}, {3, 6}, {2, 5}, {4}, {1}], [{8, 7}, {3, 6}, {4, 5}, {1, 2}], [{8, 7}, {3, 6}, {4, 5}, {2}, {1}], [{8, 7}, {3, 6}, {5}, {1, 4}, {2}], [{8, 7}, {3, 6}, {5}, {2, 4}, {1}], [{8, 7}, {3, 6}, {5}, {4}, {1, 2}], [{8, 7}, {3, 6}, {5}, {4}, {2}, {1}], [{8, 7}, {4, 6}, {1, 5}, {2, 3}], [{8, 7}, {4, 6}, {1, 5}, {3}, {2}], [{8, 7}, {4, 6}, {2, 5}, {1, 3}], [{8, 7}, {4, 6}, {2, 5}, {3}, {1}], [{8, 7}, {4, 6}, {3, 5}, {1, 2}], [{8, 7}, {4, 6}, {3, 5}, {2}, {1}], [{8, 7}, {4, 6}, {5}, {1, 3}, {2}], [{8, 7}, {4, 6}, {5}, {2, 3}, {1}], [{8, 7}, {4, 6}, {5}, {3}, {1, 2}], [{8, 7}, {4, 6}, {5}, {3}, {2}, {1}], [{8, 7}, {5, 6}, {1, 4}, {2, 3}], [{8, 7}, {5, 6}, {1, 4}, {3}, {2}], [{8, 7}, {5, 6}, {2, 4}, {1, 3}], [{8, 7}, {5, 6}, {2, 4}, {3}, {1}], [{8, 7}, {5, 6}, {3, 4}, {1, 2}], [{8, 7}, {5, 6}, {3, 4}, {2}, {1}], [{8, 7}, {5, 6}, {4}, {1, 3}, {2}], [{8, 7}, {5, 6}, {4}, {2, 3}, {1}], [{8, 7}, {5, 6}, {4}, {3}, {1, 2}], [{8, 7}, {5, 6}, {4}, {3}, {2}, {1}], [{8, 7}, {6}, {1, 5}, {2, 4}, {3}], [{8, 7}, {6}, {1, 5}, {3, 4}, {2}], [{8, 7}, {6}, {1, 5}, {4}, {2, 3}], [{8, 7}, {6}, {1, 5}, {4}, {3}, {2}], [{8, 7}, {6}, {2, 5}, {1, 4}, {3}], [{8, 7}, {6}, {2, 5}, {3, 4}, {1}], [{8, 7}, {6}, {2, 5}, {4}, {1, 3}], [{8, 7}, {6}, {2, 5}, {4}, {3}, {1}], [{8, 7}, {6}, {3, 5}, {1, 4}, {2}], [{8, 7}, {6}, {3, 5}, {2, 4}, {1}], [{8, 7}, {6}, {3, 5}, {4}, {1, 2}], [{8, 7}, {6}, {3, 5}, {4}, {2}, {1}], [{8, 7}, {6}, {4, 5}, {1, 3}, {2}], [{8, 7}, {6}, {4, 5}, {2, 3}, {1}], [{8, 7}, {6}, {4, 5}, {3}, {1, 2}], [{8, 7}, {6}, {4, 5}, {3}, {2}, {1}], [{8, 7}, {6}, {5}, {1, 4}, {2, 3}], [{8, 7}, {6}, {5}, {1, 4}, {3}, {2}], [{8, 7}, {6}, {5}, {2, 4}, {1, 3}], [{8, 7}, {6}, {5}, {2, 4}, {3}, {1}], [{8, 7}, {6}, {5}, {3, 4}, {1, 2}], [{8, 7}, {6}, {5}, {3, 4}, {2}, {1}], [{8, 7}, {6}, {5}, {4}, {1, 3}, {2}], [{8, 7}, {6}, {5}, {4}, {2, 3}, {1}], [{8, 7}, {6}, {5}, {4}, {3}, {1, 2}], [{8, 7}, {6}, {5}, {4}, {3}, {2}, {1}], [{8}, {1, 7}, {2, 6}, {5}, {3, 4}], [{8}, {1, 7}, {3, 6}, {5}, {2, 4}], [{8}, {1, 7}, {4, 6}, {5}, {2, 3}], [{8}, {1, 7}, {5, 6}, {4}, {2, 3}], [{8}, {1, 7}, {6}, {4, 5}, {2, 3}], [{8}, {1, 7}, {6}, {5}, {4}, {2, 3}], [{8}, {2, 7}, {4, 6}, {5}, {1, 3}], [{8}, {2, 7}, {5, 6}, {4}, {1, 3}], [{8}, {2, 7}, {6}, {4, 5}, {1, 3}], [{8}, {2, 7}, {6}, {5}, {4}, {1, 3}], [{8}, {3, 7}, {1, 6}, {4, 5}, {2}], [{8}, {3, 7}, {2, 6}, {4, 5}, {1}], [{8}, {3, 7}, {6}, {4, 5}, {1, 2}], [{8}, {3, 7}, {6}, {4, 5}, {2}, {1}], [{8}, {4, 7}, {2, 6}, {3, 5}, {1}], [{8}, {5, 7}, {2, 6}, {3, 4}, {1}], [{8}, {5, 7}, {3, 6}, {1, 4}, {2}], [{8}, {5, 7}, {3, 6}, {2, 4}, {1}], [{8}, {5, 7}, {3, 6}, {4}, {1, 2}], [{8}, {5, 7}, {4, 6}, {1, 3}, {2}], [{8}, {6, 7}, {3, 5}, {4}, {1, 2}], [{8}, {7}, {1, 6}, {2, 5}, {3, 4}], [{8}, {7}, {2, 6}, {1, 5}, {3, 4}], [{8}, {7}, {2, 6}, {5}, {3, 4}, {1}], [{8}, {7}, {3, 6}, {1, 5}, {2, 4}], [{8}, {7}, {3, 6}, {5}, {2, 4}, {1}], [{8}, {7}, {4, 6}, {2, 5}, {1, 3}], [{8}, {7}, {5, 6}, {3, 4}, {1, 2}]]",2,4 K_1^3 - 24 K_1^2 - 16 K_1 K_2 + 5 K_1 + 12 K_2 + 7 K_3 + 13,O1O2O3U4O5U1U5U6O4O7U2O8U3U8O6U7,O1O2O3U2O4U5U6U3O7U1O8O5U8O6U7U4,O1O2O3U4U5O6U7O8O7U3O5U1U6U8O4U2,c,"{'O1O2O3U4O5U2U6U1O6O4O7U5U8U3O8U7', 'O1O2O3U4O5U6U1O6U2O4O7U5U8U3O8U7'}",2,"<a href=""/flatknot/8.1101569"">8.1101569</a>",t^9-30t^7-54t^6+56t^5+142t^4+32t^3-24t^2,-2t^2+4t,,
8.1101570,O1O2O3U4O5U6U1O6U2O4O7U5U8U7O8U3,3,8z^2+56z+81,8w^3z^2+56w^2z+81w,False,False,"[[ 0 -1  0  2 -1  0 -1  2 -1],[ 1  0  0  1  1  0  1  1  1],[ 0  0  0  1  0  0  0  1  0],[-2 -1 -1  0 -1 -2 -2  2 -3],[ 1 -1  0  1  0  0  0  1  0],[ 0  0  0  2  0  0  0  1 -1],[ 1 -1  0  2  0  0  0  2  0],[-2 -1 -1 -2 -1 -1 -2  0 -2],[ 1 -1  0  3  0  1  0  2  0]]","[[ 0  2  2  0  0 -1 -1 -1 -1],[-2  0  2 -1 -2 -1 -1 -2 -3],[-2 -2  0 -1 -1 -1 -1 -2 -2],[ 0  1  1  0  0  0  0  0  0],[ 0  2  1  0  0  0  0  0 -1],[ 1  1  1  0  0  0  1  1  1],[ 1  1  1  0  0 -1  0  0  0],[ 1  2  2  0  0 -1  0  0  0],[ 1  3  2  0  1 -1  0  0  0]]",True,"[-2,-2,0,0,1,1,1,1,-2,1,2,1,1,2,3,1,1,1,1,2,2,0,0,0,0,0,0,0,0,1,-1,-1,-1,0,0,0]","[-2,-2,0,0,1,1,1,1,-2,1,1,1,1,2,2,0,1,0,1,2,2,0,0,1,1,1,1,1,1,1,0,-1,0,-1,0,1]",t^8+40t^6+90t^4+18t^2,"[-1,-1,-1,-1,0,0,2,2,-1,-1,-1,1,1,2,2,0,0,0,1,0,1,0,1,1,1,1,1,1,2,2,0,0,1,1,1,-2]","[-2,-2,0,0,1,1,1,1,-2,1,1,1,1,2,2,0,1,0,1,2,2,0,0,1,1,1,1,1,1,1,0,-1,0,-1,0,1]","[-1,-1,-1,-1,0,0,2,2,-1,0,0,0,0,1,1,1,1,0,0,1,1,0,0,0,2,2,0,1,2,3,0,1,1,1,2,-2]",c,"[[{8, 2}, {6, 7}, {1, 5}, {3, 4}]]",1,12 K_1^3 - 24 K_1^2 - 16 K_1 K_2 - K_1 + 12 K_2 + 5 K_3 + 13,O1O2O3U1O4U5U4U6O5O7U2O8U3U8O6U7,O1O2O3U2O4U5U6U4O7U1O8O5U8O6U7U3,O1O2O3U1U4O5U6O7O6U3O4U8U5U7O8U2,c,"{'O1O2O3U4O5U6U1O6U2O4O7U5U8U7O8U3', 'O1O2O3U4O5U2U6U1O6O4O7U5U8U7O8U3'}",2,"<a href=""/flatknot/8.1101570"">8.1101570</a>",t^9-36t^7-88t^6+20t^5+228t^4+196t^3-4t^2-36t,-2t^2+4t,,
8.1101571,O1O2O3U4O5U6U1O6U2O4O7U8U7U3O8U5,3,16z^2+69z+75,16w^3z^2+69w^2z+75w,False,False,"[[ 0 -1  0  2 -1  2 -1  1 -2],[ 1  0  0  0  1  1  1  0  0],[ 0  0  0  0  0  1  0  0 -1],[-2  0  0  0 -2 -1 -2  0 -3],[ 1 -1  0  2  0  2  0  1 -1],[-2 -1 -1  1 -2  0 -2  1 -3],[ 1 -1  0  2  0  2  0  1 -1],[-1  0  0  0 -1 -1 -1  0 -1],[ 2  0  1  3  1  3  1  1  0]]","[[ 0  2  2  1  0 -1 -1 -1 -2],[-2  0  1  1 -1 -1 -2 -2 -3],[-2 -1  0  0  0  0 -2 -2 -3],[-1 -1  0  0  0  0 -1 -1 -1],[ 0  1  0  0  0  0  0  0 -1],[ 1  1  0  0  0  0  1  1  0],[ 1  2  2  1  0 -1  0  0 -1],[ 1  2  2  1  0 -1  0  0 -1],[ 2  3  3  1  1  0  1  1  0]]",True,"[-2,-2,-1,0,1,1,1,2,-1,-1,1,1,2,2,3,0,0,0,2,2,3,0,0,1,1,1,0,0,0,1,-1,-1,0,0,1,1]","[-2,-2,-1,0,1,1,1,2,-1,-1,1,1,2,2,3,0,0,0,2,2,3,0,0,1,1,1,0,0,0,1,-1,-1,0,0,1,1]",t^8+46t^6+97t^4+12t^2,"[-2,-1,-1,-1,0,1,2,2,0,0,1,1,2,1,1,0,1,1,1,1,1,1,1,1,1,1,1,2,2,3,1,1,2,2,1,-1]","[-2,-2,-1,0,1,1,1,2,-1,1,2,1,1,3,1,2,1,1,1,2,1,1,1,1,2,2,1,1,1,1,0,-1,0,-1,0,1]","[-2,-1,-1,-1,0,1,2,2,0,1,1,1,1,3,3,1,1,0,0,0,1,0,0,1,2,2,0,1,2,2,0,0,1,0,-1,-1]",c,"[[{8, 1}, {2, 7}, {3, 6}, {4, 5}], [{8, 1}, {2, 7}, {4, 6}, {3, 5}], [{8, 1}, {2, 7}, {5, 6}, {3, 4}], [{8, 1}, {2, 7}, {6}, {3, 5}, {4}], [{8, 1}, {3, 7}, {2, 6}, {4, 5}], [{8, 1}, {3, 7}, {4, 6}, {2, 5}], [{8, 1}, {3, 7}, {5, 6}, {2, 4}], [{8, 1}, {3, 7}, {6}, {2, 5}, {4}], [{8, 1}, {4, 7}, {2, 6}, {3, 5}], [{8, 1}, {4, 7}, {3, 6}, {2, 5}], [{8, 1}, {4, 7}, {5, 6}, {2, 3}], [{8, 1}, {5, 7}, {2, 6}, {3, 4}], [{8, 1}, {5, 7}, {3, 6}, {2, 4}], [{8, 1}, {5, 7}, {4, 6}, {2, 3}], [{8, 1}, {5, 7}, {6}, {4}, {2, 3}], [{8, 1}, {6, 7}, {2, 5}, {3, 4}], [{8, 1}, {6, 7}, {3, 5}, {2, 4}], [{8, 1}, {6, 7}, {4, 5}, {2, 3}], [{8, 1}, {7}, {2, 6}, {5}, {3, 4}], [{8, 1}, {7}, {3, 6}, {5}, {2, 4}], [{8, 2}, {1, 7}, {3, 6}, {4, 5}], [{8, 2}, {1, 7}, {4, 6}, {3, 5}], [{8, 2}, {1, 7}, {5, 6}, {3, 4}], [{8, 2}, {1, 7}, {6}, {3, 5}, {4}], [{8, 2}, {3, 7}, {1, 6}, {4, 5}], [{8, 2}, {3, 7}, {4, 6}, {1, 5}], [{8, 2}, {3, 7}, {5, 6}, {1, 4}], [{8, 2}, {3, 7}, {6}, {1, 5}, {4}], [{8, 2}, {4, 7}, {1, 6}, {3, 5}], [{8, 2}, {4, 7}, {3, 6}, {1, 5}], [{8, 2}, {4, 7}, {5, 6}, {1, 3}], [{8, 2}, {5, 7}, {1, 6}, {3, 4}], [{8, 2}, {5, 7}, {3, 6}, {1, 4}], [{8, 2}, {5, 7}, {4, 6}, {1, 3}], [{8, 2}, {5, 7}, {6}, {4}, {1, 3}], [{8, 2}, {6, 7}, {1, 5}, {3, 4}], [{8, 2}, {6, 7}, {3, 5}, {1, 4}], [{8, 2}, {6, 7}, {4, 5}, {1, 3}], [{8, 2}, {7}, {3, 6}, {4, 5}, {1}], [{8, 2}, {7}, {5, 6}, {3, 4}, {1}], [{8, 3}, {1, 7}, {2, 6}, {4, 5}], [{8, 3}, {1, 7}, {4, 6}, {2, 5}], [{8, 3}, {1, 7}, {5, 6}, {2, 4}], [{8, 3}, {1, 7}, {6}, {2, 5}, {4}], [{8, 3}, {2, 7}, {1, 6}, {4, 5}], [{8, 3}, {2, 7}, {4, 6}, {1, 5}], [{8, 3}, {2, 7}, {5, 6}, {1, 4}], [{8, 3}, {2, 7}, {6}, {1, 5}, {4}], [{8, 3}, {4, 7}, {1, 6}, {2, 5}], [{8, 3}, {4, 7}, {2, 6}, {1, 5}], [{8, 3}, {4, 7}, {2, 6}, {5}, {1}], [{8, 3}, {4, 7}, {5, 6}, {1, 2}], [{8, 3}, {5, 7}, {1, 6}, {2, 4}], [{8, 3}, {5, 7}, {1, 6}, {4}, {2}], [{8, 3}, {5, 7}, {2, 6}, {1, 4}], [{8, 3}, {5, 7}, {2, 6}, {4}, {1}], [{8, 3}, {5, 7}, {4, 6}, {1, 2}], [{8, 3}, {5, 7}, {4, 6}, {2}, {1}], [{8, 3}, {5, 7}, {6}, {1, 4}, {2}], [{8, 3}, {5, 7}, {6}, {2, 4}, {1}], [{8, 3}, {5, 7}, {6}, {4}, {1, 2}], [{8, 3}, {5, 7}, {6}, {4}, {2}, {1}], [{8, 3}, {6, 7}, {1, 5}, {2, 4}], [{8, 3}, {6, 7}, {2, 5}, {1, 4}], [{8, 3}, {6, 7}, {4, 5}, {1, 2}], [{8, 3}, {6, 7}, {5}, {2, 4}, {1}], [{8, 3}, {7}, {2, 6}, {4, 5}, {1}], [{8, 3}, {7}, {5, 6}, {2, 4}, {1}], [{8, 4}, {1, 7}, {2, 6}, {3, 5}], [{8, 4}, {1, 7}, {3, 6}, {2, 5}], [{8, 4}, {1, 7}, {5, 6}, {2, 3}], [{8, 4}, {1, 7}, {6}, {5}, {2, 3}], [{8, 4}, {2, 7}, {1, 6}, {3, 5}], [{8, 4}, {2, 7}, {3, 6}, {1, 5}], [{8, 4}, {2, 7}, {5, 6}, {1, 3}], [{8, 4}, {2, 7}, {6}, {5}, {1, 3}], [{8, 4}, {3, 7}, {1, 6}, {2, 5}], [{8, 4}, {3, 7}, {2, 6}, {1, 5}], [{8, 4}, {3, 7}, {2, 6}, {5}, {1}], [{8, 4}, {3, 7}, {5, 6}, {1, 2}], [{8, 4}, {5, 7}, {1, 6}, {2, 3}], [{8, 4}, {5, 7}, {2, 6}, {1, 3}], [{8, 4}, {5, 7}, {2, 6}, {3}, {1}], [{8, 4}, {5, 7}, {3, 6}, {1, 2}], [{8, 4}, {6, 7}, {1, 5}, {2, 3}], [{8, 4}, {6, 7}, {2, 5}, {1, 3}], [{8, 4}, {6, 7}, {3, 5}, {1, 2}], [{8, 4}, {7}, {2, 6}, {3, 5}, {1}], [{8, 4}, {7}, {3, 6}, {2, 5}, {1}], [{8, 5}, {1, 7}, {2, 6}, {3, 4}], [{8, 5}, {1, 7}, {2, 6}, {4}, {3}], [{8, 5}, {1, 7}, {3, 6}, {2, 4}], [{8, 5}, {1, 7}, {3, 6}, {4}, {2}], [{8, 5}, {1, 7}, {4, 6}, {2, 3}], [{8, 5}, {1, 7}, {4, 6}, {3}, {2}], [{8, 5}, {1, 7}, {6}, {2, 4}, {3}], [{8, 5}, {1, 7}, {6}, {3, 4}, {2}], [{8, 5}, {1, 7}, {6}, {4}, {2, 3}], [{8, 5}, {1, 7}, {6}, {4}, {3}, {2}], [{8, 5}, {2, 7}, {1, 6}, {3, 4}], [{8, 5}, {2, 7}, {1, 6}, {4}, {3}], [{8, 5}, {2, 7}, {3, 6}, {1, 4}], [{8, 5}, {2, 7}, {3, 6}, {4}, {1}], [{8, 5}, {2, 7}, {4, 6}, {1, 3}], [{8, 5}, {2, 7}, {4, 6}, {3}, {1}], [{8, 5}, {2, 7}, {6}, {1, 4}, {3}], [{8, 5}, {2, 7}, {6}, {3, 4}, {1}], [{8, 5}, {2, 7}, {6}, {4}, {1, 3}], [{8, 5}, {2, 7}, {6}, {4}, {3}, {1}], [{8, 5}, {3, 7}, {1, 6}, {2, 4}], [{8, 5}, {3, 7}, {1, 6}, {4}, {2}], [{8, 5}, {3, 7}, {2, 6}, {1, 4}], [{8, 5}, {3, 7}, {2, 6}, {4}, {1}], [{8, 5}, {3, 7}, {4, 6}, {1, 2}], [{8, 5}, {3, 7}, {4, 6}, {2}, {1}], [{8, 5}, {3, 7}, {6}, {1, 4}, {2}], [{8, 5}, {3, 7}, {6}, {2, 4}, {1}], [{8, 5}, {3, 7}, {6}, {4}, {1, 2}], [{8, 5}, {3, 7}, {6}, {4}, {2}, {1}], [{8, 5}, {4, 7}, {1, 6}, {2, 3}], [{8, 5}, {4, 7}, {1, 6}, {3}, {2}], [{8, 5}, {4, 7}, {2, 6}, {1, 3}], [{8, 5}, {4, 7}, {2, 6}, {3}, {1}], [{8, 5}, {4, 7}, {3, 6}, {1, 2}], [{8, 5}, {4, 7}, {3, 6}, {2}, {1}], [{8, 5}, {4, 7}, {6}, {1, 3}, {2}], [{8, 5}, {4, 7}, {6}, {2, 3}, {1}], [{8, 5}, {4, 7}, {6}, {3}, {1, 2}], [{8, 5}, {4, 7}, {6}, {3}, {2}, {1}], [{8, 5}, {6, 7}, {1, 4}, {2, 3}], [{8, 5}, {6, 7}, {1, 4}, {3}, {2}], [{8, 5}, {6, 7}, {2, 4}, {1, 3}], [{8, 5}, {6, 7}, {2, 4}, {3}, {1}], [{8, 5}, {6, 7}, {3, 4}, {1, 2}], [{8, 5}, {6, 7}, {3, 4}, {2}, {1}], [{8, 5}, {6, 7}, {4}, {1, 3}, {2}], [{8, 5}, {6, 7}, {4}, {2, 3}, {1}], [{8, 5}, {6, 7}, {4}, {3}, {1, 2}], [{8, 5}, {6, 7}, {4}, {3}, {2}, {1}], [{8, 5}, {7}, {1, 6}, {2, 4}, {3}], [{8, 5}, {7}, {1, 6}, {3, 4}, {2}], [{8, 5}, {7}, {1, 6}, {4}, {2, 3}], [{8, 5}, {7}, {1, 6}, {4}, {3}, {2}], [{8, 5}, {7}, {2, 6}, {1, 4}, {3}], [{8, 5}, {7}, {2, 6}, {3, 4}, {1}], [{8, 5}, {7}, {2, 6}, {4}, {1, 3}], [{8, 5}, {7}, {2, 6}, {4}, {3}, {1}], [{8, 5}, {7}, {3, 6}, {1, 4}, {2}], [{8, 5}, {7}, {3, 6}, {2, 4}, {1}], [{8, 5}, {7}, {3, 6}, {4}, {1, 2}], [{8, 5}, {7}, {3, 6}, {4}, {2}, {1}], [{8, 5}, {7}, {4, 6}, {1, 3}, {2}], [{8, 5}, {7}, {4, 6}, {2, 3}, {1}], [{8, 5}, {7}, {4, 6}, {3}, {1, 2}], [{8, 5}, {7}, {4, 6}, {3}, {2}, {1}], [{8, 5}, {7}, {6}, {1, 4}, {2, 3}], [{8, 5}, {7}, {6}, {1, 4}, {3}, {2}], [{8, 5}, {7}, {6}, {2, 4}, {1, 3}], [{8, 5}, {7}, {6}, {2, 4}, {3}, {1}], [{8, 5}, {7}, {6}, {3, 4}, {1, 2}], [{8, 5}, {7}, {6}, {3, 4}, {2}, {1}], [{8, 5}, {7}, {6}, {4}, {1, 3}, {2}], [{8, 5}, {7}, {6}, {4}, {2, 3}, {1}], [{8, 5}, {7}, {6}, {4}, {3}, {1, 2}], [{8, 5}, {7}, {6}, {4}, {3}, {2}, {1}], [{8, 6}, {1, 7}, {2, 5}, {3, 4}], [{8, 6}, {1, 7}, {3, 5}, {2, 4}], [{8, 6}, {1, 7}, {4, 5}, {2, 3}], [{8, 6}, {1, 7}, {5}, {4}, {2, 3}], [{8, 6}, {2, 7}, {1, 5}, {3, 4}], [{8, 6}, {2, 7}, {3, 5}, {1, 4}], [{8, 6}, {2, 7}, {4, 5}, {1, 3}], [{8, 6}, {2, 7}, {5}, {4}, {1, 3}], [{8, 6}, {3, 7}, {1, 5}, {2, 4}], [{8, 6}, {3, 7}, {2, 5}, {1, 4}], [{8, 6}, {3, 7}, {4, 5}, {1, 2}], [{8, 6}, {3, 7}, {5}, {2, 4}, {1}], [{8, 6}, {4, 7}, {1, 5}, {2, 3}], [{8, 6}, {4, 7}, {2, 5}, {1, 3}], [{8, 6}, {4, 7}, {3, 5}, {1, 2}], [{8, 6}, {5, 7}, {1, 4}, {2, 3}], [{8, 6}, {5, 7}, {2, 4}, {1, 3}], [{8, 6}, {5, 7}, {2, 4}, {3}, {1}], [{8, 6}, {5, 7}, {3, 4}, {1, 2}], [{8, 6}, {7}, {2, 5}, {3, 4}, {1}], [{8, 6}, {7}, {3, 5}, {2, 4}, {1}], [{8, 7}, {1, 6}, {2, 5}, {3, 4}], [{8, 7}, {1, 6}, {3, 5}, {2, 4}], [{8, 7}, {1, 6}, {3, 5}, {4}, {2}], [{8, 7}, {1, 6}, {4, 5}, {2, 3}], [{8, 7}, {2, 6}, {1, 5}, {3, 4}], [{8, 7}, {2, 6}, {3, 5}, {1, 4}], [{8, 7}, {2, 6}, {3, 5}, {4}, {1}], [{8, 7}, {2, 6}, {4, 5}, {1, 3}], [{8, 7}, {2, 6}, {4, 5}, {3}, {1}], [{8, 7}, {2, 6}, {5}, {3, 4}, {1}], [{8, 7}, {3, 6}, {1, 5}, {2, 4}], [{8, 7}, {3, 6}, {2, 5}, {1, 4}], [{8, 7}, {3, 6}, {4, 5}, {1, 2}], [{8, 7}, {3, 6}, {5}, {2, 4}, {1}], [{8, 7}, {4, 6}, {1, 5}, {2, 3}], [{8, 7}, {4, 6}, {2, 5}, {1, 3}], [{8, 7}, {4, 6}, {3, 5}, {1, 2}], [{8, 7}, {4, 6}, {3, 5}, {2}, {1}], [{8, 7}, {5, 6}, {1, 4}, {2, 3}], [{8, 7}, {5, 6}, {2, 4}, {1, 3}], [{8, 7}, {5, 6}, {2, 4}, {3}, {1}], [{8, 7}, {5, 6}, {3, 4}, {1, 2}], [{8, 7}, {6}, {1, 5}, {4}, {2, 3}], [{8, 7}, {6}, {2, 5}, {4}, {1, 3}], [{8, 7}, {6}, {3, 5}, {1, 4}, {2}], [{8, 7}, {6}, {3, 5}, {2, 4}, {1}], [{8, 7}, {6}, {3, 5}, {4}, {1, 2}], [{8, 7}, {6}, {3, 5}, {4}, {2}, {1}], [{8}, {1, 7}, {2, 6}, {5}, {3, 4}], [{8}, {1, 7}, {3, 6}, {5}, {2, 4}], [{8}, {1, 7}, {4, 6}, {5}, {2, 3}], [{8}, {1, 7}, {5, 6}, {4}, {2, 3}], [{8}, {1, 7}, {6}, {4, 5}, {2, 3}], [{8}, {1, 7}, {6}, {5}, {4}, {2, 3}], [{8}, {2, 7}, {4, 6}, {5}, {1, 3}], [{8}, {2, 7}, {5, 6}, {4}, {1, 3}], [{8}, {2, 7}, {6}, {4, 5}, {1, 3}], [{8}, {2, 7}, {6}, {5}, {4}, {1, 3}], [{8}, {3, 7}, {2, 6}, {4, 5}, {1}], [{8}, {3, 7}, {5, 6}, {2, 4}, {1}], [{8}, {4, 7}, {2, 6}, {3, 5}, {1}], [{8}, {5, 7}, {2, 6}, {3, 4}, {1}], [{8}, {5, 7}, {3, 6}, {2, 4}, {1}], [{8}, {6, 7}, {3, 5}, {2, 4}, {1}], [{8}, {7}, {2, 6}, {1, 5}, {3, 4}], [{8}, {7}, {2, 6}, {5}, {3, 4}, {1}], [{8}, {7}, {3, 6}, {1, 5}, {2, 4}], [{8}, {7}, {3, 6}, {5}, {2, 4}, {1}]]",2,12 K_1^3 - 10 K_1^2 - 8 K_1 K_2 - 5 K_1 + 5 K_2 + K_3 + 6,O1O2O3U4O5U1U6U5O6O7U2O8U3U8O4U7,O1O2O3U1O4U5U6U3O7U4O8O5U8O6U7U2,O1O2O3U2U4O5U6O7O6U8O4U1U5U7O8U3,c,"{'O1O2O3U4O5U2U6U1O6O4O7U8U7U3O8U5', 'O1O2O3U4O5U6U1O6U2O4O7U8U7U3O8U5'}",2,"<a href=""/flatknot/8.1101571"">8.1101571</a>",t^9-44t^7-114t^6+14t^5+142t^4-32t^3,-t^2+2t,,
8.1101572,O1O2O3U4O5U6U1O6U7O4O7U2U8U3O8U5,4,2z^3+26z^2+105z+123,2w^4z^3+26w^3z^2+105w^2z+123w,False,False,"[[ 0 -1 -1  2 -1  2 -1  1 -1],[ 1  0 -1  0  2  1  1  2  0],[ 1  1  0  1  0  1  1  2  0],[-2  0 -1  0 -3 -1 -2 -1 -2],[ 1 -2  0  3  0  3  0  1  0],[-2 -1 -1  1 -3  0 -2 -2 -2],[ 1 -1 -1  2  0  2  0  2  0],[-1 -2 -2  1 -1  2 -2  0 -2],[ 1  0  0  2  0  2  0  2  0]]","[[ 0  2  2  1 -1 -1 -1 -1 -1],[-2  0  1 -2 -1 -1 -2 -2 -3],[-2 -1  0 -1  0 -1 -2 -2 -3],[-1  2  1  0 -2 -2 -2 -2 -1],[ 1  1  0  2  0 -1  1  0  2],[ 1  1  1  2  1  0  1  0  0],[ 1  2  2  2 -1 -1  0  0  0],[ 1  2  2  2  0  0  0  0  0],[ 1  3  3  1 -2  0  0  0  0]]",True,"[-2,-2,-1,1,1,1,1,1,-1,2,1,1,2,2,3,1,0,1,2,2,3,2,2,2,2,1,1,-1,0,-2,-1,0,0,0,0,0]","[-2,-2,-1,1,1,1,1,1,-1,0,0,1,1,2,3,-1,0,1,1,2,2,1,0,0,0,0,0,0,0,-2,0,-1,-1,0,0,1]",t^8+67t^6+461t^4+247t^2+16,"[-1,-1,-1,-1,-1,1,2,2,-2,-1,0,1,0,2,3,0,0,0,1,0,0,0,1,0,1,1,0,0,1,1,0,2,2,-1,0,-1]","[-2,-2,-1,1,1,1,1,1,-1,0,0,1,1,2,3,-1,0,1,1,2,2,1,0,0,0,0,0,0,0,-2,0,-1,-1,0,0,1]","[-1,-1,-1,-1,-1,1,2,2,-2,0,0,0,1,3,3,-1,0,1,2,0,1,0,1,2,1,1,0,2,2,2,2,2,2,1,2,-1]",c,"[[{8, 7}, {2, 6}, {1, 5}, {3, 4}]]",1,4 K_1^3 - 20 K_1^2 - 8 K_1 K_2 + K_1 + 10 K_2 + 3 K_3 + 11,O1O2O3U4O5U1U5U2O6O7U6O8U3U8O4U7,O1O2O3U2O4U5U1U3O6U4O7O5U7O8U6U8,O1O2O3U4U5O4U6O7O6U8O5U1U3U7O8U2,c,{'O1O2O3U4O5U6U1O6U7O4O7U2U8U3O8U5'},1,"<a href=""/flatknot/8.1101572"">8.1101572</a>",t^9-63t^7-176t^6+129t^5+410t^4-162t^3-174t^2+143t-20,-2t^2+4t,,
8.1101573,O1O2O3U4O5U6U1O6U7O4O7U2U8U5O8U3,3,12z^2+85z+123,12w^3z^2+85w^2z+123w,False,False,"[[ 0 -1 -1  2 -1  2 -1  1 -1],[ 1  0 -1  1  2  0  1  2  0],[ 1  1  0  2  0  0  1  2  0],[-2 -1 -2  0 -2  0 -2 -1 -3],[ 1 -2  0  2  0  3  0  1  1],[-2  0  0  0 -3  0 -2 -2 -2],[ 1 -1 -1  2  0  2  0  2  0],[-1 -2 -2  1 -1  2 -2  0 -2],[ 1  0  0  3 -1  2  0  2  0]]","[[ 0  2  2  1 -1 -1 -1 -1 -1],[-2  0  0 -1 -1 -2 -2 -2 -3],[-2  0  0 -2  0  0 -2 -3 -2],[-1  1  2  0 -2 -2 -2 -1 -2],[ 1  1  0  2  0 -1  1  2  0],[ 1  2  0  2  1  0  1  0  0],[ 1  2  2  2 -1 -1  0  0  0],[ 1  2  3  1 -2  0  0  0  1],[ 1  3  2  2  0  0  0 -1  0]]",True,"[-2,-2,-1,1,1,1,1,1,0,1,1,2,2,2,3,2,0,0,2,3,2,2,2,2,1,2,1,-1,-2,0,-1,0,0,0,0,-1]","[-2,-2,-1,1,1,1,1,1,0,-1,0,1,1,3,3,0,1,0,1,1,2,1,0,0,0,0,1,0,0,-2,0,0,0,-1,-1,1]",t^8+69t^6+637t^4+129t^2,"[-1,-1,-1,-1,-1,1,2,2,-2,-1,0,1,0,2,3,0,-1,0,1,1,0,0,1,0,1,1,0,0,0,1,0,1,3,0,-1,0]","[-2,-2,-1,1,1,1,1,1,0,-1,0,1,1,3,3,0,1,0,1,1,2,1,0,0,0,0,1,0,0,-2,0,0,0,-1,-1,1]","[-1,-1,-1,-1,-1,1,2,2,-2,0,0,1,1,2,3,-1,1,0,2,1,0,1,0,2,2,0,0,2,2,2,2,3,2,1,2,0]",c,"[[{8, 3}, {2, 7}, {5, 6}, {1, 4}], [{8, 3}, {2, 7}, {5, 6}, {4}, {1}], [{8, 3}, {5, 7}, {2, 6}, {1, 4}], [{8, 7}, {2, 6}, {3, 5}, {1, 4}], [{8, 7}, {5, 6}, {1, 4}, {2, 3}], [{8, 7}, {5, 6}, {4}, {2, 3}, {1}]]",1,4 K_1^3 - 28 K_1^2 - 8 K_1 K_2 + K_1 + 14 K_2 + 3 K_3 + 15,O1O2O3U1O4U5U4U2O6O7U6O8U3U8O5U7,O1O2O3U2O4U5U1U4O6U3O7O5U7O8U6U8,O1O2O3U4U5O4U6O7O6U1O5U8U3U7O8U2,c,{'O1O2O3U4O5U6U1O6U7O4O7U2U8U5O8U3'},1,"<a href=""/flatknot/8.1101573"">8.1101573</a>",t^9-65t^7-166t^6+307t^5+684t^4-221t^3-404t^2+80t,-2t^2+4t,,
8.1101574,O1O2O3U4O5U6U1O6U7O4O7U3U8U5O8U2,3,22z^2+91z+95,-8w^4z^2+30w^3z^2-8w^3z+99w^2z+95w,False,False,"[[ 0 -1  1  0 -1  2 -1  1 -1],[ 1  0  1 -1  2  0  1  2  0],[-1 -1  0 -1 -1  1 -1  0 -2],[ 0  1  1  0 -1  0  0  1 -1],[ 1 -2  1  1  0  3  0  1  1],[-2  0 -1  0 -3  0 -2 -2 -2],[ 1 -1  1  0  0  2  0  2  0],[-1 -2  0 -1 -1  2 -2  0 -2],[ 1  0  2  1 -1  2  0  2  0]]","[[ 0  2  1  1  0 -1 -1 -1 -1],[-2  0 -1 -2  0  0 -2 -2 -3],[-1  1  0  0 -1 -1 -1 -2 -1],[-1  2  0  0 -1 -2 -2 -2 -1],[ 0  0  1  1  0  1  0 -1 -1],[ 1  0  1  2 -1  0  1  0  2],[ 1  2  1  2  0 -1  0  0  0],[ 1  2  2  2  1  0  0  0 -1],[ 1  3  1  1  1 -2  0  1  0]]",True,"[-2,-1,-1,0,1,1,1,1,1,2,0,0,2,2,3,0,1,1,1,2,1,1,2,2,2,1,-1,0,1,1,-1,0,-2,0,0,1]","[-2,-1,-1,0,1,1,1,1,-1,0,2,0,1,1,3,0,0,1,0,0,0,0,1,0,1,1,0,0,1,2,1,0,-2,0,0,-1]",t^8+53t^6+437t^4+83t^2,"[-1,-1,-1,-1,0,1,1,2,-2,-1,0,2,0,1,3,0,-1,0,1,1,0,0,1,0,1,1,0,0,0,1,0,0,2,0,-1,0]","[-2,-1,-1,0,1,1,1,1,-1,0,2,0,1,1,3,0,0,1,0,0,0,0,1,0,1,1,0,0,1,2,1,0,-2,0,0,-1]","[-1,-1,-1,-1,0,1,1,2,-2,0,1,1,1,1,3,1,0,-1,1,2,0,0,0,1,2,2,1,2,2,2,1,1,0,0,1,2]",c,"[[{8, 6}, {3, 7}, {1, 5}, {2, 4}], [{8, 6}, {3, 7}, {1, 5}, {4}, {2}], [{8, 7}, {1, 6}, {3, 5}, {2, 4}], [{8, 7}, {3, 6}, {1, 5}, {2, 4}], [{8, 7}, {3, 6}, {1, 5}, {4}, {2}], [{8, 7}, {3, 6}, {2, 5}, {1, 4}], [{8, 7}, {3, 6}, {4, 5}, {1, 2}], [{8, 7}, {4, 6}, {3, 5}, {1, 2}], [{8, 7}, {5, 6}, {2, 4}, {1, 3}], [{8, 7}, {5, 6}, {3, 4}, {1, 2}]]",1,8 K_1^3 - 6 K_1^2 - 4 K_1 K_2 - 4 K_1 + 3 K_2 + 4,O1O2O3U2O4U5U4U1O6O7U6O8U3U8O5U7,O1O2O3U2O4U5U4U1O6U3O7O5U7O8U6U8,O1O2O3U4U5O4U6O7O6U1O5U3U8U7O8U2,c,{'O1O2O3U4O5U6U1O6U7O4O7U3U8U5O8U2'},1,"<a href=""/flatknot/8.1101574"">8.1101574</a>",t^9-51t^7-124t^6+122t^5+176t^4-215t^3+64t^2+88t-8,-t^2+2t,,
8.1101575,O1O2O3U4O5U6U1O6U7O4O7U8U2U3O8U5,3,15z^2+60z+61,-4w^4z^2+19w^3z^2-4w^3z+64w^2z+61w,False,False,"[[ 0 -1  0  2 -1  2 -1  1 -2],[ 1  0 -1  0  2  1  1  2 -1],[ 0  1  0  1 -1  0  0  1 -1],[-2  0 -1  0 -3 -1 -2 -1 -2],[ 1 -2  1  3  0  3  0  1 -1],[-2 -1  0  1 -3  0 -2 -2 -2],[ 1 -1  0  2  0  2  0  2 -1],[-1 -2 -1  1 -1  2 -2  0 -3],[ 2  1  1  2  1  2  1  3  0]]","[[ 0  2  2  1  0 -1 -1 -1 -2],[-2  0  1 -2  0 -1 -2 -3 -2],[-2 -1  0 -1 -1  0 -2 -3 -2],[-1  2  1  0 -1 -2 -2 -1 -3],[ 0  0  1  1  0  1  0 -1 -1],[ 1  1  0  2 -1  0  1  2 -1],[ 1  2  2  2  0 -1  0  0 -1],[ 1  3  3  1  1 -2  0  0 -1],[ 2  2  2  3  1  1  1  1  0]]",True,"[-2,-2,-1,0,1,1,1,2,-1,2,0,1,2,3,2,1,1,0,2,3,2,1,2,2,1,3,-1,0,1,1,-1,-2,1,0,1,1]","[-2,-2,-1,0,1,1,1,2,-1,0,1,0,1,3,2,-1,2,0,1,2,2,0,1,0,0,0,0,1,2,1,0,-2,0,-1,0,0]",t^8+72t^6+634t^4+324t^2,"[-2,-1,-1,-1,0,1,2,2,0,0,0,1,0,2,2,-2,-1,2,0,2,3,0,0,1,0,0,1,0,1,1,0,2,1,-1,0,-1]","[-2,-2,-1,0,1,1,1,2,-1,0,1,0,1,3,2,-1,2,0,1,2,2,0,1,0,0,0,0,1,2,1,0,-2,0,-1,0,0]","[-2,-1,-1,-1,0,1,2,2,1,1,1,1,3,2,2,-2,0,1,1,3,3,1,-1,2,0,1,0,2,2,2,1,1,0,1,2,-1]",c,"[[{8, 1}, {2, 7}, {5, 6}, {3, 4}], [{8, 6}, {5, 7}, {3, 4}, {1, 2}], [{8, 7}, {2, 6}, {1, 5}, {3, 4}], [{8, 7}, {5, 6}, {3, 4}, {1, 2}], [{8, 7}, {5, 6}, {4}, {3}, {1, 2}]]",1,4 K_1^3 - 6 K_1^2 - 4 K_1 K_2 - K_1 + 3 K_2 + K_3 + 4,O1O2O3U4O5U1U2U5O6O7U6O8U3U8O4U7,O1O2O3U1O4U5U2U3O6U4O7O5U7O8U6U8,O1O2O3U4U5O4U6O7O6U8O5U1U2U7O8U3,c,{'O1O2O3U4O5U6U1O6U7O4O7U8U2U3O8U5'},1,"<a href=""/flatknot/8.1101575"">8.1101575</a>",t^9-70t^7-266t^6-131t^5+218t^4-256t^3+48t^2+420t-24,-t^2+2t,,
8.1101576,O1O2O3U4O5U6U1O6U7O4O7U8U3U2O8U5,4,4z^3+36z^2+93z+75,4w^4z^3+36w^3z^2+93w^2z+75w,False,False,"[[ 0 -1  1  1 -1  2 -1  1 -2],[ 1  0  0 -1  2  1  1  2 -1],[-1  0  0  0 -2  0 -1  0 -2],[-1  1  0  0 -2 -1 -1  0 -1],[ 1 -2  2  2  0  3  0  1 -1],[-2 -1  0  1 -3  0 -2 -2 -2],[ 1 -1  1  1  0  2  0  2 -1],[-1 -2  0  0 -1  2 -2  0 -3],[ 2  1  2  1  1  2  1  3  0]]","[[ 0  2  1  1  1 -1 -1 -1 -2],[-2  0  1  0 -2 -1 -2 -3 -2],[-1 -1  0  0  0  1 -1 -2 -1],[-1  0  0  0  0  0 -1 -2 -2],[-1  2  0  0  0 -2 -2 -1 -3],[ 1  1 -1  0  2  0  1  2 -1],[ 1  2  1  1  2 -1  0  0 -1],[ 1  3  2  2  1 -2  0  0 -1],[ 2  2  1  2  3  1  1  1  0]]",True,"[-2,-1,-1,-1,1,1,1,2,-1,0,2,1,2,3,2,0,0,-1,1,2,1,0,0,1,2,2,2,2,1,3,-1,-2,1,0,1,1]","[-2,-1,-1,-1,1,1,1,2,-1,0,2,1,2,3,2,0,0,-1,1,2,1,0,0,1,2,2,2,2,1,3,-1,-2,1,0,1,1]",t^8+65t^6+561t^4+266t^2+9,"[-2,-1,-1,-1,1,1,1,2,0,0,0,0,1,2,2,-2,-1,0,2,3,2,0,1,0,0,0,0,1,1,1,0,0,-1,0,1,2]","[-2,-1,-1,-1,1,1,1,2,-1,1,2,0,1,2,2,0,0,1,0,0,0,0,0,1,2,1,0,1,3,2,0,-2,0,-1,0,0]","[-2,-1,-1,-1,1,1,1,2,1,1,1,1,2,3,2,-2,0,2,2,1,3,1,-1,0,2,1,1,1,2,2,0,0,-1,0,0,2]",c,"[[{8, 5}, {6, 7}, {2, 4}, {1, 3}], [{8, 5}, {6, 7}, {3, 4}, {1, 2}], [{8, 6}, {5, 7}, {2, 4}, {1, 3}], [{8, 7}, {5, 6}, {2, 4}, {1, 3}], [{8, 7}, {5, 6}, {4}, {1, 3}, {2}]]",1,- 4 K_1^2 - 4 K_1 K_2 + 2 K_1 + 2 K_2 + 2 K_3 + 3,O1O2O3U4O5U2U1U5O6O7U6O8U3U8O4U7,O1O2O3U1O4U5U3U2O6U4O7O5U7O8U6U8,O1O2O3U4U5O4U6O7O6U8O5U2U1U7O8U3,c,{'O1O2O3U4O5U6U1O6U7O4O7U8U3U2O8U5'},1,"<a href=""/flatknot/8.1101576"">8.1101576</a>",t^9-65t^7-210t^6+43t^5+496t^4+258t^3-152t^2-225t-98,0,,
8.1101577,O1O2O3U4O5U6U1O6U7O4O7U8U3U5O8U2,4,6z^3+44z^2+109z+91,6w^4z^3+44w^3z^2+109w^2z+91w,False,False,"[[ 0 -1  1  1 -1  2 -1  1 -2],[ 1  0  1 -1  2  0  1  2 -1],[-1 -1  0  0 -1  1 -1  0 -3],[-1  1  0  0 -2  0 -1  0 -2],[ 1 -2  1  2  0  3  0  1  0],[-2  0 -1  0 -3  0 -2 -2 -2],[ 1 -1  1  1  0  2  0  2 -1],[-1 -2  0  0 -1  2 -2  0 -3],[ 2  1  3  2  0  2  1  3  0]]","[[ 0  2  1  1  1 -1 -1 -1 -2],[-2  0  0 -1 -2  0 -2 -3 -2],[-1  0  0  0  0  1 -1 -2 -2],[-1  1  0  0  0 -1 -1 -1 -3],[-1  2  0  0  0 -2 -2 -1 -3],[ 1  0 -1  1  2  0  1  2 -1],[ 1  2  1  1  2 -1  0  0 -1],[ 1  3  2  1  1 -2  0  0  0],[ 2  2  2  3  3  1  1  0  0]]",True,"[-2,-1,-1,-1,1,1,1,2,0,1,2,0,2,3,2,0,0,-1,1,2,2,0,1,1,1,3,2,2,1,3,-1,-2,1,0,1,0]","[-2,-1,-1,-1,1,1,1,2,-1,0,1,0,1,3,2,0,0,1,0,0,0,0,1,1,1,0,0,1,3,1,0,-2,1,-1,0,0]",t^8+69t^6+720t^4+256t^2+4,"[-2,-1,-1,-1,1,1,1,2,0,0,1,0,0,1,2,-1,-2,0,1,3,3,0,0,1,1,1,1,1,0,0,0,0,-1,0,0,1]","[-2,-1,-1,-1,1,1,1,2,-1,0,1,0,1,3,2,0,0,1,0,0,0,0,1,1,1,0,0,1,3,1,0,-2,1,-1,0,0]","[-2,-1,-1,-1,1,1,1,2,0,1,1,2,3,3,2,-2,0,2,1,1,3,1,-1,1,2,0,1,1,2,2,0,0,0,0,1,2]",c,"[[{8, 5}, {1, 7}, {2, 6}, {3, 4}]]",1,8 K_1^3 - 8 K_1^2 - 4 K_1 K_2 - 4 K_1 + 4 K_2 + 5,O1O2O3U2O4U5U1U4O6O7U6O8U3U8O5U7,O1O2O3U1O4U5U4U2O6U3O7O5U7O8U6U8,O1O2O3U4U5O4U6O7O6U1O5U2U8U7O8U3,c,{'O1O2O3U4O5U6U1O6U7O4O7U8U3U5O8U2'},1,"<a href=""/flatknot/8.1101577"">8.1101577</a>",t^9-69t^7-162t^6+288t^5+210t^4-105t^3+108t^2-125t-38,0,,
8.1101578,O1O2O3U4O5U6U1O6U7O4O7U8U5U2O8U3,4,11z^2+96z+149,11w^3z^2+96w^2z+149w,False,False,"[[ 0 -1  1  2 -1  1 -1  1 -2],[ 1  0  0  1  2 -1  1  2 -1],[-1  0  0  0 -1 -1 -1  0 -2],[-2 -1  0  0 -2  0 -2 -1 -3],[ 1 -2  1  2  0  2  0  1  0],[-1  1  1  0 -2  0 -1 -1 -1],[ 1 -1  1  2  0  1  0  2 -1],[-1 -2  0  1 -1  1 -2  0 -3],[ 2  1  2  3  0  1  1  3  0]]","[[ 0  2  1  1  1 -1 -1 -1 -2],[-2  0  0  0 -1 -1 -2 -2 -3],[-1  0  0  1 -1  1 -1 -2 -1],[-1  0 -1  0  0  0 -1 -1 -2],[-1  1  1  0  0 -2 -2 -1 -3],[ 1  1 -1  0  2  0  1  2 -1],[ 1  2  1  1  2 -1  0  0 -1],[ 1  2  2  1  1 -2  0  0  0],[ 2  3  1  2  3  1  1  0  0]]",True,"[-2,-1,-1,-1,1,1,1,2,0,0,1,1,2,2,3,-1,1,-1,1,2,1,0,0,1,1,2,2,2,1,3,-1,-2,1,0,1,0]","[-2,-1,-1,-1,1,1,1,2,0,0,1,0,1,2,1,-1,-2,0,2,3,2,0,0,1,1,1,1,1,0,1,0,-1,0,1,1,1]",t^8+59t^6+546t^4+158t^2+4,"[-2,-1,-1,-1,1,1,1,2,0,0,1,0,1,2,1,-1,-2,0,2,3,2,0,0,1,1,1,1,1,0,1,0,-1,0,1,1,1]","[-2,-1,-1,-1,1,1,1,2,0,1,1,1,1,2,1,0,1,0,1,0,0,-1,1,1,2,1,1,0,3,2,0,-1,0,-2,1,0]","[-2,-1,-1,-1,1,1,1,2,0,1,1,1,2,3,3,-2,0,2,1,1,2,1,-1,0,2,1,1,1,2,2,1,-1,0,0,0,1]",c,"[[{8, 3}, {1, 7}, {5, 6}, {2, 4}], [{8, 3}, {4, 7}, {2, 6}, {1, 5}]]",1,4 K_1^3 - 24 K_1^2 - 8 K_1 K_2 + K_1 + 12 K_2 + 3 K_3 + 13,O1O2O3U1O4U2U5U4O6O7U6O8U3U8O5U7,O1O2O3U1O4U5U3U4O6U2O7O5U7O8U6U8,O1O2O3U4U5O4U6O7O6U2O5U8U1U7O8U3,c,{'O1O2O3U4O5U6U1O6U7O4O7U8U5U2O8U3'},1,"<a href=""/flatknot/8.1101578"">8.1101578</a>",t^9-59t^7-158t^6+86t^5+394t^4+129t^3-4t^2-23t-78,0,,
8.1101579,O1O2O3U4O5U6U1O6U7O4O7U8U5U3O8U2,4,24z^2+93z+91,24w^3z^2+93w^2z+91w,False,False,"[[ 0 -1  1  2 -1  1 -1  1 -2],[ 1  0  1  0  2 -1  1  2 -1],[-1 -1  0  1 -1  0 -1  0 -3],[-2  0 -1  0 -2 -1 -2 -1 -3],[ 1 -2  1  2  0  2  0  1  0],[-1  1  0  1 -2  0 -1 -1 -1],[ 1 -1  1  2  0  1  0  2 -1],[-1 -2  0  1 -1  1 -2  0 -3],[ 2  1  3  3  0  1  1  3  0]]","[[ 0  2  1  1  1 -1 -1 -1 -2],[-2  0 -1 -1 -1  0 -2 -2 -3],[-1  1  0  1  0 -2 -1 -2 -3],[-1  1 -1  0  0  1 -2 -1 -1],[-1  1  0  0  0 -1 -1 -1 -3],[ 1  0  2 -1  1  0  2  1 -1],[ 1  2  1  2  1 -2  0  0  0],[ 1  2  2  1  1 -1  0  0 -1],[ 2  3  3  1  3  1  0  1  0]]",True,"[-2,-1,-1,-1,1,1,1,2,1,1,1,0,2,2,3,-1,0,2,1,2,3,0,-1,2,1,1,1,1,1,3,-2,-1,1,0,0,1]","[-2,-1,-1,-1,1,1,1,2,0,0,0,1,1,3,1,-1,0,0,1,3,2,0,1,0,0,0,1,1,1,0,0,-2,1,-1,0,0]",t^8+65t^6+652t^4+263t^2+9,"[-2,-1,-1,-1,1,1,1,2,0,0,1,0,0,2,1,-1,-2,0,1,3,3,0,0,1,1,1,1,1,0,1,0,-1,0,0,0,0]","[-2,-1,-1,-1,1,1,1,2,0,0,0,1,1,3,1,-1,0,0,1,3,2,0,1,0,0,0,1,1,1,0,0,-2,1,-1,0,0]","[-2,-1,-1,-1,1,1,1,2,0,1,1,1,3,3,3,-2,0,2,1,1,2,1,-1,1,2,0,1,1,2,2,0,-1,1,0,1,1]",c,"[[{8, 3}, {4, 7}, {2, 6}, {1, 5}], [{8, 3}, {4, 7}, {5, 6}, {1, 2}]]",1,12 K_1^3 - 8 K_1^2 - 8 K_1 K_2 - 5 K_1 + 4 K_2 + K_3 + 5,O1O2O3U2O4U1U5U4O6O7U6O8U3U8O5U7,O1O2O3U1O4U5U4U3O6U2O7O5U7O8U6U8,O1O2O3U4U5O4U6O7O6U2O5U1U8U7O8U3,c,{'O1O2O3U4O5U6U1O6U7O4O7U8U5U3O8U2'},1,"<a href=""/flatknot/8.1101579"">8.1101579</a>",t^9-65t^7-180t^6+144t^5+518t^4+109t^3+190t^2+265t-146,0,,
8.1101580,O1O2O3U4O5U6U1O6U7O4O8U2U5U3O7U8,4,21z^2+106z+129,21w^3z^2+106w^2z+129w,False,False,"[[ 0 -1 -1  2 -1  1 -1 -1  2],[ 1  0 -1  1  2  0  1 -1  3],[ 1  1  0  2  1  0  1  0  2],[-2 -1 -2  0 -1 -1 -2 -2  1],[ 1 -2 -1  1  0  1  0  0  2],[-1  0  0  1 -1  0 -1 -1  0],[ 1 -1 -1  2  0  1  0  0  2],[ 1  1  0  2  0  1  0  0  2],[-2 -3 -2 -1 -2  0 -2 -2  0]]","[[ 0  2  2  1 -1 -1 -1 -1 -1],[-2  0  1 -1 -1 -1 -2 -2 -2],[-2 -1  0  0 -2 -3 -2 -2 -2],[-1  1  0  0 -1  0  0 -1 -1],[ 1  1  2  1  0 -2 -1  0  0],[ 1  1  3  0  2  0 -1  1 -1],[ 1  2  2  0  1  1  0  1  0],[ 1  2  2  1  0 -1 -1  0  0],[ 1  2  2  1  0  1  0  0  0]]",True,"[-2,-2,-1,1,1,1,1,1,-1,1,1,1,2,2,2,0,2,3,2,2,2,1,0,0,1,1,2,1,0,0,1,-1,1,-1,0,0]","[-2,-2,-1,1,1,1,1,1,-1,1,0,1,1,1,1,0,2,1,1,1,2,2,1,1,2,1,-1,1,-1,2,0,0,0,-1,0,1]",t^8+53t^6+359t^4+211t^2+16,"[-1,-1,-1,-1,-1,1,2,2,-2,-1,1,1,2,0,2,0,0,1,1,1,2,0,1,1,1,1,0,1,1,1,2,1,1,1,0,1]","[-2,-2,-1,1,1,1,1,1,-1,1,0,1,1,1,1,0,2,1,1,1,2,2,1,1,2,1,-1,1,-1,2,0,0,0,-1,0,1]","[-1,-1,-1,-1,-1,1,2,2,-2,-1,0,0,1,1,2,-1,-1,1,0,1,3,0,1,0,2,2,0,1,2,2,1,2,2,1,0,1]",c,"[[{8, 1}, {2, 7}, {3, 6}, {4, 5}], [{8, 1}, {2, 7}, {4, 6}, {3, 5}], [{8, 1}, {2, 7}, {5, 6}, {3, 4}], [{8, 1}, {3, 7}, {2, 6}, {4, 5}], [{8, 1}, {3, 7}, {4, 6}, {2, 5}], [{8, 1}, {3, 7}, {5, 6}, {2, 4}], [{8, 1}, {4, 7}, {2, 6}, {3, 5}], [{8, 1}, {4, 7}, {3, 6}, {2, 5}], [{8, 1}, {4, 7}, {5, 6}, {2, 3}], [{8, 1}, {5, 7}, {2, 6}, {3, 4}], [{8, 1}, {5, 7}, {3, 6}, {2, 4}], [{8, 1}, {5, 7}, {4, 6}, {2, 3}], [{8, 1}, {5, 7}, {6}, {2, 4}, {3}], [{8, 1}, {5, 7}, {6}, {3, 4}, {2}], [{8, 1}, {5, 7}, {6}, {4}, {2, 3}], [{8, 1}, {6, 7}, {2, 5}, {3, 4}], [{8, 1}, {6, 7}, {3, 5}, {2, 4}], [{8, 1}, {6, 7}, {4, 5}, {2, 3}], [{8, 1}, {6, 7}, {5}, {3, 4}, {2}], [{8, 1}, {7}, {2, 6}, {4, 5}, {3}], [{8, 1}, {7}, {5, 6}, {3, 4}, {2}], [{8, 2}, {1, 7}, {3, 6}, {4, 5}], [{8, 2}, {1, 7}, {3, 6}, {5}, {4}], [{8, 2}, {1, 7}, {4, 6}, {3, 5}], [{8, 2}, {1, 7}, {5, 6}, {3, 4}], [{8, 2}, {3, 7}, {1, 6}, {4, 5}], [{8, 2}, {3, 7}, {4, 6}, {1, 5}], [{8, 2}, {3, 7}, {5, 6}, {1, 4}], [{8, 2}, {3, 7}, {6}, {4, 5}, {1}], [{8, 2}, {4, 7}, {1, 6}, {3, 5}], [{8, 2}, {4, 7}, {3, 6}, {1, 5}], [{8, 2}, {4, 7}, {3, 6}, {5}, {1}], [{8, 2}, {4, 7}, {5, 6}, {1, 3}], [{8, 2}, {5, 7}, {1, 6}, {3, 4}], [{8, 2}, {5, 7}, {3, 6}, {1, 4}], [{8, 2}, {5, 7}, {3, 6}, {4}, {1}], [{8, 2}, {5, 7}, {4, 6}, {1, 3}], [{8, 2}, {6, 7}, {1, 5}, {3, 4}], [{8, 2}, {6, 7}, {3, 5}, {1, 4}], [{8, 2}, {6, 7}, {4, 5}, {1, 3}], [{8, 2}, {6, 7}, {4, 5}, {3}, {1}], [{8, 2}, {7}, {3, 6}, {1, 5}, {4}], [{8, 2}, {7}, {3, 6}, {4, 5}, {1}], [{8, 2}, {7}, {3, 6}, {5}, {1, 4}], [{8, 2}, {7}, {4, 6}, {5}, {1, 3}], [{8, 3}, {1, 7}, {2, 6}, {4, 5}], [{8, 3}, {1, 7}, {4, 6}, {2, 5}], [{8, 3}, {1, 7}, {5, 6}, {2, 4}], [{8, 3}, {2, 7}, {1, 6}, {4, 5}], [{8, 3}, {2, 7}, {4, 6}, {1, 5}], [{8, 3}, {2, 7}, {5, 6}, {1, 4}], [{8, 3}, {4, 7}, {1, 6}, {2, 5}], [{8, 3}, {4, 7}, {2, 6}, {1, 5}], [{8, 3}, {4, 7}, {2, 6}, {5}, {1}], [{8, 3}, {4, 7}, {5, 6}, {1, 2}], [{8, 3}, {4, 7}, {6}, {1, 5}, {2}], [{8, 3}, {5, 7}, {1, 6}, {2, 4}], [{8, 3}, {5, 7}, {2, 6}, {1, 4}], [{8, 3}, {5, 7}, {2, 6}, {4}, {1}], [{8, 3}, {5, 7}, {4, 6}, {1, 2}], [{8, 3}, {6, 7}, {1, 5}, {2, 4}], [{8, 3}, {6, 7}, {2, 5}, {1, 4}], [{8, 3}, {6, 7}, {4, 5}, {1, 2}], [{8, 3}, {7}, {1, 6}, {4, 5}, {2}], [{8, 3}, {7}, {2, 6}, {4, 5}, {1}], [{8, 3}, {7}, {6}, {4, 5}, {1, 2}], [{8, 4}, {1, 7}, {2, 6}, {3, 5}], [{8, 4}, {1, 7}, {3, 6}, {2, 5}], [{8, 4}, {1, 7}, {5, 6}, {2, 3}], [{8, 4}, {1, 7}, {5, 6}, {3}, {2}], [{8, 4}, {2, 7}, {1, 6}, {3, 5}], [{8, 4}, {2, 7}, {3, 6}, {1, 5}], [{8, 4}, {2, 7}, {5, 6}, {1, 3}], [{8, 4}, {2, 7}, {6}, {3, 5}, {1}], [{8, 4}, {3, 7}, {1, 6}, {2, 5}], [{8, 4}, {3, 7}, {2, 6}, {1, 5}], [{8, 4}, {3, 7}, {5, 6}, {1, 2}], [{8, 4}, {5, 7}, {1, 6}, {2, 3}], [{8, 4}, {5, 7}, {2, 6}, {1, 3}], [{8, 4}, {5, 7}, {3, 6}, {1, 2}], [{8, 4}, {5, 7}, {6}, {1, 3}, {2}], [{8, 4}, {5, 7}, {6}, {2, 3}, {1}], [{8, 4}, {5, 7}, {6}, {3}, {1, 2}], [{8, 4}, {6, 7}, {1, 5}, {2, 3}], [{8, 4}, {6, 7}, {2, 5}, {1, 3}], [{8, 4}, {6, 7}, {3, 5}, {1, 2}], [{8, 5}, {1, 7}, {2, 6}, {3, 4}], [{8, 5}, {1, 7}, {3, 6}, {2, 4}], [{8, 5}, {1, 7}, {4, 6}, {2, 3}], [{8, 5}, {2, 7}, {1, 6}, {3, 4}], [{8, 5}, {2, 7}, {3, 6}, {1, 4}], [{8, 5}, {2, 7}, {4, 6}, {1, 3}], [{8, 5}, {3, 7}, {1, 6}, {2, 4}], [{8, 5}, {3, 7}, {2, 6}, {1, 4}], [{8, 5}, {3, 7}, {4, 6}, {1, 2}], [{8, 5}, {4, 7}, {1, 6}, {2, 3}], [{8, 5}, {4, 7}, {2, 6}, {1, 3}], [{8, 5}, {4, 7}, {3, 6}, {1, 2}], [{8, 5}, {6, 7}, {1, 4}, {2, 3}], [{8, 5}, {6, 7}, {2, 4}, {1, 3}], [{8, 5}, {6, 7}, {3, 4}, {1, 2}], [{8, 5}, {7}, {1, 6}, {2, 4}, {3}], [{8, 5}, {7}, {4, 6}, {1, 3}, {2}], [{8, 5}, {7}, {6}, {3, 4}, {1, 2}], [{8, 6}, {1, 7}, {2, 5}, {3, 4}], [{8, 6}, {1, 7}, {3, 5}, {2, 4}], [{8, 6}, {1, 7}, {4, 5}, {2, 3}], [{8, 6}, {2, 7}, {1, 5}, {3, 4}], [{8, 6}, {2, 7}, {3, 5}, {1, 4}], [{8, 6}, {2, 7}, {4, 5}, {1, 3}], [{8, 6}, {2, 7}, {5}, {3, 4}, {1}], [{8, 6}, {3, 7}, {1, 5}, {2, 4}], [{8, 6}, {3, 7}, {2, 5}, {1, 4}], [{8, 6}, {3, 7}, {4, 5}, {1, 2}], [{8, 6}, {4, 7}, {1, 5}, {2, 3}], [{8, 6}, {4, 7}, {2, 5}, {1, 3}], [{8, 6}, {4, 7}, {3, 5}, {1, 2}], [{8, 6}, {5, 7}, {1, 4}, {2, 3}], [{8, 6}, {5, 7}, {1, 4}, {3}, {2}], [{8, 6}, {5, 7}, {2, 4}, {1, 3}], [{8, 6}, {5, 7}, {2, 4}, {3}, {1}], [{8, 6}, {5, 7}, {3, 4}, {1, 2}], [{8, 6}, {5, 7}, {3, 4}, {2}, {1}], [{8, 6}, {5, 7}, {4}, {1, 3}, {2}], [{8, 6}, {5, 7}, {4}, {2, 3}, {1}], [{8, 6}, {5, 7}, {4}, {3}, {1, 2}], [{8, 6}, {5, 7}, {4}, {3}, {2}, {1}], [{8, 6}, {7}, {2, 5}, {3, 4}, {1}], [{8, 7}, {1, 6}, {2, 5}, {3, 4}], [{8, 7}, {1, 6}, {3, 5}, {2, 4}], [{8, 7}, {1, 6}, {4, 5}, {2, 3}], [{8, 7}, {1, 6}, {5}, {2, 4}, {3}], [{8, 7}, {2, 6}, {1, 5}, {3, 4}], [{8, 7}, {2, 6}, {3, 5}, {1, 4}], [{8, 7}, {2, 6}, {4, 5}, {1, 3}], [{8, 7}, {2, 6}, {5}, {1, 4}, {3}], [{8, 7}, {3, 6}, {1, 5}, {2, 4}], [{8, 7}, {3, 6}, {2, 5}, {1, 4}], [{8, 7}, {3, 6}, {4, 5}, {1, 2}], [{8, 7}, {3, 6}, {4, 5}, {2}, {1}], [{8, 7}, {4, 6}, {1, 5}, {2, 3}], [{8, 7}, {4, 6}, {2, 5}, {1, 3}], [{8, 7}, {4, 6}, {3, 5}, {1, 2}], [{8, 7}, {4, 6}, {5}, {1, 3}, {2}], [{8, 7}, {5, 6}, {1, 4}, {2, 3}], [{8, 7}, {5, 6}, {2, 4}, {1, 3}], [{8, 7}, {5, 6}, {3, 4}, {1, 2}], [{8, 7}, {6}, {2, 5}, {3, 4}, {1}], [{8, 7}, {6}, {3, 5}, {2, 4}, {1}], [{8}, {2, 7}, {3, 6}, {4, 5}, {1}], [{8}, {2, 7}, {4, 6}, {5}, {1, 3}], [{8}, {3, 7}, {6}, {1, 5}, {2, 4}], [{8}, {5, 7}, {1, 6}, {2, 4}, {3}], [{8}, {5, 7}, {1, 6}, {3, 4}, {2}], [{8}, {5, 7}, {1, 6}, {4}, {2, 3}], [{8}, {5, 7}, {4, 6}, {1, 3}, {2}], [{8}, {5, 7}, {4, 6}, {2, 3}, {1}], [{8}, {5, 7}, {4, 6}, {3}, {1, 2}], [{8}, {5, 7}, {6}, {1, 4}, {2, 3}], [{8}, {5, 7}, {6}, {4}, {2, 3}, {1}], [{8}, {6, 7}, {2, 5}, {3, 4}, {1}], [{8}, {7}, {2, 6}, {4, 5}, {1, 3}], [{8}, {7}, {4, 6}, {2, 5}, {1, 3}], [{8}, {7}, {4, 6}, {5}, {1, 3}, {2}], [{8}, {7}, {5, 6}, {2, 4}, {1, 3}]]",2,4 K_1^3 - 16 K_1^2 - 8 K_1 K_2 + K_1 + 8 K_2 + 3 K_3 + 9,O1O2O3U4O5U1U6U2O4O7U5O8U3U8O6U7,O1O2O3U4O5U6U1U3O7U2O8O6U8O4U7U5,O1O2O3U4U5O6U7O8O7U2O5U1U3U8O4U6,c,{'O1O2O3U4O5U6U1O6U7O4O8U2U5U3O7U8'},1,"<a href=""/flatknot/8.1101580"">8.1101580</a>",t^9-49t^7-156t^6-51t^5+190t^4+16t^3-52t^2+9t,-2t^2+4t,,
8.1101581,O1O2O3U4O5U6U1O6U7O4O8U2U5U8O7U3,4,z^3+18z^2+92z+121,w^4z^3+18w^3z^2+92w^2z+121w,False,False,"[[ 0 -1 -1  2 -1  1 -1 -1  2],[ 1  0 -1  1  2  0  1  0  2],[ 1  1  0  2  1  0  1  0  2],[-2 -1 -2  0 -2 -1 -2 -2  1],[ 1 -2 -1  2  0  1  0  0  1],[-1  0  0  1 -1  0 -1 -2  1],[ 1 -1 -1  2  0  1  0  0  2],[ 1  0  0  2  0  2  0  0  2],[-2 -2 -2 -1 -1 -1 -2 -2  0]]","[[ 0  2  2  1 -1 -1 -1 -1 -1],[-2  0  1 -1 -1 -2 -2 -2 -2],[-2 -1  0 -1 -2 -1 -2 -2 -2],[-1  1  1  0  0 -1  0 -1 -2],[ 1  1  2  0  0  2 -1  1  0],[ 1  2  1  1 -2  0 -1  0  0],[ 1  2  2  0  1  1  0  1  0],[ 1  2  2  1 -1  0 -1  0  0],[ 1  2  2  2  0  0  0  0  0]]",True,"[-2,-2,-1,1,1,1,1,1,-1,1,1,2,2,2,2,1,2,1,2,2,2,0,1,0,1,2,-2,1,-1,0,1,0,0,-1,0,0]","[-2,-2,-1,1,1,1,1,1,-1,0,1,1,1,1,2,0,1,1,1,2,1,0,1,2,2,1,0,0,0,0,-1,-1,0,1,1,2]",t^8+51t^6+365t^4+340t^2+4,"[-1,-1,-1,-1,-1,1,2,2,-2,-1,0,1,2,1,2,0,0,1,1,2,1,0,1,1,1,1,0,0,1,1,2,1,1,0,0,1]","[-2,-2,-1,1,1,1,1,1,-1,0,1,1,1,1,2,0,1,1,1,2,1,0,1,2,2,1,0,0,0,0,-1,-1,0,1,1,2]","[-1,-1,-1,-1,-1,1,2,2,-2,-1,0,0,1,1,2,-1,0,1,0,2,1,0,1,0,2,2,0,2,2,2,1,2,2,1,1,-1]",c,"[[{8, 1}, {2, 7}, {3, 6}, {4, 5}], [{8, 1}, {2, 7}, {4, 6}, {3, 5}], [{8, 1}, {2, 7}, {5, 6}, {3, 4}], [{8, 1}, {2, 7}, {6}, {5}, {3, 4}], [{8, 1}, {3, 7}, {2, 6}, {4, 5}], [{8, 1}, {3, 7}, {4, 6}, {2, 5}], [{8, 1}, {3, 7}, {4, 6}, {5}, {2}], [{8, 1}, {3, 7}, {5, 6}, {2, 4}], [{8, 1}, {4, 7}, {2, 6}, {3, 5}], [{8, 1}, {4, 7}, {3, 6}, {2, 5}], [{8, 1}, {4, 7}, {5, 6}, {2, 3}], [{8, 1}, {4, 7}, {5, 6}, {3}, {2}], [{8, 1}, {5, 7}, {2, 6}, {3, 4}], [{8, 1}, {5, 7}, {3, 6}, {2, 4}], [{8, 1}, {5, 7}, {4, 6}, {2, 3}], [{8, 1}, {6, 7}, {2, 5}, {3, 4}], [{8, 1}, {6, 7}, {3, 5}, {2, 4}], [{8, 1}, {6, 7}, {3, 5}, {4}, {2}], [{8, 1}, {6, 7}, {4, 5}, {2, 3}], [{8, 2}, {1, 7}, {3, 6}, {4, 5}], [{8, 2}, {1, 7}, {4, 6}, {3, 5}], [{8, 2}, {1, 7}, {5, 6}, {3, 4}], [{8, 2}, {1, 7}, {6}, {4, 5}, {3}], [{8, 2}, {3, 7}, {1, 6}, {4, 5}], [{8, 2}, {3, 7}, {4, 6}, {1, 5}], [{8, 2}, {3, 7}, {5, 6}, {1, 4}], [{8, 2}, {3, 7}, {6}, {1, 5}, {4}], [{8, 2}, {3, 7}, {6}, {4, 5}, {1}], [{8, 2}, {3, 7}, {6}, {5}, {1, 4}], [{8, 2}, {4, 7}, {1, 6}, {3, 5}], [{8, 2}, {4, 7}, {3, 6}, {1, 5}], [{8, 2}, {4, 7}, {5, 6}, {1, 3}], [{8, 2}, {4, 7}, {5, 6}, {3}, {1}], [{8, 2}, {4, 7}, {6}, {5}, {1, 3}], [{8, 2}, {5, 7}, {1, 6}, {3, 4}], [{8, 2}, {5, 7}, {3, 6}, {1, 4}], [{8, 2}, {5, 7}, {4, 6}, {1, 3}], [{8, 2}, {5, 7}, {4, 6}, {3}, {1}], [{8, 2}, {5, 7}, {6}, {4}, {1, 3}], [{8, 2}, {6, 7}, {1, 5}, {3, 4}], [{8, 2}, {6, 7}, {1, 5}, {4}, {3}], [{8, 2}, {6, 7}, {3, 5}, {1, 4}], [{8, 2}, {6, 7}, {3, 5}, {4}, {1}], [{8, 2}, {6, 7}, {4, 5}, {1, 3}], [{8, 2}, {6, 7}, {4, 5}, {3}, {1}], [{8, 2}, {6, 7}, {5}, {1, 4}, {3}], [{8, 2}, {6, 7}, {5}, {3, 4}, {1}], [{8, 2}, {6, 7}, {5}, {4}, {1, 3}], [{8, 2}, {6, 7}, {5}, {4}, {3}, {1}], [{8, 2}, {7}, {1, 6}, {4, 5}, {3}], [{8, 2}, {7}, {3, 6}, {1, 5}, {4}], [{8, 2}, {7}, {3, 6}, {4, 5}, {1}], [{8, 2}, {7}, {3, 6}, {5}, {1, 4}], [{8, 2}, {7}, {4, 6}, {5}, {1, 3}], [{8, 2}, {7}, {5, 6}, {4}, {1, 3}], [{8, 2}, {7}, {6}, {4, 5}, {1, 3}], [{8, 2}, {7}, {6}, {4, 5}, {3}, {1}], [{8, 3}, {1, 7}, {2, 6}, {4, 5}], [{8, 3}, {1, 7}, {4, 6}, {2, 5}], [{8, 3}, {1, 7}, {5, 6}, {2, 4}], [{8, 3}, {2, 7}, {1, 6}, {4, 5}], [{8, 3}, {2, 7}, {4, 6}, {1, 5}], [{8, 3}, {2, 7}, {5, 6}, {1, 4}], [{8, 3}, {2, 7}, {5, 6}, {4}, {1}], [{8, 3}, {4, 7}, {1, 6}, {2, 5}], [{8, 3}, {4, 7}, {2, 6}, {1, 5}], [{8, 3}, {4, 7}, {5, 6}, {1, 2}], [{8, 3}, {4, 7}, {6}, {1, 5}, {2}], [{8, 3}, {5, 7}, {1, 6}, {2, 4}], [{8, 3}, {5, 7}, {2, 6}, {1, 4}], [{8, 3}, {5, 7}, {4, 6}, {1, 2}], [{8, 3}, {5, 7}, {6}, {1, 4}, {2}], [{8, 3}, {5, 7}, {6}, {2, 4}, {1}], [{8, 3}, {5, 7}, {6}, {4}, {1, 2}], [{8, 3}, {6, 7}, {1, 5}, {2, 4}], [{8, 3}, {6, 7}, {2, 5}, {1, 4}], [{8, 3}, {6, 7}, {2, 5}, {4}, {1}], [{8, 3}, {6, 7}, {4, 5}, {1, 2}], [{8, 3}, {7}, {1, 6}, {5}, {2, 4}], [{8, 4}, {1, 7}, {2, 6}, {3, 5}], [{8, 4}, {1, 7}, {3, 6}, {2, 5}], [{8, 4}, {1, 7}, {5, 6}, {2, 3}], [{8, 4}, {2, 7}, {1, 6}, {3, 5}], [{8, 4}, {2, 7}, {3, 6}, {1, 5}], [{8, 4}, {2, 7}, {5, 6}, {1, 3}], [{8, 4}, {2, 7}, {5, 6}, {3}, {1}], [{8, 4}, {3, 7}, {1, 6}, {2, 5}], [{8, 4}, {3, 7}, {2, 6}, {1, 5}], [{8, 4}, {3, 7}, {5, 6}, {1, 2}], [{8, 4}, {5, 7}, {1, 6}, {2, 3}], [{8, 4}, {5, 7}, {2, 6}, {1, 3}], [{8, 4}, {5, 7}, {3, 6}, {1, 2}], [{8, 4}, {5, 7}, {6}, {3}, {1, 2}], [{8, 4}, {6, 7}, {1, 5}, {2, 3}], [{8, 4}, {6, 7}, {2, 5}, {1, 3}], [{8, 4}, {6, 7}, {3, 5}, {1, 2}], [{8, 4}, {6, 7}, {3, 5}, {2}, {1}], [{8, 5}, {1, 7}, {2, 6}, {3, 4}], [{8, 5}, {1, 7}, {3, 6}, {2, 4}], [{8, 5}, {1, 7}, {4, 6}, {2, 3}], [{8, 5}, {2, 7}, {1, 6}, {3, 4}], [{8, 5}, {2, 7}, {3, 6}, {1, 4}], [{8, 5}, {2, 7}, {4, 6}, {1, 3}], [{8, 5}, {2, 7}, {6}, {3, 4}, {1}], [{8, 5}, {3, 7}, {1, 6}, {2, 4}], [{8, 5}, {3, 7}, {2, 6}, {1, 4}], [{8, 5}, {3, 7}, {4, 6}, {1, 2}], [{8, 5}, {3, 7}, {6}, {1, 4}, {2}], [{8, 5}, {4, 7}, {1, 6}, {2, 3}], [{8, 5}, {4, 7}, {2, 6}, {1, 3}], [{8, 5}, {4, 7}, {3, 6}, {1, 2}], [{8, 5}, {4, 7}, {6}, {3}, {1, 2}], [{8, 5}, {6, 7}, {1, 4}, {2, 3}], [{8, 5}, {6, 7}, {2, 4}, {1, 3}], [{8, 5}, {6, 7}, {3, 4}, {1, 2}], [{8, 5}, {6, 7}, {4}, {2, 3}, {1}], [{8, 6}, {1, 7}, {2, 5}, {3, 4}], [{8, 6}, {1, 7}, {3, 5}, {2, 4}], [{8, 6}, {1, 7}, {4, 5}, {2, 3}], [{8, 6}, {1, 7}, {5}, {3, 4}, {2}], [{8, 6}, {2, 7}, {1, 5}, {3, 4}], [{8, 6}, {2, 7}, {3, 5}, {1, 4}], [{8, 6}, {2, 7}, {3, 5}, {4}, {1}], [{8, 6}, {2, 7}, {4, 5}, {1, 3}], [{8, 6}, {2, 7}, {4, 5}, {3}, {1}], [{8, 6}, {2, 7}, {5}, {3, 4}, {1}], [{8, 6}, {3, 7}, {1, 5}, {2, 4}], [{8, 6}, {3, 7}, {2, 5}, {1, 4}], [{8, 6}, {3, 7}, {4, 5}, {1, 2}], [{8, 6}, {3, 7}, {5}, {4}, {1, 2}], [{8, 6}, {4, 7}, {1, 5}, {2, 3}], [{8, 6}, {4, 7}, {2, 5}, {1, 3}], [{8, 6}, {4, 7}, {3, 5}, {1, 2}], [{8, 6}, {4, 7}, {5}, {3}, {1, 2}], [{8, 6}, {5, 7}, {1, 4}, {2, 3}], [{8, 6}, {5, 7}, {2, 4}, {1, 3}], [{8, 6}, {5, 7}, {3, 4}, {1, 2}], [{8, 6}, {5, 7}, {3, 4}, {2}, {1}], [{8, 6}, {7}, {1, 5}, {3, 4}, {2}], [{8, 6}, {7}, {2, 5}, {3, 4}, {1}], [{8, 6}, {7}, {5}, {3, 4}, {1, 2}], [{8, 6}, {7}, {5}, {3, 4}, {2}, {1}], [{8, 7}, {1, 6}, {2, 5}, {3, 4}], [{8, 7}, {1, 6}, {3, 5}, {2, 4}], [{8, 7}, {1, 6}, {4, 5}, {2, 3}], [{8, 7}, {2, 6}, {1, 5}, {3, 4}], [{8, 7}, {2, 6}, {3, 5}, {1, 4}], [{8, 7}, {2, 6}, {3, 5}, {4}, {1}], [{8, 7}, {2, 6}, {4, 5}, {1, 3}], [{8, 7}, {2, 6}, {4, 5}, {3}, {1}], [{8, 7}, {2, 6}, {5}, {3, 4}, {1}], [{8, 7}, {3, 6}, {1, 5}, {2, 4}], [{8, 7}, {3, 6}, {2, 5}, {1, 4}], [{8, 7}, {3, 6}, {4, 5}, {1, 2}], [{8, 7}, {4, 6}, {1, 5}, {2, 3}], [{8, 7}, {4, 6}, {2, 5}, {1, 3}], [{8, 7}, {4, 6}, {3, 5}, {1, 2}], [{8, 7}, {5, 6}, {1, 4}, {2, 3}], [{8, 7}, {5, 6}, {2, 4}, {1, 3}], [{8, 7}, {5, 6}, {3, 4}, {1, 2}], [{8, 7}, {6}, {5}, {1, 4}, {2, 3}], [{8, 7}, {6}, {5}, {2, 4}, {1, 3}], [{8}, {1, 7}, {6}, {2, 5}, {3, 4}], [{8}, {2, 7}, {1, 6}, {5}, {3, 4}], [{8}, {2, 7}, {5, 6}, {3, 4}, {1}], [{8}, {2, 7}, {6}, {1, 5}, {3, 4}], [{8}, {2, 7}, {6}, {5}, {3, 4}, {1}], [{8}, {3, 7}, {6}, {2, 5}, {1, 4}], [{8}, {4, 7}, {2, 6}, {1, 5}, {3}], [{8}, {4, 7}, {5, 6}, {3}, {1, 2}], [{8}, {5, 7}, {2, 6}, {1, 4}, {3}], [{8}, {5, 7}, {6}, {3, 4}, {1, 2}], [{8}, {6, 7}, {3, 5}, {1, 4}, {2}], [{8}, {6, 7}, {3, 5}, {2, 4}, {1}], [{8}, {6, 7}, {3, 5}, {4}, {1, 2}], [{8}, {6, 7}, {3, 5}, {4}, {2}, {1}]]",2,4 K_1^3 - 24 K_1^2 - 8 K_1 K_2 + K_1 + 12 K_2 + 3 K_3 + 13,O1O2O3U1O4U5U6U2O5O7U4O8U3U8O6U7,O1O2O3U4O5U6U1U5O7U2O8O6U8O4U7U3,O1O2O3U1U4O5U6O7O6U2O4U8U3U7O8U5,c,{'O1O2O3U4O5U6U1O6U7O4O8U2U5U8O7U3'},1,"<a href=""/flatknot/8.1101581"">8.1101581</a>",t^9-47t^7-134t^6+45t^5+420t^4+306t^3+2t^2-39t-6,-2t^2+4t,,
8.1101582,O1O2O3U4O5U6U1O6U7O4O8U3U5U2O7U8,4,12z^2+97z+147,12w^3z^2+97w^2z+147w,False,False,"[[ 0 -1  1  0 -1  1 -1 -1  2],[ 1  0  1 -1  2  0  1 -1  3],[-1 -1  0 -1  0  0 -1 -2  2],[ 0  1  1  0  0  0  0  0  1],[ 1 -2  0  0  0  1  0  0  2],[-1  0  0  0 -1  0 -1 -1  0],[ 1 -1  1  0  0  1  0  0  2],[ 1  1  2  0  0  1  0  0  2],[-2 -3 -2 -1 -2  0 -2 -2  0]]","[[ 0  2  1  0 -1 -1 -1],[-2  0 -2 -1 -2 -2 -3],[-1  2  0 -1  0 -2 -1],[ 0  1  1  0  0  0  1],[ 1  2  0  0  0  0 -2],[ 1  2  2  0  0  0  1],[ 1  3  1 -1  2 -1  0]]",False,"[-2,-1,0,1,1,1,2,1,2,2,3,1,0,2,1,0,0,-1,0,2,-1]","[-2,-1,0,1,1,1,-1,1,0,1,1,0,1,0,2,2,1,1,-1,2,0]",t^6+34t^4+102t^2+4,"[-1,-1,-1,0,1,2,-2,1,2,1,0,0,1,2,1,1,0,1,0,1,-1]","[-2,-1,0,1,1,1,-1,1,0,1,1,0,1,0,2,2,1,1,-1,2,0]","[-1,-1,-1,0,1,2,-2,0,0,0,2,-1,-1,1,3,0,2,2,1,1,2]",c,"[[{8, 1}, {2, 7}, {3, 6}, {4, 5}], [{8, 1}, {2, 7}, {4, 6}, {3, 5}], [{8, 1}, {2, 7}, {5, 6}, {3, 4}], [{8, 1}, {2, 7}, {5, 6}, {4}, {3}], [{8, 1}, {2, 7}, {6}, {5}, {3, 4}], [{8, 1}, {3, 7}, {2, 6}, {4, 5}], [{8, 1}, {3, 7}, {4, 6}, {2, 5}], [{8, 1}, {3, 7}, {5, 6}, {2, 4}], [{8, 1}, {3, 7}, {5, 6}, {4}, {2}], [{8, 1}, {3, 7}, {6}, {5}, {2, 4}], [{8, 1}, {4, 7}, {2, 6}, {3, 5}], [{8, 1}, {4, 7}, {3, 6}, {2, 5}], [{8, 1}, {4, 7}, {5, 6}, {2, 3}], [{8, 1}, {4, 7}, {5, 6}, {3}, {2}], [{8, 1}, {4, 7}, {6}, {5}, {2, 3}], [{8, 1}, {5, 7}, {2, 6}, {3, 4}], [{8, 1}, {5, 7}, {2, 6}, {4}, {3}], [{8, 1}, {5, 7}, {3, 6}, {2, 4}], [{8, 1}, {5, 7}, {4, 6}, {2, 3}], [{8, 1}, {5, 7}, {4, 6}, {3}, {2}], [{8, 1}, {5, 7}, {6}, {2, 4}, {3}], [{8, 1}, {6, 7}, {2, 5}, {3, 4}], [{8, 1}, {6, 7}, {3, 5}, {2, 4}], [{8, 1}, {6, 7}, {4, 5}, {2, 3}], [{8, 1}, {6, 7}, {5}, {2, 4}, {3}], [{8, 1}, {7}, {3, 6}, {2, 5}, {4}], [{8, 1}, {7}, {3, 6}, {4, 5}, {2}], [{8, 1}, {7}, {3, 6}, {5}, {2, 4}], [{8, 1}, {7}, {5, 6}, {2, 4}, {3}], [{8, 1}, {7}, {5, 6}, {3, 4}, {2}], [{8, 1}, {7}, {5, 6}, {4}, {2, 3}], [{8, 1}, {7}, {6}, {3, 5}, {2, 4}], [{8, 1}, {7}, {6}, {5}, {2, 4}, {3}], [{8, 2}, {1, 7}, {3, 6}, {4, 5}], [{8, 2}, {1, 7}, {4, 6}, {3, 5}], [{8, 2}, {1, 7}, {5, 6}, {3, 4}], [{8, 2}, {1, 7}, {5, 6}, {4}, {3}], [{8, 2}, {1, 7}, {6}, {5}, {3, 4}], [{8, 2}, {3, 7}, {1, 6}, {4, 5}], [{8, 2}, {3, 7}, {1, 6}, {5}, {4}], [{8, 2}, {3, 7}, {4, 6}, {1, 5}], [{8, 2}, {3, 7}, {4, 6}, {5}, {1}], [{8, 2}, {3, 7}, {5, 6}, {1, 4}], [{8, 2}, {3, 7}, {5, 6}, {4}, {1}], [{8, 2}, {3, 7}, {6}, {1, 5}, {4}], [{8, 2}, {3, 7}, {6}, {4, 5}, {1}], [{8, 2}, {3, 7}, {6}, {5}, {1, 4}], [{8, 2}, {3, 7}, {6}, {5}, {4}, {1}], [{8, 2}, {4, 7}, {1, 6}, {3, 5}], [{8, 2}, {4, 7}, {3, 6}, {1, 5}], [{8, 2}, {4, 7}, {5, 6}, {1, 3}], [{8, 2}, {4, 7}, {5, 6}, {3}, {1}], [{8, 2}, {4, 7}, {6}, {5}, {1, 3}], [{8, 2}, {5, 7}, {1, 6}, {3, 4}], [{8, 2}, {5, 7}, {3, 6}, {1, 4}], [{8, 2}, {5, 7}, {4, 6}, {1, 3}], [{8, 2}, {6, 7}, {1, 5}, {3, 4}], [{8, 2}, {6, 7}, {3, 5}, {1, 4}], [{8, 2}, {6, 7}, {4, 5}, {1, 3}], [{8, 2}, {7}, {5, 6}, {1, 4}, {3}], [{8, 2}, {7}, {5, 6}, {3, 4}, {1}], [{8, 2}, {7}, {5, 6}, {4}, {1, 3}], [{8, 3}, {1, 7}, {2, 6}, {4, 5}], [{8, 3}, {1, 7}, {4, 6}, {2, 5}], [{8, 3}, {1, 7}, {5, 6}, {2, 4}], [{8, 3}, {1, 7}, {5, 6}, {4}, {2}], [{8, 3}, {1, 7}, {6}, {5}, {2, 4}], [{8, 3}, {2, 7}, {1, 6}, {4, 5}], [{8, 3}, {2, 7}, {4, 6}, {1, 5}], [{8, 3}, {2, 7}, {5, 6}, {1, 4}], [{8, 3}, {2, 7}, {5, 6}, {4}, {1}], [{8, 3}, {2, 7}, {6}, {5}, {1, 4}], [{8, 3}, {4, 7}, {1, 6}, {2, 5}], [{8, 3}, {4, 7}, {2, 6}, {1, 5}], [{8, 3}, {4, 7}, {5, 6}, {1, 2}], [{8, 3}, {4, 7}, {5, 6}, {2}, {1}], [{8, 3}, {4, 7}, {6}, {5}, {1, 2}], [{8, 3}, {5, 7}, {1, 6}, {2, 4}], [{8, 3}, {5, 7}, {2, 6}, {1, 4}], [{8, 3}, {5, 7}, {4, 6}, {1, 2}], [{8, 3}, {5, 7}, {6}, {1, 4}, {2}], [{8, 3}, {5, 7}, {6}, {2, 4}, {1}], [{8, 3}, {5, 7}, {6}, {4}, {1, 2}], [{8, 3}, {6, 7}, {1, 5}, {2, 4}], [{8, 3}, {6, 7}, {1, 5}, {4}, {2}], [{8, 3}, {6, 7}, {2, 5}, {1, 4}], [{8, 3}, {6, 7}, {2, 5}, {4}, {1}], [{8, 3}, {6, 7}, {4, 5}, {1, 2}], [{8, 3}, {6, 7}, {4, 5}, {2}, {1}], [{8, 3}, {6, 7}, {5}, {1, 4}, {2}], [{8, 3}, {6, 7}, {5}, {2, 4}, {1}], [{8, 3}, {6, 7}, {5}, {4}, {1, 2}], [{8, 3}, {7}, {1, 6}, {5}, {2, 4}], [{8, 3}, {7}, {2, 6}, {5}, {1, 4}], [{8, 3}, {7}, {4, 6}, {5}, {1, 2}], [{8, 3}, {7}, {5, 6}, {1, 4}, {2}], [{8, 3}, {7}, {5, 6}, {2, 4}, {1}], [{8, 3}, {7}, {5, 6}, {4}, {1, 2}], [{8, 3}, {7}, {6}, {1, 5}, {2, 4}], [{8, 3}, {7}, {6}, {2, 5}, {1, 4}], [{8, 3}, {7}, {6}, {4, 5}, {1, 2}], [{8, 3}, {7}, {6}, {5}, {1, 4}, {2}], [{8, 3}, {7}, {6}, {5}, {2, 4}, {1}], [{8, 3}, {7}, {6}, {5}, {4}, {1, 2}], [{8, 4}, {1, 7}, {2, 6}, {3, 5}], [{8, 4}, {1, 7}, {3, 6}, {2, 5}], [{8, 4}, {1, 7}, {5, 6}, {2, 3}], [{8, 4}, {1, 7}, {5, 6}, {3}, {2}], [{8, 4}, {1, 7}, {6}, {5}, {2, 3}], [{8, 4}, {2, 7}, {1, 6}, {3, 5}], [{8, 4}, {2, 7}, {3, 6}, {1, 5}], [{8, 4}, {2, 7}, {5, 6}, {1, 3}], [{8, 4}, {2, 7}, {5, 6}, {3}, {1}], [{8, 4}, {2, 7}, {6}, {5}, {1, 3}], [{8, 4}, {3, 7}, {1, 6}, {2, 5}], [{8, 4}, {3, 7}, {2, 6}, {1, 5}], [{8, 4}, {3, 7}, {5, 6}, {1, 2}], [{8, 4}, {3, 7}, {5, 6}, {2}, {1}], [{8, 4}, {3, 7}, {6}, {5}, {1, 2}], [{8, 4}, {5, 7}, {1, 6}, {2, 3}], [{8, 4}, {5, 7}, {2, 6}, {1, 3}], [{8, 4}, {5, 7}, {2, 6}, {3}, {1}], [{8, 4}, {5, 7}, {3, 6}, {1, 2}], [{8, 4}, {6, 7}, {1, 5}, {2, 3}], [{8, 4}, {6, 7}, {2, 5}, {1, 3}], [{8, 4}, {6, 7}, {3, 5}, {1, 2}], [{8, 4}, {6, 7}, {3, 5}, {2}, {1}], [{8, 4}, {7}, {5, 6}, {1, 3}, {2}], [{8, 4}, {7}, {5, 6}, {2, 3}, {1}], [{8, 4}, {7}, {5, 6}, {3}, {1, 2}], [{8, 5}, {1, 7}, {2, 6}, {3, 4}], [{8, 5}, {1, 7}, {3, 6}, {2, 4}], [{8, 5}, {1, 7}, {4, 6}, {2, 3}], [{8, 5}, {1, 7}, {6}, {4}, {2, 3}], [{8, 5}, {2, 7}, {1, 6}, {3, 4}], [{8, 5}, {2, 7}, {1, 6}, {4}, {3}], [{8, 5}, {2, 7}, {3, 6}, {1, 4}], [{8, 5}, {2, 7}, {4, 6}, {1, 3}], [{8, 5}, {3, 7}, {1, 6}, {2, 4}], [{8, 5}, {3, 7}, {2, 6}, {1, 4}], [{8, 5}, {3, 7}, {4, 6}, {1, 2}], [{8, 5}, {3, 7}, {6}, {1, 4}, {2}], [{8, 5}, {4, 7}, {1, 6}, {2, 3}], [{8, 5}, {4, 7}, {2, 6}, {1, 3}], [{8, 5}, {4, 7}, {3, 6}, {1, 2}], [{8, 5}, {4, 7}, {3, 6}, {2}, {1}], [{8, 5}, {6, 7}, {1, 4}, {2, 3}], [{8, 5}, {6, 7}, {2, 4}, {1, 3}], [{8, 5}, {6, 7}, {3, 4}, {1, 2}], [{8, 5}, {7}, {2, 6}, {1, 4}, {3}], [{8, 5}, {7}, {6}, {2, 4}, {1, 3}], [{8, 6}, {1, 7}, {2, 5}, {3, 4}], [{8, 6}, {1, 7}, {3, 5}, {2, 4}], [{8, 6}, {1, 7}, {4, 5}, {2, 3}], [{8, 6}, {1, 7}, {5}, {4}, {2, 3}], [{8, 6}, {2, 7}, {1, 5}, {3, 4}], [{8, 6}, {2, 7}, {3, 5}, {1, 4}], [{8, 6}, {2, 7}, {3, 5}, {4}, {1}], [{8, 6}, {2, 7}, {4, 5}, {1, 3}], [{8, 6}, {3, 7}, {1, 5}, {2, 4}], [{8, 6}, {3, 7}, {2, 5}, {1, 4}], [{8, 6}, {3, 7}, {4, 5}, {1, 2}], [{8, 6}, {3, 7}, {5}, {1, 4}, {2}], [{8, 6}, {4, 7}, {1, 5}, {2, 3}], [{8, 6}, {4, 7}, {1, 5}, {3}, {2}], [{8, 6}, {4, 7}, {2, 5}, {1, 3}], [{8, 6}, {4, 7}, {3, 5}, {1, 2}], [{8, 6}, {5, 7}, {1, 4}, {2, 3}], [{8, 6}, {5, 7}, {2, 4}, {1, 3}], [{8, 6}, {5, 7}, {2, 4}, {3}, {1}], [{8, 6}, {5, 7}, {3, 4}, {1, 2}], [{8, 6}, {7}, {5}, {2, 4}, {1, 3}], [{8, 7}, {1, 6}, {2, 5}, {3, 4}], [{8, 7}, {1, 6}, {3, 5}, {2, 4}], [{8, 7}, {1, 6}, {4, 5}, {2, 3}], [{8, 7}, {2, 6}, {1, 5}, {3, 4}], [{8, 7}, {2, 6}, {3, 5}, {1, 4}], [{8, 7}, {2, 6}, {4, 5}, {1, 3}], [{8, 7}, {2, 6}, {5}, {1, 4}, {3}], [{8, 7}, {3, 6}, {1, 5}, {2, 4}], [{8, 7}, {3, 6}, {2, 5}, {1, 4}], [{8, 7}, {3, 6}, {4, 5}, {1, 2}], [{8, 7}, {3, 6}, {5}, {1, 4}, {2}], [{8, 7}, {4, 6}, {1, 5}, {2, 3}], [{8, 7}, {4, 6}, {2, 5}, {1, 3}], [{8, 7}, {4, 6}, {3, 5}, {1, 2}], [{8, 7}, {5, 6}, {1, 4}, {2, 3}], [{8, 7}, {5, 6}, {1, 4}, {3}, {2}], [{8, 7}, {5, 6}, {2, 4}, {1, 3}], [{8, 7}, {5, 6}, {2, 4}, {3}, {1}], [{8, 7}, {5, 6}, {3, 4}, {1, 2}], [{8, 7}, {5, 6}, {3, 4}, {2}, {1}], [{8, 7}, {5, 6}, {4}, {1, 3}, {2}], [{8, 7}, {5, 6}, {4}, {2, 3}, {1}], [{8, 7}, {5, 6}, {4}, {3}, {1, 2}], [{8, 7}, {6}, {2, 5}, {1, 4}, {3}], [{8, 7}, {6}, {3, 5}, {1, 4}, {2}], [{8, 7}, {6}, {5}, {1, 4}, {2, 3}], [{8, 7}, {6}, {5}, {1, 4}, {3}, {2}], [{8, 7}, {6}, {5}, {2, 4}, {1, 3}], [{8, 7}, {6}, {5}, {3, 4}, {1, 2}], [{8}, {1, 7}, {4, 6}, {5}, {2, 3}], [{8}, {1, 7}, {5, 6}, {2, 4}, {3}], [{8}, {1, 7}, {5, 6}, {3, 4}, {2}], [{8}, {1, 7}, {5, 6}, {4}, {2, 3}], [{8}, {1, 7}, {6}, {4, 5}, {2, 3}], [{8}, {1, 7}, {6}, {5}, {4}, {2, 3}], [{8}, {2, 7}, {3, 6}, {4, 5}, {1}], [{8}, {2, 7}, {5, 6}, {1, 4}, {3}], [{8}, {2, 7}, {5, 6}, {3, 4}, {1}], [{8}, {2, 7}, {5, 6}, {4}, {1, 3}], [{8}, {3, 7}, {2, 6}, {5}, {1, 4}], [{8}, {3, 7}, {5, 6}, {1, 4}, {2}], [{8}, {3, 7}, {5, 6}, {2, 4}, {1}], [{8}, {3, 7}, {5, 6}, {4}, {1, 2}], [{8}, {3, 7}, {6}, {2, 5}, {1, 4}], [{8}, {3, 7}, {6}, {5}, {1, 4}, {2}], [{8}, {4, 7}, {1, 6}, {2, 5}, {3}], [{8}, {4, 7}, {5, 6}, {1, 3}, {2}], [{8}, {4, 7}, {5, 6}, {2, 3}, {1}], [{8}, {4, 7}, {5, 6}, {3}, {1, 2}], [{8}, {5, 7}, {1, 6}, {2, 4}, {3}], [{8}, {5, 7}, {2, 6}, {1, 4}, {3}], [{8}, {5, 7}, {3, 6}, {2, 4}, {1}], [{8}, {5, 7}, {6}, {2, 4}, {1, 3}], [{8}, {6, 7}, {5}, {2, 4}, {1, 3}], [{8}, {7}, {2, 6}, {1, 5}, {3, 4}], [{8}, {7}, {2, 6}, {3, 5}, {1, 4}], [{8}, {7}, {2, 6}, {4, 5}, {1, 3}], [{8}, {7}, {4, 6}, {2, 5}, {1, 3}], [{8}, {7}, {5, 6}, {1, 4}, {2, 3}], [{8}, {7}, {5, 6}, {2, 4}, {1, 3}], [{8}, {7}, {5, 6}, {3, 4}, {1, 2}], [{8}, {7}, {5, 6}, {4}, {1, 3}, {2}], [{8}, {7}, {6}, {5}, {2, 4}, {1, 3}]]",2,4 K_1^3 - 22 K_1^2 - 8 K_1 K_2 + K_1 + 11 K_2 + 3 K_3 + 12,O1O2O3U4O5U2U6U1O4O7U5O8U3U8O6U7,O1O2O3U4O5U6U3U1O7U2O8O6U8O4U7U5,O1O2O3U4U5O6U7O8O7U2O5U3U1U8O4U6,c,{'O1O2O3U4O5U6U1O6U7O4O8U3U5U2O7U8'},1,"<a href=""/flatknot/8.1101582"">8.1101582</a>",t^7-32t^5-78t^4+19t^3+154t^2+39t-36,-t^2+2t,,
8.1101583,O1O2O3U4O5U6U1O6U7O4O8U3U5U8O7U2,4,3z^3+38z^2+114z+101,3w^4z^3+38w^3z^2+114w^2z+101w,False,False,"[[ 0 -1  1  0 -1  1 -1 -1  2],[ 1  0  1 -1  2  0  1  0  2],[-1 -1  0 -1 -1  0 -1 -2  2],[ 0  1  1  0  0  0  0 -1  2],[ 1 -2  1  0  0  1  0  0  1],[-1  0  0  0 -1  0 -1 -2  1],[ 1 -1  1  0  0  1  0  0  2],[ 1  0  2  1  0  2  0  0  2],[-2 -2 -2 -2 -1 -1 -2 -2  0]]","[[ 0  2  1  1  0 -1 -1 -1 -1],[-2  0 -1 -2 -2 -1 -2 -2 -2],[-1  1  0  0  0 -1  0 -1 -2],[-1  2  0  0 -1 -1 -1 -1 -2],[ 0  2  0  1  0  0  1  0 -1],[ 1  1  1  1  0  0 -2  0  0],[ 1  2  0  1 -1  2  0  1  0],[ 1  2  1  1  0  0 -1  0  0],[ 1  2  2  2  1  0  0  0  0]]",True,"[-2,-1,-1,0,1,1,1,1,1,2,2,1,2,2,2,0,0,1,0,1,2,1,1,1,1,2,0,-1,0,1,2,0,0,-1,0,0]","[-2,-1,-1,0,1,1,1,1,-1,0,0,1,1,1,2,0,0,0,1,1,1,1,0,1,2,1,0,1,2,1,0,0,0,-1,0,2]",t^8+43t^6+297t^4+116t^2+4,"[-1,-1,-1,-1,0,1,1,2,-2,-1,0,2,1,2,1,0,0,1,1,1,2,0,1,1,1,1,0,0,0,1,0,1,0,0,-1,0]","[-2,-1,-1,0,1,1,1,1,-1,0,0,1,1,1,2,0,0,0,1,1,1,1,0,1,2,1,0,1,2,1,0,0,0,-1,0,2]","[-1,-1,-1,-1,0,1,1,2,-2,0,0,0,1,1,1,0,1,-1,0,1,2,0,1,2,2,2,0,1,1,2,0,1,2,0,1,2]",c,"[[{8, 1}, {2, 7}, {3, 6}, {4, 5}], [{8, 1}, {2, 7}, {4, 6}, {3, 5}], [{8, 1}, {2, 7}, {5, 6}, {3, 4}], [{8, 1}, {3, 7}, {2, 6}, {4, 5}], [{8, 1}, {3, 7}, {4, 6}, {2, 5}], [{8, 1}, {3, 7}, {4, 6}, {5}, {2}], [{8, 1}, {3, 7}, {5, 6}, {2, 4}], [{8, 1}, {4, 7}, {2, 6}, {3, 5}], [{8, 1}, {4, 7}, {3, 6}, {2, 5}], [{8, 1}, {4, 7}, {3, 6}, {5}, {2}], [{8, 1}, {4, 7}, {5, 6}, {2, 3}], [{8, 1}, {5, 7}, {2, 6}, {3, 4}], [{8, 1}, {5, 7}, {2, 6}, {4}, {3}], [{8, 1}, {5, 7}, {3, 6}, {2, 4}], [{8, 1}, {5, 7}, {4, 6}, {2, 3}], [{8, 1}, {6, 7}, {2, 5}, {3, 4}], [{8, 1}, {6, 7}, {3, 5}, {2, 4}], [{8, 1}, {6, 7}, {4, 5}, {2, 3}], [{8, 1}, {7}, {5, 6}, {2, 4}, {3}], [{8, 1}, {7}, {5, 6}, {3, 4}, {2}], [{8, 1}, {7}, {5, 6}, {4}, {2, 3}], [{8, 2}, {1, 7}, {3, 6}, {4, 5}], [{8, 2}, {1, 7}, {4, 6}, {3, 5}], [{8, 2}, {1, 7}, {5, 6}, {3, 4}], [{8, 2}, {3, 7}, {1, 6}, {4, 5}], [{8, 2}, {3, 7}, {4, 6}, {1, 5}], [{8, 2}, {3, 7}, {5, 6}, {1, 4}], [{8, 2}, {3, 7}, {6}, {5}, {1, 4}], [{8, 2}, {4, 7}, {1, 6}, {3, 5}], [{8, 2}, {4, 7}, {3, 6}, {1, 5}], [{8, 2}, {4, 7}, {5, 6}, {1, 3}], [{8, 2}, {5, 7}, {1, 6}, {3, 4}], [{8, 2}, {5, 7}, {3, 6}, {1, 4}], [{8, 2}, {5, 7}, {4, 6}, {1, 3}], [{8, 2}, {5, 7}, {6}, {4}, {1, 3}], [{8, 2}, {6, 7}, {1, 5}, {3, 4}], [{8, 2}, {6, 7}, {3, 5}, {1, 4}], [{8, 2}, {6, 7}, {4, 5}, {1, 3}], [{8, 2}, {7}, {6}, {1, 5}, {3, 4}], [{8, 3}, {1, 7}, {2, 6}, {4, 5}], [{8, 3}, {1, 7}, {4, 6}, {2, 5}], [{8, 3}, {1, 7}, {5, 6}, {2, 4}], [{8, 3}, {2, 7}, {1, 6}, {4, 5}], [{8, 3}, {2, 7}, {4, 6}, {1, 5}], [{8, 3}, {2, 7}, {5, 6}, {1, 4}], [{8, 3}, {2, 7}, {6}, {5}, {1, 4}], [{8, 3}, {4, 7}, {1, 6}, {2, 5}], [{8, 3}, {4, 7}, {1, 6}, {5}, {2}], [{8, 3}, {4, 7}, {2, 6}, {1, 5}], [{8, 3}, {4, 7}, {5, 6}, {1, 2}], [{8, 3}, {5, 7}, {1, 6}, {2, 4}], [{8, 3}, {5, 7}, {2, 6}, {1, 4}], [{8, 3}, {5, 7}, {4, 6}, {1, 2}], [{8, 3}, {5, 7}, {6}, {4}, {1, 2}], [{8, 3}, {6, 7}, {1, 5}, {2, 4}], [{8, 3}, {6, 7}, {2, 5}, {1, 4}], [{8, 3}, {6, 7}, {4, 5}, {1, 2}], [{8, 3}, {6, 7}, {5}, {2, 4}, {1}], [{8, 3}, {7}, {2, 6}, {4, 5}, {1}], [{8, 3}, {7}, {6}, {1, 5}, {2, 4}], [{8, 4}, {1, 7}, {2, 6}, {3, 5}], [{8, 4}, {1, 7}, {2, 6}, {5}, {3}], [{8, 4}, {1, 7}, {3, 6}, {2, 5}], [{8, 4}, {1, 7}, {5, 6}, {2, 3}], [{8, 4}, {2, 7}, {1, 6}, {3, 5}], [{8, 4}, {2, 7}, {3, 6}, {1, 5}], [{8, 4}, {2, 7}, {5, 6}, {1, 3}], [{8, 4}, {2, 7}, {6}, {1, 5}, {3}], [{8, 4}, {3, 7}, {1, 6}, {2, 5}], [{8, 4}, {3, 7}, {2, 6}, {1, 5}], [{8, 4}, {3, 7}, {2, 6}, {5}, {1}], [{8, 4}, {3, 7}, {5, 6}, {1, 2}], [{8, 4}, {3, 7}, {6}, {1, 5}, {2}], [{8, 4}, {5, 7}, {1, 6}, {2, 3}], [{8, 4}, {5, 7}, {2, 6}, {1, 3}], [{8, 4}, {5, 7}, {2, 6}, {3}, {1}], [{8, 4}, {5, 7}, {3, 6}, {1, 2}], [{8, 4}, {6, 7}, {1, 5}, {2, 3}], [{8, 4}, {6, 7}, {1, 5}, {3}, {2}], [{8, 4}, {6, 7}, {2, 5}, {1, 3}], [{8, 4}, {6, 7}, {3, 5}, {1, 2}], [{8, 4}, {7}, {1, 6}, {2, 5}, {3}], [{8, 4}, {7}, {2, 6}, {1, 5}, {3}], [{8, 4}, {7}, {2, 6}, {3, 5}, {1}], [{8, 4}, {7}, {2, 6}, {5}, {1, 3}], [{8, 4}, {7}, {2, 6}, {5}, {3}, {1}], [{8, 4}, {7}, {3, 6}, {1, 5}, {2}], [{8, 4}, {7}, {5, 6}, {3}, {1, 2}], [{8, 4}, {7}, {6}, {1, 5}, {2, 3}], [{8, 4}, {7}, {6}, {1, 5}, {3}, {2}], [{8, 5}, {1, 7}, {2, 6}, {3, 4}], [{8, 5}, {1, 7}, {3, 6}, {2, 4}], [{8, 5}, {1, 7}, {4, 6}, {2, 3}], [{8, 5}, {2, 7}, {1, 6}, {3, 4}], [{8, 5}, {2, 7}, {3, 6}, {1, 4}], [{8, 5}, {2, 7}, {4, 6}, {1, 3}], [{8, 5}, {2, 7}, {6}, {3, 4}, {1}], [{8, 5}, {3, 7}, {1, 6}, {2, 4}], [{8, 5}, {3, 7}, {2, 6}, {1, 4}], [{8, 5}, {3, 7}, {4, 6}, {1, 2}], [{8, 5}, {4, 7}, {1, 6}, {2, 3}], [{8, 5}, {4, 7}, {1, 6}, {3}, {2}], [{8, 5}, {4, 7}, {2, 6}, {1, 3}], [{8, 5}, {4, 7}, {3, 6}, {1, 2}], [{8, 5}, {6, 7}, {1, 4}, {2, 3}], [{8, 5}, {6, 7}, {2, 4}, {1, 3}], [{8, 5}, {6, 7}, {2, 4}, {3}, {1}], [{8, 5}, {6, 7}, {3, 4}, {1, 2}], [{8, 5}, {6, 7}, {3, 4}, {2}, {1}], [{8, 5}, {6, 7}, {4}, {2, 3}, {1}], [{8, 5}, {7}, {2, 6}, {3, 4}, {1}], [{8, 5}, {7}, {3, 6}, {1, 4}, {2}], [{8, 6}, {1, 7}, {2, 5}, {3, 4}], [{8, 6}, {1, 7}, {3, 5}, {2, 4}], [{8, 6}, {1, 7}, {4, 5}, {2, 3}], [{8, 6}, {2, 7}, {1, 5}, {3, 4}], [{8, 6}, {2, 7}, {1, 5}, {4}, {3}], [{8, 6}, {2, 7}, {3, 5}, {1, 4}], [{8, 6}, {2, 7}, {4, 5}, {1, 3}], [{8, 6}, {3, 7}, {1, 5}, {2, 4}], [{8, 6}, {3, 7}, {2, 5}, {1, 4}], [{8, 6}, {3, 7}, {2, 5}, {4}, {1}], [{8, 6}, {3, 7}, {4, 5}, {1, 2}], [{8, 6}, {4, 7}, {1, 5}, {2, 3}], [{8, 6}, {4, 7}, {2, 5}, {1, 3}], [{8, 6}, {4, 7}, {3, 5}, {1, 2}], [{8, 6}, {4, 7}, {5}, {2, 3}, {1}], [{8, 6}, {5, 7}, {1, 4}, {2, 3}], [{8, 6}, {5, 7}, {2, 4}, {1, 3}], [{8, 6}, {5, 7}, {3, 4}, {1, 2}], [{8, 7}, {1, 6}, {2, 5}, {3, 4}], [{8, 7}, {1, 6}, {3, 5}, {2, 4}], [{8, 7}, {1, 6}, {4, 5}, {2, 3}], [{8, 7}, {2, 6}, {1, 5}, {3, 4}], [{8, 7}, {2, 6}, {1, 5}, {4}, {3}], [{8, 7}, {2, 6}, {3, 5}, {1, 4}], [{8, 7}, {2, 6}, {4, 5}, {1, 3}], [{8, 7}, {3, 6}, {1, 5}, {2, 4}], [{8, 7}, {3, 6}, {2, 5}, {1, 4}], [{8, 7}, {3, 6}, {4, 5}, {1, 2}], [{8, 7}, {3, 6}, {4, 5}, {2}, {1}], [{8, 7}, {4, 6}, {1, 5}, {2, 3}], [{8, 7}, {4, 6}, {2, 5}, {1, 3}], [{8, 7}, {4, 6}, {2, 5}, {3}, {1}], [{8, 7}, {4, 6}, {3, 5}, {1, 2}], [{8, 7}, {5, 6}, {1, 4}, {2, 3}], [{8, 7}, {5, 6}, {1, 4}, {3}, {2}], [{8, 7}, {5, 6}, {2, 4}, {1, 3}], [{8, 7}, {5, 6}, {2, 4}, {3}, {1}], [{8, 7}, {5, 6}, {3, 4}, {1, 2}], [{8, 7}, {5, 6}, {3, 4}, {2}, {1}], [{8, 7}, {5, 6}, {4}, {1, 3}, {2}], [{8, 7}, {5, 6}, {4}, {2, 3}, {1}], [{8, 7}, {5, 6}, {4}, {3}, {1, 2}], [{8, 7}, {6}, {5}, {1, 4}, {2, 3}], [{8, 7}, {6}, {5}, {2, 4}, {1, 3}], [{8, 7}, {6}, {5}, {3, 4}, {1, 2}], [{8}, {1, 7}, {4, 6}, {3, 5}, {2}], [{8}, {1, 7}, {5, 6}, {2, 4}, {3}], [{8}, {1, 7}, {5, 6}, {3, 4}, {2}], [{8}, {1, 7}, {5, 6}, {4}, {2, 3}], [{8}, {2, 7}, {1, 6}, {5}, {3, 4}], [{8}, {2, 7}, {4, 6}, {1, 5}, {3}], [{8}, {4, 7}, {1, 6}, {3, 5}, {2}], [{8}, {4, 7}, {2, 6}, {1, 5}, {3}], [{8}, {4, 7}, {5, 6}, {3}, {1, 2}], [{8}, {5, 7}, {2, 6}, {1, 4}, {3}], [{8}, {5, 7}, {4, 6}, {1, 3}, {2}], [{8}, {6, 7}, {2, 5}, {1, 4}, {3}], [{8}, {6, 7}, {3, 5}, {2, 4}, {1}], [{8}, {6, 7}, {4, 5}, {1, 3}, {2}], [{8}, {7}, {3, 6}, {4, 5}, {1, 2}]]",2,12 K_1^3 - 10 K_1^2 - 8 K_1 K_2 - 5 K_1 + 5 K_2 + K_3 + 6,O1O2O3U2O4U5U6U1O5O7U4O8U3U8O6U7,O1O2O3U4O5U6U5U1O7U2O8O6U8O4U7U3,O1O2O3U1U4O5U6O7O6U2O4U3U8U7O8U5,c,{'O1O2O3U4O5U6U1O6U7O4O8U3U5U8O7U2'},1,"<a href=""/flatknot/8.1101583"">8.1101583</a>",t^9-41t^7-96t^6+126t^5+390t^4-69t^3-312t^2-61t+14,-t^2+2t,,
8.1101584,O1O2O3U4O5U6U1O6U7O4O8U5U2U3O7U8,3,15z^2+66z+73,-8w^4z^2+23w^3z^2-10w^3z+76w^2z+73w,False,False,"[[ 0 -1  0  2 -1  0 -1 -1  2],[ 1  0  0  1  2 -1  1 -1  3],[ 0  0  0  1  1 -1  0 -1  2],[-2 -1 -1  0 -1 -1 -2 -2  1],[ 1 -2 -1  1  0  0  0  0  2],[ 0  1  1  1  0  0  0  0  0],[ 1 -1  0  2  0  0  0  0  2],[ 1  1  1  2  0  0  0  0  2],[-2 -3 -2 -1 -2  0 -2 -2  0]]","[[ 0  2  2  0  0 -1 -1 -1 -1],[-2  0  1 -1 -1 -1 -1 -2 -2],[-2 -1  0  0 -2 -2 -3 -2 -2],[ 0  1  0  0  1  0  1  0  0],[ 0  1  2 -1  0  1  0  0 -1],[ 1  1  2  0 -1  0 -2  0  0],[ 1  1  3 -1  0  2  0  1 -1],[ 1  2  2  0  0  0 -1  0  0],[ 1  2  2  0  1  0  1  0  0]]",True,"[-2,-2,0,0,1,1,1,1,-1,1,1,1,1,2,2,0,2,2,3,2,2,-1,0,-1,0,0,-1,0,0,1,2,0,0,-1,1,0]","[-2,-2,0,0,1,1,1,1,-1,0,2,0,1,1,1,1,1,2,1,1,2,-1,1,0,1,2,2,1,1,1,-1,1,2,0,0,0]",t^8+48t^6+288t^4+84t^2,"[-1,-1,-1,-1,0,0,2,2,-2,-1,1,1,2,0,2,0,0,2,1,1,2,0,1,1,1,1,0,1,1,1,1,0,1,2,1,1]","[-2,-2,0,0,1,1,1,1,-1,0,2,0,1,1,1,1,1,2,1,1,2,-1,1,0,1,2,2,1,1,1,-1,1,2,0,0,0]","[-1,-1,-1,-1,0,0,2,2,-2,0,0,-1,0,1,2,-1,1,0,-1,1,3,0,1,0,2,2,0,0,2,2,-1,1,2,1,0,1]",c,"[[{8, 1}, {2, 7}, {3, 6}, {4, 5}], [{8, 1}, {2, 7}, {4, 6}, {3, 5}], [{8, 1}, {2, 7}, {5, 6}, {3, 4}], [{8, 1}, {2, 7}, {6}, {4, 5}, {3}], [{8, 1}, {3, 7}, {2, 6}, {4, 5}], [{8, 1}, {3, 7}, {2, 6}, {5}, {4}], [{8, 1}, {3, 7}, {4, 6}, {2, 5}], [{8, 1}, {3, 7}, {4, 6}, {5}, {2}], [{8, 1}, {3, 7}, {5, 6}, {2, 4}], [{8, 1}, {3, 7}, {5, 6}, {4}, {2}], [{8, 1}, {3, 7}, {6}, {2, 5}, {4}], [{8, 1}, {3, 7}, {6}, {4, 5}, {2}], [{8, 1}, {3, 7}, {6}, {5}, {2, 4}], [{8, 1}, {3, 7}, {6}, {5}, {4}, {2}], [{8, 1}, {4, 7}, {2, 6}, {3, 5}], [{8, 1}, {4, 7}, {3, 6}, {2, 5}], [{8, 1}, {4, 7}, {3, 6}, {5}, {2}], [{8, 1}, {4, 7}, {5, 6}, {2, 3}], [{8, 1}, {5, 7}, {2, 6}, {3, 4}], [{8, 1}, {5, 7}, {3, 6}, {2, 4}], [{8, 1}, {5, 7}, {4, 6}, {2, 3}], [{8, 1}, {6, 7}, {2, 5}, {3, 4}], [{8, 1}, {6, 7}, {3, 5}, {2, 4}], [{8, 1}, {6, 7}, {4, 5}, {2, 3}], [{8, 1}, {6, 7}, {5}, {3, 4}, {2}], [{8, 1}, {7}, {6}, {4, 5}, {2, 3}], [{8, 2}, {1, 7}, {3, 6}, {4, 5}], [{8, 2}, {1, 7}, {4, 6}, {3, 5}], [{8, 2}, {1, 7}, {5, 6}, {3, 4}], [{8, 2}, {1, 7}, {6}, {4, 5}, {3}], [{8, 2}, {3, 7}, {1, 6}, {4, 5}], [{8, 2}, {3, 7}, {4, 6}, {1, 5}], [{8, 2}, {3, 7}, {5, 6}, {1, 4}], [{8, 2}, {3, 7}, {6}, {4, 5}, {1}], [{8, 2}, {4, 7}, {1, 6}, {3, 5}], [{8, 2}, {4, 7}, {1, 6}, {5}, {3}], [{8, 2}, {4, 7}, {3, 6}, {1, 5}], [{8, 2}, {4, 7}, {3, 6}, {5}, {1}], [{8, 2}, {4, 7}, {5, 6}, {1, 3}], [{8, 2}, {4, 7}, {6}, {5}, {1, 3}], [{8, 2}, {5, 7}, {1, 6}, {3, 4}], [{8, 2}, {5, 7}, {3, 6}, {1, 4}], [{8, 2}, {5, 7}, {4, 6}, {1, 3}], [{8, 2}, {5, 7}, {6}, {4}, {1, 3}], [{8, 2}, {6, 7}, {1, 5}, {3, 4}], [{8, 2}, {6, 7}, {3, 5}, {1, 4}], [{8, 2}, {6, 7}, {4, 5}, {1, 3}], [{8, 2}, {6, 7}, {5}, {1, 4}, {3}], [{8, 2}, {6, 7}, {5}, {3, 4}, {1}], [{8, 2}, {6, 7}, {5}, {4}, {1, 3}], [{8, 2}, {7}, {4, 6}, {5}, {1, 3}], [{8, 2}, {7}, {5, 6}, {4}, {1, 3}], [{8, 2}, {7}, {6}, {4, 5}, {1, 3}], [{8, 2}, {7}, {6}, {5}, {4}, {1, 3}], [{8, 3}, {1, 7}, {2, 6}, {4, 5}], [{8, 3}, {1, 7}, {2, 6}, {5}, {4}], [{8, 3}, {1, 7}, {4, 6}, {2, 5}], [{8, 3}, {1, 7}, {4, 6}, {5}, {2}], [{8, 3}, {1, 7}, {5, 6}, {2, 4}], [{8, 3}, {1, 7}, {5, 6}, {4}, {2}], [{8, 3}, {1, 7}, {6}, {2, 5}, {4}], [{8, 3}, {1, 7}, {6}, {4, 5}, {2}], [{8, 3}, {1, 7}, {6}, {5}, {2, 4}], [{8, 3}, {1, 7}, {6}, {5}, {4}, {2}], [{8, 3}, {2, 7}, {1, 6}, {4, 5}], [{8, 3}, {2, 7}, {4, 6}, {1, 5}], [{8, 3}, {2, 7}, {5, 6}, {1, 4}], [{8, 3}, {2, 7}, {6}, {4, 5}, {1}], [{8, 3}, {4, 7}, {1, 6}, {2, 5}], [{8, 3}, {4, 7}, {1, 6}, {5}, {2}], [{8, 3}, {4, 7}, {2, 6}, {1, 5}], [{8, 3}, {4, 7}, {5, 6}, {1, 2}], [{8, 3}, {5, 7}, {1, 6}, {2, 4}], [{8, 3}, {5, 7}, {2, 6}, {1, 4}], [{8, 3}, {5, 7}, {4, 6}, {1, 2}], [{8, 3}, {6, 7}, {1, 5}, {2, 4}], [{8, 3}, {6, 7}, {2, 5}, {1, 4}], [{8, 3}, {6, 7}, {4, 5}, {1, 2}], [{8, 3}, {6, 7}, {5}, {1, 4}, {2}], [{8, 3}, {7}, {6}, {4, 5}, {1, 2}], [{8, 4}, {1, 7}, {2, 6}, {3, 5}], [{8, 4}, {1, 7}, {3, 6}, {2, 5}], [{8, 4}, {1, 7}, {3, 6}, {5}, {2}], [{8, 4}, {1, 7}, {5, 6}, {2, 3}], [{8, 4}, {2, 7}, {1, 6}, {3, 5}], [{8, 4}, {2, 7}, {1, 6}, {5}, {3}], [{8, 4}, {2, 7}, {3, 6}, {1, 5}], [{8, 4}, {2, 7}, {3, 6}, {5}, {1}], [{8, 4}, {2, 7}, {5, 6}, {1, 3}], [{8, 4}, {2, 7}, {6}, {5}, {1, 3}], [{8, 4}, {3, 7}, {1, 6}, {2, 5}], [{8, 4}, {3, 7}, {1, 6}, {5}, {2}], [{8, 4}, {3, 7}, {2, 6}, {1, 5}], [{8, 4}, {3, 7}, {5, 6}, {1, 2}], [{8, 4}, {5, 7}, {1, 6}, {2, 3}], [{8, 4}, {5, 7}, {1, 6}, {3}, {2}], [{8, 4}, {5, 7}, {2, 6}, {1, 3}], [{8, 4}, {5, 7}, {3, 6}, {1, 2}], [{8, 4}, {5, 7}, {3, 6}, {2}, {1}], [{8, 4}, {5, 7}, {6}, {1, 3}, {2}], [{8, 4}, {6, 7}, {1, 5}, {2, 3}], [{8, 4}, {6, 7}, {2, 5}, {1, 3}], [{8, 4}, {6, 7}, {3, 5}, {1, 2}], [{8, 4}, {6, 7}, {5}, {1, 3}, {2}], [{8, 4}, {7}, {1, 6}, {2, 5}, {3}], [{8, 4}, {7}, {1, 6}, {3, 5}, {2}], [{8, 4}, {7}, {1, 6}, {5}, {2, 3}], [{8, 4}, {7}, {1, 6}, {5}, {3}, {2}], [{8, 4}, {7}, {2, 6}, {5}, {1, 3}], [{8, 4}, {7}, {3, 6}, {1, 5}, {2}], [{8, 4}, {7}, {3, 6}, {2, 5}, {1}], [{8, 4}, {7}, {3, 6}, {5}, {1, 2}], [{8, 4}, {7}, {3, 6}, {5}, {2}, {1}], [{8, 4}, {7}, {5, 6}, {1, 3}, {2}], [{8, 4}, {7}, {6}, {2, 5}, {1, 3}], [{8, 4}, {7}, {6}, {5}, {1, 3}, {2}], [{8, 5}, {1, 7}, {2, 6}, {3, 4}], [{8, 5}, {1, 7}, {3, 6}, {2, 4}], [{8, 5}, {1, 7}, {4, 6}, {2, 3}], [{8, 5}, {2, 7}, {1, 6}, {3, 4}], [{8, 5}, {2, 7}, {3, 6}, {1, 4}], [{8, 5}, {2, 7}, {4, 6}, {1, 3}], [{8, 5}, {2, 7}, {6}, {4}, {1, 3}], [{8, 5}, {3, 7}, {1, 6}, {2, 4}], [{8, 5}, {3, 7}, {2, 6}, {1, 4}], [{8, 5}, {3, 7}, {4, 6}, {1, 2}], [{8, 5}, {4, 7}, {1, 6}, {2, 3}], [{8, 5}, {4, 7}, {1, 6}, {3}, {2}], [{8, 5}, {4, 7}, {2, 6}, {1, 3}], [{8, 5}, {4, 7}, {3, 6}, {1, 2}], [{8, 5}, {4, 7}, {3, 6}, {2}, {1}], [{8, 5}, {4, 7}, {6}, {1, 3}, {2}], [{8, 5}, {6, 7}, {1, 4}, {2, 3}], [{8, 5}, {6, 7}, {1, 4}, {3}, {2}], [{8, 5}, {6, 7}, {2, 4}, {1, 3}], [{8, 5}, {6, 7}, {2, 4}, {3}, {1}], [{8, 5}, {6, 7}, {3, 4}, {1, 2}], [{8, 5}, {6, 7}, {3, 4}, {2}, {1}], [{8, 5}, {6, 7}, {4}, {1, 3}, {2}], [{8, 5}, {6, 7}, {4}, {2, 3}, {1}], [{8, 5}, {6, 7}, {4}, {3}, {1, 2}], [{8, 5}, {7}, {2, 6}, {4}, {1, 3}], [{8, 5}, {7}, {4, 6}, {1, 3}, {2}], [{8, 5}, {7}, {6}, {1, 4}, {2, 3}], [{8, 5}, {7}, {6}, {2, 4}, {1, 3}], [{8, 5}, {7}, {6}, {3, 4}, {1, 2}], [{8, 5}, {7}, {6}, {4}, {1, 3}, {2}], [{8, 6}, {1, 7}, {2, 5}, {3, 4}], [{8, 6}, {1, 7}, {3, 5}, {2, 4}], [{8, 6}, {1, 7}, {4, 5}, {2, 3}], [{8, 6}, {1, 7}, {5}, {3, 4}, {2}], [{8, 6}, {2, 7}, {1, 5}, {3, 4}], [{8, 6}, {2, 7}, {3, 5}, {1, 4}], [{8, 6}, {2, 7}, {4, 5}, {1, 3}], [{8, 6}, {2, 7}, {5}, {1, 4}, {3}], [{8, 6}, {2, 7}, {5}, {3, 4}, {1}], [{8, 6}, {2, 7}, {5}, {4}, {1, 3}], [{8, 6}, {3, 7}, {1, 5}, {2, 4}], [{8, 6}, {3, 7}, {2, 5}, {1, 4}], [{8, 6}, {3, 7}, {4, 5}, {1, 2}], [{8, 6}, {3, 7}, {5}, {1, 4}, {2}], [{8, 6}, {4, 7}, {1, 5}, {2, 3}], [{8, 6}, {4, 7}, {2, 5}, {1, 3}], [{8, 6}, {4, 7}, {3, 5}, {1, 2}], [{8, 6}, {4, 7}, {5}, {1, 3}, {2}], [{8, 6}, {5, 7}, {1, 4}, {2, 3}], [{8, 6}, {5, 7}, {1, 4}, {3}, {2}], [{8, 6}, {5, 7}, {2, 4}, {1, 3}], [{8, 6}, {5, 7}, {2, 4}, {3}, {1}], [{8, 6}, {5, 7}, {3, 4}, {1, 2}], [{8, 6}, {5, 7}, {3, 4}, {2}, {1}], [{8, 6}, {5, 7}, {4}, {1, 3}, {2}], [{8, 6}, {5, 7}, {4}, {2, 3}, {1}], [{8, 6}, {5, 7}, {4}, {3}, {1, 2}], [{8, 6}, {7}, {1, 5}, {3, 4}, {2}], [{8, 6}, {7}, {2, 5}, {1, 4}, {3}], [{8, 6}, {7}, {2, 5}, {3, 4}, {1}], [{8, 6}, {7}, {2, 5}, {4}, {1, 3}], [{8, 6}, {7}, {3, 5}, {1, 4}, {2}], [{8, 6}, {7}, {4, 5}, {1, 3}, {2}], [{8, 6}, {7}, {5}, {1, 4}, {2, 3}], [{8, 6}, {7}, {5}, {1, 4}, {3}, {2}], [{8, 6}, {7}, {5}, {2, 4}, {1, 3}], [{8, 6}, {7}, {5}, {3, 4}, {1, 2}], [{8, 6}, {7}, {5}, {3, 4}, {2}, {1}], [{8, 6}, {7}, {5}, {4}, {1, 3}, {2}], [{8, 7}, {1, 6}, {2, 5}, {3, 4}], [{8, 7}, {1, 6}, {2, 5}, {4}, {3}], [{8, 7}, {1, 6}, {3, 5}, {2, 4}], [{8, 7}, {1, 6}, {3, 5}, {4}, {2}], [{8, 7}, {1, 6}, {4, 5}, {2, 3}], [{8, 7}, {1, 6}, {4, 5}, {3}, {2}], [{8, 7}, {1, 6}, {5}, {2, 4}, {3}], [{8, 7}, {1, 6}, {5}, {3, 4}, {2}], [{8, 7}, {1, 6}, {5}, {4}, {2, 3}], [{8, 7}, {1, 6}, {5}, {4}, {3}, {2}], [{8, 7}, {2, 6}, {1, 5}, {3, 4}], [{8, 7}, {2, 6}, {1, 5}, {4}, {3}], [{8, 7}, {2, 6}, {3, 5}, {1, 4}], [{8, 7}, {2, 6}, {3, 5}, {4}, {1}], [{8, 7}, {2, 6}, {4, 5}, {1, 3}], [{8, 7}, {2, 6}, {4, 5}, {3}, {1}], [{8, 7}, {2, 6}, {5}, {1, 4}, {3}], [{8, 7}, {2, 6}, {5}, {3, 4}, {1}], [{8, 7}, {2, 6}, {5}, {4}, {1, 3}], [{8, 7}, {2, 6}, {5}, {4}, {3}, {1}], [{8, 7}, {3, 6}, {1, 5}, {2, 4}], [{8, 7}, {3, 6}, {1, 5}, {4}, {2}], [{8, 7}, {3, 6}, {2, 5}, {1, 4}], [{8, 7}, {3, 6}, {2, 5}, {4}, {1}], [{8, 7}, {3, 6}, {4, 5}, {1, 2}], [{8, 7}, {3, 6}, {4, 5}, {2}, {1}], [{8, 7}, {3, 6}, {5}, {1, 4}, {2}], [{8, 7}, {3, 6}, {5}, {2, 4}, {1}], [{8, 7}, {3, 6}, {5}, {4}, {1, 2}], [{8, 7}, {3, 6}, {5}, {4}, {2}, {1}], [{8, 7}, {4, 6}, {1, 5}, {2, 3}], [{8, 7}, {4, 6}, {1, 5}, {3}, {2}], [{8, 7}, {4, 6}, {2, 5}, {1, 3}], [{8, 7}, {4, 6}, {2, 5}, {3}, {1}], [{8, 7}, {4, 6}, {3, 5}, {1, 2}], [{8, 7}, {4, 6}, {3, 5}, {2}, {1}], [{8, 7}, {4, 6}, {5}, {1, 3}, {2}], [{8, 7}, {4, 6}, {5}, {2, 3}, {1}], [{8, 7}, {4, 6}, {5}, {3}, {1, 2}], [{8, 7}, {4, 6}, {5}, {3}, {2}, {1}], [{8, 7}, {5, 6}, {1, 4}, {2, 3}], [{8, 7}, {5, 6}, {1, 4}, {3}, {2}], [{8, 7}, {5, 6}, {2, 4}, {1, 3}], [{8, 7}, {5, 6}, {2, 4}, {3}, {1}], [{8, 7}, {5, 6}, {3, 4}, {1, 2}], [{8, 7}, {5, 6}, {3, 4}, {2}, {1}], [{8, 7}, {5, 6}, {4}, {1, 3}, {2}], [{8, 7}, {5, 6}, {4}, {2, 3}, {1}], [{8, 7}, {5, 6}, {4}, {3}, {1, 2}], [{8, 7}, {5, 6}, {4}, {3}, {2}, {1}], [{8, 7}, {6}, {1, 5}, {2, 4}, {3}], [{8, 7}, {6}, {1, 5}, {3, 4}, {2}], [{8, 7}, {6}, {1, 5}, {4}, {2, 3}], [{8, 7}, {6}, {1, 5}, {4}, {3}, {2}], [{8, 7}, {6}, {2, 5}, {1, 4}, {3}], [{8, 7}, {6}, {2, 5}, {3, 4}, {1}], [{8, 7}, {6}, {2, 5}, {4}, {1, 3}], [{8, 7}, {6}, {2, 5}, {4}, {3}, {1}], [{8, 7}, {6}, {3, 5}, {1, 4}, {2}], [{8, 7}, {6}, {3, 5}, {2, 4}, {1}], [{8, 7}, {6}, {3, 5}, {4}, {1, 2}], [{8, 7}, {6}, {3, 5}, {4}, {2}, {1}], [{8, 7}, {6}, {4, 5}, {1, 3}, {2}], [{8, 7}, {6}, {4, 5}, {2, 3}, {1}], [{8, 7}, {6}, {4, 5}, {3}, {1, 2}], [{8, 7}, {6}, {4, 5}, {3}, {2}, {1}], [{8, 7}, {6}, {5}, {1, 4}, {2, 3}], [{8, 7}, {6}, {5}, {1, 4}, {3}, {2}], [{8, 7}, {6}, {5}, {2, 4}, {1, 3}], [{8, 7}, {6}, {5}, {2, 4}, {3}, {1}], [{8, 7}, {6}, {5}, {3, 4}, {1, 2}], [{8, 7}, {6}, {5}, {3, 4}, {2}, {1}], [{8, 7}, {6}, {5}, {4}, {1, 3}, {2}], [{8, 7}, {6}, {5}, {4}, {2, 3}, {1}], [{8, 7}, {6}, {5}, {4}, {3}, {1, 2}], [{8, 7}, {6}, {5}, {4}, {3}, {2}, {1}], [{8}, {1, 7}, {6}, {4, 5}, {2, 3}], [{8}, {2, 7}, {4, 6}, {5}, {1, 3}], [{8}, {2, 7}, {5, 6}, {4}, {1, 3}], [{8}, {2, 7}, {6}, {4, 5}, {1, 3}], [{8}, {2, 7}, {6}, {5}, {4}, {1, 3}], [{8}, {3, 7}, {6}, {4, 5}, {1, 2}], [{8}, {4, 7}, {1, 6}, {2, 5}, {3}], [{8}, {4, 7}, {1, 6}, {3, 5}, {2}], [{8}, {4, 7}, {1, 6}, {5}, {2, 3}], [{8}, {4, 7}, {1, 6}, {5}, {3}, {2}], [{8}, {4, 7}, {2, 6}, {5}, {1, 3}], [{8}, {4, 7}, {3, 6}, {1, 5}, {2}], [{8}, {4, 7}, {3, 6}, {2, 5}, {1}], [{8}, {4, 7}, {3, 6}, {5}, {1, 2}], [{8}, {4, 7}, {3, 6}, {5}, {2}, {1}], [{8}, {4, 7}, {5, 6}, {1, 3}, {2}], [{8}, {4, 7}, {6}, {2, 5}, {1, 3}], [{8}, {4, 7}, {6}, {5}, {1, 3}, {2}], [{8}, {5, 7}, {2, 6}, {4}, {1, 3}], [{8}, {5, 7}, {4, 6}, {1, 3}, {2}], [{8}, {5, 7}, {6}, {1, 4}, {2, 3}], [{8}, {5, 7}, {6}, {2, 4}, {1, 3}], [{8}, {5, 7}, {6}, {3, 4}, {1, 2}], [{8}, {5, 7}, {6}, {4}, {1, 3}, {2}], [{8}, {6, 7}, {1, 5}, {3, 4}, {2}], [{8}, {6, 7}, {2, 5}, {1, 4}, {3}], [{8}, {6, 7}, {2, 5}, {3, 4}, {1}], [{8}, {6, 7}, {2, 5}, {4}, {1, 3}], [{8}, {6, 7}, {3, 5}, {1, 4}, {2}], [{8}, {6, 7}, {4, 5}, {1, 3}, {2}], [{8}, {6, 7}, {5}, {1, 4}, {2, 3}], [{8}, {6, 7}, {5}, {1, 4}, {3}, {2}], [{8}, {6, 7}, {5}, {2, 4}, {1, 3}], [{8}, {6, 7}, {5}, {3, 4}, {1, 2}], [{8}, {6, 7}, {5}, {3, 4}, {2}, {1}], [{8}, {6, 7}, {5}, {4}, {1, 3}, {2}], [{8}, {7}, {2, 6}, {4, 5}, {1, 3}], [{8}, {7}, {2, 6}, {5}, {4}, {1, 3}], [{8}, {7}, {4, 6}, {2, 5}, {1, 3}], [{8}, {7}, {4, 6}, {5}, {1, 3}, {2}], [{8}, {7}, {5, 6}, {1, 4}, {2, 3}], [{8}, {7}, {5, 6}, {2, 4}, {1, 3}], [{8}, {7}, {5, 6}, {3, 4}, {1, 2}], [{8}, {7}, {5, 6}, {4}, {1, 3}, {2}], [{8}, {7}, {6}, {2, 5}, {4}, {1, 3}], [{8}, {7}, {6}, {4, 5}, {1, 3}, {2}], [{8}, {7}, {6}, {5}, {2, 4}, {1, 3}], [{8}, {7}, {6}, {5}, {4}, {1, 3}, {2}]]",2,4 K_1^3 - 8 K_1^2 - 4 K_1 K_2 - K_1 + 4 K_2 + K_3 + 5,O1O2O3U4O5U1U2U6O4O7U5O8U3U8O6U7,O1O2O3U4O5U6U2U3O7U1O8O6U8O4U7U5,O1O2O3U4U5O6U7O8O7U3O5U1U2U8O4U6,c,{'O1O2O3U4O5U6U1O6U7O4O8U5U2U3O7U8'},1,"<a href=""/flatknot/8.1101584"">8.1101584</a>",t^9-44t^7-116t^6+32t^5+176t^4+4t^3-72t^2+4t,-2t^2+4t,,
8.1101585,O1O2O3U4O5U6U1O6U7O4O8U5U2U8O7U3,4,19z^2+104z+133,19w^3z^2+104w^2z+133w,False,False,"[[ 0 -1  0  2 -1  0 -1 -1  2],[ 1  0  0  1  2 -1  1  0  2],[ 0  0  0  1  1 -1  0 -1  2],[-2 -1 -1  0 -2 -1 -2 -2  1],[ 1 -2 -1  2  0  0  0  0  1],[ 0  1  1  1  0  0  0 -1  1],[ 1 -1  0  2  0  0  0  0  2],[ 1  0  1  2  0  1  0  0  2],[-2 -2 -2 -1 -1 -1 -2 -2  0]]","[[ 0  2  2  0  0 -1 -1 -1 -1],[-2  0  1 -1 -1 -1 -2 -2 -2],[-2 -1  0 -1 -2 -2 -1 -2 -2],[ 0  1  1  0  1  1  0  0 -1],[ 0  1  2 -1  0  0  1  0 -1],[ 1  1  2 -1  0  0  2  1  0],[ 1  2  1  0 -1 -2  0  0  0],[ 1  2  2  0  0 -1  0  0  0],[ 1  2  2  1  1  0  0  0  0]]",True,"[-2,-2,0,0,1,1,1,1,-1,1,1,1,2,2,2,1,2,2,1,2,2,-1,-1,0,0,1,0,-1,0,1,-2,-1,0,0,0,0]","[-2,-2,0,0,1,1,1,1,-1,0,1,1,1,1,2,1,1,1,1,2,1,-1,0,1,1,2,0,1,2,1,0,0,0,-1,0,2]",t^8+44t^6+308t^4+153t^2+1,"[-1,-1,-1,-1,0,0,2,2,-2,-1,0,1,2,1,2,0,0,2,1,2,1,0,1,1,1,1,0,0,1,1,1,0,1,1,1,1]","[-2,-2,0,0,1,1,1,1,-1,0,1,1,1,1,2,1,1,1,1,2,1,-1,0,1,1,2,0,1,2,1,0,0,0,-1,0,2]","[-1,-1,-1,-1,0,0,2,2,-2,0,0,-1,0,1,2,0,1,0,-1,2,1,0,1,1,2,2,0,0,2,2,-1,2,1,1,1,-1]",c,"[[{8, 6}, {2, 7}, {1, 5}, {3, 4}]]",1,- 12 K_1^2 - 4 K_1 K_2 + 2 K_1 + 6 K_2 + 2 K_3 + 7,O1O2O3U1O4U5U2U6O5O7U4O8U3U8O6U7,O1O2O3U4O5U6U2U5O7U1O8O6U8O4U7U3,O1O2O3U1U4O5U6O7O6U3O4U8U2U7O8U5,c,{'O1O2O3U4O5U6U1O6U7O4O8U5U2U8O7U3'},1,"<a href=""/flatknot/8.1101585"">8.1101585</a>",t^9-40t^7-98t^6+60t^5+252t^4+114t^3+36t^2+4t-6,-2t^2+4t,,
8.1101586,O1O2O3U4O5U6U1O6U7O4O8U5U3U2O7U8,3,16z^2+69z+75,-6w^4z^2+22w^3z^2-10w^3z+79w^2z+75w,False,False,"[[ 0 -1  1  1 -1  0 -1 -1  2],[ 1  0  1  0  2 -1  1 -1  3],[-1 -1  0  0  0 -1 -1 -2  2],[-1  0  0  0  0 -1 -1 -1  1],[ 1 -2  0  0  0  0  0  0  2],[ 0  1  1  1  0  0  0  0  0],[ 1 -1  1  1  0  0  0  0  2],[ 1  1  2  1  0  0  0  0  2],[-2 -3 -2 -1 -2  0 -2 -2  0]]","[[ 0  2  1  1  0 -1 -1 -1 -1],[-2  0 -1 -2  0 -2 -2 -2 -3],[-1  1  0  0 -1  0 -1 -1  0],[-1  2  0  0 -1  0 -1 -2 -1],[ 0  0  1  1  0  0  0  0  1],[ 1  2  0  0  0  0  0  0 -2],[ 1  2  1  1  0  0  0  0 -1],[ 1  2  1  2  0  0  0  0  1],[ 1  3  0  1 -1  2  1 -1  0]]",True,"[-2,-1,-1,0,1,1,1,1,1,2,0,2,2,2,3,0,1,0,1,1,0,1,0,1,2,1,0,0,0,-1,0,0,2,0,1,-1]","[-2,-1,-1,0,1,1,1,1,-1,0,2,0,1,1,1,0,0,1,0,1,2,0,2,1,1,2,2,1,1,1,-1,1,2,0,0,0]",t^8+43t^6+236t^4+92t^2,"[-1,-1,-1,-1,0,1,1,2,-2,-1,1,2,1,2,0,0,0,1,2,2,1,0,1,1,1,1,1,0,1,1,0,0,2,0,-1,0]","[-2,-1,-1,0,1,1,1,1,-1,0,2,0,1,1,1,0,0,1,0,1,2,0,2,1,1,2,2,1,1,1,-1,1,2,0,0,0]","[-1,-1,-1,-1,0,1,1,2,-2,0,0,0,0,0,2,-1,1,-1,0,1,3,0,0,1,2,2,0,1,1,2,1,1,0,0,1,2]",c,"[[{8, 1}, {2, 7}, {3, 6}, {4, 5}], [{8, 1}, {2, 7}, {4, 6}, {3, 5}], [{8, 1}, {2, 7}, {5, 6}, {3, 4}], [{8, 1}, {2, 7}, {6}, {4, 5}, {3}], [{8, 1}, {3, 7}, {2, 6}, {4, 5}], [{8, 1}, {3, 7}, {4, 6}, {2, 5}], [{8, 1}, {3, 7}, {5, 6}, {2, 4}], [{8, 1}, {3, 7}, {6}, {4, 5}, {2}], [{8, 1}, {4, 7}, {2, 6}, {3, 5}], [{8, 1}, {4, 7}, {3, 6}, {2, 5}], [{8, 1}, {4, 7}, {5, 6}, {2, 3}], [{8, 1}, {4, 7}, {6}, {3, 5}, {2}], [{8, 1}, {5, 7}, {2, 6}, {3, 4}], [{8, 1}, {5, 7}, {3, 6}, {2, 4}], [{8, 1}, {5, 7}, {3, 6}, {4}, {2}], [{8, 1}, {5, 7}, {4, 6}, {2, 3}], [{8, 1}, {6, 7}, {2, 5}, {3, 4}], [{8, 1}, {6, 7}, {3, 5}, {2, 4}], [{8, 1}, {6, 7}, {3, 5}, {4}, {2}], [{8, 1}, {6, 7}, {4, 5}, {2, 3}], [{8, 1}, {7}, {4, 6}, {3, 5}, {2}], [{8, 1}, {7}, {6}, {4, 5}, {2, 3}], [{8, 2}, {1, 7}, {3, 6}, {4, 5}], [{8, 2}, {1, 7}, {4, 6}, {3, 5}], [{8, 2}, {1, 7}, {5, 6}, {3, 4}], [{8, 2}, {1, 7}, {6}, {4, 5}, {3}], [{8, 2}, {3, 7}, {1, 6}, {4, 5}], [{8, 2}, {3, 7}, {4, 6}, {1, 5}], [{8, 2}, {3, 7}, {5, 6}, {1, 4}], [{8, 2}, {3, 7}, {6}, {4, 5}, {1}], [{8, 2}, {4, 7}, {1, 6}, {3, 5}], [{8, 2}, {4, 7}, {3, 6}, {1, 5}], [{8, 2}, {4, 7}, {5, 6}, {1, 3}], [{8, 2}, {4, 7}, {6}, {5}, {1, 3}], [{8, 2}, {5, 7}, {1, 6}, {3, 4}], [{8, 2}, {5, 7}, {3, 6}, {1, 4}], [{8, 2}, {5, 7}, {4, 6}, {1, 3}], [{8, 2}, {5, 7}, {6}, {4}, {1, 3}], [{8, 2}, {6, 7}, {1, 5}, {3, 4}], [{8, 2}, {6, 7}, {3, 5}, {1, 4}], [{8, 2}, {6, 7}, {4, 5}, {1, 3}], [{8, 2}, {6, 7}, {5}, {4}, {1, 3}], [{8, 2}, {7}, {4, 6}, {5}, {1, 3}], [{8, 2}, {7}, {5, 6}, {4}, {1, 3}], [{8, 2}, {7}, {6}, {4, 5}, {1, 3}], [{8, 2}, {7}, {6}, {5}, {4}, {1, 3}], [{8, 3}, {1, 7}, {2, 6}, {4, 5}], [{8, 3}, {1, 7}, {4, 6}, {2, 5}], [{8, 3}, {1, 7}, {5, 6}, {2, 4}], [{8, 3}, {1, 7}, {6}, {4, 5}, {2}], [{8, 3}, {2, 7}, {1, 6}, {4, 5}], [{8, 3}, {2, 7}, {4, 6}, {1, 5}], [{8, 3}, {2, 7}, {5, 6}, {1, 4}], [{8, 3}, {2, 7}, {6}, {4, 5}, {1}], [{8, 3}, {4, 7}, {1, 6}, {2, 5}], [{8, 3}, {4, 7}, {2, 6}, {1, 5}], [{8, 3}, {4, 7}, {5, 6}, {1, 2}], [{8, 3}, {4, 7}, {6}, {1, 5}, {2}], [{8, 3}, {5, 7}, {1, 6}, {2, 4}], [{8, 3}, {5, 7}, {1, 6}, {4}, {2}], [{8, 3}, {5, 7}, {2, 6}, {1, 4}], [{8, 3}, {5, 7}, {4, 6}, {1, 2}], [{8, 3}, {6, 7}, {1, 5}, {2, 4}], [{8, 3}, {6, 7}, {1, 5}, {4}, {2}], [{8, 3}, {6, 7}, {2, 5}, {1, 4}], [{8, 3}, {6, 7}, {4, 5}, {1, 2}], [{8, 3}, {7}, {4, 6}, {1, 5}, {2}], [{8, 3}, {7}, {6}, {4, 5}, {1, 2}], [{8, 4}, {1, 7}, {2, 6}, {3, 5}], [{8, 4}, {1, 7}, {3, 6}, {2, 5}], [{8, 4}, {1, 7}, {5, 6}, {2, 3}], [{8, 4}, {2, 7}, {1, 6}, {3, 5}], [{8, 4}, {2, 7}, {3, 6}, {1, 5}], [{8, 4}, {2, 7}, {5, 6}, {1, 3}], [{8, 4}, {2, 7}, {6}, {5}, {1, 3}], [{8, 4}, {3, 7}, {1, 6}, {2, 5}], [{8, 4}, {3, 7}, {2, 6}, {1, 5}], [{8, 4}, {3, 7}, {5, 6}, {1, 2}], [{8, 4}, {5, 7}, {1, 6}, {2, 3}], [{8, 4}, {5, 7}, {2, 6}, {1, 3}], [{8, 4}, {5, 7}, {3, 6}, {1, 2}], [{8, 4}, {5, 7}, {6}, {1, 3}, {2}], [{8, 4}, {6, 7}, {1, 5}, {2, 3}], [{8, 4}, {6, 7}, {2, 5}, {1, 3}], [{8, 4}, {6, 7}, {3, 5}, {1, 2}], [{8, 4}, {6, 7}, {5}, {1, 3}, {2}], [{8, 4}, {7}, {1, 6}, {5}, {2, 3}], [{8, 4}, {7}, {2, 6}, {5}, {1, 3}], [{8, 4}, {7}, {3, 6}, {5}, {1, 2}], [{8, 4}, {7}, {5, 6}, {1, 3}, {2}], [{8, 4}, {7}, {6}, {2, 5}, {1, 3}], [{8, 4}, {7}, {6}, {5}, {1, 3}, {2}], [{8, 5}, {1, 7}, {2, 6}, {3, 4}], [{8, 5}, {1, 7}, {3, 6}, {2, 4}], [{8, 5}, {1, 7}, {3, 6}, {4}, {2}], [{8, 5}, {1, 7}, {4, 6}, {2, 3}], [{8, 5}, {2, 7}, {1, 6}, {3, 4}], [{8, 5}, {2, 7}, {3, 6}, {1, 4}], [{8, 5}, {2, 7}, {4, 6}, {1, 3}], [{8, 5}, {2, 7}, {6}, {4}, {1, 3}], [{8, 5}, {3, 7}, {1, 6}, {2, 4}], [{8, 5}, {3, 7}, {1, 6}, {4}, {2}], [{8, 5}, {3, 7}, {2, 6}, {1, 4}], [{8, 5}, {3, 7}, {4, 6}, {1, 2}], [{8, 5}, {4, 7}, {1, 6}, {2, 3}], [{8, 5}, {4, 7}, {2, 6}, {1, 3}], [{8, 5}, {4, 7}, {3, 6}, {1, 2}], [{8, 5}, {4, 7}, {6}, {1, 3}, {2}], [{8, 5}, {6, 7}, {1, 4}, {2, 3}], [{8, 5}, {6, 7}, {1, 4}, {3}, {2}], [{8, 5}, {6, 7}, {2, 4}, {1, 3}], [{8, 5}, {6, 7}, {2, 4}, {3}, {1}], [{8, 5}, {6, 7}, {3, 4}, {1, 2}], [{8, 5}, {6, 7}, {3, 4}, {2}, {1}], [{8, 5}, {6, 7}, {4}, {1, 3}, {2}], [{8, 5}, {6, 7}, {4}, {2, 3}, {1}], [{8, 5}, {6, 7}, {4}, {3}, {1, 2}], [{8, 5}, {6, 7}, {4}, {3}, {2}, {1}], [{8, 5}, {7}, {2, 6}, {4}, {1, 3}], [{8, 5}, {7}, {4, 6}, {1, 3}, {2}], [{8, 5}, {7}, {6}, {1, 4}, {2, 3}], [{8, 5}, {7}, {6}, {2, 4}, {1, 3}], [{8, 5}, {7}, {6}, {3, 4}, {1, 2}], [{8, 5}, {7}, {6}, {4}, {1, 3}, {2}], [{8, 6}, {1, 7}, {2, 5}, {3, 4}], [{8, 6}, {1, 7}, {3, 5}, {2, 4}], [{8, 6}, {1, 7}, {3, 5}, {4}, {2}], [{8, 6}, {1, 7}, {4, 5}, {2, 3}], [{8, 6}, {2, 7}, {1, 5}, {3, 4}], [{8, 6}, {2, 7}, {3, 5}, {1, 4}], [{8, 6}, {2, 7}, {4, 5}, {1, 3}], [{8, 6}, {2, 7}, {5}, {4}, {1, 3}], [{8, 6}, {3, 7}, {1, 5}, {2, 4}], [{8, 6}, {3, 7}, {1, 5}, {4}, {2}], [{8, 6}, {3, 7}, {2, 5}, {1, 4}], [{8, 6}, {3, 7}, {4, 5}, {1, 2}], [{8, 6}, {4, 7}, {1, 5}, {2, 3}], [{8, 6}, {4, 7}, {2, 5}, {1, 3}], [{8, 6}, {4, 7}, {3, 5}, {1, 2}], [{8, 6}, {4, 7}, {5}, {1, 3}, {2}], [{8, 6}, {5, 7}, {1, 4}, {2, 3}], [{8, 6}, {5, 7}, {1, 4}, {3}, {2}], [{8, 6}, {5, 7}, {2, 4}, {1, 3}], [{8, 6}, {5, 7}, {2, 4}, {3}, {1}], [{8, 6}, {5, 7}, {3, 4}, {1, 2}], [{8, 6}, {5, 7}, {3, 4}, {2}, {1}], [{8, 6}, {5, 7}, {4}, {1, 3}, {2}], [{8, 6}, {5, 7}, {4}, {2, 3}, {1}], [{8, 6}, {5, 7}, {4}, {3}, {1, 2}], [{8, 6}, {5, 7}, {4}, {3}, {2}, {1}], [{8, 6}, {7}, {2, 5}, {4}, {1, 3}], [{8, 6}, {7}, {4, 5}, {1, 3}, {2}], [{8, 6}, {7}, {5}, {1, 4}, {2, 3}], [{8, 6}, {7}, {5}, {2, 4}, {1, 3}], [{8, 6}, {7}, {5}, {3, 4}, {1, 2}], [{8, 6}, {7}, {5}, {4}, {1, 3}, {2}], [{8, 7}, {1, 6}, {2, 5}, {3, 4}], [{8, 7}, {1, 6}, {3, 5}, {2, 4}], [{8, 7}, {1, 6}, {4, 5}, {2, 3}], [{8, 7}, {1, 6}, {5}, {4}, {2, 3}], [{8, 7}, {2, 6}, {1, 5}, {3, 4}], [{8, 7}, {2, 6}, {3, 5}, {1, 4}], [{8, 7}, {2, 6}, {4, 5}, {1, 3}], [{8, 7}, {2, 6}, {5}, {4}, {1, 3}], [{8, 7}, {3, 6}, {1, 5}, {2, 4}], [{8, 7}, {3, 6}, {2, 5}, {1, 4}], [{8, 7}, {3, 6}, {4, 5}, {1, 2}], [{8, 7}, {3, 6}, {5}, {4}, {1, 2}], [{8, 7}, {4, 6}, {1, 5}, {2, 3}], [{8, 7}, {4, 6}, {2, 5}, {1, 3}], [{8, 7}, {4, 6}, {3, 5}, {1, 2}], [{8, 7}, {4, 6}, {5}, {1, 3}, {2}], [{8, 7}, {4, 6}, {5}, {2, 3}, {1}], [{8, 7}, {4, 6}, {5}, {3}, {1, 2}], [{8, 7}, {5, 6}, {1, 4}, {2, 3}], [{8, 7}, {5, 6}, {1, 4}, {3}, {2}], [{8, 7}, {5, 6}, {2, 4}, {1, 3}], [{8, 7}, {5, 6}, {2, 4}, {3}, {1}], [{8, 7}, {5, 6}, {3, 4}, {1, 2}], [{8, 7}, {5, 6}, {3, 4}, {2}, {1}], [{8, 7}, {5, 6}, {4}, {1, 3}, {2}], [{8, 7}, {5, 6}, {4}, {2, 3}, {1}], [{8, 7}, {5, 6}, {4}, {3}, {1, 2}], [{8, 7}, {6}, {1, 5}, {4}, {2, 3}], [{8, 7}, {6}, {2, 5}, {4}, {1, 3}], [{8, 7}, {6}, {3, 5}, {4}, {1, 2}], [{8, 7}, {6}, {4, 5}, {1, 3}, {2}], [{8, 7}, {6}, {4, 5}, {2, 3}, {1}], [{8, 7}, {6}, {4, 5}, {3}, {1, 2}], [{8, 7}, {6}, {5}, {1, 4}, {2, 3}], [{8, 7}, {6}, {5}, {2, 4}, {1, 3}], [{8, 7}, {6}, {5}, {3, 4}, {1, 2}], [{8, 7}, {6}, {5}, {4}, {1, 3}, {2}], [{8, 7}, {6}, {5}, {4}, {2, 3}, {1}], [{8, 7}, {6}, {5}, {4}, {3}, {1, 2}], [{8}, {1, 7}, {6}, {4, 5}, {2, 3}], [{8}, {2, 7}, {4, 6}, {5}, {1, 3}], [{8}, {2, 7}, {5, 6}, {4}, {1, 3}], [{8}, {2, 7}, {6}, {4, 5}, {1, 3}], [{8}, {2, 7}, {6}, {5}, {4}, {1, 3}], [{8}, {3, 7}, {6}, {4, 5}, {1, 2}], [{8}, {4, 7}, {1, 6}, {5}, {2, 3}], [{8}, {4, 7}, {2, 6}, {5}, {1, 3}], [{8}, {4, 7}, {3, 6}, {5}, {1, 2}], [{8}, {4, 7}, {5, 6}, {1, 3}, {2}], [{8}, {4, 7}, {6}, {2, 5}, {1, 3}], [{8}, {4, 7}, {6}, {5}, {1, 3}, {2}], [{8}, {5, 7}, {2, 6}, {4}, {1, 3}], [{8}, {5, 7}, {4, 6}, {1, 3}, {2}], [{8}, {5, 7}, {6}, {1, 4}, {2, 3}], [{8}, {5, 7}, {6}, {2, 4}, {1, 3}], [{8}, {5, 7}, {6}, {3, 4}, {1, 2}], [{8}, {5, 7}, {6}, {4}, {1, 3}, {2}], [{8}, {6, 7}, {2, 5}, {4}, {1, 3}], [{8}, {6, 7}, {4, 5}, {1, 3}, {2}], [{8}, {6, 7}, {5}, {1, 4}, {2, 3}], [{8}, {6, 7}, {5}, {2, 4}, {1, 3}], [{8}, {6, 7}, {5}, {3, 4}, {1, 2}], [{8}, {6, 7}, {5}, {4}, {1, 3}, {2}], [{8}, {7}, {2, 6}, {1, 5}, {3, 4}], [{8}, {7}, {2, 6}, {3, 5}, {1, 4}], [{8}, {7}, {2, 6}, {4, 5}, {1, 3}], [{8}, {7}, {2, 6}, {5}, {4}, {1, 3}], [{8}, {7}, {4, 6}, {2, 5}, {1, 3}], [{8}, {7}, {4, 6}, {5}, {1, 3}, {2}], [{8}, {7}, {5, 6}, {1, 4}, {2, 3}], [{8}, {7}, {5, 6}, {2, 4}, {1, 3}], [{8}, {7}, {5, 6}, {3, 4}, {1, 2}], [{8}, {7}, {5, 6}, {4}, {1, 3}, {2}], [{8}, {7}, {6}, {2, 5}, {4}, {1, 3}], [{8}, {7}, {6}, {4, 5}, {1, 3}, {2}], [{8}, {7}, {6}, {5}, {2, 4}, {1, 3}], [{8}, {7}, {6}, {5}, {4}, {1, 3}, {2}]]",2,- 6 K_1^2 - 8 K_1 K_2 + 4 K_1 + 3 K_2 + 4 K_3 + 4,O1O2O3U4O5U2U1U6O4O7U5O8U3U8O6U7,O1O2O3U4O5U6U3U2O7U1O8O6U8O4U7U5,O1O2O3U4U5O6U7O8O7U3O5U2U1U8O4U6,c,{'O1O2O3U4O5U6U1O6U7O4O8U5U3U2O7U8'},1,"<a href=""/flatknot/8.1101586"">8.1101586</a>",t^9-41t^7-96t^6+89t^5+248t^4-48t^3-16t^2-12t,-t^2+2t,,
8.1101587,O1O2O3U4O5U6U1O6U7O4O8U5U3U8O7U2,4,5z^3+43z^2+113z+95,5w^4z^3+43w^3z^2+113w^2z+95w,False,False,"[[ 0 -1  1  1 -1  0 -1 -1  2],[ 1  0  1  0  2 -1  1  0  2],[-1 -1  0  0 -1 -1 -1 -2  2],[-1  0  0  0  0 -1 -1 -2  2],[ 1 -2  1  0  0  0  0  0  1],[ 0  1  1  1  0  0  0 -1  1],[ 1 -1  1  1  0  0  0  0  2],[ 1  0  2  2  0  1  0  0  2],[-2 -2 -2 -2 -1 -1 -2 -2  0]]","[[ 0  2  1  1  0 -1 -1 -1 -1],[-2  0 -2 -2 -1 -1 -2 -2 -2],[-1  2  0  0 -1  0  0 -1 -2],[-1  2  0  0 -1 -1 -1 -1 -2],[ 0  1  1  1  0  0  1  0 -1],[ 1  1  0  1  0  0 -2  0  0],[ 1  2  0  1 -1  2  0  1  0],[ 1  2  1  1  0  0 -1  0  0],[ 1  2  2  2  1  0  0  0  0]]",True,"[-2,-1,-1,0,1,1,1,1,2,2,1,1,2,2,2,0,1,0,0,1,2,1,1,1,1,2,0,-1,0,1,2,0,0,-1,0,0]","[-2,-1,-1,0,1,1,1,1,-1,-1,1,1,1,1,2,0,0,0,1,1,1,0,0,1,2,2,0,1,2,1,0,0,0,-1,0,2]",t^8+43t^6+282t^4+124t^2+1,"[-1,-1,-1,-1,0,1,1,2,-2,-1,0,2,1,2,1,0,0,1,1,2,2,0,1,1,1,1,0,0,0,1,0,0,1,0,-1,-1]","[-2,-1,-1,0,1,1,1,1,-1,-1,1,1,1,1,2,0,0,0,1,1,1,0,0,1,2,2,0,1,2,1,0,0,0,-1,0,2]","[-1,-1,-1,-1,0,1,1,2,-2,0,0,0,0,1,1,0,1,-1,0,1,2,0,1,2,2,2,0,1,1,2,1,1,1,0,2,2]",c,"[[{8, 1}, {2, 7}, {3, 6}, {4, 5}], [{8, 1}, {2, 7}, {3, 6}, {5}, {4}], [{8, 1}, {2, 7}, {4, 6}, {3, 5}], [{8, 1}, {2, 7}, {4, 6}, {5}, {3}], [{8, 1}, {2, 7}, {5, 6}, {3, 4}], [{8, 1}, {2, 7}, {5, 6}, {4}, {3}], [{8, 1}, {2, 7}, {6}, {3, 5}, {4}], [{8, 1}, {2, 7}, {6}, {4, 5}, {3}], [{8, 1}, {2, 7}, {6}, {5}, {3, 4}], [{8, 1}, {2, 7}, {6}, {5}, {4}, {3}], [{8, 1}, {3, 7}, {2, 6}, {4, 5}], [{8, 1}, {3, 7}, {4, 6}, {2, 5}], [{8, 1}, {3, 7}, {5, 6}, {2, 4}], [{8, 1}, {4, 7}, {2, 6}, {3, 5}], [{8, 1}, {4, 7}, {3, 6}, {2, 5}], [{8, 1}, {4, 7}, {5, 6}, {2, 3}], [{8, 1}, {5, 7}, {2, 6}, {3, 4}], [{8, 1}, {5, 7}, {3, 6}, {2, 4}], [{8, 1}, {5, 7}, {4, 6}, {2, 3}], [{8, 1}, {6, 7}, {2, 5}, {3, 4}], [{8, 1}, {6, 7}, {3, 5}, {2, 4}], [{8, 1}, {6, 7}, {4, 5}, {2, 3}], [{8, 2}, {1, 7}, {3, 6}, {4, 5}], [{8, 2}, {1, 7}, {4, 6}, {3, 5}], [{8, 2}, {1, 7}, {5, 6}, {3, 4}], [{8, 2}, {1, 7}, {6}, {5}, {3, 4}], [{8, 2}, {3, 7}, {1, 6}, {4, 5}], [{8, 2}, {3, 7}, {4, 6}, {1, 5}], [{8, 2}, {3, 7}, {5, 6}, {1, 4}], [{8, 2}, {4, 7}, {1, 6}, {3, 5}], [{8, 2}, {4, 7}, {3, 6}, {1, 5}], [{8, 2}, {4, 7}, {3, 6}, {5}, {1}], [{8, 2}, {4, 7}, {5, 6}, {1, 3}], [{8, 2}, {5, 7}, {1, 6}, {3, 4}], [{8, 2}, {5, 7}, {1, 6}, {4}, {3}], [{8, 2}, {5, 7}, {3, 6}, {1, 4}], [{8, 2}, {5, 7}, {4, 6}, {1, 3}], [{8, 2}, {6, 7}, {1, 5}, {3, 4}], [{8, 2}, {6, 7}, {3, 5}, {1, 4}], [{8, 2}, {6, 7}, {4, 5}, {1, 3}], [{8, 2}, {7}, {4, 6}, {1, 5}, {3}], [{8, 3}, {1, 7}, {2, 6}, {4, 5}], [{8, 3}, {1, 7}, {4, 6}, {2, 5}], [{8, 3}, {1, 7}, {5, 6}, {2, 4}], [{8, 3}, {2, 7}, {1, 6}, {4, 5}], [{8, 3}, {2, 7}, {4, 6}, {1, 5}], [{8, 3}, {2, 7}, {5, 6}, {1, 4}], [{8, 3}, {2, 7}, {6}, {4, 5}, {1}], [{8, 3}, {4, 7}, {1, 6}, {2, 5}], [{8, 3}, {4, 7}, {2, 6}, {1, 5}], [{8, 3}, {4, 7}, {5, 6}, {1, 2}], [{8, 3}, {4, 7}, {6}, {5}, {1, 2}], [{8, 3}, {5, 7}, {1, 6}, {2, 4}], [{8, 3}, {5, 7}, {2, 6}, {1, 4}], [{8, 3}, {5, 7}, {4, 6}, {1, 2}], [{8, 3}, {6, 7}, {1, 5}, {2, 4}], [{8, 3}, {6, 7}, {2, 5}, {1, 4}], [{8, 3}, {6, 7}, {4, 5}, {1, 2}], [{8, 3}, {6, 7}, {4, 5}, {2}, {1}], [{8, 3}, {7}, {2, 6}, {4, 5}, {1}], [{8, 4}, {1, 7}, {2, 6}, {3, 5}], [{8, 4}, {1, 7}, {3, 6}, {2, 5}], [{8, 4}, {1, 7}, {5, 6}, {2, 3}], [{8, 4}, {2, 7}, {1, 6}, {3, 5}], [{8, 4}, {2, 7}, {3, 6}, {1, 5}], [{8, 4}, {2, 7}, {3, 6}, {5}, {1}], [{8, 4}, {2, 7}, {5, 6}, {1, 3}], [{8, 4}, {3, 7}, {1, 6}, {2, 5}], [{8, 4}, {3, 7}, {2, 6}, {1, 5}], [{8, 4}, {3, 7}, {5, 6}, {1, 2}], [{8, 4}, {3, 7}, {6}, {2, 5}, {1}], [{8, 4}, {5, 7}, {1, 6}, {2, 3}], [{8, 4}, {5, 7}, {2, 6}, {1, 3}], [{8, 4}, {5, 7}, {3, 6}, {1, 2}], [{8, 4}, {6, 7}, {1, 5}, {2, 3}], [{8, 4}, {6, 7}, {2, 5}, {1, 3}], [{8, 4}, {6, 7}, {3, 5}, {1, 2}], [{8, 4}, {7}, {2, 6}, {3, 5}, {1}], [{8, 4}, {7}, {3, 6}, {1, 5}, {2}], [{8, 5}, {1, 7}, {2, 6}, {3, 4}], [{8, 5}, {1, 7}, {2, 6}, {4}, {3}], [{8, 5}, {1, 7}, {3, 6}, {2, 4}], [{8, 5}, {1, 7}, {4, 6}, {2, 3}], [{8, 5}, {2, 7}, {1, 6}, {3, 4}], [{8, 5}, {2, 7}, {3, 6}, {1, 4}], [{8, 5}, {2, 7}, {4, 6}, {1, 3}], [{8, 5}, {3, 7}, {1, 6}, {2, 4}], [{8, 5}, {3, 7}, {2, 6}, {1, 4}], [{8, 5}, {3, 7}, {2, 6}, {4}, {1}], [{8, 5}, {3, 7}, {4, 6}, {1, 2}], [{8, 5}, {4, 7}, {1, 6}, {2, 3}], [{8, 5}, {4, 7}, {2, 6}, {1, 3}], [{8, 5}, {4, 7}, {2, 6}, {3}, {1}], [{8, 5}, {4, 7}, {3, 6}, {1, 2}], [{8, 5}, {6, 7}, {1, 4}, {2, 3}], [{8, 5}, {6, 7}, {2, 4}, {1, 3}], [{8, 5}, {6, 7}, {3, 4}, {1, 2}], [{8, 5}, {7}, {1, 6}, {2, 4}, {3}], [{8, 5}, {7}, {2, 6}, {1, 4}, {3}], [{8, 5}, {7}, {2, 6}, {3, 4}, {1}], [{8, 5}, {7}, {2, 6}, {4}, {1, 3}], [{8, 5}, {7}, {2, 6}, {4}, {3}, {1}], [{8, 5}, {7}, {4, 6}, {3}, {1, 2}], [{8, 6}, {1, 7}, {2, 5}, {3, 4}], [{8, 6}, {1, 7}, {3, 5}, {2, 4}], [{8, 6}, {1, 7}, {4, 5}, {2, 3}], [{8, 6}, {2, 7}, {1, 5}, {3, 4}], [{8, 6}, {2, 7}, {3, 5}, {1, 4}], [{8, 6}, {2, 7}, {4, 5}, {1, 3}], [{8, 6}, {2, 7}, {5}, {3, 4}, {1}], [{8, 6}, {3, 7}, {1, 5}, {2, 4}], [{8, 6}, {3, 7}, {2, 5}, {1, 4}], [{8, 6}, {3, 7}, {4, 5}, {1, 2}], [{8, 6}, {4, 7}, {1, 5}, {2, 3}], [{8, 6}, {4, 7}, {2, 5}, {1, 3}], [{8, 6}, {4, 7}, {3, 5}, {1, 2}], [{8, 6}, {4, 7}, {3, 5}, {2}, {1}], [{8, 6}, {5, 7}, {1, 4}, {2, 3}], [{8, 6}, {5, 7}, {2, 4}, {1, 3}], [{8, 6}, {5, 7}, {3, 4}, {1, 2}], [{8, 6}, {5, 7}, {4}, {1, 3}, {2}], [{8, 6}, {7}, {1, 5}, {2, 4}, {3}], [{8, 6}, {7}, {1, 5}, {3, 4}, {2}], [{8, 6}, {7}, {1, 5}, {4}, {2, 3}], [{8, 7}, {1, 6}, {2, 5}, {3, 4}], [{8, 7}, {1, 6}, {3, 5}, {2, 4}], [{8, 7}, {1, 6}, {4, 5}, {2, 3}], [{8, 7}, {2, 6}, {1, 5}, {3, 4}], [{8, 7}, {2, 6}, {3, 5}, {1, 4}], [{8, 7}, {2, 6}, {4, 5}, {1, 3}], [{8, 7}, {3, 6}, {1, 5}, {2, 4}], [{8, 7}, {3, 6}, {2, 5}, {1, 4}], [{8, 7}, {3, 6}, {4, 5}, {1, 2}], [{8, 7}, {3, 6}, {4, 5}, {2}, {1}], [{8, 7}, {4, 6}, {1, 5}, {2, 3}], [{8, 7}, {4, 6}, {2, 5}, {1, 3}], [{8, 7}, {4, 6}, {3, 5}, {1, 2}], [{8, 7}, {5, 6}, {1, 4}, {2, 3}], [{8, 7}, {5, 6}, {1, 4}, {3}, {2}], [{8, 7}, {5, 6}, {2, 4}, {1, 3}], [{8, 7}, {5, 6}, {3, 4}, {1, 2}], [{8, 7}, {6}, {2, 5}, {3, 4}, {1}], [{8, 7}, {6}, {3, 5}, {2, 4}, {1}], [{8}, {1, 7}, {5, 6}, {2, 4}, {3}], [{8}, {1, 7}, {5, 6}, {3, 4}, {2}], [{8}, {1, 7}, {5, 6}, {4}, {2, 3}], [{8}, {2, 7}, {1, 6}, {5}, {3, 4}], [{8}, {2, 7}, {3, 6}, {5}, {1, 4}], [{8}, {2, 7}, {6}, {4, 5}, {1, 3}], [{8}, {6, 7}, {2, 5}, {1, 4}, {3}], [{8}, {7}, {3, 6}, {4, 5}, {1, 2}]]",2,8 K_1^3 - 10 K_1^2 - 8 K_1 K_2 - 2 K_1 + 5 K_2 + 2 K_3 + 6,O1O2O3U2O4U5U1U6O5O7U4O8U3U8O6U7,O1O2O3U4O5U6U5U2O7U1O8O6U8O4U7U3,O1O2O3U1U4O5U6O7O6U3O4U2U8U7O8U5,c,{'O1O2O3U4O5U6U1O6U7O4O8U5U3U8O7U2'},1,"<a href=""/flatknot/8.1101587"">8.1101587</a>",t^9-41t^7-98t^6+133t^5+504t^4+250t^3-38t^2-17t-2,-t^2+2t,,
8.1101588,O1O2O3U4O5U6U1O6U7O4O8U5U8U2O7U3,4,2z^3+22z^2+101z+131,2w^4z^3+22w^3z^2+101w^2z+131w,False,False,"[[ 0 -1  1  2 -1  0 -1 -1  1],[ 1  0  0  1  2 -1  1  0  1],[-1  0  0  0  0 -2 -1 -1  1],[-2 -1  0  0 -2 -1 -2 -2  1],[ 1 -2  0  2  0  0  0  0  0],[ 0  1  2  1  0  0  0 -1  1],[ 1 -1  1  2  0  0  0  0  1],[ 1  0  1  2  0  1  0  0  1],[-1 -1 -1 -1  0 -1 -1 -1  0]]","[[ 0  2  1  1  0 -1 -1 -1 -1],[-2  0  1  0 -1 -1 -2 -2 -2],[-1 -1  0 -1 -1 -1  0 -1 -1],[-1  0  1  0 -2  0  0 -1 -1],[ 0  1  1  2  0  1  0  0 -1],[ 1  1  1  0 -1  0  2  1  0],[ 1  2  0  0  0 -2  0  0  0],[ 1  2  1  1  0 -1  0  0  0],[ 1  2  1  1  1  0  0  0  0]]",True,"[-2,-1,-1,0,1,1,1,1,-1,0,1,1,2,2,2,1,1,1,0,1,1,2,0,0,1,1,-1,0,0,1,-2,-1,0,0,0,0]","[-2,-1,-1,0,1,1,1,1,-1,0,1,1,2,2,2,1,1,1,0,1,1,2,0,0,1,1,-1,0,0,1,-2,-1,0,0,0,0]",t^8+33t^6+235t^4+156t^2+16,"[-1,-1,-1,-1,0,1,1,2,-2,-1,0,2,1,2,2,0,0,1,2,2,1,0,1,1,1,1,0,1,1,1,0,-1,1,1,2,1]","[-2,-1,-1,0,1,1,1,1,1,2,1,1,1,1,2,1,-1,1,1,2,2,0,1,1,2,1,0,1,1,2,0,0,0,0,-1,-2]","[-1,-1,-1,-1,0,1,1,2,-2,0,0,0,0,0,2,0,1,-1,0,1,1,0,1,1,1,2,0,1,1,2,2,1,1,1,0,-1]",c,"[[{8, 1}, {2, 7}, {3, 6}, {4, 5}], [{8, 1}, {2, 7}, {4, 6}, {3, 5}], [{8, 1}, {2, 7}, {5, 6}, {3, 4}], [{8, 1}, {2, 7}, {6}, {3, 5}, {4}], [{8, 1}, {3, 7}, {2, 6}, {4, 5}], [{8, 1}, {3, 7}, {2, 6}, {5}, {4}], [{8, 1}, {3, 7}, {4, 6}, {2, 5}], [{8, 1}, {3, 7}, {5, 6}, {2, 4}], [{8, 1}, {4, 7}, {2, 6}, {3, 5}], [{8, 1}, {4, 7}, {2, 6}, {5}, {3}], [{8, 1}, {4, 7}, {3, 6}, {2, 5}], [{8, 1}, {4, 7}, {3, 6}, {5}, {2}], [{8, 1}, {4, 7}, {5, 6}, {2, 3}], [{8, 1}, {4, 7}, {6}, {5}, {2, 3}], [{8, 1}, {5, 7}, {2, 6}, {3, 4}], [{8, 1}, {5, 7}, {3, 6}, {2, 4}], [{8, 1}, {5, 7}, {3, 6}, {4}, {2}], [{8, 1}, {5, 7}, {4, 6}, {2, 3}], [{8, 1}, {6, 7}, {2, 5}, {3, 4}], [{8, 1}, {6, 7}, {3, 5}, {2, 4}], [{8, 1}, {6, 7}, {4, 5}, {2, 3}], [{8, 1}, {7}, {2, 6}, {5}, {3, 4}], [{8, 1}, {7}, {3, 6}, {4, 5}, {2}], [{8, 1}, {7}, {5, 6}, {3, 4}, {2}], [{8, 1}, {7}, {6}, {2, 5}, {3, 4}], [{8, 2}, {1, 7}, {3, 6}, {4, 5}], [{8, 2}, {1, 7}, {4, 6}, {3, 5}], [{8, 2}, {1, 7}, {5, 6}, {3, 4}], [{8, 2}, {3, 7}, {1, 6}, {4, 5}], [{8, 2}, {3, 7}, {4, 6}, {1, 5}], [{8, 2}, {3, 7}, {5, 6}, {1, 4}], [{8, 2}, {3, 7}, {6}, {4, 5}, {1}], [{8, 2}, {4, 7}, {1, 6}, {3, 5}], [{8, 2}, {4, 7}, {1, 6}, {5}, {3}], [{8, 2}, {4, 7}, {3, 6}, {1, 5}], [{8, 2}, {4, 7}, {5, 6}, {1, 3}], [{8, 2}, {5, 7}, {1, 6}, {3, 4}], [{8, 2}, {5, 7}, {3, 6}, {1, 4}], [{8, 2}, {5, 7}, {4, 6}, {1, 3}], [{8, 2}, {6, 7}, {1, 5}, {3, 4}], [{8, 2}, {6, 7}, {3, 5}, {1, 4}], [{8, 2}, {6, 7}, {4, 5}, {1, 3}], [{8, 2}, {6, 7}, {4, 5}, {3}, {1}], [{8, 2}, {7}, {3, 6}, {4, 5}, {1}], [{8, 2}, {7}, {5, 6}, {3, 4}, {1}], [{8, 3}, {1, 7}, {2, 6}, {4, 5}], [{8, 3}, {1, 7}, {4, 6}, {2, 5}], [{8, 3}, {1, 7}, {5, 6}, {2, 4}], [{8, 3}, {2, 7}, {1, 6}, {4, 5}], [{8, 3}, {2, 7}, {4, 6}, {1, 5}], [{8, 3}, {2, 7}, {5, 6}, {1, 4}], [{8, 3}, {4, 7}, {1, 6}, {2, 5}], [{8, 3}, {4, 7}, {1, 6}, {5}, {2}], [{8, 3}, {4, 7}, {2, 6}, {1, 5}], [{8, 3}, {4, 7}, {5, 6}, {1, 2}], [{8, 3}, {5, 7}, {1, 6}, {2, 4}], [{8, 3}, {5, 7}, {2, 6}, {1, 4}], [{8, 3}, {5, 7}, {4, 6}, {1, 2}], [{8, 3}, {5, 7}, {6}, {4}, {1, 2}], [{8, 3}, {6, 7}, {1, 5}, {2, 4}], [{8, 3}, {6, 7}, {2, 5}, {1, 4}], [{8, 3}, {6, 7}, {4, 5}, {1, 2}], [{8, 3}, {6, 7}, {4, 5}, {2}, {1}], [{8, 3}, {7}, {4, 6}, {2, 5}, {1}], [{8, 3}, {7}, {6}, {1, 5}, {2, 4}], [{8, 4}, {1, 7}, {2, 6}, {3, 5}], [{8, 4}, {1, 7}, {3, 6}, {2, 5}], [{8, 4}, {1, 7}, {5, 6}, {2, 3}], [{8, 4}, {2, 7}, {1, 6}, {3, 5}], [{8, 4}, {2, 7}, {1, 6}, {5}, {3}], [{8, 4}, {2, 7}, {3, 6}, {1, 5}], [{8, 4}, {2, 7}, {3, 6}, {5}, {1}], [{8, 4}, {2, 7}, {5, 6}, {1, 3}], [{8, 4}, {2, 7}, {6}, {5}, {1, 3}], [{8, 4}, {3, 7}, {1, 6}, {2, 5}], [{8, 4}, {3, 7}, {2, 6}, {1, 5}], [{8, 4}, {3, 7}, {5, 6}, {1, 2}], [{8, 4}, {5, 7}, {1, 6}, {2, 3}], [{8, 4}, {5, 7}, {2, 6}, {1, 3}], [{8, 4}, {5, 7}, {3, 6}, {1, 2}], [{8, 4}, {5, 7}, {6}, {1, 3}, {2}], [{8, 4}, {6, 7}, {1, 5}, {2, 3}], [{8, 4}, {6, 7}, {2, 5}, {1, 3}], [{8, 4}, {6, 7}, {3, 5}, {1, 2}], [{8, 4}, {7}, {3, 6}, {1, 5}, {2}], [{8, 4}, {7}, {6}, {2, 5}, {1, 3}], [{8, 5}, {1, 7}, {2, 6}, {3, 4}], [{8, 5}, {1, 7}, {3, 6}, {2, 4}], [{8, 5}, {1, 7}, {4, 6}, {2, 3}], [{8, 5}, {2, 7}, {1, 6}, {3, 4}], [{8, 5}, {2, 7}, {3, 6}, {1, 4}], [{8, 5}, {2, 7}, {3, 6}, {4}, {1}], [{8, 5}, {2, 7}, {4, 6}, {1, 3}], [{8, 5}, {2, 7}, {6}, {1, 4}, {3}], [{8, 5}, {3, 7}, {1, 6}, {2, 4}], [{8, 5}, {3, 7}, {2, 6}, {1, 4}], [{8, 5}, {3, 7}, {4, 6}, {1, 2}], [{8, 5}, {4, 7}, {1, 6}, {2, 3}], [{8, 5}, {4, 7}, {2, 6}, {1, 3}], [{8, 5}, {4, 7}, {3, 6}, {1, 2}], [{8, 5}, {4, 7}, {6}, {1, 3}, {2}], [{8, 5}, {4, 7}, {6}, {2, 3}, {1}], [{8, 5}, {4, 7}, {6}, {3}, {1, 2}], [{8, 5}, {6, 7}, {1, 4}, {2, 3}], [{8, 5}, {6, 7}, {2, 4}, {1, 3}], [{8, 5}, {6, 7}, {3, 4}, {1, 2}], [{8, 5}, {6, 7}, {3, 4}, {2}, {1}], [{8, 5}, {7}, {1, 6}, {2, 4}, {3}], [{8, 6}, {1, 7}, {2, 5}, {3, 4}], [{8, 6}, {1, 7}, {3, 5}, {2, 4}], [{8, 6}, {1, 7}, {3, 5}, {4}, {2}], [{8, 6}, {1, 7}, {4, 5}, {2, 3}], [{8, 6}, {2, 7}, {1, 5}, {3, 4}], [{8, 6}, {2, 7}, {3, 5}, {1, 4}], [{8, 6}, {2, 7}, {3, 5}, {4}, {1}], [{8, 6}, {2, 7}, {4, 5}, {1, 3}], [{8, 6}, {3, 7}, {1, 5}, {2, 4}], [{8, 6}, {3, 7}, {2, 5}, {1, 4}], [{8, 6}, {3, 7}, {4, 5}, {1, 2}], [{8, 6}, {4, 7}, {1, 5}, {2, 3}], [{8, 6}, {4, 7}, {2, 5}, {1, 3}], [{8, 6}, {4, 7}, {2, 5}, {3}, {1}], [{8, 6}, {4, 7}, {3, 5}, {1, 2}], [{8, 6}, {4, 7}, {3, 5}, {2}, {1}], [{8, 6}, {4, 7}, {5}, {2, 3}, {1}], [{8, 6}, {5, 7}, {1, 4}, {2, 3}], [{8, 6}, {5, 7}, {2, 4}, {1, 3}], [{8, 6}, {5, 7}, {3, 4}, {1, 2}], [{8, 6}, {7}, {3, 5}, {1, 4}, {2}], [{8, 6}, {7}, {3, 5}, {2, 4}, {1}], [{8, 6}, {7}, {3, 5}, {4}, {1, 2}], [{8, 6}, {7}, {3, 5}, {4}, {2}, {1}], [{8, 7}, {1, 6}, {2, 5}, {3, 4}], [{8, 7}, {1, 6}, {3, 5}, {2, 4}], [{8, 7}, {1, 6}, {4, 5}, {2, 3}], [{8, 7}, {1, 6}, {4, 5}, {3}, {2}], [{8, 7}, {2, 6}, {1, 5}, {3, 4}], [{8, 7}, {2, 6}, {3, 5}, {1, 4}], [{8, 7}, {2, 6}, {4, 5}, {1, 3}], [{8, 7}, {3, 6}, {1, 5}, {2, 4}], [{8, 7}, {3, 6}, {2, 5}, {1, 4}], [{8, 7}, {3, 6}, {4, 5}, {1, 2}], [{8, 7}, {3, 6}, {4, 5}, {2}, {1}], [{8, 7}, {4, 6}, {1, 5}, {2, 3}], [{8, 7}, {4, 6}, {2, 5}, {1, 3}], [{8, 7}, {4, 6}, {2, 5}, {3}, {1}], [{8, 7}, {4, 6}, {3, 5}, {1, 2}], [{8, 7}, {4, 6}, {5}, {1, 3}, {2}], [{8, 7}, {5, 6}, {1, 4}, {2, 3}], [{8, 7}, {5, 6}, {1, 4}, {3}, {2}], [{8, 7}, {5, 6}, {2, 4}, {1, 3}], [{8, 7}, {5, 6}, {3, 4}, {1, 2}], [{8, 7}, {5, 6}, {3, 4}, {2}, {1}], [{8, 7}, {5, 6}, {4}, {1, 3}, {2}], [{8, 7}, {6}, {3, 5}, {4}, {1, 2}], [{8, 7}, {6}, {4, 5}, {1, 3}, {2}], [{8}, {1, 7}, {3, 6}, {4, 5}, {2}], [{8}, {1, 7}, {5, 6}, {3, 4}, {2}], [{8}, {1, 7}, {6}, {3, 5}, {2, 4}], [{8}, {2, 7}, {1, 6}, {3, 5}, {4}], [{8}, {2, 7}, {3, 6}, {4, 5}, {1}], [{8}, {2, 7}, {5, 6}, {3, 4}, {1}], [{8}, {3, 7}, {4, 6}, {2, 5}, {1}], [{8}, {4, 7}, {1, 6}, {5}, {2, 3}], [{8}, {4, 7}, {5, 6}, {2, 3}, {1}], [{8}, {4, 7}, {6}, {1, 5}, {2, 3}], [{8}, {4, 7}, {6}, {5}, {2, 3}, {1}], [{8}, {5, 7}, {1, 6}, {3, 4}, {2}], [{8}, {5, 7}, {2, 6}, {4}, {1, 3}], [{8}, {5, 7}, {4, 6}, {2, 3}, {1}], [{8}, {6, 7}, {3, 5}, {4}, {1, 2}], [{8}, {6, 7}, {4, 5}, {2, 3}, {1}], [{8}, {7}, {3, 6}, {4, 5}, {1, 2}], [{8}, {7}, {5, 6}, {3, 4}, {1, 2}]]",2,4 K_1^3 - 22 K_1^2 - 8 K_1 K_2 + K_1 + 11 K_2 + 3 K_3 + 12,O1O2O3U1O4U2U5U6O5O7U4O8U3U8O6U7,O1O2O3U4O5U6U3U5O7U1O8O6U8O4U7U2,O1O2O3U2U4O5U6O7O6U3O4U8U1U7O8U5,c,{'O1O2O3U4O5U6U1O6U7O4O8U5U8U2O7U3'},1,"<a href=""/flatknot/8.1101588"">8.1101588</a>",t^9-31t^7-48t^6+130t^5+286t^4+115t^3+18t^2+20t-10,-t^2+2t,,
8.1101589,O1O2O3U4O5U6U1O6U7O4O8U5U8U3O7U2,4,2z^3+34z^2+105z+91,2w^4z^3-2w^4z^2+36w^3z^2-6w^3z+111w^2z+91w,False,False,"[[ 0 -1  1  2 -1  0 -1 -1  1],[ 1  0  1  0  2 -1  1  0  1],[-1 -1  0  1 -1 -1 -1 -2  1],[-2  0 -1  0 -1 -2 -2 -2  1],[ 1 -2  1  1  0  0  0  0  0],[ 0  1  1  2  0  0  0 -1  1],[ 1 -1  1  2  0  0  0  0  1],[ 1  0  2  2  0  1  0  0  1],[-1 -1 -1 -1  0 -1 -1 -1  0]]","[[ 0  2  1  1  0 -1 -1 -1 -1],[-2  0  1 -1 -2  0 -1 -2 -2],[-1 -1  0 -1 -1 -1  0 -1 -1],[-1  1  1  0 -1 -1 -1 -1 -2],[ 0  2  1  1  0  1  0  0 -1],[ 1  0  1  1 -1  0  2  1  0],[ 1  1  0  1  0 -2  0  0  0],[ 1  2  1  1  0 -1  0  0  0],[ 1  2  1  2  1  0  0  0  0]]",True,"[-2,-1,-1,0,1,1,1,1,-1,1,2,0,1,2,2,1,1,1,0,1,1,1,1,1,1,2,-1,0,0,1,-2,-1,0,0,0,0]","[-2,-1,-1,0,1,1,1,1,-1,1,2,0,1,2,2,1,1,1,0,1,1,1,1,1,1,2,-1,0,0,1,-2,-1,0,0,0,0]",t^8+35t^6+221t^4+140t^2+16,"[-1,-1,-1,-1,0,1,1,2,-2,-1,0,2,1,1,3,0,0,1,1,2,2,0,1,1,1,1,0,0,1,1,0,0,0,-1,0,2]","[-2,-1,-1,0,1,1,1,1,0,2,0,1,1,2,3,1,0,0,1,1,1,0,1,1,2,1,0,1,1,2,0,0,0,0,-1,-2]","[-1,-1,-1,-1,0,1,1,2,-2,0,0,0,0,1,1,0,1,-1,1,1,0,0,1,1,2,2,0,1,1,2,1,1,2,-1,-1,1]",c,"[[{8, 7}, {3, 6}, {4, 5}, {1, 2}], [{8, 7}, {4, 6}, {3, 5}, {1, 2}], [{8, 7}, {5, 6}, {3, 4}, {1, 2}]]",1,8 K_1^3 - 2 K_1^2 - 8 K_1 K_2 - 2 K_1 + K_2 + 2 K_3 + 2,O1O2O3U2O4U1U5U6O5O7U4O8U3U8O6U7,O1O2O3U4O5U6U5U3O7U1O8O6U8O4U7U2,O1O2O3U2U4O5U6O7O6U3O4U1U8U7O8U5,c,{'O1O2O3U4O5U6U1O6U7O4O8U5U8U3O7U2'},1,"<a href=""/flatknot/8.1101589"">8.1101589</a>",t^9-33t^7-64t^6+90t^5+256t^4+117t^3-30t^2-9t+4,-t^2+2t,,
8.1101590,O1O2O3U4O5U6U2O6U1O4O7U3U8U5O8U7,3,9z^2+78z+121,9w^3z^2+78w^2z+121w,False,False,"[[ 0 -1  0  0 -1  2 -1  2 -1],[ 1  0  1  1  0  2  0  2  0],[ 0 -1  0 -1  1  0  0  2 -1],[ 0 -1  1  0  0  0  0  2 -1],[ 1  0 -1  0  0  2  0  1  1],[-2 -2  0  0 -2  0 -2  0 -2],[ 1  0  0  0  0  2  0  2  0],[-2 -2 -2 -2 -1  0 -2  0 -2],[ 1  0  1  1 -1  2  0  2  0]]","[[ 0  2  2  0  0 -1 -1 -1 -1],[-2  0  0  0  0 -2 -2 -2 -2],[-2  0  0 -2 -2 -1 -2 -2 -2],[ 0  0  2  0  1  0  0 -1 -1],[ 0  0  2 -1  0  1  0 -1 -1],[ 1  2  1  0 -1  0  0  1  0],[ 1  2  2  0  0  0  0  0  0],[ 1  2  2  1  1 -1  0  0  0],[ 1  2  2  1  1  0  0  0  0]]",True,"[-2,-2,0,0,1,1,1,1,0,0,0,2,2,2,2,2,2,1,2,2,2,-1,0,0,1,1,-1,0,1,1,0,-1,0,0,0,0]","[-2,-2,0,0,1,1,1,1,0,0,0,1,1,1,2,2,2,1,1,1,1,-1,0,0,1,2,0,0,1,1,0,0,-1,0,0,0]",t^8+44t^6+320t^4+92t^2,"[-1,-1,-1,-1,0,0,2,2,-1,0,0,1,2,1,2,0,0,0,0,1,1,0,0,0,1,1,1,1,1,1,-1,2,0,2,0,0]","[-2,-2,0,0,1,1,1,1,0,0,0,1,1,1,2,2,2,1,1,1,1,-1,0,0,1,2,0,0,1,1,0,0,-1,0,0,0]","[-1,-1,-1,-1,0,0,2,2,-1,0,0,1,1,2,2,0,0,-1,0,1,2,0,0,0,2,2,1,1,2,2,-1,2,0,2,0,0]",c,"[[{8, 2}, {1, 7}, {3, 6}, {4, 5}], [{8}, {1, 7}, {3, 6}, {4, 5}, {2}]]",1,4 K_1^3 - 32 K_1^2 - 8 K_1 K_2 + K_1 + 16 K_2 + 3 K_3 + 17,O1O2O3U4O5U6U5U1O4O7U3O8U2U8O6U7,O1O2O3U2O4U5U6U1O7U3O8O6U8O5U7U4,O1O2O3U4U5O6U7O8O7U1O5U3U8U6O4U2,c,{'O1O2O3U4O5U6U2O6U1O4O7U3U8U5O8U7'},1,"<a href=""/flatknot/8.1101590"">8.1101590</a>",t^9-40t^7-64t^6+156t^5+286t^4+5t^3-62t^2,-2t^2+4t,,
8.1101591,O1O2O3U4O5U6U2O6U1O4O7U5U8U3O8U7,4,12z^2+81z+115,12w^3z^2+81w^2z+115w,False,False,"[[ 0 -1  0  2 -1  0 -1  2 -1],[ 1  0  1  2  0  1  0  2  0],[ 0 -1  0  0  1 -1  0  2 -1],[-2 -2  0  0 -1 -1 -2  1 -2],[ 1  0 -1  1  0  0  0  1  0],[ 0 -1  1  1  0  0  0  1  0],[ 1  0  0  2  0  0  0  2  0],[-2 -2 -2 -1 -1 -1 -2  0 -2],[ 1  0  1  2  0  0  0  2  0]]","[[ 0  2  2  0  0 -1 -1 -1 -1],[-2  0  1  0 -1 -1 -2 -2 -2],[-2 -1  0 -2 -1 -1 -2 -2 -2],[ 0  0  2  0 -1  1  0 -1 -1],[ 0  1  1  1  0  0  0  0 -1],[ 1  1  1 -1  0  0  0  0  0],[ 1  2  2  0  0  0  0  0  0],[ 1  2  2  1  0  0  0  0  0],[ 1  2  2  1  1  0  0  0  0]]",True,"[-2,-2,0,0,1,1,1,1,-1,0,1,1,2,2,2,2,1,1,2,2,2,1,-1,0,1,1,0,0,0,1,0,0,0,0,0,0]","[-2,-2,0,0,1,1,1,1,-1,0,1,1,1,1,2,2,1,1,1,1,2,-1,0,0,1,2,0,1,1,1,0,0,0,0,0,0]",t^8+38t^6+153t^4+68t^2,"[-1,-1,-1,-1,0,0,2,2,0,0,0,0,0,1,1,0,0,0,1,1,1,0,1,1,1,1,2,1,2,2,1,0,2,1,1,1]","[-2,-2,0,0,1,1,1,1,-1,0,1,1,1,1,2,2,1,1,1,1,2,-1,0,0,1,2,0,1,1,1,0,0,0,0,0,0]","[-1,-1,-1,-1,0,0,2,2,0,0,0,-1,0,1,1,0,0,0,0,2,2,0,1,0,2,2,1,1,2,2,-1,0,2,1,1,1]",c,"[[{8, 7}, {5, 6}, {3, 4}, {1, 2}], [{8, 7}, {5, 6}, {3, 4}, {2}, {1}]]",1,12 K_1^3 - 24 K_1^2 - 16 K_1 K_2 - K_1 + 12 K_2 + 5 K_3 + 13,O1O2O3U4O5U1U5U6O4O7U3O8U2U8O6U7,O1O2O3U2O4U5U6U3O7U1O8O6U8O5U7U4,O1O2O3U4U5O6U7O8O7U3O5U1U8U6O4U2,c,{'O1O2O3U4O5U6U2O6U1O4O7U5U8U3O8U7'},1,"<a href=""/flatknot/8.1101591"">8.1101591</a>",t^9-34t^7-54t^6+69t^5+68t^4-64t^3-32t^2+8t+2,-2t^2+4t,,
8.1101592,O1O2O3U4O5U6U2O6U1O4O7U5U8U7O8U3,4,2z^3+27z^2+104z+117,2w^4z^3-2w^4z^2+29w^3z^2+104w^2z+117w,False,False,"[[ 0 -1  0  2 -1  0 -1  2 -1],[ 1  0  1  2  0  1  0  1  1],[ 0 -1  0  0  1 -1  0  1  0],[-2 -2  0  0 -1 -2 -2  2 -3],[ 1  0 -1  1  0  0  0  1  0],[ 0 -1  1  2  0  0  0  1 -1],[ 1  0  0  2  0  0  0  2  0],[-2 -1 -1 -2 -1 -1 -2  0 -2],[ 1 -1  0  3  0  1  0  2  0]]","[[ 0  2  2  0  0 -1 -1 -1 -1],[-2  0  2  0 -2 -1 -2 -2 -3],[-2 -2  0 -1 -1 -1 -1 -2 -2],[ 0  0  1  0 -1  1 -1  0  0],[ 0  2  1  1  0  0 -1  0 -1],[ 1  1  1 -1  0  0  0  0  0],[ 1  2  1  1  1  0  0  0  1],[ 1  2  2  0  0  0  0  0  0],[ 1  3  2  0  1  0 -1  0  0]]",True,"[-2,-2,0,0,1,1,1,1,-2,0,2,1,2,2,3,1,1,1,1,2,2,1,-1,1,0,0,0,1,0,1,0,0,0,0,-1,0]","[-2,-2,0,0,1,1,1,1,-2,0,2,1,2,2,3,1,1,1,1,2,2,1,-1,1,0,0,0,1,0,1,0,0,0,0,-1,0]",t^8+44t^6+181t^4+142t^2+4,"[-1,-1,-1,-1,0,0,2,2,-1,0,0,0,0,1,2,0,0,0,1,0,1,0,1,1,1,1,1,2,2,2,-1,0,1,2,1,-2]","[-2,-2,0,0,1,1,1,1,-2,1,1,1,1,2,2,0,2,0,1,1,2,1,0,1,0,1,1,1,0,2,0,-1,0,0,0,0]","[-1,-1,-1,-1,0,0,2,2,-1,0,0,0,1,2,3,0,0,1,1,1,2,0,-1,0,1,1,0,0,2,2,-1,1,0,1,2,-2]",c,"[[{8, 1}, {2, 7}, {3, 6}, {4, 5}], [{8, 1}, {2, 7}, {4, 6}, {3, 5}], [{8, 1}, {2, 7}, {5, 6}, {3, 4}], [{8, 1}, {2, 7}, {5, 6}, {4}, {3}], [{8, 1}, {3, 7}, {2, 6}, {4, 5}], [{8, 1}, {3, 7}, {4, 6}, {2, 5}], [{8, 1}, {3, 7}, {5, 6}, {2, 4}], [{8, 1}, {4, 7}, {2, 6}, {3, 5}], [{8, 1}, {4, 7}, {3, 6}, {2, 5}], [{8, 1}, {4, 7}, {5, 6}, {2, 3}], [{8, 1}, {5, 7}, {2, 6}, {3, 4}], [{8, 1}, {5, 7}, {2, 6}, {4}, {3}], [{8, 1}, {5, 7}, {3, 6}, {2, 4}], [{8, 1}, {5, 7}, {3, 6}, {4}, {2}], [{8, 1}, {5, 7}, {4, 6}, {2, 3}], [{8, 1}, {5, 7}, {4, 6}, {3}, {2}], [{8, 1}, {5, 7}, {6}, {2, 4}, {3}], [{8, 1}, {5, 7}, {6}, {3, 4}, {2}], [{8, 1}, {5, 7}, {6}, {4}, {2, 3}], [{8, 1}, {5, 7}, {6}, {4}, {3}, {2}], [{8, 1}, {6, 7}, {2, 5}, {3, 4}], [{8, 1}, {6, 7}, {2, 5}, {4}, {3}], [{8, 1}, {6, 7}, {3, 5}, {2, 4}], [{8, 1}, {6, 7}, {4, 5}, {2, 3}], [{8, 2}, {1, 7}, {3, 6}, {4, 5}], [{8, 2}, {1, 7}, {4, 6}, {3, 5}], [{8, 2}, {1, 7}, {4, 6}, {5}, {3}], [{8, 2}, {1, 7}, {5, 6}, {3, 4}], [{8, 2}, {3, 7}, {1, 6}, {4, 5}], [{8, 2}, {3, 7}, {4, 6}, {1, 5}], [{8, 2}, {3, 7}, {5, 6}, {1, 4}], [{8, 2}, {4, 7}, {1, 6}, {3, 5}], [{8, 2}, {4, 7}, {3, 6}, {1, 5}], [{8, 2}, {4, 7}, {5, 6}, {1, 3}], [{8, 2}, {5, 7}, {1, 6}, {3, 4}], [{8, 2}, {5, 7}, {1, 6}, {4}, {3}], [{8, 2}, {5, 7}, {3, 6}, {1, 4}], [{8, 2}, {5, 7}, {4, 6}, {1, 3}], [{8, 2}, {5, 7}, {4, 6}, {3}, {1}], [{8, 2}, {5, 7}, {6}, {1, 4}, {3}], [{8, 2}, {6, 7}, {1, 5}, {3, 4}], [{8, 2}, {6, 7}, {3, 5}, {1, 4}], [{8, 2}, {6, 7}, {3, 5}, {4}, {1}], [{8, 2}, {6, 7}, {4, 5}, {1, 3}], [{8, 2}, {6, 7}, {4, 5}, {3}, {1}], [{8, 2}, {6, 7}, {5}, {3, 4}, {1}], [{8, 2}, {7}, {3, 6}, {1, 5}, {4}], [{8, 2}, {7}, {4, 6}, {1, 5}, {3}], [{8, 2}, {7}, {6}, {1, 5}, {3, 4}], [{8, 3}, {1, 7}, {2, 6}, {4, 5}], [{8, 3}, {1, 7}, {4, 6}, {2, 5}], [{8, 3}, {1, 7}, {5, 6}, {2, 4}], [{8, 3}, {1, 7}, {6}, {4, 5}, {2}], [{8, 3}, {2, 7}, {1, 6}, {4, 5}], [{8, 3}, {2, 7}, {1, 6}, {5}, {4}], [{8, 3}, {2, 7}, {4, 6}, {1, 5}], [{8, 3}, {2, 7}, {4, 6}, {5}, {1}], [{8, 3}, {2, 7}, {5, 6}, {1, 4}], [{8, 3}, {2, 7}, {6}, {5}, {1, 4}], [{8, 3}, {4, 7}, {1, 6}, {2, 5}], [{8, 3}, {4, 7}, {2, 6}, {1, 5}], [{8, 3}, {4, 7}, {5, 6}, {1, 2}], [{8, 3}, {4, 7}, {5, 6}, {2}, {1}], [{8, 3}, {4, 7}, {6}, {5}, {1, 2}], [{8, 3}, {5, 7}, {1, 6}, {2, 4}], [{8, 3}, {5, 7}, {2, 6}, {1, 4}], [{8, 3}, {5, 7}, {2, 6}, {4}, {1}], [{8, 3}, {5, 7}, {4, 6}, {1, 2}], [{8, 3}, {5, 7}, {6}, {1, 4}, {2}], [{8, 3}, {6, 7}, {1, 5}, {2, 4}], [{8, 3}, {6, 7}, {2, 5}, {1, 4}], [{8, 3}, {6, 7}, {2, 5}, {4}, {1}], [{8, 3}, {6, 7}, {4, 5}, {1, 2}], [{8, 3}, {6, 7}, {4, 5}, {2}, {1}], [{8, 3}, {6, 7}, {5}, {2, 4}, {1}], [{8, 3}, {7}, {1, 6}, {4, 5}, {2}], [{8, 3}, {7}, {6}, {2, 5}, {1, 4}], [{8, 4}, {1, 7}, {2, 6}, {3, 5}], [{8, 4}, {1, 7}, {3, 6}, {2, 5}], [{8, 4}, {1, 7}, {3, 6}, {5}, {2}], [{8, 4}, {1, 7}, {5, 6}, {2, 3}], [{8, 4}, {1, 7}, {5, 6}, {3}, {2}], [{8, 4}, {1, 7}, {6}, {3, 5}, {2}], [{8, 4}, {2, 7}, {1, 6}, {3, 5}], [{8, 4}, {2, 7}, {3, 6}, {1, 5}], [{8, 4}, {2, 7}, {5, 6}, {1, 3}], [{8, 4}, {2, 7}, {5, 6}, {3}, {1}], [{8, 4}, {3, 7}, {1, 6}, {2, 5}], [{8, 4}, {3, 7}, {1, 6}, {5}, {2}], [{8, 4}, {3, 7}, {2, 6}, {1, 5}], [{8, 4}, {3, 7}, {5, 6}, {1, 2}], [{8, 4}, {3, 7}, {5, 6}, {2}, {1}], [{8, 4}, {3, 7}, {6}, {1, 5}, {2}], [{8, 4}, {5, 7}, {1, 6}, {2, 3}], [{8, 4}, {5, 7}, {1, 6}, {3}, {2}], [{8, 4}, {5, 7}, {2, 6}, {1, 3}], [{8, 4}, {5, 7}, {2, 6}, {3}, {1}], [{8, 4}, {5, 7}, {3, 6}, {1, 2}], [{8, 4}, {5, 7}, {3, 6}, {2}, {1}], [{8, 4}, {5, 7}, {6}, {1, 3}, {2}], [{8, 4}, {5, 7}, {6}, {2, 3}, {1}], [{8, 4}, {5, 7}, {6}, {3}, {1, 2}], [{8, 4}, {5, 7}, {6}, {3}, {2}, {1}], [{8, 4}, {6, 7}, {1, 5}, {2, 3}], [{8, 4}, {6, 7}, {1, 5}, {3}, {2}], [{8, 4}, {6, 7}, {2, 5}, {1, 3}], [{8, 4}, {6, 7}, {2, 5}, {3}, {1}], [{8, 4}, {6, 7}, {3, 5}, {1, 2}], [{8, 4}, {6, 7}, {3, 5}, {2}, {1}], [{8, 4}, {6, 7}, {5}, {1, 3}, {2}], [{8, 4}, {6, 7}, {5}, {2, 3}, {1}], [{8, 4}, {6, 7}, {5}, {3}, {1, 2}], [{8, 4}, {6, 7}, {5}, {3}, {2}, {1}], [{8, 4}, {7}, {1, 6}, {3, 5}, {2}], [{8, 4}, {7}, {3, 6}, {1, 5}, {2}], [{8, 4}, {7}, {5, 6}, {1, 3}, {2}], [{8, 4}, {7}, {5, 6}, {2, 3}, {1}], [{8, 4}, {7}, {5, 6}, {3}, {1, 2}], [{8, 4}, {7}, {5, 6}, {3}, {2}, {1}], [{8, 5}, {1, 7}, {2, 6}, {3, 4}], [{8, 5}, {1, 7}, {3, 6}, {2, 4}], [{8, 5}, {1, 7}, {3, 6}, {4}, {2}], [{8, 5}, {1, 7}, {4, 6}, {2, 3}], [{8, 5}, {1, 7}, {4, 6}, {3}, {2}], [{8, 5}, {1, 7}, {6}, {3, 4}, {2}], [{8, 5}, {2, 7}, {1, 6}, {3, 4}], [{8, 5}, {2, 7}, {3, 6}, {1, 4}], [{8, 5}, {2, 7}, {4, 6}, {1, 3}], [{8, 5}, {2, 7}, {6}, {1, 4}, {3}], [{8, 5}, {2, 7}, {6}, {3, 4}, {1}], [{8, 5}, {2, 7}, {6}, {4}, {1, 3}], [{8, 5}, {3, 7}, {1, 6}, {2, 4}], [{8, 5}, {3, 7}, {2, 6}, {1, 4}], [{8, 5}, {3, 7}, {4, 6}, {1, 2}], [{8, 5}, {4, 7}, {1, 6}, {2, 3}], [{8, 5}, {4, 7}, {2, 6}, {1, 3}], [{8, 5}, {4, 7}, {3, 6}, {1, 2}], [{8, 5}, {6, 7}, {1, 4}, {2, 3}], [{8, 5}, {6, 7}, {2, 4}, {1, 3}], [{8, 5}, {6, 7}, {2, 4}, {3}, {1}], [{8, 5}, {6, 7}, {3, 4}, {1, 2}], [{8, 5}, {6, 7}, {3, 4}, {2}, {1}], [{8, 5}, {6, 7}, {4}, {2, 3}, {1}], [{8, 5}, {7}, {1, 6}, {3, 4}, {2}], [{8, 5}, {7}, {2, 6}, {3, 4}, {1}], [{8, 5}, {7}, {6}, {3, 4}, {1, 2}], [{8, 6}, {1, 7}, {2, 5}, {3, 4}], [{8, 6}, {1, 7}, {3, 5}, {2, 4}], [{8, 6}, {1, 7}, {4, 5}, {2, 3}], [{8, 6}, {1, 7}, {4, 5}, {3}, {2}], [{8, 6}, {2, 7}, {1, 5}, {3, 4}], [{8, 6}, {2, 7}, {1, 5}, {4}, {3}], [{8, 6}, {2, 7}, {3, 5}, {1, 4}], [{8, 6}, {2, 7}, {4, 5}, {1, 3}], [{8, 6}, {2, 7}, {4, 5}, {3}, {1}], [{8, 6}, {2, 7}, {5}, {1, 4}, {3}], [{8, 6}, {3, 7}, {1, 5}, {2, 4}], [{8, 6}, {3, 7}, {2, 5}, {1, 4}], [{8, 6}, {3, 7}, {4, 5}, {1, 2}], [{8, 6}, {4, 7}, {1, 5}, {2, 3}], [{8, 6}, {4, 7}, {2, 5}, {1, 3}], [{8, 6}, {4, 7}, {3, 5}, {1, 2}], [{8, 6}, {4, 7}, {5}, {3}, {1, 2}], [{8, 6}, {5, 7}, {1, 4}, {2, 3}], [{8, 6}, {5, 7}, {1, 4}, {3}, {2}], [{8, 6}, {5, 7}, {2, 4}, {1, 3}], [{8, 6}, {5, 7}, {2, 4}, {3}, {1}], [{8, 6}, {5, 7}, {3, 4}, {1, 2}], [{8, 6}, {5, 7}, {4}, {3}, {1, 2}], [{8, 6}, {7}, {2, 5}, {1, 4}, {3}], [{8, 6}, {7}, {2, 5}, {3, 4}, {1}], [{8, 6}, {7}, {2, 5}, {4}, {1, 3}], [{8, 6}, {7}, {4, 5}, {3}, {1, 2}], [{8, 7}, {1, 6}, {2, 5}, {3, 4}], [{8, 7}, {1, 6}, {3, 5}, {2, 4}], [{8, 7}, {1, 6}, {4, 5}, {2, 3}], [{8, 7}, {2, 6}, {1, 5}, {3, 4}], [{8, 7}, {2, 6}, {3, 5}, {1, 4}], [{8, 7}, {2, 6}, {4, 5}, {1, 3}], [{8, 7}, {2, 6}, {5}, {3, 4}, {1}], [{8, 7}, {3, 6}, {1, 5}, {2, 4}], [{8, 7}, {3, 6}, {2, 5}, {1, 4}], [{8, 7}, {3, 6}, {4, 5}, {1, 2}], [{8, 7}, {4, 6}, {1, 5}, {2, 3}], [{8, 7}, {4, 6}, {2, 5}, {1, 3}], [{8, 7}, {4, 6}, {3, 5}, {1, 2}], [{8, 7}, {5, 6}, {1, 4}, {2, 3}], [{8, 7}, {5, 6}, {2, 4}, {1, 3}], [{8, 7}, {5, 6}, {3, 4}, {1, 2}], [{8, 7}, {5, 6}, {3, 4}, {2}, {1}], [{8, 7}, {6}, {2, 5}, {1, 4}, {3}], [{8, 7}, {6}, {2, 5}, {3, 4}, {1}], [{8, 7}, {6}, {2, 5}, {4}, {1, 3}], [{8, 7}, {6}, {3, 5}, {4}, {1, 2}], [{8}, {1, 7}, {3, 6}, {4, 5}, {2}], [{8}, {1, 7}, {4, 6}, {2, 5}, {3}], [{8}, {2, 7}, {3, 6}, {5}, {1, 4}], [{8}, {2, 7}, {5, 6}, {1, 4}, {3}], [{8}, {2, 7}, {6}, {3, 5}, {1, 4}], [{8}, {2, 7}, {6}, {5}, {1, 4}, {3}], [{8}, {3, 7}, {6}, {2, 5}, {1, 4}], [{8}, {3, 7}, {6}, {4, 5}, {1, 2}], [{8}, {4, 7}, {1, 6}, {2, 5}, {3}], [{8}, {4, 7}, {3, 6}, {5}, {1, 2}], [{8}, {4, 7}, {6}, {1, 5}, {2, 3}], [{8}, {5, 7}, {1, 6}, {2, 4}, {3}], [{8}, {5, 7}, {2, 6}, {1, 4}, {3}], [{8}, {5, 7}, {2, 6}, {3, 4}, {1}], [{8}, {5, 7}, {2, 6}, {4}, {1, 3}], [{8}, {5, 7}, {2, 6}, {4}, {3}, {1}], [{8}, {5, 7}, {3, 6}, {1, 4}, {2}], [{8}, {5, 7}, {4, 6}, {3}, {1, 2}], [{8}, {5, 7}, {6}, {1, 4}, {2, 3}], [{8}, {5, 7}, {6}, {1, 4}, {3}, {2}], [{8}, {6, 7}, {2, 5}, {1, 4}, {3}], [{8}, {6, 7}, {2, 5}, {3, 4}, {1}], [{8}, {6, 7}, {2, 5}, {4}, {1, 3}], [{8}, {6, 7}, {2, 5}, {4}, {3}, {1}], [{8}, {6, 7}, {3, 5}, {2, 4}, {1}], [{8}, {6, 7}, {4, 5}, {2, 3}, {1}], [{8}, {7}, {3, 6}, {1, 5}, {2, 4}], [{8}, {7}, {3, 6}, {2, 5}, {1, 4}], [{8}, {7}, {6}, {2, 5}, {1, 4}, {3}]]",2,8 K_1^3 - 24 K_1^2 - 16 K_1 K_2 + 2 K_1 + 12 K_2 + 6 K_3 + 13,O1O2O3U1O4U5U4U6O5O7U3O8U2U8O6U7,O1O2O3U2O4U5U6U4O7U1O8O6U8O5U7U3,O1O2O3U1U4O5U6O7O6U3O4U8U7U5O8U2,c,{'O1O2O3U4O5U6U2O6U1O4O7U5U8U7O8U3'},1,"<a href=""/flatknot/8.1101592"">8.1101592</a>",t^9-40t^7-98t^6+43t^5+206t^4-51t^3-168t^2+51t+44,-2t^2+4t,,
8.1101593,O1O2O3U4O5U6U2O6U7O4O7U1U8U3O8U5,4,13z^2+98z+145,13w^3z^2+98w^2z+145w,False,False,"[[ 0 -2  0  2 -1  2 -1  1 -1],[ 2  0  2  2  0  2  1  3  1],[ 0 -2  0 -1  1  0  0  1 -1],[-2 -2  1  0 -3 -1 -2 -1 -2],[ 1  0 -1  3  0  3  0  1  0],[-2 -2  0  1 -3  0 -2 -2 -2],[ 1 -1  0  2  0  2  0  2  0],[-1 -3 -1  1 -1  2 -2  0 -2],[ 1 -1  1  2  0  2  0  2  0]]","[[ 0  2  2  1  0 -1 -1 -1 -2],[-2  0  1 -2  0 -2 -2 -3 -2],[-2 -1  0 -1  1 -2 -2 -3 -2],[-1  2  1  0 -1 -2 -2 -1 -3],[ 0  0 -1  1  0  0 -1  1 -2],[ 1  2  2  2  0  0  0  0 -1],[ 1  2  2  2  1  0  0  0 -1],[ 1  3  3  1 -1  0  0  0  0],[ 2  2  2  3  2  1  1  0  0]]",True,"[-2,-2,-1,0,1,1,1,2,-1,2,0,2,2,3,2,1,-1,2,2,3,2,1,2,2,1,3,0,1,-1,2,0,0,1,0,1,0]","[-2,-2,-1,0,1,1,1,2,-1,0,3,0,1,1,2,-1,2,0,1,1,2,0,1,0,0,0,2,0,1,0,0,0,1,0,0,0]",t^8+76t^6+769t^4+268t^2+16,"[-2,-1,-1,-1,0,1,2,2,0,0,1,0,0,2,2,0,0,0,0,1,1,0,1,0,1,1,2,1,0,0,0,2,3,-1,0,-1]","[-2,-2,-1,0,1,1,1,2,-1,0,3,0,1,1,2,-1,2,0,1,1,2,0,1,0,0,0,2,0,1,0,0,0,1,0,0,0]","[-2,-1,-1,-1,0,1,2,2,0,1,1,2,3,2,2,0,0,-1,1,3,3,0,0,2,2,2,1,2,2,2,1,-1,0,1,2,-1]",c,"[[{8, 1}, {2, 7}, {3, 6}, {4, 5}], [{8, 1}, {2, 7}, {4, 6}, {3, 5}], [{8, 1}, {2, 7}, {5, 6}, {3, 4}], [{8, 1}, {2, 7}, {6}, {5}, {3, 4}], [{8, 1}, {3, 7}, {2, 6}, {4, 5}], [{8, 1}, {3, 7}, {4, 6}, {2, 5}], [{8, 1}, {3, 7}, {4, 6}, {5}, {2}], [{8, 1}, {3, 7}, {5, 6}, {2, 4}], [{8, 1}, {4, 7}, {2, 6}, {3, 5}], [{8, 1}, {4, 7}, {3, 6}, {2, 5}], [{8, 1}, {4, 7}, {5, 6}, {2, 3}], [{8, 1}, {4, 7}, {6}, {2, 5}, {3}], [{8, 1}, {5, 7}, {2, 6}, {3, 4}], [{8, 1}, {5, 7}, {3, 6}, {2, 4}], [{8, 1}, {5, 7}, {4, 6}, {2, 3}], [{8, 1}, {5, 7}, {6}, {2, 4}, {3}], [{8, 1}, {6, 7}, {2, 5}, {3, 4}], [{8, 1}, {6, 7}, {2, 5}, {4}, {3}], [{8, 1}, {6, 7}, {3, 5}, {2, 4}], [{8, 1}, {6, 7}, {4, 5}, {2, 3}], [{8, 1}, {7}, {4, 6}, {2, 5}, {3}], [{8, 1}, {7}, {5, 6}, {4}, {2, 3}], [{8, 2}, {1, 7}, {3, 6}, {4, 5}], [{8, 2}, {1, 7}, {4, 6}, {3, 5}], [{8, 2}, {1, 7}, {5, 6}, {3, 4}], [{8, 2}, {1, 7}, {5, 6}, {4}, {3}], [{8, 2}, {1, 7}, {6}, {5}, {3, 4}], [{8, 2}, {3, 7}, {1, 6}, {4, 5}], [{8, 2}, {3, 7}, {1, 6}, {5}, {4}], [{8, 2}, {3, 7}, {4, 6}, {1, 5}], [{8, 2}, {3, 7}, {5, 6}, {1, 4}], [{8, 2}, {4, 7}, {1, 6}, {3, 5}], [{8, 2}, {4, 7}, {3, 6}, {1, 5}], [{8, 2}, {4, 7}, {5, 6}, {1, 3}], [{8, 2}, {4, 7}, {6}, {1, 5}, {3}], [{8, 2}, {5, 7}, {1, 6}, {3, 4}], [{8, 2}, {5, 7}, {3, 6}, {1, 4}], [{8, 2}, {5, 7}, {3, 6}, {4}, {1}], [{8, 2}, {5, 7}, {4, 6}, {1, 3}], [{8, 2}, {6, 7}, {1, 5}, {3, 4}], [{8, 2}, {6, 7}, {3, 5}, {1, 4}], [{8, 2}, {6, 7}, {4, 5}, {1, 3}], [{8, 2}, {7}, {1, 6}, {4, 5}, {3}], [{8, 2}, {7}, {4, 6}, {5}, {1, 3}], [{8, 2}, {7}, {6}, {3, 5}, {1, 4}], [{8, 3}, {1, 7}, {2, 6}, {4, 5}], [{8, 3}, {1, 7}, {2, 6}, {5}, {4}], [{8, 3}, {1, 7}, {4, 6}, {2, 5}], [{8, 3}, {1, 7}, {4, 6}, {5}, {2}], [{8, 3}, {1, 7}, {5, 6}, {2, 4}], [{8, 3}, {1, 7}, {6}, {5}, {2, 4}], [{8, 3}, {2, 7}, {1, 6}, {4, 5}], [{8, 3}, {2, 7}, {4, 6}, {1, 5}], [{8, 3}, {2, 7}, {5, 6}, {1, 4}], [{8, 3}, {4, 7}, {1, 6}, {2, 5}], [{8, 3}, {4, 7}, {2, 6}, {1, 5}], [{8, 3}, {4, 7}, {5, 6}, {1, 2}], [{8, 3}, {5, 7}, {1, 6}, {2, 4}], [{8, 3}, {5, 7}, {2, 6}, {1, 4}], [{8, 3}, {5, 7}, {4, 6}, {1, 2}], [{8, 3}, {5, 7}, {6}, {2, 4}, {1}], [{8, 3}, {6, 7}, {1, 5}, {2, 4}], [{8, 3}, {6, 7}, {2, 5}, {1, 4}], [{8, 3}, {6, 7}, {4, 5}, {1, 2}], [{8, 3}, {6, 7}, {5}, {2, 4}, {1}], [{8, 3}, {7}, {1, 6}, {5}, {2, 4}], [{8, 3}, {7}, {4, 6}, {2, 5}, {1}], [{8, 3}, {7}, {5, 6}, {2, 4}, {1}], [{8, 3}, {7}, {6}, {1, 5}, {2, 4}], [{8, 3}, {7}, {6}, {4, 5}, {1, 2}], [{8, 4}, {1, 7}, {2, 6}, {3, 5}], [{8, 4}, {1, 7}, {3, 6}, {2, 5}], [{8, 4}, {1, 7}, {5, 6}, {2, 3}], [{8, 4}, {1, 7}, {5, 6}, {3}, {2}], [{8, 4}, {1, 7}, {6}, {5}, {2, 3}], [{8, 4}, {2, 7}, {1, 6}, {3, 5}], [{8, 4}, {2, 7}, {3, 6}, {1, 5}], [{8, 4}, {2, 7}, {5, 6}, {1, 3}], [{8, 4}, {3, 7}, {1, 6}, {2, 5}], [{8, 4}, {3, 7}, {2, 6}, {1, 5}], [{8, 4}, {3, 7}, {5, 6}, {1, 2}], [{8, 4}, {3, 7}, {6}, {1, 5}, {2}], [{8, 4}, {5, 7}, {1, 6}, {2, 3}], [{8, 4}, {5, 7}, {2, 6}, {1, 3}], [{8, 4}, {5, 7}, {3, 6}, {1, 2}], [{8, 4}, {5, 7}, {3, 6}, {2}, {1}], [{8, 4}, {6, 7}, {1, 5}, {2, 3}], [{8, 4}, {6, 7}, {2, 5}, {1, 3}], [{8, 4}, {6, 7}, {2, 5}, {3}, {1}], [{8, 4}, {6, 7}, {3, 5}, {1, 2}], [{8, 4}, {6, 7}, {5}, {1, 3}, {2}], [{8, 4}, {7}, {1, 6}, {3, 5}, {2}], [{8, 4}, {7}, {2, 6}, {3, 5}, {1}], [{8, 4}, {7}, {6}, {3, 5}, {1, 2}], [{8, 5}, {1, 7}, {2, 6}, {3, 4}], [{8, 5}, {1, 7}, {3, 6}, {2, 4}], [{8, 5}, {1, 7}, {4, 6}, {2, 3}], [{8, 5}, {1, 7}, {6}, {4}, {2, 3}], [{8, 5}, {2, 7}, {1, 6}, {3, 4}], [{8, 5}, {2, 7}, {3, 6}, {1, 4}], [{8, 5}, {2, 7}, {4, 6}, {1, 3}], [{8, 5}, {2, 7}, {6}, {4}, {1, 3}], [{8, 5}, {3, 7}, {1, 6}, {2, 4}], [{8, 5}, {3, 7}, {2, 6}, {1, 4}], [{8, 5}, {3, 7}, {4, 6}, {1, 2}], [{8, 5}, {3, 7}, {6}, {4}, {1, 2}], [{8, 5}, {4, 7}, {1, 6}, {2, 3}], [{8, 5}, {4, 7}, {1, 6}, {3}, {2}], [{8, 5}, {4, 7}, {2, 6}, {1, 3}], [{8, 5}, {4, 7}, {2, 6}, {3}, {1}], [{8, 5}, {4, 7}, {3, 6}, {1, 2}], [{8, 5}, {4, 7}, {3, 6}, {2}, {1}], [{8, 5}, {4, 7}, {6}, {1, 3}, {2}], [{8, 5}, {4, 7}, {6}, {2, 3}, {1}], [{8, 5}, {4, 7}, {6}, {3}, {1, 2}], [{8, 5}, {6, 7}, {1, 4}, {2, 3}], [{8, 5}, {6, 7}, {2, 4}, {1, 3}], [{8, 5}, {6, 7}, {3, 4}, {1, 2}], [{8, 5}, {6, 7}, {4}, {1, 3}, {2}], [{8, 5}, {6, 7}, {4}, {2, 3}, {1}], [{8, 5}, {6, 7}, {4}, {3}, {1, 2}], [{8, 5}, {7}, {1, 6}, {4}, {2, 3}], [{8, 5}, {7}, {2, 6}, {4}, {1, 3}], [{8, 5}, {7}, {3, 6}, {4}, {1, 2}], [{8, 5}, {7}, {4, 6}, {1, 3}, {2}], [{8, 5}, {7}, {4, 6}, {2, 3}, {1}], [{8, 5}, {7}, {4, 6}, {3}, {1, 2}], [{8, 5}, {7}, {6}, {1, 4}, {2, 3}], [{8, 5}, {7}, {6}, {2, 4}, {1, 3}], [{8, 5}, {7}, {6}, {3, 4}, {1, 2}], [{8, 5}, {7}, {6}, {4}, {1, 3}, {2}], [{8, 5}, {7}, {6}, {4}, {2, 3}, {1}], [{8, 5}, {7}, {6}, {4}, {3}, {1, 2}], [{8, 6}, {1, 7}, {2, 5}, {3, 4}], [{8, 6}, {1, 7}, {2, 5}, {4}, {3}], [{8, 6}, {1, 7}, {3, 5}, {2, 4}], [{8, 6}, {1, 7}, {4, 5}, {2, 3}], [{8, 6}, {2, 7}, {1, 5}, {3, 4}], [{8, 6}, {2, 7}, {3, 5}, {1, 4}], [{8, 6}, {2, 7}, {4, 5}, {1, 3}], [{8, 6}, {3, 7}, {1, 5}, {2, 4}], [{8, 6}, {3, 7}, {2, 5}, {1, 4}], [{8, 6}, {3, 7}, {4, 5}, {1, 2}], [{8, 6}, {3, 7}, {5}, {2, 4}, {1}], [{8, 6}, {4, 7}, {1, 5}, {2, 3}], [{8, 6}, {4, 7}, {2, 5}, {1, 3}], [{8, 6}, {4, 7}, {3, 5}, {1, 2}], [{8, 6}, {4, 7}, {5}, {1, 3}, {2}], [{8, 6}, {5, 7}, {1, 4}, {2, 3}], [{8, 6}, {5, 7}, {2, 4}, {1, 3}], [{8, 6}, {5, 7}, {2, 4}, {3}, {1}], [{8, 6}, {5, 7}, {3, 4}, {1, 2}], [{8, 6}, {7}, {1, 5}, {4}, {2, 3}], [{8, 6}, {7}, {3, 5}, {2, 4}, {1}], [{8, 6}, {7}, {5}, {3, 4}, {1, 2}], [{8, 7}, {1, 6}, {2, 5}, {3, 4}], [{8, 7}, {1, 6}, {3, 5}, {2, 4}], [{8, 7}, {1, 6}, {4, 5}, {2, 3}], [{8, 7}, {1, 6}, {5}, {3, 4}, {2}], [{8, 7}, {2, 6}, {1, 5}, {3, 4}], [{8, 7}, {2, 6}, {3, 5}, {1, 4}], [{8, 7}, {2, 6}, {4, 5}, {1, 3}], [{8, 7}, {2, 6}, {5}, {3, 4}, {1}], [{8, 7}, {3, 6}, {1, 5}, {2, 4}], [{8, 7}, {3, 6}, {1, 5}, {4}, {2}], [{8, 7}, {3, 6}, {2, 5}, {1, 4}], [{8, 7}, {3, 6}, {4, 5}, {1, 2}], [{8, 7}, {4, 6}, {1, 5}, {2, 3}], [{8, 7}, {4, 6}, {1, 5}, {3}, {2}], [{8, 7}, {4, 6}, {2, 5}, {1, 3}], [{8, 7}, {4, 6}, {3, 5}, {1, 2}], [{8, 7}, {5, 6}, {1, 4}, {2, 3}], [{8, 7}, {5, 6}, {2, 4}, {1, 3}], [{8, 7}, {5, 6}, {3, 4}, {1, 2}], [{8, 7}, {5, 6}, {3, 4}, {2}, {1}], [{8, 7}, {6}, {1, 5}, {3, 4}, {2}], [{8, 7}, {6}, {2, 5}, {3, 4}, {1}], [{8, 7}, {6}, {5}, {1, 4}, {2, 3}], [{8, 7}, {6}, {5}, {2, 4}, {1, 3}], [{8, 7}, {6}, {5}, {3, 4}, {1, 2}], [{8, 7}, {6}, {5}, {3, 4}, {2}, {1}], [{8}, {1, 7}, {2, 6}, {4, 5}, {3}], [{8}, {1, 7}, {3, 6}, {4, 5}, {2}], [{8}, {1, 7}, {5, 6}, {2, 4}, {3}], [{8}, {1, 7}, {6}, {4, 5}, {2, 3}], [{8}, {2, 7}, {5, 6}, {1, 4}, {3}], [{8}, {3, 7}, {6}, {2, 5}, {1, 4}], [{8}, {4, 7}, {5, 6}, {1, 3}, {2}], [{8}, {5, 7}, {1, 6}, {2, 4}, {3}], [{8}, {5, 7}, {3, 6}, {2, 4}, {1}], [{8}, {5, 7}, {6}, {1, 4}, {2, 3}], [{8}, {5, 7}, {6}, {2, 4}, {1, 3}], [{8}, {5, 7}, {6}, {2, 4}, {3}, {1}], [{8}, {5, 7}, {6}, {3, 4}, {1, 2}], [{8}, {6, 7}, {1, 5}, {2, 4}, {3}], [{8}, {6, 7}, {2, 5}, {1, 4}, {3}], [{8}, {6, 7}, {4, 5}, {1, 3}, {2}], [{8}, {6, 7}, {5}, {3, 4}, {1, 2}], [{8}, {7}, {1, 6}, {2, 5}, {3, 4}], [{8}, {7}, {2, 6}, {1, 5}, {3, 4}], [{8}, {7}, {3, 6}, {2, 5}, {1, 4}], [{8}, {7}, {4, 6}, {2, 5}, {1, 3}], [{8}, {7}, {5, 6}, {3, 4}, {1, 2}], [{8}, {7}, {6}, {5}, {3, 4}, {1, 2}]]",2,8 K_1^3 - 30 K_1^2 - 16 K_1 K_2 + 2 K_1 + 15 K_2 + 6 K_3 + 16,O1O2O3U4O5U1U5U3O6O7U6O8U2U8O4U7,O1O2O3U2O4U1U5U3O6U4O7O5U7O8U6U8,O1O2O3U4U5O4U6O7O6U8O5U1U7U3O8U2,c,{'O1O2O3U4O5U6U2O6U7O4O7U1U8U3O8U5'},1,"<a href=""/flatknot/8.1101593"">8.1101593</a>",t^9-74t^7-234t^6+86t^5+600t^4-181t^3-334t^2+185t+60,-t^2+2t,,
8.1101594,O1O2O3U4O5U6U2O6U7O4O7U1U8U5O8U3,3,4z^2+69z+123,4w^3z^2+69w^2z+123w,False,False,"[[ 0 -2  0  2 -1  2 -1  1 -1],[ 2  0  2  3  0  1  1  3  1],[ 0 -2  0  0  1 -1  0  1 -1],[-2 -3  0  0 -2  0 -2 -1 -3],[ 1  0 -1  2  0  3  0  1  1],[-2 -1  1  0 -3  0 -2 -2 -2],[ 1 -1  0  2  0  2  0  2  0],[-1 -3 -1  1 -1  2 -2  0 -2],[ 1 -1  1  3 -1  2  0  2  0]]","[[ 0  2  2  1  0 -1 -1 -1 -2],[-2  0  0 -1  0 -2 -2 -3 -3],[-2  0  0 -2  1 -2 -3 -2 -1],[-1  1  2  0 -1 -2 -1 -2 -3],[ 0  0 -1  1  0  0  1 -1 -2],[ 1  2  2  2  0  0  0  0 -1],[ 1  2  3  1 -1  0  0  1  0],[ 1  3  2  2  1  0 -1  0 -1],[ 2  3  1  3  2  1  0  1  0]]",True,"[-2,-2,-1,0,1,1,1,2,0,1,0,2,2,3,3,2,-1,2,3,2,1,1,2,1,2,3,0,-1,1,2,0,0,1,-1,0,1]","[-2,-2,-1,0,1,1,1,2,0,-1,3,0,1,1,3,0,2,1,0,1,1,0,1,0,0,0,2,0,1,0,1,0,1,0,0,0]",t^8+78t^6+823t^4+96t^2,"[-2,-1,-1,-1,0,1,2,2,0,0,1,0,0,1,3,0,0,1,0,1,1,1,0,0,0,1,2,1,1,0,0,2,3,0,-1,0]","[-2,-2,-1,0,1,1,1,2,0,-1,3,0,1,1,3,0,2,1,0,1,1,0,1,0,0,0,2,0,1,0,1,0,1,0,0,0]","[-2,-1,-1,-1,0,1,2,2,0,1,1,2,3,1,3,0,1,-1,1,3,2,0,0,2,2,2,1,2,2,3,1,-1,0,2,1,0]",c,"[[{8, 2}, {4, 7}, {5, 6}, {1, 3}], [{8, 5}, {4, 7}, {2, 6}, {1, 3}], [{8, 6}, {4, 7}, {2, 5}, {1, 3}], [{8, 6}, {4, 7}, {2, 5}, {3}, {1}], [{8, 7}, {2, 6}, {4, 5}, {1, 3}], [{8, 7}, {4, 6}, {2, 5}, {1, 3}], [{8, 7}, {4, 6}, {2, 5}, {3}, {1}], [{8, 7}, {5, 6}, {2, 4}, {1, 3}]]",1,- 34 K_1^2 - 12 K_1 K_2 + 6 K_1 + 17 K_2 + 6 K_3 + 18,O1O2O3U1O4U5U4U3O6O7U6O8U2U8O5U7,O1O2O3U2O4U1U5U4O6U3O7O5U7O8U6U8,O1O2O3U4U5O4U6O7O6U1O5U8U7U3O8U2,c,{'O1O2O3U4O5U6U2O6U7O4O7U1U8U5O8U3'},1,"<a href=""/flatknot/8.1101594"">8.1101594</a>",t^9-76t^7-228t^6+230t^5+854t^4-292t^3-386t^2+564t-288,-t^2+2t,,
8.1101595,O1O2O3U4O5U6U2O6U7O4O7U3U8U1O8U5,4,16z^2+101z+139,16w^3z^2+101w^2z+139w,False,False,"[[ 0  0  0  0 -1  2 -1  1 -1],[ 0  0  1  1 -2  1 -1  1  0],[ 0 -1  0 -1  1  0  0  1  0],[ 0 -1  1  0 -1  0  0  1  0],[ 1  2 -1  1  0  3  0  1  0],[-2 -1  0  0 -3  0 -2 -2 -2],[ 1  1  0  0  0  2  0  2  0],[-1 -1 -1 -1 -1  2 -2  0 -2],[ 1  0  0  0  0  2  0  2  0]]","[[ 0  2  1  0  0  0 -1 -1 -1],[-2  0 -2  0  0 -1 -2 -2 -3],[-1  2  0 -1 -1 -1 -2 -2 -1],[ 0  0  1  0  1 -1  0  0 -1],[ 0  0  1 -1  0 -1  0  0  1],[ 0  1  1  1  1  0  0 -1 -2],[ 1  2  2  0  0  0  0  0  0],[ 1  2  2  0  0  1  0  0  0],[ 1  3  1  1 -1  2  0  0  0]]",True,"[-2,-1,0,0,0,1,1,1,2,0,0,1,2,2,3,1,1,1,2,2,1,-1,1,0,0,1,1,0,0,-1,0,1,2,0,0,0]","[-2,-1,0,0,0,1,1,1,-1,1,2,2,0,1,1,0,0,0,1,0,0,1,1,-1,0,1,-1,2,1,1,0,1,1,0,0,0]",t^8+44t^6+339t^4+96t^2,"[-1,-1,-1,0,0,0,1,2,0,0,-1,0,2,1,0,0,0,1,1,0,1,1,1,1,0,1,-1,-1,0,1,-1,0,2,0,2,-1]","[-2,-1,0,0,0,1,1,1,-1,1,2,2,0,1,1,0,0,0,1,0,0,1,1,-1,0,1,-1,2,1,1,0,1,1,0,0,0]","[-1,-1,-1,0,0,0,1,2,0,0,-1,1,2,1,3,0,0,0,0,2,2,0,0,1,2,2,-1,-1,1,0,-1,1,0,1,1,2]",c,"[[{8, 4}, {1, 7}, {3, 6}, {2, 5}], [{8, 4}, {1, 7}, {5, 6}, {2, 3}]]",1,- 18 K_1^2 - 4 K_1 K_2 + 2 K_1 + 9 K_2 + 2 K_3 + 10,O1O2O3U4O5U3U5U1O6O7U6O8U2U8O4U7,O1O2O3U2O4U3U5U1O6U4O7O5U7O8U6U8,O1O2O3U4U5O4U6O7O6U8O5U3U7U1O8U2,c,{'O1O2O3U4O5U6U2O6U7O4O7U3U8U1O8U5'},1,"<a href=""/flatknot/8.1101595"">8.1101595</a>",t^9-42t^7-86t^6+138t^5+312t^4-4t^3-76t^2+47t-10,-t^2+2t,,
8.1101596,O1O2O3U4O5U6U2O6U7O4O7U8U1U3O8U5,3,7z^2+56z+85,7w^3z^2+56w^2z+85w,False,False,"[[ 0 -1  0  2 -1  2 -1  1 -2],[ 1  0  2  2 -1  1  0  2  0],[ 0 -2  0 -1  1  0  0  1 -1],[-2 -2  1  0 -3 -1 -2 -1 -2],[ 1  1 -1  3  0  3  0  1 -1],[-2 -1  0  1 -3  0 -2 -2 -2],[ 1  0  0  2  0  2  0  2 -1],[-1 -2 -1  1 -1  2 -2  0 -3],[ 2  0  1  2  1  2  1  3  0]]","[[ 0  2  2  1  0 -1 -1 -1 -2],[-2  0  1 -2  0 -1 -2 -3 -2],[-2 -1  0 -1  1 -2 -2 -3 -2],[-1  2  1  0 -1 -2 -2 -1 -3],[ 0  0 -1  1  0 -2  0  1 -1],[ 1  1  2  2  2  0  0 -1  0],[ 1  2  2  2  0  0  0  0 -1],[ 1  3  3  1 -1  1  0  0 -1],[ 2  2  2  3  1  0  1  1  0]]",True,"[-2,-2,-1,0,1,1,1,2,-1,2,0,1,2,3,2,1,-1,2,2,3,2,1,2,2,1,3,2,0,-1,1,0,1,0,0,1,1]","[-2,-2,-1,0,1,1,1,2,-1,0,3,0,1,1,2,-1,2,0,1,2,2,0,1,0,0,0,2,1,-1,1,0,1,0,0,0,1]",t^8+74t^6+828t^4+159t^2,"[-2,-1,-1,-1,0,1,2,2,0,0,1,1,0,2,2,0,-1,2,1,0,0,0,1,0,1,1,-1,0,1,2,0,3,2,0,-1,1]","[-2,-2,-1,0,1,1,1,2,-1,0,3,0,1,1,2,-1,2,0,1,2,2,0,1,0,0,0,2,1,-1,1,0,1,0,0,0,1]","[-2,-1,-1,-1,0,1,2,2,0,1,1,1,3,2,2,-1,0,2,2,1,2,0,-1,1,3,3,0,2,2,2,1,0,-1,2,1,1]",c,"[[{8, 2}, {1, 7}, {5, 6}, {3, 4}], [{8, 2}, {4, 7}, {5, 6}, {1, 3}], [{8, 3}, {1, 7}, {2, 6}, {4, 5}], [{8, 3}, {1, 7}, {4, 6}, {2, 5}], [{8, 3}, {1, 7}, {5, 6}, {2, 4}], [{8, 3}, {4, 7}, {1, 6}, {2, 5}], [{8, 3}, {4, 7}, {2, 6}, {1, 5}], [{8, 3}, {4, 7}, {5, 6}, {1, 2}], [{8, 7}, {5, 6}, {2, 4}, {1, 3}], [{8, 7}, {5, 6}, {3, 4}, {1, 2}]]",1,- 14 K_1^2 - 4 K_1 K_2 + 2 K_1 + 7 K_2 + 2 K_3 + 8,O1O2O3U4O5U1U3U5O6O7U6O8U2U8O4U7,O1O2O3U1O4U2U5U3O6U4O7O5U7O8U6U8,O1O2O3U4U5O4U6O7O6U8O5U1U7U2O8U3,c,{'O1O2O3U4O5U6U2O6U7O4O7U8U1U3O8U5'},1,"<a href=""/flatknot/8.1101596"">8.1101596</a>",t^9-72t^7-248t^6+71t^5+838t^4+345t^3-248t^2+228t+192,-t^2+2t,,
8.1101597,O1O2O3U4O5U6U2O6U7O4O7U8U1U5O8U3,4,17z^2+102z+137,17w^3z^2+102w^2z+137w,False,False,"[[ 0 -1  0  2 -1  2 -1  1 -2],[ 1  0  2  2 -1  1  0  2  0],[ 0 -2  0  0  1 -1  0  1 -1],[-2 -2  0  0 -2  0 -2 -1 -3],[ 1  1 -1  2  0  3  0  1  0],[-2 -1  1  0 -3  0 -2 -2 -2],[ 1  0  0  2  0  2  0  2 -1],[-1 -2 -1  1 -1  2 -2  0 -3],[ 2  0  1  3  0  2  1  3  0]]","[[ 0  2  2  1  0 -1 -1 -1 -2],[-2  0  0 -1  0 -2 -2 -2 -3],[-2  0  0 -2  1 -1 -2 -3 -2],[-1  1  2  0 -1 -2 -2 -1 -3],[ 0  0 -1  1  0 -2  0  1 -1],[ 1  2  1  2  2  0  0 -1  0],[ 1  2  2  2  0  0  0  0 -1],[ 1  2  3  1 -1  1  0  0  0],[ 2  3  2  3  1  0  1  0  0]]",True,"[-2,-2,-1,0,1,1,1,2,0,1,0,2,2,2,3,2,-1,1,2,3,2,1,2,2,1,3,2,0,-1,1,0,1,0,0,1,0]","[-2,-2,-1,0,1,1,1,2,0,-1,3,0,1,2,2,0,2,1,1,1,1,0,1,0,0,0,2,1,-1,1,0,1,1,0,0,1]",t^8+72t^6+745t^4+207t^2+4,"[-2,-1,-1,-1,0,1,2,2,0,1,1,1,0,1,2,0,0,1,0,1,1,-1,2,1,1,0,-1,0,1,2,0,2,3,0,-1,0]","[-2,-2,-1,0,1,1,1,2,0,-1,3,0,1,2,2,0,2,1,1,1,1,0,1,0,0,0,2,1,-1,1,0,1,1,0,0,1]","[-2,-1,-1,-1,0,1,2,2,0,0,1,1,3,2,3,-1,0,2,2,1,2,0,-1,1,3,2,0,2,2,2,1,-1,0,2,1,0]",c,"[[{8, 2}, {1, 7}, {5, 6}, {3, 4}], [{8, 3}, {1, 7}, {2, 6}, {4, 5}], [{8, 3}, {1, 7}, {4, 6}, {2, 5}], [{8, 3}, {1, 7}, {5, 6}, {2, 4}], [{8, 3}, {4, 7}, {1, 6}, {2, 5}], [{8, 3}, {4, 7}, {2, 6}, {1, 5}], [{8, 3}, {4, 7}, {5, 6}, {1, 2}], [{8, 7}, {5, 6}, {2, 4}, {1, 3}]]",1,- 14 K_1^2 - 4 K_1 K_2 + 2 K_1 + 7 K_2 + 2 K_3 + 8,O1O2O3U1O4U5U3U4O6O7U6O8U2U8O5U7,O1O2O3U1O4U2U5U4O6U3O7O5U7O8U6U8,O1O2O3U4U5O4U6O7O6U1O5U8U7U2O8U3,c,{'O1O2O3U4O5U6U2O6U7O4O7U8U1U5O8U3'},1,"<a href=""/flatknot/8.1101597"">8.1101597</a>",t^9-70t^7-180t^6+256t^5+686t^4-83t^3-134t^2+124t-150,-t^2+2t,,
8.1101598,O1O2O3U4O5U6U2O6U7O4O7U8U3U1O8U5,3,14z^2+75z+95,14w^3z^2+75w^2z+95w,False,False,"[[ 0  0  0  1 -1  2 -1  1 -2],[ 0  0  1  1 -2  1 -1  1 -1],[ 0 -1  0 -1  1  0  0  1 -1],[-1 -1  1  0 -2 -1 -1  0 -1],[ 1  2 -1  2  0  3  0  1 -1],[-2 -1  0  1 -3  0 -2 -2 -2],[ 1  1  0  1  0  2  0  2 -1],[-1 -1 -1  0 -1  2 -2  0 -3],[ 2  1  1  1  1  2  1  3  0]]","[[ 0  2  1  1  0  0 -1 -1 -2],[-2  0  1 -2  0 -1 -2 -3 -2],[-1 -1  0  0  1 -1 -1 -2 -1],[-1  2  0  0 -1 -1 -2 -1 -3],[ 0  0 -1  1  0 -1  0  1 -1],[ 0  1  1  1  1  0 -1 -2 -1],[ 1  2  1  2  0  1  0  0 -1],[ 1  3  2  1 -1  2  0  0 -1],[ 2  2  1  3  1  1  1  1  0]]",True,"[-2,-1,-1,0,0,1,1,2,-1,2,0,1,2,3,2,0,-1,1,1,2,1,1,1,2,1,3,1,0,-1,1,1,2,1,0,1,1]","[-2,-1,-1,0,0,1,1,2,-1,2,0,1,2,3,2,0,-1,1,1,2,1,1,1,2,1,3,1,0,-1,1,1,2,1,0,1,1]",t^8+58t^6+499t^4+157t^2,"[-2,-1,-1,0,0,1,1,2,0,0,1,1,0,2,2,0,-1,2,1,0,0,0,1,0,1,1,-1,0,0,1,0,2,2,0,-1,2]","[-2,-1,-1,0,0,1,1,2,-1,2,1,2,0,1,2,0,0,0,1,0,0,0,2,0,1,2,1,-1,0,1,2,1,1,0,0,0]","[-2,-1,-1,0,0,1,1,2,1,1,1,1,1,3,2,0,-1,2,2,1,3,0,1,1,2,2,-1,-1,1,0,1,1,1,0,-1,2]",c,"[[{8, 1}, {4, 7}, {3, 6}, {2, 5}], [{8, 1}, {5, 7}, {3, 6}, {2, 4}], [{8, 2}, {4, 7}, {3, 6}, {1, 5}], [{8, 5}, {4, 7}, {3, 6}, {1, 2}], [{8, 5}, {6, 7}, {3, 4}, {1, 2}], [{8, 6}, {5, 7}, {2, 4}, {1, 3}]]",1,4 K_1^3 - 16 K_1^2 - 4 K_1 K_2 - K_1 + 8 K_2 + K_3 + 9,O1O2O3U4O5U3U1U5O6O7U6O8U2U8O4U7,O1O2O3U1O4U3U5U2O6U4O7O5U7O8U6U8,O1O2O3U4U5O4U6O7O6U8O5U2U7U1O8U3,c,{'O1O2O3U4O5U6U2O6U7O4O7U8U3U1O8U5'},1,"<a href=""/flatknot/8.1101598"">8.1101598</a>",t^9-58t^7-196t^6-15t^5+502t^4+436t^3+254t^2+260t+96,0,,
8.1101599,O1O2O3U4O5U6U2O6U7O4O7U8U5U1O8U3,4,16z^2+101z+139,16w^3z^2+101w^2z+139w,False,False,"[[ 0  0  0  2 -1  1 -1  1 -2],[ 0  0  1  1 -1  0 -1  1 -1],[ 0 -1  0  0  1 -1  0  1 -1],[-2 -1  0  0 -2  0 -2 -1 -3],[ 1  1 -1  2  0  2  0  1  0],[-1  0  1  0 -2  0 -1 -1 -1],[ 1  1  0  2  0  1  0  2 -1],[-1 -1 -1  1 -1  1 -2  0 -3],[ 2  1  1  3  0  1  1  3  0]]","[[ 0  2  1  1  0  0 -1 -1 -2],[-2  0  0 -1  0 -1 -2 -2 -3],[-1  0  0 -1  1  0 -1 -2 -1],[-1  1  1  0 -1 -1 -2 -1 -3],[ 0  0 -1  1  0 -1  0  1 -1],[ 0  1  0  1  1  0 -1 -1 -1],[ 1  2  1  2  0  1  0  0 -1],[ 1  2  2  1 -1  1  0  0  0],[ 2  3  1  3  1  1  1  0  0]]",True,"[-2,-1,-1,0,0,1,1,2,0,1,0,1,2,2,3,1,-1,0,1,2,1,1,1,2,1,3,1,0,-1,1,1,1,1,0,1,0]","[-2,-1,-1,0,0,1,1,2,0,1,0,1,2,2,3,1,-1,0,1,2,1,1,1,2,1,3,1,0,-1,1,1,1,1,0,1,0]",t^8+50t^6+339t^4+118t^2+1,"[-2,-1,-1,0,0,1,1,2,0,1,1,1,0,2,1,0,0,1,0,1,1,0,2,1,0,1,-1,0,1,1,0,2,2,-1,0,1]","[-2,-1,-1,0,0,1,1,2,0,1,1,2,1,1,1,1,0,0,0,1,0,1,2,1,0,2,1,0,0,1,1,2,1,0,0,1]","[-2,-1,-1,0,0,1,1,2,0,1,1,1,1,3,3,0,-1,1,2,1,2,0,1,1,2,2,-1,-1,1,0,0,1,1,-1,0,1]",c,"[[{8, 4}, {3, 7}, {1, 6}, {2, 5}], [{8, 7}, {3, 6}, {1, 5}, {2, 4}], [{8, 7}, {3, 6}, {5}, {2, 4}, {1}], [{8}, {3, 7}, {1, 6}, {2, 5}, {4}]]",1,4 K_1^3 - 20 K_1^2 - 8 K_1 K_2 + K_1 + 10 K_2 + 3 K_3 + 11,O1O2O3U1O4U3U5U4O6O7U6O8U2U8O5U7,O1O2O3U1O4U3U5U4O6U2O7O5U7O8U6U8,O1O2O3U4U5O4U6O7O6U2O5U8U7U1O8U3,c,{'O1O2O3U4O5U6U2O6U7O4O7U8U5U1O8U3'},1,"<a href=""/flatknot/8.1101599"">8.1101599</a>",t^9-50t^7-120t^6+65t^5+274t^4+126t^3+154t^2+84t-6,0,,
8.1101600,O1O2O3U4O5U6U2O6U7O4O8U1U5U8O7U3,4,z^3+20z^2+94z+117,w^4z^3-4w^4z^2+24w^3z^2-4w^3z+98w^2z+117w,False,False,"[[ 0 -2  0  2 -1  1 -1 -1  2],[ 2  0  2  3  1  1  1  1  2],[ 0 -2  0  0  1 -1  0  0  1],[-2 -3  0  0 -2 -1 -2 -2  1],[ 1 -1 -1  2  0  1  0  0  1],[-1 -1  1  1 -1  0 -1 -2  1],[ 1 -1  0  2  0  1  0  0  2],[ 1 -1  0  2  0  2  0  0  2],[-2 -2 -1 -1 -1 -1 -2 -2  0]]","[[ 0  2  2  1  0 -1 -1 -1 -2],[-2  0  1 -1  0 -2 -2 -2 -3],[-2 -1  0 -1 -1 -1 -2 -2 -2],[-1  1  1  0  1 -1 -1 -2 -1],[ 0  0  1 -1  0  1  0  0 -2],[ 1  2  1  1 -1  0  0  0 -1],[ 1  2  2  1  0  0  0  0 -1],[ 1  2  2  2  0  0  0  0 -1],[ 2  3  2  1  2  1  1  1  0]]",True,"[-2,-2,-1,0,1,1,1,2,-1,1,0,2,2,2,3,1,1,1,2,2,2,-1,1,1,2,1,-1,0,0,2,0,0,1,0,1,1]","[-2,-2,-1,0,1,1,1,2,-1,0,1,1,1,2,2,0,2,1,1,1,1,2,0,1,1,2,1,1,2,0,0,0,0,0,0,0]",t^8+54t^6+335t^4+254t^2+25,"[-2,-1,-1,-1,0,1,2,2,0,0,0,0,2,1,2,0,0,1,0,1,1,0,1,1,1,1,2,1,1,2,2,2,1,0,0,-1]","[-2,-2,-1,0,1,1,1,2,-1,0,1,1,1,2,2,0,2,1,1,1,1,2,0,1,1,2,1,1,2,0,0,0,0,0,0,0]","[-2,-1,-1,-1,0,1,2,2,1,1,1,2,1,2,3,0,0,-1,1,1,2,0,0,1,2,2,0,2,2,2,-1,1,0,1,1,-1]",c,"[[{8, 1}, {2, 7}, {3, 6}, {4, 5}], [{8, 1}, {2, 7}, {4, 6}, {3, 5}], [{8, 1}, {2, 7}, {5, 6}, {3, 4}], [{8, 1}, {3, 7}, {2, 6}, {4, 5}], [{8, 1}, {3, 7}, {2, 6}, {5}, {4}], [{8, 1}, {3, 7}, {4, 6}, {2, 5}], [{8, 1}, {3, 7}, {4, 6}, {5}, {2}], [{8, 1}, {3, 7}, {5, 6}, {2, 4}], [{8, 1}, {3, 7}, {5, 6}, {4}, {2}], [{8, 1}, {3, 7}, {6}, {2, 5}, {4}], [{8, 1}, {3, 7}, {6}, {4, 5}, {2}], [{8, 1}, {3, 7}, {6}, {5}, {2, 4}], [{8, 1}, {3, 7}, {6}, {5}, {4}, {2}], [{8, 1}, {4, 7}, {2, 6}, {3, 5}], [{8, 1}, {4, 7}, {3, 6}, {2, 5}], [{8, 1}, {4, 7}, {5, 6}, {2, 3}], [{8, 1}, {4, 7}, {5, 6}, {3}, {2}], [{8, 1}, {5, 7}, {2, 6}, {3, 4}], [{8, 1}, {5, 7}, {2, 6}, {4}, {3}], [{8, 1}, {5, 7}, {3, 6}, {2, 4}], [{8, 1}, {5, 7}, {4, 6}, {2, 3}], [{8, 1}, {6, 7}, {2, 5}, {3, 4}], [{8, 1}, {6, 7}, {2, 5}, {4}, {3}], [{8, 1}, {6, 7}, {3, 5}, {2, 4}], [{8, 1}, {6, 7}, {4, 5}, {2, 3}], [{8, 1}, {6, 7}, {4, 5}, {3}, {2}], [{8, 1}, {6, 7}, {5}, {2, 4}, {3}], [{8, 1}, {7}, {2, 6}, {3, 5}, {4}], [{8, 1}, {7}, {3, 6}, {2, 5}, {4}], [{8, 1}, {7}, {3, 6}, {4, 5}, {2}], [{8, 1}, {7}, {3, 6}, {5}, {2, 4}], [{8, 1}, {7}, {5, 6}, {3, 4}, {2}], [{8, 2}, {1, 7}, {3, 6}, {4, 5}], [{8, 2}, {1, 7}, {4, 6}, {3, 5}], [{8, 2}, {1, 7}, {5, 6}, {3, 4}], [{8, 2}, {3, 7}, {1, 6}, {4, 5}], [{8, 2}, {3, 7}, {1, 6}, {5}, {4}], [{8, 2}, {3, 7}, {4, 6}, {1, 5}], [{8, 2}, {3, 7}, {5, 6}, {1, 4}], [{8, 2}, {3, 7}, {6}, {4, 5}, {1}], [{8, 2}, {4, 7}, {1, 6}, {3, 5}], [{8, 2}, {4, 7}, {3, 6}, {1, 5}], [{8, 2}, {4, 7}, {5, 6}, {1, 3}], [{8, 2}, {4, 7}, {5, 6}, {3}, {1}], [{8, 2}, {5, 7}, {1, 6}, {3, 4}], [{8, 2}, {5, 7}, {3, 6}, {1, 4}], [{8, 2}, {5, 7}, {4, 6}, {1, 3}], [{8, 2}, {5, 7}, {6}, {3, 4}, {1}], [{8, 2}, {6, 7}, {1, 5}, {3, 4}], [{8, 2}, {6, 7}, {3, 5}, {1, 4}], [{8, 2}, {6, 7}, {4, 5}, {1, 3}], [{8, 2}, {6, 7}, {4, 5}, {3}, {1}], [{8, 2}, {7}, {3, 6}, {4, 5}, {1}], [{8, 2}, {7}, {6}, {3, 5}, {1, 4}], [{8, 3}, {1, 7}, {2, 6}, {4, 5}], [{8, 3}, {1, 7}, {4, 6}, {2, 5}], [{8, 3}, {1, 7}, {5, 6}, {2, 4}], [{8, 3}, {2, 7}, {1, 6}, {4, 5}], [{8, 3}, {2, 7}, {4, 6}, {1, 5}], [{8, 3}, {2, 7}, {5, 6}, {1, 4}], [{8, 3}, {4, 7}, {1, 6}, {2, 5}], [{8, 3}, {4, 7}, {2, 6}, {1, 5}], [{8, 3}, {4, 7}, {2, 6}, {5}, {1}], [{8, 3}, {4, 7}, {5, 6}, {1, 2}], [{8, 3}, {5, 7}, {1, 6}, {2, 4}], [{8, 3}, {5, 7}, {2, 6}, {1, 4}], [{8, 3}, {5, 7}, {4, 6}, {1, 2}], [{8, 3}, {6, 7}, {1, 5}, {2, 4}], [{8, 3}, {6, 7}, {2, 5}, {1, 4}], [{8, 3}, {6, 7}, {4, 5}, {1, 2}], [{8, 3}, {7}, {6}, {1, 5}, {2, 4}], [{8, 3}, {7}, {6}, {2, 5}, {1, 4}], [{8, 4}, {1, 7}, {2, 6}, {3, 5}], [{8, 4}, {1, 7}, {3, 6}, {2, 5}], [{8, 4}, {1, 7}, {5, 6}, {2, 3}], [{8, 4}, {1, 7}, {6}, {2, 5}, {3}], [{8, 4}, {1, 7}, {6}, {3, 5}, {2}], [{8, 4}, {1, 7}, {6}, {5}, {2, 3}], [{8, 4}, {2, 7}, {1, 6}, {3, 5}], [{8, 4}, {2, 7}, {3, 6}, {1, 5}], [{8, 4}, {2, 7}, {5, 6}, {1, 3}], [{8, 4}, {3, 7}, {1, 6}, {2, 5}], [{8, 4}, {3, 7}, {1, 6}, {5}, {2}], [{8, 4}, {3, 7}, {2, 6}, {1, 5}], [{8, 4}, {3, 7}, {5, 6}, {1, 2}], [{8, 4}, {5, 7}, {1, 6}, {2, 3}], [{8, 4}, {5, 7}, {2, 6}, {1, 3}], [{8, 4}, {5, 7}, {3, 6}, {1, 2}], [{8, 4}, {5, 7}, {6}, {3}, {1, 2}], [{8, 4}, {6, 7}, {1, 5}, {2, 3}], [{8, 4}, {6, 7}, {2, 5}, {1, 3}], [{8, 4}, {6, 7}, {3, 5}, {1, 2}], [{8, 4}, {7}, {2, 6}, {5}, {1, 3}], [{8, 5}, {1, 7}, {2, 6}, {3, 4}], [{8, 5}, {1, 7}, {3, 6}, {2, 4}], [{8, 5}, {1, 7}, {4, 6}, {2, 3}], [{8, 5}, {2, 7}, {1, 6}, {3, 4}], [{8, 5}, {2, 7}, {3, 6}, {1, 4}], [{8, 5}, {2, 7}, {4, 6}, {1, 3}], [{8, 5}, {3, 7}, {1, 6}, {2, 4}], [{8, 5}, {3, 7}, {1, 6}, {4}, {2}], [{8, 5}, {3, 7}, {2, 6}, {1, 4}], [{8, 5}, {3, 7}, {4, 6}, {1, 2}], [{8, 5}, {4, 7}, {1, 6}, {2, 3}], [{8, 5}, {4, 7}, {2, 6}, {1, 3}], [{8, 5}, {4, 7}, {3, 6}, {1, 2}], [{8, 5}, {4, 7}, {6}, {1, 3}, {2}], [{8, 5}, {4, 7}, {6}, {2, 3}, {1}], [{8, 5}, {4, 7}, {6}, {3}, {1, 2}], [{8, 5}, {6, 7}, {1, 4}, {2, 3}], [{8, 5}, {6, 7}, {2, 4}, {1, 3}], [{8, 5}, {6, 7}, {3, 4}, {1, 2}], [{8, 6}, {1, 7}, {2, 5}, {3, 4}], [{8, 6}, {1, 7}, {3, 5}, {2, 4}], [{8, 6}, {1, 7}, {4, 5}, {2, 3}], [{8, 6}, {2, 7}, {1, 5}, {3, 4}], [{8, 6}, {2, 7}, {3, 5}, {1, 4}], [{8, 6}, {2, 7}, {4, 5}, {1, 3}], [{8, 6}, {3, 7}, {1, 5}, {2, 4}], [{8, 6}, {3, 7}, {1, 5}, {4}, {2}], [{8, 6}, {3, 7}, {2, 5}, {1, 4}], [{8, 6}, {3, 7}, {2, 5}, {4}, {1}], [{8, 6}, {3, 7}, {4, 5}, {1, 2}], [{8, 6}, {3, 7}, {4, 5}, {2}, {1}], [{8, 6}, {3, 7}, {5}, {1, 4}, {2}], [{8, 6}, {3, 7}, {5}, {2, 4}, {1}], [{8, 6}, {3, 7}, {5}, {4}, {1, 2}], [{8, 6}, {3, 7}, {5}, {4}, {2}, {1}], [{8, 6}, {4, 7}, {1, 5}, {2, 3}], [{8, 6}, {4, 7}, {2, 5}, {1, 3}], [{8, 6}, {4, 7}, {3, 5}, {1, 2}], [{8, 6}, {4, 7}, {5}, {3}, {1, 2}], [{8, 6}, {5, 7}, {1, 4}, {2, 3}], [{8, 6}, {5, 7}, {2, 4}, {1, 3}], [{8, 6}, {5, 7}, {3, 4}, {1, 2}], [{8, 6}, {7}, {5}, {3, 4}, {1, 2}], [{8, 7}, {1, 6}, {2, 5}, {3, 4}], [{8, 7}, {1, 6}, {3, 5}, {2, 4}], [{8, 7}, {1, 6}, {4, 5}, {2, 3}], [{8, 7}, {2, 6}, {1, 5}, {3, 4}], [{8, 7}, {2, 6}, {3, 5}, {1, 4}], [{8, 7}, {2, 6}, {4, 5}, {1, 3}], [{8, 7}, {3, 6}, {1, 5}, {2, 4}], [{8, 7}, {3, 6}, {2, 5}, {1, 4}], [{8, 7}, {3, 6}, {4, 5}, {1, 2}], [{8, 7}, {4, 6}, {1, 5}, {2, 3}], [{8, 7}, {4, 6}, {2, 5}, {1, 3}], [{8, 7}, {4, 6}, {3, 5}, {1, 2}], [{8, 7}, {4, 6}, {5}, {1, 3}, {2}], [{8, 7}, {5, 6}, {1, 4}, {2, 3}], [{8, 7}, {5, 6}, {2, 4}, {1, 3}], [{8, 7}, {5, 6}, {3, 4}, {1, 2}], [{8, 7}, {6}, {2, 5}, {4}, {1, 3}], [{8}, {2, 7}, {1, 6}, {3, 5}, {4}], [{8}, {2, 7}, {1, 6}, {4, 5}, {3}], [{8}, {2, 7}, {1, 6}, {5}, {3, 4}], [{8}, {3, 7}, {1, 6}, {2, 5}, {4}], [{8}, {3, 7}, {1, 6}, {4, 5}, {2}], [{8}, {3, 7}, {1, 6}, {5}, {2, 4}], [{8}, {3, 7}, {1, 6}, {5}, {4}, {2}], [{8}, {3, 7}, {2, 6}, {4, 5}, {1}], [{8}, {3, 7}, {6}, {4, 5}, {1, 2}], [{8}, {4, 7}, {1, 6}, {2, 5}, {3}], [{8}, {4, 7}, {1, 6}, {3, 5}, {2}], [{8}, {4, 7}, {1, 6}, {5}, {2, 3}], [{8}, {4, 7}, {5, 6}, {3}, {1, 2}], [{8}, {5, 7}, {1, 6}, {2, 4}, {3}], [{8}, {5, 7}, {1, 6}, {3, 4}, {2}], [{8}, {5, 7}, {1, 6}, {4}, {2, 3}], [{8}, {6, 7}, {4, 5}, {3}, {1, 2}], [{8}, {7}, {1, 6}, {2, 5}, {3, 4}], [{8}, {7}, {1, 6}, {3, 5}, {2, 4}], [{8}, {7}, {1, 6}, {4, 5}, {2, 3}], [{8}, {7}, {3, 6}, {4, 5}, {1, 2}]]",2,- 22 K_1^2 - 12 K_1 K_2 + 6 K_1 + 11 K_2 + 6 K_3 + 12,O1O2O3U1O4U5U6U3O5O7U4O8U2U8O6U7,O1O2O3U4O5U1U6U5O7U2O8O6U8O4U7U3,O1O2O3U1U4O5U6O7O6U2O4U8U7U3O8U5,c,{'O1O2O3U4O5U6U2O6U7O4O8U1U5U8O7U3'},1,"<a href=""/flatknot/8.1101600"">8.1101600</a>",t^9-52t^7-156t^6-18t^5+196t^4+17t^3-108t^2-4t+2,-t^2+2t,,
8.1101601,O1O2O3U4O5U6U2O6U7O4O8U3U5U1O7U8,4,z^3+20z^2+102z+133,w^4z^3+20w^3z^2+102w^2z+133w,False,False,"[[ 0  0  0  0 -1  1 -1 -1  2],[ 0  0  0  0  0  1 -1 -1  2],[ 0  0  0 -1  1  0  0 -1  2],[ 0  0  1  0  0  0  0  0  1],[ 1  0 -1  0  0  1  0  0  2],[-1 -1  0  0 -1  0 -1 -1  0],[ 1  1  0  0  0  1  0  0  2],[ 1  1  1  0  0  1  0  0  2],[-2 -2 -2 -1 -2  0 -2 -2  0]]","[[ 0  2  0  0  0 -1 -1],[-2  0 -1 -2 -2 -2 -2],[ 0  1  0  1  0  0  0],[ 0  2 -1  0  0  1 -1],[ 0  2  0  0  0  0 -1],[ 1  2  0 -1  0  0  0],[ 1  2  0  1  1  0  0]]",False,"[-2,0,0,0,1,1,1,2,2,2,2,-1,0,0,0,0,-1,1,0,1,0]","[-2,0,0,0,1,1,0,0,1,1,1,0,-1,0,2,0,0,1,1,1,0]",t^6+21t^4+41t^2+9,"[-1,-1,0,0,0,2,0,0,0,1,1,1,2,1,1,0,0,0,1,0,1]","[-2,0,0,0,1,1,0,0,1,1,1,0,-1,0,2,0,0,1,1,1,0]","[-1,-1,0,0,0,2,0,-1,0,0,2,1,0,1,2,-1,0,2,0,1,2]",c,"[[{8, 1}, {2, 7}, {3, 6}, {4, 5}], [{8, 1}, {2, 7}, {3, 6}, {5}, {4}], [{8, 1}, {2, 7}, {4, 6}, {3, 5}], [{8, 1}, {2, 7}, {4, 6}, {5}, {3}], [{8, 1}, {2, 7}, {5, 6}, {3, 4}], [{8, 1}, {2, 7}, {5, 6}, {4}, {3}], [{8, 1}, {2, 7}, {6}, {3, 5}, {4}], [{8, 1}, {2, 7}, {6}, {4, 5}, {3}], [{8, 1}, {2, 7}, {6}, {5}, {3, 4}], [{8, 1}, {2, 7}, {6}, {5}, {4}, {3}], [{8, 1}, {3, 7}, {2, 6}, {4, 5}], [{8, 1}, {3, 7}, {4, 6}, {2, 5}], [{8, 1}, {3, 7}, {5, 6}, {2, 4}], [{8, 1}, {3, 7}, {5, 6}, {4}, {2}], [{8, 1}, {3, 7}, {6}, {5}, {2, 4}], [{8, 1}, {4, 7}, {2, 6}, {3, 5}], [{8, 1}, {4, 7}, {3, 6}, {2, 5}], [{8, 1}, {4, 7}, {5, 6}, {2, 3}], [{8, 1}, {4, 7}, {5, 6}, {3}, {2}], [{8, 1}, {4, 7}, {6}, {5}, {2, 3}], [{8, 1}, {5, 7}, {2, 6}, {3, 4}], [{8, 1}, {5, 7}, {3, 6}, {2, 4}], [{8, 1}, {5, 7}, {4, 6}, {2, 3}], [{8, 1}, {5, 7}, {6}, {3, 4}, {2}], [{8, 1}, {6, 7}, {2, 5}, {3, 4}], [{8, 1}, {6, 7}, {3, 5}, {2, 4}], [{8, 1}, {6, 7}, {3, 5}, {4}, {2}], [{8, 1}, {6, 7}, {4, 5}, {2, 3}], [{8, 1}, {6, 7}, {4, 5}, {3}, {2}], [{8, 1}, {6, 7}, {5}, {3, 4}, {2}], [{8, 1}, {7}, {2, 6}, {3, 5}, {4}], [{8, 1}, {7}, {2, 6}, {4, 5}, {3}], [{8, 1}, {7}, {2, 6}, {5}, {3, 4}], [{8, 1}, {7}, {5, 6}, {2, 4}, {3}], [{8, 1}, {7}, {5, 6}, {3, 4}, {2}], [{8, 1}, {7}, {5, 6}, {4}, {2, 3}], [{8, 1}, {7}, {6}, {2, 5}, {3, 4}], [{8, 1}, {7}, {6}, {5}, {3, 4}, {2}], [{8, 2}, {1, 7}, {3, 6}, {4, 5}], [{8, 2}, {1, 7}, {4, 6}, {3, 5}], [{8, 2}, {1, 7}, {5, 6}, {3, 4}], [{8, 2}, {1, 7}, {5, 6}, {4}, {3}], [{8, 2}, {1, 7}, {6}, {5}, {3, 4}], [{8, 2}, {3, 7}, {1, 6}, {4, 5}], [{8, 2}, {3, 7}, {4, 6}, {1, 5}], [{8, 2}, {3, 7}, {5, 6}, {1, 4}], [{8, 2}, {3, 7}, {5, 6}, {4}, {1}], [{8, 2}, {3, 7}, {6}, {5}, {1, 4}], [{8, 2}, {4, 7}, {1, 6}, {3, 5}], [{8, 2}, {4, 7}, {3, 6}, {1, 5}], [{8, 2}, {4, 7}, {5, 6}, {1, 3}], [{8, 2}, {4, 7}, {5, 6}, {3}, {1}], [{8, 2}, {4, 7}, {6}, {5}, {1, 3}], [{8, 2}, {5, 7}, {1, 6}, {3, 4}], [{8, 2}, {5, 7}, {1, 6}, {4}, {3}], [{8, 2}, {5, 7}, {3, 6}, {1, 4}], [{8, 2}, {5, 7}, {4, 6}, {1, 3}], [{8, 2}, {5, 7}, {4, 6}, {3}, {1}], [{8, 2}, {5, 7}, {6}, {1, 4}, {3}], [{8, 2}, {6, 7}, {1, 5}, {3, 4}], [{8, 2}, {6, 7}, {3, 5}, {1, 4}], [{8, 2}, {6, 7}, {4, 5}, {1, 3}], [{8, 2}, {6, 7}, {5}, {1, 4}, {3}], [{8, 2}, {7}, {3, 6}, {5}, {1, 4}], [{8, 2}, {7}, {5, 6}, {1, 4}, {3}], [{8, 2}, {7}, {5, 6}, {3, 4}, {1}], [{8, 2}, {7}, {5, 6}, {4}, {1, 3}], [{8, 2}, {7}, {6}, {3, 5}, {1, 4}], [{8, 2}, {7}, {6}, {5}, {1, 4}, {3}], [{8, 3}, {1, 7}, {2, 6}, {4, 5}], [{8, 3}, {1, 7}, {4, 6}, {2, 5}], [{8, 3}, {1, 7}, {5, 6}, {2, 4}], [{8, 3}, {1, 7}, {5, 6}, {4}, {2}], [{8, 3}, {1, 7}, {6}, {5}, {2, 4}], [{8, 3}, {2, 7}, {1, 6}, {4, 5}], [{8, 3}, {2, 7}, {4, 6}, {1, 5}], [{8, 3}, {2, 7}, {5, 6}, {1, 4}], [{8, 3}, {2, 7}, {5, 6}, {4}, {1}], [{8, 3}, {2, 7}, {6}, {5}, {1, 4}], [{8, 3}, {4, 7}, {1, 6}, {2, 5}], [{8, 3}, {4, 7}, {2, 6}, {1, 5}], [{8, 3}, {4, 7}, {5, 6}, {1, 2}], [{8, 3}, {4, 7}, {5, 6}, {2}, {1}], [{8, 3}, {4, 7}, {6}, {5}, {1, 2}], [{8, 3}, {5, 7}, {1, 6}, {2, 4}], [{8, 3}, {5, 7}, {2, 6}, {1, 4}], [{8, 3}, {5, 7}, {4, 6}, {1, 2}], [{8, 3}, {5, 7}, {6}, {1, 4}, {2}], [{8, 3}, {5, 7}, {6}, {2, 4}, {1}], [{8, 3}, {5, 7}, {6}, {4}, {1, 2}], [{8, 3}, {6, 7}, {1, 5}, {2, 4}], [{8, 3}, {6, 7}, {1, 5}, {4}, {2}], [{8, 3}, {6, 7}, {2, 5}, {1, 4}], [{8, 3}, {6, 7}, {2, 5}, {4}, {1}], [{8, 3}, {6, 7}, {4, 5}, {1, 2}], [{8, 3}, {6, 7}, {4, 5}, {2}, {1}], [{8, 3}, {6, 7}, {5}, {1, 4}, {2}], [{8, 3}, {6, 7}, {5}, {2, 4}, {1}], [{8, 3}, {6, 7}, {5}, {4}, {1, 2}], [{8, 3}, {7}, {1, 6}, {5}, {2, 4}], [{8, 3}, {7}, {2, 6}, {5}, {1, 4}], [{8, 3}, {7}, {4, 6}, {5}, {1, 2}], [{8, 3}, {7}, {5, 6}, {1, 4}, {2}], [{8, 3}, {7}, {5, 6}, {2, 4}, {1}], [{8, 3}, {7}, {5, 6}, {4}, {1, 2}], [{8, 3}, {7}, {6}, {1, 5}, {2, 4}], [{8, 3}, {7}, {6}, {2, 5}, {1, 4}], [{8, 3}, {7}, {6}, {4, 5}, {1, 2}], [{8, 3}, {7}, {6}, {5}, {1, 4}, {2}], [{8, 3}, {7}, {6}, {5}, {2, 4}, {1}], [{8, 3}, {7}, {6}, {5}, {4}, {1, 2}], [{8, 4}, {1, 7}, {2, 6}, {3, 5}], [{8, 4}, {1, 7}, {2, 6}, {5}, {3}], [{8, 4}, {1, 7}, {3, 6}, {2, 5}], [{8, 4}, {1, 7}, {3, 6}, {5}, {2}], [{8, 4}, {1, 7}, {5, 6}, {2, 3}], [{8, 4}, {1, 7}, {5, 6}, {3}, {2}], [{8, 4}, {1, 7}, {6}, {2, 5}, {3}], [{8, 4}, {1, 7}, {6}, {3, 5}, {2}], [{8, 4}, {1, 7}, {6}, {5}, {2, 3}], [{8, 4}, {1, 7}, {6}, {5}, {3}, {2}], [{8, 4}, {2, 7}, {1, 6}, {3, 5}], [{8, 4}, {2, 7}, {3, 6}, {1, 5}], [{8, 4}, {2, 7}, {5, 6}, {1, 3}], [{8, 4}, {2, 7}, {5, 6}, {3}, {1}], [{8, 4}, {2, 7}, {6}, {5}, {1, 3}], [{8, 4}, {3, 7}, {1, 6}, {2, 5}], [{8, 4}, {3, 7}, {2, 6}, {1, 5}], [{8, 4}, {3, 7}, {5, 6}, {1, 2}], [{8, 4}, {3, 7}, {5, 6}, {2}, {1}], [{8, 4}, {3, 7}, {6}, {5}, {1, 2}], [{8, 4}, {5, 7}, {1, 6}, {2, 3}], [{8, 4}, {5, 7}, {2, 6}, {1, 3}], [{8, 4}, {5, 7}, {2, 6}, {3}, {1}], [{8, 4}, {5, 7}, {3, 6}, {1, 2}], [{8, 4}, {6, 7}, {1, 5}, {2, 3}], [{8, 4}, {6, 7}, {2, 5}, {1, 3}], [{8, 4}, {6, 7}, {3, 5}, {1, 2}], [{8, 4}, {7}, {2, 6}, {1, 5}, {3}], [{8, 4}, {7}, {3, 6}, {2, 5}, {1}], [{8, 4}, {7}, {5, 6}, {1, 3}, {2}], [{8, 4}, {7}, {5, 6}, {2, 3}, {1}], [{8, 4}, {7}, {5, 6}, {3}, {1, 2}], [{8, 5}, {1, 7}, {2, 6}, {3, 4}], [{8, 5}, {1, 7}, {3, 6}, {2, 4}], [{8, 5}, {1, 7}, {4, 6}, {2, 3}], [{8, 5}, {1, 7}, {4, 6}, {3}, {2}], [{8, 5}, {2, 7}, {1, 6}, {3, 4}], [{8, 5}, {2, 7}, {3, 6}, {1, 4}], [{8, 5}, {2, 7}, {4, 6}, {1, 3}], [{8, 5}, {3, 7}, {1, 6}, {2, 4}], [{8, 5}, {3, 7}, {2, 6}, {1, 4}], [{8, 5}, {3, 7}, {4, 6}, {1, 2}], [{8, 5}, {4, 7}, {1, 6}, {2, 3}], [{8, 5}, {4, 7}, {2, 6}, {1, 3}], [{8, 5}, {4, 7}, {3, 6}, {1, 2}], [{8, 5}, {6, 7}, {1, 4}, {2, 3}], [{8, 5}, {6, 7}, {2, 4}, {1, 3}], [{8, 5}, {6, 7}, {3, 4}, {1, 2}], [{8, 5}, {7}, {1, 6}, {2, 4}, {3}], [{8, 5}, {7}, {1, 6}, {3, 4}, {2}], [{8, 5}, {7}, {1, 6}, {4}, {2, 3}], [{8, 5}, {7}, {4, 6}, {2, 3}, {1}], [{8, 5}, {7}, {6}, {1, 4}, {2, 3}], [{8, 6}, {1, 7}, {2, 5}, {3, 4}], [{8, 6}, {1, 7}, {3, 5}, {2, 4}], [{8, 6}, {1, 7}, {4, 5}, {2, 3}], [{8, 6}, {1, 7}, {4, 5}, {3}, {2}], [{8, 6}, {2, 7}, {1, 5}, {3, 4}], [{8, 6}, {2, 7}, {3, 5}, {1, 4}], [{8, 6}, {2, 7}, {4, 5}, {1, 3}], [{8, 6}, {3, 7}, {1, 5}, {2, 4}], [{8, 6}, {3, 7}, {2, 5}, {1, 4}], [{8, 6}, {3, 7}, {4, 5}, {1, 2}], [{8, 6}, {3, 7}, {4, 5}, {2}, {1}], [{8, 6}, {4, 7}, {1, 5}, {2, 3}], [{8, 6}, {4, 7}, {2, 5}, {1, 3}], [{8, 6}, {4, 7}, {2, 5}, {3}, {1}], [{8, 6}, {4, 7}, {3, 5}, {1, 2}], [{8, 6}, {5, 7}, {1, 4}, {2, 3}], [{8, 6}, {5, 7}, {2, 4}, {1, 3}], [{8, 6}, {5, 7}, {2, 4}, {3}, {1}], [{8, 6}, {5, 7}, {3, 4}, {1, 2}], [{8, 6}, {7}, {1, 5}, {3, 4}, {2}], [{8, 6}, {7}, {4, 5}, {1, 3}, {2}], [{8, 6}, {7}, {5}, {1, 4}, {2, 3}], [{8, 7}, {1, 6}, {2, 5}, {3, 4}], [{8, 7}, {1, 6}, {3, 5}, {2, 4}], [{8, 7}, {1, 6}, {4, 5}, {2, 3}], [{8, 7}, {1, 6}, {4, 5}, {3}, {2}], [{8, 7}, {2, 6}, {1, 5}, {3, 4}], [{8, 7}, {2, 6}, {3, 5}, {1, 4}], [{8, 7}, {2, 6}, {4, 5}, {1, 3}], [{8, 7}, {2, 6}, {5}, {4}, {1, 3}], [{8, 7}, {3, 6}, {1, 5}, {2, 4}], [{8, 7}, {3, 6}, {2, 5}, {1, 4}], [{8, 7}, {3, 6}, {4, 5}, {1, 2}], [{8, 7}, {3, 6}, {4, 5}, {2}, {1}], [{8, 7}, {4, 6}, {1, 5}, {2, 3}], [{8, 7}, {4, 6}, {2, 5}, {1, 3}], [{8, 7}, {4, 6}, {2, 5}, {3}, {1}], [{8, 7}, {4, 6}, {3, 5}, {1, 2}], [{8, 7}, {4, 6}, {5}, {1, 3}, {2}], [{8, 7}, {5, 6}, {1, 4}, {2, 3}], [{8, 7}, {5, 6}, {1, 4}, {3}, {2}], [{8, 7}, {5, 6}, {2, 4}, {1, 3}], [{8, 7}, {5, 6}, {2, 4}, {3}, {1}], [{8, 7}, {5, 6}, {3, 4}, {1, 2}], [{8, 7}, {5, 6}, {3, 4}, {2}, {1}], [{8, 7}, {5, 6}, {4}, {1, 3}, {2}], [{8, 7}, {5, 6}, {4}, {2, 3}, {1}], [{8, 7}, {5, 6}, {4}, {3}, {1, 2}], [{8, 7}, {6}, {2, 5}, {4}, {1, 3}], [{8, 7}, {6}, {4, 5}, {1, 3}, {2}], [{8, 7}, {6}, {5}, {1, 4}, {2, 3}], [{8, 7}, {6}, {5}, {2, 4}, {1, 3}], [{8, 7}, {6}, {5}, {3, 4}, {1, 2}], [{8, 7}, {6}, {5}, {4}, {1, 3}, {2}], [{8}, {1, 7}, {5, 6}, {2, 4}, {3}], [{8}, {1, 7}, {5, 6}, {3, 4}, {2}], [{8}, {1, 7}, {5, 6}, {4}, {2, 3}], [{8}, {1, 7}, {5, 6}, {4}, {3}, {2}], [{8}, {2, 7}, {5, 6}, {1, 4}, {3}], [{8}, {2, 7}, {5, 6}, {3, 4}, {1}], [{8}, {2, 7}, {5, 6}, {4}, {1, 3}], [{8}, {3, 7}, {1, 6}, {2, 5}, {4}], [{8}, {3, 7}, {5, 6}, {1, 4}, {2}], [{8}, {3, 7}, {5, 6}, {2, 4}, {1}], [{8}, {3, 7}, {5, 6}, {4}, {1, 2}], [{8}, {4, 7}, {3, 6}, {1, 5}, {2}], [{8}, {4, 7}, {5, 6}, {1, 3}, {2}], [{8}, {4, 7}, {5, 6}, {2, 3}, {1}], [{8}, {4, 7}, {5, 6}, {3}, {1, 2}], [{8}, {5, 7}, {3, 6}, {2, 4}, {1}], [{8}, {5, 7}, {6}, {1, 4}, {2, 3}], [{8}, {6, 7}, {4, 5}, {1, 3}, {2}], [{8}, {6, 7}, {5}, {1, 4}, {2, 3}], [{8}, {7}, {1, 6}, {3, 5}, {2, 4}], [{8}, {7}, {5, 6}, {1, 4}, {2, 3}], [{8}, {7}, {5, 6}, {2, 4}, {1, 3}], [{8}, {7}, {5, 6}, {3, 4}, {1, 2}], [{8}, {7}, {5, 6}, {3, 4}, {2}, {1}], [{8}, {7}, {6}, {5}, {1, 4}, {2, 3}]]",2,4 K_1^3 - 22 K_1^2 - 8 K_1 K_2 + K_1 + 11 K_2 + 3 K_3 + 12,O1O2O3U4O5U3U6U1O4O7U5O8U2U8O6U7,O1O2O3U4O5U3U6U1O7U2O8O6U8O4U7U5,O1O2O3U4U5O6U7O8O7U2O5U3U8U1O4U6,c,{'O1O2O3U4O5U6U2O6U7O4O8U3U5U1O7U8'},1,"<a href=""/flatknot/8.1101601"">8.1101601</a>",t^7-19t^5-28t^4+22t^3+24t^2-7t-4,-t^2+2t,,
8.1101602,O1O2O3U4O5U6U2O6U7O4O8U5U1U3O7U8,4,z^3+22z^2+88z+97,w^4z^3+22w^3z^2+88w^2z+97w,False,False,"[[ 0 -1  0  2 -1  0 -1 -1  2],[ 1  0  1  2  1  0  0  0  2],[ 0 -1  0  0  1 -1  0 -1  2],[-2 -2  0  0 -1 -1 -2 -2  1],[ 1 -1 -1  1  0  0  0  0  2],[ 0  0  1  1  0  0  0  0  0],[ 1  0  0  2  0  0  0  0  2],[ 1  0  1  2  0  0  0  0  2],[-2 -2 -2 -1 -2  0 -2 -2  0]]","[[ 0  2  2  0  0 -1 -1 -1 -1],[-2  0  1  0 -1 -1 -2 -2 -2],[-2 -1  0 -2  0 -2 -2 -2 -2],[ 0  0  2  0 -1  1  0 -1 -1],[ 0  1  0  1  0  0  0  0  0],[ 1  1  2 -1  0  0  0  0 -1],[ 1  2  2  0  0  0  0  0  0],[ 1  2  2  1  0  0  0  0  0],[ 1  2  2  1  0  1  0  0  0]]",True,"[-2,-2,0,0,1,1,1,1,-1,0,1,1,2,2,2,2,0,2,2,2,2,1,-1,0,1,1,0,0,0,0,0,0,1,0,0,0]","[-2,-2,0,0,1,1,1,1,-1,0,1,1,2,2,2,2,0,2,2,2,2,1,-1,0,1,1,0,0,0,0,0,0,1,0,0,0]",t^8+40t^6+176t^4+59t^2+4,"[-1,-1,-1,-1,0,0,2,2,-1,0,0,0,1,1,1,0,0,2,1,1,2,0,0,1,1,1,1,1,1,1,1,0,2,2,1,1]","[-2,-2,0,0,1,1,1,1,-1,0,2,1,1,1,1,2,1,1,1,1,2,-1,0,0,1,2,1,1,1,1,0,0,0,0,1,0]","[-1,-1,-1,-1,0,0,2,2,-1,0,0,-1,0,1,2,0,0,1,0,2,2,0,0,0,2,2,1,0,2,2,-1,0,2,1,0,1]",c,"[[{8, 7}, {5, 6}, {3, 4}, {1, 2}], [{8, 7}, {5, 6}, {3, 4}, {2}, {1}]]",1,- 8 K_1^2 - 4 K_1 K_2 + 2 K_1 + 4 K_2 + 2 K_3 + 5,O1O2O3U4O5U1U3U6O4O7U5O8U2U8O6U7,O1O2O3U4O5U2U6U3O7U1O8O6U8O4U7U5,O1O2O3U4U5O6U7O8O7U3O5U1U8U2O4U6,c,{'O1O2O3U4O5U6U2O6U7O4O8U5U1U3O7U8'},1,"<a href=""/flatknot/8.1101602"">8.1101602</a>",t^9-36t^7-60t^6+80t^5+62t^4-79t^3-8t^2+4t,-2t^2+4t,,
8.1101603,O1O2O3U4O5U6U2O6U7O4O8U5U1U8O7U3,4,z^3+25z^2+107z+123,w^4z^3+25w^3z^2+107w^2z+123w,False,False,"[[ 0 -1  0  2 -1  0 -1 -1  2],[ 1  0  1  2  1  0  0  0  2],[ 0 -1  0  0  1 -1  0  0  1],[-2 -2  0  0 -2 -1 -2 -2  1],[ 1 -1 -1  2  0  0  0  0  1],[ 0  0  1  1  0  0  0 -1  1],[ 1  0  0  2  0  0  0  0  2],[ 1  0  0  2  0  1  0  0  2],[-2 -2 -1 -1 -1 -1 -2 -2  0]]","[[ 0  2  2  0  0 -1 -1 -1 -1],[-2  0  1  0 -1 -2 -2 -2 -2],[-2 -1  0 -1 -1 -1 -2 -2 -2],[ 0  0  1  0 -1  1  0  0 -1],[ 0  1  1  1  0  0  0 -1  0],[ 1  2  1 -1  0  0  0  0 -1],[ 1  2  2  0  0  0  0  0  0],[ 1  2  2  0  1  0  0  0  0],[ 1  2  2  1  0  1  0  0  0]]",True,"[-2,-2,0,0,1,1,1,1,-1,0,1,2,2,2,2,1,1,1,2,2,2,1,-1,0,0,1,0,0,1,0,0,0,1,0,0,0]","[-2,-2,0,0,1,1,1,1,-1,0,1,2,2,2,2,1,1,1,2,2,2,1,-1,0,0,1,0,0,1,0,0,0,1,0,0,0]",t^8+38t^6+168t^4+116t^2+16,"[-1,-1,-1,-1,0,0,2,2,-1,0,0,0,1,1,1,0,0,2,1,1,2,0,1,0,1,1,1,1,1,1,1,2,1,1,1,-1]","[-2,-2,0,0,1,1,1,1,-1,1,1,1,1,1,2,1,2,1,1,1,1,1,0,1,1,1,1,0,1,2,0,0,0,0,1,0]","[-1,-1,-1,-1,0,0,2,2,-1,0,0,-1,0,1,2,0,0,1,0,2,2,0,0,0,2,2,0,1,2,2,-1,1,0,1,1,-1]",c,"[[{8, 1}, {2, 7}, {3, 6}, {4, 5}], [{8, 1}, {2, 7}, {4, 6}, {3, 5}], [{8, 1}, {2, 7}, {5, 6}, {3, 4}], [{8, 1}, {2, 7}, {5, 6}, {4}, {3}], [{8, 1}, {3, 7}, {2, 6}, {4, 5}], [{8, 1}, {3, 7}, {2, 6}, {5}, {4}], [{8, 1}, {3, 7}, {4, 6}, {2, 5}], [{8, 1}, {3, 7}, {5, 6}, {2, 4}], [{8, 1}, {3, 7}, {6}, {4, 5}, {2}], [{8, 1}, {4, 7}, {2, 6}, {3, 5}], [{8, 1}, {4, 7}, {3, 6}, {2, 5}], [{8, 1}, {4, 7}, {3, 6}, {5}, {2}], [{8, 1}, {4, 7}, {5, 6}, {2, 3}], [{8, 1}, {4, 7}, {5, 6}, {3}, {2}], [{8, 1}, {4, 7}, {6}, {3, 5}, {2}], [{8, 1}, {5, 7}, {2, 6}, {3, 4}], [{8, 1}, {5, 7}, {3, 6}, {2, 4}], [{8, 1}, {5, 7}, {3, 6}, {4}, {2}], [{8, 1}, {5, 7}, {4, 6}, {2, 3}], [{8, 1}, {5, 7}, {4, 6}, {3}, {2}], [{8, 1}, {5, 7}, {6}, {3, 4}, {2}], [{8, 1}, {6, 7}, {2, 5}, {3, 4}], [{8, 1}, {6, 7}, {3, 5}, {2, 4}], [{8, 1}, {6, 7}, {4, 5}, {2, 3}], [{8, 1}, {6, 7}, {4, 5}, {3}, {2}], [{8, 1}, {7}, {3, 6}, {4, 5}, {2}], [{8, 1}, {7}, {5, 6}, {2, 4}, {3}], [{8, 2}, {1, 7}, {3, 6}, {4, 5}], [{8, 2}, {1, 7}, {4, 6}, {3, 5}], [{8, 2}, {1, 7}, {5, 6}, {3, 4}], [{8, 2}, {3, 7}, {1, 6}, {4, 5}], [{8, 2}, {3, 7}, {4, 6}, {1, 5}], [{8, 2}, {3, 7}, {5, 6}, {1, 4}], [{8, 2}, {3, 7}, {6}, {5}, {1, 4}], [{8, 2}, {4, 7}, {1, 6}, {3, 5}], [{8, 2}, {4, 7}, {1, 6}, {5}, {3}], [{8, 2}, {4, 7}, {3, 6}, {1, 5}], [{8, 2}, {4, 7}, {5, 6}, {1, 3}], [{8, 2}, {5, 7}, {1, 6}, {3, 4}], [{8, 2}, {5, 7}, {3, 6}, {1, 4}], [{8, 2}, {5, 7}, {4, 6}, {1, 3}], [{8, 2}, {5, 7}, {6}, {4}, {1, 3}], [{8, 2}, {6, 7}, {1, 5}, {3, 4}], [{8, 2}, {6, 7}, {3, 5}, {1, 4}], [{8, 2}, {6, 7}, {4, 5}, {1, 3}], [{8, 2}, {6, 7}, {5}, {3, 4}, {1}], [{8, 2}, {7}, {3, 6}, {4, 5}, {1}], [{8, 3}, {1, 7}, {2, 6}, {4, 5}], [{8, 3}, {1, 7}, {4, 6}, {2, 5}], [{8, 3}, {1, 7}, {5, 6}, {2, 4}], [{8, 3}, {2, 7}, {1, 6}, {4, 5}], [{8, 3}, {2, 7}, {4, 6}, {1, 5}], [{8, 3}, {2, 7}, {5, 6}, {1, 4}], [{8, 3}, {2, 7}, {6}, {1, 5}, {4}], [{8, 3}, {2, 7}, {6}, {4, 5}, {1}], [{8, 3}, {2, 7}, {6}, {5}, {1, 4}], [{8, 3}, {4, 7}, {1, 6}, {2, 5}], [{8, 3}, {4, 7}, {1, 6}, {5}, {2}], [{8, 3}, {4, 7}, {2, 6}, {1, 5}], [{8, 3}, {4, 7}, {5, 6}, {1, 2}], [{8, 3}, {4, 7}, {5, 6}, {2}, {1}], [{8, 3}, {4, 7}, {6}, {1, 5}, {2}], [{8, 3}, {5, 7}, {1, 6}, {2, 4}], [{8, 3}, {5, 7}, {2, 6}, {1, 4}], [{8, 3}, {5, 7}, {4, 6}, {1, 2}], [{8, 3}, {6, 7}, {1, 5}, {2, 4}], [{8, 3}, {6, 7}, {2, 5}, {1, 4}], [{8, 3}, {6, 7}, {4, 5}, {1, 2}], [{8, 3}, {6, 7}, {5}, {2, 4}, {1}], [{8, 3}, {7}, {6}, {1, 5}, {2, 4}], [{8, 4}, {1, 7}, {2, 6}, {3, 5}], [{8, 4}, {1, 7}, {3, 6}, {2, 5}], [{8, 4}, {1, 7}, {5, 6}, {2, 3}], [{8, 4}, {2, 7}, {1, 6}, {3, 5}], [{8, 4}, {2, 7}, {3, 6}, {1, 5}], [{8, 4}, {2, 7}, {5, 6}, {1, 3}], [{8, 4}, {3, 7}, {1, 6}, {2, 5}], [{8, 4}, {3, 7}, {2, 6}, {1, 5}], [{8, 4}, {3, 7}, {5, 6}, {1, 2}], [{8, 4}, {3, 7}, {5, 6}, {2}, {1}], [{8, 4}, {5, 7}, {1, 6}, {2, 3}], [{8, 4}, {5, 7}, {2, 6}, {1, 3}], [{8, 4}, {5, 7}, {2, 6}, {3}, {1}], [{8, 4}, {5, 7}, {3, 6}, {1, 2}], [{8, 4}, {6, 7}, {1, 5}, {2, 3}], [{8, 4}, {6, 7}, {2, 5}, {1, 3}], [{8, 4}, {6, 7}, {3, 5}, {1, 2}], [{8, 4}, {7}, {3, 6}, {2, 5}, {1}], [{8, 5}, {1, 7}, {2, 6}, {3, 4}], [{8, 5}, {1, 7}, {2, 6}, {4}, {3}], [{8, 5}, {1, 7}, {3, 6}, {2, 4}], [{8, 5}, {1, 7}, {3, 6}, {4}, {2}], [{8, 5}, {1, 7}, {4, 6}, {2, 3}], [{8, 5}, {1, 7}, {4, 6}, {3}, {2}], [{8, 5}, {1, 7}, {6}, {2, 4}, {3}], [{8, 5}, {1, 7}, {6}, {3, 4}, {2}], [{8, 5}, {1, 7}, {6}, {4}, {2, 3}], [{8, 5}, {1, 7}, {6}, {4}, {3}, {2}], [{8, 5}, {2, 7}, {1, 6}, {3, 4}], [{8, 5}, {2, 7}, {3, 6}, {1, 4}], [{8, 5}, {2, 7}, {4, 6}, {1, 3}], [{8, 5}, {2, 7}, {6}, {1, 4}, {3}], [{8, 5}, {3, 7}, {1, 6}, {2, 4}], [{8, 5}, {3, 7}, {2, 6}, {1, 4}], [{8, 5}, {3, 7}, {2, 6}, {4}, {1}], [{8, 5}, {3, 7}, {4, 6}, {1, 2}], [{8, 5}, {3, 7}, {6}, {1, 4}, {2}], [{8, 5}, {4, 7}, {1, 6}, {2, 3}], [{8, 5}, {4, 7}, {1, 6}, {3}, {2}], [{8, 5}, {4, 7}, {2, 6}, {1, 3}], [{8, 5}, {4, 7}, {2, 6}, {3}, {1}], [{8, 5}, {4, 7}, {3, 6}, {1, 2}], [{8, 5}, {4, 7}, {3, 6}, {2}, {1}], [{8, 5}, {4, 7}, {6}, {1, 3}, {2}], [{8, 5}, {4, 7}, {6}, {2, 3}, {1}], [{8, 5}, {4, 7}, {6}, {3}, {1, 2}], [{8, 5}, {4, 7}, {6}, {3}, {2}, {1}], [{8, 5}, {6, 7}, {1, 4}, {2, 3}], [{8, 5}, {6, 7}, {1, 4}, {3}, {2}], [{8, 5}, {6, 7}, {2, 4}, {1, 3}], [{8, 5}, {6, 7}, {3, 4}, {1, 2}], [{8, 5}, {7}, {2, 6}, {1, 4}, {3}], [{8, 5}, {7}, {2, 6}, {3, 4}, {1}], [{8, 5}, {7}, {2, 6}, {4}, {1, 3}], [{8, 5}, {7}, {3, 6}, {1, 4}, {2}], [{8, 5}, {7}, {6}, {1, 4}, {2, 3}], [{8, 5}, {7}, {6}, {1, 4}, {3}, {2}], [{8, 6}, {1, 7}, {2, 5}, {3, 4}], [{8, 6}, {1, 7}, {3, 5}, {2, 4}], [{8, 6}, {1, 7}, {4, 5}, {2, 3}], [{8, 6}, {2, 7}, {1, 5}, {3, 4}], [{8, 6}, {2, 7}, {3, 5}, {1, 4}], [{8, 6}, {2, 7}, {4, 5}, {1, 3}], [{8, 6}, {3, 7}, {1, 5}, {2, 4}], [{8, 6}, {3, 7}, {2, 5}, {1, 4}], [{8, 6}, {3, 7}, {4, 5}, {1, 2}], [{8, 6}, {3, 7}, {4, 5}, {2}, {1}], [{8, 6}, {4, 7}, {1, 5}, {2, 3}], [{8, 6}, {4, 7}, {1, 5}, {3}, {2}], [{8, 6}, {4, 7}, {2, 5}, {1, 3}], [{8, 6}, {4, 7}, {3, 5}, {1, 2}], [{8, 6}, {4, 7}, {3, 5}, {2}, {1}], [{8, 6}, {4, 7}, {5}, {1, 3}, {2}], [{8, 6}, {5, 7}, {1, 4}, {2, 3}], [{8, 6}, {5, 7}, {2, 4}, {1, 3}], [{8, 6}, {5, 7}, {3, 4}, {1, 2}], [{8, 6}, {5, 7}, {3, 4}, {2}, {1}], [{8, 6}, {7}, {2, 5}, {4}, {1, 3}], [{8, 6}, {7}, {5}, {3, 4}, {1, 2}], [{8, 7}, {1, 6}, {2, 5}, {3, 4}], [{8, 7}, {1, 6}, {3, 5}, {2, 4}], [{8, 7}, {1, 6}, {4, 5}, {2, 3}], [{8, 7}, {2, 6}, {1, 5}, {3, 4}], [{8, 7}, {2, 6}, {3, 5}, {1, 4}], [{8, 7}, {2, 6}, {4, 5}, {1, 3}], [{8, 7}, {3, 6}, {1, 5}, {2, 4}], [{8, 7}, {3, 6}, {2, 5}, {1, 4}], [{8, 7}, {3, 6}, {4, 5}, {1, 2}], [{8, 7}, {4, 6}, {1, 5}, {2, 3}], [{8, 7}, {4, 6}, {2, 5}, {1, 3}], [{8, 7}, {4, 6}, {3, 5}, {1, 2}], [{8, 7}, {5, 6}, {1, 4}, {2, 3}], [{8, 7}, {5, 6}, {2, 4}, {1, 3}], [{8, 7}, {5, 6}, {3, 4}, {1, 2}], [{8, 7}, {5, 6}, {3, 4}, {2}, {1}], [{8, 7}, {6}, {2, 5}, {4}, {1, 3}], [{8}, {2, 7}, {1, 6}, {3, 5}, {4}], [{8}, {2, 7}, {1, 6}, {4, 5}, {3}], [{8}, {2, 7}, {1, 6}, {5}, {3, 4}], [{8}, {2, 7}, {4, 6}, {3, 5}, {1}], [{8}, {2, 7}, {6}, {3, 5}, {1, 4}], [{8}, {3, 7}, {1, 6}, {2, 5}, {4}], [{8}, {3, 7}, {1, 6}, {4, 5}, {2}], [{8}, {3, 7}, {1, 6}, {5}, {2, 4}], [{8}, {3, 7}, {2, 6}, {1, 5}, {4}], [{8}, {3, 7}, {4, 6}, {2, 5}, {1}], [{8}, {3, 7}, {6}, {2, 5}, {1, 4}], [{8}, {4, 7}, {1, 6}, {2, 5}, {3}], [{8}, {4, 7}, {1, 6}, {3, 5}, {2}], [{8}, {4, 7}, {1, 6}, {5}, {2, 3}], [{8}, {4, 7}, {1, 6}, {5}, {3}, {2}], [{8}, {4, 7}, {3, 6}, {1, 5}, {2}], [{8}, {4, 7}, {5, 6}, {1, 3}, {2}], [{8}, {5, 7}, {1, 6}, {2, 4}, {3}], [{8}, {5, 7}, {1, 6}, {3, 4}, {2}], [{8}, {5, 7}, {1, 6}, {4}, {2, 3}], [{8}, {6, 7}, {2, 5}, {4}, {1, 3}], [{8}, {6, 7}, {3, 5}, {4}, {1, 2}], [{8}, {7}, {1, 6}, {2, 5}, {3, 4}], [{8}, {7}, {1, 6}, {3, 5}, {2, 4}], [{8}, {7}, {1, 6}, {4, 5}, {2, 3}], [{8}, {7}, {3, 6}, {4, 5}, {1, 2}]]",2,- 8 K_1^2 - 4 K_1 K_2 + 2 K_1 + 4 K_2 + 2 K_3 + 5,O1O2O3U1O4U5U3U6O5O7U4O8U2U8O6U7,O1O2O3U4O5U2U6U5O7U1O8O6U8O4U7U3,O1O2O3U1U4O5U6O7O6U3O4U8U7U2O8U5,c,{'O1O2O3U4O5U6U2O6U7O4O8U5U1U8O7U3'},1,"<a href=""/flatknot/8.1101603"">8.1101603</a>",t^9-34t^7-54t^6+76t^5+110t^4-55t^3-52t^2+t+2,-2t^2+4t,,
8.1101604,O1O2O3U4O5U6U2O6U7O4O8U5U3U1O7U8,4,z^3+21z^2+87z+99,w^4z^3+21w^3z^2+87w^2z+99w,False,False,"[[ 0  0  0  1 -1  0 -1 -1  2],[ 0  0  0  1  0  0 -1 -1  2],[ 0  0  0  0  1 -1  0 -1  2],[-1 -1  0  0  0 -1 -1 -1  1],[ 1  0 -1  0  0  0  0  0  2],[ 0  0  1  1  0  0  0  0  0],[ 1  1  0  1  0  0  0  0  2],[ 1  1  1  1  0  0  0  0  2],[-2 -2 -2 -1 -2  0 -2 -2  0]]","[[ 0  2  1  0  0  0 -1 -1 -1],[-2  0 -1  0 -2 -2 -2 -2 -2],[-1  1  0 -1  0 -1  0 -1 -1],[ 0  0  1  0  1  0  0  0  0],[ 0  2  0 -1  0  0  1  0 -1],[ 0  2  1  0  0  0  0 -1 -1],[ 1  2  0  0 -1  0  0  0  0],[ 1  2  1  0  0  1  0  0  0],[ 1  2  1  0  1  1  0  0  0]]",True,"[-2,-1,0,0,0,1,1,1,1,0,2,2,2,2,2,1,0,1,0,1,1,-1,0,0,0,0,0,-1,0,1,0,1,1,0,0,0]","[-2,-1,0,0,0,1,1,1,0,0,0,2,1,1,1,0,1,0,1,1,2,0,0,0,0,1,-1,0,1,2,1,1,1,0,0,0]",t^8+30t^6+112t^4+48t^2+4,"[-1,-1,-1,0,0,0,1,2,0,0,0,0,1,1,1,0,0,1,1,1,1,1,2,1,2,1,0,0,0,0,1,1,0,0,2,0]","[-2,-1,0,0,0,1,1,1,0,0,0,2,1,1,1,0,1,0,1,1,2,0,0,0,0,1,-1,0,1,2,1,1,1,0,0,0]","[-1,-1,-1,0,0,0,1,2,0,0,-1,0,0,0,2,0,0,0,1,1,2,1,0,1,1,2,-1,0,0,2,0,1,0,1,2,1]",c,"[[{8, 1}, {2, 7}, {3, 6}, {4, 5}], [{8, 1}, {2, 7}, {4, 6}, {3, 5}], [{8, 1}, {2, 7}, {5, 6}, {3, 4}], [{8, 1}, {2, 7}, {6}, {4, 5}, {3}], [{8, 1}, {3, 7}, {2, 6}, {4, 5}], [{8, 1}, {3, 7}, {4, 6}, {2, 5}], [{8, 1}, {3, 7}, {5, 6}, {2, 4}], [{8, 1}, {3, 7}, {6}, {5}, {2, 4}], [{8, 1}, {4, 7}, {2, 6}, {3, 5}], [{8, 1}, {4, 7}, {3, 6}, {2, 5}], [{8, 1}, {4, 7}, {3, 6}, {5}, {2}], [{8, 1}, {4, 7}, {5, 6}, {2, 3}], [{8, 1}, {5, 7}, {2, 6}, {3, 4}], [{8, 1}, {5, 7}, {3, 6}, {2, 4}], [{8, 1}, {5, 7}, {4, 6}, {2, 3}], [{8, 1}, {6, 7}, {2, 5}, {3, 4}], [{8, 1}, {6, 7}, {3, 5}, {2, 4}], [{8, 1}, {6, 7}, {4, 5}, {2, 3}], [{8, 1}, {6, 7}, {4, 5}, {3}, {2}], [{8, 1}, {7}, {2, 6}, {3, 5}, {4}], [{8, 1}, {7}, {2, 6}, {4, 5}, {3}], [{8, 1}, {7}, {2, 6}, {5}, {3, 4}], [{8, 1}, {7}, {5, 6}, {3, 4}, {2}], [{8, 1}, {7}, {6}, {2, 5}, {3, 4}], [{8, 2}, {1, 7}, {3, 6}, {4, 5}], [{8, 2}, {1, 7}, {4, 6}, {3, 5}], [{8, 2}, {1, 7}, {5, 6}, {3, 4}], [{8, 2}, {1, 7}, {6}, {5}, {3, 4}], [{8, 2}, {3, 7}, {1, 6}, {4, 5}], [{8, 2}, {3, 7}, {4, 6}, {1, 5}], [{8, 2}, {3, 7}, {5, 6}, {1, 4}], [{8, 2}, {3, 7}, {5, 6}, {4}, {1}], [{8, 2}, {3, 7}, {6}, {5}, {1, 4}], [{8, 2}, {4, 7}, {1, 6}, {3, 5}], [{8, 2}, {4, 7}, {1, 6}, {5}, {3}], [{8, 2}, {4, 7}, {3, 6}, {1, 5}], [{8, 2}, {4, 7}, {5, 6}, {1, 3}], [{8, 2}, {4, 7}, {5, 6}, {3}, {1}], [{8, 2}, {4, 7}, {6}, {1, 5}, {3}], [{8, 2}, {5, 7}, {1, 6}, {3, 4}], [{8, 2}, {5, 7}, {3, 6}, {1, 4}], [{8, 2}, {5, 7}, {4, 6}, {1, 3}], [{8, 2}, {6, 7}, {1, 5}, {3, 4}], [{8, 2}, {6, 7}, {3, 5}, {1, 4}], [{8, 2}, {6, 7}, {4, 5}, {1, 3}], [{8, 2}, {7}, {5, 6}, {3, 4}, {1}], [{8, 3}, {1, 7}, {2, 6}, {4, 5}], [{8, 3}, {1, 7}, {4, 6}, {2, 5}], [{8, 3}, {1, 7}, {5, 6}, {2, 4}], [{8, 3}, {2, 7}, {1, 6}, {4, 5}], [{8, 3}, {2, 7}, {4, 6}, {1, 5}], [{8, 3}, {2, 7}, {5, 6}, {1, 4}], [{8, 3}, {2, 7}, {6}, {5}, {1, 4}], [{8, 3}, {4, 7}, {1, 6}, {2, 5}], [{8, 3}, {4, 7}, {2, 6}, {1, 5}], [{8, 3}, {4, 7}, {5, 6}, {1, 2}], [{8, 3}, {4, 7}, {6}, {5}, {1, 2}], [{8, 3}, {5, 7}, {1, 6}, {2, 4}], [{8, 3}, {5, 7}, {2, 6}, {1, 4}], [{8, 3}, {5, 7}, {4, 6}, {1, 2}], [{8, 3}, {5, 7}, {6}, {4}, {1, 2}], [{8, 3}, {6, 7}, {1, 5}, {2, 4}], [{8, 3}, {6, 7}, {1, 5}, {4}, {2}], [{8, 3}, {6, 7}, {2, 5}, {1, 4}], [{8, 3}, {6, 7}, {4, 5}, {1, 2}], [{8, 3}, {7}, {1, 6}, {5}, {2, 4}], [{8, 3}, {7}, {4, 6}, {2, 5}, {1}], [{8, 3}, {7}, {6}, {4, 5}, {1, 2}], [{8, 4}, {1, 7}, {2, 6}, {3, 5}], [{8, 4}, {1, 7}, {3, 6}, {2, 5}], [{8, 4}, {1, 7}, {3, 6}, {5}, {2}], [{8, 4}, {1, 7}, {5, 6}, {2, 3}], [{8, 4}, {2, 7}, {1, 6}, {3, 5}], [{8, 4}, {2, 7}, {3, 6}, {1, 5}], [{8, 4}, {2, 7}, {5, 6}, {1, 3}], [{8, 4}, {2, 7}, {6}, {5}, {1, 3}], [{8, 4}, {3, 7}, {1, 6}, {2, 5}], [{8, 4}, {3, 7}, {2, 6}, {1, 5}], [{8, 4}, {3, 7}, {5, 6}, {1, 2}], [{8, 4}, {3, 7}, {6}, {2, 5}, {1}], [{8, 4}, {5, 7}, {1, 6}, {2, 3}], [{8, 4}, {5, 7}, {2, 6}, {1, 3}], [{8, 4}, {5, 7}, {3, 6}, {1, 2}], [{8, 4}, {5, 7}, {3, 6}, {2}, {1}], [{8, 4}, {5, 7}, {6}, {3}, {1, 2}], [{8, 4}, {6, 7}, {1, 5}, {2, 3}], [{8, 4}, {6, 7}, {2, 5}, {1, 3}], [{8, 4}, {6, 7}, {3, 5}, {1, 2}], [{8, 4}, {7}, {3, 6}, {1, 5}, {2}], [{8, 5}, {1, 7}, {2, 6}, {3, 4}], [{8, 5}, {1, 7}, {2, 6}, {4}, {3}], [{8, 5}, {1, 7}, {3, 6}, {2, 4}], [{8, 5}, {1, 7}, {4, 6}, {2, 3}], [{8, 5}, {1, 7}, {4, 6}, {3}, {2}], [{8, 5}, {1, 7}, {6}, {2, 4}, {3}], [{8, 5}, {2, 7}, {1, 6}, {3, 4}], [{8, 5}, {2, 7}, {3, 6}, {1, 4}], [{8, 5}, {2, 7}, {3, 6}, {4}, {1}], [{8, 5}, {2, 7}, {4, 6}, {1, 3}], [{8, 5}, {3, 7}, {1, 6}, {2, 4}], [{8, 5}, {3, 7}, {2, 6}, {1, 4}], [{8, 5}, {3, 7}, {4, 6}, {1, 2}], [{8, 5}, {3, 7}, {6}, {2, 4}, {1}], [{8, 5}, {4, 7}, {1, 6}, {2, 3}], [{8, 5}, {4, 7}, {2, 6}, {1, 3}], [{8, 5}, {4, 7}, {3, 6}, {1, 2}], [{8, 5}, {4, 7}, {3, 6}, {2}, {1}], [{8, 5}, {6, 7}, {1, 4}, {2, 3}], [{8, 5}, {6, 7}, {1, 4}, {3}, {2}], [{8, 5}, {6, 7}, {2, 4}, {1, 3}], [{8, 5}, {6, 7}, {2, 4}, {3}, {1}], [{8, 5}, {6, 7}, {3, 4}, {1, 2}], [{8, 5}, {6, 7}, {3, 4}, {2}, {1}], [{8, 5}, {6, 7}, {4}, {1, 3}, {2}], [{8, 5}, {6, 7}, {4}, {2, 3}, {1}], [{8, 5}, {6, 7}, {4}, {3}, {1, 2}], [{8, 5}, {7}, {1, 6}, {2, 4}, {3}], [{8, 5}, {7}, {3, 6}, {2, 4}, {1}], [{8, 5}, {7}, {6}, {1, 4}, {2, 3}], [{8, 5}, {7}, {6}, {2, 4}, {1, 3}], [{8, 5}, {7}, {6}, {2, 4}, {3}, {1}], [{8, 5}, {7}, {6}, {3, 4}, {1, 2}], [{8, 6}, {1, 7}, {2, 5}, {3, 4}], [{8, 6}, {1, 7}, {2, 5}, {4}, {3}], [{8, 6}, {1, 7}, {3, 5}, {2, 4}], [{8, 6}, {1, 7}, {4, 5}, {2, 3}], [{8, 6}, {2, 7}, {1, 5}, {3, 4}], [{8, 6}, {2, 7}, {3, 5}, {1, 4}], [{8, 6}, {2, 7}, {4, 5}, {1, 3}], [{8, 6}, {2, 7}, {5}, {4}, {1, 3}], [{8, 6}, {3, 7}, {1, 5}, {2, 4}], [{8, 6}, {3, 7}, {2, 5}, {1, 4}], [{8, 6}, {3, 7}, {2, 5}, {4}, {1}], [{8, 6}, {3, 7}, {4, 5}, {1, 2}], [{8, 6}, {4, 7}, {1, 5}, {2, 3}], [{8, 6}, {4, 7}, {2, 5}, {1, 3}], [{8, 6}, {4, 7}, {3, 5}, {1, 2}], [{8, 6}, {4, 7}, {5}, {1, 3}, {2}], [{8, 6}, {5, 7}, {1, 4}, {2, 3}], [{8, 6}, {5, 7}, {1, 4}, {3}, {2}], [{8, 6}, {5, 7}, {2, 4}, {1, 3}], [{8, 6}, {5, 7}, {2, 4}, {3}, {1}], [{8, 6}, {5, 7}, {3, 4}, {1, 2}], [{8, 6}, {5, 7}, {3, 4}, {2}, {1}], [{8, 6}, {5, 7}, {4}, {1, 3}, {2}], [{8, 6}, {5, 7}, {4}, {2, 3}, {1}], [{8, 6}, {5, 7}, {4}, {3}, {1, 2}], [{8, 6}, {7}, {2, 5}, {4}, {1, 3}], [{8, 6}, {7}, {4, 5}, {1, 3}, {2}], [{8, 6}, {7}, {5}, {1, 4}, {2, 3}], [{8, 6}, {7}, {5}, {2, 4}, {1, 3}], [{8, 6}, {7}, {5}, {3, 4}, {1, 2}], [{8, 6}, {7}, {5}, {4}, {1, 3}, {2}], [{8, 7}, {1, 6}, {2, 5}, {3, 4}], [{8, 7}, {1, 6}, {2, 5}, {4}, {3}], [{8, 7}, {1, 6}, {3, 5}, {2, 4}], [{8, 7}, {1, 6}, {4, 5}, {2, 3}], [{8, 7}, {2, 6}, {1, 5}, {3, 4}], [{8, 7}, {2, 6}, {3, 5}, {1, 4}], [{8, 7}, {2, 6}, {4, 5}, {1, 3}], [{8, 7}, {2, 6}, {5}, {1, 4}, {3}], [{8, 7}, {3, 6}, {1, 5}, {2, 4}], [{8, 7}, {3, 6}, {1, 5}, {4}, {2}], [{8, 7}, {3, 6}, {2, 5}, {1, 4}], [{8, 7}, {3, 6}, {4, 5}, {1, 2}], [{8, 7}, {3, 6}, {4, 5}, {2}, {1}], [{8, 7}, {3, 6}, {5}, {1, 4}, {2}], [{8, 7}, {4, 6}, {1, 5}, {2, 3}], [{8, 7}, {4, 6}, {2, 5}, {1, 3}], [{8, 7}, {4, 6}, {2, 5}, {3}, {1}], [{8, 7}, {4, 6}, {3, 5}, {1, 2}], [{8, 7}, {5, 6}, {1, 4}, {2, 3}], [{8, 7}, {5, 6}, {1, 4}, {3}, {2}], [{8, 7}, {5, 6}, {2, 4}, {1, 3}], [{8, 7}, {5, 6}, {2, 4}, {3}, {1}], [{8, 7}, {5, 6}, {3, 4}, {1, 2}], [{8, 7}, {5, 6}, {3, 4}, {2}, {1}], [{8, 7}, {5, 6}, {4}, {1, 3}, {2}], [{8, 7}, {5, 6}, {4}, {2, 3}, {1}], [{8, 7}, {5, 6}, {4}, {3}, {1, 2}], [{8, 7}, {6}, {2, 5}, {1, 4}, {3}], [{8, 7}, {6}, {3, 5}, {1, 4}, {2}], [{8, 7}, {6}, {5}, {1, 4}, {2, 3}], [{8, 7}, {6}, {5}, {1, 4}, {3}, {2}], [{8, 7}, {6}, {5}, {2, 4}, {1, 3}], [{8, 7}, {6}, {5}, {3, 4}, {1, 2}], [{8}, {1, 7}, {5, 6}, {3, 4}, {2}], [{8}, {2, 7}, {4, 6}, {5}, {1, 3}], [{8}, {2, 7}, {5, 6}, {3, 4}, {1}], [{8}, {3, 7}, {4, 6}, {2, 5}, {1}], [{8}, {3, 7}, {6}, {1, 5}, {2, 4}], [{8}, {4, 7}, {3, 6}, {1, 5}, {2}], [{8}, {5, 7}, {3, 6}, {4}, {1, 2}], [{8}, {5, 7}, {4, 6}, {3}, {1, 2}], [{8}, {5, 7}, {6}, {1, 4}, {2, 3}], [{8}, {5, 7}, {6}, {2, 4}, {1, 3}], [{8}, {5, 7}, {6}, {3, 4}, {1, 2}], [{8}, {5, 7}, {6}, {4}, {3}, {1, 2}], [{8}, {6, 7}, {5}, {1, 4}, {2, 3}], [{8}, {6, 7}, {5}, {2, 4}, {1, 3}], [{8}, {6, 7}, {5}, {3, 4}, {1, 2}], [{8}, {7}, {1, 6}, {3, 5}, {2, 4}], [{8}, {7}, {5, 6}, {1, 4}, {2, 3}], [{8}, {7}, {5, 6}, {2, 4}, {1, 3}], [{8}, {7}, {5, 6}, {3, 4}, {1, 2}], [{8}, {7}, {5, 6}, {3, 4}, {2}, {1}], [{8}, {7}, {6}, {5}, {1, 4}, {2, 3}]]",2,8 K_1^3 - 18 K_1^2 - 8 K_1 K_2 - 2 K_1 + 9 K_2 + 2 K_3 + 10,O1O2O3U4O5U3U1U6O4O7U5O8U2U8O6U7,O1O2O3U4O5U3U6U2O7U1O8O6U8O4U7U5,O1O2O3U4U5O6U7O8O7U3O5U2U8U1O4U6,c,{'O1O2O3U4O5U6U2O6U7O4O8U5U3U1O7U8'},1,"<a href=""/flatknot/8.1101604"">8.1101604</a>",t^9-28t^7-44t^6+85t^5+132t^4-63t^3-84t^2+4t,-t^2+2t,,
8.1101605,O1O2O3U4O5U6U2O6U7O4O8U5U8U1O7U3,4,3z^3+30z^2+106z+117,3w^4z^3+30w^3z^2+106w^2z+117w,False,False,"[[ 0  0  0  2 -1  0 -1 -1  1],[ 0  0  1  1  0 -1 -1  0  1],[ 0 -1  0  0  1 -1  0  0  1],[-2 -1  0  0 -2 -1 -2 -2  1],[ 1  0 -1  2  0  0  0  0  0],[ 0  1  1  1  0  0  0 -1  1],[ 1  1  0  2  0  0  0  0  1],[ 1  0  0  2  0  1  0  0  1],[-1 -1 -1 -1  0 -1 -1 -1  0]]","[[ 0  2  1  0  0  0 -1 -1 -1],[-2  0  1  0 -1 -1 -2 -2 -2],[-1 -1  0 -1 -1 -1  0 -1 -1],[ 0  0  1  0 -1 -1  1  0  0],[ 0  1  1  1  0  1  0  0 -1],[ 0  1  1  1 -1  0  0 -1  0],[ 1  2  0 -1  0  0  0  0  0],[ 1  2  1  0  0  1  0  0  0],[ 1  2  1  0  1  0  0  0  0]]",True,"[-2,-1,0,0,0,1,1,1,-1,0,1,1,2,2,2,1,1,1,0,1,1,1,1,-1,0,0,-1,0,0,1,0,1,0,0,0,0]","[-2,-1,0,0,0,1,1,1,-1,0,1,1,2,2,2,1,1,1,0,1,1,1,1,-1,0,0,-1,0,0,1,0,1,0,0,0,0]",t^8+26t^6+135t^4+154t^2+25,"[-1,-1,-1,0,0,0,1,2,0,0,0,1,1,1,1,0,1,0,1,1,1,1,1,2,2,1,-1,-1,0,1,-1,0,1,0,2,2]","[-2,-1,0,0,0,1,1,1,2,1,1,2,1,1,1,0,0,0,1,1,2,-1,1,0,1,1,1,1,0,1,1,1,2,0,0,0]","[-1,-1,-1,0,0,0,1,2,0,0,-1,0,0,0,2,0,0,0,1,1,2,0,1,0,1,2,-1,-1,1,0,-1,1,1,1,1,-1]",c,"[[{8, 1}, {2, 7}, {3, 6}, {4, 5}], [{8, 1}, {2, 7}, {3, 6}, {5}, {4}], [{8, 1}, {2, 7}, {4, 6}, {3, 5}], [{8, 1}, {2, 7}, {5, 6}, {3, 4}], [{8, 1}, {3, 7}, {2, 6}, {4, 5}], [{8, 1}, {3, 7}, {4, 6}, {2, 5}], [{8, 1}, {3, 7}, {5, 6}, {2, 4}], [{8, 1}, {3, 7}, {6}, {4, 5}, {2}], [{8, 1}, {4, 7}, {2, 6}, {3, 5}], [{8, 1}, {4, 7}, {2, 6}, {5}, {3}], [{8, 1}, {4, 7}, {3, 6}, {2, 5}], [{8, 1}, {4, 7}, {5, 6}, {2, 3}], [{8, 1}, {5, 7}, {2, 6}, {3, 4}], [{8, 1}, {5, 7}, {3, 6}, {2, 4}], [{8, 1}, {5, 7}, {4, 6}, {2, 3}], [{8, 1}, {6, 7}, {2, 5}, {3, 4}], [{8, 1}, {6, 7}, {3, 5}, {2, 4}], [{8, 1}, {6, 7}, {4, 5}, {2, 3}], [{8, 1}, {6, 7}, {4, 5}, {3}, {2}], [{8, 1}, {7}, {3, 6}, {4, 5}, {2}], [{8, 1}, {7}, {4, 6}, {2, 5}, {3}], [{8, 2}, {1, 7}, {3, 6}, {4, 5}], [{8, 2}, {1, 7}, {4, 6}, {3, 5}], [{8, 2}, {1, 7}, {5, 6}, {3, 4}], [{8, 2}, {3, 7}, {1, 6}, {4, 5}], [{8, 2}, {3, 7}, {4, 6}, {1, 5}], [{8, 2}, {3, 7}, {5, 6}, {1, 4}], [{8, 2}, {3, 7}, {6}, {4, 5}, {1}], [{8, 2}, {4, 7}, {1, 6}, {3, 5}], [{8, 2}, {4, 7}, {1, 6}, {5}, {3}], [{8, 2}, {4, 7}, {3, 6}, {1, 5}], [{8, 2}, {4, 7}, {5, 6}, {1, 3}], [{8, 2}, {5, 7}, {1, 6}, {3, 4}], [{8, 2}, {5, 7}, {3, 6}, {1, 4}], [{8, 2}, {5, 7}, {4, 6}, {1, 3}], [{8, 2}, {5, 7}, {6}, {4}, {1, 3}], [{8, 2}, {6, 7}, {1, 5}, {3, 4}], [{8, 2}, {6, 7}, {3, 5}, {1, 4}], [{8, 2}, {6, 7}, {4, 5}, {1, 3}], [{8, 2}, {7}, {6}, {1, 5}, {3, 4}], [{8, 3}, {1, 7}, {2, 6}, {4, 5}], [{8, 3}, {1, 7}, {4, 6}, {2, 5}], [{8, 3}, {1, 7}, {5, 6}, {2, 4}], [{8, 3}, {1, 7}, {6}, {4, 5}, {2}], [{8, 3}, {2, 7}, {1, 6}, {4, 5}], [{8, 3}, {2, 7}, {4, 6}, {1, 5}], [{8, 3}, {2, 7}, {5, 6}, {1, 4}], [{8, 3}, {4, 7}, {1, 6}, {2, 5}], [{8, 3}, {4, 7}, {2, 6}, {1, 5}], [{8, 3}, {4, 7}, {2, 6}, {5}, {1}], [{8, 3}, {4, 7}, {5, 6}, {1, 2}], [{8, 3}, {5, 7}, {1, 6}, {2, 4}], [{8, 3}, {5, 7}, {2, 6}, {1, 4}], [{8, 3}, {5, 7}, {4, 6}, {1, 2}], [{8, 3}, {6, 7}, {1, 5}, {2, 4}], [{8, 3}, {6, 7}, {2, 5}, {1, 4}], [{8, 3}, {6, 7}, {2, 5}, {4}, {1}], [{8, 3}, {6, 7}, {4, 5}, {1, 2}], [{8, 3}, {6, 7}, {4, 5}, {2}, {1}], [{8, 3}, {6, 7}, {5}, {2, 4}, {1}], [{8, 3}, {7}, {1, 6}, {4, 5}, {2}], [{8, 3}, {7}, {6}, {1, 5}, {2, 4}], [{8, 4}, {1, 7}, {2, 6}, {3, 5}], [{8, 4}, {1, 7}, {3, 6}, {2, 5}], [{8, 4}, {1, 7}, {5, 6}, {2, 3}], [{8, 4}, {2, 7}, {1, 6}, {3, 5}], [{8, 4}, {2, 7}, {3, 6}, {1, 5}], [{8, 4}, {2, 7}, {5, 6}, {1, 3}], [{8, 4}, {3, 7}, {1, 6}, {2, 5}], [{8, 4}, {3, 7}, {2, 6}, {1, 5}], [{8, 4}, {3, 7}, {5, 6}, {1, 2}], [{8, 4}, {3, 7}, {6}, {2, 5}, {1}], [{8, 4}, {5, 7}, {1, 6}, {2, 3}], [{8, 4}, {5, 7}, {2, 6}, {1, 3}], [{8, 4}, {5, 7}, {3, 6}, {1, 2}], [{8, 4}, {6, 7}, {1, 5}, {2, 3}], [{8, 4}, {6, 7}, {2, 5}, {1, 3}], [{8, 4}, {6, 7}, {2, 5}, {3}, {1}], [{8, 4}, {6, 7}, {3, 5}, {1, 2}], [{8, 4}, {7}, {3, 6}, {2, 5}, {1}], [{8, 4}, {7}, {6}, {1, 5}, {2, 3}], [{8, 5}, {1, 7}, {2, 6}, {3, 4}], [{8, 5}, {1, 7}, {2, 6}, {4}, {3}], [{8, 5}, {1, 7}, {3, 6}, {2, 4}], [{8, 5}, {1, 7}, {3, 6}, {4}, {2}], [{8, 5}, {1, 7}, {4, 6}, {2, 3}], [{8, 5}, {1, 7}, {6}, {4}, {2, 3}], [{8, 5}, {2, 7}, {1, 6}, {3, 4}], [{8, 5}, {2, 7}, {3, 6}, {1, 4}], [{8, 5}, {2, 7}, {4, 6}, {1, 3}], [{8, 5}, {3, 7}, {1, 6}, {2, 4}], [{8, 5}, {3, 7}, {1, 6}, {4}, {2}], [{8, 5}, {3, 7}, {2, 6}, {1, 4}], [{8, 5}, {3, 7}, {4, 6}, {1, 2}], [{8, 5}, {3, 7}, {4, 6}, {2}, {1}], [{8, 5}, {3, 7}, {6}, {1, 4}, {2}], [{8, 5}, {4, 7}, {1, 6}, {2, 3}], [{8, 5}, {4, 7}, {2, 6}, {1, 3}], [{8, 5}, {4, 7}, {3, 6}, {1, 2}], [{8, 5}, {4, 7}, {3, 6}, {2}, {1}], [{8, 5}, {4, 7}, {6}, {3}, {1, 2}], [{8, 5}, {6, 7}, {1, 4}, {2, 3}], [{8, 5}, {6, 7}, {1, 4}, {3}, {2}], [{8, 5}, {6, 7}, {2, 4}, {1, 3}], [{8, 5}, {6, 7}, {3, 4}, {1, 2}], [{8, 5}, {7}, {3, 6}, {1, 4}, {2}], [{8, 6}, {1, 7}, {2, 5}, {3, 4}], [{8, 6}, {1, 7}, {3, 5}, {2, 4}], [{8, 6}, {1, 7}, {3, 5}, {4}, {2}], [{8, 6}, {1, 7}, {4, 5}, {2, 3}], [{8, 6}, {2, 7}, {1, 5}, {3, 4}], [{8, 6}, {2, 7}, {3, 5}, {1, 4}], [{8, 6}, {2, 7}, {3, 5}, {4}, {1}], [{8, 6}, {2, 7}, {4, 5}, {1, 3}], [{8, 6}, {3, 7}, {1, 5}, {2, 4}], [{8, 6}, {3, 7}, {1, 5}, {4}, {2}], [{8, 6}, {3, 7}, {2, 5}, {1, 4}], [{8, 6}, {3, 7}, {4, 5}, {1, 2}], [{8, 6}, {4, 7}, {1, 5}, {2, 3}], [{8, 6}, {4, 7}, {1, 5}, {3}, {2}], [{8, 6}, {4, 7}, {2, 5}, {1, 3}], [{8, 6}, {4, 7}, {3, 5}, {1, 2}], [{8, 6}, {5, 7}, {1, 4}, {2, 3}], [{8, 6}, {5, 7}, {2, 4}, {1, 3}], [{8, 6}, {5, 7}, {3, 4}, {1, 2}], [{8, 6}, {7}, {1, 5}, {3, 4}, {2}], [{8, 6}, {7}, {3, 5}, {4}, {1, 2}], [{8, 6}, {7}, {4, 5}, {1, 3}, {2}], [{8, 7}, {1, 6}, {2, 5}, {3, 4}], [{8, 7}, {1, 6}, {3, 5}, {2, 4}], [{8, 7}, {1, 6}, {3, 5}, {4}, {2}], [{8, 7}, {1, 6}, {4, 5}, {2, 3}], [{8, 7}, {2, 6}, {1, 5}, {3, 4}], [{8, 7}, {2, 6}, {3, 5}, {1, 4}], [{8, 7}, {2, 6}, {4, 5}, {1, 3}], [{8, 7}, {2, 6}, {4, 5}, {3}, {1}], [{8, 7}, {3, 6}, {1, 5}, {2, 4}], [{8, 7}, {3, 6}, {1, 5}, {4}, {2}], [{8, 7}, {3, 6}, {2, 5}, {1, 4}], [{8, 7}, {3, 6}, {4, 5}, {1, 2}], [{8, 7}, {4, 6}, {1, 5}, {2, 3}], [{8, 7}, {4, 6}, {1, 5}, {3}, {2}], [{8, 7}, {4, 6}, {2, 5}, {1, 3}], [{8, 7}, {4, 6}, {3, 5}, {1, 2}], [{8, 7}, {5, 6}, {1, 4}, {2, 3}], [{8, 7}, {5, 6}, {2, 4}, {1, 3}], [{8, 7}, {5, 6}, {2, 4}, {3}, {1}], [{8, 7}, {5, 6}, {3, 4}, {1, 2}], [{8, 7}, {6}, {1, 5}, {3, 4}, {2}], [{8, 7}, {6}, {2, 5}, {1, 4}, {3}], [{8, 7}, {6}, {4, 5}, {1, 3}, {2}], [{8}, {1, 7}, {2, 6}, {5}, {3, 4}], [{8}, {1, 7}, {5, 6}, {3, 4}, {2}], [{8}, {1, 7}, {6}, {2, 5}, {3, 4}], [{8}, {2, 7}, {1, 6}, {5}, {3, 4}], [{8}, {2, 7}, {5, 6}, {3, 4}, {1}], [{8}, {2, 7}, {6}, {1, 5}, {3, 4}], [{8}, {3, 7}, {6}, {4, 5}, {1, 2}], [{8}, {4, 7}, {2, 6}, {5}, {1, 3}], [{8}, {4, 7}, {3, 6}, {5}, {1, 2}], [{8}, {5, 7}, {1, 6}, {3, 4}, {2}], [{8}, {5, 7}, {2, 6}, {3, 4}, {1}], [{8}, {5, 7}, {3, 6}, {2, 4}, {1}], [{8}, {5, 7}, {6}, {3, 4}, {1, 2}], [{8}, {6, 7}, {1, 5}, {3, 4}, {2}], [{8}, {6, 7}, {2, 5}, {3, 4}, {1}], [{8}, {6, 7}, {4, 5}, {1, 3}, {2}], [{8}, {6, 7}, {5}, {3, 4}, {1, 2}], [{8}, {7}, {1, 6}, {2, 5}, {3, 4}], [{8}, {7}, {2, 6}, {1, 5}, {3, 4}], [{8}, {7}, {2, 6}, {3, 5}, {1, 4}], [{8}, {7}, {5, 6}, {3, 4}, {1, 2}], [{8}, {7}, {6}, {1, 5}, {3, 4}, {2}]]",2,4 K_1^3 - 14 K_1^2 - 8 K_1 K_2 + K_1 + 7 K_2 + 3 K_3 + 8,O1O2O3U1O4U3U5U6O5O7U4O8U2U8O6U7,O1O2O3U4O5U3U6U5O7U1O8O6U8O4U7U2,O1O2O3U2U4O5U6O7O6U3O4U8U7U1O8U5,c,{'O1O2O3U4O5U6U2O6U7O4O8U5U8U1O7U3'},1,"<a href=""/flatknot/8.1101605"">8.1101605</a>",t^9-24t^7-30t^6+70t^5+86t^4-63t^3-56t^2+16t+10,-t^2+2t,,
8.1101606,O1O2O3U4O5U6U3O6U1O4O7U2U8U5O8U7,3,7z^2+90z+153,7w^3z^2+90w^2z+153w,False,False,"[[ 0 -1 -1  1 -1  2 -1  2 -1],[ 1  0  0  1  0  2  0  2  0],[ 1  0  0  2  0  1  0  2  0],[-1 -1 -2  0  0 -1 -1  1 -2],[ 1  0  0  0  0  2  0  1  1],[-2 -2 -1  1 -2  0 -2  0 -2],[ 1  0  0  1  0  2  0  2  0],[-2 -2 -2 -1 -1  0 -2  0 -2],[ 1  0  0  2 -1  2  0  2  0]]","[[ 0  2  2  1 -1 -1 -1 -1 -1],[-2  0  0  1 -1 -2 -2 -2 -2],[-2  0  0 -1 -2 -1 -2 -2 -2],[-1 -1  1  0 -2  0 -1 -1 -2],[ 1  1  2  2  0  0  0  0  0],[ 1  2  1  0  0  0  0  0  1],[ 1  2  2  1  0  0  0  0  0],[ 1  2  2  1  0  0  0  0  0],[ 1  2  2  2  0 -1  0  0  0]]",True,"[-2,-2,-1,1,1,1,1,1,0,-1,1,2,2,2,2,1,2,1,2,2,2,2,0,1,1,2,0,0,0,0,0,0,-1,0,0,0]","[-2,-2,-1,1,1,1,1,1,0,-1,1,2,2,2,2,1,2,1,2,2,2,2,0,1,1,2,0,0,0,0,0,0,-1,0,0,0]",t^8+47t^6+220t^4+53t^2,"[-1,-1,-1,-1,-1,1,2,2,-1,0,0,0,2,1,2,0,0,0,0,1,1,0,0,0,2,1,0,1,1,1,1,1,1,2,0,0]","[-2,-2,-1,1,1,1,1,1,0,0,1,1,1,1,2,2,1,1,1,2,1,0,1,1,0,2,0,0,0,-1,0,0,0,0,0,0]","[-1,-1,-1,-1,-1,1,2,2,-1,0,0,0,2,2,2,0,0,0,0,1,2,0,0,1,2,2,0,1,2,2,2,2,1,1,-1,0]",c,"[[{8, 1}, {2, 7}, {3, 6}, {4, 5}], [{8, 1}, {2, 7}, {3, 6}, {5}, {4}], [{8, 1}, {2, 7}, {4, 6}, {3, 5}], [{8, 1}, {2, 7}, {4, 6}, {5}, {3}], [{8, 1}, {2, 7}, {5, 6}, {3, 4}], [{8, 1}, {2, 7}, {5, 6}, {4}, {3}], [{8, 1}, {2, 7}, {6}, {3, 5}, {4}], [{8, 1}, {2, 7}, {6}, {4, 5}, {3}], [{8, 1}, {2, 7}, {6}, {5}, {3, 4}], [{8, 1}, {3, 7}, {2, 6}, {4, 5}], [{8, 1}, {3, 7}, {4, 6}, {2, 5}], [{8, 1}, {3, 7}, {4, 6}, {5}, {2}], [{8, 1}, {3, 7}, {5, 6}, {2, 4}], [{8, 1}, {3, 7}, {5, 6}, {4}, {2}], [{8, 1}, {3, 7}, {6}, {4, 5}, {2}], [{8, 1}, {4, 7}, {2, 6}, {3, 5}], [{8, 1}, {4, 7}, {3, 6}, {2, 5}], [{8, 1}, {4, 7}, {3, 6}, {5}, {2}], [{8, 1}, {4, 7}, {5, 6}, {2, 3}], [{8, 1}, {4, 7}, {5, 6}, {3}, {2}], [{8, 1}, {4, 7}, {6}, {3, 5}, {2}], [{8, 1}, {5, 7}, {2, 6}, {3, 4}], [{8, 1}, {5, 7}, {3, 6}, {2, 4}], [{8, 1}, {5, 7}, {3, 6}, {4}, {2}], [{8, 1}, {5, 7}, {4, 6}, {2, 3}], [{8, 1}, {5, 7}, {4, 6}, {3}, {2}], [{8, 1}, {5, 7}, {6}, {3, 4}, {2}], [{8, 1}, {6, 7}, {2, 5}, {3, 4}], [{8, 1}, {6, 7}, {3, 5}, {2, 4}], [{8, 1}, {6, 7}, {3, 5}, {4}, {2}], [{8, 1}, {6, 7}, {4, 5}, {2, 3}], [{8, 1}, {6, 7}, {4, 5}, {3}, {2}], [{8, 1}, {6, 7}, {5}, {3, 4}, {2}], [{8, 1}, {7}, {2, 6}, {3, 5}, {4}], [{8, 1}, {7}, {2, 6}, {4, 5}, {3}], [{8, 1}, {7}, {2, 6}, {5}, {3, 4}], [{8, 1}, {7}, {3, 6}, {2, 5}, {4}], [{8, 1}, {7}, {3, 6}, {4, 5}, {2}], [{8, 1}, {7}, {3, 6}, {5}, {2, 4}], [{8, 1}, {7}, {3, 6}, {5}, {4}, {2}], [{8, 1}, {7}, {4, 6}, {2, 5}, {3}], [{8, 1}, {7}, {4, 6}, {3, 5}, {2}], [{8, 1}, {7}, {4, 6}, {5}, {2, 3}], [{8, 1}, {7}, {4, 6}, {5}, {3}, {2}], [{8, 1}, {7}, {5, 6}, {2, 4}, {3}], [{8, 1}, {7}, {5, 6}, {3, 4}, {2}], [{8, 1}, {7}, {5, 6}, {4}, {2, 3}], [{8, 1}, {7}, {5, 6}, {4}, {3}, {2}], [{8, 1}, {7}, {6}, {2, 5}, {3, 4}], [{8, 1}, {7}, {6}, {3, 5}, {2, 4}], [{8, 1}, {7}, {6}, {3, 5}, {4}, {2}], [{8, 1}, {7}, {6}, {4, 5}, {2, 3}], [{8, 1}, {7}, {6}, {4, 5}, {3}, {2}], [{8, 1}, {7}, {6}, {5}, {3, 4}, {2}], [{8, 2}, {1, 7}, {3, 6}, {4, 5}], [{8, 2}, {1, 7}, {4, 6}, {3, 5}], [{8, 2}, {1, 7}, {5, 6}, {3, 4}], [{8, 2}, {1, 7}, {6}, {3, 5}, {4}], [{8, 2}, {1, 7}, {6}, {4, 5}, {3}], [{8, 2}, {1, 7}, {6}, {5}, {3, 4}], [{8, 2}, {3, 7}, {1, 6}, {4, 5}], [{8, 2}, {3, 7}, {4, 6}, {1, 5}], [{8, 2}, {3, 7}, {5, 6}, {1, 4}], [{8, 2}, {3, 7}, {6}, {4, 5}, {1}], [{8, 2}, {4, 7}, {1, 6}, {3, 5}], [{8, 2}, {4, 7}, {3, 6}, {1, 5}], [{8, 2}, {4, 7}, {5, 6}, {1, 3}], [{8, 2}, {4, 7}, {6}, {3, 5}, {1}], [{8, 2}, {5, 7}, {1, 6}, {3, 4}], [{8, 2}, {5, 7}, {3, 6}, {1, 4}], [{8, 2}, {5, 7}, {4, 6}, {1, 3}], [{8, 2}, {5, 7}, {6}, {3, 4}, {1}], [{8, 2}, {6, 7}, {1, 5}, {3, 4}], [{8, 2}, {6, 7}, {3, 5}, {1, 4}], [{8, 2}, {6, 7}, {3, 5}, {4}, {1}], [{8, 2}, {6, 7}, {4, 5}, {1, 3}], [{8, 2}, {6, 7}, {4, 5}, {3}, {1}], [{8, 2}, {6, 7}, {5}, {3, 4}, {1}], [{8, 2}, {7}, {1, 6}, {3, 5}, {4}], [{8, 2}, {7}, {1, 6}, {4, 5}, {3}], [{8, 2}, {7}, {1, 6}, {5}, {3, 4}], [{8, 2}, {7}, {3, 6}, {4, 5}, {1}], [{8, 2}, {7}, {4, 6}, {3, 5}, {1}], [{8, 2}, {7}, {5, 6}, {3, 4}, {1}], [{8, 2}, {7}, {6}, {1, 5}, {3, 4}], [{8, 2}, {7}, {6}, {3, 5}, {1, 4}], [{8, 2}, {7}, {6}, {3, 5}, {4}, {1}], [{8, 2}, {7}, {6}, {4, 5}, {1, 3}], [{8, 2}, {7}, {6}, {4, 5}, {3}, {1}], [{8, 2}, {7}, {6}, {5}, {3, 4}, {1}], [{8, 3}, {1, 7}, {2, 6}, {4, 5}], [{8, 3}, {1, 7}, {4, 6}, {2, 5}], [{8, 3}, {1, 7}, {5, 6}, {2, 4}], [{8, 3}, {1, 7}, {6}, {4, 5}, {2}], [{8, 3}, {2, 7}, {1, 6}, {4, 5}], [{8, 3}, {2, 7}, {4, 6}, {1, 5}], [{8, 3}, {2, 7}, {5, 6}, {1, 4}], [{8, 3}, {2, 7}, {6}, {4, 5}, {1}], [{8, 3}, {4, 7}, {1, 6}, {2, 5}], [{8, 3}, {4, 7}, {2, 6}, {1, 5}], [{8, 3}, {4, 7}, {5, 6}, {1, 2}], [{8, 3}, {4, 7}, {6}, {2, 5}, {1}], [{8, 3}, {5, 7}, {1, 6}, {2, 4}], [{8, 3}, {5, 7}, {2, 6}, {1, 4}], [{8, 3}, {5, 7}, {4, 6}, {1, 2}], [{8, 3}, {5, 7}, {6}, {2, 4}, {1}], [{8, 3}, {6, 7}, {1, 5}, {2, 4}], [{8, 3}, {6, 7}, {2, 5}, {1, 4}], [{8, 3}, {6, 7}, {4, 5}, {1, 2}], [{8, 3}, {6, 7}, {4, 5}, {2}, {1}], [{8, 3}, {7}, {1, 6}, {4, 5}, {2}], [{8, 3}, {7}, {2, 6}, {4, 5}, {1}], [{8, 3}, {7}, {4, 6}, {1, 5}, {2}], [{8, 3}, {7}, {5, 6}, {1, 4}, {2}], [{8, 3}, {7}, {6}, {4, 5}, {1, 2}], [{8, 3}, {7}, {6}, {4, 5}, {2}, {1}], [{8, 4}, {1, 7}, {2, 6}, {3, 5}], [{8, 4}, {1, 7}, {3, 6}, {2, 5}], [{8, 4}, {1, 7}, {5, 6}, {2, 3}], [{8, 4}, {1, 7}, {6}, {3, 5}, {2}], [{8, 4}, {2, 7}, {1, 6}, {3, 5}], [{8, 4}, {2, 7}, {3, 6}, {1, 5}], [{8, 4}, {2, 7}, {5, 6}, {1, 3}], [{8, 4}, {2, 7}, {6}, {3, 5}, {1}], [{8, 4}, {3, 7}, {1, 6}, {2, 5}], [{8, 4}, {3, 7}, {2, 6}, {1, 5}], [{8, 4}, {3, 7}, {5, 6}, {1, 2}], [{8, 4}, {3, 7}, {6}, {2, 5}, {1}], [{8, 4}, {5, 7}, {1, 6}, {2, 3}], [{8, 4}, {5, 7}, {2, 6}, {1, 3}], [{8, 4}, {5, 7}, {3, 6}, {1, 2}], [{8, 4}, {5, 7}, {6}, {2, 3}, {1}], [{8, 4}, {6, 7}, {1, 5}, {2, 3}], [{8, 4}, {6, 7}, {2, 5}, {1, 3}], [{8, 4}, {6, 7}, {3, 5}, {1, 2}], [{8, 4}, {6, 7}, {3, 5}, {2}, {1}], [{8, 4}, {7}, {1, 6}, {3, 5}, {2}], [{8, 4}, {7}, {2, 6}, {3, 5}, {1}], [{8, 4}, {7}, {3, 6}, {1, 5}, {2}], [{8, 4}, {7}, {5, 6}, {1, 3}, {2}], [{8, 4}, {7}, {6}, {3, 5}, {1, 2}], [{8, 4}, {7}, {6}, {3, 5}, {2}, {1}], [{8, 5}, {1, 7}, {2, 6}, {3, 4}], [{8, 5}, {1, 7}, {3, 6}, {2, 4}], [{8, 5}, {1, 7}, {4, 6}, {2, 3}], [{8, 5}, {1, 7}, {6}, {3, 4}, {2}], [{8, 5}, {2, 7}, {1, 6}, {3, 4}], [{8, 5}, {2, 7}, {3, 6}, {1, 4}], [{8, 5}, {2, 7}, {4, 6}, {1, 3}], [{8, 5}, {2, 7}, {6}, {3, 4}, {1}], [{8, 5}, {3, 7}, {1, 6}, {2, 4}], [{8, 5}, {3, 7}, {2, 6}, {1, 4}], [{8, 5}, {3, 7}, {4, 6}, {1, 2}], [{8, 5}, {3, 7}, {6}, {2, 4}, {1}], [{8, 5}, {4, 7}, {1, 6}, {2, 3}], [{8, 5}, {4, 7}, {2, 6}, {1, 3}], [{8, 5}, {4, 7}, {3, 6}, {1, 2}], [{8, 5}, {4, 7}, {6}, {2, 3}, {1}], [{8, 5}, {6, 7}, {1, 4}, {2, 3}], [{8, 5}, {6, 7}, {2, 4}, {1, 3}], [{8, 5}, {6, 7}, {3, 4}, {1, 2}], [{8, 5}, {6, 7}, {3, 4}, {2}, {1}], [{8, 5}, {7}, {1, 6}, {3, 4}, {2}], [{8, 5}, {7}, {2, 6}, {3, 4}, {1}], [{8, 5}, {7}, {3, 6}, {1, 4}, {2}], [{8, 5}, {7}, {4, 6}, {1, 3}, {2}], [{8, 5}, {7}, {6}, {3, 4}, {1, 2}], [{8, 5}, {7}, {6}, {3, 4}, {2}, {1}], [{8, 6}, {1, 7}, {2, 5}, {3, 4}], [{8, 6}, {1, 7}, {3, 5}, {2, 4}], [{8, 6}, {1, 7}, {3, 5}, {4}, {2}], [{8, 6}, {1, 7}, {4, 5}, {2, 3}], [{8, 6}, {1, 7}, {4, 5}, {3}, {2}], [{8, 6}, {1, 7}, {5}, {3, 4}, {2}], [{8, 6}, {2, 7}, {1, 5}, {3, 4}], [{8, 6}, {2, 7}, {1, 5}, {4}, {3}], [{8, 6}, {2, 7}, {3, 5}, {1, 4}], [{8, 6}, {2, 7}, {3, 5}, {4}, {1}], [{8, 6}, {2, 7}, {4, 5}, {1, 3}], [{8, 6}, {2, 7}, {4, 5}, {3}, {1}], [{8, 6}, {2, 7}, {5}, {1, 4}, {3}], [{8, 6}, {2, 7}, {5}, {3, 4}, {1}], [{8, 6}, {2, 7}, {5}, {4}, {1, 3}], [{8, 6}, {3, 7}, {1, 5}, {2, 4}], [{8, 6}, {3, 7}, {1, 5}, {4}, {2}], [{8, 6}, {3, 7}, {2, 5}, {1, 4}], [{8, 6}, {3, 7}, {4, 5}, {1, 2}], [{8, 6}, {3, 7}, {4, 5}, {2}, {1}], [{8, 6}, {3, 7}, {5}, {1, 4}, {2}], [{8, 6}, {4, 7}, {1, 5}, {2, 3}], [{8, 6}, {4, 7}, {1, 5}, {3}, {2}], [{8, 6}, {4, 7}, {2, 5}, {1, 3}], [{8, 6}, {4, 7}, {3, 5}, {1, 2}], [{8, 6}, {4, 7}, {3, 5}, {2}, {1}], [{8, 6}, {4, 7}, {5}, {1, 3}, {2}], [{8, 6}, {5, 7}, {1, 4}, {2, 3}], [{8, 6}, {5, 7}, {1, 4}, {3}, {2}], [{8, 6}, {5, 7}, {2, 4}, {1, 3}], [{8, 6}, {5, 7}, {3, 4}, {1, 2}], [{8, 6}, {5, 7}, {3, 4}, {2}, {1}], [{8, 6}, {5, 7}, {4}, {1, 3}, {2}], [{8, 6}, {7}, {1, 5}, {2, 4}, {3}], [{8, 6}, {7}, {1, 5}, {3, 4}, {2}], [{8, 6}, {7}, {1, 5}, {4}, {2, 3}], [{8, 6}, {7}, {1, 5}, {4}, {3}, {2}], [{8, 6}, {7}, {2, 5}, {1, 4}, {3}], [{8, 6}, {7}, {2, 5}, {3, 4}, {1}], [{8, 6}, {7}, {2, 5}, {4}, {1, 3}], [{8, 6}, {7}, {3, 5}, {1, 4}, {2}], [{8, 6}, {7}, {3, 5}, {2, 4}, {1}], [{8, 6}, {7}, {3, 5}, {4}, {1, 2}], [{8, 6}, {7}, {3, 5}, {4}, {2}, {1}], [{8, 6}, {7}, {4, 5}, {1, 3}, {2}], [{8, 6}, {7}, {4, 5}, {2, 3}, {1}], [{8, 6}, {7}, {4, 5}, {3}, {1, 2}], [{8, 6}, {7}, {4, 5}, {3}, {2}, {1}], [{8, 6}, {7}, {5}, {1, 4}, {2, 3}], [{8, 6}, {7}, {5}, {1, 4}, {3}, {2}], [{8, 6}, {7}, {5}, {2, 4}, {1, 3}], [{8, 6}, {7}, {5}, {3, 4}, {1, 2}], [{8, 6}, {7}, {5}, {3, 4}, {2}, {1}], [{8, 6}, {7}, {5}, {4}, {1, 3}, {2}], [{8, 7}, {1, 6}, {2, 5}, {3, 4}], [{8, 7}, {1, 6}, {2, 5}, {4}, {3}], [{8, 7}, {1, 6}, {3, 5}, {2, 4}], [{8, 7}, {1, 6}, {3, 5}, {4}, {2}], [{8, 7}, {1, 6}, {4, 5}, {2, 3}], [{8, 7}, {1, 6}, {4, 5}, {3}, {2}], [{8, 7}, {1, 6}, {5}, {2, 4}, {3}], [{8, 7}, {1, 6}, {5}, {3, 4}, {2}], [{8, 7}, {1, 6}, {5}, {4}, {2, 3}], [{8, 7}, {2, 6}, {1, 5}, {3, 4}], [{8, 7}, {2, 6}, {3, 5}, {1, 4}], [{8, 7}, {2, 6}, {3, 5}, {4}, {1}], [{8, 7}, {2, 6}, {4, 5}, {1, 3}], [{8, 7}, {2, 6}, {4, 5}, {3}, {1}], [{8, 7}, {2, 6}, {5}, {3, 4}, {1}], [{8, 7}, {3, 6}, {1, 5}, {2, 4}], [{8, 7}, {3, 6}, {2, 5}, {1, 4}], [{8, 7}, {3, 6}, {2, 5}, {4}, {1}], [{8, 7}, {3, 6}, {4, 5}, {1, 2}], [{8, 7}, {3, 6}, {4, 5}, {2}, {1}], [{8, 7}, {3, 6}, {5}, {2, 4}, {1}], [{8, 7}, {4, 6}, {1, 5}, {2, 3}], [{8, 7}, {4, 6}, {2, 5}, {1, 3}], [{8, 7}, {4, 6}, {2, 5}, {3}, {1}], [{8, 7}, {4, 6}, {3, 5}, {1, 2}], [{8, 7}, {4, 6}, {3, 5}, {2}, {1}], [{8, 7}, {4, 6}, {5}, {2, 3}, {1}], [{8, 7}, {5, 6}, {1, 4}, {2, 3}], [{8, 7}, {5, 6}, {2, 4}, {1, 3}], [{8, 7}, {5, 6}, {2, 4}, {3}, {1}], [{8, 7}, {5, 6}, {3, 4}, {1, 2}], [{8, 7}, {5, 6}, {3, 4}, {2}, {1}], [{8, 7}, {5, 6}, {4}, {2, 3}, {1}], [{8, 7}, {6}, {1, 5}, {2, 4}, {3}], [{8, 7}, {6}, {1, 5}, {3, 4}, {2}], [{8, 7}, {6}, {1, 5}, {4}, {2, 3}], [{8, 7}, {6}, {2, 5}, {1, 4}, {3}], [{8, 7}, {6}, {2, 5}, {3, 4}, {1}], [{8, 7}, {6}, {2, 5}, {4}, {1, 3}], [{8, 7}, {6}, {2, 5}, {4}, {3}, {1}], [{8, 7}, {6}, {3, 5}, {1, 4}, {2}], [{8, 7}, {6}, {3, 5}, {2, 4}, {1}], [{8, 7}, {6}, {3, 5}, {4}, {1, 2}], [{8, 7}, {6}, {3, 5}, {4}, {2}, {1}], [{8, 7}, {6}, {4, 5}, {1, 3}, {2}], [{8, 7}, {6}, {4, 5}, {2, 3}, {1}], [{8, 7}, {6}, {4, 5}, {3}, {1, 2}], [{8, 7}, {6}, {4, 5}, {3}, {2}, {1}], [{8, 7}, {6}, {5}, {1, 4}, {2, 3}], [{8, 7}, {6}, {5}, {2, 4}, {1, 3}], [{8, 7}, {6}, {5}, {2, 4}, {3}, {1}], [{8, 7}, {6}, {5}, {3, 4}, {1, 2}], [{8, 7}, {6}, {5}, {3, 4}, {2}, {1}], [{8, 7}, {6}, {5}, {4}, {2, 3}, {1}], [{8}, {1, 7}, {2, 6}, {3, 5}, {4}], [{8}, {1, 7}, {2, 6}, {4, 5}, {3}], [{8}, {1, 7}, {2, 6}, {5}, {3, 4}], [{8}, {1, 7}, {3, 6}, {2, 5}, {4}], [{8}, {1, 7}, {3, 6}, {4, 5}, {2}], [{8}, {1, 7}, {3, 6}, {5}, {2, 4}], [{8}, {1, 7}, {4, 6}, {2, 5}, {3}], [{8}, {1, 7}, {4, 6}, {3, 5}, {2}], [{8}, {1, 7}, {4, 6}, {5}, {2, 3}], [{8}, {1, 7}, {5, 6}, {2, 4}, {3}], [{8}, {1, 7}, {5, 6}, {3, 4}, {2}], [{8}, {1, 7}, {5, 6}, {4}, {2, 3}], [{8}, {1, 7}, {6}, {2, 5}, {3, 4}], [{8}, {1, 7}, {6}, {3, 5}, {2, 4}], [{8}, {1, 7}, {6}, {3, 5}, {4}, {2}], [{8}, {1, 7}, {6}, {4, 5}, {2, 3}], [{8}, {1, 7}, {6}, {4, 5}, {3}, {2}], [{8}, {1, 7}, {6}, {5}, {3, 4}, {2}], [{8}, {2, 7}, {1, 6}, {3, 5}, {4}], [{8}, {2, 7}, {1, 6}, {4, 5}, {3}], [{8}, {2, 7}, {1, 6}, {5}, {3, 4}], [{8}, {2, 7}, {3, 6}, {4, 5}, {1}], [{8}, {2, 7}, {4, 6}, {3, 5}, {1}], [{8}, {2, 7}, {5, 6}, {3, 4}, {1}], [{8}, {2, 7}, {6}, {1, 5}, {3, 4}], [{8}, {2, 7}, {6}, {3, 5}, {1, 4}], [{8}, {2, 7}, {6}, {3, 5}, {4}, {1}], [{8}, {2, 7}, {6}, {4, 5}, {1, 3}], [{8}, {2, 7}, {6}, {4, 5}, {3}, {1}], [{8}, {2, 7}, {6}, {5}, {3, 4}, {1}], [{8}, {3, 7}, {1, 6}, {4, 5}, {2}], [{8}, {3, 7}, {2, 6}, {4, 5}, {1}], [{8}, {3, 7}, {6}, {4, 5}, {1, 2}], [{8}, {3, 7}, {6}, {4, 5}, {2}, {1}], [{8}, {4, 7}, {1, 6}, {3, 5}, {2}], [{8}, {4, 7}, {2, 6}, {3, 5}, {1}], [{8}, {4, 7}, {6}, {3, 5}, {1, 2}], [{8}, {4, 7}, {6}, {3, 5}, {2}, {1}], [{8}, {5, 7}, {1, 6}, {3, 4}, {2}], [{8}, {5, 7}, {2, 6}, {3, 4}, {1}], [{8}, {5, 7}, {6}, {3, 4}, {1, 2}], [{8}, {5, 7}, {6}, {3, 4}, {2}, {1}], [{8}, {6, 7}, {1, 5}, {2, 4}, {3}], [{8}, {6, 7}, {1, 5}, {3, 4}, {2}], [{8}, {6, 7}, {1, 5}, {4}, {2, 3}], [{8}, {6, 7}, {2, 5}, {1, 4}, {3}], [{8}, {6, 7}, {2, 5}, {3, 4}, {1}], [{8}, {6, 7}, {2, 5}, {4}, {1, 3}], [{8}, {6, 7}, {3, 5}, {1, 4}, {2}], [{8}, {6, 7}, {3, 5}, {2, 4}, {1}], [{8}, {6, 7}, {3, 5}, {4}, {1, 2}], [{8}, {6, 7}, {3, 5}, {4}, {2}, {1}], [{8}, {6, 7}, {4, 5}, {1, 3}, {2}], [{8}, {6, 7}, {4, 5}, {2, 3}, {1}], [{8}, {6, 7}, {4, 5}, {3}, {1, 2}], [{8}, {6, 7}, {4, 5}, {3}, {2}, {1}], [{8}, {6, 7}, {5}, {1, 4}, {2, 3}], [{8}, {6, 7}, {5}, {2, 4}, {1, 3}], [{8}, {6, 7}, {5}, {3, 4}, {1, 2}], [{8}, {6, 7}, {5}, {3, 4}, {2}, {1}], [{8}, {7}, {1, 6}, {2, 5}, {3, 4}], [{8}, {7}, {1, 6}, {3, 5}, {2, 4}], [{8}, {7}, {1, 6}, {3, 5}, {4}, {2}], [{8}, {7}, {1, 6}, {4, 5}, {2, 3}], [{8}, {7}, {1, 6}, {4, 5}, {3}, {2}], [{8}, {7}, {1, 6}, {5}, {3, 4}, {2}], [{8}, {7}, {2, 6}, {1, 5}, {3, 4}], [{8}, {7}, {2, 6}, {3, 5}, {1, 4}], [{8}, {7}, {2, 6}, {3, 5}, {4}, {1}], [{8}, {7}, {2, 6}, {4, 5}, {1, 3}], [{8}, {7}, {2, 6}, {4, 5}, {3}, {1}], [{8}, {7}, {2, 6}, {5}, {3, 4}, {1}], [{8}, {7}, {3, 6}, {4, 5}, {1, 2}], [{8}, {7}, {3, 6}, {4, 5}, {2}, {1}], [{8}, {7}, {4, 6}, {3, 5}, {1, 2}], [{8}, {7}, {4, 6}, {3, 5}, {2}, {1}], [{8}, {7}, {5, 6}, {3, 4}, {1, 2}], [{8}, {7}, {5, 6}, {3, 4}, {2}, {1}], [{8}, {7}, {6}, {1, 5}, {3, 4}, {2}], [{8}, {7}, {6}, {2, 5}, {3, 4}, {1}], [{8}, {7}, {6}, {3, 5}, {1, 4}, {2}], [{8}, {7}, {6}, {3, 5}, {2, 4}, {1}], [{8}, {7}, {6}, {3, 5}, {4}, {1, 2}], [{8}, {7}, {6}, {3, 5}, {4}, {2}, {1}], [{8}, {7}, {6}, {4, 5}, {1, 3}, {2}], [{8}, {7}, {6}, {4, 5}, {2, 3}, {1}], [{8}, {7}, {6}, {4, 5}, {3}, {1, 2}], [{8}, {7}, {6}, {4, 5}, {3}, {2}, {1}], [{8}, {7}, {6}, {5}, {3, 4}, {1, 2}], [{8}, {7}, {6}, {5}, {3, 4}, {2}, {1}]]",2,- 24 K_1^2 - 12 K_1 K_2 + 6 K_1 + 12 K_2 + 6 K_3 + 13,O1O2O3U4O5U6U5U2O4O7U3O8U1U8O6U7,O1O2O3U2O4U5U1U6O7U3O8O6U8O5U7U4,O1O2O3U4U5O6U7O8O7U1O5U8U3U6O4U2,c,{'O1O2O3U4O5U6U3O6U1O4O7U2U8U5O8U7'},1,"<a href=""/flatknot/8.1101606"">8.1101606</a>",t^9-43t^7-50t^6+140t^5+78t^4-54t^3-8t^2+8t,-2t^2+4t,,
8.1101607,O1O2O3U4O5U6U3O6U1O4O7U5U8U2O8U7,4,15z^2+100z+141,15w^3z^2+100w^2z+141w,False,False,"[[ 0 -1  1  1 -1  0 -1  2 -1],[ 1  0  1  1  0  1  0  2  0],[-1 -1  0  1 -1  0 -2  1 -1],[-1 -1 -1  0  0 -1 -1  1 -1],[ 1  0  1  0  0  0  0  1  0],[ 0 -1  0  1  0  0  0  1  0],[ 1  0  2  1  0  0  0  2  0],[-2 -2 -1 -1 -1 -1 -2  0 -2],[ 1  0  1  1  0  0  0  2  0]]","[[ 0  2  1  1  0 -1 -1 -1 -1],[-2  0 -1 -1 -1 -1 -2 -2 -2],[-1  1  0  1  0 -1 -1 -1 -2],[-1  1 -1  0 -1  0 -1 -1 -1],[ 0  1  0  1  0  0  0 -1  0],[ 1  1  1  0  0  0  0  0  0],[ 1  2  1  1  0  0  0  0  0],[ 1  2  1  1  1  0  0  0  0],[ 1  2  2  1  0  0  0  0  0]]",True,"[-2,-1,-1,0,1,1,1,1,1,1,1,1,2,2,2,-1,0,1,1,1,2,1,0,1,1,1,0,0,1,0,0,0,0,0,0,0]","[-2,-1,-1,0,1,1,1,1,0,0,1,1,1,1,2,-1,0,1,1,1,2,1,0,1,1,1,1,0,1,1,0,0,0,0,0,0]",t^8+29t^6+75t^4+38t^2+1,"[-1,-1,-1,-1,0,1,1,2,0,0,0,0,1,1,1,0,0,1,0,1,1,0,1,1,1,1,1,1,2,2,1,0,1,-1,0,0]","[-2,-1,-1,0,1,1,1,1,0,0,1,1,1,1,2,-1,0,1,1,1,2,1,0,1,1,1,1,0,1,1,0,0,0,0,0,0]","[-1,-1,-1,-1,0,1,1,2,0,0,0,0,0,1,1,0,0,0,1,1,2,0,0,1,2,2,1,1,1,2,1,0,1,-1,1,1]",c,"[[{8, 1}, {2, 7}, {3, 6}, {4, 5}], [{8, 1}, {2, 7}, {4, 6}, {3, 5}], [{8, 1}, {2, 7}, {5, 6}, {3, 4}], [{8, 1}, {2, 7}, {5, 6}, {4}, {3}], [{8, 1}, {3, 7}, {2, 6}, {4, 5}], [{8, 1}, {3, 7}, {4, 6}, {2, 5}], [{8, 1}, {3, 7}, {5, 6}, {2, 4}], [{8, 1}, {4, 7}, {2, 6}, {3, 5}], [{8, 1}, {4, 7}, {2, 6}, {5}, {3}], [{8, 1}, {4, 7}, {3, 6}, {2, 5}], [{8, 1}, {4, 7}, {5, 6}, {2, 3}], [{8, 1}, {5, 7}, {2, 6}, {3, 4}], [{8, 1}, {5, 7}, {3, 6}, {2, 4}], [{8, 1}, {5, 7}, {4, 6}, {2, 3}], [{8, 1}, {5, 7}, {4, 6}, {3}, {2}], [{8, 1}, {6, 7}, {2, 5}, {3, 4}], [{8, 1}, {6, 7}, {3, 5}, {2, 4}], [{8, 1}, {6, 7}, {4, 5}, {2, 3}], [{8, 1}, {6, 7}, {5}, {4}, {2, 3}], [{8, 1}, {7}, {3, 6}, {5}, {2, 4}], [{8, 1}, {7}, {6}, {2, 5}, {3, 4}], [{8, 1}, {7}, {6}, {4, 5}, {2, 3}], [{8, 2}, {1, 7}, {3, 6}, {4, 5}], [{8, 2}, {1, 7}, {4, 6}, {3, 5}], [{8, 2}, {1, 7}, {5, 6}, {3, 4}], [{8, 2}, {1, 7}, {5, 6}, {4}, {3}], [{8, 2}, {1, 7}, {6}, {5}, {3, 4}], [{8, 2}, {3, 7}, {1, 6}, {4, 5}], [{8, 2}, {3, 7}, {1, 6}, {5}, {4}], [{8, 2}, {3, 7}, {4, 6}, {1, 5}], [{8, 2}, {3, 7}, {5, 6}, {1, 4}], [{8, 2}, {4, 7}, {1, 6}, {3, 5}], [{8, 2}, {4, 7}, {1, 6}, {5}, {3}], [{8, 2}, {4, 7}, {3, 6}, {1, 5}], [{8, 2}, {4, 7}, {5, 6}, {1, 3}], [{8, 2}, {5, 7}, {1, 6}, {3, 4}], [{8, 2}, {5, 7}, {3, 6}, {1, 4}], [{8, 2}, {5, 7}, {4, 6}, {1, 3}], [{8, 2}, {6, 7}, {1, 5}, {3, 4}], [{8, 2}, {6, 7}, {3, 5}, {1, 4}], [{8, 2}, {6, 7}, {4, 5}, {1, 3}], [{8, 2}, {6, 7}, {5}, {3, 4}, {1}], [{8, 2}, {7}, {1, 6}, {5}, {3, 4}], [{8, 2}, {7}, {3, 6}, {4, 5}, {1}], [{8, 2}, {7}, {4, 6}, {1, 5}, {3}], [{8, 3}, {1, 7}, {2, 6}, {4, 5}], [{8, 3}, {1, 7}, {4, 6}, {2, 5}], [{8, 3}, {1, 7}, {4, 6}, {5}, {2}], [{8, 3}, {1, 7}, {5, 6}, {2, 4}], [{8, 3}, {2, 7}, {1, 6}, {4, 5}], [{8, 3}, {2, 7}, {4, 6}, {1, 5}], [{8, 3}, {2, 7}, {5, 6}, {1, 4}], [{8, 3}, {2, 7}, {6}, {4, 5}, {1}], [{8, 3}, {4, 7}, {1, 6}, {2, 5}], [{8, 3}, {4, 7}, {2, 6}, {1, 5}], [{8, 3}, {4, 7}, {5, 6}, {1, 2}], [{8, 3}, {4, 7}, {6}, {2, 5}, {1}], [{8, 3}, {5, 7}, {1, 6}, {2, 4}], [{8, 3}, {5, 7}, {2, 6}, {1, 4}], [{8, 3}, {5, 7}, {4, 6}, {1, 2}], [{8, 3}, {5, 7}, {6}, {2, 4}, {1}], [{8, 3}, {6, 7}, {1, 5}, {2, 4}], [{8, 3}, {6, 7}, {2, 5}, {1, 4}], [{8, 3}, {6, 7}, {4, 5}, {1, 2}], [{8, 3}, {6, 7}, {5}, {1, 4}, {2}], [{8, 3}, {7}, {2, 6}, {1, 5}, {4}], [{8, 3}, {7}, {5, 6}, {4}, {1, 2}], [{8, 4}, {1, 7}, {2, 6}, {3, 5}], [{8, 4}, {1, 7}, {3, 6}, {2, 5}], [{8, 4}, {1, 7}, {5, 6}, {2, 3}], [{8, 4}, {2, 7}, {1, 6}, {3, 5}], [{8, 4}, {2, 7}, {3, 6}, {1, 5}], [{8, 4}, {2, 7}, {5, 6}, {1, 3}], [{8, 4}, {3, 7}, {1, 6}, {2, 5}], [{8, 4}, {3, 7}, {2, 6}, {1, 5}], [{8, 4}, {3, 7}, {5, 6}, {1, 2}], [{8, 4}, {3, 7}, {6}, {2, 5}, {1}], [{8, 4}, {5, 7}, {1, 6}, {2, 3}], [{8, 4}, {5, 7}, {2, 6}, {1, 3}], [{8, 4}, {5, 7}, {3, 6}, {1, 2}], [{8, 4}, {5, 7}, {6}, {3}, {1, 2}], [{8, 4}, {6, 7}, {1, 5}, {2, 3}], [{8, 4}, {6, 7}, {2, 5}, {1, 3}], [{8, 4}, {6, 7}, {3, 5}, {1, 2}], [{8, 4}, {6, 7}, {5}, {3}, {1, 2}], [{8, 4}, {7}, {2, 6}, {1, 5}, {3}], [{8, 4}, {7}, {5, 6}, {3}, {1, 2}], [{8, 5}, {1, 7}, {2, 6}, {3, 4}], [{8, 5}, {1, 7}, {3, 6}, {2, 4}], [{8, 5}, {1, 7}, {4, 6}, {2, 3}], [{8, 5}, {1, 7}, {6}, {2, 4}, {3}], [{8, 5}, {1, 7}, {6}, {3, 4}, {2}], [{8, 5}, {1, 7}, {6}, {4}, {2, 3}], [{8, 5}, {2, 7}, {1, 6}, {3, 4}], [{8, 5}, {2, 7}, {3, 6}, {1, 4}], [{8, 5}, {2, 7}, {4, 6}, {1, 3}], [{8, 5}, {2, 7}, {6}, {4}, {1, 3}], [{8, 5}, {3, 7}, {1, 6}, {2, 4}], [{8, 5}, {3, 7}, {2, 6}, {1, 4}], [{8, 5}, {3, 7}, {4, 6}, {1, 2}], [{8, 5}, {4, 7}, {1, 6}, {2, 3}], [{8, 5}, {4, 7}, {2, 6}, {1, 3}], [{8, 5}, {4, 7}, {2, 6}, {3}, {1}], [{8, 5}, {4, 7}, {3, 6}, {1, 2}], [{8, 5}, {6, 7}, {1, 4}, {2, 3}], [{8, 5}, {6, 7}, {2, 4}, {1, 3}], [{8, 5}, {6, 7}, {2, 4}, {3}, {1}], [{8, 5}, {6, 7}, {3, 4}, {1, 2}], [{8, 5}, {6, 7}, {3, 4}, {2}, {1}], [{8, 5}, {6, 7}, {4}, {2, 3}, {1}], [{8, 5}, {7}, {1, 6}, {2, 4}, {3}], [{8, 5}, {7}, {1, 6}, {3, 4}, {2}], [{8, 5}, {7}, {1, 6}, {4}, {2, 3}], [{8, 5}, {7}, {4, 6}, {1, 3}, {2}], [{8, 6}, {1, 7}, {2, 5}, {3, 4}], [{8, 6}, {1, 7}, {3, 5}, {2, 4}], [{8, 6}, {1, 7}, {4, 5}, {2, 3}], [{8, 6}, {2, 7}, {1, 5}, {3, 4}], [{8, 6}, {2, 7}, {3, 5}, {1, 4}], [{8, 6}, {2, 7}, {4, 5}, {1, 3}], [{8, 6}, {3, 7}, {1, 5}, {2, 4}], [{8, 6}, {3, 7}, {2, 5}, {1, 4}], [{8, 6}, {3, 7}, {4, 5}, {1, 2}], [{8, 6}, {4, 7}, {1, 5}, {2, 3}], [{8, 6}, {4, 7}, {2, 5}, {1, 3}], [{8, 6}, {4, 7}, {3, 5}, {1, 2}], [{8, 6}, {5, 7}, {1, 4}, {2, 3}], [{8, 6}, {5, 7}, {1, 4}, {3}, {2}], [{8, 6}, {5, 7}, {2, 4}, {1, 3}], [{8, 6}, {5, 7}, {3, 4}, {1, 2}], [{8, 6}, {7}, {1, 5}, {2, 4}, {3}], [{8, 6}, {7}, {2, 5}, {3, 4}, {1}], [{8, 6}, {7}, {3, 5}, {2, 4}, {1}], [{8, 6}, {7}, {5}, {2, 4}, {1, 3}], [{8, 7}, {1, 6}, {2, 5}, {3, 4}], [{8, 7}, {1, 6}, {3, 5}, {2, 4}], [{8, 7}, {1, 6}, {4, 5}, {2, 3}], [{8, 7}, {1, 6}, {5}, {2, 4}, {3}], [{8, 7}, {1, 6}, {5}, {3, 4}, {2}], [{8, 7}, {1, 6}, {5}, {4}, {2, 3}], [{8, 7}, {2, 6}, {1, 5}, {3, 4}], [{8, 7}, {2, 6}, {1, 5}, {4}, {3}], [{8, 7}, {2, 6}, {3, 5}, {1, 4}], [{8, 7}, {2, 6}, {4, 5}, {1, 3}], [{8, 7}, {2, 6}, {4, 5}, {3}, {1}], [{8, 7}, {2, 6}, {5}, {1, 4}, {3}], [{8, 7}, {3, 6}, {1, 5}, {2, 4}], [{8, 7}, {3, 6}, {2, 5}, {1, 4}], [{8, 7}, {3, 6}, {4, 5}, {1, 2}], [{8, 7}, {3, 6}, {5}, {2, 4}, {1}], [{8, 7}, {4, 6}, {1, 5}, {2, 3}], [{8, 7}, {4, 6}, {2, 5}, {1, 3}], [{8, 7}, {4, 6}, {3, 5}, {1, 2}], [{8, 7}, {5, 6}, {1, 4}, {2, 3}], [{8, 7}, {5, 6}, {2, 4}, {1, 3}], [{8, 7}, {5, 6}, {3, 4}, {1, 2}], [{8, 7}, {5, 6}, {4}, {3}, {1, 2}], [{8, 7}, {6}, {2, 5}, {3, 4}, {1}], [{8, 7}, {6}, {5}, {2, 4}, {1, 3}], [{8}, {1, 7}, {2, 6}, {3, 5}, {4}], [{8}, {1, 7}, {3, 6}, {2, 5}, {4}], [{8}, {1, 7}, {3, 6}, {4, 5}, {2}], [{8}, {1, 7}, {3, 6}, {5}, {2, 4}], [{8}, {1, 7}, {4, 6}, {2, 5}, {3}], [{8}, {1, 7}, {6}, {2, 5}, {3, 4}], [{8}, {2, 7}, {1, 6}, {3, 5}, {4}], [{8}, {2, 7}, {1, 6}, {4, 5}, {3}], [{8}, {2, 7}, {1, 6}, {5}, {3, 4}], [{8}, {2, 7}, {3, 6}, {1, 5}, {4}], [{8}, {2, 7}, {4, 6}, {3, 5}, {1}], [{8}, {2, 7}, {6}, {3, 5}, {1, 4}], [{8}, {3, 7}, {2, 6}, {1, 5}, {4}], [{8}, {3, 7}, {4, 6}, {5}, {1, 2}], [{8}, {3, 7}, {5, 6}, {1, 4}, {2}], [{8}, {3, 7}, {5, 6}, {2, 4}, {1}], [{8}, {3, 7}, {5, 6}, {4}, {1, 2}], [{8}, {3, 7}, {6}, {4, 5}, {1, 2}], [{8}, {4, 7}, {2, 6}, {1, 5}, {3}], [{8}, {4, 7}, {5, 6}, {3}, {1, 2}], [{8}, {5, 7}, {1, 6}, {2, 4}, {3}], [{8}, {5, 7}, {1, 6}, {3, 4}, {2}], [{8}, {5, 7}, {1, 6}, {4}, {2, 3}], [{8}, {5, 7}, {2, 6}, {4}, {1, 3}], [{8}, {5, 7}, {4, 6}, {2, 3}, {1}], [{8}, {5, 7}, {6}, {1, 4}, {2, 3}], [{8}, {6, 7}, {1, 5}, {4}, {2, 3}], [{8}, {6, 7}, {2, 5}, {1, 4}, {3}], [{8}, {6, 7}, {2, 5}, {3, 4}, {1}], [{8}, {6, 7}, {2, 5}, {4}, {1, 3}], [{8}, {6, 7}, {4, 5}, {1, 3}, {2}], [{8}, {6, 7}, {5}, {2, 4}, {1, 3}], [{8}, {7}, {1, 6}, {2, 5}, {3, 4}], [{8}, {7}, {1, 6}, {5}, {3, 4}, {2}], [{8}, {7}, {2, 6}, {1, 5}, {3, 4}], [{8}, {7}, {2, 6}, {1, 5}, {4}, {3}], [{8}, {7}, {5, 6}, {3, 4}, {1, 2}], [{8}, {7}, {5, 6}, {4}, {3}, {1, 2}], [{8}, {7}, {6}, {2, 5}, {3, 4}, {1}]]",2,- 26 K_1^2 - 8 K_1 K_2 + 4 K_1 + 13 K_2 + 4 K_3 + 14,O1O2O3U4O5U2U5U6O4O7U3O8U1U8O6U7,O1O2O3U2O4U5U3U6O7U1O8O6U8O5U7U4,O1O2O3U4U5O6U7O8O7U3O5U8U1U6O4U2,c,{'O1O2O3U4O5U6U3O6U1O4O7U5U8U2O8U7'},1,"<a href=""/flatknot/8.1101607"">8.1101607</a>",t^9-27t^7-38t^6+50t^5+84t^4-8t^3-36t^2-4t+2,-t^2+2t,,
8.1101608,O1O2O3U4O5U6U3O6U1O4O7U5U8U7O8U2,4,16z^2+97z+131,16w^3z^2+97w^2z+131w,False,False,"[[ 0 -1  1  1 -1  0 -1  2 -1],[ 1  0  1  1  0  1  0  1  1],[-1 -1  0  1 -1 -1 -2  2 -2],[-1 -1 -1  0  0 -1 -1  1 -1],[ 1  0  1  0  0  0  0  1  0],[ 0 -1  1  1  0  0  0  1 -1],[ 1  0  2  1  0  0  0  2  0],[-2 -1 -2 -1 -1 -1 -2  0 -2],[ 1 -1  2  1  0  1  0  2  0]]","[[ 0  2  1  1  0 -1 -1 -1 -1],[-2  0 -1 -2 -1 -1 -1 -2 -2],[-1  1  0 -1 -1  0 -1 -1 -1],[-1  2  1  0 -1 -1 -1 -2 -2],[ 0  1  1  1  0  0 -1  0 -1],[ 1  1  0  1  0  0  0  0  0],[ 1  1  1  1  1  0  0  0  1],[ 1  2  1  2  0  0  0  0  0],[ 1  2  1  2  1  0 -1  0  0]]",True,"[-2,-1,-1,0,1,1,1,1,1,2,1,1,1,2,2,1,1,0,1,1,1,1,1,1,2,2,0,1,0,1,0,0,0,0,-1,0]","[-2,-1,-1,0,1,1,1,1,-1,0,1,1,1,2,2,1,0,0,0,1,1,0,1,1,1,2,0,1,0,1,0,-1,0,0,0,0]",t^8+35t^6+80t^4+44t^2,"[-1,-1,-1,-1,0,1,1,2,-1,0,0,0,1,1,2,0,0,0,0,1,1,0,1,0,1,1,1,1,2,2,0,0,1,-1,-1,0]","[-2,-1,-1,0,1,1,1,1,-1,0,1,1,1,2,2,1,0,0,0,1,1,0,1,1,1,2,0,1,0,1,0,-1,0,0,0,0]","[-1,-1,-1,-1,0,1,1,2,-1,0,0,1,1,2,2,0,0,1,1,1,1,0,0,0,1,1,0,1,2,2,1,1,1,-1,1,2]",c,"[[{8, 1}, {2, 7}, {3, 6}, {4, 5}], [{8, 1}, {2, 7}, {4, 6}, {3, 5}], [{8, 1}, {2, 7}, {5, 6}, {3, 4}], [{8, 1}, {2, 7}, {5, 6}, {4}, {3}], [{8, 1}, {3, 7}, {2, 6}, {4, 5}], [{8, 1}, {3, 7}, {4, 6}, {2, 5}], [{8, 1}, {3, 7}, {5, 6}, {2, 4}], [{8, 1}, {3, 7}, {6}, {4, 5}, {2}], [{8, 1}, {4, 7}, {2, 6}, {3, 5}], [{8, 1}, {4, 7}, {3, 6}, {2, 5}], [{8, 1}, {4, 7}, {5, 6}, {2, 3}], [{8, 1}, {5, 7}, {2, 6}, {3, 4}], [{8, 1}, {5, 7}, {3, 6}, {2, 4}], [{8, 1}, {5, 7}, {4, 6}, {2, 3}], [{8, 1}, {6, 7}, {2, 5}, {3, 4}], [{8, 1}, {6, 7}, {3, 5}, {2, 4}], [{8, 1}, {6, 7}, {4, 5}, {2, 3}], [{8, 1}, {6, 7}, {5}, {3, 4}, {2}], [{8, 2}, {1, 7}, {3, 6}, {4, 5}], [{8, 2}, {1, 7}, {4, 6}, {3, 5}], [{8, 2}, {1, 7}, {5, 6}, {3, 4}], [{8, 2}, {1, 7}, {5, 6}, {4}, {3}], [{8, 2}, {1, 7}, {6}, {5}, {3, 4}], [{8, 2}, {3, 7}, {1, 6}, {4, 5}], [{8, 2}, {3, 7}, {4, 6}, {1, 5}], [{8, 2}, {3, 7}, {5, 6}, {1, 4}], [{8, 2}, {3, 7}, {5, 6}, {4}, {1}], [{8, 2}, {4, 7}, {1, 6}, {3, 5}], [{8, 2}, {4, 7}, {3, 6}, {1, 5}], [{8, 2}, {4, 7}, {5, 6}, {1, 3}], [{8, 2}, {4, 7}, {5, 6}, {3}, {1}], [{8, 2}, {4, 7}, {6}, {5}, {1, 3}], [{8, 2}, {5, 7}, {1, 6}, {3, 4}], [{8, 2}, {5, 7}, {1, 6}, {4}, {3}], [{8, 2}, {5, 7}, {3, 6}, {1, 4}], [{8, 2}, {5, 7}, {3, 6}, {4}, {1}], [{8, 2}, {5, 7}, {4, 6}, {1, 3}], [{8, 2}, {5, 7}, {4, 6}, {3}, {1}], [{8, 2}, {5, 7}, {6}, {1, 4}, {3}], [{8, 2}, {5, 7}, {6}, {3, 4}, {1}], [{8, 2}, {5, 7}, {6}, {4}, {1, 3}], [{8, 2}, {5, 7}, {6}, {4}, {3}, {1}], [{8, 2}, {6, 7}, {1, 5}, {3, 4}], [{8, 2}, {6, 7}, {1, 5}, {4}, {3}], [{8, 2}, {6, 7}, {3, 5}, {1, 4}], [{8, 2}, {6, 7}, {3, 5}, {4}, {1}], [{8, 2}, {6, 7}, {4, 5}, {1, 3}], [{8, 2}, {6, 7}, {4, 5}, {3}, {1}], [{8, 2}, {6, 7}, {5}, {1, 4}, {3}], [{8, 2}, {6, 7}, {5}, {3, 4}, {1}], [{8, 2}, {6, 7}, {5}, {4}, {1, 3}], [{8, 2}, {6, 7}, {5}, {4}, {3}, {1}], [{8, 2}, {7}, {1, 6}, {5}, {3, 4}], [{8, 2}, {7}, {4, 6}, {5}, {1, 3}], [{8, 2}, {7}, {5, 6}, {1, 4}, {3}], [{8, 2}, {7}, {5, 6}, {3, 4}, {1}], [{8, 2}, {7}, {5, 6}, {4}, {1, 3}], [{8, 2}, {7}, {5, 6}, {4}, {3}, {1}], [{8, 2}, {7}, {6}, {1, 5}, {3, 4}], [{8, 2}, {7}, {6}, {4, 5}, {1, 3}], [{8, 3}, {1, 7}, {2, 6}, {4, 5}], [{8, 3}, {1, 7}, {4, 6}, {2, 5}], [{8, 3}, {1, 7}, {5, 6}, {2, 4}], [{8, 3}, {1, 7}, {5, 6}, {4}, {2}], [{8, 3}, {1, 7}, {6}, {5}, {2, 4}], [{8, 3}, {2, 7}, {1, 6}, {4, 5}], [{8, 3}, {2, 7}, {4, 6}, {1, 5}], [{8, 3}, {2, 7}, {5, 6}, {1, 4}], [{8, 3}, {4, 7}, {1, 6}, {2, 5}], [{8, 3}, {4, 7}, {2, 6}, {1, 5}], [{8, 3}, {4, 7}, {5, 6}, {1, 2}], [{8, 3}, {5, 7}, {1, 6}, {2, 4}], [{8, 3}, {5, 7}, {2, 6}, {1, 4}], [{8, 3}, {5, 7}, {4, 6}, {1, 2}], [{8, 3}, {6, 7}, {1, 5}, {2, 4}], [{8, 3}, {6, 7}, {2, 5}, {1, 4}], [{8, 3}, {6, 7}, {2, 5}, {4}, {1}], [{8, 3}, {6, 7}, {4, 5}, {1, 2}], [{8, 3}, {6, 7}, {4, 5}, {2}, {1}], [{8, 3}, {6, 7}, {5}, {2, 4}, {1}], [{8, 3}, {7}, {1, 6}, {5}, {2, 4}], [{8, 3}, {7}, {4, 6}, {1, 5}, {2}], [{8, 4}, {1, 7}, {2, 6}, {3, 5}], [{8, 4}, {1, 7}, {3, 6}, {2, 5}], [{8, 4}, {1, 7}, {5, 6}, {2, 3}], [{8, 4}, {1, 7}, {5, 6}, {3}, {2}], [{8, 4}, {2, 7}, {1, 6}, {3, 5}], [{8, 4}, {2, 7}, {1, 6}, {5}, {3}], [{8, 4}, {2, 7}, {3, 6}, {1, 5}], [{8, 4}, {2, 7}, {5, 6}, {1, 3}], [{8, 4}, {3, 7}, {1, 6}, {2, 5}], [{8, 4}, {3, 7}, {2, 6}, {1, 5}], [{8, 4}, {3, 7}, {5, 6}, {1, 2}], [{8, 4}, {5, 7}, {1, 6}, {2, 3}], [{8, 4}, {5, 7}, {2, 6}, {1, 3}], [{8, 4}, {5, 7}, {2, 6}, {3}, {1}], [{8, 4}, {5, 7}, {3, 6}, {1, 2}], [{8, 4}, {6, 7}, {1, 5}, {2, 3}], [{8, 4}, {6, 7}, {2, 5}, {1, 3}], [{8, 4}, {6, 7}, {2, 5}, {3}, {1}], [{8, 4}, {6, 7}, {3, 5}, {1, 2}], [{8, 4}, {6, 7}, {3, 5}, {2}, {1}], [{8, 4}, {6, 7}, {5}, {2, 3}, {1}], [{8, 4}, {7}, {3, 6}, {1, 5}, {2}], [{8, 5}, {1, 7}, {2, 6}, {3, 4}], [{8, 5}, {1, 7}, {3, 6}, {2, 4}], [{8, 5}, {1, 7}, {4, 6}, {2, 3}], [{8, 5}, {1, 7}, {4, 6}, {3}, {2}], [{8, 5}, {2, 7}, {1, 6}, {3, 4}], [{8, 5}, {2, 7}, {1, 6}, {4}, {3}], [{8, 5}, {2, 7}, {3, 6}, {1, 4}], [{8, 5}, {2, 7}, {4, 6}, {1, 3}], [{8, 5}, {2, 7}, {4, 6}, {3}, {1}], [{8, 5}, {2, 7}, {6}, {1, 4}, {3}], [{8, 5}, {3, 7}, {1, 6}, {2, 4}], [{8, 5}, {3, 7}, {2, 6}, {1, 4}], [{8, 5}, {3, 7}, {4, 6}, {1, 2}], [{8, 5}, {4, 7}, {1, 6}, {2, 3}], [{8, 5}, {4, 7}, {2, 6}, {1, 3}], [{8, 5}, {4, 7}, {3, 6}, {1, 2}], [{8, 5}, {6, 7}, {1, 4}, {2, 3}], [{8, 5}, {6, 7}, {2, 4}, {1, 3}], [{8, 5}, {6, 7}, {2, 4}, {3}, {1}], [{8, 5}, {6, 7}, {3, 4}, {1, 2}], [{8, 5}, {6, 7}, {3, 4}, {2}, {1}], [{8, 5}, {6, 7}, {4}, {2, 3}, {1}], [{8, 5}, {7}, {4, 6}, {3}, {1, 2}], [{8, 6}, {1, 7}, {2, 5}, {3, 4}], [{8, 6}, {1, 7}, {3, 5}, {2, 4}], [{8, 6}, {1, 7}, {4, 5}, {2, 3}], [{8, 6}, {1, 7}, {4, 5}, {3}, {2}], [{8, 6}, {2, 7}, {1, 5}, {3, 4}], [{8, 6}, {2, 7}, {3, 5}, {1, 4}], [{8, 6}, {2, 7}, {4, 5}, {1, 3}], [{8, 6}, {2, 7}, {5}, {4}, {1, 3}], [{8, 6}, {3, 7}, {1, 5}, {2, 4}], [{8, 6}, {3, 7}, {2, 5}, {1, 4}], [{8, 6}, {3, 7}, {4, 5}, {1, 2}], [{8, 6}, {3, 7}, {5}, {1, 4}, {2}], [{8, 6}, {3, 7}, {5}, {2, 4}, {1}], [{8, 6}, {3, 7}, {5}, {4}, {1, 2}], [{8, 6}, {4, 7}, {1, 5}, {2, 3}], [{8, 6}, {4, 7}, {2, 5}, {1, 3}], [{8, 6}, {4, 7}, {3, 5}, {1, 2}], [{8, 6}, {4, 7}, {5}, {3}, {1, 2}], [{8, 6}, {5, 7}, {1, 4}, {2, 3}], [{8, 6}, {5, 7}, {2, 4}, {1, 3}], [{8, 6}, {5, 7}, {2, 4}, {3}, {1}], [{8, 6}, {5, 7}, {3, 4}, {1, 2}], [{8, 6}, {7}, {1, 5}, {3, 4}, {2}], [{8, 6}, {7}, {2, 5}, {3, 4}, {1}], [{8, 6}, {7}, {3, 5}, {2, 4}, {1}], [{8, 6}, {7}, {4, 5}, {2, 3}, {1}], [{8, 6}, {7}, {5}, {3, 4}, {1, 2}], [{8, 7}, {1, 6}, {2, 5}, {3, 4}], [{8, 7}, {1, 6}, {3, 5}, {2, 4}], [{8, 7}, {1, 6}, {4, 5}, {2, 3}], [{8, 7}, {2, 6}, {1, 5}, {3, 4}], [{8, 7}, {2, 6}, {1, 5}, {4}, {3}], [{8, 7}, {2, 6}, {3, 5}, {1, 4}], [{8, 7}, {2, 6}, {4, 5}, {1, 3}], [{8, 7}, {2, 6}, {4, 5}, {3}, {1}], [{8, 7}, {2, 6}, {5}, {1, 4}, {3}], [{8, 7}, {3, 6}, {1, 5}, {2, 4}], [{8, 7}, {3, 6}, {2, 5}, {1, 4}], [{8, 7}, {3, 6}, {4, 5}, {1, 2}], [{8, 7}, {3, 6}, {4, 5}, {2}, {1}], [{8, 7}, {4, 6}, {1, 5}, {2, 3}], [{8, 7}, {4, 6}, {2, 5}, {1, 3}], [{8, 7}, {4, 6}, {3, 5}, {1, 2}], [{8, 7}, {5, 6}, {1, 4}, {2, 3}], [{8, 7}, {5, 6}, {2, 4}, {1, 3}], [{8, 7}, {5, 6}, {3, 4}, {1, 2}], [{8, 7}, {5, 6}, {4}, {3}, {1, 2}], [{8, 7}, {6}, {1, 5}, {3, 4}, {2}], [{8, 7}, {6}, {2, 5}, {3, 4}, {1}], [{8, 7}, {6}, {3, 5}, {2, 4}, {1}], [{8, 7}, {6}, {4, 5}, {2, 3}, {1}], [{8, 7}, {6}, {5}, {3, 4}, {1, 2}], [{8}, {1, 7}, {5, 6}, {2, 4}, {3}], [{8}, {1, 7}, {5, 6}, {3, 4}, {2}], [{8}, {1, 7}, {5, 6}, {4}, {2, 3}], [{8}, {1, 7}, {5, 6}, {4}, {3}, {2}], [{8}, {2, 7}, {1, 6}, {4, 5}, {3}], [{8}, {2, 7}, {6}, {1, 5}, {3, 4}], [{8}, {3, 7}, {6}, {1, 5}, {2, 4}], [{8}, {4, 7}, {1, 6}, {3, 5}, {2}], [{8}, {4, 7}, {3, 6}, {2, 5}, {1}], [{8}, {4, 7}, {6}, {1, 5}, {2, 3}], [{8}, {5, 7}, {1, 6}, {3, 4}, {2}], [{8}, {5, 7}, {3, 6}, {1, 4}, {2}], [{8}, {6, 7}, {1, 5}, {3, 4}, {2}], [{8}, {6, 7}, {2, 5}, {3, 4}, {1}], [{8}, {6, 7}, {3, 5}, {2, 4}, {1}], [{8}, {6, 7}, {4, 5}, {2, 3}, {1}], [{8}, {6, 7}, {5}, {3, 4}, {1, 2}], [{8}, {6, 7}, {5}, {3, 4}, {2}, {1}], [{8}, {7}, {2, 6}, {1, 5}, {3, 4}], [{8}, {7}, {2, 6}, {3, 5}, {1, 4}], [{8}, {7}, {3, 6}, {4, 5}, {1, 2}], [{8}, {7}, {6}, {1, 5}, {3, 4}, {2}]]",2,16 K_1^3 - 30 K_1^2 - 28 K_1 K_2 + 2 K_1 + 15 K_2 + 10 K_3 + 16,O1O2O3U2O4U5U4U6O5O7U3O8U1U8O6U7,O1O2O3U2O4U5U4U6O7U1O8O6U8O5U7U3,O1O2O3U1U4O5U6O7O6U3O4U7U8U5O8U2,c,{'O1O2O3U4O5U6U3O6U1O4O7U5U8U7O8U2'},1,"<a href=""/flatknot/8.1101608"">8.1101608</a>",t^9-33t^7-88t^6-23t^5+128t^4+87t^3-54t^2-50t-6,-t^2+2t,,
8.1101609,O1O2O3U4O5U6U3O6U2O4O7U1U8U7O8U5,4,20z^2+105z+131,20w^3z^2+105w^2z+131w,False,False,"[[ 0 -2  0  1 -1  2 -1  2 -1],[ 2  0  1  2  0  3  1  1  1],[ 0 -1  0  1 -1  1 -1  0  0],[-1 -2 -1  0  0 -1 -1  0 -1],[ 1  0  1  0  0  2  0  2  0],[-2 -3 -1  1 -2  0 -2  1 -3],[ 1 -1  1  1  0  2  0  2  0],[-2 -1  0  0 -2 -1 -2  0 -2],[ 1 -1  0  1  0  3  0  2  0]]","[[ 0  2  2  1  0 -1 -1 -1 -2],[-2  0  1  1 -1 -2 -2 -3 -3],[-2 -1  0  0  0 -2 -2 -2 -1],[-1 -1  0  0 -1  0 -1 -1 -2],[ 0  1  0  1  0 -1 -1  0 -1],[ 1  2  2  0  1  0  0  0  0],[ 1  2  2  1  1  0  0  0 -1],[ 1  3  2  1  0  0  0  0 -1],[ 2  3  1  2  1  0  1  1  0]]",True,"[-2,-2,-1,0,1,1,1,2,-1,-1,1,2,2,3,3,0,0,2,2,2,1,1,0,1,1,2,1,1,0,1,0,0,0,0,1,1]","[-2,-2,-1,0,1,1,1,2,-1,-1,1,2,2,3,3,0,0,2,2,2,1,1,0,1,1,2,1,1,0,1,0,0,0,0,1,1]",t^8+54t^6+248t^4+171t^2+1,"[-2,-1,-1,-1,0,1,2,2,0,0,1,1,1,1,3,0,0,0,1,1,1,0,1,1,0,1,0,2,1,1,0,1,2,2,1,-1]","[-2,-2,-1,0,1,1,1,2,-1,1,2,1,1,1,3,2,1,0,1,1,1,0,1,1,2,1,1,0,0,1,0,0,0,0,0,1]","[-2,-1,-1,-1,0,1,2,2,0,1,1,1,2,1,3,0,0,1,0,2,2,0,0,1,2,3,1,1,2,2,1,0,1,0,-1,-1]",c,"[[{8, 1}, {2, 7}, {3, 6}, {4, 5}], [{8, 1}, {2, 7}, {4, 6}, {3, 5}], [{8, 1}, {2, 7}, {5, 6}, {3, 4}], [{8, 1}, {3, 7}, {2, 6}, {4, 5}], [{8, 1}, {3, 7}, {2, 6}, {5}, {4}], [{8, 1}, {3, 7}, {4, 6}, {2, 5}], [{8, 1}, {3, 7}, {4, 6}, {5}, {2}], [{8, 1}, {3, 7}, {5, 6}, {2, 4}], [{8, 1}, {3, 7}, {5, 6}, {4}, {2}], [{8, 1}, {3, 7}, {6}, {2, 5}, {4}], [{8, 1}, {3, 7}, {6}, {4, 5}, {2}], [{8, 1}, {3, 7}, {6}, {5}, {2, 4}], [{8, 1}, {4, 7}, {2, 6}, {3, 5}], [{8, 1}, {4, 7}, {3, 6}, {2, 5}], [{8, 1}, {4, 7}, {5, 6}, {2, 3}], [{8, 1}, {5, 7}, {2, 6}, {3, 4}], [{8, 1}, {5, 7}, {3, 6}, {2, 4}], [{8, 1}, {5, 7}, {4, 6}, {2, 3}], [{8, 1}, {6, 7}, {2, 5}, {3, 4}], [{8, 1}, {6, 7}, {3, 5}, {2, 4}], [{8, 1}, {6, 7}, {4, 5}, {2, 3}], [{8, 1}, {6, 7}, {4, 5}, {3}, {2}], [{8, 1}, {7}, {3, 6}, {4, 5}, {2}], [{8, 2}, {1, 7}, {3, 6}, {4, 5}], [{8, 2}, {1, 7}, {3, 6}, {5}, {4}], [{8, 2}, {1, 7}, {4, 6}, {3, 5}], [{8, 2}, {1, 7}, {5, 6}, {3, 4}], [{8, 2}, {1, 7}, {6}, {4, 5}, {3}], [{8, 2}, {3, 7}, {1, 6}, {4, 5}], [{8, 2}, {3, 7}, {4, 6}, {1, 5}], [{8, 2}, {3, 7}, {5, 6}, {1, 4}], [{8, 2}, {3, 7}, {5, 6}, {4}, {1}], [{8, 2}, {3, 7}, {6}, {5}, {1, 4}], [{8, 2}, {4, 7}, {1, 6}, {3, 5}], [{8, 2}, {4, 7}, {3, 6}, {1, 5}], [{8, 2}, {4, 7}, {5, 6}, {1, 3}], [{8, 2}, {5, 7}, {1, 6}, {3, 4}], [{8, 2}, {5, 7}, {3, 6}, {1, 4}], [{8, 2}, {5, 7}, {4, 6}, {1, 3}], [{8, 2}, {5, 7}, {6}, {4}, {1, 3}], [{8, 2}, {6, 7}, {1, 5}, {3, 4}], [{8, 2}, {6, 7}, {3, 5}, {1, 4}], [{8, 2}, {6, 7}, {3, 5}, {4}, {1}], [{8, 2}, {6, 7}, {4, 5}, {1, 3}], [{8, 3}, {1, 7}, {2, 6}, {4, 5}], [{8, 3}, {1, 7}, {4, 6}, {2, 5}], [{8, 3}, {1, 7}, {5, 6}, {2, 4}], [{8, 3}, {1, 7}, {6}, {2, 5}, {4}], [{8, 3}, {2, 7}, {1, 6}, {4, 5}], [{8, 3}, {2, 7}, {4, 6}, {1, 5}], [{8, 3}, {2, 7}, {5, 6}, {1, 4}], [{8, 3}, {2, 7}, {6}, {4, 5}, {1}], [{8, 3}, {4, 7}, {1, 6}, {2, 5}], [{8, 3}, {4, 7}, {2, 6}, {1, 5}], [{8, 3}, {4, 7}, {2, 6}, {5}, {1}], [{8, 3}, {4, 7}, {5, 6}, {1, 2}], [{8, 3}, {5, 7}, {1, 6}, {2, 4}], [{8, 3}, {5, 7}, {2, 6}, {1, 4}], [{8, 3}, {5, 7}, {4, 6}, {1, 2}], [{8, 3}, {5, 7}, {6}, {1, 4}, {2}], [{8, 3}, {6, 7}, {1, 5}, {2, 4}], [{8, 3}, {6, 7}, {2, 5}, {1, 4}], [{8, 3}, {6, 7}, {4, 5}, {1, 2}], [{8, 3}, {6, 7}, {5}, {1, 4}, {2}], [{8, 3}, {7}, {2, 6}, {1, 5}, {4}], [{8, 3}, {7}, {4, 6}, {5}, {1, 2}], [{8, 3}, {7}, {5, 6}, {1, 4}, {2}], [{8, 4}, {1, 7}, {2, 6}, {3, 5}], [{8, 4}, {1, 7}, {2, 6}, {5}, {3}], [{8, 4}, {1, 7}, {3, 6}, {2, 5}], [{8, 4}, {1, 7}, {3, 6}, {5}, {2}], [{8, 4}, {1, 7}, {5, 6}, {2, 3}], [{8, 4}, {1, 7}, {5, 6}, {3}, {2}], [{8, 4}, {1, 7}, {6}, {2, 5}, {3}], [{8, 4}, {1, 7}, {6}, {3, 5}, {2}], [{8, 4}, {1, 7}, {6}, {5}, {2, 3}], [{8, 4}, {1, 7}, {6}, {5}, {3}, {2}], [{8, 4}, {2, 7}, {1, 6}, {3, 5}], [{8, 4}, {2, 7}, {1, 6}, {5}, {3}], [{8, 4}, {2, 7}, {3, 6}, {1, 5}], [{8, 4}, {2, 7}, {5, 6}, {1, 3}], [{8, 4}, {2, 7}, {6}, {3, 5}, {1}], [{8, 4}, {3, 7}, {1, 6}, {2, 5}], [{8, 4}, {3, 7}, {2, 6}, {1, 5}], [{8, 4}, {3, 7}, {2, 6}, {5}, {1}], [{8, 4}, {3, 7}, {5, 6}, {1, 2}], [{8, 4}, {3, 7}, {5, 6}, {2}, {1}], [{8, 4}, {3, 7}, {6}, {2, 5}, {1}], [{8, 4}, {5, 7}, {1, 6}, {2, 3}], [{8, 4}, {5, 7}, {2, 6}, {1, 3}], [{8, 4}, {5, 7}, {2, 6}, {3}, {1}], [{8, 4}, {5, 7}, {3, 6}, {1, 2}], [{8, 4}, {6, 7}, {1, 5}, {2, 3}], [{8, 4}, {6, 7}, {2, 5}, {1, 3}], [{8, 4}, {6, 7}, {3, 5}, {1, 2}], [{8, 4}, {6, 7}, {3, 5}, {2}, {1}], [{8, 4}, {6, 7}, {5}, {3}, {1, 2}], [{8, 4}, {7}, {1, 6}, {3, 5}, {2}], [{8, 4}, {7}, {2, 6}, {1, 5}, {3}], [{8, 4}, {7}, {2, 6}, {3, 5}, {1}], [{8, 4}, {7}, {2, 6}, {5}, {1, 3}], [{8, 4}, {7}, {2, 6}, {5}, {3}, {1}], [{8, 4}, {7}, {5, 6}, {1, 3}, {2}], [{8, 4}, {7}, {6}, {2, 5}, {1, 3}], [{8, 4}, {7}, {6}, {3, 5}, {1, 2}], [{8, 5}, {1, 7}, {2, 6}, {3, 4}], [{8, 5}, {1, 7}, {3, 6}, {2, 4}], [{8, 5}, {1, 7}, {3, 6}, {4}, {2}], [{8, 5}, {1, 7}, {4, 6}, {2, 3}], [{8, 5}, {1, 7}, {6}, {2, 4}, {3}], [{8, 5}, {2, 7}, {1, 6}, {3, 4}], [{8, 5}, {2, 7}, {3, 6}, {1, 4}], [{8, 5}, {2, 7}, {4, 6}, {1, 3}], [{8, 5}, {2, 7}, {6}, {4}, {1, 3}], [{8, 5}, {3, 7}, {1, 6}, {2, 4}], [{8, 5}, {3, 7}, {2, 6}, {1, 4}], [{8, 5}, {3, 7}, {2, 6}, {4}, {1}], [{8, 5}, {3, 7}, {4, 6}, {1, 2}], [{8, 5}, {3, 7}, {6}, {1, 4}, {2}], [{8, 5}, {4, 7}, {1, 6}, {2, 3}], [{8, 5}, {4, 7}, {2, 6}, {1, 3}], [{8, 5}, {4, 7}, {3, 6}, {1, 2}], [{8, 5}, {6, 7}, {1, 4}, {2, 3}], [{8, 5}, {6, 7}, {2, 4}, {1, 3}], [{8, 5}, {6, 7}, {3, 4}, {1, 2}], [{8, 6}, {1, 7}, {2, 5}, {3, 4}], [{8, 6}, {1, 7}, {2, 5}, {4}, {3}], [{8, 6}, {1, 7}, {3, 5}, {2, 4}], [{8, 6}, {1, 7}, {4, 5}, {2, 3}], [{8, 6}, {2, 7}, {1, 5}, {3, 4}], [{8, 6}, {2, 7}, {3, 5}, {1, 4}], [{8, 6}, {2, 7}, {4, 5}, {1, 3}], [{8, 6}, {2, 7}, {5}, {1, 4}, {3}], [{8, 6}, {3, 7}, {1, 5}, {2, 4}], [{8, 6}, {3, 7}, {2, 5}, {1, 4}], [{8, 6}, {3, 7}, {2, 5}, {4}, {1}], [{8, 6}, {3, 7}, {4, 5}, {1, 2}], [{8, 6}, {3, 7}, {5}, {1, 4}, {2}], [{8, 6}, {4, 7}, {1, 5}, {2, 3}], [{8, 6}, {4, 7}, {2, 5}, {1, 3}], [{8, 6}, {4, 7}, {3, 5}, {1, 2}], [{8, 6}, {5, 7}, {1, 4}, {2, 3}], [{8, 6}, {5, 7}, {2, 4}, {1, 3}], [{8, 6}, {5, 7}, {3, 4}, {1, 2}], [{8, 6}, {5, 7}, {3, 4}, {2}, {1}], [{8, 6}, {7}, {2, 5}, {4}, {1, 3}], [{8, 6}, {7}, {4, 5}, {1, 3}, {2}], [{8, 6}, {7}, {5}, {1, 4}, {2, 3}], [{8, 6}, {7}, {5}, {2, 4}, {1, 3}], [{8, 7}, {1, 6}, {2, 5}, {3, 4}], [{8, 7}, {1, 6}, {3, 5}, {2, 4}], [{8, 7}, {1, 6}, {4, 5}, {2, 3}], [{8, 7}, {1, 6}, {5}, {4}, {2, 3}], [{8, 7}, {2, 6}, {1, 5}, {3, 4}], [{8, 7}, {2, 6}, {1, 5}, {4}, {3}], [{8, 7}, {2, 6}, {3, 5}, {1, 4}], [{8, 7}, {2, 6}, {4, 5}, {1, 3}], [{8, 7}, {2, 6}, {5}, {3, 4}, {1}], [{8, 7}, {3, 6}, {1, 5}, {2, 4}], [{8, 7}, {3, 6}, {2, 5}, {1, 4}], [{8, 7}, {3, 6}, {4, 5}, {1, 2}], [{8, 7}, {3, 6}, {4, 5}, {2}, {1}], [{8, 7}, {4, 6}, {1, 5}, {2, 3}], [{8, 7}, {4, 6}, {2, 5}, {1, 3}], [{8, 7}, {4, 6}, {3, 5}, {1, 2}], [{8, 7}, {5, 6}, {1, 4}, {2, 3}], [{8, 7}, {5, 6}, {1, 4}, {3}, {2}], [{8, 7}, {5, 6}, {2, 4}, {1, 3}], [{8, 7}, {5, 6}, {3, 4}, {1, 2}], [{8, 7}, {6}, {2, 5}, {4}, {1, 3}], [{8, 7}, {6}, {4, 5}, {3}, {1, 2}], [{8}, {1, 7}, {3, 6}, {2, 5}, {4}], [{8}, {1, 7}, {3, 6}, {4, 5}, {2}], [{8}, {1, 7}, {3, 6}, {5}, {2, 4}], [{8}, {1, 7}, {4, 6}, {2, 5}, {3}], [{8}, {1, 7}, {6}, {2, 5}, {3, 4}], [{8}, {1, 7}, {6}, {2, 5}, {4}, {3}], [{8}, {2, 7}, {3, 6}, {1, 5}, {4}], [{8}, {2, 7}, {5, 6}, {3, 4}, {1}], [{8}, {3, 7}, {1, 6}, {2, 5}, {4}], [{8}, {3, 7}, {2, 6}, {1, 5}, {4}], [{8}, {3, 7}, {2, 6}, {4, 5}, {1}], [{8}, {3, 7}, {2, 6}, {5}, {1, 4}], [{8}, {3, 7}, {2, 6}, {5}, {4}, {1}], [{8}, {3, 7}, {4, 6}, {2, 5}, {1}], [{8}, {3, 7}, {5, 6}, {1, 4}, {2}], [{8}, {3, 7}, {5, 6}, {2, 4}, {1}], [{8}, {3, 7}, {5, 6}, {4}, {1, 2}], [{8}, {3, 7}, {5, 6}, {4}, {2}, {1}], [{8}, {3, 7}, {6}, {2, 5}, {1, 4}], [{8}, {3, 7}, {6}, {2, 5}, {4}, {1}], [{8}, {4, 7}, {2, 6}, {1, 5}, {3}], [{8}, {4, 7}, {5, 6}, {2, 3}, {1}], [{8}, {4, 7}, {6}, {2, 5}, {1, 3}], [{8}, {5, 7}, {1, 6}, {2, 4}, {3}], [{8}, {6, 7}, {1, 5}, {4}, {2, 3}], [{8}, {6, 7}, {2, 5}, {4}, {1, 3}], [{8}, {6, 7}, {3, 5}, {2, 4}, {1}], [{8}, {7}, {2, 6}, {1, 5}, {3, 4}], [{8}, {7}, {4, 6}, {2, 5}, {1, 3}], [{8}, {7}, {6}, {2, 5}, {4}, {1, 3}]]",2,24 K_1^3 - 34 K_1^2 - 24 K_1 K_2 - 6 K_1 + 17 K_2 + 6 K_3 + 18,O1O2O3U4O5U6U5U3O6O7U2O8U1U8O4U7,O1O2O3U2O4U1U5U6O7U4O8O6U8O5U7U3,O1O2O3U1U4O5U6O7O6U8O4U7U5U3O8U2,c,{'O1O2O3U4O5U6U3O6U2O4O7U1U8U7O8U5'},1,"<a href=""/flatknot/8.1101609"">8.1101609</a>",t^9-52t^7-122t^6+123t^5+366t^4-94t^3-220t^2+113t-14,-t^2+2t,,
8.1101610,O1O2O3U4O5U6U3O6U2O4O7U5U8U1O8U7,3,18z^2+93z+115,18w^3z^2+93w^2z+115w,False,False,"[[ 0  0  0  1 -1  0 -1  2 -1],[ 0  0  0  1 -1  1 -1  1  0],[ 0  0  0  1 -1  1 -1  1  0],[-1 -1 -1  0  0 -1 -1  1 -1],[ 1  1  1  0  0  0  0  1  0],[ 0 -1 -1  1  0  0  0  1  0],[ 1  1  1  1  0  0  0  2  0],[-2 -1 -1 -1 -1 -1 -2  0 -2],[ 1  0  0  1  0  0  0  2  0]]","[[ 0  2  1  0  0  0 -1 -1 -1],[-2  0 -1 -1 -1 -1 -1 -2 -2],[-1  1  0 -1 -1 -1  0 -1 -1],[ 0  1  1  0  1  0 -1  0 -1],[ 0  1  1 -1  0 -1  0  0  0],[ 0  1  1  0  1  0 -1  0 -1],[ 1  1  0  1  0  1  0  0  0],[ 1  2  1  0  0  0  0  0  0],[ 1  2  1  1  0  1  0  0  0]]",True,"[-2,-1,0,0,0,1,1,1,1,1,1,1,1,2,2,1,1,1,0,1,1,-1,0,1,0,1,1,0,0,0,1,0,1,0,0,0]","[-2,-1,0,0,0,1,1,1,0,1,1,1,1,1,2,0,0,0,1,1,2,-1,-1,1,1,1,0,0,1,0,0,1,0,0,0,0]",t^8+24t^6+95t^4+6t^2,"[-1,-1,-1,0,0,0,1,2,0,0,0,0,1,1,1,0,0,0,1,2,2,1,1,1,1,1,0,-1,0,1,-1,0,1,0,1,0]","[-2,-1,0,0,0,1,1,1,0,1,1,1,1,1,2,0,0,0,1,1,2,-1,-1,1,1,1,0,0,1,0,0,1,0,0,0,0]","[-1,-1,-1,0,0,0,1,2,0,0,0,0,0,1,2,0,0,1,1,0,1,0,1,1,1,2,-1,-1,1,1,0,1,1,1,1,1]",c,"[[{8, 1}, {6, 7}, {3, 5}, {2, 4}], [{8, 1}, {6, 7}, {5}, {2, 4}, {3}], [{8, 2}, {6, 7}, {3, 5}, {1, 4}], [{8, 2}, {6, 7}, {5}, {1, 4}, {3}]]",1,12 K_1^3 - 30 K_1^2 - 12 K_1 K_2 - 3 K_1 + 15 K_2 + 3 K_3 + 16,O1O2O3U4O5U3U5U6O4O7U2O8U1U8O6U7,O1O2O3U2O4U3U5U6O7U1O8O6U8O5U7U4,O1O2O3U4U5O6U7O8O7U3O5U8U6U1O4U2,c,{'O1O2O3U4O5U6U3O6U2O4O7U5U8U1O8U7'},1,"<a href=""/flatknot/8.1101610"">8.1101610</a>",t^9-22t^7-34t^6+32t^5+50t^4-24t^3-28t^2,-t^2+2t,,
8.1101611,O1O2O3U4O5U6U3O6U2O4O7U8U7U1O8U5,4,20z^2+105z+131,20w^3z^2+105w^2z+131w,False,False,"[[ 0  0  0  1 -1  2 -1  1 -2],[ 0  0  1  2 -2  1 -1  0 -1],[ 0 -1  0  1 -1  1 -1  0  0],[-1 -2 -1  0  0 -1 -1  0 -1],[ 1  2  1  0  0  2  0  1 -1],[-2 -1 -1  1 -2  0 -2  1 -3],[ 1  1  1  1  0  2  0  1 -1],[-1  0  0  0 -1 -1 -1  0 -1],[ 2  1  0  1  1  3  1  1  0]]","[[ 0  2  1  1  0  0 -1 -1 -2],[-2  0  1  1 -1 -1 -2 -2 -3],[-1 -1  0  0  0  0 -1 -1 -1],[-1 -1  0  0 -1 -2  0 -1 -1],[ 0  1  0  1  0 -1 -1 -1  0],[ 0  1  0  2  1  0 -2 -1 -1],[ 1  2  1  0  1  2  0  0 -1],[ 1  2  1  1  1  1  0  0 -1],[ 2  3  1  1  0  1  1  1  0]]",True,"[-2,-1,-1,0,0,1,1,2,-1,-1,1,1,2,2,3,0,0,0,1,1,1,1,2,0,1,1,1,1,1,0,2,1,1,0,1,1]","[-2,-1,-1,0,0,1,1,2,-1,-1,1,1,2,2,3,0,0,0,1,1,1,1,2,0,1,1,1,1,1,0,2,1,1,0,1,1]",t^8+42t^6+237t^4+136t^2+4,"[-2,-1,-1,0,0,1,1,2,0,0,1,2,2,2,1,0,-1,0,1,2,1,0,0,1,1,1,-1,1,-1,1,1,0,1,0,2,2]","[-2,-1,-1,0,0,1,1,2,2,2,1,1,1,1,1,0,-1,0,1,2,2,1,1,1,1,2,1,0,-1,1,0,0,2,0,0,0]","[-2,-1,-1,0,0,1,1,2,1,1,0,1,1,1,3,0,1,1,1,1,2,1,2,0,1,2,-1,1,0,1,2,0,1,0,-1,-1]",c,"[[{8, 1}, {2, 7}, {3, 6}, {4, 5}], [{8, 1}, {2, 7}, {4, 6}, {3, 5}], [{8, 1}, {2, 7}, {5, 6}, {3, 4}], [{8, 1}, {2, 7}, {6}, {3, 5}, {4}], [{8, 1}, {3, 7}, {2, 6}, {4, 5}], [{8, 1}, {3, 7}, {2, 6}, {5}, {4}], [{8, 1}, {3, 7}, {4, 6}, {2, 5}], [{8, 1}, {3, 7}, {5, 6}, {2, 4}], [{8, 1}, {4, 7}, {2, 6}, {3, 5}], [{8, 1}, {4, 7}, {2, 6}, {5}, {3}], [{8, 1}, {4, 7}, {3, 6}, {2, 5}], [{8, 1}, {4, 7}, {5, 6}, {2, 3}], [{8, 1}, {5, 7}, {2, 6}, {3, 4}], [{8, 1}, {5, 7}, {2, 6}, {4}, {3}], [{8, 1}, {5, 7}, {3, 6}, {2, 4}], [{8, 1}, {5, 7}, {4, 6}, {2, 3}], [{8, 1}, {6, 7}, {2, 5}, {3, 4}], [{8, 1}, {6, 7}, {3, 5}, {2, 4}], [{8, 1}, {6, 7}, {3, 5}, {4}, {2}], [{8, 1}, {6, 7}, {4, 5}, {2, 3}], [{8, 1}, {7}, {2, 6}, {3, 5}, {4}], [{8, 1}, {7}, {2, 6}, {4, 5}, {3}], [{8, 1}, {7}, {2, 6}, {5}, {3, 4}], [{8, 1}, {7}, {3, 6}, {4, 5}, {2}], [{8, 1}, {7}, {6}, {4, 5}, {2, 3}], [{8, 2}, {1, 7}, {3, 6}, {4, 5}], [{8, 2}, {1, 7}, {4, 6}, {3, 5}], [{8, 2}, {1, 7}, {5, 6}, {3, 4}], [{8, 2}, {1, 7}, {6}, {4, 5}, {3}], [{8, 2}, {3, 7}, {1, 6}, {4, 5}], [{8, 2}, {3, 7}, {4, 6}, {1, 5}], [{8, 2}, {3, 7}, {5, 6}, {1, 4}], [{8, 2}, {3, 7}, {6}, {4, 5}, {1}], [{8, 2}, {4, 7}, {1, 6}, {3, 5}], [{8, 2}, {4, 7}, {3, 6}, {1, 5}], [{8, 2}, {4, 7}, {5, 6}, {1, 3}], [{8, 2}, {4, 7}, {6}, {5}, {1, 3}], [{8, 2}, {5, 7}, {1, 6}, {3, 4}], [{8, 2}, {5, 7}, {3, 6}, {1, 4}], [{8, 2}, {5, 7}, {4, 6}, {1, 3}], [{8, 2}, {5, 7}, {6}, {4}, {1, 3}], [{8, 2}, {6, 7}, {1, 5}, {3, 4}], [{8, 2}, {6, 7}, {3, 5}, {1, 4}], [{8, 2}, {6, 7}, {4, 5}, {1, 3}], [{8, 2}, {6, 7}, {5}, {4}, {1, 3}], [{8, 2}, {7}, {4, 6}, {5}, {1, 3}], [{8, 2}, {7}, {5, 6}, {1, 4}, {3}], [{8, 2}, {7}, {5, 6}, {3, 4}, {1}], [{8, 2}, {7}, {5, 6}, {4}, {1, 3}], [{8, 2}, {7}, {6}, {4, 5}, {1, 3}], [{8, 2}, {7}, {6}, {5}, {4}, {1, 3}], [{8, 3}, {1, 7}, {2, 6}, {4, 5}], [{8, 3}, {1, 7}, {4, 6}, {2, 5}], [{8, 3}, {1, 7}, {5, 6}, {2, 4}], [{8, 3}, {1, 7}, {6}, {5}, {2, 4}], [{8, 3}, {2, 7}, {1, 6}, {4, 5}], [{8, 3}, {2, 7}, {4, 6}, {1, 5}], [{8, 3}, {2, 7}, {5, 6}, {1, 4}], [{8, 3}, {2, 7}, {6}, {1, 5}, {4}], [{8, 3}, {2, 7}, {6}, {4, 5}, {1}], [{8, 3}, {2, 7}, {6}, {5}, {1, 4}], [{8, 3}, {4, 7}, {1, 6}, {2, 5}], [{8, 3}, {4, 7}, {2, 6}, {1, 5}], [{8, 3}, {4, 7}, {5, 6}, {1, 2}], [{8, 3}, {5, 7}, {1, 6}, {2, 4}], [{8, 3}, {5, 7}, {2, 6}, {1, 4}], [{8, 3}, {5, 7}, {4, 6}, {1, 2}], [{8, 3}, {6, 7}, {1, 5}, {2, 4}], [{8, 3}, {6, 7}, {2, 5}, {1, 4}], [{8, 3}, {6, 7}, {2, 5}, {4}, {1}], [{8, 3}, {6, 7}, {4, 5}, {1, 2}], [{8, 3}, {6, 7}, {4, 5}, {2}, {1}], [{8, 3}, {6, 7}, {5}, {2, 4}, {1}], [{8, 3}, {7}, {1, 6}, {5}, {2, 4}], [{8, 3}, {7}, {2, 6}, {4, 5}, {1}], [{8, 4}, {1, 7}, {2, 6}, {3, 5}], [{8, 4}, {1, 7}, {3, 6}, {2, 5}], [{8, 4}, {1, 7}, {5, 6}, {2, 3}], [{8, 4}, {2, 7}, {1, 6}, {3, 5}], [{8, 4}, {2, 7}, {1, 6}, {5}, {3}], [{8, 4}, {2, 7}, {3, 6}, {1, 5}], [{8, 4}, {2, 7}, {5, 6}, {1, 3}], [{8, 4}, {2, 7}, {6}, {3, 5}, {1}], [{8, 4}, {3, 7}, {1, 6}, {2, 5}], [{8, 4}, {3, 7}, {2, 6}, {1, 5}], [{8, 4}, {3, 7}, {5, 6}, {1, 2}], [{8, 4}, {3, 7}, {6}, {2, 5}, {1}], [{8, 4}, {5, 7}, {1, 6}, {2, 3}], [{8, 4}, {5, 7}, {2, 6}, {1, 3}], [{8, 4}, {5, 7}, {3, 6}, {1, 2}], [{8, 4}, {5, 7}, {3, 6}, {2}, {1}], [{8, 4}, {6, 7}, {1, 5}, {2, 3}], [{8, 4}, {6, 7}, {2, 5}, {1, 3}], [{8, 4}, {6, 7}, {3, 5}, {1, 2}], [{8, 4}, {6, 7}, {3, 5}, {2}, {1}], [{8, 4}, {7}, {2, 6}, {3, 5}, {1}], [{8, 4}, {7}, {5, 6}, {1, 3}, {2}], [{8, 5}, {1, 7}, {2, 6}, {3, 4}], [{8, 5}, {1, 7}, {3, 6}, {2, 4}], [{8, 5}, {1, 7}, {4, 6}, {2, 3}], [{8, 5}, {2, 7}, {1, 6}, {3, 4}], [{8, 5}, {2, 7}, {3, 6}, {1, 4}], [{8, 5}, {2, 7}, {4, 6}, {1, 3}], [{8, 5}, {2, 7}, {6}, {1, 4}, {3}], [{8, 5}, {2, 7}, {6}, {3, 4}, {1}], [{8, 5}, {2, 7}, {6}, {4}, {1, 3}], [{8, 5}, {3, 7}, {1, 6}, {2, 4}], [{8, 5}, {3, 7}, {2, 6}, {1, 4}], [{8, 5}, {3, 7}, {4, 6}, {1, 2}], [{8, 5}, {3, 7}, {6}, {2, 4}, {1}], [{8, 5}, {4, 7}, {1, 6}, {2, 3}], [{8, 5}, {4, 7}, {2, 6}, {1, 3}], [{8, 5}, {4, 7}, {3, 6}, {1, 2}], [{8, 5}, {4, 7}, {3, 6}, {2}, {1}], [{8, 5}, {6, 7}, {1, 4}, {2, 3}], [{8, 5}, {6, 7}, {2, 4}, {1, 3}], [{8, 5}, {6, 7}, {3, 4}, {1, 2}], [{8, 5}, {6, 7}, {3, 4}, {2}, {1}], [{8, 5}, {7}, {1, 6}, {2, 4}, {3}], [{8, 5}, {7}, {2, 6}, {3, 4}, {1}], [{8, 6}, {1, 7}, {2, 5}, {3, 4}], [{8, 6}, {1, 7}, {3, 5}, {2, 4}], [{8, 6}, {1, 7}, {4, 5}, {2, 3}], [{8, 6}, {2, 7}, {1, 5}, {3, 4}], [{8, 6}, {2, 7}, {3, 5}, {1, 4}], [{8, 6}, {2, 7}, {4, 5}, {1, 3}], [{8, 6}, {3, 7}, {1, 5}, {2, 4}], [{8, 6}, {3, 7}, {2, 5}, {1, 4}], [{8, 6}, {3, 7}, {4, 5}, {1, 2}], [{8, 6}, {4, 7}, {1, 5}, {2, 3}], [{8, 6}, {4, 7}, {2, 5}, {1, 3}], [{8, 6}, {4, 7}, {3, 5}, {1, 2}], [{8, 6}, {5, 7}, {1, 4}, {2, 3}], [{8, 6}, {5, 7}, {2, 4}, {1, 3}], [{8, 6}, {5, 7}, {3, 4}, {1, 2}], [{8, 6}, {7}, {3, 5}, {4}, {1, 2}], [{8, 6}, {7}, {4, 5}, {1, 3}, {2}], [{8, 7}, {1, 6}, {2, 5}, {3, 4}], [{8, 7}, {1, 6}, {2, 5}, {4}, {3}], [{8, 7}, {1, 6}, {3, 5}, {2, 4}], [{8, 7}, {1, 6}, {3, 5}, {4}, {2}], [{8, 7}, {1, 6}, {4, 5}, {2, 3}], [{8, 7}, {1, 6}, {5}, {4}, {2, 3}], [{8, 7}, {2, 6}, {1, 5}, {3, 4}], [{8, 7}, {2, 6}, {3, 5}, {1, 4}], [{8, 7}, {2, 6}, {4, 5}, {1, 3}], [{8, 7}, {3, 6}, {1, 5}, {2, 4}], [{8, 7}, {3, 6}, {2, 5}, {1, 4}], [{8, 7}, {3, 6}, {2, 5}, {4}, {1}], [{8, 7}, {3, 6}, {4, 5}, {1, 2}], [{8, 7}, {3, 6}, {4, 5}, {2}, {1}], [{8, 7}, {3, 6}, {5}, {2, 4}, {1}], [{8, 7}, {4, 6}, {1, 5}, {2, 3}], [{8, 7}, {4, 6}, {2, 5}, {1, 3}], [{8, 7}, {4, 6}, {2, 5}, {3}, {1}], [{8, 7}, {4, 6}, {3, 5}, {1, 2}], [{8, 7}, {5, 6}, {1, 4}, {2, 3}], [{8, 7}, {5, 6}, {2, 4}, {1, 3}], [{8, 7}, {5, 6}, {2, 4}, {3}, {1}], [{8, 7}, {5, 6}, {3, 4}, {1, 2}], [{8, 7}, {6}, {2, 5}, {1, 4}, {3}], [{8, 7}, {6}, {2, 5}, {3, 4}, {1}], [{8, 7}, {6}, {2, 5}, {4}, {1, 3}], [{8, 7}, {6}, {3, 5}, {2, 4}, {1}], [{8, 7}, {6}, {4, 5}, {3}, {1, 2}], [{8}, {1, 7}, {3, 6}, {4, 5}, {2}], [{8}, {1, 7}, {4, 6}, {3, 5}, {2}], [{8}, {2, 7}, {6}, {3, 5}, {1, 4}], [{8}, {5, 7}, {6}, {1, 4}, {2, 3}], [{8}, {6, 7}, {3, 5}, {1, 4}, {2}], [{8}, {7}, {1, 6}, {3, 5}, {2, 4}], [{8}, {7}, {2, 6}, {1, 5}, {3, 4}], [{8}, {7}, {2, 6}, {3, 5}, {1, 4}], [{8}, {7}, {2, 6}, {4, 5}, {1, 3}], [{8}, {7}, {3, 6}, {1, 5}, {2, 4}], [{8}, {7}, {4, 6}, {1, 5}, {2, 3}], [{8}, {7}, {5, 6}, {2, 4}, {1, 3}]]",2,12 K_1^3 - 28 K_1^2 - 12 K_1 K_2 - 3 K_1 + 14 K_2 + 3 K_3 + 15,O1O2O3U4O5U3U6U5O6O7U2O8U1U8O4U7,O1O2O3U1O4U3U5U6O7U4O8O6U8O5U7U2,O1O2O3U2U4O5U6O7O6U8O4U7U5U1O8U3,c,{'O1O2O3U4O5U6U3O6U2O4O7U8U7U1O8U5'},1,"<a href=""/flatknot/8.1101611"">8.1101611</a>",t^9-42t^7-114t^6+21t^5+282t^4+184t^3-44t^2-12t+16,0,,
8.1101612,O1O2O3U4O5U6U3O6U7O4O7U1U8U2O8U5,3,8z^2+73z+115,8w^3z^2+73w^2z+115w,False,False,"[[ 0 -2  1  1 -1  2 -1  1 -1],[ 2  0  1  2  0  2  1  3  1],[-1 -1  0  2 -3  0 -2  0 -1],[-1 -2 -2  0  0 -1 -1  0 -1],[ 1  0  3  0  0  3  0  1  0],[-2 -2  0  1 -3  0 -2 -2 -2],[ 1 -1  2  1  0  2  0  2  0],[-1 -3  0  0 -1  2 -2  0 -2],[ 1 -1  1  1  0  2  0  2  0]]","[[ 0  2  1  1  1 -1 -1 -1 -2],[-2  0  1  0 -2 -2 -2 -3 -2],[-1 -1  0 -2  0 -1 -1  0 -2],[-1  0  2  0  0 -1 -2 -3 -1],[-1  2  0  0  0 -2 -2 -1 -3],[ 1  2  1  1  2  0  0  0 -1],[ 1  2  1  2  2  0  0  0 -1],[ 1  3  0  3  1  0  0  0  0],[ 2  2  2  1  3  1  1  0  0]]",True,"[-2,-1,-1,-1,1,1,1,2,-1,0,2,2,2,3,2,2,0,1,1,0,2,0,1,2,3,1,2,2,1,3,0,0,1,0,1,0]","[-2,-1,-1,-1,1,1,1,2,-1,0,2,2,2,3,2,2,0,1,1,0,2,0,1,2,3,1,2,2,1,3,0,0,1,0,1,0]",t^8+71t^6+702t^4+369t^2,"[-2,-1,-1,-1,1,1,1,2,0,0,1,0,1,2,2,0,0,0,1,0,1,0,0,1,1,1,1,2,-1,0,0,0,-1,2,2,1]","[-2,-1,-1,-1,1,1,1,2,-1,1,2,0,1,1,2,0,0,1,0,0,0,2,-1,0,1,2,2,1,1,1,0,0,1,0,0,0]","[-2,-1,-1,-1,1,1,1,2,0,1,1,1,2,3,2,0,0,3,0,1,3,0,1,1,2,2,2,1,2,2,2,0,0,0,-1,2]",c,"[[{8, 2}, {6, 7}, {1, 5}, {3, 4}]]",0,- 24 K_1^2 - 8 K_1 K_2 + 4 K_1 + 12 K_2 + 4 K_3 + 13,O1O2O3U4O5U2U5U3O6O7U6O8U1U8O4U7,O1O2O3U2O4U1U3U5O6U4O7O5U7O8U6U8,O1O2O3U4U5O4U6O7O6U8O5U7U1U3O8U2,c,{'O1O2O3U4O5U6U3O6U7O4O7U1U8U2O8U5'},1,"<a href=""/flatknot/8.1101612"">8.1101612</a>",t^9-71t^7-150t^6+514t^5+858t^4-637t^3-920t^2+24t-32,0,,
8.1101613,O1O2O3U4O5U6U3O6U7O4O7U1U8U5O8U2,3,8z^2+73z+115,8w^3z^2+73w^2z+115w,False,False,"[[ 0 -2  1  1 -1  2 -1  1 -1],[ 2  0  2  2  0  1  1  3  1],[-1 -2  0  1 -2  1 -2  0 -2],[-1 -2 -1  0  0 -1 -1  0 -2],[ 1  0  2  0  0  3  0  1  1],[-2 -1 -1  1 -3  0 -2 -2 -2],[ 1 -1  2  1  0  2  0  2  0],[-1 -3  0  0 -1  2 -2  0 -2],[ 1 -1  2  2 -1  2  0  2  0]]","[[ 0  2  1  1  1 -1 -1 -1 -2],[-2  0  1 -1 -2 -2 -2 -3 -1],[-1 -1  0 -1  0 -1 -2  0 -2],[-1  1  1  0  0 -2 -2 -2 -2],[-1  2  0  0  0 -2 -2 -1 -3],[ 1  2  1  2  2  0  0  0 -1],[ 1  2  2  2  2  0  0 -1 -1],[ 1  3  0  2  1  0  1  0  0],[ 2  1  2  2  3  1  1  0  0]]",True,"[-2,-1,-1,-1,1,1,1,2,-1,1,2,2,2,3,1,1,0,1,2,0,2,0,2,2,2,2,2,2,1,3,0,0,1,1,1,0]","[-2,-1,-1,-1,1,1,1,2,-1,0,2,0,1,1,3,0,0,1,0,0,0,1,0,0,0,1,2,0,1,1,1,0,1,0,0,0]",t^8+71t^6+545t^4+75t^2,"[-2,-1,-1,-1,1,1,1,2,0,0,1,0,1,1,3,0,0,0,0,1,1,1,0,0,0,1,1,0,2,0,0,0,-1,-1,0,2]","[-2,-1,-1,-1,1,1,1,2,-1,0,2,0,1,1,3,0,0,1,0,0,0,1,0,0,0,1,2,0,1,1,1,0,1,0,0,0]","[-2,-1,-1,-1,1,1,1,2,0,1,1,2,2,3,1,0,1,0,2,1,3,0,1,2,2,2,2,2,2,2,-1,0,-1,0,1,2]",c,"[[{8, 2}, {6, 7}, {1, 5}, {3, 4}], [{8, 7}, {2, 6}, {1, 5}, {3, 4}]]",0,12 K_1^3 - 32 K_1^2 - 16 K_1 K_2 - K_1 + 16 K_2 + 5 K_3 + 17,O1O2O3U2O4U5U4U3O6O7U6O8U1U8O5U7,O1O2O3U2O4U1U4U5O6U3O7O5U7O8U6U8,O1O2O3U4U5O4U6O7O6U1O5U7U8U3O8U2,c,{'O1O2O3U4O5U6U3O6U7O4O7U1U8U5O8U2'},1,"<a href=""/flatknot/8.1101613"">8.1101613</a>",t^9-71t^7-202t^6+249t^5+798t^4-147t^3-502t^2+32t,0,,
8.1101614,O1O2O3U4O5U6U3O6U7O4O7U8U1U2O8U5,3,18z^2+71z+71,18w^3z^2+71w^2z+71w,False,False,"[[ 0 -1  1  1 -1  2 -1  1 -2],[ 1  0  1  2 -1  1  0  2  0],[-1 -1  0  2 -3  0 -2  0 -1],[-1 -2 -2  0  0 -1 -1  0 -1],[ 1  1  3  0  0  3  0  1 -1],[-2 -1  0  1 -3  0 -2 -2 -2],[ 1  0  2  1  0  2  0  2 -1],[-1 -2  0  0 -1  2 -2  0 -3],[ 2  0  1  1  1  2  1  3  0]]","[[ 0  2  1  1  1 -1 -1 -1 -2],[-2  0  1  0 -2 -1 -2 -3 -2],[-1 -1  0 -2  0 -2 -1  0 -1],[-1  0  2  0  0 -1 -2 -3 -1],[-1  2  0  0  0 -2 -2 -1 -3],[ 1  1  2  1  2  0  0 -1  0],[ 1  2  1  2  2  0  0  0 -1],[ 1  3  0  3  1  1  0  0 -1],[ 2  2  1  1  3  0  1  1  0]]",True,"[-2,-1,-1,-1,1,1,1,2,-1,0,2,1,2,3,2,2,0,2,1,0,1,0,1,2,3,1,2,2,1,3,0,1,0,0,1,1]","[-2,-1,-1,-1,1,1,1,2,-1,0,2,1,2,3,2,2,0,2,1,0,1,0,1,2,3,1,2,2,1,3,0,1,0,0,1,1]",t^8+69t^6+724t^4+203t^2,"[-2,-1,-1,-1,1,1,1,2,0,0,1,0,2,2,2,0,-1,1,-1,2,0,0,0,0,1,1,0,1,0,2,0,0,-1,-2,1,2]","[-2,-1,-1,-1,1,1,1,2,-1,1,2,0,1,2,2,0,0,1,0,0,0,2,-1,0,1,2,2,1,0,2,0,1,0,0,0,1]","[-2,-1,-1,-1,1,1,1,2,0,1,1,1,1,3,2,-1,0,1,2,2,1,0,3,0,1,3,2,1,2,2,2,0,0,0,-1,2]",c,"[[{8, 5}, {6, 7}, {3, 4}, {1, 2}]]",0,16 K_1^3 - 8 K_1^2 - 8 K_1 K_2 - 8 K_1 + 4 K_2 + 5,O1O2O3U4O5U2U3U5O6O7U6O8U1U8O4U7,O1O2O3U1O4U2U3U5O6U4O7O5U7O8U6U8,O1O2O3U4U5O4U6O7O6U8O5U7U1U2O8U3,c,{'O1O2O3U4O5U6U3O6U7O4O7U8U1U2O8U5'},1,"<a href=""/flatknot/8.1101614"">8.1101614</a>",t^9-69t^7-152t^6+480t^5+674t^4-529t^3-526t^2+248t,0,,
8.1101615,O1O2O3U4O5U6U3O6U7O4O7U8U2U1O8U5,3,18z^2+69z+67,18w^3z^2-2w^3z+71w^2z+67w,False,False,"[[ 0  0  0  1 -1  2 -1  1 -2],[ 0  0  0  2 -2  1 -1  1 -1],[ 0  0  0  2 -2  0 -1  1  0],[-1 -2 -2  0  0 -1 -1  0 -1],[ 1  2  2  0  0  3  0  1 -1],[-2 -1  0  1 -3  0 -2 -2 -2],[ 1  1  1  1  0  2  0  2 -1],[-1 -1 -1  0 -1  2 -2  0 -3],[ 2  1  0  1  1  2  1  3  0]]","[[ 0  2  1  1  0  0 -1 -1 -2],[-2  0  1 -2  0 -1 -2 -3 -2],[-1 -1  0  0 -2 -2 -1  0 -1],[-1  2  0  0 -1 -1 -2 -1 -3],[ 0  0  2  1  0  0 -1 -2  0],[ 0  1  2  1  0  0 -1 -2 -1],[ 1  2  1  2  1  1  0  0 -1],[ 1  3  0  1  2  2  0  0 -1],[ 2  2  1  3  0  1  1  1  0]]",True,"[-2,-1,-1,0,0,1,1,2,-1,2,0,1,2,3,2,0,2,2,1,0,1,1,1,2,1,3,0,1,2,0,1,2,1,0,1,1]","[-2,-1,-1,0,0,1,1,2,-1,2,0,1,2,3,2,0,2,2,1,0,1,1,1,2,1,3,0,1,2,0,1,2,1,0,1,1]",t^8+62t^6+641t^4+192t^2,"[-2,-1,-1,0,0,1,1,2,0,0,1,2,0,2,2,0,-1,-1,1,2,0,0,0,0,1,1,0,0,-1,1,0,-1,2,0,-1,2]","[-2,-1,-1,0,0,1,1,2,-1,2,1,2,0,1,2,0,0,0,1,0,0,-1,-1,2,1,2,0,-1,0,1,-1,0,2,0,0,0]","[-2,-1,-1,0,0,1,1,2,1,1,0,1,1,3,2,0,1,1,1,2,2,2,2,0,1,3,0,2,1,0,2,1,1,0,-1,2]",c,"[[{8, 5}, {6, 7}, {3, 4}, {1, 2}], [{8, 5}, {6, 7}, {3, 4}, {2}, {1}]]",0,4 K_1^3 - 8 K_1^2 - 8 K_1 K_2 + K_1 + 4 K_2 + 3 K_3 + 5,O1O2O3U4O5U3U2U5O6O7U6O8U1U8O4U7,O1O2O3U1O4U3U2U5O6U4O7O5U7O8U6U8,O1O2O3U4U5O4U6O7O6U8O5U7U2U1O8U3,c,{'O1O2O3U4O5U6U3O6U7O4O7U8U2U1O8U5'},1,"<a href=""/flatknot/8.1101615"">8.1101615</a>",t^9-62t^7-164t^6+213t^5+636t^4+180t^3-336t^2-148t+16,0,,
8.1101616,O1O2O3U4O5U6U3O6U7O4O7U8U5U1O8U2,4,69z+139,69w^2z+139w,False,False,"[[ 0  0  1  1 -1  1 -1  1 -2],[ 0  0  0  1 -1  0 -1  1 -1],[-1  0  0  1 -2  1 -2  0 -2],[-1 -1 -1  0  0 -1 -1  0 -2],[ 1  1  2  0  0  2  0  1  0],[-1  0 -1  1 -2  0 -1 -1 -1],[ 1  1  2  1  0  1  0  2 -1],[-1 -1  0  0 -1  1 -2  0 -3],[ 2  1  2  2  0  1  1  3  0]]","[[ 0  1  1  1  1  0 -1 -1 -2],[-1  0  1  1  0  0 -2 -2 -2],[-1 -1  0  1 -1  0 -1 -2 -1],[-1 -1 -1  0  0 -1 -1  0 -2],[-1  0  1  0  0 -1 -2 -1 -3],[ 0  0  0  1  1  0 -1 -1 -1],[ 1  2  1  1  2  1  0  0 -1],[ 1  2  2  0  1  1  0  0  0],[ 2  2  1  2  3  1  1  0  0]]",True,"[-1,-1,-1,-1,0,1,1,2,-1,-1,0,0,2,2,2,-1,1,0,1,2,1,0,1,1,0,2,1,2,1,3,1,1,1,0,1,0]","[-2,-1,-1,0,1,1,1,1,0,1,1,0,1,1,2,0,0,0,0,1,1,0,1,0,2,0,0,1,0,1,0,0,-1,-1,-1,1]",t^8+47t^6+267t^4+98t^2+1,"[-2,-1,-1,0,1,1,1,1,0,1,1,0,1,1,2,0,0,0,0,1,1,0,1,0,2,0,0,1,0,1,0,0,-1,-1,-1,1]","[-1,-1,-1,-1,0,1,1,2,-1,-1,0,0,1,2,1,-1,-1,1,1,0,2,0,1,0,0,1,0,0,1,0,0,0,1,0,0,1]","[-2,-1,-1,0,1,1,1,1,0,1,1,1,2,2,3,0,1,2,0,2,1,1,1,1,2,2,0,1,0,1,1,-1,-1,-1,0,0]",c,"[[{8, 1}, {6, 7}, {2, 5}, {3, 4}], [{8, 2}, {6, 7}, {1, 5}, {3, 4}], [{8, 2}, {7}, {6}, {1, 5}, {3, 4}], [{8, 5}, {2, 7}, {1, 6}, {3, 4}], [{8, 5}, {6, 7}, {3, 4}, {1, 2}], [{8}, {6, 7}, {5}, {3, 4}, {1, 2}]]",1,- 38 K_1^2 - 12 K_1 K_2 + 6 K_1 + 19 K_2 + 6 K_3 + 20,O1O2O3U2O4U3U5U4O6O7U6O8U1U8O5U7,O1O2O3U1O4U3U4U5O6U2O7O5U7O8U6U8,O1O2O3U4U5O4U6O7O6U2O5U7U8U1O8U3,c,{'O1O2O3U4O5U6U3O6U7O4O7U8U5U1O8U2'},1,"<a href=""/flatknot/8.1101616"">8.1101616</a>",t^9-49t^7-92t^6+156t^5+192t^4-77t^3+2t^2+15t+4,t^2-2t,,
8.1101617,O1O2O3U4O5U6U3O6U7O4O8U1U5U8O7U2,4,16z^2+100z+137,16w^3z^2+100w^2z+137w,False,False,"[[ 0 -2  1  1 -1  1 -1 -1  2],[ 2  0  2  2  1  1  1  1  2],[-1 -2  0  1 -2  0 -2 -1  1],[-1 -2 -1  0  0 -1 -1 -1  1],[ 1 -1  2  0  0  1  0  0  1],[-1 -1  0  1 -1  0 -1 -2  1],[ 1 -1  2  1  0  1  0  0  2],[ 1 -1  1  1  0  2  0  0  2],[-2 -2 -1 -1 -1 -1 -2 -2  0]]","[[ 0  2  1  1  1 -1 -1 -1 -2],[-2  0 -1 -1 -1 -1 -2 -2 -2],[-1  1  0  1  0 -1 -1 -2 -1],[-1  1 -1  0 -1  0 -1 -1 -2],[-1  1  0  1  0 -2 -2 -1 -2],[ 1  1  1  0  2  0  0  0 -1],[ 1  2  1  1  2  0  0  0 -1],[ 1  2  2  1  1  0  0  0 -1],[ 2  2  1  2  2  1  1  1  0]]",True,"[-2,-1,-1,-1,1,1,1,2,1,1,1,1,2,2,2,-1,0,1,1,2,1,1,0,1,1,2,2,2,1,2,0,0,1,0,1,1]","[-2,-1,-1,-1,1,1,1,2,0,0,0,1,1,2,2,-1,-1,1,1,2,1,0,0,1,0,1,1,0,1,2,0,0,0,0,0,0]",t^8+47t^6+215t^4+226t^2+9,"[-2,-1,-1,-1,1,1,1,2,0,0,0,1,1,2,2,0,0,0,1,1,1,0,0,2,1,2,1,1,0,1,-1,0,0,1,0,0]","[-2,-1,-1,-1,1,1,1,2,0,0,0,1,1,2,2,-1,-1,1,1,2,1,0,0,1,0,1,1,0,1,2,0,0,0,0,0,0]","[-2,-1,-1,-1,1,1,1,2,1,1,1,1,2,2,2,0,0,1,0,2,1,0,1,1,2,2,2,1,1,2,1,0,1,-1,1,1]",c,"[[{8, 1}, {2, 7}, {3, 6}, {4, 5}]]",0,28 K_1^3 - 36 K_1^2 - 24 K_1 K_2 - 9 K_1 + 18 K_2 + 5 K_3 + 19,O1O2O3U2O4U5U6U3O5O7U4O8U1U8O6U7,O1O2O3U4O5U1U5U6O7U2O8O6U8O4U7U3,O1O2O3U1U4O5U6O7O6U2O4U7U8U3O8U5,c,{'O1O2O3U4O5U6U3O6U7O4O8U1U5U8O7U2'},1,"<a href=""/flatknot/8.1101617"">8.1101617</a>",t^9-47t^7-138t^6-7t^5+278t^4+150t^3-86t^2-35t+4,0,,
8.1101618,O1O2O3U4O5U6U3O6U7O4O8U2U5U1O7U8,4,10z^2+95z+151,10w^3z^2+95w^2z+151w,False,False,"[[ 0  0 -1  1 -1  1 -1 -1  2],[ 0  0 -1  1  0  1 -1 -1  2],[ 1  1  0  2  0  1  0  1  1],[-1 -1 -2  0  0 -1 -1 -1  1],[ 1  0  0  0  0  1  0  0  2],[-1 -1 -1  1 -1  0 -1 -1  0],[ 1  1  0  1  0  1  0  0  2],[ 1  1 -1  1  0  1  0  0  2],[-2 -2 -1 -1 -2  0 -2 -2  0]]","[[ 0  2  1  1  0 -1 -1 -1 -1],[-2  0  0 -1 -2 -1 -2 -2 -2],[-1  0  0  1 -1 -1 -1 -1 -1],[-1  1 -1  0 -1 -2  0 -1 -1],[ 0  2  1  1  0 -1  0 -1 -1],[ 1  1  1  2  1  0  0  1  0],[ 1  2  1  0  0  0  0  0  0],[ 1  2  1  1  1 -1  0  0  0],[ 1  2  1  1  1  0  0  0  0]]",True,"[-2,-1,-1,0,1,1,1,1,0,1,2,1,2,2,2,-1,1,1,1,1,1,1,2,0,1,1,1,0,1,1,0,-1,0,0,0,0]","[-2,-1,-1,0,1,1,1,1,0,1,0,1,1,1,2,-1,0,1,1,2,0,0,1,1,1,1,0,0,1,0,0,0,-1,0,0,0]",t^8+35t^6+144t^4+80t^2+9,"[-1,-1,-1,-1,0,1,1,2,-1,0,0,0,0,1,2,0,0,0,1,1,1,0,0,1,1,1,1,2,1,1,0,0,0,1,0,1]","[-2,-1,-1,0,1,1,1,1,0,1,0,1,1,1,2,-1,0,1,1,2,0,0,1,1,1,1,0,0,1,0,0,0,-1,0,0,0]","[-1,-1,-1,-1,0,1,1,2,-1,0,0,1,1,1,2,0,0,1,1,2,1,0,0,1,0,2,1,1,1,2,1,1,2,1,0,1]",c,"[[{8, 1}, {2, 7}, {3, 6}, {4, 5}], [{8, 1}, {2, 7}, {4, 6}, {3, 5}], [{8, 1}, {2, 7}, {5, 6}, {3, 4}], [{8, 1}, {3, 7}, {2, 6}, {4, 5}], [{8, 1}, {3, 7}, {4, 6}, {2, 5}], [{8, 1}, {3, 7}, {5, 6}, {2, 4}], [{8, 1}, {3, 7}, {5, 6}, {4}, {2}], [{8, 1}, {4, 7}, {2, 6}, {3, 5}], [{8, 1}, {4, 7}, {3, 6}, {2, 5}], [{8, 1}, {4, 7}, {5, 6}, {2, 3}], [{8, 1}, {5, 7}, {2, 6}, {3, 4}], [{8, 1}, {5, 7}, {3, 6}, {2, 4}], [{8, 1}, {5, 7}, {4, 6}, {2, 3}], [{8, 1}, {5, 7}, {6}, {4}, {2, 3}], [{8, 1}, {6, 7}, {2, 5}, {3, 4}], [{8, 1}, {6, 7}, {3, 5}, {2, 4}], [{8, 1}, {6, 7}, {4, 5}, {2, 3}], [{8, 1}, {6, 7}, {5}, {3, 4}, {2}], [{8, 1}, {7}, {3, 6}, {2, 5}, {4}], [{8, 1}, {7}, {4, 6}, {2, 5}, {3}], [{8, 1}, {7}, {4, 6}, {3, 5}, {2}], [{8, 1}, {7}, {4, 6}, {5}, {2, 3}], [{8, 1}, {7}, {5, 6}, {2, 4}, {3}], [{8, 1}, {7}, {6}, {2, 5}, {3, 4}], [{8, 2}, {1, 7}, {3, 6}, {4, 5}], [{8, 2}, {1, 7}, {4, 6}, {3, 5}], [{8, 2}, {1, 7}, {4, 6}, {5}, {3}], [{8, 2}, {1, 7}, {5, 6}, {3, 4}], [{8, 2}, {1, 7}, {5, 6}, {4}, {3}], [{8, 2}, {1, 7}, {6}, {4, 5}, {3}], [{8, 2}, {3, 7}, {1, 6}, {4, 5}], [{8, 2}, {3, 7}, {1, 6}, {5}, {4}], [{8, 2}, {3, 7}, {4, 6}, {1, 5}], [{8, 2}, {3, 7}, {4, 6}, {5}, {1}], [{8, 2}, {3, 7}, {5, 6}, {1, 4}], [{8, 2}, {3, 7}, {6}, {5}, {1, 4}], [{8, 2}, {4, 7}, {1, 6}, {3, 5}], [{8, 2}, {4, 7}, {3, 6}, {1, 5}], [{8, 2}, {4, 7}, {5, 6}, {1, 3}], [{8, 2}, {4, 7}, {6}, {3, 5}, {1}], [{8, 2}, {5, 7}, {1, 6}, {3, 4}], [{8, 2}, {5, 7}, {3, 6}, {1, 4}], [{8, 2}, {5, 7}, {4, 6}, {1, 3}], [{8, 2}, {6, 7}, {1, 5}, {3, 4}], [{8, 2}, {6, 7}, {3, 5}, {1, 4}], [{8, 2}, {6, 7}, {4, 5}, {1, 3}], [{8, 2}, {6, 7}, {5}, {1, 4}, {3}], [{8, 2}, {7}, {3, 6}, {1, 5}, {4}], [{8, 2}, {7}, {3, 6}, {4, 5}, {1}], [{8, 2}, {7}, {3, 6}, {5}, {1, 4}], [{8, 2}, {7}, {4, 6}, {5}, {1, 3}], [{8, 2}, {7}, {5, 6}, {3, 4}, {1}], [{8, 3}, {1, 7}, {2, 6}, {4, 5}], [{8, 3}, {1, 7}, {4, 6}, {2, 5}], [{8, 3}, {1, 7}, {5, 6}, {2, 4}], [{8, 3}, {1, 7}, {6}, {2, 5}, {4}], [{8, 3}, {1, 7}, {6}, {4, 5}, {2}], [{8, 3}, {1, 7}, {6}, {5}, {2, 4}], [{8, 3}, {2, 7}, {1, 6}, {4, 5}], [{8, 3}, {2, 7}, {4, 6}, {1, 5}], [{8, 3}, {2, 7}, {5, 6}, {1, 4}], [{8, 3}, {2, 7}, {6}, {1, 5}, {4}], [{8, 3}, {2, 7}, {6}, {4, 5}, {1}], [{8, 3}, {2, 7}, {6}, {5}, {1, 4}], [{8, 3}, {4, 7}, {1, 6}, {2, 5}], [{8, 3}, {4, 7}, {1, 6}, {5}, {2}], [{8, 3}, {4, 7}, {2, 6}, {1, 5}], [{8, 3}, {4, 7}, {5, 6}, {1, 2}], [{8, 3}, {5, 7}, {1, 6}, {2, 4}], [{8, 3}, {5, 7}, {2, 6}, {1, 4}], [{8, 3}, {5, 7}, {4, 6}, {1, 2}], [{8, 3}, {6, 7}, {1, 5}, {2, 4}], [{8, 3}, {6, 7}, {2, 5}, {1, 4}], [{8, 3}, {6, 7}, {4, 5}, {1, 2}], [{8, 3}, {6, 7}, {5}, {1, 4}, {2}], [{8, 3}, {7}, {2, 6}, {5}, {1, 4}], [{8, 3}, {7}, {4, 6}, {5}, {1, 2}], [{8, 3}, {7}, {5, 6}, {4}, {1, 2}], [{8, 3}, {7}, {6}, {4, 5}, {1, 2}], [{8, 4}, {1, 7}, {2, 6}, {3, 5}], [{8, 4}, {1, 7}, {3, 6}, {2, 5}], [{8, 4}, {1, 7}, {3, 6}, {5}, {2}], [{8, 4}, {1, 7}, {5, 6}, {2, 3}], [{8, 4}, {1, 7}, {6}, {2, 5}, {3}], [{8, 4}, {2, 7}, {1, 6}, {3, 5}], [{8, 4}, {2, 7}, {3, 6}, {1, 5}], [{8, 4}, {2, 7}, {5, 6}, {1, 3}], [{8, 4}, {3, 7}, {1, 6}, {2, 5}], [{8, 4}, {3, 7}, {2, 6}, {1, 5}], [{8, 4}, {3, 7}, {5, 6}, {1, 2}], [{8, 4}, {3, 7}, {6}, {5}, {1, 2}], [{8, 4}, {5, 7}, {1, 6}, {2, 3}], [{8, 4}, {5, 7}, {2, 6}, {1, 3}], [{8, 4}, {5, 7}, {3, 6}, {1, 2}], [{8, 4}, {5, 7}, {6}, {2, 3}, {1}], [{8, 4}, {6, 7}, {1, 5}, {2, 3}], [{8, 4}, {6, 7}, {2, 5}, {1, 3}], [{8, 4}, {6, 7}, {3, 5}, {1, 2}], [{8, 4}, {7}, {1, 6}, {5}, {2, 3}], [{8, 4}, {7}, {2, 6}, {1, 5}, {3}], [{8, 4}, {7}, {5, 6}, {1, 3}, {2}], [{8, 5}, {1, 7}, {2, 6}, {3, 4}], [{8, 5}, {1, 7}, {3, 6}, {2, 4}], [{8, 5}, {1, 7}, {4, 6}, {2, 3}], [{8, 5}, {1, 7}, {6}, {2, 4}, {3}], [{8, 5}, {2, 7}, {1, 6}, {3, 4}], [{8, 5}, {2, 7}, {3, 6}, {1, 4}], [{8, 5}, {2, 7}, {4, 6}, {1, 3}], [{8, 5}, {3, 7}, {1, 6}, {2, 4}], [{8, 5}, {3, 7}, {2, 6}, {1, 4}], [{8, 5}, {3, 7}, {4, 6}, {1, 2}], [{8, 5}, {3, 7}, {6}, {2, 4}, {1}], [{8, 5}, {4, 7}, {1, 6}, {2, 3}], [{8, 5}, {4, 7}, {2, 6}, {1, 3}], [{8, 5}, {4, 7}, {3, 6}, {1, 2}], [{8, 5}, {6, 7}, {1, 4}, {2, 3}], [{8, 5}, {6, 7}, {2, 4}, {1, 3}], [{8, 5}, {6, 7}, {2, 4}, {3}, {1}], [{8, 5}, {6, 7}, {3, 4}, {1, 2}], [{8, 5}, {7}, {1, 6}, {2, 4}, {3}], [{8, 5}, {7}, {3, 6}, {2, 4}, {1}], [{8, 5}, {7}, {6}, {1, 4}, {2, 3}], [{8, 5}, {7}, {6}, {2, 4}, {1, 3}], [{8, 5}, {7}, {6}, {2, 4}, {3}, {1}], [{8, 5}, {7}, {6}, {3, 4}, {1, 2}], [{8, 6}, {1, 7}, {2, 5}, {3, 4}], [{8, 6}, {1, 7}, {3, 5}, {2, 4}], [{8, 6}, {1, 7}, {4, 5}, {2, 3}], [{8, 6}, {1, 7}, {5}, {3, 4}, {2}], [{8, 6}, {2, 7}, {1, 5}, {3, 4}], [{8, 6}, {2, 7}, {1, 5}, {4}, {3}], [{8, 6}, {2, 7}, {3, 5}, {1, 4}], [{8, 6}, {2, 7}, {4, 5}, {1, 3}], [{8, 6}, {2, 7}, {4, 5}, {3}, {1}], [{8, 6}, {2, 7}, {5}, {1, 4}, {3}], [{8, 6}, {3, 7}, {1, 5}, {2, 4}], [{8, 6}, {3, 7}, {2, 5}, {1, 4}], [{8, 6}, {3, 7}, {4, 5}, {1, 2}], [{8, 6}, {3, 7}, {5}, {1, 4}, {2}], [{8, 6}, {4, 7}, {1, 5}, {2, 3}], [{8, 6}, {4, 7}, {1, 5}, {3}, {2}], [{8, 6}, {4, 7}, {2, 5}, {1, 3}], [{8, 6}, {4, 7}, {3, 5}, {1, 2}], [{8, 6}, {5, 7}, {1, 4}, {2, 3}], [{8, 6}, {5, 7}, {2, 4}, {1, 3}], [{8, 6}, {5, 7}, {3, 4}, {1, 2}], [{8, 6}, {5, 7}, {4}, {2, 3}, {1}], [{8, 6}, {7}, {1, 5}, {2, 4}, {3}], [{8, 6}, {7}, {2, 5}, {3, 4}, {1}], [{8, 6}, {7}, {3, 5}, {4}, {1, 2}], [{8, 6}, {7}, {4, 5}, {1, 3}, {2}], [{8, 6}, {7}, {5}, {1, 4}, {2, 3}], [{8, 7}, {1, 6}, {2, 5}, {3, 4}], [{8, 7}, {1, 6}, {3, 5}, {2, 4}], [{8, 7}, {1, 6}, {3, 5}, {4}, {2}], [{8, 7}, {1, 6}, {4, 5}, {2, 3}], [{8, 7}, {1, 6}, {4, 5}, {3}, {2}], [{8, 7}, {1, 6}, {5}, {3, 4}, {2}], [{8, 7}, {2, 6}, {1, 5}, {3, 4}], [{8, 7}, {2, 6}, {3, 5}, {1, 4}], [{8, 7}, {2, 6}, {4, 5}, {1, 3}], [{8, 7}, {2, 6}, {5}, {1, 4}, {3}], [{8, 7}, {2, 6}, {5}, {3, 4}, {1}], [{8, 7}, {2, 6}, {5}, {4}, {1, 3}], [{8, 7}, {3, 6}, {1, 5}, {2, 4}], [{8, 7}, {3, 6}, {1, 5}, {4}, {2}], [{8, 7}, {3, 6}, {2, 5}, {1, 4}], [{8, 7}, {3, 6}, {4, 5}, {1, 2}], [{8, 7}, {3, 6}, {4, 5}, {2}, {1}], [{8, 7}, {3, 6}, {5}, {1, 4}, {2}], [{8, 7}, {4, 6}, {1, 5}, {2, 3}], [{8, 7}, {4, 6}, {1, 5}, {3}, {2}], [{8, 7}, {4, 6}, {2, 5}, {1, 3}], [{8, 7}, {4, 6}, {3, 5}, {1, 2}], [{8, 7}, {4, 6}, {3, 5}, {2}, {1}], [{8, 7}, {4, 6}, {5}, {1, 3}, {2}], [{8, 7}, {5, 6}, {1, 4}, {2, 3}], [{8, 7}, {5, 6}, {1, 4}, {3}, {2}], [{8, 7}, {5, 6}, {2, 4}, {1, 3}], [{8, 7}, {5, 6}, {3, 4}, {1, 2}], [{8, 7}, {5, 6}, {3, 4}, {2}, {1}], [{8, 7}, {5, 6}, {4}, {1, 3}, {2}], [{8, 7}, {6}, {1, 5}, {3, 4}, {2}], [{8, 7}, {6}, {2, 5}, {1, 4}, {3}], [{8, 7}, {6}, {2, 5}, {3, 4}, {1}], [{8, 7}, {6}, {2, 5}, {4}, {1, 3}], [{8, 7}, {6}, {3, 5}, {1, 4}, {2}], [{8, 7}, {6}, {4, 5}, {1, 3}, {2}], [{8, 7}, {6}, {5}, {1, 4}, {2, 3}], [{8, 7}, {6}, {5}, {1, 4}, {3}, {2}], [{8, 7}, {6}, {5}, {2, 4}, {1, 3}], [{8, 7}, {6}, {5}, {3, 4}, {1, 2}], [{8, 7}, {6}, {5}, {3, 4}, {2}, {1}], [{8, 7}, {6}, {5}, {4}, {1, 3}, {2}], [{8}, {1, 7}, {2, 6}, {3, 5}, {4}], [{8}, {1, 7}, {4, 6}, {3, 5}, {2}], [{8}, {1, 7}, {6}, {2, 5}, {3, 4}], [{8}, {1, 7}, {6}, {3, 5}, {2, 4}], [{8}, {1, 7}, {6}, {4, 5}, {2, 3}], [{8}, {2, 7}, {3, 6}, {1, 5}, {4}], [{8}, {2, 7}, {3, 6}, {4, 5}, {1}], [{8}, {2, 7}, {3, 6}, {5}, {1, 4}], [{8}, {2, 7}, {4, 6}, {5}, {1, 3}], [{8}, {2, 7}, {5, 6}, {3, 4}, {1}], [{8}, {3, 7}, {2, 6}, {5}, {1, 4}], [{8}, {4, 7}, {5, 6}, {1, 3}, {2}], [{8}, {4, 7}, {6}, {1, 5}, {2, 3}], [{8}, {5, 7}, {1, 6}, {4}, {2, 3}], [{8}, {5, 7}, {4, 6}, {2, 3}, {1}], [{8}, {5, 7}, {6}, {1, 4}, {2, 3}], [{8}, {5, 7}, {6}, {2, 4}, {1, 3}], [{8}, {5, 7}, {6}, {3, 4}, {1, 2}], [{8}, {5, 7}, {6}, {4}, {2, 3}, {1}], [{8}, {6, 7}, {2, 5}, {3, 4}, {1}], [{8}, {6, 7}, {4, 5}, {1, 3}, {2}], [{8}, {6, 7}, {5}, {1, 4}, {2, 3}], [{8}, {7}, {1, 6}, {2, 5}, {3, 4}], [{8}, {7}, {5, 6}, {1, 4}, {2, 3}], [{8}, {7}, {6}, {5}, {1, 4}, {2, 3}]]",2,4 K_1^3 - 34 K_1^2 - 12 K_1 K_2 + 3 K_1 + 17 K_2 + 5 K_3 + 18,O1O2O3U4O5U3U6U2O4O7U5O8U1U8O6U7,O1O2O3U4O5U3U1U6O7U2O8O6U8O4U7U5,O1O2O3U4U5O6U7O8O7U2O5U8U3U1O4U6,c,{'O1O2O3U4O5U6U3O6U7O4O8U2U5U1O7U8'},1,"<a href=""/flatknot/8.1101618"">8.1101618</a>",t^9-33t^7-68t^6+47t^5+132t^4-42t^2-4t,-t^2+2t,,
8.1101619,O1O2O3U4O5U6U3O6U7O4O8U5U1U2O7U8,4,2z^3+26z^2+89z+91,2w^4z^3+26w^3z^2+89w^2z+91w,False,False,"[[ 0 -1  1  1 -1  0 -1 -1  2],[ 1  0  1  1  1  0  0  0  2],[-1 -1  0  1 -1  0 -2 -1  1],[-1 -1 -1  0  0 -1 -1 -1  1],[ 1 -1  1  0  0  0  0  0  2],[ 0  0  0  1  0  0  0  0  0],[ 1  0  2  1  0  0  0  0  2],[ 1  0  1  1  0  0  0  0  2],[-2 -2 -1 -1 -2  0 -2 -2  0]]","[[ 0  2  1  1  0 -1 -1 -1 -1],[-2  0 -1 -1  0 -2 -2 -2 -2],[-1  1  0  1  0 -1 -1 -1 -2],[-1  1 -1  0 -1  0 -1 -1 -1],[ 0  0  0  1  0  0  0  0  0],[ 1  2  1  0  0  0  0 -1  0],[ 1  2  1  1  0  0  0  0  0],[ 1  2  1  1  0  1  0  0  0],[ 1  2  2  1  0  0  0  0  0]]",True,"[-2,-1,-1,0,1,1,1,1,1,1,0,2,2,2,2,-1,0,1,1,1,2,1,0,1,1,1,0,0,0,0,0,1,0,0,0,0]","[-2,-1,-1,0,1,1,1,1,0,0,2,1,1,1,1,-1,0,1,1,1,2,1,0,1,1,1,1,1,1,1,0,0,0,0,0,1]",t^8+31t^6+96t^4+40t^2+4,"[-1,-1,-1,-1,0,1,1,2,-1,0,0,1,1,1,1,0,0,1,1,2,1,0,1,0,1,1,1,1,1,1,1,0,2,-1,0,0]","[-2,-1,-1,0,1,1,1,1,0,0,2,1,1,1,1,-1,0,1,1,1,2,1,0,1,1,1,1,1,1,1,0,0,0,0,0,1]","[-1,-1,-1,-1,0,1,1,2,-1,0,0,0,0,1,2,0,0,0,1,1,2,0,0,1,1,2,0,1,2,2,1,0,0,-1,1,1]",c,"[[{8, 1}, {2, 7}, {3, 6}, {4, 5}], [{8, 1}, {2, 7}, {4, 6}, {3, 5}], [{8, 1}, {2, 7}, {5, 6}, {3, 4}], [{8, 1}, {2, 7}, {5, 6}, {4}, {3}], [{8, 1}, {2, 7}, {6}, {5}, {3, 4}], [{8, 1}, {3, 7}, {2, 6}, {4, 5}], [{8, 1}, {3, 7}, {4, 6}, {2, 5}], [{8, 1}, {3, 7}, {4, 6}, {5}, {2}], [{8, 1}, {3, 7}, {5, 6}, {2, 4}], [{8, 1}, {4, 7}, {2, 6}, {3, 5}], [{8, 1}, {4, 7}, {3, 6}, {2, 5}], [{8, 1}, {4, 7}, {5, 6}, {2, 3}], [{8, 1}, {5, 7}, {2, 6}, {3, 4}], [{8, 1}, {5, 7}, {3, 6}, {2, 4}], [{8, 1}, {5, 7}, {4, 6}, {2, 3}], [{8, 1}, {5, 7}, {6}, {2, 4}, {3}], [{8, 1}, {5, 7}, {6}, {3, 4}, {2}], [{8, 1}, {5, 7}, {6}, {4}, {2, 3}], [{8, 1}, {6, 7}, {2, 5}, {3, 4}], [{8, 1}, {6, 7}, {3, 5}, {2, 4}], [{8, 1}, {6, 7}, {4, 5}, {2, 3}], [{8, 1}, {7}, {2, 6}, {3, 5}, {4}], [{8, 1}, {7}, {3, 6}, {2, 5}, {4}], [{8, 1}, {7}, {3, 6}, {4, 5}, {2}], [{8, 1}, {7}, {3, 6}, {5}, {2, 4}], [{8, 1}, {7}, {4, 6}, {2, 5}, {3}], [{8, 1}, {7}, {6}, {2, 5}, {3, 4}], [{8, 2}, {1, 7}, {3, 6}, {4, 5}], [{8, 2}, {1, 7}, {4, 6}, {3, 5}], [{8, 2}, {1, 7}, {5, 6}, {3, 4}], [{8, 2}, {1, 7}, {5, 6}, {4}, {3}], [{8, 2}, {3, 7}, {1, 6}, {4, 5}], [{8, 2}, {3, 7}, {4, 6}, {1, 5}], [{8, 2}, {3, 7}, {5, 6}, {1, 4}], [{8, 2}, {3, 7}, {6}, {4, 5}, {1}], [{8, 2}, {4, 7}, {1, 6}, {3, 5}], [{8, 2}, {4, 7}, {3, 6}, {1, 5}], [{8, 2}, {4, 7}, {5, 6}, {1, 3}], [{8, 2}, {5, 7}, {1, 6}, {3, 4}], [{8, 2}, {5, 7}, {3, 6}, {1, 4}], [{8, 2}, {5, 7}, {4, 6}, {1, 3}], [{8, 2}, {5, 7}, {6}, {3, 4}, {1}], [{8, 2}, {6, 7}, {1, 5}, {3, 4}], [{8, 2}, {6, 7}, {3, 5}, {1, 4}], [{8, 2}, {6, 7}, {4, 5}, {1, 3}], [{8, 2}, {7}, {1, 6}, {4, 5}, {3}], [{8, 2}, {7}, {3, 6}, {5}, {1, 4}], [{8, 2}, {7}, {4, 6}, {3, 5}, {1}], [{8, 3}, {1, 7}, {2, 6}, {4, 5}], [{8, 3}, {1, 7}, {2, 6}, {5}, {4}], [{8, 3}, {1, 7}, {4, 6}, {2, 5}], [{8, 3}, {1, 7}, {5, 6}, {2, 4}], [{8, 3}, {2, 7}, {1, 6}, {4, 5}], [{8, 3}, {2, 7}, {4, 6}, {1, 5}], [{8, 3}, {2, 7}, {5, 6}, {1, 4}], [{8, 3}, {4, 7}, {1, 6}, {2, 5}], [{8, 3}, {4, 7}, {2, 6}, {1, 5}], [{8, 3}, {4, 7}, {2, 6}, {5}, {1}], [{8, 3}, {4, 7}, {5, 6}, {1, 2}], [{8, 3}, {5, 7}, {1, 6}, {2, 4}], [{8, 3}, {5, 7}, {2, 6}, {1, 4}], [{8, 3}, {5, 7}, {4, 6}, {1, 2}], [{8, 3}, {5, 7}, {6}, {2, 4}, {1}], [{8, 3}, {6, 7}, {1, 5}, {2, 4}], [{8, 3}, {6, 7}, {2, 5}, {1, 4}], [{8, 3}, {6, 7}, {4, 5}, {1, 2}], [{8, 3}, {7}, {2, 6}, {5}, {1, 4}], [{8, 3}, {7}, {4, 6}, {5}, {1, 2}], [{8, 3}, {7}, {5, 6}, {4}, {1, 2}], [{8, 3}, {7}, {6}, {4, 5}, {1, 2}], [{8, 4}, {1, 7}, {2, 6}, {3, 5}], [{8, 4}, {1, 7}, {3, 6}, {2, 5}], [{8, 4}, {1, 7}, {5, 6}, {2, 3}], [{8, 4}, {2, 7}, {1, 6}, {3, 5}], [{8, 4}, {2, 7}, {3, 6}, {1, 5}], [{8, 4}, {2, 7}, {5, 6}, {1, 3}], [{8, 4}, {2, 7}, {6}, {5}, {1, 3}], [{8, 4}, {3, 7}, {1, 6}, {2, 5}], [{8, 4}, {3, 7}, {2, 6}, {1, 5}], [{8, 4}, {3, 7}, {5, 6}, {1, 2}], [{8, 4}, {3, 7}, {6}, {2, 5}, {1}], [{8, 4}, {5, 7}, {1, 6}, {2, 3}], [{8, 4}, {5, 7}, {2, 6}, {1, 3}], [{8, 4}, {5, 7}, {3, 6}, {1, 2}], [{8, 4}, {5, 7}, {6}, {2, 3}, {1}], [{8, 4}, {6, 7}, {1, 5}, {2, 3}], [{8, 4}, {6, 7}, {2, 5}, {1, 3}], [{8, 4}, {6, 7}, {3, 5}, {1, 2}], [{8, 4}, {7}, {2, 6}, {1, 5}, {3}], [{8, 4}, {7}, {5, 6}, {3}, {1, 2}], [{8, 5}, {1, 7}, {2, 6}, {3, 4}], [{8, 5}, {1, 7}, {3, 6}, {2, 4}], [{8, 5}, {1, 7}, {4, 6}, {2, 3}], [{8, 5}, {1, 7}, {6}, {2, 4}, {3}], [{8, 5}, {2, 7}, {1, 6}, {3, 4}], [{8, 5}, {2, 7}, {3, 6}, {1, 4}], [{8, 5}, {2, 7}, {4, 6}, {1, 3}], [{8, 5}, {2, 7}, {4, 6}, {3}, {1}], [{8, 5}, {3, 7}, {1, 6}, {2, 4}], [{8, 5}, {3, 7}, {2, 6}, {1, 4}], [{8, 5}, {3, 7}, {4, 6}, {1, 2}], [{8, 5}, {3, 7}, {6}, {2, 4}, {1}], [{8, 5}, {4, 7}, {1, 6}, {2, 3}], [{8, 5}, {4, 7}, {2, 6}, {1, 3}], [{8, 5}, {4, 7}, {2, 6}, {3}, {1}], [{8, 5}, {4, 7}, {3, 6}, {1, 2}], [{8, 5}, {6, 7}, {1, 4}, {2, 3}], [{8, 5}, {6, 7}, {1, 4}, {3}, {2}], [{8, 5}, {6, 7}, {2, 4}, {1, 3}], [{8, 5}, {6, 7}, {2, 4}, {3}, {1}], [{8, 5}, {6, 7}, {3, 4}, {1, 2}], [{8, 5}, {6, 7}, {3, 4}, {2}, {1}], [{8, 5}, {6, 7}, {4}, {1, 3}, {2}], [{8, 5}, {6, 7}, {4}, {2, 3}, {1}], [{8, 5}, {6, 7}, {4}, {3}, {1, 2}], [{8, 5}, {6, 7}, {4}, {3}, {2}, {1}], [{8, 5}, {7}, {1, 6}, {2, 4}, {3}], [{8, 5}, {7}, {3, 6}, {2, 4}, {1}], [{8, 5}, {7}, {6}, {1, 4}, {2, 3}], [{8, 5}, {7}, {6}, {2, 4}, {1, 3}], [{8, 5}, {7}, {6}, {2, 4}, {3}, {1}], [{8, 5}, {7}, {6}, {3, 4}, {1, 2}], [{8, 6}, {1, 7}, {2, 5}, {3, 4}], [{8, 6}, {1, 7}, {3, 5}, {2, 4}], [{8, 6}, {1, 7}, {4, 5}, {2, 3}], [{8, 6}, {1, 7}, {5}, {3, 4}, {2}], [{8, 6}, {2, 7}, {1, 5}, {3, 4}], [{8, 6}, {2, 7}, {3, 5}, {1, 4}], [{8, 6}, {2, 7}, {4, 5}, {1, 3}], [{8, 6}, {2, 7}, {5}, {1, 4}, {3}], [{8, 6}, {2, 7}, {5}, {3, 4}, {1}], [{8, 6}, {2, 7}, {5}, {4}, {1, 3}], [{8, 6}, {3, 7}, {1, 5}, {2, 4}], [{8, 6}, {3, 7}, {2, 5}, {1, 4}], [{8, 6}, {3, 7}, {4, 5}, {1, 2}], [{8, 6}, {3, 7}, {5}, {1, 4}, {2}], [{8, 6}, {4, 7}, {1, 5}, {2, 3}], [{8, 6}, {4, 7}, {2, 5}, {1, 3}], [{8, 6}, {4, 7}, {3, 5}, {1, 2}], [{8, 6}, {4, 7}, {5}, {1, 3}, {2}], [{8, 6}, {5, 7}, {1, 4}, {2, 3}], [{8, 6}, {5, 7}, {1, 4}, {3}, {2}], [{8, 6}, {5, 7}, {2, 4}, {1, 3}], [{8, 6}, {5, 7}, {2, 4}, {3}, {1}], [{8, 6}, {5, 7}, {3, 4}, {1, 2}], [{8, 6}, {5, 7}, {3, 4}, {2}, {1}], [{8, 6}, {5, 7}, {4}, {1, 3}, {2}], [{8, 6}, {5, 7}, {4}, {2, 3}, {1}], [{8, 6}, {5, 7}, {4}, {3}, {1, 2}], [{8, 6}, {7}, {1, 5}, {3, 4}, {2}], [{8, 6}, {7}, {2, 5}, {1, 4}, {3}], [{8, 6}, {7}, {2, 5}, {3, 4}, {1}], [{8, 6}, {7}, {2, 5}, {4}, {1, 3}], [{8, 6}, {7}, {3, 5}, {1, 4}, {2}], [{8, 6}, {7}, {4, 5}, {1, 3}, {2}], [{8, 6}, {7}, {5}, {1, 4}, {2, 3}], [{8, 6}, {7}, {5}, {1, 4}, {3}, {2}], [{8, 6}, {7}, {5}, {2, 4}, {1, 3}], [{8, 6}, {7}, {5}, {3, 4}, {1, 2}], [{8, 6}, {7}, {5}, {3, 4}, {2}, {1}], [{8, 6}, {7}, {5}, {4}, {1, 3}, {2}], [{8, 7}, {1, 6}, {2, 5}, {3, 4}], [{8, 7}, {1, 6}, {3, 5}, {2, 4}], [{8, 7}, {1, 6}, {4, 5}, {2, 3}], [{8, 7}, {1, 6}, {5}, {2, 4}, {3}], [{8, 7}, {2, 6}, {1, 5}, {3, 4}], [{8, 7}, {2, 6}, {3, 5}, {1, 4}], [{8, 7}, {2, 6}, {4, 5}, {1, 3}], [{8, 7}, {2, 6}, {4, 5}, {3}, {1}], [{8, 7}, {3, 6}, {1, 5}, {2, 4}], [{8, 7}, {3, 6}, {2, 5}, {1, 4}], [{8, 7}, {3, 6}, {4, 5}, {1, 2}], [{8, 7}, {3, 6}, {5}, {2, 4}, {1}], [{8, 7}, {4, 6}, {1, 5}, {2, 3}], [{8, 7}, {4, 6}, {2, 5}, {1, 3}], [{8, 7}, {4, 6}, {2, 5}, {3}, {1}], [{8, 7}, {4, 6}, {3, 5}, {1, 2}], [{8, 7}, {5, 6}, {1, 4}, {2, 3}], [{8, 7}, {5, 6}, {1, 4}, {3}, {2}], [{8, 7}, {5, 6}, {2, 4}, {1, 3}], [{8, 7}, {5, 6}, {2, 4}, {3}, {1}], [{8, 7}, {5, 6}, {3, 4}, {1, 2}], [{8, 7}, {5, 6}, {3, 4}, {2}, {1}], [{8, 7}, {5, 6}, {4}, {1, 3}, {2}], [{8, 7}, {5, 6}, {4}, {2, 3}, {1}], [{8, 7}, {5, 6}, {4}, {3}, {1, 2}], [{8, 7}, {5, 6}, {4}, {3}, {2}, {1}], [{8, 7}, {6}, {1, 5}, {2, 4}, {3}], [{8, 7}, {6}, {3, 5}, {2, 4}, {1}], [{8, 7}, {6}, {5}, {1, 4}, {2, 3}], [{8, 7}, {6}, {5}, {2, 4}, {1, 3}], [{8, 7}, {6}, {5}, {2, 4}, {3}, {1}], [{8, 7}, {6}, {5}, {3, 4}, {1, 2}], [{8}, {1, 7}, {3, 6}, {5}, {2, 4}], [{8}, {1, 7}, {4, 6}, {2, 5}, {3}], [{8}, {1, 7}, {6}, {4, 5}, {2, 3}], [{8}, {2, 7}, {1, 6}, {5}, {3, 4}], [{8}, {2, 7}, {3, 6}, {4, 5}, {1}], [{8}, {2, 7}, {4, 6}, {5}, {1, 3}], [{8}, {3, 7}, {2, 6}, {1, 5}, {4}], [{8}, {3, 7}, {5, 6}, {4}, {1, 2}], [{8}, {4, 7}, {2, 6}, {3, 5}, {1}], [{8}, {4, 7}, {5, 6}, {3}, {1, 2}], [{8}, {4, 7}, {6}, {1, 5}, {2, 3}], [{8}, {5, 7}, {1, 6}, {2, 4}, {3}], [{8}, {5, 7}, {1, 6}, {3, 4}, {2}], [{8}, {5, 7}, {1, 6}, {4}, {2, 3}], [{8}, {5, 7}, {2, 6}, {3, 4}, {1}], [{8}, {5, 7}, {3, 6}, {2, 4}, {1}], [{8}, {5, 7}, {4, 6}, {2, 3}, {1}], [{8}, {5, 7}, {6}, {1, 4}, {2, 3}], [{8}, {5, 7}, {6}, {2, 4}, {1, 3}], [{8}, {5, 7}, {6}, {2, 4}, {3}, {1}], [{8}, {5, 7}, {6}, {3, 4}, {1, 2}], [{8}, {5, 7}, {6}, {3, 4}, {2}, {1}], [{8}, {5, 7}, {6}, {4}, {2, 3}, {1}], [{8}, {6, 7}, {5}, {1, 4}, {2, 3}], [{8}, {6, 7}, {5}, {2, 4}, {1, 3}], [{8}, {6, 7}, {5}, {3, 4}, {1, 2}], [{8}, {7}, {1, 6}, {2, 5}, {3, 4}], [{8}, {7}, {3, 6}, {1, 5}, {2, 4}], [{8}, {7}, {5, 6}, {1, 4}, {2, 3}], [{8}, {7}, {5, 6}, {2, 4}, {1, 3}], [{8}, {7}, {5, 6}, {3, 4}, {1, 2}], [{8}, {7}, {5, 6}, {4}, {3}, {1, 2}], [{8}, {7}, {6}, {5}, {1, 4}, {2, 3}]]",2,16 K_1^3 - 10 K_1^2 - 8 K_1 K_2 - 8 K_1 + 5 K_2 + 6,O1O2O3U4O5U2U3U6O4O7U5O8U1U8O6U7,O1O2O3U4O5U2U3U6O7U1O8O6U8O4U7U5,O1O2O3U4U5O6U7O8O7U3O5U8U1U2O4U6,c,{'O1O2O3U4O5U6U3O6U7O4O8U5U1U2O7U8'},1,"<a href=""/flatknot/8.1101619"">8.1101619</a>",t^9-29t^7-44t^6+51t^5+82t^4-18t^3-24t^2+4t,-t^2+2t,,
8.1101620,O1O2O3U4O5U6U3O6U7O4O8U5U1U8O7U2,4,15z^2+98z+137,15w^3z^2+98w^2z+137w,False,False,"[[ 0 -1  1  1 -1  0 -1 -1  2],[ 1  0  1  1  1  0  0  0  2],[-1 -1  0  1 -2  0 -2 -1  1],[-1 -1 -1  0  0 -1 -1 -1  1],[ 1 -1  2  0  0  0  0  0  1],[ 0  0  0  1  0  0  0 -1  1],[ 1  0  2  1  0  0  0  0  2],[ 1  0  1  1  0  1  0  0  2],[-2 -2 -1 -1 -1 -1 -2 -2  0]]","[[ 0  2  1  1  0 -1 -1 -1 -1],[-2  0 -1 -1 -1 -1 -2 -2 -2],[-1  1  0  1  0 -2 -1 -1 -2],[-1  1 -1  0 -1  0 -1 -1 -1],[ 0  1  0  1  0  0  0 -1  0],[ 1  1  2  0  0  0 -1  0  0],[ 1  2  1  1  0  1  0  0  0],[ 1  2  1  1  1  0  0  0  0],[ 1  2  2  1  0  0  0  0  0]]",True,"[-2,-1,-1,0,1,1,1,1,1,1,1,1,2,2,2,-1,0,2,1,1,2,1,0,1,1,1,0,0,1,0,1,0,0,0,0,0]","[-2,-1,-1,0,1,1,1,1,0,0,1,1,1,1,2,-1,0,1,1,1,2,1,0,1,1,0,1,0,1,1,0,0,0,0,0,1]",t^8+33t^6+147t^4+98t^2+9,"[-1,-1,-1,-1,0,1,1,2,-1,0,0,1,1,1,1,0,0,1,0,2,2,0,0,1,1,1,1,0,1,1,1,0,1,-1,0,0]","[-2,-1,-1,0,1,1,1,1,0,0,1,1,1,1,2,-1,0,1,1,1,2,1,0,1,1,0,1,0,1,1,0,0,0,0,0,1]","[-1,-1,-1,-1,0,1,1,2,-1,0,0,0,0,2,1,0,0,0,1,1,2,0,0,1,2,2,1,1,1,2,1,0,1,-1,1,1]",c,"[[{8, 1}, {2, 7}, {3, 6}, {4, 5}], [{8, 1}, {2, 7}, {4, 6}, {3, 5}], [{8, 1}, {2, 7}, {5, 6}, {3, 4}], [{8, 1}, {2, 7}, {5, 6}, {4}, {3}], [{8, 1}, {3, 7}, {2, 6}, {4, 5}], [{8, 1}, {3, 7}, {4, 6}, {2, 5}], [{8, 1}, {3, 7}, {5, 6}, {2, 4}], [{8, 1}, {3, 7}, {6}, {5}, {2, 4}], [{8, 1}, {4, 7}, {2, 6}, {3, 5}], [{8, 1}, {4, 7}, {2, 6}, {5}, {3}], [{8, 1}, {4, 7}, {3, 6}, {2, 5}], [{8, 1}, {4, 7}, {5, 6}, {2, 3}], [{8, 1}, {5, 7}, {2, 6}, {3, 4}], [{8, 1}, {5, 7}, {2, 6}, {4}, {3}], [{8, 1}, {5, 7}, {3, 6}, {2, 4}], [{8, 1}, {5, 7}, {4, 6}, {2, 3}], [{8, 1}, {5, 7}, {4, 6}, {3}, {2}], [{8, 1}, {5, 7}, {6}, {2, 4}, {3}], [{8, 1}, {6, 7}, {2, 5}, {3, 4}], [{8, 1}, {6, 7}, {3, 5}, {2, 4}], [{8, 1}, {6, 7}, {4, 5}, {2, 3}], [{8, 1}, {6, 7}, {5}, {3, 4}, {2}], [{8, 1}, {7}, {2, 6}, {4, 5}, {3}], [{8, 1}, {7}, {3, 6}, {4, 5}, {2}], [{8, 1}, {7}, {6}, {2, 5}, {3, 4}], [{8, 1}, {7}, {6}, {3, 5}, {2, 4}], [{8, 1}, {7}, {6}, {4, 5}, {2, 3}], [{8, 2}, {1, 7}, {3, 6}, {4, 5}], [{8, 2}, {1, 7}, {4, 6}, {3, 5}], [{8, 2}, {1, 7}, {5, 6}, {3, 4}], [{8, 2}, {1, 7}, {5, 6}, {4}, {3}], [{8, 2}, {3, 7}, {1, 6}, {4, 5}], [{8, 2}, {3, 7}, {4, 6}, {1, 5}], [{8, 2}, {3, 7}, {5, 6}, {1, 4}], [{8, 2}, {3, 7}, {6}, {1, 5}, {4}], [{8, 2}, {4, 7}, {1, 6}, {3, 5}], [{8, 2}, {4, 7}, {3, 6}, {1, 5}], [{8, 2}, {4, 7}, {5, 6}, {1, 3}], [{8, 2}, {4, 7}, {6}, {5}, {1, 3}], [{8, 2}, {5, 7}, {1, 6}, {3, 4}], [{8, 2}, {5, 7}, {3, 6}, {1, 4}], [{8, 2}, {5, 7}, {4, 6}, {1, 3}], [{8, 2}, {5, 7}, {4, 6}, {3}, {1}], [{8, 2}, {6, 7}, {1, 5}, {3, 4}], [{8, 2}, {6, 7}, {3, 5}, {1, 4}], [{8, 2}, {6, 7}, {4, 5}, {1, 3}], [{8, 2}, {6, 7}, {5}, {3, 4}, {1}], [{8, 2}, {7}, {3, 6}, {4, 5}, {1}], [{8, 3}, {1, 7}, {2, 6}, {4, 5}], [{8, 3}, {1, 7}, {4, 6}, {2, 5}], [{8, 3}, {1, 7}, {5, 6}, {2, 4}], [{8, 3}, {2, 7}, {1, 6}, {4, 5}], [{8, 3}, {2, 7}, {4, 6}, {1, 5}], [{8, 3}, {2, 7}, {5, 6}, {1, 4}], [{8, 3}, {2, 7}, {5, 6}, {4}, {1}], [{8, 3}, {4, 7}, {1, 6}, {2, 5}], [{8, 3}, {4, 7}, {2, 6}, {1, 5}], [{8, 3}, {4, 7}, {2, 6}, {5}, {1}], [{8, 3}, {4, 7}, {5, 6}, {1, 2}], [{8, 3}, {5, 7}, {1, 6}, {2, 4}], [{8, 3}, {5, 7}, {2, 6}, {1, 4}], [{8, 3}, {5, 7}, {2, 6}, {4}, {1}], [{8, 3}, {5, 7}, {4, 6}, {1, 2}], [{8, 3}, {5, 7}, {4, 6}, {2}, {1}], [{8, 3}, {5, 7}, {6}, {2, 4}, {1}], [{8, 3}, {6, 7}, {1, 5}, {2, 4}], [{8, 3}, {6, 7}, {2, 5}, {1, 4}], [{8, 3}, {6, 7}, {4, 5}, {1, 2}], [{8, 3}, {6, 7}, {5}, {4}, {1, 2}], [{8, 3}, {7}, {2, 6}, {4, 5}, {1}], [{8, 3}, {7}, {6}, {2, 5}, {1, 4}], [{8, 4}, {1, 7}, {2, 6}, {3, 5}], [{8, 4}, {1, 7}, {3, 6}, {2, 5}], [{8, 4}, {1, 7}, {5, 6}, {2, 3}], [{8, 4}, {2, 7}, {1, 6}, {3, 5}], [{8, 4}, {2, 7}, {3, 6}, {1, 5}], [{8, 4}, {2, 7}, {5, 6}, {1, 3}], [{8, 4}, {2, 7}, {5, 6}, {3}, {1}], [{8, 4}, {3, 7}, {1, 6}, {2, 5}], [{8, 4}, {3, 7}, {2, 6}, {1, 5}], [{8, 4}, {3, 7}, {5, 6}, {1, 2}], [{8, 4}, {3, 7}, {6}, {1, 5}, {2}], [{8, 4}, {5, 7}, {1, 6}, {2, 3}], [{8, 4}, {5, 7}, {2, 6}, {1, 3}], [{8, 4}, {5, 7}, {2, 6}, {3}, {1}], [{8, 4}, {5, 7}, {3, 6}, {1, 2}], [{8, 4}, {6, 7}, {1, 5}, {2, 3}], [{8, 4}, {6, 7}, {2, 5}, {1, 3}], [{8, 4}, {6, 7}, {3, 5}, {1, 2}], [{8, 4}, {6, 7}, {5}, {3}, {1, 2}], [{8, 4}, {7}, {2, 6}, {5}, {1, 3}], [{8, 4}, {7}, {5, 6}, {1, 3}, {2}], [{8, 4}, {7}, {6}, {2, 5}, {1, 3}], [{8, 5}, {1, 7}, {2, 6}, {3, 4}], [{8, 5}, {1, 7}, {3, 6}, {2, 4}], [{8, 5}, {1, 7}, {4, 6}, {2, 3}], [{8, 5}, {1, 7}, {4, 6}, {3}, {2}], [{8, 5}, {2, 7}, {1, 6}, {3, 4}], [{8, 5}, {2, 7}, {3, 6}, {1, 4}], [{8, 5}, {2, 7}, {4, 6}, {1, 3}], [{8, 5}, {2, 7}, {6}, {1, 4}, {3}], [{8, 5}, {3, 7}, {1, 6}, {2, 4}], [{8, 5}, {3, 7}, {2, 6}, {1, 4}], [{8, 5}, {3, 7}, {4, 6}, {1, 2}], [{8, 5}, {3, 7}, {6}, {2, 4}, {1}], [{8, 5}, {4, 7}, {1, 6}, {2, 3}], [{8, 5}, {4, 7}, {2, 6}, {1, 3}], [{8, 5}, {4, 7}, {2, 6}, {3}, {1}], [{8, 5}, {4, 7}, {3, 6}, {1, 2}], [{8, 5}, {6, 7}, {1, 4}, {2, 3}], [{8, 5}, {6, 7}, {2, 4}, {1, 3}], [{8, 5}, {6, 7}, {3, 4}, {1, 2}], [{8, 5}, {6, 7}, {3, 4}, {2}, {1}], [{8, 5}, {7}, {2, 6}, {4}, {1, 3}], [{8, 6}, {1, 7}, {2, 5}, {3, 4}], [{8, 6}, {1, 7}, {3, 5}, {2, 4}], [{8, 6}, {1, 7}, {4, 5}, {2, 3}], [{8, 6}, {1, 7}, {5}, {4}, {2, 3}], [{8, 6}, {2, 7}, {1, 5}, {3, 4}], [{8, 6}, {2, 7}, {3, 5}, {1, 4}], [{8, 6}, {2, 7}, {4, 5}, {1, 3}], [{8, 6}, {2, 7}, {5}, {1, 4}, {3}], [{8, 6}, {3, 7}, {1, 5}, {2, 4}], [{8, 6}, {3, 7}, {2, 5}, {1, 4}], [{8, 6}, {3, 7}, {4, 5}, {1, 2}], [{8, 6}, {3, 7}, {5}, {2, 4}, {1}], [{8, 6}, {4, 7}, {1, 5}, {2, 3}], [{8, 6}, {4, 7}, {2, 5}, {1, 3}], [{8, 6}, {4, 7}, {3, 5}, {1, 2}], [{8, 6}, {4, 7}, {5}, {1, 3}, {2}], [{8, 6}, {5, 7}, {1, 4}, {2, 3}], [{8, 6}, {5, 7}, {2, 4}, {1, 3}], [{8, 6}, {5, 7}, {2, 4}, {3}, {1}], [{8, 6}, {5, 7}, {3, 4}, {1, 2}], [{8, 6}, {7}, {1, 5}, {3, 4}, {2}], [{8, 6}, {7}, {2, 5}, {3, 4}, {1}], [{8, 6}, {7}, {3, 5}, {2, 4}, {1}], [{8, 6}, {7}, {4, 5}, {2, 3}, {1}], [{8, 6}, {7}, {5}, {3, 4}, {1, 2}], [{8, 7}, {1, 6}, {2, 5}, {3, 4}], [{8, 7}, {1, 6}, {3, 5}, {2, 4}], [{8, 7}, {1, 6}, {3, 5}, {4}, {2}], [{8, 7}, {1, 6}, {4, 5}, {2, 3}], [{8, 7}, {2, 6}, {1, 5}, {3, 4}], [{8, 7}, {2, 6}, {3, 5}, {1, 4}], [{8, 7}, {2, 6}, {4, 5}, {1, 3}], [{8, 7}, {2, 6}, {4, 5}, {3}, {1}], [{8, 7}, {2, 6}, {5}, {4}, {1, 3}], [{8, 7}, {3, 6}, {1, 5}, {2, 4}], [{8, 7}, {3, 6}, {1, 5}, {4}, {2}], [{8, 7}, {3, 6}, {2, 5}, {1, 4}], [{8, 7}, {3, 6}, {4, 5}, {1, 2}], [{8, 7}, {3, 6}, {4, 5}, {2}, {1}], [{8, 7}, {3, 6}, {5}, {1, 4}, {2}], [{8, 7}, {4, 6}, {1, 5}, {2, 3}], [{8, 7}, {4, 6}, {1, 5}, {3}, {2}], [{8, 7}, {4, 6}, {2, 5}, {1, 3}], [{8, 7}, {4, 6}, {3, 5}, {1, 2}], [{8, 7}, {5, 6}, {1, 4}, {2, 3}], [{8, 7}, {5, 6}, {2, 4}, {1, 3}], [{8, 7}, {5, 6}, {3, 4}, {1, 2}], [{8, 7}, {5, 6}, {4}, {3}, {1, 2}], [{8, 7}, {6}, {1, 5}, {3, 4}, {2}], [{8, 7}, {6}, {2, 5}, {3, 4}, {1}], [{8, 7}, {6}, {3, 5}, {2, 4}, {1}], [{8, 7}, {6}, {4, 5}, {2, 3}, {1}], [{8, 7}, {6}, {5}, {3, 4}, {1, 2}], [{8}, {1, 7}, {2, 6}, {4, 5}, {3}], [{8}, {1, 7}, {3, 6}, {4, 5}, {2}], [{8}, {1, 7}, {6}, {2, 5}, {3, 4}], [{8}, {1, 7}, {6}, {3, 5}, {2, 4}], [{8}, {1, 7}, {6}, {4, 5}, {2, 3}], [{8}, {2, 7}, {3, 6}, {4, 5}, {1}], [{8}, {2, 7}, {4, 6}, {3, 5}, {1}], [{8}, {2, 7}, {5, 6}, {1, 4}, {3}], [{8}, {2, 7}, {5, 6}, {3, 4}, {1}], [{8}, {2, 7}, {5, 6}, {4}, {1, 3}], [{8}, {2, 7}, {5, 6}, {4}, {3}, {1}], [{8}, {3, 7}, {1, 6}, {5}, {2, 4}], [{8}, {3, 7}, {2, 6}, {4, 5}, {1}], [{8}, {3, 7}, {4, 6}, {2, 5}, {1}], [{8}, {3, 7}, {5, 6}, {2, 4}, {1}], [{8}, {3, 7}, {6}, {1, 5}, {2, 4}], [{8}, {3, 7}, {6}, {5}, {2, 4}, {1}], [{8}, {4, 7}, {2, 6}, {1, 5}, {3}], [{8}, {4, 7}, {2, 6}, {3, 5}, {1}], [{8}, {4, 7}, {2, 6}, {5}, {1, 3}], [{8}, {4, 7}, {2, 6}, {5}, {3}, {1}], [{8}, {4, 7}, {3, 6}, {2, 5}, {1}], [{8}, {4, 7}, {5, 6}, {2, 3}, {1}], [{8}, {5, 7}, {1, 6}, {2, 4}, {3}], [{8}, {5, 7}, {2, 6}, {1, 4}, {3}], [{8}, {5, 7}, {2, 6}, {3, 4}, {1}], [{8}, {5, 7}, {2, 6}, {4}, {1, 3}], [{8}, {5, 7}, {2, 6}, {4}, {3}, {1}], [{8}, {5, 7}, {3, 6}, {2, 4}, {1}], [{8}, {5, 7}, {4, 6}, {1, 3}, {2}], [{8}, {5, 7}, {4, 6}, {2, 3}, {1}], [{8}, {5, 7}, {4, 6}, {3}, {1, 2}], [{8}, {5, 7}, {4, 6}, {3}, {2}, {1}], [{8}, {5, 7}, {6}, {2, 4}, {1, 3}], [{8}, {5, 7}, {6}, {2, 4}, {3}, {1}], [{8}, {6, 7}, {1, 5}, {3, 4}, {2}], [{8}, {6, 7}, {2, 5}, {3, 4}, {1}], [{8}, {6, 7}, {3, 5}, {2, 4}, {1}], [{8}, {6, 7}, {4, 5}, {2, 3}, {1}], [{8}, {6, 7}, {5}, {3, 4}, {1, 2}], [{8}, {6, 7}, {5}, {3, 4}, {2}, {1}], [{8}, {7}, {1, 6}, {2, 5}, {3, 4}], [{8}, {7}, {1, 6}, {3, 5}, {2, 4}], [{8}, {7}, {1, 6}, {4, 5}, {2, 3}], [{8}, {7}, {2, 6}, {4, 5}, {1, 3}], [{8}, {7}, {2, 6}, {4, 5}, {3}, {1}], [{8}, {7}, {3, 6}, {4, 5}, {1, 2}], [{8}, {7}, {3, 6}, {4, 5}, {2}, {1}], [{8}, {7}, {6}, {2, 5}, {3, 4}, {1}], [{8}, {7}, {6}, {3, 5}, {2, 4}, {1}], [{8}, {7}, {6}, {4, 5}, {2, 3}, {1}]]",2,- 22 K_1^2 - 8 K_1 K_2 + 4 K_1 + 11 K_2 + 4 K_3 + 12,O1O2O3U2O4U5U3U6O5O7U4O8U1U8O6U7,O1O2O3U4O5U2U5U6O7U1O8O6U8O4U7U3,O1O2O3U1U4O5U6O7O6U3O4U7U8U2O8U5,c,{'O1O2O3U4O5U6U3O6U7O4O8U5U1U8O7U2'},1,"<a href=""/flatknot/8.1101620"">8.1101620</a>",t^9-31t^7-50t^6+80t^5+146t^4+11t^3-40t^2-8t-2,-t^2+2t,,
8.1101621,O1O2O3U4O5U6U3O6U7O4O8U5U2U1O7U8,4,2z^3+27z^2+90z+89,2w^4z^3+27w^3z^2+90w^2z+89w,False,False,"[[ 0  0  0  1 -1  0 -1 -1  2],[ 0  0  0  1  0  0 -1 -1  2],[ 0  0  0  1  0  0 -1  0  1],[-1 -1 -1  0  0 -1 -1 -1  1],[ 1  0  0  0  0  0  0  0  2],[ 0  0  0  1  0  0  0  0  0],[ 1  1  1  1  0  0  0  0  2],[ 1  1  0  1  0  0  0  0  2],[-2 -2 -1 -1 -2  0 -2 -2  0]]","[[ 0  2  1  0  0  0 -1 -1 -1],[-2  0 -1  0 -1 -2 -2 -2 -2],[-1  1  0 -1 -1 -1  0 -1 -1],[ 0  0  1  0  0  0  0  0  0],[ 0  1  1  0  0  0  0  0 -1],[ 0  2  1  0  0  0  0 -1 -1],[ 1  2  0  0  0  0  0  0  0],[ 1  2  1  0  0  1  0  0  0],[ 1  2  1  0  1  1  0  0  0]]",True,"[-2,-1,0,0,0,1,1,1,1,0,1,2,2,2,2,1,1,1,0,1,1,0,0,0,0,0,0,0,0,1,0,1,1,0,0,0]","[-2,-1,0,0,0,1,1,1,0,0,1,2,1,1,1,0,0,0,1,1,2,0,0,0,0,1,0,0,1,1,1,1,1,0,0,0]",t^8+26t^6+65t^4+32t^2+4,"[-1,-1,-1,0,0,0,1,2,0,0,0,0,1,1,1,0,0,1,1,1,1,1,1,1,2,1,0,0,0,0,0,0,1,0,2,0]","[-2,-1,0,0,0,1,1,1,0,0,1,2,1,1,1,0,0,0,1,1,2,0,0,0,0,1,0,0,1,1,1,1,1,0,0,0]","[-1,-1,-1,0,0,0,1,2,0,0,0,0,0,0,2,0,0,0,1,1,2,0,1,1,1,2,0,0,1,0,0,1,1,1,2,1]",c,"[[{8, 1}, {2, 7}, {3, 6}, {4, 5}], [{8, 1}, {2, 7}, {4, 6}, {3, 5}], [{8, 1}, {2, 7}, {5, 6}, {3, 4}], [{8, 1}, {2, 7}, {5, 6}, {4}, {3}], [{8, 1}, {3, 7}, {2, 6}, {4, 5}], [{8, 1}, {3, 7}, {4, 6}, {2, 5}], [{8, 1}, {3, 7}, {4, 6}, {5}, {2}], [{8, 1}, {3, 7}, {5, 6}, {2, 4}], [{8, 1}, {4, 7}, {2, 6}, {3, 5}], [{8, 1}, {4, 7}, {3, 6}, {2, 5}], [{8, 1}, {4, 7}, {5, 6}, {2, 3}], [{8, 1}, {5, 7}, {2, 6}, {3, 4}], [{8, 1}, {5, 7}, {3, 6}, {2, 4}], [{8, 1}, {5, 7}, {4, 6}, {2, 3}], [{8, 1}, {5, 7}, {6}, {4}, {2, 3}], [{8, 1}, {6, 7}, {2, 5}, {3, 4}], [{8, 1}, {6, 7}, {3, 5}, {2, 4}], [{8, 1}, {6, 7}, {4, 5}, {2, 3}], [{8, 1}, {6, 7}, {5}, {3, 4}, {2}], [{8, 1}, {7}, {2, 6}, {3, 5}, {4}], [{8, 1}, {7}, {3, 6}, {2, 5}, {4}], [{8, 1}, {7}, {3, 6}, {4, 5}, {2}], [{8, 1}, {7}, {3, 6}, {5}, {2, 4}], [{8, 1}, {7}, {4, 6}, {2, 5}, {3}], [{8, 1}, {7}, {6}, {2, 5}, {3, 4}], [{8, 2}, {1, 7}, {3, 6}, {4, 5}], [{8, 2}, {1, 7}, {4, 6}, {3, 5}], [{8, 2}, {1, 7}, {5, 6}, {3, 4}], [{8, 2}, {1, 7}, {5, 6}, {4}, {3}], [{8, 2}, {3, 7}, {1, 6}, {4, 5}], [{8, 2}, {3, 7}, {4, 6}, {1, 5}], [{8, 2}, {3, 7}, {5, 6}, {1, 4}], [{8, 2}, {3, 7}, {6}, {4, 5}, {1}], [{8, 2}, {4, 7}, {1, 6}, {3, 5}], [{8, 2}, {4, 7}, {3, 6}, {1, 5}], [{8, 2}, {4, 7}, {5, 6}, {1, 3}], [{8, 2}, {5, 7}, {1, 6}, {3, 4}], [{8, 2}, {5, 7}, {3, 6}, {1, 4}], [{8, 2}, {5, 7}, {4, 6}, {1, 3}], [{8, 2}, {6, 7}, {1, 5}, {3, 4}], [{8, 2}, {6, 7}, {3, 5}, {1, 4}], [{8, 2}, {6, 7}, {4, 5}, {1, 3}], [{8, 2}, {6, 7}, {5}, {3, 4}, {1}], [{8, 2}, {7}, {1, 6}, {4, 5}, {3}], [{8, 2}, {7}, {3, 6}, {5}, {1, 4}], [{8, 2}, {7}, {4, 6}, {3, 5}, {1}], [{8, 3}, {1, 7}, {2, 6}, {4, 5}], [{8, 3}, {1, 7}, {4, 6}, {2, 5}], [{8, 3}, {1, 7}, {5, 6}, {2, 4}], [{8, 3}, {1, 7}, {6}, {5}, {2, 4}], [{8, 3}, {2, 7}, {1, 6}, {4, 5}], [{8, 3}, {2, 7}, {1, 6}, {5}, {4}], [{8, 3}, {2, 7}, {4, 6}, {1, 5}], [{8, 3}, {2, 7}, {5, 6}, {1, 4}], [{8, 3}, {4, 7}, {1, 6}, {2, 5}], [{8, 3}, {4, 7}, {2, 6}, {1, 5}], [{8, 3}, {4, 7}, {5, 6}, {1, 2}], [{8, 3}, {4, 7}, {6}, {2, 5}, {1}], [{8, 3}, {5, 7}, {1, 6}, {2, 4}], [{8, 3}, {5, 7}, {2, 6}, {1, 4}], [{8, 3}, {5, 7}, {4, 6}, {1, 2}], [{8, 3}, {6, 7}, {1, 5}, {2, 4}], [{8, 3}, {6, 7}, {1, 5}, {4}, {2}], [{8, 3}, {6, 7}, {2, 5}, {1, 4}], [{8, 3}, {6, 7}, {4, 5}, {1, 2}], [{8, 3}, {7}, {2, 6}, {5}, {1, 4}], [{8, 3}, {7}, {4, 6}, {5}, {1, 2}], [{8, 3}, {7}, {5, 6}, {4}, {1, 2}], [{8, 3}, {7}, {6}, {4, 5}, {1, 2}], [{8, 4}, {1, 7}, {2, 6}, {3, 5}], [{8, 4}, {1, 7}, {2, 6}, {5}, {3}], [{8, 4}, {1, 7}, {3, 6}, {2, 5}], [{8, 4}, {1, 7}, {5, 6}, {2, 3}], [{8, 4}, {2, 7}, {1, 6}, {3, 5}], [{8, 4}, {2, 7}, {3, 6}, {1, 5}], [{8, 4}, {2, 7}, {5, 6}, {1, 3}], [{8, 4}, {2, 7}, {6}, {1, 5}, {3}], [{8, 4}, {2, 7}, {6}, {3, 5}, {1}], [{8, 4}, {2, 7}, {6}, {5}, {1, 3}], [{8, 4}, {3, 7}, {1, 6}, {2, 5}], [{8, 4}, {3, 7}, {1, 6}, {5}, {2}], [{8, 4}, {3, 7}, {2, 6}, {1, 5}], [{8, 4}, {3, 7}, {5, 6}, {1, 2}], [{8, 4}, {5, 7}, {1, 6}, {2, 3}], [{8, 4}, {5, 7}, {2, 6}, {1, 3}], [{8, 4}, {5, 7}, {2, 6}, {3}, {1}], [{8, 4}, {5, 7}, {3, 6}, {1, 2}], [{8, 4}, {5, 7}, {3, 6}, {2}, {1}], [{8, 4}, {5, 7}, {6}, {2, 3}, {1}], [{8, 4}, {6, 7}, {1, 5}, {2, 3}], [{8, 4}, {6, 7}, {1, 5}, {3}, {2}], [{8, 4}, {6, 7}, {2, 5}, {1, 3}], [{8, 4}, {6, 7}, {3, 5}, {1, 2}], [{8, 4}, {7}, {2, 6}, {1, 5}, {3}], [{8, 4}, {7}, {5, 6}, {3}, {1, 2}], [{8, 5}, {1, 7}, {2, 6}, {3, 4}], [{8, 5}, {1, 7}, {2, 6}, {4}, {3}], [{8, 5}, {1, 7}, {3, 6}, {2, 4}], [{8, 5}, {1, 7}, {4, 6}, {2, 3}], [{8, 5}, {1, 7}, {4, 6}, {3}, {2}], [{8, 5}, {1, 7}, {6}, {2, 4}, {3}], [{8, 5}, {2, 7}, {1, 6}, {3, 4}], [{8, 5}, {2, 7}, {3, 6}, {1, 4}], [{8, 5}, {2, 7}, {3, 6}, {4}, {1}], [{8, 5}, {2, 7}, {4, 6}, {1, 3}], [{8, 5}, {3, 7}, {1, 6}, {2, 4}], [{8, 5}, {3, 7}, {2, 6}, {1, 4}], [{8, 5}, {3, 7}, {4, 6}, {1, 2}], [{8, 5}, {3, 7}, {6}, {2, 4}, {1}], [{8, 5}, {4, 7}, {1, 6}, {2, 3}], [{8, 5}, {4, 7}, {2, 6}, {1, 3}], [{8, 5}, {4, 7}, {3, 6}, {1, 2}], [{8, 5}, {4, 7}, {3, 6}, {2}, {1}], [{8, 5}, {6, 7}, {1, 4}, {2, 3}], [{8, 5}, {6, 7}, {1, 4}, {3}, {2}], [{8, 5}, {6, 7}, {2, 4}, {1, 3}], [{8, 5}, {6, 7}, {2, 4}, {3}, {1}], [{8, 5}, {6, 7}, {3, 4}, {1, 2}], [{8, 5}, {6, 7}, {3, 4}, {2}, {1}], [{8, 5}, {6, 7}, {4}, {1, 3}, {2}], [{8, 5}, {6, 7}, {4}, {2, 3}, {1}], [{8, 5}, {6, 7}, {4}, {3}, {1, 2}], [{8, 5}, {7}, {1, 6}, {2, 4}, {3}], [{8, 5}, {7}, {3, 6}, {2, 4}, {1}], [{8, 5}, {7}, {6}, {1, 4}, {2, 3}], [{8, 5}, {7}, {6}, {2, 4}, {1, 3}], [{8, 5}, {7}, {6}, {2, 4}, {3}, {1}], [{8, 5}, {7}, {6}, {3, 4}, {1, 2}], [{8, 6}, {1, 7}, {2, 5}, {3, 4}], [{8, 6}, {1, 7}, {3, 5}, {2, 4}], [{8, 6}, {1, 7}, {4, 5}, {2, 3}], [{8, 6}, {1, 7}, {5}, {3, 4}, {2}], [{8, 6}, {2, 7}, {1, 5}, {3, 4}], [{8, 6}, {2, 7}, {1, 5}, {4}, {3}], [{8, 6}, {2, 7}, {3, 5}, {1, 4}], [{8, 6}, {2, 7}, {3, 5}, {4}, {1}], [{8, 6}, {2, 7}, {4, 5}, {1, 3}], [{8, 6}, {2, 7}, {4, 5}, {3}, {1}], [{8, 6}, {2, 7}, {5}, {1, 4}, {3}], [{8, 6}, {2, 7}, {5}, {3, 4}, {1}], [{8, 6}, {2, 7}, {5}, {4}, {1, 3}], [{8, 6}, {3, 7}, {1, 5}, {2, 4}], [{8, 6}, {3, 7}, {2, 5}, {1, 4}], [{8, 6}, {3, 7}, {4, 5}, {1, 2}], [{8, 6}, {3, 7}, {5}, {1, 4}, {2}], [{8, 6}, {4, 7}, {1, 5}, {2, 3}], [{8, 6}, {4, 7}, {2, 5}, {1, 3}], [{8, 6}, {4, 7}, {3, 5}, {1, 2}], [{8, 6}, {4, 7}, {5}, {1, 3}, {2}], [{8, 6}, {5, 7}, {1, 4}, {2, 3}], [{8, 6}, {5, 7}, {1, 4}, {3}, {2}], [{8, 6}, {5, 7}, {2, 4}, {1, 3}], [{8, 6}, {5, 7}, {2, 4}, {3}, {1}], [{8, 6}, {5, 7}, {3, 4}, {1, 2}], [{8, 6}, {5, 7}, {3, 4}, {2}, {1}], [{8, 6}, {5, 7}, {4}, {1, 3}, {2}], [{8, 6}, {5, 7}, {4}, {2, 3}, {1}], [{8, 6}, {5, 7}, {4}, {3}, {1, 2}], [{8, 6}, {7}, {1, 5}, {3, 4}, {2}], [{8, 6}, {7}, {2, 5}, {1, 4}, {3}], [{8, 6}, {7}, {2, 5}, {3, 4}, {1}], [{8, 6}, {7}, {2, 5}, {4}, {1, 3}], [{8, 6}, {7}, {3, 5}, {1, 4}, {2}], [{8, 6}, {7}, {4, 5}, {1, 3}, {2}], [{8, 6}, {7}, {5}, {1, 4}, {2, 3}], [{8, 6}, {7}, {5}, {1, 4}, {3}, {2}], [{8, 6}, {7}, {5}, {2, 4}, {1, 3}], [{8, 6}, {7}, {5}, {3, 4}, {1, 2}], [{8, 6}, {7}, {5}, {3, 4}, {2}, {1}], [{8, 6}, {7}, {5}, {4}, {1, 3}, {2}], [{8, 7}, {1, 6}, {2, 5}, {3, 4}], [{8, 7}, {1, 6}, {3, 5}, {2, 4}], [{8, 7}, {1, 6}, {4, 5}, {2, 3}], [{8, 7}, {1, 6}, {5}, {3, 4}, {2}], [{8, 7}, {2, 6}, {1, 5}, {3, 4}], [{8, 7}, {2, 6}, {3, 5}, {1, 4}], [{8, 7}, {2, 6}, {4, 5}, {1, 3}], [{8, 7}, {2, 6}, {5}, {3, 4}, {1}], [{8, 7}, {3, 6}, {1, 5}, {2, 4}], [{8, 7}, {3, 6}, {2, 5}, {1, 4}], [{8, 7}, {3, 6}, {4, 5}, {1, 2}], [{8, 7}, {3, 6}, {4, 5}, {2}, {1}], [{8, 7}, {4, 6}, {1, 5}, {2, 3}], [{8, 7}, {4, 6}, {2, 5}, {1, 3}], [{8, 7}, {4, 6}, {3, 5}, {1, 2}], [{8, 7}, {4, 6}, {3, 5}, {2}, {1}], [{8, 7}, {5, 6}, {1, 4}, {2, 3}], [{8, 7}, {5, 6}, {1, 4}, {3}, {2}], [{8, 7}, {5, 6}, {2, 4}, {1, 3}], [{8, 7}, {5, 6}, {2, 4}, {3}, {1}], [{8, 7}, {5, 6}, {3, 4}, {1, 2}], [{8, 7}, {5, 6}, {3, 4}, {2}, {1}], [{8, 7}, {5, 6}, {4}, {1, 3}, {2}], [{8, 7}, {5, 6}, {4}, {2, 3}, {1}], [{8, 7}, {5, 6}, {4}, {3}, {1, 2}], [{8, 7}, {5, 6}, {4}, {3}, {2}, {1}], [{8, 7}, {6}, {1, 5}, {3, 4}, {2}], [{8, 7}, {6}, {2, 5}, {3, 4}, {1}], [{8, 7}, {6}, {5}, {1, 4}, {2, 3}], [{8, 7}, {6}, {5}, {2, 4}, {1, 3}], [{8, 7}, {6}, {5}, {3, 4}, {1, 2}], [{8, 7}, {6}, {5}, {3, 4}, {2}, {1}], [{8}, {1, 7}, {2, 6}, {4, 5}, {3}], [{8}, {1, 7}, {3, 6}, {4, 5}, {2}], [{8}, {1, 7}, {6}, {2, 5}, {3, 4}], [{8}, {1, 7}, {6}, {3, 5}, {2, 4}], [{8}, {1, 7}, {6}, {4, 5}, {2, 3}], [{8}, {2, 7}, {4, 6}, {1, 5}, {3}], [{8}, {2, 7}, {4, 6}, {3, 5}, {1}], [{8}, {2, 7}, {4, 6}, {5}, {1, 3}], [{8}, {3, 7}, {2, 6}, {1, 5}, {4}], [{8}, {3, 7}, {5, 6}, {4}, {1, 2}], [{8}, {4, 7}, {2, 6}, {3, 5}, {1}], [{8}, {4, 7}, {5, 6}, {3}, {1, 2}], [{8}, {4, 7}, {6}, {1, 5}, {2, 3}], [{8}, {5, 7}, {1, 6}, {4}, {2, 3}], [{8}, {5, 7}, {4, 6}, {2, 3}, {1}], [{8}, {5, 7}, {6}, {1, 4}, {2, 3}], [{8}, {5, 7}, {6}, {2, 4}, {1, 3}], [{8}, {5, 7}, {6}, {3, 4}, {1, 2}], [{8}, {5, 7}, {6}, {4}, {2, 3}, {1}], [{8}, {6, 7}, {1, 5}, {3, 4}, {2}], [{8}, {6, 7}, {2, 5}, {3, 4}, {1}], [{8}, {6, 7}, {5}, {1, 4}, {2, 3}], [{8}, {6, 7}, {5}, {2, 4}, {1, 3}], [{8}, {6, 7}, {5}, {3, 4}, {1, 2}], [{8}, {6, 7}, {5}, {3, 4}, {2}, {1}], [{8}, {7}, {1, 6}, {2, 5}, {3, 4}], [{8}, {7}, {3, 6}, {1, 5}, {2, 4}], [{8}, {7}, {5, 6}, {1, 4}, {2, 3}], [{8}, {7}, {5, 6}, {2, 4}, {1, 3}], [{8}, {7}, {5, 6}, {3, 4}, {1, 2}], [{8}, {7}, {5, 6}, {4}, {3}, {1, 2}], [{8}, {7}, {6}, {5}, {1, 4}, {2, 3}]]",2,- 10 K_1^2 - 8 K_1 K_2 + 4 K_1 + 5 K_2 + 4 K_3 + 6,O1O2O3U4O5U3U2U6O4O7U5O8U1U8O6U7,O1O2O3U4O5U3U2U6O7U1O8O6U8O4U7U5,O1O2O3U4U5O6U7O8O7U3O5U8U2U1O4U6,c,{'O1O2O3U4O5U6U3O6U7O4O8U5U2U1O7U8'},1,"<a href=""/flatknot/8.1101621"">8.1101621</a>",t^9-24t^7-36t^6+50t^5+76t^4-29t^3-20t^2+4t,-t^2+2t,,
8.1101622,O1O2O3U4O5U6U3O6U7O4O8U5U8U1O7U2,4,14z^2+99z+143,14w^3z^2+99w^2z+143w,False,False,"[[ 0  0  1  1 -1  0 -1 -1  1],[ 0  0  0  1  0 -1 -1  0  1],[-1  0  0  1 -2  0 -2 -1  1],[-1 -1 -1  0  0 -1 -1 -1  1],[ 1  0  2  0  0  0  0  0  0],[ 0  1  0  1  0  0  0 -1  1],[ 1  1  2  1  0  0  0  0  1],[ 1  0  1  1  0  1  0  0  1],[-1 -1 -1 -1  0 -1 -1 -1  0]]","[[ 0  1  1  1  0  0 -1 -1 -1],[-1  0  1  1  0  0 -1 -2 -2],[-1 -1  0  1 -1 -1 -1  0 -1],[-1 -1 -1  0 -1 -1 -1  0 -1],[ 0  0  1  1  0  1 -1  0  0],[ 0  0  1  1 -1  0  0  0 -1],[ 1  1  1  1  1  0  0  0  0],[ 1  2  0  0  0  0  0  0  0],[ 1  2  1  1  0  1  0  0  0]]",True,"[-1,-1,-1,0,0,1,1,1,-1,-1,0,0,1,2,2,-1,1,1,1,0,1,1,1,1,0,1,-1,1,0,0,0,0,1,0,0,0]","[-1,-1,-1,0,0,1,1,1,-1,-1,0,0,1,1,2,-1,0,0,1,1,2,1,1,0,1,0,-1,0,1,1,1,0,1,0,0,0]",t^8+23t^6+95t^4+93t^2+4,"[-1,-1,-1,0,0,1,1,1,0,0,0,1,0,1,1,0,1,0,1,1,1,1,1,0,2,2,1,1,0,0,1,0,0,-1,-1,-1]","[-1,-1,-1,0,0,1,1,1,-1,-1,0,0,1,1,2,-1,0,0,1,1,2,1,1,0,1,0,-1,0,1,1,1,0,1,0,0,0]","[-1,-1,-1,0,0,1,1,1,0,0,0,0,0,0,2,0,0,1,1,1,1,1,0,1,1,2,-1,1,1,0,1,1,0,-1,-1,-1]",c,"[[{8, 4}, {3, 7}, {2, 6}, {1, 5}], [{8, 6}, {2, 7}, {1, 5}, {3, 4}]]",1,12 K_1^3 - 40 K_1^2 - 16 K_1 K_2 - K_1 + 20 K_2 + 5 K_3 + 21,O1O2O3U2O4U3U5U6O5O7U4O8U1U8O6U7,O1O2O3U4O5U3U5U6O7U1O8O6U8O4U7U2,O1O2O3U2U4O5U6O7O6U3O4U7U8U1O8U5,c,{'O1O2O3U4O5U6U3O6U7O4O8U5U8U1O7U2'},1,"<a href=""/flatknot/8.1101622"">8.1101622</a>",t^9-23t^7-28t^6+77t^5+140t^4+20t^3-54t^2-23t-6,0,,
8.1101623,O1O2O3U4O5U6U7O6U1O4O7U2U8U5O8U3,4,2z^3+26z^2+105z+123,2w^4z^3+26w^3z^2+105w^2z+123w,False,False,"[[ 0 -1 -1  2 -1  2 -1  1 -1],[ 1  0 -1  1  1  0  1  3  0],[ 1  1  0  2  0  0  0  3  0],[-2 -1 -2  0 -2  0 -3  0 -3],[ 1 -1  0  2  0  3  0  0  1],[-2  0  0  0 -3  0 -3 -1 -2],[ 1 -1  0  3  0  3  0  1  0],[-1 -3 -3  0  0  1 -1  0 -2],[ 1  0  0  3 -1  2  0  2  0]]","[[ 0  2  2  1 -1 -1 -1 -1 -1],[-2  0  0  0 -1 -2 -2 -3 -3],[-2  0  0 -1  0  0 -3 -2 -3],[-1  0  1  0 -3 -3  0 -2 -1],[ 1  1  0  3  0 -1  1  0  1],[ 1  2  0  3  1  0  0  0  0],[ 1  2  3  0 -1  0  0  1  0],[ 1  3  2  2  0  0 -1  0  0],[ 1  3  3  1 -1  0  0  0  0]]",True,"[-2,-2,-1,1,1,1,1,1,0,0,1,2,2,3,3,1,0,0,3,2,3,3,3,0,2,1,1,-1,0,-1,0,0,0,-1,0,0]","[-2,-2,-1,1,1,1,1,1,0,0,0,0,1,3,3,1,0,1,0,1,2,1,2,0,-1,-1,0,0,0,-1,1,0,-1,0,0,1]",t^8+77t^6+1113t^4+467t^2+25,"[-1,-1,-1,-1,-1,1,2,2,-1,-1,0,1,-1,2,3,0,-1,0,2,1,0,0,0,1,0,0,0,0,0,1,-1,1,3,1,0,0]","[-2,-2,-1,1,1,1,1,1,0,0,0,0,1,3,3,1,0,1,0,1,2,1,2,0,-1,-1,0,0,0,-1,1,0,-1,0,0,1]","[-1,-1,-1,-1,-1,1,2,2,-1,0,0,0,1,3,3,-1,0,1,3,0,1,0,0,3,0,2,-1,2,2,3,0,3,2,1,0,0]",c,"[[{8, 1}, {2, 7}, {3, 6}, {4, 5}], [{8, 1}, {2, 7}, {4, 6}, {3, 5}], [{8, 1}, {2, 7}, {4, 6}, {5}, {3}], [{8, 1}, {2, 7}, {5, 6}, {3, 4}], [{8, 1}, {3, 7}, {2, 6}, {4, 5}], [{8, 1}, {3, 7}, {4, 6}, {2, 5}], [{8, 1}, {3, 7}, {5, 6}, {2, 4}], [{8, 1}, {4, 7}, {2, 6}, {3, 5}], [{8, 1}, {4, 7}, {2, 6}, {5}, {3}], [{8, 1}, {4, 7}, {3, 6}, {2, 5}], [{8, 1}, {4, 7}, {5, 6}, {2, 3}], [{8, 1}, {5, 7}, {2, 6}, {3, 4}], [{8, 1}, {5, 7}, {3, 6}, {2, 4}], [{8, 1}, {5, 7}, {4, 6}, {2, 3}], [{8, 1}, {5, 7}, {4, 6}, {3}, {2}], [{8, 1}, {6, 7}, {2, 5}, {3, 4}], [{8, 1}, {6, 7}, {3, 5}, {2, 4}], [{8, 1}, {6, 7}, {4, 5}, {2, 3}], [{8, 1}, {7}, {3, 6}, {4, 5}, {2}], [{8, 1}, {7}, {4, 6}, {2, 5}, {3}], [{8, 2}, {1, 7}, {3, 6}, {4, 5}], [{8, 2}, {1, 7}, {4, 6}, {3, 5}], [{8, 2}, {1, 7}, {5, 6}, {3, 4}], [{8, 2}, {3, 7}, {1, 6}, {4, 5}], [{8, 2}, {3, 7}, {4, 6}, {1, 5}], [{8, 2}, {3, 7}, {5, 6}, {1, 4}], [{8, 2}, {4, 7}, {1, 6}, {3, 5}], [{8, 2}, {4, 7}, {3, 6}, {1, 5}], [{8, 2}, {4, 7}, {3, 6}, {5}, {1}], [{8, 2}, {4, 7}, {5, 6}, {1, 3}], [{8, 2}, {5, 7}, {1, 6}, {3, 4}], [{8, 2}, {5, 7}, {1, 6}, {4}, {3}], [{8, 2}, {5, 7}, {3, 6}, {1, 4}], [{8, 2}, {5, 7}, {4, 6}, {1, 3}], [{8, 2}, {5, 7}, {4, 6}, {3}, {1}], [{8, 2}, {5, 7}, {6}, {1, 4}, {3}], [{8, 2}, {6, 7}, {1, 5}, {3, 4}], [{8, 2}, {6, 7}, {3, 5}, {1, 4}], [{8, 2}, {6, 7}, {3, 5}, {4}, {1}], [{8, 2}, {6, 7}, {4, 5}, {1, 3}], [{8, 3}, {1, 7}, {2, 6}, {4, 5}], [{8, 3}, {1, 7}, {4, 6}, {2, 5}], [{8, 3}, {1, 7}, {5, 6}, {2, 4}], [{8, 3}, {1, 7}, {6}, {2, 5}, {4}], [{8, 3}, {2, 7}, {1, 6}, {4, 5}], [{8, 3}, {2, 7}, {4, 6}, {1, 5}], [{8, 3}, {2, 7}, {5, 6}, {1, 4}], [{8, 3}, {2, 7}, {6}, {1, 5}, {4}], [{8, 3}, {2, 7}, {6}, {4, 5}, {1}], [{8, 3}, {2, 7}, {6}, {5}, {1, 4}], [{8, 3}, {4, 7}, {1, 6}, {2, 5}], [{8, 3}, {4, 7}, {2, 6}, {1, 5}], [{8, 3}, {4, 7}, {5, 6}, {1, 2}], [{8, 3}, {4, 7}, {6}, {2, 5}, {1}], [{8, 3}, {5, 7}, {1, 6}, {2, 4}], [{8, 3}, {5, 7}, {1, 6}, {4}, {2}], [{8, 3}, {5, 7}, {2, 6}, {1, 4}], [{8, 3}, {5, 7}, {4, 6}, {1, 2}], [{8, 3}, {5, 7}, {4, 6}, {2}, {1}], [{8, 3}, {5, 7}, {6}, {1, 4}, {2}], [{8, 3}, {6, 7}, {1, 5}, {2, 4}], [{8, 3}, {6, 7}, {2, 5}, {1, 4}], [{8, 3}, {6, 7}, {4, 5}, {1, 2}], [{8, 3}, {6, 7}, {5}, {1, 4}, {2}], [{8, 3}, {7}, {2, 6}, {5}, {1, 4}], [{8, 3}, {7}, {5, 6}, {1, 4}, {2}], [{8, 3}, {7}, {6}, {2, 5}, {1, 4}], [{8, 3}, {7}, {6}, {5}, {1, 4}, {2}], [{8, 4}, {1, 7}, {2, 6}, {3, 5}], [{8, 4}, {1, 7}, {2, 6}, {5}, {3}], [{8, 4}, {1, 7}, {3, 6}, {2, 5}], [{8, 4}, {1, 7}, {5, 6}, {2, 3}], [{8, 4}, {2, 7}, {1, 6}, {3, 5}], [{8, 4}, {2, 7}, {1, 6}, {5}, {3}], [{8, 4}, {2, 7}, {3, 6}, {1, 5}], [{8, 4}, {2, 7}, {5, 6}, {1, 3}], [{8, 4}, {3, 7}, {1, 6}, {2, 5}], [{8, 4}, {3, 7}, {2, 6}, {1, 5}], [{8, 4}, {3, 7}, {5, 6}, {1, 2}], [{8, 4}, {5, 7}, {1, 6}, {2, 3}], [{8, 4}, {5, 7}, {1, 6}, {3}, {2}], [{8, 4}, {5, 7}, {2, 6}, {1, 3}], [{8, 4}, {5, 7}, {3, 6}, {1, 2}], [{8, 4}, {6, 7}, {1, 5}, {2, 3}], [{8, 4}, {6, 7}, {2, 5}, {1, 3}], [{8, 4}, {6, 7}, {3, 5}, {1, 2}], [{8, 4}, {6, 7}, {5}, {1, 3}, {2}], [{8, 4}, {7}, {1, 6}, {2, 5}, {3}], [{8, 4}, {7}, {3, 6}, {1, 5}, {2}], [{8, 5}, {1, 7}, {2, 6}, {3, 4}], [{8, 5}, {1, 7}, {3, 6}, {2, 4}], [{8, 5}, {1, 7}, {4, 6}, {2, 3}], [{8, 5}, {2, 7}, {1, 6}, {3, 4}], [{8, 5}, {2, 7}, {3, 6}, {1, 4}], [{8, 5}, {2, 7}, {4, 6}, {1, 3}], [{8, 5}, {3, 7}, {1, 6}, {2, 4}], [{8, 5}, {3, 7}, {2, 6}, {1, 4}], [{8, 5}, {3, 7}, {4, 6}, {1, 2}], [{8, 5}, {3, 7}, {6}, {1, 4}, {2}], [{8, 5}, {4, 7}, {1, 6}, {2, 3}], [{8, 5}, {4, 7}, {2, 6}, {1, 3}], [{8, 5}, {4, 7}, {3, 6}, {1, 2}], [{8, 5}, {4, 7}, {3, 6}, {2}, {1}], [{8, 5}, {6, 7}, {1, 4}, {2, 3}], [{8, 5}, {6, 7}, {2, 4}, {1, 3}], [{8, 5}, {6, 7}, {3, 4}, {1, 2}], [{8, 5}, {6, 7}, {4}, {1, 3}, {2}], [{8, 5}, {7}, {1, 6}, {2, 4}, {3}], [{8, 5}, {7}, {4, 6}, {3}, {1, 2}], [{8, 6}, {1, 7}, {2, 5}, {3, 4}], [{8, 6}, {1, 7}, {3, 5}, {2, 4}], [{8, 6}, {1, 7}, {4, 5}, {2, 3}], [{8, 6}, {1, 7}, {4, 5}, {3}, {2}], [{8, 6}, {2, 7}, {1, 5}, {3, 4}], [{8, 6}, {2, 7}, {3, 5}, {1, 4}], [{8, 6}, {2, 7}, {3, 5}, {4}, {1}], [{8, 6}, {2, 7}, {4, 5}, {1, 3}], [{8, 6}, {3, 7}, {1, 5}, {2, 4}], [{8, 6}, {3, 7}, {1, 5}, {4}, {2}], [{8, 6}, {3, 7}, {2, 5}, {1, 4}], [{8, 6}, {3, 7}, {4, 5}, {1, 2}], [{8, 6}, {4, 7}, {1, 5}, {2, 3}], [{8, 6}, {4, 7}, {2, 5}, {1, 3}], [{8, 6}, {4, 7}, {2, 5}, {3}, {1}], [{8, 6}, {4, 7}, {3, 5}, {1, 2}], [{8, 6}, {5, 7}, {1, 4}, {2, 3}], [{8, 6}, {5, 7}, {1, 4}, {3}, {2}], [{8, 6}, {5, 7}, {2, 4}, {1, 3}], [{8, 6}, {5, 7}, {3, 4}, {1, 2}], [{8, 6}, {7}, {2, 5}, {4}, {1, 3}], [{8, 7}, {1, 6}, {2, 5}, {3, 4}], [{8, 7}, {1, 6}, {3, 5}, {2, 4}], [{8, 7}, {1, 6}, {4, 5}, {2, 3}], [{8, 7}, {1, 6}, {5}, {2, 4}, {3}], [{8, 7}, {2, 6}, {1, 5}, {3, 4}], [{8, 7}, {2, 6}, {3, 5}, {1, 4}], [{8, 7}, {2, 6}, {3, 5}, {4}, {1}], [{8, 7}, {2, 6}, {4, 5}, {1, 3}], [{8, 7}, {3, 6}, {1, 5}, {2, 4}], [{8, 7}, {3, 6}, {2, 5}, {1, 4}], [{8, 7}, {3, 6}, {4, 5}, {1, 2}], [{8, 7}, {4, 6}, {1, 5}, {2, 3}], [{8, 7}, {4, 6}, {2, 5}, {1, 3}], [{8, 7}, {4, 6}, {3, 5}, {1, 2}], [{8, 7}, {4, 6}, {5}, {3}, {1, 2}], [{8, 7}, {5, 6}, {1, 4}, {2, 3}], [{8, 7}, {5, 6}, {2, 4}, {1, 3}], [{8, 7}, {5, 6}, {3, 4}, {1, 2}], [{8, 7}, {6}, {3, 5}, {1, 4}, {2}], [{8}, {1, 7}, {4, 6}, {5}, {2, 3}], [{8}, {1, 7}, {5, 6}, {3, 4}, {2}], [{8}, {2, 7}, {5, 6}, {1, 4}, {3}], [{8}, {2, 7}, {5, 6}, {3, 4}, {1}], [{8}, {2, 7}, {5, 6}, {4}, {1, 3}], [{8}, {3, 7}, {6}, {4, 5}, {1, 2}], [{8}, {4, 7}, {3, 6}, {2, 5}, {1}], [{8}, {4, 7}, {5, 6}, {1, 3}, {2}], [{8}, {4, 7}, {6}, {1, 5}, {2, 3}], [{8}, {5, 7}, {1, 6}, {2, 4}, {3}], [{8}, {5, 7}, {1, 6}, {3, 4}, {2}], [{8}, {5, 7}, {1, 6}, {4}, {2, 3}], [{8}, {5, 7}, {1, 6}, {4}, {3}, {2}], [{8}, {5, 7}, {2, 6}, {1, 4}, {3}], [{8}, {5, 7}, {3, 6}, {1, 4}, {2}], [{8}, {5, 7}, {4, 6}, {1, 3}, {2}], [{8}, {5, 7}, {4, 6}, {2, 3}, {1}], [{8}, {5, 7}, {4, 6}, {3}, {1, 2}], [{8}, {5, 7}, {4, 6}, {3}, {2}, {1}], [{8}, {5, 7}, {6}, {1, 4}, {2, 3}], [{8}, {5, 7}, {6}, {1, 4}, {3}, {2}], [{8}, {6, 7}, {1, 5}, {2, 4}, {3}], [{8}, {6, 7}, {1, 5}, {3, 4}, {2}], [{8}, {6, 7}, {1, 5}, {4}, {2, 3}], [{8}, {6, 7}, {2, 5}, {1, 4}, {3}], [{8}, {6, 7}, {4, 5}, {1, 3}, {2}], [{8}, {7}, {4, 6}, {1, 5}, {2, 3}], [{8}, {7}, {5, 6}, {2, 4}, {1, 3}], [{8}, {7}, {5, 6}, {3, 4}, {1, 2}]]",2,12 K_1^3 - 20 K_1^2 - 8 K_1 K_2 - 5 K_1 + 10 K_2 + K_3 + 11,O1O2O3U1O4U5U4U2O6O7U3O8U6U8O5U7,O1O2O3U2O4U5U1U4O6U3O7O8U7O5U6U8,O1O2O3U4U5O6U7O4O7U1O5U8U3U6O8U2,c,{'O1O2O3U4O5U6U7O6U1O4O7U2U8U5O8U3'},1,"<a href=""/flatknot/8.1101623"">8.1101623</a>",t^9-73t^7-80t^6+903t^5+506t^4-895t^3-272t^2+239t-10,-2t^2+4t,,
8.1101624,O1O2O3U4O5U6U7O6U1O4O7U3U8U5O8U2,4,17z^2+94z+121,17w^3z^2+94w^2z+121w,False,False,"[[ 0 -1  1  0 -1  2 -1  1 -1],[ 1  0  1 -1  1  0  1  3  0],[-1 -1  0 -1 -1  1 -2  1 -2],[ 0  1  1  0 -1  0 -1  2 -1],[ 1 -1  1  1  0  3  0  0  1],[-2  0 -1  0 -3  0 -3 -1 -2],[ 1 -1  2  1  0  3  0  1  0],[-1 -3 -1 -2  0  1 -1  0 -2],[ 1  0  2  1 -1  2  0  2  0]]","[[ 0  2  1  1  0 -1 -1 -1 -1],[-2  0 -1 -1  0  0 -2 -3 -3],[-1  1  0  1 -1 -1 -2 -1 -2],[-1  1 -1  0 -2 -3 -2  0 -1],[ 0  0  1  2  0  1 -1 -1 -1],[ 1  0  1  3 -1  0  0  1  1],[ 1  2  2  2  1  0  0 -1  0],[ 1  3  1  0  1 -1  1  0  0],[ 1  3  2  1  1 -1  0  0  0]]",True,"[-2,-1,-1,0,1,1,1,1,1,1,0,0,2,3,3,-1,1,1,2,1,2,2,3,2,0,1,-1,1,1,1,0,-1,-1,1,0,0]","[-2,-1,-1,0,1,1,1,1,0,0,2,0,0,1,3,-1,-1,1,2,0,-1,0,0,1,0,1,0,0,0,2,0,0,-1,1,-1,0]",t^8+61t^6+791t^4+359t^2,"[-1,-1,-1,-1,0,1,1,2,-1,-1,0,2,-1,1,3,0,-1,0,2,1,0,0,0,1,0,0,0,0,0,1,-1,0,2,1,0,0]","[-2,-1,-1,0,1,1,1,1,0,0,2,0,0,1,3,-1,-1,1,2,0,-1,0,0,1,0,1,0,0,0,2,0,0,-1,1,-1,0]","[-1,-1,-1,-1,0,1,1,2,-1,0,0,1,1,2,3,0,1,-1,3,1,0,-1,1,2,2,2,1,0,1,3,2,1,0,-1,1,1]",c,"[[{8, 1}, {2, 7}, {3, 6}, {4, 5}], [{8, 1}, {2, 7}, {4, 6}, {3, 5}], [{8, 1}, {2, 7}, {5, 6}, {3, 4}], [{8, 1}, {3, 7}, {2, 6}, {4, 5}], [{8, 1}, {3, 7}, {4, 6}, {2, 5}], [{8, 1}, {3, 7}, {5, 6}, {2, 4}], [{8, 1}, {4, 7}, {2, 6}, {3, 5}], [{8, 1}, {4, 7}, {2, 6}, {5}, {3}], [{8, 1}, {4, 7}, {3, 6}, {2, 5}], [{8, 1}, {4, 7}, {5, 6}, {2, 3}], [{8, 1}, {5, 7}, {2, 6}, {3, 4}], [{8, 1}, {5, 7}, {3, 6}, {2, 4}], [{8, 1}, {5, 7}, {4, 6}, {2, 3}], [{8, 1}, {6, 7}, {2, 5}, {3, 4}], [{8, 1}, {6, 7}, {3, 5}, {2, 4}], [{8, 1}, {6, 7}, {4, 5}, {2, 3}], [{8, 1}, {7}, {5, 6}, {3, 4}, {2}], [{8, 2}, {1, 7}, {3, 6}, {4, 5}], [{8, 2}, {1, 7}, {3, 6}, {5}, {4}], [{8, 2}, {1, 7}, {4, 6}, {3, 5}], [{8, 2}, {1, 7}, {5, 6}, {3, 4}], [{8, 2}, {3, 7}, {1, 6}, {4, 5}], [{8, 2}, {3, 7}, {1, 6}, {5}, {4}], [{8, 2}, {3, 7}, {4, 6}, {1, 5}], [{8, 2}, {3, 7}, {5, 6}, {1, 4}], [{8, 2}, {3, 7}, {5, 6}, {4}, {1}], [{8, 2}, {3, 7}, {6}, {1, 5}, {4}], [{8, 2}, {4, 7}, {1, 6}, {3, 5}], [{8, 2}, {4, 7}, {1, 6}, {5}, {3}], [{8, 2}, {4, 7}, {3, 6}, {1, 5}], [{8, 2}, {4, 7}, {5, 6}, {1, 3}], [{8, 2}, {4, 7}, {5, 6}, {3}, {1}], [{8, 2}, {4, 7}, {6}, {1, 5}, {3}], [{8, 2}, {5, 7}, {1, 6}, {3, 4}], [{8, 2}, {5, 7}, {3, 6}, {1, 4}], [{8, 2}, {5, 7}, {3, 6}, {4}, {1}], [{8, 2}, {5, 7}, {4, 6}, {1, 3}], [{8, 2}, {6, 7}, {1, 5}, {3, 4}], [{8, 2}, {6, 7}, {1, 5}, {4}, {3}], [{8, 2}, {6, 7}, {3, 5}, {1, 4}], [{8, 2}, {6, 7}, {4, 5}, {1, 3}], [{8, 2}, {6, 7}, {4, 5}, {3}, {1}], [{8, 2}, {6, 7}, {5}, {1, 4}, {3}], [{8, 2}, {7}, {1, 6}, {5}, {3, 4}], [{8, 2}, {7}, {3, 6}, {1, 5}, {4}], [{8, 2}, {7}, {4, 6}, {1, 5}, {3}], [{8, 2}, {7}, {5, 6}, {3, 4}, {1}], [{8, 2}, {7}, {6}, {1, 5}, {3, 4}], [{8, 2}, {7}, {6}, {1, 5}, {4}, {3}], [{8, 3}, {1, 7}, {2, 6}, {4, 5}], [{8, 3}, {1, 7}, {4, 6}, {2, 5}], [{8, 3}, {1, 7}, {5, 6}, {2, 4}], [{8, 3}, {2, 7}, {1, 6}, {4, 5}], [{8, 3}, {2, 7}, {4, 6}, {1, 5}], [{8, 3}, {2, 7}, {4, 6}, {5}, {1}], [{8, 3}, {2, 7}, {5, 6}, {1, 4}], [{8, 3}, {4, 7}, {1, 6}, {2, 5}], [{8, 3}, {4, 7}, {2, 6}, {1, 5}], [{8, 3}, {4, 7}, {5, 6}, {1, 2}], [{8, 3}, {4, 7}, {6}, {1, 5}, {2}], [{8, 3}, {5, 7}, {1, 6}, {2, 4}], [{8, 3}, {5, 7}, {2, 6}, {1, 4}], [{8, 3}, {5, 7}, {4, 6}, {1, 2}], [{8, 3}, {6, 7}, {1, 5}, {2, 4}], [{8, 3}, {6, 7}, {2, 5}, {1, 4}], [{8, 3}, {6, 7}, {2, 5}, {4}, {1}], [{8, 3}, {6, 7}, {4, 5}, {1, 2}], [{8, 3}, {6, 7}, {4, 5}, {2}, {1}], [{8, 3}, {6, 7}, {5}, {2, 4}, {1}], [{8, 4}, {1, 7}, {2, 6}, {3, 5}], [{8, 4}, {1, 7}, {3, 6}, {2, 5}], [{8, 4}, {1, 7}, {5, 6}, {2, 3}], [{8, 4}, {2, 7}, {1, 6}, {3, 5}], [{8, 4}, {2, 7}, {3, 6}, {1, 5}], [{8, 4}, {2, 7}, {5, 6}, {1, 3}], [{8, 4}, {2, 7}, {6}, {1, 5}, {3}], [{8, 4}, {3, 7}, {1, 6}, {2, 5}], [{8, 4}, {3, 7}, {2, 6}, {1, 5}], [{8, 4}, {3, 7}, {5, 6}, {1, 2}], [{8, 4}, {5, 7}, {1, 6}, {2, 3}], [{8, 4}, {5, 7}, {2, 6}, {1, 3}], [{8, 4}, {5, 7}, {3, 6}, {1, 2}], [{8, 4}, {6, 7}, {1, 5}, {2, 3}], [{8, 4}, {6, 7}, {2, 5}, {1, 3}], [{8, 4}, {6, 7}, {3, 5}, {1, 2}], [{8, 4}, {7}, {1, 6}, {5}, {2, 3}], [{8, 5}, {1, 7}, {2, 6}, {3, 4}], [{8, 5}, {1, 7}, {3, 6}, {2, 4}], [{8, 5}, {1, 7}, {4, 6}, {2, 3}], [{8, 5}, {2, 7}, {1, 6}, {3, 4}], [{8, 5}, {2, 7}, {1, 6}, {4}, {3}], [{8, 5}, {2, 7}, {3, 6}, {1, 4}], [{8, 5}, {2, 7}, {4, 6}, {1, 3}], [{8, 5}, {3, 7}, {1, 6}, {2, 4}], [{8, 5}, {3, 7}, {2, 6}, {1, 4}], [{8, 5}, {3, 7}, {4, 6}, {1, 2}], [{8, 5}, {3, 7}, {6}, {4}, {1, 2}], [{8, 5}, {4, 7}, {1, 6}, {2, 3}], [{8, 5}, {4, 7}, {2, 6}, {1, 3}], [{8, 5}, {4, 7}, {2, 6}, {3}, {1}], [{8, 5}, {4, 7}, {3, 6}, {1, 2}], [{8, 5}, {6, 7}, {1, 4}, {2, 3}], [{8, 5}, {6, 7}, {2, 4}, {1, 3}], [{8, 5}, {6, 7}, {3, 4}, {1, 2}], [{8, 5}, {7}, {6}, {1, 4}, {2, 3}], [{8, 5}, {7}, {6}, {2, 4}, {1, 3}], [{8, 6}, {1, 7}, {2, 5}, {3, 4}], [{8, 6}, {1, 7}, {3, 5}, {2, 4}], [{8, 6}, {1, 7}, {4, 5}, {2, 3}], [{8, 6}, {2, 7}, {1, 5}, {3, 4}], [{8, 6}, {2, 7}, {3, 5}, {1, 4}], [{8, 6}, {2, 7}, {4, 5}, {1, 3}], [{8, 6}, {2, 7}, {5}, {1, 4}, {3}], [{8, 6}, {3, 7}, {1, 5}, {2, 4}], [{8, 6}, {3, 7}, {2, 5}, {1, 4}], [{8, 6}, {3, 7}, {2, 5}, {4}, {1}], [{8, 6}, {3, 7}, {4, 5}, {1, 2}], [{8, 6}, {3, 7}, {4, 5}, {2}, {1}], [{8, 6}, {3, 7}, {5}, {2, 4}, {1}], [{8, 6}, {4, 7}, {1, 5}, {2, 3}], [{8, 6}, {4, 7}, {1, 5}, {3}, {2}], [{8, 6}, {4, 7}, {2, 5}, {1, 3}], [{8, 6}, {4, 7}, {3, 5}, {1, 2}], [{8, 6}, {5, 7}, {1, 4}, {2, 3}], [{8, 6}, {5, 7}, {2, 4}, {1, 3}], [{8, 6}, {5, 7}, {3, 4}, {1, 2}], [{8, 6}, {5, 7}, {4}, {2, 3}, {1}], [{8, 6}, {7}, {3, 5}, {1, 4}, {2}], [{8, 7}, {1, 6}, {2, 5}, {3, 4}], [{8, 7}, {1, 6}, {3, 5}, {2, 4}], [{8, 7}, {1, 6}, {4, 5}, {2, 3}], [{8, 7}, {1, 6}, {5}, {2, 4}, {3}], [{8, 7}, {2, 6}, {1, 5}, {3, 4}], [{8, 7}, {2, 6}, {3, 5}, {1, 4}], [{8, 7}, {2, 6}, {4, 5}, {1, 3}], [{8, 7}, {3, 6}, {1, 5}, {2, 4}], [{8, 7}, {3, 6}, {2, 5}, {1, 4}], [{8, 7}, {3, 6}, {2, 5}, {4}, {1}], [{8, 7}, {3, 6}, {4, 5}, {1, 2}], [{8, 7}, {3, 6}, {4, 5}, {2}, {1}], [{8, 7}, {3, 6}, {5}, {2, 4}, {1}], [{8, 7}, {4, 6}, {1, 5}, {2, 3}], [{8, 7}, {4, 6}, {2, 5}, {1, 3}], [{8, 7}, {4, 6}, {3, 5}, {1, 2}], [{8, 7}, {5, 6}, {1, 4}, {2, 3}], [{8, 7}, {5, 6}, {2, 4}, {1, 3}], [{8, 7}, {5, 6}, {2, 4}, {3}, {1}], [{8, 7}, {5, 6}, {3, 4}, {1, 2}], [{8, 7}, {5, 6}, {3, 4}, {2}, {1}], [{8, 7}, {5, 6}, {4}, {2, 3}, {1}], [{8, 7}, {6}, {1, 5}, {2, 4}, {3}], [{8, 7}, {6}, {2, 5}, {1, 4}, {3}], [{8, 7}, {6}, {3, 5}, {1, 4}, {2}], [{8, 7}, {6}, {3, 5}, {2, 4}, {1}], [{8, 7}, {6}, {3, 5}, {4}, {1, 2}], [{8, 7}, {6}, {5}, {1, 4}, {2, 3}], [{8, 7}, {6}, {5}, {2, 4}, {1, 3}], [{8}, {1, 7}, {5, 6}, {3, 4}, {2}], [{8}, {2, 7}, {5, 6}, {3, 4}, {1}], [{8}, {4, 7}, {2, 6}, {1, 5}, {3}], [{8}, {4, 7}, {3, 6}, {1, 5}, {2}], [{8}, {4, 7}, {6}, {1, 5}, {2, 3}], [{8}, {4, 7}, {6}, {1, 5}, {3}, {2}], [{8}, {5, 7}, {6}, {1, 4}, {2, 3}], [{8}, {5, 7}, {6}, {2, 4}, {1, 3}], [{8}, {5, 7}, {6}, {3, 4}, {1, 2}], [{8}, {6, 7}, {3, 5}, {1, 4}, {2}], [{8}, {6, 7}, {4, 5}, {2, 3}, {1}], [{8}, {6, 7}, {5}, {3, 4}, {1, 2}], [{8}, {7}, {3, 6}, {4, 5}, {1, 2}], [{8}, {7}, {5, 6}, {3, 4}, {1, 2}], [{8}, {7}, {5, 6}, {3, 4}, {2}, {1}]]",2,4 K_1^3 - 22 K_1^2 - 12 K_1 K_2 + 3 K_1 + 11 K_2 + 5 K_3 + 12,O1O2O3U2O4U5U4U1O6O7U3O8U6U8O5U7,O1O2O3U2O4U5U4U1O6U3O7O8U7O5U6U8,O1O2O3U4U5O6U7O4O7U1O5U3U8U6O8U2,c,{'O1O2O3U4O5U6U7O6U1O4O7U3U8U5O8U2'},1,"<a href=""/flatknot/8.1101624"">8.1101624</a>",t^9-59t^7-130t^6+328t^5+652t^4+11t^3-258t^2-31t+48,-t^2+2t,,
8.1101625,O1O2O3U4O5U6U7O6U1O4O7U5U8U3O8U2,4,22z^2+107z+127,22w^3z^2+107w^2z+127w,False,False,"[[ 0 -1  1  2 -1  0 -1  1 -1],[ 1  0  1  0  1 -1  1  3  0],[-1 -1  0  1 -1 -1 -2  1 -2],[-2  0 -1  0 -2 -1 -3  0 -2],[ 1 -1  1  2  0  1  0  0  0],[ 0  1  1  1 -1  0 -1  1  0],[ 1 -1  2  3  0  1  0  1  0],[-1 -3 -1  0  0 -1 -1  0 -2],[ 1  0  2  2  0  0  0  2  0]]","[[ 0  2  1  1  0 -1 -1 -1 -1],[-2  0  0 -1 -1  0 -2 -2 -3],[-1  0  0 -1 -1 -3  0 -2 -1],[-1  1  1  0 -1 -1 -1 -2 -2],[ 0  1  1  1  0  1 -1  0 -1],[ 1  0  3  1 -1  0  1  0  1],[ 1  2  0  1  1 -1  0  0  0],[ 1  2  2  2  0  0  0  0  0],[ 1  3  1  2  1 -1  0  0  0]]",True,"[-2,-1,-1,0,1,1,1,1,0,1,1,0,2,2,3,1,1,3,0,2,1,1,1,1,2,2,-1,1,0,1,-1,0,-1,0,0,0]","[-2,-1,-1,0,1,1,1,1,0,1,1,0,1,1,3,1,0,0,0,1,1,0,1,0,2,-1,0,1,0,2,0,0,-1,0,0,-1]",t^8+51t^6+488t^4+35t^2,"[-1,-1,-1,-1,0,1,1,2,-1,-1,0,2,-1,1,3,0,0,0,1,0,0,0,0,2,1,1,1,0,0,1,0,0,1,1,1,0]","[-2,-1,-1,0,1,1,1,1,0,1,1,0,1,1,3,1,0,0,0,1,1,0,1,0,2,-1,0,1,0,2,0,0,-1,0,0,-1]","[-1,-1,-1,-1,0,1,1,2,-1,0,0,1,0,1,2,0,1,-1,3,1,0,0,0,2,2,2,1,1,2,3,1,1,1,-1,0,1]",c,"[[{8, 1}, {2, 7}, {3, 6}, {4, 5}], [{8, 1}, {2, 7}, {4, 6}, {3, 5}], [{8, 1}, {2, 7}, {4, 6}, {5}, {3}], [{8, 1}, {2, 7}, {5, 6}, {3, 4}], [{8, 1}, {3, 7}, {2, 6}, {4, 5}], [{8, 1}, {3, 7}, {4, 6}, {2, 5}], [{8, 1}, {3, 7}, {5, 6}, {2, 4}], [{8, 1}, {4, 7}, {2, 6}, {3, 5}], [{8, 1}, {4, 7}, {3, 6}, {2, 5}], [{8, 1}, {4, 7}, {5, 6}, {2, 3}], [{8, 1}, {5, 7}, {2, 6}, {3, 4}], [{8, 1}, {5, 7}, {3, 6}, {2, 4}], [{8, 1}, {5, 7}, {3, 6}, {4}, {2}], [{8, 1}, {5, 7}, {4, 6}, {2, 3}], [{8, 1}, {6, 7}, {2, 5}, {3, 4}], [{8, 1}, {6, 7}, {3, 5}, {2, 4}], [{8, 1}, {6, 7}, {4, 5}, {2, 3}], [{8, 2}, {1, 7}, {3, 6}, {4, 5}], [{8, 2}, {1, 7}, {4, 6}, {3, 5}], [{8, 2}, {1, 7}, {5, 6}, {3, 4}], [{8, 2}, {3, 7}, {1, 6}, {4, 5}], [{8, 2}, {3, 7}, {4, 6}, {1, 5}], [{8, 2}, {3, 7}, {5, 6}, {1, 4}], [{8, 2}, {4, 7}, {1, 6}, {3, 5}], [{8, 2}, {4, 7}, {3, 6}, {1, 5}], [{8, 2}, {4, 7}, {5, 6}, {1, 3}], [{8, 2}, {4, 7}, {6}, {3, 5}, {1}], [{8, 2}, {5, 7}, {1, 6}, {3, 4}], [{8, 2}, {5, 7}, {3, 6}, {1, 4}], [{8, 2}, {5, 7}, {3, 6}, {4}, {1}], [{8, 2}, {5, 7}, {4, 6}, {1, 3}], [{8, 2}, {5, 7}, {6}, {1, 4}, {3}], [{8, 2}, {6, 7}, {1, 5}, {3, 4}], [{8, 2}, {6, 7}, {3, 5}, {1, 4}], [{8, 2}, {6, 7}, {4, 5}, {1, 3}], [{8, 2}, {6, 7}, {5}, {1, 4}, {3}], [{8, 2}, {6, 7}, {5}, {3, 4}, {1}], [{8, 2}, {6, 7}, {5}, {4}, {1, 3}], [{8, 2}, {7}, {1, 6}, {3, 5}, {4}], [{8, 2}, {7}, {5, 6}, {1, 4}, {3}], [{8, 2}, {7}, {6}, {4, 5}, {1, 3}], [{8, 3}, {1, 7}, {2, 6}, {4, 5}], [{8, 3}, {1, 7}, {4, 6}, {2, 5}], [{8, 3}, {1, 7}, {4, 6}, {5}, {2}], [{8, 3}, {1, 7}, {5, 6}, {2, 4}], [{8, 3}, {1, 7}, {6}, {2, 5}, {4}], [{8, 3}, {2, 7}, {1, 6}, {4, 5}], [{8, 3}, {2, 7}, {1, 6}, {5}, {4}], [{8, 3}, {2, 7}, {4, 6}, {1, 5}], [{8, 3}, {2, 7}, {4, 6}, {5}, {1}], [{8, 3}, {2, 7}, {5, 6}, {1, 4}], [{8, 3}, {2, 7}, {6}, {5}, {1, 4}], [{8, 3}, {4, 7}, {1, 6}, {2, 5}], [{8, 3}, {4, 7}, {1, 6}, {5}, {2}], [{8, 3}, {4, 7}, {2, 6}, {1, 5}], [{8, 3}, {4, 7}, {5, 6}, {1, 2}], [{8, 3}, {4, 7}, {6}, {2, 5}, {1}], [{8, 3}, {5, 7}, {1, 6}, {2, 4}], [{8, 3}, {5, 7}, {1, 6}, {4}, {2}], [{8, 3}, {5, 7}, {2, 6}, {1, 4}], [{8, 3}, {5, 7}, {4, 6}, {1, 2}], [{8, 3}, {5, 7}, {4, 6}, {2}, {1}], [{8, 3}, {5, 7}, {6}, {1, 4}, {2}], [{8, 3}, {6, 7}, {1, 5}, {2, 4}], [{8, 3}, {6, 7}, {2, 5}, {1, 4}], [{8, 3}, {6, 7}, {2, 5}, {4}, {1}], [{8, 3}, {6, 7}, {4, 5}, {1, 2}], [{8, 3}, {6, 7}, {5}, {1, 4}, {2}], [{8, 3}, {7}, {1, 6}, {2, 5}, {4}], [{8, 3}, {7}, {1, 6}, {4, 5}, {2}], [{8, 3}, {7}, {1, 6}, {5}, {2, 4}], [{8, 3}, {7}, {1, 6}, {5}, {4}, {2}], [{8, 3}, {7}, {2, 6}, {5}, {1, 4}], [{8, 3}, {7}, {4, 6}, {1, 5}, {2}], [{8, 3}, {7}, {4, 6}, {2, 5}, {1}], [{8, 3}, {7}, {4, 6}, {5}, {1, 2}], [{8, 3}, {7}, {4, 6}, {5}, {2}, {1}], [{8, 3}, {7}, {5, 6}, {1, 4}, {2}], [{8, 3}, {7}, {6}, {2, 5}, {1, 4}], [{8, 3}, {7}, {6}, {5}, {1, 4}, {2}], [{8, 4}, {1, 7}, {2, 6}, {3, 5}], [{8, 4}, {1, 7}, {3, 6}, {2, 5}], [{8, 4}, {1, 7}, {5, 6}, {2, 3}], [{8, 4}, {2, 7}, {1, 6}, {3, 5}], [{8, 4}, {2, 7}, {1, 6}, {5}, {3}], [{8, 4}, {2, 7}, {3, 6}, {1, 5}], [{8, 4}, {2, 7}, {5, 6}, {1, 3}], [{8, 4}, {3, 7}, {1, 6}, {2, 5}], [{8, 4}, {3, 7}, {2, 6}, {1, 5}], [{8, 4}, {3, 7}, {5, 6}, {1, 2}], [{8, 4}, {5, 7}, {1, 6}, {2, 3}], [{8, 4}, {5, 7}, {1, 6}, {3}, {2}], [{8, 4}, {5, 7}, {2, 6}, {1, 3}], [{8, 4}, {5, 7}, {3, 6}, {1, 2}], [{8, 4}, {6, 7}, {1, 5}, {2, 3}], [{8, 4}, {6, 7}, {2, 5}, {1, 3}], [{8, 4}, {6, 7}, {3, 5}, {1, 2}], [{8, 4}, {7}, {1, 6}, {2, 5}, {3}], [{8, 5}, {1, 7}, {2, 6}, {3, 4}], [{8, 5}, {1, 7}, {3, 6}, {2, 4}], [{8, 5}, {1, 7}, {4, 6}, {2, 3}], [{8, 5}, {2, 7}, {1, 6}, {3, 4}], [{8, 5}, {2, 7}, {3, 6}, {1, 4}], [{8, 5}, {2, 7}, {4, 6}, {1, 3}], [{8, 5}, {3, 7}, {1, 6}, {2, 4}], [{8, 5}, {3, 7}, {2, 6}, {1, 4}], [{8, 5}, {3, 7}, {4, 6}, {1, 2}], [{8, 5}, {3, 7}, {4, 6}, {2}, {1}], [{8, 5}, {4, 7}, {1, 6}, {2, 3}], [{8, 5}, {4, 7}, {2, 6}, {1, 3}], [{8, 5}, {4, 7}, {3, 6}, {1, 2}], [{8, 5}, {6, 7}, {1, 4}, {2, 3}], [{8, 5}, {6, 7}, {1, 4}, {3}, {2}], [{8, 5}, {6, 7}, {2, 4}, {1, 3}], [{8, 5}, {6, 7}, {3, 4}, {1, 2}], [{8, 5}, {7}, {1, 6}, {4}, {2, 3}], [{8, 5}, {7}, {3, 6}, {4}, {1, 2}], [{8, 5}, {7}, {4, 6}, {3}, {1, 2}], [{8, 5}, {7}, {6}, {2, 4}, {1, 3}], [{8, 5}, {7}, {6}, {3, 4}, {1, 2}], [{8, 6}, {1, 7}, {2, 5}, {3, 4}], [{8, 6}, {1, 7}, {3, 5}, {2, 4}], [{8, 6}, {1, 7}, {4, 5}, {2, 3}], [{8, 6}, {2, 7}, {1, 5}, {3, 4}], [{8, 6}, {2, 7}, {3, 5}, {1, 4}], [{8, 6}, {2, 7}, {4, 5}, {1, 3}], [{8, 6}, {3, 7}, {1, 5}, {2, 4}], [{8, 6}, {3, 7}, {2, 5}, {1, 4}], [{8, 6}, {3, 7}, {4, 5}, {1, 2}], [{8, 6}, {3, 7}, {5}, {1, 4}, {2}], [{8, 6}, {4, 7}, {1, 5}, {2, 3}], [{8, 6}, {4, 7}, {2, 5}, {1, 3}], [{8, 6}, {4, 7}, {3, 5}, {1, 2}], [{8, 6}, {5, 7}, {1, 4}, {2, 3}], [{8, 6}, {5, 7}, {2, 4}, {1, 3}], [{8, 6}, {5, 7}, {3, 4}, {1, 2}], [{8, 7}, {1, 6}, {2, 5}, {3, 4}], [{8, 7}, {1, 6}, {2, 5}, {4}, {3}], [{8, 7}, {1, 6}, {3, 5}, {2, 4}], [{8, 7}, {1, 6}, {4, 5}, {2, 3}], [{8, 7}, {1, 6}, {4, 5}, {3}, {2}], [{8, 7}, {1, 6}, {5}, {2, 4}, {3}], [{8, 7}, {2, 6}, {1, 5}, {3, 4}], [{8, 7}, {2, 6}, {3, 5}, {1, 4}], [{8, 7}, {2, 6}, {4, 5}, {1, 3}], [{8, 7}, {3, 6}, {1, 5}, {2, 4}], [{8, 7}, {3, 6}, {2, 5}, {1, 4}], [{8, 7}, {3, 6}, {4, 5}, {1, 2}], [{8, 7}, {3, 6}, {5}, {1, 4}, {2}], [{8, 7}, {3, 6}, {5}, {2, 4}, {1}], [{8, 7}, {3, 6}, {5}, {4}, {1, 2}], [{8, 7}, {4, 6}, {1, 5}, {2, 3}], [{8, 7}, {4, 6}, {2, 5}, {1, 3}], [{8, 7}, {4, 6}, {3, 5}, {1, 2}], [{8, 7}, {4, 6}, {3, 5}, {2}, {1}], [{8, 7}, {4, 6}, {5}, {3}, {1, 2}], [{8, 7}, {5, 6}, {1, 4}, {2, 3}], [{8, 7}, {5, 6}, {2, 4}, {1, 3}], [{8, 7}, {5, 6}, {3, 4}, {1, 2}], [{8, 7}, {6}, {5}, {2, 4}, {1, 3}], [{8, 7}, {6}, {5}, {3, 4}, {1, 2}], [{8}, {1, 7}, {4, 6}, {2, 5}, {3}], [{8}, {2, 7}, {1, 6}, {5}, {3, 4}], [{8}, {2, 7}, {4, 6}, {5}, {1, 3}], [{8}, {3, 7}, {1, 6}, {2, 5}, {4}], [{8}, {3, 7}, {1, 6}, {4, 5}, {2}], [{8}, {3, 7}, {1, 6}, {5}, {2, 4}], [{8}, {3, 7}, {4, 6}, {5}, {1, 2}], [{8}, {3, 7}, {5, 6}, {2, 4}, {1}], [{8}, {3, 7}, {6}, {1, 5}, {2, 4}], [{8}, {4, 7}, {1, 6}, {2, 5}, {3}], [{8}, {4, 7}, {3, 6}, {1, 5}, {2}], [{8}, {4, 7}, {5, 6}, {1, 3}, {2}], [{8}, {5, 7}, {1, 6}, {3, 4}, {2}], [{8}, {5, 7}, {2, 6}, {3, 4}, {1}], [{8}, {5, 7}, {3, 6}, {4}, {1, 2}], [{8}, {5, 7}, {4, 6}, {3}, {1, 2}], [{8}, {5, 7}, {6}, {1, 4}, {2, 3}], [{8}, {5, 7}, {6}, {2, 4}, {1, 3}], [{8}, {5, 7}, {6}, {3, 4}, {1, 2}], [{8}, {6, 7}, {2, 5}, {1, 4}, {3}], [{8}, {6, 7}, {3, 5}, {1, 4}, {2}], [{8}, {6, 7}, {5}, {1, 4}, {2, 3}], [{8}, {6, 7}, {5}, {1, 4}, {3}, {2}], [{8}, {7}, {1, 6}, {2, 5}, {3, 4}], [{8}, {7}, {1, 6}, {2, 5}, {4}, {3}], [{8}, {7}, {4, 6}, {3, 5}, {1, 2}], [{8}, {7}, {5, 6}, {1, 4}, {2, 3}]]",2,8 K_1^3 - 22 K_1^2 - 12 K_1 K_2 + 11 K_2 + 4 K_3 + 12,O1O2O3U2O4U1U4U5O6O7U3O8U6U8O5U7,O1O2O3U2O4U5U4U3O6U1O7O8U7O5U6U8,O1O2O3U4U5O6U7O4O7U3O5U1U8U6O8U2,c,{'O1O2O3U4O5U6U7O6U1O4O7U5U8U3O8U2'},1,"<a href=""/flatknot/8.1101625"">8.1101625</a>",t^9-49t^7-86t^6+303t^5+446t^4-395t^3-390t^2+230t+50,-t^2+2t,,
8.1101626,O1O2O3U4O5U6U7O6U1O4O7U8U3U5O8U2,4,10z^2+79z+119,10w^3z^2+79w^2z+119w,False,False,"[[ 0 -1  1  1 -1  2 -1  1 -2],[ 1  0  1 -1  1  0  1  3 -1],[-1 -1  0  0 -1  1 -2  1 -3],[-1  1  0  0 -2  0 -2  1 -2],[ 1 -1  1  2  0  3  0  0  0],[-2  0 -1  0 -3  0 -3 -1 -2],[ 1 -1  2  2  0  3  0  1 -1],[-1 -3 -1 -1  0  1 -1  0 -3],[ 2  1  3  2  0  2  1  3  0]]","[[ 0  2  1  1  1 -1 -1 -1 -2],[-2  0  0 -1 -1  0 -3 -3 -2],[-1  0  0  1  0  1 -2 -2 -2],[-1  1 -1  0 -1 -3  0 -1 -3],[-1  1  0  1  0 -1 -1 -2 -3],[ 1  0 -1  3  1  0  1  1 -1],[ 1  3  2  0  1 -1  0  0  0],[ 1  3  2  1  2 -1  0  0 -1],[ 2  2  2  3  3  1  0  1  0]]",True,"[-2,-1,-1,-1,1,1,1,2,0,1,1,0,3,3,2,-1,0,-1,2,2,2,1,3,0,1,3,1,1,2,3,-1,-1,1,0,0,1]","[-2,-1,-1,-1,1,1,1,2,0,0,1,0,0,1,2,-1,-1,-1,1,3,3,0,1,0,0,0,2,1,0,0,1,1,0,0,0,1]",t^8+77t^6+1120t^4+320t^2+9,"[-2,-1,-1,-1,1,1,1,2,0,0,1,0,0,1,2,-1,-1,-1,1,3,3,0,1,0,0,0,2,1,0,0,1,1,0,0,0,1]","[-2,-1,-1,-1,1,1,1,2,0,0,1,0,0,3,2,-1,-1,1,2,-1,0,0,0,1,1,0,0,0,3,1,0,-1,0,-1,1,0]","[-2,-1,-1,-1,1,1,1,2,0,1,1,2,3,3,2,-1,0,2,0,1,3,1,-1,3,1,0,2,1,2,3,1,0,0,-1,1,1]",c,"[[{8, 5}, {6, 7}, {2, 4}, {1, 3}], [{8, 5}, {6, 7}, {3, 4}, {1, 2}], [{8, 6}, {5, 7}, {2, 4}, {1, 3}], [{8, 7}, {5, 6}, {2, 4}, {1, 3}], [{8, 7}, {5, 6}, {2, 4}, {3}, {1}]]",1,12 K_1^3 - 28 K_1^2 - 16 K_1 K_2 - K_1 + 14 K_2 + 5 K_3 + 15,O1O2O3U2O4U5U1U4O6O7U3O8U6U8O5U7,O1O2O3U1O4U5U4U2O6U3O7O8U7O5U6U8,O1O2O3U4U5O6U7O4O7U1O5U2U8U6O8U3,c,{'O1O2O3U4O5U6U7O6U1O4O7U8U3U5O8U2'},1,"<a href=""/flatknot/8.1101626"">8.1101626</a>",t^9-77t^7-188t^6+490t^5+862t^4-261t^3-550t^2-43t+12,0,,
8.1101627,O1O2O3U4O5U6U7O6U1O4O7U8U5U2O8U3,4,24z^2+109z+123,24w^3z^2+109w^2z+123w,False,False,"[[ 0 -1  1  2 -1  1 -1  1 -2],[ 1  0  0  1  1 -1  1  3 -1],[-1  0  0  0 -1 -1 -2  1 -2],[-2 -1  0  0 -2  0 -3  0 -3],[ 1 -1  1  2  0  2  0  0  0],[-1  1  1  0 -2  0 -2  0 -1],[ 1 -1  2  3  0  2  0  1 -1],[-1 -3 -1  0  0  0 -1  0 -3],[ 2  1  2  3  0  1  1  3  0]]","[[ 0  2  1  1  1 -1 -1 -1 -2],[-2  0  0  0  0 -1 -2 -3 -3],[-1  0  0  1  0  1 -2 -2 -1],[-1  0 -1  0  1  0 -1 -2 -2],[-1  0  0 -1  0 -3  0 -1 -3],[ 1  1 -1  0  3  0  1  1 -1],[ 1  2  2  1  0 -1  0  0  0],[ 1  3  2  2  1 -1  0  0 -1],[ 2  3  1  2  3  1  0  1  0]]",True,"[-2,-1,-1,-1,1,1,1,2,0,0,0,1,2,3,3,-1,0,-1,2,2,1,-1,0,1,2,2,3,0,1,3,-1,-1,1,0,0,1]","[-2,-1,-1,-1,1,1,1,2,0,0,0,1,2,3,3,-1,0,-1,2,2,1,-1,0,1,2,2,3,0,1,3,-1,-1,1,0,0,1]",t^8+67t^6+858t^4+194t^2+1,"[-2,-1,-1,-1,1,1,1,2,0,0,1,0,1,2,1,-1,-1,-1,2,3,2,0,1,0,0,0,2,1,0,1,1,0,1,1,1,1]","[-2,-1,-1,-1,1,1,1,2,1,1,1,0,1,2,1,-1,0,1,2,-1,0,-1,0,1,2,1,0,0,3,2,0,-1,0,-1,1,0]","[-2,-1,-1,-1,1,1,1,2,0,1,1,1,2,3,3,-1,0,2,1,0,2,1,-1,0,3,1,2,2,1,3,1,0,0,1,0,0]",c,"[[{8, 1}, {2, 7}, {3, 6}, {4, 5}], [{8, 1}, {2, 7}, {4, 6}, {3, 5}], [{8, 1}, {2, 7}, {5, 6}, {3, 4}], [{8, 1}, {3, 7}, {2, 6}, {4, 5}], [{8, 1}, {3, 7}, {4, 6}, {2, 5}], [{8, 1}, {3, 7}, {5, 6}, {2, 4}], [{8, 1}, {4, 7}, {2, 6}, {3, 5}], [{8, 1}, {4, 7}, {3, 6}, {2, 5}], [{8, 1}, {4, 7}, {5, 6}, {2, 3}], [{8, 1}, {5, 7}, {2, 6}, {3, 4}], [{8, 1}, {5, 7}, {3, 6}, {2, 4}], [{8, 1}, {5, 7}, {4, 6}, {2, 3}], [{8, 1}, {5, 7}, {6}, {3, 4}, {2}], [{8, 1}, {6, 7}, {2, 5}, {3, 4}], [{8, 1}, {6, 7}, {3, 5}, {2, 4}], [{8, 1}, {6, 7}, {4, 5}, {2, 3}], [{8, 1}, {6, 7}, {5}, {3, 4}, {2}], [{8, 1}, {7}, {5, 6}, {3, 4}, {2}], [{8, 2}, {1, 7}, {3, 6}, {4, 5}], [{8, 2}, {1, 7}, {4, 6}, {3, 5}], [{8, 2}, {1, 7}, {5, 6}, {3, 4}], [{8, 2}, {3, 7}, {1, 6}, {4, 5}], [{8, 2}, {3, 7}, {4, 6}, {1, 5}], [{8, 2}, {3, 7}, {5, 6}, {1, 4}], [{8, 2}, {3, 7}, {6}, {1, 5}, {4}], [{8, 2}, {4, 7}, {1, 6}, {3, 5}], [{8, 2}, {4, 7}, {3, 6}, {1, 5}], [{8, 2}, {4, 7}, {5, 6}, {1, 3}], [{8, 2}, {5, 7}, {1, 6}, {3, 4}], [{8, 2}, {5, 7}, {3, 6}, {1, 4}], [{8, 2}, {5, 7}, {4, 6}, {1, 3}], [{8, 2}, {6, 7}, {1, 5}, {3, 4}], [{8, 2}, {6, 7}, {3, 5}, {1, 4}], [{8, 2}, {6, 7}, {4, 5}, {1, 3}], [{8, 2}, {6, 7}, {5}, {1, 4}, {3}], [{8, 2}, {7}, {5, 6}, {3, 4}, {1}], [{8, 3}, {1, 7}, {2, 6}, {4, 5}], [{8, 3}, {1, 7}, {4, 6}, {2, 5}], [{8, 3}, {1, 7}, {5, 6}, {2, 4}], [{8, 3}, {2, 7}, {1, 6}, {4, 5}], [{8, 3}, {2, 7}, {1, 6}, {5}, {4}], [{8, 3}, {2, 7}, {4, 6}, {1, 5}], [{8, 3}, {2, 7}, {5, 6}, {1, 4}], [{8, 3}, {4, 7}, {1, 6}, {2, 5}], [{8, 3}, {4, 7}, {2, 6}, {1, 5}], [{8, 3}, {4, 7}, {5, 6}, {1, 2}], [{8, 3}, {4, 7}, {6}, {2, 5}, {1}], [{8, 3}, {5, 7}, {1, 6}, {2, 4}], [{8, 3}, {5, 7}, {1, 6}, {4}, {2}], [{8, 3}, {5, 7}, {2, 6}, {1, 4}], [{8, 3}, {5, 7}, {4, 6}, {1, 2}], [{8, 3}, {6, 7}, {1, 5}, {2, 4}], [{8, 3}, {6, 7}, {2, 5}, {1, 4}], [{8, 3}, {6, 7}, {4, 5}, {1, 2}], [{8, 3}, {7}, {1, 6}, {2, 5}, {4}], [{8, 3}, {7}, {2, 6}, {5}, {1, 4}], [{8, 3}, {7}, {4, 6}, {1, 5}, {2}], [{8, 4}, {1, 7}, {2, 6}, {3, 5}], [{8, 4}, {1, 7}, {3, 6}, {2, 5}], [{8, 4}, {1, 7}, {3, 6}, {5}, {2}], [{8, 4}, {1, 7}, {5, 6}, {2, 3}], [{8, 4}, {2, 7}, {1, 6}, {3, 5}], [{8, 4}, {2, 7}, {3, 6}, {1, 5}], [{8, 4}, {2, 7}, {5, 6}, {1, 3}], [{8, 4}, {3, 7}, {1, 6}, {2, 5}], [{8, 4}, {3, 7}, {2, 6}, {1, 5}], [{8, 4}, {3, 7}, {5, 6}, {1, 2}], [{8, 4}, {5, 7}, {1, 6}, {2, 3}], [{8, 4}, {5, 7}, {2, 6}, {1, 3}], [{8, 4}, {5, 7}, {2, 6}, {3}, {1}], [{8, 4}, {5, 7}, {3, 6}, {1, 2}], [{8, 4}, {6, 7}, {1, 5}, {2, 3}], [{8, 4}, {6, 7}, {2, 5}, {1, 3}], [{8, 4}, {6, 7}, {3, 5}, {1, 2}], [{8, 5}, {1, 7}, {2, 6}, {3, 4}], [{8, 5}, {1, 7}, {3, 6}, {2, 4}], [{8, 5}, {1, 7}, {4, 6}, {2, 3}], [{8, 5}, {2, 7}, {1, 6}, {3, 4}], [{8, 5}, {2, 7}, {3, 6}, {1, 4}], [{8, 5}, {2, 7}, {4, 6}, {1, 3}], [{8, 5}, {3, 7}, {1, 6}, {2, 4}], [{8, 5}, {3, 7}, {2, 6}, {1, 4}], [{8, 5}, {3, 7}, {4, 6}, {1, 2}], [{8, 5}, {4, 7}, {1, 6}, {2, 3}], [{8, 5}, {4, 7}, {2, 6}, {1, 3}], [{8, 5}, {4, 7}, {3, 6}, {1, 2}], [{8, 5}, {6, 7}, {1, 4}, {2, 3}], [{8, 5}, {6, 7}, {2, 4}, {1, 3}], [{8, 5}, {6, 7}, {3, 4}, {1, 2}], [{8, 5}, {6, 7}, {3, 4}, {2}, {1}], [{8, 5}, {7}, {4, 6}, {1, 3}, {2}], [{8, 6}, {1, 7}, {2, 5}, {3, 4}], [{8, 6}, {1, 7}, {3, 5}, {2, 4}], [{8, 6}, {1, 7}, {4, 5}, {2, 3}], [{8, 6}, {2, 7}, {1, 5}, {3, 4}], [{8, 6}, {2, 7}, {3, 5}, {1, 4}], [{8, 6}, {2, 7}, {4, 5}, {1, 3}], [{8, 6}, {2, 7}, {5}, {4}, {1, 3}], [{8, 6}, {3, 7}, {1, 5}, {2, 4}], [{8, 6}, {3, 7}, {2, 5}, {1, 4}], [{8, 6}, {3, 7}, {4, 5}, {1, 2}], [{8, 6}, {4, 7}, {1, 5}, {2, 3}], [{8, 6}, {4, 7}, {1, 5}, {3}, {2}], [{8, 6}, {4, 7}, {2, 5}, {1, 3}], [{8, 6}, {4, 7}, {3, 5}, {1, 2}], [{8, 6}, {5, 7}, {1, 4}, {2, 3}], [{8, 6}, {5, 7}, {2, 4}, {1, 3}], [{8, 6}, {5, 7}, {3, 4}, {1, 2}], [{8, 6}, {7}, {2, 5}, {3, 4}, {1}], [{8, 7}, {1, 6}, {2, 5}, {3, 4}], [{8, 7}, {1, 6}, {3, 5}, {2, 4}], [{8, 7}, {1, 6}, {3, 5}, {4}, {2}], [{8, 7}, {1, 6}, {4, 5}, {2, 3}], [{8, 7}, {2, 6}, {1, 5}, {3, 4}], [{8, 7}, {2, 6}, {3, 5}, {1, 4}], [{8, 7}, {2, 6}, {4, 5}, {1, 3}], [{8, 7}, {2, 6}, {5}, {3, 4}, {1}], [{8, 7}, {3, 6}, {1, 5}, {2, 4}], [{8, 7}, {3, 6}, {2, 5}, {1, 4}], [{8, 7}, {3, 6}, {4, 5}, {1, 2}], [{8, 7}, {3, 6}, {5}, {1, 4}, {2}], [{8, 7}, {3, 6}, {5}, {2, 4}, {1}], [{8, 7}, {3, 6}, {5}, {4}, {1, 2}], [{8, 7}, {4, 6}, {1, 5}, {2, 3}], [{8, 7}, {4, 6}, {2, 5}, {1, 3}], [{8, 7}, {4, 6}, {3, 5}, {1, 2}], [{8, 7}, {4, 6}, {5}, {1, 3}, {2}], [{8, 7}, {5, 6}, {1, 4}, {2, 3}], [{8, 7}, {5, 6}, {2, 4}, {1, 3}], [{8, 7}, {5, 6}, {3, 4}, {1, 2}], [{8, 7}, {5, 6}, {4}, {1, 3}, {2}], [{8, 7}, {6}, {2, 5}, {1, 4}, {3}], [{8, 7}, {6}, {4, 5}, {1, 3}, {2}], [{8}, {2, 7}, {3, 6}, {4, 5}, {1}], [{8}, {2, 7}, {4, 6}, {1, 5}, {3}], [{8}, {2, 7}, {5, 6}, {1, 4}, {3}], [{8}, {3, 7}, {1, 6}, {4, 5}, {2}], [{8}, {3, 7}, {2, 6}, {4, 5}, {1}], [{8}, {3, 7}, {6}, {4, 5}, {1, 2}], [{8}, {5, 7}, {2, 6}, {4}, {1, 3}], [{8}, {5, 7}, {4, 6}, {1, 3}, {2}], [{8}, {5, 7}, {6}, {2, 4}, {1, 3}], [{8}, {6, 7}, {1, 5}, {3, 4}, {2}], [{8}, {6, 7}, {3, 5}, {1, 4}, {2}], [{8}, {7}, {4, 6}, {3, 5}, {1, 2}], [{8}, {7}, {5, 6}, {3, 4}, {1, 2}]]",2,12 K_1^3 - 16 K_1^2 - 12 K_1 K_2 - 3 K_1 + 8 K_2 + 3 K_3 + 9,O1O2O3U1O4U2U5U4O6O7U3O8U6U8O5U7,O1O2O3U1O4U5U3U4O6U2O7O8U7O5U6U8,O1O2O3U4U5O6U7O4O7U2O5U8U1U6O8U3,c,{'O1O2O3U4O5U6U7O6U1O4O7U8U5U2O8U3'},1,"<a href=""/flatknot/8.1101627"">8.1101627</a>",t^9-67t^7-128t^6+498t^5+668t^4-917t^3-354t^2+405t+8,0,,
8.1101628,O1O2O3U4O5U6U7O6U1O4O7U8U5U3O8U2,4,5z^2+82z+145,5w^3z^2+82w^2z+145w,False,False,"[[ 0 -1  1  2 -1  1 -1  1 -2],[ 1  0  1  0  1 -1  1  3 -1],[-1 -1  0  1 -1  0 -2  1 -3],[-2  0 -1  0 -2 -1 -3  0 -3],[ 1 -1  1  2  0  2  0  0  0],[-1  1  0  1 -2  0 -2  0 -1],[ 1 -1  2  3  0  2  0  1 -1],[-1 -3 -1  0  0  0 -1  0 -3],[ 2  1  3  3  0  1  1  3  0]]","[[ 0  2  1  1  1 -1 -1 -1 -2],[-2  0  0 -1 -1  0 -2 -3 -3],[-1  0  0  0 -1 -3  0 -1 -3],[-1  1  0  0  0  1 -2 -2 -1],[-1  1  1  0  0 -1 -1 -2 -3],[ 1  0  3 -1  1  0  1  1 -1],[ 1  2  0  2  1 -1  0  0  0],[ 1  3  1  2  2 -1  0  0 -1],[ 2  3  3  1  3  1  0  1  0]]",True,"[-2,-1,-1,-1,1,1,1,2,0,1,1,0,2,3,3,0,1,3,0,1,3,0,-1,2,2,1,1,1,2,3,-1,-1,1,0,0,1]","[-2,-1,-1,-1,1,1,1,2,0,0,1,0,0,2,1,-1,-1,-1,1,3,3,0,1,0,0,0,2,1,0,1,1,0,1,0,0,0]",t^8+73t^6+946t^4+111t^2,"[-2,-1,-1,-1,1,1,1,2,0,0,1,0,0,2,1,-1,-1,-1,1,3,3,0,1,0,0,0,2,1,0,1,1,0,1,0,0,0]","[-2,-1,-1,-1,1,1,1,2,0,0,1,0,1,3,1,0,0,0,0,3,2,1,0,1,1,0,1,2,-1,0,0,-1,0,-1,1,0]","[-2,-1,-1,-1,1,1,1,2,0,1,1,1,3,3,3,-1,0,2,0,1,2,1,-1,3,1,0,2,1,2,3,0,0,1,-1,0,1]",c,"[[{8, 1}, {2, 7}, {3, 6}, {4, 5}], [{8, 1}, {2, 7}, {4, 6}, {3, 5}], [{8, 1}, {2, 7}, {5, 6}, {3, 4}], [{8, 1}, {3, 7}, {2, 6}, {4, 5}], [{8, 1}, {3, 7}, {4, 6}, {2, 5}], [{8, 1}, {3, 7}, {5, 6}, {2, 4}], [{8, 1}, {4, 7}, {2, 6}, {3, 5}], [{8, 1}, {4, 7}, {3, 6}, {2, 5}], [{8, 1}, {4, 7}, {3, 6}, {5}, {2}], [{8, 1}, {4, 7}, {5, 6}, {2, 3}], [{8, 1}, {4, 7}, {6}, {2, 5}, {3}], [{8, 1}, {5, 7}, {2, 6}, {3, 4}], [{8, 1}, {5, 7}, {3, 6}, {2, 4}], [{8, 1}, {5, 7}, {3, 6}, {4}, {2}], [{8, 1}, {5, 7}, {4, 6}, {2, 3}], [{8, 1}, {6, 7}, {2, 5}, {3, 4}], [{8, 1}, {6, 7}, {3, 5}, {2, 4}], [{8, 1}, {6, 7}, {3, 5}, {4}, {2}], [{8, 1}, {6, 7}, {4, 5}, {2, 3}], [{8, 1}, {7}, {3, 6}, {4, 5}, {2}], [{8, 1}, {7}, {4, 6}, {5}, {2, 3}], [{8, 2}, {1, 7}, {3, 6}, {4, 5}], [{8, 2}, {1, 7}, {4, 6}, {3, 5}], [{8, 2}, {1, 7}, {4, 6}, {5}, {3}], [{8, 2}, {1, 7}, {5, 6}, {3, 4}], [{8, 2}, {3, 7}, {1, 6}, {4, 5}], [{8, 2}, {3, 7}, {1, 6}, {5}, {4}], [{8, 2}, {3, 7}, {4, 6}, {1, 5}], [{8, 2}, {3, 7}, {5, 6}, {1, 4}], [{8, 2}, {3, 7}, {5, 6}, {4}, {1}], [{8, 2}, {3, 7}, {6}, {1, 5}, {4}], [{8, 2}, {4, 7}, {1, 6}, {3, 5}], [{8, 2}, {4, 7}, {1, 6}, {5}, {3}], [{8, 2}, {4, 7}, {3, 6}, {1, 5}], [{8, 2}, {4, 7}, {5, 6}, {1, 3}], [{8, 2}, {4, 7}, {5, 6}, {3}, {1}], [{8, 2}, {4, 7}, {6}, {1, 5}, {3}], [{8, 2}, {5, 7}, {1, 6}, {3, 4}], [{8, 2}, {5, 7}, {3, 6}, {1, 4}], [{8, 2}, {5, 7}, {3, 6}, {4}, {1}], [{8, 2}, {5, 7}, {4, 6}, {1, 3}], [{8, 2}, {6, 7}, {1, 5}, {3, 4}], [{8, 2}, {6, 7}, {3, 5}, {1, 4}], [{8, 2}, {6, 7}, {4, 5}, {1, 3}], [{8, 2}, {7}, {1, 6}, {5}, {3, 4}], [{8, 2}, {7}, {5, 6}, {3, 4}, {1}], [{8, 2}, {7}, {6}, {1, 5}, {3, 4}], [{8, 2}, {7}, {6}, {4, 5}, {1, 3}], [{8, 3}, {1, 7}, {2, 6}, {4, 5}], [{8, 3}, {1, 7}, {4, 6}, {2, 5}], [{8, 3}, {1, 7}, {5, 6}, {2, 4}], [{8, 3}, {2, 7}, {1, 6}, {4, 5}], [{8, 3}, {2, 7}, {4, 6}, {1, 5}], [{8, 3}, {2, 7}, {4, 6}, {5}, {1}], [{8, 3}, {2, 7}, {5, 6}, {1, 4}], [{8, 3}, {4, 7}, {1, 6}, {2, 5}], [{8, 3}, {4, 7}, {2, 6}, {1, 5}], [{8, 3}, {4, 7}, {5, 6}, {1, 2}], [{8, 3}, {5, 7}, {1, 6}, {2, 4}], [{8, 3}, {5, 7}, {2, 6}, {1, 4}], [{8, 3}, {5, 7}, {4, 6}, {1, 2}], [{8, 3}, {6, 7}, {1, 5}, {2, 4}], [{8, 3}, {6, 7}, {2, 5}, {1, 4}], [{8, 3}, {6, 7}, {4, 5}, {1, 2}], [{8, 3}, {6, 7}, {5}, {1, 4}, {2}], [{8, 3}, {7}, {4, 6}, {1, 5}, {2}], [{8, 4}, {1, 7}, {2, 6}, {3, 5}], [{8, 4}, {1, 7}, {3, 6}, {2, 5}], [{8, 4}, {1, 7}, {5, 6}, {2, 3}], [{8, 4}, {1, 7}, {5, 6}, {3}, {2}], [{8, 4}, {2, 7}, {1, 6}, {3, 5}], [{8, 4}, {2, 7}, {3, 6}, {1, 5}], [{8, 4}, {2, 7}, {5, 6}, {1, 3}], [{8, 4}, {3, 7}, {1, 6}, {2, 5}], [{8, 4}, {3, 7}, {2, 6}, {1, 5}], [{8, 4}, {3, 7}, {5, 6}, {1, 2}], [{8, 4}, {5, 7}, {1, 6}, {2, 3}], [{8, 4}, {5, 7}, {2, 6}, {1, 3}], [{8, 4}, {5, 7}, {3, 6}, {1, 2}], [{8, 4}, {5, 7}, {6}, {1, 3}, {2}], [{8, 4}, {6, 7}, {1, 5}, {2, 3}], [{8, 4}, {6, 7}, {2, 5}, {1, 3}], [{8, 4}, {6, 7}, {3, 5}, {1, 2}], [{8, 4}, {7}, {3, 6}, {1, 5}, {2}], [{8, 4}, {7}, {3, 6}, {2, 5}, {1}], [{8, 4}, {7}, {3, 6}, {5}, {1, 2}], [{8, 5}, {1, 7}, {2, 6}, {3, 4}], [{8, 5}, {1, 7}, {3, 6}, {2, 4}], [{8, 5}, {1, 7}, {4, 6}, {2, 3}], [{8, 5}, {2, 7}, {1, 6}, {3, 4}], [{8, 5}, {2, 7}, {3, 6}, {1, 4}], [{8, 5}, {2, 7}, {3, 6}, {4}, {1}], [{8, 5}, {2, 7}, {4, 6}, {1, 3}], [{8, 5}, {3, 7}, {1, 6}, {2, 4}], [{8, 5}, {3, 7}, {2, 6}, {1, 4}], [{8, 5}, {3, 7}, {4, 6}, {1, 2}], [{8, 5}, {3, 7}, {6}, {1, 4}, {2}], [{8, 5}, {4, 7}, {1, 6}, {2, 3}], [{8, 5}, {4, 7}, {2, 6}, {1, 3}], [{8, 5}, {4, 7}, {3, 6}, {1, 2}], [{8, 5}, {6, 7}, {1, 4}, {2, 3}], [{8, 5}, {6, 7}, {2, 4}, {1, 3}], [{8, 5}, {6, 7}, {3, 4}, {1, 2}], [{8, 5}, {7}, {1, 6}, {3, 4}, {2}], [{8, 5}, {7}, {2, 6}, {4}, {1, 3}], [{8, 5}, {7}, {4, 6}, {1, 3}, {2}], [{8, 5}, {7}, {6}, {2, 4}, {1, 3}], [{8, 6}, {1, 7}, {2, 5}, {3, 4}], [{8, 6}, {1, 7}, {3, 5}, {2, 4}], [{8, 6}, {1, 7}, {4, 5}, {2, 3}], [{8, 6}, {2, 7}, {1, 5}, {3, 4}], [{8, 6}, {2, 7}, {3, 5}, {1, 4}], [{8, 6}, {2, 7}, {4, 5}, {1, 3}], [{8, 6}, {2, 7}, {5}, {1, 4}, {3}], [{8, 6}, {3, 7}, {1, 5}, {2, 4}], [{8, 6}, {3, 7}, {2, 5}, {1, 4}], [{8, 6}, {3, 7}, {4, 5}, {1, 2}], [{8, 6}, {4, 7}, {1, 5}, {2, 3}], [{8, 6}, {4, 7}, {2, 5}, {1, 3}], [{8, 6}, {4, 7}, {3, 5}, {1, 2}], [{8, 6}, {5, 7}, {1, 4}, {2, 3}], [{8, 6}, {5, 7}, {2, 4}, {1, 3}], [{8, 6}, {5, 7}, {3, 4}, {1, 2}], [{8, 7}, {1, 6}, {2, 5}, {3, 4}], [{8, 7}, {1, 6}, {2, 5}, {4}, {3}], [{8, 7}, {1, 6}, {3, 5}, {2, 4}], [{8, 7}, {1, 6}, {4, 5}, {2, 3}], [{8, 7}, {1, 6}, {5}, {3, 4}, {2}], [{8, 7}, {2, 6}, {1, 5}, {3, 4}], [{8, 7}, {2, 6}, {3, 5}, {1, 4}], [{8, 7}, {2, 6}, {4, 5}, {1, 3}], [{8, 7}, {2, 6}, {5}, {3, 4}, {1}], [{8, 7}, {3, 6}, {1, 5}, {2, 4}], [{8, 7}, {3, 6}, {2, 5}, {1, 4}], [{8, 7}, {3, 6}, {2, 5}, {4}, {1}], [{8, 7}, {3, 6}, {4, 5}, {1, 2}], [{8, 7}, {3, 6}, {4, 5}, {2}, {1}], [{8, 7}, {3, 6}, {5}, {2, 4}, {1}], [{8, 7}, {4, 6}, {1, 5}, {2, 3}], [{8, 7}, {4, 6}, {2, 5}, {1, 3}], [{8, 7}, {4, 6}, {3, 5}, {1, 2}], [{8, 7}, {4, 6}, {3, 5}, {2}, {1}], [{8, 7}, {5, 6}, {1, 4}, {2, 3}], [{8, 7}, {5, 6}, {1, 4}, {3}, {2}], [{8, 7}, {5, 6}, {2, 4}, {1, 3}], [{8, 7}, {5, 6}, {3, 4}, {1, 2}], [{8, 7}, {6}, {2, 5}, {4}, {1, 3}], [{8, 7}, {6}, {3, 5}, {4}, {1, 2}], [{8, 7}, {6}, {4, 5}, {3}, {1, 2}], [{8, 7}, {6}, {5}, {3, 4}, {1, 2}], [{8}, {1, 7}, {3, 6}, {4, 5}, {2}], [{8}, {2, 7}, {1, 6}, {3, 5}, {4}], [{8}, {2, 7}, {1, 6}, {4, 5}, {3}], [{8}, {2, 7}, {1, 6}, {5}, {3, 4}], [{8}, {3, 7}, {4, 6}, {2, 5}, {1}], [{8}, {4, 7}, {3, 6}, {2, 5}, {1}], [{8}, {5, 7}, {1, 6}, {2, 4}, {3}], [{8}, {5, 7}, {1, 6}, {3, 4}, {2}], [{8}, {5, 7}, {1, 6}, {4}, {2, 3}], [{8}, {5, 7}, {2, 6}, {1, 4}, {3}], [{8}, {5, 7}, {3, 6}, {4}, {1, 2}], [{8}, {6, 7}, {2, 5}, {1, 4}, {3}], [{8}, {7}, {1, 6}, {2, 5}, {3, 4}], [{8}, {7}, {1, 6}, {5}, {3, 4}, {2}]]",2,4 K_1^3 - 36 K_1^2 - 20 K_1 K_2 + 7 K_1 + 18 K_2 + 9 K_3 + 19,O1O2O3U2O4U1U5U4O6O7U3O8U6U8O5U7,O1O2O3U1O4U5U4U3O6U2O7O8U7O5U6U8,O1O2O3U4U5O6U7O4O7U2O5U1U8U6O8U3,c,{'O1O2O3U4O5U6U7O6U1O4O7U8U5U3O8U2'},1,"<a href=""/flatknot/8.1101628"">8.1101628</a>",t^9-73t^7-178t^6+540t^5+1520t^4-223t^3-1938t^2-583t+142,0,,
8.1101629,O1O2O3U4O5U6U7O6U2O4O7U1U8U3O8U5,3,6z^2+59z+95,6w^3z^2+59w^2z+95w,False,False,"[[ 0 -2  0  2 -1  2 -1  1 -1],[ 2  0  2  2  0  2  1  3  1],[ 0 -2  0 -1  0  0  0  2 -1],[-2 -2  1  0 -3 -1 -3  0 -2],[ 1  0  0  3  0  3  0  0  0],[-2 -2  0  1 -3  0 -3 -1 -2],[ 1 -1  0  3  0  3  0  1  0],[-1 -3 -2  0  0  1 -1  0 -2],[ 1 -1  1  2  0  2  0  2  0]]","[[ 0  2  2  1  0 -1 -1 -1 -2],[-2  0  1 -1  0 -2 -3 -3 -2],[-2 -1  0  0  1 -2 -3 -3 -2],[-1  1  0  0 -2 -2  0 -1 -3],[ 0  0 -1  2  0 -1  0  0 -2],[ 1  2  2  2  1  0  0  0 -1],[ 1  3  3  0  0  0  0  0  0],[ 1  3  3  1  0  0  0  0 -1],[ 2  2  2  3  2  1  0  1  0]]",True,"[-2,-2,-1,0,1,1,1,2,-1,1,0,2,3,3,2,0,-1,2,3,3,2,2,2,0,1,3,1,0,0,2,0,0,1,0,0,1]","[-2,-2,-1,0,1,1,1,2,-1,1,0,2,3,3,2,0,-1,2,3,3,2,2,2,0,1,3,1,0,0,2,0,0,1,0,0,1]",t^8+80t^6+1037t^4+135t^2,"[-2,-1,-1,-1,0,1,2,2,0,0,1,0,0,2,2,0,0,0,0,1,1,0,1,1,0,0,1,2,0,0,-1,2,3,0,1,-1]","[-2,-2,-1,0,1,1,1,2,-1,1,3,0,0,1,2,0,2,0,0,1,2,-1,1,2,0,0,1,1,0,0,0,0,0,0,1,0]","[-2,-1,-1,-1,0,1,2,2,0,1,1,2,3,2,2,0,0,0,0,3,3,0,0,1,3,3,1,2,2,2,2,-1,0,0,1,-1]",c,"[[{8, 2}, {1, 7}, {3, 6}, {4, 5}], [{8, 2}, {1, 7}, {5, 6}, {3, 4}], [{8, 3}, {1, 7}, {2, 6}, {4, 5}], [{8, 3}, {1, 7}, {5, 6}, {2, 4}], [{8, 5}, {1, 7}, {2, 6}, {3, 4}], [{8, 5}, {1, 7}, {3, 6}, {2, 4}]]",1,8 K_1^3 - 30 K_1^2 - 20 K_1 K_2 + 4 K_1 + 15 K_2 + 8 K_3 + 16,O1O2O3U4O5U1U5U3O6O7U2O8U6U8O4U7,O1O2O3U2O4U1U5U3O6U4O7O8U7O5U6U8,O1O2O3U4U5O6U7O4O7U8O5U1U6U3O8U2,c,{'O1O2O3U4O5U6U7O6U2O4O7U1U8U3O8U5'},1,"<a href=""/flatknot/8.1101629"">8.1101629</a>",t^9-78t^7-180t^6+682t^5+2116t^4+807t^3-494t^2-84t+16,-t^2+2t,,
8.1101630,O1O2O3U4O5U6U7O6U2O4O7U1U8U5O8U3,3,5z^2+66z+113,5w^3z^2+66w^2z+113w,False,False,"[[ 0 -2  0  2 -1  2 -1  1 -1],[ 2  0  2  3  0  1  1  3  1],[ 0 -2  0  0  0 -1  0  2 -1],[-2 -3  0  0 -2  0 -3  0 -3],[ 1  0  0  2  0  3  0  0  1],[-2 -1  1  0 -3  0 -3 -1 -2],[ 1 -1  0  3  0  3  0  1  0],[-1 -3 -2  0  0  1 -1  0 -2],[ 1 -1  1  3 -1  2  0  2  0]]","[[ 0  2  2  1  0 -1 -1 -1 -2],[-2  0  0  0  0 -2 -3 -3 -3],[-2  0  0 -1  1 -3 -2 -3 -1],[-1  0  1  0 -2  0 -2 -1 -3],[ 0  0 -1  2  0  0 -1  0 -2],[ 1  2  3  0  0  0  1  0  0],[ 1  3  2  2  1 -1  0  0 -1],[ 1  3  3  1  0  0  0  0 -1],[ 2  3  1  3  2  0  1  1  0]]",True,"[-2,-2,-1,0,1,1,1,2,0,0,0,2,3,3,3,1,-1,3,2,3,1,2,0,2,1,3,0,1,0,2,-1,0,0,0,1,1]","[-2,-2,-1,0,1,1,1,2,0,0,0,2,3,3,3,1,-1,3,2,3,1,2,0,2,1,3,0,1,0,2,-1,0,0,0,1,1]",t^8+82t^6+1077t^4+256t^2,"[-2,-1,-1,-1,0,1,2,2,0,0,1,0,0,1,3,0,0,1,1,0,0,1,0,0,0,1,1,2,1,0,-1,2,3,1,0,0]","[-2,-2,-1,0,1,1,1,2,0,0,3,0,0,1,3,1,2,0,1,0,1,-1,1,2,0,0,1,1,0,0,0,0,0,1,1,0]","[-2,-1,-1,-1,0,1,2,2,0,1,1,2,3,1,3,0,1,0,0,3,2,0,0,1,3,3,1,2,2,3,2,-1,0,1,0,0]",c,"[[{8, 1}, {2, 7}, {3, 6}, {4, 5}], [{8, 1}, {2, 7}, {4, 6}, {3, 5}], [{8, 1}, {2, 7}, {5, 6}, {3, 4}], [{8, 1}, {3, 7}, {2, 6}, {4, 5}], [{8, 1}, {3, 7}, {2, 6}, {5}, {4}], [{8, 1}, {3, 7}, {4, 6}, {2, 5}], [{8, 1}, {3, 7}, {5, 6}, {2, 4}], [{8, 1}, {4, 7}, {2, 6}, {3, 5}], [{8, 1}, {4, 7}, {2, 6}, {5}, {3}], [{8, 1}, {4, 7}, {3, 6}, {2, 5}], [{8, 1}, {4, 7}, {5, 6}, {2, 3}], [{8, 1}, {4, 7}, {5, 6}, {3}, {2}], [{8, 1}, {4, 7}, {6}, {2, 5}, {3}], [{8, 1}, {5, 7}, {2, 6}, {3, 4}], [{8, 1}, {5, 7}, {2, 6}, {4}, {3}], [{8, 1}, {5, 7}, {3, 6}, {2, 4}], [{8, 1}, {5, 7}, {4, 6}, {2, 3}], [{8, 1}, {5, 7}, {4, 6}, {3}, {2}], [{8, 1}, {5, 7}, {6}, {2, 4}, {3}], [{8, 1}, {6, 7}, {2, 5}, {3, 4}], [{8, 1}, {6, 7}, {3, 5}, {2, 4}], [{8, 1}, {6, 7}, {4, 5}, {2, 3}], [{8, 1}, {7}, {2, 6}, {3, 5}, {4}], [{8, 1}, {7}, {2, 6}, {4, 5}, {3}], [{8, 1}, {7}, {2, 6}, {5}, {3, 4}], [{8, 1}, {7}, {2, 6}, {5}, {4}, {3}], [{8, 1}, {7}, {3, 6}, {4, 5}, {2}], [{8, 1}, {7}, {6}, {4, 5}, {2, 3}], [{8, 2}, {1, 7}, {3, 6}, {4, 5}], [{8, 2}, {1, 7}, {3, 6}, {5}, {4}], [{8, 2}, {1, 7}, {4, 6}, {3, 5}], [{8, 2}, {1, 7}, {5, 6}, {3, 4}], [{8, 2}, {3, 7}, {1, 6}, {4, 5}], [{8, 2}, {3, 7}, {4, 6}, {1, 5}], [{8, 2}, {3, 7}, {5, 6}, {1, 4}], [{8, 2}, {4, 7}, {1, 6}, {3, 5}], [{8, 2}, {4, 7}, {3, 6}, {1, 5}], [{8, 2}, {4, 7}, {5, 6}, {1, 3}], [{8, 2}, {4, 7}, {5, 6}, {3}, {1}], [{8, 2}, {4, 7}, {6}, {5}, {1, 3}], [{8, 2}, {5, 7}, {1, 6}, {3, 4}], [{8, 2}, {5, 7}, {3, 6}, {1, 4}], [{8, 2}, {5, 7}, {4, 6}, {1, 3}], [{8, 2}, {5, 7}, {4, 6}, {3}, {1}], [{8, 2}, {5, 7}, {6}, {4}, {1, 3}], [{8, 2}, {6, 7}, {1, 5}, {3, 4}], [{8, 2}, {6, 7}, {3, 5}, {1, 4}], [{8, 2}, {6, 7}, {4, 5}, {1, 3}], [{8, 2}, {6, 7}, {4, 5}, {3}, {1}], [{8, 2}, {6, 7}, {5}, {4}, {1, 3}], [{8, 2}, {7}, {4, 6}, {5}, {1, 3}], [{8, 2}, {7}, {5, 6}, {4}, {1, 3}], [{8, 2}, {7}, {6}, {4, 5}, {1, 3}], [{8, 3}, {1, 7}, {2, 6}, {4, 5}], [{8, 3}, {1, 7}, {2, 6}, {5}, {4}], [{8, 3}, {1, 7}, {4, 6}, {2, 5}], [{8, 3}, {1, 7}, {4, 6}, {5}, {2}], [{8, 3}, {1, 7}, {5, 6}, {2, 4}], [{8, 3}, {1, 7}, {5, 6}, {4}, {2}], [{8, 3}, {1, 7}, {6}, {2, 5}, {4}], [{8, 3}, {1, 7}, {6}, {4, 5}, {2}], [{8, 3}, {1, 7}, {6}, {5}, {2, 4}], [{8, 3}, {1, 7}, {6}, {5}, {4}, {2}], [{8, 3}, {2, 7}, {1, 6}, {4, 5}], [{8, 3}, {2, 7}, {1, 6}, {5}, {4}], [{8, 3}, {2, 7}, {4, 6}, {1, 5}], [{8, 3}, {2, 7}, {5, 6}, {1, 4}], [{8, 3}, {4, 7}, {1, 6}, {2, 5}], [{8, 3}, {4, 7}, {2, 6}, {1, 5}], [{8, 3}, {4, 7}, {2, 6}, {5}, {1}], [{8, 3}, {4, 7}, {5, 6}, {1, 2}], [{8, 3}, {4, 7}, {5, 6}, {2}, {1}], [{8, 3}, {4, 7}, {6}, {2, 5}, {1}], [{8, 3}, {5, 7}, {1, 6}, {2, 4}], [{8, 3}, {5, 7}, {2, 6}, {1, 4}], [{8, 3}, {5, 7}, {2, 6}, {4}, {1}], [{8, 3}, {5, 7}, {4, 6}, {1, 2}], [{8, 3}, {5, 7}, {4, 6}, {2}, {1}], [{8, 3}, {5, 7}, {6}, {2, 4}, {1}], [{8, 3}, {6, 7}, {1, 5}, {2, 4}], [{8, 3}, {6, 7}, {2, 5}, {1, 4}], [{8, 3}, {6, 7}, {4, 5}, {1, 2}], [{8, 3}, {6, 7}, {5}, {4}, {1, 2}], [{8, 3}, {7}, {2, 6}, {1, 5}, {4}], [{8, 3}, {7}, {2, 6}, {4, 5}, {1}], [{8, 3}, {7}, {2, 6}, {5}, {1, 4}], [{8, 3}, {7}, {2, 6}, {5}, {4}, {1}], [{8, 3}, {7}, {4, 6}, {1, 5}, {2}], [{8, 3}, {7}, {5, 6}, {1, 4}, {2}], [{8, 3}, {7}, {6}, {1, 5}, {2, 4}], [{8, 3}, {7}, {6}, {2, 5}, {1, 4}], [{8, 4}, {1, 7}, {2, 6}, {3, 5}], [{8, 4}, {1, 7}, {2, 6}, {5}, {3}], [{8, 4}, {1, 7}, {3, 6}, {2, 5}], [{8, 4}, {1, 7}, {5, 6}, {2, 3}], [{8, 4}, {1, 7}, {6}, {3, 5}, {2}], [{8, 4}, {2, 7}, {1, 6}, {3, 5}], [{8, 4}, {2, 7}, {3, 6}, {1, 5}], [{8, 4}, {2, 7}, {5, 6}, {1, 3}], [{8, 4}, {2, 7}, {5, 6}, {3}, {1}], [{8, 4}, {2, 7}, {6}, {5}, {1, 3}], [{8, 4}, {3, 7}, {1, 6}, {2, 5}], [{8, 4}, {3, 7}, {2, 6}, {1, 5}], [{8, 4}, {3, 7}, {2, 6}, {5}, {1}], [{8, 4}, {3, 7}, {5, 6}, {1, 2}], [{8, 4}, {5, 7}, {1, 6}, {2, 3}], [{8, 4}, {5, 7}, {2, 6}, {1, 3}], [{8, 4}, {5, 7}, {2, 6}, {3}, {1}], [{8, 4}, {5, 7}, {3, 6}, {1, 2}], [{8, 4}, {5, 7}, {6}, {1, 3}, {2}], [{8, 4}, {6, 7}, {1, 5}, {2, 3}], [{8, 4}, {6, 7}, {2, 5}, {1, 3}], [{8, 4}, {6, 7}, {2, 5}, {3}, {1}], [{8, 4}, {6, 7}, {3, 5}, {1, 2}], [{8, 4}, {6, 7}, {5}, {1, 3}, {2}], [{8, 4}, {7}, {2, 6}, {1, 5}, {3}], [{8, 4}, {7}, {2, 6}, {3, 5}, {1}], [{8, 4}, {7}, {2, 6}, {5}, {1, 3}], [{8, 4}, {7}, {2, 6}, {5}, {3}, {1}], [{8, 4}, {7}, {3, 6}, {1, 5}, {2}], [{8, 4}, {7}, {5, 6}, {1, 3}, {2}], [{8, 4}, {7}, {6}, {1, 5}, {2, 3}], [{8, 4}, {7}, {6}, {2, 5}, {1, 3}], [{8, 5}, {1, 7}, {2, 6}, {3, 4}], [{8, 5}, {1, 7}, {2, 6}, {4}, {3}], [{8, 5}, {1, 7}, {3, 6}, {2, 4}], [{8, 5}, {1, 7}, {4, 6}, {2, 3}], [{8, 5}, {1, 7}, {6}, {3, 4}, {2}], [{8, 5}, {2, 7}, {1, 6}, {3, 4}], [{8, 5}, {2, 7}, {3, 6}, {1, 4}], [{8, 5}, {2, 7}, {4, 6}, {1, 3}], [{8, 5}, {2, 7}, {4, 6}, {3}, {1}], [{8, 5}, {2, 7}, {6}, {4}, {1, 3}], [{8, 5}, {3, 7}, {1, 6}, {2, 4}], [{8, 5}, {3, 7}, {2, 6}, {1, 4}], [{8, 5}, {3, 7}, {2, 6}, {4}, {1}], [{8, 5}, {3, 7}, {4, 6}, {1, 2}], [{8, 5}, {4, 7}, {1, 6}, {2, 3}], [{8, 5}, {4, 7}, {2, 6}, {1, 3}], [{8, 5}, {4, 7}, {2, 6}, {3}, {1}], [{8, 5}, {4, 7}, {3, 6}, {1, 2}], [{8, 5}, {4, 7}, {6}, {1, 3}, {2}], [{8, 5}, {6, 7}, {1, 4}, {2, 3}], [{8, 5}, {6, 7}, {2, 4}, {1, 3}], [{8, 5}, {6, 7}, {2, 4}, {3}, {1}], [{8, 5}, {6, 7}, {3, 4}, {1, 2}], [{8, 5}, {6, 7}, {4}, {1, 3}, {2}], [{8, 5}, {7}, {2, 6}, {1, 4}, {3}], [{8, 5}, {7}, {2, 6}, {3, 4}, {1}], [{8, 5}, {7}, {2, 6}, {4}, {1, 3}], [{8, 5}, {7}, {2, 6}, {4}, {3}, {1}], [{8, 5}, {7}, {3, 6}, {1, 4}, {2}], [{8, 5}, {7}, {4, 6}, {1, 3}, {2}], [{8, 5}, {7}, {6}, {1, 4}, {2, 3}], [{8, 5}, {7}, {6}, {2, 4}, {1, 3}], [{8, 6}, {1, 7}, {2, 5}, {3, 4}], [{8, 6}, {1, 7}, {3, 5}, {2, 4}], [{8, 6}, {1, 7}, {4, 5}, {2, 3}], [{8, 6}, {1, 7}, {5}, {4}, {2, 3}], [{8, 6}, {2, 7}, {1, 5}, {3, 4}], [{8, 6}, {2, 7}, {3, 5}, {1, 4}], [{8, 6}, {2, 7}, {4, 5}, {1, 3}], [{8, 6}, {2, 7}, {4, 5}, {3}, {1}], [{8, 6}, {2, 7}, {5}, {4}, {1, 3}], [{8, 6}, {3, 7}, {1, 5}, {2, 4}], [{8, 6}, {3, 7}, {2, 5}, {1, 4}], [{8, 6}, {3, 7}, {4, 5}, {1, 2}], [{8, 6}, {4, 7}, {1, 5}, {2, 3}], [{8, 6}, {4, 7}, {2, 5}, {1, 3}], [{8, 6}, {4, 7}, {2, 5}, {3}, {1}], [{8, 6}, {4, 7}, {3, 5}, {1, 2}], [{8, 6}, {4, 7}, {5}, {1, 3}, {2}], [{8, 6}, {5, 7}, {1, 4}, {2, 3}], [{8, 6}, {5, 7}, {2, 4}, {1, 3}], [{8, 6}, {5, 7}, {2, 4}, {3}, {1}], [{8, 6}, {5, 7}, {3, 4}, {1, 2}], [{8, 6}, {5, 7}, {4}, {1, 3}, {2}], [{8, 6}, {7}, {2, 5}, {4}, {1, 3}], [{8, 6}, {7}, {4, 5}, {1, 3}, {2}], [{8, 6}, {7}, {5}, {2, 4}, {1, 3}], [{8, 7}, {1, 6}, {2, 5}, {3, 4}], [{8, 7}, {1, 6}, {3, 5}, {2, 4}], [{8, 7}, {1, 6}, {4, 5}, {2, 3}], [{8, 7}, {1, 6}, {5}, {4}, {2, 3}], [{8, 7}, {2, 6}, {1, 5}, {3, 4}], [{8, 7}, {2, 6}, {1, 5}, {4}, {3}], [{8, 7}, {2, 6}, {3, 5}, {1, 4}], [{8, 7}, {2, 6}, {3, 5}, {4}, {1}], [{8, 7}, {2, 6}, {4, 5}, {1, 3}], [{8, 7}, {2, 6}, {4, 5}, {3}, {1}], [{8, 7}, {2, 6}, {5}, {1, 4}, {3}], [{8, 7}, {2, 6}, {5}, {3, 4}, {1}], [{8, 7}, {2, 6}, {5}, {4}, {1, 3}], [{8, 7}, {2, 6}, {5}, {4}, {3}, {1}], [{8, 7}, {3, 6}, {1, 5}, {2, 4}], [{8, 7}, {3, 6}, {2, 5}, {1, 4}], [{8, 7}, {3, 6}, {4, 5}, {1, 2}], [{8, 7}, {3, 6}, {5}, {4}, {1, 2}], [{8, 7}, {4, 6}, {1, 5}, {2, 3}], [{8, 7}, {4, 6}, {2, 5}, {1, 3}], [{8, 7}, {4, 6}, {2, 5}, {3}, {1}], [{8, 7}, {4, 6}, {3, 5}, {1, 2}], [{8, 7}, {4, 6}, {5}, {1, 3}, {2}], [{8, 7}, {5, 6}, {1, 4}, {2, 3}], [{8, 7}, {5, 6}, {2, 4}, {1, 3}], [{8, 7}, {5, 6}, {2, 4}, {3}, {1}], [{8, 7}, {5, 6}, {3, 4}, {1, 2}], [{8, 7}, {5, 6}, {4}, {1, 3}, {2}], [{8, 7}, {6}, {2, 5}, {4}, {1, 3}], [{8, 7}, {6}, {4, 5}, {1, 3}, {2}], [{8, 7}, {6}, {5}, {2, 4}, {1, 3}], [{8, 7}, {6}, {5}, {4}, {1, 3}, {2}], [{8}, {1, 7}, {2, 6}, {3, 5}, {4}], [{8}, {1, 7}, {2, 6}, {4, 5}, {3}], [{8}, {1, 7}, {2, 6}, {5}, {3, 4}], [{8}, {1, 7}, {2, 6}, {5}, {4}, {3}], [{8}, {2, 7}, {4, 6}, {5}, {1, 3}], [{8}, {2, 7}, {5, 6}, {4}, {1, 3}], [{8}, {2, 7}, {6}, {4, 5}, {1, 3}], [{8}, {3, 7}, {1, 6}, {2, 5}, {4}], [{8}, {3, 7}, {2, 6}, {1, 5}, {4}], [{8}, {3, 7}, {2, 6}, {4, 5}, {1}], [{8}, {3, 7}, {2, 6}, {5}, {1, 4}], [{8}, {3, 7}, {2, 6}, {5}, {4}, {1}], [{8}, {3, 7}, {5, 6}, {4}, {1, 2}], [{8}, {4, 7}, {1, 6}, {2, 5}, {3}], [{8}, {4, 7}, {2, 6}, {1, 5}, {3}], [{8}, {4, 7}, {2, 6}, {3, 5}, {1}], [{8}, {4, 7}, {2, 6}, {5}, {1, 3}], [{8}, {4, 7}, {2, 6}, {5}, {3}, {1}], [{8}, {4, 7}, {3, 6}, {2, 5}, {1}], [{8}, {4, 7}, {5, 6}, {1, 3}, {2}], [{8}, {4, 7}, {5, 6}, {2, 3}, {1}], [{8}, {4, 7}, {5, 6}, {3}, {1, 2}], [{8}, {4, 7}, {5, 6}, {3}, {2}, {1}], [{8}, {4, 7}, {6}, {2, 5}, {1, 3}], [{8}, {4, 7}, {6}, {2, 5}, {3}, {1}], [{8}, {5, 7}, {1, 6}, {2, 4}, {3}], [{8}, {5, 7}, {2, 6}, {1, 4}, {3}], [{8}, {5, 7}, {2, 6}, {3, 4}, {1}], [{8}, {5, 7}, {2, 6}, {4}, {1, 3}], [{8}, {5, 7}, {2, 6}, {4}, {3}, {1}], [{8}, {5, 7}, {3, 6}, {2, 4}, {1}], [{8}, {5, 7}, {4, 6}, {1, 3}, {2}], [{8}, {5, 7}, {4, 6}, {2, 3}, {1}], [{8}, {5, 7}, {4, 6}, {3}, {1, 2}], [{8}, {5, 7}, {4, 6}, {3}, {2}, {1}], [{8}, {5, 7}, {6}, {2, 4}, {1, 3}], [{8}, {5, 7}, {6}, {2, 4}, {3}, {1}], [{8}, {6, 7}, {2, 5}, {4}, {1, 3}], [{8}, {6, 7}, {4, 5}, {1, 3}, {2}], [{8}, {6, 7}, {5}, {2, 4}, {1, 3}], [{8}, {7}, {1, 6}, {2, 5}, {3, 4}], [{8}, {7}, {2, 6}, {1, 5}, {3, 4}], [{8}, {7}, {2, 6}, {1, 5}, {4}, {3}], [{8}, {7}, {2, 6}, {3, 5}, {1, 4}], [{8}, {7}, {2, 6}, {3, 5}, {4}, {1}], [{8}, {7}, {2, 6}, {4, 5}, {1, 3}], [{8}, {7}, {2, 6}, {4, 5}, {3}, {1}], [{8}, {7}, {2, 6}, {5}, {1, 4}, {3}], [{8}, {7}, {2, 6}, {5}, {3, 4}, {1}], [{8}, {7}, {2, 6}, {5}, {4}, {1, 3}], [{8}, {7}, {2, 6}, {5}, {4}, {3}, {1}], [{8}, {7}, {4, 6}, {2, 5}, {1, 3}], [{8}, {7}, {5, 6}, {2, 4}, {1, 3}], [{8}, {7}, {5, 6}, {3, 4}, {1, 2}]]",2,8 K_1^3 - 26 K_1^2 - 16 K_1 K_2 + 2 K_1 + 13 K_2 + 6 K_3 + 14,O1O2O3U1O4U5U4U3O6O7U2O8U6U8O5U7,O1O2O3U2O4U1U5U4O6U3O7O8U7O5U6U8,O1O2O3U4U5O6U7O4O7U1O5U8U6U3O8U2,c,{'O1O2O3U4O5U6U7O6U2O4O7U1U8U5O8U3'},1,"<a href=""/flatknot/8.1101630"">8.1101630</a>",t^9-80t^7-162t^6+804t^5+1520t^4-1821t^3-2234t^2+1384t-168,-t^2+2t,,
8.1101631,O1O2O3U4O5U6U7O6U2O4O7U3U8U1O8U5,4,17z^2+102z+137,17w^3z^2+102w^2z+137w,False,False,"[[ 0  0  0  0 -1  2 -1  1 -1],[ 0  0  1  1 -2  1 -1  1  0],[ 0 -1  0 -1  0  0  0  2  0],[ 0 -1  1  0 -1  0 -1  2  0],[ 1  2  0  1  0  3  0  0  0],[-2 -1  0  0 -3  0 -3 -1 -2],[ 1  1  0  1  0  3  0  1  0],[-1 -1 -2 -2  0  1 -1  0 -2],[ 1  0  0  0  0  2  0  2  0]]","[[ 0  2  1  0  0  0 -1 -1 -1],[-2  0 -1  0  0 -1 -2 -3 -3],[-1  1  0 -2 -2 -1 -2  0 -1],[ 0  0  2  0  1 -1  0 -1 -1],[ 0  0  2 -1  0 -1  0  0  0],[ 0  1  1  1  1  0  0 -2 -1],[ 1  2  2  0  0  0  0  0  0],[ 1  3  0  1  0  2  0  0  0],[ 1  3  1  1  0  1  0  0  0]]",True,"[-2,-1,0,0,0,1,1,1,1,0,0,1,2,3,3,2,2,1,2,0,1,-1,1,0,1,1,1,0,0,0,0,2,1,0,0,0]","[-2,-1,0,0,0,1,1,1,0,1,2,2,0,0,1,0,-1,-1,1,2,0,1,1,0,-1,1,-1,1,1,1,0,0,1,0,0,0]",t^8+48t^6+509t^4+101t^2,"[-1,-1,-1,0,0,0,1,2,0,0,-1,0,1,2,0,0,0,0,1,1,0,1,1,1,0,1,-1,-1,0,1,-1,-1,2,-1,2,0]","[-2,-1,0,0,0,1,1,1,0,1,2,2,0,0,1,0,-1,-1,1,2,0,1,1,0,-1,1,-1,1,1,1,0,0,1,0,0,0]","[-1,-1,-1,0,0,0,1,2,0,0,0,0,0,2,2,0,0,1,1,1,3,0,1,2,0,3,-1,-1,2,0,-1,2,0,1,1,1]",c,"[[{8, 5}, {1, 7}, {2, 6}, {3, 4}], [{8, 5}, {1, 7}, {3, 6}, {2, 4}]]",1,4 K_1^3 - 26 K_1^2 - 4 K_1 K_2 - K_1 + 13 K_2 + K_3 + 14,O1O2O3U4O5U3U5U1O6O7U2O8U6U8O4U7,O1O2O3U2O4U3U5U1O6U4O7O8U7O5U6U8,O1O2O3U4U5O6U7O4O7U8O5U3U6U1O8U2,c,{'O1O2O3U4O5U6U7O6U2O4O7U3U8U1O8U5'},1,"<a href=""/flatknot/8.1101631"">8.1101631</a>",t^9-46t^7-60t^6+338t^5+442t^4-436t^3-464t^2+52t+4,-t^2+2t,,
8.1101632,O1O2O3U4O5U6U7O6U2O4O7U5U8U1O8U3,3,18z^2+95z+119,18w^3z^2+95w^2z+119w,False,False,"[[ 0  0  0  2 -1  0 -1  1 -1],[ 0  0  1  1 -1  0 -1  1  0],[ 0 -1  0  0  0 -1  0  2  0],[-2 -1  0  0 -2 -1 -3  0 -2],[ 1  1  0  2  0  1  0  0  0],[ 0  0  1  1 -1  0 -1  1  0],[ 1  1  0  3  0  1  0  1  0],[-1 -1 -2  0  0 -1 -1  0 -2],[ 1  0  0  2  0  0  0  2  0]]","[[ 0  2  1  0  0  0 -1 -1 -1],[-2  0  0  0 -1 -1 -2 -2 -3],[-1  0  0 -2 -1 -1  0 -2 -1],[ 0  0  2  0 -1 -1  0  0  0],[ 0  1  1  1  0  0 -1  0 -1],[ 0  1  1  1  0  0 -1  0 -1],[ 1  2  0  0  1  1  0  0  0],[ 1  2  2  0  0  0  0  0  0],[ 1  3  1  0  1  1  0  0  0]]",True,"[-2,-1,0,0,0,1,1,1,0,0,1,1,2,2,3,2,1,1,0,2,1,1,1,0,0,0,0,1,0,1,1,0,1,0,0,0]","[-2,-1,0,0,0,1,1,1,0,0,1,1,2,2,3,2,1,1,0,2,1,1,1,0,0,0,0,1,0,1,1,0,1,0,0,0]",t^8+36t^6+232t^4,"[-1,-1,-1,0,0,0,1,2,0,0,0,0,1,1,0,0,0,0,1,2,1,1,1,1,0,1,0,-1,0,1,-1,0,1,-1,2,1]","[-2,-1,0,0,0,1,1,1,1,1,1,2,0,1,1,0,0,-1,1,0,2,0,1,0,1,0,1,0,1,0,1,1,1,0,0,0]","[-1,-1,-1,0,0,0,1,2,0,0,0,0,0,2,2,0,0,1,1,0,2,0,1,1,1,3,-1,-1,2,0,0,1,1,1,1,0]",c,"[[{8, 1}, {2, 7}, {3, 6}, {4, 5}], [{8, 1}, {2, 7}, {4, 6}, {3, 5}], [{8, 1}, {2, 7}, {5, 6}, {3, 4}], [{8, 1}, {3, 7}, {2, 6}, {4, 5}], [{8, 1}, {3, 7}, {4, 6}, {2, 5}], [{8, 1}, {3, 7}, {5, 6}, {2, 4}], [{8, 1}, {3, 7}, {6}, {2, 5}, {4}], [{8, 1}, {3, 7}, {6}, {4, 5}, {2}], [{8, 1}, {3, 7}, {6}, {5}, {2, 4}], [{8, 1}, {4, 7}, {2, 6}, {3, 5}], [{8, 1}, {4, 7}, {3, 6}, {2, 5}], [{8, 1}, {4, 7}, {5, 6}, {2, 3}], [{8, 1}, {5, 7}, {2, 6}, {3, 4}], [{8, 1}, {5, 7}, {3, 6}, {2, 4}], [{8, 1}, {5, 7}, {4, 6}, {2, 3}], [{8, 1}, {5, 7}, {6}, {2, 4}, {3}], [{8, 1}, {6, 7}, {2, 5}, {3, 4}], [{8, 1}, {6, 7}, {2, 5}, {4}, {3}], [{8, 1}, {6, 7}, {3, 5}, {2, 4}], [{8, 1}, {6, 7}, {4, 5}, {2, 3}], [{8, 1}, {6, 7}, {4, 5}, {3}, {2}], [{8, 1}, {6, 7}, {5}, {2, 4}, {3}], [{8, 1}, {7}, {3, 6}, {2, 5}, {4}], [{8, 1}, {7}, {3, 6}, {4, 5}, {2}], [{8, 1}, {7}, {3, 6}, {5}, {2, 4}], [{8, 1}, {7}, {5, 6}, {2, 4}, {3}], [{8, 1}, {7}, {6}, {3, 5}, {2, 4}], [{8, 1}, {7}, {6}, {5}, {2, 4}, {3}], [{8, 2}, {1, 7}, {3, 6}, {4, 5}], [{8, 2}, {1, 7}, {4, 6}, {3, 5}], [{8, 2}, {1, 7}, {5, 6}, {3, 4}], [{8, 2}, {3, 7}, {1, 6}, {4, 5}], [{8, 2}, {3, 7}, {4, 6}, {1, 5}], [{8, 2}, {3, 7}, {4, 6}, {5}, {1}], [{8, 2}, {3, 7}, {5, 6}, {1, 4}], [{8, 2}, {4, 7}, {1, 6}, {3, 5}], [{8, 2}, {4, 7}, {3, 6}, {1, 5}], [{8, 2}, {4, 7}, {3, 6}, {5}, {1}], [{8, 2}, {4, 7}, {5, 6}, {1, 3}], [{8, 2}, {5, 7}, {1, 6}, {3, 4}], [{8, 2}, {5, 7}, {3, 6}, {1, 4}], [{8, 2}, {5, 7}, {4, 6}, {1, 3}], [{8, 2}, {6, 7}, {1, 5}, {3, 4}], [{8, 2}, {6, 7}, {3, 5}, {1, 4}], [{8, 2}, {6, 7}, {4, 5}, {1, 3}], [{8, 2}, {6, 7}, {5}, {3, 4}, {1}], [{8, 3}, {1, 7}, {2, 6}, {4, 5}], [{8, 3}, {1, 7}, {2, 6}, {5}, {4}], [{8, 3}, {1, 7}, {4, 6}, {2, 5}], [{8, 3}, {1, 7}, {4, 6}, {5}, {2}], [{8, 3}, {1, 7}, {5, 6}, {2, 4}], [{8, 3}, {1, 7}, {6}, {5}, {2, 4}], [{8, 3}, {2, 7}, {1, 6}, {4, 5}], [{8, 3}, {2, 7}, {4, 6}, {1, 5}], [{8, 3}, {2, 7}, {4, 6}, {5}, {1}], [{8, 3}, {2, 7}, {5, 6}, {1, 4}], [{8, 3}, {4, 7}, {1, 6}, {2, 5}], [{8, 3}, {4, 7}, {2, 6}, {1, 5}], [{8, 3}, {4, 7}, {2, 6}, {5}, {1}], [{8, 3}, {4, 7}, {5, 6}, {1, 2}], [{8, 3}, {5, 7}, {1, 6}, {2, 4}], [{8, 3}, {5, 7}, {2, 6}, {1, 4}], [{8, 3}, {5, 7}, {2, 6}, {4}, {1}], [{8, 3}, {5, 7}, {4, 6}, {1, 2}], [{8, 3}, {5, 7}, {4, 6}, {2}, {1}], [{8, 3}, {5, 7}, {6}, {2, 4}, {1}], [{8, 3}, {6, 7}, {1, 5}, {2, 4}], [{8, 3}, {6, 7}, {2, 5}, {1, 4}], [{8, 3}, {6, 7}, {4, 5}, {1, 2}], [{8, 3}, {6, 7}, {5}, {2, 4}, {1}], [{8, 3}, {7}, {1, 6}, {5}, {2, 4}], [{8, 3}, {7}, {2, 6}, {1, 5}, {4}], [{8, 3}, {7}, {2, 6}, {4, 5}, {1}], [{8, 3}, {7}, {2, 6}, {5}, {1, 4}], [{8, 3}, {7}, {2, 6}, {5}, {4}, {1}], [{8, 3}, {7}, {4, 6}, {1, 5}, {2}], [{8, 3}, {7}, {4, 6}, {2, 5}, {1}], [{8, 3}, {7}, {4, 6}, {5}, {1, 2}], [{8, 3}, {7}, {4, 6}, {5}, {2}, {1}], [{8, 3}, {7}, {5, 6}, {2, 4}, {1}], [{8, 3}, {7}, {6}, {1, 5}, {2, 4}], [{8, 3}, {7}, {6}, {5}, {2, 4}, {1}], [{8, 4}, {1, 7}, {2, 6}, {3, 5}], [{8, 4}, {1, 7}, {3, 6}, {2, 5}], [{8, 4}, {1, 7}, {5, 6}, {2, 3}], [{8, 4}, {2, 7}, {1, 6}, {3, 5}], [{8, 4}, {2, 7}, {3, 6}, {1, 5}], [{8, 4}, {2, 7}, {3, 6}, {5}, {1}], [{8, 4}, {2, 7}, {5, 6}, {1, 3}], [{8, 4}, {3, 7}, {1, 6}, {2, 5}], [{8, 4}, {3, 7}, {2, 6}, {1, 5}], [{8, 4}, {3, 7}, {2, 6}, {5}, {1}], [{8, 4}, {3, 7}, {5, 6}, {1, 2}], [{8, 4}, {5, 7}, {1, 6}, {2, 3}], [{8, 4}, {5, 7}, {2, 6}, {1, 3}], [{8, 4}, {5, 7}, {3, 6}, {1, 2}], [{8, 4}, {6, 7}, {1, 5}, {2, 3}], [{8, 4}, {6, 7}, {2, 5}, {1, 3}], [{8, 4}, {6, 7}, {3, 5}, {1, 2}], [{8, 4}, {6, 7}, {5}, {2, 3}, {1}], [{8, 5}, {1, 7}, {2, 6}, {3, 4}], [{8, 5}, {1, 7}, {3, 6}, {2, 4}], [{8, 5}, {1, 7}, {4, 6}, {2, 3}], [{8, 5}, {1, 7}, {6}, {2, 4}, {3}], [{8, 5}, {2, 7}, {1, 6}, {3, 4}], [{8, 5}, {2, 7}, {3, 6}, {1, 4}], [{8, 5}, {2, 7}, {4, 6}, {1, 3}], [{8, 5}, {3, 7}, {1, 6}, {2, 4}], [{8, 5}, {3, 7}, {2, 6}, {1, 4}], [{8, 5}, {3, 7}, {4, 6}, {1, 2}], [{8, 5}, {3, 7}, {6}, {1, 4}, {2}], [{8, 5}, {3, 7}, {6}, {2, 4}, {1}], [{8, 5}, {3, 7}, {6}, {4}, {1, 2}], [{8, 5}, {4, 7}, {1, 6}, {2, 3}], [{8, 5}, {4, 7}, {2, 6}, {1, 3}], [{8, 5}, {4, 7}, {3, 6}, {1, 2}], [{8, 5}, {6, 7}, {1, 4}, {2, 3}], [{8, 5}, {6, 7}, {1, 4}, {3}, {2}], [{8, 5}, {6, 7}, {2, 4}, {1, 3}], [{8, 5}, {6, 7}, {2, 4}, {3}, {1}], [{8, 5}, {6, 7}, {3, 4}, {1, 2}], [{8, 5}, {6, 7}, {4}, {3}, {1, 2}], [{8, 5}, {7}, {1, 6}, {2, 4}, {3}], [{8, 5}, {7}, {3, 6}, {1, 4}, {2}], [{8, 5}, {7}, {3, 6}, {2, 4}, {1}], [{8, 5}, {7}, {3, 6}, {4}, {1, 2}], [{8, 5}, {7}, {6}, {2, 4}, {1, 3}], [{8, 5}, {7}, {6}, {2, 4}, {3}, {1}], [{8, 6}, {1, 7}, {2, 5}, {3, 4}], [{8, 6}, {1, 7}, {3, 5}, {2, 4}], [{8, 6}, {1, 7}, {4, 5}, {2, 3}], [{8, 6}, {1, 7}, {5}, {2, 4}, {3}], [{8, 6}, {1, 7}, {5}, {3, 4}, {2}], [{8, 6}, {1, 7}, {5}, {4}, {2, 3}], [{8, 6}, {2, 7}, {1, 5}, {3, 4}], [{8, 6}, {2, 7}, {3, 5}, {1, 4}], [{8, 6}, {2, 7}, {4, 5}, {1, 3}], [{8, 6}, {2, 7}, {5}, {3, 4}, {1}], [{8, 6}, {3, 7}, {1, 5}, {2, 4}], [{8, 6}, {3, 7}, {2, 5}, {1, 4}], [{8, 6}, {3, 7}, {4, 5}, {1, 2}], [{8, 6}, {3, 7}, {5}, {2, 4}, {1}], [{8, 6}, {4, 7}, {1, 5}, {2, 3}], [{8, 6}, {4, 7}, {2, 5}, {1, 3}], [{8, 6}, {4, 7}, {3, 5}, {1, 2}], [{8, 6}, {4, 7}, {5}, {2, 3}, {1}], [{8, 6}, {5, 7}, {1, 4}, {2, 3}], [{8, 6}, {5, 7}, {2, 4}, {1, 3}], [{8, 6}, {5, 7}, {2, 4}, {3}, {1}], [{8, 6}, {5, 7}, {3, 4}, {1, 2}], [{8, 6}, {5, 7}, {3, 4}, {2}, {1}], [{8, 6}, {5, 7}, {4}, {2, 3}, {1}], [{8, 6}, {7}, {1, 5}, {2, 4}, {3}], [{8, 6}, {7}, {1, 5}, {3, 4}, {2}], [{8, 6}, {7}, {1, 5}, {4}, {2, 3}], [{8, 6}, {7}, {2, 5}, {3, 4}, {1}], [{8, 6}, {7}, {3, 5}, {2, 4}, {1}], [{8, 6}, {7}, {4, 5}, {2, 3}, {1}], [{8, 6}, {7}, {5}, {1, 4}, {2, 3}], [{8, 6}, {7}, {5}, {2, 4}, {1, 3}], [{8, 6}, {7}, {5}, {2, 4}, {3}, {1}], [{8, 6}, {7}, {5}, {3, 4}, {1, 2}], [{8, 6}, {7}, {5}, {3, 4}, {2}, {1}], [{8, 6}, {7}, {5}, {4}, {2, 3}, {1}], [{8, 7}, {1, 6}, {2, 5}, {3, 4}], [{8, 7}, {1, 6}, {3, 5}, {2, 4}], [{8, 7}, {1, 6}, {4, 5}, {2, 3}], [{8, 7}, {1, 6}, {5}, {2, 4}, {3}], [{8, 7}, {2, 6}, {1, 5}, {3, 4}], [{8, 7}, {2, 6}, {3, 5}, {1, 4}], [{8, 7}, {2, 6}, {4, 5}, {1, 3}], [{8, 7}, {2, 6}, {5}, {3, 4}, {1}], [{8, 7}, {3, 6}, {1, 5}, {2, 4}], [{8, 7}, {3, 6}, {2, 5}, {1, 4}], [{8, 7}, {3, 6}, {4, 5}, {1, 2}], [{8, 7}, {3, 6}, {5}, {2, 4}, {1}], [{8, 7}, {4, 6}, {1, 5}, {2, 3}], [{8, 7}, {4, 6}, {2, 5}, {1, 3}], [{8, 7}, {4, 6}, {3, 5}, {1, 2}], [{8, 7}, {4, 6}, {5}, {2, 3}, {1}], [{8, 7}, {5, 6}, {1, 4}, {2, 3}], [{8, 7}, {5, 6}, {2, 4}, {1, 3}], [{8, 7}, {5, 6}, {2, 4}, {3}, {1}], [{8, 7}, {5, 6}, {3, 4}, {1, 2}], [{8, 7}, {6}, {1, 5}, {2, 4}, {3}], [{8, 7}, {6}, {3, 5}, {2, 4}, {1}], [{8, 7}, {6}, {5}, {2, 4}, {1, 3}], [{8, 7}, {6}, {5}, {2, 4}, {3}, {1}], [{8}, {1, 7}, {3, 6}, {5}, {2, 4}], [{8}, {1, 7}, {5, 6}, {2, 4}, {3}], [{8}, {1, 7}, {6}, {3, 5}, {2, 4}], [{8}, {1, 7}, {6}, {5}, {2, 4}, {3}], [{8}, {3, 7}, {1, 6}, {5}, {2, 4}], [{8}, {3, 7}, {5, 6}, {2, 4}, {1}], [{8}, {3, 7}, {6}, {1, 5}, {2, 4}], [{8}, {3, 7}, {6}, {5}, {2, 4}, {1}], [{8}, {5, 7}, {1, 6}, {2, 4}, {3}], [{8}, {5, 7}, {3, 6}, {2, 4}, {1}], [{8}, {5, 7}, {6}, {2, 4}, {1, 3}], [{8}, {5, 7}, {6}, {2, 4}, {3}, {1}], [{8}, {6, 7}, {1, 5}, {2, 4}, {3}], [{8}, {6, 7}, {3, 5}, {2, 4}, {1}], [{8}, {6, 7}, {5}, {2, 4}, {1, 3}], [{8}, {6, 7}, {5}, {2, 4}, {3}, {1}], [{8}, {7}, {1, 6}, {3, 5}, {2, 4}], [{8}, {7}, {1, 6}, {5}, {2, 4}, {3}], [{8}, {7}, {3, 6}, {1, 5}, {2, 4}], [{8}, {7}, {3, 6}, {5}, {2, 4}, {1}], [{8}, {7}, {5, 6}, {2, 4}, {1, 3}], [{8}, {7}, {5, 6}, {2, 4}, {3}, {1}], [{8}, {7}, {6}, {1, 5}, {2, 4}, {3}], [{8}, {7}, {6}, {3, 5}, {2, 4}, {1}], [{8}, {7}, {6}, {5}, {2, 4}, {1, 3}], [{8}, {7}, {6}, {5}, {2, 4}, {3}, {1}]]",2,4 K_1^3 - 14 K_1^2 - 4 K_1 K_2 - K_1 + 7 K_2 + K_3 + 8,O1O2O3U1O4U3U4U5O6O7U2O8U6U8O5U7,O1O2O3U2O4U3U5U4O6U1O7O8U7O5U6U8,O1O2O3U4U5O6U7O4O7U3O5U8U6U1O8U2,c,{'O1O2O3U4O5U6U7O6U2O4O7U5U8U1O8U3'},1,"<a href=""/flatknot/8.1101632"">8.1101632</a>",t^9-34t^7-32t^6+201t^5+172t^4-252t^3-32t^2+32t,-t^2+2t,,
8.1101633,O1O2O3U4O5U6U7O6U2O4O7U8U1U3O8U5,4,15z^2+100z+141,15w^3z^2+100w^2z+141w,False,False,"[[ 0 -1  0  2 -1  2 -1  1 -2],[ 1  0  2  2 -1  1  0  2  0],[ 0 -2  0 -1  0  0  0  2 -1],[-2 -2  1  0 -3 -1 -3  0 -2],[ 1  1  0  3  0  3  0  0 -1],[-2 -1  0  1 -3  0 -3 -1 -2],[ 1  0  0  3  0  3  0  1 -1],[-1 -2 -2  0  0  1 -1  0 -3],[ 2  0  1  2  1  2  1  3  0]]","[[ 0  2  2  1  0 -1 -1 -1 -2],[-2  0  1 -1  0 -1 -3 -3 -2],[-2 -1  0  0  1 -2 -3 -3 -2],[-1  1  0  0 -2 -2  0 -1 -3],[ 0  0 -1  2  0 -2  0  0 -1],[ 1  1  2  2  2  0 -1  0  0],[ 1  3  3  0  0  1  0  0 -1],[ 1  3  3  1  0  0  0  0 -1],[ 2  2  2  3  1  0  1  1  0]]",True,"[-2,-2,-1,0,1,1,1,2,-1,1,0,1,3,3,2,0,-1,2,3,3,2,2,2,0,1,3,2,0,0,1,1,0,0,0,1,1]","[-2,-2,-1,0,1,1,1,2,-1,1,0,1,3,3,2,0,-1,2,3,3,2,2,2,0,1,3,2,0,0,1,1,0,0,0,1,1]",t^8+78t^6+1102t^4+292t^2+16,"[-2,-1,-1,-1,0,1,2,2,0,0,1,1,0,2,2,0,-1,1,2,0,0,0,1,1,0,0,-1,0,1,2,-1,3,2,1,0,1]","[-2,-2,-1,0,1,1,1,2,-1,1,3,0,0,1,2,0,2,0,0,2,2,-1,1,2,0,0,1,1,-1,1,0,0,0,1,0,1]","[-2,-1,-1,-1,0,1,2,2,0,1,1,1,3,2,2,-1,0,2,2,1,2,0,0,0,3,3,0,1,3,3,2,0,-1,1,0,1]",c,"[[{8, 1}, {2, 7}, {3, 6}, {4, 5}], [{8, 1}, {2, 7}, {4, 6}, {3, 5}], [{8, 1}, {2, 7}, {4, 6}, {5}, {3}], [{8, 1}, {2, 7}, {5, 6}, {3, 4}], [{8, 1}, {3, 7}, {2, 6}, {4, 5}], [{8, 1}, {3, 7}, {2, 6}, {5}, {4}], [{8, 1}, {3, 7}, {4, 6}, {2, 5}], [{8, 1}, {3, 7}, {5, 6}, {2, 4}], [{8, 1}, {4, 7}, {2, 6}, {3, 5}], [{8, 1}, {4, 7}, {3, 6}, {2, 5}], [{8, 1}, {4, 7}, {3, 6}, {5}, {2}], [{8, 1}, {4, 7}, {5, 6}, {2, 3}], [{8, 1}, {5, 7}, {2, 6}, {3, 4}], [{8, 1}, {5, 7}, {2, 6}, {4}, {3}], [{8, 1}, {5, 7}, {3, 6}, {2, 4}], [{8, 1}, {5, 7}, {3, 6}, {4}, {2}], [{8, 1}, {5, 7}, {4, 6}, {2, 3}], [{8, 1}, {5, 7}, {4, 6}, {3}, {2}], [{8, 1}, {5, 7}, {6}, {2, 4}, {3}], [{8, 1}, {5, 7}, {6}, {3, 4}, {2}], [{8, 1}, {5, 7}, {6}, {4}, {2, 3}], [{8, 1}, {6, 7}, {2, 5}, {3, 4}], [{8, 1}, {6, 7}, {3, 5}, {2, 4}], [{8, 1}, {6, 7}, {4, 5}, {2, 3}], [{8, 1}, {6, 7}, {5}, {2, 4}, {3}], [{8, 1}, {7}, {2, 6}, {3, 5}, {4}], [{8, 1}, {7}, {3, 6}, {4, 5}, {2}], [{8, 1}, {7}, {4, 6}, {2, 5}, {3}], [{8, 1}, {7}, {5, 6}, {2, 4}, {3}], [{8, 2}, {1, 7}, {3, 6}, {4, 5}], [{8, 2}, {1, 7}, {4, 6}, {3, 5}], [{8, 2}, {1, 7}, {5, 6}, {3, 4}], [{8, 2}, {1, 7}, {6}, {3, 5}, {4}], [{8, 2}, {3, 7}, {1, 6}, {4, 5}], [{8, 2}, {3, 7}, {4, 6}, {1, 5}], [{8, 2}, {3, 7}, {4, 6}, {5}, {1}], [{8, 2}, {3, 7}, {5, 6}, {1, 4}], [{8, 2}, {4, 7}, {1, 6}, {3, 5}], [{8, 2}, {4, 7}, {3, 6}, {1, 5}], [{8, 2}, {4, 7}, {3, 6}, {5}, {1}], [{8, 2}, {4, 7}, {5, 6}, {1, 3}], [{8, 2}, {5, 7}, {1, 6}, {3, 4}], [{8, 2}, {5, 7}, {3, 6}, {1, 4}], [{8, 2}, {5, 7}, {4, 6}, {1, 3}], [{8, 2}, {5, 7}, {4, 6}, {3}, {1}], [{8, 2}, {6, 7}, {1, 5}, {3, 4}], [{8, 2}, {6, 7}, {3, 5}, {1, 4}], [{8, 2}, {6, 7}, {4, 5}, {1, 3}], [{8, 2}, {6, 7}, {5}, {4}, {1, 3}], [{8, 2}, {7}, {1, 6}, {4, 5}, {3}], [{8, 2}, {7}, {4, 6}, {3, 5}, {1}], [{8, 2}, {7}, {5, 6}, {3, 4}, {1}], [{8, 3}, {1, 7}, {2, 6}, {4, 5}], [{8, 3}, {1, 7}, {2, 6}, {5}, {4}], [{8, 3}, {1, 7}, {4, 6}, {2, 5}], [{8, 3}, {1, 7}, {4, 6}, {5}, {2}], [{8, 3}, {1, 7}, {5, 6}, {2, 4}], [{8, 3}, {1, 7}, {5, 6}, {4}, {2}], [{8, 3}, {1, 7}, {6}, {2, 5}, {4}], [{8, 3}, {1, 7}, {6}, {4, 5}, {2}], [{8, 3}, {1, 7}, {6}, {5}, {2, 4}], [{8, 3}, {1, 7}, {6}, {5}, {4}, {2}], [{8, 3}, {2, 7}, {1, 6}, {4, 5}], [{8, 3}, {2, 7}, {1, 6}, {5}, {4}], [{8, 3}, {2, 7}, {4, 6}, {1, 5}], [{8, 3}, {2, 7}, {4, 6}, {5}, {1}], [{8, 3}, {2, 7}, {5, 6}, {1, 4}], [{8, 3}, {2, 7}, {5, 6}, {4}, {1}], [{8, 3}, {2, 7}, {6}, {1, 5}, {4}], [{8, 3}, {2, 7}, {6}, {4, 5}, {1}], [{8, 3}, {2, 7}, {6}, {5}, {1, 4}], [{8, 3}, {4, 7}, {1, 6}, {2, 5}], [{8, 3}, {4, 7}, {1, 6}, {5}, {2}], [{8, 3}, {4, 7}, {2, 6}, {1, 5}], [{8, 3}, {4, 7}, {2, 6}, {5}, {1}], [{8, 3}, {4, 7}, {5, 6}, {1, 2}], [{8, 3}, {4, 7}, {5, 6}, {2}, {1}], [{8, 3}, {4, 7}, {6}, {1, 5}, {2}], [{8, 3}, {4, 7}, {6}, {2, 5}, {1}], [{8, 3}, {4, 7}, {6}, {5}, {1, 2}], [{8, 3}, {5, 7}, {1, 6}, {2, 4}], [{8, 3}, {5, 7}, {1, 6}, {4}, {2}], [{8, 3}, {5, 7}, {2, 6}, {1, 4}], [{8, 3}, {5, 7}, {2, 6}, {4}, {1}], [{8, 3}, {5, 7}, {4, 6}, {1, 2}], [{8, 3}, {5, 7}, {4, 6}, {2}, {1}], [{8, 3}, {5, 7}, {6}, {1, 4}, {2}], [{8, 3}, {5, 7}, {6}, {2, 4}, {1}], [{8, 3}, {5, 7}, {6}, {4}, {1, 2}], [{8, 3}, {6, 7}, {1, 5}, {2, 4}], [{8, 3}, {6, 7}, {1, 5}, {4}, {2}], [{8, 3}, {6, 7}, {2, 5}, {1, 4}], [{8, 3}, {6, 7}, {2, 5}, {4}, {1}], [{8, 3}, {6, 7}, {4, 5}, {1, 2}], [{8, 3}, {6, 7}, {4, 5}, {2}, {1}], [{8, 3}, {6, 7}, {5}, {1, 4}, {2}], [{8, 3}, {6, 7}, {5}, {2, 4}, {1}], [{8, 3}, {6, 7}, {5}, {4}, {1, 2}], [{8, 3}, {7}, {1, 6}, {2, 5}, {4}], [{8, 3}, {7}, {1, 6}, {4, 5}, {2}], [{8, 3}, {7}, {1, 6}, {5}, {2, 4}], [{8, 3}, {7}, {2, 6}, {1, 5}, {4}], [{8, 3}, {7}, {2, 6}, {4, 5}, {1}], [{8, 3}, {7}, {2, 6}, {5}, {1, 4}], [{8, 3}, {7}, {4, 6}, {1, 5}, {2}], [{8, 3}, {7}, {4, 6}, {2, 5}, {1}], [{8, 3}, {7}, {4, 6}, {5}, {1, 2}], [{8, 3}, {7}, {4, 6}, {5}, {2}, {1}], [{8, 3}, {7}, {5, 6}, {1, 4}, {2}], [{8, 3}, {7}, {5, 6}, {2, 4}, {1}], [{8, 3}, {7}, {5, 6}, {4}, {1, 2}], [{8, 3}, {7}, {5, 6}, {4}, {2}, {1}], [{8, 3}, {7}, {6}, {1, 5}, {2, 4}], [{8, 3}, {7}, {6}, {2, 5}, {1, 4}], [{8, 3}, {7}, {6}, {4, 5}, {1, 2}], [{8, 3}, {7}, {6}, {4, 5}, {2}, {1}], [{8, 4}, {1, 7}, {2, 6}, {3, 5}], [{8, 4}, {1, 7}, {3, 6}, {2, 5}], [{8, 4}, {1, 7}, {5, 6}, {2, 3}], [{8, 4}, {1, 7}, {6}, {2, 5}, {3}], [{8, 4}, {2, 7}, {1, 6}, {3, 5}], [{8, 4}, {2, 7}, {3, 6}, {1, 5}], [{8, 4}, {2, 7}, {5, 6}, {1, 3}], [{8, 4}, {3, 7}, {1, 6}, {2, 5}], [{8, 4}, {3, 7}, {1, 6}, {5}, {2}], [{8, 4}, {3, 7}, {2, 6}, {1, 5}], [{8, 4}, {3, 7}, {5, 6}, {1, 2}], [{8, 4}, {3, 7}, {6}, {2, 5}, {1}], [{8, 4}, {5, 7}, {1, 6}, {2, 3}], [{8, 4}, {5, 7}, {2, 6}, {1, 3}], [{8, 4}, {5, 7}, {2, 6}, {3}, {1}], [{8, 4}, {5, 7}, {3, 6}, {1, 2}], [{8, 4}, {6, 7}, {1, 5}, {2, 3}], [{8, 4}, {6, 7}, {2, 5}, {1, 3}], [{8, 4}, {6, 7}, {3, 5}, {1, 2}], [{8, 4}, {6, 7}, {5}, {1, 3}, {2}], [{8, 4}, {7}, {3, 6}, {1, 5}, {2}], [{8, 4}, {7}, {5, 6}, {2, 3}, {1}], [{8, 4}, {7}, {6}, {2, 5}, {1, 3}], [{8, 5}, {1, 7}, {2, 6}, {3, 4}], [{8, 5}, {1, 7}, {3, 6}, {2, 4}], [{8, 5}, {1, 7}, {4, 6}, {2, 3}], [{8, 5}, {1, 7}, {6}, {4}, {2, 3}], [{8, 5}, {2, 7}, {1, 6}, {3, 4}], [{8, 5}, {2, 7}, {3, 6}, {1, 4}], [{8, 5}, {2, 7}, {3, 6}, {4}, {1}], [{8, 5}, {2, 7}, {4, 6}, {1, 3}], [{8, 5}, {2, 7}, {4, 6}, {3}, {1}], [{8, 5}, {2, 7}, {6}, {3, 4}, {1}], [{8, 5}, {3, 7}, {1, 6}, {2, 4}], [{8, 5}, {3, 7}, {1, 6}, {4}, {2}], [{8, 5}, {3, 7}, {2, 6}, {1, 4}], [{8, 5}, {3, 7}, {4, 6}, {1, 2}], [{8, 5}, {3, 7}, {4, 6}, {2}, {1}], [{8, 5}, {3, 7}, {6}, {1, 4}, {2}], [{8, 5}, {4, 7}, {1, 6}, {2, 3}], [{8, 5}, {4, 7}, {2, 6}, {1, 3}], [{8, 5}, {4, 7}, {3, 6}, {1, 2}], [{8, 5}, {4, 7}, {6}, {3}, {1, 2}], [{8, 5}, {6, 7}, {1, 4}, {2, 3}], [{8, 5}, {6, 7}, {2, 4}, {1, 3}], [{8, 5}, {6, 7}, {2, 4}, {3}, {1}], [{8, 5}, {6, 7}, {3, 4}, {1, 2}], [{8, 5}, {7}, {4, 6}, {2, 3}, {1}], [{8, 5}, {7}, {6}, {2, 4}, {1, 3}], [{8, 6}, {1, 7}, {2, 5}, {3, 4}], [{8, 6}, {1, 7}, {2, 5}, {4}, {3}], [{8, 6}, {1, 7}, {3, 5}, {2, 4}], [{8, 6}, {1, 7}, {4, 5}, {2, 3}], [{8, 6}, {2, 7}, {1, 5}, {3, 4}], [{8, 6}, {2, 7}, {3, 5}, {1, 4}], [{8, 6}, {2, 7}, {4, 5}, {1, 3}], [{8, 6}, {3, 7}, {1, 5}, {2, 4}], [{8, 6}, {3, 7}, {2, 5}, {1, 4}], [{8, 6}, {3, 7}, {2, 5}, {4}, {1}], [{8, 6}, {3, 7}, {4, 5}, {1, 2}], [{8, 6}, {4, 7}, {1, 5}, {2, 3}], [{8, 6}, {4, 7}, {2, 5}, {1, 3}], [{8, 6}, {4, 7}, {3, 5}, {1, 2}], [{8, 6}, {4, 7}, {5}, {3}, {1, 2}], [{8, 6}, {5, 7}, {1, 4}, {2, 3}], [{8, 6}, {5, 7}, {2, 4}, {1, 3}], [{8, 6}, {5, 7}, {2, 4}, {3}, {1}], [{8, 6}, {5, 7}, {3, 4}, {1, 2}], [{8, 6}, {7}, {2, 5}, {4}, {1, 3}], [{8, 6}, {7}, {4, 5}, {1, 3}, {2}], [{8, 6}, {7}, {5}, {2, 4}, {1, 3}], [{8, 7}, {1, 6}, {2, 5}, {3, 4}], [{8, 7}, {1, 6}, {3, 5}, {2, 4}], [{8, 7}, {1, 6}, {4, 5}, {2, 3}], [{8, 7}, {1, 6}, {4, 5}, {3}, {2}], [{8, 7}, {2, 6}, {1, 5}, {3, 4}], [{8, 7}, {2, 6}, {3, 5}, {1, 4}], [{8, 7}, {2, 6}, {4, 5}, {1, 3}], [{8, 7}, {3, 6}, {1, 5}, {2, 4}], [{8, 7}, {3, 6}, {2, 5}, {1, 4}], [{8, 7}, {3, 6}, {4, 5}, {1, 2}], [{8, 7}, {3, 6}, {5}, {1, 4}, {2}], [{8, 7}, {4, 6}, {1, 5}, {2, 3}], [{8, 7}, {4, 6}, {2, 5}, {1, 3}], [{8, 7}, {4, 6}, {2, 5}, {3}, {1}], [{8, 7}, {4, 6}, {3, 5}, {1, 2}], [{8, 7}, {4, 6}, {3, 5}, {2}, {1}], [{8, 7}, {4, 6}, {5}, {2, 3}, {1}], [{8, 7}, {5, 6}, {1, 4}, {2, 3}], [{8, 7}, {5, 6}, {2, 4}, {1, 3}], [{8, 7}, {5, 6}, {2, 4}, {3}, {1}], [{8, 7}, {5, 6}, {3, 4}, {1, 2}], [{8, 7}, {6}, {1, 5}, {4}, {2, 3}], [{8, 7}, {6}, {5}, {2, 4}, {1, 3}], [{8}, {1, 7}, {2, 6}, {4, 5}, {3}], [{8}, {1, 7}, {3, 6}, {2, 5}, {4}], [{8}, {1, 7}, {4, 6}, {2, 5}, {3}], [{8}, {1, 7}, {5, 6}, {2, 4}, {3}], [{8}, {1, 7}, {6}, {2, 5}, {3, 4}], [{8}, {1, 7}, {6}, {2, 5}, {4}, {3}], [{8}, {2, 7}, {1, 6}, {4, 5}, {3}], [{8}, {2, 7}, {4, 6}, {1, 5}, {3}], [{8}, {2, 7}, {4, 6}, {3, 5}, {1}], [{8}, {2, 7}, {4, 6}, {5}, {1, 3}], [{8}, {2, 7}, {4, 6}, {5}, {3}, {1}], [{8}, {2, 7}, {5, 6}, {1, 4}, {3}], [{8}, {3, 7}, {1, 6}, {4, 5}, {2}], [{8}, {3, 7}, {4, 6}, {2, 5}, {1}], [{8}, {3, 7}, {5, 6}, {2, 4}, {1}], [{8}, {4, 7}, {1, 6}, {2, 5}, {3}], [{8}, {4, 7}, {2, 6}, {1, 5}, {3}], [{8}, {4, 7}, {3, 6}, {5}, {1, 2}], [{8}, {4, 7}, {5, 6}, {3}, {1, 2}], [{8}, {4, 7}, {6}, {3, 5}, {1, 2}], [{8}, {4, 7}, {6}, {5}, {3}, {1, 2}], [{8}, {5, 7}, {1, 6}, {2, 4}, {3}], [{8}, {5, 7}, {2, 6}, {1, 4}, {3}], [{8}, {5, 7}, {2, 6}, {3, 4}, {1}], [{8}, {5, 7}, {2, 6}, {4}, {1, 3}], [{8}, {5, 7}, {2, 6}, {4}, {3}, {1}], [{8}, {5, 7}, {3, 6}, {2, 4}, {1}], [{8}, {5, 7}, {4, 6}, {1, 3}, {2}], [{8}, {5, 7}, {4, 6}, {2, 3}, {1}], [{8}, {5, 7}, {4, 6}, {3}, {1, 2}], [{8}, {5, 7}, {4, 6}, {3}, {2}, {1}], [{8}, {5, 7}, {6}, {2, 4}, {1, 3}], [{8}, {5, 7}, {6}, {2, 4}, {3}, {1}], [{8}, {6, 7}, {1, 5}, {2, 4}, {3}], [{8}, {6, 7}, {2, 5}, {1, 4}, {3}], [{8}, {6, 7}, {3, 5}, {2, 4}, {1}], [{8}, {6, 7}, {4, 5}, {3}, {1, 2}], [{8}, {6, 7}, {5}, {2, 4}, {1, 3}], [{8}, {6, 7}, {5}, {2, 4}, {3}, {1}], [{8}, {7}, {1, 6}, {4, 5}, {2, 3}], [{8}, {7}, {1, 6}, {4, 5}, {3}, {2}], [{8}, {7}, {4, 6}, {2, 5}, {1, 3}], [{8}, {7}, {4, 6}, {2, 5}, {3}, {1}], [{8}, {7}, {5, 6}, {2, 4}, {1, 3}], [{8}, {7}, {5, 6}, {2, 4}, {3}, {1}]]",2,4 K_1^3 - 22 K_1^2 - 12 K_1 K_2 + 3 K_1 + 11 K_2 + 5 K_3 + 12,O1O2O3U4O5U1U3U5O6O7U2O8U6U8O4U7,O1O2O3U1O4U2U5U3O6U4O7O8U7O5U6U8,O1O2O3U4U5O6U7O4O7U8O5U1U6U2O8U3,c,{'O1O2O3U4O5U6U7O6U2O4O7U8U1U3O8U5'},1,"<a href=""/flatknot/8.1101633"">8.1101633</a>",t^9-76t^7-180t^6+721t^5+1860t^4-919t^3-2640t^2+14t+372,-t^2+2t,,
8.1101634,O1O2O3U4O5U6U7O6U2O4O7U8U1U5O8U3,4,16z^2+85z+107,16w^3z^2+85w^2z+107w,False,False,"[[ 0 -1  0  2 -1  2 -1  1 -2],[ 1  0  2  2 -1  1  0  2  0],[ 0 -2  0  0  0 -1  0  2 -1],[-2 -2  0  0 -2  0 -3  0 -3],[ 1  1  0  2  0  3  0  0  0],[-2 -1  1  0 -3  0 -3 -1 -2],[ 1  0  0  3  0  3  0  1 -1],[-1 -2 -2  0  0  1 -1  0 -3],[ 2  0  1  3  0  2  1  3  0]]","[[ 0  2  2  1  0 -1 -1 -1 -2],[-2  0  0  0  0 -2 -2 -3 -3],[-2  0  0 -1  1 -1 -3 -3 -2],[-1  0  1  0 -2 -2  0 -1 -3],[ 0  0 -1  2  0 -2  0  0 -1],[ 1  2  1  2  2  0 -1  0  0],[ 1  2  3  0  0  1  0  0  0],[ 1  3  3  1  0  0  0  0 -1],[ 2  3  2  3  1  0  0  1  0]]",True,"[-2,-2,-1,0,1,1,1,2,0,0,0,2,2,3,3,1,-1,1,3,3,2,2,2,0,1,3,2,0,0,1,1,0,0,0,0,1]","[-2,-2,-1,0,1,1,1,2,0,0,0,2,2,3,3,1,-1,1,3,3,2,2,2,0,1,3,2,0,0,1,1,0,0,0,0,1]",t^8+76t^6+989t^4+205t^2+9,"[-2,-1,-1,-1,0,1,2,2,0,1,1,1,0,1,2,0,0,1,1,0,0,-1,1,2,1,0,-1,0,1,2,-1,2,3,1,0,0]","[-2,-2,-1,0,1,1,1,2,0,0,3,0,0,2,2,1,2,0,1,1,1,-1,1,2,0,0,1,1,-1,1,0,0,0,1,1,1]","[-2,-1,-1,-1,0,1,2,2,0,0,1,1,3,2,3,-1,0,2,2,1,2,0,0,0,3,2,0,1,3,3,2,-1,0,1,0,0]",c,"[[{8, 1}, {2, 7}, {3, 6}, {4, 5}], [{8, 1}, {2, 7}, {4, 6}, {3, 5}], [{8, 1}, {2, 7}, {5, 6}, {3, 4}], [{8, 1}, {3, 7}, {2, 6}, {4, 5}], [{8, 1}, {3, 7}, {4, 6}, {2, 5}], [{8, 1}, {3, 7}, {5, 6}, {2, 4}], [{8, 1}, {4, 7}, {2, 6}, {3, 5}], [{8, 1}, {4, 7}, {3, 6}, {2, 5}], [{8, 1}, {4, 7}, {5, 6}, {2, 3}], [{8, 1}, {4, 7}, {6}, {2, 5}, {3}], [{8, 1}, {5, 7}, {2, 6}, {3, 4}], [{8, 1}, {5, 7}, {3, 6}, {2, 4}], [{8, 1}, {5, 7}, {4, 6}, {2, 3}], [{8, 1}, {5, 7}, {6}, {2, 4}, {3}], [{8, 1}, {6, 7}, {2, 5}, {3, 4}], [{8, 1}, {6, 7}, {3, 5}, {2, 4}], [{8, 1}, {6, 7}, {4, 5}, {2, 3}], [{8, 1}, {7}, {2, 6}, {4, 5}, {3}], [{8, 1}, {7}, {4, 6}, {3, 5}, {2}], [{8, 1}, {7}, {5, 6}, {4}, {2, 3}], [{8, 2}, {1, 7}, {3, 6}, {4, 5}], [{8, 2}, {1, 7}, {4, 6}, {3, 5}], [{8, 2}, {1, 7}, {5, 6}, {3, 4}], [{8, 2}, {1, 7}, {6}, {5}, {3, 4}], [{8, 2}, {3, 7}, {1, 6}, {4, 5}], [{8, 2}, {3, 7}, {4, 6}, {1, 5}], [{8, 2}, {3, 7}, {5, 6}, {1, 4}], [{8, 2}, {3, 7}, {5, 6}, {4}, {1}], [{8, 2}, {4, 7}, {1, 6}, {3, 5}], [{8, 2}, {4, 7}, {3, 6}, {1, 5}], [{8, 2}, {4, 7}, {5, 6}, {1, 3}], [{8, 2}, {5, 7}, {1, 6}, {3, 4}], [{8, 2}, {5, 7}, {3, 6}, {1, 4}], [{8, 2}, {5, 7}, {4, 6}, {1, 3}], [{8, 2}, {5, 7}, {6}, {1, 4}, {3}], [{8, 2}, {6, 7}, {1, 5}, {3, 4}], [{8, 2}, {6, 7}, {3, 5}, {1, 4}], [{8, 2}, {6, 7}, {4, 5}, {1, 3}], [{8, 2}, {7}, {3, 6}, {4, 5}, {1}], [{8, 3}, {1, 7}, {2, 6}, {4, 5}], [{8, 3}, {1, 7}, {4, 6}, {2, 5}], [{8, 3}, {1, 7}, {5, 6}, {2, 4}], [{8, 3}, {1, 7}, {6}, {2, 5}, {4}], [{8, 3}, {2, 7}, {1, 6}, {4, 5}], [{8, 3}, {2, 7}, {1, 6}, {5}, {4}], [{8, 3}, {2, 7}, {4, 6}, {1, 5}], [{8, 3}, {2, 7}, {4, 6}, {5}, {1}], [{8, 3}, {2, 7}, {5, 6}, {1, 4}], [{8, 3}, {2, 7}, {5, 6}, {4}, {1}], [{8, 3}, {2, 7}, {6}, {1, 5}, {4}], [{8, 3}, {2, 7}, {6}, {4, 5}, {1}], [{8, 3}, {2, 7}, {6}, {5}, {1, 4}], [{8, 3}, {4, 7}, {1, 6}, {2, 5}], [{8, 3}, {4, 7}, {2, 6}, {1, 5}], [{8, 3}, {4, 7}, {5, 6}, {1, 2}], [{8, 3}, {4, 7}, {6}, {2, 5}, {1}], [{8, 3}, {5, 7}, {1, 6}, {2, 4}], [{8, 3}, {5, 7}, {1, 6}, {4}, {2}], [{8, 3}, {5, 7}, {2, 6}, {1, 4}], [{8, 3}, {5, 7}, {2, 6}, {4}, {1}], [{8, 3}, {5, 7}, {4, 6}, {1, 2}], [{8, 3}, {5, 7}, {4, 6}, {2}, {1}], [{8, 3}, {5, 7}, {6}, {1, 4}, {2}], [{8, 3}, {5, 7}, {6}, {2, 4}, {1}], [{8, 3}, {5, 7}, {6}, {4}, {1, 2}], [{8, 3}, {6, 7}, {1, 5}, {2, 4}], [{8, 3}, {6, 7}, {2, 5}, {1, 4}], [{8, 3}, {6, 7}, {2, 5}, {4}, {1}], [{8, 3}, {6, 7}, {4, 5}, {1, 2}], [{8, 3}, {7}, {1, 6}, {2, 5}, {4}], [{8, 3}, {7}, {4, 6}, {2, 5}, {1}], [{8, 3}, {7}, {6}, {2, 5}, {1, 4}], [{8, 4}, {1, 7}, {2, 6}, {3, 5}], [{8, 4}, {1, 7}, {3, 6}, {2, 5}], [{8, 4}, {1, 7}, {5, 6}, {2, 3}], [{8, 4}, {1, 7}, {6}, {2, 5}, {3}], [{8, 4}, {2, 7}, {1, 6}, {3, 5}], [{8, 4}, {2, 7}, {3, 6}, {1, 5}], [{8, 4}, {2, 7}, {5, 6}, {1, 3}], [{8, 4}, {3, 7}, {1, 6}, {2, 5}], [{8, 4}, {3, 7}, {2, 6}, {1, 5}], [{8, 4}, {3, 7}, {5, 6}, {1, 2}], [{8, 4}, {3, 7}, {6}, {2, 5}, {1}], [{8, 4}, {5, 7}, {1, 6}, {2, 3}], [{8, 4}, {5, 7}, {2, 6}, {1, 3}], [{8, 4}, {5, 7}, {3, 6}, {1, 2}], [{8, 4}, {5, 7}, {6}, {3}, {1, 2}], [{8, 4}, {6, 7}, {1, 5}, {2, 3}], [{8, 4}, {6, 7}, {1, 5}, {3}, {2}], [{8, 4}, {6, 7}, {2, 5}, {1, 3}], [{8, 4}, {6, 7}, {3, 5}, {1, 2}], [{8, 4}, {7}, {5, 6}, {2, 3}, {1}], [{8, 4}, {7}, {6}, {2, 5}, {1, 3}], [{8, 5}, {1, 7}, {2, 6}, {3, 4}], [{8, 5}, {1, 7}, {3, 6}, {2, 4}], [{8, 5}, {1, 7}, {3, 6}, {4}, {2}], [{8, 5}, {1, 7}, {4, 6}, {2, 3}], [{8, 5}, {1, 7}, {4, 6}, {3}, {2}], [{8, 5}, {1, 7}, {6}, {3, 4}, {2}], [{8, 5}, {2, 7}, {1, 6}, {3, 4}], [{8, 5}, {2, 7}, {3, 6}, {1, 4}], [{8, 5}, {2, 7}, {4, 6}, {1, 3}], [{8, 5}, {2, 7}, {6}, {3, 4}, {1}], [{8, 5}, {3, 7}, {1, 6}, {2, 4}], [{8, 5}, {3, 7}, {2, 6}, {1, 4}], [{8, 5}, {3, 7}, {4, 6}, {1, 2}], [{8, 5}, {4, 7}, {1, 6}, {2, 3}], [{8, 5}, {4, 7}, {2, 6}, {1, 3}], [{8, 5}, {4, 7}, {3, 6}, {1, 2}], [{8, 5}, {6, 7}, {1, 4}, {2, 3}], [{8, 5}, {6, 7}, {1, 4}, {3}, {2}], [{8, 5}, {6, 7}, {2, 4}, {1, 3}], [{8, 5}, {6, 7}, {2, 4}, {3}, {1}], [{8, 5}, {6, 7}, {3, 4}, {1, 2}], [{8, 5}, {6, 7}, {3, 4}, {2}, {1}], [{8, 5}, {6, 7}, {4}, {1, 3}, {2}], [{8, 5}, {6, 7}, {4}, {2, 3}, {1}], [{8, 5}, {6, 7}, {4}, {3}, {1, 2}], [{8, 5}, {7}, {1, 6}, {3, 4}, {2}], [{8, 5}, {7}, {2, 6}, {3, 4}, {1}], [{8, 5}, {7}, {6}, {1, 4}, {2, 3}], [{8, 5}, {7}, {6}, {2, 4}, {1, 3}], [{8, 5}, {7}, {6}, {3, 4}, {1, 2}], [{8, 5}, {7}, {6}, {3, 4}, {2}, {1}], [{8, 6}, {1, 7}, {2, 5}, {3, 4}], [{8, 6}, {1, 7}, {3, 5}, {2, 4}], [{8, 6}, {1, 7}, {4, 5}, {2, 3}], [{8, 6}, {1, 7}, {5}, {2, 4}, {3}], [{8, 6}, {2, 7}, {1, 5}, {3, 4}], [{8, 6}, {2, 7}, {3, 5}, {1, 4}], [{8, 6}, {2, 7}, {4, 5}, {1, 3}], [{8, 6}, {3, 7}, {1, 5}, {2, 4}], [{8, 6}, {3, 7}, {2, 5}, {1, 4}], [{8, 6}, {3, 7}, {4, 5}, {1, 2}], [{8, 6}, {3, 7}, {5}, {2, 4}, {1}], [{8, 6}, {4, 7}, {1, 5}, {2, 3}], [{8, 6}, {4, 7}, {2, 5}, {1, 3}], [{8, 6}, {4, 7}, {3, 5}, {1, 2}], [{8, 6}, {5, 7}, {1, 4}, {2, 3}], [{8, 6}, {5, 7}, {1, 4}, {3}, {2}], [{8, 6}, {5, 7}, {2, 4}, {1, 3}], [{8, 6}, {5, 7}, {2, 4}, {3}, {1}], [{8, 6}, {5, 7}, {3, 4}, {1, 2}], [{8, 6}, {5, 7}, {3, 4}, {2}, {1}], [{8, 6}, {5, 7}, {4}, {1, 3}, {2}], [{8, 6}, {5, 7}, {4}, {2, 3}, {1}], [{8, 6}, {5, 7}, {4}, {3}, {1, 2}], [{8, 6}, {7}, {1, 5}, {2, 4}, {3}], [{8, 6}, {7}, {3, 5}, {2, 4}, {1}], [{8, 6}, {7}, {5}, {1, 4}, {2, 3}], [{8, 6}, {7}, {5}, {2, 4}, {1, 3}], [{8, 6}, {7}, {5}, {2, 4}, {3}, {1}], [{8, 6}, {7}, {5}, {3, 4}, {1, 2}], [{8, 7}, {1, 6}, {2, 5}, {3, 4}], [{8, 7}, {1, 6}, {3, 5}, {2, 4}], [{8, 7}, {1, 6}, {3, 5}, {4}, {2}], [{8, 7}, {1, 6}, {4, 5}, {2, 3}], [{8, 7}, {2, 6}, {1, 5}, {3, 4}], [{8, 7}, {2, 6}, {3, 5}, {1, 4}], [{8, 7}, {2, 6}, {4, 5}, {1, 3}], [{8, 7}, {2, 6}, {5}, {4}, {1, 3}], [{8, 7}, {3, 6}, {1, 5}, {2, 4}], [{8, 7}, {3, 6}, {1, 5}, {4}, {2}], [{8, 7}, {3, 6}, {2, 5}, {1, 4}], [{8, 7}, {3, 6}, {4, 5}, {1, 2}], [{8, 7}, {4, 6}, {1, 5}, {2, 3}], [{8, 7}, {4, 6}, {2, 5}, {1, 3}], [{8, 7}, {4, 6}, {3, 5}, {1, 2}], [{8, 7}, {4, 6}, {5}, {1, 3}, {2}], [{8, 7}, {5, 6}, {1, 4}, {2, 3}], [{8, 7}, {5, 6}, {1, 4}, {3}, {2}], [{8, 7}, {5, 6}, {2, 4}, {1, 3}], [{8, 7}, {5, 6}, {2, 4}, {3}, {1}], [{8, 7}, {5, 6}, {3, 4}, {1, 2}], [{8, 7}, {5, 6}, {3, 4}, {2}, {1}], [{8, 7}, {5, 6}, {4}, {1, 3}, {2}], [{8, 7}, {5, 6}, {4}, {2, 3}, {1}], [{8, 7}, {5, 6}, {4}, {3}, {1, 2}], [{8, 7}, {5, 6}, {4}, {3}, {2}, {1}], [{8, 7}, {6}, {2, 5}, {4}, {1, 3}], [{8, 7}, {6}, {4, 5}, {1, 3}, {2}], [{8, 7}, {6}, {5}, {1, 4}, {2, 3}], [{8, 7}, {6}, {5}, {2, 4}, {1, 3}], [{8, 7}, {6}, {5}, {3, 4}, {1, 2}], [{8, 7}, {6}, {5}, {4}, {1, 3}, {2}], [{8}, {1, 7}, {2, 6}, {3, 5}, {4}], [{8}, {1, 7}, {4, 6}, {5}, {2, 3}], [{8}, {1, 7}, {5, 6}, {4}, {2, 3}], [{8}, {1, 7}, {6}, {2, 5}, {3, 4}], [{8}, {1, 7}, {6}, {4, 5}, {2, 3}], [{8}, {3, 7}, {1, 6}, {4, 5}, {2}], [{8}, {3, 7}, {2, 6}, {5}, {1, 4}], [{8}, {3, 7}, {4, 6}, {1, 5}, {2}], [{8}, {4, 7}, {2, 6}, {3, 5}, {1}], [{8}, {4, 7}, {5, 6}, {2, 3}, {1}], [{8}, {4, 7}, {6}, {2, 5}, {1, 3}], [{8}, {5, 7}, {1, 6}, {2, 4}, {3}], [{8}, {5, 7}, {2, 6}, {1, 4}, {3}], [{8}, {5, 7}, {3, 6}, {1, 4}, {2}], [{8}, {5, 7}, {3, 6}, {2, 4}, {1}], [{8}, {5, 7}, {3, 6}, {4}, {1, 2}], [{8}, {5, 7}, {4, 6}, {3}, {1, 2}], [{8}, {5, 7}, {6}, {1, 4}, {2, 3}], [{8}, {5, 7}, {6}, {1, 4}, {3}, {2}], [{8}, {5, 7}, {6}, {2, 4}, {1, 3}], [{8}, {5, 7}, {6}, {2, 4}, {3}, {1}], [{8}, {5, 7}, {6}, {3, 4}, {1, 2}], [{8}, {5, 7}, {6}, {4}, {3}, {1, 2}], [{8}, {6, 7}, {5}, {1, 4}, {2, 3}], [{8}, {6, 7}, {5}, {2, 4}, {1, 3}], [{8}, {6, 7}, {5}, {3, 4}, {1, 2}], [{8}, {7}, {2, 6}, {3, 5}, {1, 4}], [{8}, {7}, {5, 6}, {1, 4}, {2, 3}], [{8}, {7}, {5, 6}, {2, 4}, {1, 3}], [{8}, {7}, {5, 6}, {3, 4}, {1, 2}], [{8}, {7}, {5, 6}, {4}, {2, 3}, {1}]]",2,12 K_1^3 - 22 K_1^2 - 12 K_1 K_2 - 3 K_1 + 11 K_2 + 3 K_3 + 12,O1O2O3U1O4U5U3U4O6O7U2O8U6U8O5U7,O1O2O3U1O4U2U5U4O6U3O7O8U7O5U6U8,O1O2O3U4U5O6U7O4O7U1O5U8U6U2O8U3,c,{'O1O2O3U4O5U6U7O6U2O4O7U8U1U5O8U3'},1,"<a href=""/flatknot/8.1101634"">8.1101634</a>",t^9-74t^7-114t^6+774t^5+920t^4-2148t^3-1126t^2+1487t-192,-t^2+2t,,
8.1101635,O1O2O3U4O5U6U7O6U2O4O7U8U3U1O8U5,4,14z^2+99z+143,14w^3z^2+99w^2z+143w,False,False,"[[ 0  0  0  1 -1  2 -1  1 -2],[ 0  0  1  1 -2  1 -1  1 -1],[ 0 -1  0 -1  0  0  0  2 -1],[-1 -1  1  0 -2 -1 -2  1 -1],[ 1  2  0  2  0  3  0  0 -1],[-2 -1  0  1 -3  0 -3 -1 -2],[ 1  1  0  2  0  3  0  1 -1],[-1 -1 -2 -1  0  1 -1  0 -3],[ 2  1  1  1  1  2  1  3  0]]","[[ 0  2  1  1  0  0 -1 -1 -2],[-2  0  1 -1  0 -1 -3 -3 -2],[-1 -1  0  1  1 -1 -2 -2 -1],[-1  1 -1  0 -2 -1  0 -1 -3],[ 0  0 -1  2  0 -1  0  0 -1],[ 0  1  1  1  1  0 -2 -1 -1],[ 1  3  2  0  0  2  0  0 -1],[ 1  3  2  1  0  1  0  0 -1],[ 2  2  1  3  1  1  1  1  0]]",True,"[-2,-1,-1,0,0,1,1,2,-1,1,0,1,3,3,2,-1,-1,1,2,2,1,2,1,0,1,3,1,0,0,1,2,1,1,0,1,1]","[-2,-1,-1,0,0,1,1,2,-1,1,0,1,3,3,2,-1,-1,1,2,2,1,2,1,0,1,3,1,0,0,1,2,1,1,0,1,1]",t^8+62t^6+745t^4+287t^2,"[-2,-1,-1,0,0,1,1,2,0,0,1,1,0,2,2,0,-1,1,2,0,0,0,1,1,0,0,-1,0,0,1,-1,2,2,1,0,2]","[-2,-1,-1,0,0,1,1,2,0,2,1,2,0,0,2,-1,0,-1,1,2,0,0,2,0,0,2,1,0,-1,1,1,1,1,0,0,0]","[-2,-1,-1,0,0,1,1,2,1,1,1,1,1,3,2,0,0,1,2,1,3,0,2,2,0,3,-1,-1,2,0,1,1,1,1,-1,1]",c,"[[{8, 5}, {4, 7}, {3, 6}, {1, 2}]]",1,- 20 K_1^2 - 8 K_1 K_2 + 4 K_1 + 10 K_2 + 4 K_3 + 11,O1O2O3U4O5U3U1U5O6O7U2O8U6U8O4U7,O1O2O3U1O4U3U5U2O6U4O7O8U7O5U6U8,O1O2O3U4U5O6U7O4O7U8O5U2U6U1O8U3,c,{'O1O2O3U4O5U6U7O6U2O4O7U8U3U1O8U5'},1,"<a href=""/flatknot/8.1101635"">8.1101635</a>",t^9-62t^7-176t^6+263t^5+1094t^4+325t^3-820t^2-138t+300,0,,
8.1101636,O1O2O3U4O5U6U7O6U2O4O7U8U5U1O8U3,4,15z^2+92z+125,15w^3z^2+92w^2z+125w,False,False,"[[ 0  0  0  2 -1  1 -1  1 -2],[ 0  0  1  1 -1  0 -1  1 -1],[ 0 -1  0  0  0 -1  0  2 -1],[-2 -1  0  0 -2  0 -3  0 -3],[ 1  1  0  2  0  2  0  0  0],[-1  0  1  0 -2  0 -2  0 -1],[ 1  1  0  3  0  2  0  1 -1],[-1 -1 -2  0  0  0 -1  0 -3],[ 2  1  1  3  0  1  1  3  0]]","[[ 0  2  1  1  0  0 -1 -1 -2],[-2  0  0  0  0 -1 -2 -3 -3],[-1  0  0  0  1  0 -2 -2 -1],[-1  0  0  0 -2 -1  0 -1 -3],[ 0  0 -1  2  0 -1  0  0 -1],[ 0  1  0  1  1  0 -1 -1 -1],[ 1  2  2  0  0  1  0  0  0],[ 1  3  2  1  0  1  0  0 -1],[ 2  3  1  3  1  1  0  1  0]]",True,"[-2,-1,-1,0,0,1,1,2,0,0,0,1,2,3,3,0,-1,0,2,2,1,2,1,0,1,3,1,0,0,1,1,1,1,0,0,1]","[-2,-1,-1,0,0,1,1,2,0,0,0,1,2,3,3,0,-1,0,2,2,1,2,1,0,1,3,1,0,0,1,1,1,1,0,0,1]",t^8+54t^6+491t^4+69t^2,"[-2,-1,-1,0,0,1,1,2,0,1,1,1,0,2,1,0,0,1,1,0,0,0,1,2,0,1,-1,0,1,1,-1,2,2,0,1,1]","[-2,-1,-1,0,0,1,1,2,1,1,1,2,0,1,1,0,0,-1,1,2,0,1,2,0,0,2,1,0,0,1,1,1,1,0,0,1]","[-2,-1,-1,0,0,1,1,2,0,1,1,1,1,3,3,0,0,1,2,0,2,0,1,2,1,3,-1,-1,2,0,0,1,1,0,0,0]",c,"[[{8, 1}, {2, 7}, {3, 6}, {4, 5}], [{8, 1}, {2, 7}, {4, 6}, {3, 5}], [{8, 1}, {2, 7}, {5, 6}, {3, 4}], [{8, 1}, {3, 7}, {2, 6}, {4, 5}], [{8, 1}, {3, 7}, {4, 6}, {2, 5}], [{8, 1}, {3, 7}, {5, 6}, {2, 4}], [{8, 1}, {3, 7}, {6}, {4, 5}, {2}], [{8, 1}, {4, 7}, {2, 6}, {3, 5}], [{8, 1}, {4, 7}, {3, 6}, {2, 5}], [{8, 1}, {4, 7}, {5, 6}, {2, 3}], [{8, 1}, {5, 7}, {2, 6}, {3, 4}], [{8, 1}, {5, 7}, {3, 6}, {2, 4}], [{8, 1}, {5, 7}, {4, 6}, {2, 3}], [{8, 1}, {5, 7}, {6}, {4}, {2, 3}], [{8, 1}, {6, 7}, {2, 5}, {3, 4}], [{8, 1}, {6, 7}, {3, 5}, {2, 4}], [{8, 1}, {6, 7}, {4, 5}, {2, 3}], [{8, 1}, {6, 7}, {5}, {2, 4}, {3}], [{8, 1}, {6, 7}, {5}, {3, 4}, {2}], [{8, 1}, {6, 7}, {5}, {4}, {2, 3}], [{8, 1}, {7}, {5, 6}, {4}, {2, 3}], [{8, 2}, {1, 7}, {3, 6}, {4, 5}], [{8, 2}, {1, 7}, {4, 6}, {3, 5}], [{8, 2}, {1, 7}, {5, 6}, {3, 4}], [{8, 2}, {1, 7}, {5, 6}, {4}, {3}], [{8, 2}, {3, 7}, {1, 6}, {4, 5}], [{8, 2}, {3, 7}, {4, 6}, {1, 5}], [{8, 2}, {3, 7}, {5, 6}, {1, 4}], [{8, 2}, {4, 7}, {1, 6}, {3, 5}], [{8, 2}, {4, 7}, {3, 6}, {1, 5}], [{8, 2}, {4, 7}, {3, 6}, {5}, {1}], [{8, 2}, {4, 7}, {5, 6}, {1, 3}], [{8, 2}, {5, 7}, {1, 6}, {3, 4}], [{8, 2}, {5, 7}, {1, 6}, {4}, {3}], [{8, 2}, {5, 7}, {3, 6}, {1, 4}], [{8, 2}, {5, 7}, {4, 6}, {1, 3}], [{8, 2}, {6, 7}, {1, 5}, {3, 4}], [{8, 2}, {6, 7}, {3, 5}, {1, 4}], [{8, 2}, {6, 7}, {4, 5}, {1, 3}], [{8, 2}, {6, 7}, {5}, {1, 4}, {3}], [{8, 2}, {6, 7}, {5}, {3, 4}, {1}], [{8, 2}, {6, 7}, {5}, {4}, {1, 3}], [{8, 2}, {7}, {6}, {1, 5}, {3, 4}], [{8, 3}, {1, 7}, {2, 6}, {4, 5}], [{8, 3}, {1, 7}, {2, 6}, {5}, {4}], [{8, 3}, {1, 7}, {4, 6}, {2, 5}], [{8, 3}, {1, 7}, {5, 6}, {2, 4}], [{8, 3}, {1, 7}, {5, 6}, {4}, {2}], [{8, 3}, {1, 7}, {6}, {2, 5}, {4}], [{8, 3}, {2, 7}, {1, 6}, {4, 5}], [{8, 3}, {2, 7}, {1, 6}, {5}, {4}], [{8, 3}, {2, 7}, {4, 6}, {1, 5}], [{8, 3}, {2, 7}, {5, 6}, {1, 4}], [{8, 3}, {4, 7}, {1, 6}, {2, 5}], [{8, 3}, {4, 7}, {2, 6}, {1, 5}], [{8, 3}, {4, 7}, {2, 6}, {5}, {1}], [{8, 3}, {4, 7}, {5, 6}, {1, 2}], [{8, 3}, {4, 7}, {5, 6}, {2}, {1}], [{8, 3}, {4, 7}, {6}, {2, 5}, {1}], [{8, 3}, {5, 7}, {1, 6}, {2, 4}], [{8, 3}, {5, 7}, {1, 6}, {4}, {2}], [{8, 3}, {5, 7}, {2, 6}, {1, 4}], [{8, 3}, {5, 7}, {4, 6}, {1, 2}], [{8, 3}, {6, 7}, {1, 5}, {2, 4}], [{8, 3}, {6, 7}, {2, 5}, {1, 4}], [{8, 3}, {6, 7}, {2, 5}, {4}, {1}], [{8, 3}, {6, 7}, {4, 5}, {1, 2}], [{8, 3}, {6, 7}, {4, 5}, {2}, {1}], [{8, 3}, {6, 7}, {5}, {2, 4}, {1}], [{8, 3}, {7}, {1, 6}, {2, 5}, {4}], [{8, 3}, {7}, {2, 6}, {5}, {1, 4}], [{8, 3}, {7}, {4, 6}, {2, 5}, {1}], [{8, 3}, {7}, {5, 6}, {1, 4}, {2}], [{8, 3}, {7}, {6}, {2, 5}, {1, 4}], [{8, 3}, {7}, {6}, {2, 5}, {4}, {1}], [{8, 4}, {1, 7}, {2, 6}, {3, 5}], [{8, 4}, {1, 7}, {3, 6}, {2, 5}], [{8, 4}, {1, 7}, {5, 6}, {2, 3}], [{8, 4}, {1, 7}, {5, 6}, {3}, {2}], [{8, 4}, {2, 7}, {1, 6}, {3, 5}], [{8, 4}, {2, 7}, {3, 6}, {1, 5}], [{8, 4}, {2, 7}, {5, 6}, {1, 3}], [{8, 4}, {2, 7}, {6}, {5}, {1, 3}], [{8, 4}, {3, 7}, {1, 6}, {2, 5}], [{8, 4}, {3, 7}, {2, 6}, {1, 5}], [{8, 4}, {3, 7}, {5, 6}, {1, 2}], [{8, 4}, {5, 7}, {1, 6}, {2, 3}], [{8, 4}, {5, 7}, {2, 6}, {1, 3}], [{8, 4}, {5, 7}, {3, 6}, {1, 2}], [{8, 4}, {6, 7}, {1, 5}, {2, 3}], [{8, 4}, {6, 7}, {2, 5}, {1, 3}], [{8, 4}, {6, 7}, {3, 5}, {1, 2}], [{8, 4}, {6, 7}, {5}, {1, 3}, {2}], [{8, 4}, {7}, {1, 6}, {5}, {2, 3}], [{8, 4}, {7}, {2, 6}, {5}, {1, 3}], [{8, 5}, {1, 7}, {2, 6}, {3, 4}], [{8, 5}, {1, 7}, {3, 6}, {2, 4}], [{8, 5}, {1, 7}, {4, 6}, {2, 3}], [{8, 5}, {2, 7}, {1, 6}, {3, 4}], [{8, 5}, {2, 7}, {3, 6}, {1, 4}], [{8, 5}, {2, 7}, {4, 6}, {1, 3}], [{8, 5}, {2, 7}, {6}, {3, 4}, {1}], [{8, 5}, {3, 7}, {1, 6}, {2, 4}], [{8, 5}, {3, 7}, {2, 6}, {1, 4}], [{8, 5}, {3, 7}, {4, 6}, {1, 2}], [{8, 5}, {3, 7}, {6}, {2, 4}, {1}], [{8, 5}, {4, 7}, {1, 6}, {2, 3}], [{8, 5}, {4, 7}, {2, 6}, {1, 3}], [{8, 5}, {4, 7}, {3, 6}, {1, 2}], [{8, 5}, {4, 7}, {6}, {2, 3}, {1}], [{8, 5}, {6, 7}, {1, 4}, {2, 3}], [{8, 5}, {6, 7}, {2, 4}, {1, 3}], [{8, 5}, {6, 7}, {3, 4}, {1, 2}], [{8, 5}, {6, 7}, {4}, {2, 3}, {1}], [{8, 5}, {7}, {1, 6}, {3, 4}, {2}], [{8, 5}, {7}, {3, 6}, {1, 4}, {2}], [{8, 5}, {7}, {4, 6}, {2, 3}, {1}], [{8, 6}, {1, 7}, {2, 5}, {3, 4}], [{8, 6}, {1, 7}, {3, 5}, {2, 4}], [{8, 6}, {1, 7}, {4, 5}, {2, 3}], [{8, 6}, {2, 7}, {1, 5}, {3, 4}], [{8, 6}, {2, 7}, {3, 5}, {1, 4}], [{8, 6}, {2, 7}, {4, 5}, {1, 3}], [{8, 6}, {2, 7}, {5}, {3, 4}, {1}], [{8, 6}, {3, 7}, {1, 5}, {2, 4}], [{8, 6}, {3, 7}, {2, 5}, {1, 4}], [{8, 6}, {3, 7}, {2, 5}, {4}, {1}], [{8, 6}, {3, 7}, {4, 5}, {1, 2}], [{8, 6}, {3, 7}, {4, 5}, {2}, {1}], [{8, 6}, {3, 7}, {5}, {2, 4}, {1}], [{8, 6}, {4, 7}, {1, 5}, {2, 3}], [{8, 6}, {4, 7}, {2, 5}, {1, 3}], [{8, 6}, {4, 7}, {3, 5}, {1, 2}], [{8, 6}, {5, 7}, {1, 4}, {2, 3}], [{8, 6}, {5, 7}, {2, 4}, {1, 3}], [{8, 6}, {5, 7}, {3, 4}, {1, 2}], [{8, 6}, {5, 7}, {4}, {2, 3}, {1}], [{8, 7}, {1, 6}, {2, 5}, {3, 4}], [{8, 7}, {1, 6}, {3, 5}, {2, 4}], [{8, 7}, {1, 6}, {3, 5}, {4}, {2}], [{8, 7}, {1, 6}, {4, 5}, {2, 3}], [{8, 7}, {2, 6}, {1, 5}, {3, 4}], [{8, 7}, {2, 6}, {3, 5}, {1, 4}], [{8, 7}, {2, 6}, {4, 5}, {1, 3}], [{8, 7}, {2, 6}, {5}, {3, 4}, {1}], [{8, 7}, {3, 6}, {1, 5}, {2, 4}], [{8, 7}, {3, 6}, {2, 5}, {1, 4}], [{8, 7}, {3, 6}, {2, 5}, {4}, {1}], [{8, 7}, {3, 6}, {4, 5}, {1, 2}], [{8, 7}, {3, 6}, {4, 5}, {2}, {1}], [{8, 7}, {3, 6}, {5}, {2, 4}, {1}], [{8, 7}, {4, 6}, {1, 5}, {2, 3}], [{8, 7}, {4, 6}, {2, 5}, {1, 3}], [{8, 7}, {4, 6}, {3, 5}, {1, 2}], [{8, 7}, {4, 6}, {5}, {1, 3}, {2}], [{8, 7}, {5, 6}, {1, 4}, {2, 3}], [{8, 7}, {5, 6}, {2, 4}, {1, 3}], [{8, 7}, {5, 6}, {3, 4}, {1, 2}], [{8, 7}, {5, 6}, {4}, {2, 3}, {1}], [{8, 7}, {6}, {1, 5}, {2, 4}, {3}], [{8, 7}, {6}, {5}, {1, 4}, {2, 3}], [{8}, {1, 7}, {5, 6}, {2, 4}, {3}], [{8}, {1, 7}, {5, 6}, {3, 4}, {2}], [{8}, {1, 7}, {5, 6}, {4}, {2, 3}], [{8}, {1, 7}, {5, 6}, {4}, {3}, {2}], [{8}, {2, 7}, {5, 6}, {3, 4}, {1}], [{8}, {3, 7}, {1, 6}, {4, 5}, {2}], [{8}, {3, 7}, {4, 6}, {1, 5}, {2}], [{8}, {3, 7}, {5, 6}, {2, 4}, {1}], [{8}, {5, 7}, {1, 6}, {4}, {2, 3}], [{8}, {5, 7}, {3, 6}, {4}, {1, 2}], [{8}, {5, 7}, {4, 6}, {3}, {1, 2}], [{8}, {5, 7}, {6}, {2, 4}, {1, 3}], [{8}, {5, 7}, {6}, {3, 4}, {1, 2}], [{8}, {6, 7}, {1, 5}, {4}, {2, 3}], [{8}, {6, 7}, {5}, {2, 4}, {1, 3}], [{8}, {6, 7}, {5}, {3, 4}, {1, 2}], [{8}, {7}, {5, 6}, {2, 4}, {1, 3}], [{8}, {7}, {5, 6}, {3, 4}, {1, 2}]]",2,8 K_1^3 - 24 K_1^2 - 12 K_1 K_2 + 12 K_2 + 4 K_3 + 13,O1O2O3U1O4U3U5U4O6O7U2O8U6U8O5U7,O1O2O3U1O4U3U5U4O6U2O7O8U7O5U6U8,O1O2O3U4U5O6U7O4O7U2O5U8U6U1O8U3,c,{'O1O2O3U4O5U6U7O6U2O4O7U8U5U1O8U3'},1,"<a href=""/flatknot/8.1101636"">8.1101636</a>",t^9-54t^7-78t^6+387t^5+588t^4-514t^3-554t^2+149t-24,0,,
8.1101637,O1O2O3U4O5U6U7O6U8O4O7U1U5U2O8U3,4,16z^2+99z+135,16w^3z^2-2w^3z+101w^2z+135w,False,False,"[[ 0 -2  1  2 -1  1 -1  1 -1],[ 2  0  2  2  1  0  1  4  2],[-1 -2  0  0 -1 -1 -2  1  0],[-2 -2  0  0 -3  0 -3 -1 -1],[ 1 -1  1  3  0  2  0  0 -1],[-1  0  1  0 -2  0 -2  0  0],[ 1 -1  2  3  0  2  0  1 -1],[-1 -4 -1  1  0  0 -1  0 -3],[ 1 -2  0  1  1  0  1  3  0]]","[[ 0  2  1  1  1 -1 -1 -1 -2],[-2  0  0  0 -1 -1 -3 -3 -2],[-1  0  0  1  0  0 -2 -2  0],[-1  0 -1  0  1  0 -1 -2 -2],[-1  1  0 -1  0 -3  0 -1 -4],[ 1  1  0  0  3  0  1  1 -2],[ 1  3  2  1  0 -1  0  0 -1],[ 1  3  2  2  1 -1  0  0 -1],[ 2  2  0  2  4  2  1  1  0]]",True,"[-2,-1,-1,-1,1,1,1,2,0,0,1,1,3,3,2,-1,0,0,2,2,0,-1,0,1,2,2,3,0,1,4,-1,-1,2,0,1,1]","[-2,-1,-1,-1,1,1,1,2,-1,0,0,-1,1,3,2,-1,-1,-1,2,2,2,0,1,0,0,0,2,1,0,0,1,0,0,1,1,1]",t^8+77t^6+1162t^4+677t^2+25,"[-2,-1,-1,-1,1,1,1,2,-1,0,0,-1,1,3,2,-1,-1,-1,2,2,2,0,1,0,0,0,2,1,0,0,1,0,0,1,1,1]","[-2,-1,-1,-1,1,1,1,2,0,1,1,0,0,2,2,-1,0,1,2,-1,-1,-1,0,1,2,1,0,0,2,3,0,-1,0,-1,0,-1]","[-2,-1,-1,-1,1,1,1,2,1,1,2,0,2,4,2,0,-1,2,1,0,3,-1,2,2,1,3,0,0,3,1,1,0,0,1,0,1]",c,"[[{8, 1}, {2, 7}, {3, 6}, {4, 5}], [{8, 1}, {2, 7}, {4, 6}, {3, 5}], [{8, 1}, {2, 7}, {5, 6}, {3, 4}], [{8, 1}, {3, 7}, {2, 6}, {4, 5}], [{8, 1}, {3, 7}, {4, 6}, {2, 5}], [{8, 1}, {3, 7}, {5, 6}, {2, 4}], [{8, 1}, {4, 7}, {2, 6}, {3, 5}], [{8, 1}, {4, 7}, {2, 6}, {5}, {3}], [{8, 1}, {4, 7}, {3, 6}, {2, 5}], [{8, 1}, {4, 7}, {3, 6}, {5}, {2}], [{8, 1}, {4, 7}, {5, 6}, {2, 3}], [{8, 1}, {4, 7}, {5, 6}, {3}, {2}], [{8, 1}, {4, 7}, {6}, {2, 5}, {3}], [{8, 1}, {4, 7}, {6}, {3, 5}, {2}], [{8, 1}, {4, 7}, {6}, {5}, {2, 3}], [{8, 1}, {4, 7}, {6}, {5}, {3}, {2}], [{8, 1}, {5, 7}, {2, 6}, {3, 4}], [{8, 1}, {5, 7}, {3, 6}, {2, 4}], [{8, 1}, {5, 7}, {4, 6}, {2, 3}], [{8, 1}, {5, 7}, {4, 6}, {3}, {2}], [{8, 1}, {6, 7}, {2, 5}, {3, 4}], [{8, 1}, {6, 7}, {3, 5}, {2, 4}], [{8, 1}, {6, 7}, {4, 5}, {2, 3}], [{8, 1}, {6, 7}, {4, 5}, {3}, {2}], [{8, 2}, {1, 7}, {3, 6}, {4, 5}], [{8, 2}, {1, 7}, {4, 6}, {3, 5}], [{8, 2}, {1, 7}, {5, 6}, {3, 4}], [{8, 2}, {1, 7}, {6}, {4, 5}, {3}], [{8, 2}, {3, 7}, {1, 6}, {4, 5}], [{8, 2}, {3, 7}, {4, 6}, {1, 5}], [{8, 2}, {3, 7}, {4, 6}, {5}, {1}], [{8, 2}, {3, 7}, {5, 6}, {1, 4}], [{8, 2}, {4, 7}, {1, 6}, {3, 5}], [{8, 2}, {4, 7}, {3, 6}, {1, 5}], [{8, 2}, {4, 7}, {5, 6}, {1, 3}], [{8, 2}, {5, 7}, {1, 6}, {3, 4}], [{8, 2}, {5, 7}, {3, 6}, {1, 4}], [{8, 2}, {5, 7}, {4, 6}, {1, 3}], [{8, 2}, {6, 7}, {1, 5}, {3, 4}], [{8, 2}, {6, 7}, {3, 5}, {1, 4}], [{8, 2}, {6, 7}, {4, 5}, {1, 3}], [{8, 3}, {1, 7}, {2, 6}, {4, 5}], [{8, 3}, {1, 7}, {4, 6}, {2, 5}], [{8, 3}, {1, 7}, {5, 6}, {2, 4}], [{8, 3}, {1, 7}, {6}, {2, 5}, {4}], [{8, 3}, {1, 7}, {6}, {4, 5}, {2}], [{8, 3}, {1, 7}, {6}, {5}, {2, 4}], [{8, 3}, {2, 7}, {1, 6}, {4, 5}], [{8, 3}, {2, 7}, {4, 6}, {1, 5}], [{8, 3}, {2, 7}, {5, 6}, {1, 4}], [{8, 3}, {4, 7}, {1, 6}, {2, 5}], [{8, 3}, {4, 7}, {2, 6}, {1, 5}], [{8, 3}, {4, 7}, {5, 6}, {1, 2}], [{8, 3}, {5, 7}, {1, 6}, {2, 4}], [{8, 3}, {5, 7}, {2, 6}, {1, 4}], [{8, 3}, {5, 7}, {4, 6}, {1, 2}], [{8, 3}, {6, 7}, {1, 5}, {2, 4}], [{8, 3}, {6, 7}, {2, 5}, {1, 4}], [{8, 3}, {6, 7}, {4, 5}, {1, 2}], [{8, 3}, {7}, {2, 6}, {5}, {1, 4}], [{8, 4}, {1, 7}, {2, 6}, {3, 5}], [{8, 4}, {1, 7}, {3, 6}, {2, 5}], [{8, 4}, {1, 7}, {5, 6}, {2, 3}], [{8, 4}, {1, 7}, {5, 6}, {3}, {2}], [{8, 4}, {2, 7}, {1, 6}, {3, 5}], [{8, 4}, {2, 7}, {3, 6}, {1, 5}], [{8, 4}, {2, 7}, {5, 6}, {1, 3}], [{8, 4}, {3, 7}, {1, 6}, {2, 5}], [{8, 4}, {3, 7}, {2, 6}, {1, 5}], [{8, 4}, {3, 7}, {5, 6}, {1, 2}], [{8, 4}, {5, 7}, {1, 6}, {2, 3}], [{8, 4}, {5, 7}, {1, 6}, {3}, {2}], [{8, 4}, {5, 7}, {2, 6}, {1, 3}], [{8, 4}, {5, 7}, {3, 6}, {1, 2}], [{8, 4}, {6, 7}, {1, 5}, {2, 3}], [{8, 4}, {6, 7}, {1, 5}, {3}, {2}], [{8, 4}, {6, 7}, {2, 5}, {1, 3}], [{8, 4}, {6, 7}, {2, 5}, {3}, {1}], [{8, 4}, {6, 7}, {3, 5}, {1, 2}], [{8, 4}, {6, 7}, {3, 5}, {2}, {1}], [{8, 4}, {6, 7}, {5}, {1, 3}, {2}], [{8, 4}, {6, 7}, {5}, {2, 3}, {1}], [{8, 4}, {6, 7}, {5}, {3}, {1, 2}], [{8, 4}, {6, 7}, {5}, {3}, {2}, {1}], [{8, 5}, {1, 7}, {2, 6}, {3, 4}], [{8, 5}, {1, 7}, {3, 6}, {2, 4}], [{8, 5}, {1, 7}, {4, 6}, {2, 3}], [{8, 5}, {1, 7}, {4, 6}, {3}, {2}], [{8, 5}, {2, 7}, {1, 6}, {3, 4}], [{8, 5}, {2, 7}, {3, 6}, {1, 4}], [{8, 5}, {2, 7}, {4, 6}, {1, 3}], [{8, 5}, {2, 7}, {4, 6}, {3}, {1}], [{8, 5}, {3, 7}, {1, 6}, {2, 4}], [{8, 5}, {3, 7}, {2, 6}, {1, 4}], [{8, 5}, {3, 7}, {4, 6}, {1, 2}], [{8, 5}, {3, 7}, {4, 6}, {2}, {1}], [{8, 5}, {4, 7}, {1, 6}, {2, 3}], [{8, 5}, {4, 7}, {1, 6}, {3}, {2}], [{8, 5}, {4, 7}, {2, 6}, {1, 3}], [{8, 5}, {4, 7}, {3, 6}, {1, 2}], [{8, 5}, {6, 7}, {1, 4}, {2, 3}], [{8, 5}, {6, 7}, {1, 4}, {3}, {2}], [{8, 5}, {6, 7}, {2, 4}, {1, 3}], [{8, 5}, {6, 7}, {3, 4}, {1, 2}], [{8, 5}, {7}, {4, 6}, {1, 3}, {2}], [{8, 5}, {7}, {4, 6}, {2, 3}, {1}], [{8, 5}, {7}, {4, 6}, {3}, {1, 2}], [{8, 5}, {7}, {4, 6}, {3}, {2}, {1}], [{8, 6}, {1, 7}, {2, 5}, {3, 4}], [{8, 6}, {1, 7}, {2, 5}, {4}, {3}], [{8, 6}, {1, 7}, {3, 5}, {2, 4}], [{8, 6}, {1, 7}, {3, 5}, {4}, {2}], [{8, 6}, {1, 7}, {4, 5}, {2, 3}], [{8, 6}, {1, 7}, {4, 5}, {3}, {2}], [{8, 6}, {1, 7}, {5}, {2, 4}, {3}], [{8, 6}, {1, 7}, {5}, {3, 4}, {2}], [{8, 6}, {1, 7}, {5}, {4}, {2, 3}], [{8, 6}, {1, 7}, {5}, {4}, {3}, {2}], [{8, 6}, {2, 7}, {1, 5}, {3, 4}], [{8, 6}, {2, 7}, {3, 5}, {1, 4}], [{8, 6}, {2, 7}, {4, 5}, {1, 3}], [{8, 6}, {3, 7}, {1, 5}, {2, 4}], [{8, 6}, {3, 7}, {2, 5}, {1, 4}], [{8, 6}, {3, 7}, {4, 5}, {1, 2}], [{8, 6}, {4, 7}, {1, 5}, {2, 3}], [{8, 6}, {4, 7}, {1, 5}, {3}, {2}], [{8, 6}, {4, 7}, {2, 5}, {1, 3}], [{8, 6}, {4, 7}, {3, 5}, {1, 2}], [{8, 6}, {5, 7}, {1, 4}, {2, 3}], [{8, 6}, {5, 7}, {1, 4}, {3}, {2}], [{8, 6}, {5, 7}, {2, 4}, {1, 3}], [{8, 6}, {5, 7}, {3, 4}, {1, 2}], [{8, 6}, {7}, {2, 5}, {3, 4}, {1}], [{8, 7}, {1, 6}, {2, 5}, {3, 4}], [{8, 7}, {1, 6}, {3, 5}, {2, 4}], [{8, 7}, {1, 6}, {4, 5}, {2, 3}], [{8, 7}, {1, 6}, {4, 5}, {3}, {2}], [{8, 7}, {2, 6}, {1, 5}, {3, 4}], [{8, 7}, {2, 6}, {3, 5}, {1, 4}], [{8, 7}, {2, 6}, {4, 5}, {1, 3}], [{8, 7}, {3, 6}, {1, 5}, {2, 4}], [{8, 7}, {3, 6}, {2, 5}, {1, 4}], [{8, 7}, {3, 6}, {4, 5}, {1, 2}], [{8, 7}, {4, 6}, {1, 5}, {2, 3}], [{8, 7}, {4, 6}, {1, 5}, {3}, {2}], [{8, 7}, {4, 6}, {2, 5}, {1, 3}], [{8, 7}, {4, 6}, {3, 5}, {1, 2}], [{8, 7}, {5, 6}, {1, 4}, {2, 3}], [{8, 7}, {5, 6}, {1, 4}, {3}, {2}], [{8, 7}, {5, 6}, {2, 4}, {1, 3}], [{8, 7}, {5, 6}, {3, 4}, {1, 2}], [{8}, {1, 7}, {2, 6}, {4, 5}, {3}], [{8}, {1, 7}, {3, 6}, {2, 5}, {4}], [{8}, {1, 7}, {3, 6}, {4, 5}, {2}], [{8}, {1, 7}, {3, 6}, {5}, {2, 4}], [{8}, {1, 7}, {6}, {4, 5}, {2, 3}], [{8}, {1, 7}, {6}, {4, 5}, {3}, {2}], [{8}, {2, 7}, {3, 6}, {1, 5}, {4}], [{8}, {3, 7}, {4, 6}, {2, 5}, {1}], [{8}, {4, 7}, {3, 6}, {2, 5}, {1}], [{8}, {5, 7}, {3, 6}, {4}, {1, 2}], [{8}, {7}, {3, 6}, {2, 5}, {1, 4}], [{8}, {7}, {5, 6}, {3, 4}, {1, 2}]]",2,- 20 K_1^2 - 12 K_1 K_2 + 6 K_1 + 10 K_2 + 6 K_3 + 11,O1O2O3U1O4U2U5U3O6O7U4O8U6U8O5U7,O1O2O3U4O5U1U3U5O6U2O7O8U7O4U6U8,O1O2O3U4U5O6U7O4O7U2O5U8U1U3O8U6,c,{'O1O2O3U4O5U6U7O6U8O4O7U1U5U2O8U3'},1,"<a href=""/flatknot/8.1101637"">8.1101637</a>",t^9-77t^7-198t^6+692t^5+1896t^4-381t^3-1554t^2-544t-40,0,,
8.1101638,O1O2O3U4O5U6U7O6U8O4O7U1U5U3O8U2,4,14z^2+95z+135,14w^3z^2-4w^3z+99w^2z+135w,False,False,"[[ 0 -2  1  2 -1  1 -1  1 -1],[ 2  0  2  2  1  0  1  4  2],[-1 -2  0  1 -2  0 -2  0 -1],[-2 -2 -1  0 -2 -1 -3  0 -1],[ 1 -1  2  2  0  2  0  0 -1],[-1  0  0  1 -2  0 -2  0  0],[ 1 -1  2  3  0  2  0  1 -1],[-1 -4  0  0  0  0 -1  0 -3],[ 1 -2  1  1  1  0  1  3  0]]","[[ 0  2  1  1  1 -1 -1 -1 -2],[-2  0  0 -1 -1 -1 -2 -3 -2],[-1  0  0  0  0 -3  0 -1 -4],[-1  1  0  0  0  0 -2 -2  0],[-1  1  0  0  0 -1 -2 -2 -2],[ 1  1  3  0  1  0  1  1 -2],[ 1  2  0  2  2 -1  0  0 -1],[ 1  3  1  2  2 -1  0  0 -1],[ 2  2  4  0  2  2  1  1  0]]",True,"[-2,-1,-1,-1,1,1,1,2,0,1,1,1,2,3,2,0,0,3,0,1,4,0,0,2,2,0,1,2,2,2,-1,-1,2,0,1,1]","[-2,-1,-1,-1,1,1,1,2,-1,0,0,-1,1,3,2,-1,-1,-1,1,2,2,0,1,0,0,0,2,0,0,1,0,0,1,0,0,0]",t^8+75t^6+999t^4+309t^2+9,"[-2,-1,-1,-1,1,1,1,2,-1,0,0,-1,1,3,2,-1,-1,-1,1,2,2,0,1,0,0,0,2,0,0,1,0,0,1,0,0,0]","[-2,-1,-1,-1,1,1,1,2,0,0,1,0,1,2,2,0,0,0,0,1,1,0,0,0,2,3,1,2,-1,-1,0,-1,0,-1,0,-1]","[-2,-1,-1,-1,1,1,1,2,1,1,2,0,2,4,2,0,-1,2,2,0,2,-1,2,2,1,3,0,1,3,1,0,0,1,0,1,0]",c,"[[{8, 5}, {6, 7}, {2, 4}, {1, 3}]]",1,8 K_1^3 - 28 K_1^2 - 12 K_1 K_2 + 14 K_2 + 4 K_3 + 15,O1O2O3U2O4U1U5U3O6O7U4O8U6U8O5U7,O1O2O3U4O5U1U5U3O6U2O7O8U7O4U6U8,O1O2O3U4U5O6U7O4O7U2O5U1U8U3O8U6,c,{'O1O2O3U4O5U6U7O6U8O4O7U1U5U3O8U2'},1,"<a href=""/flatknot/8.1101638"">8.1101638</a>",t^9-75t^7-202t^6+633t^5+2432t^4+1907t^3-58t^2-141t+6,0,,
8.1101639,O1O2O3U4O5U6U7O6U8O4O7U2U5U1O8U3,4,16z^2+93z+123,16w^3z^2+93w^2z+123w,False,False,"[[ 0  0 -1  2 -1  1 -1  1 -1],[ 0  0 -1  1  0  0 -1  2  0],[ 1  1  0  1  0  0  0  3  2],[-2 -1 -1  0 -3  0 -3 -1 -1],[ 1  0  0  3  0  2  0  0 -1],[-1  0  0  0 -2  0 -2  0  0],[ 1  1  0  3  0  2  0  1 -1],[-1 -2 -3  1  0  0 -1  0 -3],[ 1  0 -2  1  1  0  1  3  0]]","[[ 0  2  1  1  0 -1 -1 -1 -1],[-2  0  0 -1 -1 -1 -1 -3 -3],[-1  0  0  0  0  0  0 -2 -2],[-1  1  0  0 -2 -3 -3  0 -1],[ 0  1  0  2  0  0 -1  0 -1],[ 1  1  0  3  0  0 -2  1  1],[ 1  1  0  3  1  2  0  0  0],[ 1  3  2  0  0 -1  0  0  0],[ 1  3  2  1  1 -1  0  0  0]]",True,"[-2,-1,-1,0,1,1,1,1,0,1,1,1,1,3,3,0,0,0,0,2,2,2,3,3,0,1,0,1,0,1,2,-1,-1,0,0,0]","[-2,-1,-1,0,1,1,1,1,0,1,1,0,0,2,2,0,-1,1,2,-1,-1,1,0,0,2,2,0,1,0,1,0,0,-1,0,-1,2]",t^8+61t^6+806t^4+400t^2+4,"[-1,-1,-1,-1,0,1,1,2,-2,0,0,0,-1,2,2,-1,-1,1,-1,2,2,0,0,1,0,0,1,2,0,0,-1,1,1,0,0,1]","[-2,-1,-1,0,1,1,1,1,0,1,1,0,0,2,2,0,-1,1,2,-1,-1,1,0,0,2,2,0,1,0,1,0,0,-1,0,-1,2]","[-1,-1,-1,-1,0,1,1,2,-2,1,1,0,0,3,1,0,0,1,0,3,1,0,0,2,0,3,1,2,1,3,0,2,1,0,0,1]",c,"[[{8, 1}, {2, 7}, {3, 6}, {4, 5}], [{8, 1}, {2, 7}, {4, 6}, {3, 5}], [{8, 1}, {2, 7}, {4, 6}, {5}, {3}], [{8, 1}, {2, 7}, {5, 6}, {3, 4}], [{8, 1}, {3, 7}, {2, 6}, {4, 5}], [{8, 1}, {3, 7}, {4, 6}, {2, 5}], [{8, 1}, {3, 7}, {5, 6}, {2, 4}], [{8, 1}, {4, 7}, {2, 6}, {3, 5}], [{8, 1}, {4, 7}, {2, 6}, {5}, {3}], [{8, 1}, {4, 7}, {3, 6}, {2, 5}], [{8, 1}, {4, 7}, {5, 6}, {2, 3}], [{8, 1}, {5, 7}, {2, 6}, {3, 4}], [{8, 1}, {5, 7}, {3, 6}, {2, 4}], [{8, 1}, {5, 7}, {4, 6}, {2, 3}], [{8, 1}, {5, 7}, {4, 6}, {3}, {2}], [{8, 1}, {6, 7}, {2, 5}, {3, 4}], [{8, 1}, {6, 7}, {3, 5}, {2, 4}], [{8, 1}, {6, 7}, {4, 5}, {2, 3}], [{8, 1}, {6, 7}, {5}, {4}, {2, 3}], [{8, 1}, {7}, {4, 6}, {2, 5}, {3}], [{8, 1}, {7}, {5, 6}, {3, 4}, {2}], [{8, 2}, {1, 7}, {3, 6}, {4, 5}], [{8, 2}, {1, 7}, {4, 6}, {3, 5}], [{8, 2}, {1, 7}, {5, 6}, {3, 4}], [{8, 2}, {3, 7}, {1, 6}, {4, 5}], [{8, 2}, {3, 7}, {4, 6}, {1, 5}], [{8, 2}, {3, 7}, {5, 6}, {1, 4}], [{8, 2}, {4, 7}, {1, 6}, {3, 5}], [{8, 2}, {4, 7}, {3, 6}, {1, 5}], [{8, 2}, {4, 7}, {5, 6}, {1, 3}], [{8, 2}, {4, 7}, {6}, {1, 5}, {3}], [{8, 2}, {5, 7}, {1, 6}, {3, 4}], [{8, 2}, {5, 7}, {3, 6}, {1, 4}], [{8, 2}, {5, 7}, {4, 6}, {1, 3}], [{8, 2}, {6, 7}, {1, 5}, {3, 4}], [{8, 2}, {6, 7}, {3, 5}, {1, 4}], [{8, 2}, {6, 7}, {4, 5}, {1, 3}], [{8, 2}, {6, 7}, {5}, {4}, {1, 3}], [{8, 2}, {7}, {5, 6}, {3, 4}, {1}], [{8, 3}, {1, 7}, {2, 6}, {4, 5}], [{8, 3}, {1, 7}, {4, 6}, {2, 5}], [{8, 3}, {1, 7}, {5, 6}, {2, 4}], [{8, 3}, {1, 7}, {6}, {4, 5}, {2}], [{8, 3}, {2, 7}, {1, 6}, {4, 5}], [{8, 3}, {2, 7}, {1, 6}, {5}, {4}], [{8, 3}, {2, 7}, {4, 6}, {1, 5}], [{8, 3}, {2, 7}, {4, 6}, {5}, {1}], [{8, 3}, {2, 7}, {5, 6}, {1, 4}], [{8, 3}, {2, 7}, {5, 6}, {4}, {1}], [{8, 3}, {2, 7}, {6}, {1, 5}, {4}], [{8, 3}, {2, 7}, {6}, {4, 5}, {1}], [{8, 3}, {2, 7}, {6}, {5}, {1, 4}], [{8, 3}, {2, 7}, {6}, {5}, {4}, {1}], [{8, 3}, {4, 7}, {1, 6}, {2, 5}], [{8, 3}, {4, 7}, {2, 6}, {1, 5}], [{8, 3}, {4, 7}, {5, 6}, {1, 2}], [{8, 3}, {5, 7}, {1, 6}, {2, 4}], [{8, 3}, {5, 7}, {2, 6}, {1, 4}], [{8, 3}, {5, 7}, {2, 6}, {4}, {1}], [{8, 3}, {5, 7}, {4, 6}, {1, 2}], [{8, 3}, {6, 7}, {1, 5}, {2, 4}], [{8, 3}, {6, 7}, {2, 5}, {1, 4}], [{8, 3}, {6, 7}, {2, 5}, {4}, {1}], [{8, 3}, {6, 7}, {4, 5}, {1, 2}], [{8, 3}, {7}, {6}, {4, 5}, {1, 2}], [{8, 4}, {1, 7}, {2, 6}, {3, 5}], [{8, 4}, {1, 7}, {3, 6}, {2, 5}], [{8, 4}, {1, 7}, {5, 6}, {2, 3}], [{8, 4}, {2, 7}, {1, 6}, {3, 5}], [{8, 4}, {2, 7}, {3, 6}, {1, 5}], [{8, 4}, {2, 7}, {5, 6}, {1, 3}], [{8, 4}, {2, 7}, {5, 6}, {3}, {1}], [{8, 4}, {3, 7}, {1, 6}, {2, 5}], [{8, 4}, {3, 7}, {2, 6}, {1, 5}], [{8, 4}, {3, 7}, {5, 6}, {1, 2}], [{8, 4}, {5, 7}, {1, 6}, {2, 3}], [{8, 4}, {5, 7}, {2, 6}, {1, 3}], [{8, 4}, {5, 7}, {2, 6}, {3}, {1}], [{8, 4}, {5, 7}, {3, 6}, {1, 2}], [{8, 4}, {6, 7}, {1, 5}, {2, 3}], [{8, 4}, {6, 7}, {1, 5}, {3}, {2}], [{8, 4}, {6, 7}, {2, 5}, {1, 3}], [{8, 4}, {6, 7}, {2, 5}, {3}, {1}], [{8, 4}, {6, 7}, {3, 5}, {1, 2}], [{8, 4}, {6, 7}, {3, 5}, {2}, {1}], [{8, 4}, {6, 7}, {5}, {1, 3}, {2}], [{8, 4}, {6, 7}, {5}, {2, 3}, {1}], [{8, 4}, {6, 7}, {5}, {3}, {1, 2}], [{8, 4}, {6, 7}, {5}, {3}, {2}, {1}], [{8, 4}, {7}, {6}, {1, 5}, {2, 3}], [{8, 5}, {1, 7}, {2, 6}, {3, 4}], [{8, 5}, {1, 7}, {3, 6}, {2, 4}], [{8, 5}, {1, 7}, {4, 6}, {2, 3}], [{8, 5}, {2, 7}, {1, 6}, {3, 4}], [{8, 5}, {2, 7}, {3, 6}, {1, 4}], [{8, 5}, {2, 7}, {4, 6}, {1, 3}], [{8, 5}, {3, 7}, {1, 6}, {2, 4}], [{8, 5}, {3, 7}, {2, 6}, {1, 4}], [{8, 5}, {3, 7}, {4, 6}, {1, 2}], [{8, 5}, {4, 7}, {1, 6}, {2, 3}], [{8, 5}, {4, 7}, {2, 6}, {1, 3}], [{8, 5}, {4, 7}, {3, 6}, {1, 2}], [{8, 5}, {4, 7}, {6}, {3}, {1, 2}], [{8, 5}, {6, 7}, {1, 4}, {2, 3}], [{8, 5}, {6, 7}, {2, 4}, {1, 3}], [{8, 5}, {6, 7}, {3, 4}, {1, 2}], [{8, 6}, {1, 7}, {2, 5}, {3, 4}], [{8, 6}, {1, 7}, {3, 5}, {2, 4}], [{8, 6}, {1, 7}, {4, 5}, {2, 3}], [{8, 6}, {1, 7}, {4, 5}, {3}, {2}], [{8, 6}, {2, 7}, {1, 5}, {3, 4}], [{8, 6}, {2, 7}, {1, 5}, {4}, {3}], [{8, 6}, {2, 7}, {3, 5}, {1, 4}], [{8, 6}, {2, 7}, {4, 5}, {1, 3}], [{8, 6}, {2, 7}, {4, 5}, {3}, {1}], [{8, 6}, {2, 7}, {5}, {1, 4}, {3}], [{8, 6}, {3, 7}, {1, 5}, {2, 4}], [{8, 6}, {3, 7}, {2, 5}, {1, 4}], [{8, 6}, {3, 7}, {4, 5}, {1, 2}], [{8, 6}, {3, 7}, {5}, {4}, {1, 2}], [{8, 6}, {4, 7}, {1, 5}, {2, 3}], [{8, 6}, {4, 7}, {2, 5}, {1, 3}], [{8, 6}, {4, 7}, {3, 5}, {1, 2}], [{8, 6}, {5, 7}, {1, 4}, {2, 3}], [{8, 6}, {5, 7}, {1, 4}, {3}, {2}], [{8, 6}, {5, 7}, {2, 4}, {1, 3}], [{8, 6}, {5, 7}, {3, 4}, {1, 2}], [{8, 6}, {7}, {2, 5}, {1, 4}, {3}], [{8, 6}, {7}, {4, 5}, {3}, {1, 2}], [{8, 6}, {7}, {5}, {2, 4}, {1, 3}], [{8, 7}, {1, 6}, {2, 5}, {3, 4}], [{8, 7}, {1, 6}, {3, 5}, {2, 4}], [{8, 7}, {1, 6}, {4, 5}, {2, 3}], [{8, 7}, {2, 6}, {1, 5}, {3, 4}], [{8, 7}, {2, 6}, {3, 5}, {1, 4}], [{8, 7}, {2, 6}, {4, 5}, {1, 3}], [{8, 7}, {2, 6}, {5}, {1, 4}, {3}], [{8, 7}, {3, 6}, {1, 5}, {2, 4}], [{8, 7}, {3, 6}, {2, 5}, {1, 4}], [{8, 7}, {3, 6}, {4, 5}, {1, 2}], [{8, 7}, {4, 6}, {1, 5}, {2, 3}], [{8, 7}, {4, 6}, {2, 5}, {1, 3}], [{8, 7}, {4, 6}, {3, 5}, {1, 2}], [{8, 7}, {5, 6}, {1, 4}, {2, 3}], [{8, 7}, {5, 6}, {2, 4}, {1, 3}], [{8, 7}, {5, 6}, {2, 4}, {3}, {1}], [{8, 7}, {5, 6}, {3, 4}, {1, 2}], [{8, 7}, {5, 6}, {3, 4}, {2}, {1}], [{8, 7}, {5, 6}, {4}, {2, 3}, {1}], [{8, 7}, {6}, {5}, {2, 4}, {1, 3}], [{8}, {1, 7}, {3, 6}, {2, 5}, {4}], [{8}, {1, 7}, {3, 6}, {4, 5}, {2}], [{8}, {1, 7}, {3, 6}, {5}, {2, 4}], [{8}, {1, 7}, {4, 6}, {5}, {2, 3}], [{8}, {1, 7}, {5, 6}, {3, 4}, {2}], [{8}, {2, 7}, {3, 6}, {1, 5}, {4}], [{8}, {2, 7}, {3, 6}, {4, 5}, {1}], [{8}, {2, 7}, {3, 6}, {5}, {1, 4}], [{8}, {2, 7}, {4, 6}, {5}, {1, 3}], [{8}, {2, 7}, {5, 6}, {3, 4}, {1}], [{8}, {3, 7}, {2, 6}, {4, 5}, {1}], [{8}, {4, 7}, {3, 6}, {5}, {1, 2}], [{8}, {5, 7}, {2, 6}, {3, 4}, {1}], [{8}, {5, 7}, {3, 6}, {4}, {1, 2}], [{8}, {6, 7}, {2, 5}, {3, 4}, {1}], [{8}, {6, 7}, {5}, {1, 4}, {2, 3}], [{8}, {6, 7}, {5}, {2, 4}, {1, 3}], [{8}, {7}, {3, 6}, {4, 5}, {1, 2}], [{8}, {7}, {5, 6}, {3, 4}, {1, 2}], [{8}, {7}, {5, 6}, {3, 4}, {2}, {1}]]",2,- 18 K_1^2 - 4 K_1 K_2 + 2 K_1 + 9 K_2 + 2 K_3 + 10,O1O2O3U1O4U3U5U2O6O7U4O8U6U8O5U7,O1O2O3U4O5U3U1U5O6U2O7O8U7O4U6U8,O1O2O3U4U5O6U7O4O7U2O5U8U3U1O8U6,c,{'O1O2O3U4O5U6U7O6U8O4O7U2U5U1O8U3'},1,"<a href=""/flatknot/8.1101639"">8.1101639</a>",t^9-59t^7-108t^6+577t^5+1380t^4-36t^3-1134t^2-441t-36,-t^2+2t,,
8.1101640,O1O2O3U4O5U6U7O6U8O4O7U3U5U1O8U2,4,15z^2+100z+141,15w^3z^2+100w^2z+141w,False,False,"[[ 0  0  1  0 -1  1 -1  1 -1],[ 0  0  0 -1  0  0 -1  2  0],[-1  0  0  0 -2  1 -2  0 -1],[ 0  1  0  0 -1  0 -1  2  1],[ 1  0  2  1  0  2  0  0 -1],[-1  0 -1  0 -2  0 -2  0  0],[ 1  1  2  1  0  2  0  1 -1],[-1 -2  0 -2  0  0 -1  0 -3],[ 1  0  1 -1  1  0  1  3  0]]","[[ 0  1  1  1  0  0 -1 -1 -1],[-1  0  1  0  0  0 -1 -2 -2],[-1 -1  0  0  0  0  0 -2 -2],[-1  0  0  0 -2 -2 -3  0 -1],[ 0  0  0  2  0  1  1 -1 -1],[ 0  0  0  2 -1  0  0  0 -1],[ 1  1  0  3 -1  0  0  1  1],[ 1  2  2  0  1  0 -1  0  0],[ 1  2  2  1  1  1 -1  0  0]]",True,"[-1,-1,-1,0,0,1,1,1,-1,0,0,0,1,2,2,0,0,0,0,2,2,2,2,3,0,1,-1,-1,1,1,0,0,1,-1,-1,0]","[-1,-1,-1,0,0,1,1,1,-1,-1,1,2,-1,1,2,0,0,0,1,0,0,1,0,2,0,0,1,-1,1,1,-1,1,1,0,0,-1]",t^8+43t^6+459t^4+152t^2+4,"[-1,-1,-1,0,0,1,1,1,-1,-1,1,2,-1,1,2,0,0,0,1,0,0,1,0,2,0,0,1,-1,1,1,-1,1,1,0,0,-1]","[-1,-1,-1,0,0,1,1,1,-1,0,1,1,0,0,2,0,1,1,0,0,1,-1,-1,1,2,-1,-1,0,1,1,0,0,2,0,-1,-1]","[-1,-1,-1,0,0,1,1,1,-1,0,0,1,0,2,2,1,0,-1,3,0,1,1,1,1,2,2,-1,2,0,0,2,0,0,0,0,-1]",c,"[[{8, 2}, {6, 7}, {4, 5}, {1, 3}], [{8, 5}, {4, 7}, {2, 6}, {1, 3}], [{8, 5}, {4, 7}, {2, 6}, {3}, {1}]]",1,4 K_1^3 - 28 K_1^2 - 8 K_1 K_2 + K_1 + 14 K_2 + 3 K_3 + 15,O1O2O3U2O4U3U5U1O6O7U4O8U6U8O5U7,O1O2O3U4O5U3U5U1O6U2O7O8U7O4U6U8,O1O2O3U4U5O6U7O4O7U2O5U3U8U1O8U6,c,{'O1O2O3U4O5U6U7O6U8O4O7U3U5U1O8U2'},1,"<a href=""/flatknot/8.1101640"">8.1101640</a>",t^9-43t^7-66t^6+333t^5+752t^4+243t^3-328t^2-191t-20,0,,
8.1101641,O1O2O3U4O5U6U7O6U8O4O7U5U1U2O8U3,4,8z^3+52z^2+113z+83,8w^4z^3+52w^3z^2+113w^2z+83w,False,False,"[[ 0 -1  1  2 -1  0 -1  1 -1],[ 1  0  1  1  1 -1  0  3  1],[-1 -1  0  0 -1 -1 -2  1  0],[-2 -1  0  0 -3  0 -3 -1 -1],[ 1 -1  1  3  0  1  0  0 -1],[ 0  1  1  0 -1  0 -1  1  1],[ 1  0  2  3  0  1  0  1 -1],[-1 -3 -1  1  0 -1 -1  0 -3],[ 1 -1  0  1  1 -1  1  3  0]]","[[ 0  2  1  1  0 -1 -1 -1 -1],[-2  0  0 -1  0 -1 -1 -3 -3],[-1  0  0  1 -1  0 -1 -1 -2],[-1  1 -1  0 -1 -3 -3  0 -1],[ 0  0  1  1  0  1  1 -1 -1],[ 1  1  0  3 -1  0 -1  1  1],[ 1  1  1  3 -1  1  0  1  0],[ 1  3  1  0  1 -1 -1  0  0],[ 1  3  2  1  1 -1  0  0  0]]",True,"[-2,-1,-1,0,1,1,1,1,0,1,0,1,1,3,3,-1,1,0,1,1,2,1,3,3,0,1,-1,-1,1,1,1,-1,-1,-1,0,0]","[-2,-1,-1,0,1,1,1,1,0,1,0,1,1,3,3,-1,1,0,1,1,2,1,3,3,0,1,-1,-1,1,1,1,-1,-1,-1,0,0]",t^8+57t^6+730t^4+436t^2+1,"[-1,-1,-1,-1,0,1,1,2,-1,-1,0,2,-1,1,2,-1,-1,2,-1,2,2,0,0,2,1,0,0,1,0,0,0,0,2,1,0,1]","[-2,-1,-1,0,1,1,1,1,0,1,2,0,0,2,2,-1,0,1,2,-1,-1,0,0,1,1,2,0,0,2,2,0,0,-1,-1,-1,1]","[-1,-1,-1,-1,0,1,1,2,-1,-1,0,1,0,1,3,-1,1,-1,3,0,1,0,-1,3,1,1,1,1,2,3,1,1,0,-1,1,0]",c,"[[{8, 1}, {2, 7}, {3, 6}, {4, 5}], [{8, 1}, {2, 7}, {4, 6}, {3, 5}], [{8, 1}, {2, 7}, {4, 6}, {5}, {3}], [{8, 1}, {2, 7}, {5, 6}, {3, 4}], [{8, 1}, {3, 7}, {2, 6}, {4, 5}], [{8, 1}, {3, 7}, {4, 6}, {2, 5}], [{8, 1}, {3, 7}, {5, 6}, {2, 4}], [{8, 1}, {4, 7}, {2, 6}, {3, 5}], [{8, 1}, {4, 7}, {3, 6}, {2, 5}], [{8, 1}, {4, 7}, {5, 6}, {2, 3}], [{8, 1}, {4, 7}, {5, 6}, {3}, {2}], [{8, 1}, {5, 7}, {2, 6}, {3, 4}], [{8, 1}, {5, 7}, {3, 6}, {2, 4}], [{8, 1}, {5, 7}, {4, 6}, {2, 3}], [{8, 1}, {6, 7}, {2, 5}, {3, 4}], [{8, 1}, {6, 7}, {3, 5}, {2, 4}], [{8, 1}, {6, 7}, {4, 5}, {2, 3}], [{8, 2}, {1, 7}, {3, 6}, {4, 5}], [{8, 2}, {1, 7}, {3, 6}, {5}, {4}], [{8, 2}, {1, 7}, {4, 6}, {3, 5}], [{8, 2}, {1, 7}, {4, 6}, {5}, {3}], [{8, 2}, {1, 7}, {5, 6}, {3, 4}], [{8, 2}, {1, 7}, {6}, {5}, {3, 4}], [{8, 2}, {3, 7}, {1, 6}, {4, 5}], [{8, 2}, {3, 7}, {4, 6}, {1, 5}], [{8, 2}, {3, 7}, {4, 6}, {5}, {1}], [{8, 2}, {3, 7}, {5, 6}, {1, 4}], [{8, 2}, {4, 7}, {1, 6}, {3, 5}], [{8, 2}, {4, 7}, {3, 6}, {1, 5}], [{8, 2}, {4, 7}, {5, 6}, {1, 3}], [{8, 2}, {5, 7}, {1, 6}, {3, 4}], [{8, 2}, {5, 7}, {3, 6}, {1, 4}], [{8, 2}, {5, 7}, {3, 6}, {4}, {1}], [{8, 2}, {5, 7}, {4, 6}, {1, 3}], [{8, 2}, {5, 7}, {4, 6}, {3}, {1}], [{8, 2}, {5, 7}, {6}, {3, 4}, {1}], [{8, 2}, {6, 7}, {1, 5}, {3, 4}], [{8, 2}, {6, 7}, {3, 5}, {1, 4}], [{8, 2}, {6, 7}, {4, 5}, {1, 3}], [{8, 2}, {7}, {3, 6}, {1, 5}, {4}], [{8, 2}, {7}, {4, 6}, {1, 5}, {3}], [{8, 2}, {7}, {4, 6}, {3, 5}, {1}], [{8, 2}, {7}, {4, 6}, {5}, {1, 3}], [{8, 2}, {7}, {6}, {1, 5}, {3, 4}], [{8, 3}, {1, 7}, {2, 6}, {4, 5}], [{8, 3}, {1, 7}, {4, 6}, {2, 5}], [{8, 3}, {1, 7}, {5, 6}, {2, 4}], [{8, 3}, {1, 7}, {6}, {5}, {2, 4}], [{8, 3}, {2, 7}, {1, 6}, {4, 5}], [{8, 3}, {2, 7}, {4, 6}, {1, 5}], [{8, 3}, {2, 7}, {4, 6}, {5}, {1}], [{8, 3}, {2, 7}, {5, 6}, {1, 4}], [{8, 3}, {4, 7}, {1, 6}, {2, 5}], [{8, 3}, {4, 7}, {1, 6}, {5}, {2}], [{8, 3}, {4, 7}, {2, 6}, {1, 5}], [{8, 3}, {4, 7}, {5, 6}, {1, 2}], [{8, 3}, {5, 7}, {1, 6}, {2, 4}], [{8, 3}, {5, 7}, {2, 6}, {1, 4}], [{8, 3}, {5, 7}, {4, 6}, {1, 2}], [{8, 3}, {5, 7}, {6}, {2, 4}, {1}], [{8, 3}, {6, 7}, {1, 5}, {2, 4}], [{8, 3}, {6, 7}, {2, 5}, {1, 4}], [{8, 3}, {6, 7}, {4, 5}, {1, 2}], [{8, 3}, {6, 7}, {5}, {4}, {1, 2}], [{8, 3}, {7}, {2, 6}, {5}, {1, 4}], [{8, 3}, {7}, {6}, {1, 5}, {2, 4}], [{8, 3}, {7}, {6}, {4, 5}, {1, 2}], [{8, 4}, {1, 7}, {2, 6}, {3, 5}], [{8, 4}, {1, 7}, {3, 6}, {2, 5}], [{8, 4}, {1, 7}, {3, 6}, {5}, {2}], [{8, 4}, {1, 7}, {5, 6}, {2, 3}], [{8, 4}, {2, 7}, {1, 6}, {3, 5}], [{8, 4}, {2, 7}, {3, 6}, {1, 5}], [{8, 4}, {2, 7}, {5, 6}, {1, 3}], [{8, 4}, {2, 7}, {6}, {5}, {1, 3}], [{8, 4}, {3, 7}, {1, 6}, {2, 5}], [{8, 4}, {3, 7}, {1, 6}, {5}, {2}], [{8, 4}, {3, 7}, {2, 6}, {1, 5}], [{8, 4}, {3, 7}, {5, 6}, {1, 2}], [{8, 4}, {5, 7}, {1, 6}, {2, 3}], [{8, 4}, {5, 7}, {2, 6}, {1, 3}], [{8, 4}, {5, 7}, {3, 6}, {1, 2}], [{8, 4}, {5, 7}, {6}, {1, 3}, {2}], [{8, 4}, {5, 7}, {6}, {2, 3}, {1}], [{8, 4}, {5, 7}, {6}, {3}, {1, 2}], [{8, 4}, {6, 7}, {1, 5}, {2, 3}], [{8, 4}, {6, 7}, {1, 5}, {3}, {2}], [{8, 4}, {6, 7}, {2, 5}, {1, 3}], [{8, 4}, {6, 7}, {2, 5}, {3}, {1}], [{8, 4}, {6, 7}, {3, 5}, {1, 2}], [{8, 4}, {6, 7}, {3, 5}, {2}, {1}], [{8, 4}, {6, 7}, {5}, {1, 3}, {2}], [{8, 4}, {6, 7}, {5}, {2, 3}, {1}], [{8, 4}, {6, 7}, {5}, {3}, {1, 2}], [{8, 4}, {6, 7}, {5}, {3}, {2}, {1}], [{8, 4}, {7}, {2, 6}, {5}, {1, 3}], [{8, 4}, {7}, {5, 6}, {1, 3}, {2}], [{8, 4}, {7}, {5, 6}, {2, 3}, {1}], [{8, 4}, {7}, {5, 6}, {3}, {1, 2}], [{8, 4}, {7}, {6}, {2, 5}, {1, 3}], [{8, 4}, {7}, {6}, {5}, {1, 3}, {2}], [{8, 5}, {1, 7}, {2, 6}, {3, 4}], [{8, 5}, {1, 7}, {3, 6}, {2, 4}], [{8, 5}, {1, 7}, {4, 6}, {2, 3}], [{8, 5}, {2, 7}, {1, 6}, {3, 4}], [{8, 5}, {2, 7}, {3, 6}, {1, 4}], [{8, 5}, {2, 7}, {4, 6}, {1, 3}], [{8, 5}, {2, 7}, {6}, {3, 4}, {1}], [{8, 5}, {3, 7}, {1, 6}, {2, 4}], [{8, 5}, {3, 7}, {2, 6}, {1, 4}], [{8, 5}, {3, 7}, {4, 6}, {1, 2}], [{8, 5}, {3, 7}, {6}, {2, 4}, {1}], [{8, 5}, {4, 7}, {1, 6}, {2, 3}], [{8, 5}, {4, 7}, {2, 6}, {1, 3}], [{8, 5}, {4, 7}, {2, 6}, {3}, {1}], [{8, 5}, {4, 7}, {3, 6}, {1, 2}], [{8, 5}, {4, 7}, {3, 6}, {2}, {1}], [{8, 5}, {4, 7}, {6}, {2, 3}, {1}], [{8, 5}, {6, 7}, {1, 4}, {2, 3}], [{8, 5}, {6, 7}, {2, 4}, {1, 3}], [{8, 5}, {6, 7}, {3, 4}, {1, 2}], [{8, 5}, {7}, {4, 6}, {1, 3}, {2}], [{8, 6}, {1, 7}, {2, 5}, {3, 4}], [{8, 6}, {1, 7}, {3, 5}, {2, 4}], [{8, 6}, {1, 7}, {4, 5}, {2, 3}], [{8, 6}, {1, 7}, {5}, {2, 4}, {3}], [{8, 6}, {2, 7}, {1, 5}, {3, 4}], [{8, 6}, {2, 7}, {3, 5}, {1, 4}], [{8, 6}, {2, 7}, {4, 5}, {1, 3}], [{8, 6}, {2, 7}, {5}, {1, 4}, {3}], [{8, 6}, {2, 7}, {5}, {3, 4}, {1}], [{8, 6}, {2, 7}, {5}, {4}, {1, 3}], [{8, 6}, {3, 7}, {1, 5}, {2, 4}], [{8, 6}, {3, 7}, {2, 5}, {1, 4}], [{8, 6}, {3, 7}, {4, 5}, {1, 2}], [{8, 6}, {3, 7}, {5}, {2, 4}, {1}], [{8, 6}, {4, 7}, {1, 5}, {2, 3}], [{8, 6}, {4, 7}, {2, 5}, {1, 3}], [{8, 6}, {4, 7}, {3, 5}, {1, 2}], [{8, 6}, {4, 7}, {5}, {1, 3}, {2}], [{8, 6}, {5, 7}, {1, 4}, {2, 3}], [{8, 6}, {5, 7}, {1, 4}, {3}, {2}], [{8, 6}, {5, 7}, {2, 4}, {1, 3}], [{8, 6}, {5, 7}, {3, 4}, {1, 2}], [{8, 6}, {5, 7}, {3, 4}, {2}, {1}], [{8, 6}, {5, 7}, {4}, {1, 3}, {2}], [{8, 6}, {7}, {2, 5}, {1, 4}, {3}], [{8, 6}, {7}, {2, 5}, {3, 4}, {1}], [{8, 6}, {7}, {2, 5}, {4}, {1, 3}], [{8, 6}, {7}, {4, 5}, {1, 3}, {2}], [{8, 6}, {7}, {5}, {2, 4}, {1, 3}], [{8, 6}, {7}, {5}, {4}, {1, 3}, {2}], [{8, 7}, {1, 6}, {2, 5}, {3, 4}], [{8, 7}, {1, 6}, {3, 5}, {2, 4}], [{8, 7}, {1, 6}, {4, 5}, {2, 3}], [{8, 7}, {2, 6}, {1, 5}, {3, 4}], [{8, 7}, {2, 6}, {3, 5}, {1, 4}], [{8, 7}, {2, 6}, {4, 5}, {1, 3}], [{8, 7}, {3, 6}, {1, 5}, {2, 4}], [{8, 7}, {3, 6}, {2, 5}, {1, 4}], [{8, 7}, {3, 6}, {4, 5}, {1, 2}], [{8, 7}, {3, 6}, {5}, {1, 4}, {2}], [{8, 7}, {4, 6}, {1, 5}, {2, 3}], [{8, 7}, {4, 6}, {2, 5}, {1, 3}], [{8, 7}, {4, 6}, {3, 5}, {1, 2}], [{8, 7}, {4, 6}, {5}, {1, 3}, {2}], [{8, 7}, {5, 6}, {1, 4}, {2, 3}], [{8, 7}, {5, 6}, {2, 4}, {1, 3}], [{8, 7}, {5, 6}, {3, 4}, {1, 2}], [{8}, {1, 7}, {3, 6}, {5}, {2, 4}], [{8}, {1, 7}, {4, 6}, {3, 5}, {2}], [{8}, {2, 7}, {4, 6}, {5}, {1, 3}], [{8}, {2, 7}, {5, 6}, {3, 4}, {1}], [{8}, {3, 7}, {4, 6}, {1, 5}, {2}], [{8}, {3, 7}, {5, 6}, {2, 4}, {1}], [{8}, {5, 7}, {2, 6}, {3, 4}, {1}], [{8}, {5, 7}, {4, 6}, {1, 3}, {2}], [{8}, {6, 7}, {5}, {3, 4}, {1, 2}], [{8}, {7}, {4, 6}, {2, 5}, {1, 3}], [{8}, {7}, {4, 6}, {5}, {1, 3}, {2}]]",2,8 K_1^3 - 6 K_1^2 - 4 K_1 K_2 - 4 K_1 + 3 K_2 + 4,O1O2O3U1O4U2U3U5O6O7U4O8U6U8O5U7,O1O2O3U4O5U2U3U5O6U1O7O8U7O4U6U8,O1O2O3U4U5O6U7O4O7U3O5U8U1U2O8U6,c,{'O1O2O3U4O5U6U7O6U8O4O7U5U1U2O8U3'},1,"<a href=""/flatknot/8.1101641"">8.1101641</a>",t^9-55t^7-110t^6+315t^5+464t^4-259t^3-122t^2-280t+40,-t^2+2t,,
8.1101642,O1O2O3U4O5U6U7O6U8O4O7U5U1U3O8U2,4,4z^3+34z^2+103z+103,4w^4z^3+34w^3z^2+103w^2z+103w,False,False,"[[ 0 -1  1  2 -1  0 -1  1 -1],[ 1  0  1  1  1 -1  0  3  1],[-1 -1  0  1 -2  0 -2  0 -1],[-2 -1 -1  0 -2 -1 -3  0 -1],[ 1 -1  2  2  0  1  0  0 -1],[ 0  1  0  1 -1  0 -1  1  1],[ 1  0  2  3  0  1  0  1 -1],[-1 -3  0  0  0 -1 -1  0 -3],[ 1 -1  1  1  1 -1  1  3  0]]","[[ 0  2  1  1  0 -1 -1 -1 -1],[-2  0  0 -1 -1 -1 -1 -2 -3],[-1  0  0  0 -1 -3 -3  0 -1],[-1  1  0  0  0 -1 -1 -2 -2],[ 0  1  1  0  0  1  1 -1 -1],[ 1  1  3  1 -1  0  1  1  0],[ 1  1  3  1 -1 -1  0  1  1],[ 1  2  0  2  1 -1 -1  0  0],[ 1  3  1  2  1  0 -1  0  0]]",True,"[-2,-1,-1,0,1,1,1,1,0,1,1,1,1,2,3,0,1,3,3,0,1,0,1,1,2,2,-1,-1,1,1,-1,-1,0,-1,-1,0]","[-2,-1,-1,0,1,1,1,1,0,1,1,0,1,2,2,0,1,0,0,1,1,0,1,2,-1,-1,0,0,2,2,0,-1,0,-1,-1,-1]",t^8+55t^6+648t^4+331t^2+1,"[-1,-1,-1,-1,0,1,1,2,-1,-1,0,2,-1,1,2,-1,-1,2,-1,1,2,0,0,2,0,1,0,1,0,0,0,1,1,0,1,0]","[-2,-1,-1,0,1,1,1,1,0,1,1,0,1,2,2,0,1,0,0,1,1,0,1,2,-1,-1,0,0,2,2,0,-1,0,-1,-1,-1]","[-1,-1,-1,-1,0,1,1,2,-1,-1,0,1,0,2,2,-1,1,-1,3,1,1,0,-1,3,1,1,1,1,2,3,1,0,1,0,0,1]",c,"[[{8, 1}, {2, 7}, {3, 6}, {4, 5}], [{8, 1}, {2, 7}, {4, 6}, {3, 5}], [{8, 1}, {2, 7}, {5, 6}, {3, 4}], [{8, 1}, {3, 7}, {2, 6}, {4, 5}], [{8, 1}, {3, 7}, {4, 6}, {2, 5}], [{8, 1}, {3, 7}, {5, 6}, {2, 4}], [{8, 1}, {4, 7}, {2, 6}, {3, 5}], [{8, 1}, {4, 7}, {3, 6}, {2, 5}], [{8, 1}, {4, 7}, {5, 6}, {2, 3}], [{8, 1}, {4, 7}, {6}, {3, 5}, {2}], [{8, 1}, {5, 7}, {2, 6}, {3, 4}], [{8, 1}, {5, 7}, {3, 6}, {2, 4}], [{8, 1}, {5, 7}, {4, 6}, {2, 3}], [{8, 1}, {6, 7}, {2, 5}, {3, 4}], [{8, 1}, {6, 7}, {3, 5}, {2, 4}], [{8, 1}, {6, 7}, {4, 5}, {2, 3}], [{8, 2}, {1, 7}, {3, 6}, {4, 5}], [{8, 2}, {1, 7}, {3, 6}, {5}, {4}], [{8, 2}, {1, 7}, {4, 6}, {3, 5}], [{8, 2}, {1, 7}, {4, 6}, {5}, {3}], [{8, 2}, {1, 7}, {5, 6}, {3, 4}], [{8, 2}, {1, 7}, {6}, {5}, {3, 4}], [{8, 2}, {3, 7}, {1, 6}, {4, 5}], [{8, 2}, {3, 7}, {4, 6}, {1, 5}], [{8, 2}, {3, 7}, {5, 6}, {1, 4}], [{8, 2}, {4, 7}, {1, 6}, {3, 5}], [{8, 2}, {4, 7}, {3, 6}, {1, 5}], [{8, 2}, {4, 7}, {5, 6}, {1, 3}], [{8, 2}, {5, 7}, {1, 6}, {3, 4}], [{8, 2}, {5, 7}, {3, 6}, {1, 4}], [{8, 2}, {5, 7}, {3, 6}, {4}, {1}], [{8, 2}, {5, 7}, {4, 6}, {1, 3}], [{8, 2}, {5, 7}, {4, 6}, {3}, {1}], [{8, 2}, {5, 7}, {6}, {3, 4}, {1}], [{8, 2}, {6, 7}, {1, 5}, {3, 4}], [{8, 2}, {6, 7}, {3, 5}, {1, 4}], [{8, 2}, {6, 7}, {4, 5}, {1, 3}], [{8, 2}, {7}, {3, 6}, {1, 5}, {4}], [{8, 2}, {7}, {4, 6}, {1, 5}, {3}], [{8, 2}, {7}, {6}, {1, 5}, {3, 4}], [{8, 3}, {1, 7}, {2, 6}, {4, 5}], [{8, 3}, {1, 7}, {2, 6}, {5}, {4}], [{8, 3}, {1, 7}, {4, 6}, {2, 5}], [{8, 3}, {1, 7}, {5, 6}, {2, 4}], [{8, 3}, {1, 7}, {5, 6}, {4}, {2}], [{8, 3}, {1, 7}, {6}, {2, 5}, {4}], [{8, 3}, {2, 7}, {1, 6}, {4, 5}], [{8, 3}, {2, 7}, {4, 6}, {1, 5}], [{8, 3}, {2, 7}, {5, 6}, {1, 4}], [{8, 3}, {4, 7}, {1, 6}, {2, 5}], [{8, 3}, {4, 7}, {2, 6}, {1, 5}], [{8, 3}, {4, 7}, {5, 6}, {1, 2}], [{8, 3}, {5, 7}, {1, 6}, {2, 4}], [{8, 3}, {5, 7}, {1, 6}, {4}, {2}], [{8, 3}, {5, 7}, {2, 6}, {1, 4}], [{8, 3}, {5, 7}, {4, 6}, {1, 2}], [{8, 3}, {5, 7}, {6}, {2, 4}, {1}], [{8, 3}, {6, 7}, {1, 5}, {2, 4}], [{8, 3}, {6, 7}, {2, 5}, {1, 4}], [{8, 3}, {6, 7}, {4, 5}, {1, 2}], [{8, 3}, {6, 7}, {4, 5}, {2}, {1}], [{8, 3}, {6, 7}, {5}, {4}, {1, 2}], [{8, 3}, {7}, {1, 6}, {5}, {2, 4}], [{8, 3}, {7}, {6}, {4, 5}, {1, 2}], [{8, 4}, {1, 7}, {2, 6}, {3, 5}], [{8, 4}, {1, 7}, {2, 6}, {5}, {3}], [{8, 4}, {1, 7}, {3, 6}, {2, 5}], [{8, 4}, {1, 7}, {5, 6}, {2, 3}], [{8, 4}, {2, 7}, {1, 6}, {3, 5}], [{8, 4}, {2, 7}, {1, 6}, {5}, {3}], [{8, 4}, {2, 7}, {3, 6}, {1, 5}], [{8, 4}, {2, 7}, {5, 6}, {1, 3}], [{8, 4}, {3, 7}, {1, 6}, {2, 5}], [{8, 4}, {3, 7}, {2, 6}, {1, 5}], [{8, 4}, {3, 7}, {5, 6}, {1, 2}], [{8, 4}, {3, 7}, {6}, {5}, {1, 2}], [{8, 4}, {5, 7}, {1, 6}, {2, 3}], [{8, 4}, {5, 7}, {2, 6}, {1, 3}], [{8, 4}, {5, 7}, {3, 6}, {1, 2}], [{8, 4}, {5, 7}, {6}, {1, 3}, {2}], [{8, 4}, {5, 7}, {6}, {2, 3}, {1}], [{8, 4}, {5, 7}, {6}, {3}, {1, 2}], [{8, 4}, {6, 7}, {1, 5}, {2, 3}], [{8, 4}, {6, 7}, {1, 5}, {3}, {2}], [{8, 4}, {6, 7}, {2, 5}, {1, 3}], [{8, 4}, {6, 7}, {2, 5}, {3}, {1}], [{8, 4}, {6, 7}, {3, 5}, {1, 2}], [{8, 4}, {6, 7}, {3, 5}, {2}, {1}], [{8, 4}, {6, 7}, {5}, {1, 3}, {2}], [{8, 4}, {6, 7}, {5}, {2, 3}, {1}], [{8, 4}, {6, 7}, {5}, {3}, {1, 2}], [{8, 4}, {6, 7}, {5}, {3}, {2}, {1}], [{8, 4}, {7}, {3, 6}, {5}, {1, 2}], [{8, 4}, {7}, {5, 6}, {1, 3}, {2}], [{8, 4}, {7}, {5, 6}, {2, 3}, {1}], [{8, 4}, {7}, {5, 6}, {3}, {1, 2}], [{8, 4}, {7}, {6}, {3, 5}, {1, 2}], [{8, 4}, {7}, {6}, {5}, {3}, {1, 2}], [{8, 5}, {1, 7}, {2, 6}, {3, 4}], [{8, 5}, {1, 7}, {3, 6}, {2, 4}], [{8, 5}, {1, 7}, {4, 6}, {2, 3}], [{8, 5}, {2, 7}, {1, 6}, {3, 4}], [{8, 5}, {2, 7}, {3, 6}, {1, 4}], [{8, 5}, {2, 7}, {3, 6}, {4}, {1}], [{8, 5}, {2, 7}, {4, 6}, {1, 3}], [{8, 5}, {3, 7}, {1, 6}, {2, 4}], [{8, 5}, {3, 7}, {2, 6}, {1, 4}], [{8, 5}, {3, 7}, {2, 6}, {4}, {1}], [{8, 5}, {3, 7}, {4, 6}, {1, 2}], [{8, 5}, {3, 7}, {4, 6}, {2}, {1}], [{8, 5}, {3, 7}, {6}, {2, 4}, {1}], [{8, 5}, {4, 7}, {1, 6}, {2, 3}], [{8, 5}, {4, 7}, {2, 6}, {1, 3}], [{8, 5}, {4, 7}, {3, 6}, {1, 2}], [{8, 5}, {6, 7}, {1, 4}, {2, 3}], [{8, 5}, {6, 7}, {2, 4}, {1, 3}], [{8, 5}, {6, 7}, {3, 4}, {1, 2}], [{8, 5}, {6, 7}, {3, 4}, {2}, {1}], [{8, 5}, {6, 7}, {4}, {3}, {1, 2}], [{8, 5}, {7}, {6}, {3, 4}, {1, 2}], [{8, 6}, {1, 7}, {2, 5}, {3, 4}], [{8, 6}, {1, 7}, {3, 5}, {2, 4}], [{8, 6}, {1, 7}, {3, 5}, {4}, {2}], [{8, 6}, {1, 7}, {4, 5}, {2, 3}], [{8, 6}, {1, 7}, {4, 5}, {3}, {2}], [{8, 6}, {1, 7}, {5}, {3, 4}, {2}], [{8, 6}, {2, 7}, {1, 5}, {3, 4}], [{8, 6}, {2, 7}, {3, 5}, {1, 4}], [{8, 6}, {2, 7}, {4, 5}, {1, 3}], [{8, 6}, {2, 7}, {5}, {1, 4}, {3}], [{8, 6}, {3, 7}, {1, 5}, {2, 4}], [{8, 6}, {3, 7}, {2, 5}, {1, 4}], [{8, 6}, {3, 7}, {4, 5}, {1, 2}], [{8, 6}, {3, 7}, {5}, {1, 4}, {2}], [{8, 6}, {4, 7}, {1, 5}, {2, 3}], [{8, 6}, {4, 7}, {2, 5}, {1, 3}], [{8, 6}, {4, 7}, {3, 5}, {1, 2}], [{8, 6}, {5, 7}, {1, 4}, {2, 3}], [{8, 6}, {5, 7}, {2, 4}, {1, 3}], [{8, 6}, {5, 7}, {3, 4}, {1, 2}], [{8, 6}, {5, 7}, {3, 4}, {2}, {1}], [{8, 6}, {7}, {1, 5}, {3, 4}, {2}], [{8, 6}, {7}, {2, 5}, {4}, {1, 3}], [{8, 6}, {7}, {5}, {1, 4}, {2, 3}], [{8, 7}, {1, 6}, {2, 5}, {3, 4}], [{8, 7}, {1, 6}, {3, 5}, {2, 4}], [{8, 7}, {1, 6}, {3, 5}, {4}, {2}], [{8, 7}, {1, 6}, {4, 5}, {2, 3}], [{8, 7}, {1, 6}, {4, 5}, {3}, {2}], [{8, 7}, {1, 6}, {5}, {3, 4}, {2}], [{8, 7}, {2, 6}, {1, 5}, {3, 4}], [{8, 7}, {2, 6}, {3, 5}, {1, 4}], [{8, 7}, {2, 6}, {4, 5}, {1, 3}], [{8, 7}, {3, 6}, {1, 5}, {2, 4}], [{8, 7}, {3, 6}, {2, 5}, {1, 4}], [{8, 7}, {3, 6}, {4, 5}, {1, 2}], [{8, 7}, {4, 6}, {1, 5}, {2, 3}], [{8, 7}, {4, 6}, {2, 5}, {1, 3}], [{8, 7}, {4, 6}, {3, 5}, {1, 2}], [{8, 7}, {4, 6}, {5}, {2, 3}, {1}], [{8, 7}, {5, 6}, {1, 4}, {2, 3}], [{8, 7}, {5, 6}, {2, 4}, {1, 3}], [{8, 7}, {5, 6}, {3, 4}, {1, 2}], [{8, 7}, {6}, {2, 5}, {4}, {1, 3}], [{8}, {1, 7}, {2, 6}, {5}, {3, 4}], [{8}, {2, 7}, {5, 6}, {3, 4}, {1}], [{8}, {5, 7}, {2, 6}, {3, 4}, {1}], [{8}, {6, 7}, {2, 5}, {4}, {1, 3}], [{8}, {6, 7}, {3, 5}, {4}, {1, 2}], [{8}, {6, 7}, {4, 5}, {3}, {1, 2}], [{8}, {6, 7}, {5}, {3, 4}, {1, 2}], [{8}, {7}, {2, 6}, {1, 5}, {3, 4}]]",2,- 10 K_1^2 - 4 K_1 K_2 + 2 K_1 + 5 K_2 + 2 K_3 + 6,O1O2O3U2O4U1U3U5O6O7U4O8U6U8O5U7,O1O2O3U4O5U2U5U3O6U1O7O8U7O4U6U8,O1O2O3U4U5O6U7O4O7U3O5U1U8U2O8U6,c,{'O1O2O3U4O5U6U7O6U8O4O7U5U1U3O8U2'},1,"<a href=""/flatknot/8.1101642"">8.1101642</a>",t^9-53t^7-120t^6+293t^5+904t^4+571t^3-82t^2-193t-38,-t^2+2t,,
8.1101643,O1O2O3U4O5U6U7O6U8O4O7U5U2U1O8U3,4,10z^3+53z^2+92z+53,10w^4z^3-4w^4z^2+57w^3z^2-12w^3z+104w^2z+53w,False,False,"[[ 0  0  0  2 -1  0 -1  1 -1],[ 0  0  0  1  0 -1 -1  2  0],[ 0  0  0  0  0 -1 -1  2  1],[-2 -1  0  0 -3  0 -3 -1 -1],[ 1  0  0  3  0  1  0  0 -1],[ 0  1  1  0 -1  0 -1  1  1],[ 1  1  1  3  0  1  0  1 -1],[-1 -2 -2  1  0 -1 -1  0 -3],[ 1  0 -1  1  1 -1  1  3  0]]","[[ 0  2  1  0  0  0 -1 -1 -1],[-2  0 -1  0  0 -1 -1 -3 -3],[-1  1  0 -1 -2 -2 -3  0 -1],[ 0  0  1  0  1  1  1 -1 -1],[ 0  0  2 -1  0  0  1  0 -1],[ 0  1  2 -1  0  0  0  0 -1],[ 1  1  3 -1 -1  0  0  1  1],[ 1  3  0  1  0  0 -1  0  0],[ 1  3  1  1  1  1 -1  0  0]]",True,"[-2,-1,0,0,0,1,1,1,1,0,0,1,1,3,3,1,2,2,3,0,1,-1,-1,-1,1,1,0,-1,0,1,0,0,1,-1,-1,0]","[-2,-1,0,0,0,1,1,1,0,1,2,2,0,0,2,-1,-1,0,1,2,-1,0,-1,0,1,1,-1,0,1,2,0,0,2,0,-1,-1]",t^8+50t^6+601t^4+386t^2+9,"[-1,-1,-1,0,0,0,1,2,-1,-1,1,2,2,-1,2,0,0,0,0,1,0,1,0,1,2,0,1,0,-1,1,-1,0,2,-1,2,0]","[-2,-1,0,0,0,1,1,1,0,1,2,2,0,0,2,-1,-1,0,1,2,-1,0,-1,0,1,1,-1,0,1,2,0,0,2,0,-1,-1]","[-1,-1,-1,0,0,0,1,2,-1,0,0,0,1,0,3,1,-1,0,-1,3,1,1,1,1,1,3,0,-1,2,0,-1,2,1,1,0,1]",c,"[[{8, 1}, {2, 7}, {3, 6}, {4, 5}], [{8, 1}, {2, 7}, {4, 6}, {3, 5}], [{8, 1}, {2, 7}, {5, 6}, {3, 4}], [{8, 1}, {3, 7}, {2, 6}, {4, 5}], [{8, 1}, {3, 7}, {4, 6}, {2, 5}], [{8, 1}, {3, 7}, {5, 6}, {2, 4}], [{8, 1}, {4, 7}, {2, 6}, {3, 5}], [{8, 1}, {4, 7}, {3, 6}, {2, 5}], [{8, 1}, {4, 7}, {5, 6}, {2, 3}], [{8, 1}, {5, 7}, {2, 6}, {3, 4}], [{8, 1}, {5, 7}, {3, 6}, {2, 4}], [{8, 1}, {5, 7}, {4, 6}, {2, 3}], [{8, 1}, {6, 7}, {2, 5}, {3, 4}], [{8, 1}, {6, 7}, {3, 5}, {2, 4}], [{8, 1}, {6, 7}, {4, 5}, {2, 3}], [{8, 1}, {6, 7}, {5}, {3, 4}, {2}], [{8, 2}, {1, 7}, {3, 6}, {4, 5}], [{8, 2}, {1, 7}, {4, 6}, {3, 5}], [{8, 2}, {1, 7}, {5, 6}, {3, 4}], [{8, 2}, {3, 7}, {1, 6}, {4, 5}], [{8, 2}, {3, 7}, {4, 6}, {1, 5}], [{8, 2}, {3, 7}, {5, 6}, {1, 4}], [{8, 2}, {3, 7}, {5, 6}, {4}, {1}], [{8, 2}, {4, 7}, {1, 6}, {3, 5}], [{8, 2}, {4, 7}, {3, 6}, {1, 5}], [{8, 2}, {4, 7}, {5, 6}, {1, 3}], [{8, 2}, {5, 7}, {1, 6}, {3, 4}], [{8, 2}, {5, 7}, {3, 6}, {1, 4}], [{8, 2}, {5, 7}, {4, 6}, {1, 3}], [{8, 2}, {6, 7}, {1, 5}, {3, 4}], [{8, 2}, {6, 7}, {3, 5}, {1, 4}], [{8, 2}, {6, 7}, {4, 5}, {1, 3}], [{8, 2}, {6, 7}, {5}, {3, 4}, {1}], [{8, 2}, {7}, {3, 6}, {4, 5}, {1}], [{8, 3}, {1, 7}, {2, 6}, {4, 5}], [{8, 3}, {1, 7}, {2, 6}, {5}, {4}], [{8, 3}, {1, 7}, {4, 6}, {2, 5}], [{8, 3}, {1, 7}, {5, 6}, {2, 4}], [{8, 3}, {1, 7}, {6}, {4, 5}, {2}], [{8, 3}, {2, 7}, {1, 6}, {4, 5}], [{8, 3}, {2, 7}, {1, 6}, {5}, {4}], [{8, 3}, {2, 7}, {4, 6}, {1, 5}], [{8, 3}, {2, 7}, {5, 6}, {1, 4}], [{8, 3}, {2, 7}, {6}, {4, 5}, {1}], [{8, 3}, {4, 7}, {1, 6}, {2, 5}], [{8, 3}, {4, 7}, {2, 6}, {1, 5}], [{8, 3}, {4, 7}, {5, 6}, {1, 2}], [{8, 3}, {4, 7}, {5, 6}, {2}, {1}], [{8, 3}, {5, 7}, {1, 6}, {2, 4}], [{8, 3}, {5, 7}, {2, 6}, {1, 4}], [{8, 3}, {5, 7}, {4, 6}, {1, 2}], [{8, 3}, {5, 7}, {4, 6}, {2}, {1}], [{8, 3}, {6, 7}, {1, 5}, {2, 4}], [{8, 3}, {6, 7}, {1, 5}, {4}, {2}], [{8, 3}, {6, 7}, {2, 5}, {1, 4}], [{8, 3}, {6, 7}, {2, 5}, {4}, {1}], [{8, 3}, {6, 7}, {4, 5}, {1, 2}], [{8, 3}, {6, 7}, {4, 5}, {2}, {1}], [{8, 3}, {6, 7}, {5}, {1, 4}, {2}], [{8, 3}, {6, 7}, {5}, {2, 4}, {1}], [{8, 3}, {6, 7}, {5}, {4}, {1, 2}], [{8, 3}, {6, 7}, {5}, {4}, {2}, {1}], [{8, 3}, {7}, {1, 6}, {4, 5}, {2}], [{8, 3}, {7}, {2, 6}, {4, 5}, {1}], [{8, 3}, {7}, {6}, {4, 5}, {1, 2}], [{8, 3}, {7}, {6}, {4, 5}, {2}, {1}], [{8, 4}, {1, 7}, {2, 6}, {3, 5}], [{8, 4}, {1, 7}, {3, 6}, {2, 5}], [{8, 4}, {1, 7}, {5, 6}, {2, 3}], [{8, 4}, {2, 7}, {1, 6}, {3, 5}], [{8, 4}, {2, 7}, {3, 6}, {1, 5}], [{8, 4}, {2, 7}, {5, 6}, {1, 3}], [{8, 4}, {3, 7}, {1, 6}, {2, 5}], [{8, 4}, {3, 7}, {2, 6}, {1, 5}], [{8, 4}, {3, 7}, {5, 6}, {1, 2}], [{8, 4}, {3, 7}, {6}, {1, 5}, {2}], [{8, 4}, {5, 7}, {1, 6}, {2, 3}], [{8, 4}, {5, 7}, {2, 6}, {1, 3}], [{8, 4}, {5, 7}, {3, 6}, {1, 2}], [{8, 4}, {5, 7}, {6}, {1, 3}, {2}], [{8, 4}, {5, 7}, {6}, {2, 3}, {1}], [{8, 4}, {5, 7}, {6}, {3}, {1, 2}], [{8, 4}, {6, 7}, {1, 5}, {2, 3}], [{8, 4}, {6, 7}, {1, 5}, {3}, {2}], [{8, 4}, {6, 7}, {2, 5}, {1, 3}], [{8, 4}, {6, 7}, {2, 5}, {3}, {1}], [{8, 4}, {6, 7}, {3, 5}, {1, 2}], [{8, 4}, {6, 7}, {3, 5}, {2}, {1}], [{8, 4}, {6, 7}, {5}, {1, 3}, {2}], [{8, 4}, {6, 7}, {5}, {2, 3}, {1}], [{8, 4}, {6, 7}, {5}, {3}, {1, 2}], [{8, 4}, {6, 7}, {5}, {3}, {2}, {1}], [{8, 4}, {7}, {3, 6}, {1, 5}, {2}], [{8, 4}, {7}, {5, 6}, {1, 3}, {2}], [{8, 4}, {7}, {5, 6}, {2, 3}, {1}], [{8, 4}, {7}, {5, 6}, {3}, {1, 2}], [{8, 5}, {1, 7}, {2, 6}, {3, 4}], [{8, 5}, {1, 7}, {3, 6}, {2, 4}], [{8, 5}, {1, 7}, {4, 6}, {2, 3}], [{8, 5}, {2, 7}, {1, 6}, {3, 4}], [{8, 5}, {2, 7}, {3, 6}, {1, 4}], [{8, 5}, {2, 7}, {4, 6}, {1, 3}], [{8, 5}, {3, 7}, {1, 6}, {2, 4}], [{8, 5}, {3, 7}, {2, 6}, {1, 4}], [{8, 5}, {3, 7}, {4, 6}, {1, 2}], [{8, 5}, {4, 7}, {1, 6}, {2, 3}], [{8, 5}, {4, 7}, {2, 6}, {1, 3}], [{8, 5}, {4, 7}, {3, 6}, {1, 2}], [{8, 5}, {4, 7}, {3, 6}, {2}, {1}], [{8, 5}, {6, 7}, {1, 4}, {2, 3}], [{8, 5}, {6, 7}, {2, 4}, {1, 3}], [{8, 5}, {6, 7}, {3, 4}, {1, 2}], [{8, 5}, {6, 7}, {3, 4}, {2}, {1}], [{8, 6}, {1, 7}, {2, 5}, {3, 4}], [{8, 6}, {1, 7}, {3, 5}, {2, 4}], [{8, 6}, {1, 7}, {4, 5}, {2, 3}], [{8, 6}, {1, 7}, {5}, {2, 4}, {3}], [{8, 6}, {1, 7}, {5}, {3, 4}, {2}], [{8, 6}, {1, 7}, {5}, {4}, {2, 3}], [{8, 6}, {2, 7}, {1, 5}, {3, 4}], [{8, 6}, {2, 7}, {3, 5}, {1, 4}], [{8, 6}, {2, 7}, {4, 5}, {1, 3}], [{8, 6}, {2, 7}, {5}, {1, 4}, {3}], [{8, 6}, {3, 7}, {1, 5}, {2, 4}], [{8, 6}, {3, 7}, {2, 5}, {1, 4}], [{8, 6}, {3, 7}, {4, 5}, {1, 2}], [{8, 6}, {3, 7}, {5}, {2, 4}, {1}], [{8, 6}, {4, 7}, {1, 5}, {2, 3}], [{8, 6}, {4, 7}, {2, 5}, {1, 3}], [{8, 6}, {4, 7}, {3, 5}, {1, 2}], [{8, 6}, {4, 7}, {3, 5}, {2}, {1}], [{8, 6}, {5, 7}, {1, 4}, {2, 3}], [{8, 6}, {5, 7}, {1, 4}, {3}, {2}], [{8, 6}, {5, 7}, {2, 4}, {1, 3}], [{8, 6}, {5, 7}, {3, 4}, {1, 2}], [{8, 6}, {7}, {2, 5}, {1, 4}, {3}], [{8, 6}, {7}, {4, 5}, {2, 3}, {1}], [{8, 6}, {7}, {5}, {2, 4}, {1, 3}], [{8, 7}, {1, 6}, {2, 5}, {3, 4}], [{8, 7}, {1, 6}, {3, 5}, {2, 4}], [{8, 7}, {1, 6}, {4, 5}, {2, 3}], [{8, 7}, {1, 6}, {5}, {3, 4}, {2}], [{8, 7}, {2, 6}, {1, 5}, {3, 4}], [{8, 7}, {2, 6}, {3, 5}, {1, 4}], [{8, 7}, {2, 6}, {3, 5}, {4}, {1}], [{8, 7}, {2, 6}, {4, 5}, {1, 3}], [{8, 7}, {3, 6}, {1, 5}, {2, 4}], [{8, 7}, {3, 6}, {2, 5}, {1, 4}], [{8, 7}, {3, 6}, {4, 5}, {1, 2}], [{8, 7}, {3, 6}, {5}, {1, 4}, {2}], [{8, 7}, {4, 6}, {1, 5}, {2, 3}], [{8, 7}, {4, 6}, {2, 5}, {1, 3}], [{8, 7}, {4, 6}, {3, 5}, {1, 2}], [{8, 7}, {4, 6}, {5}, {1, 3}, {2}], [{8, 7}, {5, 6}, {1, 4}, {2, 3}], [{8, 7}, {5, 6}, {2, 4}, {1, 3}], [{8, 7}, {5, 6}, {2, 4}, {3}, {1}], [{8, 7}, {5, 6}, {3, 4}, {1, 2}], [{8}, {1, 7}, {4, 6}, {3, 5}, {2}], [{8}, {2, 7}, {5, 6}, {3, 4}, {1}], [{8}, {5, 7}, {2, 6}, {3, 4}, {1}], [{8}, {5, 7}, {3, 6}, {2, 4}, {1}], [{8}, {6, 7}, {1, 5}, {3, 4}, {2}], [{8}, {6, 7}, {2, 5}, {3, 4}, {1}], [{8}, {6, 7}, {5}, {3, 4}, {1, 2}], [{8}, {6, 7}, {5}, {3, 4}, {2}, {1}]]",2,8 K_1^3 - 2 K_1^2 - 4 K_1 K_2 - 4 K_1 + K_2 + 2,O1O2O3U1O4U3U2U5O6O7U4O8U6U8O5U7,O1O2O3U4O5U3U2U5O6U1O7O8U7O4U6U8,O1O2O3U4U5O6U7O4O7U3O5U8U2U1O8U6,c,{'O1O2O3U4O5U6U7O6U8O4O7U5U2U1O8U3'},1,"<a href=""/flatknot/8.1101643"">8.1101643</a>",t^9-48t^7-88t^6+268t^5+476t^4+2t^3-116t^2-155t-34,-t^2+2t,,
8.1101644,O1O2O3U4O5U6U7O6U8O4O7U5U3U1O8U2,3,9z^2+54z+73,9w^3z^2+54w^2z+73w,False,False,"[[ 0  0  1  1 -1  0 -1  1 -1],[ 0  0  0  0  0 -1 -1  2  0],[-1  0  0  1 -2  0 -2  0 -1],[-1  0 -1  0 -1 -1 -2  1  0],[ 1  0  2  1  0  1  0  0 -1],[ 0  1  0  1 -1  0 -1  1  1],[ 1  1  2  2  0  1  0  1 -1],[-1 -2  0 -1  0 -1 -1  0 -3],[ 1  0  1  0  1 -1  1  3  0]]","[[ 0  1  1  1  0  0 -1 -1 -1],[-1  0  1  0  0  0 -1 -2 -2],[-1 -1  0  1  0 -1  0 -1 -2],[-1  0 -1  0 -2 -1 -3  0 -1],[ 0  0  0  2  0 -1  0  0 -1],[ 0  0  1  1  1  0  1 -1 -1],[ 1  1  0  3  0 -1  0  1  1],[ 1  2  1  0  0  1 -1  0  0],[ 1  2  2  1  1  1 -1  0  0]]",True,"[-1,-1,-1,0,0,1,1,1,-1,0,0,0,1,2,2,-1,0,1,0,1,2,2,1,3,0,1,1,0,0,1,-1,1,1,-1,-1,0]","[-1,-1,-1,0,0,1,1,1,-1,-1,1,2,-1,1,2,0,0,0,1,0,0,1,0,2,0,1,1,-1,1,1,0,1,0,0,1,-1]",t^8+39t^6+379t^4+131t^2,"[-1,-1,-1,0,0,1,1,1,-1,-1,1,2,-1,1,2,0,0,0,1,0,0,1,0,2,0,1,1,-1,1,1,0,1,0,0,1,-1]","[-1,-1,-1,0,0,1,1,1,-1,0,-1,0,-1,1,2,-1,1,0,2,0,1,1,1,1,0,0,-1,1,0,1,2,0,0,1,1,0]","[-1,-1,-1,0,0,1,1,1,-1,0,0,1,0,1,2,1,0,-1,3,0,1,1,1,1,2,2,-1,2,0,0,1,1,0,-1,0,-1]",c,"[[{8, 1}, {2, 7}, {3, 6}, {4, 5}], [{8, 1}, {2, 7}, {4, 6}, {3, 5}], [{8, 1}, {2, 7}, {5, 6}, {3, 4}], [{8, 1}, {3, 7}, {2, 6}, {4, 5}], [{8, 1}, {3, 7}, {4, 6}, {2, 5}], [{8, 1}, {3, 7}, {5, 6}, {2, 4}], [{8, 1}, {4, 7}, {2, 6}, {3, 5}], [{8, 1}, {4, 7}, {3, 6}, {2, 5}], [{8, 1}, {4, 7}, {5, 6}, {2, 3}], [{8, 1}, {5, 7}, {2, 6}, {3, 4}], [{8, 1}, {5, 7}, {3, 6}, {2, 4}], [{8, 1}, {5, 7}, {4, 6}, {2, 3}], [{8, 1}, {6, 7}, {2, 5}, {3, 4}], [{8, 1}, {6, 7}, {3, 5}, {2, 4}], [{8, 1}, {6, 7}, {4, 5}, {2, 3}], [{8, 2}, {1, 7}, {3, 6}, {4, 5}], [{8, 2}, {1, 7}, {4, 6}, {3, 5}], [{8, 2}, {1, 7}, {5, 6}, {3, 4}], [{8, 2}, {3, 7}, {1, 6}, {4, 5}], [{8, 2}, {3, 7}, {4, 6}, {1, 5}], [{8, 2}, {3, 7}, {5, 6}, {1, 4}], [{8, 2}, {3, 7}, {6}, {4, 5}, {1}], [{8, 2}, {4, 7}, {1, 6}, {3, 5}], [{8, 2}, {4, 7}, {3, 6}, {1, 5}], [{8, 2}, {4, 7}, {3, 6}, {5}, {1}], [{8, 2}, {4, 7}, {5, 6}, {1, 3}], [{8, 2}, {5, 7}, {1, 6}, {3, 4}], [{8, 2}, {5, 7}, {3, 6}, {1, 4}], [{8, 2}, {5, 7}, {4, 6}, {1, 3}], [{8, 2}, {5, 7}, {6}, {3, 4}, {1}], [{8, 2}, {6, 7}, {1, 5}, {3, 4}], [{8, 2}, {6, 7}, {3, 5}, {1, 4}], [{8, 2}, {6, 7}, {4, 5}, {1, 3}], [{8, 2}, {6, 7}, {5}, {3, 4}, {1}], [{8, 2}, {7}, {5, 6}, {3, 4}, {1}], [{8, 3}, {1, 7}, {2, 6}, {4, 5}], [{8, 3}, {1, 7}, {4, 6}, {2, 5}], [{8, 3}, {1, 7}, {5, 6}, {2, 4}], [{8, 3}, {2, 7}, {1, 6}, {4, 5}], [{8, 3}, {2, 7}, {4, 6}, {1, 5}], [{8, 3}, {2, 7}, {5, 6}, {1, 4}], [{8, 3}, {2, 7}, {6}, {4, 5}, {1}], [{8, 3}, {4, 7}, {1, 6}, {2, 5}], [{8, 3}, {4, 7}, {2, 6}, {1, 5}], [{8, 3}, {4, 7}, {2, 6}, {5}, {1}], [{8, 3}, {4, 7}, {5, 6}, {1, 2}], [{8, 3}, {5, 7}, {1, 6}, {2, 4}], [{8, 3}, {5, 7}, {2, 6}, {1, 4}], [{8, 3}, {5, 7}, {4, 6}, {1, 2}], [{8, 3}, {5, 7}, {6}, {2, 4}, {1}], [{8, 3}, {6, 7}, {1, 5}, {2, 4}], [{8, 3}, {6, 7}, {2, 5}, {1, 4}], [{8, 3}, {6, 7}, {4, 5}, {1, 2}], [{8, 3}, {6, 7}, {5}, {2, 4}, {1}], [{8, 3}, {7}, {4, 6}, {5}, {1, 2}], [{8, 3}, {7}, {5, 6}, {2, 4}, {1}], [{8, 4}, {1, 7}, {2, 6}, {3, 5}], [{8, 4}, {1, 7}, {2, 6}, {5}, {3}], [{8, 4}, {1, 7}, {3, 6}, {2, 5}], [{8, 4}, {1, 7}, {3, 6}, {5}, {2}], [{8, 4}, {1, 7}, {5, 6}, {2, 3}], [{8, 4}, {1, 7}, {5, 6}, {3}, {2}], [{8, 4}, {1, 7}, {6}, {2, 5}, {3}], [{8, 4}, {1, 7}, {6}, {3, 5}, {2}], [{8, 4}, {1, 7}, {6}, {5}, {2, 3}], [{8, 4}, {1, 7}, {6}, {5}, {3}, {2}], [{8, 4}, {2, 7}, {1, 6}, {3, 5}], [{8, 4}, {2, 7}, {1, 6}, {5}, {3}], [{8, 4}, {2, 7}, {3, 6}, {1, 5}], [{8, 4}, {2, 7}, {3, 6}, {5}, {1}], [{8, 4}, {2, 7}, {5, 6}, {1, 3}], [{8, 4}, {2, 7}, {5, 6}, {3}, {1}], [{8, 4}, {2, 7}, {6}, {1, 5}, {3}], [{8, 4}, {2, 7}, {6}, {3, 5}, {1}], [{8, 4}, {2, 7}, {6}, {5}, {1, 3}], [{8, 4}, {2, 7}, {6}, {5}, {3}, {1}], [{8, 4}, {3, 7}, {1, 6}, {2, 5}], [{8, 4}, {3, 7}, {1, 6}, {5}, {2}], [{8, 4}, {3, 7}, {2, 6}, {1, 5}], [{8, 4}, {3, 7}, {2, 6}, {5}, {1}], [{8, 4}, {3, 7}, {5, 6}, {1, 2}], [{8, 4}, {3, 7}, {5, 6}, {2}, {1}], [{8, 4}, {3, 7}, {6}, {1, 5}, {2}], [{8, 4}, {3, 7}, {6}, {2, 5}, {1}], [{8, 4}, {3, 7}, {6}, {5}, {1, 2}], [{8, 4}, {3, 7}, {6}, {5}, {2}, {1}], [{8, 4}, {5, 7}, {1, 6}, {2, 3}], [{8, 4}, {5, 7}, {1, 6}, {3}, {2}], [{8, 4}, {5, 7}, {2, 6}, {1, 3}], [{8, 4}, {5, 7}, {2, 6}, {3}, {1}], [{8, 4}, {5, 7}, {3, 6}, {1, 2}], [{8, 4}, {5, 7}, {3, 6}, {2}, {1}], [{8, 4}, {5, 7}, {6}, {1, 3}, {2}], [{8, 4}, {5, 7}, {6}, {2, 3}, {1}], [{8, 4}, {5, 7}, {6}, {3}, {1, 2}], [{8, 4}, {5, 7}, {6}, {3}, {2}, {1}], [{8, 4}, {6, 7}, {1, 5}, {2, 3}], [{8, 4}, {6, 7}, {1, 5}, {3}, {2}], [{8, 4}, {6, 7}, {2, 5}, {1, 3}], [{8, 4}, {6, 7}, {2, 5}, {3}, {1}], [{8, 4}, {6, 7}, {3, 5}, {1, 2}], [{8, 4}, {6, 7}, {3, 5}, {2}, {1}], [{8, 4}, {6, 7}, {5}, {1, 3}, {2}], [{8, 4}, {6, 7}, {5}, {2, 3}, {1}], [{8, 4}, {6, 7}, {5}, {3}, {1, 2}], [{8, 4}, {6, 7}, {5}, {3}, {2}, {1}], [{8, 4}, {7}, {1, 6}, {2, 5}, {3}], [{8, 4}, {7}, {1, 6}, {3, 5}, {2}], [{8, 4}, {7}, {1, 6}, {5}, {2, 3}], [{8, 4}, {7}, {1, 6}, {5}, {3}, {2}], [{8, 4}, {7}, {2, 6}, {1, 5}, {3}], [{8, 4}, {7}, {2, 6}, {3, 5}, {1}], [{8, 4}, {7}, {2, 6}, {5}, {1, 3}], [{8, 4}, {7}, {2, 6}, {5}, {3}, {1}], [{8, 4}, {7}, {3, 6}, {1, 5}, {2}], [{8, 4}, {7}, {3, 6}, {2, 5}, {1}], [{8, 4}, {7}, {3, 6}, {5}, {1, 2}], [{8, 4}, {7}, {3, 6}, {5}, {2}, {1}], [{8, 4}, {7}, {5, 6}, {1, 3}, {2}], [{8, 4}, {7}, {5, 6}, {2, 3}, {1}], [{8, 4}, {7}, {5, 6}, {3}, {1, 2}], [{8, 4}, {7}, {5, 6}, {3}, {2}, {1}], [{8, 4}, {7}, {6}, {1, 5}, {2, 3}], [{8, 4}, {7}, {6}, {1, 5}, {3}, {2}], [{8, 4}, {7}, {6}, {2, 5}, {1, 3}], [{8, 4}, {7}, {6}, {2, 5}, {3}, {1}], [{8, 4}, {7}, {6}, {3, 5}, {1, 2}], [{8, 4}, {7}, {6}, {3, 5}, {2}, {1}], [{8, 4}, {7}, {6}, {5}, {1, 3}, {2}], [{8, 4}, {7}, {6}, {5}, {2, 3}, {1}], [{8, 4}, {7}, {6}, {5}, {3}, {1, 2}], [{8, 4}, {7}, {6}, {5}, {3}, {2}, {1}], [{8, 5}, {1, 7}, {2, 6}, {3, 4}], [{8, 5}, {1, 7}, {3, 6}, {2, 4}], [{8, 5}, {1, 7}, {4, 6}, {2, 3}], [{8, 5}, {2, 7}, {1, 6}, {3, 4}], [{8, 5}, {2, 7}, {3, 6}, {1, 4}], [{8, 5}, {2, 7}, {4, 6}, {1, 3}], [{8, 5}, {2, 7}, {6}, {3, 4}, {1}], [{8, 5}, {3, 7}, {1, 6}, {2, 4}], [{8, 5}, {3, 7}, {2, 6}, {1, 4}], [{8, 5}, {3, 7}, {4, 6}, {1, 2}], [{8, 5}, {3, 7}, {6}, {2, 4}, {1}], [{8, 5}, {4, 7}, {1, 6}, {2, 3}], [{8, 5}, {4, 7}, {2, 6}, {1, 3}], [{8, 5}, {4, 7}, {3, 6}, {1, 2}], [{8, 5}, {4, 7}, {6}, {3}, {1, 2}], [{8, 5}, {6, 7}, {1, 4}, {2, 3}], [{8, 5}, {6, 7}, {2, 4}, {1, 3}], [{8, 5}, {6, 7}, {3, 4}, {1, 2}], [{8, 5}, {6, 7}, {4}, {3}, {1, 2}], [{8, 5}, {7}, {4, 6}, {3}, {1, 2}], [{8, 6}, {1, 7}, {2, 5}, {3, 4}], [{8, 6}, {1, 7}, {3, 5}, {2, 4}], [{8, 6}, {1, 7}, {4, 5}, {2, 3}], [{8, 6}, {2, 7}, {1, 5}, {3, 4}], [{8, 6}, {2, 7}, {3, 5}, {1, 4}], [{8, 6}, {2, 7}, {4, 5}, {1, 3}], [{8, 6}, {3, 7}, {1, 5}, {2, 4}], [{8, 6}, {3, 7}, {2, 5}, {1, 4}], [{8, 6}, {3, 7}, {4, 5}, {1, 2}], [{8, 6}, {3, 7}, {5}, {4}, {1, 2}], [{8, 6}, {4, 7}, {1, 5}, {2, 3}], [{8, 6}, {4, 7}, {2, 5}, {1, 3}], [{8, 6}, {4, 7}, {3, 5}, {1, 2}], [{8, 6}, {4, 7}, {5}, {3}, {1, 2}], [{8, 6}, {5, 7}, {1, 4}, {2, 3}], [{8, 6}, {5, 7}, {2, 4}, {1, 3}], [{8, 6}, {5, 7}, {3, 4}, {1, 2}], [{8, 6}, {5, 7}, {4}, {3}, {1, 2}], [{8, 6}, {7}, {3, 5}, {4}, {1, 2}], [{8, 6}, {7}, {4, 5}, {3}, {1, 2}], [{8, 6}, {7}, {5}, {3, 4}, {1, 2}], [{8, 6}, {7}, {5}, {4}, {3}, {1, 2}], [{8, 7}, {1, 6}, {2, 5}, {3, 4}], [{8, 7}, {1, 6}, {2, 5}, {4}, {3}], [{8, 7}, {1, 6}, {3, 5}, {2, 4}], [{8, 7}, {1, 6}, {4, 5}, {2, 3}], [{8, 7}, {2, 6}, {1, 5}, {3, 4}], [{8, 7}, {2, 6}, {3, 5}, {1, 4}], [{8, 7}, {2, 6}, {4, 5}, {1, 3}], [{8, 7}, {2, 6}, {5}, {3, 4}, {1}], [{8, 7}, {3, 6}, {1, 5}, {2, 4}], [{8, 7}, {3, 6}, {2, 5}, {1, 4}], [{8, 7}, {3, 6}, {4, 5}, {1, 2}], [{8, 7}, {3, 6}, {5}, {2, 4}, {1}], [{8, 7}, {4, 6}, {1, 5}, {2, 3}], [{8, 7}, {4, 6}, {2, 5}, {1, 3}], [{8, 7}, {4, 6}, {3, 5}, {1, 2}], [{8, 7}, {4, 6}, {5}, {3}, {1, 2}], [{8, 7}, {5, 6}, {1, 4}, {2, 3}], [{8, 7}, {5, 6}, {2, 4}, {1, 3}], [{8, 7}, {5, 6}, {3, 4}, {1, 2}], [{8, 7}, {5, 6}, {4}, {3}, {1, 2}], [{8, 7}, {6}, {4, 5}, {3}, {1, 2}], [{8}, {3, 7}, {4, 6}, {5}, {1, 2}], [{8}, {4, 7}, {1, 6}, {2, 5}, {3}], [{8}, {4, 7}, {5, 6}, {3}, {1, 2}], [{8}, {5, 7}, {4, 6}, {3}, {1, 2}], [{8}, {6, 7}, {4, 5}, {3}, {1, 2}], [{8}, {7}, {4, 6}, {3, 5}, {1, 2}], [{8}, {7}, {4, 6}, {5}, {3}, {1, 2}]]",2,4 K_1^3 - 12 K_1^2 - 8 K_1 K_2 + K_1 + 6 K_2 + 3 K_3 + 7,O1O2O3U2O4U3U1U5O6O7U4O8U6U8O5U7,O1O2O3U4O5U3U5U2O6U1O7O8U7O4U6U8,O1O2O3U4U5O6U7O4O7U3O5U2U8U1O8U6,c,"{'O1O2U3O4O3U5O6U7U8O7U1O5O8U6U2U4', 'O1O2O3U4O5U6U7O6U8O4O7U5U3U1O8U2'}",2,"<a href=""/flatknot/8.1101644"">8.1101644</a>",t^9-39t^7-60t^6+209t^5+334t^4-31t^3-214t^2-120t-24,0,,
8.1101645,O1O2O3U4O5U6U7O6U1O4O8U2U3U5O7U8,4,2z^3+33z^2+112z+109,2w^4z^3+33w^3z^2+112w^2z+109w,False,False,"[[ 0 -1 -1  1 -1  2 -1 -1  2],[ 1  0  0  1  1  2  1  0  2],[ 1  0  0  1  1  1  1  1  2],[-1 -1 -1  0 -1  0 -1  0  1],[ 1 -1 -1  1  0  2  0 -1  2],[-2 -2 -1  0 -2  0 -2 -1  0],[ 1 -1 -1  1  0  2  0 -1  3],[ 1  0 -1  0  1  1  1  0  2],[-2 -2 -2 -1 -2  0 -3 -2  0]]","[[ 0  2  2  1 -1 -1 -1 -1 -1],[-2  0  0  0 -1 -1 -2 -2 -2],[-2  0  0 -1 -2 -2 -2 -2 -3],[-1  0  1  0  0 -1 -1 -1 -1],[ 1  1  2  0  0 -1  1  0  1],[ 1  1  2  1  1  0  1  0  1],[ 1  2  2  1 -1 -1  0 -1  0],[ 1  2  2  1  0  0  1  0  1],[ 1  2  3  1 -1 -1  0 -1  0]]",True,"[-2,-2,-1,1,1,1,1,1,0,0,1,1,2,2,2,1,2,2,2,2,3,0,1,1,1,1,1,-1,0,-1,-1,0,-1,1,0,-1]","[-2,-2,-1,1,1,1,1,1,0,0,0,1,1,1,1,1,1,1,1,2,2,1,1,1,1,2,-1,0,-1,-1,1,0,0,-1,-1,1]",t^8+51t^6+122t^4+28t^2+1,"[-1,-1,-1,-1,-1,1,2,2,-1,-1,-1,0,1,1,2,-1,-1,0,2,1,2,0,1,1,0,1,1,1,1,1,1,1,1,0,1,0]","[-2,-2,-1,1,1,1,1,1,0,0,0,1,1,1,1,1,1,1,1,2,2,1,1,1,1,2,-1,0,-1,-1,1,0,0,-1,-1,1]","[-1,-1,-1,-1,-1,1,2,2,-1,-1,-1,0,1,2,2,-1,0,1,0,1,2,0,1,1,1,2,1,1,2,2,1,2,3,0,1,0]",c,"[[{8, 1}, {2, 7}, {3, 6}, {4, 5}], [{8, 1}, {2, 7}, {4, 6}, {3, 5}], [{8, 1}, {2, 7}, {5, 6}, {3, 4}], [{8, 1}, {2, 7}, {6}, {5}, {3, 4}], [{8, 1}, {3, 7}, {2, 6}, {4, 5}], [{8, 1}, {3, 7}, {4, 6}, {2, 5}], [{8, 1}, {3, 7}, {5, 6}, {2, 4}], [{8, 1}, {4, 7}, {2, 6}, {3, 5}], [{8, 1}, {4, 7}, {3, 6}, {2, 5}], [{8, 1}, {4, 7}, {5, 6}, {2, 3}], [{8, 1}, {4, 7}, {6}, {2, 5}, {3}], [{8, 1}, {5, 7}, {2, 6}, {3, 4}], [{8, 1}, {5, 7}, {2, 6}, {4}, {3}], [{8, 1}, {5, 7}, {3, 6}, {2, 4}], [{8, 1}, {5, 7}, {4, 6}, {2, 3}], [{8, 1}, {6, 7}, {2, 5}, {3, 4}], [{8, 1}, {6, 7}, {3, 5}, {2, 4}], [{8, 1}, {6, 7}, {4, 5}, {2, 3}], [{8, 1}, {7}, {3, 6}, {5}, {2, 4}], [{8, 1}, {7}, {5, 6}, {3, 4}, {2}], [{8, 1}, {7}, {6}, {4, 5}, {2, 3}], [{8, 2}, {1, 7}, {3, 6}, {4, 5}], [{8, 2}, {1, 7}, {4, 6}, {3, 5}], [{8, 2}, {1, 7}, {5, 6}, {3, 4}], [{8, 2}, {1, 7}, {5, 6}, {4}, {3}], [{8, 2}, {3, 7}, {1, 6}, {4, 5}], [{8, 2}, {3, 7}, {1, 6}, {5}, {4}], [{8, 2}, {3, 7}, {4, 6}, {1, 5}], [{8, 2}, {3, 7}, {5, 6}, {1, 4}], [{8, 2}, {3, 7}, {5, 6}, {4}, {1}], [{8, 2}, {3, 7}, {6}, {1, 5}, {4}], [{8, 2}, {4, 7}, {1, 6}, {3, 5}], [{8, 2}, {4, 7}, {1, 6}, {5}, {3}], [{8, 2}, {4, 7}, {3, 6}, {1, 5}], [{8, 2}, {4, 7}, {5, 6}, {1, 3}], [{8, 2}, {4, 7}, {5, 6}, {3}, {1}], [{8, 2}, {4, 7}, {6}, {1, 5}, {3}], [{8, 2}, {5, 7}, {1, 6}, {3, 4}], [{8, 2}, {5, 7}, {1, 6}, {4}, {3}], [{8, 2}, {5, 7}, {3, 6}, {1, 4}], [{8, 2}, {5, 7}, {4, 6}, {1, 3}], [{8, 2}, {6, 7}, {1, 5}, {3, 4}], [{8, 2}, {6, 7}, {3, 5}, {1, 4}], [{8, 2}, {6, 7}, {4, 5}, {1, 3}], [{8, 2}, {7}, {1, 6}, {3, 5}, {4}], [{8, 2}, {7}, {1, 6}, {4, 5}, {3}], [{8, 2}, {7}, {1, 6}, {5}, {3, 4}], [{8, 2}, {7}, {3, 6}, {5}, {1, 4}], [{8, 2}, {7}, {4, 6}, {3, 5}, {1}], [{8, 2}, {7}, {5, 6}, {1, 4}, {3}], [{8, 2}, {7}, {5, 6}, {3, 4}, {1}], [{8, 2}, {7}, {5, 6}, {4}, {1, 3}], [{8, 2}, {7}, {6}, {1, 5}, {3, 4}], [{8, 2}, {7}, {6}, {3, 5}, {1, 4}], [{8, 3}, {1, 7}, {2, 6}, {4, 5}], [{8, 3}, {1, 7}, {4, 6}, {2, 5}], [{8, 3}, {1, 7}, {5, 6}, {2, 4}], [{8, 3}, {2, 7}, {1, 6}, {4, 5}], [{8, 3}, {2, 7}, {4, 6}, {1, 5}], [{8, 3}, {2, 7}, {5, 6}, {1, 4}], [{8, 3}, {4, 7}, {1, 6}, {2, 5}], [{8, 3}, {4, 7}, {1, 6}, {5}, {2}], [{8, 3}, {4, 7}, {2, 6}, {1, 5}], [{8, 3}, {4, 7}, {5, 6}, {1, 2}], [{8, 3}, {4, 7}, {6}, {2, 5}, {1}], [{8, 3}, {5, 7}, {1, 6}, {2, 4}], [{8, 3}, {5, 7}, {2, 6}, {1, 4}], [{8, 3}, {5, 7}, {4, 6}, {1, 2}], [{8, 3}, {5, 7}, {4, 6}, {2}, {1}], [{8, 3}, {6, 7}, {1, 5}, {2, 4}], [{8, 3}, {6, 7}, {2, 5}, {1, 4}], [{8, 3}, {6, 7}, {4, 5}, {1, 2}], [{8, 3}, {6, 7}, {5}, {2, 4}, {1}], [{8, 4}, {1, 7}, {2, 6}, {3, 5}], [{8, 4}, {1, 7}, {3, 6}, {2, 5}], [{8, 4}, {1, 7}, {3, 6}, {5}, {2}], [{8, 4}, {1, 7}, {5, 6}, {2, 3}], [{8, 4}, {2, 7}, {1, 6}, {3, 5}], [{8, 4}, {2, 7}, {1, 6}, {5}, {3}], [{8, 4}, {2, 7}, {3, 6}, {1, 5}], [{8, 4}, {2, 7}, {3, 6}, {5}, {1}], [{8, 4}, {2, 7}, {5, 6}, {1, 3}], [{8, 4}, {2, 7}, {6}, {5}, {1, 3}], [{8, 4}, {3, 7}, {1, 6}, {2, 5}], [{8, 4}, {3, 7}, {2, 6}, {1, 5}], [{8, 4}, {3, 7}, {5, 6}, {1, 2}], [{8, 4}, {5, 7}, {1, 6}, {2, 3}], [{8, 4}, {5, 7}, {2, 6}, {1, 3}], [{8, 4}, {5, 7}, {3, 6}, {1, 2}], [{8, 4}, {5, 7}, {3, 6}, {2}, {1}], [{8, 4}, {6, 7}, {1, 5}, {2, 3}], [{8, 4}, {6, 7}, {2, 5}, {1, 3}], [{8, 4}, {6, 7}, {3, 5}, {1, 2}], [{8, 4}, {6, 7}, {5}, {1, 3}, {2}], [{8, 4}, {7}, {2, 6}, {5}, {1, 3}], [{8, 4}, {7}, {3, 6}, {1, 5}, {2}], [{8, 4}, {7}, {3, 6}, {2, 5}, {1}], [{8, 4}, {7}, {3, 6}, {5}, {1, 2}], [{8, 4}, {7}, {5, 6}, {2, 3}, {1}], [{8, 5}, {1, 7}, {2, 6}, {3, 4}], [{8, 5}, {1, 7}, {3, 6}, {2, 4}], [{8, 5}, {1, 7}, {4, 6}, {2, 3}], [{8, 5}, {1, 7}, {6}, {4}, {2, 3}], [{8, 5}, {2, 7}, {1, 6}, {3, 4}], [{8, 5}, {2, 7}, {3, 6}, {1, 4}], [{8, 5}, {2, 7}, {4, 6}, {1, 3}], [{8, 5}, {3, 7}, {1, 6}, {2, 4}], [{8, 5}, {3, 7}, {2, 6}, {1, 4}], [{8, 5}, {3, 7}, {4, 6}, {1, 2}], [{8, 5}, {4, 7}, {1, 6}, {2, 3}], [{8, 5}, {4, 7}, {2, 6}, {1, 3}], [{8, 5}, {4, 7}, {3, 6}, {1, 2}], [{8, 5}, {4, 7}, {3, 6}, {2}, {1}], [{8, 5}, {4, 7}, {6}, {3}, {1, 2}], [{8, 5}, {6, 7}, {1, 4}, {2, 3}], [{8, 5}, {6, 7}, {1, 4}, {3}, {2}], [{8, 5}, {6, 7}, {2, 4}, {1, 3}], [{8, 5}, {6, 7}, {3, 4}, {1, 2}], [{8, 5}, {7}, {2, 6}, {3, 4}, {1}], [{8, 6}, {1, 7}, {2, 5}, {3, 4}], [{8, 6}, {1, 7}, {3, 5}, {2, 4}], [{8, 6}, {1, 7}, {4, 5}, {2, 3}], [{8, 6}, {2, 7}, {1, 5}, {3, 4}], [{8, 6}, {2, 7}, {3, 5}, {1, 4}], [{8, 6}, {2, 7}, {4, 5}, {1, 3}], [{8, 6}, {2, 7}, {5}, {1, 4}, {3}], [{8, 6}, {3, 7}, {1, 5}, {2, 4}], [{8, 6}, {3, 7}, {2, 5}, {1, 4}], [{8, 6}, {3, 7}, {4, 5}, {1, 2}], [{8, 6}, {4, 7}, {1, 5}, {2, 3}], [{8, 6}, {4, 7}, {2, 5}, {1, 3}], [{8, 6}, {4, 7}, {3, 5}, {1, 2}], [{8, 6}, {4, 7}, {5}, {1, 3}, {2}], [{8, 6}, {5, 7}, {1, 4}, {2, 3}], [{8, 6}, {5, 7}, {1, 4}, {3}, {2}], [{8, 6}, {5, 7}, {2, 4}, {1, 3}], [{8, 6}, {5, 7}, {2, 4}, {3}, {1}], [{8, 6}, {5, 7}, {3, 4}, {1, 2}], [{8, 6}, {5, 7}, {3, 4}, {2}, {1}], [{8, 6}, {5, 7}, {4}, {1, 3}, {2}], [{8, 6}, {5, 7}, {4}, {2, 3}, {1}], [{8, 6}, {5, 7}, {4}, {3}, {1, 2}], [{8, 6}, {5, 7}, {4}, {3}, {2}, {1}], [{8, 6}, {7}, {2, 5}, {1, 4}, {3}], [{8, 6}, {7}, {4, 5}, {1, 3}, {2}], [{8, 7}, {1, 6}, {2, 5}, {3, 4}], [{8, 7}, {1, 6}, {3, 5}, {2, 4}], [{8, 7}, {1, 6}, {4, 5}, {2, 3}], [{8, 7}, {2, 6}, {1, 5}, {3, 4}], [{8, 7}, {2, 6}, {3, 5}, {1, 4}], [{8, 7}, {2, 6}, {4, 5}, {1, 3}], [{8, 7}, {3, 6}, {1, 5}, {2, 4}], [{8, 7}, {3, 6}, {2, 5}, {1, 4}], [{8, 7}, {3, 6}, {4, 5}, {1, 2}], [{8, 7}, {3, 6}, {4, 5}, {2}, {1}], [{8, 7}, {4, 6}, {1, 5}, {2, 3}], [{8, 7}, {4, 6}, {2, 5}, {1, 3}], [{8, 7}, {4, 6}, {3, 5}, {1, 2}], [{8, 7}, {5, 6}, {1, 4}, {2, 3}], [{8, 7}, {5, 6}, {2, 4}, {1, 3}], [{8, 7}, {5, 6}, {3, 4}, {1, 2}], [{8, 7}, {6}, {1, 5}, {4}, {2, 3}], [{8, 7}, {6}, {2, 5}, {3, 4}, {1}], [{8, 7}, {6}, {5}, {2, 4}, {1, 3}], [{8}, {1, 7}, {2, 6}, {5}, {3, 4}], [{8}, {1, 7}, {6}, {3, 5}, {2, 4}], [{8}, {4, 7}, {1, 6}, {5}, {2, 3}], [{8}, {4, 7}, {6}, {2, 5}, {1, 3}], [{8}, {6, 7}, {1, 5}, {3, 4}, {2}], [{8}, {7}, {5, 6}, {3, 4}, {1, 2}]]",2,16 K_1^3 - 12 K_1^2 - 8 K_1 K_2 - 8 K_1 + 6 K_2 + 7,O1O2O3U4O5U6U1U2O4O7U3O8U5U8O6U7,O1O2O3U4O5U6U1U2O7U3O8O4U8O6U7U5,O1O2O3U4U5O6U7O8O7U1O5U2U3U6O4U8,c,{'O1O2O3U4O5U6U7O6U1O4O8U2U3U5O7U8'},1,"<a href=""/flatknot/8.1101645"">8.1101645</a>",t^9-47t^7-142t^6-62t^5+156t^4+109t^3-40t^2-32t+4,-2t^2+4t,,
8.1101646,O1O2O3U4O5U6U7O6U1O4O8U2U5U3O7U8,4,13z^2+94z+137,13w^3z^2+94w^2z+137w,False,False,"[[ 0 -1 -1  2 -1  1 -1 -1  2],[ 1  0  0  2  1  1  1  0  2],[ 1  0  0  2  1  0  1  1  2],[-2 -2 -2  0 -1 -1 -2 -1  1],[ 1 -1 -1  1  0  1  0 -1  2],[-1 -1  0  1 -1  0 -1  0  0],[ 1 -1 -1  2  0  1  0 -1  3],[ 1  0 -1  1  1  0  1  0  2],[-2 -2 -2 -1 -2  0 -3 -2  0]]","[[ 0  2  2  1 -1 -1 -1 -1 -1],[-2  0  1 -1 -1 -1 -2 -2 -2],[-2 -1  0  0 -2 -2 -2 -2 -3],[-1  1  0  0  0 -1  0 -1 -1],[ 1  1  2  0  0  1 -1  0  1],[ 1  1  2  1 -1  0 -1 -1  0],[ 1  2  2  0  1  1  0  0  1],[ 1  2  2  1  0  1  0  0  1],[ 1  2  3  1 -1  0 -1 -1  0]]",True,"[-2,-2,-1,1,1,1,1,1,-1,1,1,1,2,2,2,0,2,2,2,2,3,0,1,0,1,1,-1,1,0,-1,1,1,0,0,-1,-1]","[-2,-2,-1,1,1,1,1,1,-1,1,0,1,1,1,1,0,1,1,1,2,2,1,1,2,1,2,-1,-1,0,-1,0,1,0,1,1,-1]",t^8+51t^6+172t^4+27t^2+1,"[-1,-1,-1,-1,-1,1,2,2,-1,-1,-1,0,2,1,1,-1,-1,0,2,1,2,0,1,1,0,1,1,1,1,2,1,1,1,1,0,1]","[-2,-2,-1,1,1,1,1,1,-1,1,0,1,1,1,1,0,1,1,1,2,2,1,1,2,1,2,-1,-1,0,-1,0,1,0,1,1,-1]","[-1,-1,-1,-1,-1,1,2,2,-1,-1,-1,0,1,1,2,-1,0,1,0,1,2,0,1,0,2,2,1,1,2,2,1,2,3,1,0,1]",c,"[[{8, 1}, {2, 7}, {3, 6}, {4, 5}], [{8, 1}, {2, 7}, {4, 6}, {3, 5}], [{8, 1}, {2, 7}, {5, 6}, {3, 4}], [{8, 1}, {3, 7}, {2, 6}, {4, 5}], [{8, 1}, {3, 7}, {4, 6}, {2, 5}], [{8, 1}, {3, 7}, {5, 6}, {2, 4}], [{8, 1}, {3, 7}, {6}, {5}, {2, 4}], [{8, 1}, {4, 7}, {2, 6}, {3, 5}], [{8, 1}, {4, 7}, {3, 6}, {2, 5}], [{8, 1}, {4, 7}, {5, 6}, {2, 3}], [{8, 1}, {4, 7}, {6}, {5}, {2, 3}], [{8, 1}, {5, 7}, {2, 6}, {3, 4}], [{8, 1}, {5, 7}, {3, 6}, {2, 4}], [{8, 1}, {5, 7}, {4, 6}, {2, 3}], [{8, 1}, {5, 7}, {6}, {2, 4}, {3}], [{8, 1}, {5, 7}, {6}, {3, 4}, {2}], [{8, 1}, {5, 7}, {6}, {4}, {2, 3}], [{8, 1}, {6, 7}, {2, 5}, {3, 4}], [{8, 1}, {6, 7}, {3, 5}, {2, 4}], [{8, 1}, {6, 7}, {4, 5}, {2, 3}], [{8, 1}, {7}, {6}, {3, 5}, {2, 4}], [{8, 1}, {7}, {6}, {4, 5}, {2, 3}], [{8, 2}, {1, 7}, {3, 6}, {4, 5}], [{8, 2}, {1, 7}, {4, 6}, {3, 5}], [{8, 2}, {1, 7}, {5, 6}, {3, 4}], [{8, 2}, {3, 7}, {1, 6}, {4, 5}], [{8, 2}, {3, 7}, {4, 6}, {1, 5}], [{8, 2}, {3, 7}, {5, 6}, {1, 4}], [{8, 2}, {3, 7}, {5, 6}, {4}, {1}], [{8, 2}, {3, 7}, {6}, {5}, {1, 4}], [{8, 2}, {4, 7}, {1, 6}, {3, 5}], [{8, 2}, {4, 7}, {3, 6}, {1, 5}], [{8, 2}, {4, 7}, {5, 6}, {1, 3}], [{8, 2}, {4, 7}, {6}, {5}, {1, 3}], [{8, 2}, {5, 7}, {1, 6}, {3, 4}], [{8, 2}, {5, 7}, {3, 6}, {1, 4}], [{8, 2}, {5, 7}, {4, 6}, {1, 3}], [{8, 2}, {5, 7}, {6}, {1, 4}, {3}], [{8, 2}, {5, 7}, {6}, {3, 4}, {1}], [{8, 2}, {5, 7}, {6}, {4}, {1, 3}], [{8, 2}, {6, 7}, {1, 5}, {3, 4}], [{8, 2}, {6, 7}, {1, 5}, {4}, {3}], [{8, 2}, {6, 7}, {3, 5}, {1, 4}], [{8, 2}, {6, 7}, {4, 5}, {1, 3}], [{8, 2}, {7}, {1, 6}, {4, 5}, {3}], [{8, 2}, {7}, {3, 6}, {4, 5}, {1}], [{8, 2}, {7}, {6}, {3, 5}, {1, 4}], [{8, 2}, {7}, {6}, {4, 5}, {1, 3}], [{8, 3}, {1, 7}, {2, 6}, {4, 5}], [{8, 3}, {1, 7}, {4, 6}, {2, 5}], [{8, 3}, {1, 7}, {5, 6}, {2, 4}], [{8, 3}, {1, 7}, {6}, {2, 5}, {4}], [{8, 3}, {2, 7}, {1, 6}, {4, 5}], [{8, 3}, {2, 7}, {4, 6}, {1, 5}], [{8, 3}, {2, 7}, {5, 6}, {1, 4}], [{8, 3}, {2, 7}, {6}, {1, 5}, {4}], [{8, 3}, {4, 7}, {1, 6}, {2, 5}], [{8, 3}, {4, 7}, {2, 6}, {1, 5}], [{8, 3}, {4, 7}, {5, 6}, {1, 2}], [{8, 3}, {5, 7}, {1, 6}, {2, 4}], [{8, 3}, {5, 7}, {2, 6}, {1, 4}], [{8, 3}, {5, 7}, {4, 6}, {1, 2}], [{8, 3}, {5, 7}, {4, 6}, {2}, {1}], [{8, 3}, {6, 7}, {1, 5}, {2, 4}], [{8, 3}, {6, 7}, {2, 5}, {1, 4}], [{8, 3}, {6, 7}, {4, 5}, {1, 2}], [{8, 4}, {1, 7}, {2, 6}, {3, 5}], [{8, 4}, {1, 7}, {3, 6}, {2, 5}], [{8, 4}, {1, 7}, {5, 6}, {2, 3}], [{8, 4}, {1, 7}, {6}, {2, 5}, {3}], [{8, 4}, {2, 7}, {1, 6}, {3, 5}], [{8, 4}, {2, 7}, {3, 6}, {1, 5}], [{8, 4}, {2, 7}, {5, 6}, {1, 3}], [{8, 4}, {2, 7}, {6}, {1, 5}, {3}], [{8, 4}, {3, 7}, {1, 6}, {2, 5}], [{8, 4}, {3, 7}, {2, 6}, {1, 5}], [{8, 4}, {3, 7}, {5, 6}, {1, 2}], [{8, 4}, {5, 7}, {1, 6}, {2, 3}], [{8, 4}, {5, 7}, {2, 6}, {1, 3}], [{8, 4}, {5, 7}, {3, 6}, {1, 2}], [{8, 4}, {5, 7}, {3, 6}, {2}, {1}], [{8, 4}, {6, 7}, {1, 5}, {2, 3}], [{8, 4}, {6, 7}, {2, 5}, {1, 3}], [{8, 4}, {6, 7}, {3, 5}, {1, 2}], [{8, 4}, {6, 7}, {5}, {1, 3}, {2}], [{8, 5}, {1, 7}, {2, 6}, {3, 4}], [{8, 5}, {1, 7}, {3, 6}, {2, 4}], [{8, 5}, {1, 7}, {4, 6}, {2, 3}], [{8, 5}, {2, 7}, {1, 6}, {3, 4}], [{8, 5}, {2, 7}, {3, 6}, {1, 4}], [{8, 5}, {2, 7}, {4, 6}, {1, 3}], [{8, 5}, {3, 7}, {1, 6}, {2, 4}], [{8, 5}, {3, 7}, {2, 6}, {1, 4}], [{8, 5}, {3, 7}, {4, 6}, {1, 2}], [{8, 5}, {4, 7}, {1, 6}, {2, 3}], [{8, 5}, {4, 7}, {2, 6}, {1, 3}], [{8, 5}, {4, 7}, {3, 6}, {1, 2}], [{8, 5}, {6, 7}, {1, 4}, {2, 3}], [{8, 5}, {6, 7}, {2, 4}, {1, 3}], [{8, 5}, {6, 7}, {3, 4}, {1, 2}], [{8, 5}, {6, 7}, {3, 4}, {2}, {1}], [{8, 5}, {6, 7}, {4}, {3}, {1, 2}], [{8, 5}, {7}, {6}, {3, 4}, {1, 2}], [{8, 6}, {1, 7}, {2, 5}, {3, 4}], [{8, 6}, {1, 7}, {3, 5}, {2, 4}], [{8, 6}, {1, 7}, {4, 5}, {2, 3}], [{8, 6}, {2, 7}, {1, 5}, {3, 4}], [{8, 6}, {2, 7}, {3, 5}, {1, 4}], [{8, 6}, {2, 7}, {4, 5}, {1, 3}], [{8, 6}, {3, 7}, {1, 5}, {2, 4}], [{8, 6}, {3, 7}, {2, 5}, {1, 4}], [{8, 6}, {3, 7}, {4, 5}, {1, 2}], [{8, 6}, {4, 7}, {1, 5}, {2, 3}], [{8, 6}, {4, 7}, {2, 5}, {1, 3}], [{8, 6}, {4, 7}, {3, 5}, {1, 2}], [{8, 6}, {5, 7}, {1, 4}, {2, 3}], [{8, 6}, {5, 7}, {1, 4}, {3}, {2}], [{8, 6}, {5, 7}, {2, 4}, {1, 3}], [{8, 6}, {5, 7}, {2, 4}, {3}, {1}], [{8, 6}, {5, 7}, {3, 4}, {1, 2}], [{8, 6}, {5, 7}, {3, 4}, {2}, {1}], [{8, 6}, {5, 7}, {4}, {1, 3}, {2}], [{8, 6}, {5, 7}, {4}, {2, 3}, {1}], [{8, 6}, {5, 7}, {4}, {3}, {1, 2}], [{8, 6}, {5, 7}, {4}, {3}, {2}, {1}], [{8, 6}, {7}, {5}, {3, 4}, {1, 2}], [{8, 7}, {1, 6}, {2, 5}, {3, 4}], [{8, 7}, {1, 6}, {3, 5}, {2, 4}], [{8, 7}, {1, 6}, {4, 5}, {2, 3}], [{8, 7}, {2, 6}, {1, 5}, {3, 4}], [{8, 7}, {2, 6}, {3, 5}, {1, 4}], [{8, 7}, {2, 6}, {4, 5}, {1, 3}], [{8, 7}, {3, 6}, {1, 5}, {2, 4}], [{8, 7}, {3, 6}, {2, 5}, {1, 4}], [{8, 7}, {3, 6}, {4, 5}, {1, 2}], [{8, 7}, {4, 6}, {1, 5}, {2, 3}], [{8, 7}, {4, 6}, {2, 5}, {1, 3}], [{8, 7}, {4, 6}, {3, 5}, {1, 2}], [{8, 7}, {5, 6}, {1, 4}, {2, 3}], [{8, 7}, {5, 6}, {2, 4}, {1, 3}], [{8, 7}, {5, 6}, {3, 4}, {1, 2}], [{8, 7}, {5, 6}, {3, 4}, {2}, {1}], [{8, 7}, {5, 6}, {4}, {3}, {1, 2}], [{8, 7}, {6}, {5}, {3, 4}, {1, 2}], [{8}, {1, 7}, {3, 6}, {4, 5}, {2}], [{8}, {1, 7}, {6}, {2, 5}, {3, 4}], [{8}, {2, 7}, {3, 6}, {5}, {1, 4}], [{8}, {2, 7}, {6}, {1, 5}, {3, 4}], [{8}, {4, 7}, {2, 6}, {1, 5}, {3}], [{8}, {5, 7}, {1, 6}, {2, 4}, {3}], [{8}, {5, 7}, {1, 6}, {3, 4}, {2}], [{8}, {5, 7}, {1, 6}, {4}, {2, 3}], [{8}, {5, 7}, {2, 6}, {1, 4}, {3}], [{8}, {5, 7}, {2, 6}, {3, 4}, {1}], [{8}, {5, 7}, {2, 6}, {4}, {1, 3}], [{8}, {5, 7}, {6}, {3, 4}, {1, 2}], [{8}, {5, 7}, {6}, {3, 4}, {2}, {1}], [{8}, {6, 7}, {3, 5}, {1, 4}, {2}], [{8}, {6, 7}, {5}, {3, 4}, {1, 2}], [{8}, {7}, {3, 6}, {1, 5}, {2, 4}], [{8}, {7}, {5, 6}, {2, 4}, {1, 3}], [{8}, {7}, {5, 6}, {3, 4}, {1, 2}], [{8}, {7}, {6}, {5}, {3, 4}, {1, 2}]]",2,4 K_1^3 - 28 K_1^2 - 16 K_1 K_2 + 5 K_1 + 14 K_2 + 7 K_3 + 15,O1O2O3U4O5U1U6U2O4O7U3O8U5U8O6U7,O1O2O3U4O5U6U1U3O7U2O8O4U8O6U7U5,O1O2O3U4U5O6U7O8O7U2O5U1U3U6O4U8,c,{'O1O2O3U4O5U6U7O6U1O4O8U2U5U3O7U8'},1,"<a href=""/flatknot/8.1101646"">8.1101646</a>",t^9-47t^7-158t^6-110t^5+136t^4+189t^3+62t^2-9t-8,-2t^2+4t,,
8.1101647,O1O2O3U4O5U6U7O6U1O4O8U2U5U8O7U3,4,3z^3+38z^2+110z+93,3w^4z^3+38w^3z^2+110w^2z+93w,False,False,"[[ 0 -1 -1  2 -1  1 -1 -1  2],[ 1  0  0  1  1  1  1  1  2],[ 1  0  0  2  1  0  1  1  2],[-2 -1 -2  0 -2 -1 -3 -1  1],[ 1 -1 -1  2  0  1  0 -1  1],[-1 -1  0  1 -1  0 -1 -1  1],[ 1 -1 -1  3  0  1  0 -1  2],[ 1 -1 -1  1  1  1  1  0  2],[-2 -2 -2 -1 -1 -1 -2 -2  0]]","[[ 0  2  2  1 -1 -1 -1 -1 -1],[-2  0  1 -1 -1 -1 -2 -2 -3],[-2 -1  0 -1 -2 -2 -1 -2 -2],[-1  1  1  0 -1 -1 -1  0 -1],[ 1  1  2  1  0  1  1  0  1],[ 1  1  2  1 -1  0  1 -1  1],[ 1  2  1  1 -1 -1  0 -1  0],[ 1  2  2  0  0  1  1  0  1],[ 1  3  2  1 -1 -1  0 -1  0]]",True,"[-2,-2,-1,1,1,1,1,1,-1,1,1,1,2,2,3,1,2,2,1,2,2,1,1,1,0,1,-1,-1,0,-1,-1,1,-1,1,0,-1]","[-2,-2,-1,1,1,1,1,1,-1,0,1,1,1,1,2,0,0,1,2,2,1,1,2,1,1,1,-1,-1,-1,0,0,1,1,1,1,1]",t^8+51t^6+255t^4+201t^2+4,"[-1,-1,-1,-1,-1,1,2,2,-1,-1,-1,0,1,1,2,-1,-1,1,1,1,2,0,1,1,1,0,1,1,2,1,2,1,1,0,0,1]","[-2,-2,-1,1,1,1,1,1,-1,0,1,1,1,1,2,0,0,1,2,2,1,1,2,1,1,1,-1,-1,-1,0,0,1,1,1,1,1]","[-1,-1,-1,-1,-1,1,2,2,-1,-1,-1,0,1,1,2,-1,-1,1,1,2,1,0,1,0,2,2,1,1,2,1,1,2,3,1,1,-1]",c,"[[{8, 1}, {2, 7}, {3, 6}, {4, 5}], [{8, 1}, {2, 7}, {4, 6}, {3, 5}], [{8, 1}, {2, 7}, {5, 6}, {3, 4}], [{8, 1}, {3, 7}, {2, 6}, {4, 5}], [{8, 1}, {3, 7}, {4, 6}, {2, 5}], [{8, 1}, {3, 7}, {5, 6}, {2, 4}], [{8, 1}, {4, 7}, {2, 6}, {3, 5}], [{8, 1}, {4, 7}, {3, 6}, {2, 5}], [{8, 1}, {4, 7}, {5, 6}, {2, 3}], [{8, 1}, {5, 7}, {2, 6}, {3, 4}], [{8, 1}, {5, 7}, {3, 6}, {2, 4}], [{8, 1}, {5, 7}, {4, 6}, {2, 3}], [{8, 1}, {5, 7}, {6}, {4}, {2, 3}], [{8, 1}, {6, 7}, {2, 5}, {3, 4}], [{8, 1}, {6, 7}, {3, 5}, {2, 4}], [{8, 1}, {6, 7}, {3, 5}, {4}, {2}], [{8, 1}, {6, 7}, {4, 5}, {2, 3}], [{8, 1}, {7}, {3, 6}, {5}, {2, 4}], [{8, 1}, {7}, {5, 6}, {2, 4}, {3}], [{8, 1}, {7}, {6}, {3, 5}, {2, 4}], [{8, 2}, {1, 7}, {3, 6}, {4, 5}], [{8, 2}, {1, 7}, {4, 6}, {3, 5}], [{8, 2}, {1, 7}, {5, 6}, {3, 4}], [{8, 2}, {1, 7}, {6}, {5}, {3, 4}], [{8, 2}, {3, 7}, {1, 6}, {4, 5}], [{8, 2}, {3, 7}, {4, 6}, {1, 5}], [{8, 2}, {3, 7}, {5, 6}, {1, 4}], [{8, 2}, {3, 7}, {5, 6}, {4}, {1}], [{8, 2}, {3, 7}, {6}, {5}, {1, 4}], [{8, 2}, {4, 7}, {1, 6}, {3, 5}], [{8, 2}, {4, 7}, {3, 6}, {1, 5}], [{8, 2}, {4, 7}, {5, 6}, {1, 3}], [{8, 2}, {5, 7}, {1, 6}, {3, 4}], [{8, 2}, {5, 7}, {3, 6}, {1, 4}], [{8, 2}, {5, 7}, {3, 6}, {4}, {1}], [{8, 2}, {5, 7}, {4, 6}, {1, 3}], [{8, 2}, {5, 7}, {6}, {1, 4}, {3}], [{8, 2}, {6, 7}, {1, 5}, {3, 4}], [{8, 2}, {6, 7}, {1, 5}, {4}, {3}], [{8, 2}, {6, 7}, {3, 5}, {1, 4}], [{8, 2}, {6, 7}, {3, 5}, {4}, {1}], [{8, 2}, {6, 7}, {4, 5}, {1, 3}], [{8, 2}, {6, 7}, {4, 5}, {3}, {1}], [{8, 2}, {6, 7}, {5}, {1, 4}, {3}], [{8, 2}, {6, 7}, {5}, {3, 4}, {1}], [{8, 2}, {6, 7}, {5}, {4}, {1, 3}], [{8, 2}, {6, 7}, {5}, {4}, {3}, {1}], [{8, 2}, {7}, {1, 6}, {5}, {3, 4}], [{8, 2}, {7}, {3, 6}, {5}, {1, 4}], [{8, 2}, {7}, {5, 6}, {1, 4}, {3}], [{8, 2}, {7}, {6}, {3, 5}, {1, 4}], [{8, 2}, {7}, {6}, {4, 5}, {1, 3}], [{8, 3}, {1, 7}, {2, 6}, {4, 5}], [{8, 3}, {1, 7}, {4, 6}, {2, 5}], [{8, 3}, {1, 7}, {5, 6}, {2, 4}], [{8, 3}, {2, 7}, {1, 6}, {4, 5}], [{8, 3}, {2, 7}, {4, 6}, {1, 5}], [{8, 3}, {2, 7}, {5, 6}, {1, 4}], [{8, 3}, {2, 7}, {6}, {1, 5}, {4}], [{8, 3}, {4, 7}, {1, 6}, {2, 5}], [{8, 3}, {4, 7}, {2, 6}, {1, 5}], [{8, 3}, {4, 7}, {5, 6}, {1, 2}], [{8, 3}, {5, 7}, {1, 6}, {2, 4}], [{8, 3}, {5, 7}, {2, 6}, {1, 4}], [{8, 3}, {5, 7}, {4, 6}, {1, 2}], [{8, 3}, {5, 7}, {6}, {2, 4}, {1}], [{8, 3}, {6, 7}, {1, 5}, {2, 4}], [{8, 3}, {6, 7}, {2, 5}, {1, 4}], [{8, 3}, {6, 7}, {2, 5}, {4}, {1}], [{8, 3}, {6, 7}, {4, 5}, {1, 2}], [{8, 3}, {7}, {1, 6}, {4, 5}, {2}], [{8, 3}, {7}, {2, 6}, {5}, {1, 4}], [{8, 4}, {1, 7}, {2, 6}, {3, 5}], [{8, 4}, {1, 7}, {3, 6}, {2, 5}], [{8, 4}, {1, 7}, {5, 6}, {2, 3}], [{8, 4}, {2, 7}, {1, 6}, {3, 5}], [{8, 4}, {2, 7}, {3, 6}, {1, 5}], [{8, 4}, {2, 7}, {5, 6}, {1, 3}], [{8, 4}, {3, 7}, {1, 6}, {2, 5}], [{8, 4}, {3, 7}, {2, 6}, {1, 5}], [{8, 4}, {3, 7}, {5, 6}, {1, 2}], [{8, 4}, {5, 7}, {1, 6}, {2, 3}], [{8, 4}, {5, 7}, {2, 6}, {1, 3}], [{8, 4}, {5, 7}, {3, 6}, {1, 2}], [{8, 4}, {6, 7}, {1, 5}, {2, 3}], [{8, 4}, {6, 7}, {2, 5}, {1, 3}], [{8, 4}, {6, 7}, {3, 5}, {1, 2}], [{8, 4}, {6, 7}, {3, 5}, {2}, {1}], [{8, 5}, {1, 7}, {2, 6}, {3, 4}], [{8, 5}, {1, 7}, {3, 6}, {2, 4}], [{8, 5}, {1, 7}, {4, 6}, {2, 3}], [{8, 5}, {2, 7}, {1, 6}, {3, 4}], [{8, 5}, {2, 7}, {3, 6}, {1, 4}], [{8, 5}, {2, 7}, {4, 6}, {1, 3}], [{8, 5}, {3, 7}, {1, 6}, {2, 4}], [{8, 5}, {3, 7}, {2, 6}, {1, 4}], [{8, 5}, {3, 7}, {4, 6}, {1, 2}], [{8, 5}, {4, 7}, {1, 6}, {2, 3}], [{8, 5}, {4, 7}, {2, 6}, {1, 3}], [{8, 5}, {4, 7}, {3, 6}, {1, 2}], [{8, 5}, {6, 7}, {1, 4}, {2, 3}], [{8, 5}, {6, 7}, {2, 4}, {1, 3}], [{8, 5}, {6, 7}, {3, 4}, {1, 2}], [{8, 5}, {6, 7}, {4}, {2, 3}, {1}], [{8, 5}, {7}, {6}, {1, 4}, {2, 3}], [{8, 6}, {1, 7}, {2, 5}, {3, 4}], [{8, 6}, {1, 7}, {3, 5}, {2, 4}], [{8, 6}, {1, 7}, {4, 5}, {2, 3}], [{8, 6}, {2, 7}, {1, 5}, {3, 4}], [{8, 6}, {2, 7}, {3, 5}, {1, 4}], [{8, 6}, {2, 7}, {4, 5}, {1, 3}], [{8, 6}, {2, 7}, {5}, {1, 4}, {3}], [{8, 6}, {3, 7}, {1, 5}, {2, 4}], [{8, 6}, {3, 7}, {2, 5}, {1, 4}], [{8, 6}, {3, 7}, {4, 5}, {1, 2}], [{8, 6}, {4, 7}, {1, 5}, {2, 3}], [{8, 6}, {4, 7}, {2, 5}, {1, 3}], [{8, 6}, {4, 7}, {3, 5}, {1, 2}], [{8, 6}, {4, 7}, {3, 5}, {2}, {1}], [{8, 6}, {5, 7}, {1, 4}, {2, 3}], [{8, 6}, {5, 7}, {2, 4}, {1, 3}], [{8, 6}, {5, 7}, {3, 4}, {1, 2}], [{8, 6}, {7}, {2, 5}, {3, 4}, {1}], [{8, 6}, {7}, {4, 5}, {3}, {1, 2}], [{8, 7}, {1, 6}, {2, 5}, {3, 4}], [{8, 7}, {1, 6}, {3, 5}, {2, 4}], [{8, 7}, {1, 6}, {4, 5}, {2, 3}], [{8, 7}, {2, 6}, {1, 5}, {3, 4}], [{8, 7}, {2, 6}, {3, 5}, {1, 4}], [{8, 7}, {2, 6}, {4, 5}, {1, 3}], [{8, 7}, {3, 6}, {1, 5}, {2, 4}], [{8, 7}, {3, 6}, {2, 5}, {1, 4}], [{8, 7}, {3, 6}, {4, 5}, {1, 2}], [{8, 7}, {3, 6}, {4, 5}, {2}, {1}], [{8, 7}, {4, 6}, {1, 5}, {2, 3}], [{8, 7}, {4, 6}, {2, 5}, {1, 3}], [{8, 7}, {4, 6}, {3, 5}, {1, 2}], [{8, 7}, {4, 6}, {3, 5}, {2}, {1}], [{8, 7}, {5, 6}, {1, 4}, {2, 3}], [{8, 7}, {5, 6}, {2, 4}, {1, 3}], [{8, 7}, {5, 6}, {3, 4}, {1, 2}], [{8, 7}, {5, 6}, {3, 4}, {2}, {1}], [{8}, {2, 7}, {1, 6}, {4, 5}, {3}], [{8}, {3, 7}, {2, 6}, {4, 5}, {1}], [{8}, {3, 7}, {5, 6}, {1, 4}, {2}], [{8}, {5, 7}, {1, 6}, {3, 4}, {2}], [{8}, {5, 7}, {3, 6}, {1, 4}, {2}], [{8}, {6, 7}, {3, 5}, {1, 4}, {2}], [{8}, {6, 7}, {3, 5}, {2, 4}, {1}], [{8}, {6, 7}, {3, 5}, {4}, {1, 2}], [{8}, {6, 7}, {3, 5}, {4}, {2}, {1}]]",2,24 K_1^3 - 8 K_1^2 - 16 K_1 K_2 - 10 K_1 + 4 K_2 + 2 K_3 + 5,O1O2O3U1O4U5U6U2O5O7U3O8U4U8O6U7,O1O2O3U4O5U6U1U5O7U2O8O4U8O6U7U3,O1O2O3U1U4O5U6O7O6U2O4U8U3U5O8U7,c,{'O1O2O3U4O5U6U7O6U1O4O8U2U5U8O7U3'},1,"<a href=""/flatknot/8.1101647"">8.1101647</a>",t^9-47t^7-178t^6-201t^5+26t^4+160t^3+50t^2-12t,-2t^2+4t,,
8.1101648,O1O2O3U4O5U6U7O6U1O4O8U3U2U5O7U8,4,3z^3+31z^2+91z+83,3w^4z^3-4w^4z^2+35w^3z^2-12w^3z+103w^2z+83w,False,False,"[[ 0 -1  0  0 -1  2 -1 -1  2],[ 1  0  1  0  1  2  1  0  2],[ 0 -1  0  0  0  1  0  0  2],[ 0  0  0  0  0  0  0  1  1],[ 1 -1  0  0  0  2  0 -1  2],[-2 -2 -1  0 -2  0 -2 -1  0],[ 1 -1  0  0  0  2  0 -1  3],[ 1  0  0 -1  1  1  1  0  2],[-2 -2 -2 -1 -2  0 -3 -2  0]]","[[ 0  2  2  0  0 -1 -1 -1 -1],[-2  0  0  0 -1 -1 -2 -2 -2],[-2  0  0 -1 -2 -2 -2 -2 -3],[ 0  0  1  0  0  1  0  0  0],[ 0  1  2  0  0  0  0 -1  0],[ 1  1  2 -1  0  0  1  0  1],[ 1  2  2  0  0 -1  0 -1  0],[ 1  2  2  0  1  0  1  0  1],[ 1  2  3  0  0 -1  0 -1  0]]",True,"[-2,-2,0,0,1,1,1,1,0,0,1,1,2,2,2,1,2,2,2,2,3,0,-1,0,0,0,0,0,1,0,-1,0,-1,1,0,-1]","[-2,-2,0,0,1,1,1,1,0,0,1,0,1,1,1,1,2,1,1,1,2,0,1,0,1,1,1,1,1,2,-1,0,-1,1,0,-1]",t^8+46t^6+116t^4+31t^2+1,"[-1,-1,-1,-1,0,0,2,2,-1,-1,0,0,1,1,1,0,1,1,1,0,1,1,1,1,1,1,1,2,1,2,0,0,1,1,2,0]","[-2,-2,0,0,1,1,1,1,0,0,1,0,1,1,1,1,2,1,1,1,2,0,1,0,1,1,1,1,1,2,-1,0,-1,1,0,-1]","[-1,-1,-1,-1,0,0,2,2,-1,-1,0,0,0,2,2,0,1,-1,0,1,2,1,0,1,2,2,0,0,2,3,0,0,1,1,2,0]",c,"[[{8, 1}, {2, 7}, {3, 6}, {4, 5}], [{8, 1}, {2, 7}, {4, 6}, {3, 5}], [{8, 1}, {2, 7}, {5, 6}, {3, 4}], [{8, 1}, {2, 7}, {6}, {5}, {3, 4}], [{8, 1}, {3, 7}, {2, 6}, {4, 5}], [{8, 1}, {3, 7}, {4, 6}, {2, 5}], [{8, 1}, {3, 7}, {5, 6}, {2, 4}], [{8, 1}, {4, 7}, {2, 6}, {3, 5}], [{8, 1}, {4, 7}, {2, 6}, {5}, {3}], [{8, 1}, {4, 7}, {3, 6}, {2, 5}], [{8, 1}, {4, 7}, {5, 6}, {2, 3}], [{8, 1}, {4, 7}, {6}, {3, 5}, {2}], [{8, 1}, {5, 7}, {2, 6}, {3, 4}], [{8, 1}, {5, 7}, {3, 6}, {2, 4}], [{8, 1}, {5, 7}, {4, 6}, {2, 3}], [{8, 1}, {5, 7}, {4, 6}, {3}, {2}], [{8, 1}, {6, 7}, {2, 5}, {3, 4}], [{8, 1}, {6, 7}, {2, 5}, {4}, {3}], [{8, 1}, {6, 7}, {3, 5}, {2, 4}], [{8, 1}, {6, 7}, {4, 5}, {2, 3}], [{8, 1}, {7}, {3, 6}, {5}, {2, 4}], [{8, 1}, {7}, {5, 6}, {3, 4}, {2}], [{8, 1}, {7}, {6}, {4, 5}, {2, 3}], [{8, 2}, {1, 7}, {3, 6}, {4, 5}], [{8, 2}, {1, 7}, {4, 6}, {3, 5}], [{8, 2}, {1, 7}, {5, 6}, {3, 4}], [{8, 2}, {3, 7}, {1, 6}, {4, 5}], [{8, 2}, {3, 7}, {4, 6}, {1, 5}], [{8, 2}, {3, 7}, {5, 6}, {1, 4}], [{8, 2}, {4, 7}, {1, 6}, {3, 5}], [{8, 2}, {4, 7}, {1, 6}, {5}, {3}], [{8, 2}, {4, 7}, {3, 6}, {1, 5}], [{8, 2}, {4, 7}, {5, 6}, {1, 3}], [{8, 2}, {4, 7}, {6}, {3, 5}, {1}], [{8, 2}, {5, 7}, {1, 6}, {3, 4}], [{8, 2}, {5, 7}, {3, 6}, {1, 4}], [{8, 2}, {5, 7}, {4, 6}, {1, 3}], [{8, 2}, {6, 7}, {1, 5}, {3, 4}], [{8, 2}, {6, 7}, {3, 5}, {1, 4}], [{8, 2}, {6, 7}, {4, 5}, {1, 3}], [{8, 2}, {7}, {5, 6}, {4}, {1, 3}], [{8, 3}, {1, 7}, {2, 6}, {4, 5}], [{8, 3}, {1, 7}, {4, 6}, {2, 5}], [{8, 3}, {1, 7}, {5, 6}, {2, 4}], [{8, 3}, {1, 7}, {6}, {5}, {2, 4}], [{8, 3}, {2, 7}, {1, 6}, {4, 5}], [{8, 3}, {2, 7}, {1, 6}, {5}, {4}], [{8, 3}, {2, 7}, {4, 6}, {1, 5}], [{8, 3}, {2, 7}, {5, 6}, {1, 4}], [{8, 3}, {4, 7}, {1, 6}, {2, 5}], [{8, 3}, {4, 7}, {1, 6}, {5}, {2}], [{8, 3}, {4, 7}, {2, 6}, {1, 5}], [{8, 3}, {4, 7}, {5, 6}, {1, 2}], [{8, 3}, {5, 7}, {1, 6}, {2, 4}], [{8, 3}, {5, 7}, {1, 6}, {4}, {2}], [{8, 3}, {5, 7}, {2, 6}, {1, 4}], [{8, 3}, {5, 7}, {4, 6}, {1, 2}], [{8, 3}, {6, 7}, {1, 5}, {2, 4}], [{8, 3}, {6, 7}, {2, 5}, {1, 4}], [{8, 3}, {6, 7}, {4, 5}, {1, 2}], [{8, 3}, {6, 7}, {5}, {2, 4}, {1}], [{8, 3}, {7}, {1, 6}, {2, 5}, {4}], [{8, 3}, {7}, {1, 6}, {4, 5}, {2}], [{8, 3}, {7}, {1, 6}, {5}, {2, 4}], [{8, 3}, {7}, {2, 6}, {5}, {1, 4}], [{8, 3}, {7}, {4, 6}, {2, 5}, {1}], [{8, 3}, {7}, {5, 6}, {1, 4}, {2}], [{8, 3}, {7}, {6}, {2, 5}, {1, 4}], [{8, 4}, {1, 7}, {2, 6}, {3, 5}], [{8, 4}, {1, 7}, {3, 6}, {2, 5}], [{8, 4}, {1, 7}, {5, 6}, {2, 3}], [{8, 4}, {1, 7}, {5, 6}, {3}, {2}], [{8, 4}, {2, 7}, {1, 6}, {3, 5}], [{8, 4}, {2, 7}, {3, 6}, {1, 5}], [{8, 4}, {2, 7}, {5, 6}, {1, 3}], [{8, 4}, {2, 7}, {5, 6}, {3}, {1}], [{8, 4}, {3, 7}, {1, 6}, {2, 5}], [{8, 4}, {3, 7}, {2, 6}, {1, 5}], [{8, 4}, {3, 7}, {5, 6}, {1, 2}], [{8, 4}, {3, 7}, {5, 6}, {2}, {1}], [{8, 4}, {5, 7}, {1, 6}, {2, 3}], [{8, 4}, {5, 7}, {2, 6}, {1, 3}], [{8, 4}, {5, 7}, {3, 6}, {1, 2}], [{8, 4}, {5, 7}, {6}, {3}, {1, 2}], [{8, 4}, {6, 7}, {1, 5}, {2, 3}], [{8, 4}, {6, 7}, {2, 5}, {1, 3}], [{8, 4}, {6, 7}, {3, 5}, {1, 2}], [{8, 4}, {6, 7}, {5}, {3}, {1, 2}], [{8, 4}, {7}, {1, 6}, {3, 5}, {2}], [{8, 4}, {7}, {3, 6}, {1, 5}, {2}], [{8, 4}, {7}, {5, 6}, {1, 3}, {2}], [{8, 4}, {7}, {5, 6}, {2, 3}, {1}], [{8, 4}, {7}, {5, 6}, {3}, {1, 2}], [{8, 4}, {7}, {5, 6}, {3}, {2}, {1}], [{8, 5}, {1, 7}, {2, 6}, {3, 4}], [{8, 5}, {1, 7}, {3, 6}, {2, 4}], [{8, 5}, {1, 7}, {4, 6}, {2, 3}], [{8, 5}, {1, 7}, {6}, {4}, {2, 3}], [{8, 5}, {2, 7}, {1, 6}, {3, 4}], [{8, 5}, {2, 7}, {3, 6}, {1, 4}], [{8, 5}, {2, 7}, {4, 6}, {1, 3}], [{8, 5}, {3, 7}, {1, 6}, {2, 4}], [{8, 5}, {3, 7}, {2, 6}, {1, 4}], [{8, 5}, {3, 7}, {4, 6}, {1, 2}], [{8, 5}, {3, 7}, {6}, {4}, {1, 2}], [{8, 5}, {4, 7}, {1, 6}, {2, 3}], [{8, 5}, {4, 7}, {1, 6}, {3}, {2}], [{8, 5}, {4, 7}, {2, 6}, {1, 3}], [{8, 5}, {4, 7}, {3, 6}, {1, 2}], [{8, 5}, {6, 7}, {1, 4}, {2, 3}], [{8, 5}, {6, 7}, {1, 4}, {3}, {2}], [{8, 5}, {6, 7}, {2, 4}, {1, 3}], [{8, 5}, {6, 7}, {3, 4}, {1, 2}], [{8, 5}, {7}, {6}, {2, 4}, {1, 3}], [{8, 6}, {1, 7}, {2, 5}, {3, 4}], [{8, 6}, {1, 7}, {3, 5}, {2, 4}], [{8, 6}, {1, 7}, {4, 5}, {2, 3}], [{8, 6}, {1, 7}, {4, 5}, {3}, {2}], [{8, 6}, {2, 7}, {1, 5}, {3, 4}], [{8, 6}, {2, 7}, {3, 5}, {1, 4}], [{8, 6}, {2, 7}, {4, 5}, {1, 3}], [{8, 6}, {3, 7}, {1, 5}, {2, 4}], [{8, 6}, {3, 7}, {2, 5}, {1, 4}], [{8, 6}, {3, 7}, {4, 5}, {1, 2}], [{8, 6}, {4, 7}, {1, 5}, {2, 3}], [{8, 6}, {4, 7}, {2, 5}, {1, 3}], [{8, 6}, {4, 7}, {3, 5}, {1, 2}], [{8, 6}, {4, 7}, {3, 5}, {2}, {1}], [{8, 6}, {4, 7}, {5}, {3}, {1, 2}], [{8, 6}, {5, 7}, {1, 4}, {2, 3}], [{8, 6}, {5, 7}, {2, 4}, {1, 3}], [{8, 6}, {5, 7}, {3, 4}, {1, 2}], [{8, 6}, {5, 7}, {4}, {2, 3}, {1}], [{8, 6}, {7}, {1, 5}, {3, 4}, {2}], [{8, 6}, {7}, {5}, {2, 4}, {1, 3}], [{8, 7}, {1, 6}, {2, 5}, {3, 4}], [{8, 7}, {1, 6}, {3, 5}, {2, 4}], [{8, 7}, {1, 6}, {3, 5}, {4}, {2}], [{8, 7}, {1, 6}, {4, 5}, {2, 3}], [{8, 7}, {2, 6}, {1, 5}, {3, 4}], [{8, 7}, {2, 6}, {1, 5}, {4}, {3}], [{8, 7}, {2, 6}, {3, 5}, {1, 4}], [{8, 7}, {2, 6}, {4, 5}, {1, 3}], [{8, 7}, {3, 6}, {1, 5}, {2, 4}], [{8, 7}, {3, 6}, {1, 5}, {4}, {2}], [{8, 7}, {3, 6}, {2, 5}, {1, 4}], [{8, 7}, {3, 6}, {4, 5}, {1, 2}], [{8, 7}, {4, 6}, {1, 5}, {2, 3}], [{8, 7}, {4, 6}, {1, 5}, {3}, {2}], [{8, 7}, {4, 6}, {2, 5}, {1, 3}], [{8, 7}, {4, 6}, {3, 5}, {1, 2}], [{8, 7}, {5, 6}, {1, 4}, {2, 3}], [{8, 7}, {5, 6}, {2, 4}, {1, 3}], [{8, 7}, {5, 6}, {3, 4}, {1, 2}], [{8, 7}, {5, 6}, {4}, {1, 3}, {2}], [{8, 7}, {6}, {1, 5}, {2, 4}, {3}], [{8, 7}, {6}, {1, 5}, {3, 4}, {2}], [{8, 7}, {6}, {1, 5}, {4}, {2, 3}], [{8, 7}, {6}, {1, 5}, {4}, {3}, {2}], [{8}, {2, 7}, {1, 6}, {4, 5}, {3}], [{8}, {2, 7}, {3, 6}, {4, 5}, {1}], [{8}, {2, 7}, {4, 6}, {5}, {1, 3}], [{8}, {2, 7}, {5, 6}, {4}, {1, 3}], [{8}, {2, 7}, {6}, {4, 5}, {1, 3}], [{8}, {4, 7}, {1, 6}, {2, 5}, {3}], [{8}, {4, 7}, {1, 6}, {3, 5}, {2}], [{8}, {4, 7}, {1, 6}, {5}, {2, 3}], [{8}, {4, 7}, {1, 6}, {5}, {3}, {2}], [{8}, {4, 7}, {2, 6}, {3, 5}, {1}], [{8}, {4, 7}, {3, 6}, {1, 5}, {2}], [{8}, {4, 7}, {5, 6}, {1, 3}, {2}], [{8}, {4, 7}, {6}, {3, 5}, {1, 2}], [{8}, {4, 7}, {6}, {3, 5}, {2}, {1}], [{8}, {5, 7}, {1, 6}, {2, 4}, {3}], [{8}, {5, 7}, {3, 6}, {1, 4}, {2}], [{8}, {6, 7}, {1, 5}, {3, 4}, {2}], [{8}, {7}, {5, 6}, {2, 4}, {1, 3}], [{8}, {7}, {5, 6}, {4}, {1, 3}, {2}]]",2,4 K_1^3 - 8 K_1^2 - 8 K_1 K_2 + K_1 + 4 K_2 + 3 K_3 + 5,O1O2O3U4O5U6U2U1O4O7U3O8U5U8O6U7,O1O2O3U4O5U6U2U1O7U3O8O4U8O6U7U5,O1O2O3U4U5O6U7O8O7U1O5U3U2U6O4U8,c,{'O1O2O3U4O5U6U7O6U1O4O8U3U2U5O7U8'},1,"<a href=""/flatknot/8.1101648"">8.1101648</a>",t^9-42t^7-88t^6+68t^5+216t^4+27t^3-122t^2-47t+2,-2t^2+4t,,
8.1101649,O1O2O3U4O5U6U7O6U1O4O8U3U5U2O7U8,4,17z^2+102z+137,17w^3z^2+102w^2z+137w,False,False,"[[ 0 -1  1  0 -1  1 -1 -1  2],[ 1  0  2  0  1  1  1  0  2],[-1 -2  0 -1  0  0 -1 -1  2],[ 0  0  1  0  0  0  0  1  1],[ 1 -1  0  0  0  1  0 -1  2],[-1 -1  0  0 -1  0 -1  0  0],[ 1 -1  1  0  0  1  0 -1  3],[ 1  0  1 -1  1  0  1  0  2],[-2 -2 -2 -1 -2  0 -3 -2  0]]","[[ 0  2  1  1  0 -1 -1 -1 -1],[-2  0  0 -2 -1 -2 -2 -2 -3],[-1  0  0  0  0  0 -1 -1 -1],[-1  2  0  0 -1 -1  0 -2 -1],[ 0  1  0  1  0  1  0  0  0],[ 1  2  0  1 -1  0  1  0  1],[ 1  2  1  0  0 -1  0 -1  0],[ 1  2  1  2  0  0  1  0  1],[ 1  3  1  1  0 -1  0 -1  0]]",True,"[-2,-1,-1,0,1,1,1,1,0,2,1,2,2,2,3,0,0,0,1,1,1,1,1,0,2,1,-1,0,0,0,-1,0,-1,1,0,-1]","[-2,-1,-1,0,1,1,1,1,-1,1,1,0,1,1,1,0,0,1,0,1,2,1,1,1,2,1,1,1,2,1,-1,-1,0,0,1,1]",t^8+41t^6+122t^4+56t^2+4,"[-1,-1,-1,-1,0,1,1,2,-1,-1,0,1,0,1,1,0,1,1,1,1,0,1,1,2,1,1,2,1,2,1,0,1,1,0,-1,1]","[-2,-1,-1,0,1,1,1,1,-1,1,1,0,1,1,1,0,0,1,0,1,2,1,1,1,2,1,1,1,2,1,-1,-1,0,0,1,1]","[-1,-1,-1,-1,0,1,1,2,-1,-1,0,0,0,1,2,0,1,-1,1,0,2,1,0,2,1,2,0,1,1,3,1,0,1,0,2,0]",c,"[[{8, 1}, {2, 7}, {3, 6}, {4, 5}], [{8, 1}, {2, 7}, {4, 6}, {3, 5}], [{8, 1}, {2, 7}, {5, 6}, {3, 4}], [{8, 1}, {2, 7}, {5, 6}, {4}, {3}], [{8, 1}, {2, 7}, {6}, {5}, {3, 4}], [{8, 1}, {3, 7}, {2, 6}, {4, 5}], [{8, 1}, {3, 7}, {2, 6}, {5}, {4}], [{8, 1}, {3, 7}, {4, 6}, {2, 5}], [{8, 1}, {3, 7}, {4, 6}, {5}, {2}], [{8, 1}, {3, 7}, {5, 6}, {2, 4}], [{8, 1}, {3, 7}, {5, 6}, {4}, {2}], [{8, 1}, {3, 7}, {6}, {2, 5}, {4}], [{8, 1}, {3, 7}, {6}, {4, 5}, {2}], [{8, 1}, {3, 7}, {6}, {5}, {2, 4}], [{8, 1}, {3, 7}, {6}, {5}, {4}, {2}], [{8, 1}, {4, 7}, {2, 6}, {3, 5}], [{8, 1}, {4, 7}, {3, 6}, {2, 5}], [{8, 1}, {4, 7}, {5, 6}, {2, 3}], [{8, 1}, {4, 7}, {5, 6}, {3}, {2}], [{8, 1}, {4, 7}, {6}, {5}, {2, 3}], [{8, 1}, {5, 7}, {2, 6}, {3, 4}], [{8, 1}, {5, 7}, {3, 6}, {2, 4}], [{8, 1}, {5, 7}, {4, 6}, {2, 3}], [{8, 1}, {5, 7}, {6}, {2, 4}, {3}], [{8, 1}, {6, 7}, {2, 5}, {3, 4}], [{8, 1}, {6, 7}, {2, 5}, {4}, {3}], [{8, 1}, {6, 7}, {3, 5}, {2, 4}], [{8, 1}, {6, 7}, {4, 5}, {2, 3}], [{8, 1}, {6, 7}, {4, 5}, {3}, {2}], [{8, 1}, {6, 7}, {5}, {2, 4}, {3}], [{8, 1}, {7}, {3, 6}, {2, 5}, {4}], [{8, 1}, {7}, {3, 6}, {4, 5}, {2}], [{8, 1}, {7}, {3, 6}, {5}, {2, 4}], [{8, 1}, {7}, {5, 6}, {2, 4}, {3}], [{8, 1}, {7}, {5, 6}, {3, 4}, {2}], [{8, 1}, {7}, {5, 6}, {4}, {2, 3}], [{8, 1}, {7}, {6}, {3, 5}, {2, 4}], [{8, 1}, {7}, {6}, {5}, {2, 4}, {3}], [{8, 2}, {1, 7}, {3, 6}, {4, 5}], [{8, 2}, {1, 7}, {4, 6}, {3, 5}], [{8, 2}, {1, 7}, {5, 6}, {3, 4}], [{8, 2}, {1, 7}, {6}, {3, 5}, {4}], [{8, 2}, {3, 7}, {1, 6}, {4, 5}], [{8, 2}, {3, 7}, {4, 6}, {1, 5}], [{8, 2}, {3, 7}, {5, 6}, {1, 4}], [{8, 2}, {3, 7}, {6}, {1, 5}, {4}], [{8, 2}, {4, 7}, {1, 6}, {3, 5}], [{8, 2}, {4, 7}, {3, 6}, {1, 5}], [{8, 2}, {4, 7}, {5, 6}, {1, 3}], [{8, 2}, {5, 7}, {1, 6}, {3, 4}], [{8, 2}, {5, 7}, {3, 6}, {1, 4}], [{8, 2}, {5, 7}, {4, 6}, {1, 3}], [{8, 2}, {6, 7}, {1, 5}, {3, 4}], [{8, 2}, {6, 7}, {3, 5}, {1, 4}], [{8, 2}, {6, 7}, {4, 5}, {1, 3}], [{8, 2}, {7}, {3, 6}, {5}, {1, 4}], [{8, 2}, {7}, {5, 6}, {3, 4}, {1}], [{8, 3}, {1, 7}, {2, 6}, {4, 5}], [{8, 3}, {1, 7}, {4, 6}, {2, 5}], [{8, 3}, {1, 7}, {5, 6}, {2, 4}], [{8, 3}, {2, 7}, {1, 6}, {4, 5}], [{8, 3}, {2, 7}, {4, 6}, {1, 5}], [{8, 3}, {2, 7}, {5, 6}, {1, 4}], [{8, 3}, {2, 7}, {6}, {1, 5}, {4}], [{8, 3}, {4, 7}, {1, 6}, {2, 5}], [{8, 3}, {4, 7}, {2, 6}, {1, 5}], [{8, 3}, {4, 7}, {5, 6}, {1, 2}], [{8, 3}, {5, 7}, {1, 6}, {2, 4}], [{8, 3}, {5, 7}, {2, 6}, {1, 4}], [{8, 3}, {5, 7}, {4, 6}, {1, 2}], [{8, 3}, {5, 7}, {6}, {2, 4}, {1}], [{8, 3}, {6, 7}, {1, 5}, {2, 4}], [{8, 3}, {6, 7}, {2, 5}, {1, 4}], [{8, 3}, {6, 7}, {4, 5}, {1, 2}], [{8, 3}, {6, 7}, {4, 5}, {2}, {1}], [{8, 3}, {7}, {1, 6}, {5}, {2, 4}], [{8, 3}, {7}, {6}, {2, 5}, {1, 4}], [{8, 3}, {7}, {6}, {4, 5}, {1, 2}], [{8, 4}, {1, 7}, {2, 6}, {3, 5}], [{8, 4}, {1, 7}, {3, 6}, {2, 5}], [{8, 4}, {1, 7}, {5, 6}, {2, 3}], [{8, 4}, {2, 7}, {1, 6}, {3, 5}], [{8, 4}, {2, 7}, {3, 6}, {1, 5}], [{8, 4}, {2, 7}, {5, 6}, {1, 3}], [{8, 4}, {2, 7}, {5, 6}, {3}, {1}], [{8, 4}, {3, 7}, {1, 6}, {2, 5}], [{8, 4}, {3, 7}, {2, 6}, {1, 5}], [{8, 4}, {3, 7}, {2, 6}, {5}, {1}], [{8, 4}, {3, 7}, {5, 6}, {1, 2}], [{8, 4}, {3, 7}, {6}, {1, 5}, {2}], [{8, 4}, {5, 7}, {1, 6}, {2, 3}], [{8, 4}, {5, 7}, {2, 6}, {1, 3}], [{8, 4}, {5, 7}, {3, 6}, {1, 2}], [{8, 4}, {6, 7}, {1, 5}, {2, 3}], [{8, 4}, {6, 7}, {1, 5}, {3}, {2}], [{8, 4}, {6, 7}, {2, 5}, {1, 3}], [{8, 4}, {6, 7}, {2, 5}, {3}, {1}], [{8, 4}, {6, 7}, {3, 5}, {1, 2}], [{8, 4}, {6, 7}, {5}, {3}, {1, 2}], [{8, 4}, {7}, {3, 6}, {1, 5}, {2}], [{8, 5}, {1, 7}, {2, 6}, {3, 4}], [{8, 5}, {1, 7}, {3, 6}, {2, 4}], [{8, 5}, {1, 7}, {4, 6}, {2, 3}], [{8, 5}, {2, 7}, {1, 6}, {3, 4}], [{8, 5}, {2, 7}, {3, 6}, {1, 4}], [{8, 5}, {2, 7}, {4, 6}, {1, 3}], [{8, 5}, {3, 7}, {1, 6}, {2, 4}], [{8, 5}, {3, 7}, {1, 6}, {4}, {2}], [{8, 5}, {3, 7}, {2, 6}, {1, 4}], [{8, 5}, {3, 7}, {2, 6}, {4}, {1}], [{8, 5}, {3, 7}, {4, 6}, {1, 2}], [{8, 5}, {3, 7}, {4, 6}, {2}, {1}], [{8, 5}, {3, 7}, {6}, {1, 4}, {2}], [{8, 5}, {3, 7}, {6}, {2, 4}, {1}], [{8, 5}, {3, 7}, {6}, {4}, {1, 2}], [{8, 5}, {3, 7}, {6}, {4}, {2}, {1}], [{8, 5}, {4, 7}, {1, 6}, {2, 3}], [{8, 5}, {4, 7}, {2, 6}, {1, 3}], [{8, 5}, {4, 7}, {3, 6}, {1, 2}], [{8, 5}, {6, 7}, {1, 4}, {2, 3}], [{8, 5}, {6, 7}, {2, 4}, {1, 3}], [{8, 5}, {6, 7}, {3, 4}, {1, 2}], [{8, 6}, {1, 7}, {2, 5}, {3, 4}], [{8, 6}, {1, 7}, {3, 5}, {2, 4}], [{8, 6}, {1, 7}, {4, 5}, {2, 3}], [{8, 6}, {1, 7}, {5}, {4}, {2, 3}], [{8, 6}, {2, 7}, {1, 5}, {3, 4}], [{8, 6}, {2, 7}, {3, 5}, {1, 4}], [{8, 6}, {2, 7}, {4, 5}, {1, 3}], [{8, 6}, {3, 7}, {1, 5}, {2, 4}], [{8, 6}, {3, 7}, {1, 5}, {4}, {2}], [{8, 6}, {3, 7}, {2, 5}, {1, 4}], [{8, 6}, {3, 7}, {4, 5}, {1, 2}], [{8, 6}, {4, 7}, {1, 5}, {2, 3}], [{8, 6}, {4, 7}, {1, 5}, {3}, {2}], [{8, 6}, {4, 7}, {2, 5}, {1, 3}], [{8, 6}, {4, 7}, {3, 5}, {1, 2}], [{8, 6}, {5, 7}, {1, 4}, {2, 3}], [{8, 6}, {5, 7}, {2, 4}, {1, 3}], [{8, 6}, {5, 7}, {2, 4}, {3}, {1}], [{8, 6}, {5, 7}, {3, 4}, {1, 2}], [{8, 6}, {7}, {1, 5}, {3, 4}, {2}], [{8, 6}, {7}, {5}, {2, 4}, {1, 3}], [{8, 7}, {1, 6}, {2, 5}, {3, 4}], [{8, 7}, {1, 6}, {3, 5}, {2, 4}], [{8, 7}, {1, 6}, {4, 5}, {2, 3}], [{8, 7}, {2, 6}, {1, 5}, {3, 4}], [{8, 7}, {2, 6}, {3, 5}, {1, 4}], [{8, 7}, {2, 6}, {4, 5}, {1, 3}], [{8, 7}, {3, 6}, {1, 5}, {2, 4}], [{8, 7}, {3, 6}, {2, 5}, {1, 4}], [{8, 7}, {3, 6}, {4, 5}, {1, 2}], [{8, 7}, {4, 6}, {1, 5}, {2, 3}], [{8, 7}, {4, 6}, {2, 5}, {1, 3}], [{8, 7}, {4, 6}, {3, 5}, {1, 2}], [{8, 7}, {5, 6}, {1, 4}, {2, 3}], [{8, 7}, {5, 6}, {2, 4}, {1, 3}], [{8, 7}, {5, 6}, {2, 4}, {3}, {1}], [{8, 7}, {5, 6}, {3, 4}, {1, 2}], [{8, 7}, {6}, {1, 5}, {4}, {2, 3}], [{8}, {1, 7}, {5, 6}, {2, 4}, {3}], [{8}, {2, 7}, {3, 6}, {4, 5}, {1}], [{8}, {2, 7}, {5, 6}, {1, 4}, {3}], [{8}, {3, 7}, {2, 6}, {1, 5}, {4}], [{8}, {3, 7}, {2, 6}, {4, 5}, {1}], [{8}, {3, 7}, {2, 6}, {5}, {1, 4}], [{8}, {3, 7}, {4, 6}, {1, 5}, {2}], [{8}, {3, 7}, {6}, {1, 5}, {2, 4}], [{8}, {3, 7}, {6}, {1, 5}, {4}, {2}], [{8}, {4, 7}, {1, 6}, {2, 5}, {3}], [{8}, {5, 7}, {1, 6}, {2, 4}, {3}], [{8}, {5, 7}, {3, 6}, {2, 4}, {1}], [{8}, {5, 7}, {6}, {2, 4}, {1, 3}], [{8}, {6, 7}, {2, 5}, {1, 4}, {3}], [{8}, {6, 7}, {4, 5}, {1, 3}, {2}], [{8}, {7}, {5, 6}, {3, 4}, {1, 2}]]",2,8 K_1^3 - 26 K_1^2 - 8 K_1 K_2 - 2 K_1 + 13 K_2 + 2 K_3 + 14,O1O2O3U4O5U2U6U1O4O7U3O8U5U8O6U7,O1O2O3U4O5U6U3U1O7U2O8O4U8O6U7U5,O1O2O3U4U5O6U7O8O7U2O5U3U1U6O4U8,c,{'O1O2O3U4O5U6U7O6U1O4O8U3U5U2O7U8'},1,"<a href=""/flatknot/8.1101649"">8.1101649</a>",t^9-39t^7-96t^6+45t^5+232t^4+52t^3-92t^2-37t-2,-t^2+2t,,
8.1101650,O1O2O3U4O5U6U7O6U1O4O8U3U5U8O7U2,4,14z^2+99z+143,14w^3z^2+99w^2z+143w,False,False,"[[ 0 -1  1  0 -1  1 -1 -1  2],[ 1  0  1  0  1  1  1  1  2],[-1 -1  0 -1 -1  0 -2 -1  2],[ 0  0  1  0  0  0  0  0  2],[ 1 -1  1  0  0  1  0 -1  1],[-1 -1  0  0 -1  0 -1 -1  1],[ 1 -1  2  0  0  1  0 -1  2],[ 1 -1  1  0  1  1  1  0  2],[-2 -2 -2 -2 -1 -1 -2 -2  0]]","[[ 0  2  1  1  0 -1 -1 -1 -1],[-2  0 -1 -2 -2 -1 -2 -2 -2],[-1  1  0  0  0 -1 -1 -1 -1],[-1  2  0  0 -1 -1 -1 -1 -2],[ 0  2  0  1  0  0  0  0  0],[ 1  1  1  1  0  0 -1 -1  0],[ 1  2  1  1  0  1  0  1  1],[ 1  2  1  1  0  1 -1  0  1],[ 1  2  1  2  0  0 -1 -1  0]]",True,"[-2,-1,-1,0,1,1,1,1,1,2,2,1,2,2,2,0,0,1,1,1,1,1,1,1,1,2,0,0,0,0,1,1,0,-1,-1,-1]","[-2,-1,-1,0,1,1,1,1,-1,0,0,1,1,1,2,0,0,0,1,1,1,1,1,1,1,1,1,1,1,1,-1,-1,0,-1,1,1]",t^8+39t^6+139t^4+56t^2+1,"[-1,-1,-1,-1,0,1,1,2,-1,-1,-1,1,1,1,1,-1,-1,1,1,1,1,0,1,0,1,1,1,1,1,2,0,1,0,0,-1,0]","[-2,-1,-1,0,1,1,1,1,-1,0,0,1,1,1,2,0,0,0,1,1,1,1,1,1,1,1,1,1,1,1,-1,-1,0,-1,1,1]","[-1,-1,-1,-1,0,1,1,2,-1,-1,0,0,1,1,1,-1,1,0,1,1,2,1,0,1,1,2,0,1,2,2,0,1,2,0,1,2]",c,"[[{8, 1}, {2, 7}, {3, 6}, {4, 5}], [{8, 1}, {2, 7}, {4, 6}, {3, 5}], [{8, 1}, {2, 7}, {5, 6}, {3, 4}], [{8, 1}, {2, 7}, {5, 6}, {4}, {3}], [{8, 1}, {2, 7}, {6}, {5}, {3, 4}], [{8, 1}, {3, 7}, {2, 6}, {4, 5}], [{8, 1}, {3, 7}, {4, 6}, {2, 5}], [{8, 1}, {3, 7}, {5, 6}, {2, 4}], [{8, 1}, {4, 7}, {2, 6}, {3, 5}], [{8, 1}, {4, 7}, {3, 6}, {2, 5}], [{8, 1}, {4, 7}, {5, 6}, {2, 3}], [{8, 1}, {4, 7}, {6}, {2, 5}, {3}], [{8, 1}, {5, 7}, {2, 6}, {3, 4}], [{8, 1}, {5, 7}, {3, 6}, {2, 4}], [{8, 1}, {5, 7}, {4, 6}, {2, 3}], [{8, 1}, {5, 7}, {6}, {4}, {2, 3}], [{8, 1}, {6, 7}, {2, 5}, {3, 4}], [{8, 1}, {6, 7}, {3, 5}, {2, 4}], [{8, 1}, {6, 7}, {4, 5}, {2, 3}], [{8, 1}, {6, 7}, {5}, {3, 4}, {2}], [{8, 1}, {7}, {2, 6}, {5}, {3, 4}], [{8, 1}, {7}, {3, 6}, {4, 5}, {2}], [{8, 2}, {1, 7}, {3, 6}, {4, 5}], [{8, 2}, {1, 7}, {4, 6}, {3, 5}], [{8, 2}, {1, 7}, {5, 6}, {3, 4}], [{8, 2}, {3, 7}, {1, 6}, {4, 5}], [{8, 2}, {3, 7}, {4, 6}, {1, 5}], [{8, 2}, {3, 7}, {5, 6}, {1, 4}], [{8, 2}, {3, 7}, {6}, {1, 5}, {4}], [{8, 2}, {4, 7}, {1, 6}, {3, 5}], [{8, 2}, {4, 7}, {3, 6}, {1, 5}], [{8, 2}, {4, 7}, {5, 6}, {1, 3}], [{8, 2}, {4, 7}, {6}, {1, 5}, {3}], [{8, 2}, {5, 7}, {1, 6}, {3, 4}], [{8, 2}, {5, 7}, {3, 6}, {1, 4}], [{8, 2}, {5, 7}, {4, 6}, {1, 3}], [{8, 2}, {6, 7}, {1, 5}, {3, 4}], [{8, 2}, {6, 7}, {1, 5}, {4}, {3}], [{8, 2}, {6, 7}, {3, 5}, {1, 4}], [{8, 2}, {6, 7}, {4, 5}, {1, 3}], [{8, 2}, {7}, {3, 6}, {1, 5}, {4}], [{8, 2}, {7}, {3, 6}, {4, 5}, {1}], [{8, 2}, {7}, {3, 6}, {5}, {1, 4}], [{8, 2}, {7}, {4, 6}, {1, 5}, {3}], [{8, 2}, {7}, {6}, {1, 5}, {3, 4}], [{8, 2}, {7}, {6}, {1, 5}, {4}, {3}], [{8, 3}, {1, 7}, {2, 6}, {4, 5}], [{8, 3}, {1, 7}, {4, 6}, {2, 5}], [{8, 3}, {1, 7}, {5, 6}, {2, 4}], [{8, 3}, {1, 7}, {6}, {5}, {2, 4}], [{8, 3}, {2, 7}, {1, 6}, {4, 5}], [{8, 3}, {2, 7}, {4, 6}, {1, 5}], [{8, 3}, {2, 7}, {4, 6}, {5}, {1}], [{8, 3}, {2, 7}, {5, 6}, {1, 4}], [{8, 3}, {4, 7}, {1, 6}, {2, 5}], [{8, 3}, {4, 7}, {2, 6}, {1, 5}], [{8, 3}, {4, 7}, {5, 6}, {1, 2}], [{8, 3}, {5, 7}, {1, 6}, {2, 4}], [{8, 3}, {5, 7}, {2, 6}, {1, 4}], [{8, 3}, {5, 7}, {4, 6}, {1, 2}], [{8, 3}, {5, 7}, {4, 6}, {2}, {1}], [{8, 3}, {6, 7}, {1, 5}, {2, 4}], [{8, 3}, {6, 7}, {2, 5}, {1, 4}], [{8, 3}, {6, 7}, {4, 5}, {1, 2}], [{8, 3}, {6, 7}, {5}, {2, 4}, {1}], [{8, 3}, {7}, {1, 6}, {5}, {2, 4}], [{8, 3}, {7}, {2, 6}, {1, 5}, {4}], [{8, 3}, {7}, {2, 6}, {4, 5}, {1}], [{8, 3}, {7}, {2, 6}, {5}, {1, 4}], [{8, 3}, {7}, {4, 6}, {2, 5}, {1}], [{8, 4}, {1, 7}, {2, 6}, {3, 5}], [{8, 4}, {1, 7}, {2, 6}, {5}, {3}], [{8, 4}, {1, 7}, {3, 6}, {2, 5}], [{8, 4}, {1, 7}, {5, 6}, {2, 3}], [{8, 4}, {1, 7}, {5, 6}, {3}, {2}], [{8, 4}, {1, 7}, {6}, {2, 5}, {3}], [{8, 4}, {2, 7}, {1, 6}, {3, 5}], [{8, 4}, {2, 7}, {3, 6}, {1, 5}], [{8, 4}, {2, 7}, {5, 6}, {1, 3}], [{8, 4}, {2, 7}, {5, 6}, {3}, {1}], [{8, 4}, {3, 7}, {1, 6}, {2, 5}], [{8, 4}, {3, 7}, {2, 6}, {1, 5}], [{8, 4}, {3, 7}, {5, 6}, {1, 2}], [{8, 4}, {3, 7}, {5, 6}, {2}, {1}], [{8, 4}, {5, 7}, {1, 6}, {2, 3}], [{8, 4}, {5, 7}, {2, 6}, {1, 3}], [{8, 4}, {5, 7}, {3, 6}, {1, 2}], [{8, 4}, {6, 7}, {1, 5}, {2, 3}], [{8, 4}, {6, 7}, {2, 5}, {1, 3}], [{8, 4}, {6, 7}, {3, 5}, {1, 2}], [{8, 4}, {7}, {5, 6}, {1, 3}, {2}], [{8, 4}, {7}, {5, 6}, {2, 3}, {1}], [{8, 4}, {7}, {5, 6}, {3}, {1, 2}], [{8, 5}, {1, 7}, {2, 6}, {3, 4}], [{8, 5}, {1, 7}, {3, 6}, {2, 4}], [{8, 5}, {1, 7}, {4, 6}, {2, 3}], [{8, 5}, {1, 7}, {6}, {3, 4}, {2}], [{8, 5}, {2, 7}, {1, 6}, {3, 4}], [{8, 5}, {2, 7}, {3, 6}, {1, 4}], [{8, 5}, {2, 7}, {4, 6}, {1, 3}], [{8, 5}, {3, 7}, {1, 6}, {2, 4}], [{8, 5}, {3, 7}, {2, 6}, {1, 4}], [{8, 5}, {3, 7}, {4, 6}, {1, 2}], [{8, 5}, {4, 7}, {1, 6}, {2, 3}], [{8, 5}, {4, 7}, {2, 6}, {1, 3}], [{8, 5}, {4, 7}, {3, 6}, {1, 2}], [{8, 5}, {6, 7}, {1, 4}, {2, 3}], [{8, 5}, {6, 7}, {2, 4}, {1, 3}], [{8, 5}, {6, 7}, {3, 4}, {1, 2}], [{8, 5}, {6, 7}, {3, 4}, {2}, {1}], [{8, 5}, {7}, {1, 6}, {2, 4}, {3}], [{8, 5}, {7}, {1, 6}, {3, 4}, {2}], [{8, 5}, {7}, {1, 6}, {4}, {2, 3}], [{8, 5}, {7}, {2, 6}, {4}, {1, 3}], [{8, 6}, {1, 7}, {2, 5}, {3, 4}], [{8, 6}, {1, 7}, {3, 5}, {2, 4}], [{8, 6}, {1, 7}, {4, 5}, {2, 3}], [{8, 6}, {1, 7}, {5}, {2, 4}, {3}], [{8, 6}, {2, 7}, {1, 5}, {3, 4}], [{8, 6}, {2, 7}, {3, 5}, {1, 4}], [{8, 6}, {2, 7}, {4, 5}, {1, 3}], [{8, 6}, {2, 7}, {5}, {3, 4}, {1}], [{8, 6}, {3, 7}, {1, 5}, {2, 4}], [{8, 6}, {3, 7}, {2, 5}, {1, 4}], [{8, 6}, {3, 7}, {4, 5}, {1, 2}], [{8, 6}, {3, 7}, {5}, {2, 4}, {1}], [{8, 6}, {4, 7}, {1, 5}, {2, 3}], [{8, 6}, {4, 7}, {2, 5}, {1, 3}], [{8, 6}, {4, 7}, {3, 5}, {1, 2}], [{8, 6}, {4, 7}, {3, 5}, {2}, {1}], [{8, 6}, {5, 7}, {1, 4}, {2, 3}], [{8, 6}, {5, 7}, {2, 4}, {1, 3}], [{8, 6}, {5, 7}, {3, 4}, {1, 2}], [{8, 6}, {7}, {1, 5}, {4}, {2, 3}], [{8, 6}, {7}, {4, 5}, {2, 3}, {1}], [{8, 6}, {7}, {5}, {1, 4}, {2, 3}], [{8, 6}, {7}, {5}, {2, 4}, {1, 3}], [{8, 7}, {1, 6}, {2, 5}, {3, 4}], [{8, 7}, {1, 6}, {3, 5}, {2, 4}], [{8, 7}, {1, 6}, {4, 5}, {2, 3}], [{8, 7}, {2, 6}, {1, 5}, {3, 4}], [{8, 7}, {2, 6}, {3, 5}, {1, 4}], [{8, 7}, {2, 6}, {4, 5}, {1, 3}], [{8, 7}, {3, 6}, {1, 5}, {2, 4}], [{8, 7}, {3, 6}, {2, 5}, {1, 4}], [{8, 7}, {3, 6}, {4, 5}, {1, 2}], [{8, 7}, {3, 6}, {4, 5}, {2}, {1}], [{8, 7}, {4, 6}, {1, 5}, {2, 3}], [{8, 7}, {4, 6}, {2, 5}, {1, 3}], [{8, 7}, {4, 6}, {3, 5}, {1, 2}], [{8, 7}, {5, 6}, {1, 4}, {2, 3}], [{8, 7}, {5, 6}, {2, 4}, {1, 3}], [{8, 7}, {5, 6}, {3, 4}, {1, 2}], [{8, 7}, {5, 6}, {4}, {3}, {1, 2}], [{8, 7}, {6}, {5}, {3, 4}, {1, 2}], [{8}, {1, 7}, {3, 6}, {2, 5}, {4}], [{8}, {1, 7}, {3, 6}, {4, 5}, {2}], [{8}, {1, 7}, {3, 6}, {5}, {2, 4}], [{8}, {2, 7}, {1, 6}, {5}, {3, 4}], [{8}, {2, 7}, {3, 6}, {4, 5}, {1}], [{8}, {2, 7}, {5, 6}, {1, 4}, {3}], [{8}, {3, 7}, {1, 6}, {4, 5}, {2}], [{8}, {3, 7}, {4, 6}, {1, 5}, {2}], [{8}, {4, 7}, {5, 6}, {3}, {1, 2}], [{8}, {6, 7}, {1, 5}, {3, 4}, {2}], [{8}, {6, 7}, {2, 5}, {1, 4}, {3}], [{8}, {6, 7}, {4, 5}, {1, 3}, {2}], [{8}, {7}, {1, 6}, {3, 5}, {2, 4}], [{8}, {7}, {3, 6}, {4, 5}, {1, 2}], [{8}, {7}, {3, 6}, {4, 5}, {2}, {1}]]",2,16 K_1^3 - 38 K_1^2 - 24 K_1 K_2 + 19 K_2 + 8 K_3 + 20,O1O2O3U2O4U5U6U1O5O7U3O8U4U8O6U7,O1O2O3U4O5U6U5U1O7U2O8O4U8O6U7U3,O1O2O3U1U4O5U6O7O6U2O4U3U8U5O8U7,c,{'O1O2O3U4O5U6U7O6U1O4O8U3U5U8O7U2'},1,"<a href=""/flatknot/8.1101650"">8.1101650</a>",t^9-37t^7-116t^6-60t^5+186t^4+291t^3+148t^2+21t-2,-t^2+2t,,
8.1101651,O1O2O3U4O5U6U7O6U1O4O8U5U2U3O7U8,4,5z^3+42z^2+112z+97,5w^4z^3+42w^3z^2+112w^2z+97w,False,False,"[[ 0 -1  0  2 -1  0 -1 -1  2],[ 1  0  1  2  1  0  1  0  2],[ 0 -1  0  1  1 -1  0  0  2],[-2 -2 -1  0 -1 -1 -2 -1  1],[ 1 -1 -1  1  0  0  0 -1  2],[ 0  0  1  1  0  0  0  1  0],[ 1 -1  0  2  0  0  0 -1  3],[ 1  0  0  1  1 -1  1  0  2],[-2 -2 -2 -1 -2  0 -3 -2  0]]","[[ 0  2  2  0  0 -1 -1 -1 -1],[-2  0  1 -1 -1 -1 -1 -2 -2],[-2 -1  0  0 -2 -2 -2 -2 -3],[ 0  1  0  0  1  1  0  0  0],[ 0  1  2 -1  0  0  1 -1  0],[ 1  1  2 -1  0  0  1  0  1],[ 1  1  2  0 -1 -1  0 -1  0],[ 1  2  2  0  1  0  1  0  1],[ 1  2  3  0  0 -1  0 -1  0]]",True,"[-2,-2,0,0,1,1,1,1,-1,1,1,1,1,2,2,0,2,2,2,2,3,-1,-1,0,0,0,0,-1,1,0,-1,0,-1,1,0,-1]","[-2,-2,0,0,1,1,1,1,-1,0,2,0,1,1,1,1,1,1,1,2,2,-1,1,0,1,2,1,1,2,1,-1,-1,0,0,1,1]",t^8+46t^6+145t^4+37t^2+1,"[-1,-1,-1,-1,0,0,2,2,-1,-1,0,0,1,1,1,0,1,1,1,0,1,1,2,1,1,2,1,2,1,2,1,0,1,2,1,1]","[-2,-2,0,0,1,1,1,1,-1,0,2,0,1,1,1,1,1,1,1,2,2,-1,1,0,1,2,1,1,2,1,-1,-1,0,0,1,1]","[-1,-1,-1,-1,0,0,2,2,-1,-1,0,-1,0,1,2,0,1,0,-1,1,2,1,1,0,2,2,0,0,2,3,-1,1,2,1,0,1]",c,"[[{8, 1}, {2, 7}, {3, 6}, {4, 5}], [{8, 1}, {2, 7}, {4, 6}, {3, 5}], [{8, 1}, {2, 7}, {5, 6}, {3, 4}], [{8, 1}, {3, 7}, {2, 6}, {4, 5}], [{8, 1}, {3, 7}, {4, 6}, {2, 5}], [{8, 1}, {3, 7}, {5, 6}, {2, 4}], [{8, 1}, {3, 7}, {5, 6}, {4}, {2}], [{8, 1}, {4, 7}, {2, 6}, {3, 5}], [{8, 1}, {4, 7}, {3, 6}, {2, 5}], [{8, 1}, {4, 7}, {5, 6}, {2, 3}], [{8, 1}, {4, 7}, {6}, {3, 5}, {2}], [{8, 1}, {5, 7}, {2, 6}, {3, 4}], [{8, 1}, {5, 7}, {3, 6}, {2, 4}], [{8, 1}, {5, 7}, {3, 6}, {4}, {2}], [{8, 1}, {5, 7}, {4, 6}, {2, 3}], [{8, 1}, {5, 7}, {4, 6}, {3}, {2}], [{8, 1}, {5, 7}, {6}, {3, 4}, {2}], [{8, 1}, {6, 7}, {2, 5}, {3, 4}], [{8, 1}, {6, 7}, {3, 5}, {2, 4}], [{8, 1}, {6, 7}, {4, 5}, {2, 3}], [{8, 2}, {1, 7}, {3, 6}, {4, 5}], [{8, 2}, {1, 7}, {3, 6}, {5}, {4}], [{8, 2}, {1, 7}, {4, 6}, {3, 5}], [{8, 2}, {1, 7}, {4, 6}, {5}, {3}], [{8, 2}, {1, 7}, {5, 6}, {3, 4}], [{8, 2}, {1, 7}, {6}, {5}, {3, 4}], [{8, 2}, {3, 7}, {1, 6}, {4, 5}], [{8, 2}, {3, 7}, {4, 6}, {1, 5}], [{8, 2}, {3, 7}, {5, 6}, {1, 4}], [{8, 2}, {4, 7}, {1, 6}, {3, 5}], [{8, 2}, {4, 7}, {3, 6}, {1, 5}], [{8, 2}, {4, 7}, {5, 6}, {1, 3}], [{8, 2}, {4, 7}, {6}, {3, 5}, {1}], [{8, 2}, {5, 7}, {1, 6}, {3, 4}], [{8, 2}, {5, 7}, {3, 6}, {1, 4}], [{8, 2}, {5, 7}, {3, 6}, {4}, {1}], [{8, 2}, {5, 7}, {4, 6}, {1, 3}], [{8, 2}, {5, 7}, {4, 6}, {3}, {1}], [{8, 2}, {5, 7}, {6}, {3, 4}, {1}], [{8, 2}, {6, 7}, {1, 5}, {3, 4}], [{8, 2}, {6, 7}, {3, 5}, {1, 4}], [{8, 2}, {6, 7}, {4, 5}, {1, 3}], [{8, 2}, {6, 7}, {5}, {1, 4}, {3}], [{8, 2}, {7}, {3, 6}, {1, 5}, {4}], [{8, 2}, {7}, {4, 6}, {1, 5}, {3}], [{8, 2}, {7}, {6}, {1, 5}, {3, 4}], [{8, 3}, {1, 7}, {2, 6}, {4, 5}], [{8, 3}, {1, 7}, {4, 6}, {2, 5}], [{8, 3}, {1, 7}, {4, 6}, {5}, {2}], [{8, 3}, {1, 7}, {5, 6}, {2, 4}], [{8, 3}, {2, 7}, {1, 6}, {4, 5}], [{8, 3}, {2, 7}, {4, 6}, {1, 5}], [{8, 3}, {2, 7}, {5, 6}, {1, 4}], [{8, 3}, {4, 7}, {1, 6}, {2, 5}], [{8, 3}, {4, 7}, {2, 6}, {1, 5}], [{8, 3}, {4, 7}, {5, 6}, {1, 2}], [{8, 3}, {5, 7}, {1, 6}, {2, 4}], [{8, 3}, {5, 7}, {2, 6}, {1, 4}], [{8, 3}, {5, 7}, {2, 6}, {4}, {1}], [{8, 3}, {5, 7}, {4, 6}, {1, 2}], [{8, 3}, {5, 7}, {4, 6}, {2}, {1}], [{8, 3}, {5, 7}, {6}, {2, 4}, {1}], [{8, 3}, {6, 7}, {1, 5}, {2, 4}], [{8, 3}, {6, 7}, {2, 5}, {1, 4}], [{8, 3}, {6, 7}, {4, 5}, {1, 2}], [{8, 3}, {7}, {4, 6}, {1, 5}, {2}], [{8, 4}, {1, 7}, {2, 6}, {3, 5}], [{8, 4}, {1, 7}, {3, 6}, {2, 5}], [{8, 4}, {1, 7}, {3, 6}, {5}, {2}], [{8, 4}, {1, 7}, {5, 6}, {2, 3}], [{8, 4}, {2, 7}, {1, 6}, {3, 5}], [{8, 4}, {2, 7}, {3, 6}, {1, 5}], [{8, 4}, {2, 7}, {5, 6}, {1, 3}], [{8, 4}, {3, 7}, {1, 6}, {2, 5}], [{8, 4}, {3, 7}, {2, 6}, {1, 5}], [{8, 4}, {3, 7}, {5, 6}, {1, 2}], [{8, 4}, {3, 7}, {5, 6}, {2}, {1}], [{8, 4}, {5, 7}, {1, 6}, {2, 3}], [{8, 4}, {5, 7}, {2, 6}, {1, 3}], [{8, 4}, {5, 7}, {2, 6}, {3}, {1}], [{8, 4}, {5, 7}, {3, 6}, {1, 2}], [{8, 4}, {5, 7}, {3, 6}, {2}, {1}], [{8, 4}, {5, 7}, {6}, {2, 3}, {1}], [{8, 4}, {6, 7}, {1, 5}, {2, 3}], [{8, 4}, {6, 7}, {2, 5}, {1, 3}], [{8, 4}, {6, 7}, {3, 5}, {1, 2}], [{8, 4}, {7}, {1, 6}, {3, 5}, {2}], [{8, 4}, {7}, {3, 6}, {1, 5}, {2}], [{8, 5}, {1, 7}, {2, 6}, {3, 4}], [{8, 5}, {1, 7}, {3, 6}, {2, 4}], [{8, 5}, {1, 7}, {3, 6}, {4}, {2}], [{8, 5}, {1, 7}, {4, 6}, {2, 3}], [{8, 5}, {1, 7}, {4, 6}, {3}, {2}], [{8, 5}, {1, 7}, {6}, {3, 4}, {2}], [{8, 5}, {2, 7}, {1, 6}, {3, 4}], [{8, 5}, {2, 7}, {3, 6}, {1, 4}], [{8, 5}, {2, 7}, {4, 6}, {1, 3}], [{8, 5}, {3, 7}, {1, 6}, {2, 4}], [{8, 5}, {3, 7}, {2, 6}, {1, 4}], [{8, 5}, {3, 7}, {2, 6}, {4}, {1}], [{8, 5}, {3, 7}, {4, 6}, {1, 2}], [{8, 5}, {4, 7}, {1, 6}, {2, 3}], [{8, 5}, {4, 7}, {2, 6}, {1, 3}], [{8, 5}, {4, 7}, {3, 6}, {1, 2}], [{8, 5}, {6, 7}, {1, 4}, {2, 3}], [{8, 5}, {6, 7}, {1, 4}, {3}, {2}], [{8, 5}, {6, 7}, {2, 4}, {1, 3}], [{8, 5}, {6, 7}, {3, 4}, {1, 2}], [{8, 5}, {6, 7}, {4}, {2, 3}, {1}], [{8, 5}, {7}, {6}, {1, 4}, {2, 3}], [{8, 5}, {7}, {6}, {2, 4}, {1, 3}], [{8, 6}, {1, 7}, {2, 5}, {3, 4}], [{8, 6}, {1, 7}, {3, 5}, {2, 4}], [{8, 6}, {1, 7}, {4, 5}, {2, 3}], [{8, 6}, {1, 7}, {5}, {3, 4}, {2}], [{8, 6}, {2, 7}, {1, 5}, {3, 4}], [{8, 6}, {2, 7}, {3, 5}, {1, 4}], [{8, 6}, {2, 7}, {4, 5}, {1, 3}], [{8, 6}, {3, 7}, {1, 5}, {2, 4}], [{8, 6}, {3, 7}, {2, 5}, {1, 4}], [{8, 6}, {3, 7}, {4, 5}, {1, 2}], [{8, 6}, {4, 7}, {1, 5}, {2, 3}], [{8, 6}, {4, 7}, {2, 5}, {1, 3}], [{8, 6}, {4, 7}, {3, 5}, {1, 2}], [{8, 6}, {4, 7}, {3, 5}, {2}, {1}], [{8, 6}, {5, 7}, {1, 4}, {2, 3}], [{8, 6}, {5, 7}, {2, 4}, {1, 3}], [{8, 6}, {5, 7}, {2, 4}, {3}, {1}], [{8, 6}, {5, 7}, {3, 4}, {1, 2}], [{8, 6}, {5, 7}, {3, 4}, {2}, {1}], [{8, 6}, {5, 7}, {4}, {2, 3}, {1}], [{8, 6}, {7}, {1, 5}, {3, 4}, {2}], [{8, 6}, {7}, {4, 5}, {1, 3}, {2}], [{8, 7}, {1, 6}, {2, 5}, {3, 4}], [{8, 7}, {1, 6}, {3, 5}, {2, 4}], [{8, 7}, {1, 6}, {3, 5}, {4}, {2}], [{8, 7}, {1, 6}, {4, 5}, {2, 3}], [{8, 7}, {1, 6}, {5}, {2, 4}, {3}], [{8, 7}, {2, 6}, {1, 5}, {3, 4}], [{8, 7}, {2, 6}, {3, 5}, {1, 4}], [{8, 7}, {2, 6}, {4, 5}, {1, 3}], [{8, 7}, {2, 6}, {5}, {1, 4}, {3}], [{8, 7}, {3, 6}, {1, 5}, {2, 4}], [{8, 7}, {3, 6}, {1, 5}, {4}, {2}], [{8, 7}, {3, 6}, {2, 5}, {1, 4}], [{8, 7}, {3, 6}, {4, 5}, {1, 2}], [{8, 7}, {4, 6}, {1, 5}, {2, 3}], [{8, 7}, {4, 6}, {1, 5}, {3}, {2}], [{8, 7}, {4, 6}, {2, 5}, {1, 3}], [{8, 7}, {4, 6}, {3, 5}, {1, 2}], [{8, 7}, {5, 6}, {1, 4}, {2, 3}], [{8, 7}, {5, 6}, {2, 4}, {1, 3}], [{8, 7}, {5, 6}, {3, 4}, {1, 2}], [{8, 7}, {6}, {1, 5}, {3, 4}, {2}], [{8, 7}, {6}, {3, 5}, {2, 4}, {1}], [{8, 7}, {6}, {4, 5}, {1, 3}, {2}], [{8, 7}, {6}, {4, 5}, {2, 3}, {1}], [{8, 7}, {6}, {4, 5}, {3}, {1, 2}], [{8}, {1, 7}, {2, 6}, {5}, {3, 4}], [{8}, {1, 7}, {3, 6}, {2, 5}, {4}], [{8}, {1, 7}, {3, 6}, {4, 5}, {2}], [{8}, {1, 7}, {3, 6}, {5}, {2, 4}], [{8}, {1, 7}, {3, 6}, {5}, {4}, {2}], [{8}, {1, 7}, {4, 6}, {2, 5}, {3}], [{8}, {1, 7}, {4, 6}, {3, 5}, {2}], [{8}, {1, 7}, {4, 6}, {5}, {2, 3}], [{8}, {1, 7}, {4, 6}, {5}, {3}, {2}], [{8}, {1, 7}, {5, 6}, {3, 4}, {2}], [{8}, {1, 7}, {6}, {2, 5}, {3, 4}], [{8}, {1, 7}, {6}, {5}, {3, 4}, {2}], [{8}, {2, 7}, {3, 6}, {1, 5}, {4}], [{8}, {2, 7}, {4, 6}, {1, 5}, {3}], [{8}, {2, 7}, {6}, {1, 5}, {3, 4}], [{8}, {3, 7}, {4, 6}, {1, 5}, {2}], [{8}, {3, 7}, {5, 6}, {1, 4}, {2}], [{8}, {4, 7}, {1, 6}, {3, 5}, {2}], [{8}, {4, 7}, {2, 6}, {3, 5}, {1}], [{8}, {4, 7}, {3, 6}, {1, 5}, {2}], [{8}, {4, 7}, {6}, {3, 5}, {1, 2}], [{8}, {5, 7}, {1, 6}, {3, 4}, {2}], [{8}, {5, 7}, {2, 6}, {3, 4}, {1}], [{8}, {5, 7}, {3, 6}, {1, 4}, {2}], [{8}, {5, 7}, {3, 6}, {2, 4}, {1}], [{8}, {5, 7}, {3, 6}, {4}, {1, 2}], [{8}, {5, 7}, {3, 6}, {4}, {2}, {1}], [{8}, {5, 7}, {4, 6}, {1, 3}, {2}], [{8}, {5, 7}, {4, 6}, {2, 3}, {1}], [{8}, {5, 7}, {4, 6}, {3}, {1, 2}], [{8}, {5, 7}, {4, 6}, {3}, {2}, {1}], [{8}, {5, 7}, {6}, {3, 4}, {1, 2}], [{8}, {5, 7}, {6}, {3, 4}, {2}, {1}], [{8}, {6, 7}, {1, 5}, {3, 4}, {2}], [{8}, {6, 7}, {2, 5}, {1, 4}, {3}], [{8}, {6, 7}, {4, 5}, {1, 3}, {2}], [{8}, {7}, {2, 6}, {1, 5}, {3, 4}], [{8}, {7}, {3, 6}, {1, 5}, {2, 4}], [{8}, {7}, {3, 6}, {1, 5}, {4}, {2}], [{8}, {7}, {4, 6}, {1, 5}, {2, 3}], [{8}, {7}, {4, 6}, {1, 5}, {3}, {2}], [{8}, {7}, {6}, {1, 5}, {3, 4}, {2}]]",2,16 K_1^3 - 8 K_1^2 - 12 K_1 K_2 - 6 K_1 + 4 K_2 + 2 K_3 + 5,O1O2O3U4O5U1U2U6O4O7U3O8U5U8O6U7,O1O2O3U4O5U6U2U3O7U1O8O4U8O6U7U5,O1O2O3U4U5O6U7O8O7U3O5U1U2U6O4U8,c,{'O1O2O3U4O5U6U7O6U1O4O8U5U2U3O7U8'},1,"<a href=""/flatknot/8.1101651"">8.1101651</a>",t^9-42t^7-118t^6+3t^5+234t^4+44t^3-150t^2+22t+2,-2t^2+4t,,
8.1101652,O1O2O3U4O5U6U7O6U1O4O8U5U2U8O7U3,3,13z^2+74z+97,13w^3z^2-16w^3z+90w^2z+97w,False,False,"[[ 0 -1  0  2 -1  0 -1 -1  2],[ 1  0  1  1  1  0  1  1  2],[ 0 -1  0  1  1 -1  0  0  2],[-2 -1 -1  0 -2 -1 -3 -1  1],[ 1 -1 -1  2  0  0  0 -1  1],[ 0  0  1  1  0  0  0  0  1],[ 1 -1  0  3  0  0  0 -1  2],[ 1 -1  0  1  1  0  1  0  2],[-2 -2 -2 -1 -1 -1 -2 -2  0]]","[[ 0  2  2  0  0 -1 -1 -1 -1],[-2  0  1 -1 -1 -1 -1 -2 -3],[-2 -1  0 -1 -2 -2 -2 -1 -2],[ 0  1  1  0  1  0  0  0  0],[ 0  1  2 -1  0  0 -1  1  0],[ 1  1  2  0  0  0 -1  1  1],[ 1  1  2  0  1  1  0  1  1],[ 1  2  1  0 -1 -1 -1  0  0],[ 1  3  2  0  0 -1 -1  0  0]]",True,"[-2,-2,0,0,1,1,1,1,-1,1,1,1,1,2,3,1,2,2,2,1,2,-1,0,0,0,0,0,1,-1,0,1,-1,-1,-1,-1,0]","[-2,-2,0,0,1,1,1,1,-1,0,1,1,1,1,2,1,1,0,2,2,1,-1,1,0,1,2,1,1,1,1,-1,-1,0,1,1,1]",t^8+44t^6+220t^4+95t^2,"[-1,-1,-1,-1,0,0,2,2,-1,-1,-1,0,1,1,2,-1,-1,1,1,1,2,0,1,1,1,0,2,1,2,1,1,0,1,1,1,1]","[-2,-2,0,0,1,1,1,1,-1,0,1,1,1,1,2,1,1,0,2,2,1,-1,1,0,1,2,1,1,1,1,-1,-1,0,1,1,1]","[-1,-1,-1,-1,0,0,2,2,-1,-1,0,-1,0,1,2,-1,1,0,0,2,1,1,1,0,2,1,0,0,2,3,-1,2,1,1,1,-1]",c,"[[{8, 1}, {2, 7}, {3, 6}, {4, 5}], [{8, 1}, {2, 7}, {4, 6}, {3, 5}], [{8, 1}, {2, 7}, {5, 6}, {3, 4}], [{8, 1}, {2, 7}, {6}, {4, 5}, {3}], [{8, 1}, {3, 7}, {2, 6}, {4, 5}], [{8, 1}, {3, 7}, {2, 6}, {5}, {4}], [{8, 1}, {3, 7}, {4, 6}, {2, 5}], [{8, 1}, {3, 7}, {4, 6}, {5}, {2}], [{8, 1}, {3, 7}, {5, 6}, {2, 4}], [{8, 1}, {3, 7}, {5, 6}, {4}, {2}], [{8, 1}, {3, 7}, {6}, {2, 5}, {4}], [{8, 1}, {3, 7}, {6}, {4, 5}, {2}], [{8, 1}, {3, 7}, {6}, {5}, {2, 4}], [{8, 1}, {3, 7}, {6}, {5}, {4}, {2}], [{8, 1}, {4, 7}, {2, 6}, {3, 5}], [{8, 1}, {4, 7}, {3, 6}, {2, 5}], [{8, 1}, {4, 7}, {5, 6}, {2, 3}], [{8, 1}, {5, 7}, {2, 6}, {3, 4}], [{8, 1}, {5, 7}, {3, 6}, {2, 4}], [{8, 1}, {5, 7}, {3, 6}, {4}, {2}], [{8, 1}, {5, 7}, {4, 6}, {2, 3}], [{8, 1}, {6, 7}, {2, 5}, {3, 4}], [{8, 1}, {6, 7}, {3, 5}, {2, 4}], [{8, 1}, {6, 7}, {3, 5}, {4}, {2}], [{8, 1}, {6, 7}, {4, 5}, {2, 3}], [{8, 1}, {7}, {6}, {4, 5}, {2, 3}], [{8, 2}, {1, 7}, {3, 6}, {4, 5}], [{8, 2}, {1, 7}, {4, 6}, {3, 5}], [{8, 2}, {1, 7}, {5, 6}, {3, 4}], [{8, 2}, {1, 7}, {6}, {4, 5}, {3}], [{8, 2}, {3, 7}, {1, 6}, {4, 5}], [{8, 2}, {3, 7}, {4, 6}, {1, 5}], [{8, 2}, {3, 7}, {5, 6}, {1, 4}], [{8, 2}, {3, 7}, {6}, {4, 5}, {1}], [{8, 2}, {4, 7}, {1, 6}, {3, 5}], [{8, 2}, {4, 7}, {1, 6}, {5}, {3}], [{8, 2}, {4, 7}, {3, 6}, {1, 5}], [{8, 2}, {4, 7}, {5, 6}, {1, 3}], [{8, 2}, {5, 7}, {1, 6}, {3, 4}], [{8, 2}, {5, 7}, {3, 6}, {1, 4}], [{8, 2}, {5, 7}, {4, 6}, {1, 3}], [{8, 2}, {6, 7}, {1, 5}, {3, 4}], [{8, 2}, {6, 7}, {3, 5}, {1, 4}], [{8, 2}, {6, 7}, {4, 5}, {1, 3}], [{8, 2}, {6, 7}, {5}, {1, 4}, {3}], [{8, 2}, {7}, {6}, {4, 5}, {1, 3}], [{8, 3}, {1, 7}, {2, 6}, {4, 5}], [{8, 3}, {1, 7}, {4, 6}, {2, 5}], [{8, 3}, {1, 7}, {5, 6}, {2, 4}], [{8, 3}, {1, 7}, {6}, {4, 5}, {2}], [{8, 3}, {2, 7}, {1, 6}, {4, 5}], [{8, 3}, {2, 7}, {4, 6}, {1, 5}], [{8, 3}, {2, 7}, {5, 6}, {1, 4}], [{8, 3}, {2, 7}, {6}, {4, 5}, {1}], [{8, 3}, {4, 7}, {1, 6}, {2, 5}], [{8, 3}, {4, 7}, {1, 6}, {5}, {2}], [{8, 3}, {4, 7}, {2, 6}, {1, 5}], [{8, 3}, {4, 7}, {5, 6}, {1, 2}], [{8, 3}, {5, 7}, {1, 6}, {2, 4}], [{8, 3}, {5, 7}, {2, 6}, {1, 4}], [{8, 3}, {5, 7}, {4, 6}, {1, 2}], [{8, 3}, {6, 7}, {1, 5}, {2, 4}], [{8, 3}, {6, 7}, {2, 5}, {1, 4}], [{8, 3}, {6, 7}, {4, 5}, {1, 2}], [{8, 3}, {6, 7}, {5}, {1, 4}, {2}], [{8, 3}, {7}, {4, 6}, {1, 5}, {2}], [{8, 3}, {7}, {6}, {4, 5}, {1, 2}], [{8, 4}, {1, 7}, {2, 6}, {3, 5}], [{8, 4}, {1, 7}, {3, 6}, {2, 5}], [{8, 4}, {1, 7}, {3, 6}, {5}, {2}], [{8, 4}, {1, 7}, {5, 6}, {2, 3}], [{8, 4}, {2, 7}, {1, 6}, {3, 5}], [{8, 4}, {2, 7}, {3, 6}, {1, 5}], [{8, 4}, {2, 7}, {3, 6}, {5}, {1}], [{8, 4}, {2, 7}, {5, 6}, {1, 3}], [{8, 4}, {3, 7}, {1, 6}, {2, 5}], [{8, 4}, {3, 7}, {2, 6}, {1, 5}], [{8, 4}, {3, 7}, {5, 6}, {1, 2}], [{8, 4}, {3, 7}, {5, 6}, {2}, {1}], [{8, 4}, {5, 7}, {1, 6}, {2, 3}], [{8, 4}, {5, 7}, {2, 6}, {1, 3}], [{8, 4}, {5, 7}, {3, 6}, {1, 2}], [{8, 4}, {5, 7}, {3, 6}, {2}, {1}], [{8, 4}, {6, 7}, {1, 5}, {2, 3}], [{8, 4}, {6, 7}, {2, 5}, {1, 3}], [{8, 4}, {6, 7}, {3, 5}, {1, 2}], [{8, 4}, {6, 7}, {3, 5}, {2}, {1}], [{8, 4}, {7}, {3, 6}, {1, 5}, {2}], [{8, 4}, {7}, {3, 6}, {2, 5}, {1}], [{8, 4}, {7}, {3, 6}, {5}, {1, 2}], [{8, 4}, {7}, {3, 6}, {5}, {2}, {1}], [{8, 5}, {1, 7}, {2, 6}, {3, 4}], [{8, 5}, {1, 7}, {3, 6}, {2, 4}], [{8, 5}, {1, 7}, {4, 6}, {2, 3}], [{8, 5}, {2, 7}, {1, 6}, {3, 4}], [{8, 5}, {2, 7}, {3, 6}, {1, 4}], [{8, 5}, {2, 7}, {3, 6}, {4}, {1}], [{8, 5}, {2, 7}, {4, 6}, {1, 3}], [{8, 5}, {3, 7}, {1, 6}, {2, 4}], [{8, 5}, {3, 7}, {2, 6}, {1, 4}], [{8, 5}, {3, 7}, {4, 6}, {1, 2}], [{8, 5}, {3, 7}, {6}, {2, 4}, {1}], [{8, 5}, {4, 7}, {1, 6}, {2, 3}], [{8, 5}, {4, 7}, {1, 6}, {3}, {2}], [{8, 5}, {4, 7}, {2, 6}, {1, 3}], [{8, 5}, {4, 7}, {3, 6}, {1, 2}], [{8, 5}, {6, 7}, {1, 4}, {2, 3}], [{8, 5}, {6, 7}, {1, 4}, {3}, {2}], [{8, 5}, {6, 7}, {2, 4}, {1, 3}], [{8, 5}, {6, 7}, {3, 4}, {1, 2}], [{8, 6}, {1, 7}, {2, 5}, {3, 4}], [{8, 6}, {1, 7}, {3, 5}, {2, 4}], [{8, 6}, {1, 7}, {4, 5}, {2, 3}], [{8, 6}, {1, 7}, {5}, {3, 4}, {2}], [{8, 6}, {2, 7}, {1, 5}, {3, 4}], [{8, 6}, {2, 7}, {3, 5}, {1, 4}], [{8, 6}, {2, 7}, {3, 5}, {4}, {1}], [{8, 6}, {2, 7}, {4, 5}, {1, 3}], [{8, 6}, {2, 7}, {4, 5}, {3}, {1}], [{8, 6}, {2, 7}, {5}, {3, 4}, {1}], [{8, 6}, {3, 7}, {1, 5}, {2, 4}], [{8, 6}, {3, 7}, {2, 5}, {1, 4}], [{8, 6}, {3, 7}, {4, 5}, {1, 2}], [{8, 6}, {4, 7}, {1, 5}, {2, 3}], [{8, 6}, {4, 7}, {2, 5}, {1, 3}], [{8, 6}, {4, 7}, {3, 5}, {1, 2}], [{8, 6}, {5, 7}, {1, 4}, {2, 3}], [{8, 6}, {5, 7}, {2, 4}, {1, 3}], [{8, 6}, {5, 7}, {3, 4}, {1, 2}], [{8, 6}, {5, 7}, {3, 4}, {2}, {1}], [{8, 6}, {7}, {1, 5}, {3, 4}, {2}], [{8, 6}, {7}, {2, 5}, {3, 4}, {1}], [{8, 6}, {7}, {5}, {3, 4}, {1, 2}], [{8, 6}, {7}, {5}, {3, 4}, {2}, {1}], [{8, 7}, {1, 6}, {2, 5}, {3, 4}], [{8, 7}, {1, 6}, {3, 5}, {2, 4}], [{8, 7}, {1, 6}, {4, 5}, {2, 3}], [{8, 7}, {2, 6}, {1, 5}, {3, 4}], [{8, 7}, {2, 6}, {3, 5}, {1, 4}], [{8, 7}, {2, 6}, {4, 5}, {1, 3}], [{8, 7}, {2, 6}, {5}, {4}, {1, 3}], [{8, 7}, {3, 6}, {1, 5}, {2, 4}], [{8, 7}, {3, 6}, {2, 5}, {1, 4}], [{8, 7}, {3, 6}, {4, 5}, {1, 2}], [{8, 7}, {4, 6}, {1, 5}, {2, 3}], [{8, 7}, {4, 6}, {2, 5}, {1, 3}], [{8, 7}, {4, 6}, {3, 5}, {1, 2}], [{8, 7}, {4, 6}, {5}, {1, 3}, {2}], [{8, 7}, {5, 6}, {1, 4}, {2, 3}], [{8, 7}, {5, 6}, {2, 4}, {1, 3}], [{8, 7}, {5, 6}, {3, 4}, {1, 2}], [{8, 7}, {5, 6}, {4}, {1, 3}, {2}], [{8, 7}, {6}, {2, 5}, {4}, {1, 3}], [{8, 7}, {6}, {4, 5}, {1, 3}, {2}], [{8, 7}, {6}, {4, 5}, {2, 3}, {1}], [{8, 7}, {6}, {4, 5}, {3}, {1, 2}], [{8, 7}, {6}, {5}, {2, 4}, {1, 3}], [{8, 7}, {6}, {5}, {4}, {1, 3}, {2}], [{8}, {1, 7}, {6}, {4, 5}, {2, 3}], [{8}, {2, 7}, {1, 6}, {4, 5}, {3}], [{8}, {2, 7}, {3, 6}, {4, 5}, {1}], [{8}, {2, 7}, {6}, {4, 5}, {1, 3}], [{8}, {2, 7}, {6}, {4, 5}, {3}, {1}], [{8}, {3, 7}, {5, 6}, {1, 4}, {2}], [{8}, {3, 7}, {6}, {1, 5}, {2, 4}], [{8}, {3, 7}, {6}, {4, 5}, {1, 2}], [{8}, {4, 7}, {1, 6}, {2, 5}, {3}], [{8}, {4, 7}, {1, 6}, {3, 5}, {2}], [{8}, {4, 7}, {1, 6}, {5}, {2, 3}], [{8}, {4, 7}, {1, 6}, {5}, {3}, {2}], [{8}, {5, 7}, {1, 6}, {2, 4}, {3}], [{8}, {5, 7}, {3, 6}, {1, 4}, {2}], [{8}, {5, 7}, {4, 6}, {3}, {1, 2}], [{8}, {6, 7}, {2, 5}, {1, 4}, {3}], [{8}, {6, 7}, {3, 5}, {1, 4}, {2}], [{8}, {6, 7}, {5}, {1, 4}, {2, 3}], [{8}, {6, 7}, {5}, {1, 4}, {3}, {2}]]",2,12 K_1^3 - 12 K_1^2 - 16 K_1 K_2 - K_1 + 6 K_2 + 5 K_3 + 7,O1O2O3U1O4U5U2U6O5O7U3O8U4U8O6U7,O1O2O3U4O5U6U2U5O7U1O8O4U8O6U7U3,O1O2O3U1U4O5U6O7O6U3O4U8U2U5O8U7,c,{'O1O2O3U4O5U6U7O6U1O4O8U5U2U8O7U3'},1,"<a href=""/flatknot/8.1101652"">8.1101652</a>",t^9-40t^7-116t^6-4t^5+268t^4+169t^3-94t^2-56t+8,-2t^2+4t,,
8.1101653,O1O2O3U4O5U6U7O6U1O4O8U5U3U2O7U8,4,2z^3+33z^2+108z+101,2w^4z^3+33w^3z^2+108w^2z+101w,False,False,"[[ 0 -1  1  1 -1  0 -1 -1  2],[ 1  0  2  1  1  0  1  0  2],[-1 -2  0  0  0 -1 -1 -1  2],[-1 -1  0  0  0 -1 -1  0  1],[ 1 -1  0  0  0  0  0 -1  2],[ 0  0  1  1  0  0  0  1  0],[ 1 -1  1  1  0  0  0 -1  3],[ 1  0  1  0  1 -1  1  0  2],[-2 -2 -2 -1 -2  0 -3 -2  0]]","[[ 0  2  1  1  0 -1 -1 -1 -1],[-2  0 -1 -2  0 -2 -2 -2 -3],[-1  1  0  0 -1  0  0 -1 -1],[-1  2  0  0 -1  0 -1 -2 -1],[ 0  0  1  1  0  0  1  0  0],[ 1  2  0  0  0  0 -1 -1  0],[ 1  2  0  1 -1  1  0  0  1],[ 1  2  1  2  0  1  0  0  1],[ 1  3  1  1  0  0 -1 -1  0]]",True,"[-2,-1,-1,0,1,1,1,1,1,2,0,2,2,2,3,0,1,0,0,1,1,1,0,1,2,1,0,-1,0,0,1,1,0,0,-1,-1]","[-2,-1,-1,0,1,1,1,1,-1,0,2,0,1,1,1,0,0,1,0,1,2,0,1,1,2,2,1,1,2,1,-1,-1,0,0,1,1]",t^8+41t^6+127t^4+33t^2+1,"[-1,-1,-1,-1,0,1,1,2,-1,-1,0,1,0,1,1,0,1,1,1,1,0,1,1,2,2,1,2,1,2,1,0,0,2,0,-1,0]","[-2,-1,-1,0,1,1,1,1,-1,0,2,0,1,1,1,0,0,1,0,1,2,0,1,1,2,2,1,1,2,1,-1,-1,0,0,1,1]","[-1,-1,-1,-1,0,1,1,2,-1,-1,0,0,0,0,2,0,1,-1,0,1,2,1,0,1,2,2,0,1,1,3,1,1,0,0,1,2]",c,"[[{8, 1}, {2, 7}, {3, 6}, {4, 5}], [{8, 1}, {2, 7}, {4, 6}, {3, 5}], [{8, 1}, {2, 7}, {5, 6}, {3, 4}], [{8, 1}, {3, 7}, {2, 6}, {4, 5}], [{8, 1}, {3, 7}, {4, 6}, {2, 5}], [{8, 1}, {3, 7}, {5, 6}, {2, 4}], [{8, 1}, {3, 7}, {6}, {4, 5}, {2}], [{8, 1}, {4, 7}, {2, 6}, {3, 5}], [{8, 1}, {4, 7}, {2, 6}, {5}, {3}], [{8, 1}, {4, 7}, {3, 6}, {2, 5}], [{8, 1}, {4, 7}, {5, 6}, {2, 3}], [{8, 1}, {4, 7}, {5, 6}, {3}, {2}], [{8, 1}, {4, 7}, {6}, {2, 5}, {3}], [{8, 1}, {5, 7}, {2, 6}, {3, 4}], [{8, 1}, {5, 7}, {3, 6}, {2, 4}], [{8, 1}, {5, 7}, {4, 6}, {2, 3}], [{8, 1}, {5, 7}, {6}, {3, 4}, {2}], [{8, 1}, {6, 7}, {2, 5}, {3, 4}], [{8, 1}, {6, 7}, {3, 5}, {2, 4}], [{8, 1}, {6, 7}, {4, 5}, {2, 3}], [{8, 1}, {6, 7}, {4, 5}, {3}, {2}], [{8, 1}, {7}, {3, 6}, {4, 5}, {2}], [{8, 2}, {1, 7}, {3, 6}, {4, 5}], [{8, 2}, {1, 7}, {4, 6}, {3, 5}], [{8, 2}, {1, 7}, {5, 6}, {3, 4}], [{8, 2}, {3, 7}, {1, 6}, {4, 5}], [{8, 2}, {3, 7}, {4, 6}, {1, 5}], [{8, 2}, {3, 7}, {5, 6}, {1, 4}], [{8, 2}, {4, 7}, {1, 6}, {3, 5}], [{8, 2}, {4, 7}, {3, 6}, {1, 5}], [{8, 2}, {4, 7}, {5, 6}, {1, 3}], [{8, 2}, {5, 7}, {1, 6}, {3, 4}], [{8, 2}, {5, 7}, {3, 6}, {1, 4}], [{8, 2}, {5, 7}, {3, 6}, {4}, {1}], [{8, 2}, {5, 7}, {4, 6}, {1, 3}], [{8, 2}, {5, 7}, {4, 6}, {3}, {1}], [{8, 2}, {5, 7}, {6}, {3, 4}, {1}], [{8, 2}, {6, 7}, {1, 5}, {3, 4}], [{8, 2}, {6, 7}, {3, 5}, {1, 4}], [{8, 2}, {6, 7}, {4, 5}, {1, 3}], [{8, 3}, {1, 7}, {2, 6}, {4, 5}], [{8, 3}, {1, 7}, {4, 6}, {2, 5}], [{8, 3}, {1, 7}, {5, 6}, {2, 4}], [{8, 3}, {1, 7}, {6}, {4, 5}, {2}], [{8, 3}, {2, 7}, {1, 6}, {4, 5}], [{8, 3}, {2, 7}, {4, 6}, {1, 5}], [{8, 3}, {2, 7}, {5, 6}, {1, 4}], [{8, 3}, {4, 7}, {1, 6}, {2, 5}], [{8, 3}, {4, 7}, {2, 6}, {1, 5}], [{8, 3}, {4, 7}, {5, 6}, {1, 2}], [{8, 3}, {4, 7}, {6}, {2, 5}, {1}], [{8, 3}, {5, 7}, {1, 6}, {2, 4}], [{8, 3}, {5, 7}, {2, 6}, {1, 4}], [{8, 3}, {5, 7}, {2, 6}, {4}, {1}], [{8, 3}, {5, 7}, {4, 6}, {1, 2}], [{8, 3}, {5, 7}, {4, 6}, {2}, {1}], [{8, 3}, {5, 7}, {6}, {2, 4}, {1}], [{8, 3}, {6, 7}, {1, 5}, {2, 4}], [{8, 3}, {6, 7}, {2, 5}, {1, 4}], [{8, 3}, {6, 7}, {4, 5}, {1, 2}], [{8, 4}, {1, 7}, {2, 6}, {3, 5}], [{8, 4}, {1, 7}, {3, 6}, {2, 5}], [{8, 4}, {1, 7}, {5, 6}, {2, 3}], [{8, 4}, {2, 7}, {1, 6}, {3, 5}], [{8, 4}, {2, 7}, {3, 6}, {1, 5}], [{8, 4}, {2, 7}, {5, 6}, {1, 3}], [{8, 4}, {3, 7}, {1, 6}, {2, 5}], [{8, 4}, {3, 7}, {2, 6}, {1, 5}], [{8, 4}, {3, 7}, {5, 6}, {1, 2}], [{8, 4}, {5, 7}, {1, 6}, {2, 3}], [{8, 4}, {5, 7}, {2, 6}, {1, 3}], [{8, 4}, {5, 7}, {2, 6}, {3}, {1}], [{8, 4}, {5, 7}, {3, 6}, {1, 2}], [{8, 4}, {5, 7}, {3, 6}, {2}, {1}], [{8, 4}, {5, 7}, {6}, {2, 3}, {1}], [{8, 4}, {6, 7}, {1, 5}, {2, 3}], [{8, 4}, {6, 7}, {1, 5}, {3}, {2}], [{8, 4}, {6, 7}, {2, 5}, {1, 3}], [{8, 4}, {6, 7}, {3, 5}, {1, 2}], [{8, 4}, {7}, {3, 6}, {5}, {1, 2}], [{8, 4}, {7}, {5, 6}, {1, 3}, {2}], [{8, 5}, {1, 7}, {2, 6}, {3, 4}], [{8, 5}, {1, 7}, {3, 6}, {2, 4}], [{8, 5}, {1, 7}, {4, 6}, {2, 3}], [{8, 5}, {2, 7}, {1, 6}, {3, 4}], [{8, 5}, {2, 7}, {3, 6}, {1, 4}], [{8, 5}, {2, 7}, {4, 6}, {1, 3}], [{8, 5}, {2, 7}, {4, 6}, {3}, {1}], [{8, 5}, {3, 7}, {1, 6}, {2, 4}], [{8, 5}, {3, 7}, {2, 6}, {1, 4}], [{8, 5}, {3, 7}, {4, 6}, {1, 2}], [{8, 5}, {4, 7}, {1, 6}, {2, 3}], [{8, 5}, {4, 7}, {2, 6}, {1, 3}], [{8, 5}, {4, 7}, {2, 6}, {3}, {1}], [{8, 5}, {4, 7}, {3, 6}, {1, 2}], [{8, 5}, {6, 7}, {1, 4}, {2, 3}], [{8, 5}, {6, 7}, {1, 4}, {3}, {2}], [{8, 5}, {6, 7}, {2, 4}, {1, 3}], [{8, 5}, {6, 7}, {2, 4}, {3}, {1}], [{8, 5}, {6, 7}, {3, 4}, {1, 2}], [{8, 5}, {6, 7}, {3, 4}, {2}, {1}], [{8, 5}, {6, 7}, {4}, {1, 3}, {2}], [{8, 5}, {6, 7}, {4}, {2, 3}, {1}], [{8, 5}, {6, 7}, {4}, {3}, {1, 2}], [{8, 5}, {6, 7}, {4}, {3}, {2}, {1}], [{8, 5}, {7}, {6}, {1, 4}, {2, 3}], [{8, 5}, {7}, {6}, {3, 4}, {1, 2}], [{8, 6}, {1, 7}, {2, 5}, {3, 4}], [{8, 6}, {1, 7}, {3, 5}, {2, 4}], [{8, 6}, {1, 7}, {3, 5}, {4}, {2}], [{8, 6}, {1, 7}, {4, 5}, {2, 3}], [{8, 6}, {2, 7}, {1, 5}, {3, 4}], [{8, 6}, {2, 7}, {3, 5}, {1, 4}], [{8, 6}, {2, 7}, {4, 5}, {1, 3}], [{8, 6}, {3, 7}, {1, 5}, {2, 4}], [{8, 6}, {3, 7}, {1, 5}, {4}, {2}], [{8, 6}, {3, 7}, {2, 5}, {1, 4}], [{8, 6}, {3, 7}, {4, 5}, {1, 2}], [{8, 6}, {4, 7}, {1, 5}, {2, 3}], [{8, 6}, {4, 7}, {2, 5}, {1, 3}], [{8, 6}, {4, 7}, {3, 5}, {1, 2}], [{8, 6}, {5, 7}, {1, 4}, {2, 3}], [{8, 6}, {5, 7}, {1, 4}, {3}, {2}], [{8, 6}, {5, 7}, {2, 4}, {1, 3}], [{8, 6}, {5, 7}, {2, 4}, {3}, {1}], [{8, 6}, {5, 7}, {3, 4}, {1, 2}], [{8, 6}, {5, 7}, {3, 4}, {2}, {1}], [{8, 6}, {5, 7}, {4}, {1, 3}, {2}], [{8, 6}, {5, 7}, {4}, {2, 3}, {1}], [{8, 6}, {5, 7}, {4}, {3}, {1, 2}], [{8, 6}, {5, 7}, {4}, {3}, {2}, {1}], [{8, 6}, {7}, {5}, {3, 4}, {1, 2}], [{8, 7}, {1, 6}, {2, 5}, {3, 4}], [{8, 7}, {1, 6}, {3, 5}, {2, 4}], [{8, 7}, {1, 6}, {4, 5}, {2, 3}], [{8, 7}, {1, 6}, {5}, {2, 4}, {3}], [{8, 7}, {2, 6}, {1, 5}, {3, 4}], [{8, 7}, {2, 6}, {3, 5}, {1, 4}], [{8, 7}, {2, 6}, {4, 5}, {1, 3}], [{8, 7}, {2, 6}, {5}, {1, 4}, {3}], [{8, 7}, {3, 6}, {1, 5}, {2, 4}], [{8, 7}, {3, 6}, {2, 5}, {1, 4}], [{8, 7}, {3, 6}, {4, 5}, {1, 2}], [{8, 7}, {3, 6}, {5}, {4}, {1, 2}], [{8, 7}, {4, 6}, {1, 5}, {2, 3}], [{8, 7}, {4, 6}, {2, 5}, {1, 3}], [{8, 7}, {4, 6}, {3, 5}, {1, 2}], [{8, 7}, {4, 6}, {5}, {3}, {1, 2}], [{8, 7}, {5, 6}, {1, 4}, {2, 3}], [{8, 7}, {5, 6}, {2, 4}, {1, 3}], [{8, 7}, {5, 6}, {3, 4}, {1, 2}], [{8, 7}, {5, 6}, {3, 4}, {2}, {1}], [{8, 7}, {5, 6}, {4}, {3}, {1, 2}], [{8, 7}, {6}, {3, 5}, {4}, {1, 2}], [{8, 7}, {6}, {4, 5}, {1, 3}, {2}], [{8, 7}, {6}, {4, 5}, {2, 3}, {1}], [{8, 7}, {6}, {4, 5}, {3}, {1, 2}], [{8, 7}, {6}, {5}, {3, 4}, {1, 2}], [{8, 7}, {6}, {5}, {4}, {3}, {1, 2}], [{8}, {1, 7}, {4, 6}, {5}, {2, 3}], [{8}, {1, 7}, {5, 6}, {2, 4}, {3}], [{8}, {2, 7}, {3, 6}, {4, 5}, {1}], [{8}, {2, 7}, {5, 6}, {1, 4}, {3}], [{8}, {3, 7}, {2, 6}, {4, 5}, {1}], [{8}, {4, 7}, {2, 6}, {1, 5}, {3}], [{8}, {4, 7}, {3, 6}, {5}, {1, 2}], [{8}, {4, 7}, {6}, {2, 5}, {1, 3}], [{8}, {5, 7}, {1, 6}, {3, 4}, {2}], [{8}, {5, 7}, {2, 6}, {3, 4}, {1}], [{8}, {5, 7}, {3, 6}, {2, 4}, {1}], [{8}, {5, 7}, {4, 6}, {2, 3}, {1}], [{8}, {5, 7}, {6}, {3, 4}, {1, 2}], [{8}, {5, 7}, {6}, {3, 4}, {2}, {1}], [{8}, {6, 7}, {5}, {3, 4}, {1, 2}], [{8}, {7}, {3, 6}, {2, 5}, {1, 4}], [{8}, {7}, {4, 6}, {1, 5}, {2, 3}], [{8}, {7}, {5, 6}, {3, 4}, {1, 2}]]",2,4 K_1^3 - 6 K_1^2 - 8 K_1 K_2 + K_1 + 3 K_2 + 3 K_3 + 4,O1O2O3U4O5U2U1U6O4O7U3O8U5U8O6U7,O1O2O3U4O5U6U3U2O7U1O8O4U8O6U7U5,O1O2O3U4U5O6U7O8O7U3O5U2U1U6O4U8,c,{'O1O2O3U4O5U6U7O6U1O4O8U5U3U2O7U8'},1,"<a href=""/flatknot/8.1101653"">8.1101653</a>",t^9-39t^7-92t^6+58t^5+196t^4-56t^3-62t^2+11t,-t^2+2t,,
8.1101654,O1O2O3U4O5U6U7O6U1O4O8U5U3U8O7U2,4,z^3+16z^2+98z+141,w^4z^3+16w^3z^2+98w^2z+141w,False,False,"[[ 0 -1  1  1 -1  0 -1 -1  2],[ 1  0  1  1  1  0  1  1  2],[-1 -1  0  0 -1 -1 -2 -1  2],[-1 -1  0  0  0 -1 -1 -1  2],[ 1 -1  1  0  0  0  0 -1  1],[ 0  0  1  1  0  0  0  0  1],[ 1 -1  2  1  0  0  0 -1  2],[ 1 -1  1  1  1  0  1  0  2],[-2 -2 -2 -2 -1 -1 -2 -2  0]]","[[ 0  2  1  1  0 -1 -1 -1 -1],[-2  0 -2 -2 -1 -1 -2 -2 -2],[-1  2  0  0 -1  0 -1 -1 -1],[-1  2  0  0 -1 -1 -1 -1 -2],[ 0  1  1  1  0  0  0  0  0],[ 1  1  0  1  0  0 -1 -1  0],[ 1  2  1  1  0  1  0  1  1],[ 1  2  1  1  0  1 -1  0  1],[ 1  2  1  2  0  0 -1 -1  0]]",True,"[-2,-1,-1,0,1,1,1,1,2,2,1,1,2,2,2,0,1,0,1,1,1,1,1,1,1,2,0,0,0,0,1,1,0,-1,-1,-1]","[-2,-1,-1,0,1,1,1,1,-1,-1,1,1,1,1,2,0,0,0,1,1,1,0,1,1,1,2,1,1,1,1,-1,-1,0,-1,1,1]",t^8+39t^6+122t^4+20t^2,"[-1,-1,-1,-1,0,1,1,2,-1,-1,-1,1,1,1,1,-1,-1,1,1,1,1,0,1,0,1,1,1,1,2,2,0,0,1,0,-1,-1]","[-2,-1,-1,0,1,1,1,1,-1,-1,1,1,1,1,2,0,0,0,1,1,1,0,1,1,1,2,1,1,1,1,-1,-1,0,-1,1,1]","[-1,-1,-1,-1,0,1,1,2,-1,-1,0,0,0,1,1,-1,1,0,1,1,2,1,0,1,1,2,0,1,2,2,1,1,1,0,2,2]",c,"[[{8, 1}, {2, 7}, {3, 6}, {4, 5}], [{8, 1}, {2, 7}, {3, 6}, {5}, {4}], [{8, 1}, {2, 7}, {4, 6}, {3, 5}], [{8, 1}, {2, 7}, {4, 6}, {5}, {3}], [{8, 1}, {2, 7}, {5, 6}, {3, 4}], [{8, 1}, {2, 7}, {5, 6}, {4}, {3}], [{8, 1}, {2, 7}, {6}, {3, 5}, {4}], [{8, 1}, {2, 7}, {6}, {4, 5}, {3}], [{8, 1}, {2, 7}, {6}, {5}, {3, 4}], [{8, 1}, {2, 7}, {6}, {5}, {4}, {3}], [{8, 1}, {3, 7}, {2, 6}, {4, 5}], [{8, 1}, {3, 7}, {4, 6}, {2, 5}], [{8, 1}, {3, 7}, {5, 6}, {2, 4}], [{8, 1}, {3, 7}, {6}, {4, 5}, {2}], [{8, 1}, {4, 7}, {2, 6}, {3, 5}], [{8, 1}, {4, 7}, {2, 6}, {5}, {3}], [{8, 1}, {4, 7}, {3, 6}, {2, 5}], [{8, 1}, {4, 7}, {5, 6}, {2, 3}], [{8, 1}, {5, 7}, {2, 6}, {3, 4}], [{8, 1}, {5, 7}, {3, 6}, {2, 4}], [{8, 1}, {5, 7}, {4, 6}, {2, 3}], [{8, 1}, {5, 7}, {6}, {3, 4}, {2}], [{8, 1}, {6, 7}, {2, 5}, {3, 4}], [{8, 1}, {6, 7}, {3, 5}, {2, 4}], [{8, 1}, {6, 7}, {4, 5}, {2, 3}], [{8, 1}, {6, 7}, {5}, {2, 4}, {3}], [{8, 1}, {7}, {6}, {2, 5}, {3, 4}], [{8, 1}, {7}, {6}, {4, 5}, {2, 3}], [{8, 2}, {1, 7}, {3, 6}, {4, 5}], [{8, 2}, {1, 7}, {3, 6}, {5}, {4}], [{8, 2}, {1, 7}, {4, 6}, {3, 5}], [{8, 2}, {1, 7}, {4, 6}, {5}, {3}], [{8, 2}, {1, 7}, {5, 6}, {3, 4}], [{8, 2}, {1, 7}, {5, 6}, {4}, {3}], [{8, 2}, {1, 7}, {6}, {3, 5}, {4}], [{8, 2}, {1, 7}, {6}, {4, 5}, {3}], [{8, 2}, {1, 7}, {6}, {5}, {3, 4}], [{8, 2}, {1, 7}, {6}, {5}, {4}, {3}], [{8, 2}, {3, 7}, {1, 6}, {4, 5}], [{8, 2}, {3, 7}, {4, 6}, {1, 5}], [{8, 2}, {3, 7}, {5, 6}, {1, 4}], [{8, 2}, {3, 7}, {6}, {4, 5}, {1}], [{8, 2}, {4, 7}, {1, 6}, {3, 5}], [{8, 2}, {4, 7}, {3, 6}, {1, 5}], [{8, 2}, {4, 7}, {5, 6}, {1, 3}], [{8, 2}, {5, 7}, {1, 6}, {3, 4}], [{8, 2}, {5, 7}, {3, 6}, {1, 4}], [{8, 2}, {5, 7}, {4, 6}, {1, 3}], [{8, 2}, {6, 7}, {1, 5}, {3, 4}], [{8, 2}, {6, 7}, {3, 5}, {1, 4}], [{8, 2}, {6, 7}, {4, 5}, {1, 3}], [{8, 2}, {7}, {6}, {4, 5}, {1, 3}], [{8, 3}, {1, 7}, {2, 6}, {4, 5}], [{8, 3}, {1, 7}, {4, 6}, {2, 5}], [{8, 3}, {1, 7}, {5, 6}, {2, 4}], [{8, 3}, {1, 7}, {6}, {4, 5}, {2}], [{8, 3}, {2, 7}, {1, 6}, {4, 5}], [{8, 3}, {2, 7}, {4, 6}, {1, 5}], [{8, 3}, {2, 7}, {5, 6}, {1, 4}], [{8, 3}, {2, 7}, {6}, {4, 5}, {1}], [{8, 3}, {4, 7}, {1, 6}, {2, 5}], [{8, 3}, {4, 7}, {2, 6}, {1, 5}], [{8, 3}, {4, 7}, {5, 6}, {1, 2}], [{8, 3}, {5, 7}, {1, 6}, {2, 4}], [{8, 3}, {5, 7}, {1, 6}, {4}, {2}], [{8, 3}, {5, 7}, {2, 6}, {1, 4}], [{8, 3}, {5, 7}, {4, 6}, {1, 2}], [{8, 3}, {5, 7}, {6}, {2, 4}, {1}], [{8, 3}, {6, 7}, {1, 5}, {2, 4}], [{8, 3}, {6, 7}, {1, 5}, {4}, {2}], [{8, 3}, {6, 7}, {2, 5}, {1, 4}], [{8, 3}, {6, 7}, {4, 5}, {1, 2}], [{8, 3}, {7}, {1, 6}, {5}, {2, 4}], [{8, 3}, {7}, {2, 6}, {5}, {1, 4}], [{8, 3}, {7}, {6}, {4, 5}, {1, 2}], [{8, 4}, {1, 7}, {2, 6}, {3, 5}], [{8, 4}, {1, 7}, {3, 6}, {2, 5}], [{8, 4}, {1, 7}, {5, 6}, {2, 3}], [{8, 4}, {2, 7}, {1, 6}, {3, 5}], [{8, 4}, {2, 7}, {3, 6}, {1, 5}], [{8, 4}, {2, 7}, {3, 6}, {5}, {1}], [{8, 4}, {2, 7}, {5, 6}, {1, 3}], [{8, 4}, {2, 7}, {6}, {1, 5}, {3}], [{8, 4}, {3, 7}, {1, 6}, {2, 5}], [{8, 4}, {3, 7}, {2, 6}, {1, 5}], [{8, 4}, {3, 7}, {5, 6}, {1, 2}], [{8, 4}, {5, 7}, {1, 6}, {2, 3}], [{8, 4}, {5, 7}, {2, 6}, {1, 3}], [{8, 4}, {5, 7}, {3, 6}, {1, 2}], [{8, 4}, {6, 7}, {1, 5}, {2, 3}], [{8, 4}, {6, 7}, {1, 5}, {3}, {2}], [{8, 4}, {6, 7}, {2, 5}, {1, 3}], [{8, 4}, {6, 7}, {3, 5}, {1, 2}], [{8, 4}, {7}, {2, 6}, {1, 5}, {3}], [{8, 4}, {7}, {6}, {2, 5}, {1, 3}], [{8, 5}, {1, 7}, {2, 6}, {3, 4}], [{8, 5}, {1, 7}, {2, 6}, {4}, {3}], [{8, 5}, {1, 7}, {3, 6}, {2, 4}], [{8, 5}, {1, 7}, {4, 6}, {2, 3}], [{8, 5}, {2, 7}, {1, 6}, {3, 4}], [{8, 5}, {2, 7}, {3, 6}, {1, 4}], [{8, 5}, {2, 7}, {3, 6}, {4}, {1}], [{8, 5}, {2, 7}, {4, 6}, {1, 3}], [{8, 5}, {2, 7}, {6}, {1, 4}, {3}], [{8, 5}, {3, 7}, {1, 6}, {2, 4}], [{8, 5}, {3, 7}, {2, 6}, {1, 4}], [{8, 5}, {3, 7}, {4, 6}, {1, 2}], [{8, 5}, {3, 7}, {6}, {2, 4}, {1}], [{8, 5}, {4, 7}, {1, 6}, {2, 3}], [{8, 5}, {4, 7}, {2, 6}, {1, 3}], [{8, 5}, {4, 7}, {3, 6}, {1, 2}], [{8, 5}, {6, 7}, {1, 4}, {2, 3}], [{8, 5}, {6, 7}, {2, 4}, {1, 3}], [{8, 5}, {6, 7}, {3, 4}, {1, 2}], [{8, 5}, {7}, {1, 6}, {2, 4}, {3}], [{8, 5}, {7}, {2, 6}, {3, 4}, {1}], [{8, 6}, {1, 7}, {2, 5}, {3, 4}], [{8, 6}, {1, 7}, {2, 5}, {4}, {3}], [{8, 6}, {1, 7}, {3, 5}, {2, 4}], [{8, 6}, {1, 7}, {4, 5}, {2, 3}], [{8, 6}, {2, 7}, {1, 5}, {3, 4}], [{8, 6}, {2, 7}, {3, 5}, {1, 4}], [{8, 6}, {2, 7}, {3, 5}, {4}, {1}], [{8, 6}, {2, 7}, {4, 5}, {1, 3}], [{8, 6}, {2, 7}, {4, 5}, {3}, {1}], [{8, 6}, {2, 7}, {5}, {3, 4}, {1}], [{8, 6}, {3, 7}, {1, 5}, {2, 4}], [{8, 6}, {3, 7}, {2, 5}, {1, 4}], [{8, 6}, {3, 7}, {4, 5}, {1, 2}], [{8, 6}, {4, 7}, {1, 5}, {2, 3}], [{8, 6}, {4, 7}, {2, 5}, {1, 3}], [{8, 6}, {4, 7}, {3, 5}, {1, 2}], [{8, 6}, {5, 7}, {1, 4}, {2, 3}], [{8, 6}, {5, 7}, {1, 4}, {3}, {2}], [{8, 6}, {5, 7}, {2, 4}, {1, 3}], [{8, 6}, {5, 7}, {3, 4}, {1, 2}], [{8, 6}, {7}, {1, 5}, {3, 4}, {2}], [{8, 7}, {1, 6}, {2, 5}, {3, 4}], [{8, 7}, {1, 6}, {3, 5}, {2, 4}], [{8, 7}, {1, 6}, {4, 5}, {2, 3}], [{8, 7}, {2, 6}, {1, 5}, {3, 4}], [{8, 7}, {2, 6}, {3, 5}, {1, 4}], [{8, 7}, {2, 6}, {4, 5}, {1, 3}], [{8, 7}, {3, 6}, {1, 5}, {2, 4}], [{8, 7}, {3, 6}, {2, 5}, {1, 4}], [{8, 7}, {3, 6}, {4, 5}, {1, 2}], [{8, 7}, {4, 6}, {1, 5}, {2, 3}], [{8, 7}, {4, 6}, {2, 5}, {1, 3}], [{8, 7}, {4, 6}, {3, 5}, {1, 2}], [{8, 7}, {5, 6}, {1, 4}, {2, 3}], [{8, 7}, {5, 6}, {2, 4}, {1, 3}], [{8, 7}, {5, 6}, {3, 4}, {1, 2}], [{8, 7}, {6}, {1, 5}, {3, 4}, {2}], [{8, 7}, {6}, {4, 5}, {1, 3}, {2}], [{8, 7}, {6}, {4, 5}, {2, 3}, {1}], [{8, 7}, {6}, {4, 5}, {3}, {1, 2}], [{8}, {1, 7}, {6}, {4, 5}, {2, 3}], [{8}, {2, 7}, {1, 6}, {3, 5}, {4}], [{8}, {2, 7}, {1, 6}, {4, 5}, {3}], [{8}, {2, 7}, {1, 6}, {5}, {3, 4}], [{8}, {2, 7}, {3, 6}, {1, 5}, {4}], [{8}, {2, 7}, {3, 6}, {4, 5}, {1}], [{8}, {2, 7}, {3, 6}, {5}, {1, 4}], [{8}, {2, 7}, {6}, {4, 5}, {1, 3}], [{8}, {2, 7}, {6}, {4, 5}, {3}, {1}], [{8}, {3, 7}, {1, 6}, {2, 5}, {4}], [{8}, {3, 7}, {2, 6}, {1, 5}, {4}], [{8}, {3, 7}, {6}, {4, 5}, {1, 2}], [{8}, {4, 7}, {1, 6}, {3, 5}, {2}], [{8}, {6, 7}, {1, 5}, {3, 4}, {2}], [{8}, {6, 7}, {2, 5}, {1, 4}, {3}], [{8}, {7}, {1, 6}, {3, 5}, {2, 4}], [{8}, {7}, {4, 6}, {1, 5}, {2, 3}]]",2,16 K_1^3 - 30 K_1^2 - 24 K_1 K_2 + 15 K_2 + 8 K_3 + 16,O1O2O3U2O4U5U1U6O5O7U3O8U4U8O6U7,O1O2O3U4O5U6U5U2O7U1O8O4U8O6U7U3,O1O2O3U1U4O5U6O7O6U3O4U2U8U5O8U7,c,{'O1O2O3U4O5U6U7O6U1O4O8U5U3U8O7U2'},1,"<a href=""/flatknot/8.1101654"">8.1101654</a>",t^9-37t^7-118t^6-71t^5+154t^4+200t^3+30t^2-27t,-t^2+2t,,
8.1101655,O1O2O3U4O5U6U7O6U1O4O8U5U8U2O7U3,4,3z^3+30z^2+106z+117,3w^4z^3+30w^3z^2+106w^2z+117w,False,False,"[[ 0 -1  1  2 -1  0 -1 -1  1],[ 1  0  1  1  1  0  1  1  1],[-1 -1  0  0  0 -2 -1  0  1],[-2 -1  0  0 -2 -1 -3 -1  1],[ 1 -1  0  2  0  0  0 -1  0],[ 0  0  2  1  0  0  0  0  1],[ 1 -1  1  3  0  0  0 -1  1],[ 1 -1  0  1  1  0  1  0  1],[-1 -1 -1 -1  0 -1 -1 -1  0]]","[[ 0  2  1  1  0 -1 -1 -1 -1],[-2  0  1  0 -1 -1 -1 -2 -3],[-1 -1  0 -1 -1 -1 -1  0 -1],[-1  0  1  0 -2  0 -1  0 -1],[ 0  1  1  2  0  0  0  0  0],[ 1  1  1  0  0  0 -1  1  1],[ 1  1  1  1  0  1  0  1  1],[ 1  2  0  0  0 -1 -1  0  0],[ 1  3  1  1  0 -1 -1  0  0]]",True,"[-2,-1,-1,0,1,1,1,1,-1,0,1,1,1,2,3,1,1,1,1,0,1,2,0,1,0,1,0,0,0,0,1,-1,-1,-1,-1,0]","[-2,-1,-1,0,1,1,1,1,-1,0,1,1,1,2,3,1,1,1,1,0,1,2,0,1,0,1,0,0,0,0,1,-1,-1,-1,-1,0]",t^8+33t^6+187t^4+123t^2+4,"[-1,-1,-1,-1,0,1,1,2,-1,-1,-1,1,1,1,2,-1,-1,1,1,2,2,0,1,1,1,0,1,2,2,1,0,-1,1,1,2,1]","[-2,-1,-1,0,1,1,1,1,1,2,1,0,1,2,2,1,-1,1,2,1,2,0,1,2,1,1,1,1,1,1,0,-1,-1,-1,-1,1]","[-1,-1,-1,-1,0,1,1,2,-1,-1,0,0,0,0,2,-1,1,0,0,1,1,1,0,1,1,1,0,1,1,3,2,1,1,1,0,-1]",c,"[[{8, 1}, {2, 7}, {3, 6}, {4, 5}], [{8, 1}, {2, 7}, {4, 6}, {3, 5}], [{8, 1}, {2, 7}, {5, 6}, {3, 4}], [{8, 1}, {3, 7}, {2, 6}, {4, 5}], [{8, 1}, {4, 7}, {2, 6}, {3, 5}], [{8, 1}, {5, 7}, {2, 6}, {3, 4}]]",1,8 K_1^3 - 18 K_1^2 - 8 K_1 K_2 - 2 K_1 + 9 K_2 + 2 K_3 + 10,O1O2O3U1O4U2U5U6O5O7U3O8U4U8O6U7,O1O2O3U4O5U6U3U5O7U1O8O4U8O6U7U2,O1O2O3U2U4O5U6O7O6U3O4U8U1U5O8U7,c,{'O1O2O3U4O5U6U7O6U1O4O8U5U8U2O7U3'},1,"<a href=""/flatknot/8.1101655"">8.1101655</a>",t^9-31t^7-58t^6+94t^5+306t^4+213t^3+6t^2-20t,-t^2+2t,,
8.1101656,O1O2O3U4O5U6U7O6U1O4O8U5U8U3O7U2,4,24z^2+109z+123,24w^3z^2+109w^2z+123w,False,False,"[[ 0 -1  1  2 -1  0 -1 -1  1],[ 1  0  1  1  1  0  1  1  1],[-1 -1  0  1 -1 -1 -2 -1  1],[-2 -1 -1  0 -1 -2 -2 -1  1],[ 1 -1  1  1  0  0  0 -1  0],[ 0  0  1  2  0  0  0  0  1],[ 1 -1  2  2  0  0  0 -1  1],[ 1 -1  1  1  1  0  1  0  1],[-1 -1 -1 -1  0 -1 -1 -1  0]]","[[ 0  2  1  1  0 -1 -1 -1 -1],[-2  0  1 -1 -2 -1 -1 -1 -2],[-1 -1  0 -1 -1  0 -1 -1 -1],[-1  1  1  0 -1 -1 -1 -1 -2],[ 0  2  1  1  0  0  0  0  0],[ 1  1  0  1  0  0 -1 -1  0],[ 1  1  1  1  0  1  0  1  1],[ 1  1  1  1  0  1 -1  0  1],[ 1  2  1  2  0  0 -1 -1  0]]",True,"[-2,-1,-1,0,1,1,1,1,-1,1,2,1,1,1,2,1,1,0,1,1,1,1,1,1,1,2,0,0,0,0,1,1,0,-1,-1,-1]","[-2,-1,-1,0,1,1,1,1,-1,1,2,1,1,1,2,1,1,0,1,1,1,1,1,1,1,2,0,0,0,0,1,1,0,-1,-1,-1]",t^8+31t^6+103t^4+22t^2+1,"[-1,-1,-1,-1,0,1,1,2,-1,-1,-1,1,1,1,2,-1,-1,1,1,1,2,0,1,0,1,1,1,1,2,2,0,0,0,-1,0,2]","[-2,-1,-1,0,1,1,1,1,0,2,0,1,2,2,2,1,0,0,1,1,1,0,1,1,1,2,1,1,1,1,-1,-1,0,-1,1,1]","[-1,-1,-1,-1,0,1,1,2,-1,-1,0,0,0,1,1,-1,1,0,1,1,1,1,0,1,1,1,0,1,2,2,1,1,2,-1,-1,1]",c,"[[{8, 1}, {2, 7}, {3, 6}, {4, 5}], [{8, 1}, {2, 7}, {4, 6}, {3, 5}], [{8, 1}, {2, 7}, {5, 6}, {3, 4}], [{8, 1}, {7}, {3, 6}, {4, 5}, {2}]]",1,20 K_1^3 - 26 K_1^2 - 24 K_1 K_2 - 3 K_1 + 13 K_2 + 7 K_3 + 14,O1O2O3U2O4U1U5U6O5O7U3O8U4U8O6U7,O1O2O3U4O5U6U5U3O7U1O8O4U8O6U7U2,O1O2O3U2U4O5U6O7O6U3O4U1U8U5O8U7,c,{'O1O2O3U4O5U6U7O6U1O4O8U5U8U3O7U2'},1,"<a href=""/flatknot/8.1101656"">8.1101656</a>",t^9-29t^7-80t^6-28t^5+152t^4+217t^3+98t^2+5t-4,-t^2+2t,,
8.1101657,O1O2O3U4O5U6U7O6U2O4O8U1U3U8O7U5,4,z^3+24z^2+106z+125,w^4z^3+24w^3z^2+106w^2z+125w,False,False,"[[ 0 -2  0  1 -1  2 -1 -1  2],[ 2  0  1  2  1  2  2  1  2],[ 0 -1  0  0  0  0  0  1  1],[-1 -2  0  0 -1  0 -1  0  1],[ 1 -1  0  1  0  3  0 -2  2],[-2 -2  0  0 -3  0 -3 -1  0],[ 1 -2  0  1  0  3  0 -1  2],[ 1 -1 -1  0  2  1  1  0  2],[-2 -2 -1 -1 -2  0 -2 -2  0]]","[[ 0  2  2  1  0 -1 -1 -1 -2],[-2  0  0  0  0 -1 -3 -3 -2],[-2  0  0 -1 -1 -2 -2 -2 -2],[-1  0  1  0  0  0 -1 -1 -2],[ 0  0  1  0  0  1  0  0 -1],[ 1  1  2  0 -1  0  2  1 -1],[ 1  3  2  1  0 -2  0  0 -1],[ 1  3  2  1  0 -1  0  0 -2],[ 2  2  2  2  1  1  1  2  0]]",True,"[-2,-2,-1,0,1,1,1,2,0,0,0,1,3,3,2,1,1,2,2,2,2,0,0,1,1,2,-1,0,0,1,-2,-1,1,0,1,2]","[-2,-2,-1,0,1,1,1,2,0,0,0,1,3,3,2,1,1,2,2,2,2,0,0,1,1,2,-1,0,0,1,-2,-1,1,0,1,2]",t^8+60t^6+405t^4+152t^2+9,"[-2,-1,-1,-1,0,1,2,2,-1,0,0,1,1,2,2,0,1,1,1,0,1,2,1,1,0,1,2,2,2,1,1,2,1,1,0,0]","[-2,-2,-1,0,1,1,1,2,0,0,1,1,1,1,2,1,2,0,0,2,2,1,1,1,2,1,1,1,2,1,0,-2,0,-1,-1,0]","[-2,-1,-1,-1,0,1,2,2,1,1,2,1,2,2,2,-2,0,0,1,2,3,1,-1,0,2,1,0,1,2,3,0,1,0,1,0,0]",c,"[[{8, 7}, {3, 6}, {4, 5}, {1, 2}]]",1,8 K_1^3 - 18 K_1^2 - 12 K_1 K_2 + 9 K_2 + 4 K_3 + 10,O1O2O3U4O5U6U1U3O6O7U2O8U5U8O4U7,O1O2O3U4O5U1U6U2O7U5O8O4U8O6U7U3,O1O2O3U1U4O5U6O7O6U8O4U2U5U3O8U7,c,{'O1O2O3U4O5U6U7O6U2O4O8U1U3U8O7U5'},1,"<a href=""/flatknot/8.1101657"">8.1101657</a>",t^9-58t^7-178t^6+68t^5+536t^4+85t^3-308t^2-138t-32,-t^2+2t,,
8.1101658,O1O2O3U4O5U6U7O6U2O4O8U1U5U8O7U3,4,24z^2+109z+123,24w^3z^2+109w^2z+123w,False,False,"[[ 0 -2  0  2 -1  1 -1 -1  2],[ 2  0  1  3  1  1  2  1  2],[ 0 -1  0  0  0  0  0  1  1],[-2 -3  0  0 -2 -1 -3 -1  1],[ 1 -1  0  2  0  1  0 -1  1],[-1 -1  0  1 -1  0 -1 -1  1],[ 1 -2  0  3  0  1  0 -1  2],[ 1 -1 -1  1  1  1  1  0  2],[-2 -2 -1 -1 -1 -1 -2 -2  0]]","[[ 0  2  2  1  0 -1 -1 -1 -2],[-2  0  1 -1  0 -1 -2 -3 -3],[-2 -1  0 -1 -1 -2 -1 -2 -2],[-1  1  1  0  0 -1 -1 -1 -1],[ 0  0  1  0  0  1  0  0 -1],[ 1  1  2  1 -1  0  1  1 -1],[ 1  2  1  1  0 -1  0  0 -1],[ 1  3  2  1  0 -1  0  0 -2],[ 2  3  2  1  1  1  1  2  0]]",True,"[-2,-2,-1,0,1,1,1,2,-1,1,0,1,2,3,3,1,1,2,1,2,2,0,1,1,1,1,-1,0,0,1,-1,-1,1,0,1,2]","[-2,-2,-1,0,1,1,1,2,-1,0,1,1,1,2,2,0,2,0,2,1,1,1,1,1,1,2,1,2,1,1,-1,0,-1,1,0,0]",t^8+54t^6+251t^4+90t^2+1,"[-2,-1,-1,-1,0,1,2,2,-1,0,0,1,2,1,2,0,1,1,1,0,1,1,1,1,1,2,2,1,2,1,1,2,1,0,0,-1]","[-2,-2,-1,0,1,1,1,2,-1,0,1,1,1,2,2,0,2,0,2,1,1,1,1,1,1,2,1,2,1,1,-1,0,-1,1,0,0]","[-2,-1,-1,-1,0,1,2,2,1,1,2,1,1,2,3,-1,0,0,1,1,2,1,-1,1,2,1,0,1,2,3,0,1,0,1,1,-1]",c,"[[{8, 1}, {2, 7}, {3, 6}, {4, 5}], [{8, 1}, {2, 7}, {4, 6}, {3, 5}], [{8, 1}, {2, 7}, {5, 6}, {3, 4}], [{8, 1}, {2, 7}, {5, 6}, {4}, {3}], [{8, 1}, {2, 7}, {6}, {5}, {3, 4}], [{8, 1}, {3, 7}, {2, 6}, {4, 5}], [{8, 1}, {3, 7}, {2, 6}, {5}, {4}], [{8, 1}, {3, 7}, {4, 6}, {2, 5}], [{8, 1}, {3, 7}, {4, 6}, {5}, {2}], [{8, 1}, {3, 7}, {5, 6}, {2, 4}], [{8, 1}, {3, 7}, {5, 6}, {4}, {2}], [{8, 1}, {3, 7}, {6}, {2, 5}, {4}], [{8, 1}, {3, 7}, {6}, {4, 5}, {2}], [{8, 1}, {3, 7}, {6}, {5}, {2, 4}], [{8, 1}, {3, 7}, {6}, {5}, {4}, {2}], [{8, 1}, {4, 7}, {2, 6}, {3, 5}], [{8, 1}, {4, 7}, {3, 6}, {2, 5}], [{8, 1}, {4, 7}, {5, 6}, {2, 3}], [{8, 1}, {4, 7}, {5, 6}, {3}, {2}], [{8, 1}, {4, 7}, {6}, {5}, {2, 3}], [{8, 1}, {5, 7}, {2, 6}, {3, 4}], [{8, 1}, {5, 7}, {3, 6}, {2, 4}], [{8, 1}, {5, 7}, {4, 6}, {2, 3}], [{8, 1}, {6, 7}, {2, 5}, {3, 4}], [{8, 1}, {6, 7}, {3, 5}, {2, 4}], [{8, 1}, {6, 7}, {4, 5}, {2, 3}], [{8, 1}, {6, 7}, {4, 5}, {3}, {2}], [{8, 1}, {7}, {3, 6}, {4, 5}, {2}], [{8, 1}, {7}, {5, 6}, {2, 4}, {3}], [{8, 1}, {7}, {5, 6}, {3, 4}, {2}], [{8, 1}, {7}, {5, 6}, {4}, {2, 3}], [{8, 2}, {1, 7}, {3, 6}, {4, 5}], [{8, 2}, {1, 7}, {4, 6}, {3, 5}], [{8, 2}, {1, 7}, {5, 6}, {3, 4}], [{8, 2}, {3, 7}, {1, 6}, {4, 5}], [{8, 2}, {3, 7}, {1, 6}, {5}, {4}], [{8, 2}, {3, 7}, {4, 6}, {1, 5}], [{8, 2}, {3, 7}, {5, 6}, {1, 4}], [{8, 2}, {3, 7}, {6}, {4, 5}, {1}], [{8, 2}, {4, 7}, {1, 6}, {3, 5}], [{8, 2}, {4, 7}, {3, 6}, {1, 5}], [{8, 2}, {4, 7}, {5, 6}, {1, 3}], [{8, 2}, {4, 7}, {6}, {3, 5}, {1}], [{8, 2}, {5, 7}, {1, 6}, {3, 4}], [{8, 2}, {5, 7}, {3, 6}, {1, 4}], [{8, 2}, {5, 7}, {4, 6}, {1, 3}], [{8, 2}, {5, 7}, {6}, {4}, {1, 3}], [{8, 2}, {6, 7}, {1, 5}, {3, 4}], [{8, 2}, {6, 7}, {3, 5}, {1, 4}], [{8, 2}, {6, 7}, {4, 5}, {1, 3}], [{8, 2}, {7}, {5, 6}, {1, 4}, {3}], [{8, 3}, {1, 7}, {2, 6}, {4, 5}], [{8, 3}, {1, 7}, {4, 6}, {2, 5}], [{8, 3}, {1, 7}, {5, 6}, {2, 4}], [{8, 3}, {1, 7}, {6}, {2, 5}, {4}], [{8, 3}, {2, 7}, {1, 6}, {4, 5}], [{8, 3}, {2, 7}, {4, 6}, {1, 5}], [{8, 3}, {2, 7}, {5, 6}, {1, 4}], [{8, 3}, {4, 7}, {1, 6}, {2, 5}], [{8, 3}, {4, 7}, {2, 6}, {1, 5}], [{8, 3}, {4, 7}, {5, 6}, {1, 2}], [{8, 3}, {4, 7}, {6}, {2, 5}, {1}], [{8, 3}, {5, 7}, {1, 6}, {2, 4}], [{8, 3}, {5, 7}, {2, 6}, {1, 4}], [{8, 3}, {5, 7}, {4, 6}, {1, 2}], [{8, 3}, {6, 7}, {1, 5}, {2, 4}], [{8, 3}, {6, 7}, {2, 5}, {1, 4}], [{8, 3}, {6, 7}, {2, 5}, {4}, {1}], [{8, 3}, {6, 7}, {4, 5}, {1, 2}], [{8, 3}, {7}, {1, 6}, {2, 5}, {4}], [{8, 3}, {7}, {4, 6}, {2, 5}, {1}], [{8, 3}, {7}, {6}, {2, 5}, {1, 4}], [{8, 3}, {7}, {6}, {2, 5}, {4}, {1}], [{8, 4}, {1, 7}, {2, 6}, {3, 5}], [{8, 4}, {1, 7}, {3, 6}, {2, 5}], [{8, 4}, {1, 7}, {5, 6}, {2, 3}], [{8, 4}, {2, 7}, {1, 6}, {3, 5}], [{8, 4}, {2, 7}, {3, 6}, {1, 5}], [{8, 4}, {2, 7}, {5, 6}, {1, 3}], [{8, 4}, {3, 7}, {1, 6}, {2, 5}], [{8, 4}, {3, 7}, {2, 6}, {1, 5}], [{8, 4}, {3, 7}, {5, 6}, {1, 2}], [{8, 4}, {3, 7}, {5, 6}, {2}, {1}], [{8, 4}, {5, 7}, {1, 6}, {2, 3}], [{8, 4}, {5, 7}, {2, 6}, {1, 3}], [{8, 4}, {5, 7}, {3, 6}, {1, 2}], [{8, 4}, {6, 7}, {1, 5}, {2, 3}], [{8, 4}, {6, 7}, {2, 5}, {1, 3}], [{8, 4}, {6, 7}, {3, 5}, {1, 2}], [{8, 4}, {7}, {2, 6}, {5}, {1, 3}], [{8, 4}, {7}, {6}, {3, 5}, {1, 2}], [{8, 5}, {1, 7}, {2, 6}, {3, 4}], [{8, 5}, {1, 7}, {2, 6}, {4}, {3}], [{8, 5}, {1, 7}, {3, 6}, {2, 4}], [{8, 5}, {1, 7}, {4, 6}, {2, 3}], [{8, 5}, {1, 7}, {6}, {3, 4}, {2}], [{8, 5}, {2, 7}, {1, 6}, {3, 4}], [{8, 5}, {2, 7}, {3, 6}, {1, 4}], [{8, 5}, {2, 7}, {4, 6}, {1, 3}], [{8, 5}, {3, 7}, {1, 6}, {2, 4}], [{8, 5}, {3, 7}, {2, 6}, {1, 4}], [{8, 5}, {3, 7}, {4, 6}, {1, 2}], [{8, 5}, {3, 7}, {6}, {2, 4}, {1}], [{8, 5}, {4, 7}, {1, 6}, {2, 3}], [{8, 5}, {4, 7}, {2, 6}, {1, 3}], [{8, 5}, {4, 7}, {3, 6}, {1, 2}], [{8, 5}, {6, 7}, {1, 4}, {2, 3}], [{8, 5}, {6, 7}, {2, 4}, {1, 3}], [{8, 5}, {6, 7}, {2, 4}, {3}, {1}], [{8, 5}, {6, 7}, {3, 4}, {1, 2}], [{8, 5}, {7}, {3, 6}, {2, 4}, {1}], [{8, 6}, {1, 7}, {2, 5}, {3, 4}], [{8, 6}, {1, 7}, {3, 5}, {2, 4}], [{8, 6}, {1, 7}, {4, 5}, {2, 3}], [{8, 6}, {2, 7}, {1, 5}, {3, 4}], [{8, 6}, {2, 7}, {3, 5}, {1, 4}], [{8, 6}, {2, 7}, {4, 5}, {1, 3}], [{8, 6}, {3, 7}, {1, 5}, {2, 4}], [{8, 6}, {3, 7}, {2, 5}, {1, 4}], [{8, 6}, {3, 7}, {4, 5}, {1, 2}], [{8, 6}, {3, 7}, {4, 5}, {2}, {1}], [{8, 6}, {3, 7}, {5}, {4}, {1, 2}], [{8, 6}, {4, 7}, {1, 5}, {2, 3}], [{8, 6}, {4, 7}, {2, 5}, {1, 3}], [{8, 6}, {4, 7}, {3, 5}, {1, 2}], [{8, 6}, {5, 7}, {1, 4}, {2, 3}], [{8, 6}, {5, 7}, {2, 4}, {1, 3}], [{8, 6}, {5, 7}, {3, 4}, {1, 2}], [{8, 6}, {7}, {5}, {2, 4}, {1, 3}], [{8, 7}, {1, 6}, {2, 5}, {3, 4}], [{8, 7}, {1, 6}, {3, 5}, {2, 4}], [{8, 7}, {1, 6}, {4, 5}, {2, 3}], [{8, 7}, {2, 6}, {1, 5}, {3, 4}], [{8, 7}, {2, 6}, {3, 5}, {1, 4}], [{8, 7}, {2, 6}, {4, 5}, {1, 3}], [{8, 7}, {3, 6}, {1, 5}, {2, 4}], [{8, 7}, {3, 6}, {2, 5}, {1, 4}], [{8, 7}, {3, 6}, {4, 5}, {1, 2}], [{8, 7}, {4, 6}, {1, 5}, {2, 3}], [{8, 7}, {4, 6}, {2, 5}, {1, 3}], [{8, 7}, {4, 6}, {3, 5}, {1, 2}], [{8, 7}, {5, 6}, {1, 4}, {2, 3}], [{8, 7}, {5, 6}, {2, 4}, {1, 3}], [{8, 7}, {5, 6}, {3, 4}, {1, 2}], [{8, 7}, {6}, {1, 5}, {4}, {2, 3}], [{8, 7}, {6}, {2, 5}, {4}, {1, 3}], [{8}, {1, 7}, {2, 6}, {5}, {3, 4}], [{8}, {1, 7}, {3, 6}, {5}, {2, 4}], [{8}, {3, 7}, {1, 6}, {4, 5}, {2}], [{8}, {3, 7}, {2, 6}, {4, 5}, {1}], [{8}, {3, 7}, {5, 6}, {1, 4}, {2}], [{8}, {3, 7}, {6}, {1, 5}, {2, 4}], [{8}, {3, 7}, {6}, {4, 5}, {1, 2}], [{8}, {5, 7}, {3, 6}, {4}, {1, 2}], [{8}, {5, 7}, {4, 6}, {3}, {1, 2}], [{8}, {5, 7}, {6}, {3, 4}, {1, 2}]]",2,32 K_1^3 - 26 K_1^2 - 24 K_1 K_2 - 12 K_1 + 13 K_2 + 4 K_3 + 14,O1O2O3U1O4U5U6U3O5O7U2O8U4U8O6U7,O1O2O3U4O5U1U6U5O7U2O8O4U8O6U7U3,O1O2O3U1U4O5U6O7O6U2O4U8U5U3O8U7,c,{'O1O2O3U4O5U6U7O6U2O4O8U1U5U8O7U3'},1,"<a href=""/flatknot/8.1101658"">8.1101658</a>",t^9-52t^7-202t^6-204t^5+140t^4+311t^3+98t^2-22t-8,-t^2+2t,,
8.1101659,O1O2O3U4O5U6U7O6U2O4O8U1U8U3O7U5,4,3z^3+29z^2+105z+119,3w^4z^3+29w^3z^2+105w^2z+119w,False,False,"[[ 0 -2  0  2 -1  2 -1 -1  1],[ 2  0  1  3  1  2  2  1  1],[ 0 -1  0  0  0  0  0  1  0],[-2 -3  0  0 -2 -1 -2  0  0],[ 1 -1  0  2  0  3  0 -2  1],[-2 -2  0  1 -3  0 -3 -1  0],[ 1 -2  0  2  0  3  0 -1  1],[ 1 -1 -1  0  2  1  1  0  1],[-1 -1  0  0 -1  0 -1 -1  0]]","[[ 0  2  2  1  0 -1 -1 -1 -2],[-2  0  1  0  0 -1 -3 -3 -2],[-2 -1  0  0  0  0 -2 -2 -3],[-1  0  0  0  0 -1 -1 -1 -1],[ 0  0  0  0  0  1  0  0 -1],[ 1  1  0  1 -1  0  2  1 -1],[ 1  3  2  1  0 -2  0  0 -1],[ 1  3  2  1  0 -1  0  0 -2],[ 2  2  3  1  1  1  1  2  0]]",True,"[-2,-2,-1,0,1,1,1,2,-1,0,0,1,3,3,2,0,0,0,2,2,3,0,1,1,1,1,-1,0,0,1,-2,-1,1,0,1,2]","[-2,-2,-1,0,1,1,1,2,-1,0,0,1,3,3,2,0,0,0,2,2,3,0,1,1,1,1,-1,0,0,1,-2,-1,1,0,1,2]",t^8+58t^6+409t^4+168t^2,"[-2,-1,-1,-1,0,1,2,2,-1,0,0,1,2,1,2,0,1,1,1,1,0,2,1,1,1,0,2,1,3,2,1,2,2,1,1,1]","[-2,-2,-1,0,1,1,1,2,-1,1,2,1,1,3,1,1,2,0,0,2,2,1,1,1,1,2,1,1,2,1,0,-2,0,-1,-1,0]","[-2,-1,-1,-1,0,1,2,2,1,1,2,1,1,2,3,-2,0,0,1,3,2,1,-1,1,1,0,0,1,3,2,0,0,0,0,0,1]",c,"[[{8, 1}, {2, 7}, {3, 6}, {4, 5}], [{8, 1}, {2, 7}, {4, 6}, {3, 5}], [{8, 1}, {2, 7}, {4, 6}, {5}, {3}], [{8, 1}, {2, 7}, {5, 6}, {3, 4}], [{8, 1}, {3, 7}, {2, 6}, {4, 5}], [{8, 1}, {3, 7}, {4, 6}, {2, 5}], [{8, 1}, {3, 7}, {5, 6}, {2, 4}], [{8, 1}, {3, 7}, {6}, {5}, {2, 4}], [{8, 1}, {4, 7}, {2, 6}, {3, 5}], [{8, 1}, {4, 7}, {2, 6}, {5}, {3}], [{8, 1}, {4, 7}, {3, 6}, {2, 5}], [{8, 1}, {4, 7}, {5, 6}, {2, 3}], [{8, 1}, {5, 7}, {2, 6}, {3, 4}], [{8, 1}, {5, 7}, {3, 6}, {2, 4}], [{8, 1}, {5, 7}, {4, 6}, {2, 3}], [{8, 1}, {5, 7}, {6}, {2, 4}, {3}], [{8, 1}, {6, 7}, {2, 5}, {3, 4}], [{8, 1}, {6, 7}, {3, 5}, {2, 4}], [{8, 1}, {6, 7}, {4, 5}, {2, 3}], [{8, 1}, {6, 7}, {5}, {2, 4}, {3}], [{8, 1}, {7}, {3, 6}, {2, 5}, {4}], [{8, 1}, {7}, {3, 6}, {4, 5}, {2}], [{8, 1}, {7}, {3, 6}, {5}, {2, 4}], [{8, 1}, {7}, {5, 6}, {2, 4}, {3}], [{8, 1}, {7}, {5, 6}, {3, 4}, {2}], [{8, 1}, {7}, {5, 6}, {4}, {2, 3}], [{8, 1}, {7}, {6}, {3, 5}, {2, 4}], [{8, 1}, {7}, {6}, {5}, {2, 4}, {3}], [{8, 2}, {1, 7}, {3, 6}, {4, 5}], [{8, 2}, {1, 7}, {4, 6}, {3, 5}], [{8, 2}, {1, 7}, {5, 6}, {3, 4}], [{8, 2}, {1, 7}, {6}, {3, 5}, {4}], [{8, 2}, {3, 7}, {1, 6}, {4, 5}], [{8, 2}, {3, 7}, {4, 6}, {1, 5}], [{8, 2}, {3, 7}, {5, 6}, {1, 4}], [{8, 2}, {3, 7}, {6}, {4, 5}, {1}], [{8, 2}, {4, 7}, {1, 6}, {3, 5}], [{8, 2}, {4, 7}, {3, 6}, {1, 5}], [{8, 2}, {4, 7}, {5, 6}, {1, 3}], [{8, 2}, {4, 7}, {6}, {1, 5}, {3}], [{8, 2}, {4, 7}, {6}, {3, 5}, {1}], [{8, 2}, {4, 7}, {6}, {5}, {1, 3}], [{8, 2}, {5, 7}, {1, 6}, {3, 4}], [{8, 2}, {5, 7}, {3, 6}, {1, 4}], [{8, 2}, {5, 7}, {3, 6}, {4}, {1}], [{8, 2}, {5, 7}, {4, 6}, {1, 3}], [{8, 2}, {6, 7}, {1, 5}, {3, 4}], [{8, 2}, {6, 7}, {1, 5}, {4}, {3}], [{8, 2}, {6, 7}, {3, 5}, {1, 4}], [{8, 2}, {6, 7}, {3, 5}, {4}, {1}], [{8, 2}, {6, 7}, {4, 5}, {1, 3}], [{8, 2}, {6, 7}, {5}, {4}, {1, 3}], [{8, 2}, {7}, {1, 6}, {3, 5}, {4}], [{8, 2}, {7}, {4, 6}, {1, 5}, {3}], [{8, 2}, {7}, {4, 6}, {3, 5}, {1}], [{8, 2}, {7}, {4, 6}, {5}, {1, 3}], [{8, 2}, {7}, {5, 6}, {3, 4}, {1}], [{8, 2}, {7}, {6}, {3, 5}, {1, 4}], [{8, 3}, {1, 7}, {2, 6}, {4, 5}], [{8, 3}, {1, 7}, {2, 6}, {5}, {4}], [{8, 3}, {1, 7}, {4, 6}, {2, 5}], [{8, 3}, {1, 7}, {4, 6}, {5}, {2}], [{8, 3}, {1, 7}, {5, 6}, {2, 4}], [{8, 3}, {1, 7}, {5, 6}, {4}, {2}], [{8, 3}, {1, 7}, {6}, {2, 5}, {4}], [{8, 3}, {1, 7}, {6}, {4, 5}, {2}], [{8, 3}, {1, 7}, {6}, {5}, {2, 4}], [{8, 3}, {1, 7}, {6}, {5}, {4}, {2}], [{8, 3}, {2, 7}, {1, 6}, {4, 5}], [{8, 3}, {2, 7}, {4, 6}, {1, 5}], [{8, 3}, {2, 7}, {5, 6}, {1, 4}], [{8, 3}, {4, 7}, {1, 6}, {2, 5}], [{8, 3}, {4, 7}, {1, 6}, {5}, {2}], [{8, 3}, {4, 7}, {2, 6}, {1, 5}], [{8, 3}, {4, 7}, {5, 6}, {1, 2}], [{8, 3}, {5, 7}, {1, 6}, {2, 4}], [{8, 3}, {5, 7}, {2, 6}, {1, 4}], [{8, 3}, {5, 7}, {4, 6}, {1, 2}], [{8, 3}, {5, 7}, {6}, {2, 4}, {1}], [{8, 3}, {6, 7}, {1, 5}, {2, 4}], [{8, 3}, {6, 7}, {2, 5}, {1, 4}], [{8, 3}, {6, 7}, {4, 5}, {1, 2}], [{8, 3}, {6, 7}, {5}, {1, 4}, {2}], [{8, 3}, {7}, {6}, {1, 5}, {2, 4}], [{8, 4}, {1, 7}, {2, 6}, {3, 5}], [{8, 4}, {1, 7}, {3, 6}, {2, 5}], [{8, 4}, {1, 7}, {3, 6}, {5}, {2}], [{8, 4}, {1, 7}, {5, 6}, {2, 3}], [{8, 4}, {1, 7}, {5, 6}, {3}, {2}], [{8, 4}, {1, 7}, {6}, {3, 5}, {2}], [{8, 4}, {2, 7}, {1, 6}, {3, 5}], [{8, 4}, {2, 7}, {3, 6}, {1, 5}], [{8, 4}, {2, 7}, {5, 6}, {1, 3}], [{8, 4}, {3, 7}, {1, 6}, {2, 5}], [{8, 4}, {3, 7}, {2, 6}, {1, 5}], [{8, 4}, {3, 7}, {5, 6}, {1, 2}], [{8, 4}, {5, 7}, {1, 6}, {2, 3}], [{8, 4}, {5, 7}, {2, 6}, {1, 3}], [{8, 4}, {5, 7}, {3, 6}, {1, 2}], [{8, 4}, {6, 7}, {1, 5}, {2, 3}], [{8, 4}, {6, 7}, {2, 5}, {1, 3}], [{8, 4}, {6, 7}, {3, 5}, {1, 2}], [{8, 4}, {6, 7}, {5}, {2, 3}, {1}], [{8, 5}, {1, 7}, {2, 6}, {3, 4}], [{8, 5}, {1, 7}, {2, 6}, {4}, {3}], [{8, 5}, {1, 7}, {3, 6}, {2, 4}], [{8, 5}, {1, 7}, {3, 6}, {4}, {2}], [{8, 5}, {1, 7}, {4, 6}, {2, 3}], [{8, 5}, {1, 7}, {4, 6}, {3}, {2}], [{8, 5}, {1, 7}, {6}, {2, 4}, {3}], [{8, 5}, {1, 7}, {6}, {3, 4}, {2}], [{8, 5}, {1, 7}, {6}, {4}, {2, 3}], [{8, 5}, {1, 7}, {6}, {4}, {3}, {2}], [{8, 5}, {2, 7}, {1, 6}, {3, 4}], [{8, 5}, {2, 7}, {3, 6}, {1, 4}], [{8, 5}, {2, 7}, {4, 6}, {1, 3}], [{8, 5}, {3, 7}, {1, 6}, {2, 4}], [{8, 5}, {3, 7}, {2, 6}, {1, 4}], [{8, 5}, {3, 7}, {4, 6}, {1, 2}], [{8, 5}, {3, 7}, {6}, {2, 4}, {1}], [{8, 5}, {4, 7}, {1, 6}, {2, 3}], [{8, 5}, {4, 7}, {1, 6}, {3}, {2}], [{8, 5}, {4, 7}, {2, 6}, {1, 3}], [{8, 5}, {4, 7}, {3, 6}, {1, 2}], [{8, 5}, {6, 7}, {1, 4}, {2, 3}], [{8, 5}, {6, 7}, {1, 4}, {3}, {2}], [{8, 5}, {6, 7}, {2, 4}, {1, 3}], [{8, 5}, {6, 7}, {3, 4}, {1, 2}], [{8, 5}, {7}, {6}, {2, 4}, {1, 3}], [{8, 6}, {1, 7}, {2, 5}, {3, 4}], [{8, 6}, {1, 7}, {3, 5}, {2, 4}], [{8, 6}, {1, 7}, {3, 5}, {4}, {2}], [{8, 6}, {1, 7}, {4, 5}, {2, 3}], [{8, 6}, {1, 7}, {4, 5}, {3}, {2}], [{8, 6}, {1, 7}, {5}, {3, 4}, {2}], [{8, 6}, {2, 7}, {1, 5}, {3, 4}], [{8, 6}, {2, 7}, {1, 5}, {4}, {3}], [{8, 6}, {2, 7}, {3, 5}, {1, 4}], [{8, 6}, {2, 7}, {3, 5}, {4}, {1}], [{8, 6}, {2, 7}, {4, 5}, {1, 3}], [{8, 6}, {2, 7}, {5}, {4}, {1, 3}], [{8, 6}, {3, 7}, {1, 5}, {2, 4}], [{8, 6}, {3, 7}, {2, 5}, {1, 4}], [{8, 6}, {3, 7}, {4, 5}, {1, 2}], [{8, 6}, {4, 7}, {1, 5}, {2, 3}], [{8, 6}, {4, 7}, {2, 5}, {1, 3}], [{8, 6}, {4, 7}, {3, 5}, {1, 2}], [{8, 6}, {4, 7}, {5}, {2, 3}, {1}], [{8, 6}, {5, 7}, {1, 4}, {2, 3}], [{8, 6}, {5, 7}, {2, 4}, {1, 3}], [{8, 6}, {5, 7}, {3, 4}, {1, 2}], [{8, 6}, {5, 7}, {4}, {2, 3}, {1}], [{8, 6}, {7}, {3, 5}, {4}, {1, 2}], [{8, 6}, {7}, {4, 5}, {2, 3}, {1}], [{8, 7}, {1, 6}, {2, 5}, {3, 4}], [{8, 7}, {1, 6}, {3, 5}, {2, 4}], [{8, 7}, {1, 6}, {4, 5}, {2, 3}], [{8, 7}, {2, 6}, {1, 5}, {3, 4}], [{8, 7}, {2, 6}, {3, 5}, {1, 4}], [{8, 7}, {2, 6}, {4, 5}, {1, 3}], [{8, 7}, {3, 6}, {1, 5}, {2, 4}], [{8, 7}, {3, 6}, {2, 5}, {1, 4}], [{8, 7}, {3, 6}, {4, 5}, {1, 2}], [{8, 7}, {3, 6}, {4, 5}, {2}, {1}], [{8, 7}, {4, 6}, {1, 5}, {2, 3}], [{8, 7}, {4, 6}, {2, 5}, {1, 3}], [{8, 7}, {4, 6}, {3, 5}, {1, 2}], [{8, 7}, {5, 6}, {1, 4}, {2, 3}], [{8, 7}, {5, 6}, {2, 4}, {1, 3}], [{8, 7}, {5, 6}, {3, 4}, {1, 2}], [{8, 7}, {5, 6}, {3, 4}, {2}, {1}], [{8, 7}, {6}, {1, 5}, {2, 4}, {3}], [{8, 7}, {6}, {3, 5}, {2, 4}, {1}], [{8, 7}, {6}, {5}, {2, 4}, {1, 3}], [{8}, {1, 7}, {2, 6}, {3, 5}, {4}], [{8}, {1, 7}, {3, 6}, {4, 5}, {2}], [{8}, {1, 7}, {4, 6}, {3, 5}, {2}], [{8}, {1, 7}, {5, 6}, {3, 4}, {2}], [{8}, {1, 7}, {6}, {3, 5}, {2, 4}], [{8}, {1, 7}, {6}, {3, 5}, {4}, {2}], [{8}, {2, 7}, {5, 6}, {3, 4}, {1}], [{8}, {3, 7}, {6}, {1, 5}, {2, 4}], [{8}, {4, 7}, {1, 6}, {3, 5}, {2}], [{8}, {4, 7}, {3, 6}, {5}, {1, 2}], [{8}, {5, 7}, {6}, {2, 4}, {1, 3}], [{8}, {5, 7}, {6}, {3, 4}, {1, 2}], [{8}, {6, 7}, {3, 5}, {1, 4}, {2}], [{8}, {6, 7}, {5}, {3, 4}, {1, 2}], [{8}, {7}, {2, 6}, {1, 5}, {3, 4}], [{8}, {7}, {2, 6}, {4, 5}, {1, 3}], [{8}, {7}, {5, 6}, {3, 4}, {1, 2}]]",2,4 K_1^3 - 22 K_1^2 - 16 K_1 K_2 + 5 K_1 + 11 K_2 + 7 K_3 + 12,O1O2O3U4O5U1U6U3O6O7U2O8U5U8O4U7,O1O2O3U4O5U1U6U3O7U5O8O4U8O6U7U2,O1O2O3U2U4O5U6O7O6U8O4U1U5U3O8U7,c,{'O1O2O3U4O5U6U7O6U2O4O8U1U8U3O7U5'},1,"<a href=""/flatknot/8.1101659"">8.1101659</a>",t^9-56t^7-168t^6+32t^5+324t^4+8t^3-34t^2-45t,-t^2+2t,,
8.1101660,O1O2O3U4O5U6U7O6U2O4O8U3U1U5O7U8,4,z^3+21z^2+87z+99,w^4z^3+21w^3z^2+87w^2z+99w,False,False,"[[ 0 -1  0  0 -1  2 -1 -1  2],[ 1  0  0  1  0  2  1  0  2],[ 0  0  0  0  0  1  0  0  1],[ 0 -1  0  0  0  0  0  1  1],[ 1  0  0  0  0  2  0 -1  2],[-2 -2 -1  0 -2  0 -2 -1  0],[ 1 -1  0  0  0  2  0 -1  3],[ 1  0  0 -1  1  1  1  0  2],[-2 -2 -1 -1 -2  0 -3 -2  0]]","[[ 0  2  2  0  0 -1 -1 -1 -1],[-2  0  0  0 -1 -1 -2 -2 -2],[-2  0  0 -1 -1 -2 -2 -2 -3],[ 0  0  1  0  0  1  0 -1  0],[ 0  1  1  0  0  0  0  0  0],[ 1  1  2 -1  0  0  1  0  1],[ 1  2  2  0  0 -1  0  0  0],[ 1  2  2  1  0  0  0  0  1],[ 1  2  3  0  0 -1  0 -1  0]]",True,"[-2,-2,0,0,1,1,1,1,0,0,1,1,2,2,2,1,1,2,2,2,3,0,-1,0,1,0,0,0,0,0,-1,0,-1,0,0,-1]","[-2,-2,0,0,1,1,1,1,0,0,1,1,2,2,2,1,1,2,2,2,3,0,-1,0,1,0,0,0,0,0,-1,0,-1,0,0,-1]",t^8+42t^6+141t^4+36t^2,"[-1,-1,-1,-1,0,0,2,2,-1,-1,0,1,2,1,2,0,0,1,1,1,1,1,1,1,0,1,1,0,1,1,0,1,1,1,2,0]","[-2,-2,0,0,1,1,1,1,0,1,1,0,1,1,1,1,2,1,1,1,2,0,1,1,1,1,1,0,1,2,-1,0,-1,0,0,-1]","[-1,-1,-1,-1,0,0,2,2,-1,-1,0,0,0,2,3,0,0,0,1,2,2,1,0,-1,1,2,0,0,2,2,0,1,1,0,1,0]",c,"[[{8, 1}, {3, 7}, {2, 6}, {4, 5}], [{8, 1}, {3, 7}, {5, 6}, {2, 4}], [{8, 3}, {1, 7}, {2, 6}, {4, 5}], [{8, 3}, {1, 7}, {5, 6}, {2, 4}]]",1,12 K_1^3 - 16 K_1^2 - 8 K_1 K_2 - 5 K_1 + 8 K_2 + K_3 + 9,O1O2O3U4O5U6U3U1O4O7U2O8U5U8O6U7,O1O2O3U4O5U2U6U1O7U3O8O4U8O6U7U5,O1O2O3U4U5O6U7O8O7U1O5U3U6U2O4U8,c,{'O1O2O3U4O5U6U7O6U2O4O8U3U1U5O7U8'},1,"<a href=""/flatknot/8.1101660"">8.1101660</a>",t^9-38t^7-62t^6+65t^5+64t^4-56t^3-14t^2+12t,-2t^2+4t,,
8.1101661,O1O2O3U4O5U6U7O6U2O4O8U3U1U8O7U5,4,z^3+19z^2+101z+135,w^4z^3+19w^3z^2+101w^2z+135w,False,False,"[[ 0 -1  0  0 -1  2 -1 -1  2],[ 1  0  0  1  0  2  1  0  2],[ 0  0  0  0  0  0  0  1  1],[ 0 -1  0  0  0  0  0  1  1],[ 1  0  0  0  0  3  0 -2  2],[-2 -2  0  0 -3  0 -3 -1  0],[ 1 -1  0  0  0  3  0 -1  2],[ 1  0 -1 -1  2  1  1  0  2],[-2 -2 -1 -1 -2  0 -2 -2  0]]","[[ 0  2  2  0  0 -1 -1 -1 -1],[-2  0  0  0  0 -1 -2 -3 -3],[-2  0  0 -1 -1 -2 -2 -2 -2],[ 0  0  1  0  0  1  0  0  0],[ 0  0  1  0  0  1 -1  0  0],[ 1  1  2 -1 -1  0  0  2  1],[ 1  2  2  0  1  0  0  0  1],[ 1  3  2  0  0 -2  0  0  0],[ 1  3  2  0  0 -1 -1  0  0]]",True,"[-2,-2,0,0,1,1,1,1,0,0,0,1,2,3,3,1,1,2,2,2,2,0,-1,0,0,0,-1,1,0,0,0,-2,-1,0,-1,0]","[-2,-2,0,0,1,1,1,1,0,0,0,1,2,3,3,1,1,2,2,2,2,0,-1,0,0,0,-1,1,0,0,0,-2,-1,0,-1,0]",t^8+50t^6+307t^4+197t^2+9,"[-1,-1,-1,-1,0,0,2,2,-2,-1,0,2,2,1,2,0,0,1,1,1,0,1,1,1,1,0,0,1,1,1,0,1,2,1,2,0]","[-2,-2,0,0,1,1,1,1,0,1,1,1,1,1,1,2,2,0,0,1,2,0,1,1,0,2,1,1,1,2,0,-1,-1,0,-2,0]","[-1,-1,-1,-1,0,0,2,2,-2,0,0,0,0,2,3,0,1,-1,-1,2,1,1,0,1,2,2,0,0,2,3,0,1,0,1,0,0]",c,"[[{8, 1}, {2, 7}, {3, 6}, {4, 5}], [{8, 1}, {2, 7}, {4, 6}, {3, 5}], [{8, 1}, {2, 7}, {5, 6}, {3, 4}], [{8, 1}, {2, 7}, {6}, {5}, {3, 4}], [{8, 1}, {3, 7}, {2, 6}, {4, 5}], [{8, 1}, {3, 7}, {4, 6}, {2, 5}], [{8, 1}, {3, 7}, {5, 6}, {2, 4}], [{8, 1}, {3, 7}, {6}, {5}, {2, 4}], [{8, 1}, {4, 7}, {2, 6}, {3, 5}], [{8, 1}, {4, 7}, {3, 6}, {2, 5}], [{8, 1}, {4, 7}, {5, 6}, {2, 3}], [{8, 1}, {5, 7}, {2, 6}, {3, 4}], [{8, 1}, {5, 7}, {2, 6}, {4}, {3}], [{8, 1}, {5, 7}, {3, 6}, {2, 4}], [{8, 1}, {5, 7}, {4, 6}, {2, 3}], [{8, 1}, {6, 7}, {2, 5}, {3, 4}], [{8, 1}, {6, 7}, {2, 5}, {4}, {3}], [{8, 1}, {6, 7}, {3, 5}, {2, 4}], [{8, 1}, {6, 7}, {3, 5}, {4}, {2}], [{8, 1}, {6, 7}, {4, 5}, {2, 3}], [{8, 1}, {6, 7}, {5}, {4}, {2, 3}], [{8, 2}, {1, 7}, {3, 6}, {4, 5}], [{8, 2}, {1, 7}, {4, 6}, {3, 5}], [{8, 2}, {1, 7}, {5, 6}, {3, 4}], [{8, 2}, {1, 7}, {6}, {3, 5}, {4}], [{8, 2}, {3, 7}, {1, 6}, {4, 5}], [{8, 2}, {3, 7}, {4, 6}, {1, 5}], [{8, 2}, {3, 7}, {5, 6}, {1, 4}], [{8, 2}, {3, 7}, {6}, {4, 5}, {1}], [{8, 2}, {4, 7}, {1, 6}, {3, 5}], [{8, 2}, {4, 7}, {3, 6}, {1, 5}], [{8, 2}, {4, 7}, {5, 6}, {1, 3}], [{8, 2}, {5, 7}, {1, 6}, {3, 4}], [{8, 2}, {5, 7}, {3, 6}, {1, 4}], [{8, 2}, {5, 7}, {4, 6}, {1, 3}], [{8, 2}, {5, 7}, {4, 6}, {3}, {1}], [{8, 2}, {6, 7}, {1, 5}, {3, 4}], [{8, 2}, {6, 7}, {1, 5}, {4}, {3}], [{8, 2}, {6, 7}, {3, 5}, {1, 4}], [{8, 2}, {6, 7}, {4, 5}, {1, 3}], [{8, 2}, {7}, {1, 6}, {5}, {3, 4}], [{8, 2}, {7}, {5, 6}, {3, 4}, {1}], [{8, 2}, {7}, {6}, {1, 5}, {3, 4}], [{8, 3}, {1, 7}, {2, 6}, {4, 5}], [{8, 3}, {1, 7}, {4, 6}, {2, 5}], [{8, 3}, {1, 7}, {5, 6}, {2, 4}], [{8, 3}, {1, 7}, {6}, {2, 5}, {4}], [{8, 3}, {2, 7}, {1, 6}, {4, 5}], [{8, 3}, {2, 7}, {1, 6}, {5}, {4}], [{8, 3}, {2, 7}, {4, 6}, {1, 5}], [{8, 3}, {2, 7}, {4, 6}, {5}, {1}], [{8, 3}, {2, 7}, {5, 6}, {1, 4}], [{8, 3}, {2, 7}, {6}, {5}, {1, 4}], [{8, 3}, {4, 7}, {1, 6}, {2, 5}], [{8, 3}, {4, 7}, {1, 6}, {5}, {2}], [{8, 3}, {4, 7}, {2, 6}, {1, 5}], [{8, 3}, {4, 7}, {5, 6}, {1, 2}], [{8, 3}, {5, 7}, {1, 6}, {2, 4}], [{8, 3}, {5, 7}, {2, 6}, {1, 4}], [{8, 3}, {5, 7}, {4, 6}, {1, 2}], [{8, 3}, {5, 7}, {6}, {2, 4}, {1}], [{8, 3}, {6, 7}, {1, 5}, {2, 4}], [{8, 3}, {6, 7}, {2, 5}, {1, 4}], [{8, 3}, {6, 7}, {4, 5}, {1, 2}], [{8, 3}, {6, 7}, {5}, {1, 4}, {2}], [{8, 3}, {7}, {1, 6}, {5}, {2, 4}], [{8, 3}, {7}, {2, 6}, {5}, {1, 4}], [{8, 3}, {7}, {4, 6}, {1, 5}, {2}], [{8, 4}, {1, 7}, {2, 6}, {3, 5}], [{8, 4}, {1, 7}, {3, 6}, {2, 5}], [{8, 4}, {1, 7}, {5, 6}, {2, 3}], [{8, 4}, {1, 7}, {6}, {2, 5}, {3}], [{8, 4}, {1, 7}, {6}, {3, 5}, {2}], [{8, 4}, {1, 7}, {6}, {5}, {2, 3}], [{8, 4}, {2, 7}, {1, 6}, {3, 5}], [{8, 4}, {2, 7}, {3, 6}, {1, 5}], [{8, 4}, {2, 7}, {5, 6}, {1, 3}], [{8, 4}, {3, 7}, {1, 6}, {2, 5}], [{8, 4}, {3, 7}, {2, 6}, {1, 5}], [{8, 4}, {3, 7}, {5, 6}, {1, 2}], [{8, 4}, {5, 7}, {1, 6}, {2, 3}], [{8, 4}, {5, 7}, {1, 6}, {3}, {2}], [{8, 4}, {5, 7}, {2, 6}, {1, 3}], [{8, 4}, {5, 7}, {3, 6}, {1, 2}], [{8, 4}, {5, 7}, {3, 6}, {2}, {1}], [{8, 4}, {5, 7}, {6}, {1, 3}, {2}], [{8, 4}, {6, 7}, {1, 5}, {2, 3}], [{8, 4}, {6, 7}, {2, 5}, {1, 3}], [{8, 4}, {6, 7}, {3, 5}, {1, 2}], [{8, 4}, {7}, {2, 6}, {1, 5}, {3}], [{8, 5}, {1, 7}, {2, 6}, {3, 4}], [{8, 5}, {1, 7}, {3, 6}, {2, 4}], [{8, 5}, {1, 7}, {4, 6}, {2, 3}], [{8, 5}, {1, 7}, {6}, {4}, {2, 3}], [{8, 5}, {2, 7}, {1, 6}, {3, 4}], [{8, 5}, {2, 7}, {3, 6}, {1, 4}], [{8, 5}, {2, 7}, {4, 6}, {1, 3}], [{8, 5}, {2, 7}, {6}, {3, 4}, {1}], [{8, 5}, {3, 7}, {1, 6}, {2, 4}], [{8, 5}, {3, 7}, {2, 6}, {1, 4}], [{8, 5}, {3, 7}, {4, 6}, {1, 2}], [{8, 5}, {4, 7}, {1, 6}, {2, 3}], [{8, 5}, {4, 7}, {2, 6}, {1, 3}], [{8, 5}, {4, 7}, {2, 6}, {3}, {1}], [{8, 5}, {4, 7}, {3, 6}, {1, 2}], [{8, 5}, {6, 7}, {1, 4}, {2, 3}], [{8, 5}, {6, 7}, {2, 4}, {1, 3}], [{8, 5}, {6, 7}, {3, 4}, {1, 2}], [{8, 5}, {7}, {3, 6}, {2, 4}, {1}], [{8, 5}, {7}, {4, 6}, {1, 3}, {2}], [{8, 6}, {1, 7}, {2, 5}, {3, 4}], [{8, 6}, {1, 7}, {2, 5}, {4}, {3}], [{8, 6}, {1, 7}, {3, 5}, {2, 4}], [{8, 6}, {1, 7}, {3, 5}, {4}, {2}], [{8, 6}, {1, 7}, {4, 5}, {2, 3}], [{8, 6}, {1, 7}, {5}, {4}, {2, 3}], [{8, 6}, {2, 7}, {1, 5}, {3, 4}], [{8, 6}, {2, 7}, {3, 5}, {1, 4}], [{8, 6}, {2, 7}, {4, 5}, {1, 3}], [{8, 6}, {3, 7}, {1, 5}, {2, 4}], [{8, 6}, {3, 7}, {2, 5}, {1, 4}], [{8, 6}, {3, 7}, {4, 5}, {1, 2}], [{8, 6}, {3, 7}, {4, 5}, {2}, {1}], [{8, 6}, {3, 7}, {5}, {4}, {1, 2}], [{8, 6}, {4, 7}, {1, 5}, {2, 3}], [{8, 6}, {4, 7}, {2, 5}, {1, 3}], [{8, 6}, {4, 7}, {3, 5}, {1, 2}], [{8, 6}, {5, 7}, {1, 4}, {2, 3}], [{8, 6}, {5, 7}, {1, 4}, {3}, {2}], [{8, 6}, {5, 7}, {2, 4}, {1, 3}], [{8, 6}, {5, 7}, {3, 4}, {1, 2}], [{8, 6}, {5, 7}, {3, 4}, {2}, {1}], [{8, 6}, {5, 7}, {4}, {1, 3}, {2}], [{8, 6}, {7}, {1, 5}, {2, 4}, {3}], [{8, 6}, {7}, {4, 5}, {3}, {1, 2}], [{8, 7}, {1, 6}, {2, 5}, {3, 4}], [{8, 7}, {1, 6}, {2, 5}, {4}, {3}], [{8, 7}, {1, 6}, {3, 5}, {2, 4}], [{8, 7}, {1, 6}, {3, 5}, {4}, {2}], [{8, 7}, {1, 6}, {4, 5}, {2, 3}], [{8, 7}, {1, 6}, {5}, {4}, {2, 3}], [{8, 7}, {2, 6}, {1, 5}, {3, 4}], [{8, 7}, {2, 6}, {3, 5}, {1, 4}], [{8, 7}, {2, 6}, {4, 5}, {1, 3}], [{8, 7}, {2, 6}, {5}, {1, 4}, {3}], [{8, 7}, {3, 6}, {1, 5}, {2, 4}], [{8, 7}, {3, 6}, {2, 5}, {1, 4}], [{8, 7}, {3, 6}, {4, 5}, {1, 2}], [{8, 7}, {4, 6}, {1, 5}, {2, 3}], [{8, 7}, {4, 6}, {2, 5}, {1, 3}], [{8, 7}, {4, 6}, {3, 5}, {1, 2}], [{8, 7}, {4, 6}, {5}, {1, 3}, {2}], [{8, 7}, {5, 6}, {1, 4}, {2, 3}], [{8, 7}, {5, 6}, {2, 4}, {1, 3}], [{8, 7}, {5, 6}, {3, 4}, {1, 2}], [{8, 7}, {5, 6}, {4}, {1, 3}, {2}], [{8, 7}, {6}, {1, 5}, {3, 4}, {2}], [{8, 7}, {6}, {4, 5}, {1, 3}, {2}], [{8}, {1, 7}, {2, 6}, {3, 5}, {4}], [{8}, {1, 7}, {2, 6}, {4, 5}, {3}], [{8}, {1, 7}, {2, 6}, {5}, {3, 4}], [{8}, {1, 7}, {3, 6}, {2, 5}, {4}], [{8}, {1, 7}, {3, 6}, {4, 5}, {2}], [{8}, {1, 7}, {3, 6}, {5}, {2, 4}], [{8}, {1, 7}, {4, 6}, {2, 5}, {3}], [{8}, {1, 7}, {4, 6}, {3, 5}, {2}], [{8}, {1, 7}, {4, 6}, {5}, {2, 3}], [{8}, {1, 7}, {5, 6}, {2, 4}, {3}], [{8}, {1, 7}, {5, 6}, {3, 4}, {2}], [{8}, {1, 7}, {5, 6}, {4}, {2, 3}], [{8}, {1, 7}, {6}, {2, 5}, {3, 4}], [{8}, {1, 7}, {6}, {2, 5}, {4}, {3}], [{8}, {1, 7}, {6}, {3, 5}, {2, 4}], [{8}, {1, 7}, {6}, {3, 5}, {4}, {2}], [{8}, {1, 7}, {6}, {4, 5}, {2, 3}], [{8}, {1, 7}, {6}, {5}, {4}, {2, 3}], [{8}, {2, 7}, {6}, {1, 5}, {3, 4}], [{8}, {3, 7}, {2, 6}, {1, 5}, {4}], [{8}, {3, 7}, {2, 6}, {4, 5}, {1}], [{8}, {3, 7}, {2, 6}, {5}, {1, 4}], [{8}, {5, 7}, {4, 6}, {1, 3}, {2}], [{8}, {6, 7}, {5}, {2, 4}, {1, 3}], [{8}, {6, 7}, {5}, {3, 4}, {1, 2}], [{8}, {7}, {2, 6}, {4, 5}, {1, 3}]]",2,- 20 K_1^2 - 8 K_1 K_2 + 4 K_1 + 10 K_2 + 4 K_3 + 11,O1O2O3U4O5U6U3U1O6O7U2O8U5U8O4U7,O1O2O3U4O5U2U6U1O7U5O8O4U8O6U7U3,O1O2O3U1U4O5U6O7O6U8O4U3U5U2O8U7,c,{'O1O2O3U4O5U6U7O6U2O4O8U3U1U8O7U5'},1,"<a href=""/flatknot/8.1101661"">8.1101661</a>",t^9-46t^7-82t^6+171t^5+312t^4-62t^3-280t^2-116t,-2t^2+4t,,
8.1101662,O1O2O3U4O5U6U7O6U2O4O8U3U5U1O7U8,4,18z^2+103z+135,18w^3z^2+103w^2z+135w,False,False,"[[ 0  0  0  0 -1  1 -1 -1  2],[ 0  0 -1  0  0  1  0 -1  2],[ 0  1  0  0  0  1  0  0  1],[ 0  0  0  0  0  0  0  1  1],[ 1  0  0  0  0  1  0 -1  2],[-1 -1 -1  0 -1  0 -1  0  0],[ 1  0  0  0  0  1  0 -1  3],[ 1  1  0 -1  1  0  1  0  2],[-2 -2 -1 -1 -2  0 -3 -2  0]]","[[ 0  2  1  0  0  0 -1 -1 -1],[-2  0  0 -1 -1 -2 -2 -2 -3],[-1  0  0  0 -1 -1  0 -1 -1],[ 0  1  0  0  0  0  1  0  0],[ 0  1  1  0  0  1  0  0  0],[ 0  2  1  0 -1  0 -1  0  0],[ 1  2  0 -1  0  1  0  1  1],[ 1  2  1  0  0  0 -1  0  0],[ 1  3  1  0  0  0 -1  0  0]]",True,"[-2,-1,0,0,0,1,1,1,0,1,1,2,2,2,3,0,1,1,0,1,1,0,0,-1,0,0,-1,0,0,0,1,0,0,-1,-1,0]","[-2,-1,0,0,0,1,1,1,0,1,1,2,2,2,3,0,1,1,0,1,1,0,0,-1,0,0,-1,0,0,0,1,0,0,-1,-1,0]",t^8+32t^6+94t^4+64t^2+1,"[-1,-1,-1,0,0,0,1,2,-1,-1,0,1,2,2,1,0,1,1,1,1,0,1,1,1,1,1,1,0,0,0,0,0,1,1,1,1]","[-2,-1,0,0,0,1,1,1,1,0,1,1,0,1,1,0,0,1,1,1,2,-1,0,1,1,0,0,1,1,1,1,1,2,0,-1,-1]","[-1,-1,-1,0,0,0,1,2,-1,0,0,0,0,1,2,1,-1,0,1,0,2,0,0,0,1,3,0,0,0,1,1,1,1,1,2,0]",c,"[[{8, 1}, {5, 7}, {3, 6}, {2, 4}], [{8, 5}, {1, 7}, {3, 6}, {2, 4}]]",1,- 22 K_1^2 - 8 K_1 K_2 + 4 K_1 + 11 K_2 + 4 K_3 + 12,O1O2O3U4O5U3U6U1O4O7U2O8U5U8O6U7,O1O2O3U4O5U3U6U1O7U2O8O4U8O6U7U5,O1O2O3U4U5O6U7O8O7U2O5U3U6U1O4U8,c,{'O1O2O3U4O5U6U7O6U2O4O8U3U5U1O7U8'},1,"<a href=""/flatknot/8.1101662"">8.1101662</a>",t^9-30t^7-42t^6+69t^5+110t^4-4t^3-42t^2-8t+2,-t^2+2t,,
8.1101663,O1O2O3U4O5U6U7O6U2O4O8U3U8U1O7U5,3,21z^2+96z+109,-6w^4z^2+27w^3z^2-4w^3z+100w^2z+109w,False,False,"[[ 0  0  0  0 -1  2 -1 -1  1],[ 0  0  0  0 -1  1  0  0  1],[ 0  0  0  0  0  0  0  1  1],[ 0  0  0  0  0  0  0  1  1],[ 1  1  0  0  0  3  0 -2  1],[-2 -1  0  0 -3  0 -3 -1  0],[ 1  0  0  0  0  3  0 -1  1],[ 1  0 -1 -1  2  1  1  0  1],[-1 -1 -1 -1 -1  0 -1 -1  0]]","[[ 0  2  1  0  0  0 -1 -1 -1],[-2  0  0  0  0 -1 -1 -3 -3],[-1  0  0 -1 -1 -1 -1 -1 -1],[ 0  0  1  0  0  0  1  0  0],[ 0  0  1  0  0  0  1  0  0],[ 0  1  1  0  0  0  0  0 -1],[ 1  1  1 -1 -1  0  0  1  2],[ 1  3  1  0  0  0 -1  0  0],[ 1  3  1  0  0  1 -2  0  0]]",True,"[-2,-1,0,0,0,1,1,1,0,0,0,1,1,3,3,1,1,1,1,1,1,0,0,-1,0,0,0,-1,0,0,0,0,1,-1,-2,0]","[-2,-1,0,0,0,1,1,1,0,0,0,1,1,3,3,1,1,1,1,1,1,0,0,-1,0,0,0,-1,0,0,0,0,1,-1,-2,0]",t^8+34t^6+167t^4+82t^2,"[-1,-1,-1,0,0,0,1,2,-2,-1,1,2,2,1,2,0,0,1,1,1,0,1,1,1,1,0,0,0,0,1,0,0,2,0,2,1]","[-2,-1,0,0,0,1,1,1,1,1,2,2,0,0,2,0,0,0,1,1,1,0,0,0,1,1,0,1,1,2,1,1,2,0,-2,-1]","[-1,-1,-1,0,0,0,1,2,-2,0,0,0,1,1,3,1,-1,-1,0,1,1,0,0,0,1,3,0,0,1,0,0,1,0,1,1,0]",c,"[[{8, 1}, {2, 7}, {3, 6}, {4, 5}], [{8, 1}, {2, 7}, {5, 6}, {3, 4}], [{8, 1}, {3, 7}, {2, 6}, {4, 5}], [{8, 1}, {3, 7}, {5, 6}, {2, 4}]]",1,- 14 K_1^2 + 7 K_2 + 8,O1O2O3U4O5U3U6U1O6O7U2O8U5U8O4U7,O1O2O3U4O5U3U6U1O7U5O8O4U8O6U7U2,O1O2O3U2U4O5U6O7O6U8O4U3U5U1O8U7,c,{'O1O2O3U4O5U6U7O6U2O4O8U3U8U1O7U5'},1,"<a href=""/flatknot/8.1101663"">8.1101663</a>",t^9-32t^7-42t^6+102t^5+138t^4-53t^3-48t^2,-t^2+2t,,
8.1101664,O1O2O3U4O5U6U7O6U2O4O8U5U1U3O7U8,4,2z^3+24z^2+103z+127,2w^4z^3+24w^3z^2+103w^2z+127w,False,False,"[[ 0 -1  0  2 -1  0 -1 -1  2],[ 1  0  0  2  1  0  1  0  2],[ 0  0  0  1  0  0  0  0  1],[-2 -2 -1  0 -1 -1 -2 -1  1],[ 1 -1  0  1  0  0  0 -1  2],[ 0  0  0  1  0  0  0  1  0],[ 1 -1  0  2  0  0  0 -1  3],[ 1  0  0  1  1 -1  1  0  2],[-2 -2 -1 -1 -2  0 -3 -2  0]]","[[ 0  2  2  0  0 -1 -1 -1 -1],[-2  0  1 -1 -1 -1 -1 -2 -2],[-2 -1  0  0 -1 -2 -2 -2 -3],[ 0  1  0  0  0  1  0  0  0],[ 0  1  1  0  0  0  0  0  0],[ 1  1  2 -1  0  0  1  0  1],[ 1  1  2  0  0 -1  0 -1  0],[ 1  2  2  0  0  0  1  0  1],[ 1  2  3  0  0 -1  0 -1  0]]",True,"[-2,-2,0,0,1,1,1,1,-1,1,1,1,1,2,2,0,1,2,2,2,3,0,-1,0,0,0,0,0,0,0,-1,0,-1,1,0,-1]","[-2,-2,0,0,1,1,1,1,-1,1,1,1,1,2,2,0,1,2,2,2,3,0,-1,0,0,0,0,0,0,0,-1,0,-1,1,0,-1]",t^8+40t^6+88t^4+14t^2,"[-1,-1,-1,-1,0,0,2,2,-1,-1,0,1,1,1,1,0,1,1,1,0,1,1,1,1,1,2,1,2,1,2,0,1,1,2,1,1]","[-2,-2,0,0,1,1,1,1,-1,1,2,0,1,1,1,1,1,1,1,2,2,0,1,1,1,1,1,1,1,2,-1,0,-1,1,0,-1]","[-1,-1,-1,-1,0,0,2,2,-1,-1,0,0,0,1,2,0,1,-1,0,1,2,1,0,0,2,2,0,0,2,3,0,1,0,1,1,1]",c,"[[{8, 1}, {2, 7}, {3, 6}, {4, 5}], [{8, 1}, {2, 7}, {4, 6}, {3, 5}], [{8, 1}, {2, 7}, {5, 6}, {3, 4}], [{8, 1}, {3, 7}, {2, 6}, {4, 5}], [{8, 1}, {3, 7}, {4, 6}, {2, 5}], [{8, 1}, {3, 7}, {5, 6}, {2, 4}], [{8, 1}, {3, 7}, {6}, {5}, {2, 4}], [{8, 1}, {4, 7}, {2, 6}, {3, 5}], [{8, 1}, {4, 7}, {3, 6}, {2, 5}], [{8, 1}, {4, 7}, {5, 6}, {2, 3}], [{8, 1}, {5, 7}, {2, 6}, {3, 4}], [{8, 1}, {5, 7}, {3, 6}, {2, 4}], [{8, 1}, {5, 7}, {4, 6}, {2, 3}], [{8, 1}, {5, 7}, {6}, {2, 4}, {3}], [{8, 1}, {6, 7}, {2, 5}, {3, 4}], [{8, 1}, {6, 7}, {3, 5}, {2, 4}], [{8, 1}, {6, 7}, {4, 5}, {2, 3}], [{8, 1}, {6, 7}, {5}, {2, 4}, {3}], [{8, 1}, {7}, {2, 6}, {5}, {3, 4}], [{8, 1}, {7}, {3, 6}, {5}, {2, 4}], [{8, 1}, {7}, {4, 6}, {5}, {2, 3}], [{8, 1}, {7}, {5, 6}, {2, 4}, {3}], [{8, 1}, {7}, {6}, {3, 5}, {2, 4}], [{8, 1}, {7}, {6}, {5}, {2, 4}, {3}], [{8, 2}, {1, 7}, {3, 6}, {4, 5}], [{8, 2}, {1, 7}, {4, 6}, {3, 5}], [{8, 2}, {1, 7}, {5, 6}, {3, 4}], [{8, 2}, {1, 7}, {6}, {3, 5}, {4}], [{8, 2}, {3, 7}, {1, 6}, {4, 5}], [{8, 2}, {3, 7}, {4, 6}, {1, 5}], [{8, 2}, {3, 7}, {5, 6}, {1, 4}], [{8, 2}, {3, 7}, {6}, {5}, {1, 4}], [{8, 2}, {4, 7}, {1, 6}, {3, 5}], [{8, 2}, {4, 7}, {3, 6}, {1, 5}], [{8, 2}, {4, 7}, {5, 6}, {1, 3}], [{8, 2}, {5, 7}, {1, 6}, {3, 4}], [{8, 2}, {5, 7}, {3, 6}, {1, 4}], [{8, 2}, {5, 7}, {3, 6}, {4}, {1}], [{8, 2}, {5, 7}, {4, 6}, {1, 3}], [{8, 2}, {5, 7}, {4, 6}, {3}, {1}], [{8, 2}, {5, 7}, {6}, {3, 4}, {1}], [{8, 2}, {6, 7}, {1, 5}, {3, 4}], [{8, 2}, {6, 7}, {3, 5}, {1, 4}], [{8, 2}, {6, 7}, {4, 5}, {1, 3}], [{8, 2}, {6, 7}, {5}, {1, 4}, {3}], [{8, 2}, {7}, {3, 6}, {5}, {1, 4}], [{8, 3}, {1, 7}, {2, 6}, {4, 5}], [{8, 3}, {1, 7}, {4, 6}, {2, 5}], [{8, 3}, {1, 7}, {5, 6}, {2, 4}], [{8, 3}, {1, 7}, {6}, {5}, {2, 4}], [{8, 3}, {2, 7}, {1, 6}, {4, 5}], [{8, 3}, {2, 7}, {4, 6}, {1, 5}], [{8, 3}, {2, 7}, {5, 6}, {1, 4}], [{8, 3}, {4, 7}, {1, 6}, {2, 5}], [{8, 3}, {4, 7}, {2, 6}, {1, 5}], [{8, 3}, {4, 7}, {5, 6}, {1, 2}], [{8, 3}, {5, 7}, {1, 6}, {2, 4}], [{8, 3}, {5, 7}, {1, 6}, {4}, {2}], [{8, 3}, {5, 7}, {2, 6}, {1, 4}], [{8, 3}, {5, 7}, {2, 6}, {4}, {1}], [{8, 3}, {5, 7}, {4, 6}, {1, 2}], [{8, 3}, {5, 7}, {4, 6}, {2}, {1}], [{8, 3}, {5, 7}, {6}, {1, 4}, {2}], [{8, 3}, {5, 7}, {6}, {2, 4}, {1}], [{8, 3}, {5, 7}, {6}, {4}, {1, 2}], [{8, 3}, {5, 7}, {6}, {4}, {2}, {1}], [{8, 3}, {6, 7}, {1, 5}, {2, 4}], [{8, 3}, {6, 7}, {2, 5}, {1, 4}], [{8, 3}, {6, 7}, {4, 5}, {1, 2}], [{8, 3}, {7}, {6}, {1, 5}, {2, 4}], [{8, 4}, {1, 7}, {2, 6}, {3, 5}], [{8, 4}, {1, 7}, {3, 6}, {2, 5}], [{8, 4}, {1, 7}, {5, 6}, {2, 3}], [{8, 4}, {1, 7}, {6}, {3, 5}, {2}], [{8, 4}, {2, 7}, {1, 6}, {3, 5}], [{8, 4}, {2, 7}, {3, 6}, {1, 5}], [{8, 4}, {2, 7}, {5, 6}, {1, 3}], [{8, 4}, {2, 7}, {6}, {1, 5}, {3}], [{8, 4}, {3, 7}, {1, 6}, {2, 5}], [{8, 4}, {3, 7}, {2, 6}, {1, 5}], [{8, 4}, {3, 7}, {2, 6}, {5}, {1}], [{8, 4}, {3, 7}, {5, 6}, {1, 2}], [{8, 4}, {5, 7}, {1, 6}, {2, 3}], [{8, 4}, {5, 7}, {2, 6}, {1, 3}], [{8, 4}, {5, 7}, {2, 6}, {3}, {1}], [{8, 4}, {5, 7}, {3, 6}, {1, 2}], [{8, 4}, {5, 7}, {3, 6}, {2}, {1}], [{8, 4}, {5, 7}, {6}, {2, 3}, {1}], [{8, 4}, {6, 7}, {1, 5}, {2, 3}], [{8, 4}, {6, 7}, {2, 5}, {1, 3}], [{8, 4}, {6, 7}, {3, 5}, {1, 2}], [{8, 4}, {7}, {2, 6}, {3, 5}, {1}], [{8, 5}, {1, 7}, {2, 6}, {3, 4}], [{8, 5}, {1, 7}, {3, 6}, {2, 4}], [{8, 5}, {1, 7}, {4, 6}, {2, 3}], [{8, 5}, {1, 7}, {6}, {2, 4}, {3}], [{8, 5}, {2, 7}, {1, 6}, {3, 4}], [{8, 5}, {2, 7}, {3, 6}, {1, 4}], [{8, 5}, {2, 7}, {3, 6}, {4}, {1}], [{8, 5}, {2, 7}, {4, 6}, {1, 3}], [{8, 5}, {2, 7}, {4, 6}, {3}, {1}], [{8, 5}, {2, 7}, {6}, {3, 4}, {1}], [{8, 5}, {3, 7}, {1, 6}, {2, 4}], [{8, 5}, {3, 7}, {2, 6}, {1, 4}], [{8, 5}, {3, 7}, {4, 6}, {1, 2}], [{8, 5}, {3, 7}, {6}, {2, 4}, {1}], [{8, 5}, {4, 7}, {1, 6}, {2, 3}], [{8, 5}, {4, 7}, {1, 6}, {3}, {2}], [{8, 5}, {4, 7}, {2, 6}, {1, 3}], [{8, 5}, {4, 7}, {3, 6}, {1, 2}], [{8, 5}, {6, 7}, {1, 4}, {2, 3}], [{8, 5}, {6, 7}, {1, 4}, {3}, {2}], [{8, 5}, {6, 7}, {2, 4}, {1, 3}], [{8, 5}, {6, 7}, {3, 4}, {1, 2}], [{8, 5}, {6, 7}, {4}, {2, 3}, {1}], [{8, 5}, {7}, {6}, {1, 4}, {2, 3}], [{8, 5}, {7}, {6}, {2, 4}, {1, 3}], [{8, 6}, {1, 7}, {2, 5}, {3, 4}], [{8, 6}, {1, 7}, {3, 5}, {2, 4}], [{8, 6}, {1, 7}, {3, 5}, {4}, {2}], [{8, 6}, {1, 7}, {4, 5}, {2, 3}], [{8, 6}, {2, 7}, {1, 5}, {3, 4}], [{8, 6}, {2, 7}, {3, 5}, {1, 4}], [{8, 6}, {2, 7}, {4, 5}, {1, 3}], [{8, 6}, {2, 7}, {5}, {3, 4}, {1}], [{8, 6}, {3, 7}, {1, 5}, {2, 4}], [{8, 6}, {3, 7}, {2, 5}, {1, 4}], [{8, 6}, {3, 7}, {4, 5}, {1, 2}], [{8, 6}, {4, 7}, {1, 5}, {2, 3}], [{8, 6}, {4, 7}, {2, 5}, {1, 3}], [{8, 6}, {4, 7}, {3, 5}, {1, 2}], [{8, 6}, {5, 7}, {1, 4}, {2, 3}], [{8, 6}, {5, 7}, {2, 4}, {1, 3}], [{8, 6}, {5, 7}, {2, 4}, {3}, {1}], [{8, 6}, {5, 7}, {3, 4}, {1, 2}], [{8, 6}, {5, 7}, {3, 4}, {2}, {1}], [{8, 6}, {5, 7}, {4}, {2, 3}, {1}], [{8, 6}, {7}, {2, 5}, {3, 4}, {1}], [{8, 7}, {1, 6}, {2, 5}, {3, 4}], [{8, 7}, {1, 6}, {3, 5}, {2, 4}], [{8, 7}, {1, 6}, {4, 5}, {2, 3}], [{8, 7}, {1, 6}, {5}, {3, 4}, {2}], [{8, 7}, {2, 6}, {1, 5}, {3, 4}], [{8, 7}, {2, 6}, {3, 5}, {1, 4}], [{8, 7}, {2, 6}, {4, 5}, {1, 3}], [{8, 7}, {2, 6}, {5}, {4}, {1, 3}], [{8, 7}, {3, 6}, {1, 5}, {2, 4}], [{8, 7}, {3, 6}, {2, 5}, {1, 4}], [{8, 7}, {3, 6}, {4, 5}, {1, 2}], [{8, 7}, {3, 6}, {5}, {1, 4}, {2}], [{8, 7}, {4, 6}, {1, 5}, {2, 3}], [{8, 7}, {4, 6}, {2, 5}, {1, 3}], [{8, 7}, {4, 6}, {3, 5}, {1, 2}], [{8, 7}, {4, 6}, {5}, {1, 3}, {2}], [{8, 7}, {5, 6}, {1, 4}, {2, 3}], [{8, 7}, {5, 6}, {2, 4}, {1, 3}], [{8, 7}, {5, 6}, {3, 4}, {1, 2}], [{8, 7}, {5, 6}, {4}, {1, 3}, {2}], [{8, 7}, {6}, {1, 5}, {2, 4}, {3}], [{8, 7}, {6}, {2, 5}, {4}, {1, 3}], [{8, 7}, {6}, {3, 5}, {2, 4}, {1}], [{8, 7}, {6}, {4, 5}, {1, 3}, {2}], [{8, 7}, {6}, {4, 5}, {2, 3}, {1}], [{8, 7}, {6}, {4, 5}, {3}, {1, 2}], [{8, 7}, {6}, {5}, {2, 4}, {1, 3}], [{8, 7}, {6}, {5}, {4}, {1, 3}, {2}], [{8}, {1, 7}, {2, 6}, {3, 5}, {4}], [{8}, {1, 7}, {3, 6}, {4, 5}, {2}], [{8}, {1, 7}, {4, 6}, {3, 5}, {2}], [{8}, {1, 7}, {5, 6}, {3, 4}, {2}], [{8}, {1, 7}, {6}, {3, 5}, {2, 4}], [{8}, {1, 7}, {6}, {3, 5}, {4}, {2}], [{8}, {2, 7}, {3, 6}, {5}, {1, 4}], [{8}, {2, 7}, {5, 6}, {3, 4}, {1}], [{8}, {3, 7}, {6}, {1, 5}, {2, 4}], [{8}, {4, 7}, {3, 6}, {2, 5}, {1}], [{8}, {5, 7}, {1, 6}, {2, 4}, {3}], [{8}, {5, 7}, {2, 6}, {3, 4}, {1}], [{8}, {5, 7}, {3, 6}, {2, 4}, {1}], [{8}, {5, 7}, {4, 6}, {2, 3}, {1}], [{8}, {5, 7}, {6}, {2, 4}, {1, 3}], [{8}, {5, 7}, {6}, {2, 4}, {3}, {1}], [{8}, {6, 7}, {2, 5}, {1, 4}, {3}], [{8}, {7}, {5, 6}, {3, 4}, {1, 2}]]",2,8 K_1^3 - 20 K_1^2 - 16 K_1 K_2 + 2 K_1 + 10 K_2 + 6 K_3 + 11,O1O2O3U4O5U1U3U6O4O7U2O8U5U8O6U7,O1O2O3U4O5U2U6U3O7U1O8O4U8O6U7U5,O1O2O3U4U5O6U7O8O7U3O5U1U6U2O4U8,c,{'O1O2O3U4O5U6U7O6U2O4O8U5U1U3O7U8'},1,"<a href=""/flatknot/8.1101664"">8.1101664</a>",t^9-36t^7-90t^6-2t^5+114t^4+11t^3-38t^2+3t,-2t^2+4t,,
8.1101665,O1O2O3U4O5U6U7O6U2O4O8U5U1U8O7U3,4,z^3+22z^2+104z+129,w^4z^3+22w^3z^2+104w^2z+129w,False,False,"[[ 0 -1  0  2 -1  0 -1 -1  2],[ 1  0  0  2  1  0  1  0  2],[ 0  0  0  0  0  0  0  1  1],[-2 -2  0  0 -2 -1 -3 -1  1],[ 1 -1  0  2  0  0  0 -1  1],[ 0  0  0  1  0  0  0  0  1],[ 1 -1  0  3  0  0  0 -1  2],[ 1  0 -1  1  1  0  1  0  2],[-2 -2 -1 -1 -1 -1 -2 -2  0]]","[[ 0  2  2  0  0 -1 -1 -1 -1],[-2  0  1  0 -1 -1 -2 -2 -3],[-2 -1  0 -1 -1 -2 -1 -2 -2],[ 0  0  1  0  0  1  0  0  0],[ 0  1  1  0  0  0  0  0  0],[ 1  1  2 -1  0  0  1  0  1],[ 1  2  1  0  0 -1  0 -1  0],[ 1  2  2  0  0  0  1  0  1],[ 1  3  2  0  0 -1  0 -1  0]]",True,"[-2,-2,0,0,1,1,1,1,-1,0,1,1,2,2,3,1,1,2,1,2,2,0,-1,0,0,0,0,0,0,0,-1,0,-1,1,0,-1]","[-2,-2,0,0,1,1,1,1,-1,0,1,1,2,2,3,1,1,2,1,2,2,0,-1,0,0,0,0,0,0,0,-1,0,-1,1,0,-1]",t^8+40t^6+143t^4+20t^2,"[-1,-1,-1,-1,0,0,2,2,-1,-1,0,1,1,1,1,0,1,1,1,0,1,1,1,1,1,2,1,2,2,1,0,1,1,2,1,-1]","[-2,-2,0,0,1,1,1,1,-1,1,1,1,1,1,2,1,2,0,1,2,1,0,1,1,1,1,1,1,2,1,-1,-1,0,0,1,1]","[-1,-1,-1,-1,0,0,2,2,-1,-1,0,0,0,1,2,0,1,-1,0,2,1,1,0,0,2,2,0,0,2,3,0,1,0,1,1,-1]",c,"[[{8, 1}, {2, 7}, {3, 6}, {4, 5}], [{8, 1}, {2, 7}, {4, 6}, {3, 5}], [{8, 1}, {2, 7}, {5, 6}, {3, 4}], [{8, 1}, {2, 7}, {6}, {4, 5}, {3}], [{8, 1}, {3, 7}, {2, 6}, {4, 5}], [{8, 1}, {3, 7}, {2, 6}, {5}, {4}], [{8, 1}, {3, 7}, {4, 6}, {2, 5}], [{8, 1}, {3, 7}, {4, 6}, {5}, {2}], [{8, 1}, {3, 7}, {5, 6}, {2, 4}], [{8, 1}, {3, 7}, {5, 6}, {4}, {2}], [{8, 1}, {3, 7}, {6}, {2, 5}, {4}], [{8, 1}, {3, 7}, {6}, {4, 5}, {2}], [{8, 1}, {3, 7}, {6}, {5}, {2, 4}], [{8, 1}, {3, 7}, {6}, {5}, {4}, {2}], [{8, 1}, {4, 7}, {2, 6}, {3, 5}], [{8, 1}, {4, 7}, {3, 6}, {2, 5}], [{8, 1}, {4, 7}, {5, 6}, {2, 3}], [{8, 1}, {5, 7}, {2, 6}, {3, 4}], [{8, 1}, {5, 7}, {3, 6}, {2, 4}], [{8, 1}, {5, 7}, {3, 6}, {4}, {2}], [{8, 1}, {5, 7}, {4, 6}, {2, 3}], [{8, 1}, {6, 7}, {2, 5}, {3, 4}], [{8, 1}, {6, 7}, {3, 5}, {2, 4}], [{8, 1}, {6, 7}, {3, 5}, {4}, {2}], [{8, 1}, {6, 7}, {4, 5}, {2, 3}], [{8, 1}, {7}, {6}, {4, 5}, {2, 3}], [{8, 2}, {1, 7}, {3, 6}, {4, 5}], [{8, 2}, {1, 7}, {4, 6}, {3, 5}], [{8, 2}, {1, 7}, {5, 6}, {3, 4}], [{8, 2}, {1, 7}, {6}, {4, 5}, {3}], [{8, 2}, {3, 7}, {1, 6}, {4, 5}], [{8, 2}, {3, 7}, {4, 6}, {1, 5}], [{8, 2}, {3, 7}, {5, 6}, {1, 4}], [{8, 2}, {3, 7}, {6}, {4, 5}, {1}], [{8, 2}, {4, 7}, {1, 6}, {3, 5}], [{8, 2}, {4, 7}, {1, 6}, {5}, {3}], [{8, 2}, {4, 7}, {3, 6}, {1, 5}], [{8, 2}, {4, 7}, {5, 6}, {1, 3}], [{8, 2}, {5, 7}, {1, 6}, {3, 4}], [{8, 2}, {5, 7}, {3, 6}, {1, 4}], [{8, 2}, {5, 7}, {3, 6}, {4}, {1}], [{8, 2}, {5, 7}, {4, 6}, {1, 3}], [{8, 2}, {5, 7}, {4, 6}, {3}, {1}], [{8, 2}, {5, 7}, {6}, {3, 4}, {1}], [{8, 2}, {6, 7}, {1, 5}, {3, 4}], [{8, 2}, {6, 7}, {3, 5}, {1, 4}], [{8, 2}, {6, 7}, {3, 5}, {4}, {1}], [{8, 2}, {6, 7}, {4, 5}, {1, 3}], [{8, 2}, {6, 7}, {5}, {1, 4}, {3}], [{8, 2}, {7}, {6}, {3, 5}, {1, 4}], [{8, 2}, {7}, {6}, {4, 5}, {1, 3}], [{8, 3}, {1, 7}, {2, 6}, {4, 5}], [{8, 3}, {1, 7}, {4, 6}, {2, 5}], [{8, 3}, {1, 7}, {5, 6}, {2, 4}], [{8, 3}, {1, 7}, {6}, {4, 5}, {2}], [{8, 3}, {2, 7}, {1, 6}, {4, 5}], [{8, 3}, {2, 7}, {1, 6}, {5}, {4}], [{8, 3}, {2, 7}, {4, 6}, {1, 5}], [{8, 3}, {2, 7}, {4, 6}, {5}, {1}], [{8, 3}, {2, 7}, {5, 6}, {1, 4}], [{8, 3}, {2, 7}, {5, 6}, {4}, {1}], [{8, 3}, {2, 7}, {6}, {1, 5}, {4}], [{8, 3}, {2, 7}, {6}, {4, 5}, {1}], [{8, 3}, {2, 7}, {6}, {5}, {1, 4}], [{8, 3}, {2, 7}, {6}, {5}, {4}, {1}], [{8, 3}, {4, 7}, {1, 6}, {2, 5}], [{8, 3}, {4, 7}, {2, 6}, {1, 5}], [{8, 3}, {4, 7}, {5, 6}, {1, 2}], [{8, 3}, {5, 7}, {1, 6}, {2, 4}], [{8, 3}, {5, 7}, {2, 6}, {1, 4}], [{8, 3}, {5, 7}, {4, 6}, {1, 2}], [{8, 3}, {6, 7}, {1, 5}, {2, 4}], [{8, 3}, {6, 7}, {2, 5}, {1, 4}], [{8, 3}, {6, 7}, {4, 5}, {1, 2}], [{8, 3}, {7}, {6}, {4, 5}, {1, 2}], [{8, 4}, {1, 7}, {2, 6}, {3, 5}], [{8, 4}, {1, 7}, {3, 6}, {2, 5}], [{8, 4}, {1, 7}, {5, 6}, {2, 3}], [{8, 4}, {1, 7}, {5, 6}, {3}, {2}], [{8, 4}, {2, 7}, {1, 6}, {3, 5}], [{8, 4}, {2, 7}, {3, 6}, {1, 5}], [{8, 4}, {2, 7}, {5, 6}, {1, 3}], [{8, 4}, {3, 7}, {1, 6}, {2, 5}], [{8, 4}, {3, 7}, {1, 6}, {5}, {2}], [{8, 4}, {3, 7}, {2, 6}, {1, 5}], [{8, 4}, {3, 7}, {5, 6}, {1, 2}], [{8, 4}, {5, 7}, {1, 6}, {2, 3}], [{8, 4}, {5, 7}, {2, 6}, {1, 3}], [{8, 4}, {5, 7}, {3, 6}, {1, 2}], [{8, 4}, {5, 7}, {6}, {3}, {1, 2}], [{8, 4}, {6, 7}, {1, 5}, {2, 3}], [{8, 4}, {6, 7}, {1, 5}, {3}, {2}], [{8, 4}, {6, 7}, {2, 5}, {1, 3}], [{8, 4}, {6, 7}, {3, 5}, {1, 2}], [{8, 4}, {7}, {3, 6}, {5}, {1, 2}], [{8, 4}, {7}, {6}, {2, 5}, {1, 3}], [{8, 5}, {1, 7}, {2, 6}, {3, 4}], [{8, 5}, {1, 7}, {3, 6}, {2, 4}], [{8, 5}, {1, 7}, {4, 6}, {2, 3}], [{8, 5}, {1, 7}, {4, 6}, {3}, {2}], [{8, 5}, {2, 7}, {1, 6}, {3, 4}], [{8, 5}, {2, 7}, {3, 6}, {1, 4}], [{8, 5}, {2, 7}, {4, 6}, {1, 3}], [{8, 5}, {2, 7}, {6}, {1, 4}, {3}], [{8, 5}, {3, 7}, {1, 6}, {2, 4}], [{8, 5}, {3, 7}, {2, 6}, {1, 4}], [{8, 5}, {3, 7}, {4, 6}, {1, 2}], [{8, 5}, {3, 7}, {6}, {2, 4}, {1}], [{8, 5}, {4, 7}, {1, 6}, {2, 3}], [{8, 5}, {4, 7}, {2, 6}, {1, 3}], [{8, 5}, {4, 7}, {2, 6}, {3}, {1}], [{8, 5}, {4, 7}, {3, 6}, {1, 2}], [{8, 5}, {6, 7}, {1, 4}, {2, 3}], [{8, 5}, {6, 7}, {2, 4}, {1, 3}], [{8, 5}, {6, 7}, {2, 4}, {3}, {1}], [{8, 5}, {6, 7}, {3, 4}, {1, 2}], [{8, 5}, {7}, {2, 6}, {4}, {1, 3}], [{8, 5}, {7}, {3, 6}, {2, 4}, {1}], [{8, 6}, {1, 7}, {2, 5}, {3, 4}], [{8, 6}, {1, 7}, {3, 5}, {2, 4}], [{8, 6}, {1, 7}, {4, 5}, {2, 3}], [{8, 6}, {1, 7}, {4, 5}, {3}, {2}], [{8, 6}, {2, 7}, {1, 5}, {3, 4}], [{8, 6}, {2, 7}, {3, 5}, {1, 4}], [{8, 6}, {2, 7}, {4, 5}, {1, 3}], [{8, 6}, {3, 7}, {1, 5}, {2, 4}], [{8, 6}, {3, 7}, {2, 5}, {1, 4}], [{8, 6}, {3, 7}, {4, 5}, {1, 2}], [{8, 6}, {3, 7}, {5}, {1, 4}, {2}], [{8, 6}, {4, 7}, {1, 5}, {2, 3}], [{8, 6}, {4, 7}, {2, 5}, {1, 3}], [{8, 6}, {4, 7}, {3, 5}, {1, 2}], [{8, 6}, {4, 7}, {3, 5}, {2}, {1}], [{8, 6}, {5, 7}, {1, 4}, {2, 3}], [{8, 6}, {5, 7}, {2, 4}, {1, 3}], [{8, 6}, {5, 7}, {3, 4}, {1, 2}], [{8, 6}, {7}, {2, 5}, {4}, {1, 3}], [{8, 6}, {7}, {5}, {3, 4}, {1, 2}], [{8, 7}, {1, 6}, {2, 5}, {3, 4}], [{8, 7}, {1, 6}, {3, 5}, {2, 4}], [{8, 7}, {1, 6}, {4, 5}, {2, 3}], [{8, 7}, {2, 6}, {1, 5}, {3, 4}], [{8, 7}, {2, 6}, {3, 5}, {1, 4}], [{8, 7}, {2, 6}, {4, 5}, {1, 3}], [{8, 7}, {3, 6}, {1, 5}, {2, 4}], [{8, 7}, {3, 6}, {2, 5}, {1, 4}], [{8, 7}, {3, 6}, {4, 5}, {1, 2}], [{8, 7}, {4, 6}, {1, 5}, {2, 3}], [{8, 7}, {4, 6}, {2, 5}, {1, 3}], [{8, 7}, {4, 6}, {3, 5}, {1, 2}], [{8, 7}, {5, 6}, {1, 4}, {2, 3}], [{8, 7}, {5, 6}, {2, 4}, {1, 3}], [{8, 7}, {5, 6}, {3, 4}, {1, 2}], [{8, 7}, {5, 6}, {3, 4}, {2}, {1}], [{8, 7}, {6}, {3, 5}, {1, 4}, {2}], [{8, 7}, {6}, {4, 5}, {1, 3}, {2}], [{8, 7}, {6}, {4, 5}, {2, 3}, {1}], [{8, 7}, {6}, {4, 5}, {3}, {1, 2}], [{8}, {1, 7}, {2, 6}, {3, 5}, {4}], [{8}, {1, 7}, {2, 6}, {4, 5}, {3}], [{8}, {1, 7}, {2, 6}, {5}, {3, 4}], [{8}, {1, 7}, {3, 6}, {2, 5}, {4}], [{8}, {1, 7}, {3, 6}, {4, 5}, {2}], [{8}, {1, 7}, {3, 6}, {5}, {2, 4}], [{8}, {1, 7}, {6}, {4, 5}, {2, 3}], [{8}, {1, 7}, {6}, {4, 5}, {3}, {2}], [{8}, {2, 7}, {6}, {3, 5}, {1, 4}], [{8}, {2, 7}, {6}, {4, 5}, {1, 3}], [{8}, {3, 7}, {6}, {1, 5}, {2, 4}], [{8}, {3, 7}, {6}, {4, 5}, {1, 2}], [{8}, {5, 7}, {3, 6}, {4}, {1, 2}], [{8}, {5, 7}, {6}, {1, 4}, {2, 3}], [{8}, {6, 7}, {3, 5}, {4}, {1, 2}], [{8}, {7}, {4, 6}, {2, 5}, {1, 3}]]",2,8 K_1^3 - 24 K_1^2 - 16 K_1 K_2 + 2 K_1 + 12 K_2 + 6 K_3 + 13,O1O2O3U1O4U5U3U6O5O7U2O8U4U8O6U7,O1O2O3U4O5U2U6U5O7U1O8O4U8O6U7U3,O1O2O3U1U4O5U6O7O6U3O4U8U5U2O8U7,c,{'O1O2O3U4O5U6U7O6U2O4O8U5U1U8O7U3'},1,"<a href=""/flatknot/8.1101665"">8.1101665</a>",t^9-36t^7-88t^6+21t^5+168t^4+62t^3-48t^2-21t,-2t^2+4t,,
8.1101666,O1O2O3U4O5U6U7O6U2O4O8U5U3U1O7U8,4,z^3+19z^2+97z+127,w^4z^3+19w^3z^2+97w^2z+127w,False,False,"[[ 0  0  0  1 -1  0 -1 -1  2],[ 0  0 -1  1  0  0  0 -1  2],[ 0  1  0  1  0  0  0  0  1],[-1 -1 -1  0  0 -1 -1  0  1],[ 1  0  0  0  0  0  0 -1  2],[ 0  0  0  1  0  0  0  1  0],[ 1  0  0  1  0  0  0 -1  3],[ 1  1  0  0  1 -1  1  0  2],[-2 -2 -1 -1 -2  0 -3 -2  0]]","[[ 0  2  1  0  0  0 -1 -1 -1],[-2  0 -1  0 -1 -2 -2 -2 -3],[-1  1  0 -1 -1 -1  0  0 -1],[ 0  0  1  0  0  0  1  0  0],[ 0  1  1  0  0  1  0  0  0],[ 0  2  1  0 -1  0 -1  0  0],[ 1  2  0 -1  0  1  0  1  1],[ 1  2  0  0  0  0 -1  0  0],[ 1  3  1  0  0  0 -1  0  0]]",True,"[-2,-1,0,0,0,1,1,1,1,0,1,2,2,2,3,1,1,1,0,0,1,0,0,-1,0,0,-1,0,0,0,1,0,0,-1,-1,0]","[-2,-1,0,0,0,1,1,1,0,0,1,2,0,1,1,0,0,0,1,2,2,-1,0,1,0,1,0,1,1,1,1,2,1,-1,0,1]",t^8+32t^6+115t^4+70t^2+1,"[-1,-1,-1,0,0,0,1,2,-1,-1,0,1,2,2,1,0,1,1,1,1,0,1,1,1,2,1,1,0,0,0,0,0,1,0,2,0]","[-2,-1,0,0,0,1,1,1,0,0,1,2,0,1,1,0,0,0,1,2,2,-1,0,1,0,1,0,1,1,1,1,2,1,-1,0,1]","[-1,-1,-1,0,0,0,1,2,-1,0,0,0,0,0,2,1,-1,0,1,0,2,0,0,0,1,3,0,0,1,0,1,1,1,1,2,1]",c,"[[{8, 1}, {2, 7}, {3, 6}, {4, 5}], [{8, 1}, {2, 7}, {4, 6}, {3, 5}], [{8, 1}, {2, 7}, {5, 6}, {3, 4}], [{8, 1}, {2, 7}, {6}, {4, 5}, {3}], [{8, 1}, {3, 7}, {2, 6}, {4, 5}], [{8, 1}, {3, 7}, {4, 6}, {2, 5}], [{8, 1}, {3, 7}, {5, 6}, {2, 4}], [{8, 1}, {4, 7}, {2, 6}, {3, 5}], [{8, 1}, {4, 7}, {3, 6}, {2, 5}], [{8, 1}, {4, 7}, {5, 6}, {2, 3}], [{8, 1}, {5, 7}, {2, 6}, {3, 4}], [{8, 1}, {5, 7}, {2, 6}, {4}, {3}], [{8, 1}, {5, 7}, {3, 6}, {2, 4}], [{8, 1}, {5, 7}, {4, 6}, {2, 3}], [{8, 1}, {5, 7}, {6}, {3, 4}, {2}], [{8, 1}, {6, 7}, {2, 5}, {3, 4}], [{8, 1}, {6, 7}, {3, 5}, {2, 4}], [{8, 1}, {6, 7}, {4, 5}, {2, 3}], [{8, 1}, {6, 7}, {5}, {4}, {2, 3}], [{8, 1}, {7}, {3, 6}, {5}, {2, 4}], [{8, 2}, {1, 7}, {3, 6}, {4, 5}], [{8, 2}, {1, 7}, {3, 6}, {5}, {4}], [{8, 2}, {1, 7}, {4, 6}, {3, 5}], [{8, 2}, {1, 7}, {5, 6}, {3, 4}], [{8, 2}, {1, 7}, {6}, {4, 5}, {3}], [{8, 2}, {3, 7}, {1, 6}, {4, 5}], [{8, 2}, {3, 7}, {4, 6}, {1, 5}], [{8, 2}, {3, 7}, {5, 6}, {1, 4}], [{8, 2}, {3, 7}, {6}, {5}, {1, 4}], [{8, 2}, {4, 7}, {1, 6}, {3, 5}], [{8, 2}, {4, 7}, {1, 6}, {5}, {3}], [{8, 2}, {4, 7}, {3, 6}, {1, 5}], [{8, 2}, {4, 7}, {5, 6}, {1, 3}], [{8, 2}, {5, 7}, {1, 6}, {3, 4}], [{8, 2}, {5, 7}, {3, 6}, {1, 4}], [{8, 2}, {5, 7}, {4, 6}, {1, 3}], [{8, 2}, {5, 7}, {6}, {3, 4}, {1}], [{8, 2}, {6, 7}, {1, 5}, {3, 4}], [{8, 2}, {6, 7}, {3, 5}, {1, 4}], [{8, 2}, {6, 7}, {4, 5}, {1, 3}], [{8, 2}, {6, 7}, {5}, {4}, {1, 3}], [{8, 3}, {1, 7}, {2, 6}, {4, 5}], [{8, 3}, {1, 7}, {4, 6}, {2, 5}], [{8, 3}, {1, 7}, {5, 6}, {2, 4}], [{8, 3}, {2, 7}, {1, 6}, {4, 5}], [{8, 3}, {2, 7}, {4, 6}, {1, 5}], [{8, 3}, {2, 7}, {5, 6}, {1, 4}], [{8, 3}, {4, 7}, {1, 6}, {2, 5}], [{8, 3}, {4, 7}, {2, 6}, {1, 5}], [{8, 3}, {4, 7}, {5, 6}, {1, 2}], [{8, 3}, {5, 7}, {1, 6}, {2, 4}], [{8, 3}, {5, 7}, {2, 6}, {1, 4}], [{8, 3}, {5, 7}, {2, 6}, {4}, {1}], [{8, 3}, {5, 7}, {4, 6}, {1, 2}], [{8, 3}, {5, 7}, {6}, {1, 4}, {2}], [{8, 3}, {6, 7}, {1, 5}, {2, 4}], [{8, 3}, {6, 7}, {2, 5}, {1, 4}], [{8, 3}, {6, 7}, {4, 5}, {1, 2}], [{8, 3}, {7}, {1, 6}, {5}, {2, 4}], [{8, 4}, {1, 7}, {2, 6}, {3, 5}], [{8, 4}, {1, 7}, {3, 6}, {2, 5}], [{8, 4}, {1, 7}, {5, 6}, {2, 3}], [{8, 4}, {1, 7}, {6}, {3, 5}, {2}], [{8, 4}, {2, 7}, {1, 6}, {3, 5}], [{8, 4}, {2, 7}, {3, 6}, {1, 5}], [{8, 4}, {2, 7}, {5, 6}, {1, 3}], [{8, 4}, {3, 7}, {1, 6}, {2, 5}], [{8, 4}, {3, 7}, {2, 6}, {1, 5}], [{8, 4}, {3, 7}, {5, 6}, {1, 2}], [{8, 4}, {3, 7}, {5, 6}, {2}, {1}], [{8, 4}, {5, 7}, {1, 6}, {2, 3}], [{8, 4}, {5, 7}, {2, 6}, {1, 3}], [{8, 4}, {5, 7}, {2, 6}, {3}, {1}], [{8, 4}, {5, 7}, {3, 6}, {1, 2}], [{8, 4}, {5, 7}, {6}, {1, 3}, {2}], [{8, 4}, {6, 7}, {1, 5}, {2, 3}], [{8, 4}, {6, 7}, {2, 5}, {1, 3}], [{8, 4}, {6, 7}, {3, 5}, {1, 2}], [{8, 4}, {7}, {1, 6}, {2, 5}, {3}], [{8, 4}, {7}, {3, 6}, {5}, {1, 2}], [{8, 5}, {1, 7}, {2, 6}, {3, 4}], [{8, 5}, {1, 7}, {2, 6}, {4}, {3}], [{8, 5}, {1, 7}, {3, 6}, {2, 4}], [{8, 5}, {1, 7}, {4, 6}, {2, 3}], [{8, 5}, {2, 7}, {1, 6}, {3, 4}], [{8, 5}, {2, 7}, {3, 6}, {1, 4}], [{8, 5}, {2, 7}, {4, 6}, {1, 3}], [{8, 5}, {3, 7}, {1, 6}, {2, 4}], [{8, 5}, {3, 7}, {2, 6}, {1, 4}], [{8, 5}, {3, 7}, {4, 6}, {1, 2}], [{8, 5}, {3, 7}, {4, 6}, {2}, {1}], [{8, 5}, {4, 7}, {1, 6}, {2, 3}], [{8, 5}, {4, 7}, {2, 6}, {1, 3}], [{8, 5}, {4, 7}, {2, 6}, {3}, {1}], [{8, 5}, {4, 7}, {3, 6}, {1, 2}], [{8, 5}, {6, 7}, {1, 4}, {2, 3}], [{8, 5}, {6, 7}, {2, 4}, {1, 3}], [{8, 5}, {6, 7}, {3, 4}, {1, 2}], [{8, 5}, {6, 7}, {3, 4}, {2}, {1}], [{8, 5}, {6, 7}, {4}, {3}, {1, 2}], [{8, 5}, {7}, {1, 6}, {2, 4}, {3}], [{8, 5}, {7}, {2, 6}, {1, 4}, {3}], [{8, 5}, {7}, {3, 6}, {2, 4}, {1}], [{8, 5}, {7}, {6}, {2, 4}, {1, 3}], [{8, 5}, {7}, {6}, {3, 4}, {1, 2}], [{8, 6}, {1, 7}, {2, 5}, {3, 4}], [{8, 6}, {1, 7}, {3, 5}, {2, 4}], [{8, 6}, {1, 7}, {4, 5}, {2, 3}], [{8, 6}, {1, 7}, {5}, {2, 4}, {3}], [{8, 6}, {2, 7}, {1, 5}, {3, 4}], [{8, 6}, {2, 7}, {3, 5}, {1, 4}], [{8, 6}, {2, 7}, {4, 5}, {1, 3}], [{8, 6}, {2, 7}, {5}, {1, 4}, {3}], [{8, 6}, {3, 7}, {1, 5}, {2, 4}], [{8, 6}, {3, 7}, {2, 5}, {1, 4}], [{8, 6}, {3, 7}, {4, 5}, {1, 2}], [{8, 6}, {3, 7}, {4, 5}, {2}, {1}], [{8, 6}, {4, 7}, {1, 5}, {2, 3}], [{8, 6}, {4, 7}, {2, 5}, {1, 3}], [{8, 6}, {4, 7}, {3, 5}, {1, 2}], [{8, 6}, {5, 7}, {1, 4}, {2, 3}], [{8, 6}, {5, 7}, {2, 4}, {1, 3}], [{8, 6}, {5, 7}, {3, 4}, {1, 2}], [{8, 6}, {5, 7}, {3, 4}, {2}, {1}], [{8, 6}, {5, 7}, {4}, {3}, {1, 2}], [{8, 6}, {7}, {1, 5}, {4}, {2, 3}], [{8, 6}, {7}, {2, 5}, {4}, {1, 3}], [{8, 6}, {7}, {5}, {3, 4}, {1, 2}], [{8, 7}, {1, 6}, {2, 5}, {3, 4}], [{8, 7}, {1, 6}, {3, 5}, {2, 4}], [{8, 7}, {1, 6}, {4, 5}, {2, 3}], [{8, 7}, {1, 6}, {5}, {2, 4}, {3}], [{8, 7}, {2, 6}, {1, 5}, {3, 4}], [{8, 7}, {2, 6}, {3, 5}, {1, 4}], [{8, 7}, {2, 6}, {4, 5}, {1, 3}], [{8, 7}, {2, 6}, {5}, {1, 4}, {3}], [{8, 7}, {3, 6}, {1, 5}, {2, 4}], [{8, 7}, {3, 6}, {2, 5}, {1, 4}], [{8, 7}, {3, 6}, {4, 5}, {1, 2}], [{8, 7}, {3, 6}, {5}, {4}, {1, 2}], [{8, 7}, {4, 6}, {1, 5}, {2, 3}], [{8, 7}, {4, 6}, {2, 5}, {1, 3}], [{8, 7}, {4, 6}, {3, 5}, {1, 2}], [{8, 7}, {4, 6}, {5}, {3}, {1, 2}], [{8, 7}, {5, 6}, {1, 4}, {2, 3}], [{8, 7}, {5, 6}, {2, 4}, {1, 3}], [{8, 7}, {5, 6}, {3, 4}, {1, 2}], [{8, 7}, {5, 6}, {3, 4}, {2}, {1}], [{8, 7}, {5, 6}, {4}, {3}, {1, 2}], [{8, 7}, {6}, {3, 5}, {4}, {1, 2}], [{8, 7}, {6}, {4, 5}, {1, 3}, {2}], [{8, 7}, {6}, {4, 5}, {2, 3}, {1}], [{8, 7}, {6}, {4, 5}, {3}, {1, 2}], [{8, 7}, {6}, {5}, {3, 4}, {1, 2}], [{8, 7}, {6}, {5}, {4}, {3}, {1, 2}], [{8}, {1, 7}, {4, 6}, {5}, {2, 3}], [{8}, {3, 7}, {1, 6}, {5}, {2, 4}], [{8}, {4, 7}, {3, 6}, {5}, {1, 2}], [{8}, {5, 7}, {1, 6}, {2, 4}, {3}], [{8}, {5, 7}, {1, 6}, {3, 4}, {2}], [{8}, {5, 7}, {1, 6}, {4}, {2, 3}], [{8}, {5, 7}, {2, 6}, {1, 4}, {3}], [{8}, {5, 7}, {2, 6}, {3, 4}, {1}], [{8}, {5, 7}, {2, 6}, {4}, {1, 3}], [{8}, {5, 7}, {6}, {3, 4}, {1, 2}], [{8}, {5, 7}, {6}, {3, 4}, {2}, {1}], [{8}, {6, 7}, {5}, {3, 4}, {1, 2}], [{8}, {7}, {1, 6}, {3, 5}, {2, 4}], [{8}, {7}, {3, 6}, {1, 5}, {2, 4}], [{8}, {7}, {5, 6}, {3, 4}, {1, 2}]]",2,8 K_1^3 - 18 K_1^2 - 8 K_1 K_2 - 2 K_1 + 9 K_2 + 2 K_3 + 10,O1O2O3U4O5U3U1U6O4O7U2O8U5U8O6U7,O1O2O3U4O5U3U6U2O7U1O8O4U8O6U7U5,O1O2O3U4U5O6U7O8O7U3O5U2U6U1O4U8,c,{'O1O2O3U4O5U6U7O6U2O4O8U5U3U1O7U8'},1,"<a href=""/flatknot/8.1101666"">8.1101666</a>",t^9-30t^7-46t^6+86t^5+148t^4+13t^3-54t^2-21t+4,-t^2+2t,,
8.1101667,O1O2O3U4O5U6U7O6U2O4O8U5U8U1O7U3,4,18z^2+103z+135,18w^3z^2+103w^2z+135w,False,False,"[[ 0  0  0  2 -1  0 -1 -1  1],[ 0  0  0  1  0 -1  0  0  1],[ 0  0  0  0  0  0  0  1  1],[-2 -1  0  0 -2 -1 -3 -1  1],[ 1  0  0  2  0  0  0 -1  0],[ 0  1  0  1  0  0  0  0  1],[ 1  0  0  3  0  0  0 -1  1],[ 1  0 -1  1  1  0  1  0  1],[-1 -1 -1 -1  0 -1 -1 -1  0]]","[[ 0  2  1  0  0  0 -1 -1 -1],[-2  0  1  0 -1 -1 -1 -2 -3],[-1 -1  0 -1 -1 -1 -1  0 -1],[ 0  0  1  0  0  0  1  0  0],[ 0  1  1  0  0  1  0  0  0],[ 0  1  1  0 -1  0  0  0  0],[ 1  1  1 -1  0  0  0  1  1],[ 1  2  0  0  0  0 -1  0  0],[ 1  3  1  0  0  0 -1  0  0]]",True,"[-2,-1,0,0,0,1,1,1,-1,0,1,1,1,2,3,1,1,1,1,0,1,0,0,-1,0,0,-1,0,0,0,0,0,0,-1,-1,0]","[-2,-1,0,0,0,1,1,1,-1,0,1,1,1,2,3,1,1,1,1,0,1,0,0,-1,0,0,-1,0,0,0,0,0,0,-1,-1,0]",t^8+26t^6+110t^4+64t^2+1,"[-1,-1,-1,0,0,0,1,2,-1,-1,1,1,2,1,2,0,1,1,1,1,0,1,1,1,2,1,-1,0,0,1,0,0,1,0,2,2]","[-2,-1,0,0,0,1,1,1,2,1,1,2,0,1,2,0,0,0,1,2,1,-1,0,1,1,1,0,1,1,1,1,1,2,0,-1,-1]","[-1,-1,-1,0,0,0,1,2,-1,0,0,0,0,0,2,1,-1,0,0,1,1,0,0,0,1,3,0,0,1,0,-1,1,1,1,1,-1]",c,"[[{8, 2}, {1, 7}, {3, 6}, {4, 5}], [{8, 2}, {3, 7}, {1, 6}, {4, 5}], [{8, 5}, {6, 7}, {2, 4}, {1, 3}]]",1,8 K_1^3 - 26 K_1^2 - 8 K_1 K_2 - 2 K_1 + 13 K_2 + 2 K_3 + 14,O1O2O3U1O4U3U5U6O5O7U2O8U4U8O6U7,O1O2O3U4O5U3U6U5O7U1O8O4U8O6U7U2,O1O2O3U2U4O5U6O7O6U3O4U8U5U1O8U7,c,{'O1O2O3U4O5U6U7O6U2O4O8U5U8U1O7U3'},1,"<a href=""/flatknot/8.1101667"">8.1101667</a>",t^9-24t^7-30t^6+77t^5+134t^4-25t^3-116t^2-33t+8,-t^2+2t,,
8.1101668,O1O2O3U4O5U6U7O6U8O4O8U1U2U3O7U5,4,3z^2+24z+37,-2w^5z^3+2w^4z^3-24w^4z^2+27w^3z^2-38w^3z+62w^2z+37w,False,False,"[[ 0 -2  0  2 -1  2 -1 -1  1],[ 2  0  1  2  1  1  2  2  3],[ 0 -1  0  1 -1  0  0  1  1],[-2 -2 -1  0 -3 -1 -2  0 -1],[ 1 -1  1  3  0  4  0 -3  1],[-2 -1  0  1 -4  0 -3 -1 -2],[ 1 -2  0  2  0  3  0 -1  2],[ 1 -2 -1  0  3  1  1  0  2],[-1 -3 -1  1 -1  2 -2 -2  0]]","[[ 0  2  2  1  0 -1 -1 -1 -2],[-2  0  1 -2  0 -1 -3 -4 -1],[-2 -1  0 -1 -1  0 -2 -3 -2],[-1  2  1  0 -1 -2 -2 -1 -3],[ 0  0  1  1  0  1  0 -1 -1],[ 1  1  0  2 -1  0  1  3 -2],[ 1  3  2  2  0 -1  0  0 -2],[ 1  4  3  1  1 -3  0  0 -1],[ 2  1  2  3  1  2  2  1  0]]",True,"[-2,-2,-1,0,1,1,1,2,-1,2,0,1,3,4,1,1,1,0,2,3,2,1,2,2,1,3,-1,0,1,1,-1,-3,2,0,2,1]","[-2,-2,-1,0,1,1,1,2,-1,0,1,0,1,3,2,-1,2,-1,0,2,3,0,1,0,0,0,0,1,2,1,0,-3,0,-1,-1,-1]",t^8+92t^6+1235t^4+332t^2,"[-2,-1,-1,-1,0,1,2,2,-1,-1,0,1,0,2,3,-1,-3,2,0,3,2,0,1,0,1,0,0,1,0,-1,0,1,2,0,-1,1]","[-2,-2,-1,0,1,1,1,2,-1,0,1,0,1,3,2,-1,2,-1,0,2,3,0,1,0,0,0,0,1,2,1,0,-3,0,-1,-1,-1]","[-2,-1,-1,-1,0,1,2,2,1,2,2,1,3,1,2,-3,0,1,1,4,3,1,-1,2,1,0,0,2,3,2,1,0,1,2,1,1]",c,"[[{8, 1}, {2, 7}, {3, 6}, {4, 5}], [{8, 1}, {2, 7}, {4, 6}, {3, 5}], [{8, 1}, {2, 7}, {5, 6}, {3, 4}], [{8, 1}, {3, 7}, {2, 6}, {4, 5}], [{8, 1}, {3, 7}, {4, 6}, {2, 5}], [{8, 1}, {3, 7}, {5, 6}, {2, 4}], [{8, 1}, {4, 7}, {2, 6}, {3, 5}], [{8, 1}, {4, 7}, {3, 6}, {2, 5}], [{8, 1}, {4, 7}, {5, 6}, {2, 3}], [{8, 1}, {4, 7}, {5, 6}, {3}, {2}], [{8, 1}, {4, 7}, {6}, {5}, {2, 3}], [{8, 1}, {5, 7}, {2, 6}, {3, 4}], [{8, 1}, {5, 7}, {3, 6}, {2, 4}], [{8, 1}, {5, 7}, {4, 6}, {2, 3}], [{8, 1}, {5, 7}, {4, 6}, {3}, {2}], [{8, 1}, {6, 7}, {2, 5}, {3, 4}], [{8, 1}, {6, 7}, {3, 5}, {2, 4}], [{8, 1}, {6, 7}, {4, 5}, {2, 3}], [{8, 1}, {6, 7}, {5}, {2, 4}, {3}], [{8, 1}, {6, 7}, {5}, {3, 4}, {2}], [{8, 1}, {6, 7}, {5}, {4}, {2, 3}], [{8, 1}, {7}, {3, 6}, {4, 5}, {2}], [{8, 1}, {7}, {4, 6}, {5}, {2, 3}], [{8, 2}, {1, 7}, {3, 6}, {4, 5}], [{8, 2}, {1, 7}, {4, 6}, {3, 5}], [{8, 2}, {1, 7}, {5, 6}, {3, 4}], [{8, 2}, {3, 7}, {1, 6}, {4, 5}], [{8, 2}, {3, 7}, {4, 6}, {1, 5}], [{8, 2}, {3, 7}, {5, 6}, {1, 4}], [{8, 2}, {3, 7}, {6}, {4, 5}, {1}], [{8, 2}, {4, 7}, {1, 6}, {3, 5}], [{8, 2}, {4, 7}, {3, 6}, {1, 5}], [{8, 2}, {4, 7}, {5, 6}, {1, 3}], [{8, 2}, {4, 7}, {5, 6}, {3}, {1}], [{8, 2}, {5, 7}, {1, 6}, {3, 4}], [{8, 2}, {5, 7}, {3, 6}, {1, 4}], [{8, 2}, {5, 7}, {4, 6}, {1, 3}], [{8, 2}, {5, 7}, {4, 6}, {3}, {1}], [{8, 2}, {5, 7}, {6}, {4}, {1, 3}], [{8, 2}, {6, 7}, {1, 5}, {3, 4}], [{8, 2}, {6, 7}, {3, 5}, {1, 4}], [{8, 2}, {6, 7}, {4, 5}, {1, 3}], [{8, 2}, {7}, {6}, {3, 5}, {1, 4}], [{8, 3}, {1, 7}, {2, 6}, {4, 5}], [{8, 3}, {1, 7}, {4, 6}, {2, 5}], [{8, 3}, {1, 7}, {5, 6}, {2, 4}], [{8, 3}, {2, 7}, {1, 6}, {4, 5}], [{8, 3}, {2, 7}, {4, 6}, {1, 5}], [{8, 3}, {2, 7}, {5, 6}, {1, 4}], [{8, 3}, {4, 7}, {1, 6}, {2, 5}], [{8, 3}, {4, 7}, {2, 6}, {1, 5}], [{8, 3}, {4, 7}, {5, 6}, {1, 2}], [{8, 3}, {4, 7}, {5, 6}, {2}, {1}], [{8, 3}, {5, 7}, {1, 6}, {2, 4}], [{8, 3}, {5, 7}, {2, 6}, {1, 4}], [{8, 3}, {5, 7}, {4, 6}, {1, 2}], [{8, 3}, {5, 7}, {4, 6}, {2}, {1}], [{8, 3}, {6, 7}, {1, 5}, {2, 4}], [{8, 3}, {6, 7}, {2, 5}, {1, 4}], [{8, 3}, {6, 7}, {4, 5}, {1, 2}], [{8, 3}, {7}, {1, 6}, {5}, {2, 4}], [{8, 3}, {7}, {2, 6}, {5}, {1, 4}], [{8, 4}, {1, 7}, {2, 6}, {3, 5}], [{8, 4}, {1, 7}, {3, 6}, {2, 5}], [{8, 4}, {1, 7}, {3, 6}, {5}, {2}], [{8, 4}, {1, 7}, {5, 6}, {2, 3}], [{8, 4}, {2, 7}, {1, 6}, {3, 5}], [{8, 4}, {2, 7}, {3, 6}, {1, 5}], [{8, 4}, {2, 7}, {5, 6}, {1, 3}], [{8, 4}, {3, 7}, {1, 6}, {2, 5}], [{8, 4}, {3, 7}, {2, 6}, {1, 5}], [{8, 4}, {3, 7}, {5, 6}, {1, 2}], [{8, 4}, {5, 7}, {1, 6}, {2, 3}], [{8, 4}, {5, 7}, {2, 6}, {1, 3}], [{8, 4}, {5, 7}, {3, 6}, {1, 2}], [{8, 4}, {5, 7}, {6}, {1, 3}, {2}], [{8, 4}, {6, 7}, {1, 5}, {2, 3}], [{8, 4}, {6, 7}, {2, 5}, {1, 3}], [{8, 4}, {6, 7}, {3, 5}, {1, 2}], [{8, 4}, {6, 7}, {5}, {1, 3}, {2}], [{8, 4}, {7}, {1, 6}, {2, 5}, {3}], [{8, 4}, {7}, {5, 6}, {1, 3}, {2}], [{8, 5}, {1, 7}, {2, 6}, {3, 4}], [{8, 5}, {1, 7}, {3, 6}, {2, 4}], [{8, 5}, {1, 7}, {4, 6}, {2, 3}], [{8, 5}, {1, 7}, {4, 6}, {3}, {2}], [{8, 5}, {2, 7}, {1, 6}, {3, 4}], [{8, 5}, {2, 7}, {3, 6}, {1, 4}], [{8, 5}, {2, 7}, {4, 6}, {1, 3}], [{8, 5}, {2, 7}, {4, 6}, {3}, {1}], [{8, 5}, {3, 7}, {1, 6}, {2, 4}], [{8, 5}, {3, 7}, {2, 6}, {1, 4}], [{8, 5}, {3, 7}, {4, 6}, {1, 2}], [{8, 5}, {3, 7}, {4, 6}, {2}, {1}], [{8, 5}, {4, 7}, {1, 6}, {2, 3}], [{8, 5}, {4, 7}, {1, 6}, {3}, {2}], [{8, 5}, {4, 7}, {2, 6}, {1, 3}], [{8, 5}, {4, 7}, {2, 6}, {3}, {1}], [{8, 5}, {4, 7}, {3, 6}, {1, 2}], [{8, 5}, {4, 7}, {3, 6}, {2}, {1}], [{8, 5}, {4, 7}, {6}, {1, 3}, {2}], [{8, 5}, {4, 7}, {6}, {2, 3}, {1}], [{8, 5}, {4, 7}, {6}, {3}, {1, 2}], [{8, 5}, {4, 7}, {6}, {3}, {2}, {1}], [{8, 5}, {6, 7}, {1, 4}, {2, 3}], [{8, 5}, {6, 7}, {1, 4}, {3}, {2}], [{8, 5}, {6, 7}, {2, 4}, {1, 3}], [{8, 5}, {6, 7}, {2, 4}, {3}, {1}], [{8, 5}, {6, 7}, {3, 4}, {1, 2}], [{8, 5}, {6, 7}, {3, 4}, {2}, {1}], [{8, 5}, {6, 7}, {4}, {1, 3}, {2}], [{8, 5}, {6, 7}, {4}, {2, 3}, {1}], [{8, 5}, {6, 7}, {4}, {3}, {1, 2}], [{8, 5}, {6, 7}, {4}, {3}, {2}, {1}], [{8, 5}, {7}, {4, 6}, {1, 3}, {2}], [{8, 5}, {7}, {4, 6}, {2, 3}, {1}], [{8, 5}, {7}, {4, 6}, {3}, {1, 2}], [{8, 5}, {7}, {4, 6}, {3}, {2}, {1}], [{8, 6}, {1, 7}, {2, 5}, {3, 4}], [{8, 6}, {1, 7}, {3, 5}, {2, 4}], [{8, 6}, {1, 7}, {4, 5}, {2, 3}], [{8, 6}, {2, 7}, {1, 5}, {3, 4}], [{8, 6}, {2, 7}, {3, 5}, {1, 4}], [{8, 6}, {2, 7}, {4, 5}, {1, 3}], [{8, 6}, {3, 7}, {1, 5}, {2, 4}], [{8, 6}, {3, 7}, {1, 5}, {4}, {2}], [{8, 6}, {3, 7}, {2, 5}, {1, 4}], [{8, 6}, {3, 7}, {4, 5}, {1, 2}], [{8, 6}, {4, 7}, {1, 5}, {2, 3}], [{8, 6}, {4, 7}, {1, 5}, {3}, {2}], [{8, 6}, {4, 7}, {2, 5}, {1, 3}], [{8, 6}, {4, 7}, {2, 5}, {3}, {1}], [{8, 6}, {4, 7}, {3, 5}, {1, 2}], [{8, 6}, {4, 7}, {3, 5}, {2}, {1}], [{8, 6}, {4, 7}, {5}, {1, 3}, {2}], [{8, 6}, {4, 7}, {5}, {2, 3}, {1}], [{8, 6}, {4, 7}, {5}, {3}, {1, 2}], [{8, 6}, {4, 7}, {5}, {3}, {2}, {1}], [{8, 6}, {5, 7}, {1, 4}, {2, 3}], [{8, 6}, {5, 7}, {2, 4}, {1, 3}], [{8, 6}, {5, 7}, {3, 4}, {1, 2}], [{8, 6}, {5, 7}, {4}, {1, 3}, {2}], [{8, 6}, {7}, {1, 5}, {3, 4}, {2}], [{8, 6}, {7}, {4, 5}, {1, 3}, {2}], [{8, 7}, {1, 6}, {2, 5}, {3, 4}], [{8, 7}, {1, 6}, {3, 5}, {2, 4}], [{8, 7}, {1, 6}, {4, 5}, {2, 3}], [{8, 7}, {2, 6}, {1, 5}, {3, 4}], [{8, 7}, {2, 6}, {3, 5}, {1, 4}], [{8, 7}, {2, 6}, {4, 5}, {1, 3}], [{8, 7}, {3, 6}, {1, 5}, {2, 4}], [{8, 7}, {3, 6}, {1, 5}, {4}, {2}], [{8, 7}, {3, 6}, {2, 5}, {1, 4}], [{8, 7}, {3, 6}, {4, 5}, {1, 2}], [{8, 7}, {4, 6}, {1, 5}, {2, 3}], [{8, 7}, {4, 6}, {1, 5}, {3}, {2}], [{8, 7}, {4, 6}, {2, 5}, {1, 3}], [{8, 7}, {4, 6}, {2, 5}, {3}, {1}], [{8, 7}, {4, 6}, {3, 5}, {1, 2}], [{8, 7}, {4, 6}, {3, 5}, {2}, {1}], [{8, 7}, {4, 6}, {5}, {1, 3}, {2}], [{8, 7}, {4, 6}, {5}, {2, 3}, {1}], [{8, 7}, {4, 6}, {5}, {3}, {1, 2}], [{8, 7}, {4, 6}, {5}, {3}, {2}, {1}], [{8, 7}, {5, 6}, {1, 4}, {2, 3}], [{8, 7}, {5, 6}, {2, 4}, {1, 3}], [{8, 7}, {5, 6}, {3, 4}, {1, 2}], [{8, 7}, {5, 6}, {4}, {1, 3}, {2}], [{8, 7}, {6}, {1, 5}, {3, 4}, {2}], [{8, 7}, {6}, {4, 5}, {1, 3}, {2}], [{8}, {1, 7}, {4, 6}, {5}, {2, 3}], [{8}, {2, 7}, {5, 6}, {3, 4}, {1}], [{8}, {3, 7}, {5, 6}, {2, 4}, {1}], [{8}, {4, 7}, {1, 6}, {5}, {2, 3}], [{8}, {4, 7}, {5, 6}, {1, 3}, {2}], [{8}, {4, 7}, {5, 6}, {2, 3}, {1}], [{8}, {4, 7}, {5, 6}, {3}, {1, 2}], [{8}, {4, 7}, {5, 6}, {3}, {2}, {1}], [{8}, {4, 7}, {6}, {1, 5}, {2, 3}], [{8}, {5, 7}, {1, 6}, {2, 4}, {3}], [{8}, {5, 7}, {1, 6}, {3, 4}, {2}], [{8}, {5, 7}, {1, 6}, {4}, {2, 3}], [{8}, {5, 7}, {2, 6}, {1, 4}, {3}], [{8}, {5, 7}, {2, 6}, {3, 4}, {1}], [{8}, {5, 7}, {2, 6}, {4}, {1, 3}], [{8}, {5, 7}, {3, 6}, {1, 4}, {2}], [{8}, {5, 7}, {3, 6}, {2, 4}, {1}], [{8}, {5, 7}, {3, 6}, {4}, {1, 2}], [{8}, {5, 7}, {4, 6}, {1, 3}, {2}], [{8}, {5, 7}, {4, 6}, {2, 3}, {1}], [{8}, {5, 7}, {4, 6}, {3}, {1, 2}], [{8}, {5, 7}, {4, 6}, {3}, {2}, {1}], [{8}, {5, 7}, {6}, {1, 4}, {2, 3}], [{8}, {5, 7}, {6}, {2, 4}, {1, 3}], [{8}, {5, 7}, {6}, {3, 4}, {1, 2}], [{8}, {5, 7}, {6}, {4}, {1, 3}, {2}], [{8}, {6, 7}, {1, 5}, {2, 4}, {3}], [{8}, {6, 7}, {1, 5}, {3, 4}, {2}], [{8}, {6, 7}, {1, 5}, {4}, {2, 3}], [{8}, {6, 7}, {4, 5}, {1, 3}, {2}], [{8}, {7}, {1, 6}, {4, 5}, {2, 3}], [{8}, {7}, {4, 6}, {1, 5}, {2, 3}]]",2,12 K_1^3 - 6 K_1^2 - 8 K_1 K_2 - 5 K_1 + 3 K_2 + K_3 + 4,O1O2O3U4O5U1U2U3O6O7U6O8U5U8O4U7,O1O2O3U4O5U1U2U3O6U5O7O4U7O8U6U8,O1O2O3U4U5O4U6O7O6U8O5U1U2U3O8U7,c,{'O1O2O3U4O5U6U7O6U8O4O8U1U2U3O7U5'},1,"<a href=""/flatknot/8.1101668"">8.1101668</a>",t^9-90t^7-350t^6+38t^5+1034t^4-323t^3-450t^2+1690t-964,-t^2+2t,,
8.1101669,O1O2O3U4O5U6U7O6U8O4O8U1U2U5O7U3,3,15z^2+60z+61,15w^3z^2-16w^3z+76w^2z+61w,False,False,"[[ 0 -2  0  2 -1  2 -1 -1  1],[ 2  0  1  2  1  1  2  2  3],[ 0 -1  0  1 -1  0  0  1  1],[-2 -2 -1  0 -3  0 -3 -1 -1],[ 1 -1  1  3  0  3  0 -2  1],[-2 -1  0  0 -3  0 -2 -1 -2],[ 1 -2  0  3  0  2  0 -1  2],[ 1 -2 -1  1  2  1  1  0  2],[-1 -3 -1  1 -1  2 -2 -2  0]]","[[ 0  2  2  1  0 -1 -1 -1 -2],[-2  0  0 -1 -1 -1 -3 -3 -2],[-2  0  0 -2  0 -1 -2 -3 -1],[-1  1  2  0 -1 -2 -2 -1 -3],[ 0  1  0  1  0  1  0 -1 -1],[ 1  1  1  2 -1  0  1  2 -2],[ 1  3  2  2  0 -1  0  0 -2],[ 1  3  3  1  1 -2  0  0 -1],[ 2  2  1  3  1  2  2  1  0]]",True,"[-2,-2,-1,0,1,1,1,2,0,1,1,1,3,3,2,2,0,1,2,3,1,1,2,2,1,3,-1,0,1,1,-1,-2,2,0,2,1]","[-2,-2,-1,0,1,1,1,2,0,-1,2,0,1,2,3,0,1,0,0,2,2,0,1,0,0,0,0,1,2,1,0,-2,0,-1,-1,-1]",t^8+80t^6+738t^4+324t^2,"[-2,-1,-1,-1,0,1,2,2,-1,-1,0,1,0,2,3,-1,-2,2,0,2,2,0,1,0,0,1,0,1,0,0,0,1,2,0,-1,0]","[-2,-2,-1,0,1,1,1,2,0,-1,2,0,1,2,3,0,1,0,0,2,2,0,1,0,0,0,0,1,2,1,0,-2,0,-1,-1,-1]","[-2,-1,-1,-1,0,1,2,2,1,2,2,1,3,1,2,-2,0,1,1,3,3,1,-1,2,1,1,0,2,2,3,1,0,1,2,1,0]",c,"[[{8, 1}, {2, 7}, {3, 6}, {4, 5}], [{8, 1}, {2, 7}, {4, 6}, {3, 5}], [{8, 1}, {2, 7}, {5, 6}, {3, 4}], [{8, 1}, {2, 7}, {5, 6}, {4}, {3}], [{8, 1}, {2, 7}, {6}, {5}, {3, 4}], [{8, 1}, {3, 7}, {2, 6}, {4, 5}], [{8, 1}, {3, 7}, {4, 6}, {2, 5}], [{8, 1}, {3, 7}, {5, 6}, {2, 4}], [{8, 1}, {3, 7}, {6}, {5}, {2, 4}], [{8, 1}, {4, 7}, {2, 6}, {3, 5}], [{8, 1}, {4, 7}, {3, 6}, {2, 5}], [{8, 1}, {4, 7}, {5, 6}, {2, 3}], [{8, 1}, {5, 7}, {2, 6}, {3, 4}], [{8, 1}, {5, 7}, {2, 6}, {4}, {3}], [{8, 1}, {5, 7}, {3, 6}, {2, 4}], [{8, 1}, {5, 7}, {4, 6}, {2, 3}], [{8, 1}, {5, 7}, {6}, {3, 4}, {2}], [{8, 1}, {6, 7}, {2, 5}, {3, 4}], [{8, 1}, {6, 7}, {2, 5}, {4}, {3}], [{8, 1}, {6, 7}, {3, 5}, {2, 4}], [{8, 1}, {6, 7}, {4, 5}, {2, 3}], [{8, 1}, {6, 7}, {5}, {3, 4}, {2}], [{8, 1}, {7}, {2, 6}, {5}, {3, 4}], [{8, 1}, {7}, {3, 6}, {4, 5}, {2}], [{8, 1}, {7}, {5, 6}, {3, 4}, {2}], [{8, 1}, {7}, {6}, {2, 5}, {3, 4}], [{8, 2}, {1, 7}, {3, 6}, {4, 5}], [{8, 2}, {1, 7}, {4, 6}, {3, 5}], [{8, 2}, {1, 7}, {5, 6}, {3, 4}], [{8, 2}, {1, 7}, {6}, {5}, {3, 4}], [{8, 2}, {3, 7}, {1, 6}, {4, 5}], [{8, 2}, {3, 7}, {4, 6}, {1, 5}], [{8, 2}, {3, 7}, {5, 6}, {1, 4}], [{8, 2}, {3, 7}, {6}, {1, 5}, {4}], [{8, 2}, {3, 7}, {6}, {4, 5}, {1}], [{8, 2}, {3, 7}, {6}, {5}, {1, 4}], [{8, 2}, {4, 7}, {1, 6}, {3, 5}], [{8, 2}, {4, 7}, {3, 6}, {1, 5}], [{8, 2}, {4, 7}, {5, 6}, {1, 3}], [{8, 2}, {5, 7}, {1, 6}, {3, 4}], [{8, 2}, {5, 7}, {1, 6}, {4}, {3}], [{8, 2}, {5, 7}, {3, 6}, {1, 4}], [{8, 2}, {5, 7}, {3, 6}, {4}, {1}], [{8, 2}, {5, 7}, {4, 6}, {1, 3}], [{8, 2}, {5, 7}, {6}, {4}, {1, 3}], [{8, 2}, {6, 7}, {1, 5}, {3, 4}], [{8, 2}, {6, 7}, {3, 5}, {1, 4}], [{8, 2}, {6, 7}, {4, 5}, {1, 3}], [{8, 3}, {1, 7}, {2, 6}, {4, 5}], [{8, 3}, {1, 7}, {4, 6}, {2, 5}], [{8, 3}, {1, 7}, {5, 6}, {2, 4}], [{8, 3}, {1, 7}, {5, 6}, {4}, {2}], [{8, 3}, {1, 7}, {6}, {5}, {2, 4}], [{8, 3}, {2, 7}, {1, 6}, {4, 5}], [{8, 3}, {2, 7}, {4, 6}, {1, 5}], [{8, 3}, {2, 7}, {5, 6}, {1, 4}], [{8, 3}, {2, 7}, {5, 6}, {4}, {1}], [{8, 3}, {2, 7}, {6}, {5}, {1, 4}], [{8, 3}, {4, 7}, {1, 6}, {2, 5}], [{8, 3}, {4, 7}, {2, 6}, {1, 5}], [{8, 3}, {4, 7}, {5, 6}, {1, 2}], [{8, 3}, {4, 7}, {5, 6}, {2}, {1}], [{8, 3}, {5, 7}, {1, 6}, {2, 4}], [{8, 3}, {5, 7}, {2, 6}, {1, 4}], [{8, 3}, {5, 7}, {2, 6}, {4}, {1}], [{8, 3}, {5, 7}, {4, 6}, {1, 2}], [{8, 3}, {5, 7}, {6}, {1, 4}, {2}], [{8, 3}, {6, 7}, {1, 5}, {2, 4}], [{8, 3}, {6, 7}, {2, 5}, {1, 4}], [{8, 3}, {6, 7}, {2, 5}, {4}, {1}], [{8, 3}, {6, 7}, {4, 5}, {1, 2}], [{8, 3}, {6, 7}, {5}, {1, 4}, {2}], [{8, 3}, {7}, {2, 6}, {5}, {1, 4}], [{8, 3}, {7}, {5, 6}, {1, 4}, {2}], [{8, 3}, {7}, {5, 6}, {2, 4}, {1}], [{8, 3}, {7}, {5, 6}, {4}, {1, 2}], [{8, 3}, {7}, {5, 6}, {4}, {2}, {1}], [{8, 3}, {7}, {6}, {2, 5}, {1, 4}], [{8, 4}, {1, 7}, {2, 6}, {3, 5}], [{8, 4}, {1, 7}, {3, 6}, {2, 5}], [{8, 4}, {1, 7}, {5, 6}, {2, 3}], [{8, 4}, {2, 7}, {1, 6}, {3, 5}], [{8, 4}, {2, 7}, {3, 6}, {1, 5}], [{8, 4}, {2, 7}, {5, 6}, {1, 3}], [{8, 4}, {2, 7}, {5, 6}, {3}, {1}], [{8, 4}, {2, 7}, {6}, {5}, {1, 3}], [{8, 4}, {3, 7}, {1, 6}, {2, 5}], [{8, 4}, {3, 7}, {2, 6}, {1, 5}], [{8, 4}, {3, 7}, {5, 6}, {1, 2}], [{8, 4}, {3, 7}, {6}, {1, 5}, {2}], [{8, 4}, {5, 7}, {1, 6}, {2, 3}], [{8, 4}, {5, 7}, {2, 6}, {1, 3}], [{8, 4}, {5, 7}, {2, 6}, {3}, {1}], [{8, 4}, {5, 7}, {3, 6}, {1, 2}], [{8, 4}, {5, 7}, {6}, {1, 3}, {2}], [{8, 4}, {6, 7}, {1, 5}, {2, 3}], [{8, 4}, {6, 7}, {1, 5}, {3}, {2}], [{8, 4}, {6, 7}, {2, 5}, {1, 3}], [{8, 4}, {6, 7}, {2, 5}, {3}, {1}], [{8, 4}, {6, 7}, {3, 5}, {1, 2}], [{8, 4}, {6, 7}, {3, 5}, {2}, {1}], [{8, 4}, {6, 7}, {5}, {1, 3}, {2}], [{8, 4}, {6, 7}, {5}, {2, 3}, {1}], [{8, 4}, {6, 7}, {5}, {3}, {1, 2}], [{8, 4}, {6, 7}, {5}, {3}, {2}, {1}], [{8, 4}, {7}, {2, 6}, {5}, {1, 3}], [{8, 4}, {7}, {3, 6}, {1, 5}, {2}], [{8, 4}, {7}, {5, 6}, {1, 3}, {2}], [{8, 4}, {7}, {6}, {2, 5}, {1, 3}], [{8, 5}, {1, 7}, {2, 6}, {3, 4}], [{8, 5}, {1, 7}, {3, 6}, {2, 4}], [{8, 5}, {1, 7}, {4, 6}, {2, 3}], [{8, 5}, {1, 7}, {6}, {3, 4}, {2}], [{8, 5}, {2, 7}, {1, 6}, {3, 4}], [{8, 5}, {2, 7}, {3, 6}, {1, 4}], [{8, 5}, {2, 7}, {4, 6}, {1, 3}], [{8, 5}, {3, 7}, {1, 6}, {2, 4}], [{8, 5}, {3, 7}, {2, 6}, {1, 4}], [{8, 5}, {3, 7}, {4, 6}, {1, 2}], [{8, 5}, {3, 7}, {6}, {2, 4}, {1}], [{8, 5}, {4, 7}, {1, 6}, {2, 3}], [{8, 5}, {4, 7}, {2, 6}, {1, 3}], [{8, 5}, {4, 7}, {3, 6}, {1, 2}], [{8, 5}, {4, 7}, {3, 6}, {2}, {1}], [{8, 5}, {6, 7}, {1, 4}, {2, 3}], [{8, 5}, {6, 7}, {2, 4}, {1, 3}], [{8, 5}, {6, 7}, {3, 4}, {1, 2}], [{8, 6}, {1, 7}, {2, 5}, {3, 4}], [{8, 6}, {1, 7}, {3, 5}, {2, 4}], [{8, 6}, {1, 7}, {4, 5}, {2, 3}], [{8, 6}, {2, 7}, {1, 5}, {3, 4}], [{8, 6}, {2, 7}, {3, 5}, {1, 4}], [{8, 6}, {2, 7}, {4, 5}, {1, 3}], [{8, 6}, {3, 7}, {1, 5}, {2, 4}], [{8, 6}, {3, 7}, {1, 5}, {4}, {2}], [{8, 6}, {3, 7}, {2, 5}, {1, 4}], [{8, 6}, {3, 7}, {2, 5}, {4}, {1}], [{8, 6}, {3, 7}, {4, 5}, {1, 2}], [{8, 6}, {3, 7}, {5}, {4}, {1, 2}], [{8, 6}, {4, 7}, {1, 5}, {2, 3}], [{8, 6}, {4, 7}, {1, 5}, {3}, {2}], [{8, 6}, {4, 7}, {2, 5}, {1, 3}], [{8, 6}, {4, 7}, {2, 5}, {3}, {1}], [{8, 6}, {4, 7}, {3, 5}, {1, 2}], [{8, 6}, {4, 7}, {3, 5}, {2}, {1}], [{8, 6}, {4, 7}, {5}, {1, 3}, {2}], [{8, 6}, {4, 7}, {5}, {2, 3}, {1}], [{8, 6}, {4, 7}, {5}, {3}, {1, 2}], [{8, 6}, {4, 7}, {5}, {3}, {2}, {1}], [{8, 6}, {5, 7}, {1, 4}, {2, 3}], [{8, 6}, {5, 7}, {2, 4}, {1, 3}], [{8, 6}, {5, 7}, {3, 4}, {1, 2}], [{8, 6}, {5, 7}, {4}, {1, 3}, {2}], [{8, 6}, {7}, {1, 5}, {3, 4}, {2}], [{8, 6}, {7}, {2, 5}, {3, 4}, {1}], [{8, 6}, {7}, {4, 5}, {1, 3}, {2}], [{8, 6}, {7}, {5}, {3, 4}, {1, 2}], [{8, 7}, {1, 6}, {2, 5}, {3, 4}], [{8, 7}, {1, 6}, {3, 5}, {2, 4}], [{8, 7}, {1, 6}, {4, 5}, {2, 3}], [{8, 7}, {2, 6}, {1, 5}, {3, 4}], [{8, 7}, {2, 6}, {3, 5}, {1, 4}], [{8, 7}, {2, 6}, {4, 5}, {1, 3}], [{8, 7}, {3, 6}, {1, 5}, {2, 4}], [{8, 7}, {3, 6}, {2, 5}, {1, 4}], [{8, 7}, {3, 6}, {4, 5}, {1, 2}], [{8, 7}, {4, 6}, {1, 5}, {2, 3}], [{8, 7}, {4, 6}, {2, 5}, {1, 3}], [{8, 7}, {4, 6}, {3, 5}, {1, 2}], [{8, 7}, {5, 6}, {1, 4}, {2, 3}], [{8, 7}, {5, 6}, {2, 4}, {1, 3}], [{8, 7}, {5, 6}, {3, 4}, {1, 2}], [{8, 7}, {6}, {2, 5}, {3, 4}, {1}], [{8}, {1, 7}, {4, 6}, {3, 5}, {2}], [{8}, {1, 7}, {5, 6}, {2, 4}, {3}], [{8}, {1, 7}, {6}, {2, 5}, {3, 4}], [{8}, {2, 7}, {5, 6}, {1, 4}, {3}], [{8}, {2, 7}, {5, 6}, {3, 4}, {1}], [{8}, {2, 7}, {5, 6}, {4}, {1, 3}], [{8}, {3, 7}, {2, 6}, {1, 5}, {4}], [{8}, {3, 7}, {4, 6}, {1, 5}, {2}], [{8}, {3, 7}, {6}, {1, 5}, {2, 4}], [{8}, {3, 7}, {6}, {1, 5}, {4}, {2}], [{8}, {5, 7}, {2, 6}, {1, 4}, {3}], [{8}, {5, 7}, {2, 6}, {3, 4}, {1}], [{8}, {5, 7}, {2, 6}, {4}, {1, 3}], [{8}, {5, 7}, {4, 6}, {1, 3}, {2}], [{8}, {5, 7}, {6}, {2, 4}, {1, 3}], [{8}, {5, 7}, {6}, {4}, {1, 3}, {2}], [{8}, {6, 7}, {2, 5}, {1, 4}, {3}], [{8}, {6, 7}, {2, 5}, {3, 4}, {1}], [{8}, {6, 7}, {2, 5}, {4}, {1, 3}], [{8}, {7}, {1, 6}, {2, 5}, {3, 4}], [{8}, {7}, {1, 6}, {3, 5}, {2, 4}], [{8}, {7}, {1, 6}, {4, 5}, {2, 3}], [{8}, {7}, {6}, {2, 5}, {3, 4}, {1}]]",2,16 K_1^3 - 6 K_1^2 - 12 K_1 K_2 - 6 K_1 + 3 K_2 + 2 K_3 + 4,O1O2O3U1O4U5U2U3O6O7U6O8U4U8O5U7,O1O2O3U4O5U1U2U5O6U3O7O4U7O8U6U8,O1O2O3U4U5O4U6O7O6U1O5U8U2U3O8U7,c,{'O1O2O3U4O5U6U7O6U8O4O8U1U2U5O7U3'},1,"<a href=""/flatknot/8.1101669"">8.1101669</a>",t^9-78t^7-314t^6-139t^5+514t^4-80t^3-128t^2+644t-344,-t^2+2t,,
8.1101670,O1O2O3U4O5U6U7O6U8O4O8U1U3U2O7U5,4,3z^3+34z^2+110z+109,3w^4z^3+34w^3z^2+110w^2z+109w,False,False,"[[ 0 -2  1  1 -1  2 -1 -1  1],[ 2  0  2  1  1  1  2  2  3],[-1 -2  0  0 -2  0 -1  0  0],[-1 -1  0  0 -2 -1 -1  1  0],[ 1 -1  2  2  0  4  0 -3  1],[-2 -1  0  1 -4  0 -3 -1 -2],[ 1 -2  1  1  0  3  0 -1  2],[ 1 -2  0 -1  3  1  1  0  2],[-1 -3  0  0 -1  2 -2 -2  0]]","[[ 0  2  1  1  1 -1 -1 -1 -2],[-2  0  1  0 -2 -1 -3 -4 -1],[-1 -1  0  0  0  1 -1 -2 -1],[-1  0  0  0  0  0 -1 -2 -2],[-1  2  0  0  0 -2 -2 -1 -3],[ 1  1 -1  0  2  0  1  3 -2],[ 1  3  1  1  2 -1  0  0 -2],[ 1  4  2  2  1 -3  0  0 -1],[ 2  1  1  2  3  2  2  1  0]]",True,"[-2,-1,-1,-1,1,1,1,2,-1,0,2,1,3,4,1,0,0,-1,1,2,1,0,0,1,2,2,2,2,1,3,-1,-3,2,0,2,1]","[-2,-1,-1,-1,1,1,1,2,-1,-1,0,0,1,2,3,-1,-3,0,2,3,2,0,0,1,1,0,1,0,0,-1,0,0,-1,0,1,2]",t^8+85t^6+1094t^4+371t^2+9,"[-2,-1,-1,-1,1,1,1,2,-1,-1,0,0,1,2,3,-1,-3,0,2,3,2,0,0,1,1,0,1,0,0,-1,0,0,-1,0,1,2]","[-2,-1,-1,-1,1,1,1,2,-1,1,2,-1,0,2,3,0,0,1,0,0,0,0,0,1,2,1,0,1,3,2,0,-3,0,-1,-1,-1]","[-2,-1,-1,-1,1,1,1,2,1,2,2,1,2,3,1,-3,0,2,2,1,4,1,-1,0,2,1,1,1,2,3,0,0,-1,0,0,2]",c,"[[{8, 1}, {2, 7}, {3, 6}, {4, 5}], [{8, 1}, {2, 7}, {4, 6}, {3, 5}], [{8, 1}, {2, 7}, {4, 6}, {5}, {3}], [{8, 1}, {2, 7}, {5, 6}, {3, 4}], [{8, 1}, {3, 7}, {2, 6}, {4, 5}], [{8, 1}, {3, 7}, {4, 6}, {2, 5}], [{8, 1}, {3, 7}, {4, 6}, {5}, {2}], [{8, 1}, {3, 7}, {5, 6}, {2, 4}], [{8, 1}, {4, 7}, {2, 6}, {3, 5}], [{8, 1}, {4, 7}, {2, 6}, {5}, {3}], [{8, 1}, {4, 7}, {3, 6}, {2, 5}], [{8, 1}, {4, 7}, {3, 6}, {5}, {2}], [{8, 1}, {4, 7}, {5, 6}, {2, 3}], [{8, 1}, {4, 7}, {5, 6}, {3}, {2}], [{8, 1}, {4, 7}, {6}, {2, 5}, {3}], [{8, 1}, {4, 7}, {6}, {3, 5}, {2}], [{8, 1}, {4, 7}, {6}, {5}, {2, 3}], [{8, 1}, {4, 7}, {6}, {5}, {3}, {2}], [{8, 1}, {5, 7}, {2, 6}, {3, 4}], [{8, 1}, {5, 7}, {3, 6}, {2, 4}], [{8, 1}, {5, 7}, {4, 6}, {2, 3}], [{8, 1}, {5, 7}, {4, 6}, {3}, {2}], [{8, 1}, {6, 7}, {2, 5}, {3, 4}], [{8, 1}, {6, 7}, {2, 5}, {4}, {3}], [{8, 1}, {6, 7}, {3, 5}, {2, 4}], [{8, 1}, {6, 7}, {3, 5}, {4}, {2}], [{8, 1}, {6, 7}, {4, 5}, {2, 3}], [{8, 1}, {6, 7}, {4, 5}, {3}, {2}], [{8, 1}, {6, 7}, {5}, {2, 4}, {3}], [{8, 1}, {6, 7}, {5}, {3, 4}, {2}], [{8, 1}, {6, 7}, {5}, {4}, {2, 3}], [{8, 1}, {6, 7}, {5}, {4}, {3}, {2}], [{8, 1}, {7}, {4, 6}, {2, 5}, {3}], [{8, 1}, {7}, {4, 6}, {3, 5}, {2}], [{8, 1}, {7}, {4, 6}, {5}, {2, 3}], [{8, 1}, {7}, {4, 6}, {5}, {3}, {2}], [{8, 2}, {1, 7}, {3, 6}, {4, 5}], [{8, 2}, {1, 7}, {4, 6}, {3, 5}], [{8, 2}, {1, 7}, {5, 6}, {3, 4}], [{8, 2}, {3, 7}, {1, 6}, {4, 5}], [{8, 2}, {3, 7}, {4, 6}, {1, 5}], [{8, 2}, {3, 7}, {5, 6}, {1, 4}], [{8, 2}, {4, 7}, {1, 6}, {3, 5}], [{8, 2}, {4, 7}, {3, 6}, {1, 5}], [{8, 2}, {4, 7}, {5, 6}, {1, 3}], [{8, 2}, {4, 7}, {5, 6}, {3}, {1}], [{8, 2}, {5, 7}, {1, 6}, {3, 4}], [{8, 2}, {5, 7}, {3, 6}, {1, 4}], [{8, 2}, {5, 7}, {4, 6}, {1, 3}], [{8, 2}, {5, 7}, {4, 6}, {3}, {1}], [{8, 2}, {6, 7}, {1, 5}, {3, 4}], [{8, 2}, {6, 7}, {3, 5}, {1, 4}], [{8, 2}, {6, 7}, {4, 5}, {1, 3}], [{8, 2}, {7}, {3, 6}, {5}, {1, 4}], [{8, 3}, {1, 7}, {2, 6}, {4, 5}], [{8, 3}, {1, 7}, {4, 6}, {2, 5}], [{8, 3}, {1, 7}, {5, 6}, {2, 4}], [{8, 3}, {2, 7}, {1, 6}, {4, 5}], [{8, 3}, {2, 7}, {4, 6}, {1, 5}], [{8, 3}, {2, 7}, {5, 6}, {1, 4}], [{8, 3}, {4, 7}, {1, 6}, {2, 5}], [{8, 3}, {4, 7}, {2, 6}, {1, 5}], [{8, 3}, {4, 7}, {5, 6}, {1, 2}], [{8, 3}, {4, 7}, {5, 6}, {2}, {1}], [{8, 3}, {5, 7}, {1, 6}, {2, 4}], [{8, 3}, {5, 7}, {2, 6}, {1, 4}], [{8, 3}, {5, 7}, {4, 6}, {1, 2}], [{8, 3}, {5, 7}, {4, 6}, {2}, {1}], [{8, 3}, {6, 7}, {1, 5}, {2, 4}], [{8, 3}, {6, 7}, {2, 5}, {1, 4}], [{8, 3}, {6, 7}, {4, 5}, {1, 2}], [{8, 3}, {7}, {6}, {2, 5}, {1, 4}], [{8, 4}, {1, 7}, {2, 6}, {3, 5}], [{8, 4}, {1, 7}, {3, 6}, {2, 5}], [{8, 4}, {1, 7}, {3, 6}, {5}, {2}], [{8, 4}, {1, 7}, {5, 6}, {2, 3}], [{8, 4}, {1, 7}, {6}, {2, 5}, {3}], [{8, 4}, {2, 7}, {1, 6}, {3, 5}], [{8, 4}, {2, 7}, {3, 6}, {1, 5}], [{8, 4}, {2, 7}, {5, 6}, {1, 3}], [{8, 4}, {3, 7}, {1, 6}, {2, 5}], [{8, 4}, {3, 7}, {1, 6}, {5}, {2}], [{8, 4}, {3, 7}, {2, 6}, {1, 5}], [{8, 4}, {3, 7}, {5, 6}, {1, 2}], [{8, 4}, {5, 7}, {1, 6}, {2, 3}], [{8, 4}, {5, 7}, {2, 6}, {1, 3}], [{8, 4}, {5, 7}, {3, 6}, {1, 2}], [{8, 4}, {6, 7}, {1, 5}, {2, 3}], [{8, 4}, {6, 7}, {2, 5}, {1, 3}], [{8, 4}, {6, 7}, {3, 5}, {1, 2}], [{8, 4}, {6, 7}, {3, 5}, {2}, {1}], [{8, 5}, {1, 7}, {2, 6}, {3, 4}], [{8, 5}, {1, 7}, {3, 6}, {2, 4}], [{8, 5}, {1, 7}, {4, 6}, {2, 3}], [{8, 5}, {1, 7}, {4, 6}, {3}, {2}], [{8, 5}, {2, 7}, {1, 6}, {3, 4}], [{8, 5}, {2, 7}, {3, 6}, {1, 4}], [{8, 5}, {2, 7}, {4, 6}, {1, 3}], [{8, 5}, {3, 7}, {1, 6}, {2, 4}], [{8, 5}, {3, 7}, {2, 6}, {1, 4}], [{8, 5}, {3, 7}, {4, 6}, {1, 2}], [{8, 5}, {4, 7}, {1, 6}, {2, 3}], [{8, 5}, {4, 7}, {1, 6}, {3}, {2}], [{8, 5}, {4, 7}, {2, 6}, {1, 3}], [{8, 5}, {4, 7}, {3, 6}, {1, 2}], [{8, 5}, {4, 7}, {6}, {2, 3}, {1}], [{8, 5}, {6, 7}, {1, 4}, {2, 3}], [{8, 5}, {6, 7}, {2, 4}, {1, 3}], [{8, 5}, {6, 7}, {2, 4}, {3}, {1}], [{8, 5}, {6, 7}, {3, 4}, {1, 2}], [{8, 5}, {6, 7}, {3, 4}, {2}, {1}], [{8, 5}, {6, 7}, {4}, {2, 3}, {1}], [{8, 5}, {7}, {3, 6}, {1, 4}, {2}], [{8, 5}, {7}, {4, 6}, {2, 3}, {1}], [{8, 6}, {1, 7}, {2, 5}, {3, 4}], [{8, 6}, {1, 7}, {3, 5}, {2, 4}], [{8, 6}, {1, 7}, {3, 5}, {4}, {2}], [{8, 6}, {1, 7}, {4, 5}, {2, 3}], [{8, 6}, {1, 7}, {5}, {2, 4}, {3}], [{8, 6}, {2, 7}, {1, 5}, {3, 4}], [{8, 6}, {2, 7}, {3, 5}, {1, 4}], [{8, 6}, {2, 7}, {4, 5}, {1, 3}], [{8, 6}, {3, 7}, {1, 5}, {2, 4}], [{8, 6}, {3, 7}, {2, 5}, {1, 4}], [{8, 6}, {3, 7}, {4, 5}, {1, 2}], [{8, 6}, {3, 7}, {5}, {1, 4}, {2}], [{8, 6}, {4, 7}, {1, 5}, {2, 3}], [{8, 6}, {4, 7}, {1, 5}, {3}, {2}], [{8, 6}, {4, 7}, {2, 5}, {1, 3}], [{8, 6}, {4, 7}, {3, 5}, {1, 2}], [{8, 6}, {4, 7}, {5}, {2, 3}, {1}], [{8, 6}, {5, 7}, {1, 4}, {2, 3}], [{8, 6}, {5, 7}, {2, 4}, {1, 3}], [{8, 6}, {5, 7}, {3, 4}, {1, 2}], [{8, 6}, {7}, {2, 5}, {1, 4}, {3}], [{8, 7}, {1, 6}, {2, 5}, {3, 4}], [{8, 7}, {1, 6}, {3, 5}, {2, 4}], [{8, 7}, {1, 6}, {4, 5}, {2, 3}], [{8, 7}, {2, 6}, {1, 5}, {3, 4}], [{8, 7}, {2, 6}, {3, 5}, {1, 4}], [{8, 7}, {2, 6}, {4, 5}, {1, 3}], [{8, 7}, {3, 6}, {1, 5}, {2, 4}], [{8, 7}, {3, 6}, {2, 5}, {1, 4}], [{8, 7}, {3, 6}, {4, 5}, {1, 2}], [{8, 7}, {3, 6}, {5}, {1, 4}, {2}], [{8, 7}, {4, 6}, {1, 5}, {2, 3}], [{8, 7}, {4, 6}, {1, 5}, {3}, {2}], [{8, 7}, {4, 6}, {2, 5}, {1, 3}], [{8, 7}, {4, 6}, {3, 5}, {1, 2}], [{8, 7}, {4, 6}, {5}, {2, 3}, {1}], [{8, 7}, {5, 6}, {1, 4}, {2, 3}], [{8, 7}, {5, 6}, {2, 4}, {1, 3}], [{8, 7}, {5, 6}, {3, 4}, {1, 2}], [{8}, {1, 7}, {4, 6}, {5}, {2, 3}], [{8}, {2, 7}, {3, 6}, {5}, {1, 4}], [{8}, {2, 7}, {5, 6}, {3, 4}, {1}], [{8}, {2, 7}, {6}, {4, 5}, {1, 3}], [{8}, {3, 7}, {5, 6}, {2, 4}, {1}], [{8}, {3, 7}, {6}, {4, 5}, {1, 2}], [{8}, {4, 7}, {1, 6}, {5}, {2, 3}], [{8}, {4, 7}, {5, 6}, {1, 3}, {2}], [{8}, {4, 7}, {5, 6}, {2, 3}, {1}], [{8}, {4, 7}, {5, 6}, {3}, {1, 2}], [{8}, {4, 7}, {5, 6}, {3}, {2}, {1}], [{8}, {4, 7}, {6}, {1, 5}, {2, 3}], [{8}, {5, 7}, {1, 6}, {2, 4}, {3}], [{8}, {5, 7}, {1, 6}, {3, 4}, {2}], [{8}, {5, 7}, {1, 6}, {4}, {2, 3}], [{8}, {5, 7}, {2, 6}, {1, 4}, {3}], [{8}, {5, 7}, {2, 6}, {3, 4}, {1}], [{8}, {5, 7}, {2, 6}, {4}, {1, 3}], [{8}, {5, 7}, {3, 6}, {1, 4}, {2}], [{8}, {5, 7}, {3, 6}, {2, 4}, {1}], [{8}, {5, 7}, {3, 6}, {4}, {1, 2}], [{8}, {5, 7}, {4, 6}, {1, 3}, {2}], [{8}, {5, 7}, {4, 6}, {2, 3}, {1}], [{8}, {5, 7}, {4, 6}, {3}, {1, 2}], [{8}, {5, 7}, {4, 6}, {3}, {2}, {1}], [{8}, {5, 7}, {6}, {1, 4}, {2, 3}], [{8}, {5, 7}, {6}, {2, 4}, {1, 3}], [{8}, {5, 7}, {6}, {3, 4}, {1, 2}], [{8}, {6, 7}, {1, 5}, {2, 4}, {3}], [{8}, {6, 7}, {1, 5}, {3, 4}, {2}], [{8}, {6, 7}, {1, 5}, {4}, {2, 3}], [{8}, {6, 7}, {3, 5}, {1, 4}, {2}], [{8}, {7}, {1, 6}, {4, 5}, {2, 3}], [{8}, {7}, {3, 6}, {2, 5}, {1, 4}], [{8}, {7}, {4, 6}, {1, 5}, {2, 3}]]",2,- 4 K_1^2 - 4 K_1 K_2 + 2 K_1 + 2 K_2 + 2 K_3 + 3,O1O2O3U4O5U2U1U3O6O7U6O8U5U8O4U7,O1O2O3U4O5U1U3U2O6U5O7O4U7O8U6U8,O1O2O3U4U5O4U6O7O6U8O5U2U1U3O8U7,c,{'O1O2O3U4O5U6U7O6U8O4O8U1U3U2O7U5'},1,"<a href=""/flatknot/8.1101670"">8.1101670</a>",t^9-85t^7-292t^6+248t^5+1222t^4-370t^2-276t-240,0,,
8.1101671,O1O2O3U4O5U6U7O6U8O4O8U1U3U5O7U2,4,2z^3+26z^2+105z+123,2w^4z^3+26w^3z^2+105w^2z+123w,False,False,"[[ 0 -2  1  1 -1  2 -1 -1  1],[ 2  0  2  1  1  1  2  2  3],[-1 -2  0  0 -2  1 -2 -1  0],[-1 -1  0  0 -2  0 -1  0  0],[ 1 -1  2  2  0  3  0 -2  1],[-2 -1 -1  0 -3  0 -2 -1 -2],[ 1 -2  2  1  0  2  0 -1  2],[ 1 -2  1  0  2  1  1  0  2],[-1 -3  0  0 -1  2 -2 -2  0]]","[[ 0  2  1  1  1 -1 -1 -1 -2],[-2  0  0 -1 -2 -1 -2 -3 -1],[-1  0  0  0  0  0 -1 -2 -1],[-1  1  0  0  0 -1 -2 -2 -2],[-1  2  0  0  0 -2 -2 -1 -3],[ 1  1  0  1  2  0  1  2 -2],[ 1  2  1  2  2 -1  0  0 -2],[ 1  3  2  2  1 -2  0  0 -1],[ 2  1  1  2  3  2  2  1  0]]",True,"[-2,-1,-1,-1,1,1,1,2,0,1,2,1,2,3,1,0,0,0,1,2,1,0,1,2,2,2,2,2,1,3,-1,-2,2,0,2,1]","[-2,-1,-1,-1,1,1,1,2,-1,-1,0,0,1,2,3,-1,-2,0,1,2,2,0,0,0,1,1,1,0,0,0,0,0,-1,0,0,1]",t^8+71t^6+507t^4+185t^2+1,"[-2,-1,-1,-1,1,1,1,2,-1,-1,0,0,1,2,3,-1,-2,0,1,2,2,0,0,0,1,1,1,0,0,0,0,0,-1,0,0,1]","[-2,-1,-1,-1,1,1,1,2,-1,0,1,0,1,2,3,0,0,1,0,0,0,0,0,0,1,1,0,1,2,2,0,-2,0,-1,-1,-1]","[-2,-1,-1,-1,1,1,1,2,1,2,2,1,2,3,1,-2,0,2,2,1,3,1,0,1,2,1,1,2,2,2,0,0,0,0,1,2]",c,"[[{8, 1}, {2, 7}, {3, 6}, {4, 5}], [{8, 1}, {2, 7}, {4, 6}, {3, 5}], [{8, 1}, {2, 7}, {5, 6}, {3, 4}], [{8, 1}, {3, 7}, {2, 6}, {4, 5}], [{8, 1}, {3, 7}, {4, 6}, {2, 5}], [{8, 1}, {3, 7}, {4, 6}, {5}, {2}], [{8, 1}, {3, 7}, {5, 6}, {2, 4}], [{8, 1}, {3, 7}, {5, 6}, {4}, {2}], [{8, 1}, {3, 7}, {6}, {4, 5}, {2}], [{8, 1}, {4, 7}, {2, 6}, {3, 5}], [{8, 1}, {4, 7}, {3, 6}, {2, 5}], [{8, 1}, {4, 7}, {5, 6}, {2, 3}], [{8, 1}, {4, 7}, {5, 6}, {3}, {2}], [{8, 1}, {4, 7}, {6}, {5}, {2, 3}], [{8, 1}, {5, 7}, {2, 6}, {3, 4}], [{8, 1}, {5, 7}, {3, 6}, {2, 4}], [{8, 1}, {5, 7}, {4, 6}, {2, 3}], [{8, 1}, {5, 7}, {6}, {2, 4}, {3}], [{8, 1}, {6, 7}, {2, 5}, {3, 4}], [{8, 1}, {6, 7}, {2, 5}, {4}, {3}], [{8, 1}, {6, 7}, {3, 5}, {2, 4}], [{8, 1}, {6, 7}, {4, 5}, {2, 3}], [{8, 1}, {7}, {3, 6}, {5}, {2, 4}], [{8, 1}, {7}, {5, 6}, {3, 4}, {2}], [{8, 2}, {1, 7}, {3, 6}, {4, 5}], [{8, 2}, {1, 7}, {4, 6}, {3, 5}], [{8, 2}, {1, 7}, {5, 6}, {3, 4}], [{8, 2}, {3, 7}, {1, 6}, {4, 5}], [{8, 2}, {3, 7}, {4, 6}, {1, 5}], [{8, 2}, {3, 7}, {5, 6}, {1, 4}], [{8, 2}, {4, 7}, {1, 6}, {3, 5}], [{8, 2}, {4, 7}, {3, 6}, {1, 5}], [{8, 2}, {4, 7}, {5, 6}, {1, 3}], [{8, 2}, {4, 7}, {6}, {1, 5}, {3}], [{8, 2}, {5, 7}, {1, 6}, {3, 4}], [{8, 2}, {5, 7}, {3, 6}, {1, 4}], [{8, 2}, {5, 7}, {4, 6}, {1, 3}], [{8, 2}, {6, 7}, {1, 5}, {3, 4}], [{8, 2}, {6, 7}, {3, 5}, {1, 4}], [{8, 2}, {6, 7}, {4, 5}, {1, 3}], [{8, 2}, {7}, {3, 6}, {5}, {1, 4}], [{8, 3}, {1, 7}, {2, 6}, {4, 5}], [{8, 3}, {1, 7}, {4, 6}, {2, 5}], [{8, 3}, {1, 7}, {5, 6}, {2, 4}], [{8, 3}, {2, 7}, {1, 6}, {4, 5}], [{8, 3}, {2, 7}, {4, 6}, {1, 5}], [{8, 3}, {2, 7}, {5, 6}, {1, 4}], [{8, 3}, {2, 7}, {6}, {5}, {1, 4}], [{8, 3}, {4, 7}, {1, 6}, {2, 5}], [{8, 3}, {4, 7}, {2, 6}, {1, 5}], [{8, 3}, {4, 7}, {5, 6}, {1, 2}], [{8, 3}, {4, 7}, {6}, {1, 5}, {2}], [{8, 3}, {5, 7}, {1, 6}, {2, 4}], [{8, 3}, {5, 7}, {2, 6}, {1, 4}], [{8, 3}, {5, 7}, {4, 6}, {1, 2}], [{8, 3}, {5, 7}, {6}, {2, 4}, {1}], [{8, 3}, {6, 7}, {1, 5}, {2, 4}], [{8, 3}, {6, 7}, {2, 5}, {1, 4}], [{8, 3}, {6, 7}, {4, 5}, {1, 2}], [{8, 3}, {6, 7}, {5}, {1, 4}, {2}], [{8, 3}, {7}, {1, 6}, {5}, {2, 4}], [{8, 3}, {7}, {2, 6}, {5}, {1, 4}], [{8, 3}, {7}, {4, 6}, {5}, {1, 2}], [{8, 4}, {1, 7}, {2, 6}, {3, 5}], [{8, 4}, {1, 7}, {3, 6}, {2, 5}], [{8, 4}, {1, 7}, {5, 6}, {2, 3}], [{8, 4}, {2, 7}, {1, 6}, {3, 5}], [{8, 4}, {2, 7}, {3, 6}, {1, 5}], [{8, 4}, {2, 7}, {5, 6}, {1, 3}], [{8, 4}, {3, 7}, {1, 6}, {2, 5}], [{8, 4}, {3, 7}, {2, 6}, {1, 5}], [{8, 4}, {3, 7}, {5, 6}, {1, 2}], [{8, 4}, {5, 7}, {1, 6}, {2, 3}], [{8, 4}, {5, 7}, {2, 6}, {1, 3}], [{8, 4}, {5, 7}, {3, 6}, {1, 2}], [{8, 4}, {5, 7}, {6}, {3}, {1, 2}], [{8, 4}, {6, 7}, {1, 5}, {2, 3}], [{8, 4}, {6, 7}, {2, 5}, {1, 3}], [{8, 4}, {6, 7}, {3, 5}, {1, 2}], [{8, 4}, {6, 7}, {5}, {1, 3}, {2}], [{8, 4}, {7}, {3, 6}, {5}, {1, 2}], [{8, 5}, {1, 7}, {2, 6}, {3, 4}], [{8, 5}, {1, 7}, {3, 6}, {2, 4}], [{8, 5}, {1, 7}, {4, 6}, {2, 3}], [{8, 5}, {2, 7}, {1, 6}, {3, 4}], [{8, 5}, {2, 7}, {3, 6}, {1, 4}], [{8, 5}, {2, 7}, {4, 6}, {1, 3}], [{8, 5}, {3, 7}, {1, 6}, {2, 4}], [{8, 5}, {3, 7}, {2, 6}, {1, 4}], [{8, 5}, {3, 7}, {4, 6}, {1, 2}], [{8, 5}, {4, 7}, {1, 6}, {2, 3}], [{8, 5}, {4, 7}, {1, 6}, {3}, {2}], [{8, 5}, {4, 7}, {2, 6}, {1, 3}], [{8, 5}, {4, 7}, {3, 6}, {1, 2}], [{8, 5}, {4, 7}, {6}, {2, 3}, {1}], [{8, 5}, {6, 7}, {1, 4}, {2, 3}], [{8, 5}, {6, 7}, {2, 4}, {1, 3}], [{8, 5}, {6, 7}, {3, 4}, {1, 2}], [{8, 5}, {7}, {3, 6}, {1, 4}, {2}], [{8, 6}, {1, 7}, {2, 5}, {3, 4}], [{8, 6}, {1, 7}, {3, 5}, {2, 4}], [{8, 6}, {1, 7}, {4, 5}, {2, 3}], [{8, 6}, {1, 7}, {5}, {2, 4}, {3}], [{8, 6}, {2, 7}, {1, 5}, {3, 4}], [{8, 6}, {2, 7}, {3, 5}, {1, 4}], [{8, 6}, {2, 7}, {4, 5}, {1, 3}], [{8, 6}, {2, 7}, {5}, {1, 4}, {3}], [{8, 6}, {3, 7}, {1, 5}, {2, 4}], [{8, 6}, {3, 7}, {2, 5}, {1, 4}], [{8, 6}, {3, 7}, {4, 5}, {1, 2}], [{8, 6}, {4, 7}, {1, 5}, {2, 3}], [{8, 6}, {4, 7}, {1, 5}, {3}, {2}], [{8, 6}, {4, 7}, {2, 5}, {1, 3}], [{8, 6}, {4, 7}, {2, 5}, {3}, {1}], [{8, 6}, {4, 7}, {3, 5}, {1, 2}], [{8, 6}, {4, 7}, {3, 5}, {2}, {1}], [{8, 6}, {4, 7}, {5}, {1, 3}, {2}], [{8, 6}, {4, 7}, {5}, {2, 3}, {1}], [{8, 6}, {4, 7}, {5}, {3}, {1, 2}], [{8, 6}, {4, 7}, {5}, {3}, {2}, {1}], [{8, 6}, {5, 7}, {1, 4}, {2, 3}], [{8, 6}, {5, 7}, {2, 4}, {1, 3}], [{8, 6}, {5, 7}, {3, 4}, {1, 2}], [{8, 7}, {1, 6}, {2, 5}, {3, 4}], [{8, 7}, {1, 6}, {3, 5}, {2, 4}], [{8, 7}, {1, 6}, {4, 5}, {2, 3}], [{8, 7}, {2, 6}, {1, 5}, {3, 4}], [{8, 7}, {2, 6}, {3, 5}, {1, 4}], [{8, 7}, {2, 6}, {4, 5}, {1, 3}], [{8, 7}, {3, 6}, {1, 5}, {2, 4}], [{8, 7}, {3, 6}, {2, 5}, {1, 4}], [{8, 7}, {3, 6}, {4, 5}, {1, 2}], [{8, 7}, {3, 6}, {5}, {1, 4}, {2}], [{8, 7}, {4, 6}, {1, 5}, {2, 3}], [{8, 7}, {4, 6}, {2, 5}, {1, 3}], [{8, 7}, {4, 6}, {3, 5}, {1, 2}], [{8, 7}, {5, 6}, {1, 4}, {2, 3}], [{8, 7}, {5, 6}, {2, 4}, {1, 3}], [{8, 7}, {5, 6}, {3, 4}, {1, 2}], [{8}, {1, 7}, {3, 6}, {4, 5}, {2}], [{8}, {2, 7}, {1, 6}, {3, 5}, {4}], [{8}, {2, 7}, {3, 6}, {5}, {1, 4}], [{8}, {2, 7}, {4, 6}, {1, 5}, {3}], [{8}, {2, 7}, {5, 6}, {3, 4}, {1}], [{8}, {2, 7}, {6}, {4, 5}, {1, 3}], [{8}, {3, 7}, {4, 6}, {2, 5}, {1}], [{8}, {3, 7}, {5, 6}, {2, 4}, {1}], [{8}, {4, 7}, {1, 6}, {5}, {2, 3}], [{8}, {4, 7}, {2, 6}, {1, 5}, {3}], [{8}, {4, 7}, {3, 6}, {1, 5}, {2}], [{8}, {4, 7}, {5, 6}, {2, 3}, {1}], [{8}, {4, 7}, {6}, {1, 5}, {2, 3}], [{8}, {4, 7}, {6}, {1, 5}, {3}, {2}], [{8}, {5, 7}, {2, 6}, {3, 4}, {1}], [{8}, {5, 7}, {3, 6}, {1, 4}, {2}], [{8}, {5, 7}, {6}, {2, 4}, {1, 3}], [{8}, {6, 7}, {1, 5}, {2, 4}, {3}], [{8}, {6, 7}, {3, 5}, {4}, {1, 2}], [{8}, {6, 7}, {4, 5}, {3}, {1, 2}], [{8}, {6, 7}, {5}, {3, 4}, {1, 2}], [{8}, {7}, {3, 6}, {2, 5}, {1, 4}]]",2,8 K_1^3 - 16 K_1^2 - 12 K_1 K_2 + 8 K_2 + 4 K_3 + 9,O1O2O3U2O4U5U1U3O6O7U6O8U4U8O5U7,O1O2O3U4O5U1U5U2O6U3O7O4U7O8U6U8,O1O2O3U4U5O4U6O7O6U1O5U2U8U3O8U7,c,{'O1O2O3U4O5U6U7O6U8O4O8U1U3U5O7U2'},1,"<a href=""/flatknot/8.1101671"">8.1101671</a>",t^9-71t^7-260t^6-35t^5+514t^4+158t^3+128t^2-147t+14,0,,
8.1101672,O1O2O3U4O5U6U7O6U8O4O8U1U5U2O7U3,3,6z^2+61z+99,6w^3z^2+61w^2z+99w,False,False,"[[ 0 -2  1  2 -1  1 -1 -1  1],[ 2  0  2  2  1  0  2  2  3],[-1 -2  0  0 -1 -1 -1  0  0],[-2 -2  0  0 -3  0 -3 -1 -1],[ 1 -1  1  3  0  2  0 -2  1],[-1  0  1  0 -2  0 -1  0 -1],[ 1 -2  1  3  0  1  0 -1  2],[ 1 -2  0  1  2  0  1  0  2],[-1 -3  0  1 -1  1 -2 -2  0]]","[[ 0  2  1  1  1 -1 -1 -1 -2],[-2  0  0  0 -1 -1 -3 -3 -2],[-1  0  0  1 -1  0 -1 -2  0],[-1  0 -1  0  0  0 -1 -1 -2],[-1  1  1  0  0 -2 -2 -1 -3],[ 1  1  0  0  2  0  1  2 -2],[ 1  3  1  1  2 -1  0  0 -2],[ 1  3  2  1  1 -2  0  0 -1],[ 2  2  0  2  3  2  2  1  0]]",True,"[-2,-1,-1,-1,1,1,1,2,0,0,1,1,3,3,2,-1,1,0,1,2,0,0,0,1,1,2,2,2,1,3,-1,-2,2,0,2,1]","[-2,-1,-1,-1,1,1,1,2,-1,-1,0,0,1,3,2,-1,-2,0,2,2,2,0,0,1,1,0,1,1,0,0,0,-1,0,1,1,1]",t^8+69t^6+638t^4+244t^2,"[-2,-1,-1,-1,1,1,1,2,-1,-1,0,0,1,3,2,-1,-2,0,2,2,2,0,0,1,1,0,1,1,0,0,0,-1,0,1,1,1]","[-2,-1,-1,-1,1,1,1,2,0,1,1,0,0,2,2,0,1,0,1,0,0,-1,1,1,2,1,1,0,2,3,0,-1,-1,-2,0,-1]","[-2,-1,-1,-1,1,1,1,2,1,2,2,0,2,3,2,-2,0,2,1,1,3,1,0,0,2,1,1,1,2,3,1,-1,0,0,0,1]",c,"[[{8, 4}, {2, 7}, {5, 6}, {1, 3}], [{8, 4}, {5, 7}, {2, 6}, {1, 3}]]",1,8 K_1^3 - 20 K_1^2 - 8 K_1 K_2 - 2 K_1 + 10 K_2 + 2 K_3 + 11,O1O2O3U1O4U2U5U3O6O7U6O8U4U8O5U7,O1O2O3U4O5U1U3U5O6U2O7O4U7O8U6U8,O1O2O3U4U5O4U6O7O6U2O5U8U1U3O8U7,c,{'O1O2O3U4O5U6U7O6U8O4O8U1U5U2O7U3'},1,"<a href=""/flatknot/8.1101672"">8.1101672</a>",t^9-69t^7-226t^6+104t^5+562t^4-260t^3-52t^2+88t-80,0,,
8.1101673,O1O2O3U4O5U6U7O6U8O4O8U1U5U3O7U2,4,19z^2+104z+133,19w^3z^2+104w^2z+133w,False,False,"[[ 0 -2  1  2 -1  1 -1 -1  1],[ 2  0  2  2  1  0  2  2  3],[-1 -2  0  1 -2  0 -2 -1  0],[-2 -2 -1  0 -2 -1 -2 -1 -1],[ 1 -1  2  2  0  2  0 -2  1],[-1  0  0  1 -2  0 -1  0 -1],[ 1 -2  2  2  0  1  0 -1  2],[ 1 -2  1  1  2  0  1  0  2],[-1 -3  0  1 -1  1 -2 -2  0]]","[[ 0  2  1  1  1 -1 -1 -1 -2],[-2  0 -1 -1 -1 -1 -2 -2 -2],[-1  1  0  1  0 -2 -1 -2 -3],[-1  1 -1  0  0  0 -2 -1  0],[-1  1  0  0  0 -1 -2 -2 -2],[ 1  1  2  0  1  0  2  1 -2],[ 1  2  1  2  2 -2  0  0 -1],[ 1  2  2  1  2 -1  0  0 -2],[ 2  2  3  0  2  2  1  2  0]]",True,"[-2,-1,-1,-1,1,1,1,2,1,1,1,1,2,2,2,-1,0,2,1,2,3,0,0,2,1,0,1,2,2,2,-2,-1,2,0,1,2]","[-2,-1,-1,-1,1,1,1,2,-1,-1,0,0,1,3,2,-1,-2,0,1,2,2,0,0,0,1,1,1,0,0,1,0,-1,0,0,0,0]",t^8+67t^6+523t^4+211t^2+4,"[-2,-1,-1,-1,1,1,1,2,-1,-1,0,0,1,3,2,-1,-2,0,1,2,2,0,0,0,1,1,1,0,0,1,0,-1,0,0,0,0]","[-2,-1,-1,-1,1,1,1,2,0,0,0,1,1,2,2,-1,0,0,1,2,3,0,1,0,0,0,0,0,1,1,0,-2,0,-1,-1,-1]","[-2,-1,-1,-1,1,1,1,2,1,2,2,0,2,3,2,-2,0,2,2,1,2,1,0,1,2,1,1,2,2,2,0,-1,1,0,1,1]",c,"[[{8, 4}, {5, 7}, {2, 6}, {1, 3}], [{8, 6}, {2, 7}, {4, 5}, {1, 3}]]",1,12 K_1^3 - 32 K_1^2 - 20 K_1 K_2 + K_1 + 16 K_2 + 7 K_3 + 17,O1O2O3U2O4U1U5U3O6O7U6O8U4U8O5U7,O1O2O3U4O5U1U5U3O6U2O7O4U7O8U6U8,O1O2O3U4U5O4U6O7O6U2O5U1U8U3O8U7,c,{'O1O2O3U4O5U6U7O6U8O4O8U1U5U3O7U2'},1,"<a href=""/flatknot/8.1101673"">8.1101673</a>",t^9-67t^7-262t^6-157t^5+380t^4+287t^3+142t^2+107t-122,0,,
8.1101674,O1O2O3U4O5U6U7O6U8O4O8U2U1U3O7U5,4,3z^3+34z^2+110z+109,3w^4z^3+34w^3z^2+110w^2z+109w,False,False,"[[ 0 -1 -1  2 -1  2 -1 -1  1],[ 1  0  0  2  0  1  1  1  2],[ 1  0  0  1  0  0  1  2  2],[-2 -2 -1  0 -3 -1 -2  0 -1],[ 1  0  0  3  0  4  0 -3  1],[-2 -1  0  1 -4  0 -3 -1 -2],[ 1 -1 -1  2  0  3  0 -1  2],[ 1 -1 -2  0  3  1  1  0  2],[-1 -2 -2  1 -1  2 -2 -2  0]]","[[ 0  2  2  1 -1 -1 -1 -1 -1],[-2  0  1 -2  0 -1 -1 -3 -4],[-2 -1  0 -1 -1  0 -2 -2 -3],[-1  2  1  0 -2 -2 -2 -2 -1],[ 1  0  1  2  0  2  0  1  0],[ 1  1  0  2 -2  0 -1  1  3],[ 1  1  2  2  0  1  0  1  0],[ 1  3  2  2 -1 -1 -1  0  0],[ 1  4  3  1  0 -3  0  0  0]]",True,"[-2,-2,-1,1,1,1,1,1,-1,2,0,1,1,3,4,1,1,0,2,2,3,2,2,2,2,1,-2,0,-1,0,1,-1,-3,-1,0,0]","[-2,-2,-1,1,1,1,1,1,-1,0,0,1,1,2,3,-1,-1,0,2,3,2,1,0,0,0,0,0,0,0,-3,-1,-1,-1,0,1,2]",t^8+85t^6+1092t^4+326t^2+1,"[-1,-1,-1,-1,-1,1,2,2,-3,-1,1,2,0,2,3,0,0,0,1,-1,0,1,1,0,0,1,0,0,2,1,0,3,2,-1,0,-1]","[-2,-2,-1,1,1,1,1,1,-1,0,0,1,1,2,3,-1,-1,0,2,3,2,1,0,0,0,0,0,0,0,-3,-1,-1,-1,0,1,2]","[-1,-1,-1,-1,-1,1,2,2,-3,0,0,0,1,3,4,-2,-1,1,2,0,1,0,1,2,1,0,1,2,2,1,2,2,3,1,2,-1]",c,"[[{8, 1}, {2, 7}, {3, 6}, {4, 5}], [{8, 1}, {2, 7}, {4, 6}, {3, 5}], [{8, 1}, {2, 7}, {5, 6}, {3, 4}], [{8, 1}, {2, 7}, {6}, {3, 5}, {4}], [{8, 1}, {3, 7}, {2, 6}, {4, 5}], [{8, 1}, {3, 7}, {4, 6}, {2, 5}], [{8, 1}, {3, 7}, {5, 6}, {2, 4}], [{8, 1}, {4, 7}, {2, 6}, {3, 5}], [{8, 1}, {4, 7}, {3, 6}, {2, 5}], [{8, 1}, {4, 7}, {5, 6}, {2, 3}], [{8, 1}, {4, 7}, {6}, {2, 5}, {3}], [{8, 1}, {4, 7}, {6}, {3, 5}, {2}], [{8, 1}, {4, 7}, {6}, {5}, {2, 3}], [{8, 1}, {5, 7}, {2, 6}, {3, 4}], [{8, 1}, {5, 7}, {3, 6}, {2, 4}], [{8, 1}, {5, 7}, {4, 6}, {2, 3}], [{8, 1}, {6, 7}, {2, 5}, {3, 4}], [{8, 1}, {6, 7}, {3, 5}, {2, 4}], [{8, 1}, {6, 7}, {4, 5}, {2, 3}], [{8, 1}, {7}, {6}, {3, 5}, {2, 4}], [{8, 2}, {1, 7}, {3, 6}, {4, 5}], [{8, 2}, {1, 7}, {3, 6}, {5}, {4}], [{8, 2}, {1, 7}, {4, 6}, {3, 5}], [{8, 2}, {1, 7}, {4, 6}, {5}, {3}], [{8, 2}, {1, 7}, {5, 6}, {3, 4}], [{8, 2}, {1, 7}, {5, 6}, {4}, {3}], [{8, 2}, {1, 7}, {6}, {3, 5}, {4}], [{8, 2}, {1, 7}, {6}, {4, 5}, {3}], [{8, 2}, {1, 7}, {6}, {5}, {3, 4}], [{8, 2}, {3, 7}, {1, 6}, {4, 5}], [{8, 2}, {3, 7}, {1, 6}, {5}, {4}], [{8, 2}, {3, 7}, {4, 6}, {1, 5}], [{8, 2}, {3, 7}, {5, 6}, {1, 4}], [{8, 2}, {4, 7}, {1, 6}, {3, 5}], [{8, 2}, {4, 7}, {1, 6}, {5}, {3}], [{8, 2}, {4, 7}, {3, 6}, {1, 5}], [{8, 2}, {4, 7}, {5, 6}, {1, 3}], [{8, 2}, {5, 7}, {1, 6}, {3, 4}], [{8, 2}, {5, 7}, {1, 6}, {4}, {3}], [{8, 2}, {5, 7}, {3, 6}, {1, 4}], [{8, 2}, {5, 7}, {4, 6}, {1, 3}], [{8, 2}, {6, 7}, {1, 5}, {3, 4}], [{8, 2}, {6, 7}, {1, 5}, {4}, {3}], [{8, 2}, {6, 7}, {3, 5}, {1, 4}], [{8, 2}, {6, 7}, {3, 5}, {4}, {1}], [{8, 2}, {6, 7}, {4, 5}, {1, 3}], [{8, 2}, {6, 7}, {4, 5}, {3}, {1}], [{8, 2}, {6, 7}, {5}, {1, 4}, {3}], [{8, 2}, {6, 7}, {5}, {3, 4}, {1}], [{8, 2}, {6, 7}, {5}, {4}, {1, 3}], [{8, 2}, {7}, {1, 6}, {3, 5}, {4}], [{8, 2}, {7}, {1, 6}, {4, 5}, {3}], [{8, 2}, {7}, {1, 6}, {5}, {3, 4}], [{8, 3}, {1, 7}, {2, 6}, {4, 5}], [{8, 3}, {1, 7}, {4, 6}, {2, 5}], [{8, 3}, {1, 7}, {5, 6}, {2, 4}], [{8, 3}, {2, 7}, {1, 6}, {4, 5}], [{8, 3}, {2, 7}, {4, 6}, {1, 5}], [{8, 3}, {2, 7}, {5, 6}, {1, 4}], [{8, 3}, {4, 7}, {1, 6}, {2, 5}], [{8, 3}, {4, 7}, {2, 6}, {1, 5}], [{8, 3}, {4, 7}, {5, 6}, {1, 2}], [{8, 3}, {4, 7}, {6}, {2, 5}, {1}], [{8, 3}, {5, 7}, {1, 6}, {2, 4}], [{8, 3}, {5, 7}, {1, 6}, {4}, {2}], [{8, 3}, {5, 7}, {2, 6}, {1, 4}], [{8, 3}, {5, 7}, {4, 6}, {1, 2}], [{8, 3}, {6, 7}, {1, 5}, {2, 4}], [{8, 3}, {6, 7}, {2, 5}, {1, 4}], [{8, 3}, {6, 7}, {4, 5}, {1, 2}], [{8, 3}, {7}, {1, 6}, {5}, {2, 4}], [{8, 3}, {7}, {2, 6}, {5}, {1, 4}], [{8, 4}, {1, 7}, {2, 6}, {3, 5}], [{8, 4}, {1, 7}, {3, 6}, {2, 5}], [{8, 4}, {1, 7}, {5, 6}, {2, 3}], [{8, 4}, {1, 7}, {6}, {5}, {2, 3}], [{8, 4}, {2, 7}, {1, 6}, {3, 5}], [{8, 4}, {2, 7}, {3, 6}, {1, 5}], [{8, 4}, {2, 7}, {5, 6}, {1, 3}], [{8, 4}, {3, 7}, {1, 6}, {2, 5}], [{8, 4}, {3, 7}, {1, 6}, {5}, {2}], [{8, 4}, {3, 7}, {2, 6}, {1, 5}], [{8, 4}, {3, 7}, {5, 6}, {1, 2}], [{8, 4}, {5, 7}, {1, 6}, {2, 3}], [{8, 4}, {5, 7}, {1, 6}, {3}, {2}], [{8, 4}, {5, 7}, {2, 6}, {1, 3}], [{8, 4}, {5, 7}, {3, 6}, {1, 2}], [{8, 4}, {6, 7}, {1, 5}, {2, 3}], [{8, 4}, {6, 7}, {1, 5}, {3}, {2}], [{8, 4}, {6, 7}, {2, 5}, {1, 3}], [{8, 4}, {6, 7}, {3, 5}, {1, 2}], [{8, 4}, {7}, {1, 6}, {3, 5}, {2}], [{8, 4}, {7}, {3, 6}, {2, 5}, {1}], [{8, 5}, {1, 7}, {2, 6}, {3, 4}], [{8, 5}, {1, 7}, {3, 6}, {2, 4}], [{8, 5}, {1, 7}, {4, 6}, {2, 3}], [{8, 5}, {2, 7}, {1, 6}, {3, 4}], [{8, 5}, {2, 7}, {3, 6}, {1, 4}], [{8, 5}, {2, 7}, {4, 6}, {1, 3}], [{8, 5}, {3, 7}, {1, 6}, {2, 4}], [{8, 5}, {3, 7}, {1, 6}, {4}, {2}], [{8, 5}, {3, 7}, {2, 6}, {1, 4}], [{8, 5}, {3, 7}, {4, 6}, {1, 2}], [{8, 5}, {4, 7}, {1, 6}, {2, 3}], [{8, 5}, {4, 7}, {2, 6}, {1, 3}], [{8, 5}, {4, 7}, {3, 6}, {1, 2}], [{8, 5}, {4, 7}, {6}, {3}, {1, 2}], [{8, 5}, {6, 7}, {1, 4}, {2, 3}], [{8, 5}, {6, 7}, {2, 4}, {1, 3}], [{8, 5}, {6, 7}, {3, 4}, {1, 2}], [{8, 5}, {6, 7}, {4}, {3}, {1, 2}], [{8, 5}, {7}, {1, 6}, {2, 4}, {3}], [{8, 5}, {7}, {4, 6}, {3}, {1, 2}], [{8, 6}, {1, 7}, {2, 5}, {3, 4}], [{8, 6}, {1, 7}, {3, 5}, {2, 4}], [{8, 6}, {1, 7}, {4, 5}, {2, 3}], [{8, 6}, {1, 7}, {5}, {2, 4}, {3}], [{8, 6}, {2, 7}, {1, 5}, {3, 4}], [{8, 6}, {2, 7}, {3, 5}, {1, 4}], [{8, 6}, {2, 7}, {3, 5}, {4}, {1}], [{8, 6}, {2, 7}, {4, 5}, {1, 3}], [{8, 6}, {3, 7}, {1, 5}, {2, 4}], [{8, 6}, {3, 7}, {2, 5}, {1, 4}], [{8, 6}, {3, 7}, {4, 5}, {1, 2}], [{8, 6}, {4, 7}, {1, 5}, {2, 3}], [{8, 6}, {4, 7}, {2, 5}, {1, 3}], [{8, 6}, {4, 7}, {3, 5}, {1, 2}], [{8, 6}, {4, 7}, {3, 5}, {2}, {1}], [{8, 6}, {4, 7}, {5}, {3}, {1, 2}], [{8, 6}, {5, 7}, {1, 4}, {2, 3}], [{8, 6}, {5, 7}, {2, 4}, {1, 3}], [{8, 6}, {5, 7}, {3, 4}, {1, 2}], [{8, 6}, {7}, {3, 5}, {2, 4}, {1}], [{8, 7}, {1, 6}, {2, 5}, {3, 4}], [{8, 7}, {1, 6}, {3, 5}, {2, 4}], [{8, 7}, {1, 6}, {3, 5}, {4}, {2}], [{8, 7}, {1, 6}, {4, 5}, {2, 3}], [{8, 7}, {1, 6}, {5}, {2, 4}, {3}], [{8, 7}, {2, 6}, {1, 5}, {3, 4}], [{8, 7}, {2, 6}, {3, 5}, {1, 4}], [{8, 7}, {2, 6}, {4, 5}, {1, 3}], [{8, 7}, {3, 6}, {1, 5}, {2, 4}], [{8, 7}, {3, 6}, {2, 5}, {1, 4}], [{8, 7}, {3, 6}, {4, 5}, {1, 2}], [{8, 7}, {4, 6}, {1, 5}, {2, 3}], [{8, 7}, {4, 6}, {2, 5}, {1, 3}], [{8, 7}, {4, 6}, {3, 5}, {1, 2}], [{8, 7}, {4, 6}, {5}, {3}, {1, 2}], [{8, 7}, {5, 6}, {1, 4}, {2, 3}], [{8, 7}, {5, 6}, {2, 4}, {1, 3}], [{8, 7}, {5, 6}, {3, 4}, {1, 2}], [{8, 7}, {5, 6}, {3, 4}, {2}, {1}], [{8, 7}, {6}, {1, 5}, {4}, {2, 3}], [{8}, {2, 7}, {1, 6}, {3, 5}, {4}], [{8}, {3, 7}, {1, 6}, {2, 5}, {4}], [{8}, {3, 7}, {1, 6}, {4, 5}, {2}], [{8}, {3, 7}, {1, 6}, {5}, {2, 4}], [{8}, {3, 7}, {1, 6}, {5}, {4}, {2}], [{8}, {3, 7}, {4, 6}, {1, 5}, {2}], [{8}, {3, 7}, {5, 6}, {1, 4}, {2}], [{8}, {4, 7}, {1, 6}, {3, 5}, {2}], [{8}, {4, 7}, {5, 6}, {3}, {1, 2}], [{8}, {4, 7}, {6}, {2, 5}, {1, 3}], [{8}, {5, 7}, {1, 6}, {2, 4}, {3}], [{8}, {5, 7}, {1, 6}, {3, 4}, {2}], [{8}, {5, 7}, {1, 6}, {4}, {2, 3}], [{8}, {5, 7}, {1, 6}, {4}, {3}, {2}], [{8}, {5, 7}, {2, 6}, {1, 4}, {3}], [{8}, {5, 7}, {2, 6}, {3, 4}, {1}], [{8}, {5, 7}, {2, 6}, {4}, {1, 3}], [{8}, {5, 7}, {3, 6}, {1, 4}, {2}], [{8}, {5, 7}, {3, 6}, {2, 4}, {1}], [{8}, {5, 7}, {3, 6}, {4}, {1, 2}], [{8}, {5, 7}, {4, 6}, {1, 3}, {2}], [{8}, {5, 7}, {4, 6}, {2, 3}, {1}], [{8}, {5, 7}, {4, 6}, {3}, {1, 2}], [{8}, {5, 7}, {6}, {1, 4}, {2, 3}], [{8}, {5, 7}, {6}, {2, 4}, {1, 3}], [{8}, {5, 7}, {6}, {3, 4}, {1, 2}], [{8}, {6, 7}, {1, 5}, {2, 4}, {3}], [{8}, {7}, {1, 6}, {3, 5}, {2, 4}], [{8}, {7}, {1, 6}, {3, 5}, {4}, {2}]]",2,- 4 K_1^2 - 8 K_1 K_2 + 4 K_1 + 2 K_2 + 4 K_3 + 3,O1O2O3U4O5U1U3U2O6O7U6O8U5U8O4U7,O1O2O3U4O5U2U1U3O6U5O7O4U7O8U6U8,O1O2O3U4U5O4U6O7O6U8O5U1U3U2O8U7,c,{'O1O2O3U4O5U6U7O6U8O4O8U2U1U3O7U5'},1,"<a href=""/flatknot/8.1101674"">8.1101674</a>",t^9-81t^7-240t^6+332t^5+1036t^4-398t^3-190t^2-7t+74,-2t^2+4t,,
8.1101675,O1O2O3U4O5U6U7O6U8O4O8U2U1U5O7U3,4,2z^3+36z^2+107z+87,2w^4z^3+36w^3z^2+107w^2z+87w,False,False,"[[ 0 -1 -1  2 -1  2 -1 -1  1],[ 1  0  0  2  0  1  1  1  2],[ 1  0  0  1  0  0  1  2  2],[-2 -2 -1  0 -3  0 -3 -1 -1],[ 1  0  0  3  0  3  0 -2  1],[-2 -1  0  0 -3  0 -2 -1 -2],[ 1 -1 -1  3  0  2  0 -1  2],[ 1 -1 -2  1  2  1  1  0  2],[-1 -2 -2  1 -1  2 -2 -2  0]]","[[ 0  2  2  1 -1 -1 -1 -1 -1],[-2  0  0 -1 -1 -1 -2 -3 -3],[-2  0  0 -2  0 -1 -1 -2 -3],[-1  1  2  0 -2 -2 -2 -2 -1],[ 1  1  0  2  0  2  0  1  0],[ 1  1  1  2 -2  0 -1  1  2],[ 1  2  1  2  0  1  0  1  0],[ 1  3  2  2 -1 -1 -1  0  0],[ 1  3  3  1  0 -2  0  0  0]]",True,"[-2,-2,-1,1,1,1,1,1,0,1,1,1,2,3,3,2,0,1,1,2,3,2,2,2,2,1,-2,0,-1,0,1,-1,-2,-1,0,0]","[-2,-2,-1,1,1,1,1,1,0,-1,0,1,2,2,3,0,0,0,1,2,2,1,0,0,0,0,0,0,-2,0,-1,-1,-1,1,0,-2]",t^8+73t^6+669t^4+224t^2,"[-1,-1,-1,-1,-1,1,2,2,-2,-1,0,0,0,2,3,-1,-2,1,0,2,2,0,1,0,0,1,0,1,0,0,0,1,2,0,-1,0]","[-2,-2,-1,1,1,1,1,1,0,-1,0,1,2,2,3,0,0,0,1,2,2,1,0,0,0,0,0,0,-2,0,-1,-1,-1,1,0,-2]","[-1,-1,-1,-1,-1,1,2,2,-2,-1,1,2,2,1,1,0,1,0,2,0,1,1,0,2,1,2,0,2,2,3,1,3,3,2,1,0]",c,"[[{8, 1}, {2, 7}, {3, 6}, {4, 5}], [{8, 1}, {2, 7}, {4, 6}, {3, 5}], [{8, 1}, {2, 7}, {5, 6}, {3, 4}], [{8, 1}, {2, 7}, {6}, {5}, {3, 4}], [{8, 1}, {3, 7}, {2, 6}, {4, 5}], [{8, 1}, {3, 7}, {4, 6}, {2, 5}], [{8, 1}, {3, 7}, {5, 6}, {2, 4}], [{8, 1}, {4, 7}, {2, 6}, {3, 5}], [{8, 1}, {4, 7}, {3, 6}, {2, 5}], [{8, 1}, {4, 7}, {5, 6}, {2, 3}], [{8, 1}, {4, 7}, {6}, {3, 5}, {2}], [{8, 1}, {5, 7}, {2, 6}, {3, 4}], [{8, 1}, {5, 7}, {3, 6}, {2, 4}], [{8, 1}, {5, 7}, {3, 6}, {4}, {2}], [{8, 1}, {5, 7}, {4, 6}, {2, 3}], [{8, 1}, {5, 7}, {6}, {2, 4}, {3}], [{8, 1}, {6, 7}, {2, 5}, {3, 4}], [{8, 1}, {6, 7}, {3, 5}, {2, 4}], [{8, 1}, {6, 7}, {4, 5}, {2, 3}], [{8, 1}, {7}, {5, 6}, {3, 4}, {2}], [{8, 2}, {1, 7}, {3, 6}, {4, 5}], [{8, 2}, {1, 7}, {3, 6}, {5}, {4}], [{8, 2}, {1, 7}, {4, 6}, {3, 5}], [{8, 2}, {1, 7}, {4, 6}, {5}, {3}], [{8, 2}, {1, 7}, {5, 6}, {3, 4}], [{8, 2}, {1, 7}, {5, 6}, {4}, {3}], [{8, 2}, {1, 7}, {6}, {3, 5}, {4}], [{8, 2}, {1, 7}, {6}, {4, 5}, {3}], [{8, 2}, {1, 7}, {6}, {5}, {3, 4}], [{8, 2}, {3, 7}, {1, 6}, {4, 5}], [{8, 2}, {3, 7}, {4, 6}, {1, 5}], [{8, 2}, {3, 7}, {4, 6}, {5}, {1}], [{8, 2}, {3, 7}, {5, 6}, {1, 4}], [{8, 2}, {3, 7}, {5, 6}, {4}, {1}], [{8, 2}, {3, 7}, {6}, {4, 5}, {1}], [{8, 2}, {4, 7}, {1, 6}, {3, 5}], [{8, 2}, {4, 7}, {3, 6}, {1, 5}], [{8, 2}, {4, 7}, {5, 6}, {1, 3}], [{8, 2}, {5, 7}, {1, 6}, {3, 4}], [{8, 2}, {5, 7}, {3, 6}, {1, 4}], [{8, 2}, {5, 7}, {4, 6}, {1, 3}], [{8, 2}, {6, 7}, {1, 5}, {3, 4}], [{8, 2}, {6, 7}, {3, 5}, {1, 4}], [{8, 2}, {6, 7}, {3, 5}, {4}, {1}], [{8, 2}, {6, 7}, {4, 5}, {1, 3}], [{8, 2}, {7}, {1, 6}, {3, 5}, {4}], [{8, 2}, {7}, {4, 6}, {5}, {1, 3}], [{8, 2}, {7}, {5, 6}, {4}, {1, 3}], [{8, 2}, {7}, {6}, {4, 5}, {1, 3}], [{8, 3}, {1, 7}, {2, 6}, {4, 5}], [{8, 3}, {1, 7}, {4, 6}, {2, 5}], [{8, 3}, {1, 7}, {5, 6}, {2, 4}], [{8, 3}, {2, 7}, {1, 6}, {4, 5}], [{8, 3}, {2, 7}, {4, 6}, {1, 5}], [{8, 3}, {2, 7}, {5, 6}, {1, 4}], [{8, 3}, {4, 7}, {1, 6}, {2, 5}], [{8, 3}, {4, 7}, {2, 6}, {1, 5}], [{8, 3}, {4, 7}, {5, 6}, {1, 2}], [{8, 3}, {5, 7}, {1, 6}, {2, 4}], [{8, 3}, {5, 7}, {1, 6}, {4}, {2}], [{8, 3}, {5, 7}, {2, 6}, {1, 4}], [{8, 3}, {5, 7}, {4, 6}, {1, 2}], [{8, 3}, {6, 7}, {1, 5}, {2, 4}], [{8, 3}, {6, 7}, {2, 5}, {1, 4}], [{8, 3}, {6, 7}, {4, 5}, {1, 2}], [{8, 3}, {6, 7}, {5}, {2, 4}, {1}], [{8, 3}, {7}, {5, 6}, {4}, {1, 2}], [{8, 4}, {1, 7}, {2, 6}, {3, 5}], [{8, 4}, {1, 7}, {3, 6}, {2, 5}], [{8, 4}, {1, 7}, {5, 6}, {2, 3}], [{8, 4}, {2, 7}, {1, 6}, {3, 5}], [{8, 4}, {2, 7}, {3, 6}, {1, 5}], [{8, 4}, {2, 7}, {5, 6}, {1, 3}], [{8, 4}, {3, 7}, {1, 6}, {2, 5}], [{8, 4}, {3, 7}, {1, 6}, {5}, {2}], [{8, 4}, {3, 7}, {2, 6}, {1, 5}], [{8, 4}, {3, 7}, {5, 6}, {1, 2}], [{8, 4}, {5, 7}, {1, 6}, {2, 3}], [{8, 4}, {5, 7}, {2, 6}, {1, 3}], [{8, 4}, {5, 7}, {3, 6}, {1, 2}], [{8, 4}, {5, 7}, {6}, {1, 3}, {2}], [{8, 4}, {6, 7}, {1, 5}, {2, 3}], [{8, 4}, {6, 7}, {2, 5}, {1, 3}], [{8, 4}, {6, 7}, {3, 5}, {1, 2}], [{8, 4}, {6, 7}, {5}, {3}, {1, 2}], [{8, 4}, {7}, {2, 6}, {5}, {1, 3}], [{8, 4}, {7}, {5, 6}, {2, 3}, {1}], [{8, 5}, {1, 7}, {2, 6}, {3, 4}], [{8, 5}, {1, 7}, {3, 6}, {2, 4}], [{8, 5}, {1, 7}, {4, 6}, {2, 3}], [{8, 5}, {2, 7}, {1, 6}, {3, 4}], [{8, 5}, {2, 7}, {3, 6}, {1, 4}], [{8, 5}, {2, 7}, {4, 6}, {1, 3}], [{8, 5}, {3, 7}, {1, 6}, {2, 4}], [{8, 5}, {3, 7}, {2, 6}, {1, 4}], [{8, 5}, {3, 7}, {4, 6}, {1, 2}], [{8, 5}, {3, 7}, {6}, {2, 4}, {1}], [{8, 5}, {4, 7}, {1, 6}, {2, 3}], [{8, 5}, {4, 7}, {2, 6}, {1, 3}], [{8, 5}, {4, 7}, {3, 6}, {1, 2}], [{8, 5}, {4, 7}, {6}, {1, 3}, {2}], [{8, 5}, {6, 7}, {1, 4}, {2, 3}], [{8, 5}, {6, 7}, {2, 4}, {1, 3}], [{8, 5}, {6, 7}, {3, 4}, {1, 2}], [{8, 5}, {7}, {1, 6}, {2, 4}, {3}], [{8, 6}, {1, 7}, {2, 5}, {3, 4}], [{8, 6}, {1, 7}, {2, 5}, {4}, {3}], [{8, 6}, {1, 7}, {3, 5}, {2, 4}], [{8, 6}, {1, 7}, {4, 5}, {2, 3}], [{8, 6}, {2, 7}, {1, 5}, {3, 4}], [{8, 6}, {2, 7}, {3, 5}, {1, 4}], [{8, 6}, {2, 7}, {4, 5}, {1, 3}], [{8, 6}, {2, 7}, {4, 5}, {3}, {1}], [{8, 6}, {3, 7}, {1, 5}, {2, 4}], [{8, 6}, {3, 7}, {1, 5}, {4}, {2}], [{8, 6}, {3, 7}, {2, 5}, {1, 4}], [{8, 6}, {3, 7}, {2, 5}, {4}, {1}], [{8, 6}, {3, 7}, {4, 5}, {1, 2}], [{8, 6}, {3, 7}, {5}, {4}, {1, 2}], [{8, 6}, {4, 7}, {1, 5}, {2, 3}], [{8, 6}, {4, 7}, {1, 5}, {3}, {2}], [{8, 6}, {4, 7}, {2, 5}, {1, 3}], [{8, 6}, {4, 7}, {2, 5}, {3}, {1}], [{8, 6}, {4, 7}, {3, 5}, {1, 2}], [{8, 6}, {4, 7}, {3, 5}, {2}, {1}], [{8, 6}, {4, 7}, {5}, {1, 3}, {2}], [{8, 6}, {4, 7}, {5}, {2, 3}, {1}], [{8, 6}, {4, 7}, {5}, {3}, {1, 2}], [{8, 6}, {4, 7}, {5}, {3}, {2}, {1}], [{8, 6}, {5, 7}, {1, 4}, {2, 3}], [{8, 6}, {5, 7}, {2, 4}, {1, 3}], [{8, 6}, {5, 7}, {2, 4}, {3}, {1}], [{8, 6}, {5, 7}, {3, 4}, {1, 2}], [{8, 6}, {7}, {1, 5}, {3, 4}, {2}], [{8, 6}, {7}, {2, 5}, {1, 4}, {3}], [{8, 6}, {7}, {2, 5}, {3, 4}, {1}], [{8, 6}, {7}, {2, 5}, {4}, {1, 3}], [{8, 6}, {7}, {2, 5}, {4}, {3}, {1}], [{8, 6}, {7}, {5}, {3, 4}, {1, 2}], [{8, 7}, {1, 6}, {2, 5}, {3, 4}], [{8, 7}, {1, 6}, {3, 5}, {2, 4}], [{8, 7}, {1, 6}, {4, 5}, {2, 3}], [{8, 7}, {1, 6}, {5}, {2, 4}, {3}], [{8, 7}, {2, 6}, {1, 5}, {3, 4}], [{8, 7}, {2, 6}, {3, 5}, {1, 4}], [{8, 7}, {2, 6}, {4, 5}, {1, 3}], [{8, 7}, {3, 6}, {1, 5}, {2, 4}], [{8, 7}, {3, 6}, {2, 5}, {1, 4}], [{8, 7}, {3, 6}, {4, 5}, {1, 2}], [{8, 7}, {3, 6}, {4, 5}, {2}, {1}], [{8, 7}, {4, 6}, {1, 5}, {2, 3}], [{8, 7}, {4, 6}, {2, 5}, {1, 3}], [{8, 7}, {4, 6}, {3, 5}, {1, 2}], [{8, 7}, {5, 6}, {1, 4}, {2, 3}], [{8, 7}, {5, 6}, {1, 4}, {3}, {2}], [{8, 7}, {5, 6}, {2, 4}, {1, 3}], [{8, 7}, {5, 6}, {3, 4}, {1, 2}], [{8, 7}, {6}, {2, 5}, {4}, {1, 3}], [{8}, {2, 7}, {5, 6}, {3, 4}, {1}], [{8}, {4, 7}, {1, 6}, {3, 5}, {2}], [{8}, {4, 7}, {5, 6}, {1, 3}, {2}], [{8}, {5, 7}, {1, 6}, {2, 4}, {3}], [{8}, {5, 7}, {2, 6}, {3, 4}, {1}], [{8}, {5, 7}, {6}, {1, 4}, {2, 3}], [{8}, {6, 7}, {2, 5}, {4}, {1, 3}], [{8}, {7}, {1, 6}, {4, 5}, {2, 3}]]",2,12 K_1^3 - 4 K_1^2 - 8 K_1 K_2 - 5 K_1 + 2 K_2 + K_3 + 3,O1O2O3U1O4U5U3U2O6O7U6O8U4U8O5U7,O1O2O3U4O5U2U1U5O6U3O7O4U7O8U6U8,O1O2O3U4U5O4U6O7O6U1O5U8U3U2O8U7,c,{'O1O2O3U4O5U6U7O6U8O4O8U2U1U5O7U3'},1,"<a href=""/flatknot/8.1101675"">8.1101675</a>",t^9-69t^7-210t^6+147t^5+622t^4-211t^3-180t^2+15t+20,-2t^2+4t,,
8.1101676,O1O2O3U4O5U6U7O6U8O4O8U2U3U1O7U5,4,2z^3+26z^2+97z+107,2w^4z^3+26w^3z^2+97w^2z+107w,False,False,"[[ 0  0 -1  1 -1  2 -1 -1  1],[ 0  0 -1  1 -1  1  0  0  1],[ 1  1  0  1  0  0  1  2  2],[-1 -1 -1  0 -2 -1 -1  1  0],[ 1  1  0  2  0  4  0 -3  1],[-2 -1  0  1 -4  0 -3 -1 -2],[ 1  0 -1  1  0  3  0 -1  2],[ 1  0 -2 -1  3  1  1  0  2],[-1 -1 -2  0 -1  2 -2 -2  0]]","[[ 0  2  1  1  0 -1 -1 -1 -1],[-2  0  1 -2 -1  0 -1 -3 -4],[-1 -1  0  0 -1 -1  1 -1 -2],[-1  2  0  0 -1 -2 -2 -2 -1],[ 0  1  1  1  0 -1  0  0 -1],[ 1  0  1  2  1  0  2  1  0],[ 1  1 -1  2  0 -2  0  1  3],[ 1  3  1  2  0 -1 -1  0  0],[ 1  4  2  1  1  0 -3  0  0]]",True,"[-2,-1,-1,0,1,1,1,1,-1,2,1,0,1,3,4,0,1,1,-1,1,2,1,2,2,2,1,1,0,0,1,-2,-1,0,-1,-3,0]","[-2,-1,-1,0,1,1,1,1,-1,2,1,-1,0,2,3,0,0,1,0,0,0,0,0,1,3,1,0,1,1,0,0,-3,0,-1,-1,-2]",t^8+71t^6+808t^4+283t^2+4,"[-1,-1,-1,-1,0,1,1,2,-3,-1,2,1,0,3,2,0,0,0,1,0,-1,1,1,0,1,0,0,0,1,3,0,0,1,0,-1,2]","[-2,-1,-1,0,1,1,1,1,-1,2,1,-1,0,2,3,0,0,1,0,0,0,0,0,1,3,1,0,1,1,0,0,-3,0,-1,-1,-2]","[-1,-1,-1,-1,0,1,1,2,-3,0,0,1,1,2,4,-2,1,0,2,-1,1,1,1,2,1,0,0,2,1,3,1,1,1,0,2,-1]",c,"[[{8, 1}, {2, 7}, {3, 6}, {4, 5}], [{8, 1}, {2, 7}, {4, 6}, {3, 5}], [{8, 1}, {2, 7}, {5, 6}, {3, 4}], [{8, 1}, {3, 7}, {2, 6}, {4, 5}], [{8, 1}, {3, 7}, {4, 6}, {2, 5}], [{8, 1}, {3, 7}, {5, 6}, {2, 4}], [{8, 1}, {4, 7}, {2, 6}, {3, 5}], [{8, 1}, {4, 7}, {3, 6}, {2, 5}], [{8, 1}, {4, 7}, {5, 6}, {2, 3}], [{8, 1}, {4, 7}, {6}, {3, 5}, {2}], [{8, 1}, {5, 7}, {2, 6}, {3, 4}], [{8, 1}, {5, 7}, {3, 6}, {2, 4}], [{8, 1}, {5, 7}, {4, 6}, {2, 3}], [{8, 1}, {5, 7}, {6}, {2, 4}, {3}], [{8, 1}, {5, 7}, {6}, {3, 4}, {2}], [{8, 1}, {5, 7}, {6}, {4}, {2, 3}], [{8, 1}, {6, 7}, {2, 5}, {3, 4}], [{8, 1}, {6, 7}, {3, 5}, {2, 4}], [{8, 1}, {6, 7}, {4, 5}, {2, 3}], [{8, 1}, {7}, {3, 6}, {5}, {2, 4}], [{8, 2}, {1, 7}, {3, 6}, {4, 5}], [{8, 2}, {1, 7}, {4, 6}, {3, 5}], [{8, 2}, {1, 7}, {5, 6}, {3, 4}], [{8, 2}, {1, 7}, {5, 6}, {4}, {3}], [{8, 2}, {3, 7}, {1, 6}, {4, 5}], [{8, 2}, {3, 7}, {4, 6}, {1, 5}], [{8, 2}, {3, 7}, {4, 6}, {5}, {1}], [{8, 2}, {3, 7}, {5, 6}, {1, 4}], [{8, 2}, {3, 7}, {5, 6}, {4}, {1}], [{8, 2}, {3, 7}, {6}, {4, 5}, {1}], [{8, 2}, {4, 7}, {1, 6}, {3, 5}], [{8, 2}, {4, 7}, {3, 6}, {1, 5}], [{8, 2}, {4, 7}, {5, 6}, {1, 3}], [{8, 2}, {4, 7}, {5, 6}, {3}, {1}], [{8, 2}, {5, 7}, {1, 6}, {3, 4}], [{8, 2}, {5, 7}, {3, 6}, {1, 4}], [{8, 2}, {5, 7}, {4, 6}, {1, 3}], [{8, 2}, {5, 7}, {6}, {3, 4}, {1}], [{8, 2}, {6, 7}, {1, 5}, {3, 4}], [{8, 2}, {6, 7}, {3, 5}, {1, 4}], [{8, 2}, {6, 7}, {4, 5}, {1, 3}], [{8, 2}, {6, 7}, {5}, {3, 4}, {1}], [{8, 2}, {7}, {5, 6}, {1, 4}, {3}], [{8, 2}, {7}, {5, 6}, {3, 4}, {1}], [{8, 2}, {7}, {5, 6}, {4}, {1, 3}], [{8, 2}, {7}, {5, 6}, {4}, {3}, {1}], [{8, 3}, {1, 7}, {2, 6}, {4, 5}], [{8, 3}, {1, 7}, {4, 6}, {2, 5}], [{8, 3}, {1, 7}, {5, 6}, {2, 4}], [{8, 3}, {1, 7}, {6}, {5}, {2, 4}], [{8, 3}, {2, 7}, {1, 6}, {4, 5}], [{8, 3}, {2, 7}, {4, 6}, {1, 5}], [{8, 3}, {2, 7}, {5, 6}, {1, 4}], [{8, 3}, {4, 7}, {1, 6}, {2, 5}], [{8, 3}, {4, 7}, {2, 6}, {1, 5}], [{8, 3}, {4, 7}, {5, 6}, {1, 2}], [{8, 3}, {5, 7}, {1, 6}, {2, 4}], [{8, 3}, {5, 7}, {2, 6}, {1, 4}], [{8, 3}, {5, 7}, {4, 6}, {1, 2}], [{8, 3}, {5, 7}, {6}, {2, 4}, {1}], [{8, 3}, {6, 7}, {1, 5}, {2, 4}], [{8, 3}, {6, 7}, {2, 5}, {1, 4}], [{8, 3}, {6, 7}, {4, 5}, {1, 2}], [{8, 3}, {6, 7}, {5}, {2, 4}, {1}], [{8, 3}, {7}, {1, 6}, {5}, {2, 4}], [{8, 3}, {7}, {2, 6}, {5}, {1, 4}], [{8, 3}, {7}, {4, 6}, {5}, {1, 2}], [{8, 3}, {7}, {5, 6}, {2, 4}, {1}], [{8, 3}, {7}, {6}, {1, 5}, {2, 4}], [{8, 3}, {7}, {6}, {5}, {2, 4}, {1}], [{8, 4}, {1, 7}, {2, 6}, {3, 5}], [{8, 4}, {1, 7}, {3, 6}, {2, 5}], [{8, 4}, {1, 7}, {5, 6}, {2, 3}], [{8, 4}, {2, 7}, {1, 6}, {3, 5}], [{8, 4}, {2, 7}, {3, 6}, {1, 5}], [{8, 4}, {2, 7}, {5, 6}, {1, 3}], [{8, 4}, {3, 7}, {1, 6}, {2, 5}], [{8, 4}, {3, 7}, {2, 6}, {1, 5}], [{8, 4}, {3, 7}, {5, 6}, {1, 2}], [{8, 4}, {5, 7}, {1, 6}, {2, 3}], [{8, 4}, {5, 7}, {2, 6}, {1, 3}], [{8, 4}, {5, 7}, {3, 6}, {1, 2}], [{8, 4}, {5, 7}, {6}, {2, 3}, {1}], [{8, 4}, {6, 7}, {1, 5}, {2, 3}], [{8, 4}, {6, 7}, {2, 5}, {1, 3}], [{8, 4}, {6, 7}, {3, 5}, {1, 2}], [{8, 4}, {6, 7}, {5}, {2, 3}, {1}], [{8, 4}, {7}, {5, 6}, {2, 3}, {1}], [{8, 5}, {1, 7}, {2, 6}, {3, 4}], [{8, 5}, {1, 7}, {2, 6}, {4}, {3}], [{8, 5}, {1, 7}, {3, 6}, {2, 4}], [{8, 5}, {1, 7}, {4, 6}, {2, 3}], [{8, 5}, {2, 7}, {1, 6}, {3, 4}], [{8, 5}, {2, 7}, {3, 6}, {1, 4}], [{8, 5}, {2, 7}, {4, 6}, {1, 3}], [{8, 5}, {3, 7}, {1, 6}, {2, 4}], [{8, 5}, {3, 7}, {2, 6}, {1, 4}], [{8, 5}, {3, 7}, {4, 6}, {1, 2}], [{8, 5}, {3, 7}, {6}, {2, 4}, {1}], [{8, 5}, {4, 7}, {1, 6}, {2, 3}], [{8, 5}, {4, 7}, {2, 6}, {1, 3}], [{8, 5}, {4, 7}, {3, 6}, {1, 2}], [{8, 5}, {6, 7}, {1, 4}, {2, 3}], [{8, 5}, {6, 7}, {2, 4}, {1, 3}], [{8, 5}, {6, 7}, {3, 4}, {1, 2}], [{8, 6}, {1, 7}, {2, 5}, {3, 4}], [{8, 6}, {1, 7}, {2, 5}, {4}, {3}], [{8, 6}, {1, 7}, {3, 5}, {2, 4}], [{8, 6}, {1, 7}, {4, 5}, {2, 3}], [{8, 6}, {2, 7}, {1, 5}, {3, 4}], [{8, 6}, {2, 7}, {3, 5}, {1, 4}], [{8, 6}, {2, 7}, {4, 5}, {1, 3}], [{8, 6}, {2, 7}, {5}, {3, 4}, {1}], [{8, 6}, {3, 7}, {1, 5}, {2, 4}], [{8, 6}, {3, 7}, {2, 5}, {1, 4}], [{8, 6}, {3, 7}, {4, 5}, {1, 2}], [{8, 6}, {4, 7}, {1, 5}, {2, 3}], [{8, 6}, {4, 7}, {1, 5}, {3}, {2}], [{8, 6}, {4, 7}, {2, 5}, {1, 3}], [{8, 6}, {4, 7}, {3, 5}, {1, 2}], [{8, 6}, {4, 7}, {5}, {2, 3}, {1}], [{8, 6}, {5, 7}, {1, 4}, {2, 3}], [{8, 6}, {5, 7}, {2, 4}, {1, 3}], [{8, 6}, {5, 7}, {2, 4}, {3}, {1}], [{8, 6}, {5, 7}, {3, 4}, {1, 2}], [{8, 6}, {5, 7}, {3, 4}, {2}, {1}], [{8, 6}, {5, 7}, {4}, {2, 3}, {1}], [{8, 6}, {7}, {2, 5}, {3, 4}, {1}], [{8, 6}, {7}, {4, 5}, {2, 3}, {1}], [{8, 6}, {7}, {5}, {2, 4}, {1, 3}], [{8, 7}, {1, 6}, {2, 5}, {3, 4}], [{8, 7}, {1, 6}, {3, 5}, {2, 4}], [{8, 7}, {1, 6}, {4, 5}, {2, 3}], [{8, 7}, {2, 6}, {1, 5}, {3, 4}], [{8, 7}, {2, 6}, {3, 5}, {1, 4}], [{8, 7}, {2, 6}, {4, 5}, {1, 3}], [{8, 7}, {3, 6}, {1, 5}, {2, 4}], [{8, 7}, {3, 6}, {2, 5}, {1, 4}], [{8, 7}, {3, 6}, {4, 5}, {1, 2}], [{8, 7}, {4, 6}, {1, 5}, {2, 3}], [{8, 7}, {4, 6}, {2, 5}, {1, 3}], [{8, 7}, {4, 6}, {2, 5}, {3}, {1}], [{8, 7}, {4, 6}, {3, 5}, {1, 2}], [{8, 7}, {5, 6}, {1, 4}, {2, 3}], [{8, 7}, {5, 6}, {2, 4}, {1, 3}], [{8, 7}, {5, 6}, {3, 4}, {1, 2}], [{8, 7}, {6}, {3, 5}, {2, 4}, {1}], [{8}, {2, 7}, {4, 6}, {5}, {1, 3}], [{8}, {3, 7}, {2, 6}, {1, 5}, {4}], [{8}, {4, 7}, {1, 6}, {2, 5}, {3}], [{8}, {4, 7}, {2, 6}, {5}, {1, 3}], [{8}, {4, 7}, {3, 6}, {2, 5}, {1}], [{8}, {4, 7}, {5, 6}, {1, 3}, {2}], [{8}, {4, 7}, {6}, {2, 5}, {1, 3}], [{8}, {5, 7}, {1, 6}, {2, 4}, {3}], [{8}, {5, 7}, {1, 6}, {3, 4}, {2}], [{8}, {5, 7}, {1, 6}, {4}, {2, 3}], [{8}, {5, 7}, {2, 6}, {1, 4}, {3}], [{8}, {5, 7}, {2, 6}, {3, 4}, {1}], [{8}, {5, 7}, {2, 6}, {4}, {1, 3}], [{8}, {5, 7}, {3, 6}, {1, 4}, {2}], [{8}, {5, 7}, {3, 6}, {2, 4}, {1}], [{8}, {5, 7}, {3, 6}, {4}, {1, 2}], [{8}, {5, 7}, {4, 6}, {1, 3}, {2}], [{8}, {5, 7}, {4, 6}, {2, 3}, {1}], [{8}, {5, 7}, {4, 6}, {3}, {1, 2}], [{8}, {5, 7}, {6}, {1, 4}, {2, 3}], [{8}, {5, 7}, {6}, {2, 4}, {1, 3}], [{8}, {5, 7}, {6}, {2, 4}, {3}, {1}], [{8}, {5, 7}, {6}, {3, 4}, {1, 2}], [{8}, {5, 7}, {6}, {3, 4}, {2}, {1}], [{8}, {5, 7}, {6}, {4}, {2, 3}, {1}], [{8}, {6, 7}, {2, 5}, {4}, {1, 3}], [{8}, {7}, {2, 6}, {4, 5}, {1, 3}], [{8}, {7}, {4, 6}, {2, 5}, {1, 3}]]",2,8 K_1^3 - 14 K_1^2 - 4 K_1 K_2 - 4 K_1 + 7 K_2 + 8,O1O2O3U4O5U3U1U2O6O7U6O8U5U8O4U7,O1O2O3U4O5U3U1U2O6U5O7O4U7O8U6U8,O1O2O3U4U5O4U6O7O6U8O5U2U3U1O8U7,c,{'O1O2O3U4O5U6U7O6U8O4O8U2U3U1O7U5'},1,"<a href=""/flatknot/8.1101676"">8.1101676</a>",t^9-69t^7-198t^6+267t^5+878t^4-417t^3-400t^2+207t+52,-t^2+2t,,
8.1101677,O1O2O3U4O5U6U7O6U8O4O8U2U5U1O7U3,4,5z^2+82z+145,5w^3z^2+82w^2z+145w,False,False,"[[ 0  0 -1  2 -1  1 -1 -1  1],[ 0  0 -1  1  0  0  0  0  1],[ 1  1  0  1  0  0  1  2  2],[-2 -1 -1  0 -3  0 -3 -1 -1],[ 1  0  0  3  0  2  0 -2  1],[-1  0  0  0 -2  0 -1  0 -1],[ 1  0 -1  3  0  1  0 -1  2],[ 1  0 -2  1  2  0  1  0  2],[-1 -1 -2  1 -1  1 -2 -2  0]]","[[ 0  2  1  1  0 -1 -1 -1 -1],[-2  0  0 -1 -1 -1 -1 -3 -3],[-1  0  0 -1  0  0  0 -1 -2],[-1  1  1  0 -1 -2 -2 -2 -1],[ 0  1  0  1  0  0 -1  0  0],[ 1  1  0  2  0  0 -2  1  2],[ 1  1  0  2  1  2  0  1  0],[ 1  3  1  2  0 -1 -1  0  0],[ 1  3  2  1  0 -2  0  0  0]]",True,"[-2,-1,-1,0,1,1,1,1,0,1,1,1,1,3,3,1,0,0,0,1,2,1,2,2,2,1,0,1,0,0,2,-1,-2,-1,0,0]","[-2,-1,-1,0,1,1,1,1,0,1,1,0,0,2,2,1,0,0,1,0,0,1,1,0,2,2,1,1,0,1,0,-1,-1,0,-2,2]",t^8+53t^6+388t^4+111t^2,"[-1,-1,-1,-1,0,1,1,2,-2,-1,0,0,0,2,2,-1,-2,1,0,2,2,0,1,0,1,0,1,1,0,0,0,1,1,-1,0,1]","[-2,-1,-1,0,1,1,1,1,0,1,1,0,0,2,2,1,0,0,1,0,0,1,1,0,2,2,1,1,0,1,0,-1,-1,0,-2,2]","[-1,-1,-1,-1,0,1,1,2,-2,0,0,0,1,2,3,-2,1,0,2,0,1,1,1,2,0,1,0,2,1,3,1,0,1,1,1,0]",c,"[[{8, 1}, {2, 7}, {3, 6}, {4, 5}], [{8, 1}, {2, 7}, {4, 6}, {3, 5}], [{8, 1}, {2, 7}, {5, 6}, {3, 4}], [{8, 1}, {2, 7}, {6}, {5}, {3, 4}], [{8, 1}, {3, 7}, {2, 6}, {4, 5}], [{8, 1}, {3, 7}, {4, 6}, {2, 5}], [{8, 1}, {3, 7}, {5, 6}, {2, 4}], [{8, 1}, {4, 7}, {2, 6}, {3, 5}], [{8, 1}, {4, 7}, {3, 6}, {2, 5}], [{8, 1}, {4, 7}, {5, 6}, {2, 3}], [{8, 1}, {4, 7}, {6}, {2, 5}, {3}], [{8, 1}, {5, 7}, {2, 6}, {3, 4}], [{8, 1}, {5, 7}, {3, 6}, {2, 4}], [{8, 1}, {5, 7}, {4, 6}, {2, 3}], [{8, 1}, {5, 7}, {6}, {4}, {2, 3}], [{8, 1}, {6, 7}, {2, 5}, {3, 4}], [{8, 1}, {6, 7}, {3, 5}, {2, 4}], [{8, 1}, {6, 7}, {4, 5}, {2, 3}], [{8, 1}, {6, 7}, {5}, {2, 4}, {3}], [{8, 1}, {7}, {4, 6}, {5}, {2, 3}], [{8, 1}, {7}, {5, 6}, {3, 4}, {2}], [{8, 2}, {1, 7}, {3, 6}, {4, 5}], [{8, 2}, {1, 7}, {3, 6}, {5}, {4}], [{8, 2}, {1, 7}, {4, 6}, {3, 5}], [{8, 2}, {1, 7}, {4, 6}, {5}, {3}], [{8, 2}, {1, 7}, {5, 6}, {3, 4}], [{8, 2}, {1, 7}, {6}, {5}, {3, 4}], [{8, 2}, {3, 7}, {1, 6}, {4, 5}], [{8, 2}, {3, 7}, {4, 6}, {1, 5}], [{8, 2}, {3, 7}, {4, 6}, {5}, {1}], [{8, 2}, {3, 7}, {5, 6}, {1, 4}], [{8, 2}, {3, 7}, {5, 6}, {4}, {1}], [{8, 2}, {3, 7}, {6}, {4, 5}, {1}], [{8, 2}, {4, 7}, {1, 6}, {3, 5}], [{8, 2}, {4, 7}, {3, 6}, {1, 5}], [{8, 2}, {4, 7}, {5, 6}, {1, 3}], [{8, 2}, {4, 7}, {5, 6}, {3}, {1}], [{8, 2}, {5, 7}, {1, 6}, {3, 4}], [{8, 2}, {5, 7}, {3, 6}, {1, 4}], [{8, 2}, {5, 7}, {4, 6}, {1, 3}], [{8, 2}, {5, 7}, {6}, {4}, {1, 3}], [{8, 2}, {6, 7}, {1, 5}, {3, 4}], [{8, 2}, {6, 7}, {1, 5}, {4}, {3}], [{8, 2}, {6, 7}, {3, 5}, {1, 4}], [{8, 2}, {6, 7}, {4, 5}, {1, 3}], [{8, 2}, {6, 7}, {4, 5}, {3}, {1}], [{8, 2}, {6, 7}, {5}, {1, 4}, {3}], [{8, 2}, {7}, {1, 6}, {3, 5}, {4}], [{8, 2}, {7}, {3, 6}, {4, 5}, {1}], [{8, 2}, {7}, {4, 6}, {5}, {1, 3}], [{8, 2}, {7}, {5, 6}, {3, 4}, {1}], [{8, 3}, {1, 7}, {2, 6}, {4, 5}], [{8, 3}, {1, 7}, {4, 6}, {2, 5}], [{8, 3}, {1, 7}, {5, 6}, {2, 4}], [{8, 3}, {2, 7}, {1, 6}, {4, 5}], [{8, 3}, {2, 7}, {4, 6}, {1, 5}], [{8, 3}, {2, 7}, {5, 6}, {1, 4}], [{8, 3}, {2, 7}, {6}, {4, 5}, {1}], [{8, 3}, {4, 7}, {1, 6}, {2, 5}], [{8, 3}, {4, 7}, {2, 6}, {1, 5}], [{8, 3}, {4, 7}, {5, 6}, {1, 2}], [{8, 3}, {4, 7}, {6}, {2, 5}, {1}], [{8, 3}, {5, 7}, {1, 6}, {2, 4}], [{8, 3}, {5, 7}, {2, 6}, {1, 4}], [{8, 3}, {5, 7}, {4, 6}, {1, 2}], [{8, 3}, {5, 7}, {6}, {4}, {1, 2}], [{8, 3}, {6, 7}, {1, 5}, {2, 4}], [{8, 3}, {6, 7}, {2, 5}, {1, 4}], [{8, 3}, {6, 7}, {4, 5}, {1, 2}], [{8, 3}, {7}, {4, 6}, {5}, {1, 2}], [{8, 4}, {1, 7}, {2, 6}, {3, 5}], [{8, 4}, {1, 7}, {3, 6}, {2, 5}], [{8, 4}, {1, 7}, {5, 6}, {2, 3}], [{8, 4}, {2, 7}, {1, 6}, {3, 5}], [{8, 4}, {2, 7}, {3, 6}, {1, 5}], [{8, 4}, {2, 7}, {5, 6}, {1, 3}], [{8, 4}, {3, 7}, {1, 6}, {2, 5}], [{8, 4}, {3, 7}, {2, 6}, {1, 5}], [{8, 4}, {3, 7}, {5, 6}, {1, 2}], [{8, 4}, {5, 7}, {1, 6}, {2, 3}], [{8, 4}, {5, 7}, {2, 6}, {1, 3}], [{8, 4}, {5, 7}, {3, 6}, {1, 2}], [{8, 4}, {5, 7}, {6}, {3}, {1, 2}], [{8, 4}, {6, 7}, {1, 5}, {2, 3}], [{8, 4}, {6, 7}, {1, 5}, {3}, {2}], [{8, 4}, {6, 7}, {2, 5}, {1, 3}], [{8, 4}, {6, 7}, {3, 5}, {1, 2}], [{8, 4}, {6, 7}, {5}, {2, 3}, {1}], [{8, 4}, {7}, {1, 6}, {2, 5}, {3}], [{8, 4}, {7}, {3, 6}, {5}, {1, 2}], [{8, 5}, {1, 7}, {2, 6}, {3, 4}], [{8, 5}, {1, 7}, {3, 6}, {2, 4}], [{8, 5}, {1, 7}, {4, 6}, {2, 3}], [{8, 5}, {2, 7}, {1, 6}, {3, 4}], [{8, 5}, {2, 7}, {3, 6}, {1, 4}], [{8, 5}, {2, 7}, {4, 6}, {1, 3}], [{8, 5}, {2, 7}, {6}, {4}, {1, 3}], [{8, 5}, {3, 7}, {1, 6}, {2, 4}], [{8, 5}, {3, 7}, {1, 6}, {4}, {2}], [{8, 5}, {3, 7}, {2, 6}, {1, 4}], [{8, 5}, {3, 7}, {4, 6}, {1, 2}], [{8, 5}, {3, 7}, {6}, {2, 4}, {1}], [{8, 5}, {4, 7}, {1, 6}, {2, 3}], [{8, 5}, {4, 7}, {2, 6}, {1, 3}], [{8, 5}, {4, 7}, {2, 6}, {3}, {1}], [{8, 5}, {4, 7}, {3, 6}, {1, 2}], [{8, 5}, {6, 7}, {1, 4}, {2, 3}], [{8, 5}, {6, 7}, {2, 4}, {1, 3}], [{8, 5}, {6, 7}, {2, 4}, {3}, {1}], [{8, 5}, {6, 7}, {3, 4}, {1, 2}], [{8, 5}, {7}, {3, 6}, {2, 4}, {1}], [{8, 5}, {7}, {4, 6}, {1, 3}, {2}], [{8, 5}, {7}, {6}, {3, 4}, {1, 2}], [{8, 6}, {1, 7}, {2, 5}, {3, 4}], [{8, 6}, {1, 7}, {3, 5}, {2, 4}], [{8, 6}, {1, 7}, {4, 5}, {2, 3}], [{8, 6}, {1, 7}, {5}, {2, 4}, {3}], [{8, 6}, {2, 7}, {1, 5}, {3, 4}], [{8, 6}, {2, 7}, {3, 5}, {1, 4}], [{8, 6}, {2, 7}, {4, 5}, {1, 3}], [{8, 6}, {2, 7}, {5}, {1, 4}, {3}], [{8, 6}, {3, 7}, {1, 5}, {2, 4}], [{8, 6}, {3, 7}, {1, 5}, {4}, {2}], [{8, 6}, {3, 7}, {2, 5}, {1, 4}], [{8, 6}, {3, 7}, {2, 5}, {4}, {1}], [{8, 6}, {3, 7}, {4, 5}, {1, 2}], [{8, 6}, {3, 7}, {5}, {4}, {1, 2}], [{8, 6}, {4, 7}, {1, 5}, {2, 3}], [{8, 6}, {4, 7}, {1, 5}, {3}, {2}], [{8, 6}, {4, 7}, {2, 5}, {1, 3}], [{8, 6}, {4, 7}, {2, 5}, {3}, {1}], [{8, 6}, {4, 7}, {3, 5}, {1, 2}], [{8, 6}, {4, 7}, {3, 5}, {2}, {1}], [{8, 6}, {4, 7}, {5}, {1, 3}, {2}], [{8, 6}, {4, 7}, {5}, {2, 3}, {1}], [{8, 6}, {4, 7}, {5}, {3}, {1, 2}], [{8, 6}, {4, 7}, {5}, {3}, {2}, {1}], [{8, 6}, {5, 7}, {1, 4}, {2, 3}], [{8, 6}, {5, 7}, {2, 4}, {1, 3}], [{8, 6}, {5, 7}, {3, 4}, {1, 2}], [{8, 6}, {5, 7}, {4}, {3}, {1, 2}], [{8, 6}, {7}, {1, 5}, {3, 4}, {2}], [{8, 6}, {7}, {2, 5}, {3, 4}, {1}], [{8, 6}, {7}, {3, 5}, {4}, {1, 2}], [{8, 6}, {7}, {4, 5}, {3}, {1, 2}], [{8, 6}, {7}, {5}, {3, 4}, {1, 2}], [{8, 6}, {7}, {5}, {4}, {3}, {1, 2}], [{8, 7}, {1, 6}, {2, 5}, {3, 4}], [{8, 7}, {1, 6}, {2, 5}, {4}, {3}], [{8, 7}, {1, 6}, {3, 5}, {2, 4}], [{8, 7}, {1, 6}, {3, 5}, {4}, {2}], [{8, 7}, {1, 6}, {4, 5}, {2, 3}], [{8, 7}, {1, 6}, {5}, {4}, {2, 3}], [{8, 7}, {2, 6}, {1, 5}, {3, 4}], [{8, 7}, {2, 6}, {3, 5}, {1, 4}], [{8, 7}, {2, 6}, {4, 5}, {1, 3}], [{8, 7}, {2, 6}, {5}, {4}, {1, 3}], [{8, 7}, {3, 6}, {1, 5}, {2, 4}], [{8, 7}, {3, 6}, {2, 5}, {1, 4}], [{8, 7}, {3, 6}, {4, 5}, {1, 2}], [{8, 7}, {3, 6}, {5}, {2, 4}, {1}], [{8, 7}, {4, 6}, {1, 5}, {2, 3}], [{8, 7}, {4, 6}, {2, 5}, {1, 3}], [{8, 7}, {4, 6}, {3, 5}, {1, 2}], [{8, 7}, {5, 6}, {1, 4}, {2, 3}], [{8, 7}, {5, 6}, {2, 4}, {1, 3}], [{8, 7}, {5, 6}, {2, 4}, {3}, {1}], [{8, 7}, {5, 6}, {3, 4}, {1, 2}], [{8, 7}, {5, 6}, {3, 4}, {2}, {1}], [{8, 7}, {5, 6}, {4}, {2, 3}, {1}], [{8, 7}, {6}, {1, 5}, {4}, {2, 3}], [{8, 7}, {6}, {3, 5}, {2, 4}, {1}], [{8, 7}, {6}, {5}, {3, 4}, {1, 2}], [{8}, {1, 7}, {4, 6}, {3, 5}, {2}], [{8}, {1, 7}, {5, 6}, {3, 4}, {2}], [{8}, {2, 7}, {1, 6}, {3, 5}, {4}], [{8}, {2, 7}, {5, 6}, {3, 4}, {1}], [{8}, {3, 7}, {1, 6}, {5}, {2, 4}], [{8}, {3, 7}, {2, 6}, {5}, {1, 4}], [{8}, {4, 7}, {1, 6}, {2, 5}, {3}], [{8}, {4, 7}, {3, 6}, {2, 5}, {1}], [{8}, {4, 7}, {6}, {2, 5}, {1, 3}], [{8}, {4, 7}, {6}, {2, 5}, {3}, {1}], [{8}, {5, 7}, {1, 6}, {3, 4}, {2}], [{8}, {5, 7}, {2, 6}, {3, 4}, {1}], [{8}, {5, 7}, {3, 6}, {1, 4}, {2}], [{8}, {5, 7}, {3, 6}, {2, 4}, {1}], [{8}, {5, 7}, {3, 6}, {4}, {1, 2}], [{8}, {5, 7}, {4, 6}, {3}, {1, 2}], [{8}, {5, 7}, {6}, {3, 4}, {1, 2}], [{8}, {6, 7}, {1, 5}, {2, 4}, {3}], [{8}, {6, 7}, {2, 5}, {4}, {1, 3}], [{8}, {6, 7}, {5}, {3, 4}, {1, 2}], [{8}, {7}, {1, 6}, {4, 5}, {2, 3}], [{8}, {7}, {2, 6}, {4, 5}, {1, 3}], [{8}, {7}, {4, 6}, {2, 5}, {1, 3}], [{8}, {7}, {5, 6}, {3, 4}, {1, 2}], [{8}, {7}, {6}, {5}, {3, 4}, {1, 2}]]",2,- 30 K_1^2 - 4 K_1 K_2 + 2 K_1 + 15 K_2 + 2 K_3 + 16,O1O2O3U1O4U3U5U2O6O7U6O8U4U8O5U7,O1O2O3U4O5U3U1U5O6U2O7O4U7O8U6U8,O1O2O3U4U5O4U6O7O6U2O5U8U3U1O8U7,c,{'O1O2O3U4O5U6U7O6U8O4O8U2U5U1O7U3'},1,"<a href=""/flatknot/8.1101677"">8.1101677</a>",t^9-51t^7-120t^6+151t^5+352t^4-163t^3+32t^2+27t,-t^2+2t,,
8.1101678,O1O2O3U4O5U6U7O6U8O4O8U3U1U2O7U5,4,4z^3+36z^2+109z+107,4w^4z^3+36w^3z^2+109w^2z+107w,False,False,"[[ 0 -1  1  0 -1  2 -1 -1  1],[ 1  0  1  0  0  1  1  1  2],[-1 -1  0  0 -2  0 -1  0  0],[ 0  0  0  0 -1 -1  0  2  1],[ 1  0  2  1  0  4  0 -3  1],[-2 -1  0  1 -4  0 -3 -1 -2],[ 1 -1  1  0  0  3  0 -1  2],[ 1 -1  0 -2  3  1  1  0  2],[-1 -2  0 -1 -1  2 -2 -2  0]]","[[ 0  2  1  1  0 -1 -1 -1 -1],[-2  0  0 -2  1 -1 -1 -3 -4],[-1  0  0  0  0  0 -1 -1 -2],[-1  2  0  0 -1 -2 -2 -2 -1],[ 0 -1  0  1  0  2  0  0 -1],[ 1  1  0  2 -2  0 -1  1  3],[ 1  1  1  2  0  1  0  1  0],[ 1  3  1  2  0 -1 -1  0  0],[ 1  4  2  1  1 -3  0  0  0]]",True,"[-2,-1,-1,0,1,1,1,1,0,2,-1,1,1,3,4,0,0,0,1,1,2,1,2,2,2,1,-2,0,0,1,1,-1,-3,-1,0,0]","[-2,-1,-1,0,1,1,1,1,-1,1,3,-1,0,2,2,0,0,1,0,0,0,1,0,1,1,2,0,1,1,3,0,0,-3,-1,-1,1]",t^8+69t^6+694t^4+136t^2+4,"[-1,-1,-1,-1,0,1,1,2,-3,-1,1,3,0,2,2,0,0,0,1,0,-1,1,1,0,1,0,1,0,1,2,0,1,3,0,-1,1]","[-2,-1,-1,0,1,1,1,1,-1,1,3,-1,0,2,2,0,0,1,0,0,0,1,0,1,1,2,0,1,1,3,0,0,-3,-1,-1,1]","[-1,-1,-1,-1,0,1,1,2,-3,0,0,1,1,2,4,-1,1,-2,2,0,1,1,0,2,1,1,0,2,1,3,1,0,-1,0,2,0]",c,"[[{8, 1}, {2, 7}, {3, 6}, {4, 5}], [{8, 1}, {2, 7}, {4, 6}, {3, 5}], [{8, 1}, {2, 7}, {5, 6}, {3, 4}], [{8, 1}, {3, 7}, {2, 6}, {4, 5}], [{8, 1}, {4, 7}, {2, 6}, {3, 5}], [{8, 1}, {5, 7}, {2, 6}, {3, 4}], [{8, 2}, {3, 7}, {1, 6}, {4, 5}], [{8}, {5, 7}, {2, 6}, {3, 4}, {1}]]",1,8 K_1^3 - 10 K_1^2 - 4 K_1 K_2 - 4 K_1 + 5 K_2 + 6,O1O2O3U4O5U2U3U1O6O7U6O8U5U8O4U7,O1O2O3U4O5U2U3U1O6U5O7O4U7O8U6U8,O1O2O3U4U5O4U6O7O6U8O5U3U1U2O8U7,c,{'O1O2O3U4O5U6U7O6U8O4O8U3U1U2O7U5'},1,"<a href=""/flatknot/8.1101678"">8.1101678</a>",t^9-67t^7-176t^6+215t^5+682t^4-171t^3-368t^2+336t-64,-t^2+2t,,
8.1101679,O1O2O3U4O5U6U7O6U8O4O8U3U1U5O7U2,4,9z^2+62z+89,9w^3z^2+62w^2z+89w,False,False,"[[ 0 -1  1  0 -1  2 -1 -1  1],[ 1  0  1  0  0  1  1  1  2],[-1 -1  0  0 -2  1 -2 -1  0],[ 0  0  0  0 -1  0  0  1  1],[ 1  0  2  1  0  3  0 -2  1],[-2 -1 -1  0 -3  0 -2 -1 -2],[ 1 -1  2  0  0  2  0 -1  2],[ 1 -1  1 -1  2  1  1  0  2],[-1 -2  0 -1 -1  2 -2 -2  0]]","[[ 0  2  1  1  0 -1 -1 -1 -1],[-2  0 -1 -2  0 -1 -1 -2 -3],[-1  1  0  0  0 -1 -1 -2 -2],[-1  2  0  0 -1 -2 -2 -2 -1],[ 0  0  0  1  0  1  0  0 -1],[ 1  1  1  2 -1  0 -1  1  2],[ 1  1  1  2  0  1  0  1  0],[ 1  2  2  2  0 -1 -1  0  0],[ 1  3  2  1  1 -2  0  0  0]]",True,"[-2,-1,-1,0,1,1,1,1,1,2,0,1,1,2,3,0,0,1,1,2,2,1,2,2,2,1,-1,0,0,1,1,-1,-2,-1,0,0]","[-2,-1,-1,0,1,1,1,1,-1,0,2,0,1,2,2,0,0,1,0,0,0,1,0,0,1,1,0,1,1,2,0,0,-2,-1,-1,1]",t^8+53t^6+345t^4+143t^2+1,"[-1,-1,-1,-1,0,1,1,2,-2,-1,1,2,0,1,2,0,0,0,1,0,0,1,1,0,0,1,1,0,1,2,0,1,2,0,-1,0]","[-2,-1,-1,0,1,1,1,1,-1,0,2,0,1,2,2,0,0,1,0,0,0,1,0,0,1,1,0,1,1,2,0,0,-2,-1,-1,1]","[-1,-1,-1,-1,0,1,1,2,-2,0,0,1,1,2,3,-1,1,-1,2,1,1,1,0,2,1,1,0,2,2,2,1,0,0,0,2,1]",c,"[[{8, 1}, {2, 7}, {3, 6}, {4, 5}], [{8, 1}, {2, 7}, {4, 6}, {3, 5}], [{8, 1}, {2, 7}, {5, 6}, {3, 4}], [{8, 1}, {3, 7}, {5, 6}, {2, 4}], [{8, 1}, {5, 7}, {3, 6}, {2, 4}], [{8, 1}, {6, 7}, {3, 5}, {2, 4}]]",1,- 14 K_1^2 - 4 K_1 K_2 + 2 K_1 + 7 K_2 + 2 K_3 + 8,O1O2O3U2O4U5U3U1O6O7U6O8U4U8O5U7,O1O2O3U4O5U2U5U1O6U3O7O4U7O8U6U8,O1O2O3U4U5O4U6O7O6U1O5U3U8U2O8U7,c,"{'O1O2U3O4O3U5O6U7U1O7U8O5O8U2U4U6', 'O1O2O3U4O5U6U7O6U8O4O8U3U1U5O7U2'}",2,"<a href=""/flatknot/8.1101679"">8.1101679</a>",t^9-51t^7-150t^6+26t^5+314t^4+143t^3-12t^2-50t-88,-t^2+2t,,
8.1101680,O1O2O3U4O5U6U7O6U8O4O8U3U2U1O7U5,3,z^2+14z+25,8w^5z^2-16w^4z^2+24w^4z+9w^3z^2-48w^3z+38w^2z+25w,False,False,"[[ 0  0  0  0 -1  2 -1 -1  1],[ 0  0  0  0 -1  1  0  0  1],[ 0  0  0  0 -1  0  0  1  1],[ 0  0  0  0 -1 -1  0  2  1],[ 1  1  1  1  0  4  0 -3  1],[-2 -1  0  1 -4  0 -3 -1 -2],[ 1  0  0  0  0  3  0 -1  2],[ 1  0 -1 -2  3  1  1  0  2],[-1 -1 -1 -1 -1  2 -2 -2  0]]","[[ 0  2  1  0  0  0 -1 -1 -1],[-2  0 -2  1  0 -1 -1 -3 -4],[-1  2  0 -1 -1 -1 -2 -2 -1],[ 0 -1  1  0  0  0  2  0 -1],[ 0  0  1  0  0  0  1  0 -1],[ 0  1  1  0  0  0  0  0 -1],[ 1  1  2 -2 -1  0  0  1  3],[ 1  3  2  0  0  0 -1  0  0],[ 1  4  1  1  1  1 -3  0  0]]",True,"[-2,-1,0,0,0,1,1,1,2,-1,0,1,1,3,4,1,1,1,2,2,1,0,0,-2,0,1,0,-1,0,1,0,0,1,-1,-3,0]","[-2,-1,0,0,0,1,1,1,-1,1,2,3,-1,0,2,0,0,0,1,0,0,0,0,0,1,1,0,0,1,2,0,1,3,0,-3,-1]",t^8+62t^6+557t^4+84t^2,"[-1,-1,-1,0,0,0,1,2,-3,-1,1,2,3,0,2,0,0,0,0,1,-1,1,1,1,0,0,0,0,0,1,0,0,2,0,3,-1]","[-2,-1,0,0,0,1,1,1,-1,1,2,3,-1,0,2,0,0,0,1,0,0,0,0,0,1,1,0,0,1,2,0,1,3,0,-3,-1]","[-1,-1,-1,0,0,0,1,2,-3,0,1,1,1,1,4,1,-2,-1,0,2,1,0,0,0,2,3,0,0,1,-1,0,1,0,1,1,2]",c,"[[{8, 1}, {3, 7}, {2, 6}, {4, 5}], [{8, 2}, {3, 7}, {1, 6}, {4, 5}]]",1,- 6 K_1^2 - 4 K_1 K_2 + 2 K_1 + 3 K_2 + 2 K_3 + 4,O1O2O3U4O5U3U2U1O6O7U6O8U5U8O4U7,O1O2O3U4O5U3U2U1O6U5O7O4U7O8U6U8,O1O2O3U4U5O4U6O7O6U8O5U3U2U1O8U7,c,{'O1O2O3U4O5U6U7O6U8O4O8U3U2U1O7U5'},1,"<a href=""/flatknot/8.1101680"">8.1101680</a>",t^9-60t^7-162t^6+88t^5+318t^4-231t^3-106t^2+76t-8,-t^2+2t,,
8.1101681,O1O2O3U4O5U6U7O6U8O4O8U3U5U1O7U2,3,19z^2+96z+117,19w^3z^2+96w^2z+117w,False,False,"[[ 0  0  1  0 -1  1 -1 -1  1],[ 0  0  0 -1  0  0  0  0  1],[-1  0  0  0 -2  1 -2 -1  0],[ 0  1  0  0 -1  0  0  1  1],[ 1  0  2  1  0  2  0 -2  1],[-1  0 -1  0 -2  0 -1  0 -1],[ 1  0  2  0  0  1  0 -1  2],[ 1  0  1 -1  2  0  1  0  2],[-1 -1  0 -1 -1  1 -2 -2  0]]","[[ 0  1  1  1  0  0 -1 -1 -1],[-1  0  1  0  0  0 -1 -2 -2],[-1 -1  0 -1  0  0  0 -1 -2],[-1  0  1  0 -1 -1 -2 -2 -1],[ 0  0  0  1  0  1  1  0 -1],[ 0  0  0  1 -1  0  0  0  0],[ 1  1  0  2 -1  0  0  1  2],[ 1  2  1  2  0  0 -1  0  0],[ 1  2  2  1  1  0 -2  0  0]]",True,"[-1,-1,-1,0,0,1,1,1,-1,0,0,0,1,2,2,1,0,0,0,1,2,1,1,2,2,1,-1,-1,0,1,0,0,0,-1,-2,0]","[-1,-1,-1,0,0,1,1,1,-2,-1,1,2,0,1,2,0,1,0,1,0,0,1,1,0,0,1,1,0,1,1,0,1,1,0,-1,-1]",t^8+35t^6+185t^4+44t^2,"[-1,-1,-1,0,0,1,1,1,-2,-1,1,2,0,1,2,0,1,0,1,0,0,1,1,0,0,1,1,0,1,1,0,1,1,0,-1,-1]","[-1,-1,-1,0,0,1,1,1,-1,-1,1,1,0,1,2,0,0,0,1,0,0,1,1,0,0,1,-1,1,1,1,0,1,2,0,-2,-1]","[-1,-1,-1,0,0,1,1,1,-2,0,0,1,1,2,2,1,0,-1,2,0,1,0,0,2,1,2,-1,1,0,0,1,0,0,1,0,-1]",c,"[[{8, 1}, {5, 7}, {2, 6}, {3, 4}], [{8, 1}, {5, 7}, {3, 6}, {2, 4}], [{8, 3}, {5, 7}, {1, 6}, {2, 4}], [{8, 3}, {5, 7}, {1, 6}, {4}, {2}], [{8, 3}, {5, 7}, {2, 6}, {1, 4}], [{8, 3}, {5, 7}, {2, 6}, {4}, {1}], [{8, 3}, {5, 7}, {4, 6}, {1, 2}], [{8, 3}, {5, 7}, {4, 6}, {2}, {1}], [{8, 3}, {5, 7}, {6}, {1, 4}, {2}], [{8, 3}, {5, 7}, {6}, {2, 4}, {1}], [{8, 3}, {5, 7}, {6}, {4}, {1, 2}], [{8, 3}, {5, 7}, {6}, {4}, {2}, {1}], [{8, 4}, {5, 7}, {2, 6}, {1, 3}], [{8, 4}, {5, 7}, {2, 6}, {3}, {1}], [{8, 6}, {5, 7}, {2, 4}, {1, 3}], [{8, 6}, {5, 7}, {2, 4}, {3}, {1}], [{8, 7}, {2, 6}, {4, 5}, {1, 3}], [{8}, {5, 7}, {2, 6}, {3, 4}, {1}], [{8}, {5, 7}, {3, 6}, {2, 4}, {1}]]",1,- 16 K_1^2 + 8 K_2 + 9,O1O2O3U2O4U3U5U1O6O7U6O8U4U8O5U7,O1O2O3U4O5U3U5U1O6U2O7O4U7O8U6U8,O1O2O3U4U5O4U6O7O6U2O5U3U8U1O8U7,c,{'O1O2O3U4O5U6U7O6U8O4O8U3U5U1O7U2'},1,"<a href=""/flatknot/8.1101681"">8.1101681</a>",t^9-35t^7-62t^6+115t^5+180t^4-61t^3-52t^2,0,,
8.1101682,O1O2O3U4O5U6U1O7U2O4O6U3U8U7O8U5,4,16z^2+101z+139,16w^3z^2+101w^2z+139w,False,False,"[[ 0 -1  0  0 -1  2  0  1 -1],[ 1  0  1  0  0  1  1  0  1],[ 0 -1  0 -1  0  1  1  0 -1],[ 0  0  1  0 -1  1  1 -1 -1],[ 1  0  0  1  0  2  0  2  1],[-2 -1 -1 -1 -2  0 -1  0 -3],[ 0 -1 -1 -1  0  1  0  1  0],[-1  0  0  1 -2  0 -1  0 -1],[ 1 -1  1  1 -1  3  0  1  0]]","[[ 0  2  1  0  0  0 -1 -1 -1],[-2  0  0 -1 -1 -1 -1 -2 -3],[-1  0  0  1  0 -1  0 -2 -1],[ 0  1 -1  0  1  1  0 -1 -1],[ 0  1  0 -1  0  1 -1  0 -1],[ 0  1  1 -1 -1  0 -1  0  0],[ 1  1  0  0  1  1  0  0  1],[ 1  2  2  1  0  0  0  0  1],[ 1  3  1  1  1  0 -1 -1  0]]",True,"[-2,-1,0,0,0,1,1,1,0,1,1,1,1,2,3,-1,0,1,0,2,1,-1,-1,0,1,1,-1,1,0,1,1,0,0,0,-1,-1]","[-2,-1,0,0,0,1,1,1,0,1,1,1,1,2,3,-1,0,1,0,2,1,-1,-1,0,1,1,-1,1,0,1,1,0,0,0,-1,-1]",t^8+34t^6+235t^4+129t^2+9,"[-1,-1,-1,0,0,0,1,2,-1,0,0,0,1,2,2,1,0,1,0,1,0,1,1,0,0,1,-1,1,1,1,1,0,1,2,1,1]","[-2,-1,0,0,0,1,1,1,1,1,1,1,0,1,2,0,1,2,1,0,2,-1,-1,1,1,0,-1,0,1,0,0,0,1,-1,-1,0]","[-1,-1,-1,0,0,0,1,2,-1,-1,0,1,1,1,3,0,0,0,1,2,2,1,1,0,0,1,-1,-1,1,1,-1,0,1,-1,1,0]",c,"[[{8, 2}, {3, 7}, {1, 6}, {4, 5}]]",1,- 22 K_1^2 + 11 K_2 + 12,O1O2O3U4O5U6U5U1O7O8U2O6U3U7O4U8,O1O2O3U2O4U5U6U1O7U4O8O5U3O6U7U8,O1O2O3U4U5O6U1O7O4U8O5U3U6U7O8U2,c,{'O1O2O3U4O5U6U1O7U2O4O6U3U8U7O8U5'},1,"<a href=""/flatknot/8.1101682"">8.1101682</a>",t^9-32t^7-70t^6+66t^5+266t^4+76t^3-218t^2-109t+28,-t^2+2t,,
8.1101683,O1O2O3U4O5U6U1O7U2O4O6U7U8U3O8U5,4,19z^2+104z+133,19w^3z^2+104w^2z+133w,False,False,"[[ 0 -1  0  2 -1  2  0 -1 -1],[ 1  0  1  0  0  1  1 -1  0],[ 0 -1  0  0  0  1  1 -1 -1],[-2  0  0  0 -2 -1  0 -2 -2],[ 1  0  0  2  0  2  0  0  0],[-2 -1 -1  1 -2  0 -1 -1 -2],[ 0 -1 -1  0  0  1  0 -1 -1],[ 1  1  1  2  0  1  1  0  1],[ 1  0  1  2  0  2  1 -1  0]]","[[ 0  2  2  0  0 -1 -1 -1 -1],[-2  0  1 -1 -1 -1 -1 -2 -2],[-2 -1  0  0  0  0 -2 -2 -2],[ 0  1  0  0  1 -1 -1  0 -1],[ 0  1  0 -1  0 -1 -1  0 -1],[ 1  1  0  1  1  0 -1  0  0],[ 1  1  2  1  1  1  0  0  1],[ 1  2  2  0  0  0  0  0  0],[ 1  2  2  1  1  0 -1  0  0]]",True,"[-2,-2,0,0,1,1,1,1,-1,1,1,1,1,2,2,0,0,0,2,2,2,-1,1,1,0,1,1,1,0,1,1,0,0,0,-1,0]","[-2,-2,0,0,1,1,1,1,-1,1,1,1,1,2,2,0,0,0,2,2,2,-1,1,1,0,1,1,1,0,1,1,0,0,0,-1,0]",t^8+34t^6+190t^4+71t^2+4,"[-1,-1,-1,-1,0,0,2,2,-1,-1,0,0,0,1,2,0,0,0,0,1,1,0,0,0,3,2,1,1,1,1,-1,2,1,2,1,1]","[-2,-2,0,0,1,1,1,1,-1,2,2,1,1,1,3,1,1,1,1,2,2,-1,0,1,0,0,0,1,0,0,0,-1,0,0,0,1]","[-1,-1,-1,-1,0,0,2,2,-1,0,0,1,1,0,1,0,1,1,1,2,1,0,0,0,2,2,1,1,2,2,-1,0,1,0,1,-1]",c,"[[{8, 1}, {2, 7}, {3, 6}, {4, 5}], [{8, 1}, {2, 7}, {4, 6}, {3, 5}], [{8, 1}, {2, 7}, {4, 6}, {5}, {3}], [{8, 1}, {2, 7}, {5, 6}, {3, 4}], [{8, 1}, {3, 7}, {2, 6}, {4, 5}], [{8, 1}, {3, 7}, {4, 6}, {2, 5}], [{8, 1}, {3, 7}, {5, 6}, {2, 4}], [{8, 1}, {4, 7}, {2, 6}, {3, 5}], [{8, 1}, {4, 7}, {2, 6}, {5}, {3}], [{8, 1}, {4, 7}, {3, 6}, {2, 5}], [{8, 1}, {4, 7}, {5, 6}, {2, 3}], [{8, 1}, {5, 7}, {2, 6}, {3, 4}], [{8, 1}, {5, 7}, {3, 6}, {2, 4}], [{8, 1}, {5, 7}, {4, 6}, {2, 3}], [{8, 1}, {6, 7}, {2, 5}, {3, 4}], [{8, 1}, {6, 7}, {2, 5}, {4}, {3}], [{8, 1}, {6, 7}, {3, 5}, {2, 4}], [{8, 1}, {6, 7}, {3, 5}, {4}, {2}], [{8, 1}, {6, 7}, {4, 5}, {2, 3}], [{8, 1}, {6, 7}, {4, 5}, {3}, {2}], [{8, 1}, {6, 7}, {5}, {2, 4}, {3}], [{8, 1}, {6, 7}, {5}, {3, 4}, {2}], [{8, 1}, {6, 7}, {5}, {4}, {2, 3}], [{8, 1}, {6, 7}, {5}, {4}, {3}, {2}], [{8, 2}, {1, 7}, {3, 6}, {4, 5}], [{8, 2}, {1, 7}, {4, 6}, {3, 5}], [{8, 2}, {1, 7}, {5, 6}, {3, 4}], [{8, 2}, {3, 7}, {1, 6}, {4, 5}], [{8, 2}, {3, 7}, {4, 6}, {1, 5}], [{8, 2}, {3, 7}, {5, 6}, {1, 4}], [{8, 2}, {3, 7}, {6}, {5}, {1, 4}], [{8, 2}, {4, 7}, {1, 6}, {3, 5}], [{8, 2}, {4, 7}, {3, 6}, {1, 5}], [{8, 2}, {4, 7}, {5, 6}, {1, 3}], [{8, 2}, {5, 7}, {1, 6}, {3, 4}], [{8, 2}, {5, 7}, {3, 6}, {1, 4}], [{8, 2}, {5, 7}, {4, 6}, {1, 3}], [{8, 2}, {5, 7}, {6}, {3, 4}, {1}], [{8, 2}, {6, 7}, {1, 5}, {3, 4}], [{8, 2}, {6, 7}, {1, 5}, {4}, {3}], [{8, 2}, {6, 7}, {3, 5}, {1, 4}], [{8, 2}, {6, 7}, {3, 5}, {4}, {1}], [{8, 2}, {6, 7}, {4, 5}, {1, 3}], [{8, 2}, {6, 7}, {5}, {4}, {1, 3}], [{8, 2}, {7}, {1, 6}, {5}, {3, 4}], [{8, 3}, {1, 7}, {2, 6}, {4, 5}], [{8, 3}, {1, 7}, {4, 6}, {2, 5}], [{8, 3}, {1, 7}, {5, 6}, {2, 4}], [{8, 3}, {1, 7}, {6}, {2, 5}, {4}], [{8, 3}, {2, 7}, {1, 6}, {4, 5}], [{8, 3}, {2, 7}, {4, 6}, {1, 5}], [{8, 3}, {2, 7}, {5, 6}, {1, 4}], [{8, 3}, {2, 7}, {6}, {5}, {1, 4}], [{8, 3}, {4, 7}, {1, 6}, {2, 5}], [{8, 3}, {4, 7}, {2, 6}, {1, 5}], [{8, 3}, {4, 7}, {5, 6}, {1, 2}], [{8, 3}, {5, 7}, {1, 6}, {2, 4}], [{8, 3}, {5, 7}, {2, 6}, {1, 4}], [{8, 3}, {5, 7}, {2, 6}, {4}, {1}], [{8, 3}, {5, 7}, {4, 6}, {1, 2}], [{8, 3}, {6, 7}, {1, 5}, {2, 4}], [{8, 3}, {6, 7}, {1, 5}, {4}, {2}], [{8, 3}, {6, 7}, {2, 5}, {1, 4}], [{8, 3}, {6, 7}, {2, 5}, {4}, {1}], [{8, 3}, {6, 7}, {4, 5}, {1, 2}], [{8, 3}, {6, 7}, {5}, {4}, {1, 2}], [{8, 3}, {7}, {1, 6}, {2, 5}, {4}], [{8, 4}, {1, 7}, {2, 6}, {3, 5}], [{8, 4}, {1, 7}, {2, 6}, {5}, {3}], [{8, 4}, {1, 7}, {3, 6}, {2, 5}], [{8, 4}, {1, 7}, {5, 6}, {2, 3}], [{8, 4}, {2, 7}, {1, 6}, {3, 5}], [{8, 4}, {2, 7}, {3, 6}, {1, 5}], [{8, 4}, {2, 7}, {5, 6}, {1, 3}], [{8, 4}, {3, 7}, {1, 6}, {2, 5}], [{8, 4}, {3, 7}, {2, 6}, {1, 5}], [{8, 4}, {3, 7}, {5, 6}, {1, 2}], [{8, 4}, {3, 7}, {6}, {5}, {1, 2}], [{8, 4}, {5, 7}, {1, 6}, {2, 3}], [{8, 4}, {5, 7}, {2, 6}, {1, 3}], [{8, 4}, {5, 7}, {3, 6}, {1, 2}], [{8, 4}, {6, 7}, {1, 5}, {2, 3}], [{8, 4}, {6, 7}, {2, 5}, {1, 3}], [{8, 4}, {6, 7}, {3, 5}, {1, 2}], [{8, 4}, {7}, {1, 6}, {2, 5}, {3}], [{8, 4}, {7}, {6}, {1, 5}, {2, 3}], [{8, 5}, {1, 7}, {2, 6}, {3, 4}], [{8, 5}, {1, 7}, {3, 6}, {2, 4}], [{8, 5}, {1, 7}, {4, 6}, {2, 3}], [{8, 5}, {1, 7}, {6}, {2, 4}, {3}], [{8, 5}, {2, 7}, {1, 6}, {3, 4}], [{8, 5}, {2, 7}, {3, 6}, {1, 4}], [{8, 5}, {2, 7}, {4, 6}, {1, 3}], [{8, 5}, {3, 7}, {1, 6}, {2, 4}], [{8, 5}, {3, 7}, {2, 6}, {1, 4}], [{8, 5}, {3, 7}, {2, 6}, {4}, {1}], [{8, 5}, {3, 7}, {4, 6}, {1, 2}], [{8, 5}, {3, 7}, {6}, {1, 4}, {2}], [{8, 5}, {4, 7}, {1, 6}, {2, 3}], [{8, 5}, {4, 7}, {2, 6}, {1, 3}], [{8, 5}, {4, 7}, {3, 6}, {1, 2}], [{8, 5}, {6, 7}, {1, 4}, {2, 3}], [{8, 5}, {6, 7}, {2, 4}, {1, 3}], [{8, 5}, {6, 7}, {3, 4}, {1, 2}], [{8, 5}, {6, 7}, {4}, {1, 3}, {2}], [{8, 5}, {6, 7}, {4}, {2, 3}, {1}], [{8, 5}, {6, 7}, {4}, {3}, {1, 2}], [{8, 5}, {7}, {1, 6}, {3, 4}, {2}], [{8, 6}, {1, 7}, {2, 5}, {3, 4}], [{8, 6}, {1, 7}, {3, 5}, {2, 4}], [{8, 6}, {1, 7}, {4, 5}, {2, 3}], [{8, 6}, {1, 7}, {5}, {4}, {2, 3}], [{8, 6}, {2, 7}, {1, 5}, {3, 4}], [{8, 6}, {2, 7}, {3, 5}, {1, 4}], [{8, 6}, {2, 7}, {4, 5}, {1, 3}], [{8, 6}, {3, 7}, {1, 5}, {2, 4}], [{8, 6}, {3, 7}, {1, 5}, {4}, {2}], [{8, 6}, {3, 7}, {2, 5}, {1, 4}], [{8, 6}, {3, 7}, {4, 5}, {1, 2}], [{8, 6}, {3, 7}, {5}, {2, 4}, {1}], [{8, 6}, {4, 7}, {1, 5}, {2, 3}], [{8, 6}, {4, 7}, {2, 5}, {1, 3}], [{8, 6}, {4, 7}, {3, 5}, {1, 2}], [{8, 6}, {5, 7}, {1, 4}, {2, 3}], [{8, 6}, {5, 7}, {2, 4}, {1, 3}], [{8, 6}, {5, 7}, {2, 4}, {3}, {1}], [{8, 6}, {5, 7}, {3, 4}, {1, 2}], [{8, 6}, {7}, {3, 5}, {2, 4}, {1}], [{8, 7}, {1, 6}, {2, 5}, {3, 4}], [{8, 7}, {1, 6}, {3, 5}, {2, 4}], [{8, 7}, {1, 6}, {4, 5}, {2, 3}], [{8, 7}, {2, 6}, {1, 5}, {3, 4}], [{8, 7}, {2, 6}, {3, 5}, {1, 4}], [{8, 7}, {2, 6}, {4, 5}, {1, 3}], [{8, 7}, {3, 6}, {1, 5}, {2, 4}], [{8, 7}, {3, 6}, {2, 5}, {1, 4}], [{8, 7}, {3, 6}, {4, 5}, {1, 2}], [{8, 7}, {3, 6}, {5}, {1, 4}, {2}], [{8, 7}, {3, 6}, {5}, {2, 4}, {1}], [{8, 7}, {3, 6}, {5}, {4}, {1, 2}], [{8, 7}, {4, 6}, {1, 5}, {2, 3}], [{8, 7}, {4, 6}, {2, 5}, {1, 3}], [{8, 7}, {4, 6}, {3, 5}, {1, 2}], [{8, 7}, {5, 6}, {1, 4}, {2, 3}], [{8, 7}, {5, 6}, {2, 4}, {1, 3}], [{8, 7}, {5, 6}, {3, 4}, {1, 2}], [{8, 7}, {5, 6}, {4}, {2, 3}, {1}], [{8, 7}, {6}, {1, 5}, {2, 4}, {3}], [{8, 7}, {6}, {4, 5}, {3}, {1, 2}], [{8}, {1, 7}, {5, 6}, {3, 4}, {2}], [{8}, {2, 7}, {1, 6}, {3, 5}, {4}], [{8}, {2, 7}, {3, 6}, {1, 5}, {4}], [{8}, {2, 7}, {5, 6}, {4}, {1, 3}], [{8}, {3, 7}, {6}, {2, 5}, {1, 4}], [{8}, {4, 7}, {3, 6}, {1, 5}, {2}], [{8}, {4, 7}, {5, 6}, {1, 3}, {2}], [{8}, {4, 7}, {6}, {3, 5}, {1, 2}], [{8}, {6, 7}, {1, 5}, {4}, {2, 3}], [{8}, {6, 7}, {2, 5}, {4}, {1, 3}], [{8}, {6, 7}, {3, 5}, {4}, {1, 2}], [{8}, {7}, {1, 6}, {2, 5}, {3, 4}], [{8}, {7}, {2, 6}, {1, 5}, {3, 4}], [{8}, {7}, {2, 6}, {3, 5}, {1, 4}], [{8}, {7}, {2, 6}, {4, 5}, {1, 3}], [{8}, {7}, {3, 6}, {1, 5}, {2, 4}], [{8}, {7}, {4, 6}, {3, 5}, {1, 2}], [{8}, {7}, {5, 6}, {1, 4}, {2, 3}], [{8}, {7}, {5, 6}, {2, 4}, {1, 3}]]",2,- 24 K_1^2 - 8 K_1 K_2 + 4 K_1 + 12 K_2 + 4 K_3 + 13,O1O2O3U4O5U1U5U6O7O8U2O6U3U7O4U8,O1O2O3U2O4U5U6U3O7U4O8O5U1O6U7U8,O1O2O3U4U5O6U3O7O4U8O5U1U6U7O8U2,c,{'O1O2O3U4O5U6U1O7U2O4O6U7U8U3O8U5'},1,"<a href=""/flatknot/8.1101683"">8.1101683</a>",t^9-30t^7-62t^6+46t^5+150t^4-18t^3-134t^2-25t+20,-2t^2+4t,,
8.1101684,O1O2O3U4O5U6U1O7U2O4O6U7U8U5O8U3,4,17z^2+98z+129,17w^3z^2+98w^2z+129w,False,False,"[[ 0 -1  0  2 -1  2  0 -1 -1],[ 1  0  1  1  0  0  1 -1  0],[ 0 -1  0  1  0  0  1 -1 -1],[-2 -1 -1  0 -1  0  0 -2 -3],[ 1  0  0  1  0  2  0  0  1],[-2  0  0  0 -2  0 -1 -1 -2],[ 0 -1 -1  0  0  1  0 -1 -1],[ 1  1  1  2  0  1  1  0  1],[ 1  0  1  3 -1  2  1 -1  0]]","[[ 0  2  2  0  0 -1 -1 -1 -1],[-2  0  0  0 -1  0 -1 -2 -2],[-2  0  0 -1  0 -1 -2 -1 -3],[ 0  0  1  0  1 -1 -1  0 -1],[ 0  1  0 -1  0 -1 -1  0 -1],[ 1  0  1  1  1  0 -1  0  0],[ 1  1  2  1  1  1  0  0  1],[ 1  2  1  0  0  0  0  0  1],[ 1  2  3  1  1  0 -1 -1  0]]",True,"[-2,-2,0,0,1,1,1,1,0,0,1,0,1,2,2,1,0,1,2,1,3,-1,1,1,0,1,1,1,0,1,1,0,0,0,-1,-1]","[-2,-2,0,0,1,1,1,1,0,0,1,0,1,2,2,1,0,1,2,1,3,-1,1,1,0,1,1,1,0,1,1,0,0,0,-1,-1]",t^8+36t^6+174t^4+65t^2,"[-1,-1,-1,-1,0,0,2,2,-1,-1,0,0,0,1,2,0,0,0,0,2,3,1,0,0,0,1,1,1,2,1,-1,1,2,2,1,0]","[-2,-2,0,0,1,1,1,1,0,1,2,0,1,2,2,2,1,1,2,1,3,1,0,0,1,0,0,0,1,0,-1,-1,0,0,1,0]","[-1,-1,-1,-1,0,0,2,2,-1,-1,0,1,1,2,3,0,0,0,0,2,1,1,1,1,1,2,1,1,0,1,-1,1,0,0,1,0]",c,"[[{8, 1}, {2, 7}, {3, 6}, {4, 5}], [{8, 1}, {2, 7}, {4, 6}, {3, 5}], [{8, 1}, {2, 7}, {5, 6}, {3, 4}], [{8, 1}, {3, 7}, {2, 6}, {4, 5}], [{8, 1}, {3, 7}, {4, 6}, {2, 5}], [{8, 1}, {3, 7}, {5, 6}, {2, 4}], [{8, 1}, {4, 7}, {2, 6}, {3, 5}], [{8, 1}, {4, 7}, {3, 6}, {2, 5}], [{8, 1}, {4, 7}, {5, 6}, {2, 3}], [{8, 1}, {5, 7}, {2, 6}, {3, 4}], [{8, 1}, {5, 7}, {3, 6}, {2, 4}], [{8, 1}, {5, 7}, {4, 6}, {2, 3}], [{8, 1}, {6, 7}, {2, 5}, {3, 4}], [{8, 1}, {6, 7}, {3, 5}, {2, 4}], [{8, 1}, {6, 7}, {4, 5}, {2, 3}], [{8, 1}, {6, 7}, {5}, {2, 4}, {3}], [{8, 2}, {1, 7}, {3, 6}, {4, 5}], [{8, 2}, {1, 7}, {3, 6}, {5}, {4}], [{8, 2}, {1, 7}, {4, 6}, {3, 5}], [{8, 2}, {1, 7}, {5, 6}, {3, 4}], [{8, 2}, {3, 7}, {1, 6}, {4, 5}], [{8, 2}, {3, 7}, {4, 6}, {1, 5}], [{8, 2}, {3, 7}, {4, 6}, {5}, {1}], [{8, 2}, {3, 7}, {5, 6}, {1, 4}], [{8, 2}, {3, 7}, {5, 6}, {4}, {1}], [{8, 2}, {3, 7}, {6}, {4, 5}, {1}], [{8, 2}, {4, 7}, {1, 6}, {3, 5}], [{8, 2}, {4, 7}, {3, 6}, {1, 5}], [{8, 2}, {4, 7}, {5, 6}, {1, 3}], [{8, 2}, {4, 7}, {6}, {5}, {1, 3}], [{8, 2}, {5, 7}, {1, 6}, {3, 4}], [{8, 2}, {5, 7}, {3, 6}, {1, 4}], [{8, 2}, {5, 7}, {4, 6}, {1, 3}], [{8, 2}, {6, 7}, {1, 5}, {3, 4}], [{8, 2}, {6, 7}, {1, 5}, {4}, {3}], [{8, 2}, {6, 7}, {3, 5}, {1, 4}], [{8, 2}, {6, 7}, {4, 5}, {1, 3}], [{8, 3}, {1, 7}, {2, 6}, {4, 5}], [{8, 3}, {1, 7}, {4, 6}, {2, 5}], [{8, 3}, {1, 7}, {5, 6}, {2, 4}], [{8, 3}, {1, 7}, {6}, {5}, {2, 4}], [{8, 3}, {2, 7}, {1, 6}, {4, 5}], [{8, 3}, {2, 7}, {4, 6}, {1, 5}], [{8, 3}, {2, 7}, {5, 6}, {1, 4}], [{8, 3}, {2, 7}, {5, 6}, {4}, {1}], [{8, 3}, {2, 7}, {6}, {5}, {1, 4}], [{8, 3}, {4, 7}, {1, 6}, {2, 5}], [{8, 3}, {4, 7}, {2, 6}, {1, 5}], [{8, 3}, {4, 7}, {5, 6}, {1, 2}], [{8, 3}, {5, 7}, {1, 6}, {2, 4}], [{8, 3}, {5, 7}, {2, 6}, {1, 4}], [{8, 3}, {5, 7}, {2, 6}, {4}, {1}], [{8, 3}, {5, 7}, {4, 6}, {1, 2}], [{8, 3}, {5, 7}, {6}, {1, 4}, {2}], [{8, 3}, {6, 7}, {1, 5}, {2, 4}], [{8, 3}, {6, 7}, {1, 5}, {4}, {2}], [{8, 3}, {6, 7}, {2, 5}, {1, 4}], [{8, 3}, {6, 7}, {2, 5}, {4}, {1}], [{8, 3}, {6, 7}, {4, 5}, {1, 2}], [{8, 3}, {6, 7}, {4, 5}, {2}, {1}], [{8, 3}, {6, 7}, {5}, {1, 4}, {2}], [{8, 3}, {6, 7}, {5}, {2, 4}, {1}], [{8, 3}, {6, 7}, {5}, {4}, {1, 2}], [{8, 3}, {6, 7}, {5}, {4}, {2}, {1}], [{8, 3}, {7}, {1, 6}, {5}, {2, 4}], [{8, 3}, {7}, {2, 6}, {5}, {1, 4}], [{8, 3}, {7}, {5, 6}, {1, 4}, {2}], [{8, 3}, {7}, {6}, {2, 5}, {1, 4}], [{8, 4}, {1, 7}, {2, 6}, {3, 5}], [{8, 4}, {1, 7}, {3, 6}, {2, 5}], [{8, 4}, {1, 7}, {5, 6}, {2, 3}], [{8, 4}, {2, 7}, {1, 6}, {3, 5}], [{8, 4}, {2, 7}, {3, 6}, {1, 5}], [{8, 4}, {2, 7}, {5, 6}, {1, 3}], [{8, 4}, {3, 7}, {1, 6}, {2, 5}], [{8, 4}, {3, 7}, {2, 6}, {1, 5}], [{8, 4}, {3, 7}, {5, 6}, {1, 2}], [{8, 4}, {5, 7}, {1, 6}, {2, 3}], [{8, 4}, {5, 7}, {2, 6}, {1, 3}], [{8, 4}, {5, 7}, {3, 6}, {1, 2}], [{8, 4}, {6, 7}, {1, 5}, {2, 3}], [{8, 4}, {6, 7}, {2, 5}, {1, 3}], [{8, 4}, {6, 7}, {3, 5}, {1, 2}], [{8, 4}, {6, 7}, {5}, {3}, {1, 2}], [{8, 4}, {7}, {6}, {2, 5}, {1, 3}], [{8, 5}, {1, 7}, {2, 6}, {3, 4}], [{8, 5}, {1, 7}, {3, 6}, {2, 4}], [{8, 5}, {1, 7}, {4, 6}, {2, 3}], [{8, 5}, {2, 7}, {1, 6}, {3, 4}], [{8, 5}, {2, 7}, {3, 6}, {1, 4}], [{8, 5}, {2, 7}, {4, 6}, {1, 3}], [{8, 5}, {2, 7}, {6}, {1, 4}, {3}], [{8, 5}, {2, 7}, {6}, {3, 4}, {1}], [{8, 5}, {2, 7}, {6}, {4}, {1, 3}], [{8, 5}, {3, 7}, {1, 6}, {2, 4}], [{8, 5}, {3, 7}, {2, 6}, {1, 4}], [{8, 5}, {3, 7}, {4, 6}, {1, 2}], [{8, 5}, {4, 7}, {1, 6}, {2, 3}], [{8, 5}, {4, 7}, {2, 6}, {1, 3}], [{8, 5}, {4, 7}, {3, 6}, {1, 2}], [{8, 5}, {6, 7}, {1, 4}, {2, 3}], [{8, 5}, {6, 7}, {2, 4}, {1, 3}], [{8, 5}, {6, 7}, {3, 4}, {1, 2}], [{8, 5}, {7}, {4, 6}, {1, 3}, {2}], [{8, 6}, {1, 7}, {2, 5}, {3, 4}], [{8, 6}, {1, 7}, {3, 5}, {2, 4}], [{8, 6}, {1, 7}, {4, 5}, {2, 3}], [{8, 6}, {1, 7}, {4, 5}, {3}, {2}], [{8, 6}, {2, 7}, {1, 5}, {3, 4}], [{8, 6}, {2, 7}, {3, 5}, {1, 4}], [{8, 6}, {2, 7}, {4, 5}, {1, 3}], [{8, 6}, {2, 7}, {5}, {1, 4}, {3}], [{8, 6}, {3, 7}, {1, 5}, {2, 4}], [{8, 6}, {3, 7}, {2, 5}, {1, 4}], [{8, 6}, {3, 7}, {2, 5}, {4}, {1}], [{8, 6}, {3, 7}, {4, 5}, {1, 2}], [{8, 6}, {4, 7}, {1, 5}, {2, 3}], [{8, 6}, {4, 7}, {2, 5}, {1, 3}], [{8, 6}, {4, 7}, {2, 5}, {3}, {1}], [{8, 6}, {4, 7}, {3, 5}, {1, 2}], [{8, 6}, {5, 7}, {1, 4}, {2, 3}], [{8, 6}, {5, 7}, {2, 4}, {1, 3}], [{8, 6}, {5, 7}, {3, 4}, {1, 2}], [{8, 6}, {5, 7}, {4}, {1, 3}, {2}], [{8, 6}, {7}, {2, 5}, {3, 4}, {1}], [{8, 7}, {1, 6}, {2, 5}, {3, 4}], [{8, 7}, {1, 6}, {3, 5}, {2, 4}], [{8, 7}, {1, 6}, {4, 5}, {2, 3}], [{8, 7}, {2, 6}, {1, 5}, {3, 4}], [{8, 7}, {2, 6}, {3, 5}, {1, 4}], [{8, 7}, {2, 6}, {4, 5}, {1, 3}], [{8, 7}, {2, 6}, {5}, {4}, {1, 3}], [{8, 7}, {3, 6}, {1, 5}, {2, 4}], [{8, 7}, {3, 6}, {2, 5}, {1, 4}], [{8, 7}, {3, 6}, {4, 5}, {1, 2}], [{8, 7}, {4, 6}, {1, 5}, {2, 3}], [{8, 7}, {4, 6}, {2, 5}, {1, 3}], [{8, 7}, {4, 6}, {3, 5}, {1, 2}], [{8, 7}, {5, 6}, {1, 4}, {2, 3}], [{8, 7}, {5, 6}, {2, 4}, {1, 3}], [{8, 7}, {5, 6}, {3, 4}, {1, 2}], [{8}, {1, 7}, {4, 6}, {2, 5}, {3}], [{8}, {1, 7}, {5, 6}, {3, 4}, {2}], [{8}, {1, 7}, {6}, {4, 5}, {2, 3}], [{8}, {2, 7}, {3, 6}, {5}, {1, 4}], [{8}, {2, 7}, {5, 6}, {1, 4}, {3}], [{8}, {2, 7}, {6}, {3, 5}, {1, 4}], [{8}, {2, 7}, {6}, {5}, {1, 4}, {3}], [{8}, {4, 7}, {3, 6}, {5}, {1, 2}], [{8}, {4, 7}, {5, 6}, {1, 3}, {2}], [{8}, {5, 7}, {1, 6}, {2, 4}, {3}], [{8}, {5, 7}, {2, 6}, {1, 4}, {3}], [{8}, {5, 7}, {3, 6}, {4}, {1, 2}], [{8}, {6, 7}, {1, 5}, {4}, {2, 3}], [{8}, {6, 7}, {2, 5}, {1, 4}, {3}], [{8}, {6, 7}, {5}, {2, 4}, {1, 3}], [{8}, {6, 7}, {5}, {3, 4}, {1, 2}], [{8}, {7}, {3, 6}, {1, 5}, {2, 4}], [{8}, {7}, {3, 6}, {4, 5}, {1, 2}]]",2,12 K_1^3 - 20 K_1^2 - 8 K_1 K_2 - 5 K_1 + 10 K_2 + K_3 + 11,O1O2O3U1O4U5U4U6O7O8U2O6U3U7O5U8,O1O2O3U2O4U5U6U4O7U3O8O5U1O6U7U8,O1O2O3U4U5O6U3O7O4U1O5U8U6U7O8U2,c,{'O1O2O3U4O5U6U1O7U2O4O6U7U8U5O8U3'},1,"<a href=""/flatknot/8.1101684"">8.1101684</a>",t^9-32t^7-72t^6+56t^5+262t^4+109t^3-142t^2-34t+48,-2t^2+4t,,
8.1101685,O1O2O3U4O5U6U1O7U2O4O6U8U5U7O8U3,3,3z^2+72z+133,3w^3z^2+72w^2z+133w,False,False,"[[ 0 -1  0  2 -1  1  0  1 -2],[ 1  0  1  1  0  0  1  0  0],[ 0 -1  0  1  0 -1  1  0 -2],[-2 -1 -1  0 -1 -1  0  0 -4],[ 1  0  0  1  0  2  0  1  1],[-1  0  1  1 -2  0 -1  0 -2],[ 0 -1 -1  0  0  1  0  1 -1],[-1  0  0  0 -1  0 -1  0 -1],[ 2  0  2  4 -1  2  1  1  0]]","[[ 0  2  1  1  0  0 -1 -1 -2],[-2  0  0 -1  0 -1 -1 -1 -4],[-1  0  0  0 -1  0  0 -1 -1],[-1  1  0  0 -1  1  0 -2 -2],[ 0  0  1  1  0 -1 -1  0 -1],[ 0  1  0 -1  1  0 -1  0 -2],[ 1  1  0  0  1  1  0  0  0],[ 1  1  1  2  0  0  0  0  1],[ 2  4  1  2  1  2  0 -1  0]]",True,"[-2,-1,-1,0,0,1,1,2,0,1,0,1,1,1,4,0,1,0,0,1,1,1,-1,0,2,2,1,1,0,1,1,0,2,0,0,-1]","[-2,-1,-1,0,0,1,1,2,-1,0,1,2,1,2,4,0,0,0,1,2,1,1,1,0,0,1,-1,1,1,0,0,-1,1,0,0,1]",t^8+42t^6+262t^4+45t^2,"[-2,-1,-1,0,0,1,1,2,1,2,0,1,1,2,0,0,0,0,2,2,2,1,1,0,1,2,-1,2,1,1,0,0,2,0,0,1]","[-2,-1,-1,0,0,1,1,2,0,1,1,2,2,2,0,0,2,0,0,2,1,1,0,1,2,2,1,1,0,0,1,0,1,0,2,1]","[-2,-1,-1,0,0,1,1,2,-1,0,1,2,1,2,4,0,0,0,1,2,1,1,1,0,0,1,-1,1,1,0,0,-1,1,0,0,1]",c,"[[{8, 1}, {2, 7}, {3, 6}, {4, 5}], [{8, 1}, {2, 7}, {3, 6}, {5}, {4}], [{8, 1}, {2, 7}, {4, 6}, {3, 5}], [{8, 1}, {2, 7}, {5, 6}, {3, 4}], [{8, 1}, {2, 7}, {5, 6}, {4}, {3}], [{8, 1}, {2, 7}, {6}, {3, 5}, {4}], [{8, 1}, {3, 7}, {2, 6}, {4, 5}], [{8, 1}, {3, 7}, {4, 6}, {2, 5}], [{8, 1}, {3, 7}, {5, 6}, {2, 4}], [{8, 1}, {4, 7}, {2, 6}, {3, 5}], [{8, 1}, {4, 7}, {3, 6}, {2, 5}], [{8, 1}, {4, 7}, {3, 6}, {5}, {2}], [{8, 1}, {4, 7}, {5, 6}, {2, 3}], [{8, 1}, {4, 7}, {5, 6}, {3}, {2}], [{8, 1}, {4, 7}, {6}, {3, 5}, {2}], [{8, 1}, {5, 7}, {2, 6}, {3, 4}], [{8, 1}, {5, 7}, {3, 6}, {2, 4}], [{8, 1}, {5, 7}, {4, 6}, {2, 3}], [{8, 1}, {6, 7}, {2, 5}, {3, 4}], [{8, 1}, {6, 7}, {3, 5}, {2, 4}], [{8, 1}, {6, 7}, {4, 5}, {2, 3}], [{8, 1}, {7}, {2, 6}, {5}, {3, 4}], [{8, 1}, {7}, {3, 6}, {5}, {2, 4}], [{8, 1}, {7}, {5, 6}, {2, 4}, {3}], [{8, 1}, {7}, {6}, {3, 5}, {2, 4}], [{8, 2}, {1, 7}, {3, 6}, {4, 5}], [{8, 2}, {1, 7}, {4, 6}, {3, 5}], [{8, 2}, {1, 7}, {5, 6}, {3, 4}], [{8, 2}, {1, 7}, {6}, {5}, {3, 4}], [{8, 2}, {3, 7}, {1, 6}, {4, 5}], [{8, 2}, {3, 7}, {4, 6}, {1, 5}], [{8, 2}, {3, 7}, {5, 6}, {1, 4}], [{8, 2}, {4, 7}, {1, 6}, {3, 5}], [{8, 2}, {4, 7}, {3, 6}, {1, 5}], [{8, 2}, {4, 7}, {5, 6}, {1, 3}], [{8, 2}, {5, 7}, {1, 6}, {3, 4}], [{8, 2}, {5, 7}, {3, 6}, {1, 4}], [{8, 2}, {5, 7}, {4, 6}, {1, 3}], [{8, 2}, {5, 7}, {6}, {3, 4}, {1}], [{8, 2}, {6, 7}, {1, 5}, {3, 4}], [{8, 2}, {6, 7}, {3, 5}, {1, 4}], [{8, 2}, {6, 7}, {3, 5}, {4}, {1}], [{8, 2}, {6, 7}, {4, 5}, {1, 3}], [{8, 2}, {6, 7}, {4, 5}, {3}, {1}], [{8, 2}, {6, 7}, {5}, {3, 4}, {1}], [{8, 2}, {7}, {1, 6}, {5}, {3, 4}], [{8, 2}, {7}, {5, 6}, {3, 4}, {1}], [{8, 2}, {7}, {6}, {1, 5}, {3, 4}], [{8, 2}, {7}, {6}, {5}, {3, 4}, {1}], [{8, 3}, {1, 7}, {2, 6}, {4, 5}], [{8, 3}, {1, 7}, {4, 6}, {2, 5}], [{8, 3}, {1, 7}, {5, 6}, {2, 4}], [{8, 3}, {1, 7}, {6}, {2, 5}, {4}], [{8, 3}, {1, 7}, {6}, {4, 5}, {2}], [{8, 3}, {1, 7}, {6}, {5}, {2, 4}], [{8, 3}, {2, 7}, {1, 6}, {4, 5}], [{8, 3}, {2, 7}, {1, 6}, {5}, {4}], [{8, 3}, {2, 7}, {4, 6}, {1, 5}], [{8, 3}, {2, 7}, {5, 6}, {1, 4}], [{8, 3}, {2, 7}, {5, 6}, {4}, {1}], [{8, 3}, {2, 7}, {6}, {1, 5}, {4}], [{8, 3}, {4, 7}, {1, 6}, {2, 5}], [{8, 3}, {4, 7}, {1, 6}, {5}, {2}], [{8, 3}, {4, 7}, {2, 6}, {1, 5}], [{8, 3}, {4, 7}, {5, 6}, {1, 2}], [{8, 3}, {4, 7}, {5, 6}, {2}, {1}], [{8, 3}, {4, 7}, {6}, {1, 5}, {2}], [{8, 3}, {5, 7}, {1, 6}, {2, 4}], [{8, 3}, {5, 7}, {2, 6}, {1, 4}], [{8, 3}, {5, 7}, {4, 6}, {1, 2}], [{8, 3}, {5, 7}, {6}, {2, 4}, {1}], [{8, 3}, {6, 7}, {1, 5}, {2, 4}], [{8, 3}, {6, 7}, {2, 5}, {1, 4}], [{8, 3}, {6, 7}, {4, 5}, {1, 2}], [{8, 3}, {6, 7}, {5}, {2, 4}, {1}], [{8, 3}, {7}, {1, 6}, {5}, {2, 4}], [{8, 3}, {7}, {5, 6}, {2, 4}, {1}], [{8, 3}, {7}, {6}, {1, 5}, {2, 4}], [{8, 3}, {7}, {6}, {5}, {2, 4}, {1}], [{8, 4}, {1, 7}, {2, 6}, {3, 5}], [{8, 4}, {1, 7}, {3, 6}, {2, 5}], [{8, 4}, {1, 7}, {5, 6}, {2, 3}], [{8, 4}, {2, 7}, {1, 6}, {3, 5}], [{8, 4}, {2, 7}, {3, 6}, {1, 5}], [{8, 4}, {2, 7}, {5, 6}, {1, 3}], [{8, 4}, {2, 7}, {6}, {3, 5}, {1}], [{8, 4}, {3, 7}, {1, 6}, {2, 5}], [{8, 4}, {3, 7}, {2, 6}, {1, 5}], [{8, 4}, {3, 7}, {5, 6}, {1, 2}], [{8, 4}, {3, 7}, {5, 6}, {2}, {1}], [{8, 4}, {5, 7}, {1, 6}, {2, 3}], [{8, 4}, {5, 7}, {2, 6}, {1, 3}], [{8, 4}, {5, 7}, {3, 6}, {1, 2}], [{8, 4}, {6, 7}, {1, 5}, {2, 3}], [{8, 4}, {6, 7}, {2, 5}, {1, 3}], [{8, 4}, {6, 7}, {3, 5}, {1, 2}], [{8, 5}, {1, 7}, {2, 6}, {3, 4}], [{8, 5}, {1, 7}, {3, 6}, {2, 4}], [{8, 5}, {1, 7}, {4, 6}, {2, 3}], [{8, 5}, {1, 7}, {6}, {4}, {2, 3}], [{8, 5}, {2, 7}, {1, 6}, {3, 4}], [{8, 5}, {2, 7}, {1, 6}, {4}, {3}], [{8, 5}, {2, 7}, {3, 6}, {1, 4}], [{8, 5}, {2, 7}, {3, 6}, {4}, {1}], [{8, 5}, {2, 7}, {4, 6}, {1, 3}], [{8, 5}, {2, 7}, {6}, {4}, {1, 3}], [{8, 5}, {3, 7}, {1, 6}, {2, 4}], [{8, 5}, {3, 7}, {2, 6}, {1, 4}], [{8, 5}, {3, 7}, {4, 6}, {1, 2}], [{8, 5}, {3, 7}, {4, 6}, {2}, {1}], [{8, 5}, {4, 7}, {1, 6}, {2, 3}], [{8, 5}, {4, 7}, {1, 6}, {3}, {2}], [{8, 5}, {4, 7}, {2, 6}, {1, 3}], [{8, 5}, {4, 7}, {3, 6}, {1, 2}], [{8, 5}, {4, 7}, {3, 6}, {2}, {1}], [{8, 5}, {4, 7}, {6}, {1, 3}, {2}], [{8, 5}, {6, 7}, {1, 4}, {2, 3}], [{8, 5}, {6, 7}, {2, 4}, {1, 3}], [{8, 5}, {6, 7}, {3, 4}, {1, 2}], [{8, 5}, {7}, {1, 6}, {2, 4}, {3}], [{8, 5}, {7}, {2, 6}, {3, 4}, {1}], [{8, 5}, {7}, {3, 6}, {2, 4}, {1}], [{8, 5}, {7}, {6}, {2, 4}, {1, 3}], [{8, 6}, {1, 7}, {2, 5}, {3, 4}], [{8, 6}, {1, 7}, {2, 5}, {4}, {3}], [{8, 6}, {1, 7}, {3, 5}, {2, 4}], [{8, 6}, {1, 7}, {3, 5}, {4}, {2}], [{8, 6}, {1, 7}, {4, 5}, {2, 3}], [{8, 6}, {1, 7}, {4, 5}, {3}, {2}], [{8, 6}, {1, 7}, {5}, {2, 4}, {3}], [{8, 6}, {1, 7}, {5}, {3, 4}, {2}], [{8, 6}, {1, 7}, {5}, {4}, {2, 3}], [{8, 6}, {1, 7}, {5}, {4}, {3}, {2}], [{8, 6}, {2, 7}, {1, 5}, {3, 4}], [{8, 6}, {2, 7}, {1, 5}, {4}, {3}], [{8, 6}, {2, 7}, {3, 5}, {1, 4}], [{8, 6}, {2, 7}, {3, 5}, {4}, {1}], [{8, 6}, {2, 7}, {4, 5}, {1, 3}], [{8, 6}, {2, 7}, {4, 5}, {3}, {1}], [{8, 6}, {2, 7}, {5}, {1, 4}, {3}], [{8, 6}, {2, 7}, {5}, {3, 4}, {1}], [{8, 6}, {2, 7}, {5}, {4}, {1, 3}], [{8, 6}, {2, 7}, {5}, {4}, {3}, {1}], [{8, 6}, {3, 7}, {1, 5}, {2, 4}], [{8, 6}, {3, 7}, {1, 5}, {4}, {2}], [{8, 6}, {3, 7}, {2, 5}, {1, 4}], [{8, 6}, {3, 7}, {2, 5}, {4}, {1}], [{8, 6}, {3, 7}, {4, 5}, {1, 2}], [{8, 6}, {3, 7}, {4, 5}, {2}, {1}], [{8, 6}, {3, 7}, {5}, {1, 4}, {2}], [{8, 6}, {3, 7}, {5}, {2, 4}, {1}], [{8, 6}, {3, 7}, {5}, {4}, {1, 2}], [{8, 6}, {3, 7}, {5}, {4}, {2}, {1}], [{8, 6}, {4, 7}, {1, 5}, {2, 3}], [{8, 6}, {4, 7}, {1, 5}, {3}, {2}], [{8, 6}, {4, 7}, {2, 5}, {1, 3}], [{8, 6}, {4, 7}, {2, 5}, {3}, {1}], [{8, 6}, {4, 7}, {3, 5}, {1, 2}], [{8, 6}, {4, 7}, {3, 5}, {2}, {1}], [{8, 6}, {4, 7}, {5}, {1, 3}, {2}], [{8, 6}, {4, 7}, {5}, {2, 3}, {1}], [{8, 6}, {4, 7}, {5}, {3}, {1, 2}], [{8, 6}, {4, 7}, {5}, {3}, {2}, {1}], [{8, 6}, {5, 7}, {1, 4}, {2, 3}], [{8, 6}, {5, 7}, {1, 4}, {3}, {2}], [{8, 6}, {5, 7}, {2, 4}, {1, 3}], [{8, 6}, {5, 7}, {2, 4}, {3}, {1}], [{8, 6}, {5, 7}, {3, 4}, {1, 2}], [{8, 6}, {5, 7}, {3, 4}, {2}, {1}], [{8, 6}, {5, 7}, {4}, {1, 3}, {2}], [{8, 6}, {5, 7}, {4}, {2, 3}, {1}], [{8, 6}, {5, 7}, {4}, {3}, {1, 2}], [{8, 6}, {5, 7}, {4}, {3}, {2}, {1}], [{8, 6}, {7}, {1, 5}, {2, 4}, {3}], [{8, 6}, {7}, {1, 5}, {3, 4}, {2}], [{8, 6}, {7}, {1, 5}, {4}, {2, 3}], [{8, 6}, {7}, {1, 5}, {4}, {3}, {2}], [{8, 6}, {7}, {2, 5}, {1, 4}, {3}], [{8, 6}, {7}, {2, 5}, {3, 4}, {1}], [{8, 6}, {7}, {2, 5}, {4}, {1, 3}], [{8, 6}, {7}, {2, 5}, {4}, {3}, {1}], [{8, 6}, {7}, {3, 5}, {1, 4}, {2}], [{8, 6}, {7}, {3, 5}, {2, 4}, {1}], [{8, 6}, {7}, {3, 5}, {4}, {1, 2}], [{8, 6}, {7}, {3, 5}, {4}, {2}, {1}], [{8, 6}, {7}, {4, 5}, {1, 3}, {2}], [{8, 6}, {7}, {4, 5}, {2, 3}, {1}], [{8, 6}, {7}, {4, 5}, {3}, {1, 2}], [{8, 6}, {7}, {4, 5}, {3}, {2}, {1}], [{8, 6}, {7}, {5}, {1, 4}, {2, 3}], [{8, 6}, {7}, {5}, {1, 4}, {3}, {2}], [{8, 6}, {7}, {5}, {2, 4}, {1, 3}], [{8, 6}, {7}, {5}, {2, 4}, {3}, {1}], [{8, 6}, {7}, {5}, {3, 4}, {1, 2}], [{8, 6}, {7}, {5}, {3, 4}, {2}, {1}], [{8, 6}, {7}, {5}, {4}, {1, 3}, {2}], [{8, 6}, {7}, {5}, {4}, {2, 3}, {1}], [{8, 6}, {7}, {5}, {4}, {3}, {1, 2}], [{8, 6}, {7}, {5}, {4}, {3}, {2}, {1}], [{8, 7}, {1, 6}, {2, 5}, {3, 4}], [{8, 7}, {1, 6}, {3, 5}, {2, 4}], [{8, 7}, {1, 6}, {4, 5}, {2, 3}], [{8, 7}, {2, 6}, {1, 5}, {3, 4}], [{8, 7}, {2, 6}, {3, 5}, {1, 4}], [{8, 7}, {2, 6}, {3, 5}, {4}, {1}], [{8, 7}, {2, 6}, {4, 5}, {1, 3}], [{8, 7}, {2, 6}, {4, 5}, {3}, {1}], [{8, 7}, {2, 6}, {5}, {3, 4}, {1}], [{8, 7}, {3, 6}, {1, 5}, {2, 4}], [{8, 7}, {3, 6}, {2, 5}, {1, 4}], [{8, 7}, {3, 6}, {4, 5}, {1, 2}], [{8, 7}, {3, 6}, {5}, {2, 4}, {1}], [{8, 7}, {4, 6}, {1, 5}, {2, 3}], [{8, 7}, {4, 6}, {2, 5}, {1, 3}], [{8, 7}, {4, 6}, {3, 5}, {1, 2}], [{8, 7}, {5, 6}, {1, 4}, {2, 3}], [{8, 7}, {5, 6}, {2, 4}, {1, 3}], [{8, 7}, {5, 6}, {3, 4}, {1, 2}], [{8, 7}, {6}, {1, 5}, {4}, {2, 3}], [{8, 7}, {6}, {2, 5}, {4}, {1, 3}], [{8}, {1, 7}, {2, 6}, {5}, {3, 4}], [{8}, {1, 7}, {3, 6}, {2, 5}, {4}], [{8}, {1, 7}, {3, 6}, {4, 5}, {2}], [{8}, {1, 7}, {3, 6}, {5}, {2, 4}], [{8}, {1, 7}, {5, 6}, {4}, {2, 3}], [{8}, {2, 7}, {1, 6}, {3, 5}, {4}], [{8}, {2, 7}, {3, 6}, {1, 5}, {4}], [{8}, {2, 7}, {4, 6}, {3, 5}, {1}], [{8}, {2, 7}, {5, 6}, {4}, {1, 3}], [{8}, {2, 7}, {6}, {3, 5}, {1, 4}], [{8}, {2, 7}, {6}, {3, 5}, {4}, {1}], [{8}, {3, 7}, {6}, {2, 5}, {1, 4}], [{8}, {4, 7}, {1, 6}, {3, 5}, {2}], [{8}, {4, 7}, {3, 6}, {1, 5}, {2}], [{8}, {4, 7}, {5, 6}, {1, 3}, {2}], [{8}, {5, 7}, {2, 6}, {3, 4}, {1}], [{8}, {5, 7}, {3, 6}, {2, 4}, {1}], [{8}, {5, 7}, {6}, {1, 4}, {2, 3}], [{8}, {6, 7}, {1, 5}, {4}, {2, 3}], [{8}, {6, 7}, {2, 5}, {4}, {1, 3}], [{8}, {7}, {1, 6}, {3, 5}, {2, 4}], [{8}, {7}, {2, 6}, {1, 5}, {3, 4}], [{8}, {7}, {2, 6}, {5}, {3, 4}, {1}], [{8}, {7}, {3, 6}, {1, 5}, {2, 4}], [{8}, {7}, {3, 6}, {5}, {2, 4}, {1}], [{8}, {7}, {5, 6}, {2, 4}, {1, 3}]]",2,- 28 K_1^2 - 4 K_1 K_2 + 2 K_1 + 14 K_2 + 2 K_3 + 15,O1O2O3U1O4U5U6U4O7O8U2O5U3U7O6U8,O1O2O3U1O4U5U6U4O7U2O8O5U3O6U7U8,O1O2O3U4U5O6U1O7O4U2O5U8U6U7O8U3,c,{'O1O2O3U4O5U6U1O7U2O4O6U8U5U7O8U3'},1,"<a href=""/flatknot/8.1101685"">8.1101685</a>",t^9-42t^7-80t^6+110t^5+190t^4-90t^3-80t^2+20t-24,0,,
8.1101686,O1O2O3U4O5U6U1O7U2O4O6U8U7U5O8U3,3,7z^2+72z+117,7w^3z^2+72w^2z+117w,False,False,"[[ 0 -1  0  2 -1  2  0  0 -2],[ 1  0  1  1  0  0  1 -1  0],[ 0 -1  0  1  0  0  1 -1 -2],[-2 -1 -1  0 -1  0  0 -1 -4],[ 1  0  0  1  0  2  0  1  1],[-2  0  0  0 -2  0 -1 -1 -3],[ 0 -1 -1  0  0  1  0  0 -1],[ 0  1  1  1 -1  1  0  0  0],[ 2  0  2  4 -1  3  1  0  0]]","[[ 0  2  2  0  0  0 -1 -1 -2],[-2  0  0  0 -1 -1  0 -2 -3],[-2  0  0 -1  0 -1 -1 -1 -4],[ 0  0  1  0  1 -1 -1  0 -2],[ 0  1  0 -1  0  0 -1  0 -1],[ 0  1  1  1  0  0  1 -1  0],[ 1  0  1  1  1 -1  0  0  0],[ 1  2  1  0  0  1  0  0  1],[ 2  3  4  2  1  0  0 -1  0]]",True,"[-2,-2,0,0,0,1,1,2,0,0,1,1,0,2,3,1,0,1,1,1,4,-1,1,1,0,2,0,1,0,1,-1,1,0,0,0,-1]","[-2,-2,0,0,0,1,1,2,0,0,1,1,0,2,3,1,0,1,1,1,4,-1,1,1,0,2,0,1,0,1,-1,1,0,0,0,-1]",t^8+47t^6+282t^4+72t^2,"[-2,-1,-1,0,0,0,2,2,1,2,0,1,2,0,1,0,0,0,2,2,3,1,1,0,2,1,-1,1,1,2,0,2,1,1,1,0]","[-2,-2,0,0,0,1,1,2,0,1,1,2,1,3,1,1,2,1,2,2,0,0,1,0,2,2,-1,1,0,1,1,0,0,0,2,1]","[-2,-1,-1,0,0,0,2,2,-1,0,0,1,2,3,4,0,1,0,0,2,1,-1,1,1,0,1,0,1,1,1,-1,1,0,0,1,0]",c,"[[{8, 1}, {2, 7}, {3, 6}, {4, 5}], [{8, 1}, {2, 7}, {4, 6}, {3, 5}], [{8, 1}, {2, 7}, {5, 6}, {3, 4}], [{8, 1}, {3, 7}, {2, 6}, {4, 5}], [{8, 1}, {3, 7}, {4, 6}, {2, 5}], [{8, 1}, {3, 7}, {5, 6}, {2, 4}], [{8, 1}, {4, 7}, {2, 6}, {3, 5}], [{8, 1}, {4, 7}, {3, 6}, {2, 5}], [{8, 1}, {4, 7}, {5, 6}, {2, 3}], [{8, 1}, {5, 7}, {2, 6}, {3, 4}], [{8, 1}, {5, 7}, {3, 6}, {2, 4}], [{8, 1}, {5, 7}, {4, 6}, {2, 3}], [{8, 1}, {6, 7}, {2, 5}, {3, 4}], [{8, 1}, {6, 7}, {2, 5}, {4}, {3}], [{8, 1}, {6, 7}, {3, 5}, {2, 4}], [{8, 1}, {6, 7}, {4, 5}, {2, 3}], [{8, 1}, {7}, {2, 6}, {5}, {3, 4}], [{8, 1}, {7}, {3, 6}, {5}, {2, 4}], [{8, 2}, {1, 7}, {3, 6}, {4, 5}], [{8, 2}, {1, 7}, {3, 6}, {5}, {4}], [{8, 2}, {1, 7}, {4, 6}, {3, 5}], [{8, 2}, {1, 7}, {5, 6}, {3, 4}], [{8, 2}, {1, 7}, {6}, {4, 5}, {3}], [{8, 2}, {3, 7}, {1, 6}, {4, 5}], [{8, 2}, {3, 7}, {4, 6}, {1, 5}], [{8, 2}, {3, 7}, {5, 6}, {1, 4}], [{8, 2}, {3, 7}, {5, 6}, {4}, {1}], [{8, 2}, {4, 7}, {1, 6}, {3, 5}], [{8, 2}, {4, 7}, {3, 6}, {1, 5}], [{8, 2}, {4, 7}, {5, 6}, {1, 3}], [{8, 2}, {5, 7}, {1, 6}, {3, 4}], [{8, 2}, {5, 7}, {3, 6}, {1, 4}], [{8, 2}, {5, 7}, {4, 6}, {1, 3}], [{8, 2}, {6, 7}, {1, 5}, {3, 4}], [{8, 2}, {6, 7}, {1, 5}, {4}, {3}], [{8, 2}, {6, 7}, {3, 5}, {1, 4}], [{8, 2}, {6, 7}, {3, 5}, {4}, {1}], [{8, 2}, {6, 7}, {4, 5}, {1, 3}], [{8, 2}, {6, 7}, {5}, {4}, {1, 3}], [{8, 2}, {7}, {3, 6}, {4, 5}, {1}], [{8, 3}, {1, 7}, {2, 6}, {4, 5}], [{8, 3}, {1, 7}, {4, 6}, {2, 5}], [{8, 3}, {1, 7}, {5, 6}, {2, 4}], [{8, 3}, {1, 7}, {6}, {5}, {2, 4}], [{8, 3}, {2, 7}, {1, 6}, {4, 5}], [{8, 3}, {2, 7}, {1, 6}, {5}, {4}], [{8, 3}, {2, 7}, {4, 6}, {1, 5}], [{8, 3}, {2, 7}, {4, 6}, {5}, {1}], [{8, 3}, {2, 7}, {5, 6}, {1, 4}], [{8, 3}, {2, 7}, {5, 6}, {4}, {1}], [{8, 3}, {2, 7}, {6}, {1, 5}, {4}], [{8, 3}, {2, 7}, {6}, {4, 5}, {1}], [{8, 3}, {2, 7}, {6}, {5}, {1, 4}], [{8, 3}, {4, 7}, {1, 6}, {2, 5}], [{8, 3}, {4, 7}, {2, 6}, {1, 5}], [{8, 3}, {4, 7}, {5, 6}, {1, 2}], [{8, 3}, {5, 7}, {1, 6}, {2, 4}], [{8, 3}, {5, 7}, {2, 6}, {1, 4}], [{8, 3}, {5, 7}, {4, 6}, {1, 2}], [{8, 3}, {6, 7}, {1, 5}, {2, 4}], [{8, 3}, {6, 7}, {2, 5}, {1, 4}], [{8, 3}, {6, 7}, {2, 5}, {4}, {1}], [{8, 3}, {6, 7}, {4, 5}, {1, 2}], [{8, 3}, {7}, {1, 6}, {4, 5}, {2}], [{8, 3}, {7}, {4, 6}, {1, 5}, {2}], [{8, 3}, {7}, {5, 6}, {1, 4}, {2}], [{8, 4}, {1, 7}, {2, 6}, {3, 5}], [{8, 4}, {1, 7}, {3, 6}, {2, 5}], [{8, 4}, {1, 7}, {3, 6}, {5}, {2}], [{8, 4}, {1, 7}, {5, 6}, {2, 3}], [{8, 4}, {1, 7}, {6}, {2, 5}, {3}], [{8, 4}, {2, 7}, {1, 6}, {3, 5}], [{8, 4}, {2, 7}, {3, 6}, {1, 5}], [{8, 4}, {2, 7}, {5, 6}, {1, 3}], [{8, 4}, {3, 7}, {1, 6}, {2, 5}], [{8, 4}, {3, 7}, {2, 6}, {1, 5}], [{8, 4}, {3, 7}, {5, 6}, {1, 2}], [{8, 4}, {5, 7}, {1, 6}, {2, 3}], [{8, 4}, {5, 7}, {2, 6}, {1, 3}], [{8, 4}, {5, 7}, {3, 6}, {1, 2}], [{8, 4}, {5, 7}, {6}, {1, 3}, {2}], [{8, 4}, {6, 7}, {1, 5}, {2, 3}], [{8, 4}, {6, 7}, {2, 5}, {1, 3}], [{8, 4}, {6, 7}, {3, 5}, {1, 2}], [{8, 4}, {6, 7}, {5}, {1, 3}, {2}], [{8, 4}, {7}, {1, 6}, {3, 5}, {2}], [{8, 4}, {7}, {3, 6}, {2, 5}, {1}], [{8, 4}, {7}, {5, 6}, {1, 3}, {2}], [{8, 5}, {1, 7}, {2, 6}, {3, 4}], [{8, 5}, {1, 7}, {3, 6}, {2, 4}], [{8, 5}, {1, 7}, {3, 6}, {4}, {2}], [{8, 5}, {1, 7}, {4, 6}, {2, 3}], [{8, 5}, {1, 7}, {6}, {2, 4}, {3}], [{8, 5}, {2, 7}, {1, 6}, {3, 4}], [{8, 5}, {2, 7}, {3, 6}, {1, 4}], [{8, 5}, {2, 7}, {4, 6}, {1, 3}], [{8, 5}, {2, 7}, {6}, {1, 4}, {3}], [{8, 5}, {2, 7}, {6}, {3, 4}, {1}], [{8, 5}, {2, 7}, {6}, {4}, {1, 3}], [{8, 5}, {3, 7}, {1, 6}, {2, 4}], [{8, 5}, {3, 7}, {2, 6}, {1, 4}], [{8, 5}, {3, 7}, {4, 6}, {1, 2}], [{8, 5}, {3, 7}, {4, 6}, {2}, {1}], [{8, 5}, {4, 7}, {1, 6}, {2, 3}], [{8, 5}, {4, 7}, {2, 6}, {1, 3}], [{8, 5}, {4, 7}, {3, 6}, {1, 2}], [{8, 5}, {6, 7}, {1, 4}, {2, 3}], [{8, 5}, {6, 7}, {1, 4}, {3}, {2}], [{8, 5}, {6, 7}, {2, 4}, {1, 3}], [{8, 5}, {6, 7}, {3, 4}, {1, 2}], [{8, 5}, {6, 7}, {3, 4}, {2}, {1}], [{8, 5}, {6, 7}, {4}, {1, 3}, {2}], [{8, 5}, {7}, {1, 6}, {4}, {2, 3}], [{8, 5}, {7}, {2, 6}, {1, 4}, {3}], [{8, 5}, {7}, {2, 6}, {3, 4}, {1}], [{8, 5}, {7}, {2, 6}, {4}, {1, 3}], [{8, 5}, {7}, {3, 6}, {2, 4}, {1}], [{8, 6}, {1, 7}, {2, 5}, {3, 4}], [{8, 6}, {1, 7}, {3, 5}, {2, 4}], [{8, 6}, {1, 7}, {4, 5}, {2, 3}], [{8, 6}, {1, 7}, {5}, {2, 4}, {3}], [{8, 6}, {2, 7}, {1, 5}, {3, 4}], [{8, 6}, {2, 7}, {3, 5}, {1, 4}], [{8, 6}, {2, 7}, {3, 5}, {4}, {1}], [{8, 6}, {2, 7}, {4, 5}, {1, 3}], [{8, 6}, {2, 7}, {5}, {1, 4}, {3}], [{8, 6}, {3, 7}, {1, 5}, {2, 4}], [{8, 6}, {3, 7}, {2, 5}, {1, 4}], [{8, 6}, {3, 7}, {2, 5}, {4}, {1}], [{8, 6}, {3, 7}, {4, 5}, {1, 2}], [{8, 6}, {3, 7}, {5}, {1, 4}, {2}], [{8, 6}, {4, 7}, {1, 5}, {2, 3}], [{8, 6}, {4, 7}, {2, 5}, {1, 3}], [{8, 6}, {4, 7}, {3, 5}, {1, 2}], [{8, 6}, {5, 7}, {1, 4}, {2, 3}], [{8, 6}, {5, 7}, {1, 4}, {3}, {2}], [{8, 6}, {5, 7}, {2, 4}, {1, 3}], [{8, 6}, {5, 7}, {3, 4}, {1, 2}], [{8, 6}, {5, 7}, {4}, {2, 3}, {1}], [{8, 6}, {7}, {2, 5}, {1, 4}, {3}], [{8, 6}, {7}, {3, 5}, {1, 4}, {2}], [{8, 6}, {7}, {4, 5}, {1, 3}, {2}], [{8, 6}, {7}, {5}, {1, 4}, {2, 3}], [{8, 7}, {1, 6}, {2, 5}, {3, 4}], [{8, 7}, {1, 6}, {3, 5}, {2, 4}], [{8, 7}, {1, 6}, {4, 5}, {2, 3}], [{8, 7}, {2, 6}, {1, 5}, {3, 4}], [{8, 7}, {2, 6}, {3, 5}, {1, 4}], [{8, 7}, {2, 6}, {4, 5}, {1, 3}], [{8, 7}, {2, 6}, {5}, {3, 4}, {1}], [{8, 7}, {3, 6}, {1, 5}, {2, 4}], [{8, 7}, {3, 6}, {2, 5}, {1, 4}], [{8, 7}, {3, 6}, {4, 5}, {1, 2}], [{8, 7}, {3, 6}, {5}, {2, 4}, {1}], [{8, 7}, {4, 6}, {1, 5}, {2, 3}], [{8, 7}, {4, 6}, {2, 5}, {1, 3}], [{8, 7}, {4, 6}, {3, 5}, {1, 2}], [{8, 7}, {5, 6}, {1, 4}, {2, 3}], [{8, 7}, {5, 6}, {2, 4}, {1, 3}], [{8, 7}, {5, 6}, {3, 4}, {1, 2}], [{8, 7}, {6}, {4, 5}, {1, 3}, {2}], [{8}, {1, 7}, {2, 6}, {5}, {3, 4}], [{8}, {1, 7}, {3, 6}, {2, 5}, {4}], [{8}, {1, 7}, {3, 6}, {4, 5}, {2}], [{8}, {1, 7}, {3, 6}, {5}, {2, 4}], [{8}, {1, 7}, {3, 6}, {5}, {4}, {2}], [{8}, {1, 7}, {4, 6}, {5}, {2, 3}], [{8}, {1, 7}, {5, 6}, {2, 4}, {3}], [{8}, {1, 7}, {6}, {3, 5}, {2, 4}], [{8}, {1, 7}, {6}, {5}, {2, 4}, {3}], [{8}, {2, 7}, {1, 6}, {4, 5}, {3}], [{8}, {2, 7}, {3, 6}, {5}, {1, 4}], [{8}, {2, 7}, {4, 6}, {1, 5}, {3}], [{8}, {2, 7}, {5, 6}, {1, 4}, {3}], [{8}, {2, 7}, {6}, {3, 5}, {1, 4}], [{8}, {2, 7}, {6}, {5}, {1, 4}, {3}], [{8}, {3, 7}, {1, 6}, {5}, {2, 4}], [{8}, {3, 7}, {6}, {2, 5}, {1, 4}], [{8}, {4, 7}, {3, 6}, {5}, {1, 2}], [{8}, {5, 7}, {2, 6}, {3, 4}, {1}], [{8}, {5, 7}, {3, 6}, {2, 4}, {1}], [{8}, {5, 7}, {6}, {1, 4}, {2, 3}], [{8}, {6, 7}, {2, 5}, {4}, {1, 3}], [{8}, {6, 7}, {4, 5}, {1, 3}, {2}], [{8}, {6, 7}, {5}, {2, 4}, {1, 3}], [{8}, {6, 7}, {5}, {4}, {1, 3}, {2}], [{8}, {7}, {2, 6}, {1, 5}, {3, 4}], [{8}, {7}, {2, 6}, {5}, {3, 4}, {1}], [{8}, {7}, {3, 6}, {1, 5}, {2, 4}], [{8}, {7}, {3, 6}, {5}, {2, 4}, {1}]]",2,- 18 K_1^2 - 4 K_1 K_2 + 2 K_1 + 9 K_2 + 2 K_3 + 10,O1O2O3U1O4U5U6U4O7O8U2O6U3U7O5U8,O1O2O3U1O4U5U6U4O7U3O8O5U2O6U7U8,O1O2O3U4U5O6U2O7O4U1O5U8U6U7O8U3,c,{'O1O2O3U4O5U6U1O7U2O4O6U8U7U5O8U3'},1,"<a href=""/flatknot/8.1101686"">8.1101686</a>",t^9-45t^7-66t^6+181t^5+218t^4-260t^3-134t^2+172t-40,-t^2+2t,,
8.1101687,O1O2O3U4O5U6U1O7U8O4O6U3U7U2O8U5,4,3z^3+29z^2+105z+119,3w^4z^3+29w^3z^2+105w^2z+119w,False,False,"[[ 0 -1  1  0 -1  2  0  0 -1],[ 1  0  0 -1  1  1  2 -1  1],[-1  0  0 -1 -1  0  1 -1 -1],[ 0  1  1  0 -1  0  1 -1  1],[ 1 -1  1  1  0  3  0  1 -1],[-2 -1  0  0 -3  0 -2  0 -2],[ 0 -2 -1 -1  0  2  0  0 -1],[ 0  1  1  1 -1  0  0  0  0],[ 1 -1  1 -1  1  2  1  0  0]]","[[ 0  2  1  0  0  0 -1 -1 -1],[-2  0  0  0  0 -2 -1 -2 -3],[-1  0  0 -1 -1  1  0 -1 -1],[ 0  0  1  0  1  0  1  0 -1],[ 0  0  1 -1  0  1  1  1 -1],[ 0  2 -1  0 -1  0 -2 -1  0],[ 1  1  0 -1 -1  2  0  1  1],[ 1  2  1  0 -1  1 -1  0  1],[ 1  3  1  1  1  0 -1 -1  0]]",True,"[-2,-1,0,0,0,1,1,1,0,0,0,2,1,2,3,1,1,-1,0,1,1,-1,0,-1,0,1,-1,-1,-1,1,2,1,0,-1,-1,-1]","[-2,-1,0,0,0,1,1,1,0,0,0,2,1,2,3,1,1,-1,0,1,1,-1,0,-1,0,1,-1,-1,-1,1,2,1,0,-1,-1,-1]",t^8+38t^6+307t^4+262t^2+1,"[-1,-1,-1,0,0,0,1,2,-1,-1,-1,2,2,2,2,-1,0,1,2,1,1,1,0,0,1,0,0,1,2,0,-1,0,2,0,2,1]","[-2,-1,0,0,0,1,1,1,1,0,2,2,0,1,2,2,0,0,1,1,2,-1,0,1,0,-1,-1,0,2,2,0,1,2,-1,-1,-1]","[-1,-1,-1,0,0,0,1,2,-1,-1,0,1,1,1,3,-1,1,-1,0,1,2,2,-1,-1,0,1,-1,0,-1,2,-1,1,0,1,0,0]",c,"[[{8, 1}, {2, 7}, {3, 6}, {4, 5}], [{8, 1}, {2, 7}, {4, 6}, {3, 5}], [{8, 1}, {2, 7}, {5, 6}, {3, 4}], [{8, 1}, {2, 7}, {6}, {4, 5}, {3}], [{8, 1}, {3, 7}, {2, 6}, {4, 5}], [{8, 1}, {3, 7}, {4, 6}, {2, 5}], [{8, 1}, {3, 7}, {5, 6}, {2, 4}], [{8, 1}, {4, 7}, {2, 6}, {3, 5}], [{8, 1}, {4, 7}, {3, 6}, {2, 5}], [{8, 1}, {4, 7}, {5, 6}, {2, 3}], [{8, 1}, {5, 7}, {2, 6}, {3, 4}], [{8, 1}, {5, 7}, {3, 6}, {2, 4}], [{8, 1}, {5, 7}, {4, 6}, {2, 3}], [{8, 1}, {6, 7}, {2, 5}, {3, 4}], [{8, 1}, {6, 7}, {3, 5}, {2, 4}], [{8, 1}, {6, 7}, {4, 5}, {2, 3}], [{8, 1}, {6, 7}, {4, 5}, {3}, {2}], [{8, 1}, {7}, {2, 6}, {4, 5}, {3}], [{8, 2}, {1, 7}, {3, 6}, {4, 5}], [{8, 2}, {1, 7}, {4, 6}, {3, 5}], [{8, 2}, {1, 7}, {4, 6}, {5}, {3}], [{8, 2}, {1, 7}, {5, 6}, {3, 4}], [{8, 2}, {3, 7}, {1, 6}, {4, 5}], [{8, 2}, {3, 7}, {4, 6}, {1, 5}], [{8, 2}, {3, 7}, {5, 6}, {1, 4}], [{8, 2}, {4, 7}, {1, 6}, {3, 5}], [{8, 2}, {4, 7}, {3, 6}, {1, 5}], [{8, 2}, {4, 7}, {3, 6}, {5}, {1}], [{8, 2}, {4, 7}, {5, 6}, {1, 3}], [{8, 2}, {5, 7}, {1, 6}, {3, 4}], [{8, 2}, {5, 7}, {3, 6}, {1, 4}], [{8, 2}, {5, 7}, {4, 6}, {1, 3}], [{8, 2}, {6, 7}, {1, 5}, {3, 4}], [{8, 2}, {6, 7}, {1, 5}, {4}, {3}], [{8, 2}, {6, 7}, {3, 5}, {1, 4}], [{8, 2}, {6, 7}, {4, 5}, {1, 3}], [{8, 2}, {6, 7}, {4, 5}, {3}, {1}], [{8, 2}, {6, 7}, {5}, {1, 4}, {3}], [{8, 2}, {7}, {1, 6}, {5}, {3, 4}], [{8, 3}, {1, 7}, {2, 6}, {4, 5}], [{8, 3}, {1, 7}, {4, 6}, {2, 5}], [{8, 3}, {1, 7}, {5, 6}, {2, 4}], [{8, 3}, {1, 7}, {6}, {4, 5}, {2}], [{8, 3}, {2, 7}, {1, 6}, {4, 5}], [{8, 3}, {2, 7}, {4, 6}, {1, 5}], [{8, 3}, {2, 7}, {4, 6}, {5}, {1}], [{8, 3}, {2, 7}, {5, 6}, {1, 4}], [{8, 3}, {2, 7}, {5, 6}, {4}, {1}], [{8, 3}, {2, 7}, {6}, {4, 5}, {1}], [{8, 3}, {4, 7}, {1, 6}, {2, 5}], [{8, 3}, {4, 7}, {2, 6}, {1, 5}], [{8, 3}, {4, 7}, {5, 6}, {1, 2}], [{8, 3}, {5, 7}, {1, 6}, {2, 4}], [{8, 3}, {5, 7}, {2, 6}, {1, 4}], [{8, 3}, {5, 7}, {4, 6}, {1, 2}], [{8, 3}, {6, 7}, {1, 5}, {2, 4}], [{8, 3}, {6, 7}, {1, 5}, {4}, {2}], [{8, 3}, {6, 7}, {2, 5}, {1, 4}], [{8, 3}, {6, 7}, {4, 5}, {1, 2}], [{8, 3}, {6, 7}, {4, 5}, {2}, {1}], [{8, 3}, {6, 7}, {5}, {1, 4}, {2}], [{8, 3}, {7}, {1, 6}, {4, 5}, {2}], [{8, 3}, {7}, {2, 6}, {4, 5}, {1}], [{8, 3}, {7}, {6}, {4, 5}, {1, 2}], [{8, 3}, {7}, {6}, {4, 5}, {2}, {1}], [{8, 4}, {1, 7}, {2, 6}, {3, 5}], [{8, 4}, {1, 7}, {3, 6}, {2, 5}], [{8, 4}, {1, 7}, {5, 6}, {2, 3}], [{8, 4}, {1, 7}, {6}, {3, 5}, {2}], [{8, 4}, {2, 7}, {1, 6}, {3, 5}], [{8, 4}, {2, 7}, {3, 6}, {1, 5}], [{8, 4}, {2, 7}, {5, 6}, {1, 3}], [{8, 4}, {2, 7}, {6}, {3, 5}, {1}], [{8, 4}, {3, 7}, {1, 6}, {2, 5}], [{8, 4}, {3, 7}, {2, 6}, {1, 5}], [{8, 4}, {3, 7}, {5, 6}, {1, 2}], [{8, 4}, {3, 7}, {6}, {5}, {1, 2}], [{8, 4}, {5, 7}, {1, 6}, {2, 3}], [{8, 4}, {5, 7}, {2, 6}, {1, 3}], [{8, 4}, {5, 7}, {3, 6}, {1, 2}], [{8, 4}, {5, 7}, {6}, {3}, {1, 2}], [{8, 4}, {6, 7}, {1, 5}, {2, 3}], [{8, 4}, {6, 7}, {2, 5}, {1, 3}], [{8, 4}, {6, 7}, {3, 5}, {1, 2}], [{8, 4}, {6, 7}, {5}, {3}, {1, 2}], [{8, 4}, {7}, {2, 6}, {5}, {1, 3}], [{8, 4}, {7}, {3, 6}, {1, 5}, {2}], [{8, 4}, {7}, {3, 6}, {2, 5}, {1}], [{8, 4}, {7}, {3, 6}, {5}, {1, 2}], [{8, 4}, {7}, {5, 6}, {3}, {1, 2}], [{8, 4}, {7}, {6}, {3, 5}, {1, 2}], [{8, 5}, {1, 7}, {2, 6}, {3, 4}], [{8, 5}, {1, 7}, {3, 6}, {2, 4}], [{8, 5}, {1, 7}, {3, 6}, {4}, {2}], [{8, 5}, {1, 7}, {4, 6}, {2, 3}], [{8, 5}, {2, 7}, {1, 6}, {3, 4}], [{8, 5}, {2, 7}, {3, 6}, {1, 4}], [{8, 5}, {2, 7}, {3, 6}, {4}, {1}], [{8, 5}, {2, 7}, {4, 6}, {1, 3}], [{8, 5}, {3, 7}, {1, 6}, {2, 4}], [{8, 5}, {3, 7}, {2, 6}, {1, 4}], [{8, 5}, {3, 7}, {4, 6}, {1, 2}], [{8, 5}, {3, 7}, {6}, {4}, {1, 2}], [{8, 5}, {4, 7}, {1, 6}, {2, 3}], [{8, 5}, {4, 7}, {1, 6}, {3}, {2}], [{8, 5}, {4, 7}, {2, 6}, {1, 3}], [{8, 5}, {4, 7}, {2, 6}, {3}, {1}], [{8, 5}, {4, 7}, {3, 6}, {1, 2}], [{8, 5}, {4, 7}, {6}, {3}, {1, 2}], [{8, 5}, {6, 7}, {1, 4}, {2, 3}], [{8, 5}, {6, 7}, {2, 4}, {1, 3}], [{8, 5}, {6, 7}, {3, 4}, {1, 2}], [{8, 5}, {6, 7}, {4}, {3}, {1, 2}], [{8, 5}, {7}, {2, 6}, {4}, {1, 3}], [{8, 5}, {7}, {3, 6}, {4}, {1, 2}], [{8, 5}, {7}, {4, 6}, {3}, {1, 2}], [{8, 5}, {7}, {6}, {1, 4}, {2, 3}], [{8, 5}, {7}, {6}, {3, 4}, {1, 2}], [{8, 6}, {1, 7}, {2, 5}, {3, 4}], [{8, 6}, {1, 7}, {3, 5}, {2, 4}], [{8, 6}, {1, 7}, {4, 5}, {2, 3}], [{8, 6}, {2, 7}, {1, 5}, {3, 4}], [{8, 6}, {2, 7}, {3, 5}, {1, 4}], [{8, 6}, {2, 7}, {4, 5}, {1, 3}], [{8, 6}, {3, 7}, {1, 5}, {2, 4}], [{8, 6}, {3, 7}, {2, 5}, {1, 4}], [{8, 6}, {3, 7}, {2, 5}, {4}, {1}], [{8, 6}, {3, 7}, {4, 5}, {1, 2}], [{8, 6}, {3, 7}, {4, 5}, {2}, {1}], [{8, 6}, {3, 7}, {5}, {2, 4}, {1}], [{8, 6}, {4, 7}, {1, 5}, {2, 3}], [{8, 6}, {4, 7}, {2, 5}, {1, 3}], [{8, 6}, {4, 7}, {3, 5}, {1, 2}], [{8, 6}, {5, 7}, {1, 4}, {2, 3}], [{8, 6}, {5, 7}, {2, 4}, {1, 3}], [{8, 6}, {5, 7}, {3, 4}, {1, 2}], [{8, 6}, {7}, {1, 5}, {3, 4}, {2}], [{8, 6}, {7}, {4, 5}, {3}, {1, 2}], [{8, 6}, {7}, {5}, {1, 4}, {2, 3}], [{8, 7}, {1, 6}, {2, 5}, {3, 4}], [{8, 7}, {1, 6}, {3, 5}, {2, 4}], [{8, 7}, {1, 6}, {4, 5}, {2, 3}], [{8, 7}, {2, 6}, {1, 5}, {3, 4}], [{8, 7}, {2, 6}, {3, 5}, {1, 4}], [{8, 7}, {2, 6}, {4, 5}, {1, 3}], [{8, 7}, {2, 6}, {5}, {1, 4}, {3}], [{8, 7}, {3, 6}, {1, 5}, {2, 4}], [{8, 7}, {3, 6}, {1, 5}, {4}, {2}], [{8, 7}, {3, 6}, {2, 5}, {1, 4}], [{8, 7}, {3, 6}, {4, 5}, {1, 2}], [{8, 7}, {3, 6}, {4, 5}, {2}, {1}], [{8, 7}, {3, 6}, {5}, {1, 4}, {2}], [{8, 7}, {4, 6}, {1, 5}, {2, 3}], [{8, 7}, {4, 6}, {2, 5}, {1, 3}], [{8, 7}, {4, 6}, {2, 5}, {3}, {1}], [{8, 7}, {4, 6}, {3, 5}, {1, 2}], [{8, 7}, {4, 6}, {5}, {1, 3}, {2}], [{8, 7}, {5, 6}, {1, 4}, {2, 3}], [{8, 7}, {5, 6}, {2, 4}, {1, 3}], [{8, 7}, {5, 6}, {3, 4}, {1, 2}], [{8, 7}, {6}, {3, 5}, {2, 4}, {1}], [{8, 7}, {6}, {4, 5}, {3}, {1, 2}], [{8, 7}, {6}, {5}, {1, 4}, {2, 3}], [{8}, {1, 7}, {2, 6}, {3, 5}, {4}], [{8}, {1, 7}, {6}, {2, 5}, {3, 4}], [{8}, {2, 7}, {6}, {4, 5}, {1, 3}], [{8}, {3, 7}, {6}, {4, 5}, {1, 2}], [{8}, {4, 7}, {3, 6}, {1, 5}, {2}], [{8}, {5, 7}, {1, 6}, {4}, {2, 3}], [{8}, {5, 7}, {2, 6}, {3, 4}, {1}], [{8}, {5, 7}, {3, 6}, {2, 4}, {1}], [{8}, {5, 7}, {4, 6}, {2, 3}, {1}], [{8}, {5, 7}, {6}, {1, 4}, {2, 3}], [{8}, {6, 7}, {1, 5}, {4}, {2, 3}], [{8}, {6, 7}, {4, 5}, {1, 3}, {2}], [{8}, {6, 7}, {4, 5}, {2, 3}, {1}], [{8}, {6, 7}, {4, 5}, {3}, {1, 2}], [{8}, {6, 7}, {4, 5}, {3}, {2}, {1}], [{8}, {6, 7}, {5}, {1, 4}, {2, 3}], [{8}, {7}, {2, 6}, {4, 5}, {1, 3}], [{8}, {7}, {3, 6}, {4, 5}, {1, 2}], [{8}, {7}, {5, 6}, {1, 4}, {2, 3}], [{8}, {7}, {5, 6}, {2, 4}, {1, 3}], [{8}, {7}, {6}, {5}, {1, 4}, {2, 3}]]",2,- 14 K_1^2 + 7 K_2 + 8,O1O2O3U4O5U2U6U1O7O8U5O6U3U7O4U8,O1O2O3U4O5U6U3U1O7U5O8O6U2O4U7U8,O1O2O3U4U5O6U2O7O4U8O5U3U1U7O8U6,c,{'O1O2O3U4O5U6U1O7U8O4O6U3U7U2O8U5'},1,"<a href=""/flatknot/8.1101687"">8.1101687</a>",t^9-36t^7-82t^6+42t^5+158t^4+29t^3+24t^2+20t-18,-t^2+2t,,
8.1101688,O1O2O3U4O5U6U1O7U8O4O6U7U2U3O8U5,4,8z^3+46z^2+91z+63,8w^4z^3+46w^3z^2+91w^2z+63w,False,False,"[[ 0 -1  0  2 -1  2  0 -1 -1],[ 1  0 -1  0  1  1  2 -2  1],[ 0  1  0  1  0  0  2 -2  0],[-2  0 -1  0 -2 -1  0 -2 -1],[ 1 -1  0  2  0  3  0  0 -1],[-2 -1  0  1 -3  0 -2  0 -2],[ 0 -2 -2  0  0  2  0 -1 -1],[ 1  2  2  2  0  0  1  0  1],[ 1 -1  0  1  1  2  1 -1  0]]","[[ 0  2  2  0  0 -1 -1 -1 -1],[-2  0  1  0 -2  0 -1 -2 -3],[-2 -1  0 -1  0 -2  0 -1 -2],[ 0  0  1  0  2 -2  1  0  0],[ 0  2  0 -2  0 -1 -2 -1  0],[ 1  0  2  2  1  0  2  1  0],[ 1  1  0 -1  2 -2  0  1  1],[ 1  2  1  0  1 -1 -1  0  1],[ 1  3  2  0  0  0 -1 -1  0]]",True,"[-2,-2,0,0,1,1,1,1,-1,0,2,0,1,2,3,1,0,2,0,1,2,-2,2,-1,0,0,1,2,1,0,-2,-1,0,-1,-1,-1]","[-2,-2,0,0,1,1,1,1,-1,0,2,0,1,2,3,1,0,2,0,1,2,-2,2,-1,0,0,1,2,1,0,-2,-1,0,-1,-1,-1]",t^8+52t^6+616t^4+263t^2+4,"[-1,-1,-1,-1,0,0,2,2,-2,-1,0,-1,0,1,3,-1,-1,2,-1,3,2,-1,1,0,2,1,1,1,1,0,-2,1,2,2,0,1]","[-2,-2,0,0,1,1,1,1,-1,1,2,1,1,2,3,2,0,0,3,1,2,2,1,-1,1,2,1,0,0,-1,0,-1,-1,1,2,-1]","[-1,-1,-1,-1,0,0,2,2,-2,1,1,-1,2,0,1,0,1,2,1,2,0,-1,0,0,2,3,0,1,1,2,2,1,0,0,2,-1]",c,"[[{8, 3}, {6, 7}, {4, 5}, {1, 2}], [{8, 5}, {6, 7}, {3, 4}, {1, 2}]]",1,- 4 K_1^2 + 2 K_2 + 3,O1O2O3U4O5U1U2U6O7O8U5O6U3U7O4U8,O1O2O3U4O5U6U2U3O7U5O8O6U1O4U7U8,O1O2O3U4U5O6U3O7O4U8O5U1U2U7O8U6,c,{'O1O2O3U4O5U6U1O7U8O4O6U7U2U3O8U5'},1,"<a href=""/flatknot/8.1101688"">8.1101688</a>",t^9-48t^7-118t^6+244t^5+890t^4+201t^3-690t^2+584t+874,-2t^2+4t,,
8.1101689,O1O2O3U4O5U6U1O7U8O4O6U7U3U2O8U5,4,3z^3+32z^2+92z+81,3w^4z^3+32w^3z^2+92w^2z+81w,False,False,"[[ 0 -1  1  1 -1  2  0 -1 -1],[ 1  0  0 -1  1  1  2 -2  1],[-1  0  0  0 -1  0  1 -2 -1],[-1  1  0  0 -1 -1  1 -2  0],[ 1 -1  1  1  0  3  0  0 -1],[-2 -1  0  1 -3  0 -2  0 -2],[ 0 -2 -1 -1  0  2  0 -1 -1],[ 1  2  2  2  0  0  1  0  1],[ 1 -1  1  0  1  2  1 -1  0]]","[[ 0  2  1  1  0 -1 -1 -1 -1],[-2  0  1  0 -2  0 -1 -2 -3],[-1 -1  0  0  1 -2  1  0 -1],[-1  0  0  0  1 -2  0 -1 -1],[ 0  2 -1 -1  0 -1 -2 -1  0],[ 1  0  2  2  1  0  2  1  0],[ 1  1 -1  0  2 -2  0  1  1],[ 1  2  0  1  1 -1 -1  0  1],[ 1  3  1  1  0  0 -1 -1  0]]",True,"[-2,-1,-1,0,1,1,1,1,-1,0,2,0,1,2,3,0,-1,2,-1,0,1,-1,2,0,1,1,1,2,1,0,-2,-1,0,-1,-1,-1]","[-2,-1,-1,0,1,1,1,1,-1,0,2,0,1,2,3,0,-1,2,-1,0,1,-1,2,0,1,1,1,2,1,0,-2,-1,0,-1,-1,-1]",t^8+47t^6+514t^4+215t^2+4,"[-1,-1,-1,-1,0,1,1,2,-2,-1,0,0,0,0,3,-1,-1,-1,2,3,2,-1,0,1,2,1,1,1,1,0,2,2,0,0,1,2]","[-2,-1,-1,0,1,1,1,1,1,2,0,0,1,2,3,0,2,1,1,2,0,2,1,2,3,0,1,0,-1,0,-1,-1,0,-1,-1,-2]","[-1,-1,-1,-1,0,1,1,2,-2,1,1,2,-1,0,1,0,1,1,2,2,0,-1,0,1,1,3,1,0,1,2,-1,-1,2,0,-1,0]",c,"[[{8, 5}, {6, 7}, {2, 4}, {1, 3}], [{8, 6}, {5, 7}, {2, 4}, {1, 3}], [{8, 7}, {5, 6}, {2, 4}, {1, 3}]]",1,- 2 K_1^2 - 4 K_1 K_2 + 2 K_1 + K_2 + 2 K_3 + 2,O1O2O3U4O5U2U1U6O7O8U5O6U3U7O4U8,O1O2O3U4O5U6U3U2O7U5O8O6U1O4U7U8,O1O2O3U4U5O6U3O7O4U8O5U2U1U7O8U6,c,{'O1O2O3U4O5U6U1O7U8O4O6U7U3U2O8U5'},1,"<a href=""/flatknot/8.1101689"">8.1101689</a>",t^9-45t^7-108t^6+157t^5+520t^4+95t^3-194t^2+64t-118,-t^2+2t,,
8.1101690,O1O2O3U4O5U6U1O7U8O4O6U7U5U2O8U3,4,16z^2+101z+139,16w^3z^2+101w^2z+139w,False,False,"[[ 0 -1  1  2 -1  1  0 -1 -1],[ 1  0  0  1  1 -1  2 -2  1],[-1  0  0  0  0 -1  1 -2 -1],[-2 -1  0  0 -2  0 -1 -1 -2],[ 1 -1  0  2  0  1  0  0  0],[-1  1  1  0 -1  0  0 -1 -1],[ 0 -2 -1  1  0  0  0 -1 -1],[ 1  2  2  1  0  1  1  0  1],[ 1 -1  1  2  0  1  1 -1  0]]","[[ 0  2  1  1  0 -1 -1 -1 -1],[-2  0  0  0 -1 -1 -1 -2 -2],[-1  0  0  1  0  1 -1 -1 -1],[-1  0 -1  0  1  0 -2  0 -1],[ 0  1  0 -1  0 -2 -1  0 -1],[ 1  1 -1  0  2  0 -2  1  1],[ 1  1  1  2  1  2  0  0  1],[ 1  2  1  0  0 -1  0  0  0],[ 1  2  1  1  1 -1 -1  0  0]]",True,"[-2,-1,-1,0,1,1,1,1,0,0,1,1,1,2,2,-1,0,-1,1,1,1,-1,0,2,0,1,2,1,0,1,2,-1,-1,0,-1,0]","[-2,-1,-1,0,1,1,1,1,0,0,1,1,1,2,2,-1,0,-1,1,1,1,-1,0,2,0,1,2,1,0,1,2,-1,-1,0,-1,0]",t^8+35t^6+284t^4+99t^2+1,"[-1,-1,-1,-1,0,1,1,2,-2,-1,0,0,0,1,2,-1,-1,-1,2,3,2,0,0,1,1,1,1,2,1,1,2,1,1,1,1,1]","[-2,-1,-1,0,1,1,1,1,1,1,1,1,1,2,2,-1,2,1,2,0,2,1,1,1,1,3,0,1,0,-1,0,-1,-1,0,-1,2]","[-1,-1,-1,-1,0,1,1,2,-2,1,1,2,-1,0,1,0,1,1,1,2,1,0,0,1,0,2,1,1,1,2,0,-1,1,1,0,0]",c,"[[{8, 2}, {1, 7}, {5, 6}, {3, 4}]]",1,- 18 K_1^2 - 4 K_1 K_2 + 2 K_1 + 9 K_2 + 2 K_3 + 10,O1O2O3U1O4U2U5U6O7O8U4O6U3U7O5U8,O1O2O3U4O5U6U3U5O7U2O8O6U1O4U7U8,O1O2O3U4U5O6U3O7O4U2O5U8U1U7O8U6,c,{'O1O2O3U4O5U6U1O7U8O4O6U7U5U2O8U3'},1,"<a href=""/flatknot/8.1101690"">8.1101690</a>",t^9-33t^7-78t^6+21t^5+158t^4+163t^3+174t^2+28t-50,-t^2+2t,,
8.1101691,O1O2O3U4O5U6U1O7U8O4O6U7U5U3O8U2,4,13z^2+82z+113,13w^3z^2+82w^2z+113w,False,False,"[[ 0 -1  1  2 -1  1  0 -1 -1],[ 1  0  1  0  1 -1  2 -2  1],[-1 -1  0  1 -1  0  0 -1 -2],[-2  0 -1  0 -1 -1  0 -2 -2],[ 1 -1  1  1  0  1  0  0  0],[-1  1  0  1 -1  0  0 -1 -1],[ 0 -2  0  0  0  0  0 -1 -1],[ 1  2  1  2  0  1  1  0  1],[ 1 -1  2  2  0  1  1 -1  0]]","[[ 0  2  1  1  0 -1 -1 -1 -1],[-2  0 -1 -1  0  0 -1 -2 -2],[-1  1  0  0  0  1 -1 -1 -1],[-1  1  0  0  0 -1 -1 -1 -2],[ 0  0  0  0  0 -2  0 -1 -1],[ 1  0 -1  1  2  0  1 -2  1],[ 1  1  1  1  0 -1  0  0  0],[ 1  2  1  1  1  2  0  0  1],[ 1  2  1  2  1 -1  0 -1  0]]",True,"[-2,-1,-1,0,1,1,1,1,1,1,0,0,1,2,2,0,0,-1,1,1,1,0,1,1,1,2,2,0,1,1,-1,2,-1,0,0,-1]","[-2,-1,-1,0,1,1,1,1,0,0,2,1,1,2,3,0,1,0,1,1,1,1,1,1,1,3,0,0,1,-1,-1,0,-1,0,2,-1]",t^8+35t^6+269t^4+48t^2,"[-1,-1,-1,-1,0,1,1,2,-2,-1,0,0,1,1,1,-1,-1,-1,1,3,3,0,0,0,1,1,1,1,1,2,1,1,2,0,0,0]","[-2,-1,-1,0,1,1,1,1,0,0,2,1,1,2,3,0,1,0,1,1,1,1,1,1,1,3,0,0,1,-1,-1,0,-1,0,2,-1]","[-1,-1,-1,-1,0,1,1,2,-2,1,1,2,-1,1,0,0,1,1,1,1,2,0,0,1,1,1,1,1,2,2,0,0,0,0,1,1]",c,"[[{8, 2}, {1, 7}, {5, 6}, {3, 4}]]",1,4 K_1^3 - 18 K_1^2 - 4 K_1 K_2 - K_1 + 9 K_2 + K_3 + 10,O1O2O3U2O4U1U5U6O7O8U4O6U3U7O5U8,O1O2O3U4O5U6U5U3O7U2O8O6U1O4U7U8,O1O2O3U4U5O6U3O7O4U2O5U1U8U7O8U6,c,{'O1O2O3U4O5U6U1O7U8O4O6U7U5U3O8U2'},1,"<a href=""/flatknot/8.1101691"">8.1101691</a>",t^9-33t^7-76t^6+8t^5+24t^4-122t^3-42t^2+44t-10,-t^2+2t,,
8.1101692,O1O2O3U4O5U6U2O7U1O4O6U7U8U5O8U3,4,2z^3+23z^2+102z+129,2w^4z^3+23w^3z^2+102w^2z+129w,False,False,"[[ 0 -1  0  2 -1  2  0 -1 -1],[ 1  0  0  2  0  1  1 -1  0],[ 0  0  0  0  0 -1  1 -2 -1],[-2 -2  0  0 -1  0  0 -2 -3],[ 1  0  0  1  0  2  0  0  1],[-2 -1  1  0 -2  0 -1 -1 -2],[ 0 -1 -1  0  0  1  0 -1 -1],[ 1  1  2  2  0  1  1  0  1],[ 1  0  1  3 -1  2  1 -1  0]]","[[ 0  2  2  0  0 -1 -1 -1 -1],[-2  0  0  1 -1 -1 -1 -2 -2],[-2  0  0  0  0 -2 -2 -1 -3],[ 0 -1  0  0  1  0 -2  0 -1],[ 0  1  0 -1  0 -1 -1  0 -1],[ 1  1  2  0  1  0 -1  0  0],[ 1  1  2  2  1  1  0  0  1],[ 1  2  1  0  0  0  0  0  1],[ 1  2  3  1  1  0 -1 -1  0]]",True,"[-2,-2,0,0,1,1,1,1,0,-1,1,1,1,2,2,0,0,2,2,1,3,-1,0,2,0,1,1,1,0,1,1,0,0,0,-1,-1]","[-2,-2,0,0,1,1,1,1,0,-1,1,1,1,2,2,0,0,2,2,1,3,-1,0,2,0,1,1,1,0,1,1,0,0,0,-1,-1]",t^8+42t^6+263t^4+150t^2+4,"[-1,-1,-1,-1,0,0,2,2,-1,-1,0,-1,0,1,2,0,0,1,0,1,2,1,0,0,0,1,1,1,2,1,-1,2,3,2,1,0]","[-2,-2,0,0,1,1,1,1,0,1,3,1,1,2,2,2,2,0,2,1,1,-1,0,1,0,0,0,1,-1,1,-1,-1,0,0,0,1]","[-1,-1,-1,-1,0,0,2,2,-1,-1,0,1,1,2,3,0,0,0,0,2,1,1,1,2,1,2,1,0,1,2,-1,1,0,-1,0,0]",c,"[[{8, 1}, {2, 7}, {3, 6}, {4, 5}], [{8, 1}, {2, 7}, {4, 6}, {3, 5}], [{8, 1}, {2, 7}, {5, 6}, {3, 4}], [{8, 1}, {3, 7}, {2, 6}, {4, 5}], [{8, 1}, {3, 7}, {4, 6}, {2, 5}], [{8, 1}, {3, 7}, {5, 6}, {2, 4}], [{8, 1}, {4, 7}, {2, 6}, {3, 5}], [{8, 1}, {4, 7}, {3, 6}, {2, 5}], [{8, 1}, {4, 7}, {5, 6}, {2, 3}], [{8, 1}, {5, 7}, {2, 6}, {3, 4}], [{8, 1}, {5, 7}, {3, 6}, {2, 4}], [{8, 1}, {5, 7}, {4, 6}, {2, 3}], [{8, 1}, {5, 7}, {6}, {4}, {2, 3}], [{8, 1}, {6, 7}, {2, 5}, {3, 4}], [{8, 1}, {6, 7}, {3, 5}, {2, 4}], [{8, 1}, {6, 7}, {4, 5}, {2, 3}], [{8, 1}, {7}, {2, 6}, {5}, {3, 4}], [{8, 1}, {7}, {3, 6}, {4, 5}, {2}], [{8, 1}, {7}, {4, 6}, {3, 5}, {2}], [{8, 2}, {1, 7}, {3, 6}, {4, 5}], [{8, 2}, {1, 7}, {4, 6}, {3, 5}], [{8, 2}, {1, 7}, {5, 6}, {3, 4}], [{8, 2}, {3, 7}, {1, 6}, {4, 5}], [{8, 2}, {3, 7}, {4, 6}, {1, 5}], [{8, 2}, {3, 7}, {4, 6}, {5}, {1}], [{8, 2}, {3, 7}, {5, 6}, {1, 4}], [{8, 2}, {4, 7}, {1, 6}, {3, 5}], [{8, 2}, {4, 7}, {3, 6}, {1, 5}], [{8, 2}, {4, 7}, {5, 6}, {1, 3}], [{8, 2}, {5, 7}, {1, 6}, {3, 4}], [{8, 2}, {5, 7}, {3, 6}, {1, 4}], [{8, 2}, {5, 7}, {4, 6}, {1, 3}], [{8, 2}, {5, 7}, {6}, {3, 4}, {1}], [{8, 2}, {6, 7}, {1, 5}, {3, 4}], [{8, 2}, {6, 7}, {3, 5}, {1, 4}], [{8, 2}, {6, 7}, {4, 5}, {1, 3}], [{8, 2}, {6, 7}, {4, 5}, {3}, {1}], [{8, 2}, {7}, {1, 6}, {5}, {3, 4}], [{8, 3}, {1, 7}, {2, 6}, {4, 5}], [{8, 3}, {1, 7}, {4, 6}, {2, 5}], [{8, 3}, {1, 7}, {5, 6}, {2, 4}], [{8, 3}, {2, 7}, {1, 6}, {4, 5}], [{8, 3}, {2, 7}, {4, 6}, {1, 5}], [{8, 3}, {2, 7}, {5, 6}, {1, 4}], [{8, 3}, {2, 7}, {6}, {5}, {1, 4}], [{8, 3}, {4, 7}, {1, 6}, {2, 5}], [{8, 3}, {4, 7}, {2, 6}, {1, 5}], [{8, 3}, {4, 7}, {5, 6}, {1, 2}], [{8, 3}, {4, 7}, {5, 6}, {2}, {1}], [{8, 3}, {5, 7}, {1, 6}, {2, 4}], [{8, 3}, {5, 7}, {1, 6}, {4}, {2}], [{8, 3}, {5, 7}, {2, 6}, {1, 4}], [{8, 3}, {5, 7}, {4, 6}, {1, 2}], [{8, 3}, {6, 7}, {1, 5}, {2, 4}], [{8, 3}, {6, 7}, {1, 5}, {4}, {2}], [{8, 3}, {6, 7}, {2, 5}, {1, 4}], [{8, 3}, {6, 7}, {2, 5}, {4}, {1}], [{8, 3}, {6, 7}, {4, 5}, {1, 2}], [{8, 3}, {6, 7}, {5}, {4}, {1, 2}], [{8, 4}, {1, 7}, {2, 6}, {3, 5}], [{8, 4}, {1, 7}, {3, 6}, {2, 5}], [{8, 4}, {1, 7}, {5, 6}, {2, 3}], [{8, 4}, {1, 7}, {6}, {5}, {2, 3}], [{8, 4}, {2, 7}, {1, 6}, {3, 5}], [{8, 4}, {2, 7}, {3, 6}, {1, 5}], [{8, 4}, {2, 7}, {5, 6}, {1, 3}], [{8, 4}, {3, 7}, {1, 6}, {2, 5}], [{8, 4}, {3, 7}, {2, 6}, {1, 5}], [{8, 4}, {3, 7}, {5, 6}, {1, 2}], [{8, 4}, {3, 7}, {5, 6}, {2}, {1}], [{8, 4}, {5, 7}, {1, 6}, {2, 3}], [{8, 4}, {5, 7}, {1, 6}, {3}, {2}], [{8, 4}, {5, 7}, {2, 6}, {1, 3}], [{8, 4}, {5, 7}, {3, 6}, {1, 2}], [{8, 4}, {6, 7}, {1, 5}, {2, 3}], [{8, 4}, {6, 7}, {1, 5}, {3}, {2}], [{8, 4}, {6, 7}, {2, 5}, {1, 3}], [{8, 4}, {6, 7}, {2, 5}, {3}, {1}], [{8, 4}, {6, 7}, {3, 5}, {1, 2}], [{8, 4}, {6, 7}, {5}, {3}, {1, 2}], [{8, 4}, {7}, {2, 6}, {3, 5}, {1}], [{8, 5}, {1, 7}, {2, 6}, {3, 4}], [{8, 5}, {1, 7}, {3, 6}, {2, 4}], [{8, 5}, {1, 7}, {4, 6}, {2, 3}], [{8, 5}, {1, 7}, {6}, {2, 4}, {3}], [{8, 5}, {2, 7}, {1, 6}, {3, 4}], [{8, 5}, {2, 7}, {3, 6}, {1, 4}], [{8, 5}, {2, 7}, {4, 6}, {1, 3}], [{8, 5}, {2, 7}, {6}, {3, 4}, {1}], [{8, 5}, {3, 7}, {1, 6}, {2, 4}], [{8, 5}, {3, 7}, {2, 6}, {1, 4}], [{8, 5}, {3, 7}, {4, 6}, {1, 2}], [{8, 5}, {4, 7}, {1, 6}, {2, 3}], [{8, 5}, {4, 7}, {2, 6}, {1, 3}], [{8, 5}, {4, 7}, {3, 6}, {1, 2}], [{8, 5}, {6, 7}, {1, 4}, {2, 3}], [{8, 5}, {6, 7}, {2, 4}, {1, 3}], [{8, 5}, {6, 7}, {3, 4}, {1, 2}], [{8, 6}, {1, 7}, {2, 5}, {3, 4}], [{8, 6}, {1, 7}, {3, 5}, {2, 4}], [{8, 6}, {1, 7}, {4, 5}, {2, 3}], [{8, 6}, {1, 7}, {5}, {2, 4}, {3}], [{8, 6}, {2, 7}, {1, 5}, {3, 4}], [{8, 6}, {2, 7}, {3, 5}, {1, 4}], [{8, 6}, {2, 7}, {4, 5}, {1, 3}], [{8, 6}, {2, 7}, {4, 5}, {3}, {1}], [{8, 6}, {3, 7}, {1, 5}, {2, 4}], [{8, 6}, {3, 7}, {2, 5}, {1, 4}], [{8, 6}, {3, 7}, {4, 5}, {1, 2}], [{8, 6}, {3, 7}, {5}, {1, 4}, {2}], [{8, 6}, {3, 7}, {5}, {2, 4}, {1}], [{8, 6}, {3, 7}, {5}, {4}, {1, 2}], [{8, 6}, {4, 7}, {1, 5}, {2, 3}], [{8, 6}, {4, 7}, {2, 5}, {1, 3}], [{8, 6}, {4, 7}, {3, 5}, {1, 2}], [{8, 6}, {5, 7}, {1, 4}, {2, 3}], [{8, 6}, {5, 7}, {2, 4}, {1, 3}], [{8, 6}, {5, 7}, {3, 4}, {1, 2}], [{8, 6}, {5, 7}, {4}, {1, 3}, {2}], [{8, 6}, {7}, {5}, {2, 4}, {1, 3}], [{8, 7}, {1, 6}, {2, 5}, {3, 4}], [{8, 7}, {1, 6}, {3, 5}, {2, 4}], [{8, 7}, {1, 6}, {4, 5}, {2, 3}], [{8, 7}, {2, 6}, {1, 5}, {3, 4}], [{8, 7}, {2, 6}, {3, 5}, {1, 4}], [{8, 7}, {2, 6}, {4, 5}, {1, 3}], [{8, 7}, {3, 6}, {1, 5}, {2, 4}], [{8, 7}, {3, 6}, {2, 5}, {1, 4}], [{8, 7}, {3, 6}, {4, 5}, {1, 2}], [{8, 7}, {4, 6}, {1, 5}, {2, 3}], [{8, 7}, {4, 6}, {2, 5}, {1, 3}], [{8, 7}, {4, 6}, {3, 5}, {1, 2}], [{8, 7}, {5, 6}, {1, 4}, {2, 3}], [{8, 7}, {5, 6}, {2, 4}, {1, 3}], [{8, 7}, {5, 6}, {3, 4}, {1, 2}], [{8, 7}, {5, 6}, {3, 4}, {2}, {1}], [{8, 7}, {6}, {3, 5}, {1, 4}, {2}], [{8}, {1, 7}, {4, 6}, {2, 5}, {3}], [{8}, {1, 7}, {5, 6}, {2, 4}, {3}], [{8}, {2, 7}, {4, 6}, {1, 5}, {3}], [{8}, {2, 7}, {4, 6}, {3, 5}, {1}], [{8}, {2, 7}, {4, 6}, {5}, {1, 3}], [{8}, {2, 7}, {5, 6}, {4}, {1, 3}], [{8}, {2, 7}, {6}, {4, 5}, {1, 3}], [{8}, {4, 7}, {6}, {3, 5}, {1, 2}], [{8}, {5, 7}, {1, 6}, {3, 4}, {2}], [{8}, {5, 7}, {2, 6}, {1, 4}, {3}], [{8}, {5, 7}, {3, 6}, {2, 4}, {1}], [{8}, {6, 7}, {1, 5}, {3, 4}, {2}], [{8}, {6, 7}, {2, 5}, {3, 4}, {1}], [{8}, {6, 7}, {5}, {3, 4}, {1, 2}]]",2,8 K_1^3 - 24 K_1^2 - 8 K_1 K_2 - 2 K_1 + 12 K_2 + 2 K_3 + 13,O1O2O3U1O4U5U4U6O7O8U3O6U2U7O5U8,O1O2O3U2O4U5U6U4O7U3O8O6U1O5U7U8,O1O2O3U4U5O6U3O7O4U1O5U8U7U6O8U2,c,{'O1O2O3U4O5U6U2O7U1O4O6U7U8U5O8U3'},1,"<a href=""/flatknot/8.1101692"">8.1101692</a>",t^9-38t^7-78t^6+95t^5+250t^4-47t^3-212t^2-5t+10,-2t^2+4t,,
8.1101693,O1O2O3U4O5U6U2O7U1O4O6U8U5U7O8U3,4,14z^2+95z+135,14w^3z^2+95w^2z+135w,False,False,"[[ 0 -1  0  2 -1  1  0  1 -2],[ 1  0  0  2  0  0  1  0 -1],[ 0  0  0  0  0 -1  1 -1 -1],[-2 -2  0  0 -1 -1  0  0 -4],[ 1  0  0  1  0  2  0  1  1],[-1  0  1  1 -2  0 -1  0 -2],[ 0 -1 -1  0  0  1  0  1 -1],[-1  0  1  0 -1  0 -1  0 -1],[ 2  1  1  4 -1  2  1  1  0]]","[[ 0  2  1  1  0  0 -1 -1 -2],[-2  0  0 -1  0  0 -1 -2 -4],[-1  0  0  0  1 -1 -1  0 -1],[-1  1  0  0  1 -1 -2  0 -2],[ 0  0 -1 -1  0  1  0  0 -1],[ 0  0  1  1 -1  0  0 -1 -1],[ 1  1  1  2  0  0  0  0  1],[ 1  2  0  0  0  1  0  0 -1],[ 2  4  1  2  1  1 -1  1  0]]",True,"[-2,-1,-1,0,0,1,1,2,0,1,0,0,1,2,4,0,-1,1,1,0,1,-1,1,2,0,2,-1,0,0,1,0,1,1,0,-1,1]","[-2,-1,-1,0,0,1,1,2,-1,1,1,1,1,2,4,0,0,0,1,2,1,0,1,0,0,2,1,-1,-1,0,1,1,0,0,0,1]",t^8+42t^6+281t^4+92t^2+4,"[-2,-1,-1,0,0,1,1,2,0,2,1,1,1,2,0,0,0,1,2,2,1,1,1,0,1,2,1,0,0,2,2,2,2,0,0,1]","[-2,-1,-1,0,0,1,1,2,0,1,2,2,1,2,0,0,0,2,2,0,1,0,2,2,1,2,-1,0,1,1,1,1,1,0,0,2]","[-2,-1,-1,0,0,1,1,2,-1,1,1,1,1,2,4,0,0,0,1,2,1,0,1,0,0,2,1,-1,-1,0,1,1,0,0,0,1]",c,"[[{8, 1}, {2, 7}, {3, 6}, {4, 5}], [{8, 1}, {2, 7}, {4, 6}, {3, 5}], [{8, 1}, {2, 7}, {5, 6}, {3, 4}], [{8, 1}, {2, 7}, {6}, {3, 5}, {4}], [{8, 1}, {3, 7}, {2, 6}, {4, 5}], [{8, 1}, {3, 7}, {4, 6}, {2, 5}], [{8, 1}, {3, 7}, {5, 6}, {2, 4}], [{8, 1}, {4, 7}, {2, 6}, {3, 5}], [{8, 1}, {4, 7}, {3, 6}, {2, 5}], [{8, 1}, {4, 7}, {5, 6}, {2, 3}], [{8, 1}, {4, 7}, {6}, {3, 5}, {2}], [{8, 1}, {5, 7}, {2, 6}, {3, 4}], [{8, 1}, {5, 7}, {3, 6}, {2, 4}], [{8, 1}, {5, 7}, {4, 6}, {2, 3}], [{8, 1}, {6, 7}, {2, 5}, {3, 4}], [{8, 1}, {6, 7}, {2, 5}, {4}, {3}], [{8, 1}, {6, 7}, {3, 5}, {2, 4}], [{8, 1}, {6, 7}, {3, 5}, {4}, {2}], [{8, 1}, {6, 7}, {4, 5}, {2, 3}], [{8, 1}, {6, 7}, {5}, {4}, {2, 3}], [{8, 1}, {7}, {2, 6}, {3, 5}, {4}], [{8, 1}, {7}, {2, 6}, {4, 5}, {3}], [{8, 1}, {7}, {2, 6}, {5}, {3, 4}], [{8, 1}, {7}, {4, 6}, {3, 5}, {2}], [{8, 1}, {7}, {6}, {3, 5}, {2, 4}], [{8, 2}, {1, 7}, {3, 6}, {4, 5}], [{8, 2}, {1, 7}, {4, 6}, {3, 5}], [{8, 2}, {1, 7}, {4, 6}, {5}, {3}], [{8, 2}, {1, 7}, {5, 6}, {3, 4}], [{8, 2}, {3, 7}, {1, 6}, {4, 5}], [{8, 2}, {3, 7}, {4, 6}, {1, 5}], [{8, 2}, {3, 7}, {5, 6}, {1, 4}], [{8, 2}, {4, 7}, {1, 6}, {3, 5}], [{8, 2}, {4, 7}, {3, 6}, {1, 5}], [{8, 2}, {4, 7}, {5, 6}, {1, 3}], [{8, 2}, {5, 7}, {1, 6}, {3, 4}], [{8, 2}, {5, 7}, {3, 6}, {1, 4}], [{8, 2}, {5, 7}, {4, 6}, {1, 3}], [{8, 2}, {5, 7}, {6}, {1, 4}, {3}], [{8, 2}, {6, 7}, {1, 5}, {3, 4}], [{8, 2}, {6, 7}, {3, 5}, {1, 4}], [{8, 2}, {6, 7}, {4, 5}, {1, 3}], [{8, 2}, {6, 7}, {5}, {4}, {1, 3}], [{8, 2}, {7}, {1, 6}, {3, 5}, {4}], [{8, 2}, {7}, {1, 6}, {4, 5}, {3}], [{8, 2}, {7}, {1, 6}, {5}, {3, 4}], [{8, 3}, {1, 7}, {2, 6}, {4, 5}], [{8, 3}, {1, 7}, {4, 6}, {2, 5}], [{8, 3}, {1, 7}, {5, 6}, {2, 4}], [{8, 3}, {1, 7}, {6}, {2, 5}, {4}], [{8, 3}, {1, 7}, {6}, {4, 5}, {2}], [{8, 3}, {1, 7}, {6}, {5}, {2, 4}], [{8, 3}, {2, 7}, {1, 6}, {4, 5}], [{8, 3}, {2, 7}, {4, 6}, {1, 5}], [{8, 3}, {2, 7}, {5, 6}, {1, 4}], [{8, 3}, {2, 7}, {5, 6}, {4}, {1}], [{8, 3}, {4, 7}, {1, 6}, {2, 5}], [{8, 3}, {4, 7}, {1, 6}, {5}, {2}], [{8, 3}, {4, 7}, {2, 6}, {1, 5}], [{8, 3}, {4, 7}, {5, 6}, {1, 2}], [{8, 3}, {4, 7}, {5, 6}, {2}, {1}], [{8, 3}, {4, 7}, {6}, {1, 5}, {2}], [{8, 3}, {5, 7}, {1, 6}, {2, 4}], [{8, 3}, {5, 7}, {2, 6}, {1, 4}], [{8, 3}, {5, 7}, {4, 6}, {1, 2}], [{8, 3}, {6, 7}, {1, 5}, {2, 4}], [{8, 3}, {6, 7}, {2, 5}, {1, 4}], [{8, 3}, {6, 7}, {4, 5}, {1, 2}], [{8, 3}, {7}, {5, 6}, {2, 4}, {1}], [{8, 4}, {1, 7}, {2, 6}, {3, 5}], [{8, 4}, {1, 7}, {3, 6}, {2, 5}], [{8, 4}, {1, 7}, {5, 6}, {2, 3}], [{8, 4}, {1, 7}, {6}, {2, 5}, {3}], [{8, 4}, {2, 7}, {1, 6}, {3, 5}], [{8, 4}, {2, 7}, {3, 6}, {1, 5}], [{8, 4}, {2, 7}, {5, 6}, {1, 3}], [{8, 4}, {2, 7}, {6}, {3, 5}, {1}], [{8, 4}, {3, 7}, {1, 6}, {2, 5}], [{8, 4}, {3, 7}, {2, 6}, {1, 5}], [{8, 4}, {3, 7}, {5, 6}, {1, 2}], [{8, 4}, {5, 7}, {1, 6}, {2, 3}], [{8, 4}, {5, 7}, {2, 6}, {1, 3}], [{8, 4}, {5, 7}, {3, 6}, {1, 2}], [{8, 4}, {6, 7}, {1, 5}, {2, 3}], [{8, 4}, {6, 7}, {2, 5}, {1, 3}], [{8, 4}, {6, 7}, {3, 5}, {1, 2}], [{8, 4}, {7}, {5, 6}, {1, 3}, {2}], [{8, 5}, {1, 7}, {2, 6}, {3, 4}], [{8, 5}, {1, 7}, {3, 6}, {2, 4}], [{8, 5}, {1, 7}, {4, 6}, {2, 3}], [{8, 5}, {1, 7}, {4, 6}, {3}, {2}], [{8, 5}, {2, 7}, {1, 6}, {3, 4}], [{8, 5}, {2, 7}, {3, 6}, {1, 4}], [{8, 5}, {2, 7}, {3, 6}, {4}, {1}], [{8, 5}, {2, 7}, {4, 6}, {1, 3}], [{8, 5}, {3, 7}, {1, 6}, {2, 4}], [{8, 5}, {3, 7}, {2, 6}, {1, 4}], [{8, 5}, {3, 7}, {4, 6}, {1, 2}], [{8, 5}, {4, 7}, {1, 6}, {2, 3}], [{8, 5}, {4, 7}, {2, 6}, {1, 3}], [{8, 5}, {4, 7}, {3, 6}, {1, 2}], [{8, 5}, {4, 7}, {6}, {1, 3}, {2}], [{8, 5}, {6, 7}, {1, 4}, {2, 3}], [{8, 5}, {6, 7}, {2, 4}, {1, 3}], [{8, 5}, {6, 7}, {3, 4}, {1, 2}], [{8, 5}, {6, 7}, {3, 4}, {2}, {1}], [{8, 5}, {7}, {1, 6}, {4}, {2, 3}], [{8, 5}, {7}, {4, 6}, {2, 3}, {1}], [{8, 5}, {7}, {6}, {1, 4}, {2, 3}], [{8, 6}, {1, 7}, {2, 5}, {3, 4}], [{8, 6}, {1, 7}, {2, 5}, {4}, {3}], [{8, 6}, {1, 7}, {3, 5}, {2, 4}], [{8, 6}, {1, 7}, {4, 5}, {2, 3}], [{8, 6}, {1, 7}, {4, 5}, {3}, {2}], [{8, 6}, {1, 7}, {5}, {2, 4}, {3}], [{8, 6}, {2, 7}, {1, 5}, {3, 4}], [{8, 6}, {2, 7}, {1, 5}, {4}, {3}], [{8, 6}, {2, 7}, {3, 5}, {1, 4}], [{8, 6}, {2, 7}, {3, 5}, {4}, {1}], [{8, 6}, {2, 7}, {4, 5}, {1, 3}], [{8, 6}, {2, 7}, {4, 5}, {3}, {1}], [{8, 6}, {2, 7}, {5}, {1, 4}, {3}], [{8, 6}, {2, 7}, {5}, {3, 4}, {1}], [{8, 6}, {2, 7}, {5}, {4}, {1, 3}], [{8, 6}, {2, 7}, {5}, {4}, {3}, {1}], [{8, 6}, {3, 7}, {1, 5}, {2, 4}], [{8, 6}, {3, 7}, {1, 5}, {4}, {2}], [{8, 6}, {3, 7}, {2, 5}, {1, 4}], [{8, 6}, {3, 7}, {4, 5}, {1, 2}], [{8, 6}, {3, 7}, {4, 5}, {2}, {1}], [{8, 6}, {3, 7}, {5}, {1, 4}, {2}], [{8, 6}, {4, 7}, {1, 5}, {2, 3}], [{8, 6}, {4, 7}, {1, 5}, {3}, {2}], [{8, 6}, {4, 7}, {2, 5}, {1, 3}], [{8, 6}, {4, 7}, {2, 5}, {3}, {1}], [{8, 6}, {4, 7}, {3, 5}, {1, 2}], [{8, 6}, {4, 7}, {5}, {3}, {1, 2}], [{8, 6}, {5, 7}, {1, 4}, {2, 3}], [{8, 6}, {5, 7}, {1, 4}, {3}, {2}], [{8, 6}, {5, 7}, {2, 4}, {1, 3}], [{8, 6}, {5, 7}, {2, 4}, {3}, {1}], [{8, 6}, {5, 7}, {3, 4}, {1, 2}], [{8, 6}, {5, 7}, {4}, {3}, {1, 2}], [{8, 6}, {7}, {1, 5}, {2, 4}, {3}], [{8, 6}, {7}, {1, 5}, {3, 4}, {2}], [{8, 6}, {7}, {1, 5}, {4}, {2, 3}], [{8, 6}, {7}, {1, 5}, {4}, {3}, {2}], [{8, 6}, {7}, {2, 5}, {1, 4}, {3}], [{8, 6}, {7}, {3, 5}, {1, 4}, {2}], [{8, 6}, {7}, {4, 5}, {1, 3}, {2}], [{8, 6}, {7}, {4, 5}, {2, 3}, {1}], [{8, 6}, {7}, {4, 5}, {3}, {1, 2}], [{8, 6}, {7}, {4, 5}, {3}, {2}, {1}], [{8, 6}, {7}, {5}, {1, 4}, {2, 3}], [{8, 6}, {7}, {5}, {1, 4}, {3}, {2}], [{8, 7}, {1, 6}, {2, 5}, {3, 4}], [{8, 7}, {1, 6}, {3, 5}, {2, 4}], [{8, 7}, {1, 6}, {3, 5}, {4}, {2}], [{8, 7}, {1, 6}, {4, 5}, {2, 3}], [{8, 7}, {2, 6}, {1, 5}, {3, 4}], [{8, 7}, {2, 6}, {3, 5}, {1, 4}], [{8, 7}, {2, 6}, {4, 5}, {1, 3}], [{8, 7}, {3, 6}, {1, 5}, {2, 4}], [{8, 7}, {3, 6}, {2, 5}, {1, 4}], [{8, 7}, {3, 6}, {4, 5}, {1, 2}], [{8, 7}, {4, 6}, {1, 5}, {2, 3}], [{8, 7}, {4, 6}, {2, 5}, {1, 3}], [{8, 7}, {4, 6}, {3, 5}, {1, 2}], [{8, 7}, {5, 6}, {1, 4}, {2, 3}], [{8, 7}, {5, 6}, {2, 4}, {1, 3}], [{8, 7}, {5, 6}, {3, 4}, {1, 2}], [{8, 7}, {5, 6}, {3, 4}, {2}, {1}], [{8, 7}, {6}, {2, 5}, {4}, {1, 3}], [{8}, {1, 7}, {3, 6}, {2, 5}, {4}], [{8}, {1, 7}, {3, 6}, {4, 5}, {2}], [{8}, {1, 7}, {3, 6}, {5}, {2, 4}], [{8}, {1, 7}, {4, 6}, {2, 5}, {3}], [{8}, {1, 7}, {6}, {2, 5}, {3, 4}], [{8}, {2, 7}, {1, 6}, {3, 5}, {4}], [{8}, {2, 7}, {4, 6}, {3, 5}, {1}], [{8}, {2, 7}, {6}, {1, 5}, {3, 4}], [{8}, {2, 7}, {6}, {3, 5}, {1, 4}], [{8}, {2, 7}, {6}, {3, 5}, {4}, {1}], [{8}, {2, 7}, {6}, {4, 5}, {1, 3}], [{8}, {3, 7}, {6}, {2, 5}, {1, 4}], [{8}, {4, 7}, {2, 6}, {3, 5}, {1}], [{8}, {4, 7}, {3, 6}, {1, 5}, {2}], [{8}, {5, 7}, {2, 6}, {1, 4}, {3}], [{8}, {5, 7}, {6}, {2, 4}, {1, 3}], [{8}, {6, 7}, {3, 5}, {2, 4}, {1}], [{8}, {7}, {5, 6}, {1, 4}, {2, 3}]]",2,- 24 K_1^2 - 4 K_1 K_2 + 2 K_1 + 12 K_2 + 2 K_3 + 13,O1O2O3U1O4U5U6U4O7O8U3O5U2U7O6U8,O1O2O3U1O4U5U6U4O7U2O8O6U3O5U7U8,O1O2O3U4U5O6U1O7O4U2O5U8U7U6O8U3,c,{'O1O2O3U4O5U6U2O7U1O4O6U8U5U7O8U3'},1,"<a href=""/flatknot/8.1101693"">8.1101693</a>",t^9-42t^7-78t^6+169t^5+352t^4-21t^3-220t^2-142t-34,0,,
8.1101694,O1O2O3U4O5U6U2O7U1O4O6U8U7U5O8U3,4,z^3+23z^2+103z+123,w^4z^3+23w^3z^2+103w^2z+123w,False,False,"[[ 0 -1  0  2 -1  2  0  0 -2],[ 1  0  0  2  0  1  1 -1 -1],[ 0  0  0  0  0 -1  1 -2 -1],[-2 -2  0  0 -1  0  0 -1 -4],[ 1  0  0  1  0  2  0  1  1],[-2 -1  1  0 -2  0 -1 -1 -3],[ 0 -1 -1  0  0  1  0  0 -1],[ 0  1  2  1 -1  1  0  0  0],[ 2  1  1  4 -1  3  1  0  0]]","[[ 0  2  2  0  0  0 -1 -1 -2],[-2  0  0  1 -1 -1 -1 -2 -3],[-2  0  0  0  0 -1 -2 -1 -4],[ 0 -1  0  0  1 -2  0  0 -1],[ 0  1  0 -1  0  0 -1  0 -1],[ 0  1  1  2  0  0  1 -1  0],[ 1  1  2  0  1 -1  0  0 -1],[ 1  2  1  0  0  1  0  0  1],[ 2  3  4  1  1  0  1 -1  0]]",True,"[-2,-2,0,0,0,1,1,2,0,-1,1,1,1,2,3,0,0,1,2,1,4,-1,2,0,0,1,0,1,0,1,-1,1,0,0,1,-1]","[-2,-2,0,0,0,1,1,2,0,-1,1,1,1,2,3,0,0,1,2,1,4,-1,2,0,0,1,0,1,0,1,-1,1,0,0,1,-1]",t^8+51t^6+382t^4+190t^2+9,"[-2,-1,-1,0,0,0,2,2,0,2,1,1,2,0,1,0,0,1,2,1,2,1,1,0,2,1,1,0,2,1,2,2,3,1,1,0]","[-2,-2,0,0,0,1,1,2,0,1,1,3,1,2,1,1,2,2,2,1,0,0,2,0,2,2,-1,1,0,1,1,1,1,0,2,0]","[-2,-1,-1,0,0,0,2,2,-1,1,0,1,1,3,4,0,1,0,0,2,1,-1,0,1,1,2,2,0,1,1,1,-1,0,1,0,0]",c,"[[{8, 1}, {2, 7}, {3, 6}, {4, 5}], [{8, 1}, {2, 7}, {4, 6}, {3, 5}], [{8, 1}, {2, 7}, {5, 6}, {3, 4}], [{8, 1}, {2, 7}, {6}, {3, 5}, {4}], [{8, 1}, {2, 7}, {6}, {4, 5}, {3}], [{8, 1}, {2, 7}, {6}, {5}, {3, 4}], [{8, 1}, {3, 7}, {2, 6}, {4, 5}], [{8, 1}, {3, 7}, {4, 6}, {2, 5}], [{8, 1}, {3, 7}, {5, 6}, {2, 4}], [{8, 1}, {3, 7}, {6}, {5}, {2, 4}], [{8, 1}, {4, 7}, {2, 6}, {3, 5}], [{8, 1}, {4, 7}, {3, 6}, {2, 5}], [{8, 1}, {4, 7}, {5, 6}, {2, 3}], [{8, 1}, {4, 7}, {6}, {3, 5}, {2}], [{8, 1}, {5, 7}, {2, 6}, {3, 4}], [{8, 1}, {5, 7}, {3, 6}, {2, 4}], [{8, 1}, {5, 7}, {4, 6}, {2, 3}], [{8, 1}, {5, 7}, {6}, {2, 4}, {3}], [{8, 1}, {6, 7}, {2, 5}, {3, 4}], [{8, 1}, {6, 7}, {3, 5}, {2, 4}], [{8, 1}, {6, 7}, {3, 5}, {4}, {2}], [{8, 1}, {6, 7}, {4, 5}, {2, 3}], [{8, 1}, {7}, {2, 6}, {3, 5}, {4}], [{8, 1}, {7}, {4, 6}, {3, 5}, {2}], [{8, 1}, {7}, {6}, {3, 5}, {2, 4}], [{8, 1}, {7}, {6}, {3, 5}, {4}, {2}], [{8, 2}, {1, 7}, {3, 6}, {4, 5}], [{8, 2}, {1, 7}, {4, 6}, {3, 5}], [{8, 2}, {1, 7}, {5, 6}, {3, 4}], [{8, 2}, {3, 7}, {1, 6}, {4, 5}], [{8, 2}, {3, 7}, {4, 6}, {1, 5}], [{8, 2}, {3, 7}, {5, 6}, {1, 4}], [{8, 2}, {3, 7}, {6}, {4, 5}, {1}], [{8, 2}, {4, 7}, {1, 6}, {3, 5}], [{8, 2}, {4, 7}, {3, 6}, {1, 5}], [{8, 2}, {4, 7}, {3, 6}, {5}, {1}], [{8, 2}, {4, 7}, {5, 6}, {1, 3}], [{8, 2}, {5, 7}, {1, 6}, {3, 4}], [{8, 2}, {5, 7}, {3, 6}, {1, 4}], [{8, 2}, {5, 7}, {4, 6}, {1, 3}], [{8, 2}, {5, 7}, {4, 6}, {3}, {1}], [{8, 2}, {6, 7}, {1, 5}, {3, 4}], [{8, 2}, {6, 7}, {1, 5}, {4}, {3}], [{8, 2}, {6, 7}, {3, 5}, {1, 4}], [{8, 2}, {6, 7}, {4, 5}, {1, 3}], [{8, 2}, {6, 7}, {5}, {3, 4}, {1}], [{8, 2}, {7}, {6}, {3, 5}, {1, 4}], [{8, 3}, {1, 7}, {2, 6}, {4, 5}], [{8, 3}, {1, 7}, {4, 6}, {2, 5}], [{8, 3}, {1, 7}, {5, 6}, {2, 4}], [{8, 3}, {1, 7}, {6}, {2, 5}, {4}], [{8, 3}, {2, 7}, {1, 6}, {4, 5}], [{8, 3}, {2, 7}, {4, 6}, {1, 5}], [{8, 3}, {2, 7}, {5, 6}, {1, 4}], [{8, 3}, {2, 7}, {6}, {1, 5}, {4}], [{8, 3}, {2, 7}, {6}, {4, 5}, {1}], [{8, 3}, {2, 7}, {6}, {5}, {1, 4}], [{8, 3}, {4, 7}, {1, 6}, {2, 5}], [{8, 3}, {4, 7}, {2, 6}, {1, 5}], [{8, 3}, {4, 7}, {5, 6}, {1, 2}], [{8, 3}, {5, 7}, {1, 6}, {2, 4}], [{8, 3}, {5, 7}, {2, 6}, {1, 4}], [{8, 3}, {5, 7}, {4, 6}, {1, 2}], [{8, 3}, {5, 7}, {6}, {2, 4}, {1}], [{8, 3}, {6, 7}, {1, 5}, {2, 4}], [{8, 3}, {6, 7}, {2, 5}, {1, 4}], [{8, 3}, {6, 7}, {4, 5}, {1, 2}], [{8, 3}, {6, 7}, {5}, {2, 4}, {1}], [{8, 3}, {7}, {5, 6}, {2, 4}, {1}], [{8, 4}, {1, 7}, {2, 6}, {3, 5}], [{8, 4}, {1, 7}, {3, 6}, {2, 5}], [{8, 4}, {1, 7}, {5, 6}, {2, 3}], [{8, 4}, {1, 7}, {6}, {2, 5}, {3}], [{8, 4}, {1, 7}, {6}, {3, 5}, {2}], [{8, 4}, {1, 7}, {6}, {5}, {2, 3}], [{8, 4}, {2, 7}, {1, 6}, {3, 5}], [{8, 4}, {2, 7}, {3, 6}, {1, 5}], [{8, 4}, {2, 7}, {5, 6}, {1, 3}], [{8, 4}, {2, 7}, {6}, {1, 5}, {3}], [{8, 4}, {2, 7}, {6}, {3, 5}, {1}], [{8, 4}, {2, 7}, {6}, {5}, {1, 3}], [{8, 4}, {3, 7}, {1, 6}, {2, 5}], [{8, 4}, {3, 7}, {2, 6}, {1, 5}], [{8, 4}, {3, 7}, {5, 6}, {1, 2}], [{8, 4}, {5, 7}, {1, 6}, {2, 3}], [{8, 4}, {5, 7}, {2, 6}, {1, 3}], [{8, 4}, {5, 7}, {3, 6}, {1, 2}], [{8, 4}, {6, 7}, {1, 5}, {2, 3}], [{8, 4}, {6, 7}, {2, 5}, {1, 3}], [{8, 4}, {6, 7}, {3, 5}, {1, 2}], [{8, 4}, {6, 7}, {3, 5}, {2}, {1}], [{8, 4}, {7}, {1, 6}, {3, 5}, {2}], [{8, 4}, {7}, {2, 6}, {3, 5}, {1}], [{8, 4}, {7}, {6}, {3, 5}, {1, 2}], [{8, 4}, {7}, {6}, {3, 5}, {2}, {1}], [{8, 5}, {1, 7}, {2, 6}, {3, 4}], [{8, 5}, {1, 7}, {3, 6}, {2, 4}], [{8, 5}, {1, 7}, {4, 6}, {2, 3}], [{8, 5}, {1, 7}, {6}, {2, 4}, {3}], [{8, 5}, {2, 7}, {1, 6}, {3, 4}], [{8, 5}, {2, 7}, {3, 6}, {1, 4}], [{8, 5}, {2, 7}, {4, 6}, {1, 3}], [{8, 5}, {2, 7}, {6}, {1, 4}, {3}], [{8, 5}, {2, 7}, {6}, {3, 4}, {1}], [{8, 5}, {2, 7}, {6}, {4}, {1, 3}], [{8, 5}, {3, 7}, {1, 6}, {2, 4}], [{8, 5}, {3, 7}, {2, 6}, {1, 4}], [{8, 5}, {3, 7}, {4, 6}, {1, 2}], [{8, 5}, {4, 7}, {1, 6}, {2, 3}], [{8, 5}, {4, 7}, {1, 6}, {3}, {2}], [{8, 5}, {4, 7}, {2, 6}, {1, 3}], [{8, 5}, {4, 7}, {3, 6}, {1, 2}], [{8, 5}, {6, 7}, {1, 4}, {2, 3}], [{8, 5}, {6, 7}, {2, 4}, {1, 3}], [{8, 5}, {6, 7}, {3, 4}, {1, 2}], [{8, 5}, {6, 7}, {4}, {3}, {1, 2}], [{8, 6}, {1, 7}, {2, 5}, {3, 4}], [{8, 6}, {1, 7}, {3, 5}, {2, 4}], [{8, 6}, {1, 7}, {4, 5}, {2, 3}], [{8, 6}, {1, 7}, {5}, {2, 4}, {3}], [{8, 6}, {2, 7}, {1, 5}, {3, 4}], [{8, 6}, {2, 7}, {3, 5}, {1, 4}], [{8, 6}, {2, 7}, {4, 5}, {1, 3}], [{8, 6}, {2, 7}, {5}, {1, 4}, {3}], [{8, 6}, {3, 7}, {1, 5}, {2, 4}], [{8, 6}, {3, 7}, {1, 5}, {4}, {2}], [{8, 6}, {3, 7}, {2, 5}, {1, 4}], [{8, 6}, {3, 7}, {4, 5}, {1, 2}], [{8, 6}, {3, 7}, {4, 5}, {2}, {1}], [{8, 6}, {3, 7}, {5}, {1, 4}, {2}], [{8, 6}, {4, 7}, {1, 5}, {2, 3}], [{8, 6}, {4, 7}, {2, 5}, {1, 3}], [{8, 6}, {4, 7}, {3, 5}, {1, 2}], [{8, 6}, {5, 7}, {1, 4}, {2, 3}], [{8, 6}, {5, 7}, {1, 4}, {3}, {2}], [{8, 6}, {5, 7}, {2, 4}, {1, 3}], [{8, 6}, {5, 7}, {3, 4}, {1, 2}], [{8, 6}, {7}, {2, 5}, {1, 4}, {3}], [{8, 6}, {7}, {3, 5}, {1, 4}, {2}], [{8, 6}, {7}, {5}, {1, 4}, {2, 3}], [{8, 7}, {1, 6}, {2, 5}, {3, 4}], [{8, 7}, {1, 6}, {3, 5}, {2, 4}], [{8, 7}, {1, 6}, {4, 5}, {2, 3}], [{8, 7}, {2, 6}, {1, 5}, {3, 4}], [{8, 7}, {2, 6}, {3, 5}, {1, 4}], [{8, 7}, {2, 6}, {4, 5}, {1, 3}], [{8, 7}, {3, 6}, {1, 5}, {2, 4}], [{8, 7}, {3, 6}, {2, 5}, {1, 4}], [{8, 7}, {3, 6}, {4, 5}, {1, 2}], [{8, 7}, {4, 6}, {1, 5}, {2, 3}], [{8, 7}, {4, 6}, {2, 5}, {1, 3}], [{8, 7}, {4, 6}, {3, 5}, {1, 2}], [{8, 7}, {5, 6}, {1, 4}, {2, 3}], [{8, 7}, {5, 6}, {2, 4}, {1, 3}], [{8, 7}, {5, 6}, {3, 4}, {1, 2}], [{8, 7}, {5, 6}, {3, 4}, {2}, {1}], [{8, 7}, {6}, {1, 5}, {4}, {2, 3}], [{8, 7}, {6}, {3, 5}, {1, 4}, {2}], [{8}, {1, 7}, {3, 6}, {4, 5}, {2}], [{8}, {1, 7}, {5, 6}, {2, 4}, {3}], [{8}, {1, 7}, {6}, {2, 5}, {3, 4}], [{8}, {2, 7}, {3, 6}, {5}, {1, 4}], [{8}, {2, 7}, {5, 6}, {1, 4}, {3}], [{8}, {2, 7}, {6}, {1, 5}, {3, 4}], [{8}, {2, 7}, {6}, {3, 5}, {1, 4}], [{8}, {2, 7}, {6}, {4, 5}, {1, 3}], [{8}, {2, 7}, {6}, {5}, {1, 4}, {3}], [{8}, {3, 7}, {2, 6}, {4, 5}, {1}], [{8}, {3, 7}, {6}, {2, 5}, {1, 4}], [{8}, {4, 7}, {3, 6}, {1, 5}, {2}], [{8}, {5, 7}, {6}, {1, 4}, {2, 3}], [{8}, {5, 7}, {6}, {2, 4}, {1, 3}], [{8}, {6, 7}, {3, 5}, {1, 4}, {2}], [{8}, {7}, {2, 6}, {3, 5}, {1, 4}], [{8}, {7}, {6}, {3, 5}, {1, 4}, {2}]]",2,- 14 K_1^2 - 4 K_1 K_2 + 2 K_1 + 7 K_2 + 2 K_3 + 8,O1O2O3U1O4U5U6U4O7O8U3O6U2U7O5U8,O1O2O3U1O4U5U6U4O7U3O8O6U2O5U7U8,O1O2O3U4U5O6U2O7O4U1O5U8U7U6O8U3,c,{'O1O2O3U4O5U6U2O7U1O4O6U8U7U5O8U3'},1,"<a href=""/flatknot/8.1101694"">8.1101694</a>",t^9-49t^7-86t^6+233t^5+354t^4-208t^3-232t^2+44t+42,-t^2+2t,,
8.1101695,O1O2O3U4O5U6U2O7U8O4O6U1U7U3O8U5,4,8z^3+49z^2+108z+85,8w^4z^3+49w^3z^2+108w^2z+85w,False,False,"[[ 0 -2  0  2 -1  2  0  0 -1],[ 2  0  2  3  0  2  2 -1  2],[ 0 -2  0 -1  0  0  1 -2  1],[-2 -3  1  0 -2 -1  0 -2 -1],[ 1  0  0  2  0  3  0  1 -1],[-2 -2  0  1 -3  0 -2  0 -2],[ 0 -2 -1  0  0  2  0  0 -1],[ 0  1  2  2 -1  0  0  0  0],[ 1 -2 -1  1  1  2  1  0  0]]","[[ 0  2  2  0  0  0 -1 -1 -2],[-2  0  1  0  0 -2 -2 -3 -2],[-2 -1  0  1 -2  0 -1 -2 -3],[ 0  0 -1  0 -2  1  1  0 -2],[ 0  0  2  2  0  0  0 -1  1],[ 0  2  0 -1  0  0 -1  0 -2],[ 1  2  1 -1  0  1  0  1 -2],[ 1  3  2  0  1  0 -1  0  0],[ 2  2  3  2 -1  2  2  0  0]]",True,"[-2,-2,0,0,0,1,1,2,-1,0,0,2,2,3,2,-1,2,0,1,2,3,2,-1,-1,0,2,0,0,1,-1,1,0,2,-1,2,0]","[-2,-2,0,0,0,1,1,2,-1,0,0,2,2,3,2,-1,2,0,1,2,3,2,-1,-1,0,2,0,0,1,-1,1,0,2,-1,2,0]",t^8+63t^6+953t^4+766t^2+9,"[-2,-1,-1,0,0,0,2,2,-1,1,0,0,3,1,2,-1,0,2,1,2,1,1,1,0,1,0,1,0,2,0,2,3,2,0,2,1]","[-2,-2,0,0,0,1,1,2,-1,0,2,3,1,2,1,2,0,2,0,1,2,0,2,0,1,3,-1,1,0,0,1,2,0,-1,1,-1]","[-2,-1,-1,0,0,0,2,2,0,2,-1,2,2,2,3,-1,1,0,0,3,2,0,-1,1,2,1,2,0,0,2,1,0,-1,2,0,1]",c,"[[{8, 1}, {2, 7}, {3, 6}, {4, 5}], [{8, 1}, {2, 7}, {4, 6}, {3, 5}], [{8, 1}, {2, 7}, {5, 6}, {3, 4}], [{8, 1}, {2, 7}, {6}, {3, 5}, {4}], [{8, 1}, {2, 7}, {6}, {4, 5}, {3}], [{8, 1}, {2, 7}, {6}, {5}, {3, 4}], [{8, 1}, {3, 7}, {2, 6}, {4, 5}], [{8, 1}, {3, 7}, {4, 6}, {2, 5}], [{8, 1}, {3, 7}, {5, 6}, {2, 4}], [{8, 1}, {4, 7}, {2, 6}, {3, 5}], [{8, 1}, {4, 7}, {3, 6}, {2, 5}], [{8, 1}, {4, 7}, {5, 6}, {2, 3}], [{8, 1}, {5, 7}, {2, 6}, {3, 4}], [{8, 1}, {5, 7}, {3, 6}, {2, 4}], [{8, 1}, {5, 7}, {4, 6}, {2, 3}], [{8, 1}, {6, 7}, {2, 5}, {3, 4}], [{8, 1}, {6, 7}, {3, 5}, {2, 4}], [{8, 1}, {6, 7}, {4, 5}, {2, 3}], [{8, 2}, {1, 7}, {3, 6}, {4, 5}], [{8, 2}, {1, 7}, {4, 6}, {3, 5}], [{8, 2}, {1, 7}, {5, 6}, {3, 4}], [{8, 2}, {3, 7}, {1, 6}, {4, 5}], [{8, 2}, {3, 7}, {4, 6}, {1, 5}], [{8, 2}, {3, 7}, {5, 6}, {1, 4}], [{8, 2}, {4, 7}, {1, 6}, {3, 5}], [{8, 2}, {4, 7}, {1, 6}, {5}, {3}], [{8, 2}, {4, 7}, {3, 6}, {1, 5}], [{8, 2}, {4, 7}, {5, 6}, {1, 3}], [{8, 2}, {5, 7}, {1, 6}, {3, 4}], [{8, 2}, {5, 7}, {3, 6}, {1, 4}], [{8, 2}, {5, 7}, {4, 6}, {1, 3}], [{8, 2}, {6, 7}, {1, 5}, {3, 4}], [{8, 2}, {6, 7}, {3, 5}, {1, 4}], [{8, 2}, {6, 7}, {4, 5}, {1, 3}], [{8, 2}, {7}, {3, 6}, {4, 5}, {1}], [{8, 2}, {7}, {5, 6}, {4}, {1, 3}], [{8, 3}, {1, 7}, {2, 6}, {4, 5}], [{8, 3}, {1, 7}, {4, 6}, {2, 5}], [{8, 3}, {1, 7}, {5, 6}, {2, 4}], [{8, 3}, {2, 7}, {1, 6}, {4, 5}], [{8, 3}, {2, 7}, {4, 6}, {1, 5}], [{8, 3}, {2, 7}, {5, 6}, {1, 4}], [{8, 3}, {2, 7}, {6}, {1, 5}, {4}], [{8, 3}, {2, 7}, {6}, {4, 5}, {1}], [{8, 3}, {2, 7}, {6}, {5}, {1, 4}], [{8, 3}, {4, 7}, {1, 6}, {2, 5}], [{8, 3}, {4, 7}, {2, 6}, {1, 5}], [{8, 3}, {4, 7}, {5, 6}, {1, 2}], [{8, 3}, {5, 7}, {1, 6}, {2, 4}], [{8, 3}, {5, 7}, {2, 6}, {1, 4}], [{8, 3}, {5, 7}, {4, 6}, {1, 2}], [{8, 3}, {6, 7}, {1, 5}, {2, 4}], [{8, 3}, {6, 7}, {2, 5}, {1, 4}], [{8, 3}, {6, 7}, {4, 5}, {1, 2}], [{8, 4}, {1, 7}, {2, 6}, {3, 5}], [{8, 4}, {1, 7}, {3, 6}, {2, 5}], [{8, 4}, {1, 7}, {5, 6}, {2, 3}], [{8, 4}, {1, 7}, {6}, {3, 5}, {2}], [{8, 4}, {2, 7}, {1, 6}, {3, 5}], [{8, 4}, {2, 7}, {1, 6}, {5}, {3}], [{8, 4}, {2, 7}, {3, 6}, {1, 5}], [{8, 4}, {2, 7}, {3, 6}, {5}, {1}], [{8, 4}, {2, 7}, {5, 6}, {1, 3}], [{8, 4}, {2, 7}, {5, 6}, {3}, {1}], [{8, 4}, {2, 7}, {6}, {1, 5}, {3}], [{8, 4}, {2, 7}, {6}, {3, 5}, {1}], [{8, 4}, {2, 7}, {6}, {5}, {1, 3}], [{8, 4}, {2, 7}, {6}, {5}, {3}, {1}], [{8, 4}, {3, 7}, {1, 6}, {2, 5}], [{8, 4}, {3, 7}, {2, 6}, {1, 5}], [{8, 4}, {3, 7}, {5, 6}, {1, 2}], [{8, 4}, {3, 7}, {6}, {2, 5}, {1}], [{8, 4}, {5, 7}, {1, 6}, {2, 3}], [{8, 4}, {5, 7}, {2, 6}, {1, 3}], [{8, 4}, {5, 7}, {3, 6}, {1, 2}], [{8, 4}, {5, 7}, {6}, {2, 3}, {1}], [{8, 4}, {6, 7}, {1, 5}, {2, 3}], [{8, 4}, {6, 7}, {2, 5}, {1, 3}], [{8, 4}, {6, 7}, {3, 5}, {1, 2}], [{8, 4}, {6, 7}, {3, 5}, {2}, {1}], [{8, 4}, {7}, {1, 6}, {3, 5}, {2}], [{8, 4}, {7}, {2, 6}, {3, 5}, {1}], [{8, 4}, {7}, {6}, {3, 5}, {1, 2}], [{8, 4}, {7}, {6}, {3, 5}, {2}, {1}], [{8, 5}, {1, 7}, {2, 6}, {3, 4}], [{8, 5}, {1, 7}, {3, 6}, {2, 4}], [{8, 5}, {1, 7}, {4, 6}, {2, 3}], [{8, 5}, {1, 7}, {6}, {4}, {2, 3}], [{8, 5}, {2, 7}, {1, 6}, {3, 4}], [{8, 5}, {2, 7}, {3, 6}, {1, 4}], [{8, 5}, {2, 7}, {4, 6}, {1, 3}], [{8, 5}, {2, 7}, {6}, {1, 4}, {3}], [{8, 5}, {2, 7}, {6}, {3, 4}, {1}], [{8, 5}, {2, 7}, {6}, {4}, {1, 3}], [{8, 5}, {3, 7}, {1, 6}, {2, 4}], [{8, 5}, {3, 7}, {1, 6}, {4}, {2}], [{8, 5}, {3, 7}, {2, 6}, {1, 4}], [{8, 5}, {3, 7}, {4, 6}, {1, 2}], [{8, 5}, {3, 7}, {6}, {2, 4}, {1}], [{8, 5}, {4, 7}, {1, 6}, {2, 3}], [{8, 5}, {4, 7}, {2, 6}, {1, 3}], [{8, 5}, {4, 7}, {3, 6}, {1, 2}], [{8, 5}, {6, 7}, {1, 4}, {2, 3}], [{8, 5}, {6, 7}, {2, 4}, {1, 3}], [{8, 5}, {6, 7}, {3, 4}, {1, 2}], [{8, 5}, {6, 7}, {4}, {3}, {1, 2}], [{8, 5}, {7}, {1, 6}, {2, 4}, {3}], [{8, 6}, {1, 7}, {2, 5}, {3, 4}], [{8, 6}, {1, 7}, {3, 5}, {2, 4}], [{8, 6}, {1, 7}, {4, 5}, {2, 3}], [{8, 6}, {2, 7}, {1, 5}, {3, 4}], [{8, 6}, {2, 7}, {3, 5}, {1, 4}], [{8, 6}, {2, 7}, {4, 5}, {1, 3}], [{8, 6}, {3, 7}, {1, 5}, {2, 4}], [{8, 6}, {3, 7}, {2, 5}, {1, 4}], [{8, 6}, {3, 7}, {4, 5}, {1, 2}], [{8, 6}, {4, 7}, {1, 5}, {2, 3}], [{8, 6}, {4, 7}, {2, 5}, {1, 3}], [{8, 6}, {4, 7}, {3, 5}, {1, 2}], [{8, 6}, {5, 7}, {1, 4}, {2, 3}], [{8, 6}, {5, 7}, {2, 4}, {1, 3}], [{8, 6}, {5, 7}, {3, 4}, {1, 2}], [{8, 6}, {7}, {5}, {3, 4}, {1, 2}], [{8, 7}, {1, 6}, {2, 5}, {3, 4}], [{8, 7}, {1, 6}, {3, 5}, {2, 4}], [{8, 7}, {1, 6}, {4, 5}, {2, 3}], [{8, 7}, {1, 6}, {5}, {2, 4}, {3}], [{8, 7}, {2, 6}, {1, 5}, {3, 4}], [{8, 7}, {2, 6}, {3, 5}, {1, 4}], [{8, 7}, {2, 6}, {4, 5}, {1, 3}], [{8, 7}, {3, 6}, {1, 5}, {2, 4}], [{8, 7}, {3, 6}, {2, 5}, {1, 4}], [{8, 7}, {3, 6}, {4, 5}, {1, 2}], [{8, 7}, {4, 6}, {1, 5}, {2, 3}], [{8, 7}, {4, 6}, {2, 5}, {1, 3}], [{8, 7}, {4, 6}, {3, 5}, {1, 2}], [{8, 7}, {5, 6}, {1, 4}, {2, 3}], [{8, 7}, {5, 6}, {2, 4}, {1, 3}], [{8, 7}, {5, 6}, {2, 4}, {3}, {1}], [{8, 7}, {5, 6}, {3, 4}, {1, 2}], [{8, 7}, {6}, {1, 5}, {2, 4}, {3}], [{8, 7}, {6}, {2, 5}, {4}, {1, 3}], [{8, 7}, {6}, {5}, {3, 4}, {1, 2}], [{8}, {1, 7}, {5, 6}, {3, 4}, {2}], [{8}, {2, 7}, {6}, {1, 5}, {3, 4}], [{8}, {2, 7}, {6}, {3, 5}, {1, 4}], [{8}, {2, 7}, {6}, {4, 5}, {1, 3}], [{8}, {3, 7}, {6}, {4, 5}, {1, 2}], [{8}, {5, 7}, {1, 6}, {2, 4}, {3}], [{8}, {5, 7}, {2, 6}, {4}, {1, 3}], [{8}, {5, 7}, {3, 6}, {2, 4}, {1}], [{8}, {5, 7}, {4, 6}, {1, 3}, {2}], [{8}, {5, 7}, {6}, {2, 4}, {1, 3}], [{8}, {6, 7}, {5}, {3, 4}, {1, 2}], [{8}, {7}, {5, 6}, {1, 4}, {2, 3}]]",2,4 K_1^3 - 10 K_1^2 - 4 K_1 K_2 - K_1 + 5 K_2 + K_3 + 6,O1O2O3U4O5U1U6U3O7O8U5O6U2U7O4U8,O1O2O3U4O5U1U6U3O7U5O8O6U2O4U7U8,O1O2O3U4U5O6U2O7O4U8O5U1U7U3O8U6,c,{'O1O2O3U4O5U6U2O7U8O4O6U1U7U3O8U5'},1,"<a href=""/flatknot/8.1101695"">8.1101695</a>",t^9-61t^7-174t^6+296t^5+1242t^4+165t^3-1568t^2-632t+530,-t^2+2t,,
8.1101696,O1O2O3U4O5U6U2O7U8O4O6U7U1U3O8U5,3,18z^2+79z+87,-2w^4z^2+20w^3z^2-6w^3z+85w^2z+87w,False,False,"[[ 0 -1  0  2 -1  2  0 -1 -1],[ 1  0  2  2  0  1  2 -2  1],[ 0 -2  0 -1  0  0  1 -2  1],[-2 -2  1  0 -2 -1  0 -2 -1],[ 1  0  0  2  0  3  0  0 -1],[-2 -1  0  1 -3  0 -2  0 -2],[ 0 -2 -1  0  0  2  0 -1 -1],[ 1  2  2  2  0  0  1  0  1],[ 1 -1 -1  1  1  2  1 -1  0]]","[[ 0  2  2  0  0 -1 -1 -1 -1],[-2  0  1  0 -2  0 -1 -2 -3],[-2 -1  0  1  0 -2 -2 -1 -2],[ 0  0 -1  0  1 -2 -2  1  0],[ 0  2  0 -1  0 -1 -2 -1  0],[ 1  0  2  2  1  0  2  1  0],[ 1  1  2  2  2 -2  0  1  0],[ 1  2  1 -1  1 -1 -1  0  1],[ 1  3  2  0  0  0  0 -1  0]]",True,"[-2,-2,0,0,1,1,1,1,-1,0,2,0,1,2,3,-1,0,2,2,1,2,-1,2,2,-1,0,1,2,1,0,-2,-1,0,-1,0,-1]","[-2,-2,0,0,1,1,1,1,-1,0,2,0,1,2,3,-1,0,2,2,1,2,-1,2,2,-1,0,1,2,1,0,-2,-1,0,-1,0,-1]",t^8+56t^6+758t^4+364t^2,"[-1,-1,-1,-1,0,0,2,2,-2,-1,0,-1,0,1,3,-1,0,-1,-1,1,2,-1,2,0,2,1,1,1,1,0,-1,3,2,2,0,1]","[-2,-2,0,0,1,1,1,1,-1,2,3,1,1,1,2,0,2,0,2,3,1,-1,1,-1,0,0,1,-1,-1,2,0,0,-1,-2,1,1]","[-1,-1,-1,-1,0,0,2,2,-2,0,1,2,2,1,2,0,1,1,2,0,2,-1,0,0,3,2,1,-1,2,1,-1,2,0,0,-1,1]",c,"[[{8, 3}, {6, 7}, {2, 5}, {1, 4}], [{8, 5}, {2, 7}, {3, 6}, {1, 4}], [{8, 5}, {6, 7}, {1, 4}, {2, 3}], [{8, 7}, {5, 6}, {1, 4}, {2, 3}]]",1,- 4 K_1^2 + 2 K_2 + 3,O1O2O3U4O5U1U3U6O7O8U5O6U2U7O4U8,O1O2O3U4O5U2U6U3O7U5O8O6U1O4U7U8,O1O2O3U4U5O6U3O7O4U8O5U1U7U2O8U6,c,{'O1O2O3U4O5U6U2O7U8O4O6U7U1U3O8U5'},1,"<a href=""/flatknot/8.1101696"">8.1101696</a>",t^9-52t^7-156t^6+184t^5+1190t^4+1242t^3+130t^2-4t+120,-2t^2+4t,,
8.1101697,O1O2O3U4O5U6U2O7U8O4O6U7U3U1O8U5,3,9z^2+58z+81,-2w^4z^2+4w^4z+11w^3z^2-8w^3z+62w^2z+81w,False,False,"[[ 0  0  0  1 -1  2  0 -1 -1],[ 0  0  1  1 -1  1  1 -2  0],[ 0 -1  0 -1  0  0  1 -2  1],[-1 -1  1  0 -1 -1  1 -2  0],[ 1  1  0  1  0  3  0  0 -1],[-2 -1  0  1 -3  0 -2  0 -2],[ 0 -1 -1 -1  0  2  0 -1 -1],[ 1  2  2  2  0  0  1  0  1],[ 1  0 -1  0  1  2  1 -1  0]]","[[ 0  2  1  0  0  0 -1 -1 -1],[-2  0  1  0 -1 -2  0 -2 -3],[-1 -1  0  1 -1  1 -2  0 -1],[ 0  0 -1  0 -1  1 -2  1  0],[ 0  1  1  1  0  1 -2  0 -1],[ 0  2 -1 -1 -1  0 -1 -1  0],[ 1  0  2  2  2  1  0  1  0],[ 1  2  0 -1  0  1 -1  0  1],[ 1  3  1  0  1  0  0 -1  0]]",True,"[-2,-1,0,0,0,1,1,1,-1,0,1,2,0,2,3,-1,1,-1,2,0,1,1,-1,2,-1,0,-1,2,0,1,1,1,0,-1,0,-1]","[-2,-1,0,0,0,1,1,1,-1,0,1,2,0,2,3,-1,1,-1,2,0,1,1,-1,2,-1,0,-1,2,0,1,1,1,0,-1,0,-1]",t^8+44t^6+490t^4+215t^2,"[-1,-1,-1,0,0,0,1,2,-1,0,-1,-1,0,0,3,-1,1,2,0,2,1,0,1,1,1,0,-1,-1,0,1,-1,2,2,2,0,2]","[-2,-1,0,0,0,1,1,1,2,0,1,2,0,1,3,2,0,2,1,2,0,-1,-1,1,0,0,1,0,1,-1,1,2,-1,-1,0,-1]","[-1,-1,-1,0,0,0,1,2,-1,0,0,0,1,1,3,-1,-1,1,0,0,2,2,1,2,2,0,1,-1,-1,0,-1,-1,2,1,1,-1]",c,"[[{8, 5}, {6, 7}, {1, 4}, {2, 3}], [{8, 7}, {5, 6}, {1, 4}, {2, 3}]]",1,4 K_1^3 - 14 K_1^2 - 4 K_1 K_2 - K_1 + 7 K_2 + K_3 + 8,O1O2O3U4O5U3U1U6O7O8U5O6U2U7O4U8,O1O2O3U4O5U3U6U2O7U5O8O6U1O4U7U8,O1O2O3U4U5O6U3O7O4U8O5U2U7U1O8U6,c,{'O1O2O3U4O5U6U2O7U8O4O6U7U3U1O8U5'},1,"<a href=""/flatknot/8.1101697"">8.1101697</a>",t^9-42t^7-96t^6+193t^5+688t^4+349t^3-262t^2-108t+112,-t^2+2t,,
8.1101698,O1O2O3U4O5U6U2O7U8O4O6U7U5U1O8U3,4,17z^2+102z+137,17w^3z^2+102w^2z+137w,False,False,"[[ 0  0  0  2 -1  1  0 -1 -1],[ 0  0  1  1  0  0  1 -2  0],[ 0 -1  0  0  0 -1  1 -2  1],[-2 -1  0  0 -2  0 -1 -1 -2],[ 1  0  0  2  0  1  0  0  0],[-1  0  1  0 -1  0  0 -1 -1],[ 0 -1 -1  1  0  0  0 -1 -1],[ 1  2  2  1  0  1  1  0  1],[ 1  0 -1  2  0  1  1 -1  0]]","[[ 0  2  1  0  0  0 -1 -1 -1],[-2  0  0  0 -1 -1 -1 -2 -2],[-1  0  0  1  0  0 -1 -1 -1],[ 0  0 -1  0  1 -1 -2  1  0],[ 0  1  0 -1  0 -1 -1 -1  0],[ 0  1  0  1  1  0 -2  0  0],[ 1  1  1  2  1  2  0  1  0],[ 1  2  1 -1  1  0 -1  0  0],[ 1  2  1  0  0  0  0  0  0]]",True,"[-2,-1,0,0,0,1,1,1,0,0,1,1,1,2,2,-1,0,0,1,1,1,-1,1,2,-1,0,1,1,1,0,2,0,0,-1,0,0]","[-2,-1,0,0,0,1,1,1,0,0,1,1,1,2,2,-1,0,0,1,1,1,-1,1,2,-1,0,1,1,1,0,2,0,0,-1,0,0]",t^8+30t^6+209t^4+126t^2+1,"[-1,-1,-1,0,0,0,1,2,-1,0,-1,-1,0,1,2,0,1,2,0,1,1,1,1,1,1,1,-1,-1,1,1,-1,2,2,1,1,1]","[-2,-1,0,0,0,1,1,1,1,1,1,2,1,1,2,1,1,2,1,1,1,-1,-1,0,1,0,1,1,1,-1,2,1,-1,0,-1,0]","[-1,-1,-1,0,0,0,1,2,-1,0,-1,0,1,1,2,0,2,2,1,1,1,0,0,0,1,2,-1,1,-1,0,1,0,1,0,1,0]",c,"[[{8, 1}, {2, 7}, {3, 6}, {4, 5}], [{8, 1}, {2, 7}, {4, 6}, {3, 5}], [{8, 1}, {2, 7}, {5, 6}, {3, 4}], [{8, 1}, {2, 7}, {5, 6}, {4}, {3}], [{8, 1}, {2, 7}, {6}, {5}, {3, 4}], [{8, 1}, {3, 7}, {2, 6}, {4, 5}], [{8, 1}, {3, 7}, {4, 6}, {2, 5}], [{8, 1}, {3, 7}, {5, 6}, {2, 4}], [{8, 1}, {3, 7}, {6}, {5}, {2, 4}], [{8, 1}, {4, 7}, {2, 6}, {3, 5}], [{8, 1}, {4, 7}, {3, 6}, {2, 5}], [{8, 1}, {4, 7}, {5, 6}, {2, 3}], [{8, 1}, {5, 7}, {2, 6}, {3, 4}], [{8, 1}, {5, 7}, {3, 6}, {2, 4}], [{8, 1}, {5, 7}, {4, 6}, {2, 3}], [{8, 1}, {6, 7}, {2, 5}, {3, 4}], [{8, 1}, {6, 7}, {3, 5}, {2, 4}], [{8, 1}, {6, 7}, {4, 5}, {2, 3}], [{8, 1}, {6, 7}, {5}, {2, 4}, {3}], [{8, 1}, {7}, {3, 6}, {5}, {2, 4}], [{8, 1}, {7}, {5, 6}, {3, 4}, {2}], [{8, 2}, {1, 7}, {3, 6}, {4, 5}], [{8, 2}, {1, 7}, {4, 6}, {3, 5}], [{8, 2}, {1, 7}, {5, 6}, {3, 4}], [{8, 2}, {3, 7}, {1, 6}, {4, 5}], [{8, 2}, {3, 7}, {4, 6}, {1, 5}], [{8, 2}, {3, 7}, {5, 6}, {1, 4}], [{8, 2}, {3, 7}, {6}, {5}, {1, 4}], [{8, 2}, {4, 7}, {1, 6}, {3, 5}], [{8, 2}, {4, 7}, {3, 6}, {1, 5}], [{8, 2}, {4, 7}, {5, 6}, {1, 3}], [{8, 2}, {4, 7}, {5, 6}, {3}, {1}], [{8, 2}, {5, 7}, {1, 6}, {3, 4}], [{8, 2}, {5, 7}, {3, 6}, {1, 4}], [{8, 2}, {5, 7}, {4, 6}, {1, 3}], [{8, 2}, {6, 7}, {1, 5}, {3, 4}], [{8, 2}, {6, 7}, {3, 5}, {1, 4}], [{8, 2}, {6, 7}, {4, 5}, {1, 3}], [{8, 2}, {6, 7}, {5}, {1, 4}, {3}], [{8, 2}, {7}, {3, 6}, {5}, {1, 4}], [{8, 2}, {7}, {4, 6}, {5}, {1, 3}], [{8, 3}, {1, 7}, {2, 6}, {4, 5}], [{8, 3}, {1, 7}, {4, 6}, {2, 5}], [{8, 3}, {1, 7}, {5, 6}, {2, 4}], [{8, 3}, {2, 7}, {1, 6}, {4, 5}], [{8, 3}, {2, 7}, {4, 6}, {1, 5}], [{8, 3}, {2, 7}, {5, 6}, {1, 4}], [{8, 3}, {2, 7}, {5, 6}, {4}, {1}], [{8, 3}, {2, 7}, {6}, {5}, {1, 4}], [{8, 3}, {4, 7}, {1, 6}, {2, 5}], [{8, 3}, {4, 7}, {2, 6}, {1, 5}], [{8, 3}, {4, 7}, {5, 6}, {1, 2}], [{8, 3}, {4, 7}, {6}, {2, 5}, {1}], [{8, 3}, {5, 7}, {1, 6}, {2, 4}], [{8, 3}, {5, 7}, {1, 6}, {4}, {2}], [{8, 3}, {5, 7}, {2, 6}, {1, 4}], [{8, 3}, {5, 7}, {4, 6}, {1, 2}], [{8, 3}, {6, 7}, {1, 5}, {2, 4}], [{8, 3}, {6, 7}, {1, 5}, {4}, {2}], [{8, 3}, {6, 7}, {2, 5}, {1, 4}], [{8, 3}, {6, 7}, {2, 5}, {4}, {1}], [{8, 3}, {6, 7}, {4, 5}, {1, 2}], [{8, 3}, {6, 7}, {4, 5}, {2}, {1}], [{8, 3}, {6, 7}, {5}, {1, 4}, {2}], [{8, 3}, {6, 7}, {5}, {2, 4}, {1}], [{8, 3}, {6, 7}, {5}, {4}, {1, 2}], [{8, 3}, {7}, {2, 6}, {5}, {1, 4}], [{8, 3}, {7}, {4, 6}, {2, 5}, {1}], [{8, 4}, {1, 7}, {2, 6}, {3, 5}], [{8, 4}, {1, 7}, {3, 6}, {2, 5}], [{8, 4}, {1, 7}, {5, 6}, {2, 3}], [{8, 4}, {1, 7}, {6}, {2, 5}, {3}], [{8, 4}, {2, 7}, {1, 6}, {3, 5}], [{8, 4}, {2, 7}, {3, 6}, {1, 5}], [{8, 4}, {2, 7}, {5, 6}, {1, 3}], [{8, 4}, {2, 7}, {6}, {1, 5}, {3}], [{8, 4}, {3, 7}, {1, 6}, {2, 5}], [{8, 4}, {3, 7}, {1, 6}, {5}, {2}], [{8, 4}, {3, 7}, {2, 6}, {1, 5}], [{8, 4}, {3, 7}, {2, 6}, {5}, {1}], [{8, 4}, {3, 7}, {5, 6}, {1, 2}], [{8, 4}, {3, 7}, {5, 6}, {2}, {1}], [{8, 4}, {3, 7}, {6}, {1, 5}, {2}], [{8, 4}, {3, 7}, {6}, {2, 5}, {1}], [{8, 4}, {3, 7}, {6}, {5}, {1, 2}], [{8, 4}, {3, 7}, {6}, {5}, {2}, {1}], [{8, 4}, {5, 7}, {1, 6}, {2, 3}], [{8, 4}, {5, 7}, {1, 6}, {3}, {2}], [{8, 4}, {5, 7}, {2, 6}, {1, 3}], [{8, 4}, {5, 7}, {3, 6}, {1, 2}], [{8, 4}, {6, 7}, {1, 5}, {2, 3}], [{8, 4}, {6, 7}, {2, 5}, {1, 3}], [{8, 4}, {6, 7}, {3, 5}, {1, 2}], [{8, 4}, {6, 7}, {5}, {3}, {1, 2}], [{8, 4}, {7}, {1, 6}, {3, 5}, {2}], [{8, 4}, {7}, {3, 6}, {5}, {1, 2}], [{8, 4}, {7}, {6}, {1, 5}, {2, 3}], [{8, 4}, {7}, {6}, {2, 5}, {1, 3}], [{8, 5}, {1, 7}, {2, 6}, {3, 4}], [{8, 5}, {1, 7}, {3, 6}, {2, 4}], [{8, 5}, {1, 7}, {4, 6}, {2, 3}], [{8, 5}, {2, 7}, {1, 6}, {3, 4}], [{8, 5}, {2, 7}, {3, 6}, {1, 4}], [{8, 5}, {2, 7}, {4, 6}, {1, 3}], [{8, 5}, {2, 7}, {6}, {4}, {1, 3}], [{8, 5}, {3, 7}, {1, 6}, {2, 4}], [{8, 5}, {3, 7}, {2, 6}, {1, 4}], [{8, 5}, {3, 7}, {4, 6}, {1, 2}], [{8, 5}, {3, 7}, {4, 6}, {2}, {1}], [{8, 5}, {4, 7}, {1, 6}, {2, 3}], [{8, 5}, {4, 7}, {2, 6}, {1, 3}], [{8, 5}, {4, 7}, {3, 6}, {1, 2}], [{8, 5}, {4, 7}, {3, 6}, {2}, {1}], [{8, 5}, {6, 7}, {1, 4}, {2, 3}], [{8, 5}, {6, 7}, {1, 4}, {3}, {2}], [{8, 5}, {6, 7}, {2, 4}, {1, 3}], [{8, 5}, {6, 7}, {2, 4}, {3}, {1}], [{8, 5}, {6, 7}, {3, 4}, {1, 2}], [{8, 5}, {6, 7}, {3, 4}, {2}, {1}], [{8, 5}, {6, 7}, {4}, {1, 3}, {2}], [{8, 5}, {6, 7}, {4}, {2, 3}, {1}], [{8, 5}, {6, 7}, {4}, {3}, {1, 2}], [{8, 5}, {7}, {2, 6}, {4}, {1, 3}], [{8, 6}, {1, 7}, {2, 5}, {3, 4}], [{8, 6}, {1, 7}, {3, 5}, {2, 4}], [{8, 6}, {1, 7}, {4, 5}, {2, 3}], [{8, 6}, {2, 7}, {1, 5}, {3, 4}], [{8, 6}, {2, 7}, {3, 5}, {1, 4}], [{8, 6}, {2, 7}, {4, 5}, {1, 3}], [{8, 6}, {2, 7}, {5}, {4}, {1, 3}], [{8, 6}, {3, 7}, {1, 5}, {2, 4}], [{8, 6}, {3, 7}, {2, 5}, {1, 4}], [{8, 6}, {3, 7}, {4, 5}, {1, 2}], [{8, 6}, {3, 7}, {4, 5}, {2}, {1}], [{8, 6}, {4, 7}, {1, 5}, {2, 3}], [{8, 6}, {4, 7}, {1, 5}, {3}, {2}], [{8, 6}, {4, 7}, {2, 5}, {1, 3}], [{8, 6}, {4, 7}, {3, 5}, {1, 2}], [{8, 6}, {5, 7}, {1, 4}, {2, 3}], [{8, 6}, {5, 7}, {2, 4}, {1, 3}], [{8, 6}, {5, 7}, {3, 4}, {1, 2}], [{8, 6}, {5, 7}, {4}, {3}, {1, 2}], [{8, 7}, {1, 6}, {2, 5}, {3, 4}], [{8, 7}, {1, 6}, {3, 5}, {2, 4}], [{8, 7}, {1, 6}, {4, 5}, {2, 3}], [{8, 7}, {2, 6}, {1, 5}, {3, 4}], [{8, 7}, {2, 6}, {3, 5}, {1, 4}], [{8, 7}, {2, 6}, {4, 5}, {1, 3}], [{8, 7}, {3, 6}, {1, 5}, {2, 4}], [{8, 7}, {3, 6}, {2, 5}, {1, 4}], [{8, 7}, {3, 6}, {4, 5}, {1, 2}], [{8, 7}, {3, 6}, {4, 5}, {2}, {1}], [{8, 7}, {4, 6}, {1, 5}, {2, 3}], [{8, 7}, {4, 6}, {2, 5}, {1, 3}], [{8, 7}, {4, 6}, {3, 5}, {1, 2}], [{8, 7}, {4, 6}, {5}, {2, 3}, {1}], [{8, 7}, {5, 6}, {1, 4}, {2, 3}], [{8, 7}, {5, 6}, {2, 4}, {1, 3}], [{8, 7}, {5, 6}, {3, 4}, {1, 2}], [{8, 7}, {5, 6}, {4}, {3}, {1, 2}], [{8}, {1, 7}, {2, 6}, {3, 5}, {4}], [{8}, {2, 7}, {1, 6}, {4, 5}, {3}], [{8}, {2, 7}, {5, 6}, {4}, {1, 3}], [{8}, {5, 7}, {1, 6}, {3, 4}, {2}], [{8}, {6, 7}, {1, 5}, {2, 4}, {3}], [{8}, {6, 7}, {2, 5}, {1, 4}, {3}], [{8}, {6, 7}, {3, 5}, {1, 4}, {2}], [{8}, {6, 7}, {3, 5}, {2, 4}, {1}], [{8}, {6, 7}, {3, 5}, {4}, {1, 2}], [{8}, {6, 7}, {4, 5}, {3}, {1, 2}], [{8}, {6, 7}, {5}, {1, 4}, {2, 3}], [{8}, {6, 7}, {5}, {1, 4}, {3}, {2}], [{8}, {6, 7}, {5}, {2, 4}, {1, 3}], [{8}, {6, 7}, {5}, {2, 4}, {3}, {1}], [{8}, {6, 7}, {5}, {3, 4}, {1, 2}], [{8}, {6, 7}, {5}, {4}, {3}, {1, 2}], [{8}, {7}, {2, 6}, {1, 5}, {3, 4}]]",2,- 18 K_1^2 - 4 K_1 K_2 + 2 K_1 + 9 K_2 + 2 K_3 + 10,O1O2O3U1O4U3U5U6O7O8U4O6U2U7O5U8,O1O2O3U4O5U3U6U5O7U2O8O6U1O4U7U8,O1O2O3U4U5O6U3O7O4U2O5U8U7U1O8U6,c,{'O1O2O3U4O5U6U2O7U8O4O6U7U5U1O8U3'},1,"<a href=""/flatknot/8.1101698"">8.1101698</a>",t^9-28t^7-52t^6+60t^5+122t^4-62t^3-76t^2+25t-2,-t^2+2t,,
8.1101699,O1O2O3U4O5U6U3O7U1O4O6U7U8U5O8U2,4,21z^2+102z+121,21w^3z^2+102w^2z+121w,False,False,"[[ 0 -1  1  1 -1  2  0 -1 -1],[ 1  0  1  0  0  1  1 -1  0],[-1 -1  0  1 -1  1  0 -2 -2],[-1  0 -1  0 -1 -1  0 -2 -2],[ 1  0  1  1  0  2  0  0  1],[-2 -1 -1  1 -2  0 -1 -1 -2],[ 0 -1  0  0  0  1  0 -1 -1],[ 1  1  2  2  0  1  1  0  1],[ 1  0  2  2 -1  2  1 -1  0]]","[[ 0  2  1  1  0 -1 -1 -1 -1],[-2  0  1 -1 -1 -1 -1 -2 -2],[-1 -1  0 -1  0  0 -2 -1 -2],[-1  1  1  0  0 -1 -2 -1 -2],[ 0  1  0  0  0 -1 -1  0 -1],[ 1  1  0  1  1  0 -1  0  0],[ 1  1  2  2  1  1  0  0  1],[ 1  2  1  1  0  0  0  0  1],[ 1  2  2  2  1  0 -1 -1  0]]",True,"[-2,-1,-1,0,1,1,1,1,-1,1,1,1,1,2,2,1,0,0,2,1,2,0,1,2,1,2,1,1,0,1,1,0,0,0,-1,-1]","[-2,-1,-1,0,1,1,1,1,-1,1,1,1,1,2,2,1,0,0,2,1,2,0,1,2,1,2,1,1,0,1,1,0,0,0,-1,-1]",t^8+39t^6+164t^4+62t^2,"[-1,-1,-1,-1,0,1,1,2,-1,-1,0,0,0,0,2,0,0,0,1,2,2,1,0,0,0,1,1,1,1,1,1,1,1,-1,0,2]","[-2,-1,-1,0,1,1,1,1,0,2,1,1,1,2,2,1,1,0,1,0,1,1,0,1,0,2,0,1,0,0,-1,-1,0,0,0,1]","[-1,-1,-1,-1,0,1,1,2,-1,-1,0,1,2,2,2,0,0,0,1,1,2,1,1,2,2,1,1,0,1,1,0,0,1,-1,-1,1]",c,"[[{8, 1}, {2, 7}, {3, 6}, {4, 5}], [{8, 1}, {2, 7}, {4, 6}, {3, 5}], [{8, 1}, {2, 7}, {5, 6}, {3, 4}], [{8, 1}, {2, 7}, {5, 6}, {4}, {3}], [{8, 1}, {3, 7}, {2, 6}, {4, 5}], [{8, 1}, {3, 7}, {4, 6}, {2, 5}], [{8, 1}, {3, 7}, {5, 6}, {2, 4}], [{8, 1}, {4, 7}, {2, 6}, {3, 5}], [{8, 1}, {4, 7}, {3, 6}, {2, 5}], [{8, 1}, {4, 7}, {5, 6}, {2, 3}], [{8, 1}, {4, 7}, {6}, {5}, {2, 3}], [{8, 1}, {5, 7}, {2, 6}, {3, 4}], [{8, 1}, {5, 7}, {3, 6}, {2, 4}], [{8, 1}, {5, 7}, {4, 6}, {2, 3}], [{8, 1}, {6, 7}, {2, 5}, {3, 4}], [{8, 1}, {6, 7}, {3, 5}, {2, 4}], [{8, 1}, {6, 7}, {4, 5}, {2, 3}], [{8, 1}, {6, 7}, {4, 5}, {3}, {2}], [{8, 1}, {7}, {5, 6}, {3, 4}, {2}], [{8, 2}, {1, 7}, {3, 6}, {4, 5}], [{8, 2}, {1, 7}, {4, 6}, {3, 5}], [{8, 2}, {1, 7}, {5, 6}, {3, 4}], [{8, 2}, {1, 7}, {5, 6}, {4}, {3}], [{8, 2}, {1, 7}, {6}, {5}, {3, 4}], [{8, 2}, {3, 7}, {1, 6}, {4, 5}], [{8, 2}, {3, 7}, {4, 6}, {1, 5}], [{8, 2}, {3, 7}, {5, 6}, {1, 4}], [{8, 2}, {3, 7}, {6}, {1, 5}, {4}], [{8, 2}, {3, 7}, {6}, {4, 5}, {1}], [{8, 2}, {3, 7}, {6}, {5}, {1, 4}], [{8, 2}, {4, 7}, {1, 6}, {3, 5}], [{8, 2}, {4, 7}, {3, 6}, {1, 5}], [{8, 2}, {4, 7}, {5, 6}, {1, 3}], [{8, 2}, {4, 7}, {6}, {1, 5}, {3}], [{8, 2}, {5, 7}, {1, 6}, {3, 4}], [{8, 2}, {5, 7}, {1, 6}, {4}, {3}], [{8, 2}, {5, 7}, {3, 6}, {1, 4}], [{8, 2}, {5, 7}, {4, 6}, {1, 3}], [{8, 2}, {5, 7}, {6}, {3, 4}, {1}], [{8, 2}, {6, 7}, {1, 5}, {3, 4}], [{8, 2}, {6, 7}, {1, 5}, {4}, {3}], [{8, 2}, {6, 7}, {3, 5}, {1, 4}], [{8, 2}, {6, 7}, {4, 5}, {1, 3}], [{8, 2}, {6, 7}, {5}, {3, 4}, {1}], [{8, 2}, {7}, {1, 6}, {5}, {3, 4}], [{8, 2}, {7}, {3, 6}, {1, 5}, {4}], [{8, 2}, {7}, {4, 6}, {1, 5}, {3}], [{8, 2}, {7}, {5, 6}, {3, 4}, {1}], [{8, 2}, {7}, {6}, {1, 5}, {3, 4}], [{8, 2}, {7}, {6}, {1, 5}, {4}, {3}], [{8, 3}, {1, 7}, {2, 6}, {4, 5}], [{8, 3}, {1, 7}, {4, 6}, {2, 5}], [{8, 3}, {1, 7}, {5, 6}, {2, 4}], [{8, 3}, {2, 7}, {1, 6}, {4, 5}], [{8, 3}, {2, 7}, {4, 6}, {1, 5}], [{8, 3}, {2, 7}, {5, 6}, {1, 4}], [{8, 3}, {4, 7}, {1, 6}, {2, 5}], [{8, 3}, {4, 7}, {2, 6}, {1, 5}], [{8, 3}, {4, 7}, {2, 6}, {5}, {1}], [{8, 3}, {4, 7}, {5, 6}, {1, 2}], [{8, 3}, {5, 7}, {1, 6}, {2, 4}], [{8, 3}, {5, 7}, {2, 6}, {1, 4}], [{8, 3}, {5, 7}, {4, 6}, {1, 2}], [{8, 3}, {6, 7}, {1, 5}, {2, 4}], [{8, 3}, {6, 7}, {2, 5}, {1, 4}], [{8, 3}, {6, 7}, {4, 5}, {1, 2}], [{8, 3}, {6, 7}, {5}, {2, 4}, {1}], [{8, 4}, {1, 7}, {2, 6}, {3, 5}], [{8, 4}, {1, 7}, {3, 6}, {2, 5}], [{8, 4}, {1, 7}, {5, 6}, {2, 3}], [{8, 4}, {2, 7}, {1, 6}, {3, 5}], [{8, 4}, {2, 7}, {3, 6}, {1, 5}], [{8, 4}, {2, 7}, {5, 6}, {1, 3}], [{8, 4}, {2, 7}, {6}, {1, 5}, {3}], [{8, 4}, {3, 7}, {1, 6}, {2, 5}], [{8, 4}, {3, 7}, {2, 6}, {1, 5}], [{8, 4}, {3, 7}, {5, 6}, {1, 2}], [{8, 4}, {5, 7}, {1, 6}, {2, 3}], [{8, 4}, {5, 7}, {2, 6}, {1, 3}], [{8, 4}, {5, 7}, {3, 6}, {1, 2}], [{8, 4}, {6, 7}, {1, 5}, {2, 3}], [{8, 4}, {6, 7}, {2, 5}, {1, 3}], [{8, 4}, {6, 7}, {2, 5}, {3}, {1}], [{8, 4}, {6, 7}, {3, 5}, {1, 2}], [{8, 4}, {7}, {1, 6}, {5}, {2, 3}], [{8, 5}, {1, 7}, {2, 6}, {3, 4}], [{8, 5}, {1, 7}, {3, 6}, {2, 4}], [{8, 5}, {1, 7}, {4, 6}, {2, 3}], [{8, 5}, {1, 7}, {6}, {2, 4}, {3}], [{8, 5}, {1, 7}, {6}, {3, 4}, {2}], [{8, 5}, {1, 7}, {6}, {4}, {2, 3}], [{8, 5}, {2, 7}, {1, 6}, {3, 4}], [{8, 5}, {2, 7}, {3, 6}, {1, 4}], [{8, 5}, {2, 7}, {4, 6}, {1, 3}], [{8, 5}, {3, 7}, {1, 6}, {2, 4}], [{8, 5}, {3, 7}, {2, 6}, {1, 4}], [{8, 5}, {3, 7}, {4, 6}, {1, 2}], [{8, 5}, {4, 7}, {1, 6}, {2, 3}], [{8, 5}, {4, 7}, {2, 6}, {1, 3}], [{8, 5}, {4, 7}, {3, 6}, {1, 2}], [{8, 5}, {6, 7}, {1, 4}, {2, 3}], [{8, 5}, {6, 7}, {2, 4}, {1, 3}], [{8, 5}, {6, 7}, {3, 4}, {1, 2}], [{8, 5}, {6, 7}, {4}, {3}, {1, 2}], [{8, 6}, {1, 7}, {2, 5}, {3, 4}], [{8, 6}, {1, 7}, {3, 5}, {2, 4}], [{8, 6}, {1, 7}, {4, 5}, {2, 3}], [{8, 6}, {1, 7}, {5}, {3, 4}, {2}], [{8, 6}, {2, 7}, {1, 5}, {3, 4}], [{8, 6}, {2, 7}, {3, 5}, {1, 4}], [{8, 6}, {2, 7}, {4, 5}, {1, 3}], [{8, 6}, {3, 7}, {1, 5}, {2, 4}], [{8, 6}, {3, 7}, {2, 5}, {1, 4}], [{8, 6}, {3, 7}, {4, 5}, {1, 2}], [{8, 6}, {3, 7}, {4, 5}, {2}, {1}], [{8, 6}, {4, 7}, {1, 5}, {2, 3}], [{8, 6}, {4, 7}, {2, 5}, {1, 3}], [{8, 6}, {4, 7}, {3, 5}, {1, 2}], [{8, 6}, {5, 7}, {1, 4}, {2, 3}], [{8, 6}, {5, 7}, {1, 4}, {3}, {2}], [{8, 6}, {5, 7}, {2, 4}, {1, 3}], [{8, 6}, {5, 7}, {2, 4}, {3}, {1}], [{8, 6}, {5, 7}, {3, 4}, {1, 2}], [{8, 6}, {5, 7}, {4}, {3}, {1, 2}], [{8, 7}, {1, 6}, {2, 5}, {3, 4}], [{8, 7}, {1, 6}, {3, 5}, {2, 4}], [{8, 7}, {1, 6}, {4, 5}, {2, 3}], [{8, 7}, {2, 6}, {1, 5}, {3, 4}], [{8, 7}, {2, 6}, {3, 5}, {1, 4}], [{8, 7}, {2, 6}, {4, 5}, {1, 3}], [{8, 7}, {3, 6}, {1, 5}, {2, 4}], [{8, 7}, {3, 6}, {2, 5}, {1, 4}], [{8, 7}, {3, 6}, {4, 5}, {1, 2}], [{8, 7}, {4, 6}, {1, 5}, {2, 3}], [{8, 7}, {4, 6}, {2, 5}, {1, 3}], [{8, 7}, {4, 6}, {3, 5}, {1, 2}], [{8, 7}, {5, 6}, {1, 4}, {2, 3}], [{8, 7}, {5, 6}, {2, 4}, {1, 3}], [{8, 7}, {5, 6}, {3, 4}, {1, 2}], [{8, 7}, {5, 6}, {3, 4}, {2}, {1}], [{8, 7}, {6}, {1, 5}, {2, 4}, {3}], [{8, 7}, {6}, {5}, {1, 4}, {2, 3}], [{8}, {1, 7}, {2, 6}, {5}, {3, 4}], [{8}, {1, 7}, {5, 6}, {3, 4}, {2}], [{8}, {1, 7}, {6}, {2, 5}, {3, 4}], [{8}, {1, 7}, {6}, {5}, {3, 4}, {2}], [{8}, {2, 7}, {5, 6}, {3, 4}, {1}], [{8}, {3, 7}, {2, 6}, {4, 5}, {1}], [{8}, {3, 7}, {4, 6}, {1, 5}, {2}], [{8}, {3, 7}, {4, 6}, {2, 5}, {1}], [{8}, {3, 7}, {4, 6}, {5}, {1, 2}], [{8}, {4, 7}, {1, 6}, {2, 5}, {3}], [{8}, {4, 7}, {3, 6}, {5}, {1, 2}], [{8}, {5, 7}, {1, 6}, {3, 4}, {2}], [{8}, {6, 7}, {1, 5}, {3, 4}, {2}], [{8}, {6, 7}, {3, 5}, {1, 4}, {2}], [{8}, {7}, {5, 6}, {3, 4}, {1, 2}], [{8}, {7}, {5, 6}, {3, 4}, {2}, {1}]]",2,8 K_1^3 - 18 K_1^2 - 12 K_1 K_2 + 9 K_2 + 4 K_3 + 10,O1O2O3U2O4U5U4U6O7O8U3O6U1U7O5U8,O1O2O3U2O4U5U4U6O7U3O8O6U1O5U7U8,O1O2O3U4U5O6U3O7O4U1O5U7U8U6O8U2,c,{'O1O2O3U4O5U6U3O7U1O4O6U7U8U5O8U2'},1,"<a href=""/flatknot/8.1101699"">8.1101699</a>",t^9-37t^7-104t^6-19t^5+188t^4+128t^3-64t^2-42t+8,-t^2+2t,,
8.1101700,O1O2O3U4O5U6U3O7U1O4O6U8U5U7O8U2,4,16z^2+101z+139,16w^3z^2+101w^2z+139w,False,False,"[[ 0 -1  1  1 -1  1  0  1 -2],[ 1  0  1  0  0  0  1  0 -1],[-1 -1  0  1 -1  0  0  0 -3],[-1  0 -1  0 -1 -1  0 -1 -2],[ 1  0  1  1  0  2  0  1  1],[-1  0  0  1 -2  0 -1  0 -2],[ 0 -1  0  0  0  1  0  1 -1],[-1  0  0  1 -1  0 -1  0 -1],[ 2  1  3  2 -1  2  1  1  0]]","[[ 0  1  1  1  1  0 -1 -1 -2],[-1  0  1  0  0  0 -1 -1 -3],[-1 -1  0 -1 -1  0  0 -1 -2],[-1  0  1  0  0 -1  0 -1 -1],[-1  0  1  0  0 -1  0 -2 -2],[ 0  0  0  1  1  0 -1  0 -1],[ 1  1  0  0  0  1  0  0 -1],[ 1  1  1  1  2  0  0  0  1],[ 2  3  2  1  2  1  1 -1  0]]",True,"[-1,-1,-1,-1,0,1,1,2,-1,0,0,0,1,1,3,1,1,0,0,1,2,0,1,0,1,1,1,0,2,2,1,0,1,0,1,-1]","[-2,-1,-1,0,1,1,1,1,-1,1,1,1,2,2,3,0,0,1,1,2,1,1,0,0,0,1,1,0,1,0,1,0,0,-1,-1,0]",t^8+35t^6+161t^4+60t^2+1,"[-2,-1,-1,0,1,1,1,1,0,2,1,0,1,1,2,0,0,1,2,2,2,1,1,0,1,1,1,0,1,0,0,-1,0,-1,0,1]","[-1,-1,-1,-1,0,1,1,2,-1,-1,-1,1,1,2,1,0,0,0,0,2,1,0,0,1,2,2,1,1,1,0,1,0,1,0,2,0]","[-2,-1,-1,0,1,1,1,1,-1,1,1,1,2,2,3,0,0,1,1,2,1,1,0,0,0,1,1,0,1,0,1,0,0,-1,-1,0]",c,"[[{8, 1}, {2, 7}, {3, 6}, {4, 5}], [{8, 1}, {2, 7}, {4, 6}, {3, 5}], [{8, 1}, {2, 7}, {5, 6}, {3, 4}], [{8, 1}, {2, 7}, {6}, {5}, {3, 4}], [{8, 1}, {3, 7}, {2, 6}, {4, 5}], [{8, 1}, {3, 7}, {4, 6}, {2, 5}], [{8, 1}, {3, 7}, {4, 6}, {5}, {2}], [{8, 1}, {3, 7}, {5, 6}, {2, 4}], [{8, 1}, {3, 7}, {6}, {2, 5}, {4}], [{8, 1}, {4, 7}, {2, 6}, {3, 5}], [{8, 1}, {4, 7}, {2, 6}, {5}, {3}], [{8, 1}, {4, 7}, {3, 6}, {2, 5}], [{8, 1}, {4, 7}, {5, 6}, {2, 3}], [{8, 1}, {4, 7}, {5, 6}, {3}, {2}], [{8, 1}, {4, 7}, {6}, {2, 5}, {3}], [{8, 1}, {5, 7}, {2, 6}, {3, 4}], [{8, 1}, {5, 7}, {3, 6}, {2, 4}], [{8, 1}, {5, 7}, {4, 6}, {2, 3}], [{8, 1}, {5, 7}, {6}, {3, 4}, {2}], [{8, 1}, {6, 7}, {2, 5}, {3, 4}], [{8, 1}, {6, 7}, {2, 5}, {4}, {3}], [{8, 1}, {6, 7}, {3, 5}, {2, 4}], [{8, 1}, {6, 7}, {4, 5}, {2, 3}], [{8, 1}, {6, 7}, {4, 5}, {3}, {2}], [{8, 1}, {6, 7}, {5}, {2, 4}, {3}], [{8, 1}, {7}, {3, 6}, {2, 5}, {4}], [{8, 1}, {7}, {4, 6}, {2, 5}, {3}], [{8, 1}, {7}, {6}, {2, 5}, {3, 4}], [{8, 1}, {7}, {6}, {2, 5}, {4}, {3}], [{8, 2}, {1, 7}, {3, 6}, {4, 5}], [{8, 2}, {1, 7}, {4, 6}, {3, 5}], [{8, 2}, {1, 7}, {5, 6}, {3, 4}], [{8, 2}, {1, 7}, {5, 6}, {4}, {3}], [{8, 2}, {1, 7}, {6}, {5}, {3, 4}], [{8, 2}, {3, 7}, {1, 6}, {4, 5}], [{8, 2}, {3, 7}, {4, 6}, {1, 5}], [{8, 2}, {3, 7}, {5, 6}, {1, 4}], [{8, 2}, {3, 7}, {5, 6}, {4}, {1}], [{8, 2}, {4, 7}, {1, 6}, {3, 5}], [{8, 2}, {4, 7}, {3, 6}, {1, 5}], [{8, 2}, {4, 7}, {5, 6}, {1, 3}], [{8, 2}, {5, 7}, {1, 6}, {3, 4}], [{8, 2}, {5, 7}, {3, 6}, {1, 4}], [{8, 2}, {5, 7}, {4, 6}, {1, 3}], [{8, 2}, {5, 7}, {6}, {3, 4}, {1}], [{8, 2}, {6, 7}, {1, 5}, {3, 4}], [{8, 2}, {6, 7}, {3, 5}, {1, 4}], [{8, 2}, {6, 7}, {4, 5}, {1, 3}], [{8, 2}, {7}, {5, 6}, {4}, {1, 3}], [{8, 2}, {7}, {6}, {1, 5}, {3, 4}], [{8, 3}, {1, 7}, {2, 6}, {4, 5}], [{8, 3}, {1, 7}, {2, 6}, {5}, {4}], [{8, 3}, {1, 7}, {4, 6}, {2, 5}], [{8, 3}, {1, 7}, {4, 6}, {5}, {2}], [{8, 3}, {1, 7}, {5, 6}, {2, 4}], [{8, 3}, {1, 7}, {6}, {5}, {2, 4}], [{8, 3}, {2, 7}, {1, 6}, {4, 5}], [{8, 3}, {2, 7}, {4, 6}, {1, 5}], [{8, 3}, {2, 7}, {5, 6}, {1, 4}], [{8, 3}, {4, 7}, {1, 6}, {2, 5}], [{8, 3}, {4, 7}, {2, 6}, {1, 5}], [{8, 3}, {4, 7}, {5, 6}, {1, 2}], [{8, 3}, {4, 7}, {5, 6}, {2}, {1}], [{8, 3}, {5, 7}, {1, 6}, {2, 4}], [{8, 3}, {5, 7}, {2, 6}, {1, 4}], [{8, 3}, {5, 7}, {4, 6}, {1, 2}], [{8, 3}, {5, 7}, {6}, {1, 4}, {2}], [{8, 3}, {5, 7}, {6}, {2, 4}, {1}], [{8, 3}, {5, 7}, {6}, {4}, {1, 2}], [{8, 3}, {6, 7}, {1, 5}, {2, 4}], [{8, 3}, {6, 7}, {1, 5}, {4}, {2}], [{8, 3}, {6, 7}, {2, 5}, {1, 4}], [{8, 3}, {6, 7}, {4, 5}, {1, 2}], [{8, 3}, {7}, {1, 6}, {4, 5}, {2}], [{8, 3}, {7}, {4, 6}, {2, 5}, {1}], [{8, 3}, {7}, {6}, {1, 5}, {2, 4}], [{8, 4}, {1, 7}, {2, 6}, {3, 5}], [{8, 4}, {1, 7}, {3, 6}, {2, 5}], [{8, 4}, {1, 7}, {5, 6}, {2, 3}], [{8, 4}, {2, 7}, {1, 6}, {3, 5}], [{8, 4}, {2, 7}, {1, 6}, {5}, {3}], [{8, 4}, {2, 7}, {3, 6}, {1, 5}], [{8, 4}, {2, 7}, {5, 6}, {1, 3}], [{8, 4}, {3, 7}, {1, 6}, {2, 5}], [{8, 4}, {3, 7}, {1, 6}, {5}, {2}], [{8, 4}, {3, 7}, {2, 6}, {1, 5}], [{8, 4}, {3, 7}, {5, 6}, {1, 2}], [{8, 4}, {3, 7}, {6}, {2, 5}, {1}], [{8, 4}, {5, 7}, {1, 6}, {2, 3}], [{8, 4}, {5, 7}, {1, 6}, {3}, {2}], [{8, 4}, {5, 7}, {2, 6}, {1, 3}], [{8, 4}, {5, 7}, {2, 6}, {3}, {1}], [{8, 4}, {5, 7}, {3, 6}, {1, 2}], [{8, 4}, {5, 7}, {6}, {3}, {1, 2}], [{8, 4}, {6, 7}, {1, 5}, {2, 3}], [{8, 4}, {6, 7}, {2, 5}, {1, 3}], [{8, 4}, {6, 7}, {3, 5}, {1, 2}], [{8, 4}, {7}, {1, 6}, {2, 5}, {3}], [{8, 4}, {7}, {1, 6}, {3, 5}, {2}], [{8, 4}, {7}, {1, 6}, {5}, {2, 3}], [{8, 4}, {7}, {1, 6}, {5}, {3}, {2}], [{8, 5}, {1, 7}, {2, 6}, {3, 4}], [{8, 5}, {1, 7}, {3, 6}, {2, 4}], [{8, 5}, {1, 7}, {4, 6}, {2, 3}], [{8, 5}, {1, 7}, {6}, {2, 4}, {3}], [{8, 5}, {1, 7}, {6}, {3, 4}, {2}], [{8, 5}, {1, 7}, {6}, {4}, {2, 3}], [{8, 5}, {2, 7}, {1, 6}, {3, 4}], [{8, 5}, {2, 7}, {3, 6}, {1, 4}], [{8, 5}, {2, 7}, {4, 6}, {1, 3}], [{8, 5}, {2, 7}, {6}, {3, 4}, {1}], [{8, 5}, {3, 7}, {1, 6}, {2, 4}], [{8, 5}, {3, 7}, {2, 6}, {1, 4}], [{8, 5}, {3, 7}, {4, 6}, {1, 2}], [{8, 5}, {4, 7}, {1, 6}, {2, 3}], [{8, 5}, {4, 7}, {2, 6}, {1, 3}], [{8, 5}, {4, 7}, {3, 6}, {1, 2}], [{8, 5}, {4, 7}, {6}, {2, 3}, {1}], [{8, 5}, {6, 7}, {1, 4}, {2, 3}], [{8, 5}, {6, 7}, {2, 4}, {1, 3}], [{8, 5}, {6, 7}, {3, 4}, {1, 2}], [{8, 5}, {6, 7}, {3, 4}, {2}, {1}], [{8, 5}, {7}, {1, 6}, {3, 4}, {2}], [{8, 5}, {7}, {2, 6}, {3, 4}, {1}], [{8, 5}, {7}, {6}, {1, 4}, {2, 3}], [{8, 5}, {7}, {6}, {3, 4}, {1, 2}], [{8, 6}, {1, 7}, {2, 5}, {3, 4}], [{8, 6}, {1, 7}, {3, 5}, {2, 4}], [{8, 6}, {1, 7}, {3, 5}, {4}, {2}], [{8, 6}, {1, 7}, {4, 5}, {2, 3}], [{8, 6}, {2, 7}, {1, 5}, {3, 4}], [{8, 6}, {2, 7}, {1, 5}, {4}, {3}], [{8, 6}, {2, 7}, {3, 5}, {1, 4}], [{8, 6}, {2, 7}, {4, 5}, {1, 3}], [{8, 6}, {2, 7}, {4, 5}, {3}, {1}], [{8, 6}, {2, 7}, {5}, {1, 4}, {3}], [{8, 6}, {3, 7}, {1, 5}, {2, 4}], [{8, 6}, {3, 7}, {2, 5}, {1, 4}], [{8, 6}, {3, 7}, {2, 5}, {4}, {1}], [{8, 6}, {3, 7}, {4, 5}, {1, 2}], [{8, 6}, {3, 7}, {5}, {1, 4}, {2}], [{8, 6}, {4, 7}, {1, 5}, {2, 3}], [{8, 6}, {4, 7}, {2, 5}, {1, 3}], [{8, 6}, {4, 7}, {3, 5}, {1, 2}], [{8, 6}, {4, 7}, {3, 5}, {2}, {1}], [{8, 6}, {5, 7}, {1, 4}, {2, 3}], [{8, 6}, {5, 7}, {1, 4}, {3}, {2}], [{8, 6}, {5, 7}, {2, 4}, {1, 3}], [{8, 6}, {5, 7}, {3, 4}, {1, 2}], [{8, 6}, {5, 7}, {4}, {2, 3}, {1}], [{8, 6}, {7}, {2, 5}, {1, 4}, {3}], [{8, 6}, {7}, {3, 5}, {1, 4}, {2}], [{8, 6}, {7}, {5}, {1, 4}, {2, 3}], [{8, 6}, {7}, {5}, {1, 4}, {3}, {2}], [{8, 7}, {1, 6}, {2, 5}, {3, 4}], [{8, 7}, {1, 6}, {3, 5}, {2, 4}], [{8, 7}, {1, 6}, {4, 5}, {2, 3}], [{8, 7}, {2, 6}, {1, 5}, {3, 4}], [{8, 7}, {2, 6}, {3, 5}, {1, 4}], [{8, 7}, {2, 6}, {4, 5}, {1, 3}], [{8, 7}, {3, 6}, {1, 5}, {2, 4}], [{8, 7}, {3, 6}, {2, 5}, {1, 4}], [{8, 7}, {3, 6}, {2, 5}, {4}, {1}], [{8, 7}, {3, 6}, {4, 5}, {1, 2}], [{8, 7}, {3, 6}, {4, 5}, {2}, {1}], [{8, 7}, {3, 6}, {5}, {2, 4}, {1}], [{8, 7}, {4, 6}, {1, 5}, {2, 3}], [{8, 7}, {4, 6}, {2, 5}, {1, 3}], [{8, 7}, {4, 6}, {2, 5}, {3}, {1}], [{8, 7}, {4, 6}, {3, 5}, {1, 2}], [{8, 7}, {5, 6}, {1, 4}, {2, 3}], [{8, 7}, {5, 6}, {2, 4}, {1, 3}], [{8, 7}, {5, 6}, {3, 4}, {1, 2}], [{8, 7}, {5, 6}, {4}, {3}, {1, 2}], [{8, 7}, {6}, {1, 5}, {2, 4}, {3}], [{8, 7}, {6}, {1, 5}, {3, 4}, {2}], [{8, 7}, {6}, {1, 5}, {4}, {2, 3}], [{8, 7}, {6}, {2, 5}, {3, 4}, {1}], [{8, 7}, {6}, {5}, {3, 4}, {1, 2}], [{8}, {1, 7}, {2, 6}, {4, 5}, {3}], [{8}, {1, 7}, {3, 6}, {2, 5}, {4}], [{8}, {1, 7}, {4, 6}, {2, 5}, {3}], [{8}, {1, 7}, {6}, {2, 5}, {3, 4}], [{8}, {1, 7}, {6}, {3, 5}, {2, 4}], [{8}, {2, 7}, {6}, {1, 5}, {3, 4}], [{8}, {2, 7}, {6}, {3, 5}, {1, 4}], [{8}, {3, 7}, {1, 6}, {2, 5}, {4}], [{8}, {3, 7}, {4, 6}, {2, 5}, {1}], [{8}, {3, 7}, {6}, {1, 5}, {2, 4}], [{8}, {3, 7}, {6}, {2, 5}, {1, 4}], [{8}, {4, 7}, {5, 6}, {1, 3}, {2}], [{8}, {5, 7}, {3, 6}, {1, 4}, {2}], [{8}, {5, 7}, {6}, {3, 4}, {1, 2}], [{8}, {7}, {3, 6}, {4, 5}, {1, 2}], [{8}, {7}, {4, 6}, {2, 5}, {1, 3}], [{8}, {7}, {4, 6}, {2, 5}, {3}, {1}], [{8}, {7}, {5, 6}, {1, 4}, {2, 3}]]",2,4 K_1^3 - 22 K_1^2 - 8 K_1 K_2 + K_1 + 11 K_2 + 3 K_3 + 12,O1O2O3U2O4U5U6U4O7O8U3O5U1U7O6U8,O1O2O3U1O4U5U4U6O7U2O8O6U3O5U7U8,O1O2O3U4U5O6U1O7O4U2O5U7U8U6O8U3,c,{'O1O2O3U4O5U6U3O7U1O4O6U8U5U7O8U2'},1,"<a href=""/flatknot/8.1101700"">8.1101700</a>",t^9-37t^7-68t^6+106t^5+190t^4-94t^3-96t^2+41t-22,t^2-2t,,
8.1101701,O1O2O3U4O5U6U3O7U1O4O6U8U7U5O8U2,3,12z^2+69z+91,-4w^4z^2+16w^3z^2-8w^3z+77w^2z+91w,False,False,"[[ 0 -1  1  1 -1  2  0  0 -2],[ 1  0  1  0  0  1  1 -1 -1],[-1 -1  0  1 -1  1  0 -1 -3],[-1  0 -1  0 -1 -1  0 -2 -2],[ 1  0  1  1  0  2  0  1  1],[-2 -1 -1  1 -2  0 -1 -1 -3],[ 0 -1  0  0  0  1  0  0 -1],[ 0  1  1  2 -1  1  0  0  0],[ 2  1  3  2 -1  3  1  0  0]]","[[ 0  2  1  1  0  0 -1 -1 -2],[-2  0  1 -1 -1 -1 -1 -2 -3],[-1 -1  0 -1  0 -2  0 -1 -2],[-1  1  1  0  0 -1 -1 -1 -3],[ 0  1  0  0  0  0 -1  0 -1],[ 0  1  2  1  0  0  1 -1  0],[ 1  1  0  1  1 -1  0  0 -1],[ 1  2  1  1  0  1  0  0  1],[ 2  3  2  3  1  0  1 -1  0]]",True,"[-2,-1,-1,0,0,1,1,2,-1,1,1,1,1,2,3,1,0,2,0,1,2,0,1,1,1,3,0,1,0,1,-1,1,0,0,1,-1]","[-2,-1,-1,0,0,1,1,2,-1,1,0,1,2,3,3,0,1,0,1,1,2,-1,1,0,1,1,0,2,1,1,0,0,1,-1,-1,1]",t^8+46t^6+231t^4+59t^2,"[-2,-1,-1,0,0,1,1,2,0,2,1,2,0,1,1,0,0,2,1,2,2,1,0,1,1,1,0,1,1,1,0,-1,1,-1,0,2]","[-2,-1,-1,0,0,1,1,2,0,2,1,1,1,2,1,1,0,1,1,1,0,-1,1,1,2,1,0,0,2,2,1,0,1,0,2,0]","[-2,-1,-1,0,0,1,1,2,-1,1,0,1,2,3,3,0,1,0,1,1,2,-1,1,0,1,1,0,2,1,1,0,0,1,-1,-1,1]",c,"[[{8, 2}, {1, 7}, {4, 6}, {3, 5}]]",1,4 K_1^3 - 16 K_1^2 - 8 K_1 K_2 + K_1 + 8 K_2 + 3 K_3 + 9,O1O2O3U2O4U5U6U4O7O8U3O6U1U7O5U8,O1O2O3U1O4U5U4U6O7U3O8O6U2O5U7U8,O1O2O3U4U5O6U2O7O4U1O5U7U8U6O8U3,c,{'O1O2O3U4O5U6U3O7U1O4O6U8U7U5O8U2'},1,"<a href=""/flatknot/8.1101701"">8.1101701</a>",t^9-46t^7-122t^6+49t^5+316t^4+112t^3-74t^2+4t,0,,
8.1101702,O1O2O3U4O5U6U3O7U2O4O6U1U8U5O8U7,4,22z^2+107z+127,22w^3z^2+107w^2z+127w,False,False,"[[ 0 -2  0  1 -1  2  0  1 -1],[ 2  0  2  2 -1  2  1  1  1],[ 0 -2  0  0 -1  0  0  0 -1],[-1 -2  0  0 -1 -1  0 -1 -2],[ 1  1  1  1  0  3  0  1  1],[-2 -2  0  1 -3  0 -2 -1 -2],[ 0 -1  0  0  0  2  0  1 -1],[-1 -1  0  1 -1  1 -1  0 -1],[ 1 -1  1  2 -1  2  1  1  0]]","[[ 0  2  1  1  0  0 -1 -1 -2],[-2  0  1 -1  0 -2 -2 -3 -2],[-1 -1  0 -1  0  0 -2 -1 -2],[-1  1  1  0  0 -1 -1 -1 -1],[ 0  0  0  0  0  0 -1 -1 -2],[ 0  2  0  1  0  0 -1  0 -1],[ 1  2  2  1  1  1  0 -1 -1],[ 1  3  1  1  1  0  1  0  1],[ 2  2  2  1  2  1  1 -1  0]]",True,"[-2,-1,-1,0,0,1,1,2,-1,1,0,2,2,3,2,1,0,0,2,1,2,0,1,1,1,1,0,1,1,2,1,0,1,1,1,-1]","[-2,-1,-1,0,0,1,1,2,-1,1,0,2,2,3,2,1,0,0,2,1,2,0,1,1,1,1,0,1,1,2,1,0,1,1,1,-1]",t^8+48t^6+264t^4+140t^2+9,"[-2,-1,-1,0,0,1,1,2,0,2,0,1,1,2,2,1,0,0,0,1,1,0,1,1,1,0,0,1,1,2,1,0,0,1,2,0]","[-2,-1,-1,0,0,1,1,2,0,2,0,2,0,1,2,1,0,1,1,1,2,1,1,1,0,1,0,1,0,1,0,0,0,1,2,0]","[-2,-1,-1,0,0,1,1,2,-1,1,1,2,1,2,2,1,0,1,1,1,3,1,1,1,2,2,0,1,0,2,0,0,0,1,1,-1]",c,"[[{8, 2}, {6, 7}, {4, 5}, {1, 3}]]",1,16 K_1^3 - 20 K_1^2 - 16 K_1 K_2 - 4 K_1 + 10 K_2 + 4 K_3 + 11,O1O2O3U4O5U6U5U3O7O8U2O4U1U7O6U8,O1O2O3U2O4U1U5U6O7U3O8O6U4O5U7U8,O1O2O3U4U5O6U7O8O4U1O5U8U6U3O7U2,c,{'O1O2O3U4O5U6U3O7U2O4O6U1U8U5O8U7'},1,"<a href=""/flatknot/8.1101702"">8.1101702</a>",t^9-48t^7-140t^6-20t^5+146t^4+45t^3+22t^2+29t-4,0,,
8.1101703,O1O2O3U4O5U6U3O7U2O4O6U1U8U7O8U5,3,15z^2+82z+105,-6w^4z^2+21w^3z^2-10w^3z+92w^2z+105w,False,False,"[[ 0 -2  0  1 -1  2  0  1 -1],[ 2  0  2  2 -1  3  1  0  1],[ 0 -2  0  0 -1  1  0 -1 -1],[-1 -2  0  0 -1 -1  0 -2 -1],[ 1  1  1  1  0  2  0  2  1],[-2 -3 -1  1 -2  0 -1  0 -3],[ 0 -1  0  0  0  1  0  1  0],[-1  0  1  2 -2  0 -1  0 -1],[ 1 -1  1  1 -1  3  0  1  0]]","[[ 0  2  1  1  0  0 -1 -1 -2],[-2  0  1  0 -1 -1 -2 -3 -3],[-1 -1  0 -2  0  0 -1 -1 -2],[-1  0  2  0  1 -1 -2 -1  0],[ 0  1  0 -1  0  0 -1 -1 -2],[ 0  1  0  1  0  0  0  0 -1],[ 1  2  1  2  1  0  0  1  1],[ 1  3  1  1  1  0 -1  0 -1],[ 2  3  2  0  2  1 -1  1  0]]",True,"[-2,-1,-1,0,0,1,1,2,-1,0,1,1,2,3,3,2,0,0,1,1,2,-1,1,2,1,0,0,1,1,2,0,0,1,-1,-1,1]","[-2,-1,-1,0,0,1,1,2,-1,0,1,1,2,3,3,2,0,0,1,1,2,-1,1,2,1,0,0,1,1,2,0,0,1,-1,-1,1]",t^8+52t^6+376t^4+143t^2,"[-2,-1,-1,0,0,1,1,2,0,2,0,1,1,3,1,1,0,1,1,1,0,0,1,1,0,1,0,1,2,1,1,0,1,2,2,1]","[-2,-1,-1,0,0,1,1,2,1,2,1,1,0,1,1,2,0,2,1,0,3,1,1,1,1,1,0,1,1,1,0,0,0,-1,0,2]","[-2,-1,-1,0,0,1,1,2,-1,1,1,2,0,2,3,1,0,1,2,1,2,0,1,1,1,3,0,1,0,1,-1,0,1,2,0,-1]",c,"[[{8, 1}, {3, 7}, {5, 6}, {2, 4}], [{8}, {3, 7}, {5, 6}, {2, 4}, {1}]]",1,4 K_1^3 - 16 K_1^2 - 8 K_1 K_2 + K_1 + 8 K_2 + 3 K_3 + 9,O1O2O3U4O5U6U5U3O7O8U2O6U1U7O4U8,O1O2O3U2O4U1U5U6O7U4O8O6U3O5U7U8,O1O2O3U4U5O6U1O7O4U8O5U7U6U3O8U2,c,{'O1O2O3U4O5U6U3O7U2O4O6U1U8U7O8U5'},1,"<a href=""/flatknot/8.1101703"">8.1101703</a>",t^9-52t^7-138t^6+92t^5+296t^4+95t^3+94t^2-16,0,,
8.1101704,O1O2O3U4O5U6U3O7U2O4O6U7U8U1O8U5,4,20z^2+105z+131,20w^3z^2+105w^2z+131w,False,False,"[[ 0  0  0  1 -1  2  0 -1 -1],[ 0  0  1  2 -2  1  0 -1  0],[ 0 -1  0  0 -1  1  0 -1  0],[-1 -2  0  0 -1 -1  0 -2 -1],[ 1  2  1  1  0  2  0  0  0],[-2 -1 -1  1 -2  0 -1 -1 -2],[ 0  0  0  0  0  1  0 -1 -1],[ 1  1  1  2  0  1  1  0  1],[ 1  0  0  1  0  2  1 -1  0]]","[[ 0  2  1  0  0  0 -1 -1 -1],[-2  0  1 -1 -1 -1 -1 -2 -2],[-1 -1  0  0  0 -2 -2 -1 -1],[ 0  1  0  0  0  0 -1  0 -1],[ 0  1  0  0  0 -1 -1 -1  0],[ 0  1  2  0  1  0 -1 -2  0],[ 1  1  2  1  1  1  0  0  1],[ 1  2  1  0  1  2  0  0  0],[ 1  2  1  1  0  0 -1  0  0]]",True,"[-2,-1,0,0,0,1,1,1,-1,1,1,1,1,2,2,0,0,2,2,1,1,0,0,1,0,1,1,1,1,0,1,2,0,0,-1,0]","[-2,-1,0,0,0,1,1,1,-1,1,1,1,1,2,2,0,0,2,2,1,1,0,0,1,0,1,1,1,1,0,1,2,0,0,-1,0]",t^8+34t^6+186t^4+197t^2+1,"[-1,-1,-1,0,0,0,1,2,-1,0,0,0,0,0,2,0,0,1,1,1,1,1,-1,0,1,1,0,0,1,1,-1,-1,1,1,1,2]","[-2,-1,0,0,0,1,1,1,2,1,1,1,1,1,2,-1,1,1,1,1,0,0,1,-1,1,0,0,1,0,0,0,1,0,0,0,-1]","[-1,-1,-1,0,0,0,1,2,-1,0,0,0,1,1,2,0,1,1,1,2,1,1,2,0,1,2,-1,0,0,1,0,2,1,0,1,-1]",c,"[[{8, 2}, {3, 7}, {1, 6}, {4, 5}], [{8, 4}, {3, 7}, {1, 6}, {2, 5}], [{8, 5}, {3, 7}, {1, 6}, {2, 4}]]",1,4 K_1^3 - 18 K_1^2 - 4 K_1 K_2 - K_1 + 9 K_2 + K_3 + 10,O1O2O3U4O5U3U5U6O7O8U2O6U1U7O4U8,O1O2O3U2O4U3U5U6O7U4O8O6U1O5U7U8,O1O2O3U4U5O6U3O7O4U8O5U7U6U1O8U2,c,{'O1O2O3U4O5U6U3O7U2O4O6U7U8U1O8U5'},1,"<a href=""/flatknot/8.1101704"">8.1101704</a>",t^9-32t^7-70t^6+65t^5+244t^4+139t^3+44t^2-24t-40,-t^2+2t,,
8.1101705,O1O2O3U4O5U6U3O7U2O4O6U8U1U5O8U7,4,14z^2+83z+111,-6w^4z^2+20w^3z^2-10w^3z+93w^2z+111w,False,False,"[[ 0 -1  0  1 -1  2  0  1 -2],[ 1  0  2  2 -2  2  0  0  0],[ 0 -2  0  0 -1  0  0  0 -1],[-1 -2  0  0 -1 -1  0 -1 -2],[ 1  2  1  1  0  3  0  1  0],[-2 -2  0  1 -3  0 -2 -1 -2],[ 0  0  0  0  0  2  0  1 -2],[-1  0  0  1 -1  1 -1  0 -1],[ 2  0  1  2  0  2  2  1  0]]","[[ 0  2  1  1  0  0 -1 -1 -2],[-2  0  1 -1  0 -2 -2 -3 -2],[-1 -1  0 -1  0  0 -2 -1 -2],[-1  1  1  0  0 -1  0 -1 -1],[ 0  0  0  0  0  0 -2 -1 -1],[ 0  2  0  1  0  0  0  0 -2],[ 1  2  2  0  2  0  0 -2  0],[ 1  3  1  1  1  0  2  0  0],[ 2  2  2  1  1  2  0  0  0]]",True,"[-2,-1,-1,0,0,1,1,2,-1,1,0,2,2,3,2,1,0,0,2,1,2,0,1,0,1,1,0,2,1,1,0,0,2,2,0,0]","[-2,-1,-1,0,0,1,1,2,-1,1,0,2,2,3,2,1,0,0,2,1,2,0,1,0,1,1,0,2,1,1,0,0,2,2,0,0]",t^8+50t^6+373t^4+292t^2+4,"[-2,-1,-1,0,0,1,1,2,1,1,0,1,1,2,2,-2,1,0,1,1,0,1,-1,0,2,1,0,1,0,0,1,1,2,1,2,0]","[-2,-1,-1,0,0,1,1,2,0,2,0,2,0,1,2,1,0,1,1,2,2,1,1,1,0,1,0,1,1,0,0,-1,1,2,1,1]","[-2,-1,-1,0,0,1,1,2,0,0,1,2,1,2,2,-2,2,0,0,2,2,1,0,1,1,3,0,0,0,0,1,0,2,1,1,-1]",c,"[[{8, 1}, {2, 7}, {3, 6}, {4, 5}], [{8, 1}, {2, 7}, {4, 6}, {3, 5}], [{8, 1}, {2, 7}, {5, 6}, {3, 4}], [{8, 1}, {2, 7}, {6}, {5}, {3, 4}], [{8, 1}, {3, 7}, {2, 6}, {4, 5}], [{8, 1}, {3, 7}, {4, 6}, {2, 5}], [{8, 1}, {3, 7}, {5, 6}, {2, 4}], [{8, 1}, {4, 7}, {2, 6}, {3, 5}], [{8, 1}, {4, 7}, {3, 6}, {2, 5}], [{8, 1}, {4, 7}, {5, 6}, {2, 3}], [{8, 1}, {5, 7}, {2, 6}, {3, 4}], [{8, 1}, {5, 7}, {3, 6}, {2, 4}], [{8, 1}, {5, 7}, {4, 6}, {2, 3}], [{8, 1}, {6, 7}, {2, 5}, {3, 4}], [{8, 1}, {6, 7}, {3, 5}, {2, 4}], [{8, 1}, {6, 7}, {4, 5}, {2, 3}], [{8, 2}, {1, 7}, {3, 6}, {4, 5}], [{8, 2}, {1, 7}, {4, 6}, {3, 5}], [{8, 2}, {1, 7}, {5, 6}, {3, 4}], [{8, 2}, {3, 7}, {1, 6}, {4, 5}], [{8, 2}, {3, 7}, {4, 6}, {1, 5}], [{8, 2}, {3, 7}, {5, 6}, {1, 4}], [{8, 2}, {4, 7}, {1, 6}, {3, 5}], [{8, 2}, {4, 7}, {3, 6}, {1, 5}], [{8, 2}, {4, 7}, {5, 6}, {1, 3}], [{8, 2}, {4, 7}, {5, 6}, {3}, {1}], [{8, 2}, {5, 7}, {1, 6}, {3, 4}], [{8, 2}, {5, 7}, {3, 6}, {1, 4}], [{8, 2}, {5, 7}, {4, 6}, {1, 3}], [{8, 2}, {5, 7}, {6}, {4}, {1, 3}], [{8, 2}, {6, 7}, {1, 5}, {3, 4}], [{8, 2}, {6, 7}, {3, 5}, {1, 4}], [{8, 2}, {6, 7}, {4, 5}, {1, 3}], [{8, 2}, {6, 7}, {5}, {4}, {1, 3}], [{8, 2}, {7}, {3, 6}, {4, 5}, {1}], [{8, 2}, {7}, {5, 6}, {4}, {1, 3}], [{8, 3}, {1, 7}, {2, 6}, {4, 5}], [{8, 3}, {1, 7}, {4, 6}, {2, 5}], [{8, 3}, {1, 7}, {5, 6}, {2, 4}], [{8, 3}, {2, 7}, {1, 6}, {4, 5}], [{8, 3}, {2, 7}, {4, 6}, {1, 5}], [{8, 3}, {2, 7}, {5, 6}, {1, 4}], [{8, 3}, {4, 7}, {1, 6}, {2, 5}], [{8, 3}, {4, 7}, {2, 6}, {1, 5}], [{8, 3}, {4, 7}, {5, 6}, {1, 2}], [{8, 3}, {4, 7}, {5, 6}, {2}, {1}], [{8, 3}, {5, 7}, {1, 6}, {2, 4}], [{8, 3}, {5, 7}, {2, 6}, {1, 4}], [{8, 3}, {5, 7}, {4, 6}, {1, 2}], [{8, 3}, {6, 7}, {1, 5}, {2, 4}], [{8, 3}, {6, 7}, {2, 5}, {1, 4}], [{8, 3}, {6, 7}, {4, 5}, {1, 2}], [{8, 3}, {7}, {1, 6}, {4, 5}, {2}], [{8, 3}, {7}, {2, 6}, {4, 5}, {1}], [{8, 3}, {7}, {6}, {4, 5}, {1, 2}], [{8, 4}, {1, 7}, {2, 6}, {3, 5}], [{8, 4}, {1, 7}, {3, 6}, {2, 5}], [{8, 4}, {1, 7}, {5, 6}, {2, 3}], [{8, 4}, {1, 7}, {6}, {5}, {2, 3}], [{8, 4}, {2, 7}, {1, 6}, {3, 5}], [{8, 4}, {2, 7}, {3, 6}, {1, 5}], [{8, 4}, {2, 7}, {5, 6}, {1, 3}], [{8, 4}, {3, 7}, {1, 6}, {2, 5}], [{8, 4}, {3, 7}, {2, 6}, {1, 5}], [{8, 4}, {3, 7}, {5, 6}, {1, 2}], [{8, 4}, {5, 7}, {1, 6}, {2, 3}], [{8, 4}, {5, 7}, {2, 6}, {1, 3}], [{8, 4}, {5, 7}, {3, 6}, {1, 2}], [{8, 4}, {6, 7}, {1, 5}, {2, 3}], [{8, 4}, {6, 7}, {2, 5}, {1, 3}], [{8, 4}, {6, 7}, {3, 5}, {1, 2}], [{8, 4}, {6, 7}, {3, 5}, {2}, {1}], [{8, 4}, {7}, {5, 6}, {1, 3}, {2}], [{8, 5}, {1, 7}, {2, 6}, {3, 4}], [{8, 5}, {1, 7}, {3, 6}, {2, 4}], [{8, 5}, {1, 7}, {4, 6}, {2, 3}], [{8, 5}, {1, 7}, {6}, {3, 4}, {2}], [{8, 5}, {2, 7}, {1, 6}, {3, 4}], [{8, 5}, {2, 7}, {3, 6}, {1, 4}], [{8, 5}, {2, 7}, {4, 6}, {1, 3}], [{8, 5}, {2, 7}, {6}, {3, 4}, {1}], [{8, 5}, {3, 7}, {1, 6}, {2, 4}], [{8, 5}, {3, 7}, {2, 6}, {1, 4}], [{8, 5}, {3, 7}, {2, 6}, {4}, {1}], [{8, 5}, {3, 7}, {4, 6}, {1, 2}], [{8, 5}, {3, 7}, {4, 6}, {2}, {1}], [{8, 5}, {3, 7}, {6}, {2, 4}, {1}], [{8, 5}, {4, 7}, {1, 6}, {2, 3}], [{8, 5}, {4, 7}, {2, 6}, {1, 3}], [{8, 5}, {4, 7}, {3, 6}, {1, 2}], [{8, 5}, {4, 7}, {6}, {1, 3}, {2}], [{8, 5}, {6, 7}, {1, 4}, {2, 3}], [{8, 5}, {6, 7}, {2, 4}, {1, 3}], [{8, 5}, {6, 7}, {3, 4}, {1, 2}], [{8, 5}, {7}, {1, 6}, {4}, {2, 3}], [{8, 5}, {7}, {6}, {3, 4}, {1, 2}], [{8, 6}, {1, 7}, {2, 5}, {3, 4}], [{8, 6}, {1, 7}, {3, 5}, {2, 4}], [{8, 6}, {1, 7}, {4, 5}, {2, 3}], [{8, 6}, {2, 7}, {1, 5}, {3, 4}], [{8, 6}, {2, 7}, {3, 5}, {1, 4}], [{8, 6}, {2, 7}, {4, 5}, {1, 3}], [{8, 6}, {2, 7}, {5}, {3, 4}, {1}], [{8, 6}, {3, 7}, {1, 5}, {2, 4}], [{8, 6}, {3, 7}, {2, 5}, {1, 4}], [{8, 6}, {3, 7}, {4, 5}, {1, 2}], [{8, 6}, {3, 7}, {5}, {2, 4}, {1}], [{8, 6}, {4, 7}, {1, 5}, {2, 3}], [{8, 6}, {4, 7}, {2, 5}, {1, 3}], [{8, 6}, {4, 7}, {2, 5}, {3}, {1}], [{8, 6}, {4, 7}, {3, 5}, {1, 2}], [{8, 6}, {5, 7}, {1, 4}, {2, 3}], [{8, 6}, {5, 7}, {2, 4}, {1, 3}], [{8, 6}, {5, 7}, {3, 4}, {1, 2}], [{8, 6}, {7}, {2, 5}, {4}, {1, 3}], [{8, 7}, {1, 6}, {2, 5}, {3, 4}], [{8, 7}, {1, 6}, {3, 5}, {2, 4}], [{8, 7}, {1, 6}, {4, 5}, {2, 3}], [{8, 7}, {2, 6}, {1, 5}, {3, 4}], [{8, 7}, {2, 6}, {3, 5}, {1, 4}], [{8, 7}, {2, 6}, {4, 5}, {1, 3}], [{8, 7}, {3, 6}, {1, 5}, {2, 4}], [{8, 7}, {3, 6}, {2, 5}, {1, 4}], [{8, 7}, {3, 6}, {4, 5}, {1, 2}], [{8, 7}, {4, 6}, {1, 5}, {2, 3}], [{8, 7}, {4, 6}, {2, 5}, {1, 3}], [{8, 7}, {4, 6}, {3, 5}, {1, 2}], [{8, 7}, {5, 6}, {1, 4}, {2, 3}], [{8, 7}, {5, 6}, {2, 4}, {1, 3}], [{8, 7}, {5, 6}, {3, 4}, {1, 2}], [{8, 7}, {6}, {3, 5}, {2, 4}, {1}], [{8}, {1, 7}, {2, 6}, {4, 5}, {3}], [{8}, {1, 7}, {5, 6}, {2, 4}, {3}], [{8}, {2, 7}, {1, 6}, {5}, {3, 4}], [{8}, {2, 7}, {5, 6}, {3, 4}, {1}], [{8}, {2, 7}, {6}, {1, 5}, {3, 4}], [{8}, {2, 7}, {6}, {3, 5}, {1, 4}], [{8}, {2, 7}, {6}, {4, 5}, {1, 3}], [{8}, {2, 7}, {6}, {5}, {3, 4}, {1}], [{8}, {3, 7}, {5, 6}, {1, 4}, {2}], [{8}, {3, 7}, {5, 6}, {2, 4}, {1}], [{8}, {3, 7}, {5, 6}, {4}, {1, 2}], [{8}, {4, 7}, {5, 6}, {2, 3}, {1}], [{8}, {6, 7}, {3, 5}, {4}, {1, 2}], [{8}, {7}, {5, 6}, {2, 4}, {1, 3}]]",2,- 16 K_1^2 - 8 K_1 K_2 + 4 K_1 + 8 K_2 + 4 K_3 + 9,O1O2O3U4O5U6U3U5O7O8U2O4U1U7O6U8,O1O2O3U1O4U2U5U6O7U3O8O6U4O5U7U8,O1O2O3U4U5O6U7O8O4U1O5U8U6U2O7U3,c,{'O1O2O3U4O5U6U3O7U2O4O6U8U1U5O8U7'},1,"<a href=""/flatknot/8.1101705"">8.1101705</a>",t^9-50t^7-98t^6+289t^5+566t^4-172t^3+84t^2+172t-86,0,,
8.1101706,O1O2O3U4O5U6U3O7U2O4O6U8U5U1O8U7,4,14z^2+99z+143,14w^3z^2+99w^2z+143w,False,False,"[[ 0  0  0  1 -1  1  0  1 -2],[ 0  0  1  1 -2  1 -1  0 -1],[ 0 -1  0  0 -1  0  0  0 -1],[-1 -1  0  0 -1 -1  0 -1 -2],[ 1  2  1  1  0  2  0  1  0],[-1 -1  0  1 -2  0 -1 -1 -1],[ 0  1  0  0  0  1  0  1 -2],[-1  0  0  1 -1  1 -1  0 -1],[ 2  1  1  2  0  1  2  1  0]]","[[ 0  1  1  1  0  0  0 -1 -2],[-1  0  1  1  0  0 -1 -1 -1],[-1 -1  0  1  0 -1 -1 -2 -1],[-1 -1 -1  0  0 -1  0 -1 -2],[ 0  0  0  0  0 -1  0 -1 -1],[ 0  0  1  1  1  0 -1 -2 -1],[ 0  1  1  0  0  1  0  0 -2],[ 1  1  2  1  1  2  0  0  0],[ 2  1  1  2  1  1  2  0  0]]",True,"[-1,-1,-1,0,0,0,1,2,-1,-1,0,0,1,1,1,-1,0,1,1,2,1,0,1,0,1,2,1,0,1,1,1,2,1,0,2,0]","[-2,-1,0,0,0,1,1,1,0,1,1,2,1,1,2,1,2,0,1,2,1,-1,0,0,0,0,-1,0,1,1,1,1,0,1,1,1]",t^8+32t^6+169t^4+112t^2+4,"[-2,-1,0,0,0,1,1,1,1,0,1,1,1,2,2,1,-1,0,1,0,1,-1,0,1,0,0,-1,0,0,1,1,1,1,1,1,1]","[-1,-1,-1,0,0,0,1,2,-1,-1,0,1,1,1,1,-1,0,0,1,0,2,1,0,1,1,2,-1,1,-1,1,0,1,0,0,1,1]","[-2,-1,0,0,0,1,1,1,0,1,1,2,1,1,2,1,2,0,1,2,1,-1,0,0,0,0,-1,0,1,1,1,1,0,1,1,1]",c,"[[{8, 1}, {2, 7}, {3, 6}, {4, 5}], [{8, 1}, {2, 7}, {4, 6}, {3, 5}], [{8, 1}, {2, 7}, {5, 6}, {3, 4}], [{8, 1}, {2, 7}, {5, 6}, {4}, {3}], [{8, 1}, {2, 7}, {6}, {5}, {3, 4}], [{8, 1}, {3, 7}, {2, 6}, {4, 5}], [{8, 1}, {3, 7}, {4, 6}, {2, 5}], [{8, 1}, {3, 7}, {5, 6}, {2, 4}], [{8, 1}, {3, 7}, {6}, {5}, {2, 4}], [{8, 1}, {4, 7}, {2, 6}, {3, 5}], [{8, 1}, {4, 7}, {3, 6}, {2, 5}], [{8, 1}, {4, 7}, {5, 6}, {2, 3}], [{8, 1}, {5, 7}, {2, 6}, {3, 4}], [{8, 1}, {5, 7}, {3, 6}, {2, 4}], [{8, 1}, {5, 7}, {4, 6}, {2, 3}], [{8, 1}, {6, 7}, {2, 5}, {3, 4}], [{8, 1}, {6, 7}, {3, 5}, {2, 4}], [{8, 1}, {6, 7}, {4, 5}, {2, 3}], [{8, 1}, {7}, {2, 6}, {3, 5}, {4}], [{8, 1}, {7}, {5, 6}, {3, 4}, {2}], [{8, 2}, {1, 7}, {3, 6}, {4, 5}], [{8, 2}, {1, 7}, {4, 6}, {3, 5}], [{8, 2}, {1, 7}, {4, 6}, {5}, {3}], [{8, 2}, {1, 7}, {5, 6}, {3, 4}], [{8, 2}, {3, 7}, {1, 6}, {4, 5}], [{8, 2}, {3, 7}, {4, 6}, {1, 5}], [{8, 2}, {3, 7}, {4, 6}, {5}, {1}], [{8, 2}, {3, 7}, {5, 6}, {1, 4}], [{8, 2}, {4, 7}, {1, 6}, {3, 5}], [{8, 2}, {4, 7}, {3, 6}, {1, 5}], [{8, 2}, {4, 7}, {5, 6}, {1, 3}], [{8, 2}, {5, 7}, {1, 6}, {3, 4}], [{8, 2}, {5, 7}, {3, 6}, {1, 4}], [{8, 2}, {5, 7}, {4, 6}, {1, 3}], [{8, 2}, {5, 7}, {6}, {3, 4}, {1}], [{8, 2}, {6, 7}, {1, 5}, {3, 4}], [{8, 2}, {6, 7}, {3, 5}, {1, 4}], [{8, 2}, {6, 7}, {4, 5}, {1, 3}], [{8, 2}, {7}, {1, 6}, {4, 5}, {3}], [{8, 2}, {7}, {4, 6}, {5}, {1, 3}], [{8, 3}, {1, 7}, {2, 6}, {4, 5}], [{8, 3}, {1, 7}, {4, 6}, {2, 5}], [{8, 3}, {1, 7}, {4, 6}, {5}, {2}], [{8, 3}, {1, 7}, {5, 6}, {2, 4}], [{8, 3}, {2, 7}, {1, 6}, {4, 5}], [{8, 3}, {2, 7}, {1, 6}, {5}, {4}], [{8, 3}, {2, 7}, {4, 6}, {1, 5}], [{8, 3}, {2, 7}, {5, 6}, {1, 4}], [{8, 3}, {4, 7}, {1, 6}, {2, 5}], [{8, 3}, {4, 7}, {2, 6}, {1, 5}], [{8, 3}, {4, 7}, {5, 6}, {1, 2}], [{8, 3}, {5, 7}, {1, 6}, {2, 4}], [{8, 3}, {5, 7}, {2, 6}, {1, 4}], [{8, 3}, {5, 7}, {4, 6}, {1, 2}], [{8, 3}, {6, 7}, {1, 5}, {2, 4}], [{8, 3}, {6, 7}, {2, 5}, {1, 4}], [{8, 3}, {6, 7}, {4, 5}, {1, 2}], [{8, 3}, {6, 7}, {4, 5}, {2}, {1}], [{8, 4}, {1, 7}, {2, 6}, {3, 5}], [{8, 4}, {1, 7}, {3, 6}, {2, 5}], [{8, 4}, {1, 7}, {5, 6}, {2, 3}], [{8, 4}, {2, 7}, {1, 6}, {3, 5}], [{8, 4}, {2, 7}, {3, 6}, {1, 5}], [{8, 4}, {2, 7}, {5, 6}, {1, 3}], [{8, 4}, {3, 7}, {1, 6}, {2, 5}], [{8, 4}, {3, 7}, {2, 6}, {1, 5}], [{8, 4}, {3, 7}, {5, 6}, {1, 2}], [{8, 4}, {5, 7}, {1, 6}, {2, 3}], [{8, 4}, {5, 7}, {2, 6}, {1, 3}], [{8, 4}, {5, 7}, {3, 6}, {1, 2}], [{8, 4}, {6, 7}, {1, 5}, {2, 3}], [{8, 4}, {6, 7}, {2, 5}, {1, 3}], [{8, 4}, {6, 7}, {3, 5}, {1, 2}], [{8, 5}, {1, 7}, {2, 6}, {3, 4}], [{8, 5}, {1, 7}, {3, 6}, {2, 4}], [{8, 5}, {1, 7}, {4, 6}, {2, 3}], [{8, 5}, {2, 7}, {1, 6}, {3, 4}], [{8, 5}, {2, 7}, {3, 6}, {1, 4}], [{8, 5}, {2, 7}, {4, 6}, {1, 3}], [{8, 5}, {2, 7}, {6}, {3, 4}, {1}], [{8, 5}, {3, 7}, {1, 6}, {2, 4}], [{8, 5}, {3, 7}, {2, 6}, {1, 4}], [{8, 5}, {3, 7}, {4, 6}, {1, 2}], [{8, 5}, {4, 7}, {1, 6}, {2, 3}], [{8, 5}, {4, 7}, {2, 6}, {1, 3}], [{8, 5}, {4, 7}, {3, 6}, {1, 2}], [{8, 5}, {6, 7}, {1, 4}, {2, 3}], [{8, 5}, {6, 7}, {2, 4}, {1, 3}], [{8, 5}, {6, 7}, {3, 4}, {1, 2}], [{8, 5}, {7}, {1, 6}, {2, 4}, {3}], [{8, 5}, {7}, {2, 6}, {4}, {1, 3}], [{8, 6}, {1, 7}, {2, 5}, {3, 4}], [{8, 6}, {1, 7}, {3, 5}, {2, 4}], [{8, 6}, {1, 7}, {4, 5}, {2, 3}], [{8, 6}, {2, 7}, {1, 5}, {3, 4}], [{8, 6}, {2, 7}, {3, 5}, {1, 4}], [{8, 6}, {2, 7}, {4, 5}, {1, 3}], [{8, 6}, {2, 7}, {5}, {1, 4}, {3}], [{8, 6}, {3, 7}, {1, 5}, {2, 4}], [{8, 6}, {3, 7}, {2, 5}, {1, 4}], [{8, 6}, {3, 7}, {4, 5}, {1, 2}], [{8, 6}, {3, 7}, {4, 5}, {2}, {1}], [{8, 6}, {4, 7}, {1, 5}, {2, 3}], [{8, 6}, {4, 7}, {2, 5}, {1, 3}], [{8, 6}, {4, 7}, {3, 5}, {1, 2}], [{8, 6}, {5, 7}, {1, 4}, {2, 3}], [{8, 6}, {5, 7}, {2, 4}, {1, 3}], [{8, 6}, {5, 7}, {3, 4}, {1, 2}], [{8, 6}, {7}, {1, 5}, {3, 4}, {2}], [{8, 6}, {7}, {3, 5}, {2, 4}, {1}], [{8, 6}, {7}, {4, 5}, {3}, {1, 2}], [{8, 7}, {1, 6}, {2, 5}, {3, 4}], [{8, 7}, {1, 6}, {2, 5}, {4}, {3}], [{8, 7}, {1, 6}, {3, 5}, {2, 4}], [{8, 7}, {1, 6}, {3, 5}, {4}, {2}], [{8, 7}, {1, 6}, {4, 5}, {2, 3}], [{8, 7}, {1, 6}, {5}, {4}, {2, 3}], [{8, 7}, {2, 6}, {1, 5}, {3, 4}], [{8, 7}, {2, 6}, {3, 5}, {1, 4}], [{8, 7}, {2, 6}, {4, 5}, {1, 3}], [{8, 7}, {2, 6}, {5}, {4}, {1, 3}], [{8, 7}, {3, 6}, {1, 5}, {2, 4}], [{8, 7}, {3, 6}, {2, 5}, {1, 4}], [{8, 7}, {3, 6}, {2, 5}, {4}, {1}], [{8, 7}, {3, 6}, {4, 5}, {1, 2}], [{8, 7}, {3, 6}, {4, 5}, {2}, {1}], [{8, 7}, {3, 6}, {5}, {2, 4}, {1}], [{8, 7}, {4, 6}, {1, 5}, {2, 3}], [{8, 7}, {4, 6}, {2, 5}, {1, 3}], [{8, 7}, {4, 6}, {2, 5}, {3}, {1}], [{8, 7}, {4, 6}, {3, 5}, {1, 2}], [{8, 7}, {5, 6}, {1, 4}, {2, 3}], [{8, 7}, {5, 6}, {2, 4}, {1, 3}], [{8, 7}, {5, 6}, {3, 4}, {1, 2}], [{8, 7}, {5, 6}, {4}, {1, 3}, {2}], [{8, 7}, {6}, {2, 5}, {1, 4}, {3}], [{8, 7}, {6}, {2, 5}, {3, 4}, {1}], [{8, 7}, {6}, {2, 5}, {4}, {1, 3}], [{8, 7}, {6}, {2, 5}, {4}, {3}, {1}], [{8}, {1, 7}, {2, 6}, {4, 5}, {3}], [{8}, {1, 7}, {4, 6}, {5}, {2, 3}], [{8}, {1, 7}, {5, 6}, {2, 4}, {3}], [{8}, {2, 7}, {6}, {1, 5}, {3, 4}], [{8}, {3, 7}, {5, 6}, {2, 4}, {1}], [{8}, {4, 7}, {5, 6}, {3}, {1, 2}], [{8}, {5, 7}, {2, 6}, {4}, {1, 3}], [{8}, {6, 7}, {3, 5}, {4}, {1, 2}], [{8}, {7}, {5, 6}, {2, 4}, {1, 3}]]",2,- 26 K_1^2 - 8 K_1 K_2 + 4 K_1 + 13 K_2 + 4 K_3 + 14,O1O2O3U4O5U3U6U5O7O8U2O4U1U7O6U8,O1O2O3U1O4U3U5U6O7U2O8O6U4O5U7U8,O1O2O3U4U5O6U7O8O4U2O5U8U6U1O7U3,c,{'O1O2O3U4O5U6U3O7U2O4O6U8U5U1O8U7'},1,"<a href=""/flatknot/8.1101706"">8.1101706</a>",t^9-34t^7-58t^6+94t^5+96t^4-94t^3+90t^2+96t+4,t^2-2t,,
8.1101707,O1O2O3U4O5U6U3O7U8O4O6U1U7U2O8U5,4,2z^3+24z^2+87z+95,-2w^5z^3+4w^4z^3-8w^4z^2+32w^3z^2-6w^3z+93w^2z+95w,False,False,"[[ 0 -2  1  1 -1  2  0  0 -1],[ 2  0  2  2  0  2  2 -1  2],[-1 -2  0  2 -2  0  0 -2  0],[-1 -2 -2  0 -1 -1  0 -2  1],[ 1  0  2  1  0  3  0  1 -1],[-2 -2  0  1 -3  0 -2  0 -2],[ 0 -2  0  0  0  2  0  0 -1],[ 0  1  2  2 -1  0  0  0  0],[ 1 -2  0 -1  1  2  1  0  0]]","[[ 0  2  1  1  0  0 -1 -1 -2],[-2  0  1  0  0 -2 -2 -3 -2],[-1 -1  0 -2 -2  0  1 -1 -2],[-1  0  2  0 -2  0  0 -2 -2],[ 0  0  2  2  0  0  0 -1  1],[ 0  2  0  0  0  0 -1  0 -2],[ 1  2 -1  0  0  1  0  1 -2],[ 1  3  1  2  1  0 -1  0  0],[ 2  2  2  2 -1  2  2  0  0]]",True,"[-2,-1,-1,0,0,1,1,2,-1,0,0,2,2,3,2,2,2,0,-1,1,2,2,0,0,2,2,0,0,1,-1,1,0,2,-1,2,0]","[-2,-1,-1,0,0,1,1,2,-1,0,0,2,2,3,2,2,2,0,-1,1,2,2,0,0,2,2,0,0,1,-1,1,0,2,-1,2,0]",t^8+60t^6+844t^4+364t^2+4,"[-2,-1,-1,0,0,1,1,2,-1,1,0,3,1,1,2,-1,0,1,2,3,1,1,0,0,1,0,0,1,1,0,-1,-1,2,-2,1,2]","[-2,-1,-1,0,0,1,1,2,1,2,0,2,0,1,2,2,1,-1,0,2,1,1,-1,1,3,1,0,1,0,0,0,1,3,-1,1,-1]","[-2,-1,-1,0,0,1,1,2,0,2,-1,2,2,2,2,-1,1,0,1,2,3,0,1,-1,0,2,0,2,2,0,0,0,2,-2,-1,0]",c,"[[{8, 7}, {4, 6}, {3, 5}, {1, 2}]]",1,- 12 K_1^2 - 8 K_1 K_2 + 4 K_1 + 6 K_2 + 4 K_3 + 7,O1O2O3U4O5U2U6U3O7O8U5O6U1U7O4U8,O1O2O3U4O5U1U3U6O7U5O8O6U2O4U7U8,O1O2O3U4U5O6U2O7O4U8O5U7U1U3O8U6,c,{'O1O2O3U4O5U6U3O7U8O4O6U1U7U2O8U5'},1,"<a href=""/flatknot/8.1101707"">8.1101707</a>",t^9-60t^7-158t^6+426t^5+1790t^4+1043t^3-1494t^2-836t+494,0,,
8.1101708,O1O2O3U4O5U6U3O7U8O4O6U2U7U1O8U5,4,4z^3+32z^2+89z+83,4w^4z^3+32w^3z^2+89w^2z+83w,False,False,"[[ 0  0 -1  1 -1  2  0  0 -1],[ 0  0 -1  2 -1  1  1 -1  0],[ 1  1  0  2 -1  1  1 -1  2],[-1 -2 -2  0 -1 -1  0 -2  1],[ 1  1  1  1  0  3  0  1 -1],[-2 -1 -1  1 -3  0 -2  0 -2],[ 0 -1 -1  0  0  2  0  0 -1],[ 0  1  1  2 -1  0  0  0  0],[ 1  0 -2 -1  1  2  1  0  0]]","[[ 0  2  1  0  0  0 -1 -1 -1],[-2  0  1  0 -1 -2 -1 -2 -3],[-1 -1  0 -2 -2  0 -2  1 -1],[ 0  0  2  0  1  0  1  0 -1],[ 0  1  2 -1  0  1 -1  0 -1],[ 0  2  0  0 -1  0 -1 -1  0],[ 1  1  2 -1  1  1  0  2 -1],[ 1  2 -1  0  0  1 -2  0  1],[ 1  3  1  1  1  0  1 -1  0]]",True,"[-2,-1,0,0,0,1,1,1,-1,0,1,2,1,2,3,2,2,0,2,-1,1,-1,0,-1,0,1,-1,1,0,1,1,1,0,-2,1,-1]","[-2,-1,0,0,0,1,1,1,-1,0,1,2,1,2,3,2,2,0,2,-1,1,-1,0,-1,0,1,-1,1,0,1,1,1,0,-2,1,-1]",t^8+48t^6+589t^4+633t^2+9,"[-1,-1,-1,0,0,0,1,2,-2,1,0,0,2,0,2,-1,0,1,1,3,1,1,0,0,1,0,1,0,1,0,1,-1,1,-1,2,2]","[-2,-1,0,0,0,1,1,1,2,0,1,2,0,1,2,1,-1,-1,1,3,0,-1,0,1,0,0,-1,0,1,0,0,1,2,-1,1,-2]","[-1,-1,-1,0,0,0,1,2,-2,1,0,0,1,-1,2,-1,-1,1,1,2,1,1,1,0,1,3,1,0,2,0,1,2,1,0,2,-1]",c,"[[{8, 1}, {2, 7}, {3, 6}, {4, 5}], [{8, 1}, {2, 7}, {3, 6}, {5}, {4}], [{8, 1}, {2, 7}, {4, 6}, {3, 5}], [{8, 1}, {2, 7}, {5, 6}, {3, 4}], [{8, 1}, {2, 7}, {6}, {4, 5}, {3}], [{8, 1}, {3, 7}, {2, 6}, {4, 5}], [{8, 1}, {3, 7}, {2, 6}, {5}, {4}], [{8, 1}, {3, 7}, {4, 6}, {2, 5}], [{8, 1}, {3, 7}, {5, 6}, {2, 4}], [{8, 1}, {3, 7}, {6}, {4, 5}, {2}], [{8, 1}, {4, 7}, {2, 6}, {3, 5}], [{8, 1}, {4, 7}, {3, 6}, {2, 5}], [{8, 1}, {4, 7}, {5, 6}, {2, 3}], [{8, 1}, {5, 7}, {2, 6}, {3, 4}], [{8, 1}, {5, 7}, {3, 6}, {2, 4}], [{8, 1}, {5, 7}, {4, 6}, {2, 3}], [{8, 1}, {6, 7}, {2, 5}, {3, 4}], [{8, 1}, {6, 7}, {3, 5}, {2, 4}], [{8, 1}, {6, 7}, {4, 5}, {2, 3}], [{8, 1}, {6, 7}, {4, 5}, {3}, {2}], [{8, 1}, {6, 7}, {5}, {4}, {2, 3}], [{8, 1}, {7}, {2, 6}, {4, 5}, {3}], [{8, 1}, {7}, {3, 6}, {4, 5}, {2}], [{8, 1}, {7}, {6}, {4, 5}, {2, 3}], [{8, 2}, {1, 7}, {3, 6}, {4, 5}], [{8, 2}, {1, 7}, {4, 6}, {3, 5}], [{8, 2}, {1, 7}, {5, 6}, {3, 4}], [{8, 2}, {3, 7}, {1, 6}, {4, 5}], [{8, 2}, {3, 7}, {4, 6}, {1, 5}], [{8, 2}, {3, 7}, {5, 6}, {1, 4}], [{8, 2}, {3, 7}, {6}, {1, 5}, {4}], [{8, 2}, {4, 7}, {1, 6}, {3, 5}], [{8, 2}, {4, 7}, {3, 6}, {1, 5}], [{8, 2}, {4, 7}, {5, 6}, {1, 3}], [{8, 2}, {4, 7}, {5, 6}, {3}, {1}], [{8, 2}, {5, 7}, {1, 6}, {3, 4}], [{8, 2}, {5, 7}, {3, 6}, {1, 4}], [{8, 2}, {5, 7}, {4, 6}, {1, 3}], [{8, 2}, {5, 7}, {6}, {3, 4}, {1}], [{8, 2}, {6, 7}, {1, 5}, {3, 4}], [{8, 2}, {6, 7}, {3, 5}, {1, 4}], [{8, 2}, {6, 7}, {4, 5}, {1, 3}], [{8, 2}, {6, 7}, {5}, {1, 4}, {3}], [{8, 2}, {7}, {3, 6}, {4, 5}, {1}], [{8, 3}, {1, 7}, {2, 6}, {4, 5}], [{8, 3}, {1, 7}, {4, 6}, {2, 5}], [{8, 3}, {1, 7}, {5, 6}, {2, 4}], [{8, 3}, {2, 7}, {1, 6}, {4, 5}], [{8, 3}, {2, 7}, {4, 6}, {1, 5}], [{8, 3}, {2, 7}, {5, 6}, {1, 4}], [{8, 3}, {4, 7}, {1, 6}, {2, 5}], [{8, 3}, {4, 7}, {2, 6}, {1, 5}], [{8, 3}, {4, 7}, {5, 6}, {1, 2}], [{8, 3}, {4, 7}, {6}, {1, 5}, {2}], [{8, 3}, {5, 7}, {1, 6}, {2, 4}], [{8, 3}, {5, 7}, {2, 6}, {1, 4}], [{8, 3}, {5, 7}, {4, 6}, {1, 2}], [{8, 3}, {6, 7}, {1, 5}, {2, 4}], [{8, 3}, {6, 7}, {2, 5}, {1, 4}], [{8, 3}, {6, 7}, {4, 5}, {1, 2}], [{8, 3}, {6, 7}, {5}, {1, 4}, {2}], [{8, 3}, {7}, {5, 6}, {4}, {1, 2}], [{8, 4}, {1, 7}, {2, 6}, {3, 5}], [{8, 4}, {1, 7}, {3, 6}, {2, 5}], [{8, 4}, {1, 7}, {5, 6}, {2, 3}], [{8, 4}, {2, 7}, {1, 6}, {3, 5}], [{8, 4}, {2, 7}, {3, 6}, {1, 5}], [{8, 4}, {2, 7}, {3, 6}, {5}, {1}], [{8, 4}, {2, 7}, {5, 6}, {1, 3}], [{8, 4}, {2, 7}, {6}, {1, 5}, {3}], [{8, 4}, {3, 7}, {1, 6}, {2, 5}], [{8, 4}, {3, 7}, {2, 6}, {1, 5}], [{8, 4}, {3, 7}, {2, 6}, {5}, {1}], [{8, 4}, {3, 7}, {5, 6}, {1, 2}], [{8, 4}, {3, 7}, {6}, {1, 5}, {2}], [{8, 4}, {5, 7}, {1, 6}, {2, 3}], [{8, 4}, {5, 7}, {2, 6}, {1, 3}], [{8, 4}, {5, 7}, {3, 6}, {1, 2}], [{8, 4}, {6, 7}, {1, 5}, {2, 3}], [{8, 4}, {6, 7}, {1, 5}, {3}, {2}], [{8, 4}, {6, 7}, {2, 5}, {1, 3}], [{8, 4}, {6, 7}, {3, 5}, {1, 2}], [{8, 4}, {6, 7}, {5}, {2, 3}, {1}], [{8, 4}, {7}, {2, 6}, {1, 5}, {3}], [{8, 4}, {7}, {3, 6}, {1, 5}, {2}], [{8, 4}, {7}, {6}, {1, 5}, {2, 3}], [{8, 4}, {7}, {6}, {1, 5}, {3}, {2}], [{8, 5}, {1, 7}, {2, 6}, {3, 4}], [{8, 5}, {1, 7}, {3, 6}, {2, 4}], [{8, 5}, {1, 7}, {4, 6}, {2, 3}], [{8, 5}, {2, 7}, {1, 6}, {3, 4}], [{8, 5}, {2, 7}, {1, 6}, {4}, {3}], [{8, 5}, {2, 7}, {3, 6}, {1, 4}], [{8, 5}, {2, 7}, {3, 6}, {4}, {1}], [{8, 5}, {2, 7}, {4, 6}, {1, 3}], [{8, 5}, {2, 7}, {4, 6}, {3}, {1}], [{8, 5}, {2, 7}, {6}, {1, 4}, {3}], [{8, 5}, {2, 7}, {6}, {3, 4}, {1}], [{8, 5}, {2, 7}, {6}, {4}, {1, 3}], [{8, 5}, {2, 7}, {6}, {4}, {3}, {1}], [{8, 5}, {3, 7}, {1, 6}, {2, 4}], [{8, 5}, {3, 7}, {2, 6}, {1, 4}], [{8, 5}, {3, 7}, {2, 6}, {4}, {1}], [{8, 5}, {3, 7}, {4, 6}, {1, 2}], [{8, 5}, {3, 7}, {6}, {1, 4}, {2}], [{8, 5}, {4, 7}, {1, 6}, {2, 3}], [{8, 5}, {4, 7}, {1, 6}, {3}, {2}], [{8, 5}, {4, 7}, {2, 6}, {1, 3}], [{8, 5}, {4, 7}, {3, 6}, {1, 2}], [{8, 5}, {6, 7}, {1, 4}, {2, 3}], [{8, 5}, {6, 7}, {1, 4}, {3}, {2}], [{8, 5}, {6, 7}, {2, 4}, {1, 3}], [{8, 5}, {6, 7}, {3, 4}, {1, 2}], [{8, 5}, {6, 7}, {4}, {2, 3}, {1}], [{8, 5}, {7}, {1, 6}, {2, 4}, {3}], [{8, 5}, {7}, {2, 6}, {1, 4}, {3}], [{8, 5}, {7}, {3, 6}, {1, 4}, {2}], [{8, 5}, {7}, {6}, {1, 4}, {2, 3}], [{8, 6}, {1, 7}, {2, 5}, {3, 4}], [{8, 6}, {1, 7}, {3, 5}, {2, 4}], [{8, 6}, {1, 7}, {4, 5}, {2, 3}], [{8, 6}, {2, 7}, {1, 5}, {3, 4}], [{8, 6}, {2, 7}, {3, 5}, {1, 4}], [{8, 6}, {2, 7}, {4, 5}, {1, 3}], [{8, 6}, {3, 7}, {1, 5}, {2, 4}], [{8, 6}, {3, 7}, {1, 5}, {4}, {2}], [{8, 6}, {3, 7}, {2, 5}, {1, 4}], [{8, 6}, {3, 7}, {4, 5}, {1, 2}], [{8, 6}, {4, 7}, {1, 5}, {2, 3}], [{8, 6}, {4, 7}, {2, 5}, {1, 3}], [{8, 6}, {4, 7}, {3, 5}, {1, 2}], [{8, 6}, {4, 7}, {5}, {3}, {1, 2}], [{8, 6}, {5, 7}, {1, 4}, {2, 3}], [{8, 6}, {5, 7}, {2, 4}, {1, 3}], [{8, 6}, {5, 7}, {3, 4}, {1, 2}], [{8, 6}, {7}, {5}, {1, 4}, {2, 3}], [{8, 6}, {7}, {5}, {2, 4}, {1, 3}], [{8, 7}, {1, 6}, {2, 5}, {3, 4}], [{8, 7}, {1, 6}, {3, 5}, {2, 4}], [{8, 7}, {1, 6}, {4, 5}, {2, 3}], [{8, 7}, {1, 6}, {4, 5}, {3}, {2}], [{8, 7}, {2, 6}, {1, 5}, {3, 4}], [{8, 7}, {2, 6}, {3, 5}, {1, 4}], [{8, 7}, {2, 6}, {4, 5}, {1, 3}], [{8, 7}, {3, 6}, {1, 5}, {2, 4}], [{8, 7}, {3, 6}, {2, 5}, {1, 4}], [{8, 7}, {3, 6}, {4, 5}, {1, 2}], [{8, 7}, {3, 6}, {4, 5}, {2}, {1}], [{8, 7}, {4, 6}, {1, 5}, {2, 3}], [{8, 7}, {4, 6}, {2, 5}, {1, 3}], [{8, 7}, {4, 6}, {3, 5}, {1, 2}], [{8, 7}, {4, 6}, {5}, {1, 3}, {2}], [{8, 7}, {5, 6}, {1, 4}, {2, 3}], [{8, 7}, {5, 6}, {2, 4}, {1, 3}], [{8, 7}, {5, 6}, {3, 4}, {1, 2}], [{8, 7}, {5, 6}, {4}, {1, 3}, {2}], [{8, 7}, {5, 6}, {4}, {2, 3}, {1}], [{8, 7}, {5, 6}, {4}, {3}, {1, 2}], [{8, 7}, {6}, {1, 5}, {3, 4}, {2}], [{8, 7}, {6}, {2, 5}, {3, 4}, {1}], [{8, 7}, {6}, {4, 5}, {1, 3}, {2}], [{8, 7}, {6}, {5}, {1, 4}, {2, 3}], [{8, 7}, {6}, {5}, {3, 4}, {1, 2}], [{8}, {1, 7}, {3, 6}, {4, 5}, {2}], [{8}, {1, 7}, {5, 6}, {2, 4}, {3}], [{8}, {2, 7}, {3, 6}, {1, 5}, {4}], [{8}, {2, 7}, {3, 6}, {4, 5}, {1}], [{8}, {2, 7}, {3, 6}, {5}, {1, 4}], [{8}, {3, 7}, {1, 6}, {2, 5}, {4}], [{8}, {3, 7}, {2, 6}, {1, 5}, {4}], [{8}, {3, 7}, {2, 6}, {4, 5}, {1}], [{8}, {3, 7}, {2, 6}, {5}, {1, 4}], [{8}, {3, 7}, {2, 6}, {5}, {4}, {1}], [{8}, {3, 7}, {4, 6}, {1, 5}, {2}], [{8}, {3, 7}, {5, 6}, {4}, {1, 2}], [{8}, {3, 7}, {6}, {1, 5}, {2, 4}], [{8}, {3, 7}, {6}, {1, 5}, {4}, {2}], [{8}, {5, 7}, {1, 6}, {4}, {2, 3}], [{8}, {5, 7}, {4, 6}, {2, 3}, {1}], [{8}, {5, 7}, {6}, {1, 4}, {2, 3}], [{8}, {6, 7}, {1, 5}, {4}, {2, 3}], [{8}, {6, 7}, {2, 5}, {1, 4}, {3}], [{8}, {6, 7}, {3, 5}, {1, 4}, {2}], [{8}, {6, 7}, {4, 5}, {2, 3}, {1}], [{8}, {6, 7}, {5}, {1, 4}, {2, 3}], [{8}, {6, 7}, {5}, {1, 4}, {3}, {2}], [{8}, {7}, {3, 6}, {4, 5}, {1, 2}], [{8}, {7}, {3, 6}, {4, 5}, {2}, {1}], [{8}, {7}, {5, 6}, {1, 4}, {2, 3}], [{8}, {7}, {6}, {5}, {1, 4}, {2, 3}]]",2,- 14 K_1^2 + 7 K_2 + 8,O1O2O3U4O5U3U6U2O7O8U5O6U1U7O4U8,O1O2O3U4O5U3U1U6O7U5O8O6U2O4U7U8,O1O2O3U4U5O6U2O7O4U8O5U7U3U1O8U6,c,{'O1O2O3U4O5U6U3O7U8O4O6U2U7U1O8U5'},1,"<a href=""/flatknot/8.1101708"">8.1101708</a>",t^9-46t^7-136t^6+74t^5+670t^4+586t^3-252t^2-261t+120,-t^2+2t,,
8.1101709,O1O2O3U4O5U6U3O7U8O4O6U7U1U2O8U5,4,4z^3+34z^2+91z+79,4w^4z^3+34w^3z^2+91w^2z+79w,False,False,"[[ 0 -1  1  1 -1  2  0 -1 -1],[ 1  0  1  2  0  1  2 -2  1],[-1 -1  0  2 -2  0  0 -2  0],[-1 -2 -2  0 -1 -1  0 -2  1],[ 1  0  2  1  0  3  0  0 -1],[-2 -1  0  1 -3  0 -2  0 -2],[ 0 -2  0  0  0  2  0 -1 -1],[ 1  2  2  2  0  0  1  0  1],[ 1 -1  0 -1  1  2  1 -1  0]]","[[ 0  2  1  1  0 -1 -1 -1 -1],[-2  0  1  0 -2  0 -1 -2 -3],[-1 -1  0 -2  0 -2 -2  1 -1],[-1  0  2  0  0 -2 -1  0 -2],[ 0  2  0  0  0 -1 -2 -1  0],[ 1  0  2  2  1  0  2  1  0],[ 1  1  2  1  2 -2  0  1  0],[ 1  2 -1  0  1 -1 -1  0  1],[ 1  3  1  2  0  0  0 -1  0]]",True,"[-2,-1,-1,0,1,1,1,1,-1,0,2,0,1,2,3,2,0,2,2,-1,1,0,2,1,0,2,1,2,1,0,-2,-1,0,-1,0,-1]","[-2,-1,-1,0,1,1,1,1,-1,0,2,0,1,2,3,2,0,2,2,-1,1,0,2,1,0,2,1,2,1,0,-2,-1,0,-1,0,-1]",t^8+55t^6+729t^4+219t^2+4,"[-1,-1,-1,-1,0,1,1,2,-2,-1,0,0,0,0,3,-1,0,-1,0,1,2,-1,0,3,2,1,1,1,0,0,1,1,0,2,2,1]","[-2,-1,-1,0,1,1,1,1,1,2,0,0,1,2,3,2,1,0,2,1,0,1,1,3,0,0,1,0,-1,0,-1,0,0,-1,-1,-2]","[-1,-1,-1,-1,0,1,1,2,-2,0,1,2,1,2,1,0,1,1,2,2,0,-1,0,2,1,3,1,0,-1,2,0,0,2,2,0,-1]",c,"[[{8, 1}, {2, 7}, {3, 6}, {4, 5}], [{8, 1}, {2, 7}, {4, 6}, {3, 5}], [{8, 1}, {2, 7}, {5, 6}, {3, 4}], [{8, 1}, {3, 7}, {2, 6}, {4, 5}], [{8, 1}, {3, 7}, {4, 6}, {2, 5}], [{8, 1}, {3, 7}, {5, 6}, {2, 4}], [{8, 1}, {3, 7}, {6}, {5}, {2, 4}], [{8, 1}, {4, 7}, {2, 6}, {3, 5}], [{8, 1}, {4, 7}, {3, 6}, {2, 5}], [{8, 1}, {4, 7}, {5, 6}, {2, 3}], [{8, 1}, {5, 7}, {2, 6}, {3, 4}], [{8, 1}, {5, 7}, {3, 6}, {2, 4}], [{8, 1}, {5, 7}, {4, 6}, {2, 3}], [{8, 1}, {6, 7}, {2, 5}, {3, 4}], [{8, 1}, {6, 7}, {3, 5}, {2, 4}], [{8, 1}, {6, 7}, {3, 5}, {4}, {2}], [{8, 1}, {6, 7}, {4, 5}, {2, 3}], [{8, 1}, {6, 7}, {4, 5}, {3}, {2}], [{8, 1}, {6, 7}, {5}, {3, 4}, {2}], [{8, 1}, {7}, {4, 6}, {5}, {2, 3}], [{8, 1}, {7}, {5, 6}, {2, 4}, {3}], [{8, 2}, {1, 7}, {3, 6}, {4, 5}], [{8, 2}, {1, 7}, {4, 6}, {3, 5}], [{8, 2}, {1, 7}, {5, 6}, {3, 4}], [{8, 2}, {3, 7}, {1, 6}, {4, 5}], [{8, 2}, {3, 7}, {1, 6}, {5}, {4}], [{8, 2}, {3, 7}, {4, 6}, {1, 5}], [{8, 2}, {3, 7}, {5, 6}, {1, 4}], [{8, 2}, {4, 7}, {1, 6}, {3, 5}], [{8, 2}, {4, 7}, {3, 6}, {1, 5}], [{8, 2}, {4, 7}, {5, 6}, {1, 3}], [{8, 2}, {4, 7}, {6}, {5}, {1, 3}], [{8, 2}, {5, 7}, {1, 6}, {3, 4}], [{8, 2}, {5, 7}, {3, 6}, {1, 4}], [{8, 2}, {5, 7}, {4, 6}, {1, 3}], [{8, 2}, {5, 7}, {4, 6}, {3}, {1}], [{8, 2}, {5, 7}, {6}, {4}, {1, 3}], [{8, 2}, {6, 7}, {1, 5}, {3, 4}], [{8, 2}, {6, 7}, {1, 5}, {4}, {3}], [{8, 2}, {6, 7}, {3, 5}, {1, 4}], [{8, 2}, {6, 7}, {4, 5}, {1, 3}], [{8, 2}, {6, 7}, {5}, {3, 4}, {1}], [{8, 2}, {7}, {6}, {3, 5}, {1, 4}], [{8, 2}, {7}, {6}, {4, 5}, {1, 3}], [{8, 3}, {1, 7}, {2, 6}, {4, 5}], [{8, 3}, {1, 7}, {4, 6}, {2, 5}], [{8, 3}, {1, 7}, {5, 6}, {2, 4}], [{8, 3}, {1, 7}, {5, 6}, {4}, {2}], [{8, 3}, {2, 7}, {1, 6}, {4, 5}], [{8, 3}, {2, 7}, {4, 6}, {1, 5}], [{8, 3}, {2, 7}, {5, 6}, {1, 4}], [{8, 3}, {4, 7}, {1, 6}, {2, 5}], [{8, 3}, {4, 7}, {2, 6}, {1, 5}], [{8, 3}, {4, 7}, {5, 6}, {1, 2}], [{8, 3}, {5, 7}, {1, 6}, {2, 4}], [{8, 3}, {5, 7}, {2, 6}, {1, 4}], [{8, 3}, {5, 7}, {4, 6}, {1, 2}], [{8, 3}, {6, 7}, {1, 5}, {2, 4}], [{8, 3}, {6, 7}, {2, 5}, {1, 4}], [{8, 3}, {6, 7}, {4, 5}, {1, 2}], [{8, 3}, {7}, {2, 6}, {4, 5}, {1}], [{8, 3}, {7}, {5, 6}, {2, 4}, {1}], [{8, 3}, {7}, {6}, {2, 5}, {1, 4}], [{8, 4}, {1, 7}, {2, 6}, {3, 5}], [{8, 4}, {1, 7}, {3, 6}, {2, 5}], [{8, 4}, {1, 7}, {5, 6}, {2, 3}], [{8, 4}, {2, 7}, {1, 6}, {3, 5}], [{8, 4}, {2, 7}, {1, 6}, {5}, {3}], [{8, 4}, {2, 7}, {3, 6}, {1, 5}], [{8, 4}, {2, 7}, {5, 6}, {1, 3}], [{8, 4}, {3, 7}, {1, 6}, {2, 5}], [{8, 4}, {3, 7}, {1, 6}, {5}, {2}], [{8, 4}, {3, 7}, {2, 6}, {1, 5}], [{8, 4}, {3, 7}, {2, 6}, {5}, {1}], [{8, 4}, {3, 7}, {5, 6}, {1, 2}], [{8, 4}, {3, 7}, {6}, {5}, {1, 2}], [{8, 4}, {5, 7}, {1, 6}, {2, 3}], [{8, 4}, {5, 7}, {1, 6}, {3}, {2}], [{8, 4}, {5, 7}, {2, 6}, {1, 3}], [{8, 4}, {5, 7}, {3, 6}, {1, 2}], [{8, 4}, {5, 7}, {3, 6}, {2}, {1}], [{8, 4}, {5, 7}, {6}, {1, 3}, {2}], [{8, 4}, {6, 7}, {1, 5}, {2, 3}], [{8, 4}, {6, 7}, {2, 5}, {1, 3}], [{8, 4}, {6, 7}, {3, 5}, {1, 2}], [{8, 4}, {7}, {1, 6}, {2, 5}, {3}], [{8, 4}, {7}, {1, 6}, {3, 5}, {2}], [{8, 4}, {7}, {1, 6}, {5}, {2, 3}], [{8, 5}, {1, 7}, {2, 6}, {3, 4}], [{8, 5}, {1, 7}, {3, 6}, {2, 4}], [{8, 5}, {1, 7}, {4, 6}, {2, 3}], [{8, 5}, {1, 7}, {6}, {2, 4}, {3}], [{8, 5}, {2, 7}, {1, 6}, {3, 4}], [{8, 5}, {2, 7}, {3, 6}, {1, 4}], [{8, 5}, {2, 7}, {4, 6}, {1, 3}], [{8, 5}, {2, 7}, {6}, {1, 4}, {3}], [{8, 5}, {3, 7}, {1, 6}, {2, 4}], [{8, 5}, {3, 7}, {2, 6}, {1, 4}], [{8, 5}, {3, 7}, {4, 6}, {1, 2}], [{8, 5}, {3, 7}, {6}, {1, 4}, {2}], [{8, 5}, {3, 7}, {6}, {2, 4}, {1}], [{8, 5}, {3, 7}, {6}, {4}, {1, 2}], [{8, 5}, {4, 7}, {1, 6}, {2, 3}], [{8, 5}, {4, 7}, {2, 6}, {1, 3}], [{8, 5}, {4, 7}, {3, 6}, {1, 2}], [{8, 5}, {4, 7}, {6}, {3}, {1, 2}], [{8, 5}, {6, 7}, {1, 4}, {2, 3}], [{8, 5}, {6, 7}, {1, 4}, {3}, {2}], [{8, 5}, {6, 7}, {2, 4}, {1, 3}], [{8, 5}, {6, 7}, {2, 4}, {3}, {1}], [{8, 5}, {6, 7}, {3, 4}, {1, 2}], [{8, 5}, {6, 7}, {3, 4}, {2}, {1}], [{8, 5}, {6, 7}, {4}, {1, 3}, {2}], [{8, 5}, {6, 7}, {4}, {2, 3}, {1}], [{8, 5}, {6, 7}, {4}, {3}, {1, 2}], [{8, 5}, {7}, {1, 6}, {2, 4}, {3}], [{8, 5}, {7}, {2, 6}, {1, 4}, {3}], [{8, 5}, {7}, {3, 6}, {1, 4}, {2}], [{8, 5}, {7}, {3, 6}, {2, 4}, {1}], [{8, 5}, {7}, {3, 6}, {4}, {1, 2}], [{8, 5}, {7}, {4, 6}, {3}, {1, 2}], [{8, 5}, {7}, {6}, {1, 4}, {2, 3}], [{8, 5}, {7}, {6}, {1, 4}, {3}, {2}], [{8, 5}, {7}, {6}, {2, 4}, {1, 3}], [{8, 5}, {7}, {6}, {2, 4}, {3}, {1}], [{8, 5}, {7}, {6}, {3, 4}, {1, 2}], [{8, 5}, {7}, {6}, {4}, {3}, {1, 2}], [{8, 6}, {1, 7}, {2, 5}, {3, 4}], [{8, 6}, {1, 7}, {3, 5}, {2, 4}], [{8, 6}, {1, 7}, {4, 5}, {2, 3}], [{8, 6}, {1, 7}, {5}, {2, 4}, {3}], [{8, 6}, {1, 7}, {5}, {3, 4}, {2}], [{8, 6}, {1, 7}, {5}, {4}, {2, 3}], [{8, 6}, {2, 7}, {1, 5}, {3, 4}], [{8, 6}, {2, 7}, {3, 5}, {1, 4}], [{8, 6}, {2, 7}, {4, 5}, {1, 3}], [{8, 6}, {2, 7}, {5}, {3, 4}, {1}], [{8, 6}, {3, 7}, {1, 5}, {2, 4}], [{8, 6}, {3, 7}, {2, 5}, {1, 4}], [{8, 6}, {3, 7}, {4, 5}, {1, 2}], [{8, 6}, {3, 7}, {5}, {2, 4}, {1}], [{8, 6}, {4, 7}, {1, 5}, {2, 3}], [{8, 6}, {4, 7}, {2, 5}, {1, 3}], [{8, 6}, {4, 7}, {3, 5}, {1, 2}], [{8, 6}, {4, 7}, {5}, {2, 3}, {1}], [{8, 6}, {5, 7}, {1, 4}, {2, 3}], [{8, 6}, {5, 7}, {1, 4}, {3}, {2}], [{8, 6}, {5, 7}, {2, 4}, {1, 3}], [{8, 6}, {5, 7}, {2, 4}, {3}, {1}], [{8, 6}, {5, 7}, {3, 4}, {1, 2}], [{8, 6}, {5, 7}, {3, 4}, {2}, {1}], [{8, 6}, {5, 7}, {4}, {1, 3}, {2}], [{8, 6}, {5, 7}, {4}, {2, 3}, {1}], [{8, 6}, {5, 7}, {4}, {3}, {1, 2}], [{8, 6}, {7}, {1, 5}, {2, 4}, {3}], [{8, 6}, {7}, {1, 5}, {3, 4}, {2}], [{8, 6}, {7}, {1, 5}, {4}, {2, 3}], [{8, 6}, {7}, {2, 5}, {3, 4}, {1}], [{8, 6}, {7}, {3, 5}, {2, 4}, {1}], [{8, 6}, {7}, {4, 5}, {2, 3}, {1}], [{8, 6}, {7}, {5}, {1, 4}, {2, 3}], [{8, 6}, {7}, {5}, {2, 4}, {1, 3}], [{8, 6}, {7}, {5}, {2, 4}, {3}, {1}], [{8, 6}, {7}, {5}, {3, 4}, {1, 2}], [{8, 6}, {7}, {5}, {3, 4}, {2}, {1}], [{8, 6}, {7}, {5}, {4}, {2, 3}, {1}], [{8, 7}, {1, 6}, {2, 5}, {3, 4}], [{8, 7}, {1, 6}, {3, 5}, {2, 4}], [{8, 7}, {1, 6}, {4, 5}, {2, 3}], [{8, 7}, {1, 6}, {5}, {3, 4}, {2}], [{8, 7}, {2, 6}, {1, 5}, {3, 4}], [{8, 7}, {2, 6}, {3, 5}, {1, 4}], [{8, 7}, {2, 6}, {4, 5}, {1, 3}], [{8, 7}, {2, 6}, {5}, {3, 4}, {1}], [{8, 7}, {3, 6}, {1, 5}, {2, 4}], [{8, 7}, {3, 6}, {2, 5}, {1, 4}], [{8, 7}, {3, 6}, {4, 5}, {1, 2}], [{8, 7}, {4, 6}, {1, 5}, {2, 3}], [{8, 7}, {4, 6}, {2, 5}, {1, 3}], [{8, 7}, {4, 6}, {3, 5}, {1, 2}], [{8, 7}, {5, 6}, {1, 4}, {2, 3}], [{8, 7}, {5, 6}, {1, 4}, {3}, {2}], [{8, 7}, {5, 6}, {2, 4}, {1, 3}], [{8, 7}, {5, 6}, {2, 4}, {3}, {1}], [{8, 7}, {5, 6}, {3, 4}, {1, 2}], [{8, 7}, {5, 6}, {3, 4}, {2}, {1}], [{8, 7}, {5, 6}, {4}, {1, 3}, {2}], [{8, 7}, {5, 6}, {4}, {2, 3}, {1}], [{8, 7}, {5, 6}, {4}, {3}, {1, 2}], [{8, 7}, {6}, {1, 5}, {3, 4}, {2}], [{8, 7}, {6}, {2, 5}, {3, 4}, {1}], [{8, 7}, {6}, {5}, {1, 4}, {2, 3}], [{8, 7}, {6}, {5}, {2, 4}, {1, 3}], [{8, 7}, {6}, {5}, {3, 4}, {1, 2}], [{8, 7}, {6}, {5}, {3, 4}, {2}, {1}], [{8}, {1, 7}, {3, 6}, {4, 5}, {2}], [{8}, {1, 7}, {5, 6}, {2, 4}, {3}], [{8}, {2, 7}, {3, 6}, {1, 5}, {4}], [{8}, {3, 7}, {1, 6}, {5}, {2, 4}], [{8}, {3, 7}, {2, 6}, {1, 5}, {4}], [{8}, {3, 7}, {4, 6}, {1, 5}, {2}], [{8}, {3, 7}, {5, 6}, {2, 4}, {1}], [{8}, {3, 7}, {6}, {1, 5}, {2, 4}], [{8}, {3, 7}, {6}, {4, 5}, {1, 2}], [{8}, {5, 7}, {2, 6}, {4}, {1, 3}], [{8}, {5, 7}, {4, 6}, {1, 3}, {2}], [{8}, {5, 7}, {6}, {1, 4}, {2, 3}], [{8}, {5, 7}, {6}, {2, 4}, {1, 3}], [{8}, {5, 7}, {6}, {3, 4}, {1, 2}], [{8}, {5, 7}, {6}, {4}, {1, 3}, {2}], [{8}, {6, 7}, {1, 5}, {3, 4}, {2}], [{8}, {6, 7}, {2, 5}, {3, 4}, {1}], [{8}, {6, 7}, {5}, {1, 4}, {2, 3}], [{8}, {6, 7}, {5}, {2, 4}, {1, 3}], [{8}, {6, 7}, {5}, {3, 4}, {1, 2}], [{8}, {6, 7}, {5}, {3, 4}, {2}, {1}], [{8}, {7}, {5, 6}, {1, 4}, {2, 3}], [{8}, {7}, {5, 6}, {2, 4}, {1, 3}], [{8}, {7}, {5, 6}, {2, 4}, {3}, {1}], [{8}, {7}, {5, 6}, {3, 4}, {1, 2}], [{8}, {7}, {6}, {5}, {1, 4}, {2, 3}]]",2,8 K_1^3 - 6 K_1^2 - 4 K_1 K_2 - 4 K_1 + 3 K_2 + 4,O1O2O3U4O5U2U3U6O7O8U5O6U1U7O4U8,O1O2O3U4O5U2U3U6O7U5O8O6U1O4U7U8,O1O2O3U4U5O6U3O7O4U8O5U7U1U2O8U6,c,{'O1O2O3U4O5U6U3O7U8O4O6U7U1U2O8U5'},1,"<a href=""/flatknot/8.1101709"">8.1101709</a>",t^9-53t^7-132t^6+358t^5+1264t^4-102t^3-2422t^2-968t+578,-t^2+2t,,
8.1101710,O1O2O3U4O5U6U3O7U8O4O6U7U2U1O8U5,3,8z^2+37z+43,4w^5z^2-12w^4z^2+16w^3z^2-22w^3z+59w^2z+43w,False,False,"[[ 0  0  0  1 -1  2  0 -1 -1],[ 0  0  0  2 -1  1  1 -2  0],[ 0  0  0  2 -1  0  1 -2  1],[-1 -2 -2  0 -1 -1  0 -2  1],[ 1  1  1  1  0  3  0  0 -1],[-2 -1  0  1 -3  0 -2  0 -2],[ 0 -1 -1  0  0  2  0 -1 -1],[ 1  2  2  2  0  0  1  0  1],[ 1  0 -1 -1  1  2  1 -1  0]]","[[ 0  2  1  0  0  0 -1 -1 -1],[-2  0  1  0 -1 -2  0 -2 -3],[-1 -1  0 -2 -2  0 -2  1 -1],[ 0  0  2  0  0  1 -2  1 -1],[ 0  1  2  0  0  1 -2  0 -1],[ 0  2  0 -1 -1  0 -1 -1  0],[ 1  0  2  2  2  1  0  1  0],[ 1  2 -1 -1  0  1 -1  0  1],[ 1  3  1  1  1  0  0 -1  0]]",True,"[-2,-1,0,0,0,1,1,1,-1,0,1,2,0,2,3,2,2,0,2,-1,1,0,-1,2,-1,1,-1,2,0,1,1,1,0,-1,0,-1]","[-2,-1,0,0,0,1,1,1,-1,0,1,2,0,2,3,2,2,0,2,-1,1,0,-1,2,-1,1,-1,2,0,1,1,1,0,-1,0,-1]",t^8+50t^6+614t^4+195t^2,"[-1,-1,-1,0,0,0,1,2,-1,0,-1,-1,0,0,3,-1,1,2,0,3,1,0,0,1,1,0,0,-1,-1,1,-1,-1,2,1,0,2]","[-2,-1,0,0,0,1,1,1,2,0,1,2,0,1,3,1,-1,-1,1,3,0,-1,-1,1,0,0,0,0,1,-1,0,2,-1,-1,0,-1]","[-1,-1,-1,0,0,0,1,2,-1,0,0,1,1,1,3,-1,1,-1,0,-1,2,1,2,2,2,0,-1,-1,0,2,0,2,0,2,1,-1]",c,"[[{8, 5}, {6, 7}, {1, 4}, {2, 3}], [{8, 5}, {6, 7}, {2, 4}, {1, 3}]]",1,- 6 K_1^2 - 4 K_1 K_2 + 2 K_1 + 3 K_2 + 2 K_3 + 4,O1O2O3U4O5U3U2U6O7O8U5O6U1U7O4U8,O1O2O3U4O5U3U2U6O7U5O8O6U1O4U7U8,O1O2O3U4U5O6U3O7O4U8O5U7U2U1O8U6,c,{'O1O2O3U4O5U6U3O7U8O4O6U7U2U1O8U5'},1,"<a href=""/flatknot/8.1101710"">8.1101710</a>",t^9-48t^7-112t^6+233t^5+710t^4-49t^3-536t^2+200t+16,-t^2+2t,,
8.1101711,O1O2O3U4O5U6U3O7U8O4O6U7U5U1O8U2,4,14z^2+99z+143,14w^3z^2+99w^2z+143w,False,False,"[[ 0  0  1  1 -1  1  0 -1 -1],[ 0  0  0  1  0  0  1 -2  0],[-1  0  0  1 -2  1 -1 -1 -1],[-1 -1 -1  0 -1 -1  0 -2  0],[ 1  0  2  1  0  1  0  0  0],[-1  0 -1  1 -1  0  0 -1 -1],[ 0 -1  1  0  0  0  0 -1 -1],[ 1  2  1  2  0  1  1  0  1],[ 1  0  1  0  0  1  1 -1  0]]","[[ 0  1  1  1  0  0 -1 -1 -1],[-1  0  1  1  0 -1 -1 -1 -2],[-1 -1  0  1  0  0 -1 -1 -1],[-1 -1 -1  0 -1  0  0 -2 -1],[ 0  0  0  1  0  1  0 -2  0],[ 0  1  0  0 -1  0 -1 -1  0],[ 1  1  1  0  0  1  0 -1  0],[ 1  1  1  2  2  1  1  0  0],[ 1  2  1  1  0  0  0  0  0]]",True,"[-1,-1,-1,0,0,1,1,1,-1,-1,0,1,1,1,2,-1,0,0,1,1,1,1,0,0,2,1,-1,0,2,0,1,1,0,1,0,0]","[-1,-1,-1,0,0,1,1,1,-1,-1,0,1,0,1,2,-1,1,1,1,1,1,1,0,1,0,1,1,-1,1,1,0,1,0,0,1,0]",t^8+27t^6+161t^4+150t^2+9,"[-1,-1,-1,0,0,1,1,1,-1,0,-1,0,0,1,1,0,1,0,2,1,1,1,1,1,0,1,-1,0,1,1,1,0,1,1,1,-1]","[-1,-1,-1,0,0,1,1,1,-1,-1,0,1,0,1,2,-1,1,1,1,1,1,1,0,1,0,1,1,-1,1,1,0,1,0,0,1,0]","[-1,-1,-1,0,0,1,1,1,-1,0,0,1,0,1,1,0,2,1,2,1,1,0,0,1,1,2,1,1,0,0,0,0,1,-1,-1,-1]",c,"[[{8, 2}, {3, 7}, {1, 6}, {4, 5}]]",1,4 K_1^3 - 24 K_1^2 - 8 K_1 K_2 + K_1 + 12 K_2 + 3 K_3 + 13,O1O2O3U2O4U3U5U6O7O8U4O6U1U7O5U8,O1O2O3U4O5U3U5U6O7U2O8O6U1O4U7U8,O1O2O3U4U5O6U3O7O4U2O5U7U8U1O8U6,c,{'O1O2O3U4O5U6U3O7U8O4O6U7U5U1O8U2'},1,"<a href=""/flatknot/8.1101711"">8.1101711</a>",t^9-27t^7-42t^6+99t^5+166t^4-121t^3-136t^2+84t-8,0,,
8.1101712,O1O2O3U4O5U6U7O8U1O4O6U2U8U5O7U3,4,2z^3+29z^2+92z+85,2w^4z^3-4w^4z^2+33w^3z^2-16w^3z+108w^2z+85w,False,False,"[[ 0 -1 -1  2 -1  2  0 -1  0],[ 1  0 -1  1  1  1  2  0  0],[ 1  1  0  2  0  1  2  1 -1],[-2 -1 -2  0 -2  0 -1 -1 -2],[ 1 -1  0  2  0  2  0  0  1],[-2 -1 -1  0 -2  0 -1 -1 -1],[ 0 -2 -2  1  0  1  0 -1  0],[ 1  0 -1  1  0  1  1  0  0],[ 0  0  1  2 -1  1  0  0  0]]","[[ 0  2  2  0  0 -1 -1 -1 -1],[-2  0  0 -1 -1 -1 -1 -1 -2],[-2  0  0 -1 -2 -1 -1 -2 -2],[ 0  1  1  0  0 -1 -2 -2  0],[ 0  1  2  0  0  0  0  1 -1],[ 1  1  1  1  0  0  0 -1  0],[ 1  1  1  2  0  0  0 -1  1],[ 1  1  2  2 -1  1  1  0  0],[ 1  2  2  0  1  0 -1  0  0]]",True,"[-2,-2,0,0,1,1,1,1,0,1,1,1,1,1,2,1,2,1,1,2,2,0,1,2,2,0,0,0,-1,1,0,1,0,1,-1,0]","[-2,-2,0,0,1,1,1,1,0,0,1,1,1,2,2,1,1,1,2,2,2,0,0,2,1,1,1,-1,-1,0,0,-1,0,1,1,0]",t^8+38t^6+269t^4+100t^2+4,"[-1,-1,-1,-1,0,0,2,2,-1,-1,0,-1,2,1,2,0,-1,-1,1,2,2,0,0,1,2,2,1,0,1,1,0,1,1,0,1,0]","[-2,-2,0,0,1,1,1,1,0,0,1,1,1,2,2,1,1,1,2,2,2,0,0,2,1,1,1,-1,-1,0,0,-1,0,1,1,0]","[-1,-1,-1,-1,0,0,2,2,-1,0,0,0,1,1,1,0,1,-1,2,1,2,-1,1,0,2,2,0,2,1,1,0,1,2,1,1,0]",c,"[[{8, 3}, {1, 7}, {2, 6}, {4, 5}], [{8, 3}, {4, 7}, {2, 6}, {1, 5}], [{8, 6}, {5, 7}, {2, 4}, {1, 3}], [{8, 7}, {5, 6}, {3, 4}, {1, 2}]]",1,- 8 K_1^2 + 4 K_2 + 5,O1O2O3U1O4U5U6U2O7O8U3O6U4U7O5U8,O1O2O3U4O5U6U1U5O7U3O8O4U2O6U7U8,O1O2O3U4U5O6U2O7O4U1O5U8U3U6O8U7,c,{'O1O2O3U4O5U6U7O8U1O4O6U2U8U5O7U3'},1,"<a href=""/flatknot/8.1101712"">8.1101712</a>",t^9-34t^7-84t^6+57t^5+270t^4+40t^3-144t^2+16t-34,-2t^2+4t,,
8.1101713,O1O2O3U4O5U6U7O8U1O4O6U3U8U5O7U2,4,14z^2+83z+111,14w^3z^2+83w^2z+111w,False,False,"[[ 0 -1  1  0 -1  2  0 -1  0],[ 1  0  1 -1  1  1  2  0  0],[-1 -1  0 -1 -1  1  0 -1 -1],[ 0  1  1  0 -1  1  1  0 -1],[ 1 -1  1  1  0  2  0  0  1],[-2 -1 -1 -1 -2  0 -1 -1 -1],[ 0 -2  0 -1  0  1  0 -1  0],[ 1  0  1  0  0  1  1  0  0],[ 0  0  1  1 -1  1  0  0  0]]","[[ 0  2  1  0  0  0 -1 -1 -1],[-2  0 -1 -1 -1 -1 -1 -1 -2],[-1  1  0  0 -1 -1 -1 -1 -1],[ 0  1  0  0  0 -1 -1 -2  0],[ 0  1  1  0  0  1  0  0 -1],[ 0  1  1  1 -1  0  0  1 -1],[ 1  1  1  1  0  0  0  0  0],[ 1  1  1  2  0 -1  0  0  1],[ 1  2  1  0  1  1  0 -1  0]]",True,"[-2,-1,0,0,0,1,1,1,1,1,1,1,1,1,2,0,1,1,1,1,1,0,1,1,2,0,-1,0,0,1,0,-1,1,0,0,-1]","[-2,-1,0,0,0,1,1,1,0,1,1,1,1,2,2,0,0,1,1,1,1,-1,1,0,1,2,0,0,1,1,1,0,-1,0,-1,0]",t^8+26t^6+144t^4+20t^2,"[-1,-1,-1,0,0,0,1,2,-1,0,-1,1,2,1,2,0,1,0,0,1,1,0,1,1,1,2,0,1,1,1,-1,0,1,0,1,0]","[-2,-1,0,0,0,1,1,1,0,1,1,1,1,2,2,0,0,1,1,1,1,-1,1,0,1,2,0,0,1,1,1,0,-1,0,-1,0]","[-1,-1,-1,0,0,0,1,2,-1,0,0,1,1,1,2,0,2,-1,0,1,1,1,0,0,1,1,-1,0,0,1,-1,1,1,1,1,1]",c,"[[{8, 1}, {2, 7}, {3, 6}, {4, 5}], [{8, 1}, {2, 7}, {3, 6}, {5}, {4}], [{8, 1}, {2, 7}, {4, 6}, {3, 5}], [{8, 1}, {2, 7}, {5, 6}, {3, 4}], [{8, 1}, {2, 7}, {6}, {4, 5}, {3}], [{8, 1}, {3, 7}, {2, 6}, {4, 5}], [{8, 1}, {3, 7}, {4, 6}, {2, 5}], [{8, 1}, {3, 7}, {5, 6}, {2, 4}], [{8, 1}, {4, 7}, {2, 6}, {3, 5}], [{8, 1}, {4, 7}, {3, 6}, {2, 5}], [{8, 1}, {4, 7}, {5, 6}, {2, 3}], [{8, 1}, {4, 7}, {6}, {5}, {2, 3}], [{8, 1}, {5, 7}, {2, 6}, {3, 4}], [{8, 1}, {5, 7}, {3, 6}, {2, 4}], [{8, 1}, {5, 7}, {4, 6}, {2, 3}], [{8, 1}, {5, 7}, {6}, {2, 4}, {3}], [{8, 1}, {6, 7}, {2, 5}, {3, 4}], [{8, 1}, {6, 7}, {3, 5}, {2, 4}], [{8, 1}, {6, 7}, {4, 5}, {2, 3}], [{8, 1}, {6, 7}, {5}, {4}, {2, 3}], [{8, 1}, {7}, {3, 6}, {4, 5}, {2}], [{8, 1}, {7}, {4, 6}, {5}, {2, 3}], [{8, 1}, {7}, {5, 6}, {3, 4}, {2}], [{8, 2}, {1, 7}, {3, 6}, {4, 5}], [{8, 2}, {1, 7}, {3, 6}, {5}, {4}], [{8, 2}, {1, 7}, {4, 6}, {3, 5}], [{8, 2}, {1, 7}, {5, 6}, {3, 4}], [{8, 2}, {1, 7}, {6}, {4, 5}, {3}], [{8, 2}, {3, 7}, {1, 6}, {4, 5}], [{8, 2}, {3, 7}, {4, 6}, {1, 5}], [{8, 2}, {3, 7}, {5, 6}, {1, 4}], [{8, 2}, {4, 7}, {1, 6}, {3, 5}], [{8, 2}, {4, 7}, {3, 6}, {1, 5}], [{8, 2}, {4, 7}, {5, 6}, {1, 3}], [{8, 2}, {5, 7}, {1, 6}, {3, 4}], [{8, 2}, {5, 7}, {3, 6}, {1, 4}], [{8, 2}, {5, 7}, {3, 6}, {4}, {1}], [{8, 2}, {5, 7}, {4, 6}, {1, 3}], [{8, 2}, {5, 7}, {6}, {1, 4}, {3}], [{8, 2}, {6, 7}, {1, 5}, {3, 4}], [{8, 2}, {6, 7}, {3, 5}, {1, 4}], [{8, 2}, {6, 7}, {4, 5}, {1, 3}], [{8, 2}, {6, 7}, {4, 5}, {3}, {1}], [{8, 2}, {6, 7}, {5}, {4}, {1, 3}], [{8, 2}, {7}, {1, 6}, {4, 5}, {3}], [{8, 2}, {7}, {3, 6}, {1, 5}, {4}], [{8, 2}, {7}, {4, 6}, {1, 5}, {3}], [{8, 2}, {7}, {6}, {1, 5}, {3, 4}], [{8, 3}, {1, 7}, {2, 6}, {4, 5}], [{8, 3}, {1, 7}, {4, 6}, {2, 5}], [{8, 3}, {1, 7}, {5, 6}, {2, 4}], [{8, 3}, {1, 7}, {6}, {5}, {2, 4}], [{8, 3}, {2, 7}, {1, 6}, {4, 5}], [{8, 3}, {2, 7}, {4, 6}, {1, 5}], [{8, 3}, {2, 7}, {5, 6}, {1, 4}], [{8, 3}, {4, 7}, {1, 6}, {2, 5}], [{8, 3}, {4, 7}, {2, 6}, {1, 5}], [{8, 3}, {4, 7}, {2, 6}, {5}, {1}], [{8, 3}, {4, 7}, {5, 6}, {1, 2}], [{8, 3}, {5, 7}, {1, 6}, {2, 4}], [{8, 3}, {5, 7}, {2, 6}, {1, 4}], [{8, 3}, {5, 7}, {4, 6}, {1, 2}], [{8, 3}, {5, 7}, {6}, {2, 4}, {1}], [{8, 3}, {6, 7}, {1, 5}, {2, 4}], [{8, 3}, {6, 7}, {1, 5}, {4}, {2}], [{8, 3}, {6, 7}, {2, 5}, {1, 4}], [{8, 3}, {6, 7}, {4, 5}, {1, 2}], [{8, 3}, {7}, {6}, {1, 5}, {2, 4}], [{8, 4}, {1, 7}, {2, 6}, {3, 5}], [{8, 4}, {1, 7}, {3, 6}, {2, 5}], [{8, 4}, {1, 7}, {3, 6}, {5}, {2}], [{8, 4}, {1, 7}, {5, 6}, {2, 3}], [{8, 4}, {2, 7}, {1, 6}, {3, 5}], [{8, 4}, {2, 7}, {3, 6}, {1, 5}], [{8, 4}, {2, 7}, {3, 6}, {5}, {1}], [{8, 4}, {2, 7}, {5, 6}, {1, 3}], [{8, 4}, {2, 7}, {6}, {1, 5}, {3}], [{8, 4}, {3, 7}, {1, 6}, {2, 5}], [{8, 4}, {3, 7}, {2, 6}, {1, 5}], [{8, 4}, {3, 7}, {5, 6}, {1, 2}], [{8, 4}, {5, 7}, {1, 6}, {2, 3}], [{8, 4}, {5, 7}, {2, 6}, {1, 3}], [{8, 4}, {5, 7}, {3, 6}, {1, 2}], [{8, 4}, {5, 7}, {3, 6}, {2}, {1}], [{8, 4}, {6, 7}, {1, 5}, {2, 3}], [{8, 4}, {6, 7}, {2, 5}, {1, 3}], [{8, 4}, {6, 7}, {3, 5}, {1, 2}], [{8, 4}, {7}, {3, 6}, {1, 5}, {2}], [{8, 4}, {7}, {3, 6}, {2, 5}, {1}], [{8, 4}, {7}, {3, 6}, {5}, {1, 2}], [{8, 4}, {7}, {3, 6}, {5}, {2}, {1}], [{8, 5}, {1, 7}, {2, 6}, {3, 4}], [{8, 5}, {1, 7}, {2, 6}, {4}, {3}], [{8, 5}, {1, 7}, {3, 6}, {2, 4}], [{8, 5}, {1, 7}, {4, 6}, {2, 3}], [{8, 5}, {1, 7}, {4, 6}, {3}, {2}], [{8, 5}, {1, 7}, {6}, {2, 4}, {3}], [{8, 5}, {2, 7}, {1, 6}, {3, 4}], [{8, 5}, {2, 7}, {3, 6}, {1, 4}], [{8, 5}, {2, 7}, {3, 6}, {4}, {1}], [{8, 5}, {2, 7}, {4, 6}, {1, 3}], [{8, 5}, {2, 7}, {6}, {1, 4}, {3}], [{8, 5}, {3, 7}, {1, 6}, {2, 4}], [{8, 5}, {3, 7}, {2, 6}, {1, 4}], [{8, 5}, {3, 7}, {4, 6}, {1, 2}], [{8, 5}, {4, 7}, {1, 6}, {2, 3}], [{8, 5}, {4, 7}, {1, 6}, {3}, {2}], [{8, 5}, {4, 7}, {2, 6}, {1, 3}], [{8, 5}, {4, 7}, {3, 6}, {1, 2}], [{8, 5}, {6, 7}, {1, 4}, {2, 3}], [{8, 5}, {6, 7}, {2, 4}, {1, 3}], [{8, 5}, {6, 7}, {3, 4}, {1, 2}], [{8, 5}, {6, 7}, {3, 4}, {2}, {1}], [{8, 5}, {7}, {3, 6}, {1, 4}, {2}], [{8, 6}, {1, 7}, {2, 5}, {3, 4}], [{8, 6}, {1, 7}, {3, 5}, {2, 4}], [{8, 6}, {1, 7}, {4, 5}, {2, 3}], [{8, 6}, {1, 7}, {5}, {2, 4}, {3}], [{8, 6}, {1, 7}, {5}, {3, 4}, {2}], [{8, 6}, {1, 7}, {5}, {4}, {2, 3}], [{8, 6}, {2, 7}, {1, 5}, {3, 4}], [{8, 6}, {2, 7}, {3, 5}, {1, 4}], [{8, 6}, {2, 7}, {4, 5}, {1, 3}], [{8, 6}, {2, 7}, {5}, {4}, {1, 3}], [{8, 6}, {3, 7}, {1, 5}, {2, 4}], [{8, 6}, {3, 7}, {1, 5}, {4}, {2}], [{8, 6}, {3, 7}, {2, 5}, {1, 4}], [{8, 6}, {3, 7}, {4, 5}, {1, 2}], [{8, 6}, {4, 7}, {1, 5}, {2, 3}], [{8, 6}, {4, 7}, {2, 5}, {1, 3}], [{8, 6}, {4, 7}, {3, 5}, {1, 2}], [{8, 6}, {4, 7}, {3, 5}, {2}, {1}], [{8, 6}, {4, 7}, {5}, {3}, {1, 2}], [{8, 6}, {5, 7}, {1, 4}, {2, 3}], [{8, 6}, {5, 7}, {1, 4}, {3}, {2}], [{8, 6}, {5, 7}, {2, 4}, {1, 3}], [{8, 6}, {5, 7}, {2, 4}, {3}, {1}], [{8, 6}, {5, 7}, {3, 4}, {1, 2}], [{8, 6}, {5, 7}, {4}, {3}, {1, 2}], [{8, 6}, {7}, {1, 5}, {2, 4}, {3}], [{8, 6}, {7}, {4, 5}, {1, 3}, {2}], [{8, 6}, {7}, {4, 5}, {2, 3}, {1}], [{8, 6}, {7}, {4, 5}, {3}, {1, 2}], [{8, 7}, {1, 6}, {2, 5}, {3, 4}], [{8, 7}, {1, 6}, {3, 5}, {2, 4}], [{8, 7}, {1, 6}, {4, 5}, {2, 3}], [{8, 7}, {2, 6}, {1, 5}, {3, 4}], [{8, 7}, {2, 6}, {3, 5}, {1, 4}], [{8, 7}, {2, 6}, {4, 5}, {1, 3}], [{8, 7}, {2, 6}, {5}, {3, 4}, {1}], [{8, 7}, {3, 6}, {1, 5}, {2, 4}], [{8, 7}, {3, 6}, {1, 5}, {4}, {2}], [{8, 7}, {3, 6}, {2, 5}, {1, 4}], [{8, 7}, {3, 6}, {4, 5}, {1, 2}], [{8, 7}, {4, 6}, {1, 5}, {2, 3}], [{8, 7}, {4, 6}, {2, 5}, {1, 3}], [{8, 7}, {4, 6}, {3, 5}, {1, 2}], [{8, 7}, {4, 6}, {3, 5}, {2}, {1}], [{8, 7}, {4, 6}, {5}, {3}, {1, 2}], [{8, 7}, {5, 6}, {1, 4}, {2, 3}], [{8, 7}, {5, 6}, {1, 4}, {3}, {2}], [{8, 7}, {5, 6}, {2, 4}, {1, 3}], [{8, 7}, {5, 6}, {3, 4}, {1, 2}], [{8, 7}, {6}, {1, 5}, {2, 4}, {3}], [{8}, {1, 7}, {3, 6}, {5}, {2, 4}], [{8}, {1, 7}, {5, 6}, {2, 4}, {3}], [{8}, {1, 7}, {6}, {3, 5}, {2, 4}], [{8}, {2, 7}, {1, 6}, {3, 5}, {4}], [{8}, {2, 7}, {3, 6}, {1, 5}, {4}], [{8}, {2, 7}, {3, 6}, {4, 5}, {1}], [{8}, {2, 7}, {3, 6}, {5}, {1, 4}], [{8}, {2, 7}, {5, 6}, {3, 4}, {1}], [{8}, {3, 7}, {2, 6}, {4, 5}, {1}], [{8}, {3, 7}, {6}, {1, 5}, {2, 4}], [{8}, {4, 7}, {3, 6}, {1, 5}, {2}], [{8}, {4, 7}, {5, 6}, {1, 3}, {2}], [{8}, {5, 7}, {1, 6}, {2, 4}, {3}], [{8}, {5, 7}, {2, 6}, {1, 4}, {3}], [{8}, {5, 7}, {3, 6}, {2, 4}, {1}], [{8}, {5, 7}, {4, 6}, {2, 3}, {1}], [{8}, {5, 7}, {6}, {2, 4}, {1, 3}], [{8}, {6, 7}, {1, 5}, {2, 4}, {3}], [{8}, {6, 7}, {3, 5}, {1, 4}, {2}], [{8}, {6, 7}, {5}, {3, 4}, {1, 2}], [{8}, {7}, {1, 6}, {2, 5}, {3, 4}], [{8}, {7}, {3, 6}, {1, 5}, {2, 4}], [{8}, {7}, {3, 6}, {1, 5}, {4}, {2}]]",2,- 14 K_1^2 + 7 K_2 + 8,O1O2O3U2O4U5U6U1O7O8U3O6U4U7O5U8,O1O2O3U4O5U6U5U1O7U3O8O4U2O6U7U8,O1O2O3U4U5O6U2O7O4U1O5U3U8U6O8U7,c,{'O1O2O3U4O5U6U7O8U1O4O6U3U8U5O7U2'},1,"<a href=""/flatknot/8.1101713"">8.1101713</a>",t^9-24t^7-52t^6+5t^5+92t^4+72t^3+22t^2+12t+4,-t^2+2t,,
8.1101714,O1O2O3U4O5U6U7O8U1O4O6U8U2U5O7U3,4,3z^3+31z^2+91z+83,3w^4z^3-4w^4z^2+35w^3z^2-16w^3z+107w^2z+83w,False,False,"[[ 0 -1  0  2 -1  2  0 -1 -1],[ 1  0  0  1  1  1  2  0 -1],[ 0  0  0  1  0  0  2  1 -2],[-2 -1 -1  0 -2  0 -1 -1 -2],[ 1 -1  0  2  0  2  0  0  0],[-2 -1  0  0 -2  0 -1 -1 -1],[ 0 -2 -2  1  0  1  0 -1 -1],[ 1  0 -1  1  0  1  1  0 -1],[ 1  1  2  2  0  1  1  1  0]]","[[ 0  2  2  0  0 -1 -1 -1 -1],[-2  0  0  0 -1 -1 -1 -1 -2],[-2  0  0 -1 -1 -1 -1 -2 -2],[ 0  0  1  0  2  1  0 -2  0],[ 0  1  1 -2  0 -1 -2 -1  0],[ 1  1  1 -1  1  0  0 -1  0],[ 1  1  1  0  2  0  0 -1  1],[ 1  1  2  2  1  1  1  0  0],[ 1  2  2  0  0  0 -1  0  0]]",True,"[-2,-2,0,0,1,1,1,1,0,0,1,1,1,1,2,1,1,1,1,2,2,-2,-1,0,2,0,1,2,1,0,0,1,0,1,-1,0]","[-2,-2,0,0,1,1,1,1,0,0,1,1,1,1,2,1,1,1,1,2,2,-2,-1,0,2,0,1,2,1,0,0,1,0,1,-1,0]",t^8+38t^6+278t^4+207t^2+16,"[-1,-1,-1,-1,0,0,2,2,-1,-1,0,-1,0,1,2,0,-1,1,-1,2,2,0,2,0,2,2,1,1,1,1,-2,1,2,1,1,0]","[-2,-2,0,0,1,1,1,1,0,1,1,1,1,2,2,1,2,1,2,2,2,-2,1,0,-1,0,1,-1,1,2,0,-1,0,1,1,0]","[-1,-1,-1,-1,0,0,2,2,-1,0,0,-1,1,1,1,0,1,2,1,1,2,-1,0,0,2,2,0,2,1,1,2,0,1,1,1,0]",c,"[[{8, 1}, {2, 7}, {3, 6}, {4, 5}], [{8, 1}, {2, 7}, {4, 6}, {3, 5}], [{8, 1}, {2, 7}, {4, 6}, {5}, {3}], [{8, 1}, {2, 7}, {5, 6}, {3, 4}], [{8, 1}, {3, 7}, {2, 6}, {4, 5}], [{8, 1}, {3, 7}, {4, 6}, {2, 5}], [{8, 1}, {3, 7}, {4, 6}, {5}, {2}], [{8, 1}, {3, 7}, {5, 6}, {2, 4}], [{8, 1}, {4, 7}, {2, 6}, {3, 5}], [{8, 1}, {4, 7}, {2, 6}, {5}, {3}], [{8, 1}, {4, 7}, {3, 6}, {2, 5}], [{8, 1}, {4, 7}, {3, 6}, {5}, {2}], [{8, 1}, {4, 7}, {5, 6}, {2, 3}], [{8, 1}, {4, 7}, {5, 6}, {3}, {2}], [{8, 1}, {4, 7}, {6}, {2, 5}, {3}], [{8, 1}, {4, 7}, {6}, {3, 5}, {2}], [{8, 1}, {4, 7}, {6}, {5}, {2, 3}], [{8, 1}, {4, 7}, {6}, {5}, {3}, {2}], [{8, 1}, {5, 7}, {2, 6}, {3, 4}], [{8, 1}, {5, 7}, {3, 6}, {2, 4}], [{8, 1}, {5, 7}, {4, 6}, {2, 3}], [{8, 1}, {5, 7}, {4, 6}, {3}, {2}], [{8, 1}, {6, 7}, {2, 5}, {3, 4}], [{8, 1}, {6, 7}, {2, 5}, {4}, {3}], [{8, 1}, {6, 7}, {3, 5}, {2, 4}], [{8, 1}, {6, 7}, {3, 5}, {4}, {2}], [{8, 1}, {6, 7}, {4, 5}, {2, 3}], [{8, 1}, {6, 7}, {4, 5}, {3}, {2}], [{8, 1}, {6, 7}, {5}, {2, 4}, {3}], [{8, 1}, {6, 7}, {5}, {3, 4}, {2}], [{8, 1}, {6, 7}, {5}, {4}, {2, 3}], [{8, 1}, {6, 7}, {5}, {4}, {3}, {2}], [{8, 1}, {7}, {4, 6}, {2, 5}, {3}], [{8, 1}, {7}, {4, 6}, {3, 5}, {2}], [{8, 1}, {7}, {4, 6}, {5}, {2, 3}], [{8, 1}, {7}, {4, 6}, {5}, {3}, {2}], [{8, 2}, {1, 7}, {3, 6}, {4, 5}], [{8, 2}, {1, 7}, {4, 6}, {3, 5}], [{8, 2}, {1, 7}, {5, 6}, {3, 4}], [{8, 2}, {3, 7}, {1, 6}, {4, 5}], [{8, 2}, {3, 7}, {4, 6}, {1, 5}], [{8, 2}, {3, 7}, {5, 6}, {1, 4}], [{8, 2}, {3, 7}, {6}, {1, 5}, {4}], [{8, 2}, {4, 7}, {1, 6}, {3, 5}], [{8, 2}, {4, 7}, {3, 6}, {1, 5}], [{8, 2}, {4, 7}, {3, 6}, {5}, {1}], [{8, 2}, {4, 7}, {5, 6}, {1, 3}], [{8, 2}, {5, 7}, {1, 6}, {3, 4}], [{8, 2}, {5, 7}, {3, 6}, {1, 4}], [{8, 2}, {5, 7}, {4, 6}, {1, 3}], [{8, 2}, {6, 7}, {1, 5}, {3, 4}], [{8, 2}, {6, 7}, {3, 5}, {1, 4}], [{8, 2}, {6, 7}, {4, 5}, {1, 3}], [{8, 2}, {6, 7}, {5}, {3, 4}, {1}], [{8, 3}, {1, 7}, {2, 6}, {4, 5}], [{8, 3}, {1, 7}, {4, 6}, {2, 5}], [{8, 3}, {1, 7}, {5, 6}, {2, 4}], [{8, 3}, {1, 7}, {6}, {4, 5}, {2}], [{8, 3}, {2, 7}, {1, 6}, {4, 5}], [{8, 3}, {2, 7}, {4, 6}, {1, 5}], [{8, 3}, {2, 7}, {5, 6}, {1, 4}], [{8, 3}, {4, 7}, {1, 6}, {2, 5}], [{8, 3}, {4, 7}, {1, 6}, {5}, {2}], [{8, 3}, {4, 7}, {2, 6}, {1, 5}], [{8, 3}, {4, 7}, {5, 6}, {1, 2}], [{8, 3}, {4, 7}, {6}, {2, 5}, {1}], [{8, 3}, {5, 7}, {1, 6}, {2, 4}], [{8, 3}, {5, 7}, {2, 6}, {1, 4}], [{8, 3}, {5, 7}, {4, 6}, {1, 2}], [{8, 3}, {6, 7}, {1, 5}, {2, 4}], [{8, 3}, {6, 7}, {2, 5}, {1, 4}], [{8, 3}, {6, 7}, {4, 5}, {1, 2}], [{8, 3}, {6, 7}, {5}, {1, 4}, {2}], [{8, 4}, {1, 7}, {2, 6}, {3, 5}], [{8, 4}, {1, 7}, {3, 6}, {2, 5}], [{8, 4}, {1, 7}, {5, 6}, {2, 3}], [{8, 4}, {2, 7}, {1, 6}, {3, 5}], [{8, 4}, {2, 7}, {3, 6}, {1, 5}], [{8, 4}, {2, 7}, {5, 6}, {1, 3}], [{8, 4}, {3, 7}, {1, 6}, {2, 5}], [{8, 4}, {3, 7}, {2, 6}, {1, 5}], [{8, 4}, {3, 7}, {5, 6}, {1, 2}], [{8, 4}, {3, 7}, {6}, {1, 5}, {2}], [{8, 4}, {5, 7}, {1, 6}, {2, 3}], [{8, 4}, {5, 7}, {2, 6}, {1, 3}], [{8, 4}, {5, 7}, {3, 6}, {1, 2}], [{8, 4}, {5, 7}, {6}, {1, 3}, {2}], [{8, 4}, {6, 7}, {1, 5}, {2, 3}], [{8, 4}, {6, 7}, {2, 5}, {1, 3}], [{8, 4}, {6, 7}, {3, 5}, {1, 2}], [{8, 4}, {6, 7}, {5}, {1, 3}, {2}], [{8, 4}, {7}, {5, 6}, {1, 3}, {2}], [{8, 5}, {1, 7}, {2, 6}, {3, 4}], [{8, 5}, {1, 7}, {3, 6}, {2, 4}], [{8, 5}, {1, 7}, {4, 6}, {2, 3}], [{8, 5}, {1, 7}, {6}, {3, 4}, {2}], [{8, 5}, {2, 7}, {1, 6}, {3, 4}], [{8, 5}, {2, 7}, {3, 6}, {1, 4}], [{8, 5}, {2, 7}, {4, 6}, {1, 3}], [{8, 5}, {2, 7}, {6}, {3, 4}, {1}], [{8, 5}, {3, 7}, {1, 6}, {2, 4}], [{8, 5}, {3, 7}, {2, 6}, {1, 4}], [{8, 5}, {3, 7}, {4, 6}, {1, 2}], [{8, 5}, {3, 7}, {4, 6}, {2}, {1}], [{8, 5}, {4, 7}, {1, 6}, {2, 3}], [{8, 5}, {4, 7}, {2, 6}, {1, 3}], [{8, 5}, {4, 7}, {3, 6}, {1, 2}], [{8, 5}, {4, 7}, {3, 6}, {2}, {1}], [{8, 5}, {6, 7}, {1, 4}, {2, 3}], [{8, 5}, {6, 7}, {2, 4}, {1, 3}], [{8, 5}, {6, 7}, {3, 4}, {1, 2}], [{8, 5}, {6, 7}, {3, 4}, {2}, {1}], [{8, 5}, {7}, {1, 6}, {3, 4}, {2}], [{8, 5}, {7}, {2, 6}, {1, 4}, {3}], [{8, 5}, {7}, {2, 6}, {3, 4}, {1}], [{8, 5}, {7}, {2, 6}, {4}, {1, 3}], [{8, 5}, {7}, {6}, {3, 4}, {1, 2}], [{8, 5}, {7}, {6}, {3, 4}, {2}, {1}], [{8, 6}, {1, 7}, {2, 5}, {3, 4}], [{8, 6}, {1, 7}, {3, 5}, {2, 4}], [{8, 6}, {1, 7}, {4, 5}, {2, 3}], [{8, 6}, {1, 7}, {5}, {4}, {2, 3}], [{8, 6}, {2, 7}, {1, 5}, {3, 4}], [{8, 6}, {2, 7}, {1, 5}, {4}, {3}], [{8, 6}, {2, 7}, {3, 5}, {1, 4}], [{8, 6}, {2, 7}, {4, 5}, {1, 3}], [{8, 6}, {2, 7}, {4, 5}, {3}, {1}], [{8, 6}, {2, 7}, {5}, {1, 4}, {3}], [{8, 6}, {3, 7}, {1, 5}, {2, 4}], [{8, 6}, {3, 7}, {1, 5}, {4}, {2}], [{8, 6}, {3, 7}, {2, 5}, {1, 4}], [{8, 6}, {3, 7}, {4, 5}, {1, 2}], [{8, 6}, {4, 7}, {1, 5}, {2, 3}], [{8, 6}, {4, 7}, {2, 5}, {1, 3}], [{8, 6}, {4, 7}, {2, 5}, {3}, {1}], [{8, 6}, {4, 7}, {3, 5}, {1, 2}], [{8, 6}, {4, 7}, {5}, {1, 3}, {2}], [{8, 6}, {5, 7}, {1, 4}, {2, 3}], [{8, 6}, {5, 7}, {2, 4}, {1, 3}], [{8, 6}, {5, 7}, {2, 4}, {3}, {1}], [{8, 6}, {5, 7}, {3, 4}, {1, 2}], [{8, 6}, {5, 7}, {3, 4}, {2}, {1}], [{8, 6}, {5, 7}, {4}, {2, 3}, {1}], [{8, 6}, {7}, {1, 5}, {4}, {2, 3}], [{8, 6}, {7}, {3, 5}, {4}, {1, 2}], [{8, 7}, {1, 6}, {2, 5}, {3, 4}], [{8, 7}, {1, 6}, {3, 5}, {2, 4}], [{8, 7}, {1, 6}, {4, 5}, {2, 3}], [{8, 7}, {1, 6}, {5}, {4}, {2, 3}], [{8, 7}, {2, 6}, {1, 5}, {3, 4}], [{8, 7}, {2, 6}, {3, 5}, {1, 4}], [{8, 7}, {2, 6}, {4, 5}, {1, 3}], [{8, 7}, {3, 6}, {1, 5}, {2, 4}], [{8, 7}, {3, 6}, {2, 5}, {1, 4}], [{8, 7}, {3, 6}, {4, 5}, {1, 2}], [{8, 7}, {4, 6}, {1, 5}, {2, 3}], [{8, 7}, {4, 6}, {2, 5}, {1, 3}], [{8, 7}, {4, 6}, {3, 5}, {1, 2}], [{8, 7}, {5, 6}, {1, 4}, {2, 3}], [{8, 7}, {5, 6}, {2, 4}, {1, 3}], [{8, 7}, {5, 6}, {3, 4}, {1, 2}], [{8, 7}, {5, 6}, {3, 4}, {2}, {1}], [{8, 7}, {6}, {3, 5}, {1, 4}, {2}], [{8}, {1, 7}, {2, 6}, {4, 5}, {3}], [{8}, {1, 7}, {6}, {3, 5}, {2, 4}], [{8}, {3, 7}, {2, 6}, {1, 5}, {4}], [{8}, {3, 7}, {4, 6}, {1, 5}, {2}], [{8}, {3, 7}, {6}, {1, 5}, {2, 4}], [{8}, {3, 7}, {6}, {1, 5}, {4}, {2}], [{8}, {4, 7}, {1, 6}, {2, 5}, {3}], [{8}, {4, 7}, {3, 6}, {1, 5}, {2}], [{8}, {4, 7}, {3, 6}, {2, 5}, {1}], [{8}, {4, 7}, {3, 6}, {5}, {1, 2}], [{8}, {4, 7}, {3, 6}, {5}, {2}, {1}], [{8}, {4, 7}, {6}, {2, 5}, {1, 3}], [{8}, {6, 7}, {1, 5}, {3, 4}, {2}], [{8}, {6, 7}, {2, 5}, {3, 4}, {1}], [{8}, {6, 7}, {5}, {3, 4}, {1, 2}], [{8}, {6, 7}, {5}, {3, 4}, {2}, {1}]]",2,4 K_1^3 - 8 K_1^2 - 8 K_1 K_2 + K_1 + 4 K_2 + 3 K_3 + 5,O1O2O3U1O4U5U2U6O7O8U3O6U4U7O5U8,O1O2O3U4O5U6U2U5O7U3O8O4U1O6U7U8,O1O2O3U4U5O6U3O7O4U1O5U8U2U6O8U7,c,{'O1O2O3U4O5U6U7O8U1O4O6U8U2U5O7U3'},1,"<a href=""/flatknot/8.1101714"">8.1101714</a>",t^9-34t^7-80t^6+38t^5+200t^4+107t^3+88t^2+100t-18,-2t^2+4t,,
8.1101715,O1O2O3U4O5U6U7O8U1O4O6U8U3U5O7U2,4,17z^2+102z+137,17w^3z^2+102w^2z+137w,False,False,"[[ 0 -1  1  1 -1  2  0 -1 -1],[ 1  0  1  0  1  1  2  0 -1],[-1 -1  0  0 -1  1  0 -1 -2],[-1  0  0  0 -1  0  1  0 -2],[ 1 -1  1  1  0  2  0  0  0],[-2 -1 -1  0 -2  0 -1 -1 -1],[ 0 -2  0 -1  0  1  0 -1 -1],[ 1  0  1  0  0  1  1  0 -1],[ 1  1  2  2  0  1  1  1  0]]","[[ 0  2  1  1  0 -1 -1 -1 -1],[-2  0  0 -1 -1 -1 -1 -1 -2],[-1  0  0  0  1  0  0 -2 -1],[-1  1  0  0  0 -1 -1 -2 -1],[ 0  1 -1  0  0 -1 -2 -1  0],[ 1  1  0  1  1  0  0 -1  0],[ 1  1  0  1  2  0  0 -1  1],[ 1  1  2  2  1  1  1  0  0],[ 1  2  1  1  0  0 -1  0  0]]",True,"[-2,-1,-1,0,1,1,1,1,0,1,1,1,1,1,2,0,-1,0,0,2,1,0,1,1,2,1,1,2,1,0,0,1,0,1,-1,0]","[-2,-1,-1,0,1,1,1,1,0,1,1,1,1,1,2,0,-1,0,0,2,1,0,1,1,2,1,1,2,1,0,0,1,0,1,-1,0]",t^8+31t^6+175t^4+56t^2+4,"[-1,-1,-1,-1,0,1,1,2,-1,-1,0,0,0,0,2,0,-1,-1,1,2,2,0,0,1,2,2,1,1,1,1,1,2,1,0,0,1]","[-2,-1,-1,0,1,1,1,1,0,1,1,1,2,2,2,0,1,1,0,1,1,2,1,0,2,2,1,0,-1,0,0,-1,0,1,1,0]","[-1,-1,-1,-1,0,1,1,2,-1,0,0,0,1,1,2,-1,0,2,0,1,1,1,1,2,2,1,1,0,1,1,-1,0,1,0,0,1]",c,"[[{8, 1}, {2, 7}, {3, 6}, {4, 5}], [{8, 1}, {2, 7}, {4, 6}, {3, 5}], [{8, 1}, {2, 7}, {4, 6}, {5}, {3}], [{8, 1}, {2, 7}, {5, 6}, {3, 4}], [{8, 1}, {3, 7}, {2, 6}, {4, 5}], [{8, 1}, {3, 7}, {4, 6}, {2, 5}], [{8, 1}, {3, 7}, {5, 6}, {2, 4}], [{8, 1}, {4, 7}, {2, 6}, {3, 5}], [{8, 1}, {4, 7}, {3, 6}, {2, 5}], [{8, 1}, {4, 7}, {5, 6}, {2, 3}], [{8, 1}, {4, 7}, {6}, {5}, {2, 3}], [{8, 1}, {5, 7}, {2, 6}, {3, 4}], [{8, 1}, {5, 7}, {3, 6}, {2, 4}], [{8, 1}, {5, 7}, {4, 6}, {2, 3}], [{8, 1}, {6, 7}, {2, 5}, {3, 4}], [{8, 1}, {6, 7}, {3, 5}, {2, 4}], [{8, 1}, {6, 7}, {4, 5}, {2, 3}], [{8, 1}, {6, 7}, {5}, {2, 4}, {3}], [{8, 1}, {7}, {3, 6}, {4, 5}, {2}], [{8, 1}, {7}, {5, 6}, {3, 4}, {2}], [{8, 2}, {1, 7}, {3, 6}, {4, 5}], [{8, 2}, {1, 7}, {4, 6}, {3, 5}], [{8, 2}, {1, 7}, {4, 6}, {5}, {3}], [{8, 2}, {1, 7}, {5, 6}, {3, 4}], [{8, 2}, {3, 7}, {1, 6}, {4, 5}], [{8, 2}, {3, 7}, {4, 6}, {1, 5}], [{8, 2}, {3, 7}, {5, 6}, {1, 4}], [{8, 2}, {3, 7}, {6}, {1, 5}, {4}], [{8, 2}, {3, 7}, {6}, {4, 5}, {1}], [{8, 2}, {3, 7}, {6}, {5}, {1, 4}], [{8, 2}, {4, 7}, {1, 6}, {3, 5}], [{8, 2}, {4, 7}, {3, 6}, {1, 5}], [{8, 2}, {4, 7}, {5, 6}, {1, 3}], [{8, 2}, {5, 7}, {1, 6}, {3, 4}], [{8, 2}, {5, 7}, {3, 6}, {1, 4}], [{8, 2}, {5, 7}, {4, 6}, {1, 3}], [{8, 2}, {6, 7}, {1, 5}, {3, 4}], [{8, 2}, {6, 7}, {3, 5}, {1, 4}], [{8, 2}, {6, 7}, {4, 5}, {1, 3}], [{8, 3}, {1, 7}, {2, 6}, {4, 5}], [{8, 3}, {1, 7}, {4, 6}, {2, 5}], [{8, 3}, {1, 7}, {4, 6}, {5}, {2}], [{8, 3}, {1, 7}, {5, 6}, {2, 4}], [{8, 3}, {2, 7}, {1, 6}, {4, 5}], [{8, 3}, {2, 7}, {4, 6}, {1, 5}], [{8, 3}, {2, 7}, {5, 6}, {1, 4}], [{8, 3}, {4, 7}, {1, 6}, {2, 5}], [{8, 3}, {4, 7}, {2, 6}, {1, 5}], [{8, 3}, {4, 7}, {5, 6}, {1, 2}], [{8, 3}, {4, 7}, {6}, {5}, {1, 2}], [{8, 3}, {5, 7}, {1, 6}, {2, 4}], [{8, 3}, {5, 7}, {2, 6}, {1, 4}], [{8, 3}, {5, 7}, {4, 6}, {1, 2}], [{8, 3}, {5, 7}, {6}, {4}, {1, 2}], [{8, 3}, {6, 7}, {1, 5}, {2, 4}], [{8, 3}, {6, 7}, {2, 5}, {1, 4}], [{8, 3}, {6, 7}, {4, 5}, {1, 2}], [{8, 3}, {7}, {6}, {4, 5}, {1, 2}], [{8, 4}, {1, 7}, {2, 6}, {3, 5}], [{8, 4}, {1, 7}, {3, 6}, {2, 5}], [{8, 4}, {1, 7}, {5, 6}, {2, 3}], [{8, 4}, {1, 7}, {5, 6}, {3}, {2}], [{8, 4}, {1, 7}, {6}, {5}, {2, 3}], [{8, 4}, {2, 7}, {1, 6}, {3, 5}], [{8, 4}, {2, 7}, {3, 6}, {1, 5}], [{8, 4}, {2, 7}, {5, 6}, {1, 3}], [{8, 4}, {3, 7}, {1, 6}, {2, 5}], [{8, 4}, {3, 7}, {2, 6}, {1, 5}], [{8, 4}, {3, 7}, {5, 6}, {1, 2}], [{8, 4}, {5, 7}, {1, 6}, {2, 3}], [{8, 4}, {5, 7}, {2, 6}, {1, 3}], [{8, 4}, {5, 7}, {3, 6}, {1, 2}], [{8, 4}, {6, 7}, {1, 5}, {2, 3}], [{8, 4}, {6, 7}, {1, 5}, {3}, {2}], [{8, 4}, {6, 7}, {2, 5}, {1, 3}], [{8, 4}, {6, 7}, {3, 5}, {1, 2}], [{8, 4}, {6, 7}, {3, 5}, {2}, {1}], [{8, 4}, {6, 7}, {5}, {1, 3}, {2}], [{8, 5}, {1, 7}, {2, 6}, {3, 4}], [{8, 5}, {1, 7}, {3, 6}, {2, 4}], [{8, 5}, {1, 7}, {4, 6}, {2, 3}], [{8, 5}, {1, 7}, {4, 6}, {3}, {2}], [{8, 5}, {1, 7}, {6}, {4}, {2, 3}], [{8, 5}, {2, 7}, {1, 6}, {3, 4}], [{8, 5}, {2, 7}, {1, 6}, {4}, {3}], [{8, 5}, {2, 7}, {3, 6}, {1, 4}], [{8, 5}, {2, 7}, {4, 6}, {1, 3}], [{8, 5}, {3, 7}, {1, 6}, {2, 4}], [{8, 5}, {3, 7}, {2, 6}, {1, 4}], [{8, 5}, {3, 7}, {4, 6}, {1, 2}], [{8, 5}, {4, 7}, {1, 6}, {2, 3}], [{8, 5}, {4, 7}, {2, 6}, {1, 3}], [{8, 5}, {4, 7}, {3, 6}, {1, 2}], [{8, 5}, {6, 7}, {1, 4}, {2, 3}], [{8, 5}, {6, 7}, {1, 4}, {3}, {2}], [{8, 5}, {6, 7}, {2, 4}, {1, 3}], [{8, 5}, {6, 7}, {3, 4}, {1, 2}], [{8, 6}, {1, 7}, {2, 5}, {3, 4}], [{8, 6}, {1, 7}, {3, 5}, {2, 4}], [{8, 6}, {1, 7}, {4, 5}, {2, 3}], [{8, 6}, {1, 7}, {4, 5}, {3}, {2}], [{8, 6}, {1, 7}, {5}, {4}, {2, 3}], [{8, 6}, {2, 7}, {1, 5}, {3, 4}], [{8, 6}, {2, 7}, {1, 5}, {4}, {3}], [{8, 6}, {2, 7}, {3, 5}, {1, 4}], [{8, 6}, {2, 7}, {4, 5}, {1, 3}], [{8, 6}, {3, 7}, {1, 5}, {2, 4}], [{8, 6}, {3, 7}, {1, 5}, {4}, {2}], [{8, 6}, {3, 7}, {2, 5}, {1, 4}], [{8, 6}, {3, 7}, {4, 5}, {1, 2}], [{8, 6}, {3, 7}, {4, 5}, {2}, {1}], [{8, 6}, {3, 7}, {5}, {1, 4}, {2}], [{8, 6}, {4, 7}, {1, 5}, {2, 3}], [{8, 6}, {4, 7}, {2, 5}, {1, 3}], [{8, 6}, {4, 7}, {3, 5}, {1, 2}], [{8, 6}, {4, 7}, {3, 5}, {2}, {1}], [{8, 6}, {5, 7}, {1, 4}, {2, 3}], [{8, 6}, {5, 7}, {2, 4}, {1, 3}], [{8, 6}, {5, 7}, {2, 4}, {3}, {1}], [{8, 6}, {5, 7}, {3, 4}, {1, 2}], [{8, 6}, {5, 7}, {3, 4}, {2}, {1}], [{8, 6}, {5, 7}, {4}, {2, 3}, {1}], [{8, 6}, {7}, {1, 5}, {4}, {2, 3}], [{8, 6}, {7}, {2, 5}, {4}, {1, 3}], [{8, 6}, {7}, {4, 5}, {1, 3}, {2}], [{8, 6}, {7}, {5}, {2, 4}, {1, 3}], [{8, 6}, {7}, {5}, {3, 4}, {1, 2}], [{8, 7}, {1, 6}, {2, 5}, {3, 4}], [{8, 7}, {1, 6}, {3, 5}, {2, 4}], [{8, 7}, {1, 6}, {4, 5}, {2, 3}], [{8, 7}, {1, 6}, {4, 5}, {3}, {2}], [{8, 7}, {2, 6}, {1, 5}, {3, 4}], [{8, 7}, {2, 6}, {3, 5}, {1, 4}], [{8, 7}, {2, 6}, {4, 5}, {1, 3}], [{8, 7}, {3, 6}, {1, 5}, {2, 4}], [{8, 7}, {3, 6}, {2, 5}, {1, 4}], [{8, 7}, {3, 6}, {4, 5}, {1, 2}], [{8, 7}, {4, 6}, {1, 5}, {2, 3}], [{8, 7}, {4, 6}, {2, 5}, {1, 3}], [{8, 7}, {4, 6}, {3, 5}, {1, 2}], [{8, 7}, {4, 6}, {5}, {3}, {1, 2}], [{8, 7}, {5, 6}, {1, 4}, {2, 3}], [{8, 7}, {5, 6}, {2, 4}, {1, 3}], [{8, 7}, {5, 6}, {3, 4}, {1, 2}], [{8, 7}, {6}, {1, 5}, {2, 4}, {3}], [{8, 7}, {6}, {1, 5}, {3, 4}, {2}], [{8, 7}, {6}, {1, 5}, {4}, {2, 3}], [{8, 7}, {6}, {2, 5}, {1, 4}, {3}], [{8}, {1, 7}, {4, 6}, {2, 5}, {3}], [{8}, {1, 7}, {4, 6}, {3, 5}, {2}], [{8}, {1, 7}, {4, 6}, {5}, {2, 3}], [{8}, {1, 7}, {4, 6}, {5}, {3}, {2}], [{8}, {1, 7}, {5, 6}, {4}, {2, 3}], [{8}, {1, 7}, {6}, {4, 5}, {2, 3}], [{8}, {2, 7}, {3, 6}, {4, 5}, {1}], [{8}, {2, 7}, {5, 6}, {3, 4}, {1}], [{8}, {3, 7}, {2, 6}, {1, 5}, {4}], [{8}, {3, 7}, {2, 6}, {4, 5}, {1}], [{8}, {3, 7}, {2, 6}, {5}, {1, 4}], [{8}, {5, 7}, {2, 6}, {1, 4}, {3}], [{8}, {6, 7}, {1, 5}, {4}, {2, 3}], [{8}, {7}, {2, 6}, {3, 5}, {1, 4}]]",2,12 K_1^3 - 26 K_1^2 - 12 K_1 K_2 - 3 K_1 + 13 K_2 + 3 K_3 + 14,O1O2O3U2O4U5U1U6O7O8U3O6U4U7O5U8,O1O2O3U4O5U6U5U2O7U3O8O4U1O6U7U8,O1O2O3U4U5O6U3O7O4U1O5U2U8U6O8U7,c,{'O1O2O3U4O5U6U7O8U1O4O6U8U3U5O7U2'},1,"<a href=""/flatknot/8.1101715"">8.1101715</a>",t^9-29t^7-50t^6+60t^5+58t^4-54t^3+60t^2-36t,-t^2+2t,,
8.1101716,O1O2O3U4O5U6U7O8U1O4O6U8U5U2O7U3,4,21z^2+106z+129,21w^3z^2+106w^2z+129w,False,False,"[[ 0 -1  1  2 -1  1  0 -1 -1],[ 1  0  1  1  1  0  2  0 -1],[-1 -1  0  0  0 -1  1  0 -2],[-2 -1  0  0 -2  0 -1 -1 -2],[ 1 -1  0  2  0  1  0  0  0],[-1  0  1  0 -1  0  0  0 -1],[ 0 -2 -1  1  0  0  0 -1 -1],[ 1  0  0  1  0  0  1  0 -1],[ 1  1  2  2  0  1  1  1  0]]","[[ 0  2  1  1  0 -1 -1 -1 -1],[-2  0  0  0 -1 -1 -1 -2 -2],[-1  0  0  1  0  0  0 -1 -1],[-1  0 -1  0  1  0 -1  0 -2],[ 0  1  0 -1  0 -1 -2  0 -1],[ 1  1  0  0  1  0  0  0 -1],[ 1  1  0  1  2  0  0  1 -1],[ 1  2  1  0  0  0 -1  0  0],[ 1  2  1  2  1  1  1  0  0]]",True,"[-2,-1,-1,0,1,1,1,1,0,0,1,1,1,2,2,-1,0,0,0,1,1,-1,0,1,0,2,1,2,0,1,0,0,1,-1,1,0]","[-2,-1,-1,0,1,1,1,1,0,0,1,1,1,2,2,-1,0,0,0,1,1,-1,0,1,0,2,1,2,0,1,0,0,1,-1,1,0]",t^8+29t^6+177t^4+80t^2+1,"[-1,-1,-1,-1,0,1,1,2,-1,-1,0,0,0,1,1,0,-1,-1,1,2,2,0,0,2,2,2,1,2,1,1,2,1,1,1,1,1]","[-2,-1,-1,0,1,1,1,1,1,1,1,1,1,2,2,-1,2,0,2,1,2,1,1,1,2,2,0,1,-1,0,0,1,1,-1,0,0]","[-1,-1,-1,-1,0,1,1,2,-1,0,0,0,0,1,2,-1,0,2,1,0,1,1,1,2,1,2,1,0,0,1,-1,0,1,-1,0,0]",c,"[[{8, 1}, {2, 7}, {3, 6}, {4, 5}], [{8, 1}, {2, 7}, {4, 6}, {3, 5}], [{8, 1}, {2, 7}, {5, 6}, {3, 4}], [{8, 1}, {3, 7}, {2, 6}, {4, 5}], [{8, 1}, {3, 7}, {4, 6}, {2, 5}], [{8, 1}, {3, 7}, {5, 6}, {2, 4}], [{8, 1}, {4, 7}, {2, 6}, {3, 5}], [{8, 1}, {4, 7}, {3, 6}, {2, 5}], [{8, 1}, {4, 7}, {5, 6}, {2, 3}], [{8, 1}, {4, 7}, {6}, {2, 5}, {3}], [{8, 1}, {5, 7}, {2, 6}, {3, 4}], [{8, 1}, {5, 7}, {3, 6}, {2, 4}], [{8, 1}, {5, 7}, {3, 6}, {4}, {2}], [{8, 1}, {5, 7}, {4, 6}, {2, 3}], [{8, 1}, {6, 7}, {2, 5}, {3, 4}], [{8, 1}, {6, 7}, {3, 5}, {2, 4}], [{8, 1}, {6, 7}, {4, 5}, {2, 3}], [{8, 1}, {7}, {5, 6}, {3, 4}, {2}], [{8, 2}, {1, 7}, {3, 6}, {4, 5}], [{8, 2}, {1, 7}, {4, 6}, {3, 5}], [{8, 2}, {1, 7}, {5, 6}, {3, 4}], [{8, 2}, {3, 7}, {1, 6}, {4, 5}], [{8, 2}, {3, 7}, {4, 6}, {1, 5}], [{8, 2}, {3, 7}, {5, 6}, {1, 4}], [{8, 2}, {4, 7}, {1, 6}, {3, 5}], [{8, 2}, {4, 7}, {3, 6}, {1, 5}], [{8, 2}, {4, 7}, {5, 6}, {1, 3}], [{8, 2}, {5, 7}, {1, 6}, {3, 4}], [{8, 2}, {5, 7}, {3, 6}, {1, 4}], [{8, 2}, {5, 7}, {4, 6}, {1, 3}], [{8, 2}, {6, 7}, {1, 5}, {3, 4}], [{8, 2}, {6, 7}, {3, 5}, {1, 4}], [{8, 2}, {6, 7}, {4, 5}, {1, 3}], [{8, 2}, {7}, {5, 6}, {3, 4}, {1}], [{8, 2}, {7}, {6}, {3, 5}, {1, 4}], [{8, 3}, {1, 7}, {2, 6}, {4, 5}], [{8, 3}, {1, 7}, {2, 6}, {5}, {4}], [{8, 3}, {1, 7}, {4, 6}, {2, 5}], [{8, 3}, {1, 7}, {5, 6}, {2, 4}], [{8, 3}, {2, 7}, {1, 6}, {4, 5}], [{8, 3}, {2, 7}, {4, 6}, {1, 5}], [{8, 3}, {2, 7}, {5, 6}, {1, 4}], [{8, 3}, {2, 7}, {6}, {5}, {1, 4}], [{8, 3}, {4, 7}, {1, 6}, {2, 5}], [{8, 3}, {4, 7}, {1, 6}, {5}, {2}], [{8, 3}, {4, 7}, {2, 6}, {1, 5}], [{8, 3}, {4, 7}, {5, 6}, {1, 2}], [{8, 3}, {5, 7}, {1, 6}, {2, 4}], [{8, 3}, {5, 7}, {2, 6}, {1, 4}], [{8, 3}, {5, 7}, {4, 6}, {1, 2}], [{8, 3}, {6, 7}, {1, 5}, {2, 4}], [{8, 3}, {6, 7}, {2, 5}, {1, 4}], [{8, 3}, {6, 7}, {4, 5}, {1, 2}], [{8, 4}, {1, 7}, {2, 6}, {3, 5}], [{8, 4}, {1, 7}, {3, 6}, {2, 5}], [{8, 4}, {1, 7}, {5, 6}, {2, 3}], [{8, 4}, {2, 7}, {1, 6}, {3, 5}], [{8, 4}, {2, 7}, {3, 6}, {1, 5}], [{8, 4}, {2, 7}, {5, 6}, {1, 3}], [{8, 4}, {3, 7}, {1, 6}, {2, 5}], [{8, 4}, {3, 7}, {2, 6}, {1, 5}], [{8, 4}, {3, 7}, {5, 6}, {1, 2}], [{8, 4}, {5, 7}, {1, 6}, {2, 3}], [{8, 4}, {5, 7}, {2, 6}, {1, 3}], [{8, 4}, {5, 7}, {3, 6}, {1, 2}], [{8, 4}, {5, 7}, {6}, {1, 3}, {2}], [{8, 4}, {6, 7}, {1, 5}, {2, 3}], [{8, 4}, {6, 7}, {2, 5}, {1, 3}], [{8, 4}, {6, 7}, {3, 5}, {1, 2}], [{8, 4}, {6, 7}, {5}, {1, 3}, {2}], [{8, 4}, {7}, {5, 6}, {1, 3}, {2}], [{8, 5}, {1, 7}, {2, 6}, {3, 4}], [{8, 5}, {1, 7}, {3, 6}, {2, 4}], [{8, 5}, {1, 7}, {4, 6}, {2, 3}], [{8, 5}, {1, 7}, {6}, {2, 4}, {3}], [{8, 5}, {2, 7}, {1, 6}, {3, 4}], [{8, 5}, {2, 7}, {3, 6}, {1, 4}], [{8, 5}, {2, 7}, {4, 6}, {1, 3}], [{8, 5}, {2, 7}, {6}, {1, 4}, {3}], [{8, 5}, {2, 7}, {6}, {3, 4}, {1}], [{8, 5}, {2, 7}, {6}, {4}, {1, 3}], [{8, 5}, {3, 7}, {1, 6}, {2, 4}], [{8, 5}, {3, 7}, {2, 6}, {1, 4}], [{8, 5}, {3, 7}, {4, 6}, {1, 2}], [{8, 5}, {3, 7}, {6}, {2, 4}, {1}], [{8, 5}, {4, 7}, {1, 6}, {2, 3}], [{8, 5}, {4, 7}, {2, 6}, {1, 3}], [{8, 5}, {4, 7}, {3, 6}, {1, 2}], [{8, 5}, {4, 7}, {6}, {1, 3}, {2}], [{8, 5}, {6, 7}, {1, 4}, {2, 3}], [{8, 5}, {6, 7}, {2, 4}, {1, 3}], [{8, 5}, {6, 7}, {3, 4}, {1, 2}], [{8, 5}, {6, 7}, {4}, {1, 3}, {2}], [{8, 5}, {7}, {2, 6}, {4}, {1, 3}], [{8, 5}, {7}, {4, 6}, {1, 3}, {2}], [{8, 5}, {7}, {6}, {2, 4}, {1, 3}], [{8, 5}, {7}, {6}, {4}, {1, 3}, {2}], [{8, 6}, {1, 7}, {2, 5}, {3, 4}], [{8, 6}, {1, 7}, {3, 5}, {2, 4}], [{8, 6}, {1, 7}, {4, 5}, {2, 3}], [{8, 6}, {2, 7}, {1, 5}, {3, 4}], [{8, 6}, {2, 7}, {3, 5}, {1, 4}], [{8, 6}, {2, 7}, {3, 5}, {4}, {1}], [{8, 6}, {2, 7}, {4, 5}, {1, 3}], [{8, 6}, {2, 7}, {4, 5}, {3}, {1}], [{8, 6}, {2, 7}, {5}, {3, 4}, {1}], [{8, 6}, {3, 7}, {1, 5}, {2, 4}], [{8, 6}, {3, 7}, {2, 5}, {1, 4}], [{8, 6}, {3, 7}, {4, 5}, {1, 2}], [{8, 6}, {4, 7}, {1, 5}, {2, 3}], [{8, 6}, {4, 7}, {2, 5}, {1, 3}], [{8, 6}, {4, 7}, {3, 5}, {1, 2}], [{8, 6}, {4, 7}, {5}, {1, 3}, {2}], [{8, 6}, {5, 7}, {1, 4}, {2, 3}], [{8, 6}, {5, 7}, {2, 4}, {1, 3}], [{8, 6}, {5, 7}, {3, 4}, {1, 2}], [{8, 6}, {5, 7}, {4}, {1, 3}, {2}], [{8, 6}, {7}, {1, 5}, {4}, {2, 3}], [{8, 6}, {7}, {2, 5}, {1, 4}, {3}], [{8, 6}, {7}, {4, 5}, {1, 3}, {2}], [{8, 7}, {1, 6}, {2, 5}, {3, 4}], [{8, 7}, {1, 6}, {3, 5}, {2, 4}], [{8, 7}, {1, 6}, {4, 5}, {2, 3}], [{8, 7}, {2, 6}, {1, 5}, {3, 4}], [{8, 7}, {2, 6}, {3, 5}, {1, 4}], [{8, 7}, {2, 6}, {4, 5}, {1, 3}], [{8, 7}, {3, 6}, {1, 5}, {2, 4}], [{8, 7}, {3, 6}, {2, 5}, {1, 4}], [{8, 7}, {3, 6}, {4, 5}, {1, 2}], [{8, 7}, {3, 6}, {5}, {1, 4}, {2}], [{8, 7}, {4, 6}, {1, 5}, {2, 3}], [{8, 7}, {4, 6}, {2, 5}, {1, 3}], [{8, 7}, {4, 6}, {3, 5}, {1, 2}], [{8, 7}, {4, 6}, {5}, {1, 3}, {2}], [{8, 7}, {5, 6}, {1, 4}, {2, 3}], [{8, 7}, {5, 6}, {1, 4}, {3}, {2}], [{8, 7}, {5, 6}, {2, 4}, {1, 3}], [{8, 7}, {5, 6}, {3, 4}, {1, 2}], [{8, 7}, {5, 6}, {3, 4}, {2}, {1}], [{8, 7}, {5, 6}, {4}, {1, 3}, {2}], [{8, 7}, {6}, {3, 5}, {1, 4}, {2}], [{8, 7}, {6}, {4, 5}, {1, 3}, {2}], [{8}, {1, 7}, {3, 6}, {4, 5}, {2}], [{8}, {1, 7}, {5, 6}, {3, 4}, {2}], [{8}, {2, 7}, {5, 6}, {3, 4}, {1}], [{8}, {2, 7}, {6}, {3, 5}, {1, 4}], [{8}, {4, 7}, {3, 6}, {2, 5}, {1}], [{8}, {4, 7}, {5, 6}, {1, 3}, {2}], [{8}, {5, 7}, {4, 6}, {1, 3}, {2}], [{8}, {6, 7}, {2, 5}, {3, 4}, {1}], [{8}, {6, 7}, {4, 5}, {1, 3}, {2}], [{8}, {7}, {5, 6}, {3, 4}, {1, 2}]]",2,4 K_1^3 - 14 K_1^2 - 4 K_1 K_2 - K_1 + 7 K_2 + K_3 + 8,O1O2O3U1O4U2U5U6O7O8U3O6U4U7O5U8,O1O2O3U4O5U6U3U5O7U2O8O4U1O6U7U8,O1O2O3U4U5O6U3O7O4U2O5U8U1U6O8U7,c,{'O1O2O3U4O5U6U7O8U1O4O6U8U5U2O7U3'},1,"<a href=""/flatknot/8.1101716"">8.1101716</a>",t^9-27t^7-48t^6+66t^5+112t^4-67t^3+6t^2+35t-30,-t^2+2t,,
8.1101717,O1O2O3U4O5U6U7O8U1O4O6U8U5U3O7U2,4,6z^2+75z+127,6w^3z^2+75w^2z+127w,False,False,"[[ 0 -1  1  2 -1  1  0 -1 -1],[ 1  0  1  1  1  0  2  0 -1],[-1 -1  0  1 -1  0  0 -1 -2],[-2 -1 -1  0 -1 -1  0 -1 -2],[ 1 -1  1  1  0  1  0  0  0],[-1  0  0  1 -1  0  0  0 -1],[ 0 -2  0  0  0  0  0 -1 -1],[ 1  0  1  1  0  0  1  0 -1],[ 1  1  2  2  0  1  1  1  0]]","[[ 0  2  1  1  0 -1 -1 -1 -1],[-2  0 -1 -1  0 -1 -1 -1 -2],[-1  1  0  0  0  0  0 -1 -1],[-1  1  0  0  0 -1 -1 -1 -2],[ 0  0  0  0  0 -1 -2  0 -1],[ 1  1  0  1  1  0  0  0 -1],[ 1  1  0  1  2  0  0  1 -1],[ 1  1  1  1  0  0 -1  0  0],[ 1  2  1  2  1  1  1  0  0]]",True,"[-2,-1,-1,0,1,1,1,1,1,1,0,1,1,1,2,0,0,0,0,1,1,0,1,1,1,2,1,2,0,1,0,0,1,-1,1,0]","[-2,-1,-1,0,1,1,1,1,0,0,2,1,2,2,2,0,1,0,1,1,1,1,1,1,2,2,0,1,-1,0,0,1,1,-1,0,0]",t^8+27t^6+105t^4+12t^2,"[-1,-1,-1,-1,0,1,1,2,-1,-1,0,0,0,1,1,0,-1,-1,1,2,2,0,0,1,2,2,1,1,1,2,1,1,2,0,0,0]","[-2,-1,-1,0,1,1,1,1,0,0,2,1,2,2,2,0,1,0,1,1,1,1,1,1,2,2,0,1,-1,0,0,1,1,-1,0,0]","[-1,-1,-1,-1,0,1,1,2,-1,0,0,0,1,1,1,-1,0,2,0,1,1,1,1,1,2,2,1,0,1,1,0,0,0,0,1,1]",c,"[[{8, 7}, {5, 6}, {3, 4}, {1, 2}]]",1,4 K_1^3 - 34 K_1^2 - 12 K_1 K_2 + 3 K_1 + 17 K_2 + 5 K_3 + 18,O1O2O3U2O4U1U5U6O7O8U3O6U4U7O5U8,O1O2O3U4O5U6U5U3O7U2O8O4U1O6U7U8,O1O2O3U4U5O6U3O7O4U2O5U1U8U6O8U7,c,{'O1O2O3U4O5U6U7O8U1O4O6U8U5U3O7U2'},1,"<a href=""/flatknot/8.1101717"">8.1101717</a>",t^9-25t^7-44t^6+22t^5+14t^4-68t^3-8t^2+40t+2,-t^2+2t,,
8.1101718,O1O2O3U4O5U6U7O8U2O4O6U1U8U3O7U5,4,5z^3+38z^2+108z+105,5w^4z^3+38w^3z^2+108w^2z+105w,False,False,"[[ 0 -2  0  2 -1  2  0 -1  0],[ 2  0  2  3  0  2  2  1  0],[ 0 -2  0  0  0  0  1  0 -1],[-2 -3  0  0 -2 -1  0  0 -2],[ 1  0  0  2  0  3  0 -1  1],[-2 -2  0  1 -3  0 -2 -1 -1],[ 0 -2 -1  0  0  2  0 -1  0],[ 1 -1  0  0  1  1  1  0  0],[ 0  0  1  2 -1  1  0  0  0]]","[[ 0  2  2  0  0  0 -1 -1 -2],[-2  0  1  0 -1 -2 -1 -3 -2],[-2 -1  0  0 -2  0  0 -2 -3],[ 0  0  0  0 -1  1  0  0 -2],[ 0  1  2  1  0  0  0 -1  0],[ 0  2  0 -1  0  0 -1  0 -2],[ 1  1  0  0  0  1  0  1 -1],[ 1  3  2  0  1  0 -1  0  0],[ 2  2  3  2  0  2  1  0  0]]",True,"[-2,-2,0,0,0,1,1,2,-1,0,1,2,1,3,2,0,2,0,0,2,3,1,-1,0,0,2,0,0,1,0,1,0,2,-1,1,0]","[-2,-2,0,0,0,1,1,2,-1,0,1,2,1,3,2,0,2,0,0,2,3,1,-1,0,0,2,0,0,1,0,1,0,2,-1,1,0]",t^8+51t^6+505t^4+53t^2,"[-2,-1,-1,0,0,0,2,2,0,1,0,0,2,1,2,-1,0,1,1,3,2,1,1,0,1,0,1,0,2,0,1,2,2,0,1,1]","[-2,-2,0,0,0,1,1,2,-1,0,2,2,1,3,1,1,0,2,0,2,2,0,1,0,1,2,-1,1,0,0,1,1,0,-1,1,0]","[-2,-1,-1,0,0,0,2,2,0,1,0,2,2,2,3,-1,1,0,0,3,2,0,0,1,1,0,1,0,1,2,1,0,0,2,0,1]",c,"[[{8, 7}, {3, 6}, {2, 5}, {1, 4}], [{8, 7}, {5, 6}, {1, 4}, {2, 3}]]",1,12 K_1^3 - 18 K_1^2 - 12 K_1 K_2 - 3 K_1 + 9 K_2 + 3 K_3 + 10,O1O2O3U4O5U1U6U3O7O8U2O6U5U7O4U8,O1O2O3U4O5U1U6U3O7U5O8O4U2O6U7U8,O1O2O3U4U5O6U2O7O4U8O5U1U6U3O8U7,c,{'O1O2O3U4O5U6U7O8U2O4O6U1U8U3O7U5'},1,"<a href=""/flatknot/8.1101718"">8.1101718</a>",t^9-49t^7-82t^6+310t^5+478t^4-542t^3-672t^2+122t+70,-t^2+2t,,
8.1101719,O1O2O3U4O5U6U7O8U2O4O6U1U8U5O7U3,4,19z^2+96z+117,19w^3z^2+96w^2z+117w,False,False,"[[ 0 -2  0  2 -1  2  0 -1  0],[ 2  0  2  3  0  2  2  1  0],[ 0 -2  0  0  0  0  1  0 -1],[-2 -3  0  0 -2  0 -1 -1 -2],[ 1  0  0  2  0  2  0  0  1],[-2 -2  0  0 -2  0 -1 -1 -1],[ 0 -2 -1  1  0  1  0 -1  0],[ 1 -1  0  1  0  1  1  0  0],[ 0  0  1  2 -1  1  0  0  0]]","[[ 0  2  2  0  0  0 -1 -1 -2],[-2  0  0  0 -1 -1 -1 -2 -2],[-2  0  0  0 -1 -2 -1 -2 -3],[ 0  0  0  0  1 -1  0  0 -2],[ 0  1  1 -1  0  0 -1  0 -2],[ 0  1  2  1  0  0  0 -1  0],[ 1  1  1  0  1  0  0  0 -1],[ 1  2  2  0  0  1  0  0  0],[ 2  2  3  2  2  0  1  0  0]]",True,"[-2,-2,0,0,0,1,1,2,0,0,1,1,1,2,2,0,1,2,1,2,3,-1,1,0,0,2,0,1,0,2,0,1,0,0,1,0]","[-2,-2,0,0,0,1,1,2,0,0,1,1,1,2,2,0,1,2,1,2,3,-1,1,0,0,2,0,1,0,2,0,1,0,0,1,0]",t^8+43t^6+246t^4+54t^2+1,"[-2,-1,-1,0,0,0,2,2,0,1,0,0,2,1,2,0,0,1,1,2,2,1,1,0,1,1,1,0,1,1,1,2,2,0,1,0]","[-2,-2,0,0,0,1,1,2,0,0,1,2,1,2,1,1,1,2,1,2,2,0,1,0,1,2,-1,1,0,0,1,1,0,0,1,0]","[-2,-1,-1,0,0,0,2,2,0,1,0,2,2,2,3,0,1,0,0,2,2,0,0,1,1,1,1,0,1,2,1,0,0,1,1,0]",c,"[[{8, 1}, {2, 7}, {3, 6}, {4, 5}], [{8, 1}, {2, 7}, {4, 6}, {3, 5}], [{8, 1}, {2, 7}, {5, 6}, {3, 4}], [{8, 1}, {3, 7}, {2, 6}, {4, 5}], [{8, 1}, {3, 7}, {4, 6}, {2, 5}], [{8, 1}, {3, 7}, {5, 6}, {2, 4}], [{8, 1}, {4, 7}, {2, 6}, {3, 5}], [{8, 1}, {4, 7}, {2, 6}, {5}, {3}], [{8, 1}, {4, 7}, {3, 6}, {2, 5}], [{8, 1}, {4, 7}, {3, 6}, {5}, {2}], [{8, 1}, {4, 7}, {5, 6}, {2, 3}], [{8, 1}, {4, 7}, {6}, {5}, {2, 3}], [{8, 1}, {5, 7}, {2, 6}, {3, 4}], [{8, 1}, {5, 7}, {3, 6}, {2, 4}], [{8, 1}, {5, 7}, {4, 6}, {2, 3}], [{8, 1}, {6, 7}, {2, 5}, {3, 4}], [{8, 1}, {6, 7}, {3, 5}, {2, 4}], [{8, 1}, {6, 7}, {4, 5}, {2, 3}], [{8, 1}, {7}, {5, 6}, {3, 4}, {2}], [{8, 2}, {1, 7}, {3, 6}, {4, 5}], [{8, 2}, {1, 7}, {4, 6}, {3, 5}], [{8, 2}, {1, 7}, {5, 6}, {3, 4}], [{8, 2}, {3, 7}, {1, 6}, {4, 5}], [{8, 2}, {3, 7}, {1, 6}, {5}, {4}], [{8, 2}, {3, 7}, {4, 6}, {1, 5}], [{8, 2}, {3, 7}, {5, 6}, {1, 4}], [{8, 2}, {3, 7}, {5, 6}, {4}, {1}], [{8, 2}, {3, 7}, {6}, {1, 5}, {4}], [{8, 2}, {4, 7}, {1, 6}, {3, 5}], [{8, 2}, {4, 7}, {1, 6}, {5}, {3}], [{8, 2}, {4, 7}, {3, 6}, {1, 5}], [{8, 2}, {4, 7}, {3, 6}, {5}, {1}], [{8, 2}, {4, 7}, {5, 6}, {1, 3}], [{8, 2}, {4, 7}, {5, 6}, {3}, {1}], [{8, 2}, {4, 7}, {6}, {1, 5}, {3}], [{8, 2}, {4, 7}, {6}, {3, 5}, {1}], [{8, 2}, {4, 7}, {6}, {5}, {1, 3}], [{8, 2}, {4, 7}, {6}, {5}, {3}, {1}], [{8, 2}, {5, 7}, {1, 6}, {3, 4}], [{8, 2}, {5, 7}, {3, 6}, {1, 4}], [{8, 2}, {5, 7}, {4, 6}, {1, 3}], [{8, 2}, {5, 7}, {6}, {4}, {1, 3}], [{8, 2}, {6, 7}, {1, 5}, {3, 4}], [{8, 2}, {6, 7}, {3, 5}, {1, 4}], [{8, 2}, {6, 7}, {4, 5}, {1, 3}], [{8, 2}, {7}, {1, 6}, {5}, {3, 4}], [{8, 2}, {7}, {5, 6}, {3, 4}, {1}], [{8, 2}, {7}, {6}, {1, 5}, {3, 4}], [{8, 2}, {7}, {6}, {4, 5}, {1, 3}], [{8, 3}, {1, 7}, {2, 6}, {4, 5}], [{8, 3}, {1, 7}, {2, 6}, {5}, {4}], [{8, 3}, {1, 7}, {4, 6}, {2, 5}], [{8, 3}, {1, 7}, {5, 6}, {2, 4}], [{8, 3}, {2, 7}, {1, 6}, {4, 5}], [{8, 3}, {2, 7}, {1, 6}, {5}, {4}], [{8, 3}, {2, 7}, {4, 6}, {1, 5}], [{8, 3}, {2, 7}, {5, 6}, {1, 4}], [{8, 3}, {2, 7}, {6}, {4, 5}, {1}], [{8, 3}, {4, 7}, {1, 6}, {2, 5}], [{8, 3}, {4, 7}, {1, 6}, {5}, {2}], [{8, 3}, {4, 7}, {2, 6}, {1, 5}], [{8, 3}, {4, 7}, {2, 6}, {5}, {1}], [{8, 3}, {4, 7}, {5, 6}, {1, 2}], [{8, 3}, {4, 7}, {6}, {5}, {1, 2}], [{8, 3}, {5, 7}, {1, 6}, {2, 4}], [{8, 3}, {5, 7}, {2, 6}, {1, 4}], [{8, 3}, {5, 7}, {4, 6}, {1, 2}], [{8, 3}, {5, 7}, {6}, {1, 4}, {2}], [{8, 3}, {6, 7}, {1, 5}, {2, 4}], [{8, 3}, {6, 7}, {2, 5}, {1, 4}], [{8, 3}, {6, 7}, {4, 5}, {1, 2}], [{8, 3}, {7}, {1, 6}, {5}, {2, 4}], [{8, 3}, {7}, {2, 6}, {5}, {1, 4}], [{8, 4}, {1, 7}, {2, 6}, {3, 5}], [{8, 4}, {1, 7}, {3, 6}, {2, 5}], [{8, 4}, {1, 7}, {5, 6}, {2, 3}], [{8, 4}, {2, 7}, {1, 6}, {3, 5}], [{8, 4}, {2, 7}, {3, 6}, {1, 5}], [{8, 4}, {2, 7}, {5, 6}, {1, 3}], [{8, 4}, {3, 7}, {1, 6}, {2, 5}], [{8, 4}, {3, 7}, {2, 6}, {1, 5}], [{8, 4}, {3, 7}, {5, 6}, {1, 2}], [{8, 4}, {5, 7}, {1, 6}, {2, 3}], [{8, 4}, {5, 7}, {2, 6}, {1, 3}], [{8, 4}, {5, 7}, {2, 6}, {3}, {1}], [{8, 4}, {5, 7}, {3, 6}, {1, 2}], [{8, 4}, {5, 7}, {3, 6}, {2}, {1}], [{8, 4}, {5, 7}, {6}, {2, 3}, {1}], [{8, 4}, {6, 7}, {1, 5}, {2, 3}], [{8, 4}, {6, 7}, {2, 5}, {1, 3}], [{8, 4}, {6, 7}, {3, 5}, {1, 2}], [{8, 4}, {7}, {1, 6}, {2, 5}, {3}], [{8, 5}, {1, 7}, {2, 6}, {3, 4}], [{8, 5}, {1, 7}, {3, 6}, {2, 4}], [{8, 5}, {1, 7}, {4, 6}, {2, 3}], [{8, 5}, {2, 7}, {1, 6}, {3, 4}], [{8, 5}, {2, 7}, {3, 6}, {1, 4}], [{8, 5}, {2, 7}, {4, 6}, {1, 3}], [{8, 5}, {3, 7}, {1, 6}, {2, 4}], [{8, 5}, {3, 7}, {2, 6}, {1, 4}], [{8, 5}, {3, 7}, {4, 6}, {1, 2}], [{8, 5}, {3, 7}, {6}, {2, 4}, {1}], [{8, 5}, {4, 7}, {1, 6}, {2, 3}], [{8, 5}, {4, 7}, {1, 6}, {3}, {2}], [{8, 5}, {4, 7}, {2, 6}, {1, 3}], [{8, 5}, {4, 7}, {3, 6}, {1, 2}], [{8, 5}, {6, 7}, {1, 4}, {2, 3}], [{8, 5}, {6, 7}, {2, 4}, {1, 3}], [{8, 5}, {6, 7}, {3, 4}, {1, 2}], [{8, 6}, {1, 7}, {2, 5}, {3, 4}], [{8, 6}, {1, 7}, {3, 5}, {2, 4}], [{8, 6}, {1, 7}, {4, 5}, {2, 3}], [{8, 6}, {2, 7}, {1, 5}, {3, 4}], [{8, 6}, {2, 7}, {3, 5}, {1, 4}], [{8, 6}, {2, 7}, {4, 5}, {1, 3}], [{8, 6}, {3, 7}, {1, 5}, {2, 4}], [{8, 6}, {3, 7}, {2, 5}, {1, 4}], [{8, 6}, {3, 7}, {2, 5}, {4}, {1}], [{8, 6}, {3, 7}, {4, 5}, {1, 2}], [{8, 6}, {4, 7}, {1, 5}, {2, 3}], [{8, 6}, {4, 7}, {2, 5}, {1, 3}], [{8, 6}, {4, 7}, {3, 5}, {1, 2}], [{8, 6}, {4, 7}, {5}, {1, 3}, {2}], [{8, 6}, {4, 7}, {5}, {2, 3}, {1}], [{8, 6}, {4, 7}, {5}, {3}, {1, 2}], [{8, 6}, {5, 7}, {1, 4}, {2, 3}], [{8, 6}, {5, 7}, {2, 4}, {1, 3}], [{8, 6}, {5, 7}, {3, 4}, {1, 2}], [{8, 6}, {5, 7}, {4}, {1, 3}, {2}], [{8, 6}, {7}, {1, 5}, {2, 4}, {3}], [{8, 6}, {7}, {4, 5}, {1, 3}, {2}], [{8, 7}, {1, 6}, {2, 5}, {3, 4}], [{8, 7}, {1, 6}, {2, 5}, {4}, {3}], [{8, 7}, {1, 6}, {3, 5}, {2, 4}], [{8, 7}, {1, 6}, {4, 5}, {2, 3}], [{8, 7}, {2, 6}, {1, 5}, {3, 4}], [{8, 7}, {2, 6}, {3, 5}, {1, 4}], [{8, 7}, {2, 6}, {4, 5}, {1, 3}], [{8, 7}, {2, 6}, {5}, {3, 4}, {1}], [{8, 7}, {3, 6}, {1, 5}, {2, 4}], [{8, 7}, {3, 6}, {2, 5}, {1, 4}], [{8, 7}, {3, 6}, {4, 5}, {1, 2}], [{8, 7}, {4, 6}, {1, 5}, {2, 3}], [{8, 7}, {4, 6}, {2, 5}, {1, 3}], [{8, 7}, {4, 6}, {3, 5}, {1, 2}], [{8, 7}, {4, 6}, {5}, {1, 3}, {2}], [{8, 7}, {5, 6}, {1, 4}, {2, 3}], [{8, 7}, {5, 6}, {2, 4}, {1, 3}], [{8, 7}, {5, 6}, {3, 4}, {1, 2}], [{8, 7}, {5, 6}, {3, 4}, {2}, {1}], [{8, 7}, {5, 6}, {4}, {3}, {1, 2}], [{8, 7}, {6}, {1, 5}, {2, 4}, {3}], [{8, 7}, {6}, {2, 5}, {3, 4}, {1}], [{8, 7}, {6}, {3, 5}, {1, 4}, {2}], [{8}, {1, 7}, {2, 6}, {4, 5}, {3}], [{8}, {1, 7}, {3, 6}, {2, 5}, {4}], [{8}, {1, 7}, {3, 6}, {4, 5}, {2}], [{8}, {1, 7}, {3, 6}, {5}, {2, 4}], [{8}, {1, 7}, {4, 6}, {5}, {2, 3}], [{8}, {1, 7}, {5, 6}, {2, 4}, {3}], [{8}, {1, 7}, {5, 6}, {3, 4}, {2}], [{8}, {1, 7}, {5, 6}, {4}, {2, 3}], [{8}, {1, 7}, {6}, {3, 5}, {2, 4}], [{8}, {1, 7}, {6}, {4, 5}, {2, 3}], [{8}, {2, 7}, {4, 6}, {1, 5}, {3}], [{8}, {2, 7}, {5, 6}, {1, 4}, {3}], [{8}, {2, 7}, {5, 6}, {3, 4}, {1}], [{8}, {2, 7}, {5, 6}, {4}, {1, 3}], [{8}, {3, 7}, {2, 6}, {4, 5}, {1}], [{8}, {4, 7}, {1, 6}, {2, 5}, {3}], [{8}, {4, 7}, {1, 6}, {3, 5}, {2}], [{8}, {4, 7}, {1, 6}, {5}, {2, 3}], [{8}, {4, 7}, {1, 6}, {5}, {3}, {2}], [{8}, {4, 7}, {2, 6}, {5}, {1, 3}], [{8}, {4, 7}, {3, 6}, {5}, {1, 2}], [{8}, {5, 7}, {2, 6}, {4}, {1, 3}], [{8}, {5, 7}, {4, 6}, {3}, {1, 2}], [{8}, {6, 7}, {1, 5}, {2, 4}, {3}], [{8}, {7}, {2, 6}, {4, 5}, {1, 3}], [{8}, {7}, {4, 6}, {2, 5}, {1, 3}], [{8}, {7}, {5, 6}, {3, 4}, {1, 2}], [{8}, {7}, {5, 6}, {3, 4}, {2}, {1}]]",2,4 K_1^3 - 22 K_1^2 - 12 K_1 K_2 + 3 K_1 + 11 K_2 + 5 K_3 + 12,O1O2O3U1O4U5U6U3O7O8U2O6U4U7O5U8,O1O2O3U4O5U1U6U5O7U3O8O4U2O6U7U8,O1O2O3U4U5O6U2O7O4U1O5U8U6U3O8U7,c,{'O1O2O3U4O5U6U7O8U2O4O6U1U8U5O7U3'},1,"<a href=""/flatknot/8.1101719"">8.1101719</a>",t^9-41t^7-62t^6+143t^5+230t^4-106t^3-120t^2+34t+8,-t^2+2t,,
8.1101720,O1O2O3U4O5U6U7O8U2O4O6U3U8U1O7U5,4,12z^2+65z+83,12w^3z^2+65w^2z+83w,False,False,"[[ 0  0  0  0 -1  2  0 -1  0],[ 0  0  0  0 -1  1  1  0  0],[ 0  0  0 -1  0  0  1  0  0],[ 0  0  1  0 -1  0  1  1 -1],[ 1  1  0  1  0  3  0 -1  1],[-2 -1  0  0 -3  0 -2 -1 -1],[ 0 -1 -1 -1  0  2  0 -1  0],[ 1  0  0 -1  1  1  1  0  0],[ 0  0  0  1 -1  1  0  0  0]]","[[ 0  2  0  0  0  0  0 -1 -1],[-2  0  0  0 -1 -1 -2 -1 -3],[ 0  0  0  1  0 -1  1  1 -1],[ 0  0 -1  0  0  0  1  0  0],[ 0  1  0  0  0  0  1  0 -1],[ 0  1  1  0  0  0  0  0 -1],[ 0  2 -1 -1 -1  0  0 -1  0],[ 1  1 -1  0  0  0  1  0  1],[ 1  3  1  0  1  1  0 -1  0]]",True,"[-2,0,0,0,0,0,1,1,0,0,1,1,2,1,3,-1,0,1,-1,-1,1,0,0,-1,0,0,0,-1,0,1,0,0,1,1,0,-1]","[-2,0,0,0,0,0,1,1,0,0,1,1,2,1,3,-1,0,1,-1,-1,1,0,0,-1,0,0,0,-1,0,1,0,0,1,1,0,-1]",t^8+27t^6+156t^4+96t^2,"[-1,-1,0,0,0,0,0,2,-1,0,1,1,1,2,2,1,0,0,1,0,0,0,1,1,1,0,0,0,-1,1,0,0,1,1,2,2]","[-2,0,0,0,0,0,1,1,0,1,1,2,2,0,2,-1,0,-1,-1,1,0,0,0,0,0,1,0,1,0,1,-1,1,1,0,2,-1]","[-1,-1,0,0,0,0,0,2,-1,0,0,1,1,1,3,0,1,-1,0,0,1,1,-1,0,0,0,-1,-1,0,2,0,-1,0,0,1,1]",c,"[[{8, 1}, {2, 7}, {3, 6}, {4, 5}], [{8, 1}, {2, 7}, {4, 6}, {3, 5}], [{8, 1}, {2, 7}, {5, 6}, {3, 4}], [{8, 1}, {3, 7}, {2, 6}, {4, 5}], [{8, 1}, {3, 7}, {4, 6}, {2, 5}], [{8, 1}, {3, 7}, {5, 6}, {2, 4}], [{8, 1}, {3, 7}, {6}, {2, 5}, {4}], [{8, 1}, {4, 7}, {2, 6}, {3, 5}], [{8, 1}, {4, 7}, {3, 6}, {2, 5}], [{8, 1}, {4, 7}, {3, 6}, {5}, {2}], [{8, 1}, {4, 7}, {5, 6}, {2, 3}], [{8, 1}, {5, 7}, {2, 6}, {3, 4}], [{8, 1}, {5, 7}, {3, 6}, {2, 4}], [{8, 1}, {5, 7}, {3, 6}, {4}, {2}], [{8, 1}, {5, 7}, {4, 6}, {2, 3}], [{8, 1}, {6, 7}, {2, 5}, {3, 4}], [{8, 1}, {6, 7}, {3, 5}, {2, 4}], [{8, 1}, {6, 7}, {4, 5}, {2, 3}], [{8, 1}, {6, 7}, {5}, {4}, {2, 3}], [{8, 1}, {7}, {2, 6}, {5}, {3, 4}], [{8, 1}, {7}, {3, 6}, {4, 5}, {2}], [{8, 1}, {7}, {4, 6}, {2, 5}, {3}], [{8, 2}, {1, 7}, {3, 6}, {4, 5}], [{8, 2}, {1, 7}, {4, 6}, {3, 5}], [{8, 2}, {1, 7}, {5, 6}, {3, 4}], [{8, 2}, {1, 7}, {6}, {4, 5}, {3}], [{8, 2}, {3, 7}, {1, 6}, {4, 5}], [{8, 2}, {3, 7}, {4, 6}, {1, 5}], [{8, 2}, {3, 7}, {4, 6}, {5}, {1}], [{8, 2}, {3, 7}, {5, 6}, {1, 4}], [{8, 2}, {3, 7}, {5, 6}, {4}, {1}], [{8, 2}, {3, 7}, {6}, {4, 5}, {1}], [{8, 2}, {4, 7}, {1, 6}, {3, 5}], [{8, 2}, {4, 7}, {1, 6}, {5}, {3}], [{8, 2}, {4, 7}, {3, 6}, {1, 5}], [{8, 2}, {4, 7}, {3, 6}, {5}, {1}], [{8, 2}, {4, 7}, {5, 6}, {1, 3}], [{8, 2}, {4, 7}, {5, 6}, {3}, {1}], [{8, 2}, {4, 7}, {6}, {1, 5}, {3}], [{8, 2}, {4, 7}, {6}, {3, 5}, {1}], [{8, 2}, {4, 7}, {6}, {5}, {1, 3}], [{8, 2}, {4, 7}, {6}, {5}, {3}, {1}], [{8, 2}, {5, 7}, {1, 6}, {3, 4}], [{8, 2}, {5, 7}, {1, 6}, {4}, {3}], [{8, 2}, {5, 7}, {3, 6}, {1, 4}], [{8, 2}, {5, 7}, {3, 6}, {4}, {1}], [{8, 2}, {5, 7}, {4, 6}, {1, 3}], [{8, 2}, {5, 7}, {4, 6}, {3}, {1}], [{8, 2}, {5, 7}, {6}, {1, 4}, {3}], [{8, 2}, {5, 7}, {6}, {3, 4}, {1}], [{8, 2}, {5, 7}, {6}, {4}, {1, 3}], [{8, 2}, {5, 7}, {6}, {4}, {3}, {1}], [{8, 2}, {6, 7}, {1, 5}, {3, 4}], [{8, 2}, {6, 7}, {3, 5}, {1, 4}], [{8, 2}, {6, 7}, {3, 5}, {4}, {1}], [{8, 2}, {6, 7}, {4, 5}, {1, 3}], [{8, 2}, {6, 7}, {4, 5}, {3}, {1}], [{8, 2}, {6, 7}, {5}, {3, 4}, {1}], [{8, 2}, {7}, {1, 6}, {4, 5}, {3}], [{8, 2}, {7}, {3, 6}, {4, 5}, {1}], [{8, 2}, {7}, {4, 6}, {3, 5}, {1}], [{8, 2}, {7}, {5, 6}, {3, 4}, {1}], [{8, 2}, {7}, {6}, {4, 5}, {1, 3}], [{8, 2}, {7}, {6}, {4, 5}, {3}, {1}], [{8, 3}, {1, 7}, {2, 6}, {4, 5}], [{8, 3}, {1, 7}, {4, 6}, {2, 5}], [{8, 3}, {1, 7}, {5, 6}, {2, 4}], [{8, 3}, {1, 7}, {6}, {2, 5}, {4}], [{8, 3}, {1, 7}, {6}, {4, 5}, {2}], [{8, 3}, {1, 7}, {6}, {5}, {2, 4}], [{8, 3}, {2, 7}, {1, 6}, {4, 5}], [{8, 3}, {2, 7}, {4, 6}, {1, 5}], [{8, 3}, {2, 7}, {5, 6}, {1, 4}], [{8, 3}, {4, 7}, {1, 6}, {2, 5}], [{8, 3}, {4, 7}, {2, 6}, {1, 5}], [{8, 3}, {4, 7}, {2, 6}, {5}, {1}], [{8, 3}, {4, 7}, {5, 6}, {1, 2}], [{8, 3}, {4, 7}, {6}, {1, 5}, {2}], [{8, 3}, {5, 7}, {1, 6}, {2, 4}], [{8, 3}, {5, 7}, {2, 6}, {1, 4}], [{8, 3}, {5, 7}, {2, 6}, {4}, {1}], [{8, 3}, {5, 7}, {4, 6}, {1, 2}], [{8, 3}, {5, 7}, {6}, {1, 4}, {2}], [{8, 3}, {6, 7}, {1, 5}, {2, 4}], [{8, 3}, {6, 7}, {2, 5}, {1, 4}], [{8, 3}, {6, 7}, {2, 5}, {4}, {1}], [{8, 3}, {6, 7}, {4, 5}, {1, 2}], [{8, 3}, {7}, {1, 6}, {2, 5}, {4}], [{8, 3}, {7}, {2, 6}, {4, 5}, {1}], [{8, 3}, {7}, {5, 6}, {2, 4}, {1}], [{8, 4}, {1, 7}, {2, 6}, {3, 5}], [{8, 4}, {1, 7}, {3, 6}, {2, 5}], [{8, 4}, {1, 7}, {3, 6}, {5}, {2}], [{8, 4}, {1, 7}, {5, 6}, {2, 3}], [{8, 4}, {2, 7}, {1, 6}, {3, 5}], [{8, 4}, {2, 7}, {3, 6}, {1, 5}], [{8, 4}, {2, 7}, {5, 6}, {1, 3}], [{8, 4}, {3, 7}, {1, 6}, {2, 5}], [{8, 4}, {3, 7}, {2, 6}, {1, 5}], [{8, 4}, {3, 7}, {5, 6}, {1, 2}], [{8, 4}, {5, 7}, {1, 6}, {2, 3}], [{8, 4}, {5, 7}, {1, 6}, {3}, {2}], [{8, 4}, {5, 7}, {2, 6}, {1, 3}], [{8, 4}, {5, 7}, {3, 6}, {1, 2}], [{8, 4}, {5, 7}, {3, 6}, {2}, {1}], [{8, 4}, {5, 7}, {6}, {1, 3}, {2}], [{8, 4}, {6, 7}, {1, 5}, {2, 3}], [{8, 4}, {6, 7}, {2, 5}, {1, 3}], [{8, 4}, {6, 7}, {3, 5}, {1, 2}], [{8, 4}, {7}, {3, 6}, {1, 5}, {2}], [{8, 5}, {1, 7}, {2, 6}, {3, 4}], [{8, 5}, {1, 7}, {3, 6}, {2, 4}], [{8, 5}, {1, 7}, {3, 6}, {4}, {2}], [{8, 5}, {1, 7}, {4, 6}, {2, 3}], [{8, 5}, {2, 7}, {1, 6}, {3, 4}], [{8, 5}, {2, 7}, {3, 6}, {1, 4}], [{8, 5}, {2, 7}, {4, 6}, {1, 3}], [{8, 5}, {3, 7}, {1, 6}, {2, 4}], [{8, 5}, {3, 7}, {2, 6}, {1, 4}], [{8, 5}, {3, 7}, {4, 6}, {1, 2}], [{8, 5}, {4, 7}, {1, 6}, {2, 3}], [{8, 5}, {4, 7}, {1, 6}, {3}, {2}], [{8, 5}, {4, 7}, {2, 6}, {1, 3}], [{8, 5}, {4, 7}, {3, 6}, {1, 2}], [{8, 5}, {4, 7}, {3, 6}, {2}, {1}], [{8, 5}, {4, 7}, {6}, {1, 3}, {2}], [{8, 5}, {6, 7}, {1, 4}, {2, 3}], [{8, 5}, {6, 7}, {2, 4}, {1, 3}], [{8, 5}, {6, 7}, {2, 4}, {3}, {1}], [{8, 5}, {6, 7}, {3, 4}, {1, 2}], [{8, 5}, {7}, {3, 6}, {1, 4}, {2}], [{8, 5}, {7}, {4, 6}, {2, 3}, {1}], [{8, 6}, {1, 7}, {2, 5}, {3, 4}], [{8, 6}, {1, 7}, {3, 5}, {2, 4}], [{8, 6}, {1, 7}, {4, 5}, {2, 3}], [{8, 6}, {1, 7}, {4, 5}, {3}, {2}], [{8, 6}, {2, 7}, {1, 5}, {3, 4}], [{8, 6}, {2, 7}, {3, 5}, {1, 4}], [{8, 6}, {2, 7}, {4, 5}, {1, 3}], [{8, 6}, {3, 7}, {1, 5}, {2, 4}], [{8, 6}, {3, 7}, {2, 5}, {1, 4}], [{8, 6}, {3, 7}, {4, 5}, {1, 2}], [{8, 6}, {3, 7}, {5}, {2, 4}, {1}], [{8, 6}, {4, 7}, {1, 5}, {2, 3}], [{8, 6}, {4, 7}, {1, 5}, {3}, {2}], [{8, 6}, {4, 7}, {2, 5}, {1, 3}], [{8, 6}, {4, 7}, {3, 5}, {1, 2}], [{8, 6}, {4, 7}, {5}, {2, 3}, {1}], [{8, 6}, {5, 7}, {1, 4}, {2, 3}], [{8, 6}, {5, 7}, {1, 4}, {3}, {2}], [{8, 6}, {5, 7}, {2, 4}, {1, 3}], [{8, 6}, {5, 7}, {3, 4}, {1, 2}], [{8, 6}, {5, 7}, {4}, {2, 3}, {1}], [{8, 6}, {7}, {2, 5}, {4}, {1, 3}], [{8, 6}, {7}, {4, 5}, {2, 3}, {1}], [{8, 7}, {1, 6}, {2, 5}, {3, 4}], [{8, 7}, {1, 6}, {3, 5}, {2, 4}], [{8, 7}, {1, 6}, {4, 5}, {2, 3}], [{8, 7}, {1, 6}, {4, 5}, {3}, {2}], [{8, 7}, {2, 6}, {1, 5}, {3, 4}], [{8, 7}, {2, 6}, {3, 5}, {1, 4}], [{8, 7}, {2, 6}, {4, 5}, {1, 3}], [{8, 7}, {2, 6}, {5}, {3, 4}, {1}], [{8, 7}, {3, 6}, {1, 5}, {2, 4}], [{8, 7}, {3, 6}, {1, 5}, {4}, {2}], [{8, 7}, {3, 6}, {2, 5}, {1, 4}], [{8, 7}, {3, 6}, {4, 5}, {1, 2}], [{8, 7}, {3, 6}, {4, 5}, {2}, {1}], [{8, 7}, {3, 6}, {5}, {1, 4}, {2}], [{8, 7}, {4, 6}, {1, 5}, {2, 3}], [{8, 7}, {4, 6}, {2, 5}, {1, 3}], [{8, 7}, {4, 6}, {2, 5}, {3}, {1}], [{8, 7}, {4, 6}, {3, 5}, {1, 2}], [{8, 7}, {5, 6}, {1, 4}, {2, 3}], [{8, 7}, {5, 6}, {2, 4}, {1, 3}], [{8, 7}, {5, 6}, {3, 4}, {1, 2}], [{8, 7}, {5, 6}, {4}, {2, 3}, {1}], [{8, 7}, {6}, {3, 5}, {2, 4}, {1}], [{8, 7}, {6}, {4, 5}, {1, 3}, {2}], [{8}, {1, 7}, {2, 6}, {3, 5}, {4}], [{8}, {1, 7}, {2, 6}, {4, 5}, {3}], [{8}, {1, 7}, {2, 6}, {5}, {3, 4}], [{8}, {1, 7}, {3, 6}, {4, 5}, {2}], [{8}, {1, 7}, {4, 6}, {2, 5}, {3}], [{8}, {1, 7}, {6}, {4, 5}, {2, 3}], [{8}, {2, 7}, {1, 6}, {3, 5}, {4}], [{8}, {2, 7}, {1, 6}, {4, 5}, {3}], [{8}, {2, 7}, {1, 6}, {5}, {3, 4}], [{8}, {2, 7}, {3, 6}, {4, 5}, {1}], [{8}, {2, 7}, {4, 6}, {1, 5}, {3}], [{8}, {2, 7}, {6}, {4, 5}, {1, 3}], [{8}, {4, 7}, {1, 6}, {2, 5}, {3}], [{8}, {4, 7}, {2, 6}, {1, 5}, {3}], [{8}, {4, 7}, {3, 6}, {1, 5}, {2}], [{8}, {4, 7}, {3, 6}, {2, 5}, {1}], [{8}, {4, 7}, {3, 6}, {5}, {1, 2}], [{8}, {4, 7}, {3, 6}, {5}, {2}, {1}], [{8}, {4, 7}, {6}, {1, 5}, {2, 3}], [{8}, {4, 7}, {6}, {2, 5}, {1, 3}], [{8}, {5, 7}, {1, 6}, {2, 4}, {3}], [{8}, {5, 7}, {2, 6}, {1, 4}, {3}], [{8}, {5, 7}, {3, 6}, {1, 4}, {2}], [{8}, {5, 7}, {3, 6}, {2, 4}, {1}], [{8}, {5, 7}, {3, 6}, {4}, {1, 2}], [{8}, {5, 7}, {3, 6}, {4}, {2}, {1}], [{8}, {5, 7}, {6}, {1, 4}, {2, 3}], [{8}, {5, 7}, {6}, {2, 4}, {1, 3}], [{8}, {7}, {3, 6}, {4, 5}, {1, 2}], [{8}, {7}, {3, 6}, {4, 5}, {2}, {1}]]",2,- 10 K_1^2 + 5 K_2 + 6,O1O2O3U4O5U3U6U1O7O8U2O6U5U7O4U8,O1O2O3U4O5U3U6U1O7U5O8O4U2O6U7U8,O1O2O3U4U5O6U2O7O4U8O5U3U6U1O8U7,c,"{'O1O2O3U4O5U6U7U1O8O4O6U3U2U8O7U5', 'O1O2O3U4O5U6U7O8U2O4O6U3U8U1O7U5'}",2,"<a href=""/flatknot/8.1101720"">8.1101720</a>",t^9-25t^7-36t^6+53t^5+86t^4-28t^3-72t^2-t+24,-t^2+2t,,
8.1101721,O1O2O3U4O5U6U7O8U2O4O6U8U1U3O7U5,4,10z^2+63z+87,10w^3z^2+63w^2z+87w,False,False,"[[ 0 -1  0  2 -1  2  0 -1 -1],[ 1  0  1  2  0  1  2  1 -1],[ 0 -1  0  0  0  0  1  0 -1],[-2 -2  0  0 -2 -1  0  0 -2],[ 1  0  0  2  0  3  0 -1  0],[-2 -1  0  1 -3  0 -2 -1 -1],[ 0 -2 -1  0  0  2  0 -1 -1],[ 1 -1  0  0  1  1  1  0 -1],[ 1  1  1  2  0  1  1  1  0]]","[[ 0  2  2  0  0 -1 -1 -1 -1],[-2  0  1  0 -2 -1 -1 -1 -3],[-2 -1  0  0  0  0 -2 -2 -2],[ 0  0  0  0  1  0 -1 -1  0],[ 0  2  0 -1  0 -1 -1 -2  0],[ 1  1  0  0  1  0 -1 -1  1],[ 1  1  2  1  1  1  0  1  0],[ 1  1  2  1  2  1 -1  0  0],[ 1  3  2  0  0 -1  0  0  0]]",True,"[-2,-2,0,0,1,1,1,1,-1,0,2,1,1,1,3,0,0,0,2,2,2,-1,0,1,1,0,1,1,2,0,1,1,-1,-1,0,0]","[-2,-2,0,0,1,1,1,1,-1,0,2,1,1,1,3,0,0,0,2,2,2,-1,0,1,1,0,1,1,2,0,1,1,-1,-1,0,0]",t^8+42t^6+384t^4+68t^2,"[-1,-1,-1,-1,0,0,2,2,-1,-1,0,0,0,1,2,-1,0,-1,0,1,2,-1,0,1,3,2,1,1,1,0,1,2,0,2,2,1]","[-2,-2,0,0,1,1,1,1,-1,2,2,1,1,1,3,0,2,0,2,2,2,-1,1,-1,0,0,1,0,0,1,0,0,-1,-1,1,1]","[-1,-1,-1,-1,0,0,2,2,-1,-1,1,0,1,0,1,-1,0,1,2,2,1,0,1,1,2,1,0,0,2,3,1,0,0,0,2,-1]",c,"[[{8, 1}, {2, 7}, {3, 6}, {4, 5}], [{8, 1}, {2, 7}, {4, 6}, {3, 5}], [{8, 1}, {2, 7}, {5, 6}, {3, 4}], [{8, 1}, {3, 7}, {2, 6}, {4, 5}], [{8, 1}, {3, 7}, {4, 6}, {2, 5}], [{8, 1}, {3, 7}, {4, 6}, {5}, {2}], [{8, 1}, {3, 7}, {5, 6}, {2, 4}], [{8, 1}, {3, 7}, {5, 6}, {4}, {2}], [{8, 1}, {3, 7}, {6}, {4, 5}, {2}], [{8, 1}, {4, 7}, {2, 6}, {3, 5}], [{8, 1}, {4, 7}, {2, 6}, {5}, {3}], [{8, 1}, {4, 7}, {3, 6}, {2, 5}], [{8, 1}, {4, 7}, {5, 6}, {2, 3}], [{8, 1}, {4, 7}, {5, 6}, {3}, {2}], [{8, 1}, {4, 7}, {6}, {2, 5}, {3}], [{8, 1}, {5, 7}, {2, 6}, {3, 4}], [{8, 1}, {5, 7}, {3, 6}, {2, 4}], [{8, 1}, {5, 7}, {4, 6}, {2, 3}], [{8, 1}, {6, 7}, {2, 5}, {3, 4}], [{8, 1}, {6, 7}, {3, 5}, {2, 4}], [{8, 1}, {6, 7}, {3, 5}, {4}, {2}], [{8, 1}, {6, 7}, {4, 5}, {2, 3}], [{8, 1}, {7}, {5, 6}, {3, 4}, {2}], [{8, 2}, {1, 7}, {3, 6}, {4, 5}], [{8, 2}, {1, 7}, {4, 6}, {3, 5}], [{8, 2}, {1, 7}, {5, 6}, {3, 4}], [{8, 2}, {3, 7}, {1, 6}, {4, 5}], [{8, 2}, {3, 7}, {1, 6}, {5}, {4}], [{8, 2}, {3, 7}, {4, 6}, {1, 5}], [{8, 2}, {3, 7}, {4, 6}, {5}, {1}], [{8, 2}, {3, 7}, {5, 6}, {1, 4}], [{8, 2}, {3, 7}, {5, 6}, {4}, {1}], [{8, 2}, {3, 7}, {6}, {1, 5}, {4}], [{8, 2}, {3, 7}, {6}, {4, 5}, {1}], [{8, 2}, {3, 7}, {6}, {5}, {1, 4}], [{8, 2}, {3, 7}, {6}, {5}, {4}, {1}], [{8, 2}, {4, 7}, {1, 6}, {3, 5}], [{8, 2}, {4, 7}, {3, 6}, {1, 5}], [{8, 2}, {4, 7}, {3, 6}, {5}, {1}], [{8, 2}, {4, 7}, {5, 6}, {1, 3}], [{8, 2}, {4, 7}, {5, 6}, {3}, {1}], [{8, 2}, {4, 7}, {6}, {3, 5}, {1}], [{8, 2}, {5, 7}, {1, 6}, {3, 4}], [{8, 2}, {5, 7}, {3, 6}, {1, 4}], [{8, 2}, {5, 7}, {3, 6}, {4}, {1}], [{8, 2}, {5, 7}, {4, 6}, {1, 3}], [{8, 2}, {5, 7}, {4, 6}, {3}, {1}], [{8, 2}, {5, 7}, {6}, {3, 4}, {1}], [{8, 2}, {6, 7}, {1, 5}, {3, 4}], [{8, 2}, {6, 7}, {3, 5}, {1, 4}], [{8, 2}, {6, 7}, {3, 5}, {4}, {1}], [{8, 2}, {6, 7}, {4, 5}, {1, 3}], [{8, 2}, {6, 7}, {4, 5}, {3}, {1}], [{8, 2}, {6, 7}, {5}, {3, 4}, {1}], [{8, 2}, {7}, {3, 6}, {4, 5}, {1}], [{8, 2}, {7}, {4, 6}, {3, 5}, {1}], [{8, 2}, {7}, {5, 6}, {3, 4}, {1}], [{8, 3}, {1, 7}, {2, 6}, {4, 5}], [{8, 3}, {1, 7}, {4, 6}, {2, 5}], [{8, 3}, {1, 7}, {5, 6}, {2, 4}], [{8, 3}, {2, 7}, {1, 6}, {4, 5}], [{8, 3}, {2, 7}, {4, 6}, {1, 5}], [{8, 3}, {2, 7}, {5, 6}, {1, 4}], [{8, 3}, {4, 7}, {1, 6}, {2, 5}], [{8, 3}, {4, 7}, {2, 6}, {1, 5}], [{8, 3}, {4, 7}, {5, 6}, {1, 2}], [{8, 3}, {4, 7}, {5, 6}, {2}, {1}], [{8, 3}, {5, 7}, {1, 6}, {2, 4}], [{8, 3}, {5, 7}, {2, 6}, {1, 4}], [{8, 3}, {5, 7}, {4, 6}, {1, 2}], [{8, 3}, {5, 7}, {6}, {2, 4}, {1}], [{8, 3}, {6, 7}, {1, 5}, {2, 4}], [{8, 3}, {6, 7}, {2, 5}, {1, 4}], [{8, 3}, {6, 7}, {4, 5}, {1, 2}], [{8, 3}, {7}, {1, 6}, {2, 5}, {4}], [{8, 3}, {7}, {4, 6}, {5}, {1, 2}], [{8, 3}, {7}, {5, 6}, {4}, {1, 2}], [{8, 3}, {7}, {6}, {4, 5}, {1, 2}], [{8, 4}, {1, 7}, {2, 6}, {3, 5}], [{8, 4}, {1, 7}, {3, 6}, {2, 5}], [{8, 4}, {1, 7}, {5, 6}, {2, 3}], [{8, 4}, {2, 7}, {1, 6}, {3, 5}], [{8, 4}, {2, 7}, {3, 6}, {1, 5}], [{8, 4}, {2, 7}, {5, 6}, {1, 3}], [{8, 4}, {3, 7}, {1, 6}, {2, 5}], [{8, 4}, {3, 7}, {2, 6}, {1, 5}], [{8, 4}, {3, 7}, {2, 6}, {5}, {1}], [{8, 4}, {3, 7}, {5, 6}, {1, 2}], [{8, 4}, {3, 7}, {5, 6}, {2}, {1}], [{8, 4}, {3, 7}, {6}, {2, 5}, {1}], [{8, 4}, {5, 7}, {1, 6}, {2, 3}], [{8, 4}, {5, 7}, {2, 6}, {1, 3}], [{8, 4}, {5, 7}, {3, 6}, {1, 2}], [{8, 4}, {6, 7}, {1, 5}, {2, 3}], [{8, 4}, {6, 7}, {2, 5}, {1, 3}], [{8, 4}, {6, 7}, {3, 5}, {1, 2}], [{8, 4}, {6, 7}, {3, 5}, {2}, {1}], [{8, 4}, {7}, {1, 6}, {2, 5}, {3}], [{8, 4}, {7}, {5, 6}, {3}, {1, 2}], [{8, 5}, {1, 7}, {2, 6}, {3, 4}], [{8, 5}, {1, 7}, {3, 6}, {2, 4}], [{8, 5}, {1, 7}, {3, 6}, {4}, {2}], [{8, 5}, {1, 7}, {4, 6}, {2, 3}], [{8, 5}, {2, 7}, {1, 6}, {3, 4}], [{8, 5}, {2, 7}, {3, 6}, {1, 4}], [{8, 5}, {2, 7}, {4, 6}, {1, 3}], [{8, 5}, {3, 7}, {1, 6}, {2, 4}], [{8, 5}, {3, 7}, {2, 6}, {1, 4}], [{8, 5}, {3, 7}, {2, 6}, {4}, {1}], [{8, 5}, {3, 7}, {4, 6}, {1, 2}], [{8, 5}, {3, 7}, {4, 6}, {2}, {1}], [{8, 5}, {3, 7}, {6}, {2, 4}, {1}], [{8, 5}, {4, 7}, {1, 6}, {2, 3}], [{8, 5}, {4, 7}, {2, 6}, {1, 3}], [{8, 5}, {4, 7}, {3, 6}, {1, 2}], [{8, 5}, {6, 7}, {1, 4}, {2, 3}], [{8, 5}, {6, 7}, {2, 4}, {1, 3}], [{8, 5}, {6, 7}, {3, 4}, {1, 2}], [{8, 5}, {7}, {1, 6}, {4}, {2, 3}], [{8, 6}, {1, 7}, {2, 5}, {3, 4}], [{8, 6}, {1, 7}, {2, 5}, {4}, {3}], [{8, 6}, {1, 7}, {3, 5}, {2, 4}], [{8, 6}, {1, 7}, {3, 5}, {4}, {2}], [{8, 6}, {1, 7}, {4, 5}, {2, 3}], [{8, 6}, {1, 7}, {5}, {4}, {2, 3}], [{8, 6}, {2, 7}, {1, 5}, {3, 4}], [{8, 6}, {2, 7}, {3, 5}, {1, 4}], [{8, 6}, {2, 7}, {4, 5}, {1, 3}], [{8, 6}, {3, 7}, {1, 5}, {2, 4}], [{8, 6}, {3, 7}, {2, 5}, {1, 4}], [{8, 6}, {3, 7}, {2, 5}, {4}, {1}], [{8, 6}, {3, 7}, {4, 5}, {1, 2}], [{8, 6}, {3, 7}, {4, 5}, {2}, {1}], [{8, 6}, {3, 7}, {5}, {2, 4}, {1}], [{8, 6}, {4, 7}, {1, 5}, {2, 3}], [{8, 6}, {4, 7}, {2, 5}, {1, 3}], [{8, 6}, {4, 7}, {3, 5}, {1, 2}], [{8, 6}, {5, 7}, {1, 4}, {2, 3}], [{8, 6}, {5, 7}, {2, 4}, {1, 3}], [{8, 6}, {5, 7}, {3, 4}, {1, 2}], [{8, 6}, {5, 7}, {4}, {2, 3}, {1}], [{8, 6}, {7}, {1, 5}, {4}, {2, 3}], [{8, 6}, {7}, {2, 5}, {4}, {1, 3}], [{8, 7}, {1, 6}, {2, 5}, {3, 4}], [{8, 7}, {1, 6}, {3, 5}, {2, 4}], [{8, 7}, {1, 6}, {3, 5}, {4}, {2}], [{8, 7}, {1, 6}, {4, 5}, {2, 3}], [{8, 7}, {1, 6}, {5}, {2, 4}, {3}], [{8, 7}, {2, 6}, {1, 5}, {3, 4}], [{8, 7}, {2, 6}, {3, 5}, {1, 4}], [{8, 7}, {2, 6}, {4, 5}, {1, 3}], [{8, 7}, {3, 6}, {1, 5}, {2, 4}], [{8, 7}, {3, 6}, {1, 5}, {4}, {2}], [{8, 7}, {3, 6}, {2, 5}, {1, 4}], [{8, 7}, {3, 6}, {4, 5}, {1, 2}], [{8, 7}, {3, 6}, {5}, {2, 4}, {1}], [{8, 7}, {4, 6}, {1, 5}, {2, 3}], [{8, 7}, {4, 6}, {2, 5}, {1, 3}], [{8, 7}, {4, 6}, {3, 5}, {1, 2}], [{8, 7}, {4, 6}, {5}, {3}, {1, 2}], [{8, 7}, {5, 6}, {1, 4}, {2, 3}], [{8, 7}, {5, 6}, {2, 4}, {1, 3}], [{8, 7}, {5, 6}, {3, 4}, {1, 2}], [{8, 7}, {5, 6}, {3, 4}, {2}, {1}], [{8, 7}, {5, 6}, {4}, {3}, {1, 2}], [{8, 7}, {6}, {4, 5}, {3}, {1, 2}], [{8, 7}, {6}, {5}, {2, 4}, {1, 3}], [{8}, {1, 7}, {5, 6}, {3, 4}, {2}], [{8}, {2, 7}, {5, 6}, {3, 4}, {1}], [{8}, {3, 7}, {1, 6}, {4, 5}, {2}], [{8}, {3, 7}, {2, 6}, {4, 5}, {1}], [{8}, {3, 7}, {4, 6}, {1, 5}, {2}], [{8}, {3, 7}, {4, 6}, {2, 5}, {1}], [{8}, {3, 7}, {4, 6}, {5}, {1, 2}], [{8}, {3, 7}, {4, 6}, {5}, {2}, {1}], [{8}, {3, 7}, {5, 6}, {1, 4}, {2}], [{8}, {3, 7}, {5, 6}, {2, 4}, {1}], [{8}, {3, 7}, {5, 6}, {4}, {1, 2}], [{8}, {3, 7}, {5, 6}, {4}, {2}, {1}], [{8}, {3, 7}, {6}, {4, 5}, {1, 2}], [{8}, {3, 7}, {6}, {4, 5}, {2}, {1}], [{8}, {4, 7}, {5, 6}, {1, 3}, {2}], [{8}, {4, 7}, {5, 6}, {2, 3}, {1}], [{8}, {4, 7}, {5, 6}, {3}, {1, 2}], [{8}, {4, 7}, {5, 6}, {3}, {2}, {1}], [{8}, {6, 7}, {3, 5}, {1, 4}, {2}], [{8}, {6, 7}, {3, 5}, {2, 4}, {1}], [{8}, {6, 7}, {3, 5}, {4}, {1, 2}], [{8}, {6, 7}, {3, 5}, {4}, {2}, {1}], [{8}, {7}, {1, 6}, {2, 5}, {3, 4}], [{8}, {7}, {2, 6}, {1, 5}, {3, 4}], [{8}, {7}, {3, 6}, {1, 5}, {2, 4}], [{8}, {7}, {3, 6}, {2, 5}, {1, 4}], [{8}, {7}, {5, 6}, {3, 4}, {1, 2}], [{8}, {7}, {5, 6}, {3, 4}, {2}, {1}]]",2,4 K_1^3 - 12 K_1^2 - 8 K_1 K_2 + K_1 + 6 K_2 + 3 K_3 + 7,O1O2O3U4O5U1U3U6O7O8U2O6U5U7O4U8,O1O2O3U4O5U2U6U3O7U5O8O4U1O6U7U8,O1O2O3U4U5O6U3O7O4U8O5U1U6U2O8U7,c,"{'O1O2O3U4O5U6U7U1O8O4O6U2U8U3O7U5', 'O1O2O3U4O5U6U7O8U2O4O6U8U1U3O7U5'}",2,"<a href=""/flatknot/8.1101721"">8.1101721</a>",t^9-38t^7-76t^6+118t^5+220t^4-113t^3-78t^2+203t+114,-2t^2+4t,,
8.1101722,O1O2O3U4O5U6U7O8U2O4O6U8U1U5O7U3,4,z^3+16z^2+66z+77,w^4z^3+16w^3z^2+66w^2z+77w,False,False,"[[ 0 -1  0  2 -1  2  0 -1 -1],[ 1  0  1  2  0  1  2  1 -1],[ 0 -1  0  0  0  0  1  0 -1],[-2 -2  0  0 -2  0 -1 -1 -2],[ 1  0  0  2  0  2  0  0  0],[-2 -1  0  0 -2  0 -1 -1 -1],[ 0 -2 -1  1  0  1  0 -1 -1],[ 1 -1  0  1  0  1  1  0 -1],[ 1  1  1  2  0  1  1  1  0]]","[[ 0  2  2  0  0 -1 -1 -1 -1],[-2  0  0  0 -1 -1 -1 -1 -2],[-2  0  0  0 -1 -1 -2 -2 -2],[ 0  0  0  0  1  0 -1 -1  0],[ 0  1  1 -1  0 -1 -1 -2  0],[ 1  1  1  0  1  0 -1 -1  0],[ 1  1  2  1  1  1  0  1  0],[ 1  1  2  1  2  1 -1  0  0],[ 1  2  2  0  0  0  0  0  0]]",True,"[-2,-2,0,0,1,1,1,1,0,0,1,1,1,1,2,0,1,1,2,2,2,-1,0,1,1,0,1,1,2,0,1,1,0,-1,0,0]","[-2,-2,0,0,1,1,1,1,0,0,1,1,1,1,2,0,1,1,2,2,2,-1,0,1,1,0,1,1,2,0,1,1,0,-1,0,0]",t^8+34t^6+161t^4+23t^2,"[-1,-1,-1,-1,0,0,2,2,-1,-1,0,0,0,1,2,-1,0,-1,0,1,2,0,0,1,2,2,1,1,1,1,1,1,1,2,2,0]","[-2,-2,0,0,1,1,1,1,0,1,2,1,1,1,2,1,2,1,2,2,2,-1,1,-1,0,0,1,0,0,1,0,0,0,-1,1,1]","[-1,-1,-1,-1,0,0,2,2,-1,-1,0,0,1,1,1,-1,0,1,2,1,2,0,1,1,1,2,0,0,2,2,1,0,0,1,1,0]",c,"[[{8, 1}, {2, 7}, {3, 6}, {4, 5}], [{8, 1}, {2, 7}, {4, 6}, {3, 5}], [{8, 1}, {2, 7}, {5, 6}, {3, 4}], [{8, 1}, {3, 7}, {2, 6}, {4, 5}], [{8, 1}, {3, 7}, {4, 6}, {2, 5}], [{8, 1}, {3, 7}, {5, 6}, {2, 4}], [{8, 1}, {4, 7}, {2, 6}, {3, 5}], [{8, 1}, {4, 7}, {2, 6}, {5}, {3}], [{8, 1}, {4, 7}, {3, 6}, {2, 5}], [{8, 1}, {4, 7}, {5, 6}, {2, 3}], [{8, 1}, {5, 7}, {2, 6}, {3, 4}], [{8, 1}, {5, 7}, {3, 6}, {2, 4}], [{8, 1}, {5, 7}, {4, 6}, {2, 3}], [{8, 1}, {5, 7}, {6}, {3, 4}, {2}], [{8, 1}, {6, 7}, {2, 5}, {3, 4}], [{8, 1}, {6, 7}, {2, 5}, {4}, {3}], [{8, 1}, {6, 7}, {3, 5}, {2, 4}], [{8, 1}, {6, 7}, {4, 5}, {2, 3}], [{8, 1}, {7}, {3, 6}, {4, 5}, {2}], [{8, 2}, {1, 7}, {3, 6}, {4, 5}], [{8, 2}, {1, 7}, {4, 6}, {3, 5}], [{8, 2}, {1, 7}, {4, 6}, {5}, {3}], [{8, 2}, {1, 7}, {5, 6}, {3, 4}], [{8, 2}, {3, 7}, {1, 6}, {4, 5}], [{8, 2}, {3, 7}, {4, 6}, {1, 5}], [{8, 2}, {3, 7}, {4, 6}, {5}, {1}], [{8, 2}, {3, 7}, {5, 6}, {1, 4}], [{8, 2}, {3, 7}, {5, 6}, {4}, {1}], [{8, 2}, {3, 7}, {6}, {4, 5}, {1}], [{8, 2}, {4, 7}, {1, 6}, {3, 5}], [{8, 2}, {4, 7}, {1, 6}, {5}, {3}], [{8, 2}, {4, 7}, {3, 6}, {1, 5}], [{8, 2}, {4, 7}, {3, 6}, {5}, {1}], [{8, 2}, {4, 7}, {5, 6}, {1, 3}], [{8, 2}, {4, 7}, {5, 6}, {3}, {1}], [{8, 2}, {4, 7}, {6}, {1, 5}, {3}], [{8, 2}, {4, 7}, {6}, {3, 5}, {1}], [{8, 2}, {4, 7}, {6}, {5}, {1, 3}], [{8, 2}, {4, 7}, {6}, {5}, {3}, {1}], [{8, 2}, {5, 7}, {1, 6}, {3, 4}], [{8, 2}, {5, 7}, {3, 6}, {1, 4}], [{8, 2}, {5, 7}, {3, 6}, {4}, {1}], [{8, 2}, {5, 7}, {4, 6}, {1, 3}], [{8, 2}, {5, 7}, {4, 6}, {3}, {1}], [{8, 2}, {5, 7}, {6}, {3, 4}, {1}], [{8, 2}, {6, 7}, {1, 5}, {3, 4}], [{8, 2}, {6, 7}, {1, 5}, {4}, {3}], [{8, 2}, {6, 7}, {3, 5}, {1, 4}], [{8, 2}, {6, 7}, {3, 5}, {4}, {1}], [{8, 2}, {6, 7}, {4, 5}, {1, 3}], [{8, 2}, {6, 7}, {4, 5}, {3}, {1}], [{8, 2}, {6, 7}, {5}, {1, 4}, {3}], [{8, 2}, {6, 7}, {5}, {3, 4}, {1}], [{8, 2}, {6, 7}, {5}, {4}, {1, 3}], [{8, 2}, {6, 7}, {5}, {4}, {3}, {1}], [{8, 2}, {7}, {3, 6}, {4, 5}, {1}], [{8, 2}, {7}, {4, 6}, {1, 5}, {3}], [{8, 2}, {7}, {4, 6}, {3, 5}, {1}], [{8, 2}, {7}, {4, 6}, {5}, {1, 3}], [{8, 2}, {7}, {4, 6}, {5}, {3}, {1}], [{8, 2}, {7}, {5, 6}, {3, 4}, {1}], [{8, 3}, {1, 7}, {2, 6}, {4, 5}], [{8, 3}, {1, 7}, {4, 6}, {2, 5}], [{8, 3}, {1, 7}, {4, 6}, {5}, {2}], [{8, 3}, {1, 7}, {5, 6}, {2, 4}], [{8, 3}, {1, 7}, {6}, {2, 5}, {4}], [{8, 3}, {2, 7}, {1, 6}, {4, 5}], [{8, 3}, {2, 7}, {4, 6}, {1, 5}], [{8, 3}, {2, 7}, {5, 6}, {1, 4}], [{8, 3}, {2, 7}, {6}, {4, 5}, {1}], [{8, 3}, {4, 7}, {1, 6}, {2, 5}], [{8, 3}, {4, 7}, {2, 6}, {1, 5}], [{8, 3}, {4, 7}, {5, 6}, {1, 2}], [{8, 3}, {5, 7}, {1, 6}, {2, 4}], [{8, 3}, {5, 7}, {1, 6}, {4}, {2}], [{8, 3}, {5, 7}, {2, 6}, {1, 4}], [{8, 3}, {5, 7}, {4, 6}, {1, 2}], [{8, 3}, {6, 7}, {1, 5}, {2, 4}], [{8, 3}, {6, 7}, {2, 5}, {1, 4}], [{8, 3}, {6, 7}, {4, 5}, {1, 2}], [{8, 3}, {7}, {1, 6}, {5}, {2, 4}], [{8, 3}, {7}, {2, 6}, {5}, {1, 4}], [{8, 4}, {1, 7}, {2, 6}, {3, 5}], [{8, 4}, {1, 7}, {3, 6}, {2, 5}], [{8, 4}, {1, 7}, {5, 6}, {2, 3}], [{8, 4}, {2, 7}, {1, 6}, {3, 5}], [{8, 4}, {2, 7}, {3, 6}, {1, 5}], [{8, 4}, {2, 7}, {5, 6}, {1, 3}], [{8, 4}, {2, 7}, {6}, {5}, {1, 3}], [{8, 4}, {3, 7}, {1, 6}, {2, 5}], [{8, 4}, {3, 7}, {2, 6}, {1, 5}], [{8, 4}, {3, 7}, {5, 6}, {1, 2}], [{8, 4}, {5, 7}, {1, 6}, {2, 3}], [{8, 4}, {5, 7}, {1, 6}, {3}, {2}], [{8, 4}, {5, 7}, {2, 6}, {1, 3}], [{8, 4}, {5, 7}, {3, 6}, {1, 2}], [{8, 4}, {6, 7}, {1, 5}, {2, 3}], [{8, 4}, {6, 7}, {2, 5}, {1, 3}], [{8, 4}, {6, 7}, {3, 5}, {1, 2}], [{8, 5}, {1, 7}, {2, 6}, {3, 4}], [{8, 5}, {1, 7}, {3, 6}, {2, 4}], [{8, 5}, {1, 7}, {4, 6}, {2, 3}], [{8, 5}, {1, 7}, {6}, {2, 4}, {3}], [{8, 5}, {2, 7}, {1, 6}, {3, 4}], [{8, 5}, {2, 7}, {3, 6}, {1, 4}], [{8, 5}, {2, 7}, {4, 6}, {1, 3}], [{8, 5}, {3, 7}, {1, 6}, {2, 4}], [{8, 5}, {3, 7}, {2, 6}, {1, 4}], [{8, 5}, {3, 7}, {4, 6}, {1, 2}], [{8, 5}, {4, 7}, {1, 6}, {2, 3}], [{8, 5}, {4, 7}, {2, 6}, {1, 3}], [{8, 5}, {4, 7}, {3, 6}, {1, 2}], [{8, 5}, {6, 7}, {1, 4}, {2, 3}], [{8, 5}, {6, 7}, {2, 4}, {1, 3}], [{8, 5}, {6, 7}, {3, 4}, {1, 2}], [{8, 5}, {6, 7}, {4}, {3}, {1, 2}], [{8, 5}, {7}, {2, 6}, {4}, {1, 3}], [{8, 5}, {7}, {6}, {3, 4}, {1, 2}], [{8, 6}, {1, 7}, {2, 5}, {3, 4}], [{8, 6}, {1, 7}, {3, 5}, {2, 4}], [{8, 6}, {1, 7}, {4, 5}, {2, 3}], [{8, 6}, {1, 7}, {5}, {2, 4}, {3}], [{8, 6}, {2, 7}, {1, 5}, {3, 4}], [{8, 6}, {2, 7}, {3, 5}, {1, 4}], [{8, 6}, {2, 7}, {4, 5}, {1, 3}], [{8, 6}, {2, 7}, {4, 5}, {3}, {1}], [{8, 6}, {2, 7}, {5}, {4}, {1, 3}], [{8, 6}, {3, 7}, {1, 5}, {2, 4}], [{8, 6}, {3, 7}, {2, 5}, {1, 4}], [{8, 6}, {3, 7}, {4, 5}, {1, 2}], [{8, 6}, {4, 7}, {1, 5}, {2, 3}], [{8, 6}, {4, 7}, {2, 5}, {1, 3}], [{8, 6}, {4, 7}, {3, 5}, {1, 2}], [{8, 6}, {4, 7}, {5}, {3}, {1, 2}], [{8, 6}, {5, 7}, {1, 4}, {2, 3}], [{8, 6}, {5, 7}, {1, 4}, {3}, {2}], [{8, 6}, {5, 7}, {2, 4}, {1, 3}], [{8, 6}, {5, 7}, {3, 4}, {1, 2}], [{8, 6}, {5, 7}, {3, 4}, {2}, {1}], [{8, 6}, {5, 7}, {4}, {1, 3}, {2}], [{8, 6}, {7}, {2, 5}, {4}, {1, 3}], [{8, 6}, {7}, {3, 5}, {2, 4}, {1}], [{8, 7}, {1, 6}, {2, 5}, {3, 4}], [{8, 7}, {1, 6}, {3, 5}, {2, 4}], [{8, 7}, {1, 6}, {4, 5}, {2, 3}], [{8, 7}, {1, 6}, {5}, {2, 4}, {3}], [{8, 7}, {2, 6}, {1, 5}, {3, 4}], [{8, 7}, {2, 6}, {3, 5}, {1, 4}], [{8, 7}, {2, 6}, {4, 5}, {1, 3}], [{8, 7}, {2, 6}, {5}, {1, 4}, {3}], [{8, 7}, {3, 6}, {1, 5}, {2, 4}], [{8, 7}, {3, 6}, {2, 5}, {1, 4}], [{8, 7}, {3, 6}, {4, 5}, {1, 2}], [{8, 7}, {3, 6}, {4, 5}, {2}, {1}], [{8, 7}, {4, 6}, {1, 5}, {2, 3}], [{8, 7}, {4, 6}, {2, 5}, {1, 3}], [{8, 7}, {4, 6}, {3, 5}, {1, 2}], [{8, 7}, {4, 6}, {5}, {1, 3}, {2}], [{8, 7}, {5, 6}, {1, 4}, {2, 3}], [{8, 7}, {5, 6}, {2, 4}, {1, 3}], [{8, 7}, {5, 6}, {3, 4}, {1, 2}], [{8, 7}, {5, 6}, {4}, {2, 3}, {1}], [{8, 7}, {6}, {5}, {3, 4}, {1, 2}], [{8}, {1, 7}, {3, 6}, {4, 5}, {2}], [{8}, {1, 7}, {4, 6}, {5}, {2, 3}], [{8}, {1, 7}, {5, 6}, {2, 4}, {3}], [{8}, {2, 7}, {3, 6}, {4, 5}, {1}], [{8}, {2, 7}, {4, 6}, {5}, {1, 3}], [{8}, {2, 7}, {5, 6}, {1, 4}, {3}], [{8}, {3, 7}, {1, 6}, {5}, {2, 4}], [{8}, {3, 7}, {2, 6}, {5}, {1, 4}], [{8}, {5, 7}, {1, 6}, {3, 4}, {2}], [{8}, {5, 7}, {2, 6}, {3, 4}, {1}], [{8}, {5, 7}, {6}, {3, 4}, {1, 2}], [{8}, {5, 7}, {6}, {3, 4}, {2}, {1}], [{8}, {7}, {3, 6}, {1, 5}, {2, 4}], [{8}, {7}, {3, 6}, {2, 5}, {1, 4}], [{8}, {7}, {3, 6}, {4, 5}, {1, 2}], [{8}, {7}, {3, 6}, {4, 5}, {2}, {1}]]",2,4 K_1^3 - 16 K_1^2 - 8 K_1 K_2 + K_1 + 8 K_2 + 3 K_3 + 9,O1O2O3U1O4U5U3U6O7O8U2O6U4U7O5U8,O1O2O3U4O5U2U6U5O7U3O8O4U1O6U7U8,O1O2O3U4U5O6U3O7O4U1O5U8U6U2O8U7,c,"{'O1O2O3U4O5U6U7U1O8O4O6U2U8U5O7U3', 'O1O2O3U4O5U6U7O8U2O4O6U8U1U5O7U3'}",2,"<a href=""/flatknot/8.1101722"">8.1101722</a>",t^9-30t^7-70t^6-5t^5+60t^4-29t^3-54t^2-t+2,-2t^2+4t,,
8.1101723,O1O2O3U4O5U6U7O8U2O4O6U8U3U1O7U5,4,2z^3+25z^2+104z+125,2w^4z^3+25w^3z^2+104w^2z+125w,False,False,"[[ 0  0  0  1 -1  2  0 -1 -1],[ 0  0  0  1 -1  1  1  0 -1],[ 0  0  0  0  0  0  1  0 -1],[-1 -1  0  0 -1 -1  1  1 -2],[ 1  1  0  1  0  3  0 -1  0],[-2 -1  0  1 -3  0 -2 -1 -1],[ 0 -1 -1 -1  0  2  0 -1 -1],[ 1  0  0 -1  1  1  1  0 -1],[ 1  1  1  2  0  1  1  1  0]]","[[ 0  2  1  0  0  0 -1 -1 -1],[-2  0  1  0 -1 -2 -1 -1 -3],[-1 -1  0  0 -1  1  1 -2 -1],[ 0  0  0  0  0  1  0 -1  0],[ 0  1  1  0  0  1  0 -1 -1],[ 0  2 -1 -1 -1  0 -1 -1  0],[ 1  1 -1  0  0  1  0 -1  1],[ 1  1  2  1  1  1  1  0  0],[ 1  3  1  0  1  0 -1  0  0]]",True,"[-2,-1,0,0,0,1,1,1,-1,0,1,2,1,1,3,0,1,-1,-1,2,1,0,-1,0,1,0,-1,0,1,1,1,1,0,1,-1,0]","[-2,-1,0,0,0,1,1,1,-1,0,1,2,1,1,3,0,1,-1,-1,2,1,0,-1,0,1,0,-1,0,1,1,1,1,0,1,-1,0]",t^8+34t^6+284t^4+136t^2+4,"[-1,-1,-1,0,0,0,1,2,-1,0,0,0,0,0,2,-1,0,1,1,3,2,1,0,1,1,0,1,1,2,0,0,0,1,1,2,2]","[-2,-1,0,0,0,1,1,1,2,0,1,2,0,2,2,2,0,1,1,0,3,-1,-1,1,0,0,0,0,0,1,1,0,1,0,-1,1]","[-1,-1,-1,0,0,0,1,2,-1,0,0,0,1,1,3,-1,0,1,0,-1,1,1,1,1,2,1,1,0,0,0,-1,-1,2,1,1,-1]",c,"[[{8, 1}, {2, 7}, {3, 6}, {4, 5}], [{8, 1}, {2, 7}, {4, 6}, {3, 5}], [{8, 1}, {2, 7}, {5, 6}, {3, 4}], [{8, 1}, {3, 7}, {2, 6}, {4, 5}], [{8, 1}, {3, 7}, {4, 6}, {2, 5}], [{8, 1}, {3, 7}, {5, 6}, {2, 4}], [{8, 1}, {3, 7}, {6}, {2, 5}, {4}], [{8, 1}, {4, 7}, {2, 6}, {3, 5}], [{8, 1}, {4, 7}, {3, 6}, {2, 5}], [{8, 1}, {4, 7}, {5, 6}, {2, 3}], [{8, 1}, {4, 7}, {6}, {2, 5}, {3}], [{8, 1}, {5, 7}, {2, 6}, {3, 4}], [{8, 1}, {5, 7}, {3, 6}, {2, 4}], [{8, 1}, {5, 7}, {4, 6}, {2, 3}], [{8, 1}, {5, 7}, {6}, {4}, {2, 3}], [{8, 1}, {6, 7}, {2, 5}, {3, 4}], [{8, 1}, {6, 7}, {3, 5}, {2, 4}], [{8, 1}, {6, 7}, {4, 5}, {2, 3}], [{8, 1}, {6, 7}, {4, 5}, {3}, {2}], [{8, 1}, {7}, {6}, {2, 5}, {3, 4}], [{8, 2}, {1, 7}, {3, 6}, {4, 5}], [{8, 2}, {1, 7}, {4, 6}, {3, 5}], [{8, 2}, {1, 7}, {5, 6}, {3, 4}], [{8, 2}, {3, 7}, {1, 6}, {4, 5}], [{8, 2}, {3, 7}, {4, 6}, {1, 5}], [{8, 2}, {3, 7}, {5, 6}, {1, 4}], [{8, 2}, {3, 7}, {5, 6}, {4}, {1}], [{8, 2}, {3, 7}, {6}, {5}, {1, 4}], [{8, 2}, {4, 7}, {1, 6}, {3, 5}], [{8, 2}, {4, 7}, {3, 6}, {1, 5}], [{8, 2}, {4, 7}, {5, 6}, {1, 3}], [{8, 2}, {4, 7}, {6}, {1, 5}, {3}], [{8, 2}, {5, 7}, {1, 6}, {3, 4}], [{8, 2}, {5, 7}, {3, 6}, {1, 4}], [{8, 2}, {5, 7}, {3, 6}, {4}, {1}], [{8, 2}, {5, 7}, {4, 6}, {1, 3}], [{8, 2}, {5, 7}, {4, 6}, {3}, {1}], [{8, 2}, {5, 7}, {6}, {3, 4}, {1}], [{8, 2}, {6, 7}, {1, 5}, {3, 4}], [{8, 2}, {6, 7}, {3, 5}, {1, 4}], [{8, 2}, {6, 7}, {4, 5}, {1, 3}], [{8, 2}, {7}, {1, 6}, {5}, {3, 4}], [{8, 3}, {1, 7}, {2, 6}, {4, 5}], [{8, 3}, {1, 7}, {4, 6}, {2, 5}], [{8, 3}, {1, 7}, {5, 6}, {2, 4}], [{8, 3}, {2, 7}, {1, 6}, {4, 5}], [{8, 3}, {2, 7}, {4, 6}, {1, 5}], [{8, 3}, {2, 7}, {5, 6}, {1, 4}], [{8, 3}, {2, 7}, {5, 6}, {4}, {1}], [{8, 3}, {2, 7}, {6}, {5}, {1, 4}], [{8, 3}, {4, 7}, {1, 6}, {2, 5}], [{8, 3}, {4, 7}, {2, 6}, {1, 5}], [{8, 3}, {4, 7}, {5, 6}, {1, 2}], [{8, 3}, {5, 7}, {1, 6}, {2, 4}], [{8, 3}, {5, 7}, {2, 6}, {1, 4}], [{8, 3}, {5, 7}, {4, 6}, {1, 2}], [{8, 3}, {6, 7}, {1, 5}, {2, 4}], [{8, 3}, {6, 7}, {2, 5}, {1, 4}], [{8, 3}, {6, 7}, {4, 5}, {1, 2}], [{8, 3}, {7}, {1, 6}, {2, 5}, {4}], [{8, 3}, {7}, {6}, {1, 5}, {2, 4}], [{8, 4}, {1, 7}, {2, 6}, {3, 5}], [{8, 4}, {1, 7}, {3, 6}, {2, 5}], [{8, 4}, {1, 7}, {5, 6}, {2, 3}], [{8, 4}, {2, 7}, {1, 6}, {3, 5}], [{8, 4}, {2, 7}, {3, 6}, {1, 5}], [{8, 4}, {2, 7}, {5, 6}, {1, 3}], [{8, 4}, {3, 7}, {1, 6}, {2, 5}], [{8, 4}, {3, 7}, {2, 6}, {1, 5}], [{8, 4}, {3, 7}, {5, 6}, {1, 2}], [{8, 4}, {3, 7}, {5, 6}, {2}, {1}], [{8, 4}, {5, 7}, {1, 6}, {2, 3}], [{8, 4}, {5, 7}, {2, 6}, {1, 3}], [{8, 4}, {5, 7}, {3, 6}, {1, 2}], [{8, 4}, {5, 7}, {6}, {2, 3}, {1}], [{8, 4}, {6, 7}, {1, 5}, {2, 3}], [{8, 4}, {6, 7}, {1, 5}, {3}, {2}], [{8, 4}, {6, 7}, {2, 5}, {1, 3}], [{8, 4}, {6, 7}, {3, 5}, {1, 2}], [{8, 5}, {1, 7}, {2, 6}, {3, 4}], [{8, 5}, {1, 7}, {3, 6}, {2, 4}], [{8, 5}, {1, 7}, {4, 6}, {2, 3}], [{8, 5}, {2, 7}, {1, 6}, {3, 4}], [{8, 5}, {2, 7}, {3, 6}, {1, 4}], [{8, 5}, {2, 7}, {4, 6}, {1, 3}], [{8, 5}, {2, 7}, {6}, {3, 4}, {1}], [{8, 5}, {3, 7}, {1, 6}, {2, 4}], [{8, 5}, {3, 7}, {2, 6}, {1, 4}], [{8, 5}, {3, 7}, {4, 6}, {1, 2}], [{8, 5}, {3, 7}, {4, 6}, {2}, {1}], [{8, 5}, {4, 7}, {1, 6}, {2, 3}], [{8, 5}, {4, 7}, {2, 6}, {1, 3}], [{8, 5}, {4, 7}, {3, 6}, {1, 2}], [{8, 5}, {6, 7}, {1, 4}, {2, 3}], [{8, 5}, {6, 7}, {2, 4}, {1, 3}], [{8, 5}, {6, 7}, {3, 4}, {1, 2}], [{8, 5}, {6, 7}, {3, 4}, {2}, {1}], [{8, 5}, {7}, {2, 6}, {3, 4}, {1}], [{8, 5}, {7}, {3, 6}, {2, 4}, {1}], [{8, 6}, {1, 7}, {2, 5}, {3, 4}], [{8, 6}, {1, 7}, {2, 5}, {4}, {3}], [{8, 6}, {1, 7}, {3, 5}, {2, 4}], [{8, 6}, {1, 7}, {3, 5}, {4}, {2}], [{8, 6}, {1, 7}, {4, 5}, {2, 3}], [{8, 6}, {1, 7}, {4, 5}, {3}, {2}], [{8, 6}, {1, 7}, {5}, {2, 4}, {3}], [{8, 6}, {1, 7}, {5}, {3, 4}, {2}], [{8, 6}, {1, 7}, {5}, {4}, {2, 3}], [{8, 6}, {1, 7}, {5}, {4}, {3}, {2}], [{8, 6}, {2, 7}, {1, 5}, {3, 4}], [{8, 6}, {2, 7}, {3, 5}, {1, 4}], [{8, 6}, {2, 7}, {4, 5}, {1, 3}], [{8, 6}, {2, 7}, {5}, {1, 4}, {3}], [{8, 6}, {3, 7}, {1, 5}, {2, 4}], [{8, 6}, {3, 7}, {1, 5}, {4}, {2}], [{8, 6}, {3, 7}, {2, 5}, {1, 4}], [{8, 6}, {3, 7}, {4, 5}, {1, 2}], [{8, 6}, {3, 7}, {4, 5}, {2}, {1}], [{8, 6}, {3, 7}, {5}, {1, 4}, {2}], [{8, 6}, {4, 7}, {1, 5}, {2, 3}], [{8, 6}, {4, 7}, {1, 5}, {3}, {2}], [{8, 6}, {4, 7}, {2, 5}, {1, 3}], [{8, 6}, {4, 7}, {2, 5}, {3}, {1}], [{8, 6}, {4, 7}, {3, 5}, {1, 2}], [{8, 6}, {4, 7}, {3, 5}, {2}, {1}], [{8, 6}, {4, 7}, {5}, {1, 3}, {2}], [{8, 6}, {4, 7}, {5}, {2, 3}, {1}], [{8, 6}, {4, 7}, {5}, {3}, {1, 2}], [{8, 6}, {4, 7}, {5}, {3}, {2}, {1}], [{8, 6}, {5, 7}, {1, 4}, {2, 3}], [{8, 6}, {5, 7}, {1, 4}, {3}, {2}], [{8, 6}, {5, 7}, {2, 4}, {1, 3}], [{8, 6}, {5, 7}, {3, 4}, {1, 2}], [{8, 6}, {5, 7}, {3, 4}, {2}, {1}], [{8, 6}, {5, 7}, {4}, {1, 3}, {2}], [{8, 6}, {7}, {1, 5}, {3, 4}, {2}], [{8, 6}, {7}, {2, 5}, {1, 4}, {3}], [{8, 6}, {7}, {3, 5}, {1, 4}, {2}], [{8, 6}, {7}, {4, 5}, {1, 3}, {2}], [{8, 6}, {7}, {5}, {1, 4}, {2, 3}], [{8, 6}, {7}, {5}, {1, 4}, {3}, {2}], [{8, 7}, {1, 6}, {2, 5}, {3, 4}], [{8, 7}, {1, 6}, {3, 5}, {2, 4}], [{8, 7}, {1, 6}, {4, 5}, {2, 3}], [{8, 7}, {1, 6}, {4, 5}, {3}, {2}], [{8, 7}, {2, 6}, {1, 5}, {3, 4}], [{8, 7}, {2, 6}, {3, 5}, {1, 4}], [{8, 7}, {2, 6}, {3, 5}, {4}, {1}], [{8, 7}, {2, 6}, {4, 5}, {1, 3}], [{8, 7}, {2, 6}, {4, 5}, {3}, {1}], [{8, 7}, {2, 6}, {5}, {3, 4}, {1}], [{8, 7}, {3, 6}, {1, 5}, {2, 4}], [{8, 7}, {3, 6}, {2, 5}, {1, 4}], [{8, 7}, {3, 6}, {2, 5}, {4}, {1}], [{8, 7}, {3, 6}, {4, 5}, {1, 2}], [{8, 7}, {4, 6}, {1, 5}, {2, 3}], [{8, 7}, {4, 6}, {1, 5}, {3}, {2}], [{8, 7}, {4, 6}, {2, 5}, {1, 3}], [{8, 7}, {4, 6}, {2, 5}, {3}, {1}], [{8, 7}, {4, 6}, {3, 5}, {1, 2}], [{8, 7}, {4, 6}, {5}, {3}, {1, 2}], [{8, 7}, {5, 6}, {1, 4}, {2, 3}], [{8, 7}, {5, 6}, {2, 4}, {1, 3}], [{8, 7}, {5, 6}, {3, 4}, {1, 2}], [{8, 7}, {5, 6}, {3, 4}, {2}, {1}], [{8, 7}, {5, 6}, {4}, {3}, {1, 2}], [{8, 7}, {6}, {2, 5}, {3, 4}, {1}], [{8, 7}, {6}, {4, 5}, {3}, {1, 2}], [{8, 7}, {6}, {5}, {2, 4}, {1, 3}], [{8}, {1, 7}, {6}, {2, 5}, {3, 4}], [{8}, {1, 7}, {6}, {3, 5}, {2, 4}], [{8}, {2, 7}, {1, 6}, {3, 5}, {4}], [{8}, {2, 7}, {3, 6}, {5}, {1, 4}], [{8}, {3, 7}, {2, 6}, {5}, {1, 4}], [{8}, {3, 7}, {5, 6}, {2, 4}, {1}], [{8}, {4, 7}, {1, 6}, {2, 5}, {3}], [{8}, {4, 7}, {2, 6}, {1, 5}, {3}], [{8}, {5, 7}, {2, 6}, {3, 4}, {1}], [{8}, {5, 7}, {6}, {1, 4}, {2, 3}], [{8}, {6, 7}, {2, 5}, {4}, {1, 3}], [{8}, {6, 7}, {3, 5}, {4}, {1, 2}], [{8}, {6, 7}, {4, 5}, {2, 3}, {1}], [{8}, {7}, {5, 6}, {3, 4}, {1, 2}]]",2,4 K_1^3 - 18 K_1^2 - 4 K_1 K_2 - K_1 + 9 K_2 + K_3 + 10,O1O2O3U4O5U3U1U6O7O8U2O6U5U7O4U8,O1O2O3U4O5U3U6U2O7U5O8O4U1O6U7U8,O1O2O3U4U5O6U3O7O4U8O5U2U6U1O8U7,c,{'O1O2O3U4O5U6U7O8U2O4O6U8U3U1O7U5'},1,"<a href=""/flatknot/8.1101723"">8.1101723</a>",t^9-32t^7-72t^6+37t^5+184t^4+52t^3-122t^2-44t+8,-t^2+2t,,
8.1101724,O1O2O3U4O5U6U7O8U2O4O6U8U5U1O7U3,4,14z^2+99z+143,14w^3z^2+99w^2z+143w,False,False,"[[ 0  0  0  2 -1  1  0 -1 -1],[ 0  0  0  1  0  0  1  0 -1],[ 0  0  0  0  0  0  1  0 -1],[-2 -1  0  0 -2  0 -1 -1 -2],[ 1  0  0  2  0  1  0  0  0],[-1  0  0  0 -1  0  0  0 -1],[ 0 -1 -1  1  0  0  0 -1 -1],[ 1  0  0  1  0  0  1  0 -1],[ 1  1  1  2  0  1  1  1  0]]","[[ 0  2  1  0  0  0 -1 -1 -1],[-2  0  0  0 -1 -1 -1 -2 -2],[-1  0  0  0  0  0  0 -1 -1],[ 0  0  0  0  1  0  0  0 -1],[ 0  1  0 -1  0 -1 -1  0 -1],[ 0  1  0  0  1  0  0  0 -1],[ 1  1  0  0  1  0  0  0 -1],[ 1  2  1  0  0  0  0  0  0],[ 1  2  1  1  1  1  1  0  0]]",True,"[-2,-1,0,0,0,1,1,1,0,0,1,1,1,2,2,0,0,0,0,1,1,-1,0,0,0,1,1,1,0,1,0,0,1,0,1,0]","[-2,-1,0,0,0,1,1,1,0,0,1,1,1,2,2,0,0,0,0,1,1,-1,0,0,0,1,1,1,0,1,0,0,1,0,1,0]",t^8+20t^6+65t^4+7t^2,"[-1,-1,-1,0,0,0,1,2,-1,0,0,0,0,1,1,0,0,1,1,2,2,1,1,1,1,1,1,1,1,1,0,1,1,1,2,1]","[-2,-1,0,0,0,1,1,1,1,1,1,2,1,1,2,1,1,1,1,1,2,-1,-1,0,1,0,0,0,1,1,0,1,1,0,1,0]","[-1,-1,-1,0,0,0,1,2,-1,0,0,0,1,0,1,0,1,1,1,1,2,0,0,0,1,2,0,1,0,0,1,0,1,0,1,0]",c,"[[{8, 1}, {2, 7}, {3, 6}, {4, 5}], [{8, 1}, {2, 7}, {4, 6}, {3, 5}], [{8, 1}, {2, 7}, {5, 6}, {3, 4}], [{8, 1}, {3, 7}, {2, 6}, {4, 5}], [{8, 1}, {3, 7}, {4, 6}, {2, 5}], [{8, 1}, {3, 7}, {5, 6}, {2, 4}], [{8, 1}, {3, 7}, {6}, {2, 5}, {4}], [{8, 1}, {4, 7}, {2, 6}, {3, 5}], [{8, 1}, {4, 7}, {2, 6}, {5}, {3}], [{8, 1}, {4, 7}, {3, 6}, {2, 5}], [{8, 1}, {4, 7}, {3, 6}, {5}, {2}], [{8, 1}, {4, 7}, {5, 6}, {2, 3}], [{8, 1}, {4, 7}, {6}, {5}, {2, 3}], [{8, 1}, {5, 7}, {2, 6}, {3, 4}], [{8, 1}, {5, 7}, {3, 6}, {2, 4}], [{8, 1}, {5, 7}, {4, 6}, {2, 3}], [{8, 1}, {6, 7}, {2, 5}, {3, 4}], [{8, 1}, {6, 7}, {3, 5}, {2, 4}], [{8, 1}, {6, 7}, {3, 5}, {4}, {2}], [{8, 1}, {6, 7}, {4, 5}, {2, 3}], [{8, 2}, {1, 7}, {3, 6}, {4, 5}], [{8, 2}, {1, 7}, {4, 6}, {3, 5}], [{8, 2}, {1, 7}, {5, 6}, {3, 4}], [{8, 2}, {3, 7}, {1, 6}, {4, 5}], [{8, 2}, {3, 7}, {4, 6}, {1, 5}], [{8, 2}, {3, 7}, {5, 6}, {1, 4}], [{8, 2}, {3, 7}, {5, 6}, {4}, {1}], [{8, 2}, {4, 7}, {1, 6}, {3, 5}], [{8, 2}, {4, 7}, {3, 6}, {1, 5}], [{8, 2}, {4, 7}, {5, 6}, {1, 3}], [{8, 2}, {4, 7}, {6}, {1, 5}, {3}], [{8, 2}, {5, 7}, {1, 6}, {3, 4}], [{8, 2}, {5, 7}, {3, 6}, {1, 4}], [{8, 2}, {5, 7}, {4, 6}, {1, 3}], [{8, 2}, {6, 7}, {1, 5}, {3, 4}], [{8, 2}, {6, 7}, {3, 5}, {1, 4}], [{8, 2}, {6, 7}, {4, 5}, {1, 3}], [{8, 2}, {7}, {3, 6}, {1, 5}, {4}], [{8, 2}, {7}, {3, 6}, {4, 5}, {1}], [{8, 2}, {7}, {3, 6}, {5}, {1, 4}], [{8, 3}, {1, 7}, {2, 6}, {4, 5}], [{8, 3}, {1, 7}, {4, 6}, {2, 5}], [{8, 3}, {1, 7}, {4, 6}, {5}, {2}], [{8, 3}, {1, 7}, {5, 6}, {2, 4}], [{8, 3}, {1, 7}, {6}, {2, 5}, {4}], [{8, 3}, {2, 7}, {1, 6}, {4, 5}], [{8, 3}, {2, 7}, {1, 6}, {5}, {4}], [{8, 3}, {2, 7}, {4, 6}, {1, 5}], [{8, 3}, {2, 7}, {5, 6}, {1, 4}], [{8, 3}, {4, 7}, {1, 6}, {2, 5}], [{8, 3}, {4, 7}, {1, 6}, {5}, {2}], [{8, 3}, {4, 7}, {2, 6}, {1, 5}], [{8, 3}, {4, 7}, {5, 6}, {1, 2}], [{8, 3}, {5, 7}, {1, 6}, {2, 4}], [{8, 3}, {5, 7}, {2, 6}, {1, 4}], [{8, 3}, {5, 7}, {4, 6}, {1, 2}], [{8, 3}, {5, 7}, {4, 6}, {2}, {1}], [{8, 3}, {6, 7}, {1, 5}, {2, 4}], [{8, 3}, {6, 7}, {2, 5}, {1, 4}], [{8, 3}, {6, 7}, {4, 5}, {1, 2}], [{8, 3}, {6, 7}, {4, 5}, {2}, {1}], [{8, 3}, {7}, {1, 6}, {5}, {2, 4}], [{8, 3}, {7}, {2, 6}, {5}, {1, 4}], [{8, 3}, {7}, {4, 6}, {1, 5}, {2}], [{8, 4}, {1, 7}, {2, 6}, {3, 5}], [{8, 4}, {1, 7}, {2, 6}, {5}, {3}], [{8, 4}, {1, 7}, {3, 6}, {2, 5}], [{8, 4}, {1, 7}, {3, 6}, {5}, {2}], [{8, 4}, {1, 7}, {5, 6}, {2, 3}], [{8, 4}, {1, 7}, {6}, {5}, {2, 3}], [{8, 4}, {2, 7}, {1, 6}, {3, 5}], [{8, 4}, {2, 7}, {3, 6}, {1, 5}], [{8, 4}, {2, 7}, {5, 6}, {1, 3}], [{8, 4}, {3, 7}, {1, 6}, {2, 5}], [{8, 4}, {3, 7}, {2, 6}, {1, 5}], [{8, 4}, {3, 7}, {5, 6}, {1, 2}], [{8, 4}, {3, 7}, {6}, {2, 5}, {1}], [{8, 4}, {5, 7}, {1, 6}, {2, 3}], [{8, 4}, {5, 7}, {2, 6}, {1, 3}], [{8, 4}, {5, 7}, {3, 6}, {1, 2}], [{8, 4}, {5, 7}, {3, 6}, {2}, {1}], [{8, 4}, {6, 7}, {1, 5}, {2, 3}], [{8, 4}, {6, 7}, {2, 5}, {1, 3}], [{8, 4}, {6, 7}, {3, 5}, {1, 2}], [{8, 4}, {6, 7}, {5}, {3}, {1, 2}], [{8, 4}, {7}, {3, 6}, {1, 5}, {2}], [{8, 5}, {1, 7}, {2, 6}, {3, 4}], [{8, 5}, {1, 7}, {3, 6}, {2, 4}], [{8, 5}, {1, 7}, {4, 6}, {2, 3}], [{8, 5}, {1, 7}, {6}, {2, 4}, {3}], [{8, 5}, {2, 7}, {1, 6}, {3, 4}], [{8, 5}, {2, 7}, {3, 6}, {1, 4}], [{8, 5}, {2, 7}, {4, 6}, {1, 3}], [{8, 5}, {3, 7}, {1, 6}, {2, 4}], [{8, 5}, {3, 7}, {2, 6}, {1, 4}], [{8, 5}, {3, 7}, {2, 6}, {4}, {1}], [{8, 5}, {3, 7}, {4, 6}, {1, 2}], [{8, 5}, {4, 7}, {1, 6}, {2, 3}], [{8, 5}, {4, 7}, {2, 6}, {1, 3}], [{8, 5}, {4, 7}, {2, 6}, {3}, {1}], [{8, 5}, {4, 7}, {3, 6}, {1, 2}], [{8, 5}, {6, 7}, {1, 4}, {2, 3}], [{8, 5}, {6, 7}, {2, 4}, {1, 3}], [{8, 5}, {6, 7}, {3, 4}, {1, 2}], [{8, 5}, {6, 7}, {4}, {1, 3}, {2}], [{8, 5}, {7}, {2, 6}, {3, 4}, {1}], [{8, 5}, {7}, {6}, {1, 4}, {2, 3}], [{8, 6}, {1, 7}, {2, 5}, {3, 4}], [{8, 6}, {1, 7}, {3, 5}, {2, 4}], [{8, 6}, {1, 7}, {3, 5}, {4}, {2}], [{8, 6}, {1, 7}, {4, 5}, {2, 3}], [{8, 6}, {1, 7}, {4, 5}, {3}, {2}], [{8, 6}, {1, 7}, {5}, {3, 4}, {2}], [{8, 6}, {2, 7}, {1, 5}, {3, 4}], [{8, 6}, {2, 7}, {3, 5}, {1, 4}], [{8, 6}, {2, 7}, {3, 5}, {4}, {1}], [{8, 6}, {2, 7}, {4, 5}, {1, 3}], [{8, 6}, {2, 7}, {5}, {1, 4}, {3}], [{8, 6}, {3, 7}, {1, 5}, {2, 4}], [{8, 6}, {3, 7}, {1, 5}, {4}, {2}], [{8, 6}, {3, 7}, {2, 5}, {1, 4}], [{8, 6}, {3, 7}, {2, 5}, {4}, {1}], [{8, 6}, {3, 7}, {4, 5}, {1, 2}], [{8, 6}, {3, 7}, {4, 5}, {2}, {1}], [{8, 6}, {3, 7}, {5}, {1, 4}, {2}], [{8, 6}, {3, 7}, {5}, {2, 4}, {1}], [{8, 6}, {3, 7}, {5}, {4}, {1, 2}], [{8, 6}, {3, 7}, {5}, {4}, {2}, {1}], [{8, 6}, {4, 7}, {1, 5}, {2, 3}], [{8, 6}, {4, 7}, {1, 5}, {3}, {2}], [{8, 6}, {4, 7}, {2, 5}, {1, 3}], [{8, 6}, {4, 7}, {3, 5}, {1, 2}], [{8, 6}, {4, 7}, {3, 5}, {2}, {1}], [{8, 6}, {4, 7}, {5}, {1, 3}, {2}], [{8, 6}, {5, 7}, {1, 4}, {2, 3}], [{8, 6}, {5, 7}, {1, 4}, {3}, {2}], [{8, 6}, {5, 7}, {2, 4}, {1, 3}], [{8, 6}, {5, 7}, {2, 4}, {3}, {1}], [{8, 6}, {5, 7}, {3, 4}, {1, 2}], [{8, 6}, {5, 7}, {3, 4}, {2}, {1}], [{8, 6}, {5, 7}, {4}, {1, 3}, {2}], [{8, 6}, {5, 7}, {4}, {2, 3}, {1}], [{8, 6}, {5, 7}, {4}, {3}, {1, 2}], [{8, 6}, {5, 7}, {4}, {3}, {2}, {1}], [{8, 6}, {7}, {1, 5}, {3, 4}, {2}], [{8, 6}, {7}, {2, 5}, {1, 4}, {3}], [{8, 6}, {7}, {3, 5}, {1, 4}, {2}], [{8, 6}, {7}, {3, 5}, {2, 4}, {1}], [{8, 6}, {7}, {3, 5}, {4}, {1, 2}], [{8, 6}, {7}, {3, 5}, {4}, {2}, {1}], [{8, 6}, {7}, {4, 5}, {1, 3}, {2}], [{8, 6}, {7}, {5}, {1, 4}, {2, 3}], [{8, 6}, {7}, {5}, {1, 4}, {3}, {2}], [{8, 7}, {1, 6}, {2, 5}, {3, 4}], [{8, 7}, {1, 6}, {3, 5}, {2, 4}], [{8, 7}, {1, 6}, {3, 5}, {4}, {2}], [{8, 7}, {1, 6}, {4, 5}, {2, 3}], [{8, 7}, {2, 6}, {1, 5}, {3, 4}], [{8, 7}, {2, 6}, {3, 5}, {1, 4}], [{8, 7}, {2, 6}, {4, 5}, {1, 3}], [{8, 7}, {2, 6}, {5}, {4}, {1, 3}], [{8, 7}, {3, 6}, {1, 5}, {2, 4}], [{8, 7}, {3, 6}, {2, 5}, {1, 4}], [{8, 7}, {3, 6}, {4, 5}, {1, 2}], [{8, 7}, {3, 6}, {4, 5}, {2}, {1}], [{8, 7}, {4, 6}, {1, 5}, {2, 3}], [{8, 7}, {4, 6}, {2, 5}, {1, 3}], [{8, 7}, {4, 6}, {3, 5}, {1, 2}], [{8, 7}, {5, 6}, {1, 4}, {2, 3}], [{8, 7}, {5, 6}, {2, 4}, {1, 3}], [{8, 7}, {5, 6}, {2, 4}, {3}, {1}], [{8, 7}, {5, 6}, {3, 4}, {1, 2}], [{8, 7}, {5, 6}, {4}, {1, 3}, {2}], [{8, 7}, {6}, {2, 5}, {4}, {1, 3}], [{8, 7}, {6}, {5}, {1, 4}, {2, 3}], [{8, 7}, {6}, {5}, {3, 4}, {1, 2}], [{8}, {2, 7}, {3, 6}, {4, 5}, {1}], [{8}, {2, 7}, {4, 6}, {5}, {1, 3}], [{8}, {2, 7}, {5, 6}, {3, 4}, {1}], [{8}, {2, 7}, {6}, {3, 5}, {1, 4}], [{8}, {3, 7}, {1, 6}, {2, 5}, {4}], [{8}, {3, 7}, {4, 6}, {2, 5}, {1}], [{8}, {3, 7}, {6}, {2, 5}, {1, 4}], [{8}, {3, 7}, {6}, {2, 5}, {4}, {1}], [{8}, {4, 7}, {2, 6}, {1, 5}, {3}], [{8}, {5, 7}, {6}, {1, 4}, {2, 3}], [{8}, {6, 7}, {5}, {1, 4}, {2, 3}], [{8}, {7}, {3, 6}, {1, 5}, {2, 4}], [{8}, {7}, {5, 6}, {1, 4}, {2, 3}], [{8}, {7}, {6}, {5}, {1, 4}, {2, 3}]]",2,- 22 K_1^2 - 4 K_1 K_2 + 2 K_1 + 11 K_2 + 2 K_3 + 12,O1O2O3U1O4U3U5U6O7O8U2O6U4U7O5U8,O1O2O3U4O5U3U6U5O7U2O8O4U1O6U7U8,O1O2O3U4U5O6U3O7O4U2O5U8U6U1O8U7,c,{'O1O2O3U4O5U6U7O8U2O4O6U8U5U1O7U3'},1,"<a href=""/flatknot/8.1101724"">8.1101724</a>",t^9-18t^7-24t^6+26t^5+28t^4-29t^3-22t^2+4t+2,-t^2+2t,,
8.1101725,O1O2O3U4O5U6U1O7U2O4O8U3U5U7O6U8,4,10z^2+87z+135,10w^3z^2+87w^2z+135w,False,False,"[[ 0 -1  0  0 -1  1 -2  1  2],[ 1  0  1  1  0  2 -1  2  1],[ 0 -1  0  0  0  1 -2  2  2],[ 0 -1  0  0  0  0 -1  1  2],[ 1  0  0  0  0  1  0  0  1],[-1 -2 -1  0 -1  0 -2  1  1],[ 2  1  2  1  0  2  0  1  1],[-1 -2 -2 -1  0 -1 -1  0  1],[-2 -1 -2 -2 -1 -1 -1 -1  0]]","[[ 0  2  1  1  0  0 -1 -1 -2],[-2  0 -1 -1 -2 -2 -1 -1 -1],[-1  1  0  1  0 -1 -1 -2 -2],[-1  1 -1  0 -1 -2  0 -2 -1],[ 0  2  0  1  0  0  0 -1 -1],[ 0  2  1  2  0  0  0 -1 -2],[ 1  1  1  0  0  0  0  0  0],[ 1  1  2  2  1  1  0  0 -1],[ 2  1  2  1  1  2  0  1  0]]",True,"[-2,-1,-1,0,0,1,1,2,1,1,2,2,1,1,1,-1,0,1,1,2,2,1,2,0,2,1,0,0,1,1,0,1,2,0,0,1]","[-2,-1,-1,0,0,1,1,2,0,0,0,0,2,2,3,-1,-1,0,0,2,2,0,1,0,1,1,0,0,1,0,0,1,1,0,0,1]",t^8+42t^6+120t^4+64t^2+1,"[-2,-1,-1,0,0,1,1,2,0,1,0,1,1,2,3,0,0,0,0,0,2,1,1,1,2,2,0,0,-1,0,1,0,0,-1,0,0]","[-2,-1,-1,0,0,1,1,2,0,0,0,0,2,2,3,-1,-1,0,0,2,2,0,1,0,1,1,0,0,1,0,0,1,1,0,0,1]","[-2,-1,-1,0,0,1,1,2,0,1,1,2,1,2,1,0,0,0,0,1,1,1,1,2,2,1,0,1,0,2,2,1,2,-1,1,1]",c,"[[{8, 3}, {1, 7}, {5, 6}, {2, 4}], [{8, 3}, {1, 7}, {6}, {5}, {2, 4}]]",1,- 24 K_1^2 - 4 K_1 K_2 + 2 K_1 + 12 K_2 + 2 K_3 + 13,O1O2O3U4O5U6U7U1O4O8U2O6U3U5O7U8,O1O2O3U4O5U6U7U1O8U2O4O6U3O7U8U5,O1O2O3U4U5O6U1O7O8U2O5U3U6U7O4U8,c,{'O1O2O3U4O5U6U1O7U2O4O8U3U5U7O6U8'},1,"<a href=""/flatknot/8.1101725"">8.1101725</a>",t^9-42t^7-118t^6+18t^5+250t^4+22t^3-136t^2+10t+4,0,,
8.1101726,O1O2O3U4O5U6U1O7U2O4O8U5U7U8O6U3,4,11z^2+88z+133,11w^3z^2+88w^2z+133w,False,False,"[[ 0 -1  0  2 -1  0 -2  0  2],[ 1  0  1  1  0  1  0  1  1],[ 0 -1  0  1  0  0 -1  1  2],[-2 -1 -1  0 -1 -2 -2 -1  2],[ 1  0  0  1  0  0  0 -1  0],[ 0 -1  0  2  0  0 -2  1  2],[ 2  0  1  2  0  2  0  1  1],[ 0 -1 -1  1  1 -1 -1  0  1],[-2 -1 -2 -2  0 -2 -1 -1  0]]","[[ 0  2  2  0  0  0 -1 -1 -2],[-2  0  2 -1 -1 -2 -1 -1 -2],[-2 -2  0 -1 -2 -2  0 -1 -1],[ 0  1  1  0 -1 -1  1 -1 -1],[ 0  1  2  1  0  0  0 -1 -1],[ 0  2  2  1  0  0  0 -1 -2],[ 1  1  0 -1  0  0  0  0  0],[ 1  1  1  1  1  1  0  0  0],[ 2  2  1  1  1  2  0  0  0]]",True,"[-2,-2,0,0,0,1,1,2,-2,1,1,2,1,1,2,1,2,2,0,1,1,1,1,-1,1,1,0,0,1,1,0,1,2,0,0,0]","[-2,-2,0,0,0,1,1,2,-2,0,0,1,2,3,3,0,1,1,2,2,2,0,1,0,1,0,1,0,1,1,0,2,1,0,1,1]",t^8+39t^6+124t^4+51t^2+1,"[-2,-1,-1,0,0,0,2,2,1,1,0,1,1,2,3,0,0,0,0,2,2,1,1,2,2,3,0,-1,0,0,-1,1,0,1,1,-2]","[-2,-2,0,0,0,1,1,2,-2,0,0,1,2,3,3,0,1,1,2,2,2,0,1,0,1,0,1,0,1,1,0,2,1,0,1,1]","[-2,-1,-1,0,0,0,2,2,0,0,1,1,2,1,2,0,-1,0,0,0,1,1,1,1,1,1,-1,-1,1,1,0,2,1,2,2,-2]",c,"[[{8, 1}, {2, 7}, {3, 6}, {4, 5}], [{8, 1}, {2, 7}, {4, 6}, {3, 5}], [{8, 1}, {2, 7}, {5, 6}, {3, 4}], [{8, 1}, {3, 7}, {2, 6}, {4, 5}], [{8, 1}, {3, 7}, {4, 6}, {2, 5}], [{8, 1}, {3, 7}, {5, 6}, {2, 4}], [{8, 1}, {4, 7}, {2, 6}, {3, 5}], [{8, 1}, {4, 7}, {3, 6}, {2, 5}], [{8, 1}, {4, 7}, {3, 6}, {5}, {2}], [{8, 1}, {4, 7}, {5, 6}, {2, 3}], [{8, 1}, {5, 7}, {2, 6}, {3, 4}], [{8, 1}, {5, 7}, {3, 6}, {2, 4}], [{8, 1}, {5, 7}, {4, 6}, {2, 3}], [{8, 1}, {6, 7}, {2, 5}, {3, 4}], [{8, 1}, {6, 7}, {2, 5}, {4}, {3}], [{8, 1}, {6, 7}, {3, 5}, {2, 4}], [{8, 1}, {6, 7}, {4, 5}, {2, 3}], [{8, 1}, {6, 7}, {4, 5}, {3}, {2}], [{8, 1}, {6, 7}, {5}, {2, 4}, {3}], [{8, 2}, {1, 7}, {3, 6}, {4, 5}], [{8, 2}, {1, 7}, {3, 6}, {5}, {4}], [{8, 2}, {1, 7}, {4, 6}, {3, 5}], [{8, 2}, {1, 7}, {4, 6}, {5}, {3}], [{8, 2}, {1, 7}, {5, 6}, {3, 4}], [{8, 2}, {1, 7}, {6}, {5}, {3, 4}], [{8, 2}, {3, 7}, {1, 6}, {4, 5}], [{8, 2}, {3, 7}, {4, 6}, {1, 5}], [{8, 2}, {3, 7}, {5, 6}, {1, 4}], [{8, 2}, {3, 7}, {6}, {1, 5}, {4}], [{8, 2}, {3, 7}, {6}, {4, 5}, {1}], [{8, 2}, {3, 7}, {6}, {5}, {1, 4}], [{8, 2}, {4, 7}, {1, 6}, {3, 5}], [{8, 2}, {4, 7}, {3, 6}, {1, 5}], [{8, 2}, {4, 7}, {5, 6}, {1, 3}], [{8, 2}, {5, 7}, {1, 6}, {3, 4}], [{8, 2}, {5, 7}, {3, 6}, {1, 4}], [{8, 2}, {5, 7}, {4, 6}, {1, 3}], [{8, 2}, {6, 7}, {1, 5}, {3, 4}], [{8, 2}, {6, 7}, {3, 5}, {1, 4}], [{8, 2}, {6, 7}, {4, 5}, {1, 3}], [{8, 2}, {7}, {5, 6}, {3, 4}, {1}], [{8, 3}, {1, 7}, {2, 6}, {4, 5}], [{8, 3}, {1, 7}, {4, 6}, {2, 5}], [{8, 3}, {1, 7}, {5, 6}, {2, 4}], [{8, 3}, {1, 7}, {6}, {2, 5}, {4}], [{8, 3}, {1, 7}, {6}, {4, 5}, {2}], [{8, 3}, {1, 7}, {6}, {5}, {2, 4}], [{8, 3}, {2, 7}, {1, 6}, {4, 5}], [{8, 3}, {2, 7}, {4, 6}, {1, 5}], [{8, 3}, {2, 7}, {5, 6}, {1, 4}], [{8, 3}, {2, 7}, {6}, {4, 5}, {1}], [{8, 3}, {4, 7}, {1, 6}, {2, 5}], [{8, 3}, {4, 7}, {2, 6}, {1, 5}], [{8, 3}, {4, 7}, {5, 6}, {1, 2}], [{8, 3}, {5, 7}, {1, 6}, {2, 4}], [{8, 3}, {5, 7}, {2, 6}, {1, 4}], [{8, 3}, {5, 7}, {4, 6}, {1, 2}], [{8, 3}, {6, 7}, {1, 5}, {2, 4}], [{8, 3}, {6, 7}, {2, 5}, {1, 4}], [{8, 3}, {6, 7}, {4, 5}, {1, 2}], [{8, 3}, {6, 7}, {4, 5}, {2}, {1}], [{8, 3}, {7}, {1, 6}, {4, 5}, {2}], [{8, 3}, {7}, {2, 6}, {4, 5}, {1}], [{8, 3}, {7}, {4, 6}, {1, 5}, {2}], [{8, 3}, {7}, {5, 6}, {1, 4}, {2}], [{8, 3}, {7}, {6}, {4, 5}, {1, 2}], [{8, 3}, {7}, {6}, {4, 5}, {2}, {1}], [{8, 4}, {1, 7}, {2, 6}, {3, 5}], [{8, 4}, {1, 7}, {3, 6}, {2, 5}], [{8, 4}, {1, 7}, {3, 6}, {5}, {2}], [{8, 4}, {1, 7}, {5, 6}, {2, 3}], [{8, 4}, {2, 7}, {1, 6}, {3, 5}], [{8, 4}, {2, 7}, {3, 6}, {1, 5}], [{8, 4}, {2, 7}, {5, 6}, {1, 3}], [{8, 4}, {3, 7}, {1, 6}, {2, 5}], [{8, 4}, {3, 7}, {2, 6}, {1, 5}], [{8, 4}, {3, 7}, {5, 6}, {1, 2}], [{8, 4}, {5, 7}, {1, 6}, {2, 3}], [{8, 4}, {5, 7}, {2, 6}, {1, 3}], [{8, 4}, {5, 7}, {3, 6}, {1, 2}], [{8, 4}, {6, 7}, {1, 5}, {2, 3}], [{8, 4}, {6, 7}, {2, 5}, {1, 3}], [{8, 4}, {6, 7}, {3, 5}, {1, 2}], [{8, 4}, {6, 7}, {5}, {2, 3}, {1}], [{8, 5}, {1, 7}, {2, 6}, {3, 4}], [{8, 5}, {1, 7}, {3, 6}, {2, 4}], [{8, 5}, {1, 7}, {3, 6}, {4}, {2}], [{8, 5}, {1, 7}, {4, 6}, {2, 3}], [{8, 5}, {2, 7}, {1, 6}, {3, 4}], [{8, 5}, {2, 7}, {3, 6}, {1, 4}], [{8, 5}, {2, 7}, {4, 6}, {1, 3}], [{8, 5}, {3, 7}, {1, 6}, {2, 4}], [{8, 5}, {3, 7}, {1, 6}, {4}, {2}], [{8, 5}, {3, 7}, {2, 6}, {1, 4}], [{8, 5}, {3, 7}, {2, 6}, {4}, {1}], [{8, 5}, {3, 7}, {4, 6}, {1, 2}], [{8, 5}, {3, 7}, {4, 6}, {2}, {1}], [{8, 5}, {3, 7}, {6}, {1, 4}, {2}], [{8, 5}, {3, 7}, {6}, {2, 4}, {1}], [{8, 5}, {3, 7}, {6}, {4}, {1, 2}], [{8, 5}, {4, 7}, {1, 6}, {2, 3}], [{8, 5}, {4, 7}, {2, 6}, {1, 3}], [{8, 5}, {4, 7}, {3, 6}, {1, 2}], [{8, 5}, {6, 7}, {1, 4}, {2, 3}], [{8, 5}, {6, 7}, {2, 4}, {1, 3}], [{8, 5}, {6, 7}, {3, 4}, {1, 2}], [{8, 5}, {6, 7}, {3, 4}, {2}, {1}], [{8, 6}, {1, 7}, {2, 5}, {3, 4}], [{8, 6}, {1, 7}, {2, 5}, {4}, {3}], [{8, 6}, {1, 7}, {3, 5}, {2, 4}], [{8, 6}, {1, 7}, {4, 5}, {2, 3}], [{8, 6}, {1, 7}, {4, 5}, {3}, {2}], [{8, 6}, {1, 7}, {5}, {2, 4}, {3}], [{8, 6}, {2, 7}, {1, 5}, {3, 4}], [{8, 6}, {2, 7}, {3, 5}, {1, 4}], [{8, 6}, {2, 7}, {4, 5}, {1, 3}], [{8, 6}, {2, 7}, {5}, {1, 4}, {3}], [{8, 6}, {2, 7}, {5}, {3, 4}, {1}], [{8, 6}, {2, 7}, {5}, {4}, {1, 3}], [{8, 6}, {3, 7}, {1, 5}, {2, 4}], [{8, 6}, {3, 7}, {2, 5}, {1, 4}], [{8, 6}, {3, 7}, {4, 5}, {1, 2}], [{8, 6}, {4, 7}, {1, 5}, {2, 3}], [{8, 6}, {4, 7}, {2, 5}, {1, 3}], [{8, 6}, {4, 7}, {3, 5}, {1, 2}], [{8, 6}, {4, 7}, {3, 5}, {2}, {1}], [{8, 6}, {5, 7}, {1, 4}, {2, 3}], [{8, 6}, {5, 7}, {2, 4}, {1, 3}], [{8, 6}, {5, 7}, {3, 4}, {1, 2}], [{8, 7}, {1, 6}, {2, 5}, {3, 4}], [{8, 7}, {1, 6}, {3, 5}, {2, 4}], [{8, 7}, {1, 6}, {4, 5}, {2, 3}], [{8, 7}, {2, 6}, {1, 5}, {3, 4}], [{8, 7}, {2, 6}, {3, 5}, {1, 4}], [{8, 7}, {2, 6}, {4, 5}, {1, 3}], [{8, 7}, {3, 6}, {1, 5}, {2, 4}], [{8, 7}, {3, 6}, {2, 5}, {1, 4}], [{8, 7}, {3, 6}, {4, 5}, {1, 2}], [{8, 7}, {3, 6}, {5}, {1, 4}, {2}], [{8, 7}, {4, 6}, {1, 5}, {2, 3}], [{8, 7}, {4, 6}, {2, 5}, {1, 3}], [{8, 7}, {4, 6}, {3, 5}, {1, 2}], [{8, 7}, {5, 6}, {1, 4}, {2, 3}], [{8, 7}, {5, 6}, {2, 4}, {1, 3}], [{8, 7}, {5, 6}, {3, 4}, {1, 2}], [{8, 7}, {6}, {3, 5}, {2, 4}, {1}], [{8, 7}, {6}, {4, 5}, {2, 3}, {1}], [{8}, {1, 7}, {3, 6}, {2, 5}, {4}], [{8}, {1, 7}, {3, 6}, {4, 5}, {2}], [{8}, {1, 7}, {3, 6}, {5}, {2, 4}], [{8}, {1, 7}, {3, 6}, {5}, {4}, {2}], [{8}, {2, 7}, {6}, {3, 5}, {1, 4}], [{8}, {3, 7}, {6}, {2, 5}, {1, 4}], [{8}, {6, 7}, {4, 5}, {1, 3}, {2}]]",2,- 18 K_1^2 - 4 K_1 K_2 + 2 K_1 + 9 K_2 + 2 K_3 + 10,O1O2O3U1O4U5U6U7O5O8U2O6U3U4O7U8,O1O2O3U4O5U6U7U5O8U1O4O6U2O7U8U3,O1O2O3U1U4O5U2O6O7U3O4U8U5U6O8U7,c,{'O1O2O3U4O5U6U1O7U2O4O8U5U7U8O6U3'},1,"<a href=""/flatknot/8.1101726"">8.1101726</a>",t^9-37t^7-106t^6-41t^5+114t^4+103t^3+52t^2-50t-24,-t^2+2t,,
8.1101727,O1O2O3U4O5U6U1O7U2O4O8U5U8U7O6U3,4,15z^2+100z+141,15w^3z^2+100w^2z+141w,False,False,"[[ 0 -1  0  2 -1  0 -2  1  1],[ 1  0  1  1  0  1  0  1  1],[ 0 -1  0  1  0  0 -1  1  1],[-2 -1 -1  0 -1 -2 -2  0  1],[ 1  0  0  1  0  0  0  0  0],[ 0 -1  0  2  0  0 -2  2  1],[ 2  0  1  2  0  2  0  1  1],[-1 -1 -1  0  0 -2 -1  0  0],[-1 -1 -1 -1  0 -1 -1  0  0]]","[[ 0  2  1  1  0  0 -1 -1 -2],[-2  0  1  0 -1 -2 -1 -1 -2],[-1 -1  0  0 -1 -1  0 -1 -1],[-1  0  0  0 -1 -2  0 -1 -1],[ 0  1  1  1  0  0  0 -1 -1],[ 0  2  1  2  0  0  0 -1 -2],[ 1  1  0  0  0  0  0  0  0],[ 1  1  1  1  1  1  0  0  0],[ 2  2  1  1  1  2  0  0  0]]",True,"[-2,-1,-1,0,0,1,1,2,-1,0,1,2,1,1,2,0,1,1,0,1,1,1,2,0,1,1,0,0,1,1,0,1,2,0,0,0]","[-2,-1,-1,0,0,1,1,2,-1,0,1,2,1,1,2,0,1,1,0,1,1,1,2,0,1,1,0,0,1,1,0,1,2,0,0,0]",t^8+30t^6+52t^4+16t^2,"[-2,-1,-1,0,0,1,1,2,1,1,0,1,2,2,2,0,0,0,1,1,2,1,1,2,2,2,0,-1,0,0,0,0,1,0,1,2]","[-2,-1,-1,0,0,1,1,2,1,2,0,1,2,2,2,0,-1,0,1,2,2,0,0,1,2,2,0,0,1,0,0,1,1,0,1,1]","[-2,-1,-1,0,0,1,1,2,0,0,1,2,1,1,2,0,0,0,0,0,1,1,1,1,1,1,0,1,1,1,1,2,2,0,-1,0]",c,"[[{8, 1}, {6, 7}, {3, 5}, {2, 4}], [{8, 6}, {1, 7}, {3, 5}, {2, 4}]]",1,4 K_1^3 - 28 K_1^2 - 8 K_1 K_2 + K_1 + 14 K_2 + 3 K_3 + 15,O1O2O3U1O4U5U6U7O6O8U2O5U3U4O7U8,O1O2O3U4O5U6U7U5O8U1O4O6U3O7U8U2,O1O2O3U2U4O5U1O6O7U3O4U8U5U6O8U7,c,{'O1O2O3U4O5U6U1O7U2O4O8U5U8U7O6U3'},1,"<a href=""/flatknot/8.1101727"">8.1101727</a>",t^9-30t^7-60t^6+58t^5+102t^4-45t^3-30t^2+8t+2,0,,
8.1101728,O1O2O3U4O5U6U1O7U2O4O8U7U5U3O6U8,4,15z^2+92z+125,15w^3z^2+92w^2z+125w,False,False,"[[ 0 -1  0  2 -1  1 -2 -1  2],[ 1  0  1  2  0  1 -1  0  1],[ 0 -1  0  2  0  1 -2  0  2],[-2 -2 -2  0  0 -1 -2 -1  2],[ 1  0  0  0  0  0  0 -1  1],[-1 -1 -1  1  0  0 -1  0  1],[ 2  1  2  2  0  1  0 -1  1],[ 1  0  0  1  1  0  1  0  1],[-2 -1 -2 -2 -1 -1 -1 -1  0]]","[[ 0  2  2  1  0 -1 -1 -1 -2],[-2  0  2 -1 -2  0 -1 -2 -2],[-2 -2  0 -1 -2 -1 -1 -1 -1],[-1  1  1  0 -1  0  0 -1 -1],[ 0  2  2  1  0  0  0 -1 -2],[ 1  0  1  0  0  0 -1  0  0],[ 1  1  1  0  0  1  0  0  1],[ 1  2  1  1  1  0  0  0 -1],[ 2  2  1  1  2  0 -1  1  0]]",True,"[-2,-2,-1,0,1,1,1,2,-2,1,2,0,1,2,2,1,2,1,1,1,1,1,0,0,1,1,0,0,1,2,1,0,0,0,-1,1]","[-2,-2,-1,0,1,1,1,2,-2,0,0,2,2,2,3,0,0,1,2,3,2,0,1,2,2,2,0,1,1,0,0,0,0,1,2,1]",t^8+38t^6+146t^4+34t^2,"[-2,-1,-1,-1,0,1,2,2,0,1,2,0,2,2,3,0,0,0,1,1,2,1,1,2,3,2,1,2,2,2,0,0,0,0,0,-2]","[-2,-2,-1,0,1,1,1,2,-2,0,0,2,2,2,3,0,0,1,2,3,2,0,1,2,2,2,0,1,1,0,0,0,0,1,2,1]","[-2,-1,-1,-1,0,1,2,2,-1,0,1,2,1,1,2,1,0,0,0,1,1,0,0,0,1,0,1,1,1,2,1,2,2,1,1,-2]",c,"[[{8, 1}, {2, 7}, {3, 6}, {4, 5}], [{8, 1}, {2, 7}, {4, 6}, {3, 5}], [{8, 1}, {2, 7}, {5, 6}, {3, 4}], [{8, 1}, {3, 7}, {2, 6}, {4, 5}], [{8, 1}, {3, 7}, {4, 6}, {2, 5}], [{8, 1}, {3, 7}, {4, 6}, {5}, {2}], [{8, 1}, {3, 7}, {5, 6}, {2, 4}], [{8, 1}, {4, 7}, {2, 6}, {3, 5}], [{8, 1}, {4, 7}, {3, 6}, {2, 5}], [{8, 1}, {4, 7}, {5, 6}, {2, 3}], [{8, 1}, {5, 7}, {2, 6}, {3, 4}], [{8, 1}, {5, 7}, {3, 6}, {2, 4}], [{8, 1}, {5, 7}, {4, 6}, {2, 3}], [{8, 1}, {5, 7}, {6}, {3, 4}, {2}], [{8, 1}, {6, 7}, {2, 5}, {3, 4}], [{8, 1}, {6, 7}, {3, 5}, {2, 4}], [{8, 1}, {6, 7}, {4, 5}, {2, 3}], [{8, 1}, {6, 7}, {5}, {3, 4}, {2}], [{8, 1}, {7}, {2, 6}, {4, 5}, {3}], [{8, 1}, {7}, {3, 6}, {4, 5}, {2}], [{8, 1}, {7}, {5, 6}, {3, 4}, {2}], [{8, 1}, {7}, {6}, {4, 5}, {2, 3}], [{8, 2}, {1, 7}, {3, 6}, {4, 5}], [{8, 2}, {1, 7}, {4, 6}, {3, 5}], [{8, 2}, {1, 7}, {5, 6}, {3, 4}], [{8, 2}, {3, 7}, {1, 6}, {4, 5}], [{8, 2}, {3, 7}, {4, 6}, {1, 5}], [{8, 2}, {3, 7}, {5, 6}, {1, 4}], [{8, 2}, {4, 7}, {1, 6}, {3, 5}], [{8, 2}, {4, 7}, {3, 6}, {1, 5}], [{8, 2}, {4, 7}, {5, 6}, {1, 3}], [{8, 2}, {5, 7}, {1, 6}, {3, 4}], [{8, 2}, {5, 7}, {3, 6}, {1, 4}], [{8, 2}, {5, 7}, {4, 6}, {1, 3}], [{8, 2}, {6, 7}, {1, 5}, {3, 4}], [{8, 2}, {6, 7}, {3, 5}, {1, 4}], [{8, 2}, {6, 7}, {4, 5}, {1, 3}], [{8, 2}, {7}, {5, 6}, {1, 4}, {3}], [{8, 2}, {7}, {6}, {4, 5}, {1, 3}], [{8, 3}, {1, 7}, {2, 6}, {4, 5}], [{8, 3}, {1, 7}, {4, 6}, {2, 5}], [{8, 3}, {1, 7}, {5, 6}, {2, 4}], [{8, 3}, {2, 7}, {1, 6}, {4, 5}], [{8, 3}, {2, 7}, {4, 6}, {1, 5}], [{8, 3}, {2, 7}, {5, 6}, {1, 4}], [{8, 3}, {4, 7}, {1, 6}, {2, 5}], [{8, 3}, {4, 7}, {2, 6}, {1, 5}], [{8, 3}, {4, 7}, {5, 6}, {1, 2}], [{8, 3}, {5, 7}, {1, 6}, {2, 4}], [{8, 3}, {5, 7}, {2, 6}, {1, 4}], [{8, 3}, {5, 7}, {4, 6}, {1, 2}], [{8, 3}, {6, 7}, {1, 5}, {2, 4}], [{8, 3}, {6, 7}, {2, 5}, {1, 4}], [{8, 3}, {6, 7}, {4, 5}, {1, 2}], [{8, 4}, {1, 7}, {2, 6}, {3, 5}], [{8, 4}, {1, 7}, {3, 6}, {2, 5}], [{8, 4}, {1, 7}, {5, 6}, {2, 3}], [{8, 4}, {2, 7}, {1, 6}, {3, 5}], [{8, 4}, {2, 7}, {3, 6}, {1, 5}], [{8, 4}, {2, 7}, {5, 6}, {1, 3}], [{8, 4}, {2, 7}, {6}, {1, 5}, {3}], [{8, 4}, {3, 7}, {1, 6}, {2, 5}], [{8, 4}, {3, 7}, {2, 6}, {1, 5}], [{8, 4}, {3, 7}, {5, 6}, {1, 2}], [{8, 4}, {5, 7}, {1, 6}, {2, 3}], [{8, 4}, {5, 7}, {2, 6}, {1, 3}], [{8, 4}, {5, 7}, {3, 6}, {1, 2}], [{8, 4}, {6, 7}, {1, 5}, {2, 3}], [{8, 4}, {6, 7}, {2, 5}, {1, 3}], [{8, 4}, {6, 7}, {3, 5}, {1, 2}], [{8, 4}, {6, 7}, {5}, {2, 3}, {1}], [{8, 4}, {7}, {6}, {2, 5}, {1, 3}], [{8, 5}, {1, 7}, {2, 6}, {3, 4}], [{8, 5}, {1, 7}, {3, 6}, {2, 4}], [{8, 5}, {1, 7}, {4, 6}, {2, 3}], [{8, 5}, {2, 7}, {1, 6}, {3, 4}], [{8, 5}, {2, 7}, {3, 6}, {1, 4}], [{8, 5}, {2, 7}, {4, 6}, {1, 3}], [{8, 5}, {3, 7}, {1, 6}, {2, 4}], [{8, 5}, {3, 7}, {2, 6}, {1, 4}], [{8, 5}, {3, 7}, {4, 6}, {1, 2}], [{8, 5}, {4, 7}, {1, 6}, {2, 3}], [{8, 5}, {4, 7}, {2, 6}, {1, 3}], [{8, 5}, {4, 7}, {3, 6}, {1, 2}], [{8, 5}, {4, 7}, {3, 6}, {2}, {1}], [{8, 5}, {4, 7}, {6}, {3}, {1, 2}], [{8, 5}, {6, 7}, {1, 4}, {2, 3}], [{8, 5}, {6, 7}, {2, 4}, {1, 3}], [{8, 5}, {6, 7}, {2, 4}, {3}, {1}], [{8, 5}, {6, 7}, {3, 4}, {1, 2}], [{8, 5}, {7}, {2, 6}, {1, 4}, {3}], [{8, 5}, {7}, {4, 6}, {2, 3}, {1}], [{8, 6}, {1, 7}, {2, 5}, {3, 4}], [{8, 6}, {1, 7}, {3, 5}, {2, 4}], [{8, 6}, {1, 7}, {4, 5}, {2, 3}], [{8, 6}, {2, 7}, {1, 5}, {3, 4}], [{8, 6}, {2, 7}, {3, 5}, {1, 4}], [{8, 6}, {2, 7}, {4, 5}, {1, 3}], [{8, 6}, {3, 7}, {1, 5}, {2, 4}], [{8, 6}, {3, 7}, {1, 5}, {4}, {2}], [{8, 6}, {3, 7}, {2, 5}, {1, 4}], [{8, 6}, {3, 7}, {4, 5}, {1, 2}], [{8, 6}, {3, 7}, {5}, {2, 4}, {1}], [{8, 6}, {4, 7}, {1, 5}, {2, 3}], [{8, 6}, {4, 7}, {1, 5}, {3}, {2}], [{8, 6}, {4, 7}, {2, 5}, {1, 3}], [{8, 6}, {4, 7}, {3, 5}, {1, 2}], [{8, 6}, {4, 7}, {3, 5}, {2}, {1}], [{8, 6}, {4, 7}, {5}, {1, 3}, {2}], [{8, 6}, {5, 7}, {1, 4}, {2, 3}], [{8, 6}, {5, 7}, {2, 4}, {1, 3}], [{8, 6}, {5, 7}, {3, 4}, {1, 2}], [{8, 6}, {7}, {1, 5}, {3, 4}, {2}], [{8, 6}, {7}, {2, 5}, {4}, {1, 3}], [{8, 7}, {1, 6}, {2, 5}, {3, 4}], [{8, 7}, {1, 6}, {3, 5}, {2, 4}], [{8, 7}, {1, 6}, {4, 5}, {2, 3}], [{8, 7}, {1, 6}, {4, 5}, {3}, {2}], [{8, 7}, {2, 6}, {1, 5}, {3, 4}], [{8, 7}, {2, 6}, {1, 5}, {4}, {3}], [{8, 7}, {2, 6}, {3, 5}, {1, 4}], [{8, 7}, {2, 6}, {3, 5}, {4}, {1}], [{8, 7}, {2, 6}, {4, 5}, {1, 3}], [{8, 7}, {2, 6}, {4, 5}, {3}, {1}], [{8, 7}, {2, 6}, {5}, {1, 4}, {3}], [{8, 7}, {2, 6}, {5}, {3, 4}, {1}], [{8, 7}, {2, 6}, {5}, {4}, {1, 3}], [{8, 7}, {2, 6}, {5}, {4}, {3}, {1}], [{8, 7}, {3, 6}, {1, 5}, {2, 4}], [{8, 7}, {3, 6}, {2, 5}, {1, 4}], [{8, 7}, {3, 6}, {4, 5}, {1, 2}], [{8, 7}, {3, 6}, {4, 5}, {2}, {1}], [{8, 7}, {4, 6}, {1, 5}, {2, 3}], [{8, 7}, {4, 6}, {2, 5}, {1, 3}], [{8, 7}, {4, 6}, {2, 5}, {3}, {1}], [{8, 7}, {4, 6}, {3, 5}, {1, 2}], [{8, 7}, {5, 6}, {1, 4}, {2, 3}], [{8, 7}, {5, 6}, {2, 4}, {1, 3}], [{8, 7}, {5, 6}, {2, 4}, {3}, {1}], [{8, 7}, {5, 6}, {3, 4}, {1, 2}], [{8, 7}, {6}, {4, 5}, {1, 3}, {2}], [{8, 7}, {6}, {4, 5}, {2, 3}, {1}], [{8, 7}, {6}, {4, 5}, {3}, {1, 2}], [{8, 7}, {6}, {4, 5}, {3}, {2}, {1}], [{8}, {1, 7}, {2, 6}, {4, 5}, {3}], [{8}, {1, 7}, {3, 6}, {4, 5}, {2}], [{8}, {1, 7}, {6}, {2, 5}, {3, 4}], [{8}, {1, 7}, {6}, {4, 5}, {2, 3}], [{8}, {2, 7}, {3, 6}, {1, 5}, {4}], [{8}, {2, 7}, {6}, {4, 5}, {1, 3}], [{8}, {4, 7}, {6}, {1, 5}, {2, 3}], [{8}, {5, 7}, {2, 6}, {1, 4}, {3}], [{8}, {6, 7}, {2, 5}, {1, 4}, {3}], [{8}, {7}, {4, 6}, {2, 5}, {1, 3}]]",2,8 K_1^3 - 22 K_1^2 - 12 K_1 K_2 + 11 K_2 + 4 K_3 + 12,O1O2O3U4O5U1U6U7O4O8U2O7U3U5O6U8,O1O2O3U4O5U6U7U3O8U2O4O6U1O7U8U5,O1O2O3U4U5O6U3O7O8U2O5U1U6U7O4U8,c,{'O1O2O3U4O5U6U1O7U2O4O8U7U5U3O6U8'},1,"<a href=""/flatknot/8.1101728"">8.1101728</a>",t^9-36t^7-112t^6-31t^5+316t^4+483t^3+246t^2+35t,-t^2+2t,,
8.1101729,O1O2O3U4O5U6U1O7U2O4O8U7U5U8O6U3,4,15z^2+100z+141,15w^3z^2+100w^2z+141w,False,False,"[[ 0 -1  0  2 -1  1 -2 -1  2],[ 1  0  1  1  0  1  0  0  1],[ 0 -1  0  1  0  1 -1  0  2],[-2 -1 -1  0 -1 -1 -2 -2  2],[ 1  0  0  1  0  0  0 -1  0],[-1 -1 -1  1  0  0 -2  0  2],[ 2  0  1  2  0  2  0  0  1],[ 1  0  0  2  1  0  0  0  1],[-2 -1 -2 -2  0 -2 -1 -1  0]]","[[ 0  2  2  1  0 -1 -1 -1 -2],[-2  0  2 -1 -1 -1 -1 -2 -2],[-2 -2  0 -2 -2  0 -1 -1 -1],[-1  1  2  0 -1  0 -1  0 -2],[ 0  1  2  1  0  0 -1  0 -1],[ 1  1  0  0  0  0  0 -1  0],[ 1  1  1  1  1  0  0  0  0],[ 1  2  1  0  0  1  0  0  0],[ 2  2  1  2  1  0  0  0  0]]",True,"[-2,-2,-1,0,1,1,1,2,-2,1,1,1,1,2,2,2,2,0,1,1,1,1,0,1,0,2,0,1,0,1,0,1,0,0,0,0]","[-2,-2,-1,0,1,1,1,2,-2,-1,0,2,2,3,3,0,1,1,2,2,2,0,2,1,2,1,1,0,1,1,0,1,1,0,1,1]",t^8+36t^6+127t^4+58t^2+1,"[-2,-1,-1,-1,0,1,2,2,1,1,1,1,1,2,3,-1,0,1,2,1,2,0,1,2,2,3,0,1,2,2,0,1,0,0,-1,-2]","[-2,-2,-1,0,1,1,1,2,-2,-1,0,2,2,3,3,0,1,1,2,2,2,0,2,1,2,1,1,0,1,1,0,1,1,0,1,1]","[-2,-1,-1,-1,0,1,2,2,0,0,0,1,2,1,2,-1,0,0,0,0,1,0,0,0,1,2,1,1,1,1,1,2,1,2,1,-2]",c,"[[{8, 1}, {2, 7}, {3, 6}, {4, 5}], [{8, 1}, {2, 7}, {4, 6}, {3, 5}], [{8, 1}, {2, 7}, {4, 6}, {5}, {3}], [{8, 1}, {2, 7}, {5, 6}, {3, 4}], [{8, 1}, {3, 7}, {2, 6}, {4, 5}], [{8, 1}, {3, 7}, {4, 6}, {2, 5}], [{8, 1}, {3, 7}, {5, 6}, {2, 4}], [{8, 1}, {4, 7}, {2, 6}, {3, 5}], [{8, 1}, {4, 7}, {3, 6}, {2, 5}], [{8, 1}, {4, 7}, {5, 6}, {2, 3}], [{8, 1}, {4, 7}, {5, 6}, {3}, {2}], [{8, 1}, {5, 7}, {2, 6}, {3, 4}], [{8, 1}, {5, 7}, {3, 6}, {2, 4}], [{8, 1}, {5, 7}, {4, 6}, {2, 3}], [{8, 1}, {6, 7}, {2, 5}, {3, 4}], [{8, 1}, {6, 7}, {3, 5}, {2, 4}], [{8, 1}, {6, 7}, {4, 5}, {2, 3}], [{8, 1}, {6, 7}, {5}, {2, 4}, {3}], [{8, 1}, {7}, {3, 6}, {4, 5}, {2}], [{8, 2}, {1, 7}, {3, 6}, {4, 5}], [{8, 2}, {1, 7}, {4, 6}, {3, 5}], [{8, 2}, {1, 7}, {5, 6}, {3, 4}], [{8, 2}, {1, 7}, {6}, {3, 5}, {4}], [{8, 2}, {3, 7}, {1, 6}, {4, 5}], [{8, 2}, {3, 7}, {4, 6}, {1, 5}], [{8, 2}, {3, 7}, {5, 6}, {1, 4}], [{8, 2}, {3, 7}, {6}, {4, 5}, {1}], [{8, 2}, {4, 7}, {1, 6}, {3, 5}], [{8, 2}, {4, 7}, {3, 6}, {1, 5}], [{8, 2}, {4, 7}, {5, 6}, {1, 3}], [{8, 2}, {5, 7}, {1, 6}, {3, 4}], [{8, 2}, {5, 7}, {3, 6}, {1, 4}], [{8, 2}, {5, 7}, {4, 6}, {1, 3}], [{8, 2}, {6, 7}, {1, 5}, {3, 4}], [{8, 2}, {6, 7}, {3, 5}, {1, 4}], [{8, 2}, {6, 7}, {4, 5}, {1, 3}], [{8, 2}, {6, 7}, {5}, {1, 4}, {3}], [{8, 2}, {7}, {5, 6}, {3, 4}, {1}], [{8, 3}, {1, 7}, {2, 6}, {4, 5}], [{8, 3}, {1, 7}, {4, 6}, {2, 5}], [{8, 3}, {1, 7}, {5, 6}, {2, 4}], [{8, 3}, {1, 7}, {6}, {5}, {2, 4}], [{8, 3}, {2, 7}, {1, 6}, {4, 5}], [{8, 3}, {2, 7}, {4, 6}, {1, 5}], [{8, 3}, {2, 7}, {5, 6}, {1, 4}], [{8, 3}, {2, 7}, {5, 6}, {4}, {1}], [{8, 3}, {4, 7}, {1, 6}, {2, 5}], [{8, 3}, {4, 7}, {1, 6}, {5}, {2}], [{8, 3}, {4, 7}, {2, 6}, {1, 5}], [{8, 3}, {4, 7}, {5, 6}, {1, 2}], [{8, 3}, {5, 7}, {1, 6}, {2, 4}], [{8, 3}, {5, 7}, {2, 6}, {1, 4}], [{8, 3}, {5, 7}, {4, 6}, {1, 2}], [{8, 3}, {6, 7}, {1, 5}, {2, 4}], [{8, 3}, {6, 7}, {2, 5}, {1, 4}], [{8, 3}, {6, 7}, {4, 5}, {1, 2}], [{8, 3}, {6, 7}, {4, 5}, {2}, {1}], [{8, 3}, {7}, {6}, {2, 5}, {1, 4}], [{8, 4}, {1, 7}, {2, 6}, {3, 5}], [{8, 4}, {1, 7}, {3, 6}, {2, 5}], [{8, 4}, {1, 7}, {5, 6}, {2, 3}], [{8, 4}, {2, 7}, {1, 6}, {3, 5}], [{8, 4}, {2, 7}, {3, 6}, {1, 5}], [{8, 4}, {2, 7}, {5, 6}, {1, 3}], [{8, 4}, {2, 7}, {5, 6}, {3}, {1}], [{8, 4}, {3, 7}, {1, 6}, {2, 5}], [{8, 4}, {3, 7}, {2, 6}, {1, 5}], [{8, 4}, {3, 7}, {2, 6}, {5}, {1}], [{8, 4}, {3, 7}, {5, 6}, {1, 2}], [{8, 4}, {5, 7}, {1, 6}, {2, 3}], [{8, 4}, {5, 7}, {2, 6}, {1, 3}], [{8, 4}, {5, 7}, {3, 6}, {1, 2}], [{8, 4}, {6, 7}, {1, 5}, {2, 3}], [{8, 4}, {6, 7}, {2, 5}, {1, 3}], [{8, 4}, {6, 7}, {3, 5}, {1, 2}], [{8, 4}, {7}, {3, 6}, {1, 5}, {2}], [{8, 4}, {7}, {5, 6}, {1, 3}, {2}], [{8, 5}, {1, 7}, {2, 6}, {3, 4}], [{8, 5}, {1, 7}, {3, 6}, {2, 4}], [{8, 5}, {1, 7}, {4, 6}, {2, 3}], [{8, 5}, {2, 7}, {1, 6}, {3, 4}], [{8, 5}, {2, 7}, {3, 6}, {1, 4}], [{8, 5}, {2, 7}, {4, 6}, {1, 3}], [{8, 5}, {3, 7}, {1, 6}, {2, 4}], [{8, 5}, {3, 7}, {1, 6}, {4}, {2}], [{8, 5}, {3, 7}, {2, 6}, {1, 4}], [{8, 5}, {3, 7}, {4, 6}, {1, 2}], [{8, 5}, {3, 7}, {6}, {2, 4}, {1}], [{8, 5}, {4, 7}, {1, 6}, {2, 3}], [{8, 5}, {4, 7}, {2, 6}, {1, 3}], [{8, 5}, {4, 7}, {2, 6}, {3}, {1}], [{8, 5}, {4, 7}, {3, 6}, {1, 2}], [{8, 5}, {6, 7}, {1, 4}, {2, 3}], [{8, 5}, {6, 7}, {2, 4}, {1, 3}], [{8, 5}, {6, 7}, {3, 4}, {1, 2}], [{8, 5}, {6, 7}, {3, 4}, {2}, {1}], [{8, 6}, {1, 7}, {2, 5}, {3, 4}], [{8, 6}, {1, 7}, {3, 5}, {2, 4}], [{8, 6}, {1, 7}, {4, 5}, {2, 3}], [{8, 6}, {2, 7}, {1, 5}, {3, 4}], [{8, 6}, {2, 7}, {1, 5}, {4}, {3}], [{8, 6}, {2, 7}, {3, 5}, {1, 4}], [{8, 6}, {2, 7}, {4, 5}, {1, 3}], [{8, 6}, {3, 7}, {1, 5}, {2, 4}], [{8, 6}, {3, 7}, {2, 5}, {1, 4}], [{8, 6}, {3, 7}, {4, 5}, {1, 2}], [{8, 6}, {4, 7}, {1, 5}, {2, 3}], [{8, 6}, {4, 7}, {2, 5}, {1, 3}], [{8, 6}, {4, 7}, {3, 5}, {1, 2}], [{8, 6}, {5, 7}, {1, 4}, {2, 3}], [{8, 6}, {5, 7}, {2, 4}, {1, 3}], [{8, 6}, {5, 7}, {3, 4}, {1, 2}], [{8, 6}, {7}, {2, 5}, {4}, {1, 3}], [{8, 6}, {7}, {3, 5}, {2, 4}, {1}], [{8, 6}, {7}, {4, 5}, {2, 3}, {1}], [{8, 7}, {1, 6}, {2, 5}, {3, 4}], [{8, 7}, {1, 6}, {2, 5}, {4}, {3}], [{8, 7}, {1, 6}, {3, 5}, {2, 4}], [{8, 7}, {1, 6}, {3, 5}, {4}, {2}], [{8, 7}, {1, 6}, {4, 5}, {2, 3}], [{8, 7}, {1, 6}, {5}, {4}, {2, 3}], [{8, 7}, {2, 6}, {1, 5}, {3, 4}], [{8, 7}, {2, 6}, {3, 5}, {1, 4}], [{8, 7}, {2, 6}, {4, 5}, {1, 3}], [{8, 7}, {2, 6}, {5}, {3, 4}, {1}], [{8, 7}, {3, 6}, {1, 5}, {2, 4}], [{8, 7}, {3, 6}, {1, 5}, {4}, {2}], [{8, 7}, {3, 6}, {2, 5}, {1, 4}], [{8, 7}, {3, 6}, {2, 5}, {4}, {1}], [{8, 7}, {3, 6}, {4, 5}, {1, 2}], [{8, 7}, {3, 6}, {4, 5}, {2}, {1}], [{8, 7}, {3, 6}, {5}, {1, 4}, {2}], [{8, 7}, {3, 6}, {5}, {2, 4}, {1}], [{8, 7}, {3, 6}, {5}, {4}, {1, 2}], [{8, 7}, {4, 6}, {1, 5}, {2, 3}], [{8, 7}, {4, 6}, {2, 5}, {1, 3}], [{8, 7}, {4, 6}, {2, 5}, {3}, {1}], [{8, 7}, {4, 6}, {3, 5}, {1, 2}], [{8, 7}, {5, 6}, {1, 4}, {2, 3}], [{8, 7}, {5, 6}, {2, 4}, {1, 3}], [{8, 7}, {5, 6}, {3, 4}, {1, 2}], [{8, 7}, {5, 6}, {3, 4}, {2}, {1}], [{8, 7}, {6}, {1, 5}, {2, 4}, {3}], [{8, 7}, {6}, {2, 5}, {1, 4}, {3}], [{8, 7}, {6}, {2, 5}, {3, 4}, {1}], [{8, 7}, {6}, {2, 5}, {4}, {1, 3}], [{8, 7}, {6}, {2, 5}, {4}, {3}, {1}], [{8, 7}, {6}, {4, 5}, {3}, {1, 2}], [{8}, {1, 7}, {3, 6}, {4, 5}, {2}], [{8}, {2, 7}, {5, 6}, {3, 4}, {1}], [{8}, {2, 7}, {6}, {3, 5}, {1, 4}], [{8}, {3, 7}, {6}, {2, 5}, {1, 4}], [{8}, {4, 7}, {3, 6}, {1, 5}, {2}], [{8}, {4, 7}, {6}, {3, 5}, {1, 2}], [{8}, {6, 7}, {1, 5}, {4}, {2, 3}], [{8}, {6, 7}, {2, 5}, {4}, {1, 3}], [{8}, {7}, {2, 6}, {4, 5}, {1, 3}]]",2,16 K_1^3 - 30 K_1^2 - 12 K_1 K_2 - 6 K_1 + 15 K_2 + 2 K_3 + 16,O1O2O3U1O4U5U6U7O5O8U2O7U3U4O6U8,O1O2O3U4O5U6U7U5O8U2O4O6U1O7U8U3,O1O2O3U1U4O5U3O6O7U2O4U8U5U6O8U7,c,{'O1O2O3U4O5U6U1O7U2O4O8U7U5U8O6U3'},1,"<a href=""/flatknot/8.1101729"">8.1101729</a>",t^9-34t^7-66t^6+122t^5+378t^4+121t^3-276t^2-170t+2,-t^2+2t,,
8.1101730,O1O2O3U4O5U6U1O7U8O4O8U2U5U7O6U3,4,8z^2+93z+155,8w^3z^2+93w^2z+155w,False,False,"[[ 0 -1 -1  2 -1  1 -2  1  1],[ 1  0  0  1  1  1  0  1  2],[ 1  0  0  2  0  0  0  1  2],[-2 -1 -2  0 -2 -1 -2  0 -1],[ 1 -1  0  2  0  2 -1  1  1],[-1 -1  0  1 -2  0 -2  1 -1],[ 2  0  0  2  1  2  0  1  3],[-1 -1 -1  0 -1 -1 -1  0 -1],[-1 -2 -2  1 -1  1 -3  1  0]]","[[ 0  2  1  1  1 -1 -1 -1 -2],[-2  0  0 -1 -1 -1 -2 -2 -2],[-1  0  0 -1 -1 -1 -1 -1 -1],[-1  1  1  0  1 -2 -1 -2 -3],[-1  1  1 -1  0 -1 -2  0 -2],[ 1  1  1  2  1  0  1  0  0],[ 1  2  1  1  2 -1  0  0 -1],[ 1  2  1  2  0  0  0  0  0],[ 2  2  1  3  2  0  1  0  0]]",True,"[-2,-1,-1,-1,1,1,1,2,0,1,1,1,2,2,2,1,1,1,1,1,1,-1,2,1,2,3,1,2,0,2,-1,0,0,0,1,0]","[-2,-1,-1,-1,1,1,1,2,0,0,1,1,1,2,2,-1,1,0,2,1,1,1,1,0,0,0,1,1,1,2,0,-1,0,0,1,1]",t^8+51t^6+210t^4+90t^2+1,"[-2,-1,-1,-1,1,1,1,2,0,1,1,0,1,2,2,0,1,1,0,1,1,0,0,2,1,1,0,1,1,2,-1,-1,0,-1,0,1]","[-2,-1,-1,-1,1,1,1,2,0,0,1,1,1,2,2,-1,1,0,2,1,1,1,1,0,0,0,1,1,1,2,0,-1,0,0,1,1]","[-2,-1,-1,-1,1,1,1,2,0,0,1,1,2,3,2,0,0,1,0,2,2,1,1,1,2,1,1,2,1,2,-1,-1,0,-1,1,1]",c,"[[{8, 2}, {1, 7}, {3, 6}, {4, 5}]]",0,4 K_1^3 - 36 K_1^2 - 8 K_1 K_2 + K_1 + 18 K_2 + 3 K_3 + 19,O1O2O3U1O4U5U6U2O7O8U7O5U3U4O6U8,O1O2O3U4O5U6U1U5O7U2O4O6U3O8U7U8,O1O2O3U4U5O4U1O6O7U2O5U8U3U6O8U7,c,{'O1O2O3U4O5U6U1O7U8O4O8U2U5U7O6U3'},1,"<a href=""/flatknot/8.1101730"">8.1101730</a>",t^9-51t^7-126t^6+52t^5+232t^4-12t^3-8t^2+5t-2,0,,
8.1101731,O1O2O3U4O5U6U1O7U8O4O8U5U7U2O6U3,4,4z^3+36z^2+109z+107,4w^4z^3+36w^3z^2+109w^2z+107w,False,False,"[[ 0 -1  1  2 -1  0 -2  0  1],[ 1  0  1  1  1  0  0  0  2],[-1 -1  0  0  0 -2 -1  0  0],[-2 -1  0  0 -2 -1 -2  0 -1],[ 1 -1  0  2  0  1 -1  0  1],[ 0  0  2  1 -1  0 -1  1  0],[ 2  0  1  2  1  1  0  0  3],[ 0  0  0  0  0 -1  0  0  0],[-1 -2  0  1 -1  0 -3  0  0]]","[[ 0  2  1  1  0  0 -1 -1 -2],[-2  0  0 -1  0 -1 -1 -2 -2],[-1  0  0  0  0 -2 -1  0 -1],[-1  1  0  0  0  0 -2 -1 -3],[ 0  0  0  0  0 -1  0  0  0],[ 0  1  2  0  1  0  0 -1 -1],[ 1  1  1  2  0  0  0  1  0],[ 1  2  0  1  0  1 -1  0 -1],[ 2  2  1  3  0  1  0  1  0]]",True,"[-2,-1,-1,0,0,1,1,2,0,1,0,1,1,2,2,0,0,2,1,0,1,0,0,2,1,3,1,0,0,0,0,1,1,-1,0,1]","[-2,-1,-1,0,0,1,1,2,0,1,0,1,1,2,2,0,0,2,1,0,1,0,0,2,1,3,1,0,0,0,0,1,1,-1,0,1]",t^8+36t^6+190t^4+96t^2+1,"[-2,-1,-1,0,0,1,1,2,0,1,1,2,0,2,2,1,0,1,1,2,1,1,1,0,1,2,-1,1,-1,1,1,1,2,0,0,1]","[-2,-1,-1,0,0,1,1,2,0,1,1,2,1,2,2,0,1,1,1,0,0,-1,1,2,1,2,1,0,1,1,1,1,2,-1,0,1]","[-2,-1,-1,0,0,1,1,2,0,1,0,1,1,3,2,1,0,0,1,2,1,0,1,0,1,2,-1,0,0,0,2,0,1,0,0,1]",c,"[[{8, 1}, {2, 7}, {3, 6}, {4, 5}], [{8, 1}, {2, 7}, {4, 6}, {3, 5}], [{8, 1}, {2, 7}, {4, 6}, {5}, {3}], [{8, 1}, {2, 7}, {5, 6}, {3, 4}], [{8, 1}, {3, 7}, {2, 6}, {4, 5}], [{8, 1}, {3, 7}, {4, 6}, {2, 5}], [{8, 1}, {3, 7}, {4, 6}, {5}, {2}], [{8, 1}, {3, 7}, {5, 6}, {2, 4}], [{8, 1}, {3, 7}, {5, 6}, {4}, {2}], [{8, 1}, {3, 7}, {6}, {4, 5}, {2}], [{8, 1}, {4, 7}, {2, 6}, {3, 5}], [{8, 1}, {4, 7}, {3, 6}, {2, 5}], [{8, 1}, {4, 7}, {5, 6}, {2, 3}], [{8, 1}, {5, 7}, {2, 6}, {3, 4}], [{8, 1}, {5, 7}, {3, 6}, {2, 4}], [{8, 1}, {5, 7}, {4, 6}, {2, 3}], [{8, 1}, {5, 7}, {4, 6}, {3}, {2}], [{8, 1}, {6, 7}, {2, 5}, {3, 4}], [{8, 1}, {6, 7}, {3, 5}, {2, 4}], [{8, 1}, {6, 7}, {4, 5}, {2, 3}], [{8, 1}, {7}, {2, 6}, {5}, {3, 4}], [{8, 1}, {7}, {3, 6}, {5}, {2, 4}], [{8, 1}, {7}, {4, 6}, {2, 5}, {3}], [{8, 1}, {7}, {4, 6}, {3, 5}, {2}], [{8, 1}, {7}, {4, 6}, {5}, {2, 3}], [{8, 2}, {1, 7}, {3, 6}, {4, 5}], [{8, 2}, {1, 7}, {4, 6}, {3, 5}], [{8, 2}, {1, 7}, {5, 6}, {3, 4}], [{8, 2}, {3, 7}, {1, 6}, {4, 5}], [{8, 2}, {3, 7}, {4, 6}, {1, 5}], [{8, 2}, {3, 7}, {5, 6}, {1, 4}], [{8, 2}, {4, 7}, {1, 6}, {3, 5}], [{8, 2}, {4, 7}, {3, 6}, {1, 5}], [{8, 2}, {4, 7}, {3, 6}, {5}, {1}], [{8, 2}, {4, 7}, {5, 6}, {1, 3}], [{8, 2}, {5, 7}, {1, 6}, {3, 4}], [{8, 2}, {5, 7}, {3, 6}, {1, 4}], [{8, 2}, {5, 7}, {4, 6}, {1, 3}], [{8, 2}, {5, 7}, {6}, {1, 4}, {3}], [{8, 2}, {6, 7}, {1, 5}, {3, 4}], [{8, 2}, {6, 7}, {3, 5}, {1, 4}], [{8, 2}, {6, 7}, {4, 5}, {1, 3}], [{8, 2}, {6, 7}, {5}, {1, 4}, {3}], [{8, 2}, {7}, {5, 6}, {1, 4}, {3}], [{8, 3}, {1, 7}, {2, 6}, {4, 5}], [{8, 3}, {1, 7}, {4, 6}, {2, 5}], [{8, 3}, {1, 7}, {4, 6}, {5}, {2}], [{8, 3}, {1, 7}, {5, 6}, {2, 4}], [{8, 3}, {1, 7}, {5, 6}, {4}, {2}], [{8, 3}, {1, 7}, {6}, {4, 5}, {2}], [{8, 3}, {2, 7}, {1, 6}, {4, 5}], [{8, 3}, {2, 7}, {4, 6}, {1, 5}], [{8, 3}, {2, 7}, {5, 6}, {1, 4}], [{8, 3}, {4, 7}, {1, 6}, {2, 5}], [{8, 3}, {4, 7}, {2, 6}, {1, 5}], [{8, 3}, {4, 7}, {5, 6}, {1, 2}], [{8, 3}, {5, 7}, {1, 6}, {2, 4}], [{8, 3}, {5, 7}, {2, 6}, {1, 4}], [{8, 3}, {5, 7}, {4, 6}, {1, 2}], [{8, 3}, {6, 7}, {1, 5}, {2, 4}], [{8, 3}, {6, 7}, {2, 5}, {1, 4}], [{8, 3}, {6, 7}, {4, 5}, {1, 2}], [{8, 3}, {7}, {6}, {1, 5}, {2, 4}], [{8, 4}, {1, 7}, {2, 6}, {3, 5}], [{8, 4}, {1, 7}, {3, 6}, {2, 5}], [{8, 4}, {1, 7}, {5, 6}, {2, 3}], [{8, 4}, {1, 7}, {5, 6}, {3}, {2}], [{8, 4}, {2, 7}, {1, 6}, {3, 5}], [{8, 4}, {2, 7}, {3, 6}, {1, 5}], [{8, 4}, {2, 7}, {5, 6}, {1, 3}], [{8, 4}, {3, 7}, {1, 6}, {2, 5}], [{8, 4}, {3, 7}, {1, 6}, {5}, {2}], [{8, 4}, {3, 7}, {2, 6}, {1, 5}], [{8, 4}, {3, 7}, {5, 6}, {1, 2}], [{8, 4}, {3, 7}, {5, 6}, {2}, {1}], [{8, 4}, {3, 7}, {6}, {1, 5}, {2}], [{8, 4}, {5, 7}, {1, 6}, {2, 3}], [{8, 4}, {5, 7}, {2, 6}, {1, 3}], [{8, 4}, {5, 7}, {3, 6}, {1, 2}], [{8, 4}, {6, 7}, {1, 5}, {2, 3}], [{8, 4}, {6, 7}, {2, 5}, {1, 3}], [{8, 4}, {6, 7}, {3, 5}, {1, 2}], [{8, 4}, {7}, {3, 6}, {5}, {1, 2}], [{8, 4}, {7}, {5, 6}, {1, 3}, {2}], [{8, 5}, {1, 7}, {2, 6}, {3, 4}], [{8, 5}, {1, 7}, {3, 6}, {2, 4}], [{8, 5}, {1, 7}, {4, 6}, {2, 3}], [{8, 5}, {2, 7}, {1, 6}, {3, 4}], [{8, 5}, {2, 7}, {3, 6}, {1, 4}], [{8, 5}, {2, 7}, {4, 6}, {1, 3}], [{8, 5}, {3, 7}, {1, 6}, {2, 4}], [{8, 5}, {3, 7}, {1, 6}, {4}, {2}], [{8, 5}, {3, 7}, {2, 6}, {1, 4}], [{8, 5}, {3, 7}, {2, 6}, {4}, {1}], [{8, 5}, {3, 7}, {4, 6}, {1, 2}], [{8, 5}, {3, 7}, {4, 6}, {2}, {1}], [{8, 5}, {3, 7}, {6}, {1, 4}, {2}], [{8, 5}, {3, 7}, {6}, {2, 4}, {1}], [{8, 5}, {3, 7}, {6}, {4}, {1, 2}], [{8, 5}, {3, 7}, {6}, {4}, {2}, {1}], [{8, 5}, {4, 7}, {1, 6}, {2, 3}], [{8, 5}, {4, 7}, {2, 6}, {1, 3}], [{8, 5}, {4, 7}, {2, 6}, {3}, {1}], [{8, 5}, {4, 7}, {3, 6}, {1, 2}], [{8, 5}, {6, 7}, {1, 4}, {2, 3}], [{8, 5}, {6, 7}, {1, 4}, {3}, {2}], [{8, 5}, {6, 7}, {2, 4}, {1, 3}], [{8, 5}, {6, 7}, {2, 4}, {3}, {1}], [{8, 5}, {6, 7}, {3, 4}, {1, 2}], [{8, 5}, {6, 7}, {4}, {3}, {1, 2}], [{8, 5}, {7}, {2, 6}, {3, 4}, {1}], [{8, 5}, {7}, {3, 6}, {1, 4}, {2}], [{8, 5}, {7}, {3, 6}, {2, 4}, {1}], [{8, 5}, {7}, {3, 6}, {4}, {1, 2}], [{8, 6}, {1, 7}, {2, 5}, {3, 4}], [{8, 6}, {1, 7}, {3, 5}, {2, 4}], [{8, 6}, {1, 7}, {4, 5}, {2, 3}], [{8, 6}, {2, 7}, {1, 5}, {3, 4}], [{8, 6}, {2, 7}, {3, 5}, {1, 4}], [{8, 6}, {2, 7}, {4, 5}, {1, 3}], [{8, 6}, {2, 7}, {5}, {4}, {1, 3}], [{8, 6}, {3, 7}, {1, 5}, {2, 4}], [{8, 6}, {3, 7}, {1, 5}, {4}, {2}], [{8, 6}, {3, 7}, {2, 5}, {1, 4}], [{8, 6}, {3, 7}, {4, 5}, {1, 2}], [{8, 6}, {3, 7}, {4, 5}, {2}, {1}], [{8, 6}, {3, 7}, {5}, {1, 4}, {2}], [{8, 6}, {4, 7}, {1, 5}, {2, 3}], [{8, 6}, {4, 7}, {2, 5}, {1, 3}], [{8, 6}, {4, 7}, {3, 5}, {1, 2}], [{8, 6}, {5, 7}, {1, 4}, {2, 3}], [{8, 6}, {5, 7}, {2, 4}, {1, 3}], [{8, 6}, {5, 7}, {3, 4}, {1, 2}], [{8, 6}, {5, 7}, {4}, {1, 3}, {2}], [{8, 6}, {7}, {1, 5}, {2, 4}, {3}], [{8, 6}, {7}, {2, 5}, {4}, {1, 3}], [{8, 6}, {7}, {3, 5}, {4}, {1, 2}], [{8, 7}, {1, 6}, {2, 5}, {3, 4}], [{8, 7}, {1, 6}, {3, 5}, {2, 4}], [{8, 7}, {1, 6}, {4, 5}, {2, 3}], [{8, 7}, {1, 6}, {5}, {4}, {2, 3}], [{8, 7}, {2, 6}, {1, 5}, {3, 4}], [{8, 7}, {2, 6}, {3, 5}, {1, 4}], [{8, 7}, {2, 6}, {4, 5}, {1, 3}], [{8, 7}, {2, 6}, {5}, {3, 4}, {1}], [{8, 7}, {3, 6}, {1, 5}, {2, 4}], [{8, 7}, {3, 6}, {2, 5}, {1, 4}], [{8, 7}, {3, 6}, {4, 5}, {1, 2}], [{8, 7}, {3, 6}, {4, 5}, {2}, {1}], [{8, 7}, {4, 6}, {1, 5}, {2, 3}], [{8, 7}, {4, 6}, {2, 5}, {1, 3}], [{8, 7}, {4, 6}, {2, 5}, {3}, {1}], [{8, 7}, {4, 6}, {3, 5}, {1, 2}], [{8, 7}, {5, 6}, {1, 4}, {2, 3}], [{8, 7}, {5, 6}, {2, 4}, {1, 3}], [{8, 7}, {5, 6}, {3, 4}, {1, 2}], [{8, 7}, {6}, {2, 5}, {4}, {1, 3}], [{8, 7}, {6}, {3, 5}, {1, 4}, {2}], [{8}, {1, 7}, {2, 6}, {5}, {3, 4}], [{8}, {1, 7}, {3, 6}, {2, 5}, {4}], [{8}, {1, 7}, {4, 6}, {2, 5}, {3}], [{8}, {1, 7}, {5, 6}, {3, 4}, {2}], [{8}, {1, 7}, {6}, {2, 5}, {3, 4}], [{8}, {1, 7}, {6}, {3, 5}, {2, 4}], [{8}, {2, 7}, {1, 6}, {5}, {3, 4}], [{8}, {2, 7}, {5, 6}, {3, 4}, {1}], [{8}, {2, 7}, {6}, {1, 5}, {3, 4}], [{8}, {3, 7}, {1, 6}, {4, 5}, {2}], [{8}, {3, 7}, {4, 6}, {1, 5}, {2}], [{8}, {3, 7}, {5, 6}, {1, 4}, {2}], [{8}, {5, 7}, {1, 6}, {3, 4}, {2}], [{8}, {5, 7}, {2, 6}, {3, 4}, {1}], [{8}, {5, 7}, {6}, {3, 4}, {1, 2}], [{8}, {6, 7}, {1, 5}, {3, 4}, {2}], [{8}, {6, 7}, {2, 5}, {1, 4}, {3}], [{8}, {6, 7}, {2, 5}, {3, 4}, {1}], [{8}, {6, 7}, {2, 5}, {4}, {1, 3}], [{8}, {6, 7}, {5}, {3, 4}, {1, 2}], [{8}, {7}, {1, 6}, {2, 5}, {3, 4}], [{8}, {7}, {2, 6}, {1, 5}, {3, 4}], [{8}, {7}, {2, 6}, {5}, {3, 4}, {1}], [{8}, {7}, {3, 6}, {1, 5}, {2, 4}], [{8}, {7}, {3, 6}, {4, 5}, {1, 2}], [{8}, {7}, {5, 6}, {3, 4}, {1, 2}]]",2,8 K_1^3 - 12 K_1^2 - 4 K_1 K_2 - 4 K_1 + 6 K_2 + 7,O1O2O3U1O4U2U5U6O7O8U7O5U3U4O6U8,O1O2O3U4O5U6U3U5O7U1O4O6U2O8U7U8,O1O2O3U4U5O4U2O6O7U3O5U8U1U6O8U7,c,{'O1O2O3U4O5U6U1O7U8O4O8U5U7U2O6U3'},1,"<a href=""/flatknot/8.1101731"">8.1101731</a>",t^9-36t^7-58t^6+126t^5+220t^4+31t^3-58t^2-12t+2,0,,
8.1101732,O1O2O3U4O5U6U2O7U1O4O8U3U5U7O6U8,4,16z^2+101z+139,16w^3z^2+101w^2z+139w,False,False,"[[ 0 -1  0  0 -1  1 -2  1  2],[ 1  0  0  1  0  2 -2  2  2],[ 0  0  0  0  0  1 -1  1  1],[ 0 -1  0  0  0  0 -1  1  2],[ 1  0  0  0  0  1  0  0  1],[-1 -2 -1  0 -1  0 -2  1  1],[ 2  2  1  1  0  2  0  1  1],[-1 -2 -1 -1  0 -1 -1  0  1],[-2 -2 -1 -2 -1 -1 -1 -1  0]]","[[ 0  2  1  1  0  0 -1 -1 -2],[-2  0 -1 -1 -1 -2 -1 -2 -1],[-1  1  0  1 -1  0 -1 -2 -2],[-1  1 -1  0 -1 -1  0 -2 -1],[ 0  1  1  1  0  0  0  0 -1],[ 0  2  0  1  0  0  0 -1 -1],[ 1  1  1  0  0  0  0  0  0],[ 1  2  2  2  0  1  0  0 -2],[ 2  1  2  1  1  1  0  2  0]]",True,"[-2,-1,-1,0,0,1,1,2,1,1,1,2,1,2,1,-1,1,0,1,2,2,1,1,0,2,1,0,0,0,1,0,1,1,0,0,2]","[-2,-1,-1,0,0,1,1,2,-1,1,1,1,1,2,3,0,0,1,0,0,1,1,1,1,2,2,0,1,0,0,0,0,1,-1,0,0]",t^8+38t^6+95t^4+36t^2+1,"[-2,-1,-1,0,0,1,1,2,-1,1,1,1,1,2,3,0,0,1,0,0,1,1,1,1,2,2,0,1,0,0,0,0,1,-1,0,0]","[-2,-1,-1,0,0,1,1,2,0,0,0,1,1,2,3,-1,0,0,0,2,2,1,0,0,1,1,0,0,1,1,1,1,1,0,-1,1]","[-2,-1,-1,0,0,1,1,2,0,2,1,1,1,2,1,0,0,0,0,1,1,0,1,2,2,2,0,1,1,1,1,0,2,-1,1,1]",c,"[[{8, 1}, {2, 7}, {3, 6}, {4, 5}], [{8, 1}, {2, 7}, {4, 6}, {3, 5}], [{8, 1}, {2, 7}, {4, 6}, {5}, {3}], [{8, 1}, {2, 7}, {5, 6}, {3, 4}], [{8, 1}, {2, 7}, {5, 6}, {4}, {3}], [{8, 1}, {2, 7}, {6}, {4, 5}, {3}], [{8, 1}, {3, 7}, {2, 6}, {4, 5}], [{8, 1}, {3, 7}, {4, 6}, {2, 5}], [{8, 1}, {3, 7}, {5, 6}, {2, 4}], [{8, 1}, {3, 7}, {6}, {5}, {2, 4}], [{8, 1}, {4, 7}, {2, 6}, {3, 5}], [{8, 1}, {4, 7}, {3, 6}, {2, 5}], [{8, 1}, {4, 7}, {3, 6}, {5}, {2}], [{8, 1}, {4, 7}, {5, 6}, {2, 3}], [{8, 1}, {5, 7}, {2, 6}, {3, 4}], [{8, 1}, {5, 7}, {3, 6}, {2, 4}], [{8, 1}, {5, 7}, {4, 6}, {2, 3}], [{8, 1}, {5, 7}, {6}, {2, 4}, {3}], [{8, 1}, {6, 7}, {2, 5}, {3, 4}], [{8, 1}, {6, 7}, {2, 5}, {4}, {3}], [{8, 1}, {6, 7}, {3, 5}, {2, 4}], [{8, 1}, {6, 7}, {4, 5}, {2, 3}], [{8, 1}, {6, 7}, {5}, {3, 4}, {2}], [{8, 1}, {7}, {6}, {2, 5}, {3, 4}], [{8, 1}, {7}, {6}, {3, 5}, {2, 4}], [{8, 2}, {1, 7}, {3, 6}, {4, 5}], [{8, 2}, {1, 7}, {4, 6}, {3, 5}], [{8, 2}, {1, 7}, {4, 6}, {5}, {3}], [{8, 2}, {1, 7}, {5, 6}, {3, 4}], [{8, 2}, {3, 7}, {1, 6}, {4, 5}], [{8, 2}, {3, 7}, {4, 6}, {1, 5}], [{8, 2}, {3, 7}, {5, 6}, {1, 4}], [{8, 2}, {4, 7}, {1, 6}, {3, 5}], [{8, 2}, {4, 7}, {3, 6}, {1, 5}], [{8, 2}, {4, 7}, {5, 6}, {1, 3}], [{8, 2}, {4, 7}, {5, 6}, {3}, {1}], [{8, 2}, {5, 7}, {1, 6}, {3, 4}], [{8, 2}, {5, 7}, {3, 6}, {1, 4}], [{8, 2}, {5, 7}, {4, 6}, {1, 3}], [{8, 2}, {5, 7}, {6}, {1, 4}, {3}], [{8, 2}, {6, 7}, {1, 5}, {3, 4}], [{8, 2}, {6, 7}, {3, 5}, {1, 4}], [{8, 2}, {6, 7}, {4, 5}, {1, 3}], [{8, 2}, {7}, {1, 6}, {5}, {3, 4}], [{8, 3}, {1, 7}, {2, 6}, {4, 5}], [{8, 3}, {1, 7}, {4, 6}, {2, 5}], [{8, 3}, {1, 7}, {5, 6}, {2, 4}], [{8, 3}, {1, 7}, {6}, {2, 5}, {4}], [{8, 3}, {1, 7}, {6}, {4, 5}, {2}], [{8, 3}, {1, 7}, {6}, {5}, {2, 4}], [{8, 3}, {2, 7}, {1, 6}, {4, 5}], [{8, 3}, {2, 7}, {1, 6}, {5}, {4}], [{8, 3}, {2, 7}, {4, 6}, {1, 5}], [{8, 3}, {2, 7}, {4, 6}, {5}, {1}], [{8, 3}, {2, 7}, {5, 6}, {1, 4}], [{8, 3}, {2, 7}, {5, 6}, {4}, {1}], [{8, 3}, {2, 7}, {6}, {1, 5}, {4}], [{8, 3}, {2, 7}, {6}, {4, 5}, {1}], [{8, 3}, {2, 7}, {6}, {5}, {1, 4}], [{8, 3}, {2, 7}, {6}, {5}, {4}, {1}], [{8, 3}, {4, 7}, {1, 6}, {2, 5}], [{8, 3}, {4, 7}, {2, 6}, {1, 5}], [{8, 3}, {4, 7}, {5, 6}, {1, 2}], [{8, 3}, {4, 7}, {6}, {1, 5}, {2}], [{8, 3}, {4, 7}, {6}, {2, 5}, {1}], [{8, 3}, {4, 7}, {6}, {5}, {1, 2}], [{8, 3}, {5, 7}, {1, 6}, {2, 4}], [{8, 3}, {5, 7}, {2, 6}, {1, 4}], [{8, 3}, {5, 7}, {4, 6}, {1, 2}], [{8, 3}, {5, 7}, {6}, {1, 4}, {2}], [{8, 3}, {5, 7}, {6}, {2, 4}, {1}], [{8, 3}, {5, 7}, {6}, {4}, {1, 2}], [{8, 3}, {6, 7}, {1, 5}, {2, 4}], [{8, 3}, {6, 7}, {2, 5}, {1, 4}], [{8, 3}, {6, 7}, {4, 5}, {1, 2}], [{8, 3}, {6, 7}, {4, 5}, {2}, {1}], [{8, 3}, {7}, {1, 6}, {4, 5}, {2}], [{8, 3}, {7}, {2, 6}, {4, 5}, {1}], [{8, 3}, {7}, {6}, {1, 5}, {2, 4}], [{8, 3}, {7}, {6}, {2, 5}, {1, 4}], [{8, 3}, {7}, {6}, {4, 5}, {1, 2}], [{8, 3}, {7}, {6}, {4, 5}, {2}, {1}], [{8, 4}, {1, 7}, {2, 6}, {3, 5}], [{8, 4}, {1, 7}, {3, 6}, {2, 5}], [{8, 4}, {1, 7}, {5, 6}, {2, 3}], [{8, 4}, {1, 7}, {6}, {3, 5}, {2}], [{8, 4}, {2, 7}, {1, 6}, {3, 5}], [{8, 4}, {2, 7}, {3, 6}, {1, 5}], [{8, 4}, {2, 7}, {5, 6}, {1, 3}], [{8, 4}, {2, 7}, {5, 6}, {3}, {1}], [{8, 4}, {3, 7}, {1, 6}, {2, 5}], [{8, 4}, {3, 7}, {2, 6}, {1, 5}], [{8, 4}, {3, 7}, {5, 6}, {1, 2}], [{8, 4}, {5, 7}, {1, 6}, {2, 3}], [{8, 4}, {5, 7}, {2, 6}, {1, 3}], [{8, 4}, {5, 7}, {3, 6}, {1, 2}], [{8, 4}, {6, 7}, {1, 5}, {2, 3}], [{8, 4}, {6, 7}, {2, 5}, {1, 3}], [{8, 4}, {6, 7}, {2, 5}, {3}, {1}], [{8, 4}, {6, 7}, {3, 5}, {1, 2}], [{8, 4}, {7}, {2, 6}, {1, 5}, {3}], [{8, 4}, {7}, {2, 6}, {3, 5}, {1}], [{8, 4}, {7}, {2, 6}, {5}, {1, 3}], [{8, 5}, {1, 7}, {2, 6}, {3, 4}], [{8, 5}, {1, 7}, {3, 6}, {2, 4}], [{8, 5}, {1, 7}, {4, 6}, {2, 3}], [{8, 5}, {2, 7}, {1, 6}, {3, 4}], [{8, 5}, {2, 7}, {3, 6}, {1, 4}], [{8, 5}, {2, 7}, {3, 6}, {4}, {1}], [{8, 5}, {2, 7}, {4, 6}, {1, 3}], [{8, 5}, {3, 7}, {1, 6}, {2, 4}], [{8, 5}, {3, 7}, {2, 6}, {1, 4}], [{8, 5}, {3, 7}, {4, 6}, {1, 2}], [{8, 5}, {3, 7}, {6}, {4}, {1, 2}], [{8, 5}, {4, 7}, {1, 6}, {2, 3}], [{8, 5}, {4, 7}, {2, 6}, {1, 3}], [{8, 5}, {4, 7}, {3, 6}, {1, 2}], [{8, 5}, {4, 7}, {3, 6}, {2}, {1}], [{8, 5}, {6, 7}, {1, 4}, {2, 3}], [{8, 5}, {6, 7}, {2, 4}, {1, 3}], [{8, 5}, {6, 7}, {3, 4}, {1, 2}], [{8, 5}, {6, 7}, {4}, {1, 3}, {2}], [{8, 5}, {7}, {2, 6}, {3, 4}, {1}], [{8, 5}, {7}, {3, 6}, {2, 4}, {1}], [{8, 5}, {7}, {6}, {1, 4}, {2, 3}], [{8, 6}, {1, 7}, {2, 5}, {3, 4}], [{8, 6}, {1, 7}, {2, 5}, {4}, {3}], [{8, 6}, {1, 7}, {3, 5}, {2, 4}], [{8, 6}, {1, 7}, {4, 5}, {2, 3}], [{8, 6}, {1, 7}, {4, 5}, {3}, {2}], [{8, 6}, {1, 7}, {5}, {2, 4}, {3}], [{8, 6}, {2, 7}, {1, 5}, {3, 4}], [{8, 6}, {2, 7}, {3, 5}, {1, 4}], [{8, 6}, {2, 7}, {3, 5}, {4}, {1}], [{8, 6}, {2, 7}, {4, 5}, {1, 3}], [{8, 6}, {3, 7}, {1, 5}, {2, 4}], [{8, 6}, {3, 7}, {2, 5}, {1, 4}], [{8, 6}, {3, 7}, {4, 5}, {1, 2}], [{8, 6}, {3, 7}, {5}, {2, 4}, {1}], [{8, 6}, {4, 7}, {1, 5}, {2, 3}], [{8, 6}, {4, 7}, {1, 5}, {3}, {2}], [{8, 6}, {4, 7}, {2, 5}, {1, 3}], [{8, 6}, {4, 7}, {3, 5}, {1, 2}], [{8, 6}, {5, 7}, {1, 4}, {2, 3}], [{8, 6}, {5, 7}, {2, 4}, {1, 3}], [{8, 6}, {5, 7}, {3, 4}, {1, 2}], [{8, 6}, {5, 7}, {4}, {1, 3}, {2}], [{8, 6}, {7}, {3, 5}, {1, 4}, {2}], [{8, 6}, {7}, {5}, {2, 4}, {1, 3}], [{8, 7}, {1, 6}, {2, 5}, {3, 4}], [{8, 7}, {1, 6}, {3, 5}, {2, 4}], [{8, 7}, {1, 6}, {3, 5}, {4}, {2}], [{8, 7}, {1, 6}, {4, 5}, {2, 3}], [{8, 7}, {2, 6}, {1, 5}, {3, 4}], [{8, 7}, {2, 6}, {3, 5}, {1, 4}], [{8, 7}, {2, 6}, {4, 5}, {1, 3}], [{8, 7}, {3, 6}, {1, 5}, {2, 4}], [{8, 7}, {3, 6}, {2, 5}, {1, 4}], [{8, 7}, {3, 6}, {4, 5}, {1, 2}], [{8, 7}, {4, 6}, {1, 5}, {2, 3}], [{8, 7}, {4, 6}, {2, 5}, {1, 3}], [{8, 7}, {4, 6}, {3, 5}, {1, 2}], [{8, 7}, {5, 6}, {1, 4}, {2, 3}], [{8, 7}, {5, 6}, {2, 4}, {1, 3}], [{8, 7}, {5, 6}, {2, 4}, {3}, {1}], [{8, 7}, {5, 6}, {3, 4}, {1, 2}], [{8, 7}, {6}, {2, 5}, {4}, {1, 3}], [{8, 7}, {6}, {5}, {1, 4}, {2, 3}], [{8}, {1, 7}, {2, 6}, {5}, {3, 4}], [{8}, {1, 7}, {3, 6}, {2, 5}, {4}], [{8}, {1, 7}, {3, 6}, {4, 5}, {2}], [{8}, {1, 7}, {3, 6}, {5}, {2, 4}], [{8}, {2, 7}, {4, 6}, {5}, {1, 3}], [{8}, {2, 7}, {5, 6}, {1, 4}, {3}], [{8}, {2, 7}, {5, 6}, {3, 4}, {1}], [{8}, {2, 7}, {5, 6}, {4}, {1, 3}], [{8}, {2, 7}, {5, 6}, {4}, {3}, {1}], [{8}, {2, 7}, {6}, {4, 5}, {1, 3}], [{8}, {3, 7}, {1, 6}, {5}, {2, 4}], [{8}, {3, 7}, {4, 6}, {2, 5}, {1}], [{8}, {4, 7}, {3, 6}, {1, 5}, {2}], [{8}, {5, 7}, {6}, {1, 4}, {2, 3}], [{8}, {5, 7}, {6}, {2, 4}, {1, 3}], [{8}, {6, 7}, {1, 5}, {4}, {2, 3}], [{8}, {6, 7}, {2, 5}, {1, 4}, {3}], [{8}, {6, 7}, {3, 5}, {2, 4}, {1}]]",2,- 28 K_1^2 - 4 K_1 K_2 + 2 K_1 + 14 K_2 + 2 K_3 + 15,O1O2O3U4O5U6U7U1O4O8U3O6U2U5O7U8,O1O2O3U4O5U6U7U1O8U2O4O7U3O6U8U5,O1O2O3U4U5O6U1O7O8U2O5U3U7U6O4U8,c,{'O1O2O3U4O5U6U2O7U1O4O8U3U5U7O6U8'},1,"<a href=""/flatknot/8.1101732"">8.1101732</a>",t^9-38t^7-108t^6+5t^5+224t^4+60t^3-120t^2-2t+20,0,,
8.1101733,O1O2O3U4O5U6U2O7U1O4O8U7U5U3O6U8,4,z^3+24z^2+106z+125,w^4z^3+24w^3z^2+106w^2z+125w,False,False,"[[ 0 -1  0  2 -1  1 -2 -1  2],[ 1  0  0  3  0  2 -2  0  2],[ 0  0  0  1  0  0 -1 -1  1],[-2 -3 -1  0  0 -1 -2 -1  2],[ 1  0  0  0  0  0  0 -1  1],[-1 -2  0  1  0  0 -1  0  1],[ 2  2  1  2  0  1  0 -1  1],[ 1  0  1  1  1  0  1  0  1],[-2 -2 -1 -2 -1 -1 -1 -1  0]]","[[ 0  2  2  1  0 -1 -1 -1 -2],[-2  0  2 -1 -1  0 -1 -3 -2],[-2 -2  0 -1 -1 -1 -1 -2 -1],[-1  1  1  0  0  0  0 -2 -1],[ 0  1  1  0  0  0 -1  0 -1],[ 1  0  1  0  0  0 -1  0  0],[ 1  1  1  0  1  1  0  0  1],[ 1  3  2  2  0  0  0  0 -2],[ 2  2  1  1  1  0 -1  2  0]]",True,"[-2,-2,-1,0,1,1,1,2,-2,1,1,0,1,3,2,1,1,1,1,2,1,0,0,0,2,1,0,1,0,1,1,0,0,0,-1,2]","[-2,-2,-1,0,1,1,1,2,-2,0,1,1,2,2,3,0,1,0,2,3,2,1,0,2,2,2,1,0,1,1,0,0,-1,1,2,1]",t^8+42t^6+203t^4+89t^2+1,"[-2,-1,-1,-1,0,1,2,2,-1,1,2,1,2,2,3,0,0,1,0,0,1,1,1,2,3,2,0,2,2,2,1,1,1,0,0,-2]","[-2,-2,-1,0,1,1,1,2,-2,0,1,1,2,2,3,0,1,0,2,3,2,1,0,2,2,2,1,0,1,1,0,0,-1,1,2,1]","[-2,-1,-1,-1,0,1,2,2,-1,0,2,1,1,1,2,1,0,1,0,1,1,0,0,0,1,0,0,2,2,3,0,1,1,1,1,-2]",c,"[[{8, 1}, {2, 7}, {3, 6}, {4, 5}], [{8, 1}, {2, 7}, {4, 6}, {3, 5}], [{8, 1}, {2, 7}, {5, 6}, {3, 4}], [{8, 1}, {3, 7}, {2, 6}, {4, 5}], [{8, 1}, {3, 7}, {4, 6}, {2, 5}], [{8, 1}, {3, 7}, {4, 6}, {5}, {2}], [{8, 1}, {3, 7}, {5, 6}, {2, 4}], [{8, 1}, {4, 7}, {2, 6}, {3, 5}], [{8, 1}, {4, 7}, {3, 6}, {2, 5}], [{8, 1}, {4, 7}, {3, 6}, {5}, {2}], [{8, 1}, {4, 7}, {5, 6}, {2, 3}], [{8, 1}, {5, 7}, {2, 6}, {3, 4}], [{8, 1}, {5, 7}, {3, 6}, {2, 4}], [{8, 1}, {5, 7}, {3, 6}, {4}, {2}], [{8, 1}, {5, 7}, {4, 6}, {2, 3}], [{8, 1}, {6, 7}, {2, 5}, {3, 4}], [{8, 1}, {6, 7}, {3, 5}, {2, 4}], [{8, 1}, {6, 7}, {4, 5}, {2, 3}], [{8, 1}, {7}, {3, 6}, {4, 5}, {2}], [{8, 1}, {7}, {5, 6}, {2, 4}, {3}], [{8, 1}, {7}, {5, 6}, {3, 4}, {2}], [{8, 1}, {7}, {5, 6}, {4}, {2, 3}], [{8, 2}, {1, 7}, {3, 6}, {4, 5}], [{8, 2}, {1, 7}, {4, 6}, {3, 5}], [{8, 2}, {1, 7}, {5, 6}, {3, 4}], [{8, 2}, {1, 7}, {5, 6}, {4}, {3}], [{8, 2}, {3, 7}, {1, 6}, {4, 5}], [{8, 2}, {3, 7}, {4, 6}, {1, 5}], [{8, 2}, {3, 7}, {5, 6}, {1, 4}], [{8, 2}, {4, 7}, {1, 6}, {3, 5}], [{8, 2}, {4, 7}, {3, 6}, {1, 5}], [{8, 2}, {4, 7}, {5, 6}, {1, 3}], [{8, 2}, {5, 7}, {1, 6}, {3, 4}], [{8, 2}, {5, 7}, {3, 6}, {1, 4}], [{8, 2}, {5, 7}, {4, 6}, {1, 3}], [{8, 2}, {6, 7}, {1, 5}, {3, 4}], [{8, 2}, {6, 7}, {3, 5}, {1, 4}], [{8, 2}, {6, 7}, {4, 5}, {1, 3}], [{8, 2}, {6, 7}, {5}, {1, 4}, {3}], [{8, 2}, {7}, {4, 6}, {5}, {1, 3}], [{8, 3}, {1, 7}, {2, 6}, {4, 5}], [{8, 3}, {1, 7}, {4, 6}, {2, 5}], [{8, 3}, {1, 7}, {5, 6}, {2, 4}], [{8, 3}, {1, 7}, {6}, {4, 5}, {2}], [{8, 3}, {2, 7}, {1, 6}, {4, 5}], [{8, 3}, {2, 7}, {4, 6}, {1, 5}], [{8, 3}, {2, 7}, {5, 6}, {1, 4}], [{8, 3}, {2, 7}, {5, 6}, {4}, {1}], [{8, 3}, {4, 7}, {1, 6}, {2, 5}], [{8, 3}, {4, 7}, {2, 6}, {1, 5}], [{8, 3}, {4, 7}, {5, 6}, {1, 2}], [{8, 3}, {4, 7}, {6}, {1, 5}, {2}], [{8, 3}, {5, 7}, {1, 6}, {2, 4}], [{8, 3}, {5, 7}, {2, 6}, {1, 4}], [{8, 3}, {5, 7}, {4, 6}, {1, 2}], [{8, 3}, {6, 7}, {1, 5}, {2, 4}], [{8, 3}, {6, 7}, {2, 5}, {1, 4}], [{8, 3}, {6, 7}, {4, 5}, {1, 2}], [{8, 3}, {7}, {1, 6}, {2, 5}, {4}], [{8, 3}, {7}, {5, 6}, {1, 4}, {2}], [{8, 4}, {1, 7}, {2, 6}, {3, 5}], [{8, 4}, {1, 7}, {3, 6}, {2, 5}], [{8, 4}, {1, 7}, {3, 6}, {5}, {2}], [{8, 4}, {1, 7}, {5, 6}, {2, 3}], [{8, 4}, {2, 7}, {1, 6}, {3, 5}], [{8, 4}, {2, 7}, {3, 6}, {1, 5}], [{8, 4}, {2, 7}, {5, 6}, {1, 3}], [{8, 4}, {2, 7}, {5, 6}, {3}, {1}], [{8, 4}, {2, 7}, {6}, {5}, {1, 3}], [{8, 4}, {3, 7}, {1, 6}, {2, 5}], [{8, 4}, {3, 7}, {1, 6}, {5}, {2}], [{8, 4}, {3, 7}, {2, 6}, {1, 5}], [{8, 4}, {3, 7}, {2, 6}, {5}, {1}], [{8, 4}, {3, 7}, {5, 6}, {1, 2}], [{8, 4}, {3, 7}, {6}, {5}, {1, 2}], [{8, 4}, {5, 7}, {1, 6}, {2, 3}], [{8, 4}, {5, 7}, {2, 6}, {1, 3}], [{8, 4}, {5, 7}, {3, 6}, {1, 2}], [{8, 4}, {5, 7}, {3, 6}, {2}, {1}], [{8, 4}, {6, 7}, {1, 5}, {2, 3}], [{8, 4}, {6, 7}, {2, 5}, {1, 3}], [{8, 4}, {6, 7}, {2, 5}, {3}, {1}], [{8, 4}, {6, 7}, {3, 5}, {1, 2}], [{8, 4}, {7}, {3, 6}, {1, 5}, {2}], [{8, 4}, {7}, {5, 6}, {1, 3}, {2}], [{8, 5}, {1, 7}, {2, 6}, {3, 4}], [{8, 5}, {1, 7}, {3, 6}, {2, 4}], [{8, 5}, {1, 7}, {3, 6}, {4}, {2}], [{8, 5}, {1, 7}, {4, 6}, {2, 3}], [{8, 5}, {2, 7}, {1, 6}, {3, 4}], [{8, 5}, {2, 7}, {3, 6}, {1, 4}], [{8, 5}, {2, 7}, {4, 6}, {1, 3}], [{8, 5}, {3, 7}, {1, 6}, {2, 4}], [{8, 5}, {3, 7}, {2, 6}, {1, 4}], [{8, 5}, {3, 7}, {4, 6}, {1, 2}], [{8, 5}, {4, 7}, {1, 6}, {2, 3}], [{8, 5}, {4, 7}, {2, 6}, {1, 3}], [{8, 5}, {4, 7}, {3, 6}, {1, 2}], [{8, 5}, {4, 7}, {3, 6}, {2}, {1}], [{8, 5}, {4, 7}, {6}, {3}, {1, 2}], [{8, 5}, {6, 7}, {1, 4}, {2, 3}], [{8, 5}, {6, 7}, {2, 4}, {1, 3}], [{8, 5}, {6, 7}, {3, 4}, {1, 2}], [{8, 5}, {7}, {1, 6}, {2, 4}, {3}], [{8, 5}, {7}, {3, 6}, {1, 4}, {2}], [{8, 6}, {1, 7}, {2, 5}, {3, 4}], [{8, 6}, {1, 7}, {3, 5}, {2, 4}], [{8, 6}, {1, 7}, {4, 5}, {2, 3}], [{8, 6}, {1, 7}, {4, 5}, {3}, {2}], [{8, 6}, {2, 7}, {1, 5}, {3, 4}], [{8, 6}, {2, 7}, {3, 5}, {1, 4}], [{8, 6}, {2, 7}, {4, 5}, {1, 3}], [{8, 6}, {3, 7}, {1, 5}, {2, 4}], [{8, 6}, {3, 7}, {1, 5}, {4}, {2}], [{8, 6}, {3, 7}, {2, 5}, {1, 4}], [{8, 6}, {3, 7}, {4, 5}, {1, 2}], [{8, 6}, {3, 7}, {4, 5}, {2}, {1}], [{8, 6}, {3, 7}, {5}, {1, 4}, {2}], [{8, 6}, {4, 7}, {1, 5}, {2, 3}], [{8, 6}, {4, 7}, {1, 5}, {3}, {2}], [{8, 6}, {4, 7}, {2, 5}, {1, 3}], [{8, 6}, {4, 7}, {3, 5}, {1, 2}], [{8, 6}, {4, 7}, {5}, {2, 3}, {1}], [{8, 6}, {5, 7}, {1, 4}, {2, 3}], [{8, 6}, {5, 7}, {2, 4}, {1, 3}], [{8, 6}, {5, 7}, {3, 4}, {1, 2}], [{8, 6}, {7}, {1, 5}, {3, 4}, {2}], [{8, 6}, {7}, {2, 5}, {4}, {1, 3}], [{8, 6}, {7}, {4, 5}, {1, 3}, {2}], [{8, 6}, {7}, {5}, {2, 4}, {1, 3}], [{8, 7}, {1, 6}, {2, 5}, {3, 4}], [{8, 7}, {1, 6}, {3, 5}, {2, 4}], [{8, 7}, {1, 6}, {4, 5}, {2, 3}], [{8, 7}, {2, 6}, {1, 5}, {3, 4}], [{8, 7}, {2, 6}, {3, 5}, {1, 4}], [{8, 7}, {2, 6}, {4, 5}, {1, 3}], [{8, 7}, {3, 6}, {1, 5}, {2, 4}], [{8, 7}, {3, 6}, {1, 5}, {4}, {2}], [{8, 7}, {3, 6}, {2, 5}, {1, 4}], [{8, 7}, {3, 6}, {4, 5}, {1, 2}], [{8, 7}, {3, 6}, {4, 5}, {2}, {1}], [{8, 7}, {3, 6}, {5}, {1, 4}, {2}], [{8, 7}, {4, 6}, {1, 5}, {2, 3}], [{8, 7}, {4, 6}, {2, 5}, {1, 3}], [{8, 7}, {4, 6}, {3, 5}, {1, 2}], [{8, 7}, {5, 6}, {1, 4}, {2, 3}], [{8, 7}, {5, 6}, {2, 4}, {1, 3}], [{8, 7}, {5, 6}, {3, 4}, {1, 2}], [{8, 7}, {6}, {3, 5}, {4}, {1, 2}], [{8, 7}, {6}, {4, 5}, {3}, {1, 2}], [{8, 7}, {6}, {5}, {3, 4}, {1, 2}], [{8}, {1, 7}, {2, 6}, {3, 5}, {4}], [{8}, {1, 7}, {3, 6}, {4, 5}, {2}], [{8}, {2, 7}, {4, 6}, {1, 5}, {3}], [{8}, {2, 7}, {5, 6}, {3, 4}, {1}], [{8}, {4, 7}, {3, 6}, {1, 5}, {2}], [{8}, {5, 7}, {3, 6}, {1, 4}, {2}], [{8}, {5, 7}, {4, 6}, {3}, {1, 2}]]",2,4 K_1^3 - 18 K_1^2 - 12 K_1 K_2 + 3 K_1 + 9 K_2 + 5 K_3 + 10,O1O2O3U4O5U1U6U7O4O8U3O7U2U5O6U8,O1O2O3U4O5U6U7U3O8U2O4O7U1O6U8U5,O1O2O3U4U5O6U3O7O8U2O5U1U7U6O4U8,c,{'O1O2O3U4O5U6U2O7U1O4O8U7U5U3O6U8'},1,"<a href=""/flatknot/8.1101733"">8.1101733</a>",t^9-40t^7-120t^6+30t^5+476t^4+423t^3-116t^2-94t+90,-t^2+2t,,
8.1101734,O1O2O3U4O5U6U2O7U8O4O8U1U5U3O6U7,4,2z^3+26z^2+105z+123,2w^4z^3+26w^3z^2+105w^2z+123w,False,False,"[[ 0 -2  0  2 -1  1 -2  1  1],[ 2  0  1  3  0  1  0  1  3],[ 0 -1  0  1  0  0 -1  0  1],[-2 -3 -1  0 -2 -1 -2  0 -1],[ 1  0  0  2  0  2 -2  2  1],[-1 -1  0  1 -2  0 -1  0 -1],[ 2  0  1  2  2  1  0  1  3],[-1 -1  0  0 -2  0 -1  0 -1],[-1 -3 -1  1 -1  1 -3  1  0]]","[[ 0  2  1  1  1  0 -1 -2 -2],[-2  0  0 -1 -1 -1 -2 -2 -3],[-1  0  0  0 -1  0 -2 -1 -1],[-1  1  0  0 -1  0 -2 -1 -1],[-1  1  1  1  0 -1 -1 -3 -3],[ 0  1  0  0  1  0  0 -1 -1],[ 1  2  2  2  1  0  0 -2  0],[ 2  2  1  1  3  1  2  0  0],[ 2  3  1  1  3  1  0  0  0]]",True,"[-2,-1,-1,-1,0,1,2,2,0,1,1,1,2,2,3,0,1,0,2,1,1,1,0,2,1,1,1,1,3,3,0,1,1,2,0,0]","[-2,-2,-1,0,1,1,1,2,0,-1,1,0,2,2,2,1,1,0,2,2,1,1,1,0,0,1,0,1,1,1,-1,-1,0,0,0,1]",t^8+60t^6+346t^4+151t^2+16,"[-2,-2,-1,0,1,1,1,2,0,-1,1,0,2,2,2,1,1,0,2,2,1,1,1,0,0,1,0,1,1,1,-1,-1,0,0,0,1]","[-2,-1,-1,-1,0,1,2,2,0,0,1,1,1,1,2,-1,0,1,0,2,2,1,0,1,0,0,1,0,2,2,1,1,1,1,-1,0]","[-2,-2,-1,0,1,1,1,2,0,0,1,1,1,3,3,2,1,1,1,3,2,0,2,2,1,2,0,0,1,1,0,-1,0,-1,1,1]",c,"[[{8, 2}, {6, 7}, {1, 5}, {3, 4}], [{8}, {6, 7}, {1, 5}, {3, 4}, {2}]]",1,4 K_1^3 - 18 K_1^2 - 12 K_1 K_2 + 3 K_1 + 9 K_2 + 5 K_3 + 10,O1O2O3U4O5U1U6U3O7O8U7O4U2U5O6U8,O1O2O3U4O5U1U6U3O7U2O4O6U5O8U7U8,O1O2O3U4U5O4U6O7O8U2O5U1U7U3O6U8,c,{'O1O2O3U4O5U6U2O7U8O4O8U1U5U3O6U7'},1,"<a href=""/flatknot/8.1101734"">8.1101734</a>",t^9-62t^7-150t^6+195t^5+434t^4+17t^3+90t^2+120t-24,t^2-2t,,
8.1101735,O1O2O3U4O5U6U2O7U8O4O8U3U5U1O6U7,4,z^3+26z^2+108z+121,w^4z^3+26w^3z^2+108w^2z+121w,False,False,"[[ 0  0  0  0 -1  1 -2  1  1],[ 0  0 -1  0 -1  1 -2  1  1],[ 0  1  0  0  0  1 -1  0  1],[ 0  0  0  0 -1  0  0  0  1],[ 1  1  0  1  0  2 -2  2  1],[-1 -1 -1  0 -2  0 -1  0 -1],[ 2  2  1  0  2  1  0  1  3],[-1 -1  0  0 -2  0 -1  0 -1],[-1 -1 -1 -1 -1  1 -3  1  0]]","[[ 0  1  1  1  0  0  0 -1 -2],[-1  0  1  1 -1 -1 -1 -1 -3],[-1 -1  0  0  0  0 -1 -2 -1],[-1 -1  0  0  0 -1 -1 -2 -1],[ 0  1  0  0  0  0  0 -1  0],[ 0  1  0  1  0  0  1  0 -1],[ 0  1  1  1  0 -1  0 -1 -2],[ 1  1  2  2  1  0  1  0 -2],[ 2  3  1  1  0  1  2  2  0]]",True,"[-1,-1,-1,0,0,0,1,2,-1,-1,1,1,1,1,3,0,0,0,1,2,1,0,1,1,2,1,0,0,1,0,-1,0,1,1,2,2]","[-2,-1,0,0,0,1,1,1,-1,0,1,2,0,2,2,0,1,0,1,0,0,1,0,0,0,0,0,0,0,1,0,1,1,-1,-1,0]",t^8+40t^6+140t^4+88t^2+1,"[-2,-1,0,0,0,1,1,1,-1,0,1,2,0,2,2,0,1,0,1,0,0,1,0,0,0,0,0,0,0,1,0,1,1,-1,-1,0]","[-1,-1,-1,0,0,0,1,2,-1,0,0,0,1,0,2,1,0,0,0,1,0,0,1,1,0,2,-1,0,0,0,0,1,1,0,2,-1]","[-2,-1,0,0,0,1,1,1,2,0,1,2,1,1,3,1,0,1,2,2,1,0,0,0,0,1,1,0,1,1,1,1,1,0,-1,-1]",c,"[[{8, 4}, {1, 7}, {2, 6}, {3, 5}], [{8, 4}, {1, 7}, {2, 6}, {5}, {3}]]",1,4 K_1^3 - 18 K_1^2 - 4 K_1 K_2 - K_1 + 9 K_2 + K_3 + 10,O1O2O3U4O5U3U6U1O7O8U7O4U2U5O6U8,O1O2O3U4O5U3U6U1O7U2O4O6U5O8U7U8,O1O2O3U4U5O4U6O7O8U2O5U3U7U1O6U8,c,{'O1O2O3U4O5U6U2O7U8O4O8U3U5U1O6U7'},1,"<a href=""/flatknot/8.1101735"">8.1101735</a>",t^9-42t^7-114t^6-t^5+166t^4+31t^3-66t^2+12t,t^2-2t,,
8.1101736,O1O2O3U4O5U6U2O7U8O4O8U5U1U3O6U7,4,z^3+20z^2+86z+101,w^4z^3+20w^3z^2+86w^2z+101w,False,False,"[[ 0 -1  0  2 -1  0 -2  1  1],[ 1  0  0  2  0  0 -1  1  2],[ 0  0  0  1  0  0 -1  0  1],[-2 -2 -1  0 -2 -1 -2  0 -1],[ 1  0  0  2  0  1 -2  2  1],[ 0  0  0  1 -1  0  0  0  0],[ 2  1  1  2  2  0  0  1  3],[-1 -1  0  0 -2  0 -1  0 -1],[-1 -2 -1  1 -1  0 -3  1  0]]","[[ 0  2  1  1  0  0 -1 -1 -2],[-2  0  0 -1 -1 -1 -2 -2 -2],[-1  0  0 -1  0  0 -1 -2 -1],[-1  1  1  0  0 -1 -2 -1 -3],[ 0  1  0  0  0  0  0 -1  0],[ 0  1  0  1  0  0  0  0 -1],[ 1  2  1  2  0  0  0  0 -1],[ 1  2  2  1  1  0  0  0 -2],[ 2  2  1  3  0  1  1  2  0]]",True,"[-2,-1,-1,0,0,1,1,2,0,1,1,1,2,2,2,1,0,0,1,2,1,0,1,2,1,3,0,0,1,0,0,0,1,0,1,2]","[-2,-1,-1,0,0,1,1,2,-1,0,1,2,0,2,2,0,1,0,1,0,1,1,1,0,1,1,0,0,1,1,1,1,1,-1,0,1]",t^8+44t^6+138t^4+56t^2+4,"[-2,-1,-1,0,0,1,1,2,-1,0,1,2,0,2,2,0,1,0,1,0,1,1,1,0,1,1,0,0,1,1,1,1,1,-1,0,1]","[-2,-1,-1,0,0,1,1,2,0,1,1,1,1,1,2,1,0,1,0,1,0,1,1,1,0,2,0,1,1,1,1,0,2,0,0,-1]","[-2,-1,-1,0,0,1,1,2,1,2,0,1,1,3,2,0,0,0,1,2,2,1,0,2,1,2,0,0,0,1,0,1,1,-1,0,1]",c,"[[{8, 5}, {6, 7}, {2, 4}, {1, 3}], [{8, 5}, {6, 7}, {3, 4}, {1, 2}], [{8, 5}, {7}, {6}, {2, 4}, {1, 3}], [{8, 6}, {5, 7}, {2, 4}, {1, 3}], [{8, 6}, {5, 7}, {3, 4}, {1, 2}], [{8, 6}, {7}, {5}, {3, 4}, {1, 2}], [{8, 7}, {5, 6}, {2, 4}, {1, 3}], [{8, 7}, {5, 6}, {3, 4}, {1, 2}], [{8, 7}, {6}, {5}, {3, 4}, {1, 2}], [{8}, {6, 7}, {5}, {3, 4}, {1, 2}]]",1,- 8 K_1^2 - 4 K_1 K_2 + 2 K_1 + 4 K_2 + 2 K_3 + 5,O1O2O3U4O5U1U3U6O7O8U7O4U2U5O6U8,O1O2O3U4O5U2U6U3O7U1O4O6U5O8U7U8,O1O2O3U4U5O4U6O7O8U3O5U1U7U2O6U8,c,{'O1O2O3U4O5U6U2O7U8O4O8U5U1U3O6U7'},1,"<a href=""/flatknot/8.1101736"">8.1101736</a>",t^9-44t^7-118t^6+44t^5+252t^4+18t^3-118t^2+12t-14,0,,
8.1101737,O1O2O3U4O5U6U2O7U8O4O8U5U3U1O6U7,4,2z^3+26z^2+89z+91,2w^4z^3+26w^3z^2+89w^2z+91w,False,False,"[[ 0  0  0  1 -1  0 -2  1  1],[ 0  0 -1  1 -1  0 -2  1  1],[ 0  1  0  1  0  0 -1  0  1],[-1 -1 -1  0 -1 -1 -1  0  0],[ 1  1  0  1  0  1 -2  2  1],[ 0  0  0  1 -1  0  0  0  0],[ 2  2  1  1  2  0  0  1  3],[-1 -1  0  0 -2  0 -1  0 -1],[-1 -1 -1  0 -1  0 -3  1  0]]","[[ 0  1  1  1  0  0  0 -1 -2],[-1  0  1  0  0 -1 -1 -1 -3],[-1 -1  0  0  0  0 -1 -2 -1],[-1  0  0  0 -1 -1 -1 -1 -1],[ 0  0  0  1  0  0  0 -1  0],[ 0  1  0  1  0  0  1  0 -1],[ 0  1  1  1  0 -1  0 -1 -2],[ 1  1  2  1  1  0  1  0 -2],[ 2  3  1  1  0  1  2  2  0]]",True,"[-1,-1,-1,0,0,0,1,2,-1,0,0,1,1,1,3,0,0,0,1,2,1,1,1,1,1,1,0,0,1,0,-1,0,1,1,2,2]","[-2,-1,0,0,0,1,1,1,-1,0,1,2,0,2,2,0,1,0,1,0,1,1,0,0,0,0,0,0,1,0,1,1,0,-1,0,0]",t^8+36t^6+130t^4+75t^2+4,"[-2,-1,0,0,0,1,1,1,-1,0,1,2,0,2,2,0,1,0,1,0,1,1,0,0,0,0,0,0,1,0,1,1,0,-1,0,0]","[-1,-1,-1,0,0,0,1,2,-1,0,0,1,1,0,2,0,0,0,1,1,0,0,0,0,1,2,-1,0,0,0,0,1,1,0,2,-1]","[-2,-1,0,0,0,1,1,1,2,0,1,2,1,1,3,1,0,1,1,2,1,0,0,1,0,0,1,1,0,1,1,1,1,0,0,-1]",c,"[[{8, 1}, {2, 7}, {3, 6}, {4, 5}], [{8, 1}, {2, 7}, {4, 6}, {3, 5}], [{8, 1}, {2, 7}, {5, 6}, {3, 4}], [{8, 1}, {2, 7}, {5, 6}, {4}, {3}], [{8, 1}, {2, 7}, {6}, {5}, {3, 4}], [{8, 1}, {3, 7}, {2, 6}, {4, 5}], [{8, 1}, {3, 7}, {2, 6}, {5}, {4}], [{8, 1}, {3, 7}, {4, 6}, {2, 5}], [{8, 1}, {3, 7}, {5, 6}, {2, 4}], [{8, 1}, {4, 7}, {2, 6}, {3, 5}], [{8, 1}, {4, 7}, {2, 6}, {5}, {3}], [{8, 1}, {4, 7}, {3, 6}, {2, 5}], [{8, 1}, {4, 7}, {5, 6}, {2, 3}], [{8, 1}, {5, 7}, {2, 6}, {3, 4}], [{8, 1}, {5, 7}, {3, 6}, {2, 4}], [{8, 1}, {5, 7}, {4, 6}, {2, 3}], [{8, 1}, {6, 7}, {2, 5}, {3, 4}], [{8, 1}, {6, 7}, {3, 5}, {2, 4}], [{8, 1}, {6, 7}, {4, 5}, {2, 3}], [{8, 1}, {6, 7}, {5}, {3, 4}, {2}], [{8, 1}, {7}, {2, 6}, {5}, {3, 4}], [{8, 1}, {7}, {4, 6}, {2, 5}, {3}], [{8, 1}, {7}, {6}, {3, 5}, {2, 4}], [{8, 2}, {1, 7}, {3, 6}, {4, 5}], [{8, 2}, {1, 7}, {4, 6}, {3, 5}], [{8, 2}, {1, 7}, {5, 6}, {3, 4}], [{8, 2}, {1, 7}, {6}, {5}, {3, 4}], [{8, 2}, {3, 7}, {1, 6}, {4, 5}], [{8, 2}, {3, 7}, {4, 6}, {1, 5}], [{8, 2}, {3, 7}, {5, 6}, {1, 4}], [{8, 2}, {4, 7}, {1, 6}, {3, 5}], [{8, 2}, {4, 7}, {3, 6}, {1, 5}], [{8, 2}, {4, 7}, {5, 6}, {1, 3}], [{8, 2}, {4, 7}, {5, 6}, {3}, {1}], [{8, 2}, {5, 7}, {1, 6}, {3, 4}], [{8, 2}, {5, 7}, {3, 6}, {1, 4}], [{8, 2}, {5, 7}, {4, 6}, {1, 3}], [{8, 2}, {6, 7}, {1, 5}, {3, 4}], [{8, 2}, {6, 7}, {3, 5}, {1, 4}], [{8, 2}, {6, 7}, {4, 5}, {1, 3}], [{8, 2}, {6, 7}, {5}, {3, 4}, {1}], [{8, 2}, {7}, {1, 6}, {3, 5}, {4}], [{8, 2}, {7}, {1, 6}, {4, 5}, {3}], [{8, 2}, {7}, {1, 6}, {5}, {3, 4}], [{8, 2}, {7}, {4, 6}, {3, 5}, {1}], [{8, 2}, {7}, {6}, {3, 5}, {1, 4}], [{8, 3}, {1, 7}, {2, 6}, {4, 5}], [{8, 3}, {1, 7}, {2, 6}, {5}, {4}], [{8, 3}, {1, 7}, {4, 6}, {2, 5}], [{8, 3}, {1, 7}, {5, 6}, {2, 4}], [{8, 3}, {2, 7}, {1, 6}, {4, 5}], [{8, 3}, {2, 7}, {4, 6}, {1, 5}], [{8, 3}, {2, 7}, {5, 6}, {1, 4}], [{8, 3}, {4, 7}, {1, 6}, {2, 5}], [{8, 3}, {4, 7}, {2, 6}, {1, 5}], [{8, 3}, {4, 7}, {5, 6}, {1, 2}], [{8, 3}, {5, 7}, {1, 6}, {2, 4}], [{8, 3}, {5, 7}, {2, 6}, {1, 4}], [{8, 3}, {5, 7}, {4, 6}, {1, 2}], [{8, 3}, {6, 7}, {1, 5}, {2, 4}], [{8, 3}, {6, 7}, {2, 5}, {1, 4}], [{8, 3}, {6, 7}, {4, 5}, {1, 2}], [{8, 3}, {6, 7}, {4, 5}, {2}, {1}], [{8, 3}, {7}, {6}, {1, 5}, {2, 4}], [{8, 3}, {7}, {6}, {2, 5}, {1, 4}], [{8, 3}, {7}, {6}, {4, 5}, {1, 2}], [{8, 4}, {1, 7}, {2, 6}, {3, 5}], [{8, 4}, {1, 7}, {2, 6}, {5}, {3}], [{8, 4}, {1, 7}, {3, 6}, {2, 5}], [{8, 4}, {1, 7}, {5, 6}, {2, 3}], [{8, 4}, {2, 7}, {1, 6}, {3, 5}], [{8, 4}, {2, 7}, {3, 6}, {1, 5}], [{8, 4}, {2, 7}, {5, 6}, {1, 3}], [{8, 4}, {3, 7}, {1, 6}, {2, 5}], [{8, 4}, {3, 7}, {2, 6}, {1, 5}], [{8, 4}, {3, 7}, {5, 6}, {1, 2}], [{8, 4}, {3, 7}, {5, 6}, {2}, {1}], [{8, 4}, {5, 7}, {1, 6}, {2, 3}], [{8, 4}, {5, 7}, {2, 6}, {1, 3}], [{8, 4}, {5, 7}, {3, 6}, {1, 2}], [{8, 4}, {5, 7}, {3, 6}, {2}, {1}], [{8, 4}, {6, 7}, {1, 5}, {2, 3}], [{8, 4}, {6, 7}, {2, 5}, {1, 3}], [{8, 4}, {6, 7}, {3, 5}, {1, 2}], [{8, 4}, {6, 7}, {3, 5}, {2}, {1}], [{8, 4}, {7}, {6}, {3, 5}, {1, 2}], [{8, 5}, {1, 7}, {2, 6}, {3, 4}], [{8, 5}, {1, 7}, {2, 6}, {4}, {3}], [{8, 5}, {1, 7}, {3, 6}, {2, 4}], [{8, 5}, {1, 7}, {4, 6}, {2, 3}], [{8, 5}, {1, 7}, {4, 6}, {3}, {2}], [{8, 5}, {1, 7}, {6}, {2, 4}, {3}], [{8, 5}, {2, 7}, {1, 6}, {3, 4}], [{8, 5}, {2, 7}, {1, 6}, {4}, {3}], [{8, 5}, {2, 7}, {3, 6}, {1, 4}], [{8, 5}, {2, 7}, {4, 6}, {1, 3}], [{8, 5}, {2, 7}, {4, 6}, {3}, {1}], [{8, 5}, {2, 7}, {6}, {1, 4}, {3}], [{8, 5}, {3, 7}, {1, 6}, {2, 4}], [{8, 5}, {3, 7}, {2, 6}, {1, 4}], [{8, 5}, {3, 7}, {4, 6}, {1, 2}], [{8, 5}, {3, 7}, {6}, {1, 4}, {2}], [{8, 5}, {3, 7}, {6}, {2, 4}, {1}], [{8, 5}, {3, 7}, {6}, {4}, {1, 2}], [{8, 5}, {4, 7}, {1, 6}, {2, 3}], [{8, 5}, {4, 7}, {1, 6}, {3}, {2}], [{8, 5}, {4, 7}, {2, 6}, {1, 3}], [{8, 5}, {4, 7}, {2, 6}, {3}, {1}], [{8, 5}, {4, 7}, {3, 6}, {1, 2}], [{8, 5}, {4, 7}, {6}, {3}, {1, 2}], [{8, 5}, {6, 7}, {1, 4}, {2, 3}], [{8, 5}, {6, 7}, {1, 4}, {3}, {2}], [{8, 5}, {6, 7}, {2, 4}, {1, 3}], [{8, 5}, {6, 7}, {2, 4}, {3}, {1}], [{8, 5}, {6, 7}, {3, 4}, {1, 2}], [{8, 5}, {6, 7}, {3, 4}, {2}, {1}], [{8, 5}, {6, 7}, {4}, {1, 3}, {2}], [{8, 5}, {6, 7}, {4}, {2, 3}, {1}], [{8, 5}, {6, 7}, {4}, {3}, {1, 2}], [{8, 5}, {6, 7}, {4}, {3}, {2}, {1}], [{8, 5}, {7}, {1, 6}, {2, 4}, {3}], [{8, 5}, {7}, {2, 6}, {1, 4}, {3}], [{8, 5}, {7}, {3, 6}, {1, 4}, {2}], [{8, 5}, {7}, {3, 6}, {2, 4}, {1}], [{8, 5}, {7}, {3, 6}, {4}, {1, 2}], [{8, 5}, {7}, {4, 6}, {3}, {1, 2}], [{8, 5}, {7}, {6}, {1, 4}, {2, 3}], [{8, 5}, {7}, {6}, {1, 4}, {3}, {2}], [{8, 5}, {7}, {6}, {2, 4}, {1, 3}], [{8, 5}, {7}, {6}, {2, 4}, {3}, {1}], [{8, 5}, {7}, {6}, {3, 4}, {1, 2}], [{8, 5}, {7}, {6}, {4}, {3}, {1, 2}], [{8, 6}, {1, 7}, {2, 5}, {3, 4}], [{8, 6}, {1, 7}, {2, 5}, {4}, {3}], [{8, 6}, {1, 7}, {3, 5}, {2, 4}], [{8, 6}, {1, 7}, {4, 5}, {2, 3}], [{8, 6}, {1, 7}, {5}, {3, 4}, {2}], [{8, 6}, {2, 7}, {1, 5}, {3, 4}], [{8, 6}, {2, 7}, {3, 5}, {1, 4}], [{8, 6}, {2, 7}, {3, 5}, {4}, {1}], [{8, 6}, {2, 7}, {4, 5}, {1, 3}], [{8, 6}, {2, 7}, {4, 5}, {3}, {1}], [{8, 6}, {2, 7}, {5}, {3, 4}, {1}], [{8, 6}, {3, 7}, {1, 5}, {2, 4}], [{8, 6}, {3, 7}, {2, 5}, {1, 4}], [{8, 6}, {3, 7}, {4, 5}, {1, 2}], [{8, 6}, {4, 7}, {1, 5}, {2, 3}], [{8, 6}, {4, 7}, {2, 5}, {1, 3}], [{8, 6}, {4, 7}, {3, 5}, {1, 2}], [{8, 6}, {5, 7}, {1, 4}, {2, 3}], [{8, 6}, {5, 7}, {1, 4}, {3}, {2}], [{8, 6}, {5, 7}, {2, 4}, {1, 3}], [{8, 6}, {5, 7}, {2, 4}, {3}, {1}], [{8, 6}, {5, 7}, {3, 4}, {1, 2}], [{8, 6}, {5, 7}, {3, 4}, {2}, {1}], [{8, 6}, {5, 7}, {4}, {1, 3}, {2}], [{8, 6}, {5, 7}, {4}, {2, 3}, {1}], [{8, 6}, {5, 7}, {4}, {3}, {1, 2}], [{8, 6}, {7}, {1, 5}, {3, 4}, {2}], [{8, 6}, {7}, {2, 5}, {3, 4}, {1}], [{8, 6}, {7}, {5}, {1, 4}, {2, 3}], [{8, 6}, {7}, {5}, {2, 4}, {1, 3}], [{8, 6}, {7}, {5}, {3, 4}, {1, 2}], [{8, 6}, {7}, {5}, {3, 4}, {2}, {1}], [{8, 7}, {1, 6}, {2, 5}, {3, 4}], [{8, 7}, {1, 6}, {3, 5}, {2, 4}], [{8, 7}, {1, 6}, {4, 5}, {2, 3}], [{8, 7}, {1, 6}, {5}, {3, 4}, {2}], [{8, 7}, {2, 6}, {1, 5}, {3, 4}], [{8, 7}, {2, 6}, {3, 5}, {1, 4}], [{8, 7}, {2, 6}, {4, 5}, {1, 3}], [{8, 7}, {2, 6}, {5}, {3, 4}, {1}], [{8, 7}, {3, 6}, {1, 5}, {2, 4}], [{8, 7}, {3, 6}, {2, 5}, {1, 4}], [{8, 7}, {3, 6}, {4, 5}, {1, 2}], [{8, 7}, {4, 6}, {1, 5}, {2, 3}], [{8, 7}, {4, 6}, {2, 5}, {1, 3}], [{8, 7}, {4, 6}, {3, 5}, {1, 2}], [{8, 7}, {5, 6}, {1, 4}, {2, 3}], [{8, 7}, {5, 6}, {1, 4}, {3}, {2}], [{8, 7}, {5, 6}, {2, 4}, {1, 3}], [{8, 7}, {5, 6}, {2, 4}, {3}, {1}], [{8, 7}, {5, 6}, {3, 4}, {1, 2}], [{8, 7}, {5, 6}, {3, 4}, {2}, {1}], [{8, 7}, {5, 6}, {4}, {1, 3}, {2}], [{8, 7}, {5, 6}, {4}, {2, 3}, {1}], [{8, 7}, {5, 6}, {4}, {3}, {1, 2}], [{8, 7}, {6}, {1, 5}, {3, 4}, {2}], [{8, 7}, {6}, {2, 5}, {3, 4}, {1}], [{8, 7}, {6}, {5}, {1, 4}, {2, 3}], [{8, 7}, {6}, {5}, {2, 4}, {1, 3}], [{8, 7}, {6}, {5}, {3, 4}, {1, 2}], [{8, 7}, {6}, {5}, {3, 4}, {2}, {1}], [{8}, {1, 7}, {2, 6}, {3, 5}, {4}], [{8}, {1, 7}, {2, 6}, {4, 5}, {3}], [{8}, {1, 7}, {2, 6}, {5}, {3, 4}], [{8}, {2, 7}, {1, 6}, {5}, {3, 4}], [{8}, {3, 7}, {4, 6}, {2, 5}, {1}], [{8}, {4, 7}, {2, 6}, {1, 5}, {3}], [{8}, {5, 7}, {6}, {1, 4}, {2, 3}], [{8}, {5, 7}, {6}, {2, 4}, {1, 3}], [{8}, {5, 7}, {6}, {3, 4}, {1, 2}], [{8}, {6, 7}, {1, 5}, {3, 4}, {2}], [{8}, {6, 7}, {2, 5}, {3, 4}, {1}], [{8}, {6, 7}, {5}, {1, 4}, {2, 3}], [{8}, {6, 7}, {5}, {2, 4}, {1, 3}], [{8}, {6, 7}, {5}, {3, 4}, {1, 2}], [{8}, {6, 7}, {5}, {3, 4}, {2}, {1}], [{8}, {7}, {5, 6}, {1, 4}, {2, 3}], [{8}, {7}, {5, 6}, {2, 4}, {1, 3}], [{8}, {7}, {5, 6}, {3, 4}, {1, 2}], [{8}, {7}, {6}, {5}, {1, 4}, {2, 3}], [{8}, {7}, {6}, {5}, {2, 4}, {1, 3}], [{8}, {7}, {6}, {5}, {3, 4}, {1, 2}]]",2,4 K_1^3 - 14 K_1^2 - 4 K_1 K_2 - K_1 + 7 K_2 + K_3 + 8,O1O2O3U4O5U3U1U6O7O8U7O4U2U5O6U8,O1O2O3U4O5U3U6U2O7U1O4O6U5O8U7U8,O1O2O3U4U5O4U6O7O8U3O5U2U7U1O6U8,c,{'O1O2O3U4O5U6U2O7U8O4O8U5U3U1O6U7'},1,"<a href=""/flatknot/8.1101737"">8.1101737</a>",t^9-38t^7-96t^6+39t^5+270t^4+83t^3-204t^2-88t+18,t^2-2t,,
8.1101738,O1O2O3U4O5U6U3O7U1O4O8U2U5U7O6U8,3,8z^2+77z+123,8w^3z^2+77w^2z+123w,False,False,"[[ 0 -1 -1  1 -1  1 -2  1  2],[ 1  0  0  0  0  2 -2  2  2],[ 1  0  0  1  0  1 -1  1  2],[-1  0 -1  0 -1  0 -1  0  0],[ 1  0  0  1  0  1  0  0  1],[-1 -2 -1  0 -1  0 -2  1  1],[ 2  2  1  1  0  2  0  1  1],[-1 -2 -1  0  0 -1 -1  0  1],[-2 -2 -2  0 -1 -1 -1 -1  0]]","[[ 0  2  1  1  1 -1 -1 -1 -2],[-2  0  0 -1 -1 -1 -2 -2 -1],[-1  0  0  0  0 -1  0 -1 -1],[-1  1  0  0  1 -1 -2 -1 -2],[-1  1  0 -1  0  0 -2 -1 -1],[ 1  1  1  1  0  0  0  0  0],[ 1  2  0  2  2  0  0  0 -2],[ 1  2  1  1  1  0  0  0 -1],[ 2  1  1  2  1  0  2  1  0]]",True,"[-2,-1,-1,-1,1,1,1,2,0,1,1,1,2,2,1,0,0,1,0,1,1,-1,1,2,1,2,0,2,1,1,0,0,0,0,2,1]","[-2,-1,-1,-1,1,1,1,2,-1,0,1,1,2,2,3,0,0,0,0,2,1,0,1,1,1,1,1,2,1,2,-1,0,0,0,0,1]",t^8+37t^6+120t^4+44t^2,"[-2,-1,-1,-1,1,1,1,2,-1,0,1,1,2,2,3,0,0,0,0,2,1,0,1,1,1,1,1,2,1,2,-1,0,0,0,0,1]","[-2,-1,-1,-1,1,1,1,2,0,0,1,1,1,2,3,-1,0,0,1,2,2,0,0,1,1,1,2,1,1,2,0,0,-1,0,0,1]","[-2,-1,-1,-1,1,1,1,2,0,1,2,1,1,2,1,0,0,0,1,1,1,0,1,1,1,2,2,0,2,2,0,-1,1,0,0,1]",c,"[[{8, 6}, {1, 7}, {2, 5}, {3, 4}]]",0,- 28 K_1^2 - 8 K_1 K_2 + 4 K_1 + 14 K_2 + 4 K_3 + 15,O1O2O3U4O5U6U7U2O4O8U3O6U1U5O7U8,O1O2O3U4O5U6U1U7O8U2O4O7U3O6U8U5,O1O2O3U4U5O6U1O7O8U2O5U7U3U6O4U8,c,{'O1O2O3U4O5U6U3O7U1O4O8U2U5U7O6U8'},1,"<a href=""/flatknot/8.1101738"">8.1101738</a>",t^9-37t^7-94t^6+28t^5+186t^4+48t^3-44t^2,0,,
8.1101739,O1O2O3U4O5U6U3O7U1O4O8U5U7U8O6U2,4,2z^3+28z^2+107z+119,2w^4z^3+28w^3z^2+107w^2z+119w,False,False,"[[ 0 -1  1  1 -1  0 -2  0  2],[ 1  0  1  0  0  1 -1  1  2],[-1 -1  0  1 -1 -1 -2 -1  2],[-1  0 -1  0 -1  0 -1  0  1],[ 1  0  1  1  0  0  0 -1  0],[ 0 -1  1  0  0  0 -2  1  2],[ 2  1  2  1  0  2  0  1  1],[ 0 -1  1  0  1 -1 -1  0  1],[-2 -2 -2 -1  0 -2 -1 -1  0]]","[[ 0  2  1  1  0  0 -1 -1 -2],[-2  0 -1 -2 -1 -2  0 -2 -1],[-1  1  0 -1  0  0 -1  0 -1],[-1  2  1  0 -1 -1 -1 -1 -2],[ 0  1  0  1  0 -1  1 -1 -1],[ 0  2  0  1  1  0  0 -1 -2],[ 1  0  1  1 -1  0  0  0  0],[ 1  2  0  1  1  1  0  0 -1],[ 2  1  1  2  1  2  0  1  0]]",True,"[-2,-1,-1,0,0,1,1,2,1,2,1,2,0,2,1,1,0,0,1,0,1,1,1,1,1,2,1,-1,1,1,0,1,2,0,0,1]","[-2,-1,-1,0,0,1,1,2,-1,0,0,1,1,3,3,1,0,0,1,1,1,1,1,2,1,2,1,0,1,0,0,2,1,0,0,1]",t^8+36t^6+178t^4+47t^2+1,"[-2,-1,-1,0,0,1,1,2,0,1,0,1,1,2,3,0,0,0,1,2,1,1,2,1,1,3,-1,0,1,0,0,1,1,-1,-1,0]","[-2,-1,-1,0,0,1,1,2,-1,0,0,1,1,3,3,1,0,0,1,1,1,1,1,2,1,2,1,0,1,0,0,2,1,0,0,1]","[-2,-1,-1,0,0,1,1,2,0,1,1,2,1,2,1,0,-1,0,1,1,0,1,1,0,1,2,-1,0,1,1,0,1,2,-1,1,2]",c,"[[{8, 1}, {2, 7}, {3, 6}, {4, 5}], [{8, 1}, {2, 7}, {4, 6}, {3, 5}], [{8, 1}, {2, 7}, {5, 6}, {3, 4}], [{8, 1}, {3, 7}, {2, 6}, {4, 5}], [{8, 1}, {3, 7}, {4, 6}, {2, 5}], [{8, 1}, {3, 7}, {4, 6}, {5}, {2}], [{8, 1}, {3, 7}, {5, 6}, {2, 4}], [{8, 1}, {3, 7}, {6}, {2, 5}, {4}], [{8, 1}, {4, 7}, {2, 6}, {3, 5}], [{8, 1}, {4, 7}, {3, 6}, {2, 5}], [{8, 1}, {4, 7}, {5, 6}, {2, 3}], [{8, 1}, {5, 7}, {2, 6}, {3, 4}], [{8, 1}, {5, 7}, {3, 6}, {2, 4}], [{8, 1}, {5, 7}, {4, 6}, {2, 3}], [{8, 1}, {6, 7}, {2, 5}, {3, 4}], [{8, 1}, {6, 7}, {3, 5}, {2, 4}], [{8, 1}, {6, 7}, {4, 5}, {2, 3}], [{8, 1}, {7}, {2, 6}, {3, 5}, {4}], [{8, 1}, {7}, {2, 6}, {4, 5}, {3}], [{8, 1}, {7}, {2, 6}, {5}, {3, 4}], [{8, 1}, {7}, {3, 6}, {5}, {2, 4}], [{8, 1}, {7}, {4, 6}, {2, 5}, {3}], [{8, 2}, {1, 7}, {3, 6}, {4, 5}], [{8, 2}, {1, 7}, {4, 6}, {3, 5}], [{8, 2}, {1, 7}, {5, 6}, {3, 4}], [{8, 2}, {3, 7}, {1, 6}, {4, 5}], [{8, 2}, {3, 7}, {4, 6}, {1, 5}], [{8, 2}, {3, 7}, {5, 6}, {1, 4}], [{8, 2}, {3, 7}, {6}, {4, 5}, {1}], [{8, 2}, {4, 7}, {1, 6}, {3, 5}], [{8, 2}, {4, 7}, {3, 6}, {1, 5}], [{8, 2}, {4, 7}, {5, 6}, {1, 3}], [{8, 2}, {4, 7}, {6}, {1, 5}, {3}], [{8, 2}, {4, 7}, {6}, {3, 5}, {1}], [{8, 2}, {4, 7}, {6}, {5}, {1, 3}], [{8, 2}, {5, 7}, {1, 6}, {3, 4}], [{8, 2}, {5, 7}, {3, 6}, {1, 4}], [{8, 2}, {5, 7}, {4, 6}, {1, 3}], [{8, 2}, {5, 7}, {6}, {3, 4}, {1}], [{8, 2}, {6, 7}, {1, 5}, {3, 4}], [{8, 2}, {6, 7}, {3, 5}, {1, 4}], [{8, 2}, {6, 7}, {4, 5}, {1, 3}], [{8, 2}, {7}, {1, 6}, {3, 5}, {4}], [{8, 2}, {7}, {1, 6}, {4, 5}, {3}], [{8, 2}, {7}, {1, 6}, {5}, {3, 4}], [{8, 3}, {1, 7}, {2, 6}, {4, 5}], [{8, 3}, {1, 7}, {4, 6}, {2, 5}], [{8, 3}, {1, 7}, {5, 6}, {2, 4}], [{8, 3}, {1, 7}, {6}, {5}, {2, 4}], [{8, 3}, {2, 7}, {1, 6}, {4, 5}], [{8, 3}, {2, 7}, {4, 6}, {1, 5}], [{8, 3}, {2, 7}, {5, 6}, {1, 4}], [{8, 3}, {4, 7}, {1, 6}, {2, 5}], [{8, 3}, {4, 7}, {2, 6}, {1, 5}], [{8, 3}, {4, 7}, {5, 6}, {1, 2}], [{8, 3}, {5, 7}, {1, 6}, {2, 4}], [{8, 3}, {5, 7}, {2, 6}, {1, 4}], [{8, 3}, {5, 7}, {4, 6}, {1, 2}], [{8, 3}, {6, 7}, {1, 5}, {2, 4}], [{8, 3}, {6, 7}, {2, 5}, {1, 4}], [{8, 3}, {6, 7}, {4, 5}, {1, 2}], [{8, 3}, {6, 7}, {5}, {1, 4}, {2}], [{8, 3}, {6, 7}, {5}, {2, 4}, {1}], [{8, 3}, {6, 7}, {5}, {4}, {1, 2}], [{8, 3}, {7}, {1, 6}, {5}, {2, 4}], [{8, 4}, {1, 7}, {2, 6}, {3, 5}], [{8, 4}, {1, 7}, {2, 6}, {5}, {3}], [{8, 4}, {1, 7}, {3, 6}, {2, 5}], [{8, 4}, {1, 7}, {5, 6}, {2, 3}], [{8, 4}, {2, 7}, {1, 6}, {3, 5}], [{8, 4}, {2, 7}, {3, 6}, {1, 5}], [{8, 4}, {2, 7}, {5, 6}, {1, 3}], [{8, 4}, {2, 7}, {5, 6}, {3}, {1}], [{8, 4}, {3, 7}, {1, 6}, {2, 5}], [{8, 4}, {3, 7}, {1, 6}, {5}, {2}], [{8, 4}, {3, 7}, {2, 6}, {1, 5}], [{8, 4}, {3, 7}, {5, 6}, {1, 2}], [{8, 4}, {3, 7}, {6}, {2, 5}, {1}], [{8, 4}, {5, 7}, {1, 6}, {2, 3}], [{8, 4}, {5, 7}, {2, 6}, {1, 3}], [{8, 4}, {5, 7}, {3, 6}, {1, 2}], [{8, 4}, {5, 7}, {3, 6}, {2}, {1}], [{8, 4}, {6, 7}, {1, 5}, {2, 3}], [{8, 4}, {6, 7}, {2, 5}, {1, 3}], [{8, 4}, {6, 7}, {3, 5}, {1, 2}], [{8, 4}, {6, 7}, {5}, {3}, {1, 2}], [{8, 4}, {7}, {1, 6}, {2, 5}, {3}], [{8, 5}, {1, 7}, {2, 6}, {3, 4}], [{8, 5}, {1, 7}, {3, 6}, {2, 4}], [{8, 5}, {1, 7}, {4, 6}, {2, 3}], [{8, 5}, {2, 7}, {1, 6}, {3, 4}], [{8, 5}, {2, 7}, {3, 6}, {1, 4}], [{8, 5}, {2, 7}, {4, 6}, {1, 3}], [{8, 5}, {3, 7}, {1, 6}, {2, 4}], [{8, 5}, {3, 7}, {2, 6}, {1, 4}], [{8, 5}, {3, 7}, {2, 6}, {4}, {1}], [{8, 5}, {3, 7}, {4, 6}, {1, 2}], [{8, 5}, {4, 7}, {1, 6}, {2, 3}], [{8, 5}, {4, 7}, {2, 6}, {1, 3}], [{8, 5}, {4, 7}, {3, 6}, {1, 2}], [{8, 5}, {6, 7}, {1, 4}, {2, 3}], [{8, 5}, {6, 7}, {2, 4}, {1, 3}], [{8, 5}, {6, 7}, {3, 4}, {1, 2}], [{8, 5}, {7}, {2, 6}, {1, 4}, {3}], [{8, 5}, {7}, {4, 6}, {3}, {1, 2}], [{8, 6}, {1, 7}, {2, 5}, {3, 4}], [{8, 6}, {1, 7}, {3, 5}, {2, 4}], [{8, 6}, {1, 7}, {3, 5}, {4}, {2}], [{8, 6}, {1, 7}, {4, 5}, {2, 3}], [{8, 6}, {1, 7}, {4, 5}, {3}, {2}], [{8, 6}, {1, 7}, {5}, {3, 4}, {2}], [{8, 6}, {2, 7}, {1, 5}, {3, 4}], [{8, 6}, {2, 7}, {3, 5}, {1, 4}], [{8, 6}, {2, 7}, {3, 5}, {4}, {1}], [{8, 6}, {2, 7}, {4, 5}, {1, 3}], [{8, 6}, {2, 7}, {4, 5}, {3}, {1}], [{8, 6}, {2, 7}, {5}, {3, 4}, {1}], [{8, 6}, {3, 7}, {1, 5}, {2, 4}], [{8, 6}, {3, 7}, {2, 5}, {1, 4}], [{8, 6}, {3, 7}, {2, 5}, {4}, {1}], [{8, 6}, {3, 7}, {4, 5}, {1, 2}], [{8, 6}, {3, 7}, {5}, {1, 4}, {2}], [{8, 6}, {4, 7}, {1, 5}, {2, 3}], [{8, 6}, {4, 7}, {1, 5}, {3}, {2}], [{8, 6}, {4, 7}, {2, 5}, {1, 3}], [{8, 6}, {4, 7}, {3, 5}, {1, 2}], [{8, 6}, {5, 7}, {1, 4}, {2, 3}], [{8, 6}, {5, 7}, {2, 4}, {1, 3}], [{8, 6}, {5, 7}, {3, 4}, {1, 2}], [{8, 6}, {7}, {2, 5}, {1, 4}, {3}], [{8, 6}, {7}, {3, 5}, {4}, {1, 2}], [{8, 6}, {7}, {4, 5}, {3}, {1, 2}], [{8, 6}, {7}, {5}, {2, 4}, {1, 3}], [{8, 6}, {7}, {5}, {3, 4}, {1, 2}], [{8, 7}, {1, 6}, {2, 5}, {3, 4}], [{8, 7}, {1, 6}, {3, 5}, {2, 4}], [{8, 7}, {1, 6}, {4, 5}, {2, 3}], [{8, 7}, {2, 6}, {1, 5}, {3, 4}], [{8, 7}, {2, 6}, {3, 5}, {1, 4}], [{8, 7}, {2, 6}, {4, 5}, {1, 3}], [{8, 7}, {3, 6}, {1, 5}, {2, 4}], [{8, 7}, {3, 6}, {2, 5}, {1, 4}], [{8, 7}, {3, 6}, {2, 5}, {4}, {1}], [{8, 7}, {3, 6}, {4, 5}, {1, 2}], [{8, 7}, {4, 6}, {1, 5}, {2, 3}], [{8, 7}, {4, 6}, {2, 5}, {1, 3}], [{8, 7}, {4, 6}, {3, 5}, {1, 2}], [{8, 7}, {5, 6}, {1, 4}, {2, 3}], [{8, 7}, {5, 6}, {2, 4}, {1, 3}], [{8, 7}, {5, 6}, {3, 4}, {1, 2}], [{8, 7}, {5, 6}, {4}, {3}, {1, 2}], [{8, 7}, {6}, {5}, {3, 4}, {1, 2}], [{8}, {1, 7}, {6}, {2, 5}, {3, 4}], [{8}, {1, 7}, {6}, {4, 5}, {2, 3}], [{8}, {2, 7}, {6}, {3, 5}, {1, 4}], [{8}, {2, 7}, {6}, {4, 5}, {1, 3}], [{8}, {3, 7}, {1, 6}, {2, 5}, {4}], [{8}, {3, 7}, {4, 6}, {2, 5}, {1}], [{8}, {3, 7}, {6}, {1, 5}, {2, 4}], [{8}, {3, 7}, {6}, {2, 5}, {1, 4}], [{8}, {4, 7}, {2, 6}, {1, 5}, {3}], [{8}, {6, 7}, {5}, {3, 4}, {1, 2}]]",2,4 K_1^3 - 16 K_1^2 - 8 K_1 K_2 + K_1 + 8 K_2 + 3 K_3 + 9,O1O2O3U2O4U5U6U7O5O8U3O6U1U4O7U8,O1O2O3U4O5U6U5U7O8U1O4O7U2O6U8U3,O1O2O3U1U4O5U2O6O7U3O4U6U8U5O8U7,c,{'O1O2O3U4O5U6U3O7U1O4O8U5U7U8O6U2'},1,"<a href=""/flatknot/8.1101739"">8.1101739</a>",t^9-36t^7-96t^6-22t^5+84t^4-9t^3+48t^2+161t+28,0,,
8.1101740,O1O2O3U4O5U6U3O7U1O4O8U5U8U7O6U2,4,19z^2+104z+133,19w^3z^2+104w^2z+133w,False,False,"[[ 0 -1  1  1 -1  0 -2  1  1],[ 1  0  1  0  0  1 -1  1  1],[-1 -1  0  1 -1 -1 -2  0  1],[-1  0 -1  0 -1  0 -1  0  1],[ 1  0  1  1  0  0  0  0  0],[ 0 -1  1  0  0  0 -2  2  1],[ 2  1  2  1  0  2  0  1  1],[-1 -1  0  0  0 -2 -1  0  0],[-1 -1 -1 -1  0 -1 -1  0  0]]","[[ 0  1  1  1  1  0 -1 -1 -2],[-1  0  1  1  0 -1 -1 -1 -2],[-1 -1  0  1  0  0  0 -1 -1],[-1 -1 -1  0  0 -1 -1  0 -1],[-1  0  0  0  0 -2 -1  0 -1],[ 0  1  0  1  2  0 -1  0 -2],[ 1  1  0  1  1  1  0  0 -1],[ 1  1  1  0  0  0  0  0  0],[ 2  2  1  1  1  2  1  0  0]]",True,"[-1,-1,-1,-1,0,1,1,2,-1,-1,0,1,1,1,2,-1,0,0,0,1,1,0,1,1,0,1,2,1,0,1,1,0,2,0,1,0]","[-2,-1,-1,0,1,1,1,1,0,1,0,1,2,2,2,0,0,1,1,1,2,1,1,2,2,1,0,-1,0,1,0,-1,-1,0,0,1]",t^8+27t^6+102t^4+20t^2,"[-2,-1,-1,0,1,1,1,1,0,1,0,1,2,2,2,0,0,1,1,1,2,1,1,2,2,1,0,-1,0,1,0,-1,-1,0,0,1]","[-1,-1,-1,-1,0,1,1,2,-1,-1,0,0,1,2,2,-1,0,1,2,1,2,0,0,1,1,1,-1,1,2,2,0,1,0,0,0,1]","[-2,-1,-1,0,1,1,1,1,0,1,2,1,1,1,2,0,0,0,0,1,1,1,1,1,0,1,1,2,0,1,0,-1,-1,0,0,-1]",c,"[[{8, 5}, {6, 7}, {3, 4}, {1, 2}], [{8, 6}, {3, 7}, {4, 5}, {1, 2}], [{8, 6}, {3, 7}, {4, 5}, {2}, {1}], [{8, 6}, {5, 7}, {3, 4}, {1, 2}], [{8, 6}, {5, 7}, {3, 4}, {2}, {1}], [{8, 7}, {5, 6}, {3, 4}, {1, 2}]]",1,16 K_1^3 - 34 K_1^2 - 16 K_1 K_2 - 4 K_1 + 17 K_2 + 4 K_3 + 18,O1O2O3U2O4U5U6U7O6O8U3O5U1U4O7U8,O1O2O3U4O5U6U5U7O8U1O4O7U3O6U8U2,O1O2O3U2U4O5U1O6O7U3O4U6U8U5O8U7,c,{'O1O2O3U4O5U6U3O7U1O4O8U5U8U7O6U2'},1,"<a href=""/flatknot/8.1101740"">8.1101740</a>",t^9-29t^7-56t^6+65t^5+186t^4+44t^3-82t^2-41t-2,t^2-2t,,
8.1101741,O1O2O3U4O5U6U3O7U1O4O8U7U5U2O6U8,4,z^3+20z^2+86z+101,w^4z^3+20w^3z^2+86w^2z+101w,False,False,"[[ 0 -1  1  1 -1  1 -2 -1  2],[ 1  0  2  0  0  2 -2  0  2],[-1 -2  0  0  0  0 -2 -1  2],[-1  0  0  0 -1  0 -1 -1  0],[ 1  0  0  1  0  0  0 -1  1],[-1 -2  0  0  0  0 -1  0  1],[ 2  2  2  1  0  1  0 -1  1],[ 1  0  1  1  1  0  1  0  1],[-2 -2 -2  0 -1 -1 -1 -1  0]]","[[ 0  2  1  1  1 -1 -1 -1 -2],[-2  0  0 -1 -2 -1 -1 -2 -1],[-1  0  0  0  0 -1 -1  0 -1],[-1  1  0  0  0  0  0 -2 -1],[-1  2  0  0  0  0 -1 -2 -2],[ 1  1  1  0  0  0 -1  0  0],[ 1  1  1  0  1  1  0  0  1],[ 1  2  0  2  2  0  0  0 -2],[ 2  1  1  1  2  0 -1  2  0]]",True,"[-2,-1,-1,-1,1,1,1,2,0,1,2,1,1,2,1,0,0,1,1,0,1,0,0,0,2,1,0,1,2,2,1,0,0,0,-1,2]","[-2,-1,-1,-1,1,1,1,2,-1,0,1,1,2,2,3,0,0,0,1,2,1,0,0,2,2,2,2,1,1,2,0,0,-1,1,2,1]",t^8+35t^6+182t^4+52t^2,"[-2,-1,-1,-1,1,1,1,2,-1,1,2,1,2,2,3,0,0,0,0,2,1,1,2,2,1,2,1,2,1,2,0,0,-1,0,0,1]","[-2,-1,-1,-1,1,1,1,2,-1,0,1,1,2,2,3,0,0,0,1,2,1,0,0,2,2,2,2,1,1,2,0,0,-1,1,2,1]","[-2,-1,-1,-1,1,1,1,2,-1,0,2,1,1,2,1,1,0,0,1,1,1,0,0,1,0,1,2,0,2,2,0,0,1,0,0,2]",c,"[[{8, 6}, {2, 7}, {1, 5}, {3, 4}], [{8, 6}, {5, 7}, {3, 4}, {1, 2}]]",1,8 K_1^3 - 12 K_1^2 - 8 K_1 K_2 - 2 K_1 + 6 K_2 + 2 K_3 + 7,O1O2O3U4O5U2U6U7O4O8U3O7U1U5O6U8,O1O2O3U4O5U6U3U7O8U2O4O7U1O6U8U5,O1O2O3U4U5O6U3O7O8U2O5U7U1U6O4U8,c,{'O1O2O3U4O5U6U3O7U1O4O8U7U5U2O6U8'},1,"<a href=""/flatknot/8.1101741"">8.1101741</a>",t^9-35t^7-84t^6+84t^5+408t^4+320t^3+30t^2-4t,0,,
8.1101742,O1O2O3U4O5U6U3O7U1O4O8U7U5U8O6U2,4,23z^2+108z+125,23w^3z^2+108w^2z+125w,False,False,"[[ 0 -1  1  1 -1  1 -2 -1  2],[ 1  0  1  0  0  2 -1  0  2],[-1 -1  0  1 -1  0 -2 -2  2],[-1  0 -1  0 -1  0 -1 -1  1],[ 1  0  1  1  0  0  0 -1  0],[-1 -2  0  0  0  0 -2  0  2],[ 2  1  2  1  0  2  0  0  1],[ 1  0  2  1  1  0  0  0  1],[-2 -2 -2 -1  0 -2 -1 -1  0]]","[[ 0  2  1  1  1 -1 -1 -1 -2],[-2  0 -1 -2 -2  0 -1 -2 -1],[-1  1  0  0 -1 -1 -1  0 -1],[-1  2  0  0  0  0  0 -2 -2],[-1  2  1  0  0 -1 -2 -1 -2],[ 1  0  1  0  1  0 -1  0  0],[ 1  1  1  0  2  1  0  0  0],[ 1  2  0  2  1  0  0  0 -1],[ 2  1  1  2  2  0  0  1  0]]",True,"[-2,-1,-1,-1,1,1,1,2,1,2,2,0,1,2,1,0,1,1,1,0,1,0,0,0,2,2,1,2,1,2,1,0,0,0,0,1]","[-2,-1,-1,-1,1,1,1,2,-1,-1,0,1,2,3,3,0,0,0,2,2,1,1,1,0,1,1,2,1,1,2,0,0,0,1,1,1]",t^8+39t^6+209t^4+87t^2,"[-2,-1,-1,-1,1,1,1,2,0,1,1,1,1,2,3,0,0,0,1,2,1,-1,2,0,1,2,2,1,1,3,0,0,-1,-1,-1,0]","[-2,-1,-1,-1,1,1,1,2,-1,-1,0,1,2,3,3,0,0,0,2,2,1,1,1,0,1,1,2,1,1,2,0,0,0,1,1,1]","[-2,-1,-1,-1,1,1,1,2,0,0,1,1,2,2,1,-1,0,1,0,1,0,0,1,0,2,1,0,2,1,2,0,-1,1,0,2,2]",c,"[[{8, 6}, {3, 7}, {1, 5}, {2, 4}]]",1,24 K_1^3 - 28 K_1^2 - 20 K_1 K_2 - 8 K_1 + 14 K_2 + 4 K_3 + 15,O1O2O3U2O4U5U6U7O5O8U3O7U1U4O6U8,O1O2O3U4O5U6U5U7O8U2O4O7U1O6U8U3,O1O2O3U1U4O5U3O6O7U2O4U6U8U5O8U7,c,{'O1O2O3U4O5U6U3O7U1O4O8U7U5U8O6U2'},1,"<a href=""/flatknot/8.1101742"">8.1101742</a>",t^9-39t^7-72t^6+195t^5+590t^4+318t^3-270t^2-295t-68,0,,
8.1101743,O1O2O3U4O5U6U3O7U2O4O8U1U5U8O6U7,4,21z^2+106z+129,21w^3z^2+106w^2z+129w,False,False,"[[ 0 -2  0  1 -1  1 -2  1  2],[ 2  0  1  1  0  2 -1  2  2],[ 0 -1  0  0 -1  1 -1  0  1],[-1 -1  0  0 -1  0 -1 -1  1],[ 1  0  1  1  0  1 -1  1  1],[-1 -2 -1  0 -1  0 -2  1  1],[ 2  1  1  1  1  2  0  1  2],[-1 -2  0  1 -1 -1 -1  0  0],[-2 -2 -1 -1 -1 -1 -2  0  0]]","[[ 0  2  1  1  1  0 -1 -2 -2],[-2  0  0 -1 -1 -1 -1 -2 -2],[-1  0  0  1 -1  0 -1 -1 -2],[-1  1 -1  0  0  0 -1 -1 -1],[-1  1  1  0  0 -1 -1 -2 -2],[ 0  1  0  0  1  0 -1 -1 -1],[ 1  1  1  1  1  1  0 -1  0],[ 2  2  1  1  2  1  1  0  1],[ 2  2  2  1  2  1  0 -1  0]]",True,"[-2,-1,-1,-1,0,1,2,2,0,1,1,1,1,2,2,-1,1,0,1,1,2,0,0,1,1,1,1,1,2,2,1,1,1,1,0,-1]","[-2,-2,-1,0,1,1,1,2,-1,0,1,1,2,2,2,1,1,1,1,2,2,0,1,1,1,2,0,1,1,1,-1,0,0,-1,1,0]",t^8+38t^6+133t^4+72t^2+4,"[-2,-2,-1,0,1,1,1,2,-1,0,1,1,2,2,2,1,1,1,1,2,2,0,1,1,1,2,0,1,1,1,-1,0,0,-1,1,0]","[-2,-1,-1,-1,0,1,2,2,0,0,1,1,2,2,2,0,-1,1,1,2,2,1,0,1,1,1,1,1,1,2,0,1,1,1,0,-1]","[-2,-2,-1,0,1,1,1,2,-1,0,1,1,2,2,2,1,1,1,1,2,2,1,1,1,1,1,0,0,1,1,-1,0,1,-1,0,1]",c,"[[{8, 4}, {5, 7}, {2, 6}, {1, 3}], [{8, 4}, {7}, {2, 6}, {5}, {1, 3}]]",1,28 K_1^3 - 30 K_1^2 - 24 K_1 K_2 - 9 K_1 + 15 K_2 + 5 K_3 + 16,O1O2O3U4O5U6U7U3O6O8U2O4U1U5O7U8,O1O2O3U4O5U1U6U7O8U2O4O7U5O6U8U3,O1O2O3U1U4O5U6O7O8U2O4U7U5U3O6U8,c,{'O1O2O3U4O5U6U3O7U2O4O8U1U5U8O6U7'},1,"<a href=""/flatknot/8.1101743"">8.1101743</a>",t^9-40t^7-110t^6-48t^5+48t^4-20t^3+6t^2+36t-12,t^2-2t,,
8.1101744,O1O2O3U4O5U6U3O7U2O4O8U5U1U8O6U7,4,z^3+23z^2+105z+127,w^4z^3+23w^3z^2+105w^2z+127w,False,False,"[[ 0 -1  0  1 -1  0 -2  1  2],[ 1  0  0  0  0  1 -2  2  2],[ 0  0  0  0 -1  1 -1  0  1],[-1  0  0  0 -1  0 -1 -1  1],[ 1  0  1  1  0  0 -1  1  1],[ 0 -1 -1  0  0  0 -1  1  1],[ 2  2  1  1  1  1  0  1  2],[-1 -2  0  1 -1 -1 -1  0  0],[-2 -2 -1 -1 -1 -1 -2  0  0]]","[[ 0  2  1  1  0  0 -1 -1 -2],[-2  0  0 -1 -1 -1 -1 -2 -2],[-1  0  0  1  0 -1 -1 -2 -1],[-1  1 -1  0  0  0 -1  0 -1],[ 0  1  0  0  0  1 -1  0 -1],[ 0  1  1  0 -1  0  0 -1 -1],[ 1  1  1  1  1  0  0  0 -1],[ 1  2  2  0  0  1  0  0 -2],[ 2  2  1  1  1  1  1  2  0]]",True,"[-2,-1,-1,0,0,1,1,2,0,1,1,1,1,2,2,-1,0,1,1,2,1,0,0,1,0,1,-1,1,0,1,0,1,1,0,1,2]","[-2,-1,-1,0,0,1,1,2,-1,0,1,1,2,2,2,0,0,1,0,2,1,1,0,1,1,2,1,0,1,1,1,1,1,-1,1,0]",t^8+32t^6+152t^4+111t^2,"[-2,-1,-1,0,0,1,1,2,-1,0,1,1,2,2,2,0,0,1,0,2,1,1,0,1,1,2,1,0,1,1,1,1,1,-1,1,0]","[-2,-1,-1,0,0,1,1,2,0,1,1,1,1,2,2,-1,1,1,2,1,2,0,1,0,1,2,-1,0,1,1,1,0,1,0,-1,0]","[-2,-1,-1,0,0,1,1,2,1,2,1,1,1,1,2,0,0,1,1,1,1,1,0,0,2,2,-1,0,1,1,0,0,1,-1,1,0]",c,"[[{8, 1}, {2, 7}, {3, 6}, {4, 5}], [{8, 1}, {2, 7}, {4, 6}, {3, 5}], [{8, 1}, {2, 7}, {5, 6}, {3, 4}], [{8, 1}, {3, 7}, {2, 6}, {4, 5}], [{8, 1}, {3, 7}, {4, 6}, {2, 5}], [{8, 1}, {3, 7}, {5, 6}, {2, 4}], [{8, 1}, {4, 7}, {2, 6}, {3, 5}], [{8, 1}, {4, 7}, {2, 6}, {5}, {3}], [{8, 1}, {4, 7}, {3, 6}, {2, 5}], [{8, 1}, {4, 7}, {5, 6}, {2, 3}], [{8, 1}, {5, 7}, {2, 6}, {3, 4}], [{8, 1}, {5, 7}, {3, 6}, {2, 4}], [{8, 1}, {5, 7}, {3, 6}, {4}, {2}], [{8, 1}, {5, 7}, {4, 6}, {2, 3}], [{8, 1}, {5, 7}, {4, 6}, {3}, {2}], [{8, 1}, {5, 7}, {6}, {3, 4}, {2}], [{8, 1}, {6, 7}, {2, 5}, {3, 4}], [{8, 1}, {6, 7}, {3, 5}, {2, 4}], [{8, 1}, {6, 7}, {3, 5}, {4}, {2}], [{8, 1}, {6, 7}, {4, 5}, {2, 3}], [{8, 1}, {6, 7}, {4, 5}, {3}, {2}], [{8, 1}, {6, 7}, {5}, {3, 4}, {2}], [{8, 1}, {7}, {3, 6}, {5}, {2, 4}], [{8, 1}, {7}, {5, 6}, {3, 4}, {2}], [{8, 2}, {1, 7}, {3, 6}, {4, 5}], [{8, 2}, {1, 7}, {3, 6}, {5}, {4}], [{8, 2}, {1, 7}, {4, 6}, {3, 5}], [{8, 2}, {1, 7}, {4, 6}, {5}, {3}], [{8, 2}, {1, 7}, {5, 6}, {3, 4}], [{8, 2}, {1, 7}, {6}, {5}, {3, 4}], [{8, 2}, {3, 7}, {1, 6}, {4, 5}], [{8, 2}, {3, 7}, {4, 6}, {1, 5}], [{8, 2}, {3, 7}, {5, 6}, {1, 4}], [{8, 2}, {3, 7}, {5, 6}, {4}, {1}], [{8, 2}, {4, 7}, {1, 6}, {3, 5}], [{8, 2}, {4, 7}, {3, 6}, {1, 5}], [{8, 2}, {4, 7}, {5, 6}, {1, 3}], [{8, 2}, {4, 7}, {6}, {5}, {1, 3}], [{8, 2}, {5, 7}, {1, 6}, {3, 4}], [{8, 2}, {5, 7}, {3, 6}, {1, 4}], [{8, 2}, {5, 7}, {4, 6}, {1, 3}], [{8, 2}, {5, 7}, {6}, {4}, {1, 3}], [{8, 2}, {6, 7}, {1, 5}, {3, 4}], [{8, 2}, {6, 7}, {3, 5}, {1, 4}], [{8, 2}, {6, 7}, {3, 5}, {4}, {1}], [{8, 2}, {6, 7}, {4, 5}, {1, 3}], [{8, 2}, {6, 7}, {5}, {1, 4}, {3}], [{8, 2}, {7}, {6}, {3, 5}, {1, 4}], [{8, 2}, {7}, {6}, {4, 5}, {1, 3}], [{8, 3}, {1, 7}, {2, 6}, {4, 5}], [{8, 3}, {1, 7}, {4, 6}, {2, 5}], [{8, 3}, {1, 7}, {5, 6}, {2, 4}], [{8, 3}, {2, 7}, {1, 6}, {4, 5}], [{8, 3}, {2, 7}, {4, 6}, {1, 5}], [{8, 3}, {2, 7}, {5, 6}, {1, 4}], [{8, 3}, {2, 7}, {5, 6}, {4}, {1}], [{8, 3}, {4, 7}, {1, 6}, {2, 5}], [{8, 3}, {4, 7}, {2, 6}, {1, 5}], [{8, 3}, {4, 7}, {2, 6}, {5}, {1}], [{8, 3}, {4, 7}, {5, 6}, {1, 2}], [{8, 3}, {5, 7}, {1, 6}, {2, 4}], [{8, 3}, {5, 7}, {2, 6}, {1, 4}], [{8, 3}, {5, 7}, {4, 6}, {1, 2}], [{8, 3}, {6, 7}, {1, 5}, {2, 4}], [{8, 3}, {6, 7}, {2, 5}, {1, 4}], [{8, 3}, {6, 7}, {2, 5}, {4}, {1}], [{8, 3}, {6, 7}, {4, 5}, {1, 2}], [{8, 3}, {7}, {5, 6}, {1, 4}, {2}], [{8, 3}, {7}, {6}, {4, 5}, {1, 2}], [{8, 4}, {1, 7}, {2, 6}, {3, 5}], [{8, 4}, {1, 7}, {3, 6}, {2, 5}], [{8, 4}, {1, 7}, {5, 6}, {2, 3}], [{8, 4}, {1, 7}, {5, 6}, {3}, {2}], [{8, 4}, {2, 7}, {1, 6}, {3, 5}], [{8, 4}, {2, 7}, {3, 6}, {1, 5}], [{8, 4}, {2, 7}, {5, 6}, {1, 3}], [{8, 4}, {3, 7}, {1, 6}, {2, 5}], [{8, 4}, {3, 7}, {2, 6}, {1, 5}], [{8, 4}, {3, 7}, {5, 6}, {1, 2}], [{8, 4}, {3, 7}, {5, 6}, {2}, {1}], [{8, 4}, {5, 7}, {1, 6}, {2, 3}], [{8, 4}, {5, 7}, {2, 6}, {1, 3}], [{8, 4}, {5, 7}, {3, 6}, {1, 2}], [{8, 4}, {6, 7}, {1, 5}, {2, 3}], [{8, 4}, {6, 7}, {2, 5}, {1, 3}], [{8, 4}, {6, 7}, {2, 5}, {3}, {1}], [{8, 4}, {6, 7}, {3, 5}, {1, 2}], [{8, 4}, {7}, {1, 6}, {5}, {2, 3}], [{8, 4}, {7}, {2, 6}, {1, 5}, {3}], [{8, 4}, {7}, {2, 6}, {3, 5}, {1}], [{8, 4}, {7}, {2, 6}, {5}, {1, 3}], [{8, 4}, {7}, {5, 6}, {1, 3}, {2}], [{8, 4}, {7}, {6}, {2, 5}, {1, 3}], [{8, 5}, {1, 7}, {2, 6}, {3, 4}], [{8, 5}, {1, 7}, {2, 6}, {4}, {3}], [{8, 5}, {1, 7}, {3, 6}, {2, 4}], [{8, 5}, {1, 7}, {3, 6}, {4}, {2}], [{8, 5}, {1, 7}, {4, 6}, {2, 3}], [{8, 5}, {1, 7}, {6}, {4}, {2, 3}], [{8, 5}, {2, 7}, {1, 6}, {3, 4}], [{8, 5}, {2, 7}, {3, 6}, {1, 4}], [{8, 5}, {2, 7}, {4, 6}, {1, 3}], [{8, 5}, {2, 7}, {6}, {4}, {1, 3}], [{8, 5}, {3, 7}, {1, 6}, {2, 4}], [{8, 5}, {3, 7}, {2, 6}, {1, 4}], [{8, 5}, {3, 7}, {2, 6}, {4}, {1}], [{8, 5}, {3, 7}, {4, 6}, {1, 2}], [{8, 5}, {3, 7}, {4, 6}, {2}, {1}], [{8, 5}, {3, 7}, {6}, {2, 4}, {1}], [{8, 5}, {4, 7}, {1, 6}, {2, 3}], [{8, 5}, {4, 7}, {2, 6}, {1, 3}], [{8, 5}, {4, 7}, {2, 6}, {3}, {1}], [{8, 5}, {4, 7}, {3, 6}, {1, 2}], [{8, 5}, {6, 7}, {1, 4}, {2, 3}], [{8, 5}, {6, 7}, {2, 4}, {1, 3}], [{8, 5}, {6, 7}, {3, 4}, {1, 2}], [{8, 5}, {6, 7}, {4}, {1, 3}, {2}], [{8, 5}, {7}, {2, 6}, {1, 4}, {3}], [{8, 5}, {7}, {2, 6}, {3, 4}, {1}], [{8, 5}, {7}, {2, 6}, {4}, {1, 3}], [{8, 6}, {1, 7}, {2, 5}, {3, 4}], [{8, 6}, {1, 7}, {3, 5}, {2, 4}], [{8, 6}, {1, 7}, {3, 5}, {4}, {2}], [{8, 6}, {1, 7}, {4, 5}, {2, 3}], [{8, 6}, {1, 7}, {4, 5}, {3}, {2}], [{8, 6}, {1, 7}, {5}, {3, 4}, {2}], [{8, 6}, {2, 7}, {1, 5}, {3, 4}], [{8, 6}, {2, 7}, {3, 5}, {1, 4}], [{8, 6}, {2, 7}, {3, 5}, {4}, {1}], [{8, 6}, {2, 7}, {4, 5}, {1, 3}], [{8, 6}, {2, 7}, {4, 5}, {3}, {1}], [{8, 6}, {2, 7}, {5}, {3, 4}, {1}], [{8, 6}, {3, 7}, {1, 5}, {2, 4}], [{8, 6}, {3, 7}, {2, 5}, {1, 4}], [{8, 6}, {3, 7}, {2, 5}, {4}, {1}], [{8, 6}, {3, 7}, {4, 5}, {1, 2}], [{8, 6}, {3, 7}, {4, 5}, {2}, {1}], [{8, 6}, {3, 7}, {5}, {2, 4}, {1}], [{8, 6}, {4, 7}, {1, 5}, {2, 3}], [{8, 6}, {4, 7}, {2, 5}, {1, 3}], [{8, 6}, {4, 7}, {3, 5}, {1, 2}], [{8, 6}, {4, 7}, {5}, {1, 3}, {2}], [{8, 6}, {5, 7}, {1, 4}, {2, 3}], [{8, 6}, {5, 7}, {2, 4}, {1, 3}], [{8, 6}, {5, 7}, {3, 4}, {1, 2}], [{8, 6}, {5, 7}, {4}, {1, 3}, {2}], [{8, 6}, {7}, {3, 5}, {4}, {1, 2}], [{8, 6}, {7}, {4, 5}, {1, 3}, {2}], [{8, 6}, {7}, {4, 5}, {2, 3}, {1}], [{8, 6}, {7}, {4, 5}, {3}, {1, 2}], [{8, 6}, {7}, {4, 5}, {3}, {2}, {1}], [{8, 6}, {7}, {5}, {3, 4}, {1, 2}], [{8, 7}, {1, 6}, {2, 5}, {3, 4}], [{8, 7}, {1, 6}, {3, 5}, {2, 4}], [{8, 7}, {1, 6}, {3, 5}, {4}, {2}], [{8, 7}, {1, 6}, {4, 5}, {2, 3}], [{8, 7}, {1, 6}, {4, 5}, {3}, {2}], [{8, 7}, {1, 6}, {5}, {3, 4}, {2}], [{8, 7}, {2, 6}, {1, 5}, {3, 4}], [{8, 7}, {2, 6}, {1, 5}, {4}, {3}], [{8, 7}, {2, 6}, {3, 5}, {1, 4}], [{8, 7}, {2, 6}, {3, 5}, {4}, {1}], [{8, 7}, {2, 6}, {4, 5}, {1, 3}], [{8, 7}, {2, 6}, {5}, {4}, {1, 3}], [{8, 7}, {3, 6}, {1, 5}, {2, 4}], [{8, 7}, {3, 6}, {2, 5}, {1, 4}], [{8, 7}, {3, 6}, {4, 5}, {1, 2}], [{8, 7}, {4, 6}, {1, 5}, {2, 3}], [{8, 7}, {4, 6}, {2, 5}, {1, 3}], [{8, 7}, {4, 6}, {3, 5}, {1, 2}], [{8, 7}, {5, 6}, {1, 4}, {2, 3}], [{8, 7}, {5, 6}, {2, 4}, {1, 3}], [{8, 7}, {5, 6}, {3, 4}, {1, 2}], [{8, 7}, {6}, {3, 5}, {4}, {1, 2}], [{8}, {1, 7}, {2, 6}, {5}, {3, 4}], [{8}, {1, 7}, {3, 6}, {2, 5}, {4}], [{8}, {1, 7}, {6}, {3, 5}, {2, 4}], [{8}, {2, 7}, {6}, {1, 5}, {3, 4}], [{8}, {3, 7}, {2, 6}, {5}, {1, 4}], [{8}, {3, 7}, {5, 6}, {2, 4}, {1}], [{8}, {4, 7}, {2, 6}, {1, 5}, {3}], [{8}, {4, 7}, {2, 6}, {3, 5}, {1}], [{8}, {4, 7}, {2, 6}, {5}, {1, 3}], [{8}, {4, 7}, {2, 6}, {5}, {3}, {1}], [{8}, {5, 7}, {1, 6}, {4}, {2, 3}], [{8}, {5, 7}, {2, 6}, {4}, {1, 3}], [{8}, {6, 7}, {2, 5}, {3, 4}, {1}], [{8}, {6, 7}, {3, 5}, {4}, {1, 2}], [{8}, {7}, {2, 6}, {4, 5}, {1, 3}], [{8}, {7}, {2, 6}, {5}, {4}, {1, 3}], [{8}, {7}, {3, 6}, {4, 5}, {1, 2}]]",2,- 16 K_1^2 - 8 K_1 K_2 + 4 K_1 + 8 K_2 + 4 K_3 + 9,O1O2O3U4O5U6U3U7O6O8U2O4U1U5O7U8,O1O2O3U4O5U2U6U7O8U1O4O7U5O6U8U3,O1O2O3U1U4O5U6O7O8U3O4U7U5U2O6U8,c,{'O1O2O3U4O5U6U3O7U2O4O8U5U1U8O6U7'},1,"<a href=""/flatknot/8.1101744"">8.1101744</a>",t^9-32t^7-78t^6+14t^5+124t^4-6t^3-34t^2+37t-12,0,,
8.1101745,O1O2O3U4O5U6U3O7U2O4O8U5U8U1O6U7,4,15z^2+100z+141,15w^3z^2+100w^2z+141w,False,False,"[[ 0  0  0  1 -1  0 -2  1  1],[ 0  0  0  0 -1  0 -2  1  1],[ 0  0  0  0 -1  1 -1  0  1],[-1  0  0  0 -1  0 -1 -1  1],[ 1  1  1  1  0  0 -1  1  0],[ 0  0 -1  0  0  0 -1  1  1],[ 2  2  1  1  1  1  0  1  1],[-1 -1  0  1 -1 -1 -1  0  0],[-1 -1 -1 -1  0 -1 -1  0  0]]","[[ 0  1  1  1  0  0  0 -1 -2],[-1  0  1  0  0 -1 -1 -1 -1],[-1 -1  0  1  0  0  0 -1 -1],[-1  0 -1  0 -1 -1 -1  0 -1],[ 0  0  0  1  0  1  0 -1 -1],[ 0  1  0  1 -1  0  0  0 -1],[ 0  1  0  1  0  0  0 -1 -2],[ 1  1  1  0  1  0  1  0 -1],[ 2  1  1  1  1  1  2  1  0]]",True,"[-1,-1,-1,0,0,0,1,2,-1,0,0,1,1,1,1,-1,0,0,0,1,1,1,1,1,0,1,-1,0,1,1,0,0,1,1,2,1]","[-2,-1,0,0,0,1,1,1,0,0,1,1,2,2,2,0,0,1,1,1,2,0,0,0,1,0,-1,1,1,0,0,1,0,-1,0,-1]",t^8+22t^6+93t^4+72t^2+4,"[-2,-1,0,0,0,1,1,1,0,0,1,1,2,2,2,0,0,1,1,1,2,0,0,0,1,0,-1,1,1,0,0,1,0,-1,0,-1]","[-1,-1,-1,0,0,0,1,2,-1,0,0,0,0,2,2,-1,1,1,1,1,2,0,0,1,1,2,0,-1,1,1,0,0,0,0,1,0]","[-2,-1,0,0,0,1,1,1,1,1,1,2,1,1,1,0,1,1,0,1,1,-1,0,1,0,1,0,1,0,0,1,0,1,-1,0,-1]",c,"[[{8, 1}, {4, 7}, {3, 6}, {2, 5}], [{8, 3}, {4, 7}, {1, 6}, {2, 5}], [{8, 6}, {2, 7}, {4, 5}, {1, 3}], [{8, 6}, {2, 7}, {5}, {4}, {1, 3}], [{8, 6}, {4, 7}, {2, 5}, {1, 3}], [{8, 6}, {5, 7}, {2, 4}, {1, 3}], [{8, 6}, {7}, {4, 5}, {1, 3}, {2}]]",1,12 K_1^3 - 38 K_1^2 - 16 K_1 K_2 - K_1 + 19 K_2 + 5 K_3 + 20,O1O2O3U4O5U3U6U7O6O8U2O4U1U5O7U8,O1O2O3U4O5U3U6U7O8U1O4O7U5O6U8U2,O1O2O3U2U4O5U6O7O8U3O4U7U5U1O6U8,c,{'O1O2O3U4O5U6U3O7U2O4O8U5U8U1O6U7'},1,"<a href=""/flatknot/8.1101745"">8.1101745</a>",t^9-24t^7-36t^6+36t^5+26t^4-26t^3+64t^2-8t,t^2-2t,,
8.1101746,O1O2O3U4O5U6U3O7U2O4O8U7U5U1O6U8,4,10z^2+79z+119,10w^3z^2+79w^2z+119w,False,False,"[[ 0  0  0  1 -1  1 -2 -1  2],[ 0  0 -1  0  0  1 -2  0  2],[ 0  1  0  0 -1  2 -2  0  1],[-1  0  0  0 -1  0 -1 -1  0],[ 1  0  1  1  0  0  0 -1  1],[-1 -1 -2  0  0  0 -1  0  1],[ 2  2  2  1  0  1  0 -1  1],[ 1  0  0  1  1  0  1  0  1],[-2 -2 -1  0 -1 -1 -1 -1  0]]","[[ 0  2  1  1  0  0 -1 -1 -2],[-2  0  0 -1 -1 -2 -1 -1 -1],[-1  0  0  0  0  0 -1 -1 -1],[-1  1  0  0 -2 -1  0  0 -1],[ 0  1  0  2  0  1  0 -1 -2],[ 0  2  0  1 -1  0  0  0 -2],[ 1  1  1  0  0  0  0  1  1],[ 1  1  1  0  1  0 -1  0  0],[ 2  1  1  1  2  2 -1  0  0]]",True,"[-2,-1,-1,0,0,1,1,2,0,1,1,2,1,1,1,0,0,0,1,1,1,2,1,0,0,1,-1,0,1,2,0,0,2,-1,-1,0]","[-2,-1,-1,0,0,1,1,2,-1,0,2,2,1,1,1,1,0,0,0,1,1,0,1,0,1,1,-1,1,0,2,2,0,1,0,1,0]",t^8+30t^6+169t^4+56t^2,"[-2,-1,-1,0,0,1,1,2,1,2,0,0,2,2,3,1,0,1,1,2,2,1,1,1,2,2,-1,1,-1,1,1,0,0,0,1,0]","[-2,-1,-1,0,0,1,1,2,0,1,0,1,2,2,3,0,0,-1,2,2,2,1,1,1,1,2,-1,1,1,0,0,1,0,-1,1,2]","[-2,-1,-1,0,0,1,1,2,-1,0,2,2,1,1,1,1,0,0,0,1,1,0,1,0,1,1,-1,1,0,2,2,0,1,0,1,0]",c,"[[{8, 2}, {4, 7}, {1, 6}, {3, 5}], [{8, 6}, {5, 7}, {3, 4}, {1, 2}], [{8, 7}, {5, 6}, {2, 4}, {1, 3}]]",1,4 K_1^3 - 28 K_1^2 - 12 K_1 K_2 + 3 K_1 + 14 K_2 + 5 K_3 + 15,O1O2O3U4O5U3U6U7O4O8U2O7U1U5O6U8,O1O2O3U4O5U3U6U7O8U2O4O7U1O6U8U5,O1O2O3U4U5O6U3O7O8U2O5U7U6U1O4U8,c,{'O1O2O3U4O5U6U3O7U2O4O8U7U5U1O6U8'},1,"<a href=""/flatknot/8.1101746"">8.1101746</a>",t^9-30t^7-62t^6+61t^5+292t^4+348t^3+130t^2-16t,0,,
8.1101747,O1O2O3U4O5U6U3O7U8O4O8U1U5U2O6U7,4,21z^2+106z+129,21w^3z^2+106w^2z+129w,False,False,"[[ 0 -2  1  1 -1  1 -2  1  1],[ 2  0  2  1  0  1  0  1  3],[-1 -2  0  0 -2  0 -2  0  0],[-1 -1  0  0 -1  0 -1 -1  0],[ 1  0  2  1  0  2 -2  2  1],[-1 -1  0  0 -2  0 -1  0 -1],[ 2  0  2  1  2  1  0  1  3],[-1 -1  0  1 -2  0 -1  0 -1],[-1 -3  0  0 -1  1 -3  1  0]]","[[ 0  1  1  1  1  1 -1 -2 -2],[-1  0  1  1  0  0 -1 -3 -3],[-1 -1  0  0  1  0 -2 -1 -1],[-1 -1  0  0  0  0 -2 -1 -1],[-1  0 -1  0  0  0 -1 -1 -1],[-1  0  0  0  0  0 -2 -2 -2],[ 1  1  2  2  1  2  0  0 -2],[ 2  3  1  1  1  2  0  0  0],[ 2  3  1  1  1  2  2  0  0]]",True,"[-1,-1,-1,-1,-1,1,2,2,-1,-1,0,0,1,3,3,0,-1,0,2,1,1,0,0,2,1,1,0,1,1,1,2,2,2,0,2,0]","[-2,-2,-1,1,1,1,1,1,0,-1,0,1,2,2,2,1,0,1,2,2,2,1,0,0,0,1,0,-1,-1,0,0,0,0,0,-1,0]",t^8+53t^6+282t^4+206t^2+16,"[-2,-2,-1,1,1,1,1,1,0,-1,0,1,2,2,2,1,0,1,2,2,2,1,0,0,0,1,0,-1,-1,0,0,0,0,0,-1,0]","[-1,-1,-1,-1,-1,1,2,2,-1,0,0,0,0,2,2,0,0,1,1,0,0,0,-1,1,2,2,0,0,1,1,0,2,2,-1,1,0]","[-2,-2,-1,1,1,1,1,1,0,0,1,1,1,2,3,2,1,1,1,2,3,1,2,2,2,1,-1,0,0,0,0,0,-1,0,-1,0]",c,"[[{8, 7}, {1, 6}, {3, 5}, {2, 4}]]",1,8 K_1^3 - 12 K_1^2 - 8 K_1 K_2 - 2 K_1 + 6 K_2 + 2 K_3 + 7,O1O2O3U4O5U2U6U3O7O8U7O4U1U5O6U8,O1O2O3U4O5U1U3U6O7U2O4O6U5O8U7U8,O1O2O3U4U5O4U6O7O8U2O5U7U1U3O6U8,c,{'O1O2O3U4O5U6U3O7U8O4O8U1U5U2O6U7'},1,"<a href=""/flatknot/8.1101747"">8.1101747</a>",t^9-57t^7-90t^6+250t^5+82t^4-140t^3+12t^2-2t+8,2t^2-4t,,
8.1101748,O1O2O3U4O5U6U3O7U8O4O8U1U5U7O6U2,4,18z^2+103z+135,18w^3z^2+103w^2z+135w,False,False,"[[ 0 -2  1  1 -1  1 -2  1  1],[ 2  0  2  1  0  1  0  1  3],[-1 -2  0  1 -2  0 -2  0  0],[-1 -1 -1  0 -1  0 -1  0  0],[ 1  0  2  1  0  2 -1  1  1],[-1 -1  0  0 -2  0 -2  1 -1],[ 2  0  2  1  1  2  0  1  3],[-1 -1  0  0 -1 -1 -1  0 -1],[-1 -3  0  0 -1  1 -3  1  0]]","[[ 0  1  1  1  1  1 -1 -2 -2],[-1  0  1  1  0  0 -1 -3 -3],[-1 -1  0  1  0  0 -2 -1 -2],[-1 -1 -1  0  0  0 -1 -1 -1],[-1  0  0  0  0  1 -2 -2 -2],[-1  0  0  0 -1  0 -1 -1 -1],[ 1  1  2  1  2  1  0  0 -1],[ 2  3  1  1  2  1  0  0  0],[ 2  3  2  1  2  1  1  0  0]]",True,"[-1,-1,-1,-1,-1,1,2,2,-1,-1,0,0,1,3,3,-1,0,0,2,1,2,0,0,1,1,1,-1,2,2,2,1,1,1,0,1,0]","[-2,-2,-1,1,1,1,1,1,0,0,0,1,1,2,2,1,0,1,2,2,2,1,0,0,1,1,0,-1,-1,0,0,0,-1,-1,0,0]",t^8+51t^6+210t^4+161t^2+1,"[-2,-2,-1,1,1,1,1,1,0,0,0,1,1,2,2,1,0,1,2,2,2,1,0,0,1,1,0,-1,-1,0,0,0,-1,-1,0,0]","[-1,-1,-1,-1,-1,1,2,2,-1,-1,0,0,1,2,2,-1,0,0,0,1,2,0,0,1,0,0,-1,1,2,2,0,1,1,0,1,0]","[-2,-2,-1,1,1,1,1,1,0,0,1,1,1,2,3,1,1,1,2,2,3,1,1,2,2,1,0,-1,0,-1,0,-1,0,0,-1,0]",c,"[[{8, 1}, {2, 7}, {3, 6}, {4, 5}], [{8, 1}, {2, 7}, {4, 6}, {3, 5}], [{8, 1}, {2, 7}, {5, 6}, {3, 4}], [{8, 1}, {2, 7}, {5, 6}, {4}, {3}], [{8, 1}, {3, 7}, {2, 6}, {4, 5}], [{8, 1}, {3, 7}, {4, 6}, {2, 5}], [{8, 1}, {3, 7}, {4, 6}, {5}, {2}], [{8, 1}, {3, 7}, {5, 6}, {2, 4}], [{8, 1}, {4, 7}, {2, 6}, {3, 5}], [{8, 1}, {4, 7}, {3, 6}, {2, 5}], [{8, 1}, {4, 7}, {5, 6}, {2, 3}], [{8, 1}, {5, 7}, {2, 6}, {3, 4}], [{8, 1}, {5, 7}, {3, 6}, {2, 4}], [{8, 1}, {5, 7}, {4, 6}, {2, 3}], [{8, 1}, {6, 7}, {2, 5}, {3, 4}], [{8, 1}, {6, 7}, {3, 5}, {2, 4}], [{8, 1}, {6, 7}, {4, 5}, {2, 3}], [{8, 1}, {6, 7}, {5}, {2, 4}, {3}], [{8, 1}, {7}, {2, 6}, {5}, {3, 4}], [{8, 1}, {7}, {3, 6}, {4, 5}, {2}], [{8, 1}, {7}, {5, 6}, {3, 4}, {2}], [{8, 1}, {7}, {6}, {2, 5}, {3, 4}], [{8, 2}, {1, 7}, {3, 6}, {4, 5}], [{8, 2}, {1, 7}, {4, 6}, {3, 5}], [{8, 2}, {1, 7}, {5, 6}, {3, 4}], [{8, 2}, {1, 7}, {5, 6}, {4}, {3}], [{8, 2}, {3, 7}, {1, 6}, {4, 5}], [{8, 2}, {3, 7}, {4, 6}, {1, 5}], [{8, 2}, {3, 7}, {5, 6}, {1, 4}], [{8, 2}, {4, 7}, {1, 6}, {3, 5}], [{8, 2}, {4, 7}, {1, 6}, {5}, {3}], [{8, 2}, {4, 7}, {3, 6}, {1, 5}], [{8, 2}, {4, 7}, {5, 6}, {1, 3}], [{8, 2}, {4, 7}, {6}, {3, 5}, {1}], [{8, 2}, {5, 7}, {1, 6}, {3, 4}], [{8, 2}, {5, 7}, {3, 6}, {1, 4}], [{8, 2}, {5, 7}, {4, 6}, {1, 3}], [{8, 2}, {5, 7}, {6}, {1, 4}, {3}], [{8, 2}, {5, 7}, {6}, {3, 4}, {1}], [{8, 2}, {5, 7}, {6}, {4}, {1, 3}], [{8, 2}, {6, 7}, {1, 5}, {3, 4}], [{8, 2}, {6, 7}, {3, 5}, {1, 4}], [{8, 2}, {6, 7}, {4, 5}, {1, 3}], [{8, 3}, {1, 7}, {2, 6}, {4, 5}], [{8, 3}, {1, 7}, {4, 6}, {2, 5}], [{8, 3}, {1, 7}, {5, 6}, {2, 4}], [{8, 3}, {2, 7}, {1, 6}, {4, 5}], [{8, 3}, {2, 7}, {4, 6}, {1, 5}], [{8, 3}, {2, 7}, {5, 6}, {1, 4}], [{8, 3}, {4, 7}, {1, 6}, {2, 5}], [{8, 3}, {4, 7}, {2, 6}, {1, 5}], [{8, 3}, {4, 7}, {5, 6}, {1, 2}], [{8, 3}, {5, 7}, {1, 6}, {2, 4}], [{8, 3}, {5, 7}, {2, 6}, {1, 4}], [{8, 3}, {5, 7}, {4, 6}, {1, 2}], [{8, 3}, {6, 7}, {1, 5}, {2, 4}], [{8, 3}, {6, 7}, {1, 5}, {4}, {2}], [{8, 3}, {6, 7}, {2, 5}, {1, 4}], [{8, 3}, {6, 7}, {4, 5}, {1, 2}], [{8, 3}, {6, 7}, {5}, {2, 4}, {1}], [{8, 3}, {7}, {2, 6}, {5}, {1, 4}], [{8, 3}, {7}, {5, 6}, {1, 4}, {2}], [{8, 3}, {7}, {6}, {2, 5}, {1, 4}], [{8, 4}, {1, 7}, {2, 6}, {3, 5}], [{8, 4}, {1, 7}, {3, 6}, {2, 5}], [{8, 4}, {1, 7}, {3, 6}, {5}, {2}], [{8, 4}, {1, 7}, {5, 6}, {2, 3}], [{8, 4}, {2, 7}, {1, 6}, {3, 5}], [{8, 4}, {2, 7}, {1, 6}, {5}, {3}], [{8, 4}, {2, 7}, {3, 6}, {1, 5}], [{8, 4}, {2, 7}, {5, 6}, {1, 3}], [{8, 4}, {2, 7}, {6}, {3, 5}, {1}], [{8, 4}, {3, 7}, {1, 6}, {2, 5}], [{8, 4}, {3, 7}, {2, 6}, {1, 5}], [{8, 4}, {3, 7}, {5, 6}, {1, 2}], [{8, 4}, {3, 7}, {6}, {1, 5}, {2}], [{8, 4}, {5, 7}, {1, 6}, {2, 3}], [{8, 4}, {5, 7}, {2, 6}, {1, 3}], [{8, 4}, {5, 7}, {3, 6}, {1, 2}], [{8, 4}, {5, 7}, {3, 6}, {2}, {1}], [{8, 4}, {6, 7}, {1, 5}, {2, 3}], [{8, 4}, {6, 7}, {1, 5}, {3}, {2}], [{8, 4}, {6, 7}, {2, 5}, {1, 3}], [{8, 4}, {6, 7}, {3, 5}, {1, 2}], [{8, 4}, {7}, {2, 6}, {5}, {1, 3}], [{8, 4}, {7}, {3, 6}, {1, 5}, {2}], [{8, 4}, {7}, {5, 6}, {1, 3}, {2}], [{8, 4}, {7}, {5, 6}, {2, 3}, {1}], [{8, 4}, {7}, {5, 6}, {3}, {1, 2}], [{8, 4}, {7}, {6}, {2, 5}, {1, 3}], [{8, 5}, {1, 7}, {2, 6}, {3, 4}], [{8, 5}, {1, 7}, {3, 6}, {2, 4}], [{8, 5}, {1, 7}, {4, 6}, {2, 3}], [{8, 5}, {2, 7}, {1, 6}, {3, 4}], [{8, 5}, {2, 7}, {3, 6}, {1, 4}], [{8, 5}, {2, 7}, {4, 6}, {1, 3}], [{8, 5}, {2, 7}, {6}, {1, 4}, {3}], [{8, 5}, {2, 7}, {6}, {3, 4}, {1}], [{8, 5}, {2, 7}, {6}, {4}, {1, 3}], [{8, 5}, {3, 7}, {1, 6}, {2, 4}], [{8, 5}, {3, 7}, {2, 6}, {1, 4}], [{8, 5}, {3, 7}, {4, 6}, {1, 2}], [{8, 5}, {3, 7}, {4, 6}, {2}, {1}], [{8, 5}, {4, 7}, {1, 6}, {2, 3}], [{8, 5}, {4, 7}, {2, 6}, {1, 3}], [{8, 5}, {4, 7}, {2, 6}, {3}, {1}], [{8, 5}, {4, 7}, {3, 6}, {1, 2}], [{8, 5}, {6, 7}, {1, 4}, {2, 3}], [{8, 5}, {6, 7}, {2, 4}, {1, 3}], [{8, 5}, {6, 7}, {3, 4}, {1, 2}], [{8, 5}, {6, 7}, {4}, {2, 3}, {1}], [{8, 5}, {7}, {3, 6}, {2, 4}, {1}], [{8, 6}, {1, 7}, {2, 5}, {3, 4}], [{8, 6}, {1, 7}, {3, 5}, {2, 4}], [{8, 6}, {1, 7}, {4, 5}, {2, 3}], [{8, 6}, {2, 7}, {1, 5}, {3, 4}], [{8, 6}, {2, 7}, {3, 5}, {1, 4}], [{8, 6}, {2, 7}, {4, 5}, {1, 3}], [{8, 6}, {3, 7}, {1, 5}, {2, 4}], [{8, 6}, {3, 7}, {1, 5}, {4}, {2}], [{8, 6}, {3, 7}, {2, 5}, {1, 4}], [{8, 6}, {3, 7}, {4, 5}, {1, 2}], [{8, 6}, {4, 7}, {1, 5}, {2, 3}], [{8, 6}, {4, 7}, {1, 5}, {3}, {2}], [{8, 6}, {4, 7}, {2, 5}, {1, 3}], [{8, 6}, {4, 7}, {3, 5}, {1, 2}], [{8, 6}, {5, 7}, {1, 4}, {2, 3}], [{8, 6}, {5, 7}, {2, 4}, {1, 3}], [{8, 6}, {5, 7}, {3, 4}, {1, 2}], [{8, 6}, {7}, {1, 5}, {3, 4}, {2}], [{8, 6}, {7}, {2, 5}, {1, 4}, {3}], [{8, 6}, {7}, {2, 5}, {3, 4}, {1}], [{8, 6}, {7}, {2, 5}, {4}, {1, 3}], [{8, 6}, {7}, {3, 5}, {1, 4}, {2}], [{8, 6}, {7}, {4, 5}, {1, 3}, {2}], [{8, 6}, {7}, {5}, {1, 4}, {2, 3}], [{8, 6}, {7}, {5}, {2, 4}, {1, 3}], [{8, 6}, {7}, {5}, {3, 4}, {1, 2}], [{8, 7}, {1, 6}, {2, 5}, {3, 4}], [{8, 7}, {1, 6}, {3, 5}, {2, 4}], [{8, 7}, {1, 6}, {4, 5}, {2, 3}], [{8, 7}, {1, 6}, {5}, {3, 4}, {2}], [{8, 7}, {2, 6}, {1, 5}, {3, 4}], [{8, 7}, {2, 6}, {1, 5}, {4}, {3}], [{8, 7}, {2, 6}, {3, 5}, {1, 4}], [{8, 7}, {2, 6}, {3, 5}, {4}, {1}], [{8, 7}, {2, 6}, {4, 5}, {1, 3}], [{8, 7}, {2, 6}, {4, 5}, {3}, {1}], [{8, 7}, {2, 6}, {5}, {1, 4}, {3}], [{8, 7}, {2, 6}, {5}, {3, 4}, {1}], [{8, 7}, {2, 6}, {5}, {4}, {1, 3}], [{8, 7}, {3, 6}, {1, 5}, {2, 4}], [{8, 7}, {3, 6}, {2, 5}, {1, 4}], [{8, 7}, {3, 6}, {4, 5}, {1, 2}], [{8, 7}, {3, 6}, {5}, {1, 4}, {2}], [{8, 7}, {4, 6}, {1, 5}, {2, 3}], [{8, 7}, {4, 6}, {2, 5}, {1, 3}], [{8, 7}, {4, 6}, {3, 5}, {1, 2}], [{8, 7}, {4, 6}, {5}, {1, 3}, {2}], [{8, 7}, {5, 6}, {1, 4}, {2, 3}], [{8, 7}, {5, 6}, {1, 4}, {3}, {2}], [{8, 7}, {5, 6}, {2, 4}, {1, 3}], [{8, 7}, {5, 6}, {3, 4}, {1, 2}], [{8, 7}, {5, 6}, {3, 4}, {2}, {1}], [{8, 7}, {5, 6}, {4}, {1, 3}, {2}], [{8, 7}, {6}, {1, 5}, {3, 4}, {2}], [{8, 7}, {6}, {2, 5}, {1, 4}, {3}], [{8, 7}, {6}, {2, 5}, {3, 4}, {1}], [{8, 7}, {6}, {2, 5}, {4}, {1, 3}], [{8, 7}, {6}, {3, 5}, {1, 4}, {2}], [{8, 7}, {6}, {4, 5}, {1, 3}, {2}], [{8, 7}, {6}, {5}, {1, 4}, {2, 3}], [{8, 7}, {6}, {5}, {1, 4}, {3}, {2}], [{8, 7}, {6}, {5}, {2, 4}, {1, 3}], [{8, 7}, {6}, {5}, {3, 4}, {1, 2}], [{8, 7}, {6}, {5}, {3, 4}, {2}, {1}], [{8, 7}, {6}, {5}, {4}, {1, 3}, {2}], [{8}, {1, 7}, {2, 6}, {5}, {3, 4}], [{8}, {1, 7}, {4, 6}, {3, 5}, {2}], [{8}, {1, 7}, {5, 6}, {3, 4}, {2}], [{8}, {1, 7}, {6}, {2, 5}, {3, 4}], [{8}, {3, 7}, {2, 6}, {5}, {1, 4}], [{8}, {3, 7}, {4, 6}, {1, 5}, {2}], [{8}, {3, 7}, {5, 6}, {1, 4}, {2}], [{8}, {3, 7}, {5, 6}, {2, 4}, {1}], [{8}, {3, 7}, {5, 6}, {4}, {1, 2}], [{8}, {3, 7}, {6}, {2, 5}, {1, 4}], [{8}, {4, 7}, {2, 6}, {5}, {1, 3}], [{8}, {4, 7}, {5, 6}, {1, 3}, {2}], [{8}, {4, 7}, {6}, {2, 5}, {1, 3}], [{8}, {6, 7}, {1, 5}, {3, 4}, {2}], [{8}, {6, 7}, {2, 5}, {1, 4}, {3}], [{8}, {6, 7}, {2, 5}, {3, 4}, {1}], [{8}, {6, 7}, {2, 5}, {4}, {1, 3}], [{8}, {6, 7}, {3, 5}, {1, 4}, {2}], [{8}, {6, 7}, {4, 5}, {1, 3}, {2}], [{8}, {6, 7}, {5}, {1, 4}, {2, 3}], [{8}, {6, 7}, {5}, {2, 4}, {1, 3}], [{8}, {6, 7}, {5}, {3, 4}, {1, 2}], [{8}, {7}, {1, 6}, {2, 5}, {3, 4}], [{8}, {7}, {1, 6}, {3, 5}, {2, 4}], [{8}, {7}, {3, 6}, {2, 5}, {1, 4}], [{8}, {7}, {4, 6}, {2, 5}, {1, 3}], [{8}, {7}, {6}, {2, 5}, {1, 4}, {3}], [{8}, {7}, {6}, {2, 5}, {3, 4}, {1}], [{8}, {7}, {6}, {2, 5}, {4}, {1, 3}]]",2,20 K_1^3 - 36 K_1^2 - 20 K_1 K_2 - 5 K_1 + 18 K_2 + 5 K_3 + 19,O1O2O3U2O4U5U6U3O7O8U7O5U1U4O6U8,O1O2O3U4O5U1U5U6O7U2O4O6U3O8U7U8,O1O2O3U4U5O4U1O6O7U2O5U6U8U3O8U7,c,{'O1O2O3U4O5U6U3O7U8O4O8U1U5U7O6U2'},1,"<a href=""/flatknot/8.1101748"">8.1101748</a>",t^9-55t^7-82t^6+178t^5+270t^4-70t^3-210t^2-118t-30,2t^2-4t,,
8.1101749,O1O2O3U4O5U6U3O7U8O4O8U2U5U1O6U7,4,8z^2+93z+155,8w^3z^2+93w^2z+155w,False,False,"[[ 0  0 -1  1 -1  1 -2  1  1],[ 0  0 -1  0 -1  1 -2  1  1],[ 1  1  0  1 -1  1  0  0  2],[-1  0 -1  0 -1  0 -1 -1  0],[ 1  1  1  1  0  2 -2  2  1],[-1 -1 -1  0 -2  0 -1  0 -1],[ 2  2  0  1  2  1  0  1  3],[-1 -1  0  1 -2  0 -1  0 -1],[-1 -1 -2  0 -1  1 -3  1  0]]","[[ 0  1  1  1  1  0 -1 -1 -2],[-1  0  1  1  0 -1 -1 -2 -3],[-1 -1  0  0  1 -1 -2  0 -1],[-1 -1  0  0  0 -1 -2 -1 -1],[-1  0 -1  0  0  0 -1 -1 -1],[ 0  1  1  1  0  0 -1 -1 -2],[ 1  1  2  2  1  1  0  1 -2],[ 1  2  0  1  1  1 -1  0  0],[ 2  3  1  1  1  2  2  0  0]]",True,"[-1,-1,-1,-1,0,1,1,2,-1,-1,0,1,1,2,3,0,-1,1,2,0,1,0,1,2,1,1,0,1,1,1,1,1,2,-1,2,0]","[-2,-1,-1,0,1,1,1,1,-1,1,0,0,2,2,2,-1,0,1,0,0,1,0,0,1,2,1,0,0,0,1,-1,-1,0,0,0,-1]",t^8+45t^6+276t^4+211t^2+16,"[-2,-1,-1,0,1,1,1,1,-1,1,0,0,2,2,2,-1,0,1,0,0,1,0,0,1,2,1,0,0,0,1,-1,-1,0,0,0,-1]","[-1,-1,-1,-1,0,1,1,2,-1,0,0,0,0,1,2,0,1,0,1,0,0,-1,1,1,1,2,0,0,2,2,0,0,0,1,-1,1]","[-2,-1,-1,0,1,1,1,1,0,2,2,1,1,1,3,-1,1,0,1,1,2,1,2,1,2,1,1,0,1,1,1,0,-1,0,0,-1]",c,"[[{8, 1}, {2, 7}, {3, 6}, {4, 5}], [{8, 1}, {2, 7}, {3, 6}, {5}, {4}], [{8, 1}, {2, 7}, {4, 6}, {3, 5}], [{8, 1}, {2, 7}, {4, 6}, {5}, {3}], [{8, 1}, {2, 7}, {5, 6}, {3, 4}], [{8, 1}, {2, 7}, {6}, {5}, {3, 4}], [{8, 1}, {3, 7}, {2, 6}, {4, 5}], [{8, 1}, {3, 7}, {4, 6}, {2, 5}], [{8, 1}, {3, 7}, {5, 6}, {2, 4}], [{8, 1}, {4, 7}, {2, 6}, {3, 5}], [{8, 1}, {4, 7}, {3, 6}, {2, 5}], [{8, 1}, {4, 7}, {5, 6}, {2, 3}], [{8, 1}, {5, 7}, {2, 6}, {3, 4}], [{8, 1}, {5, 7}, {3, 6}, {2, 4}], [{8, 1}, {5, 7}, {4, 6}, {2, 3}], [{8, 1}, {5, 7}, {6}, {3, 4}, {2}], [{8, 1}, {6, 7}, {2, 5}, {3, 4}], [{8, 1}, {6, 7}, {3, 5}, {2, 4}], [{8, 1}, {6, 7}, {4, 5}, {2, 3}], [{8, 1}, {6, 7}, {5}, {2, 4}, {3}], [{8, 1}, {6, 7}, {5}, {3, 4}, {2}], [{8, 1}, {6, 7}, {5}, {4}, {2, 3}], [{8, 1}, {7}, {2, 6}, {5}, {3, 4}], [{8, 1}, {7}, {5, 6}, {3, 4}, {2}], [{8, 1}, {7}, {6}, {2, 5}, {3, 4}], [{8, 1}, {7}, {6}, {5}, {3, 4}, {2}], [{8, 2}, {1, 7}, {3, 6}, {4, 5}], [{8, 2}, {1, 7}, {3, 6}, {5}, {4}], [{8, 2}, {1, 7}, {4, 6}, {3, 5}], [{8, 2}, {1, 7}, {5, 6}, {3, 4}], [{8, 2}, {1, 7}, {5, 6}, {4}, {3}], [{8, 2}, {1, 7}, {6}, {3, 5}, {4}], [{8, 2}, {3, 7}, {1, 6}, {4, 5}], [{8, 2}, {3, 7}, {4, 6}, {1, 5}], [{8, 2}, {3, 7}, {5, 6}, {1, 4}], [{8, 2}, {3, 7}, {6}, {1, 5}, {4}], [{8, 2}, {3, 7}, {6}, {4, 5}, {1}], [{8, 2}, {3, 7}, {6}, {5}, {1, 4}], [{8, 2}, {4, 7}, {1, 6}, {3, 5}], [{8, 2}, {4, 7}, {1, 6}, {5}, {3}], [{8, 2}, {4, 7}, {3, 6}, {1, 5}], [{8, 2}, {4, 7}, {5, 6}, {1, 3}], [{8, 2}, {5, 7}, {1, 6}, {3, 4}], [{8, 2}, {5, 7}, {3, 6}, {1, 4}], [{8, 2}, {5, 7}, {4, 6}, {1, 3}], [{8, 2}, {5, 7}, {6}, {3, 4}, {1}], [{8, 2}, {6, 7}, {1, 5}, {3, 4}], [{8, 2}, {6, 7}, {3, 5}, {1, 4}], [{8, 2}, {6, 7}, {3, 5}, {4}, {1}], [{8, 2}, {6, 7}, {4, 5}, {1, 3}], [{8, 2}, {6, 7}, {4, 5}, {3}, {1}], [{8, 2}, {6, 7}, {5}, {3, 4}, {1}], [{8, 2}, {7}, {1, 6}, {3, 5}, {4}], [{8, 2}, {7}, {3, 6}, {4, 5}, {1}], [{8, 2}, {7}, {4, 6}, {5}, {1, 3}], [{8, 2}, {7}, {5, 6}, {3, 4}, {1}], [{8, 3}, {1, 7}, {2, 6}, {4, 5}], [{8, 3}, {1, 7}, {4, 6}, {2, 5}], [{8, 3}, {1, 7}, {5, 6}, {2, 4}], [{8, 3}, {1, 7}, {6}, {5}, {2, 4}], [{8, 3}, {2, 7}, {1, 6}, {4, 5}], [{8, 3}, {2, 7}, {4, 6}, {1, 5}], [{8, 3}, {2, 7}, {5, 6}, {1, 4}], [{8, 3}, {4, 7}, {1, 6}, {2, 5}], [{8, 3}, {4, 7}, {2, 6}, {1, 5}], [{8, 3}, {4, 7}, {5, 6}, {1, 2}], [{8, 3}, {5, 7}, {1, 6}, {2, 4}], [{8, 3}, {5, 7}, {2, 6}, {1, 4}], [{8, 3}, {5, 7}, {4, 6}, {1, 2}], [{8, 3}, {6, 7}, {1, 5}, {2, 4}], [{8, 3}, {6, 7}, {2, 5}, {1, 4}], [{8, 3}, {6, 7}, {4, 5}, {1, 2}], [{8, 3}, {7}, {5, 6}, {1, 4}, {2}], [{8, 4}, {1, 7}, {2, 6}, {3, 5}], [{8, 4}, {1, 7}, {3, 6}, {2, 5}], [{8, 4}, {1, 7}, {5, 6}, {2, 3}], [{8, 4}, {1, 7}, {6}, {3, 5}, {2}], [{8, 4}, {2, 7}, {1, 6}, {3, 5}], [{8, 4}, {2, 7}, {3, 6}, {1, 5}], [{8, 4}, {2, 7}, {5, 6}, {1, 3}], [{8, 4}, {3, 7}, {1, 6}, {2, 5}], [{8, 4}, {3, 7}, {2, 6}, {1, 5}], [{8, 4}, {3, 7}, {5, 6}, {1, 2}], [{8, 4}, {3, 7}, {6}, {5}, {1, 2}], [{8, 4}, {5, 7}, {1, 6}, {2, 3}], [{8, 4}, {5, 7}, {2, 6}, {1, 3}], [{8, 4}, {5, 7}, {3, 6}, {1, 2}], [{8, 4}, {6, 7}, {1, 5}, {2, 3}], [{8, 4}, {6, 7}, {2, 5}, {1, 3}], [{8, 4}, {6, 7}, {3, 5}, {1, 2}], [{8, 4}, {7}, {5, 6}, {1, 3}, {2}], [{8, 5}, {1, 7}, {2, 6}, {3, 4}], [{8, 5}, {1, 7}, {3, 6}, {2, 4}], [{8, 5}, {1, 7}, {4, 6}, {2, 3}], [{8, 5}, {1, 7}, {6}, {2, 4}, {3}], [{8, 5}, {2, 7}, {1, 6}, {3, 4}], [{8, 5}, {2, 7}, {3, 6}, {1, 4}], [{8, 5}, {2, 7}, {4, 6}, {1, 3}], [{8, 5}, {3, 7}, {1, 6}, {2, 4}], [{8, 5}, {3, 7}, {2, 6}, {1, 4}], [{8, 5}, {3, 7}, {2, 6}, {4}, {1}], [{8, 5}, {3, 7}, {4, 6}, {1, 2}], [{8, 5}, {3, 7}, {4, 6}, {2}, {1}], [{8, 5}, {3, 7}, {6}, {2, 4}, {1}], [{8, 5}, {4, 7}, {1, 6}, {2, 3}], [{8, 5}, {4, 7}, {2, 6}, {1, 3}], [{8, 5}, {4, 7}, {3, 6}, {1, 2}], [{8, 5}, {6, 7}, {1, 4}, {2, 3}], [{8, 5}, {6, 7}, {2, 4}, {1, 3}], [{8, 5}, {6, 7}, {2, 4}, {3}, {1}], [{8, 5}, {6, 7}, {3, 4}, {1, 2}], [{8, 5}, {6, 7}, {3, 4}, {2}, {1}], [{8, 5}, {6, 7}, {4}, {2, 3}, {1}], [{8, 5}, {7}, {1, 6}, {2, 4}, {3}], [{8, 5}, {7}, {3, 6}, {2, 4}, {1}], [{8, 5}, {7}, {6}, {2, 4}, {1, 3}], [{8, 5}, {7}, {6}, {2, 4}, {3}, {1}], [{8, 6}, {1, 7}, {2, 5}, {3, 4}], [{8, 6}, {1, 7}, {3, 5}, {2, 4}], [{8, 6}, {1, 7}, {4, 5}, {2, 3}], [{8, 6}, {1, 7}, {5}, {3, 4}, {2}], [{8, 6}, {2, 7}, {1, 5}, {3, 4}], [{8, 6}, {2, 7}, {3, 5}, {1, 4}], [{8, 6}, {2, 7}, {4, 5}, {1, 3}], [{8, 6}, {3, 7}, {1, 5}, {2, 4}], [{8, 6}, {3, 7}, {2, 5}, {1, 4}], [{8, 6}, {3, 7}, {4, 5}, {1, 2}], [{8, 6}, {3, 7}, {5}, {2, 4}, {1}], [{8, 6}, {4, 7}, {1, 5}, {2, 3}], [{8, 6}, {4, 7}, {2, 5}, {1, 3}], [{8, 6}, {4, 7}, {3, 5}, {1, 2}], [{8, 6}, {5, 7}, {1, 4}, {2, 3}], [{8, 6}, {5, 7}, {2, 4}, {1, 3}], [{8, 6}, {5, 7}, {3, 4}, {1, 2}], [{8, 6}, {7}, {2, 5}, {3, 4}, {1}], [{8, 7}, {1, 6}, {2, 5}, {3, 4}], [{8, 7}, {1, 6}, {3, 5}, {2, 4}], [{8, 7}, {1, 6}, {4, 5}, {2, 3}], [{8, 7}, {1, 6}, {5}, {3, 4}, {2}], [{8, 7}, {2, 6}, {1, 5}, {3, 4}], [{8, 7}, {2, 6}, {3, 5}, {1, 4}], [{8, 7}, {2, 6}, {4, 5}, {1, 3}], [{8, 7}, {2, 6}, {4, 5}, {3}, {1}], [{8, 7}, {3, 6}, {1, 5}, {2, 4}], [{8, 7}, {3, 6}, {2, 5}, {1, 4}], [{8, 7}, {3, 6}, {4, 5}, {1, 2}], [{8, 7}, {3, 6}, {5}, {4}, {1, 2}], [{8, 7}, {4, 6}, {1, 5}, {2, 3}], [{8, 7}, {4, 6}, {2, 5}, {1, 3}], [{8, 7}, {4, 6}, {3, 5}, {1, 2}], [{8, 7}, {5, 6}, {1, 4}, {2, 3}], [{8, 7}, {5, 6}, {2, 4}, {1, 3}], [{8, 7}, {5, 6}, {3, 4}, {1, 2}], [{8, 7}, {5, 6}, {4}, {1, 3}, {2}], [{8, 7}, {5, 6}, {4}, {2, 3}, {1}], [{8, 7}, {5, 6}, {4}, {3}, {1, 2}], [{8, 7}, {6}, {2, 5}, {3, 4}, {1}], [{8, 7}, {6}, {3, 5}, {4}, {1, 2}], [{8, 7}, {6}, {5}, {2, 4}, {1, 3}], [{8}, {1, 7}, {6}, {2, 5}, {3, 4}], [{8}, {1, 7}, {6}, {3, 5}, {2, 4}], [{8}, {1, 7}, {6}, {4, 5}, {2, 3}], [{8}, {2, 7}, {6}, {3, 5}, {1, 4}], [{8}, {2, 7}, {6}, {4, 5}, {1, 3}], [{8}, {3, 7}, {5, 6}, {2, 4}, {1}], [{8}, {4, 7}, {3, 6}, {1, 5}, {2}], [{8}, {4, 7}, {5, 6}, {1, 3}, {2}], [{8}, {5, 7}, {6}, {1, 4}, {2, 3}], [{8}, {5, 7}, {6}, {2, 4}, {1, 3}], [{8}, {5, 7}, {6}, {3, 4}, {1, 2}], [{8}, {6, 7}, {1, 5}, {2, 4}, {3}], [{8}, {6, 7}, {1, 5}, {3, 4}, {2}], [{8}, {6, 7}, {1, 5}, {4}, {2, 3}], [{8}, {6, 7}, {2, 5}, {1, 4}, {3}], [{8}, {6, 7}, {2, 5}, {3, 4}, {1}], [{8}, {6, 7}, {2, 5}, {4}, {1, 3}], [{8}, {6, 7}, {5}, {3, 4}, {1, 2}], [{8}, {6, 7}, {5}, {3, 4}, {2}, {1}], [{8}, {7}, {1, 6}, {2, 5}, {3, 4}], [{8}, {7}, {5, 6}, {3, 4}, {1, 2}]]",2,4 K_1^3 - 34 K_1^2 - 12 K_1 K_2 + 3 K_1 + 17 K_2 + 5 K_3 + 18,O1O2O3U4O5U3U6U2O7O8U7O4U1U5O6U8,O1O2O3U4O5U3U1U6O7U2O4O6U5O8U7U8,O1O2O3U4U5O4U6O7O8U2O5U7U3U1O6U8,c,{'O1O2O3U4O5U6U3O7U8O4O8U2U5U1O6U7'},1,"<a href=""/flatknot/8.1101749"">8.1101749</a>",t^9-47t^7-126t^6-11t^5+122t^4-12t^3-38t^2+31t+2,t^2-2t,,
8.1101750,O1O2O3U4O5U6U3O7U8O4O8U5U1U2O6U7,3,7z^2+36z+45,-10w^4z^2+17w^3z^2-30w^3z+66w^2z+45w,False,False,"[[ 0 -1  1  1 -1  0 -2  1  1],[ 1  0  1  0  0  0 -1  1  2],[-1 -1  0  0 -2  0 -2  0  0],[-1  0  0  0 -1  0 -1 -1  0],[ 1  0  2  1  0  1 -2  2  1],[ 0  0  0  0 -1  0  0  0  0],[ 2  1  2  1  2  0  0  1  3],[-1 -1  0  1 -2  0 -1  0 -1],[-1 -2  0  0 -1  0 -3  1  0]]","[[ 0  1  1  1  1  0 -1 -1 -2],[-1  0  1  0  0  0 -1 -2 -3],[-1 -1  0  1  0  0 -2 -1 -1],[-1  0 -1  0  0  0 -1  0 -1],[-1  0  0  0  0  0 -2 -1 -2],[ 0  0  0  0  0  0 -1  0  0],[ 1  1  2  1  2  1  0  0 -2],[ 1  2  1  0  1  0  0  0 -1],[ 2  3  1  1  2  0  2  1  0]]",True,"[-1,-1,-1,-1,0,1,1,2,-1,0,0,0,1,2,3,-1,0,0,2,1,1,0,0,1,0,1,0,2,1,2,1,0,0,0,2,1]","[-2,-1,-1,0,1,1,1,1,-1,0,2,0,1,2,2,0,0,1,0,0,1,1,0,1,1,2,1,1,1,1,0,-1,0,0,0,-1]",t^8+39t^6+153t^4+111t^2,"[-2,-1,-1,0,1,1,1,1,-1,0,2,0,1,2,2,0,0,1,0,0,1,1,0,1,1,2,1,1,1,1,0,-1,0,0,0,-1]","[-1,-1,-1,-1,0,1,1,2,-1,0,0,1,1,2,2,-1,0,1,0,1,2,0,1,1,0,0,1,0,1,1,0,1,2,0,-1,0]","[-2,-1,-1,0,1,1,1,1,1,2,0,1,1,2,3,0,0,0,1,1,2,1,1,2,2,1,0,0,0,0,-1,0,0,0,-1,0]",c,"[[{8, 5}, {6, 7}, {2, 4}, {1, 3}], [{8, 6}, {5, 7}, {2, 4}, {1, 3}], [{8, 7}, {5, 6}, {2, 4}, {1, 3}]]",1,16 K_1^3 - 6 K_1^2 - 8 K_1 K_2 - 8 K_1 + 3 K_2 + 4,O1O2O3U4O5U2U3U6O7O8U7O4U1U5O6U8,O1O2O3U4O5U2U3U6O7U1O4O6U5O8U7U8,O1O2O3U4U5O4U6O7O8U3O5U7U1U2O6U8,c,{'O1O2O3U4O5U6U3O7U8O4O8U5U1U2O6U7'},1,"<a href=""/flatknot/8.1101750"">8.1101750</a>",t^9-41t^7-86t^6+92t^5+176t^4-4t^3-28t^2+8t-8,t^2-2t,,
8.1101751,O1O2O3U4O5U6U3O7U8O4O8U5U1U7O6U2,4,21z^2+104z+125,-2w^4z^2+23w^3z^2+104w^2z+125w,False,False,"[[ 0 -1  1  1 -1  0 -2  1  1],[ 1  0  1  0  0  0 -1  1  2],[-1 -1  0  1 -2  0 -2  0  0],[-1  0 -1  0 -1  0 -1  0  0],[ 1  0  2  1  0  1 -1  1  1],[ 0  0  0  0 -1  0 -1  1  0],[ 2  1  2  1  1  1  0  1  3],[-1 -1  0  0 -1 -1 -1  0 -1],[-1 -2  0  0 -1  0 -3  1  0]]","[[ 0  1  1  1  1  0 -1 -1 -2],[-1  0  1  0  0  0 -1 -2 -2],[-1 -1  0  0  0  0  0 -1 -1],[-1  0  0  0  1  0 -2 -1 -3],[-1  0  0 -1  0 -1 -1 -1 -1],[ 0  0  0  0  1  0  0 -1 -1],[ 1  1  0  2  1  0  0  0 -1],[ 1  2  1  1  1  1  0  0 -1],[ 2  2  1  3  1  1  1  1  0]]",True,"[-1,-1,-1,-1,0,1,1,2,-1,0,0,0,1,2,2,0,0,0,0,1,1,-1,0,2,1,3,1,1,1,1,0,1,1,0,1,1]","[-2,-1,-1,0,1,1,1,1,0,0,1,0,1,2,2,0,0,1,0,1,1,1,0,1,1,2,1,1,0,1,0,-1,0,0,-1,0]",t^8+35t^6+121t^4+94t^2+4,"[-2,-1,-1,0,1,1,1,1,0,0,1,0,1,2,2,0,0,1,0,1,1,1,0,1,1,2,1,1,0,1,0,-1,0,0,-1,0]","[-1,-1,-1,-1,0,1,1,2,-1,0,0,0,1,1,2,0,0,1,0,1,0,-1,1,2,1,2,1,1,0,1,1,0,1,0,0,0]","[-2,-1,-1,0,1,1,1,1,1,1,1,1,1,2,3,0,0,0,1,1,2,1,1,1,2,1,0,1,0,0,0,-1,0,0,-1,0]",c,"[[{8, 2}, {4, 7}, {5, 6}, {1, 3}], [{8, 5}, {4, 7}, {2, 6}, {1, 3}], [{8, 6}, {4, 7}, {2, 5}, {1, 3}]]",1,- 18 K_1^2 - 8 K_1 K_2 + 4 K_1 + 9 K_2 + 4 K_3 + 10,O1O2O3U2O4U5U3U6O7O8U7O5U1U4O6U8,O1O2O3U4O5U2U5U6O7U1O4O6U3O8U7U8,O1O2O3U4U5O4U1O6O7U3O5U6U8U2O8U7,c,{'O1O2O3U4O5U6U3O7U8O4O8U5U1U7O6U2'},1,"<a href=""/flatknot/8.1101751"">8.1101751</a>",t^9-37t^7-66t^6+82t^5+226t^4+97t^3-80t^2-107t-38,t^2-2t,,
8.1101752,O1O2O3U4O5U6U3O7U8O4O8U5U2U1O6U7,4,3z^3+32z^2+92z+81,3w^4z^3+32w^3z^2+92w^2z+81w,False,False,"[[ 0  0  0  1 -1  0 -2  1  1],[ 0  0  0  0 -1  0 -2  1  1],[ 0  0  0  0 -1  0 -1  0  1],[-1  0  0  0 -1  0 -1 -1  0],[ 1  1  1  1  0  1 -2  2  1],[ 0  0  0  0 -1  0  0  0  0],[ 2  2  1  1  2  0  0  1  3],[-1 -1  0  1 -2  0 -1  0 -1],[-1 -1 -1  0 -1  0 -3  1  0]]","[[ 0  1  1  1  0  0  0 -1 -2],[-1  0  1  0  0 -1 -1 -1 -3],[-1 -1  0  1  0  0 -1 -2 -1],[-1  0 -1  0  0  0  0 -1 -1],[ 0  0  0  0  0  0  0 -1  0],[ 0  1  0  0  0  0  0 -1 -1],[ 0  1  1  0  0  0  0 -1 -2],[ 1  1  2  1  1  1  1  0 -2],[ 2  3  1  1  0  1  2  2  0]]",True,"[-1,-1,-1,0,0,0,1,2,-1,0,0,1,1,1,3,-1,0,0,1,2,1,0,0,0,1,1,0,0,1,0,0,1,1,1,2,2]","[-2,-1,0,0,0,1,1,1,-1,0,1,2,0,2,2,0,0,0,1,0,1,0,0,0,0,1,0,0,1,1,1,1,1,-1,0,-1]",t^8+34t^6+134t^4+95t^2+4,"[-2,-1,0,0,0,1,1,1,-1,0,1,2,0,2,2,0,0,0,1,0,1,0,0,0,0,1,0,0,1,1,1,1,1,-1,0,-1]","[-1,-1,-1,0,0,0,1,2,-1,0,1,1,1,1,2,-1,0,1,1,0,2,0,0,1,1,0,0,0,0,0,0,0,1,0,2,-1]","[-2,-1,0,0,0,1,1,1,2,0,1,2,1,1,3,1,1,1,1,2,1,0,0,0,0,0,0,0,0,1,0,1,1,-1,0,-1]",c,"[[{8, 1}, {2, 7}, {3, 6}, {4, 5}], [{8, 1}, {2, 7}, {4, 6}, {3, 5}], [{8, 1}, {2, 7}, {5, 6}, {3, 4}], [{8, 1}, {3, 7}, {2, 6}, {4, 5}], [{8, 1}, {3, 7}, {4, 6}, {2, 5}], [{8, 1}, {3, 7}, {5, 6}, {2, 4}], [{8, 1}, {4, 7}, {2, 6}, {3, 5}], [{8, 1}, {4, 7}, {3, 6}, {2, 5}], [{8, 1}, {4, 7}, {3, 6}, {5}, {2}], [{8, 1}, {4, 7}, {5, 6}, {2, 3}], [{8, 1}, {5, 7}, {2, 6}, {3, 4}], [{8, 1}, {5, 7}, {3, 6}, {2, 4}], [{8, 1}, {5, 7}, {4, 6}, {2, 3}], [{8, 1}, {6, 7}, {2, 5}, {3, 4}], [{8, 1}, {6, 7}, {3, 5}, {2, 4}], [{8, 1}, {6, 7}, {4, 5}, {2, 3}], [{8, 1}, {6, 7}, {5}, {3, 4}, {2}], [{8, 1}, {7}, {6}, {2, 5}, {3, 4}], [{8, 2}, {1, 7}, {3, 6}, {4, 5}], [{8, 2}, {1, 7}, {4, 6}, {3, 5}], [{8, 2}, {1, 7}, {5, 6}, {3, 4}], [{8, 2}, {3, 7}, {1, 6}, {4, 5}], [{8, 2}, {3, 7}, {4, 6}, {1, 5}], [{8, 2}, {3, 7}, {5, 6}, {1, 4}], [{8, 2}, {4, 7}, {1, 6}, {3, 5}], [{8, 2}, {4, 7}, {3, 6}, {1, 5}], [{8, 2}, {4, 7}, {5, 6}, {1, 3}], [{8, 2}, {4, 7}, {5, 6}, {3}, {1}], [{8, 2}, {5, 7}, {1, 6}, {3, 4}], [{8, 2}, {5, 7}, {3, 6}, {1, 4}], [{8, 2}, {5, 7}, {4, 6}, {1, 3}], [{8, 2}, {6, 7}, {1, 5}, {3, 4}], [{8, 2}, {6, 7}, {3, 5}, {1, 4}], [{8, 2}, {6, 7}, {4, 5}, {1, 3}], [{8, 2}, {6, 7}, {5}, {3, 4}, {1}], [{8, 2}, {7}, {1, 6}, {3, 5}, {4}], [{8, 2}, {7}, {4, 6}, {3, 5}, {1}], [{8, 2}, {7}, {6}, {3, 5}, {1, 4}], [{8, 2}, {7}, {6}, {4, 5}, {1, 3}], [{8, 3}, {1, 7}, {2, 6}, {4, 5}], [{8, 3}, {1, 7}, {4, 6}, {2, 5}], [{8, 3}, {1, 7}, {5, 6}, {2, 4}], [{8, 3}, {1, 7}, {6}, {5}, {2, 4}], [{8, 3}, {2, 7}, {1, 6}, {4, 5}], [{8, 3}, {2, 7}, {4, 6}, {1, 5}], [{8, 3}, {2, 7}, {5, 6}, {1, 4}], [{8, 3}, {4, 7}, {1, 6}, {2, 5}], [{8, 3}, {4, 7}, {1, 6}, {5}, {2}], [{8, 3}, {4, 7}, {2, 6}, {1, 5}], [{8, 3}, {4, 7}, {5, 6}, {1, 2}], [{8, 3}, {5, 7}, {1, 6}, {2, 4}], [{8, 3}, {5, 7}, {2, 6}, {1, 4}], [{8, 3}, {5, 7}, {4, 6}, {1, 2}], [{8, 3}, {6, 7}, {1, 5}, {2, 4}], [{8, 3}, {6, 7}, {2, 5}, {1, 4}], [{8, 3}, {6, 7}, {4, 5}, {1, 2}], [{8, 3}, {6, 7}, {4, 5}, {2}, {1}], [{8, 3}, {7}, {4, 6}, {5}, {1, 2}], [{8, 4}, {1, 7}, {2, 6}, {3, 5}], [{8, 4}, {1, 7}, {2, 6}, {5}, {3}], [{8, 4}, {1, 7}, {3, 6}, {2, 5}], [{8, 4}, {1, 7}, {5, 6}, {2, 3}], [{8, 4}, {2, 7}, {1, 6}, {3, 5}], [{8, 4}, {2, 7}, {1, 6}, {5}, {3}], [{8, 4}, {2, 7}, {3, 6}, {1, 5}], [{8, 4}, {2, 7}, {5, 6}, {1, 3}], [{8, 4}, {3, 7}, {1, 6}, {2, 5}], [{8, 4}, {3, 7}, {2, 6}, {1, 5}], [{8, 4}, {3, 7}, {5, 6}, {1, 2}], [{8, 4}, {3, 7}, {5, 6}, {2}, {1}], [{8, 4}, {5, 7}, {1, 6}, {2, 3}], [{8, 4}, {5, 7}, {2, 6}, {1, 3}], [{8, 4}, {5, 7}, {3, 6}, {1, 2}], [{8, 4}, {5, 7}, {3, 6}, {2}, {1}], [{8, 4}, {6, 7}, {1, 5}, {2, 3}], [{8, 4}, {6, 7}, {2, 5}, {1, 3}], [{8, 4}, {6, 7}, {3, 5}, {1, 2}], [{8, 4}, {6, 7}, {3, 5}, {2}, {1}], [{8, 5}, {1, 7}, {2, 6}, {3, 4}], [{8, 5}, {1, 7}, {3, 6}, {2, 4}], [{8, 5}, {1, 7}, {4, 6}, {2, 3}], [{8, 5}, {1, 7}, {6}, {2, 4}, {3}], [{8, 5}, {2, 7}, {1, 6}, {3, 4}], [{8, 5}, {2, 7}, {3, 6}, {1, 4}], [{8, 5}, {2, 7}, {4, 6}, {1, 3}], [{8, 5}, {2, 7}, {4, 6}, {3}, {1}], [{8, 5}, {3, 7}, {1, 6}, {2, 4}], [{8, 5}, {3, 7}, {2, 6}, {1, 4}], [{8, 5}, {3, 7}, {4, 6}, {1, 2}], [{8, 5}, {3, 7}, {6}, {2, 4}, {1}], [{8, 5}, {4, 7}, {1, 6}, {2, 3}], [{8, 5}, {4, 7}, {2, 6}, {1, 3}], [{8, 5}, {4, 7}, {2, 6}, {3}, {1}], [{8, 5}, {4, 7}, {3, 6}, {1, 2}], [{8, 5}, {6, 7}, {1, 4}, {2, 3}], [{8, 5}, {6, 7}, {1, 4}, {3}, {2}], [{8, 5}, {6, 7}, {2, 4}, {1, 3}], [{8, 5}, {6, 7}, {2, 4}, {3}, {1}], [{8, 5}, {6, 7}, {3, 4}, {1, 2}], [{8, 5}, {6, 7}, {3, 4}, {2}, {1}], [{8, 5}, {6, 7}, {4}, {1, 3}, {2}], [{8, 5}, {6, 7}, {4}, {2, 3}, {1}], [{8, 5}, {6, 7}, {4}, {3}, {1, 2}], [{8, 5}, {6, 7}, {4}, {3}, {2}, {1}], [{8, 5}, {7}, {1, 6}, {2, 4}, {3}], [{8, 5}, {7}, {3, 6}, {2, 4}, {1}], [{8, 5}, {7}, {6}, {1, 4}, {2, 3}], [{8, 5}, {7}, {6}, {2, 4}, {1, 3}], [{8, 5}, {7}, {6}, {2, 4}, {3}, {1}], [{8, 5}, {7}, {6}, {3, 4}, {1, 2}], [{8, 6}, {1, 7}, {2, 5}, {3, 4}], [{8, 6}, {1, 7}, {3, 5}, {2, 4}], [{8, 6}, {1, 7}, {4, 5}, {2, 3}], [{8, 6}, {1, 7}, {5}, {3, 4}, {2}], [{8, 6}, {2, 7}, {1, 5}, {3, 4}], [{8, 6}, {2, 7}, {1, 5}, {4}, {3}], [{8, 6}, {2, 7}, {3, 5}, {1, 4}], [{8, 6}, {2, 7}, {3, 5}, {4}, {1}], [{8, 6}, {2, 7}, {4, 5}, {1, 3}], [{8, 6}, {2, 7}, {4, 5}, {3}, {1}], [{8, 6}, {2, 7}, {5}, {1, 4}, {3}], [{8, 6}, {2, 7}, {5}, {3, 4}, {1}], [{8, 6}, {2, 7}, {5}, {4}, {1, 3}], [{8, 6}, {3, 7}, {1, 5}, {2, 4}], [{8, 6}, {3, 7}, {2, 5}, {1, 4}], [{8, 6}, {3, 7}, {4, 5}, {1, 2}], [{8, 6}, {3, 7}, {5}, {1, 4}, {2}], [{8, 6}, {4, 7}, {1, 5}, {2, 3}], [{8, 6}, {4, 7}, {2, 5}, {1, 3}], [{8, 6}, {4, 7}, {3, 5}, {1, 2}], [{8, 6}, {4, 7}, {5}, {1, 3}, {2}], [{8, 6}, {5, 7}, {1, 4}, {2, 3}], [{8, 6}, {5, 7}, {1, 4}, {3}, {2}], [{8, 6}, {5, 7}, {2, 4}, {1, 3}], [{8, 6}, {5, 7}, {2, 4}, {3}, {1}], [{8, 6}, {5, 7}, {3, 4}, {1, 2}], [{8, 6}, {5, 7}, {3, 4}, {2}, {1}], [{8, 6}, {5, 7}, {4}, {1, 3}, {2}], [{8, 6}, {5, 7}, {4}, {2, 3}, {1}], [{8, 6}, {5, 7}, {4}, {3}, {1, 2}], [{8, 6}, {7}, {1, 5}, {3, 4}, {2}], [{8, 6}, {7}, {2, 5}, {1, 4}, {3}], [{8, 6}, {7}, {2, 5}, {3, 4}, {1}], [{8, 6}, {7}, {2, 5}, {4}, {1, 3}], [{8, 6}, {7}, {3, 5}, {1, 4}, {2}], [{8, 6}, {7}, {4, 5}, {1, 3}, {2}], [{8, 6}, {7}, {5}, {1, 4}, {2, 3}], [{8, 6}, {7}, {5}, {1, 4}, {3}, {2}], [{8, 6}, {7}, {5}, {2, 4}, {1, 3}], [{8, 6}, {7}, {5}, {3, 4}, {1, 2}], [{8, 6}, {7}, {5}, {3, 4}, {2}, {1}], [{8, 6}, {7}, {5}, {4}, {1, 3}, {2}], [{8, 7}, {1, 6}, {2, 5}, {3, 4}], [{8, 7}, {1, 6}, {3, 5}, {2, 4}], [{8, 7}, {1, 6}, {4, 5}, {2, 3}], [{8, 7}, {1, 6}, {5}, {3, 4}, {2}], [{8, 7}, {2, 6}, {1, 5}, {3, 4}], [{8, 7}, {2, 6}, {3, 5}, {1, 4}], [{8, 7}, {2, 6}, {4, 5}, {1, 3}], [{8, 7}, {2, 6}, {5}, {3, 4}, {1}], [{8, 7}, {3, 6}, {1, 5}, {2, 4}], [{8, 7}, {3, 6}, {1, 5}, {4}, {2}], [{8, 7}, {3, 6}, {2, 5}, {1, 4}], [{8, 7}, {3, 6}, {4, 5}, {1, 2}], [{8, 7}, {4, 6}, {1, 5}, {2, 3}], [{8, 7}, {4, 6}, {1, 5}, {3}, {2}], [{8, 7}, {4, 6}, {2, 5}, {1, 3}], [{8, 7}, {4, 6}, {3, 5}, {1, 2}], [{8, 7}, {5, 6}, {1, 4}, {2, 3}], [{8, 7}, {5, 6}, {1, 4}, {3}, {2}], [{8, 7}, {5, 6}, {2, 4}, {1, 3}], [{8, 7}, {5, 6}, {2, 4}, {3}, {1}], [{8, 7}, {5, 6}, {3, 4}, {1, 2}], [{8, 7}, {5, 6}, {3, 4}, {2}, {1}], [{8, 7}, {5, 6}, {4}, {1, 3}, {2}], [{8, 7}, {5, 6}, {4}, {2, 3}, {1}], [{8, 7}, {5, 6}, {4}, {3}, {1, 2}], [{8, 7}, {6}, {1, 5}, {3, 4}, {2}], [{8, 7}, {6}, {2, 5}, {3, 4}, {1}], [{8, 7}, {6}, {5}, {1, 4}, {2, 3}], [{8, 7}, {6}, {5}, {2, 4}, {1, 3}], [{8, 7}, {6}, {5}, {3, 4}, {1, 2}], [{8, 7}, {6}, {5}, {3, 4}, {2}, {1}], [{8}, {1, 7}, {6}, {2, 5}, {3, 4}], [{8}, {1, 7}, {6}, {3, 5}, {2, 4}], [{8}, {1, 7}, {6}, {4, 5}, {2, 3}], [{8}, {3, 7}, {4, 6}, {2, 5}, {1}], [{8}, {5, 7}, {6}, {1, 4}, {2, 3}], [{8}, {5, 7}, {6}, {2, 4}, {1, 3}], [{8}, {5, 7}, {6}, {3, 4}, {1, 2}], [{8}, {6, 7}, {1, 5}, {3, 4}, {2}], [{8}, {6, 7}, {2, 5}, {3, 4}, {1}], [{8}, {6, 7}, {5}, {1, 4}, {2, 3}], [{8}, {6, 7}, {5}, {2, 4}, {1, 3}], [{8}, {6, 7}, {5}, {3, 4}, {1, 2}], [{8}, {6, 7}, {5}, {3, 4}, {2}, {1}], [{8}, {7}, {1, 6}, {2, 5}, {3, 4}], [{8}, {7}, {2, 6}, {3, 5}, {1, 4}], [{8}, {7}, {2, 6}, {4, 5}, {1, 3}], [{8}, {7}, {5, 6}, {1, 4}, {2, 3}], [{8}, {7}, {5, 6}, {2, 4}, {1, 3}], [{8}, {7}, {5, 6}, {3, 4}, {1, 2}]]",2,4 K_1^3 - 6 K_1^2 - 8 K_1 K_2 + K_1 + 3 K_2 + 3 K_3 + 4,O1O2O3U4O5U3U2U6O7O8U7O4U1U5O6U8,O1O2O3U4O5U3U2U6O7U1O4O6U5O8U7U8,O1O2O3U4U5O4U6O7O8U3O5U7U2U1O6U8,c,{'O1O2O3U4O5U6U3O7U8O4O8U5U2U1O6U7'},1,"<a href=""/flatknot/8.1101752"">8.1101752</a>",t^9-36t^7-88t^6-11t^5+52t^4-13t^3+10t^2+28t-6,t^2-2t,,
8.1101753,O1O2O3U4O5U6U3O7U8O4O8U5U7U1O6U2,3,17z^2+84z+101,17w^3z^2+84w^2z+101w,False,False,"[[ 0  0  1  1 -1  0 -2  0  1],[ 0  0  0  0  0 -1 -1  0  1],[-1  0  0  1 -2  0 -2  0  0],[-1  0 -1  0 -1  0 -1  0  0],[ 1  0  2  1  0  1 -1  0  1],[ 0  1  0  0 -1  0 -1  1  0],[ 2  1  2  1  1  1  0  0  3],[ 0  0  0  0  0 -1  0  0  0],[-1 -1  0  0 -1  0 -3  0  0]]","[[ 0  1  1  1  0  0  0 -1 -2],[-1  0  1  0  0  0  0 -2 -2],[-1 -1  0  0  0  0  0 -1 -1],[-1  0  0  0  0  0 -1 -1 -3],[ 0  0  0  0  0  1  1 -1 -1],[ 0  0  0  0 -1  0  0  0  0],[ 0  0  0  1 -1  0  0  0 -1],[ 1  2  1  1  1  0  0  0 -1],[ 2  2  1  3  1  0  1  1  0]]",True,"[-1,-1,-1,0,0,0,1,2,-1,0,0,0,0,2,2,0,0,0,0,1,1,0,0,1,1,3,-1,-1,1,1,0,0,0,0,1,1]","[-2,-1,0,0,0,1,1,1,0,1,1,2,0,1,2,0,1,1,1,0,1,-1,-1,1,1,1,0,0,1,1,1,1,1,0,0,-1]",t^8+28t^6+113t^4+96t^2,"[-2,-1,0,0,0,1,1,1,0,1,1,2,0,1,2,0,1,1,1,0,1,-1,-1,1,1,1,0,0,1,1,1,1,1,0,0,-1]","[-1,-1,-1,0,0,0,1,2,-1,0,1,1,1,1,2,0,1,1,1,0,1,0,1,1,1,0,-1,0,1,1,1,0,1,1,2,0]","[-2,-1,0,0,0,1,1,1,1,0,1,1,1,2,3,0,0,1,1,2,1,0,-1,0,0,0,-1,0,0,1,0,0,0,-1,0,0]",c,"[[{8, 6}, {2, 7}, {4, 5}, {1, 3}], [{8, 6}, {2, 7}, {5}, {4}, {1, 3}], [{8, 6}, {3, 7}, {4, 5}, {1, 2}], [{8, 6}, {3, 7}, {5}, {4}, {1, 2}]]",1,8 K_1^3 - 26 K_1^2 - 12 K_1 K_2 + 13 K_2 + 4 K_3 + 14,O1O2O3U2O4U3U5U6O7O8U7O5U1U4O6U8,O1O2O3U4O5U3U5U6O7U1O4O6U2O8U7U8,O1O2O3U4U5O4U2O6O7U3O5U6U8U1O8U7,c,{'O1O2O3U4O5U6U3O7U8O4O8U5U7U1O6U2'},1,"<a href=""/flatknot/8.1101753"">8.1101753</a>",t^9-30t^7-36t^6+84t^5+106t^4-40t^3-62t^2-16t,t^2-2t,,
8.1101754,O1O2O3U4O5U6U5O7U1O4O8U2U3U7O6U8,4,4z^3+38z^2+111z+103,4w^4z^3+38w^3z^2+111w^2z+103w,False,False,"[[ 0 -1 -1  1 -1  1 -2  1  2],[ 1  0  0  1  1  0 -2  2  2],[ 1  0  0  1  1  0 -1  1  2],[-1 -1 -1  0 -1  0 -2  0  1],[ 1 -1 -1  1  0  1  0  1  2],[-1  0  0  0 -1  0 -1  0 -1],[ 2  2  1  2  0  1  0  1  1],[-1 -2 -1  0 -1  0 -1  0  1],[-2 -2 -2 -1 -2  1 -1 -1  0]]","[[ 0  2  1  1  1 -1 -1 -1 -2],[-2  0  1 -1 -1 -2 -2 -2 -1],[-1 -1  0  0  0  0  0 -1 -1],[-1  1  0  0  0 -1 -1 -1 -2],[-1  1  0  0  0 -1 -2 -1 -1],[ 1  2  0  1  1  0  0  1 -1],[ 1  2  0  1  2  0  0  1 -2],[ 1  2  1  1  1 -1 -1  0  0],[ 2  1  1  2  1  1  2  0  0]]",True,"[-2,-1,-1,-1,1,1,1,2,-1,1,1,2,2,2,1,0,0,0,0,1,1,0,1,1,1,2,1,2,1,1,0,-1,1,-1,2,0]","[-2,-1,-1,-1,1,1,1,2,-1,0,1,1,2,2,3,0,-1,1,0,2,1,-1,1,1,2,1,1,1,1,1,0,0,0,0,0,2]",t^8+39t^6+205t^4+123t^2+4,"[-2,-1,-1,-1,1,1,1,2,-1,0,1,1,2,2,3,0,-1,1,0,2,1,-1,1,1,2,1,1,1,1,1,0,0,0,0,0,2]","[-2,-1,-1,-1,1,1,1,2,0,0,2,1,1,1,3,0,0,0,1,1,2,0,1,1,1,1,2,1,2,2,1,0,-1,-1,1,0]","[-2,-1,-1,-1,1,1,1,2,0,1,2,1,1,2,1,-1,-1,1,1,1,2,0,0,1,1,2,0,2,1,2,0,0,-1,0,1,1]",c,"[[{8, 6}, {1, 7}, {4, 5}, {2, 3}]]",0,16 K_1^3 - 12 K_1^2 - 8 K_1 K_2 - 8 K_1 + 6 K_2 + 7,O1O2O3U4O5U6U1U2O4O7U3O6U8U5O8U7,O1O2O3U4O5U6U1U2O7U8O4O8U3O6U7U5,O1O2O3U4U5O6U1O7O8U7O5U2U3U6O4U8,c,{'O1O2O3U4O5U6U5O7U1O4O8U2U3U7O6U8'},1,"<a href=""/flatknot/8.1101754"">8.1101754</a>",t^9-39t^7-104t^6+11t^5+166t^4+5t^3-60t^2+10t-6,0,,
8.1101755,O1O2O3U4O5U6U5O7U1O4O8U2U7U3O6U8,4,18z^2+101z+131,18w^3z^2+101w^2z+131w,False,False,"[[ 0 -1 -1  2 -1  1 -2  0  2],[ 1  0  0  2  1  0 -2  1  2],[ 1  0  0  2  1  0 -1  0  2],[-2 -2 -2  0 -1  0 -2 -1  1],[ 1 -1 -1  1  0  1  0  0  2],[-1  0  0  0 -1  0 -1  0 -1],[ 2  2  1  2  0  1  0  0  1],[ 0 -1  0  1  0  0  0  0  1],[-2 -2 -2 -1 -2  1 -1 -1  0]]","[[ 0  2  2  1  0 -1 -1 -1 -2],[-2  0  1  0 -1 -1 -2 -2 -2],[-2 -1  0  1 -1 -2 -2 -2 -1],[-1  0 -1  0  0 -1  0  0 -1],[ 0  1  1  0  0  0  0 -1  0],[ 1  1  2  1  0  0 -1 -1  0],[ 1  2  2  0  0  1  0  0 -1],[ 1  2  2  0  1  1  0  0 -2],[ 2  2  1  1  0  0  1  2  0]]",True,"[-2,-2,-1,0,1,1,1,2,-1,0,1,1,2,2,2,-1,1,2,2,2,1,0,1,0,0,1,0,0,1,0,1,1,0,0,1,2]","[-2,-2,-1,0,1,1,1,2,-1,0,1,1,2,2,2,-1,1,2,2,2,1,0,1,0,0,1,0,0,1,0,1,1,0,0,1,2]",t^8+40t^6+210t^4+156t^2+4,"[-2,-1,-1,-1,0,1,2,2,-1,0,1,2,2,2,3,0,-1,0,2,1,1,-1,1,2,1,1,1,1,2,1,1,1,1,1,2,-1]","[-2,-2,-1,0,1,1,1,2,-1,2,1,1,1,1,3,1,1,1,1,2,2,1,2,2,1,2,0,1,1,2,0,1,-1,1,0,1]","[-2,-1,-1,-1,0,1,2,2,0,1,2,0,1,1,2,-1,-1,0,1,2,1,0,0,0,2,2,1,0,2,2,0,1,1,-1,0,-1]",c,"[[{8, 1}, {2, 7}, {3, 6}, {4, 5}], [{8, 1}, {2, 7}, {4, 6}, {3, 5}], [{8, 1}, {2, 7}, {4, 6}, {5}, {3}], [{8, 1}, {2, 7}, {5, 6}, {3, 4}], [{8, 1}, {3, 7}, {2, 6}, {4, 5}], [{8, 1}, {3, 7}, {2, 6}, {5}, {4}], [{8, 1}, {3, 7}, {4, 6}, {2, 5}], [{8, 1}, {3, 7}, {5, 6}, {2, 4}], [{8, 1}, {4, 7}, {2, 6}, {3, 5}], [{8, 1}, {4, 7}, {3, 6}, {2, 5}], [{8, 1}, {4, 7}, {5, 6}, {2, 3}], [{8, 1}, {4, 7}, {6}, {5}, {2, 3}], [{8, 1}, {5, 7}, {2, 6}, {3, 4}], [{8, 1}, {5, 7}, {3, 6}, {2, 4}], [{8, 1}, {5, 7}, {4, 6}, {2, 3}], [{8, 1}, {6, 7}, {2, 5}, {3, 4}], [{8, 1}, {6, 7}, {3, 5}, {2, 4}], [{8, 1}, {6, 7}, {3, 5}, {4}, {2}], [{8, 1}, {6, 7}, {4, 5}, {2, 3}], [{8, 1}, {6, 7}, {4, 5}, {3}, {2}], [{8, 1}, {6, 7}, {5}, {3, 4}, {2}], [{8, 1}, {7}, {3, 6}, {5}, {2, 4}], [{8, 1}, {7}, {5, 6}, {4}, {2, 3}], [{8, 1}, {7}, {6}, {2, 5}, {3, 4}], [{8, 2}, {1, 7}, {3, 6}, {4, 5}], [{8, 2}, {1, 7}, {3, 6}, {5}, {4}], [{8, 2}, {1, 7}, {4, 6}, {3, 5}], [{8, 2}, {1, 7}, {5, 6}, {3, 4}], [{8, 2}, {1, 7}, {6}, {4, 5}, {3}], [{8, 2}, {3, 7}, {1, 6}, {4, 5}], [{8, 2}, {3, 7}, {4, 6}, {1, 5}], [{8, 2}, {3, 7}, {5, 6}, {1, 4}], [{8, 2}, {4, 7}, {1, 6}, {3, 5}], [{8, 2}, {4, 7}, {1, 6}, {5}, {3}], [{8, 2}, {4, 7}, {3, 6}, {1, 5}], [{8, 2}, {4, 7}, {5, 6}, {1, 3}], [{8, 2}, {5, 7}, {1, 6}, {3, 4}], [{8, 2}, {5, 7}, {1, 6}, {4}, {3}], [{8, 2}, {5, 7}, {3, 6}, {1, 4}], [{8, 2}, {5, 7}, {4, 6}, {1, 3}], [{8, 2}, {6, 7}, {1, 5}, {3, 4}], [{8, 2}, {6, 7}, {3, 5}, {1, 4}], [{8, 2}, {6, 7}, {3, 5}, {4}, {1}], [{8, 2}, {6, 7}, {4, 5}, {1, 3}], [{8, 2}, {6, 7}, {4, 5}, {3}, {1}], [{8, 2}, {6, 7}, {5}, {3, 4}, {1}], [{8, 2}, {7}, {1, 6}, {4, 5}, {3}], [{8, 2}, {7}, {4, 6}, {1, 5}, {3}], [{8, 3}, {1, 7}, {2, 6}, {4, 5}], [{8, 3}, {1, 7}, {4, 6}, {2, 5}], [{8, 3}, {1, 7}, {5, 6}, {2, 4}], [{8, 3}, {1, 7}, {6}, {4, 5}, {2}], [{8, 3}, {2, 7}, {1, 6}, {4, 5}], [{8, 3}, {2, 7}, {4, 6}, {1, 5}], [{8, 3}, {2, 7}, {5, 6}, {1, 4}], [{8, 3}, {4, 7}, {1, 6}, {2, 5}], [{8, 3}, {4, 7}, {1, 6}, {5}, {2}], [{8, 3}, {4, 7}, {2, 6}, {1, 5}], [{8, 3}, {4, 7}, {5, 6}, {1, 2}], [{8, 3}, {5, 7}, {1, 6}, {2, 4}], [{8, 3}, {5, 7}, {1, 6}, {4}, {2}], [{8, 3}, {5, 7}, {2, 6}, {1, 4}], [{8, 3}, {5, 7}, {4, 6}, {1, 2}], [{8, 3}, {6, 7}, {1, 5}, {2, 4}], [{8, 3}, {6, 7}, {2, 5}, {1, 4}], [{8, 3}, {6, 7}, {4, 5}, {1, 2}], [{8, 3}, {6, 7}, {4, 5}, {2}, {1}], [{8, 3}, {7}, {1, 6}, {4, 5}, {2}], [{8, 3}, {7}, {4, 6}, {1, 5}, {2}], [{8, 4}, {1, 7}, {2, 6}, {3, 5}], [{8, 4}, {1, 7}, {3, 6}, {2, 5}], [{8, 4}, {1, 7}, {3, 6}, {5}, {2}], [{8, 4}, {1, 7}, {5, 6}, {2, 3}], [{8, 4}, {1, 7}, {6}, {2, 5}, {3}], [{8, 4}, {2, 7}, {1, 6}, {3, 5}], [{8, 4}, {2, 7}, {3, 6}, {1, 5}], [{8, 4}, {2, 7}, {5, 6}, {1, 3}], [{8, 4}, {3, 7}, {1, 6}, {2, 5}], [{8, 4}, {3, 7}, {2, 6}, {1, 5}], [{8, 4}, {3, 7}, {5, 6}, {1, 2}], [{8, 4}, {5, 7}, {1, 6}, {2, 3}], [{8, 4}, {5, 7}, {1, 6}, {3}, {2}], [{8, 4}, {5, 7}, {2, 6}, {1, 3}], [{8, 4}, {5, 7}, {3, 6}, {1, 2}], [{8, 4}, {6, 7}, {1, 5}, {2, 3}], [{8, 4}, {6, 7}, {2, 5}, {1, 3}], [{8, 4}, {6, 7}, {3, 5}, {1, 2}], [{8, 4}, {6, 7}, {3, 5}, {2}, {1}], [{8, 5}, {1, 7}, {2, 6}, {3, 4}], [{8, 5}, {1, 7}, {3, 6}, {2, 4}], [{8, 5}, {1, 7}, {3, 6}, {4}, {2}], [{8, 5}, {1, 7}, {4, 6}, {2, 3}], [{8, 5}, {1, 7}, {6}, {2, 4}, {3}], [{8, 5}, {2, 7}, {1, 6}, {3, 4}], [{8, 5}, {2, 7}, {3, 6}, {1, 4}], [{8, 5}, {2, 7}, {4, 6}, {1, 3}], [{8, 5}, {2, 7}, {4, 6}, {3}, {1}], [{8, 5}, {3, 7}, {1, 6}, {2, 4}], [{8, 5}, {3, 7}, {2, 6}, {1, 4}], [{8, 5}, {3, 7}, {4, 6}, {1, 2}], [{8, 5}, {4, 7}, {1, 6}, {2, 3}], [{8, 5}, {4, 7}, {1, 6}, {3}, {2}], [{8, 5}, {4, 7}, {2, 6}, {1, 3}], [{8, 5}, {4, 7}, {3, 6}, {1, 2}], [{8, 5}, {6, 7}, {1, 4}, {2, 3}], [{8, 5}, {6, 7}, {2, 4}, {1, 3}], [{8, 5}, {6, 7}, {3, 4}, {1, 2}], [{8, 5}, {6, 7}, {3, 4}, {2}, {1}], [{8, 6}, {1, 7}, {2, 5}, {3, 4}], [{8, 6}, {1, 7}, {3, 5}, {2, 4}], [{8, 6}, {1, 7}, {4, 5}, {2, 3}], [{8, 6}, {1, 7}, {4, 5}, {3}, {2}], [{8, 6}, {2, 7}, {1, 5}, {3, 4}], [{8, 6}, {2, 7}, {3, 5}, {1, 4}], [{8, 6}, {2, 7}, {4, 5}, {1, 3}], [{8, 6}, {2, 7}, {5}, {4}, {1, 3}], [{8, 6}, {3, 7}, {1, 5}, {2, 4}], [{8, 6}, {3, 7}, {2, 5}, {1, 4}], [{8, 6}, {3, 7}, {2, 5}, {4}, {1}], [{8, 6}, {3, 7}, {4, 5}, {1, 2}], [{8, 6}, {4, 7}, {1, 5}, {2, 3}], [{8, 6}, {4, 7}, {2, 5}, {1, 3}], [{8, 6}, {4, 7}, {3, 5}, {1, 2}], [{8, 6}, {4, 7}, {5}, {2, 3}, {1}], [{8, 6}, {5, 7}, {1, 4}, {2, 3}], [{8, 6}, {5, 7}, {2, 4}, {1, 3}], [{8, 6}, {5, 7}, {3, 4}, {1, 2}], [{8, 7}, {1, 6}, {2, 5}, {3, 4}], [{8, 7}, {1, 6}, {3, 5}, {2, 4}], [{8, 7}, {1, 6}, {4, 5}, {2, 3}], [{8, 7}, {1, 6}, {4, 5}, {3}, {2}], [{8, 7}, {2, 6}, {1, 5}, {3, 4}], [{8, 7}, {2, 6}, {3, 5}, {1, 4}], [{8, 7}, {2, 6}, {4, 5}, {1, 3}], [{8, 7}, {2, 6}, {5}, {1, 4}, {3}], [{8, 7}, {3, 6}, {1, 5}, {2, 4}], [{8, 7}, {3, 6}, {2, 5}, {1, 4}], [{8, 7}, {3, 6}, {4, 5}, {1, 2}], [{8, 7}, {3, 6}, {5}, {2, 4}, {1}], [{8, 7}, {4, 6}, {1, 5}, {2, 3}], [{8, 7}, {4, 6}, {1, 5}, {3}, {2}], [{8, 7}, {4, 6}, {2, 5}, {1, 3}], [{8, 7}, {4, 6}, {3, 5}, {1, 2}], [{8, 7}, {5, 6}, {1, 4}, {2, 3}], [{8, 7}, {5, 6}, {2, 4}, {1, 3}], [{8, 7}, {5, 6}, {3, 4}, {1, 2}], [{8, 7}, {6}, {1, 5}, {4}, {2, 3}], [{8, 7}, {6}, {2, 5}, {4}, {1, 3}], [{8}, {1, 7}, {2, 6}, {4, 5}, {3}], [{8}, {1, 7}, {3, 6}, {2, 5}, {4}], [{8}, {1, 7}, {3, 6}, {4, 5}, {2}], [{8}, {1, 7}, {3, 6}, {5}, {2, 4}], [{8}, {1, 7}, {3, 6}, {5}, {4}, {2}], [{8}, {1, 7}, {4, 6}, {3, 5}, {2}], [{8}, {1, 7}, {5, 6}, {3, 4}, {2}], [{8}, {1, 7}, {6}, {4, 5}, {2, 3}], [{8}, {1, 7}, {6}, {4, 5}, {3}, {2}], [{8}, {2, 7}, {1, 6}, {4, 5}, {3}], [{8}, {2, 7}, {4, 6}, {1, 5}, {3}], [{8}, {3, 7}, {1, 6}, {4, 5}, {2}], [{8}, {3, 7}, {4, 6}, {1, 5}, {2}], [{8}, {3, 7}, {5, 6}, {1, 4}, {2}], [{8}, {4, 7}, {1, 6}, {2, 5}, {3}], [{8}, {4, 7}, {1, 6}, {3, 5}, {2}], [{8}, {4, 7}, {1, 6}, {5}, {2, 3}], [{8}, {4, 7}, {1, 6}, {5}, {3}, {2}], [{8}, {4, 7}, {3, 6}, {1, 5}, {2}], [{8}, {4, 7}, {5, 6}, {1, 3}, {2}], [{8}, {5, 7}, {1, 6}, {2, 4}, {3}], [{8}, {5, 7}, {1, 6}, {3, 4}, {2}], [{8}, {5, 7}, {1, 6}, {4}, {2, 3}], [{8}, {5, 7}, {1, 6}, {4}, {3}, {2}], [{8}, {5, 7}, {3, 6}, {1, 4}, {2}], [{8}, {5, 7}, {4, 6}, {1, 3}, {2}], [{8}, {6, 7}, {1, 5}, {3, 4}, {2}], [{8}, {6, 7}, {2, 5}, {3, 4}, {1}], [{8}, {6, 7}, {3, 5}, {1, 4}, {2}], [{8}, {6, 7}, {3, 5}, {2, 4}, {1}], [{8}, {6, 7}, {3, 5}, {4}, {1, 2}], [{8}, {6, 7}, {3, 5}, {4}, {2}, {1}], [{8}, {6, 7}, {4, 5}, {1, 3}, {2}], [{8}, {6, 7}, {4, 5}, {2, 3}, {1}], [{8}, {6, 7}, {4, 5}, {3}, {1, 2}], [{8}, {6, 7}, {4, 5}, {3}, {2}, {1}], [{8}, {6, 7}, {5}, {3, 4}, {1, 2}], [{8}, {6, 7}, {5}, {3, 4}, {2}, {1}], [{8}, {7}, {1, 6}, {4, 5}, {2, 3}], [{8}, {7}, {1, 6}, {4, 5}, {3}, {2}], [{8}, {7}, {4, 6}, {1, 5}, {2, 3}], [{8}, {7}, {4, 6}, {1, 5}, {3}, {2}]]",2,- 14 K_1^2 - 8 K_1 K_2 + 4 K_1 + 7 K_2 + 4 K_3 + 8,O1O2O3U4O5U1U6U2O4O7U3O6U8U5O8U7,O1O2O3U4O5U6U1U3O7U8O4O8U2O6U7U5,O1O2O3U4U5O6U2O7O8U7O5U1U3U6O4U8,c,{'O1O2O3U4O5U6U5O7U1O4O8U2U7U3O6U8'},1,"<a href=""/flatknot/8.1101755"">8.1101755</a>",t^9-38t^7-104t^6+19t^5+250t^4+65t^3-206t^2-67t+48,-t^2+2t,,
8.1101756,O1O2O3U4O5U6U5O7U1O4O8U2U7U8O6U3,4,2z^3+32z^2+95z+79,2w^4z^3+32w^3z^2+95w^2z+79w,False,False,"[[ 0 -1 -1  2 -1  1 -2  0  2],[ 1  0  0  1  1  0 -1  1  2],[ 1  0  0  2  1  0 -1  0  2],[-2 -1 -2  0 -2  1 -2 -2  1],[ 1 -1 -1  2  0  1  0  0  1],[-1  0  0 -1 -1  0 -1  0  0],[ 2  1  1  2  0  1  0  1  1],[ 0 -1  0  2  0  0 -1  0  1],[-2 -2 -2 -1 -1  0 -1 -1  0]]","[[ 0  2  2  1  0 -1 -1 -1 -2],[-2  0  1  1 -2 -1 -2 -2 -2],[-2 -1  0  0 -1 -2 -1 -2 -1],[-1 -1  0  0  0  0 -1  0 -1],[ 0  2  1  0  0 -1  0  0 -1],[ 1  1  2  0  1  0  1  0 -1],[ 1  2  1  1  0 -1  0 -1  0],[ 1  2  2  0  0  0  1  0 -1],[ 2  2  1  1  1  1  0  1  0]]",True,"[-2,-2,-1,0,1,1,1,2,-1,-1,2,1,2,2,2,0,1,2,1,2,1,0,0,1,0,1,1,0,0,1,-1,0,1,1,0,1]","[-2,-2,-1,0,1,1,1,2,-1,-1,2,1,2,2,2,0,1,2,1,2,1,0,0,1,0,1,1,0,0,1,-1,0,1,1,0,1]",t^8+38t^6+195t^4+191t^2,"[-2,-1,-1,-1,0,1,2,2,0,0,1,1,2,2,3,0,-1,0,2,2,1,-1,1,2,1,1,1,1,1,2,1,0,1,2,1,-1]","[-2,-2,-1,0,1,1,1,2,-1,1,1,1,1,2,3,2,0,1,2,1,2,1,2,2,1,2,1,0,1,1,0,1,0,1,0,1]","[-2,-1,-1,-1,0,1,2,2,0,1,1,1,1,1,2,-1,-1,0,1,1,2,0,0,0,2,2,1,0,2,1,0,1,2,0,-1,-1]",c,"[[{8, 1}, {2, 7}, {3, 6}, {4, 5}], [{8, 1}, {2, 7}, {3, 6}, {5}, {4}], [{8, 1}, {2, 7}, {4, 6}, {3, 5}], [{8, 1}, {2, 7}, {5, 6}, {3, 4}], [{8, 1}, {3, 7}, {2, 6}, {4, 5}], [{8, 1}, {3, 7}, {4, 6}, {2, 5}], [{8, 1}, {3, 7}, {5, 6}, {2, 4}], [{8, 1}, {3, 7}, {6}, {2, 5}, {4}], [{8, 1}, {3, 7}, {6}, {4, 5}, {2}], [{8, 1}, {3, 7}, {6}, {5}, {2, 4}], [{8, 1}, {4, 7}, {2, 6}, {3, 5}], [{8, 1}, {4, 7}, {3, 6}, {2, 5}], [{8, 1}, {4, 7}, {5, 6}, {2, 3}], [{8, 1}, {5, 7}, {2, 6}, {3, 4}], [{8, 1}, {5, 7}, {3, 6}, {2, 4}], [{8, 1}, {5, 7}, {4, 6}, {2, 3}], [{8, 1}, {5, 7}, {6}, {3, 4}, {2}], [{8, 1}, {6, 7}, {2, 5}, {3, 4}], [{8, 1}, {6, 7}, {3, 5}, {2, 4}], [{8, 1}, {6, 7}, {4, 5}, {2, 3}], [{8, 1}, {6, 7}, {5}, {4}, {2, 3}], [{8, 2}, {1, 7}, {3, 6}, {4, 5}], [{8, 2}, {1, 7}, {4, 6}, {3, 5}], [{8, 2}, {1, 7}, {5, 6}, {3, 4}], [{8, 2}, {1, 7}, {6}, {4, 5}, {3}], [{8, 2}, {3, 7}, {1, 6}, {4, 5}], [{8, 2}, {3, 7}, {4, 6}, {1, 5}], [{8, 2}, {3, 7}, {5, 6}, {1, 4}], [{8, 2}, {3, 7}, {6}, {1, 5}, {4}], [{8, 2}, {3, 7}, {6}, {4, 5}, {1}], [{8, 2}, {3, 7}, {6}, {5}, {1, 4}], [{8, 2}, {4, 7}, {1, 6}, {3, 5}], [{8, 2}, {4, 7}, {3, 6}, {1, 5}], [{8, 2}, {4, 7}, {5, 6}, {1, 3}], [{8, 2}, {4, 7}, {6}, {5}, {1, 3}], [{8, 2}, {5, 7}, {1, 6}, {3, 4}], [{8, 2}, {5, 7}, {3, 6}, {1, 4}], [{8, 2}, {5, 7}, {4, 6}, {1, 3}], [{8, 2}, {5, 7}, {6}, {1, 4}, {3}], [{8, 2}, {5, 7}, {6}, {3, 4}, {1}], [{8, 2}, {5, 7}, {6}, {4}, {1, 3}], [{8, 2}, {6, 7}, {1, 5}, {3, 4}], [{8, 2}, {6, 7}, {3, 5}, {1, 4}], [{8, 2}, {6, 7}, {4, 5}, {1, 3}], [{8, 2}, {7}, {6}, {3, 5}, {1, 4}], [{8, 2}, {7}, {6}, {4, 5}, {1, 3}], [{8, 3}, {1, 7}, {2, 6}, {4, 5}], [{8, 3}, {1, 7}, {4, 6}, {2, 5}], [{8, 3}, {1, 7}, {5, 6}, {2, 4}], [{8, 3}, {1, 7}, {6}, {4, 5}, {2}], [{8, 3}, {2, 7}, {1, 6}, {4, 5}], [{8, 3}, {2, 7}, {4, 6}, {1, 5}], [{8, 3}, {2, 7}, {5, 6}, {1, 4}], [{8, 3}, {4, 7}, {1, 6}, {2, 5}], [{8, 3}, {4, 7}, {2, 6}, {1, 5}], [{8, 3}, {4, 7}, {5, 6}, {1, 2}], [{8, 3}, {4, 7}, {5, 6}, {2}, {1}], [{8, 3}, {5, 7}, {1, 6}, {2, 4}], [{8, 3}, {5, 7}, {2, 6}, {1, 4}], [{8, 3}, {5, 7}, {4, 6}, {1, 2}], [{8, 3}, {6, 7}, {1, 5}, {2, 4}], [{8, 3}, {6, 7}, {2, 5}, {1, 4}], [{8, 3}, {6, 7}, {4, 5}, {1, 2}], [{8, 3}, {6, 7}, {5}, {1, 4}, {2}], [{8, 3}, {7}, {1, 6}, {2, 5}, {4}], [{8, 4}, {1, 7}, {2, 6}, {3, 5}], [{8, 4}, {1, 7}, {3, 6}, {2, 5}], [{8, 4}, {1, 7}, {5, 6}, {2, 3}], [{8, 4}, {1, 7}, {5, 6}, {3}, {2}], [{8, 4}, {2, 7}, {1, 6}, {3, 5}], [{8, 4}, {2, 7}, {3, 6}, {1, 5}], [{8, 4}, {2, 7}, {5, 6}, {1, 3}], [{8, 4}, {3, 7}, {1, 6}, {2, 5}], [{8, 4}, {3, 7}, {2, 6}, {1, 5}], [{8, 4}, {3, 7}, {5, 6}, {1, 2}], [{8, 4}, {3, 7}, {5, 6}, {2}, {1}], [{8, 4}, {5, 7}, {1, 6}, {2, 3}], [{8, 4}, {5, 7}, {2, 6}, {1, 3}], [{8, 4}, {5, 7}, {3, 6}, {1, 2}], [{8, 4}, {6, 7}, {1, 5}, {2, 3}], [{8, 4}, {6, 7}, {2, 5}, {1, 3}], [{8, 4}, {6, 7}, {2, 5}, {3}, {1}], [{8, 4}, {6, 7}, {3, 5}, {1, 2}], [{8, 4}, {7}, {5, 6}, {1, 3}, {2}], [{8, 5}, {1, 7}, {2, 6}, {3, 4}], [{8, 5}, {1, 7}, {3, 6}, {2, 4}], [{8, 5}, {1, 7}, {4, 6}, {2, 3}], [{8, 5}, {1, 7}, {4, 6}, {3}, {2}], [{8, 5}, {2, 7}, {1, 6}, {3, 4}], [{8, 5}, {2, 7}, {3, 6}, {1, 4}], [{8, 5}, {2, 7}, {4, 6}, {1, 3}], [{8, 5}, {2, 7}, {6}, {3, 4}, {1}], [{8, 5}, {3, 7}, {1, 6}, {2, 4}], [{8, 5}, {3, 7}, {2, 6}, {1, 4}], [{8, 5}, {3, 7}, {4, 6}, {1, 2}], [{8, 5}, {3, 7}, {4, 6}, {2}, {1}], [{8, 5}, {4, 7}, {1, 6}, {2, 3}], [{8, 5}, {4, 7}, {2, 6}, {1, 3}], [{8, 5}, {4, 7}, {3, 6}, {1, 2}], [{8, 5}, {6, 7}, {1, 4}, {2, 3}], [{8, 5}, {6, 7}, {1, 4}, {3}, {2}], [{8, 5}, {6, 7}, {2, 4}, {1, 3}], [{8, 5}, {6, 7}, {3, 4}, {1, 2}], [{8, 5}, {7}, {1, 6}, {3, 4}, {2}], [{8, 5}, {7}, {4, 6}, {1, 3}, {2}], [{8, 5}, {7}, {6}, {1, 4}, {2, 3}], [{8, 6}, {1, 7}, {2, 5}, {3, 4}], [{8, 6}, {1, 7}, {2, 5}, {4}, {3}], [{8, 6}, {1, 7}, {3, 5}, {2, 4}], [{8, 6}, {1, 7}, {3, 5}, {4}, {2}], [{8, 6}, {1, 7}, {4, 5}, {2, 3}], [{8, 6}, {1, 7}, {4, 5}, {3}, {2}], [{8, 6}, {1, 7}, {5}, {2, 4}, {3}], [{8, 6}, {1, 7}, {5}, {3, 4}, {2}], [{8, 6}, {1, 7}, {5}, {4}, {2, 3}], [{8, 6}, {1, 7}, {5}, {4}, {3}, {2}], [{8, 6}, {2, 7}, {1, 5}, {3, 4}], [{8, 6}, {2, 7}, {3, 5}, {1, 4}], [{8, 6}, {2, 7}, {4, 5}, {1, 3}], [{8, 6}, {2, 7}, {4, 5}, {3}, {1}], [{8, 6}, {2, 7}, {5}, {4}, {1, 3}], [{8, 6}, {3, 7}, {1, 5}, {2, 4}], [{8, 6}, {3, 7}, {1, 5}, {4}, {2}], [{8, 6}, {3, 7}, {2, 5}, {1, 4}], [{8, 6}, {3, 7}, {2, 5}, {4}, {1}], [{8, 6}, {3, 7}, {4, 5}, {1, 2}], [{8, 6}, {3, 7}, {4, 5}, {2}, {1}], [{8, 6}, {3, 7}, {5}, {1, 4}, {2}], [{8, 6}, {3, 7}, {5}, {2, 4}, {1}], [{8, 6}, {3, 7}, {5}, {4}, {1, 2}], [{8, 6}, {3, 7}, {5}, {4}, {2}, {1}], [{8, 6}, {4, 7}, {1, 5}, {2, 3}], [{8, 6}, {4, 7}, {2, 5}, {1, 3}], [{8, 6}, {4, 7}, {2, 5}, {3}, {1}], [{8, 6}, {4, 7}, {3, 5}, {1, 2}], [{8, 6}, {4, 7}, {5}, {1, 3}, {2}], [{8, 6}, {5, 7}, {1, 4}, {2, 3}], [{8, 6}, {5, 7}, {2, 4}, {1, 3}], [{8, 6}, {5, 7}, {3, 4}, {1, 2}], [{8, 6}, {5, 7}, {4}, {1, 3}, {2}], [{8, 6}, {7}, {2, 5}, {1, 4}, {3}], [{8, 6}, {7}, {2, 5}, {3, 4}, {1}], [{8, 6}, {7}, {2, 5}, {4}, {1, 3}], [{8, 6}, {7}, {4, 5}, {1, 3}, {2}], [{8, 6}, {7}, {4, 5}, {2, 3}, {1}], [{8, 6}, {7}, {4, 5}, {3}, {1, 2}], [{8, 6}, {7}, {5}, {2, 4}, {1, 3}], [{8, 6}, {7}, {5}, {4}, {1, 3}, {2}], [{8, 7}, {1, 6}, {2, 5}, {3, 4}], [{8, 7}, {1, 6}, {2, 5}, {4}, {3}], [{8, 7}, {1, 6}, {3, 5}, {2, 4}], [{8, 7}, {1, 6}, {4, 5}, {2, 3}], [{8, 7}, {2, 6}, {1, 5}, {3, 4}], [{8, 7}, {2, 6}, {3, 5}, {1, 4}], [{8, 7}, {2, 6}, {4, 5}, {1, 3}], [{8, 7}, {3, 6}, {1, 5}, {2, 4}], [{8, 7}, {3, 6}, {2, 5}, {1, 4}], [{8, 7}, {3, 6}, {2, 5}, {4}, {1}], [{8, 7}, {3, 6}, {4, 5}, {1, 2}], [{8, 7}, {4, 6}, {1, 5}, {2, 3}], [{8, 7}, {4, 6}, {2, 5}, {1, 3}], [{8, 7}, {4, 6}, {3, 5}, {1, 2}], [{8, 7}, {5, 6}, {1, 4}, {2, 3}], [{8, 7}, {5, 6}, {2, 4}, {1, 3}], [{8, 7}, {5, 6}, {3, 4}, {1, 2}], [{8, 7}, {5, 6}, {3, 4}, {2}, {1}], [{8, 7}, {5, 6}, {4}, {3}, {1, 2}], [{8, 7}, {6}, {2, 5}, {4}, {1, 3}], [{8, 7}, {6}, {4, 5}, {1, 3}, {2}], [{8, 7}, {6}, {5}, {2, 4}, {1, 3}], [{8}, {1, 7}, {2, 6}, {4, 5}, {3}], [{8}, {1, 7}, {3, 6}, {4, 5}, {2}], [{8}, {1, 7}, {6}, {4, 5}, {2, 3}], [{8}, {1, 7}, {6}, {4, 5}, {3}, {2}], [{8}, {2, 7}, {6}, {4, 5}, {1, 3}], [{8}, {3, 7}, {1, 6}, {2, 5}, {4}], [{8}, {3, 7}, {1, 6}, {4, 5}, {2}], [{8}, {3, 7}, {1, 6}, {5}, {2, 4}], [{8}, {3, 7}, {2, 6}, {1, 5}, {4}], [{8}, {3, 7}, {2, 6}, {4, 5}, {1}], [{8}, {3, 7}, {2, 6}, {5}, {1, 4}], [{8}, {3, 7}, {6}, {4, 5}, {1, 2}], [{8}, {3, 7}, {6}, {4, 5}, {2}, {1}], [{8}, {4, 7}, {2, 6}, {5}, {1, 3}], [{8}, {4, 7}, {3, 6}, {1, 5}, {2}], [{8}, {5, 7}, {2, 6}, {4}, {1, 3}], [{8}, {5, 7}, {3, 6}, {1, 4}, {2}], [{8}, {5, 7}, {6}, {3, 4}, {1, 2}], [{8}, {6, 7}, {1, 5}, {3, 4}, {2}], [{8}, {6, 7}, {2, 5}, {4}, {1, 3}], [{8}, {6, 7}, {3, 5}, {1, 4}, {2}], [{8}, {6, 7}, {4, 5}, {1, 3}, {2}], [{8}, {6, 7}, {5}, {2, 4}, {1, 3}], [{8}, {7}, {2, 6}, {4, 5}, {1, 3}], [{8}, {7}, {6}, {4, 5}, {1, 3}, {2}]]",2,12 K_1^3 - 6 K_1^2 - 8 K_1 K_2 - 5 K_1 + 3 K_2 + K_3 + 4,O1O2O3U1O4U5U6U2O5O7U3O6U8U4O8U7,O1O2O3U4O5U6U1U5O7U8O4O8U2O6U7U3,O1O2O3U1U4O5U2O6O7U6O4U8U3U5O8U7,c,{'O1O2O3U4O5U6U5O7U1O4O8U2U7U8O6U3'},1,"<a href=""/flatknot/8.1101756"">8.1101756</a>",t^9-36t^7-92t^6+40t^5+210t^4-70t^3-136t^2+74t-4,-t^2+2t,,
8.1101757,O1O2O3U4O5U6U5O7U1O4O8U2U8U7O6U3,4,12z^2+81z+115,12w^3z^2+81w^2z+115w,False,False,"[[ 0 -1 -1  2 -1  1 -2  1  1],[ 1  0  0  1  1  0 -1  1  1],[ 1  0  0  2  1  0 -1  1  1],[-2 -1 -2  0 -2  1 -2 -1  0],[ 1 -1 -1  2  0  1  0  1  1],[-1  0  0 -1 -1  0 -1  0  0],[ 2  1  1  2  0  1  0  1  1],[-1 -1 -1  1 -1  0 -1  0  0],[-1 -1 -1  0 -1  0 -1  0  0]]","[[ 0  2  1  1  1 -1 -1 -1 -2],[-2  0  1  0 -1 -1 -2 -2 -2],[-1 -1  0  0  0  0  0 -1 -1],[-1  0  0  0  0 -1 -1 -1 -1],[-1  1  0  0  0 -1 -1 -1 -1],[ 1  1  0  1  1  0  0  1 -1],[ 1  2  0  1  1  0  0  1 -1],[ 1  2  1  1  1 -1 -1  0  0],[ 2  2  1  1  1  1  1  0  0]]",True,"[-2,-1,-1,-1,1,1,1,2,-1,0,1,1,2,2,2,0,0,0,0,1,1,0,1,1,1,1,1,1,1,1,0,-1,1,-1,1,0]","[-2,-1,-1,-1,1,1,1,2,-1,0,1,1,2,2,2,0,0,0,0,1,1,0,1,1,1,1,1,1,1,1,0,-1,1,-1,1,0]",t^8+29t^6+108t^4+68t^2,"[-2,-1,-1,-1,1,1,1,2,0,0,1,2,2,2,2,0,-1,1,1,2,1,-1,1,1,2,2,1,1,1,1,0,0,0,0,1,2]","[-2,-1,-1,-1,1,1,1,2,0,1,2,1,1,2,2,0,0,1,1,1,2,0,1,1,1,2,1,2,2,2,-1,-1,1,0,0,0]","[-2,-1,-1,-1,1,1,1,2,0,1,1,1,1,1,2,-1,-1,1,1,1,2,0,0,1,1,1,0,1,1,2,0,0,-1,0,0,1]",c,"[[{8, 2}, {1, 7}, {3, 6}, {4, 5}]]",0,- 8 K_1^2 + 4 K_2 + 5,O1O2O3U1O4U5U6U2O6O7U3O5U8U4O8U7,O1O2O3U4O5U6U1U5O7U8O4O8U3O6U7U2,O1O2O3U2U4O5U1O6O7U6O4U8U3U5O8U7,c,{'O1O2O3U4O5U6U5O7U1O4O8U2U8U7O6U3'},1,"<a href=""/flatknot/8.1101757"">8.1101757</a>",t^9-29t^7-66t^6+62t^4-6t^3-22t^2+4t,0,,
8.1101758,O1O2O3U4O5U6U5O7U1O4O8U3U2U7O6U8,3,13z^2+56z+61,4w^5z^2-20w^4z^2+29w^3z^2-28w^3z+84w^2z+61w,False,False,"[[ 0 -1  0  0 -1  1 -2  1  2],[ 1  0  1  0  1  0 -2  2  2],[ 0 -1  0  0  0  0 -2  1  2],[ 0  0  0  0  0  0 -1  0  1],[ 1 -1  0  0  0  1  0  1  2],[-1  0  0  0 -1  0 -1  0 -1],[ 2  2  2  1  0  1  0  1  1],[-1 -2 -1  0 -1  0 -1  0  1],[-2 -2 -2 -1 -2  1 -1 -1  0]]","[[ 0  2  1  1  0  0 -1 -1 -2],[-2  0  1 -1 -1 -2 -2 -2 -1],[-1 -1  0  0  0  0  0 -1 -1],[-1  1  0  0  0 -1 -2 -1 -1],[ 0  1  0  0  0  0  0  0 -1],[ 0  2  0  1  0  0 -1  0 -2],[ 1  2  0  2  0  1  0  1 -2],[ 1  2  1  1  0  0 -1  0  0],[ 2  1  1  1  1  2  2  0  0]]",True,"[-2,-1,-1,0,0,1,1,2,-1,1,1,2,2,2,1,0,0,0,0,1,1,0,1,2,1,1,0,0,0,1,1,0,2,-1,2,0]","[-2,-1,-1,0,0,1,1,2,-1,1,0,1,2,2,3,-1,0,1,0,2,1,1,1,1,1,1,0,0,1,0,1,1,1,0,0,2]",t^8+36t^6+171t^4+112t^2,"[-2,-1,-1,0,0,1,1,2,-1,1,0,1,2,2,3,-1,0,1,0,2,1,1,1,1,1,1,0,0,1,0,1,1,1,0,0,2]","[-2,-1,-1,0,0,1,1,2,0,2,0,1,1,1,3,0,0,1,0,1,2,1,1,2,1,2,0,0,1,0,1,1,1,1,-1,1]","[-2,-1,-1,0,0,1,1,2,0,2,1,2,1,1,1,-1,0,0,1,1,2,0,1,0,2,2,0,0,0,1,0,1,2,0,-1,1]",c,"[[{8, 6}, {1, 7}, {4, 5}, {2, 3}], [{8, 6}, {1, 7}, {4, 5}, {3}, {2}]]",0,4 K_1^3 - 8 K_1^2 - 8 K_1 K_2 + K_1 + 4 K_2 + 3 K_3 + 5,O1O2O3U4O5U6U2U1O4O7U3O6U8U5O8U7,O1O2O3U4O5U6U2U1O7U8O4O8U3O6U7U5,O1O2O3U4U5O6U1O7O8U7O5U3U2U6O4U8,c,{'O1O2O3U4O5U6U5O7U1O4O8U3U2U7O6U8'},1,"<a href=""/flatknot/8.1101758"">8.1101758</a>",t^9-36t^7-88t^6+31t^5+134t^4-128t^3-118t^2+84t+16,0,,
8.1101759,O1O2O3U4O5U6U5O7U1O4O8U3U7U2O6U8,3,13z^2+82z+113,13w^3z^2+82w^2z+113w,False,False,"[[ 0 -1  1  0 -1  1 -2  0  2],[ 1  0  2  0  1  0 -2  1  2],[-1 -2  0 -1  0  0 -2  0  2],[ 0  0  1  0  0  0 -1  0  1],[ 1 -1  0  0  0  1  0  0  2],[-1  0  0  0 -1  0 -1  0 -1],[ 2  2  2  1  0  1  0  0  1],[ 0 -1  0  0  0  0  0  0  1],[-2 -2 -2 -1 -2  1 -1 -1  0]]","[[ 0  2  1  1  0  0 -1 -1 -2],[-2  0  1 -2 -1 -1 -2 -2 -1],[-1 -1  0  0  0  0  0 -1 -1],[-1  2  0  0  0 -1 -2  0 -2],[ 0  1  0  0  0  0 -1  0  0],[ 0  1  0  1  0  0  0  0 -1],[ 1  2  0  2  1  0  0  1 -2],[ 1  2  1  0  0  0 -1  0  0],[ 2  1  1  2  0  1  2  0  0]]",True,"[-2,-1,-1,0,0,1,1,2,-1,2,1,1,2,2,1,0,0,0,0,1,1,0,1,2,0,2,0,1,0,0,0,0,1,-1,2,0]","[-2,-1,-1,0,0,1,1,2,-1,1,1,2,1,2,3,-1,1,0,0,2,1,1,1,2,1,1,0,0,1,1,1,1,1,0,-1,2]",t^8+34t^6+165t^4+47t^2,"[-2,-1,-1,0,0,1,1,2,-1,1,1,2,1,2,3,-1,1,0,0,2,1,1,1,2,1,1,0,0,1,1,1,1,1,0,-1,2]","[-2,-1,-1,0,0,1,1,2,-1,2,1,1,1,1,3,0,0,1,0,2,1,1,1,2,1,2,0,1,1,1,0,1,2,1,-1,1]","[-2,-1,-1,0,0,1,1,2,0,2,0,1,1,2,1,-1,0,0,1,0,2,1,0,0,2,2,0,0,0,1,0,1,1,0,-1,2]",c,"[[{8, 1}, {2, 7}, {3, 6}, {4, 5}], [{8, 1}, {2, 7}, {3, 6}, {5}, {4}], [{8, 1}, {2, 7}, {4, 6}, {3, 5}], [{8, 1}, {2, 7}, {4, 6}, {5}, {3}], [{8, 1}, {2, 7}, {5, 6}, {3, 4}], [{8, 1}, {2, 7}, {5, 6}, {4}, {3}], [{8, 1}, {2, 7}, {6}, {3, 5}, {4}], [{8, 1}, {2, 7}, {6}, {4, 5}, {3}], [{8, 1}, {2, 7}, {6}, {5}, {3, 4}], [{8, 1}, {2, 7}, {6}, {5}, {4}, {3}], [{8, 1}, {3, 7}, {2, 6}, {4, 5}], [{8, 1}, {3, 7}, {2, 6}, {5}, {4}], [{8, 1}, {3, 7}, {4, 6}, {2, 5}], [{8, 1}, {3, 7}, {4, 6}, {5}, {2}], [{8, 1}, {3, 7}, {5, 6}, {2, 4}], [{8, 1}, {3, 7}, {5, 6}, {4}, {2}], [{8, 1}, {3, 7}, {6}, {2, 5}, {4}], [{8, 1}, {3, 7}, {6}, {4, 5}, {2}], [{8, 1}, {3, 7}, {6}, {5}, {2, 4}], [{8, 1}, {3, 7}, {6}, {5}, {4}, {2}], [{8, 1}, {4, 7}, {2, 6}, {3, 5}], [{8, 1}, {4, 7}, {2, 6}, {5}, {3}], [{8, 1}, {4, 7}, {3, 6}, {2, 5}], [{8, 1}, {4, 7}, {3, 6}, {5}, {2}], [{8, 1}, {4, 7}, {5, 6}, {2, 3}], [{8, 1}, {4, 7}, {5, 6}, {3}, {2}], [{8, 1}, {4, 7}, {6}, {2, 5}, {3}], [{8, 1}, {4, 7}, {6}, {3, 5}, {2}], [{8, 1}, {4, 7}, {6}, {5}, {2, 3}], [{8, 1}, {4, 7}, {6}, {5}, {3}, {2}], [{8, 1}, {5, 7}, {2, 6}, {3, 4}], [{8, 1}, {5, 7}, {2, 6}, {4}, {3}], [{8, 1}, {5, 7}, {3, 6}, {2, 4}], [{8, 1}, {5, 7}, {3, 6}, {4}, {2}], [{8, 1}, {5, 7}, {4, 6}, {2, 3}], [{8, 1}, {5, 7}, {4, 6}, {3}, {2}], [{8, 1}, {5, 7}, {6}, {2, 4}, {3}], [{8, 1}, {5, 7}, {6}, {3, 4}, {2}], [{8, 1}, {5, 7}, {6}, {4}, {2, 3}], [{8, 1}, {5, 7}, {6}, {4}, {3}, {2}], [{8, 1}, {6, 7}, {2, 5}, {3, 4}], [{8, 1}, {6, 7}, {2, 5}, {4}, {3}], [{8, 1}, {6, 7}, {3, 5}, {2, 4}], [{8, 1}, {6, 7}, {3, 5}, {4}, {2}], [{8, 1}, {6, 7}, {4, 5}, {2, 3}], [{8, 1}, {6, 7}, {4, 5}, {3}, {2}], [{8, 1}, {6, 7}, {5}, {2, 4}, {3}], [{8, 1}, {6, 7}, {5}, {3, 4}, {2}], [{8, 1}, {6, 7}, {5}, {4}, {2, 3}], [{8, 1}, {6, 7}, {5}, {4}, {3}, {2}], [{8, 1}, {7}, {2, 6}, {3, 5}, {4}], [{8, 1}, {7}, {2, 6}, {4, 5}, {3}], [{8, 1}, {7}, {2, 6}, {5}, {3, 4}], [{8, 1}, {7}, {2, 6}, {5}, {4}, {3}], [{8, 1}, {7}, {3, 6}, {2, 5}, {4}], [{8, 1}, {7}, {3, 6}, {4, 5}, {2}], [{8, 1}, {7}, {3, 6}, {5}, {2, 4}], [{8, 1}, {7}, {3, 6}, {5}, {4}, {2}], [{8, 1}, {7}, {4, 6}, {2, 5}, {3}], [{8, 1}, {7}, {4, 6}, {3, 5}, {2}], [{8, 1}, {7}, {4, 6}, {5}, {2, 3}], [{8, 1}, {7}, {4, 6}, {5}, {3}, {2}], [{8, 1}, {7}, {5, 6}, {2, 4}, {3}], [{8, 1}, {7}, {5, 6}, {3, 4}, {2}], [{8, 1}, {7}, {5, 6}, {4}, {2, 3}], [{8, 1}, {7}, {5, 6}, {4}, {3}, {2}], [{8, 1}, {7}, {6}, {2, 5}, {3, 4}], [{8, 1}, {7}, {6}, {2, 5}, {4}, {3}], [{8, 1}, {7}, {6}, {3, 5}, {2, 4}], [{8, 1}, {7}, {6}, {3, 5}, {4}, {2}], [{8, 1}, {7}, {6}, {4, 5}, {2, 3}], [{8, 1}, {7}, {6}, {4, 5}, {3}, {2}], [{8, 1}, {7}, {6}, {5}, {2, 4}, {3}], [{8, 1}, {7}, {6}, {5}, {3, 4}, {2}], [{8, 1}, {7}, {6}, {5}, {4}, {2, 3}], [{8, 1}, {7}, {6}, {5}, {4}, {3}, {2}], [{8, 2}, {1, 7}, {3, 6}, {4, 5}], [{8, 2}, {1, 7}, {4, 6}, {3, 5}], [{8, 2}, {1, 7}, {5, 6}, {3, 4}], [{8, 2}, {1, 7}, {6}, {3, 5}, {4}], [{8, 2}, {1, 7}, {6}, {4, 5}, {3}], [{8, 2}, {1, 7}, {6}, {5}, {3, 4}], [{8, 2}, {3, 7}, {1, 6}, {4, 5}], [{8, 2}, {3, 7}, {4, 6}, {1, 5}], [{8, 2}, {3, 7}, {5, 6}, {1, 4}], [{8, 2}, {4, 7}, {1, 6}, {3, 5}], [{8, 2}, {4, 7}, {3, 6}, {1, 5}], [{8, 2}, {4, 7}, {3, 6}, {5}, {1}], [{8, 2}, {4, 7}, {5, 6}, {1, 3}], [{8, 2}, {5, 7}, {1, 6}, {3, 4}], [{8, 2}, {5, 7}, {3, 6}, {1, 4}], [{8, 2}, {5, 7}, {4, 6}, {1, 3}], [{8, 2}, {5, 7}, {6}, {1, 4}, {3}], [{8, 2}, {6, 7}, {1, 5}, {3, 4}], [{8, 2}, {6, 7}, {3, 5}, {1, 4}], [{8, 2}, {6, 7}, {3, 5}, {4}, {1}], [{8, 2}, {6, 7}, {4, 5}, {1, 3}], [{8, 2}, {6, 7}, {4, 5}, {3}, {1}], [{8, 2}, {6, 7}, {5}, {3, 4}, {1}], [{8, 2}, {7}, {1, 6}, {3, 5}, {4}], [{8, 2}, {7}, {1, 6}, {4, 5}, {3}], [{8, 2}, {7}, {1, 6}, {5}, {3, 4}], [{8, 2}, {7}, {4, 6}, {5}, {1, 3}], [{8, 3}, {1, 7}, {2, 6}, {4, 5}], [{8, 3}, {1, 7}, {4, 6}, {2, 5}], [{8, 3}, {1, 7}, {4, 6}, {5}, {2}], [{8, 3}, {1, 7}, {5, 6}, {2, 4}], [{8, 3}, {1, 7}, {5, 6}, {4}, {2}], [{8, 3}, {1, 7}, {6}, {4, 5}, {2}], [{8, 3}, {2, 7}, {1, 6}, {4, 5}], [{8, 3}, {2, 7}, {4, 6}, {1, 5}], [{8, 3}, {2, 7}, {4, 6}, {5}, {1}], [{8, 3}, {2, 7}, {5, 6}, {1, 4}], [{8, 3}, {4, 7}, {1, 6}, {2, 5}], [{8, 3}, {4, 7}, {2, 6}, {1, 5}], [{8, 3}, {4, 7}, {2, 6}, {5}, {1}], [{8, 3}, {4, 7}, {5, 6}, {1, 2}], [{8, 3}, {5, 7}, {1, 6}, {2, 4}], [{8, 3}, {5, 7}, {1, 6}, {4}, {2}], [{8, 3}, {5, 7}, {2, 6}, {1, 4}], [{8, 3}, {5, 7}, {4, 6}, {1, 2}], [{8, 3}, {5, 7}, {4, 6}, {2}, {1}], [{8, 3}, {5, 7}, {6}, {1, 4}, {2}], [{8, 3}, {6, 7}, {1, 5}, {2, 4}], [{8, 3}, {6, 7}, {2, 5}, {1, 4}], [{8, 3}, {6, 7}, {4, 5}, {1, 2}], [{8, 3}, {6, 7}, {5}, {2, 4}, {1}], [{8, 3}, {7}, {4, 6}, {1, 5}, {2}], [{8, 3}, {7}, {4, 6}, {2, 5}, {1}], [{8, 3}, {7}, {4, 6}, {5}, {1, 2}], [{8, 3}, {7}, {4, 6}, {5}, {2}, {1}], [{8, 4}, {1, 7}, {2, 6}, {3, 5}], [{8, 4}, {1, 7}, {3, 6}, {2, 5}], [{8, 4}, {1, 7}, {5, 6}, {2, 3}], [{8, 4}, {2, 7}, {1, 6}, {3, 5}], [{8, 4}, {2, 7}, {3, 6}, {1, 5}], [{8, 4}, {2, 7}, {5, 6}, {1, 3}], [{8, 4}, {2, 7}, {5, 6}, {3}, {1}], [{8, 4}, {3, 7}, {1, 6}, {2, 5}], [{8, 4}, {3, 7}, {2, 6}, {1, 5}], [{8, 4}, {3, 7}, {5, 6}, {1, 2}], [{8, 4}, {5, 7}, {1, 6}, {2, 3}], [{8, 4}, {5, 7}, {1, 6}, {3}, {2}], [{8, 4}, {5, 7}, {2, 6}, {1, 3}], [{8, 4}, {5, 7}, {2, 6}, {3}, {1}], [{8, 4}, {5, 7}, {3, 6}, {1, 2}], [{8, 4}, {5, 7}, {3, 6}, {2}, {1}], [{8, 4}, {5, 7}, {6}, {1, 3}, {2}], [{8, 4}, {5, 7}, {6}, {2, 3}, {1}], [{8, 4}, {5, 7}, {6}, {3}, {1, 2}], [{8, 4}, {5, 7}, {6}, {3}, {2}, {1}], [{8, 4}, {6, 7}, {1, 5}, {2, 3}], [{8, 4}, {6, 7}, {2, 5}, {1, 3}], [{8, 4}, {6, 7}, {2, 5}, {3}, {1}], [{8, 4}, {6, 7}, {3, 5}, {1, 2}], [{8, 5}, {1, 7}, {2, 6}, {3, 4}], [{8, 5}, {1, 7}, {3, 6}, {2, 4}], [{8, 5}, {1, 7}, {4, 6}, {2, 3}], [{8, 5}, {2, 7}, {1, 6}, {3, 4}], [{8, 5}, {2, 7}, {3, 6}, {1, 4}], [{8, 5}, {2, 7}, {4, 6}, {1, 3}], [{8, 5}, {3, 7}, {1, 6}, {2, 4}], [{8, 5}, {3, 7}, {2, 6}, {1, 4}], [{8, 5}, {3, 7}, {4, 6}, {1, 2}], [{8, 5}, {4, 7}, {1, 6}, {2, 3}], [{8, 5}, {4, 7}, {2, 6}, {1, 3}], [{8, 5}, {4, 7}, {3, 6}, {1, 2}], [{8, 5}, {6, 7}, {1, 4}, {2, 3}], [{8, 5}, {6, 7}, {2, 4}, {1, 3}], [{8, 5}, {6, 7}, {3, 4}, {1, 2}], [{8, 5}, {7}, {1, 6}, {2, 4}, {3}], [{8, 5}, {7}, {1, 6}, {3, 4}, {2}], [{8, 5}, {7}, {1, 6}, {4}, {2, 3}], [{8, 5}, {7}, {4, 6}, {1, 3}, {2}], [{8, 6}, {1, 7}, {2, 5}, {3, 4}], [{8, 6}, {1, 7}, {3, 5}, {2, 4}], [{8, 6}, {1, 7}, {3, 5}, {4}, {2}], [{8, 6}, {1, 7}, {4, 5}, {2, 3}], [{8, 6}, {1, 7}, {4, 5}, {3}, {2}], [{8, 6}, {1, 7}, {5}, {3, 4}, {2}], [{8, 6}, {2, 7}, {1, 5}, {3, 4}], [{8, 6}, {2, 7}, {3, 5}, {1, 4}], [{8, 6}, {2, 7}, {3, 5}, {4}, {1}], [{8, 6}, {2, 7}, {4, 5}, {1, 3}], [{8, 6}, {2, 7}, {4, 5}, {3}, {1}], [{8, 6}, {2, 7}, {5}, {3, 4}, {1}], [{8, 6}, {3, 7}, {1, 5}, {2, 4}], [{8, 6}, {3, 7}, {2, 5}, {1, 4}], [{8, 6}, {3, 7}, {4, 5}, {1, 2}], [{8, 6}, {4, 7}, {1, 5}, {2, 3}], [{8, 6}, {4, 7}, {2, 5}, {1, 3}], [{8, 6}, {4, 7}, {3, 5}, {1, 2}], [{8, 6}, {5, 7}, {1, 4}, {2, 3}], [{8, 6}, {5, 7}, {1, 4}, {3}, {2}], [{8, 6}, {5, 7}, {2, 4}, {1, 3}], [{8, 6}, {5, 7}, {3, 4}, {1, 2}], [{8, 6}, {5, 7}, {3, 4}, {2}, {1}], [{8, 6}, {5, 7}, {4}, {1, 3}, {2}], [{8, 6}, {7}, {1, 5}, {2, 4}, {3}], [{8, 6}, {7}, {1, 5}, {3, 4}, {2}], [{8, 6}, {7}, {1, 5}, {4}, {2, 3}], [{8, 6}, {7}, {2, 5}, {3, 4}, {1}], [{8, 6}, {7}, {3, 5}, {4}, {1, 2}], [{8, 6}, {7}, {4, 5}, {3}, {1, 2}], [{8, 6}, {7}, {5}, {3, 4}, {1, 2}], [{8, 6}, {7}, {5}, {3, 4}, {2}, {1}], [{8, 7}, {1, 6}, {2, 5}, {3, 4}], [{8, 7}, {1, 6}, {3, 5}, {2, 4}], [{8, 7}, {1, 6}, {3, 5}, {4}, {2}], [{8, 7}, {1, 6}, {4, 5}, {2, 3}], [{8, 7}, {1, 6}, {4, 5}, {3}, {2}], [{8, 7}, {1, 6}, {5}, {3, 4}, {2}], [{8, 7}, {2, 6}, {1, 5}, {3, 4}], [{8, 7}, {2, 6}, {3, 5}, {1, 4}], [{8, 7}, {2, 6}, {3, 5}, {4}, {1}], [{8, 7}, {2, 6}, {4, 5}, {1, 3}], [{8, 7}, {2, 6}, {4, 5}, {3}, {1}], [{8, 7}, {2, 6}, {5}, {3, 4}, {1}], [{8, 7}, {3, 6}, {1, 5}, {2, 4}], [{8, 7}, {3, 6}, {2, 5}, {1, 4}], [{8, 7}, {3, 6}, {2, 5}, {4}, {1}], [{8, 7}, {3, 6}, {4, 5}, {1, 2}], [{8, 7}, {3, 6}, {4, 5}, {2}, {1}], [{8, 7}, {3, 6}, {5}, {2, 4}, {1}], [{8, 7}, {4, 6}, {1, 5}, {2, 3}], [{8, 7}, {4, 6}, {2, 5}, {1, 3}], [{8, 7}, {4, 6}, {3, 5}, {1, 2}], [{8, 7}, {4, 6}, {5}, {1, 3}, {2}], [{8, 7}, {5, 6}, {1, 4}, {2, 3}], [{8, 7}, {5, 6}, {2, 4}, {1, 3}], [{8, 7}, {5, 6}, {3, 4}, {1, 2}], [{8, 7}, {5, 6}, {4}, {1, 3}, {2}], [{8, 7}, {6}, {3, 5}, {4}, {1, 2}], [{8, 7}, {6}, {4, 5}, {1, 3}, {2}], [{8, 7}, {6}, {4, 5}, {2, 3}, {1}], [{8, 7}, {6}, {4, 5}, {3}, {1, 2}], [{8, 7}, {6}, {4, 5}, {3}, {2}, {1}], [{8, 7}, {6}, {5}, {3, 4}, {1, 2}], [{8}, {1, 7}, {2, 6}, {3, 5}, {4}], [{8}, {1, 7}, {2, 6}, {4, 5}, {3}], [{8}, {1, 7}, {2, 6}, {5}, {3, 4}], [{8}, {1, 7}, {3, 6}, {2, 5}, {4}], [{8}, {1, 7}, {3, 6}, {4, 5}, {2}], [{8}, {1, 7}, {3, 6}, {5}, {2, 4}], [{8}, {1, 7}, {6}, {4, 5}, {2, 3}], [{8}, {1, 7}, {6}, {4, 5}, {3}, {2}], [{8}, {2, 7}, {1, 6}, {3, 5}, {4}], [{8}, {2, 7}, {1, 6}, {4, 5}, {3}], [{8}, {2, 7}, {1, 6}, {5}, {3, 4}], [{8}, {2, 7}, {4, 6}, {5}, {1, 3}], [{8}, {2, 7}, {5, 6}, {1, 4}, {3}], [{8}, {4, 7}, {2, 6}, {5}, {1, 3}], [{8}, {4, 7}, {3, 6}, {5}, {1, 2}], [{8}, {5, 7}, {1, 6}, {3, 4}, {2}], [{8}, {5, 7}, {2, 6}, {1, 4}, {3}], [{8}, {5, 7}, {3, 6}, {1, 4}, {2}], [{8}, {5, 7}, {4, 6}, {1, 3}, {2}], [{8}, {5, 7}, {6}, {1, 4}, {2, 3}], [{8}, {5, 7}, {6}, {1, 4}, {3}, {2}], [{8}, {6, 7}, {2, 5}, {1, 4}, {3}], [{8}, {6, 7}, {3, 5}, {4}, {1, 2}], [{8}, {6, 7}, {4, 5}, {3}, {1, 2}], [{8}, {6, 7}, {5}, {2, 4}, {1, 3}], [{8}, {6, 7}, {5}, {3, 4}, {1, 2}], [{8}, {7}, {1, 6}, {2, 5}, {3, 4}], [{8}, {7}, {1, 6}, {5}, {3, 4}, {2}], [{8}, {7}, {4, 6}, {2, 5}, {1, 3}], [{8}, {7}, {4, 6}, {5}, {1, 3}, {2}]]",2,12 K_1^3 - 20 K_1^2 - 8 K_1 K_2 - 5 K_1 + 10 K_2 + K_3 + 11,O1O2O3U4O5U2U6U1O4O7U3O6U8U5O8U7,O1O2O3U4O5U6U3U1O7U8O4O8U2O6U7U5,O1O2O3U4U5O6U2O7O8U7O5U3U1U6O4U8,c,{'O1O2O3U4O5U6U5O7U1O4O8U3U7U2O6U8'},1,"<a href=""/flatknot/8.1101759"">8.1101759</a>",t^9-34t^7-74t^6+69t^5+182t^4-94t^3-134t^2+40t+32,0,,
8.1101760,O1O2O3U4O5U6U5O7U1O4O8U3U7U8O6U2,4,9z^2+78z+121,9w^3z^2+78w^2z+121w,False,False,"[[ 0 -1  1  0 -1  1 -2  0  2],[ 1  0  1  0  1  0 -1  1  2],[-1 -1  0 -1 -1  1 -2 -1  2],[ 0  0  1  0  0  0 -2  0  2],[ 1 -1  1  0  0  1  0  0  1],[-1  0 -1  0 -1  0 -1  0  0],[ 2  1  2  2  0  1  0  1  1],[ 0 -1  1  0  0  0 -1  0  1],[-2 -2 -2 -2 -1  0 -1 -1  0]]","[[ 0  2  1  1  0  0 -1 -1 -2],[-2  0  0 -2 -1 -2 -1 -2 -1],[-1  0  0 -1  0  0 -1  0 -1],[-1  2  1  0 -1 -1 -1 -1 -2],[ 0  1  0  1  0  0  0 -1 -1],[ 0  2  0  1  0  0  0  0 -2],[ 1  1  1  1  0  0  0 -1  0],[ 1  2  0  1  1  0  1  0 -1],[ 2  1  1  2  1  2  0  1  0]]",True,"[-2,-1,-1,0,0,1,1,2,0,2,1,2,1,2,1,1,0,0,1,0,1,1,1,1,1,2,0,0,1,1,0,0,2,1,0,1]","[-2,-1,-1,0,0,1,1,2,-1,1,0,1,1,2,3,1,0,0,1,1,1,1,1,2,1,2,0,1,1,0,0,1,1,1,0,1]",t^8+34t^6+137t^4+91t^2,"[-2,-1,-1,0,0,1,1,2,0,1,0,1,1,2,3,-1,1,0,1,2,1,1,1,1,1,2,0,0,1,0,0,1,1,-1,-1,1]","[-2,-1,-1,0,0,1,1,2,-1,1,0,1,1,2,3,1,0,0,1,1,1,1,1,2,1,2,0,1,1,0,0,1,1,1,0,1]","[-2,-1,-1,0,0,1,1,2,0,1,1,2,1,2,1,-1,0,0,1,1,1,1,0,0,1,2,0,0,1,1,0,1,2,-1,0,2]",c,"[[{8, 6}, {3, 7}, {4, 5}, {1, 2}], [{8, 6}, {7}, {4, 5}, {3}, {1, 2}]]",1,4 K_1^3 - 24 K_1^2 - 8 K_1 K_2 + K_1 + 12 K_2 + 3 K_3 + 13,O1O2O3U2O4U5U6U1O5O7U3O6U8U4O8U7,O1O2O3U4O5U6U5U1O7U8O4O8U2O6U7U3,O1O2O3U1U4O5U2O6O7U6O4U3U8U5O8U7,c,{'O1O2O3U4O5U6U5O7U1O4O8U3U7U8O6U2'},1,"<a href=""/flatknot/8.1101760"">8.1101760</a>",t^9-34t^7-78t^6+53t^5+196t^4-58t^3-144t^2+82t-12,0,,
8.1101761,O1O2O3U4O5U6U5O7U1O4O8U3U8U7O6U2,4,z^3+23z^2+105z+127,w^4z^3+23w^3z^2+105w^2z+127w,False,False,"[[ 0 -1  1  0 -1  1 -2  1  1],[ 1  0  1  0  1  0 -1  1  1],[-1 -1  0 -1 -1  1 -2  0  1],[ 0  0  1  0  0  0 -2  1  1],[ 1 -1  1  0  0  1  0  1  1],[-1  0 -1  0 -1  0 -1  0  0],[ 2  1  2  2  0  1  0  1  1],[-1 -1  0 -1 -1  0 -1  0  0],[-1 -1 -1 -1 -1  0 -1  0  0]]","[[ 0  1  1  1  1  0 -1 -1 -2],[-1  0  1  1  0 -1 -1 -1 -2],[-1 -1  0  0  0  0  0 -1 -1],[-1 -1  0  0  0 -1 -1 -1 -1],[-1  0  0  0  0 -1 -1 -1 -1],[ 0  1  0  1  1  0  0  0 -2],[ 1  1  0  1  1  0  0  1 -1],[ 1  1  1  1  1  0 -1  0  0],[ 2  2  1  1  1  2  1  0  0]]",True,"[-1,-1,-1,-1,0,1,1,2,-1,-1,0,1,1,1,2,0,0,0,0,1,1,0,1,1,1,1,1,1,1,1,0,0,2,-1,1,0]","[-2,-1,-1,0,1,1,1,1,0,1,0,1,2,2,2,-1,1,1,1,1,2,1,1,1,1,1,0,0,0,1,-1,0,-1,0,0,0]",t^8+25t^6+86t^4+44t^2,"[-2,-1,-1,0,1,1,1,1,0,1,0,1,2,2,2,-1,1,1,1,1,2,1,1,1,1,1,0,0,0,1,-1,0,-1,0,0,0]","[-1,-1,-1,-1,0,1,1,2,-1,0,0,0,1,1,2,0,1,0,1,1,1,0,0,1,1,2,1,1,2,2,1,1,0,-1,1,0]","[-2,-1,-1,0,1,1,1,1,0,1,2,1,1,1,2,-1,0,1,1,1,1,0,0,1,1,1,0,1,1,1,0,0,-1,0,-1,0]",c,"[[{8, 3}, {6, 7}, {1, 5}, {2, 4}], [{8, 3}, {7}, {6}, {1, 5}, {2, 4}], [{8, 6}, {3, 7}, {1, 5}, {2, 4}], [{8, 7}, {3, 6}, {1, 5}, {2, 4}]]",1,- 18 K_1^2 + 9 K_2 + 10,O1O2O3U2O4U5U6U1O6O7U3O5U8U4O8U7,O1O2O3U4O5U6U5U1O7U8O4O8U3O6U7U2,O1O2O3U2U4O5U1O6O7U6O4U3U8U5O8U7,c,{'O1O2O3U4O5U6U5O7U1O4O8U3U8U7O6U2'},1,"<a href=""/flatknot/8.1101761"">8.1101761</a>",t^9-27t^7-48t^6+49t^5+92t^4-50t^3-38t^2+29t-4,t^2-2t,,
8.1101762,O1O2O3U4O5U6U5O7U1O4O8U7U2U3O6U8,4,6z^3+39z^2+90z+73,6w^4z^3-6w^4z^2+45w^3z^2-16w^3z+106w^2z+73w,False,False,"[[ 0 -1  0  2 -1  1 -2 -1  2],[ 1  0  1  2  1  0 -2  0  2],[ 0 -1  0  1  1  0 -1 -1  2],[-2 -2 -1  0 -1  0 -2 -1  1],[ 1 -1 -1  1  0  1  0 -1  2],[-1  0  0  0 -1  0 -1  0 -1],[ 2  2  1  2  0  1  0 -1  1],[ 1  0  1  1  1  0  1  0  1],[-2 -2 -2 -1 -2  1 -1 -1  0]]","[[ 0  2  2  1  0 -1 -1 -1 -2],[-2  0  1  0 -1 -1 -1 -2 -2],[-2 -1  0  1 -2 -1 -2 -2 -1],[-1  0 -1  0  0  0 -1  0 -1],[ 0  1  2  0  0 -1  1 -1 -1],[ 1  1  1  0  1  0  1  0  1],[ 1  1  2  1 -1 -1  0 -1  0],[ 1  2  2  0  1  0  1  0 -2],[ 2  2  1  1  1 -1  0  2  0]]",True,"[-2,-2,-1,0,1,1,1,2,-1,0,1,1,1,2,2,-1,2,1,2,2,1,0,0,1,0,1,1,-1,1,1,-1,0,-1,1,0,2]","[-2,-2,-1,0,1,1,1,2,-1,0,1,1,1,2,2,-1,2,1,2,2,1,0,0,1,0,1,1,-1,1,1,-1,0,-1,1,0,2]",t^8+40t^6+246t^4+137t^2+9,"[-2,-1,-1,-1,0,1,2,2,-1,1,2,1,2,2,3,-1,0,0,2,1,1,1,2,1,2,1,0,2,2,2,1,1,0,1,2,-1]","[-2,-2,-1,0,1,1,1,2,-1,2,0,1,1,2,3,1,1,1,2,2,2,1,2,1,2,2,0,2,0,1,1,0,-1,-1,1,2]","[-2,-1,-1,-1,0,1,2,2,-1,0,2,1,1,1,2,1,0,1,0,1,1,-1,-1,1,2,1,1,0,2,2,0,2,1,-1,0,-1]",c,"[[{8, 1}, {2, 7}, {3, 6}, {4, 5}], [{8, 1}, {2, 7}, {4, 6}, {3, 5}], [{8, 1}, {2, 7}, {5, 6}, {3, 4}], [{8, 1}, {3, 7}, {2, 6}, {4, 5}], [{8, 1}, {3, 7}, {4, 6}, {2, 5}], [{8, 1}, {3, 7}, {5, 6}, {2, 4}], [{8, 1}, {3, 7}, {6}, {5}, {2, 4}], [{8, 1}, {4, 7}, {2, 6}, {3, 5}], [{8, 1}, {4, 7}, {2, 6}, {5}, {3}], [{8, 1}, {4, 7}, {3, 6}, {2, 5}], [{8, 1}, {4, 7}, {5, 6}, {2, 3}], [{8, 1}, {5, 7}, {2, 6}, {3, 4}], [{8, 1}, {5, 7}, {3, 6}, {2, 4}], [{8, 1}, {5, 7}, {4, 6}, {2, 3}], [{8, 1}, {5, 7}, {6}, {3, 4}, {2}], [{8, 1}, {6, 7}, {2, 5}, {3, 4}], [{8, 1}, {6, 7}, {3, 5}, {2, 4}], [{8, 1}, {6, 7}, {4, 5}, {2, 3}], [{8, 1}, {6, 7}, {5}, {3, 4}, {2}], [{8, 1}, {7}, {3, 6}, {4, 5}, {2}], [{8, 1}, {7}, {4, 6}, {2, 5}, {3}], [{8, 1}, {7}, {5, 6}, {3, 4}, {2}], [{8, 2}, {1, 7}, {3, 6}, {4, 5}], [{8, 2}, {1, 7}, {3, 6}, {5}, {4}], [{8, 2}, {1, 7}, {4, 6}, {3, 5}], [{8, 2}, {1, 7}, {5, 6}, {3, 4}], [{8, 2}, {1, 7}, {6}, {4, 5}, {3}], [{8, 2}, {3, 7}, {1, 6}, {4, 5}], [{8, 2}, {3, 7}, {4, 6}, {1, 5}], [{8, 2}, {3, 7}, {5, 6}, {1, 4}], [{8, 2}, {4, 7}, {1, 6}, {3, 5}], [{8, 2}, {4, 7}, {1, 6}, {5}, {3}], [{8, 2}, {4, 7}, {3, 6}, {1, 5}], [{8, 2}, {4, 7}, {5, 6}, {1, 3}], [{8, 2}, {5, 7}, {1, 6}, {3, 4}], [{8, 2}, {5, 7}, {3, 6}, {1, 4}], [{8, 2}, {5, 7}, {4, 6}, {1, 3}], [{8, 2}, {6, 7}, {1, 5}, {3, 4}], [{8, 2}, {6, 7}, {3, 5}, {1, 4}], [{8, 2}, {6, 7}, {4, 5}, {1, 3}], [{8, 2}, {7}, {1, 6}, {3, 5}, {4}], [{8, 2}, {7}, {4, 6}, {1, 5}, {3}], [{8, 3}, {1, 7}, {2, 6}, {4, 5}], [{8, 3}, {1, 7}, {4, 6}, {2, 5}], [{8, 3}, {1, 7}, {5, 6}, {2, 4}], [{8, 3}, {1, 7}, {6}, {4, 5}, {2}], [{8, 3}, {2, 7}, {1, 6}, {4, 5}], [{8, 3}, {2, 7}, {1, 6}, {5}, {4}], [{8, 3}, {2, 7}, {4, 6}, {1, 5}], [{8, 3}, {2, 7}, {5, 6}, {1, 4}], [{8, 3}, {4, 7}, {1, 6}, {2, 5}], [{8, 3}, {4, 7}, {2, 6}, {1, 5}], [{8, 3}, {4, 7}, {5, 6}, {1, 2}], [{8, 3}, {5, 7}, {1, 6}, {2, 4}], [{8, 3}, {5, 7}, {2, 6}, {1, 4}], [{8, 3}, {5, 7}, {4, 6}, {1, 2}], [{8, 3}, {6, 7}, {1, 5}, {2, 4}], [{8, 3}, {6, 7}, {2, 5}, {1, 4}], [{8, 3}, {6, 7}, {2, 5}, {4}, {1}], [{8, 3}, {6, 7}, {4, 5}, {1, 2}], [{8, 4}, {1, 7}, {2, 6}, {3, 5}], [{8, 4}, {1, 7}, {2, 6}, {5}, {3}], [{8, 4}, {1, 7}, {3, 6}, {2, 5}], [{8, 4}, {1, 7}, {3, 6}, {5}, {2}], [{8, 4}, {1, 7}, {5, 6}, {2, 3}], [{8, 4}, {1, 7}, {5, 6}, {3}, {2}], [{8, 4}, {1, 7}, {6}, {2, 5}, {3}], [{8, 4}, {1, 7}, {6}, {3, 5}, {2}], [{8, 4}, {1, 7}, {6}, {5}, {2, 3}], [{8, 4}, {1, 7}, {6}, {5}, {3}, {2}], [{8, 4}, {2, 7}, {1, 6}, {3, 5}], [{8, 4}, {2, 7}, {3, 6}, {1, 5}], [{8, 4}, {2, 7}, {5, 6}, {1, 3}], [{8, 4}, {3, 7}, {1, 6}, {2, 5}], [{8, 4}, {3, 7}, {2, 6}, {1, 5}], [{8, 4}, {3, 7}, {5, 6}, {1, 2}], [{8, 4}, {3, 7}, {5, 6}, {2}, {1}], [{8, 4}, {5, 7}, {1, 6}, {2, 3}], [{8, 4}, {5, 7}, {2, 6}, {1, 3}], [{8, 4}, {5, 7}, {3, 6}, {1, 2}], [{8, 4}, {6, 7}, {1, 5}, {2, 3}], [{8, 4}, {6, 7}, {2, 5}, {1, 3}], [{8, 4}, {6, 7}, {3, 5}, {1, 2}], [{8, 4}, {7}, {5, 6}, {1, 3}, {2}], [{8, 5}, {1, 7}, {2, 6}, {3, 4}], [{8, 5}, {1, 7}, {2, 6}, {4}, {3}], [{8, 5}, {1, 7}, {3, 6}, {2, 4}], [{8, 5}, {1, 7}, {3, 6}, {4}, {2}], [{8, 5}, {1, 7}, {4, 6}, {2, 3}], [{8, 5}, {1, 7}, {4, 6}, {3}, {2}], [{8, 5}, {1, 7}, {6}, {2, 4}, {3}], [{8, 5}, {1, 7}, {6}, {3, 4}, {2}], [{8, 5}, {1, 7}, {6}, {4}, {2, 3}], [{8, 5}, {1, 7}, {6}, {4}, {3}, {2}], [{8, 5}, {2, 7}, {1, 6}, {3, 4}], [{8, 5}, {2, 7}, {3, 6}, {1, 4}], [{8, 5}, {2, 7}, {4, 6}, {1, 3}], [{8, 5}, {2, 7}, {4, 6}, {3}, {1}], [{8, 5}, {3, 7}, {1, 6}, {2, 4}], [{8, 5}, {3, 7}, {2, 6}, {1, 4}], [{8, 5}, {3, 7}, {4, 6}, {1, 2}], [{8, 5}, {3, 7}, {4, 6}, {2}, {1}], [{8, 5}, {4, 7}, {1, 6}, {2, 3}], [{8, 5}, {4, 7}, {1, 6}, {3}, {2}], [{8, 5}, {4, 7}, {2, 6}, {1, 3}], [{8, 5}, {4, 7}, {3, 6}, {1, 2}], [{8, 5}, {6, 7}, {1, 4}, {2, 3}], [{8, 5}, {6, 7}, {1, 4}, {3}, {2}], [{8, 5}, {6, 7}, {2, 4}, {1, 3}], [{8, 5}, {6, 7}, {3, 4}, {1, 2}], [{8, 5}, {7}, {4, 6}, {1, 3}, {2}], [{8, 5}, {7}, {4, 6}, {2, 3}, {1}], [{8, 5}, {7}, {4, 6}, {3}, {1, 2}], [{8, 5}, {7}, {4, 6}, {3}, {2}, {1}], [{8, 6}, {1, 7}, {2, 5}, {3, 4}], [{8, 6}, {1, 7}, {3, 5}, {2, 4}], [{8, 6}, {1, 7}, {4, 5}, {2, 3}], [{8, 6}, {1, 7}, {4, 5}, {3}, {2}], [{8, 6}, {2, 7}, {1, 5}, {3, 4}], [{8, 6}, {2, 7}, {3, 5}, {1, 4}], [{8, 6}, {2, 7}, {4, 5}, {1, 3}], [{8, 6}, {2, 7}, {5}, {4}, {1, 3}], [{8, 6}, {3, 7}, {1, 5}, {2, 4}], [{8, 6}, {3, 7}, {2, 5}, {1, 4}], [{8, 6}, {3, 7}, {4, 5}, {1, 2}], [{8, 6}, {3, 7}, {4, 5}, {2}, {1}], [{8, 6}, {4, 7}, {1, 5}, {2, 3}], [{8, 6}, {4, 7}, {2, 5}, {1, 3}], [{8, 6}, {4, 7}, {3, 5}, {1, 2}], [{8, 6}, {4, 7}, {5}, {1, 3}, {2}], [{8, 6}, {4, 7}, {5}, {2, 3}, {1}], [{8, 6}, {4, 7}, {5}, {3}, {1, 2}], [{8, 6}, {5, 7}, {1, 4}, {2, 3}], [{8, 6}, {5, 7}, {1, 4}, {3}, {2}], [{8, 6}, {5, 7}, {2, 4}, {1, 3}], [{8, 6}, {5, 7}, {3, 4}, {1, 2}], [{8, 6}, {5, 7}, {3, 4}, {2}, {1}], [{8, 6}, {5, 7}, {4}, {1, 3}, {2}], [{8, 6}, {7}, {2, 5}, {4}, {1, 3}], [{8, 6}, {7}, {4, 5}, {1, 3}, {2}], [{8, 6}, {7}, {5}, {2, 4}, {1, 3}], [{8, 6}, {7}, {5}, {4}, {1, 3}, {2}], [{8, 7}, {1, 6}, {2, 5}, {3, 4}], [{8, 7}, {1, 6}, {3, 5}, {2, 4}], [{8, 7}, {1, 6}, {4, 5}, {2, 3}], [{8, 7}, {2, 6}, {1, 5}, {3, 4}], [{8, 7}, {2, 6}, {3, 5}, {1, 4}], [{8, 7}, {2, 6}, {4, 5}, {1, 3}], [{8, 7}, {3, 6}, {1, 5}, {2, 4}], [{8, 7}, {3, 6}, {2, 5}, {1, 4}], [{8, 7}, {3, 6}, {4, 5}, {1, 2}], [{8, 7}, {3, 6}, {4, 5}, {2}, {1}], [{8, 7}, {4, 6}, {1, 5}, {2, 3}], [{8, 7}, {4, 6}, {2, 5}, {1, 3}], [{8, 7}, {4, 6}, {3, 5}, {1, 2}], [{8, 7}, {5, 6}, {1, 4}, {2, 3}], [{8, 7}, {5, 6}, {2, 4}, {1, 3}], [{8, 7}, {5, 6}, {3, 4}, {1, 2}], [{8, 7}, {6}, {1, 5}, {4}, {2, 3}], [{8}, {1, 7}, {2, 6}, {4, 5}, {3}], [{8}, {1, 7}, {3, 6}, {2, 5}, {4}], [{8}, {1, 7}, {3, 6}, {4, 5}, {2}], [{8}, {1, 7}, {3, 6}, {5}, {2, 4}], [{8}, {1, 7}, {6}, {4, 5}, {2, 3}], [{8}, {1, 7}, {6}, {4, 5}, {3}, {2}], [{8}, {2, 7}, {1, 6}, {4, 5}, {3}], [{8}, {4, 7}, {1, 6}, {2, 5}, {3}], [{8}, {5, 7}, {1, 6}, {3, 4}, {2}], [{8}, {6, 7}, {4, 5}, {3}, {1, 2}]]",2,12 K_1^3 - 6 K_1^2 - 8 K_1 K_2 - 5 K_1 + 3 K_2 + K_3 + 4,O1O2O3U4O5U1U2U6O4O7U3O6U8U5O8U7,O1O2O3U4O5U6U2U3O7U8O4O8U1O6U7U5,O1O2O3U4U5O6U3O7O8U7O5U1U2U6O4U8,c,{'O1O2O3U4O5U6U5O7U1O4O8U7U2U3O6U8'},1,"<a href=""/flatknot/8.1101762"">8.1101762</a>",t^9-38t^7-126t^6-85t^5+176t^4+231t^3-4t^2-29t+30,-t^2+2t,,
8.1101763,O1O2O3U4O5U6U5O7U1O4O8U7U2U8O6U3,3,7z^2+44z+61,7w^3z^2-16w^3z+60w^2z+61w,False,False,"[[ 0 -1  0  2 -1  1 -2 -1  2],[ 1  0  1  1  1  0 -1  0  2],[ 0 -1  0  1  1  0 -1 -1  2],[-2 -1 -1  0 -2  1 -2 -2  1],[ 1 -1 -1  2  0  1  0 -1  1],[-1  0  0 -1 -1  0 -1  0  0],[ 2  1  1  2  0  1  0  0  1],[ 1  0  1  2  1  0  0  0  1],[-2 -2 -2 -1 -1  0 -1 -1  0]]","[[ 0  2  2  1  0 -1 -1 -1 -2],[-2  0  1  1 -1 -1 -2 -2 -2],[-2 -1  0  0 -2 -2 -1 -1 -1],[-1 -1  0  0  0  0  0 -1 -1],[ 0  1  2  0  0 -1 -1  1 -1],[ 1  1  2  0  1  0  0  1 -1],[ 1  2  1  0  1  0  0  1  0],[ 1  2  1  1 -1 -1 -1  0  0],[ 2  2  1  1  1  1  0  0  0]]",True,"[-2,-2,-1,0,1,1,1,2,-1,-1,1,1,2,2,2,0,2,2,1,1,1,0,0,0,1,1,1,1,-1,1,0,-1,1,-1,0,0]","[-2,-2,-1,0,1,1,1,2,-1,-1,1,1,2,2,2,0,2,2,1,1,1,0,0,0,1,1,1,1,-1,1,0,-1,1,-1,0,0]",t^8+36t^6+186t^4+55t^2,"[-2,-1,-1,-1,0,1,2,2,0,1,1,1,2,2,3,-1,0,0,2,2,1,1,2,1,1,2,0,2,1,2,1,1,0,2,1,-1]","[-2,-2,-1,0,1,1,1,2,-1,1,0,1,2,2,3,2,1,2,1,1,2,1,2,1,2,2,0,2,0,1,1,0,0,-1,1,1]","[-2,-1,-1,-1,0,1,2,2,0,0,1,1,1,1,2,-1,-1,-1,1,1,2,0,1,0,1,2,1,0,2,1,0,2,1,0,-1,-1]",c,"[[{8, 1}, {2, 7}, {3, 6}, {4, 5}], [{8, 1}, {2, 7}, {3, 6}, {5}, {4}], [{8, 1}, {2, 7}, {4, 6}, {3, 5}], [{8, 1}, {2, 7}, {5, 6}, {3, 4}], [{8, 1}, {3, 7}, {2, 6}, {4, 5}], [{8, 1}, {3, 7}, {4, 6}, {2, 5}], [{8, 1}, {3, 7}, {5, 6}, {2, 4}], [{8, 1}, {3, 7}, {6}, {2, 5}, {4}], [{8, 1}, {4, 7}, {2, 6}, {3, 5}], [{8, 1}, {4, 7}, {2, 6}, {5}, {3}], [{8, 1}, {4, 7}, {3, 6}, {2, 5}], [{8, 1}, {4, 7}, {3, 6}, {5}, {2}], [{8, 1}, {4, 7}, {5, 6}, {2, 3}], [{8, 1}, {4, 7}, {6}, {5}, {2, 3}], [{8, 1}, {5, 7}, {2, 6}, {3, 4}], [{8, 1}, {5, 7}, {3, 6}, {2, 4}], [{8, 1}, {5, 7}, {3, 6}, {4}, {2}], [{8, 1}, {5, 7}, {4, 6}, {2, 3}], [{8, 1}, {6, 7}, {2, 5}, {3, 4}], [{8, 1}, {6, 7}, {2, 5}, {4}, {3}], [{8, 1}, {6, 7}, {3, 5}, {2, 4}], [{8, 1}, {6, 7}, {4, 5}, {2, 3}], [{8, 1}, {7}, {3, 6}, {2, 5}, {4}], [{8, 1}, {7}, {3, 6}, {4, 5}, {2}], [{8, 1}, {7}, {3, 6}, {5}, {2, 4}], [{8, 1}, {7}, {3, 6}, {5}, {4}, {2}], [{8, 2}, {1, 7}, {3, 6}, {4, 5}], [{8, 2}, {1, 7}, {4, 6}, {3, 5}], [{8, 2}, {1, 7}, {5, 6}, {3, 4}], [{8, 2}, {1, 7}, {6}, {4, 5}, {3}], [{8, 2}, {3, 7}, {1, 6}, {4, 5}], [{8, 2}, {3, 7}, {4, 6}, {1, 5}], [{8, 2}, {3, 7}, {5, 6}, {1, 4}], [{8, 2}, {3, 7}, {6}, {1, 5}, {4}], [{8, 2}, {4, 7}, {1, 6}, {3, 5}], [{8, 2}, {4, 7}, {1, 6}, {5}, {3}], [{8, 2}, {4, 7}, {3, 6}, {1, 5}], [{8, 2}, {4, 7}, {3, 6}, {5}, {1}], [{8, 2}, {4, 7}, {5, 6}, {1, 3}], [{8, 2}, {4, 7}, {6}, {5}, {1, 3}], [{8, 2}, {5, 7}, {1, 6}, {3, 4}], [{8, 2}, {5, 7}, {3, 6}, {1, 4}], [{8, 2}, {5, 7}, {4, 6}, {1, 3}], [{8, 2}, {5, 7}, {6}, {1, 4}, {3}], [{8, 2}, {6, 7}, {1, 5}, {3, 4}], [{8, 2}, {6, 7}, {3, 5}, {1, 4}], [{8, 2}, {6, 7}, {4, 5}, {1, 3}], [{8, 3}, {1, 7}, {2, 6}, {4, 5}], [{8, 3}, {1, 7}, {4, 6}, {2, 5}], [{8, 3}, {1, 7}, {5, 6}, {2, 4}], [{8, 3}, {1, 7}, {6}, {4, 5}, {2}], [{8, 3}, {2, 7}, {1, 6}, {4, 5}], [{8, 3}, {2, 7}, {4, 6}, {1, 5}], [{8, 3}, {2, 7}, {5, 6}, {1, 4}], [{8, 3}, {4, 7}, {1, 6}, {2, 5}], [{8, 3}, {4, 7}, {1, 6}, {5}, {2}], [{8, 3}, {4, 7}, {2, 6}, {1, 5}], [{8, 3}, {4, 7}, {2, 6}, {5}, {1}], [{8, 3}, {4, 7}, {5, 6}, {1, 2}], [{8, 3}, {4, 7}, {6}, {5}, {1, 2}], [{8, 3}, {5, 7}, {1, 6}, {2, 4}], [{8, 3}, {5, 7}, {2, 6}, {1, 4}], [{8, 3}, {5, 7}, {4, 6}, {1, 2}], [{8, 3}, {5, 7}, {6}, {1, 4}, {2}], [{8, 3}, {6, 7}, {1, 5}, {2, 4}], [{8, 3}, {6, 7}, {2, 5}, {1, 4}], [{8, 3}, {6, 7}, {4, 5}, {1, 2}], [{8, 4}, {1, 7}, {2, 6}, {3, 5}], [{8, 4}, {1, 7}, {3, 6}, {2, 5}], [{8, 4}, {1, 7}, {5, 6}, {2, 3}], [{8, 4}, {1, 7}, {6}, {3, 5}, {2}], [{8, 4}, {2, 7}, {1, 6}, {3, 5}], [{8, 4}, {2, 7}, {3, 6}, {1, 5}], [{8, 4}, {2, 7}, {5, 6}, {1, 3}], [{8, 4}, {3, 7}, {1, 6}, {2, 5}], [{8, 4}, {3, 7}, {2, 6}, {1, 5}], [{8, 4}, {3, 7}, {5, 6}, {1, 2}], [{8, 4}, {3, 7}, {5, 6}, {2}, {1}], [{8, 4}, {5, 7}, {1, 6}, {2, 3}], [{8, 4}, {5, 7}, {2, 6}, {1, 3}], [{8, 4}, {5, 7}, {3, 6}, {1, 2}], [{8, 4}, {5, 7}, {3, 6}, {2}, {1}], [{8, 4}, {6, 7}, {1, 5}, {2, 3}], [{8, 4}, {6, 7}, {2, 5}, {1, 3}], [{8, 4}, {6, 7}, {3, 5}, {1, 2}], [{8, 5}, {1, 7}, {2, 6}, {3, 4}], [{8, 5}, {1, 7}, {3, 6}, {2, 4}], [{8, 5}, {1, 7}, {4, 6}, {2, 3}], [{8, 5}, {1, 7}, {6}, {3, 4}, {2}], [{8, 5}, {2, 7}, {1, 6}, {3, 4}], [{8, 5}, {2, 7}, {3, 6}, {1, 4}], [{8, 5}, {2, 7}, {4, 6}, {1, 3}], [{8, 5}, {2, 7}, {6}, {3, 4}, {1}], [{8, 5}, {3, 7}, {1, 6}, {2, 4}], [{8, 5}, {3, 7}, {2, 6}, {1, 4}], [{8, 5}, {3, 7}, {4, 6}, {1, 2}], [{8, 5}, {4, 7}, {1, 6}, {2, 3}], [{8, 5}, {4, 7}, {2, 6}, {1, 3}], [{8, 5}, {4, 7}, {3, 6}, {1, 2}], [{8, 5}, {6, 7}, {1, 4}, {2, 3}], [{8, 5}, {6, 7}, {1, 4}, {3}, {2}], [{8, 5}, {6, 7}, {2, 4}, {1, 3}], [{8, 5}, {6, 7}, {2, 4}, {3}, {1}], [{8, 5}, {6, 7}, {3, 4}, {1, 2}], [{8, 5}, {6, 7}, {3, 4}, {2}, {1}], [{8, 5}, {6, 7}, {4}, {1, 3}, {2}], [{8, 5}, {6, 7}, {4}, {2, 3}, {1}], [{8, 5}, {6, 7}, {4}, {3}, {1, 2}], [{8, 5}, {7}, {1, 6}, {3, 4}, {2}], [{8, 5}, {7}, {2, 6}, {3, 4}, {1}], [{8, 5}, {7}, {6}, {1, 4}, {2, 3}], [{8, 5}, {7}, {6}, {2, 4}, {1, 3}], [{8, 5}, {7}, {6}, {3, 4}, {1, 2}], [{8, 5}, {7}, {6}, {3, 4}, {2}, {1}], [{8, 6}, {1, 7}, {2, 5}, {3, 4}], [{8, 6}, {1, 7}, {3, 5}, {2, 4}], [{8, 6}, {1, 7}, {4, 5}, {2, 3}], [{8, 6}, {1, 7}, {4, 5}, {3}, {2}], [{8, 6}, {1, 7}, {5}, {4}, {2, 3}], [{8, 6}, {2, 7}, {1, 5}, {3, 4}], [{8, 6}, {2, 7}, {3, 5}, {1, 4}], [{8, 6}, {2, 7}, {4, 5}, {1, 3}], [{8, 6}, {2, 7}, {4, 5}, {3}, {1}], [{8, 6}, {2, 7}, {5}, {4}, {1, 3}], [{8, 6}, {3, 7}, {1, 5}, {2, 4}], [{8, 6}, {3, 7}, {2, 5}, {1, 4}], [{8, 6}, {3, 7}, {4, 5}, {1, 2}], [{8, 6}, {3, 7}, {4, 5}, {2}, {1}], [{8, 6}, {3, 7}, {5}, {4}, {1, 2}], [{8, 6}, {4, 7}, {1, 5}, {2, 3}], [{8, 6}, {4, 7}, {2, 5}, {1, 3}], [{8, 6}, {4, 7}, {3, 5}, {1, 2}], [{8, 6}, {4, 7}, {5}, {1, 3}, {2}], [{8, 6}, {4, 7}, {5}, {2, 3}, {1}], [{8, 6}, {4, 7}, {5}, {3}, {1, 2}], [{8, 6}, {5, 7}, {1, 4}, {2, 3}], [{8, 6}, {5, 7}, {1, 4}, {3}, {2}], [{8, 6}, {5, 7}, {2, 4}, {1, 3}], [{8, 6}, {5, 7}, {2, 4}, {3}, {1}], [{8, 6}, {5, 7}, {3, 4}, {1, 2}], [{8, 6}, {5, 7}, {3, 4}, {2}, {1}], [{8, 6}, {5, 7}, {4}, {1, 3}, {2}], [{8, 6}, {5, 7}, {4}, {2, 3}, {1}], [{8, 6}, {5, 7}, {4}, {3}, {1, 2}], [{8, 6}, {7}, {1, 5}, {4}, {2, 3}], [{8, 6}, {7}, {2, 5}, {4}, {1, 3}], [{8, 6}, {7}, {3, 5}, {4}, {1, 2}], [{8, 6}, {7}, {4, 5}, {1, 3}, {2}], [{8, 6}, {7}, {4, 5}, {2, 3}, {1}], [{8, 6}, {7}, {4, 5}, {3}, {1, 2}], [{8, 6}, {7}, {5}, {1, 4}, {2, 3}], [{8, 6}, {7}, {5}, {2, 4}, {1, 3}], [{8, 6}, {7}, {5}, {3, 4}, {1, 2}], [{8, 6}, {7}, {5}, {4}, {1, 3}, {2}], [{8, 6}, {7}, {5}, {4}, {2, 3}, {1}], [{8, 6}, {7}, {5}, {4}, {3}, {1, 2}], [{8, 7}, {1, 6}, {2, 5}, {3, 4}], [{8, 7}, {1, 6}, {3, 5}, {2, 4}], [{8, 7}, {1, 6}, {3, 5}, {4}, {2}], [{8, 7}, {1, 6}, {4, 5}, {2, 3}], [{8, 7}, {2, 6}, {1, 5}, {3, 4}], [{8, 7}, {2, 6}, {3, 5}, {1, 4}], [{8, 7}, {2, 6}, {4, 5}, {1, 3}], [{8, 7}, {3, 6}, {1, 5}, {2, 4}], [{8, 7}, {3, 6}, {2, 5}, {1, 4}], [{8, 7}, {3, 6}, {4, 5}, {1, 2}], [{8, 7}, {3, 6}, {4, 5}, {2}, {1}], [{8, 7}, {4, 6}, {1, 5}, {2, 3}], [{8, 7}, {4, 6}, {2, 5}, {1, 3}], [{8, 7}, {4, 6}, {3, 5}, {1, 2}], [{8, 7}, {5, 6}, {1, 4}, {2, 3}], [{8, 7}, {5, 6}, {1, 4}, {3}, {2}], [{8, 7}, {5, 6}, {2, 4}, {1, 3}], [{8, 7}, {5, 6}, {2, 4}, {3}, {1}], [{8, 7}, {5, 6}, {3, 4}, {1, 2}], [{8, 7}, {5, 6}, {3, 4}, {2}, {1}], [{8, 7}, {5, 6}, {4}, {1, 3}, {2}], [{8, 7}, {5, 6}, {4}, {2, 3}, {1}], [{8, 7}, {5, 6}, {4}, {3}, {1, 2}], [{8, 7}, {6}, {5}, {1, 4}, {2, 3}], [{8, 7}, {6}, {5}, {2, 4}, {1, 3}], [{8, 7}, {6}, {5}, {3, 4}, {1, 2}], [{8}, {1, 7}, {2, 6}, {4, 5}, {3}], [{8}, {1, 7}, {3, 6}, {4, 5}, {2}], [{8}, {1, 7}, {6}, {4, 5}, {2, 3}], [{8}, {1, 7}, {6}, {4, 5}, {3}, {2}], [{8}, {2, 7}, {6}, {4, 5}, {1, 3}], [{8}, {3, 7}, {1, 6}, {5}, {2, 4}], [{8}, {3, 7}, {2, 6}, {5}, {1, 4}], [{8}, {3, 7}, {6}, {4, 5}, {1, 2}], [{8}, {4, 7}, {1, 6}, {5}, {2, 3}], [{8}, {4, 7}, {2, 6}, {5}, {1, 3}], [{8}, {4, 7}, {3, 6}, {5}, {1, 2}], [{8}, {5, 7}, {2, 6}, {1, 4}, {3}], [{8}, {5, 7}, {3, 6}, {1, 4}, {2}], [{8}, {5, 7}, {6}, {1, 4}, {2, 3}], [{8}, {5, 7}, {6}, {1, 4}, {3}, {2}], [{8}, {5, 7}, {6}, {2, 4}, {1, 3}], [{8}, {5, 7}, {6}, {3, 4}, {1, 2}], [{8}, {6, 7}, {5}, {1, 4}, {2, 3}], [{8}, {6, 7}, {5}, {2, 4}, {1, 3}], [{8}, {6, 7}, {5}, {3, 4}, {1, 2}], [{8}, {7}, {2, 6}, {3, 5}, {1, 4}], [{8}, {7}, {5, 6}, {1, 4}, {2, 3}], [{8}, {7}, {5, 6}, {2, 4}, {1, 3}], [{8}, {7}, {5, 6}, {3, 4}, {1, 2}]]",2,8 K_1^3 - 10 K_1^2 - 12 K_1 K_2 + 5 K_2 + 4 K_3 + 6,O1O2O3U1O4U5U2U6O5O7U3O6U8U4O8U7,O1O2O3U4O5U6U2U5O7U8O4O8U1O6U7U3,O1O2O3U1U4O5U3O6O7U6O4U8U2U5O8U7,c,{'O1O2O3U4O5U6U5O7U1O4O8U7U2U8O6U3'},1,"<a href=""/flatknot/8.1101763"">8.1101763</a>",t^9-34t^7-90t^6+3t^5+210t^4+125t^3-142t^2-88t,-t^2+2t,,
8.1101764,O1O2O3U4O5U6U5O7U1O4O8U7U3U2O6U8,4,4z^3+39z^2+112z+101,4w^4z^3+39w^3z^2+112w^2z+101w,False,False,"[[ 0 -1  1  1 -1  1 -2 -1  2],[ 1  0  2  1  1  0 -2  0  2],[-1 -2  0  0  0  0 -2 -1  2],[-1 -1  0  0  0  0 -1 -1  1],[ 1 -1  0  0  0  1  0 -1  2],[-1  0  0  0 -1  0 -1  0 -1],[ 2  2  2  1  0  1  0 -1  1],[ 1  0  1  1  1  0  1  0  1],[-2 -2 -2 -1 -2  1 -1 -1  0]]","[[ 0  2  1  1  1 -1 -1 -1 -2],[-2  0  1 -1 -2 -1 -2 -2 -1],[-1 -1  0  0  0  0  0 -1 -1],[-1  1  0  0  0 -1 -1  0 -1],[-1  2  0  0  0 -1 -2  0 -2],[ 1  1  0  1  1  0  0  1  1],[ 1  2  0  1  2  0  0  1 -2],[ 1  2  1  0  0 -1 -1  0  0],[ 2  1  1  1  2 -1  2  0  0]]",True,"[-2,-1,-1,-1,1,1,1,2,-1,1,2,1,2,2,1,0,0,0,0,1,1,0,1,1,0,1,1,2,0,2,0,-1,-1,-1,2,0]","[-2,-1,-1,-1,1,1,1,2,-1,0,2,1,1,2,1,1,0,0,1,1,1,-1,1,0,0,2,0,1,2,2,0,0,-1,0,1,2]",t^8+37t^6+211t^4+100t^2+1,"[-2,-1,-1,-1,1,1,1,2,-1,1,2,1,2,2,3,-1,0,0,1,2,1,1,2,2,1,1,1,1,2,2,0,0,-1,0,0,2]","[-2,-1,-1,-1,1,1,1,2,-1,0,2,1,1,2,3,0,0,0,2,1,1,0,1,2,1,2,2,1,2,2,1,0,-1,-1,1,2]","[-2,-1,-1,-1,1,1,1,2,-1,0,2,1,1,2,1,1,0,0,1,1,1,-1,1,0,0,2,0,1,2,2,0,0,-1,0,1,2]",c,"[[{8, 1}, {2, 7}, {3, 6}, {4, 5}], [{8, 1}, {2, 7}, {4, 6}, {3, 5}], [{8, 1}, {2, 7}, {4, 6}, {5}, {3}], [{8, 1}, {2, 7}, {5, 6}, {3, 4}], [{8, 1}, {3, 7}, {2, 6}, {4, 5}], [{8, 1}, {3, 7}, {4, 6}, {2, 5}], [{8, 1}, {3, 7}, {5, 6}, {2, 4}], [{8, 1}, {3, 7}, {6}, {5}, {2, 4}], [{8, 1}, {4, 7}, {2, 6}, {3, 5}], [{8, 1}, {4, 7}, {3, 6}, {2, 5}], [{8, 1}, {4, 7}, {3, 6}, {5}, {2}], [{8, 1}, {4, 7}, {5, 6}, {2, 3}], [{8, 1}, {4, 7}, {6}, {2, 5}, {3}], [{8, 1}, {5, 7}, {2, 6}, {3, 4}], [{8, 1}, {5, 7}, {3, 6}, {2, 4}], [{8, 1}, {5, 7}, {4, 6}, {2, 3}], [{8, 1}, {5, 7}, {6}, {3, 4}, {2}], [{8, 1}, {6, 7}, {2, 5}, {3, 4}], [{8, 1}, {6, 7}, {3, 5}, {2, 4}], [{8, 1}, {6, 7}, {3, 5}, {4}, {2}], [{8, 1}, {6, 7}, {4, 5}, {2, 3}], [{8, 1}, {6, 7}, {4, 5}, {3}, {2}], [{8, 1}, {6, 7}, {5}, {3, 4}, {2}], [{8, 1}, {7}, {5, 6}, {3, 4}, {2}], [{8, 2}, {1, 7}, {3, 6}, {4, 5}], [{8, 2}, {1, 7}, {4, 6}, {3, 5}], [{8, 2}, {1, 7}, {5, 6}, {3, 4}], [{8, 2}, {1, 7}, {6}, {5}, {3, 4}], [{8, 2}, {3, 7}, {1, 6}, {4, 5}], [{8, 2}, {3, 7}, {4, 6}, {1, 5}], [{8, 2}, {3, 7}, {5, 6}, {1, 4}], [{8, 2}, {4, 7}, {1, 6}, {3, 5}], [{8, 2}, {4, 7}, {3, 6}, {1, 5}], [{8, 2}, {4, 7}, {5, 6}, {1, 3}], [{8, 2}, {5, 7}, {1, 6}, {3, 4}], [{8, 2}, {5, 7}, {3, 6}, {1, 4}], [{8, 2}, {5, 7}, {4, 6}, {1, 3}], [{8, 2}, {6, 7}, {1, 5}, {3, 4}], [{8, 2}, {6, 7}, {3, 5}, {1, 4}], [{8, 2}, {6, 7}, {4, 5}, {1, 3}], [{8, 3}, {1, 7}, {2, 6}, {4, 5}], [{8, 3}, {1, 7}, {2, 6}, {5}, {4}], [{8, 3}, {1, 7}, {4, 6}, {2, 5}], [{8, 3}, {1, 7}, {5, 6}, {2, 4}], [{8, 3}, {2, 7}, {1, 6}, {4, 5}], [{8, 3}, {2, 7}, {4, 6}, {1, 5}], [{8, 3}, {2, 7}, {5, 6}, {1, 4}], [{8, 3}, {4, 7}, {1, 6}, {2, 5}], [{8, 3}, {4, 7}, {1, 6}, {5}, {2}], [{8, 3}, {4, 7}, {2, 6}, {1, 5}], [{8, 3}, {4, 7}, {5, 6}, {1, 2}], [{8, 3}, {4, 7}, {6}, {2, 5}, {1}], [{8, 3}, {5, 7}, {1, 6}, {2, 4}], [{8, 3}, {5, 7}, {2, 6}, {1, 4}], [{8, 3}, {5, 7}, {4, 6}, {1, 2}], [{8, 3}, {6, 7}, {1, 5}, {2, 4}], [{8, 3}, {6, 7}, {2, 5}, {1, 4}], [{8, 3}, {6, 7}, {4, 5}, {1, 2}], [{8, 4}, {1, 7}, {2, 6}, {3, 5}], [{8, 4}, {1, 7}, {2, 6}, {5}, {3}], [{8, 4}, {1, 7}, {3, 6}, {2, 5}], [{8, 4}, {1, 7}, {3, 6}, {5}, {2}], [{8, 4}, {1, 7}, {5, 6}, {2, 3}], [{8, 4}, {1, 7}, {6}, {5}, {2, 3}], [{8, 4}, {2, 7}, {1, 6}, {3, 5}], [{8, 4}, {2, 7}, {3, 6}, {1, 5}], [{8, 4}, {2, 7}, {5, 6}, {1, 3}], [{8, 4}, {3, 7}, {1, 6}, {2, 5}], [{8, 4}, {3, 7}, {2, 6}, {1, 5}], [{8, 4}, {3, 7}, {5, 6}, {1, 2}], [{8, 4}, {5, 7}, {1, 6}, {2, 3}], [{8, 4}, {5, 7}, {2, 6}, {1, 3}], [{8, 4}, {5, 7}, {3, 6}, {1, 2}], [{8, 4}, {6, 7}, {1, 5}, {2, 3}], [{8, 4}, {6, 7}, {2, 5}, {1, 3}], [{8, 4}, {6, 7}, {3, 5}, {1, 2}], [{8, 4}, {6, 7}, {5}, {1, 3}, {2}], [{8, 5}, {1, 7}, {2, 6}, {3, 4}], [{8, 5}, {1, 7}, {3, 6}, {2, 4}], [{8, 5}, {1, 7}, {4, 6}, {2, 3}], [{8, 5}, {1, 7}, {6}, {4}, {2, 3}], [{8, 5}, {2, 7}, {1, 6}, {3, 4}], [{8, 5}, {2, 7}, {3, 6}, {1, 4}], [{8, 5}, {2, 7}, {4, 6}, {1, 3}], [{8, 5}, {3, 7}, {1, 6}, {2, 4}], [{8, 5}, {3, 7}, {2, 6}, {1, 4}], [{8, 5}, {3, 7}, {4, 6}, {1, 2}], [{8, 5}, {4, 7}, {1, 6}, {2, 3}], [{8, 5}, {4, 7}, {2, 6}, {1, 3}], [{8, 5}, {4, 7}, {3, 6}, {1, 2}], [{8, 5}, {6, 7}, {1, 4}, {2, 3}], [{8, 5}, {6, 7}, {1, 4}, {3}, {2}], [{8, 5}, {6, 7}, {2, 4}, {1, 3}], [{8, 5}, {6, 7}, {3, 4}, {1, 2}], [{8, 5}, {7}, {4, 6}, {2, 3}, {1}], [{8, 6}, {1, 7}, {2, 5}, {3, 4}], [{8, 6}, {1, 7}, {3, 5}, {2, 4}], [{8, 6}, {1, 7}, {3, 5}, {4}, {2}], [{8, 6}, {1, 7}, {4, 5}, {2, 3}], [{8, 6}, {1, 7}, {4, 5}, {3}, {2}], [{8, 6}, {1, 7}, {5}, {3, 4}, {2}], [{8, 6}, {2, 7}, {1, 5}, {3, 4}], [{8, 6}, {2, 7}, {3, 5}, {1, 4}], [{8, 6}, {2, 7}, {4, 5}, {1, 3}], [{8, 6}, {2, 7}, {5}, {1, 4}, {3}], [{8, 6}, {3, 7}, {1, 5}, {2, 4}], [{8, 6}, {3, 7}, {2, 5}, {1, 4}], [{8, 6}, {3, 7}, {4, 5}, {1, 2}], [{8, 6}, {4, 7}, {1, 5}, {2, 3}], [{8, 6}, {4, 7}, {2, 5}, {1, 3}], [{8, 6}, {4, 7}, {3, 5}, {1, 2}], [{8, 6}, {4, 7}, {5}, {1, 3}, {2}], [{8, 6}, {4, 7}, {5}, {2, 3}, {1}], [{8, 6}, {4, 7}, {5}, {3}, {1, 2}], [{8, 6}, {5, 7}, {1, 4}, {2, 3}], [{8, 6}, {5, 7}, {1, 4}, {3}, {2}], [{8, 6}, {5, 7}, {2, 4}, {1, 3}], [{8, 6}, {5, 7}, {3, 4}, {1, 2}], [{8, 6}, {7}, {2, 5}, {1, 4}, {3}], [{8, 7}, {1, 6}, {2, 5}, {3, 4}], [{8, 7}, {1, 6}, {3, 5}, {2, 4}], [{8, 7}, {1, 6}, {4, 5}, {2, 3}], [{8, 7}, {2, 6}, {1, 5}, {3, 4}], [{8, 7}, {2, 6}, {1, 5}, {4}, {3}], [{8, 7}, {2, 6}, {3, 5}, {1, 4}], [{8, 7}, {2, 6}, {4, 5}, {1, 3}], [{8, 7}, {3, 6}, {1, 5}, {2, 4}], [{8, 7}, {3, 6}, {1, 5}, {4}, {2}], [{8, 7}, {3, 6}, {2, 5}, {1, 4}], [{8, 7}, {3, 6}, {4, 5}, {1, 2}], [{8, 7}, {4, 6}, {1, 5}, {2, 3}], [{8, 7}, {4, 6}, {1, 5}, {3}, {2}], [{8, 7}, {4, 6}, {2, 5}, {1, 3}], [{8, 7}, {4, 6}, {3, 5}, {1, 2}], [{8, 7}, {5, 6}, {1, 4}, {2, 3}], [{8, 7}, {5, 6}, {2, 4}, {1, 3}], [{8, 7}, {5, 6}, {3, 4}, {1, 2}], [{8, 7}, {6}, {1, 5}, {2, 4}, {3}], [{8, 7}, {6}, {1, 5}, {3, 4}, {2}], [{8, 7}, {6}, {1, 5}, {4}, {2, 3}], [{8, 7}, {6}, {1, 5}, {4}, {3}, {2}], [{8, 7}, {6}, {3, 5}, {1, 4}, {2}], [{8, 7}, {6}, {4, 5}, {1, 3}, {2}], [{8}, {1, 7}, {2, 6}, {5}, {3, 4}], [{8}, {1, 7}, {6}, {4, 5}, {2, 3}], [{8}, {2, 7}, {1, 6}, {4, 5}, {3}], [{8}, {4, 7}, {6}, {2, 5}, {1, 3}], [{8}, {5, 7}, {1, 6}, {2, 4}, {3}], [{8}, {5, 7}, {4, 6}, {1, 3}, {2}]]",2,- 4 K_1^2 - 4 K_1 K_2 + 2 K_1 + 2 K_2 + 2 K_3 + 3,O1O2O3U4O5U2U1U6O4O7U3O6U8U5O8U7,O1O2O3U4O5U6U3U2O7U8O4O8U1O6U7U5,O1O2O3U4U5O6U3O7O8U7O5U2U1U6O4U8,c,{'O1O2O3U4O5U6U5O7U1O4O8U7U3U2O6U8'},1,"<a href=""/flatknot/8.1101764"">8.1101764</a>",t^9-37t^7-90t^6+39t^5+166t^4-28t^3-48t^2+t,0,,
8.1101765,O1O2O3U4O5U6U5O7U1O4O8U7U3U8O6U2,3,4z^2+49z+83,4w^3z^2-8w^3z+57w^2z+83w,False,False,"[[ 0 -1  1  1 -1  1 -2 -1  2],[ 1  0  1  1  1  0 -1  0  2],[-1 -1  0  0 -1  1 -2 -2  2],[-1 -1  0  0  0  0 -2 -1  2],[ 1 -1  1  0  0  1  0 -1  1],[-1  0 -1  0 -1  0 -1  0  0],[ 2  1  2  2  0  1  0  0  1],[ 1  0  2  1  1  0  0  0  1],[-2 -2 -2 -2 -1  0 -1 -1  0]]","[[ 0  2  1  1  1 -1 -1 -1 -2],[-2  0  0 -2 -2 -1 -1 -2 -1],[-1  0  0  0 -1  0 -1  0 -1],[-1  2  0  0  0 -1  0 -1 -2],[-1  2  1  0  0 -2 -1 -1 -2],[ 1  1  0  1  2  0  1  0  0],[ 1  1  1  0  1 -1  0 -1  0],[ 1  2  0  1  1  0  1  0 -1],[ 2  1  1  2  2  0  0  1  0]]",True,"[-2,-1,-1,-1,1,1,1,2,0,2,2,1,1,2,1,0,1,0,1,0,1,0,1,0,1,2,2,1,1,2,-1,0,0,1,0,1]","[-2,-1,-1,-1,1,1,1,2,-1,-1,1,1,2,2,3,0,0,1,1,2,1,1,1,0,1,1,2,2,1,2,0,1,0,1,1,1]",t^8+37t^6+142t^4+32t^2,"[-2,-1,-1,-1,1,1,1,2,0,1,1,1,1,2,3,-1,0,1,1,2,1,1,1,2,1,2,0,1,2,2,0,-1,-1,0,-1,1]","[-2,-1,-1,-1,1,1,1,2,-1,-1,1,1,2,2,3,0,0,1,1,2,1,1,1,0,1,1,2,2,1,2,0,1,0,1,1,1]","[-2,-1,-1,-1,1,1,1,2,0,0,1,1,2,2,1,-1,-1,1,0,1,1,0,0,1,2,1,0,1,1,2,0,-1,0,0,2,2]",c,"[[{8, 6}, {2, 7}, {4, 5}, {1, 3}], [{8, 6}, {3, 7}, {4, 5}, {1, 2}], [{8, 6}, {5, 7}, {2, 4}, {1, 3}], [{8, 6}, {5, 7}, {3, 4}, {1, 2}]]",1,12 K_1^3 - 20 K_1^2 - 16 K_1 K_2 - K_1 + 10 K_2 + 5 K_3 + 11,O1O2O3U2O4U5U1U6O5O7U3O6U8U4O8U7,O1O2O3U4O5U6U5U2O7U8O4O8U1O6U7U3,O1O2O3U1U4O5U3O6O7U6O4U2U8U5O8U7,c,{'O1O2O3U4O5U6U5O7U1O4O8U7U3U8O6U2'},1,"<a href=""/flatknot/8.1101765"">8.1101765</a>",t^9-37t^7-68t^6+106t^5+196t^4-103t^3-98t^2+24t,0,,
8.1101766,O1O2O3U4O5U6U5O7U1O4O8U7U8U2O6U3,4,2z^3+26z^2+105z+123,2w^4z^3+26w^3z^2+105w^2z+123w,False,False,"[[ 0 -1  1  2 -1  1 -2 -1  1],[ 1  0  1  1  1  0 -1  0  1],[-1 -1  0  0  0  0 -1 -2  1],[-2 -1  0  0 -2  1 -2 -2  1],[ 1 -1  0  2  0  1  0 -1  0],[-1  0  0 -1 -1  0 -1  0  0],[ 2  1  1  2  0  1  0  0  0],[ 1  0  2  2  1  0  0  0  1],[-1 -1 -1 -1  0  0  0 -1  0]]","[[ 0  2  1  1  1 -1 -1 -1 -2],[-2  0  1  1  0 -1 -2 -2 -2],[-1 -1  0  0  0  0  0 -1 -1],[-1 -1  0  0 -1 -1 -1  0  0],[-1  0  0  1  0 -1 -2  0 -1],[ 1  1  0  1  1  0  0  1 -1],[ 1  2  0  1  2  0  0  1  0],[ 1  2  1  0  0 -1 -1  0  0],[ 2  2  1  0  1  1  0  0  0]]",True,"[-2,-1,-1,-1,1,1,1,2,-1,-1,0,1,2,2,2,0,0,0,0,1,1,1,1,1,0,0,1,2,0,1,0,-1,1,-1,0,0]","[-2,-1,-1,-1,1,1,1,2,-1,-1,0,1,2,2,2,0,0,0,0,1,1,1,1,1,0,0,1,2,0,1,0,-1,1,-1,0,0]",t^8+29t^6+138t^4+76t^2+4,"[-2,-1,-1,-1,1,1,1,2,0,1,1,2,2,3,2,-1,0,1,2,1,2,1,2,1,2,1,0,2,1,1,0,-1,1,0,2,2]","[-2,-1,-1,-1,1,1,1,2,1,2,2,1,1,2,2,0,1,0,2,1,2,0,2,1,2,2,1,2,1,3,1,0,1,-1,1,0]","[-2,-1,-1,-1,1,1,1,2,0,0,1,0,1,1,2,-1,-1,0,0,1,2,0,1,2,0,2,1,1,0,1,-1,0,-1,0,0,-1]",c,"[[{8, 1}, {2, 7}, {3, 6}, {4, 5}], [{8, 1}, {2, 7}, {4, 6}, {3, 5}], [{8, 1}, {2, 7}, {5, 6}, {3, 4}], [{8, 1}, {3, 7}, {2, 6}, {4, 5}], [{8, 1}, {3, 7}, {4, 6}, {2, 5}], [{8, 1}, {3, 7}, {5, 6}, {2, 4}], [{8, 1}, {4, 7}, {2, 6}, {3, 5}], [{8, 1}, {4, 7}, {2, 6}, {5}, {3}], [{8, 1}, {4, 7}, {3, 6}, {2, 5}], [{8, 1}, {4, 7}, {5, 6}, {2, 3}], [{8, 1}, {4, 7}, {5, 6}, {3}, {2}], [{8, 1}, {4, 7}, {6}, {2, 5}, {3}], [{8, 1}, {5, 7}, {2, 6}, {3, 4}], [{8, 1}, {5, 7}, {3, 6}, {2, 4}], [{8, 1}, {5, 7}, {4, 6}, {2, 3}], [{8, 1}, {6, 7}, {2, 5}, {3, 4}], [{8, 1}, {6, 7}, {3, 5}, {2, 4}], [{8, 1}, {6, 7}, {4, 5}, {2, 3}], [{8, 1}, {6, 7}, {4, 5}, {3}, {2}], [{8, 2}, {1, 7}, {3, 6}, {4, 5}], [{8, 2}, {1, 7}, {4, 6}, {3, 5}], [{8, 2}, {1, 7}, {5, 6}, {3, 4}], [{8, 2}, {1, 7}, {6}, {4, 5}, {3}], [{8, 2}, {3, 7}, {1, 6}, {4, 5}], [{8, 2}, {3, 7}, {4, 6}, {1, 5}], [{8, 2}, {3, 7}, {5, 6}, {1, 4}], [{8, 2}, {4, 7}, {1, 6}, {3, 5}], [{8, 2}, {4, 7}, {3, 6}, {1, 5}], [{8, 2}, {4, 7}, {5, 6}, {1, 3}], [{8, 2}, {4, 7}, {6}, {5}, {1, 3}], [{8, 2}, {5, 7}, {1, 6}, {3, 4}], [{8, 2}, {5, 7}, {3, 6}, {1, 4}], [{8, 2}, {5, 7}, {4, 6}, {1, 3}], [{8, 2}, {5, 7}, {6}, {1, 4}, {3}], [{8, 2}, {6, 7}, {1, 5}, {3, 4}], [{8, 2}, {6, 7}, {3, 5}, {1, 4}], [{8, 2}, {6, 7}, {4, 5}, {1, 3}], [{8, 2}, {7}, {5, 6}, {4}, {1, 3}], [{8, 3}, {1, 7}, {2, 6}, {4, 5}], [{8, 3}, {1, 7}, {2, 6}, {5}, {4}], [{8, 3}, {1, 7}, {4, 6}, {2, 5}], [{8, 3}, {1, 7}, {5, 6}, {2, 4}], [{8, 3}, {2, 7}, {1, 6}, {4, 5}], [{8, 3}, {2, 7}, {4, 6}, {1, 5}], [{8, 3}, {2, 7}, {5, 6}, {1, 4}], [{8, 3}, {4, 7}, {1, 6}, {2, 5}], [{8, 3}, {4, 7}, {2, 6}, {1, 5}], [{8, 3}, {4, 7}, {5, 6}, {1, 2}], [{8, 3}, {4, 7}, {5, 6}, {2}, {1}], [{8, 3}, {5, 7}, {1, 6}, {2, 4}], [{8, 3}, {5, 7}, {2, 6}, {1, 4}], [{8, 3}, {5, 7}, {4, 6}, {1, 2}], [{8, 3}, {5, 7}, {4, 6}, {2}, {1}], [{8, 3}, {6, 7}, {1, 5}, {2, 4}], [{8, 3}, {6, 7}, {2, 5}, {1, 4}], [{8, 3}, {6, 7}, {4, 5}, {1, 2}], [{8, 3}, {6, 7}, {4, 5}, {2}, {1}], [{8, 4}, {1, 7}, {2, 6}, {3, 5}], [{8, 4}, {1, 7}, {3, 6}, {2, 5}], [{8, 4}, {1, 7}, {5, 6}, {2, 3}], [{8, 4}, {2, 7}, {1, 6}, {3, 5}], [{8, 4}, {2, 7}, {3, 6}, {1, 5}], [{8, 4}, {2, 7}, {5, 6}, {1, 3}], [{8, 4}, {2, 7}, {6}, {5}, {1, 3}], [{8, 4}, {3, 7}, {1, 6}, {2, 5}], [{8, 4}, {3, 7}, {2, 6}, {1, 5}], [{8, 4}, {3, 7}, {5, 6}, {1, 2}], [{8, 4}, {5, 7}, {1, 6}, {2, 3}], [{8, 4}, {5, 7}, {2, 6}, {1, 3}], [{8, 4}, {5, 7}, {3, 6}, {1, 2}], [{8, 4}, {6, 7}, {1, 5}, {2, 3}], [{8, 4}, {6, 7}, {2, 5}, {1, 3}], [{8, 4}, {6, 7}, {3, 5}, {1, 2}], [{8, 4}, {7}, {5, 6}, {1, 3}, {2}], [{8, 5}, {1, 7}, {2, 6}, {3, 4}], [{8, 5}, {1, 7}, {3, 6}, {2, 4}], [{8, 5}, {1, 7}, {4, 6}, {2, 3}], [{8, 5}, {2, 7}, {1, 6}, {3, 4}], [{8, 5}, {2, 7}, {3, 6}, {1, 4}], [{8, 5}, {2, 7}, {4, 6}, {1, 3}], [{8, 5}, {2, 7}, {6}, {4}, {1, 3}], [{8, 5}, {3, 7}, {1, 6}, {2, 4}], [{8, 5}, {3, 7}, {2, 6}, {1, 4}], [{8, 5}, {3, 7}, {4, 6}, {1, 2}], [{8, 5}, {4, 7}, {1, 6}, {2, 3}], [{8, 5}, {4, 7}, {1, 6}, {3}, {2}], [{8, 5}, {4, 7}, {2, 6}, {1, 3}], [{8, 5}, {4, 7}, {3, 6}, {1, 2}], [{8, 5}, {6, 7}, {1, 4}, {2, 3}], [{8, 5}, {6, 7}, {2, 4}, {1, 3}], [{8, 5}, {6, 7}, {2, 4}, {3}, {1}], [{8, 5}, {6, 7}, {3, 4}, {1, 2}], [{8, 6}, {1, 7}, {2, 5}, {3, 4}], [{8, 6}, {1, 7}, {3, 5}, {2, 4}], [{8, 6}, {1, 7}, {4, 5}, {2, 3}], [{8, 6}, {2, 7}, {1, 5}, {3, 4}], [{8, 6}, {2, 7}, {3, 5}, {1, 4}], [{8, 6}, {2, 7}, {4, 5}, {1, 3}], [{8, 6}, {2, 7}, {5}, {4}, {1, 3}], [{8, 6}, {3, 7}, {1, 5}, {2, 4}], [{8, 6}, {3, 7}, {2, 5}, {1, 4}], [{8, 6}, {3, 7}, {4, 5}, {1, 2}], [{8, 6}, {3, 7}, {4, 5}, {2}, {1}], [{8, 6}, {4, 7}, {1, 5}, {2, 3}], [{8, 6}, {4, 7}, {2, 5}, {1, 3}], [{8, 6}, {4, 7}, {3, 5}, {1, 2}], [{8, 6}, {5, 7}, {1, 4}, {2, 3}], [{8, 6}, {5, 7}, {2, 4}, {1, 3}], [{8, 6}, {5, 7}, {3, 4}, {1, 2}], [{8, 6}, {5, 7}, {4}, {1, 3}, {2}], [{8, 6}, {7}, {2, 5}, {4}, {1, 3}], [{8, 7}, {1, 6}, {2, 5}, {3, 4}], [{8, 7}, {1, 6}, {3, 5}, {2, 4}], [{8, 7}, {1, 6}, {4, 5}, {2, 3}], [{8, 7}, {2, 6}, {1, 5}, {3, 4}], [{8, 7}, {2, 6}, {3, 5}, {1, 4}], [{8, 7}, {2, 6}, {4, 5}, {1, 3}], [{8, 7}, {2, 6}, {5}, {1, 4}, {3}], [{8, 7}, {3, 6}, {1, 5}, {2, 4}], [{8, 7}, {3, 6}, {2, 5}, {1, 4}], [{8, 7}, {3, 6}, {4, 5}, {1, 2}], [{8, 7}, {4, 6}, {1, 5}, {2, 3}], [{8, 7}, {4, 6}, {2, 5}, {1, 3}], [{8, 7}, {4, 6}, {3, 5}, {1, 2}], [{8, 7}, {5, 6}, {1, 4}, {2, 3}], [{8, 7}, {5, 6}, {2, 4}, {1, 3}], [{8, 7}, {5, 6}, {3, 4}, {1, 2}], [{8, 7}, {5, 6}, {4}, {1, 3}, {2}], [{8, 7}, {6}, {3, 5}, {1, 4}, {2}], [{8, 7}, {6}, {5}, {2, 4}, {1, 3}], [{8}, {1, 7}, {3, 6}, {4, 5}, {2}], [{8}, {2, 7}, {4, 6}, {5}, {1, 3}], [{8}, {2, 7}, {5, 6}, {4}, {1, 3}], [{8}, {2, 7}, {6}, {4, 5}, {1, 3}], [{8}, {2, 7}, {6}, {5}, {4}, {1, 3}], [{8}, {3, 7}, {1, 6}, {5}, {2, 4}], [{8}, {4, 7}, {1, 6}, {5}, {2, 3}], [{8}, {4, 7}, {5, 6}, {1, 3}, {2}], [{8}, {5, 7}, {1, 6}, {3, 4}, {2}], [{8}, {5, 7}, {2, 6}, {3, 4}, {1}], [{8}, {5, 7}, {3, 6}, {1, 4}, {2}], [{8}, {5, 7}, {6}, {3, 4}, {1, 2}], [{8}, {6, 7}, {2, 5}, {1, 4}, {3}], [{8}, {6, 7}, {4, 5}, {1, 3}, {2}], [{8}, {6, 7}, {5}, {3, 4}, {1, 2}], [{8}, {7}, {2, 6}, {4, 5}, {1, 3}], [{8}, {7}, {5, 6}, {2, 4}, {1, 3}], [{8}, {7}, {5, 6}, {3, 4}, {1, 2}]]",2,12 K_1^3 - 16 K_1^2 - 8 K_1 K_2 - 5 K_1 + 8 K_2 + K_3 + 9,O1O2O3U1O4U2U5U6O5O7U3O6U8U4O8U7,O1O2O3U4O5U6U3U5O7U8O4O8U1O6U7U2,O1O2O3U2U4O5U3O6O7U6O4U8U1U5O8U7,c,{'O1O2O3U4O5U6U5O7U1O4O8U7U8U2O6U3'},1,"<a href=""/flatknot/8.1101766"">8.1101766</a>",t^9-29t^7-36t^6+108t^5+132t^4-23t^3-98t^2-56t-4,0,,
8.1101767,O1O2O3U4O5U6U5O7U1O4O8U7U8U3O6U2,4,19z^2+104z+133,19w^3z^2+104w^2z+133w,False,False,"[[ 0 -1  1  2 -1  1 -2 -1  1],[ 1  0  1  1  1  0 -1  0  1],[-1 -1  0  1 -1  1 -2 -2  1],[-2 -1 -1  0 -1  0 -2 -2  1],[ 1 -1  1  1  0  1  0 -1  0],[-1  0 -1  0 -1  0 -1  0  0],[ 2  1  2  2  0  1  0  0  0],[ 1  0  2  2  1  0  0  0  1],[-1 -1 -1 -1  0  0  0 -1  0]]","[[ 0  2  1  1  1 -1 -1 -1 -2],[-2  0  1  0 -1 -1 -1 -2 -2],[-1 -1  0  0 -1  0 -1 -1  0],[-1  0  0  0 -1 -1  0  0 -1],[-1  1  1  1  0 -1 -1 -2 -2],[ 1  1  0  1  1  0 -1 -1  0],[ 1  1  1  0  1  1  0  0 -1],[ 1  2  1  0  2  1  0  0  0],[ 2  2  0  1  2  0  1  0  0]]",True,"[-2,-1,-1,-1,1,1,1,2,-1,0,1,1,1,2,2,0,1,0,1,1,0,1,1,0,0,1,1,1,2,2,1,1,0,0,1,0]","[-2,-1,-1,-1,1,1,1,2,-1,0,1,1,1,2,2,0,1,0,1,1,0,1,1,0,0,1,1,1,2,2,1,1,0,0,1,0]",t^8+31t^6+114t^4+40t^2+1,"[-2,-1,-1,-1,1,1,1,2,0,1,1,1,2,3,2,-1,0,1,2,1,2,1,1,1,2,2,0,2,1,1,-1,-1,0,0,1,2]","[-2,-1,-1,-1,1,1,1,2,0,1,2,1,2,2,2,1,1,0,1,1,1,0,2,1,2,2,1,2,1,3,1,0,1,-1,1,0]","[-2,-1,-1,-1,1,1,1,2,0,0,1,0,1,2,2,-1,-1,0,1,1,1,0,1,0,2,2,1,0,1,1,0,-1,-1,-1,0,1]",c,"[[{8, 1}, {2, 7}, {3, 6}, {4, 5}], [{8, 1}, {2, 7}, {4, 6}, {3, 5}], [{8, 1}, {2, 7}, {5, 6}, {3, 4}], [{8, 1}, {3, 7}, {2, 6}, {4, 5}], [{8, 1}, {3, 7}, {4, 6}, {2, 5}], [{8, 1}, {3, 7}, {5, 6}, {2, 4}], [{8, 1}, {4, 7}, {2, 6}, {3, 5}], [{8, 1}, {4, 7}, {3, 6}, {2, 5}], [{8, 1}, {4, 7}, {3, 6}, {5}, {2}], [{8, 1}, {4, 7}, {5, 6}, {2, 3}], [{8, 1}, {4, 7}, {6}, {2, 5}, {3}], [{8, 1}, {5, 7}, {2, 6}, {3, 4}], [{8, 1}, {5, 7}, {3, 6}, {2, 4}], [{8, 1}, {5, 7}, {4, 6}, {2, 3}], [{8, 1}, {5, 7}, {4, 6}, {3}, {2}], [{8, 1}, {6, 7}, {2, 5}, {3, 4}], [{8, 1}, {6, 7}, {3, 5}, {2, 4}], [{8, 1}, {6, 7}, {4, 5}, {2, 3}], [{8, 1}, {6, 7}, {5}, {3, 4}, {2}], [{8, 2}, {1, 7}, {3, 6}, {4, 5}], [{8, 2}, {1, 7}, {3, 6}, {5}, {4}], [{8, 2}, {1, 7}, {4, 6}, {3, 5}], [{8, 2}, {1, 7}, {5, 6}, {3, 4}], [{8, 2}, {1, 7}, {6}, {4, 5}, {3}], [{8, 2}, {3, 7}, {1, 6}, {4, 5}], [{8, 2}, {3, 7}, {4, 6}, {1, 5}], [{8, 2}, {3, 7}, {5, 6}, {1, 4}], [{8, 2}, {4, 7}, {1, 6}, {3, 5}], [{8, 2}, {4, 7}, {3, 6}, {1, 5}], [{8, 2}, {4, 7}, {5, 6}, {1, 3}], [{8, 2}, {5, 7}, {1, 6}, {3, 4}], [{8, 2}, {5, 7}, {3, 6}, {1, 4}], [{8, 2}, {5, 7}, {4, 6}, {1, 3}], [{8, 2}, {6, 7}, {1, 5}, {3, 4}], [{8, 2}, {6, 7}, {3, 5}, {1, 4}], [{8, 2}, {6, 7}, {4, 5}, {1, 3}], [{8, 3}, {1, 7}, {2, 6}, {4, 5}], [{8, 3}, {1, 7}, {4, 6}, {2, 5}], [{8, 3}, {1, 7}, {5, 6}, {2, 4}], [{8, 3}, {1, 7}, {6}, {5}, {2, 4}], [{8, 3}, {2, 7}, {1, 6}, {4, 5}], [{8, 3}, {2, 7}, {4, 6}, {1, 5}], [{8, 3}, {2, 7}, {5, 6}, {1, 4}], [{8, 3}, {4, 7}, {1, 6}, {2, 5}], [{8, 3}, {4, 7}, {2, 6}, {1, 5}], [{8, 3}, {4, 7}, {5, 6}, {1, 2}], [{8, 3}, {5, 7}, {1, 6}, {2, 4}], [{8, 3}, {5, 7}, {2, 6}, {1, 4}], [{8, 3}, {5, 7}, {4, 6}, {1, 2}], [{8, 3}, {6, 7}, {1, 5}, {2, 4}], [{8, 3}, {6, 7}, {2, 5}, {1, 4}], [{8, 3}, {6, 7}, {4, 5}, {1, 2}], [{8, 3}, {7}, {1, 6}, {4, 5}, {2}], [{8, 4}, {1, 7}, {2, 6}, {3, 5}], [{8, 4}, {1, 7}, {3, 6}, {2, 5}], [{8, 4}, {1, 7}, {3, 6}, {5}, {2}], [{8, 4}, {1, 7}, {5, 6}, {2, 3}], [{8, 4}, {1, 7}, {6}, {2, 5}, {3}], [{8, 4}, {2, 7}, {1, 6}, {3, 5}], [{8, 4}, {2, 7}, {3, 6}, {1, 5}], [{8, 4}, {2, 7}, {5, 6}, {1, 3}], [{8, 4}, {3, 7}, {1, 6}, {2, 5}], [{8, 4}, {3, 7}, {2, 6}, {1, 5}], [{8, 4}, {3, 7}, {5, 6}, {1, 2}], [{8, 4}, {5, 7}, {1, 6}, {2, 3}], [{8, 4}, {5, 7}, {1, 6}, {3}, {2}], [{8, 4}, {5, 7}, {2, 6}, {1, 3}], [{8, 4}, {5, 7}, {3, 6}, {1, 2}], [{8, 4}, {6, 7}, {1, 5}, {2, 3}], [{8, 4}, {6, 7}, {2, 5}, {1, 3}], [{8, 4}, {6, 7}, {3, 5}, {1, 2}], [{8, 4}, {6, 7}, {3, 5}, {2}, {1}], [{8, 4}, {6, 7}, {5}, {3}, {1, 2}], [{8, 4}, {7}, {1, 6}, {5}, {2, 3}], [{8, 5}, {1, 7}, {2, 6}, {3, 4}], [{8, 5}, {1, 7}, {3, 6}, {2, 4}], [{8, 5}, {1, 7}, {3, 6}, {4}, {2}], [{8, 5}, {1, 7}, {4, 6}, {2, 3}], [{8, 5}, {1, 7}, {6}, {2, 4}, {3}], [{8, 5}, {2, 7}, {1, 6}, {3, 4}], [{8, 5}, {2, 7}, {1, 6}, {4}, {3}], [{8, 5}, {2, 7}, {3, 6}, {1, 4}], [{8, 5}, {2, 7}, {4, 6}, {1, 3}], [{8, 5}, {3, 7}, {1, 6}, {2, 4}], [{8, 5}, {3, 7}, {2, 6}, {1, 4}], [{8, 5}, {3, 7}, {4, 6}, {1, 2}], [{8, 5}, {4, 7}, {1, 6}, {2, 3}], [{8, 5}, {4, 7}, {1, 6}, {3}, {2}], [{8, 5}, {4, 7}, {2, 6}, {1, 3}], [{8, 5}, {4, 7}, {3, 6}, {1, 2}], [{8, 5}, {6, 7}, {1, 4}, {2, 3}], [{8, 5}, {6, 7}, {2, 4}, {1, 3}], [{8, 5}, {6, 7}, {2, 4}, {3}, {1}], [{8, 5}, {6, 7}, {3, 4}, {1, 2}], [{8, 5}, {7}, {1, 6}, {2, 4}, {3}], [{8, 5}, {7}, {2, 6}, {1, 4}, {3}], [{8, 5}, {7}, {4, 6}, {1, 3}, {2}], [{8, 6}, {1, 7}, {2, 5}, {3, 4}], [{8, 6}, {1, 7}, {3, 5}, {2, 4}], [{8, 6}, {1, 7}, {4, 5}, {2, 3}], [{8, 6}, {1, 7}, {5}, {2, 4}, {3}], [{8, 6}, {2, 7}, {1, 5}, {3, 4}], [{8, 6}, {2, 7}, {3, 5}, {1, 4}], [{8, 6}, {2, 7}, {4, 5}, {1, 3}], [{8, 6}, {3, 7}, {1, 5}, {2, 4}], [{8, 6}, {3, 7}, {2, 5}, {1, 4}], [{8, 6}, {3, 7}, {4, 5}, {1, 2}], [{8, 6}, {4, 7}, {1, 5}, {2, 3}], [{8, 6}, {4, 7}, {2, 5}, {1, 3}], [{8, 6}, {4, 7}, {3, 5}, {1, 2}], [{8, 6}, {4, 7}, {3, 5}, {2}, {1}], [{8, 6}, {4, 7}, {5}, {3}, {1, 2}], [{8, 6}, {5, 7}, {1, 4}, {2, 3}], [{8, 6}, {5, 7}, {1, 4}, {3}, {2}], [{8, 6}, {5, 7}, {2, 4}, {1, 3}], [{8, 6}, {5, 7}, {3, 4}, {1, 2}], [{8, 6}, {7}, {4, 5}, {1, 3}, {2}], [{8, 7}, {1, 6}, {2, 5}, {3, 4}], [{8, 7}, {1, 6}, {3, 5}, {2, 4}], [{8, 7}, {1, 6}, {4, 5}, {2, 3}], [{8, 7}, {1, 6}, {4, 5}, {3}, {2}], [{8, 7}, {1, 6}, {5}, {4}, {2, 3}], [{8, 7}, {2, 6}, {1, 5}, {3, 4}], [{8, 7}, {2, 6}, {3, 5}, {1, 4}], [{8, 7}, {2, 6}, {4, 5}, {1, 3}], [{8, 7}, {3, 6}, {1, 5}, {2, 4}], [{8, 7}, {3, 6}, {2, 5}, {1, 4}], [{8, 7}, {3, 6}, {4, 5}, {1, 2}], [{8, 7}, {3, 6}, {5}, {1, 4}, {2}], [{8, 7}, {4, 6}, {1, 5}, {2, 3}], [{8, 7}, {4, 6}, {2, 5}, {1, 3}], [{8, 7}, {4, 6}, {3, 5}, {1, 2}], [{8, 7}, {4, 6}, {3, 5}, {2}, {1}], [{8, 7}, {4, 6}, {5}, {3}, {1, 2}], [{8, 7}, {5, 6}, {1, 4}, {2, 3}], [{8, 7}, {5, 6}, {2, 4}, {1, 3}], [{8, 7}, {5, 6}, {3, 4}, {1, 2}], [{8, 7}, {6}, {2, 5}, {1, 4}, {3}], [{8}, {1, 7}, {3, 6}, {2, 5}, {4}], [{8}, {1, 7}, {3, 6}, {4, 5}, {2}], [{8}, {1, 7}, {3, 6}, {5}, {2, 4}], [{8}, {1, 7}, {5, 6}, {2, 4}, {3}], [{8}, {1, 7}, {5, 6}, {3, 4}, {2}], [{8}, {1, 7}, {5, 6}, {4}, {2, 3}], [{8}, {1, 7}, {6}, {3, 5}, {2, 4}], [{8}, {1, 7}, {6}, {5}, {2, 4}, {3}], [{8}, {2, 7}, {1, 6}, {5}, {3, 4}], [{8}, {2, 7}, {5, 6}, {3, 4}, {1}], [{8}, {2, 7}, {6}, {1, 5}, {3, 4}], [{8}, {3, 7}, {1, 6}, {4, 5}, {2}], [{8}, {3, 7}, {2, 6}, {4, 5}, {1}], [{8}, {3, 7}, {5, 6}, {1, 4}, {2}], [{8}, {3, 7}, {6}, {1, 5}, {2, 4}], [{8}, {3, 7}, {6}, {4, 5}, {1, 2}], [{8}, {4, 7}, {1, 6}, {5}, {2, 3}], [{8}, {5, 7}, {2, 6}, {3, 4}, {1}], [{8}, {5, 7}, {6}, {2, 4}, {1, 3}], [{8}, {7}, {5, 6}, {3, 4}, {1, 2}]]",2,8 K_1^3 - 28 K_1^2 - 16 K_1 K_2 + 2 K_1 + 14 K_2 + 6 K_3 + 15,O1O2O3U2O4U1U5U6O5O7U3O6U8U4O8U7,O1O2O3U4O5U6U5U3O7U8O4O8U1O6U7U2,O1O2O3U2U4O5U3O6O7U6O4U1U8U5O8U7,c,{'O1O2O3U4O5U6U5O7U1O4O8U7U8U3O6U2'},1,"<a href=""/flatknot/8.1101767"">8.1101767</a>",t^9-31t^7-56t^6+46t^5+108t^4+45t^3-50t^2-6t,0,,
8.1101768,O1O2O3U4O5U6U5O7U2O4O8U1U3U8O6U7,4,z^3+19z^2+85z+103,w^4z^3+19w^3z^2+85w^2z+103w,False,False,"[[ 0 -2  0  1 -1  1 -2  1  2],[ 2  0  1  2  1  0 -1  2  2],[ 0 -1  0  0  0  0 -1  0  1],[-1 -2  0  0 -1  0 -2  0  1],[ 1 -1  0  1  0  1 -1  2  2],[-1  0  0  0 -1  0 -1 -1  0],[ 2  1  1  2  1  1  0  1  2],[-1 -2  0  0 -2  1 -1  0  0],[-2 -2 -1 -1 -2  0 -2  0  0]]","[[ 0  2  1  1  1  0 -1 -2 -2],[-2  0  0  0 -1 -1 -2 -2 -2],[-1  0  0  1  0  0 -2 -1 -2],[-1  0 -1  0  0  0 -1 -1  0],[-1  1  0  0  0  0 -1 -2 -2],[ 0  1  0  0  0  0  0 -1 -1],[ 1  2  2  1  1  0  0 -1 -1],[ 2  2  1  1  2  1  1  0  1],[ 2  2  2  0  2  1  1 -1  0]]",True,"[-2,-1,-1,-1,0,1,2,2,0,0,1,1,2,2,2,-1,0,0,2,1,2,0,0,1,1,0,0,1,2,2,0,1,1,1,1,-1]","[-2,-2,-1,0,1,1,1,2,-1,0,1,1,2,2,2,0,1,1,1,3,2,1,1,0,1,1,1,1,1,1,0,0,0,-1,1,1]",t^8+40t^6+136t^4+84t^2,"[-2,-2,-1,0,1,1,1,2,-1,0,1,1,2,2,2,0,1,1,1,3,2,1,1,0,1,1,1,1,1,1,0,0,0,-1,1,1]","[-2,-1,-1,-1,0,1,2,2,0,1,1,1,1,2,2,0,0,1,1,1,1,-1,1,1,2,3,1,0,2,1,1,1,1,0,0,1]","[-2,-2,-1,0,1,1,1,2,-1,1,1,0,2,2,2,1,1,1,1,2,2,0,1,2,1,2,0,0,0,1,-1,0,0,0,0,1]",c,"[[{8, 3}, {4, 7}, {2, 6}, {1, 5}]]",1,8 K_1^3 - 18 K_1^2 - 12 K_1 K_2 + 9 K_2 + 4 K_3 + 10,O1O2O3U4O5U6U1U3O6O7U2O4U8U5O8U7,O1O2O3U4O5U1U6U2O7U8O4O8U5O6U7U3,O1O2O3U1U4O5U6O7O8U7O4U2U5U3O6U8,c,{'O1O2O3U4O5U6U5O7U2O4O8U1U3U8O6U7'},1,"<a href=""/flatknot/8.1101768"">8.1101768</a>",t^9-42t^7-106t^6+23t^5+224t^4+138t^3+42t^2+12t-2,t^2-2t,,
8.1101769,O1O2O3U4O5U6U5O7U2O4O8U1U7U8O6U3,3,16z^2+73z+83,16w^3z^2+73w^2z+83w,False,False,"[[ 0 -2  0  2 -1  1 -2  0  2],[ 2  0  1  3  1  0 -1  1  2],[ 0 -1  0  0  0  0 -1  0  1],[-2 -3  0  0 -2  1 -2 -2  1],[ 1 -1  0  2  0  1  0  0  1],[-1  0  0 -1 -1  0 -1  0  0],[ 2  1  1  2  0  1  0  1  1],[ 0 -1  0  2  0  0 -1  0  1],[-2 -2 -1 -1 -1  0 -1 -1  0]]","[[ 0  2  2  1  0  0 -1 -2 -2],[-2  0  1  1  0 -2 -2 -2 -3],[-2 -1  0  0 -1 -1 -1 -1 -2],[-1 -1  0  0  0  0 -1 -1  0],[ 0  0  1  0  0  0  0 -1 -1],[ 0  2  1  0  0  0  0 -1 -1],[ 1  2  1  1  0  0  0  0 -1],[ 2  2  1  1  1  1  0  0  1],[ 2  3  2  0  1  1  1 -1  0]]",True,"[-2,-2,-1,0,0,1,2,2,-1,-1,0,2,2,2,3,0,1,1,1,1,2,0,0,1,1,0,0,0,1,1,0,1,1,0,1,-1]","[-2,-2,-1,0,0,1,2,2,-1,-1,0,2,2,2,3,0,1,1,1,1,2,0,0,1,1,0,0,0,1,1,0,1,1,0,1,-1]",t^8+39t^6+132t^4+60t^2,"[-2,-2,-1,0,0,1,2,2,-1,1,1,1,2,2,3,0,1,1,3,1,2,1,1,1,1,2,0,1,0,1,1,2,1,2,1,-1]","[-2,-2,-1,0,0,1,2,2,-1,1,1,1,2,2,3,2,0,2,1,1,2,1,1,1,3,2,0,1,1,1,1,1,1,0,1,-1]","[-2,-2,-1,0,0,1,2,2,-1,1,1,1,0,2,3,0,1,1,1,1,2,0,0,1,1,2,0,0,1,0,0,1,2,0,-1,-1]",c,"[[{8, 1}, {2, 7}, {3, 6}, {4, 5}], [{8, 6}, {2, 7}, {4, 5}, {1, 3}]]",0,16 K_1^3 - 20 K_1^2 - 16 K_1 K_2 - 4 K_1 + 10 K_2 + 4 K_3 + 11,O1O2O3U1O4U5U6U3O5O7U2O6U8U4O8U7,O1O2O3U4O5U1U6U5O7U8O4O8U2O6U7U3,O1O2O3U1U4O5U2O6O7U6O4U8U5U3O8U7,c,{'O1O2O3U4O5U6U5O7U2O4O8U1U7U8O6U3'},1,"<a href=""/flatknot/8.1101769"">8.1101769</a>",t^9-39t^7-100t^6+16t^5+184t^4+6t^3-104t^2+24t,0,,
8.1101770,O1O2O3U4O5U6U5O7U2O4O8U1U8U3O6U7,4,2z^3+27z^2+106z+121,2w^4z^3+27w^3z^2+106w^2z+121w,False,False,"[[ 0 -2  0  2 -1  1 -2  1  1],[ 2  0  1  3  1  0 -1  2  1],[ 0 -1  0  0  0  0 -1  0  0],[-2 -3  0  0 -2  0 -2 -1  0],[ 1 -1  0  2  0  1 -1  2  1],[-1  0  0  0 -1  0 -1 -1  0],[ 2  1  1  2  1  1  0  1  1],[-1 -2  0  1 -2  1 -1  0  0],[-1 -1  0  0 -1  0 -1  0  0]]","[[ 0  2  1  1  1  0 -1 -2 -2],[-2  0  0  0 -1  0 -2 -2 -3],[-1  0  0  0  0  0 -1 -1 -1],[-1  0  0  0 -1  0 -1 -1  0],[-1  1  0  1  0  0 -2 -1 -2],[ 0  0  0  0  0  0  0 -1 -1],[ 1  2  1  1  2  0  0 -1 -1],[ 2  2  1  1  1  1  1  0  1],[ 2  3  1  0  2  1  1 -1  0]]",True,"[-2,-1,-1,-1,0,1,2,2,0,0,1,0,2,2,3,0,0,0,1,1,1,1,0,1,1,0,0,2,1,2,0,1,1,1,1,-1]","[-2,-2,-1,0,1,1,1,2,-1,0,1,2,2,2,2,0,1,1,2,3,1,1,0,1,1,1,1,1,1,2,0,-1,0,0,1,1]",t^8+38t^6+111t^4+59t^2+4,"[-2,-2,-1,0,1,1,1,2,-1,0,1,2,2,2,2,0,1,1,2,3,1,1,0,1,1,1,1,1,1,2,0,-1,0,0,1,1]","[-2,-1,-1,-1,0,1,2,2,0,1,1,2,1,1,2,0,1,1,0,1,2,0,1,1,2,2,1,1,3,2,1,1,1,0,0,-1]","[-2,-2,-1,0,1,1,1,2,-1,1,1,0,1,2,3,1,1,1,1,1,2,0,1,1,2,2,0,0,0,0,0,-1,0,0,0,1]",c,"[[{8, 1}, {2, 7}, {3, 6}, {4, 5}], [{8, 1}, {2, 7}, {3, 6}, {5}, {4}], [{8, 1}, {2, 7}, {4, 6}, {3, 5}], [{8, 1}, {2, 7}, {5, 6}, {3, 4}], [{8, 1}, {2, 7}, {6}, {4, 5}, {3}], [{8, 1}, {3, 7}, {2, 6}, {4, 5}], [{8, 1}, {3, 7}, {4, 6}, {2, 5}], [{8, 1}, {3, 7}, {5, 6}, {2, 4}], [{8, 1}, {4, 7}, {2, 6}, {3, 5}], [{8, 1}, {4, 7}, {3, 6}, {2, 5}], [{8, 1}, {4, 7}, {5, 6}, {2, 3}], [{8, 1}, {4, 7}, {6}, {2, 5}, {3}], [{8, 1}, {5, 7}, {2, 6}, {3, 4}], [{8, 1}, {5, 7}, {3, 6}, {2, 4}], [{8, 1}, {5, 7}, {3, 6}, {4}, {2}], [{8, 1}, {5, 7}, {4, 6}, {2, 3}], [{8, 1}, {5, 7}, {6}, {2, 4}, {3}], [{8, 1}, {6, 7}, {2, 5}, {3, 4}], [{8, 1}, {6, 7}, {3, 5}, {2, 4}], [{8, 1}, {6, 7}, {4, 5}, {2, 3}], [{8, 1}, {6, 7}, {5}, {4}, {2, 3}], [{8, 1}, {7}, {2, 6}, {3, 5}, {4}], [{8, 1}, {7}, {3, 6}, {2, 5}, {4}], [{8, 2}, {1, 7}, {3, 6}, {4, 5}], [{8, 2}, {1, 7}, {4, 6}, {3, 5}], [{8, 2}, {1, 7}, {5, 6}, {3, 4}], [{8, 2}, {1, 7}, {5, 6}, {4}, {3}], [{8, 2}, {3, 7}, {1, 6}, {4, 5}], [{8, 2}, {3, 7}, {4, 6}, {1, 5}], [{8, 2}, {3, 7}, {5, 6}, {1, 4}], [{8, 2}, {3, 7}, {5, 6}, {4}, {1}], [{8, 2}, {4, 7}, {1, 6}, {3, 5}], [{8, 2}, {4, 7}, {1, 6}, {5}, {3}], [{8, 2}, {4, 7}, {3, 6}, {1, 5}], [{8, 2}, {4, 7}, {5, 6}, {1, 3}], [{8, 2}, {4, 7}, {5, 6}, {3}, {1}], [{8, 2}, {4, 7}, {6}, {1, 5}, {3}], [{8, 2}, {5, 7}, {1, 6}, {3, 4}], [{8, 2}, {5, 7}, {3, 6}, {1, 4}], [{8, 2}, {5, 7}, {4, 6}, {1, 3}], [{8, 2}, {5, 7}, {6}, {4}, {1, 3}], [{8, 2}, {6, 7}, {1, 5}, {3, 4}], [{8, 2}, {6, 7}, {3, 5}, {1, 4}], [{8, 2}, {6, 7}, {4, 5}, {1, 3}], [{8, 2}, {6, 7}, {5}, {4}, {1, 3}], [{8, 2}, {7}, {3, 6}, {1, 5}, {4}], [{8, 2}, {7}, {4, 6}, {3, 5}, {1}], [{8, 2}, {7}, {5, 6}, {1, 4}, {3}], [{8, 2}, {7}, {5, 6}, {3, 4}, {1}], [{8, 2}, {7}, {5, 6}, {4}, {1, 3}], [{8, 3}, {1, 7}, {2, 6}, {4, 5}], [{8, 3}, {1, 7}, {2, 6}, {5}, {4}], [{8, 3}, {1, 7}, {4, 6}, {2, 5}], [{8, 3}, {1, 7}, {5, 6}, {2, 4}], [{8, 3}, {2, 7}, {1, 6}, {4, 5}], [{8, 3}, {2, 7}, {4, 6}, {1, 5}], [{8, 3}, {2, 7}, {5, 6}, {1, 4}], [{8, 3}, {4, 7}, {1, 6}, {2, 5}], [{8, 3}, {4, 7}, {2, 6}, {1, 5}], [{8, 3}, {4, 7}, {5, 6}, {1, 2}], [{8, 3}, {4, 7}, {6}, {5}, {1, 2}], [{8, 3}, {5, 7}, {1, 6}, {2, 4}], [{8, 3}, {5, 7}, {2, 6}, {1, 4}], [{8, 3}, {5, 7}, {4, 6}, {1, 2}], [{8, 3}, {5, 7}, {6}, {1, 4}, {2}], [{8, 3}, {6, 7}, {1, 5}, {2, 4}], [{8, 3}, {6, 7}, {2, 5}, {1, 4}], [{8, 3}, {6, 7}, {4, 5}, {1, 2}], [{8, 3}, {7}, {1, 6}, {4, 5}, {2}], [{8, 3}, {7}, {4, 6}, {2, 5}, {1}], [{8, 3}, {7}, {6}, {1, 5}, {2, 4}], [{8, 4}, {1, 7}, {2, 6}, {3, 5}], [{8, 4}, {1, 7}, {2, 6}, {5}, {3}], [{8, 4}, {1, 7}, {3, 6}, {2, 5}], [{8, 4}, {1, 7}, {5, 6}, {2, 3}], [{8, 4}, {2, 7}, {1, 6}, {3, 5}], [{8, 4}, {2, 7}, {3, 6}, {1, 5}], [{8, 4}, {2, 7}, {3, 6}, {5}, {1}], [{8, 4}, {2, 7}, {5, 6}, {1, 3}], [{8, 4}, {2, 7}, {6}, {1, 5}, {3}], [{8, 4}, {3, 7}, {1, 6}, {2, 5}], [{8, 4}, {3, 7}, {2, 6}, {1, 5}], [{8, 4}, {3, 7}, {5, 6}, {1, 2}], [{8, 4}, {5, 7}, {1, 6}, {2, 3}], [{8, 4}, {5, 7}, {2, 6}, {1, 3}], [{8, 4}, {5, 7}, {3, 6}, {1, 2}], [{8, 4}, {5, 7}, {6}, {2, 3}, {1}], [{8, 4}, {6, 7}, {1, 5}, {2, 3}], [{8, 4}, {6, 7}, {2, 5}, {1, 3}], [{8, 4}, {6, 7}, {3, 5}, {1, 2}], [{8, 4}, {7}, {2, 6}, {3, 5}, {1}], [{8, 5}, {1, 7}, {2, 6}, {3, 4}], [{8, 5}, {1, 7}, {2, 6}, {4}, {3}], [{8, 5}, {1, 7}, {3, 6}, {2, 4}], [{8, 5}, {1, 7}, {4, 6}, {2, 3}], [{8, 5}, {2, 7}, {1, 6}, {3, 4}], [{8, 5}, {2, 7}, {3, 6}, {1, 4}], [{8, 5}, {2, 7}, {3, 6}, {4}, {1}], [{8, 5}, {2, 7}, {4, 6}, {1, 3}], [{8, 5}, {2, 7}, {6}, {1, 4}, {3}], [{8, 5}, {3, 7}, {1, 6}, {2, 4}], [{8, 5}, {3, 7}, {2, 6}, {1, 4}], [{8, 5}, {3, 7}, {4, 6}, {1, 2}], [{8, 5}, {4, 7}, {1, 6}, {2, 3}], [{8, 5}, {4, 7}, {1, 6}, {3}, {2}], [{8, 5}, {4, 7}, {2, 6}, {1, 3}], [{8, 5}, {4, 7}, {3, 6}, {1, 2}], [{8, 5}, {6, 7}, {1, 4}, {2, 3}], [{8, 5}, {6, 7}, {2, 4}, {1, 3}], [{8, 5}, {6, 7}, {3, 4}, {1, 2}], [{8, 5}, {6, 7}, {4}, {1, 3}, {2}], [{8, 5}, {7}, {6}, {2, 4}, {1, 3}], [{8, 5}, {7}, {6}, {3, 4}, {1, 2}], [{8, 6}, {1, 7}, {2, 5}, {3, 4}], [{8, 6}, {1, 7}, {2, 5}, {4}, {3}], [{8, 6}, {1, 7}, {3, 5}, {2, 4}], [{8, 6}, {1, 7}, {4, 5}, {2, 3}], [{8, 6}, {2, 7}, {1, 5}, {3, 4}], [{8, 6}, {2, 7}, {3, 5}, {1, 4}], [{8, 6}, {2, 7}, {4, 5}, {1, 3}], [{8, 6}, {2, 7}, {5}, {4}, {1, 3}], [{8, 6}, {3, 7}, {1, 5}, {2, 4}], [{8, 6}, {3, 7}, {2, 5}, {1, 4}], [{8, 6}, {3, 7}, {2, 5}, {4}, {1}], [{8, 6}, {3, 7}, {4, 5}, {1, 2}], [{8, 6}, {4, 7}, {1, 5}, {2, 3}], [{8, 6}, {4, 7}, {1, 5}, {3}, {2}], [{8, 6}, {4, 7}, {2, 5}, {1, 3}], [{8, 6}, {4, 7}, {2, 5}, {3}, {1}], [{8, 6}, {4, 7}, {3, 5}, {1, 2}], [{8, 6}, {4, 7}, {5}, {3}, {1, 2}], [{8, 6}, {5, 7}, {1, 4}, {2, 3}], [{8, 6}, {5, 7}, {2, 4}, {1, 3}], [{8, 6}, {5, 7}, {3, 4}, {1, 2}], [{8, 6}, {5, 7}, {4}, {1, 3}, {2}], [{8, 6}, {7}, {1, 5}, {4}, {2, 3}], [{8, 6}, {7}, {2, 5}, {1, 4}, {3}], [{8, 6}, {7}, {2, 5}, {3, 4}, {1}], [{8, 6}, {7}, {2, 5}, {4}, {1, 3}], [{8, 6}, {7}, {3, 5}, {2, 4}, {1}], [{8, 7}, {1, 6}, {2, 5}, {3, 4}], [{8, 7}, {1, 6}, {3, 5}, {2, 4}], [{8, 7}, {1, 6}, {4, 5}, {2, 3}], [{8, 7}, {1, 6}, {4, 5}, {3}, {2}], [{8, 7}, {2, 6}, {1, 5}, {3, 4}], [{8, 7}, {2, 6}, {3, 5}, {1, 4}], [{8, 7}, {2, 6}, {3, 5}, {4}, {1}], [{8, 7}, {2, 6}, {4, 5}, {1, 3}], [{8, 7}, {3, 6}, {1, 5}, {2, 4}], [{8, 7}, {3, 6}, {1, 5}, {4}, {2}], [{8, 7}, {3, 6}, {2, 5}, {1, 4}], [{8, 7}, {3, 6}, {4, 5}, {1, 2}], [{8, 7}, {4, 6}, {1, 5}, {2, 3}], [{8, 7}, {4, 6}, {2, 5}, {1, 3}], [{8, 7}, {4, 6}, {3, 5}, {1, 2}], [{8, 7}, {5, 6}, {1, 4}, {2, 3}], [{8, 7}, {5, 6}, {2, 4}, {1, 3}], [{8, 7}, {5, 6}, {3, 4}, {1, 2}], [{8, 7}, {5, 6}, {3, 4}, {2}, {1}], [{8, 7}, {6}, {1, 5}, {2, 4}, {3}], [{8, 7}, {6}, {2, 5}, {4}, {1, 3}], [{8, 7}, {6}, {5}, {3, 4}, {1, 2}], [{8}, {1, 7}, {2, 6}, {3, 5}, {4}], [{8}, {1, 7}, {2, 6}, {4, 5}, {3}], [{8}, {1, 7}, {2, 6}, {5}, {3, 4}], [{8}, {1, 7}, {2, 6}, {5}, {4}, {3}], [{8}, {1, 7}, {3, 6}, {5}, {2, 4}], [{8}, {1, 7}, {4, 6}, {5}, {2, 3}], [{8}, {2, 7}, {1, 6}, {3, 5}, {4}], [{8}, {2, 7}, {3, 6}, {1, 5}, {4}], [{8}, {2, 7}, {3, 6}, {4, 5}, {1}], [{8}, {2, 7}, {3, 6}, {5}, {1, 4}], [{8}, {2, 7}, {5, 6}, {3, 4}, {1}], [{8}, {3, 7}, {1, 6}, {4, 5}, {2}], [{8}, {3, 7}, {2, 6}, {1, 5}, {4}], [{8}, {3, 7}, {2, 6}, {4, 5}, {1}], [{8}, {3, 7}, {2, 6}, {5}, {1, 4}], [{8}, {3, 7}, {4, 6}, {1, 5}, {2}], [{8}, {3, 7}, {6}, {1, 5}, {2, 4}], [{8}, {3, 7}, {6}, {4, 5}, {1, 2}], [{8}, {4, 7}, {1, 6}, {2, 5}, {3}], [{8}, {4, 7}, {2, 6}, {1, 5}, {3}], [{8}, {4, 7}, {2, 6}, {3, 5}, {1}], [{8}, {4, 7}, {2, 6}, {5}, {1, 3}], [{8}, {4, 7}, {3, 6}, {5}, {1, 2}], [{8}, {5, 7}, {1, 6}, {3, 4}, {2}], [{8}, {5, 7}, {2, 6}, {1, 4}, {3}], [{8}, {5, 7}, {2, 6}, {3, 4}, {1}], [{8}, {5, 7}, {2, 6}, {4}, {1, 3}], [{8}, {5, 7}, {6}, {3, 4}, {1, 2}], [{8}, {6, 7}, {2, 5}, {4}, {1, 3}], [{8}, {6, 7}, {3, 5}, {4}, {1, 2}], [{8}, {7}, {2, 6}, {1, 5}, {3, 4}], [{8}, {7}, {2, 6}, {3, 5}, {1, 4}], [{8}, {7}, {2, 6}, {3, 5}, {4}, {1}], [{8}, {7}, {2, 6}, {4, 5}, {1, 3}]]",2,4 K_1^3 - 22 K_1^2 - 16 K_1 K_2 + 5 K_1 + 11 K_2 + 7 K_3 + 12,O1O2O3U4O5U1U6U3O6O7U2O4U8U5O8U7,O1O2O3U4O5U1U6U3O7U8O4O8U5O6U7U2,O1O2O3U2U4O5U6O7O8U7O4U1U5U3O6U8,c,{'O1O2O3U4O5U6U5O7U2O4O8U1U8U3O6U7'},1,"<a href=""/flatknot/8.1101770"">8.1101770</a>",t^9-40t^7-100t^6-4t^5+142t^4+53t^3-42t^2-7t,t^2-2t,,
8.1101771,O1O2O3U4O5U6U5O7U2O4O8U1U8U7O6U3,4,z^3+21z^2+103z+131,w^4z^3+21w^3z^2+103w^2z+131w,False,False,"[[ 0 -2  0  2 -1  1 -2  1  1],[ 2  0  1  3  1  0 -1  2  1],[ 0 -1  0  0  0  0 -1  0  0],[-2 -3  0  0 -2  1 -2 -1  0],[ 1 -1  0  2  0  1  0  1  1],[-1  0  0 -1 -1  0 -1  0  0],[ 2  1  1  2  0  1  0  1  1],[-1 -2  0  1 -1  0 -1  0  0],[-1 -1  0  0 -1  0 -1  0  0]]","[[ 0  2  1  1  1  0 -1 -2 -2],[-2  0  1  0 -1  0 -2 -2 -3],[-1 -1  0  0  0  0 -1 -1  0],[-1  0  0  0  0  0 -1 -1 -1],[-1  1  0  0  0  0 -1 -1 -2],[ 0  0  0  0  0  0  0 -1 -1],[ 1  2  1  1  1  0  0  0 -1],[ 2  2  1  1  1  1  0  0  1],[ 2  3  0  1  2  1  1 -1  0]]",True,"[-2,-1,-1,-1,0,1,2,2,-1,0,1,0,2,2,3,0,0,0,1,1,0,0,0,1,1,1,0,1,1,2,0,1,1,0,1,-1]","[-2,-2,-1,0,1,1,1,2,-1,1,1,0,1,2,3,0,1,1,1,1,2,0,1,1,1,2,0,0,0,0,0,0,-1,0,0,1]",t^8+34t^6+106t^4+47t^2,"[-2,-2,-1,0,1,1,1,2,-1,1,1,2,2,2,2,0,1,1,2,3,1,1,1,1,1,1,1,1,1,2,0,0,0,0,1,2]","[-2,-1,-1,-1,0,1,2,2,0,1,2,2,1,1,2,0,0,1,1,1,2,0,1,1,2,2,1,1,3,2,1,1,1,0,1,-1]","[-2,-2,-1,0,1,1,1,2,-1,1,1,0,1,2,3,0,1,1,1,1,2,0,1,1,1,2,0,0,0,0,0,0,-1,0,0,1]",c,"[[{8, 1}, {2, 7}, {3, 6}, {4, 5}], [{8, 1}, {2, 7}, {4, 6}, {3, 5}], [{8, 1}, {2, 7}, {5, 6}, {3, 4}], [{8, 1}, {2, 7}, {6}, {4, 5}, {3}], [{8, 1}, {3, 7}, {2, 6}, {4, 5}], [{8, 1}, {3, 7}, {4, 6}, {2, 5}], [{8, 1}, {3, 7}, {5, 6}, {2, 4}], [{8, 1}, {4, 7}, {2, 6}, {3, 5}], [{8, 1}, {4, 7}, {3, 6}, {2, 5}], [{8, 1}, {4, 7}, {5, 6}, {2, 3}], [{8, 1}, {5, 7}, {2, 6}, {3, 4}], [{8, 1}, {5, 7}, {3, 6}, {2, 4}], [{8, 1}, {5, 7}, {4, 6}, {2, 3}], [{8, 1}, {5, 7}, {6}, {2, 4}, {3}], [{8, 1}, {6, 7}, {2, 5}, {3, 4}], [{8, 1}, {6, 7}, {3, 5}, {2, 4}], [{8, 1}, {6, 7}, {4, 5}, {2, 3}], [{8, 1}, {6, 7}, {4, 5}, {3}, {2}], [{8, 1}, {7}, {2, 6}, {4, 5}, {3}], [{8, 1}, {7}, {6}, {2, 5}, {3, 4}], [{8, 2}, {1, 7}, {3, 6}, {4, 5}], [{8, 2}, {1, 7}, {3, 6}, {5}, {4}], [{8, 2}, {1, 7}, {4, 6}, {3, 5}], [{8, 2}, {1, 7}, {5, 6}, {3, 4}], [{8, 2}, {3, 7}, {1, 6}, {4, 5}], [{8, 2}, {3, 7}, {4, 6}, {1, 5}], [{8, 2}, {3, 7}, {5, 6}, {1, 4}], [{8, 2}, {4, 7}, {1, 6}, {3, 5}], [{8, 2}, {4, 7}, {3, 6}, {1, 5}], [{8, 2}, {4, 7}, {5, 6}, {1, 3}], [{8, 2}, {5, 7}, {1, 6}, {3, 4}], [{8, 2}, {5, 7}, {1, 6}, {4}, {3}], [{8, 2}, {5, 7}, {3, 6}, {1, 4}], [{8, 2}, {5, 7}, {4, 6}, {1, 3}], [{8, 2}, {6, 7}, {1, 5}, {3, 4}], [{8, 2}, {6, 7}, {3, 5}, {1, 4}], [{8, 2}, {6, 7}, {4, 5}, {1, 3}], [{8, 2}, {6, 7}, {5}, {1, 4}, {3}], [{8, 2}, {7}, {4, 6}, {5}, {1, 3}], [{8, 3}, {1, 7}, {2, 6}, {4, 5}], [{8, 3}, {1, 7}, {4, 6}, {2, 5}], [{8, 3}, {1, 7}, {5, 6}, {2, 4}], [{8, 3}, {2, 7}, {1, 6}, {4, 5}], [{8, 3}, {2, 7}, {1, 6}, {5}, {4}], [{8, 3}, {2, 7}, {4, 6}, {1, 5}], [{8, 3}, {2, 7}, {5, 6}, {1, 4}], [{8, 3}, {4, 7}, {1, 6}, {2, 5}], [{8, 3}, {4, 7}, {2, 6}, {1, 5}], [{8, 3}, {4, 7}, {5, 6}, {1, 2}], [{8, 3}, {5, 7}, {1, 6}, {2, 4}], [{8, 3}, {5, 7}, {1, 6}, {4}, {2}], [{8, 3}, {5, 7}, {2, 6}, {1, 4}], [{8, 3}, {5, 7}, {4, 6}, {1, 2}], [{8, 3}, {5, 7}, {6}, {2, 4}, {1}], [{8, 3}, {6, 7}, {1, 5}, {2, 4}], [{8, 3}, {6, 7}, {2, 5}, {1, 4}], [{8, 3}, {6, 7}, {4, 5}, {1, 2}], [{8, 3}, {6, 7}, {5}, {4}, {1, 2}], [{8, 3}, {7}, {1, 6}, {2, 5}, {4}], [{8, 3}, {7}, {2, 6}, {4, 5}, {1}], [{8, 4}, {1, 7}, {2, 6}, {3, 5}], [{8, 4}, {1, 7}, {3, 6}, {2, 5}], [{8, 4}, {1, 7}, {5, 6}, {2, 3}], [{8, 4}, {2, 7}, {1, 6}, {3, 5}], [{8, 4}, {2, 7}, {3, 6}, {1, 5}], [{8, 4}, {2, 7}, {5, 6}, {1, 3}], [{8, 4}, {3, 7}, {1, 6}, {2, 5}], [{8, 4}, {3, 7}, {1, 6}, {5}, {2}], [{8, 4}, {3, 7}, {2, 6}, {1, 5}], [{8, 4}, {3, 7}, {5, 6}, {1, 2}], [{8, 4}, {3, 7}, {6}, {2, 5}, {1}], [{8, 4}, {5, 7}, {1, 6}, {2, 3}], [{8, 4}, {5, 7}, {1, 6}, {3}, {2}], [{8, 4}, {5, 7}, {2, 6}, {1, 3}], [{8, 4}, {5, 7}, {3, 6}, {1, 2}], [{8, 4}, {6, 7}, {1, 5}, {2, 3}], [{8, 4}, {6, 7}, {2, 5}, {1, 3}], [{8, 4}, {6, 7}, {3, 5}, {1, 2}], [{8, 4}, {7}, {1, 6}, {3, 5}, {2}], [{8, 4}, {7}, {2, 6}, {5}, {1, 3}], [{8, 4}, {7}, {6}, {1, 5}, {2, 3}], [{8, 5}, {1, 7}, {2, 6}, {3, 4}], [{8, 5}, {1, 7}, {3, 6}, {2, 4}], [{8, 5}, {1, 7}, {3, 6}, {4}, {2}], [{8, 5}, {1, 7}, {4, 6}, {2, 3}], [{8, 5}, {2, 7}, {1, 6}, {3, 4}], [{8, 5}, {2, 7}, {3, 6}, {1, 4}], [{8, 5}, {2, 7}, {4, 6}, {1, 3}], [{8, 5}, {3, 7}, {1, 6}, {2, 4}], [{8, 5}, {3, 7}, {2, 6}, {1, 4}], [{8, 5}, {3, 7}, {4, 6}, {1, 2}], [{8, 5}, {4, 7}, {1, 6}, {2, 3}], [{8, 5}, {4, 7}, {2, 6}, {1, 3}], [{8, 5}, {4, 7}, {3, 6}, {1, 2}], [{8, 5}, {6, 7}, {1, 4}, {2, 3}], [{8, 5}, {6, 7}, {1, 4}, {3}, {2}], [{8, 5}, {6, 7}, {2, 4}, {1, 3}], [{8, 5}, {6, 7}, {2, 4}, {3}, {1}], [{8, 5}, {6, 7}, {3, 4}, {1, 2}], [{8, 5}, {6, 7}, {4}, {3}, {1, 2}], [{8, 5}, {7}, {2, 6}, {4}, {1, 3}], [{8, 5}, {7}, {4, 6}, {1, 3}, {2}], [{8, 5}, {7}, {6}, {2, 4}, {1, 3}], [{8, 6}, {1, 7}, {2, 5}, {3, 4}], [{8, 6}, {1, 7}, {3, 5}, {2, 4}], [{8, 6}, {1, 7}, {4, 5}, {2, 3}], [{8, 6}, {1, 7}, {4, 5}, {3}, {2}], [{8, 6}, {2, 7}, {1, 5}, {3, 4}], [{8, 6}, {2, 7}, {3, 5}, {1, 4}], [{8, 6}, {2, 7}, {4, 5}, {1, 3}], [{8, 6}, {3, 7}, {1, 5}, {2, 4}], [{8, 6}, {3, 7}, {2, 5}, {1, 4}], [{8, 6}, {3, 7}, {4, 5}, {1, 2}], [{8, 6}, {4, 7}, {1, 5}, {2, 3}], [{8, 6}, {4, 7}, {2, 5}, {1, 3}], [{8, 6}, {4, 7}, {3, 5}, {1, 2}], [{8, 6}, {5, 7}, {1, 4}, {2, 3}], [{8, 6}, {5, 7}, {2, 4}, {1, 3}], [{8, 6}, {5, 7}, {2, 4}, {3}, {1}], [{8, 6}, {5, 7}, {3, 4}, {1, 2}], [{8, 6}, {7}, {1, 5}, {3, 4}, {2}], [{8, 6}, {7}, {4, 5}, {2, 3}, {1}], [{8, 6}, {7}, {5}, {2, 4}, {1, 3}], [{8, 7}, {1, 6}, {2, 5}, {3, 4}], [{8, 7}, {1, 6}, {3, 5}, {2, 4}], [{8, 7}, {1, 6}, {4, 5}, {2, 3}], [{8, 7}, {2, 6}, {1, 5}, {3, 4}], [{8, 7}, {2, 6}, {3, 5}, {1, 4}], [{8, 7}, {2, 6}, {4, 5}, {1, 3}], [{8, 7}, {2, 6}, {5}, {4}, {1, 3}], [{8, 7}, {3, 6}, {1, 5}, {2, 4}], [{8, 7}, {3, 6}, {2, 5}, {1, 4}], [{8, 7}, {3, 6}, {4, 5}, {1, 2}], [{8, 7}, {4, 6}, {1, 5}, {2, 3}], [{8, 7}, {4, 6}, {2, 5}, {1, 3}], [{8, 7}, {4, 6}, {3, 5}, {1, 2}], [{8, 7}, {4, 6}, {5}, {1, 3}, {2}], [{8, 7}, {5, 6}, {1, 4}, {2, 3}], [{8, 7}, {5, 6}, {2, 4}, {1, 3}], [{8, 7}, {5, 6}, {2, 4}, {3}, {1}], [{8, 7}, {5, 6}, {3, 4}, {1, 2}], [{8, 7}, {6}, {1, 5}, {3, 4}, {2}], [{8, 7}, {6}, {4, 5}, {2, 3}, {1}], [{8, 7}, {6}, {5}, {2, 4}, {1, 3}], [{8}, {1, 7}, {3, 6}, {2, 5}, {4}], [{8}, {1, 7}, {6}, {3, 5}, {2, 4}], [{8}, {2, 7}, {3, 6}, {4, 5}, {1}], [{8}, {2, 7}, {4, 6}, {5}, {1, 3}], [{8}, {2, 7}, {6}, {3, 5}, {1, 4}], [{8}, {3, 7}, {6}, {1, 5}, {2, 4}], [{8}, {3, 7}, {6}, {4, 5}, {1, 2}], [{8}, {4, 7}, {2, 6}, {1, 5}, {3}], [{8}, {4, 7}, {2, 6}, {3, 5}, {1}], [{8}, {4, 7}, {2, 6}, {5}, {1, 3}], [{8}, {5, 7}, {1, 6}, {2, 4}, {3}], [{8}, {5, 7}, {1, 6}, {3, 4}, {2}], [{8}, {5, 7}, {1, 6}, {4}, {2, 3}], [{8}, {5, 7}, {1, 6}, {4}, {3}, {2}], [{8}, {5, 7}, {2, 6}, {1, 4}, {3}], [{8}, {5, 7}, {2, 6}, {3, 4}, {1}], [{8}, {5, 7}, {2, 6}, {4}, {1, 3}], [{8}, {5, 7}, {3, 6}, {1, 4}, {2}], [{8}, {5, 7}, {3, 6}, {2, 4}, {1}], [{8}, {5, 7}, {3, 6}, {4}, {1, 2}], [{8}, {5, 7}, {4, 6}, {1, 3}, {2}], [{8}, {5, 7}, {4, 6}, {2, 3}, {1}], [{8}, {5, 7}, {4, 6}, {3}, {1, 2}], [{8}, {5, 7}, {6}, {1, 4}, {2, 3}], [{8}, {5, 7}, {6}, {2, 4}, {1, 3}], [{8}, {5, 7}, {6}, {2, 4}, {3}, {1}], [{8}, {5, 7}, {6}, {3, 4}, {1, 2}], [{8}, {6, 7}, {1, 5}, {3, 4}, {2}], [{8}, {6, 7}, {2, 5}, {1, 4}, {3}], [{8}, {6, 7}, {3, 5}, {4}, {1, 2}], [{8}, {6, 7}, {4, 5}, {2, 3}, {1}], [{8}, {6, 7}, {5}, {2, 4}, {1, 3}], [{8}, {7}, {2, 6}, {4, 5}, {1, 3}], [{8}, {7}, {2, 6}, {5}, {4}, {1, 3}], [{8}, {7}, {4, 6}, {2, 5}, {1, 3}], [{8}, {7}, {4, 6}, {5}, {1, 3}, {2}], [{8}, {7}, {5, 6}, {2, 4}, {1, 3}], [{8}, {7}, {6}, {5}, {2, 4}, {1, 3}]]",2,8 K_1^3 - 14 K_1^2 - 8 K_1 K_2 - 2 K_1 + 7 K_2 + 2 K_3 + 8,O1O2O3U1O4U5U6U3O6O7U2O5U8U4O8U7,O1O2O3U4O5U1U6U5O7U8O4O8U3O6U7U2,O1O2O3U2U4O5U1O6O7U6O4U8U5U3O8U7,c,{'O1O2O3U4O5U6U5O7U2O4O8U1U8U7O6U3'},1,"<a href=""/flatknot/8.1101771"">8.1101771</a>",t^9-36t^7-70t^6+29t^5+72t^4-25t^3-16t^2+6t,t^2-2t,,
8.1101772,O1O2O3U4O5U6U5O7U2O4O8U3U1U7O6U8,4,4z^3+34z^2+107z+111,4w^4z^3+34w^3z^2+107w^2z+111w,False,False,"[[ 0 -1  0  0 -1  1 -2  1  2],[ 1  0  0  1  0  0 -2  2  2],[ 0  0  0  0  0  0 -2  1  1],[ 0 -1  0  0  0  0 -1  0  1],[ 1  0  0  0  0  1  0  1  2],[-1  0  0  0 -1  0 -1  0 -1],[ 2  2  2  1  0  1  0  1  1],[-1 -2 -1  0 -1  0 -1  0  1],[-2 -2 -1 -1 -2  1 -1 -1  0]]","[[ 0  2  1  1  0  0 -1 -1 -2],[-2  0  1 -1 -1 -1 -2 -2 -1],[-1 -1  0  0  0  0  0 -1 -1],[-1  1  0  0  0 -1 -2 -1 -1],[ 0  1  0  0  0  0 -1  0 -1],[ 0  1  0  1  0  0  0  0 -2],[ 1  2  0  2  1  0  0  0 -2],[ 1  2  1  1  0  0  0  0  0],[ 2  1  1  1  1  2  2  0  0]]",True,"[-2,-1,-1,0,0,1,1,2,-1,1,1,1,2,2,1,0,0,0,0,1,1,0,1,2,1,1,0,1,0,1,0,0,2,0,2,0]","[-2,-1,-1,0,0,1,1,2,-1,1,0,1,2,2,3,0,1,0,0,2,1,1,1,1,1,1,0,0,1,1,1,1,1,0,0,2]",t^8+32t^6+156t^4+105t^2+1,"[-2,-1,-1,0,0,1,1,2,-1,1,0,1,2,2,3,0,1,0,0,2,1,1,1,1,1,1,0,0,1,1,1,1,1,0,0,2]","[-2,-1,-1,0,0,1,1,2,0,2,1,1,1,1,3,0,0,1,0,1,2,1,1,2,1,2,0,1,1,0,0,1,1,0,-1,1]","[-2,-1,-1,0,0,1,1,2,0,2,1,2,1,1,1,0,0,0,1,1,2,1,0,0,2,2,0,0,0,1,0,1,1,0,-1,1]",c,"[[{8, 1}, {4, 7}, {2, 6}, {3, 5}], [{8, 1}, {7}, {2, 6}, {3, 5}, {4}], [{8, 3}, {6, 7}, {1, 5}, {2, 4}]]",1,12 K_1^3 - 16 K_1^2 - 8 K_1 K_2 - 5 K_1 + 8 K_2 + K_3 + 9,O1O2O3U4O5U6U3U1O4O7U2O6U8U5O8U7,O1O2O3U4O5U2U6U1O7U8O4O8U3O6U7U5,O1O2O3U4U5O6U1O7O8U7O5U3U6U2O4U8,c,{'O1O2O3U4O5U6U5O7U2O4O8U3U1U7O6U8'},1,"<a href=""/flatknot/8.1101772"">8.1101772</a>",t^9-32t^7-56t^6+86t^5+74t^4-195t^3-10t^2+78t-16,0,,
8.1101773,O1O2O3U4O5U6U5O7U2O4O8U3U1U8O6U7,3,11z^2+80z+117,11w^3z^2+80w^2z+117w,False,False,"[[ 0 -1  0  0 -1  1 -2  1  2],[ 1  0  0  1  0  0 -2  2  2],[ 0  0  0  0  0  0 -1  0  1],[ 0 -1  0  0  0  0 -1  0  1],[ 1  0  0  0  0  1 -1  2  2],[-1  0  0  0 -1  0 -1 -1  0],[ 2  2  1  1  1  1  0  1  2],[-1 -2  0  0 -2  1 -1  0  0],[-2 -2 -1 -1 -2  0 -2  0  0]]","[[ 0  2  1  1  0  0 -1 -1 -2],[-2  0  0  0 -1 -1 -2 -2 -2],[-1  0  0  1  0  0 -2 -2 -1],[-1  0 -1  0  0  0  0 -1 -1],[ 0  1  0  0  0  0  0  0 -1],[ 0  1  0  0  0  0 -1  0 -1],[ 1  2  2  0  0  1  0  0 -2],[ 1  2  2  1  0  0  0  0 -1],[ 2  2  1  1  1  1  2  1  0]]",True,"[-2,-1,-1,0,0,1,1,2,0,0,1,1,2,2,2,-1,0,0,2,2,1,0,0,0,1,1,0,0,0,1,1,0,1,0,2,1]","[-2,-1,-1,0,0,1,1,2,-1,0,1,1,2,2,2,0,0,1,0,2,1,1,1,0,1,1,0,1,1,1,1,1,1,-1,1,1]",t^8+34t^6+125t^4+95t^2,"[-2,-1,-1,0,0,1,1,2,-1,0,1,1,2,2,2,0,0,1,0,2,1,1,1,0,1,1,0,1,1,1,1,1,1,-1,1,1]","[-2,-1,-1,0,0,1,1,2,1,1,1,1,1,1,2,-1,1,1,1,2,2,1,1,0,0,2,0,1,0,1,1,1,1,0,0,-1]","[-2,-1,-1,0,0,1,1,2,1,2,1,1,1,1,2,0,0,0,1,2,2,0,1,0,2,2,0,0,0,1,0,0,1,-1,0,0]",c,"[[{8, 2}, {4, 7}, {3, 6}, {1, 5}], [{8, 3}, {4, 7}, {2, 6}, {1, 5}], [{8, 3}, {4, 7}, {6}, {1, 5}, {2}], [{8, 4}, {2, 7}, {3, 6}, {1, 5}], [{8, 6}, {1, 7}, {4, 5}, {2, 3}], [{8, 6}, {1, 7}, {4, 5}, {3}, {2}], [{8, 6}, {4, 7}, {1, 5}, {2, 3}], [{8, 6}, {4, 7}, {1, 5}, {3}, {2}], [{8, 7}, {3, 6}, {1, 5}, {2, 4}], [{8}, {4, 7}, {3, 6}, {1, 5}, {2}]]",1,- 20 K_1^2 - 8 K_1 K_2 + 4 K_1 + 10 K_2 + 4 K_3 + 11,O1O2O3U4O5U6U3U1O6O7U2O4U8U5O8U7,O1O2O3U4O5U2U6U1O7U8O4O8U5O6U7U3,O1O2O3U1U4O5U6O7O8U7O4U3U5U2O6U8,c,{'O1O2O3U4O5U6U5O7U2O4O8U3U1U8O6U7'},1,"<a href=""/flatknot/8.1101773"">8.1101773</a>",t^9-34t^7-70t^6+65t^5+172t^4+35t^3-4t^2,0,,
8.1101774,O1O2O3U4O5U6U5O7U2O4O8U3U7U1O6U8,3,12z^2+61z+75,12w^3z^2+61w^2z+75w,False,False,"[[ 0  0  0  0 -1  1 -2  0  2],[ 0  0 -1  0  0  0 -2  1  2],[ 0  1  0  0  0  0 -2  1  1],[ 0  0  0  0  0  0 -1  0  1],[ 1  0  0  0  0  1  0  0  2],[-1  0  0  0 -1  0 -1  0 -1],[ 2  2  2  1  0  1  0  0  1],[ 0 -1 -1  0  0  0  0  0  1],[-2 -2 -1 -1 -2  1 -1 -1  0]]","[[ 0  2  1  0  0  0  0 -1 -2],[-2  0  1 -1 -1 -1 -2 -2 -1],[-1 -1  0  0  0  0  0 -1 -1],[ 0  1  0  0  1  0  1  0 -2],[ 0  1  0 -1  0  0 -1  0  0],[ 0  1  0  0  0  0  0  0 -1],[ 0  2  0 -1  1  0  0  0 -2],[ 1  2  1  0  0  0  0  0  0],[ 2  1  1  2  0  1  2  0  0]]",True,"[-2,-1,0,0,0,0,1,2,-1,1,1,1,2,2,1,0,0,0,0,1,1,-1,0,-1,0,2,0,1,0,0,0,0,1,0,2,0]","[-2,-1,0,0,0,0,1,2,-1,1,1,1,2,2,1,0,0,0,0,1,1,-1,0,-1,0,2,0,1,0,0,0,0,1,0,2,0]",t^8+27t^6+139t^4+35t^2,"[-2,-1,0,0,0,0,1,2,1,0,0,1,2,2,3,1,1,1,1,1,1,-1,0,-1,1,1,0,-1,1,0,0,1,1,1,1,2]","[-2,-1,0,0,0,0,1,2,2,0,1,1,1,1,3,1,1,1,1,1,2,-1,0,1,1,0,0,1,1,0,0,1,1,1,2,1]","[-2,-1,0,0,0,0,1,2,0,0,1,2,2,1,1,0,0,0,0,1,2,0,-1,-1,0,1,0,0,0,1,-1,0,2,0,1,-1]",c,"[[{8, 6}, {2, 7}, {4, 5}, {1, 3}], [{8, 6}, {2, 7}, {4, 5}, {3}, {1}]]",0,4 K_1^3 - 12 K_1^2 - 8 K_1 K_2 + K_1 + 6 K_2 + 3 K_3 + 7,O1O2O3U4O5U3U6U1O4O7U2O6U8U5O8U7,O1O2O3U4O5U3U6U1O7U8O4O8U2O6U7U5,O1O2O3U4U5O6U2O7O8U7O5U3U6U1O4U8,c,"{'O1O2O3U4O5U6U5U1O7O4O8U3U2U7O6U8', 'O1O2O3U4O5U6U5O7U2O4O8U3U7U1O6U8'}",2,"<a href=""/flatknot/8.1101774"">8.1101774</a>",t^9-27t^7-36t^6+81t^5+50t^4-147t^3-110t^2+4t+8,0,,
8.1101775,O1O2O3U4O5U6U5O7U2O4O8U3U8U1O6U7,4,z^3+27z^2+109z+119,w^4z^3+27w^3z^2+109w^2z+119w,False,False,"[[ 0  0  0  0 -1  1 -2  1  1],[ 0  0  0  0 -1  0 -2  1  1],[ 0  0  0  0  0  0 -1  0  1],[ 0  0  0  0  0  0 -1  0  1],[ 1  1  0  0  0  1 -1  2  1],[-1  0  0  0 -1  0 -1 -1  0],[ 2  2  1  1  1  1  0  1  1],[-1 -1  0  0 -2  1 -1  0  0],[-1 -1 -1 -1 -1  0 -1  0  0]]","[[ 0  1  1  1  0  0  0 -1 -2],[-1  0  1  0  0  0 -1 -2 -1],[-1 -1  0  0  0  0  0 -1 -1],[-1  0  0  0 -1 -1 -1 -1 -1],[ 0  0  0  1  0  0  0  0 -1],[ 0  0  0  1  0  0  0  0 -1],[ 0  1  0  1  0  0  0 -1 -2],[ 1  2  1  1  0  0  1  0 -1],[ 2  1  1  1  1  1  2  1  0]]",True,"[-1,-1,-1,0,0,0,1,2,-1,0,0,0,1,2,1,0,0,0,0,1,1,1,1,1,1,1,0,0,0,1,0,0,1,1,2,1]","[-2,-1,0,0,0,1,1,1,0,0,1,1,2,2,2,0,1,1,0,1,1,0,0,0,0,1,0,1,0,1,1,0,1,0,-1,0]",t^8+22t^6+67t^4+29t^2,"[-2,-1,0,0,0,1,1,1,0,0,1,1,2,2,2,0,1,1,0,1,1,0,0,0,0,1,0,1,0,1,1,0,1,0,-1,0]","[-1,-1,-1,0,0,0,1,2,-1,0,1,1,1,1,2,0,0,1,1,0,2,0,0,0,1,2,0,0,0,0,0,1,1,1,1,0]","[-2,-1,0,0,0,1,1,1,1,1,1,2,1,1,1,0,0,1,1,1,2,0,0,0,1,0,0,0,1,0,0,1,1,0,-1,0]",c,"[[{8, 6}, {5, 7}, {1, 4}, {2, 3}], [{8, 6}, {5, 7}, {1, 4}, {3}, {2}]]",1,- 14 K_1^2 + 7 K_2 + 8,O1O2O3U4O5U3U6U1O6O7U2O4U8U5O8U7,O1O2O3U4O5U3U6U1O7U8O4O8U5O6U7U2,O1O2O3U2U4O5U6O7O8U7O4U3U5U1O6U8,c,{'O1O2O3U4O5U6U5O7U2O4O8U3U8U1O6U7'},1,"<a href=""/flatknot/8.1101775"">8.1101775</a>",t^9-24t^7-38t^6+44t^5+80t^4+24t^3+20t^2+14t,t^2-2t,,
8.1101776,O1O2O3U4O5U6U5O7U2O4O8U7U1U3O6U8,4,11z^2+64z+85,11w^3z^2+64w^2z+85w,False,False,"[[ 0 -1  0  2 -1  1 -2 -1  2],[ 1  0  0  2  1  0 -1  0  2],[ 0  0  0  1  0  0 -2  0  1],[-2 -2 -1  0 -1  0 -2 -1  1],[ 1 -1  0  1  0  1  0 -1  2],[-1  0  0  0 -1  0 -1  0 -1],[ 2  1  2  2  0  1  0 -1  1],[ 1  0  0  1  1  0  1  0  1],[-2 -2 -1 -1 -2  1 -1 -1  0]]","[[ 0  2  2  1  0 -1 -1 -1 -2],[-2  0  1  0 -1 -1 -1 -2 -2],[-2 -1  0  1 -1 -1 -2 -2 -1],[-1  0 -1  0  0  0 -1  0 -1],[ 0  1  1  0  0  0  0  0 -2],[ 1  1  1  0  0  0  1  0  1],[ 1  1  2  1  0 -1  0 -1  0],[ 1  2  2  0  0  0  1  0 -1],[ 2  2  1  1  2 -1  0  1  0]]",True,"[-2,-2,-1,0,1,1,1,2,-1,0,1,1,1,2,2,-1,1,1,2,2,1,0,0,1,0,1,0,0,0,2,-1,0,-1,1,0,1]","[-2,-2,-1,0,1,1,1,2,-1,0,1,1,1,2,2,-1,1,1,2,2,1,0,0,1,0,1,0,0,0,2,-1,0,-1,1,0,1]",t^8+34t^6+190t^4+60t^2,"[-2,-1,-1,-1,0,1,2,2,0,1,2,0,2,2,3,-1,0,1,2,1,1,1,1,1,2,1,1,2,2,2,1,1,1,1,2,-1]","[-2,-2,-1,0,1,1,1,2,-1,2,1,1,1,2,3,1,1,1,2,2,2,1,2,1,2,2,1,1,1,0,1,0,0,-1,1,2]","[-2,-1,-1,-1,0,1,2,2,-1,0,1,2,1,1,2,1,0,0,0,1,1,-1,0,1,2,1,0,0,2,2,0,1,1,-1,0,-1]",c,"[[{8, 1}, {2, 7}, {3, 6}, {4, 5}], [{8, 1}, {2, 7}, {3, 6}, {5}, {4}], [{8, 1}, {2, 7}, {4, 6}, {3, 5}], [{8, 1}, {2, 7}, {5, 6}, {3, 4}], [{8, 1}, {2, 7}, {6}, {4, 5}, {3}], [{8, 1}, {3, 7}, {2, 6}, {4, 5}], [{8, 1}, {3, 7}, {2, 6}, {5}, {4}], [{8, 1}, {3, 7}, {4, 6}, {2, 5}], [{8, 1}, {3, 7}, {5, 6}, {2, 4}], [{8, 1}, {3, 7}, {6}, {4, 5}, {2}], [{8, 1}, {4, 7}, {2, 6}, {3, 5}], [{8, 1}, {4, 7}, {2, 6}, {5}, {3}], [{8, 1}, {4, 7}, {3, 6}, {2, 5}], [{8, 1}, {4, 7}, {3, 6}, {5}, {2}], [{8, 1}, {4, 7}, {5, 6}, {2, 3}], [{8, 1}, {4, 7}, {5, 6}, {3}, {2}], [{8, 1}, {4, 7}, {6}, {2, 5}, {3}], [{8, 1}, {4, 7}, {6}, {3, 5}, {2}], [{8, 1}, {4, 7}, {6}, {5}, {2, 3}], [{8, 1}, {5, 7}, {2, 6}, {3, 4}], [{8, 1}, {5, 7}, {3, 6}, {2, 4}], [{8, 1}, {5, 7}, {4, 6}, {2, 3}], [{8, 1}, {5, 7}, {6}, {2, 4}, {3}], [{8, 1}, {5, 7}, {6}, {3, 4}, {2}], [{8, 1}, {5, 7}, {6}, {4}, {2, 3}], [{8, 1}, {6, 7}, {2, 5}, {3, 4}], [{8, 1}, {6, 7}, {2, 5}, {4}, {3}], [{8, 1}, {6, 7}, {3, 5}, {2, 4}], [{8, 1}, {6, 7}, {4, 5}, {2, 3}], [{8, 1}, {7}, {2, 6}, {5}, {3, 4}], [{8, 1}, {7}, {3, 6}, {5}, {2, 4}], [{8, 1}, {7}, {4, 6}, {2, 5}, {3}], [{8, 1}, {7}, {6}, {4, 5}, {2, 3}], [{8, 2}, {1, 7}, {3, 6}, {4, 5}], [{8, 2}, {1, 7}, {4, 6}, {3, 5}], [{8, 2}, {1, 7}, {5, 6}, {3, 4}], [{8, 2}, {1, 7}, {6}, {5}, {3, 4}], [{8, 2}, {3, 7}, {1, 6}, {4, 5}], [{8, 2}, {3, 7}, {1, 6}, {5}, {4}], [{8, 2}, {3, 7}, {4, 6}, {1, 5}], [{8, 2}, {3, 7}, {5, 6}, {1, 4}], [{8, 2}, {4, 7}, {1, 6}, {3, 5}], [{8, 2}, {4, 7}, {1, 6}, {5}, {3}], [{8, 2}, {4, 7}, {3, 6}, {1, 5}], [{8, 2}, {4, 7}, {5, 6}, {1, 3}], [{8, 2}, {5, 7}, {1, 6}, {3, 4}], [{8, 2}, {5, 7}, {3, 6}, {1, 4}], [{8, 2}, {5, 7}, {4, 6}, {1, 3}], [{8, 2}, {5, 7}, {6}, {1, 4}, {3}], [{8, 2}, {6, 7}, {1, 5}, {3, 4}], [{8, 2}, {6, 7}, {3, 5}, {1, 4}], [{8, 2}, {6, 7}, {4, 5}, {1, 3}], [{8, 2}, {6, 7}, {5}, {3, 4}, {1}], [{8, 2}, {7}, {1, 6}, {5}, {3, 4}], [{8, 2}, {7}, {3, 6}, {5}, {1, 4}], [{8, 2}, {7}, {4, 6}, {1, 5}, {3}], [{8, 2}, {7}, {6}, {4, 5}, {1, 3}], [{8, 3}, {1, 7}, {2, 6}, {4, 5}], [{8, 3}, {1, 7}, {2, 6}, {5}, {4}], [{8, 3}, {1, 7}, {4, 6}, {2, 5}], [{8, 3}, {1, 7}, {5, 6}, {2, 4}], [{8, 3}, {2, 7}, {1, 6}, {4, 5}], [{8, 3}, {2, 7}, {4, 6}, {1, 5}], [{8, 3}, {2, 7}, {4, 6}, {5}, {1}], [{8, 3}, {2, 7}, {5, 6}, {1, 4}], [{8, 3}, {2, 7}, {5, 6}, {4}, {1}], [{8, 3}, {2, 7}, {6}, {4, 5}, {1}], [{8, 3}, {4, 7}, {1, 6}, {2, 5}], [{8, 3}, {4, 7}, {1, 6}, {5}, {2}], [{8, 3}, {4, 7}, {2, 6}, {1, 5}], [{8, 3}, {4, 7}, {5, 6}, {1, 2}], [{8, 3}, {5, 7}, {1, 6}, {2, 4}], [{8, 3}, {5, 7}, {2, 6}, {1, 4}], [{8, 3}, {5, 7}, {4, 6}, {1, 2}], [{8, 3}, {6, 7}, {1, 5}, {2, 4}], [{8, 3}, {6, 7}, {2, 5}, {1, 4}], [{8, 3}, {6, 7}, {4, 5}, {1, 2}], [{8, 3}, {6, 7}, {5}, {1, 4}, {2}], [{8, 4}, {1, 7}, {2, 6}, {3, 5}], [{8, 4}, {1, 7}, {3, 6}, {2, 5}], [{8, 4}, {1, 7}, {5, 6}, {2, 3}], [{8, 4}, {2, 7}, {1, 6}, {3, 5}], [{8, 4}, {2, 7}, {1, 6}, {5}, {3}], [{8, 4}, {2, 7}, {3, 6}, {1, 5}], [{8, 4}, {2, 7}, {3, 6}, {5}, {1}], [{8, 4}, {2, 7}, {5, 6}, {1, 3}], [{8, 4}, {2, 7}, {5, 6}, {3}, {1}], [{8, 4}, {2, 7}, {6}, {1, 5}, {3}], [{8, 4}, {2, 7}, {6}, {3, 5}, {1}], [{8, 4}, {2, 7}, {6}, {5}, {1, 3}], [{8, 4}, {2, 7}, {6}, {5}, {3}, {1}], [{8, 4}, {3, 7}, {1, 6}, {2, 5}], [{8, 4}, {3, 7}, {2, 6}, {1, 5}], [{8, 4}, {3, 7}, {5, 6}, {1, 2}], [{8, 4}, {3, 7}, {6}, {1, 5}, {2}], [{8, 4}, {5, 7}, {1, 6}, {2, 3}], [{8, 4}, {5, 7}, {2, 6}, {1, 3}], [{8, 4}, {5, 7}, {3, 6}, {1, 2}], [{8, 4}, {5, 7}, {6}, {1, 3}, {2}], [{8, 4}, {6, 7}, {1, 5}, {2, 3}], [{8, 4}, {6, 7}, {2, 5}, {1, 3}], [{8, 4}, {6, 7}, {3, 5}, {1, 2}], [{8, 4}, {7}, {6}, {1, 5}, {2, 3}], [{8, 4}, {7}, {6}, {2, 5}, {1, 3}], [{8, 5}, {1, 7}, {2, 6}, {3, 4}], [{8, 5}, {1, 7}, {3, 6}, {2, 4}], [{8, 5}, {1, 7}, {4, 6}, {2, 3}], [{8, 5}, {1, 7}, {4, 6}, {3}, {2}], [{8, 5}, {2, 7}, {1, 6}, {3, 4}], [{8, 5}, {2, 7}, {1, 6}, {4}, {3}], [{8, 5}, {2, 7}, {3, 6}, {1, 4}], [{8, 5}, {2, 7}, {3, 6}, {4}, {1}], [{8, 5}, {2, 7}, {4, 6}, {1, 3}], [{8, 5}, {2, 7}, {4, 6}, {3}, {1}], [{8, 5}, {2, 7}, {6}, {1, 4}, {3}], [{8, 5}, {2, 7}, {6}, {3, 4}, {1}], [{8, 5}, {2, 7}, {6}, {4}, {1, 3}], [{8, 5}, {2, 7}, {6}, {4}, {3}, {1}], [{8, 5}, {3, 7}, {1, 6}, {2, 4}], [{8, 5}, {3, 7}, {2, 6}, {1, 4}], [{8, 5}, {3, 7}, {4, 6}, {1, 2}], [{8, 5}, {3, 7}, {4, 6}, {2}, {1}], [{8, 5}, {4, 7}, {1, 6}, {2, 3}], [{8, 5}, {4, 7}, {2, 6}, {1, 3}], [{8, 5}, {4, 7}, {2, 6}, {3}, {1}], [{8, 5}, {4, 7}, {3, 6}, {1, 2}], [{8, 5}, {6, 7}, {1, 4}, {2, 3}], [{8, 5}, {6, 7}, {2, 4}, {1, 3}], [{8, 5}, {6, 7}, {2, 4}, {3}, {1}], [{8, 5}, {6, 7}, {3, 4}, {1, 2}], [{8, 5}, {7}, {4, 6}, {1, 3}, {2}], [{8, 5}, {7}, {4, 6}, {2, 3}, {1}], [{8, 5}, {7}, {4, 6}, {3}, {1, 2}], [{8, 5}, {7}, {4, 6}, {3}, {2}, {1}], [{8, 6}, {1, 7}, {2, 5}, {3, 4}], [{8, 6}, {1, 7}, {3, 5}, {2, 4}], [{8, 6}, {1, 7}, {4, 5}, {2, 3}], [{8, 6}, {2, 7}, {1, 5}, {3, 4}], [{8, 6}, {2, 7}, {3, 5}, {1, 4}], [{8, 6}, {2, 7}, {3, 5}, {4}, {1}], [{8, 6}, {2, 7}, {4, 5}, {1, 3}], [{8, 6}, {2, 7}, {4, 5}, {3}, {1}], [{8, 6}, {2, 7}, {5}, {3, 4}, {1}], [{8, 6}, {3, 7}, {1, 5}, {2, 4}], [{8, 6}, {3, 7}, {2, 5}, {1, 4}], [{8, 6}, {3, 7}, {4, 5}, {1, 2}], [{8, 6}, {3, 7}, {5}, {1, 4}, {2}], [{8, 6}, {4, 7}, {1, 5}, {2, 3}], [{8, 6}, {4, 7}, {2, 5}, {1, 3}], [{8, 6}, {4, 7}, {3, 5}, {1, 2}], [{8, 6}, {4, 7}, {5}, {1, 3}, {2}], [{8, 6}, {4, 7}, {5}, {2, 3}, {1}], [{8, 6}, {4, 7}, {5}, {3}, {1, 2}], [{8, 6}, {5, 7}, {1, 4}, {2, 3}], [{8, 6}, {5, 7}, {2, 4}, {1, 3}], [{8, 6}, {5, 7}, {2, 4}, {3}, {1}], [{8, 6}, {5, 7}, {3, 4}, {1, 2}], [{8, 7}, {1, 6}, {2, 5}, {3, 4}], [{8, 7}, {1, 6}, {3, 5}, {2, 4}], [{8, 7}, {1, 6}, {4, 5}, {2, 3}], [{8, 7}, {2, 6}, {1, 5}, {3, 4}], [{8, 7}, {2, 6}, {3, 5}, {1, 4}], [{8, 7}, {2, 6}, {4, 5}, {1, 3}], [{8, 7}, {2, 6}, {5}, {1, 4}, {3}], [{8, 7}, {3, 6}, {1, 5}, {2, 4}], [{8, 7}, {3, 6}, {2, 5}, {1, 4}], [{8, 7}, {3, 6}, {4, 5}, {1, 2}], [{8, 7}, {3, 6}, {5}, {1, 4}, {2}], [{8, 7}, {4, 6}, {1, 5}, {2, 3}], [{8, 7}, {4, 6}, {2, 5}, {1, 3}], [{8, 7}, {4, 6}, {3, 5}, {1, 2}], [{8, 7}, {5, 6}, {1, 4}, {2, 3}], [{8, 7}, {5, 6}, {1, 4}, {3}, {2}], [{8, 7}, {5, 6}, {2, 4}, {1, 3}], [{8, 7}, {5, 6}, {3, 4}, {1, 2}], [{8, 7}, {6}, {1, 5}, {3, 4}, {2}], [{8, 7}, {6}, {2, 5}, {1, 4}, {3}], [{8, 7}, {6}, {3, 5}, {1, 4}, {2}], [{8, 7}, {6}, {4, 5}, {1, 3}, {2}], [{8, 7}, {6}, {5}, {1, 4}, {2, 3}], [{8}, {1, 7}, {2, 6}, {4, 5}, {3}], [{8}, {2, 7}, {1, 6}, {4, 5}, {3}], [{8}, {2, 7}, {3, 6}, {1, 5}, {4}], [{8}, {2, 7}, {3, 6}, {4, 5}, {1}], [{8}, {2, 7}, {3, 6}, {5}, {1, 4}], [{8}, {2, 7}, {3, 6}, {5}, {4}, {1}], [{8}, {2, 7}, {4, 6}, {3, 5}, {1}], [{8}, {2, 7}, {5, 6}, {3, 4}, {1}], [{8}, {2, 7}, {6}, {4, 5}, {1, 3}], [{8}, {2, 7}, {6}, {4, 5}, {3}, {1}], [{8}, {3, 7}, {5, 6}, {2, 4}, {1}], [{8}, {4, 7}, {1, 6}, {5}, {2, 3}], [{8}, {4, 7}, {2, 6}, {1, 5}, {3}], [{8}, {5, 7}, {1, 6}, {2, 4}, {3}], [{8}, {5, 7}, {2, 6}, {3, 4}, {1}], [{8}, {6, 7}, {1, 5}, {4}, {2, 3}], [{8}, {6, 7}, {4, 5}, {3}, {1, 2}]]",2,4 K_1^3 - 14 K_1^2 - 12 K_1 K_2 + 3 K_1 + 7 K_2 + 5 K_3 + 8,O1O2O3U4O5U1U3U6O4O7U2O6U8U5O8U7,O1O2O3U4O5U2U6U3O7U8O4O8U1O6U7U5,O1O2O3U4U5O6U3O7O8U7O5U1U6U2O4U8,c,"{'O1O2O3U4O5U6U5U1O7O4O8U2U7U3O6U8', 'O1O2O3U4O5U6U5O7U2O4O8U7U1U3O6U8'}",2,"<a href=""/flatknot/8.1101776"">8.1101776</a>",t^9-32t^7-74t^6+49t^5+216t^4+35t^3-122t^2-t+16,-t^2+2t,,
8.1101777,O1O2O3U4O5U6U5O7U2O4O8U7U1U8O6U3,3,9z^2+44z+53,9w^3z^2+44w^2z+53w,False,False,"[[ 0 -1  0  2 -1  1 -2 -1  2],[ 1  0  0  2  1  0 -1  0  2],[ 0  0  0  0  0  0 -1  0  1],[-2 -2  0  0 -2  1 -2 -2  1],[ 1 -1  0  2  0  1  0 -1  1],[-1  0  0 -1 -1  0 -1  0  0],[ 2  1  1  2  0  1  0  0  1],[ 1  0  0  2  1  0  0  0  1],[-2 -2 -1 -1 -1  0 -1 -1  0]]","[[ 0  2  2  1  0 -1 -1 -1 -2],[-2  0  1  1  0 -2 -2 -2 -2],[-2 -1  0  0 -1 -1 -1 -2 -1],[-1 -1  0  0  0  0 -1  0 -1],[ 0  0  1  0  0  0  0  0 -1],[ 1  2  1  0  0  0  1  0  0],[ 1  2  1  1  0 -1  0 -1  0],[ 1  2  2  0  0  0  1  0 -1],[ 2  2  1  1  1  0  0  1  0]]",True,"[-2,-2,-1,0,1,1,1,2,-1,-1,0,2,2,2,2,0,1,1,1,2,1,0,0,1,0,1,0,0,0,1,-1,0,0,1,0,1]","[-2,-2,-1,0,1,1,1,2,-1,-1,0,2,2,2,2,0,1,1,1,2,1,0,0,1,0,1,0,0,0,1,-1,0,0,1,0,1]",t^8+32t^6+119t^4+12t^2,"[-2,-1,-1,-1,0,1,2,2,0,1,1,1,2,2,3,-1,0,1,2,1,1,1,1,1,1,2,1,2,1,2,1,2,1,2,1,-1]","[-2,-2,-1,0,1,1,1,2,-1,1,1,1,2,2,3,2,2,1,1,1,2,1,2,1,2,2,1,1,1,1,1,0,0,-1,1,1]","[-2,-1,-1,-1,0,1,2,2,0,0,1,1,1,1,2,-1,-1,0,1,1,2,0,0,0,1,2,0,0,2,2,0,1,0,0,-1,-1]",c,"[[{8, 7}, {5, 6}, {1, 4}, {2, 3}]]",1,8 K_1^3 - 14 K_1^2 - 12 K_1 K_2 + 7 K_2 + 4 K_3 + 8,O1O2O3U1O4U5U3U6O5O7U2O6U8U4O8U7,O1O2O3U4O5U2U6U5O7U8O4O8U1O6U7U3,O1O2O3U1U4O5U3O6O7U6O4U8U5U2O8U7,c,"{'O1O2O3U4O5U6U5U1O7O4O8U2U7U8O6U3', 'O1O2O3U4O5U6U5O7U2O4O8U7U1U8O6U3'}",2,"<a href=""/flatknot/8.1101777"">8.1101777</a>",t^9-30t^7-60t^6+46t^5+136t^4+13t^3-82t^2,-t^2+2t,,
8.1101778,O1O2O3U4O5U6U5O7U2O4O8U7U3U1O6U8,4,2z^3+23z^2+94z+113,2w^4z^3+23w^3z^2+94w^2z+113w,False,False,"[[ 0  0  0  1 -1  1 -2 -1  2],[ 0  0 -1  1  0  0 -2  0  2],[ 0  1  0  1  0  0 -2  0  1],[-1 -1 -1  0  0  0 -1 -1  1],[ 1  0  0  0  0  1  0 -1  2],[-1  0  0  0 -1  0 -1  0 -1],[ 2  2  2  1  0  1  0 -1  1],[ 1  0  0  1  1  0  1  0  1],[-2 -2 -1 -1 -2  1 -1 -1  0]]","[[ 0  2  1  1  0  0 -1 -1 -2],[-2  0  1 -1 -1 -2 -1 -2 -1],[-1 -1  0  0  0  0  0 -1 -1],[-1  1  0  0 -1 -1 -1  0 -1],[ 0  1  0  1  0  1  0  0 -2],[ 0  2  0  1 -1  0  0  0 -2],[ 1  1  0  1  0  0  0  1  1],[ 1  2  1  0  0  0 -1  0  0],[ 2  1  1  1  2  2 -1  0  0]]",True,"[-2,-1,-1,0,0,1,1,2,-1,1,1,2,1,2,1,0,0,0,0,1,1,1,1,1,0,1,-1,0,0,2,0,0,2,-1,-1,0]","[-2,-1,-1,0,0,1,1,2,-1,0,2,2,1,1,1,1,0,0,0,1,1,0,0,1,0,2,-1,0,1,2,0,1,1,0,-1,1]",t^8+30t^6+187t^4+101t^2+1,"[-2,-1,-1,0,0,1,1,2,1,2,0,0,2,2,3,1,1,1,1,2,1,1,1,2,1,2,-1,1,0,1,1,0,0,0,2,0]","[-2,-1,-1,0,0,1,1,2,0,2,0,1,1,2,3,0,0,0,2,1,2,1,1,1,2,2,-1,1,1,0,1,1,0,-1,1,2]","[-2,-1,-1,0,0,1,1,2,-1,0,2,2,1,1,1,1,0,0,0,1,1,0,0,1,0,2,-1,0,1,2,0,1,1,0,-1,1]",c,"[[{8, 2}, {4, 7}, {1, 6}, {3, 5}]]",1,12 K_1^3 - 16 K_1^2 - 8 K_1 K_2 - 5 K_1 + 8 K_2 + K_3 + 9,O1O2O3U4O5U3U1U6O4O7U2O6U8U5O8U7,O1O2O3U4O5U3U6U2O7U8O4O8U1O6U7U5,O1O2O3U4U5O6U3O7O8U7O5U2U6U1O4U8,c,{'O1O2O3U4O5U6U5O7U2O4O8U7U3U1O6U8'},1,"<a href=""/flatknot/8.1101778"">8.1101778</a>",t^9-30t^7-56t^6+81t^5+194t^4-29t^3-192t^2-50t+30,0,,
8.1101779,O1O2O3U4O5U6U5O7U2O4O8U7U8U1O6U3,4,13z^2+98z+145,13w^3z^2+98w^2z+145w,False,False,"[[ 0  0  0  2 -1  1 -2 -1  1],[ 0  0  0  1  0  0 -1 -1  1],[ 0  0  0  0  0  0 -1  0  1],[-2 -1  0  0 -2  1 -2 -2  1],[ 1  0  0  2  0  1  0 -1  0],[-1  0  0 -1 -1  0 -1  0  0],[ 2  1  1  2  0  1  0  0  0],[ 1  1  0  2  1  0  0  0  1],[-1 -1 -1 -1  0  0  0 -1  0]]","[[ 0  2  1  1  0  0 -1 -1 -2],[-2  0  1  1  0 -1 -2 -2 -2],[-1 -1  0  0  0  0  0 -1 -1],[-1 -1  0  0 -1 -1 -1  0  0],[ 0  0  0  1  0  0  0  0 -1],[ 0  1  0  1  0  0 -1  0 -1],[ 1  2  0  1  0  1  0  1  0],[ 1  2  1  0  0  0 -1  0  0],[ 2  2  1  0  1  1  0  0  0]]",True,"[-2,-1,-1,0,0,1,1,2,-1,-1,0,1,2,2,2,0,0,0,0,1,1,1,1,1,0,0,0,0,0,1,1,0,1,-1,0,0]","[-2,-1,-1,0,0,1,1,2,-1,-1,0,1,2,2,2,0,0,0,0,1,1,1,1,1,0,0,0,0,0,1,1,0,1,-1,0,0]",t^8+24t^6+82t^4+20t^2+1,"[-2,-1,-1,0,0,1,1,2,1,1,1,1,2,3,2,-1,0,1,2,1,1,1,1,1,2,1,0,1,0,1,1,0,2,0,2,2]","[-2,-1,-1,0,0,1,1,2,2,2,1,2,1,1,2,0,0,0,1,2,3,1,1,2,1,2,0,0,1,1,1,1,1,1,1,1]","[-2,-1,-1,0,0,1,1,2,0,0,1,1,0,1,2,-1,0,0,0,1,2,0,1,1,0,2,0,1,0,0,1,0,1,0,-1,-1]",c,"[[{8, 1}, {2, 7}, {3, 6}, {4, 5}], [{8, 1}, {2, 7}, {4, 6}, {3, 5}], [{8, 1}, {2, 7}, {5, 6}, {3, 4}], [{8, 1}, {2, 7}, {6}, {4, 5}, {3}], [{8, 1}, {3, 7}, {2, 6}, {4, 5}], [{8, 1}, {3, 7}, {4, 6}, {2, 5}], [{8, 1}, {3, 7}, {5, 6}, {2, 4}], [{8, 1}, {3, 7}, {6}, {5}, {2, 4}], [{8, 1}, {4, 7}, {2, 6}, {3, 5}], [{8, 1}, {4, 7}, {3, 6}, {2, 5}], [{8, 1}, {4, 7}, {5, 6}, {2, 3}], [{8, 1}, {5, 7}, {2, 6}, {3, 4}], [{8, 1}, {5, 7}, {3, 6}, {2, 4}], [{8, 1}, {5, 7}, {4, 6}, {2, 3}], [{8, 1}, {5, 7}, {6}, {2, 4}, {3}], [{8, 1}, {6, 7}, {2, 5}, {3, 4}], [{8, 1}, {6, 7}, {3, 5}, {2, 4}], [{8, 1}, {6, 7}, {4, 5}, {2, 3}], [{8, 1}, {6, 7}, {5}, {3, 4}, {2}], [{8, 1}, {7}, {6}, {3, 5}, {2, 4}], [{8, 2}, {1, 7}, {3, 6}, {4, 5}], [{8, 2}, {1, 7}, {3, 6}, {5}, {4}], [{8, 2}, {1, 7}, {4, 6}, {3, 5}], [{8, 2}, {1, 7}, {5, 6}, {3, 4}], [{8, 2}, {3, 7}, {1, 6}, {4, 5}], [{8, 2}, {3, 7}, {4, 6}, {1, 5}], [{8, 2}, {3, 7}, {5, 6}, {1, 4}], [{8, 2}, {3, 7}, {6}, {5}, {1, 4}], [{8, 2}, {4, 7}, {1, 6}, {3, 5}], [{8, 2}, {4, 7}, {1, 6}, {5}, {3}], [{8, 2}, {4, 7}, {3, 6}, {1, 5}], [{8, 2}, {4, 7}, {3, 6}, {5}, {1}], [{8, 2}, {4, 7}, {5, 6}, {1, 3}], [{8, 2}, {4, 7}, {6}, {5}, {1, 3}], [{8, 2}, {5, 7}, {1, 6}, {3, 4}], [{8, 2}, {5, 7}, {3, 6}, {1, 4}], [{8, 2}, {5, 7}, {3, 6}, {4}, {1}], [{8, 2}, {5, 7}, {4, 6}, {1, 3}], [{8, 2}, {6, 7}, {1, 5}, {3, 4}], [{8, 2}, {6, 7}, {3, 5}, {1, 4}], [{8, 2}, {6, 7}, {3, 5}, {4}, {1}], [{8, 2}, {6, 7}, {4, 5}, {1, 3}], [{8, 2}, {6, 7}, {5}, {1, 4}, {3}], [{8, 2}, {7}, {3, 6}, {1, 5}, {4}], [{8, 2}, {7}, {3, 6}, {4, 5}, {1}], [{8, 2}, {7}, {3, 6}, {5}, {1, 4}], [{8, 2}, {7}, {5, 6}, {3, 4}, {1}], [{8, 3}, {1, 7}, {2, 6}, {4, 5}], [{8, 3}, {1, 7}, {2, 6}, {5}, {4}], [{8, 3}, {1, 7}, {4, 6}, {2, 5}], [{8, 3}, {1, 7}, {5, 6}, {2, 4}], [{8, 3}, {2, 7}, {1, 6}, {4, 5}], [{8, 3}, {2, 7}, {4, 6}, {1, 5}], [{8, 3}, {2, 7}, {5, 6}, {1, 4}], [{8, 3}, {4, 7}, {1, 6}, {2, 5}], [{8, 3}, {4, 7}, {2, 6}, {1, 5}], [{8, 3}, {4, 7}, {5, 6}, {1, 2}], [{8, 3}, {4, 7}, {5, 6}, {2}, {1}], [{8, 3}, {5, 7}, {1, 6}, {2, 4}], [{8, 3}, {5, 7}, {2, 6}, {1, 4}], [{8, 3}, {5, 7}, {4, 6}, {1, 2}], [{8, 3}, {5, 7}, {4, 6}, {2}, {1}], [{8, 3}, {6, 7}, {1, 5}, {2, 4}], [{8, 3}, {6, 7}, {2, 5}, {1, 4}], [{8, 3}, {6, 7}, {4, 5}, {1, 2}], [{8, 3}, {6, 7}, {4, 5}, {2}, {1}], [{8, 3}, {7}, {1, 6}, {5}, {2, 4}], [{8, 3}, {7}, {6}, {4, 5}, {1, 2}], [{8, 4}, {1, 7}, {2, 6}, {3, 5}], [{8, 4}, {1, 7}, {3, 6}, {2, 5}], [{8, 4}, {1, 7}, {5, 6}, {2, 3}], [{8, 4}, {2, 7}, {1, 6}, {3, 5}], [{8, 4}, {2, 7}, {3, 6}, {1, 5}], [{8, 4}, {2, 7}, {3, 6}, {5}, {1}], [{8, 4}, {2, 7}, {5, 6}, {1, 3}], [{8, 4}, {3, 7}, {1, 6}, {2, 5}], [{8, 4}, {3, 7}, {2, 6}, {1, 5}], [{8, 4}, {3, 7}, {5, 6}, {1, 2}], [{8, 4}, {3, 7}, {5, 6}, {2}, {1}], [{8, 4}, {5, 7}, {1, 6}, {2, 3}], [{8, 4}, {5, 7}, {2, 6}, {1, 3}], [{8, 4}, {5, 7}, {2, 6}, {3}, {1}], [{8, 4}, {5, 7}, {3, 6}, {1, 2}], [{8, 4}, {5, 7}, {3, 6}, {2}, {1}], [{8, 4}, {5, 7}, {6}, {2, 3}, {1}], [{8, 4}, {6, 7}, {1, 5}, {2, 3}], [{8, 4}, {6, 7}, {2, 5}, {1, 3}], [{8, 4}, {6, 7}, {3, 5}, {1, 2}], [{8, 4}, {6, 7}, {3, 5}, {2}, {1}], [{8, 4}, {7}, {3, 6}, {2, 5}, {1}], [{8, 5}, {1, 7}, {2, 6}, {3, 4}], [{8, 5}, {1, 7}, {3, 6}, {2, 4}], [{8, 5}, {1, 7}, {4, 6}, {2, 3}], [{8, 5}, {2, 7}, {1, 6}, {3, 4}], [{8, 5}, {2, 7}, {3, 6}, {1, 4}], [{8, 5}, {2, 7}, {3, 6}, {4}, {1}], [{8, 5}, {2, 7}, {4, 6}, {1, 3}], [{8, 5}, {3, 7}, {1, 6}, {2, 4}], [{8, 5}, {3, 7}, {2, 6}, {1, 4}], [{8, 5}, {3, 7}, {4, 6}, {1, 2}], [{8, 5}, {3, 7}, {4, 6}, {2}, {1}], [{8, 5}, {4, 7}, {1, 6}, {2, 3}], [{8, 5}, {4, 7}, {2, 6}, {1, 3}], [{8, 5}, {4, 7}, {2, 6}, {3}, {1}], [{8, 5}, {4, 7}, {3, 6}, {1, 2}], [{8, 5}, {4, 7}, {3, 6}, {2}, {1}], [{8, 5}, {4, 7}, {6}, {2, 3}, {1}], [{8, 5}, {6, 7}, {1, 4}, {2, 3}], [{8, 5}, {6, 7}, {2, 4}, {1, 3}], [{8, 5}, {6, 7}, {3, 4}, {1, 2}], [{8, 5}, {6, 7}, {3, 4}, {2}, {1}], [{8, 5}, {7}, {3, 6}, {2, 4}, {1}], [{8, 5}, {7}, {6}, {3, 4}, {1, 2}], [{8, 6}, {1, 7}, {2, 5}, {3, 4}], [{8, 6}, {1, 7}, {2, 5}, {4}, {3}], [{8, 6}, {1, 7}, {3, 5}, {2, 4}], [{8, 6}, {1, 7}, {3, 5}, {4}, {2}], [{8, 6}, {1, 7}, {4, 5}, {2, 3}], [{8, 6}, {1, 7}, {4, 5}, {3}, {2}], [{8, 6}, {1, 7}, {5}, {2, 4}, {3}], [{8, 6}, {1, 7}, {5}, {3, 4}, {2}], [{8, 6}, {1, 7}, {5}, {4}, {2, 3}], [{8, 6}, {1, 7}, {5}, {4}, {3}, {2}], [{8, 6}, {2, 7}, {1, 5}, {3, 4}], [{8, 6}, {2, 7}, {3, 5}, {1, 4}], [{8, 6}, {2, 7}, {4, 5}, {1, 3}], [{8, 6}, {2, 7}, {5}, {4}, {1, 3}], [{8, 6}, {3, 7}, {1, 5}, {2, 4}], [{8, 6}, {3, 7}, {1, 5}, {4}, {2}], [{8, 6}, {3, 7}, {2, 5}, {1, 4}], [{8, 6}, {3, 7}, {2, 5}, {4}, {1}], [{8, 6}, {3, 7}, {4, 5}, {1, 2}], [{8, 6}, {3, 7}, {4, 5}, {2}, {1}], [{8, 6}, {3, 7}, {5}, {1, 4}, {2}], [{8, 6}, {3, 7}, {5}, {2, 4}, {1}], [{8, 6}, {3, 7}, {5}, {4}, {1, 2}], [{8, 6}, {3, 7}, {5}, {4}, {2}, {1}], [{8, 6}, {4, 7}, {1, 5}, {2, 3}], [{8, 6}, {4, 7}, {1, 5}, {3}, {2}], [{8, 6}, {4, 7}, {2, 5}, {1, 3}], [{8, 6}, {4, 7}, {3, 5}, {1, 2}], [{8, 6}, {4, 7}, {3, 5}, {2}, {1}], [{8, 6}, {4, 7}, {5}, {1, 3}, {2}], [{8, 6}, {5, 7}, {1, 4}, {2, 3}], [{8, 6}, {5, 7}, {1, 4}, {3}, {2}], [{8, 6}, {5, 7}, {2, 4}, {1, 3}], [{8, 6}, {5, 7}, {3, 4}, {1, 2}], [{8, 6}, {5, 7}, {3, 4}, {2}, {1}], [{8, 6}, {5, 7}, {4}, {1, 3}, {2}], [{8, 6}, {7}, {1, 5}, {3, 4}, {2}], [{8, 6}, {7}, {2, 5}, {4}, {1, 3}], [{8, 6}, {7}, {3, 5}, {1, 4}, {2}], [{8, 6}, {7}, {4, 5}, {1, 3}, {2}], [{8, 6}, {7}, {5}, {2, 4}, {1, 3}], [{8, 6}, {7}, {5}, {4}, {1, 3}, {2}], [{8, 7}, {1, 6}, {2, 5}, {3, 4}], [{8, 7}, {1, 6}, {3, 5}, {2, 4}], [{8, 7}, {1, 6}, {4, 5}, {2, 3}], [{8, 7}, {1, 6}, {5}, {2, 4}, {3}], [{8, 7}, {1, 6}, {5}, {3, 4}, {2}], [{8, 7}, {1, 6}, {5}, {4}, {2, 3}], [{8, 7}, {2, 6}, {1, 5}, {3, 4}], [{8, 7}, {2, 6}, {3, 5}, {1, 4}], [{8, 7}, {2, 6}, {4, 5}, {1, 3}], [{8, 7}, {2, 6}, {4, 5}, {3}, {1}], [{8, 7}, {3, 6}, {1, 5}, {2, 4}], [{8, 7}, {3, 6}, {2, 5}, {1, 4}], [{8, 7}, {3, 6}, {2, 5}, {4}, {1}], [{8, 7}, {3, 6}, {4, 5}, {1, 2}], [{8, 7}, {3, 6}, {4, 5}, {2}, {1}], [{8, 7}, {3, 6}, {5}, {2, 4}, {1}], [{8, 7}, {4, 6}, {1, 5}, {2, 3}], [{8, 7}, {4, 6}, {2, 5}, {1, 3}], [{8, 7}, {4, 6}, {3, 5}, {1, 2}], [{8, 7}, {4, 6}, {3, 5}, {2}, {1}], [{8, 7}, {4, 6}, {5}, {3}, {1, 2}], [{8, 7}, {5, 6}, {1, 4}, {2, 3}], [{8, 7}, {5, 6}, {2, 4}, {1, 3}], [{8, 7}, {5, 6}, {3, 4}, {1, 2}], [{8, 7}, {5, 6}, {3, 4}, {2}, {1}], [{8, 7}, {6}, {1, 5}, {3, 4}, {2}], [{8, 7}, {6}, {4, 5}, {2, 3}, {1}], [{8, 7}, {6}, {5}, {2, 4}, {1, 3}], [{8}, {2, 7}, {3, 6}, {4, 5}, {1}], [{8}, {2, 7}, {5, 6}, {3, 4}, {1}], [{8}, {3, 7}, {1, 6}, {5}, {2, 4}], [{8}, {3, 7}, {2, 6}, {5}, {1, 4}], [{8}, {4, 7}, {2, 6}, {5}, {1, 3}], [{8}, {4, 7}, {3, 6}, {2, 5}, {1}], [{8}, {5, 7}, {3, 6}, {2, 4}, {1}], [{8}, {6, 7}, {1, 5}, {2, 4}, {3}], [{8}, {6, 7}, {1, 5}, {3, 4}, {2}], [{8}, {6, 7}, {1, 5}, {4}, {2, 3}], [{8}, {6, 7}, {3, 5}, {2, 4}, {1}], [{8}, {6, 7}, {5}, {2, 4}, {1, 3}]]",2,8 K_1^3 - 24 K_1^2 - 8 K_1 K_2 - 2 K_1 + 12 K_2 + 2 K_3 + 13,O1O2O3U1O4U3U5U6O5O7U2O6U8U4O8U7,O1O2O3U4O5U3U6U5O7U8O4O8U1O6U7U2,O1O2O3U2U4O5U3O6O7U6O4U8U5U1O8U7,c,{'O1O2O3U4O5U6U5O7U2O4O8U7U8U1O6U3'},1,"<a href=""/flatknot/8.1101779"">8.1101779</a>",t^9-24t^7-26t^6+74t^5+92t^4-52t^3-80t^2-11t-2,0,,
8.1101780,O1O2O3U4O5U6U5O7U8O4O8U1U2U3O6U7,4,4z^2+25z+35,-4w^5z^3+4w^4z^3-26w^4z^2+30w^3z^2-34w^3z+59w^2z+35w,False,False,"[[ 0 -2  0  2 -1  1 -2  1  1],[ 2  0  1  2  1  0  0  1  3],[ 0 -1  0  1 -1  0 -1  0  1],[-2 -2 -1  0 -3  0 -2 -1 -1],[ 1 -1  1  3  0  1 -2  3  1],[-1  0  0  0 -1  0 -1 -1 -1],[ 2  0  1  2  2  1  0  1  3],[-1 -1  0  1 -3  1 -1  0 -1],[-1 -3 -1  1 -1  1 -3  1  0]]","[[ 0  2  1  1  1  0 -1 -2 -2],[-2  0  0 -1 -1 -1 -3 -2 -2],[-1  0  0 -1 -1  0 -1  0 -1],[-1  1  1  0  1 -1 -1 -3 -3],[-1  1  1 -1  0  0 -3 -1 -1],[ 0  1  0  1  0  0 -1 -1 -1],[ 1  3  1  1  3  1  0 -1 -2],[ 2  2  0  3  1  1  1  0  0],[ 2  2  1  3  1  1  2  0  0]]",True,"[-2,-1,-1,-1,0,1,2,2,0,1,1,1,3,2,2,1,1,0,1,0,1,-1,1,1,3,3,0,3,1,1,1,1,1,1,2,0]","[-2,-2,-1,0,1,1,1,2,0,-1,1,0,2,2,2,0,1,0,2,3,2,0,1,-1,1,0,0,1,1,1,-1,-1,0,-1,0,1]",t^8+64t^6+401t^4+374t^2,"[-2,-2,-1,0,1,1,1,2,0,-1,1,0,2,2,2,0,1,0,2,3,2,0,1,-1,1,0,0,1,1,1,-1,-1,0,-1,0,1]","[-2,-1,-1,-1,0,1,2,2,0,0,1,1,0,2,2,-1,1,1,-1,2,2,1,0,1,0,0,1,1,2,3,0,1,1,-1,0,0]","[-2,-2,-1,0,1,1,1,2,0,1,1,0,1,3,2,2,1,1,1,3,2,1,1,3,1,3,0,0,1,1,-1,-1,0,-1,1,1]",c,"[[{8, 1}, {2, 7}, {3, 6}, {4, 5}], [{8, 1}, {2, 7}, {4, 6}, {3, 5}], [{8, 1}, {2, 7}, {5, 6}, {3, 4}], [{8, 1}, {3, 7}, {2, 6}, {4, 5}], [{8, 1}, {3, 7}, {4, 6}, {2, 5}], [{8, 1}, {3, 7}, {4, 6}, {5}, {2}], [{8, 1}, {3, 7}, {5, 6}, {2, 4}], [{8, 1}, {4, 7}, {2, 6}, {3, 5}], [{8, 1}, {4, 7}, {3, 6}, {2, 5}], [{8, 1}, {4, 7}, {5, 6}, {2, 3}], [{8, 1}, {4, 7}, {6}, {2, 5}, {3}], [{8, 1}, {5, 7}, {2, 6}, {3, 4}], [{8, 1}, {5, 7}, {3, 6}, {2, 4}], [{8, 1}, {5, 7}, {4, 6}, {2, 3}], [{8, 1}, {5, 7}, {6}, {2, 4}, {3}], [{8, 1}, {5, 7}, {6}, {3, 4}, {2}], [{8, 1}, {5, 7}, {6}, {4}, {2, 3}], [{8, 1}, {6, 7}, {2, 5}, {3, 4}], [{8, 1}, {6, 7}, {3, 5}, {2, 4}], [{8, 1}, {6, 7}, {4, 5}, {2, 3}], [{8, 1}, {7}, {3, 6}, {4, 5}, {2}], [{8, 2}, {1, 7}, {3, 6}, {4, 5}], [{8, 2}, {1, 7}, {4, 6}, {3, 5}], [{8, 2}, {1, 7}, {4, 6}, {5}, {3}], [{8, 2}, {1, 7}, {5, 6}, {3, 4}], [{8, 2}, {3, 7}, {1, 6}, {4, 5}], [{8, 2}, {3, 7}, {4, 6}, {1, 5}], [{8, 2}, {3, 7}, {5, 6}, {1, 4}], [{8, 2}, {4, 7}, {1, 6}, {3, 5}], [{8, 2}, {4, 7}, {3, 6}, {1, 5}], [{8, 2}, {4, 7}, {3, 6}, {5}, {1}], [{8, 2}, {4, 7}, {5, 6}, {1, 3}], [{8, 2}, {5, 7}, {1, 6}, {3, 4}], [{8, 2}, {5, 7}, {1, 6}, {4}, {3}], [{8, 2}, {5, 7}, {3, 6}, {1, 4}], [{8, 2}, {5, 7}, {4, 6}, {1, 3}], [{8, 2}, {6, 7}, {1, 5}, {3, 4}], [{8, 2}, {6, 7}, {1, 5}, {4}, {3}], [{8, 2}, {6, 7}, {3, 5}, {1, 4}], [{8, 2}, {6, 7}, {3, 5}, {4}, {1}], [{8, 2}, {6, 7}, {4, 5}, {1, 3}], [{8, 2}, {6, 7}, {5}, {4}, {1, 3}], [{8, 2}, {7}, {5, 6}, {1, 4}, {3}], [{8, 2}, {7}, {6}, {1, 5}, {3, 4}], [{8, 3}, {1, 7}, {2, 6}, {4, 5}], [{8, 3}, {1, 7}, {4, 6}, {2, 5}], [{8, 3}, {1, 7}, {5, 6}, {2, 4}], [{8, 3}, {2, 7}, {1, 6}, {4, 5}], [{8, 3}, {2, 7}, {4, 6}, {1, 5}], [{8, 3}, {2, 7}, {5, 6}, {1, 4}], [{8, 3}, {4, 7}, {1, 6}, {2, 5}], [{8, 3}, {4, 7}, {2, 6}, {1, 5}], [{8, 3}, {4, 7}, {2, 6}, {5}, {1}], [{8, 3}, {4, 7}, {5, 6}, {1, 2}], [{8, 3}, {5, 7}, {1, 6}, {2, 4}], [{8, 3}, {5, 7}, {2, 6}, {1, 4}], [{8, 3}, {5, 7}, {4, 6}, {1, 2}], [{8, 3}, {6, 7}, {1, 5}, {2, 4}], [{8, 3}, {6, 7}, {2, 5}, {1, 4}], [{8, 3}, {6, 7}, {4, 5}, {1, 2}], [{8, 4}, {1, 7}, {2, 6}, {3, 5}], [{8, 4}, {1, 7}, {3, 6}, {2, 5}], [{8, 4}, {1, 7}, {5, 6}, {2, 3}], [{8, 4}, {1, 7}, {6}, {2, 5}, {3}], [{8, 4}, {2, 7}, {1, 6}, {3, 5}], [{8, 4}, {2, 7}, {3, 6}, {1, 5}], [{8, 4}, {2, 7}, {3, 6}, {5}, {1}], [{8, 4}, {2, 7}, {5, 6}, {1, 3}], [{8, 4}, {3, 7}, {1, 6}, {2, 5}], [{8, 4}, {3, 7}, {2, 6}, {1, 5}], [{8, 4}, {3, 7}, {5, 6}, {1, 2}], [{8, 4}, {3, 7}, {6}, {1, 5}, {2}], [{8, 4}, {5, 7}, {1, 6}, {2, 3}], [{8, 4}, {5, 7}, {2, 6}, {1, 3}], [{8, 4}, {5, 7}, {3, 6}, {1, 2}], [{8, 4}, {5, 7}, {6}, {1, 3}, {2}], [{8, 4}, {6, 7}, {1, 5}, {2, 3}], [{8, 4}, {6, 7}, {2, 5}, {1, 3}], [{8, 4}, {6, 7}, {3, 5}, {1, 2}], [{8, 4}, {6, 7}, {5}, {1, 3}, {2}], [{8, 4}, {7}, {5, 6}, {1, 3}, {2}], [{8, 5}, {1, 7}, {2, 6}, {3, 4}], [{8, 5}, {1, 7}, {2, 6}, {4}, {3}], [{8, 5}, {1, 7}, {3, 6}, {2, 4}], [{8, 5}, {1, 7}, {4, 6}, {2, 3}], [{8, 5}, {1, 7}, {4, 6}, {3}, {2}], [{8, 5}, {1, 7}, {6}, {2, 4}, {3}], [{8, 5}, {2, 7}, {1, 6}, {3, 4}], [{8, 5}, {2, 7}, {3, 6}, {1, 4}], [{8, 5}, {2, 7}, {4, 6}, {1, 3}], [{8, 5}, {2, 7}, {4, 6}, {3}, {1}], [{8, 5}, {3, 7}, {1, 6}, {2, 4}], [{8, 5}, {3, 7}, {2, 6}, {1, 4}], [{8, 5}, {3, 7}, {4, 6}, {1, 2}], [{8, 5}, {3, 7}, {4, 6}, {2}, {1}], [{8, 5}, {4, 7}, {1, 6}, {2, 3}], [{8, 5}, {4, 7}, {2, 6}, {1, 3}], [{8, 5}, {4, 7}, {3, 6}, {1, 2}], [{8, 5}, {4, 7}, {6}, {1, 3}, {2}], [{8, 5}, {6, 7}, {1, 4}, {2, 3}], [{8, 5}, {6, 7}, {2, 4}, {1, 3}], [{8, 5}, {6, 7}, {3, 4}, {1, 2}], [{8, 5}, {6, 7}, {4}, {1, 3}, {2}], [{8, 5}, {7}, {4, 6}, {1, 3}, {2}], [{8, 5}, {7}, {4, 6}, {2, 3}, {1}], [{8, 5}, {7}, {4, 6}, {3}, {1, 2}], [{8, 5}, {7}, {4, 6}, {3}, {2}, {1}], [{8, 6}, {1, 7}, {2, 5}, {3, 4}], [{8, 6}, {1, 7}, {2, 5}, {4}, {3}], [{8, 6}, {1, 7}, {3, 5}, {2, 4}], [{8, 6}, {1, 7}, {4, 5}, {2, 3}], [{8, 6}, {2, 7}, {1, 5}, {3, 4}], [{8, 6}, {2, 7}, {3, 5}, {1, 4}], [{8, 6}, {2, 7}, {4, 5}, {1, 3}], [{8, 6}, {3, 7}, {1, 5}, {2, 4}], [{8, 6}, {3, 7}, {1, 5}, {4}, {2}], [{8, 6}, {3, 7}, {2, 5}, {1, 4}], [{8, 6}, {3, 7}, {4, 5}, {1, 2}], [{8, 6}, {4, 7}, {1, 5}, {2, 3}], [{8, 6}, {4, 7}, {1, 5}, {3}, {2}], [{8, 6}, {4, 7}, {2, 5}, {1, 3}], [{8, 6}, {4, 7}, {2, 5}, {3}, {1}], [{8, 6}, {4, 7}, {3, 5}, {1, 2}], [{8, 6}, {4, 7}, {3, 5}, {2}, {1}], [{8, 6}, {4, 7}, {5}, {1, 3}, {2}], [{8, 6}, {4, 7}, {5}, {2, 3}, {1}], [{8, 6}, {4, 7}, {5}, {3}, {1, 2}], [{8, 6}, {4, 7}, {5}, {3}, {2}, {1}], [{8, 6}, {5, 7}, {1, 4}, {2, 3}], [{8, 6}, {5, 7}, {2, 4}, {1, 3}], [{8, 6}, {5, 7}, {3, 4}, {1, 2}], [{8, 6}, {5, 7}, {4}, {1, 3}, {2}], [{8, 6}, {7}, {1, 5}, {3, 4}, {2}], [{8, 6}, {7}, {2, 5}, {1, 4}, {3}], [{8, 6}, {7}, {4, 5}, {1, 3}, {2}], [{8, 7}, {1, 6}, {2, 5}, {3, 4}], [{8, 7}, {1, 6}, {3, 5}, {2, 4}], [{8, 7}, {1, 6}, {4, 5}, {2, 3}], [{8, 7}, {1, 6}, {4, 5}, {3}, {2}], [{8, 7}, {2, 6}, {1, 5}, {3, 4}], [{8, 7}, {2, 6}, {3, 5}, {1, 4}], [{8, 7}, {2, 6}, {4, 5}, {1, 3}], [{8, 7}, {2, 6}, {4, 5}, {3}, {1}], [{8, 7}, {3, 6}, {1, 5}, {2, 4}], [{8, 7}, {3, 6}, {1, 5}, {4}, {2}], [{8, 7}, {3, 6}, {2, 5}, {1, 4}], [{8, 7}, {3, 6}, {2, 5}, {4}, {1}], [{8, 7}, {3, 6}, {4, 5}, {1, 2}], [{8, 7}, {3, 6}, {4, 5}, {2}, {1}], [{8, 7}, {3, 6}, {5}, {1, 4}, {2}], [{8, 7}, {3, 6}, {5}, {2, 4}, {1}], [{8, 7}, {3, 6}, {5}, {4}, {1, 2}], [{8, 7}, {4, 6}, {1, 5}, {2, 3}], [{8, 7}, {4, 6}, {2, 5}, {1, 3}], [{8, 7}, {4, 6}, {3, 5}, {1, 2}], [{8, 7}, {4, 6}, {5}, {1, 3}, {2}], [{8, 7}, {5, 6}, {1, 4}, {2, 3}], [{8, 7}, {5, 6}, {2, 4}, {1, 3}], [{8, 7}, {5, 6}, {3, 4}, {1, 2}], [{8, 7}, {5, 6}, {4}, {1, 3}, {2}], [{8, 7}, {6}, {1, 5}, {2, 4}, {3}], [{8, 7}, {6}, {2, 5}, {1, 4}, {3}], [{8, 7}, {6}, {4, 5}, {1, 3}, {2}], [{8, 7}, {6}, {4, 5}, {2, 3}, {1}], [{8, 7}, {6}, {4, 5}, {3}, {1, 2}], [{8, 7}, {6}, {4, 5}, {3}, {2}, {1}], [{8}, {1, 7}, {3, 6}, {4, 5}, {2}], [{8}, {1, 7}, {4, 6}, {2, 5}, {3}], [{8}, {1, 7}, {5, 6}, {3, 4}, {2}], [{8}, {3, 7}, {4, 6}, {1, 5}, {2}], [{8}, {4, 7}, {1, 6}, {2, 5}, {3}], [{8}, {4, 7}, {5, 6}, {1, 3}, {2}], [{8}, {5, 7}, {4, 6}, {1, 3}, {2}], [{8}, {6, 7}, {2, 5}, {1, 4}, {3}], [{8}, {6, 7}, {2, 5}, {3, 4}, {1}], [{8}, {6, 7}, {2, 5}, {4}, {1, 3}], [{8}, {6, 7}, {4, 5}, {1, 3}, {2}], [{8}, {6, 7}, {5}, {2, 4}, {1, 3}], [{8}, {6, 7}, {5}, {4}, {1, 3}, {2}], [{8}, {7}, {1, 6}, {4, 5}, {2, 3}], [{8}, {7}, {2, 6}, {1, 5}, {3, 4}], [{8}, {7}, {2, 6}, {3, 5}, {1, 4}]]",2,12 K_1^3 - 6 K_1^2 - 8 K_1 K_2 - 5 K_1 + 3 K_2 + K_3 + 4,O1O2O3U4O5U1U2U3O6O7U6O4U8U5O8U7,O1O2O3U4O5U1U2U3O6U7O4O7U5O8U6U8,O1O2O3U4U5O4U6O7O8U7O5U1U2U3O6U8,c,{'O1O2O3U4O5U6U5O7U8O4O8U1U2U3O6U7'},1,"<a href=""/flatknot/8.1101780"">8.1101780</a>",t^9-66t^7-204t^6+94t^5+540t^4+131t^3-238t^2+2t-20,t^2-2t,,
8.1101781,O1O2O3U4O5U6U5O7U8O4O8U1U2U7O6U3,3,12z^2+49z+51,-8w^4z^2+20w^3z^2-24w^3z+73w^2z+51w,False,False,"[[ 0 -2  0  2 -1  1 -2  1  1],[ 2  0  1  2  1  0  0  1  3],[ 0 -1  0  1 -1  0 -1  0  1],[-2 -2 -1  0 -3  1 -2 -1 -1],[ 1 -1  1  3  0  1 -1  2  1],[-1  0  0 -1 -1  0 -1  0 -1],[ 2  0  1  2  1  1  0  1  3],[-1 -1  0  1 -2  0 -1  0 -1],[-1 -3 -1  1 -1  1 -3  1  0]]","[[ 0  2  1  1  1  0 -1 -2 -2],[-2  0  1 -1 -1 -1 -3 -2 -2],[-1 -1  0  0 -1  0 -1  0 -1],[-1  1  0  0 -1  0 -2 -1 -1],[-1  1  1  1  0 -1 -1 -3 -3],[ 0  1  0  0  1  0 -1 -1 -1],[ 1  3  1  2  1  1  0 -1 -1],[ 2  2  0  1  3  1  1  0  0],[ 2  2  1  1  3  1  1  0  0]]",True,"[-2,-1,-1,-1,0,1,2,2,-1,1,1,1,3,2,2,0,1,0,1,0,1,1,0,2,1,1,1,1,3,3,1,1,1,1,1,0]","[-2,-2,-1,0,1,1,1,2,0,0,1,0,2,2,2,0,1,0,2,3,2,0,1,0,1,0,0,1,1,1,-1,-1,0,0,0,2]",t^8+56t^6+272t^4+229t^2,"[-2,-2,-1,0,1,1,1,2,0,0,1,0,2,2,2,0,1,0,2,3,2,0,1,0,1,0,0,1,1,1,-1,-1,0,0,0,2]","[-2,-1,-1,-1,0,1,2,2,0,0,2,1,0,2,2,-1,0,1,0,2,2,1,0,1,0,0,1,1,2,3,0,1,1,0,0,0]","[-2,-2,-1,0,1,1,1,2,0,1,1,0,1,3,2,1,1,1,1,3,2,1,1,2,1,3,0,0,1,1,0,-1,-1,-1,1,1]",c,"[[{8, 1}, {2, 7}, {3, 6}, {4, 5}], [{8, 1}, {2, 7}, {4, 6}, {3, 5}], [{8, 1}, {2, 7}, {5, 6}, {3, 4}], [{8, 1}, {2, 7}, {5, 6}, {4}, {3}], [{8, 1}, {2, 7}, {6}, {5}, {3, 4}], [{8, 1}, {3, 7}, {2, 6}, {4, 5}], [{8, 1}, {3, 7}, {4, 6}, {2, 5}], [{8, 1}, {3, 7}, {4, 6}, {5}, {2}], [{8, 1}, {3, 7}, {5, 6}, {2, 4}], [{8, 1}, {4, 7}, {2, 6}, {3, 5}], [{8, 1}, {4, 7}, {3, 6}, {2, 5}], [{8, 1}, {4, 7}, {5, 6}, {2, 3}], [{8, 1}, {5, 7}, {2, 6}, {3, 4}], [{8, 1}, {5, 7}, {2, 6}, {4}, {3}], [{8, 1}, {5, 7}, {3, 6}, {2, 4}], [{8, 1}, {5, 7}, {4, 6}, {2, 3}], [{8, 1}, {5, 7}, {6}, {3, 4}, {2}], [{8, 1}, {6, 7}, {2, 5}, {3, 4}], [{8, 1}, {6, 7}, {2, 5}, {4}, {3}], [{8, 1}, {6, 7}, {3, 5}, {2, 4}], [{8, 1}, {6, 7}, {4, 5}, {2, 3}], [{8, 1}, {6, 7}, {5}, {3, 4}, {2}], [{8, 1}, {7}, {2, 6}, {5}, {3, 4}], [{8, 1}, {7}, {3, 6}, {4, 5}, {2}], [{8, 1}, {7}, {5, 6}, {3, 4}, {2}], [{8, 1}, {7}, {6}, {2, 5}, {3, 4}], [{8, 2}, {1, 7}, {3, 6}, {4, 5}], [{8, 2}, {1, 7}, {3, 6}, {5}, {4}], [{8, 2}, {1, 7}, {4, 6}, {3, 5}], [{8, 2}, {1, 7}, {5, 6}, {3, 4}], [{8, 2}, {3, 7}, {1, 6}, {4, 5}], [{8, 2}, {3, 7}, {4, 6}, {1, 5}], [{8, 2}, {3, 7}, {4, 6}, {5}, {1}], [{8, 2}, {3, 7}, {5, 6}, {1, 4}], [{8, 2}, {4, 7}, {1, 6}, {3, 5}], [{8, 2}, {4, 7}, {3, 6}, {1, 5}], [{8, 2}, {4, 7}, {5, 6}, {1, 3}], [{8, 2}, {4, 7}, {6}, {3, 5}, {1}], [{8, 2}, {5, 7}, {1, 6}, {3, 4}], [{8, 2}, {5, 7}, {3, 6}, {1, 4}], [{8, 2}, {5, 7}, {3, 6}, {4}, {1}], [{8, 2}, {5, 7}, {4, 6}, {1, 3}], [{8, 2}, {6, 7}, {1, 5}, {3, 4}], [{8, 2}, {6, 7}, {3, 5}, {1, 4}], [{8, 2}, {6, 7}, {4, 5}, {1, 3}], [{8, 2}, {6, 7}, {5}, {1, 4}, {3}], [{8, 2}, {6, 7}, {5}, {3, 4}, {1}], [{8, 2}, {6, 7}, {5}, {4}, {1, 3}], [{8, 2}, {7}, {3, 6}, {1, 5}, {4}], [{8, 3}, {1, 7}, {2, 6}, {4, 5}], [{8, 3}, {1, 7}, {4, 6}, {2, 5}], [{8, 3}, {1, 7}, {5, 6}, {2, 4}], [{8, 3}, {1, 7}, {5, 6}, {4}, {2}], [{8, 3}, {2, 7}, {1, 6}, {4, 5}], [{8, 3}, {2, 7}, {4, 6}, {1, 5}], [{8, 3}, {2, 7}, {5, 6}, {1, 4}], [{8, 3}, {2, 7}, {5, 6}, {4}, {1}], [{8, 3}, {2, 7}, {6}, {5}, {1, 4}], [{8, 3}, {4, 7}, {1, 6}, {2, 5}], [{8, 3}, {4, 7}, {2, 6}, {1, 5}], [{8, 3}, {4, 7}, {5, 6}, {1, 2}], [{8, 3}, {4, 7}, {5, 6}, {2}, {1}], [{8, 3}, {5, 7}, {1, 6}, {2, 4}], [{8, 3}, {5, 7}, {2, 6}, {1, 4}], [{8, 3}, {5, 7}, {2, 6}, {4}, {1}], [{8, 3}, {5, 7}, {4, 6}, {1, 2}], [{8, 3}, {5, 7}, {6}, {1, 4}, {2}], [{8, 3}, {6, 7}, {1, 5}, {2, 4}], [{8, 3}, {6, 7}, {2, 5}, {1, 4}], [{8, 3}, {6, 7}, {2, 5}, {4}, {1}], [{8, 3}, {6, 7}, {4, 5}, {1, 2}], [{8, 3}, {6, 7}, {5}, {1, 4}, {2}], [{8, 3}, {7}, {1, 6}, {5}, {2, 4}], [{8, 3}, {7}, {2, 6}, {5}, {1, 4}], [{8, 3}, {7}, {5, 6}, {1, 4}, {2}], [{8, 3}, {7}, {5, 6}, {2, 4}, {1}], [{8, 3}, {7}, {5, 6}, {4}, {1, 2}], [{8, 3}, {7}, {5, 6}, {4}, {2}, {1}], [{8, 3}, {7}, {6}, {1, 5}, {2, 4}], [{8, 3}, {7}, {6}, {2, 5}, {1, 4}], [{8, 4}, {1, 7}, {2, 6}, {3, 5}], [{8, 4}, {1, 7}, {3, 6}, {2, 5}], [{8, 4}, {1, 7}, {3, 6}, {5}, {2}], [{8, 4}, {1, 7}, {5, 6}, {2, 3}], [{8, 4}, {2, 7}, {1, 6}, {3, 5}], [{8, 4}, {2, 7}, {3, 6}, {1, 5}], [{8, 4}, {2, 7}, {5, 6}, {1, 3}], [{8, 4}, {2, 7}, {5, 6}, {3}, {1}], [{8, 4}, {2, 7}, {6}, {5}, {1, 3}], [{8, 4}, {3, 7}, {1, 6}, {2, 5}], [{8, 4}, {3, 7}, {2, 6}, {1, 5}], [{8, 4}, {3, 7}, {5, 6}, {1, 2}], [{8, 4}, {5, 7}, {1, 6}, {2, 3}], [{8, 4}, {5, 7}, {1, 6}, {3}, {2}], [{8, 4}, {5, 7}, {2, 6}, {1, 3}], [{8, 4}, {5, 7}, {2, 6}, {3}, {1}], [{8, 4}, {5, 7}, {3, 6}, {1, 2}], [{8, 4}, {5, 7}, {3, 6}, {2}, {1}], [{8, 4}, {5, 7}, {6}, {1, 3}, {2}], [{8, 4}, {5, 7}, {6}, {2, 3}, {1}], [{8, 4}, {5, 7}, {6}, {3}, {1, 2}], [{8, 4}, {5, 7}, {6}, {3}, {2}, {1}], [{8, 4}, {6, 7}, {1, 5}, {2, 3}], [{8, 4}, {6, 7}, {2, 5}, {1, 3}], [{8, 4}, {6, 7}, {2, 5}, {3}, {1}], [{8, 4}, {6, 7}, {3, 5}, {1, 2}], [{8, 4}, {6, 7}, {5}, {1, 3}, {2}], [{8, 4}, {7}, {1, 6}, {5}, {2, 3}], [{8, 4}, {7}, {2, 6}, {5}, {1, 3}], [{8, 4}, {7}, {3, 6}, {1, 5}, {2}], [{8, 4}, {7}, {5, 6}, {1, 3}, {2}], [{8, 4}, {7}, {6}, {2, 5}, {1, 3}], [{8, 5}, {1, 7}, {2, 6}, {3, 4}], [{8, 5}, {1, 7}, {3, 6}, {2, 4}], [{8, 5}, {1, 7}, {3, 6}, {4}, {2}], [{8, 5}, {1, 7}, {4, 6}, {2, 3}], [{8, 5}, {2, 7}, {1, 6}, {3, 4}], [{8, 5}, {2, 7}, {3, 6}, {1, 4}], [{8, 5}, {2, 7}, {4, 6}, {1, 3}], [{8, 5}, {3, 7}, {1, 6}, {2, 4}], [{8, 5}, {3, 7}, {2, 6}, {1, 4}], [{8, 5}, {3, 7}, {4, 6}, {1, 2}], [{8, 5}, {3, 7}, {4, 6}, {2}, {1}], [{8, 5}, {4, 7}, {1, 6}, {2, 3}], [{8, 5}, {4, 7}, {2, 6}, {1, 3}], [{8, 5}, {4, 7}, {3, 6}, {1, 2}], [{8, 5}, {6, 7}, {1, 4}, {2, 3}], [{8, 5}, {6, 7}, {1, 4}, {3}, {2}], [{8, 5}, {6, 7}, {2, 4}, {1, 3}], [{8, 5}, {6, 7}, {3, 4}, {1, 2}], [{8, 5}, {6, 7}, {3, 4}, {2}, {1}], [{8, 5}, {6, 7}, {4}, {1, 3}, {2}], [{8, 6}, {1, 7}, {2, 5}, {3, 4}], [{8, 6}, {1, 7}, {3, 5}, {2, 4}], [{8, 6}, {1, 7}, {3, 5}, {4}, {2}], [{8, 6}, {1, 7}, {4, 5}, {2, 3}], [{8, 6}, {2, 7}, {1, 5}, {3, 4}], [{8, 6}, {2, 7}, {3, 5}, {1, 4}], [{8, 6}, {2, 7}, {3, 5}, {4}, {1}], [{8, 6}, {2, 7}, {4, 5}, {1, 3}], [{8, 6}, {3, 7}, {1, 5}, {2, 4}], [{8, 6}, {3, 7}, {2, 5}, {1, 4}], [{8, 6}, {3, 7}, {4, 5}, {1, 2}], [{8, 6}, {4, 7}, {1, 5}, {2, 3}], [{8, 6}, {4, 7}, {2, 5}, {1, 3}], [{8, 6}, {4, 7}, {3, 5}, {1, 2}], [{8, 6}, {4, 7}, {3, 5}, {2}, {1}], [{8, 6}, {5, 7}, {1, 4}, {2, 3}], [{8, 6}, {5, 7}, {2, 4}, {1, 3}], [{8, 6}, {5, 7}, {3, 4}, {1, 2}], [{8, 6}, {7}, {1, 5}, {2, 4}, {3}], [{8, 6}, {7}, {1, 5}, {3, 4}, {2}], [{8, 6}, {7}, {1, 5}, {4}, {2, 3}], [{8, 6}, {7}, {2, 5}, {1, 4}, {3}], [{8, 6}, {7}, {2, 5}, {3, 4}, {1}], [{8, 6}, {7}, {2, 5}, {4}, {1, 3}], [{8, 6}, {7}, {3, 5}, {1, 4}, {2}], [{8, 6}, {7}, {3, 5}, {2, 4}, {1}], [{8, 6}, {7}, {3, 5}, {4}, {1, 2}], [{8, 6}, {7}, {3, 5}, {4}, {2}, {1}], [{8, 6}, {7}, {4, 5}, {1, 3}, {2}], [{8, 6}, {7}, {4, 5}, {2, 3}, {1}], [{8, 6}, {7}, {4, 5}, {3}, {1, 2}], [{8, 6}, {7}, {5}, {1, 4}, {2, 3}], [{8, 6}, {7}, {5}, {2, 4}, {1, 3}], [{8, 6}, {7}, {5}, {3, 4}, {1, 2}], [{8, 7}, {1, 6}, {2, 5}, {3, 4}], [{8, 7}, {1, 6}, {3, 5}, {2, 4}], [{8, 7}, {1, 6}, {4, 5}, {2, 3}], [{8, 7}, {1, 6}, {4, 5}, {3}, {2}], [{8, 7}, {2, 6}, {1, 5}, {3, 4}], [{8, 7}, {2, 6}, {3, 5}, {1, 4}], [{8, 7}, {2, 6}, {4, 5}, {1, 3}], [{8, 7}, {2, 6}, {4, 5}, {3}, {1}], [{8, 7}, {3, 6}, {1, 5}, {2, 4}], [{8, 7}, {3, 6}, {2, 5}, {1, 4}], [{8, 7}, {3, 6}, {4, 5}, {1, 2}], [{8, 7}, {3, 6}, {4, 5}, {2}, {1}], [{8, 7}, {4, 6}, {1, 5}, {2, 3}], [{8, 7}, {4, 6}, {2, 5}, {1, 3}], [{8, 7}, {4, 6}, {3, 5}, {1, 2}], [{8, 7}, {5, 6}, {1, 4}, {2, 3}], [{8, 7}, {5, 6}, {2, 4}, {1, 3}], [{8, 7}, {5, 6}, {3, 4}, {1, 2}], [{8, 7}, {6}, {1, 5}, {2, 4}, {3}], [{8, 7}, {6}, {1, 5}, {3, 4}, {2}], [{8, 7}, {6}, {1, 5}, {4}, {2, 3}], [{8, 7}, {6}, {2, 5}, {1, 4}, {3}], [{8, 7}, {6}, {2, 5}, {3, 4}, {1}], [{8, 7}, {6}, {2, 5}, {4}, {1, 3}], [{8, 7}, {6}, {3, 5}, {1, 4}, {2}], [{8, 7}, {6}, {3, 5}, {2, 4}, {1}], [{8, 7}, {6}, {3, 5}, {4}, {1, 2}], [{8, 7}, {6}, {4, 5}, {1, 3}, {2}], [{8, 7}, {6}, {4, 5}, {2, 3}, {1}], [{8, 7}, {6}, {4, 5}, {3}, {1, 2}], [{8, 7}, {6}, {4, 5}, {3}, {2}, {1}], [{8, 7}, {6}, {5}, {1, 4}, {2, 3}], [{8, 7}, {6}, {5}, {2, 4}, {1, 3}], [{8, 7}, {6}, {5}, {3, 4}, {1, 2}], [{8}, {1, 7}, {3, 6}, {2, 5}, {4}], [{8}, {1, 7}, {3, 6}, {4, 5}, {2}], [{8}, {1, 7}, {3, 6}, {5}, {2, 4}], [{8}, {1, 7}, {3, 6}, {5}, {4}, {2}], [{8}, {1, 7}, {4, 6}, {2, 5}, {3}], [{8}, {1, 7}, {6}, {2, 5}, {3, 4}], [{8}, {2, 7}, {5, 6}, {1, 4}, {3}], [{8}, {2, 7}, {5, 6}, {3, 4}, {1}], [{8}, {2, 7}, {5, 6}, {4}, {1, 3}], [{8}, {3, 7}, {1, 6}, {2, 5}, {4}], [{8}, {3, 7}, {2, 6}, {1, 5}, {4}], [{8}, {3, 7}, {4, 6}, {1, 5}, {2}], [{8}, {3, 7}, {4, 6}, {2, 5}, {1}], [{8}, {3, 7}, {4, 6}, {5}, {1, 2}], [{8}, {3, 7}, {4, 6}, {5}, {2}, {1}], [{8}, {3, 7}, {6}, {1, 5}, {2, 4}], [{8}, {3, 7}, {6}, {2, 5}, {1, 4}], [{8}, {4, 7}, {1, 6}, {2, 5}, {3}], [{8}, {4, 7}, {2, 6}, {3, 5}, {1}], [{8}, {4, 7}, {3, 6}, {2, 5}, {1}], [{8}, {4, 7}, {6}, {2, 5}, {1, 3}], [{8}, {5, 7}, {1, 6}, {4}, {2, 3}], [{8}, {5, 7}, {2, 6}, {1, 4}, {3}], [{8}, {5, 7}, {2, 6}, {3, 4}, {1}], [{8}, {5, 7}, {2, 6}, {4}, {1, 3}], [{8}, {5, 7}, {3, 6}, {2, 4}, {1}], [{8}, {6, 7}, {1, 5}, {2, 4}, {3}], [{8}, {6, 7}, {1, 5}, {3, 4}, {2}], [{8}, {6, 7}, {1, 5}, {4}, {2, 3}], [{8}, {6, 7}, {2, 5}, {1, 4}, {3}], [{8}, {6, 7}, {2, 5}, {3, 4}, {1}], [{8}, {6, 7}, {2, 5}, {4}, {1, 3}], [{8}, {6, 7}, {2, 5}, {4}, {3}, {1}], [{8}, {6, 7}, {3, 5}, {1, 4}, {2}], [{8}, {6, 7}, {3, 5}, {2, 4}, {1}], [{8}, {6, 7}, {3, 5}, {4}, {1, 2}], [{8}, {6, 7}, {4, 5}, {1, 3}, {2}], [{8}, {6, 7}, {4, 5}, {2, 3}, {1}], [{8}, {6, 7}, {4, 5}, {3}, {1, 2}], [{8}, {6, 7}, {5}, {1, 4}, {2, 3}], [{8}, {6, 7}, {5}, {1, 4}, {3}, {2}], [{8}, {6, 7}, {5}, {2, 4}, {1, 3}], [{8}, {6, 7}, {5}, {3, 4}, {1, 2}], [{8}, {6, 7}, {5}, {3, 4}, {2}, {1}], [{8}, {6, 7}, {5}, {4}, {1, 3}, {2}], [{8}, {7}, {1, 6}, {2, 5}, {3, 4}], [{8}, {7}, {3, 6}, {1, 5}, {2, 4}], [{8}, {7}, {3, 6}, {2, 5}, {1, 4}], [{8}, {7}, {4, 6}, {2, 5}, {1, 3}], [{8}, {7}, {6}, {1, 5}, {2, 4}, {3}], [{8}, {7}, {6}, {2, 5}, {1, 4}, {3}], [{8}, {7}, {6}, {2, 5}, {3, 4}, {1}], [{8}, {7}, {6}, {2, 5}, {4}, {1, 3}]]",2,16 K_1^3 - 6 K_1^2 - 12 K_1 K_2 - 6 K_1 + 3 K_2 + 2 K_3 + 4,O1O2O3U1O4U5U2U3O6O7U6O5U8U4O8U7,O1O2O3U4O5U1U2U5O6U7O4O7U3O8U6U8,O1O2O3U4U5O4U1O6O7U6O5U8U2U3O8U7,c,{'O1O2O3U4O5U6U5O7U8O4O8U1U2U7O6U3'},1,"<a href=""/flatknot/8.1101781"">8.1101781</a>",t^9-58t^7-160t^6+35t^5+210t^4-98t^3+2t^2+16t,t^2-2t,,
8.1101782,O1O2O3U4O5U6U5O7U8O4O8U1U3U2O6U7,4,3z^3+35z^2+111z+107,3w^4z^3+35w^3z^2+111w^2z+107w,False,False,"[[ 0 -2  1  1 -1  1 -2  1  1],[ 2  0  2  1  1  0  0  1  3],[-1 -2  0  0 -2  0 -2  0  0],[-1 -1  0  0 -2  0 -1 -1  0],[ 1 -1  2  2  0  1 -2  3  1],[-1  0  0  0 -1  0 -1 -1 -1],[ 2  0  2  1  2  1  0  1  3],[-1 -1  0  1 -3  1 -1  0 -1],[-1 -3  0  0 -1  1 -3  1  0]]","[[ 0  1  1  1  1  1 -1 -2 -2],[-1  0  1  1  0  0 -1 -3 -3],[-1 -1  0  1  1  0 -3 -1 -1],[-1 -1 -1  0  0  0 -1  0 -1],[-1  0 -1  0  0  0 -2 -1 -1],[-1  0  0  0  0  0 -2 -2 -2],[ 1  1  3  1  2  2  0 -1 -2],[ 2  3  1  0  1  2  1  0  0],[ 2  3  1  1  1  2  2  0  0]]",True,"[-1,-1,-1,-1,-1,1,2,2,-1,-1,0,0,1,3,3,-1,-1,0,3,1,1,0,0,1,0,1,0,2,1,1,2,2,2,1,2,0]","[-2,-2,-1,1,1,1,1,1,0,-1,0,1,2,2,2,0,0,1,2,2,3,1,0,-1,0,1,0,-1,0,-1,0,0,0,-1,-1,0]",t^8+59t^6+389t^4+388t^2,"[-2,-2,-1,1,1,1,1,1,0,-1,0,1,2,2,2,0,0,1,2,2,3,1,0,-1,0,1,0,-1,0,-1,0,0,0,-1,-1,0]","[-1,-1,-1,-1,-1,1,2,2,-1,-1,0,0,1,2,3,-1,0,1,-1,2,2,0,0,1,0,0,0,0,1,1,0,2,2,-1,0,0]","[-2,-2,-1,1,1,1,1,1,0,1,0,1,1,2,3,2,1,1,1,2,3,1,2,3,2,1,0,-1,0,-1,-1,0,0,0,-1,0]",c,"[[{8, 1}, {2, 7}, {3, 6}, {4, 5}], [{8, 1}, {2, 7}, {4, 6}, {3, 5}], [{8, 1}, {2, 7}, {5, 6}, {3, 4}], [{8, 1}, {3, 7}, {2, 6}, {4, 5}], [{8, 1}, {3, 7}, {4, 6}, {2, 5}], [{8, 1}, {3, 7}, {5, 6}, {2, 4}], [{8, 1}, {4, 7}, {2, 6}, {3, 5}], [{8, 1}, {4, 7}, {3, 6}, {2, 5}], [{8, 1}, {4, 7}, {5, 6}, {2, 3}], [{8, 1}, {5, 7}, {2, 6}, {3, 4}], [{8, 1}, {5, 7}, {2, 6}, {4}, {3}], [{8, 1}, {5, 7}, {3, 6}, {2, 4}], [{8, 1}, {5, 7}, {3, 6}, {4}, {2}], [{8, 1}, {5, 7}, {4, 6}, {2, 3}], [{8, 1}, {5, 7}, {4, 6}, {3}, {2}], [{8, 1}, {5, 7}, {6}, {2, 4}, {3}], [{8, 1}, {5, 7}, {6}, {3, 4}, {2}], [{8, 1}, {5, 7}, {6}, {4}, {2, 3}], [{8, 1}, {5, 7}, {6}, {4}, {3}, {2}], [{8, 1}, {6, 7}, {2, 5}, {3, 4}], [{8, 1}, {6, 7}, {3, 5}, {2, 4}], [{8, 1}, {6, 7}, {4, 5}, {2, 3}], [{8, 2}, {1, 7}, {3, 6}, {4, 5}], [{8, 2}, {1, 7}, {4, 6}, {3, 5}], [{8, 2}, {1, 7}, {5, 6}, {3, 4}], [{8, 2}, {3, 7}, {1, 6}, {4, 5}], [{8, 2}, {3, 7}, {4, 6}, {1, 5}], [{8, 2}, {3, 7}, {5, 6}, {1, 4}], [{8, 2}, {4, 7}, {1, 6}, {3, 5}], [{8, 2}, {4, 7}, {3, 6}, {1, 5}], [{8, 2}, {4, 7}, {3, 6}, {5}, {1}], [{8, 2}, {4, 7}, {5, 6}, {1, 3}], [{8, 2}, {5, 7}, {1, 6}, {3, 4}], [{8, 2}, {5, 7}, {3, 6}, {1, 4}], [{8, 2}, {5, 7}, {4, 6}, {1, 3}], [{8, 2}, {6, 7}, {1, 5}, {3, 4}], [{8, 2}, {6, 7}, {1, 5}, {4}, {3}], [{8, 2}, {6, 7}, {3, 5}, {1, 4}], [{8, 2}, {6, 7}, {4, 5}, {1, 3}], [{8, 2}, {7}, {6}, {1, 5}, {3, 4}], [{8, 3}, {1, 7}, {2, 6}, {4, 5}], [{8, 3}, {1, 7}, {4, 6}, {2, 5}], [{8, 3}, {1, 7}, {4, 6}, {5}, {2}], [{8, 3}, {1, 7}, {5, 6}, {2, 4}], [{8, 3}, {1, 7}, {6}, {2, 5}, {4}], [{8, 3}, {2, 7}, {1, 6}, {4, 5}], [{8, 3}, {2, 7}, {4, 6}, {1, 5}], [{8, 3}, {2, 7}, {5, 6}, {1, 4}], [{8, 3}, {4, 7}, {1, 6}, {2, 5}], [{8, 3}, {4, 7}, {1, 6}, {5}, {2}], [{8, 3}, {4, 7}, {2, 6}, {1, 5}], [{8, 3}, {4, 7}, {2, 6}, {5}, {1}], [{8, 3}, {4, 7}, {5, 6}, {1, 2}], [{8, 3}, {4, 7}, {5, 6}, {2}, {1}], [{8, 3}, {4, 7}, {6}, {1, 5}, {2}], [{8, 3}, {4, 7}, {6}, {2, 5}, {1}], [{8, 3}, {4, 7}, {6}, {5}, {1, 2}], [{8, 3}, {4, 7}, {6}, {5}, {2}, {1}], [{8, 3}, {5, 7}, {1, 6}, {2, 4}], [{8, 3}, {5, 7}, {2, 6}, {1, 4}], [{8, 3}, {5, 7}, {4, 6}, {1, 2}], [{8, 3}, {6, 7}, {1, 5}, {2, 4}], [{8, 3}, {6, 7}, {2, 5}, {1, 4}], [{8, 3}, {6, 7}, {2, 5}, {4}, {1}], [{8, 3}, {6, 7}, {4, 5}, {1, 2}], [{8, 3}, {6, 7}, {5}, {1, 4}, {2}], [{8, 3}, {7}, {1, 6}, {2, 5}, {4}], [{8, 3}, {7}, {2, 6}, {1, 5}, {4}], [{8, 3}, {7}, {4, 6}, {2, 5}, {1}], [{8, 3}, {7}, {6}, {2, 5}, {1, 4}], [{8, 4}, {1, 7}, {2, 6}, {3, 5}], [{8, 4}, {1, 7}, {3, 6}, {2, 5}], [{8, 4}, {1, 7}, {5, 6}, {2, 3}], [{8, 4}, {2, 7}, {1, 6}, {3, 5}], [{8, 4}, {2, 7}, {3, 6}, {1, 5}], [{8, 4}, {2, 7}, {5, 6}, {1, 3}], [{8, 4}, {3, 7}, {1, 6}, {2, 5}], [{8, 4}, {3, 7}, {2, 6}, {1, 5}], [{8, 4}, {3, 7}, {2, 6}, {5}, {1}], [{8, 4}, {3, 7}, {5, 6}, {1, 2}], [{8, 4}, {5, 7}, {1, 6}, {2, 3}], [{8, 4}, {5, 7}, {2, 6}, {1, 3}], [{8, 4}, {5, 7}, {3, 6}, {1, 2}], [{8, 4}, {6, 7}, {1, 5}, {2, 3}], [{8, 4}, {6, 7}, {2, 5}, {1, 3}], [{8, 4}, {6, 7}, {2, 5}, {3}, {1}], [{8, 4}, {6, 7}, {3, 5}, {1, 2}], [{8, 4}, {7}, {2, 6}, {1, 5}, {3}], [{8, 5}, {1, 7}, {2, 6}, {3, 4}], [{8, 5}, {1, 7}, {3, 6}, {2, 4}], [{8, 5}, {1, 7}, {4, 6}, {2, 3}], [{8, 5}, {1, 7}, {6}, {2, 4}, {3}], [{8, 5}, {2, 7}, {1, 6}, {3, 4}], [{8, 5}, {2, 7}, {3, 6}, {1, 4}], [{8, 5}, {2, 7}, {4, 6}, {1, 3}], [{8, 5}, {3, 7}, {1, 6}, {2, 4}], [{8, 5}, {3, 7}, {2, 6}, {1, 4}], [{8, 5}, {3, 7}, {4, 6}, {1, 2}], [{8, 5}, {4, 7}, {1, 6}, {2, 3}], [{8, 5}, {4, 7}, {2, 6}, {1, 3}], [{8, 5}, {4, 7}, {3, 6}, {1, 2}], [{8, 5}, {6, 7}, {1, 4}, {2, 3}], [{8, 5}, {6, 7}, {1, 4}, {3}, {2}], [{8, 5}, {6, 7}, {2, 4}, {1, 3}], [{8, 5}, {6, 7}, {3, 4}, {1, 2}], [{8, 5}, {7}, {4, 6}, {2, 3}, {1}], [{8, 6}, {1, 7}, {2, 5}, {3, 4}], [{8, 6}, {1, 7}, {3, 5}, {2, 4}], [{8, 6}, {1, 7}, {4, 5}, {2, 3}], [{8, 6}, {2, 7}, {1, 5}, {3, 4}], [{8, 6}, {2, 7}, {3, 5}, {1, 4}], [{8, 6}, {2, 7}, {4, 5}, {1, 3}], [{8, 6}, {2, 7}, {5}, {4}, {1, 3}], [{8, 6}, {3, 7}, {1, 5}, {2, 4}], [{8, 6}, {3, 7}, {2, 5}, {1, 4}], [{8, 6}, {3, 7}, {4, 5}, {1, 2}], [{8, 6}, {4, 7}, {1, 5}, {2, 3}], [{8, 6}, {4, 7}, {2, 5}, {1, 3}], [{8, 6}, {4, 7}, {3, 5}, {1, 2}], [{8, 6}, {4, 7}, {5}, {2, 3}, {1}], [{8, 6}, {5, 7}, {1, 4}, {2, 3}], [{8, 6}, {5, 7}, {2, 4}, {1, 3}], [{8, 6}, {5, 7}, {3, 4}, {1, 2}], [{8, 6}, {7}, {1, 5}, {3, 4}, {2}], [{8, 6}, {7}, {3, 5}, {1, 4}, {2}], [{8, 7}, {1, 6}, {2, 5}, {3, 4}], [{8, 7}, {1, 6}, {3, 5}, {2, 4}], [{8, 7}, {1, 6}, {4, 5}, {2, 3}], [{8, 7}, {1, 6}, {4, 5}, {3}, {2}], [{8, 7}, {2, 6}, {1, 5}, {3, 4}], [{8, 7}, {2, 6}, {3, 5}, {1, 4}], [{8, 7}, {2, 6}, {4, 5}, {1, 3}], [{8, 7}, {2, 6}, {5}, {1, 4}, {3}], [{8, 7}, {2, 6}, {5}, {3, 4}, {1}], [{8, 7}, {2, 6}, {5}, {4}, {1, 3}], [{8, 7}, {3, 6}, {1, 5}, {2, 4}], [{8, 7}, {3, 6}, {1, 5}, {4}, {2}], [{8, 7}, {3, 6}, {2, 5}, {1, 4}], [{8, 7}, {3, 6}, {4, 5}, {1, 2}], [{8, 7}, {4, 6}, {1, 5}, {2, 3}], [{8, 7}, {4, 6}, {2, 5}, {1, 3}], [{8, 7}, {4, 6}, {2, 5}, {3}, {1}], [{8, 7}, {4, 6}, {3, 5}, {1, 2}], [{8, 7}, {5, 6}, {1, 4}, {2, 3}], [{8, 7}, {5, 6}, {2, 4}, {1, 3}], [{8, 7}, {5, 6}, {3, 4}, {1, 2}], [{8, 7}, {5, 6}, {4}, {3}, {1, 2}], [{8, 7}, {6}, {1, 5}, {2, 4}, {3}], [{8, 7}, {6}, {3, 5}, {1, 4}, {2}], [{8, 7}, {6}, {4, 5}, {2, 3}, {1}], [{8}, {1, 7}, {5, 6}, {3, 4}, {2}], [{8}, {3, 7}, {4, 6}, {2, 5}, {1}], [{8}, {6, 7}, {2, 5}, {3, 4}, {1}], [{8}, {6, 7}, {3, 5}, {1, 4}, {2}], [{8}, {6, 7}, {5}, {2, 4}, {1, 3}], [{8}, {7}, {1, 6}, {4, 5}, {2, 3}], [{8}, {7}, {2, 6}, {1, 5}, {3, 4}]]",2,- 4 K_1^2 - 4 K_1 K_2 + 2 K_1 + 2 K_2 + 2 K_3 + 3,O1O2O3U4O5U2U1U3O6O7U6O4U8U5O8U7,O1O2O3U4O5U1U3U2O6U7O4O7U5O8U6U8,O1O2O3U4U5O4U6O7O8U7O5U2U1U3O6U8,c,{'O1O2O3U4O5U6U5O7U8O4O8U1U3U2O6U7'},1,"<a href=""/flatknot/8.1101782"">8.1101782</a>",t^9-63t^7-132t^6+305t^5+440t^4-216t^3-312t^2+8t+24,2t^2-4t,,
8.1101783,O1O2O3U4O5U6U5O7U8O4O8U1U3U7O6U2,4,z^3+22z^2+104z+129,w^4z^3+22w^3z^2+104w^2z+129w,False,False,"[[ 0 -2  1  1 -1  1 -2  1  1],[ 2  0  2  1  1  0  0  1  3],[-1 -2  0  0 -2  1 -2  0  0],[-1 -1  0  0 -2  0 -2  0  0],[ 1 -1  2  2  0  1 -1  2  1],[-1  0 -1  0 -1  0 -1  0 -1],[ 2  0  2  2  1  1  0  1  3],[-1 -1  0  0 -2  0 -1  0 -1],[-1 -3  0  0 -1  1 -3  1  0]]","[[ 0  1  1  1  1  1 -1 -2 -2],[-1  0  1  1  0  0 -1 -3 -3],[-1 -1  0  0  0  0 -2 -1 -1],[-1 -1  0  0  0 -1 -1  0 -1],[-1  0  0  0  0  0 -2 -1 -2],[-1  0  0  1  0  0 -2 -2 -2],[ 1  1  2  1  2  2  0 -1 -1],[ 2  3  1  0  1  2  1  0  0],[ 2  3  1  1  2  2  1  0  0]]",True,"[-1,-1,-1,-1,-1,1,2,2,-1,-1,0,0,1,3,3,0,0,0,2,1,1,0,1,1,0,1,0,2,1,2,2,2,2,1,1,0]","[-2,-2,-1,1,1,1,1,1,0,0,0,1,1,2,2,0,0,1,2,2,3,1,0,0,0,1,0,0,-1,-1,0,0,-1,0,0,0]",t^8+53t^6+213t^4+164t^2+4,"[-2,-2,-1,1,1,1,1,1,0,0,0,1,1,2,2,0,0,1,2,2,3,1,0,0,0,1,0,0,-1,-1,0,0,-1,0,0,0]","[-1,-1,-1,-1,-1,1,2,2,-1,-1,0,0,1,2,3,0,0,0,0,1,1,0,1,1,0,0,0,0,1,2,0,2,2,0,0,0]","[-2,-2,-1,1,1,1,1,1,0,1,0,1,1,2,3,1,1,1,2,2,3,1,2,2,2,1,0,0,-1,-1,0,0,-1,0,0,0]",c,"[[{8, 1}, {2, 7}, {3, 6}, {4, 5}], [{8, 1}, {2, 7}, {4, 6}, {3, 5}], [{8, 1}, {2, 7}, {4, 6}, {5}, {3}], [{8, 1}, {2, 7}, {5, 6}, {3, 4}], [{8, 1}, {3, 7}, {2, 6}, {4, 5}], [{8, 1}, {3, 7}, {4, 6}, {2, 5}], [{8, 1}, {3, 7}, {5, 6}, {2, 4}], [{8, 1}, {4, 7}, {2, 6}, {3, 5}], [{8, 1}, {4, 7}, {3, 6}, {2, 5}], [{8, 1}, {4, 7}, {5, 6}, {2, 3}], [{8, 1}, {5, 7}, {2, 6}, {3, 4}], [{8, 1}, {5, 7}, {2, 6}, {4}, {3}], [{8, 1}, {5, 7}, {3, 6}, {2, 4}], [{8, 1}, {5, 7}, {3, 6}, {4}, {2}], [{8, 1}, {5, 7}, {4, 6}, {2, 3}], [{8, 1}, {5, 7}, {6}, {4}, {2, 3}], [{8, 1}, {6, 7}, {2, 5}, {3, 4}], [{8, 1}, {6, 7}, {2, 5}, {4}, {3}], [{8, 1}, {6, 7}, {3, 5}, {2, 4}], [{8, 1}, {6, 7}, {4, 5}, {2, 3}], [{8, 1}, {6, 7}, {4, 5}, {3}, {2}], [{8, 1}, {6, 7}, {5}, {2, 4}, {3}], [{8, 1}, {7}, {5, 6}, {3, 4}, {2}], [{8, 2}, {1, 7}, {3, 6}, {4, 5}], [{8, 2}, {1, 7}, {4, 6}, {3, 5}], [{8, 2}, {1, 7}, {5, 6}, {3, 4}], [{8, 2}, {1, 7}, {5, 6}, {4}, {3}], [{8, 2}, {3, 7}, {1, 6}, {4, 5}], [{8, 2}, {3, 7}, {1, 6}, {5}, {4}], [{8, 2}, {3, 7}, {4, 6}, {1, 5}], [{8, 2}, {3, 7}, {5, 6}, {1, 4}], [{8, 2}, {4, 7}, {1, 6}, {3, 5}], [{8, 2}, {4, 7}, {1, 6}, {5}, {3}], [{8, 2}, {4, 7}, {3, 6}, {1, 5}], [{8, 2}, {4, 7}, {5, 6}, {1, 3}], [{8, 2}, {4, 7}, {6}, {3, 5}, {1}], [{8, 2}, {5, 7}, {1, 6}, {3, 4}], [{8, 2}, {5, 7}, {3, 6}, {1, 4}], [{8, 2}, {5, 7}, {4, 6}, {1, 3}], [{8, 2}, {5, 7}, {6}, {3, 4}, {1}], [{8, 2}, {6, 7}, {1, 5}, {3, 4}], [{8, 2}, {6, 7}, {1, 5}, {4}, {3}], [{8, 2}, {6, 7}, {3, 5}, {1, 4}], [{8, 2}, {6, 7}, {4, 5}, {1, 3}], [{8, 2}, {6, 7}, {4, 5}, {3}, {1}], [{8, 2}, {6, 7}, {5}, {1, 4}, {3}], [{8, 2}, {7}, {1, 6}, {5}, {3, 4}], [{8, 2}, {7}, {4, 6}, {5}, {1, 3}], [{8, 3}, {1, 7}, {2, 6}, {4, 5}], [{8, 3}, {1, 7}, {2, 6}, {5}, {4}], [{8, 3}, {1, 7}, {4, 6}, {2, 5}], [{8, 3}, {1, 7}, {5, 6}, {2, 4}], [{8, 3}, {2, 7}, {1, 6}, {4, 5}], [{8, 3}, {2, 7}, {4, 6}, {1, 5}], [{8, 3}, {2, 7}, {5, 6}, {1, 4}], [{8, 3}, {4, 7}, {1, 6}, {2, 5}], [{8, 3}, {4, 7}, {2, 6}, {1, 5}], [{8, 3}, {4, 7}, {5, 6}, {1, 2}], [{8, 3}, {5, 7}, {1, 6}, {2, 4}], [{8, 3}, {5, 7}, {2, 6}, {1, 4}], [{8, 3}, {5, 7}, {4, 6}, {1, 2}], [{8, 3}, {5, 7}, {4, 6}, {2}, {1}], [{8, 3}, {6, 7}, {1, 5}, {2, 4}], [{8, 3}, {6, 7}, {1, 5}, {4}, {2}], [{8, 3}, {6, 7}, {2, 5}, {1, 4}], [{8, 3}, {6, 7}, {2, 5}, {4}, {1}], [{8, 3}, {6, 7}, {4, 5}, {1, 2}], [{8, 3}, {6, 7}, {4, 5}, {2}, {1}], [{8, 3}, {6, 7}, {5}, {1, 4}, {2}], [{8, 3}, {6, 7}, {5}, {2, 4}, {1}], [{8, 3}, {6, 7}, {5}, {4}, {1, 2}], [{8, 4}, {1, 7}, {2, 6}, {3, 5}], [{8, 4}, {1, 7}, {2, 6}, {5}, {3}], [{8, 4}, {1, 7}, {3, 6}, {2, 5}], [{8, 4}, {1, 7}, {3, 6}, {5}, {2}], [{8, 4}, {1, 7}, {5, 6}, {2, 3}], [{8, 4}, {1, 7}, {6}, {5}, {2, 3}], [{8, 4}, {2, 7}, {1, 6}, {3, 5}], [{8, 4}, {2, 7}, {3, 6}, {1, 5}], [{8, 4}, {2, 7}, {5, 6}, {1, 3}], [{8, 4}, {3, 7}, {1, 6}, {2, 5}], [{8, 4}, {3, 7}, {2, 6}, {1, 5}], [{8, 4}, {3, 7}, {5, 6}, {1, 2}], [{8, 4}, {3, 7}, {5, 6}, {2}, {1}], [{8, 4}, {5, 7}, {1, 6}, {2, 3}], [{8, 4}, {5, 7}, {2, 6}, {1, 3}], [{8, 4}, {5, 7}, {3, 6}, {1, 2}], [{8, 4}, {5, 7}, {6}, {1, 3}, {2}], [{8, 4}, {6, 7}, {1, 5}, {2, 3}], [{8, 4}, {6, 7}, {1, 5}, {3}, {2}], [{8, 4}, {6, 7}, {2, 5}, {1, 3}], [{8, 4}, {6, 7}, {2, 5}, {3}, {1}], [{8, 4}, {6, 7}, {3, 5}, {1, 2}], [{8, 4}, {6, 7}, {5}, {3}, {1, 2}], [{8, 4}, {7}, {1, 6}, {3, 5}, {2}], [{8, 5}, {1, 7}, {2, 6}, {3, 4}], [{8, 5}, {1, 7}, {3, 6}, {2, 4}], [{8, 5}, {1, 7}, {4, 6}, {2, 3}], [{8, 5}, {2, 7}, {1, 6}, {3, 4}], [{8, 5}, {2, 7}, {1, 6}, {4}, {3}], [{8, 5}, {2, 7}, {3, 6}, {1, 4}], [{8, 5}, {2, 7}, {4, 6}, {1, 3}], [{8, 5}, {3, 7}, {1, 6}, {2, 4}], [{8, 5}, {3, 7}, {2, 6}, {1, 4}], [{8, 5}, {3, 7}, {4, 6}, {1, 2}], [{8, 5}, {4, 7}, {1, 6}, {2, 3}], [{8, 5}, {4, 7}, {2, 6}, {1, 3}], [{8, 5}, {4, 7}, {3, 6}, {1, 2}], [{8, 5}, {6, 7}, {1, 4}, {2, 3}], [{8, 5}, {6, 7}, {1, 4}, {3}, {2}], [{8, 5}, {6, 7}, {2, 4}, {1, 3}], [{8, 5}, {6, 7}, {2, 4}, {3}, {1}], [{8, 5}, {6, 7}, {3, 4}, {1, 2}], [{8, 5}, {6, 7}, {4}, {3}, {1, 2}], [{8, 6}, {1, 7}, {2, 5}, {3, 4}], [{8, 6}, {1, 7}, {2, 5}, {4}, {3}], [{8, 6}, {1, 7}, {3, 5}, {2, 4}], [{8, 6}, {1, 7}, {4, 5}, {2, 3}], [{8, 6}, {1, 7}, {4, 5}, {3}, {2}], [{8, 6}, {1, 7}, {5}, {2, 4}, {3}], [{8, 6}, {2, 7}, {1, 5}, {3, 4}], [{8, 6}, {2, 7}, {1, 5}, {4}, {3}], [{8, 6}, {2, 7}, {3, 5}, {1, 4}], [{8, 6}, {2, 7}, {4, 5}, {1, 3}], [{8, 6}, {2, 7}, {4, 5}, {3}, {1}], [{8, 6}, {2, 7}, {5}, {1, 4}, {3}], [{8, 6}, {3, 7}, {1, 5}, {2, 4}], [{8, 6}, {3, 7}, {1, 5}, {4}, {2}], [{8, 6}, {3, 7}, {2, 5}, {1, 4}], [{8, 6}, {3, 7}, {2, 5}, {4}, {1}], [{8, 6}, {3, 7}, {4, 5}, {1, 2}], [{8, 6}, {3, 7}, {4, 5}, {2}, {1}], [{8, 6}, {3, 7}, {5}, {1, 4}, {2}], [{8, 6}, {3, 7}, {5}, {2, 4}, {1}], [{8, 6}, {3, 7}, {5}, {4}, {1, 2}], [{8, 6}, {4, 7}, {1, 5}, {2, 3}], [{8, 6}, {4, 7}, {1, 5}, {3}, {2}], [{8, 6}, {4, 7}, {2, 5}, {1, 3}], [{8, 6}, {4, 7}, {2, 5}, {3}, {1}], [{8, 6}, {4, 7}, {3, 5}, {1, 2}], [{8, 6}, {4, 7}, {5}, {3}, {1, 2}], [{8, 6}, {5, 7}, {1, 4}, {2, 3}], [{8, 6}, {5, 7}, {1, 4}, {3}, {2}], [{8, 6}, {5, 7}, {2, 4}, {1, 3}], [{8, 6}, {5, 7}, {2, 4}, {3}, {1}], [{8, 6}, {5, 7}, {3, 4}, {1, 2}], [{8, 6}, {5, 7}, {4}, {3}, {1, 2}], [{8, 6}, {7}, {1, 5}, {2, 4}, {3}], [{8, 6}, {7}, {1, 5}, {3, 4}, {2}], [{8, 6}, {7}, {1, 5}, {4}, {2, 3}], [{8, 6}, {7}, {1, 5}, {4}, {3}, {2}], [{8, 6}, {7}, {2, 5}, {1, 4}, {3}], [{8, 6}, {7}, {2, 5}, {3, 4}, {1}], [{8, 6}, {7}, {2, 5}, {4}, {1, 3}], [{8, 6}, {7}, {2, 5}, {4}, {3}, {1}], [{8, 6}, {7}, {3, 5}, {1, 4}, {2}], [{8, 6}, {7}, {3, 5}, {2, 4}, {1}], [{8, 6}, {7}, {3, 5}, {4}, {1, 2}], [{8, 6}, {7}, {4, 5}, {1, 3}, {2}], [{8, 6}, {7}, {4, 5}, {2, 3}, {1}], [{8, 6}, {7}, {4, 5}, {3}, {1, 2}], [{8, 6}, {7}, {4, 5}, {3}, {2}, {1}], [{8, 6}, {7}, {5}, {1, 4}, {2, 3}], [{8, 6}, {7}, {5}, {1, 4}, {3}, {2}], [{8, 6}, {7}, {5}, {2, 4}, {1, 3}], [{8, 6}, {7}, {5}, {2, 4}, {3}, {1}], [{8, 6}, {7}, {5}, {3, 4}, {1, 2}], [{8, 6}, {7}, {5}, {4}, {3}, {1, 2}], [{8, 7}, {1, 6}, {2, 5}, {3, 4}], [{8, 7}, {1, 6}, {2, 5}, {4}, {3}], [{8, 7}, {1, 6}, {3, 5}, {2, 4}], [{8, 7}, {1, 6}, {4, 5}, {2, 3}], [{8, 7}, {1, 6}, {4, 5}, {3}, {2}], [{8, 7}, {1, 6}, {5}, {2, 4}, {3}], [{8, 7}, {2, 6}, {1, 5}, {3, 4}], [{8, 7}, {2, 6}, {1, 5}, {4}, {3}], [{8, 7}, {2, 6}, {3, 5}, {1, 4}], [{8, 7}, {2, 6}, {4, 5}, {1, 3}], [{8, 7}, {2, 6}, {4, 5}, {3}, {1}], [{8, 7}, {2, 6}, {5}, {1, 4}, {3}], [{8, 7}, {3, 6}, {1, 5}, {2, 4}], [{8, 7}, {3, 6}, {1, 5}, {4}, {2}], [{8, 7}, {3, 6}, {2, 5}, {1, 4}], [{8, 7}, {3, 6}, {2, 5}, {4}, {1}], [{8, 7}, {3, 6}, {4, 5}, {1, 2}], [{8, 7}, {3, 6}, {4, 5}, {2}, {1}], [{8, 7}, {3, 6}, {5}, {1, 4}, {2}], [{8, 7}, {3, 6}, {5}, {2, 4}, {1}], [{8, 7}, {3, 6}, {5}, {4}, {1, 2}], [{8, 7}, {4, 6}, {1, 5}, {2, 3}], [{8, 7}, {4, 6}, {1, 5}, {3}, {2}], [{8, 7}, {4, 6}, {2, 5}, {1, 3}], [{8, 7}, {4, 6}, {2, 5}, {3}, {1}], [{8, 7}, {4, 6}, {3, 5}, {1, 2}], [{8, 7}, {4, 6}, {5}, {3}, {1, 2}], [{8, 7}, {5, 6}, {1, 4}, {2, 3}], [{8, 7}, {5, 6}, {1, 4}, {3}, {2}], [{8, 7}, {5, 6}, {2, 4}, {1, 3}], [{8, 7}, {5, 6}, {2, 4}, {3}, {1}], [{8, 7}, {5, 6}, {3, 4}, {1, 2}], [{8, 7}, {5, 6}, {4}, {3}, {1, 2}], [{8, 7}, {6}, {1, 5}, {2, 4}, {3}], [{8, 7}, {6}, {1, 5}, {3, 4}, {2}], [{8, 7}, {6}, {1, 5}, {4}, {2, 3}], [{8, 7}, {6}, {1, 5}, {4}, {3}, {2}], [{8, 7}, {6}, {2, 5}, {1, 4}, {3}], [{8, 7}, {6}, {2, 5}, {3, 4}, {1}], [{8, 7}, {6}, {2, 5}, {4}, {1, 3}], [{8, 7}, {6}, {2, 5}, {4}, {3}, {1}], [{8, 7}, {6}, {3, 5}, {1, 4}, {2}], [{8, 7}, {6}, {3, 5}, {2, 4}, {1}], [{8, 7}, {6}, {3, 5}, {4}, {1, 2}], [{8, 7}, {6}, {4, 5}, {1, 3}, {2}], [{8, 7}, {6}, {4, 5}, {2, 3}, {1}], [{8, 7}, {6}, {4, 5}, {3}, {1, 2}], [{8, 7}, {6}, {4, 5}, {3}, {2}, {1}], [{8, 7}, {6}, {5}, {1, 4}, {2, 3}], [{8, 7}, {6}, {5}, {1, 4}, {3}, {2}], [{8, 7}, {6}, {5}, {2, 4}, {1, 3}], [{8, 7}, {6}, {5}, {2, 4}, {3}, {1}], [{8, 7}, {6}, {5}, {3, 4}, {1, 2}], [{8, 7}, {6}, {5}, {4}, {3}, {1, 2}], [{8}, {1, 7}, {2, 6}, {5}, {3, 4}], [{8}, {1, 7}, {4, 6}, {3, 5}, {2}], [{8}, {4, 7}, {2, 6}, {5}, {1, 3}], [{8}, {5, 7}, {1, 6}, {3, 4}, {2}], [{8}, {6, 7}, {1, 5}, {2, 4}, {3}], [{8}, {6, 7}, {1, 5}, {3, 4}, {2}], [{8}, {6, 7}, {1, 5}, {4}, {2, 3}], [{8}, {6, 7}, {1, 5}, {4}, {3}, {2}], [{8}, {6, 7}, {2, 5}, {1, 4}, {3}], [{8}, {6, 7}, {2, 5}, {3, 4}, {1}], [{8}, {6, 7}, {2, 5}, {4}, {1, 3}], [{8}, {6, 7}, {2, 5}, {4}, {3}, {1}], [{8}, {6, 7}, {3, 5}, {1, 4}, {2}], [{8}, {6, 7}, {3, 5}, {2, 4}, {1}], [{8}, {6, 7}, {3, 5}, {4}, {1, 2}], [{8}, {6, 7}, {4, 5}, {1, 3}, {2}], [{8}, {6, 7}, {4, 5}, {2, 3}, {1}], [{8}, {6, 7}, {4, 5}, {3}, {1, 2}], [{8}, {6, 7}, {4, 5}, {3}, {2}, {1}], [{8}, {6, 7}, {5}, {1, 4}, {2, 3}], [{8}, {6, 7}, {5}, {1, 4}, {3}, {2}], [{8}, {6, 7}, {5}, {2, 4}, {1, 3}], [{8}, {6, 7}, {5}, {2, 4}, {3}, {1}], [{8}, {6, 7}, {5}, {3, 4}, {1, 2}], [{8}, {6, 7}, {5}, {4}, {3}, {1, 2}]]",2,8 K_1^3 - 16 K_1^2 - 12 K_1 K_2 + 8 K_2 + 4 K_3 + 9,O1O2O3U2O4U5U1U3O6O7U6O5U8U4O8U7,O1O2O3U4O5U1U5U2O6U7O4O7U3O8U6U8,O1O2O3U4U5O4U1O6O7U6O5U2U8U3O8U7,c,{'O1O2O3U4O5U6U5O7U8O4O8U1U3U7O6U2'},1,"<a href=""/flatknot/8.1101783"">8.1101783</a>",t^9-57t^7-84t^6+213t^5+92t^4-205t^3+22t^2+39t-10,2t^2-4t,,
8.1101784,O1O2O3U4O5U6U5O7U8O4O8U1U7U2O6U3,3,9z^2+74z+113,9w^3z^2+74w^2z+113w,False,False,"[[ 0 -2  1  2 -1  1 -2  0  1],[ 2  0  2  2  1  0  0  0  3],[-1 -2  0  0 -1  0 -1 -1  0],[-2 -2  0  0 -3  1 -2 -1 -1],[ 1 -1  1  3  0  1 -1  1  1],[-1  0  0 -1 -1  0 -1  0 -1],[ 2  0  1  2  1  1  0  0  3],[ 0  0  1  1 -1  0  0  0  0],[-1 -3  0  1 -1  1 -3  0  0]]","[[ 0  2  1  1  1  0 -1 -2 -2],[-2  0  1  0 -1 -1 -3 -2 -2],[-1 -1  0  0 -1  0 -1  0 -1],[-1  0  0  0  0 -1 -1 -2 -1],[-1  1  1  0  0  0 -1 -3 -3],[ 0  1  0  1  0  0 -1  0  0],[ 1  3  1  1  1  1  0 -1 -1],[ 2  2  0  2  3  0  1  0  0],[ 2  2  1  1  3  0  1  0  0]]",True,"[-2,-1,-1,-1,0,1,2,2,-1,0,1,1,3,2,2,0,1,0,1,0,1,0,1,1,2,1,0,1,3,3,1,0,0,1,1,0]","[-2,-2,-1,0,1,1,1,2,0,0,2,0,1,3,2,0,2,0,2,2,2,0,1,1,1,0,1,0,1,1,0,-1,0,0,1,2]",t^8+52t^6+268t^4+261t^2,"[-2,-2,-1,0,1,1,1,2,0,0,2,0,1,3,2,0,2,0,2,2,2,0,1,1,1,0,1,0,1,1,0,-1,0,0,1,2]","[-2,-1,-1,-1,0,1,2,2,0,1,2,1,0,2,2,0,1,1,1,0,0,0,0,1,1,2,1,1,3,2,0,2,2,0,0,0]","[-2,-2,-1,0,1,1,1,2,0,1,0,0,2,3,2,1,0,1,1,3,2,1,1,1,1,3,0,1,0,1,0,-1,-1,0,0,1]",c,"[[{8, 1}, {5, 7}, {2, 6}, {3, 4}], [{8, 4}, {1, 7}, {3, 6}, {2, 5}], [{8, 4}, {2, 7}, {1, 6}, {3, 5}], [{8, 4}, {2, 7}, {3, 6}, {1, 5}], [{8, 4}, {2, 7}, {5, 6}, {1, 3}], [{8, 4}, {2, 7}, {5, 6}, {3}, {1}], [{8, 4}, {2, 7}, {6}, {5}, {1, 3}], [{8, 4}, {5, 7}, {2, 6}, {1, 3}], [{8, 4}, {5, 7}, {3, 6}, {1, 2}], [{8, 4}, {6, 7}, {2, 5}, {1, 3}], [{8, 5}, {6, 7}, {2, 4}, {1, 3}], [{8, 6}, {5, 7}, {2, 4}, {1, 3}], [{8, 7}, {5, 6}, {2, 4}, {1, 3}], [{8, 7}, {6}, {5}, {2, 4}, {1, 3}]]",1,8 K_1^3 - 22 K_1^2 - 12 K_1 K_2 + 11 K_2 + 4 K_3 + 12,O1O2O3U1O4U2U5U3O6O7U6O5U8U4O8U7,O1O2O3U4O5U1U3U5O6U7O4O7U2O8U6U8,O1O2O3U4U5O4U2O6O7U6O5U8U1U3O8U7,c,{'O1O2O3U4O5U6U5O7U8O4O8U1U7U2O6U3'},1,"<a href=""/flatknot/8.1101784"">8.1101784</a>",t^9-54t^7-100t^6+199t^5+390t^4-89t^3-350t^2-192t-32,t^2-2t,,
8.1101785,O1O2O3U4O5U6U5O7U8O4O8U1U7U3O6U2,4,14z^2+83z+111,14w^3z^2+83w^2z+111w,False,False,"[[ 0 -2  1  2 -1  1 -2  0  1],[ 2  0  2  2  1  0  0  0  3],[-1 -2  0  1 -2  1 -2 -1  0],[-2 -2 -1  0 -2  0 -2 -1 -1],[ 1 -1  2  2  0  1 -1  1  1],[-1  0 -1  0 -1  0 -1  0 -1],[ 2  0  2  2  1  1  0  0  3],[ 0  0  1  1 -1  0  0  0  0],[-1 -3  0  1 -1  1 -3  0  0]]","[[ 0  2  1  1  1  0 -1 -2 -2],[-2  0  0 -1 -1 -1 -2 -2 -2],[-1  0  0 -1 -1  0 -1  0 -1],[-1  1  1  0  0  0 -1 -3 -3],[-1  1  1  0  0 -1 -2 -2 -2],[ 0  1  0  0  1  0 -1  0  0],[ 1  2  1  1  2  1  0 -1 -1],[ 2  2  0  3  2  0  1  0  0],[ 2  2  1  3  2  0  1  0  0]]",True,"[-2,-1,-1,-1,0,1,2,2,0,1,1,1,2,2,2,1,1,0,1,0,1,0,0,1,3,3,1,2,2,2,1,0,0,1,1,0]","[-2,-2,-1,0,1,1,1,2,0,0,2,0,1,2,2,0,2,0,1,3,2,0,1,0,1,1,1,0,1,1,0,-1,0,-1,0,1]",t^8+54t^6+204t^4+124t^2,"[-2,-2,-1,0,1,1,1,2,0,0,2,0,1,2,2,0,2,0,1,3,2,0,1,0,1,1,1,0,1,1,0,-1,0,-1,0,1]","[-2,-1,-1,-1,0,1,2,2,0,0,1,1,1,2,2,0,1,0,0,1,1,1,1,1,0,0,1,1,2,3,0,2,2,0,0,0]","[-2,-2,-1,0,1,1,1,2,0,1,0,0,2,3,2,1,0,1,2,3,2,1,1,2,1,2,0,1,0,1,-1,-1,0,0,1,1]",c,"[[{8, 1}, {5, 7}, {3, 6}, {2, 4}], [{8, 4}, {3, 7}, {2, 6}, {1, 5}], [{8, 5}, {1, 7}, {3, 6}, {2, 4}], [{8, 6}, {2, 7}, {1, 5}, {3, 4}], [{8, 7}, {2, 6}, {1, 5}, {3, 4}], [{8, 7}, {3, 6}, {1, 5}, {2, 4}]]",1,12 K_1^3 - 26 K_1^2 - 16 K_1 K_2 - K_1 + 13 K_2 + 5 K_3 + 14,O1O2O3U2O4U1U5U3O6O7U6O5U8U4O8U7,O1O2O3U4O5U1U5U3O6U7O4O7U2O8U6U8,O1O2O3U4U5O4U2O6O7U6O5U1U8U3O8U7,c,{'O1O2O3U4O5U6U5O7U8O4O8U1U7U3O6U2'},1,"<a href=""/flatknot/8.1101785"">8.1101785</a>",t^9-56t^7-120t^6+91t^5+384t^4+198t^3-150t^2-140t-28,t^2-2t,,
8.1101786,O1O2O3U4O5U6U5O7U8O4O8U2U1U3O6U7,4,2z^3+29z^2+100z+101,2w^4z^3-2w^4z^2+31w^3z^2-6w^3z+106w^2z+101w,False,False,"[[ 0 -1 -1  2 -1  1 -2  1  1],[ 1  0  0  2  0  0 -1  1  2],[ 1  0  0  1  0  0  0  0  2],[-2 -2 -1  0 -3  0 -2 -1 -1],[ 1  0  0  3  0  1 -2  3  1],[-1  0  0  0 -1  0 -1 -1 -1],[ 2  1  0  2  2  1  0  1  3],[-1 -1  0  1 -3  1 -1  0 -1],[-1 -2 -2  1 -1  1 -3  1  0]]","[[ 0  2  1  1  1 -1 -1 -1 -2],[-2  0  0 -1 -1 -1 -2 -3 -2],[-1  0  0 -1 -1  0  0 -1 -1],[-1  1  1  0  1 -2 -2 -1 -3],[-1  1  1 -1  0  0 -1 -3 -1],[ 1  1  0  2  0  0  0  0  0],[ 1  2  0  2  1  0  0  0 -1],[ 1  3  1  1  3  0  0  0 -2],[ 2  2  1  3  1  0  1  2  0]]",True,"[-2,-1,-1,-1,1,1,1,2,0,1,1,1,2,3,2,1,1,0,0,1,1,-1,2,2,1,3,0,1,3,1,0,0,0,0,1,2]","[-2,-1,-1,-1,1,1,1,2,-1,0,1,0,2,2,2,0,0,1,-1,1,0,0,0,1,2,1,0,2,2,2,-1,-1,0,-1,0,1]",t^8+59t^6+383t^4+397t^2+1,"[-2,-1,-1,-1,1,1,1,2,-1,0,1,0,2,2,2,0,0,1,-1,1,0,0,0,1,2,1,0,2,2,2,-1,-1,0,-1,0,1]","[-2,-1,-1,-1,1,1,1,2,0,0,1,0,1,2,2,-1,1,-1,1,2,2,1,1,0,0,0,1,2,2,2,0,0,-1,0,0,1]","[-2,-1,-1,-1,1,1,1,2,0,1,2,1,1,3,2,0,0,0,0,2,1,0,0,1,2,2,1,3,1,3,-1,-1,0,-1,1,1]",c,"[[{8, 2}, {4, 7}, {3, 6}, {1, 5}], [{8, 4}, {2, 7}, {3, 6}, {1, 5}], [{8, 7}, {3, 6}, {1, 5}, {2, 4}]]",1,- 4 K_1^2 - 8 K_1 K_2 + 4 K_1 + 2 K_2 + 4 K_3 + 3,O1O2O3U4O5U1U3U2O6O7U6O4U8U5O8U7,O1O2O3U4O5U2U1U3O6U7O4O7U5O8U6U8,O1O2O3U4U5O4U6O7O8U7O5U1U3U2O6U8,c,{'O1O2O3U4O5U6U5O7U8O4O8U2U1U3O6U7'},1,"<a href=""/flatknot/8.1101786"">8.1101786</a>",t^9-59t^7-164t^6+171t^5+622t^4+212t^3-226t^2-30t-6,0,,
8.1101787,O1O2O3U4O5U6U5O7U8O4O8U2U1U7O6U3,4,5z^3+46z^2+116z+89,5w^4z^3+46w^3z^2+116w^2z+89w,False,False,"[[ 0 -1 -1  2 -1  1 -2  1  1],[ 1  0  0  2  0  0 -1  1  2],[ 1  0  0  1  0  0  0  0  2],[-2 -2 -1  0 -3  1 -2 -1 -1],[ 1  0  0  3  0  1 -1  2  1],[-1  0  0 -1 -1  0 -1  0 -1],[ 2  1  0  2  1  1  0  1  3],[-1 -1  0  1 -2  0 -1  0 -1],[-1 -2 -2  1 -1  1 -3  1  0]]","[[ 0  2  1  1  1 -1 -1 -1 -2],[-2  0  1 -1 -1 -1 -2 -3 -2],[-1 -1  0  0 -1  0  0 -1 -1],[-1  1  0  0 -1  0 -1 -2 -1],[-1  1  1  1  0 -2 -2 -1 -3],[ 1  1  0  0  2  0  0  0  0],[ 1  2  0  1  2  0  0  0 -1],[ 1  3  1  2  1  0  0  0 -1],[ 2  2  1  1  3  0  1  1  0]]",True,"[-2,-1,-1,-1,1,1,1,2,-1,1,1,1,2,3,2,0,1,0,0,1,1,1,0,1,2,1,2,2,1,3,0,0,0,0,1,1]","[-2,-1,-1,-1,1,1,1,2,-1,1,1,1,2,3,2,0,1,0,0,1,1,1,0,1,2,1,2,2,1,3,0,0,0,0,1,1]",t^8+51t^6+266t^4+250t^2+4,"[-2,-1,-1,-1,1,1,1,2,0,0,1,0,2,2,2,0,0,0,1,2,1,0,1,0,1,0,0,2,2,2,-1,-1,0,0,0,2]","[-2,-1,-1,-1,1,1,1,2,0,0,2,0,1,2,2,-1,0,0,1,2,2,1,1,0,0,0,1,2,2,2,0,0,0,0,0,1]","[-2,-1,-1,-1,1,1,1,2,0,1,1,1,1,3,2,0,0,0,0,2,1,0,0,1,2,2,1,2,1,3,0,-1,-1,-1,1,1]",c,"[[{8, 1}, {4, 7}, {3, 6}, {2, 5}]]",1,12 K_1^3 - 4 K_1^2 - 8 K_1 K_2 - 5 K_1 + 2 K_2 + K_3 + 3,O1O2O3U1O4U5U3U2O6O7U6O5U8U4O8U7,O1O2O3U4O5U2U1U5O6U7O4O7U3O8U6U8,O1O2O3U4U5O4U1O6O7U6O5U8U3U2O8U7,c,{'O1O2O3U4O5U6U5O7U8O4O8U2U1U7O6U3'},1,"<a href=""/flatknot/8.1101787"">8.1101787</a>",t^9-51t^7-124t^6+104t^5+306t^4-13t^3-32t^2+35t-2,0,,
8.1101788,O1O2O3U4O5U6U5O7U8O4O8U2U3U1O6U7,3,18z^2+87z+103,-2w^4z^2+20w^3z^2-6w^3z+93w^2z+103w,False,False,"[[ 0  0 -1  1 -1  1 -2  1  1],[ 0  0 -1  1 -1  0 -2  1  1],[ 1  1  0  1  0  0  0  0  2],[-1 -1 -1  0 -2  0 -1 -1  0],[ 1  1  0  2  0  1 -2  3  1],[-1  0  0  0 -1  0 -1 -1 -1],[ 2  2  0  1  2  1  0  1  3],[-1 -1  0  1 -3  1 -1  0 -1],[-1 -1 -2  0 -1  1 -3  1  0]]","[[ 0  1  1  1  1  0 -1 -1 -2],[-1  0  1  1  0 -1 -1 -2 -3],[-1 -1  0  1  1 -1 -3  0 -1],[-1 -1 -1  0  0  0 -1  0 -1],[-1  0 -1  0  0 -1 -2 -1 -1],[ 0  1  1  0  1  0 -1 -1 -2],[ 1  1  3  1  2  1  0  0 -2],[ 1  2  0  0  1  1  0  0  0],[ 2  3  1  1  1  2  2  0  0]]",True,"[-1,-1,-1,-1,0,1,1,2,-1,-1,0,1,1,2,3,-1,-1,1,3,0,1,0,0,1,0,1,1,2,1,1,1,1,2,0,2,0]","[-2,-1,-1,0,1,1,1,1,-1,1,0,0,2,2,2,0,0,1,-1,0,1,0,0,2,1,2,0,0,0,1,-1,0,-1,-1,-1,0]",t^8+49t^6+334t^4+367t^2,"[-2,-1,-1,0,1,1,1,1,-1,1,0,0,2,2,2,0,0,1,-1,0,1,0,0,2,1,2,0,0,0,1,-1,0,-1,-1,-1,0]","[-1,-1,-1,-1,0,1,1,2,-1,-1,0,1,1,2,2,-1,1,0,-1,2,2,0,0,1,0,0,0,0,1,2,0,0,0,0,-1,1]","[-2,-1,-1,0,1,1,1,1,0,2,2,1,1,1,3,0,1,0,0,1,2,1,1,3,2,1,0,1,1,1,-1,0,-1,1,-1,0]",c,"[[{8, 1}, {6, 7}, {2, 5}, {3, 4}], [{8, 6}, {1, 7}, {2, 5}, {3, 4}], [{8, 6}, {1, 7}, {3, 5}, {2, 4}], [{8, 6}, {3, 7}, {2, 5}, {1, 4}], [{8, 7}, {1, 6}, {2, 5}, {3, 4}]]",1,8 K_1^3 - 14 K_1^2 - 4 K_1 K_2 - 4 K_1 + 7 K_2 + 8,O1O2O3U4O5U3U1U2O6O7U6O4U8U5O8U7,O1O2O3U4O5U3U1U2O6U7O4O7U5O8U6U8,O1O2O3U4U5O4U6O7O8U7O5U2U3U1O6U8,c,{'O1O2O3U4O5U6U5O7U8O4O8U2U3U1O6U7'},1,"<a href=""/flatknot/8.1101788"">8.1101788</a>",t^9-51t^7-130t^6+141t^5+476t^4+66t^3-118t^2+20t-144,t^2-2t,,
8.1101789,O1O2O3U4O5U6U5O7U8O4O8U2U7U1O6U3,4,5z^2+82z+145,5w^3z^2+82w^2z+145w,False,False,"[[ 0  0 -1  2 -1  1 -2  0  1],[ 0  0 -1  1  0  0 -1  0  1],[ 1  1  0  1  0  0  0  0  2],[-2 -1 -1  0 -3  1 -2 -1 -1],[ 1  0  0  3  0  1 -1  1  1],[-1  0  0 -1 -1  0 -1  0 -1],[ 2  1  0  2  1  1  0  0  3],[ 0  0  0  1 -1  0  0  0  0],[-1 -1 -2  1 -1  1 -3  0  0]]","[[ 0  2  1  1  0  0 -1 -1 -2],[-2  0  1 -1 -1 -1 -1 -3 -2],[-1 -1  0 -1  0  0  0 -1 -1],[-1  1  1  0  0 -1 -2 -1 -3],[ 0  1  0  0  0  0  0 -1  0],[ 0  1  0  1  0  0 -1  0 -1],[ 1  1  0  2  0  1  0  0  0],[ 1  3  1  1  1  0  0  0 -1],[ 2  2  1  3  0  1  0  1  0]]",True,"[-2,-1,-1,0,0,1,1,2,-1,1,1,1,1,3,2,1,0,0,0,1,1,0,1,2,1,3,0,0,1,0,1,0,1,0,0,1]","[-2,-1,-1,0,0,1,1,2,-1,1,1,1,1,3,2,1,0,0,0,1,1,0,1,2,1,3,0,0,1,0,1,0,1,0,0,1]",t^8+40t^6+175t^4+128t^2+1,"[-2,-1,-1,0,0,1,1,2,0,1,1,2,0,2,2,0,1,0,1,1,0,0,1,0,2,2,0,0,1,1,1,1,1,-1,0,2]","[-2,-1,-1,0,0,1,1,2,0,2,1,1,0,2,2,1,0,1,1,0,0,1,1,1,2,2,0,1,0,1,0,1,2,0,0,1]","[-2,-1,-1,0,0,1,1,2,0,1,0,1,1,3,2,0,0,1,0,2,1,1,0,1,1,3,0,0,0,1,0,1,1,-1,-1,1]",c,"[[{8, 4}, {1, 7}, {2, 6}, {3, 5}], [{8, 4}, {1, 7}, {3, 6}, {2, 5}], [{8, 4}, {1, 7}, {5, 6}, {2, 3}], [{8, 4}, {1, 7}, {5, 6}, {3}, {2}], [{8, 4}, {2, 7}, {3, 6}, {1, 5}], [{8, 4}, {3, 7}, {1, 6}, {2, 5}], [{8, 4}, {5, 7}, {3, 6}, {1, 2}], [{8, 4}, {6, 7}, {2, 5}, {1, 3}]]",1,- 28 K_1^2 - 8 K_1 K_2 + 4 K_1 + 14 K_2 + 4 K_3 + 15,O1O2O3U1O4U3U5U2O6O7U6O5U8U4O8U7,O1O2O3U4O5U3U1U5O6U7O4O7U2O8U6U8,O1O2O3U4U5O4U2O6O7U6O5U8U3U1O8U7,c,{'O1O2O3U4O5U6U5O7U8O4O8U2U7U1O6U3'},1,"<a href=""/flatknot/8.1101789"">8.1101789</a>",t^9-40t^7-80t^6+113t^5+284t^4+62t^3-74t^2-4t+8,0,,
8.1101790,O1O2O3U4O5U6U5O7U8O4O8U3U1U2O6U7,4,3z^3+34z^2+110z+109,3w^4z^3+34w^3z^2+110w^2z+109w,False,False,"[[ 0 -1  1  0 -1  1 -2  1  1],[ 1  0  1  0  0  0 -1  1  2],[-1 -1  0  0 -2  0 -2  0  0],[ 0  0  0  0 -1  0  0 -1  1],[ 1  0  2  1  0  1 -2  3  1],[-1  0  0  0 -1  0 -1 -1 -1],[ 2  1  2  0  2  1  0  1  3],[-1 -1  0  1 -3  1 -1  0 -1],[-1 -2  0 -1 -1  1 -3  1  0]]","[[ 0  1  1  1  1  0 -1 -1 -2],[-1  0  1  1  0 -1 -1 -2 -3],[-1 -1  0  1  0  1 -3 -1 -1],[-1 -1 -1  0  0  0 -1  0 -1],[-1  0  0  0  0  0 -2 -1 -2],[ 0  1 -1  0  0  0 -1  0  0],[ 1  1  3  1  2  1  0  0 -2],[ 1  2  1  0  1  0  0  0 -1],[ 2  3  1  1  2  0  2  1  0]]",True,"[-1,-1,-1,-1,0,1,1,2,-1,-1,0,1,1,2,3,-1,0,-1,3,1,1,0,0,1,0,1,0,2,1,2,1,0,0,0,2,1]","[-2,-1,-1,0,1,1,1,1,-1,0,2,0,1,2,2,0,0,1,0,-1,1,1,0,1,1,2,0,1,2,1,0,-1,-1,0,0,-1]",t^8+47t^6+308t^4+340t^2+1,"[-2,-1,-1,0,1,1,1,1,-1,0,2,0,1,2,2,0,0,1,0,-1,1,1,0,1,1,2,0,1,2,1,0,-1,-1,0,0,-1]","[-1,-1,-1,-1,0,1,1,2,-1,-1,0,1,1,2,2,-1,0,2,-1,1,2,0,0,1,0,0,1,0,1,1,0,1,2,0,-1,0]","[-2,-1,-1,0,1,1,1,1,1,2,0,1,1,2,3,0,0,0,1,1,2,1,1,3,2,1,0,-1,0,1,-1,0,-1,0,-1,0]",c,"[[{8, 1}, {2, 7}, {3, 6}, {4, 5}], [{8, 1}, {2, 7}, {4, 6}, {3, 5}], [{8, 1}, {2, 7}, {5, 6}, {3, 4}], [{8, 1}, {2, 7}, {6}, {4, 5}, {3}], [{8, 1}, {3, 7}, {2, 6}, {4, 5}], [{8, 1}, {3, 7}, {4, 6}, {2, 5}], [{8, 1}, {3, 7}, {5, 6}, {2, 4}], [{8, 1}, {4, 7}, {2, 6}, {3, 5}], [{8, 1}, {4, 7}, {3, 6}, {2, 5}], [{8, 1}, {4, 7}, {5, 6}, {2, 3}], [{8, 1}, {5, 7}, {2, 6}, {3, 4}], [{8, 1}, {5, 7}, {3, 6}, {2, 4}], [{8, 1}, {5, 7}, {4, 6}, {2, 3}], [{8, 1}, {5, 7}, {6}, {3, 4}, {2}], [{8, 1}, {6, 7}, {2, 5}, {3, 4}], [{8, 1}, {6, 7}, {3, 5}, {2, 4}], [{8, 1}, {6, 7}, {4, 5}, {2, 3}], [{8, 1}, {6, 7}, {4, 5}, {3}, {2}], [{8, 1}, {7}, {2, 6}, {4, 5}, {3}], [{8, 1}, {7}, {5, 6}, {4}, {2, 3}], [{8, 2}, {1, 7}, {3, 6}, {4, 5}], [{8, 2}, {1, 7}, {4, 6}, {3, 5}], [{8, 2}, {1, 7}, {5, 6}, {3, 4}], [{8, 2}, {3, 7}, {1, 6}, {4, 5}], [{8, 2}, {3, 7}, {4, 6}, {1, 5}], [{8, 2}, {3, 7}, {5, 6}, {1, 4}], [{8, 2}, {4, 7}, {1, 6}, {3, 5}], [{8, 2}, {4, 7}, {3, 6}, {1, 5}], [{8, 2}, {4, 7}, {3, 6}, {5}, {1}], [{8, 2}, {4, 7}, {5, 6}, {1, 3}], [{8, 2}, {5, 7}, {1, 6}, {3, 4}], [{8, 2}, {5, 7}, {3, 6}, {1, 4}], [{8, 2}, {5, 7}, {4, 6}, {1, 3}], [{8, 2}, {6, 7}, {1, 5}, {3, 4}], [{8, 2}, {6, 7}, {3, 5}, {1, 4}], [{8, 2}, {6, 7}, {4, 5}, {1, 3}], [{8, 2}, {6, 7}, {4, 5}, {3}, {1}], [{8, 3}, {1, 7}, {2, 6}, {4, 5}], [{8, 3}, {1, 7}, {4, 6}, {2, 5}], [{8, 3}, {1, 7}, {4, 6}, {5}, {2}], [{8, 3}, {1, 7}, {5, 6}, {2, 4}], [{8, 3}, {2, 7}, {1, 6}, {4, 5}], [{8, 3}, {2, 7}, {4, 6}, {1, 5}], [{8, 3}, {2, 7}, {5, 6}, {1, 4}], [{8, 3}, {4, 7}, {1, 6}, {2, 5}], [{8, 3}, {4, 7}, {2, 6}, {1, 5}], [{8, 3}, {4, 7}, {2, 6}, {5}, {1}], [{8, 3}, {4, 7}, {5, 6}, {1, 2}], [{8, 3}, {5, 7}, {1, 6}, {2, 4}], [{8, 3}, {5, 7}, {2, 6}, {1, 4}], [{8, 3}, {5, 7}, {4, 6}, {1, 2}], [{8, 3}, {5, 7}, {6}, {1, 4}, {2}], [{8, 3}, {6, 7}, {1, 5}, {2, 4}], [{8, 3}, {6, 7}, {1, 5}, {4}, {2}], [{8, 3}, {6, 7}, {2, 5}, {1, 4}], [{8, 3}, {6, 7}, {2, 5}, {4}, {1}], [{8, 3}, {6, 7}, {4, 5}, {1, 2}], [{8, 3}, {6, 7}, {5}, {4}, {1, 2}], [{8, 3}, {7}, {6}, {1, 5}, {2, 4}], [{8, 4}, {1, 7}, {2, 6}, {3, 5}], [{8, 4}, {1, 7}, {3, 6}, {2, 5}], [{8, 4}, {1, 7}, {5, 6}, {2, 3}], [{8, 4}, {2, 7}, {1, 6}, {3, 5}], [{8, 4}, {2, 7}, {3, 6}, {1, 5}], [{8, 4}, {2, 7}, {5, 6}, {1, 3}], [{8, 4}, {2, 7}, {6}, {1, 5}, {3}], [{8, 4}, {3, 7}, {1, 6}, {2, 5}], [{8, 4}, {3, 7}, {2, 6}, {1, 5}], [{8, 4}, {3, 7}, {5, 6}, {1, 2}], [{8, 4}, {5, 7}, {1, 6}, {2, 3}], [{8, 4}, {5, 7}, {2, 6}, {1, 3}], [{8, 4}, {5, 7}, {3, 6}, {1, 2}], [{8, 4}, {5, 7}, {6}, {3}, {1, 2}], [{8, 4}, {6, 7}, {1, 5}, {2, 3}], [{8, 4}, {6, 7}, {1, 5}, {3}, {2}], [{8, 4}, {6, 7}, {2, 5}, {1, 3}], [{8, 4}, {6, 7}, {2, 5}, {3}, {1}], [{8, 4}, {6, 7}, {3, 5}, {1, 2}], [{8, 4}, {6, 7}, {5}, {3}, {1, 2}], [{8, 4}, {7}, {2, 6}, {1, 5}, {3}], [{8, 4}, {7}, {5, 6}, {3}, {1, 2}], [{8, 5}, {1, 7}, {2, 6}, {3, 4}], [{8, 5}, {1, 7}, {2, 6}, {4}, {3}], [{8, 5}, {1, 7}, {3, 6}, {2, 4}], [{8, 5}, {1, 7}, {3, 6}, {4}, {2}], [{8, 5}, {1, 7}, {4, 6}, {2, 3}], [{8, 5}, {1, 7}, {4, 6}, {3}, {2}], [{8, 5}, {1, 7}, {6}, {2, 4}, {3}], [{8, 5}, {1, 7}, {6}, {3, 4}, {2}], [{8, 5}, {1, 7}, {6}, {4}, {2, 3}], [{8, 5}, {1, 7}, {6}, {4}, {3}, {2}], [{8, 5}, {2, 7}, {1, 6}, {3, 4}], [{8, 5}, {2, 7}, {1, 6}, {4}, {3}], [{8, 5}, {2, 7}, {3, 6}, {1, 4}], [{8, 5}, {2, 7}, {4, 6}, {1, 3}], [{8, 5}, {3, 7}, {1, 6}, {2, 4}], [{8, 5}, {3, 7}, {2, 6}, {1, 4}], [{8, 5}, {3, 7}, {4, 6}, {1, 2}], [{8, 5}, {4, 7}, {1, 6}, {2, 3}], [{8, 5}, {4, 7}, {2, 6}, {1, 3}], [{8, 5}, {4, 7}, {3, 6}, {1, 2}], [{8, 5}, {6, 7}, {1, 4}, {2, 3}], [{8, 5}, {6, 7}, {2, 4}, {1, 3}], [{8, 5}, {6, 7}, {3, 4}, {1, 2}], [{8, 5}, {6, 7}, {4}, {3}, {1, 2}], [{8, 6}, {1, 7}, {2, 5}, {3, 4}], [{8, 6}, {1, 7}, {3, 5}, {2, 4}], [{8, 6}, {1, 7}, {4, 5}, {2, 3}], [{8, 6}, {1, 7}, {5}, {2, 4}, {3}], [{8, 6}, {1, 7}, {5}, {3, 4}, {2}], [{8, 6}, {1, 7}, {5}, {4}, {2, 3}], [{8, 6}, {2, 7}, {1, 5}, {3, 4}], [{8, 6}, {2, 7}, {3, 5}, {1, 4}], [{8, 6}, {2, 7}, {3, 5}, {4}, {1}], [{8, 6}, {2, 7}, {4, 5}, {1, 3}], [{8, 6}, {3, 7}, {1, 5}, {2, 4}], [{8, 6}, {3, 7}, {2, 5}, {1, 4}], [{8, 6}, {3, 7}, {4, 5}, {1, 2}], [{8, 6}, {4, 7}, {1, 5}, {2, 3}], [{8, 6}, {4, 7}, {2, 5}, {1, 3}], [{8, 6}, {4, 7}, {3, 5}, {1, 2}], [{8, 6}, {5, 7}, {1, 4}, {2, 3}], [{8, 6}, {5, 7}, {2, 4}, {1, 3}], [{8, 6}, {5, 7}, {3, 4}, {1, 2}], [{8, 6}, {5, 7}, {3, 4}, {2}, {1}], [{8, 6}, {7}, {1, 5}, {3, 4}, {2}], [{8, 6}, {7}, {4, 5}, {3}, {1, 2}], [{8, 7}, {1, 6}, {2, 5}, {3, 4}], [{8, 7}, {1, 6}, {2, 5}, {4}, {3}], [{8, 7}, {1, 6}, {3, 5}, {2, 4}], [{8, 7}, {1, 6}, {4, 5}, {2, 3}], [{8, 7}, {2, 6}, {1, 5}, {3, 4}], [{8, 7}, {2, 6}, {3, 5}, {1, 4}], [{8, 7}, {2, 6}, {4, 5}, {1, 3}], [{8, 7}, {2, 6}, {5}, {1, 4}, {3}], [{8, 7}, {2, 6}, {5}, {3, 4}, {1}], [{8, 7}, {2, 6}, {5}, {4}, {1, 3}], [{8, 7}, {3, 6}, {1, 5}, {2, 4}], [{8, 7}, {3, 6}, {2, 5}, {1, 4}], [{8, 7}, {3, 6}, {4, 5}, {1, 2}], [{8, 7}, {3, 6}, {4, 5}, {2}, {1}], [{8, 7}, {4, 6}, {1, 5}, {2, 3}], [{8, 7}, {4, 6}, {2, 5}, {1, 3}], [{8, 7}, {4, 6}, {3, 5}, {1, 2}], [{8, 7}, {5, 6}, {1, 4}, {2, 3}], [{8, 7}, {5, 6}, {2, 4}, {1, 3}], [{8, 7}, {5, 6}, {3, 4}, {1, 2}], [{8, 7}, {5, 6}, {4}, {2, 3}, {1}], [{8, 7}, {6}, {1, 5}, {3, 4}, {2}], [{8, 7}, {6}, {4, 5}, {3}, {1, 2}], [{8}, {1, 7}, {4, 6}, {3, 5}, {2}], [{8}, {1, 7}, {5, 6}, {2, 4}, {3}], [{8}, {1, 7}, {5, 6}, {3, 4}, {2}], [{8}, {1, 7}, {5, 6}, {4}, {2, 3}], [{8}, {3, 7}, {1, 6}, {4, 5}, {2}], [{8}, {3, 7}, {4, 6}, {1, 5}, {2}], [{8}, {3, 7}, {5, 6}, {1, 4}, {2}], [{8}, {4, 7}, {1, 6}, {3, 5}, {2}], [{8}, {5, 7}, {1, 6}, {3, 4}, {2}], [{8}, {6, 7}, {1, 5}, {3, 4}, {2}], [{8}, {6, 7}, {2, 5}, {3, 4}, {1}], [{8}, {6, 7}, {3, 5}, {1, 4}, {2}], [{8}, {6, 7}, {3, 5}, {2, 4}, {1}], [{8}, {6, 7}, {3, 5}, {4}, {1, 2}], [{8}, {6, 7}, {4, 5}, {3}, {1, 2}], [{8}, {6, 7}, {5}, {3, 4}, {1, 2}], [{8}, {6, 7}, {5}, {4}, {3}, {1, 2}]]",2,8 K_1^3 - 10 K_1^2 - 4 K_1 K_2 - 4 K_1 + 5 K_2 + 6,O1O2O3U4O5U2U3U1O6O7U6O4U8U5O8U7,O1O2O3U4O5U2U3U1O6U7O4O7U5O8U6U8,O1O2O3U4U5O4U6O7O8U7O5U3U1U2O6U8,c,{'O1O2O3U4O5U6U5O7U8O4O8U3U1U2O6U7'},1,"<a href=""/flatknot/8.1101790"">8.1101790</a>",t^9-49t^7-112t^6+171t^5+370t^4-72t^3-178t^2-70t-34,t^2-2t,,
8.1101791,O1O2O3U4O5U6U5O7U8O4O8U3U1U7O6U2,3,8z^2+61z+91,8w^3z^2+61w^2z+91w,False,False,"[[ 0 -1  1  0 -1  1 -2  1  1],[ 1  0  1  0  0  0 -1  1  2],[-1 -1  0  0 -2  1 -2  0  0],[ 0  0  0  0 -1  0 -1  0  1],[ 1  0  2  1  0  1 -1  2  1],[-1  0 -1  0 -1  0 -1  0 -1],[ 2  1  2  1  1  1  0  1  3],[-1 -1  0  0 -2  0 -1  0 -1],[-1 -2  0 -1 -1  1 -3  1  0]]","[[ 0  1  1  1  1  0 -1 -1 -2],[-1  0  1  1  0 -1 -1 -2 -3],[-1 -1  0  0  0  0 -2 -1 -1],[-1 -1  0  0 -1  0 -1  0 -1],[-1  0  0  1  0  0 -2 -1 -2],[ 0  1  0  0  0  0 -1  0 -1],[ 1  1  2  1  2  1  0  0 -1],[ 1  2  1  0  1  0  0  0 -1],[ 2  3  1  1  2  1  1  1  0]]",True,"[-1,-1,-1,-1,0,1,1,2,-1,-1,0,1,1,2,3,0,0,0,2,1,1,1,0,1,0,1,0,2,1,2,1,0,1,0,1,1]","[-2,-1,-1,0,1,1,1,1,0,0,1,0,1,2,2,0,0,1,0,0,1,1,0,1,1,2,0,1,1,1,0,-1,-1,0,-1,0]",t^8+39t^6+158t^4+119t^2,"[-2,-1,-1,0,1,1,1,1,0,0,1,0,1,2,2,0,0,1,0,0,1,1,0,1,1,2,0,1,1,1,0,-1,-1,0,-1,0]","[-1,-1,-1,-1,0,1,1,2,-1,-1,0,1,1,2,2,0,0,1,0,1,1,1,0,1,0,0,1,0,1,2,0,1,1,0,0,0]","[-2,-1,-1,0,1,1,1,1,1,1,1,1,1,2,3,0,0,0,1,1,2,1,1,2,2,1,0,0,0,1,0,-1,-1,0,-1,0]",c,"[[{8, 1}, {2, 7}, {3, 6}, {4, 5}], [{8, 1}, {2, 7}, {4, 6}, {3, 5}], [{8, 1}, {2, 7}, {5, 6}, {3, 4}], [{8, 1}, {2, 7}, {6}, {4, 5}, {3}], [{8, 1}, {3, 7}, {2, 6}, {4, 5}], [{8, 1}, {3, 7}, {4, 6}, {2, 5}], [{8, 1}, {3, 7}, {5, 6}, {2, 4}], [{8, 1}, {4, 7}, {2, 6}, {3, 5}], [{8, 1}, {4, 7}, {3, 6}, {2, 5}], [{8, 1}, {4, 7}, {5, 6}, {2, 3}], [{8, 1}, {4, 7}, {6}, {3, 5}, {2}], [{8, 1}, {5, 7}, {2, 6}, {3, 4}], [{8, 1}, {5, 7}, {3, 6}, {2, 4}], [{8, 1}, {5, 7}, {4, 6}, {2, 3}], [{8, 1}, {5, 7}, {6}, {2, 4}, {3}], [{8, 1}, {5, 7}, {6}, {3, 4}, {2}], [{8, 1}, {5, 7}, {6}, {4}, {2, 3}], [{8, 1}, {6, 7}, {2, 5}, {3, 4}], [{8, 1}, {6, 7}, {2, 5}, {4}, {3}], [{8, 1}, {6, 7}, {3, 5}, {2, 4}], [{8, 1}, {6, 7}, {3, 5}, {4}, {2}], [{8, 1}, {6, 7}, {4, 5}, {2, 3}], [{8, 1}, {6, 7}, {4, 5}, {3}, {2}], [{8, 1}, {6, 7}, {5}, {2, 4}, {3}], [{8, 1}, {6, 7}, {5}, {3, 4}, {2}], [{8, 1}, {6, 7}, {5}, {4}, {2, 3}], [{8, 1}, {6, 7}, {5}, {4}, {3}, {2}], [{8, 1}, {7}, {2, 6}, {4, 5}, {3}], [{8, 1}, {7}, {4, 6}, {3, 5}, {2}], [{8, 1}, {7}, {5, 6}, {2, 4}, {3}], [{8, 1}, {7}, {5, 6}, {3, 4}, {2}], [{8, 1}, {7}, {5, 6}, {4}, {2, 3}], [{8, 2}, {1, 7}, {3, 6}, {4, 5}], [{8, 2}, {1, 7}, {3, 6}, {5}, {4}], [{8, 2}, {1, 7}, {4, 6}, {3, 5}], [{8, 2}, {1, 7}, {4, 6}, {5}, {3}], [{8, 2}, {1, 7}, {5, 6}, {3, 4}], [{8, 2}, {1, 7}, {5, 6}, {4}, {3}], [{8, 2}, {1, 7}, {6}, {3, 5}, {4}], [{8, 2}, {1, 7}, {6}, {4, 5}, {3}], [{8, 2}, {1, 7}, {6}, {5}, {3, 4}], [{8, 2}, {1, 7}, {6}, {5}, {4}, {3}], [{8, 2}, {3, 7}, {1, 6}, {4, 5}], [{8, 2}, {3, 7}, {1, 6}, {5}, {4}], [{8, 2}, {3, 7}, {4, 6}, {1, 5}], [{8, 2}, {3, 7}, {5, 6}, {1, 4}], [{8, 2}, {4, 7}, {1, 6}, {3, 5}], [{8, 2}, {4, 7}, {1, 6}, {5}, {3}], [{8, 2}, {4, 7}, {3, 6}, {1, 5}], [{8, 2}, {4, 7}, {5, 6}, {1, 3}], [{8, 2}, {5, 7}, {1, 6}, {3, 4}], [{8, 2}, {5, 7}, {1, 6}, {4}, {3}], [{8, 2}, {5, 7}, {3, 6}, {1, 4}], [{8, 2}, {5, 7}, {4, 6}, {1, 3}], [{8, 2}, {6, 7}, {1, 5}, {3, 4}], [{8, 2}, {6, 7}, {1, 5}, {4}, {3}], [{8, 2}, {6, 7}, {3, 5}, {1, 4}], [{8, 2}, {6, 7}, {3, 5}, {4}, {1}], [{8, 2}, {6, 7}, {4, 5}, {1, 3}], [{8, 2}, {6, 7}, {4, 5}, {3}, {1}], [{8, 2}, {6, 7}, {5}, {1, 4}, {3}], [{8, 2}, {6, 7}, {5}, {3, 4}, {1}], [{8, 2}, {6, 7}, {5}, {4}, {1, 3}], [{8, 2}, {6, 7}, {5}, {4}, {3}, {1}], [{8, 2}, {7}, {1, 6}, {3, 5}, {4}], [{8, 2}, {7}, {1, 6}, {4, 5}, {3}], [{8, 2}, {7}, {1, 6}, {5}, {3, 4}], [{8, 2}, {7}, {1, 6}, {5}, {4}, {3}], [{8, 3}, {1, 7}, {2, 6}, {4, 5}], [{8, 3}, {1, 7}, {4, 6}, {2, 5}], [{8, 3}, {1, 7}, {5, 6}, {2, 4}], [{8, 3}, {1, 7}, {6}, {5}, {2, 4}], [{8, 3}, {2, 7}, {1, 6}, {4, 5}], [{8, 3}, {2, 7}, {4, 6}, {1, 5}], [{8, 3}, {2, 7}, {5, 6}, {1, 4}], [{8, 3}, {4, 7}, {1, 6}, {2, 5}], [{8, 3}, {4, 7}, {2, 6}, {1, 5}], [{8, 3}, {4, 7}, {5, 6}, {1, 2}], [{8, 3}, {4, 7}, {6}, {1, 5}, {2}], [{8, 3}, {5, 7}, {1, 6}, {2, 4}], [{8, 3}, {5, 7}, {2, 6}, {1, 4}], [{8, 3}, {5, 7}, {4, 6}, {1, 2}], [{8, 3}, {5, 7}, {6}, {1, 4}, {2}], [{8, 3}, {6, 7}, {1, 5}, {2, 4}], [{8, 3}, {6, 7}, {1, 5}, {4}, {2}], [{8, 3}, {6, 7}, {2, 5}, {1, 4}], [{8, 3}, {6, 7}, {2, 5}, {4}, {1}], [{8, 3}, {6, 7}, {4, 5}, {1, 2}], [{8, 3}, {6, 7}, {4, 5}, {2}, {1}], [{8, 3}, {6, 7}, {5}, {1, 4}, {2}], [{8, 3}, {6, 7}, {5}, {2, 4}, {1}], [{8, 3}, {6, 7}, {5}, {4}, {1, 2}], [{8, 3}, {6, 7}, {5}, {4}, {2}, {1}], [{8, 3}, {7}, {1, 6}, {5}, {2, 4}], [{8, 3}, {7}, {4, 6}, {1, 5}, {2}], [{8, 3}, {7}, {5, 6}, {1, 4}, {2}], [{8, 3}, {7}, {6}, {4, 5}, {1, 2}], [{8, 4}, {1, 7}, {2, 6}, {3, 5}], [{8, 4}, {1, 7}, {3, 6}, {2, 5}], [{8, 4}, {1, 7}, {5, 6}, {2, 3}], [{8, 4}, {1, 7}, {6}, {5}, {2, 3}], [{8, 4}, {2, 7}, {1, 6}, {3, 5}], [{8, 4}, {2, 7}, {3, 6}, {1, 5}], [{8, 4}, {2, 7}, {5, 6}, {1, 3}], [{8, 4}, {2, 7}, {6}, {1, 5}, {3}], [{8, 4}, {3, 7}, {1, 6}, {2, 5}], [{8, 4}, {3, 7}, {2, 6}, {1, 5}], [{8, 4}, {3, 7}, {5, 6}, {1, 2}], [{8, 4}, {5, 7}, {1, 6}, {2, 3}], [{8, 4}, {5, 7}, {2, 6}, {1, 3}], [{8, 4}, {5, 7}, {3, 6}, {1, 2}], [{8, 4}, {5, 7}, {6}, {3}, {1, 2}], [{8, 4}, {6, 7}, {1, 5}, {2, 3}], [{8, 4}, {6, 7}, {1, 5}, {3}, {2}], [{8, 4}, {6, 7}, {2, 5}, {1, 3}], [{8, 4}, {6, 7}, {2, 5}, {3}, {1}], [{8, 4}, {6, 7}, {3, 5}, {1, 2}], [{8, 4}, {6, 7}, {3, 5}, {2}, {1}], [{8, 4}, {6, 7}, {5}, {1, 3}, {2}], [{8, 4}, {6, 7}, {5}, {2, 3}, {1}], [{8, 4}, {6, 7}, {5}, {3}, {1, 2}], [{8, 4}, {6, 7}, {5}, {3}, {2}, {1}], [{8, 4}, {7}, {1, 6}, {5}, {2, 3}], [{8, 4}, {7}, {2, 6}, {1, 5}, {3}], [{8, 4}, {7}, {5, 6}, {3}, {1, 2}], [{8, 5}, {1, 7}, {2, 6}, {3, 4}], [{8, 5}, {1, 7}, {3, 6}, {2, 4}], [{8, 5}, {1, 7}, {4, 6}, {2, 3}], [{8, 5}, {2, 7}, {1, 6}, {3, 4}], [{8, 5}, {2, 7}, {3, 6}, {1, 4}], [{8, 5}, {2, 7}, {4, 6}, {1, 3}], [{8, 5}, {3, 7}, {1, 6}, {2, 4}], [{8, 5}, {3, 7}, {2, 6}, {1, 4}], [{8, 5}, {3, 7}, {4, 6}, {1, 2}], [{8, 5}, {4, 7}, {1, 6}, {2, 3}], [{8, 5}, {4, 7}, {2, 6}, {1, 3}], [{8, 5}, {4, 7}, {3, 6}, {1, 2}], [{8, 5}, {4, 7}, {6}, {3}, {1, 2}], [{8, 5}, {6, 7}, {1, 4}, {2, 3}], [{8, 5}, {6, 7}, {1, 4}, {3}, {2}], [{8, 5}, {6, 7}, {2, 4}, {1, 3}], [{8, 5}, {6, 7}, {2, 4}, {3}, {1}], [{8, 5}, {6, 7}, {3, 4}, {1, 2}], [{8, 5}, {6, 7}, {3, 4}, {2}, {1}], [{8, 5}, {6, 7}, {4}, {1, 3}, {2}], [{8, 5}, {6, 7}, {4}, {2, 3}, {1}], [{8, 5}, {6, 7}, {4}, {3}, {1, 2}], [{8, 5}, {6, 7}, {4}, {3}, {2}, {1}], [{8, 5}, {7}, {4, 6}, {3}, {1, 2}], [{8, 6}, {1, 7}, {2, 5}, {3, 4}], [{8, 6}, {1, 7}, {3, 5}, {2, 4}], [{8, 6}, {1, 7}, {4, 5}, {2, 3}], [{8, 6}, {1, 7}, {4, 5}, {3}, {2}], [{8, 6}, {2, 7}, {1, 5}, {3, 4}], [{8, 6}, {2, 7}, {3, 5}, {1, 4}], [{8, 6}, {2, 7}, {4, 5}, {1, 3}], [{8, 6}, {2, 7}, {4, 5}, {3}, {1}], [{8, 6}, {3, 7}, {1, 5}, {2, 4}], [{8, 6}, {3, 7}, {2, 5}, {1, 4}], [{8, 6}, {3, 7}, {4, 5}, {1, 2}], [{8, 6}, {3, 7}, {4, 5}, {2}, {1}], [{8, 6}, {3, 7}, {5}, {4}, {1, 2}], [{8, 6}, {4, 7}, {1, 5}, {2, 3}], [{8, 6}, {4, 7}, {2, 5}, {1, 3}], [{8, 6}, {4, 7}, {3, 5}, {1, 2}], [{8, 6}, {4, 7}, {5}, {3}, {1, 2}], [{8, 6}, {5, 7}, {1, 4}, {2, 3}], [{8, 6}, {5, 7}, {2, 4}, {1, 3}], [{8, 6}, {5, 7}, {3, 4}, {1, 2}], [{8, 6}, {5, 7}, {4}, {3}, {1, 2}], [{8, 6}, {7}, {1, 5}, {2, 4}, {3}], [{8, 6}, {7}, {1, 5}, {3, 4}, {2}], [{8, 6}, {7}, {1, 5}, {4}, {2, 3}], [{8, 6}, {7}, {2, 5}, {1, 4}, {3}], [{8, 6}, {7}, {2, 5}, {3, 4}, {1}], [{8, 6}, {7}, {2, 5}, {4}, {1, 3}], [{8, 6}, {7}, {3, 5}, {1, 4}, {2}], [{8, 6}, {7}, {3, 5}, {2, 4}, {1}], [{8, 6}, {7}, {3, 5}, {4}, {1, 2}], [{8, 6}, {7}, {4, 5}, {1, 3}, {2}], [{8, 6}, {7}, {4, 5}, {2, 3}, {1}], [{8, 6}, {7}, {4, 5}, {3}, {1, 2}], [{8, 6}, {7}, {4, 5}, {3}, {2}, {1}], [{8, 6}, {7}, {5}, {1, 4}, {2, 3}], [{8, 6}, {7}, {5}, {2, 4}, {1, 3}], [{8, 6}, {7}, {5}, {3, 4}, {1, 2}], [{8, 6}, {7}, {5}, {4}, {3}, {1, 2}], [{8, 7}, {1, 6}, {2, 5}, {3, 4}], [{8, 7}, {1, 6}, {3, 5}, {2, 4}], [{8, 7}, {1, 6}, {4, 5}, {2, 3}], [{8, 7}, {1, 6}, {4, 5}, {3}, {2}], [{8, 7}, {2, 6}, {1, 5}, {3, 4}], [{8, 7}, {2, 6}, {3, 5}, {1, 4}], [{8, 7}, {2, 6}, {4, 5}, {1, 3}], [{8, 7}, {2, 6}, {4, 5}, {3}, {1}], [{8, 7}, {3, 6}, {1, 5}, {2, 4}], [{8, 7}, {3, 6}, {2, 5}, {1, 4}], [{8, 7}, {3, 6}, {4, 5}, {1, 2}], [{8, 7}, {3, 6}, {4, 5}, {2}, {1}], [{8, 7}, {3, 6}, {5}, {4}, {1, 2}], [{8, 7}, {4, 6}, {1, 5}, {2, 3}], [{8, 7}, {4, 6}, {2, 5}, {1, 3}], [{8, 7}, {4, 6}, {3, 5}, {1, 2}], [{8, 7}, {4, 6}, {5}, {3}, {1, 2}], [{8, 7}, {5, 6}, {1, 4}, {2, 3}], [{8, 7}, {5, 6}, {2, 4}, {1, 3}], [{8, 7}, {5, 6}, {3, 4}, {1, 2}], [{8, 7}, {5, 6}, {4}, {3}, {1, 2}], [{8, 7}, {6}, {1, 5}, {2, 4}, {3}], [{8, 7}, {6}, {1, 5}, {3, 4}, {2}], [{8, 7}, {6}, {1, 5}, {4}, {2, 3}], [{8, 7}, {6}, {2, 5}, {1, 4}, {3}], [{8, 7}, {6}, {2, 5}, {3, 4}, {1}], [{8, 7}, {6}, {2, 5}, {4}, {1, 3}], [{8, 7}, {6}, {3, 5}, {1, 4}, {2}], [{8, 7}, {6}, {3, 5}, {2, 4}, {1}], [{8, 7}, {6}, {3, 5}, {4}, {1, 2}], [{8, 7}, {6}, {4, 5}, {1, 3}, {2}], [{8, 7}, {6}, {4, 5}, {2, 3}, {1}], [{8, 7}, {6}, {4, 5}, {3}, {1, 2}], [{8, 7}, {6}, {4, 5}, {3}, {2}, {1}], [{8, 7}, {6}, {5}, {1, 4}, {2, 3}], [{8, 7}, {6}, {5}, {2, 4}, {1, 3}], [{8, 7}, {6}, {5}, {3, 4}, {1, 2}], [{8, 7}, {6}, {5}, {4}, {3}, {1, 2}], [{8}, {1, 7}, {2, 6}, {4, 5}, {3}], [{8}, {2, 7}, {1, 6}, {4, 5}, {3}], [{8}, {3, 7}, {6}, {4, 5}, {1, 2}], [{8}, {4, 7}, {5, 6}, {3}, {1, 2}], [{8}, {5, 7}, {4, 6}, {3}, {1, 2}], [{8}, {6, 7}, {1, 5}, {2, 4}, {3}], [{8}, {6, 7}, {1, 5}, {3, 4}, {2}], [{8}, {6, 7}, {1, 5}, {4}, {2, 3}], [{8}, {6, 7}, {1, 5}, {4}, {3}, {2}], [{8}, {6, 7}, {2, 5}, {1, 4}, {3}], [{8}, {6, 7}, {2, 5}, {3, 4}, {1}], [{8}, {6, 7}, {2, 5}, {4}, {1, 3}], [{8}, {6, 7}, {2, 5}, {4}, {3}, {1}], [{8}, {6, 7}, {3, 5}, {1, 4}, {2}], [{8}, {6, 7}, {3, 5}, {2, 4}, {1}], [{8}, {6, 7}, {3, 5}, {4}, {1, 2}], [{8}, {6, 7}, {3, 5}, {4}, {2}, {1}], [{8}, {6, 7}, {4, 5}, {1, 3}, {2}], [{8}, {6, 7}, {4, 5}, {2, 3}, {1}], [{8}, {6, 7}, {4, 5}, {3}, {1, 2}], [{8}, {6, 7}, {4, 5}, {3}, {2}, {1}], [{8}, {6, 7}, {5}, {1, 4}, {2, 3}], [{8}, {6, 7}, {5}, {1, 4}, {3}, {2}], [{8}, {6, 7}, {5}, {2, 4}, {1, 3}], [{8}, {6, 7}, {5}, {2, 4}, {3}, {1}], [{8}, {6, 7}, {5}, {3, 4}, {1, 2}], [{8}, {6, 7}, {5}, {3, 4}, {2}, {1}], [{8}, {6, 7}, {5}, {4}, {1, 3}, {2}], [{8}, {6, 7}, {5}, {4}, {2, 3}, {1}], [{8}, {6, 7}, {5}, {4}, {3}, {1, 2}], [{8}, {6, 7}, {5}, {4}, {3}, {2}, {1}], [{8}, {7}, {3, 6}, {4, 5}, {1, 2}], [{8}, {7}, {6}, {4, 5}, {3}, {1, 2}]]",2,- 14 K_1^2 - 4 K_1 K_2 + 2 K_1 + 7 K_2 + 2 K_3 + 8,O1O2O3U2O4U5U3U1O6O7U6O5U8U4O8U7,O1O2O3U4O5U2U5U1O6U7O4O7U3O8U6U8,O1O2O3U4U5O4U1O6O7U6O5U3U8U2O8U7,c,"{'O1O2U3O4O3U5O6U1U6O7U8O5O8U2U4U7', 'O1O2O3U4O5U6U5O7U8O4O8U3U1U7O6U2'}",2,"<a href=""/flatknot/8.1101791"">8.1101791</a>",t^9-41t^7-80t^6+95t^5+140t^4-97t^3+18t^2-8t,t^2-2t,,
8.1101792,O1O2O3U4O5U6U5O7U8O4O8U3U2U1O6U7,3,2z^2+15z+23,8w^5z^2-16w^4z^2+24w^4z+10w^3z^2-48w^3z+39w^2z+23w,False,False,"[[ 0  0  0  0 -1  1 -2  1  1],[ 0  0  0  0 -1  0 -2  1  1],[ 0  0  0  0 -1  0 -1  0  1],[ 0  0  0  0 -1  0  0 -1  1],[ 1  1  1  1  0  1 -2  3  1],[-1  0  0  0 -1  0 -1 -1 -1],[ 2  2  1  0  2  1  0  1  3],[-1 -1  0  1 -3  1 -1  0 -1],[-1 -1 -1 -1 -1  1 -3  1  0]]","[[ 0  1  1  1  0  0  0 -1 -2],[-1  0  1  1 -1 -1 -1 -1 -3],[-1 -1  0  1  1  0 -1 -3 -1],[-1 -1 -1  0  0  0  0 -1 -1],[ 0  1 -1  0  0  0  0 -1  0],[ 0  1  0  0  0  0  0 -1 -1],[ 0  1  1  0  0  0  0 -1 -2],[ 1  1  3  1  1  1  1  0 -2],[ 2  3  1  1  0  1  2  2  0]]",True,"[-1,-1,-1,0,0,0,1,2,-1,-1,1,1,1,1,3,-1,-1,0,1,3,1,0,0,0,1,1,0,0,1,0,0,1,1,1,2,2]","[-2,-1,0,0,0,1,1,1,-1,0,1,2,0,2,2,0,0,0,1,-1,1,0,0,0,0,1,0,0,1,1,0,2,1,-1,-1,-1]",t^8+42t^6+275t^4+302t^2,"[-2,-1,0,0,0,1,1,1,-1,0,1,2,0,2,2,0,0,0,1,-1,1,0,0,0,0,1,0,0,1,1,0,2,1,-1,-1,-1]","[-1,-1,-1,0,0,0,1,2,-1,-1,1,1,1,1,2,-1,0,1,2,-1,2,0,0,0,1,0,0,0,0,0,0,0,1,0,2,-1]","[-2,-1,0,0,0,1,1,1,2,0,1,2,1,1,3,1,1,1,1,3,1,0,0,0,-1,1,0,0,0,1,0,1,1,-1,-1,-1]",c,"[[{8, 6}, {1, 7}, {2, 5}, {3, 4}], [{8, 6}, {1, 7}, {3, 5}, {2, 4}]]",1,- 6 K_1^2 - 4 K_1 K_2 + 2 K_1 + 3 K_2 + 2 K_3 + 4,O1O2O3U4O5U3U2U1O6O7U6O4U8U5O8U7,O1O2O3U4O5U3U2U1O6U7O4O7U5O8U6U8,O1O2O3U4U5O4U6O7O8U7O5U3U2U1O6U8,c,{'O1O2O3U4O5U6U5O7U8O4O8U3U2U1O6U7'},1,"<a href=""/flatknot/8.1101792"">8.1101792</a>",t^9-44t^7-116t^6+32t^5+168t^4-31t^3+130t^2+12t-8,t^2-2t,,
8.1101793,O1O2O3U4O5U6U5O7U8O4O8U3U7U1O6U2,4,19z^2+104z+133,19w^3z^2+104w^2z+133w,False,False,"[[ 0  0  1  0 -1  1 -2  0  1],[ 0  0  0 -1  0  0 -1  0  1],[-1  0  0  0 -2  1 -2  0  0],[ 0  1  0  0 -1  0 -1  0  1],[ 1  0  2  1  0  1 -1  1  1],[-1  0 -1  0 -1  0 -1  0 -1],[ 2  1  2  1  1  1  0  0  3],[ 0  0  0  0 -1  0  0  0  0],[-1 -1  0 -1 -1  1 -3  0  0]]","[[ 0  1  1  1  0  0  0 -1 -2],[-1  0  1  0  0  0  0 -2 -2],[-1 -1  0 -1  0  0  0 -1 -1],[-1  0  1  0  0 -1 -1 -1 -3],[ 0  0  0  0  0  0  0 -1  0],[ 0  0  0  1  0  0  1 -1 -1],[ 0  0  0  1  0 -1  0  0 -1],[ 1  2  1  1  1  1  0  0 -1],[ 2  2  1  3  0  1  1  1  0]]",True,"[-1,-1,-1,0,0,0,1,2,-1,0,0,0,0,2,2,1,0,0,0,1,1,0,1,1,1,3,0,0,1,0,-1,1,1,0,1,1]","[-2,-1,0,0,0,1,1,1,0,1,1,2,0,1,2,0,1,0,1,0,1,-1,0,0,1,1,0,0,1,1,1,1,1,0,-1,-1]",t^8+30t^6+118t^4+60t^2+1,"[-2,-1,0,0,0,1,1,1,0,1,1,2,0,1,2,0,1,0,1,0,1,-1,0,0,1,1,0,0,1,1,1,1,1,0,-1,-1]","[-1,-1,-1,0,0,0,1,2,-1,-1,1,1,1,1,2,0,0,0,1,1,0,1,1,1,0,1,-1,0,1,1,0,0,1,0,2,0]","[-2,-1,0,0,0,1,1,1,1,0,1,1,1,2,3,1,0,1,1,2,1,0,0,0,0,0,-1,0,0,1,0,0,1,-1,-1,0]",c,"[[{8, 6}, {4, 7}, {3, 5}, {1, 2}]]",1,4 K_1^3 - 18 K_1^2 - 4 K_1 K_2 - K_1 + 9 K_2 + K_3 + 10,O1O2O3U2O4U3U5U1O6O7U6O5U8U4O8U7,O1O2O3U4O5U3U5U1O6U7O4O7U2O8U6U8,O1O2O3U4U5O4U2O6O7U6O5U3U8U1O8U7,c,{'O1O2O3U4O5U6U5O7U8O4O8U3U7U1O6U2'},1,"<a href=""/flatknot/8.1101793"">8.1101793</a>",t^9-32t^7-52t^6+69t^5+120t^4-2t^3+4t^2+45t+12,t^2-2t,,
8.1101794,O1O2O3U4O5U6U7O8U1O4O7U2U5U8O6U3,4,z^3+24z^2+90z+93,w^4z^3+24w^3z^2+90w^2z+93w,False,False,"[[ 0 -1 -1  2 -1  1 -2  1  1],[ 1  0 -1  1  1  0  0  2  1],[ 1  1  0  2  0  0  0  2  0],[-2 -1 -2  0 -2 -1 -2  0 -1],[ 1 -1  0  2  0  2 -1  1  1],[-1  0  0  1 -2  0 -2 -1  0],[ 2  0  0  2  1  2  0  2  2],[-1 -2 -2  0 -1  1 -2  0  1],[-1 -1  0  1 -1  0 -2 -1  0]]","[[ 0  2  1  1  1 -1 -1 -1 -2],[-2  0  0 -1 -1 -1 -2 -2 -2],[-1  0  0  1  1 -2 -1 -2 -2],[-1  1 -1  0  0  0 -2  0 -2],[-1  1 -1  0  0 -1 -1  0 -2],[ 1  1  2  0  1  0  1 -1  0],[ 1  2  1  2  1 -1  0  0 -1],[ 1  2  2  0  0  1  0  0  0],[ 2  2  2  2  2  0  1  0  0]]",True,"[-2,-1,-1,-1,1,1,1,2,0,1,1,1,2,2,2,-1,-1,2,1,2,2,0,0,2,0,2,1,1,0,2,-1,1,0,0,1,0]","[-2,-1,-1,-1,1,1,1,2,0,0,1,1,1,2,2,0,-1,0,2,2,1,-1,1,2,1,1,1,0,0,1,0,-1,0,1,1,1]",t^8+47t^6+364t^4+284t^2,"[-2,-1,-1,-1,1,1,1,2,0,1,1,1,1,1,2,0,1,0,1,1,1,-1,2,0,2,1,2,0,1,2,1,0,0,-1,1,0]","[-2,-1,-1,-1,1,1,1,2,0,0,1,1,1,2,2,0,-1,0,2,2,1,-1,1,2,1,1,1,0,0,1,0,-1,0,1,1,1]","[-2,-1,-1,-1,1,1,1,2,0,0,1,2,2,2,2,-1,1,0,1,2,1,0,0,0,2,2,2,1,1,2,0,-1,1,-1,1,0]",c,"[[{8, 1}, {2, 7}, {3, 6}, {4, 5}], [{8, 4}, {2, 7}, {3, 6}, {1, 5}]]",0,24 K_1^3 - 12 K_1^2 - 16 K_1 K_2 - 10 K_1 + 6 K_2 + 2 K_3 + 7,O1O2O3U1O4U5U6U2O7O8U3O5U7U4O6U8,O1O2O3U4O5U6U1U5O7U2O4O8U3O6U7U8,O1O2O3U4U5O6U1O4O7U2O5U8U3U6O8U7,c,{'O1O2O3U4O5U6U7O8U1O4O7U2U5U8O6U3'},1,"<a href=""/flatknot/8.1101794"">8.1101794</a>",t^9-47t^7-98t^6+182t^5+354t^4-122t^3+126t^2-12t-16,0,,
8.1101795,O1O2O3U4O5U6U7O8U1O4O7U3U5U8O6U2,4,14z^2+99z+143,14w^3z^2+99w^2z+143w,False,False,"[[ 0 -1  1  0 -1  1 -2  1  1],[ 1  0  1 -1  1  0  0  2  1],[-1 -1  0 -1 -1  0 -2  1  0],[ 0  1  1  0 -1  0 -1  1  0],[ 1 -1  1  1  0  2 -1  1  1],[-1  0  0  0 -2  0 -2 -1  0],[ 2  0  2  1  1  2  0  2  2],[-1 -2 -1 -1 -1  1 -2  0  1],[-1 -1  0  0 -1  0 -2 -1  0]]","[[ 0  1  1  1  1  0 -1 -1 -2],[-1  0  1  1 -1 -1 -1 -2 -2],[-1 -1  0  0  0  0 -1 -1 -2],[-1 -1  0  0  0  0 -2  0 -2],[-1  1  0  0  0 -1 -1 -1 -2],[ 0  1  0  0  1  0 -1  1 -1],[ 1  1  1  2  1  1  0 -1 -1],[ 1  2  1  0  1 -1  1  0  0],[ 2  2  2  2  2  1  1  0  0]]",True,"[-1,-1,-1,-1,0,1,1,2,-1,-1,1,1,1,2,2,0,0,0,1,1,2,0,0,2,0,2,1,1,1,2,1,-1,1,1,1,0]","[-2,-1,-1,0,1,1,1,1,0,1,1,1,1,1,1,1,0,0,1,1,1,2,2,0,1,1,1,0,0,1,1,0,0,1,-1,0]",t^8+39t^6+256t^4+186t^2+1,"[-2,-1,-1,0,1,1,1,1,0,1,1,1,1,1,1,1,0,0,1,1,1,2,2,0,1,1,1,0,0,1,1,0,0,1,-1,0]","[-1,-1,-1,-1,0,1,1,2,-1,0,0,1,0,2,1,-1,1,0,1,0,1,0,0,1,1,1,1,1,1,1,0,2,1,-1,0,1]","[-2,-1,-1,0,1,1,1,1,0,1,1,2,2,2,2,1,-1,0,1,1,2,1,2,1,1,1,0,0,1,1,0,0,-1,0,-1,1]",c,"[[{8, 6}, {5, 7}, {2, 4}, {1, 3}], [{8, 7}, {5, 6}, {3, 4}, {1, 2}]]",1,12 K_1^3 - 34 K_1^2 - 20 K_1 K_2 + K_1 + 17 K_2 + 7 K_3 + 18,O1O2O3U2O4U5U6U1O7O8U3O5U7U4O6U8,O1O2O3U4O5U6U5U1O7U2O4O8U3O6U7U8,O1O2O3U4U5O6U1O4O7U2O5U3U8U6O8U7,c,{'O1O2O3U4O5U6U7O8U1O4O7U3U5U8O6U2'},1,"<a href=""/flatknot/8.1101795"">8.1101795</a>",t^9-41t^7-92t^6+55t^5+162t^4+9t^3-22t^2+16t-2,t^2-2t,,
8.1101796,O1O2O3U4O5U6U7O8U1O4O7U5U2U8O6U3,4,3z^3+31z^2+91z+83,3w^4z^3-4w^4z^2+35w^3z^2-12w^3z+103w^2z+83w,False,False,"[[ 0 -1  0  2 -1  0 -2  1  1],[ 1  0  0  1  1 -1  0  2  1],[ 0  0  0  1  0 -1 -1  1  0],[-2 -1 -1  0 -2 -1 -2  0 -1],[ 1 -1  0  2  0  1 -1  1  1],[ 0  1  1  1 -1  0 -1  0  0],[ 2  0  1  2  1  1  0  2  2],[-1 -2 -1  0 -1  0 -2  0  1],[-1 -1  0  1 -1  0 -2 -1  0]]","[[ 0  2  1  1  0  0 -1 -1 -2],[-2  0  0 -1 -1 -1 -1 -2 -2],[-1  0  0  1  0 -1 -2 -1 -2],[-1  1 -1  0  0  0 -1 -1 -2],[ 0  1  0  0  0  1  1 -1 -1],[ 0  1  1  0 -1  0  0  0 -1],[ 1  1  2  1 -1  0  0  1  0],[ 1  2  1  1  1  0 -1  0 -1],[ 2  2  2  2  1  1  0  1  0]]",True,"[-2,-1,-1,0,0,1,1,2,0,1,1,1,1,2,2,-1,0,1,2,1,2,0,0,1,1,2,-1,-1,1,1,0,0,1,-1,0,1]","[-2,-1,-1,0,0,1,1,2,0,1,1,1,1,1,2,1,0,1,1,1,1,2,1,0,1,2,-1,1,1,1,0,1,1,-1,1,0]",t^8+36t^6+220t^4+180t^2+4,"[-2,-1,-1,0,0,1,1,2,0,1,1,1,1,1,2,1,0,1,1,1,1,2,1,0,1,2,-1,1,1,1,0,1,1,-1,1,0]","[-2,-1,-1,0,0,1,1,2,0,1,1,1,1,2,2,-1,1,1,1,1,1,0,1,1,0,1,-1,1,1,1,0,2,1,-1,0,1]","[-2,-1,-1,0,0,1,1,2,0,1,1,1,2,2,2,1,-1,0,1,2,1,1,0,1,1,2,1,0,0,1,0,1,1,-1,1,0]",c,"[[{8, 1}, {6, 7}, {4, 5}, {2, 3}]]",1,20 K_1^3 - 8 K_1^2 - 16 K_1 K_2 - 7 K_1 + 4 K_2 + 3 K_3 + 5,O1O2O3U1O4U5U2U6O7O8U3O5U7U4O6U8,O1O2O3U4O5U6U2U5O7U1O4O8U3O6U7U8,O1O2O3U4U5O6U1O4O7U3O5U8U2U6O8U7,c,{'O1O2O3U4O5U6U7O8U1O4O7U5U2U8O6U3'},1,"<a href=""/flatknot/8.1101796"">8.1101796</a>",t^9-36t^7-80t^6+24t^5+118t^4+4t^3-18t^2+16t-12,0,,
8.1101797,O1O2O3U4O5U6U7O8U1O4O7U5U3U8O6U2,4,17z^2+102z+137,17w^3z^2+102w^2z+137w,False,False,"[[ 0 -1  1  1 -1  0 -2  1  1],[ 1  0  1  0  1 -1  0  2  1],[-1 -1  0  0 -1 -1 -2  1  0],[-1  0  0  0 -1 -1 -2  0  0],[ 1 -1  1  1  0  1 -1  1  1],[ 0  1  1  1 -1  0 -1  0  0],[ 2  0  2  2  1  1  0  2  2],[-1 -2 -1  0 -1  0 -2  0  1],[-1 -1  0  0 -1  0 -2 -1  0]]","[[ 0  1  1  1  1  0 -1 -1 -2],[-1  0  1  0  0 -1 -1 -1 -2],[-1 -1  0  1  0  0 -1 -2 -2],[-1  0 -1  0  0  0 -1 -1 -2],[-1  0  0  0  0 -1 -1  0 -2],[ 0  1  0  0  1  0 -1  1 -1],[ 1  1  1  1  1  1  0 -1 -1],[ 1  1  2  1  0 -1  1  0  0],[ 2  2  2  2  2  1  1  0  0]]",True,"[-1,-1,-1,-1,0,1,1,2,-1,0,0,1,1,1,2,-1,0,0,1,2,2,0,0,1,1,2,1,1,0,2,1,-1,1,1,1,0]","[-2,-1,-1,0,1,1,1,1,0,1,1,1,1,1,1,1,0,1,1,1,1,2,0,1,1,2,1,0,1,0,1,-1,0,0,0,0]",t^8+35t^6+204t^4+116t^2+4,"[-2,-1,-1,0,1,1,1,1,0,1,1,1,1,1,1,1,0,1,1,1,1,2,0,1,1,2,1,0,1,0,1,-1,0,0,0,0]","[-1,-1,-1,-1,0,1,1,2,-1,0,0,1,1,1,1,-1,0,1,0,1,1,0,0,1,1,1,0,2,1,1,2,0,1,1,1,0]","[-2,-1,-1,0,1,1,1,1,0,1,1,2,2,2,2,1,-1,0,1,1,2,1,1,1,1,1,1,0,1,0,0,0,0,0,-1,1]",c,"[[{8, 1}, {2, 7}, {3, 6}, {4, 5}], [{8, 1}, {2, 7}, {4, 6}, {3, 5}], [{8, 1}, {2, 7}, {4, 6}, {5}, {3}], [{8, 1}, {2, 7}, {5, 6}, {3, 4}], [{8, 1}, {3, 7}, {2, 6}, {4, 5}], [{8, 1}, {3, 7}, {4, 6}, {2, 5}], [{8, 1}, {3, 7}, {5, 6}, {2, 4}], [{8, 1}, {3, 7}, {6}, {2, 5}, {4}], [{8, 1}, {3, 7}, {6}, {4, 5}, {2}], [{8, 1}, {3, 7}, {6}, {5}, {2, 4}], [{8, 1}, {4, 7}, {2, 6}, {3, 5}], [{8, 1}, {4, 7}, {3, 6}, {2, 5}], [{8, 1}, {4, 7}, {5, 6}, {2, 3}], [{8, 1}, {5, 7}, {2, 6}, {3, 4}], [{8, 1}, {5, 7}, {2, 6}, {4}, {3}], [{8, 1}, {5, 7}, {3, 6}, {2, 4}], [{8, 1}, {5, 7}, {4, 6}, {2, 3}], [{8, 1}, {6, 7}, {2, 5}, {3, 4}], [{8, 1}, {6, 7}, {2, 5}, {4}, {3}], [{8, 1}, {6, 7}, {3, 5}, {2, 4}], [{8, 1}, {6, 7}, {4, 5}, {2, 3}], [{8, 1}, {6, 7}, {4, 5}, {3}, {2}], [{8, 1}, {6, 7}, {5}, {2, 4}, {3}], [{8, 1}, {7}, {3, 6}, {2, 5}, {4}], [{8, 1}, {7}, {3, 6}, {4, 5}, {2}], [{8, 1}, {7}, {3, 6}, {5}, {2, 4}], [{8, 1}, {7}, {5, 6}, {3, 4}, {2}], [{8, 2}, {1, 7}, {3, 6}, {4, 5}], [{8, 2}, {1, 7}, {4, 6}, {3, 5}], [{8, 2}, {1, 7}, {4, 6}, {5}, {3}], [{8, 2}, {1, 7}, {5, 6}, {3, 4}], [{8, 2}, {3, 7}, {1, 6}, {4, 5}], [{8, 2}, {3, 7}, {1, 6}, {5}, {4}], [{8, 2}, {3, 7}, {4, 6}, {1, 5}], [{8, 2}, {3, 7}, {4, 6}, {5}, {1}], [{8, 2}, {3, 7}, {5, 6}, {1, 4}], [{8, 2}, {3, 7}, {5, 6}, {4}, {1}], [{8, 2}, {3, 7}, {6}, {1, 5}, {4}], [{8, 2}, {3, 7}, {6}, {4, 5}, {1}], [{8, 2}, {3, 7}, {6}, {5}, {1, 4}], [{8, 2}, {4, 7}, {1, 6}, {3, 5}], [{8, 2}, {4, 7}, {3, 6}, {1, 5}], [{8, 2}, {4, 7}, {5, 6}, {1, 3}], [{8, 2}, {5, 7}, {1, 6}, {3, 4}], [{8, 2}, {5, 7}, {3, 6}, {1, 4}], [{8, 2}, {5, 7}, {4, 6}, {1, 3}], [{8, 2}, {5, 7}, {4, 6}, {3}, {1}], [{8, 2}, {6, 7}, {1, 5}, {3, 4}], [{8, 2}, {6, 7}, {3, 5}, {1, 4}], [{8, 2}, {6, 7}, {4, 5}, {1, 3}], [{8, 2}, {7}, {1, 6}, {4, 5}, {3}], [{8, 2}, {7}, {4, 6}, {1, 5}, {3}], [{8, 2}, {7}, {4, 6}, {3, 5}, {1}], [{8, 2}, {7}, {4, 6}, {5}, {1, 3}], [{8, 2}, {7}, {4, 6}, {5}, {3}, {1}], [{8, 2}, {7}, {5, 6}, {1, 4}, {3}], [{8, 3}, {1, 7}, {2, 6}, {4, 5}], [{8, 3}, {1, 7}, {4, 6}, {2, 5}], [{8, 3}, {1, 7}, {4, 6}, {5}, {2}], [{8, 3}, {1, 7}, {5, 6}, {2, 4}], [{8, 3}, {2, 7}, {1, 6}, {4, 5}], [{8, 3}, {2, 7}, {4, 6}, {1, 5}], [{8, 3}, {2, 7}, {5, 6}, {1, 4}], [{8, 3}, {4, 7}, {1, 6}, {2, 5}], [{8, 3}, {4, 7}, {2, 6}, {1, 5}], [{8, 3}, {4, 7}, {5, 6}, {1, 2}], [{8, 3}, {5, 7}, {1, 6}, {2, 4}], [{8, 3}, {5, 7}, {2, 6}, {1, 4}], [{8, 3}, {5, 7}, {4, 6}, {1, 2}], [{8, 3}, {5, 7}, {4, 6}, {2}, {1}], [{8, 3}, {6, 7}, {1, 5}, {2, 4}], [{8, 3}, {6, 7}, {2, 5}, {1, 4}], [{8, 3}, {6, 7}, {4, 5}, {1, 2}], [{8, 3}, {7}, {4, 6}, {1, 5}, {2}], [{8, 3}, {7}, {5, 6}, {2, 4}, {1}], [{8, 4}, {1, 7}, {2, 6}, {3, 5}], [{8, 4}, {1, 7}, {3, 6}, {2, 5}], [{8, 4}, {1, 7}, {5, 6}, {2, 3}], [{8, 4}, {1, 7}, {5, 6}, {3}, {2}], [{8, 4}, {2, 7}, {1, 6}, {3, 5}], [{8, 4}, {2, 7}, {3, 6}, {1, 5}], [{8, 4}, {2, 7}, {5, 6}, {1, 3}], [{8, 4}, {3, 7}, {1, 6}, {2, 5}], [{8, 4}, {3, 7}, {2, 6}, {1, 5}], [{8, 4}, {3, 7}, {5, 6}, {1, 2}], [{8, 4}, {5, 7}, {1, 6}, {2, 3}], [{8, 4}, {5, 7}, {2, 6}, {1, 3}], [{8, 4}, {5, 7}, {2, 6}, {3}, {1}], [{8, 4}, {5, 7}, {3, 6}, {1, 2}], [{8, 4}, {5, 7}, {3, 6}, {2}, {1}], [{8, 4}, {5, 7}, {6}, {2, 3}, {1}], [{8, 4}, {6, 7}, {1, 5}, {2, 3}], [{8, 4}, {6, 7}, {2, 5}, {1, 3}], [{8, 4}, {6, 7}, {3, 5}, {1, 2}], [{8, 4}, {7}, {1, 6}, {2, 5}, {3}], [{8, 5}, {1, 7}, {2, 6}, {3, 4}], [{8, 5}, {1, 7}, {3, 6}, {2, 4}], [{8, 5}, {1, 7}, {4, 6}, {2, 3}], [{8, 5}, {1, 7}, {4, 6}, {3}, {2}], [{8, 5}, {2, 7}, {1, 6}, {3, 4}], [{8, 5}, {2, 7}, {3, 6}, {1, 4}], [{8, 5}, {2, 7}, {4, 6}, {1, 3}], [{8, 5}, {3, 7}, {1, 6}, {2, 4}], [{8, 5}, {3, 7}, {2, 6}, {1, 4}], [{8, 5}, {3, 7}, {4, 6}, {1, 2}], [{8, 5}, {4, 7}, {1, 6}, {2, 3}], [{8, 5}, {4, 7}, {1, 6}, {3}, {2}], [{8, 5}, {4, 7}, {2, 6}, {1, 3}], [{8, 5}, {4, 7}, {3, 6}, {1, 2}], [{8, 5}, {6, 7}, {1, 4}, {2, 3}], [{8, 5}, {6, 7}, {1, 4}, {3}, {2}], [{8, 5}, {6, 7}, {2, 4}, {1, 3}], [{8, 5}, {6, 7}, {3, 4}, {1, 2}], [{8, 5}, {7}, {3, 6}, {2, 4}, {1}], [{8, 6}, {1, 7}, {2, 5}, {3, 4}], [{8, 6}, {1, 7}, {3, 5}, {2, 4}], [{8, 6}, {1, 7}, {4, 5}, {2, 3}], [{8, 6}, {1, 7}, {4, 5}, {3}, {2}], [{8, 6}, {2, 7}, {1, 5}, {3, 4}], [{8, 6}, {2, 7}, {3, 5}, {1, 4}], [{8, 6}, {2, 7}, {4, 5}, {1, 3}], [{8, 6}, {2, 7}, {5}, {1, 4}, {3}], [{8, 6}, {3, 7}, {1, 5}, {2, 4}], [{8, 6}, {3, 7}, {1, 5}, {4}, {2}], [{8, 6}, {3, 7}, {2, 5}, {1, 4}], [{8, 6}, {3, 7}, {4, 5}, {1, 2}], [{8, 6}, {4, 7}, {1, 5}, {2, 3}], [{8, 6}, {4, 7}, {2, 5}, {1, 3}], [{8, 6}, {4, 7}, {2, 5}, {3}, {1}], [{8, 6}, {4, 7}, {3, 5}, {1, 2}], [{8, 6}, {5, 7}, {1, 4}, {2, 3}], [{8, 6}, {5, 7}, {2, 4}, {1, 3}], [{8, 6}, {5, 7}, {2, 4}, {3}, {1}], [{8, 6}, {5, 7}, {3, 4}, {1, 2}], [{8, 6}, {5, 7}, {3, 4}, {2}, {1}], [{8, 6}, {5, 7}, {4}, {2, 3}, {1}], [{8, 7}, {1, 6}, {2, 5}, {3, 4}], [{8, 7}, {1, 6}, {3, 5}, {2, 4}], [{8, 7}, {1, 6}, {4, 5}, {2, 3}], [{8, 7}, {1, 6}, {4, 5}, {3}, {2}], [{8, 7}, {2, 6}, {1, 5}, {3, 4}], [{8, 7}, {2, 6}, {3, 5}, {1, 4}], [{8, 7}, {2, 6}, {4, 5}, {1, 3}], [{8, 7}, {3, 6}, {1, 5}, {2, 4}], [{8, 7}, {3, 6}, {2, 5}, {1, 4}], [{8, 7}, {3, 6}, {4, 5}, {1, 2}], [{8, 7}, {4, 6}, {1, 5}, {2, 3}], [{8, 7}, {4, 6}, {2, 5}, {1, 3}], [{8, 7}, {4, 6}, {3, 5}, {1, 2}], [{8, 7}, {4, 6}, {5}, {3}, {1, 2}], [{8, 7}, {5, 6}, {1, 4}, {2, 3}], [{8, 7}, {5, 6}, {2, 4}, {1, 3}], [{8, 7}, {5, 6}, {3, 4}, {1, 2}], [{8, 7}, {6}, {1, 5}, {2, 4}, {3}], [{8, 7}, {6}, {1, 5}, {3, 4}, {2}], [{8, 7}, {6}, {1, 5}, {4}, {2, 3}], [{8, 7}, {6}, {2, 5}, {1, 4}, {3}], [{8}, {1, 7}, {4, 6}, {2, 5}, {3}], [{8}, {1, 7}, {4, 6}, {3, 5}, {2}], [{8}, {1, 7}, {4, 6}, {5}, {2, 3}], [{8}, {1, 7}, {4, 6}, {5}, {3}, {2}], [{8}, {2, 7}, {1, 6}, {4, 5}, {3}], [{8}, {2, 7}, {3, 6}, {4, 5}, {1}], [{8}, {2, 7}, {5, 6}, {3, 4}, {1}], [{8}, {2, 7}, {6}, {4, 5}, {1, 3}], [{8}, {3, 7}, {2, 6}, {1, 5}, {4}], [{8}, {3, 7}, {6}, {4, 5}, {1, 2}], [{8}, {4, 7}, {2, 6}, {1, 5}, {3}], [{8}, {4, 7}, {6}, {2, 5}, {1, 3}], [{8}, {4, 7}, {6}, {3, 5}, {1, 2}], [{8}, {5, 7}, {2, 6}, {1, 4}, {3}], [{8}, {5, 7}, {4, 6}, {2, 3}, {1}], [{8}, {5, 7}, {6}, {2, 4}, {1, 3}], [{8}, {5, 7}, {6}, {3, 4}, {1, 2}], [{8}, {6, 7}, {3, 5}, {2, 4}, {1}], [{8}, {7}, {2, 6}, {1, 5}, {3, 4}], [{8}, {7}, {3, 6}, {1, 5}, {2, 4}], [{8}, {7}, {4, 6}, {1, 5}, {2, 3}]]",2,12 K_1^3 - 22 K_1^2 - 20 K_1 K_2 + K_1 + 11 K_2 + 7 K_3 + 12,O1O2O3U2O4U5U1U6O7O8U3O5U7U4O6U8,O1O2O3U4O5U6U5U2O7U1O4O8U3O6U7U8,O1O2O3U4U5O6U1O4O7U3O5U2U8U6O8U7,c,{'O1O2O3U4O5U6U7O8U1O4O7U5U3U8O6U2'},1,"<a href=""/flatknot/8.1101797"">8.1101797</a>",t^9-37t^7-72t^6+63t^5+162t^4+16t^3-34t^2+12t,t^2-2t,,
8.1101798,O1O2O3U4O5U6U7O8U1O4O7U5U8U2O6U3,4,2z^3+29z^2+108z+117,2w^4z^3+29w^3z^2+108w^2z+117w,False,False,"[[ 0 -1  1  2 -1  0 -2  1  0],[ 1  0  1  1  1 -1  0  2  0],[-1 -1  0  0  0 -2 -1  1 -1],[-2 -1  0  0 -2 -1 -2  0 -1],[ 1 -1  0  2  0  1 -1  1  0],[ 0  1  2  1 -1  0 -1  0  0],[ 2  0  1  2  1  1  0  2  1],[-1 -2 -1  0 -1  0 -2  0  0],[ 0  0  1  1  0  0 -1  0  0]]","[[ 0  2  1  1  0  0 -1 -1 -2],[-2  0  0  0 -1 -1 -1 -2 -2],[-1  0  0  1 -1 -2 -1  0 -1],[-1  0 -1  0  0  0 -2 -1 -2],[ 0  1  1  0  0  0  0  0 -1],[ 0  1  2  0  0  0  1 -1 -1],[ 1  1  1  2  0 -1  0  1  0],[ 1  2  0  1  0  1 -1  0 -1],[ 2  2  1  2  1  1  0  1  0]]",True,"[-2,-1,-1,0,0,1,1,2,0,0,1,1,1,2,2,-1,1,2,1,0,1,0,0,2,1,2,0,0,0,1,-1,1,1,-1,0,1]","[-2,-1,-1,0,0,1,1,2,0,0,1,1,1,2,2,-1,1,2,1,0,1,0,0,2,1,2,0,0,0,1,-1,1,1,-1,0,1]",t^8+34t^6+242t^4+143t^2,"[-2,-1,-1,0,0,1,1,2,0,1,1,1,1,2,2,1,0,1,1,2,1,2,1,0,1,2,0,1,-1,1,1,0,1,1,1,1]","[-2,-1,-1,0,0,1,1,2,1,1,1,1,1,2,2,-1,1,1,1,0,1,-1,0,2,1,2,0,0,2,1,1,1,1,-1,0,1]","[-2,-1,-1,0,0,1,1,2,0,1,1,1,1,2,2,1,-1,0,1,2,1,1,0,0,1,2,0,2,0,1,1,0,1,1,0,0]",c,"[[{8, 7}, {5, 6}, {3, 4}, {1, 2}]]",1,16 K_1^3 - 16 K_1^2 - 16 K_1 K_2 - 4 K_1 + 8 K_2 + 4 K_3 + 9,O1O2O3U1O4U2U5U6O7O8U3O5U7U4O6U8,O1O2O3U4O5U6U3U5O7U1O4O8U2O6U7U8,O1O2O3U4U5O6U2O4O7U3O5U8U1U6O8U7,c,{'O1O2O3U4O5U6U7O8U1O4O7U5U8U2O6U3'},1,"<a href=""/flatknot/8.1101798"">8.1101798</a>",t^9-34t^7-60t^6+114t^5+228t^4-117t^3-248t^2+48t+44,0,,
8.1101799,O1O2O3U4O5U6U7O8U1O4O7U5U8U3O6U2,4,16z^2+97z+131,16w^3z^2-4w^3z+101w^2z+131w,False,False,"[[ 0 -1  1  2 -1  0 -2  1  0],[ 1  0  1  1  1 -1  0  2  0],[-1 -1  0  1 -1 -1 -2  1 -1],[-2 -1 -1  0 -1 -2 -2  0 -1],[ 1 -1  1  1  0  1 -1  1  0],[ 0  1  1  2 -1  0 -1  0  0],[ 2  0  2  2  1  1  0  2  1],[-1 -2 -1  0 -1  0 -2  0  0],[ 0  0  1  1  0  0 -1  0  0]]","[[ 0  2  1  1  0  0 -1 -1 -2],[-2  0  0 -1 -1 -2 -1 -1 -2],[-1  0  0 -1  0  0 -1 -2 -2],[-1  1  1  0 -1 -1 -1 -1 -2],[ 0  1  0  1  0  0  0  0 -1],[ 0  2  0  1  0  0 -1  1 -1],[ 1  1  1  1  0  1  0 -1 -1],[ 1  1  2  1  0 -1  1  0  0],[ 2  2  2  2  1  1  1  0  0]]",True,"[-2,-1,-1,0,0,1,1,2,0,1,1,2,1,1,2,1,0,0,1,2,2,1,1,1,1,2,0,0,0,1,1,-1,1,1,1,0]","[-2,-1,-1,0,0,1,1,2,0,1,0,1,2,2,2,1,0,0,1,1,1,1,1,0,1,1,0,2,0,1,1,1,1,1,1,0]",t^8+36t^6+207t^4+105t^2,"[-2,-1,-1,0,0,1,1,2,0,1,1,1,1,1,2,1,0,1,1,1,2,2,1,0,1,2,0,1,0,0,1,0,1,1,1,0]","[-2,-1,-1,0,0,1,1,2,0,1,0,1,2,2,2,1,0,0,1,1,1,1,1,0,1,1,0,2,0,1,1,1,1,1,1,0]","[-2,-1,-1,0,0,1,1,2,0,1,1,1,2,2,2,1,-1,0,1,2,1,1,0,1,1,1,0,1,0,2,1,0,1,1,1,0]",c,"[[{8, 2}, {6, 7}, {3, 5}, {1, 4}], [{8, 5}, {1, 7}, {3, 6}, {2, 4}]]",1,16 K_1^3 - 28 K_1^2 - 24 K_1 K_2 + 14 K_2 + 8 K_3 + 15,O1O2O3U2O4U1U5U6O7O8U3O5U7U4O6U8,O1O2O3U4O5U6U5U3O7U1O4O8U2O6U7U8,O1O2O3U4U5O6U2O4O7U3O5U1U8U6O8U7,c,{'O1O2O3U4O5U6U7O8U1O4O7U5U8U3O6U2'},1,"<a href=""/flatknot/8.1101799"">8.1101799</a>",t^9-36t^7-88t^6+29t^5+240t^4+129t^3-116t^2-86t+4,0,,
8.1101800,O1O2O3U4O5U6U7O8U2O4O7U1U5U3O6U8,3,12z^2+79z+111,-4w^4z^2+16w^3z^2-4w^3z+83w^2z+111w,False,False,"[[ 0 -2  0  2 -1  1 -2  1  1],[ 2  0  2  3  0  1  0  2  1],[ 0 -2  0  0  0 -1  0  1  0],[-2 -3  0  0 -2 -1 -2 -1 -1],[ 1  0  0  2  0  2 -2  1  2],[-1 -1  1  1 -2  0 -1 -1 -1],[ 2  0  0  2  2  1  0  3  2],[-1 -2 -1  1 -1  1 -3  0  1],[-1 -1  0  1 -2  1 -2 -1  0]]","[[ 0  2  1  1  1  0 -1 -2 -2],[-2  0 -1 -1 -1  0 -2 -2 -3],[-1  1  0  1  1 -1 -1 -3 -2],[-1  1 -1  0  1  0 -2 -2 -1],[-1  1 -1 -1  0  1 -2 -1 -1],[ 0  0  1  0 -1  0  0  0 -2],[ 1  2  1  2  2  0  0 -2  0],[ 2  2  3  2  1  0  2  0  0],[ 2  3  2  1  1  2  0  0  0]]",True,"[-2,-1,-1,-1,0,1,2,2,1,1,1,0,2,2,3,-1,-1,1,1,3,2,-1,0,2,2,1,-1,2,1,1,0,0,2,2,0,0]","[-2,-2,-1,0,1,1,1,2,0,-1,2,0,1,2,2,1,0,1,2,2,1,1,1,0,0,1,0,1,2,2,-1,-1,0,-1,0,0]",t^8+62t^6+568t^4+81t^2,"[-2,-2,-1,0,1,1,1,2,0,-1,2,0,1,2,2,1,0,1,2,2,1,1,1,0,0,1,0,1,2,2,-1,-1,0,-1,0,0]","[-2,-1,-1,-1,0,1,2,2,0,0,0,2,1,1,2,-1,-1,2,0,2,2,-1,1,0,2,1,0,1,1,0,1,0,2,1,-1,0]","[-2,-2,-1,0,1,1,1,2,0,0,2,1,1,2,3,2,0,1,2,3,2,0,2,2,1,2,-1,0,1,0,-1,-1,1,-1,1,1]",c,"[[{8, 1}, {2, 7}, {3, 6}, {4, 5}], [{8, 1}, {2, 7}, {4, 6}, {3, 5}], [{8, 1}, {2, 7}, {4, 6}, {5}, {3}], [{8, 1}, {2, 7}, {5, 6}, {3, 4}], [{8, 1}, {3, 7}, {2, 6}, {4, 5}], [{8, 1}, {3, 7}, {4, 6}, {2, 5}], [{8, 1}, {3, 7}, {5, 6}, {2, 4}], [{8, 1}, {4, 7}, {2, 6}, {3, 5}], [{8, 1}, {4, 7}, {3, 6}, {2, 5}], [{8, 1}, {4, 7}, {5, 6}, {2, 3}], [{8, 1}, {5, 7}, {2, 6}, {3, 4}], [{8, 1}, {5, 7}, {3, 6}, {2, 4}], [{8, 1}, {5, 7}, {4, 6}, {2, 3}], [{8, 1}, {5, 7}, {4, 6}, {3}, {2}], [{8, 1}, {6, 7}, {2, 5}, {3, 4}], [{8, 1}, {6, 7}, {3, 5}, {2, 4}], [{8, 1}, {6, 7}, {4, 5}, {2, 3}], [{8, 1}, {6, 7}, {5}, {2, 4}, {3}], [{8, 1}, {7}, {2, 6}, {4, 5}, {3}], [{8, 1}, {7}, {3, 6}, {4, 5}, {2}], [{8, 1}, {7}, {4, 6}, {2, 5}, {3}], [{8, 1}, {7}, {5, 6}, {3, 4}, {2}], [{8, 1}, {7}, {6}, {4, 5}, {2, 3}], [{8, 2}, {1, 7}, {3, 6}, {4, 5}], [{8, 2}, {1, 7}, {4, 6}, {3, 5}], [{8, 2}, {1, 7}, {4, 6}, {5}, {3}], [{8, 2}, {1, 7}, {5, 6}, {3, 4}], [{8, 2}, {1, 7}, {5, 6}, {4}, {3}], [{8, 2}, {1, 7}, {6}, {4, 5}, {3}], [{8, 2}, {3, 7}, {1, 6}, {4, 5}], [{8, 2}, {3, 7}, {4, 6}, {1, 5}], [{8, 2}, {3, 7}, {5, 6}, {1, 4}], [{8, 2}, {3, 7}, {5, 6}, {4}, {1}], [{8, 2}, {4, 7}, {1, 6}, {3, 5}], [{8, 2}, {4, 7}, {3, 6}, {1, 5}], [{8, 2}, {4, 7}, {5, 6}, {1, 3}], [{8, 2}, {4, 7}, {5, 6}, {3}, {1}], [{8, 2}, {5, 7}, {1, 6}, {3, 4}], [{8, 2}, {5, 7}, {3, 6}, {1, 4}], [{8, 2}, {5, 7}, {4, 6}, {1, 3}], [{8, 2}, {5, 7}, {6}, {1, 4}, {3}], [{8, 2}, {6, 7}, {1, 5}, {3, 4}], [{8, 2}, {6, 7}, {3, 5}, {1, 4}], [{8, 2}, {6, 7}, {4, 5}, {1, 3}], [{8, 2}, {6, 7}, {5}, {1, 4}, {3}], [{8, 2}, {7}, {5, 6}, {1, 4}, {3}], [{8, 2}, {7}, {5, 6}, {3, 4}, {1}], [{8, 2}, {7}, {5, 6}, {4}, {1, 3}], [{8, 2}, {7}, {5, 6}, {4}, {3}, {1}], [{8, 3}, {1, 7}, {2, 6}, {4, 5}], [{8, 3}, {1, 7}, {2, 6}, {5}, {4}], [{8, 3}, {1, 7}, {4, 6}, {2, 5}], [{8, 3}, {1, 7}, {5, 6}, {2, 4}], [{8, 3}, {1, 7}, {6}, {4, 5}, {2}], [{8, 3}, {2, 7}, {1, 6}, {4, 5}], [{8, 3}, {2, 7}, {1, 6}, {5}, {4}], [{8, 3}, {2, 7}, {4, 6}, {1, 5}], [{8, 3}, {2, 7}, {5, 6}, {1, 4}], [{8, 3}, {4, 7}, {1, 6}, {2, 5}], [{8, 3}, {4, 7}, {2, 6}, {1, 5}], [{8, 3}, {4, 7}, {5, 6}, {1, 2}], [{8, 3}, {5, 7}, {1, 6}, {2, 4}], [{8, 3}, {5, 7}, {2, 6}, {1, 4}], [{8, 3}, {5, 7}, {4, 6}, {1, 2}], [{8, 3}, {5, 7}, {6}, {1, 4}, {2}], [{8, 3}, {6, 7}, {1, 5}, {2, 4}], [{8, 3}, {6, 7}, {2, 5}, {1, 4}], [{8, 3}, {6, 7}, {4, 5}, {1, 2}], [{8, 3}, {6, 7}, {5}, {2, 4}, {1}], [{8, 3}, {7}, {2, 6}, {4, 5}, {1}], [{8, 3}, {7}, {4, 6}, {2, 5}, {1}], [{8, 4}, {1, 7}, {2, 6}, {3, 5}], [{8, 4}, {1, 7}, {2, 6}, {5}, {3}], [{8, 4}, {1, 7}, {3, 6}, {2, 5}], [{8, 4}, {1, 7}, {5, 6}, {2, 3}], [{8, 4}, {1, 7}, {5, 6}, {3}, {2}], [{8, 4}, {1, 7}, {6}, {2, 5}, {3}], [{8, 4}, {2, 7}, {1, 6}, {3, 5}], [{8, 4}, {2, 7}, {1, 6}, {5}, {3}], [{8, 4}, {2, 7}, {3, 6}, {1, 5}], [{8, 4}, {2, 7}, {5, 6}, {1, 3}], [{8, 4}, {3, 7}, {1, 6}, {2, 5}], [{8, 4}, {3, 7}, {2, 6}, {1, 5}], [{8, 4}, {3, 7}, {5, 6}, {1, 2}], [{8, 4}, {3, 7}, {6}, {2, 5}, {1}], [{8, 4}, {5, 7}, {1, 6}, {2, 3}], [{8, 4}, {5, 7}, {1, 6}, {3}, {2}], [{8, 4}, {5, 7}, {2, 6}, {1, 3}], [{8, 4}, {5, 7}, {3, 6}, {1, 2}], [{8, 4}, {6, 7}, {1, 5}, {2, 3}], [{8, 4}, {6, 7}, {2, 5}, {1, 3}], [{8, 4}, {6, 7}, {2, 5}, {3}, {1}], [{8, 4}, {6, 7}, {3, 5}, {1, 2}], [{8, 4}, {7}, {1, 6}, {2, 5}, {3}], [{8, 4}, {7}, {3, 6}, {2, 5}, {1}], [{8, 4}, {7}, {6}, {2, 5}, {1, 3}], [{8, 4}, {7}, {6}, {2, 5}, {3}, {1}], [{8, 5}, {1, 7}, {2, 6}, {3, 4}], [{8, 5}, {1, 7}, {2, 6}, {4}, {3}], [{8, 5}, {1, 7}, {3, 6}, {2, 4}], [{8, 5}, {1, 7}, {4, 6}, {2, 3}], [{8, 5}, {1, 7}, {4, 6}, {3}, {2}], [{8, 5}, {1, 7}, {6}, {2, 4}, {3}], [{8, 5}, {2, 7}, {1, 6}, {3, 4}], [{8, 5}, {2, 7}, {1, 6}, {4}, {3}], [{8, 5}, {2, 7}, {3, 6}, {1, 4}], [{8, 5}, {2, 7}, {4, 6}, {1, 3}], [{8, 5}, {3, 7}, {1, 6}, {2, 4}], [{8, 5}, {3, 7}, {2, 6}, {1, 4}], [{8, 5}, {3, 7}, {4, 6}, {1, 2}], [{8, 5}, {4, 7}, {1, 6}, {2, 3}], [{8, 5}, {4, 7}, {2, 6}, {1, 3}], [{8, 5}, {4, 7}, {3, 6}, {1, 2}], [{8, 5}, {6, 7}, {1, 4}, {2, 3}], [{8, 5}, {6, 7}, {2, 4}, {1, 3}], [{8, 5}, {6, 7}, {3, 4}, {1, 2}], [{8, 6}, {1, 7}, {2, 5}, {3, 4}], [{8, 6}, {1, 7}, {2, 5}, {4}, {3}], [{8, 6}, {1, 7}, {3, 5}, {2, 4}], [{8, 6}, {1, 7}, {4, 5}, {2, 3}], [{8, 6}, {1, 7}, {4, 5}, {3}, {2}], [{8, 6}, {1, 7}, {5}, {2, 4}, {3}], [{8, 6}, {2, 7}, {1, 5}, {3, 4}], [{8, 6}, {2, 7}, {3, 5}, {1, 4}], [{8, 6}, {2, 7}, {4, 5}, {1, 3}], [{8, 6}, {2, 7}, {5}, {1, 4}, {3}], [{8, 6}, {3, 7}, {1, 5}, {2, 4}], [{8, 6}, {3, 7}, {2, 5}, {1, 4}], [{8, 6}, {3, 7}, {2, 5}, {4}, {1}], [{8, 6}, {3, 7}, {4, 5}, {1, 2}], [{8, 6}, {4, 7}, {1, 5}, {2, 3}], [{8, 6}, {4, 7}, {2, 5}, {1, 3}], [{8, 6}, {4, 7}, {2, 5}, {3}, {1}], [{8, 6}, {4, 7}, {3, 5}, {1, 2}], [{8, 6}, {5, 7}, {1, 4}, {2, 3}], [{8, 6}, {5, 7}, {1, 4}, {3}, {2}], [{8, 6}, {5, 7}, {2, 4}, {1, 3}], [{8, 6}, {5, 7}, {3, 4}, {1, 2}], [{8, 6}, {7}, {2, 5}, {1, 4}, {3}], [{8, 6}, {7}, {2, 5}, {3, 4}, {1}], [{8, 6}, {7}, {2, 5}, {4}, {1, 3}], [{8, 6}, {7}, {2, 5}, {4}, {3}, {1}], [{8, 7}, {1, 6}, {2, 5}, {3, 4}], [{8, 7}, {1, 6}, {3, 5}, {2, 4}], [{8, 7}, {1, 6}, {4, 5}, {2, 3}], [{8, 7}, {2, 6}, {1, 5}, {3, 4}], [{8, 7}, {2, 6}, {3, 5}, {1, 4}], [{8, 7}, {2, 6}, {4, 5}, {1, 3}], [{8, 7}, {2, 6}, {4, 5}, {3}, {1}], [{8, 7}, {3, 6}, {1, 5}, {2, 4}], [{8, 7}, {3, 6}, {2, 5}, {1, 4}], [{8, 7}, {3, 6}, {4, 5}, {1, 2}], [{8, 7}, {3, 6}, {4, 5}, {2}, {1}], [{8, 7}, {4, 6}, {1, 5}, {2, 3}], [{8, 7}, {4, 6}, {2, 5}, {1, 3}], [{8, 7}, {4, 6}, {2, 5}, {3}, {1}], [{8, 7}, {4, 6}, {3, 5}, {1, 2}], [{8, 7}, {5, 6}, {1, 4}, {2, 3}], [{8, 7}, {5, 6}, {2, 4}, {1, 3}], [{8, 7}, {5, 6}, {3, 4}, {1, 2}], [{8, 7}, {6}, {4, 5}, {2, 3}, {1}], [{8}, {1, 7}, {2, 6}, {3, 5}, {4}], [{8}, {1, 7}, {2, 6}, {4, 5}, {3}], [{8}, {1, 7}, {2, 6}, {5}, {3, 4}], [{8}, {1, 7}, {2, 6}, {5}, {4}, {3}], [{8}, {1, 7}, {3, 6}, {4, 5}, {2}], [{8}, {1, 7}, {4, 6}, {2, 5}, {3}], [{8}, {1, 7}, {5, 6}, {2, 4}, {3}], [{8}, {1, 7}, {6}, {4, 5}, {2, 3}], [{8}, {1, 7}, {6}, {4, 5}, {3}, {2}], [{8}, {2, 7}, {1, 6}, {3, 5}, {4}], [{8}, {2, 7}, {1, 6}, {4, 5}, {3}], [{8}, {2, 7}, {1, 6}, {5}, {3, 4}], [{8}, {2, 7}, {1, 6}, {5}, {4}, {3}], [{8}, {3, 7}, {2, 6}, {1, 5}, {4}], [{8}, {3, 7}, {2, 6}, {4, 5}, {1}], [{8}, {3, 7}, {2, 6}, {5}, {1, 4}], [{8}, {3, 7}, {4, 6}, {2, 5}, {1}], [{8}, {4, 7}, {2, 6}, {1, 5}, {3}], [{8}, {4, 7}, {2, 6}, {3, 5}, {1}], [{8}, {4, 7}, {2, 6}, {5}, {1, 3}], [{8}, {5, 7}, {2, 6}, {1, 4}, {3}], [{8}, {5, 7}, {2, 6}, {3, 4}, {1}], [{8}, {5, 7}, {2, 6}, {4}, {1, 3}], [{8}, {5, 7}, {3, 6}, {1, 4}, {2}], [{8}, {5, 7}, {3, 6}, {2, 4}, {1}], [{8}, {5, 7}, {3, 6}, {4}, {1, 2}], [{8}, {5, 7}, {6}, {1, 4}, {2, 3}], [{8}, {5, 7}, {6}, {1, 4}, {3}, {2}], [{8}, {6, 7}, {4, 5}, {3}, {1, 2}], [{8}, {6, 7}, {5}, {2, 4}, {1, 3}], [{8}, {7}, {2, 6}, {1, 5}, {3, 4}], [{8}, {7}, {2, 6}, {3, 5}, {1, 4}], [{8}, {7}, {2, 6}, {4, 5}, {1, 3}], [{8}, {7}, {2, 6}, {4, 5}, {3}, {1}], [{8}, {7}, {4, 6}, {2, 5}, {1, 3}], [{8}, {7}, {4, 6}, {2, 5}, {3}, {1}], [{8}, {7}, {5, 6}, {3, 4}, {1, 2}]]",2,8 K_1^3 - 22 K_1^2 - 12 K_1 K_2 + 11 K_2 + 4 K_3 + 12,O1O2O3U4O5U1U6U3O7O8U2O4U7U5O6U8,O1O2O3U4O5U1U6U3O7U2O4O8U5O6U7U8,O1O2O3U4U5O6U7O4O8U2O5U1U6U3O7U8,c,{'O1O2O3U4O5U6U7O8U2O4O7U1U5U3O6U8'},1,"<a href=""/flatknot/8.1101800"">8.1101800</a>",t^9-64t^7-180t^6+229t^5+1000t^4+462t^3-202t^2+96t-24,t^2-2t,,
8.1101801,O1O2O3U4O5U6U7O8U2O4O7U1U5U8O6U3,4,16z^2+101z+139,16w^3z^2+101w^2z+139w,False,False,"[[ 0 -2  0  2 -1  1 -2  1  1],[ 2  0  2  3  0  1  0  2  1],[ 0 -2  0  0  0 -1  0  1  0],[-2 -3  0  0 -2 -1 -2  0 -1],[ 1  0  0  2  0  2 -1  1  1],[-1 -1  1  1 -2  0 -2 -1  0],[ 2  0  0  2  1  2  0  2  2],[-1 -2 -1  0 -1  1 -2  0  1],[-1 -1  0  1 -1  0 -2 -1  0]]","[[ 0  2  1  1  1  0 -1 -2 -2],[-2  0  0 -1 -1  0 -2 -2 -3],[-1  0  0  1  1 -1 -1 -2 -2],[-1  1 -1  0  0  1 -2 -2 -1],[-1  1 -1  0  0  0 -1 -2 -1],[ 0  0  1 -1  0  0  0  0 -2],[ 1  2  1  2  1  0  0 -1  0],[ 2  2  2  2  2  0  1  0  0],[ 2  3  2  1  1  2  0  0  0]]",True,"[-2,-1,-1,-1,0,1,2,2,0,1,1,0,2,2,3,-1,-1,1,1,2,2,0,-1,2,2,1,0,1,2,1,0,0,2,1,0,0]","[-2,-2,-1,0,1,1,1,2,0,0,2,1,1,1,2,1,0,1,2,2,1,1,1,0,1,1,0,2,1,2,-1,-1,1,0,0,0]",t^8+52t^6+416t^4+252t^2+1,"[-2,-2,-1,0,1,1,1,2,0,0,2,1,1,1,2,1,0,1,2,2,1,1,1,0,1,1,0,2,1,2,-1,-1,1,0,0,0]","[-2,-1,-1,-1,0,1,2,2,0,0,1,2,1,1,2,0,-1,1,1,2,1,-1,2,0,2,1,0,1,1,1,1,0,2,1,0,0]","[-2,-2,-1,0,1,1,1,2,0,0,2,1,1,2,3,1,0,2,2,2,2,0,1,2,1,2,0,-1,1,0,0,-1,1,-1,1,0]",c,"[[{8, 1}, {2, 7}, {3, 6}, {4, 5}], [{8, 1}, {2, 7}, {4, 6}, {3, 5}], [{8, 1}, {2, 7}, {5, 6}, {3, 4}], [{8, 1}, {2, 7}, {6}, {3, 5}, {4}], [{8, 1}, {3, 7}, {2, 6}, {4, 5}], [{8, 1}, {3, 7}, {4, 6}, {2, 5}], [{8, 1}, {3, 7}, {5, 6}, {2, 4}], [{8, 1}, {4, 7}, {2, 6}, {3, 5}], [{8, 1}, {4, 7}, {3, 6}, {2, 5}], [{8, 1}, {4, 7}, {5, 6}, {2, 3}], [{8, 1}, {5, 7}, {2, 6}, {3, 4}], [{8, 1}, {5, 7}, {3, 6}, {2, 4}], [{8, 1}, {5, 7}, {4, 6}, {2, 3}], [{8, 1}, {6, 7}, {2, 5}, {3, 4}], [{8, 1}, {6, 7}, {2, 5}, {4}, {3}], [{8, 1}, {6, 7}, {3, 5}, {2, 4}], [{8, 1}, {6, 7}, {3, 5}, {4}, {2}], [{8, 1}, {6, 7}, {4, 5}, {2, 3}], [{8, 1}, {6, 7}, {5}, {4}, {2, 3}], [{8, 1}, {7}, {2, 6}, {3, 5}, {4}], [{8, 1}, {7}, {3, 6}, {4, 5}, {2}], [{8, 1}, {7}, {5, 6}, {2, 4}, {3}], [{8, 2}, {1, 7}, {3, 6}, {4, 5}], [{8, 2}, {1, 7}, {3, 6}, {5}, {4}], [{8, 2}, {1, 7}, {4, 6}, {3, 5}], [{8, 2}, {1, 7}, {4, 6}, {5}, {3}], [{8, 2}, {1, 7}, {5, 6}, {3, 4}], [{8, 2}, {1, 7}, {5, 6}, {4}, {3}], [{8, 2}, {1, 7}, {6}, {3, 5}, {4}], [{8, 2}, {1, 7}, {6}, {4, 5}, {3}], [{8, 2}, {1, 7}, {6}, {5}, {3, 4}], [{8, 2}, {1, 7}, {6}, {5}, {4}, {3}], [{8, 2}, {3, 7}, {1, 6}, {4, 5}], [{8, 2}, {3, 7}, {4, 6}, {1, 5}], [{8, 2}, {3, 7}, {5, 6}, {1, 4}], [{8, 2}, {3, 7}, {5, 6}, {4}, {1}], [{8, 2}, {4, 7}, {1, 6}, {3, 5}], [{8, 2}, {4, 7}, {3, 6}, {1, 5}], [{8, 2}, {4, 7}, {5, 6}, {1, 3}], [{8, 2}, {5, 7}, {1, 6}, {3, 4}], [{8, 2}, {5, 7}, {3, 6}, {1, 4}], [{8, 2}, {5, 7}, {4, 6}, {1, 3}], [{8, 2}, {6, 7}, {1, 5}, {3, 4}], [{8, 2}, {6, 7}, {3, 5}, {1, 4}], [{8, 2}, {6, 7}, {4, 5}, {1, 3}], [{8, 2}, {7}, {5, 6}, {4}, {1, 3}], [{8, 3}, {1, 7}, {2, 6}, {4, 5}], [{8, 3}, {1, 7}, {4, 6}, {2, 5}], [{8, 3}, {1, 7}, {5, 6}, {2, 4}], [{8, 3}, {1, 7}, {5, 6}, {4}, {2}], [{8, 3}, {1, 7}, {6}, {5}, {2, 4}], [{8, 3}, {2, 7}, {1, 6}, {4, 5}], [{8, 3}, {2, 7}, {4, 6}, {1, 5}], [{8, 3}, {2, 7}, {5, 6}, {1, 4}], [{8, 3}, {2, 7}, {6}, {5}, {1, 4}], [{8, 3}, {4, 7}, {1, 6}, {2, 5}], [{8, 3}, {4, 7}, {2, 6}, {1, 5}], [{8, 3}, {4, 7}, {5, 6}, {1, 2}], [{8, 3}, {5, 7}, {1, 6}, {2, 4}], [{8, 3}, {5, 7}, {2, 6}, {1, 4}], [{8, 3}, {5, 7}, {4, 6}, {1, 2}], [{8, 3}, {5, 7}, {6}, {1, 4}, {2}], [{8, 3}, {6, 7}, {1, 5}, {2, 4}], [{8, 3}, {6, 7}, {2, 5}, {1, 4}], [{8, 3}, {6, 7}, {4, 5}, {1, 2}], [{8, 3}, {6, 7}, {5}, {4}, {1, 2}], [{8, 3}, {7}, {2, 6}, {1, 5}, {4}], [{8, 3}, {7}, {6}, {2, 5}, {1, 4}], [{8, 4}, {1, 7}, {2, 6}, {3, 5}], [{8, 4}, {1, 7}, {2, 6}, {5}, {3}], [{8, 4}, {1, 7}, {3, 6}, {2, 5}], [{8, 4}, {1, 7}, {3, 6}, {5}, {2}], [{8, 4}, {1, 7}, {5, 6}, {2, 3}], [{8, 4}, {1, 7}, {5, 6}, {3}, {2}], [{8, 4}, {1, 7}, {6}, {2, 5}, {3}], [{8, 4}, {1, 7}, {6}, {3, 5}, {2}], [{8, 4}, {1, 7}, {6}, {5}, {2, 3}], [{8, 4}, {1, 7}, {6}, {5}, {3}, {2}], [{8, 4}, {2, 7}, {1, 6}, {3, 5}], [{8, 4}, {2, 7}, {3, 6}, {1, 5}], [{8, 4}, {2, 7}, {5, 6}, {1, 3}], [{8, 4}, {2, 7}, {6}, {5}, {1, 3}], [{8, 4}, {3, 7}, {1, 6}, {2, 5}], [{8, 4}, {3, 7}, {2, 6}, {1, 5}], [{8, 4}, {3, 7}, {5, 6}, {1, 2}], [{8, 4}, {3, 7}, {6}, {5}, {1, 2}], [{8, 4}, {5, 7}, {1, 6}, {2, 3}], [{8, 4}, {5, 7}, {2, 6}, {1, 3}], [{8, 4}, {5, 7}, {3, 6}, {1, 2}], [{8, 4}, {5, 7}, {3, 6}, {2}, {1}], [{8, 4}, {6, 7}, {1, 5}, {2, 3}], [{8, 4}, {6, 7}, {2, 5}, {1, 3}], [{8, 4}, {6, 7}, {3, 5}, {1, 2}], [{8, 4}, {7}, {3, 6}, {1, 5}, {2}], [{8, 5}, {1, 7}, {2, 6}, {3, 4}], [{8, 5}, {1, 7}, {3, 6}, {2, 4}], [{8, 5}, {1, 7}, {3, 6}, {4}, {2}], [{8, 5}, {1, 7}, {4, 6}, {2, 3}], [{8, 5}, {1, 7}, {6}, {2, 4}, {3}], [{8, 5}, {2, 7}, {1, 6}, {3, 4}], [{8, 5}, {2, 7}, {3, 6}, {1, 4}], [{8, 5}, {2, 7}, {4, 6}, {1, 3}], [{8, 5}, {2, 7}, {6}, {4}, {1, 3}], [{8, 5}, {3, 7}, {1, 6}, {2, 4}], [{8, 5}, {3, 7}, {2, 6}, {1, 4}], [{8, 5}, {3, 7}, {4, 6}, {1, 2}], [{8, 5}, {4, 7}, {1, 6}, {2, 3}], [{8, 5}, {4, 7}, {2, 6}, {1, 3}], [{8, 5}, {4, 7}, {3, 6}, {1, 2}], [{8, 5}, {6, 7}, {1, 4}, {2, 3}], [{8, 5}, {6, 7}, {2, 4}, {1, 3}], [{8, 5}, {6, 7}, {3, 4}, {1, 2}], [{8, 5}, {7}, {1, 6}, {4}, {2, 3}], [{8, 6}, {1, 7}, {2, 5}, {3, 4}], [{8, 6}, {1, 7}, {3, 5}, {2, 4}], [{8, 6}, {1, 7}, {4, 5}, {2, 3}], [{8, 6}, {1, 7}, {5}, {2, 4}, {3}], [{8, 6}, {2, 7}, {1, 5}, {3, 4}], [{8, 6}, {2, 7}, {3, 5}, {1, 4}], [{8, 6}, {2, 7}, {4, 5}, {1, 3}], [{8, 6}, {2, 7}, {5}, {1, 4}, {3}], [{8, 6}, {2, 7}, {5}, {3, 4}, {1}], [{8, 6}, {2, 7}, {5}, {4}, {1, 3}], [{8, 6}, {3, 7}, {1, 5}, {2, 4}], [{8, 6}, {3, 7}, {2, 5}, {1, 4}], [{8, 6}, {3, 7}, {4, 5}, {1, 2}], [{8, 6}, {4, 7}, {1, 5}, {2, 3}], [{8, 6}, {4, 7}, {2, 5}, {1, 3}], [{8, 6}, {4, 7}, {3, 5}, {1, 2}], [{8, 6}, {4, 7}, {5}, {2, 3}, {1}], [{8, 6}, {5, 7}, {1, 4}, {2, 3}], [{8, 6}, {5, 7}, {2, 4}, {1, 3}], [{8, 6}, {5, 7}, {2, 4}, {3}, {1}], [{8, 6}, {5, 7}, {3, 4}, {1, 2}], [{8, 6}, {5, 7}, {4}, {1, 3}, {2}], [{8, 6}, {7}, {1, 5}, {2, 4}, {3}], [{8, 6}, {7}, {2, 5}, {4}, {1, 3}], [{8, 6}, {7}, {4, 5}, {3}, {1, 2}], [{8, 7}, {1, 6}, {2, 5}, {3, 4}], [{8, 7}, {1, 6}, {3, 5}, {2, 4}], [{8, 7}, {1, 6}, {4, 5}, {2, 3}], [{8, 7}, {1, 6}, {5}, {3, 4}, {2}], [{8, 7}, {2, 6}, {1, 5}, {3, 4}], [{8, 7}, {2, 6}, {1, 5}, {4}, {3}], [{8, 7}, {2, 6}, {3, 5}, {1, 4}], [{8, 7}, {2, 6}, {4, 5}, {1, 3}], [{8, 7}, {2, 6}, {5}, {3, 4}, {1}], [{8, 7}, {3, 6}, {1, 5}, {2, 4}], [{8, 7}, {3, 6}, {2, 5}, {1, 4}], [{8, 7}, {3, 6}, {4, 5}, {1, 2}], [{8, 7}, {3, 6}, {4, 5}, {2}, {1}], [{8, 7}, {4, 6}, {1, 5}, {2, 3}], [{8, 7}, {4, 6}, {2, 5}, {1, 3}], [{8, 7}, {4, 6}, {3, 5}, {1, 2}], [{8, 7}, {5, 6}, {1, 4}, {2, 3}], [{8, 7}, {5, 6}, {2, 4}, {1, 3}], [{8, 7}, {5, 6}, {2, 4}, {3}, {1}], [{8, 7}, {5, 6}, {3, 4}, {1, 2}], [{8, 7}, {5, 6}, {4}, {1, 3}, {2}], [{8, 7}, {6}, {5}, {1, 4}, {2, 3}], [{8, 7}, {6}, {5}, {3, 4}, {1, 2}], [{8}, {1, 7}, {3, 6}, {2, 5}, {4}], [{8}, {1, 7}, {3, 6}, {4, 5}, {2}], [{8}, {1, 7}, {3, 6}, {5}, {2, 4}], [{8}, {1, 7}, {5, 6}, {2, 4}, {3}], [{8}, {1, 7}, {5, 6}, {3, 4}, {2}], [{8}, {1, 7}, {5, 6}, {4}, {2, 3}], [{8}, {1, 7}, {6}, {3, 5}, {2, 4}], [{8}, {1, 7}, {6}, {5}, {2, 4}, {3}], [{8}, {2, 7}, {3, 6}, {5}, {1, 4}], [{8}, {2, 7}, {4, 6}, {5}, {1, 3}], [{8}, {2, 7}, {5, 6}, {4}, {1, 3}], [{8}, {2, 7}, {6}, {1, 5}, {3, 4}], [{8}, {2, 7}, {6}, {4, 5}, {1, 3}], [{8}, {3, 7}, {1, 6}, {2, 5}, {4}], [{8}, {3, 7}, {1, 6}, {4, 5}, {2}], [{8}, {3, 7}, {1, 6}, {5}, {2, 4}], [{8}, {3, 7}, {2, 6}, {1, 5}, {4}], [{8}, {4, 7}, {2, 6}, {5}, {1, 3}], [{8}, {4, 7}, {3, 6}, {5}, {1, 2}], [{8}, {4, 7}, {5, 6}, {3}, {1, 2}], [{8}, {4, 7}, {6}, {1, 5}, {2, 3}], [{8}, {4, 7}, {6}, {3, 5}, {1, 2}], [{8}, {5, 7}, {4, 6}, {2, 3}, {1}], [{8}, {6, 7}, {4, 5}, {2, 3}, {1}], [{8}, {6, 7}, {5}, {2, 4}, {1, 3}]]",2,20 K_1^3 - 30 K_1^2 - 20 K_1 K_2 - 5 K_1 + 15 K_2 + 5 K_3 + 16,O1O2O3U1O4U5U6U3O7O8U2O5U7U4O6U8,O1O2O3U4O5U1U6U5O7U2O4O8U3O6U7U8,O1O2O3U4U5O6U1O4O7U2O5U8U6U3O8U7,c,{'O1O2O3U4O5U6U7O8U2O4O7U1U5U8O6U3'},1,"<a href=""/flatknot/8.1101801"">8.1101801</a>",t^9-54t^7-100t^6+255t^5+420t^4-325t^3-178t^2+345t-112,t^2-2t,,
8.1101802,O1O2O3U4O5U6U7O8U2O4O7U3U5U1O6U8,4,14z^2+99z+143,14w^3z^2+99w^2z+143w,False,False,"[[ 0  0  0  0 -1  1 -2  1  1],[ 0  0  0  0 -1  1 -2  0  1],[ 0  0  0 -1  0  0  0  1  0],[ 0  0  1  0 -1  0  0  1 -1],[ 1  1  0  1  0  2 -2  1  2],[-1 -1  0  0 -2  0 -1 -1 -1],[ 2  2  0  0  2  1  0  3  2],[-1  0 -1 -1 -1  1 -3  0  1],[-1 -1  0  1 -2  1 -2 -1  0]]","[[ 0  1  1  1  0  0  0 -1 -2],[-1  0  1  1  0 -1 -1 -1 -3],[-1 -1  0  1 -1  1  0 -2 -2],[-1 -1 -1  0 -1  0  0 -2 -1],[ 0  0  1  1  0  0  0 -1 -2],[ 0  1 -1  0  0  0  1 -1  0],[ 0  1  0  0  0 -1  0  0  0],[ 1  1  2  2  1  1  0  0 -2],[ 2  3  2  1  2  0  0  2  0]]",True,"[-1,-1,-1,0,0,0,1,2,-1,-1,0,1,1,1,3,-1,1,-1,0,2,2,1,0,0,2,1,0,0,1,2,-1,1,0,0,0,2]","[-2,-1,0,0,0,1,1,1,-1,0,2,2,0,1,2,0,0,1,1,0,0,0,0,1,0,0,-1,0,2,1,0,1,1,-1,-1,-1]",t^8+42t^6+192t^4+39t^2+1,"[-2,-1,0,0,0,1,1,1,-1,0,2,2,0,1,2,0,0,1,1,0,0,0,0,1,0,0,-1,0,2,1,0,1,1,-1,-1,-1]","[-1,-1,-1,0,0,0,1,2,-1,-1,0,1,1,0,2,-1,0,1,2,0,1,1,0,0,1,0,0,0,0,0,-1,1,2,0,2,-1]","[-2,-1,0,0,0,1,1,1,2,0,0,2,1,2,3,0,1,1,2,2,1,-1,0,0,0,1,0,0,-1,1,1,1,0,-1,-1,-1]",c,"[[{8, 1}, {2, 7}, {3, 6}, {4, 5}], [{8, 1}, {2, 7}, {4, 6}, {3, 5}], [{8, 1}, {2, 7}, {5, 6}, {3, 4}], [{8, 1}, {2, 7}, {6}, {3, 5}, {4}], [{8, 1}, {3, 7}, {2, 6}, {4, 5}], [{8, 1}, {3, 7}, {2, 6}, {5}, {4}], [{8, 1}, {3, 7}, {4, 6}, {2, 5}], [{8, 1}, {3, 7}, {4, 6}, {5}, {2}], [{8, 1}, {3, 7}, {5, 6}, {2, 4}], [{8, 1}, {3, 7}, {5, 6}, {4}, {2}], [{8, 1}, {3, 7}, {6}, {2, 5}, {4}], [{8, 1}, {3, 7}, {6}, {4, 5}, {2}], [{8, 1}, {3, 7}, {6}, {5}, {2, 4}], [{8, 1}, {3, 7}, {6}, {5}, {4}, {2}], [{8, 1}, {4, 7}, {2, 6}, {3, 5}], [{8, 1}, {4, 7}, {3, 6}, {2, 5}], [{8, 1}, {4, 7}, {5, 6}, {2, 3}], [{8, 1}, {4, 7}, {6}, {3, 5}, {2}], [{8, 1}, {5, 7}, {2, 6}, {3, 4}], [{8, 1}, {5, 7}, {2, 6}, {4}, {3}], [{8, 1}, {5, 7}, {3, 6}, {2, 4}], [{8, 1}, {5, 7}, {3, 6}, {4}, {2}], [{8, 1}, {5, 7}, {4, 6}, {2, 3}], [{8, 1}, {5, 7}, {4, 6}, {3}, {2}], [{8, 1}, {5, 7}, {6}, {2, 4}, {3}], [{8, 1}, {5, 7}, {6}, {3, 4}, {2}], [{8, 1}, {5, 7}, {6}, {4}, {2, 3}], [{8, 1}, {5, 7}, {6}, {4}, {3}, {2}], [{8, 1}, {6, 7}, {2, 5}, {3, 4}], [{8, 1}, {6, 7}, {3, 5}, {2, 4}], [{8, 1}, {6, 7}, {3, 5}, {4}, {2}], [{8, 1}, {6, 7}, {4, 5}, {2, 3}], [{8, 1}, {7}, {2, 6}, {3, 5}, {4}], [{8, 1}, {7}, {4, 6}, {3, 5}, {2}], [{8, 1}, {7}, {6}, {3, 5}, {2, 4}], [{8, 1}, {7}, {6}, {3, 5}, {4}, {2}], [{8, 2}, {1, 7}, {3, 6}, {4, 5}], [{8, 2}, {1, 7}, {4, 6}, {3, 5}], [{8, 2}, {1, 7}, {5, 6}, {3, 4}], [{8, 2}, {1, 7}, {5, 6}, {4}, {3}], [{8, 2}, {3, 7}, {1, 6}, {4, 5}], [{8, 2}, {3, 7}, {1, 6}, {5}, {4}], [{8, 2}, {3, 7}, {4, 6}, {1, 5}], [{8, 2}, {3, 7}, {5, 6}, {1, 4}], [{8, 2}, {4, 7}, {1, 6}, {3, 5}], [{8, 2}, {4, 7}, {1, 6}, {5}, {3}], [{8, 2}, {4, 7}, {3, 6}, {1, 5}], [{8, 2}, {4, 7}, {5, 6}, {1, 3}], [{8, 2}, {4, 7}, {5, 6}, {3}, {1}], [{8, 2}, {4, 7}, {6}, {1, 5}, {3}], [{8, 2}, {5, 7}, {1, 6}, {3, 4}], [{8, 2}, {5, 7}, {3, 6}, {1, 4}], [{8, 2}, {5, 7}, {4, 6}, {1, 3}], [{8, 2}, {5, 7}, {6}, {3, 4}, {1}], [{8, 2}, {6, 7}, {1, 5}, {3, 4}], [{8, 2}, {6, 7}, {3, 5}, {1, 4}], [{8, 2}, {6, 7}, {4, 5}, {1, 3}], [{8, 2}, {7}, {1, 6}, {5}, {3, 4}], [{8, 2}, {7}, {3, 6}, {4, 5}, {1}], [{8, 2}, {7}, {4, 6}, {5}, {1, 3}], [{8, 2}, {7}, {5, 6}, {1, 4}, {3}], [{8, 3}, {1, 7}, {2, 6}, {4, 5}], [{8, 3}, {1, 7}, {4, 6}, {2, 5}], [{8, 3}, {1, 7}, {5, 6}, {2, 4}], [{8, 3}, {2, 7}, {1, 6}, {4, 5}], [{8, 3}, {2, 7}, {4, 6}, {1, 5}], [{8, 3}, {2, 7}, {5, 6}, {1, 4}], [{8, 3}, {4, 7}, {1, 6}, {2, 5}], [{8, 3}, {4, 7}, {2, 6}, {1, 5}], [{8, 3}, {4, 7}, {5, 6}, {1, 2}], [{8, 3}, {5, 7}, {1, 6}, {2, 4}], [{8, 3}, {5, 7}, {2, 6}, {1, 4}], [{8, 3}, {5, 7}, {4, 6}, {1, 2}], [{8, 3}, {5, 7}, {6}, {2, 4}, {1}], [{8, 3}, {6, 7}, {1, 5}, {2, 4}], [{8, 3}, {6, 7}, {2, 5}, {1, 4}], [{8, 3}, {6, 7}, {4, 5}, {1, 2}], [{8, 3}, {6, 7}, {4, 5}, {2}, {1}], [{8, 3}, {7}, {1, 6}, {5}, {2, 4}], [{8, 3}, {7}, {5, 6}, {1, 4}, {2}], [{8, 4}, {1, 7}, {2, 6}, {3, 5}], [{8, 4}, {1, 7}, {3, 6}, {2, 5}], [{8, 4}, {1, 7}, {5, 6}, {2, 3}], [{8, 4}, {2, 7}, {1, 6}, {3, 5}], [{8, 4}, {2, 7}, {3, 6}, {1, 5}], [{8, 4}, {2, 7}, {5, 6}, {1, 3}], [{8, 4}, {3, 7}, {1, 6}, {2, 5}], [{8, 4}, {3, 7}, {1, 6}, {5}, {2}], [{8, 4}, {3, 7}, {2, 6}, {1, 5}], [{8, 4}, {3, 7}, {5, 6}, {1, 2}], [{8, 4}, {3, 7}, {5, 6}, {2}, {1}], [{8, 4}, {3, 7}, {6}, {1, 5}, {2}], [{8, 4}, {5, 7}, {1, 6}, {2, 3}], [{8, 4}, {5, 7}, {2, 6}, {1, 3}], [{8, 4}, {5, 7}, {3, 6}, {1, 2}], [{8, 4}, {5, 7}, {3, 6}, {2}, {1}], [{8, 4}, {6, 7}, {1, 5}, {2, 3}], [{8, 4}, {6, 7}, {2, 5}, {1, 3}], [{8, 4}, {6, 7}, {3, 5}, {1, 2}], [{8, 4}, {6, 7}, {3, 5}, {2}, {1}], [{8, 4}, {7}, {6}, {2, 5}, {1, 3}], [{8, 5}, {1, 7}, {2, 6}, {3, 4}], [{8, 5}, {1, 7}, {2, 6}, {4}, {3}], [{8, 5}, {1, 7}, {3, 6}, {2, 4}], [{8, 5}, {1, 7}, {3, 6}, {4}, {2}], [{8, 5}, {1, 7}, {4, 6}, {2, 3}], [{8, 5}, {1, 7}, {4, 6}, {3}, {2}], [{8, 5}, {1, 7}, {6}, {2, 4}, {3}], [{8, 5}, {1, 7}, {6}, {3, 4}, {2}], [{8, 5}, {1, 7}, {6}, {4}, {2, 3}], [{8, 5}, {2, 7}, {1, 6}, {3, 4}], [{8, 5}, {2, 7}, {3, 6}, {1, 4}], [{8, 5}, {2, 7}, {4, 6}, {1, 3}], [{8, 5}, {3, 7}, {1, 6}, {2, 4}], [{8, 5}, {3, 7}, {1, 6}, {4}, {2}], [{8, 5}, {3, 7}, {2, 6}, {1, 4}], [{8, 5}, {3, 7}, {4, 6}, {1, 2}], [{8, 5}, {3, 7}, {4, 6}, {2}, {1}], [{8, 5}, {3, 7}, {6}, {1, 4}, {2}], [{8, 5}, {4, 7}, {1, 6}, {2, 3}], [{8, 5}, {4, 7}, {2, 6}, {1, 3}], [{8, 5}, {4, 7}, {2, 6}, {3}, {1}], [{8, 5}, {4, 7}, {3, 6}, {1, 2}], [{8, 5}, {4, 7}, {6}, {1, 3}, {2}], [{8, 5}, {6, 7}, {1, 4}, {2, 3}], [{8, 5}, {6, 7}, {2, 4}, {1, 3}], [{8, 5}, {6, 7}, {3, 4}, {1, 2}], [{8, 5}, {6, 7}, {4}, {1, 3}, {2}], [{8, 5}, {7}, {2, 6}, {1, 4}, {3}], [{8, 5}, {7}, {4, 6}, {1, 3}, {2}], [{8, 6}, {1, 7}, {2, 5}, {3, 4}], [{8, 6}, {1, 7}, {2, 5}, {4}, {3}], [{8, 6}, {1, 7}, {3, 5}, {2, 4}], [{8, 6}, {1, 7}, {4, 5}, {2, 3}], [{8, 6}, {1, 7}, {5}, {3, 4}, {2}], [{8, 6}, {2, 7}, {1, 5}, {3, 4}], [{8, 6}, {2, 7}, {3, 5}, {1, 4}], [{8, 6}, {2, 7}, {3, 5}, {4}, {1}], [{8, 6}, {2, 7}, {4, 5}, {1, 3}], [{8, 6}, {3, 7}, {1, 5}, {2, 4}], [{8, 6}, {3, 7}, {1, 5}, {4}, {2}], [{8, 6}, {3, 7}, {2, 5}, {1, 4}], [{8, 6}, {3, 7}, {2, 5}, {4}, {1}], [{8, 6}, {3, 7}, {4, 5}, {1, 2}], [{8, 6}, {3, 7}, {4, 5}, {2}, {1}], [{8, 6}, {3, 7}, {5}, {1, 4}, {2}], [{8, 6}, {3, 7}, {5}, {2, 4}, {1}], [{8, 6}, {3, 7}, {5}, {4}, {1, 2}], [{8, 6}, {3, 7}, {5}, {4}, {2}, {1}], [{8, 6}, {4, 7}, {1, 5}, {2, 3}], [{8, 6}, {4, 7}, {2, 5}, {1, 3}], [{8, 6}, {4, 7}, {2, 5}, {3}, {1}], [{8, 6}, {4, 7}, {3, 5}, {1, 2}], [{8, 6}, {4, 7}, {5}, {1, 3}, {2}], [{8, 6}, {5, 7}, {1, 4}, {2, 3}], [{8, 6}, {5, 7}, {2, 4}, {1, 3}], [{8, 6}, {5, 7}, {3, 4}, {1, 2}], [{8, 6}, {5, 7}, {4}, {2, 3}, {1}], [{8, 6}, {7}, {2, 5}, {1, 4}, {3}], [{8, 6}, {7}, {2, 5}, {3, 4}, {1}], [{8, 6}, {7}, {2, 5}, {4}, {1, 3}], [{8, 6}, {7}, {2, 5}, {4}, {3}, {1}], [{8, 7}, {1, 6}, {2, 5}, {3, 4}], [{8, 7}, {1, 6}, {3, 5}, {2, 4}], [{8, 7}, {1, 6}, {4, 5}, {2, 3}], [{8, 7}, {1, 6}, {5}, {2, 4}, {3}], [{8, 7}, {2, 6}, {1, 5}, {3, 4}], [{8, 7}, {2, 6}, {3, 5}, {1, 4}], [{8, 7}, {2, 6}, {4, 5}, {1, 3}], [{8, 7}, {3, 6}, {1, 5}, {2, 4}], [{8, 7}, {3, 6}, {2, 5}, {1, 4}], [{8, 7}, {3, 6}, {4, 5}, {1, 2}], [{8, 7}, {3, 6}, {4, 5}, {2}, {1}], [{8, 7}, {4, 6}, {1, 5}, {2, 3}], [{8, 7}, {4, 6}, {2, 5}, {1, 3}], [{8, 7}, {4, 6}, {3, 5}, {1, 2}], [{8, 7}, {5, 6}, {1, 4}, {2, 3}], [{8, 7}, {5, 6}, {1, 4}, {3}, {2}], [{8, 7}, {5, 6}, {2, 4}, {1, 3}], [{8, 7}, {5, 6}, {2, 4}, {3}, {1}], [{8, 7}, {5, 6}, {3, 4}, {1, 2}], [{8, 7}, {5, 6}, {4}, {3}, {1, 2}], [{8, 7}, {6}, {1, 5}, {2, 4}, {3}], [{8}, {1, 7}, {5, 6}, {3, 4}, {2}], [{8}, {2, 7}, {1, 6}, {3, 5}, {4}], [{8}, {2, 7}, {3, 6}, {4, 5}, {1}], [{8}, {2, 7}, {5, 6}, {1, 4}, {3}], [{8}, {2, 7}, {5, 6}, {3, 4}, {1}], [{8}, {2, 7}, {5, 6}, {4}, {1, 3}], [{8}, {3, 7}, {1, 6}, {2, 5}, {4}], [{8}, {3, 7}, {1, 6}, {4, 5}, {2}], [{8}, {3, 7}, {1, 6}, {5}, {2, 4}], [{8}, {3, 7}, {1, 6}, {5}, {4}, {2}], [{8}, {3, 7}, {4, 6}, {1, 5}, {2}], [{8}, {3, 7}, {5, 6}, {1, 4}, {2}], [{8}, {4, 7}, {3, 6}, {5}, {1, 2}], [{8}, {4, 7}, {5, 6}, {1, 3}, {2}], [{8}, {5, 7}, {1, 6}, {4}, {2, 3}], [{8}, {5, 7}, {3, 6}, {1, 4}, {2}], [{8}, {5, 7}, {6}, {2, 4}, {1, 3}], [{8}, {5, 7}, {6}, {3, 4}, {1, 2}], [{8}, {6, 7}, {3, 5}, {1, 4}, {2}], [{8}, {6, 7}, {5}, {2, 4}, {1, 3}], [{8}, {6, 7}, {5}, {3, 4}, {1, 2}], [{8}, {7}, {2, 6}, {1, 5}, {3, 4}], [{8}, {7}, {4, 6}, {2, 5}, {1, 3}], [{8}, {7}, {5, 6}, {1, 4}, {2, 3}], [{8}, {7}, {5, 6}, {2, 4}, {1, 3}], [{8}, {7}, {5, 6}, {3, 4}, {1, 2}]]",2,- 30 K_1^2 - 12 K_1 K_2 + 6 K_1 + 15 K_2 + 6 K_3 + 16,O1O2O3U4O5U3U6U1O7O8U2O4U7U5O6U8,O1O2O3U4O5U3U6U1O7U2O4O8U5O6U7U8,O1O2O3U4U5O6U7O4O8U2O5U3U6U1O7U8,c,{'O1O2O3U4O5U6U7O8U2O4O7U3U5U1O6U8'},1,"<a href=""/flatknot/8.1101802"">8.1101802</a>",t^9-44t^7-118t^6+23t^5+286t^4+199t^3+4t^2-49t-18,t^2-2t,,
8.1101803,O1O2O3U4O5U6U7O8U2O4O7U5U1U3O6U8,4,z^3+21z^2+103z+131,w^4z^3+21w^3z^2+103w^2z+131w,False,False,"[[ 0 -1  0  2 -1  0 -2  1  1],[ 1  0  1  2  0  0 -1  1  1],[ 0 -1  0  0  0 -1  0  1  0],[-2 -2  0  0 -2 -1 -2 -1 -1],[ 1  0  0  2  0  1 -2  1  2],[ 0  0  1  1 -1  0  0  0 -1],[ 2  1  0  2  2  0  0  3  2],[-1 -1 -1  1 -1  0 -3  0  1],[-1 -1  0  1 -2  1 -2 -1  0]]","[[ 0  2  1  1  0  0 -1 -1 -2],[-2  0 -1 -1  0 -1 -2 -2 -2],[-1  1  0  1 -1  0 -1 -1 -3],[-1  1 -1  0  0  1 -1 -2 -2],[ 0  0  1  0  0 -1 -1  0  0],[ 0  1  0 -1  1  0  0 -1  0],[ 1  2  1  1  1  0  0  0 -1],[ 1  2  1  2  0  1  0  0 -2],[ 2  2  3  2  0  0  1  2  0]]",True,"[-2,-1,-1,0,0,1,1,2,1,1,0,1,2,2,2,-1,1,0,1,1,3,0,-1,1,2,2,1,1,0,0,0,1,0,0,1,2]","[-2,-1,-1,0,0,1,1,2,-1,0,2,2,0,1,2,0,0,1,1,0,1,1,0,1,1,1,-1,1,2,1,0,1,2,-1,0,0]",t^8+46t^6+260t^4+109t^2+1,"[-2,-1,-1,0,0,1,1,2,-1,0,2,2,0,1,2,0,0,1,1,0,1,1,0,1,1,1,-1,1,2,1,0,1,2,-1,0,0]","[-2,-1,-1,0,0,1,1,2,0,0,1,2,1,1,2,-1,2,1,0,1,1,1,0,1,1,0,1,0,1,2,1,0,2,0,-1,0]","[-2,-1,-1,0,0,1,1,2,1,2,0,0,2,3,2,0,0,1,1,1,2,1,0,2,1,2,1,-1,0,1,0,1,0,-1,1,1]",c,"[[{8, 1}, {2, 7}, {5, 6}, {3, 4}], [{8, 2}, {1, 7}, {5, 6}, {3, 4}], [{8, 2}, {1, 7}, {6}, {5}, {3, 4}], [{8, 2}, {4, 7}, {5, 6}, {1, 3}]]",1,4 K_1^3 - 24 K_1^2 - 16 K_1 K_2 + 5 K_1 + 12 K_2 + 7 K_3 + 13,O1O2O3U4O5U1U3U6O7O8U2O4U7U5O6U8,O1O2O3U4O5U2U6U3O7U1O4O8U5O6U7U8,O1O2O3U4U5O6U7O4O8U3O5U1U6U2O7U8,c,{'O1O2O3U4O5U6U7O8U2O4O7U5U1U3O6U8'},1,"<a href=""/flatknot/8.1101803"">8.1101803</a>",t^9-46t^7-136t^6+22t^5+348t^4+129t^3-170t^2-101t-68,0,,
8.1101804,O1O2O3U4O5U6U7O8U2O4O7U5U1U8O6U3,4,2z^3+27z^2+98z+105,2w^4z^3+27w^3z^2+98w^2z+105w,False,False,"[[ 0 -1  0  2 -1  0 -2  1  1],[ 1  0  1  2  0  0 -1  1  1],[ 0 -1  0  0  0 -1  0  1  0],[-2 -2  0  0 -2 -1 -2  0 -1],[ 1  0  0  2  0  1 -1  1  1],[ 0  0  1  1 -1  0 -1  0  0],[ 2  1  0  2  1  1  0  2  2],[-1 -1 -1  0 -1  0 -2  0  1],[-1 -1  0  1 -1  0 -2 -1  0]]","[[ 0  2  1  1  0  0 -1 -1 -2],[-2  0  0 -1  0 -1 -2 -2 -2],[-1  0  0  1 -1  0 -1 -1 -2],[-1  1 -1  0  0  0 -1 -1 -2],[ 0  0  1  0  0 -1  0 -1  0],[ 0  1  0  0  1  0 -1  0 -1],[ 1  2  1  1  0  1  0  0 -1],[ 1  2  1  1  1  0  0  0 -1],[ 2  2  2  2  0  1  1  1  0]]",True,"[-2,-1,-1,0,0,1,1,2,0,1,0,1,2,2,2,-1,1,0,1,1,2,0,0,1,1,2,1,0,1,0,1,0,1,0,1,1]","[-2,-1,-1,0,0,1,1,2,0,0,1,2,1,1,2,0,0,1,1,1,1,1,0,1,1,1,-1,1,1,1,0,1,2,-1,1,0]",t^8+34t^6+152t^4+86t^2+1,"[-2,-1,-1,0,0,1,1,2,0,0,1,2,1,1,2,0,0,1,1,1,1,1,0,1,1,1,-1,1,1,1,0,1,2,-1,1,0]","[-2,-1,-1,0,0,1,1,2,0,1,1,2,1,1,2,-1,1,1,1,1,1,1,0,1,1,1,1,0,1,1,1,0,2,0,0,0]","[-2,-1,-1,0,0,1,1,2,1,1,0,1,2,2,2,0,0,1,1,1,2,1,0,1,1,2,-1,0,1,0,0,0,1,-1,1,0]",c,"[[{8, 1}, {3, 7}, {2, 6}, {4, 5}]]",1,16 K_1^3 - 20 K_1^2 - 16 K_1 K_2 - 4 K_1 + 10 K_2 + 4 K_3 + 11,O1O2O3U1O4U5U3U6O7O8U2O5U7U4O6U8,O1O2O3U4O5U2U6U5O7U1O4O8U3O6U7U8,O1O2O3U4U5O6U1O4O7U3O5U8U6U2O8U7,c,{'O1O2O3U4O5U6U7O8U2O4O7U5U1U8O6U3'},1,"<a href=""/flatknot/8.1101804"">8.1101804</a>",t^9-34t^7-74t^6+50t^5+146t^4-46t^3-60t^2+30t-12,0,,
8.1101805,O1O2O3U4O5U6U7O8U2O4O7U5U3U1O6U8,4,17z^2+102z+137,17w^3z^2+102w^2z+137w,False,False,"[[ 0  0  0  1 -1  0 -2  1  1],[ 0  0  0  1 -1  0 -2  0  1],[ 0  0  0  0  0 -1  0  1  0],[-1 -1  0  0 -1 -1 -1  0 -1],[ 1  1  0  1  0  1 -2  1  2],[ 0  0  1  1 -1  0  0  0 -1],[ 2  2  0  1  2  0  0  3  2],[-1  0 -1  0 -1  0 -3  0  1],[-1 -1  0  1 -2  1 -2 -1  0]]","[[ 0  1  1  1  0  0  0 -1 -2],[-1  0  1  0  0  0 -1 -1 -3],[-1 -1  0  1  1 -1  0 -2 -2],[-1  0 -1  0 -1 -1  0 -1 -1],[ 0  0 -1  1  0  0  1 -1  0],[ 0  0  1  1  0  0  0 -1 -2],[ 0  1  0  0 -1  0  0  0  0],[ 1  1  2  1  1  1  0  0 -2],[ 2  3  2  1  0  2  0  2  0]]",True,"[-1,-1,-1,0,0,0,1,2,-1,0,0,0,1,1,3,-1,-1,1,0,2,2,1,1,0,1,1,0,-1,1,0,0,1,2,0,0,2]","[-2,-1,0,0,0,1,1,1,-1,0,2,2,0,1,2,0,0,1,1,0,1,0,0,1,0,0,-1,1,2,0,0,1,1,-1,0,-1]",t^8+38t^6+180t^4+67t^2+4,"[-2,-1,0,0,0,1,1,1,-1,0,2,2,0,1,2,0,0,1,1,0,1,0,0,1,0,0,-1,1,2,0,0,1,1,-1,0,-1]","[-1,-1,-1,0,0,0,1,2,-1,0,0,0,1,1,2,-1,0,2,1,0,1,1,1,0,1,0,0,0,0,0,1,0,2,1,2,-1]","[-2,-1,0,0,0,1,1,1,2,0,0,2,1,2,3,0,1,1,1,2,1,-1,0,0,0,1,0,1,-1,0,1,1,0,-1,0,-1]",c,"[[{8, 1}, {4, 7}, {3, 6}, {2, 5}], [{8, 3}, {4, 7}, {1, 6}, {2, 5}], [{8, 6}, {4, 7}, {2, 5}, {1, 3}]]",1,8 K_1^3 - 18 K_1^2 - 12 K_1 K_2 + 9 K_2 + 4 K_3 + 10,O1O2O3U4O5U3U1U6O7O8U2O4U7U5O6U8,O1O2O3U4O5U3U6U2O7U1O4O8U5O6U7U8,O1O2O3U4U5O6U7O4O8U3O5U2U6U1O7U8,c,{'O1O2O3U4O5U6U7O8U2O4O7U5U3U1O6U8'},1,"<a href=""/flatknot/8.1101805"">8.1101805</a>",t^9-40t^7-96t^6+59t^5+300t^4+132t^3-162t^2-188t-48,t^2-2t,,
8.1101806,O1O2O3U4O5U6U7O8U2O4O7U5U8U1O6U3,4,10z^2+63z+87,10w^3z^2+63w^2z+87w,False,False,"[[ 0  0  0  2 -1  0 -2  1  0],[ 0  0  0  1  0 -1 -1  1  0],[ 0  0  0  0  0 -1  0  1  0],[-2 -1  0  0 -2 -1 -2  0 -1],[ 1  0  0  2  0  1 -1  1  0],[ 0  1  1  1 -1  0 -1  0  0],[ 2  1  0  2  1  1  0  2  1],[-1 -1 -1  0 -1  0 -2  0  0],[ 0  0  0  1  0  0 -1  0  0]]","[[ 0  2  1  0  0  0  0 -1 -2],[-2  0  0  0 -1 -1 -1 -2 -2],[-1  0  0 -1  0  0 -1 -1 -2],[ 0  0  1  0  0 -1  0  0  0],[ 0  1  0  0  0  0  0  0 -1],[ 0  1  0  1  0  0  1 -1 -1],[ 0  1  1  0  0 -1  0  0 -1],[ 1  2  1  0  0  1  0  0 -1],[ 2  2  2  0  1  1  1  1  0]]",True,"[-2,-1,0,0,0,0,1,2,0,0,1,1,1,2,2,1,0,0,1,1,2,0,1,0,0,0,0,0,0,1,-1,1,1,0,1,1]","[-2,-1,0,0,0,0,1,2,0,0,1,1,1,2,2,1,0,0,1,1,2,0,1,0,0,0,0,0,0,1,-1,1,1,0,1,1]",t^8+25t^6+97t^4+56t^2,"[-2,-1,0,0,0,0,1,2,0,1,1,1,2,1,2,0,1,1,1,1,1,-1,0,-1,1,1,0,0,0,1,0,1,1,0,2,1]","[-2,-1,0,0,0,0,1,2,1,1,1,1,2,1,2,0,1,1,0,1,1,-1,0,0,1,1,0,1,0,1,0,1,1,1,2,0]","[-2,-1,0,0,0,0,1,2,1,0,1,1,1,2,2,0,0,0,1,1,2,0,0,-1,1,0,0,-1,1,1,0,0,1,0,1,0]",c,"[[{8, 1}, {3, 7}, {2, 6}, {4, 5}], [{8, 2}, {6, 7}, {3, 5}, {1, 4}], [{8, 2}, {6, 7}, {3, 5}, {4}, {1}]]",1,16 K_1^3 - 20 K_1^2 - 16 K_1 K_2 - 4 K_1 + 10 K_2 + 4 K_3 + 11,O1O2O3U1O4U3U5U6O7O8U2O5U7U4O6U8,O1O2O3U4O5U3U6U5O7U1O4O8U2O6U7U8,O1O2O3U4U5O6U2O4O7U3O5U8U6U1O8U7,c,"{'O1O2O3U4O5U6U7O8U2O4O7U5U8U1O6U3', 'O1O2O3U4O5U6U7U1O8O4O7U5U2U8O6U3'}",2,"<a href=""/flatknot/8.1101806"">8.1101806</a>",t^9-25t^7-42t^6+41t^5+80t^4-27t^3-34t^2+9t,0,,
8.1101807,O1O2O3U4O5U1U2O6U3O7O4U6U8U5O8U7,4,16z^2+69z+75,16w^3z^2+69w^2z+75w,False,False,"[[ 0 -2  0  1  0  2 -1  1 -1],[ 2  0  1  2  0  2  0  0  1],[ 0 -1  0  1 -1  1  0  0 -1],[-1 -2 -1  0 -1  1  0  1 -2],[ 0  0  1  1  0  1 -1 -1  0],[-2 -2 -1 -1 -1  0  0  1 -2],[ 1  0  0  0  1  0  0  1  1],[-1  0  0 -1  1 -1 -1  0 -1],[ 1 -1  1  2  0  2 -1  1  0]]","[[ 0  2  1  1  0  0 -1 -1 -2],[-2  0  1 -1 -1 -1  0 -2 -2],[-1 -1  0 -1  1  0 -1 -1  0],[-1  1  1  0 -1 -1  0 -2 -2],[ 0  1 -1  1  0  1 -1  0  0],[ 0  1  0  1 -1  0  0 -1 -1],[ 1  0  1  0  1  0  0  1  0],[ 1  2  1  2  0  1 -1  0 -1],[ 2  2  0  2  0  1  0  1  0]]",True,"[-2,-1,-1,0,0,1,1,2,-1,1,1,1,0,2,2,1,-1,0,1,1,0,1,1,0,2,2,-1,1,0,0,0,1,1,-1,0,1]","[-2,-1,-1,0,0,1,1,2,-1,1,1,1,0,2,2,1,-1,0,1,1,0,1,1,0,2,2,-1,1,0,0,0,1,1,-1,0,1]",t^8+32t^6+132t^4+32t^2+1,"[-2,-1,-1,0,0,1,1,2,0,1,1,2,1,3,2,1,0,1,0,1,1,1,0,2,1,3,1,0,1,1,0,2,1,-1,0,2]","[-2,-1,-1,0,0,1,1,2,0,2,1,1,1,3,2,1,0,0,0,2,1,1,2,1,1,3,-1,0,1,1,1,0,2,-1,0,1]","[-2,-1,-1,0,0,1,1,2,0,1,0,1,0,2,2,1,1,0,1,0,0,0,1,1,2,2,1,-1,1,1,0,1,1,-1,-1,1]",c,"[[{8, 2}, {5, 7}, {1, 6}, {3, 4}], [{8, 2}, {5, 7}, {6}, {3, 4}, {1}], [{8, 3}, {2, 7}, {4, 6}, {1, 5}], [{8, 3}, {4, 7}, {2, 6}, {1, 5}], [{8, 3}, {6, 7}, {1, 5}, {2, 4}], [{8}, {2, 7}, {4, 6}, {1, 5}, {3}]]",1,12 K_1^3 - 16 K_1^2 - 8 K_1 K_2 - 5 K_1 + 8 K_2 + K_3 + 9,O1O2O3U4O5U6U5U7O8O4U1O7U2U3O6U8,O1O2O3U2O4U5U6U7O8U3O5O6U1O7U4U8,O1O2O3U4U5O6U3O7O8U1O4U6U7U8O5U2,c,"{'O1O2O3U4O5U1U2O6U3O7O4U6U8U5O8U7', 'O1O2U3O4O5U1U2U4O6O7U6O3U8U5O8U7'}",2,"<a href=""/flatknot/8.1101807"">8.1101807</a>",t^9-32t^7-72t^6+48t^5+226t^4+104t^3-96t^2-78t-14,0,,
8.1101808,O1O2O3U4O5U1U2O6U3O7O4U7U8U5O8U6,4,3z^3+35z^2+111z+107,3w^4z^3+35w^3z^2+111w^2z+107w,False,False,"[[ 0 -2  0  1  0  2  1 -1 -1],[ 2  0  1  2  0  2  1 -1  1],[ 0 -1  0  1 -1  1  1 -1 -1],[-1 -2 -1  0 -1  0  1 -1 -2],[ 0  0  1  1  0  1 -1 -1  0],[-2 -2 -1  0 -1  0  0  0 -2],[-1 -1 -1 -1  1  0  0  0 -1],[ 1  1  1  1  1  0  0  0  1],[ 1 -1  1  2  0  2  1 -1  0]]","[[ 0  2  1  1  0  0 -1 -1 -2],[-2  0  0  0 -1 -1  0 -2 -2],[-1  0  0  1 -1 -1 -1 -2 -2],[-1  0 -1  0  1 -1  0 -1 -1],[ 0  1  1 -1  0  1 -1  0  0],[ 0  1  1  1 -1  0 -1 -1 -1],[ 1  0  1  0  1  1  0  1  1],[ 1  2  2  1  0  1 -1  0 -1],[ 2  2  2  1  0  1 -1  1  0]]",True,"[-2,-1,-1,0,0,1,1,2,0,0,1,1,0,2,2,-1,1,1,1,2,2,-1,1,0,1,1,-1,1,0,0,1,1,1,-1,-1,1]","[-2,-1,-1,0,0,1,1,2,-1,1,0,1,1,2,2,1,1,1,0,1,0,0,1,1,2,2,1,-1,1,1,1,1,1,-1,0,0]",t^8+34t^6+109t^4+66t^2+4,"[-2,-1,-1,0,0,1,1,2,0,2,1,2,1,2,2,1,0,1,0,1,1,0,0,1,2,3,1,0,0,1,0,2,1,-1,1,1]","[-2,-1,-1,0,0,1,1,2,1,1,1,1,1,3,2,-1,0,2,1,2,2,0,0,0,1,1,-1,0,0,1,1,0,2,-1,0,2]","[-2,-1,-1,0,0,1,1,2,-1,1,0,1,1,2,2,1,1,1,0,1,0,0,1,1,2,2,1,-1,1,1,1,1,1,-1,0,0]",c,"[[{8, 1}, {2, 7}, {3, 6}, {4, 5}], [{8, 1}, {2, 7}, {4, 6}, {3, 5}], [{8, 1}, {2, 7}, {5, 6}, {3, 4}], [{8, 1}, {2, 7}, {5, 6}, {4}, {3}], [{8, 1}, {3, 7}, {2, 6}, {4, 5}], [{8, 1}, {3, 7}, {4, 6}, {2, 5}], [{8, 1}, {3, 7}, {5, 6}, {2, 4}], [{8, 1}, {3, 7}, {6}, {4, 5}, {2}], [{8, 1}, {4, 7}, {2, 6}, {3, 5}], [{8, 1}, {4, 7}, {2, 6}, {5}, {3}], [{8, 1}, {4, 7}, {3, 6}, {2, 5}], [{8, 1}, {4, 7}, {5, 6}, {2, 3}], [{8, 1}, {5, 7}, {2, 6}, {3, 4}], [{8, 1}, {5, 7}, {3, 6}, {2, 4}], [{8, 1}, {5, 7}, {4, 6}, {2, 3}], [{8, 1}, {6, 7}, {2, 5}, {3, 4}], [{8, 1}, {6, 7}, {3, 5}, {2, 4}], [{8, 1}, {6, 7}, {3, 5}, {4}, {2}], [{8, 1}, {6, 7}, {4, 5}, {2, 3}], [{8, 2}, {1, 7}, {3, 6}, {4, 5}], [{8, 2}, {1, 7}, {4, 6}, {3, 5}], [{8, 2}, {1, 7}, {5, 6}, {3, 4}], [{8, 2}, {3, 7}, {1, 6}, {4, 5}], [{8, 2}, {3, 7}, {4, 6}, {1, 5}], [{8, 2}, {3, 7}, {4, 6}, {5}, {1}], [{8, 2}, {3, 7}, {5, 6}, {1, 4}], [{8, 2}, {3, 7}, {6}, {1, 5}, {4}], [{8, 2}, {4, 7}, {1, 6}, {3, 5}], [{8, 2}, {4, 7}, {3, 6}, {1, 5}], [{8, 2}, {4, 7}, {3, 6}, {5}, {1}], [{8, 2}, {4, 7}, {5, 6}, {1, 3}], [{8, 2}, {4, 7}, {6}, {1, 5}, {3}], [{8, 2}, {5, 7}, {1, 6}, {3, 4}], [{8, 2}, {5, 7}, {3, 6}, {1, 4}], [{8, 2}, {5, 7}, {4, 6}, {1, 3}], [{8, 2}, {6, 7}, {1, 5}, {3, 4}], [{8, 2}, {6, 7}, {3, 5}, {1, 4}], [{8, 2}, {6, 7}, {4, 5}, {1, 3}], [{8, 2}, {6, 7}, {5}, {3, 4}, {1}], [{8, 2}, {7}, {6}, {1, 5}, {3, 4}], [{8, 3}, {1, 7}, {2, 6}, {4, 5}], [{8, 3}, {1, 7}, {4, 6}, {2, 5}], [{8, 3}, {1, 7}, {5, 6}, {2, 4}], [{8, 3}, {2, 7}, {1, 6}, {4, 5}], [{8, 3}, {2, 7}, {4, 6}, {1, 5}], [{8, 3}, {2, 7}, {5, 6}, {1, 4}], [{8, 3}, {4, 7}, {1, 6}, {2, 5}], [{8, 3}, {4, 7}, {2, 6}, {1, 5}], [{8, 3}, {4, 7}, {5, 6}, {1, 2}], [{8, 3}, {4, 7}, {6}, {5}, {1, 2}], [{8, 3}, {5, 7}, {1, 6}, {2, 4}], [{8, 3}, {5, 7}, {2, 6}, {1, 4}], [{8, 3}, {5, 7}, {4, 6}, {1, 2}], [{8, 3}, {5, 7}, {6}, {1, 4}, {2}], [{8, 3}, {6, 7}, {1, 5}, {2, 4}], [{8, 3}, {6, 7}, {1, 5}, {4}, {2}], [{8, 3}, {6, 7}, {2, 5}, {1, 4}], [{8, 3}, {6, 7}, {4, 5}, {1, 2}], [{8, 3}, {6, 7}, {4, 5}, {2}, {1}], [{8, 3}, {6, 7}, {5}, {1, 4}, {2}], [{8, 3}, {7}, {1, 6}, {5}, {2, 4}], [{8, 3}, {7}, {5, 6}, {1, 4}, {2}], [{8, 4}, {1, 7}, {2, 6}, {3, 5}], [{8, 4}, {1, 7}, {3, 6}, {2, 5}], [{8, 4}, {1, 7}, {5, 6}, {2, 3}], [{8, 4}, {1, 7}, {6}, {3, 5}, {2}], [{8, 4}, {2, 7}, {1, 6}, {3, 5}], [{8, 4}, {2, 7}, {3, 6}, {1, 5}], [{8, 4}, {2, 7}, {5, 6}, {1, 3}], [{8, 4}, {3, 7}, {1, 6}, {2, 5}], [{8, 4}, {3, 7}, {2, 6}, {1, 5}], [{8, 4}, {3, 7}, {5, 6}, {1, 2}], [{8, 4}, {3, 7}, {6}, {2, 5}, {1}], [{8, 4}, {5, 7}, {1, 6}, {2, 3}], [{8, 4}, {5, 7}, {2, 6}, {1, 3}], [{8, 4}, {5, 7}, {2, 6}, {3}, {1}], [{8, 4}, {5, 7}, {3, 6}, {1, 2}], [{8, 4}, {6, 7}, {1, 5}, {2, 3}], [{8, 4}, {6, 7}, {1, 5}, {3}, {2}], [{8, 4}, {6, 7}, {2, 5}, {1, 3}], [{8, 4}, {6, 7}, {3, 5}, {1, 2}], [{8, 4}, {7}, {1, 6}, {2, 5}, {3}], [{8, 4}, {7}, {5, 6}, {2, 3}, {1}], [{8, 5}, {1, 7}, {2, 6}, {3, 4}], [{8, 5}, {1, 7}, {3, 6}, {2, 4}], [{8, 5}, {1, 7}, {4, 6}, {2, 3}], [{8, 5}, {2, 7}, {1, 6}, {3, 4}], [{8, 5}, {2, 7}, {3, 6}, {1, 4}], [{8, 5}, {2, 7}, {4, 6}, {1, 3}], [{8, 5}, {3, 7}, {1, 6}, {2, 4}], [{8, 5}, {3, 7}, {2, 6}, {1, 4}], [{8, 5}, {3, 7}, {4, 6}, {1, 2}], [{8, 5}, {3, 7}, {6}, {4}, {1, 2}], [{8, 5}, {4, 7}, {1, 6}, {2, 3}], [{8, 5}, {4, 7}, {2, 6}, {1, 3}], [{8, 5}, {4, 7}, {2, 6}, {3}, {1}], [{8, 5}, {4, 7}, {3, 6}, {1, 2}], [{8, 5}, {4, 7}, {6}, {1, 3}, {2}], [{8, 5}, {6, 7}, {1, 4}, {2, 3}], [{8, 5}, {6, 7}, {2, 4}, {1, 3}], [{8, 5}, {6, 7}, {3, 4}, {1, 2}], [{8, 5}, {6, 7}, {4}, {1, 3}, {2}], [{8, 5}, {7}, {1, 6}, {4}, {2, 3}], [{8, 5}, {7}, {4, 6}, {1, 3}, {2}], [{8, 6}, {1, 7}, {2, 5}, {3, 4}], [{8, 6}, {1, 7}, {3, 5}, {2, 4}], [{8, 6}, {1, 7}, {3, 5}, {4}, {2}], [{8, 6}, {1, 7}, {4, 5}, {2, 3}], [{8, 6}, {2, 7}, {1, 5}, {3, 4}], [{8, 6}, {2, 7}, {3, 5}, {1, 4}], [{8, 6}, {2, 7}, {4, 5}, {1, 3}], [{8, 6}, {2, 7}, {5}, {3, 4}, {1}], [{8, 6}, {3, 7}, {1, 5}, {2, 4}], [{8, 6}, {3, 7}, {1, 5}, {4}, {2}], [{8, 6}, {3, 7}, {2, 5}, {1, 4}], [{8, 6}, {3, 7}, {4, 5}, {1, 2}], [{8, 6}, {3, 7}, {4, 5}, {2}, {1}], [{8, 6}, {3, 7}, {5}, {1, 4}, {2}], [{8, 6}, {4, 7}, {1, 5}, {2, 3}], [{8, 6}, {4, 7}, {1, 5}, {3}, {2}], [{8, 6}, {4, 7}, {2, 5}, {1, 3}], [{8, 6}, {4, 7}, {3, 5}, {1, 2}], [{8, 6}, {5, 7}, {1, 4}, {2, 3}], [{8, 6}, {5, 7}, {2, 4}, {1, 3}], [{8, 6}, {5, 7}, {3, 4}, {1, 2}], [{8, 6}, {5, 7}, {4}, {1, 3}, {2}], [{8, 6}, {7}, {1, 5}, {3, 4}, {2}], [{8, 7}, {1, 6}, {2, 5}, {3, 4}], [{8, 7}, {1, 6}, {3, 5}, {2, 4}], [{8, 7}, {1, 6}, {4, 5}, {2, 3}], [{8, 7}, {1, 6}, {5}, {2, 4}, {3}], [{8, 7}, {2, 6}, {1, 5}, {3, 4}], [{8, 7}, {2, 6}, {3, 5}, {1, 4}], [{8, 7}, {2, 6}, {4, 5}, {1, 3}], [{8, 7}, {2, 6}, {5}, {3, 4}, {1}], [{8, 7}, {3, 6}, {1, 5}, {2, 4}], [{8, 7}, {3, 6}, {2, 5}, {1, 4}], [{8, 7}, {3, 6}, {4, 5}, {1, 2}], [{8, 7}, {4, 6}, {1, 5}, {2, 3}], [{8, 7}, {4, 6}, {2, 5}, {1, 3}], [{8, 7}, {4, 6}, {3, 5}, {1, 2}], [{8, 7}, {5, 6}, {1, 4}, {2, 3}], [{8, 7}, {5, 6}, {2, 4}, {1, 3}], [{8, 7}, {5, 6}, {3, 4}, {1, 2}], [{8, 7}, {5, 6}, {4}, {2, 3}, {1}], [{8, 7}, {6}, {1, 5}, {3, 4}, {2}], [{8}, {1, 7}, {3, 6}, {2, 5}, {4}], [{8}, {1, 7}, {3, 6}, {4, 5}, {2}], [{8}, {1, 7}, {3, 6}, {5}, {2, 4}], [{8}, {1, 7}, {4, 6}, {3, 5}, {2}], [{8}, {2, 7}, {3, 6}, {1, 5}, {4}], [{8}, {2, 7}, {4, 6}, {1, 5}, {3}], [{8}, {2, 7}, {6}, {1, 5}, {3, 4}], [{8}, {3, 7}, {1, 6}, {2, 5}, {4}], [{8}, {3, 7}, {1, 6}, {4, 5}, {2}], [{8}, {3, 7}, {1, 6}, {5}, {2, 4}], [{8}, {3, 7}, {2, 6}, {1, 5}, {4}], [{8}, {4, 7}, {1, 6}, {3, 5}, {2}], [{8}, {4, 7}, {2, 6}, {1, 5}, {3}], [{8}, {4, 7}, {5, 6}, {2, 3}, {1}], [{8}, {5, 7}, {4, 6}, {2, 3}, {1}], [{8}, {6, 7}, {1, 5}, {3, 4}, {2}], [{8}, {7}, {2, 6}, {1, 5}, {3, 4}], [{8}, {7}, {6}, {1, 5}, {3, 4}, {2}]]",2,12 K_1^3 - 20 K_1^2 - 8 K_1 K_2 - 5 K_1 + 10 K_2 + K_3 + 11,O1O2O3U4O5U6U5U7O8O7U1O4U2U3O6U8,O1O2O3U2O4U5U6U7O8U3O5O6U4O7U1U8,O1O2O3U4U3O5U6O7O8U1O4U5U7U8O6U2,c,{'O1O2O3U4O5U1U2O6U3O7O4U7U8U5O8U6'},1,"<a href=""/flatknot/8.1101808"">8.1101808</a>",t^9-34t^7-86t^6-15t^5+92t^4+29t^3-32t^2-6t,0,,
8.1101809,O1O2O3U4O5U1U2O6U3O7O4U8U5U6O8U7,4,2z^3+35z^2+114z+105,2w^4z^3+35w^3z^2+114w^2z+105w,False,False,"[[ 0 -2  0  1  0  1  1  1 -2],[ 2  0  1  2  0  2  1  0  1],[ 0 -1  0  1 -1  1  1  0 -1],[-1 -2 -1  0 -1  0  1  1 -3],[ 0  0  1  1  0  1  0 -1  0],[-1 -2 -1  0 -1  0  1  1 -2],[-1 -1 -1 -1  0 -1  0  0 -1],[-1  0  0 -1  1 -1  0  0 -1],[ 2 -1  1  3  0  2  1  1  0]]","[[ 0  1  1  1  1  0  0 -2 -2],[-1  0  1  1  0 -1 -1 -2 -2],[-1 -1  0  0 -1  1  0  0 -1],[-1 -1  0  0 -1  0 -1 -1 -1],[-1  0  1  1  0 -1 -1 -2 -3],[ 0  1 -1  0  1  0  1  0  0],[ 0  1  0  1  1 -1  0 -1 -1],[ 2  2  0  1  2  0  1  0  1],[ 2  2  1  1  3  0  1 -1  0]]",True,"[-1,-1,-1,-1,0,0,2,2,-1,-1,0,1,1,2,2,0,1,-1,0,0,1,1,0,1,1,1,1,1,2,3,-1,0,0,1,1,-1]","[-2,-2,0,0,1,1,1,1,-1,0,1,1,1,2,3,0,1,0,1,2,2,1,-1,0,1,1,0,1,1,1,0,-1,-1,-1,-1,0]",t^8+38t^6+95t^4+38t^2+1,"[-2,-2,0,0,1,1,1,1,-1,1,2,1,1,2,3,1,2,0,1,2,2,1,0,0,0,1,0,0,1,2,0,-1,-1,-1,-1,0]","[-1,-1,-1,-1,0,0,2,2,-1,-1,0,0,1,2,2,0,1,0,0,0,1,1,0,0,1,1,1,2,2,3,-1,1,1,2,2,-1]","[-2,-2,0,0,1,1,1,1,-1,0,1,1,1,2,3,0,1,0,1,2,2,1,-1,0,1,1,0,1,1,1,0,-1,-1,-1,-1,0]",c,"[[{8, 6}, {2, 7}, {4, 5}, {1, 3}], [{8, 6}, {7}, {4, 5}, {1, 3}, {2}]]",1,16 K_1^3 - 16 K_1^2 - 12 K_1 K_2 - 6 K_1 + 8 K_2 + 2 K_3 + 9,O1O2O3U4O5U6U7U5O8O4U1O6U2U3O7U8,O1O2O3U1O4U5U6U7O8U2O5O6U3O7U4U8,O1O2O3U4U5O6U1O7O8U2O4U6U7U8O5U3,c,{'O1O2O3U4O5U1U2O6U3O7O4U8U5U6O8U7'},1,"<a href=""/flatknot/8.1101809"">8.1101809</a>",t^9-42t^7-86t^6+59t^5+218t^4+74t^3-78t^2-35t,2t^2-4t,,
8.1101810,O1O2O3U4O5U1U2O6U3O7O4U8U5U7O8U6,4,3z^3+31z^2+91z+83,3w^4z^3+31w^3z^2+91w^2z+83w,False,False,"[[ 0 -2  0  1  0  1  1  1 -2],[ 2  0  1  2  0  2  1  0  1],[ 0 -1  0  1 -1  1  1  0 -1],[-1 -2 -1  0 -1  0  1  0 -2],[ 0  0  1  1  0  1 -1  0  0],[-1 -2 -1  0 -1  0  1  1 -2],[-1 -1 -1 -1  1 -1  0  1 -2],[-1  0  0  0  0 -1 -1  0 -1],[ 2 -1  1  2  0  2  2  1  0]]","[[ 0  1  1  1  1  0  0 -2 -2],[-1  0  1  1  0 -1 -1 -2 -2],[-1 -1  0  1 -1  1 -1 -1 -2],[-1 -1 -1  0  0  0  0  0 -1],[-1  0  1  0  0 -1 -1 -2 -2],[ 0  1 -1  0  1  0  1  0  0],[ 0  1  1  0  1 -1  0 -1 -1],[ 2  2  1  0  2  0  1  0  1],[ 2  2  2  1  2  0  1 -1  0]]",True,"[-1,-1,-1,-1,0,0,2,2,-1,-1,0,1,1,2,2,-1,1,-1,1,1,2,0,0,0,0,1,1,1,2,2,-1,0,0,1,1,-1]","[-2,-2,0,0,1,1,1,1,-1,0,1,1,2,2,2,0,1,0,1,2,2,1,0,-1,1,1,0,1,1,1,-1,-1,0,-1,-1,0]",t^8+36t^6+134t^4+60t^2+4,"[-2,-2,0,0,1,1,1,1,-1,1,2,1,1,2,3,1,2,1,1,1,2,1,0,0,0,1,0,0,2,1,0,-1,-1,-1,0,-1]","[-1,-1,-1,-1,0,0,2,2,-1,-1,0,1,1,2,3,-1,-1,0,2,1,2,0,0,0,1,1,0,0,1,1,-1,1,1,2,2,-1]","[-2,-2,0,0,1,1,1,1,-1,0,1,1,2,2,2,0,1,0,1,2,2,1,0,-1,1,1,0,1,1,1,-1,-1,0,-1,-1,0]",c,"[[{8, 6}, {2, 7}, {1, 5}, {3, 4}], [{8, 6}, {7}, {1, 5}, {3, 4}, {2}]]",1,16 K_1^3 - 12 K_1^2 - 12 K_1 K_2 - 6 K_1 + 6 K_2 + 2 K_3 + 7,O1O2O3U4O5U6U7U5O8O6U1O4U2U3O7U8,O1O2O3U1O4U5U6U7O8U2O5O6U4O7U3U8,O1O2O3U4U1O5U6O7O8U2O4U5U7U8O6U3,c,{'O1O2O3U4O5U1U2O6U3O7O4U8U5U7O8U6'},1,"<a href=""/flatknot/8.1101810"">8.1101810</a>",t^9-40t^7-92t^6+40t^5+228t^4+65t^3-182t^2-132t-18,2t^2-4t,,
8.1101811,O1O2O3U4O5U1U2O6U3O7O4U8U6U5O8U7,4,3z^3+39z^2+115z+99,3w^4z^3+39w^3z^2+115w^2z+99w,False,False,"[[ 0 -2  0  1  0  2  0  1 -2],[ 2  0  1  2  0  2  0  0  1],[ 0 -1  0  1 -1  1  0  0 -1],[-1 -2 -1  0 -1  1  0  1 -3],[ 0  0  1  1  0  1  0 -1  0],[-2 -2 -1 -1 -1  0  0  1 -3],[ 0  0  0  0  0  0  0  0  0],[-1  0  0 -1  1 -1  0  0 -1],[ 2 -1  1  3  0  3  0  1  0]]","[[ 0  2  1  1  0  0 -2 -2],[-2  0  1 -1 -1 -1 -2 -3],[-1 -1  0 -1  1  0  0 -1],[-1  1  1  0 -1 -1 -2 -3],[ 0  1 -1  1  0  1  0  0],[ 0  1  0  1 -1  0 -1 -1],[ 2  2  0  2  0  1  0  1],[ 2  3  1  3  0  1 -1  0]]",False,"[-2,-1,-1,0,0,2,2,-1,1,1,1,2,3,1,-1,0,0,1,1,1,2,3,-1,0,0,1,1,-1]","[-2,-2,0,0,1,1,2,-1,0,1,1,3,3,0,1,0,2,2,1,-1,1,1,0,1,1,-1,-1,1]",t^7+39t^5+78t^3+8t,"[-2,-2,0,0,1,1,2,-1,1,2,1,3,2,1,2,0,2,1,1,0,1,1,0,2,1,-1,0,2]","[-2,-1,-1,0,0,2,2,0,2,1,1,1,2,1,0,0,0,1,1,2,2,3,-1,1,1,2,2,-1]","[-2,-2,0,0,1,1,2,-1,0,1,1,3,3,0,1,0,2,2,1,-1,1,1,0,1,1,-1,-1,1]",c,"[[{8, 2}, {5, 7}, {1, 6}, {3, 4}], [{8, 2}, {5, 7}, {6}, {3, 4}, {1}]]",1,8 K_1^3 - 10 K_1^2 - 8 K_1 K_2 - 2 K_1 + 5 K_2 + 2 K_3 + 6,O1O2O3U4O5U6U7U5O8O4U1O7U2U3O6U8,O1O2O3U1O4U5U6U7O8U3O5O6U2O7U4U8,O1O2O3U4U5O6U2O7O8U1O4U6U7U8O5U3,c,{'O1O2O3U4O5U1U2O6U3O7O4U8U6U5O8U7'},1,"<a href=""/flatknot/8.1101811"">8.1101811</a>",t^8-41t^6-96t^5-5t^4+152t^3+149t^2+58t+7,t^2-2t,,
8.1101812,O1O2O3U4O5U1U2O6U3O7O4U8U7U5O8U6,4,3z^3+32z^2+92z+81,3w^4z^3+32w^3z^2+92w^2z+81w,False,False,"[[ 0 -2  0  1  0  2  1  0 -2],[ 2  0  1  2  0  2  1 -1  1],[ 0 -1  0  1 -1  1  1 -1 -1],[-1 -2 -1  0 -1  0  1 -1 -2],[ 0  0  1  1  0  1 -1  0  0],[-2 -2 -1  0 -1  0  0  0 -3],[-1 -1 -1 -1  1  0  0  1 -2],[ 0  1  1  1  0  0 -1  0  0],[ 2 -1  1  2  0  3  2  0  0]]","[[ 0  2  1  1  0  0  0 -2 -2],[-2  0  0  0  0 -1 -1 -2 -3],[-1  0  0  1 -1 -1 -1 -2 -2],[-1  0 -1  0  1  1 -1 -1 -2],[ 0  0  1 -1  0  0  1  1  0],[ 0  1  1 -1  0  0  1  0  0],[ 0  1  1  1 -1 -1  0 -1 -1],[ 2  2  2  1 -1  0  1  0  1],[ 2  3  2  2  0  0  1 -1  0]]",True,"[-2,-1,-1,0,0,0,2,2,0,0,0,1,1,2,3,-1,1,1,1,2,2,-1,-1,1,1,2,0,-1,-1,0,-1,0,0,1,1,-1]","[-2,-2,0,0,0,1,1,2,-1,0,0,1,2,2,3,-1,0,1,1,2,2,0,1,-1,1,0,1,-1,1,1,1,1,1,-1,0,0]",t^8+41t^6+215t^4+99t^2+4,"[-2,-2,0,0,0,1,1,2,-1,1,2,3,1,2,2,1,2,2,1,1,1,1,1,0,0,1,0,0,2,1,0,2,2,-1,1,1]","[-2,-1,-1,0,0,0,2,2,1,1,1,1,2,1,2,-1,0,2,2,1,2,0,0,0,1,1,-1,-1,1,1,0,2,2,2,3,-1]","[-2,-2,0,0,0,1,1,2,-1,0,0,1,2,2,3,-1,0,1,1,2,2,0,1,-1,1,0,1,-1,1,1,1,1,1,-1,0,0]",c,"[[{8, 5}, {3, 7}, {2, 6}, {1, 4}], [{8, 6}, {1, 7}, {2, 5}, {3, 4}]]",1,12 K_1^3 - 10 K_1^2 - 8 K_1 K_2 - 5 K_1 + 5 K_2 + K_3 + 6,O1O2O3U4O5U6U7U5O8O7U1O4U2U3O6U8,O1O2O3U1O4U5U6U7O8U3O5O6U4O7U2U8,O1O2O3U4U2O5U6O7O8U1O4U5U7U8O6U3,c,{'O1O2O3U4O5U1U2O6U3O7O4U8U7U5O8U6'},1,"<a href=""/flatknot/8.1101812"">8.1101812</a>",t^9-43t^7-92t^6+84t^5+300t^4+81t^3-198t^2-128t-18,t^2-2t,,
8.1101813,O1O2O3U4O5U1U2O6U5O7O4U6U8U3O8U7,4,8z^3+46z^2+105z+91,-2w^5z^3+10w^4z^3-2w^4z^2+48w^3z^2+105w^2z+91w,False,False,"[[ 0 -2  0  2  0  1 -1  1 -1],[ 2  0  1  2  0  2  0  0  1],[ 0 -1  0  1 -1  1  0  0 -1],[-2 -2 -1  0 -1 -1  0  0 -2],[ 0  0  1  1  0  1 -2  0 -1],[-1 -2 -1  1 -1  0  1  1 -1],[ 1  0  0  0  2 -1  0  1  1],[-1  0  0  0  0 -1 -1  0 -1],[ 1 -1  1  2  1  1 -1  1  0]]","[[ 0  2  1  1  0  0 -1 -1 -2],[-2  0  0 -1 -1 -1  0 -2 -2],[-1  0  0 -1  0  0 -1 -1  0],[-1  1  1  0 -1 -1  1 -1 -2],[ 0  1  0  1  0  1 -2 -1  0],[ 0  1  0  1 -1  0  0 -1 -1],[ 1  0  1 -1  2  0  0  1  0],[ 1  2  1  1  1  1 -1  0 -1],[ 2  2  0  2  0  1  0  1  0]]",True,"[-2,-1,-1,0,0,1,1,2,0,1,1,1,0,2,2,1,0,0,1,1,0,1,1,-1,1,2,-1,2,1,0,0,1,1,-1,0,1]","[-2,-1,-1,0,0,1,1,2,0,1,0,1,0,2,2,1,2,0,1,-1,0,1,1,1,1,2,1,0,1,1,0,1,1,-1,0,1]",t^8+32t^6+208t^4+60t^2+1,"[-2,-1,-1,0,0,1,1,2,0,1,1,2,1,3,2,1,0,0,1,1,1,1,-1,3,1,3,1,0,1,1,0,1,1,-1,0,1]","[-2,-1,-1,0,0,1,1,2,0,1,1,1,1,3,2,1,0,0,1,3,1,1,1,1,1,3,-1,0,1,1,0,-1,2,-1,0,1]","[-2,-1,-1,0,0,1,1,2,0,1,0,1,0,2,2,1,2,0,1,-1,0,1,1,1,1,2,1,0,1,1,0,1,1,-1,0,1]",c,"[[{8, 3}, {1, 7}, {4, 6}, {2, 5}], [{8, 7}, {5, 6}, {2, 4}, {1, 3}], [{8, 7}, {5, 6}, {4}, {1, 3}, {2}]]",1,16 K_1^3 - 16 K_1^2 - 16 K_1 K_2 - 4 K_1 + 8 K_2 + 4 K_3 + 9,O1O2O3U4O5U1U5U6O7O4U8O6U2U3O8U7,O1O2O3U2O4U5U6U3O7U8O5O6U1O8U4U7,O1O2O3U4U5O6U3O7O8U6O4U1U7U8O5U2,c,{'O1O2O3U4O5U1U2O6U5O7O4U6U8U3O8U7'},1,"<a href=""/flatknot/8.1101813"">8.1101813</a>",t^9-32t^7-72t^6+64t^5+248t^4+87t^3-8t^2+88t+32,0,,
8.1101814,O1O2O3U4O5U1U2O6U5O7O4U6U8U7O8U3,4,6z^3+49z^2+116z+85,6w^4z^3+49w^3z^2+116w^2z+85w,False,False,"[[ 0 -2  0  2  0  1 -1  1 -1],[ 2  0  1  2  0  2  0 -1  2],[ 0 -1  0  1 -1  1  0 -1  0],[-2 -2 -1  0  0 -1 -1  1 -3],[ 0  0  1  0  0  1 -2  0  0],[-1 -2 -1  1 -1  0  1  1 -1],[ 1  0  0  1  2 -1  0  1  0],[-1  1  1 -1  0 -1 -1  0 -1],[ 1 -2  0  3  0  1  0  1  0]]","[[ 0  2  1  1  0  0 -1 -1 -2],[-2  0  1 -1  0 -1 -1 -3 -2],[-1 -1  0 -1  0  1 -1 -1  1],[-1  1  1  0 -1 -1  1 -1 -2],[ 0  0  0  1  0  1 -2  0  0],[ 0  1 -1  1 -1  0  0  0 -1],[ 1  1  1 -1  2  0  0  0  0],[ 1  3  1  1  0  0  0  0 -2],[ 2  2 -1  2  0  1  0  2  0]]",True,"[-2,-1,-1,0,0,1,1,2,-1,1,0,1,1,3,2,1,0,-1,1,1,-1,1,1,-1,1,2,-1,2,0,0,0,0,1,0,0,2]","[-2,-1,-1,0,0,1,1,2,-1,1,0,1,1,3,2,1,0,-1,1,1,-1,1,1,-1,1,2,-1,2,0,0,0,0,1,0,0,2]",t^8+40t^6+314t^4+275t^2+4,"[-2,-1,-1,0,0,1,1,2,-1,1,1,2,1,4,2,0,1,1,1,1,0,1,-1,3,1,2,1,0,2,1,0,1,2,-1,0,2]","[-2,-1,-1,0,0,1,1,2,0,2,1,2,0,2,2,1,0,0,1,3,1,2,1,1,1,4,-1,1,1,1,1,-1,2,0,-1,1]","[-2,-1,-1,0,0,1,1,2,0,2,0,1,-1,2,2,0,2,0,1,-1,1,0,0,1,1,3,1,0,1,0,-1,1,1,-1,-1,1]",c,"[[{8, 7}, {5, 6}, {2, 4}, {1, 3}]]",1,8 K_1^3 - 4 K_1^2 - 4 K_1 K_2 - 4 K_1 + 2 K_2 + 3,O1O2O3U1O4U5U4U6O7O5U8O6U2U3O8U7,O1O2O3U2O4U5U6U4O7U8O5O6U1O8U3U7,O1O2O3U4U1O5U3O6O7U5O4U8U6U7O8U2,c,{'O1O2O3U4O5U1U2O6U5O7O4U6U8U7O8U3'},1,"<a href=""/flatknot/8.1101814"">8.1101814</a>",t^9-40t^7-94t^6+146t^5+548t^4+275t^3-152t^2-98t-16,0,,
8.1101815,O1O2O3U4O5U1U2O6U5O7O4U7U8U3O8U6,4,3z^3+27z^2+87z+91,-2w^5z^3+5w^4z^3-8w^4z^2+35w^3z^2-6w^3z+93w^2z+91w,False,False,"[[ 0 -2  0  2  0  1  1 -1 -1],[ 2  0  1  2  0  2  1 -1  1],[ 0 -1  0  1 -1  1  1 -1 -1],[-2 -2 -1  0 -1  0  0 -1 -2],[ 0  0  1  1  0  1 -1 -1 -1],[-1 -2 -1  0 -1  0  1  0 -1],[-1 -1 -1  0  1 -1  0  0 -1],[ 1  1  1  1  1  0  0  0  1],[ 1 -1  1  2  1  1  1 -1  0]]","[[ 0  2  1  1  0  0 -1 -1 -2],[-2  0  0  0 -1 -1 -1 -2 -2],[-1  0  0  1 -1 -1  0 -1 -2],[-1  0 -1  0  1 -1  0 -1 -1],[ 0  1  1 -1  0  1 -1 -1  0],[ 0  1  1  1 -1  0 -1 -1 -1],[ 1  1  0  0  1  1  0  1  1],[ 1  2  1  1  1  1 -1  0 -1],[ 2  2  2  1  0  1 -1  1  0]]",True,"[-2,-1,-1,0,0,1,1,2,0,0,1,1,1,2,2,-1,1,1,0,1,2,-1,1,0,1,1,-1,1,1,0,1,1,1,-1,-1,1]","[-2,-1,-1,0,0,1,1,2,-1,1,0,1,1,2,2,1,1,1,0,0,1,1,1,1,1,2,1,-1,1,1,1,1,1,-1,0,0]",t^8+32t^6+148t^4+55t^2+4,"[-2,-1,-1,0,0,1,1,2,0,2,1,2,1,2,2,1,0,0,1,1,1,0,0,2,2,2,1,0,0,1,0,2,1,-1,1,1]","[-2,-1,-1,0,0,1,1,2,1,1,1,1,1,2,2,-1,0,2,1,2,2,0,0,1,2,1,-1,0,0,1,0,0,2,-1,0,2]","[-2,-1,-1,0,0,1,1,2,-1,1,0,1,1,2,2,1,1,1,0,0,1,1,1,1,1,2,1,-1,1,1,1,1,1,-1,0,0]",c,"[[{8, 1}, {2, 7}, {3, 6}, {4, 5}], [{8, 1}, {2, 7}, {4, 6}, {3, 5}], [{8, 1}, {2, 7}, {4, 6}, {5}, {3}], [{8, 1}, {2, 7}, {5, 6}, {3, 4}], [{8, 1}, {3, 7}, {2, 6}, {4, 5}], [{8, 1}, {3, 7}, {4, 6}, {2, 5}], [{8, 1}, {3, 7}, {5, 6}, {2, 4}], [{8, 1}, {4, 7}, {2, 6}, {3, 5}], [{8, 1}, {4, 7}, {3, 6}, {2, 5}], [{8, 1}, {4, 7}, {3, 6}, {5}, {2}], [{8, 1}, {4, 7}, {5, 6}, {2, 3}], [{8, 1}, {4, 7}, {6}, {2, 5}, {3}], [{8, 1}, {5, 7}, {2, 6}, {3, 4}], [{8, 1}, {5, 7}, {3, 6}, {2, 4}], [{8, 1}, {5, 7}, {4, 6}, {2, 3}], [{8, 1}, {5, 7}, {4, 6}, {3}, {2}], [{8, 1}, {6, 7}, {2, 5}, {3, 4}], [{8, 1}, {6, 7}, {2, 5}, {4}, {3}], [{8, 1}, {6, 7}, {3, 5}, {2, 4}], [{8, 1}, {6, 7}, {3, 5}, {4}, {2}], [{8, 1}, {6, 7}, {4, 5}, {2, 3}], [{8, 1}, {6, 7}, {5}, {4}, {2, 3}], [{8, 1}, {7}, {2, 6}, {4, 5}, {3}], [{8, 1}, {7}, {4, 6}, {2, 5}, {3}], [{8, 2}, {1, 7}, {3, 6}, {4, 5}], [{8, 2}, {1, 7}, {4, 6}, {3, 5}], [{8, 2}, {1, 7}, {4, 6}, {5}, {3}], [{8, 2}, {1, 7}, {5, 6}, {3, 4}], [{8, 2}, {3, 7}, {1, 6}, {4, 5}], [{8, 2}, {3, 7}, {4, 6}, {1, 5}], [{8, 2}, {3, 7}, {5, 6}, {1, 4}], [{8, 2}, {3, 7}, {5, 6}, {4}, {1}], [{8, 2}, {4, 7}, {1, 6}, {3, 5}], [{8, 2}, {4, 7}, {1, 6}, {5}, {3}], [{8, 2}, {4, 7}, {3, 6}, {1, 5}], [{8, 2}, {4, 7}, {5, 6}, {1, 3}], [{8, 2}, {5, 7}, {1, 6}, {3, 4}], [{8, 2}, {5, 7}, {3, 6}, {1, 4}], [{8, 2}, {5, 7}, {3, 6}, {4}, {1}], [{8, 2}, {5, 7}, {4, 6}, {1, 3}], [{8, 2}, {6, 7}, {1, 5}, {3, 4}], [{8, 2}, {6, 7}, {1, 5}, {4}, {3}], [{8, 2}, {6, 7}, {3, 5}, {1, 4}], [{8, 2}, {6, 7}, {3, 5}, {4}, {1}], [{8, 2}, {6, 7}, {4, 5}, {1, 3}], [{8, 2}, {6, 7}, {4, 5}, {3}, {1}], [{8, 2}, {6, 7}, {5}, {1, 4}, {3}], [{8, 2}, {6, 7}, {5}, {3, 4}, {1}], [{8, 2}, {6, 7}, {5}, {4}, {1, 3}], [{8, 2}, {6, 7}, {5}, {4}, {3}, {1}], [{8, 2}, {7}, {6}, {1, 5}, {3, 4}], [{8, 2}, {7}, {6}, {4, 5}, {1, 3}], [{8, 3}, {1, 7}, {2, 6}, {4, 5}], [{8, 3}, {1, 7}, {4, 6}, {2, 5}], [{8, 3}, {1, 7}, {4, 6}, {5}, {2}], [{8, 3}, {1, 7}, {5, 6}, {2, 4}], [{8, 3}, {2, 7}, {1, 6}, {4, 5}], [{8, 3}, {2, 7}, {4, 6}, {1, 5}], [{8, 3}, {2, 7}, {4, 6}, {5}, {1}], [{8, 3}, {2, 7}, {5, 6}, {1, 4}], [{8, 3}, {2, 7}, {5, 6}, {4}, {1}], [{8, 3}, {2, 7}, {6}, {4, 5}, {1}], [{8, 3}, {4, 7}, {1, 6}, {2, 5}], [{8, 3}, {4, 7}, {1, 6}, {5}, {2}], [{8, 3}, {4, 7}, {2, 6}, {1, 5}], [{8, 3}, {4, 7}, {2, 6}, {5}, {1}], [{8, 3}, {4, 7}, {5, 6}, {1, 2}], [{8, 3}, {4, 7}, {5, 6}, {2}, {1}], [{8, 3}, {4, 7}, {6}, {1, 5}, {2}], [{8, 3}, {4, 7}, {6}, {2, 5}, {1}], [{8, 3}, {4, 7}, {6}, {5}, {1, 2}], [{8, 3}, {4, 7}, {6}, {5}, {2}, {1}], [{8, 3}, {5, 7}, {1, 6}, {2, 4}], [{8, 3}, {5, 7}, {2, 6}, {1, 4}], [{8, 3}, {5, 7}, {2, 6}, {4}, {1}], [{8, 3}, {5, 7}, {4, 6}, {1, 2}], [{8, 3}, {5, 7}, {4, 6}, {2}, {1}], [{8, 3}, {5, 7}, {6}, {2, 4}, {1}], [{8, 3}, {6, 7}, {1, 5}, {2, 4}], [{8, 3}, {6, 7}, {1, 5}, {4}, {2}], [{8, 3}, {6, 7}, {2, 5}, {1, 4}], [{8, 3}, {6, 7}, {2, 5}, {4}, {1}], [{8, 3}, {6, 7}, {4, 5}, {1, 2}], [{8, 3}, {6, 7}, {4, 5}, {2}, {1}], [{8, 3}, {6, 7}, {5}, {1, 4}, {2}], [{8, 3}, {6, 7}, {5}, {2, 4}, {1}], [{8, 3}, {6, 7}, {5}, {4}, {1, 2}], [{8, 3}, {6, 7}, {5}, {4}, {2}, {1}], [{8, 3}, {7}, {2, 6}, {4, 5}, {1}], [{8, 3}, {7}, {4, 6}, {1, 5}, {2}], [{8, 3}, {7}, {4, 6}, {2, 5}, {1}], [{8, 3}, {7}, {4, 6}, {5}, {1, 2}], [{8, 3}, {7}, {4, 6}, {5}, {2}, {1}], [{8, 3}, {7}, {5, 6}, {2, 4}, {1}], [{8, 4}, {1, 7}, {2, 6}, {3, 5}], [{8, 4}, {1, 7}, {2, 6}, {5}, {3}], [{8, 4}, {1, 7}, {3, 6}, {2, 5}], [{8, 4}, {1, 7}, {3, 6}, {5}, {2}], [{8, 4}, {1, 7}, {5, 6}, {2, 3}], [{8, 4}, {1, 7}, {6}, {5}, {2, 3}], [{8, 4}, {2, 7}, {1, 6}, {3, 5}], [{8, 4}, {2, 7}, {3, 6}, {1, 5}], [{8, 4}, {2, 7}, {5, 6}, {1, 3}], [{8, 4}, {3, 7}, {1, 6}, {2, 5}], [{8, 4}, {3, 7}, {2, 6}, {1, 5}], [{8, 4}, {3, 7}, {2, 6}, {5}, {1}], [{8, 4}, {3, 7}, {5, 6}, {1, 2}], [{8, 4}, {5, 7}, {1, 6}, {2, 3}], [{8, 4}, {5, 7}, {2, 6}, {1, 3}], [{8, 4}, {5, 7}, {3, 6}, {1, 2}], [{8, 4}, {5, 7}, {6}, {1, 3}, {2}], [{8, 4}, {6, 7}, {1, 5}, {2, 3}], [{8, 4}, {6, 7}, {2, 5}, {1, 3}], [{8, 4}, {6, 7}, {3, 5}, {1, 2}], [{8, 4}, {6, 7}, {5}, {2, 3}, {1}], [{8, 4}, {7}, {1, 6}, {5}, {2, 3}], [{8, 4}, {7}, {2, 6}, {5}, {1, 3}], [{8, 5}, {1, 7}, {2, 6}, {3, 4}], [{8, 5}, {1, 7}, {2, 6}, {4}, {3}], [{8, 5}, {1, 7}, {3, 6}, {2, 4}], [{8, 5}, {1, 7}, {3, 6}, {4}, {2}], [{8, 5}, {1, 7}, {4, 6}, {2, 3}], [{8, 5}, {1, 7}, {6}, {4}, {2, 3}], [{8, 5}, {2, 7}, {1, 6}, {3, 4}], [{8, 5}, {2, 7}, {1, 6}, {4}, {3}], [{8, 5}, {2, 7}, {3, 6}, {1, 4}], [{8, 5}, {2, 7}, {3, 6}, {4}, {1}], [{8, 5}, {2, 7}, {4, 6}, {1, 3}], [{8, 5}, {2, 7}, {6}, {4}, {1, 3}], [{8, 5}, {3, 7}, {1, 6}, {2, 4}], [{8, 5}, {3, 7}, {1, 6}, {4}, {2}], [{8, 5}, {3, 7}, {2, 6}, {1, 4}], [{8, 5}, {3, 7}, {2, 6}, {4}, {1}], [{8, 5}, {3, 7}, {4, 6}, {1, 2}], [{8, 5}, {3, 7}, {6}, {4}, {1, 2}], [{8, 5}, {4, 7}, {1, 6}, {2, 3}], [{8, 5}, {4, 7}, {1, 6}, {3}, {2}], [{8, 5}, {4, 7}, {2, 6}, {1, 3}], [{8, 5}, {4, 7}, {3, 6}, {1, 2}], [{8, 5}, {6, 7}, {1, 4}, {2, 3}], [{8, 5}, {6, 7}, {2, 4}, {1, 3}], [{8, 5}, {6, 7}, {3, 4}, {1, 2}], [{8, 5}, {6, 7}, {4}, {1, 3}, {2}], [{8, 5}, {6, 7}, {4}, {2, 3}, {1}], [{8, 5}, {6, 7}, {4}, {3}, {1, 2}], [{8, 5}, {7}, {1, 6}, {2, 4}, {3}], [{8, 5}, {7}, {1, 6}, {3, 4}, {2}], [{8, 5}, {7}, {1, 6}, {4}, {2, 3}], [{8, 5}, {7}, {2, 6}, {4}, {1, 3}], [{8, 5}, {7}, {3, 6}, {4}, {1, 2}], [{8, 6}, {1, 7}, {2, 5}, {3, 4}], [{8, 6}, {1, 7}, {3, 5}, {2, 4}], [{8, 6}, {1, 7}, {4, 5}, {2, 3}], [{8, 6}, {1, 7}, {5}, {4}, {2, 3}], [{8, 6}, {2, 7}, {1, 5}, {3, 4}], [{8, 6}, {2, 7}, {3, 5}, {1, 4}], [{8, 6}, {2, 7}, {4, 5}, {1, 3}], [{8, 6}, {3, 7}, {1, 5}, {2, 4}], [{8, 6}, {3, 7}, {2, 5}, {1, 4}], [{8, 6}, {3, 7}, {4, 5}, {1, 2}], [{8, 6}, {3, 7}, {5}, {1, 4}, {2}], [{8, 6}, {4, 7}, {1, 5}, {2, 3}], [{8, 6}, {4, 7}, {2, 5}, {1, 3}], [{8, 6}, {4, 7}, {2, 5}, {3}, {1}], [{8, 6}, {4, 7}, {3, 5}, {1, 2}], [{8, 6}, {4, 7}, {5}, {1, 3}, {2}], [{8, 6}, {5, 7}, {1, 4}, {2, 3}], [{8, 6}, {5, 7}, {2, 4}, {1, 3}], [{8, 6}, {5, 7}, {3, 4}, {1, 2}], [{8, 6}, {5, 7}, {4}, {1, 3}, {2}], [{8, 6}, {7}, {1, 5}, {3, 4}, {2}], [{8, 6}, {7}, {4, 5}, {1, 3}, {2}], [{8, 7}, {1, 6}, {2, 5}, {3, 4}], [{8, 7}, {1, 6}, {3, 5}, {2, 4}], [{8, 7}, {1, 6}, {4, 5}, {2, 3}], [{8, 7}, {1, 6}, {5}, {4}, {2, 3}], [{8, 7}, {2, 6}, {1, 5}, {3, 4}], [{8, 7}, {2, 6}, {3, 5}, {1, 4}], [{8, 7}, {2, 6}, {4, 5}, {1, 3}], [{8, 7}, {2, 6}, {4, 5}, {3}, {1}], [{8, 7}, {3, 6}, {1, 5}, {2, 4}], [{8, 7}, {3, 6}, {2, 5}, {1, 4}], [{8, 7}, {3, 6}, {4, 5}, {1, 2}], [{8, 7}, {4, 6}, {1, 5}, {2, 3}], [{8, 7}, {4, 6}, {1, 5}, {3}, {2}], [{8, 7}, {4, 6}, {2, 5}, {1, 3}], [{8, 7}, {4, 6}, {3, 5}, {1, 2}], [{8, 7}, {5, 6}, {1, 4}, {2, 3}], [{8, 7}, {5, 6}, {2, 4}, {1, 3}], [{8, 7}, {5, 6}, {3, 4}, {1, 2}], [{8, 7}, {5, 6}, {4}, {1, 3}, {2}], [{8, 7}, {6}, {5}, {2, 4}, {1, 3}], [{8}, {1, 7}, {2, 6}, {4, 5}, {3}], [{8}, {1, 7}, {3, 6}, {4, 5}, {2}], [{8}, {1, 7}, {4, 6}, {5}, {2, 3}], [{8}, {1, 7}, {5, 6}, {2, 4}, {3}], [{8}, {1, 7}, {5, 6}, {3, 4}, {2}], [{8}, {1, 7}, {5, 6}, {4}, {2, 3}], [{8}, {1, 7}, {6}, {4, 5}, {2, 3}], [{8}, {1, 7}, {6}, {5}, {4}, {2, 3}], [{8}, {2, 7}, {1, 6}, {5}, {3, 4}], [{8}, {2, 7}, {3, 6}, {5}, {1, 4}], [{8}, {2, 7}, {4, 6}, {5}, {1, 3}], [{8}, {2, 7}, {5, 6}, {1, 4}, {3}], [{8}, {2, 7}, {6}, {3, 5}, {1, 4}], [{8}, {3, 7}, {1, 6}, {5}, {2, 4}], [{8}, {3, 7}, {2, 6}, {4, 5}, {1}], [{8}, {3, 7}, {4, 6}, {1, 5}, {2}], [{8}, {4, 7}, {1, 6}, {2, 5}, {3}], [{8}, {4, 7}, {1, 6}, {3, 5}, {2}], [{8}, {4, 7}, {1, 6}, {5}, {2, 3}], [{8}, {4, 7}, {1, 6}, {5}, {3}, {2}], [{8}, {4, 7}, {3, 6}, {2, 5}, {1}], [{8}, {4, 7}, {6}, {2, 5}, {1, 3}], [{8}, {5, 7}, {1, 6}, {4}, {2, 3}], [{8}, {5, 7}, {2, 6}, {1, 4}, {3}], [{8}, {5, 7}, {4, 6}, {1, 3}, {2}], [{8}, {6, 7}, {1, 5}, {4}, {2, 3}], [{8}, {6, 7}, {2, 5}, {4}, {1, 3}], [{8}, {6, 7}, {3, 5}, {4}, {1, 2}], [{8}, {6, 7}, {4, 5}, {2, 3}, {1}], [{8}, {6, 7}, {5}, {1, 4}, {2, 3}], [{8}, {6, 7}, {5}, {4}, {2, 3}, {1}], [{8}, {7}, {1, 6}, {4, 5}, {2, 3}], [{8}, {7}, {1, 6}, {5}, {4}, {2, 3}], [{8}, {7}, {2, 6}, {1, 5}, {3, 4}], [{8}, {7}, {2, 6}, {4, 5}, {1, 3}], [{8}, {7}, {4, 6}, {2, 5}, {1, 3}]]",2,16 K_1^3 - 20 K_1^2 - 16 K_1 K_2 - 4 K_1 + 10 K_2 + 4 K_3 + 11,O1O2O3U4O5U1U5U6O7O6U8O4U2U3O8U7,O1O2O3U2O4U5U6U3O7U8O5O6U4O8U1U7,O1O2O3U4U3O5U6O7O8U5O4U1U7U8O6U2,c,{'O1O2O3U4O5U1U2O6U5O7O4U7U8U3O8U6'},1,"<a href=""/flatknot/8.1101815"">8.1101815</a>",t^9-32t^7-90t^6-26t^5+170t^4+181t^3-10t^2-90t-36,0,,
8.1101816,O1O2O3U4O5U1U2O6U5O7O4U7U8U6O8U3,4,6z^3+48z^2+115z+87,6w^4z^3+48w^3z^2+115w^2z+87w,False,False,"[[ 0 -2  0  2  0  1  1 -1 -1],[ 2  0  1  2  0  2  0 -1  2],[ 0 -1  0  1 -1  1  0 -1  0],[-2 -2 -1  0  0 -1  1 -1 -3],[ 0  0  1  0  0  1 -1 -1  0],[-1 -2 -1  1 -1  0  1  0 -2],[-1  0  0 -1  1 -1  0  0 -1],[ 1  1  1  1  1  0  0  0  1],[ 1 -2  0  3  0  2  1 -1  0]]","[[ 0  2  1  1  0  0 -1 -1 -2],[-2  0  1 -1  0 -1 -1 -3 -2],[-1 -1  0 -1  1  0  0 -1  0],[-1  1  1  0 -1 -1  0 -2 -2],[ 0  0 -1  1  0  1 -1  0  0],[ 0  1  0  1 -1  0 -1  0 -1],[ 1  1  0  0  1  1  0  1  1],[ 1  3  1  2  0  0 -1  0 -2],[ 2  2  0  2  0  1 -1  2  0]]",True,"[-2,-1,-1,0,0,1,1,2,-1,1,0,1,1,3,2,1,-1,0,0,1,0,1,1,0,2,2,-1,1,0,0,1,0,1,-1,-1,2]","[-2,-1,-1,0,0,1,1,2,-1,1,0,1,1,3,2,1,-1,0,0,1,0,1,1,0,2,2,-1,1,0,0,1,0,1,-1,-1,2]",t^8+40t^6+164t^4+70t^2+1,"[-2,-1,-1,0,0,1,1,2,-1,2,1,2,1,3,2,1,1,1,0,1,0,0,0,2,2,2,1,0,1,1,0,2,2,-1,0,2]","[-2,-1,-1,0,0,1,1,2,0,2,1,2,0,2,2,1,0,0,0,2,1,1,2,1,2,3,-1,1,0,1,1,0,2,-1,-1,2]","[-2,-1,-1,0,0,1,1,2,-1,2,0,1,0,2,2,1,1,1,0,0,1,0,0,1,2,3,1,-1,1,0,0,1,1,-1,-1,1]",c,"[[{8, 2}, {3, 7}, {4, 6}, {1, 5}], [{8, 2}, {3, 7}, {6}, {1, 5}, {4}]]",1,4 K_1^3 - 8 K_1^2 - 4 K_1 K_2 - K_1 + 4 K_2 + K_3 + 5,O1O2O3U1O4U5U4U6O7O6U8O5U2U3O8U7,O1O2O3U2O4U5U6U4O7U8O5O6U3O8U1U7,O1O2O3U4U3O5U1O6O7U5O4U8U6U7O8U2,c,{'O1O2O3U4O5U1U2O6U5O7O4U7U8U6O8U3'},1,"<a href=""/flatknot/8.1101816"">8.1101816</a>",t^9-40t^7-110t^6+46t^5+332t^4+71t^3-202t^2-26t-6,0,,
8.1101817,O1O2O3U4O5U1U2O6U5O7O4U8U3U7O8U6,4,4z^3+26z^2+67z+63,4w^4z^3+26w^3z^2+67w^2z+63w,False,False,"[[ 0 -2  0  1  0  1  1  1 -2],[ 2  0  1  2  0  2  1  0  1],[ 0 -1  0  1 -1  1  1  0 -1],[-1 -2 -1  0 -1  0  1  0 -2],[ 0  0  1  1  0  1 -1  1 -1],[-1 -2 -1  0 -1  0  1  0 -1],[-1 -1 -1 -1  1 -1  0  1 -2],[-1  0  0  0 -1  0 -1  0 -1],[ 2 -1  1  2  1  1  2  1  0]]","[[ 0  1  1  1  1  0  0 -2 -2],[-1  0  1  0  0 -1 -1 -1 -2],[-1 -1  0  1 -1  1 -1 -2 -1],[-1  0 -1  0  0 -1  0 -1  0],[-1  0  1  0  0 -1 -1 -2 -2],[ 0  1 -1  1  1  0  1 -1  0],[ 0  1  1  0  1 -1  0 -1 -1],[ 2  1  2  1  2  1  1  0 -1],[ 2  2  1  0  2  0  1  1  0]]",True,"[-1,-1,-1,-1,0,0,2,2,-1,0,0,1,1,1,2,-1,1,-1,1,2,1,0,1,0,1,0,1,1,2,2,-1,1,0,1,1,1]","[-2,-2,0,0,1,1,1,1,-1,1,1,1,1,2,2,0,1,0,2,1,2,1,1,1,-1,1,0,1,1,1,0,-1,0,1,0,-1]",t^8+34t^6+201t^4+62t^2+1,"[-2,-2,0,0,1,1,1,1,-1,1,2,1,1,2,3,1,1,1,2,1,2,1,0,0,0,1,0,0,2,0,0,-1,0,-1,0,-1]","[-1,-1,-1,-1,0,0,2,2,-1,-1,1,0,2,1,2,0,0,0,0,1,1,0,0,0,2,1,1,0,2,3,-1,1,1,1,2,-1]","[-2,-2,0,0,1,1,1,1,-1,1,1,1,1,2,2,0,1,0,2,1,2,1,1,1,-1,1,0,1,1,1,0,-1,0,1,0,-1]",c,"[[{8, 5}, {2, 7}, {1, 6}, {3, 4}], [{8, 5}, {7}, {1, 6}, {3, 4}, {2}], [{8, 6}, {2, 7}, {1, 5}, {3, 4}], [{8, 6}, {7}, {1, 5}, {3, 4}, {2}]]",1,4 K_1^3 - 12 K_1^2 - 4 K_1 K_2 - K_1 + 6 K_2 + K_3 + 7,O1O2O3U4O5U6U1U5O7O6U8O4U2U3O8U7,O1O2O3U1O4U5U6U2O7U8O5O6U4O8U3U7,O1O2O3U4U1O5U6O7O8U5O4U2U7U8O6U3,c,"{'O1O2O3U4O5U1U2O6U5O7O4U8U3U7O8U6', 'O1O2U3O4O5U1U2O6U5O3O7U8U7U4O8U6'}",2,"<a href=""/flatknot/8.1101817"">8.1101817</a>",t^9-38t^7-94t^6+43t^5+272t^4+129t^3-126t^2-82t,2t^2-4t,,
8.1101818,O1O2O3U4O5U1U2O6U5O7O4U8U6U3O8U7,3,8z^2+43z+55,4w^5z^2-18w^4z^2+22w^3z^2-16w^3z+59w^2z+55w,False,False,"[[ 0 -2  0  2  0  1  0  1 -2],[ 2  0  1  2  0  2  0  0  1],[ 0 -1  0  1 -1  1  0  0 -1],[-2 -2 -1  0 -1 -1  0  0 -3],[ 0  0  1  1  0  1 -1  0 -1],[-1 -2 -1  1 -1  0  1  1 -2],[ 0  0  0  0  1 -1  0  0  0],[-1  0  0  0  0 -1  0  0 -1],[ 2 -1  1  3  1  2  0  1  0]]","[[ 0  2  1  1  0  0  0 -2 -2],[-2  0  0 -1  0 -1 -1 -2 -3],[-1  0  0 -1  0  0  0  0 -1],[-1  1  1  0  1 -1 -1 -2 -2],[ 0  0  0 -1  0  1  0  0  0],[ 0  1  0  1 -1  0  1  0 -1],[ 0  1  0  1  0 -1  0 -1 -1],[ 2  2  0  2  0  0  1  0  1],[ 2  3  1  2  0  1  1 -1  0]]",True,"[-2,-1,-1,0,0,0,2,2,0,1,0,1,1,2,3,1,0,0,0,0,1,-1,1,1,2,2,-1,0,0,0,-1,0,1,1,1,-1]","[-2,-2,0,0,0,1,1,2,-1,0,1,1,1,2,3,0,0,1,0,2,2,1,0,0,-1,0,1,0,1,1,0,1,1,-1,0,1]",t^8+35t^6+132t^4+45t^2,"[-2,-2,0,0,0,1,1,2,-1,1,2,2,1,3,2,1,1,2,1,2,1,1,0,0,1,1,1,0,1,1,2,1,2,-1,0,1]","[-2,-1,-1,0,0,0,2,2,0,1,1,1,2,1,2,1,0,0,2,1,1,1,1,1,2,3,-1,0,1,1,-1,1,2,2,2,-1]","[-2,-2,0,0,0,1,1,2,-1,0,1,1,1,2,3,0,0,1,0,2,2,1,0,0,-1,0,1,0,1,1,0,1,1,-1,0,1]",c,"[[{8, 1}, {2, 7}, {3, 6}, {4, 5}], [{8, 1}, {2, 7}, {4, 6}, {3, 5}], [{8, 1}, {2, 7}, {5, 6}, {3, 4}], [{8, 1}, {2, 7}, {6}, {4, 5}, {3}], [{8, 1}, {3, 7}, {2, 6}, {4, 5}], [{8, 1}, {3, 7}, {4, 6}, {2, 5}], [{8, 1}, {3, 7}, {5, 6}, {2, 4}], [{8, 1}, {3, 7}, {6}, {4, 5}, {2}], [{8, 1}, {4, 7}, {2, 6}, {3, 5}], [{8, 1}, {4, 7}, {3, 6}, {2, 5}], [{8, 1}, {4, 7}, {5, 6}, {2, 3}], [{8, 1}, {5, 7}, {2, 6}, {3, 4}], [{8, 1}, {5, 7}, {3, 6}, {2, 4}], [{8, 1}, {5, 7}, {4, 6}, {2, 3}], [{8, 1}, {6, 7}, {2, 5}, {3, 4}], [{8, 1}, {6, 7}, {3, 5}, {2, 4}], [{8, 1}, {6, 7}, {4, 5}, {2, 3}], [{8, 1}, {6, 7}, {4, 5}, {3}, {2}], [{8, 1}, {7}, {2, 6}, {4, 5}, {3}], [{8, 1}, {7}, {3, 6}, {4, 5}, {2}], [{8, 1}, {7}, {4, 6}, {5}, {2, 3}], [{8, 1}, {7}, {5, 6}, {4}, {2, 3}], [{8, 1}, {7}, {6}, {4, 5}, {2, 3}], [{8, 1}, {7}, {6}, {4, 5}, {3}, {2}], [{8, 2}, {1, 7}, {3, 6}, {4, 5}], [{8, 2}, {1, 7}, {4, 6}, {3, 5}], [{8, 2}, {1, 7}, {4, 6}, {5}, {3}], [{8, 2}, {1, 7}, {5, 6}, {3, 4}], [{8, 2}, {1, 7}, {5, 6}, {4}, {3}], [{8, 2}, {1, 7}, {6}, {4, 5}, {3}], [{8, 2}, {3, 7}, {1, 6}, {4, 5}], [{8, 2}, {3, 7}, {4, 6}, {1, 5}], [{8, 2}, {3, 7}, {4, 6}, {5}, {1}], [{8, 2}, {3, 7}, {5, 6}, {1, 4}], [{8, 2}, {3, 7}, {5, 6}, {4}, {1}], [{8, 2}, {3, 7}, {6}, {4, 5}, {1}], [{8, 2}, {4, 7}, {1, 6}, {3, 5}], [{8, 2}, {4, 7}, {3, 6}, {1, 5}], [{8, 2}, {4, 7}, {3, 6}, {5}, {1}], [{8, 2}, {4, 7}, {5, 6}, {1, 3}], [{8, 2}, {4, 7}, {5, 6}, {3}, {1}], [{8, 2}, {4, 7}, {6}, {3, 5}, {1}], [{8, 2}, {5, 7}, {1, 6}, {3, 4}], [{8, 2}, {5, 7}, {3, 6}, {1, 4}], [{8, 2}, {5, 7}, {3, 6}, {4}, {1}], [{8, 2}, {5, 7}, {4, 6}, {1, 3}], [{8, 2}, {5, 7}, {4, 6}, {3}, {1}], [{8, 2}, {5, 7}, {6}, {3, 4}, {1}], [{8, 2}, {6, 7}, {1, 5}, {3, 4}], [{8, 2}, {6, 7}, {3, 5}, {1, 4}], [{8, 2}, {6, 7}, {3, 5}, {4}, {1}], [{8, 2}, {6, 7}, {4, 5}, {1, 3}], [{8, 2}, {6, 7}, {4, 5}, {3}, {1}], [{8, 2}, {6, 7}, {5}, {3, 4}, {1}], [{8, 2}, {7}, {1, 6}, {4, 5}, {3}], [{8, 2}, {7}, {3, 6}, {4, 5}, {1}], [{8, 2}, {7}, {4, 6}, {1, 5}, {3}], [{8, 2}, {7}, {4, 6}, {3, 5}, {1}], [{8, 2}, {7}, {4, 6}, {5}, {1, 3}], [{8, 2}, {7}, {4, 6}, {5}, {3}, {1}], [{8, 2}, {7}, {5, 6}, {1, 4}, {3}], [{8, 2}, {7}, {5, 6}, {3, 4}, {1}], [{8, 2}, {7}, {5, 6}, {4}, {1, 3}], [{8, 2}, {7}, {5, 6}, {4}, {3}, {1}], [{8, 2}, {7}, {6}, {4, 5}, {1, 3}], [{8, 2}, {7}, {6}, {4, 5}, {3}, {1}], [{8, 3}, {1, 7}, {2, 6}, {4, 5}], [{8, 3}, {1, 7}, {2, 6}, {5}, {4}], [{8, 3}, {1, 7}, {4, 6}, {2, 5}], [{8, 3}, {1, 7}, {5, 6}, {2, 4}], [{8, 3}, {1, 7}, {6}, {4, 5}, {2}], [{8, 3}, {2, 7}, {1, 6}, {4, 5}], [{8, 3}, {2, 7}, {1, 6}, {5}, {4}], [{8, 3}, {2, 7}, {4, 6}, {1, 5}], [{8, 3}, {2, 7}, {5, 6}, {1, 4}], [{8, 3}, {2, 7}, {6}, {4, 5}, {1}], [{8, 3}, {4, 7}, {1, 6}, {2, 5}], [{8, 3}, {4, 7}, {2, 6}, {1, 5}], [{8, 3}, {4, 7}, {2, 6}, {5}, {1}], [{8, 3}, {4, 7}, {5, 6}, {1, 2}], [{8, 3}, {4, 7}, {6}, {1, 5}, {2}], [{8, 3}, {5, 7}, {1, 6}, {2, 4}], [{8, 3}, {5, 7}, {2, 6}, {1, 4}], [{8, 3}, {5, 7}, {2, 6}, {4}, {1}], [{8, 3}, {5, 7}, {4, 6}, {1, 2}], [{8, 3}, {5, 7}, {6}, {1, 4}, {2}], [{8, 3}, {6, 7}, {1, 5}, {2, 4}], [{8, 3}, {6, 7}, {2, 5}, {1, 4}], [{8, 3}, {6, 7}, {4, 5}, {1, 2}], [{8, 3}, {6, 7}, {4, 5}, {2}, {1}], [{8, 3}, {7}, {1, 6}, {4, 5}, {2}], [{8, 3}, {7}, {2, 6}, {1, 5}, {4}], [{8, 3}, {7}, {2, 6}, {4, 5}, {1}], [{8, 3}, {7}, {2, 6}, {5}, {1, 4}], [{8, 3}, {7}, {4, 6}, {5}, {1, 2}], [{8, 3}, {7}, {5, 6}, {4}, {1, 2}], [{8, 3}, {7}, {6}, {4, 5}, {1, 2}], [{8, 3}, {7}, {6}, {4, 5}, {2}, {1}], [{8, 4}, {1, 7}, {2, 6}, {3, 5}], [{8, 4}, {1, 7}, {2, 6}, {5}, {3}], [{8, 4}, {1, 7}, {3, 6}, {2, 5}], [{8, 4}, {1, 7}, {5, 6}, {2, 3}], [{8, 4}, {1, 7}, {5, 6}, {3}, {2}], [{8, 4}, {1, 7}, {6}, {2, 5}, {3}], [{8, 4}, {2, 7}, {1, 6}, {3, 5}], [{8, 4}, {2, 7}, {1, 6}, {5}, {3}], [{8, 4}, {2, 7}, {3, 6}, {1, 5}], [{8, 4}, {2, 7}, {5, 6}, {1, 3}], [{8, 4}, {2, 7}, {6}, {3, 5}, {1}], [{8, 4}, {3, 7}, {1, 6}, {2, 5}], [{8, 4}, {3, 7}, {2, 6}, {1, 5}], [{8, 4}, {3, 7}, {5, 6}, {1, 2}], [{8, 4}, {5, 7}, {1, 6}, {2, 3}], [{8, 4}, {5, 7}, {2, 6}, {1, 3}], [{8, 4}, {5, 7}, {3, 6}, {1, 2}], [{8, 4}, {5, 7}, {6}, {1, 3}, {2}], [{8, 4}, {6, 7}, {1, 5}, {2, 3}], [{8, 4}, {6, 7}, {1, 5}, {3}, {2}], [{8, 4}, {6, 7}, {2, 5}, {1, 3}], [{8, 4}, {6, 7}, {3, 5}, {1, 2}], [{8, 4}, {7}, {1, 6}, {3, 5}, {2}], [{8, 5}, {1, 7}, {2, 6}, {3, 4}], [{8, 5}, {1, 7}, {2, 6}, {4}, {3}], [{8, 5}, {1, 7}, {3, 6}, {2, 4}], [{8, 5}, {1, 7}, {4, 6}, {2, 3}], [{8, 5}, {1, 7}, {4, 6}, {3}, {2}], [{8, 5}, {1, 7}, {6}, {2, 4}, {3}], [{8, 5}, {2, 7}, {1, 6}, {3, 4}], [{8, 5}, {2, 7}, {1, 6}, {4}, {3}], [{8, 5}, {2, 7}, {3, 6}, {1, 4}], [{8, 5}, {2, 7}, {4, 6}, {1, 3}], [{8, 5}, {2, 7}, {6}, {3, 4}, {1}], [{8, 5}, {3, 7}, {1, 6}, {2, 4}], [{8, 5}, {3, 7}, {2, 6}, {1, 4}], [{8, 5}, {3, 7}, {4, 6}, {1, 2}], [{8, 5}, {4, 7}, {1, 6}, {2, 3}], [{8, 5}, {4, 7}, {2, 6}, {1, 3}], [{8, 5}, {4, 7}, {3, 6}, {1, 2}], [{8, 5}, {4, 7}, {6}, {1, 3}, {2}], [{8, 5}, {6, 7}, {1, 4}, {2, 3}], [{8, 5}, {6, 7}, {1, 4}, {3}, {2}], [{8, 5}, {6, 7}, {2, 4}, {1, 3}], [{8, 5}, {6, 7}, {3, 4}, {1, 2}], [{8, 5}, {7}, {1, 6}, {3, 4}, {2}], [{8, 6}, {1, 7}, {2, 5}, {3, 4}], [{8, 6}, {1, 7}, {2, 5}, {4}, {3}], [{8, 6}, {1, 7}, {3, 5}, {2, 4}], [{8, 6}, {1, 7}, {4, 5}, {2, 3}], [{8, 6}, {1, 7}, {4, 5}, {3}, {2}], [{8, 6}, {1, 7}, {5}, {2, 4}, {3}], [{8, 6}, {2, 7}, {1, 5}, {3, 4}], [{8, 6}, {2, 7}, {3, 5}, {1, 4}], [{8, 6}, {2, 7}, {4, 5}, {1, 3}], [{8, 6}, {2, 7}, {4, 5}, {3}, {1}], [{8, 6}, {3, 7}, {1, 5}, {2, 4}], [{8, 6}, {3, 7}, {2, 5}, {1, 4}], [{8, 6}, {3, 7}, {4, 5}, {1, 2}], [{8, 6}, {3, 7}, {4, 5}, {2}, {1}], [{8, 6}, {4, 7}, {1, 5}, {2, 3}], [{8, 6}, {4, 7}, {2, 5}, {1, 3}], [{8, 6}, {4, 7}, {3, 5}, {1, 2}], [{8, 6}, {5, 7}, {1, 4}, {2, 3}], [{8, 6}, {5, 7}, {2, 4}, {1, 3}], [{8, 6}, {5, 7}, {3, 4}, {1, 2}], [{8, 6}, {7}, {1, 5}, {3, 4}, {2}], [{8, 6}, {7}, {3, 5}, {1, 4}, {2}], [{8, 6}, {7}, {4, 5}, {1, 3}, {2}], [{8, 6}, {7}, {4, 5}, {2, 3}, {1}], [{8, 6}, {7}, {4, 5}, {3}, {1, 2}], [{8, 6}, {7}, {4, 5}, {3}, {2}, {1}], [{8, 7}, {1, 6}, {2, 5}, {3, 4}], [{8, 7}, {1, 6}, {3, 5}, {2, 4}], [{8, 7}, {1, 6}, {4, 5}, {2, 3}], [{8, 7}, {1, 6}, {4, 5}, {3}, {2}], [{8, 7}, {2, 6}, {1, 5}, {3, 4}], [{8, 7}, {2, 6}, {3, 5}, {1, 4}], [{8, 7}, {2, 6}, {4, 5}, {1, 3}], [{8, 7}, {2, 6}, {4, 5}, {3}, {1}], [{8, 7}, {3, 6}, {1, 5}, {2, 4}], [{8, 7}, {3, 6}, {2, 5}, {1, 4}], [{8, 7}, {3, 6}, {4, 5}, {1, 2}], [{8, 7}, {3, 6}, {4, 5}, {2}, {1}], [{8, 7}, {4, 6}, {1, 5}, {2, 3}], [{8, 7}, {4, 6}, {1, 5}, {3}, {2}], [{8, 7}, {4, 6}, {2, 5}, {1, 3}], [{8, 7}, {4, 6}, {3, 5}, {1, 2}], [{8, 7}, {5, 6}, {1, 4}, {2, 3}], [{8, 7}, {5, 6}, {1, 4}, {3}, {2}], [{8, 7}, {5, 6}, {2, 4}, {1, 3}], [{8, 7}, {5, 6}, {3, 4}, {1, 2}], [{8, 7}, {6}, {4, 5}, {1, 3}, {2}], [{8, 7}, {6}, {4, 5}, {2, 3}, {1}], [{8, 7}, {6}, {4, 5}, {3}, {1, 2}], [{8, 7}, {6}, {4, 5}, {3}, {2}, {1}], [{8}, {1, 7}, {2, 6}, {3, 5}, {4}], [{8}, {1, 7}, {2, 6}, {4, 5}, {3}], [{8}, {1, 7}, {2, 6}, {5}, {3, 4}], [{8}, {1, 7}, {2, 6}, {5}, {4}, {3}], [{8}, {1, 7}, {3, 6}, {4, 5}, {2}], [{8}, {1, 7}, {4, 6}, {2, 5}, {3}], [{8}, {1, 7}, {5, 6}, {2, 4}, {3}], [{8}, {1, 7}, {6}, {4, 5}, {2, 3}], [{8}, {1, 7}, {6}, {4, 5}, {3}, {2}], [{8}, {2, 7}, {1, 6}, {3, 5}, {4}], [{8}, {2, 7}, {1, 6}, {4, 5}, {3}], [{8}, {2, 7}, {1, 6}, {5}, {3, 4}], [{8}, {2, 7}, {1, 6}, {5}, {4}, {3}], [{8}, {2, 7}, {3, 6}, {4, 5}, {1}], [{8}, {2, 7}, {4, 6}, {1, 5}, {3}], [{8}, {2, 7}, {5, 6}, {1, 4}, {3}], [{8}, {2, 7}, {6}, {4, 5}, {1, 3}], [{8}, {2, 7}, {6}, {4, 5}, {3}, {1}], [{8}, {3, 7}, {1, 6}, {4, 5}, {2}], [{8}, {3, 7}, {2, 6}, {4, 5}, {1}], [{8}, {3, 7}, {6}, {4, 5}, {1, 2}], [{8}, {3, 7}, {6}, {4, 5}, {2}, {1}], [{8}, {4, 7}, {1, 6}, {2, 5}, {3}], [{8}, {4, 7}, {2, 6}, {1, 5}, {3}], [{8}, {5, 7}, {1, 6}, {2, 4}, {3}], [{8}, {5, 7}, {2, 6}, {1, 4}, {3}], [{8}, {6, 7}, {4, 5}, {1, 3}, {2}], [{8}, {6, 7}, {4, 5}, {2, 3}, {1}], [{8}, {6, 7}, {4, 5}, {3}, {1, 2}], [{8}, {6, 7}, {4, 5}, {3}, {2}, {1}], [{8}, {7}, {1, 6}, {4, 5}, {2, 3}], [{8}, {7}, {1, 6}, {4, 5}, {3}, {2}], [{8}, {7}, {2, 6}, {4, 5}, {1, 3}], [{8}, {7}, {2, 6}, {4, 5}, {3}, {1}], [{8}, {7}, {3, 6}, {4, 5}, {1, 2}], [{8}, {7}, {3, 6}, {4, 5}, {2}, {1}], [{8}, {7}, {6}, {4, 5}, {1, 3}, {2}], [{8}, {7}, {6}, {4, 5}, {2, 3}, {1}], [{8}, {7}, {6}, {4, 5}, {3}, {1, 2}], [{8}, {7}, {6}, {4, 5}, {3}, {2}, {1}]]",2,4 K_1^3 - 6 K_1^2 - 4 K_1 K_2 - K_1 + 3 K_2 + K_3 + 4,O1O2O3U4O5U1U6U5O7O4U8O6U2U3O8U7,O1O2O3U1O4U5U6U3O7U8O5O6U2O8U4U7,O1O2O3U4U5O6U2O7O8U6O4U1U7U8O5U3,c,{'O1O2O3U4O5U1U2O6U5O7O4U8U6U3O8U7'},1,"<a href=""/flatknot/8.1101818"">8.1101818</a>",t^9-37t^7-88t^6+25t^5+172t^4+60t^3-16t^2+12t+8,t^2-2t,,
8.1101819,O1O2O3U4O5U1U2O6U5O7O4U8U7U3O8U6,4,8z^3+50z^2+111z+87,8w^4z^3+50w^3z^2+111w^2z+87w,False,False,"[[ 0 -2  0  2  0  1  1  0 -2],[ 2  0  1  2  0  2  1 -1  1],[ 0 -1  0  1 -1  1  1 -1 -1],[-2 -2 -1  0 -1  0  0 -1 -3],[ 0  0  1  1  0  1 -1  0 -1],[-1 -2 -1  0 -1  0  1  0 -1],[-1 -1 -1  0  1 -1  0  1 -2],[ 0  1  1  1  0  0 -1  0  0],[ 2 -1  1  3  1  1  2  0  0]]","[[ 0  2  1  1  0  0  0 -2 -2],[-2  0  0  0 -1 -1 -1 -2 -3],[-1  0  0  1  0 -1 -1 -2 -1],[-1  0 -1  0  1  1 -1 -1 -2],[ 0  1  0 -1  0  0  1  1  0],[ 0  1  1 -1  0  0  1  0 -1],[ 0  1  1  1 -1 -1  0 -1 -1],[ 2  2  2  1 -1  0  1  0  1],[ 2  3  1  2  0  1  1 -1  0]]",True,"[-2,-1,-1,0,0,0,2,2,0,0,1,1,1,2,3,-1,0,1,1,2,1,-1,-1,1,1,2,0,-1,-1,0,-1,0,1,1,1,-1]","[-2,-2,0,0,0,1,1,2,-1,0,1,1,1,2,3,-1,0,1,2,1,2,0,1,0,-1,1,1,1,-1,1,1,1,1,1,0,0]",t^8+39t^6+268t^4+184t^2+16,"[-2,-2,0,0,0,1,1,2,-1,1,2,3,1,2,2,1,1,2,2,1,1,1,1,0,0,1,0,0,2,1,1,2,1,-1,1,1]","[-2,-1,-1,0,0,0,2,2,1,1,1,1,1,1,2,-1,0,2,2,1,2,0,0,1,2,1,-1,-1,1,1,0,1,2,2,3,-1]","[-2,-2,0,0,0,1,1,2,-1,0,1,1,1,2,3,-1,0,1,2,1,2,0,1,0,-1,1,1,1,-1,1,1,1,1,1,0,0]",c,"[[{8, 1}, {2, 7}, {3, 6}, {4, 5}], [{8, 1}, {2, 7}, {4, 6}, {3, 5}], [{8, 1}, {2, 7}, {5, 6}, {3, 4}], [{8, 1}, {3, 7}, {2, 6}, {4, 5}], [{8, 1}, {3, 7}, {4, 6}, {2, 5}], [{8, 1}, {3, 7}, {4, 6}, {5}, {2}], [{8, 1}, {3, 7}, {5, 6}, {2, 4}], [{8, 1}, {3, 7}, {5, 6}, {4}, {2}], [{8, 1}, {3, 7}, {6}, {4, 5}, {2}], [{8, 1}, {4, 7}, {2, 6}, {3, 5}], [{8, 1}, {4, 7}, {3, 6}, {2, 5}], [{8, 1}, {4, 7}, {5, 6}, {2, 3}], [{8, 1}, {4, 7}, {6}, {3, 5}, {2}], [{8, 1}, {5, 7}, {2, 6}, {3, 4}], [{8, 1}, {5, 7}, {3, 6}, {2, 4}], [{8, 1}, {5, 7}, {4, 6}, {2, 3}], [{8, 1}, {6, 7}, {2, 5}, {3, 4}], [{8, 1}, {6, 7}, {3, 5}, {2, 4}], [{8, 1}, {6, 7}, {4, 5}, {2, 3}], [{8, 1}, {6, 7}, {5}, {3, 4}, {2}], [{8, 2}, {1, 7}, {3, 6}, {4, 5}], [{8, 2}, {1, 7}, {4, 6}, {3, 5}], [{8, 2}, {1, 7}, {5, 6}, {3, 4}], [{8, 2}, {1, 7}, {5, 6}, {4}, {3}], [{8, 2}, {3, 7}, {1, 6}, {4, 5}], [{8, 2}, {3, 7}, {4, 6}, {1, 5}], [{8, 2}, {3, 7}, {4, 6}, {5}, {1}], [{8, 2}, {3, 7}, {5, 6}, {1, 4}], [{8, 2}, {3, 7}, {5, 6}, {4}, {1}], [{8, 2}, {3, 7}, {6}, {4, 5}, {1}], [{8, 2}, {4, 7}, {1, 6}, {3, 5}], [{8, 2}, {4, 7}, {1, 6}, {5}, {3}], [{8, 2}, {4, 7}, {3, 6}, {1, 5}], [{8, 2}, {4, 7}, {5, 6}, {1, 3}], [{8, 2}, {4, 7}, {5, 6}, {3}, {1}], [{8, 2}, {4, 7}, {6}, {1, 5}, {3}], [{8, 2}, {5, 7}, {1, 6}, {3, 4}], [{8, 2}, {5, 7}, {3, 6}, {1, 4}], [{8, 2}, {5, 7}, {4, 6}, {1, 3}], [{8, 2}, {6, 7}, {1, 5}, {3, 4}], [{8, 2}, {6, 7}, {3, 5}, {1, 4}], [{8, 2}, {6, 7}, {4, 5}, {1, 3}], [{8, 2}, {7}, {5, 6}, {1, 4}, {3}], [{8, 2}, {7}, {5, 6}, {3, 4}, {1}], [{8, 2}, {7}, {5, 6}, {4}, {1, 3}], [{8, 2}, {7}, {5, 6}, {4}, {3}, {1}], [{8, 3}, {1, 7}, {2, 6}, {4, 5}], [{8, 3}, {1, 7}, {2, 6}, {5}, {4}], [{8, 3}, {1, 7}, {4, 6}, {2, 5}], [{8, 3}, {1, 7}, {5, 6}, {2, 4}], [{8, 3}, {1, 7}, {6}, {4, 5}, {2}], [{8, 3}, {2, 7}, {1, 6}, {4, 5}], [{8, 3}, {2, 7}, {1, 6}, {5}, {4}], [{8, 3}, {2, 7}, {4, 6}, {1, 5}], [{8, 3}, {2, 7}, {5, 6}, {1, 4}], [{8, 3}, {2, 7}, {5, 6}, {4}, {1}], [{8, 3}, {2, 7}, {6}, {1, 5}, {4}], [{8, 3}, {4, 7}, {1, 6}, {2, 5}], [{8, 3}, {4, 7}, {2, 6}, {1, 5}], [{8, 3}, {4, 7}, {5, 6}, {1, 2}], [{8, 3}, {4, 7}, {6}, {2, 5}, {1}], [{8, 3}, {5, 7}, {1, 6}, {2, 4}], [{8, 3}, {5, 7}, {2, 6}, {1, 4}], [{8, 3}, {5, 7}, {4, 6}, {1, 2}], [{8, 3}, {5, 7}, {6}, {4}, {1, 2}], [{8, 3}, {6, 7}, {1, 5}, {2, 4}], [{8, 3}, {6, 7}, {2, 5}, {1, 4}], [{8, 3}, {6, 7}, {4, 5}, {1, 2}], [{8, 3}, {6, 7}, {4, 5}, {2}, {1}], [{8, 3}, {7}, {1, 6}, {4, 5}, {2}], [{8, 3}, {7}, {4, 6}, {1, 5}, {2}], [{8, 3}, {7}, {5, 6}, {1, 4}, {2}], [{8, 4}, {1, 7}, {2, 6}, {3, 5}], [{8, 4}, {1, 7}, {2, 6}, {5}, {3}], [{8, 4}, {1, 7}, {3, 6}, {2, 5}], [{8, 4}, {1, 7}, {5, 6}, {2, 3}], [{8, 4}, {1, 7}, {5, 6}, {3}, {2}], [{8, 4}, {1, 7}, {6}, {2, 5}, {3}], [{8, 4}, {2, 7}, {1, 6}, {3, 5}], [{8, 4}, {2, 7}, {1, 6}, {5}, {3}], [{8, 4}, {2, 7}, {3, 6}, {1, 5}], [{8, 4}, {2, 7}, {5, 6}, {1, 3}], [{8, 4}, {3, 7}, {1, 6}, {2, 5}], [{8, 4}, {3, 7}, {1, 6}, {5}, {2}], [{8, 4}, {3, 7}, {2, 6}, {1, 5}], [{8, 4}, {3, 7}, {5, 6}, {1, 2}], [{8, 4}, {3, 7}, {5, 6}, {2}, {1}], [{8, 4}, {3, 7}, {6}, {1, 5}, {2}], [{8, 4}, {5, 7}, {1, 6}, {2, 3}], [{8, 4}, {5, 7}, {2, 6}, {1, 3}], [{8, 4}, {5, 7}, {2, 6}, {3}, {1}], [{8, 4}, {5, 7}, {3, 6}, {1, 2}], [{8, 4}, {6, 7}, {1, 5}, {2, 3}], [{8, 4}, {6, 7}, {2, 5}, {1, 3}], [{8, 4}, {6, 7}, {3, 5}, {1, 2}], [{8, 4}, {6, 7}, {5}, {3}, {1, 2}], [{8, 4}, {7}, {1, 6}, {5}, {2, 3}], [{8, 4}, {7}, {2, 6}, {1, 5}, {3}], [{8, 4}, {7}, {3, 6}, {2, 5}, {1}], [{8, 4}, {7}, {5, 6}, {1, 3}, {2}], [{8, 4}, {7}, {6}, {3, 5}, {1, 2}], [{8, 5}, {1, 7}, {2, 6}, {3, 4}], [{8, 5}, {1, 7}, {3, 6}, {2, 4}], [{8, 5}, {1, 7}, {3, 6}, {4}, {2}], [{8, 5}, {1, 7}, {4, 6}, {2, 3}], [{8, 5}, {1, 7}, {6}, {2, 4}, {3}], [{8, 5}, {2, 7}, {1, 6}, {3, 4}], [{8, 5}, {2, 7}, {3, 6}, {1, 4}], [{8, 5}, {2, 7}, {3, 6}, {4}, {1}], [{8, 5}, {2, 7}, {4, 6}, {1, 3}], [{8, 5}, {3, 7}, {1, 6}, {2, 4}], [{8, 5}, {3, 7}, {2, 6}, {1, 4}], [{8, 5}, {3, 7}, {4, 6}, {1, 2}], [{8, 5}, {3, 7}, {6}, {2, 4}, {1}], [{8, 5}, {4, 7}, {1, 6}, {2, 3}], [{8, 5}, {4, 7}, {2, 6}, {1, 3}], [{8, 5}, {4, 7}, {3, 6}, {1, 2}], [{8, 5}, {6, 7}, {1, 4}, {2, 3}], [{8, 5}, {6, 7}, {1, 4}, {3}, {2}], [{8, 5}, {6, 7}, {2, 4}, {1, 3}], [{8, 5}, {6, 7}, {3, 4}, {1, 2}], [{8, 5}, {7}, {1, 6}, {3, 4}, {2}], [{8, 5}, {7}, {2, 6}, {4}, {1, 3}], [{8, 5}, {7}, {3, 6}, {4}, {1, 2}], [{8, 5}, {7}, {4, 6}, {1, 3}, {2}], [{8, 5}, {7}, {6}, {2, 4}, {1, 3}], [{8, 6}, {1, 7}, {2, 5}, {3, 4}], [{8, 6}, {1, 7}, {3, 5}, {2, 4}], [{8, 6}, {1, 7}, {4, 5}, {2, 3}], [{8, 6}, {1, 7}, {5}, {2, 4}, {3}], [{8, 6}, {2, 7}, {1, 5}, {3, 4}], [{8, 6}, {2, 7}, {3, 5}, {1, 4}], [{8, 6}, {2, 7}, {4, 5}, {1, 3}], [{8, 6}, {2, 7}, {4, 5}, {3}, {1}], [{8, 6}, {3, 7}, {1, 5}, {2, 4}], [{8, 6}, {3, 7}, {2, 5}, {1, 4}], [{8, 6}, {3, 7}, {4, 5}, {1, 2}], [{8, 6}, {3, 7}, {5}, {2, 4}, {1}], [{8, 6}, {4, 7}, {1, 5}, {2, 3}], [{8, 6}, {4, 7}, {2, 5}, {1, 3}], [{8, 6}, {4, 7}, {3, 5}, {1, 2}], [{8, 6}, {4, 7}, {3, 5}, {2}, {1}], [{8, 6}, {5, 7}, {1, 4}, {2, 3}], [{8, 6}, {5, 7}, {2, 4}, {1, 3}], [{8, 6}, {5, 7}, {3, 4}, {1, 2}], [{8, 6}, {7}, {1, 5}, {3, 4}, {2}], [{8, 6}, {7}, {2, 5}, {4}, {1, 3}], [{8, 6}, {7}, {4, 5}, {1, 3}, {2}], [{8, 6}, {7}, {5}, {2, 4}, {1, 3}], [{8, 7}, {1, 6}, {2, 5}, {3, 4}], [{8, 7}, {1, 6}, {3, 5}, {2, 4}], [{8, 7}, {1, 6}, {4, 5}, {2, 3}], [{8, 7}, {2, 6}, {1, 5}, {3, 4}], [{8, 7}, {2, 6}, {3, 5}, {1, 4}], [{8, 7}, {2, 6}, {4, 5}, {1, 3}], [{8, 7}, {2, 6}, {4, 5}, {3}, {1}], [{8, 7}, {3, 6}, {1, 5}, {2, 4}], [{8, 7}, {3, 6}, {1, 5}, {4}, {2}], [{8, 7}, {3, 6}, {2, 5}, {1, 4}], [{8, 7}, {3, 6}, {4, 5}, {1, 2}], [{8, 7}, {4, 6}, {1, 5}, {2, 3}], [{8, 7}, {4, 6}, {2, 5}, {1, 3}], [{8, 7}, {4, 6}, {3, 5}, {1, 2}], [{8, 7}, {4, 6}, {5}, {1, 3}, {2}], [{8, 7}, {5, 6}, {1, 4}, {2, 3}], [{8, 7}, {5, 6}, {1, 4}, {3}, {2}], [{8, 7}, {5, 6}, {2, 4}, {1, 3}], [{8, 7}, {5, 6}, {3, 4}, {1, 2}], [{8, 7}, {5, 6}, {4}, {2, 3}, {1}], [{8, 7}, {6}, {1, 5}, {2, 4}, {3}], [{8}, {1, 7}, {2, 6}, {5}, {3, 4}], [{8}, {1, 7}, {5, 6}, {2, 4}, {3}], [{8}, {2, 7}, {1, 6}, {5}, {3, 4}], [{8}, {2, 7}, {5, 6}, {1, 4}, {3}], [{8}, {2, 7}, {6}, {4, 5}, {1, 3}], [{8}, {3, 7}, {4, 6}, {5}, {1, 2}], [{8}, {3, 7}, {5, 6}, {1, 4}, {2}], [{8}, {3, 7}, {5, 6}, {2, 4}, {1}], [{8}, {3, 7}, {5, 6}, {4}, {1, 2}], [{8}, {3, 7}, {5, 6}, {4}, {2}, {1}], [{8}, {3, 7}, {6}, {4, 5}, {1, 2}], [{8}, {4, 7}, {1, 6}, {3, 5}, {2}], [{8}, {5, 7}, {1, 6}, {2, 4}, {3}], [{8}, {5, 7}, {4, 6}, {1, 3}, {2}], [{8}, {6, 7}, {3, 5}, {4}, {1, 2}], [{8}, {7}, {5, 6}, {1, 4}, {2, 3}], [{8}, {7}, {5, 6}, {2, 4}, {1, 3}]]",2,4 K_1^3 - 10 K_1^2 - 4 K_1 K_2 - K_1 + 5 K_2 + K_3 + 6,O1O2O3U4O5U1U6U5O7O6U8O4U2U3O8U7,O1O2O3U1O4U5U6U3O7U8O5O6U4O8U2U7,O1O2O3U4U2O5U6O7O8U5O4U1U7U8O6U3,c,{'O1O2O3U4O5U1U2O6U5O7O4U8U7U3O8U6'},1,"<a href=""/flatknot/8.1101819"">8.1101819</a>",t^9-41t^7-94t^6+83t^5+260t^4-51t^3-198t^2+33t+30,t^2-2t,,
8.1101820,O1O2O3U4O5U1U2O6U7O8O4U6U8U5O7U3,3,22z^2+81z+75,-4w^4z^2+26w^3z^2-4w^3z+85w^2z+75w,False,False,"[[ 0 -2  0  2  0  2 -1 -1  0],[ 2  0  1  2  1  1 -1  2 -1],[ 0 -1  0  1  0  0 -1  0 -1],[-2 -2 -1  0  0  0 -1 -3  0],[ 0 -1  0  0  0  0 -1  1 -1],[-2 -1  0  0  0  0 -1 -3  1],[ 1  1  1  1  1  1  0  0  1],[ 1 -2  0  3 -1  3  0  0  0],[ 0  1  1  0  1 -1 -1  0  0]]","[[ 0  2  2  0  0  0 -1 -1 -2],[-2  0  0  1  0  0 -1 -3 -1],[-2  0  0  0  0 -1 -1 -3 -2],[ 0 -1  0  0  1  1 -1  0  1],[ 0  0  0 -1  0  0 -1  1 -1],[ 0  0  1 -1  0  0 -1  0 -1],[ 1  1  1  1  1  1  0  0  1],[ 1  3  3  0 -1  0  0  0 -2],[ 2  1  2 -1  1  1 -1  2  0]]",True,"[-2,-2,0,0,0,1,1,2,0,-1,0,0,1,3,1,0,0,1,1,3,2,-1,-1,1,0,-1,0,1,-1,1,1,0,1,0,-1,2]","[-2,-2,0,0,0,1,1,2,0,-1,0,0,1,3,1,0,0,1,1,3,2,-1,-1,1,0,-1,0,1,-1,1,1,0,1,0,-1,2]",t^8+41t^6+315t^4+143t^2,"[-2,-1,-1,0,0,0,2,2,-1,2,1,1,3,2,3,0,1,2,1,0,0,0,0,0,2,2,0,1,1,2,1,2,2,2,3,0]","[-2,-2,0,0,0,1,1,2,0,1,2,2,0,2,2,2,2,3,0,2,3,0,-1,1,0,1,-1,2,0,1,1,0,3,0,-1,2]","[-2,-1,-1,0,0,0,2,2,-1,2,-1,1,1,1,2,0,1,1,1,1,1,0,-1,0,3,3,1,1,-1,0,0,0,0,0,1,0]",c,"[[{8, 1}, {2, 7}, {3, 6}, {4, 5}], [{8, 1}, {2, 7}, {4, 6}, {3, 5}], [{8, 1}, {2, 7}, {5, 6}, {3, 4}], [{8, 1}, {3, 7}, {2, 6}, {4, 5}], [{8, 1}, {3, 7}, {2, 6}, {5}, {4}], [{8, 1}, {3, 7}, {4, 6}, {2, 5}], [{8, 1}, {3, 7}, {4, 6}, {5}, {2}], [{8, 1}, {3, 7}, {5, 6}, {2, 4}], [{8, 1}, {3, 7}, {5, 6}, {4}, {2}], [{8, 1}, {3, 7}, {6}, {2, 5}, {4}], [{8, 1}, {3, 7}, {6}, {4, 5}, {2}], [{8, 1}, {3, 7}, {6}, {5}, {2, 4}], [{8, 1}, {3, 7}, {6}, {5}, {4}, {2}], [{8, 1}, {4, 7}, {2, 6}, {3, 5}], [{8, 1}, {4, 7}, {3, 6}, {2, 5}], [{8, 1}, {4, 7}, {3, 6}, {5}, {2}], [{8, 1}, {4, 7}, {5, 6}, {2, 3}], [{8, 1}, {4, 7}, {6}, {2, 5}, {3}], [{8, 1}, {5, 7}, {2, 6}, {3, 4}], [{8, 1}, {5, 7}, {2, 6}, {4}, {3}], [{8, 1}, {5, 7}, {3, 6}, {2, 4}], [{8, 1}, {5, 7}, {4, 6}, {2, 3}], [{8, 1}, {6, 7}, {2, 5}, {3, 4}], [{8, 1}, {6, 7}, {2, 5}, {4}, {3}], [{8, 1}, {6, 7}, {3, 5}, {2, 4}], [{8, 1}, {6, 7}, {4, 5}, {2, 3}], [{8, 1}, {6, 7}, {5}, {3, 4}, {2}], [{8, 1}, {7}, {2, 6}, {3, 5}, {4}], [{8, 1}, {7}, {3, 6}, {2, 5}, {4}], [{8, 1}, {7}, {4, 6}, {2, 5}, {3}], [{8, 1}, {7}, {6}, {2, 5}, {3, 4}], [{8, 2}, {1, 7}, {3, 6}, {4, 5}], [{8, 2}, {1, 7}, {4, 6}, {3, 5}], [{8, 2}, {1, 7}, {5, 6}, {3, 4}], [{8, 2}, {1, 7}, {6}, {4, 5}, {3}], [{8, 2}, {3, 7}, {1, 6}, {4, 5}], [{8, 2}, {3, 7}, {1, 6}, {5}, {4}], [{8, 2}, {3, 7}, {4, 6}, {1, 5}], [{8, 2}, {3, 7}, {4, 6}, {5}, {1}], [{8, 2}, {3, 7}, {5, 6}, {1, 4}], [{8, 2}, {3, 7}, {5, 6}, {4}, {1}], [{8, 2}, {3, 7}, {6}, {1, 5}, {4}], [{8, 2}, {3, 7}, {6}, {4, 5}, {1}], [{8, 2}, {3, 7}, {6}, {5}, {1, 4}], [{8, 2}, {3, 7}, {6}, {5}, {4}, {1}], [{8, 2}, {4, 7}, {1, 6}, {3, 5}], [{8, 2}, {4, 7}, {3, 6}, {1, 5}], [{8, 2}, {4, 7}, {3, 6}, {5}, {1}], [{8, 2}, {4, 7}, {5, 6}, {1, 3}], [{8, 2}, {4, 7}, {6}, {1, 5}, {3}], [{8, 2}, {5, 7}, {1, 6}, {3, 4}], [{8, 2}, {5, 7}, {3, 6}, {1, 4}], [{8, 2}, {5, 7}, {4, 6}, {1, 3}], [{8, 2}, {6, 7}, {1, 5}, {3, 4}], [{8, 2}, {6, 7}, {1, 5}, {4}, {3}], [{8, 2}, {6, 7}, {3, 5}, {1, 4}], [{8, 2}, {6, 7}, {4, 5}, {1, 3}], [{8, 2}, {6, 7}, {5}, {3, 4}, {1}], [{8, 2}, {7}, {3, 6}, {1, 5}, {4}], [{8, 2}, {7}, {4, 6}, {1, 5}, {3}], [{8, 2}, {7}, {5, 6}, {1, 4}, {3}], [{8, 2}, {7}, {6}, {1, 5}, {3, 4}], [{8, 2}, {7}, {6}, {4, 5}, {1, 3}], [{8, 3}, {1, 7}, {2, 6}, {4, 5}], [{8, 3}, {1, 7}, {4, 6}, {2, 5}], [{8, 3}, {1, 7}, {5, 6}, {2, 4}], [{8, 3}, {1, 7}, {6}, {4, 5}, {2}], [{8, 3}, {2, 7}, {1, 6}, {4, 5}], [{8, 3}, {2, 7}, {4, 6}, {1, 5}], [{8, 3}, {2, 7}, {5, 6}, {1, 4}], [{8, 3}, {4, 7}, {1, 6}, {2, 5}], [{8, 3}, {4, 7}, {2, 6}, {1, 5}], [{8, 3}, {4, 7}, {5, 6}, {1, 2}], [{8, 3}, {4, 7}, {6}, {1, 5}, {2}], [{8, 3}, {5, 7}, {1, 6}, {2, 4}], [{8, 3}, {5, 7}, {2, 6}, {1, 4}], [{8, 3}, {5, 7}, {4, 6}, {1, 2}], [{8, 3}, {6, 7}, {1, 5}, {2, 4}], [{8, 3}, {6, 7}, {1, 5}, {4}, {2}], [{8, 3}, {6, 7}, {2, 5}, {1, 4}], [{8, 3}, {6, 7}, {4, 5}, {1, 2}], [{8, 3}, {7}, {4, 6}, {1, 5}, {2}], [{8, 3}, {7}, {5, 6}, {1, 4}, {2}], [{8, 4}, {1, 7}, {2, 6}, {3, 5}], [{8, 4}, {1, 7}, {3, 6}, {2, 5}], [{8, 4}, {1, 7}, {5, 6}, {2, 3}], [{8, 4}, {2, 7}, {1, 6}, {3, 5}], [{8, 4}, {2, 7}, {3, 6}, {1, 5}], [{8, 4}, {2, 7}, {5, 6}, {1, 3}], [{8, 4}, {3, 7}, {1, 6}, {2, 5}], [{8, 4}, {3, 7}, {1, 6}, {5}, {2}], [{8, 4}, {3, 7}, {2, 6}, {1, 5}], [{8, 4}, {3, 7}, {2, 6}, {5}, {1}], [{8, 4}, {3, 7}, {5, 6}, {1, 2}], [{8, 4}, {3, 7}, {5, 6}, {2}, {1}], [{8, 4}, {3, 7}, {6}, {1, 5}, {2}], [{8, 4}, {3, 7}, {6}, {2, 5}, {1}], [{8, 4}, {3, 7}, {6}, {5}, {1, 2}], [{8, 4}, {3, 7}, {6}, {5}, {2}, {1}], [{8, 4}, {5, 7}, {1, 6}, {2, 3}], [{8, 4}, {5, 7}, {2, 6}, {1, 3}], [{8, 4}, {5, 7}, {3, 6}, {1, 2}], [{8, 4}, {6, 7}, {1, 5}, {2, 3}], [{8, 4}, {6, 7}, {1, 5}, {3}, {2}], [{8, 4}, {6, 7}, {2, 5}, {1, 3}], [{8, 4}, {6, 7}, {3, 5}, {1, 2}], [{8, 4}, {7}, {3, 6}, {1, 5}, {2}], [{8, 5}, {1, 7}, {2, 6}, {3, 4}], [{8, 5}, {1, 7}, {3, 6}, {2, 4}], [{8, 5}, {1, 7}, {4, 6}, {2, 3}], [{8, 5}, {2, 7}, {1, 6}, {3, 4}], [{8, 5}, {2, 7}, {3, 6}, {1, 4}], [{8, 5}, {2, 7}, {4, 6}, {1, 3}], [{8, 5}, {3, 7}, {1, 6}, {2, 4}], [{8, 5}, {3, 7}, {1, 6}, {4}, {2}], [{8, 5}, {3, 7}, {2, 6}, {1, 4}], [{8, 5}, {3, 7}, {2, 6}, {4}, {1}], [{8, 5}, {3, 7}, {4, 6}, {1, 2}], [{8, 5}, {3, 7}, {4, 6}, {2}, {1}], [{8, 5}, {3, 7}, {6}, {1, 4}, {2}], [{8, 5}, {3, 7}, {6}, {2, 4}, {1}], [{8, 5}, {3, 7}, {6}, {4}, {1, 2}], [{8, 5}, {3, 7}, {6}, {4}, {2}, {1}], [{8, 5}, {4, 7}, {1, 6}, {2, 3}], [{8, 5}, {4, 7}, {2, 6}, {1, 3}], [{8, 5}, {4, 7}, {3, 6}, {1, 2}], [{8, 5}, {4, 7}, {3, 6}, {2}, {1}], [{8, 5}, {4, 7}, {6}, {3}, {1, 2}], [{8, 5}, {6, 7}, {1, 4}, {2, 3}], [{8, 5}, {6, 7}, {2, 4}, {1, 3}], [{8, 5}, {6, 7}, {3, 4}, {1, 2}], [{8, 5}, {6, 7}, {3, 4}, {2}, {1}], [{8, 5}, {6, 7}, {4}, {3}, {1, 2}], [{8, 5}, {7}, {3, 6}, {4}, {1, 2}], [{8, 5}, {7}, {4, 6}, {3}, {1, 2}], [{8, 5}, {7}, {6}, {3, 4}, {1, 2}], [{8, 6}, {1, 7}, {2, 5}, {3, 4}], [{8, 6}, {1, 7}, {3, 5}, {2, 4}], [{8, 6}, {1, 7}, {4, 5}, {2, 3}], [{8, 6}, {1, 7}, {4, 5}, {3}, {2}], [{8, 6}, {2, 7}, {1, 5}, {3, 4}], [{8, 6}, {2, 7}, {3, 5}, {1, 4}], [{8, 6}, {2, 7}, {4, 5}, {1, 3}], [{8, 6}, {3, 7}, {1, 5}, {2, 4}], [{8, 6}, {3, 7}, {1, 5}, {4}, {2}], [{8, 6}, {3, 7}, {2, 5}, {1, 4}], [{8, 6}, {3, 7}, {2, 5}, {4}, {1}], [{8, 6}, {3, 7}, {4, 5}, {1, 2}], [{8, 6}, {3, 7}, {4, 5}, {2}, {1}], [{8, 6}, {3, 7}, {5}, {1, 4}, {2}], [{8, 6}, {3, 7}, {5}, {2, 4}, {1}], [{8, 6}, {3, 7}, {5}, {4}, {1, 2}], [{8, 6}, {3, 7}, {5}, {4}, {2}, {1}], [{8, 6}, {4, 7}, {1, 5}, {2, 3}], [{8, 6}, {4, 7}, {1, 5}, {3}, {2}], [{8, 6}, {4, 7}, {2, 5}, {1, 3}], [{8, 6}, {4, 7}, {3, 5}, {1, 2}], [{8, 6}, {5, 7}, {1, 4}, {2, 3}], [{8, 6}, {5, 7}, {2, 4}, {1, 3}], [{8, 6}, {5, 7}, {3, 4}, {1, 2}], [{8, 6}, {7}, {1, 5}, {3, 4}, {2}], [{8, 6}, {7}, {4, 5}, {1, 3}, {2}], [{8, 7}, {1, 6}, {2, 5}, {3, 4}], [{8, 7}, {1, 6}, {3, 5}, {2, 4}], [{8, 7}, {1, 6}, {4, 5}, {2, 3}], [{8, 7}, {2, 6}, {1, 5}, {3, 4}], [{8, 7}, {2, 6}, {3, 5}, {1, 4}], [{8, 7}, {2, 6}, {4, 5}, {1, 3}], [{8, 7}, {3, 6}, {1, 5}, {2, 4}], [{8, 7}, {3, 6}, {1, 5}, {4}, {2}], [{8, 7}, {3, 6}, {2, 5}, {1, 4}], [{8, 7}, {3, 6}, {4, 5}, {1, 2}], [{8, 7}, {4, 6}, {1, 5}, {2, 3}], [{8, 7}, {4, 6}, {1, 5}, {3}, {2}], [{8, 7}, {4, 6}, {2, 5}, {1, 3}], [{8, 7}, {4, 6}, {3, 5}, {1, 2}], [{8, 7}, {5, 6}, {1, 4}, {2, 3}], [{8, 7}, {5, 6}, {1, 4}, {3}, {2}], [{8, 7}, {5, 6}, {2, 4}, {1, 3}], [{8, 7}, {5, 6}, {3, 4}, {1, 2}], [{8, 7}, {6}, {1, 5}, {3, 4}, {2}], [{8, 7}, {6}, {4, 5}, {1, 3}, {2}], [{8}, {1, 7}, {2, 6}, {4, 5}, {3}], [{8}, {1, 7}, {3, 6}, {4, 5}, {2}], [{8}, {1, 7}, {4, 6}, {3, 5}, {2}], [{8}, {1, 7}, {5, 6}, {3, 4}, {2}], [{8}, {1, 7}, {6}, {4, 5}, {2, 3}], [{8}, {1, 7}, {6}, {4, 5}, {3}, {2}], [{8}, {2, 7}, {3, 6}, {1, 5}, {4}], [{8}, {2, 7}, {4, 6}, {1, 5}, {3}], [{8}, {2, 7}, {5, 6}, {1, 4}, {3}], [{8}, {2, 7}, {6}, {1, 5}, {3, 4}], [{8}, {2, 7}, {6}, {4, 5}, {1, 3}], [{8}, {3, 7}, {1, 6}, {2, 5}, {4}], [{8}, {3, 7}, {1, 6}, {4, 5}, {2}], [{8}, {3, 7}, {1, 6}, {5}, {2, 4}], [{8}, {3, 7}, {1, 6}, {5}, {4}, {2}], [{8}, {3, 7}, {2, 6}, {1, 5}, {4}], [{8}, {3, 7}, {2, 6}, {4, 5}, {1}], [{8}, {3, 7}, {2, 6}, {5}, {1, 4}], [{8}, {3, 7}, {2, 6}, {5}, {4}, {1}], [{8}, {3, 7}, {4, 6}, {1, 5}, {2}], [{8}, {3, 7}, {4, 6}, {2, 5}, {1}], [{8}, {3, 7}, {4, 6}, {5}, {1, 2}], [{8}, {3, 7}, {4, 6}, {5}, {2}, {1}], [{8}, {3, 7}, {5, 6}, {1, 4}, {2}], [{8}, {3, 7}, {5, 6}, {2, 4}, {1}], [{8}, {3, 7}, {5, 6}, {4}, {1, 2}], [{8}, {3, 7}, {5, 6}, {4}, {2}, {1}], [{8}, {3, 7}, {6}, {1, 5}, {2, 4}], [{8}, {3, 7}, {6}, {1, 5}, {4}, {2}], [{8}, {3, 7}, {6}, {2, 5}, {1, 4}], [{8}, {3, 7}, {6}, {2, 5}, {4}, {1}], [{8}, {3, 7}, {6}, {4, 5}, {1, 2}], [{8}, {3, 7}, {6}, {4, 5}, {2}, {1}], [{8}, {3, 7}, {6}, {5}, {1, 4}, {2}], [{8}, {3, 7}, {6}, {5}, {2, 4}, {1}], [{8}, {3, 7}, {6}, {5}, {4}, {1, 2}], [{8}, {3, 7}, {6}, {5}, {4}, {2}, {1}], [{8}, {4, 7}, {1, 6}, {3, 5}, {2}], [{8}, {4, 7}, {2, 6}, {1, 5}, {3}], [{8}, {4, 7}, {3, 6}, {1, 5}, {2}], [{8}, {4, 7}, {3, 6}, {2, 5}, {1}], [{8}, {4, 7}, {3, 6}, {5}, {1, 2}], [{8}, {4, 7}, {3, 6}, {5}, {2}, {1}], [{8}, {4, 7}, {5, 6}, {1, 3}, {2}], [{8}, {4, 7}, {6}, {1, 5}, {2, 3}], [{8}, {4, 7}, {6}, {1, 5}, {3}, {2}], [{8}, {5, 7}, {1, 6}, {3, 4}, {2}], [{8}, {5, 7}, {3, 6}, {1, 4}, {2}], [{8}, {5, 7}, {4, 6}, {1, 3}, {2}], [{8}, {6, 7}, {1, 5}, {2, 4}, {3}], [{8}, {6, 7}, {1, 5}, {3, 4}, {2}], [{8}, {6, 7}, {1, 5}, {4}, {2, 3}], [{8}, {6, 7}, {1, 5}, {4}, {3}, {2}], [{8}, {6, 7}, {2, 5}, {3, 4}, {1}], [{8}, {6, 7}, {3, 5}, {1, 4}, {2}], [{8}, {6, 7}, {4, 5}, {1, 3}, {2}], [{8}, {6, 7}, {5}, {3, 4}, {1, 2}], [{8}, {6, 7}, {5}, {3, 4}, {2}, {1}], [{8}, {7}, {2, 6}, {1, 5}, {3, 4}], [{8}, {7}, {2, 6}, {4, 5}, {1, 3}], [{8}, {7}, {3, 6}, {1, 5}, {2, 4}], [{8}, {7}, {3, 6}, {1, 5}, {4}, {2}], [{8}, {7}, {4, 6}, {1, 5}, {2, 3}], [{8}, {7}, {4, 6}, {1, 5}, {3}, {2}], [{8}, {7}, {5, 6}, {1, 4}, {2, 3}], [{8}, {7}, {5, 6}, {1, 4}, {3}, {2}], [{8}, {7}, {6}, {1, 5}, {3, 4}, {2}], [{8}, {7}, {6}, {4, 5}, {1, 3}, {2}]]",2,16 K_1^3 - 10 K_1^2 - 8 K_1 K_2 - 8 K_1 + 5 K_2 + 6,O1O2O3U1O4U5U6U7O8O6U4O7U2U3O5U8,O1O2O3U4O5U6U7U5O8U3O6O7U1O4U2U8,O1O2O3U4U2O5U3O6O7U1O4U8U6U7O8U5,c,{'O1O2O3U4O5U1U2O6U7O8O4U6U8U5O7U3'},1,"<a href=""/flatknot/8.1101820"">8.1101820</a>",t^9-39t^7-82t^6+114t^5+240t^4-92t^3-50t^2+24t-72,-t^2+2t,,
8.1101821,O1O2O3U4O5U1U2O6U7O8O4U8U6U5O7U3,4,4z^3+41z^2+112z+93,4w^4z^3+41w^3z^2-2w^3z+114w^2z+93w,False,False,"[[ 0 -2  0  2  0  2  0 -1 -1],[ 2  0  1  2  1  1 -1  2 -1],[ 0 -1  0  1  0  0 -1  0 -1],[-2 -2 -1  0  0  0  0 -3 -1],[ 0 -1  0  0  0  0 -1  1 -1],[-2 -1  0  0  0  0  0 -3  0],[ 0  1  1  0  1  0  0  0  0],[ 1 -2  0  3 -1  3  0  0 -1],[ 1  1  1  1  1  0  0  1  0]]","[[ 0  2  2  0  0  0 -1 -1 -2],[-2  0  0  0  0  0  0 -3 -1],[-2  0  0  0  0 -1 -1 -3 -2],[ 0  0  0  0  1  1  0  0  1],[ 0  0  0 -1  0  0 -1  1 -1],[ 0  0  1 -1  0  0 -1  0 -1],[ 1  0  1  0  1  1  0  1  1],[ 1  3  3  0 -1  0 -1  0 -2],[ 2  1  2 -1  1  1 -1  2  0]]",True,"[-2,-2,0,0,0,1,1,2,0,0,0,0,0,3,1,0,0,1,1,3,2,-1,-1,0,0,-1,0,1,-1,1,1,0,1,-1,-1,2]","[-2,-2,0,0,0,1,1,2,0,0,0,0,0,3,1,0,0,1,1,3,2,-1,-1,0,0,-1,0,1,-1,1,1,0,1,-1,-1,2]",t^8+39t^6+214t^4+99t^2+4,"[-2,-1,-1,0,0,0,2,2,-1,2,1,1,3,2,3,1,1,2,1,0,0,0,0,1,2,3,0,1,1,2,1,2,2,2,2,0]","[-2,-2,0,0,0,1,1,2,0,1,2,2,0,2,2,2,2,2,0,3,3,-1,0,1,0,1,1,1,1,3,2,0,1,-1,-1,2]","[-2,-1,-1,0,0,0,2,2,-1,2,-1,1,1,1,2,1,0,1,1,0,1,0,-1,0,3,3,1,1,0,0,0,0,0,0,1,0]",c,"[[{8, 1}, {2, 7}, {3, 6}, {4, 5}], [{8, 1}, {2, 7}, {4, 6}, {3, 5}], [{8, 1}, {2, 7}, {5, 6}, {3, 4}], [{8, 1}, {3, 7}, {2, 6}, {4, 5}], [{8, 1}, {3, 7}, {2, 6}, {5}, {4}], [{8, 1}, {3, 7}, {4, 6}, {2, 5}], [{8, 1}, {3, 7}, {4, 6}, {5}, {2}], [{8, 1}, {3, 7}, {5, 6}, {2, 4}], [{8, 1}, {3, 7}, {5, 6}, {4}, {2}], [{8, 1}, {3, 7}, {6}, {2, 5}, {4}], [{8, 1}, {3, 7}, {6}, {4, 5}, {2}], [{8, 1}, {3, 7}, {6}, {5}, {2, 4}], [{8, 1}, {3, 7}, {6}, {5}, {4}, {2}], [{8, 1}, {4, 7}, {2, 6}, {3, 5}], [{8, 1}, {4, 7}, {3, 6}, {2, 5}], [{8, 1}, {4, 7}, {5, 6}, {2, 3}], [{8, 1}, {4, 7}, {6}, {3, 5}, {2}], [{8, 1}, {5, 7}, {2, 6}, {3, 4}], [{8, 1}, {5, 7}, {3, 6}, {2, 4}], [{8, 1}, {5, 7}, {4, 6}, {2, 3}], [{8, 1}, {5, 7}, {6}, {3, 4}, {2}], [{8, 1}, {6, 7}, {2, 5}, {3, 4}], [{8, 1}, {6, 7}, {3, 5}, {2, 4}], [{8, 1}, {6, 7}, {4, 5}, {2, 3}], [{8, 1}, {6, 7}, {5}, {2, 4}, {3}], [{8, 1}, {7}, {3, 6}, {5}, {2, 4}], [{8, 2}, {1, 7}, {3, 6}, {4, 5}], [{8, 2}, {1, 7}, {4, 6}, {3, 5}], [{8, 2}, {1, 7}, {5, 6}, {3, 4}], [{8, 2}, {3, 7}, {1, 6}, {4, 5}], [{8, 2}, {3, 7}, {4, 6}, {1, 5}], [{8, 2}, {3, 7}, {5, 6}, {1, 4}], [{8, 2}, {3, 7}, {6}, {1, 5}, {4}], [{8, 2}, {4, 7}, {1, 6}, {3, 5}], [{8, 2}, {4, 7}, {3, 6}, {1, 5}], [{8, 2}, {4, 7}, {5, 6}, {1, 3}], [{8, 2}, {4, 7}, {6}, {3, 5}, {1}], [{8, 2}, {5, 7}, {1, 6}, {3, 4}], [{8, 2}, {5, 7}, {3, 6}, {1, 4}], [{8, 2}, {5, 7}, {4, 6}, {1, 3}], [{8, 2}, {6, 7}, {1, 5}, {3, 4}], [{8, 2}, {6, 7}, {3, 5}, {1, 4}], [{8, 2}, {6, 7}, {4, 5}, {1, 3}], [{8, 2}, {6, 7}, {5}, {4}, {1, 3}], [{8, 2}, {7}, {3, 6}, {5}, {1, 4}], [{8, 2}, {7}, {5, 6}, {3, 4}, {1}], [{8, 2}, {7}, {6}, {4, 5}, {1, 3}], [{8, 3}, {1, 7}, {2, 6}, {4, 5}], [{8, 3}, {1, 7}, {4, 6}, {2, 5}], [{8, 3}, {1, 7}, {5, 6}, {2, 4}], [{8, 3}, {1, 7}, {6}, {4, 5}, {2}], [{8, 3}, {2, 7}, {1, 6}, {4, 5}], [{8, 3}, {2, 7}, {4, 6}, {1, 5}], [{8, 3}, {2, 7}, {5, 6}, {1, 4}], [{8, 3}, {2, 7}, {6}, {1, 5}, {4}], [{8, 3}, {4, 7}, {1, 6}, {2, 5}], [{8, 3}, {4, 7}, {2, 6}, {1, 5}], [{8, 3}, {4, 7}, {5, 6}, {1, 2}], [{8, 3}, {4, 7}, {6}, {1, 5}, {2}], [{8, 3}, {5, 7}, {1, 6}, {2, 4}], [{8, 3}, {5, 7}, {2, 6}, {1, 4}], [{8, 3}, {5, 7}, {4, 6}, {1, 2}], [{8, 3}, {5, 7}, {6}, {1, 4}, {2}], [{8, 3}, {6, 7}, {1, 5}, {2, 4}], [{8, 3}, {6, 7}, {1, 5}, {4}, {2}], [{8, 3}, {6, 7}, {2, 5}, {1, 4}], [{8, 3}, {6, 7}, {4, 5}, {1, 2}], [{8, 3}, {7}, {2, 6}, {1, 5}, {4}], [{8, 3}, {7}, {4, 6}, {1, 5}, {2}], [{8, 3}, {7}, {6}, {1, 5}, {2, 4}], [{8, 3}, {7}, {6}, {1, 5}, {4}, {2}], [{8, 4}, {1, 7}, {2, 6}, {3, 5}], [{8, 4}, {1, 7}, {2, 6}, {5}, {3}], [{8, 4}, {1, 7}, {3, 6}, {2, 5}], [{8, 4}, {1, 7}, {3, 6}, {5}, {2}], [{8, 4}, {1, 7}, {5, 6}, {2, 3}], [{8, 4}, {1, 7}, {5, 6}, {3}, {2}], [{8, 4}, {1, 7}, {6}, {2, 5}, {3}], [{8, 4}, {1, 7}, {6}, {3, 5}, {2}], [{8, 4}, {1, 7}, {6}, {5}, {2, 3}], [{8, 4}, {1, 7}, {6}, {5}, {3}, {2}], [{8, 4}, {2, 7}, {1, 6}, {3, 5}], [{8, 4}, {2, 7}, {3, 6}, {1, 5}], [{8, 4}, {2, 7}, {3, 6}, {5}, {1}], [{8, 4}, {2, 7}, {5, 6}, {1, 3}], [{8, 4}, {3, 7}, {1, 6}, {2, 5}], [{8, 4}, {3, 7}, {2, 6}, {1, 5}], [{8, 4}, {3, 7}, {5, 6}, {1, 2}], [{8, 4}, {3, 7}, {6}, {1, 5}, {2}], [{8, 4}, {5, 7}, {1, 6}, {2, 3}], [{8, 4}, {5, 7}, {2, 6}, {1, 3}], [{8, 4}, {5, 7}, {3, 6}, {1, 2}], [{8, 4}, {5, 7}, {6}, {1, 3}, {2}], [{8, 4}, {6, 7}, {1, 5}, {2, 3}], [{8, 4}, {6, 7}, {2, 5}, {1, 3}], [{8, 4}, {6, 7}, {3, 5}, {1, 2}], [{8, 4}, {7}, {3, 6}, {5}, {1, 2}], [{8, 5}, {1, 7}, {2, 6}, {3, 4}], [{8, 5}, {1, 7}, {3, 6}, {2, 4}], [{8, 5}, {1, 7}, {4, 6}, {2, 3}], [{8, 5}, {1, 7}, {6}, {3, 4}, {2}], [{8, 5}, {2, 7}, {1, 6}, {3, 4}], [{8, 5}, {2, 7}, {3, 6}, {1, 4}], [{8, 5}, {2, 7}, {4, 6}, {1, 3}], [{8, 5}, {2, 7}, {6}, {1, 4}, {3}], [{8, 5}, {3, 7}, {1, 6}, {2, 4}], [{8, 5}, {3, 7}, {1, 6}, {4}, {2}], [{8, 5}, {3, 7}, {2, 6}, {1, 4}], [{8, 5}, {3, 7}, {2, 6}, {4}, {1}], [{8, 5}, {3, 7}, {4, 6}, {1, 2}], [{8, 5}, {3, 7}, {4, 6}, {2}, {1}], [{8, 5}, {3, 7}, {6}, {1, 4}, {2}], [{8, 5}, {3, 7}, {6}, {2, 4}, {1}], [{8, 5}, {3, 7}, {6}, {4}, {1, 2}], [{8, 5}, {3, 7}, {6}, {4}, {2}, {1}], [{8, 5}, {4, 7}, {1, 6}, {2, 3}], [{8, 5}, {4, 7}, {2, 6}, {1, 3}], [{8, 5}, {4, 7}, {3, 6}, {1, 2}], [{8, 5}, {4, 7}, {6}, {1, 3}, {2}], [{8, 5}, {6, 7}, {1, 4}, {2, 3}], [{8, 5}, {6, 7}, {1, 4}, {3}, {2}], [{8, 5}, {6, 7}, {2, 4}, {1, 3}], [{8, 5}, {6, 7}, {3, 4}, {1, 2}], [{8, 5}, {7}, {2, 6}, {1, 4}, {3}], [{8, 5}, {7}, {3, 6}, {1, 4}, {2}], [{8, 5}, {7}, {6}, {1, 4}, {2, 3}], [{8, 5}, {7}, {6}, {1, 4}, {3}, {2}], [{8, 6}, {1, 7}, {2, 5}, {3, 4}], [{8, 6}, {1, 7}, {3, 5}, {2, 4}], [{8, 6}, {1, 7}, {4, 5}, {2, 3}], [{8, 6}, {2, 7}, {1, 5}, {3, 4}], [{8, 6}, {2, 7}, {3, 5}, {1, 4}], [{8, 6}, {2, 7}, {4, 5}, {1, 3}], [{8, 6}, {3, 7}, {1, 5}, {2, 4}], [{8, 6}, {3, 7}, {1, 5}, {4}, {2}], [{8, 6}, {3, 7}, {2, 5}, {1, 4}], [{8, 6}, {3, 7}, {4, 5}, {1, 2}], [{8, 6}, {4, 7}, {1, 5}, {2, 3}], [{8, 6}, {4, 7}, {2, 5}, {1, 3}], [{8, 6}, {4, 7}, {3, 5}, {1, 2}], [{8, 6}, {4, 7}, {3, 5}, {2}, {1}], [{8, 6}, {5, 7}, {1, 4}, {2, 3}], [{8, 6}, {5, 7}, {2, 4}, {1, 3}], [{8, 6}, {5, 7}, {3, 4}, {1, 2}], [{8, 6}, {7}, {4, 5}, {1, 3}, {2}], [{8, 7}, {1, 6}, {2, 5}, {3, 4}], [{8, 7}, {1, 6}, {3, 5}, {2, 4}], [{8, 7}, {1, 6}, {4, 5}, {2, 3}], [{8, 7}, {1, 6}, {5}, {3, 4}, {2}], [{8, 7}, {2, 6}, {1, 5}, {3, 4}], [{8, 7}, {2, 6}, {1, 5}, {4}, {3}], [{8, 7}, {2, 6}, {3, 5}, {1, 4}], [{8, 7}, {2, 6}, {4, 5}, {1, 3}], [{8, 7}, {2, 6}, {5}, {3, 4}, {1}], [{8, 7}, {3, 6}, {1, 5}, {2, 4}], [{8, 7}, {3, 6}, {1, 5}, {4}, {2}], [{8, 7}, {3, 6}, {2, 5}, {1, 4}], [{8, 7}, {3, 6}, {4, 5}, {1, 2}], [{8, 7}, {4, 6}, {1, 5}, {2, 3}], [{8, 7}, {4, 6}, {1, 5}, {3}, {2}], [{8, 7}, {4, 6}, {2, 5}, {1, 3}], [{8, 7}, {4, 6}, {3, 5}, {1, 2}], [{8, 7}, {5, 6}, {1, 4}, {2, 3}], [{8, 7}, {5, 6}, {2, 4}, {1, 3}], [{8, 7}, {5, 6}, {3, 4}, {1, 2}], [{8, 7}, {5, 6}, {3, 4}, {2}, {1}], [{8, 7}, {6}, {1, 5}, {2, 4}, {3}], [{8, 7}, {6}, {1, 5}, {3, 4}, {2}], [{8, 7}, {6}, {1, 5}, {4}, {2, 3}], [{8, 7}, {6}, {1, 5}, {4}, {3}, {2}], [{8, 7}, {6}, {2, 5}, {3, 4}, {1}], [{8, 7}, {6}, {3, 5}, {1, 4}, {2}], [{8, 7}, {6}, {4, 5}, {1, 3}, {2}], [{8, 7}, {6}, {5}, {3, 4}, {1, 2}], [{8, 7}, {6}, {5}, {3, 4}, {2}, {1}], [{8}, {1, 7}, {3, 6}, {2, 5}, {4}], [{8}, {2, 7}, {5, 6}, {3, 4}, {1}], [{8}, {2, 7}, {6}, {4, 5}, {1, 3}], [{8}, {3, 7}, {2, 6}, {1, 5}, {4}], [{8}, {3, 7}, {4, 6}, {1, 5}, {2}], [{8}, {3, 7}, {6}, {1, 5}, {2, 4}], [{8}, {3, 7}, {6}, {1, 5}, {4}, {2}], [{8}, {4, 7}, {1, 6}, {3, 5}, {2}], [{8}, {4, 7}, {2, 6}, {3, 5}, {1}], [{8}, {4, 7}, {3, 6}, {2, 5}, {1}], [{8}, {4, 7}, {5, 6}, {2, 3}, {1}], [{8}, {4, 7}, {6}, {3, 5}, {1, 2}], [{8}, {4, 7}, {6}, {3, 5}, {2}, {1}], [{8}, {5, 7}, {1, 6}, {4}, {2, 3}], [{8}, {6, 7}, {4, 5}, {1, 3}, {2}], [{8}, {6, 7}, {4, 5}, {2, 3}, {1}], [{8}, {6, 7}, {4, 5}, {3}, {1, 2}], [{8}, {7}, {2, 6}, {4, 5}, {1, 3}], [{8}, {7}, {3, 6}, {2, 5}, {1, 4}], [{8}, {7}, {6}, {4, 5}, {1, 3}, {2}]]",2,12 K_1^3 - 10 K_1^2 - 8 K_1 K_2 - 5 K_1 + 5 K_2 + K_3 + 6,O1O2O3U1O4U5U6U7O8O7U4O6U2U3O5U8,O1O2O3U4O5U6U7U5O8U3O6O7U2O4U1U8,O1O2O3U4U3O5U2O6O7U1O4U8U6U7O8U5,c,{'O1O2O3U4O5U1U2O6U7O8O4U8U6U5O7U3'},1,"<a href=""/flatknot/8.1101821"">8.1101821</a>",t^9-37t^7-84t^6+83t^5+194t^4-120t^3-22t^2+67t-22,-t^2+2t,,
8.1101822,O1O2O3U4O5U1U3O6U2O7O4U6U8U5O8U7,4,z^3+25z^2+107z+123,w^4z^3+25w^3z^2+107w^2z+123w,False,False,"[[ 0 -2  0  1  0  2 -1  1 -1],[ 2  0  2  1  0  2  0  0  1],[ 0 -2  0  0 -1  2  0  1 -1],[-1 -1  0  0 -1  0 -1  0 -2],[ 0  0  1  1  0  1 -1 -1  0],[-2 -2 -2  0 -1  0  0  1 -2],[ 1  0  0  1  1  0  0  1  1],[-1  0 -1  0  1 -1 -1  0 -1],[ 1 -1  1  2  0  2 -1  1  0]]","[[ 0  2  1  1  0  0 -1 -1 -2],[-2  0  1  0 -1 -2  0 -2 -2],[-1 -1  0  0  1 -1 -1 -1  0],[-1  0  0  0 -1  0 -1 -2 -1],[ 0  1 -1  1  0  1 -1  0  0],[ 0  2  1  0 -1  0  0 -1 -2],[ 1  0  1  1  1  0  0  1  0],[ 1  2  1  2  0  1 -1  0 -1],[ 2  2  0  1  0  2  0  1  0]]",True,"[-2,-1,-1,0,0,1,1,2,-1,0,1,2,0,2,2,0,-1,1,1,1,0,1,0,1,2,1,-1,1,0,0,0,1,2,-1,0,1]","[-2,-1,-1,0,0,1,1,2,-1,0,1,2,0,2,2,0,-1,1,1,1,0,1,0,1,2,1,-1,1,0,0,0,1,2,-1,0,1]",t^8+34t^6+189t^4+108t^2+4,"[-2,-1,-1,0,0,1,1,2,0,1,0,2,2,3,2,1,0,1,0,1,1,1,0,1,1,3,1,1,0,0,0,2,1,0,1,2]","[-2,-1,-1,0,0,1,1,2,1,2,0,1,1,3,2,0,1,0,0,1,2,0,2,1,1,3,-1,0,1,0,1,0,2,-1,0,1]","[-2,-1,-1,0,0,1,1,2,0,1,0,2,0,1,2,1,1,0,1,1,0,0,1,1,2,2,1,-1,1,1,1,0,2,0,-1,0]",c,"[[{8, 1}, {2, 7}, {3, 6}, {4, 5}], [{8, 1}, {2, 7}, {4, 6}, {3, 5}], [{8, 1}, {2, 7}, {5, 6}, {3, 4}], [{8, 1}, {2, 7}, {6}, {4, 5}, {3}], [{8, 1}, {3, 7}, {2, 6}, {4, 5}], [{8, 1}, {3, 7}, {4, 6}, {2, 5}], [{8, 1}, {3, 7}, {5, 6}, {2, 4}], [{8, 1}, {4, 7}, {2, 6}, {3, 5}], [{8, 1}, {4, 7}, {3, 6}, {2, 5}], [{8, 1}, {4, 7}, {5, 6}, {2, 3}], [{8, 1}, {4, 7}, {6}, {3, 5}, {2}], [{8, 1}, {5, 7}, {2, 6}, {3, 4}], [{8, 1}, {5, 7}, {3, 6}, {2, 4}], [{8, 1}, {5, 7}, {4, 6}, {2, 3}], [{8, 1}, {5, 7}, {6}, {2, 4}, {3}], [{8, 1}, {6, 7}, {2, 5}, {3, 4}], [{8, 1}, {6, 7}, {3, 5}, {2, 4}], [{8, 1}, {6, 7}, {3, 5}, {4}, {2}], [{8, 1}, {6, 7}, {4, 5}, {2, 3}], [{8, 1}, {7}, {4, 6}, {3, 5}, {2}], [{8, 1}, {7}, {6}, {2, 5}, {3, 4}], [{8, 2}, {1, 7}, {3, 6}, {4, 5}], [{8, 2}, {1, 7}, {4, 6}, {3, 5}], [{8, 2}, {1, 7}, {5, 6}, {3, 4}], [{8, 2}, {3, 7}, {1, 6}, {4, 5}], [{8, 2}, {3, 7}, {4, 6}, {1, 5}], [{8, 2}, {3, 7}, {4, 6}, {5}, {1}], [{8, 2}, {3, 7}, {5, 6}, {1, 4}], [{8, 2}, {4, 7}, {1, 6}, {3, 5}], [{8, 2}, {4, 7}, {3, 6}, {1, 5}], [{8, 2}, {4, 7}, {3, 6}, {5}, {1}], [{8, 2}, {4, 7}, {5, 6}, {1, 3}], [{8, 2}, {5, 7}, {1, 6}, {3, 4}], [{8, 2}, {5, 7}, {3, 6}, {1, 4}], [{8, 2}, {5, 7}, {4, 6}, {1, 3}], [{8, 2}, {6, 7}, {1, 5}, {3, 4}], [{8, 2}, {6, 7}, {3, 5}, {1, 4}], [{8, 2}, {6, 7}, {4, 5}, {1, 3}], [{8, 2}, {6, 7}, {5}, {3, 4}, {1}], [{8, 2}, {7}, {3, 6}, {1, 5}, {4}], [{8, 2}, {7}, {4, 6}, {1, 5}, {3}], [{8, 2}, {7}, {6}, {1, 5}, {3, 4}], [{8, 3}, {1, 7}, {2, 6}, {4, 5}], [{8, 3}, {1, 7}, {4, 6}, {2, 5}], [{8, 3}, {1, 7}, {4, 6}, {5}, {2}], [{8, 3}, {1, 7}, {5, 6}, {2, 4}], [{8, 3}, {1, 7}, {6}, {2, 5}, {4}], [{8, 3}, {2, 7}, {1, 6}, {4, 5}], [{8, 3}, {2, 7}, {4, 6}, {1, 5}], [{8, 3}, {2, 7}, {4, 6}, {5}, {1}], [{8, 3}, {2, 7}, {5, 6}, {1, 4}], [{8, 3}, {2, 7}, {5, 6}, {4}, {1}], [{8, 3}, {2, 7}, {6}, {4, 5}, {1}], [{8, 3}, {4, 7}, {1, 6}, {2, 5}], [{8, 3}, {4, 7}, {2, 6}, {1, 5}], [{8, 3}, {4, 7}, {5, 6}, {1, 2}], [{8, 3}, {4, 7}, {6}, {1, 5}, {2}], [{8, 3}, {5, 7}, {1, 6}, {2, 4}], [{8, 3}, {5, 7}, {2, 6}, {1, 4}], [{8, 3}, {5, 7}, {2, 6}, {4}, {1}], [{8, 3}, {5, 7}, {4, 6}, {1, 2}], [{8, 3}, {5, 7}, {4, 6}, {2}, {1}], [{8, 3}, {5, 7}, {6}, {2, 4}, {1}], [{8, 3}, {6, 7}, {1, 5}, {2, 4}], [{8, 3}, {6, 7}, {1, 5}, {4}, {2}], [{8, 3}, {6, 7}, {2, 5}, {1, 4}], [{8, 3}, {6, 7}, {4, 5}, {1, 2}], [{8, 3}, {7}, {4, 6}, {1, 5}, {2}], [{8, 3}, {7}, {4, 6}, {2, 5}, {1}], [{8, 3}, {7}, {4, 6}, {5}, {1, 2}], [{8, 3}, {7}, {4, 6}, {5}, {2}, {1}], [{8, 4}, {1, 7}, {2, 6}, {3, 5}], [{8, 4}, {1, 7}, {3, 6}, {2, 5}], [{8, 4}, {1, 7}, {3, 6}, {5}, {2}], [{8, 4}, {1, 7}, {5, 6}, {2, 3}], [{8, 4}, {2, 7}, {1, 6}, {3, 5}], [{8, 4}, {2, 7}, {3, 6}, {1, 5}], [{8, 4}, {2, 7}, {5, 6}, {1, 3}], [{8, 4}, {2, 7}, {5, 6}, {3}, {1}], [{8, 4}, {3, 7}, {1, 6}, {2, 5}], [{8, 4}, {3, 7}, {2, 6}, {1, 5}], [{8, 4}, {3, 7}, {5, 6}, {1, 2}], [{8, 4}, {5, 7}, {1, 6}, {2, 3}], [{8, 4}, {5, 7}, {2, 6}, {1, 3}], [{8, 4}, {5, 7}, {2, 6}, {3}, {1}], [{8, 4}, {5, 7}, {3, 6}, {1, 2}], [{8, 4}, {6, 7}, {1, 5}, {2, 3}], [{8, 4}, {6, 7}, {2, 5}, {1, 3}], [{8, 4}, {6, 7}, {3, 5}, {1, 2}], [{8, 5}, {1, 7}, {2, 6}, {3, 4}], [{8, 5}, {1, 7}, {3, 6}, {2, 4}], [{8, 5}, {1, 7}, {4, 6}, {2, 3}], [{8, 5}, {1, 7}, {6}, {3, 4}, {2}], [{8, 5}, {2, 7}, {1, 6}, {3, 4}], [{8, 5}, {2, 7}, {3, 6}, {1, 4}], [{8, 5}, {2, 7}, {4, 6}, {1, 3}], [{8, 5}, {3, 7}, {1, 6}, {2, 4}], [{8, 5}, {3, 7}, {2, 6}, {1, 4}], [{8, 5}, {3, 7}, {4, 6}, {1, 2}], [{8, 5}, {4, 7}, {1, 6}, {2, 3}], [{8, 5}, {4, 7}, {2, 6}, {1, 3}], [{8, 5}, {4, 7}, {3, 6}, {1, 2}], [{8, 5}, {4, 7}, {6}, {1, 3}, {2}], [{8, 5}, {6, 7}, {1, 4}, {2, 3}], [{8, 5}, {6, 7}, {2, 4}, {1, 3}], [{8, 5}, {6, 7}, {3, 4}, {1, 2}], [{8, 5}, {6, 7}, {4}, {1, 3}, {2}], [{8, 5}, {7}, {3, 6}, {4}, {1, 2}], [{8, 5}, {7}, {4, 6}, {1, 3}, {2}], [{8, 6}, {1, 7}, {2, 5}, {3, 4}], [{8, 6}, {1, 7}, {2, 5}, {4}, {3}], [{8, 6}, {1, 7}, {3, 5}, {2, 4}], [{8, 6}, {1, 7}, {4, 5}, {2, 3}], [{8, 6}, {2, 7}, {1, 5}, {3, 4}], [{8, 6}, {2, 7}, {3, 5}, {1, 4}], [{8, 6}, {2, 7}, {4, 5}, {1, 3}], [{8, 6}, {3, 7}, {1, 5}, {2, 4}], [{8, 6}, {3, 7}, {2, 5}, {1, 4}], [{8, 6}, {3, 7}, {4, 5}, {1, 2}], [{8, 6}, {4, 7}, {1, 5}, {2, 3}], [{8, 6}, {4, 7}, {2, 5}, {1, 3}], [{8, 6}, {4, 7}, {3, 5}, {1, 2}], [{8, 6}, {5, 7}, {1, 4}, {2, 3}], [{8, 6}, {5, 7}, {2, 4}, {1, 3}], [{8, 6}, {5, 7}, {2, 4}, {3}, {1}], [{8, 6}, {5, 7}, {3, 4}, {1, 2}], [{8, 7}, {1, 6}, {2, 5}, {3, 4}], [{8, 7}, {1, 6}, {3, 5}, {2, 4}], [{8, 7}, {1, 6}, {3, 5}, {4}, {2}], [{8, 7}, {1, 6}, {4, 5}, {2, 3}], [{8, 7}, {2, 6}, {1, 5}, {3, 4}], [{8, 7}, {2, 6}, {3, 5}, {1, 4}], [{8, 7}, {2, 6}, {4, 5}, {1, 3}], [{8, 7}, {3, 6}, {1, 5}, {2, 4}], [{8, 7}, {3, 6}, {1, 5}, {4}, {2}], [{8, 7}, {3, 6}, {2, 5}, {1, 4}], [{8, 7}, {3, 6}, {4, 5}, {1, 2}], [{8, 7}, {3, 6}, {4, 5}, {2}, {1}], [{8, 7}, {3, 6}, {5}, {1, 4}, {2}], [{8, 7}, {4, 6}, {1, 5}, {2, 3}], [{8, 7}, {4, 6}, {1, 5}, {3}, {2}], [{8, 7}, {4, 6}, {2, 5}, {1, 3}], [{8, 7}, {4, 6}, {3, 5}, {1, 2}], [{8, 7}, {4, 6}, {5}, {2, 3}, {1}], [{8, 7}, {5, 6}, {1, 4}, {2, 3}], [{8, 7}, {5, 6}, {2, 4}, {1, 3}], [{8, 7}, {5, 6}, {3, 4}, {1, 2}], [{8, 7}, {5, 6}, {4}, {1, 3}, {2}], [{8, 7}, {6}, {1, 5}, {3, 4}, {2}], [{8}, {1, 7}, {2, 6}, {4, 5}, {3}], [{8}, {1, 7}, {3, 6}, {2, 5}, {4}], [{8}, {1, 7}, {6}, {3, 5}, {2, 4}], [{8}, {2, 7}, {1, 6}, {5}, {3, 4}], [{8}, {2, 7}, {3, 6}, {1, 5}, {4}], [{8}, {2, 7}, {4, 6}, {1, 5}, {3}], [{8}, {2, 7}, {5, 6}, {3, 4}, {1}], [{8}, {2, 7}, {6}, {1, 5}, {3, 4}], [{8}, {2, 7}, {6}, {3, 5}, {1, 4}], [{8}, {2, 7}, {6}, {4, 5}, {1, 3}], [{8}, {3, 7}, {1, 6}, {4, 5}, {2}], [{8}, {3, 7}, {2, 6}, {1, 5}, {4}], [{8}, {3, 7}, {4, 6}, {1, 5}, {2}], [{8}, {3, 7}, {6}, {1, 5}, {2, 4}], [{8}, {4, 7}, {5, 6}, {2, 3}, {1}], [{8}, {5, 7}, {1, 6}, {2, 4}, {3}], [{8}, {5, 7}, {2, 6}, {3, 4}, {1}], [{8}, {5, 7}, {3, 6}, {2, 4}, {1}], [{8}, {5, 7}, {6}, {2, 4}, {1, 3}], [{8}, {7}, {4, 6}, {1, 5}, {2, 3}], [{8}, {7}, {4, 6}, {1, 5}, {3}, {2}]]",2,- 20 K_1^2 - 8 K_1 K_2 + 4 K_1 + 10 K_2 + 4 K_3 + 11,O1O2O3U4O5U6U5U7O8O4U2O7U1U3O6U8,O1O2O3U2O4U5U6U7O8U3O5O7U1O6U4U8,O1O2O3U4U5O6U3O7O8U1O4U7U6U8O5U2,c,{'O1O2O3U4O5U1U3O6U2O7O4U6U8U5O8U7'},1,"<a href=""/flatknot/8.1101822"">8.1101822</a>",t^9-34t^7-70t^6+131t^5+400t^4-4t^3-506t^2-247t-54,0,,
8.1101823,O1O2O3U4O5U1U3O6U2O7O4U7U8U5O8U6,4,9z^2+94z+153,9w^3z^2+94w^2z+153w,False,False,"[[ 0 -2  0  1  0  2  1 -1 -1],[ 2  0  2  1  0  2  1 -1  1],[ 0 -2  0  0 -1  1  1 -1 -1],[-1 -1  0  0 -1  0  0 -1 -2],[ 0  0  1  1  0  1 -1 -1  0],[-2 -2 -1  0 -1  0  0  0 -2],[-1 -1 -1  0  1  0  0  0 -1],[ 1  1  1  1  1  0  0  0  1],[ 1 -1  1  2  0  2  1 -1  0]]","[[ 0  2  1  1  0  0 -1 -1 -2],[-2  0  0  0 -1 -1  0 -2 -2],[-1  0  0  0  1 -1  0 -1 -1],[-1  0  0  0 -1  0 -1 -2 -1],[ 0  1 -1  1  0  1 -1  0  0],[ 0  1  1  0 -1  0 -1 -1 -2],[ 1  0  0  1  1  1  0  1  1],[ 1  2  1  2  0  1 -1  0 -1],[ 2  2  1  1  0  2 -1  1  0]]",True,"[-2,-1,-1,0,0,1,1,2,0,0,1,1,0,2,2,0,-1,1,0,1,1,1,0,1,2,1,-1,1,0,0,1,1,2,-1,-1,1]","[-2,-1,-1,0,0,1,1,2,-1,1,0,2,1,1,2,1,1,1,0,1,0,0,1,1,2,2,1,-1,1,1,1,0,1,0,0,0]",t^8+32t^6+124t^4+90t^2+9,"[-2,-1,-1,0,0,1,1,2,0,2,0,2,2,2,2,1,0,1,0,1,1,0,0,1,2,3,1,1,0,1,0,2,1,0,1,1]","[-2,-1,-1,0,0,1,1,2,1,1,1,1,1,3,2,0,0,1,0,1,2,2,0,1,2,2,1,1,0,2,0,0,0,-1,0,2]","[-2,-1,-1,0,0,1,1,2,-1,1,0,2,1,1,2,1,1,1,0,1,0,0,1,1,2,2,1,-1,1,1,1,0,1,0,0,0]",c,"[[{8, 2}, {3, 7}, {4, 6}, {1, 5}], [{8, 2}, {5, 7}, {4, 6}, {1, 3}], [{8, 3}, {6, 7}, {1, 5}, {2, 4}], [{8, 4}, {3, 7}, {2, 6}, {1, 5}], [{8, 6}, {3, 7}, {1, 5}, {2, 4}]]",1,8 K_1^3 - 44 K_1^2 - 32 K_1 K_2 + 10 K_1 + 22 K_2 + 14 K_3 + 23,O1O2O3U4O5U6U5U7O8O7U2O4U1U3O6U8,O1O2O3U2O4U5U6U7O8U3O5O7U4O6U1U8,O1O2O3U4U3O5U6O7O8U1O4U7U5U8O6U2,c,{'O1O2O3U4O5U1U3O6U2O7O4U7U8U5O8U6'},1,"<a href=""/flatknot/8.1101823"">8.1101823</a>",t^9-32t^7-68t^6+26t^5+100t^4+5t^3-16t^2-10t-4,0,,
8.1101824,O1O2O3U4O5U1U3O6U2O7O4U8U5U6O8U7,4,z^3+19z^2+101z+135,w^4z^3+19w^3z^2+101w^2z+135w,False,False,"[[ 0 -2  0  1  0  1  1  1 -2],[ 2  0  2  1  0  2  1  0  1],[ 0 -2  0  0 -1  1  1  1 -2],[-1 -1  0  0 -1  0  0  0 -2],[ 0  0  1  1  0  1  0 -1  0],[-1 -2 -1  0 -1  0  1  1 -2],[-1 -1 -1  0  0 -1  0  0 -1],[-1  0 -1  0  1 -1  0  0 -1],[ 2 -1  2  2  0  2  1  1  0]]","[[ 0  1  1  1  1  0  0 -2 -2],[-1  0  1  1  0 -1 -1 -2 -2],[-1 -1  0  0  0  1 -1  0 -1],[-1 -1  0  0  0  0 -1 -1 -1],[-1  0  0  0  0 -1  0 -1 -2],[ 0  1 -1  0  1  0  1  0  0],[ 0  1  1  1  0 -1  0 -2 -2],[ 2  2  0  1  1  0  2  0  1],[ 2  2  1  1  2  0  2 -1  0]]",True,"[-1,-1,-1,-1,0,0,2,2,-1,-1,0,1,1,2,2,0,0,-1,1,0,1,0,0,1,1,1,1,0,1,2,-1,0,0,2,2,-1]","[-2,-2,0,0,1,1,1,1,-1,0,2,1,1,2,2,0,2,0,1,1,2,1,-1,0,1,1,1,1,0,1,0,0,-1,0,-1,0]",t^8+34t^6+104t^4+55t^2+4,"[-2,-2,0,0,1,1,1,1,-1,0,2,1,2,2,3,0,2,1,1,2,2,1,0,1,0,0,0,0,1,2,0,-1,-1,0,0,0]","[-1,-1,-1,-1,0,0,2,2,-1,0,0,0,1,2,2,0,1,0,0,1,1,0,1,0,1,2,0,2,2,3,-1,0,0,2,2,-1]","[-2,-2,0,0,1,1,1,1,-1,0,2,1,1,2,2,0,2,0,1,1,2,1,-1,0,1,1,1,1,0,1,0,0,-1,0,-1,0]",c,"[[{8, 3}, {5, 7}, {1, 6}, {2, 4}], [{8, 6}, {5, 7}, {2, 4}, {1, 3}]]",1,16 K_1^3 - 32 K_1^2 - 36 K_1 K_2 + 6 K_1 + 16 K_2 + 14 K_3 + 17,O1O2O3U4O5U6U7U5O8O4U2O6U1U3O7U8,O1O2O3U1O4U5U6U7O8U2O5O7U3O6U4U8,O1O2O3U4U5O6U1O7O8U2O4U7U6U8O5U3,c,{'O1O2O3U4O5U1U3O6U2O7O4U8U5U6O8U7'},1,"<a href=""/flatknot/8.1101824"">8.1101824</a>",t^9-38t^7-76t^6+40t^5+190t^4+117t^3-64t^2-93t-26,2t^2-4t,,
8.1101825,O1O2O3U4O5U1U3O6U2O7O4U8U5U7O8U6,4,2z^3+25z^2+104z+125,2w^4z^3+25w^3z^2+104w^2z+125w,False,False,"[[ 0 -2  0  1  0  1  1  1 -2],[ 2  0  2  1  0  2  1  0  1],[ 0 -2  0  0 -1  1  1  0 -1],[-1 -1  0  0 -1  0  0  0 -2],[ 0  0  1  1  0  1 -1  0  0],[-1 -2 -1  0 -1  0  1  1 -2],[-1 -1 -1  0  1 -1  0  1 -2],[-1  0  0  0  0 -1 -1  0 -1],[ 2 -1  1  2  0  2  2  1  0]]","[[ 0  1  1  1  1  0  0 -2 -2],[-1  0  1  1  0 -1 -1 -2 -2],[-1 -1  0  1  0  1 -1 -1 -2],[-1 -1 -1  0  0  0  0  0 -1],[-1  0  0  0  0 -1  0 -1 -2],[ 0  1 -1  0  1  0  1  0  0],[ 0  1  1  0  0 -1  0 -2 -1],[ 2  2  1  0  1  0  2  0  1],[ 2  2  2  1  2  0  1 -1  0]]",True,"[-1,-1,-1,-1,0,0,2,2,-1,-1,0,1,1,2,2,-1,0,-1,1,1,2,0,0,0,0,1,1,0,1,2,-1,0,0,2,1,-1]","[-2,-2,0,0,1,1,1,1,-1,0,1,1,2,2,2,0,2,0,1,1,2,1,0,-1,1,1,0,1,0,1,-1,0,-1,0,-1,0]",t^8+34t^6+157t^4+99t^2+9,"[-2,-2,0,0,1,1,1,1,-1,0,2,1,2,2,3,1,2,1,1,1,2,1,0,0,1,1,0,2,0,1,-1,0,-1,0,-1,0]","[-1,-1,-1,-1,0,0,2,2,-1,-1,0,1,1,2,3,-1,0,0,2,1,2,0,0,0,1,1,1,0,1,2,-1,1,0,2,2,-1]","[-2,-2,0,0,1,1,1,1,-1,0,1,1,2,2,2,0,2,0,1,1,2,1,0,-1,1,1,0,1,0,1,-1,0,-1,0,-1,0]",c,"[[{8, 3}, {6, 7}, {1, 5}, {2, 4}], [{8, 3}, {7}, {6}, {1, 5}, {2, 4}]]",1,8 K_1^3 - 16 K_1^2 - 12 K_1 K_2 + 8 K_2 + 4 K_3 + 9,O1O2O3U4O5U6U7U5O8O6U2O4U1U3O7U8,O1O2O3U1O4U5U6U7O8U2O5O7U4O6U3U8,O1O2O3U4U1O5U6O7O8U2O4U7U5U8O6U3,c,{'O1O2O3U4O5U1U3O6U2O7O4U8U5U7O8U6'},1,"<a href=""/flatknot/8.1101825"">8.1101825</a>",t^9-38t^7-72t^6+79t^5+164t^4-114t^3-184t^2+40t+64,2t^2-4t,,
8.1101826,O1O2O3U4O5U1U3O6U2O7O4U8U6U5O8U7,4,12z^2+81z+115,12w^3z^2+81w^2z+115w,False,False,"[[ 0 -2  0  1  0  2  0  1 -2],[ 2  0  2  1  0  2  0  0  1],[ 0 -2  0  0 -1  2  0  1 -2],[-1 -1  0  0 -1  0 -1  0 -2],[ 0  0  1  1  0  1  0 -1  0],[-2 -2 -2  0 -1  0  0  1 -3],[ 0  0  0  1  0  0  0  0  0],[-1  0 -1  0  1 -1  0  0 -1],[ 2 -1  2  2  0  3  0  1  0]]","[[ 0  2  1  1  0  0  0 -2 -2],[-2  0  1  0  0 -1 -2 -2 -3],[-1 -1  0  0  0  1 -1  0 -1],[-1  0  0  0 -1 -1  0 -1 -2],[ 0  0  0  1  0  0  0  0  0],[ 0  1 -1  1  0  0  1  0  0],[ 0  2  1  0  0 -1  0 -2 -2],[ 2  2  0  1  0  0  2  0  1],[ 2  3  1  2  0  0  2 -1  0]]",True,"[-2,-1,-1,0,0,0,2,2,-1,0,0,1,2,2,3,0,0,-1,1,0,1,1,1,0,1,2,0,0,0,0,-1,0,0,2,2,-1]","[-2,-2,0,0,0,1,1,2,-1,0,0,2,1,2,3,0,0,2,0,1,2,0,0,0,1,0,1,-1,1,1,1,0,2,0,-1,0]",t^8+39t^6+132t^4+80t^2,"[-2,-2,0,0,0,1,1,2,-1,0,2,2,2,3,2,0,2,2,1,2,1,0,1,1,0,0,0,0,1,2,0,2,1,0,1,2]","[-2,-1,-1,0,0,0,2,2,1,2,0,1,2,1,2,0,1,0,0,1,2,0,2,1,2,3,-1,0,0,0,0,2,2,2,2,-1]","[-2,-2,0,0,0,1,1,2,-1,0,0,2,1,2,3,0,0,2,0,1,2,0,0,0,1,0,1,-1,1,1,1,0,2,0,-1,0]",c,"[[{8, 5}, {2, 7}, {3, 6}, {1, 4}]]",1,4 K_1^3 - 26 K_1^2 - 20 K_1 K_2 + 7 K_1 + 13 K_2 + 9 K_3 + 14,O1O2O3U4O5U6U7U5O8O4U2O7U1U3O6U8,O1O2O3U1O4U5U6U7O8U3O5O7U2O6U4U8,O1O2O3U4U5O6U2O7O8U1O4U7U6U8O5U3,c,{'O1O2O3U4O5U1U3O6U2O7O4U8U6U5O8U7'},1,"<a href=""/flatknot/8.1101826"">8.1101826</a>",t^9-41t^7-90t^6+67t^5+292t^4+116t^3-192t^2-196t-52,t^2-2t,,
8.1101827,O1O2O3U4O5U1U3O6U2O7O4U8U7U5O8U6,4,2z^3+31z^2+102z+97,2w^4z^3+31w^3z^2+102w^2z+97w,False,False,"[[ 0 -2  0  1  0  2  1  0 -2],[ 2  0  2  1  0  2  1 -1  1],[ 0 -2  0  0 -1  1  1 -1 -1],[-1 -1  0  0 -1  0  0 -1 -2],[ 0  0  1  1  0  1 -1  0  0],[-2 -2 -1  0 -1  0  0  0 -3],[-1 -1 -1  0  1  0  0  1 -2],[ 0  1  1  1  0  0 -1  0  0],[ 2 -1  1  2  0  3  2  0  0]]","[[ 0  2  1  1  0  0  0 -2 -2],[-2  0  0  0  0 -1 -1 -2 -3],[-1  0  0  0  1  1 -1 -1 -2],[-1  0  0  0 -1 -1  0 -1 -2],[ 0  0 -1  1  0  0  1  1  0],[ 0  1 -1  1  0  0  1  0  0],[ 0  1  1  0 -1 -1  0 -2 -1],[ 2  2  1  1 -1  0  2  0  1],[ 2  3  2  2  0  0  1 -1  0]]",True,"[-2,-1,-1,0,0,0,2,2,0,0,0,1,1,2,3,0,-1,-1,1,1,2,1,1,0,1,2,0,-1,-1,0,-1,0,0,2,1,-1]","[-2,-2,0,0,0,1,1,2,-1,0,0,1,2,2,3,-1,0,2,1,1,2,0,1,-1,1,0,1,-1,1,1,1,0,1,0,0,0]",t^8+39t^6+230t^4+152t^2+4,"[-2,-2,0,0,0,1,1,2,-1,0,2,3,2,2,2,1,2,2,1,1,1,1,1,0,1,1,0,2,0,1,2,0,2,0,1,1]","[-2,-1,-1,0,0,0,2,2,1,1,1,1,2,1,2,0,0,1,0,1,2,2,0,2,1,2,1,0,2,2,-1,1,0,2,3,-1]","[-2,-2,0,0,0,1,1,2,-1,0,0,1,2,2,3,-1,0,2,1,1,2,0,1,-1,1,0,1,-1,1,1,1,0,1,0,0,0]",c,"[[{8, 1}, {2, 7}, {3, 6}, {4, 5}], [{8, 1}, {2, 7}, {4, 6}, {3, 5}], [{8, 1}, {2, 7}, {4, 6}, {5}, {3}], [{8, 1}, {2, 7}, {5, 6}, {3, 4}], [{8, 1}, {3, 7}, {2, 6}, {4, 5}], [{8, 1}, {3, 7}, {4, 6}, {2, 5}], [{8, 1}, {3, 7}, {5, 6}, {2, 4}], [{8, 1}, {3, 7}, {6}, {2, 5}, {4}], [{8, 1}, {3, 7}, {6}, {4, 5}, {2}], [{8, 1}, {3, 7}, {6}, {5}, {2, 4}], [{8, 1}, {4, 7}, {2, 6}, {3, 5}], [{8, 1}, {4, 7}, {3, 6}, {2, 5}], [{8, 1}, {4, 7}, {5, 6}, {2, 3}], [{8, 1}, {5, 7}, {2, 6}, {3, 4}], [{8, 1}, {5, 7}, {3, 6}, {2, 4}], [{8, 1}, {5, 7}, {4, 6}, {2, 3}], [{8, 1}, {6, 7}, {2, 5}, {3, 4}], [{8, 1}, {6, 7}, {3, 5}, {2, 4}], [{8, 1}, {6, 7}, {4, 5}, {2, 3}], [{8, 1}, {6, 7}, {4, 5}, {3}, {2}], [{8, 1}, {7}, {3, 6}, {4, 5}, {2}], [{8, 1}, {7}, {5, 6}, {2, 4}, {3}], [{8, 2}, {1, 7}, {3, 6}, {4, 5}], [{8, 2}, {1, 7}, {4, 6}, {3, 5}], [{8, 2}, {1, 7}, {4, 6}, {5}, {3}], [{8, 2}, {1, 7}, {5, 6}, {3, 4}], [{8, 2}, {1, 7}, {6}, {3, 5}, {4}], [{8, 2}, {3, 7}, {1, 6}, {4, 5}], [{8, 2}, {3, 7}, {4, 6}, {1, 5}], [{8, 2}, {3, 7}, {5, 6}, {1, 4}], [{8, 2}, {4, 7}, {1, 6}, {3, 5}], [{8, 2}, {4, 7}, {1, 6}, {5}, {3}], [{8, 2}, {4, 7}, {3, 6}, {1, 5}], [{8, 2}, {4, 7}, {5, 6}, {1, 3}], [{8, 2}, {4, 7}, {6}, {3, 5}, {1}], [{8, 2}, {5, 7}, {1, 6}, {3, 4}], [{8, 2}, {5, 7}, {3, 6}, {1, 4}], [{8, 2}, {5, 7}, {4, 6}, {1, 3}], [{8, 2}, {6, 7}, {1, 5}, {3, 4}], [{8, 2}, {6, 7}, {3, 5}, {1, 4}], [{8, 2}, {6, 7}, {4, 5}, {1, 3}], [{8, 2}, {7}, {3, 6}, {1, 5}, {4}], [{8, 2}, {7}, {5, 6}, {3, 4}, {1}], [{8, 2}, {7}, {6}, {3, 5}, {1, 4}], [{8, 3}, {1, 7}, {2, 6}, {4, 5}], [{8, 3}, {1, 7}, {4, 6}, {2, 5}], [{8, 3}, {1, 7}, {5, 6}, {2, 4}], [{8, 3}, {2, 7}, {1, 6}, {4, 5}], [{8, 3}, {2, 7}, {4, 6}, {1, 5}], [{8, 3}, {2, 7}, {5, 6}, {1, 4}], [{8, 3}, {2, 7}, {6}, {1, 5}, {4}], [{8, 3}, {4, 7}, {1, 6}, {2, 5}], [{8, 3}, {4, 7}, {2, 6}, {1, 5}], [{8, 3}, {4, 7}, {5, 6}, {1, 2}], [{8, 3}, {4, 7}, {6}, {1, 5}, {2}], [{8, 3}, {5, 7}, {1, 6}, {2, 4}], [{8, 3}, {5, 7}, {2, 6}, {1, 4}], [{8, 3}, {5, 7}, {4, 6}, {1, 2}], [{8, 3}, {6, 7}, {1, 5}, {2, 4}], [{8, 3}, {6, 7}, {1, 5}, {4}, {2}], [{8, 3}, {6, 7}, {2, 5}, {1, 4}], [{8, 3}, {6, 7}, {4, 5}, {1, 2}], [{8, 3}, {7}, {2, 6}, {1, 5}, {4}], [{8, 3}, {7}, {4, 6}, {1, 5}, {2}], [{8, 3}, {7}, {4, 6}, {2, 5}, {1}], [{8, 3}, {7}, {4, 6}, {5}, {1, 2}], [{8, 3}, {7}, {6}, {1, 5}, {2, 4}], [{8, 3}, {7}, {6}, {1, 5}, {4}, {2}], [{8, 4}, {1, 7}, {2, 6}, {3, 5}], [{8, 4}, {1, 7}, {3, 6}, {2, 5}], [{8, 4}, {1, 7}, {3, 6}, {5}, {2}], [{8, 4}, {1, 7}, {5, 6}, {2, 3}], [{8, 4}, {2, 7}, {1, 6}, {3, 5}], [{8, 4}, {2, 7}, {3, 6}, {1, 5}], [{8, 4}, {2, 7}, {3, 6}, {5}, {1}], [{8, 4}, {2, 7}, {5, 6}, {1, 3}], [{8, 4}, {3, 7}, {1, 6}, {2, 5}], [{8, 4}, {3, 7}, {2, 6}, {1, 5}], [{8, 4}, {3, 7}, {5, 6}, {1, 2}], [{8, 4}, {3, 7}, {6}, {5}, {1, 2}], [{8, 4}, {5, 7}, {1, 6}, {2, 3}], [{8, 4}, {5, 7}, {2, 6}, {1, 3}], [{8, 4}, {5, 7}, {3, 6}, {1, 2}], [{8, 4}, {5, 7}, {3, 6}, {2}, {1}], [{8, 4}, {5, 7}, {6}, {3}, {1, 2}], [{8, 4}, {6, 7}, {1, 5}, {2, 3}], [{8, 4}, {6, 7}, {2, 5}, {1, 3}], [{8, 4}, {6, 7}, {3, 5}, {1, 2}], [{8, 4}, {6, 7}, {5}, {3}, {1, 2}], [{8, 4}, {7}, {1, 6}, {5}, {2, 3}], [{8, 4}, {7}, {2, 6}, {5}, {1, 3}], [{8, 4}, {7}, {3, 6}, {1, 5}, {2}], [{8, 4}, {7}, {3, 6}, {2, 5}, {1}], [{8, 4}, {7}, {3, 6}, {5}, {1, 2}], [{8, 4}, {7}, {3, 6}, {5}, {2}, {1}], [{8, 4}, {7}, {5, 6}, {3}, {1, 2}], [{8, 4}, {7}, {6}, {3, 5}, {1, 2}], [{8, 4}, {7}, {6}, {5}, {3}, {1, 2}], [{8, 5}, {1, 7}, {2, 6}, {3, 4}], [{8, 5}, {1, 7}, {2, 6}, {4}, {3}], [{8, 5}, {1, 7}, {3, 6}, {2, 4}], [{8, 5}, {1, 7}, {4, 6}, {2, 3}], [{8, 5}, {2, 7}, {1, 6}, {3, 4}], [{8, 5}, {2, 7}, {3, 6}, {1, 4}], [{8, 5}, {2, 7}, {4, 6}, {1, 3}], [{8, 5}, {2, 7}, {6}, {1, 4}, {3}], [{8, 5}, {3, 7}, {1, 6}, {2, 4}], [{8, 5}, {3, 7}, {2, 6}, {1, 4}], [{8, 5}, {3, 7}, {4, 6}, {1, 2}], [{8, 5}, {3, 7}, {6}, {1, 4}, {2}], [{8, 5}, {4, 7}, {1, 6}, {2, 3}], [{8, 5}, {4, 7}, {2, 6}, {1, 3}], [{8, 5}, {4, 7}, {2, 6}, {3}, {1}], [{8, 5}, {4, 7}, {3, 6}, {1, 2}], [{8, 5}, {6, 7}, {1, 4}, {2, 3}], [{8, 5}, {6, 7}, {1, 4}, {3}, {2}], [{8, 5}, {6, 7}, {2, 4}, {1, 3}], [{8, 5}, {6, 7}, {3, 4}, {1, 2}], [{8, 5}, {7}, {1, 6}, {3, 4}, {2}], [{8, 5}, {7}, {2, 6}, {1, 4}, {3}], [{8, 5}, {7}, {3, 6}, {1, 4}, {2}], [{8, 5}, {7}, {4, 6}, {1, 3}, {2}], [{8, 5}, {7}, {6}, {1, 4}, {2, 3}], [{8, 6}, {1, 7}, {2, 5}, {3, 4}], [{8, 6}, {1, 7}, {3, 5}, {2, 4}], [{8, 6}, {1, 7}, {4, 5}, {2, 3}], [{8, 6}, {1, 7}, {5}, {4}, {2, 3}], [{8, 6}, {2, 7}, {1, 5}, {3, 4}], [{8, 6}, {2, 7}, {1, 5}, {4}, {3}], [{8, 6}, {2, 7}, {3, 5}, {1, 4}], [{8, 6}, {2, 7}, {3, 5}, {4}, {1}], [{8, 6}, {2, 7}, {4, 5}, {1, 3}], [{8, 6}, {2, 7}, {5}, {4}, {1, 3}], [{8, 6}, {3, 7}, {1, 5}, {2, 4}], [{8, 6}, {3, 7}, {1, 5}, {4}, {2}], [{8, 6}, {3, 7}, {2, 5}, {1, 4}], [{8, 6}, {3, 7}, {4, 5}, {1, 2}], [{8, 6}, {3, 7}, {5}, {2, 4}, {1}], [{8, 6}, {4, 7}, {1, 5}, {2, 3}], [{8, 6}, {4, 7}, {1, 5}, {3}, {2}], [{8, 6}, {4, 7}, {2, 5}, {1, 3}], [{8, 6}, {4, 7}, {3, 5}, {1, 2}], [{8, 6}, {5, 7}, {1, 4}, {2, 3}], [{8, 6}, {5, 7}, {2, 4}, {1, 3}], [{8, 6}, {5, 7}, {3, 4}, {1, 2}], [{8, 6}, {5, 7}, {4}, {2, 3}, {1}], [{8, 6}, {7}, {1, 5}, {2, 4}, {3}], [{8, 6}, {7}, {1, 5}, {3, 4}, {2}], [{8, 6}, {7}, {1, 5}, {4}, {2, 3}], [{8, 6}, {7}, {1, 5}, {4}, {3}, {2}], [{8, 6}, {7}, {2, 5}, {3, 4}, {1}], [{8, 6}, {7}, {5}, {3, 4}, {1, 2}], [{8, 7}, {1, 6}, {2, 5}, {3, 4}], [{8, 7}, {1, 6}, {3, 5}, {2, 4}], [{8, 7}, {1, 6}, {4, 5}, {2, 3}], [{8, 7}, {2, 6}, {1, 5}, {3, 4}], [{8, 7}, {2, 6}, {3, 5}, {1, 4}], [{8, 7}, {2, 6}, {3, 5}, {4}, {1}], [{8, 7}, {2, 6}, {4, 5}, {1, 3}], [{8, 7}, {3, 6}, {1, 5}, {2, 4}], [{8, 7}, {3, 6}, {1, 5}, {4}, {2}], [{8, 7}, {3, 6}, {2, 5}, {1, 4}], [{8, 7}, {3, 6}, {4, 5}, {1, 2}], [{8, 7}, {4, 6}, {1, 5}, {2, 3}], [{8, 7}, {4, 6}, {2, 5}, {1, 3}], [{8, 7}, {4, 6}, {3, 5}, {1, 2}], [{8, 7}, {4, 6}, {5}, {2, 3}, {1}], [{8, 7}, {5, 6}, {1, 4}, {2, 3}], [{8, 7}, {5, 6}, {2, 4}, {1, 3}], [{8, 7}, {5, 6}, {3, 4}, {1, 2}], [{8, 7}, {5, 6}, {3, 4}, {2}, {1}], [{8}, {2, 7}, {3, 6}, {1, 5}, {4}], [{8}, {2, 7}, {5, 6}, {3, 4}, {1}], [{8}, {2, 7}, {6}, {4, 5}, {1, 3}], [{8}, {3, 7}, {1, 6}, {5}, {2, 4}], [{8}, {4, 7}, {3, 6}, {1, 5}, {2}], [{8}, {5, 7}, {2, 6}, {3, 4}, {1}], [{8}, {7}, {3, 6}, {1, 5}, {2, 4}], [{8}, {7}, {3, 6}, {1, 5}, {4}, {2}]]",2,8 K_1^3 - 10 K_1^2 - 8 K_1 K_2 - 2 K_1 + 5 K_2 + 2 K_3 + 6,O1O2O3U4O5U6U7U5O8O7U2O4U1U3O6U8,O1O2O3U1O4U5U6U7O8U3O5O7U4O6U2U8,O1O2O3U4U2O5U6O7O8U1O4U7U5U8O6U3,c,{'O1O2O3U4O5U1U3O6U2O7O4U8U7U5O8U6'},1,"<a href=""/flatknot/8.1101827"">8.1101827</a>",t^9-41t^7-68t^6+121t^5+152t^4-162t^3-70t^2+51t+8,t^2-2t,,
8.1101828,O1O2O3U4O5U1U3O6U5O7O4U2U8U6O8U7,4,z^3+21z^2+103z+131,w^4z^3+21w^3z^2+103w^2z+131w,False,False,"[[ 0 -2 -1  1  0  1  1  1 -1],[ 2  0  2  1  0  2  1  0  2],[ 1 -2  0  0  0  1  1  1  0],[-1 -1  0  0 -2  1  0 -1 -1],[ 0  0  0  2  0  1  0  0  0],[-1 -2 -1 -1 -1  0  1  1 -2],[-1 -1 -1  0  0 -1  0  0 -1],[-1  0 -1  1  0 -1  0  0 -1],[ 1 -2  0  1  0  2  1  1  0]]","[[ 0  1  1  1  1  0 -1 -1 -2],[-1  0  1  1 -1 -1 -1 -2 -2],[-1 -1  0  0  1  0 -1 -1  0],[-1 -1  0  0  0  0 -1 -1 -1],[-1  1 -1  0  0 -2  0 -1 -1],[ 0  1  0  0  2  0  0  0  0],[ 1  1  1  1  0  0  0  0 -2],[ 1  2  1  1  1  0  0  0 -2],[ 2  2  0  1  1  0  2  2  0]]",True,"[-1,-1,-1,-1,0,1,1,2,-1,-1,1,1,1,2,2,0,-1,0,1,1,0,0,0,1,1,1,2,0,1,1,0,0,0,0,2,2]","[-2,-1,-1,0,1,1,1,1,-1,-1,2,1,2,2,3,0,1,0,1,1,1,1,1,1,2,1,0,1,-1,1,-1,1,-1,0,0,1]",t^8+33t^6+187t^4+106t^2+1,"[-2,-1,-1,0,1,1,1,1,-1,-1,2,1,2,2,3,0,1,0,1,1,1,1,1,1,2,1,0,1,-1,1,-1,1,-1,0,0,1]","[-1,-1,-1,-1,0,1,1,2,-1,0,0,1,1,1,2,-1,1,0,0,1,1,-1,-1,1,2,2,1,1,1,3,1,1,2,0,-1,-1]","[-2,-1,-1,0,1,1,1,1,2,2,0,0,1,1,2,0,0,1,0,1,1,0,1,1,1,2,0,2,0,1,1,0,-1,0,1,-1]",c,"[[{8, 1}, {2, 7}, {3, 6}, {4, 5}], [{8, 1}, {2, 7}, {4, 6}, {3, 5}], [{8, 1}, {2, 7}, {5, 6}, {3, 4}], [{8, 1}, {2, 7}, {6}, {3, 5}, {4}], [{8, 1}, {2, 7}, {6}, {4, 5}, {3}], [{8, 1}, {2, 7}, {6}, {5}, {3, 4}], [{8, 1}, {3, 7}, {2, 6}, {4, 5}], [{8, 1}, {3, 7}, {4, 6}, {2, 5}], [{8, 1}, {3, 7}, {5, 6}, {2, 4}], [{8, 1}, {3, 7}, {6}, {4, 5}, {2}], [{8, 1}, {4, 7}, {2, 6}, {3, 5}], [{8, 1}, {4, 7}, {3, 6}, {2, 5}], [{8, 1}, {4, 7}, {5, 6}, {2, 3}], [{8, 1}, {5, 7}, {2, 6}, {3, 4}], [{8, 1}, {5, 7}, {3, 6}, {2, 4}], [{8, 1}, {5, 7}, {4, 6}, {2, 3}], [{8, 1}, {6, 7}, {2, 5}, {3, 4}], [{8, 1}, {6, 7}, {3, 5}, {2, 4}], [{8, 1}, {6, 7}, {4, 5}, {2, 3}], [{8, 1}, {7}, {3, 6}, {5}, {2, 4}], [{8, 1}, {7}, {6}, {4, 5}, {2, 3}], [{8, 2}, {1, 7}, {3, 6}, {4, 5}], [{8, 2}, {1, 7}, {4, 6}, {3, 5}], [{8, 2}, {1, 7}, {5, 6}, {3, 4}], [{8, 2}, {3, 7}, {1, 6}, {4, 5}], [{8, 2}, {3, 7}, {4, 6}, {1, 5}], [{8, 2}, {3, 7}, {5, 6}, {1, 4}], [{8, 2}, {3, 7}, {6}, {4, 5}, {1}], [{8, 2}, {4, 7}, {1, 6}, {3, 5}], [{8, 2}, {4, 7}, {3, 6}, {1, 5}], [{8, 2}, {4, 7}, {5, 6}, {1, 3}], [{8, 2}, {5, 7}, {1, 6}, {3, 4}], [{8, 2}, {5, 7}, {3, 6}, {1, 4}], [{8, 2}, {5, 7}, {4, 6}, {1, 3}], [{8, 2}, {6, 7}, {1, 5}, {3, 4}], [{8, 2}, {6, 7}, {3, 5}, {1, 4}], [{8, 2}, {6, 7}, {4, 5}, {1, 3}], [{8, 2}, {7}, {1, 6}, {3, 5}, {4}], [{8, 2}, {7}, {4, 6}, {3, 5}, {1}], [{8, 2}, {7}, {6}, {3, 5}, {1, 4}], [{8, 3}, {1, 7}, {2, 6}, {4, 5}], [{8, 3}, {1, 7}, {4, 6}, {2, 5}], [{8, 3}, {1, 7}, {5, 6}, {2, 4}], [{8, 3}, {2, 7}, {1, 6}, {4, 5}], [{8, 3}, {2, 7}, {4, 6}, {1, 5}], [{8, 3}, {2, 7}, {5, 6}, {1, 4}], [{8, 3}, {4, 7}, {1, 6}, {2, 5}], [{8, 3}, {4, 7}, {2, 6}, {1, 5}], [{8, 3}, {4, 7}, {5, 6}, {1, 2}], [{8, 3}, {5, 7}, {1, 6}, {2, 4}], [{8, 3}, {5, 7}, {1, 6}, {4}, {2}], [{8, 3}, {5, 7}, {2, 6}, {1, 4}], [{8, 3}, {5, 7}, {4, 6}, {1, 2}], [{8, 3}, {6, 7}, {1, 5}, {2, 4}], [{8, 3}, {6, 7}, {2, 5}, {1, 4}], [{8, 3}, {6, 7}, {4, 5}, {1, 2}], [{8, 3}, {7}, {1, 6}, {5}, {2, 4}], [{8, 3}, {7}, {4, 6}, {2, 5}, {1}], [{8, 4}, {1, 7}, {2, 6}, {3, 5}], [{8, 4}, {1, 7}, {3, 6}, {2, 5}], [{8, 4}, {1, 7}, {5, 6}, {2, 3}], [{8, 4}, {1, 7}, {5, 6}, {3}, {2}], [{8, 4}, {2, 7}, {1, 6}, {3, 5}], [{8, 4}, {2, 7}, {3, 6}, {1, 5}], [{8, 4}, {2, 7}, {5, 6}, {1, 3}], [{8, 4}, {3, 7}, {1, 6}, {2, 5}], [{8, 4}, {3, 7}, {2, 6}, {1, 5}], [{8, 4}, {3, 7}, {5, 6}, {1, 2}], [{8, 4}, {3, 7}, {6}, {5}, {1, 2}], [{8, 4}, {5, 7}, {1, 6}, {2, 3}], [{8, 4}, {5, 7}, {2, 6}, {1, 3}], [{8, 4}, {5, 7}, {3, 6}, {1, 2}], [{8, 4}, {6, 7}, {1, 5}, {2, 3}], [{8, 4}, {6, 7}, {2, 5}, {1, 3}], [{8, 4}, {6, 7}, {2, 5}, {3}, {1}], [{8, 4}, {6, 7}, {3, 5}, {1, 2}], [{8, 4}, {7}, {1, 6}, {3, 5}, {2}], [{8, 4}, {7}, {5, 6}, {2, 3}, {1}], [{8, 5}, {1, 7}, {2, 6}, {3, 4}], [{8, 5}, {1, 7}, {2, 6}, {4}, {3}], [{8, 5}, {1, 7}, {3, 6}, {2, 4}], [{8, 5}, {1, 7}, {4, 6}, {2, 3}], [{8, 5}, {2, 7}, {1, 6}, {3, 4}], [{8, 5}, {2, 7}, {3, 6}, {1, 4}], [{8, 5}, {2, 7}, {4, 6}, {1, 3}], [{8, 5}, {2, 7}, {6}, {3, 4}, {1}], [{8, 5}, {3, 7}, {1, 6}, {2, 4}], [{8, 5}, {3, 7}, {1, 6}, {4}, {2}], [{8, 5}, {3, 7}, {2, 6}, {1, 4}], [{8, 5}, {3, 7}, {2, 6}, {4}, {1}], [{8, 5}, {3, 7}, {4, 6}, {1, 2}], [{8, 5}, {3, 7}, {6}, {4}, {1, 2}], [{8, 5}, {4, 7}, {1, 6}, {2, 3}], [{8, 5}, {4, 7}, {2, 6}, {1, 3}], [{8, 5}, {4, 7}, {3, 6}, {1, 2}], [{8, 5}, {6, 7}, {1, 4}, {2, 3}], [{8, 5}, {6, 7}, {2, 4}, {1, 3}], [{8, 5}, {6, 7}, {3, 4}, {1, 2}], [{8, 5}, {7}, {1, 6}, {2, 4}, {3}], [{8, 5}, {7}, {2, 6}, {4}, {1, 3}], [{8, 5}, {7}, {3, 6}, {2, 4}, {1}], [{8, 5}, {7}, {4, 6}, {1, 3}, {2}], [{8, 5}, {7}, {6}, {1, 4}, {2, 3}], [{8, 5}, {7}, {6}, {2, 4}, {1, 3}], [{8, 6}, {1, 7}, {2, 5}, {3, 4}], [{8, 6}, {1, 7}, {3, 5}, {2, 4}], [{8, 6}, {1, 7}, {4, 5}, {2, 3}], [{8, 6}, {1, 7}, {4, 5}, {3}, {2}], [{8, 6}, {2, 7}, {1, 5}, {3, 4}], [{8, 6}, {2, 7}, {1, 5}, {4}, {3}], [{8, 6}, {2, 7}, {3, 5}, {1, 4}], [{8, 6}, {2, 7}, {3, 5}, {4}, {1}], [{8, 6}, {2, 7}, {4, 5}, {1, 3}], [{8, 6}, {2, 7}, {5}, {4}, {1, 3}], [{8, 6}, {3, 7}, {1, 5}, {2, 4}], [{8, 6}, {3, 7}, {2, 5}, {1, 4}], [{8, 6}, {3, 7}, {4, 5}, {1, 2}], [{8, 6}, {3, 7}, {5}, {4}, {1, 2}], [{8, 6}, {4, 7}, {1, 5}, {2, 3}], [{8, 6}, {4, 7}, {2, 5}, {1, 3}], [{8, 6}, {4, 7}, {3, 5}, {1, 2}], [{8, 6}, {4, 7}, {5}, {1, 3}, {2}], [{8, 6}, {5, 7}, {1, 4}, {2, 3}], [{8, 6}, {5, 7}, {2, 4}, {1, 3}], [{8, 6}, {5, 7}, {3, 4}, {1, 2}], [{8, 6}, {7}, {1, 5}, {3, 4}, {2}], [{8, 6}, {7}, {4, 5}, {2, 3}, {1}], [{8, 6}, {7}, {5}, {2, 4}, {1, 3}], [{8, 7}, {1, 6}, {2, 5}, {3, 4}], [{8, 7}, {1, 6}, {3, 5}, {2, 4}], [{8, 7}, {1, 6}, {3, 5}, {4}, {2}], [{8, 7}, {1, 6}, {4, 5}, {2, 3}], [{8, 7}, {1, 6}, {5}, {2, 4}, {3}], [{8, 7}, {2, 6}, {1, 5}, {3, 4}], [{8, 7}, {2, 6}, {1, 5}, {4}, {3}], [{8, 7}, {2, 6}, {3, 5}, {1, 4}], [{8, 7}, {2, 6}, {3, 5}, {4}, {1}], [{8, 7}, {2, 6}, {4, 5}, {1, 3}], [{8, 7}, {2, 6}, {5}, {4}, {1, 3}], [{8, 7}, {3, 6}, {1, 5}, {2, 4}], [{8, 7}, {3, 6}, {2, 5}, {1, 4}], [{8, 7}, {3, 6}, {4, 5}, {1, 2}], [{8, 7}, {3, 6}, {5}, {2, 4}, {1}], [{8, 7}, {4, 6}, {1, 5}, {2, 3}], [{8, 7}, {4, 6}, {2, 5}, {1, 3}], [{8, 7}, {4, 6}, {3, 5}, {1, 2}], [{8, 7}, {4, 6}, {5}, {1, 3}, {2}], [{8, 7}, {5, 6}, {1, 4}, {2, 3}], [{8, 7}, {5, 6}, {2, 4}, {1, 3}], [{8, 7}, {5, 6}, {3, 4}, {1, 2}], [{8, 7}, {6}, {2, 5}, {3, 4}, {1}], [{8, 7}, {6}, {3, 5}, {4}, {1, 2}], [{8, 7}, {6}, {5}, {1, 4}, {2, 3}], [{8, 7}, {6}, {5}, {2, 4}, {1, 3}], [{8}, {1, 7}, {3, 6}, {5}, {2, 4}], [{8}, {1, 7}, {5, 6}, {4}, {2, 3}], [{8}, {2, 7}, {1, 6}, {3, 5}, {4}], [{8}, {2, 7}, {6}, {1, 5}, {3, 4}], [{8}, {3, 7}, {1, 6}, {5}, {2, 4}], [{8}, {3, 7}, {4, 6}, {5}, {1, 2}], [{8}, {3, 7}, {5, 6}, {4}, {1, 2}], [{8}, {3, 7}, {6}, {4, 5}, {1, 2}], [{8}, {4, 7}, {1, 6}, {3, 5}, {2}], [{8}, {4, 7}, {5, 6}, {3}, {1, 2}], [{8}, {5, 7}, {1, 6}, {2, 4}, {3}], [{8}, {5, 7}, {2, 6}, {4}, {1, 3}], [{8}, {5, 7}, {3, 6}, {2, 4}, {1}], [{8}, {5, 7}, {4, 6}, {1, 3}, {2}], [{8}, {5, 7}, {6}, {1, 4}, {2, 3}], [{8}, {5, 7}, {6}, {2, 4}, {1, 3}], [{8}, {6, 7}, {2, 5}, {4}, {1, 3}], [{8}, {6, 7}, {4, 5}, {1, 3}, {2}], [{8}, {6, 7}, {5}, {2, 4}, {1, 3}], [{8}, {7}, {1, 6}, {2, 5}, {3, 4}], [{8}, {7}, {1, 6}, {3, 5}, {2, 4}], [{8}, {7}, {1, 6}, {3, 5}, {4}, {2}], [{8}, {7}, {1, 6}, {4, 5}, {2, 3}], [{8}, {7}, {1, 6}, {5}, {2, 4}, {3}], [{8}, {7}, {3, 6}, {1, 5}, {2, 4}], [{8}, {7}, {3, 6}, {5}, {2, 4}, {1}], [{8}, {7}, {4, 6}, {1, 5}, {2, 3}], [{8}, {7}, {5, 6}, {2, 4}, {1, 3}], [{8}, {7}, {5, 6}, {3, 4}, {1, 2}], [{8}, {7}, {6}, {5}, {2, 4}, {1, 3}]]",2,8 K_1^3 - 22 K_1^2 - 24 K_1 K_2 + 6 K_1 + 11 K_2 + 10 K_3 + 12,O1O2O3U4O5U6U5U2O7O4U8O6U1U3O8U7,O1O2O3U2O4U5U1U6O7U8O5O6U3O8U4U7,O1O2O3U4U5O6U1O7O8U6O4U7U3U8O5U2,c,{'O1O2O3U4O5U1U3O6U5O7O4U2U8U6O8U7'},1,"<a href=""/flatknot/8.1101828"">8.1101828</a>",t^9-35t^7-76t^6+100t^5+356t^4+196t^3-4t^2+18t,t^2-2t,,
8.1101829,O1O2O3U4O5U1U3O6U5O7O4U2U8U7O8U6,4,2z^3+24z^2+95z+111,2w^4z^3+24w^3z^2+95w^2z+111w,False,False,"[[ 0 -2 -1  1  0  1  1  1 -1],[ 2  0  2  1  0  2  1  0  2],[ 1 -2  0  0  0  1  2  0  0],[-1 -1  0  0 -2  1  0 -1 -1],[ 0  0  0  2  0  1 -1  1  0],[-1 -2 -1 -1 -1  0  1  0 -1],[-1 -1 -2  0  1 -1  0  1 -2],[-1  0  0  1 -1  0 -1  0 -1],[ 1 -2  0  1  0  1  2  1  0]]","[[ 0  1  1  1  1  0 -1 -1 -2],[-1  0  1  0 -1  1 -2 -2 -1],[-1 -1  0  1  0 -1  0 -1  0],[-1  0 -1  0  1 -2  0 -1 -1],[-1  1  0 -1  0 -1 -1 -1 -2],[ 0 -1  1  2  1  0  0  0  0],[ 1  2  0  0  1  0  0  0 -2],[ 1  2  1  1  1  0  0  0 -2],[ 2  1  0  1  2  0  2  2  0]]",True,"[-1,-1,-1,-1,0,1,1,2,-1,0,1,-1,2,2,1,-1,0,1,0,1,0,-1,2,0,1,1,1,1,1,2,0,0,0,0,2,2]","[-2,-1,-1,0,1,1,1,1,-1,-1,2,1,2,2,3,0,1,1,0,1,1,1,1,0,2,2,0,2,-1,0,-1,1,0,0,-1,1]",t^8+37t^6+287t^4+123t^2+4,"[-2,-1,-1,0,1,1,1,1,-1,-1,2,1,2,2,3,0,1,1,0,1,1,1,1,0,2,2,0,2,-1,0,-1,1,0,0,-1,1]","[-1,-1,-1,-1,0,1,1,2,-1,0,1,-1,1,2,2,-1,0,0,1,2,3,-1,2,0,0,2,0,1,1,1,1,1,2,0,-1,-1]","[-2,-1,-1,0,1,1,1,1,2,2,0,0,1,1,2,0,0,0,0,2,1,0,1,1,2,1,1,2,-1,1,1,-1,0,0,1,-1]",c,"[[{8, 1}, {2, 7}, {3, 6}, {4, 5}], [{8, 1}, {2, 7}, {4, 6}, {3, 5}], [{8, 1}, {2, 7}, {5, 6}, {3, 4}], [{8, 1}, {3, 7}, {2, 6}, {4, 5}], [{8, 1}, {3, 7}, {4, 6}, {2, 5}], [{8, 1}, {3, 7}, {5, 6}, {2, 4}], [{8, 1}, {4, 7}, {2, 6}, {3, 5}], [{8, 1}, {4, 7}, {3, 6}, {2, 5}], [{8, 1}, {4, 7}, {3, 6}, {5}, {2}], [{8, 1}, {4, 7}, {5, 6}, {2, 3}], [{8, 1}, {4, 7}, {6}, {2, 5}, {3}], [{8, 1}, {5, 7}, {2, 6}, {3, 4}], [{8, 1}, {5, 7}, {3, 6}, {2, 4}], [{8, 1}, {5, 7}, {4, 6}, {2, 3}], [{8, 1}, {6, 7}, {2, 5}, {3, 4}], [{8, 1}, {6, 7}, {3, 5}, {2, 4}], [{8, 1}, {6, 7}, {4, 5}, {2, 3}], [{8, 1}, {7}, {4, 6}, {5}, {2, 3}], [{8, 2}, {1, 7}, {3, 6}, {4, 5}], [{8, 2}, {1, 7}, {4, 6}, {3, 5}], [{8, 2}, {1, 7}, {5, 6}, {3, 4}], [{8, 2}, {3, 7}, {1, 6}, {4, 5}], [{8, 2}, {3, 7}, {4, 6}, {1, 5}], [{8, 2}, {3, 7}, {5, 6}, {1, 4}], [{8, 2}, {3, 7}, {6}, {4, 5}, {1}], [{8, 2}, {4, 7}, {1, 6}, {3, 5}], [{8, 2}, {4, 7}, {3, 6}, {1, 5}], [{8, 2}, {4, 7}, {5, 6}, {1, 3}], [{8, 2}, {5, 7}, {1, 6}, {3, 4}], [{8, 2}, {5, 7}, {3, 6}, {1, 4}], [{8, 2}, {5, 7}, {4, 6}, {1, 3}], [{8, 2}, {6, 7}, {1, 5}, {3, 4}], [{8, 2}, {6, 7}, {3, 5}, {1, 4}], [{8, 2}, {6, 7}, {3, 5}, {4}, {1}], [{8, 2}, {6, 7}, {4, 5}, {1, 3}], [{8, 2}, {7}, {4, 6}, {1, 5}, {3}], [{8, 3}, {1, 7}, {2, 6}, {4, 5}], [{8, 3}, {1, 7}, {4, 6}, {2, 5}], [{8, 3}, {1, 7}, {5, 6}, {2, 4}], [{8, 3}, {1, 7}, {6}, {5}, {2, 4}], [{8, 3}, {2, 7}, {1, 6}, {4, 5}], [{8, 3}, {2, 7}, {4, 6}, {1, 5}], [{8, 3}, {2, 7}, {5, 6}, {1, 4}], [{8, 3}, {2, 7}, {6}, {5}, {1, 4}], [{8, 3}, {4, 7}, {1, 6}, {2, 5}], [{8, 3}, {4, 7}, {2, 6}, {1, 5}], [{8, 3}, {4, 7}, {5, 6}, {1, 2}], [{8, 3}, {4, 7}, {6}, {5}, {1, 2}], [{8, 3}, {5, 7}, {1, 6}, {2, 4}], [{8, 3}, {5, 7}, {2, 6}, {1, 4}], [{8, 3}, {5, 7}, {4, 6}, {1, 2}], [{8, 3}, {5, 7}, {6}, {4}, {1, 2}], [{8, 3}, {6, 7}, {1, 5}, {2, 4}], [{8, 3}, {6, 7}, {2, 5}, {1, 4}], [{8, 3}, {6, 7}, {4, 5}, {1, 2}], [{8, 3}, {6, 7}, {5}, {4}, {1, 2}], [{8, 3}, {7}, {1, 6}, {4, 5}, {2}], [{8, 3}, {7}, {2, 6}, {4, 5}, {1}], [{8, 3}, {7}, {4, 6}, {1, 5}, {2}], [{8, 3}, {7}, {4, 6}, {2, 5}, {1}], [{8, 3}, {7}, {4, 6}, {5}, {1, 2}], [{8, 3}, {7}, {5, 6}, {4}, {1, 2}], [{8, 3}, {7}, {6}, {4, 5}, {1, 2}], [{8, 3}, {7}, {6}, {5}, {4}, {1, 2}], [{8, 4}, {1, 7}, {2, 6}, {3, 5}], [{8, 4}, {1, 7}, {3, 6}, {2, 5}], [{8, 4}, {1, 7}, {5, 6}, {2, 3}], [{8, 4}, {1, 7}, {6}, {2, 5}, {3}], [{8, 4}, {2, 7}, {1, 6}, {3, 5}], [{8, 4}, {2, 7}, {3, 6}, {1, 5}], [{8, 4}, {2, 7}, {5, 6}, {1, 3}], [{8, 4}, {3, 7}, {1, 6}, {2, 5}], [{8, 4}, {3, 7}, {2, 6}, {1, 5}], [{8, 4}, {3, 7}, {5, 6}, {1, 2}], [{8, 4}, {3, 7}, {6}, {2, 5}, {1}], [{8, 4}, {5, 7}, {1, 6}, {2, 3}], [{8, 4}, {5, 7}, {2, 6}, {1, 3}], [{8, 4}, {5, 7}, {3, 6}, {1, 2}], [{8, 4}, {6, 7}, {1, 5}, {2, 3}], [{8, 4}, {6, 7}, {2, 5}, {1, 3}], [{8, 4}, {6, 7}, {2, 5}, {3}, {1}], [{8, 4}, {6, 7}, {3, 5}, {1, 2}], [{8, 4}, {7}, {1, 6}, {2, 5}, {3}], [{8, 4}, {7}, {1, 6}, {3, 5}, {2}], [{8, 4}, {7}, {1, 6}, {5}, {2, 3}], [{8, 4}, {7}, {3, 6}, {1, 5}, {2}], [{8, 4}, {7}, {3, 6}, {2, 5}, {1}], [{8, 4}, {7}, {3, 6}, {5}, {1, 2}], [{8, 4}, {7}, {6}, {2, 5}, {1, 3}], [{8, 4}, {7}, {6}, {2, 5}, {3}, {1}], [{8, 5}, {1, 7}, {2, 6}, {3, 4}], [{8, 5}, {1, 7}, {3, 6}, {2, 4}], [{8, 5}, {1, 7}, {4, 6}, {2, 3}], [{8, 5}, {2, 7}, {1, 6}, {3, 4}], [{8, 5}, {2, 7}, {3, 6}, {1, 4}], [{8, 5}, {2, 7}, {4, 6}, {1, 3}], [{8, 5}, {3, 7}, {1, 6}, {2, 4}], [{8, 5}, {3, 7}, {2, 6}, {1, 4}], [{8, 5}, {3, 7}, {4, 6}, {1, 2}], [{8, 5}, {4, 7}, {1, 6}, {2, 3}], [{8, 5}, {4, 7}, {2, 6}, {1, 3}], [{8, 5}, {4, 7}, {3, 6}, {1, 2}], [{8, 5}, {6, 7}, {1, 4}, {2, 3}], [{8, 5}, {6, 7}, {2, 4}, {1, 3}], [{8, 5}, {6, 7}, {3, 4}, {1, 2}], [{8, 5}, {7}, {1, 6}, {2, 4}, {3}], [{8, 5}, {7}, {3, 6}, {2, 4}, {1}], [{8, 5}, {7}, {4, 6}, {2, 3}, {1}], [{8, 5}, {7}, {6}, {2, 4}, {1, 3}], [{8, 6}, {1, 7}, {2, 5}, {3, 4}], [{8, 6}, {1, 7}, {3, 5}, {2, 4}], [{8, 6}, {1, 7}, {4, 5}, {2, 3}], [{8, 6}, {2, 7}, {1, 5}, {3, 4}], [{8, 6}, {2, 7}, {3, 5}, {1, 4}], [{8, 6}, {2, 7}, {4, 5}, {1, 3}], [{8, 6}, {3, 7}, {1, 5}, {2, 4}], [{8, 6}, {3, 7}, {2, 5}, {1, 4}], [{8, 6}, {3, 7}, {4, 5}, {1, 2}], [{8, 6}, {4, 7}, {1, 5}, {2, 3}], [{8, 6}, {4, 7}, {2, 5}, {1, 3}], [{8, 6}, {4, 7}, {3, 5}, {1, 2}], [{8, 6}, {5, 7}, {1, 4}, {2, 3}], [{8, 6}, {5, 7}, {2, 4}, {1, 3}], [{8, 6}, {5, 7}, {3, 4}, {1, 2}], [{8, 6}, {7}, {1, 5}, {3, 4}, {2}], [{8, 6}, {7}, {2, 5}, {3, 4}, {1}], [{8, 6}, {7}, {5}, {2, 4}, {1, 3}], [{8, 6}, {7}, {5}, {3, 4}, {1, 2}], [{8, 7}, {1, 6}, {2, 5}, {3, 4}], [{8, 7}, {1, 6}, {3, 5}, {2, 4}], [{8, 7}, {1, 6}, {4, 5}, {2, 3}], [{8, 7}, {1, 6}, {5}, {2, 4}, {3}], [{8, 7}, {2, 6}, {1, 5}, {3, 4}], [{8, 7}, {2, 6}, {3, 5}, {1, 4}], [{8, 7}, {2, 6}, {4, 5}, {1, 3}], [{8, 7}, {3, 6}, {1, 5}, {2, 4}], [{8, 7}, {3, 6}, {2, 5}, {1, 4}], [{8, 7}, {3, 6}, {4, 5}, {1, 2}], [{8, 7}, {3, 6}, {5}, {2, 4}, {1}], [{8, 7}, {4, 6}, {1, 5}, {2, 3}], [{8, 7}, {4, 6}, {1, 5}, {3}, {2}], [{8, 7}, {4, 6}, {2, 5}, {1, 3}], [{8, 7}, {4, 6}, {3, 5}, {1, 2}], [{8, 7}, {5, 6}, {1, 4}, {2, 3}], [{8, 7}, {5, 6}, {2, 4}, {1, 3}], [{8, 7}, {5, 6}, {3, 4}, {1, 2}], [{8, 7}, {6}, {2, 5}, {1, 4}, {3}], [{8, 7}, {6}, {5}, {2, 4}, {1, 3}], [{8}, {1, 7}, {2, 6}, {3, 5}, {4}], [{8}, {1, 7}, {2, 6}, {4, 5}, {3}], [{8}, {1, 7}, {2, 6}, {5}, {3, 4}], [{8}, {1, 7}, {5, 6}, {4}, {2, 3}], [{8}, {2, 7}, {1, 6}, {3, 5}, {4}], [{8}, {2, 7}, {1, 6}, {4, 5}, {3}], [{8}, {2, 7}, {1, 6}, {5}, {3, 4}], [{8}, {2, 7}, {3, 6}, {4, 5}, {1}], [{8}, {2, 7}, {4, 6}, {1, 5}, {3}], [{8}, {2, 7}, {6}, {4, 5}, {1, 3}], [{8}, {3, 7}, {2, 6}, {1, 5}, {4}], [{8}, {3, 7}, {4, 6}, {1, 5}, {2}], [{8}, {3, 7}, {6}, {1, 5}, {2, 4}], [{8}, {5, 7}, {1, 6}, {2, 4}, {3}], [{8}, {5, 7}, {3, 6}, {2, 4}, {1}], [{8}, {5, 7}, {6}, {2, 4}, {1, 3}], [{8}, {6, 7}, {5}, {2, 4}, {1, 3}], [{8}, {7}, {4, 6}, {1, 5}, {2, 3}], [{8}, {7}, {4, 6}, {1, 5}, {3}, {2}], [{8}, {7}, {5, 6}, {2, 4}, {1, 3}]]",2,4 K_1^3 - 18 K_1^2 - 8 K_1 K_2 + K_1 + 9 K_2 + 3 K_3 + 10,O1O2O3U4O5U6U5U2O7O6U8O4U1U3O8U7,O1O2O3U2O4U5U1U6O7U8O5O6U4O8U3U7,O1O2O3U4U1O5U6O7O8U5O4U7U3U8O6U2,c,{'O1O2O3U4O5U1U3O6U5O7O4U2U8U7O8U6'},1,"<a href=""/flatknot/8.1101829"">8.1101829</a>",t^9-39t^7-80t^6+186t^5+542t^4+83t^3-396t^2-15t+60,t^2-2t,,
8.1101830,O1O2O3U4O5U1U3O6U5O7O4U6U8U2O8U7,3,17z^2+70z+73,-8w^4z^2+25w^3z^2-8w^3z+78w^2z+73w,False,False,"[[ 0 -2  1  1  0  1 -1  1 -1],[ 2  0  2  1  0  2  0  0  1],[-1 -2  0  0 -1  0  0  0 -1],[-1 -1  0  0 -2  1  0 -1 -1],[ 0  0  1  2  0  1 -2  0 -1],[-1 -2  0 -1 -1  0  1  1 -1],[ 1  0  0  0  2 -1  0  1  1],[-1  0  0  1  0 -1 -1  0 -1],[ 1 -1  1  1  1  1 -1  1  0]]","[[ 0  1  1  1  1  0 -1 -1 -2],[-1  0  1  0 -1  0 -1 -1  0],[-1 -1  0  0  1 -2  0 -1 -1],[-1  0  0  0  0 -1  0 -1 -2],[-1  1 -1  0  0 -1  1 -1 -2],[ 0  0  2  1  1  0 -2 -1  0],[ 1  1  0  0 -1  2  0  1  0],[ 1  1  1  1  1  1 -1  0 -1],[ 2  0  1  2  2  0  0  1  0]]",True,"[-1,-1,-1,-1,0,1,1,2,-1,0,1,0,1,1,0,0,-1,2,0,1,1,0,1,0,1,2,1,-1,1,2,2,1,0,-1,0,1]","[-2,-1,-1,0,1,1,1,1,0,1,0,0,1,2,2,1,2,1,0,-1,0,1,1,1,1,1,0,2,1,1,1,-1,0,1,0,0]",t^8+31t^6+212t^4+116t^2,"[-2,-1,-1,0,1,1,1,1,0,1,2,1,1,2,3,1,0,1,1,1,1,-1,2,3,2,1,0,0,-1,1,0,0,0,1,-1,1]","[-1,-1,-1,-1,0,1,1,2,-1,0,1,-1,1,2,2,0,-1,1,1,1,3,0,0,1,2,1,0,1,3,1,0,-1,2,-1,0,1]","[-2,-1,-1,0,1,1,1,1,0,1,0,0,1,2,2,1,2,1,0,-1,0,1,1,1,1,1,0,2,1,1,1,-1,0,1,0,0]",c,"[[{8, 5}, {3, 7}, {1, 6}, {2, 4}], [{8}, {3, 7}, {1, 6}, {5}, {2, 4}]]",1,- 6 K_1^2 - 4 K_1 K_2 + 2 K_1 + 3 K_2 + 2 K_3 + 4,O1O2O3U4O5U2U5U6O7O4U8O6U1U3O8U7,O1O2O3U2O4U5U3U6O7U8O5O6U1O8U4U7,O1O2O3U4U5O6U3O7O8U6O4U7U1U8O5U2,c,{'O1O2O3U4O5U1U3O6U5O7O4U6U8U2O8U7'},1,"<a href=""/flatknot/8.1101830"">8.1101830</a>",t^9-33t^7-48t^6+141t^5+188t^4-46t^3-40t^2+32t+16,t^2-2t,,
8.1101831,O1O2O3U4O5U1U3O6U5O7O4U6U8U7O8U2,4,4z^3+40z^2+113z+99,4w^4z^3+40w^3z^2+113w^2z+99w,False,False,"[[ 0 -2  1  1  0  1 -1  1 -1],[ 2  0  2  1  0  2  0 -1  2],[-1 -2  0  0  0  0 -1  1 -2],[-1 -1  0  0 -2  1  0 -1 -1],[ 0  0  0  2  0  1 -2  0  0],[-1 -2  0 -1 -1  0  1  1 -1],[ 1  0  1  0  2 -1  0  1  0],[-1  1 -1  1  0 -1 -1  0 -1],[ 1 -2  2  1  0  1  0  1  0]]","[[ 0  1  1  1  1  0 -1 -1 -2],[-1  0  1  0  0  0 -1 -2 -2],[-1 -1  0  1 -1  0 -1 -1  1],[-1  0 -1  0  1 -2  0 -1 -1],[-1  0  1 -1  0 -1  1 -1 -2],[ 0  0  0  2  1  0 -2  0  0],[ 1  1  1  0 -1  2  0  0  0],[ 1  2  1  1  1  0  0  0 -2],[ 2  2 -1  1  2  0  0  2  0]]",True,"[-1,-1,-1,-1,0,1,1,2,-1,0,0,0,1,2,2,-1,1,0,1,1,-1,-1,2,0,1,1,1,-1,1,2,2,0,0,0,0,2]","[-2,-1,-1,0,1,1,1,1,-1,1,2,1,1,2,4,0,1,0,1,1,1,-1,1,3,2,1,1,0,-1,1,0,0,-1,1,-1,1]",t^8+37t^6+335t^4+254t^2,"[-2,-1,-1,0,1,1,1,1,-1,1,2,1,1,2,4,0,1,0,1,1,1,-1,1,3,2,1,1,0,-1,1,0,0,-1,1,-1,1]","[-1,-1,-1,-1,0,1,1,2,-1,-1,1,1,1,1,4,0,-1,0,1,3,1,0,1,0,1,1,-1,1,2,2,1,-1,2,0,-1,1]","[-2,-1,-1,0,1,1,1,1,0,2,0,-1,1,2,2,0,2,1,0,-1,1,0,1,1,1,2,0,2,1,0,1,-1,-1,1,0,0]",c,"[[{8, 4}, {1, 7}, {5, 6}, {2, 3}], [{8, 5}, {3, 7}, {1, 6}, {2, 4}]]",1,4 K_1^3 - 6 K_1^2 - 4 K_1 K_2 - K_1 + 3 K_2 + K_3 + 4,O1O2O3U2O4U5U4U6O7O5U8O6U1U3O8U7,O1O2O3U2O4U5U4U6O7U8O5O6U1O8U3U7,O1O2O3U4U1O5U3O6O7U5O4U6U8U7O8U2,c,{'O1O2O3U4O5U1U3O6U5O7O4U6U8U7O8U2'},1,"<a href=""/flatknot/8.1101831"">8.1101831</a>",t^9-39t^7-70t^6+220t^5+508t^4+32t^3-214t^2-46t+4,t^2-2t,,
8.1101832,O1O2O3U4O5U1U3O6U5O7O4U7U8U2O8U6,4,15z^2+84z+109,-6w^4z^2+21w^3z^2-10w^3z+94w^2z+109w,False,False,"[[ 0 -2  1  1  0  1  1 -1 -1],[ 2  0  2  1  0  2  1 -1  1],[-1 -2  0  0 -1  1  0 -1 -1],[-1 -1  0  0 -2  1  0 -1 -1],[ 0  0  1  2  0  1 -1 -1 -1],[-1 -2 -1 -1 -1  0  1  0 -1],[-1 -1  0  0  1 -1  0  0 -1],[ 1  1  1  1  1  0  0  0  1],[ 1 -1  1  1  1  1  1 -1  0]]","[[ 0  1  1  1  1  0 -1 -1 -2],[-1  0  1  0  0 -1 -1 -1 -2],[-1 -1  0  1 -1 -1  0 -1 -2],[-1  0 -1  0  0  1  0 -1 -1],[-1  0  1  0  0 -2 -1 -1 -1],[ 0  1  1 -1  2  0 -1 -1  0],[ 1  1  0  0  1  1  0  1  1],[ 1  1  1  1  1  1 -1  0 -1],[ 2  2  2  1  1  0 -1  1  0]]",True,"[-1,-1,-1,-1,0,1,1,2,-1,0,0,1,1,1,2,-1,1,1,0,1,2,0,-1,0,1,1,2,1,1,1,1,1,0,-1,-1,1]","[-2,-1,-1,0,1,1,1,1,-1,1,0,1,1,2,2,1,1,0,1,0,1,1,1,1,1,1,-1,2,1,1,0,-1,0,1,0,-1]",t^8+31t^6+168t^4+60t^2+4,"[-2,-1,-1,0,1,1,1,1,0,2,2,1,1,2,2,1,0,1,1,1,1,0,1,2,1,2,0,0,-1,2,-1,0,0,1,-1,0]","[-1,-1,-1,-1,0,1,1,2,-1,-1,1,0,1,2,1,0,0,-1,1,1,2,0,0,1,1,1,2,1,2,2,0,0,2,-1,0,2]","[-2,-1,-1,0,1,1,1,1,-1,1,0,1,1,2,2,1,1,0,1,0,1,1,1,1,1,1,-1,2,1,1,0,-1,0,1,0,-1]",c,"[[{8, 4}, {5, 7}, {1, 6}, {2, 3}], [{8, 7}, {1, 6}, {4, 5}, {2, 3}]]",1,- 18 K_1^2 - 8 K_1 K_2 + 4 K_1 + 9 K_2 + 4 K_3 + 10,O1O2O3U4O5U2U5U6O7O6U8O4U1U3O8U7,O1O2O3U2O4U5U3U6O7U8O5O6U4O8U1U7,O1O2O3U4U3O5U6O7O8U5O4U7U1U8O6U2,c,{'O1O2O3U4O5U1U3O6U5O7O4U7U8U2O8U6'},1,"<a href=""/flatknot/8.1101832"">8.1101832</a>",t^9-33t^7-76t^6+55t^5+238t^4+48t^3-150t^2-36t+8,t^2-2t,,
8.1101833,O1O2O3U4O5U1U3O6U5O7O4U7U8U6O8U2,4,16z^2+93z+123,16w^3z^2+93w^2z+123w,False,False,"[[ 0 -2  1  1  0  1  1 -1 -1],[ 2  0  2  1  0  2  0 -1  2],[-1 -2  0  0  0  0  1 -1 -2],[-1 -1  0  0 -2  1  0 -1 -1],[ 0  0  0  2  0  1 -1 -1  0],[-1 -2  0 -1 -1  0  1  0 -2],[-1  0 -1  0  1 -1  0  0 -1],[ 1  1  1  1  1  0  0  0  1],[ 1 -2  2  1  0  2  1 -1  0]]","[[ 0  1  1  1  1  0 -1 -1 -2],[-1  0  1  0  0  0 -1 -2 -2],[-1 -1  0  0 -1  1  0 -1  0],[-1  0  0  0  1 -2 -1 -1 -1],[-1  0  1 -1  0 -1  0 -2 -2],[ 0  0 -1  2  1  0 -1  0  0],[ 1  1  0  1  0  1  0  1  1],[ 1  2  1  1  2  0 -1  0 -2],[ 2  2  0  1  2  0 -1  2  0]]",True,"[-1,-1,-1,-1,0,1,1,2,-1,0,0,0,1,2,2,0,1,-1,0,1,0,-1,2,1,1,1,1,0,2,2,1,0,0,-1,-1,2]","[-2,-1,-1,0,1,1,1,1,-1,2,0,0,1,2,2,1,1,0,1,0,1,0,1,1,2,2,-1,2,1,0,0,-1,-1,1,0,0]",t^8+37t^6+201t^4+80t^2+1,"[-2,-1,-1,0,1,1,1,1,-1,2,2,1,1,2,3,1,1,0,0,1,1,0,1,2,1,2,1,0,-1,2,0,0,-1,1,-1,0]","[-1,-1,-1,-1,0,1,1,2,-1,-1,0,2,1,2,3,0,-1,0,0,2,1,0,1,0,1,1,-1,1,1,2,1,0,2,-1,-1,2]","[-2,-1,-1,0,1,1,1,1,-1,2,0,0,1,2,2,1,1,0,1,0,1,0,1,1,2,2,-1,2,1,0,0,-1,-1,1,0,0]",c,"[[{8, 1}, {2, 7}, {3, 6}, {4, 5}], [{8, 1}, {2, 7}, {4, 6}, {3, 5}], [{8, 1}, {2, 7}, {5, 6}, {3, 4}], [{8, 1}, {2, 7}, {6}, {5}, {3, 4}], [{8, 1}, {3, 7}, {2, 6}, {4, 5}], [{8, 1}, {3, 7}, {4, 6}, {2, 5}], [{8, 1}, {3, 7}, {5, 6}, {2, 4}], [{8, 1}, {3, 7}, {5, 6}, {4}, {2}], [{8, 1}, {4, 7}, {2, 6}, {3, 5}], [{8, 1}, {4, 7}, {3, 6}, {2, 5}], [{8, 1}, {4, 7}, {5, 6}, {2, 3}], [{8, 1}, {5, 7}, {2, 6}, {3, 4}], [{8, 1}, {5, 7}, {3, 6}, {2, 4}], [{8, 1}, {5, 7}, {4, 6}, {2, 3}], [{8, 1}, {6, 7}, {2, 5}, {3, 4}], [{8, 1}, {6, 7}, {3, 5}, {2, 4}], [{8, 1}, {6, 7}, {4, 5}, {2, 3}], [{8, 1}, {7}, {3, 6}, {4, 5}, {2}], [{8, 2}, {1, 7}, {3, 6}, {4, 5}], [{8, 2}, {1, 7}, {4, 6}, {3, 5}], [{8, 2}, {1, 7}, {5, 6}, {3, 4}], [{8, 2}, {3, 7}, {1, 6}, {4, 5}], [{8, 2}, {3, 7}, {1, 6}, {5}, {4}], [{8, 2}, {3, 7}, {4, 6}, {1, 5}], [{8, 2}, {3, 7}, {5, 6}, {1, 4}], [{8, 2}, {3, 7}, {5, 6}, {4}, {1}], [{8, 2}, {3, 7}, {6}, {1, 5}, {4}], [{8, 2}, {4, 7}, {1, 6}, {3, 5}], [{8, 2}, {4, 7}, {1, 6}, {5}, {3}], [{8, 2}, {4, 7}, {3, 6}, {1, 5}], [{8, 2}, {4, 7}, {5, 6}, {1, 3}], [{8, 2}, {4, 7}, {5, 6}, {3}, {1}], [{8, 2}, {4, 7}, {6}, {1, 5}, {3}], [{8, 2}, {5, 7}, {1, 6}, {3, 4}], [{8, 2}, {5, 7}, {1, 6}, {4}, {3}], [{8, 2}, {5, 7}, {3, 6}, {1, 4}], [{8, 2}, {5, 7}, {3, 6}, {4}, {1}], [{8, 2}, {5, 7}, {4, 6}, {1, 3}], [{8, 2}, {5, 7}, {6}, {4}, {1, 3}], [{8, 2}, {6, 7}, {1, 5}, {3, 4}], [{8, 2}, {6, 7}, {3, 5}, {1, 4}], [{8, 2}, {6, 7}, {4, 5}, {1, 3}], [{8, 2}, {7}, {1, 6}, {3, 5}, {4}], [{8, 2}, {7}, {1, 6}, {4, 5}, {3}], [{8, 2}, {7}, {1, 6}, {5}, {3, 4}], [{8, 2}, {7}, {1, 6}, {5}, {4}, {3}], [{8, 2}, {7}, {5, 6}, {3, 4}, {1}], [{8, 2}, {7}, {6}, {1, 5}, {3, 4}], [{8, 3}, {1, 7}, {2, 6}, {4, 5}], [{8, 3}, {1, 7}, {4, 6}, {2, 5}], [{8, 3}, {1, 7}, {5, 6}, {2, 4}], [{8, 3}, {2, 7}, {1, 6}, {4, 5}], [{8, 3}, {2, 7}, {4, 6}, {1, 5}], [{8, 3}, {2, 7}, {5, 6}, {1, 4}], [{8, 3}, {2, 7}, {6}, {4, 5}, {1}], [{8, 3}, {4, 7}, {1, 6}, {2, 5}], [{8, 3}, {4, 7}, {1, 6}, {5}, {2}], [{8, 3}, {4, 7}, {2, 6}, {1, 5}], [{8, 3}, {4, 7}, {2, 6}, {5}, {1}], [{8, 3}, {4, 7}, {5, 6}, {1, 2}], [{8, 3}, {4, 7}, {6}, {5}, {1, 2}], [{8, 3}, {5, 7}, {1, 6}, {2, 4}], [{8, 3}, {5, 7}, {2, 6}, {1, 4}], [{8, 3}, {5, 7}, {4, 6}, {1, 2}], [{8, 3}, {6, 7}, {1, 5}, {2, 4}], [{8, 3}, {6, 7}, {2, 5}, {1, 4}], [{8, 3}, {6, 7}, {4, 5}, {1, 2}], [{8, 4}, {1, 7}, {2, 6}, {3, 5}], [{8, 4}, {1, 7}, {3, 6}, {2, 5}], [{8, 4}, {1, 7}, {5, 6}, {2, 3}], [{8, 4}, {1, 7}, {6}, {5}, {2, 3}], [{8, 4}, {2, 7}, {1, 6}, {3, 5}], [{8, 4}, {2, 7}, {1, 6}, {5}, {3}], [{8, 4}, {2, 7}, {3, 6}, {1, 5}], [{8, 4}, {2, 7}, {5, 6}, {1, 3}], [{8, 4}, {3, 7}, {1, 6}, {2, 5}], [{8, 4}, {3, 7}, {2, 6}, {1, 5}], [{8, 4}, {3, 7}, {5, 6}, {1, 2}], [{8, 4}, {3, 7}, {5, 6}, {2}, {1}], [{8, 4}, {5, 7}, {1, 6}, {2, 3}], [{8, 4}, {5, 7}, {1, 6}, {3}, {2}], [{8, 4}, {5, 7}, {2, 6}, {1, 3}], [{8, 4}, {5, 7}, {3, 6}, {1, 2}], [{8, 4}, {5, 7}, {3, 6}, {2}, {1}], [{8, 4}, {5, 7}, {6}, {1, 3}, {2}], [{8, 4}, {6, 7}, {1, 5}, {2, 3}], [{8, 4}, {6, 7}, {2, 5}, {1, 3}], [{8, 4}, {6, 7}, {3, 5}, {1, 2}], [{8, 4}, {6, 7}, {5}, {3}, {1, 2}], [{8, 4}, {7}, {1, 6}, {2, 5}, {3}], [{8, 5}, {1, 7}, {2, 6}, {3, 4}], [{8, 5}, {1, 7}, {3, 6}, {2, 4}], [{8, 5}, {1, 7}, {4, 6}, {2, 3}], [{8, 5}, {1, 7}, {4, 6}, {3}, {2}], [{8, 5}, {2, 7}, {1, 6}, {3, 4}], [{8, 5}, {2, 7}, {1, 6}, {4}, {3}], [{8, 5}, {2, 7}, {3, 6}, {1, 4}], [{8, 5}, {2, 7}, {3, 6}, {4}, {1}], [{8, 5}, {2, 7}, {4, 6}, {1, 3}], [{8, 5}, {2, 7}, {4, 6}, {3}, {1}], [{8, 5}, {2, 7}, {6}, {1, 4}, {3}], [{8, 5}, {2, 7}, {6}, {3, 4}, {1}], [{8, 5}, {2, 7}, {6}, {4}, {1, 3}], [{8, 5}, {3, 7}, {1, 6}, {2, 4}], [{8, 5}, {3, 7}, {2, 6}, {1, 4}], [{8, 5}, {3, 7}, {4, 6}, {1, 2}], [{8, 5}, {3, 7}, {6}, {1, 4}, {2}], [{8, 5}, {4, 7}, {1, 6}, {2, 3}], [{8, 5}, {4, 7}, {1, 6}, {3}, {2}], [{8, 5}, {4, 7}, {2, 6}, {1, 3}], [{8, 5}, {4, 7}, {2, 6}, {3}, {1}], [{8, 5}, {4, 7}, {3, 6}, {1, 2}], [{8, 5}, {4, 7}, {6}, {3}, {1, 2}], [{8, 5}, {6, 7}, {1, 4}, {2, 3}], [{8, 5}, {6, 7}, {2, 4}, {1, 3}], [{8, 5}, {6, 7}, {3, 4}, {1, 2}], [{8, 5}, {6, 7}, {4}, {1, 3}, {2}], [{8, 5}, {6, 7}, {4}, {2, 3}, {1}], [{8, 5}, {6, 7}, {4}, {3}, {1, 2}], [{8, 5}, {7}, {1, 6}, {2, 4}, {3}], [{8, 5}, {7}, {2, 6}, {4}, {1, 3}], [{8, 5}, {7}, {4, 6}, {3}, {1, 2}], [{8, 5}, {7}, {6}, {1, 4}, {2, 3}], [{8, 6}, {1, 7}, {2, 5}, {3, 4}], [{8, 6}, {1, 7}, {3, 5}, {2, 4}], [{8, 6}, {1, 7}, {4, 5}, {2, 3}], [{8, 6}, {2, 7}, {1, 5}, {3, 4}], [{8, 6}, {2, 7}, {1, 5}, {4}, {3}], [{8, 6}, {2, 7}, {3, 5}, {1, 4}], [{8, 6}, {2, 7}, {3, 5}, {4}, {1}], [{8, 6}, {2, 7}, {4, 5}, {1, 3}], [{8, 6}, {2, 7}, {5}, {4}, {1, 3}], [{8, 6}, {3, 7}, {1, 5}, {2, 4}], [{8, 6}, {3, 7}, {2, 5}, {1, 4}], [{8, 6}, {3, 7}, {4, 5}, {1, 2}], [{8, 6}, {3, 7}, {5}, {1, 4}, {2}], [{8, 6}, {4, 7}, {1, 5}, {2, 3}], [{8, 6}, {4, 7}, {2, 5}, {1, 3}], [{8, 6}, {4, 7}, {3, 5}, {1, 2}], [{8, 6}, {5, 7}, {1, 4}, {2, 3}], [{8, 6}, {5, 7}, {2, 4}, {1, 3}], [{8, 6}, {5, 7}, {3, 4}, {1, 2}], [{8, 6}, {5, 7}, {4}, {1, 3}, {2}], [{8, 6}, {5, 7}, {4}, {2, 3}, {1}], [{8, 6}, {5, 7}, {4}, {3}, {1, 2}], [{8, 6}, {7}, {1, 5}, {3, 4}, {2}], [{8, 6}, {7}, {2, 5}, {1, 4}, {3}], [{8, 6}, {7}, {2, 5}, {3, 4}, {1}], [{8, 6}, {7}, {2, 5}, {4}, {1, 3}], [{8, 6}, {7}, {5}, {3, 4}, {1, 2}], [{8, 7}, {1, 6}, {2, 5}, {3, 4}], [{8, 7}, {1, 6}, {2, 5}, {4}, {3}], [{8, 7}, {1, 6}, {3, 5}, {2, 4}], [{8, 7}, {1, 6}, {4, 5}, {2, 3}], [{8, 7}, {1, 6}, {4, 5}, {3}, {2}], [{8, 7}, {1, 6}, {5}, {2, 4}, {3}], [{8, 7}, {2, 6}, {1, 5}, {3, 4}], [{8, 7}, {2, 6}, {3, 5}, {1, 4}], [{8, 7}, {2, 6}, {4, 5}, {1, 3}], [{8, 7}, {2, 6}, {5}, {4}, {1, 3}], [{8, 7}, {3, 6}, {1, 5}, {2, 4}], [{8, 7}, {3, 6}, {2, 5}, {1, 4}], [{8, 7}, {3, 6}, {4, 5}, {1, 2}], [{8, 7}, {3, 6}, {4, 5}, {2}, {1}], [{8, 7}, {4, 6}, {1, 5}, {2, 3}], [{8, 7}, {4, 6}, {2, 5}, {1, 3}], [{8, 7}, {4, 6}, {3, 5}, {1, 2}], [{8, 7}, {4, 6}, {5}, {2, 3}, {1}], [{8, 7}, {5, 6}, {1, 4}, {2, 3}], [{8, 7}, {5, 6}, {2, 4}, {1, 3}], [{8, 7}, {5, 6}, {3, 4}, {1, 2}], [{8, 7}, {6}, {1, 5}, {3, 4}, {2}], [{8, 7}, {6}, {4, 5}, {1, 3}, {2}], [{8}, {1, 7}, {2, 6}, {5}, {3, 4}], [{8}, {1, 7}, {3, 6}, {2, 5}, {4}], [{8}, {1, 7}, {3, 6}, {4, 5}, {2}], [{8}, {1, 7}, {3, 6}, {5}, {2, 4}], [{8}, {1, 7}, {5, 6}, {4}, {2, 3}], [{8}, {2, 7}, {1, 6}, {4, 5}, {3}], [{8}, {2, 7}, {5, 6}, {4}, {1, 3}], [{8}, {2, 7}, {6}, {1, 5}, {3, 4}], [{8}, {3, 7}, {2, 6}, {4, 5}, {1}], [{8}, {3, 7}, {4, 6}, {2, 5}, {1}], [{8}, {3, 7}, {5, 6}, {1, 4}, {2}], [{8}, {3, 7}, {5, 6}, {2, 4}, {1}], [{8}, {3, 7}, {5, 6}, {4}, {1, 2}], [{8}, {3, 7}, {5, 6}, {4}, {2}, {1}], [{8}, {4, 7}, {1, 6}, {2, 5}, {3}], [{8}, {4, 7}, {1, 6}, {3, 5}, {2}], [{8}, {4, 7}, {1, 6}, {5}, {2, 3}], [{8}, {4, 7}, {1, 6}, {5}, {3}, {2}], [{8}, {4, 7}, {2, 6}, {3, 5}, {1}], [{8}, {4, 7}, {6}, {3, 5}, {1, 2}], [{8}, {5, 7}, {1, 6}, {2, 4}, {3}], [{8}, {5, 7}, {2, 6}, {1, 4}, {3}], [{8}, {5, 7}, {2, 6}, {3, 4}, {1}], [{8}, {5, 7}, {2, 6}, {4}, {1, 3}], [{8}, {5, 7}, {3, 6}, {2, 4}, {1}], [{8}, {5, 7}, {4, 6}, {1, 3}, {2}], [{8}, {5, 7}, {6}, {2, 4}, {1, 3}], [{8}, {6, 7}, {1, 5}, {3, 4}, {2}], [{8}, {6, 7}, {3, 5}, {2, 4}, {1}], [{8}, {6, 7}, {4, 5}, {3}, {1, 2}], [{8}, {7}, {2, 6}, {1, 5}, {3, 4}], [{8}, {7}, {3, 6}, {1, 5}, {2, 4}], [{8}, {7}, {4, 6}, {1, 5}, {2, 3}], [{8}, {7}, {6}, {1, 5}, {3, 4}, {2}]]",2,12 K_1^3 - 26 K_1^2 - 20 K_1 K_2 + K_1 + 13 K_2 + 7 K_3 + 14,O1O2O3U2O4U5U4U6O7O6U8O5U1U3O8U7,O1O2O3U2O4U5U4U6O7U8O5O6U3O8U1U7,O1O2O3U4U3O5U1O6O7U5O4U6U8U7O8U2,c,{'O1O2O3U4O5U1U3O6U5O7O4U7U8U6O8U2'},1,"<a href=""/flatknot/8.1101833"">8.1101833</a>",t^9-39t^7-86t^6+152t^5+482t^4+36t^3-414t^2-38t+44,t^2-2t,,
8.1101834,O1O2O3U4O5U1U3O6U5O7O4U8U2U6O8U7,3,14z^2+67z+79,-4w^4z^2+18w^3z^2-12w^3z+79w^2z+79w,False,False,"[[ 0 -2  0  1  0  1  1  1 -2],[ 2  0  2  1  0  2  1  0  1],[ 0 -2  0  0 -1  1  1  0 -1],[-1 -1  0  0 -2  1  0 -1 -1],[ 0  0  1  2  0  1  0  0 -1],[-1 -2 -1 -1 -1  0  1  1 -2],[-1 -1 -1  0  0 -1  0  0 -1],[-1  0  0  1  0 -1  0  0 -1],[ 2 -1  1  1  1  2  1  1  0]]","[[ 0  1  1  1  1  0  0 -2 -2],[-1  0  1  1 -1 -1 -1 -2 -2],[-1 -1  0  0  1  0  0  0 -1],[-1 -1  0  0  0  0 -1 -1 -1],[-1  1 -1  0  0 -2  0 -1 -1],[ 0  1  0  0  2  0  1  0 -1],[ 0  1  0  1  0 -1  0 -2 -1],[ 2  2  0  1  1  0  2  0  1],[ 2  2  1  1  1  1  1 -1  0]]",True,"[-1,-1,-1,-1,0,0,2,2,-1,-1,1,1,1,2,2,0,-1,0,0,0,1,0,0,1,1,1,2,0,1,1,-1,0,1,2,1,-1]","[-2,-2,0,0,1,1,1,1,-1,0,2,1,2,2,3,1,1,1,2,2,2,1,0,0,1,1,0,1,-1,1,-1,1,-1,0,0,1]",t^8+32t^6+184t^4+116t^2,"[-2,-2,0,0,1,1,1,1,-1,0,2,1,2,2,3,1,1,1,2,2,2,1,0,0,1,1,0,1,-1,1,-1,1,-1,0,0,1]","[-1,-1,-1,-1,0,0,2,2,-1,0,0,0,1,2,2,-1,1,0,0,1,1,-1,1,-1,2,2,1,1,2,3,-1,1,0,1,2,-1]","[-2,-2,0,0,1,1,1,1,-1,1,1,1,1,1,2,0,2,0,1,1,2,1,0,0,2,1,0,1,0,1,0,1,-1,0,-1,1]",c,"[[{8, 1}, {2, 7}, {3, 6}, {4, 5}], [{8, 1}, {2, 7}, {4, 6}, {3, 5}], [{8, 1}, {2, 7}, {5, 6}, {3, 4}], [{8, 1}, {2, 7}, {6}, {4, 5}, {3}], [{8, 1}, {3, 7}, {2, 6}, {4, 5}], [{8, 1}, {3, 7}, {2, 6}, {5}, {4}], [{8, 1}, {3, 7}, {4, 6}, {2, 5}], [{8, 1}, {3, 7}, {5, 6}, {2, 4}], [{8, 1}, {3, 7}, {5, 6}, {4}, {2}], [{8, 1}, {3, 7}, {6}, {2, 5}, {4}], [{8, 1}, {4, 7}, {2, 6}, {3, 5}], [{8, 1}, {4, 7}, {3, 6}, {2, 5}], [{8, 1}, {4, 7}, {5, 6}, {2, 3}], [{8, 1}, {4, 7}, {6}, {3, 5}, {2}], [{8, 1}, {5, 7}, {2, 6}, {3, 4}], [{8, 1}, {5, 7}, {3, 6}, {2, 4}], [{8, 1}, {5, 7}, {3, 6}, {4}, {2}], [{8, 1}, {5, 7}, {4, 6}, {2, 3}], [{8, 1}, {6, 7}, {2, 5}, {3, 4}], [{8, 1}, {6, 7}, {3, 5}, {2, 4}], [{8, 1}, {6, 7}, {4, 5}, {2, 3}], [{8, 2}, {1, 7}, {3, 6}, {4, 5}], [{8, 2}, {1, 7}, {4, 6}, {3, 5}], [{8, 2}, {1, 7}, {5, 6}, {3, 4}], [{8, 2}, {3, 7}, {1, 6}, {4, 5}], [{8, 2}, {3, 7}, {4, 6}, {1, 5}], [{8, 2}, {3, 7}, {5, 6}, {1, 4}], [{8, 2}, {3, 7}, {5, 6}, {4}, {1}], [{8, 2}, {4, 7}, {1, 6}, {3, 5}], [{8, 2}, {4, 7}, {3, 6}, {1, 5}], [{8, 2}, {4, 7}, {5, 6}, {1, 3}], [{8, 2}, {5, 7}, {1, 6}, {3, 4}], [{8, 2}, {5, 7}, {3, 6}, {1, 4}], [{8, 2}, {5, 7}, {3, 6}, {4}, {1}], [{8, 2}, {5, 7}, {4, 6}, {1, 3}], [{8, 2}, {6, 7}, {1, 5}, {3, 4}], [{8, 2}, {6, 7}, {3, 5}, {1, 4}], [{8, 2}, {6, 7}, {4, 5}, {1, 3}], [{8, 2}, {7}, {1, 6}, {3, 5}, {4}], [{8, 2}, {7}, {1, 6}, {4, 5}, {3}], [{8, 2}, {7}, {1, 6}, {5}, {3, 4}], [{8, 3}, {1, 7}, {2, 6}, {4, 5}], [{8, 3}, {1, 7}, {4, 6}, {2, 5}], [{8, 3}, {1, 7}, {5, 6}, {2, 4}], [{8, 3}, {2, 7}, {1, 6}, {4, 5}], [{8, 3}, {2, 7}, {4, 6}, {1, 5}], [{8, 3}, {2, 7}, {5, 6}, {1, 4}], [{8, 3}, {2, 7}, {6}, {1, 5}, {4}], [{8, 3}, {2, 7}, {6}, {4, 5}, {1}], [{8, 3}, {2, 7}, {6}, {5}, {1, 4}], [{8, 3}, {4, 7}, {1, 6}, {2, 5}], [{8, 3}, {4, 7}, {2, 6}, {1, 5}], [{8, 3}, {4, 7}, {5, 6}, {1, 2}], [{8, 3}, {4, 7}, {6}, {1, 5}, {2}], [{8, 3}, {5, 7}, {1, 6}, {2, 4}], [{8, 3}, {5, 7}, {2, 6}, {1, 4}], [{8, 3}, {5, 7}, {4, 6}, {1, 2}], [{8, 3}, {6, 7}, {1, 5}, {2, 4}], [{8, 3}, {6, 7}, {1, 5}, {4}, {2}], [{8, 3}, {6, 7}, {2, 5}, {1, 4}], [{8, 3}, {6, 7}, {4, 5}, {1, 2}], [{8, 3}, {7}, {1, 6}, {5}, {2, 4}], [{8, 3}, {7}, {2, 6}, {1, 5}, {4}], [{8, 3}, {7}, {4, 6}, {1, 5}, {2}], [{8, 3}, {7}, {5, 6}, {2, 4}, {1}], [{8, 3}, {7}, {6}, {1, 5}, {2, 4}], [{8, 3}, {7}, {6}, {1, 5}, {4}, {2}], [{8, 4}, {1, 7}, {2, 6}, {3, 5}], [{8, 4}, {1, 7}, {3, 6}, {2, 5}], [{8, 4}, {1, 7}, {5, 6}, {2, 3}], [{8, 4}, {1, 7}, {5, 6}, {3}, {2}], [{8, 4}, {1, 7}, {6}, {5}, {2, 3}], [{8, 4}, {2, 7}, {1, 6}, {3, 5}], [{8, 4}, {2, 7}, {3, 6}, {1, 5}], [{8, 4}, {2, 7}, {5, 6}, {1, 3}], [{8, 4}, {2, 7}, {5, 6}, {3}, {1}], [{8, 4}, {2, 7}, {6}, {5}, {1, 3}], [{8, 4}, {3, 7}, {1, 6}, {2, 5}], [{8, 4}, {3, 7}, {2, 6}, {1, 5}], [{8, 4}, {3, 7}, {5, 6}, {1, 2}], [{8, 4}, {3, 7}, {5, 6}, {2}, {1}], [{8, 4}, {3, 7}, {6}, {5}, {1, 2}], [{8, 4}, {5, 7}, {1, 6}, {2, 3}], [{8, 4}, {5, 7}, {2, 6}, {1, 3}], [{8, 4}, {5, 7}, {3, 6}, {1, 2}], [{8, 4}, {5, 7}, {3, 6}, {2}, {1}], [{8, 4}, {6, 7}, {1, 5}, {2, 3}], [{8, 4}, {6, 7}, {2, 5}, {1, 3}], [{8, 4}, {6, 7}, {2, 5}, {3}, {1}], [{8, 4}, {6, 7}, {3, 5}, {1, 2}], [{8, 4}, {7}, {5, 6}, {1, 3}, {2}], [{8, 4}, {7}, {5, 6}, {2, 3}, {1}], [{8, 4}, {7}, {5, 6}, {3}, {1, 2}], [{8, 5}, {1, 7}, {2, 6}, {3, 4}], [{8, 5}, {1, 7}, {3, 6}, {2, 4}], [{8, 5}, {1, 7}, {4, 6}, {2, 3}], [{8, 5}, {1, 7}, {4, 6}, {3}, {2}], [{8, 5}, {1, 7}, {6}, {4}, {2, 3}], [{8, 5}, {2, 7}, {1, 6}, {3, 4}], [{8, 5}, {2, 7}, {3, 6}, {1, 4}], [{8, 5}, {2, 7}, {4, 6}, {1, 3}], [{8, 5}, {2, 7}, {4, 6}, {3}, {1}], [{8, 5}, {2, 7}, {6}, {4}, {1, 3}], [{8, 5}, {3, 7}, {1, 6}, {2, 4}], [{8, 5}, {3, 7}, {2, 6}, {1, 4}], [{8, 5}, {3, 7}, {4, 6}, {1, 2}], [{8, 5}, {3, 7}, {4, 6}, {2}, {1}], [{8, 5}, {3, 7}, {6}, {4}, {1, 2}], [{8, 5}, {4, 7}, {1, 6}, {2, 3}], [{8, 5}, {4, 7}, {2, 6}, {1, 3}], [{8, 5}, {4, 7}, {3, 6}, {1, 2}], [{8, 5}, {4, 7}, {6}, {1, 3}, {2}], [{8, 5}, {6, 7}, {1, 4}, {2, 3}], [{8, 5}, {6, 7}, {2, 4}, {1, 3}], [{8, 5}, {6, 7}, {2, 4}, {3}, {1}], [{8, 5}, {6, 7}, {3, 4}, {1, 2}], [{8, 5}, {6, 7}, {4}, {1, 3}, {2}], [{8, 5}, {7}, {2, 6}, {4}, {1, 3}], [{8, 5}, {7}, {4, 6}, {1, 3}, {2}], [{8, 5}, {7}, {4, 6}, {2, 3}, {1}], [{8, 5}, {7}, {4, 6}, {3}, {1, 2}], [{8, 5}, {7}, {6}, {2, 4}, {1, 3}], [{8, 5}, {7}, {6}, {4}, {1, 3}, {2}], [{8, 6}, {1, 7}, {2, 5}, {3, 4}], [{8, 6}, {1, 7}, {2, 5}, {4}, {3}], [{8, 6}, {1, 7}, {3, 5}, {2, 4}], [{8, 6}, {1, 7}, {3, 5}, {4}, {2}], [{8, 6}, {1, 7}, {4, 5}, {2, 3}], [{8, 6}, {1, 7}, {4, 5}, {3}, {2}], [{8, 6}, {1, 7}, {5}, {2, 4}, {3}], [{8, 6}, {1, 7}, {5}, {3, 4}, {2}], [{8, 6}, {1, 7}, {5}, {4}, {2, 3}], [{8, 6}, {1, 7}, {5}, {4}, {3}, {2}], [{8, 6}, {2, 7}, {1, 5}, {3, 4}], [{8, 6}, {2, 7}, {3, 5}, {1, 4}], [{8, 6}, {2, 7}, {4, 5}, {1, 3}], [{8, 6}, {2, 7}, {4, 5}, {3}, {1}], [{8, 6}, {2, 7}, {5}, {4}, {1, 3}], [{8, 6}, {3, 7}, {1, 5}, {2, 4}], [{8, 6}, {3, 7}, {2, 5}, {1, 4}], [{8, 6}, {3, 7}, {4, 5}, {1, 2}], [{8, 6}, {3, 7}, {4, 5}, {2}, {1}], [{8, 6}, {3, 7}, {5}, {4}, {1, 2}], [{8, 6}, {4, 7}, {1, 5}, {2, 3}], [{8, 6}, {4, 7}, {2, 5}, {1, 3}], [{8, 6}, {4, 7}, {3, 5}, {1, 2}], [{8, 6}, {5, 7}, {1, 4}, {2, 3}], [{8, 6}, {5, 7}, {2, 4}, {1, 3}], [{8, 6}, {5, 7}, {3, 4}, {1, 2}], [{8, 6}, {7}, {4, 5}, {1, 3}, {2}], [{8, 6}, {7}, {4, 5}, {2, 3}, {1}], [{8, 6}, {7}, {4, 5}, {3}, {1, 2}], [{8, 7}, {1, 6}, {2, 5}, {3, 4}], [{8, 7}, {1, 6}, {2, 5}, {4}, {3}], [{8, 7}, {1, 6}, {3, 5}, {2, 4}], [{8, 7}, {1, 6}, {3, 5}, {4}, {2}], [{8, 7}, {1, 6}, {4, 5}, {2, 3}], [{8, 7}, {1, 6}, {4, 5}, {3}, {2}], [{8, 7}, {1, 6}, {5}, {2, 4}, {3}], [{8, 7}, {1, 6}, {5}, {3, 4}, {2}], [{8, 7}, {1, 6}, {5}, {4}, {2, 3}], [{8, 7}, {1, 6}, {5}, {4}, {3}, {2}], [{8, 7}, {2, 6}, {1, 5}, {3, 4}], [{8, 7}, {2, 6}, {3, 5}, {1, 4}], [{8, 7}, {2, 6}, {4, 5}, {1, 3}], [{8, 7}, {3, 6}, {1, 5}, {2, 4}], [{8, 7}, {3, 6}, {2, 5}, {1, 4}], [{8, 7}, {3, 6}, {4, 5}, {1, 2}], [{8, 7}, {4, 6}, {1, 5}, {2, 3}], [{8, 7}, {4, 6}, {2, 5}, {1, 3}], [{8, 7}, {4, 6}, {2, 5}, {3}, {1}], [{8, 7}, {4, 6}, {3, 5}, {1, 2}], [{8, 7}, {5, 6}, {1, 4}, {2, 3}], [{8, 7}, {5, 6}, {2, 4}, {1, 3}], [{8, 7}, {5, 6}, {2, 4}, {3}, {1}], [{8, 7}, {5, 6}, {3, 4}, {1, 2}], [{8, 7}, {6}, {1, 5}, {2, 4}, {3}], [{8, 7}, {6}, {2, 5}, {1, 4}, {3}], [{8}, {1, 7}, {4, 6}, {5}, {2, 3}], [{8}, {1, 7}, {5, 6}, {4}, {2, 3}], [{8}, {1, 7}, {6}, {4, 5}, {2, 3}], [{8}, {2, 7}, {1, 6}, {3, 5}, {4}], [{8}, {2, 7}, {1, 6}, {4, 5}, {3}], [{8}, {2, 7}, {1, 6}, {5}, {3, 4}], [{8}, {2, 7}, {3, 6}, {4, 5}, {1}], [{8}, {2, 7}, {4, 6}, {5}, {1, 3}], [{8}, {2, 7}, {5, 6}, {4}, {1, 3}], [{8}, {2, 7}, {6}, {4, 5}, {1, 3}], [{8}, {2, 7}, {6}, {4, 5}, {3}, {1}], [{8}, {3, 7}, {1, 6}, {5}, {2, 4}], [{8}, {3, 7}, {4, 6}, {5}, {1, 2}], [{8}, {3, 7}, {5, 6}, {1, 4}, {2}], [{8}, {3, 7}, {5, 6}, {2, 4}, {1}], [{8}, {3, 7}, {5, 6}, {4}, {1, 2}], [{8}, {3, 7}, {5, 6}, {4}, {2}, {1}], [{8}, {3, 7}, {6}, {1, 5}, {2, 4}], [{8}, {3, 7}, {6}, {4, 5}, {1, 2}], [{8}, {4, 7}, {3, 6}, {2, 5}, {1}], [{8}, {5, 7}, {3, 6}, {1, 4}, {2}], [{8}, {5, 7}, {3, 6}, {2, 4}, {1}], [{8}, {5, 7}, {3, 6}, {4}, {1, 2}], [{8}, {5, 7}, {3, 6}, {4}, {2}, {1}], [{8}, {6, 7}, {3, 5}, {1, 4}, {2}], [{8}, {6, 7}, {5}, {2, 4}, {1, 3}], [{8}, {6, 7}, {5}, {3, 4}, {1, 2}]]",2,8 K_1^3 - 4 K_1^2 - 8 K_1 K_2 - 2 K_1 + 2 K_2 + 2 K_3 + 3,O1O2O3U4O5U6U2U5O7O4U8O6U1U3O8U7,O1O2O3U1O4U5U2U6O7U8O5O6U3O8U4U7,O1O2O3U4U5O6U1O7O8U6O4U7U2U8O5U3,c,{'O1O2O3U4O5U1U3O6U5O7O4U8U2U6O8U7'},1,"<a href=""/flatknot/8.1101834"">8.1101834</a>",t^9-36t^7-76t^6+84t^5+244t^4+28t^3-60t^2+112t+80,2t^2-4t,,
8.1101835,O1O2O3U4O5U1U3O6U5O7O4U8U2U7O8U6,4,z^3+27z^2+109z+119,w^4z^3+27w^3z^2+109w^2z+119w,False,False,"[[ 0 -2  0  1  0  1  1  1 -2],[ 2  0  2  1  0  2  1  0  1],[ 0 -2  0  0 -1  1  1  0 -1],[-1 -1  0  0 -2  1  0 -1 -1],[ 0  0  1  2  0  1 -1  1 -1],[-1 -2 -1 -1 -1  0  1  0 -1],[-1 -1 -1  0  1 -1  0  1 -2],[-1  0  0  1 -1  0 -1  0 -1],[ 2 -1  1  1  1  1  2  1  0]]","[[ 0  1  1  1  1  0  0 -2 -2],[-1  0  1  0 -1  1 -1 -1 -2],[-1 -1  0  1  0 -1  0  0 -1],[-1  0 -1  0  1 -2  0 -1 -1],[-1  1  0 -1  0 -1 -1 -2 -1],[ 0 -1  1  2  1  0  1  0 -1],[ 0  1  0  0  1 -1  0 -2 -1],[ 2  1  0  1  2  0  2  0  1],[ 2  2  1  1  1  1  1 -1  0]]",True,"[-1,-1,-1,-1,0,0,2,2,-1,0,1,-1,1,1,2,-1,0,1,0,0,1,-1,2,0,1,1,1,1,2,1,-1,0,1,2,1,-1]","[-2,-2,0,0,1,1,1,1,-1,0,2,1,2,2,3,1,1,2,1,2,2,1,0,0,1,1,0,2,-1,0,-1,1,0,0,-1,1]",t^8+34t^6+267t^4+76t^2+1,"[-2,-2,0,0,1,1,1,1,-1,0,2,1,2,2,3,1,1,2,1,2,2,1,0,0,1,1,0,2,-1,0,-1,1,0,0,-1,1]","[-1,-1,-1,-1,0,0,2,2,-1,0,1,-1,1,2,2,-1,0,0,1,2,3,-1,2,0,1,2,0,0,2,1,1,1,2,1,0,-1]","[-2,-2,0,0,1,1,1,1,-1,1,1,1,1,1,2,0,2,0,1,2,1,1,1,2,1,-1,0,0,1,1,1,0,-1,1,0,1]",c,"[[{8, 1}, {2, 7}, {3, 6}, {4, 5}], [{8, 1}, {2, 7}, {4, 6}, {3, 5}], [{8, 1}, {2, 7}, {5, 6}, {3, 4}], [{8, 1}, {3, 7}, {2, 6}, {4, 5}], [{8, 1}, {3, 7}, {4, 6}, {2, 5}], [{8, 1}, {3, 7}, {5, 6}, {2, 4}], [{8, 1}, {3, 7}, {6}, {4, 5}, {2}], [{8, 1}, {4, 7}, {2, 6}, {3, 5}], [{8, 1}, {4, 7}, {3, 6}, {2, 5}], [{8, 1}, {4, 7}, {5, 6}, {2, 3}], [{8, 1}, {5, 7}, {2, 6}, {3, 4}], [{8, 1}, {5, 7}, {3, 6}, {2, 4}], [{8, 1}, {5, 7}, {4, 6}, {2, 3}], [{8, 1}, {5, 7}, {4, 6}, {3}, {2}], [{8, 1}, {6, 7}, {2, 5}, {3, 4}], [{8, 1}, {6, 7}, {3, 5}, {2, 4}], [{8, 1}, {6, 7}, {4, 5}, {2, 3}], [{8, 1}, {7}, {5, 6}, {2, 4}, {3}], [{8, 1}, {7}, {6}, {2, 5}, {3, 4}], [{8, 2}, {1, 7}, {3, 6}, {4, 5}], [{8, 2}, {1, 7}, {3, 6}, {5}, {4}], [{8, 2}, {1, 7}, {4, 6}, {3, 5}], [{8, 2}, {1, 7}, {5, 6}, {3, 4}], [{8, 2}, {3, 7}, {1, 6}, {4, 5}], [{8, 2}, {3, 7}, {4, 6}, {1, 5}], [{8, 2}, {3, 7}, {5, 6}, {1, 4}], [{8, 2}, {3, 7}, {6}, {4, 5}, {1}], [{8, 2}, {4, 7}, {1, 6}, {3, 5}], [{8, 2}, {4, 7}, {3, 6}, {1, 5}], [{8, 2}, {4, 7}, {5, 6}, {1, 3}], [{8, 2}, {4, 7}, {6}, {5}, {1, 3}], [{8, 2}, {5, 7}, {1, 6}, {3, 4}], [{8, 2}, {5, 7}, {3, 6}, {1, 4}], [{8, 2}, {5, 7}, {3, 6}, {4}, {1}], [{8, 2}, {5, 7}, {4, 6}, {1, 3}], [{8, 2}, {6, 7}, {1, 5}, {3, 4}], [{8, 2}, {6, 7}, {3, 5}, {1, 4}], [{8, 2}, {6, 7}, {3, 5}, {4}, {1}], [{8, 2}, {6, 7}, {4, 5}, {1, 3}], [{8, 2}, {7}, {3, 6}, {1, 5}, {4}], [{8, 2}, {7}, {4, 6}, {1, 5}, {3}], [{8, 2}, {7}, {6}, {1, 5}, {3, 4}], [{8, 3}, {1, 7}, {2, 6}, {4, 5}], [{8, 3}, {1, 7}, {2, 6}, {5}, {4}], [{8, 3}, {1, 7}, {4, 6}, {2, 5}], [{8, 3}, {1, 7}, {5, 6}, {2, 4}], [{8, 3}, {1, 7}, {5, 6}, {4}, {2}], [{8, 3}, {1, 7}, {6}, {2, 5}, {4}], [{8, 3}, {2, 7}, {1, 6}, {4, 5}], [{8, 3}, {2, 7}, {4, 6}, {1, 5}], [{8, 3}, {2, 7}, {4, 6}, {5}, {1}], [{8, 3}, {2, 7}, {5, 6}, {1, 4}], [{8, 3}, {2, 7}, {6}, {1, 5}, {4}], [{8, 3}, {4, 7}, {1, 6}, {2, 5}], [{8, 3}, {4, 7}, {2, 6}, {1, 5}], [{8, 3}, {4, 7}, {2, 6}, {5}, {1}], [{8, 3}, {4, 7}, {5, 6}, {1, 2}], [{8, 3}, {4, 7}, {6}, {1, 5}, {2}], [{8, 3}, {5, 7}, {1, 6}, {2, 4}], [{8, 3}, {5, 7}, {2, 6}, {1, 4}], [{8, 3}, {5, 7}, {2, 6}, {4}, {1}], [{8, 3}, {5, 7}, {4, 6}, {1, 2}], [{8, 3}, {6, 7}, {1, 5}, {2, 4}], [{8, 3}, {6, 7}, {1, 5}, {4}, {2}], [{8, 3}, {6, 7}, {2, 5}, {1, 4}], [{8, 3}, {6, 7}, {4, 5}, {1, 2}], [{8, 3}, {6, 7}, {5}, {2, 4}, {1}], [{8, 3}, {7}, {1, 6}, {4, 5}, {2}], [{8, 3}, {7}, {2, 6}, {1, 5}, {4}], [{8, 3}, {7}, {2, 6}, {4, 5}, {1}], [{8, 3}, {7}, {2, 6}, {5}, {1, 4}], [{8, 3}, {7}, {2, 6}, {5}, {4}, {1}], [{8, 3}, {7}, {4, 6}, {1, 5}, {2}], [{8, 3}, {7}, {6}, {1, 5}, {2, 4}], [{8, 3}, {7}, {6}, {4, 5}, {1, 2}], [{8, 4}, {1, 7}, {2, 6}, {3, 5}], [{8, 4}, {1, 7}, {2, 6}, {5}, {3}], [{8, 4}, {1, 7}, {3, 6}, {2, 5}], [{8, 4}, {1, 7}, {5, 6}, {2, 3}], [{8, 4}, {1, 7}, {5, 6}, {3}, {2}], [{8, 4}, {1, 7}, {6}, {2, 5}, {3}], [{8, 4}, {2, 7}, {1, 6}, {3, 5}], [{8, 4}, {2, 7}, {1, 6}, {5}, {3}], [{8, 4}, {2, 7}, {3, 6}, {1, 5}], [{8, 4}, {2, 7}, {5, 6}, {1, 3}], [{8, 4}, {3, 7}, {1, 6}, {2, 5}], [{8, 4}, {3, 7}, {1, 6}, {5}, {2}], [{8, 4}, {3, 7}, {2, 6}, {1, 5}], [{8, 4}, {3, 7}, {5, 6}, {1, 2}], [{8, 4}, {5, 7}, {1, 6}, {2, 3}], [{8, 4}, {5, 7}, {2, 6}, {1, 3}], [{8, 4}, {5, 7}, {3, 6}, {1, 2}], [{8, 4}, {5, 7}, {3, 6}, {2}, {1}], [{8, 4}, {5, 7}, {6}, {3}, {1, 2}], [{8, 4}, {6, 7}, {1, 5}, {2, 3}], [{8, 4}, {6, 7}, {2, 5}, {1, 3}], [{8, 4}, {6, 7}, {3, 5}, {1, 2}], [{8, 4}, {6, 7}, {3, 5}, {2}, {1}], [{8, 4}, {7}, {1, 6}, {5}, {2, 3}], [{8, 4}, {7}, {3, 6}, {5}, {1, 2}], [{8, 5}, {1, 7}, {2, 6}, {3, 4}], [{8, 5}, {1, 7}, {3, 6}, {2, 4}], [{8, 5}, {1, 7}, {3, 6}, {4}, {2}], [{8, 5}, {1, 7}, {4, 6}, {2, 3}], [{8, 5}, {2, 7}, {1, 6}, {3, 4}], [{8, 5}, {2, 7}, {1, 6}, {4}, {3}], [{8, 5}, {2, 7}, {3, 6}, {1, 4}], [{8, 5}, {2, 7}, {4, 6}, {1, 3}], [{8, 5}, {3, 7}, {1, 6}, {2, 4}], [{8, 5}, {3, 7}, {2, 6}, {1, 4}], [{8, 5}, {3, 7}, {2, 6}, {4}, {1}], [{8, 5}, {3, 7}, {4, 6}, {1, 2}], [{8, 5}, {4, 7}, {1, 6}, {2, 3}], [{8, 5}, {4, 7}, {2, 6}, {1, 3}], [{8, 5}, {4, 7}, {3, 6}, {1, 2}], [{8, 5}, {4, 7}, {6}, {1, 3}, {2}], [{8, 5}, {6, 7}, {1, 4}, {2, 3}], [{8, 5}, {6, 7}, {2, 4}, {1, 3}], [{8, 5}, {6, 7}, {2, 4}, {3}, {1}], [{8, 5}, {6, 7}, {3, 4}, {1, 2}], [{8, 5}, {6, 7}, {4}, {1, 3}, {2}], [{8, 5}, {7}, {2, 6}, {1, 4}, {3}], [{8, 5}, {7}, {4, 6}, {1, 3}, {2}], [{8, 5}, {7}, {6}, {3, 4}, {1, 2}], [{8, 6}, {1, 7}, {2, 5}, {3, 4}], [{8, 6}, {1, 7}, {2, 5}, {4}, {3}], [{8, 6}, {1, 7}, {3, 5}, {2, 4}], [{8, 6}, {1, 7}, {4, 5}, {2, 3}], [{8, 6}, {1, 7}, {4, 5}, {3}, {2}], [{8, 6}, {1, 7}, {5}, {2, 4}, {3}], [{8, 6}, {2, 7}, {1, 5}, {3, 4}], [{8, 6}, {2, 7}, {1, 5}, {4}, {3}], [{8, 6}, {2, 7}, {3, 5}, {1, 4}], [{8, 6}, {2, 7}, {4, 5}, {1, 3}], [{8, 6}, {3, 7}, {1, 5}, {2, 4}], [{8, 6}, {3, 7}, {2, 5}, {1, 4}], [{8, 6}, {3, 7}, {4, 5}, {1, 2}], [{8, 6}, {3, 7}, {5}, {2, 4}, {1}], [{8, 6}, {4, 7}, {1, 5}, {2, 3}], [{8, 6}, {4, 7}, {2, 5}, {1, 3}], [{8, 6}, {4, 7}, {3, 5}, {1, 2}], [{8, 6}, {5, 7}, {1, 4}, {2, 3}], [{8, 6}, {5, 7}, {2, 4}, {1, 3}], [{8, 6}, {5, 7}, {3, 4}, {1, 2}], [{8, 6}, {7}, {2, 5}, {3, 4}, {1}], [{8, 6}, {7}, {5}, {2, 4}, {1, 3}], [{8, 7}, {1, 6}, {2, 5}, {3, 4}], [{8, 7}, {1, 6}, {3, 5}, {2, 4}], [{8, 7}, {1, 6}, {4, 5}, {2, 3}], [{8, 7}, {1, 6}, {5}, {3, 4}, {2}], [{8, 7}, {2, 6}, {1, 5}, {3, 4}], [{8, 7}, {2, 6}, {3, 5}, {1, 4}], [{8, 7}, {2, 6}, {3, 5}, {4}, {1}], [{8, 7}, {2, 6}, {4, 5}, {1, 3}], [{8, 7}, {2, 6}, {5}, {1, 4}, {3}], [{8, 7}, {3, 6}, {1, 5}, {2, 4}], [{8, 7}, {3, 6}, {1, 5}, {4}, {2}], [{8, 7}, {3, 6}, {2, 5}, {1, 4}], [{8, 7}, {3, 6}, {4, 5}, {1, 2}], [{8, 7}, {4, 6}, {1, 5}, {2, 3}], [{8, 7}, {4, 6}, {2, 5}, {1, 3}], [{8, 7}, {4, 6}, {3, 5}, {1, 2}], [{8, 7}, {5, 6}, {1, 4}, {2, 3}], [{8, 7}, {5, 6}, {2, 4}, {1, 3}], [{8, 7}, {5, 6}, {3, 4}, {1, 2}], [{8, 7}, {5, 6}, {4}, {1, 3}, {2}], [{8, 7}, {6}, {1, 5}, {2, 4}, {3}], [{8, 7}, {6}, {2, 5}, {3, 4}, {1}], [{8, 7}, {6}, {4, 5}, {3}, {1, 2}], [{8}, {1, 7}, {2, 6}, {5}, {3, 4}], [{8}, {1, 7}, {3, 6}, {2, 5}, {4}], [{8}, {1, 7}, {4, 6}, {2, 5}, {3}], [{8}, {1, 7}, {5, 6}, {3, 4}, {2}], [{8}, {1, 7}, {6}, {2, 5}, {3, 4}], [{8}, {1, 7}, {6}, {2, 5}, {4}, {3}], [{8}, {2, 7}, {1, 6}, {4, 5}, {3}], [{8}, {2, 7}, {3, 6}, {1, 5}, {4}], [{8}, {2, 7}, {3, 6}, {4, 5}, {1}], [{8}, {2, 7}, {3, 6}, {5}, {1, 4}], [{8}, {2, 7}, {6}, {4, 5}, {1, 3}], [{8}, {3, 7}, {2, 6}, {5}, {1, 4}], [{8}, {3, 7}, {5, 6}, {1, 4}, {2}], [{8}, {3, 7}, {6}, {1, 5}, {2, 4}], [{8}, {3, 7}, {6}, {2, 5}, {1, 4}], [{8}, {3, 7}, {6}, {4, 5}, {1, 2}], [{8}, {4, 7}, {6}, {2, 5}, {1, 3}], [{8}, {5, 7}, {1, 6}, {2, 4}, {3}], [{8}, {5, 7}, {2, 6}, {1, 4}, {3}], [{8}, {5, 7}, {3, 6}, {2, 4}, {1}], [{8}, {5, 7}, {6}, {2, 4}, {1, 3}], [{8}, {6, 7}, {2, 5}, {3, 4}, {1}], [{8}, {6, 7}, {3, 5}, {2, 4}, {1}], [{8}, {7}, {1, 6}, {2, 5}, {3, 4}], [{8}, {7}, {2, 6}, {3, 5}, {1, 4}], [{8}, {7}, {4, 6}, {1, 5}, {2, 3}], [{8}, {7}, {4, 6}, {3, 5}, {1, 2}], [{8}, {7}, {6}, {2, 5}, {3, 4}, {1}]]",2,- 8 K_1^2 - 4 K_1 K_2 + 2 K_1 + 4 K_2 + 2 K_3 + 5,O1O2O3U4O5U6U2U5O7O6U8O4U1U3O8U7,O1O2O3U1O4U5U2U6O7U8O5O6U4O8U3U7,O1O2O3U4U1O5U6O7O8U5O4U7U2U8O6U3,c,{'O1O2O3U4O5U1U3O6U5O7O4U8U2U7O8U6'},1,"<a href=""/flatknot/8.1101835"">8.1101835</a>",t^9-38t^7-84t^6+125t^5+406t^4+17t^3-398t^2-92t+86,2t^2-4t,,
8.1101836,O1O2O3U4O5U1U3O6U5O7O4U8U6U2O8U7,4,3z^3+33z^2+109z+111,3w^4z^3+33w^3z^2+109w^2z+111w,False,False,"[[ 0 -2  1  1  0  1  0  1 -2],[ 2  0  2  1  0  2  0  0  1],[-1 -2  0  0 -1  0  0  0 -2],[-1 -1  0  0 -2  1  0 -1 -1],[ 0  0  1  2  0  1 -1  0 -1],[-1 -2  0 -1 -1  0  1  1 -2],[ 0  0  0  0  1 -1  0  0  0],[-1  0  0  1  0 -1  0  0 -1],[ 2 -1  2  1  1  2  0  1  0]]","[[ 0  1  1  1  1  0  0 -2 -2],[-1  0  1  0 -1  1 -1 -2 -2],[-1 -1  0  0  1  0  0  0 -1],[-1  0  0  0  0  0 -1 -2 -2],[-1  1 -1  0  0  0 -2 -1 -1],[ 0 -1  0  0  0  0  1  0  0],[ 0  1  0  1  2 -1  0  0 -1],[ 2  2  0  2  1  0  0  0  1],[ 2  2  1  2  1  0  1 -1  0]]",True,"[-1,-1,-1,-1,0,0,2,2,-1,0,1,-1,1,2,2,0,-1,0,0,0,1,0,0,1,2,2,0,2,1,1,-1,0,0,0,1,-1]","[-2,-2,0,0,1,1,1,1,-1,0,1,1,1,2,2,0,0,0,1,2,2,1,0,0,-1,0,0,2,1,1,1,-1,0,1,0,0]",t^8+32t^6+189t^4+116t^2+4,"[-2,-2,0,0,1,1,1,1,-1,2,2,1,1,2,3,1,2,1,1,2,2,1,0,0,-1,1,1,2,1,1,0,0,0,1,-1,1]","[-1,-1,-1,-1,0,0,2,2,-1,0,1,-1,1,2,2,0,-1,1,1,2,3,0,0,1,1,1,0,2,1,1,-1,1,2,2,2,-1]","[-2,-2,0,0,1,1,1,1,-1,0,1,1,1,2,2,0,0,0,1,2,2,1,0,0,-1,0,0,2,1,1,1,-1,0,1,0,0]",c,"[[{8, 1}, {2, 7}, {3, 6}, {4, 5}], [{8, 1}, {2, 7}, {4, 6}, {3, 5}], [{8, 1}, {2, 7}, {5, 6}, {3, 4}], [{8, 1}, {2, 7}, {6}, {3, 5}, {4}], [{8, 1}, {2, 7}, {6}, {4, 5}, {3}], [{8, 1}, {2, 7}, {6}, {5}, {3, 4}], [{8, 1}, {3, 7}, {2, 6}, {4, 5}], [{8, 1}, {3, 7}, {4, 6}, {2, 5}], [{8, 1}, {3, 7}, {5, 6}, {2, 4}], [{8, 1}, {3, 7}, {6}, {4, 5}, {2}], [{8, 1}, {4, 7}, {2, 6}, {3, 5}], [{8, 1}, {4, 7}, {3, 6}, {2, 5}], [{8, 1}, {4, 7}, {5, 6}, {2, 3}], [{8, 1}, {5, 7}, {2, 6}, {3, 4}], [{8, 1}, {5, 7}, {3, 6}, {2, 4}], [{8, 1}, {5, 7}, {4, 6}, {2, 3}], [{8, 1}, {6, 7}, {2, 5}, {3, 4}], [{8, 1}, {6, 7}, {3, 5}, {2, 4}], [{8, 1}, {6, 7}, {4, 5}, {2, 3}], [{8, 1}, {7}, {6}, {4, 5}, {2, 3}], [{8, 2}, {1, 7}, {3, 6}, {4, 5}], [{8, 2}, {1, 7}, {4, 6}, {3, 5}], [{8, 2}, {1, 7}, {5, 6}, {3, 4}], [{8, 2}, {1, 7}, {6}, {4, 5}, {3}], [{8, 2}, {3, 7}, {1, 6}, {4, 5}], [{8, 2}, {3, 7}, {4, 6}, {1, 5}], [{8, 2}, {3, 7}, {5, 6}, {1, 4}], [{8, 2}, {3, 7}, {6}, {4, 5}, {1}], [{8, 2}, {4, 7}, {1, 6}, {3, 5}], [{8, 2}, {4, 7}, {3, 6}, {1, 5}], [{8, 2}, {4, 7}, {5, 6}, {1, 3}], [{8, 2}, {5, 7}, {1, 6}, {3, 4}], [{8, 2}, {5, 7}, {3, 6}, {1, 4}], [{8, 2}, {5, 7}, {3, 6}, {4}, {1}], [{8, 2}, {5, 7}, {4, 6}, {1, 3}], [{8, 2}, {6, 7}, {1, 5}, {3, 4}], [{8, 2}, {6, 7}, {3, 5}, {1, 4}], [{8, 2}, {6, 7}, {4, 5}, {1, 3}], [{8, 2}, {7}, {4, 6}, {5}, {1, 3}], [{8, 2}, {7}, {5, 6}, {4}, {1, 3}], [{8, 2}, {7}, {6}, {1, 5}, {3, 4}], [{8, 2}, {7}, {6}, {3, 5}, {1, 4}], [{8, 2}, {7}, {6}, {4, 5}, {1, 3}], [{8, 3}, {1, 7}, {2, 6}, {4, 5}], [{8, 3}, {1, 7}, {4, 6}, {2, 5}], [{8, 3}, {1, 7}, {5, 6}, {2, 4}], [{8, 3}, {1, 7}, {6}, {4, 5}, {2}], [{8, 3}, {2, 7}, {1, 6}, {4, 5}], [{8, 3}, {2, 7}, {4, 6}, {1, 5}], [{8, 3}, {2, 7}, {5, 6}, {1, 4}], [{8, 3}, {2, 7}, {6}, {4, 5}, {1}], [{8, 3}, {4, 7}, {1, 6}, {2, 5}], [{8, 3}, {4, 7}, {2, 6}, {1, 5}], [{8, 3}, {4, 7}, {5, 6}, {1, 2}], [{8, 3}, {5, 7}, {1, 6}, {2, 4}], [{8, 3}, {5, 7}, {2, 6}, {1, 4}], [{8, 3}, {5, 7}, {4, 6}, {1, 2}], [{8, 3}, {6, 7}, {1, 5}, {2, 4}], [{8, 3}, {6, 7}, {2, 5}, {1, 4}], [{8, 3}, {6, 7}, {4, 5}, {1, 2}], [{8, 3}, {6, 7}, {5}, {1, 4}, {2}], [{8, 3}, {6, 7}, {5}, {2, 4}, {1}], [{8, 3}, {6, 7}, {5}, {4}, {1, 2}], [{8, 3}, {7}, {2, 6}, {1, 5}, {4}], [{8, 3}, {7}, {4, 6}, {2, 5}, {1}], [{8, 3}, {7}, {6}, {4, 5}, {1, 2}], [{8, 4}, {1, 7}, {2, 6}, {3, 5}], [{8, 4}, {1, 7}, {3, 6}, {2, 5}], [{8, 4}, {1, 7}, {5, 6}, {2, 3}], [{8, 4}, {1, 7}, {6}, {3, 5}, {2}], [{8, 4}, {2, 7}, {1, 6}, {3, 5}], [{8, 4}, {2, 7}, {3, 6}, {1, 5}], [{8, 4}, {2, 7}, {5, 6}, {1, 3}], [{8, 4}, {2, 7}, {6}, {3, 5}, {1}], [{8, 4}, {3, 7}, {1, 6}, {2, 5}], [{8, 4}, {3, 7}, {2, 6}, {1, 5}], [{8, 4}, {3, 7}, {5, 6}, {1, 2}], [{8, 4}, {5, 7}, {1, 6}, {2, 3}], [{8, 4}, {5, 7}, {2, 6}, {1, 3}], [{8, 4}, {5, 7}, {3, 6}, {1, 2}], [{8, 4}, {6, 7}, {1, 5}, {2, 3}], [{8, 4}, {6, 7}, {2, 5}, {1, 3}], [{8, 4}, {6, 7}, {3, 5}, {1, 2}], [{8, 4}, {7}, {3, 6}, {1, 5}, {2}], [{8, 4}, {7}, {6}, {3, 5}, {1, 2}], [{8, 5}, {1, 7}, {2, 6}, {3, 4}], [{8, 5}, {1, 7}, {2, 6}, {4}, {3}], [{8, 5}, {1, 7}, {3, 6}, {2, 4}], [{8, 5}, {1, 7}, {4, 6}, {2, 3}], [{8, 5}, {1, 7}, {6}, {3, 4}, {2}], [{8, 5}, {2, 7}, {1, 6}, {3, 4}], [{8, 5}, {2, 7}, {3, 6}, {1, 4}], [{8, 5}, {2, 7}, {4, 6}, {1, 3}], [{8, 5}, {2, 7}, {6}, {3, 4}, {1}], [{8, 5}, {3, 7}, {1, 6}, {2, 4}], [{8, 5}, {3, 7}, {2, 6}, {1, 4}], [{8, 5}, {3, 7}, {4, 6}, {1, 2}], [{8, 5}, {4, 7}, {1, 6}, {2, 3}], [{8, 5}, {4, 7}, {2, 6}, {1, 3}], [{8, 5}, {4, 7}, {3, 6}, {1, 2}], [{8, 5}, {6, 7}, {1, 4}, {2, 3}], [{8, 5}, {6, 7}, {2, 4}, {1, 3}], [{8, 5}, {6, 7}, {3, 4}, {1, 2}], [{8, 5}, {6, 7}, {4}, {1, 3}, {2}], [{8, 5}, {7}, {3, 6}, {2, 4}, {1}], [{8, 5}, {7}, {6}, {3, 4}, {1, 2}], [{8, 6}, {1, 7}, {2, 5}, {3, 4}], [{8, 6}, {1, 7}, {2, 5}, {4}, {3}], [{8, 6}, {1, 7}, {3, 5}, {2, 4}], [{8, 6}, {1, 7}, {3, 5}, {4}, {2}], [{8, 6}, {1, 7}, {4, 5}, {2, 3}], [{8, 6}, {1, 7}, {5}, {4}, {2, 3}], [{8, 6}, {2, 7}, {1, 5}, {3, 4}], [{8, 6}, {2, 7}, {3, 5}, {1, 4}], [{8, 6}, {2, 7}, {3, 5}, {4}, {1}], [{8, 6}, {2, 7}, {4, 5}, {1, 3}], [{8, 6}, {2, 7}, {4, 5}, {3}, {1}], [{8, 6}, {2, 7}, {5}, {3, 4}, {1}], [{8, 6}, {3, 7}, {1, 5}, {2, 4}], [{8, 6}, {3, 7}, {2, 5}, {1, 4}], [{8, 6}, {3, 7}, {4, 5}, {1, 2}], [{8, 6}, {3, 7}, {5}, {4}, {1, 2}], [{8, 6}, {4, 7}, {1, 5}, {2, 3}], [{8, 6}, {4, 7}, {2, 5}, {1, 3}], [{8, 6}, {4, 7}, {3, 5}, {1, 2}], [{8, 6}, {5, 7}, {1, 4}, {2, 3}], [{8, 6}, {5, 7}, {2, 4}, {1, 3}], [{8, 6}, {5, 7}, {3, 4}, {1, 2}], [{8, 6}, {5, 7}, {4}, {3}, {1, 2}], [{8, 6}, {7}, {3, 5}, {4}, {1, 2}], [{8, 7}, {1, 6}, {2, 5}, {3, 4}], [{8, 7}, {1, 6}, {3, 5}, {2, 4}], [{8, 7}, {1, 6}, {4, 5}, {2, 3}], [{8, 7}, {2, 6}, {1, 5}, {3, 4}], [{8, 7}, {2, 6}, {3, 5}, {1, 4}], [{8, 7}, {2, 6}, {4, 5}, {1, 3}], [{8, 7}, {3, 6}, {1, 5}, {2, 4}], [{8, 7}, {3, 6}, {1, 5}, {4}, {2}], [{8, 7}, {3, 6}, {2, 5}, {1, 4}], [{8, 7}, {3, 6}, {4, 5}, {1, 2}], [{8, 7}, {4, 6}, {1, 5}, {2, 3}], [{8, 7}, {4, 6}, {1, 5}, {3}, {2}], [{8, 7}, {4, 6}, {2, 5}, {1, 3}], [{8, 7}, {4, 6}, {3, 5}, {1, 2}], [{8, 7}, {4, 6}, {5}, {2, 3}, {1}], [{8, 7}, {5, 6}, {1, 4}, {2, 3}], [{8, 7}, {5, 6}, {2, 4}, {1, 3}], [{8, 7}, {5, 6}, {3, 4}, {1, 2}], [{8, 7}, {5, 6}, {4}, {2, 3}, {1}], [{8, 7}, {6}, {1, 5}, {3, 4}, {2}], [{8, 7}, {6}, {3, 5}, {1, 4}, {2}], [{8, 7}, {6}, {4, 5}, {1, 3}, {2}], [{8, 7}, {6}, {4, 5}, {2, 3}, {1}], [{8, 7}, {6}, {4, 5}, {3}, {1, 2}], [{8}, {1, 7}, {4, 6}, {3, 5}, {2}], [{8}, {1, 7}, {6}, {4, 5}, {2, 3}], [{8}, {2, 7}, {1, 6}, {3, 5}, {4}], [{8}, {2, 7}, {1, 6}, {4, 5}, {3}], [{8}, {2, 7}, {1, 6}, {5}, {3, 4}], [{8}, {2, 7}, {3, 6}, {4, 5}, {1}], [{8}, {2, 7}, {4, 6}, {3, 5}, {1}], [{8}, {2, 7}, {5, 6}, {3, 4}, {1}], [{8}, {2, 7}, {6}, {1, 5}, {3, 4}], [{8}, {2, 7}, {6}, {3, 5}, {1, 4}], [{8}, {2, 7}, {6}, {3, 5}, {4}, {1}], [{8}, {2, 7}, {6}, {4, 5}, {1, 3}], [{8}, {2, 7}, {6}, {4, 5}, {3}, {1}], [{8}, {2, 7}, {6}, {5}, {3, 4}, {1}], [{8}, {3, 7}, {1, 6}, {2, 5}, {4}], [{8}, {3, 7}, {2, 6}, {5}, {1, 4}], [{8}, {3, 7}, {6}, {4, 5}, {1, 2}], [{8}, {4, 7}, {3, 6}, {1, 5}, {2}], [{8}, {5, 7}, {3, 6}, {1, 4}, {2}], [{8}, {6, 7}, {1, 5}, {2, 4}, {3}], [{8}, {6, 7}, {2, 5}, {1, 4}, {3}], [{8}, {7}, {4, 6}, {3, 5}, {1, 2}], [{8}, {7}, {5, 6}, {1, 4}, {2, 3}]]",2,12 K_1^3 - 12 K_1^2 - 16 K_1 K_2 - K_1 + 6 K_2 + 5 K_3 + 7,O1O2O3U4O5U2U6U5O7O4U8O6U1U3O8U7,O1O2O3U1O4U5U3U6O7U8O5O6U2O8U4U7,O1O2O3U4U5O6U2O7O8U6O4U7U1U8O5U3,c,{'O1O2O3U4O5U1U3O6U5O7O4U8U6U2O8U7'},1,"<a href=""/flatknot/8.1101836"">8.1101836</a>",t^9-36t^7-54t^6+147t^5+224t^4-28t^3-58t^2+8t+4,2t^2-4t,,
8.1101837,O1O2O3U4O5U1U3O6U5O7O4U8U6U7O8U2,3,14z^2+86z+117,14w^3z^2+86w^2z+117w,False,False,"[[ 0 -2  1  1  0  1  0  1 -2],[ 2  0  2  1  0  2  0 -1  2],[-1 -2  0  0  0  0  0  1 -3],[-1 -1  0  0 -2  1  0 -1 -1],[ 0  0  0  2  0  1 -1  0  0],[-1 -2  0 -1 -1  0  1  1 -2],[ 0  0  0  0  1 -1  0  1 -1],[-1  1 -1  1  0 -1 -1  0 -1],[ 2 -2  3  1  0  2  1  1  0]]","[[ 0  1  1  1  1  0  0 -2 -2],[-1  0  1  0  0  0  0 -2 -3],[-1 -1  0  1 -1  0 -1  1 -1],[-1  0 -1  0  1 -2  0 -1 -1],[-1  0  1 -1  0 -1  1 -2 -2],[ 0  0  0  2  1  0 -1  0  0],[ 0  0  1  0 -1  1  0  0 -1],[ 2  2 -1  1  2  0  0  0  2],[ 2  3  1  1  2  0  1 -2  0]]",True,"[-1,-1,-1,-1,0,0,2,2,-1,0,0,0,0,2,3,-1,1,0,1,-1,1,-1,2,0,1,1,1,-1,2,2,1,0,0,0,1,-2]","[-2,-2,0,0,1,1,1,1,-2,0,1,1,1,2,3,0,0,-1,1,2,2,-1,0,2,1,0,1,0,-1,0,1,-1,-1,1,0,0]",t^8+42t^6+317t^4+167t^2,"[-2,-2,0,0,1,1,1,1,-2,2,2,1,1,2,4,1,2,0,1,2,2,-1,1,2,1,0,1,0,-1,1,0,0,-1,1,-1,1]","[-1,-1,-1,-1,0,0,2,2,-1,-1,1,0,1,2,4,0,-1,2,0,1,1,0,1,1,0,1,1,-1,2,2,1,1,2,2,2,-2]","[-2,-2,0,0,1,1,1,1,-2,0,1,1,1,2,3,0,0,-1,1,2,2,-1,0,2,1,0,1,0,-1,0,1,-1,-1,1,0,0]",c,"[[{8, 2}, {6, 7}, {1, 5}, {3, 4}], [{8, 2}, {7}, {6}, {1, 5}, {3, 4}], [{8, 3}, {6, 7}, {1, 5}, {2, 4}], [{8, 3}, {7}, {6}, {1, 5}, {2, 4}], [{8, 4}, {1, 7}, {3, 6}, {2, 5}], [{8, 4}, {1, 7}, {3, 6}, {5}, {2}]]",1,4 K_1^3 - 28 K_1^2 - 16 K_1 K_2 + 5 K_1 + 14 K_2 + 7 K_3 + 15,O1O2O3U2O4U5U6U4O7O5U8O6U1U3O8U7,O1O2O3U1O4U5U4U6O7U8O5O6U2O8U3U7,O1O2O3U4U1O5U2O6O7U5O4U6U8U7O8U3,c,{'O1O2O3U4O5U1U3O6U5O7O4U8U6U7O8U2'},1,"<a href=""/flatknot/8.1101837"">8.1101837</a>",t^9-46t^7-102t^6+201t^5+672t^4+387t^3-40t^2-104t-24,2t^2-4t,,
8.1101838,O1O2O3U4O5U1U3O6U5O7O4U8U7U2O8U6,4,20z^2+97z+115,20w^3z^2+97w^2z+115w,False,False,"[[ 0 -2  1  1  0  1  1  0 -2],[ 2  0  2  1  0  2  1 -1  1],[-1 -2  0  0 -1  1  0 -1 -2],[-1 -1  0  0 -2  1  0 -1 -1],[ 0  0  1  2  0  1 -1  0 -1],[-1 -2 -1 -1 -1  0  1  0 -1],[-1 -1  0  0  1 -1  0  1 -2],[ 0  1  1  1  0  0 -1  0  0],[ 2 -1  2  1  1  1  2  0  0]]","[[ 0  1  1  1  1  0  0 -2 -2],[-1  0  1  0  0 -1 -1 -2 -2],[-1 -1  0  1 -1  0 -1 -1 -2],[-1  0 -1  0  0  1  1 -2 -1],[-1  0  1  0  0 -1 -2 -1 -1],[ 0  1  0 -1  1  0  0  0  1],[ 0  1  1 -1  2  0  0 -1  0],[ 2  2  1  2  1  0  1  0 -1],[ 2  2  2  1  1 -1  0  1  0]]",True,"[-1,-1,-1,-1,0,0,2,2,-1,0,0,1,1,2,2,-1,1,0,1,1,2,0,-1,-1,2,1,1,2,1,1,0,0,-1,1,0,1]","[-2,-2,0,0,1,1,1,1,-1,0,1,1,1,2,2,-1,0,1,2,1,2,0,1,0,-1,1,2,1,-1,1,1,0,0,1,-1,0]",t^8+36t^6+283t^4+144t^2+4,"[-2,-2,0,0,1,1,1,1,-1,2,3,1,1,2,2,1,2,1,2,1,2,0,0,0,2,-1,0,1,2,0,-1,0,0,-1,1,0]","[-1,-1,-1,-1,0,0,2,2,-1,-1,1,0,1,1,2,0,0,-1,0,2,2,0,0,0,1,1,2,2,2,1,0,2,1,3,2,1]","[-2,-2,0,0,1,1,1,1,-1,0,1,1,1,2,2,-1,0,1,2,1,2,0,1,0,-1,1,2,1,-1,1,1,0,0,1,-1,0]",c,"[[{8, 1}, {2, 7}, {3, 6}, {4, 5}], [{8, 1}, {2, 7}, {4, 6}, {3, 5}], [{8, 1}, {2, 7}, {5, 6}, {3, 4}], [{8, 1}, {3, 7}, {2, 6}, {4, 5}], [{8, 1}, {3, 7}, {4, 6}, {2, 5}], [{8, 1}, {3, 7}, {5, 6}, {2, 4}], [{8, 1}, {4, 7}, {2, 6}, {3, 5}], [{8, 1}, {4, 7}, {2, 6}, {5}, {3}], [{8, 1}, {4, 7}, {3, 6}, {2, 5}], [{8, 1}, {4, 7}, {5, 6}, {2, 3}], [{8, 1}, {5, 7}, {2, 6}, {3, 4}], [{8, 1}, {5, 7}, {3, 6}, {2, 4}], [{8, 1}, {5, 7}, {4, 6}, {2, 3}], [{8, 1}, {6, 7}, {2, 5}, {3, 4}], [{8, 1}, {6, 7}, {3, 5}, {2, 4}], [{8, 1}, {6, 7}, {4, 5}, {2, 3}], [{8, 1}, {7}, {3, 6}, {2, 5}, {4}], [{8, 1}, {7}, {4, 6}, {2, 5}, {3}], [{8, 1}, {7}, {5, 6}, {4}, {2, 3}], [{8, 1}, {7}, {6}, {2, 5}, {3, 4}], [{8, 2}, {1, 7}, {3, 6}, {4, 5}], [{8, 2}, {1, 7}, {4, 6}, {3, 5}], [{8, 2}, {1, 7}, {5, 6}, {3, 4}], [{8, 2}, {3, 7}, {1, 6}, {4, 5}], [{8, 2}, {3, 7}, {4, 6}, {1, 5}], [{8, 2}, {3, 7}, {5, 6}, {1, 4}], [{8, 2}, {3, 7}, {6}, {5}, {1, 4}], [{8, 2}, {4, 7}, {1, 6}, {3, 5}], [{8, 2}, {4, 7}, {3, 6}, {1, 5}], [{8, 2}, {4, 7}, {3, 6}, {5}, {1}], [{8, 2}, {4, 7}, {5, 6}, {1, 3}], [{8, 2}, {5, 7}, {1, 6}, {3, 4}], [{8, 2}, {5, 7}, {3, 6}, {1, 4}], [{8, 2}, {5, 7}, {3, 6}, {4}, {1}], [{8, 2}, {5, 7}, {4, 6}, {1, 3}], [{8, 2}, {6, 7}, {1, 5}, {3, 4}], [{8, 2}, {6, 7}, {3, 5}, {1, 4}], [{8, 2}, {6, 7}, {4, 5}, {1, 3}], [{8, 2}, {7}, {1, 6}, {3, 5}, {4}], [{8, 2}, {7}, {3, 6}, {4, 5}, {1}], [{8, 2}, {7}, {4, 6}, {1, 5}, {3}], [{8, 3}, {1, 7}, {2, 6}, {4, 5}], [{8, 3}, {1, 7}, {2, 6}, {5}, {4}], [{8, 3}, {1, 7}, {4, 6}, {2, 5}], [{8, 3}, {1, 7}, {5, 6}, {2, 4}], [{8, 3}, {2, 7}, {1, 6}, {4, 5}], [{8, 3}, {2, 7}, {1, 6}, {5}, {4}], [{8, 3}, {2, 7}, {4, 6}, {1, 5}], [{8, 3}, {2, 7}, {5, 6}, {1, 4}], [{8, 3}, {2, 7}, {5, 6}, {4}, {1}], [{8, 3}, {2, 7}, {6}, {1, 5}, {4}], [{8, 3}, {4, 7}, {1, 6}, {2, 5}], [{8, 3}, {4, 7}, {2, 6}, {1, 5}], [{8, 3}, {4, 7}, {5, 6}, {1, 2}], [{8, 3}, {4, 7}, {6}, {1, 5}, {2}], [{8, 3}, {5, 7}, {1, 6}, {2, 4}], [{8, 3}, {5, 7}, {2, 6}, {1, 4}], [{8, 3}, {5, 7}, {2, 6}, {4}, {1}], [{8, 3}, {5, 7}, {4, 6}, {1, 2}], [{8, 3}, {6, 7}, {1, 5}, {2, 4}], [{8, 3}, {6, 7}, {1, 5}, {4}, {2}], [{8, 3}, {6, 7}, {2, 5}, {1, 4}], [{8, 3}, {6, 7}, {4, 5}, {1, 2}], [{8, 3}, {6, 7}, {5}, {2, 4}, {1}], [{8, 3}, {7}, {2, 6}, {1, 5}, {4}], [{8, 3}, {7}, {4, 6}, {1, 5}, {2}], [{8, 3}, {7}, {4, 6}, {2, 5}, {1}], [{8, 3}, {7}, {4, 6}, {5}, {1, 2}], [{8, 3}, {7}, {6}, {1, 5}, {2, 4}], [{8, 3}, {7}, {6}, {1, 5}, {4}, {2}], [{8, 4}, {1, 7}, {2, 6}, {3, 5}], [{8, 4}, {1, 7}, {3, 6}, {2, 5}], [{8, 4}, {1, 7}, {3, 6}, {5}, {2}], [{8, 4}, {1, 7}, {5, 6}, {2, 3}], [{8, 4}, {2, 7}, {1, 6}, {3, 5}], [{8, 4}, {2, 7}, {3, 6}, {1, 5}], [{8, 4}, {2, 7}, {3, 6}, {5}, {1}], [{8, 4}, {2, 7}, {5, 6}, {1, 3}], [{8, 4}, {3, 7}, {1, 6}, {2, 5}], [{8, 4}, {3, 7}, {2, 6}, {1, 5}], [{8, 4}, {3, 7}, {5, 6}, {1, 2}], [{8, 4}, {3, 7}, {6}, {5}, {1, 2}], [{8, 4}, {5, 7}, {1, 6}, {2, 3}], [{8, 4}, {5, 7}, {2, 6}, {1, 3}], [{8, 4}, {5, 7}, {3, 6}, {1, 2}], [{8, 4}, {5, 7}, {3, 6}, {2}, {1}], [{8, 4}, {5, 7}, {6}, {3}, {1, 2}], [{8, 4}, {6, 7}, {1, 5}, {2, 3}], [{8, 4}, {6, 7}, {2, 5}, {1, 3}], [{8, 4}, {6, 7}, {3, 5}, {1, 2}], [{8, 4}, {6, 7}, {5}, {3}, {1, 2}], [{8, 4}, {7}, {1, 6}, {5}, {2, 3}], [{8, 4}, {7}, {2, 6}, {5}, {1, 3}], [{8, 4}, {7}, {3, 6}, {1, 5}, {2}], [{8, 4}, {7}, {3, 6}, {2, 5}, {1}], [{8, 4}, {7}, {3, 6}, {5}, {1, 2}], [{8, 4}, {7}, {3, 6}, {5}, {2}, {1}], [{8, 4}, {7}, {5, 6}, {3}, {1, 2}], [{8, 4}, {7}, {6}, {3, 5}, {1, 2}], [{8, 4}, {7}, {6}, {5}, {3}, {1, 2}], [{8, 5}, {1, 7}, {2, 6}, {3, 4}], [{8, 5}, {1, 7}, {3, 6}, {2, 4}], [{8, 5}, {1, 7}, {4, 6}, {2, 3}], [{8, 5}, {1, 7}, {6}, {4}, {2, 3}], [{8, 5}, {2, 7}, {1, 6}, {3, 4}], [{8, 5}, {2, 7}, {3, 6}, {1, 4}], [{8, 5}, {2, 7}, {3, 6}, {4}, {1}], [{8, 5}, {2, 7}, {4, 6}, {1, 3}], [{8, 5}, {3, 7}, {1, 6}, {2, 4}], [{8, 5}, {3, 7}, {2, 6}, {1, 4}], [{8, 5}, {3, 7}, {4, 6}, {1, 2}], [{8, 5}, {4, 7}, {1, 6}, {2, 3}], [{8, 5}, {4, 7}, {2, 6}, {1, 3}], [{8, 5}, {4, 7}, {3, 6}, {1, 2}], [{8, 5}, {4, 7}, {3, 6}, {2}, {1}], [{8, 5}, {6, 7}, {1, 4}, {2, 3}], [{8, 5}, {6, 7}, {2, 4}, {1, 3}], [{8, 5}, {6, 7}, {3, 4}, {1, 2}], [{8, 5}, {7}, {2, 6}, {4}, {1, 3}], [{8, 5}, {7}, {3, 6}, {2, 4}, {1}], [{8, 5}, {7}, {4, 6}, {3}, {1, 2}], [{8, 6}, {1, 7}, {2, 5}, {3, 4}], [{8, 6}, {1, 7}, {3, 5}, {2, 4}], [{8, 6}, {1, 7}, {4, 5}, {2, 3}], [{8, 6}, {2, 7}, {1, 5}, {3, 4}], [{8, 6}, {2, 7}, {3, 5}, {1, 4}], [{8, 6}, {2, 7}, {4, 5}, {1, 3}], [{8, 6}, {3, 7}, {1, 5}, {2, 4}], [{8, 6}, {3, 7}, {2, 5}, {1, 4}], [{8, 6}, {3, 7}, {4, 5}, {1, 2}], [{8, 6}, {3, 7}, {4, 5}, {2}, {1}], [{8, 6}, {3, 7}, {5}, {4}, {1, 2}], [{8, 6}, {4, 7}, {1, 5}, {2, 3}], [{8, 6}, {4, 7}, {2, 5}, {1, 3}], [{8, 6}, {4, 7}, {3, 5}, {1, 2}], [{8, 6}, {4, 7}, {5}, {3}, {1, 2}], [{8, 6}, {5, 7}, {1, 4}, {2, 3}], [{8, 6}, {5, 7}, {2, 4}, {1, 3}], [{8, 6}, {5, 7}, {3, 4}, {1, 2}], [{8, 6}, {5, 7}, {4}, {3}, {1, 2}], [{8, 6}, {7}, {1, 5}, {3, 4}, {2}], [{8, 6}, {7}, {2, 5}, {3, 4}, {1}], [{8, 6}, {7}, {3, 5}, {4}, {1, 2}], [{8, 6}, {7}, {4, 5}, {3}, {1, 2}], [{8, 6}, {7}, {5}, {3, 4}, {1, 2}], [{8, 6}, {7}, {5}, {4}, {3}, {1, 2}], [{8, 7}, {1, 6}, {2, 5}, {3, 4}], [{8, 7}, {1, 6}, {3, 5}, {2, 4}], [{8, 7}, {1, 6}, {4, 5}, {2, 3}], [{8, 7}, {1, 6}, {5}, {3, 4}, {2}], [{8, 7}, {2, 6}, {1, 5}, {3, 4}], [{8, 7}, {2, 6}, {3, 5}, {1, 4}], [{8, 7}, {2, 6}, {4, 5}, {1, 3}], [{8, 7}, {3, 6}, {1, 5}, {2, 4}], [{8, 7}, {3, 6}, {2, 5}, {1, 4}], [{8, 7}, {3, 6}, {2, 5}, {4}, {1}], [{8, 7}, {3, 6}, {4, 5}, {1, 2}], [{8, 7}, {3, 6}, {4, 5}, {2}, {1}], [{8, 7}, {3, 6}, {5}, {2, 4}, {1}], [{8, 7}, {4, 6}, {1, 5}, {2, 3}], [{8, 7}, {4, 6}, {1, 5}, {3}, {2}], [{8, 7}, {4, 6}, {2, 5}, {1, 3}], [{8, 7}, {4, 6}, {2, 5}, {3}, {1}], [{8, 7}, {4, 6}, {3, 5}, {1, 2}], [{8, 7}, {4, 6}, {5}, {3}, {1, 2}], [{8, 7}, {5, 6}, {1, 4}, {2, 3}], [{8, 7}, {5, 6}, {2, 4}, {1, 3}], [{8, 7}, {5, 6}, {3, 4}, {1, 2}], [{8, 7}, {6}, {2, 5}, {3, 4}, {1}], [{8}, {1, 7}, {3, 6}, {2, 5}, {4}], [{8}, {1, 7}, {4, 6}, {2, 5}, {3}], [{8}, {1, 7}, {6}, {2, 5}, {3, 4}], [{8}, {2, 7}, {1, 6}, {4, 5}, {3}], [{8}, {2, 7}, {3, 6}, {4, 5}, {1}], [{8}, {2, 7}, {4, 6}, {1, 5}, {3}], [{8}, {2, 7}, {6}, {4, 5}, {1, 3}], [{8}, {3, 7}, {4, 6}, {1, 5}, {2}], [{8}, {3, 7}, {4, 6}, {2, 5}, {1}], [{8}, {3, 7}, {4, 6}, {5}, {1, 2}], [{8}, {3, 7}, {5, 6}, {1, 4}, {2}], [{8}, {4, 7}, {3, 6}, {2, 5}, {1}], [{8}, {5, 7}, {1, 6}, {2, 4}, {3}], [{8}, {5, 7}, {3, 6}, {2, 4}, {1}], [{8}, {5, 7}, {4, 6}, {3}, {1, 2}], [{8}, {5, 7}, {6}, {2, 4}, {1, 3}], [{8}, {6, 7}, {2, 5}, {3, 4}, {1}], [{8}, {6, 7}, {4, 5}, {1, 3}, {2}], [{8}, {7}, {1, 6}, {2, 5}, {3, 4}], [{8}, {7}, {2, 6}, {4, 5}, {1, 3}], [{8}, {7}, {3, 6}, {2, 5}, {1, 4}], [{8}, {7}, {3, 6}, {2, 5}, {4}, {1}], [{8}, {7}, {4, 6}, {1, 5}, {2, 3}], [{8}, {7}, {4, 6}, {1, 5}, {3}, {2}], [{8}, {7}, {4, 6}, {2, 5}, {1, 3}], [{8}, {7}, {4, 6}, {2, 5}, {3}, {1}], [{8}, {7}, {4, 6}, {3, 5}, {1, 2}], [{8}, {7}, {4, 6}, {5}, {3}, {1, 2}], [{8}, {7}, {6}, {2, 5}, {3, 4}, {1}]]",2,- 8 K_1^2 - 4 K_1 K_2 + 2 K_1 + 4 K_2 + 2 K_3 + 5,O1O2O3U4O5U2U6U5O7O6U8O4U1U3O8U7,O1O2O3U1O4U5U3U6O7U8O5O6U4O8U2U7,O1O2O3U4U2O5U6O7O8U5O4U7U1U8O6U3,c,{'O1O2O3U4O5U1U3O6U5O7O4U8U7U2O8U6'},1,"<a href=""/flatknot/8.1101838"">8.1101838</a>",t^9-40t^7-76t^6+153t^5+258t^4-178t^3-34t^2+7t+2,2t^2-4t,,
8.1101839,O1O2O3U4O5U1U3O6U5O7O4U8U7U6O8U2,3,12z^2+77z+107,-2w^4z^2+14w^3z^2+77w^2z+107w,False,False,"[[ 0 -2  1  1  0  1  1  0 -2],[ 2  0  2  1  0  2  0 -1  2],[-1 -2  0  0  0  0  1  0 -3],[-1 -1  0  0 -2  1  0 -1 -1],[ 0  0  0  2  0  1 -1  0  0],[-1 -2  0 -1 -1  0  1  0 -2],[-1  0 -1  0  1 -1  0  0 -2],[ 0  1  0  1  0  0  0  0  0],[ 2 -2  3  1  0  2  2  0  0]]","[[ 0  1  1  1  1  0  0 -2 -2],[-1  0  1  0  0  0  0 -2 -3],[-1 -1  0  0 -1  1  0  0 -2],[-1  0  0  0  1 -2 -1 -1 -1],[-1  0  1 -1  0 -1  0 -2 -2],[ 0  0 -1  2  1  0  0  0  0],[ 0  0  0  1  0  0  0  1  0],[ 2  2  0  1  2  0 -1  0  2],[ 2  3  2  1  2  0  0 -2  0]]",True,"[-1,-1,-1,-1,0,0,2,2,-1,0,0,0,0,2,3,0,1,-1,0,0,2,-1,2,1,1,1,1,0,2,2,0,0,0,-1,0,-2]","[-2,-2,0,0,1,1,1,1,-2,0,0,1,2,2,3,-1,0,1,0,2,2,0,1,0,0,0,2,-1,1,0,0,1,0,-1,-1,0]",t^8+42t^6+280t^4+227t^2,"[-2,-2,0,0,1,1,1,1,-2,2,3,1,1,2,3,2,2,0,1,2,1,0,1,0,-1,2,1,1,0,1,0,0,-1,1,-1,0]","[-1,-1,-1,-1,0,0,2,2,-1,-1,0,1,2,1,3,0,-1,1,0,1,1,0,1,1,0,1,0,-1,2,2,0,2,3,2,2,-2]","[-2,-2,0,0,1,1,1,1,-2,0,0,1,2,2,3,-1,0,1,0,2,2,0,1,0,0,0,2,-1,1,0,0,1,0,-1,-1,0]",c,"[[{8, 4}, {1, 7}, {5, 6}, {2, 3}], [{8, 4}, {1, 7}, {5, 6}, {3}, {2}]]",1,4 K_1^3 - 24 K_1^2 - 16 K_1 K_2 + 5 K_1 + 12 K_2 + 7 K_3 + 13,O1O2O3U2O4U5U6U4O7O6U8O5U1U3O8U7,O1O2O3U1O4U5U4U6O7U8O5O6U3O8U2U7,O1O2O3U4U2O5U1O6O7U5O4U6U8U7O8U3,c,{'O1O2O3U4O5U1U3O6U5O7O4U8U7U6O8U2'},1,"<a href=""/flatknot/8.1101839"">8.1101839</a>",t^9-46t^7-90t^6+268t^5+616t^4-181t^3-692t^2-220t+24,2t^2-4t,,
8.1101840,O1O2O3U4O5U1U3O6U7O8O4U6U8U5O7U2,4,4z^3+36z^2+109z+107,4w^4z^3+36w^3z^2+109w^2z+107w,False,False,"[[ 0 -2  1  1  0  2 -1 -1  0],[ 2  0  2  1  1  1 -1  2 -1],[-1 -2  0  0  0  1 -1 -2  0],[-1 -1  0  0 -1  0 -1 -1 -1],[ 0 -1  0  1  0  0 -1  1 -1],[-2 -1 -1  0  0  0 -1 -3  1],[ 1  1  1  1  1  1  0  0  1],[ 1 -2  2  1 -1  3  0  0  0],[ 0  1  0  1  1 -1 -1  0  0]]","[[ 0  2  1  1  0  0 -1 -1 -2],[-2  0  0 -1  1  0 -1 -3 -1],[-1  0  0  0 -1 -1 -1 -1 -1],[-1  1  0  0  0  0 -1 -2 -2],[ 0 -1  1  0  0  1 -1  0  1],[ 0  0  1  0 -1  0 -1  1 -1],[ 1  1  1  1  1  1  0  0  1],[ 1  3  1  2  0 -1  0  0 -2],[ 2  1  1  2 -1  1 -1  2  0]]",True,"[-2,-1,-1,0,0,1,1,2,0,1,-1,0,1,3,1,0,1,1,1,1,1,0,0,1,2,2,-1,1,0,-1,1,-1,1,0,-1,2]","[-2,-1,-1,0,0,1,1,2,-1,2,-1,1,1,2,1,0,1,1,1,1,1,0,-1,1,2,3,1,1,0,-1,1,0,0,0,0,1]",t^8+38t^6+286t^4+254t^2+9,"[-2,-1,-1,0,0,1,1,2,-1,2,1,3,1,2,3,0,2,1,0,1,0,0,0,1,1,2,1,1,0,2,1,0,3,0,0,1]","[-2,-1,-1,0,0,1,1,2,0,1,2,3,0,2,3,0,1,1,0,1,1,0,0,1,1,2,-1,2,0,1,1,0,3,0,-1,2]","[-2,-1,-1,0,0,1,1,2,-1,2,-1,1,1,2,1,0,1,1,1,1,1,0,-1,1,2,3,1,1,0,-1,1,0,0,0,0,1]",c,"[[{8, 1}, {2, 7}, {3, 6}, {4, 5}], [{8, 1}, {2, 7}, {4, 6}, {3, 5}], [{8, 1}, {2, 7}, {5, 6}, {3, 4}], [{8, 1}, {2, 7}, {6}, {4, 5}, {3}], [{8, 1}, {3, 7}, {2, 6}, {4, 5}], [{8, 1}, {3, 7}, {4, 6}, {2, 5}], [{8, 1}, {3, 7}, {5, 6}, {2, 4}], [{8, 1}, {4, 7}, {2, 6}, {3, 5}], [{8, 1}, {4, 7}, {3, 6}, {2, 5}], [{8, 1}, {4, 7}, {5, 6}, {2, 3}], [{8, 1}, {4, 7}, {6}, {3, 5}, {2}], [{8, 1}, {5, 7}, {2, 6}, {3, 4}], [{8, 1}, {5, 7}, {3, 6}, {2, 4}], [{8, 1}, {5, 7}, {3, 6}, {4}, {2}], [{8, 1}, {5, 7}, {4, 6}, {2, 3}], [{8, 1}, {5, 7}, {6}, {2, 4}, {3}], [{8, 1}, {6, 7}, {2, 5}, {3, 4}], [{8, 1}, {6, 7}, {3, 5}, {2, 4}], [{8, 1}, {6, 7}, {3, 5}, {4}, {2}], [{8, 1}, {6, 7}, {4, 5}, {2, 3}], [{8, 1}, {7}, {2, 6}, {5}, {3, 4}], [{8, 1}, {7}, {3, 6}, {5}, {2, 4}], [{8, 1}, {7}, {4, 6}, {3, 5}, {2}], [{8, 2}, {1, 7}, {3, 6}, {4, 5}], [{8, 2}, {1, 7}, {4, 6}, {3, 5}], [{8, 2}, {1, 7}, {5, 6}, {3, 4}], [{8, 2}, {3, 7}, {1, 6}, {4, 5}], [{8, 2}, {3, 7}, {4, 6}, {1, 5}], [{8, 2}, {3, 7}, {5, 6}, {1, 4}], [{8, 2}, {4, 7}, {1, 6}, {3, 5}], [{8, 2}, {4, 7}, {3, 6}, {1, 5}], [{8, 2}, {4, 7}, {3, 6}, {5}, {1}], [{8, 2}, {4, 7}, {5, 6}, {1, 3}], [{8, 2}, {5, 7}, {1, 6}, {3, 4}], [{8, 2}, {5, 7}, {3, 6}, {1, 4}], [{8, 2}, {5, 7}, {4, 6}, {1, 3}], [{8, 2}, {5, 7}, {6}, {1, 4}, {3}], [{8, 2}, {6, 7}, {1, 5}, {3, 4}], [{8, 2}, {6, 7}, {3, 5}, {1, 4}], [{8, 2}, {6, 7}, {4, 5}, {1, 3}], [{8, 2}, {7}, {3, 6}, {1, 5}, {4}], [{8, 2}, {7}, {4, 6}, {1, 5}, {3}], [{8, 2}, {7}, {6}, {1, 5}, {3, 4}], [{8, 3}, {1, 7}, {2, 6}, {4, 5}], [{8, 3}, {1, 7}, {4, 6}, {2, 5}], [{8, 3}, {1, 7}, {5, 6}, {2, 4}], [{8, 3}, {1, 7}, {6}, {5}, {2, 4}], [{8, 3}, {2, 7}, {1, 6}, {4, 5}], [{8, 3}, {2, 7}, {4, 6}, {1, 5}], [{8, 3}, {2, 7}, {5, 6}, {1, 4}], [{8, 3}, {2, 7}, {6}, {5}, {1, 4}], [{8, 3}, {4, 7}, {1, 6}, {2, 5}], [{8, 3}, {4, 7}, {2, 6}, {1, 5}], [{8, 3}, {4, 7}, {5, 6}, {1, 2}], [{8, 3}, {4, 7}, {6}, {1, 5}, {2}], [{8, 3}, {5, 7}, {1, 6}, {2, 4}], [{8, 3}, {5, 7}, {2, 6}, {1, 4}], [{8, 3}, {5, 7}, {4, 6}, {1, 2}], [{8, 3}, {5, 7}, {6}, {1, 4}, {2}], [{8, 3}, {6, 7}, {1, 5}, {2, 4}], [{8, 3}, {6, 7}, {1, 5}, {4}, {2}], [{8, 3}, {6, 7}, {2, 5}, {1, 4}], [{8, 3}, {6, 7}, {4, 5}, {1, 2}], [{8, 3}, {7}, {1, 6}, {4, 5}, {2}], [{8, 3}, {7}, {4, 6}, {1, 5}, {2}], [{8, 3}, {7}, {6}, {2, 5}, {1, 4}], [{8, 4}, {1, 7}, {2, 6}, {3, 5}], [{8, 4}, {1, 7}, {2, 6}, {5}, {3}], [{8, 4}, {1, 7}, {3, 6}, {2, 5}], [{8, 4}, {1, 7}, {5, 6}, {2, 3}], [{8, 4}, {2, 7}, {1, 6}, {3, 5}], [{8, 4}, {2, 7}, {1, 6}, {5}, {3}], [{8, 4}, {2, 7}, {3, 6}, {1, 5}], [{8, 4}, {2, 7}, {5, 6}, {1, 3}], [{8, 4}, {3, 7}, {1, 6}, {2, 5}], [{8, 4}, {3, 7}, {2, 6}, {1, 5}], [{8, 4}, {3, 7}, {5, 6}, {1, 2}], [{8, 4}, {5, 7}, {1, 6}, {2, 3}], [{8, 4}, {5, 7}, {2, 6}, {1, 3}], [{8, 4}, {5, 7}, {3, 6}, {1, 2}], [{8, 4}, {5, 7}, {3, 6}, {2}, {1}], [{8, 4}, {6, 7}, {1, 5}, {2, 3}], [{8, 4}, {6, 7}, {2, 5}, {1, 3}], [{8, 4}, {6, 7}, {3, 5}, {1, 2}], [{8, 5}, {1, 7}, {2, 6}, {3, 4}], [{8, 5}, {1, 7}, {3, 6}, {2, 4}], [{8, 5}, {1, 7}, {4, 6}, {2, 3}], [{8, 5}, {1, 7}, {6}, {3, 4}, {2}], [{8, 5}, {2, 7}, {1, 6}, {3, 4}], [{8, 5}, {2, 7}, {3, 6}, {1, 4}], [{8, 5}, {2, 7}, {4, 6}, {1, 3}], [{8, 5}, {3, 7}, {1, 6}, {2, 4}], [{8, 5}, {3, 7}, {2, 6}, {1, 4}], [{8, 5}, {3, 7}, {4, 6}, {1, 2}], [{8, 5}, {4, 7}, {1, 6}, {2, 3}], [{8, 5}, {4, 7}, {2, 6}, {1, 3}], [{8, 5}, {4, 7}, {3, 6}, {1, 2}], [{8, 5}, {4, 7}, {6}, {1, 3}, {2}], [{8, 5}, {6, 7}, {1, 4}, {2, 3}], [{8, 5}, {6, 7}, {2, 4}, {1, 3}], [{8, 5}, {6, 7}, {3, 4}, {1, 2}], [{8, 5}, {6, 7}, {4}, {1, 3}, {2}], [{8, 5}, {7}, {3, 6}, {4}, {1, 2}], [{8, 5}, {7}, {4, 6}, {1, 3}, {2}], [{8, 6}, {1, 7}, {2, 5}, {3, 4}], [{8, 6}, {1, 7}, {3, 5}, {2, 4}], [{8, 6}, {1, 7}, {4, 5}, {2, 3}], [{8, 6}, {2, 7}, {1, 5}, {3, 4}], [{8, 6}, {2, 7}, {3, 5}, {1, 4}], [{8, 6}, {2, 7}, {4, 5}, {1, 3}], [{8, 6}, {2, 7}, {5}, {1, 4}, {3}], [{8, 6}, {3, 7}, {1, 5}, {2, 4}], [{8, 6}, {3, 7}, {2, 5}, {1, 4}], [{8, 6}, {3, 7}, {4, 5}, {1, 2}], [{8, 6}, {4, 7}, {1, 5}, {2, 3}], [{8, 6}, {4, 7}, {2, 5}, {1, 3}], [{8, 6}, {4, 7}, {3, 5}, {1, 2}], [{8, 6}, {5, 7}, {1, 4}, {2, 3}], [{8, 6}, {5, 7}, {1, 4}, {3}, {2}], [{8, 6}, {5, 7}, {2, 4}, {1, 3}], [{8, 6}, {5, 7}, {2, 4}, {3}, {1}], [{8, 6}, {5, 7}, {3, 4}, {1, 2}], [{8, 6}, {5, 7}, {4}, {3}, {1, 2}], [{8, 6}, {7}, {2, 5}, {1, 4}, {3}], [{8, 7}, {1, 6}, {2, 5}, {3, 4}], [{8, 7}, {1, 6}, {3, 5}, {2, 4}], [{8, 7}, {1, 6}, {4, 5}, {2, 3}], [{8, 7}, {2, 6}, {1, 5}, {3, 4}], [{8, 7}, {2, 6}, {3, 5}, {1, 4}], [{8, 7}, {2, 6}, {4, 5}, {1, 3}], [{8, 7}, {3, 6}, {1, 5}, {2, 4}], [{8, 7}, {3, 6}, {1, 5}, {4}, {2}], [{8, 7}, {3, 6}, {2, 5}, {1, 4}], [{8, 7}, {3, 6}, {4, 5}, {1, 2}], [{8, 7}, {4, 6}, {1, 5}, {2, 3}], [{8, 7}, {4, 6}, {1, 5}, {3}, {2}], [{8, 7}, {4, 6}, {2, 5}, {1, 3}], [{8, 7}, {4, 6}, {3, 5}, {1, 2}], [{8, 7}, {5, 6}, {1, 4}, {2, 3}], [{8, 7}, {5, 6}, {2, 4}, {1, 3}], [{8, 7}, {5, 6}, {3, 4}, {1, 2}], [{8, 7}, {6}, {1, 5}, {3, 4}, {2}], [{8}, {1, 7}, {2, 6}, {3, 5}, {4}], [{8}, {1, 7}, {6}, {4, 5}, {2, 3}], [{8}, {2, 7}, {1, 6}, {3, 5}, {4}], [{8}, {2, 7}, {3, 6}, {1, 5}, {4}], [{8}, {2, 7}, {3, 6}, {4, 5}, {1}], [{8}, {2, 7}, {3, 6}, {5}, {1, 4}], [{8}, {2, 7}, {4, 6}, {1, 5}, {3}], [{8}, {2, 7}, {5, 6}, {4}, {1, 3}], [{8}, {2, 7}, {6}, {1, 5}, {3, 4}], [{8}, {3, 7}, {2, 6}, {1, 5}, {4}], [{8}, {3, 7}, {4, 6}, {1, 5}, {2}], [{8}, {3, 7}, {4, 6}, {2, 5}, {1}], [{8}, {3, 7}, {4, 6}, {5}, {1, 2}], [{8}, {3, 7}, {6}, {1, 5}, {2, 4}], [{8}, {5, 7}, {1, 6}, {2, 4}, {3}], [{8}, {5, 7}, {2, 6}, {1, 4}, {3}], [{8}, {5, 7}, {2, 6}, {3, 4}, {1}], [{8}, {5, 7}, {2, 6}, {4}, {1, 3}], [{8}, {5, 7}, {3, 6}, {1, 4}, {2}], [{8}, {5, 7}, {6}, {1, 4}, {2, 3}], [{8}, {6, 7}, {4, 5}, {3}, {1, 2}], [{8}, {6, 7}, {5}, {1, 4}, {2, 3}], [{8}, {7}, {3, 6}, {2, 5}, {1, 4}], [{8}, {7}, {4, 6}, {1, 5}, {2, 3}], [{8}, {7}, {4, 6}, {1, 5}, {3}, {2}], [{8}, {7}, {5, 6}, {1, 4}, {2, 3}]]",2,4 K_1^3 - 16 K_1^2 - 8 K_1 K_2 + K_1 + 8 K_2 + 3 K_3 + 9,O1O2O3U2O4U5U6U7O8O6U4O7U1U3O5U8,O1O2O3U4O5U6U5U7O8U3O6O7U1O4U2U8,O1O2O3U4U2O5U3O6O7U1O4U6U8U7O8U5,c,{'O1O2O3U4O5U1U3O6U7O8O4U6U8U5O7U2'},1,"<a href=""/flatknot/8.1101840"">8.1101840</a>",t^9-38t^7-94t^6+56t^5+292t^4+267t^3+102t^2+10t,0,,
8.1101841,O1O2O3U4O5U1U3O6U7O8O4U8U6U5O7U2,4,z^3+18z^2+100z+137,w^4z^3+18w^3z^2+100w^2z+137w,False,False,"[[ 0 -2  1  1  0  2  0 -1 -1],[ 2  0  2  1  1  1 -1  2 -1],[-1 -2  0  0  0  1  0 -2 -1],[-1 -1  0  0 -1  0 -1 -1 -1],[ 0 -1  0  1  0  0 -1  1 -1],[-2 -1 -1  0  0  0  0 -3  0],[ 0  1  0  1  1  0  0  0  0],[ 1 -2  2  1 -1  3  0  0 -1],[ 1  1  1  1  1  0  0  1  0]]","[[ 0  2  1  1  0  0 -1 -1 -2],[-2  0  0 -1  0  0  0 -3 -1],[-1  0  0  0 -1 -1 -1 -1 -1],[-1  1  0  0  0  0 -1 -2 -2],[ 0  0  1  0  0  1  0  0  1],[ 0  0  1  0 -1  0 -1  1 -1],[ 1  0  1  1  0  1  0  1  1],[ 1  3  1  2  0 -1 -1  0 -2],[ 2  1  1  2 -1  1 -1  2  0]]",True,"[-2,-1,-1,0,0,1,1,2,0,1,0,0,0,3,1,0,1,1,1,1,1,0,0,1,2,2,-1,0,0,-1,1,-1,1,-1,-1,2]","[-2,-1,-1,0,0,1,1,2,-1,2,-1,1,1,2,1,1,0,1,1,1,0,0,-1,1,2,3,1,1,0,0,1,0,0,0,0,1]",t^8+36t^6+189t^4+164t^2+16,"[-2,-1,-1,0,0,1,1,2,-1,2,1,3,1,2,3,1,2,1,0,1,0,0,1,1,1,3,1,1,0,2,1,0,2,0,0,1]","[-2,-1,-1,0,0,1,1,2,0,1,2,2,0,3,3,0,1,1,0,1,1,0,0,1,1,2,-1,2,0,1,1,1,3,-1,-1,2]","[-2,-1,-1,0,0,1,1,2,-1,2,-1,1,1,2,1,1,0,1,1,1,0,0,-1,1,2,3,1,1,0,0,1,0,0,0,0,1]",c,"[[{8, 2}, {3, 7}, {4, 6}, {1, 5}], [{8, 3}, {2, 7}, {4, 6}, {1, 5}], [{8, 3}, {4, 7}, {2, 6}, {1, 5}], [{8, 3}, {6, 7}, {1, 5}, {2, 4}]]",1,8 K_1^3 - 36 K_1^2 - 24 K_1 K_2 + 6 K_1 + 18 K_2 + 10 K_3 + 19,O1O2O3U2O4U5U6U7O8O7U4O6U1U3O5U8,O1O2O3U4O5U6U5U7O8U3O6O7U2O4U1U8,O1O2O3U4U3O5U2O6O7U1O4U6U8U7O8U5,c,{'O1O2O3U4O5U1U3O6U7O8O4U8U6U5O7U2'},1,"<a href=""/flatknot/8.1101841"">8.1101841</a>",t^9-36t^7-94t^6+45t^5+326t^4+299t^3+108t^2+4t-6,0,,
8.1101842,O1O2O3U4O5U1U5O6U2O7O4U6U8U3O8U7,4,2z^3+29z^2+108z+117,2w^4z^3+29w^3z^2+108w^2z+117w,False,False,"[[ 0 -2  0  2  0  1 -1  1 -1],[ 2  0  2  2  0  1  0  0  1],[ 0 -2  0  1  0  0  0  1 -1],[-2 -2 -1  0 -1  0 -1  0 -2],[ 0  0  0  1  0  1 -1  0 -1],[-1 -1  0  0 -1  0  0  0 -1],[ 1  0  0  1  1  0  0  1  1],[-1  0 -1  0  0  0 -1  0 -1],[ 1 -1  1  2  1  1 -1  1  0]]","[[ 0  2  1  1  0  0 -1 -1 -2],[-2  0  0  0 -1 -1 -1 -2 -2],[-1  0  0  0  0 -1  0 -1 -1],[-1  0  0  0 -1  0 -1 -1  0],[ 0  1  0  1  0  0  0 -1 -2],[ 0  1  1  0  0  0 -1 -1  0],[ 1  1  0  1  0  1  0  1  0],[ 1  2  1  1  1  1 -1  0 -1],[ 2  2  1  0  2  0  0  1  0]]",True,"[-2,-1,-1,0,0,1,1,2,0,0,1,1,1,2,2,0,0,1,0,1,1,1,0,1,1,0,0,0,1,2,1,1,0,-1,0,1]","[-2,-1,-1,0,0,1,1,2,0,0,1,1,1,2,2,0,0,1,0,1,1,1,0,1,1,0,0,0,1,2,1,1,0,-1,0,1]",t^8+26t^6+99t^4+30t^2+1,"[-2,-1,-1,0,0,1,1,2,0,1,0,2,2,3,2,1,0,0,1,1,1,1,0,2,1,2,0,1,0,1,0,1,1,0,1,1]","[-2,-1,-1,0,0,1,1,2,1,1,1,1,1,2,2,0,0,1,1,1,3,1,0,1,2,2,0,0,1,0,0,0,2,-1,0,1]","[-2,-1,-1,0,0,1,1,2,0,1,0,2,0,1,2,1,1,0,1,0,1,1,1,1,1,2,0,0,1,1,1,0,1,0,0,0]",c,"[[{8, 2}, {1, 7}, {3, 6}, {4, 5}], [{8, 2}, {5, 7}, {3, 6}, {1, 4}], [{8, 3}, {1, 7}, {2, 6}, {4, 5}], [{8, 3}, {5, 7}, {2, 6}, {1, 4}], [{8, 7}, {5, 6}, {2, 4}, {1, 3}]]",1,20 K_1^3 - 24 K_1^2 - 24 K_1 K_2 - 3 K_1 + 12 K_2 + 7 K_3 + 13,O1O2O3U4O5U1U5U6O7O4U2O6U8U3O8U7,O1O2O3U2O4U5U6U3O7U8O5O8U1O6U4U7,O1O2O3U4U5O6U3O7O8U7O4U1U6U8O5U2,c,{'O1O2O3U4O5U1U5O6U2O7O4U6U8U3O8U7'},1,"<a href=""/flatknot/8.1101842"">8.1101842</a>",t^9-26t^7-50t^6+53t^5+168t^4+12t^3-116t^2-21t+2,0,,
8.1101843,O1O2O3U4O5U1U5O6U2O7O4U6U8U7O8U3,4,16z^2+93z+123,16w^3z^2+93w^2z+123w,False,False,"[[ 0 -2  0  2  0  1 -1  1 -1],[ 2  0  2  2  0  1  0 -1  2],[ 0 -2  0  1  0  0  0  0  0],[-2 -2 -1  0  0  0 -2  1 -3],[ 0  0  0  0  0  1 -1  0  0],[-1 -1  0  0 -1  0  0  0 -1],[ 1  0  0  2  1  0  0  1  0],[-1  1  0 -1  0  0 -1  0 -1],[ 1 -2  0  3  0  1  0  1  0]]","[[ 0  2  1  1  0  0 -1 -1 -2],[-2  0  1  0  0 -1 -2 -3 -2],[-1 -1  0  0  0  0 -1 -1  1],[-1  0  0  0 -1  0  0 -1 -1],[ 0  0  0  1  0  0 -1  0  0],[ 0  1  0  0  0  0  0  0 -2],[ 1  2  1  0  1  0  0  0  0],[ 1  3  1  1  0  0  0  0 -2],[ 2  2 -1  1  0  2  0  2  0]]",True,"[-2,-1,-1,0,0,1,1,2,-1,0,0,1,2,3,2,0,0,0,1,1,-1,1,0,0,1,1,0,1,0,0,0,0,2,0,0,2]","[-2,-1,-1,0,0,1,1,2,-1,0,0,1,2,3,2,0,0,0,1,1,-1,1,0,0,1,1,0,1,0,0,0,0,2,0,0,2]",t^8+34t^6+169t^4+130t^2,"[-2,-1,-1,0,0,1,1,2,-1,1,0,2,2,4,2,0,1,1,1,1,0,1,0,2,1,1,0,1,1,1,0,1,2,0,1,2]","[-2,-1,-1,0,0,1,1,2,1,2,1,2,0,1,2,0,1,0,1,2,2,1,1,1,1,4,0,1,1,0,1,0,2,0,-1,1]","[-2,-1,-1,0,0,1,1,2,0,2,0,2,-1,1,2,0,1,0,1,0,2,0,0,1,1,3,0,0,1,0,0,0,1,0,-1,0]",c,"[[{8, 1}, {2, 7}, {3, 6}, {4, 5}], [{8, 4}, {2, 7}, {3, 6}, {1, 5}], [{8, 7}, {5, 6}, {2, 4}, {1, 3}], [{8, 7}, {5, 6}, {4}, {1, 3}, {2}]]",1,- 16 K_1^2 - 4 K_1 K_2 + 2 K_1 + 8 K_2 + 2 K_3 + 9,O1O2O3U1O4U5U4U6O7O5U2O6U8U3O8U7,O1O2O3U2O4U5U6U4O7U8O5O8U1O6U3U7,O1O2O3U4U1O5U3O6O7U6O4U8U5U7O8U2,c,{'O1O2O3U4O5U1U5O6U2O7O4U6U8U7O8U3'},1,"<a href=""/flatknot/8.1101843"">8.1101843</a>",t^9-34t^7-58t^6+117t^5+132t^4-135t^3-26t^2+21t-18,0,,
8.1101844,O1O2O3U4O5U1U5O6U2O7O4U7U8U3O8U6,4,z^3+25z^2+107z+123,w^4z^3+25w^3z^2+107w^2z+123w,False,False,"[[ 0 -2  0  2  0  1  1 -1 -1],[ 2  0  2  2  0  1  1 -1  1],[ 0 -2  0  0  0  0  1 -1 -1],[-2 -2  0  0 -1  0 -1 -1 -2],[ 0  0  0  1  0  1  0 -1 -1],[-1 -1  0  0 -1  0  0  0 -1],[-1 -1 -1  1  0  0  0  0 -1],[ 1  1  1  1  1  0  0  0  1],[ 1 -1  1  2  1  1  1 -1  0]]","[[ 0  2  1  1  0  0 -1 -1 -2],[-2  0  0 -1  0 -1 -1 -2 -2],[-1  0  0  0  0 -1  0 -1 -1],[-1  1  0  0 -1  0  0 -1 -1],[ 0  0  0  1  0  0 -1 -1 -2],[ 0  1  1  0  0  0 -1 -1  0],[ 1  1  0  0  1  1  0  1  1],[ 1  2  1  1  1  1 -1  0 -1],[ 2  2  1  1  2  0 -1  1  0]]",True,"[-2,-1,-1,0,0,1,1,2,0,1,0,1,1,2,2,0,0,1,0,1,1,1,0,0,1,1,0,1,1,2,1,1,0,-1,-1,1]","[-2,-1,-1,0,0,1,1,2,-1,1,0,2,1,1,2,1,1,1,0,0,1,1,1,1,1,2,0,0,1,1,1,0,0,0,1,0]",t^8+28t^6+106t^4+92t^2+9,"[-2,-1,-1,0,0,1,1,2,0,2,0,2,2,2,2,1,0,0,1,1,1,0,0,2,2,2,0,0,1,2,1,0,1,0,0,1]","[-2,-1,-1,0,0,1,1,2,0,1,1,2,1,2,2,0,1,0,1,2,2,0,1,1,2,2,0,0,0,2,0,0,0,-1,0,2]","[-2,-1,-1,0,0,1,1,2,-1,1,0,2,1,1,2,1,1,1,0,0,1,1,1,1,1,2,0,0,1,1,1,0,0,0,1,0]",c,"[[{8, 6}, {5, 7}, {2, 4}, {1, 3}]]",1,16 K_1^3 - 16 K_1^2 - 16 K_1 K_2 - 4 K_1 + 8 K_2 + 4 K_3 + 9,O1O2O3U4O5U1U5U6O7O6U2O4U8U3O8U7,O1O2O3U2O4U5U6U3O7U8O5O8U4O6U1U7,O1O2O3U4U3O5U6O7O8U7O4U1U5U8O6U2,c,{'O1O2O3U4O5U1U5O6U2O7O4U7U8U3O8U6'},1,"<a href=""/flatknot/8.1101844"">8.1101844</a>",t^9-28t^7-62t^6-12t^5+50t^4+65t^3+106t^2+60t-12,0,,
8.1101845,O1O2O3U4O5U1U5O6U2O7O4U7U8U6O8U3,3,6z^2+71z+119,6w^3z^2+71w^2z+119w,False,False,"[[ 0 -2  0  2  0  1  1 -1 -1],[ 2  0  2  2  0  1  0 -1  2],[ 0 -2  0  1  0  0  0 -1 -1],[-2 -2 -1  0  0  0  0 -1 -3],[ 0  0  0  0  0  1  0 -1  0],[-1 -1  0  0 -1  0  0  0 -1],[-1  0  0  0  0  0  0  0 -1],[ 1  1  1  1  1  0  0  0  1],[ 1 -2  1  3  0  1  1 -1  0]]","[[ 0  2  1  1  0  0 -1 -1 -2],[-2  0  0  0  0 -1 -1 -3 -2],[-1  0  0  0  0  0  0 -1  0],[-1  0  0  0 -1  0  0 -1 -1],[ 0  0  0  1  0  0 -1  0  0],[ 0  1  0  0  0  0 -1 -1 -2],[ 1  1  0  0  1  1  0  1  1],[ 1  3  1  1  0  1 -1  0 -2],[ 2  2  0  1  0  2 -1  2  0]]",True,"[-2,-1,-1,0,0,1,1,2,0,0,0,1,1,3,2,0,0,0,0,1,0,1,0,0,1,1,0,1,0,0,1,1,2,-1,-1,2]","[-2,-1,-1,0,0,1,1,2,-1,2,0,2,0,1,2,1,1,1,0,0,1,0,1,1,1,3,0,0,1,0,0,0,1,0,0,0]",t^8+32t^6+87t^4+48t^2,"[-2,-1,-1,0,0,1,1,2,-1,2,0,2,2,3,2,1,0,1,1,1,0,0,0,2,2,2,0,1,1,1,0,1,2,0,1,1]","[-2,-1,-1,0,0,1,1,2,1,1,1,2,0,2,2,0,1,0,1,2,2,1,1,1,2,3,0,0,0,0,1,0,2,-1,-1,2]","[-2,-1,-1,0,0,1,1,2,-1,2,0,2,0,1,2,1,1,1,0,0,1,0,1,1,1,3,0,0,1,0,0,0,1,0,0,0]",c,"[[{8, 5}, {4, 7}, {1, 6}, {2, 3}], [{8, 5}, {6, 7}, {2, 4}, {1, 3}], [{8, 6}, {5, 7}, {2, 4}, {1, 3}], [{8, 6}, {5, 7}, {4}, {1, 3}, {2}]]",1,8 K_1^3 - 36 K_1^2 - 24 K_1 K_2 + 6 K_1 + 18 K_2 + 10 K_3 + 19,O1O2O3U1O4U5U4U6O7O6U2O5U8U3O8U7,O1O2O3U2O4U5U6U4O7U8O5O8U3O6U1U7,O1O2O3U4U3O5U1O6O7U6O4U8U5U7O8U2,c,{'O1O2O3U4O5U1U5O6U2O7O4U7U8U6O8U3'},1,"<a href=""/flatknot/8.1101845"">8.1101845</a>",t^9-32t^7-86t^6-29t^5+38t^4+4t^3+108t^2+56t,0,,
8.1101846,O1O2O3U4O5U1U5O6U2O7O4U8U3U6O8U7,4,2z^3+31z^2+110z+113,2w^4z^3+31w^3z^2+110w^2z+113w,False,False,"[[ 0 -2  0  1  0  1  1  1 -2],[ 2  0  2  2  0  1  1  0  1],[ 0 -2  0  0  0  0  1  1 -2],[-1 -2  0  0 -1  0  0  0 -2],[ 0  0  0  1  0  1  1  0 -1],[-1 -1  0  0 -1  0  0  0 -1],[-1 -1 -1  0 -1  0  0  0 -1],[-1  0 -1  0  0  0  0  0 -1],[ 2 -1  2  2  1  1  1  1  0]]","[[ 0  1  1  1  1  0  0 -2 -2],[-1  0  0  0  0  0 -1  0 -1],[-1  0  0  0  0 -1  0 -1 -1],[-1  0  0  0  0 -1  0 -2 -2],[-1  0  0  0  0 -1 -1 -1 -1],[ 0  0  1  1  1  0  0  0 -1],[ 0  1  0  0  1  0  0 -2 -2],[ 2  0  1  2  1  0  2  0  1],[ 2  1  1  2  1  1  2 -1  0]]",True,"[-1,-1,-1,-1,0,0,2,2,0,0,0,0,1,0,1,0,0,1,0,1,1,0,1,0,2,2,1,1,1,1,0,0,1,2,2,-1]","[-2,-2,0,0,1,1,1,1,-1,0,2,1,2,2,3,0,1,1,2,2,2,0,1,0,1,0,0,0,0,1,0,0,0,0,0,0]",t^8+28t^6+84t^4+31t^2+1,"[-2,-2,0,0,1,1,1,1,-1,0,2,1,2,2,3,0,1,1,2,2,2,0,1,0,1,0,0,0,0,1,0,0,0,0,0,0]","[-1,-1,-1,-1,0,0,2,2,0,0,0,0,0,2,2,0,0,0,1,1,1,0,0,1,2,2,1,0,2,3,0,1,2,0,0,-1]","[-2,-2,0,0,1,1,1,1,-1,1,2,1,1,1,2,0,2,0,1,1,2,0,0,1,1,1,1,0,1,0,0,0,0,0,0,0]",c,"[[{8, 1}, {2, 7}, {3, 6}, {4, 5}], [{8, 1}, {2, 7}, {4, 6}, {3, 5}], [{8, 1}, {2, 7}, {5, 6}, {3, 4}], [{8, 1}, {3, 7}, {2, 6}, {4, 5}], [{8, 1}, {3, 7}, {4, 6}, {2, 5}], [{8, 1}, {3, 7}, {4, 6}, {5}, {2}], [{8, 1}, {3, 7}, {5, 6}, {2, 4}], [{8, 1}, {4, 7}, {2, 6}, {3, 5}], [{8, 1}, {4, 7}, {3, 6}, {2, 5}], [{8, 1}, {4, 7}, {5, 6}, {2, 3}], [{8, 1}, {5, 7}, {2, 6}, {3, 4}], [{8, 1}, {5, 7}, {3, 6}, {2, 4}], [{8, 1}, {5, 7}, {4, 6}, {2, 3}], [{8, 1}, {5, 7}, {6}, {3, 4}, {2}], [{8, 1}, {6, 7}, {2, 5}, {3, 4}], [{8, 1}, {6, 7}, {3, 5}, {2, 4}], [{8, 1}, {6, 7}, {4, 5}, {2, 3}], [{8, 1}, {6, 7}, {5}, {4}, {2, 3}], [{8, 1}, {7}, {2, 6}, {3, 5}, {4}], [{8, 1}, {7}, {4, 6}, {2, 5}, {3}], [{8, 2}, {1, 7}, {3, 6}, {4, 5}], [{8, 2}, {1, 7}, {4, 6}, {3, 5}], [{8, 2}, {1, 7}, {5, 6}, {3, 4}], [{8, 2}, {1, 7}, {6}, {5}, {3, 4}], [{8, 2}, {3, 7}, {1, 6}, {4, 5}], [{8, 2}, {3, 7}, {4, 6}, {1, 5}], [{8, 2}, {3, 7}, {5, 6}, {1, 4}], [{8, 2}, {3, 7}, {5, 6}, {4}, {1}], [{8, 2}, {4, 7}, {1, 6}, {3, 5}], [{8, 2}, {4, 7}, {3, 6}, {1, 5}], [{8, 2}, {4, 7}, {5, 6}, {1, 3}], [{8, 2}, {5, 7}, {1, 6}, {3, 4}], [{8, 2}, {5, 7}, {3, 6}, {1, 4}], [{8, 2}, {5, 7}, {4, 6}, {1, 3}], [{8, 2}, {6, 7}, {1, 5}, {3, 4}], [{8, 2}, {6, 7}, {3, 5}, {1, 4}], [{8, 2}, {6, 7}, {4, 5}, {1, 3}], [{8, 2}, {7}, {1, 6}, {3, 5}, {4}], [{8, 2}, {7}, {4, 6}, {5}, {1, 3}], [{8, 3}, {1, 7}, {2, 6}, {4, 5}], [{8, 3}, {1, 7}, {4, 6}, {2, 5}], [{8, 3}, {1, 7}, {5, 6}, {2, 4}], [{8, 3}, {2, 7}, {1, 6}, {4, 5}], [{8, 3}, {2, 7}, {4, 6}, {1, 5}], [{8, 3}, {2, 7}, {5, 6}, {1, 4}], [{8, 3}, {2, 7}, {6}, {1, 5}, {4}], [{8, 3}, {4, 7}, {1, 6}, {2, 5}], [{8, 3}, {4, 7}, {2, 6}, {1, 5}], [{8, 3}, {4, 7}, {5, 6}, {1, 2}], [{8, 3}, {5, 7}, {1, 6}, {2, 4}], [{8, 3}, {5, 7}, {2, 6}, {1, 4}], [{8, 3}, {5, 7}, {4, 6}, {1, 2}], [{8, 3}, {6, 7}, {1, 5}, {2, 4}], [{8, 3}, {6, 7}, {2, 5}, {1, 4}], [{8, 3}, {6, 7}, {4, 5}, {1, 2}], [{8, 3}, {7}, {4, 6}, {1, 5}, {2}], [{8, 3}, {7}, {4, 6}, {2, 5}, {1}], [{8, 3}, {7}, {4, 6}, {5}, {1, 2}], [{8, 3}, {7}, {5, 6}, {4}, {1, 2}], [{8, 3}, {7}, {6}, {4, 5}, {1, 2}], [{8, 4}, {1, 7}, {2, 6}, {3, 5}], [{8, 4}, {1, 7}, {3, 6}, {2, 5}], [{8, 4}, {1, 7}, {5, 6}, {2, 3}], [{8, 4}, {1, 7}, {6}, {2, 5}, {3}], [{8, 4}, {1, 7}, {6}, {3, 5}, {2}], [{8, 4}, {1, 7}, {6}, {5}, {2, 3}], [{8, 4}, {2, 7}, {1, 6}, {3, 5}], [{8, 4}, {2, 7}, {3, 6}, {1, 5}], [{8, 4}, {2, 7}, {5, 6}, {1, 3}], [{8, 4}, {2, 7}, {6}, {1, 5}, {3}], [{8, 4}, {3, 7}, {1, 6}, {2, 5}], [{8, 4}, {3, 7}, {2, 6}, {1, 5}], [{8, 4}, {3, 7}, {5, 6}, {1, 2}], [{8, 4}, {3, 7}, {5, 6}, {2}, {1}], [{8, 4}, {3, 7}, {6}, {5}, {1, 2}], [{8, 4}, {5, 7}, {1, 6}, {2, 3}], [{8, 4}, {5, 7}, {2, 6}, {1, 3}], [{8, 4}, {5, 7}, {3, 6}, {1, 2}], [{8, 4}, {5, 7}, {3, 6}, {2}, {1}], [{8, 4}, {6, 7}, {1, 5}, {2, 3}], [{8, 4}, {6, 7}, {1, 5}, {3}, {2}], [{8, 4}, {6, 7}, {2, 5}, {1, 3}], [{8, 4}, {6, 7}, {3, 5}, {1, 2}], [{8, 4}, {7}, {2, 6}, {1, 5}, {3}], [{8, 4}, {7}, {5, 6}, {3}, {1, 2}], [{8, 5}, {1, 7}, {2, 6}, {3, 4}], [{8, 5}, {1, 7}, {3, 6}, {2, 4}], [{8, 5}, {1, 7}, {4, 6}, {2, 3}], [{8, 5}, {1, 7}, {6}, {2, 4}, {3}], [{8, 5}, {2, 7}, {1, 6}, {3, 4}], [{8, 5}, {2, 7}, {3, 6}, {1, 4}], [{8, 5}, {2, 7}, {4, 6}, {1, 3}], [{8, 5}, {3, 7}, {1, 6}, {2, 4}], [{8, 5}, {3, 7}, {2, 6}, {1, 4}], [{8, 5}, {3, 7}, {4, 6}, {1, 2}], [{8, 5}, {3, 7}, {6}, {2, 4}, {1}], [{8, 5}, {4, 7}, {1, 6}, {2, 3}], [{8, 5}, {4, 7}, {2, 6}, {1, 3}], [{8, 5}, {4, 7}, {3, 6}, {1, 2}], [{8, 5}, {6, 7}, {1, 4}, {2, 3}], [{8, 5}, {6, 7}, {2, 4}, {1, 3}], [{8, 5}, {6, 7}, {3, 4}, {1, 2}], [{8, 5}, {6, 7}, {3, 4}, {2}, {1}], [{8, 5}, {7}, {2, 6}, {4}, {1, 3}], [{8, 5}, {7}, {4, 6}, {1, 3}, {2}], [{8, 5}, {7}, {6}, {2, 4}, {1, 3}], [{8, 5}, {7}, {6}, {3, 4}, {1, 2}], [{8, 6}, {1, 7}, {2, 5}, {3, 4}], [{8, 6}, {1, 7}, {2, 5}, {4}, {3}], [{8, 6}, {1, 7}, {3, 5}, {2, 4}], [{8, 6}, {1, 7}, {3, 5}, {4}, {2}], [{8, 6}, {1, 7}, {4, 5}, {2, 3}], [{8, 6}, {1, 7}, {4, 5}, {3}, {2}], [{8, 6}, {1, 7}, {5}, {2, 4}, {3}], [{8, 6}, {1, 7}, {5}, {3, 4}, {2}], [{8, 6}, {1, 7}, {5}, {4}, {2, 3}], [{8, 6}, {1, 7}, {5}, {4}, {3}, {2}], [{8, 6}, {2, 7}, {1, 5}, {3, 4}], [{8, 6}, {2, 7}, {3, 5}, {1, 4}], [{8, 6}, {2, 7}, {3, 5}, {4}, {1}], [{8, 6}, {2, 7}, {4, 5}, {1, 3}], [{8, 6}, {2, 7}, {4, 5}, {3}, {1}], [{8, 6}, {2, 7}, {5}, {3, 4}, {1}], [{8, 6}, {3, 7}, {1, 5}, {2, 4}], [{8, 6}, {3, 7}, {1, 5}, {4}, {2}], [{8, 6}, {3, 7}, {2, 5}, {1, 4}], [{8, 6}, {3, 7}, {4, 5}, {1, 2}], [{8, 6}, {3, 7}, {5}, {2, 4}, {1}], [{8, 6}, {4, 7}, {1, 5}, {2, 3}], [{8, 6}, {4, 7}, {2, 5}, {1, 3}], [{8, 6}, {4, 7}, {3, 5}, {1, 2}], [{8, 6}, {4, 7}, {3, 5}, {2}, {1}], [{8, 6}, {5, 7}, {1, 4}, {2, 3}], [{8, 6}, {5, 7}, {2, 4}, {1, 3}], [{8, 6}, {5, 7}, {2, 4}, {3}, {1}], [{8, 6}, {5, 7}, {3, 4}, {1, 2}], [{8, 6}, {5, 7}, {4}, {1, 3}, {2}], [{8, 6}, {7}, {1, 5}, {2, 4}, {3}], [{8, 6}, {7}, {3, 5}, {1, 4}, {2}], [{8, 6}, {7}, {3, 5}, {2, 4}, {1}], [{8, 6}, {7}, {3, 5}, {4}, {1, 2}], [{8, 6}, {7}, {3, 5}, {4}, {2}, {1}], [{8, 6}, {7}, {4, 5}, {3}, {1, 2}], [{8, 6}, {7}, {5}, {2, 4}, {1, 3}], [{8, 6}, {7}, {5}, {3, 4}, {1, 2}], [{8, 7}, {1, 6}, {2, 5}, {3, 4}], [{8, 7}, {1, 6}, {2, 5}, {4}, {3}], [{8, 7}, {1, 6}, {3, 5}, {2, 4}], [{8, 7}, {1, 6}, {4, 5}, {2, 3}], [{8, 7}, {2, 6}, {1, 5}, {3, 4}], [{8, 7}, {2, 6}, {1, 5}, {4}, {3}], [{8, 7}, {2, 6}, {3, 5}, {1, 4}], [{8, 7}, {2, 6}, {4, 5}, {1, 3}], [{8, 7}, {3, 6}, {1, 5}, {2, 4}], [{8, 7}, {3, 6}, {2, 5}, {1, 4}], [{8, 7}, {3, 6}, {2, 5}, {4}, {1}], [{8, 7}, {3, 6}, {4, 5}, {1, 2}], [{8, 7}, {4, 6}, {1, 5}, {2, 3}], [{8, 7}, {4, 6}, {2, 5}, {1, 3}], [{8, 7}, {4, 6}, {2, 5}, {3}, {1}], [{8, 7}, {4, 6}, {3, 5}, {1, 2}], [{8, 7}, {5, 6}, {1, 4}, {2, 3}], [{8, 7}, {5, 6}, {2, 4}, {1, 3}], [{8, 7}, {5, 6}, {3, 4}, {1, 2}], [{8, 7}, {6}, {2, 5}, {1, 4}, {3}], [{8, 7}, {6}, {2, 5}, {3, 4}, {1}], [{8, 7}, {6}, {2, 5}, {4}, {1, 3}], [{8, 7}, {6}, {3, 5}, {1, 4}, {2}], [{8, 7}, {6}, {5}, {1, 4}, {2, 3}], [{8}, {1, 7}, {2, 6}, {5}, {3, 4}], [{8}, {1, 7}, {4, 6}, {2, 5}, {3}], [{8}, {1, 7}, {4, 6}, {3, 5}, {2}], [{8}, {1, 7}, {4, 6}, {5}, {2, 3}], [{8}, {1, 7}, {5, 6}, {2, 4}, {3}], [{8}, {2, 7}, {6}, {1, 5}, {3, 4}], [{8}, {2, 7}, {6}, {4, 5}, {1, 3}], [{8}, {3, 7}, {2, 6}, {4, 5}, {1}], [{8}, {3, 7}, {4, 6}, {2, 5}, {1}], [{8}, {3, 7}, {5, 6}, {2, 4}, {1}], [{8}, {4, 7}, {2, 6}, {1, 5}, {3}], [{8}, {4, 7}, {3, 6}, {5}, {1, 2}], [{8}, {5, 7}, {2, 6}, {1, 4}, {3}], [{8}, {5, 7}, {3, 6}, {4}, {1, 2}], [{8}, {6, 7}, {3, 5}, {1, 4}, {2}], [{8}, {7}, {1, 6}, {2, 5}, {3, 4}], [{8}, {7}, {1, 6}, {4, 5}, {2, 3}], [{8}, {7}, {3, 6}, {2, 5}, {1, 4}], [{8}, {7}, {3, 6}, {4, 5}, {1, 2}], [{8}, {7}, {4, 6}, {2, 5}, {1, 3}], [{8}, {7}, {4, 6}, {2, 5}, {3}, {1}], [{8}, {7}, {5, 6}, {2, 4}, {1, 3}], [{8}, {7}, {5, 6}, {3, 4}, {1, 2}]]",2,8 K_1^3 - 20 K_1^2 - 12 K_1 K_2 + 10 K_2 + 4 K_3 + 11,O1O2O3U4O5U6U1U5O7O4U2O6U8U3O8U7,O1O2O3U1O4U5U6U2O7U8O5O8U3O6U4U7,O1O2O3U4U5O6U1O7O8U7O4U2U6U8O5U3,c,{'O1O2O3U4O5U1U5O6U2O7O4U8U3U6O8U7'},1,"<a href=""/flatknot/8.1101846"">8.1101846</a>",t^9-32t^7-48t^6+50t^5+90t^4+2t^3-48t^2+4t,2t^2-4t,,
8.1101847,O1O2O3U4O5U1U5O6U2O7O4U8U6U3O8U7,4,3z^3+31z^2+107z+115,3w^4z^3+31w^3z^2+107w^2z+115w,False,False,"[[ 0 -2  0  2  0  1  0  1 -2],[ 2  0  2  2  0  1  0  0  1],[ 0 -2  0  1  0  0  0  1 -2],[-2 -2 -1  0 -1  0 -1  0 -3],[ 0  0  0  1  0  1  0  0 -1],[-1 -1  0  0 -1  0  0  0 -1],[ 0  0  0  1  0  0  0  0  0],[-1  0 -1  0  0  0  0  0 -1],[ 2 -1  2  3  1  1  0  1  0]]","[[ 0  2  1  1  0  0  0 -2 -2],[-2  0  0  0 -1 -1 -1 -2 -3],[-1  0  0  0  0  0 -1  0 -1],[-1  0  0  0  0 -1  0 -1 -1],[ 0  1  0  0  0  0  0  0  0],[ 0  1  0  1  0  0  0  0 -1],[ 0  1  1  0  0  0  0 -2 -2],[ 2  2  0  1  0  0  2  0  1],[ 2  3  1  1  0  1  2 -1  0]]",True,"[-2,-1,-1,0,0,0,2,2,0,0,1,1,1,2,3,0,0,0,1,0,1,0,1,0,1,1,0,0,0,0,0,0,1,2,2,-1]","[-2,-2,0,0,0,1,1,2,-1,0,1,2,1,1,3,0,0,2,0,1,2,0,0,0,0,1,0,0,1,1,1,0,1,0,0,0]",t^8+31t^6+76t^4+27t^2,"[-2,-2,0,0,0,1,1,2,-1,0,2,2,2,3,2,0,1,2,2,2,1,0,0,1,0,1,0,0,1,1,1,1,1,0,1,1]","[-2,-1,-1,0,0,0,2,2,1,1,1,1,1,1,2,0,0,1,1,2,2,1,0,1,2,3,0,0,1,2,0,0,0,2,2,-1]","[-2,-2,0,0,0,1,1,2,-1,0,1,2,1,1,3,0,0,2,0,1,2,0,0,0,0,1,0,0,1,1,1,0,1,0,0,0]",c,"[[{8, 1}, {2, 7}, {3, 6}, {4, 5}], [{8, 1}, {2, 7}, {4, 6}, {3, 5}], [{8, 1}, {2, 7}, {5, 6}, {3, 4}], [{8, 1}, {3, 7}, {2, 6}, {4, 5}], [{8, 1}, {3, 7}, {4, 6}, {2, 5}], [{8, 1}, {3, 7}, {5, 6}, {2, 4}], [{8, 1}, {4, 7}, {2, 6}, {3, 5}], [{8, 1}, {4, 7}, {3, 6}, {2, 5}], [{8, 1}, {4, 7}, {5, 6}, {2, 3}], [{8, 1}, {4, 7}, {6}, {3, 5}, {2}], [{8, 1}, {5, 7}, {2, 6}, {3, 4}], [{8, 1}, {5, 7}, {3, 6}, {2, 4}], [{8, 1}, {5, 7}, {3, 6}, {4}, {2}], [{8, 1}, {5, 7}, {4, 6}, {2, 3}], [{8, 1}, {6, 7}, {2, 5}, {3, 4}], [{8, 1}, {6, 7}, {3, 5}, {2, 4}], [{8, 1}, {6, 7}, {4, 5}, {2, 3}], [{8, 1}, {7}, {3, 6}, {5}, {2, 4}], [{8, 1}, {7}, {4, 6}, {2, 5}, {3}], [{8, 2}, {1, 7}, {3, 6}, {4, 5}], [{8, 2}, {1, 7}, {3, 6}, {5}, {4}], [{8, 2}, {1, 7}, {4, 6}, {3, 5}], [{8, 2}, {1, 7}, {5, 6}, {3, 4}], [{8, 2}, {3, 7}, {1, 6}, {4, 5}], [{8, 2}, {3, 7}, {1, 6}, {5}, {4}], [{8, 2}, {3, 7}, {4, 6}, {1, 5}], [{8, 2}, {3, 7}, {5, 6}, {1, 4}], [{8, 2}, {4, 7}, {1, 6}, {3, 5}], [{8, 2}, {4, 7}, {3, 6}, {1, 5}], [{8, 2}, {4, 7}, {5, 6}, {1, 3}], [{8, 2}, {4, 7}, {6}, {5}, {1, 3}], [{8, 2}, {5, 7}, {1, 6}, {3, 4}], [{8, 2}, {5, 7}, {3, 6}, {1, 4}], [{8, 2}, {5, 7}, {4, 6}, {1, 3}], [{8, 2}, {5, 7}, {6}, {4}, {1, 3}], [{8, 2}, {6, 7}, {1, 5}, {3, 4}], [{8, 2}, {6, 7}, {3, 5}, {1, 4}], [{8, 2}, {6, 7}, {4, 5}, {1, 3}], [{8, 2}, {7}, {4, 6}, {3, 5}, {1}], [{8, 2}, {7}, {6}, {1, 5}, {3, 4}], [{8, 2}, {7}, {6}, {4, 5}, {1, 3}], [{8, 3}, {1, 7}, {2, 6}, {4, 5}], [{8, 3}, {1, 7}, {2, 6}, {5}, {4}], [{8, 3}, {1, 7}, {4, 6}, {2, 5}], [{8, 3}, {1, 7}, {4, 6}, {5}, {2}], [{8, 3}, {1, 7}, {5, 6}, {2, 4}], [{8, 3}, {1, 7}, {6}, {5}, {2, 4}], [{8, 3}, {2, 7}, {1, 6}, {4, 5}], [{8, 3}, {2, 7}, {1, 6}, {5}, {4}], [{8, 3}, {2, 7}, {4, 6}, {1, 5}], [{8, 3}, {2, 7}, {4, 6}, {5}, {1}], [{8, 3}, {2, 7}, {5, 6}, {1, 4}], [{8, 3}, {2, 7}, {6}, {5}, {1, 4}], [{8, 3}, {4, 7}, {1, 6}, {2, 5}], [{8, 3}, {4, 7}, {2, 6}, {1, 5}], [{8, 3}, {4, 7}, {5, 6}, {1, 2}], [{8, 3}, {5, 7}, {1, 6}, {2, 4}], [{8, 3}, {5, 7}, {2, 6}, {1, 4}], [{8, 3}, {5, 7}, {2, 6}, {4}, {1}], [{8, 3}, {5, 7}, {4, 6}, {1, 2}], [{8, 3}, {5, 7}, {4, 6}, {2}, {1}], [{8, 3}, {5, 7}, {6}, {2, 4}, {1}], [{8, 3}, {6, 7}, {1, 5}, {2, 4}], [{8, 3}, {6, 7}, {2, 5}, {1, 4}], [{8, 3}, {6, 7}, {4, 5}, {1, 2}], [{8, 3}, {7}, {2, 6}, {1, 5}, {4}], [{8, 3}, {7}, {4, 6}, {1, 5}, {2}], [{8, 3}, {7}, {4, 6}, {2, 5}, {1}], [{8, 3}, {7}, {4, 6}, {5}, {1, 2}], [{8, 3}, {7}, {4, 6}, {5}, {2}, {1}], [{8, 3}, {7}, {5, 6}, {4}, {1, 2}], [{8, 3}, {7}, {6}, {1, 5}, {2, 4}], [{8, 3}, {7}, {6}, {4, 5}, {1, 2}], [{8, 4}, {1, 7}, {2, 6}, {3, 5}], [{8, 4}, {1, 7}, {2, 6}, {5}, {3}], [{8, 4}, {1, 7}, {3, 6}, {2, 5}], [{8, 4}, {1, 7}, {3, 6}, {5}, {2}], [{8, 4}, {1, 7}, {5, 6}, {2, 3}], [{8, 4}, {1, 7}, {5, 6}, {3}, {2}], [{8, 4}, {1, 7}, {6}, {2, 5}, {3}], [{8, 4}, {1, 7}, {6}, {3, 5}, {2}], [{8, 4}, {1, 7}, {6}, {5}, {2, 3}], [{8, 4}, {2, 7}, {1, 6}, {3, 5}], [{8, 4}, {2, 7}, {1, 6}, {5}, {3}], [{8, 4}, {2, 7}, {3, 6}, {1, 5}], [{8, 4}, {2, 7}, {5, 6}, {1, 3}], [{8, 4}, {2, 7}, {5, 6}, {3}, {1}], [{8, 4}, {2, 7}, {6}, {1, 5}, {3}], [{8, 4}, {3, 7}, {1, 6}, {2, 5}], [{8, 4}, {3, 7}, {1, 6}, {5}, {2}], [{8, 4}, {3, 7}, {2, 6}, {1, 5}], [{8, 4}, {3, 7}, {5, 6}, {1, 2}], [{8, 4}, {5, 7}, {1, 6}, {2, 3}], [{8, 4}, {5, 7}, {2, 6}, {1, 3}], [{8, 4}, {5, 7}, {3, 6}, {1, 2}], [{8, 4}, {5, 7}, {3, 6}, {2}, {1}], [{8, 4}, {6, 7}, {1, 5}, {2, 3}], [{8, 4}, {6, 7}, {2, 5}, {1, 3}], [{8, 4}, {6, 7}, {3, 5}, {1, 2}], [{8, 4}, {6, 7}, {5}, {2, 3}, {1}], [{8, 4}, {7}, {1, 6}, {5}, {2, 3}], [{8, 4}, {7}, {3, 6}, {1, 5}, {2}], [{8, 4}, {7}, {5, 6}, {3}, {1, 2}], [{8, 5}, {1, 7}, {2, 6}, {3, 4}], [{8, 5}, {1, 7}, {3, 6}, {2, 4}], [{8, 5}, {1, 7}, {4, 6}, {2, 3}], [{8, 5}, {1, 7}, {6}, {4}, {2, 3}], [{8, 5}, {2, 7}, {1, 6}, {3, 4}], [{8, 5}, {2, 7}, {3, 6}, {1, 4}], [{8, 5}, {2, 7}, {4, 6}, {1, 3}], [{8, 5}, {2, 7}, {6}, {4}, {1, 3}], [{8, 5}, {3, 7}, {1, 6}, {2, 4}], [{8, 5}, {3, 7}, {2, 6}, {1, 4}], [{8, 5}, {3, 7}, {4, 6}, {1, 2}], [{8, 5}, {3, 7}, {6}, {4}, {1, 2}], [{8, 5}, {4, 7}, {1, 6}, {2, 3}], [{8, 5}, {4, 7}, {2, 6}, {1, 3}], [{8, 5}, {4, 7}, {3, 6}, {1, 2}], [{8, 5}, {4, 7}, {6}, {2, 3}, {1}], [{8, 5}, {6, 7}, {1, 4}, {2, 3}], [{8, 5}, {6, 7}, {2, 4}, {1, 3}], [{8, 5}, {6, 7}, {3, 4}, {1, 2}], [{8, 5}, {6, 7}, {4}, {2, 3}, {1}], [{8, 5}, {7}, {1, 6}, {4}, {2, 3}], [{8, 5}, {7}, {4, 6}, {2, 3}, {1}], [{8, 5}, {7}, {6}, {1, 4}, {2, 3}], [{8, 5}, {7}, {6}, {4}, {2, 3}, {1}], [{8, 6}, {1, 7}, {2, 5}, {3, 4}], [{8, 6}, {1, 7}, {2, 5}, {4}, {3}], [{8, 6}, {1, 7}, {3, 5}, {2, 4}], [{8, 6}, {1, 7}, {4, 5}, {2, 3}], [{8, 6}, {1, 7}, {4, 5}, {3}, {2}], [{8, 6}, {1, 7}, {5}, {2, 4}, {3}], [{8, 6}, {2, 7}, {1, 5}, {3, 4}], [{8, 6}, {2, 7}, {1, 5}, {4}, {3}], [{8, 6}, {2, 7}, {3, 5}, {1, 4}], [{8, 6}, {2, 7}, {4, 5}, {1, 3}], [{8, 6}, {2, 7}, {4, 5}, {3}, {1}], [{8, 6}, {2, 7}, {5}, {1, 4}, {3}], [{8, 6}, {3, 7}, {1, 5}, {2, 4}], [{8, 6}, {3, 7}, {2, 5}, {1, 4}], [{8, 6}, {3, 7}, {4, 5}, {1, 2}], [{8, 6}, {4, 7}, {1, 5}, {2, 3}], [{8, 6}, {4, 7}, {2, 5}, {1, 3}], [{8, 6}, {4, 7}, {3, 5}, {1, 2}], [{8, 6}, {5, 7}, {1, 4}, {2, 3}], [{8, 6}, {5, 7}, {2, 4}, {1, 3}], [{8, 6}, {5, 7}, {3, 4}, {1, 2}], [{8, 6}, {7}, {4, 5}, {3}, {1, 2}], [{8, 7}, {1, 6}, {2, 5}, {3, 4}], [{8, 7}, {1, 6}, {2, 5}, {4}, {3}], [{8, 7}, {1, 6}, {3, 5}, {2, 4}], [{8, 7}, {1, 6}, {4, 5}, {2, 3}], [{8, 7}, {2, 6}, {1, 5}, {3, 4}], [{8, 7}, {2, 6}, {3, 5}, {1, 4}], [{8, 7}, {2, 6}, {4, 5}, {1, 3}], [{8, 7}, {3, 6}, {1, 5}, {2, 4}], [{8, 7}, {3, 6}, {2, 5}, {1, 4}], [{8, 7}, {3, 6}, {2, 5}, {4}, {1}], [{8, 7}, {3, 6}, {4, 5}, {1, 2}], [{8, 7}, {3, 6}, {4, 5}, {2}, {1}], [{8, 7}, {3, 6}, {5}, {2, 4}, {1}], [{8, 7}, {4, 6}, {1, 5}, {2, 3}], [{8, 7}, {4, 6}, {2, 5}, {1, 3}], [{8, 7}, {4, 6}, {2, 5}, {3}, {1}], [{8, 7}, {4, 6}, {3, 5}, {1, 2}], [{8, 7}, {5, 6}, {1, 4}, {2, 3}], [{8, 7}, {5, 6}, {2, 4}, {1, 3}], [{8, 7}, {5, 6}, {3, 4}, {1, 2}], [{8, 7}, {6}, {2, 5}, {1, 4}, {3}], [{8, 7}, {6}, {2, 5}, {3, 4}, {1}], [{8, 7}, {6}, {2, 5}, {4}, {1, 3}], [{8, 7}, {6}, {3, 5}, {1, 4}, {2}], [{8, 7}, {6}, {5}, {1, 4}, {2, 3}], [{8}, {1, 7}, {2, 6}, {5}, {3, 4}], [{8}, {1, 7}, {3, 6}, {5}, {2, 4}], [{8}, {1, 7}, {4, 6}, {2, 5}, {3}], [{8}, {1, 7}, {6}, {4, 5}, {2, 3}], [{8}, {2, 7}, {1, 6}, {5}, {3, 4}], [{8}, {2, 7}, {3, 6}, {5}, {1, 4}], [{8}, {2, 7}, {4, 6}, {1, 5}, {3}], [{8}, {3, 7}, {1, 6}, {5}, {2, 4}], [{8}, {3, 7}, {4, 6}, {2, 5}, {1}], [{8}, {5, 7}, {1, 6}, {3, 4}, {2}], [{8}, {5, 7}, {2, 6}, {1, 4}, {3}], [{8}, {5, 7}, {3, 6}, {1, 4}, {2}], [{8}, {5, 7}, {4, 6}, {3}, {1, 2}], [{8}, {5, 7}, {6}, {1, 4}, {2, 3}], [{8}, {6, 7}, {4, 5}, {2, 3}, {1}], [{8}, {7}, {1, 6}, {2, 5}, {3, 4}], [{8}, {7}, {1, 6}, {4, 5}, {2, 3}], [{8}, {7}, {3, 6}, {2, 5}, {1, 4}], [{8}, {7}, {3, 6}, {4, 5}, {1, 2}], [{8}, {7}, {4, 6}, {2, 5}, {1, 3}], [{8}, {7}, {4, 6}, {2, 5}, {3}, {1}], [{8}, {7}, {5, 6}, {2, 4}, {1, 3}], [{8}, {7}, {5, 6}, {3, 4}, {1, 2}]]",2,4 K_1^3 - 18 K_1^2 - 12 K_1 K_2 + 3 K_1 + 9 K_2 + 5 K_3 + 10,O1O2O3U4O5U1U6U5O7O4U2O6U8U3O8U7,O1O2O3U1O4U5U6U3O7U8O5O8U2O6U4U7,O1O2O3U4U5O6U2O7O8U7O4U1U6U8O5U3,c,{'O1O2O3U4O5U1U5O6U2O7O4U8U6U3O8U7'},1,"<a href=""/flatknot/8.1101847"">8.1101847</a>",t^9-33t^7-62t^6+25t^5+94t^4+21t^3-44t^2-11t+8,t^2-2t,,
8.1101848,O1O2O3U4O5U1U5O6U2O7O4U8U7U3O8U6,4,6z^3+38z^2+89z+75,6w^4z^3+38w^3z^2+89w^2z+75w,False,False,"[[ 0 -2  0  2  0  1  1  0 -2],[ 2  0  2  2  0  1  1 -1  1],[ 0 -2  0  0  0  0  1 -1 -1],[-2 -2  0  0 -1  0 -1 -1 -3],[ 0  0  0  1  0  1  0  0 -1],[-1 -1  0  0 -1  0  0  0 -1],[-1 -1 -1  1  0  0  0  1 -2],[ 0  1  1  1  0  0 -1  0  0],[ 2 -1  1  3  1  1  2  0  0]]","[[ 0  2  1  1  0  0  0 -2 -2],[-2  0  0 -1  0 -1 -1 -2 -3],[-1  0  0  0  0  0 -1 -1 -1],[-1  1  0  0 -1  1  0 -1 -2],[ 0  0  0  1  0 -1  0 -2 -1],[ 0  1  0 -1  1  0  0  1  0],[ 0  1  1  0  0  0  0  0 -1],[ 2  2  1  1  2 -1  0  0  1],[ 2  3  1  2  1  0  1 -1  0]]",True,"[-2,-1,-1,0,0,0,2,2,0,1,0,1,1,2,3,0,0,0,1,1,1,1,-1,0,1,2,1,0,2,1,0,-1,0,0,1,-1]","[-2,-2,0,0,0,1,1,2,-1,0,1,1,1,2,3,-1,0,2,1,1,2,0,1,0,-1,1,0,1,0,1,0,1,0,0,0,1]",t^8+35t^6+208t^4+141t^2+1,"[-2,-2,0,0,0,1,1,2,-1,0,2,3,2,2,2,1,1,2,1,2,1,0,1,0,1,2,0,1,0,1,2,1,1,0,0,1]","[-2,-1,-1,0,0,0,2,2,0,1,1,1,2,1,2,0,1,2,0,1,2,0,1,1,2,2,0,0,1,2,1,2,3,1,0,-1]","[-2,-2,0,0,0,1,1,2,-1,0,1,1,1,2,3,-1,0,2,1,1,2,0,1,0,-1,1,0,1,0,1,0,1,0,0,0,1]",c,"[[{8, 1}, {2, 7}, {3, 6}, {4, 5}], [{8, 1}, {2, 7}, {4, 6}, {3, 5}], [{8, 1}, {2, 7}, {5, 6}, {3, 4}], [{8, 1}, {2, 7}, {6}, {4, 5}, {3}], [{8, 1}, {3, 7}, {2, 6}, {4, 5}], [{8, 1}, {3, 7}, {4, 6}, {2, 5}], [{8, 1}, {3, 7}, {5, 6}, {2, 4}], [{8, 1}, {4, 7}, {2, 6}, {3, 5}], [{8, 1}, {4, 7}, {3, 6}, {2, 5}], [{8, 1}, {4, 7}, {5, 6}, {2, 3}], [{8, 1}, {4, 7}, {5, 6}, {3}, {2}], [{8, 1}, {5, 7}, {2, 6}, {3, 4}], [{8, 1}, {5, 7}, {3, 6}, {2, 4}], [{8, 1}, {5, 7}, {4, 6}, {2, 3}], [{8, 1}, {6, 7}, {2, 5}, {3, 4}], [{8, 1}, {6, 7}, {3, 5}, {2, 4}], [{8, 1}, {6, 7}, {4, 5}, {2, 3}], [{8, 2}, {1, 7}, {3, 6}, {4, 5}], [{8, 2}, {1, 7}, {4, 6}, {3, 5}], [{8, 2}, {1, 7}, {5, 6}, {3, 4}], [{8, 2}, {1, 7}, {5, 6}, {4}, {3}], [{8, 2}, {3, 7}, {1, 6}, {4, 5}], [{8, 2}, {3, 7}, {4, 6}, {1, 5}], [{8, 2}, {3, 7}, {5, 6}, {1, 4}], [{8, 2}, {3, 7}, {5, 6}, {4}, {1}], [{8, 2}, {4, 7}, {1, 6}, {3, 5}], [{8, 2}, {4, 7}, {3, 6}, {1, 5}], [{8, 2}, {4, 7}, {5, 6}, {1, 3}], [{8, 2}, {5, 7}, {1, 6}, {3, 4}], [{8, 2}, {5, 7}, {3, 6}, {1, 4}], [{8, 2}, {5, 7}, {4, 6}, {1, 3}], [{8, 2}, {6, 7}, {1, 5}, {3, 4}], [{8, 2}, {6, 7}, {3, 5}, {1, 4}], [{8, 2}, {6, 7}, {4, 5}, {1, 3}], [{8, 2}, {7}, {3, 6}, {4, 5}, {1}], [{8, 2}, {7}, {5, 6}, {4}, {1, 3}], [{8, 3}, {1, 7}, {2, 6}, {4, 5}], [{8, 3}, {1, 7}, {2, 6}, {5}, {4}], [{8, 3}, {1, 7}, {4, 6}, {2, 5}], [{8, 3}, {1, 7}, {5, 6}, {2, 4}], [{8, 3}, {2, 7}, {1, 6}, {4, 5}], [{8, 3}, {2, 7}, {1, 6}, {5}, {4}], [{8, 3}, {2, 7}, {4, 6}, {1, 5}], [{8, 3}, {2, 7}, {4, 6}, {5}, {1}], [{8, 3}, {2, 7}, {5, 6}, {1, 4}], [{8, 3}, {2, 7}, {5, 6}, {4}, {1}], [{8, 3}, {2, 7}, {6}, {1, 5}, {4}], [{8, 3}, {2, 7}, {6}, {4, 5}, {1}], [{8, 3}, {2, 7}, {6}, {5}, {1, 4}], [{8, 3}, {4, 7}, {1, 6}, {2, 5}], [{8, 3}, {4, 7}, {2, 6}, {1, 5}], [{8, 3}, {4, 7}, {2, 6}, {5}, {1}], [{8, 3}, {4, 7}, {5, 6}, {1, 2}], [{8, 3}, {5, 7}, {1, 6}, {2, 4}], [{8, 3}, {5, 7}, {2, 6}, {1, 4}], [{8, 3}, {5, 7}, {4, 6}, {1, 2}], [{8, 3}, {5, 7}, {6}, {1, 4}, {2}], [{8, 3}, {5, 7}, {6}, {2, 4}, {1}], [{8, 3}, {5, 7}, {6}, {4}, {1, 2}], [{8, 3}, {6, 7}, {1, 5}, {2, 4}], [{8, 3}, {6, 7}, {2, 5}, {1, 4}], [{8, 3}, {6, 7}, {4, 5}, {1, 2}], [{8, 3}, {6, 7}, {5}, {1, 4}, {2}], [{8, 3}, {7}, {1, 6}, {4, 5}, {2}], [{8, 3}, {7}, {2, 6}, {5}, {1, 4}], [{8, 3}, {7}, {4, 6}, {1, 5}, {2}], [{8, 3}, {7}, {5, 6}, {1, 4}, {2}], [{8, 3}, {7}, {6}, {2, 5}, {1, 4}], [{8, 3}, {7}, {6}, {5}, {1, 4}, {2}], [{8, 4}, {1, 7}, {2, 6}, {3, 5}], [{8, 4}, {1, 7}, {2, 6}, {5}, {3}], [{8, 4}, {1, 7}, {3, 6}, {2, 5}], [{8, 4}, {1, 7}, {5, 6}, {2, 3}], [{8, 4}, {1, 7}, {5, 6}, {3}, {2}], [{8, 4}, {1, 7}, {6}, {2, 5}, {3}], [{8, 4}, {2, 7}, {1, 6}, {3, 5}], [{8, 4}, {2, 7}, {1, 6}, {5}, {3}], [{8, 4}, {2, 7}, {3, 6}, {1, 5}], [{8, 4}, {2, 7}, {5, 6}, {1, 3}], [{8, 4}, {3, 7}, {1, 6}, {2, 5}], [{8, 4}, {3, 7}, {2, 6}, {1, 5}], [{8, 4}, {3, 7}, {5, 6}, {1, 2}], [{8, 4}, {3, 7}, {5, 6}, {2}, {1}], [{8, 4}, {5, 7}, {1, 6}, {2, 3}], [{8, 4}, {5, 7}, {1, 6}, {3}, {2}], [{8, 4}, {5, 7}, {2, 6}, {1, 3}], [{8, 4}, {5, 7}, {3, 6}, {1, 2}], [{8, 4}, {6, 7}, {1, 5}, {2, 3}], [{8, 4}, {6, 7}, {2, 5}, {1, 3}], [{8, 4}, {6, 7}, {2, 5}, {3}, {1}], [{8, 4}, {6, 7}, {3, 5}, {1, 2}], [{8, 4}, {7}, {1, 6}, {2, 5}, {3}], [{8, 4}, {7}, {2, 6}, {3, 5}, {1}], [{8, 4}, {7}, {3, 6}, {5}, {1, 2}], [{8, 4}, {7}, {5, 6}, {1, 3}, {2}], [{8, 4}, {7}, {6}, {1, 5}, {2, 3}], [{8, 5}, {1, 7}, {2, 6}, {3, 4}], [{8, 5}, {1, 7}, {3, 6}, {2, 4}], [{8, 5}, {1, 7}, {4, 6}, {2, 3}], [{8, 5}, {2, 7}, {1, 6}, {3, 4}], [{8, 5}, {2, 7}, {1, 6}, {4}, {3}], [{8, 5}, {2, 7}, {3, 6}, {1, 4}], [{8, 5}, {2, 7}, {4, 6}, {1, 3}], [{8, 5}, {3, 7}, {1, 6}, {2, 4}], [{8, 5}, {3, 7}, {1, 6}, {4}, {2}], [{8, 5}, {3, 7}, {2, 6}, {1, 4}], [{8, 5}, {3, 7}, {4, 6}, {1, 2}], [{8, 5}, {4, 7}, {1, 6}, {2, 3}], [{8, 5}, {4, 7}, {1, 6}, {3}, {2}], [{8, 5}, {4, 7}, {2, 6}, {1, 3}], [{8, 5}, {4, 7}, {3, 6}, {1, 2}], [{8, 5}, {6, 7}, {1, 4}, {2, 3}], [{8, 5}, {6, 7}, {2, 4}, {1, 3}], [{8, 5}, {6, 7}, {3, 4}, {1, 2}], [{8, 5}, {7}, {1, 6}, {2, 4}, {3}], [{8, 5}, {7}, {1, 6}, {3, 4}, {2}], [{8, 5}, {7}, {1, 6}, {4}, {2, 3}], [{8, 5}, {7}, {2, 6}, {4}, {1, 3}], [{8, 5}, {7}, {3, 6}, {2, 4}, {1}], [{8, 5}, {7}, {4, 6}, {1, 3}, {2}], [{8, 5}, {7}, {6}, {2, 4}, {1, 3}], [{8, 6}, {1, 7}, {2, 5}, {3, 4}], [{8, 6}, {1, 7}, {3, 5}, {2, 4}], [{8, 6}, {1, 7}, {4, 5}, {2, 3}], [{8, 6}, {2, 7}, {1, 5}, {3, 4}], [{8, 6}, {2, 7}, {3, 5}, {1, 4}], [{8, 6}, {2, 7}, {4, 5}, {1, 3}], [{8, 6}, {2, 7}, {4, 5}, {3}, {1}], [{8, 6}, {3, 7}, {1, 5}, {2, 4}], [{8, 6}, {3, 7}, {2, 5}, {1, 4}], [{8, 6}, {3, 7}, {4, 5}, {1, 2}], [{8, 6}, {4, 7}, {1, 5}, {2, 3}], [{8, 6}, {4, 7}, {2, 5}, {1, 3}], [{8, 6}, {4, 7}, {3, 5}, {1, 2}], [{8, 6}, {5, 7}, {1, 4}, {2, 3}], [{8, 6}, {5, 7}, {2, 4}, {1, 3}], [{8, 6}, {5, 7}, {2, 4}, {3}, {1}], [{8, 6}, {5, 7}, {3, 4}, {1, 2}], [{8, 6}, {7}, {1, 5}, {3, 4}, {2}], [{8, 6}, {7}, {2, 5}, {4}, {1, 3}], [{8, 6}, {7}, {3, 5}, {4}, {1, 2}], [{8, 6}, {7}, {4, 5}, {1, 3}, {2}], [{8, 6}, {7}, {5}, {2, 4}, {1, 3}], [{8, 7}, {1, 6}, {2, 5}, {3, 4}], [{8, 7}, {1, 6}, {3, 5}, {2, 4}], [{8, 7}, {1, 6}, {4, 5}, {2, 3}], [{8, 7}, {2, 6}, {1, 5}, {3, 4}], [{8, 7}, {2, 6}, {3, 5}, {1, 4}], [{8, 7}, {2, 6}, {4, 5}, {1, 3}], [{8, 7}, {3, 6}, {1, 5}, {2, 4}], [{8, 7}, {3, 6}, {2, 5}, {1, 4}], [{8, 7}, {3, 6}, {2, 5}, {4}, {1}], [{8, 7}, {3, 6}, {4, 5}, {1, 2}], [{8, 7}, {3, 6}, {4, 5}, {2}, {1}], [{8, 7}, {3, 6}, {5}, {2, 4}, {1}], [{8, 7}, {4, 6}, {1, 5}, {2, 3}], [{8, 7}, {4, 6}, {2, 5}, {1, 3}], [{8, 7}, {4, 6}, {2, 5}, {3}, {1}], [{8, 7}, {4, 6}, {3, 5}, {1, 2}], [{8, 7}, {5, 6}, {1, 4}, {2, 3}], [{8, 7}, {5, 6}, {2, 4}, {1, 3}], [{8, 7}, {5, 6}, {3, 4}, {1, 2}], [{8, 7}, {6}, {2, 5}, {3, 4}, {1}], [{8}, {1, 7}, {2, 6}, {5}, {3, 4}], [{8}, {1, 7}, {5, 6}, {2, 4}, {3}], [{8}, {2, 7}, {1, 6}, {3, 5}, {4}], [{8}, {2, 7}, {1, 6}, {4, 5}, {3}], [{8}, {2, 7}, {1, 6}, {5}, {3, 4}], [{8}, {2, 7}, {1, 6}, {5}, {4}, {3}], [{8}, {2, 7}, {3, 6}, {4, 5}, {1}], [{8}, {2, 7}, {4, 6}, {1, 5}, {3}], [{8}, {2, 7}, {5, 6}, {1, 4}, {3}], [{8}, {2, 7}, {6}, {4, 5}, {1, 3}], [{8}, {2, 7}, {6}, {4, 5}, {3}, {1}], [{8}, {3, 7}, {1, 6}, {5}, {2, 4}], [{8}, {3, 7}, {5, 6}, {2, 4}, {1}], [{8}, {3, 7}, {6}, {1, 5}, {2, 4}], [{8}, {4, 7}, {1, 6}, {5}, {2, 3}], [{8}, {5, 7}, {2, 6}, {1, 4}, {3}], [{8}, {5, 7}, {3, 6}, {2, 4}, {1}], [{8}, {7}, {5, 6}, {2, 4}, {1, 3}], [{8}, {7}, {5, 6}, {3, 4}, {1, 2}]]",2,4 K_1^3 - 6 K_1^2 - 4 K_1 K_2 - K_1 + 3 K_2 + K_3 + 4,O1O2O3U4O5U1U6U5O7O6U2O4U8U3O8U7,O1O2O3U1O4U5U6U3O7U8O5O8U4O6U2U7,O1O2O3U4U2O5U6O7O8U7O4U1U5U8O6U3,c,{'O1O2O3U4O5U1U5O6U2O7O4U8U7U3O8U6'},1,"<a href=""/flatknot/8.1101848"">8.1101848</a>",t^9-37t^7-72t^6+75t^5+182t^4-17t^3-116t^2+5t+24,t^2-2t,,
8.1101849,O1O2O3U4O5U1U5O6U3O7O4U2U8U6O8U7,4,13z^2+98z+145,13w^3z^2+98w^2z+145w,False,False,"[[ 0 -2 -1  1  0  1  1  1 -1],[ 2  0  2  2  0  1  1  0  2],[ 1 -2  0  1  0  0  1  1  0],[-1 -2 -1  0 -1  0  0  0 -2],[ 0  0  0  1  0  1  1  0  0],[-1 -1  0  0 -1  0  0  0 -1],[-1 -1 -1  0 -1  0  0  0 -1],[-1  0 -1  0  0  0  0  0 -1],[ 1 -2  0  2  0  1  1  1  0]]","[[ 0  1  1  1  1  0 -1 -1 -2],[-1  0  0  0  0  0 -1 -1  0],[-1  0  0  0  0 -1  0 -1 -1],[-1  0  0  0  0 -1 -1 -1 -1],[-1  0  0  0  0 -1 -1 -2 -2],[ 0  0  1  1  1  0  0  0  0],[ 1  1  0  1  1  0  0  0 -2],[ 1  1  1  1  2  0  0  0 -2],[ 2  0  1  1  2  0  2  2  0]]",True,"[-1,-1,-1,-1,0,1,1,2,0,0,0,0,1,1,0,0,0,1,0,1,1,0,1,1,1,1,1,1,2,2,0,0,0,0,2,2]","[-2,-1,-1,0,1,1,1,1,-1,-1,2,1,2,2,3,0,1,0,1,1,1,1,1,1,2,1,0,0,0,1,0,0,0,0,0,0]",t^8+27t^6+64t^4+19t^2+1,"[-2,-1,-1,0,1,1,1,1,-1,-1,2,1,2,2,3,0,1,0,1,1,1,1,1,1,2,1,0,0,0,1,0,0,0,0,0,0]","[-1,-1,-1,-1,0,1,1,2,0,0,0,0,0,1,1,0,0,0,1,1,2,0,0,1,2,2,1,1,1,3,1,1,2,0,-1,-1]","[-2,-1,-1,0,1,1,1,1,2,2,0,0,1,1,2,0,0,1,0,1,1,0,1,1,1,2,0,1,1,1,0,0,0,0,0,0]",c,"[[{8, 5}, {6, 7}, {3, 4}, {1, 2}]]",1,20 K_1^3 - 46 K_1^2 - 24 K_1 K_2 - 3 K_1 + 23 K_2 + 7 K_3 + 24,O1O2O3U4O5U6U5U2O7O4U1O6U8U3O8U7,O1O2O3U2O4U5U1U6O7U8O5O8U3O6U4U7,O1O2O3U4U5O6U1O7O8U7O4U6U3U8O5U2,c,{'O1O2O3U4O5U1U5O6U3O7O4U2U8U6O8U7'},1,"<a href=""/flatknot/8.1101849"">8.1101849</a>",t^9-29t^7-52t^6+51t^5+72t^4-8t^3-t-4,t^2-2t,,
8.1101850,O1O2O3U4O5U1U5O6U3O7O4U2U8U7O8U6,4,3z^3+29z^2+105z+119,3w^4z^3+29w^3z^2+105w^2z+119w,False,False,"[[ 0 -2 -1  1  0  1  1  1 -1],[ 2  0  2  2  0  1  1  0  2],[ 1 -2  0  1  0  0  2  0  0],[-1 -2 -1  0 -1  0  0 -1 -1],[ 0  0  0  1  0  1  0  1  0],[-1 -1  0  0 -1  0  0  0 -1],[-1 -1 -2  0  0  0  0  1 -2],[-1  0  0  1 -1  0 -1  0 -1],[ 1 -2  0  1  0  1  2  1  0]]","[[ 0  1  1  1  1  0 -1 -1 -2],[-1  0  1  0  0  0 -2 -2 -1],[-1 -1  0  1  0 -1  0 -1  0],[-1  0 -1  0  0 -1 -1 -1 -2],[-1  0  0  0  0 -1  0 -1 -1],[ 0  0  1  1  1  0  0  0  0],[ 1  2  0  1  0  0  0  0 -2],[ 1  2  1  1  1  0  0  0 -2],[ 2  1  0  2  1  0  2  2  0]]",True,"[-1,-1,-1,-1,0,1,1,2,-1,0,0,0,2,2,1,-1,0,1,0,1,0,0,1,1,1,2,1,0,1,1,0,0,0,0,2,2]","[-2,-1,-1,0,1,1,1,1,-1,-1,2,1,2,2,3,0,1,1,0,1,1,1,1,0,2,2,0,1,0,0,0,0,1,0,-1,0]",t^8+31t^6+162t^4+101t^2,"[-2,-1,-1,0,1,1,1,1,-1,-1,2,1,2,2,3,0,1,1,0,1,1,1,1,0,2,2,0,1,0,0,0,0,1,0,-1,0]","[-1,-1,-1,-1,0,1,1,2,-1,0,0,0,1,1,1,-1,0,0,1,2,3,0,1,0,0,2,0,1,2,2,1,1,2,0,-1,-1]","[-2,-1,-1,0,1,1,1,1,2,2,0,0,1,1,2,0,0,0,0,2,1,0,1,1,2,1,1,1,0,1,0,-1,1,0,0,0]",c,"[[{8, 5}, {3, 7}, {1, 6}, {2, 4}]]",1,4 K_1^3 - 14 K_1^2 - 8 K_1 K_2 + K_1 + 7 K_2 + 3 K_3 + 8,O1O2O3U4O5U6U5U2O7O6U1O4U8U3O8U7,O1O2O3U2O4U5U1U6O7U8O5O8U4O6U3U7,O1O2O3U4U1O5U6O7O8U7O4U5U3U8O6U2,c,{'O1O2O3U4O5U1U5O6U3O7O4U2U8U7O8U6'},1,"<a href=""/flatknot/8.1101850"">8.1101850</a>",t^9-33t^7-56t^6+119t^5+186t^4-124t^3-138t^2+43t+14,t^2-2t,,
8.1101851,O1O2O3U4O5U1U5O6U3O7O4U6U8U2O8U7,3,13z^2+66z+81,13w^3z^2+66w^2z+81w,False,False,"[[ 0 -2  1  1  0  1 -1  1 -1],[ 2  0  2  2  0  1  0  0  1],[-1 -2  0  0 -1  0  0  0 -1],[-1 -2  0  0 -1  0  0  0 -1],[ 0  0  1  1  0  1 -1  0 -1],[-1 -1  0  0 -1  0  0  0 -1],[ 1  0  0  0  1  0  0  1  1],[-1  0  0  0  0  0 -1  0 -1],[ 1 -1  1  1  1  1 -1  1  0]]","[[ 0  1  1  1  0 -1 -2],[-1  0  0  0  0 -1  0],[-1  0  0  0 -1  0 -2],[-1  0  0  0 -1  0 -2],[ 0  0  1  1  0 -1  0],[ 1  1  0  0  1  0  0],[ 2  0  2  2  0  0  0]]",False,"[-1,-1,-1,0,1,2,0,0,0,1,0,0,1,0,2,1,0,2,1,0,0]","[-2,-1,0,1,1,1,0,0,0,2,2,1,1,0,0,0,1,1,0,0,0]",t^6+12t^4+18t^2,"[-2,-1,0,1,1,1,1,2,1,1,3,0,2,2,1,0,0,1,0,0,0]","[-1,-1,-1,0,1,2,0,0,0,2,1,0,0,2,1,1,1,3,0,2,1]","[-2,-1,0,1,1,1,0,0,0,2,2,1,1,0,0,0,1,1,0,0,0]",c,"[[{8, 4}, {1, 7}, {5, 6}, {2, 3}], [{8, 4}, {1, 7}, {5, 6}, {3}, {2}], [{8, 5}, {1, 7}, {4, 6}, {2, 3}], [{8, 5}, {1, 7}, {4, 6}, {3}, {2}], [{8, 5}, {2, 7}, {1, 6}, {3, 4}], [{8, 5}, {2, 7}, {6}, {3, 4}, {1}], [{8, 5}, {3, 7}, {1, 6}, {2, 4}], [{8, 5}, {3, 7}, {6}, {2, 4}, {1}]]",1,- 6 K_1^2 - 4 K_1 K_2 + 2 K_1 + 3 K_2 + 2 K_3 + 4,O1O2O3U4O5U2U5U6O7O4U1O6U8U3O8U7,O1O2O3U2O4U5U3U6O7U8O5O8U1O6U4U7,O1O2O3U4U5O6U3O7O8U7O4U6U1U8O5U2,c,"{'O1O2O3U4O5U1U5O6U3O7O4U6U8U2O8U7', 'O1O2U3O4O5U1U5U4O6O7U6O3U8U2O8U7'}",2,"<a href=""/flatknot/8.1101851"">8.1101851</a>",t^7-14t^5+29t^3-12t^2,t^2-2t,,
8.1101852,O1O2O3U4O5U1U5O6U3O7O4U7U8U2O8U6,3,12z^2+73z+99,-2w^4z^2+14w^3z^2-6w^3z+79w^2z+99w,False,False,"[[ 0 -2  1  1  0  1  1 -1 -1],[ 2  0  2  2  0  1  1 -1  1],[-1 -2  0  1 -1  0  0 -1 -1],[-1 -2 -1  0 -1  0  0 -1 -1],[ 0  0  1  1  0  1  0 -1 -1],[-1 -1  0  0 -1  0  0  0 -1],[-1 -1  0  0  0  0  0  0 -1],[ 1  1  1  1  1  0  0  0  1],[ 1 -1  1  1  1  1  1 -1  0]]","[[ 0  1  1  1  0 -1 -2],[-1  0  1  0 -1 -1 -2],[-1 -1  0  0 -1 -1 -2],[-1  0  0  0  0  0 -1],[ 0  1  1  0  0 -1  0],[ 1  1  1  0  1  0  1],[ 2  2  2  1  0 -1  0]]",False,"[-1,-1,-1,0,1,2,-1,0,1,1,2,0,1,1,2,0,0,1,1,0,-1]","[-2,-1,0,1,1,1,-1,0,1,2,2,1,0,1,1,0,1,1,0,0,-1]",t^6+16t^4+10t^2+1,"[-2,-1,0,1,1,1,2,2,1,1,2,0,1,1,2,0,0,1,-1,0,0]","[-1,-1,-1,0,1,2,-1,0,0,1,1,0,0,1,1,1,2,2,0,2,2]","[-2,-1,0,1,1,1,-1,0,1,2,2,1,0,1,1,0,1,1,0,0,-1]",c,"[[{8, 1}, {2, 7}, {3, 6}, {4, 5}], [{8, 1}, {2, 7}, {4, 6}, {3, 5}], [{8, 1}, {2, 7}, {5, 6}, {3, 4}], [{8, 1}, {2, 7}, {6}, {3, 5}, {4}], [{8, 1}, {3, 7}, {2, 6}, {4, 5}], [{8, 1}, {3, 7}, {4, 6}, {2, 5}], [{8, 1}, {3, 7}, {4, 6}, {5}, {2}], [{8, 1}, {3, 7}, {5, 6}, {2, 4}], [{8, 1}, {4, 7}, {2, 6}, {3, 5}], [{8, 1}, {4, 7}, {3, 6}, {2, 5}], [{8, 1}, {4, 7}, {5, 6}, {2, 3}], [{8, 1}, {4, 7}, {6}, {3, 5}, {2}], [{8, 1}, {5, 7}, {2, 6}, {3, 4}], [{8, 1}, {5, 7}, {3, 6}, {2, 4}], [{8, 1}, {5, 7}, {4, 6}, {2, 3}], [{8, 1}, {5, 7}, {4, 6}, {3}, {2}], [{8, 1}, {6, 7}, {2, 5}, {3, 4}], [{8, 1}, {6, 7}, {3, 5}, {2, 4}], [{8, 1}, {6, 7}, {3, 5}, {4}, {2}], [{8, 1}, {6, 7}, {4, 5}, {2, 3}], [{8, 1}, {7}, {2, 6}, {3, 5}, {4}], [{8, 1}, {7}, {4, 6}, {3, 5}, {2}], [{8, 1}, {7}, {6}, {2, 5}, {3, 4}], [{8, 1}, {7}, {6}, {3, 5}, {2, 4}], [{8, 1}, {7}, {6}, {3, 5}, {4}, {2}], [{8, 1}, {7}, {6}, {4, 5}, {2, 3}], [{8, 2}, {1, 7}, {3, 6}, {4, 5}], [{8, 2}, {1, 7}, {3, 6}, {5}, {4}], [{8, 2}, {1, 7}, {4, 6}, {3, 5}], [{8, 2}, {1, 7}, {5, 6}, {3, 4}], [{8, 2}, {3, 7}, {1, 6}, {4, 5}], [{8, 2}, {3, 7}, {1, 6}, {5}, {4}], [{8, 2}, {3, 7}, {4, 6}, {1, 5}], [{8, 2}, {3, 7}, {4, 6}, {5}, {1}], [{8, 2}, {3, 7}, {5, 6}, {1, 4}], [{8, 2}, {3, 7}, {5, 6}, {4}, {1}], [{8, 2}, {3, 7}, {6}, {1, 5}, {4}], [{8, 2}, {3, 7}, {6}, {4, 5}, {1}], [{8, 2}, {3, 7}, {6}, {5}, {1, 4}], [{8, 2}, {4, 7}, {1, 6}, {3, 5}], [{8, 2}, {4, 7}, {3, 6}, {1, 5}], [{8, 2}, {4, 7}, {5, 6}, {1, 3}], [{8, 2}, {4, 7}, {6}, {5}, {1, 3}], [{8, 2}, {5, 7}, {1, 6}, {3, 4}], [{8, 2}, {5, 7}, {3, 6}, {1, 4}], [{8, 2}, {5, 7}, {4, 6}, {1, 3}], [{8, 2}, {5, 7}, {6}, {3, 4}, {1}], [{8, 2}, {6, 7}, {1, 5}, {3, 4}], [{8, 2}, {6, 7}, {3, 5}, {1, 4}], [{8, 2}, {6, 7}, {4, 5}, {1, 3}], [{8, 2}, {7}, {1, 6}, {4, 5}, {3}], [{8, 2}, {7}, {4, 6}, {1, 5}, {3}], [{8, 2}, {7}, {5, 6}, {1, 4}, {3}], [{8, 3}, {1, 7}, {2, 6}, {4, 5}], [{8, 3}, {1, 7}, {4, 6}, {2, 5}], [{8, 3}, {1, 7}, {5, 6}, {2, 4}], [{8, 3}, {2, 7}, {1, 6}, {4, 5}], [{8, 3}, {2, 7}, {4, 6}, {1, 5}], [{8, 3}, {2, 7}, {5, 6}, {1, 4}], [{8, 3}, {2, 7}, {6}, {4, 5}, {1}], [{8, 3}, {4, 7}, {1, 6}, {2, 5}], [{8, 3}, {4, 7}, {2, 6}, {1, 5}], [{8, 3}, {4, 7}, {5, 6}, {1, 2}], [{8, 3}, {4, 7}, {6}, {1, 5}, {2}], [{8, 3}, {5, 7}, {1, 6}, {2, 4}], [{8, 3}, {5, 7}, {2, 6}, {1, 4}], [{8, 3}, {5, 7}, {4, 6}, {1, 2}], [{8, 3}, {5, 7}, {6}, {2, 4}, {1}], [{8, 3}, {6, 7}, {1, 5}, {2, 4}], [{8, 3}, {6, 7}, {2, 5}, {1, 4}], [{8, 3}, {6, 7}, {4, 5}, {1, 2}], [{8, 4}, {1, 7}, {2, 6}, {3, 5}], [{8, 4}, {1, 7}, {3, 6}, {2, 5}], [{8, 4}, {1, 7}, {3, 6}, {5}, {2}], [{8, 4}, {1, 7}, {5, 6}, {2, 3}], [{8, 4}, {2, 7}, {1, 6}, {3, 5}], [{8, 4}, {2, 7}, {3, 6}, {1, 5}], [{8, 4}, {2, 7}, {5, 6}, {1, 3}], [{8, 4}, {3, 7}, {1, 6}, {2, 5}], [{8, 4}, {3, 7}, {1, 6}, {5}, {2}], [{8, 4}, {3, 7}, {2, 6}, {1, 5}], [{8, 4}, {3, 7}, {5, 6}, {1, 2}], [{8, 4}, {5, 7}, {1, 6}, {2, 3}], [{8, 4}, {5, 7}, {1, 6}, {3}, {2}], [{8, 4}, {5, 7}, {2, 6}, {1, 3}], [{8, 4}, {5, 7}, {2, 6}, {3}, {1}], [{8, 4}, {5, 7}, {3, 6}, {1, 2}], [{8, 4}, {5, 7}, {3, 6}, {2}, {1}], [{8, 4}, {5, 7}, {6}, {1, 3}, {2}], [{8, 4}, {5, 7}, {6}, {2, 3}, {1}], [{8, 4}, {5, 7}, {6}, {3}, {1, 2}], [{8, 4}, {5, 7}, {6}, {3}, {2}, {1}], [{8, 4}, {6, 7}, {1, 5}, {2, 3}], [{8, 4}, {6, 7}, {2, 5}, {1, 3}], [{8, 4}, {6, 7}, {3, 5}, {1, 2}], [{8, 4}, {7}, {1, 6}, {3, 5}, {2}], [{8, 4}, {7}, {3, 6}, {1, 5}, {2}], [{8, 5}, {1, 7}, {2, 6}, {3, 4}], [{8, 5}, {1, 7}, {2, 6}, {4}, {3}], [{8, 5}, {1, 7}, {3, 6}, {2, 4}], [{8, 5}, {1, 7}, {3, 6}, {4}, {2}], [{8, 5}, {1, 7}, {4, 6}, {2, 3}], [{8, 5}, {1, 7}, {4, 6}, {3}, {2}], [{8, 5}, {1, 7}, {6}, {2, 4}, {3}], [{8, 5}, {1, 7}, {6}, {3, 4}, {2}], [{8, 5}, {1, 7}, {6}, {4}, {2, 3}], [{8, 5}, {2, 7}, {1, 6}, {3, 4}], [{8, 5}, {2, 7}, {1, 6}, {4}, {3}], [{8, 5}, {2, 7}, {3, 6}, {1, 4}], [{8, 5}, {2, 7}, {3, 6}, {4}, {1}], [{8, 5}, {2, 7}, {4, 6}, {1, 3}], [{8, 5}, {2, 7}, {4, 6}, {3}, {1}], [{8, 5}, {2, 7}, {6}, {1, 4}, {3}], [{8, 5}, {2, 7}, {6}, {3, 4}, {1}], [{8, 5}, {2, 7}, {6}, {4}, {1, 3}], [{8, 5}, {3, 7}, {1, 6}, {2, 4}], [{8, 5}, {3, 7}, {1, 6}, {4}, {2}], [{8, 5}, {3, 7}, {2, 6}, {1, 4}], [{8, 5}, {3, 7}, {2, 6}, {4}, {1}], [{8, 5}, {3, 7}, {4, 6}, {1, 2}], [{8, 5}, {3, 7}, {4, 6}, {2}, {1}], [{8, 5}, {3, 7}, {6}, {1, 4}, {2}], [{8, 5}, {3, 7}, {6}, {2, 4}, {1}], [{8, 5}, {3, 7}, {6}, {4}, {1, 2}], [{8, 5}, {4, 7}, {1, 6}, {2, 3}], [{8, 5}, {4, 7}, {1, 6}, {3}, {2}], [{8, 5}, {4, 7}, {2, 6}, {1, 3}], [{8, 5}, {4, 7}, {2, 6}, {3}, {1}], [{8, 5}, {4, 7}, {3, 6}, {1, 2}], [{8, 5}, {4, 7}, {3, 6}, {2}, {1}], [{8, 5}, {4, 7}, {6}, {1, 3}, {2}], [{8, 5}, {4, 7}, {6}, {2, 3}, {1}], [{8, 5}, {4, 7}, {6}, {3}, {1, 2}], [{8, 5}, {4, 7}, {6}, {3}, {2}, {1}], [{8, 5}, {6, 7}, {1, 4}, {2, 3}], [{8, 5}, {6, 7}, {1, 4}, {3}, {2}], [{8, 5}, {6, 7}, {2, 4}, {1, 3}], [{8, 5}, {6, 7}, {2, 4}, {3}, {1}], [{8, 5}, {6, 7}, {3, 4}, {1, 2}], [{8, 5}, {6, 7}, {3, 4}, {2}, {1}], [{8, 5}, {6, 7}, {4}, {1, 3}, {2}], [{8, 5}, {6, 7}, {4}, {2, 3}, {1}], [{8, 5}, {6, 7}, {4}, {3}, {1, 2}], [{8, 5}, {7}, {1, 6}, {2, 4}, {3}], [{8, 5}, {7}, {1, 6}, {3, 4}, {2}], [{8, 5}, {7}, {1, 6}, {4}, {2, 3}], [{8, 5}, {7}, {2, 6}, {1, 4}, {3}], [{8, 5}, {7}, {2, 6}, {3, 4}, {1}], [{8, 5}, {7}, {2, 6}, {4}, {1, 3}], [{8, 5}, {7}, {3, 6}, {1, 4}, {2}], [{8, 5}, {7}, {3, 6}, {2, 4}, {1}], [{8, 5}, {7}, {3, 6}, {4}, {1, 2}], [{8, 5}, {7}, {4, 6}, {1, 3}, {2}], [{8, 5}, {7}, {4, 6}, {2, 3}, {1}], [{8, 5}, {7}, {4, 6}, {3}, {1, 2}], [{8, 5}, {7}, {6}, {1, 4}, {2, 3}], [{8, 5}, {7}, {6}, {2, 4}, {1, 3}], [{8, 5}, {7}, {6}, {3, 4}, {1, 2}], [{8, 5}, {7}, {6}, {4}, {1, 3}, {2}], [{8, 6}, {1, 7}, {2, 5}, {3, 4}], [{8, 6}, {1, 7}, {3, 5}, {2, 4}], [{8, 6}, {1, 7}, {4, 5}, {2, 3}], [{8, 6}, {2, 7}, {1, 5}, {3, 4}], [{8, 6}, {2, 7}, {3, 5}, {1, 4}], [{8, 6}, {2, 7}, {4, 5}, {1, 3}], [{8, 6}, {3, 7}, {1, 5}, {2, 4}], [{8, 6}, {3, 7}, {2, 5}, {1, 4}], [{8, 6}, {3, 7}, {4, 5}, {1, 2}], [{8, 6}, {3, 7}, {5}, {1, 4}, {2}], [{8, 6}, {4, 7}, {1, 5}, {2, 3}], [{8, 6}, {4, 7}, {2, 5}, {1, 3}], [{8, 6}, {4, 7}, {3, 5}, {1, 2}], [{8, 6}, {4, 7}, {5}, {1, 3}, {2}], [{8, 6}, {5, 7}, {1, 4}, {2, 3}], [{8, 6}, {5, 7}, {1, 4}, {3}, {2}], [{8, 6}, {5, 7}, {2, 4}, {1, 3}], [{8, 6}, {5, 7}, {3, 4}, {1, 2}], [{8, 6}, {7}, {1, 5}, {2, 4}, {3}], [{8, 6}, {7}, {1, 5}, {3, 4}, {2}], [{8, 6}, {7}, {1, 5}, {4}, {2, 3}], [{8, 6}, {7}, {3, 5}, {1, 4}, {2}], [{8, 6}, {7}, {4, 5}, {3}, {1, 2}], [{8, 7}, {1, 6}, {2, 5}, {3, 4}], [{8, 7}, {1, 6}, {3, 5}, {2, 4}], [{8, 7}, {1, 6}, {4, 5}, {2, 3}], [{8, 7}, {2, 6}, {1, 5}, {3, 4}], [{8, 7}, {2, 6}, {3, 5}, {1, 4}], [{8, 7}, {2, 6}, {4, 5}, {1, 3}], [{8, 7}, {3, 6}, {1, 5}, {2, 4}], [{8, 7}, {3, 6}, {2, 5}, {1, 4}], [{8, 7}, {3, 6}, {4, 5}, {1, 2}], [{8, 7}, {4, 6}, {1, 5}, {2, 3}], [{8, 7}, {4, 6}, {2, 5}, {1, 3}], [{8, 7}, {4, 6}, {3, 5}, {1, 2}], [{8, 7}, {5, 6}, {1, 4}, {2, 3}], [{8, 7}, {5, 6}, {2, 4}, {1, 3}], [{8, 7}, {5, 6}, {3, 4}, {1, 2}], [{8, 7}, {6}, {4, 5}, {1, 3}, {2}], [{8}, {1, 7}, {2, 6}, {5}, {3, 4}], [{8}, {1, 7}, {3, 6}, {2, 5}, {4}], [{8}, {1, 7}, {3, 6}, {4, 5}, {2}], [{8}, {1, 7}, {3, 6}, {5}, {2, 4}], [{8}, {1, 7}, {3, 6}, {5}, {4}, {2}], [{8}, {1, 7}, {4, 6}, {5}, {2, 3}], [{8}, {2, 7}, {1, 6}, {5}, {3, 4}], [{8}, {2, 7}, {3, 6}, {5}, {1, 4}], [{8}, {2, 7}, {4, 6}, {5}, {1, 3}], [{8}, {3, 7}, {1, 6}, {2, 5}, {4}], [{8}, {3, 7}, {1, 6}, {4, 5}, {2}], [{8}, {3, 7}, {1, 6}, {5}, {2, 4}], [{8}, {3, 7}, {1, 6}, {5}, {4}, {2}], [{8}, {3, 7}, {2, 6}, {5}, {1, 4}], [{8}, {3, 7}, {4, 6}, {1, 5}, {2}], [{8}, {3, 7}, {4, 6}, {2, 5}, {1}], [{8}, {3, 7}, {4, 6}, {5}, {1, 2}], [{8}, {3, 7}, {4, 6}, {5}, {2}, {1}], [{8}, {3, 7}, {5, 6}, {1, 4}, {2}], [{8}, {3, 7}, {6}, {2, 5}, {1, 4}], [{8}, {3, 7}, {6}, {5}, {1, 4}, {2}], [{8}, {4, 7}, {1, 6}, {5}, {2, 3}], [{8}, {4, 7}, {2, 6}, {5}, {1, 3}], [{8}, {4, 7}, {3, 6}, {5}, {1, 2}], [{8}, {4, 7}, {5, 6}, {1, 3}, {2}], [{8}, {4, 7}, {6}, {2, 5}, {1, 3}], [{8}, {4, 7}, {6}, {5}, {1, 3}, {2}], [{8}, {6, 7}, {5}, {1, 4}, {2, 3}], [{8}, {6, 7}, {5}, {2, 4}, {1, 3}], [{8}, {6, 7}, {5}, {3, 4}, {1, 2}]]",2,- 10 K_1^2 - 4 K_1 K_2 + 2 K_1 + 5 K_2 + 2 K_3 + 6,O1O2O3U4O5U2U5U6O7O6U1O4U8U3O8U7,O1O2O3U2O4U5U3U6O7U8O5O8U4O6U1U7,O1O2O3U4U3O5U6O7O8U7O4U5U1U8O6U2,c,{'O1O2O3U4O5U1U5O6U3O7O4U7U8U2O8U6'},1,"<a href=""/flatknot/8.1101852"">8.1101852</a>",t^7-18t^5-26t^4+5t^3+14t^2-2t-2,t^2-2t,,
8.1101853,O1O2O3U4O5U1U5O6U3O7O4U7U8U6O8U2,4,2z^3+32z^2+111z+111,2w^4z^3+32w^3z^2+111w^2z+111w,False,False,"[[ 0 -2  1  1  0  1  1 -1 -1],[ 2  0  2  2  0  1  0 -1  2],[-1 -2  0  0  0  0  1 -1 -2],[-1 -2  0  0 -1  0  0 -1 -2],[ 0  0  0  1  0  1  0 -1  0],[-1 -1  0  0 -1  0  0  0 -1],[-1  0 -1  0  0  0  0  0 -1],[ 1  1  1  1  1  0  0  0  1],[ 1 -2  2  2  0  1  1 -1  0]]","[[ 0  1  1  1  1  0 -1 -1 -2],[-1  0  1  0  0  0 -1 -2 -2],[-1 -1  0  0  0  0  0 -1  0],[-1  0  0  0  0 -1  0 -1 -1],[-1  0  0  0  0 -1 -1 -2 -2],[ 0  0  0  1  1  0 -1  0  0],[ 1  1  0  0  1  1  0  1  1],[ 1  2  1  1  2  0 -1  0 -2],[ 2  2  0  1  2  0 -1  2  0]]",True,"[-1,-1,-1,-1,0,1,1,2,-1,0,0,0,1,2,2,0,0,0,0,1,0,0,1,0,1,1,1,1,2,2,1,0,0,-1,-1,2]","[-2,-1,-1,0,1,1,1,1,-1,2,0,0,1,2,2,1,1,0,0,1,1,0,1,1,2,2,0,1,0,1,0,-1,0,0,0,0]",t^8+31t^6+80t^4+34t^2+1,"[-2,-1,-1,0,1,1,1,1,-1,2,2,1,1,2,3,1,1,0,0,1,1,0,1,1,2,2,0,1,0,1,0,0,0,0,-1,0]","[-1,-1,-1,-1,0,1,1,2,-1,0,0,1,1,2,3,0,0,1,0,1,1,0,0,0,1,1,0,1,2,2,1,0,2,-1,-1,2]","[-2,-1,-1,0,1,1,1,1,-1,2,0,0,1,2,2,1,1,0,0,1,1,0,1,1,2,2,0,1,0,1,0,-1,0,0,0,0]",c,"[[{8, 1}, {2, 7}, {3, 6}, {4, 5}], [{8, 1}, {2, 7}, {4, 6}, {3, 5}], [{8, 1}, {2, 7}, {5, 6}, {3, 4}], [{8, 1}, {3, 7}, {2, 6}, {4, 5}], [{8, 1}, {3, 7}, {4, 6}, {2, 5}], [{8, 1}, {3, 7}, {4, 6}, {5}, {2}], [{8, 1}, {3, 7}, {5, 6}, {2, 4}], [{8, 1}, {4, 7}, {2, 6}, {3, 5}], [{8, 1}, {4, 7}, {3, 6}, {2, 5}], [{8, 1}, {4, 7}, {5, 6}, {2, 3}], [{8, 1}, {4, 7}, {6}, {5}, {2, 3}], [{8, 1}, {5, 7}, {2, 6}, {3, 4}], [{8, 1}, {5, 7}, {3, 6}, {2, 4}], [{8, 1}, {5, 7}, {4, 6}, {2, 3}], [{8, 1}, {5, 7}, {6}, {4}, {2, 3}], [{8, 1}, {6, 7}, {2, 5}, {3, 4}], [{8, 1}, {6, 7}, {3, 5}, {2, 4}], [{8, 1}, {6, 7}, {4, 5}, {2, 3}], [{8, 1}, {7}, {2, 6}, {4, 5}, {3}], [{8, 1}, {7}, {3, 6}, {4, 5}, {2}], [{8, 1}, {7}, {6}, {2, 5}, {3, 4}], [{8, 1}, {7}, {6}, {4, 5}, {2, 3}], [{8, 2}, {1, 7}, {3, 6}, {4, 5}], [{8, 2}, {1, 7}, {4, 6}, {3, 5}], [{8, 2}, {1, 7}, {5, 6}, {3, 4}], [{8, 2}, {3, 7}, {1, 6}, {4, 5}], [{8, 2}, {3, 7}, {1, 6}, {5}, {4}], [{8, 2}, {3, 7}, {4, 6}, {1, 5}], [{8, 2}, {3, 7}, {5, 6}, {1, 4}], [{8, 2}, {3, 7}, {5, 6}, {4}, {1}], [{8, 2}, {3, 7}, {6}, {1, 5}, {4}], [{8, 2}, {4, 7}, {1, 6}, {3, 5}], [{8, 2}, {4, 7}, {3, 6}, {1, 5}], [{8, 2}, {4, 7}, {5, 6}, {1, 3}], [{8, 2}, {5, 7}, {1, 6}, {3, 4}], [{8, 2}, {5, 7}, {3, 6}, {1, 4}], [{8, 2}, {5, 7}, {4, 6}, {1, 3}], [{8, 2}, {6, 7}, {1, 5}, {3, 4}], [{8, 2}, {6, 7}, {3, 5}, {1, 4}], [{8, 2}, {6, 7}, {4, 5}, {1, 3}], [{8, 2}, {7}, {1, 6}, {4, 5}, {3}], [{8, 3}, {1, 7}, {2, 6}, {4, 5}], [{8, 3}, {1, 7}, {4, 6}, {2, 5}], [{8, 3}, {1, 7}, {5, 6}, {2, 4}], [{8, 3}, {1, 7}, {6}, {5}, {2, 4}], [{8, 3}, {2, 7}, {1, 6}, {4, 5}], [{8, 3}, {2, 7}, {4, 6}, {1, 5}], [{8, 3}, {2, 7}, {5, 6}, {1, 4}], [{8, 3}, {4, 7}, {1, 6}, {2, 5}], [{8, 3}, {4, 7}, {2, 6}, {1, 5}], [{8, 3}, {4, 7}, {2, 6}, {5}, {1}], [{8, 3}, {4, 7}, {5, 6}, {1, 2}], [{8, 3}, {4, 7}, {6}, {1, 5}, {2}], [{8, 3}, {5, 7}, {1, 6}, {2, 4}], [{8, 3}, {5, 7}, {2, 6}, {1, 4}], [{8, 3}, {5, 7}, {4, 6}, {1, 2}], [{8, 3}, {6, 7}, {1, 5}, {2, 4}], [{8, 3}, {6, 7}, {2, 5}, {1, 4}], [{8, 3}, {6, 7}, {4, 5}, {1, 2}], [{8, 3}, {7}, {4, 6}, {5}, {1, 2}], [{8, 3}, {7}, {5, 6}, {4}, {1, 2}], [{8, 3}, {7}, {6}, {2, 5}, {1, 4}], [{8, 3}, {7}, {6}, {4, 5}, {1, 2}], [{8, 4}, {1, 7}, {2, 6}, {3, 5}], [{8, 4}, {1, 7}, {3, 6}, {2, 5}], [{8, 4}, {1, 7}, {5, 6}, {2, 3}], [{8, 4}, {1, 7}, {6}, {2, 5}, {3}], [{8, 4}, {2, 7}, {1, 6}, {3, 5}], [{8, 4}, {2, 7}, {1, 6}, {5}, {3}], [{8, 4}, {2, 7}, {3, 6}, {1, 5}], [{8, 4}, {2, 7}, {5, 6}, {1, 3}], [{8, 4}, {2, 7}, {6}, {3, 5}, {1}], [{8, 4}, {3, 7}, {1, 6}, {2, 5}], [{8, 4}, {3, 7}, {1, 6}, {5}, {2}], [{8, 4}, {3, 7}, {2, 6}, {1, 5}], [{8, 4}, {3, 7}, {2, 6}, {5}, {1}], [{8, 4}, {3, 7}, {5, 6}, {1, 2}], [{8, 4}, {3, 7}, {5, 6}, {2}, {1}], [{8, 4}, {3, 7}, {6}, {1, 5}, {2}], [{8, 4}, {3, 7}, {6}, {2, 5}, {1}], [{8, 4}, {3, 7}, {6}, {5}, {1, 2}], [{8, 4}, {3, 7}, {6}, {5}, {2}, {1}], [{8, 4}, {5, 7}, {1, 6}, {2, 3}], [{8, 4}, {5, 7}, {1, 6}, {3}, {2}], [{8, 4}, {5, 7}, {2, 6}, {1, 3}], [{8, 4}, {5, 7}, {3, 6}, {1, 2}], [{8, 4}, {5, 7}, {6}, {2, 3}, {1}], [{8, 4}, {6, 7}, {1, 5}, {2, 3}], [{8, 4}, {6, 7}, {2, 5}, {1, 3}], [{8, 4}, {6, 7}, {2, 5}, {3}, {1}], [{8, 4}, {6, 7}, {3, 5}, {1, 2}], [{8, 4}, {7}, {1, 6}, {2, 5}, {3}], [{8, 4}, {7}, {1, 6}, {3, 5}, {2}], [{8, 4}, {7}, {1, 6}, {5}, {2, 3}], [{8, 4}, {7}, {3, 6}, {2, 5}, {1}], [{8, 4}, {7}, {6}, {2, 5}, {1, 3}], [{8, 4}, {7}, {6}, {2, 5}, {3}, {1}], [{8, 5}, {1, 7}, {2, 6}, {3, 4}], [{8, 5}, {1, 7}, {3, 6}, {2, 4}], [{8, 5}, {1, 7}, {4, 6}, {2, 3}], [{8, 5}, {2, 7}, {1, 6}, {3, 4}], [{8, 5}, {2, 7}, {3, 6}, {1, 4}], [{8, 5}, {2, 7}, {4, 6}, {1, 3}], [{8, 5}, {3, 7}, {1, 6}, {2, 4}], [{8, 5}, {3, 7}, {1, 6}, {4}, {2}], [{8, 5}, {3, 7}, {2, 6}, {1, 4}], [{8, 5}, {3, 7}, {2, 6}, {4}, {1}], [{8, 5}, {3, 7}, {4, 6}, {1, 2}], [{8, 5}, {3, 7}, {6}, {4}, {1, 2}], [{8, 5}, {4, 7}, {1, 6}, {2, 3}], [{8, 5}, {4, 7}, {1, 6}, {3}, {2}], [{8, 5}, {4, 7}, {2, 6}, {1, 3}], [{8, 5}, {4, 7}, {2, 6}, {3}, {1}], [{8, 5}, {4, 7}, {3, 6}, {1, 2}], [{8, 5}, {4, 7}, {6}, {3}, {1, 2}], [{8, 5}, {6, 7}, {1, 4}, {2, 3}], [{8, 5}, {6, 7}, {1, 4}, {3}, {2}], [{8, 5}, {6, 7}, {2, 4}, {1, 3}], [{8, 5}, {6, 7}, {3, 4}, {1, 2}], [{8, 5}, {7}, {1, 6}, {3, 4}, {2}], [{8, 5}, {7}, {2, 6}, {3, 4}, {1}], [{8, 5}, {7}, {6}, {2, 4}, {1, 3}], [{8, 5}, {7}, {6}, {3, 4}, {1, 2}], [{8, 6}, {1, 7}, {2, 5}, {3, 4}], [{8, 6}, {1, 7}, {3, 5}, {2, 4}], [{8, 6}, {1, 7}, {4, 5}, {2, 3}], [{8, 6}, {1, 7}, {5}, {2, 4}, {3}], [{8, 6}, {2, 7}, {1, 5}, {3, 4}], [{8, 6}, {2, 7}, {3, 5}, {1, 4}], [{8, 6}, {2, 7}, {4, 5}, {1, 3}], [{8, 6}, {2, 7}, {5}, {1, 4}, {3}], [{8, 6}, {3, 7}, {1, 5}, {2, 4}], [{8, 6}, {3, 7}, {2, 5}, {1, 4}], [{8, 6}, {3, 7}, {4, 5}, {1, 2}], [{8, 6}, {3, 7}, {5}, {1, 4}, {2}], [{8, 6}, {4, 7}, {1, 5}, {2, 3}], [{8, 6}, {4, 7}, {2, 5}, {1, 3}], [{8, 6}, {4, 7}, {3, 5}, {1, 2}], [{8, 6}, {4, 7}, {5}, {1, 3}, {2}], [{8, 6}, {5, 7}, {1, 4}, {2, 3}], [{8, 6}, {5, 7}, {2, 4}, {1, 3}], [{8, 6}, {5, 7}, {3, 4}, {1, 2}], [{8, 6}, {5, 7}, {4}, {1, 3}, {2}], [{8, 6}, {5, 7}, {4}, {2, 3}, {1}], [{8, 6}, {5, 7}, {4}, {3}, {1, 2}], [{8, 6}, {7}, {1, 5}, {3, 4}, {2}], [{8, 6}, {7}, {4, 5}, {1, 3}, {2}], [{8, 6}, {7}, {5}, {1, 4}, {2, 3}], [{8, 7}, {1, 6}, {2, 5}, {3, 4}], [{8, 7}, {1, 6}, {3, 5}, {2, 4}], [{8, 7}, {1, 6}, {4, 5}, {2, 3}], [{8, 7}, {2, 6}, {1, 5}, {3, 4}], [{8, 7}, {2, 6}, {3, 5}, {1, 4}], [{8, 7}, {2, 6}, {4, 5}, {1, 3}], [{8, 7}, {2, 6}, {5}, {3, 4}, {1}], [{8, 7}, {3, 6}, {1, 5}, {2, 4}], [{8, 7}, {3, 6}, {1, 5}, {4}, {2}], [{8, 7}, {3, 6}, {2, 5}, {1, 4}], [{8, 7}, {3, 6}, {4, 5}, {1, 2}], [{8, 7}, {3, 6}, {4, 5}, {2}, {1}], [{8, 7}, {3, 6}, {5}, {1, 4}, {2}], [{8, 7}, {4, 6}, {1, 5}, {2, 3}], [{8, 7}, {4, 6}, {2, 5}, {1, 3}], [{8, 7}, {4, 6}, {3, 5}, {1, 2}], [{8, 7}, {5, 6}, {1, 4}, {2, 3}], [{8, 7}, {5, 6}, {2, 4}, {1, 3}], [{8, 7}, {5, 6}, {3, 4}, {1, 2}], [{8, 7}, {6}, {4, 5}, {3}, {1, 2}], [{8}, {1, 7}, {2, 6}, {3, 5}, {4}], [{8}, {1, 7}, {3, 6}, {2, 5}, {4}], [{8}, {1, 7}, {3, 6}, {4, 5}, {2}], [{8}, {1, 7}, {3, 6}, {5}, {2, 4}], [{8}, {1, 7}, {4, 6}, {5}, {2, 3}], [{8}, {2, 7}, {1, 6}, {3, 5}, {4}], [{8}, {2, 7}, {6}, {1, 5}, {3, 4}], [{8}, {2, 7}, {6}, {4, 5}, {1, 3}], [{8}, {3, 7}, {1, 6}, {2, 5}, {4}], [{8}, {3, 7}, {1, 6}, {4, 5}, {2}], [{8}, {3, 7}, {1, 6}, {5}, {2, 4}], [{8}, {3, 7}, {1, 6}, {5}, {4}, {2}], [{8}, {3, 7}, {2, 6}, {4, 5}, {1}], [{8}, {3, 7}, {5, 6}, {2, 4}, {1}], [{8}, {3, 7}, {6}, {1, 5}, {2, 4}], [{8}, {3, 7}, {6}, {4, 5}, {1, 2}], [{8}, {4, 7}, {2, 6}, {3, 5}, {1}], [{8}, {5, 7}, {1, 6}, {4}, {2, 3}], [{8}, {5, 7}, {2, 6}, {3, 4}, {1}], [{8}, {5, 7}, {3, 6}, {2, 4}, {1}], [{8}, {5, 7}, {4, 6}, {2, 3}, {1}], [{8}, {5, 7}, {6}, {1, 4}, {2, 3}], [{8}, {5, 7}, {6}, {4}, {2, 3}, {1}], [{8}, {6, 7}, {1, 5}, {2, 4}, {3}], [{8}, {6, 7}, {3, 5}, {2, 4}, {1}], [{8}, {6, 7}, {5}, {2, 4}, {1, 3}], [{8}, {6, 7}, {5}, {3, 4}, {1, 2}], [{8}, {7}, {2, 6}, {3, 5}, {1, 4}], [{8}, {7}, {3, 6}, {1, 5}, {2, 4}], [{8}, {7}, {4, 6}, {1, 5}, {2, 3}]]",2,8 K_1^3 - 10 K_1^2 - 12 K_1 K_2 + 5 K_2 + 4 K_3 + 6,O1O2O3U2O4U5U4U6O7O6U1O5U8U3O8U7,O1O2O3U2O4U5U4U6O7U8O5O8U3O6U1U7,O1O2O3U4U3O5U1O6O7U6O4U5U8U7O8U2,c,{'O1O2O3U4O5U1U5O6U3O7O4U7U8U6O8U2'},1,"<a href=""/flatknot/8.1101853"">8.1101853</a>",t^9-33t^7-74t^6+29t^5+124t^4+25t^3+34t^2+23t,t^2-2t,,
8.1101854,O1O2O3U4O5U1U5O6U3O7O4U8U2U6O8U7,4,3z^3+33z^2+109z+111,3w^4z^3+33w^3z^2+109w^2z+111w,False,False,"[[ 0 -2  0  1  0  1  1  1 -2],[ 2  0  2  2  0  1  1  0  1],[ 0 -2  0  1 -1  0  1  0 -1],[-1 -2 -1  0 -1  0  0  0 -2],[ 0  0  1  1  0  1  1  0 -1],[-1 -1  0  0 -1  0  0  0 -1],[-1 -1 -1  0 -1  0  0  0 -1],[-1  0  0  0  0  0  0  0 -1],[ 2 -1  1  2  1  1  1  1  0]]","[[ 0  1  1  1  1  0  0 -2 -2],[-1  0  0  0  0  0  0  0 -1],[-1  0  0  0  0  0 -1 -1 -1],[-1  0  0  0  0 -1 -1 -1 -1],[-1  0  0  0  0 -1 -1 -2 -2],[ 0  0  0  1  1  0 -1 -2 -1],[ 0  0  1  1  1  1  0  0 -1],[ 2  0  1  1  2  2  0  0  1],[ 2  1  1  1  2  1  1 -1  0]]",True,"[-1,-1,-1,-1,0,0,2,2,0,0,0,0,0,0,1,0,0,0,1,1,1,0,1,1,1,1,1,1,2,2,1,2,1,0,1,-1]","[-2,-2,0,0,1,1,1,1,-1,0,2,1,2,2,3,1,1,1,2,2,2,1,0,0,1,1,0,0,0,1,0,0,0,0,0,0]",t^8+26t^6+63t^4+20t^2+1,"[-2,-2,0,0,1,1,1,1,-1,0,2,1,2,2,3,1,1,1,2,2,2,1,0,0,1,1,0,0,0,1,0,0,0,0,0,0]","[-1,-1,-1,-1,0,0,2,2,0,0,0,0,0,1,1,0,0,0,0,2,2,0,0,1,2,2,1,1,2,3,1,1,2,1,0,-1]","[-2,-2,0,0,1,1,1,1,-1,1,1,1,1,1,2,0,2,0,1,1,2,1,0,1,1,1,0,0,1,1,0,0,0,0,0,0]",c,"[[{8, 5}, {2, 7}, {1, 6}, {3, 4}]]",1,8 K_1^3 - 12 K_1^2 - 12 K_1 K_2 + 6 K_2 + 4 K_3 + 7,O1O2O3U4O5U6U2U5O7O4U1O6U8U3O8U7,O1O2O3U1O4U5U2U6O7U8O5O8U3O6U4U7,O1O2O3U4U5O6U1O7O8U7O4U6U2U8O5U3,c,{'O1O2O3U4O5U1U5O6U3O7O4U8U2U6O8U7'},1,"<a href=""/flatknot/8.1101854"">8.1101854</a>",t^9-30t^7-56t^6+25t^5+56t^4-35t^3-18t^2+4t,2t^2-4t,,
8.1101855,O1O2O3U4O5U1U5O6U3O7O4U8U2U7O8U6,3,14z^2+75z+95,-2w^4z^2+16w^3z^2-6w^3z+81w^2z+95w,False,False,"[[ 0 -2  0  1  0  1  1  1 -2],[ 2  0  2  2  0  1  1  0  1],[ 0 -2  0  1 -1  0  1  0 -1],[-1 -2 -1  0 -1  0  0 -1 -1],[ 0  0  1  1  0  1  0  1 -1],[-1 -1  0  0 -1  0  0  0 -1],[-1 -1 -1  0  0  0  0  1 -2],[-1  0  0  1 -1  0 -1  0 -1],[ 2 -1  1  1  1  1  2  1  0]]","[[ 0  1  1  1  1  0  0 -2 -2],[-1  0  1  0  0  0 -1 -1 -2],[-1 -1  0  1  0 -1  0  0 -1],[-1  0 -1  0  0 -1 -1 -2 -1],[-1  0  0  0  0 -1  0 -1 -1],[ 0  0  1  1  1  0  1  0 -1],[ 0  1  0  1  0 -1  0 -2 -1],[ 2  1  0  2  1  0  2  0  1],[ 2  2  1  1  1  1  1 -1  0]]",True,"[-1,-1,-1,-1,0,0,2,2,-1,0,0,0,1,1,2,-1,0,1,0,0,1,0,1,1,2,1,1,0,1,1,-1,0,1,2,1,-1]","[-2,-2,0,0,1,1,1,1,-1,0,2,1,2,2,3,1,1,2,1,2,2,1,0,0,1,1,0,1,0,0,0,0,1,0,-1,0]",t^8+28t^6+144t^4+64t^2,"[-2,-2,0,0,1,1,1,1,-1,0,2,1,2,2,3,1,1,2,1,2,2,1,0,0,1,1,0,1,0,0,0,0,1,0,-1,0]","[-1,-1,-1,-1,0,0,2,2,-1,0,0,0,0,1,2,-1,0,0,1,3,2,0,1,0,2,1,0,1,2,2,1,2,1,0,1,1]","[-2,-2,0,0,1,1,1,1,-1,1,1,1,1,1,2,0,2,0,1,2,1,1,1,1,1,0,0,0,1,1,0,1,-1,0,0,0]",c,"[[{8, 1}, {2, 7}, {3, 6}, {4, 5}], [{8, 1}, {2, 7}, {4, 6}, {3, 5}], [{8, 1}, {2, 7}, {5, 6}, {3, 4}], [{8, 1}, {3, 7}, {2, 6}, {4, 5}], [{8, 1}, {3, 7}, {4, 6}, {2, 5}], [{8, 1}, {3, 7}, {5, 6}, {2, 4}], [{8, 1}, {3, 7}, {5, 6}, {4}, {2}], [{8, 1}, {4, 7}, {2, 6}, {3, 5}], [{8, 1}, {4, 7}, {3, 6}, {2, 5}], [{8, 1}, {4, 7}, {5, 6}, {2, 3}], [{8, 1}, {4, 7}, {6}, {3, 5}, {2}], [{8, 1}, {5, 7}, {2, 6}, {3, 4}], [{8, 1}, {5, 7}, {2, 6}, {4}, {3}], [{8, 1}, {5, 7}, {3, 6}, {2, 4}], [{8, 1}, {5, 7}, {3, 6}, {4}, {2}], [{8, 1}, {5, 7}, {4, 6}, {2, 3}], [{8, 1}, {5, 7}, {6}, {4}, {2, 3}], [{8, 1}, {6, 7}, {2, 5}, {3, 4}], [{8, 1}, {6, 7}, {3, 5}, {2, 4}], [{8, 1}, {6, 7}, {4, 5}, {2, 3}], [{8, 1}, {6, 7}, {5}, {2, 4}, {3}], [{8, 1}, {7}, {6}, {2, 5}, {3, 4}], [{8, 2}, {1, 7}, {3, 6}, {4, 5}], [{8, 2}, {1, 7}, {4, 6}, {3, 5}], [{8, 2}, {1, 7}, {5, 6}, {3, 4}], [{8, 2}, {3, 7}, {1, 6}, {4, 5}], [{8, 2}, {3, 7}, {4, 6}, {1, 5}], [{8, 2}, {3, 7}, {5, 6}, {1, 4}], [{8, 2}, {3, 7}, {5, 6}, {4}, {1}], [{8, 2}, {4, 7}, {1, 6}, {3, 5}], [{8, 2}, {4, 7}, {1, 6}, {5}, {3}], [{8, 2}, {4, 7}, {3, 6}, {1, 5}], [{8, 2}, {4, 7}, {5, 6}, {1, 3}], [{8, 2}, {5, 7}, {1, 6}, {3, 4}], [{8, 2}, {5, 7}, {3, 6}, {1, 4}], [{8, 2}, {5, 7}, {3, 6}, {4}, {1}], [{8, 2}, {5, 7}, {4, 6}, {1, 3}], [{8, 2}, {6, 7}, {1, 5}, {3, 4}], [{8, 2}, {6, 7}, {1, 5}, {4}, {3}], [{8, 2}, {6, 7}, {3, 5}, {1, 4}], [{8, 2}, {6, 7}, {4, 5}, {1, 3}], [{8, 3}, {1, 7}, {2, 6}, {4, 5}], [{8, 3}, {1, 7}, {4, 6}, {2, 5}], [{8, 3}, {1, 7}, {4, 6}, {5}, {2}], [{8, 3}, {1, 7}, {5, 6}, {2, 4}], [{8, 3}, {1, 7}, {6}, {2, 5}, {4}], [{8, 3}, {2, 7}, {1, 6}, {4, 5}], [{8, 3}, {2, 7}, {4, 6}, {1, 5}], [{8, 3}, {2, 7}, {4, 6}, {5}, {1}], [{8, 3}, {2, 7}, {5, 6}, {1, 4}], [{8, 3}, {2, 7}, {6}, {1, 5}, {4}], [{8, 3}, {4, 7}, {1, 6}, {2, 5}], [{8, 3}, {4, 7}, {2, 6}, {1, 5}], [{8, 3}, {4, 7}, {5, 6}, {1, 2}], [{8, 3}, {4, 7}, {6}, {1, 5}, {2}], [{8, 3}, {5, 7}, {1, 6}, {2, 4}], [{8, 3}, {5, 7}, {2, 6}, {1, 4}], [{8, 3}, {5, 7}, {4, 6}, {1, 2}], [{8, 3}, {5, 7}, {4, 6}, {2}, {1}], [{8, 3}, {5, 7}, {6}, {4}, {1, 2}], [{8, 3}, {6, 7}, {1, 5}, {2, 4}], [{8, 3}, {6, 7}, {1, 5}, {4}, {2}], [{8, 3}, {6, 7}, {2, 5}, {1, 4}], [{8, 3}, {6, 7}, {4, 5}, {1, 2}], [{8, 3}, {7}, {1, 6}, {5}, {2, 4}], [{8, 3}, {7}, {2, 6}, {1, 5}, {4}], [{8, 3}, {7}, {4, 6}, {1, 5}, {2}], [{8, 3}, {7}, {4, 6}, {2, 5}, {1}], [{8, 3}, {7}, {4, 6}, {5}, {1, 2}], [{8, 3}, {7}, {5, 6}, {2, 4}, {1}], [{8, 3}, {7}, {6}, {1, 5}, {2, 4}], [{8, 3}, {7}, {6}, {1, 5}, {4}, {2}], [{8, 4}, {1, 7}, {2, 6}, {3, 5}], [{8, 4}, {1, 7}, {3, 6}, {2, 5}], [{8, 4}, {1, 7}, {3, 6}, {5}, {2}], [{8, 4}, {1, 7}, {5, 6}, {2, 3}], [{8, 4}, {1, 7}, {6}, {2, 5}, {3}], [{8, 4}, {2, 7}, {1, 6}, {3, 5}], [{8, 4}, {2, 7}, {1, 6}, {5}, {3}], [{8, 4}, {2, 7}, {3, 6}, {1, 5}], [{8, 4}, {2, 7}, {3, 6}, {5}, {1}], [{8, 4}, {2, 7}, {5, 6}, {1, 3}], [{8, 4}, {2, 7}, {5, 6}, {3}, {1}], [{8, 4}, {2, 7}, {6}, {1, 5}, {3}], [{8, 4}, {2, 7}, {6}, {3, 5}, {1}], [{8, 4}, {2, 7}, {6}, {5}, {1, 3}], [{8, 4}, {2, 7}, {6}, {5}, {3}, {1}], [{8, 4}, {3, 7}, {1, 6}, {2, 5}], [{8, 4}, {3, 7}, {2, 6}, {1, 5}], [{8, 4}, {3, 7}, {5, 6}, {1, 2}], [{8, 4}, {3, 7}, {5, 6}, {2}, {1}], [{8, 4}, {5, 7}, {1, 6}, {2, 3}], [{8, 4}, {5, 7}, {2, 6}, {1, 3}], [{8, 4}, {5, 7}, {3, 6}, {1, 2}], [{8, 4}, {5, 7}, {3, 6}, {2}, {1}], [{8, 4}, {5, 7}, {6}, {3}, {1, 2}], [{8, 4}, {6, 7}, {1, 5}, {2, 3}], [{8, 4}, {6, 7}, {2, 5}, {1, 3}], [{8, 4}, {6, 7}, {3, 5}, {1, 2}], [{8, 4}, {7}, {3, 6}, {1, 5}, {2}], [{8, 4}, {7}, {3, 6}, {2, 5}, {1}], [{8, 4}, {7}, {3, 6}, {5}, {1, 2}], [{8, 4}, {7}, {5, 6}, {2, 3}, {1}], [{8, 5}, {1, 7}, {2, 6}, {3, 4}], [{8, 5}, {1, 7}, {3, 6}, {2, 4}], [{8, 5}, {1, 7}, {4, 6}, {2, 3}], [{8, 5}, {2, 7}, {1, 6}, {3, 4}], [{8, 5}, {2, 7}, {3, 6}, {1, 4}], [{8, 5}, {2, 7}, {4, 6}, {1, 3}], [{8, 5}, {2, 7}, {6}, {4}, {1, 3}], [{8, 5}, {3, 7}, {1, 6}, {2, 4}], [{8, 5}, {3, 7}, {2, 6}, {1, 4}], [{8, 5}, {3, 7}, {4, 6}, {1, 2}], [{8, 5}, {4, 7}, {1, 6}, {2, 3}], [{8, 5}, {4, 7}, {2, 6}, {1, 3}], [{8, 5}, {4, 7}, {3, 6}, {1, 2}], [{8, 5}, {4, 7}, {6}, {1, 3}, {2}], [{8, 5}, {6, 7}, {1, 4}, {2, 3}], [{8, 5}, {6, 7}, {2, 4}, {1, 3}], [{8, 5}, {6, 7}, {3, 4}, {1, 2}], [{8, 5}, {6, 7}, {4}, {1, 3}, {2}], [{8, 5}, {7}, {1, 6}, {2, 4}, {3}], [{8, 5}, {7}, {2, 6}, {4}, {1, 3}], [{8, 5}, {7}, {3, 6}, {2, 4}, {1}], [{8, 5}, {7}, {4, 6}, {1, 3}, {2}], [{8, 5}, {7}, {4, 6}, {2, 3}, {1}], [{8, 5}, {7}, {4, 6}, {3}, {1, 2}], [{8, 5}, {7}, {6}, {2, 4}, {1, 3}], [{8, 5}, {7}, {6}, {4}, {1, 3}, {2}], [{8, 6}, {1, 7}, {2, 5}, {3, 4}], [{8, 6}, {1, 7}, {2, 5}, {4}, {3}], [{8, 6}, {1, 7}, {3, 5}, {2, 4}], [{8, 6}, {1, 7}, {3, 5}, {4}, {2}], [{8, 6}, {1, 7}, {4, 5}, {2, 3}], [{8, 6}, {1, 7}, {4, 5}, {3}, {2}], [{8, 6}, {1, 7}, {5}, {2, 4}, {3}], [{8, 6}, {1, 7}, {5}, {3, 4}, {2}], [{8, 6}, {1, 7}, {5}, {4}, {2, 3}], [{8, 6}, {1, 7}, {5}, {4}, {3}, {2}], [{8, 6}, {2, 7}, {1, 5}, {3, 4}], [{8, 6}, {2, 7}, {1, 5}, {4}, {3}], [{8, 6}, {2, 7}, {3, 5}, {1, 4}], [{8, 6}, {2, 7}, {4, 5}, {1, 3}], [{8, 6}, {2, 7}, {5}, {3, 4}, {1}], [{8, 6}, {3, 7}, {1, 5}, {2, 4}], [{8, 6}, {3, 7}, {2, 5}, {1, 4}], [{8, 6}, {3, 7}, {4, 5}, {1, 2}], [{8, 6}, {4, 7}, {1, 5}, {2, 3}], [{8, 6}, {4, 7}, {2, 5}, {1, 3}], [{8, 6}, {4, 7}, {3, 5}, {1, 2}], [{8, 6}, {5, 7}, {1, 4}, {2, 3}], [{8, 6}, {5, 7}, {2, 4}, {1, 3}], [{8, 6}, {5, 7}, {3, 4}, {1, 2}], [{8, 6}, {5, 7}, {3, 4}, {2}, {1}], [{8, 6}, {5, 7}, {4}, {3}, {1, 2}], [{8, 6}, {7}, {1, 5}, {3, 4}, {2}], [{8, 6}, {7}, {2, 5}, {3, 4}, {1}], [{8, 6}, {7}, {5}, {3, 4}, {1, 2}], [{8, 7}, {1, 6}, {2, 5}, {3, 4}], [{8, 7}, {1, 6}, {2, 5}, {4}, {3}], [{8, 7}, {1, 6}, {3, 5}, {2, 4}], [{8, 7}, {1, 6}, {3, 5}, {4}, {2}], [{8, 7}, {1, 6}, {4, 5}, {2, 3}], [{8, 7}, {1, 6}, {4, 5}, {3}, {2}], [{8, 7}, {1, 6}, {5}, {2, 4}, {3}], [{8, 7}, {1, 6}, {5}, {3, 4}, {2}], [{8, 7}, {1, 6}, {5}, {4}, {2, 3}], [{8, 7}, {1, 6}, {5}, {4}, {3}, {2}], [{8, 7}, {2, 6}, {1, 5}, {3, 4}], [{8, 7}, {2, 6}, {3, 5}, {1, 4}], [{8, 7}, {2, 6}, {4, 5}, {1, 3}], [{8, 7}, {2, 6}, {5}, {1, 4}, {3}], [{8, 7}, {3, 6}, {1, 5}, {2, 4}], [{8, 7}, {3, 6}, {2, 5}, {1, 4}], [{8, 7}, {3, 6}, {4, 5}, {1, 2}], [{8, 7}, {3, 6}, {5}, {2, 4}, {1}], [{8, 7}, {4, 6}, {1, 5}, {2, 3}], [{8, 7}, {4, 6}, {2, 5}, {1, 3}], [{8, 7}, {4, 6}, {3, 5}, {1, 2}], [{8, 7}, {4, 6}, {5}, {3}, {1, 2}], [{8, 7}, {5, 6}, {1, 4}, {2, 3}], [{8, 7}, {5, 6}, {2, 4}, {1, 3}], [{8, 7}, {5, 6}, {2, 4}, {3}, {1}], [{8, 7}, {5, 6}, {3, 4}, {1, 2}], [{8, 7}, {6}, {1, 5}, {2, 4}, {3}], [{8, 7}, {6}, {2, 5}, {3, 4}, {1}], [{8, 7}, {6}, {3, 5}, {2, 4}, {1}], [{8, 7}, {6}, {4, 5}, {2, 3}, {1}], [{8, 7}, {6}, {5}, {2, 4}, {1, 3}], [{8, 7}, {6}, {5}, {2, 4}, {3}, {1}], [{8}, {1, 7}, {3, 6}, {2, 5}, {4}], [{8}, {1, 7}, {4, 6}, {2, 5}, {3}], [{8}, {1, 7}, {6}, {2, 5}, {3, 4}], [{8}, {2, 7}, {3, 6}, {1, 5}, {4}], [{8}, {2, 7}, {4, 6}, {1, 5}, {3}], [{8}, {2, 7}, {6}, {1, 5}, {3, 4}], [{8}, {2, 7}, {6}, {4, 5}, {1, 3}], [{8}, {3, 7}, {1, 6}, {5}, {2, 4}], [{8}, {3, 7}, {4, 6}, {5}, {1, 2}], [{8}, {3, 7}, {5, 6}, {1, 4}, {2}], [{8}, {3, 7}, {5, 6}, {2, 4}, {1}], [{8}, {3, 7}, {5, 6}, {4}, {1, 2}], [{8}, {3, 7}, {5, 6}, {4}, {2}, {1}], [{8}, {3, 7}, {6}, {1, 5}, {2, 4}], [{8}, {3, 7}, {6}, {4, 5}, {1, 2}], [{8}, {5, 7}, {1, 6}, {2, 4}, {3}], [{8}, {5, 7}, {3, 6}, {1, 4}, {2}], [{8}, {5, 7}, {3, 6}, {2, 4}, {1}], [{8}, {5, 7}, {3, 6}, {4}, {1, 2}], [{8}, {5, 7}, {3, 6}, {4}, {2}, {1}], [{8}, {5, 7}, {4, 6}, {3}, {1, 2}], [{8}, {5, 7}, {6}, {2, 4}, {1, 3}], [{8}, {5, 7}, {6}, {3, 4}, {1, 2}], [{8}, {6, 7}, {1, 5}, {4}, {2, 3}], [{8}, {6, 7}, {2, 5}, {3, 4}, {1}], [{8}, {6, 7}, {3, 5}, {1, 4}, {2}], [{8}, {7}, {1, 6}, {2, 5}, {3, 4}], [{8}, {7}, {1, 6}, {3, 5}, {2, 4}], [{8}, {7}, {1, 6}, {4, 5}, {2, 3}], [{8}, {7}, {1, 6}, {5}, {2, 4}, {3}], [{8}, {7}, {4, 6}, {3, 5}, {1, 2}], [{8}, {7}, {4, 6}, {5}, {3}, {1, 2}], [{8}, {7}, {6}, {2, 5}, {3, 4}, {1}]]",2,4 K_1^3 - 8 K_1^2 - 4 K_1 K_2 - K_1 + 4 K_2 + K_3 + 5,O1O2O3U4O5U6U2U5O7O6U1O4U8U3O8U7,O1O2O3U1O4U5U2U6O7U8O5O8U4O6U3U7,O1O2O3U4U1O5U6O7O8U7O4U5U2U8O6U3,c,{'O1O2O3U4O5U1U5O6U3O7O4U8U2U7O8U6'},1,"<a href=""/flatknot/8.1101855"">8.1101855</a>",t^9-32t^7-54t^6+92t^5+124t^4-124t^3-56t^2+20t+16,2t^2-4t,,
8.1101856,O1O2O3U4O5U1U5O6U3O7O4U8U6U2O8U7,3,9z^2+59z+83,-2w^4z^2+11w^3z^2+59w^2z+83w,False,False,"[[ 0 -2  1  1  0  1  0  1 -2],[ 2  0  2  2  0  1  0  0  1],[-1 -2  0  0 -1  0  0  0 -2],[-1 -2  0  0 -1  0  0  0 -2],[ 0  0  1  1  0  1  0  0 -1],[-1 -1  0  0 -1  0  0  0 -1],[ 0  0  0  0  0  0  0  0  0],[-1  0  0  0  0  0  0  0 -1],[ 2 -1  2  2  1  1  0  1  0]]","[[ 0  1  1  1  1  0 -2 -2],[-1  0  0  0  0  0  0 -1],[-1  0  0  0  0 -1 -1 -1],[-1  0  0  0  0 -1 -2 -2],[-1  0  0  0  0 -1 -2 -2],[ 0  0  1  1  1  0  0 -1],[ 2  0  1  2  2  0  0  1],[ 2  1  1  2  2  1 -1  0]]",False,"[-1,-1,-1,-1,0,2,2,0,0,0,0,0,1,0,0,1,1,1,0,1,2,2,1,2,2,0,1,-1]","[-2,-2,0,1,1,1,1,-1,1,1,1,2,2,0,0,1,2,2,0,1,1,1,0,0,0,0,0,0]",t^7+24t^5+38t^3+2t,"[-2,-2,0,1,1,1,1,-1,2,1,1,2,3,1,1,1,2,2,0,0,0,1,0,0,0,0,0,0]","[-1,-1,-1,-1,0,2,2,0,0,0,0,1,1,0,0,0,1,1,0,0,2,2,1,2,3,1,2,-1]","[-2,-2,0,1,1,1,1,-1,1,1,1,2,2,0,0,1,2,2,0,1,1,1,0,0,0,0,0,0]",c,"[[{8, 2}, {6, 7}, {4, 5}, {1, 3}], [{8, 2}, {7}, {6}, {4, 5}, {1, 3}], [{8, 3}, {6, 7}, {4, 5}, {1, 2}], [{8, 3}, {7}, {6}, {4, 5}, {1, 2}], [{8, 5}, {2, 7}, {1, 6}, {3, 4}], [{8, 5}, {2, 7}, {6}, {3, 4}, {1}], [{8, 5}, {3, 7}, {1, 6}, {2, 4}], [{8, 5}, {3, 7}, {6}, {2, 4}, {1}]]",1,8 K_1^3 - 24 K_1^2 - 16 K_1 K_2 + 2 K_1 + 12 K_2 + 6 K_3 + 13,O1O2O3U4O5U2U6U5O7O4U1O6U8U3O8U7,O1O2O3U1O4U5U3U6O7U8O5O8U2O6U4U7,O1O2O3U4U5O6U2O7O8U7O4U6U1U8O5U3,c,"{'O1O2O3U4O5U1U5U2O6O7O4U8U3U6O8U7', 'O1O2O3U4O5U1U5O6U3O7O4U8U6U2O8U7'}",2,"<a href=""/flatknot/8.1101856"">8.1101856</a>",t^8-28t^6-36t^5+24t^4+12t^3-4t^2,2t^2-4t,,
8.1101857,O1O2O3U4O5U1U5O6U3O7O4U8U6U7O8U2,4,2z^3+31z^2+108z+109,2w^4z^3+31w^3z^2+108w^2z+109w,False,False,"[[ 0 -2  1  1  0  1  0  1 -2],[ 2  0  2  2  0  1  0 -1  2],[-1 -2  0  0  0  0  0  1 -3],[-1 -2  0  0 -1  0  0  0 -2],[ 0  0  0  1  0  1  0  0  0],[-1 -1  0  0 -1  0  0  0 -1],[ 0  0  0  0  0  0  0  1 -1],[-1  1 -1  0  0  0 -1  0 -1],[ 2 -2  3  2  0  1  1  1  0]]","[[ 0  1  1  1  1  0  0 -2 -2],[-1  0  1  0  0  0  0 -2 -3],[-1 -1  0  0  0  0 -1  1 -1],[-1  0  0  0  0 -1  0 -1 -1],[-1  0  0  0  0 -1  0 -2 -2],[ 0  0  0  1  1  0  0  0  0],[ 0  0  1  0  0  0  0  0 -1],[ 2  2 -1  1  2  0  0  0  2],[ 2  3  1  1  2  0  1 -2  0]]",True,"[-1,-1,-1,-1,0,0,2,2,-1,0,0,0,0,2,3,0,0,0,1,-1,1,0,1,0,1,1,1,0,2,2,0,0,0,0,1,-2]","[-2,-2,0,0,1,1,1,1,-2,0,1,1,1,2,3,0,0,-1,1,2,2,0,0,1,1,0,1,0,0,0,0,0,-1,0,0,0]",t^8+34t^6+118t^4+54t^2,"[-2,-2,0,0,1,1,1,1,-2,2,2,1,1,2,4,1,2,0,1,2,2,0,1,1,1,0,1,0,0,1,0,0,-1,0,0,0]","[-1,-1,-1,-1,0,0,2,2,-1,0,0,0,1,2,4,0,0,1,1,0,1,0,1,0,1,1,1,0,2,2,0,1,2,2,2,-2]","[-2,-2,0,0,1,1,1,1,-2,0,1,1,1,2,3,0,0,-1,1,2,2,0,0,1,1,0,1,0,0,0,0,0,-1,0,0,0]",c,"[[{8, 1}, {2, 7}, {3, 6}, {4, 5}], [{8, 1}, {2, 7}, {4, 6}, {3, 5}], [{8, 1}, {2, 7}, {5, 6}, {3, 4}], [{8, 1}, {2, 7}, {6}, {5}, {3, 4}], [{8, 1}, {3, 7}, {2, 6}, {4, 5}], [{8, 1}, {3, 7}, {4, 6}, {2, 5}], [{8, 1}, {3, 7}, {5, 6}, {2, 4}], [{8, 1}, {3, 7}, {5, 6}, {4}, {2}], [{8, 1}, {4, 7}, {2, 6}, {3, 5}], [{8, 1}, {4, 7}, {3, 6}, {2, 5}], [{8, 1}, {4, 7}, {5, 6}, {2, 3}], [{8, 1}, {4, 7}, {6}, {3, 5}, {2}], [{8, 1}, {5, 7}, {2, 6}, {3, 4}], [{8, 1}, {5, 7}, {2, 6}, {4}, {3}], [{8, 1}, {5, 7}, {3, 6}, {2, 4}], [{8, 1}, {5, 7}, {4, 6}, {2, 3}], [{8, 1}, {6, 7}, {2, 5}, {3, 4}], [{8, 1}, {6, 7}, {3, 5}, {2, 4}], [{8, 1}, {6, 7}, {3, 5}, {4}, {2}], [{8, 1}, {6, 7}, {4, 5}, {2, 3}], [{8, 1}, {6, 7}, {5}, {2, 4}, {3}], [{8, 1}, {7}, {4, 6}, {3, 5}, {2}], [{8, 2}, {1, 7}, {3, 6}, {4, 5}], [{8, 2}, {1, 7}, {4, 6}, {3, 5}], [{8, 2}, {1, 7}, {5, 6}, {3, 4}], [{8, 2}, {1, 7}, {6}, {5}, {3, 4}], [{8, 2}, {3, 7}, {1, 6}, {4, 5}], [{8, 2}, {3, 7}, {4, 6}, {1, 5}], [{8, 2}, {3, 7}, {5, 6}, {1, 4}], [{8, 2}, {3, 7}, {5, 6}, {4}, {1}], [{8, 2}, {4, 7}, {1, 6}, {3, 5}], [{8, 2}, {4, 7}, {3, 6}, {1, 5}], [{8, 2}, {4, 7}, {5, 6}, {1, 3}], [{8, 2}, {5, 7}, {1, 6}, {3, 4}], [{8, 2}, {5, 7}, {1, 6}, {4}, {3}], [{8, 2}, {5, 7}, {3, 6}, {1, 4}], [{8, 2}, {5, 7}, {4, 6}, {1, 3}], [{8, 2}, {5, 7}, {6}, {3, 4}, {1}], [{8, 2}, {6, 7}, {1, 5}, {3, 4}], [{8, 2}, {6, 7}, {3, 5}, {1, 4}], [{8, 2}, {6, 7}, {4, 5}, {1, 3}], [{8, 2}, {7}, {3, 6}, {1, 5}, {4}], [{8, 2}, {7}, {4, 6}, {1, 5}, {3}], [{8, 2}, {7}, {6}, {1, 5}, {3, 4}], [{8, 2}, {7}, {6}, {3, 5}, {1, 4}], [{8, 2}, {7}, {6}, {4, 5}, {1, 3}], [{8, 3}, {1, 7}, {2, 6}, {4, 5}], [{8, 3}, {1, 7}, {4, 6}, {2, 5}], [{8, 3}, {1, 7}, {5, 6}, {2, 4}], [{8, 3}, {2, 7}, {1, 6}, {4, 5}], [{8, 3}, {2, 7}, {1, 6}, {5}, {4}], [{8, 3}, {2, 7}, {4, 6}, {1, 5}], [{8, 3}, {2, 7}, {5, 6}, {1, 4}], [{8, 3}, {4, 7}, {1, 6}, {2, 5}], [{8, 3}, {4, 7}, {1, 6}, {5}, {2}], [{8, 3}, {4, 7}, {2, 6}, {1, 5}], [{8, 3}, {4, 7}, {5, 6}, {1, 2}], [{8, 3}, {5, 7}, {1, 6}, {2, 4}], [{8, 3}, {5, 7}, {1, 6}, {4}, {2}], [{8, 3}, {5, 7}, {2, 6}, {1, 4}], [{8, 3}, {5, 7}, {4, 6}, {1, 2}], [{8, 3}, {5, 7}, {4, 6}, {2}, {1}], [{8, 3}, {5, 7}, {6}, {1, 4}, {2}], [{8, 3}, {6, 7}, {1, 5}, {2, 4}], [{8, 3}, {6, 7}, {2, 5}, {1, 4}], [{8, 3}, {6, 7}, {4, 5}, {1, 2}], [{8, 3}, {7}, {1, 6}, {2, 5}, {4}], [{8, 3}, {7}, {1, 6}, {4, 5}, {2}], [{8, 3}, {7}, {1, 6}, {5}, {2, 4}], [{8, 3}, {7}, {1, 6}, {5}, {4}, {2}], [{8, 3}, {7}, {2, 6}, {1, 5}, {4}], [{8, 3}, {7}, {5, 6}, {4}, {1, 2}], [{8, 4}, {1, 7}, {2, 6}, {3, 5}], [{8, 4}, {1, 7}, {3, 6}, {2, 5}], [{8, 4}, {1, 7}, {3, 6}, {5}, {2}], [{8, 4}, {1, 7}, {5, 6}, {2, 3}], [{8, 4}, {1, 7}, {5, 6}, {3}, {2}], [{8, 4}, {1, 7}, {6}, {3, 5}, {2}], [{8, 4}, {2, 7}, {1, 6}, {3, 5}], [{8, 4}, {2, 7}, {1, 6}, {5}, {3}], [{8, 4}, {2, 7}, {3, 6}, {1, 5}], [{8, 4}, {2, 7}, {5, 6}, {1, 3}], [{8, 4}, {3, 7}, {1, 6}, {2, 5}], [{8, 4}, {3, 7}, {2, 6}, {1, 5}], [{8, 4}, {3, 7}, {5, 6}, {1, 2}], [{8, 4}, {3, 7}, {5, 6}, {2}, {1}], [{8, 4}, {5, 7}, {1, 6}, {2, 3}], [{8, 4}, {5, 7}, {2, 6}, {1, 3}], [{8, 4}, {5, 7}, {3, 6}, {1, 2}], [{8, 4}, {6, 7}, {1, 5}, {2, 3}], [{8, 4}, {6, 7}, {2, 5}, {1, 3}], [{8, 4}, {6, 7}, {3, 5}, {1, 2}], [{8, 4}, {7}, {5, 6}, {1, 3}, {2}], [{8, 5}, {1, 7}, {2, 6}, {3, 4}], [{8, 5}, {1, 7}, {3, 6}, {2, 4}], [{8, 5}, {1, 7}, {3, 6}, {4}, {2}], [{8, 5}, {1, 7}, {4, 6}, {2, 3}], [{8, 5}, {2, 7}, {1, 6}, {3, 4}], [{8, 5}, {2, 7}, {3, 6}, {1, 4}], [{8, 5}, {2, 7}, {4, 6}, {1, 3}], [{8, 5}, {2, 7}, {6}, {3, 4}, {1}], [{8, 5}, {3, 7}, {1, 6}, {2, 4}], [{8, 5}, {3, 7}, {2, 6}, {1, 4}], [{8, 5}, {3, 7}, {4, 6}, {1, 2}], [{8, 5}, {3, 7}, {6}, {1, 4}, {2}], [{8, 5}, {4, 7}, {1, 6}, {2, 3}], [{8, 5}, {4, 7}, {2, 6}, {1, 3}], [{8, 5}, {4, 7}, {3, 6}, {1, 2}], [{8, 5}, {6, 7}, {1, 4}, {2, 3}], [{8, 5}, {6, 7}, {2, 4}, {1, 3}], [{8, 5}, {6, 7}, {3, 4}, {1, 2}], [{8, 5}, {7}, {1, 6}, {2, 4}, {3}], [{8, 5}, {7}, {2, 6}, {4}, {1, 3}], [{8, 5}, {7}, {4, 6}, {2, 3}, {1}], [{8, 6}, {1, 7}, {2, 5}, {3, 4}], [{8, 6}, {1, 7}, {3, 5}, {2, 4}], [{8, 6}, {1, 7}, {4, 5}, {2, 3}], [{8, 6}, {1, 7}, {5}, {4}, {2, 3}], [{8, 6}, {2, 7}, {1, 5}, {3, 4}], [{8, 6}, {2, 7}, {3, 5}, {1, 4}], [{8, 6}, {2, 7}, {4, 5}, {1, 3}], [{8, 6}, {2, 7}, {5}, {3, 4}, {1}], [{8, 6}, {3, 7}, {1, 5}, {2, 4}], [{8, 6}, {3, 7}, {2, 5}, {1, 4}], [{8, 6}, {3, 7}, {4, 5}, {1, 2}], [{8, 6}, {3, 7}, {5}, {1, 4}, {2}], [{8, 6}, {4, 7}, {1, 5}, {2, 3}], [{8, 6}, {4, 7}, {2, 5}, {1, 3}], [{8, 6}, {4, 7}, {3, 5}, {1, 2}], [{8, 6}, {5, 7}, {1, 4}, {2, 3}], [{8, 6}, {5, 7}, {2, 4}, {1, 3}], [{8, 6}, {5, 7}, {3, 4}, {1, 2}], [{8, 6}, {5, 7}, {4}, {1, 3}, {2}], [{8, 7}, {1, 6}, {2, 5}, {3, 4}], [{8, 7}, {1, 6}, {2, 5}, {4}, {3}], [{8, 7}, {1, 6}, {3, 5}, {2, 4}], [{8, 7}, {1, 6}, {4, 5}, {2, 3}], [{8, 7}, {2, 6}, {1, 5}, {3, 4}], [{8, 7}, {2, 6}, {1, 5}, {4}, {3}], [{8, 7}, {2, 6}, {3, 5}, {1, 4}], [{8, 7}, {2, 6}, {4, 5}, {1, 3}], [{8, 7}, {3, 6}, {1, 5}, {2, 4}], [{8, 7}, {3, 6}, {1, 5}, {4}, {2}], [{8, 7}, {3, 6}, {2, 5}, {1, 4}], [{8, 7}, {3, 6}, {2, 5}, {4}, {1}], [{8, 7}, {3, 6}, {4, 5}, {1, 2}], [{8, 7}, {3, 6}, {5}, {4}, {1, 2}], [{8, 7}, {4, 6}, {1, 5}, {2, 3}], [{8, 7}, {4, 6}, {1, 5}, {3}, {2}], [{8, 7}, {4, 6}, {2, 5}, {1, 3}], [{8, 7}, {4, 6}, {2, 5}, {3}, {1}], [{8, 7}, {4, 6}, {3, 5}, {1, 2}], [{8, 7}, {4, 6}, {5}, {3}, {1, 2}], [{8, 7}, {5, 6}, {1, 4}, {2, 3}], [{8, 7}, {5, 6}, {2, 4}, {1, 3}], [{8, 7}, {5, 6}, {3, 4}, {1, 2}], [{8, 7}, {5, 6}, {4}, {3}, {1, 2}], [{8, 7}, {6}, {1, 5}, {2, 4}, {3}], [{8, 7}, {6}, {1, 5}, {3, 4}, {2}], [{8, 7}, {6}, {1, 5}, {4}, {2, 3}], [{8, 7}, {6}, {1, 5}, {4}, {3}, {2}], [{8, 7}, {6}, {2, 5}, {1, 4}, {3}], [{8, 7}, {6}, {2, 5}, {3, 4}, {1}], [{8, 7}, {6}, {2, 5}, {4}, {1, 3}], [{8, 7}, {6}, {2, 5}, {4}, {3}, {1}], [{8, 7}, {6}, {3, 5}, {1, 4}, {2}], [{8, 7}, {6}, {3, 5}, {2, 4}, {1}], [{8, 7}, {6}, {3, 5}, {4}, {1, 2}], [{8, 7}, {6}, {4, 5}, {1, 3}, {2}], [{8, 7}, {6}, {4, 5}, {2, 3}, {1}], [{8, 7}, {6}, {4, 5}, {3}, {1, 2}], [{8, 7}, {6}, {5}, {1, 4}, {2, 3}], [{8, 7}, {6}, {5}, {2, 4}, {1, 3}], [{8, 7}, {6}, {5}, {3, 4}, {1, 2}], [{8, 7}, {6}, {5}, {4}, {3}, {1, 2}], [{8}, {1, 7}, {3, 6}, {4, 5}, {2}], [{8}, {2, 7}, {1, 6}, {5}, {3, 4}], [{8}, {2, 7}, {3, 6}, {1, 5}, {4}], [{8}, {2, 7}, {4, 6}, {1, 5}, {3}], [{8}, {2, 7}, {5, 6}, {3, 4}, {1}], [{8}, {2, 7}, {6}, {1, 5}, {3, 4}], [{8}, {2, 7}, {6}, {3, 5}, {1, 4}], [{8}, {2, 7}, {6}, {4, 5}, {1, 3}], [{8}, {3, 7}, {1, 6}, {2, 5}, {4}], [{8}, {3, 7}, {2, 6}, {1, 5}, {4}], [{8}, {3, 7}, {5, 6}, {1, 4}, {2}], [{8}, {3, 7}, {5, 6}, {2, 4}, {1}], [{8}, {3, 7}, {5, 6}, {4}, {1, 2}], [{8}, {3, 7}, {5, 6}, {4}, {2}, {1}], [{8}, {4, 7}, {5, 6}, {2, 3}, {1}], [{8}, {5, 7}, {1, 6}, {4}, {2, 3}], [{8}, {5, 7}, {3, 6}, {2, 4}, {1}], [{8}, {7}, {1, 6}, {3, 5}, {2, 4}]]",2,16 K_1^3 - 12 K_1^2 - 16 K_1 K_2 - 4 K_1 + 6 K_2 + 4 K_3 + 7,O1O2O3U2O4U5U6U4O7O5U1O6U8U3O8U7,O1O2O3U1O4U5U4U6O7U8O5O8U2O6U3U7,O1O2O3U4U1O5U2O6O7U6O4U5U8U7O8U3,c,{'O1O2O3U4O5U1U5O6U3O7O4U8U6U7O8U2'},1,"<a href=""/flatknot/8.1101857"">8.1101857</a>",t^9-38t^7-74t^6+70t^5+174t^4+30t^3-52t^2-15t-4,2t^2-4t,,
8.1101858,O1O2O3U4O5U1U5O6U3O7O4U8U7U2O8U6,4,z^3+19z^2+85z+103,w^4z^3+19w^3z^2+85w^2z+103w,False,False,"[[ 0 -2  1  1  0  1  1  0 -2],[ 2  0  2  2  0  1  1 -1  1],[-1 -2  0  1 -1  0  0 -1 -2],[-1 -2 -1  0 -1  0  0 -1 -1],[ 0  0  1  1  0  1  0  0 -1],[-1 -1  0  0 -1  0  0  0 -1],[-1 -1  0  0  0  0  0  1 -2],[ 0  1  1  1  0  0 -1  0  0],[ 2 -1  2  1  1  1  2  0  0]]","[[ 0  1  1  1  1  0  0 -2 -2],[-1  0  1  0  0 -1 -1 -2 -2],[-1 -1  0  0  0 -1 -1 -1 -2],[-1  0  0  0  0  1  0 -2 -1],[-1  0  0  0  0  0 -1 -1 -1],[ 0  1  1 -1  0  0  0  0  1],[ 0  1  1  0  1  0  0 -1  0],[ 2  2  1  2  1  0  1  0 -1],[ 2  2  2  1  1 -1  0  1  0]]",True,"[-1,-1,-1,-1,0,0,2,2,-1,0,0,1,1,2,2,0,0,1,1,1,2,0,-1,0,2,1,0,1,1,1,0,0,-1,1,0,1]","[-2,-2,0,0,1,1,1,1,-1,0,1,1,1,2,2,-1,0,1,2,1,2,0,0,1,-1,1,1,1,0,1,0,0,0,0,-1,0]",t^8+30t^6+152t^4+72t^2+4,"[-2,-2,0,0,1,1,1,1,-1,2,3,1,1,2,2,1,2,1,2,1,2,0,0,0,1,0,0,0,2,1,-1,0,0,0,0,0]","[-1,-1,-1,-1,0,0,2,2,-1,0,0,0,0,1,2,0,0,0,0,1,1,0,0,1,2,2,1,2,2,1,0,2,1,3,2,1]","[-2,-2,0,0,1,1,1,1,-1,0,1,1,1,2,2,-1,0,1,2,1,2,0,0,1,-1,1,1,1,0,1,0,0,0,0,-1,0]",c,"[[{8, 4}, {1, 7}, {3, 6}, {2, 5}], [{8, 6}, {1, 7}, {2, 5}, {3, 4}], [{8, 7}, {1, 6}, {2, 5}, {3, 4}], [{8, 7}, {3, 6}, {2, 5}, {1, 4}]]",1,- 8 K_1^2 - 4 K_1 K_2 + 2 K_1 + 4 K_2 + 2 K_3 + 5,O1O2O3U4O5U2U6U5O7O6U1O4U8U3O8U7,O1O2O3U1O4U5U3U6O7U8O5O8U4O6U2U7,O1O2O3U4U2O5U6O7O8U7O4U5U1U8O6U3,c,{'O1O2O3U4O5U1U5O6U3O7O4U8U7U2O8U6'},1,"<a href=""/flatknot/8.1101858"">8.1101858</a>",t^9-34t^7-58t^6+96t^5+162t^4-95t^3-118t^2+28t+10,2t^2-4t,,
8.1101859,O1O2O3U4O5U1U5O6U3O7O4U8U7U6O8U2,4,4z^3+35z^2+104z+101,4w^4z^3+35w^3z^2+104w^2z+101w,False,False,"[[ 0 -2  1  1  0  1  1  0 -2],[ 2  0  2  2  0  1  0 -1  2],[-1 -2  0  0  0  0  1  0 -3],[-1 -2  0  0 -1  0  0 -1 -2],[ 0  0  0  1  0  1  0  0  0],[-1 -1  0  0 -1  0  0  0 -1],[-1  0 -1  0  0  0  0  0 -2],[ 0  1  0  1  0  0  0  0  0],[ 2 -2  3  2  0  1  2  0  0]]","[[ 0  1  1  1  1  0  0 -2 -2],[-1  0  1  0  0  0  0 -2 -3],[-1 -1  0  0  0  0  0  0 -2],[-1  0  0  0  0  0 -1 -1 -1],[-1  0  0  0  0 -1 -1 -2 -2],[ 0  0  0  0  1  0  0  1  0],[ 0  0  0  1  1  0  0  0  0],[ 2  2  0  1  2 -1  0  0  2],[ 2  3  2  1  2  0  0 -2  0]]",True,"[-1,-1,-1,-1,0,0,2,2,-1,0,0,0,0,2,3,0,0,0,0,0,2,0,0,1,1,1,1,1,2,2,0,-1,0,0,0,-2]","[-2,-2,0,0,1,1,1,1,-2,0,0,1,2,2,3,-1,0,1,0,2,2,0,0,0,1,0,1,0,1,0,0,0,0,0,-1,0]",t^8+36t^6+139t^4+78t^2+1,"[-2,-2,0,0,1,1,1,1,-2,2,3,1,1,2,3,2,2,0,1,2,1,0,1,0,0,1,1,0,1,1,0,0,-1,0,0,0]","[-1,-1,-1,-1,0,0,2,2,-1,0,0,1,1,1,3,0,0,1,1,0,1,0,0,0,1,1,0,1,2,2,0,2,2,2,3,-2]","[-2,-2,0,0,1,1,1,1,-2,0,0,1,2,2,3,-1,0,1,0,2,2,0,0,0,1,0,1,0,1,0,0,0,0,0,-1,0]",c,"[[{8, 1}, {2, 7}, {3, 6}, {4, 5}], [{8, 1}, {2, 7}, {4, 6}, {3, 5}], [{8, 1}, {2, 7}, {5, 6}, {3, 4}], [{8, 1}, {2, 7}, {6}, {5}, {3, 4}], [{8, 1}, {3, 7}, {2, 6}, {4, 5}], [{8, 1}, {3, 7}, {4, 6}, {2, 5}], [{8, 1}, {3, 7}, {5, 6}, {2, 4}], [{8, 1}, {3, 7}, {5, 6}, {4}, {2}], [{8, 1}, {3, 7}, {6}, {5}, {2, 4}], [{8, 1}, {4, 7}, {2, 6}, {3, 5}], [{8, 1}, {4, 7}, {3, 6}, {2, 5}], [{8, 1}, {4, 7}, {5, 6}, {2, 3}], [{8, 1}, {4, 7}, {6}, {5}, {2, 3}], [{8, 1}, {5, 7}, {2, 6}, {3, 4}], [{8, 1}, {5, 7}, {3, 6}, {2, 4}], [{8, 1}, {5, 7}, {4, 6}, {2, 3}], [{8, 1}, {6, 7}, {2, 5}, {3, 4}], [{8, 1}, {6, 7}, {3, 5}, {2, 4}], [{8, 1}, {6, 7}, {3, 5}, {4}, {2}], [{8, 1}, {6, 7}, {4, 5}, {2, 3}], [{8, 2}, {1, 7}, {3, 6}, {4, 5}], [{8, 2}, {1, 7}, {4, 6}, {3, 5}], [{8, 2}, {1, 7}, {5, 6}, {3, 4}], [{8, 2}, {3, 7}, {1, 6}, {4, 5}], [{8, 2}, {3, 7}, {4, 6}, {1, 5}], [{8, 2}, {3, 7}, {5, 6}, {1, 4}], [{8, 2}, {3, 7}, {5, 6}, {4}, {1}], [{8, 2}, {4, 7}, {1, 6}, {3, 5}], [{8, 2}, {4, 7}, {3, 6}, {1, 5}], [{8, 2}, {4, 7}, {5, 6}, {1, 3}], [{8, 2}, {4, 7}, {5, 6}, {3}, {1}], [{8, 2}, {5, 7}, {1, 6}, {3, 4}], [{8, 2}, {5, 7}, {3, 6}, {1, 4}], [{8, 2}, {5, 7}, {4, 6}, {1, 3}], [{8, 2}, {6, 7}, {1, 5}, {3, 4}], [{8, 2}, {6, 7}, {3, 5}, {1, 4}], [{8, 2}, {6, 7}, {4, 5}, {1, 3}], [{8, 2}, {7}, {3, 6}, {1, 5}, {4}], [{8, 2}, {7}, {5, 6}, {3, 4}, {1}], [{8, 3}, {1, 7}, {2, 6}, {4, 5}], [{8, 3}, {1, 7}, {4, 6}, {2, 5}], [{8, 3}, {1, 7}, {5, 6}, {2, 4}], [{8, 3}, {1, 7}, {6}, {2, 5}, {4}], [{8, 3}, {2, 7}, {1, 6}, {4, 5}], [{8, 3}, {2, 7}, {4, 6}, {1, 5}], [{8, 3}, {2, 7}, {5, 6}, {1, 4}], [{8, 3}, {2, 7}, {5, 6}, {4}, {1}], [{8, 3}, {4, 7}, {1, 6}, {2, 5}], [{8, 3}, {4, 7}, {2, 6}, {1, 5}], [{8, 3}, {4, 7}, {5, 6}, {1, 2}], [{8, 3}, {4, 7}, {5, 6}, {2}, {1}], [{8, 3}, {5, 7}, {1, 6}, {2, 4}], [{8, 3}, {5, 7}, {2, 6}, {1, 4}], [{8, 3}, {5, 7}, {4, 6}, {1, 2}], [{8, 3}, {5, 7}, {6}, {2, 4}, {1}], [{8, 3}, {6, 7}, {1, 5}, {2, 4}], [{8, 3}, {6, 7}, {2, 5}, {1, 4}], [{8, 3}, {6, 7}, {4, 5}, {1, 2}], [{8, 3}, {6, 7}, {5}, {2, 4}, {1}], [{8, 3}, {7}, {2, 6}, {1, 5}, {4}], [{8, 3}, {7}, {4, 6}, {5}, {1, 2}], [{8, 3}, {7}, {5, 6}, {2, 4}, {1}], [{8, 4}, {1, 7}, {2, 6}, {3, 5}], [{8, 4}, {1, 7}, {3, 6}, {2, 5}], [{8, 4}, {1, 7}, {3, 6}, {5}, {2}], [{8, 4}, {1, 7}, {5, 6}, {2, 3}], [{8, 4}, {1, 7}, {5, 6}, {3}, {2}], [{8, 4}, {1, 7}, {6}, {3, 5}, {2}], [{8, 4}, {2, 7}, {1, 6}, {3, 5}], [{8, 4}, {2, 7}, {3, 6}, {1, 5}], [{8, 4}, {2, 7}, {3, 6}, {5}, {1}], [{8, 4}, {2, 7}, {5, 6}, {1, 3}], [{8, 4}, {2, 7}, {5, 6}, {3}, {1}], [{8, 4}, {2, 7}, {6}, {3, 5}, {1}], [{8, 4}, {3, 7}, {1, 6}, {2, 5}], [{8, 4}, {3, 7}, {1, 6}, {5}, {2}], [{8, 4}, {3, 7}, {2, 6}, {1, 5}], [{8, 4}, {3, 7}, {2, 6}, {5}, {1}], [{8, 4}, {3, 7}, {5, 6}, {1, 2}], [{8, 4}, {3, 7}, {5, 6}, {2}, {1}], [{8, 4}, {3, 7}, {6}, {1, 5}, {2}], [{8, 4}, {3, 7}, {6}, {2, 5}, {1}], [{8, 4}, {3, 7}, {6}, {5}, {1, 2}], [{8, 4}, {5, 7}, {1, 6}, {2, 3}], [{8, 4}, {5, 7}, {2, 6}, {1, 3}], [{8, 4}, {5, 7}, {3, 6}, {1, 2}], [{8, 4}, {5, 7}, {6}, {3}, {1, 2}], [{8, 4}, {6, 7}, {1, 5}, {2, 3}], [{8, 4}, {6, 7}, {2, 5}, {1, 3}], [{8, 4}, {6, 7}, {3, 5}, {1, 2}], [{8, 4}, {6, 7}, {5}, {3}, {1, 2}], [{8, 4}, {7}, {1, 6}, {2, 5}, {3}], [{8, 4}, {7}, {2, 6}, {1, 5}, {3}], [{8, 4}, {7}, {3, 6}, {5}, {1, 2}], [{8, 4}, {7}, {5, 6}, {1, 3}, {2}], [{8, 4}, {7}, {5, 6}, {2, 3}, {1}], [{8, 4}, {7}, {5, 6}, {3}, {1, 2}], [{8, 4}, {7}, {5, 6}, {3}, {2}, {1}], [{8, 4}, {7}, {6}, {3, 5}, {1, 2}], [{8, 4}, {7}, {6}, {5}, {3}, {1, 2}], [{8, 5}, {1, 7}, {2, 6}, {3, 4}], [{8, 5}, {1, 7}, {3, 6}, {2, 4}], [{8, 5}, {1, 7}, {4, 6}, {2, 3}], [{8, 5}, {2, 7}, {1, 6}, {3, 4}], [{8, 5}, {2, 7}, {3, 6}, {1, 4}], [{8, 5}, {2, 7}, {4, 6}, {1, 3}], [{8, 5}, {2, 7}, {6}, {1, 4}, {3}], [{8, 5}, {3, 7}, {1, 6}, {2, 4}], [{8, 5}, {3, 7}, {2, 6}, {1, 4}], [{8, 5}, {3, 7}, {4, 6}, {1, 2}], [{8, 5}, {3, 7}, {6}, {1, 4}, {2}], [{8, 5}, {4, 7}, {1, 6}, {2, 3}], [{8, 5}, {4, 7}, {2, 6}, {1, 3}], [{8, 5}, {4, 7}, {3, 6}, {1, 2}], [{8, 5}, {6, 7}, {1, 4}, {2, 3}], [{8, 5}, {6, 7}, {2, 4}, {1, 3}], [{8, 5}, {6, 7}, {3, 4}, {1, 2}], [{8, 5}, {7}, {6}, {1, 4}, {2, 3}], [{8, 6}, {1, 7}, {2, 5}, {3, 4}], [{8, 6}, {1, 7}, {2, 5}, {4}, {3}], [{8, 6}, {1, 7}, {3, 5}, {2, 4}], [{8, 6}, {1, 7}, {3, 5}, {4}, {2}], [{8, 6}, {1, 7}, {4, 5}, {2, 3}], [{8, 6}, {1, 7}, {5}, {4}, {2, 3}], [{8, 6}, {2, 7}, {1, 5}, {3, 4}], [{8, 6}, {2, 7}, {3, 5}, {1, 4}], [{8, 6}, {2, 7}, {4, 5}, {1, 3}], [{8, 6}, {3, 7}, {1, 5}, {2, 4}], [{8, 6}, {3, 7}, {2, 5}, {1, 4}], [{8, 6}, {3, 7}, {4, 5}, {1, 2}], [{8, 6}, {3, 7}, {5}, {1, 4}, {2}], [{8, 6}, {4, 7}, {1, 5}, {2, 3}], [{8, 6}, {4, 7}, {2, 5}, {1, 3}], [{8, 6}, {4, 7}, {3, 5}, {1, 2}], [{8, 6}, {5, 7}, {1, 4}, {2, 3}], [{8, 6}, {5, 7}, {2, 4}, {1, 3}], [{8, 6}, {5, 7}, {2, 4}, {3}, {1}], [{8, 6}, {5, 7}, {3, 4}, {1, 2}], [{8, 6}, {5, 7}, {3, 4}, {2}, {1}], [{8, 6}, {5, 7}, {4}, {2, 3}, {1}], [{8, 6}, {7}, {1, 5}, {4}, {2, 3}], [{8, 6}, {7}, {5}, {2, 4}, {1, 3}], [{8, 6}, {7}, {5}, {3, 4}, {1, 2}], [{8, 7}, {1, 6}, {2, 5}, {3, 4}], [{8, 7}, {1, 6}, {3, 5}, {2, 4}], [{8, 7}, {1, 6}, {4, 5}, {2, 3}], [{8, 7}, {1, 6}, {5}, {3, 4}, {2}], [{8, 7}, {2, 6}, {1, 5}, {3, 4}], [{8, 7}, {2, 6}, {1, 5}, {4}, {3}], [{8, 7}, {2, 6}, {3, 5}, {1, 4}], [{8, 7}, {2, 6}, {4, 5}, {1, 3}], [{8, 7}, {3, 6}, {1, 5}, {2, 4}], [{8, 7}, {3, 6}, {2, 5}, {1, 4}], [{8, 7}, {3, 6}, {4, 5}, {1, 2}], [{8, 7}, {4, 6}, {1, 5}, {2, 3}], [{8, 7}, {4, 6}, {2, 5}, {1, 3}], [{8, 7}, {4, 6}, {3, 5}, {1, 2}], [{8, 7}, {5, 6}, {1, 4}, {2, 3}], [{8, 7}, {5, 6}, {2, 4}, {1, 3}], [{8, 7}, {5, 6}, {2, 4}, {3}, {1}], [{8, 7}, {5, 6}, {3, 4}, {1, 2}], [{8, 7}, {5, 6}, {3, 4}, {2}, {1}], [{8, 7}, {5, 6}, {4}, {2, 3}, {1}], [{8, 7}, {6}, {1, 5}, {3, 4}, {2}], [{8}, {1, 7}, {3, 6}, {2, 5}, {4}], [{8}, {1, 7}, {4, 6}, {3, 5}, {2}], [{8}, {2, 7}, {5, 6}, {3, 4}, {1}], [{8}, {3, 7}, {1, 6}, {2, 5}, {4}], [{8}, {3, 7}, {2, 6}, {1, 5}, {4}], [{8}, {3, 7}, {5, 6}, {1, 4}, {2}], [{8}, {3, 7}, {5, 6}, {2, 4}, {1}], [{8}, {3, 7}, {5, 6}, {4}, {1, 2}], [{8}, {3, 7}, {5, 6}, {4}, {2}, {1}], [{8}, {4, 7}, {2, 6}, {1, 5}, {3}], [{8}, {4, 7}, {5, 6}, {2, 3}, {1}], [{8}, {5, 7}, {3, 6}, {2, 4}, {1}], [{8}, {6, 7}, {2, 5}, {3, 4}, {1}], [{8}, {7}, {1, 6}, {3, 5}, {2, 4}], [{8}, {7}, {2, 6}, {1, 5}, {3, 4}], [{8}, {7}, {2, 6}, {1, 5}, {4}, {3}], [{8}, {7}, {4, 6}, {2, 5}, {1, 3}]]",2,12 K_1^3 - 16 K_1^2 - 16 K_1 K_2 - K_1 + 8 K_2 + 5 K_3 + 9,O1O2O3U2O4U5U6U4O7O6U1O5U8U3O8U7,O1O2O3U1O4U5U4U6O7U8O5O8U3O6U2U7,O1O2O3U4U2O5U1O6O7U6O4U5U8U7O8U3,c,{'O1O2O3U4O5U1U5O6U3O7O4U8U7U6O8U2'},1,"<a href=""/flatknot/8.1101859"">8.1101859</a>",t^9-40t^7-74t^6+131t^5+242t^4-35t^3-98t^2+19t+24,2t^2-4t,,
8.1101860,O1O2O3U4O5U1U5O6U7O8O4U6U8U2O7U3,3,14z^2+79z+103,14w^3z^2-4w^3z+83w^2z+103w,False,False,"[[ 0 -2  1  2  0  1 -1 -1  0],[ 2  0  1  2  1  1 -1  2 -1],[-1 -1  0  0  1  0 -2 -1  0],[-2 -2  0  0 -1  0 -1 -2  0],[ 0 -1 -1  1  0  1 -1  0 -1],[-1 -1  0  0 -1  0  0 -1  0],[ 1  1  2  1  1  0  0  0  1],[ 1 -2  1  2  0  1  0  0  0],[ 0  1  0  0  1  0 -1  0  0]]","[[ 0  2  1  1  0  0 -1 -1 -2],[-2  0  0  0  0 -1 -1 -2 -2],[-1  0  0  0  0  1 -2 -1 -1],[-1  0  0  0  0 -1  0 -1 -1],[ 0  0  0  0  0  1 -1  0  1],[ 0  1 -1  1 -1  0 -1  0 -1],[ 1  1  2  0  1  1  0  0  1],[ 1  2  1  1  0  0  0  0 -2],[ 2  2  1  1 -1  1 -1  2  0]]",True,"[-2,-1,-1,0,0,1,1,2,0,0,0,1,1,2,2,0,0,-1,2,1,1,0,1,0,1,1,-1,1,0,-1,1,0,1,0,-1,2]","[-2,-1,-1,0,0,1,1,2,-1,2,-1,1,1,1,2,0,1,1,0,2,1,0,0,1,1,2,1,0,0,0,1,-1,1,0,0,0]",t^8+30t^6+189t^4+104t^2,"[-2,-1,-1,0,0,1,1,2,-1,2,1,3,2,2,2,0,1,1,1,1,1,0,0,0,2,2,1,2,0,1,1,1,2,0,1,1]","[-2,-1,-1,0,0,1,1,2,1,1,1,2,1,2,2,0,0,1,1,2,2,2,1,1,0,2,-1,1,0,1,1,0,3,0,-1,2]","[-2,-1,-1,0,0,1,1,2,-1,2,-1,1,1,1,2,0,1,1,0,2,1,0,0,1,1,2,1,0,0,0,1,-1,1,0,0,0]",c,"[[{8, 1}, {2, 7}, {3, 6}, {4, 5}], [{8, 1}, {2, 7}, {4, 6}, {3, 5}], [{8, 1}, {2, 7}, {4, 6}, {5}, {3}], [{8, 1}, {2, 7}, {5, 6}, {3, 4}], [{8, 1}, {3, 7}, {2, 6}, {4, 5}], [{8, 1}, {3, 7}, {4, 6}, {2, 5}], [{8, 1}, {3, 7}, {4, 6}, {5}, {2}], [{8, 1}, {3, 7}, {5, 6}, {2, 4}], [{8, 1}, {3, 7}, {6}, {2, 5}, {4}], [{8, 1}, {4, 7}, {2, 6}, {3, 5}], [{8, 1}, {4, 7}, {2, 6}, {5}, {3}], [{8, 1}, {4, 7}, {3, 6}, {2, 5}], [{8, 1}, {4, 7}, {3, 6}, {5}, {2}], [{8, 1}, {4, 7}, {5, 6}, {2, 3}], [{8, 1}, {4, 7}, {5, 6}, {3}, {2}], [{8, 1}, {4, 7}, {6}, {2, 5}, {3}], [{8, 1}, {4, 7}, {6}, {3, 5}, {2}], [{8, 1}, {4, 7}, {6}, {5}, {2, 3}], [{8, 1}, {4, 7}, {6}, {5}, {3}, {2}], [{8, 1}, {5, 7}, {2, 6}, {3, 4}], [{8, 1}, {5, 7}, {3, 6}, {2, 4}], [{8, 1}, {5, 7}, {4, 6}, {2, 3}], [{8, 1}, {5, 7}, {4, 6}, {3}, {2}], [{8, 1}, {5, 7}, {6}, {4}, {2, 3}], [{8, 1}, {6, 7}, {2, 5}, {3, 4}], [{8, 1}, {6, 7}, {2, 5}, {4}, {3}], [{8, 1}, {6, 7}, {3, 5}, {2, 4}], [{8, 1}, {6, 7}, {3, 5}, {4}, {2}], [{8, 1}, {6, 7}, {4, 5}, {2, 3}], [{8, 1}, {6, 7}, {4, 5}, {3}, {2}], [{8, 1}, {6, 7}, {5}, {2, 4}, {3}], [{8, 1}, {6, 7}, {5}, {3, 4}, {2}], [{8, 1}, {6, 7}, {5}, {4}, {2, 3}], [{8, 1}, {6, 7}, {5}, {4}, {3}, {2}], [{8, 1}, {7}, {3, 6}, {2, 5}, {4}], [{8, 1}, {7}, {4, 6}, {2, 5}, {3}], [{8, 1}, {7}, {4, 6}, {3, 5}, {2}], [{8, 1}, {7}, {4, 6}, {5}, {2, 3}], [{8, 1}, {7}, {4, 6}, {5}, {3}, {2}], [{8, 1}, {7}, {5, 6}, {4}, {2, 3}], [{8, 1}, {7}, {6}, {2, 5}, {3, 4}], [{8, 1}, {7}, {6}, {4, 5}, {2, 3}], [{8, 2}, {1, 7}, {3, 6}, {4, 5}], [{8, 2}, {1, 7}, {4, 6}, {3, 5}], [{8, 2}, {1, 7}, {4, 6}, {5}, {3}], [{8, 2}, {1, 7}, {5, 6}, {3, 4}], [{8, 2}, {3, 7}, {1, 6}, {4, 5}], [{8, 2}, {3, 7}, {4, 6}, {1, 5}], [{8, 2}, {3, 7}, {4, 6}, {5}, {1}], [{8, 2}, {3, 7}, {5, 6}, {1, 4}], [{8, 2}, {3, 7}, {6}, {1, 5}, {4}], [{8, 2}, {4, 7}, {1, 6}, {3, 5}], [{8, 2}, {4, 7}, {3, 6}, {1, 5}], [{8, 2}, {4, 7}, {3, 6}, {5}, {1}], [{8, 2}, {4, 7}, {5, 6}, {1, 3}], [{8, 2}, {4, 7}, {6}, {1, 5}, {3}], [{8, 2}, {5, 7}, {1, 6}, {3, 4}], [{8, 2}, {5, 7}, {3, 6}, {1, 4}], [{8, 2}, {5, 7}, {4, 6}, {1, 3}], [{8, 2}, {5, 7}, {4, 6}, {3}, {1}], [{8, 2}, {6, 7}, {1, 5}, {3, 4}], [{8, 2}, {6, 7}, {1, 5}, {4}, {3}], [{8, 2}, {6, 7}, {3, 5}, {1, 4}], [{8, 2}, {6, 7}, {4, 5}, {1, 3}], [{8, 2}, {6, 7}, {5}, {3, 4}, {1}], [{8, 2}, {7}, {3, 6}, {1, 5}, {4}], [{8, 2}, {7}, {4, 6}, {1, 5}, {3}], [{8, 2}, {7}, {4, 6}, {3, 5}, {1}], [{8, 2}, {7}, {4, 6}, {5}, {1, 3}], [{8, 2}, {7}, {4, 6}, {5}, {3}, {1}], [{8, 2}, {7}, {6}, {1, 5}, {3, 4}], [{8, 3}, {1, 7}, {2, 6}, {4, 5}], [{8, 3}, {1, 7}, {2, 6}, {5}, {4}], [{8, 3}, {1, 7}, {4, 6}, {2, 5}], [{8, 3}, {1, 7}, {4, 6}, {5}, {2}], [{8, 3}, {1, 7}, {5, 6}, {2, 4}], [{8, 3}, {1, 7}, {6}, {5}, {2, 4}], [{8, 3}, {2, 7}, {1, 6}, {4, 5}], [{8, 3}, {2, 7}, {4, 6}, {1, 5}], [{8, 3}, {2, 7}, {4, 6}, {5}, {1}], [{8, 3}, {2, 7}, {5, 6}, {1, 4}], [{8, 3}, {4, 7}, {1, 6}, {2, 5}], [{8, 3}, {4, 7}, {2, 6}, {1, 5}], [{8, 3}, {4, 7}, {5, 6}, {1, 2}], [{8, 3}, {5, 7}, {1, 6}, {2, 4}], [{8, 3}, {5, 7}, {2, 6}, {1, 4}], [{8, 3}, {5, 7}, {4, 6}, {1, 2}], [{8, 3}, {5, 7}, {4, 6}, {2}, {1}], [{8, 3}, {6, 7}, {1, 5}, {2, 4}], [{8, 3}, {6, 7}, {2, 5}, {1, 4}], [{8, 3}, {6, 7}, {4, 5}, {1, 2}], [{8, 3}, {7}, {1, 6}, {2, 5}, {4}], [{8, 3}, {7}, {4, 6}, {1, 5}, {2}], [{8, 3}, {7}, {4, 6}, {2, 5}, {1}], [{8, 3}, {7}, {4, 6}, {5}, {1, 2}], [{8, 3}, {7}, {4, 6}, {5}, {2}, {1}], [{8, 3}, {7}, {5, 6}, {4}, {1, 2}], [{8, 3}, {7}, {6}, {2, 5}, {1, 4}], [{8, 3}, {7}, {6}, {4, 5}, {1, 2}], [{8, 4}, {1, 7}, {2, 6}, {3, 5}], [{8, 4}, {1, 7}, {3, 6}, {2, 5}], [{8, 4}, {1, 7}, {5, 6}, {2, 3}], [{8, 4}, {2, 7}, {1, 6}, {3, 5}], [{8, 4}, {2, 7}, {3, 6}, {1, 5}], [{8, 4}, {2, 7}, {5, 6}, {1, 3}], [{8, 4}, {3, 7}, {1, 6}, {2, 5}], [{8, 4}, {3, 7}, {2, 6}, {1, 5}], [{8, 4}, {3, 7}, {5, 6}, {1, 2}], [{8, 4}, {3, 7}, {6}, {2, 5}, {1}], [{8, 4}, {5, 7}, {1, 6}, {2, 3}], [{8, 4}, {5, 7}, {2, 6}, {1, 3}], [{8, 4}, {5, 7}, {3, 6}, {1, 2}], [{8, 4}, {5, 7}, {6}, {2, 3}, {1}], [{8, 4}, {6, 7}, {1, 5}, {2, 3}], [{8, 4}, {6, 7}, {2, 5}, {1, 3}], [{8, 4}, {6, 7}, {3, 5}, {1, 2}], [{8, 4}, {7}, {3, 6}, {5}, {1, 2}], [{8, 4}, {7}, {5, 6}, {3}, {1, 2}], [{8, 4}, {7}, {6}, {3, 5}, {1, 2}], [{8, 5}, {1, 7}, {2, 6}, {3, 4}], [{8, 5}, {1, 7}, {3, 6}, {2, 4}], [{8, 5}, {1, 7}, {3, 6}, {4}, {2}], [{8, 5}, {1, 7}, {4, 6}, {2, 3}], [{8, 5}, {1, 7}, {4, 6}, {3}, {2}], [{8, 5}, {1, 7}, {6}, {3, 4}, {2}], [{8, 5}, {2, 7}, {1, 6}, {3, 4}], [{8, 5}, {2, 7}, {3, 6}, {1, 4}], [{8, 5}, {2, 7}, {3, 6}, {4}, {1}], [{8, 5}, {2, 7}, {4, 6}, {1, 3}], [{8, 5}, {2, 7}, {4, 6}, {3}, {1}], [{8, 5}, {2, 7}, {6}, {3, 4}, {1}], [{8, 5}, {3, 7}, {1, 6}, {2, 4}], [{8, 5}, {3, 7}, {2, 6}, {1, 4}], [{8, 5}, {3, 7}, {4, 6}, {1, 2}], [{8, 5}, {3, 7}, {4, 6}, {2}, {1}], [{8, 5}, {3, 7}, {6}, {4}, {1, 2}], [{8, 5}, {4, 7}, {1, 6}, {2, 3}], [{8, 5}, {4, 7}, {2, 6}, {1, 3}], [{8, 5}, {4, 7}, {3, 6}, {1, 2}], [{8, 5}, {4, 7}, {3, 6}, {2}, {1}], [{8, 5}, {4, 7}, {6}, {3}, {1, 2}], [{8, 5}, {6, 7}, {1, 4}, {2, 3}], [{8, 5}, {6, 7}, {2, 4}, {1, 3}], [{8, 5}, {6, 7}, {3, 4}, {1, 2}], [{8, 5}, {6, 7}, {3, 4}, {2}, {1}], [{8, 5}, {6, 7}, {4}, {3}, {1, 2}], [{8, 5}, {7}, {1, 6}, {2, 4}, {3}], [{8, 5}, {7}, {1, 6}, {3, 4}, {2}], [{8, 5}, {7}, {1, 6}, {4}, {2, 3}], [{8, 5}, {7}, {2, 6}, {1, 4}, {3}], [{8, 5}, {7}, {2, 6}, {3, 4}, {1}], [{8, 5}, {7}, {2, 6}, {4}, {1, 3}], [{8, 5}, {7}, {3, 6}, {1, 4}, {2}], [{8, 5}, {7}, {3, 6}, {2, 4}, {1}], [{8, 5}, {7}, {3, 6}, {4}, {1, 2}], [{8, 5}, {7}, {3, 6}, {4}, {2}, {1}], [{8, 5}, {7}, {4, 6}, {1, 3}, {2}], [{8, 5}, {7}, {4, 6}, {2, 3}, {1}], [{8, 5}, {7}, {4, 6}, {3}, {1, 2}], [{8, 5}, {7}, {4, 6}, {3}, {2}, {1}], [{8, 5}, {7}, {6}, {1, 4}, {2, 3}], [{8, 5}, {7}, {6}, {2, 4}, {1, 3}], [{8, 5}, {7}, {6}, {3, 4}, {1, 2}], [{8, 5}, {7}, {6}, {3, 4}, {2}, {1}], [{8, 5}, {7}, {6}, {4}, {3}, {1, 2}], [{8, 6}, {1, 7}, {2, 5}, {3, 4}], [{8, 6}, {1, 7}, {3, 5}, {2, 4}], [{8, 6}, {1, 7}, {4, 5}, {2, 3}], [{8, 6}, {2, 7}, {1, 5}, {3, 4}], [{8, 6}, {2, 7}, {3, 5}, {1, 4}], [{8, 6}, {2, 7}, {4, 5}, {1, 3}], [{8, 6}, {3, 7}, {1, 5}, {2, 4}], [{8, 6}, {3, 7}, {2, 5}, {1, 4}], [{8, 6}, {3, 7}, {2, 5}, {4}, {1}], [{8, 6}, {3, 7}, {4, 5}, {1, 2}], [{8, 6}, {4, 7}, {1, 5}, {2, 3}], [{8, 6}, {4, 7}, {2, 5}, {1, 3}], [{8, 6}, {4, 7}, {3, 5}, {1, 2}], [{8, 6}, {5, 7}, {1, 4}, {2, 3}], [{8, 6}, {5, 7}, {2, 4}, {1, 3}], [{8, 6}, {5, 7}, {3, 4}, {1, 2}], [{8, 6}, {5, 7}, {4}, {2, 3}, {1}], [{8, 6}, {7}, {3, 5}, {4}, {1, 2}], [{8, 6}, {7}, {4, 5}, {3}, {1, 2}], [{8, 6}, {7}, {5}, {3, 4}, {1, 2}], [{8, 7}, {1, 6}, {2, 5}, {3, 4}], [{8, 7}, {1, 6}, {2, 5}, {4}, {3}], [{8, 7}, {1, 6}, {3, 5}, {2, 4}], [{8, 7}, {1, 6}, {3, 5}, {4}, {2}], [{8, 7}, {1, 6}, {4, 5}, {2, 3}], [{8, 7}, {1, 6}, {4, 5}, {3}, {2}], [{8, 7}, {1, 6}, {5}, {2, 4}, {3}], [{8, 7}, {1, 6}, {5}, {3, 4}, {2}], [{8, 7}, {1, 6}, {5}, {4}, {2, 3}], [{8, 7}, {1, 6}, {5}, {4}, {3}, {2}], [{8, 7}, {2, 6}, {1, 5}, {3, 4}], [{8, 7}, {2, 6}, {3, 5}, {1, 4}], [{8, 7}, {2, 6}, {4, 5}, {1, 3}], [{8, 7}, {2, 6}, {5}, {1, 4}, {3}], [{8, 7}, {2, 6}, {5}, {3, 4}, {1}], [{8, 7}, {2, 6}, {5}, {4}, {1, 3}], [{8, 7}, {3, 6}, {1, 5}, {2, 4}], [{8, 7}, {3, 6}, {2, 5}, {1, 4}], [{8, 7}, {3, 6}, {4, 5}, {1, 2}], [{8, 7}, {3, 6}, {5}, {1, 4}, {2}], [{8, 7}, {3, 6}, {5}, {2, 4}, {1}], [{8, 7}, {3, 6}, {5}, {4}, {1, 2}], [{8, 7}, {4, 6}, {1, 5}, {2, 3}], [{8, 7}, {4, 6}, {1, 5}, {3}, {2}], [{8, 7}, {4, 6}, {2, 5}, {1, 3}], [{8, 7}, {4, 6}, {2, 5}, {3}, {1}], [{8, 7}, {4, 6}, {3, 5}, {1, 2}], [{8, 7}, {4, 6}, {3, 5}, {2}, {1}], [{8, 7}, {4, 6}, {5}, {1, 3}, {2}], [{8, 7}, {4, 6}, {5}, {2, 3}, {1}], [{8, 7}, {4, 6}, {5}, {3}, {1, 2}], [{8, 7}, {4, 6}, {5}, {3}, {2}, {1}], [{8, 7}, {5, 6}, {1, 4}, {2, 3}], [{8, 7}, {5, 6}, {1, 4}, {3}, {2}], [{8, 7}, {5, 6}, {2, 4}, {1, 3}], [{8, 7}, {5, 6}, {3, 4}, {1, 2}], [{8, 7}, {6}, {2, 5}, {1, 4}, {3}], [{8, 7}, {6}, {3, 5}, {1, 4}, {2}], [{8, 7}, {6}, {5}, {1, 4}, {2, 3}], [{8, 7}, {6}, {5}, {1, 4}, {3}, {2}], [{8, 7}, {6}, {5}, {2, 4}, {1, 3}], [{8, 7}, {6}, {5}, {3, 4}, {1, 2}], [{8}, {1, 7}, {4, 6}, {2, 5}, {3}], [{8}, {1, 7}, {4, 6}, {3, 5}, {2}], [{8}, {1, 7}, {4, 6}, {5}, {2, 3}], [{8}, {1, 7}, {4, 6}, {5}, {3}, {2}], [{8}, {2, 7}, {4, 6}, {1, 5}, {3}], [{8}, {2, 7}, {4, 6}, {3, 5}, {1}], [{8}, {2, 7}, {4, 6}, {5}, {1, 3}], [{8}, {2, 7}, {4, 6}, {5}, {3}, {1}], [{8}, {2, 7}, {5, 6}, {4}, {1, 3}], [{8}, {2, 7}, {6}, {4, 5}, {1, 3}], [{8}, {3, 7}, {1, 6}, {2, 5}, {4}], [{8}, {3, 7}, {2, 6}, {4, 5}, {1}], [{8}, {3, 7}, {4, 6}, {1, 5}, {2}], [{8}, {3, 7}, {4, 6}, {2, 5}, {1}], [{8}, {3, 7}, {4, 6}, {5}, {1, 2}], [{8}, {3, 7}, {4, 6}, {5}, {2}, {1}], [{8}, {3, 7}, {5, 6}, {2, 4}, {1}], [{8}, {3, 7}, {6}, {2, 5}, {1, 4}], [{8}, {3, 7}, {6}, {2, 5}, {4}, {1}], [{8}, {4, 7}, {3, 6}, {1, 5}, {2}], [{8}, {4, 7}, {3, 6}, {2, 5}, {1}], [{8}, {4, 7}, {3, 6}, {5}, {1, 2}], [{8}, {4, 7}, {5, 6}, {2, 3}, {1}], [{8}, {5, 7}, {1, 6}, {2, 4}, {3}], [{8}, {5, 7}, {1, 6}, {3, 4}, {2}], [{8}, {5, 7}, {1, 6}, {4}, {2, 3}], [{8}, {5, 7}, {2, 6}, {1, 4}, {3}], [{8}, {5, 7}, {2, 6}, {3, 4}, {1}], [{8}, {5, 7}, {2, 6}, {4}, {1, 3}], [{8}, {5, 7}, {3, 6}, {1, 4}, {2}], [{8}, {5, 7}, {3, 6}, {2, 4}, {1}], [{8}, {5, 7}, {3, 6}, {4}, {1, 2}], [{8}, {5, 7}, {4, 6}, {1, 3}, {2}], [{8}, {5, 7}, {4, 6}, {2, 3}, {1}], [{8}, {5, 7}, {4, 6}, {3}, {1, 2}], [{8}, {5, 7}, {4, 6}, {3}, {2}, {1}], [{8}, {5, 7}, {6}, {1, 4}, {2, 3}], [{8}, {5, 7}, {6}, {2, 4}, {1, 3}], [{8}, {5, 7}, {6}, {3, 4}, {1, 2}], [{8}, {5, 7}, {6}, {4}, {2, 3}, {1}], [{8}, {6, 7}, {1, 5}, {3, 4}, {2}], [{8}, {6, 7}, {2, 5}, {3, 4}, {1}], [{8}, {6, 7}, {4, 5}, {2, 3}, {1}], [{8}, {6, 7}, {5}, {3, 4}, {1, 2}], [{8}, {7}, {3, 6}, {4, 5}, {1, 2}], [{8}, {7}, {3, 6}, {5}, {4}, {1, 2}], [{8}, {7}, {4, 6}, {1, 5}, {2, 3}], [{8}, {7}, {4, 6}, {1, 5}, {3}, {2}], [{8}, {7}, {4, 6}, {2, 5}, {1, 3}], [{8}, {7}, {4, 6}, {2, 5}, {3}, {1}], [{8}, {7}, {4, 6}, {3, 5}, {1, 2}], [{8}, {7}, {4, 6}, {3, 5}, {2}, {1}], [{8}, {7}, {4, 6}, {5}, {1, 3}, {2}], [{8}, {7}, {4, 6}, {5}, {2, 3}, {1}], [{8}, {7}, {4, 6}, {5}, {3}, {1, 2}], [{8}, {7}, {4, 6}, {5}, {3}, {2}, {1}], [{8}, {7}, {5, 6}, {3, 4}, {1, 2}], [{8}, {7}, {6}, {5}, {3, 4}, {1, 2}]]",2,- 8 K_1^2 - 4 K_1 K_2 + 2 K_1 + 4 K_2 + 2 K_3 + 5,O1O2O3U1O4U2U5U6O7O5U4O6U8U3O8U7,O1O2O3U4O5U6U3U5O7U8O6O8U1O4U2U7,O1O2O3U4U2O5U3O6O7U6O4U8U1U7O8U5,c,{'O1O2O3U4O5U1U5O6U7O8O4U6U8U2O7U3'},1,"<a href=""/flatknot/8.1101860"">8.1101860</a>",t^9-30t^7-66t^6+55t^5+210t^4+70t^3-66t^2-24t,0,,
8.1101861,O1O2O3U4O5U1U5O6U7O8O4U6U8U3O7U2,4,6z^3+41z^2+100z+85,6w^4z^3+41w^3z^2+100w^2z+85w,False,False,"[[ 0 -2  1  2  0  1 -1 -1  0],[ 2  0  2  1  1  1 -1  2 -1],[-1 -2  0  1  0  0 -1 -2  0],[-2 -1 -1  0  0  0 -2 -2  0],[ 0 -1  0  0  0  1 -1  0 -1],[-1 -1  0  0 -1  0  0 -1  0],[ 1  1  1  2  1  0  0  0  1],[ 1 -2  2  2  0  1  0  0  0],[ 0  1  0  0  1  0 -1  0  0]]","[[ 0  2  1  1  0  0 -1 -1 -2],[-2  0  0 -1  0  0 -2 -2 -1],[-1  0  0  0  0 -1  0 -1 -1],[-1  1  0  0  0  0 -1 -2 -2],[ 0  0  0  0  0  1 -1  0  1],[ 0  0  1  0 -1  0 -1  0 -1],[ 1  2  0  1  1  1  0  0  1],[ 1  2  1  2  0  0  0  0 -2],[ 2  1  1  2 -1  1 -1  2  0]]",True,"[-2,-1,-1,0,0,1,1,2,0,1,0,0,2,2,1,0,0,1,0,1,1,0,0,1,2,2,-1,1,0,-1,1,0,1,0,-1,2]","[-2,-1,-1,0,0,1,1,2,-1,2,-1,1,1,2,1,0,1,1,0,1,2,0,0,1,2,2,1,0,0,0,1,0,0,0,0,1]",t^8+32t^6+200t^4+72t^2+4,"[-2,-1,-1,0,0,1,1,2,-1,2,1,3,1,2,3,0,1,1,0,1,1,0,0,1,2,1,1,1,0,2,1,1,2,0,0,1]","[-2,-1,-1,0,0,1,1,2,0,1,2,2,1,1,3,0,1,1,0,1,1,0,1,1,2,2,-1,1,0,1,1,0,3,0,-1,2]","[-2,-1,-1,0,0,1,1,2,-1,2,-1,1,1,2,1,0,1,1,0,1,2,0,0,1,2,2,1,0,0,0,1,0,0,0,0,1]",c,"[[{8, 4}, {5, 7}, {2, 6}, {1, 3}]]",1,12 K_1^3 - 12 K_1^2 - 16 K_1 K_2 - K_1 + 6 K_2 + 5 K_3 + 7,O1O2O3U2O4U1U5U6O7O5U4O6U8U3O8U7,O1O2O3U4O5U6U5U3O7U8O6O8U1O4U2U7,O1O2O3U4U2O5U3O6O7U6O4U1U8U7O8U5,c,{'O1O2O3U4O5U1U5O6U7O8O4U6U8U3O7U2'},1,"<a href=""/flatknot/8.1101861"">8.1101861</a>",t^9-32t^7-70t^6+64t^5+220t^4+89t^3-6t^2-109t-154,0,,
8.1101862,O1O2O3U4O5U1U5O6U7O8O4U8U6U2O7U3,4,17z^2+102z+137,17w^3z^2+102w^2z+137w,False,False,"[[ 0 -2  1  2  0  1  0 -1 -1],[ 2  0  1  2  1  1 -1  2 -1],[-1 -1  0  0  1  0 -1 -1 -1],[-2 -2  0  0 -1  0  0 -2 -1],[ 0 -1 -1  1  0  1 -1  0 -1],[-1 -1  0  0 -1  0  0 -1  0],[ 0  1  1  0  1  0  0  0  0],[ 1 -2  1  2  0  1  0  0 -1],[ 1  1  1  1  1  0  0  1  0]]","[[ 0  2  1  1  0  0 -1 -1 -2],[-2  0  0  0  0 -1 -1 -2 -2],[-1  0  0  0  0 -1  0 -1 -1],[-1  0  0  0 -1  1 -1 -1 -1],[ 0  0  0  1  0  1  0  0  1],[ 0  1  1 -1 -1  0 -1  0 -1],[ 1  1  0  1  0  1  0  1  1],[ 1  2  1  1  0  0 -1  0 -2],[ 2  2  1  1 -1  1 -1  2  0]]",True,"[-2,-1,-1,0,0,1,1,2,0,0,0,1,1,2,2,0,0,1,0,1,1,1,-1,1,1,1,-1,0,0,-1,1,0,1,-1,-1,2]","[-2,-1,-1,0,0,1,1,2,-1,2,-1,1,1,1,2,1,0,1,0,1,1,0,0,1,1,2,1,0,1,0,1,-1,1,0,0,0]",t^8+28t^6+109t^4+45t^2+4,"[-2,-1,-1,0,0,1,1,2,-1,2,1,3,2,2,2,1,1,1,1,1,1,0,1,1,2,2,1,2,0,1,0,1,2,0,1,1]","[-2,-1,-1,0,0,1,1,2,1,1,1,2,1,2,2,0,0,1,1,2,2,2,0,1,1,2,-1,1,0,1,1,1,3,-1,-1,2]","[-2,-1,-1,0,0,1,1,2,-1,2,-1,1,1,1,2,1,0,1,0,1,1,0,0,1,1,2,1,0,1,0,1,-1,1,0,0,0]",c,"[[{8, 2}, {5, 7}, {4, 6}, {1, 3}]]",1,4 K_1^3 - 24 K_1^2 - 16 K_1 K_2 + 5 K_1 + 12 K_2 + 7 K_3 + 13,O1O2O3U1O4U2U5U6O7O6U4O5U8U3O8U7,O1O2O3U4O5U6U3U5O7U8O6O8U2O4U1U7,O1O2O3U4U3O5U2O6O7U6O4U8U1U7O8U5,c,{'O1O2O3U4O5U1U5O6U7O8O4U8U6U2O7U3'},1,"<a href=""/flatknot/8.1101862"">8.1101862</a>",t^9-28t^7-74t^6-7t^5+144t^4+115t^3-2t^2-15t-2,0,,
8.1101863,O1O2O3U4O5U1U5O6U7O8O4U8U6U3O7U2,3,24z^2+103z+111,-4w^4z^2+28w^3z^2+103w^2z+111w,False,False,"[[ 0 -2  1  2  0  1  0 -1 -1],[ 2  0  2  1  1  1 -1  2 -1],[-1 -2  0  1  0  0  0 -2 -1],[-2 -1 -1  0  0  0 -1 -2 -1],[ 0 -1  0  0  0  1 -1  0 -1],[-1 -1  0  0 -1  0  0 -1  0],[ 0  1  0  1  1  0  0  0  0],[ 1 -2  2  2  0  1  0  0 -1],[ 1  1  1  1  1  0  0  1  0]]","[[ 0  2  1  1  0  0 -1 -1 -2],[-2  0  0 -1  0 -1 -1 -2 -1],[-1  0  0  0 -1  0  0 -1 -1],[-1  1  0  0  0  0 -1 -2 -2],[ 0  0  1  0  0 -1 -1  0 -1],[ 0  1  0  0  1  0  0  0  1],[ 1  1  0  1  1  0  0  1  1],[ 1  2  1  2  0  0 -1  0 -2],[ 2  1  1  2  1 -1 -1  2  0]]",True,"[-2,-1,-1,0,0,1,1,2,0,1,0,1,1,2,1,0,1,0,0,1,1,0,0,1,2,2,1,1,0,1,0,0,-1,-1,-1,2]","[-2,-1,-1,0,0,1,1,2,-1,2,-1,1,1,2,1,1,0,1,0,1,1,0,0,1,2,2,1,0,0,1,1,0,0,0,0,1]",t^8+30t^6+123t^4+33t^2,"[-2,-1,-1,0,0,1,1,2,-1,2,1,3,1,2,3,1,1,1,0,1,1,0,1,1,2,2,1,1,0,2,1,1,1,0,0,1]","[-2,-1,-1,0,0,1,1,2,0,1,1,2,1,2,3,0,1,1,0,1,1,1,0,1,2,2,1,1,1,3,1,0,1,-1,-1,2]","[-2,-1,-1,0,0,1,1,2,-1,2,-1,1,1,2,1,1,0,1,0,1,1,0,0,1,2,2,1,0,0,1,1,0,0,0,0,1]",c,"[[{8, 1}, {2, 7}, {3, 6}, {4, 5}], [{8, 1}, {2, 7}, {4, 6}, {3, 5}], [{8, 1}, {2, 7}, {5, 6}, {3, 4}], [{8, 1}, {3, 7}, {2, 6}, {4, 5}], [{8, 1}, {3, 7}, {4, 6}, {2, 5}], [{8, 1}, {3, 7}, {5, 6}, {2, 4}], [{8, 1}, {3, 7}, {6}, {2, 5}, {4}], [{8, 1}, {4, 7}, {2, 6}, {3, 5}], [{8, 1}, {4, 7}, {3, 6}, {2, 5}], [{8, 1}, {4, 7}, {5, 6}, {2, 3}], [{8, 1}, {4, 7}, {6}, {2, 5}, {3}], [{8, 1}, {5, 7}, {2, 6}, {3, 4}], [{8, 1}, {5, 7}, {3, 6}, {2, 4}], [{8, 1}, {5, 7}, {4, 6}, {2, 3}], [{8, 1}, {6, 7}, {2, 5}, {3, 4}], [{8, 1}, {6, 7}, {2, 5}, {4}, {3}], [{8, 1}, {6, 7}, {3, 5}, {2, 4}], [{8, 1}, {6, 7}, {4, 5}, {2, 3}], [{8, 1}, {7}, {2, 6}, {4, 5}, {3}], [{8, 1}, {7}, {3, 6}, {2, 5}, {4}], [{8, 1}, {7}, {4, 6}, {2, 5}, {3}], [{8, 1}, {7}, {5, 6}, {2, 4}, {3}], [{8, 1}, {7}, {6}, {2, 5}, {3, 4}], [{8, 1}, {7}, {6}, {2, 5}, {4}, {3}], [{8, 2}, {1, 7}, {3, 6}, {4, 5}], [{8, 2}, {1, 7}, {4, 6}, {3, 5}], [{8, 2}, {1, 7}, {5, 6}, {3, 4}], [{8, 2}, {3, 7}, {1, 6}, {4, 5}], [{8, 2}, {3, 7}, {1, 6}, {5}, {4}], [{8, 2}, {3, 7}, {4, 6}, {1, 5}], [{8, 2}, {3, 7}, {5, 6}, {1, 4}], [{8, 2}, {3, 7}, {6}, {4, 5}, {1}], [{8, 2}, {4, 7}, {1, 6}, {3, 5}], [{8, 2}, {4, 7}, {3, 6}, {1, 5}], [{8, 2}, {4, 7}, {5, 6}, {1, 3}], [{8, 2}, {5, 7}, {1, 6}, {3, 4}], [{8, 2}, {5, 7}, {3, 6}, {1, 4}], [{8, 2}, {5, 7}, {4, 6}, {1, 3}], [{8, 2}, {5, 7}, {6}, {4}, {1, 3}], [{8, 2}, {6, 7}, {1, 5}, {3, 4}], [{8, 2}, {6, 7}, {3, 5}, {1, 4}], [{8, 2}, {6, 7}, {4, 5}, {1, 3}], [{8, 2}, {6, 7}, {5}, {4}, {1, 3}], [{8, 2}, {7}, {1, 6}, {4, 5}, {3}], [{8, 2}, {7}, {3, 6}, {1, 5}, {4}], [{8, 2}, {7}, {4, 6}, {3, 5}, {1}], [{8, 2}, {7}, {5, 6}, {4}, {1, 3}], [{8, 3}, {1, 7}, {2, 6}, {4, 5}], [{8, 3}, {1, 7}, {4, 6}, {2, 5}], [{8, 3}, {1, 7}, {5, 6}, {2, 4}], [{8, 3}, {1, 7}, {6}, {2, 5}, {4}], [{8, 3}, {2, 7}, {1, 6}, {4, 5}], [{8, 3}, {2, 7}, {4, 6}, {1, 5}], [{8, 3}, {2, 7}, {5, 6}, {1, 4}], [{8, 3}, {2, 7}, {6}, {4, 5}, {1}], [{8, 3}, {4, 7}, {1, 6}, {2, 5}], [{8, 3}, {4, 7}, {2, 6}, {1, 5}], [{8, 3}, {4, 7}, {5, 6}, {1, 2}], [{8, 3}, {4, 7}, {6}, {2, 5}, {1}], [{8, 3}, {5, 7}, {1, 6}, {2, 4}], [{8, 3}, {5, 7}, {2, 6}, {1, 4}], [{8, 3}, {5, 7}, {4, 6}, {1, 2}], [{8, 3}, {5, 7}, {6}, {2, 4}, {1}], [{8, 3}, {6, 7}, {1, 5}, {2, 4}], [{8, 3}, {6, 7}, {2, 5}, {1, 4}], [{8, 3}, {6, 7}, {2, 5}, {4}, {1}], [{8, 3}, {6, 7}, {4, 5}, {1, 2}], [{8, 3}, {7}, {1, 6}, {2, 5}, {4}], [{8, 3}, {7}, {2, 6}, {1, 5}, {4}], [{8, 3}, {7}, {4, 6}, {2, 5}, {1}], [{8, 3}, {7}, {5, 6}, {4}, {1, 2}], [{8, 3}, {7}, {6}, {2, 5}, {1, 4}], [{8, 3}, {7}, {6}, {2, 5}, {4}, {1}], [{8, 4}, {1, 7}, {2, 6}, {3, 5}], [{8, 4}, {1, 7}, {3, 6}, {2, 5}], [{8, 4}, {1, 7}, {5, 6}, {2, 3}], [{8, 4}, {1, 7}, {6}, {2, 5}, {3}], [{8, 4}, {2, 7}, {1, 6}, {3, 5}], [{8, 4}, {2, 7}, {3, 6}, {1, 5}], [{8, 4}, {2, 7}, {5, 6}, {1, 3}], [{8, 4}, {3, 7}, {1, 6}, {2, 5}], [{8, 4}, {3, 7}, {1, 6}, {5}, {2}], [{8, 4}, {3, 7}, {2, 6}, {1, 5}], [{8, 4}, {3, 7}, {5, 6}, {1, 2}], [{8, 4}, {3, 7}, {6}, {2, 5}, {1}], [{8, 4}, {5, 7}, {1, 6}, {2, 3}], [{8, 4}, {5, 7}, {2, 6}, {1, 3}], [{8, 4}, {5, 7}, {3, 6}, {1, 2}], [{8, 4}, {6, 7}, {1, 5}, {2, 3}], [{8, 4}, {6, 7}, {2, 5}, {1, 3}], [{8, 4}, {6, 7}, {2, 5}, {3}, {1}], [{8, 4}, {6, 7}, {3, 5}, {1, 2}], [{8, 4}, {6, 7}, {5}, {1, 3}, {2}], [{8, 4}, {7}, {1, 6}, {2, 5}, {3}], [{8, 4}, {7}, {2, 6}, {3, 5}, {1}], [{8, 4}, {7}, {3, 6}, {2, 5}, {1}], [{8, 4}, {7}, {5, 6}, {2, 3}, {1}], [{8, 4}, {7}, {6}, {2, 5}, {1, 3}], [{8, 4}, {7}, {6}, {2, 5}, {3}, {1}], [{8, 5}, {1, 7}, {2, 6}, {3, 4}], [{8, 5}, {1, 7}, {3, 6}, {2, 4}], [{8, 5}, {1, 7}, {4, 6}, {2, 3}], [{8, 5}, {2, 7}, {1, 6}, {3, 4}], [{8, 5}, {2, 7}, {3, 6}, {1, 4}], [{8, 5}, {2, 7}, {4, 6}, {1, 3}], [{8, 5}, {2, 7}, {6}, {4}, {1, 3}], [{8, 5}, {3, 7}, {1, 6}, {2, 4}], [{8, 5}, {3, 7}, {1, 6}, {4}, {2}], [{8, 5}, {3, 7}, {2, 6}, {1, 4}], [{8, 5}, {3, 7}, {4, 6}, {1, 2}], [{8, 5}, {3, 7}, {6}, {2, 4}, {1}], [{8, 5}, {4, 7}, {1, 6}, {2, 3}], [{8, 5}, {4, 7}, {2, 6}, {1, 3}], [{8, 5}, {4, 7}, {3, 6}, {1, 2}], [{8, 5}, {6, 7}, {1, 4}, {2, 3}], [{8, 5}, {6, 7}, {2, 4}, {1, 3}], [{8, 5}, {6, 7}, {3, 4}, {1, 2}], [{8, 5}, {6, 7}, {4}, {1, 3}, {2}], [{8, 5}, {7}, {1, 6}, {2, 4}, {3}], [{8, 5}, {7}, {2, 6}, {4}, {1, 3}], [{8, 5}, {7}, {3, 6}, {4}, {1, 2}], [{8, 5}, {7}, {4, 6}, {2, 3}, {1}], [{8, 6}, {1, 7}, {2, 5}, {3, 4}], [{8, 6}, {1, 7}, {2, 5}, {4}, {3}], [{8, 6}, {1, 7}, {3, 5}, {2, 4}], [{8, 6}, {1, 7}, {4, 5}, {2, 3}], [{8, 6}, {2, 7}, {1, 5}, {3, 4}], [{8, 6}, {2, 7}, {3, 5}, {1, 4}], [{8, 6}, {2, 7}, {4, 5}, {1, 3}], [{8, 6}, {2, 7}, {5}, {4}, {1, 3}], [{8, 6}, {3, 7}, {1, 5}, {2, 4}], [{8, 6}, {3, 7}, {2, 5}, {1, 4}], [{8, 6}, {3, 7}, {2, 5}, {4}, {1}], [{8, 6}, {3, 7}, {4, 5}, {1, 2}], [{8, 6}, {4, 7}, {1, 5}, {2, 3}], [{8, 6}, {4, 7}, {2, 5}, {1, 3}], [{8, 6}, {4, 7}, {2, 5}, {3}, {1}], [{8, 6}, {4, 7}, {3, 5}, {1, 2}], [{8, 6}, {5, 7}, {1, 4}, {2, 3}], [{8, 6}, {5, 7}, {2, 4}, {1, 3}], [{8, 6}, {5, 7}, {3, 4}, {1, 2}], [{8, 6}, {5, 7}, {4}, {1, 3}, {2}], [{8, 6}, {7}, {2, 5}, {1, 4}, {3}], [{8, 6}, {7}, {2, 5}, {3, 4}, {1}], [{8, 6}, {7}, {2, 5}, {4}, {1, 3}], [{8, 6}, {7}, {2, 5}, {4}, {3}, {1}], [{8, 7}, {1, 6}, {2, 5}, {3, 4}], [{8, 7}, {1, 6}, {2, 5}, {4}, {3}], [{8, 7}, {1, 6}, {3, 5}, {2, 4}], [{8, 7}, {1, 6}, {4, 5}, {2, 3}], [{8, 7}, {2, 6}, {1, 5}, {3, 4}], [{8, 7}, {2, 6}, {1, 5}, {4}, {3}], [{8, 7}, {2, 6}, {3, 5}, {1, 4}], [{8, 7}, {2, 6}, {3, 5}, {4}, {1}], [{8, 7}, {2, 6}, {4, 5}, {1, 3}], [{8, 7}, {2, 6}, {4, 5}, {3}, {1}], [{8, 7}, {2, 6}, {5}, {1, 4}, {3}], [{8, 7}, {2, 6}, {5}, {3, 4}, {1}], [{8, 7}, {2, 6}, {5}, {4}, {1, 3}], [{8, 7}, {2, 6}, {5}, {4}, {3}, {1}], [{8, 7}, {3, 6}, {1, 5}, {2, 4}], [{8, 7}, {3, 6}, {2, 5}, {1, 4}], [{8, 7}, {3, 6}, {2, 5}, {4}, {1}], [{8, 7}, {3, 6}, {4, 5}, {1, 2}], [{8, 7}, {4, 6}, {1, 5}, {2, 3}], [{8, 7}, {4, 6}, {2, 5}, {1, 3}], [{8, 7}, {4, 6}, {2, 5}, {3}, {1}], [{8, 7}, {4, 6}, {3, 5}, {1, 2}], [{8, 7}, {5, 6}, {1, 4}, {2, 3}], [{8, 7}, {5, 6}, {1, 4}, {3}, {2}], [{8, 7}, {5, 6}, {2, 4}, {1, 3}], [{8, 7}, {5, 6}, {2, 4}, {3}, {1}], [{8, 7}, {5, 6}, {3, 4}, {1, 2}], [{8, 7}, {5, 6}, {3, 4}, {2}, {1}], [{8, 7}, {5, 6}, {4}, {1, 3}, {2}], [{8, 7}, {5, 6}, {4}, {2, 3}, {1}], [{8, 7}, {5, 6}, {4}, {3}, {1, 2}], [{8, 7}, {5, 6}, {4}, {3}, {2}, {1}], [{8, 7}, {6}, {2, 5}, {1, 4}, {3}], [{8, 7}, {6}, {2, 5}, {3, 4}, {1}], [{8, 7}, {6}, {2, 5}, {4}, {1, 3}], [{8, 7}, {6}, {2, 5}, {4}, {3}, {1}], [{8}, {1, 7}, {2, 6}, {4, 5}, {3}], [{8}, {1, 7}, {3, 6}, {2, 5}, {4}], [{8}, {1, 7}, {4, 6}, {2, 5}, {3}], [{8}, {1, 7}, {5, 6}, {2, 4}, {3}], [{8}, {1, 7}, {6}, {2, 5}, {3, 4}], [{8}, {1, 7}, {6}, {2, 5}, {4}, {3}], [{8}, {2, 7}, {1, 6}, {3, 5}, {4}], [{8}, {2, 7}, {5, 6}, {4}, {1, 3}], [{8}, {3, 7}, {1, 6}, {2, 5}, {4}], [{8}, {3, 7}, {1, 6}, {4, 5}, {2}], [{8}, {3, 7}, {1, 6}, {5}, {2, 4}], [{8}, {3, 7}, {1, 6}, {5}, {4}, {2}], [{8}, {3, 7}, {2, 6}, {1, 5}, {4}], [{8}, {3, 7}, {4, 6}, {2, 5}, {1}], [{8}, {3, 7}, {5, 6}, {4}, {1, 2}], [{8}, {3, 7}, {6}, {2, 5}, {1, 4}], [{8}, {3, 7}, {6}, {2, 5}, {4}, {1}], [{8}, {4, 7}, {1, 6}, {2, 5}, {3}], [{8}, {4, 7}, {2, 6}, {3, 5}, {1}], [{8}, {4, 7}, {3, 6}, {2, 5}, {1}], [{8}, {4, 7}, {5, 6}, {2, 3}, {1}], [{8}, {4, 7}, {6}, {2, 5}, {1, 3}], [{8}, {4, 7}, {6}, {2, 5}, {3}, {1}], [{8}, {5, 7}, {1, 6}, {4}, {2, 3}], [{8}, {5, 7}, {2, 6}, {4}, {1, 3}], [{8}, {6, 7}, {1, 5}, {2, 4}, {3}], [{8}, {6, 7}, {1, 5}, {3, 4}, {2}], [{8}, {6, 7}, {1, 5}, {4}, {2, 3}], [{8}, {6, 7}, {2, 5}, {1, 4}, {3}], [{8}, {6, 7}, {2, 5}, {3, 4}, {1}], [{8}, {6, 7}, {2, 5}, {4}, {1, 3}], [{8}, {6, 7}, {2, 5}, {4}, {3}, {1}], [{8}, {6, 7}, {3, 5}, {1, 4}, {2}], [{8}, {6, 7}, {3, 5}, {2, 4}, {1}], [{8}, {6, 7}, {3, 5}, {4}, {1, 2}], [{8}, {6, 7}, {4, 5}, {1, 3}, {2}], [{8}, {6, 7}, {4, 5}, {2, 3}, {1}], [{8}, {6, 7}, {4, 5}, {3}, {1, 2}], [{8}, {6, 7}, {5}, {1, 4}, {2, 3}], [{8}, {6, 7}, {5}, {2, 4}, {1, 3}], [{8}, {6, 7}, {5}, {3, 4}, {1, 2}], [{8}, {6, 7}, {5}, {4}, {1, 3}, {2}], [{8}, {7}, {1, 6}, {2, 5}, {3, 4}], [{8}, {7}, {1, 6}, {2, 5}, {4}, {3}], [{8}, {7}, {3, 6}, {2, 5}, {1, 4}], [{8}, {7}, {3, 6}, {2, 5}, {4}, {1}], [{8}, {7}, {4, 6}, {2, 5}, {1, 3}], [{8}, {7}, {4, 6}, {2, 5}, {3}, {1}], [{8}, {7}, {6}, {2, 5}, {1, 4}, {3}], [{8}, {7}, {6}, {2, 5}, {3, 4}, {1}], [{8}, {7}, {6}, {2, 5}, {4}, {1, 3}], [{8}, {7}, {6}, {2, 5}, {4}, {3}, {1}]]",2,20 K_1^3 - 16 K_1^2 - 24 K_1 K_2 - 3 K_1 + 8 K_2 + 7 K_3 + 9,O1O2O3U2O4U1U5U6O7O6U4O5U8U3O8U7,O1O2O3U4O5U6U5U3O7U8O6O8U2O4U1U7,O1O2O3U4U3O5U2O6O7U6O4U1U8U7O8U5,c,{'O1O2O3U4O5U1U5O6U7O8O4U8U6U3O7U2'},1,"<a href=""/flatknot/8.1101863"">8.1101863</a>",t^9-30t^7-78t^6-11t^5+124t^4+126t^3+72t^2-48t-16,0,,
8.1101864,O1O2O3U4O5U1U6O7U2O6O4U7U8U5O8U3,3,15z^2+80z+101,15w^3z^2-4w^3z+84w^2z+101w,False,False,"[[ 0 -2  0  2  0  2  0 -1 -1],[ 2  0  1  2  1  1  1  0  1],[ 0 -1  0  1  1  0  0 -1 -1],[-2 -2 -1  0  0  0 -1 -2 -3],[ 0 -1 -1  0  0  1  0  0  0],[-2 -1  0  0 -1  0 -1 -1 -2],[ 0 -1  0  1  0  1  0 -1 -1],[ 1  0  1  2  0  1  1  0  1],[ 1 -1  1  3  0  2  1 -1  0]]","[[ 0  2  2  0  0  0 -1 -1 -2],[-2  0  0  0 -1 -1 -1 -2 -1],[-2  0  0 -1  0 -1 -2 -3 -2],[ 0  0  1  0  1  0 -1 -1 -1],[ 0  1  0 -1  0  0  0  0 -1],[ 0  1  1  0  0  0 -1 -1 -1],[ 1  1  2  1  0  1  0  1  0],[ 1  2  3  1  0  1 -1  0 -1],[ 2  1  2  1  1  1  0  1  0]]",True,"[-2,-2,0,0,0,1,1,2,0,0,1,1,1,2,1,1,0,1,2,3,2,-1,0,1,1,1,0,0,0,1,1,1,1,-1,0,1]","[-2,-2,0,0,0,1,1,2,0,0,1,1,1,2,1,1,0,1,2,3,2,-1,0,1,1,1,0,0,0,1,1,1,1,-1,0,1]",t^8+37t^6+100t^4+11t^2,"[-2,-1,-1,0,0,0,2,2,0,1,1,1,1,2,3,1,0,0,1,0,1,0,0,1,1,2,0,-1,1,2,0,1,1,2,1,0]","[-2,-2,0,0,0,1,1,2,0,1,1,2,0,1,2,1,2,1,1,2,3,0,0,0,0,1,1,0,0,1,1,1,1,-1,0,1]","[-2,-1,-1,0,0,0,2,2,0,1,1,1,1,1,2,1,0,1,1,1,2,0,1,1,2,3,-1,0,1,0,0,0,1,1,1,0]",c,"[[{8, 1}, {2, 7}, {3, 6}, {4, 5}], [{8, 1}, {2, 7}, {4, 6}, {3, 5}], [{8, 1}, {2, 7}, {5, 6}, {3, 4}], [{8, 1}, {2, 7}, {6}, {4, 5}, {3}], [{8, 1}, {3, 7}, {2, 6}, {4, 5}], [{8, 1}, {3, 7}, {4, 6}, {2, 5}], [{8, 1}, {3, 7}, {5, 6}, {2, 4}], [{8, 1}, {3, 7}, {6}, {4, 5}, {2}], [{8, 1}, {4, 7}, {2, 6}, {3, 5}], [{8, 1}, {4, 7}, {3, 6}, {2, 5}], [{8, 1}, {4, 7}, {5, 6}, {2, 3}], [{8, 1}, {5, 7}, {2, 6}, {3, 4}], [{8, 1}, {5, 7}, {3, 6}, {2, 4}], [{8, 1}, {5, 7}, {4, 6}, {2, 3}], [{8, 1}, {6, 7}, {2, 5}, {3, 4}], [{8, 1}, {6, 7}, {3, 5}, {2, 4}], [{8, 1}, {6, 7}, {4, 5}, {2, 3}], [{8, 1}, {6, 7}, {4, 5}, {3}, {2}], [{8, 1}, {6, 7}, {5}, {4}, {2, 3}], [{8, 1}, {7}, {2, 6}, {4, 5}, {3}], [{8, 1}, {7}, {3, 6}, {4, 5}, {2}], [{8, 1}, {7}, {4, 6}, {2, 5}, {3}], [{8, 1}, {7}, {5, 6}, {2, 4}, {3}], [{8, 1}, {7}, {6}, {4, 5}, {2, 3}], [{8, 1}, {7}, {6}, {4, 5}, {3}, {2}], [{8, 2}, {1, 7}, {3, 6}, {4, 5}], [{8, 2}, {1, 7}, {4, 6}, {3, 5}], [{8, 2}, {1, 7}, {4, 6}, {5}, {3}], [{8, 2}, {1, 7}, {5, 6}, {3, 4}], [{8, 2}, {1, 7}, {5, 6}, {4}, {3}], [{8, 2}, {1, 7}, {6}, {4, 5}, {3}], [{8, 2}, {3, 7}, {1, 6}, {4, 5}], [{8, 2}, {3, 7}, {1, 6}, {5}, {4}], [{8, 2}, {3, 7}, {4, 6}, {1, 5}], [{8, 2}, {3, 7}, {4, 6}, {5}, {1}], [{8, 2}, {3, 7}, {5, 6}, {1, 4}], [{8, 2}, {3, 7}, {5, 6}, {4}, {1}], [{8, 2}, {3, 7}, {6}, {1, 5}, {4}], [{8, 2}, {3, 7}, {6}, {4, 5}, {1}], [{8, 2}, {3, 7}, {6}, {5}, {1, 4}], [{8, 2}, {3, 7}, {6}, {5}, {4}, {1}], [{8, 2}, {4, 7}, {1, 6}, {3, 5}], [{8, 2}, {4, 7}, {3, 6}, {1, 5}], [{8, 2}, {4, 7}, {5, 6}, {1, 3}], [{8, 2}, {4, 7}, {6}, {3, 5}, {1}], [{8, 2}, {5, 7}, {1, 6}, {3, 4}], [{8, 2}, {5, 7}, {3, 6}, {1, 4}], [{8, 2}, {5, 7}, {4, 6}, {1, 3}], [{8, 2}, {5, 7}, {6}, {3, 4}, {1}], [{8, 2}, {6, 7}, {1, 5}, {3, 4}], [{8, 2}, {6, 7}, {1, 5}, {4}, {3}], [{8, 2}, {6, 7}, {3, 5}, {1, 4}], [{8, 2}, {6, 7}, {4, 5}, {1, 3}], [{8, 2}, {6, 7}, {4, 5}, {3}, {1}], [{8, 2}, {6, 7}, {5}, {1, 4}, {3}], [{8, 2}, {7}, {1, 6}, {4, 5}, {3}], [{8, 2}, {7}, {3, 6}, {1, 5}, {4}], [{8, 2}, {7}, {3, 6}, {4, 5}, {1}], [{8, 2}, {7}, {3, 6}, {5}, {1, 4}], [{8, 2}, {7}, {4, 6}, {5}, {1, 3}], [{8, 2}, {7}, {5, 6}, {4}, {1, 3}], [{8, 2}, {7}, {6}, {4, 5}, {1, 3}], [{8, 2}, {7}, {6}, {4, 5}, {3}, {1}], [{8, 3}, {1, 7}, {2, 6}, {4, 5}], [{8, 3}, {1, 7}, {4, 6}, {2, 5}], [{8, 3}, {1, 7}, {4, 6}, {5}, {2}], [{8, 3}, {1, 7}, {5, 6}, {2, 4}], [{8, 3}, {1, 7}, {5, 6}, {4}, {2}], [{8, 3}, {1, 7}, {6}, {4, 5}, {2}], [{8, 3}, {2, 7}, {1, 6}, {4, 5}], [{8, 3}, {2, 7}, {1, 6}, {5}, {4}], [{8, 3}, {2, 7}, {4, 6}, {1, 5}], [{8, 3}, {2, 7}, {4, 6}, {5}, {1}], [{8, 3}, {2, 7}, {5, 6}, {1, 4}], [{8, 3}, {2, 7}, {5, 6}, {4}, {1}], [{8, 3}, {2, 7}, {6}, {1, 5}, {4}], [{8, 3}, {2, 7}, {6}, {4, 5}, {1}], [{8, 3}, {2, 7}, {6}, {5}, {1, 4}], [{8, 3}, {2, 7}, {6}, {5}, {4}, {1}], [{8, 3}, {4, 7}, {1, 6}, {2, 5}], [{8, 3}, {4, 7}, {2, 6}, {1, 5}], [{8, 3}, {4, 7}, {5, 6}, {1, 2}], [{8, 3}, {4, 7}, {6}, {2, 5}, {1}], [{8, 3}, {5, 7}, {1, 6}, {2, 4}], [{8, 3}, {5, 7}, {2, 6}, {1, 4}], [{8, 3}, {5, 7}, {4, 6}, {1, 2}], [{8, 3}, {5, 7}, {6}, {2, 4}, {1}], [{8, 3}, {6, 7}, {1, 5}, {2, 4}], [{8, 3}, {6, 7}, {1, 5}, {4}, {2}], [{8, 3}, {6, 7}, {2, 5}, {1, 4}], [{8, 3}, {6, 7}, {4, 5}, {1, 2}], [{8, 3}, {6, 7}, {4, 5}, {2}, {1}], [{8, 3}, {6, 7}, {5}, {1, 4}, {2}], [{8, 3}, {7}, {1, 6}, {4, 5}, {2}], [{8, 3}, {7}, {2, 6}, {1, 5}, {4}], [{8, 3}, {7}, {2, 6}, {4, 5}, {1}], [{8, 3}, {7}, {2, 6}, {5}, {1, 4}], [{8, 3}, {7}, {4, 6}, {5}, {1, 2}], [{8, 3}, {7}, {5, 6}, {4}, {1, 2}], [{8, 3}, {7}, {6}, {4, 5}, {1, 2}], [{8, 3}, {7}, {6}, {4, 5}, {2}, {1}], [{8, 4}, {1, 7}, {2, 6}, {3, 5}], [{8, 4}, {1, 7}, {3, 6}, {2, 5}], [{8, 4}, {1, 7}, {5, 6}, {2, 3}], [{8, 4}, {1, 7}, {5, 6}, {3}, {2}], [{8, 4}, {2, 7}, {1, 6}, {3, 5}], [{8, 4}, {2, 7}, {3, 6}, {1, 5}], [{8, 4}, {2, 7}, {5, 6}, {1, 3}], [{8, 4}, {2, 7}, {6}, {3, 5}, {1}], [{8, 4}, {3, 7}, {1, 6}, {2, 5}], [{8, 4}, {3, 7}, {1, 6}, {5}, {2}], [{8, 4}, {3, 7}, {2, 6}, {1, 5}], [{8, 4}, {3, 7}, {5, 6}, {1, 2}], [{8, 4}, {3, 7}, {6}, {2, 5}, {1}], [{8, 4}, {5, 7}, {1, 6}, {2, 3}], [{8, 4}, {5, 7}, {2, 6}, {1, 3}], [{8, 4}, {5, 7}, {2, 6}, {3}, {1}], [{8, 4}, {5, 7}, {3, 6}, {1, 2}], [{8, 4}, {5, 7}, {6}, {1, 3}, {2}], [{8, 4}, {6, 7}, {1, 5}, {2, 3}], [{8, 4}, {6, 7}, {1, 5}, {3}, {2}], [{8, 4}, {6, 7}, {2, 5}, {1, 3}], [{8, 4}, {6, 7}, {3, 5}, {1, 2}], [{8, 4}, {6, 7}, {5}, {2, 3}, {1}], [{8, 4}, {7}, {1, 6}, {2, 5}, {3}], [{8, 4}, {7}, {2, 6}, {5}, {1, 3}], [{8, 4}, {7}, {3, 6}, {5}, {1, 2}], [{8, 4}, {7}, {6}, {1, 5}, {2, 3}], [{8, 5}, {1, 7}, {2, 6}, {3, 4}], [{8, 5}, {1, 7}, {3, 6}, {2, 4}], [{8, 5}, {1, 7}, {4, 6}, {2, 3}], [{8, 5}, {1, 7}, {4, 6}, {3}, {2}], [{8, 5}, {2, 7}, {1, 6}, {3, 4}], [{8, 5}, {2, 7}, {3, 6}, {1, 4}], [{8, 5}, {2, 7}, {4, 6}, {1, 3}], [{8, 5}, {2, 7}, {6}, {3, 4}, {1}], [{8, 5}, {3, 7}, {1, 6}, {2, 4}], [{8, 5}, {3, 7}, {1, 6}, {4}, {2}], [{8, 5}, {3, 7}, {2, 6}, {1, 4}], [{8, 5}, {3, 7}, {4, 6}, {1, 2}], [{8, 5}, {3, 7}, {6}, {2, 4}, {1}], [{8, 5}, {4, 7}, {1, 6}, {2, 3}], [{8, 5}, {4, 7}, {2, 6}, {1, 3}], [{8, 5}, {4, 7}, {2, 6}, {3}, {1}], [{8, 5}, {4, 7}, {3, 6}, {1, 2}], [{8, 5}, {4, 7}, {6}, {1, 3}, {2}], [{8, 5}, {6, 7}, {1, 4}, {2, 3}], [{8, 5}, {6, 7}, {1, 4}, {3}, {2}], [{8, 5}, {6, 7}, {2, 4}, {1, 3}], [{8, 5}, {6, 7}, {3, 4}, {1, 2}], [{8, 5}, {6, 7}, {4}, {2, 3}, {1}], [{8, 5}, {7}, {1, 6}, {2, 4}, {3}], [{8, 5}, {7}, {2, 6}, {4}, {1, 3}], [{8, 5}, {7}, {3, 6}, {4}, {1, 2}], [{8, 5}, {7}, {6}, {1, 4}, {2, 3}], [{8, 6}, {1, 7}, {2, 5}, {3, 4}], [{8, 6}, {1, 7}, {3, 5}, {2, 4}], [{8, 6}, {1, 7}, {4, 5}, {2, 3}], [{8, 6}, {1, 7}, {4, 5}, {3}, {2}], [{8, 6}, {2, 7}, {1, 5}, {3, 4}], [{8, 6}, {2, 7}, {1, 5}, {4}, {3}], [{8, 6}, {2, 7}, {3, 5}, {1, 4}], [{8, 6}, {2, 7}, {4, 5}, {1, 3}], [{8, 6}, {2, 7}, {4, 5}, {3}, {1}], [{8, 6}, {2, 7}, {5}, {1, 4}, {3}], [{8, 6}, {3, 7}, {1, 5}, {2, 4}], [{8, 6}, {3, 7}, {1, 5}, {4}, {2}], [{8, 6}, {3, 7}, {2, 5}, {1, 4}], [{8, 6}, {3, 7}, {4, 5}, {1, 2}], [{8, 6}, {3, 7}, {4, 5}, {2}, {1}], [{8, 6}, {3, 7}, {5}, {1, 4}, {2}], [{8, 6}, {4, 7}, {1, 5}, {2, 3}], [{8, 6}, {4, 7}, {2, 5}, {1, 3}], [{8, 6}, {4, 7}, {3, 5}, {1, 2}], [{8, 6}, {5, 7}, {1, 4}, {2, 3}], [{8, 6}, {5, 7}, {2, 4}, {1, 3}], [{8, 6}, {5, 7}, {3, 4}, {1, 2}], [{8, 6}, {7}, {1, 5}, {4}, {2, 3}], [{8, 6}, {7}, {4, 5}, {1, 3}, {2}], [{8, 6}, {7}, {4, 5}, {2, 3}, {1}], [{8, 6}, {7}, {4, 5}, {3}, {1, 2}], [{8, 6}, {7}, {4, 5}, {3}, {2}, {1}], [{8, 6}, {7}, {5}, {1, 4}, {2, 3}], [{8, 7}, {1, 6}, {2, 5}, {3, 4}], [{8, 7}, {1, 6}, {3, 5}, {2, 4}], [{8, 7}, {1, 6}, {4, 5}, {2, 3}], [{8, 7}, {1, 6}, {4, 5}, {3}, {2}], [{8, 7}, {2, 6}, {1, 5}, {3, 4}], [{8, 7}, {2, 6}, {1, 5}, {4}, {3}], [{8, 7}, {2, 6}, {3, 5}, {1, 4}], [{8, 7}, {2, 6}, {3, 5}, {4}, {1}], [{8, 7}, {2, 6}, {4, 5}, {1, 3}], [{8, 7}, {2, 6}, {4, 5}, {3}, {1}], [{8, 7}, {2, 6}, {5}, {1, 4}, {3}], [{8, 7}, {2, 6}, {5}, {3, 4}, {1}], [{8, 7}, {2, 6}, {5}, {4}, {1, 3}], [{8, 7}, {2, 6}, {5}, {4}, {3}, {1}], [{8, 7}, {3, 6}, {1, 5}, {2, 4}], [{8, 7}, {3, 6}, {1, 5}, {4}, {2}], [{8, 7}, {3, 6}, {2, 5}, {1, 4}], [{8, 7}, {3, 6}, {4, 5}, {1, 2}], [{8, 7}, {3, 6}, {4, 5}, {2}, {1}], [{8, 7}, {3, 6}, {5}, {1, 4}, {2}], [{8, 7}, {4, 6}, {1, 5}, {2, 3}], [{8, 7}, {4, 6}, {2, 5}, {1, 3}], [{8, 7}, {4, 6}, {2, 5}, {3}, {1}], [{8, 7}, {4, 6}, {3, 5}, {1, 2}], [{8, 7}, {5, 6}, {1, 4}, {2, 3}], [{8, 7}, {5, 6}, {2, 4}, {1, 3}], [{8, 7}, {5, 6}, {2, 4}, {3}, {1}], [{8, 7}, {5, 6}, {3, 4}, {1, 2}], [{8, 7}, {6}, {1, 5}, {4}, {2, 3}], [{8, 7}, {6}, {4, 5}, {1, 3}, {2}], [{8, 7}, {6}, {4, 5}, {2, 3}, {1}], [{8, 7}, {6}, {4, 5}, {3}, {1, 2}], [{8, 7}, {6}, {4, 5}, {3}, {2}, {1}], [{8, 7}, {6}, {5}, {1, 4}, {2, 3}], [{8}, {1, 7}, {2, 6}, {4, 5}, {3}], [{8}, {1, 7}, {3, 6}, {4, 5}, {2}], [{8}, {1, 7}, {4, 6}, {2, 5}, {3}], [{8}, {1, 7}, {4, 6}, {3, 5}, {2}], [{8}, {1, 7}, {4, 6}, {5}, {2, 3}], [{8}, {1, 7}, {4, 6}, {5}, {3}, {2}], [{8}, {1, 7}, {5, 6}, {2, 4}, {3}], [{8}, {1, 7}, {5, 6}, {3, 4}, {2}], [{8}, {1, 7}, {5, 6}, {4}, {2, 3}], [{8}, {1, 7}, {5, 6}, {4}, {3}, {2}], [{8}, {1, 7}, {6}, {4, 5}, {2, 3}], [{8}, {1, 7}, {6}, {4, 5}, {3}, {2}], [{8}, {2, 7}, {1, 6}, {4, 5}, {3}], [{8}, {2, 7}, {3, 6}, {1, 5}, {4}], [{8}, {2, 7}, {3, 6}, {4, 5}, {1}], [{8}, {2, 7}, {3, 6}, {5}, {1, 4}], [{8}, {2, 7}, {6}, {4, 5}, {1, 3}], [{8}, {2, 7}, {6}, {4, 5}, {3}, {1}], [{8}, {3, 7}, {1, 6}, {2, 5}, {4}], [{8}, {3, 7}, {1, 6}, {4, 5}, {2}], [{8}, {3, 7}, {1, 6}, {5}, {2, 4}], [{8}, {3, 7}, {2, 6}, {1, 5}, {4}], [{8}, {3, 7}, {2, 6}, {4, 5}, {1}], [{8}, {3, 7}, {2, 6}, {5}, {1, 4}], [{8}, {3, 7}, {6}, {4, 5}, {1, 2}], [{8}, {3, 7}, {6}, {4, 5}, {2}, {1}], [{8}, {4, 7}, {1, 6}, {5}, {2, 3}], [{8}, {4, 7}, {2, 6}, {5}, {1, 3}], [{8}, {4, 7}, {5, 6}, {2, 3}, {1}], [{8}, {4, 7}, {6}, {1, 5}, {2, 3}], [{8}, {5, 7}, {1, 6}, {4}, {2, 3}], [{8}, {5, 7}, {2, 6}, {4}, {1, 3}], [{8}, {5, 7}, {4, 6}, {2, 3}, {1}], [{8}, {5, 7}, {6}, {1, 4}, {2, 3}], [{8}, {6, 7}, {1, 5}, {2, 4}, {3}], [{8}, {6, 7}, {1, 5}, {3, 4}, {2}], [{8}, {6, 7}, {1, 5}, {4}, {2, 3}], [{8}, {6, 7}, {1, 5}, {4}, {3}, {2}], [{8}, {6, 7}, {2, 5}, {1, 4}, {3}], [{8}, {6, 7}, {2, 5}, {3, 4}, {1}], [{8}, {6, 7}, {2, 5}, {4}, {1, 3}], [{8}, {6, 7}, {3, 5}, {1, 4}, {2}], [{8}, {6, 7}, {3, 5}, {2, 4}, {1}], [{8}, {6, 7}, {3, 5}, {4}, {1, 2}], [{8}, {6, 7}, {4, 5}, {1, 3}, {2}], [{8}, {6, 7}, {4, 5}, {2, 3}, {1}], [{8}, {6, 7}, {4, 5}, {3}, {1, 2}], [{8}, {6, 7}, {4, 5}, {3}, {2}, {1}], [{8}, {6, 7}, {5}, {1, 4}, {2, 3}], [{8}, {6, 7}, {5}, {1, 4}, {3}, {2}], [{8}, {6, 7}, {5}, {2, 4}, {1, 3}], [{8}, {6, 7}, {5}, {3, 4}, {1, 2}], [{8}, {6, 7}, {5}, {4}, {2, 3}, {1}], [{8}, {7}, {1, 6}, {4, 5}, {2, 3}], [{8}, {7}, {1, 6}, {4, 5}, {3}, {2}], [{8}, {7}, {2, 6}, {4, 5}, {1, 3}], [{8}, {7}, {2, 6}, {4, 5}, {3}, {1}], [{8}, {7}, {3, 6}, {4, 5}, {1, 2}], [{8}, {7}, {3, 6}, {4, 5}, {2}, {1}], [{8}, {7}, {4, 6}, {1, 5}, {2, 3}], [{8}, {7}, {5, 6}, {1, 4}, {2, 3}], [{8}, {7}, {6}, {1, 5}, {4}, {2, 3}], [{8}, {7}, {6}, {4, 5}, {1, 3}, {2}], [{8}, {7}, {6}, {4, 5}, {2, 3}, {1}], [{8}, {7}, {6}, {4, 5}, {3}, {1, 2}], [{8}, {7}, {6}, {4, 5}, {3}, {2}, {1}], [{8}, {7}, {6}, {5}, {1, 4}, {2, 3}]]",2,20 K_1^3 - 22 K_1^2 - 12 K_1 K_2 - 9 K_1 + 11 K_2 + K_3 + 12,O1O2O3U1O4U5U4U6O7O8U2O6U8U3O5U7,O1O2O3U2O4U5U6U4O7U3O5O8U1O6U8U7,O1O2O3U4U5O6U3O5O7U1O4U8U6U7O8U2,c,{'O1O2O3U4O5U1U6O7U2O6O4U7U8U5O8U3'},1,"<a href=""/flatknot/8.1101864"">8.1101864</a>",t^9-35t^7-86t^6+9t^5+120t^4+35t^3+4t^2+16,-t^2+2t,,
8.1101865,O1O2O3U4O5U1U6O7U2O6O4U8U3U5O8U7,4,2z^3+24z^2+103z+127,2w^4z^3+24w^3z^2+103w^2z+127w,False,False,"[[ 0 -2  0  1  0  2  0  1 -2],[ 2  0  1  1  1  2  1  2  0],[ 0 -1  0 -1  1  0  0  1 -2],[-1 -1  1  0 -1  0 -1 -1 -2],[ 0 -1 -1  1  0  2  0  1 -1],[-2 -2  0  0 -2  0 -2 -1 -2],[ 0 -1  0  1  0  2  0  1 -2],[-1 -2 -1  1 -1  1 -1  0 -1],[ 2  0  2  2  1  2  2  1  0]]","[[ 0  2  1  1  0  0  0 -2 -2],[-2  0  0 -1  0 -2 -2 -2 -2],[-1  0  0 -1  1 -1 -1 -1 -2],[-1  1  1  0 -1 -1 -1 -2 -1],[ 0  0 -1  1  0  1  0 -1 -2],[ 0  2  1  1 -1  0  0 -1 -1],[ 0  2  1  1  0  0  0 -1 -2],[ 2  2  1  2  1  1  1  0  0],[ 2  2  2  1  2  1  2  0  0]]",True,"[-2,-1,-1,0,0,0,2,2,0,1,0,2,2,2,2,1,-1,1,1,1,2,1,1,1,2,1,-1,0,1,2,0,1,1,1,2,0]","[-2,-2,0,0,0,1,1,2,0,0,0,1,1,2,2,1,1,1,2,1,2,0,-1,2,0,2,0,0,0,0,0,0,0,1,1,0]",t^8+47t^6+322t^4+219t^2+4,"[-2,-2,0,0,0,1,1,2,0,0,0,1,1,2,2,1,1,1,2,1,2,0,-1,2,0,2,0,0,0,0,0,0,0,1,1,0]","[-2,-1,-1,0,0,0,2,2,0,1,0,0,2,2,2,1,0,0,0,1,2,0,0,2,2,1,0,-1,1,1,0,1,0,1,0,0]","[-2,-2,0,0,0,1,1,2,0,1,1,1,1,2,2,1,2,2,2,1,2,-1,0,1,1,2,0,-1,1,0,1,1,2,-1,0,1]",c,"[[{8, 2}, {1, 7}, {3, 6}, {4, 5}], [{8, 2}, {1, 7}, {5, 6}, {3, 4}]]",1,8 K_1^3 - 22 K_1^2 - 8 K_1 K_2 - 2 K_1 + 11 K_2 + 2 K_3 + 12,O1O2O3U4O5U6U1U5O7O8U2O4U8U3O6U7,O1O2O3U1O4U5U6U2O7U3O5O8U4O6U8U7,O1O2O3U4U5O6U7O5O8U1O4U2U6U8O7U3,c,{'O1O2O3U4O5U1U6O7U2O6O4U8U3U5O8U7'},1,"<a href=""/flatknot/8.1101865"">8.1101865</a>",t^9-49t^7-126t^6+93t^5+304t^4-204t^3-240t^2+140t+32,t^2-2t,,
8.1101866,O1O2O3U4O5U1U6O7U2O6O4U8U5U3O8U7,4,z^3+20z^2+102z+133,w^4z^3+20w^3z^2+102w^2z+133w,False,False,"[[ 0 -2  0  2  0  1  0  1 -2],[ 2  0  1  2  1  1  1  2  0],[ 0 -1  0  0  1 -1  0  1 -2],[-2 -2  0  0 -1 -1 -2 -1 -3],[ 0 -1 -1  1  0  1  0  1 -1],[-1 -1  1  1 -1  0 -1 -1 -1],[ 0 -1  0  2  0  1  0  1 -2],[-1 -2 -1  1 -1  1 -1  0 -1],[ 2  0  2  3  1  1  2  1  0]]","[[ 0  2  1  1  0  0  0 -2 -2],[-2  0 -1 -1  0 -1 -2 -2 -3],[-1  1  0  1 -1 -1 -1 -2 -1],[-1  1 -1  0  1 -1 -1 -1 -1],[ 0  0  1 -1  0  1  0 -1 -2],[ 0  1  1  1 -1  0  0 -1 -1],[ 0  2  1  1  0  0  0 -1 -2],[ 2  2  2  1  1  1  1  0  0],[ 2  3  1  1  2  1  2  0  0]]",True,"[-2,-1,-1,0,0,0,2,2,1,1,0,1,2,2,3,-1,1,1,1,2,1,-1,1,1,1,1,-1,0,1,2,0,1,1,1,2,0]","[-2,-2,0,0,0,1,1,2,0,0,0,1,2,2,1,1,1,1,1,2,2,0,-1,0,2,2,0,0,0,0,0,0,1,-1,0,0]",t^8+47t^6+327t^4+171t^2,"[-2,-2,0,0,0,1,1,2,0,0,0,1,2,2,1,1,1,1,1,2,2,0,-1,0,2,2,0,0,0,0,0,0,1,-1,0,0]","[-2,-1,-1,0,0,0,2,2,0,0,0,1,2,1,2,-1,0,0,2,2,2,0,0,0,2,1,0,0,0,1,-1,1,1,0,1,0]","[-2,-2,0,0,0,1,1,2,0,1,1,1,1,2,2,1,2,2,1,1,3,-1,0,1,1,1,0,-1,1,0,1,1,2,-1,1,1]",c,"[[{8, 3}, {6, 7}, {4, 5}, {1, 2}], [{8, 3}, {6, 7}, {5}, {4}, {1, 2}]]",1,8 K_1^3 - 22 K_1^2 - 8 K_1 K_2 - 2 K_1 + 11 K_2 + 2 K_3 + 12,O1O2O3U4O5U1U6U5O7O8U2O4U8U3O6U7,O1O2O3U1O4U5U6U3O7U2O5O8U4O6U8U7,O1O2O3U4U5O6U7O5O8U2O4U1U6U8O7U3,c,{'O1O2O3U4O5U1U6O7U2O6O4U8U5U3O8U7'},1,"<a href=""/flatknot/8.1101866"">8.1101866</a>",t^9-49t^7-130t^6+20t^5+266t^4+35t^3-158t^2+41t+70,t^2-2t,,
8.1101867,O1O2O3U4O5U1U6O7U3O6O4U2U8U5O8U7,4,14z^2+99z+143,14w^3z^2+99w^2z+143w,False,False,"[[ 0 -2 -1  1  0  2  0  1 -1],[ 2  0  1  1  1  2  1  2  1],[ 1 -1  0  2  0  1  0  1  0],[-1 -1 -2  0  0 -1 -1  0 -2],[ 0 -1  0  0  0  2  0  1  0],[-2 -2 -1  1 -2  0 -2 -1 -2],[ 0 -1  0  1  0  2  0  1 -1],[-1 -2 -1  0 -1  1 -1  0 -1],[ 1 -1  0  2  0  2  1  1  0]]","[[ 0  2  1  1  0  0 -1 -1 -2],[-2  0  1 -1 -2 -2 -1 -2 -2],[-1 -1  0  0  0 -1 -2 -2 -1],[-1  1  0  0 -1 -1 -1 -1 -2],[ 0  2  0  1  0  0  0  0 -1],[ 0  2  1  1  0  0  0 -1 -1],[ 1  1  2  1  0  0  0  0 -1],[ 1  2  2  1  0  1  0  0 -1],[ 2  2  1  2  1  1  1  1  0]]",True,"[-2,-1,-1,0,0,1,1,2,-1,1,2,2,1,2,2,0,0,1,2,2,1,1,1,1,1,2,0,0,0,1,0,1,1,0,1,1]","[-2,-1,-1,0,0,1,1,2,-1,1,2,2,1,2,2,0,0,1,2,2,1,1,1,1,1,2,0,0,0,1,0,1,1,0,1,1]",t^8+42t^6+178t^4+110t^2+1,"[-2,-1,-1,0,0,1,1,2,0,0,1,1,1,2,2,0,0,1,1,0,1,1,1,1,0,2,0,0,0,0,0,1,0,0,0,2]","[-2,-1,-1,0,0,1,1,2,0,2,0,0,1,2,2,0,0,0,1,1,1,0,1,0,0,2,0,0,1,1,1,1,1,0,0,0]","[-2,-1,-1,0,0,1,1,2,1,1,1,1,1,2,2,0,0,0,2,1,1,0,1,2,1,2,0,0,1,2,1,1,2,0,-1,1]",c,"[[{8, 3}, {2, 7}, {4, 6}, {1, 5}], [{8, 3}, {2, 7}, {6}, {1, 5}, {4}], [{8, 7}, {2, 6}, {1, 5}, {3, 4}], [{8, 7}, {3, 6}, {1, 5}, {2, 4}], [{8, 7}, {4, 6}, {1, 5}, {2, 3}], [{8}, {7}, {2, 6}, {1, 5}, {3, 4}]]",1,12 K_1^3 - 28 K_1^2 - 16 K_1 K_2 - K_1 + 14 K_2 + 5 K_3 + 15,O1O2O3U4O5U6U5U2O7O8U1O4U8U3O6U7,O1O2O3U2O4U5U1U6O7U3O5O8U4O6U8U7,O1O2O3U4U5O6U7O5O8U1O4U6U3U8O7U2,c,{'O1O2O3U4O5U1U6O7U3O6O4U2U8U5O8U7'},1,"<a href=""/flatknot/8.1101867"">8.1101867</a>",t^9-42t^7-112t^6+88t^5+434t^4+58t^3-366t^2-118t+6,0,,
8.1101868,O1O2O3U4O5U1U6O7U3O6O4U8U2U5O8U7,4,3z^3+32z^2+92z+81,3w^4z^3+32w^3z^2+92w^2z+81w,False,False,"[[ 0 -2  0  1  0  2  0  1 -2],[ 2  0  1  1  1  2  1  2  0],[ 0 -1  0  2 -1  1 -1  0 -1],[-1 -1 -2  0  0 -1 -1  0 -2],[ 0 -1  1  0  0  2  0  1 -1],[-2 -2 -1  1 -2  0 -2 -1 -2],[ 0 -1  1  1  0  2  0  1 -2],[-1 -2  0  0 -1  1 -1  0 -1],[ 2  0  1  2  1  2  2  1  0]]","[[ 0  2  1  1  0  0  0 -2 -2],[-2  0  1 -1 -1 -2 -2 -2 -2],[-1 -1  0  0 -2  0 -1 -1 -2],[-1  1  0  0  0 -1 -1 -2 -1],[ 0  1  2  0  0 -1 -1 -1 -1],[ 0  2  0  1  1  0  0 -1 -1],[ 0  2  1  1  1  0  0 -1 -2],[ 2  2  1  2  1  1  1  0  0],[ 2  2  2  1  1  1  2  0  0]]",True,"[-2,-1,-1,0,0,0,2,2,-1,1,1,2,2,2,2,0,2,0,1,1,2,0,1,1,2,1,1,1,1,1,0,1,1,1,2,0]","[-2,-2,0,0,0,1,1,2,0,0,1,1,1,2,2,1,1,1,2,1,2,-1,0,0,0,0,1,-1,1,1,1,0,0,0,2,0]",t^8+47t^6+252t^4+191t^2+4,"[-2,-2,0,0,0,1,1,2,0,0,1,1,1,2,2,1,1,1,2,1,2,-1,0,0,0,0,1,-1,1,1,1,0,0,0,2,0]","[-2,-1,-1,0,0,0,2,2,0,2,0,0,1,2,2,0,0,0,1,1,2,0,1,-1,2,1,0,1,1,0,1,1,1,1,1,0]","[-2,-2,0,0,0,1,1,2,0,1,1,1,1,2,2,1,1,2,2,1,2,-1,-1,2,0,1,0,0,1,2,1,1,2,0,-1,1]",c,"[[{8, 7}, {1, 6}, {2, 5}, {3, 4}]]",1,4 K_1^3 - 6 K_1^2 - 8 K_1 K_2 + K_1 + 3 K_2 + 3 K_3 + 4,O1O2O3U4O5U6U2U5O7O8U1O4U8U3O6U7,O1O2O3U1O4U5U2U6O7U3O5O8U4O6U8U7,O1O2O3U4U5O6U7O5O8U1O4U6U2U8O7U3,c,{'O1O2O3U4O5U1U6O7U3O6O4U8U2U5O8U7'},1,"<a href=""/flatknot/8.1101868"">8.1101868</a>",t^9-49t^7-138t^6+85t^5+486t^4+121t^3-310t^2-48t+10,t^2-2t,,
8.1101869,O1O2O3U4O5U1U6O7U3O6O4U8U5U2O8U7,3,12z^2+69z+91,12w^3z^2-4w^3z+73w^2z+91w,False,False,"[[ 0 -2  1  1  0  1  0  1 -2],[ 2  0  2  1  1  1  1  2  0],[-1 -2  0  1 -1  0 -2  0 -2],[-1 -1 -1  0  0 -1 -1  0 -2],[ 0 -1  1  0  0  1  0  1 -1],[-1 -1  0  1 -1  0 -1 -1 -1],[ 0 -1  2  1  0  1  0  1 -2],[-1 -2  0  0 -1  1 -1  0 -1],[ 2  0  2  2  1  1  2  1  0]]","[[ 0  1  1  1  1  0  0 -2 -2],[-1  0  1  0  0 -1 -1 -1 -2],[-1 -1  0  1  0 -1 -1 -1 -1],[-1  0 -1  0 -1  0 -1 -2 -1],[-1  0  0  1  0 -1 -2 -2 -2],[ 0  1  1  0  1  0  0 -1 -1],[ 0  1  1  1  2  0  0 -2 -1],[ 2  1  1  2  2  1  2  0  0],[ 2  2  1  1  2  1  1  0  0]]",True,"[-1,-1,-1,-1,0,0,2,2,-1,0,0,1,1,1,2,-1,0,1,1,1,1,1,0,1,2,1,1,2,2,2,0,1,1,2,1,0]","[-2,-2,0,0,1,1,1,1,0,0,1,1,1,2,2,1,1,1,2,1,2,0,-1,0,0,0,0,1,0,0,-1,0,0,0,1,-1]",t^8+40t^6+165t^4+111t^2,"[-2,-2,0,0,1,1,1,1,0,0,1,1,1,2,2,1,1,1,2,1,2,0,-1,0,0,0,0,1,0,0,-1,0,0,0,1,-1]","[-1,-1,-1,-1,0,0,2,2,-1,-1,0,0,1,1,2,0,-1,0,0,2,2,0,-1,0,1,1,0,0,2,1,0,0,1,1,1,0]","[-2,-2,0,0,1,1,1,1,0,1,1,1,1,2,2,1,2,1,2,1,2,0,1,0,1,1,1,1,1,2,1,-1,0,0,-1,0]",c,"[[{8, 4}, {3, 7}, {1, 6}, {2, 5}], [{8, 7}, {1, 6}, {2, 5}, {3, 4}]]",1,8 K_1^3 - 20 K_1^2 - 12 K_1 K_2 + 10 K_2 + 4 K_3 + 11,O1O2O3U4O5U2U6U5O7O8U1O4U8U3O6U7,O1O2O3U1O4U5U3U6O7U2O5O8U4O6U8U7,O1O2O3U4U5O6U7O5O8U2O4U6U1U8O7U3,c,{'O1O2O3U4O5U1U6O7U3O6O4U8U5U2O8U7'},1,"<a href=""/flatknot/8.1101869"">8.1101869</a>",t^9-44t^7-94t^6+113t^5+242t^4-52t^3-70t^2+28t+8,2t^2-4t,,
8.1101870,O1O2O3U4O5U1U6O7U3O6O4U8U5U7O8U2,3,4z^2+61z+107,4w^3z^2+61w^2z+107w,False,False,"[[ 0 -2  1  1  0  1  0  1 -2],[ 2  0  2  1  1  1  1  1  1],[-1 -2  0  0  0  0 -1  1 -3],[-1 -1  0  0  0 -1 -1  0 -3],[ 0 -1  0  0  0  1  0  1  0],[-1 -1  0  1 -1  0 -1  0 -2],[ 0 -1  1  1  0  1  0  1 -1],[-1 -1 -1  0 -1  0 -1  0 -1],[ 2 -1  3  3  0  2  1  1  0]]","[[ 0  1  1  1  1  0  0 -2 -2],[-1  0  1  0  0  0 -1 -2 -3],[-1 -1  0  0  0 -1 -1 -1 -1],[-1  0  0  0  1 -1 -1 -1 -2],[-1  0  0 -1  0  0 -1 -1 -3],[ 0  0  1  1  0  0  0 -1  0],[ 0  1  1  1  1  0  0 -1 -1],[ 2  2  1  1  1  1  1  0  1],[ 2  3  1  2  3  0  1 -1  0]]",True,"[-1,-1,-1,-1,0,0,2,2,-1,0,0,0,1,2,3,0,0,1,1,1,1,-1,1,1,1,2,0,1,1,3,0,1,0,1,1,-1]","[-2,-2,0,0,1,1,1,1,-1,0,1,1,2,3,3,1,1,1,1,1,2,0,1,1,0,0,1,1,1,1,0,0,-1,1,0,0]",t^8+42t^6+147t^4+11t^2,"[-2,-2,0,0,1,1,1,1,-1,1,1,1,2,2,2,1,2,0,0,1,2,0,0,0,0,0,1,1,0,0,0,0,-1,1,0,0]","[-1,-1,-1,-1,0,0,2,2,-1,0,0,0,0,2,2,0,0,0,1,0,1,-1,0,1,0,2,0,0,1,2,0,1,1,2,1,-1]","[-2,-2,0,0,1,1,1,1,-1,0,1,1,2,3,3,1,1,1,1,1,2,0,1,1,0,0,1,1,1,1,0,0,-1,1,0,0]",c,"[[{8, 2}, {4, 7}, {3, 6}, {1, 5}], [{8, 3}, {6, 7}, {4, 5}, {1, 2}]]",1,8 K_1^3 - 28 K_1^2 - 12 K_1 K_2 + 14 K_2 + 4 K_3 + 15,O1O2O3U2O4U5U6U4O7O8U1O5U8U3O6U7,O1O2O3U1O4U5U4U6O7U2O5O8U3O6U8U7,O1O2O3U4U5O6U1O5O7U2O4U6U8U7O8U3,c,{'O1O2O3U4O5U1U6O7U3O6O4U8U5U7O8U2'},1,"<a href=""/flatknot/8.1101870"">8.1101870</a>",t^9-46t^7-90t^6+133t^5+302t^4-96t^3-278t^2+8t+72,2t^2-4t,,
8.1101871,O1O2O3U4O5U1U6O7U3O6O4U8U7U5O8U2,3,15z^2+90z+121,15w^3z^2-2w^3z+92w^2z+121w,False,False,"[[ 0 -2  1  1  0  2  0  0 -2],[ 2  0  2  1  1  1  1  0  1],[-1 -2  0  0  0  1 -1  0 -3],[-1 -1  0  0  0  0 -1 -1 -3],[ 0 -1  0  0  0  1  0  1  0],[-2 -1 -1  0 -1  0 -1 -1 -3],[ 0 -1  1  1  0  1  0  0 -1],[ 0  0  0  1 -1  1  0  0  0],[ 2 -1  3  3  0  3  1  0  0]]","[[ 0  2  1  1  0  0  0 -2 -2],[-2  0  0 -1 -1 -1 -1 -1 -3],[-1  0  0  0  0 -1 -1 -1 -3],[-1  1  0  0  0  0 -1 -2 -3],[ 0  1  0  0  0  1  0 -1  0],[ 0  1  1  0 -1  0  0  0  0],[ 0  1  1  1  0  0  0 -1 -1],[ 2  1  1  2  1  0  1  0  1],[ 2  3  3  3  0  0  1 -1  0]]",True,"[-2,-1,-1,0,0,0,2,2,0,1,1,1,1,1,3,0,0,1,1,1,3,0,0,1,2,3,-1,0,1,0,0,0,0,1,1,-1]","[-2,-2,0,0,0,1,1,2,-1,0,0,1,3,3,3,0,1,1,1,2,1,-1,0,1,0,1,0,0,0,1,1,1,1,0,0,1]",t^8+45t^6+158t^4+12t^2,"[-2,-2,0,0,0,1,1,2,-1,1,1,2,1,2,3,1,2,2,0,0,1,0,0,0,0,1,-1,1,1,1,1,0,1,0,0,1]","[-2,-1,-1,0,0,0,2,2,0,1,1,1,1,1,3,0,0,1,1,0,1,0,0,1,0,2,0,0,1,1,-1,2,2,2,1,-1]","[-2,-2,0,0,0,1,1,2,-1,0,0,1,3,3,3,0,1,1,1,2,1,-1,0,1,0,1,0,0,0,1,1,1,1,0,0,1]",c,"[[{8, 1}, {2, 7}, {3, 6}, {4, 5}], [{8, 1}, {2, 7}, {4, 6}, {3, 5}], [{8, 1}, {2, 7}, {5, 6}, {3, 4}], [{8, 1}, {3, 7}, {2, 6}, {4, 5}], [{8, 1}, {3, 7}, {4, 6}, {2, 5}], [{8, 1}, {3, 7}, {5, 6}, {2, 4}], [{8, 1}, {3, 7}, {6}, {5}, {2, 4}], [{8, 1}, {4, 7}, {2, 6}, {3, 5}], [{8, 1}, {4, 7}, {3, 6}, {2, 5}], [{8, 1}, {4, 7}, {5, 6}, {2, 3}], [{8, 1}, {5, 7}, {2, 6}, {3, 4}], [{8, 1}, {5, 7}, {3, 6}, {2, 4}], [{8, 1}, {5, 7}, {4, 6}, {2, 3}], [{8, 1}, {5, 7}, {6}, {3, 4}, {2}], [{8, 1}, {6, 7}, {2, 5}, {3, 4}], [{8, 1}, {6, 7}, {2, 5}, {4}, {3}], [{8, 1}, {6, 7}, {3, 5}, {2, 4}], [{8, 1}, {6, 7}, {3, 5}, {4}, {2}], [{8, 1}, {6, 7}, {4, 5}, {2, 3}], [{8, 1}, {6, 7}, {4, 5}, {3}, {2}], [{8, 1}, {6, 7}, {5}, {2, 4}, {3}], [{8, 1}, {6, 7}, {5}, {3, 4}, {2}], [{8, 1}, {6, 7}, {5}, {4}, {2, 3}], [{8, 1}, {6, 7}, {5}, {4}, {3}, {2}], [{8, 1}, {7}, {3, 6}, {5}, {2, 4}], [{8, 1}, {7}, {5, 6}, {3, 4}, {2}], [{8, 1}, {7}, {6}, {4, 5}, {2, 3}], [{8, 2}, {1, 7}, {3, 6}, {4, 5}], [{8, 2}, {1, 7}, {3, 6}, {5}, {4}], [{8, 2}, {1, 7}, {4, 6}, {3, 5}], [{8, 2}, {1, 7}, {4, 6}, {5}, {3}], [{8, 2}, {1, 7}, {5, 6}, {3, 4}], [{8, 2}, {1, 7}, {6}, {5}, {3, 4}], [{8, 2}, {3, 7}, {1, 6}, {4, 5}], [{8, 2}, {3, 7}, {1, 6}, {5}, {4}], [{8, 2}, {3, 7}, {4, 6}, {1, 5}], [{8, 2}, {3, 7}, {4, 6}, {5}, {1}], [{8, 2}, {3, 7}, {5, 6}, {1, 4}], [{8, 2}, {3, 7}, {5, 6}, {4}, {1}], [{8, 2}, {3, 7}, {6}, {1, 5}, {4}], [{8, 2}, {3, 7}, {6}, {4, 5}, {1}], [{8, 2}, {3, 7}, {6}, {5}, {1, 4}], [{8, 2}, {3, 7}, {6}, {5}, {4}, {1}], [{8, 2}, {4, 7}, {1, 6}, {3, 5}], [{8, 2}, {4, 7}, {1, 6}, {5}, {3}], [{8, 2}, {4, 7}, {3, 6}, {1, 5}], [{8, 2}, {4, 7}, {3, 6}, {5}, {1}], [{8, 2}, {4, 7}, {5, 6}, {1, 3}], [{8, 2}, {4, 7}, {6}, {5}, {1, 3}], [{8, 2}, {5, 7}, {1, 6}, {3, 4}], [{8, 2}, {5, 7}, {3, 6}, {1, 4}], [{8, 2}, {5, 7}, {3, 6}, {4}, {1}], [{8, 2}, {5, 7}, {4, 6}, {1, 3}], [{8, 2}, {5, 7}, {6}, {1, 4}, {3}], [{8, 2}, {6, 7}, {1, 5}, {3, 4}], [{8, 2}, {6, 7}, {1, 5}, {4}, {3}], [{8, 2}, {6, 7}, {3, 5}, {1, 4}], [{8, 2}, {6, 7}, {3, 5}, {4}, {1}], [{8, 2}, {6, 7}, {4, 5}, {1, 3}], [{8, 2}, {6, 7}, {4, 5}, {3}, {1}], [{8, 2}, {6, 7}, {5}, {1, 4}, {3}], [{8, 2}, {6, 7}, {5}, {3, 4}, {1}], [{8, 2}, {6, 7}, {5}, {4}, {1, 3}], [{8, 2}, {6, 7}, {5}, {4}, {3}, {1}], [{8, 2}, {7}, {1, 6}, {5}, {3, 4}], [{8, 2}, {7}, {3, 6}, {1, 5}, {4}], [{8, 2}, {7}, {3, 6}, {4, 5}, {1}], [{8, 2}, {7}, {3, 6}, {5}, {1, 4}], [{8, 2}, {7}, {3, 6}, {5}, {4}, {1}], [{8, 2}, {7}, {4, 6}, {5}, {1, 3}], [{8, 2}, {7}, {5, 6}, {1, 4}, {3}], [{8, 2}, {7}, {6}, {3, 5}, {1, 4}], [{8, 2}, {7}, {6}, {5}, {1, 4}, {3}], [{8, 3}, {1, 7}, {2, 6}, {4, 5}], [{8, 3}, {1, 7}, {2, 6}, {5}, {4}], [{8, 3}, {1, 7}, {4, 6}, {2, 5}], [{8, 3}, {1, 7}, {5, 6}, {2, 4}], [{8, 3}, {2, 7}, {1, 6}, {4, 5}], [{8, 3}, {2, 7}, {1, 6}, {5}, {4}], [{8, 3}, {2, 7}, {4, 6}, {1, 5}], [{8, 3}, {2, 7}, {4, 6}, {5}, {1}], [{8, 3}, {2, 7}, {5, 6}, {1, 4}], [{8, 3}, {2, 7}, {5, 6}, {4}, {1}], [{8, 3}, {2, 7}, {6}, {1, 5}, {4}], [{8, 3}, {2, 7}, {6}, {4, 5}, {1}], [{8, 3}, {2, 7}, {6}, {5}, {1, 4}], [{8, 3}, {2, 7}, {6}, {5}, {4}, {1}], [{8, 3}, {4, 7}, {1, 6}, {2, 5}], [{8, 3}, {4, 7}, {2, 6}, {1, 5}], [{8, 3}, {4, 7}, {2, 6}, {5}, {1}], [{8, 3}, {4, 7}, {5, 6}, {1, 2}], [{8, 3}, {5, 7}, {1, 6}, {2, 4}], [{8, 3}, {5, 7}, {2, 6}, {1, 4}], [{8, 3}, {5, 7}, {2, 6}, {4}, {1}], [{8, 3}, {5, 7}, {4, 6}, {1, 2}], [{8, 3}, {6, 7}, {1, 5}, {2, 4}], [{8, 3}, {6, 7}, {1, 5}, {4}, {2}], [{8, 3}, {6, 7}, {2, 5}, {1, 4}], [{8, 3}, {6, 7}, {2, 5}, {4}, {1}], [{8, 3}, {6, 7}, {4, 5}, {1, 2}], [{8, 3}, {6, 7}, {4, 5}, {2}, {1}], [{8, 3}, {6, 7}, {5}, {1, 4}, {2}], [{8, 3}, {6, 7}, {5}, {2, 4}, {1}], [{8, 3}, {6, 7}, {5}, {4}, {1, 2}], [{8, 3}, {6, 7}, {5}, {4}, {2}, {1}], [{8, 3}, {7}, {2, 6}, {1, 5}, {4}], [{8, 3}, {7}, {2, 6}, {4, 5}, {1}], [{8, 3}, {7}, {2, 6}, {5}, {1, 4}], [{8, 3}, {7}, {2, 6}, {5}, {4}, {1}], [{8, 4}, {1, 7}, {2, 6}, {3, 5}], [{8, 4}, {1, 7}, {2, 6}, {5}, {3}], [{8, 4}, {1, 7}, {3, 6}, {2, 5}], [{8, 4}, {1, 7}, {5, 6}, {2, 3}], [{8, 4}, {2, 7}, {1, 6}, {3, 5}], [{8, 4}, {2, 7}, {1, 6}, {5}, {3}], [{8, 4}, {2, 7}, {3, 6}, {1, 5}], [{8, 4}, {2, 7}, {5, 6}, {1, 3}], [{8, 4}, {3, 7}, {1, 6}, {2, 5}], [{8, 4}, {3, 7}, {2, 6}, {1, 5}], [{8, 4}, {3, 7}, {5, 6}, {1, 2}], [{8, 4}, {3, 7}, {6}, {5}, {1, 2}], [{8, 4}, {5, 7}, {1, 6}, {2, 3}], [{8, 4}, {5, 7}, {2, 6}, {1, 3}], [{8, 4}, {5, 7}, {3, 6}, {1, 2}], [{8, 4}, {5, 7}, {6}, {3}, {1, 2}], [{8, 4}, {6, 7}, {1, 5}, {2, 3}], [{8, 4}, {6, 7}, {1, 5}, {3}, {2}], [{8, 4}, {6, 7}, {2, 5}, {1, 3}], [{8, 4}, {6, 7}, {2, 5}, {3}, {1}], [{8, 4}, {6, 7}, {3, 5}, {1, 2}], [{8, 4}, {6, 7}, {3, 5}, {2}, {1}], [{8, 4}, {6, 7}, {5}, {1, 3}, {2}], [{8, 4}, {6, 7}, {5}, {2, 3}, {1}], [{8, 4}, {6, 7}, {5}, {3}, {1, 2}], [{8, 4}, {6, 7}, {5}, {3}, {2}, {1}], [{8, 4}, {7}, {3, 6}, {5}, {1, 2}], [{8, 4}, {7}, {5, 6}, {3}, {1, 2}], [{8, 4}, {7}, {6}, {3, 5}, {1, 2}], [{8, 4}, {7}, {6}, {5}, {3}, {1, 2}], [{8, 5}, {1, 7}, {2, 6}, {3, 4}], [{8, 5}, {1, 7}, {3, 6}, {2, 4}], [{8, 5}, {1, 7}, {4, 6}, {2, 3}], [{8, 5}, {1, 7}, {6}, {3, 4}, {2}], [{8, 5}, {2, 7}, {1, 6}, {3, 4}], [{8, 5}, {2, 7}, {3, 6}, {1, 4}], [{8, 5}, {2, 7}, {4, 6}, {1, 3}], [{8, 5}, {3, 7}, {1, 6}, {2, 4}], [{8, 5}, {3, 7}, {2, 6}, {1, 4}], [{8, 5}, {3, 7}, {4, 6}, {1, 2}], [{8, 5}, {3, 7}, {6}, {1, 4}, {2}], [{8, 5}, {4, 7}, {1, 6}, {2, 3}], [{8, 5}, {4, 7}, {2, 6}, {1, 3}], [{8, 5}, {4, 7}, {3, 6}, {1, 2}], [{8, 5}, {6, 7}, {1, 4}, {2, 3}], [{8, 5}, {6, 7}, {1, 4}, {3}, {2}], [{8, 5}, {6, 7}, {2, 4}, {1, 3}], [{8, 5}, {6, 7}, {2, 4}, {3}, {1}], [{8, 5}, {6, 7}, {3, 4}, {1, 2}], [{8, 5}, {6, 7}, {3, 4}, {2}, {1}], [{8, 5}, {6, 7}, {4}, {1, 3}, {2}], [{8, 5}, {6, 7}, {4}, {2, 3}, {1}], [{8, 5}, {6, 7}, {4}, {3}, {1, 2}], [{8, 5}, {6, 7}, {4}, {3}, {2}, {1}], [{8, 5}, {7}, {1, 6}, {3, 4}, {2}], [{8, 5}, {7}, {3, 6}, {1, 4}, {2}], [{8, 6}, {1, 7}, {2, 5}, {3, 4}], [{8, 6}, {1, 7}, {3, 5}, {2, 4}], [{8, 6}, {1, 7}, {4, 5}, {2, 3}], [{8, 6}, {1, 7}, {5}, {3, 4}, {2}], [{8, 6}, {2, 7}, {1, 5}, {3, 4}], [{8, 6}, {2, 7}, {1, 5}, {4}, {3}], [{8, 6}, {2, 7}, {3, 5}, {1, 4}], [{8, 6}, {2, 7}, {4, 5}, {1, 3}], [{8, 6}, {2, 7}, {4, 5}, {3}, {1}], [{8, 6}, {2, 7}, {5}, {1, 4}, {3}], [{8, 6}, {3, 7}, {1, 5}, {2, 4}], [{8, 6}, {3, 7}, {1, 5}, {4}, {2}], [{8, 6}, {3, 7}, {2, 5}, {1, 4}], [{8, 6}, {3, 7}, {4, 5}, {1, 2}], [{8, 6}, {3, 7}, {4, 5}, {2}, {1}], [{8, 6}, {3, 7}, {5}, {1, 4}, {2}], [{8, 6}, {4, 7}, {1, 5}, {2, 3}], [{8, 6}, {4, 7}, {1, 5}, {3}, {2}], [{8, 6}, {4, 7}, {2, 5}, {1, 3}], [{8, 6}, {4, 7}, {2, 5}, {3}, {1}], [{8, 6}, {4, 7}, {3, 5}, {1, 2}], [{8, 6}, {4, 7}, {5}, {3}, {1, 2}], [{8, 6}, {5, 7}, {1, 4}, {2, 3}], [{8, 6}, {5, 7}, {2, 4}, {1, 3}], [{8, 6}, {5, 7}, {3, 4}, {1, 2}], [{8, 6}, {5, 7}, {3, 4}, {2}, {1}], [{8, 6}, {7}, {1, 5}, {2, 4}, {3}], [{8, 6}, {7}, {1, 5}, {3, 4}, {2}], [{8, 6}, {7}, {1, 5}, {4}, {2, 3}], [{8, 6}, {7}, {1, 5}, {4}, {3}, {2}], [{8, 6}, {7}, {4, 5}, {2, 3}, {1}], [{8, 6}, {7}, {5}, {1, 4}, {2, 3}], [{8, 7}, {1, 6}, {2, 5}, {3, 4}], [{8, 7}, {1, 6}, {3, 5}, {2, 4}], [{8, 7}, {1, 6}, {4, 5}, {2, 3}], [{8, 7}, {1, 6}, {5}, {3, 4}, {2}], [{8, 7}, {2, 6}, {1, 5}, {3, 4}], [{8, 7}, {2, 6}, {1, 5}, {4}, {3}], [{8, 7}, {2, 6}, {3, 5}, {1, 4}], [{8, 7}, {2, 6}, {4, 5}, {1, 3}], [{8, 7}, {2, 6}, {4, 5}, {3}, {1}], [{8, 7}, {2, 6}, {5}, {1, 4}, {3}], [{8, 7}, {3, 6}, {1, 5}, {2, 4}], [{8, 7}, {3, 6}, {1, 5}, {4}, {2}], [{8, 7}, {3, 6}, {2, 5}, {1, 4}], [{8, 7}, {3, 6}, {4, 5}, {1, 2}], [{8, 7}, {3, 6}, {4, 5}, {2}, {1}], [{8, 7}, {3, 6}, {5}, {1, 4}, {2}], [{8, 7}, {4, 6}, {1, 5}, {2, 3}], [{8, 7}, {4, 6}, {1, 5}, {3}, {2}], [{8, 7}, {4, 6}, {2, 5}, {1, 3}], [{8, 7}, {4, 6}, {2, 5}, {3}, {1}], [{8, 7}, {4, 6}, {3, 5}, {1, 2}], [{8, 7}, {4, 6}, {5}, {3}, {1, 2}], [{8, 7}, {5, 6}, {1, 4}, {2, 3}], [{8, 7}, {5, 6}, {2, 4}, {1, 3}], [{8, 7}, {5, 6}, {3, 4}, {1, 2}], [{8, 7}, {5, 6}, {3, 4}, {2}, {1}], [{8, 7}, {6}, {1, 5}, {2, 4}, {3}], [{8, 7}, {6}, {1, 5}, {3, 4}, {2}], [{8, 7}, {6}, {1, 5}, {4}, {2, 3}], [{8, 7}, {6}, {1, 5}, {4}, {3}, {2}], [{8, 7}, {6}, {4, 5}, {2, 3}, {1}], [{8, 7}, {6}, {5}, {1, 4}, {2, 3}], [{8}, {1, 7}, {2, 6}, {5}, {3, 4}], [{8}, {1, 7}, {5, 6}, {3, 4}, {2}], [{8}, {1, 7}, {6}, {2, 5}, {3, 4}], [{8}, {1, 7}, {6}, {3, 5}, {2, 4}], [{8}, {1, 7}, {6}, {4, 5}, {2, 3}], [{8}, {1, 7}, {6}, {5}, {3, 4}, {2}], [{8}, {2, 7}, {1, 6}, {5}, {3, 4}], [{8}, {2, 7}, {3, 6}, {1, 5}, {4}], [{8}, {2, 7}, {3, 6}, {4, 5}, {1}], [{8}, {2, 7}, {3, 6}, {5}, {1, 4}], [{8}, {3, 7}, {2, 6}, {1, 5}, {4}], [{8}, {3, 7}, {2, 6}, {4, 5}, {1}], [{8}, {3, 7}, {2, 6}, {5}, {1, 4}], [{8}, {3, 7}, {5, 6}, {1, 4}, {2}], [{8}, {3, 7}, {6}, {2, 5}, {1, 4}], [{8}, {3, 7}, {6}, {5}, {1, 4}, {2}], [{8}, {4, 7}, {5, 6}, {2, 3}, {1}], [{8}, {5, 7}, {1, 6}, {3, 4}, {2}], [{8}, {5, 7}, {3, 6}, {1, 4}, {2}], [{8}, {5, 7}, {4, 6}, {2, 3}, {1}], [{8}, {6, 7}, {1, 5}, {2, 4}, {3}], [{8}, {6, 7}, {1, 5}, {3, 4}, {2}], [{8}, {6, 7}, {1, 5}, {4}, {2, 3}], [{8}, {6, 7}, {1, 5}, {4}, {3}, {2}], [{8}, {6, 7}, {2, 5}, {1, 4}, {3}], [{8}, {6, 7}, {2, 5}, {3, 4}, {1}], [{8}, {6, 7}, {2, 5}, {4}, {1, 3}], [{8}, {6, 7}, {2, 5}, {4}, {3}, {1}], [{8}, {6, 7}, {3, 5}, {1, 4}, {2}], [{8}, {6, 7}, {3, 5}, {2, 4}, {1}], [{8}, {6, 7}, {3, 5}, {4}, {1, 2}], [{8}, {6, 7}, {3, 5}, {4}, {2}, {1}], [{8}, {6, 7}, {4, 5}, {1, 3}, {2}], [{8}, {6, 7}, {4, 5}, {2, 3}, {1}], [{8}, {6, 7}, {4, 5}, {3}, {1, 2}], [{8}, {6, 7}, {4, 5}, {3}, {2}, {1}], [{8}, {6, 7}, {5}, {1, 4}, {2, 3}], [{8}, {6, 7}, {5}, {1, 4}, {3}, {2}], [{8}, {6, 7}, {5}, {2, 4}, {1, 3}], [{8}, {6, 7}, {5}, {2, 4}, {3}, {1}], [{8}, {6, 7}, {5}, {3, 4}, {1, 2}], [{8}, {6, 7}, {5}, {3, 4}, {2}, {1}], [{8}, {6, 7}, {5}, {4}, {1, 3}, {2}], [{8}, {6, 7}, {5}, {4}, {2, 3}, {1}], [{8}, {6, 7}, {5}, {4}, {3}, {1, 2}], [{8}, {6, 7}, {5}, {4}, {3}, {2}, {1}], [{8}, {7}, {1, 6}, {2, 5}, {3, 4}], [{8}, {7}, {1, 6}, {3, 5}, {2, 4}], [{8}, {7}, {1, 6}, {4, 5}, {2, 3}], [{8}, {7}, {1, 6}, {5}, {3, 4}, {2}], [{8}, {7}, {3, 6}, {2, 5}, {1, 4}], [{8}, {7}, {3, 6}, {5}, {1, 4}, {2}], [{8}, {7}, {6}, {4, 5}, {2, 3}, {1}]]",2,12 K_1^3 - 22 K_1^2 - 12 K_1 K_2 - 3 K_1 + 11 K_2 + 3 K_3 + 12,O1O2O3U2O4U5U6U4O7O8U1O6U8U3O5U7,O1O2O3U1O4U5U4U6O7U3O5O8U2O6U8U7,O1O2O3U4U5O6U2O5O7U1O4U6U8U7O8U3,c,{'O1O2O3U4O5U1U6O7U3O6O4U8U7U5O8U2'},1,"<a href=""/flatknot/8.1101871"">8.1101871</a>",t^9-47t^7-84t^6+143t^5+224t^4-107t^3-102t^2+24t-24,t^2-2t,,
8.1101872,O1O2O3U4O5U1U6O7U5O6O4U2U8U3O8U7,4,z^3+28z^2+106z+109,w^4z^3+28w^3z^2+106w^2z+109w,False,False,"[[ 0 -2 -1  2  0  1  0  1 -1],[ 2  0  1  2  1  1  1  2  1],[ 1 -1  0  1  1  1  0  1  0],[-2 -2 -1  0 -2  1 -3 -1 -2],[ 0 -1 -1  2  0  0  1  1 -1],[-1 -1 -1 -1  0  0 -1  0 -1],[ 0 -1  0  3 -1  1  0  1 -1],[-1 -2 -1  1 -1  0 -1  0 -1],[ 1 -1  0  2  1  1  1  1  0]]","[[ 0  2  1  1  0  0 -1 -1 -2],[-2  0  1 -1 -2 -3 -1 -2 -2],[-1 -1  0  0  0 -1 -1 -1 -1],[-1  1  0  0 -1 -1 -1 -1 -2],[ 0  2  0  1  0  1 -1 -1 -1],[ 0  3  1  1 -1  0  0 -1 -1],[ 1  1  1  1  1  0  0  0 -1],[ 1  2  1  1  1  1  0  0 -1],[ 2  2  1  2  1  1  1  1  0]]",True,"[-2,-1,-1,0,0,1,1,2,-1,1,2,3,1,2,2,0,0,1,1,1,1,1,1,1,1,2,-1,1,1,1,0,1,1,0,1,1]","[-2,-1,-1,0,0,1,1,2,-1,1,2,3,1,2,2,0,0,1,1,1,1,1,1,1,1,2,-1,1,1,1,0,1,1,0,1,1]",t^8+44t^6+195t^4+104t^2+1,"[-2,-1,-1,0,0,1,1,2,0,0,1,1,1,2,2,0,0,0,1,1,1,0,1,1,1,2,-1,0,1,0,0,0,-1,0,0,2]","[-2,-1,-1,0,0,1,1,2,0,2,-1,0,1,2,2,0,0,0,1,1,1,0,1,1,1,2,-1,0,1,1,0,0,1,0,0,0]","[-2,-1,-1,0,0,1,1,2,1,1,1,1,1,2,2,0,0,1,1,1,1,1,1,1,1,2,-1,1,1,3,0,1,2,0,-1,1]",c,"[[{8, 3}, {5, 7}, {2, 6}, {1, 4}], [{8, 7}, {4, 6}, {2, 5}, {1, 3}], [{8}, {5, 7}, {2, 6}, {1, 4}, {3}]]",1,8 K_1^3 - 8 K_1^2 - 8 K_1 K_2 - 2 K_1 + 4 K_2 + 2 K_3 + 5,O1O2O3U4O5U1U5U2O6O7U8O4U7U3O8U6,O1O2O3U2O4U5U1U3O6U7O5O8U4O7U8U6,O1O2O3U4U5O6U7O5O8U6O4U1U3U8O7U2,c,{'O1O2O3U4O5U1U6O7U5O6O4U2U8U3O8U7'},1,"<a href=""/flatknot/8.1101872"">8.1101872</a>",t^9-44t^7-150t^6-61t^5+318t^4+338t^3+6t^2-53t+4,0,,
8.1101873,O1O2O3U4O5U1U6O7U5O6O4U2U8U7O8U3,4,14z^2+99z+143,14w^3z^2+99w^2z+143w,False,False,"[[ 0 -2 -1  2  0  1  0  1 -1],[ 2  0  1  2  1  1  1  1  2],[ 1 -1  0  2  1  1  0  0  0],[-2 -2 -2  0 -1  0 -2  0 -3],[ 0 -1 -1  1  0  0  1  1  0],[-1 -1 -1  0  0  0 -1  0 -2],[ 0 -1  0  2 -1  1  0  1  0],[-1 -1  0  0 -1  0 -1  0 -1],[ 1 -2  0  3  0  2  0  1  0]]","[[ 0  2  1  1  0  0 -1 -1 -2],[-2  0  0  0 -1 -2 -2 -3 -2],[-1  0  0  0  0 -1 -1 -2 -1],[-1  0  0  0 -1 -1  0 -1 -1],[ 0  1  0  1  0  1 -1  0 -1],[ 0  2  1  1 -1  0  0  0 -1],[ 1  2  1  0  1  0  0  0 -1],[ 1  3  2  1  0  0  0  0 -2],[ 2  2  1  1  1  1  1  2  0]]",True,"[-2,-1,-1,0,0,1,1,2,0,0,1,2,2,3,2,0,0,1,1,2,1,1,1,0,1,1,-1,1,0,1,0,0,1,0,1,2]","[-2,-1,-1,0,0,1,1,2,-1,0,1,1,2,2,2,0,1,1,0,1,0,0,1,1,2,1,-1,1,0,1,0,0,0,0,1,1]",t^8+42t^6+137t^4+48t^2+4,"[-2,-1,-1,0,0,1,1,2,-1,0,1,1,2,2,2,0,1,1,0,1,0,0,1,1,2,1,-1,1,0,1,0,0,0,0,1,1]","[-2,-1,-1,0,0,1,1,2,1,1,0,1,0,1,2,0,0,0,1,2,2,0,1,0,1,2,-1,1,1,1,1,0,1,0,-1,0]","[-2,-1,-1,0,0,1,1,2,1,2,1,1,1,1,2,0,0,1,0,1,2,0,0,1,2,3,-1,1,1,2,1,0,1,0,0,0]",c,"[[{8, 4}, {1, 7}, {2, 6}, {3, 5}], [{8, 4}, {1, 7}, {2, 6}, {5}, {3}], [{8, 5}, {2, 7}, {4, 6}, {1, 3}], [{8, 5}, {2, 7}, {6}, {4}, {1, 3}], [{8, 7}, {3, 6}, {1, 5}, {2, 4}], [{8, 7}, {3, 6}, {4, 5}, {1, 2}], [{8}, {7}, {3, 6}, {4, 5}, {1, 2}]]",1,8 K_1^3 - 24 K_1^2 - 8 K_1 K_2 - 2 K_1 + 12 K_2 + 2 K_3 + 13,O1O2O3U1O4U5U4U2O6O7U8O5U7U3O8U6,O1O2O3U2O4U5U1U4O6U7O5O8U3O7U8U6,O1O2O3U4U5O6U1O5O7U6O4U8U3U7O8U2,c,{'O1O2O3U4O5U1U6O7U5O6O4U2U8U7O8U3'},1,"<a href=""/flatknot/8.1101873"">8.1101873</a>",t^9-42t^7-90t^6+107t^5+260t^4-65t^3-158t^2+23t+12,0,,
8.1101874,O1O2O3U4O5U1U6O7U5O6O4U7U8U3O8U2,4,2z^3+26z^2+103z+119,2w^4z^3+26w^3z^2+103w^2z+119w,False,False,"[[ 0 -2  1  2  0  1  0 -1 -1],[ 2  0  2  1  1  1  1  0  1],[-1 -2  0  1  0  0 -1 -1 -2],[-2 -1 -1  0 -1  0 -2 -1 -2],[ 0 -1  0  1  0  0  1 -1 -1],[-1 -1  0  0  0  0 -1  0 -1],[ 0 -1  1  2 -1  1  0 -1 -1],[ 1  0  1  1  1  0  1  0  1],[ 1 -1  2  2  1  1  1 -1  0]]","[[ 0  2  1  1  0  0 -1 -1 -2],[-2  0  0 -1 -1 -2 -1 -2 -1],[-1  0  0  0  0 -1  0 -1 -1],[-1  1  0  0  0 -1 -1 -2 -2],[ 0  1  0  0  0  1 -1 -1 -1],[ 0  2  1  1 -1  0 -1 -1 -1],[ 1  1  0  1  1  1  0  1  0],[ 1  2  1  2  1  1 -1  0 -1],[ 2  1  1  2  1  1  0  1  0]]",True,"[-2,-1,-1,0,0,1,1,2,0,1,1,2,1,2,1,0,0,1,0,1,1,0,1,1,2,2,-1,1,1,1,1,1,1,-1,0,1]","[-2,-1,-1,0,0,1,1,2,0,1,0,1,1,2,3,0,0,1,0,1,1,0,1,1,2,2,-1,0,0,1,0,0,1,-1,0,1]",t^8+34t^6+92t^4+28t^2,"[-2,-1,-1,0,0,1,1,2,0,1,1,1,1,2,3,1,0,0,0,1,1,0,0,1,2,2,-1,1,1,1,0,0,0,0,0,1]","[-2,-1,-1,0,0,1,1,2,0,1,0,1,1,2,3,0,0,1,0,1,1,0,1,1,2,2,-1,0,0,1,0,0,1,-1,0,1]","[-2,-1,-1,0,0,1,1,2,0,1,1,1,1,2,1,1,1,1,0,1,1,1,1,1,2,2,-1,1,1,2,0,0,1,0,0,1]",c,"[[{8, 1}, {2, 7}, {3, 6}, {4, 5}], [{8, 2}, {3, 7}, {5, 6}, {1, 4}], [{8, 2}, {3, 7}, {6}, {5}, {1, 4}]]",1,4 K_1^3 - 20 K_1^2 - 8 K_1 K_2 + K_1 + 10 K_2 + 3 K_3 + 11,O1O2O3U2O4U1U4U5O6O7U8O5U7U3O8U6,O1O2O3U2O4U5U4U3O6U7O5O8U1O7U8U6,O1O2O3U4U5O6U3O5O7U6O4U1U8U7O8U2,c,{'O1O2O3U4O5U1U6O7U5O6O4U7U8U3O8U2'},1,"<a href=""/flatknot/8.1101874"">8.1101874</a>",t^9-34t^7-98t^6-50t^5+90t^4+96t^3+12t^2-13t-4,0,,
8.1101875,O1O2O3U4O5U1U6O7U5O6O4U8U2U3O8U7,4,8z^3+48z^2+93z+59,8w^4z^3-4w^4z^2+52w^3z^2-16w^3z+109w^2z+59w,False,False,"[[ 0 -2  0  2  0  1  0  1 -2],[ 2  0  1  2  1  1  1  2  0],[ 0 -1  0  1  0  1 -1  0 -1],[-2 -2 -1  0 -2  1 -3 -1 -2],[ 0 -1  0  2  0  0  1  1 -2],[-1 -1 -1 -1  0  0 -1  0 -1],[ 0 -1  1  3 -1  1  0  1 -2],[-1 -2  0  1 -1  0 -1  0 -1],[ 2  0  1  2  2  1  2  1  0]]","[[ 0  2  1  1  0  0  0 -2 -2],[-2  0  1 -1 -1 -2 -3 -2 -2],[-1 -1  0  0 -1  0 -1 -1 -1],[-1  1  0  0  0 -1 -1 -1 -2],[ 0  1  1  0  0  0 -1 -1 -1],[ 0  2  0  1  0  0  1 -2 -1],[ 0  3  1  1  1 -1  0 -2 -1],[ 2  2  1  1  1  2  2  0  0],[ 2  2  1  2  1  1  1  0  0]]",True,"[-2,-1,-1,0,0,0,2,2,-1,1,1,2,3,2,2,0,1,0,1,1,1,0,1,1,1,2,0,1,1,1,-1,2,1,2,1,0]","[-2,-2,0,0,0,1,1,2,0,0,0,1,2,2,2,1,1,1,1,2,2,-1,0,0,1,0,-1,0,0,-1,1,0,1,0,0,2]",t^8+49t^6+209t^4+184t^2+9,"[-2,-2,0,0,0,1,1,2,0,0,0,1,2,2,2,1,1,1,1,2,2,-1,0,0,1,0,-1,0,0,-1,1,0,1,0,0,2]","[-2,-1,-1,0,0,0,2,2,0,2,-1,0,1,2,2,0,0,0,1,1,2,0,1,0,2,2,-1,1,1,0,0,1,0,1,1,0]","[-2,-2,0,0,0,1,1,2,0,1,1,1,1,2,2,1,2,2,1,1,2,-1,0,1,0,1,-1,1,1,3,0,1,2,0,-1,1]",c,"[[{8, 1}, {2, 7}, {3, 6}, {4, 5}], [{8, 1}, {2, 7}, {4, 6}, {3, 5}], [{8, 1}, {2, 7}, {5, 6}, {3, 4}], [{8, 1}, {2, 7}, {6}, {3, 5}, {4}], [{8, 1}, {3, 7}, {2, 6}, {4, 5}], [{8, 1}, {3, 7}, {4, 6}, {2, 5}], [{8, 1}, {3, 7}, {5, 6}, {2, 4}], [{8, 1}, {4, 7}, {2, 6}, {3, 5}], [{8, 1}, {4, 7}, {3, 6}, {2, 5}], [{8, 1}, {4, 7}, {5, 6}, {2, 3}], [{8, 1}, {5, 7}, {2, 6}, {3, 4}], [{8, 1}, {5, 7}, {3, 6}, {2, 4}], [{8, 1}, {5, 7}, {4, 6}, {2, 3}], [{8, 1}, {5, 7}, {6}, {3, 4}, {2}], [{8, 1}, {6, 7}, {2, 5}, {3, 4}], [{8, 1}, {6, 7}, {3, 5}, {2, 4}], [{8, 1}, {6, 7}, {4, 5}, {2, 3}], [{8, 1}, {6, 7}, {5}, {3, 4}, {2}], [{8, 1}, {7}, {3, 6}, {2, 5}, {4}], [{8, 1}, {7}, {5, 6}, {3, 4}, {2}], [{8, 2}, {1, 7}, {3, 6}, {4, 5}], [{8, 2}, {1, 7}, {4, 6}, {3, 5}], [{8, 2}, {1, 7}, {5, 6}, {3, 4}], [{8, 2}, {3, 7}, {1, 6}, {4, 5}], [{8, 2}, {3, 7}, {1, 6}, {5}, {4}], [{8, 2}, {3, 7}, {4, 6}, {1, 5}], [{8, 2}, {3, 7}, {5, 6}, {1, 4}], [{8, 2}, {4, 7}, {1, 6}, {3, 5}], [{8, 2}, {4, 7}, {3, 6}, {1, 5}], [{8, 2}, {4, 7}, {3, 6}, {5}, {1}], [{8, 2}, {4, 7}, {5, 6}, {1, 3}], [{8, 2}, {5, 7}, {1, 6}, {3, 4}], [{8, 2}, {5, 7}, {3, 6}, {1, 4}], [{8, 2}, {5, 7}, {3, 6}, {4}, {1}], [{8, 2}, {5, 7}, {4, 6}, {1, 3}], [{8, 2}, {5, 7}, {6}, {1, 4}, {3}], [{8, 2}, {6, 7}, {1, 5}, {3, 4}], [{8, 2}, {6, 7}, {3, 5}, {1, 4}], [{8, 2}, {6, 7}, {4, 5}, {1, 3}], [{8, 2}, {7}, {3, 6}, {4, 5}, {1}], [{8, 2}, {7}, {5, 6}, {4}, {1, 3}], [{8, 3}, {1, 7}, {2, 6}, {4, 5}], [{8, 3}, {1, 7}, {2, 6}, {5}, {4}], [{8, 3}, {1, 7}, {4, 6}, {2, 5}], [{8, 3}, {1, 7}, {4, 6}, {5}, {2}], [{8, 3}, {1, 7}, {5, 6}, {2, 4}], [{8, 3}, {1, 7}, {5, 6}, {4}, {2}], [{8, 3}, {1, 7}, {6}, {2, 5}, {4}], [{8, 3}, {1, 7}, {6}, {4, 5}, {2}], [{8, 3}, {1, 7}, {6}, {5}, {2, 4}], [{8, 3}, {1, 7}, {6}, {5}, {4}, {2}], [{8, 3}, {2, 7}, {1, 6}, {4, 5}], [{8, 3}, {2, 7}, {4, 6}, {1, 5}], [{8, 3}, {2, 7}, {5, 6}, {1, 4}], [{8, 3}, {2, 7}, {6}, {1, 5}, {4}], [{8, 3}, {4, 7}, {1, 6}, {2, 5}], [{8, 3}, {4, 7}, {2, 6}, {1, 5}], [{8, 3}, {4, 7}, {5, 6}, {1, 2}], [{8, 3}, {4, 7}, {6}, {1, 5}, {2}], [{8, 3}, {5, 7}, {1, 6}, {2, 4}], [{8, 3}, {5, 7}, {1, 6}, {4}, {2}], [{8, 3}, {5, 7}, {2, 6}, {1, 4}], [{8, 3}, {5, 7}, {2, 6}, {4}, {1}], [{8, 3}, {5, 7}, {4, 6}, {1, 2}], [{8, 3}, {5, 7}, {4, 6}, {2}, {1}], [{8, 3}, {5, 7}, {6}, {1, 4}, {2}], [{8, 3}, {5, 7}, {6}, {2, 4}, {1}], [{8, 3}, {5, 7}, {6}, {4}, {1, 2}], [{8, 3}, {5, 7}, {6}, {4}, {2}, {1}], [{8, 3}, {6, 7}, {1, 5}, {2, 4}], [{8, 3}, {6, 7}, {1, 5}, {4}, {2}], [{8, 3}, {6, 7}, {2, 5}, {1, 4}], [{8, 3}, {6, 7}, {4, 5}, {1, 2}], [{8, 3}, {6, 7}, {5}, {2, 4}, {1}], [{8, 3}, {7}, {1, 6}, {5}, {2, 4}], [{8, 3}, {7}, {2, 6}, {1, 5}, {4}], [{8, 3}, {7}, {4, 6}, {1, 5}, {2}], [{8, 3}, {7}, {5, 6}, {2, 4}, {1}], [{8, 3}, {7}, {6}, {1, 5}, {2, 4}], [{8, 3}, {7}, {6}, {1, 5}, {4}, {2}], [{8, 4}, {1, 7}, {2, 6}, {3, 5}], [{8, 4}, {1, 7}, {2, 6}, {5}, {3}], [{8, 4}, {1, 7}, {3, 6}, {2, 5}], [{8, 4}, {1, 7}, {5, 6}, {2, 3}], [{8, 4}, {1, 7}, {5, 6}, {3}, {2}], [{8, 4}, {1, 7}, {6}, {2, 5}, {3}], [{8, 4}, {2, 7}, {1, 6}, {3, 5}], [{8, 4}, {2, 7}, {1, 6}, {5}, {3}], [{8, 4}, {2, 7}, {3, 6}, {1, 5}], [{8, 4}, {2, 7}, {3, 6}, {5}, {1}], [{8, 4}, {2, 7}, {5, 6}, {1, 3}], [{8, 4}, {2, 7}, {6}, {5}, {1, 3}], [{8, 4}, {3, 7}, {1, 6}, {2, 5}], [{8, 4}, {3, 7}, {1, 6}, {5}, {2}], [{8, 4}, {3, 7}, {2, 6}, {1, 5}], [{8, 4}, {3, 7}, {5, 6}, {1, 2}], [{8, 4}, {3, 7}, {6}, {2, 5}, {1}], [{8, 4}, {5, 7}, {1, 6}, {2, 3}], [{8, 4}, {5, 7}, {2, 6}, {1, 3}], [{8, 4}, {5, 7}, {3, 6}, {1, 2}], [{8, 4}, {5, 7}, {6}, {1, 3}, {2}], [{8, 4}, {6, 7}, {1, 5}, {2, 3}], [{8, 4}, {6, 7}, {2, 5}, {1, 3}], [{8, 4}, {6, 7}, {3, 5}, {1, 2}], [{8, 4}, {6, 7}, {5}, {3}, {1, 2}], [{8, 4}, {7}, {1, 6}, {5}, {2, 3}], [{8, 4}, {7}, {6}, {2, 5}, {1, 3}], [{8, 5}, {1, 7}, {2, 6}, {3, 4}], [{8, 5}, {1, 7}, {3, 6}, {2, 4}], [{8, 5}, {1, 7}, {4, 6}, {2, 3}], [{8, 5}, {1, 7}, {4, 6}, {3}, {2}], [{8, 5}, {2, 7}, {1, 6}, {3, 4}], [{8, 5}, {2, 7}, {3, 6}, {1, 4}], [{8, 5}, {2, 7}, {4, 6}, {1, 3}], [{8, 5}, {3, 7}, {1, 6}, {2, 4}], [{8, 5}, {3, 7}, {2, 6}, {1, 4}], [{8, 5}, {3, 7}, {4, 6}, {1, 2}], [{8, 5}, {4, 7}, {1, 6}, {2, 3}], [{8, 5}, {4, 7}, {2, 6}, {1, 3}], [{8, 5}, {4, 7}, {3, 6}, {1, 2}], [{8, 5}, {4, 7}, {6}, {1, 3}, {2}], [{8, 5}, {6, 7}, {1, 4}, {2, 3}], [{8, 5}, {6, 7}, {2, 4}, {1, 3}], [{8, 5}, {6, 7}, {3, 4}, {1, 2}], [{8, 5}, {7}, {2, 6}, {1, 4}, {3}], [{8, 5}, {7}, {3, 6}, {1, 4}, {2}], [{8, 5}, {7}, {3, 6}, {2, 4}, {1}], [{8, 5}, {7}, {3, 6}, {4}, {1, 2}], [{8, 5}, {7}, {6}, {1, 4}, {2, 3}], [{8, 6}, {1, 7}, {2, 5}, {3, 4}], [{8, 6}, {1, 7}, {3, 5}, {2, 4}], [{8, 6}, {1, 7}, {4, 5}, {2, 3}], [{8, 6}, {2, 7}, {1, 5}, {3, 4}], [{8, 6}, {2, 7}, {3, 5}, {1, 4}], [{8, 6}, {2, 7}, {4, 5}, {1, 3}], [{8, 6}, {2, 7}, {5}, {3, 4}, {1}], [{8, 6}, {3, 7}, {1, 5}, {2, 4}], [{8, 6}, {3, 7}, {2, 5}, {1, 4}], [{8, 6}, {3, 7}, {4, 5}, {1, 2}], [{8, 6}, {4, 7}, {1, 5}, {2, 3}], [{8, 6}, {4, 7}, {2, 5}, {1, 3}], [{8, 6}, {4, 7}, {3, 5}, {1, 2}], [{8, 6}, {4, 7}, {5}, {1, 3}, {2}], [{8, 6}, {5, 7}, {1, 4}, {2, 3}], [{8, 6}, {5, 7}, {1, 4}, {3}, {2}], [{8, 6}, {5, 7}, {2, 4}, {1, 3}], [{8, 6}, {5, 7}, {3, 4}, {1, 2}], [{8, 6}, {5, 7}, {4}, {2, 3}, {1}], [{8, 6}, {7}, {3, 5}, {2, 4}, {1}], [{8, 7}, {1, 6}, {2, 5}, {3, 4}], [{8, 7}, {1, 6}, {3, 5}, {2, 4}], [{8, 7}, {1, 6}, {4, 5}, {2, 3}], [{8, 7}, {1, 6}, {5}, {2, 4}, {3}], [{8, 7}, {2, 6}, {1, 5}, {3, 4}], [{8, 7}, {2, 6}, {1, 5}, {4}, {3}], [{8, 7}, {2, 6}, {3, 5}, {1, 4}], [{8, 7}, {2, 6}, {4, 5}, {1, 3}], [{8, 7}, {2, 6}, {4, 5}, {3}, {1}], [{8, 7}, {2, 6}, {5}, {1, 4}, {3}], [{8, 7}, {3, 6}, {1, 5}, {2, 4}], [{8, 7}, {3, 6}, {2, 5}, {1, 4}], [{8, 7}, {3, 6}, {4, 5}, {1, 2}], [{8, 7}, {3, 6}, {5}, {1, 4}, {2}], [{8, 7}, {4, 6}, {1, 5}, {2, 3}], [{8, 7}, {4, 6}, {2, 5}, {1, 3}], [{8, 7}, {4, 6}, {3, 5}, {1, 2}], [{8, 7}, {4, 6}, {5}, {3}, {1, 2}], [{8, 7}, {5, 6}, {1, 4}, {2, 3}], [{8, 7}, {5, 6}, {2, 4}, {1, 3}], [{8, 7}, {5, 6}, {3, 4}, {1, 2}], [{8, 7}, {5, 6}, {3, 4}, {2}, {1}], [{8, 7}, {6}, {4, 5}, {1, 3}, {2}], [{8, 7}, {6}, {5}, {1, 4}, {2, 3}], [{8}, {1, 7}, {2, 6}, {5}, {3, 4}], [{8}, {1, 7}, {4, 6}, {3, 5}, {2}], [{8}, {1, 7}, {5, 6}, {3, 4}, {2}], [{8}, {1, 7}, {6}, {2, 5}, {3, 4}], [{8}, {3, 7}, {1, 6}, {5}, {2, 4}], [{8}, {3, 7}, {2, 6}, {1, 5}, {4}], [{8}, {3, 7}, {5, 6}, {4}, {1, 2}], [{8}, {4, 7}, {1, 6}, {3, 5}, {2}], [{8}, {4, 7}, {2, 6}, {3, 5}, {1}], [{8}, {4, 7}, {5, 6}, {1, 3}, {2}], [{8}, {4, 7}, {6}, {3, 5}, {1, 2}], [{8}, {5, 7}, {2, 6}, {1, 4}, {3}], [{8}, {5, 7}, {3, 6}, {1, 4}, {2}], [{8}, {5, 7}, {6}, {1, 4}, {2, 3}], [{8}, {5, 7}, {6}, {1, 4}, {3}, {2}], [{8}, {7}, {2, 6}, {4, 5}, {1, 3}]]",2,4 K_1^3 - 2 K_1^2 - 4 K_1 K_2 - K_1 + K_2 + K_3 + 2,O1O2O3U4O5U1U2U5O6O7U8O4U7U3O8U6,O1O2O3U1O4U5U2U3O6U7O5O8U4O7U8U6,O1O2O3U4U5O6U7O5O8U6O4U1U2U8O7U3,c,{'O1O2O3U4O5U1U6O7U5O6O4U8U2U3O8U7'},1,"<a href=""/flatknot/8.1101875"">8.1101875</a>",t^9-51t^7-162t^6-2t^5+364t^4+121t^3-268t^2-51t+78,t^2-2t,,
8.1101876,O1O2O3U4O5U1U6O7U5O6O4U8U3U2O8U7,4,z^3+30z^2+96z+81,w^4z^3-8w^4z^2+38w^3z^2-8w^3z+104w^2z+81w,False,False,"[[ 0 -2  1  1  0  1  0  1 -2],[ 2  0  2  1  1  1  1  2  0],[-1 -2  0  0 -1  1 -2  0 -2],[-1 -1  0  0 -1  1 -2 -1 -1],[ 0 -1  1  1  0  0  1  1 -2],[-1 -1 -1 -1  0  0 -1  0 -1],[ 0 -1  2  2 -1  1  0  1 -2],[-1 -2  0  1 -1  0 -1  0 -1],[ 2  0  2  1  2  1  2  1  0]]","[[ 0  1  1  1  1  0  0 -2 -2],[-1  0  1  0  0 -1 -1 -1 -2],[-1 -1  0  1  0 -1 -2 -1 -1],[-1  0 -1  0 -1  0 -1 -1 -1],[-1  0  0  1  0 -1 -2 -2 -2],[ 0  1  1  0  1  0  1 -2 -1],[ 0  1  2  1  2 -1  0 -2 -1],[ 2  1  1  1  2  2  2  0  0],[ 2  2  1  1  2  1  1  0  0]]",True,"[-1,-1,-1,-1,0,0,2,2,-1,0,0,1,1,1,2,-1,0,1,2,1,1,1,0,1,1,1,1,2,2,2,-1,2,1,2,1,0]","[-2,-2,0,0,1,1,1,1,0,0,0,1,2,2,2,1,1,1,1,2,2,-1,0,0,0,1,-1,0,-1,0,0,0,-1,-1,0,-1]",t^8+44t^6+206t^4+196t^2+1,"[-2,-2,0,0,1,1,1,1,0,0,0,1,2,2,2,1,1,1,1,2,2,-1,0,0,0,1,-1,0,-1,0,0,0,-1,-1,0,-1]","[-1,-1,-1,-1,0,0,2,2,-1,-1,0,0,1,2,2,0,-1,-1,0,2,2,0,-1,0,1,1,0,0,1,2,-1,1,0,1,0,0]","[-2,-2,0,0,1,1,1,1,0,1,1,1,1,2,2,2,2,1,1,1,2,-1,1,2,1,2,0,1,1,1,-1,0,-1,-1,0,0]",c,"[[{8, 2}, {4, 7}, {5, 6}, {1, 3}], [{8, 4}, {2, 7}, {1, 6}, {3, 5}], [{8, 5}, {1, 7}, {2, 6}, {3, 4}]]",1,4 K_1^3 - 4 K_1 K_2 - K_1 + K_3 + 1,O1O2O3U4O5U2U1U5O6O7U8O4U7U3O8U6,O1O2O3U1O4U5U3U2O6U7O5O8U4O7U8U6,O1O2O3U4U5O6U7O5O8U6O4U2U1U8O7U3,c,{'O1O2O3U4O5U1U6O7U5O6O4U8U3U2O8U7'},1,"<a href=""/flatknot/8.1101876"">8.1101876</a>",t^9-48t^7-122t^6+78t^5+252t^4-140t^3-154t^2+125t-10,2t^2-4t,,
8.1101877,O1O2O3U4O5U1U6O7U5O6O4U8U3U7O8U2,4,13z^2+82z+113,13w^3z^2+82w^2z+113w,False,False,"[[ 0 -2  1  1  0  1  0  1 -2],[ 2  0  2  1  1  1  1  1  1],[-1 -2  0  0  0  0 -1  1 -3],[-1 -1  0  0 -1  1 -2  0 -2],[ 0 -1  0  1  0  0  1  1 -1],[-1 -1  0 -1  0  0 -1  0 -2],[ 0 -1  1  2 -1  1  0  1 -1],[-1 -1 -1  0 -1  0 -1  0 -1],[ 2 -1  3  2  1  2  1  1  0]]","[[ 0  1  1  1  1  0  0 -2 -2],[-1  0  1  0  0  0 -1 -2 -3],[-1 -1  0  0  0 -1 -1 -1 -1],[-1  0  0  0  1 -1 -2 -1 -2],[-1  0  0 -1  0  0 -1 -1 -2],[ 0  0  1  1  0  0  1 -1 -1],[ 0  1  1  2  1 -1  0 -1 -1],[ 2  2  1  1  1  1  1  0  1],[ 2  3  1  2  2  1  1 -1  0]]",True,"[-1,-1,-1,-1,0,0,2,2,-1,0,0,0,1,2,3,0,0,1,1,1,1,-1,1,2,1,2,0,1,1,2,-1,1,1,1,1,-1]","[-2,-2,0,0,1,1,1,1,-1,1,1,1,2,2,2,1,1,0,1,1,2,-1,1,0,1,0,0,-1,0,0,0,0,-1,-1,0,0]",t^8+42t^6+190t^4+67t^2+4,"[-2,-2,0,0,1,1,1,1,-1,1,1,1,2,2,2,1,1,0,1,1,2,-1,1,0,1,0,0,-1,0,0,0,0,-1,-1,0,0]","[-1,-1,-1,-1,0,0,2,2,-1,0,0,0,0,2,2,0,0,0,1,0,1,-1,0,1,1,2,-1,0,1,2,-1,1,1,1,1,-1]","[-2,-2,0,0,1,1,1,1,-1,1,1,1,2,2,3,1,1,1,1,1,2,-1,1,1,2,1,1,0,1,0,0,0,-1,-1,0,0]",c,"[[{8, 4}, {2, 7}, {1, 6}, {3, 5}], [{8, 4}, {3, 7}, {1, 6}, {2, 5}], [{8, 4}, {5, 7}, {1, 6}, {2, 3}], [{8, 4}, {5, 7}, {1, 6}, {3}, {2}], [{8, 4}, {7}, {1, 6}, {5}, {2, 3}]]",1,4 K_1^3 - 20 K_1^2 - 4 K_1 K_2 - K_1 + 10 K_2 + K_3 + 11,O1O2O3U2O4U5U1U4O6O7U8O5U7U3O8U6,O1O2O3U1O4U5U4U2O6U7O5O8U3O7U8U6,O1O2O3U4U5O6U1O5O7U6O4U2U8U7O8U3,c,{'O1O2O3U4O5U1U6O7U5O6O4U8U3U7O8U2'},1,"<a href=""/flatknot/8.1101877"">8.1101877</a>",t^9-46t^7-108t^6+84t^5+358t^4+107t^3-230t^2-116t+10,2t^2-4t,,
8.1101878,O1O2O3U4O5U1U6O7U5O6O4U8U7U3O8U2,4,16z^2+93z+123,16w^3z^2+93w^2z+123w,False,False,"[[ 0 -2  1  2  0  1  0  0 -2],[ 2  0  2  1  1  1  1  0  1],[-1 -2  0  1  0  0 -1  0 -3],[-2 -1 -1  0 -1  0 -2 -1 -3],[ 0 -1  0  1  0  0  1  0 -1],[-1 -1  0  0  0  0 -1  0 -2],[ 0 -1  1  2 -1  1  0  0 -1],[ 0  0  0  1  0  0  0  0  0],[ 2 -1  3  3  1  2  1  0  0]]","[[ 0  2  1  1  0  0  0 -2 -2],[-2  0  0 -1 -1 -1 -2 -1 -3],[-1  0  0  0  0  0 -1 -1 -2],[-1  1  0  0  0  0 -1 -2 -3],[ 0  1  0  0  0  0  1 -1 -1],[ 0  1  0  0  0  0  0  0  0],[ 0  2  1  1 -1  0  0 -1 -1],[ 2  1  1  2  1  0  1  0  1],[ 2  3  2  3  1  0  1 -1  0]]",True,"[-2,-1,-1,0,0,0,2,2,0,1,1,1,2,1,3,0,0,0,1,1,2,0,0,1,2,3,0,-1,1,1,0,0,0,1,1,-1]","[-2,-2,0,0,0,1,1,2,-1,0,1,1,2,3,3,0,1,1,1,2,1,0,0,0,0,1,-1,1,1,2,0,0,1,0,0,1]",t^8+43t^6+127t^4+55t^2+1,"[-2,-2,0,0,0,1,1,2,-1,1,1,2,1,2,3,1,1,2,0,1,1,-1,0,1,1,1,0,0,0,0,1,1,1,0,0,1]","[-2,-1,-1,0,0,0,2,2,0,1,0,1,1,1,3,0,0,1,1,0,1,0,1,1,1,2,-1,0,1,1,0,1,1,2,2,-1]","[-2,-2,0,0,0,1,1,2,-1,0,1,1,2,3,3,0,1,1,1,2,1,0,0,0,0,1,-1,1,1,2,0,0,1,0,0,1]",c,"[[{8, 1}, {2, 7}, {3, 6}, {4, 5}]]",1,4 K_1^3 - 18 K_1^2 - 4 K_1 K_2 - K_1 + 9 K_2 + K_3 + 10,O1O2O3U2O4U1U5U4O6O7U8O5U7U3O8U6,O1O2O3U1O4U5U4U3O6U7O5O8U2O7U8U6,O1O2O3U4U5O6U2O5O7U6O4U1U8U7O8U3,c,{'O1O2O3U4O5U1U6O7U5O6O4U8U7U3O8U2'},1,"<a href=""/flatknot/8.1101878"">8.1101878</a>",t^9-45t^7-104t^6+44t^5+170t^4+21t^3-22t^2+12t-2,t^2-2t,,
8.1101879,O1O2O3U4O5U1U6O7U8O6O4U2U7U5O8U3,4,12z^2+97z+147,12w^3z^2+97w^2z+147w,False,False,"[[ 0 -2 -1  2  0  2  0  0 -1],[ 2  0  0  2  2  1  2  0  1],[ 1  0  0  2  1  1  1 -1  1],[-2 -2 -2  0 -1  0 -2 -1 -2],[ 0 -2 -1  1  0  1  0  1 -1],[-2 -1 -1  0 -1  0 -1 -1 -2],[ 0 -2 -1  2  0  1  0  0 -1],[ 0  0  1  1 -1  1  0  0  0],[ 1 -1 -1  2  1  2  1  0  0]]","[[ 0  2  2  0  0  0 -1 -1 -2],[-2  0  0 -1 -1 -1 -1 -2 -1],[-2  0  0 -1 -1 -2 -2 -2 -2],[ 0  1  1  0  1  0 -1 -1 -2],[ 0  1  1 -1  0  0  1  0  0],[ 0  1  2  0  0  0 -1 -1 -2],[ 1  1  2  1 -1  1  0  1  0],[ 1  2  2  1  0  1 -1  0 -1],[ 2  1  2  2  0  2  0  1  0]]",True,"[-2,-2,0,0,0,1,1,2,0,1,1,1,1,2,1,1,1,2,2,2,2,-1,0,1,1,2,0,-1,0,0,1,1,2,-1,0,1]","[-2,-2,0,0,0,1,1,2,0,0,1,1,1,1,2,1,1,1,1,2,3,0,0,0,0,0,-1,1,2,2,0,0,0,-1,0,1]",t^8+43t^6+188t^4+104t^2+1,"[-2,-1,-1,0,0,0,2,2,0,1,0,0,2,2,3,1,0,0,1,1,1,0,0,2,1,2,0,-1,1,1,0,0,1,1,1,0]","[-2,-2,0,0,0,1,1,2,0,0,1,1,1,1,2,1,1,1,1,2,3,0,0,0,0,0,-1,1,2,2,0,0,0,-1,0,1]","[-2,-1,-1,0,0,0,2,2,0,1,0,2,2,1,2,1,-1,1,1,1,2,0,1,1,2,2,-1,0,1,1,0,1,1,1,2,0]",c,"[[{8, 1}, {2, 7}, {3, 6}, {4, 5}], [{8, 1}, {2, 7}, {4, 6}, {3, 5}], [{8, 1}, {2, 7}, {5, 6}, {3, 4}], [{8, 1}, {3, 7}, {2, 6}, {4, 5}], [{8, 1}, {3, 7}, {4, 6}, {2, 5}], [{8, 1}, {3, 7}, {5, 6}, {2, 4}], [{8, 1}, {3, 7}, {6}, {2, 5}, {4}], [{8, 1}, {4, 7}, {2, 6}, {3, 5}], [{8, 1}, {4, 7}, {3, 6}, {2, 5}], [{8, 1}, {4, 7}, {5, 6}, {2, 3}], [{8, 1}, {4, 7}, {6}, {2, 5}, {3}], [{8, 1}, {5, 7}, {2, 6}, {3, 4}], [{8, 1}, {5, 7}, {3, 6}, {2, 4}], [{8, 1}, {5, 7}, {4, 6}, {2, 3}], [{8, 1}, {6, 7}, {2, 5}, {3, 4}], [{8, 1}, {6, 7}, {3, 5}, {2, 4}], [{8, 1}, {6, 7}, {3, 5}, {4}, {2}], [{8, 1}, {6, 7}, {4, 5}, {2, 3}], [{8, 1}, {7}, {6}, {2, 5}, {3, 4}], [{8, 1}, {7}, {6}, {3, 5}, {2, 4}], [{8, 2}, {1, 7}, {3, 6}, {4, 5}], [{8, 2}, {1, 7}, {4, 6}, {3, 5}], [{8, 2}, {1, 7}, {5, 6}, {3, 4}], [{8, 2}, {1, 7}, {6}, {5}, {3, 4}], [{8, 2}, {3, 7}, {1, 6}, {4, 5}], [{8, 2}, {3, 7}, {1, 6}, {5}, {4}], [{8, 2}, {3, 7}, {4, 6}, {1, 5}], [{8, 2}, {3, 7}, {4, 6}, {5}, {1}], [{8, 2}, {3, 7}, {5, 6}, {1, 4}], [{8, 2}, {3, 7}, {5, 6}, {4}, {1}], [{8, 2}, {3, 7}, {6}, {1, 5}, {4}], [{8, 2}, {3, 7}, {6}, {4, 5}, {1}], [{8, 2}, {3, 7}, {6}, {5}, {1, 4}], [{8, 2}, {3, 7}, {6}, {5}, {4}, {1}], [{8, 2}, {4, 7}, {1, 6}, {3, 5}], [{8, 2}, {4, 7}, {3, 6}, {1, 5}], [{8, 2}, {4, 7}, {5, 6}, {1, 3}], [{8, 2}, {4, 7}, {6}, {5}, {1, 3}], [{8, 2}, {5, 7}, {1, 6}, {3, 4}], [{8, 2}, {5, 7}, {3, 6}, {1, 4}], [{8, 2}, {5, 7}, {3, 6}, {4}, {1}], [{8, 2}, {5, 7}, {4, 6}, {1, 3}], [{8, 2}, {6, 7}, {1, 5}, {3, 4}], [{8, 2}, {6, 7}, {3, 5}, {1, 4}], [{8, 2}, {6, 7}, {3, 5}, {4}, {1}], [{8, 2}, {6, 7}, {4, 5}, {1, 3}], [{8, 3}, {1, 7}, {2, 6}, {4, 5}], [{8, 3}, {1, 7}, {4, 6}, {2, 5}], [{8, 3}, {1, 7}, {5, 6}, {2, 4}], [{8, 3}, {1, 7}, {5, 6}, {4}, {2}], [{8, 3}, {1, 7}, {6}, {5}, {2, 4}], [{8, 3}, {2, 7}, {1, 6}, {4, 5}], [{8, 3}, {2, 7}, {4, 6}, {1, 5}], [{8, 3}, {2, 7}, {5, 6}, {1, 4}], [{8, 3}, {2, 7}, {6}, {1, 5}, {4}], [{8, 3}, {4, 7}, {1, 6}, {2, 5}], [{8, 3}, {4, 7}, {2, 6}, {1, 5}], [{8, 3}, {4, 7}, {5, 6}, {1, 2}], [{8, 3}, {4, 7}, {6}, {2, 5}, {1}], [{8, 3}, {5, 7}, {1, 6}, {2, 4}], [{8, 3}, {5, 7}, {1, 6}, {4}, {2}], [{8, 3}, {5, 7}, {2, 6}, {1, 4}], [{8, 3}, {5, 7}, {4, 6}, {1, 2}], [{8, 3}, {6, 7}, {1, 5}, {2, 4}], [{8, 3}, {6, 7}, {2, 5}, {1, 4}], [{8, 3}, {6, 7}, {4, 5}, {1, 2}], [{8, 3}, {7}, {2, 6}, {5}, {1, 4}], [{8, 4}, {1, 7}, {2, 6}, {3, 5}], [{8, 4}, {1, 7}, {3, 6}, {2, 5}], [{8, 4}, {1, 7}, {5, 6}, {2, 3}], [{8, 4}, {2, 7}, {1, 6}, {3, 5}], [{8, 4}, {2, 7}, {3, 6}, {1, 5}], [{8, 4}, {2, 7}, {5, 6}, {1, 3}], [{8, 4}, {2, 7}, {5, 6}, {3}, {1}], [{8, 4}, {3, 7}, {1, 6}, {2, 5}], [{8, 4}, {3, 7}, {2, 6}, {1, 5}], [{8, 4}, {3, 7}, {2, 6}, {5}, {1}], [{8, 4}, {3, 7}, {5, 6}, {1, 2}], [{8, 4}, {3, 7}, {5, 6}, {2}, {1}], [{8, 4}, {3, 7}, {6}, {2, 5}, {1}], [{8, 4}, {5, 7}, {1, 6}, {2, 3}], [{8, 4}, {5, 7}, {2, 6}, {1, 3}], [{8, 4}, {5, 7}, {2, 6}, {3}, {1}], [{8, 4}, {5, 7}, {3, 6}, {1, 2}], [{8, 4}, {6, 7}, {1, 5}, {2, 3}], [{8, 4}, {6, 7}, {2, 5}, {1, 3}], [{8, 4}, {6, 7}, {3, 5}, {1, 2}], [{8, 4}, {7}, {2, 6}, {3, 5}, {1}], [{8, 4}, {7}, {5, 6}, {2, 3}, {1}], [{8, 5}, {1, 7}, {2, 6}, {3, 4}], [{8, 5}, {1, 7}, {3, 6}, {2, 4}], [{8, 5}, {1, 7}, {4, 6}, {2, 3}], [{8, 5}, {1, 7}, {6}, {3, 4}, {2}], [{8, 5}, {2, 7}, {1, 6}, {3, 4}], [{8, 5}, {2, 7}, {3, 6}, {1, 4}], [{8, 5}, {2, 7}, {4, 6}, {1, 3}], [{8, 5}, {3, 7}, {1, 6}, {2, 4}], [{8, 5}, {3, 7}, {1, 6}, {4}, {2}], [{8, 5}, {3, 7}, {2, 6}, {1, 4}], [{8, 5}, {3, 7}, {2, 6}, {4}, {1}], [{8, 5}, {3, 7}, {4, 6}, {1, 2}], [{8, 5}, {3, 7}, {4, 6}, {2}, {1}], [{8, 5}, {3, 7}, {6}, {1, 4}, {2}], [{8, 5}, {3, 7}, {6}, {2, 4}, {1}], [{8, 5}, {3, 7}, {6}, {4}, {1, 2}], [{8, 5}, {3, 7}, {6}, {4}, {2}, {1}], [{8, 5}, {4, 7}, {1, 6}, {2, 3}], [{8, 5}, {4, 7}, {2, 6}, {1, 3}], [{8, 5}, {4, 7}, {3, 6}, {1, 2}], [{8, 5}, {4, 7}, {6}, {1, 3}, {2}], [{8, 5}, {6, 7}, {1, 4}, {2, 3}], [{8, 5}, {6, 7}, {2, 4}, {1, 3}], [{8, 5}, {6, 7}, {2, 4}, {3}, {1}], [{8, 5}, {6, 7}, {3, 4}, {1, 2}], [{8, 5}, {7}, {3, 6}, {2, 4}, {1}], [{8, 6}, {1, 7}, {2, 5}, {3, 4}], [{8, 6}, {1, 7}, {3, 5}, {2, 4}], [{8, 6}, {1, 7}, {3, 5}, {4}, {2}], [{8, 6}, {1, 7}, {4, 5}, {2, 3}], [{8, 6}, {2, 7}, {1, 5}, {3, 4}], [{8, 6}, {2, 7}, {3, 5}, {1, 4}], [{8, 6}, {2, 7}, {4, 5}, {1, 3}], [{8, 6}, {2, 7}, {5}, {4}, {1, 3}], [{8, 6}, {3, 7}, {1, 5}, {2, 4}], [{8, 6}, {3, 7}, {2, 5}, {1, 4}], [{8, 6}, {3, 7}, {2, 5}, {4}, {1}], [{8, 6}, {3, 7}, {4, 5}, {1, 2}], [{8, 6}, {3, 7}, {4, 5}, {2}, {1}], [{8, 6}, {3, 7}, {5}, {2, 4}, {1}], [{8, 6}, {4, 7}, {1, 5}, {2, 3}], [{8, 6}, {4, 7}, {2, 5}, {1, 3}], [{8, 6}, {4, 7}, {2, 5}, {3}, {1}], [{8, 6}, {4, 7}, {3, 5}, {1, 2}], [{8, 6}, {5, 7}, {1, 4}, {2, 3}], [{8, 6}, {5, 7}, {1, 4}, {3}, {2}], [{8, 6}, {5, 7}, {2, 4}, {1, 3}], [{8, 6}, {5, 7}, {3, 4}, {1, 2}], [{8, 6}, {7}, {2, 5}, {3, 4}, {1}], [{8, 6}, {7}, {5}, {1, 4}, {2, 3}], [{8, 7}, {1, 6}, {2, 5}, {3, 4}], [{8, 7}, {1, 6}, {3, 5}, {2, 4}], [{8, 7}, {1, 6}, {4, 5}, {2, 3}], [{8, 7}, {2, 6}, {1, 5}, {3, 4}], [{8, 7}, {2, 6}, {3, 5}, {1, 4}], [{8, 7}, {2, 6}, {4, 5}, {1, 3}], [{8, 7}, {2, 6}, {5}, {4}, {1, 3}], [{8, 7}, {3, 6}, {1, 5}, {2, 4}], [{8, 7}, {3, 6}, {2, 5}, {1, 4}], [{8, 7}, {3, 6}, {4, 5}, {1, 2}], [{8, 7}, {4, 6}, {1, 5}, {2, 3}], [{8, 7}, {4, 6}, {2, 5}, {1, 3}], [{8, 7}, {4, 6}, {3, 5}, {1, 2}], [{8, 7}, {4, 6}, {3, 5}, {2}, {1}], [{8, 7}, {5, 6}, {1, 4}, {2, 3}], [{8, 7}, {5, 6}, {1, 4}, {3}, {2}], [{8, 7}, {5, 6}, {2, 4}, {1, 3}], [{8, 7}, {5, 6}, {3, 4}, {1, 2}], [{8, 7}, {6}, {1, 5}, {2, 4}, {3}], [{8, 7}, {6}, {1, 5}, {3, 4}, {2}], [{8, 7}, {6}, {1, 5}, {4}, {2, 3}], [{8, 7}, {6}, {2, 5}, {3, 4}, {1}], [{8, 7}, {6}, {4, 5}, {1, 3}, {2}], [{8, 7}, {6}, {5}, {3, 4}, {1, 2}], [{8}, {1, 7}, {2, 6}, {4, 5}, {3}], [{8}, {1, 7}, {5, 6}, {2, 4}, {3}], [{8}, {1, 7}, {6}, {2, 5}, {3, 4}], [{8}, {2, 7}, {1, 6}, {3, 5}, {4}], [{8}, {3, 7}, {1, 6}, {2, 5}, {4}], [{8}, {3, 7}, {2, 6}, {4, 5}, {1}], [{8}, {3, 7}, {4, 6}, {2, 5}, {1}], [{8}, {3, 7}, {5, 6}, {2, 4}, {1}], [{8}, {3, 7}, {6}, {2, 5}, {1, 4}], [{8}, {3, 7}, {6}, {2, 5}, {4}, {1}], [{8}, {4, 7}, {1, 6}, {2, 5}, {3}], [{8}, {4, 7}, {2, 6}, {1, 5}, {3}], [{8}, {4, 7}, {3, 6}, {2, 5}, {1}], [{8}, {4, 7}, {5, 6}, {3}, {1, 2}], [{8}, {4, 7}, {6}, {2, 5}, {1, 3}], [{8}, {4, 7}, {6}, {2, 5}, {3}, {1}], [{8}, {5, 7}, {6}, {1, 4}, {2, 3}], [{8}, {5, 7}, {6}, {2, 4}, {1, 3}], [{8}, {6, 7}, {2, 5}, {3, 4}, {1}], [{8}, {6, 7}, {3, 5}, {4}, {1, 2}], [{8}, {6, 7}, {5}, {2, 4}, {1, 3}], [{8}, {7}, {1, 6}, {2, 5}, {3, 4}], [{8}, {7}, {2, 6}, {4, 5}, {1, 3}], [{8}, {7}, {3, 6}, {4, 5}, {1, 2}], [{8}, {7}, {5, 6}, {2, 4}, {1, 3}], [{8}, {7}, {6}, {2, 5}, {3, 4}, {1}]]",2,12 K_1^3 - 34 K_1^2 - 16 K_1 K_2 - K_1 + 17 K_2 + 5 K_3 + 18,O1O2O3U1O4U5U6U2O7O8U4O6U8U3O5U7,O1O2O3U4O5U6U1U5O7U3O6O8U2O4U8U7,O1O2O3U4U5O6U2O5O7U1O4U8U3U7O8U6,c,{'O1O2O3U4O5U1U6O7U8O6O4U2U7U5O8U3'},1,"<a href=""/flatknot/8.1101879"">8.1101879</a>",t^9-41t^7-122t^6-31t^5+184t^4+139t^3+12t^2-14t-18,-t^2+2t,,
8.1101880,O1O2O3U4O5U1U6O7U8O6O4U7U2U5O8U3,4,2z^3+27z^2+90z+89,2w^4z^3+27w^3z^2+90w^2z+89w,False,False,"[[ 0 -2  0  2  0  2  0 -1 -1],[ 2  0  0  2  2  1  2 -1  1],[ 0  0  0  1  1  0  1 -2  0],[-2 -2 -1  0 -1  0 -2 -1 -2],[ 0 -2 -1  1  0  1  0  0 -1],[-2 -1  0  0 -1  0 -1 -1 -2],[ 0 -2 -1  2  0  1  0 -1 -1],[ 1  1  2  1  0  1  1  0  1],[ 1 -1  0  2  1  2  1 -1  0]]","[[ 0  2  2  0  0  0 -1 -1 -2],[-2  0  0  0 -1 -1 -1 -2 -1],[-2  0  0 -1 -1 -2 -1 -2 -2],[ 0  0  1  0  1  1 -2  0  0],[ 0  1  1 -1  0  0  0 -1 -2],[ 0  1  2 -1  0  0 -1 -1 -2],[ 1  1  1  2  0  1  0  1  1],[ 1  2  2  0  1  1 -1  0 -1],[ 2  1  2  0  2  2 -1  1  0]]",True,"[-2,-2,0,0,0,1,1,2,0,0,1,1,1,2,1,1,1,2,1,2,2,-1,-1,2,0,0,0,0,1,2,1,1,2,-1,-1,1]","[-2,-2,0,0,0,1,1,2,0,0,1,1,1,2,1,1,1,2,1,2,2,-1,-1,2,0,0,0,0,1,2,1,1,2,-1,-1,1]",t^8+43t^6+204t^4+87t^2+4,"[-2,-1,-1,0,0,0,2,2,0,2,0,0,2,2,3,1,0,0,1,1,1,0,1,-1,2,2,0,1,0,1,1,1,1,1,2,0]","[-2,-2,0,0,0,1,1,2,0,0,1,1,1,2,2,1,1,2,1,2,3,0,-1,0,0,0,-1,0,1,0,1,-1,2,-1,0,2]","[-2,-1,-1,0,0,0,2,2,-1,1,0,2,2,1,2,1,2,0,1,1,1,0,1,1,2,2,1,1,0,1,0,1,1,1,2,0]",c,"[[{8, 1}, {2, 7}, {3, 6}, {4, 5}], [{8, 1}, {2, 7}, {4, 6}, {3, 5}], [{8, 1}, {2, 7}, {5, 6}, {3, 4}], [{8, 1}, {3, 7}, {2, 6}, {4, 5}], [{8, 1}, {3, 7}, {4, 6}, {2, 5}], [{8, 1}, {3, 7}, {5, 6}, {2, 4}], [{8, 1}, {3, 7}, {6}, {2, 5}, {4}], [{8, 1}, {4, 7}, {2, 6}, {3, 5}], [{8, 1}, {4, 7}, {3, 6}, {2, 5}], [{8, 1}, {4, 7}, {5, 6}, {2, 3}], [{8, 1}, {4, 7}, {6}, {2, 5}, {3}], [{8, 1}, {5, 7}, {2, 6}, {3, 4}], [{8, 1}, {5, 7}, {3, 6}, {2, 4}], [{8, 1}, {5, 7}, {4, 6}, {2, 3}], [{8, 1}, {6, 7}, {2, 5}, {3, 4}], [{8, 1}, {6, 7}, {3, 5}, {2, 4}], [{8, 1}, {6, 7}, {4, 5}, {2, 3}], [{8, 1}, {7}, {5, 6}, {4}, {2, 3}], [{8, 1}, {7}, {6}, {2, 5}, {3, 4}], [{8, 2}, {1, 7}, {3, 6}, {4, 5}], [{8, 2}, {1, 7}, {4, 6}, {3, 5}], [{8, 2}, {1, 7}, {5, 6}, {3, 4}], [{8, 2}, {3, 7}, {1, 6}, {4, 5}], [{8, 2}, {3, 7}, {4, 6}, {1, 5}], [{8, 2}, {3, 7}, {5, 6}, {1, 4}], [{8, 2}, {3, 7}, {6}, {1, 5}, {4}], [{8, 2}, {4, 7}, {1, 6}, {3, 5}], [{8, 2}, {4, 7}, {3, 6}, {1, 5}], [{8, 2}, {4, 7}, {5, 6}, {1, 3}], [{8, 2}, {4, 7}, {6}, {5}, {1, 3}], [{8, 2}, {5, 7}, {1, 6}, {3, 4}], [{8, 2}, {5, 7}, {3, 6}, {1, 4}], [{8, 2}, {5, 7}, {4, 6}, {1, 3}], [{8, 2}, {5, 7}, {6}, {3, 4}, {1}], [{8, 2}, {6, 7}, {1, 5}, {3, 4}], [{8, 2}, {6, 7}, {3, 5}, {1, 4}], [{8, 2}, {6, 7}, {4, 5}, {1, 3}], [{8, 3}, {1, 7}, {2, 6}, {4, 5}], [{8, 3}, {1, 7}, {4, 6}, {2, 5}], [{8, 3}, {1, 7}, {4, 6}, {5}, {2}], [{8, 3}, {1, 7}, {5, 6}, {2, 4}], [{8, 3}, {2, 7}, {1, 6}, {4, 5}], [{8, 3}, {2, 7}, {4, 6}, {1, 5}], [{8, 3}, {2, 7}, {5, 6}, {1, 4}], [{8, 3}, {2, 7}, {6}, {1, 5}, {4}], [{8, 3}, {4, 7}, {1, 6}, {2, 5}], [{8, 3}, {4, 7}, {1, 6}, {5}, {2}], [{8, 3}, {4, 7}, {2, 6}, {1, 5}], [{8, 3}, {4, 7}, {2, 6}, {5}, {1}], [{8, 3}, {4, 7}, {5, 6}, {1, 2}], [{8, 3}, {4, 7}, {5, 6}, {2}, {1}], [{8, 3}, {4, 7}, {6}, {1, 5}, {2}], [{8, 3}, {4, 7}, {6}, {2, 5}, {1}], [{8, 3}, {4, 7}, {6}, {5}, {1, 2}], [{8, 3}, {5, 7}, {1, 6}, {2, 4}], [{8, 3}, {5, 7}, {2, 6}, {1, 4}], [{8, 3}, {5, 7}, {4, 6}, {1, 2}], [{8, 3}, {5, 7}, {4, 6}, {2}, {1}], [{8, 3}, {6, 7}, {1, 5}, {2, 4}], [{8, 3}, {6, 7}, {1, 5}, {4}, {2}], [{8, 3}, {6, 7}, {2, 5}, {1, 4}], [{8, 3}, {6, 7}, {4, 5}, {1, 2}], [{8, 3}, {7}, {1, 6}, {2, 5}, {4}], [{8, 3}, {7}, {2, 6}, {1, 5}, {4}], [{8, 3}, {7}, {4, 6}, {1, 5}, {2}], [{8, 3}, {7}, {5, 6}, {4}, {1, 2}], [{8, 3}, {7}, {6}, {1, 5}, {2, 4}], [{8, 3}, {7}, {6}, {1, 5}, {4}, {2}], [{8, 4}, {1, 7}, {2, 6}, {3, 5}], [{8, 4}, {1, 7}, {3, 6}, {2, 5}], [{8, 4}, {1, 7}, {5, 6}, {2, 3}], [{8, 4}, {2, 7}, {1, 6}, {3, 5}], [{8, 4}, {2, 7}, {3, 6}, {1, 5}], [{8, 4}, {2, 7}, {3, 6}, {5}, {1}], [{8, 4}, {2, 7}, {5, 6}, {1, 3}], [{8, 4}, {3, 7}, {1, 6}, {2, 5}], [{8, 4}, {3, 7}, {1, 6}, {5}, {2}], [{8, 4}, {3, 7}, {2, 6}, {1, 5}], [{8, 4}, {3, 7}, {2, 6}, {5}, {1}], [{8, 4}, {3, 7}, {5, 6}, {1, 2}], [{8, 4}, {3, 7}, {5, 6}, {2}, {1}], [{8, 4}, {3, 7}, {6}, {1, 5}, {2}], [{8, 4}, {3, 7}, {6}, {2, 5}, {1}], [{8, 4}, {3, 7}, {6}, {5}, {1, 2}], [{8, 4}, {5, 7}, {1, 6}, {2, 3}], [{8, 4}, {5, 7}, {2, 6}, {1, 3}], [{8, 4}, {5, 7}, {3, 6}, {1, 2}], [{8, 4}, {5, 7}, {6}, {1, 3}, {2}], [{8, 4}, {6, 7}, {1, 5}, {2, 3}], [{8, 4}, {6, 7}, {2, 5}, {1, 3}], [{8, 4}, {6, 7}, {3, 5}, {1, 2}], [{8, 4}, {7}, {1, 6}, {2, 5}, {3}], [{8, 4}, {7}, {2, 6}, {1, 5}, {3}], [{8, 4}, {7}, {5, 6}, {3}, {1, 2}], [{8, 5}, {1, 7}, {2, 6}, {3, 4}], [{8, 5}, {1, 7}, {2, 6}, {4}, {3}], [{8, 5}, {1, 7}, {3, 6}, {2, 4}], [{8, 5}, {1, 7}, {4, 6}, {2, 3}], [{8, 5}, {2, 7}, {1, 6}, {3, 4}], [{8, 5}, {2, 7}, {3, 6}, {1, 4}], [{8, 5}, {2, 7}, {4, 6}, {1, 3}], [{8, 5}, {2, 7}, {6}, {3, 4}, {1}], [{8, 5}, {3, 7}, {1, 6}, {2, 4}], [{8, 5}, {3, 7}, {2, 6}, {1, 4}], [{8, 5}, {3, 7}, {4, 6}, {1, 2}], [{8, 5}, {3, 7}, {6}, {4}, {1, 2}], [{8, 5}, {4, 7}, {1, 6}, {2, 3}], [{8, 5}, {4, 7}, {2, 6}, {1, 3}], [{8, 5}, {4, 7}, {3, 6}, {1, 2}], [{8, 5}, {4, 7}, {6}, {1, 3}, {2}], [{8, 5}, {6, 7}, {1, 4}, {2, 3}], [{8, 5}, {6, 7}, {2, 4}, {1, 3}], [{8, 5}, {6, 7}, {3, 4}, {1, 2}], [{8, 6}, {1, 7}, {2, 5}, {3, 4}], [{8, 6}, {1, 7}, {3, 5}, {2, 4}], [{8, 6}, {1, 7}, {4, 5}, {2, 3}], [{8, 6}, {1, 7}, {5}, {4}, {2, 3}], [{8, 6}, {2, 7}, {1, 5}, {3, 4}], [{8, 6}, {2, 7}, {3, 5}, {1, 4}], [{8, 6}, {2, 7}, {4, 5}, {1, 3}], [{8, 6}, {2, 7}, {5}, {1, 4}, {3}], [{8, 6}, {3, 7}, {1, 5}, {2, 4}], [{8, 6}, {3, 7}, {1, 5}, {4}, {2}], [{8, 6}, {3, 7}, {2, 5}, {1, 4}], [{8, 6}, {3, 7}, {2, 5}, {4}, {1}], [{8, 6}, {3, 7}, {4, 5}, {1, 2}], [{8, 6}, {3, 7}, {4, 5}, {2}, {1}], [{8, 6}, {3, 7}, {5}, {1, 4}, {2}], [{8, 6}, {3, 7}, {5}, {2, 4}, {1}], [{8, 6}, {3, 7}, {5}, {4}, {1, 2}], [{8, 6}, {4, 7}, {1, 5}, {2, 3}], [{8, 6}, {4, 7}, {2, 5}, {1, 3}], [{8, 6}, {4, 7}, {2, 5}, {3}, {1}], [{8, 6}, {4, 7}, {3, 5}, {1, 2}], [{8, 6}, {4, 7}, {3, 5}, {2}, {1}], [{8, 6}, {4, 7}, {5}, {2, 3}, {1}], [{8, 6}, {5, 7}, {1, 4}, {2, 3}], [{8, 6}, {5, 7}, {2, 4}, {1, 3}], [{8, 6}, {5, 7}, {3, 4}, {1, 2}], [{8, 6}, {7}, {2, 5}, {3, 4}, {1}], [{8, 6}, {7}, {5}, {1, 4}, {2, 3}], [{8, 7}, {1, 6}, {2, 5}, {3, 4}], [{8, 7}, {1, 6}, {2, 5}, {4}, {3}], [{8, 7}, {1, 6}, {3, 5}, {2, 4}], [{8, 7}, {1, 6}, {4, 5}, {2, 3}], [{8, 7}, {1, 6}, {5}, {3, 4}, {2}], [{8, 7}, {2, 6}, {1, 5}, {3, 4}], [{8, 7}, {2, 6}, {1, 5}, {4}, {3}], [{8, 7}, {2, 6}, {3, 5}, {1, 4}], [{8, 7}, {2, 6}, {4, 5}, {1, 3}], [{8, 7}, {2, 6}, {5}, {3, 4}, {1}], [{8, 7}, {3, 6}, {1, 5}, {2, 4}], [{8, 7}, {3, 6}, {1, 5}, {4}, {2}], [{8, 7}, {3, 6}, {2, 5}, {1, 4}], [{8, 7}, {3, 6}, {4, 5}, {1, 2}], [{8, 7}, {4, 6}, {1, 5}, {2, 3}], [{8, 7}, {4, 6}, {1, 5}, {3}, {2}], [{8, 7}, {4, 6}, {2, 5}, {1, 3}], [{8, 7}, {4, 6}, {3, 5}, {1, 2}], [{8, 7}, {5, 6}, {1, 4}, {2, 3}], [{8, 7}, {5, 6}, {2, 4}, {1, 3}], [{8, 7}, {5, 6}, {3, 4}, {1, 2}], [{8, 7}, {5, 6}, {3, 4}, {2}, {1}], [{8, 7}, {5, 6}, {4}, {3}, {1, 2}], [{8, 7}, {6}, {1, 5}, {2, 4}, {3}], [{8, 7}, {6}, {1, 5}, {3, 4}, {2}], [{8, 7}, {6}, {1, 5}, {4}, {2, 3}], [{8, 7}, {6}, {1, 5}, {4}, {3}, {2}], [{8, 7}, {6}, {2, 5}, {3, 4}, {1}], [{8, 7}, {6}, {3, 5}, {1, 4}, {2}], [{8, 7}, {6}, {4, 5}, {1, 3}, {2}], [{8, 7}, {6}, {5}, {3, 4}, {1, 2}], [{8, 7}, {6}, {5}, {3, 4}, {2}, {1}], [{8}, {1, 7}, {3, 6}, {5}, {2, 4}], [{8}, {1, 7}, {5, 6}, {2, 4}, {3}], [{8}, {1, 7}, {6}, {2, 5}, {3, 4}], [{8}, {1, 7}, {6}, {3, 5}, {2, 4}], [{8}, {2, 7}, {5, 6}, {4}, {1, 3}], [{8}, {3, 7}, {1, 6}, {2, 5}, {4}], [{8}, {3, 7}, {2, 6}, {1, 5}, {4}], [{8}, {3, 7}, {4, 6}, {1, 5}, {2}], [{8}, {3, 7}, {4, 6}, {2, 5}, {1}], [{8}, {3, 7}, {4, 6}, {5}, {1, 2}], [{8}, {3, 7}, {5, 6}, {4}, {1, 2}], [{8}, {3, 7}, {6}, {1, 5}, {2, 4}], [{8}, {3, 7}, {6}, {1, 5}, {4}, {2}], [{8}, {3, 7}, {6}, {2, 5}, {1, 4}], [{8}, {3, 7}, {6}, {2, 5}, {4}, {1}], [{8}, {3, 7}, {6}, {4, 5}, {1, 2}], [{8}, {3, 7}, {6}, {5}, {4}, {1, 2}], [{8}, {4, 7}, {1, 6}, {2, 5}, {3}], [{8}, {4, 7}, {2, 6}, {1, 5}, {3}], [{8}, {4, 7}, {3, 6}, {2, 5}, {1}], [{8}, {4, 7}, {5, 6}, {3}, {1, 2}], [{8}, {4, 7}, {6}, {2, 5}, {1, 3}], [{8}, {4, 7}, {6}, {2, 5}, {3}, {1}], [{8}, {6, 7}, {2, 5}, {3, 4}, {1}], [{8}, {6, 7}, {3, 5}, {2, 4}, {1}], [{8}, {6, 7}, {4, 5}, {3}, {1, 2}], [{8}, {7}, {1, 6}, {2, 5}, {3, 4}], [{8}, {7}, {1, 6}, {3, 5}, {2, 4}], [{8}, {7}, {2, 6}, {1, 5}, {3, 4}], [{8}, {7}, {2, 6}, {4, 5}, {1, 3}], [{8}, {7}, {3, 6}, {4, 5}, {1, 2}], [{8}, {7}, {5, 6}, {3, 4}, {1, 2}], [{8}, {7}, {6}, {2, 5}, {3, 4}, {1}]]",2,- 10 K_1^2 - 8 K_1 K_2 + 4 K_1 + 5 K_2 + 4 K_3 + 6,O1O2O3U1O4U5U2U6O7O8U4O6U8U3O5U7,O1O2O3U4O5U6U2U5O7U3O6O8U1O4U8U7,O1O2O3U4U5O6U3O5O7U1O4U8U2U7O8U6,c,{'O1O2O3U4O5U1U6O7U8O6O4U7U2U5O8U3'},1,"<a href=""/flatknot/8.1101880"">8.1101880</a>",t^9-41t^7-124t^6-23t^5+240t^4+52t^3-22t^2+68t-20,-t^2+2t,,
8.1101881,O1O2O3U4O5U1U6O7U8O6O4U7U3U5O8U2,4,z^3+23z^2+105z+127,w^4z^3+23w^3z^2+105w^2z+127w,False,False,"[[ 0 -2  1  1  0  2  0 -1 -1],[ 2  0  2  0  2  1  2 -1  1],[-1 -2  0  0  0  1 -1 -1 -2],[-1  0  0  0  0  0  0 -2 -1],[ 0 -2  0  0  0  1  0  0 -1],[-2 -1 -1  0 -1  0 -1 -1 -2],[ 0 -2  1  0  0  1  0 -1 -1],[ 1  1  1  2  0  1  1  0  1],[ 1 -1  2  1  1  2  1 -1  0]]","[[ 0  2  1  1  0  0 -1 -1 -2],[-2  0  0 -1 -1 -1 -1 -2 -1],[-1  0  0  0  0  0 -2 -1  0],[-1  1  0  0  0 -1 -1 -2 -2],[ 0  1  0  0  0  0  0 -1 -2],[ 0  1  0  1  0  0 -1 -1 -2],[ 1  1  2  1  0  1  0  1  1],[ 1  2  1  2  1  1 -1  0 -1],[ 2  1  0  2  2  2 -1  1  0]]",True,"[-2,-1,-1,0,0,1,1,2,0,1,1,1,1,2,1,0,0,0,2,1,0,0,1,1,2,2,0,0,1,2,1,1,2,-1,-1,1]","[-2,-1,-1,0,0,1,1,2,-1,1,2,2,0,2,1,1,0,1,2,1,1,1,1,1,2,2,0,0,0,1,0,1,1,0,0,1]",t^8+38t^6+182t^4+71t^2+1,"[-2,-1,-1,0,0,1,1,2,0,2,0,0,1,3,3,1,0,0,0,1,1,0,1,1,0,2,0,0,1,1,1,1,1,0,0,1]","[-2,-1,-1,0,0,1,1,2,0,1,1,1,1,2,3,0,0,1,0,1,1,1,1,1,0,3,0,0,0,0,0,1,0,-1,0,2]","[-2,-1,-1,0,0,1,1,2,-1,1,2,2,0,2,1,1,0,1,2,1,1,1,1,1,2,2,0,0,0,1,0,1,1,0,0,1]",c,"[[{8, 2}, {3, 7}, {4, 6}, {1, 5}], [{8, 2}, {4, 7}, {3, 6}, {1, 5}], [{8, 2}, {6, 7}, {1, 5}, {3, 4}], [{8, 3}, {2, 7}, {4, 6}, {1, 5}], [{8, 3}, {2, 7}, {6}, {1, 5}, {4}], [{8}, {6, 7}, {1, 5}, {3, 4}, {2}]]",1,8 K_1^3 - 20 K_1^2 - 8 K_1 K_2 - 2 K_1 + 10 K_2 + 2 K_3 + 11,O1O2O3U2O4U5U1U6O7O8U4O6U8U3O5U7,O1O2O3U4O5U6U5U2O7U3O6O8U1O4U8U7,O1O2O3U4U5O6U3O5O7U1O4U2U8U7O8U6,c,{'O1O2O3U4O5U1U6O7U8O6O4U7U3U5O8U2'},1,"<a href=""/flatknot/8.1101881"">8.1101881</a>",t^9-38t^7-100t^6+198t^4+213t^3+156t^2+38t-32,0,,
8.1101882,O1O2O3U4O5U1U6O7U8O6O4U7U5U2O8U3,4,18z^2+87z+103,18w^3z^2+87w^2z+103w,False,False,"[[ 0 -2  1  2  0  1  0 -1 -1],[ 2  0  1  2  2  0  2 -1  1],[-1 -1  0  0  1 -1  0 -2 -1],[-2 -2  0  0 -1  0 -2 -1 -2],[ 0 -2 -1  1  0  0  0  0 -1],[-1  0  1  0  0  0  0 -1 -1],[ 0 -2  0  2  0  0  0 -1 -1],[ 1  1  2  1  0  1  1  0  1],[ 1 -1  1  2  1  1  1 -1  0]]","[[ 0  2  1  1  0  0 -1 -1 -2],[-2  0  0  0 -1 -2 -1 -2 -2],[-1  0  0  1  0  0 -1 -1  0],[-1  0 -1  0  1  0 -2 -1 -1],[ 0  1  0 -1  0  0  0 -1 -2],[ 0  2  0  0  0  0 -1 -1 -2],[ 1  1  1  2  0  1  0  1  1],[ 1  2  1  1  1  1 -1  0 -1],[ 2  2  0  1  2  2 -1  1  0]]",True,"[-2,-1,-1,0,0,1,1,2,0,0,1,2,1,2,2,-1,0,0,1,1,0,-1,0,2,1,1,0,0,1,2,1,1,2,-1,-1,1]","[-2,-1,-1,0,0,1,1,2,-1,1,2,2,0,1,2,1,0,1,1,2,1,1,1,1,1,2,0,0,-1,1,0,0,2,1,0,0]",t^8+38t^6+217t^4+92t^2+4,"[-2,-1,-1,0,0,1,1,2,0,2,0,0,2,3,2,1,0,0,1,1,1,0,1,0,1,2,0,1,1,0,2,1,1,1,1,1]","[-2,-1,-1,0,0,1,1,2,1,1,0,1,1,2,2,-1,1,2,1,0,2,1,1,1,1,3,0,0,0,0,0,1,0,-1,0,2]","[-2,-1,-1,0,0,1,1,2,-1,1,2,2,0,1,2,1,0,1,1,2,1,1,1,1,1,2,0,0,-1,1,0,0,2,1,0,0]",c,"[[{8, 5}, {2, 7}, {4, 6}, {1, 3}]]",1,4 K_1^3 - 20 K_1^2 - 8 K_1 K_2 + K_1 + 10 K_2 + 3 K_3 + 11,O1O2O3U1O4U2U5U6O7O8U4O6U8U3O5U7,O1O2O3U4O5U6U3U5O7U2O6O8U1O4U8U7,O1O2O3U4U5O6U3O5O7U2O4U8U1U7O8U6,c,{'O1O2O3U4O5U1U6O7U8O6O4U7U5U2O8U3'},1,"<a href=""/flatknot/8.1101882"">8.1101882</a>",t^9-38t^7-104t^6+37t^5+374t^4+340t^3+38t^2-60t-52,0,,
8.1101883,O1O2O3U4O5U1U6O7U8O6O4U7U5U3O8U2,4,z^3+18z^2+100z+137,w^4z^3+18w^3z^2+100w^2z+137w,False,False,"[[ 0 -2  1  2  0  1  0 -1 -1],[ 2  0  2  1  2  0  2 -1  1],[-1 -2  0  1  0  0 -1 -1 -2],[-2 -1 -1  0  0 -1 -1 -2 -2],[ 0 -2  0  0  0  0  0  0 -1],[-1  0  0  1  0  0  0 -1 -1],[ 0 -2  1  1  0  0  0 -1 -1],[ 1  1  1  2  0  1  1  0  1],[ 1 -1  2  2  1  1  1 -1  0]]","[[ 0  2  1  1  0  0 -1 -1 -2],[-2  0 -1 -1  0 -1 -2 -2 -1],[-1  1  0  0  0  0 -1 -1  0],[-1  1  0  0  0 -1 -1 -2 -2],[ 0  0  0  0  0  0  0 -1 -2],[ 0  1  0  1  0  0 -1 -1 -2],[ 1  2  1  1  0  1  0  1  1],[ 1  2  1  2  1  1 -1  0 -1],[ 2  1  0  2  2  2 -1  1  0]]",True,"[-2,-1,-1,0,0,1,1,2,1,1,0,1,2,2,1,0,0,0,1,1,0,0,1,1,2,2,0,0,1,2,1,1,2,-1,-1,1]","[-2,-1,-1,0,0,1,1,2,-1,1,2,2,0,2,1,1,0,1,1,1,2,1,1,1,2,2,0,0,0,0,0,1,1,0,1,1]",t^8+38t^6+176t^4+66t^2+4,"[-2,-1,-1,0,0,1,1,2,0,2,0,0,1,3,3,1,0,0,0,1,1,0,1,1,1,1,0,0,1,1,1,1,2,0,0,0]","[-2,-1,-1,0,0,1,1,2,0,0,1,2,1,1,3,0,0,1,0,1,1,1,1,1,1,3,0,0,0,0,0,1,0,-1,0,2]","[-2,-1,-1,0,0,1,1,2,-1,1,2,2,0,2,1,1,0,1,1,1,2,1,1,1,2,2,0,0,0,0,0,1,1,0,1,1]",c,"[[{8, 1}, {2, 7}, {3, 6}, {4, 5}], [{8, 1}, {2, 7}, {4, 6}, {3, 5}], [{8, 1}, {2, 7}, {5, 6}, {3, 4}], [{8, 1}, {2, 7}, {6}, {3, 5}, {4}], [{8, 1}, {3, 7}, {2, 6}, {4, 5}], [{8, 1}, {3, 7}, {2, 6}, {5}, {4}], [{8, 1}, {3, 7}, {4, 6}, {2, 5}], [{8, 1}, {3, 7}, {4, 6}, {5}, {2}], [{8, 1}, {3, 7}, {5, 6}, {2, 4}], [{8, 1}, {3, 7}, {6}, {5}, {2, 4}], [{8, 1}, {4, 7}, {2, 6}, {3, 5}], [{8, 1}, {4, 7}, {3, 6}, {2, 5}], [{8, 1}, {4, 7}, {5, 6}, {2, 3}], [{8, 1}, {5, 7}, {2, 6}, {3, 4}], [{8, 1}, {5, 7}, {3, 6}, {2, 4}], [{8, 1}, {5, 7}, {4, 6}, {2, 3}], [{8, 1}, {6, 7}, {2, 5}, {3, 4}], [{8, 1}, {6, 7}, {3, 5}, {2, 4}], [{8, 1}, {6, 7}, {4, 5}, {2, 3}], [{8, 1}, {7}, {5, 6}, {4}, {2, 3}], [{8, 2}, {1, 7}, {3, 6}, {4, 5}], [{8, 2}, {1, 7}, {4, 6}, {3, 5}], [{8, 2}, {1, 7}, {5, 6}, {3, 4}], [{8, 2}, {3, 7}, {1, 6}, {4, 5}], [{8, 2}, {3, 7}, {1, 6}, {5}, {4}], [{8, 2}, {3, 7}, {4, 6}, {1, 5}], [{8, 2}, {3, 7}, {4, 6}, {5}, {1}], [{8, 2}, {3, 7}, {5, 6}, {1, 4}], [{8, 2}, {3, 7}, {6}, {5}, {1, 4}], [{8, 2}, {4, 7}, {1, 6}, {3, 5}], [{8, 2}, {4, 7}, {3, 6}, {1, 5}], [{8, 2}, {4, 7}, {5, 6}, {1, 3}], [{8, 2}, {4, 7}, {6}, {5}, {1, 3}], [{8, 2}, {5, 7}, {1, 6}, {3, 4}], [{8, 2}, {5, 7}, {3, 6}, {1, 4}], [{8, 2}, {5, 7}, {4, 6}, {1, 3}], [{8, 2}, {5, 7}, {6}, {4}, {1, 3}], [{8, 2}, {6, 7}, {1, 5}, {3, 4}], [{8, 2}, {6, 7}, {3, 5}, {1, 4}], [{8, 2}, {6, 7}, {3, 5}, {4}, {1}], [{8, 2}, {6, 7}, {4, 5}, {1, 3}], [{8, 2}, {7}, {6}, {1, 5}, {3, 4}], [{8, 2}, {7}, {6}, {4, 5}, {1, 3}], [{8, 3}, {1, 7}, {2, 6}, {4, 5}], [{8, 3}, {1, 7}, {4, 6}, {2, 5}], [{8, 3}, {1, 7}, {5, 6}, {2, 4}], [{8, 3}, {2, 7}, {1, 6}, {4, 5}], [{8, 3}, {2, 7}, {4, 6}, {1, 5}], [{8, 3}, {2, 7}, {5, 6}, {1, 4}], [{8, 3}, {2, 7}, {6}, {1, 5}, {4}], [{8, 3}, {4, 7}, {1, 6}, {2, 5}], [{8, 3}, {4, 7}, {2, 6}, {1, 5}], [{8, 3}, {4, 7}, {5, 6}, {1, 2}], [{8, 3}, {4, 7}, {5, 6}, {2}, {1}], [{8, 3}, {4, 7}, {6}, {5}, {1, 2}], [{8, 3}, {5, 7}, {1, 6}, {2, 4}], [{8, 3}, {5, 7}, {1, 6}, {4}, {2}], [{8, 3}, {5, 7}, {2, 6}, {1, 4}], [{8, 3}, {5, 7}, {4, 6}, {1, 2}], [{8, 3}, {5, 7}, {4, 6}, {2}, {1}], [{8, 3}, {5, 7}, {6}, {1, 4}, {2}], [{8, 3}, {6, 7}, {1, 5}, {2, 4}], [{8, 3}, {6, 7}, {1, 5}, {4}, {2}], [{8, 3}, {6, 7}, {2, 5}, {1, 4}], [{8, 3}, {6, 7}, {4, 5}, {1, 2}], [{8, 3}, {7}, {2, 6}, {1, 5}, {4}], [{8, 4}, {1, 7}, {2, 6}, {3, 5}], [{8, 4}, {1, 7}, {3, 6}, {2, 5}], [{8, 4}, {1, 7}, {5, 6}, {2, 3}], [{8, 4}, {2, 7}, {1, 6}, {3, 5}], [{8, 4}, {2, 7}, {3, 6}, {1, 5}], [{8, 4}, {2, 7}, {5, 6}, {1, 3}], [{8, 4}, {2, 7}, {6}, {1, 5}, {3}], [{8, 4}, {3, 7}, {1, 6}, {2, 5}], [{8, 4}, {3, 7}, {1, 6}, {5}, {2}], [{8, 4}, {3, 7}, {2, 6}, {1, 5}], [{8, 4}, {3, 7}, {2, 6}, {5}, {1}], [{8, 4}, {3, 7}, {5, 6}, {1, 2}], [{8, 4}, {3, 7}, {6}, {5}, {1, 2}], [{8, 4}, {5, 7}, {1, 6}, {2, 3}], [{8, 4}, {5, 7}, {2, 6}, {1, 3}], [{8, 4}, {5, 7}, {3, 6}, {1, 2}], [{8, 4}, {5, 7}, {3, 6}, {2}, {1}], [{8, 4}, {6, 7}, {1, 5}, {2, 3}], [{8, 4}, {6, 7}, {1, 5}, {3}, {2}], [{8, 4}, {6, 7}, {2, 5}, {1, 3}], [{8, 4}, {6, 7}, {3, 5}, {1, 2}], [{8, 4}, {7}, {1, 6}, {2, 5}, {3}], [{8, 4}, {7}, {2, 6}, {1, 5}, {3}], [{8, 4}, {7}, {5, 6}, {2, 3}, {1}], [{8, 5}, {1, 7}, {2, 6}, {3, 4}], [{8, 5}, {1, 7}, {3, 6}, {2, 4}], [{8, 5}, {1, 7}, {3, 6}, {4}, {2}], [{8, 5}, {1, 7}, {4, 6}, {2, 3}], [{8, 5}, {2, 7}, {1, 6}, {3, 4}], [{8, 5}, {2, 7}, {3, 6}, {1, 4}], [{8, 5}, {2, 7}, {4, 6}, {1, 3}], [{8, 5}, {2, 7}, {6}, {4}, {1, 3}], [{8, 5}, {3, 7}, {1, 6}, {2, 4}], [{8, 5}, {3, 7}, {2, 6}, {1, 4}], [{8, 5}, {3, 7}, {2, 6}, {4}, {1}], [{8, 5}, {3, 7}, {4, 6}, {1, 2}], [{8, 5}, {4, 7}, {1, 6}, {2, 3}], [{8, 5}, {4, 7}, {2, 6}, {1, 3}], [{8, 5}, {4, 7}, {3, 6}, {1, 2}], [{8, 5}, {6, 7}, {1, 4}, {2, 3}], [{8, 5}, {6, 7}, {2, 4}, {1, 3}], [{8, 5}, {6, 7}, {3, 4}, {1, 2}], [{8, 6}, {1, 7}, {2, 5}, {3, 4}], [{8, 6}, {1, 7}, {3, 5}, {2, 4}], [{8, 6}, {1, 7}, {4, 5}, {2, 3}], [{8, 6}, {1, 7}, {4, 5}, {3}, {2}], [{8, 6}, {2, 7}, {1, 5}, {3, 4}], [{8, 6}, {2, 7}, {3, 5}, {1, 4}], [{8, 6}, {2, 7}, {4, 5}, {1, 3}], [{8, 6}, {3, 7}, {1, 5}, {2, 4}], [{8, 6}, {3, 7}, {2, 5}, {1, 4}], [{8, 6}, {3, 7}, {4, 5}, {1, 2}], [{8, 6}, {3, 7}, {5}, {1, 4}, {2}], [{8, 6}, {3, 7}, {5}, {2, 4}, {1}], [{8, 6}, {3, 7}, {5}, {4}, {1, 2}], [{8, 6}, {4, 7}, {1, 5}, {2, 3}], [{8, 6}, {4, 7}, {2, 5}, {1, 3}], [{8, 6}, {4, 7}, {2, 5}, {3}, {1}], [{8, 6}, {4, 7}, {3, 5}, {1, 2}], [{8, 6}, {4, 7}, {3, 5}, {2}, {1}], [{8, 6}, {4, 7}, {5}, {2, 3}, {1}], [{8, 6}, {5, 7}, {1, 4}, {2, 3}], [{8, 6}, {5, 7}, {2, 4}, {1, 3}], [{8, 6}, {5, 7}, {3, 4}, {1, 2}], [{8, 6}, {5, 7}, {4}, {1, 3}, {2}], [{8, 6}, {7}, {1, 5}, {3, 4}, {2}], [{8, 7}, {1, 6}, {2, 5}, {3, 4}], [{8, 7}, {1, 6}, {3, 5}, {2, 4}], [{8, 7}, {1, 6}, {4, 5}, {2, 3}], [{8, 7}, {1, 6}, {4, 5}, {3}, {2}], [{8, 7}, {2, 6}, {1, 5}, {3, 4}], [{8, 7}, {2, 6}, {1, 5}, {4}, {3}], [{8, 7}, {2, 6}, {3, 5}, {1, 4}], [{8, 7}, {2, 6}, {4, 5}, {1, 3}], [{8, 7}, {3, 6}, {1, 5}, {2, 4}], [{8, 7}, {3, 6}, {1, 5}, {4}, {2}], [{8, 7}, {3, 6}, {2, 5}, {1, 4}], [{8, 7}, {3, 6}, {4, 5}, {1, 2}], [{8, 7}, {4, 6}, {1, 5}, {2, 3}], [{8, 7}, {4, 6}, {1, 5}, {3}, {2}], [{8, 7}, {4, 6}, {2, 5}, {1, 3}], [{8, 7}, {4, 6}, {3, 5}, {1, 2}], [{8, 7}, {5, 6}, {1, 4}, {2, 3}], [{8, 7}, {5, 6}, {2, 4}, {1, 3}], [{8, 7}, {5, 6}, {3, 4}, {1, 2}], [{8, 7}, {6}, {1, 5}, {2, 4}, {3}], [{8, 7}, {6}, {1, 5}, {3, 4}, {2}], [{8, 7}, {6}, {1, 5}, {4}, {2, 3}], [{8, 7}, {6}, {2, 5}, {1, 4}, {3}], [{8, 7}, {6}, {3, 5}, {2, 4}, {1}], [{8, 7}, {6}, {5}, {2, 4}, {1, 3}], [{8}, {1, 7}, {2, 6}, {3, 5}, {4}], [{8}, {2, 7}, {1, 6}, {5}, {3, 4}], [{8}, {2, 7}, {3, 6}, {5}, {1, 4}], [{8}, {2, 7}, {5, 6}, {3, 4}, {1}], [{8}, {2, 7}, {6}, {1, 5}, {3, 4}], [{8}, {3, 7}, {1, 6}, {5}, {2, 4}], [{8}, {3, 7}, {2, 6}, {1, 5}, {4}], [{8}, {3, 7}, {2, 6}, {4, 5}, {1}], [{8}, {3, 7}, {2, 6}, {5}, {1, 4}], [{8}, {3, 7}, {2, 6}, {5}, {4}, {1}], [{8}, {3, 7}, {4, 6}, {5}, {1, 2}], [{8}, {4, 7}, {2, 6}, {1, 5}, {3}], [{8}, {4, 7}, {5, 6}, {3}, {1, 2}], [{8}, {5, 7}, {2, 6}, {4}, {1, 3}], [{8}, {5, 7}, {3, 6}, {4}, {1, 2}], [{8}, {6, 7}, {1, 5}, {3, 4}, {2}], [{8}, {6, 7}, {2, 5}, {3, 4}, {1}], [{8}, {6, 7}, {3, 5}, {1, 4}, {2}], [{8}, {6, 7}, {4, 5}, {1, 3}, {2}], [{8}, {6, 7}, {5}, {3, 4}, {1, 2}], [{8}, {7}, {2, 6}, {1, 5}, {3, 4}], [{8}, {7}, {2, 6}, {1, 5}, {4}, {3}], [{8}, {7}, {3, 6}, {1, 5}, {2, 4}], [{8}, {7}, {4, 6}, {1, 5}, {2, 3}], [{8}, {7}, {5, 6}, {1, 4}, {2, 3}], [{8}, {7}, {6}, {1, 5}, {3, 4}, {2}]]",2,12 K_1^3 - 28 K_1^2 - 16 K_1 K_2 - K_1 + 14 K_2 + 5 K_3 + 15,O1O2O3U2O4U1U5U6O7O8U4O6U8U3O5U7,O1O2O3U4O5U6U5U3O7U2O6O8U1O4U8U7,O1O2O3U4U5O6U3O5O7U2O4U1U8U7O8U6,c,{'O1O2O3U4O5U1U6O7U8O6O4U7U5U3O8U2'},1,"<a href=""/flatknot/8.1101883"">8.1101883</a>",t^9-38t^7-104t^6-30t^5+126t^4+45t^3-68t^2-5t+12,0,,
8.1101884,O1O2O3U4O5U1U6O7U2O8O4U7U3U5O6U8,4,z^3+22z^2+102z+125,w^4z^3+22w^3z^2+102w^2z+125w,False,False,"[[ 0 -2  0  1  0  2 -1 -1  1],[ 2  0  1  1  1  2  0  0  1],[ 0 -1  0  1  0  2 -2  0  1],[-1 -1 -1  0  0  0 -1 -1  1],[ 0 -1  0  0  0  1  0 -1  0],[-2 -2 -2  0 -1  0 -2  0  1],[ 1  0  2  1  0  2  0 -1  0],[ 1  0  0  1  1  0  1  0  1],[-1 -1 -1 -1  0 -1  0 -1  0]]","[[ 0  2  1  1  0  0 -1 -1 -2],[-2  0  1  0 -1 -2  0 -2 -2],[-1 -1  0 -1  0 -1 -1  0 -1],[-1  0  1  0  0 -1 -1 -1 -1],[ 0  1  0  0  0  0 -1  0 -1],[ 0  2  1  1  0  0  0 -2 -1],[ 1  0  1  1  1  0  0  1  0],[ 1  2  0  1  0  2 -1  0  0],[ 2  2  1  1  1  1  0  0  0]]",True,"[-2,-1,-1,0,0,1,1,2,-1,0,1,2,0,2,2,1,0,1,1,0,1,0,1,1,1,1,0,1,0,1,0,2,1,-1,0,0]","[-2,-1,-1,0,0,1,1,2,-1,0,1,2,0,2,2,1,0,1,1,0,1,0,1,1,1,1,0,1,0,1,0,2,1,-1,0,0]",t^8+30t^6+135t^4+75t^2+4,"[-2,-1,-1,0,0,1,1,2,1,1,1,1,2,2,2,-1,0,1,1,1,3,1,-1,1,2,1,0,1,1,1,0,0,0,-1,1,2]","[-2,-1,-1,0,0,1,1,2,1,2,0,1,1,3,2,1,0,1,1,1,2,0,1,2,1,2,0,-1,1,1,1,0,1,-1,1,1]","[-2,-1,-1,0,0,1,1,2,0,0,1,1,1,1,2,-1,0,2,0,1,2,1,0,1,1,0,0,0,0,1,1,1,2,-1,-1,0]",c,"[[{8, 2}, {6, 7}, {1, 5}, {3, 4}]]",1,8 K_1^3 - 28 K_1^2 - 8 K_1 K_2 - 2 K_1 + 14 K_2 + 2 K_3 + 15,O1O2O3U4O5U6U1U7O8O4U2O7U5U3O6U8,O1O2O3U4O5U6U7U2O8U3O6O4U1O7U5U8,O1O2O3U4U5O6U3O7O8U1O4U2U6U8O5U7,c,{'O1O2O3U4O5U1U6O7U2O8O4U7U3U5O6U8'},1,"<a href=""/flatknot/8.1101884"">8.1101884</a>",t^9-30t^7-48t^6+115t^5+156t^4-197t^3-46t^2+81t-40,0,,
8.1101885,O1O2O3U4O5U1U6O7U2O8O4U7U5U3O6U8,3,9z^2+78z+121,9w^3z^2+78w^2z+121w,False,False,"[[ 0 -2  0  2  0  1 -1 -1  1],[ 2  0  1  2  1  1  0  0  1],[ 0 -1  0  2  0  1 -2  0  1],[-2 -2 -2  0  0 -1 -2 -1  1],[ 0 -1  0  0  0  0  0 -1  0],[-1 -1 -1  1  0  0 -1  0  1],[ 1  0  2  2  0  1  0 -1  0],[ 1  0  0  1  1  0  1  0  1],[-1 -1 -1 -1  0 -1  0 -1  0]]","[[ 0  2  1  1  0  0 -1 -1 -2],[-2  0  1 -1  0 -2 -1 -2 -2],[-1 -1  0 -1  0 -1 -1  0 -1],[-1  1  1  0  0 -1  0 -1 -1],[ 0  0  0  0  0  0 -1  0 -1],[ 0  2  1  1  0  0  0 -2 -1],[ 1  1  1  0  1  0  0  1  0],[ 1  2  0  1  0  2 -1  0  0],[ 2  2  1  1  1  1  0  0  0]]",True,"[-2,-1,-1,0,0,1,1,2,-1,1,0,2,1,2,2,1,0,1,1,0,1,0,1,0,1,1,0,1,0,1,0,2,1,-1,0,0]","[-2,-1,-1,0,0,1,1,2,-1,1,0,2,1,2,2,1,0,1,1,0,1,0,1,0,1,1,0,1,0,1,0,2,1,-1,0,0]",t^8+30t^6+121t^4+27t^2,"[-2,-1,-1,0,0,1,1,2,1,1,1,1,2,2,2,-1,0,1,1,2,2,1,-1,2,1,1,0,1,1,2,0,0,0,1,2,0]","[-2,-1,-1,0,0,1,1,2,0,2,0,2,1,2,2,1,0,1,1,2,2,0,1,2,1,2,0,-1,1,1,1,0,1,-1,1,1]","[-2,-1,-1,0,0,1,1,2,0,0,1,1,1,1,2,-1,0,2,0,1,2,1,0,1,0,1,0,0,0,0,1,1,2,-1,-1,1]",c,"[[{8, 1}, {2, 7}, {3, 6}, {4, 5}], [{8, 1}, {2, 7}, {3, 6}, {5}, {4}], [{8, 1}, {2, 7}, {4, 6}, {3, 5}], [{8, 1}, {2, 7}, {5, 6}, {3, 4}], [{8, 1}, {2, 7}, {5, 6}, {4}, {3}], [{8, 1}, {2, 7}, {6}, {3, 5}, {4}], [{8, 1}, {3, 7}, {2, 6}, {4, 5}], [{8, 1}, {3, 7}, {2, 6}, {5}, {4}], [{8, 1}, {3, 7}, {4, 6}, {2, 5}], [{8, 1}, {3, 7}, {5, 6}, {2, 4}], [{8, 1}, {4, 7}, {2, 6}, {3, 5}], [{8, 1}, {4, 7}, {3, 6}, {2, 5}], [{8, 1}, {4, 7}, {5, 6}, {2, 3}], [{8, 1}, {5, 7}, {2, 6}, {3, 4}], [{8, 1}, {5, 7}, {3, 6}, {2, 4}], [{8, 1}, {5, 7}, {4, 6}, {2, 3}], [{8, 1}, {6, 7}, {2, 5}, {3, 4}], [{8, 1}, {6, 7}, {3, 5}, {2, 4}], [{8, 1}, {6, 7}, {4, 5}, {2, 3}], [{8, 2}, {1, 7}, {3, 6}, {4, 5}], [{8, 2}, {1, 7}, {4, 6}, {3, 5}], [{8, 2}, {1, 7}, {5, 6}, {3, 4}], [{8, 2}, {1, 7}, {6}, {4, 5}, {3}], [{8, 2}, {3, 7}, {1, 6}, {4, 5}], [{8, 2}, {3, 7}, {4, 6}, {1, 5}], [{8, 2}, {3, 7}, {5, 6}, {1, 4}], [{8, 2}, {3, 7}, {6}, {4, 5}, {1}], [{8, 2}, {4, 7}, {1, 6}, {3, 5}], [{8, 2}, {4, 7}, {3, 6}, {1, 5}], [{8, 2}, {4, 7}, {5, 6}, {1, 3}], [{8, 2}, {5, 7}, {1, 6}, {3, 4}], [{8, 2}, {5, 7}, {3, 6}, {1, 4}], [{8, 2}, {5, 7}, {4, 6}, {1, 3}], [{8, 2}, {6, 7}, {1, 5}, {3, 4}], [{8, 2}, {6, 7}, {3, 5}, {1, 4}], [{8, 2}, {6, 7}, {4, 5}, {1, 3}], [{8, 2}, {6, 7}, {4, 5}, {3}, {1}], [{8, 2}, {7}, {1, 6}, {4, 5}, {3}], [{8, 2}, {7}, {3, 6}, {4, 5}, {1}], [{8, 2}, {7}, {6}, {1, 5}, {3, 4}], [{8, 2}, {7}, {6}, {3, 5}, {1, 4}], [{8, 2}, {7}, {6}, {4, 5}, {1, 3}], [{8, 2}, {7}, {6}, {4, 5}, {3}, {1}], [{8, 3}, {1, 7}, {2, 6}, {4, 5}], [{8, 3}, {1, 7}, {4, 6}, {2, 5}], [{8, 3}, {1, 7}, {5, 6}, {2, 4}], [{8, 3}, {2, 7}, {1, 6}, {4, 5}], [{8, 3}, {2, 7}, {4, 6}, {1, 5}], [{8, 3}, {2, 7}, {4, 6}, {5}, {1}], [{8, 3}, {2, 7}, {5, 6}, {1, 4}], [{8, 3}, {2, 7}, {6}, {1, 5}, {4}], [{8, 3}, {4, 7}, {1, 6}, {2, 5}], [{8, 3}, {4, 7}, {2, 6}, {1, 5}], [{8, 3}, {4, 7}, {5, 6}, {1, 2}], [{8, 3}, {5, 7}, {1, 6}, {2, 4}], [{8, 3}, {5, 7}, {2, 6}, {1, 4}], [{8, 3}, {5, 7}, {4, 6}, {1, 2}], [{8, 3}, {6, 7}, {1, 5}, {2, 4}], [{8, 3}, {6, 7}, {2, 5}, {1, 4}], [{8, 3}, {6, 7}, {4, 5}, {1, 2}], [{8, 3}, {7}, {4, 6}, {1, 5}, {2}], [{8, 4}, {1, 7}, {2, 6}, {3, 5}], [{8, 4}, {1, 7}, {3, 6}, {2, 5}], [{8, 4}, {1, 7}, {5, 6}, {2, 3}], [{8, 4}, {1, 7}, {6}, {2, 5}, {3}], [{8, 4}, {2, 7}, {1, 6}, {3, 5}], [{8, 4}, {2, 7}, {3, 6}, {1, 5}], [{8, 4}, {2, 7}, {3, 6}, {5}, {1}], [{8, 4}, {2, 7}, {5, 6}, {1, 3}], [{8, 4}, {2, 7}, {6}, {1, 5}, {3}], [{8, 4}, {3, 7}, {1, 6}, {2, 5}], [{8, 4}, {3, 7}, {2, 6}, {1, 5}], [{8, 4}, {3, 7}, {2, 6}, {5}, {1}], [{8, 4}, {3, 7}, {5, 6}, {1, 2}], [{8, 4}, {5, 7}, {1, 6}, {2, 3}], [{8, 4}, {5, 7}, {2, 6}, {1, 3}], [{8, 4}, {5, 7}, {3, 6}, {1, 2}], [{8, 4}, {6, 7}, {1, 5}, {2, 3}], [{8, 4}, {6, 7}, {2, 5}, {1, 3}], [{8, 4}, {6, 7}, {2, 5}, {3}, {1}], [{8, 4}, {6, 7}, {3, 5}, {1, 2}], [{8, 4}, {7}, {1, 6}, {2, 5}, {3}], [{8, 4}, {7}, {3, 6}, {1, 5}, {2}], [{8, 4}, {7}, {5, 6}, {1, 3}, {2}], [{8, 5}, {1, 7}, {2, 6}, {3, 4}], [{8, 5}, {1, 7}, {3, 6}, {2, 4}], [{8, 5}, {1, 7}, {4, 6}, {2, 3}], [{8, 5}, {1, 7}, {6}, {2, 4}, {3}], [{8, 5}, {2, 7}, {1, 6}, {3, 4}], [{8, 5}, {2, 7}, {3, 6}, {1, 4}], [{8, 5}, {2, 7}, {3, 6}, {4}, {1}], [{8, 5}, {2, 7}, {4, 6}, {1, 3}], [{8, 5}, {3, 7}, {1, 6}, {2, 4}], [{8, 5}, {3, 7}, {2, 6}, {1, 4}], [{8, 5}, {3, 7}, {2, 6}, {4}, {1}], [{8, 5}, {3, 7}, {4, 6}, {1, 2}], [{8, 5}, {3, 7}, {4, 6}, {2}, {1}], [{8, 5}, {3, 7}, {6}, {2, 4}, {1}], [{8, 5}, {4, 7}, {1, 6}, {2, 3}], [{8, 5}, {4, 7}, {2, 6}, {1, 3}], [{8, 5}, {4, 7}, {3, 6}, {1, 2}], [{8, 5}, {4, 7}, {3, 6}, {2}, {1}], [{8, 5}, {6, 7}, {1, 4}, {2, 3}], [{8, 5}, {6, 7}, {2, 4}, {1, 3}], [{8, 5}, {6, 7}, {2, 4}, {3}, {1}], [{8, 5}, {6, 7}, {3, 4}, {1, 2}], [{8, 5}, {7}, {1, 6}, {2, 4}, {3}], [{8, 5}, {7}, {3, 6}, {2, 4}, {1}], [{8, 5}, {7}, {6}, {2, 4}, {1, 3}], [{8, 5}, {7}, {6}, {2, 4}, {3}, {1}], [{8, 6}, {1, 7}, {2, 5}, {3, 4}], [{8, 6}, {1, 7}, {3, 5}, {2, 4}], [{8, 6}, {1, 7}, {4, 5}, {2, 3}], [{8, 6}, {2, 7}, {1, 5}, {3, 4}], [{8, 6}, {2, 7}, {1, 5}, {4}, {3}], [{8, 6}, {2, 7}, {3, 5}, {1, 4}], [{8, 6}, {2, 7}, {4, 5}, {1, 3}], [{8, 6}, {2, 7}, {5}, {3, 4}, {1}], [{8, 6}, {3, 7}, {1, 5}, {2, 4}], [{8, 6}, {3, 7}, {2, 5}, {1, 4}], [{8, 6}, {3, 7}, {4, 5}, {1, 2}], [{8, 6}, {3, 7}, {4, 5}, {2}, {1}], [{8, 6}, {4, 7}, {1, 5}, {2, 3}], [{8, 6}, {4, 7}, {2, 5}, {1, 3}], [{8, 6}, {4, 7}, {3, 5}, {1, 2}], [{8, 6}, {4, 7}, {3, 5}, {2}, {1}], [{8, 6}, {5, 7}, {1, 4}, {2, 3}], [{8, 6}, {5, 7}, {2, 4}, {1, 3}], [{8, 6}, {5, 7}, {3, 4}, {1, 2}], [{8, 6}, {5, 7}, {4}, {1, 3}, {2}], [{8, 6}, {7}, {1, 5}, {3, 4}, {2}], [{8, 7}, {1, 6}, {2, 5}, {3, 4}], [{8, 7}, {1, 6}, {3, 5}, {2, 4}], [{8, 7}, {1, 6}, {4, 5}, {2, 3}], [{8, 7}, {2, 6}, {1, 5}, {3, 4}], [{8, 7}, {2, 6}, {3, 5}, {1, 4}], [{8, 7}, {2, 6}, {4, 5}, {1, 3}], [{8, 7}, {3, 6}, {1, 5}, {2, 4}], [{8, 7}, {3, 6}, {2, 5}, {1, 4}], [{8, 7}, {3, 6}, {4, 5}, {1, 2}], [{8, 7}, {3, 6}, {4, 5}, {2}, {1}], [{8, 7}, {4, 6}, {1, 5}, {2, 3}], [{8, 7}, {4, 6}, {2, 5}, {1, 3}], [{8, 7}, {4, 6}, {3, 5}, {1, 2}], [{8, 7}, {4, 6}, {3, 5}, {2}, {1}], [{8, 7}, {5, 6}, {1, 4}, {2, 3}], [{8, 7}, {5, 6}, {2, 4}, {1, 3}], [{8, 7}, {5, 6}, {3, 4}, {1, 2}], [{8, 7}, {5, 6}, {4}, {1, 3}, {2}], [{8, 7}, {6}, {1, 5}, {3, 4}, {2}], [{8}, {1, 7}, {5, 6}, {3, 4}, {2}], [{8}, {2, 7}, {3, 6}, {1, 5}, {4}], [{8}, {2, 7}, {3, 6}, {4, 5}, {1}], [{8}, {2, 7}, {3, 6}, {5}, {1, 4}], [{8}, {2, 7}, {3, 6}, {5}, {4}, {1}], [{8}, {2, 7}, {4, 6}, {1, 5}, {3}], [{8}, {2, 7}, {6}, {1, 5}, {3, 4}], [{8}, {3, 7}, {2, 6}, {1, 5}, {4}], [{8}, {3, 7}, {2, 6}, {4, 5}, {1}], [{8}, {3, 7}, {2, 6}, {5}, {1, 4}], [{8}, {3, 7}, {2, 6}, {5}, {4}, {1}], [{8}, {4, 7}, {2, 6}, {1, 5}, {3}], [{8}, {4, 7}, {5, 6}, {1, 3}, {2}], [{8}, {5, 7}, {1, 6}, {3, 4}, {2}], [{8}, {6, 7}, {1, 5}, {3, 4}, {2}], [{8}, {7}, {2, 6}, {1, 5}, {3, 4}], [{8}, {7}, {6}, {1, 5}, {3, 4}, {2}]]",2,12 K_1^3 - 36 K_1^2 - 32 K_1 K_2 + 7 K_1 + 18 K_2 + 13 K_3 + 19,O1O2O3U4O5U1U6U7O8O4U2O7U5U3O6U8,O1O2O3U4O5U6U7U3O8U2O6O4U1O7U5U8,O1O2O3U4U5O6U3O7O8U2O4U1U6U8O5U7,c,{'O1O2O3U4O5U1U6O7U2O8O4U7U5U3O6U8'},1,"<a href=""/flatknot/8.1101885"">8.1101885</a>",t^9-30t^7-56t^6+71t^5+150t^4-26t^3-38t^2+20t-8,0,,
8.1101886,O1O2O3U4O5U1U6O7U2O8O4U7U5U8O6U3,3,11z^2+60z+77,-2w^4z^2+13w^3z^2-12w^3z+72w^2z+77w,False,False,"[[ 0 -2  0  2  0  1 -1 -1  1],[ 2  0  1  2  1  1  1  0  0],[ 0 -1  0  1  0  1 -1  0  1],[-2 -2 -1  0  0 -1 -2 -2  1],[ 0 -1  0  0  0  0  1 -1 -1],[-1 -1 -1  1  0  0 -2  0  2],[ 1 -1  1  2 -1  2  0  0  0],[ 1  0  0  2  1  0  0  0  1],[-1  0 -1 -1  1 -2  0 -1  0]]","[[ 0  2  1  1  0  0 -1 -1 -2],[-2  0  1 -1  0 -1 -2 -2 -2],[-1 -1  0 -2  1 -1  0 -1  0],[-1  1  2  0  0 -1 -2  0 -1],[ 0  0 -1  0  0  0  1 -1 -1],[ 0  1  1  1  0  0 -1  0 -1],[ 1  2  0  2 -1  1  0  0 -1],[ 1  2  1  0  1  0  0  0  0],[ 2  2  0  1  1  1  1  0  0]]",True,"[-2,-1,-1,0,0,1,1,2,-1,1,0,1,2,2,2,2,-1,1,0,1,0,0,1,2,0,1,0,-1,1,1,1,0,1,0,1,0]","[-2,-1,-1,0,0,1,1,2,-1,1,0,1,2,2,2,2,-1,1,0,1,0,0,1,2,0,1,0,-1,1,1,1,0,1,0,1,0]",t^8+34t^6+205t^4+68t^2,"[-2,-1,-1,0,0,1,1,2,0,1,1,1,2,3,2,0,0,2,0,2,1,1,0,2,1,1,0,0,0,1,1,2,2,-2,0,2]","[-2,-1,-1,0,0,1,1,2,0,2,1,2,1,1,2,2,0,1,0,2,2,0,2,2,1,3,0,0,1,1,2,0,1,0,0,1]","[-2,-1,-1,0,0,1,1,2,0,1,1,1,0,1,2,0,0,1,1,0,2,1,-1,0,2,2,0,1,1,1,-1,0,0,-2,-1,1]",c,"[[{8, 7}, {1, 6}, {4, 5}, {2, 3}], [{8, 7}, {5, 6}, {2, 4}, {1, 3}]]",1,4 K_1^3 - 12 K_1^2 - 8 K_1 K_2 + K_1 + 6 K_2 + 3 K_3 + 7,O1O2O3U1O4U5U6U7O8O5U2O7U4U3O6U8,O1O2O3U4O5U6U7U5O8U2O6O4U1O7U3U8,O1O2O3U4U1O5U3O6O7U2O4U8U5U7O8U6,c,{'O1O2O3U4O5U1U6O7U2O8O4U7U5U8O6U3'},1,"<a href=""/flatknot/8.1101886"">8.1101886</a>",t^9-34t^7-52t^6+113t^5+162t^4-47t^3-122t^2-88t-24,0,,
8.1101887,O1O2O3U4O5U1U6O7U2O8O4U7U8U5O6U3,4,24z^2+109z+123,24w^3z^2+109w^2z+123w,False,False,"[[ 0 -2  0  2  0  2 -1 -1  0],[ 2  0  1  2  1  1  1  0 -1],[ 0 -1  0  1  0  1 -1  0  0],[-2 -2 -1  0  0  0 -2 -2  0],[ 0 -1  0  0  0  0  1 -1 -1],[-2 -1 -1  0  0  0 -2 -1  1],[ 1 -1  1  2 -1  2  0  0 -1],[ 1  0  0  2  1  1  0  0  1],[ 0  1  0  0  1 -1  1 -1  0]]","[[ 0  2  2  0  0  0 -1 -1 -2],[-2  0  0  1  0 -1 -1 -2 -1],[-2  0  0  0  0 -1 -2 -2 -2],[ 0 -1  0  0  1  0 -1  1  1],[ 0  0  0 -1  0  0 -1  1 -1],[ 0  1  1  0  0  0  0 -1 -1],[ 1  1  2  1  1  0  0  0  0],[ 1  2  2 -1 -1  1  0  0 -1],[ 2  1  2 -1  1  1  0  1  0]]",True,"[-2,-2,0,0,0,1,1,2,0,-1,0,1,1,2,1,0,0,1,2,2,2,-1,0,1,-1,-1,0,1,-1,1,0,1,1,0,0,1]","[-2,-2,0,0,0,1,1,2,0,-1,0,1,1,2,1,0,0,1,2,2,2,-1,0,1,-1,-1,0,1,-1,1,0,1,1,0,0,1]",t^8+31t^6+184t^4+96t^2,"[-2,-1,-1,0,0,0,2,2,0,1,1,1,3,2,3,0,0,2,2,1,1,1,0,0,1,2,0,0,1,1,1,2,2,2,3,0]","[-2,-2,0,0,0,1,1,2,0,1,2,2,1,1,2,1,2,3,1,2,3,0,0,0,1,1,-1,2,0,1,2,0,3,0,0,1]","[-2,-1,-1,0,0,0,2,2,0,1,-1,1,1,1,2,0,1,0,1,1,2,-1,1,-1,2,2,0,1,-1,0,0,1,1,0,0,0]",c,"[[{8, 1}, {2, 7}, {3, 6}, {4, 5}], [{8, 1}, {2, 7}, {3, 6}, {5}, {4}], [{8, 1}, {2, 7}, {4, 6}, {3, 5}], [{8, 1}, {2, 7}, {5, 6}, {3, 4}], [{8, 1}, {2, 7}, {5, 6}, {4}, {3}], [{8, 1}, {2, 7}, {6}, {3, 5}, {4}], [{8, 1}, {3, 7}, {2, 6}, {4, 5}], [{8, 1}, {3, 7}, {4, 6}, {2, 5}], [{8, 1}, {3, 7}, {5, 6}, {2, 4}], [{8, 1}, {3, 7}, {6}, {4, 5}, {2}], [{8, 1}, {4, 7}, {2, 6}, {3, 5}], [{8, 1}, {4, 7}, {2, 6}, {5}, {3}], [{8, 1}, {4, 7}, {3, 6}, {2, 5}], [{8, 1}, {4, 7}, {5, 6}, {2, 3}], [{8, 1}, {5, 7}, {2, 6}, {3, 4}], [{8, 1}, {5, 7}, {3, 6}, {2, 4}], [{8, 1}, {5, 7}, {4, 6}, {2, 3}], [{8, 1}, {6, 7}, {2, 5}, {3, 4}], [{8, 1}, {6, 7}, {3, 5}, {2, 4}], [{8, 1}, {6, 7}, {3, 5}, {4}, {2}], [{8, 1}, {6, 7}, {4, 5}, {2, 3}], [{8, 1}, {6, 7}, {4, 5}, {3}, {2}], [{8, 1}, {6, 7}, {5}, {3, 4}, {2}], [{8, 1}, {7}, {2, 6}, {3, 5}, {4}], [{8, 1}, {7}, {3, 6}, {4, 5}, {2}], [{8, 2}, {1, 7}, {3, 6}, {4, 5}], [{8, 2}, {1, 7}, {3, 6}, {5}, {4}], [{8, 2}, {1, 7}, {4, 6}, {3, 5}], [{8, 2}, {1, 7}, {5, 6}, {3, 4}], [{8, 2}, {3, 7}, {1, 6}, {4, 5}], [{8, 2}, {3, 7}, {4, 6}, {1, 5}], [{8, 2}, {3, 7}, {5, 6}, {1, 4}], [{8, 2}, {3, 7}, {6}, {1, 5}, {4}], [{8, 2}, {4, 7}, {1, 6}, {3, 5}], [{8, 2}, {4, 7}, {1, 6}, {5}, {3}], [{8, 2}, {4, 7}, {3, 6}, {1, 5}], [{8, 2}, {4, 7}, {5, 6}, {1, 3}], [{8, 2}, {5, 7}, {1, 6}, {3, 4}], [{8, 2}, {5, 7}, {3, 6}, {1, 4}], [{8, 2}, {5, 7}, {3, 6}, {4}, {1}], [{8, 2}, {5, 7}, {4, 6}, {1, 3}], [{8, 2}, {5, 7}, {6}, {1, 4}, {3}], [{8, 2}, {6, 7}, {1, 5}, {3, 4}], [{8, 2}, {6, 7}, {1, 5}, {4}, {3}], [{8, 2}, {6, 7}, {3, 5}, {1, 4}], [{8, 2}, {6, 7}, {4, 5}, {1, 3}], [{8, 2}, {6, 7}, {5}, {3, 4}, {1}], [{8, 2}, {7}, {3, 6}, {1, 5}, {4}], [{8, 2}, {7}, {4, 6}, {3, 5}, {1}], [{8, 2}, {7}, {6}, {4, 5}, {1, 3}], [{8, 3}, {1, 7}, {2, 6}, {4, 5}], [{8, 3}, {1, 7}, {4, 6}, {2, 5}], [{8, 3}, {1, 7}, {5, 6}, {2, 4}], [{8, 3}, {1, 7}, {6}, {2, 5}, {4}], [{8, 3}, {1, 7}, {6}, {4, 5}, {2}], [{8, 3}, {1, 7}, {6}, {5}, {2, 4}], [{8, 3}, {2, 7}, {1, 6}, {4, 5}], [{8, 3}, {2, 7}, {1, 6}, {5}, {4}], [{8, 3}, {2, 7}, {4, 6}, {1, 5}], [{8, 3}, {2, 7}, {5, 6}, {1, 4}], [{8, 3}, {4, 7}, {1, 6}, {2, 5}], [{8, 3}, {4, 7}, {2, 6}, {1, 5}], [{8, 3}, {4, 7}, {5, 6}, {1, 2}], [{8, 3}, {5, 7}, {1, 6}, {2, 4}], [{8, 3}, {5, 7}, {2, 6}, {1, 4}], [{8, 3}, {5, 7}, {4, 6}, {1, 2}], [{8, 3}, {6, 7}, {1, 5}, {2, 4}], [{8, 3}, {6, 7}, {1, 5}, {4}, {2}], [{8, 3}, {6, 7}, {2, 5}, {1, 4}], [{8, 3}, {6, 7}, {4, 5}, {1, 2}], [{8, 3}, {6, 7}, {4, 5}, {2}, {1}], [{8, 3}, {6, 7}, {5}, {1, 4}, {2}], [{8, 3}, {7}, {1, 6}, {4, 5}, {2}], [{8, 3}, {7}, {4, 6}, {2, 5}, {1}], [{8, 3}, {7}, {5, 6}, {2, 4}, {1}], [{8, 4}, {1, 7}, {2, 6}, {3, 5}], [{8, 4}, {1, 7}, {3, 6}, {2, 5}], [{8, 4}, {1, 7}, {5, 6}, {2, 3}], [{8, 4}, {2, 7}, {1, 6}, {3, 5}], [{8, 4}, {2, 7}, {3, 6}, {1, 5}], [{8, 4}, {2, 7}, {3, 6}, {5}, {1}], [{8, 4}, {2, 7}, {5, 6}, {1, 3}], [{8, 4}, {3, 7}, {1, 6}, {2, 5}], [{8, 4}, {3, 7}, {2, 6}, {1, 5}], [{8, 4}, {3, 7}, {5, 6}, {1, 2}], [{8, 4}, {3, 7}, {6}, {1, 5}, {2}], [{8, 4}, {5, 7}, {1, 6}, {2, 3}], [{8, 4}, {5, 7}, {2, 6}, {1, 3}], [{8, 4}, {5, 7}, {3, 6}, {1, 2}], [{8, 4}, {5, 7}, {6}, {1, 3}, {2}], [{8, 4}, {6, 7}, {1, 5}, {2, 3}], [{8, 4}, {6, 7}, {1, 5}, {3}, {2}], [{8, 4}, {6, 7}, {2, 5}, {1, 3}], [{8, 4}, {6, 7}, {3, 5}, {1, 2}], [{8, 4}, {6, 7}, {3, 5}, {2}, {1}], [{8, 4}, {6, 7}, {5}, {1, 3}, {2}], [{8, 4}, {7}, {3, 6}, {1, 5}, {2}], [{8, 4}, {7}, {5, 6}, {1, 3}, {2}], [{8, 5}, {1, 7}, {2, 6}, {3, 4}], [{8, 5}, {1, 7}, {3, 6}, {2, 4}], [{8, 5}, {1, 7}, {4, 6}, {2, 3}], [{8, 5}, {2, 7}, {1, 6}, {3, 4}], [{8, 5}, {2, 7}, {3, 6}, {1, 4}], [{8, 5}, {2, 7}, {3, 6}, {4}, {1}], [{8, 5}, {2, 7}, {4, 6}, {1, 3}], [{8, 5}, {3, 7}, {1, 6}, {2, 4}], [{8, 5}, {3, 7}, {2, 6}, {1, 4}], [{8, 5}, {3, 7}, {4, 6}, {1, 2}], [{8, 5}, {3, 7}, {6}, {1, 4}, {2}], [{8, 5}, {4, 7}, {1, 6}, {2, 3}], [{8, 5}, {4, 7}, {2, 6}, {1, 3}], [{8, 5}, {4, 7}, {3, 6}, {1, 2}], [{8, 5}, {6, 7}, {1, 4}, {2, 3}], [{8, 5}, {6, 7}, {1, 4}, {3}, {2}], [{8, 5}, {6, 7}, {2, 4}, {1, 3}], [{8, 5}, {6, 7}, {3, 4}, {1, 2}], [{8, 5}, {6, 7}, {3, 4}, {2}, {1}], [{8, 5}, {6, 7}, {4}, {1, 3}, {2}], [{8, 5}, {7}, {3, 6}, {1, 4}, {2}], [{8, 5}, {7}, {4, 6}, {2, 3}, {1}], [{8, 6}, {1, 7}, {2, 5}, {3, 4}], [{8, 6}, {1, 7}, {3, 5}, {2, 4}], [{8, 6}, {1, 7}, {4, 5}, {2, 3}], [{8, 6}, {2, 7}, {1, 5}, {3, 4}], [{8, 6}, {2, 7}, {3, 5}, {1, 4}], [{8, 6}, {2, 7}, {4, 5}, {1, 3}], [{8, 6}, {3, 7}, {1, 5}, {2, 4}], [{8, 6}, {3, 7}, {1, 5}, {4}, {2}], [{8, 6}, {3, 7}, {2, 5}, {1, 4}], [{8, 6}, {3, 7}, {4, 5}, {1, 2}], [{8, 6}, {4, 7}, {1, 5}, {2, 3}], [{8, 6}, {4, 7}, {2, 5}, {1, 3}], [{8, 6}, {4, 7}, {3, 5}, {1, 2}], [{8, 6}, {5, 7}, {1, 4}, {2, 3}], [{8, 6}, {5, 7}, {2, 4}, {1, 3}], [{8, 6}, {5, 7}, {3, 4}, {1, 2}], [{8, 6}, {5, 7}, {4}, {1, 3}, {2}], [{8, 7}, {1, 6}, {2, 5}, {3, 4}], [{8, 7}, {1, 6}, {3, 5}, {2, 4}], [{8, 7}, {1, 6}, {4, 5}, {2, 3}], [{8, 7}, {2, 6}, {1, 5}, {3, 4}], [{8, 7}, {2, 6}, {3, 5}, {1, 4}], [{8, 7}, {2, 6}, {4, 5}, {1, 3}], [{8, 7}, {3, 6}, {1, 5}, {2, 4}], [{8, 7}, {3, 6}, {1, 5}, {4}, {2}], [{8, 7}, {3, 6}, {2, 5}, {1, 4}], [{8, 7}, {3, 6}, {4, 5}, {1, 2}], [{8, 7}, {4, 6}, {1, 5}, {2, 3}], [{8, 7}, {4, 6}, {2, 5}, {1, 3}], [{8, 7}, {4, 6}, {3, 5}, {1, 2}], [{8, 7}, {5, 6}, {1, 4}, {2, 3}], [{8, 7}, {5, 6}, {2, 4}, {1, 3}], [{8, 7}, {5, 6}, {3, 4}, {1, 2}], [{8, 7}, {5, 6}, {4}, {1, 3}, {2}], [{8}, {1, 7}, {2, 6}, {4, 5}, {3}], [{8}, {2, 7}, {3, 6}, {1, 5}, {4}], [{8}, {2, 7}, {3, 6}, {4, 5}, {1}], [{8}, {2, 7}, {3, 6}, {5}, {1, 4}], [{8}, {3, 7}, {2, 6}, {1, 5}, {4}], [{8}, {3, 7}, {4, 6}, {1, 5}, {2}], [{8}, {3, 7}, {6}, {1, 5}, {2, 4}], [{8}, {3, 7}, {6}, {1, 5}, {4}, {2}], [{8}, {4, 7}, {3, 6}, {1, 5}, {2}], [{8}, {4, 7}, {5, 6}, {1, 3}, {2}], [{8}, {4, 7}, {5, 6}, {2, 3}, {1}], [{8}, {4, 7}, {5, 6}, {3}, {1, 2}], [{8}, {5, 7}, {1, 6}, {2, 4}, {3}], [{8}, {5, 7}, {4, 6}, {1, 3}, {2}], [{8}, {6, 7}, {1, 5}, {2, 4}, {3}], [{8}, {6, 7}, {1, 5}, {3, 4}, {2}], [{8}, {6, 7}, {1, 5}, {4}, {2, 3}], [{8}, {6, 7}, {1, 5}, {4}, {3}, {2}], [{8}, {6, 7}, {2, 5}, {3, 4}, {1}], [{8}, {6, 7}, {3, 5}, {1, 4}, {2}], [{8}, {6, 7}, {4, 5}, {1, 3}, {2}], [{8}, {6, 7}, {5}, {3, 4}, {1, 2}], [{8}, {6, 7}, {5}, {3, 4}, {2}, {1}], [{8}, {7}, {3, 6}, {1, 5}, {2, 4}], [{8}, {7}, {3, 6}, {1, 5}, {4}, {2}]]",2,4 K_1^3 - 14 K_1^2 - 8 K_1 K_2 + K_1 + 7 K_2 + 3 K_3 + 8,O1O2O3U1O4U5U6U7O8O6U2O7U4U3O5U8,O1O2O3U4O5U6U7U5O8U3O6O4U1O7U2U8,O1O2O3U4U2O5U3O6O7U1O4U8U5U7O8U6,c,{'O1O2O3U4O5U1U6O7U2O8O4U7U8U5O6U3'},1,"<a href=""/flatknot/8.1101887"">8.1101887</a>",t^9-29t^7-50t^6+15t^5+46t^4+26t^3+34t^2-13t-30,-t^2+2t,,
8.1101888,O1O2O3U4O5U1U6O7U2O8O4U8U7U5O6U3,4,2z^2+71z+135,2w^3z^2+71w^2z+135w,False,False,"[[ 0 -2  0  2  0  2 -1  0 -1],[ 2  0  1  2  1  1  1  0 -1],[ 0 -1  0  1  0  1 -1  0 -1],[-2 -2 -1  0  0  0 -2 -1 -1],[ 0 -1  0  0  0  0  1 -1 -1],[-2 -1 -1  0  0  0 -2  0  0],[ 1 -1  1  2 -1  2  0  0 -1],[ 0  0  0  1  1  0  0  0  0],[ 1  1  1  1  1  0  1  0  0]]","[[ 0  2  2  0  0  0 -1 -1 -2],[-2  0  0  0  0 -1  0 -2 -1],[-2  0  0  0 -1 -1 -1 -2 -2],[ 0  0  0  0 -1  0 -1  1 -1],[ 0  0  1  1  0  0  0  0  0],[ 0  1  1  0  0  0 -1 -1 -1],[ 1  0  1  1  0  1  0  1  1],[ 1  2  2 -1  0  1 -1  0 -1],[ 2  1  2  1  0  1 -1  1  0]]",True,"[-2,-2,0,0,0,1,1,2,0,0,0,1,0,2,1,0,1,1,1,2,2,1,0,1,-1,1,0,0,0,0,1,1,1,-1,-1,1]","[-2,-2,0,0,0,1,1,2,0,0,0,1,0,2,1,0,1,1,1,2,2,1,0,1,-1,1,0,0,0,0,1,1,1,-1,-1,1]",t^8+27t^6+106t^4+23t^2,"[-2,-1,-1,0,0,0,2,2,0,2,1,1,2,2,3,1,0,2,1,1,1,0,0,1,2,3,0,0,1,1,1,2,2,1,2,0]","[-2,-2,0,0,0,1,1,2,0,1,1,2,1,2,2,1,2,2,1,3,3,0,0,0,0,1,1,1,1,2,2,0,1,-1,0,2]","[-2,-1,-1,0,0,0,2,2,-1,1,0,1,1,1,2,1,0,1,1,0,1,0,-1,1,2,2,1,0,0,1,0,0,0,1,1,0]",c,"[[{8, 1}, {2, 7}, {3, 6}, {4, 5}], [{8, 1}, {2, 7}, {4, 6}, {3, 5}], [{8, 1}, {2, 7}, {5, 6}, {3, 4}], [{8, 1}, {3, 7}, {2, 6}, {4, 5}], [{8, 1}, {3, 7}, {4, 6}, {2, 5}], [{8, 1}, {3, 7}, {5, 6}, {2, 4}], [{8, 1}, {4, 7}, {2, 6}, {3, 5}], [{8, 1}, {4, 7}, {3, 6}, {2, 5}], [{8, 1}, {4, 7}, {5, 6}, {2, 3}], [{8, 1}, {5, 7}, {2, 6}, {3, 4}], [{8, 1}, {5, 7}, {3, 6}, {2, 4}], [{8, 1}, {5, 7}, {4, 6}, {2, 3}], [{8, 1}, {6, 7}, {2, 5}, {3, 4}], [{8, 1}, {6, 7}, {3, 5}, {2, 4}], [{8, 1}, {6, 7}, {4, 5}, {2, 3}], [{8, 1}, {7}, {2, 6}, {5}, {3, 4}], [{8, 2}, {1, 7}, {3, 6}, {4, 5}], [{8, 2}, {1, 7}, {3, 6}, {5}, {4}], [{8, 2}, {1, 7}, {4, 6}, {3, 5}], [{8, 2}, {1, 7}, {5, 6}, {3, 4}], [{8, 2}, {1, 7}, {5, 6}, {4}, {3}], [{8, 2}, {1, 7}, {6}, {3, 5}, {4}], [{8, 2}, {3, 7}, {1, 6}, {4, 5}], [{8, 2}, {3, 7}, {4, 6}, {1, 5}], [{8, 2}, {3, 7}, {5, 6}, {1, 4}], [{8, 2}, {3, 7}, {6}, {1, 5}, {4}], [{8, 2}, {4, 7}, {1, 6}, {3, 5}], [{8, 2}, {4, 7}, {3, 6}, {1, 5}], [{8, 2}, {4, 7}, {5, 6}, {1, 3}], [{8, 2}, {4, 7}, {6}, {1, 5}, {3}], [{8, 2}, {5, 7}, {1, 6}, {3, 4}], [{8, 2}, {5, 7}, {3, 6}, {1, 4}], [{8, 2}, {5, 7}, {4, 6}, {1, 3}], [{8, 2}, {6, 7}, {1, 5}, {3, 4}], [{8, 2}, {6, 7}, {3, 5}, {1, 4}], [{8, 2}, {6, 7}, {4, 5}, {1, 3}], [{8, 2}, {7}, {1, 6}, {5}, {3, 4}], [{8, 2}, {7}, {5, 6}, {3, 4}, {1}], [{8, 2}, {7}, {6}, {1, 5}, {3, 4}], [{8, 2}, {7}, {6}, {4, 5}, {1, 3}], [{8, 3}, {1, 7}, {2, 6}, {4, 5}], [{8, 3}, {1, 7}, {2, 6}, {5}, {4}], [{8, 3}, {1, 7}, {4, 6}, {2, 5}], [{8, 3}, {1, 7}, {4, 6}, {5}, {2}], [{8, 3}, {1, 7}, {5, 6}, {2, 4}], [{8, 3}, {1, 7}, {6}, {5}, {2, 4}], [{8, 3}, {2, 7}, {1, 6}, {4, 5}], [{8, 3}, {2, 7}, {1, 6}, {5}, {4}], [{8, 3}, {2, 7}, {4, 6}, {1, 5}], [{8, 3}, {2, 7}, {4, 6}, {5}, {1}], [{8, 3}, {2, 7}, {5, 6}, {1, 4}], [{8, 3}, {2, 7}, {5, 6}, {4}, {1}], [{8, 3}, {2, 7}, {6}, {1, 5}, {4}], [{8, 3}, {2, 7}, {6}, {4, 5}, {1}], [{8, 3}, {2, 7}, {6}, {5}, {1, 4}], [{8, 3}, {2, 7}, {6}, {5}, {4}, {1}], [{8, 3}, {4, 7}, {1, 6}, {2, 5}], [{8, 3}, {4, 7}, {1, 6}, {5}, {2}], [{8, 3}, {4, 7}, {2, 6}, {1, 5}], [{8, 3}, {4, 7}, {2, 6}, {5}, {1}], [{8, 3}, {4, 7}, {5, 6}, {1, 2}], [{8, 3}, {4, 7}, {6}, {5}, {1, 2}], [{8, 3}, {5, 7}, {1, 6}, {2, 4}], [{8, 3}, {5, 7}, {2, 6}, {1, 4}], [{8, 3}, {5, 7}, {4, 6}, {1, 2}], [{8, 3}, {5, 7}, {4, 6}, {2}, {1}], [{8, 3}, {6, 7}, {1, 5}, {2, 4}], [{8, 3}, {6, 7}, {2, 5}, {1, 4}], [{8, 3}, {6, 7}, {4, 5}, {1, 2}], [{8, 3}, {6, 7}, {5}, {1, 4}, {2}], [{8, 3}, {6, 7}, {5}, {2, 4}, {1}], [{8, 3}, {6, 7}, {5}, {4}, {1, 2}], [{8, 3}, {7}, {1, 6}, {5}, {2, 4}], [{8, 3}, {7}, {2, 6}, {5}, {1, 4}], [{8, 3}, {7}, {4, 6}, {1, 5}, {2}], [{8, 3}, {7}, {4, 6}, {2, 5}, {1}], [{8, 3}, {7}, {4, 6}, {5}, {1, 2}], [{8, 3}, {7}, {4, 6}, {5}, {2}, {1}], [{8, 4}, {1, 7}, {2, 6}, {3, 5}], [{8, 4}, {1, 7}, {3, 6}, {2, 5}], [{8, 4}, {1, 7}, {3, 6}, {5}, {2}], [{8, 4}, {1, 7}, {5, 6}, {2, 3}], [{8, 4}, {2, 7}, {1, 6}, {3, 5}], [{8, 4}, {2, 7}, {3, 6}, {1, 5}], [{8, 4}, {2, 7}, {3, 6}, {5}, {1}], [{8, 4}, {2, 7}, {5, 6}, {1, 3}], [{8, 4}, {2, 7}, {6}, {1, 5}, {3}], [{8, 4}, {3, 7}, {1, 6}, {2, 5}], [{8, 4}, {3, 7}, {2, 6}, {1, 5}], [{8, 4}, {3, 7}, {5, 6}, {1, 2}], [{8, 4}, {5, 7}, {1, 6}, {2, 3}], [{8, 4}, {5, 7}, {1, 6}, {3}, {2}], [{8, 4}, {5, 7}, {2, 6}, {1, 3}], [{8, 4}, {5, 7}, {3, 6}, {1, 2}], [{8, 4}, {5, 7}, {3, 6}, {2}, {1}], [{8, 4}, {5, 7}, {6}, {1, 3}, {2}], [{8, 4}, {6, 7}, {1, 5}, {2, 3}], [{8, 4}, {6, 7}, {2, 5}, {1, 3}], [{8, 4}, {6, 7}, {3, 5}, {1, 2}], [{8, 4}, {7}, {3, 6}, {1, 5}, {2}], [{8, 4}, {7}, {3, 6}, {2, 5}, {1}], [{8, 4}, {7}, {3, 6}, {5}, {1, 2}], [{8, 4}, {7}, {3, 6}, {5}, {2}, {1}], [{8, 5}, {1, 7}, {2, 6}, {3, 4}], [{8, 5}, {1, 7}, {3, 6}, {2, 4}], [{8, 5}, {1, 7}, {4, 6}, {2, 3}], [{8, 5}, {2, 7}, {1, 6}, {3, 4}], [{8, 5}, {2, 7}, {3, 6}, {1, 4}], [{8, 5}, {2, 7}, {4, 6}, {1, 3}], [{8, 5}, {3, 7}, {1, 6}, {2, 4}], [{8, 5}, {3, 7}, {2, 6}, {1, 4}], [{8, 5}, {3, 7}, {4, 6}, {1, 2}], [{8, 5}, {4, 7}, {1, 6}, {2, 3}], [{8, 5}, {4, 7}, {2, 6}, {1, 3}], [{8, 5}, {4, 7}, {3, 6}, {1, 2}], [{8, 5}, {4, 7}, {6}, {1, 3}, {2}], [{8, 5}, {6, 7}, {1, 4}, {2, 3}], [{8, 5}, {6, 7}, {2, 4}, {1, 3}], [{8, 5}, {6, 7}, {3, 4}, {1, 2}], [{8, 5}, {7}, {1, 6}, {2, 4}, {3}], [{8, 5}, {7}, {2, 6}, {3, 4}, {1}], [{8, 5}, {7}, {3, 6}, {4}, {1, 2}], [{8, 6}, {1, 7}, {2, 5}, {3, 4}], [{8, 6}, {1, 7}, {2, 5}, {4}, {3}], [{8, 6}, {1, 7}, {3, 5}, {2, 4}], [{8, 6}, {1, 7}, {4, 5}, {2, 3}], [{8, 6}, {1, 7}, {4, 5}, {3}, {2}], [{8, 6}, {1, 7}, {5}, {2, 4}, {3}], [{8, 6}, {2, 7}, {1, 5}, {3, 4}], [{8, 6}, {2, 7}, {1, 5}, {4}, {3}], [{8, 6}, {2, 7}, {3, 5}, {1, 4}], [{8, 6}, {2, 7}, {4, 5}, {1, 3}], [{8, 6}, {2, 7}, {5}, {3, 4}, {1}], [{8, 6}, {3, 7}, {1, 5}, {2, 4}], [{8, 6}, {3, 7}, {2, 5}, {1, 4}], [{8, 6}, {3, 7}, {4, 5}, {1, 2}], [{8, 6}, {3, 7}, {5}, {1, 4}, {2}], [{8, 6}, {4, 7}, {1, 5}, {2, 3}], [{8, 6}, {4, 7}, {2, 5}, {1, 3}], [{8, 6}, {4, 7}, {3, 5}, {1, 2}], [{8, 6}, {4, 7}, {5}, {1, 3}, {2}], [{8, 6}, {5, 7}, {1, 4}, {2, 3}], [{8, 6}, {5, 7}, {2, 4}, {1, 3}], [{8, 6}, {5, 7}, {3, 4}, {1, 2}], [{8, 6}, {7}, {1, 5}, {3, 4}, {2}], [{8, 7}, {1, 6}, {2, 5}, {3, 4}], [{8, 7}, {1, 6}, {3, 5}, {2, 4}], [{8, 7}, {1, 6}, {4, 5}, {2, 3}], [{8, 7}, {2, 6}, {1, 5}, {3, 4}], [{8, 7}, {2, 6}, {3, 5}, {1, 4}], [{8, 7}, {2, 6}, {4, 5}, {1, 3}], [{8, 7}, {3, 6}, {1, 5}, {2, 4}], [{8, 7}, {3, 6}, {2, 5}, {1, 4}], [{8, 7}, {3, 6}, {4, 5}, {1, 2}], [{8, 7}, {4, 6}, {1, 5}, {2, 3}], [{8, 7}, {4, 6}, {2, 5}, {1, 3}], [{8, 7}, {4, 6}, {3, 5}, {1, 2}], [{8, 7}, {5, 6}, {1, 4}, {2, 3}], [{8, 7}, {5, 6}, {2, 4}, {1, 3}], [{8, 7}, {5, 6}, {3, 4}, {1, 2}], [{8, 7}, {6}, {1, 5}, {3, 4}, {2}], [{8}, {1, 7}, {3, 6}, {5}, {2, 4}], [{8}, {2, 7}, {1, 6}, {4, 5}, {3}], [{8}, {2, 7}, {3, 6}, {1, 5}, {4}], [{8}, {2, 7}, {4, 6}, {1, 5}, {3}], [{8}, {2, 7}, {6}, {1, 5}, {3, 4}], [{8}, {3, 7}, {1, 6}, {4, 5}, {2}], [{8}, {4, 7}, {5, 6}, {1, 3}, {2}], [{8}, {5, 7}, {4, 6}, {3}, {1, 2}], [{8}, {6, 7}, {1, 5}, {2, 4}, {3}], [{8}, {6, 7}, {1, 5}, {3, 4}, {2}], [{8}, {6, 7}, {1, 5}, {4}, {2, 3}], [{8}, {6, 7}, {4, 5}, {1, 3}, {2}], [{8}, {7}, {1, 6}, {3, 5}, {2, 4}], [{8}, {7}, {1, 6}, {4, 5}, {2, 3}], [{8}, {7}, {2, 6}, {1, 5}, {3, 4}], [{8}, {7}, {3, 6}, {4, 5}, {1, 2}], [{8}, {7}, {6}, {1, 5}, {3, 4}, {2}]]",2,8 K_1^3 - 38 K_1^2 - 28 K_1 K_2 + 8 K_1 + 19 K_2 + 12 K_3 + 20,O1O2O3U1O4U5U6U7O8O7U2O6U4U3O5U8,O1O2O3U4O5U6U7U5O8U3O6O4U2O7U1U8,O1O2O3U4U3O5U2O6O7U1O4U8U5U7O8U6,c,{'O1O2O3U4O5U1U6O7U2O8O4U8U7U5O6U3'},1,"<a href=""/flatknot/8.1101888"">8.1101888</a>",t^9-25t^7-60t^6-27t^5+22t^4+18t^3+32t^2+20t-6,-t^2+2t,,
8.1101889,O1O2O3U4O5U1U6O7U3O8O4U2U7U5O6U8,4,15z^2+100z+141,15w^3z^2+100w^2z+141w,False,False,"[[ 0 -2 -1  1  0  2 -1  0  1],[ 2  0  1  1  1  2  0  1  1],[ 1 -1  0  1  0  2 -1  1  1],[-1 -1 -1  0 -1  1 -2  0  0],[ 0 -1  0  1  0  1  0  0  0],[-2 -2 -2 -1 -1  0 -2  0  1],[ 1  0  1  2  0  2  0  0  0],[ 0 -1 -1  0  0  0  0  0  1],[-1 -1 -1  0  0 -1  0 -1  0]]","[[ 0  2  1  1  0  0 -1 -1 -2],[-2  0  1 -1  0 -1 -2 -2 -2],[-1 -1  0  0 -1  0  0 -1 -1],[-1  1  0  0  0 -1 -2 -1 -1],[ 0  0  1  0  0  0  0 -1 -1],[ 0  1  0  1  0  0  0  0 -1],[ 1  2  0  2  0  0  0  1  0],[ 1  2  1  1  1  0 -1  0 -1],[ 2  2  1  1  1  1  0  1  0]]",True,"[-2,-1,-1,0,0,1,1,2,-1,1,0,1,2,2,2,0,1,0,0,1,1,0,1,2,1,1,0,0,1,1,0,0,1,-1,0,1]","[-2,-1,-1,0,0,1,1,2,-1,1,0,1,2,2,2,0,1,0,0,1,1,0,1,2,1,1,0,0,1,1,0,0,1,-1,0,1]",t^8+30t^6+102t^4+27t^2+1,"[-2,-1,-1,0,0,1,1,2,0,1,1,1,2,2,2,1,0,1,1,1,1,1,1,0,2,1,0,1,0,2,0,1,1,0,0,2]","[-2,-1,-1,0,0,1,1,2,0,2,1,2,1,1,2,0,0,1,0,1,2,1,0,2,1,2,0,1,1,1,1,0,1,1,1,0]","[-2,-1,-1,0,0,1,1,2,0,1,1,1,1,1,2,1,0,0,0,2,2,0,1,1,1,2,0,0,1,1,1,0,0,0,-1,1]",c,"[[{8, 3}, {5, 7}, {2, 6}, {1, 4}], [{8, 3}, {6, 7}, {1, 5}, {2, 4}]]",1,16 K_1^3 - 32 K_1^2 - 16 K_1 K_2 - 4 K_1 + 16 K_2 + 4 K_3 + 17,O1O2O3U4O5U6U7U2O8O4U1O7U5U3O6U8,O1O2O3U4O5U6U1U7O8U3O6O4U2O7U5U8,O1O2O3U4U5O6U2O7O8U1O4U6U3U8O5U7,c,{'O1O2O3U4O5U1U6O7U3O8O4U2U7U5O6U8'},1,"<a href=""/flatknot/8.1101889"">8.1101889</a>",t^9-30t^7-60t^6+62t^5+206t^4+77t^3-46t^2-14t-16,0,,
8.1101890,O1O2O3U4O5U1U6O7U3O8O4U7U5U2O6U8,3,14z^2+63z+71,14w^3z^2+63w^2z+71w,False,False,"[[ 0 -2  1  1  0  1 -1 -1  1],[ 2  0  2  1  1  1  0  0  1],[-1 -2  0 -1  0  0 -2  0  1],[-1 -1  1  0 -1  1 -2  0  0],[ 0 -1  0  1  0  0  0 -1  0],[-1 -1  0 -1  0  0 -1  0  1],[ 1  0  2  2  0  1  0 -1  0],[ 1  0  0  0  1  0  1  0  1],[-1 -1 -1  0  0 -1  0 -1  0]]","[[ 0  1  1  1  1  0 -1 -1 -2],[-1  0  1  1  0 -1  0 -2 -1],[-1 -1  0  0  1  0  0 -1 -1],[-1 -1  0  0  1  0  0 -2 -2],[-1  0 -1 -1  0  0 -1  0 -1],[ 0  1  0  0  0  0 -1  0 -1],[ 1  0  0  0  1  1  0  1  0],[ 1  2  1  2  0  0 -1  0  0],[ 2  1  1  2  1  1  0  0  0]]",True,"[-1,-1,-1,-1,0,1,1,2,-1,-1,0,1,0,2,1,0,-1,0,0,1,1,-1,0,0,2,2,0,1,0,1,1,0,1,-1,0,0]","[-2,-1,-1,0,1,1,1,1,0,0,1,1,1,1,2,-1,0,0,1,2,2,1,1,0,0,0,0,0,1,0,-1,0,-1,-1,0,1]",t^8+25t^6+118t^4+21t^2,"[-2,-1,-1,0,1,1,1,1,1,1,1,1,2,2,2,-1,0,2,1,2,2,1,0,2,0,1,1,1,0,1,-1,1,0,0,1,-1]","[-1,-1,-1,-1,0,1,1,2,-1,-1,0,1,1,2,2,0,-1,1,2,0,1,-1,1,2,1,2,0,2,0,2,0,1,1,1,1,1]","[-2,-1,-1,0,1,1,1,1,0,0,1,1,1,1,2,-1,0,0,1,2,2,1,1,0,0,0,0,0,1,0,-1,0,-1,-1,0,1]",c,"[[{8, 1}, {4, 7}, {2, 6}, {3, 5}], [{8, 1}, {4, 7}, {2, 6}, {5}, {3}], [{8, 3}, {1, 7}, {2, 6}, {4, 5}], [{8, 3}, {1, 7}, {4, 6}, {2, 5}], [{8, 3}, {7}, {2, 6}, {4, 5}, {1}], [{8, 5}, {1, 7}, {2, 6}, {3, 4}], [{8, 5}, {7}, {2, 6}, {3, 4}, {1}]]",1,4 K_1^3 - 14 K_1^2 - 4 K_1 K_2 - K_1 + 7 K_2 + K_3 + 8,O1O2O3U4O5U2U6U7O8O4U1O7U5U3O6U8,O1O2O3U4O5U6U3U7O8U2O6O4U1O7U5U8,O1O2O3U4U5O6U3O7O8U2O4U6U1U8O5U7,c,"{'O1O2O3U4O5U1U6O7U3O8O4U7U5U2O6U8', 'O1O2U3O4O5U1U6U4O7O8U7O3U5U2O6U8'}",2,"<a href=""/flatknot/8.1101890"">8.1101890</a>",t^9-27t^7-20t^6+123t^5-10t^4-190t^3+192t^2-72t+8,t^2-2t,,
8.1101891,O1O2O3U4O5U1U6O7U3O8O4U7U5U8O6U2,4,z^3+12z^2+62z+85,w^4z^3+12w^3z^2+62w^2z+85w,False,False,"[[ 0 -2  1  1  0  1 -1 -1  1],[ 2  0  2  1  1  1  1  0  0],[-1 -2  0  0  0  0 -2 -1  1],[-1 -1  0  0 -1  1 -2  0  1],[ 0 -1  0  1  0  0  1 -1 -1],[-1 -1  0 -1  0  0 -2  0  2],[ 1 -1  2  2 -1  2  0  0  0],[ 1  0  1  0  1  0  0  0  1],[-1  0 -1 -1  1 -2  0 -1  0]]","[[ 0  1  1  1  1  0 -1 -1 -2],[-1  0  2  0 -1  0  0 -2 -1],[-1 -2  0 -1 -1  1 -1  0  0],[-1  0  1  0  0  0 -1 -2 -2],[-1  1  1  0  0 -1  0 -2 -1],[ 0  0 -1  0  1  0 -1  1 -1],[ 1  0  1  1  0  1  0  0  0],[ 1  2  0  2  2 -1  0  0 -1],[ 2  1  0  2  1  1  0  1  0]]",True,"[-1,-1,-1,-1,0,1,1,2,-2,0,1,0,0,2,1,1,1,-1,1,0,0,0,0,1,2,2,1,0,2,1,1,-1,1,0,0,1]","[-2,-1,-1,0,1,1,1,1,0,1,1,0,1,1,2,0,1,1,0,0,1,-1,0,2,2,2,-1,0,1,0,-2,-1,-1,-1,0,0]",t^8+33t^6+186t^4+40t^2+1,"[-2,-1,-1,0,1,1,1,1,0,1,1,1,2,2,3,0,2,0,0,0,2,0,1,2,2,1,1,0,1,2,0,0,-1,-1,-1,-2]","[-1,-1,-1,-1,0,1,1,2,-2,-1,-1,2,1,2,3,-1,0,1,2,0,2,0,0,2,0,2,1,1,0,1,0,2,1,0,1,0]","[-2,-1,-1,0,1,1,1,1,0,1,1,0,1,1,2,0,1,1,0,0,1,-1,0,2,2,2,-1,0,1,0,-2,-1,-1,-1,0,0]",c,"[[{8, 1}, {4, 7}, {2, 6}, {3, 5}], [{8, 1}, {4, 7}, {2, 6}, {5}, {3}]]",1,4 K_1^3 - 18 K_1^2 - 4 K_1 K_2 - K_1 + 9 K_2 + K_3 + 10,O1O2O3U2O4U5U6U7O8O5U1O7U4U3O6U8,O1O2O3U4O5U6U5U7O8U2O6O4U1O7U3U8,O1O2O3U4U1O5U3O6O7U2O4U5U8U7O8U6,c,"{'O1O2U3O4O5U1U6U4O7O8U7O3U5U8O6U2', 'O1O2O3U4O5U1U6O7U3O8O4U7U5U8O6U2'}",2,"<a href=""/flatknot/8.1101891"">8.1101891</a>",t^9-35t^7-38t^6+159t^5+142t^4-203t^3-84t^2+44t-54,t^2-2t,,
8.1101892,O1O2O3U4O5U1U6O7U3O8O4U7U8U5O6U2,4,z^3+17z^2+67z+75,w^4z^3+17w^3z^2+67w^2z+75w,False,False,"[[ 0 -2  1  1  0  2 -1 -1  0],[ 2  0  2  1  1  1  1  0 -1],[-1 -2  0  0  0  1 -2 -1  0],[-1 -1  0  0 -1  1 -2  0  0],[ 0 -1  0  1  0  0  1 -1 -1],[-2 -1 -1 -1  0  0 -2 -1  1],[ 1 -1  2  2 -1  2  0  0 -1],[ 1  0  1  0  1  1  0  0  1],[ 0  1  0  0  1 -1  1 -1  0]]","[[ 0  2  1  1  0  0 -1 -1 -2],[-2  0 -1 -1  1  0 -1 -2 -1],[-1  1  0  0  0  0 -1 -2 -2],[-1  1  0  0  0 -1  0 -2 -1],[ 0 -1  0  0  0  1 -1  1  1],[ 0  0  0  1 -1  0 -1  1 -1],[ 1  1  1  0  1  1  0  0  0],[ 1  2  2  2 -1 -1  0  0 -1],[ 2  1  2  1 -1  1  0  1  0]]",True,"[-2,-1,-1,0,0,1,1,2,1,1,-1,0,1,2,1,0,0,0,1,2,2,0,1,0,2,1,-1,1,-1,-1,1,-1,1,0,0,1]","[-2,-1,-1,0,0,1,1,2,0,0,2,3,1,2,3,0,0,1,0,2,2,1,1,0,1,1,-1,2,0,1,2,0,3,0,0,1]",t^8+32t^6+169t^4+105t^2+1,"[-2,-1,-1,0,0,1,1,2,0,1,1,3,1,2,3,0,2,2,0,0,1,0,0,1,2,2,1,1,0,2,1,1,3,0,0,0]","[-2,-1,-1,0,0,1,1,2,0,0,2,3,1,2,3,0,0,1,0,2,2,1,1,0,1,1,-1,2,0,1,2,0,3,0,0,1]","[-2,-1,-1,0,0,1,1,2,0,1,-1,1,1,2,1,0,1,1,0,1,1,-1,-1,2,2,2,1,0,0,-1,1,0,0,0,1,1]",c,"[[{8, 3}, {2, 7}, {4, 6}, {1, 5}], [{8, 4}, {2, 7}, {3, 6}, {1, 5}], [{8, 6}, {2, 7}, {1, 5}, {3, 4}], [{8, 6}, {7}, {1, 5}, {3, 4}, {2}]]",1,8 K_1^3 - 16 K_1^2 - 8 K_1 K_2 - 2 K_1 + 8 K_2 + 2 K_3 + 9,O1O2O3U2O4U5U6U7O8O6U1O7U4U3O5U8,O1O2O3U4O5U6U5U7O8U3O6O4U1O7U2U8,O1O2O3U4U2O5U3O6O7U1O4U5U8U7O8U6,c,"{'O1O2O3U4O5U1U6O7U3O8O4U7U8U5O6U2', 'O1O2U3O4O5U1U6U4O7O8U7O3U8U5O6U2'}",2,"<a href=""/flatknot/8.1101892"">8.1101892</a>",t^9-32t^7-60t^6+33t^5+56t^4-33t^3+30t^2-18,0,,
8.1101893,O1O2O3U4O5U1U6O7U3O8O4U8U7U5O6U2,4,z^3+27z^2+109z+119,w^4z^3+27w^3z^2+109w^2z+119w,False,False,"[[ 0 -2  1  1  0  2 -1  0 -1],[ 2  0  2  1  1  1  1  0 -1],[-1 -2  0  0  0  1 -2  0 -1],[-1 -1  0  0 -1  1 -2  0 -1],[ 0 -1  0  1  0  0  1 -1 -1],[-2 -1 -1 -1  0  0 -2  0  0],[ 1 -1  2  2 -1  2  0  0 -1],[ 0  0  0  0  1  0  0  0  0],[ 1  1  1  1  1  0  1  0  0]]","[[ 0  2  1  1  0  0 -1 -1 -2],[-2  0 -1 -1  0  0  0 -2 -1],[-1  1  0  0  0  0 -1 -2 -2],[-1  1  0  0  0 -1 -1 -2 -1],[ 0  0  0  0  0  1  0  0  0],[ 0  0  0  1 -1  0 -1  1 -1],[ 1  0  1  1  0  1  0  1  1],[ 1  2  2  2  0 -1 -1  0 -1],[ 2  1  2  1  0  1 -1  1  0]]",True,"[-2,-1,-1,0,0,1,1,2,1,1,0,0,0,2,1,0,0,0,1,2,2,0,1,1,2,1,-1,0,0,0,1,-1,1,-1,-1,1]","[-2,-1,-1,0,0,1,1,2,-1,1,0,1,1,2,1,1,0,1,1,1,0,0,-1,2,2,2,1,0,0,0,1,0,0,0,1,1]",t^8+30t^6+110t^4+44t^2+1,"[-2,-1,-1,0,0,1,1,2,0,2,1,2,1,2,3,1,2,1,0,0,1,0,1,1,1,3,1,1,0,2,1,1,2,0,0,0]","[-2,-1,-1,0,0,1,1,2,0,0,2,2,1,3,3,0,0,1,0,1,2,1,1,0,1,1,-1,2,0,1,1,1,2,-1,0,2]","[-2,-1,-1,0,0,1,1,2,-1,1,0,1,1,2,1,1,0,1,1,1,0,0,-1,2,2,2,1,0,0,0,1,0,0,0,1,1]",c,"[[{8, 1}, {2, 7}, {3, 6}, {4, 5}], [{8, 1}, {2, 7}, {4, 6}, {3, 5}], [{8, 1}, {2, 7}, {5, 6}, {3, 4}], [{8, 1}, {3, 7}, {2, 6}, {4, 5}], [{8, 1}, {3, 7}, {4, 6}, {2, 5}], [{8, 1}, {3, 7}, {5, 6}, {2, 4}], [{8, 1}, {4, 7}, {2, 6}, {3, 5}], [{8, 1}, {4, 7}, {3, 6}, {2, 5}], [{8, 1}, {4, 7}, {5, 6}, {2, 3}], [{8, 1}, {5, 7}, {2, 6}, {3, 4}], [{8, 1}, {5, 7}, {3, 6}, {2, 4}], [{8, 1}, {5, 7}, {4, 6}, {2, 3}], [{8, 1}, {6, 7}, {2, 5}, {3, 4}], [{8, 1}, {6, 7}, {3, 5}, {2, 4}], [{8, 1}, {6, 7}, {4, 5}, {2, 3}], [{8, 1}, {6, 7}, {4, 5}, {3}, {2}], [{8, 1}, {7}, {2, 6}, {3, 5}, {4}], [{8, 2}, {1, 7}, {3, 6}, {4, 5}], [{8, 2}, {1, 7}, {4, 6}, {3, 5}], [{8, 2}, {1, 7}, {5, 6}, {3, 4}], [{8, 2}, {1, 7}, {6}, {5}, {3, 4}], [{8, 2}, {3, 7}, {1, 6}, {4, 5}], [{8, 2}, {3, 7}, {1, 6}, {5}, {4}], [{8, 2}, {3, 7}, {4, 6}, {1, 5}], [{8, 2}, {3, 7}, {5, 6}, {1, 4}], [{8, 2}, {4, 7}, {1, 6}, {3, 5}], [{8, 2}, {4, 7}, {3, 6}, {1, 5}], [{8, 2}, {4, 7}, {5, 6}, {1, 3}], [{8, 2}, {5, 7}, {1, 6}, {3, 4}], [{8, 2}, {5, 7}, {1, 6}, {4}, {3}], [{8, 2}, {5, 7}, {3, 6}, {1, 4}], [{8, 2}, {5, 7}, {4, 6}, {1, 3}], [{8, 2}, {5, 7}, {6}, {3, 4}, {1}], [{8, 2}, {6, 7}, {1, 5}, {3, 4}], [{8, 2}, {6, 7}, {3, 5}, {1, 4}], [{8, 2}, {6, 7}, {4, 5}, {1, 3}], [{8, 2}, {7}, {1, 6}, {3, 5}, {4}], [{8, 2}, {7}, {3, 6}, {1, 5}, {4}], [{8, 2}, {7}, {3, 6}, {4, 5}, {1}], [{8, 2}, {7}, {3, 6}, {5}, {1, 4}], [{8, 2}, {7}, {4, 6}, {1, 5}, {3}], [{8, 2}, {7}, {5, 6}, {4}, {1, 3}], [{8, 2}, {7}, {6}, {1, 5}, {3, 4}], [{8, 3}, {1, 7}, {2, 6}, {4, 5}], [{8, 3}, {1, 7}, {4, 6}, {2, 5}], [{8, 3}, {1, 7}, {5, 6}, {2, 4}], [{8, 3}, {1, 7}, {5, 6}, {4}, {2}], [{8, 3}, {2, 7}, {1, 6}, {4, 5}], [{8, 3}, {2, 7}, {4, 6}, {1, 5}], [{8, 3}, {2, 7}, {4, 6}, {5}, {1}], [{8, 3}, {2, 7}, {5, 6}, {1, 4}], [{8, 3}, {2, 7}, {6}, {1, 5}, {4}], [{8, 3}, {4, 7}, {1, 6}, {2, 5}], [{8, 3}, {4, 7}, {1, 6}, {5}, {2}], [{8, 3}, {4, 7}, {2, 6}, {1, 5}], [{8, 3}, {4, 7}, {5, 6}, {1, 2}], [{8, 3}, {5, 7}, {1, 6}, {2, 4}], [{8, 3}, {5, 7}, {2, 6}, {1, 4}], [{8, 3}, {5, 7}, {4, 6}, {1, 2}], [{8, 3}, {5, 7}, {6}, {4}, {1, 2}], [{8, 3}, {6, 7}, {1, 5}, {2, 4}], [{8, 3}, {6, 7}, {1, 5}, {4}, {2}], [{8, 3}, {6, 7}, {2, 5}, {1, 4}], [{8, 3}, {6, 7}, {4, 5}, {1, 2}], [{8, 3}, {7}, {2, 6}, {1, 5}, {4}], [{8, 3}, {7}, {2, 6}, {4, 5}, {1}], [{8, 3}, {7}, {2, 6}, {5}, {1, 4}], [{8, 3}, {7}, {5, 6}, {2, 4}, {1}], [{8, 4}, {1, 7}, {2, 6}, {3, 5}], [{8, 4}, {1, 7}, {2, 6}, {5}, {3}], [{8, 4}, {1, 7}, {3, 6}, {2, 5}], [{8, 4}, {1, 7}, {5, 6}, {2, 3}], [{8, 4}, {2, 7}, {1, 6}, {3, 5}], [{8, 4}, {2, 7}, {3, 6}, {1, 5}], [{8, 4}, {2, 7}, {5, 6}, {1, 3}], [{8, 4}, {2, 7}, {6}, {1, 5}, {3}], [{8, 4}, {3, 7}, {1, 6}, {2, 5}], [{8, 4}, {3, 7}, {2, 6}, {1, 5}], [{8, 4}, {3, 7}, {5, 6}, {1, 2}], [{8, 4}, {3, 7}, {5, 6}, {2}, {1}], [{8, 4}, {3, 7}, {6}, {5}, {1, 2}], [{8, 4}, {5, 7}, {1, 6}, {2, 3}], [{8, 4}, {5, 7}, {2, 6}, {1, 3}], [{8, 4}, {5, 7}, {2, 6}, {3}, {1}], [{8, 4}, {5, 7}, {3, 6}, {1, 2}], [{8, 4}, {6, 7}, {1, 5}, {2, 3}], [{8, 4}, {6, 7}, {1, 5}, {3}, {2}], [{8, 4}, {6, 7}, {2, 5}, {1, 3}], [{8, 4}, {6, 7}, {3, 5}, {1, 2}], [{8, 4}, {6, 7}, {3, 5}, {2}, {1}], [{8, 4}, {6, 7}, {5}, {1, 3}, {2}], [{8, 4}, {7}, {2, 6}, {1, 5}, {3}], [{8, 5}, {1, 7}, {2, 6}, {3, 4}], [{8, 5}, {1, 7}, {3, 6}, {2, 4}], [{8, 5}, {1, 7}, {4, 6}, {2, 3}], [{8, 5}, {2, 7}, {1, 6}, {3, 4}], [{8, 5}, {2, 7}, {3, 6}, {1, 4}], [{8, 5}, {2, 7}, {4, 6}, {1, 3}], [{8, 5}, {3, 7}, {1, 6}, {2, 4}], [{8, 5}, {3, 7}, {2, 6}, {1, 4}], [{8, 5}, {3, 7}, {4, 6}, {1, 2}], [{8, 5}, {4, 7}, {1, 6}, {2, 3}], [{8, 5}, {4, 7}, {2, 6}, {1, 3}], [{8, 5}, {4, 7}, {3, 6}, {1, 2}], [{8, 5}, {6, 7}, {1, 4}, {2, 3}], [{8, 5}, {6, 7}, {1, 4}, {3}, {2}], [{8, 5}, {6, 7}, {2, 4}, {1, 3}], [{8, 5}, {6, 7}, {3, 4}, {1, 2}], [{8, 5}, {7}, {2, 6}, {4}, {1, 3}], [{8, 5}, {7}, {3, 6}, {2, 4}, {1}], [{8, 6}, {1, 7}, {2, 5}, {3, 4}], [{8, 6}, {1, 7}, {3, 5}, {2, 4}], [{8, 6}, {1, 7}, {4, 5}, {2, 3}], [{8, 6}, {1, 7}, {4, 5}, {3}, {2}], [{8, 6}, {2, 7}, {1, 5}, {3, 4}], [{8, 6}, {2, 7}, {3, 5}, {1, 4}], [{8, 6}, {2, 7}, {4, 5}, {1, 3}], [{8, 6}, {3, 7}, {1, 5}, {2, 4}], [{8, 6}, {3, 7}, {1, 5}, {4}, {2}], [{8, 6}, {3, 7}, {2, 5}, {1, 4}], [{8, 6}, {3, 7}, {4, 5}, {1, 2}], [{8, 6}, {4, 7}, {1, 5}, {2, 3}], [{8, 6}, {4, 7}, {1, 5}, {3}, {2}], [{8, 6}, {4, 7}, {2, 5}, {1, 3}], [{8, 6}, {4, 7}, {3, 5}, {1, 2}], [{8, 6}, {4, 7}, {3, 5}, {2}, {1}], [{8, 6}, {4, 7}, {5}, {1, 3}, {2}], [{8, 6}, {5, 7}, {1, 4}, {2, 3}], [{8, 6}, {5, 7}, {1, 4}, {3}, {2}], [{8, 6}, {5, 7}, {2, 4}, {1, 3}], [{8, 6}, {5, 7}, {3, 4}, {1, 2}], [{8, 6}, {7}, {1, 5}, {3, 4}, {2}], [{8, 7}, {1, 6}, {2, 5}, {3, 4}], [{8, 7}, {1, 6}, {3, 5}, {2, 4}], [{8, 7}, {1, 6}, {4, 5}, {2, 3}], [{8, 7}, {2, 6}, {1, 5}, {3, 4}], [{8, 7}, {2, 6}, {3, 5}, {1, 4}], [{8, 7}, {2, 6}, {4, 5}, {1, 3}], [{8, 7}, {3, 6}, {1, 5}, {2, 4}], [{8, 7}, {3, 6}, {2, 5}, {1, 4}], [{8, 7}, {3, 6}, {4, 5}, {1, 2}], [{8, 7}, {4, 6}, {1, 5}, {2, 3}], [{8, 7}, {4, 6}, {2, 5}, {1, 3}], [{8, 7}, {4, 6}, {3, 5}, {1, 2}], [{8, 7}, {5, 6}, {1, 4}, {2, 3}], [{8, 7}, {5, 6}, {1, 4}, {3}, {2}], [{8, 7}, {5, 6}, {2, 4}, {1, 3}], [{8, 7}, {5, 6}, {3, 4}, {1, 2}], [{8, 7}, {6}, {1, 5}, {3, 4}, {2}], [{8}, {2, 7}, {6}, {1, 5}, {3, 4}], [{8}, {3, 7}, {1, 6}, {4, 5}, {2}], [{8}, {4, 7}, {5, 6}, {3}, {1, 2}], [{8}, {5, 7}, {4, 6}, {1, 3}, {2}], [{8}, {6, 7}, {1, 5}, {3, 4}, {2}], [{8}, {7}, {2, 6}, {1, 5}, {3, 4}], [{8}, {7}, {6}, {1, 5}, {3, 4}, {2}]]",2,8 K_1^3 - 20 K_1^2 - 8 K_1 K_2 - 2 K_1 + 10 K_2 + 2 K_3 + 11,O1O2O3U2O4U5U6U7O8O7U1O6U4U3O5U8,O1O2O3U4O5U6U5U7O8U3O6O4U2O7U1U8,O1O2O3U4U3O5U2O6O7U1O4U5U8U7O8U6,c,{'O1O2O3U4O5U1U6O7U3O8O4U8U7U5O6U2'},1,"<a href=""/flatknot/8.1101893"">8.1101893</a>",t^9-30t^7-70t^6-4t^5+62t^4-34t^3-38t^2+27t-6,0,,
8.1101894,O1O2O3U4O5U1U6O7U5O8O4U2U7U3O6U8,4,20z^2+105z+131,20w^3z^2+105w^2z+131w,False,False,"[[ 0 -2 -1  2  0  1 -1  0  1],[ 2  0  1  2  1  1  0  1  1],[ 1 -1  0  2  1  0 -1  1  1],[-2 -2 -2  0 -1 -1 -2  0  0],[ 0 -1 -1  1  0  1  0 -1  1],[-1 -1  0  1 -1  0 -2  1  0],[ 1  0  1  2  0  2  0  0  0],[ 0 -1 -1  0  1 -1  0  0  1],[-1 -1 -1  0 -1  0  0 -1  0]]","[[ 0  2  1  1  0  0 -1 -1 -2],[-2  0  0 -1  0 -1 -2 -2 -2],[-1  0  0  0 -1 -1  0 -1 -1],[-1  1  0  0  1 -1 -2  0 -1],[ 0  0  1 -1  0  1  0 -1 -1],[ 0  1  1  1 -1  0  0 -1 -1],[ 1  2  0  2  0  0  0  1  0],[ 1  2  1  0  1  1 -1  0 -1],[ 2  2  1  1  1  1  0  1  0]]",True,"[-2,-1,-1,0,0,1,1,2,0,1,0,1,2,2,2,0,1,1,0,1,1,-1,1,2,0,1,-1,0,1,1,0,1,1,-1,0,1]","[-2,-1,-1,0,0,1,1,2,0,1,0,1,2,2,2,0,1,1,0,1,1,-1,1,2,0,1,-1,0,1,1,0,1,1,-1,0,1]",t^8+32t^6+190t^4+46t^2+1,"[-2,-1,-1,0,0,1,1,2,0,1,1,1,2,2,2,1,0,0,1,2,1,1,1,2,0,1,-1,0,2,2,0,0,1,0,1,0]","[-2,-1,-1,0,0,1,1,2,0,1,1,2,1,1,2,0,0,2,0,2,2,0,0,2,1,2,-1,1,0,1,1,0,1,1,1,0]","[-2,-1,-1,0,0,1,1,2,0,1,1,1,1,1,2,1,0,0,0,2,2,1,1,1,0,2,-1,1,1,1,1,-1,0,0,0,1]",c,"[[{8, 1}, {5, 7}, {3, 6}, {2, 4}], [{8, 5}, {1, 7}, {3, 6}, {2, 4}], [{8, 5}, {1, 7}, {3, 6}, {4}, {2}]]",1,8 K_1^3 - 24 K_1^2 - 24 K_1 K_2 + 6 K_1 + 12 K_2 + 10 K_3 + 13,O1O2O3U4O5U1U6U2O7O4U8O6U5U3O8U7,O1O2O3U4O5U6U1U3O7U8O6O4U2O8U5U7,O1O2O3U4U5O6U2O7O8U6O4U1U3U8O5U7,c,{'O1O2O3U4O5U1U6O7U5O8O4U2U7U3O6U8'},1,"<a href=""/flatknot/8.1101894"">8.1101894</a>",t^9-32t^7-66t^6+86t^5+274t^4+79t^3-176t^2-106t-8,0,,
8.1101895,O1O2O3U4O5U1U6O7U5O8O4U2U7U8O6U3,4,17z^2+102z+137,17w^3z^2+102w^2z+137w,False,False,"[[ 0 -2 -1  2  0  1 -1  0  1],[ 2  0  1  2  1  1  1  1  0],[ 1 -1  0  2  1  0 -1  1  1],[-2 -2 -2  0 -1  0 -2 -1  0],[ 0 -1 -1  1  0  1  1 -1  0],[-1 -1  0  0 -1  0 -2  1  1],[ 1 -1  1  2 -1  2  0  1  0],[ 0 -1 -1  1  1 -1 -1  0  1],[-1  0 -1  0  0 -1  0 -1  0]]","[[ 0  2  1  1  0  0 -1 -1 -2],[-2  0  0  0 -1 -1 -2 -2 -2],[-1  0  0  1  1 -1  0 -2 -1],[-1  0 -1  0 -1  0 -1  0  0],[ 0  1 -1  1  0  1 -1 -1 -1],[ 0  1  1  0 -1  0 -1  1 -1],[ 1  2  0  1  1  1  0 -1 -1],[ 1  2  2  0  1 -1  1  0 -1],[ 2  2  1  0  1  1  1  1  0]]",True,"[-2,-1,-1,0,0,1,1,2,0,0,1,1,2,2,2,-1,-1,1,0,2,1,1,0,1,0,0,-1,1,1,1,1,-1,1,1,1,1]","[-2,-1,-1,0,0,1,1,2,0,0,1,1,2,2,2,-1,-1,1,0,2,1,1,0,1,0,0,-1,1,1,1,1,-1,1,1,1,1]",t^8+34t^6+241t^4+103t^2+1,"[-2,-1,-1,0,0,1,1,2,0,0,1,1,2,3,2,-1,0,2,0,2,1,0,0,2,1,1,-1,2,0,1,0,1,1,-1,1,1]","[-2,-1,-1,0,0,1,1,2,1,1,1,1,1,1,2,-1,0,1,1,2,3,2,0,2,0,2,1,0,0,1,0,2,1,-1,0,0]","[-2,-1,-1,0,0,1,1,2,1,1,1,1,0,1,2,-1,1,1,1,0,2,-1,1,0,2,2,-1,0,1,1,1,-1,1,-1,0,0]",c,"[[{8, 2}, {4, 7}, {5, 6}, {1, 3}]]",1,4 K_1^3 - 20 K_1^2 - 8 K_1 K_2 + K_1 + 10 K_2 + 3 K_3 + 11,O1O2O3U1O4U5U6U2O7O5U8O6U4U3O8U7,O1O2O3U4O5U6U1U5O7U8O6O4U2O8U3U7,O1O2O3U4U1O5U2O6O7U5O4U8U3U7O8U6,c,{'O1O2O3U4O5U1U6O7U5O8O4U2U7U8O6U3'},1,"<a href=""/flatknot/8.1101895"">8.1101895</a>",t^9-34t^7-100t^6-37t^5+172t^4+184t^3+18t^2-34t-14,0,,
8.1101896,O1O2O3U4O5U1U6O7U5O8O4U7U2U3O6U8,4,6z^3+39z^2+90z+73,6w^4z^3-4w^4z^2+43w^3z^2-16w^3z+106w^2z+73w,False,False,"[[ 0 -2  0  2  0  1 -1 -1  1],[ 2  0  1  2  1  1  0  0  1],[ 0 -1  0  1  1 -1 -1  0  1],[-2 -2 -1  0 -1 -1 -2  0  0],[ 0 -1 -1  1  0  1  0 -2  1],[-1 -1  1  1 -1  0 -2  1  0],[ 1  0  1  2  0  2  0 -1  0],[ 1  0  0  0  2 -1  1  0  1],[-1 -1 -1  0 -1  0  0 -1  0]]","[[ 0  2  1  1  0  0 -1 -1 -2],[-2  0  0 -1 -1 -1  0 -2 -2],[-1  0  0  0 -1 -1 -1  0 -1],[-1  1  0  0  1 -1  1 -2 -1],[ 0  1  1 -1  0  1  0 -1 -1],[ 0  1  1  1 -1  0 -2  0 -1],[ 1  0  1 -1  0  2  0  1  0],[ 1  2  0  2  1  0 -1  0  0],[ 2  2  1  1  1  1  0  0  0]]",True,"[-2,-1,-1,0,0,1,1,2,0,1,1,1,0,2,2,0,1,1,1,0,1,-1,1,-1,2,1,-1,0,1,1,2,0,1,-1,0,0]","[-2,-1,-1,0,0,1,1,2,0,0,1,1,1,1,2,-1,0,1,0,2,2,2,0,1,-1,0,-1,1,1,1,1,-1,1,0,0,1]",t^8+32t^6+240t^4+76t^2+4,"[-2,-1,-1,0,0,1,1,2,1,1,1,1,2,2,2,-1,-1,1,1,3,3,1,0,2,0,1,1,0,0,1,0,2,1,0,1,0]","[-2,-1,-1,0,0,1,1,2,0,1,1,1,1,3,2,0,0,2,0,3,2,0,0,2,1,2,-1,1,-1,1,0,1,1,-1,1,1]","[-2,-1,-1,0,0,1,1,2,0,0,1,1,1,1,2,-1,0,1,0,2,2,2,0,1,-1,0,-1,1,1,1,1,-1,1,0,0,1]",c,"[[{8, 1}, {2, 7}, {3, 6}, {4, 5}], [{8, 1}, {2, 7}, {4, 6}, {3, 5}], [{8, 1}, {2, 7}, {5, 6}, {3, 4}], [{8, 1}, {3, 7}, {2, 6}, {4, 5}], [{8, 1}, {3, 7}, {4, 6}, {2, 5}], [{8, 1}, {3, 7}, {5, 6}, {2, 4}], [{8, 1}, {3, 7}, {6}, {4, 5}, {2}], [{8, 1}, {4, 7}, {2, 6}, {3, 5}], [{8, 1}, {4, 7}, {3, 6}, {2, 5}], [{8, 1}, {4, 7}, {5, 6}, {2, 3}], [{8, 1}, {4, 7}, {6}, {5}, {2, 3}], [{8, 1}, {5, 7}, {2, 6}, {3, 4}], [{8, 1}, {5, 7}, {2, 6}, {4}, {3}], [{8, 1}, {5, 7}, {3, 6}, {2, 4}], [{8, 1}, {5, 7}, {4, 6}, {2, 3}], [{8, 1}, {5, 7}, {6}, {3, 4}, {2}], [{8, 1}, {6, 7}, {2, 5}, {3, 4}], [{8, 1}, {6, 7}, {3, 5}, {2, 4}], [{8, 1}, {6, 7}, {4, 5}, {2, 3}], [{8, 1}, {6, 7}, {4, 5}, {3}, {2}], [{8, 1}, {7}, {3, 6}, {4, 5}, {2}], [{8, 1}, {7}, {4, 6}, {3, 5}, {2}], [{8, 2}, {1, 7}, {3, 6}, {4, 5}], [{8, 2}, {1, 7}, {3, 6}, {5}, {4}], [{8, 2}, {1, 7}, {4, 6}, {3, 5}], [{8, 2}, {1, 7}, {5, 6}, {3, 4}], [{8, 2}, {3, 7}, {1, 6}, {4, 5}], [{8, 2}, {3, 7}, {4, 6}, {1, 5}], [{8, 2}, {3, 7}, {5, 6}, {1, 4}], [{8, 2}, {3, 7}, {6}, {1, 5}, {4}], [{8, 2}, {3, 7}, {6}, {4, 5}, {1}], [{8, 2}, {3, 7}, {6}, {5}, {1, 4}], [{8, 2}, {4, 7}, {1, 6}, {3, 5}], [{8, 2}, {4, 7}, {3, 6}, {1, 5}], [{8, 2}, {4, 7}, {5, 6}, {1, 3}], [{8, 2}, {5, 7}, {1, 6}, {3, 4}], [{8, 2}, {5, 7}, {1, 6}, {4}, {3}], [{8, 2}, {5, 7}, {3, 6}, {1, 4}], [{8, 2}, {5, 7}, {4, 6}, {1, 3}], [{8, 2}, {6, 7}, {1, 5}, {3, 4}], [{8, 2}, {6, 7}, {3, 5}, {1, 4}], [{8, 2}, {6, 7}, {4, 5}, {1, 3}], [{8, 2}, {6, 7}, {4, 5}, {3}, {1}], [{8, 2}, {7}, {1, 6}, {5}, {3, 4}], [{8, 2}, {7}, {3, 6}, {4, 5}, {1}], [{8, 2}, {7}, {4, 6}, {1, 5}, {3}], [{8, 3}, {1, 7}, {2, 6}, {4, 5}], [{8, 3}, {1, 7}, {4, 6}, {2, 5}], [{8, 3}, {1, 7}, {5, 6}, {2, 4}], [{8, 3}, {2, 7}, {1, 6}, {4, 5}], [{8, 3}, {2, 7}, {4, 6}, {1, 5}], [{8, 3}, {2, 7}, {5, 6}, {1, 4}], [{8, 3}, {4, 7}, {1, 6}, {2, 5}], [{8, 3}, {4, 7}, {2, 6}, {1, 5}], [{8, 3}, {4, 7}, {5, 6}, {1, 2}], [{8, 3}, {4, 7}, {6}, {1, 5}, {2}], [{8, 3}, {5, 7}, {1, 6}, {2, 4}], [{8, 3}, {5, 7}, {2, 6}, {1, 4}], [{8, 3}, {5, 7}, {4, 6}, {1, 2}], [{8, 3}, {6, 7}, {1, 5}, {2, 4}], [{8, 3}, {6, 7}, {1, 5}, {4}, {2}], [{8, 3}, {6, 7}, {2, 5}, {1, 4}], [{8, 3}, {6, 7}, {4, 5}, {1, 2}], [{8, 3}, {7}, {4, 6}, {1, 5}, {2}], [{8, 4}, {1, 7}, {2, 6}, {3, 5}], [{8, 4}, {1, 7}, {3, 6}, {2, 5}], [{8, 4}, {1, 7}, {5, 6}, {2, 3}], [{8, 4}, {2, 7}, {1, 6}, {3, 5}], [{8, 4}, {2, 7}, {3, 6}, {1, 5}], [{8, 4}, {2, 7}, {5, 6}, {1, 3}], [{8, 4}, {3, 7}, {1, 6}, {2, 5}], [{8, 4}, {3, 7}, {2, 6}, {1, 5}], [{8, 4}, {3, 7}, {5, 6}, {1, 2}], [{8, 4}, {3, 7}, {6}, {1, 5}, {2}], [{8, 4}, {5, 7}, {1, 6}, {2, 3}], [{8, 4}, {5, 7}, {2, 6}, {1, 3}], [{8, 4}, {5, 7}, {3, 6}, {1, 2}], [{8, 4}, {6, 7}, {1, 5}, {2, 3}], [{8, 4}, {6, 7}, {1, 5}, {3}, {2}], [{8, 4}, {6, 7}, {2, 5}, {1, 3}], [{8, 4}, {6, 7}, {3, 5}, {1, 2}], [{8, 4}, {7}, {3, 6}, {1, 5}, {2}], [{8, 4}, {7}, {3, 6}, {2, 5}, {1}], [{8, 4}, {7}, {3, 6}, {5}, {1, 2}], [{8, 5}, {1, 7}, {2, 6}, {3, 4}], [{8, 5}, {1, 7}, {2, 6}, {4}, {3}], [{8, 5}, {1, 7}, {3, 6}, {2, 4}], [{8, 5}, {1, 7}, {4, 6}, {2, 3}], [{8, 5}, {1, 7}, {6}, {3, 4}, {2}], [{8, 5}, {2, 7}, {1, 6}, {3, 4}], [{8, 5}, {2, 7}, {3, 6}, {1, 4}], [{8, 5}, {2, 7}, {4, 6}, {1, 3}], [{8, 5}, {2, 7}, {6}, {1, 4}, {3}], [{8, 5}, {3, 7}, {1, 6}, {2, 4}], [{8, 5}, {3, 7}, {2, 6}, {1, 4}], [{8, 5}, {3, 7}, {4, 6}, {1, 2}], [{8, 5}, {3, 7}, {6}, {1, 4}, {2}], [{8, 5}, {4, 7}, {1, 6}, {2, 3}], [{8, 5}, {4, 7}, {2, 6}, {1, 3}], [{8, 5}, {4, 7}, {2, 6}, {3}, {1}], [{8, 5}, {4, 7}, {3, 6}, {1, 2}], [{8, 5}, {6, 7}, {1, 4}, {2, 3}], [{8, 5}, {6, 7}, {1, 4}, {3}, {2}], [{8, 5}, {6, 7}, {2, 4}, {1, 3}], [{8, 5}, {6, 7}, {3, 4}, {1, 2}], [{8, 5}, {7}, {2, 6}, {1, 4}, {3}], [{8, 5}, {7}, {3, 6}, {1, 4}, {2}], [{8, 5}, {7}, {3, 6}, {2, 4}, {1}], [{8, 5}, {7}, {3, 6}, {4}, {1, 2}], [{8, 5}, {7}, {4, 6}, {1, 3}, {2}], [{8, 5}, {7}, {6}, {1, 4}, {2, 3}], [{8, 6}, {1, 7}, {2, 5}, {3, 4}], [{8, 6}, {1, 7}, {3, 5}, {2, 4}], [{8, 6}, {1, 7}, {3, 5}, {4}, {2}], [{8, 6}, {1, 7}, {4, 5}, {2, 3}], [{8, 6}, {1, 7}, {4, 5}, {3}, {2}], [{8, 6}, {1, 7}, {5}, {3, 4}, {2}], [{8, 6}, {2, 7}, {1, 5}, {3, 4}], [{8, 6}, {2, 7}, {3, 5}, {1, 4}], [{8, 6}, {2, 7}, {4, 5}, {1, 3}], [{8, 6}, {3, 7}, {1, 5}, {2, 4}], [{8, 6}, {3, 7}, {1, 5}, {4}, {2}], [{8, 6}, {3, 7}, {2, 5}, {1, 4}], [{8, 6}, {3, 7}, {4, 5}, {1, 2}], [{8, 6}, {3, 7}, {4, 5}, {2}, {1}], [{8, 6}, {3, 7}, {5}, {1, 4}, {2}], [{8, 6}, {4, 7}, {1, 5}, {2, 3}], [{8, 6}, {4, 7}, {1, 5}, {3}, {2}], [{8, 6}, {4, 7}, {2, 5}, {1, 3}], [{8, 6}, {4, 7}, {3, 5}, {1, 2}], [{8, 6}, {4, 7}, {3, 5}, {2}, {1}], [{8, 6}, {4, 7}, {5}, {1, 3}, {2}], [{8, 6}, {5, 7}, {1, 4}, {2, 3}], [{8, 6}, {5, 7}, {1, 4}, {3}, {2}], [{8, 6}, {5, 7}, {2, 4}, {1, 3}], [{8, 6}, {5, 7}, {3, 4}, {1, 2}], [{8, 6}, {5, 7}, {3, 4}, {2}, {1}], [{8, 6}, {5, 7}, {4}, {1, 3}, {2}], [{8, 6}, {7}, {1, 5}, {3, 4}, {2}], [{8, 6}, {7}, {3, 5}, {1, 4}, {2}], [{8, 6}, {7}, {4, 5}, {1, 3}, {2}], [{8, 7}, {1, 6}, {2, 5}, {3, 4}], [{8, 7}, {1, 6}, {3, 5}, {2, 4}], [{8, 7}, {1, 6}, {3, 5}, {4}, {2}], [{8, 7}, {1, 6}, {4, 5}, {2, 3}], [{8, 7}, {1, 6}, {5}, {2, 4}, {3}], [{8, 7}, {2, 6}, {1, 5}, {3, 4}], [{8, 7}, {2, 6}, {3, 5}, {1, 4}], [{8, 7}, {2, 6}, {4, 5}, {1, 3}], [{8, 7}, {3, 6}, {1, 5}, {2, 4}], [{8, 7}, {3, 6}, {1, 5}, {4}, {2}], [{8, 7}, {3, 6}, {2, 5}, {1, 4}], [{8, 7}, {3, 6}, {2, 5}, {4}, {1}], [{8, 7}, {3, 6}, {4, 5}, {1, 2}], [{8, 7}, {3, 6}, {5}, {4}, {1, 2}], [{8, 7}, {4, 6}, {1, 5}, {2, 3}], [{8, 7}, {4, 6}, {1, 5}, {3}, {2}], [{8, 7}, {4, 6}, {2, 5}, {1, 3}], [{8, 7}, {4, 6}, {3, 5}, {1, 2}], [{8, 7}, {5, 6}, {1, 4}, {2, 3}], [{8, 7}, {5, 6}, {2, 4}, {1, 3}], [{8, 7}, {5, 6}, {3, 4}, {1, 2}], [{8, 7}, {5, 6}, {4}, {1, 3}, {2}], [{8, 7}, {6}, {1, 5}, {3, 4}, {2}], [{8}, {1, 7}, {5, 6}, {3, 4}, {2}], [{8}, {1, 7}, {6}, {3, 5}, {2, 4}], [{8}, {2, 7}, {3, 6}, {5}, {1, 4}], [{8}, {2, 7}, {4, 6}, {1, 5}, {3}], [{8}, {3, 7}, {1, 6}, {4, 5}, {2}], [{8}, {3, 7}, {2, 6}, {1, 5}, {4}], [{8}, {3, 7}, {2, 6}, {4, 5}, {1}], [{8}, {3, 7}, {2, 6}, {5}, {1, 4}], [{8}, {3, 7}, {4, 6}, {1, 5}, {2}], [{8}, {3, 7}, {5, 6}, {1, 4}, {2}], [{8}, {3, 7}, {6}, {1, 5}, {2, 4}], [{8}, {3, 7}, {6}, {1, 5}, {4}, {2}], [{8}, {3, 7}, {6}, {2, 5}, {1, 4}], [{8}, {3, 7}, {6}, {4, 5}, {1, 2}], [{8}, {3, 7}, {6}, {4, 5}, {2}, {1}], [{8}, {3, 7}, {6}, {5}, {1, 4}, {2}], [{8}, {4, 7}, {3, 6}, {1, 5}, {2}], [{8}, {4, 7}, {3, 6}, {2, 5}, {1}], [{8}, {4, 7}, {3, 6}, {5}, {1, 2}], [{8}, {5, 7}, {1, 6}, {3, 4}, {2}], [{8}, {5, 7}, {3, 6}, {4}, {1, 2}], [{8}, {6, 7}, {1, 5}, {3, 4}, {2}], [{8}, {6, 7}, {2, 5}, {4}, {1, 3}], [{8}, {6, 7}, {3, 5}, {2, 4}, {1}], [{8}, {6, 7}, {4, 5}, {3}, {1, 2}], [{8}, {6, 7}, {5}, {1, 4}, {2, 3}], [{8}, {7}, {1, 6}, {3, 5}, {2, 4}], [{8}, {7}, {3, 6}, {4, 5}, {1, 2}], [{8}, {7}, {4, 6}, {1, 5}, {2, 3}], [{8}, {7}, {4, 6}, {1, 5}, {3}, {2}]]",2,8 K_1^3 - 4 K_1^2 - 8 K_1 K_2 - 2 K_1 + 2 K_2 + 2 K_3 + 3,O1O2O3U4O5U1U2U6O7O4U8O6U5U3O8U7,O1O2O3U4O5U6U2U3O7U8O6O4U1O8U5U7,O1O2O3U4U5O6U3O7O8U6O4U1U2U8O5U7,c,{'O1O2O3U4O5U1U6O7U5O8O4U7U2U3O6U8'},1,"<a href=""/flatknot/8.1101896"">8.1101896</a>",t^9-32t^7-58t^6+116t^5+228t^4-129t^3-240t^2+64t+86,0,,
8.1101897,O1O2O3U4O5U1U6O7U5O8O4U7U2U8O6U3,4,21z^2+98z+113,-2w^4z^2+23w^3z^2-6w^3z+104w^2z+113w,False,False,"[[ 0 -2  0  2  0  1 -1 -1  1],[ 2  0  1  2  1  1  1  0  0],[ 0 -1  0  1  1 -1 -1  0  1],[-2 -2 -1  0 -1  0 -2 -1  0],[ 0 -1 -1  1  0  1  1 -2  0],[-1 -1  1  0 -1  0 -2  1  1],[ 1 -1  1  2 -1  2  0  0  0],[ 1  0  0  1  2 -1  0  0  1],[-1  0 -1  0  0 -1  0 -1  0]]","[[ 0  2  1  1  0  0 -1 -1 -2],[-2  0  0  0 -1 -1 -1 -2 -2],[-1  0  0  1  1 -1  1 -2 -1],[-1  0 -1  0 -1  0 -1  0  0],[ 0  1 -1  1  0  1  0 -1 -1],[ 0  1  1  0 -1  0 -2  1 -1],[ 1  1 -1  1  0  2  0  0  0],[ 1  2  2  0  1 -1  0  0 -1],[ 2  2  1  0  1  1  0  1  0]]",True,"[-2,-1,-1,0,0,1,1,2,0,0,1,1,1,2,2,-1,-1,1,-1,2,1,1,0,1,0,0,-1,0,1,1,2,-1,1,0,0,1]","[-2,-1,-1,0,0,1,1,2,0,0,1,1,1,2,2,-1,-1,1,-1,2,1,1,0,1,0,0,-1,0,1,1,2,-1,1,0,0,1]",t^8+32t^6+255t^4+121t^2+4,"[-2,-1,-1,0,0,1,1,2,0,1,1,1,2,3,2,0,0,2,0,2,1,1,-1,3,1,2,-1,2,0,1,0,1,1,-1,1,1]","[-2,-1,-1,0,0,1,1,2,1,1,1,1,1,2,2,-1,0,1,2,1,3,2,0,0,3,2,1,0,1,1,2,-1,1,0,0,1]","[-2,-1,-1,0,0,1,1,2,0,1,1,1,0,1,2,0,0,2,1,-1,1,1,-1,0,2,2,1,1,-1,1,0,1,1,-1,0,0]",c,"[[{8, 7}, {5, 6}, {2, 4}, {1, 3}]]",1,- 8 K_1^2 - 4 K_1 K_2 + 2 K_1 + 4 K_2 + 2 K_3 + 5,O1O2O3U1O4U5U2U6O7O5U8O6U4U3O8U7,O1O2O3U4O5U6U2U5O7U8O6O4U1O8U3U7,O1O2O3U4U1O5U3O6O7U5O4U8U2U7O8U6,c,{'O1O2O3U4O5U1U6O7U5O8O4U7U2U8O6U3'},1,"<a href=""/flatknot/8.1101897"">8.1101897</a>",t^9-32t^7-66t^6+53t^5+174t^4+86t^3-67t-30,0,,
8.1101898,O1O2O3U4O5U1U6O7U5O8O4U7U3U2O6U8,4,4z^3+35z^2+92z+77,-2w^5z^3+6w^4z^3-10w^4z^2+45w^3z^2-8w^3z+100w^2z+77w,False,False,"[[ 0 -2  1  1  0  1 -1 -1  1],[ 2  0  2  1  1  1  0  0  1],[-1 -2  0  0  0 -1 -2  0  1],[-1 -1  0  0  0 -1 -1  0  0],[ 0 -1  0  0  0  1  0 -2  1],[-1 -1  1  1 -1  0 -2  1  0],[ 1  0  2  1  0  2  0 -1  0],[ 1  0  0  0  2 -1  1  0  1],[-1 -1 -1  0 -1  0  0 -1  0]]","[[ 0  1  1  1  1  0 -1 -1 -2],[-1  0  1  1  0 -1  1 -2 -1],[-1 -1  0  0  1  0  0 -2 -2],[-1 -1  0  0  0  0  0 -1 -1],[-1  0 -1  0  0 -1 -1  0 -1],[ 0  1  0  0  1  0 -2  0 -1],[ 1 -1  0  0  1  2  0  1  0],[ 1  2  2  1  0  0 -1  0  0],[ 2  1  2  1  1  1  0  0  0]]",True,"[-1,-1,-1,-1,0,1,1,2,-1,-1,0,1,-1,2,1,0,-1,0,0,2,2,0,0,0,1,1,1,1,0,1,2,0,1,-1,0,0]","[-2,-1,-1,0,1,1,1,1,0,0,1,1,1,1,2,-1,0,0,1,2,2,2,1,0,-1,0,1,0,1,0,0,0,-1,-1,0,1]",t^8+29t^6+197t^4+88t^2+1,"[-2,-1,-1,0,1,1,1,1,1,1,1,1,2,2,2,-1,-1,2,1,2,3,1,0,2,1,0,1,0,1,0,-1,0,1,0,0,1]","[-1,-1,-1,-1,0,1,1,2,-1,0,0,0,1,2,2,-1,0,1,2,0,1,1,0,3,0,2,1,2,1,2,-1,1,1,1,1,1]","[-2,-1,-1,0,1,1,1,1,0,0,1,1,1,1,2,-1,0,0,1,2,2,2,1,0,-1,0,1,0,1,0,0,0,-1,-1,0,1]",c,"[[{8, 1}, {3, 7}, {2, 6}, {4, 5}], [{8, 1}, {4, 7}, {2, 6}, {3, 5}], [{8, 4}, {3, 7}, {2, 6}, {1, 5}], [{8, 5}, {3, 7}, {2, 6}, {1, 4}]]",1,4 K_1^3 - 2 K_1^2 - 4 K_1 K_2 - K_1 + K_2 + K_3 + 2,O1O2O3U4O5U2U1U6O7O4U8O6U5U3O8U7,O1O2O3U4O5U6U3U2O7U8O6O4U1O8U5U7,O1O2O3U4U5O6U3O7O8U6O4U2U1U8O5U7,c,{'O1O2O3U4O5U1U6O7U5O8O4U7U3U2O6U8'},1,"<a href=""/flatknot/8.1101898"">8.1101898</a>",t^9-31t^7-34t^6+170t^5+148t^4-285t^3-70t^2+73t-14,t^2-2t,,
8.1101899,O1O2O3U4O5U1U6O7U5O8O4U7U3U8O6U2,3,7z^2+52z+77,7w^3z^2+52w^2z+77w,False,False,"[[ 0 -2  1  1  0  1 -1 -1  1],[ 2  0  2  1  1  1  1  0  0],[-1 -2  0  0  0  0 -2 -1  1],[-1 -1  0  0  0 -1 -2  0  1],[ 0 -1  0  0  0  1  1 -2  0],[-1 -1  0  1 -1  0 -2  1  1],[ 1 -1  2  2 -1  2  0  0  0],[ 1  0  1  0  2 -1  0  0  1],[-1  0 -1 -1  0 -1  0 -1  0]]","[[ 0  1  1  1  1  0 -1 -1 -2],[-1  0  1  1  0 -1  1 -2 -1],[-1 -1  0  1  0  0  0 -2 -1],[-1 -1 -1  0 -1  0 -1  0  0],[-1  0  0  1  0  0 -1 -2 -2],[ 0  1  0  0  0  0 -2  1 -1],[ 1 -1  0  1  1  2  0  0  0],[ 1  2  2  0  2 -1  0  0 -1],[ 2  1  1  0  2  1  0  1  0]]",True,"[-1,-1,-1,-1,0,1,1,2,-1,-1,0,1,-1,2,1,-1,0,0,0,2,1,1,0,1,0,0,0,1,2,2,2,-1,1,0,0,1]","[-2,-1,-1,0,1,1,1,1,0,1,1,0,1,1,2,0,2,1,-1,0,1,-1,0,2,2,2,0,1,0,0,-1,-1,-1,1,0,0]",t^8+33t^6+235t^4+71t^2,"[-2,-1,-1,0,1,1,1,1,0,1,1,1,2,2,3,0,2,0,0,0,2,-1,1,2,3,1,1,1,0,1,0,0,-1,1,-1,-1]","[-1,-1,-1,-1,0,1,1,2,-1,-1,-1,1,1,2,3,-1,0,1,2,0,2,0,0,3,0,2,1,1,0,1,-1,2,1,0,1,0]","[-2,-1,-1,0,1,1,1,1,0,1,1,0,1,1,2,0,2,1,-1,0,1,-1,0,2,2,2,0,1,0,0,-1,-1,-1,1,0,0]",c,"[[{8, 1}, {4, 7}, {2, 6}, {3, 5}], [{8, 6}, {3, 7}, {1, 5}, {2, 4}], [{8, 6}, {3, 7}, {2, 5}, {1, 4}], [{8, 6}, {3, 7}, {4, 5}, {1, 2}]]",1,4 K_1^3 - 18 K_1^2 - 4 K_1 K_2 - K_1 + 9 K_2 + K_3 + 10,O1O2O3U2O4U5U1U6O7O5U8O6U4U3O8U7,O1O2O3U4O5U6U5U2O7U8O6O4U1O8U3U7,O1O2O3U4U1O5U3O6O7U5O4U2U8U7O8U6,c,"{'O1O2O3U4O5U1U6O7U5O8O4U7U3U8O6U2', 'O1O2U3O4O5U1U6O7U5O3O8U7U8U4O6U2'}",2,"<a href=""/flatknot/8.1101899"">8.1101899</a>",t^9-35t^7-40t^6+156t^5+112t^4-228t^3+26t^2+136t-128,t^2-2t,,
8.1101900,O1O2O3U4O5U1U6O7U5O8O4U7U8U2O6U3,4,2z^3+24z^2+87z+95,2w^4z^3+24w^3z^2+87w^2z+95w,False,False,"[[ 0 -2  1  2  0  1 -1 -1  0],[ 2  0  1  2  1  1  1  0 -1],[-1 -1  0  0  1 -1 -1 -1  0],[-2 -2  0  0 -1  0 -2 -1  0],[ 0 -1 -1  1  0  1  1 -2 -1],[-1 -1  1  0 -1  0 -2  1  1],[ 1 -1  1  2 -1  2  0  0 -1],[ 1  0  1  1  2 -1  0  0  1],[ 0  1  0  0  1 -1  1 -1  0]]","[[ 0  2  1  1  0  0 -1 -1 -2],[-2  0  0  0  0 -1 -1 -2 -2],[-1  0  0  1  1 -1  1 -2 -1],[-1  0 -1  0  0  1 -1 -1 -1],[ 0  0 -1  0  0  1 -1  1  1],[ 0  1  1 -1 -1  0 -2  1 -1],[ 1  1 -1  1  1  2  0  0  0],[ 1  2  2  1 -1 -1  0  0 -1],[ 2  2  1  1 -1  1  0  1  0]]",True,"[-2,-1,-1,0,0,1,1,2,0,0,0,1,1,2,2,-1,-1,1,-1,2,1,0,-1,1,1,1,-1,1,-1,-1,2,-1,1,0,0,1]","[-2,-1,-1,0,0,1,1,2,0,0,0,1,1,2,2,-1,-1,1,-1,2,1,0,-1,1,1,1,-1,1,-1,-1,2,-1,1,0,0,1]",t^8+34t^6+269t^4+151t^2,"[-2,-1,-1,0,0,1,1,2,0,1,1,3,2,2,2,0,2,2,0,1,1,-1,0,3,1,2,1,0,2,1,2,1,2,-1,1,1]","[-2,-1,-1,0,0,1,1,2,1,1,1,2,1,2,2,-1,2,1,1,1,2,0,2,0,3,2,-1,2,-1,1,2,0,3,0,0,1]","[-2,-1,-1,0,0,1,1,2,0,1,-1,1,1,1,2,0,1,2,-1,1,1,-1,-1,2,1,2,1,-1,0,0,1,-1,1,1,0,0]",c,"[[{8, 4}, {5, 7}, {2, 6}, {1, 3}]]",1,- 8 K_1^2 - 4 K_1 K_2 + 2 K_1 + 4 K_2 + 2 K_3 + 5,O1O2O3U1O4U2U5U6O7O5U8O6U4U3O8U7,O1O2O3U4O5U6U3U5O7U8O6O4U1O8U2U7,O1O2O3U4U2O5U3O6O7U5O4U8U1U7O8U6,c,{'O1O2O3U4O5U1U6O7U5O8O4U7U8U2O6U3'},1,"<a href=""/flatknot/8.1101900"">8.1101900</a>",t^9-34t^7-78t^6+13t^5+112t^4+22t^3+12t^2+26t-18,0,,
8.1101901,O1O2O3U4O5U1U6O7U5O8O4U7U8U3O6U2,4,3z^3+31z^2+105z+111,3w^4z^3+31w^3z^2+105w^2z+111w,False,False,"[[ 0 -2  1  2  0  1 -1 -1  0],[ 2  0  2  1  1  1  1  0 -1],[-1 -2  0  1  0  0 -2 -1  0],[-2 -1 -1  0  0 -1 -2 -1  0],[ 0 -1  0  0  0  1  1 -2 -1],[-1 -1  0  1 -1  0 -2  1  1],[ 1 -1  2  2 -1  2  0  0 -1],[ 1  0  1  1  2 -1  0  0  1],[ 0  1  0  0  1 -1  1 -1  0]]","[[ 0  2  1  1  0  0 -1 -1 -2],[-2  0 -1 -1  0  0 -1 -2 -1],[-1  1  0  0  1 -1  1 -2 -1],[-1  1  0  0  0  0 -1 -2 -2],[ 0  0 -1  0  0  1 -1  1  1],[ 0  0  1  0 -1  0 -2  1 -1],[ 1  1 -1  1  1  2  0  0  0],[ 1  2  2  2 -1 -1  0  0 -1],[ 2  1  1  2 -1  1  0  1  0]]",True,"[-2,-1,-1,0,0,1,1,2,1,1,0,0,1,2,1,0,-1,1,-1,2,1,0,0,1,2,2,-1,1,-1,-1,2,-1,1,0,0,1]","[-2,-1,-1,0,0,1,1,2,0,0,2,2,1,2,3,0,0,2,0,3,2,1,1,0,1,1,-1,2,-1,1,2,0,3,0,0,1]",t^8+36t^6+294t^4+216t^2,"[-2,-1,-1,0,0,1,1,2,0,1,1,3,1,2,3,0,2,2,0,0,1,-1,0,1,3,2,1,1,0,2,1,2,2,0,0,0]","[-2,-1,-1,0,0,1,1,2,0,0,2,2,1,2,3,0,0,2,0,3,2,1,1,0,1,1,-1,2,-1,1,2,0,3,0,0,1]","[-2,-1,-1,0,0,1,1,2,0,1,-1,1,1,2,1,0,1,2,-1,1,1,-1,-1,2,2,2,1,-1,0,0,1,0,0,0,1,1]",c,"[[{8, 2}, {1, 7}, {3, 6}, {4, 5}]]",1,8 K_1^3 - 20 K_1^2 - 16 K_1 K_2 + 2 K_1 + 10 K_2 + 6 K_3 + 11,O1O2O3U2O4U1U5U6O7O5U8O6U4U3O8U7,O1O2O3U4O5U6U5U3O7U8O6O4U1O8U2U7,O1O2O3U4U2O5U3O6O7U5O4U1U8U7O8U6,c,{'O1O2O3U4O5U1U6O7U5O8O4U7U8U3O6U2'},1,"<a href=""/flatknot/8.1101901"">8.1101901</a>",t^9-36t^7-70t^6+48t^5+124t^4+2t^3+42t^2+71t-24,0,,
8.1101902,O1O2O3U4O5U1U6O7U5O8O4U8U7U2O6U3,4,3z^3+26z^2+86z+93,3w^4z^3+26w^3z^2+86w^2z+93w,False,False,"[[ 0 -2  1  2  0  1 -1  0 -1],[ 2  0  1  2  1  1  1  0 -1],[-1 -1  0  0  1 -1 -1  0 -1],[-2 -2  0  0 -1  0 -2  0 -1],[ 0 -1 -1  1  0  1  1 -2 -1],[-1 -1  1  0 -1  0 -2  1  0],[ 1 -1  1  2 -1  2  0  0 -1],[ 0  0  0  0  2 -1  0  0  0],[ 1  1  1  1  1  0  1  0  0]]","[[ 0  2  1  1  0  0 -1 -1 -2],[-2  0  0  0  0 -1 -1 -2 -2],[-1  0  0  1  1 -1  0 -2 -1],[-1  0 -1  0  0  1 -1 -1 -1],[ 0  0 -1  0  0  2  0  0  0],[ 0  1  1 -1 -2  0 -1  1 -1],[ 1  1  0  1  0  1  0  1  1],[ 1  2  2  1  0 -1 -1  0 -1],[ 2  2  1  1  0  1 -1  1  0]]",True,"[-2,-1,-1,0,0,1,1,2,0,0,0,1,1,2,2,-1,-1,1,0,2,1,0,-1,1,1,1,-2,0,0,0,1,-1,1,-1,-1,1]","[-2,-1,-1,0,0,1,1,2,-1,1,0,1,1,1,2,1,0,1,0,1,1,0,-1,2,1,2,2,-1,0,0,1,-1,1,1,0,0]",t^8+32t^6+216t^4+55t^2,"[-2,-1,-1,0,0,1,1,2,0,2,1,2,2,2,2,1,2,1,0,1,1,0,1,2,1,2,2,0,2,1,2,1,2,-1,1,1]","[-2,-1,-1,0,0,1,1,2,1,1,1,2,1,2,2,-1,2,1,1,1,2,0,2,0,2,2,-2,2,0,1,1,1,2,-1,0,2]","[-2,-1,-1,0,0,1,1,2,-1,1,0,1,1,1,2,1,0,1,0,1,1,0,-1,2,1,2,2,-1,0,0,1,-1,1,1,0,0]",c,"[[{8, 5}, {4, 7}, {2, 6}, {1, 3}]]",1,- 16 K_1^2 - 4 K_1 K_2 + 2 K_1 + 8 K_2 + 2 K_3 + 9,O1O2O3U1O4U2U5U6O7O6U8O5U4U3O8U7,O1O2O3U4O5U6U3U5O7U8O6O4U2O8U1U7,O1O2O3U4U3O5U2O6O7U5O4U8U1U7O8U6,c,{'O1O2O3U4O5U1U6O7U5O8O4U8U7U2O6U3'},1,"<a href=""/flatknot/8.1101902"">8.1101902</a>",t^9-32t^7-76t^6+58t^5+296t^4+177t^3-36t^2-14t-6,0,,
8.1101903,O1O2O3U4O5U1U6O7U5O8O4U8U7U3O6U2,4,z^3+24z^2+106z+125,w^4z^3+24w^3z^2+106w^2z+125w,False,False,"[[ 0 -2  1  2  0  1 -1  0 -1],[ 2  0  2  1  1  1  1  0 -1],[-1 -2  0  1  0  0 -2  0 -1],[-2 -1 -1  0  0 -1 -2  0 -1],[ 0 -1  0  0  0  1  1 -2 -1],[-1 -1  0  1 -1  0 -2  1  0],[ 1 -1  2  2 -1  2  0  0 -1],[ 0  0  0  0  2 -1  0  0  0],[ 1  1  1  1  1  0  1  0  0]]","[[ 0  2  1  1  0  0 -1 -1 -2],[-2  0 -1 -1  0  0 -1 -2 -1],[-1  1  0  0  1 -1  0 -2 -1],[-1  1  0  0  0  0 -1 -2 -2],[ 0  0 -1  0  0  2  0  0  0],[ 0  0  1  0 -2  0 -1  1 -1],[ 1  1  0  1  0  1  0  1  1],[ 1  2  2  2  0 -1 -1  0 -1],[ 2  1  1  2  0  1 -1  1  0]]",True,"[-2,-1,-1,0,0,1,1,2,1,1,0,0,1,2,1,0,-1,1,0,2,1,0,0,1,2,2,-2,0,0,0,1,-1,1,-1,-1,1]","[-2,-1,-1,0,0,1,1,2,-1,1,0,1,1,2,1,1,0,1,0,1,1,0,-1,2,2,2,2,-1,0,0,1,0,0,0,1,1]",t^8+34t^6+227t^4+119t^2,"[-2,-1,-1,0,0,1,1,2,0,2,1,2,1,2,3,1,2,1,0,0,1,0,1,1,2,2,2,1,0,2,1,2,2,0,0,0]","[-2,-1,-1,0,0,1,1,2,0,0,2,2,1,2,3,0,0,2,0,2,2,1,1,0,1,1,-2,2,0,1,1,1,2,-1,0,2]","[-2,-1,-1,0,0,1,1,2,-1,1,0,1,1,2,1,1,0,1,0,1,1,0,-1,2,2,2,2,-1,0,0,1,0,0,0,1,1]",c,"[[{8, 3}, {5, 7}, {4, 6}, {1, 2}]]",1,20 K_1^3 - 28 K_1^2 - 24 K_1 K_2 - 3 K_1 + 14 K_2 + 7 K_3 + 15,O1O2O3U2O4U1U5U6O7O6U8O5U4U3O8U7,O1O2O3U4O5U6U5U3O7U8O6O4U2O8U1U7,O1O2O3U4U3O5U2O6O7U5O4U1U8U7O8U6,c,{'O1O2O3U4O5U1U6O7U5O8O4U8U7U3O6U2'},1,"<a href=""/flatknot/8.1101903"">8.1101903</a>",t^9-34t^7-74t^6+83t^5+344t^4+268t^3+60t^2+62t+34,0,,
8.1101904,O1O2O3U4O5U2U1O6U3O7O4U6U8U5O8U7,3,14z^2+59z+63,-2w^4z^2+16w^3z^2-8w^3z+67w^2z+63w,False,False,"[[ 0 -1 -1  1  0  2 -1  1 -1],[ 1  0  0  2 -1  2  0  0  0],[ 1  0  0  1  0  1  0  0  0],[-1 -2 -1  0 -1  1  0  1 -2],[ 0  1  0  1  0  1 -1 -1  0],[-2 -2 -1 -1 -1  0  0  1 -2],[ 1  0  0  0  1  0  0  1  1],[-1  0  0 -1  1 -1 -1  0 -1],[ 1  0  0  2  0  2 -1  1  0]]","[[ 0  2  1  1  0 -1 -1 -1 -1],[-2  0  1 -1 -1  0 -1 -2 -2],[-1 -1  0 -1  1 -1  0  0 -1],[-1  1  1  0 -1  0 -1 -2 -2],[ 0  1 -1  1  0 -1  0  1  0],[ 1  0  1  0  1  0  0  0  1],[ 1  1  0  1  0  0  0  0  0],[ 1  2  0  2 -1  0  0  0  0],[ 1  2  1  2  0 -1  0  0  0]]",True,"[-2,-1,-1,0,1,1,1,1,-1,1,1,0,1,2,2,1,-1,1,0,0,1,1,0,1,2,2,1,0,-1,0,0,0,-1,0,0,0]","[-2,-1,-1,0,1,1,1,1,-1,1,1,0,1,2,2,1,-1,1,0,0,1,1,0,1,2,2,1,0,-1,0,0,0,-1,0,0,0]",t^8+29t^6+113t^4+23t^2,"[-1,-1,-1,-1,0,1,1,2,-1,0,0,0,1,2,3,0,0,1,1,0,1,0,1,2,1,2,2,2,0,1,2,0,1,1,2,0]","[-2,-1,-1,0,1,1,1,1,0,2,1,1,1,2,3,1,0,0,0,1,2,2,1,2,2,1,1,2,1,0,0,0,-1,0,0,0]","[-1,-1,-1,-1,0,1,1,2,-1,0,0,0,1,2,2,0,0,1,1,0,0,0,-1,0,2,2,0,0,1,1,-1,1,1,-1,-1,1]",c,"[[{8, 3}, {1, 7}, {2, 6}, {4, 5}], [{8, 3}, {1, 7}, {4, 6}, {2, 5}], [{8, 3}, {1, 7}, {5, 6}, {2, 4}], [{8, 3}, {7}, {5, 6}, {2, 4}, {1}], [{8}, {1, 7}, {4, 6}, {2, 5}, {3}]]",1,4 K_1^3 - 6 K_1^2 - 4 K_1 K_2 - K_1 + 3 K_2 + K_3 + 4,O1O2O3U4O5U6U5U7O8O4U1O7U3U2O6U8,O1O2O3U2O4U5U6U7O8U3O6O5U1O7U4U8,O1O2O3U4U5O6U3O7O8U1O4U6U8U7O5U2,c,"{'O1O2O3U4O5U2U1O6U3O7O4U6U8U5O8U7', 'O1O2U3O4O5U2U1U4O6O7U6O3U8U5O8U7'}",2,"<a href=""/flatknot/8.1101904"">8.1101904</a>",t^9-27t^7-38t^6+64t^5+100t^4-31t^3-60t^2+4t+8,-t^2+2t,,
8.1101905,O1O2O3U4O5U2U1O6U3O7O4U6U8U7O8U5,3,13z^2+54z+57,-2w^4z^2+15w^3z^2-2w^3z+56w^2z+57w,False,False,"[[ 0 -1 -1  1  0  2 -1  1 -1],[ 1  0  0  2 -1  2  0 -1  1],[ 1  0  0  1  0  1  0 -1  1],[-1 -2 -1  0 -1  1  0  0 -1],[ 0  1  0  1  0  0 -1  0  0],[-2 -2 -1 -1  0  0 -1  2 -3],[ 1  0  0  0  1  1  0  1  0],[-1  1  1  0  0 -2 -1  0 -1],[ 1 -1 -1  1  0  3  0  1  0]]","[[ 0  2  1  1  0 -1 -1 -1 -1],[-2  0  2 -1  0 -1 -1 -2 -3],[-1 -2  0  0  0  1 -1  1 -1],[-1  1  0  0 -1 -1  0 -2 -1],[ 0  0  0  1  0  0 -1  1  0],[ 1  1 -1  1  0  0  0  0  1],[ 1  1  1  0  1  0  0  0  0],[ 1  2 -1  2 -1  0  0  0  1],[ 1  3  1  1  0 -1  0 -1  0]]",True,"[-2,-1,-1,0,1,1,1,1,-2,1,0,1,1,2,3,0,0,-1,1,-1,1,1,1,0,2,1,0,1,-1,0,0,0,-1,0,0,-1]","[-2,-1,-1,0,1,1,1,1,-2,1,0,1,1,2,3,0,0,-1,1,-1,1,1,1,0,2,1,0,1,-1,0,0,0,-1,0,0,-1]",t^8+35t^6+172t^4+56t^2,"[-1,-1,-1,-1,0,1,1,2,-1,0,0,1,1,3,2,0,1,1,1,1,0,0,0,2,1,2,2,0,3,1,0,1,2,0,0,3]","[-2,-1,-1,0,1,1,1,1,0,3,2,0,1,2,2,0,0,1,0,1,2,1,1,3,3,1,1,2,1,0,-1,-1,0,0,0,0]","[-1,-1,-1,-1,0,1,1,2,-1,-1,0,0,1,1,3,0,0,-1,-1,2,2,0,0,-1,1,1,1,1,0,1,0,1,0,0,-2,1]",c,"[[{8, 5}, {3, 7}, {1, 6}, {2, 4}]]",1,4 K_1^3 - 2 K_1^2 - 4 K_1 K_2 - K_1 + K_2 + K_3 + 2,O1O2O3U4O5U6U5U7O8O6U1O7U3U2O4U8,O1O2O3U2O4U5U6U7O8U4O6O5U1O7U3U8,O1O2O3U4U1O5U3O6O7U8O4U5U7U6O8U2,c,"{'O1O2O3U4O5U2U1O6U3O7O4U6U8U7O8U5', 'O1O2U3O4O5U2U1U4O6O7U6O3U8U7O8U5'}",2,"<a href=""/flatknot/8.1101905"">8.1101905</a>",t^9-33t^7-68t^6+83t^5+218t^4-49t^3-178t^2+24,-t^2+2t,,
8.1101906,O1O2O3U4O5U2U1O6U3O7O4U7U8U6O8U5,4,3z^3+35z^2+111z+107,3w^4z^3+35w^3z^2+111w^2z+107w,False,False,"[[ 0 -1 -1  1  0  2  1 -1 -1],[ 1  0  0  2 -1  2  0 -1  1],[ 1  0  0  1  0  1  0 -1  1],[-1 -2 -1  0 -1  1  0 -1 -2],[ 0  1  0  1  0  0  0 -1  0],[-2 -2 -1 -1  0  0  1  0 -3],[-1  0  0  0  0 -1  0  0 -1],[ 1  1  1  1  1  0  0  0  1],[ 1 -1 -1  2  0  3  1 -1  0]]","[[ 0  2  1  1  0 -1 -1 -1 -1],[-2  0  1 -1  0  0 -1 -2 -3],[-1 -1  0  0  0  0  0  0 -1],[-1  1  0  0 -1 -1 -1 -2 -2],[ 0  0  0  1  0 -1  0  1  0],[ 1  0  0  1  1  0  1  1  1],[ 1  1  0  1  0 -1  0  0  1],[ 1  2  0  2 -1 -1  0  0  1],[ 1  3  1  2  0 -1 -1 -1  0]]",True,"[-2,-1,-1,0,1,1,1,1,-1,1,0,0,1,2,3,0,0,0,0,0,1,1,1,1,2,2,1,0,-1,0,-1,-1,-1,0,-1,-1]","[-2,-1,-1,0,1,1,1,1,-1,1,0,0,1,2,3,0,0,0,0,0,1,1,1,1,2,2,1,0,-1,0,-1,-1,-1,0,-1,-1]",t^8+35t^6+112t^4+56t^2+4,"[-1,-1,-1,-1,0,1,1,2,-1,-1,-1,0,1,2,3,-1,0,1,1,2,2,1,1,0,1,0,2,0,2,1,0,1,2,0,0,2]","[-2,-1,-1,0,1,1,1,1,0,2,2,0,1,2,3,0,0,0,0,1,1,1,1,2,2,2,1,2,1,0,-1,-1,-1,0,-1,-1]","[-1,-1,-1,-1,0,1,1,2,-1,-1,-1,0,1,2,3,-1,0,-1,0,2,2,1,1,0,1,0,0,0,1,1,0,1,0,0,-1,1]",c,"[[{8, 7}, {3, 6}, {2, 5}, {1, 4}]]",1,- 6 K_1^2 - 4 K_1 K_2 + 2 K_1 + 3 K_2 + 2 K_3 + 4,O1O2O3U4O5U6U5U7O8O7U1O6U3U2O4U8,O1O2O3U2O4U5U6U7O8U4O6O5U3O7U1U8,O1O2O3U4U3O5U1O6O7U8O4U5U7U6O8U2,c,{'O1O2O3U4O5U2U1O6U3O7O4U7U8U6O8U5'},1,"<a href=""/flatknot/8.1101906"">8.1101906</a>",t^9-33t^7-82t^6+11t^5+152t^4+10t^3-140t^2-56t-10,-t^2+2t,,
8.1101907,O1O2O3U4O5U2U1O6U3O7O4U8U5U6O8U7,4,4z^3+40z^2+105z+83,4w^4z^3-4w^4z^2+44w^3z^2-4w^3z+109w^2z+83w,False,False,"[[ 0 -1 -1  1  0  1  1  1 -2],[ 1  0  0  2 -1  2  1  0  0],[ 1  0  0  1  0  1  1  0  0],[-1 -2 -1  0 -1  0  1  1 -3],[ 0  1  0  1  0  1  0 -1  0],[-1 -2 -1  0 -1  0  1  1 -2],[-1 -1 -1 -1  0 -1  0  0 -1],[-1  0  0 -1  1 -1  0  0 -1],[ 2  0  0  3  0  2  1  1  0]]","[[ 0  1  1  1  1  0 -1 -1 -2],[-1  0  1  1  0 -1 -1 -2 -2],[-1 -1  0  0 -1  1  0  0 -1],[-1 -1  0  0 -1  0 -1 -1 -1],[-1  0  1  1  0 -1 -1 -2 -3],[ 0  1 -1  0  1  0  0  1  0],[ 1  1  0  1  1  0  0  0  0],[ 1  2  0  1  2 -1  0  0  0],[ 2  2  1  1  3  0  0  0  0]]",True,"[-1,-1,-1,-1,0,1,1,2,-1,-1,0,1,1,2,2,0,1,-1,0,0,1,1,0,1,1,1,1,1,2,3,0,-1,0,0,0,0]","[-2,-1,-1,0,1,1,1,1,0,0,0,1,1,2,3,0,-1,0,1,2,2,0,0,1,1,1,-1,0,1,1,0,-1,-1,-1,-1,0]",t^8+35t^6+88t^4+36t^2,"[-2,-1,-1,0,1,1,1,1,1,1,2,0,1,2,2,0,1,1,1,1,2,2,0,0,1,2,0,0,1,2,0,-1,-1,-1,-1,0]","[-1,-1,-1,-1,0,1,1,2,-1,-1,0,1,1,1,2,0,1,0,0,1,0,1,0,0,1,1,2,2,2,2,2,1,2,0,1,1]","[-2,-1,-1,0,1,1,1,1,0,0,0,1,1,2,3,0,-1,0,1,2,2,0,0,1,1,1,-1,0,1,1,0,-1,-1,-1,-1,0]",c,"[[{8, 1}, {2, 7}, {3, 6}, {4, 5}], [{8, 1}, {2, 7}, {4, 6}, {3, 5}], [{8, 1}, {2, 7}, {5, 6}, {3, 4}], [{8, 1}, {3, 7}, {2, 6}, {4, 5}], [{8, 1}, {3, 7}, {4, 6}, {2, 5}], [{8, 1}, {3, 7}, {5, 6}, {2, 4}], [{8, 1}, {4, 7}, {2, 6}, {3, 5}], [{8, 1}, {4, 7}, {2, 6}, {5}, {3}], [{8, 1}, {4, 7}, {3, 6}, {2, 5}], [{8, 1}, {4, 7}, {5, 6}, {2, 3}], [{8, 1}, {5, 7}, {2, 6}, {3, 4}], [{8, 1}, {5, 7}, {3, 6}, {2, 4}], [{8, 1}, {5, 7}, {4, 6}, {2, 3}], [{8, 1}, {5, 7}, {6}, {2, 4}, {3}], [{8, 1}, {5, 7}, {6}, {3, 4}, {2}], [{8, 1}, {5, 7}, {6}, {4}, {2, 3}], [{8, 1}, {6, 7}, {2, 5}, {3, 4}], [{8, 1}, {6, 7}, {3, 5}, {2, 4}], [{8, 1}, {6, 7}, {4, 5}, {2, 3}], [{8, 1}, {6, 7}, {4, 5}, {3}, {2}], [{8, 2}, {1, 7}, {3, 6}, {4, 5}], [{8, 2}, {1, 7}, {4, 6}, {3, 5}], [{8, 2}, {1, 7}, {4, 6}, {5}, {3}], [{8, 2}, {1, 7}, {5, 6}, {3, 4}], [{8, 2}, {3, 7}, {1, 6}, {4, 5}], [{8, 2}, {3, 7}, {4, 6}, {1, 5}], [{8, 2}, {3, 7}, {5, 6}, {1, 4}], [{8, 2}, {3, 7}, {6}, {4, 5}, {1}], [{8, 2}, {4, 7}, {1, 6}, {3, 5}], [{8, 2}, {4, 7}, {3, 6}, {1, 5}], [{8, 2}, {4, 7}, {5, 6}, {1, 3}], [{8, 2}, {4, 7}, {6}, {1, 5}, {3}], [{8, 2}, {5, 7}, {1, 6}, {3, 4}], [{8, 2}, {5, 7}, {1, 6}, {4}, {3}], [{8, 2}, {5, 7}, {3, 6}, {1, 4}], [{8, 2}, {5, 7}, {4, 6}, {1, 3}], [{8, 2}, {6, 7}, {1, 5}, {3, 4}], [{8, 2}, {6, 7}, {3, 5}, {1, 4}], [{8, 2}, {6, 7}, {4, 5}, {1, 3}], [{8, 2}, {6, 7}, {4, 5}, {3}, {1}], [{8, 2}, {7}, {3, 6}, {4, 5}, {1}], [{8, 2}, {7}, {5, 6}, {1, 4}, {3}], [{8, 3}, {1, 7}, {2, 6}, {4, 5}], [{8, 3}, {1, 7}, {4, 6}, {2, 5}], [{8, 3}, {1, 7}, {5, 6}, {2, 4}], [{8, 3}, {1, 7}, {6}, {2, 5}, {4}], [{8, 3}, {2, 7}, {1, 6}, {4, 5}], [{8, 3}, {2, 7}, {4, 6}, {1, 5}], [{8, 3}, {2, 7}, {5, 6}, {1, 4}], [{8, 3}, {2, 7}, {5, 6}, {4}, {1}], [{8, 3}, {4, 7}, {1, 6}, {2, 5}], [{8, 3}, {4, 7}, {2, 6}, {1, 5}], [{8, 3}, {4, 7}, {5, 6}, {1, 2}], [{8, 3}, {4, 7}, {6}, {2, 5}, {1}], [{8, 3}, {5, 7}, {1, 6}, {2, 4}], [{8, 3}, {5, 7}, {2, 6}, {1, 4}], [{8, 3}, {5, 7}, {2, 6}, {4}, {1}], [{8, 3}, {5, 7}, {4, 6}, {1, 2}], [{8, 3}, {6, 7}, {1, 5}, {2, 4}], [{8, 3}, {6, 7}, {1, 5}, {4}, {2}], [{8, 3}, {6, 7}, {2, 5}, {1, 4}], [{8, 3}, {6, 7}, {2, 5}, {4}, {1}], [{8, 3}, {6, 7}, {4, 5}, {1, 2}], [{8, 3}, {6, 7}, {4, 5}, {2}, {1}], [{8, 3}, {6, 7}, {5}, {1, 4}, {2}], [{8, 3}, {6, 7}, {5}, {2, 4}, {1}], [{8, 3}, {6, 7}, {5}, {4}, {1, 2}], [{8, 3}, {6, 7}, {5}, {4}, {2}, {1}], [{8, 3}, {7}, {1, 6}, {2, 5}, {4}], [{8, 3}, {7}, {4, 6}, {2, 5}, {1}], [{8, 3}, {7}, {6}, {2, 5}, {1, 4}], [{8, 3}, {7}, {6}, {2, 5}, {4}, {1}], [{8, 4}, {1, 7}, {2, 6}, {3, 5}], [{8, 4}, {1, 7}, {3, 6}, {2, 5}], [{8, 4}, {1, 7}, {3, 6}, {5}, {2}], [{8, 4}, {1, 7}, {5, 6}, {2, 3}], [{8, 4}, {2, 7}, {1, 6}, {3, 5}], [{8, 4}, {2, 7}, {3, 6}, {1, 5}], [{8, 4}, {2, 7}, {3, 6}, {5}, {1}], [{8, 4}, {2, 7}, {5, 6}, {1, 3}], [{8, 4}, {2, 7}, {6}, {1, 5}, {3}], [{8, 4}, {3, 7}, {1, 6}, {2, 5}], [{8, 4}, {3, 7}, {2, 6}, {1, 5}], [{8, 4}, {3, 7}, {5, 6}, {1, 2}], [{8, 4}, {3, 7}, {5, 6}, {2}, {1}], [{8, 4}, {3, 7}, {6}, {5}, {1, 2}], [{8, 4}, {5, 7}, {1, 6}, {2, 3}], [{8, 4}, {5, 7}, {2, 6}, {1, 3}], [{8, 4}, {5, 7}, {3, 6}, {1, 2}], [{8, 4}, {5, 7}, {6}, {2, 3}, {1}], [{8, 4}, {6, 7}, {1, 5}, {2, 3}], [{8, 4}, {6, 7}, {2, 5}, {1, 3}], [{8, 4}, {6, 7}, {3, 5}, {1, 2}], [{8, 4}, {6, 7}, {3, 5}, {2}, {1}], [{8, 4}, {6, 7}, {5}, {3}, {1, 2}], [{8, 4}, {7}, {2, 6}, {5}, {1, 3}], [{8, 4}, {7}, {3, 6}, {5}, {1, 2}], [{8, 5}, {1, 7}, {2, 6}, {3, 4}], [{8, 5}, {1, 7}, {3, 6}, {2, 4}], [{8, 5}, {1, 7}, {4, 6}, {2, 3}], [{8, 5}, {1, 7}, {6}, {2, 4}, {3}], [{8, 5}, {1, 7}, {6}, {3, 4}, {2}], [{8, 5}, {1, 7}, {6}, {4}, {2, 3}], [{8, 5}, {2, 7}, {1, 6}, {3, 4}], [{8, 5}, {2, 7}, {3, 6}, {1, 4}], [{8, 5}, {2, 7}, {4, 6}, {1, 3}], [{8, 5}, {2, 7}, {4, 6}, {3}, {1}], [{8, 5}, {3, 7}, {1, 6}, {2, 4}], [{8, 5}, {3, 7}, {2, 6}, {1, 4}], [{8, 5}, {3, 7}, {2, 6}, {4}, {1}], [{8, 5}, {3, 7}, {4, 6}, {1, 2}], [{8, 5}, {4, 7}, {1, 6}, {2, 3}], [{8, 5}, {4, 7}, {2, 6}, {1, 3}], [{8, 5}, {4, 7}, {3, 6}, {1, 2}], [{8, 5}, {4, 7}, {6}, {1, 3}, {2}], [{8, 5}, {6, 7}, {1, 4}, {2, 3}], [{8, 5}, {6, 7}, {2, 4}, {1, 3}], [{8, 5}, {6, 7}, {3, 4}, {1, 2}], [{8, 5}, {6, 7}, {3, 4}, {2}, {1}], [{8, 5}, {6, 7}, {4}, {3}, {1, 2}], [{8, 5}, {7}, {1, 6}, {3, 4}, {2}], [{8, 6}, {1, 7}, {2, 5}, {3, 4}], [{8, 6}, {1, 7}, {2, 5}, {4}, {3}], [{8, 6}, {1, 7}, {3, 5}, {2, 4}], [{8, 6}, {1, 7}, {3, 5}, {4}, {2}], [{8, 6}, {1, 7}, {4, 5}, {2, 3}], [{8, 6}, {1, 7}, {5}, {4}, {2, 3}], [{8, 6}, {2, 7}, {1, 5}, {3, 4}], [{8, 6}, {2, 7}, {3, 5}, {1, 4}], [{8, 6}, {2, 7}, {4, 5}, {1, 3}], [{8, 6}, {3, 7}, {1, 5}, {2, 4}], [{8, 6}, {3, 7}, {1, 5}, {4}, {2}], [{8, 6}, {3, 7}, {2, 5}, {1, 4}], [{8, 6}, {3, 7}, {4, 5}, {1, 2}], [{8, 6}, {3, 7}, {5}, {2, 4}, {1}], [{8, 6}, {4, 7}, {1, 5}, {2, 3}], [{8, 6}, {4, 7}, {2, 5}, {1, 3}], [{8, 6}, {4, 7}, {3, 5}, {1, 2}], [{8, 6}, {5, 7}, {1, 4}, {2, 3}], [{8, 6}, {5, 7}, {2, 4}, {1, 3}], [{8, 6}, {5, 7}, {3, 4}, {1, 2}], [{8, 6}, {5, 7}, {3, 4}, {2}, {1}], [{8, 6}, {7}, {4, 5}, {1, 3}, {2}], [{8, 6}, {7}, {4, 5}, {2, 3}, {1}], [{8, 6}, {7}, {4, 5}, {3}, {1, 2}], [{8, 7}, {1, 6}, {2, 5}, {3, 4}], [{8, 7}, {1, 6}, {2, 5}, {4}, {3}], [{8, 7}, {1, 6}, {3, 5}, {2, 4}], [{8, 7}, {1, 6}, {4, 5}, {2, 3}], [{8, 7}, {1, 6}, {5}, {3, 4}, {2}], [{8, 7}, {2, 6}, {1, 5}, {3, 4}], [{8, 7}, {2, 6}, {3, 5}, {1, 4}], [{8, 7}, {2, 6}, {4, 5}, {1, 3}], [{8, 7}, {3, 6}, {1, 5}, {2, 4}], [{8, 7}, {3, 6}, {2, 5}, {1, 4}], [{8, 7}, {3, 6}, {4, 5}, {1, 2}], [{8, 7}, {4, 6}, {1, 5}, {2, 3}], [{8, 7}, {4, 6}, {2, 5}, {1, 3}], [{8, 7}, {4, 6}, {2, 5}, {3}, {1}], [{8, 7}, {4, 6}, {3, 5}, {1, 2}], [{8, 7}, {5, 6}, {1, 4}, {2, 3}], [{8, 7}, {5, 6}, {2, 4}, {1, 3}], [{8, 7}, {5, 6}, {3, 4}, {1, 2}], [{8, 7}, {6}, {1, 5}, {2, 4}, {3}], [{8, 7}, {6}, {2, 5}, {1, 4}, {3}], [{8, 7}, {6}, {4, 5}, {1, 3}, {2}], [{8, 7}, {6}, {4, 5}, {2, 3}, {1}], [{8, 7}, {6}, {4, 5}, {3}, {1, 2}], [{8}, {1, 7}, {3, 6}, {2, 5}, {4}], [{8}, {1, 7}, {5, 6}, {4}, {2, 3}], [{8}, {2, 7}, {4, 6}, {5}, {1, 3}], [{8}, {3, 7}, {1, 6}, {2, 5}, {4}], [{8}, {3, 7}, {4, 6}, {2, 5}, {1}], [{8}, {3, 7}, {6}, {2, 5}, {1, 4}], [{8}, {5, 7}, {1, 6}, {3, 4}, {2}], [{8}, {5, 7}, {4, 6}, {3}, {1, 2}], [{8}, {5, 7}, {6}, {1, 4}, {2, 3}], [{8}, {6, 7}, {3, 5}, {4}, {1, 2}], [{8}, {6, 7}, {4, 5}, {1, 3}, {2}], [{8}, {6, 7}, {4, 5}, {2, 3}, {1}], [{8}, {6, 7}, {4, 5}, {3}, {1, 2}], [{8}, {6, 7}, {4, 5}, {3}, {2}, {1}], [{8}, {6, 7}, {5}, {3, 4}, {1, 2}], [{8}, {7}, {1, 6}, {3, 5}, {2, 4}], [{8}, {7}, {5, 6}, {2, 4}, {1, 3}]]",2,4 K_1^3 - 2 K_1^2 - 4 K_1 K_2 - K_1 + K_2 + K_3 + 2,O1O2O3U4O5U6U7U5O8O4U1O6U3U2O7U8,O1O2O3U1O4U5U6U7O8U2O6O5U3O7U4U8,O1O2O3U4U5O6U1O7O8U2O4U6U8U7O5U3,c,{'O1O2O3U4O5U2U1O6U3O7O4U8U5U6O8U7'},1,"<a href=""/flatknot/8.1101907"">8.1101907</a>",t^9-37t^7-36t^6+95t^5+80t^4-52t^3-26t^2-11t-4,t^2-2t,,
8.1101908,O1O2O3U4O5U2U1O6U3O7O4U8U6U5O8U7,3,19z^2+68z+61,-6w^4z^2+25w^3z^2-20w^3z+88w^2z+61w,False,False,"[[ 0 -1 -1  1  0  2  0  1 -2],[ 1  0  0  2 -1  2  0  0  0],[ 1  0  0  1  0  1  0  0  0],[-1 -2 -1  0 -1  1  0  1 -3],[ 0  1  0  1  0  1  0 -1  0],[-2 -2 -1 -1 -1  0  0  1 -3],[ 0  0  0  0  0  0  0  0  0],[-1  0  0 -1  1 -1  0  0 -1],[ 2  0  0  3  0  3  0  1  0]]","[[ 0  2  1  1  0 -1 -1 -2],[-2  0  1 -1 -1 -1 -2 -3],[-1 -1  0 -1  1  0  0 -1],[-1  1  1  0 -1 -1 -2 -3],[ 0  1 -1  1  0  0  1  0],[ 1  1  0  1  0  0  0  0],[ 1  2  0  2 -1  0  0  0],[ 2  3  1  3  0  0  0  0]]",False,"[-2,-1,-1,0,1,1,2,-1,1,1,1,2,3,1,-1,0,0,1,1,1,2,3,0,-1,0,0,0,0]","[-2,-1,-1,0,1,1,2,-1,1,1,1,2,3,1,-1,0,0,1,1,1,2,3,0,-1,0,0,0,0]",t^7+36t^5+70t^3+3t,"[-2,-1,-1,0,1,1,2,1,1,2,0,2,1,0,1,1,2,2,2,0,2,1,0,2,1,-1,0,2]","[-2,-1,-1,0,1,1,2,0,2,1,1,2,1,1,0,0,1,0,2,2,2,2,2,1,2,0,1,1]","[-2,-1,-1,0,1,1,2,0,0,0,1,3,3,0,-1,0,2,2,0,0,1,1,-1,1,1,-1,-1,1]",c,"[[{8, 7}, {3, 6}, {2, 5}, {1, 4}], [{8, 7}, {6}, {2, 5}, {1, 4}, {3}]]",1,4 K_1^3 - 4 K_1 K_2 - K_1 + K_3 + 1,O1O2O3U4O5U6U7U5O8O4U1O7U3U2O6U8,O1O2O3U1O4U5U6U7O8U3O6O5U2O7U4U8,O1O2O3U4U5O6U2O7O8U1O4U6U8U7O5U3,c,{'O1O2O3U4O5U2U1O6U3O7O4U8U6U5O8U7'},1,"<a href=""/flatknot/8.1101908"">8.1101908</a>",t^8-36t^6-46t^5+38t^4+68t^3+22t^2-18t-4,0,,
8.1101909,O1O2O3U4O5U2U1O6U3O7O4U8U6U7O8U5,4,2z^3+32z^2+109z+107,2w^4z^3+32w^3z^2+109w^2z+107w,False,False,"[[ 0 -1 -1  1  0  2  0  1 -2],[ 1  0  0  2 -1  2  0 -1  1],[ 1  0  0  1  0  1  0 -1  1],[-1 -2 -1  0 -1  1  0  0 -2],[ 0  1  0  1  0  0  0  0  0],[-2 -2 -1 -1  0  0  0  2 -4],[ 0  0  0  0  0  0  0  1 -1],[-1  1  1  0  0 -2 -1  0 -1],[ 2 -1 -1  2  0  4  1  1  0]]","[[ 0  2  1  1  0  0 -1 -1 -2],[-2  0  2 -1  0  0 -1 -2 -4],[-1 -2  0  0  0 -1  1  1 -1],[-1  1  0  0 -1  0 -1 -2 -2],[ 0  0  0  1  0  0  0  1  0],[ 0  0  1  0  0  0  0  0 -1],[ 1  1 -1  1  0  0  0  0  1],[ 1  2 -1  2 -1  0  0  0  1],[ 2  4  1  2  0  1 -1 -1  0]]",True,"[-2,-1,-1,0,0,1,1,2,-2,1,0,0,1,2,4,0,0,1,-1,-1,1,1,0,1,2,2,0,0,-1,0,0,0,1,0,-1,-1]","[-2,-1,-1,0,0,1,1,2,-2,1,0,0,1,2,4,0,0,1,-1,-1,1,1,0,1,2,2,0,0,-1,0,0,0,1,0,-1,-1]",t^8+44t^6+193t^4+56t^2,"[-2,-1,-1,0,0,1,1,2,2,2,1,2,1,2,0,0,1,1,1,3,2,1,2,0,3,1,0,1,0,2,0,1,2,0,0,3]","[-2,-1,-1,0,0,1,1,2,0,3,2,2,1,2,0,0,0,1,0,1,1,1,0,3,3,2,0,2,1,2,1,1,1,0,2,2]","[-2,-1,-1,0,0,1,1,2,-1,-1,0,1,1,2,4,0,-1,0,-1,2,2,0,0,-1,1,1,0,0,1,0,1,0,0,0,-2,1]",c,"[[{8, 1}, {2, 7}, {3, 6}, {4, 5}], [{8, 1}, {2, 7}, {4, 6}, {3, 5}], [{8, 1}, {2, 7}, {5, 6}, {3, 4}], [{8, 1}, {2, 7}, {6}, {5}, {3, 4}], [{8, 1}, {3, 7}, {2, 6}, {4, 5}], [{8, 1}, {3, 7}, {4, 6}, {2, 5}], [{8, 1}, {3, 7}, {5, 6}, {2, 4}], [{8, 1}, {3, 7}, {6}, {4, 5}, {2}], [{8, 1}, {4, 7}, {2, 6}, {3, 5}], [{8, 1}, {4, 7}, {3, 6}, {2, 5}], [{8, 1}, {4, 7}, {5, 6}, {2, 3}], [{8, 1}, {5, 7}, {2, 6}, {3, 4}], [{8, 1}, {5, 7}, {3, 6}, {2, 4}], [{8, 1}, {5, 7}, {4, 6}, {2, 3}], [{8, 1}, {5, 7}, {6}, {4}, {2, 3}], [{8, 1}, {6, 7}, {2, 5}, {3, 4}], [{8, 1}, {6, 7}, {2, 5}, {4}, {3}], [{8, 1}, {6, 7}, {3, 5}, {2, 4}], [{8, 1}, {6, 7}, {4, 5}, {2, 3}], [{8, 1}, {7}, {2, 6}, {3, 5}, {4}], [{8, 1}, {7}, {4, 6}, {5}, {2, 3}], [{8, 2}, {1, 7}, {3, 6}, {4, 5}], [{8, 2}, {1, 7}, {4, 6}, {3, 5}], [{8, 2}, {1, 7}, {5, 6}, {3, 4}], [{8, 2}, {1, 7}, {6}, {5}, {3, 4}], [{8, 2}, {3, 7}, {1, 6}, {4, 5}], [{8, 2}, {3, 7}, {1, 6}, {5}, {4}], [{8, 2}, {3, 7}, {4, 6}, {1, 5}], [{8, 2}, {3, 7}, {5, 6}, {1, 4}], [{8, 2}, {4, 7}, {1, 6}, {3, 5}], [{8, 2}, {4, 7}, {3, 6}, {1, 5}], [{8, 2}, {4, 7}, {5, 6}, {1, 3}], [{8, 2}, {5, 7}, {1, 6}, {3, 4}], [{8, 2}, {5, 7}, {3, 6}, {1, 4}], [{8, 2}, {5, 7}, {4, 6}, {1, 3}], [{8, 2}, {5, 7}, {6}, {1, 4}, {3}], [{8, 2}, {5, 7}, {6}, {3, 4}, {1}], [{8, 2}, {5, 7}, {6}, {4}, {1, 3}], [{8, 2}, {6, 7}, {1, 5}, {3, 4}], [{8, 2}, {6, 7}, {3, 5}, {1, 4}], [{8, 2}, {6, 7}, {4, 5}, {1, 3}], [{8, 2}, {7}, {3, 6}, {1, 5}, {4}], [{8, 2}, {7}, {4, 6}, {1, 5}, {3}], [{8, 2}, {7}, {6}, {1, 5}, {3, 4}], [{8, 3}, {1, 7}, {2, 6}, {4, 5}], [{8, 3}, {1, 7}, {4, 6}, {2, 5}], [{8, 3}, {1, 7}, {4, 6}, {5}, {2}], [{8, 3}, {1, 7}, {5, 6}, {2, 4}], [{8, 3}, {1, 7}, {5, 6}, {4}, {2}], [{8, 3}, {1, 7}, {6}, {4, 5}, {2}], [{8, 3}, {2, 7}, {1, 6}, {4, 5}], [{8, 3}, {2, 7}, {4, 6}, {1, 5}], [{8, 3}, {2, 7}, {5, 6}, {1, 4}], [{8, 3}, {2, 7}, {5, 6}, {4}, {1}], [{8, 3}, {4, 7}, {1, 6}, {2, 5}], [{8, 3}, {4, 7}, {2, 6}, {1, 5}], [{8, 3}, {4, 7}, {5, 6}, {1, 2}], [{8, 3}, {4, 7}, {5, 6}, {2}, {1}], [{8, 3}, {5, 7}, {1, 6}, {2, 4}], [{8, 3}, {5, 7}, {2, 6}, {1, 4}], [{8, 3}, {5, 7}, {4, 6}, {1, 2}], [{8, 3}, {6, 7}, {1, 5}, {2, 4}], [{8, 3}, {6, 7}, {2, 5}, {1, 4}], [{8, 3}, {6, 7}, {4, 5}, {1, 2}], [{8, 3}, {7}, {1, 6}, {2, 5}, {4}], [{8, 3}, {7}, {2, 6}, {1, 5}, {4}], [{8, 3}, {7}, {5, 6}, {1, 4}, {2}], [{8, 3}, {7}, {5, 6}, {2, 4}, {1}], [{8, 3}, {7}, {5, 6}, {4}, {1, 2}], [{8, 3}, {7}, {5, 6}, {4}, {2}, {1}], [{8, 4}, {1, 7}, {2, 6}, {3, 5}], [{8, 4}, {1, 7}, {3, 6}, {2, 5}], [{8, 4}, {1, 7}, {5, 6}, {2, 3}], [{8, 4}, {2, 7}, {1, 6}, {3, 5}], [{8, 4}, {2, 7}, {3, 6}, {1, 5}], [{8, 4}, {2, 7}, {5, 6}, {1, 3}], [{8, 4}, {2, 7}, {5, 6}, {3}, {1}], [{8, 4}, {3, 7}, {1, 6}, {2, 5}], [{8, 4}, {3, 7}, {1, 6}, {5}, {2}], [{8, 4}, {3, 7}, {2, 6}, {1, 5}], [{8, 4}, {3, 7}, {5, 6}, {1, 2}], [{8, 4}, {5, 7}, {1, 6}, {2, 3}], [{8, 4}, {5, 7}, {2, 6}, {1, 3}], [{8, 4}, {5, 7}, {3, 6}, {1, 2}], [{8, 4}, {5, 7}, {3, 6}, {2}, {1}], [{8, 4}, {6, 7}, {1, 5}, {2, 3}], [{8, 4}, {6, 7}, {2, 5}, {1, 3}], [{8, 4}, {6, 7}, {3, 5}, {1, 2}], [{8, 4}, {7}, {1, 6}, {2, 5}, {3}], [{8, 5}, {1, 7}, {2, 6}, {3, 4}], [{8, 5}, {1, 7}, {2, 6}, {4}, {3}], [{8, 5}, {1, 7}, {3, 6}, {2, 4}], [{8, 5}, {1, 7}, {3, 6}, {4}, {2}], [{8, 5}, {1, 7}, {4, 6}, {2, 3}], [{8, 5}, {1, 7}, {6}, {4}, {2, 3}], [{8, 5}, {2, 7}, {1, 6}, {3, 4}], [{8, 5}, {2, 7}, {3, 6}, {1, 4}], [{8, 5}, {2, 7}, {4, 6}, {1, 3}], [{8, 5}, {2, 7}, {6}, {1, 4}, {3}], [{8, 5}, {2, 7}, {6}, {3, 4}, {1}], [{8, 5}, {2, 7}, {6}, {4}, {1, 3}], [{8, 5}, {3, 7}, {1, 6}, {2, 4}], [{8, 5}, {3, 7}, {1, 6}, {4}, {2}], [{8, 5}, {3, 7}, {2, 6}, {1, 4}], [{8, 5}, {3, 7}, {4, 6}, {1, 2}], [{8, 5}, {4, 7}, {1, 6}, {2, 3}], [{8, 5}, {4, 7}, {2, 6}, {1, 3}], [{8, 5}, {4, 7}, {3, 6}, {1, 2}], [{8, 5}, {6, 7}, {1, 4}, {2, 3}], [{8, 5}, {6, 7}, {2, 4}, {1, 3}], [{8, 5}, {6, 7}, {2, 4}, {3}, {1}], [{8, 5}, {6, 7}, {3, 4}, {1, 2}], [{8, 6}, {1, 7}, {2, 5}, {3, 4}], [{8, 6}, {1, 7}, {2, 5}, {4}, {3}], [{8, 6}, {1, 7}, {3, 5}, {2, 4}], [{8, 6}, {1, 7}, {4, 5}, {2, 3}], [{8, 6}, {2, 7}, {1, 5}, {3, 4}], [{8, 6}, {2, 7}, {3, 5}, {1, 4}], [{8, 6}, {2, 7}, {4, 5}, {1, 3}], [{8, 6}, {2, 7}, {5}, {3, 4}, {1}], [{8, 6}, {3, 7}, {1, 5}, {2, 4}], [{8, 6}, {3, 7}, {2, 5}, {1, 4}], [{8, 6}, {3, 7}, {4, 5}, {1, 2}], [{8, 6}, {3, 7}, {4, 5}, {2}, {1}], [{8, 6}, {4, 7}, {1, 5}, {2, 3}], [{8, 6}, {4, 7}, {2, 5}, {1, 3}], [{8, 6}, {4, 7}, {3, 5}, {1, 2}], [{8, 6}, {5, 7}, {1, 4}, {2, 3}], [{8, 6}, {5, 7}, {2, 4}, {1, 3}], [{8, 6}, {5, 7}, {3, 4}, {1, 2}], [{8, 6}, {5, 7}, {4}, {2, 3}, {1}], [{8, 7}, {1, 6}, {2, 5}, {3, 4}], [{8, 7}, {1, 6}, {2, 5}, {4}, {3}], [{8, 7}, {1, 6}, {3, 5}, {2, 4}], [{8, 7}, {1, 6}, {4, 5}, {2, 3}], [{8, 7}, {2, 6}, {1, 5}, {3, 4}], [{8, 7}, {2, 6}, {1, 5}, {4}, {3}], [{8, 7}, {2, 6}, {3, 5}, {1, 4}], [{8, 7}, {2, 6}, {4, 5}, {1, 3}], [{8, 7}, {3, 6}, {1, 5}, {2, 4}], [{8, 7}, {3, 6}, {1, 5}, {4}, {2}], [{8, 7}, {3, 6}, {2, 5}, {1, 4}], [{8, 7}, {3, 6}, {2, 5}, {4}, {1}], [{8, 7}, {3, 6}, {4, 5}, {1, 2}], [{8, 7}, {3, 6}, {5}, {4}, {1, 2}], [{8, 7}, {4, 6}, {1, 5}, {2, 3}], [{8, 7}, {4, 6}, {1, 5}, {3}, {2}], [{8, 7}, {4, 6}, {2, 5}, {1, 3}], [{8, 7}, {4, 6}, {2, 5}, {3}, {1}], [{8, 7}, {4, 6}, {3, 5}, {1, 2}], [{8, 7}, {4, 6}, {5}, {3}, {1, 2}], [{8, 7}, {5, 6}, {1, 4}, {2, 3}], [{8, 7}, {5, 6}, {2, 4}, {1, 3}], [{8, 7}, {5, 6}, {3, 4}, {1, 2}], [{8, 7}, {5, 6}, {4}, {3}, {1, 2}], [{8, 7}, {6}, {1, 5}, {2, 4}, {3}], [{8, 7}, {6}, {1, 5}, {3, 4}, {2}], [{8, 7}, {6}, {1, 5}, {4}, {2, 3}], [{8, 7}, {6}, {1, 5}, {4}, {3}, {2}], [{8, 7}, {6}, {2, 5}, {1, 4}, {3}], [{8, 7}, {6}, {2, 5}, {3, 4}, {1}], [{8, 7}, {6}, {2, 5}, {4}, {1, 3}], [{8, 7}, {6}, {2, 5}, {4}, {3}, {1}], [{8, 7}, {6}, {3, 5}, {1, 4}, {2}], [{8, 7}, {6}, {3, 5}, {2, 4}, {1}], [{8, 7}, {6}, {3, 5}, {4}, {1, 2}], [{8, 7}, {6}, {4, 5}, {1, 3}, {2}], [{8, 7}, {6}, {4, 5}, {2, 3}, {1}], [{8, 7}, {6}, {4, 5}, {3}, {1, 2}], [{8, 7}, {6}, {5}, {1, 4}, {2, 3}], [{8, 7}, {6}, {5}, {2, 4}, {1, 3}], [{8, 7}, {6}, {5}, {3, 4}, {1, 2}], [{8, 7}, {6}, {5}, {4}, {3}, {1, 2}], [{8}, {1, 7}, {3, 6}, {5}, {2, 4}], [{8}, {2, 7}, {1, 6}, {3, 5}, {4}], [{8}, {2, 7}, {1, 6}, {4, 5}, {3}], [{8}, {2, 7}, {1, 6}, {5}, {3, 4}], [{8}, {2, 7}, {3, 6}, {1, 5}, {4}], [{8}, {2, 7}, {4, 6}, {1, 5}, {3}], [{8}, {2, 7}, {5, 6}, {3, 4}, {1}], [{8}, {2, 7}, {6}, {1, 5}, {3, 4}], [{8}, {3, 7}, {1, 6}, {2, 5}, {4}], [{8}, {3, 7}, {1, 6}, {4, 5}, {2}], [{8}, {3, 7}, {1, 6}, {5}, {2, 4}], [{8}, {3, 7}, {1, 6}, {5}, {4}, {2}], [{8}, {3, 7}, {2, 6}, {1, 5}, {4}], [{8}, {3, 7}, {5, 6}, {4}, {1, 2}], [{8}, {4, 7}, {1, 6}, {2, 5}, {3}], [{8}, {4, 7}, {1, 6}, {3, 5}, {2}], [{8}, {4, 7}, {1, 6}, {5}, {2, 3}], [{8}, {5, 7}, {1, 6}, {2, 4}, {3}], [{8}, {5, 7}, {1, 6}, {3, 4}, {2}], [{8}, {5, 7}, {1, 6}, {4}, {2, 3}], [{8}, {7}, {1, 6}, {2, 5}, {3, 4}], [{8}, {7}, {1, 6}, {2, 5}, {4}, {3}], [{8}, {7}, {1, 6}, {3, 5}, {2, 4}], [{8}, {7}, {1, 6}, {4, 5}, {2, 3}], [{8}, {7}, {3, 6}, {2, 5}, {1, 4}], [{8}, {7}, {4, 6}, {2, 5}, {1, 3}]]",2,- 4 K_1 K_2 + 2 K_1 + 2 K_3 + 1,O1O2O3U4O5U6U7U5O8O6U1O7U3U2O4U8,O1O2O3U1O4U5U6U7O8U4O6O5U2O7U3U8,O1O2O3U4U1O5U2O6O7U8O4U5U7U6O8U3,c,{'O1O2O3U4O5U2U1O6U3O7O4U8U6U7O8U5'},1,"<a href=""/flatknot/8.1101909"">8.1101909</a>",t^9-44t^7-96t^6+87t^5+238t^4+36t^3-58t^2-27t-4,0,,
8.1101910,O1O2O3U4O5U2U1O6U3O7O4U8U7U6O8U5,4,3z^3+34z^2+106z+101,3w^4z^3+34w^3z^2+106w^2z+101w,False,False,"[[ 0 -1 -1  1  0  2  1  0 -2],[ 1  0  0  2 -1  2  0 -1  1],[ 1  0  0  1  0  1  0 -1  1],[-1 -2 -1  0 -1  1  0 -1 -2],[ 0  1  0  1  0  0  0  0  0],[-2 -2 -1 -1  0  0  1  1 -4],[-1  0  0  0  0 -1  0  0 -2],[ 0  1  1  1  0 -1  0  0  0],[ 2 -1 -1  2  0  4  2  0  0]]","[[ 0  2  1  1  0  0 -1 -1 -2],[-2  0  1 -1  1  0 -1 -2 -4],[-1 -1  0  0  0  0  0  0 -2],[-1  1  0  0 -1 -1 -1 -2 -2],[ 0 -1  0  1  0  0  1  1  0],[ 0  0  0  1  0  0  0  1  0],[ 1  1  0  1 -1  0  0  0  1],[ 1  2  0  2 -1 -1  0  0  1],[ 2  4  2  2  0  0 -1 -1  0]]",True,"[-2,-1,-1,0,0,1,1,2,-1,1,-1,0,1,2,4,0,0,0,0,0,2,1,1,1,2,2,0,-1,-1,0,0,-1,0,0,-1,-1]","[-2,-1,-1,0,0,1,1,2,-1,-1,0,0,2,2,4,0,-1,-1,0,2,2,-1,0,0,1,1,0,0,1,-1,0,1,0,0,-1,1]",t^8+44t^6+227t^4+90t^2+1,"[-2,-1,-1,0,0,1,1,2,2,2,2,2,1,1,0,0,1,2,1,2,2,2,2,0,2,1,0,0,1,2,0,1,3,0,0,2]","[-2,-1,-1,0,0,1,1,2,0,2,2,3,1,2,0,0,0,0,0,1,1,1,1,2,2,1,0,2,1,2,2,2,2,0,2,2]","[-2,-1,-1,0,0,1,1,2,-1,-1,0,0,2,2,4,0,-1,-1,0,2,2,-1,0,0,1,1,0,0,1,-1,0,1,0,0,-1,1]",c,"[[{8, 4}, {2, 7}, {1, 6}, {3, 5}], [{8, 4}, {3, 7}, {1, 6}, {2, 5}], [{8, 5}, {2, 7}, {1, 6}, {3, 4}], [{8, 5}, {3, 7}, {1, 6}, {2, 4}], [{8, 5}, {4, 7}, {1, 6}, {2, 3}], [{8, 7}, {1, 6}, {2, 5}, {3, 4}], [{8, 7}, {1, 6}, {3, 5}, {2, 4}]]",1,- 4 K_1^2 - 4 K_1 K_2 + 2 K_1 + 2 K_2 + 2 K_3 + 3,O1O2O3U4O5U6U7U5O8O7U1O6U3U2O4U8,O1O2O3U1O4U5U6U7O8U4O6O5U3O7U2U8,O1O2O3U4U2O5U1O6O7U8O4U5U7U6O8U3,c,{'O1O2O3U4O5U2U1O6U3O7O4U8U7U6O8U5'},1,"<a href=""/flatknot/8.1101910"">8.1101910</a>",t^9-44t^7-96t^6+119t^5+344t^4-10t^3-232t^2-5t+40,0,,
8.1101911,O1O2O3U4O5U2U1O6U5O7O4U6U8U3O8U7,4,3z^3+34z^2+110z+109,3w^4z^3+34w^3z^2+110w^2z+109w,False,False,"[[ 0 -1 -1  2  0  1 -1  1 -1],[ 1  0  0  2 -1  2  0  0  0],[ 1  0  0  1  0  1  0  0  0],[-2 -2 -1  0 -1 -1  0  0 -2],[ 0  1  0  1  0  1 -2  0 -1],[-1 -2 -1  1 -1  0  1  1 -1],[ 1  0  0  0  2 -1  0  1  1],[-1  0  0  0  0 -1 -1  0 -1],[ 1  0  0  2  1  1 -1  1  0]]","[[ 0  2  1  1  0 -1 -1 -1 -1],[-2  0  0 -1 -1  0 -1 -2 -2],[-1  0  0 -1  0 -1  0  0 -1],[-1  1  1  0 -1  1 -1 -2 -1],[ 0  1  0  1  0 -2  0  1 -1],[ 1  0  1 -1  2  0  0  0  1],[ 1  1  0  1  0  0  0  0  0],[ 1  2  0  2 -1  0  0  0  0],[ 1  2  1  1  1 -1  0  0  0]]",True,"[-2,-1,-1,0,1,1,1,1,0,1,1,0,1,2,2,1,0,1,0,0,1,1,-1,1,2,1,2,0,-1,1,0,0,-1,0,0,0]","[-2,-1,-1,0,1,1,1,1,0,1,1,0,1,2,2,1,0,1,0,0,1,1,-1,1,2,1,2,0,-1,1,0,0,-1,0,0,0]",t^8+29t^6+179t^4+46t^2+1,"[-1,-1,-1,-1,0,1,1,2,-1,0,0,-1,1,3,3,0,0,0,1,1,1,0,1,2,1,2,2,2,0,1,1,0,1,1,1,0]","[-2,-1,-1,0,1,1,1,1,0,1,1,1,1,2,3,1,0,0,1,1,3,1,2,1,2,1,2,0,1,-1,0,0,0,0,-1,0]","[-1,-1,-1,-1,0,1,1,2,-1,0,0,1,1,1,2,0,0,2,-1,1,0,0,-1,2,0,2,0,1,0,1,1,0,1,1,1,0]",c,"[[{8, 1}, {2, 7}, {3, 6}, {4, 5}], [{8, 1}, {2, 7}, {4, 6}, {3, 5}], [{8, 1}, {2, 7}, {4, 6}, {5}, {3}], [{8, 1}, {2, 7}, {5, 6}, {3, 4}], [{8, 1}, {3, 7}, {2, 6}, {4, 5}], [{8, 1}, {3, 7}, {4, 6}, {2, 5}], [{8, 1}, {3, 7}, {5, 6}, {2, 4}], [{8, 1}, {4, 7}, {2, 6}, {3, 5}], [{8, 1}, {4, 7}, {3, 6}, {2, 5}], [{8, 1}, {4, 7}, {5, 6}, {2, 3}], [{8, 1}, {5, 7}, {2, 6}, {3, 4}], [{8, 1}, {5, 7}, {3, 6}, {2, 4}], [{8, 1}, {5, 7}, {4, 6}, {2, 3}], [{8, 1}, {6, 7}, {2, 5}, {3, 4}], [{8, 1}, {6, 7}, {2, 5}, {4}, {3}], [{8, 1}, {6, 7}, {3, 5}, {2, 4}], [{8, 1}, {6, 7}, {4, 5}, {2, 3}], [{8, 1}, {6, 7}, {4, 5}, {3}, {2}], [{8, 1}, {6, 7}, {5}, {2, 4}, {3}], [{8, 2}, {1, 7}, {3, 6}, {4, 5}], [{8, 2}, {1, 7}, {4, 6}, {3, 5}], [{8, 2}, {1, 7}, {5, 6}, {3, 4}], [{8, 2}, {1, 7}, {6}, {3, 5}, {4}], [{8, 2}, {3, 7}, {1, 6}, {4, 5}], [{8, 2}, {3, 7}, {1, 6}, {5}, {4}], [{8, 2}, {3, 7}, {4, 6}, {1, 5}], [{8, 2}, {3, 7}, {5, 6}, {1, 4}], [{8, 2}, {4, 7}, {1, 6}, {3, 5}], [{8, 2}, {4, 7}, {3, 6}, {1, 5}], [{8, 2}, {4, 7}, {5, 6}, {1, 3}], [{8, 2}, {4, 7}, {6}, {3, 5}, {1}], [{8, 2}, {5, 7}, {1, 6}, {3, 4}], [{8, 2}, {5, 7}, {1, 6}, {4}, {3}], [{8, 2}, {5, 7}, {3, 6}, {1, 4}], [{8, 2}, {5, 7}, {4, 6}, {1, 3}], [{8, 2}, {6, 7}, {1, 5}, {3, 4}], [{8, 2}, {6, 7}, {3, 5}, {1, 4}], [{8, 2}, {6, 7}, {3, 5}, {4}, {1}], [{8, 2}, {6, 7}, {4, 5}, {1, 3}], [{8, 2}, {6, 7}, {4, 5}, {3}, {1}], [{8, 2}, {6, 7}, {5}, {3, 4}, {1}], [{8, 2}, {7}, {1, 6}, {3, 5}, {4}], [{8, 2}, {7}, {4, 6}, {3, 5}, {1}], [{8, 2}, {7}, {6}, {3, 5}, {1, 4}], [{8, 3}, {1, 7}, {2, 6}, {4, 5}], [{8, 3}, {1, 7}, {4, 6}, {2, 5}], [{8, 3}, {1, 7}, {5, 6}, {2, 4}], [{8, 3}, {1, 7}, {6}, {2, 5}, {4}], [{8, 3}, {1, 7}, {6}, {4, 5}, {2}], [{8, 3}, {1, 7}, {6}, {5}, {2, 4}], [{8, 3}, {2, 7}, {1, 6}, {4, 5}], [{8, 3}, {2, 7}, {4, 6}, {1, 5}], [{8, 3}, {2, 7}, {4, 6}, {5}, {1}], [{8, 3}, {2, 7}, {5, 6}, {1, 4}], [{8, 3}, {4, 7}, {1, 6}, {2, 5}], [{8, 3}, {4, 7}, {2, 6}, {1, 5}], [{8, 3}, {4, 7}, {5, 6}, {1, 2}], [{8, 3}, {4, 7}, {6}, {2, 5}, {1}], [{8, 3}, {5, 7}, {1, 6}, {2, 4}], [{8, 3}, {5, 7}, {2, 6}, {1, 4}], [{8, 3}, {5, 7}, {4, 6}, {1, 2}], [{8, 3}, {5, 7}, {4, 6}, {2}, {1}], [{8, 3}, {6, 7}, {1, 5}, {2, 4}], [{8, 3}, {6, 7}, {2, 5}, {1, 4}], [{8, 3}, {6, 7}, {2, 5}, {4}, {1}], [{8, 3}, {6, 7}, {4, 5}, {1, 2}], [{8, 3}, {6, 7}, {4, 5}, {2}, {1}], [{8, 3}, {6, 7}, {5}, {2, 4}, {1}], [{8, 3}, {7}, {1, 6}, {2, 5}, {4}], [{8, 3}, {7}, {1, 6}, {4, 5}, {2}], [{8, 3}, {7}, {1, 6}, {5}, {2, 4}], [{8, 3}, {7}, {2, 6}, {1, 5}, {4}], [{8, 3}, {7}, {4, 6}, {2, 5}, {1}], [{8, 3}, {7}, {5, 6}, {4}, {1, 2}], [{8, 3}, {7}, {6}, {2, 5}, {1, 4}], [{8, 4}, {1, 7}, {2, 6}, {3, 5}], [{8, 4}, {1, 7}, {3, 6}, {2, 5}], [{8, 4}, {1, 7}, {5, 6}, {2, 3}], [{8, 4}, {1, 7}, {6}, {3, 5}, {2}], [{8, 4}, {2, 7}, {1, 6}, {3, 5}], [{8, 4}, {2, 7}, {3, 6}, {1, 5}], [{8, 4}, {2, 7}, {5, 6}, {1, 3}], [{8, 4}, {3, 7}, {1, 6}, {2, 5}], [{8, 4}, {3, 7}, {2, 6}, {1, 5}], [{8, 4}, {3, 7}, {5, 6}, {1, 2}], [{8, 4}, {5, 7}, {1, 6}, {2, 3}], [{8, 4}, {5, 7}, {2, 6}, {1, 3}], [{8, 4}, {5, 7}, {3, 6}, {1, 2}], [{8, 4}, {6, 7}, {1, 5}, {2, 3}], [{8, 4}, {6, 7}, {2, 5}, {1, 3}], [{8, 4}, {6, 7}, {3, 5}, {1, 2}], [{8, 5}, {1, 7}, {2, 6}, {3, 4}], [{8, 5}, {1, 7}, {3, 6}, {2, 4}], [{8, 5}, {1, 7}, {4, 6}, {2, 3}], [{8, 5}, {1, 7}, {6}, {2, 4}, {3}], [{8, 5}, {2, 7}, {1, 6}, {3, 4}], [{8, 5}, {2, 7}, {1, 6}, {4}, {3}], [{8, 5}, {2, 7}, {3, 6}, {1, 4}], [{8, 5}, {2, 7}, {3, 6}, {4}, {1}], [{8, 5}, {2, 7}, {4, 6}, {1, 3}], [{8, 5}, {2, 7}, {4, 6}, {3}, {1}], [{8, 5}, {2, 7}, {6}, {1, 4}, {3}], [{8, 5}, {2, 7}, {6}, {3, 4}, {1}], [{8, 5}, {2, 7}, {6}, {4}, {1, 3}], [{8, 5}, {3, 7}, {1, 6}, {2, 4}], [{8, 5}, {3, 7}, {2, 6}, {1, 4}], [{8, 5}, {3, 7}, {4, 6}, {1, 2}], [{8, 5}, {4, 7}, {1, 6}, {2, 3}], [{8, 5}, {4, 7}, {2, 6}, {1, 3}], [{8, 5}, {4, 7}, {3, 6}, {1, 2}], [{8, 5}, {6, 7}, {1, 4}, {2, 3}], [{8, 5}, {6, 7}, {2, 4}, {1, 3}], [{8, 5}, {6, 7}, {3, 4}, {1, 2}], [{8, 5}, {7}, {1, 6}, {3, 4}, {2}], [{8, 5}, {7}, {3, 6}, {1, 4}, {2}], [{8, 5}, {7}, {4, 6}, {1, 3}, {2}], [{8, 6}, {1, 7}, {2, 5}, {3, 4}], [{8, 6}, {1, 7}, {2, 5}, {4}, {3}], [{8, 6}, {1, 7}, {3, 5}, {2, 4}], [{8, 6}, {1, 7}, {4, 5}, {2, 3}], [{8, 6}, {1, 7}, {4, 5}, {3}, {2}], [{8, 6}, {1, 7}, {5}, {2, 4}, {3}], [{8, 6}, {2, 7}, {1, 5}, {3, 4}], [{8, 6}, {2, 7}, {3, 5}, {1, 4}], [{8, 6}, {2, 7}, {4, 5}, {1, 3}], [{8, 6}, {3, 7}, {1, 5}, {2, 4}], [{8, 6}, {3, 7}, {2, 5}, {1, 4}], [{8, 6}, {3, 7}, {4, 5}, {1, 2}], [{8, 6}, {4, 7}, {1, 5}, {2, 3}], [{8, 6}, {4, 7}, {2, 5}, {1, 3}], [{8, 6}, {4, 7}, {3, 5}, {1, 2}], [{8, 6}, {5, 7}, {1, 4}, {2, 3}], [{8, 6}, {5, 7}, {2, 4}, {1, 3}], [{8, 6}, {5, 7}, {3, 4}, {1, 2}], [{8, 6}, {5, 7}, {4}, {1, 3}, {2}], [{8, 6}, {7}, {1, 5}, {3, 4}, {2}], [{8, 7}, {1, 6}, {2, 5}, {3, 4}], [{8, 7}, {1, 6}, {3, 5}, {2, 4}], [{8, 7}, {1, 6}, {4, 5}, {2, 3}], [{8, 7}, {2, 6}, {1, 5}, {3, 4}], [{8, 7}, {2, 6}, {3, 5}, {1, 4}], [{8, 7}, {2, 6}, {4, 5}, {1, 3}], [{8, 7}, {3, 6}, {1, 5}, {2, 4}], [{8, 7}, {3, 6}, {2, 5}, {1, 4}], [{8, 7}, {3, 6}, {4, 5}, {1, 2}], [{8, 7}, {4, 6}, {1, 5}, {2, 3}], [{8, 7}, {4, 6}, {2, 5}, {1, 3}], [{8, 7}, {4, 6}, {3, 5}, {1, 2}], [{8, 7}, {4, 6}, {3, 5}, {2}, {1}], [{8, 7}, {5, 6}, {1, 4}, {2, 3}], [{8, 7}, {5, 6}, {2, 4}, {1, 3}], [{8, 7}, {5, 6}, {3, 4}, {1, 2}], [{8, 7}, {5, 6}, {4}, {1, 3}, {2}], [{8, 7}, {5, 6}, {4}, {2, 3}, {1}], [{8, 7}, {5, 6}, {4}, {3}, {1, 2}], [{8}, {1, 7}, {3, 6}, {2, 5}, {4}], [{8}, {1, 7}, {3, 6}, {4, 5}, {2}], [{8}, {1, 7}, {3, 6}, {5}, {2, 4}], [{8}, {1, 7}, {5, 6}, {2, 4}, {3}], [{8}, {1, 7}, {6}, {3, 5}, {2, 4}], [{8}, {2, 7}, {1, 6}, {5}, {3, 4}], [{8}, {2, 7}, {3, 6}, {5}, {1, 4}], [{8}, {2, 7}, {4, 6}, {1, 5}, {3}], [{8}, {2, 7}, {4, 6}, {3, 5}, {1}], [{8}, {2, 7}, {4, 6}, {5}, {1, 3}], [{8}, {2, 7}, {4, 6}, {5}, {3}, {1}], [{8}, {3, 7}, {2, 6}, {4, 5}, {1}], [{8}, {3, 7}, {4, 6}, {1, 5}, {2}], [{8}, {3, 7}, {5, 6}, {4}, {1, 2}], [{8}, {4, 7}, {1, 6}, {5}, {2, 3}], [{8}, {6, 7}, {2, 5}, {4}, {1, 3}], [{8}, {6, 7}, {4, 5}, {1, 3}, {2}], [{8}, {6, 7}, {4, 5}, {2, 3}, {1}], [{8}, {6, 7}, {4, 5}, {3}, {1, 2}], [{8}, {6, 7}, {5}, {2, 4}, {1, 3}], [{8}, {7}, {4, 6}, {1, 5}, {2, 3}]]",2,- 6 K_1^2 - 4 K_1 K_2 + 2 K_1 + 3 K_2 + 2 K_3 + 4,O1O2O3U4O5U1U5U6O7O4U8O6U3U2O8U7,O1O2O3U2O4U5U6U3O7U8O6O5U1O8U4U7,O1O2O3U4U5O6U3O7O8U6O4U1U8U7O5U2,c,{'O1O2O3U4O5U2U1O6U5O7O4U6U8U3O8U7'},1,"<a href=""/flatknot/8.1101911"">8.1101911</a>",t^9-27t^7-42t^6+66t^5+70t^4-33t^3+106t^2+5t-2,-t^2+2t,,
8.1101912,O1O2O3U4O5U2U1O6U5O7O4U6U8U7O8U3,4,6z^3+50z^2+117z+83,6w^4z^3+50w^3z^2+117w^2z+83w,False,False,"[[ 0 -1 -1  2  0  1 -1  1 -1],[ 1  0  0  2 -1  2  0 -1  1],[ 1  0  0  1  0  1  0 -1  1],[-2 -2 -1  0  0 -1 -1  1 -3],[ 0  1  0  0  0  1 -2  0  0],[-1 -2 -1  1 -1  0  1  1 -1],[ 1  0  0  1  2 -1  0  1  0],[-1  1  1 -1  0 -1 -1  0 -1],[ 1 -1 -1  3  0  1  0  1  0]]","[[ 0  2  1  1  0 -1 -1 -1 -1],[-2  0  1 -1  0 -1 -1 -2 -3],[-1 -1  0 -1  0  1 -1  1 -1],[-1  1  1  0 -1 -1  1 -2 -1],[ 0  0  0  1  0  0 -2  1  0],[ 1  1 -1  1  0  0  0  0  1],[ 1  1  1 -1  2  0  0  0  0],[ 1  2 -1  2 -1  0  0  0  1],[ 1  3  1  1  0 -1  0 -1  0]]",True,"[-2,-1,-1,0,1,1,1,1,-1,1,0,1,1,2,3,1,0,-1,1,-1,1,1,1,-1,2,1,0,2,-1,0,0,0,-1,0,0,-1]","[-2,-1,-1,0,1,1,1,1,-1,1,0,1,1,2,3,1,0,-1,1,-1,1,1,1,-1,2,1,0,2,-1,0,0,0,-1,0,0,-1]",t^8+37t^6+271t^4+259t^2+4,"[-1,-1,-1,-1,0,1,1,2,-1,0,0,1,1,3,2,0,1,1,1,1,0,0,-1,3,1,2,2,0,3,1,0,1,2,-1,0,2]","[-2,-1,-1,0,1,1,1,1,0,2,2,0,1,2,2,1,0,1,0,1,3,1,1,3,3,1,1,2,1,-1,-1,-1,0,0,0,0]","[-1,-1,-1,-1,0,1,1,2,-1,-1,0,0,1,1,3,0,0,-1,-1,2,2,0,0,-1,1,1,2,1,-1,1,0,1,0,-1,-1,1]",c,"[[{8, 4}, {2, 7}, {1, 6}, {3, 5}]]",1,4 K_1^3 - 2 K_1^2 - 4 K_1 K_2 - K_1 + K_2 + K_3 + 2,O1O2O3U1O4U5U4U6O7O5U8O6U3U2O8U7,O1O2O3U2O4U5U6U4O7U8O6O5U1O8U3U7,O1O2O3U4U1O5U3O6O7U5O4U8U7U6O8U2,c,{'O1O2O3U4O5U2U1O6U5O7O4U6U8U7O8U3'},1,"<a href=""/flatknot/8.1101912"">8.1101912</a>",t^9-35t^7-74t^6+92t^5+316t^4+167t^3-28t^2-38t-6,-t^2+2t,,
8.1101913,O1O2O3U4O5U2U1O6U5O7O4U7U8U6O8U3,4,4z^3+40z^2+105z+83,4w^4z^3+40w^3z^2+105w^2z+83w,False,False,"[[ 0 -1 -1  2  0  1  1 -1 -1],[ 1  0  0  2 -1  2  0 -1  1],[ 1  0  0  1  0  1  0 -1  1],[-2 -2 -1  0  0 -1  1 -1 -3],[ 0  1  0  0  0  1 -1 -1  0],[-1 -2 -1  1 -1  0  1  0 -2],[-1  0  0 -1  1 -1  0  0 -1],[ 1  1  1  1  1  0  0  0  1],[ 1 -1 -1  3  0  2  1 -1  0]]","[[ 0  2  1  1  0 -1 -1 -1 -1],[-2  0  1 -1  0 -1 -1 -2 -3],[-1 -1  0 -1  1  0  0  0 -1],[-1  1  1  0 -1  0 -1 -2 -2],[ 0  0 -1  1  0 -1  0  1  0],[ 1  1  0  0  1  0  1  1  1],[ 1  1  0  1  0 -1  0  0  1],[ 1  2  0  2 -1 -1  0  0  1],[ 1  3  1  2  0 -1 -1 -1  0]]",True,"[-2,-1,-1,0,1,1,1,1,-1,1,0,1,1,2,3,1,-1,0,0,0,1,1,0,1,2,2,1,0,-1,0,-1,-1,-1,0,-1,-1]","[-2,-1,-1,0,1,1,1,1,-1,1,0,1,1,2,3,1,-1,0,0,0,1,1,0,1,2,2,1,0,-1,0,-1,-1,-1,0,-1,-1]",t^8+37t^6+149t^4+83t^2+1,"[-1,-1,-1,-1,0,1,1,2,-1,-1,-1,0,2,2,2,-1,0,1,1,2,2,1,1,0,1,0,2,0,2,1,0,2,2,-1,0,2]","[-2,-1,-1,0,1,1,1,1,0,2,2,0,1,2,2,1,0,0,0,1,2,2,1,2,2,2,1,2,1,0,-1,-1,-1,0,-1,-1]","[-1,-1,-1,-1,0,1,1,2,-1,-1,-1,0,1,2,3,-1,0,-1,0,2,2,1,1,0,0,1,0,0,1,1,-1,1,0,-1,-1,1]",c,"[[{8, 1}, {2, 7}, {3, 6}, {4, 5}], [{8, 1}, {2, 7}, {4, 6}, {3, 5}], [{8, 1}, {2, 7}, {5, 6}, {3, 4}], [{8, 1}, {2, 7}, {6}, {4, 5}, {3}], [{8, 1}, {3, 7}, {2, 6}, {4, 5}], [{8, 1}, {3, 7}, {4, 6}, {2, 5}], [{8, 1}, {3, 7}, {5, 6}, {2, 4}], [{8, 1}, {3, 7}, {6}, {2, 5}, {4}], [{8, 1}, {4, 7}, {2, 6}, {3, 5}], [{8, 1}, {4, 7}, {2, 6}, {5}, {3}], [{8, 1}, {4, 7}, {3, 6}, {2, 5}], [{8, 1}, {4, 7}, {5, 6}, {2, 3}], [{8, 1}, {4, 7}, {6}, {3, 5}, {2}], [{8, 1}, {5, 7}, {2, 6}, {3, 4}], [{8, 1}, {5, 7}, {3, 6}, {2, 4}], [{8, 1}, {5, 7}, {4, 6}, {2, 3}], [{8, 1}, {6, 7}, {2, 5}, {3, 4}], [{8, 1}, {6, 7}, {3, 5}, {2, 4}], [{8, 1}, {6, 7}, {4, 5}, {2, 3}], [{8, 1}, {6, 7}, {5}, {2, 4}, {3}], [{8, 1}, {7}, {3, 6}, {4, 5}, {2}], [{8, 2}, {1, 7}, {3, 6}, {4, 5}], [{8, 2}, {1, 7}, {4, 6}, {3, 5}], [{8, 2}, {1, 7}, {5, 6}, {3, 4}], [{8, 2}, {1, 7}, {5, 6}, {4}, {3}], [{8, 2}, {3, 7}, {1, 6}, {4, 5}], [{8, 2}, {3, 7}, {4, 6}, {1, 5}], [{8, 2}, {3, 7}, {5, 6}, {1, 4}], [{8, 2}, {3, 7}, {6}, {1, 5}, {4}], [{8, 2}, {4, 7}, {1, 6}, {3, 5}], [{8, 2}, {4, 7}, {3, 6}, {1, 5}], [{8, 2}, {4, 7}, {3, 6}, {5}, {1}], [{8, 2}, {4, 7}, {5, 6}, {1, 3}], [{8, 2}, {5, 7}, {1, 6}, {3, 4}], [{8, 2}, {5, 7}, {1, 6}, {4}, {3}], [{8, 2}, {5, 7}, {3, 6}, {1, 4}], [{8, 2}, {5, 7}, {4, 6}, {1, 3}], [{8, 2}, {6, 7}, {1, 5}, {3, 4}], [{8, 2}, {6, 7}, {3, 5}, {1, 4}], [{8, 2}, {6, 7}, {4, 5}, {1, 3}], [{8, 2}, {6, 7}, {5}, {4}, {1, 3}], [{8, 3}, {1, 7}, {2, 6}, {4, 5}], [{8, 3}, {1, 7}, {2, 6}, {5}, {4}], [{8, 3}, {1, 7}, {4, 6}, {2, 5}], [{8, 3}, {1, 7}, {5, 6}, {2, 4}], [{8, 3}, {1, 7}, {5, 6}, {4}, {2}], [{8, 3}, {1, 7}, {6}, {2, 5}, {4}], [{8, 3}, {2, 7}, {1, 6}, {4, 5}], [{8, 3}, {2, 7}, {4, 6}, {1, 5}], [{8, 3}, {2, 7}, {5, 6}, {1, 4}], [{8, 3}, {4, 7}, {1, 6}, {2, 5}], [{8, 3}, {4, 7}, {1, 6}, {5}, {2}], [{8, 3}, {4, 7}, {2, 6}, {1, 5}], [{8, 3}, {4, 7}, {2, 6}, {5}, {1}], [{8, 3}, {4, 7}, {5, 6}, {1, 2}], [{8, 3}, {4, 7}, {5, 6}, {2}, {1}], [{8, 3}, {4, 7}, {6}, {1, 5}, {2}], [{8, 3}, {4, 7}, {6}, {2, 5}, {1}], [{8, 3}, {4, 7}, {6}, {5}, {1, 2}], [{8, 3}, {4, 7}, {6}, {5}, {2}, {1}], [{8, 3}, {5, 7}, {1, 6}, {2, 4}], [{8, 3}, {5, 7}, {1, 6}, {4}, {2}], [{8, 3}, {5, 7}, {2, 6}, {1, 4}], [{8, 3}, {5, 7}, {4, 6}, {1, 2}], [{8, 3}, {6, 7}, {1, 5}, {2, 4}], [{8, 3}, {6, 7}, {2, 5}, {1, 4}], [{8, 3}, {6, 7}, {4, 5}, {1, 2}], [{8, 3}, {7}, {1, 6}, {4, 5}, {2}], [{8, 3}, {7}, {2, 6}, {5}, {1, 4}], [{8, 3}, {7}, {5, 6}, {1, 4}, {2}], [{8, 3}, {7}, {6}, {2, 5}, {1, 4}], [{8, 4}, {1, 7}, {2, 6}, {3, 5}], [{8, 4}, {1, 7}, {3, 6}, {2, 5}], [{8, 4}, {1, 7}, {5, 6}, {2, 3}], [{8, 4}, {1, 7}, {5, 6}, {3}, {2}], [{8, 4}, {2, 7}, {1, 6}, {3, 5}], [{8, 4}, {2, 7}, {3, 6}, {1, 5}], [{8, 4}, {2, 7}, {5, 6}, {1, 3}], [{8, 4}, {3, 7}, {1, 6}, {2, 5}], [{8, 4}, {3, 7}, {1, 6}, {5}, {2}], [{8, 4}, {3, 7}, {2, 6}, {1, 5}], [{8, 4}, {3, 7}, {5, 6}, {1, 2}], [{8, 4}, {3, 7}, {6}, {2, 5}, {1}], [{8, 4}, {5, 7}, {1, 6}, {2, 3}], [{8, 4}, {5, 7}, {2, 6}, {1, 3}], [{8, 4}, {5, 7}, {3, 6}, {1, 2}], [{8, 4}, {5, 7}, {6}, {2, 3}, {1}], [{8, 4}, {6, 7}, {1, 5}, {2, 3}], [{8, 4}, {6, 7}, {2, 5}, {1, 3}], [{8, 4}, {6, 7}, {3, 5}, {1, 2}], [{8, 4}, {7}, {2, 6}, {5}, {1, 3}], [{8, 5}, {1, 7}, {2, 6}, {3, 4}], [{8, 5}, {1, 7}, {3, 6}, {2, 4}], [{8, 5}, {1, 7}, {4, 6}, {2, 3}], [{8, 5}, {2, 7}, {1, 6}, {3, 4}], [{8, 5}, {2, 7}, {3, 6}, {1, 4}], [{8, 5}, {2, 7}, {4, 6}, {1, 3}], [{8, 5}, {2, 7}, {6}, {4}, {1, 3}], [{8, 5}, {3, 7}, {1, 6}, {2, 4}], [{8, 5}, {3, 7}, {2, 6}, {1, 4}], [{8, 5}, {3, 7}, {4, 6}, {1, 2}], [{8, 5}, {3, 7}, {6}, {4}, {1, 2}], [{8, 5}, {4, 7}, {1, 6}, {2, 3}], [{8, 5}, {4, 7}, {2, 6}, {1, 3}], [{8, 5}, {4, 7}, {2, 6}, {3}, {1}], [{8, 5}, {4, 7}, {3, 6}, {1, 2}], [{8, 5}, {4, 7}, {6}, {1, 3}, {2}], [{8, 5}, {6, 7}, {1, 4}, {2, 3}], [{8, 5}, {6, 7}, {2, 4}, {1, 3}], [{8, 5}, {6, 7}, {3, 4}, {1, 2}], [{8, 5}, {7}, {6}, {2, 4}, {1, 3}], [{8, 6}, {1, 7}, {2, 5}, {3, 4}], [{8, 6}, {1, 7}, {3, 5}, {2, 4}], [{8, 6}, {1, 7}, {4, 5}, {2, 3}], [{8, 6}, {2, 7}, {1, 5}, {3, 4}], [{8, 6}, {2, 7}, {3, 5}, {1, 4}], [{8, 6}, {2, 7}, {4, 5}, {1, 3}], [{8, 6}, {2, 7}, {4, 5}, {3}, {1}], [{8, 6}, {2, 7}, {5}, {4}, {1, 3}], [{8, 6}, {3, 7}, {1, 5}, {2, 4}], [{8, 6}, {3, 7}, {2, 5}, {1, 4}], [{8, 6}, {3, 7}, {4, 5}, {1, 2}], [{8, 6}, {3, 7}, {5}, {1, 4}, {2}], [{8, 6}, {3, 7}, {5}, {2, 4}, {1}], [{8, 6}, {3, 7}, {5}, {4}, {1, 2}], [{8, 6}, {4, 7}, {1, 5}, {2, 3}], [{8, 6}, {4, 7}, {2, 5}, {1, 3}], [{8, 6}, {4, 7}, {3, 5}, {1, 2}], [{8, 6}, {4, 7}, {5}, {2, 3}, {1}], [{8, 6}, {5, 7}, {1, 4}, {2, 3}], [{8, 6}, {5, 7}, {2, 4}, {1, 3}], [{8, 6}, {5, 7}, {2, 4}, {3}, {1}], [{8, 6}, {5, 7}, {3, 4}, {1, 2}], [{8, 6}, {7}, {1, 5}, {3, 4}, {2}], [{8, 6}, {7}, {2, 5}, {1, 4}, {3}], [{8, 6}, {7}, {3, 5}, {2, 4}, {1}], [{8, 7}, {1, 6}, {2, 5}, {3, 4}], [{8, 7}, {1, 6}, {3, 5}, {2, 4}], [{8, 7}, {1, 6}, {4, 5}, {2, 3}], [{8, 7}, {2, 6}, {1, 5}, {3, 4}], [{8, 7}, {2, 6}, {3, 5}, {1, 4}], [{8, 7}, {2, 6}, {4, 5}, {1, 3}], [{8, 7}, {2, 6}, {5}, {4}, {1, 3}], [{8, 7}, {3, 6}, {1, 5}, {2, 4}], [{8, 7}, {3, 6}, {2, 5}, {1, 4}], [{8, 7}, {3, 6}, {4, 5}, {1, 2}], [{8, 7}, {4, 6}, {1, 5}, {2, 3}], [{8, 7}, {4, 6}, {2, 5}, {1, 3}], [{8, 7}, {4, 6}, {3, 5}, {1, 2}], [{8, 7}, {4, 6}, {5}, {1, 3}, {2}], [{8, 7}, {5, 6}, {1, 4}, {2, 3}], [{8, 7}, {5, 6}, {2, 4}, {1, 3}], [{8, 7}, {5, 6}, {3, 4}, {1, 2}], [{8, 7}, {6}, {2, 5}, {1, 4}, {3}], [{8, 7}, {6}, {4, 5}, {2, 3}, {1}], [{8, 7}, {6}, {5}, {2, 4}, {1, 3}], [{8}, {1, 7}, {5, 6}, {2, 4}, {3}], [{8}, {1, 7}, {5, 6}, {3, 4}, {2}], [{8}, {1, 7}, {5, 6}, {4}, {2, 3}], [{8}, {1, 7}, {5, 6}, {4}, {3}, {2}], [{8}, {2, 7}, {1, 6}, {4, 5}, {3}], [{8}, {2, 7}, {3, 6}, {5}, {1, 4}], [{8}, {2, 7}, {4, 6}, {3, 5}, {1}], [{8}, {2, 7}, {5, 6}, {4}, {1, 3}], [{8}, {2, 7}, {6}, {1, 5}, {3, 4}], [{8}, {3, 7}, {2, 6}, {4, 5}, {1}], [{8}, {3, 7}, {5, 6}, {4}, {1, 2}], [{8}, {3, 7}, {6}, {2, 5}, {1, 4}], [{8}, {4, 7}, {2, 6}, {1, 5}, {3}], [{8}, {4, 7}, {2, 6}, {3, 5}, {1}], [{8}, {4, 7}, {2, 6}, {5}, {1, 3}], [{8}, {4, 7}, {2, 6}, {5}, {3}, {1}], [{8}, {5, 7}, {1, 6}, {4}, {2, 3}], [{8}, {5, 7}, {2, 6}, {3, 4}, {1}], [{8}, {5, 7}, {3, 6}, {1, 4}, {2}], [{8}, {5, 7}, {4, 6}, {3}, {1, 2}], [{8}, {5, 7}, {6}, {2, 4}, {1, 3}], [{8}, {6, 7}, {2, 5}, {1, 4}, {3}], [{8}, {6, 7}, {4, 5}, {1, 3}, {2}], [{8}, {6, 7}, {5}, {3, 4}, {1, 2}], [{8}, {7}, {1, 6}, {2, 5}, {3, 4}], [{8}, {7}, {3, 6}, {2, 5}, {1, 4}], [{8}, {7}, {4, 6}, {2, 5}, {1, 3}], [{8}, {7}, {6}, {2, 5}, {1, 4}, {3}]]",2,4 K_1^3 - 2 K_1^2 - 4 K_1 K_2 - K_1 + K_2 + K_3 + 2,O1O2O3U1O4U5U4U6O7O6U8O5U3U2O8U7,O1O2O3U2O4U5U6U4O7U8O6O5U3O8U1U7,O1O2O3U4U3O5U1O6O7U5O4U8U7U6O8U2,c,{'O1O2O3U4O5U2U1O6U5O7O4U7U8U6O8U3'},1,"<a href=""/flatknot/8.1101913"">8.1101913</a>",t^9-35t^7-88t^6+10t^5+154t^4+58t^3-22t^2-28t,-t^2+2t,,
8.1101914,O1O2O3U4O5U2U1O6U5O7O4U8U3U6O8U7,4,3z^3+27z^2+87z+91,3w^4z^3+27w^3z^2+87w^2z+91w,False,False,"[[ 0 -1 -1  1  0  1  1  1 -2],[ 1  0  0  2 -1  2  1  0  0],[ 1  0  0  1  0  1  1  0  0],[-1 -2 -1  0 -1  0  1  0 -2],[ 0  1  0  1  0  1  0  0 -1],[-1 -2 -1  0 -1  0  1  1 -2],[-1 -1 -1 -1  0 -1  0  0 -1],[-1  0  0  0  0 -1  0  0 -1],[ 2  0  0  2  1  2  1  1  0]]","[[ 0  1  1  1  1  0 -1 -1 -2],[-1  0  1  1  0 -1 -1 -2 -2],[-1 -1  0  0  0  0  0  0 -1],[-1 -1  0  0 -1  0 -1 -1 -1],[-1  0  0  1  0 -1 -1 -2 -2],[ 0  1  0  0  1  0  0  1 -1],[ 1  1  0  1  1  0  0  0  0],[ 1  2  0  1  2 -1  0  0  0],[ 2  2  1  1  2  1  0  0  0]]",True,"[-1,-1,-1,-1,0,1,1,2,-1,-1,0,1,1,2,2,0,0,0,0,0,1,1,0,1,1,1,1,1,2,2,0,-1,1,0,0,0]","[-2,-1,-1,0,1,1,1,1,0,0,1,1,1,2,2,0,-1,0,1,2,2,0,0,1,1,1,0,0,1,1,0,-1,0,-1,-1,0]",t^8+29t^6+89t^4+48t^2+4,"[-2,-1,-1,0,1,1,1,1,1,1,1,1,1,2,2,0,1,1,1,1,2,2,0,0,1,2,0,0,1,1,0,-1,-1,-1,0,0]","[-1,-1,-1,-1,0,1,1,2,-1,-1,0,1,1,1,2,0,0,0,0,1,1,1,0,0,1,1,1,2,2,2,2,1,1,0,1,1]","[-2,-1,-1,0,1,1,1,1,0,0,1,1,1,2,2,0,-1,0,1,2,2,0,0,1,1,1,0,0,1,1,0,-1,0,-1,-1,0]",c,"[[{8, 1}, {2, 7}, {3, 6}, {4, 5}], [{8, 1}, {2, 7}, {4, 6}, {3, 5}], [{8, 1}, {2, 7}, {5, 6}, {3, 4}], [{8, 1}, {3, 7}, {2, 6}, {4, 5}], [{8, 1}, {3, 7}, {4, 6}, {2, 5}], [{8, 1}, {3, 7}, {5, 6}, {2, 4}], [{8, 1}, {3, 7}, {6}, {2, 5}, {4}], [{8, 1}, {4, 7}, {2, 6}, {3, 5}], [{8, 1}, {4, 7}, {3, 6}, {2, 5}], [{8, 1}, {4, 7}, {5, 6}, {2, 3}], [{8, 1}, {4, 7}, {6}, {5}, {2, 3}], [{8, 1}, {5, 7}, {2, 6}, {3, 4}], [{8, 1}, {5, 7}, {3, 6}, {2, 4}], [{8, 1}, {5, 7}, {4, 6}, {2, 3}], [{8, 1}, {5, 7}, {6}, {2, 4}, {3}], [{8, 1}, {5, 7}, {6}, {3, 4}, {2}], [{8, 1}, {5, 7}, {6}, {4}, {2, 3}], [{8, 1}, {6, 7}, {2, 5}, {3, 4}], [{8, 1}, {6, 7}, {3, 5}, {2, 4}], [{8, 1}, {6, 7}, {3, 5}, {4}, {2}], [{8, 1}, {6, 7}, {4, 5}, {2, 3}], [{8, 1}, {7}, {2, 6}, {4, 5}, {3}], [{8, 1}, {7}, {3, 6}, {4, 5}, {2}], [{8, 1}, {7}, {4, 6}, {2, 5}, {3}], [{8, 1}, {7}, {6}, {4, 5}, {2, 3}], [{8, 2}, {1, 7}, {3, 6}, {4, 5}], [{8, 2}, {1, 7}, {4, 6}, {3, 5}], [{8, 2}, {1, 7}, {4, 6}, {5}, {3}], [{8, 2}, {1, 7}, {5, 6}, {3, 4}], [{8, 2}, {3, 7}, {1, 6}, {4, 5}], [{8, 2}, {3, 7}, {4, 6}, {1, 5}], [{8, 2}, {3, 7}, {5, 6}, {1, 4}], [{8, 2}, {4, 7}, {1, 6}, {3, 5}], [{8, 2}, {4, 7}, {3, 6}, {1, 5}], [{8, 2}, {4, 7}, {5, 6}, {1, 3}], [{8, 2}, {4, 7}, {6}, {1, 5}, {3}], [{8, 2}, {5, 7}, {1, 6}, {3, 4}], [{8, 2}, {5, 7}, {3, 6}, {1, 4}], [{8, 2}, {5, 7}, {4, 6}, {1, 3}], [{8, 2}, {6, 7}, {1, 5}, {3, 4}], [{8, 2}, {6, 7}, {3, 5}, {1, 4}], [{8, 2}, {6, 7}, {3, 5}, {4}, {1}], [{8, 2}, {6, 7}, {4, 5}, {1, 3}], [{8, 2}, {7}, {1, 6}, {4, 5}, {3}], [{8, 2}, {7}, {3, 6}, {4, 5}, {1}], [{8, 2}, {7}, {6}, {4, 5}, {1, 3}], [{8, 3}, {1, 7}, {2, 6}, {4, 5}], [{8, 3}, {1, 7}, {2, 6}, {5}, {4}], [{8, 3}, {1, 7}, {4, 6}, {2, 5}], [{8, 3}, {1, 7}, {4, 6}, {5}, {2}], [{8, 3}, {1, 7}, {5, 6}, {2, 4}], [{8, 3}, {1, 7}, {6}, {5}, {2, 4}], [{8, 3}, {2, 7}, {1, 6}, {4, 5}], [{8, 3}, {2, 7}, {4, 6}, {1, 5}], [{8, 3}, {2, 7}, {5, 6}, {1, 4}], [{8, 3}, {4, 7}, {1, 6}, {2, 5}], [{8, 3}, {4, 7}, {2, 6}, {1, 5}], [{8, 3}, {4, 7}, {5, 6}, {1, 2}], [{8, 3}, {4, 7}, {6}, {2, 5}, {1}], [{8, 3}, {5, 7}, {1, 6}, {2, 4}], [{8, 3}, {5, 7}, {2, 6}, {1, 4}], [{8, 3}, {5, 7}, {4, 6}, {1, 2}], [{8, 3}, {6, 7}, {1, 5}, {2, 4}], [{8, 3}, {6, 7}, {1, 5}, {4}, {2}], [{8, 3}, {6, 7}, {2, 5}, {1, 4}], [{8, 3}, {6, 7}, {4, 5}, {1, 2}], [{8, 3}, {6, 7}, {5}, {2, 4}, {1}], [{8, 3}, {7}, {1, 6}, {2, 5}, {4}], [{8, 3}, {7}, {1, 6}, {4, 5}, {2}], [{8, 3}, {7}, {1, 6}, {5}, {2, 4}], [{8, 3}, {7}, {2, 6}, {4, 5}, {1}], [{8, 3}, {7}, {6}, {4, 5}, {1, 2}], [{8, 4}, {1, 7}, {2, 6}, {3, 5}], [{8, 4}, {1, 7}, {3, 6}, {2, 5}], [{8, 4}, {1, 7}, {5, 6}, {2, 3}], [{8, 4}, {1, 7}, {5, 6}, {3}, {2}], [{8, 4}, {1, 7}, {6}, {5}, {2, 3}], [{8, 4}, {2, 7}, {1, 6}, {3, 5}], [{8, 4}, {2, 7}, {1, 6}, {5}, {3}], [{8, 4}, {2, 7}, {3, 6}, {1, 5}], [{8, 4}, {2, 7}, {3, 6}, {5}, {1}], [{8, 4}, {2, 7}, {5, 6}, {1, 3}], [{8, 4}, {2, 7}, {5, 6}, {3}, {1}], [{8, 4}, {2, 7}, {6}, {1, 5}, {3}], [{8, 4}, {2, 7}, {6}, {3, 5}, {1}], [{8, 4}, {2, 7}, {6}, {5}, {1, 3}], [{8, 4}, {2, 7}, {6}, {5}, {3}, {1}], [{8, 4}, {3, 7}, {1, 6}, {2, 5}], [{8, 4}, {3, 7}, {2, 6}, {1, 5}], [{8, 4}, {3, 7}, {5, 6}, {1, 2}], [{8, 4}, {3, 7}, {5, 6}, {2}, {1}], [{8, 4}, {3, 7}, {6}, {5}, {1, 2}], [{8, 4}, {5, 7}, {1, 6}, {2, 3}], [{8, 4}, {5, 7}, {2, 6}, {1, 3}], [{8, 4}, {5, 7}, {2, 6}, {3}, {1}], [{8, 4}, {5, 7}, {3, 6}, {1, 2}], [{8, 4}, {6, 7}, {1, 5}, {2, 3}], [{8, 4}, {6, 7}, {2, 5}, {1, 3}], [{8, 4}, {6, 7}, {2, 5}, {3}, {1}], [{8, 4}, {6, 7}, {3, 5}, {1, 2}], [{8, 4}, {7}, {5, 6}, {1, 3}, {2}], [{8, 4}, {7}, {5, 6}, {2, 3}, {1}], [{8, 4}, {7}, {5, 6}, {3}, {1, 2}], [{8, 4}, {7}, {5, 6}, {3}, {2}, {1}], [{8, 5}, {1, 7}, {2, 6}, {3, 4}], [{8, 5}, {1, 7}, {2, 6}, {4}, {3}], [{8, 5}, {1, 7}, {3, 6}, {2, 4}], [{8, 5}, {1, 7}, {3, 6}, {4}, {2}], [{8, 5}, {1, 7}, {4, 6}, {2, 3}], [{8, 5}, {1, 7}, {4, 6}, {3}, {2}], [{8, 5}, {1, 7}, {6}, {2, 4}, {3}], [{8, 5}, {1, 7}, {6}, {3, 4}, {2}], [{8, 5}, {1, 7}, {6}, {4}, {2, 3}], [{8, 5}, {1, 7}, {6}, {4}, {3}, {2}], [{8, 5}, {2, 7}, {1, 6}, {3, 4}], [{8, 5}, {2, 7}, {3, 6}, {1, 4}], [{8, 5}, {2, 7}, {4, 6}, {1, 3}], [{8, 5}, {2, 7}, {4, 6}, {3}, {1}], [{8, 5}, {2, 7}, {6}, {4}, {1, 3}], [{8, 5}, {3, 7}, {1, 6}, {2, 4}], [{8, 5}, {3, 7}, {2, 6}, {1, 4}], [{8, 5}, {3, 7}, {4, 6}, {1, 2}], [{8, 5}, {3, 7}, {4, 6}, {2}, {1}], [{8, 5}, {3, 7}, {6}, {4}, {1, 2}], [{8, 5}, {4, 7}, {1, 6}, {2, 3}], [{8, 5}, {4, 7}, {2, 6}, {1, 3}], [{8, 5}, {4, 7}, {3, 6}, {1, 2}], [{8, 5}, {6, 7}, {1, 4}, {2, 3}], [{8, 5}, {6, 7}, {2, 4}, {1, 3}], [{8, 5}, {6, 7}, {3, 4}, {1, 2}], [{8, 5}, {6, 7}, {3, 4}, {2}, {1}], [{8, 5}, {7}, {1, 6}, {3, 4}, {2}], [{8, 5}, {7}, {4, 6}, {1, 3}, {2}], [{8, 5}, {7}, {4, 6}, {2, 3}, {1}], [{8, 5}, {7}, {4, 6}, {3}, {1, 2}], [{8, 6}, {1, 7}, {2, 5}, {3, 4}], [{8, 6}, {1, 7}, {3, 5}, {2, 4}], [{8, 6}, {1, 7}, {4, 5}, {2, 3}], [{8, 6}, {1, 7}, {4, 5}, {3}, {2}], [{8, 6}, {1, 7}, {5}, {4}, {2, 3}], [{8, 6}, {2, 7}, {1, 5}, {3, 4}], [{8, 6}, {2, 7}, {3, 5}, {1, 4}], [{8, 6}, {2, 7}, {4, 5}, {1, 3}], [{8, 6}, {2, 7}, {4, 5}, {3}, {1}], [{8, 6}, {2, 7}, {5}, {4}, {1, 3}], [{8, 6}, {3, 7}, {1, 5}, {2, 4}], [{8, 6}, {3, 7}, {1, 5}, {4}, {2}], [{8, 6}, {3, 7}, {2, 5}, {1, 4}], [{8, 6}, {3, 7}, {2, 5}, {4}, {1}], [{8, 6}, {3, 7}, {4, 5}, {1, 2}], [{8, 6}, {3, 7}, {4, 5}, {2}, {1}], [{8, 6}, {3, 7}, {5}, {1, 4}, {2}], [{8, 6}, {3, 7}, {5}, {2, 4}, {1}], [{8, 6}, {3, 7}, {5}, {4}, {1, 2}], [{8, 6}, {3, 7}, {5}, {4}, {2}, {1}], [{8, 6}, {4, 7}, {1, 5}, {2, 3}], [{8, 6}, {4, 7}, {2, 5}, {1, 3}], [{8, 6}, {4, 7}, {3, 5}, {1, 2}], [{8, 6}, {4, 7}, {3, 5}, {2}, {1}], [{8, 6}, {5, 7}, {1, 4}, {2, 3}], [{8, 6}, {5, 7}, {2, 4}, {1, 3}], [{8, 6}, {5, 7}, {3, 4}, {1, 2}], [{8, 6}, {5, 7}, {3, 4}, {2}, {1}], [{8, 6}, {7}, {4, 5}, {1, 3}, {2}], [{8, 6}, {7}, {4, 5}, {2, 3}, {1}], [{8, 6}, {7}, {4, 5}, {3}, {1, 2}], [{8, 6}, {7}, {4, 5}, {3}, {2}, {1}], [{8, 7}, {1, 6}, {2, 5}, {3, 4}], [{8, 7}, {1, 6}, {2, 5}, {4}, {3}], [{8, 7}, {1, 6}, {3, 5}, {2, 4}], [{8, 7}, {1, 6}, {4, 5}, {2, 3}], [{8, 7}, {1, 6}, {5}, {3, 4}, {2}], [{8, 7}, {2, 6}, {1, 5}, {3, 4}], [{8, 7}, {2, 6}, {3, 5}, {1, 4}], [{8, 7}, {2, 6}, {4, 5}, {1, 3}], [{8, 7}, {3, 6}, {1, 5}, {2, 4}], [{8, 7}, {3, 6}, {2, 5}, {1, 4}], [{8, 7}, {3, 6}, {4, 5}, {1, 2}], [{8, 7}, {4, 6}, {1, 5}, {2, 3}], [{8, 7}, {4, 6}, {2, 5}, {1, 3}], [{8, 7}, {4, 6}, {2, 5}, {3}, {1}], [{8, 7}, {4, 6}, {3, 5}, {1, 2}], [{8, 7}, {5, 6}, {1, 4}, {2, 3}], [{8, 7}, {5, 6}, {2, 4}, {1, 3}], [{8, 7}, {5, 6}, {3, 4}, {1, 2}], [{8, 7}, {6}, {1, 5}, {2, 4}, {3}], [{8, 7}, {6}, {2, 5}, {1, 4}, {3}], [{8, 7}, {6}, {4, 5}, {1, 3}, {2}], [{8, 7}, {6}, {4, 5}, {2, 3}, {1}], [{8, 7}, {6}, {4, 5}, {3}, {1, 2}], [{8}, {1, 7}, {2, 6}, {3, 5}, {4}], [{8}, {1, 7}, {4, 6}, {2, 5}, {3}], [{8}, {1, 7}, {4, 6}, {3, 5}, {2}], [{8}, {1, 7}, {4, 6}, {5}, {2, 3}], [{8}, {1, 7}, {4, 6}, {5}, {3}, {2}], [{8}, {1, 7}, {5, 6}, {4}, {2, 3}], [{8}, {1, 7}, {6}, {3, 5}, {2, 4}], [{8}, {1, 7}, {6}, {4, 5}, {2, 3}], [{8}, {2, 7}, {4, 6}, {5}, {1, 3}], [{8}, {2, 7}, {5, 6}, {4}, {1, 3}], [{8}, {2, 7}, {6}, {4, 5}, {1, 3}], [{8}, {3, 7}, {1, 6}, {2, 5}, {4}], [{8}, {3, 7}, {4, 6}, {5}, {1, 2}], [{8}, {3, 7}, {5, 6}, {4}, {1, 2}], [{8}, {3, 7}, {6}, {4, 5}, {1, 2}], [{8}, {5, 7}, {1, 6}, {3, 4}, {2}], [{8}, {6, 7}, {3, 5}, {4}, {1, 2}], [{8}, {6, 7}, {4, 5}, {1, 3}, {2}], [{8}, {6, 7}, {4, 5}, {2, 3}, {1}], [{8}, {6, 7}, {4, 5}, {3}, {1, 2}], [{8}, {6, 7}, {5}, {3, 4}, {1, 2}], [{8}, {7}, {1, 6}, {4, 5}, {2, 3}], [{8}, {7}, {2, 6}, {4, 5}, {1, 3}], [{8}, {7}, {3, 6}, {4, 5}, {1, 2}], [{8}, {7}, {6}, {4, 5}, {1, 3}, {2}], [{8}, {7}, {6}, {4, 5}, {2, 3}, {1}], [{8}, {7}, {6}, {4, 5}, {3}, {1, 2}]]",2,- 6 K_1^2 - 4 K_1 K_2 + 2 K_1 + 3 K_2 + 2 K_3 + 4,O1O2O3U4O5U6U1U5O7O4U8O6U3U2O8U7,O1O2O3U1O4U5U6U2O7U8O6O5U3O8U4U7,O1O2O3U4U5O6U1O7O8U6O4U2U8U7O5U3,c,{'O1O2O3U4O5U2U1O6U5O7O4U8U3U6O8U7'},1,"<a href=""/flatknot/8.1101914"">8.1101914</a>",t^9-31t^7-34t^6+56t^5+28t^4-40t^3-4t^2+12t+4,t^2-2t,,
8.1101915,O1O2O3U4O5U2U1O6U5O7O4U8U6U3O8U7,4,5z^3+39z^2+109z+103,5w^4z^3+39w^3z^2+109w^2z+103w,False,False,"[[ 0 -1 -1  2  0  1  0  1 -2],[ 1  0  0  2 -1  2  0  0  0],[ 1  0  0  1  0  1  0  0  0],[-2 -2 -1  0 -1 -1  0  0 -3],[ 0  1  0  1  0  1 -1  0 -1],[-1 -2 -1  1 -1  0  1  1 -2],[ 0  0  0  0  1 -1  0  0  0],[-1  0  0  0  0 -1  0  0 -1],[ 2  0  0  3  1  2  0  1  0]]","[[ 0  2  1  1  0  0 -1 -1 -2],[-2  0  0 -1  0 -1 -1 -2 -3],[-1  0  0 -1  0  0  0  0 -1],[-1  1  1  0  1 -1 -1 -2 -2],[ 0  0  0 -1  0  1  0  0  0],[ 0  1  0  1 -1  0  0  1 -1],[ 1  1  0  1  0  0  0  0  0],[ 1  2  0  2  0 -1  0  0  0],[ 2  3  1  2  0  1  0  0  0]]",True,"[-2,-1,-1,0,0,1,1,2,0,1,0,1,1,2,3,1,0,0,0,0,1,-1,1,1,2,2,-1,0,0,0,0,-1,1,0,0,0]","[-2,-1,-1,0,0,1,1,2,0,0,0,1,1,2,3,0,0,-1,0,2,2,0,0,0,1,1,1,0,-1,0,0,1,1,-1,0,1]",t^8+32t^6+128t^4+49t^2+1,"[-2,-1,-1,0,0,1,1,2,1,1,1,2,1,2,1,0,1,1,1,2,2,2,1,0,2,1,1,0,1,1,2,1,2,-1,0,1]","[-2,-1,-1,0,0,1,1,2,0,1,1,2,1,2,1,1,0,2,0,1,1,1,1,2,2,2,-1,2,1,1,1,1,2,0,1,1]","[-2,-1,-1,0,0,1,1,2,0,0,0,1,1,2,3,0,0,-1,0,2,2,0,0,0,1,1,1,0,-1,0,0,1,1,-1,0,1]",c,"[[{8, 3}, {1, 7}, {4, 6}, {2, 5}], [{8, 3}, {2, 7}, {4, 6}, {1, 5}], [{8, 4}, {2, 7}, {3, 6}, {1, 5}], [{8, 6}, {2, 7}, {1, 5}, {3, 4}]]",1,- 4 K_1^2 - 4 K_1 K_2 + 2 K_1 + 2 K_2 + 2 K_3 + 3,O1O2O3U4O5U1U6U5O7O4U8O6U3U2O8U7,O1O2O3U1O4U5U6U3O7U8O6O5U2O8U4U7,O1O2O3U4U5O6U2O7O8U6O4U1U8U7O5U3,c,{'O1O2O3U4O5U2U1O6U5O7O4U8U6U3O8U7'},1,"<a href=""/flatknot/8.1101915"">8.1101915</a>",t^9-32t^7-42t^6+56t^5+52t^4-40t^3-6t^2+5t,0,,
8.1101916,O1O2O3U4O5U2U1O6U7O8O4U6U8U3O7U5,4,4z^3+35z^2+100z+93,4w^4z^3+35w^3z^2+100w^2z+93w,False,False,"[[ 0 -1 -1  2  0  2 -1 -1  0],[ 1  0  0  1  0  2 -1  1 -1],[ 1  0  0  0  1  1 -1  1 -1],[-2 -1  0  0  0 -1 -2 -2  0],[ 0  0 -1  0  0  1 -1  0 -1],[-2 -2 -1  1 -1  0  0 -3  1],[ 1  1  1  2  1  0  0  0  1],[ 1 -1 -1  2  0  3  0  0  0],[ 0  1  1  0  1 -1 -1  0  0]]","[[ 0  2  2  0  0 -1 -1 -1 -1],[-2  0  1  1 -1  0 -1 -2 -3],[-2 -1  0  0  0 -2  0 -1 -2],[ 0 -1  0  0  1 -1  1  1  0],[ 0  1  0 -1  0 -1 -1  0  0],[ 1  0  2  1  1  0  1  1  0],[ 1  1  0 -1  1 -1  0  0  1],[ 1  2  1 -1  0 -1  0  0  1],[ 1  3  2  0  0  0 -1 -1  0]]",True,"[-2,-2,0,0,1,1,1,1,-1,-1,1,0,1,2,3,0,0,2,0,1,2,-1,1,-1,-1,0,1,1,0,0,-1,-1,0,0,-1,-1]","[-2,-2,0,0,1,1,1,1,-1,-1,1,0,1,2,3,0,0,2,0,1,2,-1,1,-1,-1,0,1,1,0,0,-1,-1,0,0,-1,-1]",t^8+36t^6+276t^4+160t^2+4,"[-1,-1,-1,-1,0,0,2,2,-1,-1,0,0,0,1,3,0,-1,0,2,3,2,-1,1,2,2,1,1,1,1,0,1,2,1,2,3,1]","[-2,-2,0,0,1,1,1,1,-1,2,2,1,1,2,3,1,3,0,3,1,2,-1,1,0,1,0,1,0,2,2,0,-1,-1,1,1,0]","[-1,-1,-1,-1,0,0,2,2,-1,-1,0,0,0,2,3,0,-1,-1,0,1,2,-1,-1,1,0,1,1,1,2,0,1,0,-1,0,1,-1]",c,"[[{8, 7}, {1, 6}, {2, 5}, {3, 4}]]",1,4 K_1^3 - 4 K_1^2 - 8 K_1 K_2 + K_1 + 2 K_2 + 3 K_3 + 3,O1O2O3U4O5U1U6U7O8O6U5O7U3U2O4U8,O1O2O3U4O5U6U7U3O8U5O7O6U1O4U2U8,O1O2O3U4U2O5U3O6O7U8O4U1U7U6O8U5,c,{'O1O2O3U4O5U2U1O6U7O8O4U6U8U3O7U5'},1,"<a href=""/flatknot/8.1101916"">8.1101916</a>",t^9-32t^7-62t^6+102t^5+228t^4-115t^3-154t^2+85t-14,-2t^2+4t,,
8.1101917,O1O2O3U4O5U2U1O6U7O8O4U6U8U5O7U3,4,4z^3+38z^2+95z+71,4w^4z^3+38w^3z^2+95w^2z+71w,False,False,"[[ 0 -1 -1  2  0  2 -1 -1  0],[ 1  0  0  2  0  1 -1  1 -1],[ 1  0  0  1  1  0 -1  1 -1],[-2 -2 -1  0  0  0 -1 -3  0],[ 0  0 -1  0  0  0 -1  1 -1],[-2 -1  0  0  0  0 -1 -3  1],[ 1  1  1  1  1  1  0  0  1],[ 1 -1 -1  3 -1  3  0  0  0],[ 0  1  1  0  1 -1 -1  0  0]]","[[ 0  2  2  0  0 -1 -1 -1 -1],[-2  0  0  1  0  0 -1 -1 -3],[-2  0  0  0  0 -1 -1 -2 -3],[ 0 -1  0  0  1  1 -1  1  0],[ 0  0  0 -1  0 -1 -1  0  1],[ 1  0  1 -1  1  0 -1  0  1],[ 1  1  1  1  1  1  0  1  0],[ 1  1  2 -1  0  0 -1  0  1],[ 1  3  3  0 -1 -1  0 -1  0]]",True,"[-2,-2,0,0,1,1,1,1,0,-1,0,0,1,1,3,0,0,1,1,2,3,-1,-1,1,-1,0,1,1,0,-1,1,0,-1,-1,0,-1]","[-2,-2,0,0,1,1,1,1,0,-1,0,0,1,1,3,0,0,1,1,2,3,-1,-1,1,-1,0,1,1,0,-1,1,0,-1,-1,0,-1]",t^8+38t^6+281t^4+168t^2+4,"[-1,-1,-1,-1,0,0,2,2,-1,-1,0,0,0,2,2,0,-1,0,2,2,3,-1,1,2,1,2,2,1,0,0,1,2,2,2,3,0]","[-2,-2,0,0,1,1,1,1,0,2,2,0,1,2,2,2,3,0,2,2,3,-1,2,1,0,0,1,2,0,2,-1,0,-1,-1,0,1]","[-1,-1,-1,-1,0,0,2,2,-1,-1,0,-1,0,3,3,0,-1,0,-1,1,2,-1,1,-1,0,1,1,1,1,1,-1,0,0,-1,0,0]",c,"[[{8, 1}, {2, 7}, {3, 6}, {4, 5}], [{8, 1}, {2, 7}, {4, 6}, {3, 5}], [{8, 1}, {2, 7}, {5, 6}, {3, 4}], [{8, 1}, {3, 7}, {2, 6}, {4, 5}], [{8, 1}, {3, 7}, {4, 6}, {2, 5}], [{8, 1}, {3, 7}, {4, 6}, {5}, {2}], [{8, 1}, {3, 7}, {5, 6}, {2, 4}], [{8, 1}, {3, 7}, {6}, {2, 5}, {4}], [{8, 1}, {4, 7}, {2, 6}, {3, 5}], [{8, 1}, {4, 7}, {3, 6}, {2, 5}], [{8, 1}, {4, 7}, {3, 6}, {5}, {2}], [{8, 1}, {4, 7}, {5, 6}, {2, 3}], [{8, 1}, {4, 7}, {6}, {2, 5}, {3}], [{8, 1}, {5, 7}, {2, 6}, {3, 4}], [{8, 1}, {5, 7}, {3, 6}, {2, 4}], [{8, 1}, {5, 7}, {4, 6}, {2, 3}], [{8, 1}, {6, 7}, {2, 5}, {3, 4}], [{8, 1}, {6, 7}, {2, 5}, {4}, {3}], [{8, 1}, {6, 7}, {3, 5}, {2, 4}], [{8, 1}, {6, 7}, {4, 5}, {2, 3}], [{8, 1}, {6, 7}, {5}, {3, 4}, {2}], [{8, 1}, {7}, {3, 6}, {2, 5}, {4}], [{8, 1}, {7}, {4, 6}, {2, 5}, {3}], [{8, 1}, {7}, {6}, {2, 5}, {3, 4}], [{8, 1}, {7}, {6}, {2, 5}, {4}, {3}], [{8, 2}, {1, 7}, {3, 6}, {4, 5}], [{8, 2}, {1, 7}, {3, 6}, {5}, {4}], [{8, 2}, {1, 7}, {4, 6}, {3, 5}], [{8, 2}, {1, 7}, {5, 6}, {3, 4}], [{8, 2}, {3, 7}, {1, 6}, {4, 5}], [{8, 2}, {3, 7}, {4, 6}, {1, 5}], [{8, 2}, {3, 7}, {4, 6}, {5}, {1}], [{8, 2}, {3, 7}, {5, 6}, {1, 4}], [{8, 2}, {3, 7}, {6}, {1, 5}, {4}], [{8, 2}, {4, 7}, {1, 6}, {3, 5}], [{8, 2}, {4, 7}, {3, 6}, {1, 5}], [{8, 2}, {4, 7}, {3, 6}, {5}, {1}], [{8, 2}, {4, 7}, {5, 6}, {1, 3}], [{8, 2}, {4, 7}, {6}, {1, 5}, {3}], [{8, 2}, {5, 7}, {1, 6}, {3, 4}], [{8, 2}, {5, 7}, {3, 6}, {1, 4}], [{8, 2}, {5, 7}, {3, 6}, {4}, {1}], [{8, 2}, {5, 7}, {4, 6}, {1, 3}], [{8, 2}, {6, 7}, {1, 5}, {3, 4}], [{8, 2}, {6, 7}, {1, 5}, {4}, {3}], [{8, 2}, {6, 7}, {3, 5}, {1, 4}], [{8, 2}, {6, 7}, {4, 5}, {1, 3}], [{8, 2}, {6, 7}, {5}, {3, 4}, {1}], [{8, 2}, {7}, {3, 6}, {1, 5}, {4}], [{8, 2}, {7}, {3, 6}, {4, 5}, {1}], [{8, 2}, {7}, {3, 6}, {5}, {1, 4}], [{8, 2}, {7}, {3, 6}, {5}, {4}, {1}], [{8, 2}, {7}, {4, 6}, {1, 5}, {3}], [{8, 2}, {7}, {6}, {1, 5}, {3, 4}], [{8, 3}, {1, 7}, {2, 6}, {4, 5}], [{8, 3}, {1, 7}, {4, 6}, {2, 5}], [{8, 3}, {1, 7}, {5, 6}, {2, 4}], [{8, 3}, {2, 7}, {1, 6}, {4, 5}], [{8, 3}, {2, 7}, {4, 6}, {1, 5}], [{8, 3}, {2, 7}, {5, 6}, {1, 4}], [{8, 3}, {2, 7}, {6}, {4, 5}, {1}], [{8, 3}, {4, 7}, {1, 6}, {2, 5}], [{8, 3}, {4, 7}, {1, 6}, {5}, {2}], [{8, 3}, {4, 7}, {2, 6}, {1, 5}], [{8, 3}, {4, 7}, {5, 6}, {1, 2}], [{8, 3}, {5, 7}, {1, 6}, {2, 4}], [{8, 3}, {5, 7}, {2, 6}, {1, 4}], [{8, 3}, {5, 7}, {4, 6}, {1, 2}], [{8, 3}, {6, 7}, {1, 5}, {2, 4}], [{8, 3}, {6, 7}, {2, 5}, {1, 4}], [{8, 3}, {6, 7}, {4, 5}, {1, 2}], [{8, 3}, {7}, {1, 6}, {2, 5}, {4}], [{8, 3}, {7}, {4, 6}, {2, 5}, {1}], [{8, 3}, {7}, {5, 6}, {2, 4}, {1}], [{8, 3}, {7}, {6}, {2, 5}, {1, 4}], [{8, 4}, {1, 7}, {2, 6}, {3, 5}], [{8, 4}, {1, 7}, {3, 6}, {2, 5}], [{8, 4}, {1, 7}, {5, 6}, {2, 3}], [{8, 4}, {2, 7}, {1, 6}, {3, 5}], [{8, 4}, {2, 7}, {3, 6}, {1, 5}], [{8, 4}, {2, 7}, {5, 6}, {1, 3}], [{8, 4}, {3, 7}, {1, 6}, {2, 5}], [{8, 4}, {3, 7}, {2, 6}, {1, 5}], [{8, 4}, {3, 7}, {5, 6}, {1, 2}], [{8, 4}, {3, 7}, {6}, {5}, {1, 2}], [{8, 4}, {5, 7}, {1, 6}, {2, 3}], [{8, 4}, {5, 7}, {2, 6}, {1, 3}], [{8, 4}, {5, 7}, {3, 6}, {1, 2}], [{8, 4}, {6, 7}, {1, 5}, {2, 3}], [{8, 4}, {6, 7}, {2, 5}, {1, 3}], [{8, 4}, {6, 7}, {3, 5}, {1, 2}], [{8, 4}, {7}, {1, 6}, {2, 5}, {3}], [{8, 4}, {7}, {3, 6}, {2, 5}, {1}], [{8, 4}, {7}, {5, 6}, {2, 3}, {1}], [{8, 4}, {7}, {6}, {2, 5}, {1, 3}], [{8, 5}, {1, 7}, {2, 6}, {3, 4}], [{8, 5}, {1, 7}, {3, 6}, {2, 4}], [{8, 5}, {1, 7}, {3, 6}, {4}, {2}], [{8, 5}, {1, 7}, {4, 6}, {2, 3}], [{8, 5}, {2, 7}, {1, 6}, {3, 4}], [{8, 5}, {2, 7}, {3, 6}, {1, 4}], [{8, 5}, {2, 7}, {3, 6}, {4}, {1}], [{8, 5}, {2, 7}, {4, 6}, {1, 3}], [{8, 5}, {3, 7}, {1, 6}, {2, 4}], [{8, 5}, {3, 7}, {2, 6}, {1, 4}], [{8, 5}, {3, 7}, {4, 6}, {1, 2}], [{8, 5}, {3, 7}, {4, 6}, {2}, {1}], [{8, 5}, {3, 7}, {6}, {4}, {1, 2}], [{8, 5}, {4, 7}, {1, 6}, {2, 3}], [{8, 5}, {4, 7}, {2, 6}, {1, 3}], [{8, 5}, {4, 7}, {3, 6}, {1, 2}], [{8, 5}, {4, 7}, {3, 6}, {2}, {1}], [{8, 5}, {4, 7}, {6}, {3}, {1, 2}], [{8, 5}, {6, 7}, {1, 4}, {2, 3}], [{8, 5}, {6, 7}, {2, 4}, {1, 3}], [{8, 5}, {6, 7}, {3, 4}, {1, 2}], [{8, 5}, {6, 7}, {3, 4}, {2}, {1}], [{8, 5}, {6, 7}, {4}, {3}, {1, 2}], [{8, 5}, {7}, {3, 6}, {1, 4}, {2}], [{8, 5}, {7}, {3, 6}, {2, 4}, {1}], [{8, 5}, {7}, {3, 6}, {4}, {1, 2}], [{8, 5}, {7}, {3, 6}, {4}, {2}, {1}], [{8, 5}, {7}, {4, 6}, {3}, {1, 2}], [{8, 5}, {7}, {6}, {3, 4}, {1, 2}], [{8, 6}, {1, 7}, {2, 5}, {3, 4}], [{8, 6}, {1, 7}, {3, 5}, {2, 4}], [{8, 6}, {1, 7}, {4, 5}, {2, 3}], [{8, 6}, {2, 7}, {1, 5}, {3, 4}], [{8, 6}, {2, 7}, {3, 5}, {1, 4}], [{8, 6}, {2, 7}, {4, 5}, {1, 3}], [{8, 6}, {3, 7}, {1, 5}, {2, 4}], [{8, 6}, {3, 7}, {2, 5}, {1, 4}], [{8, 6}, {3, 7}, {4, 5}, {1, 2}], [{8, 6}, {3, 7}, {5}, {4}, {1, 2}], [{8, 6}, {4, 7}, {1, 5}, {2, 3}], [{8, 6}, {4, 7}, {2, 5}, {1, 3}], [{8, 6}, {4, 7}, {3, 5}, {1, 2}], [{8, 6}, {5, 7}, {1, 4}, {2, 3}], [{8, 6}, {5, 7}, {2, 4}, {1, 3}], [{8, 6}, {5, 7}, {3, 4}, {1, 2}], [{8, 6}, {7}, {2, 5}, {1, 4}, {3}], [{8, 6}, {7}, {2, 5}, {3, 4}, {1}], [{8, 6}, {7}, {2, 5}, {4}, {1, 3}], [{8, 7}, {1, 6}, {2, 5}, {3, 4}], [{8, 7}, {1, 6}, {3, 5}, {2, 4}], [{8, 7}, {1, 6}, {4, 5}, {2, 3}], [{8, 7}, {1, 6}, {5}, {3, 4}, {2}], [{8, 7}, {2, 6}, {1, 5}, {3, 4}], [{8, 7}, {2, 6}, {3, 5}, {1, 4}], [{8, 7}, {2, 6}, {4, 5}, {1, 3}], [{8, 7}, {3, 6}, {1, 5}, {2, 4}], [{8, 7}, {3, 6}, {2, 5}, {1, 4}], [{8, 7}, {3, 6}, {2, 5}, {4}, {1}], [{8, 7}, {3, 6}, {4, 5}, {1, 2}], [{8, 7}, {4, 6}, {1, 5}, {2, 3}], [{8, 7}, {4, 6}, {2, 5}, {1, 3}], [{8, 7}, {4, 6}, {2, 5}, {3}, {1}], [{8, 7}, {4, 6}, {3, 5}, {1, 2}], [{8, 7}, {5, 6}, {1, 4}, {2, 3}], [{8, 7}, {5, 6}, {2, 4}, {1, 3}], [{8, 7}, {5, 6}, {3, 4}, {1, 2}], [{8, 7}, {5, 6}, {4}, {2, 3}, {1}], [{8, 7}, {6}, {2, 5}, {3, 4}, {1}], [{8}, {1, 7}, {3, 6}, {2, 5}, {4}], [{8}, {1, 7}, {4, 6}, {2, 5}, {3}], [{8}, {1, 7}, {6}, {2, 5}, {3, 4}], [{8}, {2, 7}, {1, 6}, {4, 5}, {3}], [{8}, {2, 7}, {4, 6}, {3, 5}, {1}], [{8}, {2, 7}, {5, 6}, {4}, {1, 3}], [{8}, {3, 7}, {1, 6}, {5}, {2, 4}], [{8}, {3, 7}, {2, 6}, {5}, {1, 4}], [{8}, {3, 7}, {4, 6}, {1, 5}, {2}], [{8}, {3, 7}, {4, 6}, {2, 5}, {1}], [{8}, {3, 7}, {4, 6}, {5}, {1, 2}], [{8}, {3, 7}, {4, 6}, {5}, {2}, {1}], [{8}, {3, 7}, {5, 6}, {4}, {1, 2}], [{8}, {3, 7}, {6}, {4, 5}, {1, 2}], [{8}, {3, 7}, {6}, {5}, {4}, {1, 2}], [{8}, {4, 7}, {2, 6}, {5}, {1, 3}], [{8}, {4, 7}, {3, 6}, {1, 5}, {2}], [{8}, {4, 7}, {3, 6}, {2, 5}, {1}], [{8}, {4, 7}, {3, 6}, {5}, {1, 2}], [{8}, {4, 7}, {5, 6}, {2, 3}, {1}], [{8}, {5, 7}, {4, 6}, {2, 3}, {1}], [{8}, {5, 7}, {6}, {2, 4}, {1, 3}], [{8}, {6, 7}, {1, 5}, {3, 4}, {2}], [{8}, {6, 7}, {2, 5}, {3, 4}, {1}], [{8}, {6, 7}, {4, 5}, {1, 3}, {2}], [{8}, {6, 7}, {5}, {3, 4}, {1, 2}], [{8}, {7}, {1, 6}, {2, 5}, {3, 4}], [{8}, {7}, {3, 6}, {2, 5}, {1, 4}], [{8}, {7}, {3, 6}, {2, 5}, {4}, {1}], [{8}, {7}, {4, 6}, {2, 5}, {1, 3}], [{8}, {7}, {4, 6}, {2, 5}, {3}, {1}], [{8}, {7}, {6}, {2, 5}, {3, 4}, {1}]]",2,8 K_1^3 - 4 K_1^2 - 8 K_1 K_2 - 2 K_1 + 2 K_2 + 2 K_3 + 3,O1O2O3U1O4U5U6U7O8O6U4O7U3U2O5U8,O1O2O3U4O5U6U7U5O8U3O7O6U1O4U2U8,O1O2O3U4U2O5U3O6O7U1O4U8U7U6O8U5,c,{'O1O2O3U4O5U2U1O6U7O8O4U6U8U5O7U3'},1,"<a href=""/flatknot/8.1101917"">8.1101917</a>",t^9-34t^7-56t^6+105t^5+148t^4-96t^3-84t^2+36t+4,-2t^2+4t,,
8.1101918,O1O2O3U4O5U2U1O6U7O8O4U8U6U3O7U5,3,17z^2+80z+93,-4w^4z^2+21w^3z^2+80w^2z+93w,False,False,"[[ 0 -1 -1  2  0  2  0 -1 -1],[ 1  0  0  1  0  2 -1  1 -1],[ 1  0  0  0  1  1 -1  1 -1],[-2 -1  0  0  0 -1 -1 -2 -1],[ 0  0 -1  0  0  1 -1  0 -1],[-2 -2 -1  1 -1  0  1 -3  0],[ 0  1  1  1  1 -1  0  0  0],[ 1 -1 -1  2  0  3  0  0 -1],[ 1  1  1  1  1  0  0  1  0]]","[[ 0  2  2  0  0 -1 -1 -1 -1],[-2  0  1  1 -1  0 -1 -2 -3],[-2 -1  0 -1  0 -1  0 -1 -2],[ 0 -1  1  0  1  0  1  1  0],[ 0  1  0 -1  0 -1 -1  0  0],[ 1  0  1  0  1  0  1  1  1],[ 1  1  0 -1  1 -1  0  0  1],[ 1  2  1 -1  0 -1  0  0  1],[ 1  3  2  0  0 -1 -1 -1  0]]",True,"[-2,-2,0,0,1,1,1,1,-1,-1,1,0,1,2,3,1,0,1,0,1,2,-1,0,-1,-1,0,1,1,0,0,-1,-1,-1,0,-1,-1]","[-2,-2,0,0,1,1,1,1,-1,-1,1,0,1,2,3,1,0,1,0,1,2,-1,0,-1,-1,0,1,1,0,0,-1,-1,-1,0,-1,-1]",t^8+34t^6+197t^4+103t^2,"[-1,-1,-1,-1,0,0,2,2,-1,-1,-1,0,1,2,3,-1,0,0,2,3,2,1,1,1,1,0,1,2,2,1,1,2,1,1,3,1]","[-2,-2,0,0,1,1,1,1,-1,1,2,1,2,2,3,3,1,0,1,3,2,1,1,2,1,2,1,1,0,0,-1,-1,-1,-1,0,1]","[-1,-1,-1,-1,0,0,2,2,-1,-1,-1,0,0,2,3,-1,0,-1,0,1,2,1,0,1,1,0,-1,1,0,1,1,1,-1,0,1,-1]",c,"[[{8, 1}, {2, 7}, {3, 6}, {4, 5}], [{8, 1}, {2, 7}, {4, 6}, {3, 5}], [{8, 1}, {2, 7}, {5, 6}, {3, 4}], [{8, 1}, {3, 7}, {2, 6}, {4, 5}], [{8, 1}, {3, 7}, {4, 6}, {2, 5}], [{8, 1}, {3, 7}, {5, 6}, {2, 4}], [{8, 1}, {3, 7}, {6}, {5}, {2, 4}], [{8, 1}, {4, 7}, {2, 6}, {3, 5}], [{8, 1}, {4, 7}, {3, 6}, {2, 5}], [{8, 1}, {4, 7}, {5, 6}, {2, 3}], [{8, 1}, {5, 7}, {2, 6}, {3, 4}], [{8, 1}, {5, 7}, {3, 6}, {2, 4}], [{8, 1}, {5, 7}, {4, 6}, {2, 3}], [{8, 1}, {6, 7}, {2, 5}, {3, 4}], [{8, 1}, {6, 7}, {3, 5}, {2, 4}], [{8, 1}, {6, 7}, {4, 5}, {2, 3}], [{8, 1}, {7}, {3, 6}, {2, 5}, {4}], [{8, 1}, {7}, {4, 6}, {5}, {2, 3}], [{8, 1}, {7}, {5, 6}, {4}, {2, 3}], [{8, 1}, {7}, {6}, {4, 5}, {2, 3}], [{8, 2}, {1, 7}, {3, 6}, {4, 5}], [{8, 2}, {1, 7}, {4, 6}, {3, 5}], [{8, 2}, {1, 7}, {5, 6}, {3, 4}], [{8, 2}, {3, 7}, {1, 6}, {4, 5}], [{8, 2}, {3, 7}, {4, 6}, {1, 5}], [{8, 2}, {3, 7}, {5, 6}, {1, 4}], [{8, 2}, {3, 7}, {6}, {5}, {1, 4}], [{8, 2}, {4, 7}, {1, 6}, {3, 5}], [{8, 2}, {4, 7}, {3, 6}, {1, 5}], [{8, 2}, {4, 7}, {5, 6}, {1, 3}], [{8, 2}, {5, 7}, {1, 6}, {3, 4}], [{8, 2}, {5, 7}, {3, 6}, {1, 4}], [{8, 2}, {5, 7}, {4, 6}, {1, 3}], [{8, 2}, {6, 7}, {1, 5}, {3, 4}], [{8, 2}, {6, 7}, {3, 5}, {1, 4}], [{8, 2}, {6, 7}, {4, 5}, {1, 3}], [{8, 2}, {7}, {3, 6}, {1, 5}, {4}], [{8, 2}, {7}, {4, 6}, {5}, {1, 3}], [{8, 2}, {7}, {5, 6}, {4}, {1, 3}], [{8, 2}, {7}, {6}, {4, 5}, {1, 3}], [{8, 3}, {1, 7}, {2, 6}, {4, 5}], [{8, 3}, {1, 7}, {4, 6}, {2, 5}], [{8, 3}, {1, 7}, {5, 6}, {2, 4}], [{8, 3}, {1, 7}, {5, 6}, {4}, {2}], [{8, 3}, {1, 7}, {6}, {5}, {2, 4}], [{8, 3}, {2, 7}, {1, 6}, {4, 5}], [{8, 3}, {2, 7}, {4, 6}, {1, 5}], [{8, 3}, {2, 7}, {5, 6}, {1, 4}], [{8, 3}, {2, 7}, {5, 6}, {4}, {1}], [{8, 3}, {2, 7}, {6}, {5}, {1, 4}], [{8, 3}, {4, 7}, {1, 6}, {2, 5}], [{8, 3}, {4, 7}, {2, 6}, {1, 5}], [{8, 3}, {4, 7}, {5, 6}, {1, 2}], [{8, 3}, {4, 7}, {5, 6}, {2}, {1}], [{8, 3}, {4, 7}, {6}, {5}, {1, 2}], [{8, 3}, {5, 7}, {1, 6}, {2, 4}], [{8, 3}, {5, 7}, {2, 6}, {1, 4}], [{8, 3}, {5, 7}, {4, 6}, {1, 2}], [{8, 3}, {5, 7}, {6}, {4}, {1, 2}], [{8, 3}, {6, 7}, {1, 5}, {2, 4}], [{8, 3}, {6, 7}, {2, 5}, {1, 4}], [{8, 3}, {6, 7}, {4, 5}, {1, 2}], [{8, 3}, {6, 7}, {5}, {4}, {1, 2}], [{8, 3}, {7}, {1, 6}, {2, 5}, {4}], [{8, 3}, {7}, {2, 6}, {1, 5}, {4}], [{8, 3}, {7}, {4, 6}, {5}, {1, 2}], [{8, 3}, {7}, {5, 6}, {1, 4}, {2}], [{8, 3}, {7}, {5, 6}, {2, 4}, {1}], [{8, 3}, {7}, {5, 6}, {4}, {1, 2}], [{8, 3}, {7}, {5, 6}, {4}, {2}, {1}], [{8, 3}, {7}, {6}, {4, 5}, {1, 2}], [{8, 3}, {7}, {6}, {5}, {4}, {1, 2}], [{8, 4}, {1, 7}, {2, 6}, {3, 5}], [{8, 4}, {1, 7}, {3, 6}, {2, 5}], [{8, 4}, {1, 7}, {5, 6}, {2, 3}], [{8, 4}, {2, 7}, {1, 6}, {3, 5}], [{8, 4}, {2, 7}, {3, 6}, {1, 5}], [{8, 4}, {2, 7}, {5, 6}, {1, 3}], [{8, 4}, {3, 7}, {1, 6}, {2, 5}], [{8, 4}, {3, 7}, {2, 6}, {1, 5}], [{8, 4}, {3, 7}, {5, 6}, {1, 2}], [{8, 4}, {3, 7}, {6}, {5}, {1, 2}], [{8, 4}, {5, 7}, {1, 6}, {2, 3}], [{8, 4}, {5, 7}, {1, 6}, {3}, {2}], [{8, 4}, {5, 7}, {2, 6}, {1, 3}], [{8, 4}, {5, 7}, {2, 6}, {3}, {1}], [{8, 4}, {5, 7}, {3, 6}, {1, 2}], [{8, 4}, {5, 7}, {3, 6}, {2}, {1}], [{8, 4}, {5, 7}, {6}, {1, 3}, {2}], [{8, 4}, {5, 7}, {6}, {2, 3}, {1}], [{8, 4}, {5, 7}, {6}, {3}, {1, 2}], [{8, 4}, {6, 7}, {1, 5}, {2, 3}], [{8, 4}, {6, 7}, {2, 5}, {1, 3}], [{8, 4}, {6, 7}, {3, 5}, {1, 2}], [{8, 4}, {6, 7}, {5}, {3}, {1, 2}], [{8, 4}, {7}, {1, 6}, {5}, {2, 3}], [{8, 4}, {7}, {2, 6}, {5}, {1, 3}], [{8, 4}, {7}, {3, 6}, {5}, {1, 2}], [{8, 4}, {7}, {5, 6}, {3}, {1, 2}], [{8, 4}, {7}, {6}, {3, 5}, {1, 2}], [{8, 4}, {7}, {6}, {5}, {3}, {1, 2}], [{8, 5}, {1, 7}, {2, 6}, {3, 4}], [{8, 5}, {1, 7}, {3, 6}, {2, 4}], [{8, 5}, {1, 7}, {3, 6}, {4}, {2}], [{8, 5}, {1, 7}, {4, 6}, {2, 3}], [{8, 5}, {2, 7}, {1, 6}, {3, 4}], [{8, 5}, {2, 7}, {3, 6}, {1, 4}], [{8, 5}, {2, 7}, {3, 6}, {4}, {1}], [{8, 5}, {2, 7}, {4, 6}, {1, 3}], [{8, 5}, {3, 7}, {1, 6}, {2, 4}], [{8, 5}, {3, 7}, {2, 6}, {1, 4}], [{8, 5}, {3, 7}, {4, 6}, {1, 2}], [{8, 5}, {3, 7}, {6}, {4}, {1, 2}], [{8, 5}, {4, 7}, {1, 6}, {2, 3}], [{8, 5}, {4, 7}, {1, 6}, {3}, {2}], [{8, 5}, {4, 7}, {2, 6}, {1, 3}], [{8, 5}, {4, 7}, {2, 6}, {3}, {1}], [{8, 5}, {4, 7}, {3, 6}, {1, 2}], [{8, 5}, {4, 7}, {3, 6}, {2}, {1}], [{8, 5}, {4, 7}, {6}, {1, 3}, {2}], [{8, 5}, {4, 7}, {6}, {2, 3}, {1}], [{8, 5}, {4, 7}, {6}, {3}, {1, 2}], [{8, 5}, {6, 7}, {1, 4}, {2, 3}], [{8, 5}, {6, 7}, {2, 4}, {1, 3}], [{8, 5}, {6, 7}, {3, 4}, {1, 2}], [{8, 5}, {6, 7}, {4}, {3}, {1, 2}], [{8, 5}, {7}, {1, 6}, {4}, {2, 3}], [{8, 5}, {7}, {2, 6}, {4}, {1, 3}], [{8, 5}, {7}, {3, 6}, {1, 4}, {2}], [{8, 5}, {7}, {3, 6}, {2, 4}, {1}], [{8, 5}, {7}, {3, 6}, {4}, {1, 2}], [{8, 5}, {7}, {3, 6}, {4}, {2}, {1}], [{8, 5}, {7}, {4, 6}, {3}, {1, 2}], [{8, 5}, {7}, {6}, {3, 4}, {1, 2}], [{8, 5}, {7}, {6}, {4}, {3}, {1, 2}], [{8, 6}, {1, 7}, {2, 5}, {3, 4}], [{8, 6}, {1, 7}, {3, 5}, {2, 4}], [{8, 6}, {1, 7}, {4, 5}, {2, 3}], [{8, 6}, {2, 7}, {1, 5}, {3, 4}], [{8, 6}, {2, 7}, {3, 5}, {1, 4}], [{8, 6}, {2, 7}, {4, 5}, {1, 3}], [{8, 6}, {3, 7}, {1, 5}, {2, 4}], [{8, 6}, {3, 7}, {2, 5}, {1, 4}], [{8, 6}, {3, 7}, {4, 5}, {1, 2}], [{8, 6}, {3, 7}, {5}, {4}, {1, 2}], [{8, 6}, {4, 7}, {1, 5}, {2, 3}], [{8, 6}, {4, 7}, {2, 5}, {1, 3}], [{8, 6}, {4, 7}, {3, 5}, {1, 2}], [{8, 6}, {4, 7}, {5}, {3}, {1, 2}], [{8, 6}, {5, 7}, {1, 4}, {2, 3}], [{8, 6}, {5, 7}, {2, 4}, {1, 3}], [{8, 6}, {5, 7}, {3, 4}, {1, 2}], [{8, 6}, {5, 7}, {4}, {3}, {1, 2}], [{8, 6}, {7}, {3, 5}, {4}, {1, 2}], [{8, 6}, {7}, {4, 5}, {1, 3}, {2}], [{8, 6}, {7}, {4, 5}, {2, 3}, {1}], [{8, 6}, {7}, {4, 5}, {3}, {1, 2}], [{8, 6}, {7}, {5}, {3, 4}, {1, 2}], [{8, 6}, {7}, {5}, {4}, {3}, {1, 2}], [{8, 7}, {1, 6}, {2, 5}, {3, 4}], [{8, 7}, {1, 6}, {2, 5}, {4}, {3}], [{8, 7}, {1, 6}, {3, 5}, {2, 4}], [{8, 7}, {1, 6}, {3, 5}, {4}, {2}], [{8, 7}, {1, 6}, {4, 5}, {2, 3}], [{8, 7}, {1, 6}, {4, 5}, {3}, {2}], [{8, 7}, {1, 6}, {5}, {2, 4}, {3}], [{8, 7}, {1, 6}, {5}, {3, 4}, {2}], [{8, 7}, {1, 6}, {5}, {4}, {2, 3}], [{8, 7}, {1, 6}, {5}, {4}, {3}, {2}], [{8, 7}, {2, 6}, {1, 5}, {3, 4}], [{8, 7}, {2, 6}, {1, 5}, {4}, {3}], [{8, 7}, {2, 6}, {3, 5}, {1, 4}], [{8, 7}, {2, 6}, {3, 5}, {4}, {1}], [{8, 7}, {2, 6}, {4, 5}, {1, 3}], [{8, 7}, {2, 6}, {4, 5}, {3}, {1}], [{8, 7}, {2, 6}, {5}, {1, 4}, {3}], [{8, 7}, {2, 6}, {5}, {3, 4}, {1}], [{8, 7}, {2, 6}, {5}, {4}, {1, 3}], [{8, 7}, {2, 6}, {5}, {4}, {3}, {1}], [{8, 7}, {3, 6}, {1, 5}, {2, 4}], [{8, 7}, {3, 6}, {2, 5}, {1, 4}], [{8, 7}, {3, 6}, {4, 5}, {1, 2}], [{8, 7}, {3, 6}, {4, 5}, {2}, {1}], [{8, 7}, {3, 6}, {5}, {4}, {1, 2}], [{8, 7}, {4, 6}, {1, 5}, {2, 3}], [{8, 7}, {4, 6}, {2, 5}, {1, 3}], [{8, 7}, {4, 6}, {3, 5}, {1, 2}], [{8, 7}, {4, 6}, {5}, {3}, {1, 2}], [{8, 7}, {5, 6}, {1, 4}, {2, 3}], [{8, 7}, {5, 6}, {2, 4}, {1, 3}], [{8, 7}, {5, 6}, {3, 4}, {1, 2}], [{8, 7}, {5, 6}, {4}, {3}, {1, 2}], [{8, 7}, {6}, {3, 5}, {4}, {1, 2}], [{8, 7}, {6}, {4, 5}, {1, 3}, {2}], [{8, 7}, {6}, {4, 5}, {2, 3}, {1}], [{8, 7}, {6}, {4, 5}, {3}, {1, 2}], [{8, 7}, {6}, {5}, {3, 4}, {1, 2}], [{8, 7}, {6}, {5}, {4}, {3}, {1, 2}], [{8}, {1, 7}, {5, 6}, {2, 4}, {3}], [{8}, {1, 7}, {6}, {4, 5}, {2, 3}], [{8}, {2, 7}, {5, 6}, {1, 4}, {3}], [{8}, {2, 7}, {6}, {4, 5}, {1, 3}], [{8}, {3, 7}, {1, 6}, {2, 5}, {4}], [{8}, {3, 7}, {2, 6}, {1, 5}, {4}], [{8}, {3, 7}, {4, 6}, {5}, {1, 2}], [{8}, {3, 7}, {5, 6}, {4}, {1, 2}], [{8}, {3, 7}, {6}, {4, 5}, {1, 2}], [{8}, {3, 7}, {6}, {5}, {4}, {1, 2}], [{8}, {4, 7}, {1, 6}, {5}, {2, 3}], [{8}, {4, 7}, {2, 6}, {5}, {1, 3}], [{8}, {4, 7}, {3, 6}, {5}, {1, 2}], [{8}, {4, 7}, {5, 6}, {3}, {1, 2}], [{8}, {4, 7}, {6}, {3, 5}, {1, 2}], [{8}, {4, 7}, {6}, {5}, {3}, {1, 2}], [{8}, {5, 7}, {1, 6}, {4}, {2, 3}], [{8}, {5, 7}, {2, 6}, {4}, {1, 3}], [{8}, {5, 7}, {3, 6}, {4}, {1, 2}], [{8}, {5, 7}, {4, 6}, {3}, {1, 2}], [{8}, {5, 7}, {6}, {3, 4}, {1, 2}], [{8}, {5, 7}, {6}, {4}, {3}, {1, 2}], [{8}, {6, 7}, {1, 5}, {2, 4}, {3}], [{8}, {6, 7}, {1, 5}, {3, 4}, {2}], [{8}, {6, 7}, {1, 5}, {4}, {2, 3}], [{8}, {6, 7}, {2, 5}, {1, 4}, {3}], [{8}, {6, 7}, {2, 5}, {3, 4}, {1}], [{8}, {6, 7}, {2, 5}, {4}, {1, 3}], [{8}, {6, 7}, {3, 5}, {1, 4}, {2}], [{8}, {6, 7}, {3, 5}, {2, 4}, {1}], [{8}, {6, 7}, {3, 5}, {4}, {1, 2}], [{8}, {6, 7}, {4, 5}, {1, 3}, {2}], [{8}, {6, 7}, {4, 5}, {2, 3}, {1}], [{8}, {6, 7}, {4, 5}, {3}, {1, 2}], [{8}, {6, 7}, {5}, {1, 4}, {2, 3}], [{8}, {6, 7}, {5}, {2, 4}, {1, 3}], [{8}, {6, 7}, {5}, {3, 4}, {1, 2}], [{8}, {6, 7}, {5}, {4}, {3}, {1, 2}], [{8}, {7}, {1, 6}, {4, 5}, {2, 3}], [{8}, {7}, {2, 6}, {4, 5}, {1, 3}], [{8}, {7}, {3, 6}, {4, 5}, {1, 2}], [{8}, {7}, {3, 6}, {5}, {4}, {1, 2}], [{8}, {7}, {4, 6}, {3, 5}, {1, 2}], [{8}, {7}, {4, 6}, {5}, {3}, {1, 2}], [{8}, {7}, {5, 6}, {3, 4}, {1, 2}], [{8}, {7}, {5, 6}, {4}, {3}, {1, 2}], [{8}, {7}, {6}, {3, 5}, {4}, {1, 2}], [{8}, {7}, {6}, {4, 5}, {1, 3}, {2}], [{8}, {7}, {6}, {4, 5}, {2, 3}, {1}], [{8}, {7}, {6}, {4, 5}, {3}, {1, 2}], [{8}, {7}, {6}, {5}, {3, 4}, {1, 2}], [{8}, {7}, {6}, {5}, {4}, {3}, {1, 2}]]",2,- 4 K_1^2 - 8 K_1 K_2 + 4 K_1 + 2 K_2 + 4 K_3 + 3,O1O2O3U4O5U1U6U7O8O7U5O6U3U2O4U8,O1O2O3U4O5U6U7U3O8U5O7O6U2O4U1U8,O1O2O3U4U3O5U2O6O7U8O4U1U7U6O8U5,c,{'O1O2O3U4O5U2U1O6U7O8O4U8U6U3O7U5'},1,"<a href=""/flatknot/8.1101918"">8.1101918</a>",t^9-30t^7-68t^6+19t^5+124t^4+16t^3-94t^2-56t,-2t^2+4t,,
8.1101919,O1O2O3U4O5U2U1O6U7O8O4U8U6U5O7U3,4,5z^3+46z^2+116z+89,5w^4z^3+46w^3z^2+116w^2z+89w,False,False,"[[ 0 -1 -1  2  0  2  0 -1 -1],[ 1  0  0  2  0  1 -1  1 -1],[ 1  0  0  1  1  0 -1  1 -1],[-2 -2 -1  0  0  0  0 -3 -1],[ 0  0 -1  0  0  0 -1  1 -1],[-2 -1  0  0  0  0  0 -3  0],[ 0  1  1  0  1  0  0  0  0],[ 1 -1 -1  3 -1  3  0  0 -1],[ 1  1  1  1  1  0  0  1  0]]","[[ 0  2  2  0  0 -1 -1 -1 -1],[-2  0  0  0  0  0  0 -1 -3],[-2  0  0  0  0 -1 -1 -2 -3],[ 0  0  0  0  1  1  0  1  0],[ 0  0  0 -1  0 -1 -1  0  1],[ 1  0  1 -1  1  0 -1  0  1],[ 1  0  1  0  1  1  0  1  1],[ 1  1  2 -1  0  0 -1  0  1],[ 1  3  3  0 -1 -1 -1 -1  0]]",True,"[-2,-2,0,0,1,1,1,1,0,0,0,0,0,1,3,0,0,1,1,2,3,-1,-1,0,-1,0,1,1,0,-1,1,0,-1,-1,-1,-1]","[-2,-2,0,0,1,1,1,1,0,0,0,0,0,1,3,0,0,1,1,2,3,-1,-1,0,-1,0,1,1,0,-1,1,0,-1,-1,-1,-1]",t^8+36t^6+196t^4+92t^2+4,"[-1,-1,-1,-1,0,0,2,2,-1,-1,-1,0,1,2,3,-1,0,0,2,2,3,1,2,1,0,0,1,2,1,2,1,2,2,2,2,0]","[-2,-2,0,0,1,1,1,1,0,2,2,0,1,2,2,2,2,0,2,3,3,-1,2,1,0,0,1,2,1,2,-1,-1,-1,-1,0,1]","[-1,-1,-1,-1,0,0,2,2,-1,-1,-1,-1,0,3,3,-1,0,0,-1,1,2,1,1,0,0,1,1,-1,0,1,-1,0,0,0,0,0]",c,"[[{8, 1}, {2, 7}, {3, 6}, {4, 5}], [{8, 1}, {2, 7}, {4, 6}, {3, 5}], [{8, 1}, {2, 7}, {5, 6}, {3, 4}], [{8, 1}, {2, 7}, {5, 6}, {4}, {3}], [{8, 1}, {3, 7}, {2, 6}, {4, 5}], [{8, 1}, {3, 7}, {4, 6}, {2, 5}], [{8, 1}, {3, 7}, {5, 6}, {2, 4}], [{8, 1}, {4, 7}, {2, 6}, {3, 5}], [{8, 1}, {4, 7}, {3, 6}, {2, 5}], [{8, 1}, {4, 7}, {5, 6}, {2, 3}], [{8, 1}, {5, 7}, {2, 6}, {3, 4}], [{8, 1}, {5, 7}, {3, 6}, {2, 4}], [{8, 1}, {5, 7}, {4, 6}, {2, 3}], [{8, 1}, {6, 7}, {2, 5}, {3, 4}], [{8, 1}, {6, 7}, {3, 5}, {2, 4}], [{8, 1}, {6, 7}, {4, 5}, {2, 3}], [{8, 1}, {6, 7}, {5}, {4}, {2, 3}], [{8, 1}, {7}, {3, 6}, {5}, {2, 4}], [{8, 2}, {1, 7}, {3, 6}, {4, 5}], [{8, 2}, {1, 7}, {3, 6}, {5}, {4}], [{8, 2}, {1, 7}, {4, 6}, {3, 5}], [{8, 2}, {1, 7}, {5, 6}, {3, 4}], [{8, 2}, {3, 7}, {1, 6}, {4, 5}], [{8, 2}, {3, 7}, {4, 6}, {1, 5}], [{8, 2}, {3, 7}, {5, 6}, {1, 4}], [{8, 2}, {3, 7}, {6}, {5}, {1, 4}], [{8, 2}, {4, 7}, {1, 6}, {3, 5}], [{8, 2}, {4, 7}, {3, 6}, {1, 5}], [{8, 2}, {4, 7}, {3, 6}, {5}, {1}], [{8, 2}, {4, 7}, {5, 6}, {1, 3}], [{8, 2}, {5, 7}, {1, 6}, {3, 4}], [{8, 2}, {5, 7}, {3, 6}, {1, 4}], [{8, 2}, {5, 7}, {3, 6}, {4}, {1}], [{8, 2}, {5, 7}, {4, 6}, {1, 3}], [{8, 2}, {6, 7}, {1, 5}, {3, 4}], [{8, 2}, {6, 7}, {3, 5}, {1, 4}], [{8, 2}, {6, 7}, {4, 5}, {1, 3}], [{8, 2}, {6, 7}, {5}, {1, 4}, {3}], [{8, 2}, {7}, {3, 6}, {1, 5}, {4}], [{8, 2}, {7}, {3, 6}, {4, 5}, {1}], [{8, 2}, {7}, {3, 6}, {5}, {1, 4}], [{8, 2}, {7}, {3, 6}, {5}, {4}, {1}], [{8, 3}, {1, 7}, {2, 6}, {4, 5}], [{8, 3}, {1, 7}, {4, 6}, {2, 5}], [{8, 3}, {1, 7}, {5, 6}, {2, 4}], [{8, 3}, {2, 7}, {1, 6}, {4, 5}], [{8, 3}, {2, 7}, {4, 6}, {1, 5}], [{8, 3}, {2, 7}, {5, 6}, {1, 4}], [{8, 3}, {4, 7}, {1, 6}, {2, 5}], [{8, 3}, {4, 7}, {2, 6}, {1, 5}], [{8, 3}, {4, 7}, {5, 6}, {1, 2}], [{8, 3}, {5, 7}, {1, 6}, {2, 4}], [{8, 3}, {5, 7}, {2, 6}, {1, 4}], [{8, 3}, {5, 7}, {4, 6}, {1, 2}], [{8, 3}, {6, 7}, {1, 5}, {2, 4}], [{8, 3}, {6, 7}, {2, 5}, {1, 4}], [{8, 3}, {6, 7}, {4, 5}, {1, 2}], [{8, 3}, {7}, {1, 6}, {2, 5}, {4}], [{8, 3}, {7}, {2, 6}, {4, 5}, {1}], [{8, 3}, {7}, {4, 6}, {2, 5}, {1}], [{8, 3}, {7}, {5, 6}, {2, 4}, {1}], [{8, 3}, {7}, {6}, {2, 5}, {1, 4}], [{8, 4}, {1, 7}, {2, 6}, {3, 5}], [{8, 4}, {1, 7}, {3, 6}, {2, 5}], [{8, 4}, {1, 7}, {3, 6}, {5}, {2}], [{8, 4}, {1, 7}, {5, 6}, {2, 3}], [{8, 4}, {2, 7}, {1, 6}, {3, 5}], [{8, 4}, {2, 7}, {3, 6}, {1, 5}], [{8, 4}, {2, 7}, {3, 6}, {5}, {1}], [{8, 4}, {2, 7}, {5, 6}, {1, 3}], [{8, 4}, {3, 7}, {1, 6}, {2, 5}], [{8, 4}, {3, 7}, {2, 6}, {1, 5}], [{8, 4}, {3, 7}, {5, 6}, {1, 2}], [{8, 4}, {5, 7}, {1, 6}, {2, 3}], [{8, 4}, {5, 7}, {2, 6}, {1, 3}], [{8, 4}, {5, 7}, {3, 6}, {1, 2}], [{8, 4}, {5, 7}, {3, 6}, {2}, {1}], [{8, 4}, {6, 7}, {1, 5}, {2, 3}], [{8, 4}, {6, 7}, {2, 5}, {1, 3}], [{8, 4}, {6, 7}, {3, 5}, {1, 2}], [{8, 4}, {7}, {3, 6}, {1, 5}, {2}], [{8, 4}, {7}, {3, 6}, {2, 5}, {1}], [{8, 4}, {7}, {3, 6}, {5}, {1, 2}], [{8, 4}, {7}, {3, 6}, {5}, {2}, {1}], [{8, 5}, {1, 7}, {2, 6}, {3, 4}], [{8, 5}, {1, 7}, {3, 6}, {2, 4}], [{8, 5}, {1, 7}, {4, 6}, {2, 3}], [{8, 5}, {1, 7}, {6}, {2, 4}, {3}], [{8, 5}, {2, 7}, {1, 6}, {3, 4}], [{8, 5}, {2, 7}, {1, 6}, {4}, {3}], [{8, 5}, {2, 7}, {3, 6}, {1, 4}], [{8, 5}, {2, 7}, {4, 6}, {1, 3}], [{8, 5}, {3, 7}, {1, 6}, {2, 4}], [{8, 5}, {3, 7}, {2, 6}, {1, 4}], [{8, 5}, {3, 7}, {4, 6}, {1, 2}], [{8, 5}, {3, 7}, {6}, {1, 4}, {2}], [{8, 5}, {3, 7}, {6}, {2, 4}, {1}], [{8, 5}, {3, 7}, {6}, {4}, {1, 2}], [{8, 5}, {4, 7}, {1, 6}, {2, 3}], [{8, 5}, {4, 7}, {1, 6}, {3}, {2}], [{8, 5}, {4, 7}, {2, 6}, {1, 3}], [{8, 5}, {4, 7}, {3, 6}, {1, 2}], [{8, 5}, {6, 7}, {1, 4}, {2, 3}], [{8, 5}, {6, 7}, {2, 4}, {1, 3}], [{8, 5}, {6, 7}, {2, 4}, {3}, {1}], [{8, 5}, {6, 7}, {3, 4}, {1, 2}], [{8, 5}, {7}, {1, 6}, {2, 4}, {3}], [{8, 5}, {7}, {3, 6}, {2, 4}, {1}], [{8, 5}, {7}, {6}, {2, 4}, {1, 3}], [{8, 5}, {7}, {6}, {2, 4}, {3}, {1}], [{8, 6}, {1, 7}, {2, 5}, {3, 4}], [{8, 6}, {1, 7}, {3, 5}, {2, 4}], [{8, 6}, {1, 7}, {4, 5}, {2, 3}], [{8, 6}, {2, 7}, {1, 5}, {3, 4}], [{8, 6}, {2, 7}, {3, 5}, {1, 4}], [{8, 6}, {2, 7}, {4, 5}, {1, 3}], [{8, 6}, {3, 7}, {1, 5}, {2, 4}], [{8, 6}, {3, 7}, {1, 5}, {4}, {2}], [{8, 6}, {3, 7}, {2, 5}, {1, 4}], [{8, 6}, {3, 7}, {4, 5}, {1, 2}], [{8, 6}, {4, 7}, {1, 5}, {2, 3}], [{8, 6}, {4, 7}, {2, 5}, {1, 3}], [{8, 6}, {4, 7}, {2, 5}, {3}, {1}], [{8, 6}, {4, 7}, {3, 5}, {1, 2}], [{8, 6}, {5, 7}, {1, 4}, {2, 3}], [{8, 6}, {5, 7}, {2, 4}, {1, 3}], [{8, 6}, {5, 7}, {3, 4}, {1, 2}], [{8, 6}, {7}, {3, 5}, {2, 4}, {1}], [{8, 7}, {1, 6}, {2, 5}, {3, 4}], [{8, 7}, {1, 6}, {2, 5}, {4}, {3}], [{8, 7}, {1, 6}, {3, 5}, {2, 4}], [{8, 7}, {1, 6}, {4, 5}, {2, 3}], [{8, 7}, {2, 6}, {1, 5}, {3, 4}], [{8, 7}, {2, 6}, {3, 5}, {1, 4}], [{8, 7}, {2, 6}, {4, 5}, {1, 3}], [{8, 7}, {3, 6}, {1, 5}, {2, 4}], [{8, 7}, {3, 6}, {2, 5}, {1, 4}], [{8, 7}, {3, 6}, {4, 5}, {1, 2}], [{8, 7}, {3, 6}, {5}, {2, 4}, {1}], [{8, 7}, {4, 6}, {1, 5}, {2, 3}], [{8, 7}, {4, 6}, {2, 5}, {1, 3}], [{8, 7}, {4, 6}, {2, 5}, {3}, {1}], [{8, 7}, {4, 6}, {3, 5}, {1, 2}], [{8, 7}, {5, 6}, {1, 4}, {2, 3}], [{8, 7}, {5, 6}, {2, 4}, {1, 3}], [{8, 7}, {5, 6}, {3, 4}, {1, 2}], [{8, 7}, {5, 6}, {3, 4}, {2}, {1}], [{8, 7}, {6}, {2, 5}, {1, 4}, {3}], [{8, 7}, {6}, {5}, {3, 4}, {1, 2}], [{8}, {1, 7}, {2, 6}, {5}, {3, 4}], [{8}, {1, 7}, {3, 6}, {5}, {2, 4}], [{8}, {2, 7}, {6}, {3, 5}, {1, 4}], [{8}, {3, 7}, {1, 6}, {2, 5}, {4}], [{8}, {3, 7}, {1, 6}, {4, 5}, {2}], [{8}, {3, 7}, {1, 6}, {5}, {2, 4}], [{8}, {3, 7}, {4, 6}, {2, 5}, {1}], [{8}, {3, 7}, {6}, {2, 5}, {1, 4}], [{8}, {4, 7}, {6}, {3, 5}, {1, 2}], [{8}, {5, 7}, {1, 6}, {4}, {2, 3}], [{8}, {5, 7}, {2, 6}, {3, 4}, {1}], [{8}, {5, 7}, {3, 6}, {2, 4}, {1}], [{8}, {6, 7}, {2, 5}, {4}, {1, 3}], [{8}, {6, 7}, {4, 5}, {1, 3}, {2}], [{8}, {6, 7}, {4, 5}, {2, 3}, {1}], [{8}, {6, 7}, {4, 5}, {3}, {1, 2}], [{8}, {6, 7}, {5}, {2, 4}, {1, 3}], [{8}, {7}, {2, 6}, {1, 5}, {3, 4}], [{8}, {7}, {3, 6}, {1, 5}, {2, 4}], [{8}, {7}, {3, 6}, {5}, {2, 4}, {1}]]",2,8 K_1^3 - 4 K_1^2 - 8 K_1 K_2 - 2 K_1 + 2 K_2 + 2 K_3 + 3,O1O2O3U1O4U5U6U7O8O7U4O6U3U2O5U8,O1O2O3U4O5U6U7U5O8U3O7O6U2O4U1U8,O1O2O3U4U3O5U2O6O7U1O4U8U7U6O8U5,c,{'O1O2O3U4O5U2U1O6U7O8O4U8U6U5O7U3'},1,"<a href=""/flatknot/8.1101919"">8.1101919</a>",t^9-32t^7-58t^6+84t^5+136t^4-100t^3-46t^2+16t+2,-2t^2+4t,,
8.1101920,O1O2O3U4O5U2U3O6U1O7O4U6U8U7O8U5,4,4z^3+36z^2+101z+91,4w^4z^3-4w^4z^2+40w^3z^2-4w^3z+105w^2z+91w,False,False,"[[ 0 -1 -1  1  0  2 -1  1 -1],[ 1  0 -1  1 -1  3  0  0  1],[ 1  1  0  1  0  1 -1 -1  1],[-1 -1 -1  0 -1  0 -1 -1 -1],[ 0  1  0  1  0  0 -1  0  0],[-2 -3 -1  0  0  0 -1  2 -3],[ 1  0  1  1  1  1  0  1  0],[-1  0  1  1  0 -2 -1  0 -1],[ 1 -1 -1  1  0  3  0  1  0]]","[[ 0  2  1  1  0 -1 -1 -1 -1],[-2  0  2  0  0 -1 -1 -3 -3],[-1 -2  0  1  0  1 -1  0 -1],[-1  0 -1  0 -1 -1 -1 -1 -1],[ 0  0  0  1  0  0 -1  1  0],[ 1  1 -1  1  0  0 -1  1  1],[ 1  1  1  1  1  1  0  0  0],[ 1  3  0  1 -1 -1  0  0  1],[ 1  3  1  1  0 -1  0 -1  0]]",True,"[-2,-1,-1,0,1,1,1,1,-2,0,0,1,1,3,3,-1,0,-1,1,0,1,1,1,1,1,1,0,1,-1,0,1,-1,-1,0,0,-1]","[-2,-1,-1,0,1,1,1,1,-2,0,0,1,1,3,3,-1,0,-1,1,0,1,1,1,1,1,1,0,1,-1,0,1,-1,-1,0,0,-1]",t^8+39t^6+278t^4+182t^2+9,"[-1,-1,-1,-1,0,1,1,2,-1,-1,1,1,1,3,2,-1,0,2,1,2,0,0,1,1,1,0,0,1,1,2,0,1,2,1,1,3]","[-2,-1,-1,0,1,1,1,1,1,3,2,0,0,2,2,-1,0,1,1,1,1,1,1,2,1,3,1,2,0,1,-1,0,-1,0,-1,1]","[-1,-1,-1,-1,0,1,1,2,-1,-1,0,0,1,1,3,-1,0,-1,0,1,3,-1,0,-1,1,1,1,1,1,1,0,1,0,1,-2,0]",c,"[[{8, 6}, {3, 7}, {2, 5}, {1, 4}]]",1,4 K_1^3 - 10 K_1^2 - 4 K_1 K_2 - K_1 + 5 K_2 + K_3 + 6,O1O2O3U4O5U6U5U7O8O6U3O7U1U2O4U8,O1O2O3U2O4U5U6U7O8U4O6O7U1O5U3U8,O1O2O3U4U1O5U3O6O7U8O4U6U7U5O8U2,c,{'O1O2O3U4O5U2U3O6U1O7O4U6U8U7O8U5'},1,"<a href=""/flatknot/8.1101920"">8.1101920</a>",t^9-37t^7-74t^6+73t^5+230t^4+58t^3-80t^2-2t+14,-t^2+2t,,
8.1101921,O1O2O3U4O5U2U3O6U1O7O4U7U8U6O8U5,4,z^3+28z^2+110z+117,w^4z^3+28w^3z^2+110w^2z+117w,False,False,"[[ 0 -1 -1  1  0  2  1 -1 -1],[ 1  0 -1  1 -1  3  0 -1  0],[ 1  1  0  1  0  1 -1 -1  1],[-1 -1 -1  0 -1  0 -1 -1 -1],[ 0  1  0  1  0  0  0 -1  0],[-2 -3 -1  0  0  0  1  0 -3],[-1  0  1  1  0 -1  0  0 -1],[ 1  1  1  1  1  0  0  0  1],[ 1  0 -1  1  0  3  1 -1  0]]","[[ 0  2  1  1  0 -1 -1 -1 -1],[-2  0  1  0  0  0 -1 -3 -3],[-1 -1  0  1  0  0  1  0 -1],[-1  0 -1  0 -1 -1 -1 -1 -1],[ 0  0  0  1  0 -1  0  1  0],[ 1  0  0  1  1  0  1  1  1],[ 1  1 -1  1  0 -1  0  1  1],[ 1  3  0  1 -1 -1 -1  0  0],[ 1  3  1  1  0 -1 -1  0  0]]",True,"[-2,-1,-1,0,1,1,1,1,-1,0,0,0,1,3,3,-1,0,0,-1,0,1,1,1,1,1,1,1,0,-1,0,-1,-1,-1,-1,-1,0]","[-2,-1,-1,0,1,1,1,1,-1,0,0,0,1,3,3,-1,0,0,-1,0,1,1,1,1,1,1,1,0,-1,0,-1,-1,-1,-1,-1,0]",t^8+35t^6+190t^4+132t^2+1,"[-1,-1,-1,-1,0,1,1,2,-1,-1,-1,0,1,2,3,-1,-1,1,1,3,2,0,1,1,1,0,2,1,2,0,0,1,2,1,1,2]","[-2,-1,-1,0,1,1,1,1,1,2,2,0,0,2,3,-1,0,1,1,1,1,1,1,2,3,2,1,2,1,0,0,-1,-1,-1,-1,-1]","[-1,-1,-1,-1,0,1,1,2,-1,-1,0,-1,0,1,3,-1,1,0,-1,1,1,1,1,0,1,0,0,1,1,3,0,1,0,1,-1,0]",c,"[[{8, 5}, {1, 7}, {3, 6}, {2, 4}]]",1,24 K_1^3 - 30 K_1^2 - 20 K_1 K_2 - 8 K_1 + 15 K_2 + 4 K_3 + 16,O1O2O3U4O5U6U5U7O8O7U3O6U1U2O4U8,O1O2O3U2O4U5U6U7O8U4O6O7U3O5U1U8,O1O2O3U4U3O5U1O6O7U8O4U6U7U5O8U2,c,{'O1O2O3U4O5U2U3O6U1O7O4U7U8U6O8U5'},1,"<a href=""/flatknot/8.1101921"">8.1101921</a>",t^9-33t^7-50t^6+87t^5+162t^4-23t^3-100t^2-15t+6,-t^2+2t,,
8.1101922,O1O2O3U4O5U2U3O6U1O7O4U8U6U7O8U5,4,5z^3+39z^2+108z+101,5w^4z^3+39w^3z^2+108w^2z+101w,False,False,"[[ 0 -1 -1  1  0  2  0  1 -2],[ 1  0 -1  1 -1  3  0  0  0],[ 1  1  0  1  0  1 -1 -1  1],[-1 -1 -1  0 -1  0 -1 -1 -1],[ 0  1  0  1  0  0  0  0  0],[-2 -3 -1  0  0  0  0  2 -4],[ 0  0  1  1  0  0  0  1 -1],[-1  0  1  1  0 -2 -1  0 -1],[ 2  0 -1  1  0  4  1  1  0]]","[[ 0  2  1  1  0  0 -1 -1 -2],[-2  0  2  0  0  0 -1 -3 -4],[-1 -2  0  1  0 -1  1  0 -1],[-1  0 -1  0 -1 -1 -1 -1 -1],[ 0  0  0  1  0  0  0  1  0],[ 0  0  1  1  0  0  1  0 -1],[ 1  1 -1  1  0 -1  0  1  1],[ 1  3  0  1 -1  0 -1  0  0],[ 2  4  1  1  0  1 -1  0  0]]",True,"[-2,-1,-1,0,0,1,1,2,-2,0,0,0,1,3,4,-1,0,1,-1,0,1,1,1,1,1,1,0,0,-1,0,-1,0,1,-1,-1,0]","[-2,-1,-1,0,0,1,1,2,-2,0,0,0,1,3,4,-1,0,1,-1,0,1,1,1,1,1,1,0,0,-1,0,-1,0,1,-1,-1,0]",t^8+44t^6+300t^4+167t^2+4,"[-2,-1,-1,0,0,1,1,2,1,2,1,2,2,2,0,1,1,2,1,2,0,2,1,1,3,2,0,0,0,2,0,1,2,1,1,3]","[-2,-1,-1,0,0,1,1,2,1,3,2,2,0,2,0,-1,0,0,1,1,2,0,1,2,3,2,0,1,2,1,2,1,2,-1,1,2]","[-2,-1,-1,0,0,1,1,2,-1,0,0,1,1,1,4,1,0,-1,-1,1,1,-1,0,0,1,3,0,0,1,0,1,1,0,1,-2,0]",c,"[[{8, 4}, {1, 7}, {2, 6}, {3, 5}], [{8, 4}, {1, 7}, {3, 6}, {2, 5}], [{8, 4}, {2, 7}, {3, 6}, {1, 5}], [{8, 5}, {1, 7}, {2, 6}, {3, 4}], [{8, 5}, {1, 7}, {3, 6}, {2, 4}], [{8, 5}, {1, 7}, {4, 6}, {2, 3}], [{8, 5}, {3, 7}, {1, 6}, {2, 4}], [{8, 6}, {1, 7}, {2, 5}, {3, 4}], [{8, 6}, {1, 7}, {3, 5}, {2, 4}], [{8, 6}, {3, 7}, {2, 5}, {1, 4}], [{8, 7}, {2, 6}, {1, 5}, {3, 4}], [{8, 7}, {3, 6}, {2, 5}, {1, 4}]]",1,4 K_1^3 - 16 K_1^2 - 4 K_1 K_2 - K_1 + 8 K_2 + K_3 + 9,O1O2O3U4O5U6U7U5O8O6U3O7U1U2O4U8,O1O2O3U1O4U5U6U7O8U4O6O7U2O5U3U8,O1O2O3U4U1O5U2O6O7U8O4U6U7U5O8U3,c,{'O1O2O3U4O5U2U3O6U1O7O4U8U6U7O8U5'},1,"<a href=""/flatknot/8.1101922"">8.1101922</a>",t^9-44t^7-54t^6+162t^5+228t^4-127t^3-234t^2-52t,0,,
8.1101923,O1O2O3U4O5U2U3O6U1O7O4U8U7U6O8U5,4,7z^3+45z^2+107z+91,7w^4z^3-2w^4z^2+47w^3z^2+107w^2z+91w,False,False,"[[ 0 -1 -1  1  0  2  1  0 -2],[ 1  0 -1  1 -1  3  0 -1  0],[ 1  1  0  1  0  1 -1 -1  1],[-1 -1 -1  0 -1  0 -1 -1 -1],[ 0  1  0  1  0  0  0  0  0],[-2 -3 -1  0  0  0  1  1 -4],[-1  0  1  1  0 -1  0  0 -2],[ 0  1  1  1  0 -1  0  0  0],[ 2  0 -1  1  0  4  2  0  0]]","[[ 0  2  1  1  0  0 -1 -1 -2],[-2  0  1  0  1  0 -1 -3 -4],[-1 -1  0  1  0  0  1  0 -2],[-1  0 -1  0 -1 -1 -1 -1 -1],[ 0 -1  0  1  0  0  1  1  0],[ 0  0  0  1  0  0  0  1  0],[ 1  1 -1  1 -1  0  0  1  1],[ 1  3  0  1 -1 -1 -1  0  0],[ 2  4  2  1  0  0 -1  0  0]]",True,"[-2,-1,-1,0,0,1,1,2,-1,0,-1,0,1,3,4,-1,0,0,-1,0,2,1,1,1,1,1,0,-1,-1,0,0,-1,0,-1,-1,0]","[-2,-1,-1,0,0,1,1,2,-1,0,-1,0,1,3,4,-1,0,0,-1,0,2,1,1,1,1,1,0,-1,-1,0,0,-1,0,-1,-1,0]",t^8+44t^6+313t^4+157t^2+9,"[-2,-1,-1,0,0,1,1,2,1,2,2,2,1,2,0,1,2,2,2,1,0,1,2,3,1,2,0,1,0,2,1,0,3,-1,2,1]","[-2,-1,-1,0,0,1,1,2,1,2,2,3,0,2,0,-1,0,0,1,1,2,1,1,2,3,1,0,2,1,2,2,2,2,-1,1,2]","[-2,-1,-1,0,0,1,1,2,-1,0,0,0,1,2,4,1,-1,0,1,-1,1,-1,-1,1,0,3,0,1,0,-1,1,0,0,-1,0,-1]",c,"[[{8, 5}, {2, 7}, {1, 6}, {3, 4}], [{8, 5}, {3, 7}, {1, 6}, {2, 4}], [{8, 5}, {4, 7}, {1, 6}, {2, 3}]]",1,4 K_1^3 - 8 K_1^2 - 4 K_1 K_2 - K_1 + 4 K_2 + K_3 + 5,O1O2O3U4O5U6U7U5O8O7U3O6U1U2O4U8,O1O2O3U1O4U5U6U7O8U4O6O7U3O5U2U8,O1O2O3U4U2O5U1O6O7U8O4U6U7U5O8U3,c,{'O1O2O3U4O5U2U3O6U1O7O4U8U7U6O8U5'},1,"<a href=""/flatknot/8.1101923"">8.1101923</a>",t^9-44t^7-62t^6+187t^5+262t^4-191t^3-170t^2+92t-24,0,,
8.1101924,O1O2O3U4O5U2U3O6U5O7O4U1U8U6O8U7,4,z^3+32z^2+114z+109,w^4z^3+32w^3z^2+114w^2z+109w,False,False,"[[ 0 -2 -1  1  0  1  1  1 -1],[ 2  0 -1  1  0  2  1  1  1],[ 1  1  0  1 -1  2  0 -1  1],[-1 -1 -1  0 -2  1  0 -1 -1],[ 0  0  1  2  0  1  0  0  0],[-1 -2 -2 -1 -1  0  1  1 -2],[-1 -1  0  0  0 -1  0  0 -1],[-1 -1  1  1  0 -1  0  0 -1],[ 1 -1 -1  1  0  2  1  1  0]]","[[ 0  1  1  1  0 -1 -2],[-1  0  1 -1  0  1 -1],[-1 -1  0  1 -2 -1 -1],[-1  1 -1  0 -1 -2 -2],[ 0  0  2  1  0  1  0],[ 1 -1  1  2 -1  0  1],[ 2  1  1  2  0 -1  0]]",False,"[-1,-1,-1,0,1,2,-1,1,0,-1,1,-1,2,1,1,1,2,2,-1,0,-1]","[-2,-1,0,1,1,1,-1,0,1,1,2,-1,-1,1,2,0,2,1,1,-1,1]",t^6+22t^4+90t^2+1,"[-2,-1,0,1,1,1,2,2,1,2,2,2,0,1,3,0,-1,1,1,-1,1]","[-1,-1,-1,0,1,2,-1,1,-1,1,2,-1,1,3,2,0,0,1,2,2,2]","[-2,-1,0,1,1,1,-1,0,1,1,2,-1,-1,1,2,0,2,1,1,-1,1]",c,"[[{8, 1}, {2, 7}, {3, 6}, {4, 5}], [{8, 1}, {2, 7}, {4, 6}, {3, 5}], [{8, 1}, {2, 7}, {5, 6}, {3, 4}], [{8, 1}, {3, 7}, {2, 6}, {4, 5}], [{8, 1}, {3, 7}, {4, 6}, {2, 5}], [{8, 1}, {3, 7}, {5, 6}, {2, 4}], [{8, 1}, {3, 7}, {6}, {4, 5}, {2}], [{8, 1}, {4, 7}, {2, 6}, {3, 5}], [{8, 1}, {4, 7}, {3, 6}, {2, 5}], [{8, 1}, {4, 7}, {5, 6}, {2, 3}], [{8, 1}, {4, 7}, {5, 6}, {3}, {2}], [{8, 1}, {5, 7}, {2, 6}, {3, 4}], [{8, 1}, {5, 7}, {3, 6}, {2, 4}], [{8, 1}, {5, 7}, {4, 6}, {2, 3}], [{8, 1}, {5, 7}, {6}, {3, 4}, {2}], [{8, 1}, {6, 7}, {2, 5}, {3, 4}], [{8, 1}, {6, 7}, {3, 5}, {2, 4}], [{8, 1}, {6, 7}, {4, 5}, {2, 3}], [{8, 2}, {1, 7}, {3, 6}, {4, 5}], [{8, 2}, {1, 7}, {4, 6}, {3, 5}], [{8, 2}, {1, 7}, {5, 6}, {3, 4}], [{8, 2}, {3, 7}, {1, 6}, {4, 5}], [{8, 2}, {3, 7}, {4, 6}, {1, 5}], [{8, 2}, {3, 7}, {5, 6}, {1, 4}], [{8, 2}, {3, 7}, {6}, {1, 5}, {4}], [{8, 2}, {3, 7}, {6}, {4, 5}, {1}], [{8, 2}, {3, 7}, {6}, {5}, {1, 4}], [{8, 2}, {4, 7}, {1, 6}, {3, 5}], [{8, 2}, {4, 7}, {3, 6}, {1, 5}], [{8, 2}, {4, 7}, {5, 6}, {1, 3}], [{8, 2}, {4, 7}, {6}, {5}, {1, 3}], [{8, 2}, {5, 7}, {1, 6}, {3, 4}], [{8, 2}, {5, 7}, {3, 6}, {1, 4}], [{8, 2}, {5, 7}, {4, 6}, {1, 3}], [{8, 2}, {5, 7}, {6}, {3, 4}, {1}], [{8, 2}, {6, 7}, {1, 5}, {3, 4}], [{8, 2}, {6, 7}, {3, 5}, {1, 4}], [{8, 2}, {6, 7}, {4, 5}, {1, 3}], [{8, 2}, {6, 7}, {5}, {4}, {1, 3}], [{8, 2}, {7}, {4, 6}, {5}, {1, 3}], [{8, 2}, {7}, {5, 6}, {1, 4}, {3}], [{8, 3}, {1, 7}, {2, 6}, {4, 5}], [{8, 3}, {1, 7}, {4, 6}, {2, 5}], [{8, 3}, {1, 7}, {5, 6}, {2, 4}], [{8, 3}, {1, 7}, {5, 6}, {4}, {2}], [{8, 3}, {2, 7}, {1, 6}, {4, 5}], [{8, 3}, {2, 7}, {4, 6}, {1, 5}], [{8, 3}, {2, 7}, {5, 6}, {1, 4}], [{8, 3}, {2, 7}, {6}, {5}, {1, 4}], [{8, 3}, {4, 7}, {1, 6}, {2, 5}], [{8, 3}, {4, 7}, {2, 6}, {1, 5}], [{8, 3}, {4, 7}, {5, 6}, {1, 2}], [{8, 3}, {4, 7}, {5, 6}, {2}, {1}], [{8, 3}, {5, 7}, {1, 6}, {2, 4}], [{8, 3}, {5, 7}, {1, 6}, {4}, {2}], [{8, 3}, {5, 7}, {2, 6}, {1, 4}], [{8, 3}, {5, 7}, {4, 6}, {1, 2}], [{8, 3}, {6, 7}, {1, 5}, {2, 4}], [{8, 3}, {6, 7}, {2, 5}, {1, 4}], [{8, 3}, {6, 7}, {4, 5}, {1, 2}], [{8, 3}, {7}, {5, 6}, {1, 4}, {2}], [{8, 3}, {7}, {6}, {1, 5}, {2, 4}], [{8, 4}, {1, 7}, {2, 6}, {3, 5}], [{8, 4}, {1, 7}, {2, 6}, {5}, {3}], [{8, 4}, {1, 7}, {3, 6}, {2, 5}], [{8, 4}, {1, 7}, {5, 6}, {2, 3}], [{8, 4}, {2, 7}, {1, 6}, {3, 5}], [{8, 4}, {2, 7}, {3, 6}, {1, 5}], [{8, 4}, {2, 7}, {5, 6}, {1, 3}], [{8, 4}, {3, 7}, {1, 6}, {2, 5}], [{8, 4}, {3, 7}, {2, 6}, {1, 5}], [{8, 4}, {3, 7}, {5, 6}, {1, 2}], [{8, 4}, {3, 7}, {6}, {1, 5}, {2}], [{8, 4}, {5, 7}, {1, 6}, {2, 3}], [{8, 4}, {5, 7}, {1, 6}, {3}, {2}], [{8, 4}, {5, 7}, {2, 6}, {1, 3}], [{8, 4}, {5, 7}, {3, 6}, {1, 2}], [{8, 4}, {6, 7}, {1, 5}, {2, 3}], [{8, 4}, {6, 7}, {2, 5}, {1, 3}], [{8, 4}, {6, 7}, {3, 5}, {1, 2}], [{8, 4}, {7}, {6}, {2, 5}, {1, 3}], [{8, 5}, {1, 7}, {2, 6}, {3, 4}], [{8, 5}, {1, 7}, {3, 6}, {2, 4}], [{8, 5}, {1, 7}, {4, 6}, {2, 3}], [{8, 5}, {2, 7}, {1, 6}, {3, 4}], [{8, 5}, {2, 7}, {3, 6}, {1, 4}], [{8, 5}, {2, 7}, {4, 6}, {1, 3}], [{8, 5}, {2, 7}, {6}, {1, 4}, {3}], [{8, 5}, {3, 7}, {1, 6}, {2, 4}], [{8, 5}, {3, 7}, {2, 6}, {1, 4}], [{8, 5}, {3, 7}, {4, 6}, {1, 2}], [{8, 5}, {3, 7}, {6}, {1, 4}, {2}], [{8, 5}, {4, 7}, {1, 6}, {2, 3}], [{8, 5}, {4, 7}, {2, 6}, {1, 3}], [{8, 5}, {4, 7}, {3, 6}, {1, 2}], [{8, 5}, {4, 7}, {6}, {1, 3}, {2}], [{8, 5}, {6, 7}, {1, 4}, {2, 3}], [{8, 5}, {6, 7}, {2, 4}, {1, 3}], [{8, 5}, {6, 7}, {3, 4}, {1, 2}], [{8, 5}, {6, 7}, {4}, {1, 3}, {2}], [{8, 5}, {7}, {1, 6}, {3, 4}, {2}], [{8, 5}, {7}, {4, 6}, {1, 3}, {2}], [{8, 5}, {7}, {6}, {1, 4}, {2, 3}], [{8, 6}, {1, 7}, {2, 5}, {3, 4}], [{8, 6}, {1, 7}, {2, 5}, {4}, {3}], [{8, 6}, {1, 7}, {3, 5}, {2, 4}], [{8, 6}, {1, 7}, {3, 5}, {4}, {2}], [{8, 6}, {1, 7}, {4, 5}, {2, 3}], [{8, 6}, {1, 7}, {4, 5}, {3}, {2}], [{8, 6}, {1, 7}, {5}, {2, 4}, {3}], [{8, 6}, {1, 7}, {5}, {3, 4}, {2}], [{8, 6}, {1, 7}, {5}, {4}, {2, 3}], [{8, 6}, {2, 7}, {1, 5}, {3, 4}], [{8, 6}, {2, 7}, {1, 5}, {4}, {3}], [{8, 6}, {2, 7}, {3, 5}, {1, 4}], [{8, 6}, {2, 7}, {3, 5}, {4}, {1}], [{8, 6}, {2, 7}, {4, 5}, {1, 3}], [{8, 6}, {2, 7}, {4, 5}, {3}, {1}], [{8, 6}, {2, 7}, {5}, {1, 4}, {3}], [{8, 6}, {2, 7}, {5}, {3, 4}, {1}], [{8, 6}, {2, 7}, {5}, {4}, {1, 3}], [{8, 6}, {3, 7}, {1, 5}, {2, 4}], [{8, 6}, {3, 7}, {1, 5}, {4}, {2}], [{8, 6}, {3, 7}, {2, 5}, {1, 4}], [{8, 6}, {3, 7}, {2, 5}, {4}, {1}], [{8, 6}, {3, 7}, {4, 5}, {1, 2}], [{8, 6}, {3, 7}, {4, 5}, {2}, {1}], [{8, 6}, {3, 7}, {5}, {1, 4}, {2}], [{8, 6}, {3, 7}, {5}, {2, 4}, {1}], [{8, 6}, {3, 7}, {5}, {4}, {1, 2}], [{8, 6}, {4, 7}, {1, 5}, {2, 3}], [{8, 6}, {4, 7}, {1, 5}, {3}, {2}], [{8, 6}, {4, 7}, {2, 5}, {1, 3}], [{8, 6}, {4, 7}, {2, 5}, {3}, {1}], [{8, 6}, {4, 7}, {3, 5}, {1, 2}], [{8, 6}, {4, 7}, {3, 5}, {2}, {1}], [{8, 6}, {4, 7}, {5}, {1, 3}, {2}], [{8, 6}, {4, 7}, {5}, {2, 3}, {1}], [{8, 6}, {4, 7}, {5}, {3}, {1, 2}], [{8, 6}, {5, 7}, {1, 4}, {2, 3}], [{8, 6}, {5, 7}, {1, 4}, {3}, {2}], [{8, 6}, {5, 7}, {2, 4}, {1, 3}], [{8, 6}, {5, 7}, {2, 4}, {3}, {1}], [{8, 6}, {5, 7}, {3, 4}, {1, 2}], [{8, 6}, {5, 7}, {3, 4}, {2}, {1}], [{8, 6}, {5, 7}, {4}, {1, 3}, {2}], [{8, 6}, {5, 7}, {4}, {2, 3}, {1}], [{8, 6}, {5, 7}, {4}, {3}, {1, 2}], [{8, 6}, {7}, {1, 5}, {2, 4}, {3}], [{8, 6}, {7}, {1, 5}, {3, 4}, {2}], [{8, 6}, {7}, {1, 5}, {4}, {2, 3}], [{8, 6}, {7}, {2, 5}, {1, 4}, {3}], [{8, 6}, {7}, {2, 5}, {3, 4}, {1}], [{8, 6}, {7}, {2, 5}, {4}, {1, 3}], [{8, 6}, {7}, {3, 5}, {1, 4}, {2}], [{8, 6}, {7}, {3, 5}, {2, 4}, {1}], [{8, 6}, {7}, {3, 5}, {4}, {1, 2}], [{8, 6}, {7}, {4, 5}, {1, 3}, {2}], [{8, 6}, {7}, {4, 5}, {2, 3}, {1}], [{8, 6}, {7}, {4, 5}, {3}, {1, 2}], [{8, 6}, {7}, {5}, {1, 4}, {2, 3}], [{8, 6}, {7}, {5}, {2, 4}, {1, 3}], [{8, 6}, {7}, {5}, {3, 4}, {1, 2}], [{8, 7}, {1, 6}, {2, 5}, {3, 4}], [{8, 7}, {1, 6}, {2, 5}, {4}, {3}], [{8, 7}, {1, 6}, {3, 5}, {2, 4}], [{8, 7}, {1, 6}, {4, 5}, {2, 3}], [{8, 7}, {1, 6}, {5}, {3, 4}, {2}], [{8, 7}, {2, 6}, {1, 5}, {3, 4}], [{8, 7}, {2, 6}, {3, 5}, {1, 4}], [{8, 7}, {2, 6}, {4, 5}, {1, 3}], [{8, 7}, {3, 6}, {1, 5}, {2, 4}], [{8, 7}, {3, 6}, {2, 5}, {1, 4}], [{8, 7}, {3, 6}, {2, 5}, {4}, {1}], [{8, 7}, {3, 6}, {4, 5}, {1, 2}], [{8, 7}, {4, 6}, {1, 5}, {2, 3}], [{8, 7}, {4, 6}, {2, 5}, {1, 3}], [{8, 7}, {4, 6}, {3, 5}, {1, 2}], [{8, 7}, {5, 6}, {1, 4}, {2, 3}], [{8, 7}, {5, 6}, {1, 4}, {3}, {2}], [{8, 7}, {5, 6}, {2, 4}, {1, 3}], [{8, 7}, {5, 6}, {3, 4}, {1, 2}], [{8, 7}, {6}, {1, 5}, {2, 4}, {3}], [{8, 7}, {6}, {2, 5}, {4}, {1, 3}], [{8, 7}, {6}, {5}, {1, 4}, {2, 3}], [{8}, {1, 7}, {6}, {2, 5}, {3, 4}], [{8}, {1, 7}, {6}, {3, 5}, {2, 4}], [{8}, {1, 7}, {6}, {4, 5}, {2, 3}], [{8}, {2, 7}, {3, 6}, {5}, {1, 4}], [{8}, {2, 7}, {5, 6}, {1, 4}, {3}], [{8}, {2, 7}, {6}, {1, 5}, {3, 4}], [{8}, {2, 7}, {6}, {3, 5}, {1, 4}], [{8}, {2, 7}, {6}, {4, 5}, {1, 3}], [{8}, {2, 7}, {6}, {5}, {1, 4}, {3}], [{8}, {3, 7}, {1, 6}, {4, 5}, {2}], [{8}, {3, 7}, {2, 6}, {1, 5}, {4}], [{8}, {3, 7}, {2, 6}, {4, 5}, {1}], [{8}, {3, 7}, {2, 6}, {5}, {1, 4}], [{8}, {3, 7}, {4, 6}, {1, 5}, {2}], [{8}, {3, 7}, {5, 6}, {1, 4}, {2}], [{8}, {3, 7}, {6}, {1, 5}, {2, 4}], [{8}, {3, 7}, {6}, {1, 5}, {4}, {2}], [{8}, {3, 7}, {6}, {2, 5}, {1, 4}], [{8}, {3, 7}, {6}, {4, 5}, {1, 2}], [{8}, {3, 7}, {6}, {4, 5}, {2}, {1}], [{8}, {3, 7}, {6}, {5}, {1, 4}, {2}], [{8}, {4, 7}, {2, 6}, {5}, {1, 3}], [{8}, {4, 7}, {5, 6}, {1, 3}, {2}], [{8}, {4, 7}, {6}, {1, 5}, {2, 3}], [{8}, {4, 7}, {6}, {2, 5}, {1, 3}], [{8}, {4, 7}, {6}, {3, 5}, {1, 2}], [{8}, {4, 7}, {6}, {5}, {1, 3}, {2}], [{8}, {5, 7}, {1, 6}, {3, 4}, {2}], [{8}, {5, 7}, {2, 6}, {3, 4}, {1}], [{8}, {5, 7}, {6}, {1, 4}, {2, 3}], [{8}, {5, 7}, {6}, {2, 4}, {1, 3}], [{8}, {5, 7}, {6}, {3, 4}, {1, 2}], [{8}, {5, 7}, {6}, {3, 4}, {2}, {1}], [{8}, {6, 7}, {1, 5}, {2, 4}, {3}], [{8}, {6, 7}, {2, 5}, {4}, {1, 3}], [{8}, {6, 7}, {5}, {1, 4}, {2, 3}], [{8}, {7}, {3, 6}, {1, 5}, {2, 4}], [{8}, {7}, {4, 6}, {2, 5}, {1, 3}], [{8}, {7}, {5, 6}, {1, 4}, {2, 3}], [{8}, {7}, {6}, {1, 5}, {2, 4}, {3}], [{8}, {7}, {6}, {2, 5}, {4}, {1, 3}], [{8}, {7}, {6}, {5}, {1, 4}, {2, 3}]]",2,28 K_1^3 - 22 K_1^2 - 24 K_1 K_2 - 9 K_1 + 11 K_2 + 5 K_3 + 12,O1O2O3U4O5U6U5U3O7O4U8O6U1U2O8U7,O1O2O3U2O4U1U5U6O7U8O5O6U3O8U4U7,O1O2O3U4U5O6U1O7O8U6O4U7U8U3O5U2,c,{'O1O2O3U4O5U2U3O6U5O7O4U1U8U6O8U7'},1,"<a href=""/flatknot/8.1101924"">8.1101924</a>",t^7-24t^5-44t^4+31t^3+96t^2+50t+10,t^2-2t,,
8.1101925,O1O2O3U4O5U2U3O6U5O7O4U1U8U7O8U6,3,18z^2+71z+71,-6w^4z^2+24w^3z^2-6w^3z+77w^2z+71w,False,False,"[[ 0 -2 -1  1  0  1  1  1 -1],[ 2  0 -1  1  0  2  2  0  1],[ 1  1  0  1 -1  2  0 -1  1],[-1 -1 -1  0 -2  1  0 -1 -1],[ 0  0  1  2  0  1 -1  1  0],[-1 -2 -2 -1 -1  0  1  0 -1],[-1 -2  0  0  1 -1  0  1 -2],[-1  0  1  1 -1  0 -1  0 -1],[ 1 -1 -1  1  0  1  2  1  0]]","[[ 0  1  1  1  1  0 -1 -1 -2],[-1  0  1  0 -1  1  0 -2 -2],[-1 -1  0  1  0 -1  1 -1  0],[-1  0 -1  0  1 -2 -1 -1 -1],[-1  1  0 -1  0 -1 -2 -1 -2],[ 0 -1  1  2  1  0  1  0  0],[ 1  0 -1  1  2 -1  0  1  1],[ 1  2  1  1  1  0 -1  0 -1],[ 2  2  0  1  2  0 -1  1  0]]",True,"[-1,-1,-1,-1,0,1,1,2,-1,0,1,-1,0,2,2,-1,0,1,-1,1,0,-1,2,1,1,1,1,2,1,2,-1,0,0,-1,-1,1]","[-2,-1,-1,0,1,1,1,1,-1,1,0,0,1,2,2,1,-1,-1,1,0,2,0,1,1,2,1,1,2,-1,1,1,-1,0,0,1,-1]",t^8+37t^6+310t^4+176t^2,"[-2,-1,-1,0,1,1,1,1,0,2,2,1,1,2,3,1,1,0,1,1,1,2,2,0,1,3,2,0,-1,0,1,0,-1,1,0,1]","[-1,-1,-1,-1,0,1,1,2,-1,0,1,-1,1,1,2,-1,0,0,1,3,3,-1,2,0,2,1,0,1,0,1,1,2,2,-1,0,2]","[-2,-1,-1,0,1,1,1,1,-1,1,0,0,1,2,2,1,-1,-1,1,0,2,0,1,1,2,1,1,2,-1,1,1,-1,0,0,1,-1]",c,"[[{8, 1}, {2, 7}, {3, 6}, {4, 5}], [{8, 1}, {2, 7}, {4, 6}, {3, 5}], [{8, 1}, {2, 7}, {5, 6}, {3, 4}], [{8, 1}, {3, 7}, {2, 6}, {4, 5}], [{8, 1}, {3, 7}, {4, 6}, {2, 5}], [{8, 1}, {3, 7}, {5, 6}, {2, 4}], [{8, 1}, {4, 7}, {2, 6}, {3, 5}], [{8, 1}, {4, 7}, {3, 6}, {2, 5}], [{8, 1}, {4, 7}, {5, 6}, {2, 3}], [{8, 1}, {5, 7}, {2, 6}, {3, 4}], [{8, 1}, {5, 7}, {3, 6}, {2, 4}], [{8, 1}, {5, 7}, {4, 6}, {2, 3}], [{8, 1}, {6, 7}, {2, 5}, {3, 4}], [{8, 1}, {6, 7}, {2, 5}, {4}, {3}], [{8, 1}, {6, 7}, {3, 5}, {2, 4}], [{8, 1}, {6, 7}, {4, 5}, {2, 3}], [{8, 1}, {7}, {4, 6}, {3, 5}, {2}], [{8, 1}, {7}, {5, 6}, {2, 4}, {3}], [{8, 2}, {1, 7}, {3, 6}, {4, 5}], [{8, 2}, {1, 7}, {4, 6}, {3, 5}], [{8, 2}, {1, 7}, {5, 6}, {3, 4}], [{8, 2}, {1, 7}, {6}, {4, 5}, {3}], [{8, 2}, {3, 7}, {1, 6}, {4, 5}], [{8, 2}, {3, 7}, {1, 6}, {5}, {4}], [{8, 2}, {3, 7}, {4, 6}, {1, 5}], [{8, 2}, {3, 7}, {4, 6}, {5}, {1}], [{8, 2}, {3, 7}, {5, 6}, {1, 4}], [{8, 2}, {3, 7}, {5, 6}, {4}, {1}], [{8, 2}, {3, 7}, {6}, {1, 5}, {4}], [{8, 2}, {3, 7}, {6}, {4, 5}, {1}], [{8, 2}, {3, 7}, {6}, {5}, {1, 4}], [{8, 2}, {4, 7}, {1, 6}, {3, 5}], [{8, 2}, {4, 7}, {3, 6}, {1, 5}], [{8, 2}, {4, 7}, {3, 6}, {5}, {1}], [{8, 2}, {4, 7}, {5, 6}, {1, 3}], [{8, 2}, {5, 7}, {1, 6}, {3, 4}], [{8, 2}, {5, 7}, {3, 6}, {1, 4}], [{8, 2}, {5, 7}, {3, 6}, {4}, {1}], [{8, 2}, {5, 7}, {4, 6}, {1, 3}], [{8, 2}, {6, 7}, {1, 5}, {3, 4}], [{8, 2}, {6, 7}, {3, 5}, {1, 4}], [{8, 2}, {6, 7}, {4, 5}, {1, 3}], [{8, 2}, {6, 7}, {4, 5}, {3}, {1}], [{8, 2}, {7}, {1, 6}, {4, 5}, {3}], [{8, 2}, {7}, {3, 6}, {4, 5}, {1}], [{8, 2}, {7}, {4, 6}, {1, 5}, {3}], [{8, 2}, {7}, {5, 6}, {1, 4}, {3}], [{8, 2}, {7}, {6}, {4, 5}, {1, 3}], [{8, 2}, {7}, {6}, {4, 5}, {3}, {1}], [{8, 3}, {1, 7}, {2, 6}, {4, 5}], [{8, 3}, {1, 7}, {2, 6}, {5}, {4}], [{8, 3}, {1, 7}, {4, 6}, {2, 5}], [{8, 3}, {1, 7}, {4, 6}, {5}, {2}], [{8, 3}, {1, 7}, {5, 6}, {2, 4}], [{8, 3}, {1, 7}, {6}, {5}, {2, 4}], [{8, 3}, {2, 7}, {1, 6}, {4, 5}], [{8, 3}, {2, 7}, {1, 6}, {5}, {4}], [{8, 3}, {2, 7}, {4, 6}, {1, 5}], [{8, 3}, {2, 7}, {4, 6}, {5}, {1}], [{8, 3}, {2, 7}, {5, 6}, {1, 4}], [{8, 3}, {2, 7}, {5, 6}, {4}, {1}], [{8, 3}, {2, 7}, {6}, {1, 5}, {4}], [{8, 3}, {2, 7}, {6}, {4, 5}, {1}], [{8, 3}, {2, 7}, {6}, {5}, {1, 4}], [{8, 3}, {4, 7}, {1, 6}, {2, 5}], [{8, 3}, {4, 7}, {2, 6}, {1, 5}], [{8, 3}, {4, 7}, {5, 6}, {1, 2}], [{8, 3}, {4, 7}, {6}, {1, 5}, {2}], [{8, 3}, {5, 7}, {1, 6}, {2, 4}], [{8, 3}, {5, 7}, {2, 6}, {1, 4}], [{8, 3}, {5, 7}, {2, 6}, {4}, {1}], [{8, 3}, {5, 7}, {4, 6}, {1, 2}], [{8, 3}, {5, 7}, {4, 6}, {2}, {1}], [{8, 3}, {5, 7}, {6}, {2, 4}, {1}], [{8, 3}, {6, 7}, {1, 5}, {2, 4}], [{8, 3}, {6, 7}, {1, 5}, {4}, {2}], [{8, 3}, {6, 7}, {2, 5}, {1, 4}], [{8, 3}, {6, 7}, {4, 5}, {1, 2}], [{8, 3}, {7}, {1, 6}, {4, 5}, {2}], [{8, 3}, {7}, {2, 6}, {1, 5}, {4}], [{8, 3}, {7}, {4, 6}, {1, 5}, {2}], [{8, 3}, {7}, {4, 6}, {2, 5}, {1}], [{8, 3}, {7}, {4, 6}, {5}, {1, 2}], [{8, 3}, {7}, {4, 6}, {5}, {2}, {1}], [{8, 3}, {7}, {5, 6}, {1, 4}, {2}], [{8, 3}, {7}, {6}, {1, 5}, {2, 4}], [{8, 3}, {7}, {6}, {1, 5}, {4}, {2}], [{8, 4}, {1, 7}, {2, 6}, {3, 5}], [{8, 4}, {1, 7}, {2, 6}, {5}, {3}], [{8, 4}, {1, 7}, {3, 6}, {2, 5}], [{8, 4}, {1, 7}, {5, 6}, {2, 3}], [{8, 4}, {1, 7}, {5, 6}, {3}, {2}], [{8, 4}, {1, 7}, {6}, {2, 5}, {3}], [{8, 4}, {2, 7}, {1, 6}, {3, 5}], [{8, 4}, {2, 7}, {1, 6}, {5}, {3}], [{8, 4}, {2, 7}, {3, 6}, {1, 5}], [{8, 4}, {2, 7}, {5, 6}, {1, 3}], [{8, 4}, {3, 7}, {1, 6}, {2, 5}], [{8, 4}, {3, 7}, {2, 6}, {1, 5}], [{8, 4}, {3, 7}, {5, 6}, {1, 2}], [{8, 4}, {3, 7}, {6}, {2, 5}, {1}], [{8, 4}, {5, 7}, {1, 6}, {2, 3}], [{8, 4}, {5, 7}, {1, 6}, {3}, {2}], [{8, 4}, {5, 7}, {2, 6}, {1, 3}], [{8, 4}, {5, 7}, {3, 6}, {1, 2}], [{8, 4}, {6, 7}, {1, 5}, {2, 3}], [{8, 4}, {6, 7}, {2, 5}, {1, 3}], [{8, 4}, {6, 7}, {2, 5}, {3}, {1}], [{8, 4}, {6, 7}, {3, 5}, {1, 2}], [{8, 4}, {7}, {1, 6}, {2, 5}, {3}], [{8, 4}, {7}, {3, 6}, {1, 5}, {2}], [{8, 4}, {7}, {3, 6}, {2, 5}, {1}], [{8, 4}, {7}, {3, 6}, {5}, {1, 2}], [{8, 4}, {7}, {6}, {2, 5}, {1, 3}], [{8, 4}, {7}, {6}, {2, 5}, {3}, {1}], [{8, 5}, {1, 7}, {2, 6}, {3, 4}], [{8, 5}, {1, 7}, {2, 6}, {4}, {3}], [{8, 5}, {1, 7}, {3, 6}, {2, 4}], [{8, 5}, {1, 7}, {4, 6}, {2, 3}], [{8, 5}, {2, 7}, {1, 6}, {3, 4}], [{8, 5}, {2, 7}, {1, 6}, {4}, {3}], [{8, 5}, {2, 7}, {3, 6}, {1, 4}], [{8, 5}, {2, 7}, {3, 6}, {4}, {1}], [{8, 5}, {2, 7}, {4, 6}, {1, 3}], [{8, 5}, {2, 7}, {6}, {4}, {1, 3}], [{8, 5}, {3, 7}, {1, 6}, {2, 4}], [{8, 5}, {3, 7}, {2, 6}, {1, 4}], [{8, 5}, {3, 7}, {2, 6}, {4}, {1}], [{8, 5}, {3, 7}, {4, 6}, {1, 2}], [{8, 5}, {4, 7}, {1, 6}, {2, 3}], [{8, 5}, {4, 7}, {2, 6}, {1, 3}], [{8, 5}, {4, 7}, {3, 6}, {1, 2}], [{8, 5}, {4, 7}, {6}, {1, 3}, {2}], [{8, 5}, {6, 7}, {1, 4}, {2, 3}], [{8, 5}, {6, 7}, {2, 4}, {1, 3}], [{8, 5}, {6, 7}, {3, 4}, {1, 2}], [{8, 5}, {6, 7}, {4}, {1, 3}, {2}], [{8, 5}, {7}, {2, 6}, {4}, {1, 3}], [{8, 5}, {7}, {4, 6}, {1, 3}, {2}], [{8, 5}, {7}, {6}, {2, 4}, {1, 3}], [{8, 5}, {7}, {6}, {4}, {1, 3}, {2}], [{8, 6}, {1, 7}, {2, 5}, {3, 4}], [{8, 6}, {1, 7}, {3, 5}, {2, 4}], [{8, 6}, {1, 7}, {4, 5}, {2, 3}], [{8, 6}, {1, 7}, {4, 5}, {3}, {2}], [{8, 6}, {2, 7}, {1, 5}, {3, 4}], [{8, 6}, {2, 7}, {3, 5}, {1, 4}], [{8, 6}, {2, 7}, {4, 5}, {1, 3}], [{8, 6}, {3, 7}, {1, 5}, {2, 4}], [{8, 6}, {3, 7}, {2, 5}, {1, 4}], [{8, 6}, {3, 7}, {4, 5}, {1, 2}], [{8, 6}, {4, 7}, {1, 5}, {2, 3}], [{8, 6}, {4, 7}, {2, 5}, {1, 3}], [{8, 6}, {4, 7}, {3, 5}, {1, 2}], [{8, 6}, {4, 7}, {5}, {1, 3}, {2}], [{8, 6}, {5, 7}, {1, 4}, {2, 3}], [{8, 6}, {5, 7}, {1, 4}, {3}, {2}], [{8, 6}, {5, 7}, {2, 4}, {1, 3}], [{8, 6}, {5, 7}, {3, 4}, {1, 2}], [{8, 6}, {7}, {1, 5}, {3, 4}, {2}], [{8, 6}, {7}, {2, 5}, {3, 4}, {1}], [{8, 6}, {7}, {3, 5}, {2, 4}, {1}], [{8, 6}, {7}, {5}, {3, 4}, {1, 2}], [{8, 7}, {1, 6}, {2, 5}, {3, 4}], [{8, 7}, {1, 6}, {3, 5}, {2, 4}], [{8, 7}, {1, 6}, {4, 5}, {2, 3}], [{8, 7}, {1, 6}, {4, 5}, {3}, {2}], [{8, 7}, {1, 6}, {5}, {4}, {2, 3}], [{8, 7}, {2, 6}, {1, 5}, {3, 4}], [{8, 7}, {2, 6}, {3, 5}, {1, 4}], [{8, 7}, {2, 6}, {4, 5}, {1, 3}], [{8, 7}, {3, 6}, {1, 5}, {2, 4}], [{8, 7}, {3, 6}, {2, 5}, {1, 4}], [{8, 7}, {3, 6}, {4, 5}, {1, 2}], [{8, 7}, {4, 6}, {1, 5}, {2, 3}], [{8, 7}, {4, 6}, {1, 5}, {3}, {2}], [{8, 7}, {4, 6}, {2, 5}, {1, 3}], [{8, 7}, {4, 6}, {3, 5}, {1, 2}], [{8, 7}, {4, 6}, {5}, {2, 3}, {1}], [{8, 7}, {5, 6}, {1, 4}, {2, 3}], [{8, 7}, {5, 6}, {1, 4}, {3}, {2}], [{8, 7}, {5, 6}, {2, 4}, {1, 3}], [{8, 7}, {5, 6}, {3, 4}, {1, 2}], [{8, 7}, {5, 6}, {4}, {2, 3}, {1}], [{8, 7}, {6}, {1, 5}, {4}, {2, 3}], [{8, 7}, {6}, {4, 5}, {2, 3}, {1}], [{8, 7}, {6}, {5}, {1, 4}, {2, 3}], [{8}, {1, 7}, {2, 6}, {3, 5}, {4}], [{8}, {1, 7}, {2, 6}, {4, 5}, {3}], [{8}, {1, 7}, {2, 6}, {5}, {3, 4}], [{8}, {1, 7}, {2, 6}, {5}, {4}, {3}], [{8}, {2, 7}, {1, 6}, {3, 5}, {4}], [{8}, {2, 7}, {1, 6}, {4, 5}, {3}], [{8}, {2, 7}, {1, 6}, {5}, {3, 4}], [{8}, {2, 7}, {1, 6}, {5}, {4}, {3}], [{8}, {2, 7}, {4, 6}, {1, 5}, {3}], [{8}, {2, 7}, {5, 6}, {1, 4}, {3}], [{8}, {3, 7}, {1, 6}, {4, 5}, {2}], [{8}, {3, 7}, {4, 6}, {1, 5}, {2}], [{8}, {3, 7}, {5, 6}, {1, 4}, {2}], [{8}, {4, 7}, {5, 6}, {1, 3}, {2}], [{8}, {6, 7}, {2, 5}, {1, 4}, {3}], [{8}, {7}, {1, 6}, {4, 5}, {2, 3}], [{8}, {7}, {4, 6}, {1, 5}, {2, 3}], [{8}, {7}, {4, 6}, {1, 5}, {3}, {2}], [{8}, {7}, {5, 6}, {1, 4}, {2, 3}]]",2,8 K_1^3 - 10 K_1^2 - 8 K_1 K_2 - 2 K_1 + 5 K_2 + 2 K_3 + 6,O1O2O3U4O5U6U5U3O7O6U8O4U1U2O8U7,O1O2O3U2O4U1U5U6O7U8O5O6U4O8U3U7,O1O2O3U4U1O5U6O7O8U5O4U7U8U3O6U2,c,{'O1O2O3U4O5U2U3O6U5O7O4U1U8U7O8U6'},1,"<a href=""/flatknot/8.1101925"">8.1101925</a>",t^9-39t^7-88t^6+127t^5+438t^4+115t^3-298t^2-120t+16,t^2-2t,,
8.1101926,O1O2O3U4O5U2U3O6U5O7O4U6U8U1O8U7,3,18z^2+75z+79,-12w^4z^2+30w^3z^2-8w^3z+83w^2z+79w,False,False,"[[ 0  0 -1  1  0  1 -1  1 -1],[ 0  0 -1  1 -1  1  0  0  0],[ 1  1  0  1 -1  2  0 -1  1],[-1 -1 -1  0 -2  1  0 -1 -1],[ 0  1  1  2  0  1 -2  0 -1],[-1 -1 -2 -1 -1  0  1  1 -1],[ 1  0  0  0  2 -1  0  1  1],[-1  0  1  1  0 -1 -1  0 -1],[ 1  0 -1  1  1  1 -1  1  0]]","[[ 0  1  1  1  0  0 -1 -1 -1],[-1  0  1 -1  0  0  1 -1 -1],[-1 -1  0  1 -1 -2 -1  0 -1],[-1  1 -1  0 -1 -1 -2  1 -1],[ 0  0  1  1  0 -1 -1  0  0],[ 0  0  2  1  1  0  1 -2 -1],[ 1 -1  1  2  1 -1  0  0  1],[ 1  1  0 -1  0  2  0  0  1],[ 1  1  1  1  0  1 -1 -1  0]]",True,"[-1,-1,-1,0,0,1,1,1,-1,1,0,0,-1,1,1,-1,1,2,1,0,1,1,1,2,-1,1,1,1,0,0,-1,2,1,0,-1,-1]","[-1,-1,-1,0,0,1,1,1,-1,-1,0,1,1,1,1,0,0,2,-1,0,1,1,-1,2,1,-1,-1,1,1,0,1,2,0,-1,1,-1]",t^8+31t^6+206t^4+141t^2,"[-1,-1,-1,0,0,1,1,1,-1,0,-1,1,1,2,3,1,0,1,1,1,1,2,0,3,1,0,-1,1,-1,0,1,0,0,-1,1,-1]","[-1,-1,-1,0,0,1,1,1,-1,1,-1,0,1,1,2,-1,1,1,1,3,1,0,0,1,0,3,1,0,2,-1,1,0,1,-1,-1,0]","[-1,-1,-1,0,0,1,1,1,-1,-1,0,1,1,1,1,0,0,2,-1,0,1,1,-1,2,1,-1,-1,1,1,0,1,2,0,-1,1,-1]",c,"[[{8, 3}, {2, 7}, {5, 6}, {1, 4}], [{8, 5}, {2, 7}, {3, 6}, {1, 4}], [{8, 5}, {2, 7}, {3, 6}, {4}, {1}]]",1,- 12 K_1^2 + 6 K_2 + 7,O1O2O3U4O5U3U5U6O7O4U8O6U1U2O8U7,O1O2O3U2O4U3U5U6O7U8O5O6U1O8U4U7,O1O2O3U4U5O6U3O7O8U6O4U7U8U1O5U2,c,{'O1O2O3U4O5U2U3O6U5O7O4U6U8U1O8U7'},1,"<a href=""/flatknot/8.1101926"">8.1101926</a>",t^9-31t^7-74t^6+114t^4+66t^3-2t^2,0,,
8.1101927,O1O2O3U4O5U2U3O6U5O7O4U7U8U1O8U6,4,3z^3+32z^2+108z+113,3w^4z^3+32w^3z^2+108w^2z+113w,False,False,"[[ 0  0 -1  1  0  1  1 -1 -1],[ 0  0 -1  1 -1  2  0 -1  0],[ 1  1  0  1 -1  2  0 -1  1],[-1 -1 -1  0 -2  1  0 -1 -1],[ 0  1  1  2  0  1 -1 -1 -1],[-1 -2 -2 -1 -1  0  1  0 -1],[-1  0  0  0  1 -1  0  0 -1],[ 1  1  1  1  1  0  0  0  1],[ 1  0 -1  1  1  1  1 -1  0]]","[[ 0  1  1  1  0  0 -1 -1 -1],[-1  0  1  0 -1 -2 -1 -1 -1],[-1 -1  0  1 -2 -1  0 -1 -2],[-1  0 -1  0  0  1  0 -1  0],[ 0  1  2  0  0 -1 -1  0 -1],[ 0  2  1 -1  1  0 -1 -1  1],[ 1  1  0  0  1  1  0  1  1],[ 1  1  1  1  0  1 -1  0 -1],[ 1  1  2  0  1 -1 -1  1  0]]",True,"[-1,-1,-1,0,0,1,1,1,-1,0,1,2,1,1,1,-1,2,1,0,1,2,0,-1,0,1,0,1,1,0,1,1,1,-1,-1,-1,1]","[-1,-1,-1,0,0,1,1,1,-1,-1,0,0,1,2,2,-1,0,2,1,0,2,1,0,1,1,1,1,0,-1,1,-1,0,2,-1,0,-1]",t^8+31t^6+154t^4+39t^2+1,"[-1,-1,-1,0,0,1,1,1,-1,-1,0,0,1,2,2,-1,0,2,1,0,2,1,0,1,1,1,1,0,-1,1,-1,0,2,-1,0,-1]","[-1,-1,-1,0,0,1,1,1,-1,0,1,2,1,2,2,-1,-1,0,1,0,2,0,-1,1,1,1,-1,1,0,0,0,2,0,-1,-1,-1]","[-1,-1,-1,0,0,1,1,1,-1,-1,0,1,1,1,1,-1,1,-1,0,1,2,1,1,0,1,0,-1,0,1,2,-1,2,1,0,-1,1]",c,"[[{8, 1}, {2, 7}, {3, 6}, {4, 5}], [{8, 1}, {2, 7}, {4, 6}, {3, 5}], [{8, 1}, {2, 7}, {4, 6}, {5}, {3}], [{8, 1}, {2, 7}, {5, 6}, {3, 4}], [{8, 1}, {3, 7}, {2, 6}, {4, 5}], [{8, 1}, {3, 7}, {4, 6}, {2, 5}], [{8, 1}, {3, 7}, {5, 6}, {2, 4}], [{8, 1}, {3, 7}, {6}, {4, 5}, {2}], [{8, 1}, {4, 7}, {2, 6}, {3, 5}], [{8, 1}, {4, 7}, {3, 6}, {2, 5}], [{8, 1}, {4, 7}, {5, 6}, {2, 3}], [{8, 1}, {5, 7}, {2, 6}, {3, 4}], [{8, 1}, {5, 7}, {2, 6}, {4}, {3}], [{8, 1}, {5, 7}, {3, 6}, {2, 4}], [{8, 1}, {5, 7}, {4, 6}, {2, 3}], [{8, 1}, {5, 7}, {4, 6}, {3}, {2}], [{8, 1}, {5, 7}, {6}, {2, 4}, {3}], [{8, 1}, {6, 7}, {2, 5}, {3, 4}], [{8, 1}, {6, 7}, {3, 5}, {2, 4}], [{8, 1}, {6, 7}, {4, 5}, {2, 3}], [{8, 1}, {6, 7}, {5}, {2, 4}, {3}], [{8, 1}, {7}, {2, 6}, {5}, {3, 4}], [{8, 1}, {7}, {4, 6}, {2, 5}, {3}], [{8, 1}, {7}, {5, 6}, {2, 4}, {3}], [{8, 2}, {1, 7}, {3, 6}, {4, 5}], [{8, 2}, {1, 7}, {4, 6}, {3, 5}], [{8, 2}, {1, 7}, {5, 6}, {3, 4}], [{8, 2}, {3, 7}, {1, 6}, {4, 5}], [{8, 2}, {3, 7}, {4, 6}, {1, 5}], [{8, 2}, {3, 7}, {4, 6}, {5}, {1}], [{8, 2}, {3, 7}, {5, 6}, {1, 4}], [{8, 2}, {3, 7}, {5, 6}, {4}, {1}], [{8, 2}, {3, 7}, {6}, {4, 5}, {1}], [{8, 2}, {4, 7}, {1, 6}, {3, 5}], [{8, 2}, {4, 7}, {3, 6}, {1, 5}], [{8, 2}, {4, 7}, {5, 6}, {1, 3}], [{8, 2}, {4, 7}, {6}, {3, 5}, {1}], [{8, 2}, {5, 7}, {1, 6}, {3, 4}], [{8, 2}, {5, 7}, {3, 6}, {1, 4}], [{8, 2}, {5, 7}, {4, 6}, {1, 3}], [{8, 2}, {5, 7}, {6}, {4}, {1, 3}], [{8, 2}, {6, 7}, {1, 5}, {3, 4}], [{8, 2}, {6, 7}, {1, 5}, {4}, {3}], [{8, 2}, {6, 7}, {3, 5}, {1, 4}], [{8, 2}, {6, 7}, {4, 5}, {1, 3}], [{8, 3}, {1, 7}, {2, 6}, {4, 5}], [{8, 3}, {1, 7}, {2, 6}, {5}, {4}], [{8, 3}, {1, 7}, {4, 6}, {2, 5}], [{8, 3}, {1, 7}, {5, 6}, {2, 4}], [{8, 3}, {1, 7}, {6}, {4, 5}, {2}], [{8, 3}, {2, 7}, {1, 6}, {4, 5}], [{8, 3}, {2, 7}, {4, 6}, {1, 5}], [{8, 3}, {2, 7}, {5, 6}, {1, 4}], [{8, 3}, {2, 7}, {6}, {4, 5}, {1}], [{8, 3}, {4, 7}, {1, 6}, {2, 5}], [{8, 3}, {4, 7}, {1, 6}, {5}, {2}], [{8, 3}, {4, 7}, {2, 6}, {1, 5}], [{8, 3}, {4, 7}, {5, 6}, {1, 2}], [{8, 3}, {4, 7}, {6}, {2, 5}, {1}], [{8, 3}, {5, 7}, {1, 6}, {2, 4}], [{8, 3}, {5, 7}, {2, 6}, {1, 4}], [{8, 3}, {5, 7}, {2, 6}, {4}, {1}], [{8, 3}, {5, 7}, {4, 6}, {1, 2}], [{8, 3}, {6, 7}, {1, 5}, {2, 4}], [{8, 3}, {6, 7}, {2, 5}, {1, 4}], [{8, 3}, {6, 7}, {2, 5}, {4}, {1}], [{8, 3}, {6, 7}, {4, 5}, {1, 2}], [{8, 3}, {7}, {2, 6}, {1, 5}, {4}], [{8, 3}, {7}, {4, 6}, {2, 5}, {1}], [{8, 3}, {7}, {6}, {4, 5}, {1, 2}], [{8, 4}, {1, 7}, {2, 6}, {3, 5}], [{8, 4}, {1, 7}, {3, 6}, {2, 5}], [{8, 4}, {1, 7}, {5, 6}, {2, 3}], [{8, 4}, {2, 7}, {1, 6}, {3, 5}], [{8, 4}, {2, 7}, {3, 6}, {1, 5}], [{8, 4}, {2, 7}, {3, 6}, {5}, {1}], [{8, 4}, {2, 7}, {5, 6}, {1, 3}], [{8, 4}, {2, 7}, {5, 6}, {3}, {1}], [{8, 4}, {2, 7}, {6}, {3, 5}, {1}], [{8, 4}, {3, 7}, {1, 6}, {2, 5}], [{8, 4}, {3, 7}, {2, 6}, {1, 5}], [{8, 4}, {3, 7}, {2, 6}, {5}, {1}], [{8, 4}, {3, 7}, {5, 6}, {1, 2}], [{8, 4}, {3, 7}, {5, 6}, {2}, {1}], [{8, 4}, {3, 7}, {6}, {2, 5}, {1}], [{8, 4}, {5, 7}, {1, 6}, {2, 3}], [{8, 4}, {5, 7}, {2, 6}, {1, 3}], [{8, 4}, {5, 7}, {3, 6}, {1, 2}], [{8, 4}, {6, 7}, {1, 5}, {2, 3}], [{8, 4}, {6, 7}, {2, 5}, {1, 3}], [{8, 4}, {6, 7}, {3, 5}, {1, 2}], [{8, 4}, {7}, {2, 6}, {1, 5}, {3}], [{8, 4}, {7}, {5, 6}, {2, 3}, {1}], [{8, 5}, {1, 7}, {2, 6}, {3, 4}], [{8, 5}, {1, 7}, {3, 6}, {2, 4}], [{8, 5}, {1, 7}, {4, 6}, {2, 3}], [{8, 5}, {2, 7}, {1, 6}, {3, 4}], [{8, 5}, {2, 7}, {3, 6}, {1, 4}], [{8, 5}, {2, 7}, {3, 6}, {4}, {1}], [{8, 5}, {2, 7}, {4, 6}, {1, 3}], [{8, 5}, {3, 7}, {1, 6}, {2, 4}], [{8, 5}, {3, 7}, {2, 6}, {1, 4}], [{8, 5}, {3, 7}, {2, 6}, {4}, {1}], [{8, 5}, {3, 7}, {4, 6}, {1, 2}], [{8, 5}, {3, 7}, {4, 6}, {2}, {1}], [{8, 5}, {3, 7}, {6}, {2, 4}, {1}], [{8, 5}, {4, 7}, {1, 6}, {2, 3}], [{8, 5}, {4, 7}, {2, 6}, {1, 3}], [{8, 5}, {4, 7}, {2, 6}, {3}, {1}], [{8, 5}, {4, 7}, {3, 6}, {1, 2}], [{8, 5}, {6, 7}, {1, 4}, {2, 3}], [{8, 5}, {6, 7}, {2, 4}, {1, 3}], [{8, 5}, {6, 7}, {3, 4}, {1, 2}], [{8, 5}, {6, 7}, {4}, {2, 3}, {1}], [{8, 5}, {7}, {1, 6}, {2, 4}, {3}], [{8, 5}, {7}, {2, 6}, {3, 4}, {1}], [{8, 5}, {7}, {3, 6}, {1, 4}, {2}], [{8, 6}, {1, 7}, {2, 5}, {3, 4}], [{8, 6}, {1, 7}, {3, 5}, {2, 4}], [{8, 6}, {1, 7}, {4, 5}, {2, 3}], [{8, 6}, {2, 7}, {1, 5}, {3, 4}], [{8, 6}, {2, 7}, {1, 5}, {4}, {3}], [{8, 6}, {2, 7}, {3, 5}, {1, 4}], [{8, 6}, {2, 7}, {4, 5}, {1, 3}], [{8, 6}, {2, 7}, {4, 5}, {3}, {1}], [{8, 6}, {2, 7}, {5}, {1, 4}, {3}], [{8, 6}, {3, 7}, {1, 5}, {2, 4}], [{8, 6}, {3, 7}, {2, 5}, {1, 4}], [{8, 6}, {3, 7}, {2, 5}, {4}, {1}], [{8, 6}, {3, 7}, {4, 5}, {1, 2}], [{8, 6}, {3, 7}, {4, 5}, {2}, {1}], [{8, 6}, {3, 7}, {5}, {2, 4}, {1}], [{8, 6}, {4, 7}, {1, 5}, {2, 3}], [{8, 6}, {4, 7}, {1, 5}, {3}, {2}], [{8, 6}, {4, 7}, {2, 5}, {1, 3}], [{8, 6}, {4, 7}, {3, 5}, {1, 2}], [{8, 6}, {4, 7}, {5}, {2, 3}, {1}], [{8, 6}, {5, 7}, {1, 4}, {2, 3}], [{8, 6}, {5, 7}, {2, 4}, {1, 3}], [{8, 6}, {5, 7}, {3, 4}, {1, 2}], [{8, 6}, {5, 7}, {4}, {1, 3}, {2}], [{8, 6}, {5, 7}, {4}, {2, 3}, {1}], [{8, 6}, {5, 7}, {4}, {3}, {1, 2}], [{8, 6}, {7}, {1, 5}, {2, 4}, {3}], [{8, 6}, {7}, {4, 5}, {2, 3}, {1}], [{8, 6}, {7}, {5}, {3, 4}, {1, 2}], [{8, 7}, {1, 6}, {2, 5}, {3, 4}], [{8, 7}, {1, 6}, {3, 5}, {2, 4}], [{8, 7}, {1, 6}, {4, 5}, {2, 3}], [{8, 7}, {2, 6}, {1, 5}, {3, 4}], [{8, 7}, {2, 6}, {3, 5}, {1, 4}], [{8, 7}, {2, 6}, {3, 5}, {4}, {1}], [{8, 7}, {2, 6}, {4, 5}, {1, 3}], [{8, 7}, {3, 6}, {1, 5}, {2, 4}], [{8, 7}, {3, 6}, {2, 5}, {1, 4}], [{8, 7}, {3, 6}, {4, 5}, {1, 2}], [{8, 7}, {3, 6}, {5}, {1, 4}, {2}], [{8, 7}, {4, 6}, {1, 5}, {2, 3}], [{8, 7}, {4, 6}, {2, 5}, {1, 3}], [{8, 7}, {4, 6}, {2, 5}, {3}, {1}], [{8, 7}, {4, 6}, {3, 5}, {1, 2}], [{8, 7}, {4, 6}, {5}, {1, 3}, {2}], [{8, 7}, {5, 6}, {1, 4}, {2, 3}], [{8, 7}, {5, 6}, {2, 4}, {1, 3}], [{8, 7}, {5, 6}, {3, 4}, {1, 2}], [{8, 7}, {6}, {2, 5}, {4}, {1, 3}], [{8, 7}, {6}, {4, 5}, {3}, {1, 2}], [{8}, {1, 7}, {4, 6}, {2, 5}, {3}], [{8}, {2, 7}, {3, 6}, {4, 5}, {1}], [{8}, {3, 7}, {1, 6}, {4, 5}, {2}], [{8}, {3, 7}, {2, 6}, {4, 5}, {1}], [{8}, {3, 7}, {4, 6}, {2, 5}, {1}], [{8}, {3, 7}, {5, 6}, {2, 4}, {1}], [{8}, {3, 7}, {6}, {4, 5}, {1, 2}], [{8}, {4, 7}, {3, 6}, {5}, {1, 2}], [{8}, {5, 7}, {2, 6}, {4}, {1, 3}], [{8}, {5, 7}, {3, 6}, {1, 4}, {2}], [{8}, {7}, {2, 6}, {1, 5}, {3, 4}], [{8}, {7}, {4, 6}, {2, 5}, {1, 3}], [{8}, {7}, {4, 6}, {2, 5}, {3}, {1}]]",2,8 K_1^3 - 28 K_1^2 - 8 K_1 K_2 - 2 K_1 + 14 K_2 + 2 K_3 + 15,O1O2O3U4O5U3U5U6O7O6U8O4U1U2O8U7,O1O2O3U2O4U3U5U6O7U8O5O6U4O8U1U7,O1O2O3U4U3O5U6O7O8U5O4U7U8U1O6U2,c,{'O1O2O3U4O5U2U3O6U5O7O4U7U8U1O8U6'},1,"<a href=""/flatknot/8.1101927"">8.1101927</a>",t^9-31t^7-84t^6-16t^5+140t^4+49t^3-124t^2-25t+38,0,,
8.1101928,O1O2O3U4O5U2U3O6U5O7O4U8U1U6O8U7,3,10z^2+55z+71,-8w^4z^2+18w^3z^2-12w^3z+67w^2z+71w,False,False,"[[ 0 -1 -1  1  0  1  1  1 -2],[ 1  0 -1  1 -1  2  1  0  0],[ 1  1  0  1 -1  2  0 -1  1],[-1 -1 -1  0 -2  1  0 -1 -1],[ 0  1  1  2  0  1  0  0 -1],[-1 -2 -2 -1 -1  0  1  1 -2],[-1 -1  0  0  0 -1  0  0 -1],[-1  0  1  1  0 -1  0  0 -1],[ 2  0 -1  1  1  2  1  1  0]]","[[ 0  1  1  1  1  0 -1 -1 -2],[-1  0  1  1 -1 -1 -2 -2 -2],[-1 -1  0  0  1  0  1  0 -1],[-1 -1  0  0  0  0  0 -1 -1],[-1  1 -1  0  0 -2 -1 -1 -1],[ 0  1  0  0  2  0  1  1 -1],[ 1  2 -1  0  1 -1  0  1  1],[ 1  2  0  1  1 -1 -1  0  0],[ 2  2  1  1  1  1 -1  0  0]]",True,"[-1,-1,-1,-1,0,1,1,2,-1,-1,1,1,2,2,2,0,-1,0,-1,0,1,0,0,0,1,1,2,1,1,1,-1,-1,1,-1,-1,0]","[-2,-1,-1,0,1,1,1,1,-1,0,1,1,1,1,2,1,-1,-1,0,1,2,-1,0,1,1,2,0,0,2,1,0,1,-1,0,-1,1]",t^8+33t^6+221t^4+92t^2,"[-2,-1,-1,0,1,1,1,1,1,2,1,1,2,2,2,1,2,0,1,1,2,2,0,1,2,3,0,-1,1,1,1,-1,-1,0,1,0]","[-1,-1,-1,-1,0,1,1,2,-1,0,0,1,1,2,2,-1,1,0,0,0,1,-1,-1,1,1,2,1,2,3,2,2,2,1,-1,1,2]","[-2,-1,-1,0,1,1,1,1,-1,0,1,1,1,1,2,1,-1,-1,0,1,2,-1,0,1,1,2,0,0,2,1,0,1,-1,0,-1,1]",c,"[[{8, 1}, {2, 7}, {3, 6}, {4, 5}], [{8, 1}, {2, 7}, {4, 6}, {3, 5}], [{8, 1}, {2, 7}, {4, 6}, {5}, {3}], [{8, 1}, {2, 7}, {5, 6}, {3, 4}], [{8, 1}, {3, 7}, {2, 6}, {4, 5}], [{8, 1}, {3, 7}, {4, 6}, {2, 5}], [{8, 1}, {3, 7}, {5, 6}, {2, 4}], [{8, 1}, {3, 7}, {6}, {2, 5}, {4}], [{8, 1}, {3, 7}, {6}, {4, 5}, {2}], [{8, 1}, {3, 7}, {6}, {5}, {2, 4}], [{8, 1}, {4, 7}, {2, 6}, {3, 5}], [{8, 1}, {4, 7}, {3, 6}, {2, 5}], [{8, 1}, {4, 7}, {5, 6}, {2, 3}], [{8, 1}, {5, 7}, {2, 6}, {3, 4}], [{8, 1}, {5, 7}, {3, 6}, {2, 4}], [{8, 1}, {5, 7}, {4, 6}, {2, 3}], [{8, 1}, {5, 7}, {6}, {3, 4}, {2}], [{8, 1}, {6, 7}, {2, 5}, {3, 4}], [{8, 1}, {6, 7}, {3, 5}, {2, 4}], [{8, 1}, {6, 7}, {4, 5}, {2, 3}], [{8, 1}, {6, 7}, {5}, {3, 4}, {2}], [{8, 1}, {7}, {5, 6}, {3, 4}, {2}], [{8, 2}, {1, 7}, {3, 6}, {4, 5}], [{8, 2}, {1, 7}, {4, 6}, {3, 5}], [{8, 2}, {1, 7}, {5, 6}, {3, 4}], [{8, 2}, {3, 7}, {1, 6}, {4, 5}], [{8, 2}, {3, 7}, {4, 6}, {1, 5}], [{8, 2}, {3, 7}, {5, 6}, {1, 4}], [{8, 2}, {3, 7}, {6}, {4, 5}, {1}], [{8, 2}, {4, 7}, {1, 6}, {3, 5}], [{8, 2}, {4, 7}, {3, 6}, {1, 5}], [{8, 2}, {4, 7}, {5, 6}, {1, 3}], [{8, 2}, {5, 7}, {1, 6}, {3, 4}], [{8, 2}, {5, 7}, {3, 6}, {1, 4}], [{8, 2}, {5, 7}, {3, 6}, {4}, {1}], [{8, 2}, {5, 7}, {4, 6}, {1, 3}], [{8, 2}, {5, 7}, {4, 6}, {3}, {1}], [{8, 2}, {5, 7}, {6}, {3, 4}, {1}], [{8, 2}, {6, 7}, {1, 5}, {3, 4}], [{8, 2}, {6, 7}, {3, 5}, {1, 4}], [{8, 2}, {6, 7}, {4, 5}, {1, 3}], [{8, 2}, {7}, {1, 6}, {3, 5}, {4}], [{8, 2}, {7}, {5, 6}, {4}, {1, 3}], [{8, 3}, {1, 7}, {2, 6}, {4, 5}], [{8, 3}, {1, 7}, {4, 6}, {2, 5}], [{8, 3}, {1, 7}, {5, 6}, {2, 4}], [{8, 3}, {2, 7}, {1, 6}, {4, 5}], [{8, 3}, {2, 7}, {1, 6}, {5}, {4}], [{8, 3}, {2, 7}, {4, 6}, {1, 5}], [{8, 3}, {2, 7}, {4, 6}, {5}, {1}], [{8, 3}, {2, 7}, {5, 6}, {1, 4}], [{8, 3}, {2, 7}, {6}, {5}, {1, 4}], [{8, 3}, {4, 7}, {1, 6}, {2, 5}], [{8, 3}, {4, 7}, {2, 6}, {1, 5}], [{8, 3}, {4, 7}, {5, 6}, {1, 2}], [{8, 3}, {5, 7}, {1, 6}, {2, 4}], [{8, 3}, {5, 7}, {2, 6}, {1, 4}], [{8, 3}, {5, 7}, {4, 6}, {1, 2}], [{8, 3}, {5, 7}, {6}, {1, 4}, {2}], [{8, 3}, {6, 7}, {1, 5}, {2, 4}], [{8, 3}, {6, 7}, {2, 5}, {1, 4}], [{8, 3}, {6, 7}, {4, 5}, {1, 2}], [{8, 3}, {6, 7}, {5}, {1, 4}, {2}], [{8, 3}, {7}, {2, 6}, {1, 5}, {4}], [{8, 3}, {7}, {2, 6}, {4, 5}, {1}], [{8, 3}, {7}, {2, 6}, {5}, {1, 4}], [{8, 3}, {7}, {5, 6}, {1, 4}, {2}], [{8, 3}, {7}, {6}, {2, 5}, {1, 4}], [{8, 3}, {7}, {6}, {5}, {1, 4}, {2}], [{8, 4}, {1, 7}, {2, 6}, {3, 5}], [{8, 4}, {1, 7}, {3, 6}, {2, 5}], [{8, 4}, {1, 7}, {5, 6}, {2, 3}], [{8, 4}, {1, 7}, {5, 6}, {3}, {2}], [{8, 4}, {1, 7}, {6}, {5}, {2, 3}], [{8, 4}, {2, 7}, {1, 6}, {3, 5}], [{8, 4}, {2, 7}, {3, 6}, {1, 5}], [{8, 4}, {2, 7}, {5, 6}, {1, 3}], [{8, 4}, {2, 7}, {5, 6}, {3}, {1}], [{8, 4}, {2, 7}, {6}, {5}, {1, 3}], [{8, 4}, {3, 7}, {1, 6}, {2, 5}], [{8, 4}, {3, 7}, {2, 6}, {1, 5}], [{8, 4}, {3, 7}, {5, 6}, {1, 2}], [{8, 4}, {3, 7}, {5, 6}, {2}, {1}], [{8, 4}, {3, 7}, {6}, {5}, {1, 2}], [{8, 4}, {5, 7}, {1, 6}, {2, 3}], [{8, 4}, {5, 7}, {2, 6}, {1, 3}], [{8, 4}, {5, 7}, {3, 6}, {1, 2}], [{8, 4}, {5, 7}, {6}, {1, 3}, {2}], [{8, 4}, {6, 7}, {1, 5}, {2, 3}], [{8, 4}, {6, 7}, {2, 5}, {1, 3}], [{8, 4}, {6, 7}, {3, 5}, {1, 2}], [{8, 4}, {6, 7}, {5}, {1, 3}, {2}], [{8, 4}, {7}, {1, 6}, {3, 5}, {2}], [{8, 4}, {7}, {2, 6}, {5}, {1, 3}], [{8, 4}, {7}, {3, 6}, {1, 5}, {2}], [{8, 4}, {7}, {5, 6}, {1, 3}, {2}], [{8, 4}, {7}, {5, 6}, {2, 3}, {1}], [{8, 4}, {7}, {5, 6}, {3}, {1, 2}], [{8, 4}, {7}, {5, 6}, {3}, {2}, {1}], [{8, 4}, {7}, {6}, {2, 5}, {1, 3}], [{8, 4}, {7}, {6}, {5}, {1, 3}, {2}], [{8, 5}, {1, 7}, {2, 6}, {3, 4}], [{8, 5}, {1, 7}, {3, 6}, {2, 4}], [{8, 5}, {1, 7}, {4, 6}, {2, 3}], [{8, 5}, {1, 7}, {4, 6}, {3}, {2}], [{8, 5}, {1, 7}, {6}, {4}, {2, 3}], [{8, 5}, {2, 7}, {1, 6}, {3, 4}], [{8, 5}, {2, 7}, {1, 6}, {4}, {3}], [{8, 5}, {2, 7}, {3, 6}, {1, 4}], [{8, 5}, {2, 7}, {3, 6}, {4}, {1}], [{8, 5}, {2, 7}, {4, 6}, {1, 3}], [{8, 5}, {2, 7}, {4, 6}, {3}, {1}], [{8, 5}, {2, 7}, {6}, {1, 4}, {3}], [{8, 5}, {2, 7}, {6}, {3, 4}, {1}], [{8, 5}, {2, 7}, {6}, {4}, {1, 3}], [{8, 5}, {2, 7}, {6}, {4}, {3}, {1}], [{8, 5}, {3, 7}, {1, 6}, {2, 4}], [{8, 5}, {3, 7}, {2, 6}, {1, 4}], [{8, 5}, {3, 7}, {4, 6}, {1, 2}], [{8, 5}, {3, 7}, {4, 6}, {2}, {1}], [{8, 5}, {3, 7}, {6}, {4}, {1, 2}], [{8, 5}, {4, 7}, {1, 6}, {2, 3}], [{8, 5}, {4, 7}, {2, 6}, {1, 3}], [{8, 5}, {4, 7}, {2, 6}, {3}, {1}], [{8, 5}, {4, 7}, {3, 6}, {1, 2}], [{8, 5}, {6, 7}, {1, 4}, {2, 3}], [{8, 5}, {6, 7}, {2, 4}, {1, 3}], [{8, 5}, {6, 7}, {2, 4}, {3}, {1}], [{8, 5}, {6, 7}, {3, 4}, {1, 2}], [{8, 5}, {7}, {4, 6}, {1, 3}, {2}], [{8, 5}, {7}, {4, 6}, {2, 3}, {1}], [{8, 5}, {7}, {4, 6}, {3}, {1, 2}], [{8, 5}, {7}, {4, 6}, {3}, {2}, {1}], [{8, 6}, {1, 7}, {2, 5}, {3, 4}], [{8, 6}, {1, 7}, {3, 5}, {2, 4}], [{8, 6}, {1, 7}, {4, 5}, {2, 3}], [{8, 6}, {1, 7}, {4, 5}, {3}, {2}], [{8, 6}, {1, 7}, {5}, {4}, {2, 3}], [{8, 6}, {2, 7}, {1, 5}, {3, 4}], [{8, 6}, {2, 7}, {3, 5}, {1, 4}], [{8, 6}, {2, 7}, {4, 5}, {1, 3}], [{8, 6}, {2, 7}, {4, 5}, {3}, {1}], [{8, 6}, {2, 7}, {5}, {4}, {1, 3}], [{8, 6}, {3, 7}, {1, 5}, {2, 4}], [{8, 6}, {3, 7}, {2, 5}, {1, 4}], [{8, 6}, {3, 7}, {4, 5}, {1, 2}], [{8, 6}, {3, 7}, {4, 5}, {2}, {1}], [{8, 6}, {3, 7}, {5}, {4}, {1, 2}], [{8, 6}, {4, 7}, {1, 5}, {2, 3}], [{8, 6}, {4, 7}, {2, 5}, {1, 3}], [{8, 6}, {4, 7}, {2, 5}, {3}, {1}], [{8, 6}, {4, 7}, {3, 5}, {1, 2}], [{8, 6}, {5, 7}, {1, 4}, {2, 3}], [{8, 6}, {5, 7}, {2, 4}, {1, 3}], [{8, 6}, {5, 7}, {3, 4}, {1, 2}], [{8, 6}, {5, 7}, {3, 4}, {2}, {1}], [{8, 6}, {7}, {4, 5}, {1, 3}, {2}], [{8, 6}, {7}, {4, 5}, {2, 3}, {1}], [{8, 6}, {7}, {4, 5}, {3}, {1, 2}], [{8, 7}, {1, 6}, {2, 5}, {3, 4}], [{8, 7}, {1, 6}, {3, 5}, {2, 4}], [{8, 7}, {1, 6}, {3, 5}, {4}, {2}], [{8, 7}, {1, 6}, {4, 5}, {2, 3}], [{8, 7}, {1, 6}, {5}, {2, 4}, {3}], [{8, 7}, {2, 6}, {1, 5}, {3, 4}], [{8, 7}, {2, 6}, {1, 5}, {4}, {3}], [{8, 7}, {2, 6}, {3, 5}, {1, 4}], [{8, 7}, {2, 6}, {4, 5}, {1, 3}], [{8, 7}, {2, 6}, {4, 5}, {3}, {1}], [{8, 7}, {2, 6}, {5}, {1, 4}, {3}], [{8, 7}, {3, 6}, {1, 5}, {2, 4}], [{8, 7}, {3, 6}, {2, 5}, {1, 4}], [{8, 7}, {3, 6}, {2, 5}, {4}, {1}], [{8, 7}, {3, 6}, {4, 5}, {1, 2}], [{8, 7}, {4, 6}, {1, 5}, {2, 3}], [{8, 7}, {4, 6}, {2, 5}, {1, 3}], [{8, 7}, {4, 6}, {2, 5}, {3}, {1}], [{8, 7}, {4, 6}, {3, 5}, {1, 2}], [{8, 7}, {5, 6}, {1, 4}, {2, 3}], [{8, 7}, {5, 6}, {2, 4}, {1, 3}], [{8, 7}, {5, 6}, {3, 4}, {1, 2}], [{8, 7}, {5, 6}, {4}, {1, 3}, {2}], [{8, 7}, {6}, {2, 5}, {3, 4}, {1}], [{8, 7}, {6}, {3, 5}, {2, 4}, {1}], [{8}, {1, 7}, {4, 6}, {5}, {2, 3}], [{8}, {1, 7}, {5, 6}, {4}, {2, 3}], [{8}, {1, 7}, {6}, {4, 5}, {2, 3}], [{8}, {2, 7}, {1, 6}, {3, 5}, {4}], [{8}, {2, 7}, {4, 6}, {1, 5}, {3}], [{8}, {2, 7}, {4, 6}, {3, 5}, {1}], [{8}, {2, 7}, {4, 6}, {5}, {1, 3}], [{8}, {2, 7}, {4, 6}, {5}, {3}, {1}], [{8}, {2, 7}, {5, 6}, {4}, {1, 3}], [{8}, {2, 7}, {6}, {3, 5}, {1, 4}], [{8}, {2, 7}, {6}, {4, 5}, {1, 3}], [{8}, {3, 7}, {1, 6}, {4, 5}, {2}], [{8}, {3, 7}, {2, 6}, {1, 5}, {4}], [{8}, {3, 7}, {2, 6}, {4, 5}, {1}], [{8}, {3, 7}, {2, 6}, {5}, {1, 4}], [{8}, {3, 7}, {4, 6}, {5}, {1, 2}], [{8}, {3, 7}, {5, 6}, {4}, {1, 2}], [{8}, {3, 7}, {6}, {4, 5}, {1, 2}], [{8}, {3, 7}, {6}, {4, 5}, {2}, {1}], [{8}, {4, 7}, {1, 6}, {3, 5}, {2}], [{8}, {4, 7}, {5, 6}, {1, 3}, {2}], [{8}, {5, 7}, {1, 6}, {3, 4}, {2}], [{8}, {5, 7}, {2, 6}, {3, 4}, {1}], [{8}, {5, 7}, {6}, {3, 4}, {1, 2}], [{8}, {5, 7}, {6}, {3, 4}, {2}, {1}], [{8}, {7}, {1, 6}, {3, 5}, {2, 4}], [{8}, {7}, {1, 6}, {3, 5}, {4}, {2}], [{8}, {7}, {5, 6}, {2, 4}, {1, 3}], [{8}, {7}, {5, 6}, {4}, {1, 3}, {2}]]",2,8 K_1^3 - 14 K_1^2 - 8 K_1 K_2 - 2 K_1 + 7 K_2 + 2 K_3 + 8,O1O2O3U4O5U6U3U5O7O4U8O6U1U2O8U7,O1O2O3U1O4U2U5U6O7U8O5O6U3O8U4U7,O1O2O3U4U5O6U1O7O8U6O4U7U8U2O5U3,c,{'O1O2O3U4O5U2U3O6U5O7O4U8U1U6O8U7'},1,"<a href=""/flatknot/8.1101928"">8.1101928</a>",t^9-35t^7-86t^6+14t^5+134t^4+4t^3-36t^2,t^2-2t,,
8.1101929,O1O2O3U4O5U2U3O6U5O7O4U8U1U7O8U6,4,5z^3+40z^2+110z+101,5w^4z^3+40w^3z^2+110w^2z+101w,False,False,"[[ 0 -1 -1  1  0  1  1  1 -2],[ 1  0 -1  1 -1  2  1  0  0],[ 1  1  0  1 -1  2  0 -1  1],[-1 -1 -1  0 -2  1  0 -1 -1],[ 0  1  1  2  0  1 -1  1 -1],[-1 -2 -2 -1 -1  0  1  0 -1],[-1 -1  0  0  1 -1  0  1 -2],[-1  0  1  1 -1  0 -1  0 -1],[ 2  0 -1  1  1  1  2  1  0]]","[[ 0  1  1  1  0 -1 -2],[-1  0  1  0 -1  1 -1],[-1 -1  0  1 -2 -1 -1],[-1  0 -1  0 -1 -2 -1],[ 0  1  2  1  0  1 -1],[ 1 -1  1  2 -1  0  1],[ 2  1  1  1  1 -1  0]]",False,"[-1,-1,-1,0,1,2,-1,0,1,-1,1,-1,2,1,1,1,2,1,-1,1,-1]","[-2,-1,0,1,1,1,-1,1,1,1,1,-1,-1,1,2,1,2,1,1,0,1]",t^6+20t^4+85t^2+4,"[-2,-1,0,1,1,1,2,1,2,2,2,2,0,1,3,0,-1,0,1,0,1]","[-1,-1,-1,0,1,2,-1,0,0,0,2,-1,-1,1,2,0,3,2,2,1,2]","[-2,-1,0,1,1,1,-1,1,1,1,1,-1,-1,1,2,1,2,1,1,0,1]",c,"[[{8, 1}, {2, 7}, {3, 6}, {4, 5}], [{8, 1}, {2, 7}, {3, 6}, {5}, {4}], [{8, 1}, {2, 7}, {4, 6}, {3, 5}], [{8, 1}, {2, 7}, {5, 6}, {3, 4}], [{8, 1}, {2, 7}, {5, 6}, {4}, {3}], [{8, 1}, {2, 7}, {6}, {3, 5}, {4}], [{8, 1}, {3, 7}, {2, 6}, {4, 5}], [{8, 1}, {3, 7}, {4, 6}, {2, 5}], [{8, 1}, {3, 7}, {5, 6}, {2, 4}], [{8, 1}, {4, 7}, {2, 6}, {3, 5}], [{8, 1}, {4, 7}, {3, 6}, {2, 5}], [{8, 1}, {4, 7}, {5, 6}, {2, 3}], [{8, 1}, {5, 7}, {2, 6}, {3, 4}], [{8, 1}, {5, 7}, {3, 6}, {2, 4}], [{8, 1}, {5, 7}, {4, 6}, {2, 3}], [{8, 1}, {5, 7}, {6}, {3, 4}, {2}], [{8, 1}, {6, 7}, {2, 5}, {3, 4}], [{8, 1}, {6, 7}, {3, 5}, {2, 4}], [{8, 1}, {6, 7}, {4, 5}, {2, 3}], [{8, 1}, {7}, {4, 6}, {2, 5}, {3}], [{8, 1}, {7}, {6}, {4, 5}, {2, 3}], [{8, 2}, {1, 7}, {3, 6}, {4, 5}], [{8, 2}, {1, 7}, {4, 6}, {3, 5}], [{8, 2}, {1, 7}, {5, 6}, {3, 4}], [{8, 2}, {1, 7}, {5, 6}, {4}, {3}], [{8, 2}, {3, 7}, {1, 6}, {4, 5}], [{8, 2}, {3, 7}, {1, 6}, {5}, {4}], [{8, 2}, {3, 7}, {4, 6}, {1, 5}], [{8, 2}, {3, 7}, {4, 6}, {5}, {1}], [{8, 2}, {3, 7}, {5, 6}, {1, 4}], [{8, 2}, {3, 7}, {5, 6}, {4}, {1}], [{8, 2}, {3, 7}, {6}, {1, 5}, {4}], [{8, 2}, {3, 7}, {6}, {4, 5}, {1}], [{8, 2}, {3, 7}, {6}, {5}, {1, 4}], [{8, 2}, {3, 7}, {6}, {5}, {4}, {1}], [{8, 2}, {4, 7}, {1, 6}, {3, 5}], [{8, 2}, {4, 7}, {1, 6}, {5}, {3}], [{8, 2}, {4, 7}, {3, 6}, {1, 5}], [{8, 2}, {4, 7}, {5, 6}, {1, 3}], [{8, 2}, {4, 7}, {6}, {3, 5}, {1}], [{8, 2}, {5, 7}, {1, 6}, {3, 4}], [{8, 2}, {5, 7}, {1, 6}, {4}, {3}], [{8, 2}, {5, 7}, {3, 6}, {1, 4}], [{8, 2}, {5, 7}, {4, 6}, {1, 3}], [{8, 2}, {5, 7}, {6}, {3, 4}, {1}], [{8, 2}, {6, 7}, {1, 5}, {3, 4}], [{8, 2}, {6, 7}, {3, 5}, {1, 4}], [{8, 2}, {6, 7}, {4, 5}, {1, 3}], [{8, 2}, {7}, {1, 6}, {3, 5}, {4}], [{8, 2}, {7}, {1, 6}, {4, 5}, {3}], [{8, 2}, {7}, {1, 6}, {5}, {3, 4}], [{8, 2}, {7}, {5, 6}, {4}, {1, 3}], [{8, 3}, {1, 7}, {2, 6}, {4, 5}], [{8, 3}, {1, 7}, {4, 6}, {2, 5}], [{8, 3}, {1, 7}, {5, 6}, {2, 4}], [{8, 3}, {1, 7}, {6}, {2, 5}, {4}], [{8, 3}, {2, 7}, {1, 6}, {4, 5}], [{8, 3}, {2, 7}, {1, 6}, {5}, {4}], [{8, 3}, {2, 7}, {4, 6}, {1, 5}], [{8, 3}, {2, 7}, {4, 6}, {5}, {1}], [{8, 3}, {2, 7}, {5, 6}, {1, 4}], [{8, 3}, {2, 7}, {5, 6}, {4}, {1}], [{8, 3}, {2, 7}, {6}, {1, 5}, {4}], [{8, 3}, {2, 7}, {6}, {4, 5}, {1}], [{8, 3}, {2, 7}, {6}, {5}, {1, 4}], [{8, 3}, {2, 7}, {6}, {5}, {4}, {1}], [{8, 3}, {4, 7}, {1, 6}, {2, 5}], [{8, 3}, {4, 7}, {1, 6}, {5}, {2}], [{8, 3}, {4, 7}, {2, 6}, {1, 5}], [{8, 3}, {4, 7}, {5, 6}, {1, 2}], [{8, 3}, {4, 7}, {6}, {2, 5}, {1}], [{8, 3}, {5, 7}, {1, 6}, {2, 4}], [{8, 3}, {5, 7}, {1, 6}, {4}, {2}], [{8, 3}, {5, 7}, {2, 6}, {1, 4}], [{8, 3}, {5, 7}, {2, 6}, {4}, {1}], [{8, 3}, {5, 7}, {4, 6}, {1, 2}], [{8, 3}, {5, 7}, {4, 6}, {2}, {1}], [{8, 3}, {5, 7}, {6}, {1, 4}, {2}], [{8, 3}, {5, 7}, {6}, {2, 4}, {1}], [{8, 3}, {5, 7}, {6}, {4}, {1, 2}], [{8, 3}, {5, 7}, {6}, {4}, {2}, {1}], [{8, 3}, {6, 7}, {1, 5}, {2, 4}], [{8, 3}, {6, 7}, {2, 5}, {1, 4}], [{8, 3}, {6, 7}, {2, 5}, {4}, {1}], [{8, 3}, {6, 7}, {4, 5}, {1, 2}], [{8, 3}, {7}, {1, 6}, {2, 5}, {4}], [{8, 3}, {7}, {1, 6}, {4, 5}, {2}], [{8, 3}, {7}, {1, 6}, {5}, {2, 4}], [{8, 3}, {7}, {4, 6}, {2, 5}, {1}], [{8, 3}, {7}, {6}, {2, 5}, {1, 4}], [{8, 3}, {7}, {6}, {2, 5}, {4}, {1}], [{8, 4}, {1, 7}, {2, 6}, {3, 5}], [{8, 4}, {1, 7}, {2, 6}, {5}, {3}], [{8, 4}, {1, 7}, {3, 6}, {2, 5}], [{8, 4}, {1, 7}, {5, 6}, {2, 3}], [{8, 4}, {2, 7}, {1, 6}, {3, 5}], [{8, 4}, {2, 7}, {1, 6}, {5}, {3}], [{8, 4}, {2, 7}, {3, 6}, {1, 5}], [{8, 4}, {2, 7}, {5, 6}, {1, 3}], [{8, 4}, {2, 7}, {6}, {3, 5}, {1}], [{8, 4}, {3, 7}, {1, 6}, {2, 5}], [{8, 4}, {3, 7}, {1, 6}, {5}, {2}], [{8, 4}, {3, 7}, {2, 6}, {1, 5}], [{8, 4}, {3, 7}, {5, 6}, {1, 2}], [{8, 4}, {3, 7}, {6}, {2, 5}, {1}], [{8, 4}, {5, 7}, {1, 6}, {2, 3}], [{8, 4}, {5, 7}, {1, 6}, {3}, {2}], [{8, 4}, {5, 7}, {2, 6}, {1, 3}], [{8, 4}, {5, 7}, {2, 6}, {3}, {1}], [{8, 4}, {5, 7}, {3, 6}, {1, 2}], [{8, 4}, {5, 7}, {3, 6}, {2}, {1}], [{8, 4}, {5, 7}, {6}, {1, 3}, {2}], [{8, 4}, {5, 7}, {6}, {2, 3}, {1}], [{8, 4}, {5, 7}, {6}, {3}, {1, 2}], [{8, 4}, {5, 7}, {6}, {3}, {2}, {1}], [{8, 4}, {6, 7}, {1, 5}, {2, 3}], [{8, 4}, {6, 7}, {2, 5}, {1, 3}], [{8, 4}, {6, 7}, {3, 5}, {1, 2}], [{8, 4}, {7}, {1, 6}, {2, 5}, {3}], [{8, 4}, {7}, {1, 6}, {3, 5}, {2}], [{8, 4}, {7}, {1, 6}, {5}, {2, 3}], [{8, 4}, {7}, {2, 6}, {1, 5}, {3}], [{8, 4}, {7}, {3, 6}, {5}, {1, 2}], [{8, 5}, {1, 7}, {2, 6}, {3, 4}], [{8, 5}, {1, 7}, {3, 6}, {2, 4}], [{8, 5}, {1, 7}, {4, 6}, {2, 3}], [{8, 5}, {1, 7}, {6}, {2, 4}, {3}], [{8, 5}, {2, 7}, {1, 6}, {3, 4}], [{8, 5}, {2, 7}, {1, 6}, {4}, {3}], [{8, 5}, {2, 7}, {3, 6}, {1, 4}], [{8, 5}, {2, 7}, {3, 6}, {4}, {1}], [{8, 5}, {2, 7}, {4, 6}, {1, 3}], [{8, 5}, {2, 7}, {4, 6}, {3}, {1}], [{8, 5}, {2, 7}, {6}, {1, 4}, {3}], [{8, 5}, {2, 7}, {6}, {3, 4}, {1}], [{8, 5}, {2, 7}, {6}, {4}, {1, 3}], [{8, 5}, {2, 7}, {6}, {4}, {3}, {1}], [{8, 5}, {3, 7}, {1, 6}, {2, 4}], [{8, 5}, {3, 7}, {1, 6}, {4}, {2}], [{8, 5}, {3, 7}, {2, 6}, {1, 4}], [{8, 5}, {3, 7}, {4, 6}, {1, 2}], [{8, 5}, {3, 7}, {6}, {2, 4}, {1}], [{8, 5}, {4, 7}, {1, 6}, {2, 3}], [{8, 5}, {4, 7}, {1, 6}, {3}, {2}], [{8, 5}, {4, 7}, {2, 6}, {1, 3}], [{8, 5}, {4, 7}, {2, 6}, {3}, {1}], [{8, 5}, {4, 7}, {3, 6}, {1, 2}], [{8, 5}, {4, 7}, {3, 6}, {2}, {1}], [{8, 5}, {4, 7}, {6}, {1, 3}, {2}], [{8, 5}, {4, 7}, {6}, {2, 3}, {1}], [{8, 5}, {4, 7}, {6}, {3}, {1, 2}], [{8, 5}, {4, 7}, {6}, {3}, {2}, {1}], [{8, 5}, {6, 7}, {1, 4}, {2, 3}], [{8, 5}, {6, 7}, {2, 4}, {1, 3}], [{8, 5}, {6, 7}, {2, 4}, {3}, {1}], [{8, 5}, {6, 7}, {3, 4}, {1, 2}], [{8, 5}, {7}, {1, 6}, {2, 4}, {3}], [{8, 5}, {7}, {1, 6}, {3, 4}, {2}], [{8, 5}, {7}, {1, 6}, {4}, {2, 3}], [{8, 5}, {7}, {3, 6}, {2, 4}, {1}], [{8, 5}, {7}, {6}, {2, 4}, {1, 3}], [{8, 5}, {7}, {6}, {2, 4}, {3}, {1}], [{8, 6}, {1, 7}, {2, 5}, {3, 4}], [{8, 6}, {1, 7}, {2, 5}, {4}, {3}], [{8, 6}, {1, 7}, {3, 5}, {2, 4}], [{8, 6}, {1, 7}, {4, 5}, {2, 3}], [{8, 6}, {1, 7}, {5}, {3, 4}, {2}], [{8, 6}, {2, 7}, {1, 5}, {3, 4}], [{8, 6}, {2, 7}, {1, 5}, {4}, {3}], [{8, 6}, {2, 7}, {3, 5}, {1, 4}], [{8, 6}, {2, 7}, {3, 5}, {4}, {1}], [{8, 6}, {2, 7}, {4, 5}, {1, 3}], [{8, 6}, {2, 7}, {5}, {4}, {1, 3}], [{8, 6}, {3, 7}, {1, 5}, {2, 4}], [{8, 6}, {3, 7}, {2, 5}, {1, 4}], [{8, 6}, {3, 7}, {4, 5}, {1, 2}], [{8, 6}, {4, 7}, {1, 5}, {2, 3}], [{8, 6}, {4, 7}, {2, 5}, {1, 3}], [{8, 6}, {4, 7}, {3, 5}, {1, 2}], [{8, 6}, {5, 7}, {1, 4}, {2, 3}], [{8, 6}, {5, 7}, {2, 4}, {1, 3}], [{8, 6}, {5, 7}, {3, 4}, {1, 2}], [{8, 6}, {5, 7}, {3, 4}, {2}, {1}], [{8, 6}, {7}, {1, 5}, {3, 4}, {2}], [{8, 6}, {7}, {4, 5}, {2, 3}, {1}], [{8, 7}, {1, 6}, {2, 5}, {3, 4}], [{8, 7}, {1, 6}, {2, 5}, {4}, {3}], [{8, 7}, {1, 6}, {3, 5}, {2, 4}], [{8, 7}, {1, 6}, {3, 5}, {4}, {2}], [{8, 7}, {1, 6}, {4, 5}, {2, 3}], [{8, 7}, {1, 6}, {4, 5}, {3}, {2}], [{8, 7}, {1, 6}, {5}, {2, 4}, {3}], [{8, 7}, {1, 6}, {5}, {3, 4}, {2}], [{8, 7}, {1, 6}, {5}, {4}, {2, 3}], [{8, 7}, {2, 6}, {1, 5}, {3, 4}], [{8, 7}, {2, 6}, {3, 5}, {1, 4}], [{8, 7}, {2, 6}, {4, 5}, {1, 3}], [{8, 7}, {2, 6}, {5}, {1, 4}, {3}], [{8, 7}, {3, 6}, {1, 5}, {2, 4}], [{8, 7}, {3, 6}, {2, 5}, {1, 4}], [{8, 7}, {3, 6}, {4, 5}, {1, 2}], [{8, 7}, {4, 6}, {1, 5}, {2, 3}], [{8, 7}, {4, 6}, {2, 5}, {1, 3}], [{8, 7}, {4, 6}, {3, 5}, {1, 2}], [{8, 7}, {5, 6}, {1, 4}, {2, 3}], [{8, 7}, {5, 6}, {2, 4}, {1, 3}], [{8, 7}, {5, 6}, {3, 4}, {1, 2}], [{8, 7}, {5, 6}, {4}, {1, 3}, {2}], [{8, 7}, {6}, {2, 5}, {3, 4}, {1}], [{8, 7}, {6}, {3, 5}, {2, 4}, {1}], [{8, 7}, {6}, {4, 5}, {2, 3}, {1}], [{8}, {1, 7}, {3, 6}, {2, 5}, {4}], [{8}, {1, 7}, {6}, {4, 5}, {2, 3}], [{8}, {2, 7}, {1, 6}, {3, 5}, {4}], [{8}, {2, 7}, {1, 6}, {4, 5}, {3}], [{8}, {2, 7}, {1, 6}, {5}, {3, 4}], [{8}, {2, 7}, {1, 6}, {5}, {4}, {3}], [{8}, {2, 7}, {3, 6}, {1, 5}, {4}], [{8}, {2, 7}, {4, 6}, {3, 5}, {1}], [{8}, {2, 7}, {5, 6}, {4}, {1, 3}], [{8}, {2, 7}, {6}, {3, 5}, {1, 4}], [{8}, {2, 7}, {6}, {3, 5}, {4}, {1}], [{8}, {3, 7}, {1, 6}, {2, 5}, {4}], [{8}, {3, 7}, {1, 6}, {4, 5}, {2}], [{8}, {3, 7}, {1, 6}, {5}, {2, 4}], [{8}, {4, 7}, {1, 6}, {2, 5}, {3}], [{8}, {4, 7}, {1, 6}, {3, 5}, {2}], [{8}, {4, 7}, {1, 6}, {5}, {2, 3}], [{8}, {5, 7}, {1, 6}, {2, 4}, {3}], [{8}, {5, 7}, {1, 6}, {3, 4}, {2}], [{8}, {5, 7}, {1, 6}, {4}, {2, 3}], [{8}, {5, 7}, {2, 6}, {3, 4}, {1}], [{8}, {5, 7}, {6}, {3, 4}, {1, 2}], [{8}, {5, 7}, {6}, {3, 4}, {2}, {1}], [{8}, {6, 7}, {4, 5}, {2, 3}, {1}], [{8}, {6, 7}, {5}, {3, 4}, {1, 2}], [{8}, {7}, {1, 6}, {2, 5}, {3, 4}], [{8}, {7}, {1, 6}, {3, 5}, {2, 4}], [{8}, {7}, {1, 6}, {4, 5}, {2, 3}], [{8}, {7}, {4, 6}, {2, 5}, {1, 3}], [{8}, {7}, {5, 6}, {3, 4}, {1, 2}], [{8}, {7}, {6}, {4, 5}, {2, 3}, {1}]]",2,8 K_1^3 - 14 K_1^2 - 8 K_1 K_2 - 2 K_1 + 7 K_2 + 2 K_3 + 8,O1O2O3U4O5U6U3U5O7O6U8O4U1U2O8U7,O1O2O3U1O4U2U5U6O7U8O5O6U4O8U3U7,O1O2O3U4U1O5U6O7O8U5O4U7U8U2O6U3,c,{'O1O2O3U4O5U2U3O6U5O7O4U8U1U7O8U6'},1,"<a href=""/flatknot/8.1101929"">8.1101929</a>",t^7-22t^5-46t^4+12t^3+78t^2+19t-14,t^2-2t,,
8.1101930,O1O2O3U4O5U2U3O6U5O7O4U8U6U1O8U7,4,3z^3+32z^2+108z+113,3w^4z^3+32w^3z^2+108w^2z+113w,False,False,"[[ 0  0 -1  1  0  1  0  1 -2],[ 0  0 -1  1 -1  1  0  0 -1],[ 1  1  0  1 -1  2  0 -1  1],[-1 -1 -1  0 -2  1  0 -1 -1],[ 0  1  1  2  0  1 -1  0 -1],[-1 -1 -2 -1 -1  0  1  1 -2],[ 0  0  0  0  1 -1  0  0  0],[-1  0  1  1  0 -1  0  0 -1],[ 2  1 -1  1  1  2  0  1  0]]","[[ 0  1  1  1  0  0  0 -1 -2],[-1  0  1 -1  1 -1 -1 -2 -2],[-1 -1  0  1  0  0  0  1 -1],[-1  1 -1  0  0 -1 -2 -1 -1],[ 0 -1  0  0  0  0  1  0  0],[ 0  1  0  1  0  0 -1 -1 -1],[ 0  1  0  2 -1  1  0  1 -1],[ 1  2 -1  1  0  1 -1  0  1],[ 2  2  1  1  0  1  1 -1  0]]",True,"[-1,-1,-1,0,0,0,1,2,-1,1,-1,1,1,2,2,-1,0,0,0,-1,1,0,1,2,1,1,0,-1,0,0,1,1,1,-1,1,-1]","[-2,-1,0,0,0,1,1,1,-1,0,1,1,1,1,2,0,-1,1,-1,1,2,1,0,0,0,-1,1,0,2,1,0,1,1,1,-1,1]",t^8+30t^6+196t^4+122t^2+9,"[-2,-1,0,0,0,1,1,1,2,1,1,2,1,2,2,0,2,1,0,1,3,1,0,0,0,1,1,0,-1,1,2,1,1,1,-1,1]","[-1,-1,-1,0,0,0,1,2,-1,1,-1,0,1,1,2,-1,1,1,1,3,2,0,0,2,0,1,1,-1,2,1,0,0,1,1,2,2]","[-2,-1,0,0,0,1,1,1,-1,0,1,1,1,1,2,0,-1,1,-1,1,2,1,0,0,0,-1,1,0,2,1,0,1,1,1,-1,1]",c,"[[{8, 1}, {2, 7}, {3, 6}, {4, 5}], [{8, 1}, {2, 7}, {4, 6}, {3, 5}], [{8, 1}, {2, 7}, {5, 6}, {3, 4}], [{8, 1}, {2, 7}, {6}, {4, 5}, {3}], [{8, 1}, {3, 7}, {2, 6}, {4, 5}], [{8, 1}, {3, 7}, {4, 6}, {2, 5}], [{8, 1}, {3, 7}, {5, 6}, {2, 4}], [{8, 1}, {3, 7}, {6}, {4, 5}, {2}], [{8, 1}, {4, 7}, {2, 6}, {3, 5}], [{8, 1}, {4, 7}, {2, 6}, {5}, {3}], [{8, 1}, {4, 7}, {3, 6}, {2, 5}], [{8, 1}, {4, 7}, {5, 6}, {2, 3}], [{8, 1}, {5, 7}, {2, 6}, {3, 4}], [{8, 1}, {5, 7}, {3, 6}, {2, 4}], [{8, 1}, {5, 7}, {4, 6}, {2, 3}], [{8, 1}, {6, 7}, {2, 5}, {3, 4}], [{8, 1}, {6, 7}, {3, 5}, {2, 4}], [{8, 1}, {6, 7}, {4, 5}, {2, 3}], [{8, 1}, {7}, {4, 6}, {5}, {2, 3}], [{8, 1}, {7}, {5, 6}, {4}, {2, 3}], [{8, 1}, {7}, {6}, {4, 5}, {2, 3}], [{8, 2}, {1, 7}, {3, 6}, {4, 5}], [{8, 2}, {1, 7}, {4, 6}, {3, 5}], [{8, 2}, {1, 7}, {5, 6}, {3, 4}], [{8, 2}, {1, 7}, {6}, {4, 5}, {3}], [{8, 2}, {3, 7}, {1, 6}, {4, 5}], [{8, 2}, {3, 7}, {4, 6}, {1, 5}], [{8, 2}, {3, 7}, {5, 6}, {1, 4}], [{8, 2}, {3, 7}, {6}, {4, 5}, {1}], [{8, 2}, {4, 7}, {1, 6}, {3, 5}], [{8, 2}, {4, 7}, {3, 6}, {1, 5}], [{8, 2}, {4, 7}, {5, 6}, {1, 3}], [{8, 2}, {5, 7}, {1, 6}, {3, 4}], [{8, 2}, {5, 7}, {3, 6}, {1, 4}], [{8, 2}, {5, 7}, {4, 6}, {1, 3}], [{8, 2}, {6, 7}, {1, 5}, {3, 4}], [{8, 2}, {6, 7}, {3, 5}, {1, 4}], [{8, 2}, {6, 7}, {4, 5}, {1, 3}], [{8, 2}, {7}, {6}, {4, 5}, {1, 3}], [{8, 3}, {1, 7}, {2, 6}, {4, 5}], [{8, 3}, {1, 7}, {4, 6}, {2, 5}], [{8, 3}, {1, 7}, {4, 6}, {5}, {2}], [{8, 3}, {1, 7}, {5, 6}, {2, 4}], [{8, 3}, {1, 7}, {5, 6}, {4}, {2}], [{8, 3}, {1, 7}, {6}, {4, 5}, {2}], [{8, 3}, {2, 7}, {1, 6}, {4, 5}], [{8, 3}, {2, 7}, {4, 6}, {1, 5}], [{8, 3}, {2, 7}, {5, 6}, {1, 4}], [{8, 3}, {2, 7}, {6}, {4, 5}, {1}], [{8, 3}, {4, 7}, {1, 6}, {2, 5}], [{8, 3}, {4, 7}, {2, 6}, {1, 5}], [{8, 3}, {4, 7}, {5, 6}, {1, 2}], [{8, 3}, {5, 7}, {1, 6}, {2, 4}], [{8, 3}, {5, 7}, {2, 6}, {1, 4}], [{8, 3}, {5, 7}, {4, 6}, {1, 2}], [{8, 3}, {5, 7}, {4, 6}, {2}, {1}], [{8, 3}, {6, 7}, {1, 5}, {2, 4}], [{8, 3}, {6, 7}, {2, 5}, {1, 4}], [{8, 3}, {6, 7}, {2, 5}, {4}, {1}], [{8, 3}, {6, 7}, {4, 5}, {1, 2}], [{8, 3}, {7}, {2, 6}, {1, 5}, {4}], [{8, 3}, {7}, {4, 6}, {1, 5}, {2}], [{8, 3}, {7}, {6}, {1, 5}, {2, 4}], [{8, 3}, {7}, {6}, {2, 5}, {1, 4}], [{8, 3}, {7}, {6}, {4, 5}, {1, 2}], [{8, 4}, {1, 7}, {2, 6}, {3, 5}], [{8, 4}, {1, 7}, {3, 6}, {2, 5}], [{8, 4}, {1, 7}, {3, 6}, {5}, {2}], [{8, 4}, {1, 7}, {5, 6}, {2, 3}], [{8, 4}, {2, 7}, {1, 6}, {3, 5}], [{8, 4}, {2, 7}, {3, 6}, {1, 5}], [{8, 4}, {2, 7}, {5, 6}, {1, 3}], [{8, 4}, {2, 7}, {6}, {3, 5}, {1}], [{8, 4}, {3, 7}, {1, 6}, {2, 5}], [{8, 4}, {3, 7}, {2, 6}, {1, 5}], [{8, 4}, {3, 7}, {2, 6}, {5}, {1}], [{8, 4}, {3, 7}, {5, 6}, {1, 2}], [{8, 4}, {5, 7}, {1, 6}, {2, 3}], [{8, 4}, {5, 7}, {2, 6}, {1, 3}], [{8, 4}, {5, 7}, {2, 6}, {3}, {1}], [{8, 4}, {5, 7}, {3, 6}, {1, 2}], [{8, 4}, {5, 7}, {3, 6}, {2}, {1}], [{8, 4}, {5, 7}, {6}, {2, 3}, {1}], [{8, 4}, {6, 7}, {1, 5}, {2, 3}], [{8, 4}, {6, 7}, {2, 5}, {1, 3}], [{8, 4}, {6, 7}, {3, 5}, {1, 2}], [{8, 4}, {6, 7}, {3, 5}, {2}, {1}], [{8, 4}, {7}, {2, 6}, {3, 5}, {1}], [{8, 4}, {7}, {3, 6}, {1, 5}, {2}], [{8, 5}, {1, 7}, {2, 6}, {3, 4}], [{8, 5}, {1, 7}, {3, 6}, {2, 4}], [{8, 5}, {1, 7}, {4, 6}, {2, 3}], [{8, 5}, {2, 7}, {1, 6}, {3, 4}], [{8, 5}, {2, 7}, {3, 6}, {1, 4}], [{8, 5}, {2, 7}, {4, 6}, {1, 3}], [{8, 5}, {2, 7}, {6}, {3, 4}, {1}], [{8, 5}, {3, 7}, {1, 6}, {2, 4}], [{8, 5}, {3, 7}, {2, 6}, {1, 4}], [{8, 5}, {3, 7}, {2, 6}, {4}, {1}], [{8, 5}, {3, 7}, {4, 6}, {1, 2}], [{8, 5}, {4, 7}, {1, 6}, {2, 3}], [{8, 5}, {4, 7}, {2, 6}, {1, 3}], [{8, 5}, {4, 7}, {3, 6}, {1, 2}], [{8, 5}, {4, 7}, {6}, {2, 3}, {1}], [{8, 5}, {6, 7}, {1, 4}, {2, 3}], [{8, 5}, {6, 7}, {2, 4}, {1, 3}], [{8, 5}, {6, 7}, {3, 4}, {1, 2}], [{8, 5}, {6, 7}, {4}, {1, 3}, {2}], [{8, 5}, {7}, {3, 6}, {1, 4}, {2}], [{8, 5}, {7}, {3, 6}, {2, 4}, {1}], [{8, 5}, {7}, {3, 6}, {4}, {1, 2}], [{8, 6}, {1, 7}, {2, 5}, {3, 4}], [{8, 6}, {1, 7}, {3, 5}, {2, 4}], [{8, 6}, {1, 7}, {4, 5}, {2, 3}], [{8, 6}, {2, 7}, {1, 5}, {3, 4}], [{8, 6}, {2, 7}, {3, 5}, {1, 4}], [{8, 6}, {2, 7}, {4, 5}, {1, 3}], [{8, 6}, {2, 7}, {5}, {3, 4}, {1}], [{8, 6}, {3, 7}, {1, 5}, {2, 4}], [{8, 6}, {3, 7}, {1, 5}, {4}, {2}], [{8, 6}, {3, 7}, {2, 5}, {1, 4}], [{8, 6}, {3, 7}, {2, 5}, {4}, {1}], [{8, 6}, {3, 7}, {4, 5}, {1, 2}], [{8, 6}, {3, 7}, {4, 5}, {2}, {1}], [{8, 6}, {3, 7}, {5}, {1, 4}, {2}], [{8, 6}, {3, 7}, {5}, {2, 4}, {1}], [{8, 6}, {3, 7}, {5}, {4}, {1, 2}], [{8, 6}, {4, 7}, {1, 5}, {2, 3}], [{8, 6}, {4, 7}, {2, 5}, {1, 3}], [{8, 6}, {4, 7}, {3, 5}, {1, 2}], [{8, 6}, {5, 7}, {1, 4}, {2, 3}], [{8, 6}, {5, 7}, {2, 4}, {1, 3}], [{8, 6}, {5, 7}, {2, 4}, {3}, {1}], [{8, 6}, {5, 7}, {3, 4}, {1, 2}], [{8, 6}, {7}, {3, 5}, {2, 4}, {1}], [{8, 7}, {1, 6}, {2, 5}, {3, 4}], [{8, 7}, {1, 6}, {3, 5}, {2, 4}], [{8, 7}, {1, 6}, {4, 5}, {2, 3}], [{8, 7}, {1, 6}, {5}, {2, 4}, {3}], [{8, 7}, {2, 6}, {1, 5}, {3, 4}], [{8, 7}, {2, 6}, {3, 5}, {1, 4}], [{8, 7}, {2, 6}, {4, 5}, {1, 3}], [{8, 7}, {2, 6}, {5}, {1, 4}, {3}], [{8, 7}, {2, 6}, {5}, {3, 4}, {1}], [{8, 7}, {2, 6}, {5}, {4}, {1, 3}], [{8, 7}, {3, 6}, {1, 5}, {2, 4}], [{8, 7}, {3, 6}, {2, 5}, {1, 4}], [{8, 7}, {3, 6}, {2, 5}, {4}, {1}], [{8, 7}, {3, 6}, {4, 5}, {1, 2}], [{8, 7}, {4, 6}, {1, 5}, {2, 3}], [{8, 7}, {4, 6}, {2, 5}, {1, 3}], [{8, 7}, {4, 6}, {3, 5}, {1, 2}], [{8, 7}, {4, 6}, {3, 5}, {2}, {1}], [{8, 7}, {4, 6}, {5}, {3}, {1, 2}], [{8, 7}, {5, 6}, {1, 4}, {2, 3}], [{8, 7}, {5, 6}, {1, 4}, {3}, {2}], [{8, 7}, {5, 6}, {2, 4}, {1, 3}], [{8, 7}, {5, 6}, {2, 4}, {3}, {1}], [{8, 7}, {5, 6}, {3, 4}, {1, 2}], [{8, 7}, {5, 6}, {4}, {3}, {1, 2}], [{8, 7}, {6}, {1, 5}, {2, 4}, {3}], [{8, 7}, {6}, {2, 5}, {1, 4}, {3}], [{8, 7}, {6}, {4, 5}, {1, 3}, {2}], [{8, 7}, {6}, {4, 5}, {2, 3}, {1}], [{8, 7}, {6}, {4, 5}, {3}, {1, 2}], [{8}, {1, 7}, {6}, {4, 5}, {2, 3}], [{8}, {2, 7}, {5, 6}, {3, 4}, {1}], [{8}, {2, 7}, {6}, {4, 5}, {1, 3}], [{8}, {3, 7}, {1, 6}, {4, 5}, {2}], [{8}, {3, 7}, {2, 6}, {4, 5}, {1}], [{8}, {3, 7}, {6}, {1, 5}, {2, 4}], [{8}, {3, 7}, {6}, {2, 5}, {1, 4}], [{8}, {3, 7}, {6}, {4, 5}, {1, 2}], [{8}, {3, 7}, {6}, {4, 5}, {2}, {1}], [{8}, {4, 7}, {1, 6}, {3, 5}, {2}], [{8}, {5, 7}, {1, 6}, {3, 4}, {2}], [{8}, {7}, {4, 6}, {2, 5}, {1, 3}]]",2,12 K_1^3 - 22 K_1^2 - 8 K_1 K_2 - 5 K_1 + 11 K_2 + K_3 + 12,O1O2O3U4O5U3U6U5O7O4U8O6U1U2O8U7,O1O2O3U1O4U3U5U6O7U8O5O6U2O8U4U7,O1O2O3U4U5O6U2O7O8U6O4U7U8U1O5U3,c,{'O1O2O3U4O5U2U3O6U5O7O4U8U6U1O8U7'},1,"<a href=""/flatknot/8.1101930"">8.1101930</a>",t^9-32t^7-82t^6-7t^5+118t^4+41t^3-32t^2+6t,t^2-2t,,
8.1101931,O1O2O3U4O5U2U3O6U5O7O4U8U7U1O8U6,4,5z^3+38z^2+100z+89,5w^4z^3+38w^3z^2+100w^2z+89w,False,False,"[[ 0  0 -1  1  0  1  1  0 -2],[ 0  0 -1  1 -1  2  0 -1 -1],[ 1  1  0  1 -1  2  0 -1  1],[-1 -1 -1  0 -2  1  0 -1 -1],[ 0  1  1  2  0  1 -1  0 -1],[-1 -2 -2 -1 -1  0  1  0 -1],[-1  0  0  0  1 -1  0  1 -2],[ 0  1  1  1  0  0 -1  0  0],[ 2  1 -1  1  1  1  2  0  0]]","[[ 0  1  1  1  0  0  0 -1 -2],[-1  0  1  0 -1 -1 -2 -1 -1],[-1 -1  0  1  0 -2 -1 -2 -1],[-1  0 -1  0  1  0  1  0 -2],[ 0  1  0 -1  0  1  0  1  0],[ 0  1  2  0 -1  0 -1 -1 -1],[ 0  2  1 -1  0  1  0  1 -1],[ 1  1  2  0 -1  1 -1  0  1],[ 2  1  1  2  0  1  1 -1  0]]",True,"[-1,-1,-1,0,0,0,1,2,-1,0,1,1,2,1,1,-1,0,2,1,2,1,-1,0,-1,0,2,-1,0,-1,0,1,1,1,-1,1,-1]","[-2,-1,0,0,0,1,1,1,-1,0,1,1,1,1,2,-1,-1,1,1,2,0,0,1,1,0,-1,1,2,1,-1,1,2,0,1,0,1]",t^8+34t^6+242t^4+75t^2+4,"[-2,-1,0,0,0,1,1,1,2,1,1,2,1,2,2,0,2,2,2,0,1,1,1,1,-1,0,0,2,0,-1,2,1,0,1,0,1]","[-1,-1,-1,0,0,0,1,2,-1,0,1,2,2,2,1,-1,-1,0,1,0,2,0,-1,0,1,2,-1,-1,0,1,0,2,1,2,2,2]","[-2,-1,0,0,0,1,1,1,-1,0,1,1,1,1,2,-1,-1,1,1,2,0,0,1,1,0,-1,1,2,1,-1,1,2,0,1,0,1]",c,"[[{8, 1}, {2, 7}, {3, 6}, {4, 5}], [{8, 1}, {2, 7}, {4, 6}, {3, 5}], [{8, 1}, {2, 7}, {5, 6}, {3, 4}], [{8, 1}, {3, 7}, {2, 6}, {4, 5}], [{8, 1}, {3, 7}, {4, 6}, {2, 5}], [{8, 1}, {3, 7}, {5, 6}, {2, 4}], [{8, 1}, {3, 7}, {6}, {4, 5}, {2}], [{8, 1}, {4, 7}, {2, 6}, {3, 5}], [{8, 1}, {4, 7}, {3, 6}, {2, 5}], [{8, 1}, {4, 7}, {3, 6}, {5}, {2}], [{8, 1}, {4, 7}, {5, 6}, {2, 3}], [{8, 1}, {5, 7}, {2, 6}, {3, 4}], [{8, 1}, {5, 7}, {3, 6}, {2, 4}], [{8, 1}, {5, 7}, {3, 6}, {4}, {2}], [{8, 1}, {5, 7}, {4, 6}, {2, 3}], [{8, 1}, {5, 7}, {6}, {2, 4}, {3}], [{8, 1}, {6, 7}, {2, 5}, {3, 4}], [{8, 1}, {6, 7}, {3, 5}, {2, 4}], [{8, 1}, {6, 7}, {4, 5}, {2, 3}], [{8, 1}, {6, 7}, {4, 5}, {3}, {2}], [{8, 1}, {7}, {2, 6}, {3, 5}, {4}], [{8, 1}, {7}, {3, 6}, {4, 5}, {2}], [{8, 1}, {7}, {5, 6}, {4}, {2, 3}], [{8, 2}, {1, 7}, {3, 6}, {4, 5}], [{8, 2}, {1, 7}, {4, 6}, {3, 5}], [{8, 2}, {1, 7}, {5, 6}, {3, 4}], [{8, 2}, {3, 7}, {1, 6}, {4, 5}], [{8, 2}, {3, 7}, {4, 6}, {1, 5}], [{8, 2}, {3, 7}, {5, 6}, {1, 4}], [{8, 2}, {4, 7}, {1, 6}, {3, 5}], [{8, 2}, {4, 7}, {3, 6}, {1, 5}], [{8, 2}, {4, 7}, {5, 6}, {1, 3}], [{8, 2}, {4, 7}, {6}, {5}, {1, 3}], [{8, 2}, {5, 7}, {1, 6}, {3, 4}], [{8, 2}, {5, 7}, {3, 6}, {1, 4}], [{8, 2}, {5, 7}, {4, 6}, {1, 3}], [{8, 2}, {5, 7}, {6}, {1, 4}, {3}], [{8, 2}, {6, 7}, {1, 5}, {3, 4}], [{8, 2}, {6, 7}, {3, 5}, {1, 4}], [{8, 2}, {6, 7}, {4, 5}, {1, 3}], [{8, 2}, {7}, {1, 6}, {5}, {3, 4}], [{8, 2}, {7}, {3, 6}, {1, 5}, {4}], [{8, 3}, {1, 7}, {2, 6}, {4, 5}], [{8, 3}, {1, 7}, {4, 6}, {2, 5}], [{8, 3}, {1, 7}, {5, 6}, {2, 4}], [{8, 3}, {1, 7}, {5, 6}, {4}, {2}], [{8, 3}, {2, 7}, {1, 6}, {4, 5}], [{8, 3}, {2, 7}, {4, 6}, {1, 5}], [{8, 3}, {2, 7}, {5, 6}, {1, 4}], [{8, 3}, {2, 7}, {6}, {1, 5}, {4}], [{8, 3}, {4, 7}, {1, 6}, {2, 5}], [{8, 3}, {4, 7}, {2, 6}, {1, 5}], [{8, 3}, {4, 7}, {5, 6}, {1, 2}], [{8, 3}, {4, 7}, {6}, {1, 5}, {2}], [{8, 3}, {5, 7}, {1, 6}, {2, 4}], [{8, 3}, {5, 7}, {1, 6}, {4}, {2}], [{8, 3}, {5, 7}, {2, 6}, {1, 4}], [{8, 3}, {5, 7}, {4, 6}, {1, 2}], [{8, 3}, {6, 7}, {1, 5}, {2, 4}], [{8, 3}, {6, 7}, {1, 5}, {4}, {2}], [{8, 3}, {6, 7}, {2, 5}, {1, 4}], [{8, 3}, {6, 7}, {4, 5}, {1, 2}], [{8, 3}, {7}, {2, 6}, {1, 5}, {4}], [{8, 3}, {7}, {2, 6}, {4, 5}, {1}], [{8, 3}, {7}, {2, 6}, {5}, {1, 4}], [{8, 3}, {7}, {4, 6}, {1, 5}, {2}], [{8, 3}, {7}, {4, 6}, {2, 5}, {1}], [{8, 3}, {7}, {4, 6}, {5}, {1, 2}], [{8, 3}, {7}, {6}, {1, 5}, {2, 4}], [{8, 3}, {7}, {6}, {1, 5}, {4}, {2}], [{8, 4}, {1, 7}, {2, 6}, {3, 5}], [{8, 4}, {1, 7}, {3, 6}, {2, 5}], [{8, 4}, {1, 7}, {3, 6}, {5}, {2}], [{8, 4}, {1, 7}, {5, 6}, {2, 3}], [{8, 4}, {1, 7}, {6}, {2, 5}, {3}], [{8, 4}, {2, 7}, {1, 6}, {3, 5}], [{8, 4}, {2, 7}, {3, 6}, {1, 5}], [{8, 4}, {2, 7}, {3, 6}, {5}, {1}], [{8, 4}, {2, 7}, {5, 6}, {1, 3}], [{8, 4}, {3, 7}, {1, 6}, {2, 5}], [{8, 4}, {3, 7}, {2, 6}, {1, 5}], [{8, 4}, {3, 7}, {5, 6}, {1, 2}], [{8, 4}, {3, 7}, {6}, {2, 5}, {1}], [{8, 4}, {5, 7}, {1, 6}, {2, 3}], [{8, 4}, {5, 7}, {2, 6}, {1, 3}], [{8, 4}, {5, 7}, {3, 6}, {1, 2}], [{8, 4}, {5, 7}, {3, 6}, {2}, {1}], [{8, 4}, {6, 7}, {1, 5}, {2, 3}], [{8, 4}, {6, 7}, {2, 5}, {1, 3}], [{8, 4}, {6, 7}, {2, 5}, {3}, {1}], [{8, 4}, {6, 7}, {3, 5}, {1, 2}], [{8, 4}, {7}, {1, 6}, {2, 5}, {3}], [{8, 4}, {7}, {2, 6}, {3, 5}, {1}], [{8, 4}, {7}, {3, 6}, {1, 5}, {2}], [{8, 4}, {7}, {3, 6}, {2, 5}, {1}], [{8, 4}, {7}, {3, 6}, {5}, {1, 2}], [{8, 4}, {7}, {3, 6}, {5}, {2}, {1}], [{8, 4}, {7}, {5, 6}, {2, 3}, {1}], [{8, 4}, {7}, {6}, {2, 5}, {1, 3}], [{8, 4}, {7}, {6}, {2, 5}, {3}, {1}], [{8, 5}, {1, 7}, {2, 6}, {3, 4}], [{8, 5}, {1, 7}, {3, 6}, {2, 4}], [{8, 5}, {1, 7}, {3, 6}, {4}, {2}], [{8, 5}, {1, 7}, {4, 6}, {2, 3}], [{8, 5}, {2, 7}, {1, 6}, {3, 4}], [{8, 5}, {2, 7}, {3, 6}, {1, 4}], [{8, 5}, {2, 7}, {4, 6}, {1, 3}], [{8, 5}, {3, 7}, {1, 6}, {2, 4}], [{8, 5}, {3, 7}, {2, 6}, {1, 4}], [{8, 5}, {3, 7}, {4, 6}, {1, 2}], [{8, 5}, {3, 7}, {6}, {2, 4}, {1}], [{8, 5}, {4, 7}, {1, 6}, {2, 3}], [{8, 5}, {4, 7}, {2, 6}, {1, 3}], [{8, 5}, {4, 7}, {3, 6}, {1, 2}], [{8, 5}, {4, 7}, {3, 6}, {2}, {1}], [{8, 5}, {6, 7}, {1, 4}, {2, 3}], [{8, 5}, {6, 7}, {2, 4}, {1, 3}], [{8, 5}, {6, 7}, {3, 4}, {1, 2}], [{8, 5}, {6, 7}, {4}, {3}, {1, 2}], [{8, 5}, {7}, {1, 6}, {4}, {2, 3}], [{8, 5}, {7}, {2, 6}, {1, 4}, {3}], [{8, 5}, {7}, {2, 6}, {3, 4}, {1}], [{8, 5}, {7}, {2, 6}, {4}, {1, 3}], [{8, 5}, {7}, {3, 6}, {1, 4}, {2}], [{8, 5}, {7}, {4, 6}, {2, 3}, {1}], [{8, 5}, {7}, {6}, {1, 4}, {2, 3}], [{8, 6}, {1, 7}, {2, 5}, {3, 4}], [{8, 6}, {1, 7}, {3, 5}, {2, 4}], [{8, 6}, {1, 7}, {4, 5}, {2, 3}], [{8, 6}, {1, 7}, {5}, {2, 4}, {3}], [{8, 6}, {2, 7}, {1, 5}, {3, 4}], [{8, 6}, {2, 7}, {1, 5}, {4}, {3}], [{8, 6}, {2, 7}, {3, 5}, {1, 4}], [{8, 6}, {2, 7}, {4, 5}, {1, 3}], [{8, 6}, {2, 7}, {4, 5}, {3}, {1}], [{8, 6}, {2, 7}, {5}, {1, 4}, {3}], [{8, 6}, {3, 7}, {1, 5}, {2, 4}], [{8, 6}, {3, 7}, {1, 5}, {4}, {2}], [{8, 6}, {3, 7}, {2, 5}, {1, 4}], [{8, 6}, {3, 7}, {4, 5}, {1, 2}], [{8, 6}, {3, 7}, {4, 5}, {2}, {1}], [{8, 6}, {3, 7}, {5}, {1, 4}, {2}], [{8, 6}, {4, 7}, {1, 5}, {2, 3}], [{8, 6}, {4, 7}, {1, 5}, {3}, {2}], [{8, 6}, {4, 7}, {2, 5}, {1, 3}], [{8, 6}, {4, 7}, {3, 5}, {1, 2}], [{8, 6}, {5, 7}, {1, 4}, {2, 3}], [{8, 6}, {5, 7}, {2, 4}, {1, 3}], [{8, 6}, {5, 7}, {2, 4}, {3}, {1}], [{8, 6}, {5, 7}, {3, 4}, {1, 2}], [{8, 6}, {7}, {1, 5}, {2, 4}, {3}], [{8, 6}, {7}, {1, 5}, {3, 4}, {2}], [{8, 6}, {7}, {1, 5}, {4}, {2, 3}], [{8, 6}, {7}, {1, 5}, {4}, {3}, {2}], [{8, 6}, {7}, {2, 5}, {3, 4}, {1}], [{8, 6}, {7}, {4, 5}, {2, 3}, {1}], [{8, 6}, {7}, {5}, {1, 4}, {2, 3}], [{8, 6}, {7}, {5}, {3, 4}, {1, 2}], [{8, 7}, {1, 6}, {2, 5}, {3, 4}], [{8, 7}, {1, 6}, {2, 5}, {4}, {3}], [{8, 7}, {1, 6}, {3, 5}, {2, 4}], [{8, 7}, {1, 6}, {4, 5}, {2, 3}], [{8, 7}, {2, 6}, {1, 5}, {3, 4}], [{8, 7}, {2, 6}, {3, 5}, {1, 4}], [{8, 7}, {2, 6}, {4, 5}, {1, 3}], [{8, 7}, {2, 6}, {5}, {3, 4}, {1}], [{8, 7}, {3, 6}, {1, 5}, {2, 4}], [{8, 7}, {3, 6}, {1, 5}, {4}, {2}], [{8, 7}, {3, 6}, {2, 5}, {1, 4}], [{8, 7}, {3, 6}, {4, 5}, {1, 2}], [{8, 7}, {3, 6}, {4, 5}, {2}, {1}], [{8, 7}, {3, 6}, {5}, {1, 4}, {2}], [{8, 7}, {4, 6}, {1, 5}, {2, 3}], [{8, 7}, {4, 6}, {2, 5}, {1, 3}], [{8, 7}, {4, 6}, {3, 5}, {1, 2}], [{8, 7}, {4, 6}, {5}, {2, 3}, {1}], [{8, 7}, {5, 6}, {1, 4}, {2, 3}], [{8, 7}, {5, 6}, {2, 4}, {1, 3}], [{8, 7}, {5, 6}, {2, 4}, {3}, {1}], [{8, 7}, {5, 6}, {3, 4}, {1, 2}], [{8}, {1, 7}, {2, 6}, {4, 5}, {3}], [{8}, {1, 7}, {3, 6}, {4, 5}, {2}], [{8}, {1, 7}, {6}, {4, 5}, {2, 3}], [{8}, {2, 7}, {3, 6}, {1, 5}, {4}], [{8}, {2, 7}, {4, 6}, {3, 5}, {1}], [{8}, {2, 7}, {5, 6}, {3, 4}, {1}], [{8}, {2, 7}, {6}, {4, 5}, {1, 3}], [{8}, {3, 7}, {1, 6}, {4, 5}, {2}], [{8}, {4, 7}, {1, 6}, {2, 5}, {3}], [{8}, {4, 7}, {3, 6}, {1, 5}, {2}], [{8}, {5, 7}, {1, 6}, {2, 4}, {3}], [{8}, {5, 7}, {2, 6}, {3, 4}, {1}], [{8}, {5, 7}, {3, 6}, {1, 4}, {2}], [{8}, {5, 7}, {4, 6}, {2, 3}, {1}], [{8}, {7}, {2, 6}, {3, 5}, {1, 4}], [{8}, {7}, {3, 6}, {1, 5}, {2, 4}], [{8}, {7}, {3, 6}, {1, 5}, {4}, {2}], [{8}, {7}, {5, 6}, {1, 4}, {2, 3}]]",2,8 K_1^3 - 14 K_1^2 - 8 K_1 K_2 - 2 K_1 + 7 K_2 + 2 K_3 + 8,O1O2O3U4O5U3U6U5O7O6U8O4U1U2O8U7,O1O2O3U1O4U3U5U6O7U8O5O6U4O8U2U7,O1O2O3U4U2O5U6O7O8U5O4U7U8U1O6U3,c,{'O1O2O3U4O5U2U3O6U5O7O4U8U7U1O8U6'},1,"<a href=""/flatknot/8.1101931"">8.1101931</a>",t^9-36t^7-82t^6+73t^5+260t^4-19t^3-150t^2+31t+2,t^2-2t,,
8.1101932,O1O2O3U4O5U2U3O6U7O8O4U6U8U1O7U5,4,8z^3+48z^2+109z+91,8w^4z^3+48w^3z^2+109w^2z+91w,False,False,"[[ 0  0 -1  1  0  2 -1 -1  0],[ 0  0  0  2  0  1 -2  0  0],[ 1  0  0  1  0  1 -1  2 -1],[-1 -2 -1  0 -1  0 -1  0 -1],[ 0  0  0  1  0  1 -1  0 -1],[-2 -1 -1  0 -1  0  0 -3  1],[ 1  2  1  1  1  0  0  0  1],[ 1  0 -2  0  0  3  0  0  0],[ 0  0  1  1  1 -1 -1  0  0]]","[[ 0  2  1  0  0  0 -1 -1 -1],[-2  0  0  1 -1 -1  0 -1 -3],[-1  0  0 -1 -1 -2 -1 -1  0],[ 0 -1  1  0  1  0 -1  1  0],[ 0  1  1 -1  0  0 -1  0  0],[ 0  1  2  0  0  0 -2  0  0],[ 1  0  1  1  1  2  0  1  0],[ 1  1  1 -1  0  0 -1  0  2],[ 1  3  0  0  0  0  0 -2  0]]",True,"[-2,-1,0,0,0,1,1,1,0,-1,1,1,0,1,3,1,1,2,1,1,0,-1,0,1,-1,0,0,1,0,0,2,0,0,-1,0,-2]","[-2,-1,0,0,0,1,1,1,0,-1,1,1,0,1,3,1,1,2,1,1,0,-1,0,1,-1,0,0,1,0,0,2,0,0,-1,0,-2]",t^8+34t^6+271t^4+172t^2+4,"[-1,-1,-1,0,0,0,1,2,-2,1,1,1,2,1,2,0,1,1,1,2,0,-1,0,0,1,3,0,0,-1,1,1,0,1,0,3,1]","[-2,-1,0,0,0,1,1,1,1,1,1,3,0,2,3,-1,0,0,2,1,1,0,0,1,1,-1,-1,1,1,0,1,2,0,-2,0,-1]","[-1,-1,-1,0,0,0,1,2,-2,0,0,0,0,0,3,-1,-1,0,0,1,1,1,1,2,1,0,1,0,1,-1,0,1,1,2,1,0]",c,"[[{8, 5}, {1, 7}, {3, 6}, {2, 4}], [{8, 5}, {1, 7}, {3, 6}, {4}, {2}], [{8, 7}, {3, 6}, {1, 5}, {2, 4}]]",1,4 K_1^3 - 14 K_1^2 - 4 K_1 K_2 - K_1 + 7 K_2 + K_3 + 8,O1O2O3U4O5U3U6U7O8O6U5O7U1U2O4U8,O1O2O3U4O5U3U6U7O8U5O6O7U1O4U2U8,O1O2O3U4U2O5U3O6O7U8O4U6U7U1O8U5,c,{'O1O2O3U4O5U2U3O6U7O8O4U6U8U1O7U5'},1,"<a href=""/flatknot/8.1101932"">8.1101932</a>",t^9-32t^7-44t^6+200t^5+418t^4+83t^3-194t^2-84t-12,-t^2+2t,,
8.1101933,O1O2O3U4O5U2U3O6U7O8O4U8U6U1O7U5,4,z^3+21z^2+87z+99,w^4z^3+21w^3z^2+87w^2z+99w,False,False,"[[ 0  0 -1  1  0  2  0 -1 -1],[ 0  0  0  2  0  1 -1  0 -1],[ 1  0  0  1  0  1 -1  2 -1],[-1 -2 -1  0 -1  0 -1  0 -1],[ 0  0  0  1  0  1 -1  0 -1],[-2 -1 -1  0 -1  0  1 -3  0],[ 0  1  1  1  1 -1  0  0  0],[ 1  0 -2  0  0  3  0  0 -1],[ 1  1  1  1  1  0  0  1  0]]","[[ 0  2  1  0  0  0 -1 -1 -1],[-2  0  0  1 -1 -1  0 -1 -3],[-1  0  0 -1 -1 -2 -1 -1  0],[ 0 -1  1  0  1  1  0  1  0],[ 0  1  1 -1  0  0 -1  0  0],[ 0  1  2 -1  0  0 -1  0  0],[ 1  0  1  0  1  1  0  1  1],[ 1  1  1 -1  0  0 -1  0  2],[ 1  3  0  0  0  0 -1 -2  0]]",True,"[-2,-1,0,0,0,1,1,1,0,-1,1,1,0,1,3,1,1,2,1,1,0,-1,-1,0,-1,0,0,1,0,0,1,0,0,-1,-1,-2]","[-2,-1,0,0,0,1,1,1,0,-1,1,1,0,1,3,1,1,2,1,1,0,-1,-1,0,-1,0,0,1,0,0,1,0,0,-1,-1,-2]",t^8+32t^6+192t^4+79t^2+4,"[-1,-1,-1,0,0,0,1,2,-2,1,1,1,2,1,2,1,1,1,1,2,0,0,0,1,1,3,0,1,-1,1,1,0,1,0,3,1]","[-2,-1,0,0,0,1,1,1,1,1,1,3,0,2,3,-1,0,0,2,1,1,0,-1,1,1,0,-1,1,1,0,1,2,1,-2,-1,-1]","[-1,-1,-1,0,0,0,1,2,-2,-1,0,0,0,0,3,-1,-1,0,0,1,1,0,1,1,1,0,1,1,1,-1,0,1,1,2,1,0]",c,"[[{8, 4}, {5, 7}, {2, 6}, {1, 3}], [{8}, {5, 7}, {2, 6}, {4}, {1, 3}]]",1,16 K_1^3 - 26 K_1^2 - 12 K_1 K_2 - 6 K_1 + 13 K_2 + 2 K_3 + 14,O1O2O3U4O5U3U6U7O8O7U5O6U1U2O4U8,O1O2O3U4O5U3U6U7O8U5O6O7U2O4U1U8,O1O2O3U4U3O5U2O6O7U8O4U6U7U1O8U5,c,{'O1O2O3U4O5U2U3O6U7O8O4U8U6U1O7U5'},1,"<a href=""/flatknot/8.1101933"">8.1101933</a>",t^9-30t^7-46t^6+147t^5+344t^4+89t^3-248t^2-104t+12,-t^2+2t,,
8.1101934,O1O2O3U4O5U2U5O6U1O7O4U6U8U7O8U3,4,17z^2+94z+121,17w^3z^2+94w^2z+121w,False,False,"[[ 0 -1 -1  2  0  1 -1  1 -1],[ 1  0 -1  2  0  1  0  0  1],[ 1  1  0  1  0  1 -1 -1  1],[-2 -2 -1  0  0  0 -2  1 -3],[ 0  0  0  0  0  1 -1  0  0],[-1 -1 -1  0 -1  0  0  0 -1],[ 1  0  1  2  1  0  0  1  0],[-1  0  1 -1  0  0 -1  0 -1],[ 1 -1 -1  3  0  1  0  1  0]]","[[ 0  2  1  1  0 -1 -1 -1 -1],[-2  0  1  0  0 -1 -2 -2 -3],[-1 -1  0  0  0  1  0 -1 -1],[-1  0  0  0 -1 -1 -1  0 -1],[ 0  0  0  1  0  0  0 -1  0],[ 1  1 -1  1  0  0  1 -1  1],[ 1  2  0  1  0 -1  0  0  1],[ 1  2  1  0  1  1  0  0  0],[ 1  3  1  1  0 -1 -1  0  0]]",True,"[-2,-1,-1,0,1,1,1,1,-1,0,0,1,2,2,3,0,0,-1,0,1,1,1,1,1,0,1,0,0,1,0,-1,1,-1,0,-1,0]","[-2,-1,-1,0,1,1,1,1,-1,0,0,1,2,2,3,0,0,-1,0,1,1,1,1,1,0,1,0,0,1,0,-1,1,-1,0,-1,0]",t^8+31t^6+168t^4+76t^2,"[-1,-1,-1,-1,0,1,1,2,-1,-1,1,1,1,3,2,-1,0,1,1,2,1,0,1,1,1,0,0,2,1,1,0,1,2,0,1,2]","[-2,-1,-1,0,1,1,1,1,1,2,2,0,1,1,2,0,0,1,1,2,1,1,1,2,1,3,1,1,0,1,-1,0,-1,0,-1,1]","[-1,-1,-1,-1,0,1,1,2,-1,-1,0,0,1,1,3,-1,0,0,0,1,2,-1,0,-1,1,1,1,1,0,2,0,1,0,0,-1,0]",c,"[[{8, 6}, {2, 7}, {4, 5}, {1, 3}]]",1,- 10 K_1^2 - 4 K_1 K_2 + 2 K_1 + 5 K_2 + 2 K_3 + 6,O1O2O3U1O4U5U4U6O7O5U3O6U8U2O8U7,O1O2O3U2O4U5U6U4O7U8O6O8U1O5U3U7,O1O2O3U4U1O5U3O6O7U6O4U8U7U5O8U2,c,{'O1O2O3U4O5U2U5O6U1O7O4U6U8U7O8U3'},1,"<a href=""/flatknot/8.1101934"">8.1101934</a>",t^9-29t^7-54t^6+45t^5+136t^4+11t^3-86t^2-27t-2,-t^2+2t,,
8.1101935,O1O2O3U4O5U2U5O6U1O7O4U7U8U6O8U3,4,7z^2+84z+141,7w^3z^2+84w^2z+141w,False,False,"[[ 0 -1 -1  2  0  1  1 -1 -1],[ 1  0 -1  2  0  1  0 -1  0],[ 1  1  0  1  0  1 -1 -1  1],[-2 -2 -1  0  0  0  0 -1 -3],[ 0  0  0  0  0  1  0 -1  0],[-1 -1 -1  0 -1  0  0  0 -1],[-1  0  1  0  0  0  0  0 -1],[ 1  1  1  1  1  0  0  0  1],[ 1  0 -1  3  0  1  1 -1  0]]","[[ 0  2  1  1  0 -1 -1 -1 -1],[-2  0  0  0  0 -1 -1 -2 -3],[-1  0  0  0  0  1  0  0 -1],[-1  0  0  0 -1 -1  0 -1 -1],[ 0  0  0  1  0  0 -1  0  0],[ 1  1 -1  1  0  0 -1  1  1],[ 1  1  0  0  1  1  0  1  1],[ 1  2  0  1  0 -1 -1  0  0],[ 1  3  1  1  0 -1 -1  0  0]]",True,"[-2,-1,-1,0,1,1,1,1,0,0,0,1,1,2,3,0,0,-1,0,0,1,1,1,0,1,1,0,1,0,0,1,-1,-1,-1,-1,0]","[-2,-1,-1,0,1,1,1,1,0,0,0,1,1,2,3,0,0,-1,0,0,1,1,1,0,1,1,0,1,0,0,1,-1,-1,-1,-1,0]",t^8+27t^6+100t^4+63t^2+1,"[-1,-1,-1,-1,0,1,1,2,-1,-1,-1,0,2,2,2,-1,-1,1,1,3,2,0,1,1,1,0,1,1,2,1,0,1,2,0,1,1]","[-2,-1,-1,0,1,1,1,1,1,1,2,0,1,2,2,0,0,1,1,1,2,1,1,2,3,2,1,1,1,0,0,-1,-1,-1,-1,-1]","[-1,-1,-1,-1,0,1,1,2,-1,-1,0,0,0,1,2,-1,1,0,-1,1,1,1,1,0,0,1,0,1,1,3,0,1,0,0,0,0]",c,"[[{8, 1}, {2, 7}, {3, 6}, {4, 5}], [{8, 1}, {2, 7}, {4, 6}, {3, 5}], [{8, 1}, {2, 7}, {5, 6}, {3, 4}], [{8, 1}, {3, 7}, {2, 6}, {4, 5}], [{8, 1}, {3, 7}, {4, 6}, {2, 5}], [{8, 1}, {3, 7}, {5, 6}, {2, 4}], [{8, 1}, {3, 7}, {5, 6}, {4}, {2}], [{8, 1}, {4, 7}, {2, 6}, {3, 5}], [{8, 1}, {4, 7}, {3, 6}, {2, 5}], [{8, 1}, {4, 7}, {5, 6}, {2, 3}], [{8, 1}, {5, 7}, {2, 6}, {3, 4}], [{8, 1}, {5, 7}, {2, 6}, {4}, {3}], [{8, 1}, {5, 7}, {3, 6}, {2, 4}], [{8, 1}, {5, 7}, {3, 6}, {4}, {2}], [{8, 1}, {5, 7}, {4, 6}, {2, 3}], [{8, 1}, {5, 7}, {6}, {4}, {2, 3}], [{8, 1}, {6, 7}, {2, 5}, {3, 4}], [{8, 1}, {6, 7}, {3, 5}, {2, 4}], [{8, 1}, {6, 7}, {3, 5}, {4}, {2}], [{8, 1}, {6, 7}, {4, 5}, {2, 3}], [{8, 1}, {7}, {6}, {2, 5}, {3, 4}], [{8, 2}, {1, 7}, {3, 6}, {4, 5}], [{8, 2}, {1, 7}, {4, 6}, {3, 5}], [{8, 2}, {1, 7}, {5, 6}, {3, 4}], [{8, 2}, {3, 7}, {1, 6}, {4, 5}], [{8, 2}, {3, 7}, {4, 6}, {1, 5}], [{8, 2}, {3, 7}, {5, 6}, {1, 4}], [{8, 2}, {4, 7}, {1, 6}, {3, 5}], [{8, 2}, {4, 7}, {3, 6}, {1, 5}], [{8, 2}, {4, 7}, {5, 6}, {1, 3}], [{8, 2}, {4, 7}, {5, 6}, {3}, {1}], [{8, 2}, {5, 7}, {1, 6}, {3, 4}], [{8, 2}, {5, 7}, {1, 6}, {4}, {3}], [{8, 2}, {5, 7}, {3, 6}, {1, 4}], [{8, 2}, {5, 7}, {3, 6}, {4}, {1}], [{8, 2}, {5, 7}, {4, 6}, {1, 3}], [{8, 2}, {5, 7}, {6}, {4}, {1, 3}], [{8, 2}, {6, 7}, {1, 5}, {3, 4}], [{8, 2}, {6, 7}, {3, 5}, {1, 4}], [{8, 2}, {6, 7}, {4, 5}, {1, 3}], [{8, 3}, {1, 7}, {2, 6}, {4, 5}], [{8, 3}, {1, 7}, {4, 6}, {2, 5}], [{8, 3}, {1, 7}, {5, 6}, {2, 4}], [{8, 3}, {1, 7}, {6}, {4, 5}, {2}], [{8, 3}, {2, 7}, {1, 6}, {4, 5}], [{8, 3}, {2, 7}, {4, 6}, {1, 5}], [{8, 3}, {2, 7}, {5, 6}, {1, 4}], [{8, 3}, {2, 7}, {6}, {4, 5}, {1}], [{8, 3}, {4, 7}, {1, 6}, {2, 5}], [{8, 3}, {4, 7}, {1, 6}, {5}, {2}], [{8, 3}, {4, 7}, {2, 6}, {1, 5}], [{8, 3}, {4, 7}, {2, 6}, {5}, {1}], [{8, 3}, {4, 7}, {5, 6}, {1, 2}], [{8, 3}, {4, 7}, {5, 6}, {2}, {1}], [{8, 3}, {4, 7}, {6}, {1, 5}, {2}], [{8, 3}, {4, 7}, {6}, {2, 5}, {1}], [{8, 3}, {4, 7}, {6}, {5}, {1, 2}], [{8, 3}, {4, 7}, {6}, {5}, {2}, {1}], [{8, 3}, {5, 7}, {1, 6}, {2, 4}], [{8, 3}, {5, 7}, {1, 6}, {4}, {2}], [{8, 3}, {5, 7}, {2, 6}, {1, 4}], [{8, 3}, {5, 7}, {2, 6}, {4}, {1}], [{8, 3}, {5, 7}, {4, 6}, {1, 2}], [{8, 3}, {5, 7}, {4, 6}, {2}, {1}], [{8, 3}, {5, 7}, {6}, {1, 4}, {2}], [{8, 3}, {5, 7}, {6}, {2, 4}, {1}], [{8, 3}, {5, 7}, {6}, {4}, {1, 2}], [{8, 3}, {5, 7}, {6}, {4}, {2}, {1}], [{8, 3}, {6, 7}, {1, 5}, {2, 4}], [{8, 3}, {6, 7}, {2, 5}, {1, 4}], [{8, 3}, {6, 7}, {4, 5}, {1, 2}], [{8, 3}, {6, 7}, {4, 5}, {2}, {1}], [{8, 3}, {7}, {1, 6}, {4, 5}, {2}], [{8, 3}, {7}, {2, 6}, {4, 5}, {1}], [{8, 3}, {7}, {6}, {4, 5}, {1, 2}], [{8, 3}, {7}, {6}, {4, 5}, {2}, {1}], [{8, 4}, {1, 7}, {2, 6}, {3, 5}], [{8, 4}, {1, 7}, {3, 6}, {2, 5}], [{8, 4}, {1, 7}, {5, 6}, {2, 3}], [{8, 4}, {1, 7}, {6}, {3, 5}, {2}], [{8, 4}, {2, 7}, {1, 6}, {3, 5}], [{8, 4}, {2, 7}, {3, 6}, {1, 5}], [{8, 4}, {2, 7}, {3, 6}, {5}, {1}], [{8, 4}, {2, 7}, {5, 6}, {1, 3}], [{8, 4}, {3, 7}, {1, 6}, {2, 5}], [{8, 4}, {3, 7}, {2, 6}, {1, 5}], [{8, 4}, {3, 7}, {5, 6}, {1, 2}], [{8, 4}, {3, 7}, {5, 6}, {2}, {1}], [{8, 4}, {5, 7}, {1, 6}, {2, 3}], [{8, 4}, {5, 7}, {2, 6}, {1, 3}], [{8, 4}, {5, 7}, {3, 6}, {1, 2}], [{8, 4}, {5, 7}, {3, 6}, {2}, {1}], [{8, 4}, {6, 7}, {1, 5}, {2, 3}], [{8, 4}, {6, 7}, {2, 5}, {1, 3}], [{8, 4}, {6, 7}, {3, 5}, {1, 2}], [{8, 4}, {6, 7}, {5}, {1, 3}, {2}], [{8, 4}, {7}, {1, 6}, {5}, {2, 3}], [{8, 4}, {7}, {3, 6}, {2, 5}, {1}], [{8, 5}, {1, 7}, {2, 6}, {3, 4}], [{8, 5}, {1, 7}, {3, 6}, {2, 4}], [{8, 5}, {1, 7}, {4, 6}, {2, 3}], [{8, 5}, {2, 7}, {1, 6}, {3, 4}], [{8, 5}, {2, 7}, {3, 6}, {1, 4}], [{8, 5}, {2, 7}, {4, 6}, {1, 3}], [{8, 5}, {3, 7}, {1, 6}, {2, 4}], [{8, 5}, {3, 7}, {2, 6}, {1, 4}], [{8, 5}, {3, 7}, {4, 6}, {1, 2}], [{8, 5}, {3, 7}, {4, 6}, {2}, {1}], [{8, 5}, {4, 7}, {1, 6}, {2, 3}], [{8, 5}, {4, 7}, {2, 6}, {1, 3}], [{8, 5}, {4, 7}, {2, 6}, {3}, {1}], [{8, 5}, {4, 7}, {3, 6}, {1, 2}], [{8, 5}, {6, 7}, {1, 4}, {2, 3}], [{8, 5}, {6, 7}, {1, 4}, {3}, {2}], [{8, 5}, {6, 7}, {2, 4}, {1, 3}], [{8, 5}, {6, 7}, {3, 4}, {1, 2}], [{8, 5}, {7}, {1, 6}, {3, 4}, {2}], [{8, 6}, {1, 7}, {2, 5}, {3, 4}], [{8, 6}, {1, 7}, {3, 5}, {2, 4}], [{8, 6}, {1, 7}, {4, 5}, {2, 3}], [{8, 6}, {1, 7}, {4, 5}, {3}, {2}], [{8, 6}, {2, 7}, {1, 5}, {3, 4}], [{8, 6}, {2, 7}, {3, 5}, {1, 4}], [{8, 6}, {2, 7}, {4, 5}, {1, 3}], [{8, 6}, {3, 7}, {1, 5}, {2, 4}], [{8, 6}, {3, 7}, {2, 5}, {1, 4}], [{8, 6}, {3, 7}, {4, 5}, {1, 2}], [{8, 6}, {4, 7}, {1, 5}, {2, 3}], [{8, 6}, {4, 7}, {1, 5}, {3}, {2}], [{8, 6}, {4, 7}, {2, 5}, {1, 3}], [{8, 6}, {4, 7}, {3, 5}, {1, 2}], [{8, 6}, {5, 7}, {1, 4}, {2, 3}], [{8, 6}, {5, 7}, {1, 4}, {3}, {2}], [{8, 6}, {5, 7}, {2, 4}, {1, 3}], [{8, 6}, {5, 7}, {2, 4}, {3}, {1}], [{8, 6}, {5, 7}, {3, 4}, {1, 2}], [{8, 6}, {5, 7}, {3, 4}, {2}, {1}], [{8, 6}, {5, 7}, {4}, {1, 3}, {2}], [{8, 6}, {5, 7}, {4}, {2, 3}, {1}], [{8, 6}, {5, 7}, {4}, {3}, {1, 2}], [{8, 6}, {5, 7}, {4}, {3}, {2}, {1}], [{8, 7}, {1, 6}, {2, 5}, {3, 4}], [{8, 7}, {1, 6}, {3, 5}, {2, 4}], [{8, 7}, {1, 6}, {4, 5}, {2, 3}], [{8, 7}, {1, 6}, {4, 5}, {3}, {2}], [{8, 7}, {2, 6}, {1, 5}, {3, 4}], [{8, 7}, {2, 6}, {3, 5}, {1, 4}], [{8, 7}, {2, 6}, {4, 5}, {1, 3}], [{8, 7}, {3, 6}, {1, 5}, {2, 4}], [{8, 7}, {3, 6}, {2, 5}, {1, 4}], [{8, 7}, {3, 6}, {4, 5}, {1, 2}], [{8, 7}, {4, 6}, {1, 5}, {2, 3}], [{8, 7}, {4, 6}, {2, 5}, {1, 3}], [{8, 7}, {4, 6}, {3, 5}, {1, 2}], [{8, 7}, {5, 6}, {1, 4}, {2, 3}], [{8, 7}, {5, 6}, {2, 4}, {1, 3}], [{8, 7}, {5, 6}, {3, 4}, {1, 2}], [{8, 7}, {6}, {3, 5}, {2, 4}, {1}], [{8}, {1, 7}, {2, 6}, {5}, {3, 4}], [{8}, {1, 7}, {3, 6}, {4, 5}, {2}], [{8}, {1, 7}, {4, 6}, {5}, {2, 3}], [{8}, {2, 7}, {1, 6}, {5}, {3, 4}], [{8}, {2, 7}, {6}, {3, 5}, {1, 4}], [{8}, {3, 7}, {1, 6}, {4, 5}, {2}], [{8}, {3, 7}, {5, 6}, {1, 4}, {2}], [{8}, {4, 7}, {1, 6}, {2, 5}, {3}], [{8}, {4, 7}, {2, 6}, {3, 5}, {1}], [{8}, {4, 7}, {3, 6}, {1, 5}, {2}], [{8}, {4, 7}, {5, 6}, {2, 3}, {1}], [{8}, {5, 7}, {1, 6}, {4}, {2, 3}], [{8}, {5, 7}, {2, 6}, {4}, {1, 3}], [{8}, {5, 7}, {3, 6}, {1, 4}, {2}], [{8}, {5, 7}, {3, 6}, {2, 4}, {1}], [{8}, {5, 7}, {3, 6}, {4}, {1, 2}], [{8}, {5, 7}, {3, 6}, {4}, {2}, {1}], [{8}, {6, 7}, {1, 5}, {3, 4}, {2}], [{8}, {7}, {1, 6}, {3, 5}, {2, 4}], [{8}, {7}, {5, 6}, {3, 4}, {1, 2}]]",2,4 K_1^3 - 34 K_1^2 - 20 K_1 K_2 + 7 K_1 + 17 K_2 + 9 K_3 + 18,O1O2O3U1O4U5U4U6O7O6U3O5U8U2O8U7,O1O2O3U2O4U5U6U4O7U8O6O8U3O5U1U7,O1O2O3U4U3O5U1O6O7U6O4U8U7U5O8U2,c,{'O1O2O3U4O5U2U5O6U1O7O4U7U8U6O8U3'},1,"<a href=""/flatknot/8.1101935"">8.1101935</a>",t^9-25t^7-42t^6+27t^5+64t^4+7t^3-28t^2+2t,-t^2+2t,,
8.1101936,O1O2O3U4O5U2U5O6U3O7O4U1U8U6O8U7,4,12z^2+97z+147,12w^3z^2+97w^2z+147w,False,False,"[[ 0 -2 -1  1  0  1  1  1 -1],[ 2  0 -1  2  0  1  1  1  1],[ 1  1  0  2 -1  1  0 -1  1],[-1 -2 -2  0 -1  0  0  0 -2],[ 0  0  1  1  0  1  1  0  0],[-1 -1 -1  0 -1  0  0  0 -1],[-1 -1  0  0 -1  0  0  0 -1],[-1 -1  1  0  0  0  0  0 -1],[ 1 -1 -1  2  0  1  1  1  0]]","[[ 0  1  1  1  1  0 -1 -1 -2],[-1  0  0  0  0  0  1 -1 -1],[-1  0  0  0  0 -1  0 -1 -1],[-1  0  0  0  0 -1 -1 -1 -1],[-1  0  0  0  0 -1 -2 -2 -2],[ 0  0  1  1  1  0  1  0  0],[ 1 -1  0  1  2 -1  0  1  1],[ 1  1  1  1  2  0 -1  0 -1],[ 2  1  1  1  2  0 -1  1  0]]",True,"[-1,-1,-1,-1,0,1,1,2,0,0,0,0,-1,1,1,0,0,1,0,1,1,0,1,1,1,1,1,2,2,2,-1,0,0,-1,-1,1]","[-2,-1,-1,0,1,1,1,1,-1,1,0,1,1,1,2,1,-1,-1,0,1,2,0,1,1,1,2,0,1,1,1,0,0,0,0,0,0]",t^8+27t^6+117t^4+39t^2,"[-2,-1,-1,0,1,1,1,1,0,2,2,1,2,2,2,1,1,0,1,1,1,2,0,1,2,3,0,0,0,1,0,0,0,0,0,0]","[-1,-1,-1,-1,0,1,1,2,0,0,0,0,0,0,1,0,0,0,1,1,2,0,0,1,2,2,1,1,3,2,1,2,2,-1,0,2]","[-2,-1,-1,0,1,1,1,1,-1,1,0,1,1,1,2,1,-1,-1,0,1,2,0,1,1,1,2,0,1,1,1,0,0,0,0,0,0]",c,"[[{8, 1}, {2, 7}, {3, 6}, {4, 5}], [{8, 1}, {2, 7}, {4, 6}, {3, 5}], [{8, 1}, {2, 7}, {5, 6}, {3, 4}], [{8, 1}, {3, 7}, {2, 6}, {4, 5}], [{8, 1}, {3, 7}, {4, 6}, {2, 5}], [{8, 1}, {3, 7}, {5, 6}, {2, 4}], [{8, 1}, {4, 7}, {2, 6}, {3, 5}], [{8, 1}, {4, 7}, {3, 6}, {2, 5}], [{8, 1}, {4, 7}, {5, 6}, {2, 3}], [{8, 1}, {4, 7}, {6}, {2, 5}, {3}], [{8, 1}, {5, 7}, {2, 6}, {3, 4}], [{8, 1}, {5, 7}, {3, 6}, {2, 4}], [{8, 1}, {5, 7}, {3, 6}, {4}, {2}], [{8, 1}, {5, 7}, {4, 6}, {2, 3}], [{8, 1}, {5, 7}, {4, 6}, {3}, {2}], [{8, 1}, {5, 7}, {6}, {3, 4}, {2}], [{8, 1}, {6, 7}, {2, 5}, {3, 4}], [{8, 1}, {6, 7}, {3, 5}, {2, 4}], [{8, 1}, {6, 7}, {4, 5}, {2, 3}], [{8, 1}, {6, 7}, {5}, {3, 4}, {2}], [{8, 1}, {7}, {5, 6}, {3, 4}, {2}], [{8, 2}, {1, 7}, {3, 6}, {4, 5}], [{8, 2}, {1, 7}, {4, 6}, {3, 5}], [{8, 2}, {1, 7}, {5, 6}, {3, 4}], [{8, 2}, {1, 7}, {6}, {5}, {3, 4}], [{8, 2}, {3, 7}, {1, 6}, {4, 5}], [{8, 2}, {3, 7}, {4, 6}, {1, 5}], [{8, 2}, {3, 7}, {5, 6}, {1, 4}], [{8, 2}, {3, 7}, {5, 6}, {4}, {1}], [{8, 2}, {3, 7}, {6}, {5}, {1, 4}], [{8, 2}, {4, 7}, {1, 6}, {3, 5}], [{8, 2}, {4, 7}, {3, 6}, {1, 5}], [{8, 2}, {4, 7}, {5, 6}, {1, 3}], [{8, 2}, {5, 7}, {1, 6}, {3, 4}], [{8, 2}, {5, 7}, {3, 6}, {1, 4}], [{8, 2}, {5, 7}, {4, 6}, {1, 3}], [{8, 2}, {5, 7}, {6}, {3, 4}, {1}], [{8, 2}, {6, 7}, {1, 5}, {3, 4}], [{8, 2}, {6, 7}, {3, 5}, {1, 4}], [{8, 2}, {6, 7}, {4, 5}, {1, 3}], [{8, 2}, {7}, {4, 6}, {5}, {1, 3}], [{8, 2}, {7}, {6}, {1, 5}, {3, 4}], [{8, 3}, {1, 7}, {2, 6}, {4, 5}], [{8, 3}, {1, 7}, {2, 6}, {5}, {4}], [{8, 3}, {1, 7}, {4, 6}, {2, 5}], [{8, 3}, {1, 7}, {5, 6}, {2, 4}], [{8, 3}, {2, 7}, {1, 6}, {4, 5}], [{8, 3}, {2, 7}, {4, 6}, {1, 5}], [{8, 3}, {2, 7}, {4, 6}, {5}, {1}], [{8, 3}, {2, 7}, {5, 6}, {1, 4}], [{8, 3}, {4, 7}, {1, 6}, {2, 5}], [{8, 3}, {4, 7}, {2, 6}, {1, 5}], [{8, 3}, {4, 7}, {5, 6}, {1, 2}], [{8, 3}, {4, 7}, {6}, {1, 5}, {2}], [{8, 3}, {5, 7}, {1, 6}, {2, 4}], [{8, 3}, {5, 7}, {2, 6}, {1, 4}], [{8, 3}, {5, 7}, {2, 6}, {4}, {1}], [{8, 3}, {5, 7}, {4, 6}, {1, 2}], [{8, 3}, {6, 7}, {1, 5}, {2, 4}], [{8, 3}, {6, 7}, {2, 5}, {1, 4}], [{8, 3}, {6, 7}, {4, 5}, {1, 2}], [{8, 3}, {6, 7}, {5}, {4}, {1, 2}], [{8, 3}, {7}, {2, 6}, {1, 5}, {4}], [{8, 3}, {7}, {6}, {2, 5}, {1, 4}], [{8, 4}, {1, 7}, {2, 6}, {3, 5}], [{8, 4}, {1, 7}, {2, 6}, {5}, {3}], [{8, 4}, {1, 7}, {3, 6}, {2, 5}], [{8, 4}, {1, 7}, {5, 6}, {2, 3}], [{8, 4}, {2, 7}, {1, 6}, {3, 5}], [{8, 4}, {2, 7}, {3, 6}, {1, 5}], [{8, 4}, {2, 7}, {5, 6}, {1, 3}], [{8, 4}, {3, 7}, {1, 6}, {2, 5}], [{8, 4}, {3, 7}, {2, 6}, {1, 5}], [{8, 4}, {3, 7}, {5, 6}, {1, 2}], [{8, 4}, {3, 7}, {6}, {1, 5}, {2}], [{8, 4}, {3, 7}, {6}, {2, 5}, {1}], [{8, 4}, {3, 7}, {6}, {5}, {1, 2}], [{8, 4}, {5, 7}, {1, 6}, {2, 3}], [{8, 4}, {5, 7}, {2, 6}, {1, 3}], [{8, 4}, {5, 7}, {2, 6}, {3}, {1}], [{8, 4}, {5, 7}, {3, 6}, {1, 2}], [{8, 4}, {6, 7}, {1, 5}, {2, 3}], [{8, 4}, {6, 7}, {2, 5}, {1, 3}], [{8, 4}, {6, 7}, {3, 5}, {1, 2}], [{8, 4}, {7}, {2, 6}, {1, 5}, {3}], [{8, 5}, {1, 7}, {2, 6}, {3, 4}], [{8, 5}, {1, 7}, {3, 6}, {2, 4}], [{8, 5}, {1, 7}, {4, 6}, {2, 3}], [{8, 5}, {1, 7}, {6}, {3, 4}, {2}], [{8, 5}, {2, 7}, {1, 6}, {3, 4}], [{8, 5}, {2, 7}, {3, 6}, {1, 4}], [{8, 5}, {2, 7}, {4, 6}, {1, 3}], [{8, 5}, {2, 7}, {6}, {1, 4}, {3}], [{8, 5}, {3, 7}, {1, 6}, {2, 4}], [{8, 5}, {3, 7}, {2, 6}, {1, 4}], [{8, 5}, {3, 7}, {4, 6}, {1, 2}], [{8, 5}, {3, 7}, {6}, {2, 4}, {1}], [{8, 5}, {4, 7}, {1, 6}, {2, 3}], [{8, 5}, {4, 7}, {2, 6}, {1, 3}], [{8, 5}, {4, 7}, {3, 6}, {1, 2}], [{8, 5}, {6, 7}, {1, 4}, {2, 3}], [{8, 5}, {6, 7}, {2, 4}, {1, 3}], [{8, 5}, {6, 7}, {3, 4}, {1, 2}], [{8, 5}, {6, 7}, {3, 4}, {2}, {1}], [{8, 5}, {7}, {1, 6}, {3, 4}, {2}], [{8, 5}, {7}, {4, 6}, {1, 3}, {2}], [{8, 6}, {1, 7}, {2, 5}, {3, 4}], [{8, 6}, {1, 7}, {3, 5}, {2, 4}], [{8, 6}, {1, 7}, {4, 5}, {2, 3}], [{8, 6}, {1, 7}, {5}, {2, 4}, {3}], [{8, 6}, {1, 7}, {5}, {3, 4}, {2}], [{8, 6}, {1, 7}, {5}, {4}, {2, 3}], [{8, 6}, {2, 7}, {1, 5}, {3, 4}], [{8, 6}, {2, 7}, {3, 5}, {1, 4}], [{8, 6}, {2, 7}, {4, 5}, {1, 3}], [{8, 6}, {2, 7}, {5}, {3, 4}, {1}], [{8, 6}, {3, 7}, {1, 5}, {2, 4}], [{8, 6}, {3, 7}, {2, 5}, {1, 4}], [{8, 6}, {3, 7}, {4, 5}, {1, 2}], [{8, 6}, {4, 7}, {1, 5}, {2, 3}], [{8, 6}, {4, 7}, {2, 5}, {1, 3}], [{8, 6}, {4, 7}, {3, 5}, {1, 2}], [{8, 6}, {5, 7}, {1, 4}, {2, 3}], [{8, 6}, {5, 7}, {2, 4}, {1, 3}], [{8, 6}, {5, 7}, {2, 4}, {3}, {1}], [{8, 6}, {5, 7}, {3, 4}, {1, 2}], [{8, 6}, {5, 7}, {3, 4}, {2}, {1}], [{8, 6}, {5, 7}, {4}, {2, 3}, {1}], [{8, 6}, {7}, {1, 5}, {2, 4}, {3}], [{8, 6}, {7}, {1, 5}, {3, 4}, {2}], [{8, 6}, {7}, {1, 5}, {4}, {2, 3}], [{8, 6}, {7}, {2, 5}, {3, 4}, {1}], [{8, 6}, {7}, {5}, {3, 4}, {1, 2}], [{8, 6}, {7}, {5}, {3, 4}, {2}, {1}], [{8, 7}, {1, 6}, {2, 5}, {3, 4}], [{8, 7}, {1, 6}, {2, 5}, {4}, {3}], [{8, 7}, {1, 6}, {3, 5}, {2, 4}], [{8, 7}, {1, 6}, {4, 5}, {2, 3}], [{8, 7}, {1, 6}, {5}, {3, 4}, {2}], [{8, 7}, {2, 6}, {1, 5}, {3, 4}], [{8, 7}, {2, 6}, {1, 5}, {4}, {3}], [{8, 7}, {2, 6}, {3, 5}, {1, 4}], [{8, 7}, {2, 6}, {3, 5}, {4}, {1}], [{8, 7}, {2, 6}, {4, 5}, {1, 3}], [{8, 7}, {2, 6}, {5}, {4}, {1, 3}], [{8, 7}, {3, 6}, {1, 5}, {2, 4}], [{8, 7}, {3, 6}, {2, 5}, {1, 4}], [{8, 7}, {3, 6}, {2, 5}, {4}, {1}], [{8, 7}, {3, 6}, {4, 5}, {1, 2}], [{8, 7}, {4, 6}, {1, 5}, {2, 3}], [{8, 7}, {4, 6}, {2, 5}, {1, 3}], [{8, 7}, {4, 6}, {3, 5}, {1, 2}], [{8, 7}, {5, 6}, {1, 4}, {2, 3}], [{8, 7}, {5, 6}, {1, 4}, {3}, {2}], [{8, 7}, {5, 6}, {2, 4}, {1, 3}], [{8, 7}, {5, 6}, {3, 4}, {1, 2}], [{8, 7}, {5, 6}, {3, 4}, {2}, {1}], [{8, 7}, {5, 6}, {4}, {1, 3}, {2}], [{8, 7}, {6}, {1, 5}, {3, 4}, {2}], [{8, 7}, {6}, {2, 5}, {4}, {1, 3}], [{8, 7}, {6}, {5}, {1, 4}, {2, 3}], [{8}, {1, 7}, {2, 6}, {5}, {3, 4}], [{8}, {1, 7}, {5, 6}, {3, 4}, {2}], [{8}, {1, 7}, {6}, {2, 5}, {3, 4}], [{8}, {1, 7}, {6}, {5}, {3, 4}, {2}], [{8}, {2, 7}, {3, 6}, {1, 5}, {4}], [{8}, {2, 7}, {3, 6}, {4, 5}, {1}], [{8}, {2, 7}, {3, 6}, {5}, {1, 4}], [{8}, {2, 7}, {4, 6}, {1, 5}, {3}], [{8}, {2, 7}, {6}, {1, 5}, {3, 4}], [{8}, {3, 7}, {1, 6}, {4, 5}, {2}], [{8}, {3, 7}, {2, 6}, {1, 5}, {4}], [{8}, {4, 7}, {1, 6}, {5}, {2, 3}], [{8}, {4, 7}, {2, 6}, {1, 5}, {3}], [{8}, {5, 7}, {1, 6}, {3, 4}, {2}], [{8}, {5, 7}, {2, 6}, {3, 4}, {1}], [{8}, {5, 7}, {6}, {3, 4}, {1, 2}], [{8}, {5, 7}, {6}, {3, 4}, {2}, {1}], [{8}, {6, 7}, {1, 5}, {3, 4}, {2}], [{8}, {6, 7}, {3, 5}, {2, 4}, {1}], [{8}, {7}, {2, 6}, {1, 5}, {3, 4}], [{8}, {7}, {4, 6}, {2, 5}, {1, 3}], [{8}, {7}, {6}, {1, 5}, {3, 4}, {2}]]",2,4 K_1^3 - 34 K_1^2 - 24 K_1 K_2 + 9 K_1 + 17 K_2 + 11 K_3 + 18,O1O2O3U4O5U6U5U3O7O4U1O6U8U2O8U7,O1O2O3U2O4U1U5U6O7U8O5O8U3O6U4U7,O1O2O3U4U5O6U1O7O8U7O4U6U8U3O5U2,c,{'O1O2O3U4O5U2U5O6U3O7O4U1U8U6O8U7'},1,"<a href=""/flatknot/8.1101936"">8.1101936</a>",t^9-29t^7-56t^6+22t^5+68t^4+t^3+2t^2+3t-2,t^2-2t,,
8.1101937,O1O2O3U4O5U2U5O6U3O7O4U1U8U7O8U6,4,19z^2+100z+125,19w^3z^2+100w^2z+125w,False,False,"[[ 0 -2 -1  1  0  1  1  1 -1],[ 2  0 -1  2  0  1  2  0  1],[ 1  1  0  2 -1  1  0 -1  1],[-1 -2 -2  0 -1  0  0 -1 -1],[ 0  0  1  1  0  1  0  1  0],[-1 -1 -1  0 -1  0  0  0 -1],[-1 -2  0  0  0  0  0  1 -2],[-1  0  1  1 -1  0 -1  0 -1],[ 1 -1 -1  1  0  1  2  1  0]]","[[ 0  1  1  1  1  0 -1 -1 -2],[-1  0  1  0  0  0  0 -2 -2],[-1 -1  0  1  0 -1  1 -1  0],[-1  0 -1  0  0 -1 -2 -1 -2],[-1  0  0  0  0 -1 -1 -1 -1],[ 0  0  1  1  1  0  1  0  0],[ 1  0 -1  2  1 -1  0  1  1],[ 1  2  1  1  1  0 -1  0 -1],[ 2  2  0  2  1  0 -1  1  0]]",True,"[-1,-1,-1,-1,0,1,1,2,-1,0,0,0,0,2,2,-1,0,1,-1,1,0,0,1,2,1,2,1,1,1,1,-1,0,0,-1,-1,1]","[-2,-1,-1,0,1,1,1,1,-1,1,0,0,1,2,2,1,-1,-1,1,0,2,0,1,1,2,1,1,1,0,1,0,-1,1,0,0,0]",t^8+31t^6+207t^4+89t^2+1,"[-2,-1,-1,0,1,1,1,1,0,2,2,1,1,2,3,1,1,0,1,1,1,2,2,0,1,3,1,0,0,0,0,0,-1,0,1,0]","[-1,-1,-1,-1,0,1,1,2,-1,0,0,0,0,1,1,-1,0,0,3,1,3,0,1,2,0,1,0,1,1,2,2,1,2,1,2,0]","[-2,-1,-1,0,1,1,1,1,-1,1,0,0,1,2,2,1,-1,-1,1,0,2,0,1,1,2,1,1,1,0,1,0,-1,1,0,0,0]",c,"[[{8, 1}, {2, 7}, {3, 6}, {4, 5}], [{8, 1}, {2, 7}, {4, 6}, {3, 5}], [{8, 1}, {2, 7}, {5, 6}, {3, 4}], [{8, 1}, {2, 7}, {6}, {5}, {3, 4}], [{8, 1}, {3, 7}, {2, 6}, {4, 5}], [{8, 1}, {3, 7}, {2, 6}, {5}, {4}], [{8, 1}, {3, 7}, {4, 6}, {2, 5}], [{8, 1}, {3, 7}, {5, 6}, {2, 4}], [{8, 1}, {4, 7}, {2, 6}, {3, 5}], [{8, 1}, {4, 7}, {3, 6}, {2, 5}], [{8, 1}, {4, 7}, {5, 6}, {2, 3}], [{8, 1}, {5, 7}, {2, 6}, {3, 4}], [{8, 1}, {5, 7}, {3, 6}, {2, 4}], [{8, 1}, {5, 7}, {4, 6}, {2, 3}], [{8, 1}, {6, 7}, {2, 5}, {3, 4}], [{8, 1}, {6, 7}, {3, 5}, {2, 4}], [{8, 1}, {6, 7}, {4, 5}, {2, 3}], [{8, 1}, {7}, {4, 6}, {3, 5}, {2}], [{8, 2}, {1, 7}, {3, 6}, {4, 5}], [{8, 2}, {1, 7}, {4, 6}, {3, 5}], [{8, 2}, {1, 7}, {5, 6}, {3, 4}], [{8, 2}, {1, 7}, {6}, {5}, {3, 4}], [{8, 2}, {3, 7}, {1, 6}, {4, 5}], [{8, 2}, {3, 7}, {4, 6}, {1, 5}], [{8, 2}, {3, 7}, {5, 6}, {1, 4}], [{8, 2}, {4, 7}, {1, 6}, {3, 5}], [{8, 2}, {4, 7}, {3, 6}, {1, 5}], [{8, 2}, {4, 7}, {5, 6}, {1, 3}], [{8, 2}, {5, 7}, {1, 6}, {3, 4}], [{8, 2}, {5, 7}, {3, 6}, {1, 4}], [{8, 2}, {5, 7}, {4, 6}, {1, 3}], [{8, 2}, {5, 7}, {6}, {3, 4}, {1}], [{8, 2}, {6, 7}, {1, 5}, {3, 4}], [{8, 2}, {6, 7}, {3, 5}, {1, 4}], [{8, 2}, {6, 7}, {3, 5}, {4}, {1}], [{8, 2}, {6, 7}, {4, 5}, {1, 3}], [{8, 2}, {6, 7}, {5}, {1, 4}, {3}], [{8, 2}, {7}, {3, 6}, {1, 5}, {4}], [{8, 2}, {7}, {4, 6}, {1, 5}, {3}], [{8, 2}, {7}, {6}, {1, 5}, {3, 4}], [{8, 3}, {1, 7}, {2, 6}, {4, 5}], [{8, 3}, {1, 7}, {2, 6}, {5}, {4}], [{8, 3}, {1, 7}, {4, 6}, {2, 5}], [{8, 3}, {1, 7}, {5, 6}, {2, 4}], [{8, 3}, {2, 7}, {1, 6}, {4, 5}], [{8, 3}, {2, 7}, {4, 6}, {1, 5}], [{8, 3}, {2, 7}, {5, 6}, {1, 4}], [{8, 3}, {4, 7}, {1, 6}, {2, 5}], [{8, 3}, {4, 7}, {1, 6}, {5}, {2}], [{8, 3}, {4, 7}, {2, 6}, {1, 5}], [{8, 3}, {4, 7}, {5, 6}, {1, 2}], [{8, 3}, {5, 7}, {1, 6}, {2, 4}], [{8, 3}, {5, 7}, {2, 6}, {1, 4}], [{8, 3}, {5, 7}, {2, 6}, {4}, {1}], [{8, 3}, {5, 7}, {4, 6}, {1, 2}], [{8, 3}, {6, 7}, {1, 5}, {2, 4}], [{8, 3}, {6, 7}, {2, 5}, {1, 4}], [{8, 3}, {6, 7}, {4, 5}, {1, 2}], [{8, 3}, {6, 7}, {5}, {4}, {1, 2}], [{8, 3}, {7}, {2, 6}, {1, 5}, {4}], [{8, 3}, {7}, {4, 6}, {1, 5}, {2}], [{8, 3}, {7}, {6}, {1, 5}, {2, 4}], [{8, 4}, {1, 7}, {2, 6}, {3, 5}], [{8, 4}, {1, 7}, {2, 6}, {5}, {3}], [{8, 4}, {1, 7}, {3, 6}, {2, 5}], [{8, 4}, {1, 7}, {5, 6}, {2, 3}], [{8, 4}, {1, 7}, {5, 6}, {3}, {2}], [{8, 4}, {1, 7}, {6}, {2, 5}, {3}], [{8, 4}, {2, 7}, {1, 6}, {3, 5}], [{8, 4}, {2, 7}, {3, 6}, {1, 5}], [{8, 4}, {2, 7}, {5, 6}, {1, 3}], [{8, 4}, {3, 7}, {1, 6}, {2, 5}], [{8, 4}, {3, 7}, {2, 6}, {1, 5}], [{8, 4}, {3, 7}, {2, 6}, {5}, {1}], [{8, 4}, {3, 7}, {5, 6}, {1, 2}], [{8, 4}, {5, 7}, {1, 6}, {2, 3}], [{8, 4}, {5, 7}, {2, 6}, {1, 3}], [{8, 4}, {5, 7}, {2, 6}, {3}, {1}], [{8, 4}, {5, 7}, {3, 6}, {1, 2}], [{8, 4}, {6, 7}, {1, 5}, {2, 3}], [{8, 4}, {6, 7}, {2, 5}, {1, 3}], [{8, 4}, {6, 7}, {3, 5}, {1, 2}], [{8, 4}, {7}, {2, 6}, {1, 5}, {3}], [{8, 4}, {7}, {2, 6}, {3, 5}, {1}], [{8, 4}, {7}, {2, 6}, {5}, {1, 3}], [{8, 4}, {7}, {3, 6}, {1, 5}, {2}], [{8, 4}, {7}, {3, 6}, {2, 5}, {1}], [{8, 4}, {7}, {3, 6}, {5}, {1, 2}], [{8, 4}, {7}, {6}, {1, 5}, {2, 3}], [{8, 5}, {1, 7}, {2, 6}, {3, 4}], [{8, 5}, {1, 7}, {3, 6}, {2, 4}], [{8, 5}, {1, 7}, {4, 6}, {2, 3}], [{8, 5}, {2, 7}, {1, 6}, {3, 4}], [{8, 5}, {2, 7}, {1, 6}, {4}, {3}], [{8, 5}, {2, 7}, {3, 6}, {1, 4}], [{8, 5}, {2, 7}, {3, 6}, {4}, {1}], [{8, 5}, {2, 7}, {4, 6}, {1, 3}], [{8, 5}, {2, 7}, {6}, {4}, {1, 3}], [{8, 5}, {3, 7}, {1, 6}, {2, 4}], [{8, 5}, {3, 7}, {2, 6}, {1, 4}], [{8, 5}, {3, 7}, {4, 6}, {1, 2}], [{8, 5}, {4, 7}, {1, 6}, {2, 3}], [{8, 5}, {4, 7}, {2, 6}, {1, 3}], [{8, 5}, {4, 7}, {3, 6}, {1, 2}], [{8, 5}, {6, 7}, {1, 4}, {2, 3}], [{8, 5}, {6, 7}, {1, 4}, {3}, {2}], [{8, 5}, {6, 7}, {2, 4}, {1, 3}], [{8, 5}, {6, 7}, {3, 4}, {1, 2}], [{8, 5}, {7}, {4, 6}, {1, 3}, {2}], [{8, 6}, {1, 7}, {2, 5}, {3, 4}], [{8, 6}, {1, 7}, {2, 5}, {4}, {3}], [{8, 6}, {1, 7}, {3, 5}, {2, 4}], [{8, 6}, {1, 7}, {3, 5}, {4}, {2}], [{8, 6}, {1, 7}, {4, 5}, {2, 3}], [{8, 6}, {1, 7}, {4, 5}, {3}, {2}], [{8, 6}, {1, 7}, {5}, {2, 4}, {3}], [{8, 6}, {1, 7}, {5}, {3, 4}, {2}], [{8, 6}, {1, 7}, {5}, {4}, {2, 3}], [{8, 6}, {2, 7}, {1, 5}, {3, 4}], [{8, 6}, {2, 7}, {3, 5}, {1, 4}], [{8, 6}, {2, 7}, {4, 5}, {1, 3}], [{8, 6}, {3, 7}, {1, 5}, {2, 4}], [{8, 6}, {3, 7}, {2, 5}, {1, 4}], [{8, 6}, {3, 7}, {2, 5}, {4}, {1}], [{8, 6}, {3, 7}, {4, 5}, {1, 2}], [{8, 6}, {4, 7}, {1, 5}, {2, 3}], [{8, 6}, {4, 7}, {2, 5}, {1, 3}], [{8, 6}, {4, 7}, {3, 5}, {1, 2}], [{8, 6}, {5, 7}, {1, 4}, {2, 3}], [{8, 6}, {5, 7}, {2, 4}, {1, 3}], [{8, 6}, {5, 7}, {2, 4}, {3}, {1}], [{8, 6}, {5, 7}, {3, 4}, {1, 2}], [{8, 6}, {5, 7}, {3, 4}, {2}, {1}], [{8, 6}, {5, 7}, {4}, {2, 3}, {1}], [{8, 6}, {7}, {1, 5}, {2, 4}, {3}], [{8, 6}, {7}, {1, 5}, {3, 4}, {2}], [{8, 6}, {7}, {1, 5}, {4}, {2, 3}], [{8, 6}, {7}, {2, 5}, {4}, {1, 3}], [{8, 7}, {1, 6}, {2, 5}, {3, 4}], [{8, 7}, {1, 6}, {3, 5}, {2, 4}], [{8, 7}, {1, 6}, {4, 5}, {2, 3}], [{8, 7}, {1, 6}, {4, 5}, {3}, {2}], [{8, 7}, {1, 6}, {5}, {4}, {2, 3}], [{8, 7}, {2, 6}, {1, 5}, {3, 4}], [{8, 7}, {2, 6}, {3, 5}, {1, 4}], [{8, 7}, {2, 6}, {4, 5}, {1, 3}], [{8, 7}, {3, 6}, {1, 5}, {2, 4}], [{8, 7}, {3, 6}, {2, 5}, {1, 4}], [{8, 7}, {3, 6}, {4, 5}, {1, 2}], [{8, 7}, {4, 6}, {1, 5}, {2, 3}], [{8, 7}, {4, 6}, {1, 5}, {3}, {2}], [{8, 7}, {4, 6}, {2, 5}, {1, 3}], [{8, 7}, {4, 6}, {3, 5}, {1, 2}], [{8, 7}, {4, 6}, {5}, {2, 3}, {1}], [{8, 7}, {5, 6}, {1, 4}, {2, 3}], [{8, 7}, {5, 6}, {1, 4}, {3}, {2}], [{8, 7}, {5, 6}, {2, 4}, {1, 3}], [{8, 7}, {5, 6}, {3, 4}, {1, 2}], [{8, 7}, {5, 6}, {4}, {2, 3}, {1}], [{8, 7}, {6}, {1, 5}, {4}, {2, 3}], [{8, 7}, {6}, {2, 5}, {3, 4}, {1}], [{8, 7}, {6}, {4, 5}, {2, 3}, {1}], [{8, 7}, {6}, {5}, {1, 4}, {2, 3}], [{8}, {1, 7}, {2, 6}, {5}, {3, 4}], [{8}, {1, 7}, {4, 6}, {2, 5}, {3}], [{8}, {2, 7}, {3, 6}, {5}, {1, 4}], [{8}, {2, 7}, {4, 6}, {1, 5}, {3}], [{8}, {3, 7}, {2, 6}, {5}, {1, 4}], [{8}, {3, 7}, {4, 6}, {1, 5}, {2}], [{8}, {4, 7}, {6}, {1, 5}, {2, 3}], [{8}, {4, 7}, {6}, {2, 5}, {1, 3}], [{8}, {5, 7}, {2, 6}, {3, 4}, {1}], [{8}, {5, 7}, {4, 6}, {3}, {1, 2}], [{8}, {6, 7}, {1, 5}, {4}, {2, 3}], [{8}, {6, 7}, {2, 5}, {1, 4}, {3}], [{8}, {7}, {1, 6}, {2, 5}, {3, 4}], [{8}, {7}, {1, 6}, {4, 5}, {2, 3}], [{8}, {7}, {2, 6}, {1, 5}, {3, 4}], [{8}, {7}, {3, 6}, {1, 5}, {2, 4}], [{8}, {7}, {4, 6}, {1, 5}, {2, 3}], [{8}, {7}, {4, 6}, {1, 5}, {3}, {2}], [{8}, {7}, {5, 6}, {1, 4}, {2, 3}], [{8}, {7}, {6}, {1, 5}, {4}, {2, 3}]]",2,4 K_1^3 - 10 K_1^2 - 8 K_1 K_2 + K_1 + 5 K_2 + 3 K_3 + 6,O1O2O3U4O5U6U5U3O7O6U1O4U8U2O8U7,O1O2O3U2O4U1U5U6O7U8O5O8U4O6U3U7,O1O2O3U4U1O5U6O7O8U7O4U5U8U3O6U2,c,{'O1O2O3U4O5U2U5O6U3O7O4U1U8U7O8U6'},1,"<a href=""/flatknot/8.1101937"">8.1101937</a>",t^9-33t^7-60t^6+110t^5+280t^4+17t^3-220t^2-63t+32,t^2-2t,,
8.1101938,O1O2O3U4O5U2U5O6U3O7O4U6U8U1O8U7,4,12z^2+65z+83,12w^3z^2+65w^2z+83w,False,False,"[[ 0  0 -1  1  0  1 -1  1 -1],[ 0  0 -1  1 -1  1  0  0  0],[ 1  1  0  2 -1  1  0 -1  1],[-1 -1 -2  0 -1  0  0  0 -1],[ 0  1  1  1  0  1 -1  0 -1],[-1 -1 -1  0 -1  0  0  0 -1],[ 1  0  0  0  1  0  0  1  1],[-1  0  1  0  0  0 -1  0 -1],[ 1  0 -1  1  1  1 -1  1  0]]","[[ 0  1  1  1  0  0 -1 -1 -1],[-1  0  0  0  0  0  1 -1 -1],[-1  0  0  0 -1 -1 -1  0 -1],[-1  0  0  0 -1 -1 -2  0 -1],[ 0  0  1  1  0  1  1 -1 -1],[ 0  0  1  1 -1  0 -1  0  0],[ 1 -1  1  2 -1  1  0  0  1],[ 1  1  0  0  1  0  0  0  1],[ 1  1  1  1  1  0 -1 -1  0]]",True,"[-1,-1,-1,0,0,1,1,1,0,0,0,0,-1,1,1,0,1,1,1,0,1,1,1,2,0,1,-1,-1,1,1,1,0,0,0,-1,-1]","[-1,-1,-1,0,0,1,1,1,-1,-1,0,1,1,1,1,0,0,1,0,0,1,1,-1,1,2,-1,-1,1,1,0,1,1,0,0,0,0]",t^8+21t^6+103t^4+34t^2+1,"[-1,-1,-1,0,0,1,1,1,-1,0,0,1,1,2,2,1,0,1,1,1,1,2,0,3,0,1,-1,1,0,0,1,0,0,0,0,0]","[-1,-1,-1,0,0,1,1,1,0,0,0,0,0,1,2,0,0,0,1,1,2,1,1,3,1,1,-1,0,1,1,2,0,0,1,0,-1]","[-1,-1,-1,0,0,1,1,1,-1,-1,0,1,1,1,1,0,0,1,0,0,1,1,-1,1,2,-1,-1,1,1,0,1,1,0,0,0,0]",c,"[[{8, 5}, {2, 7}, {3, 6}, {1, 4}], [{8, 5}, {2, 7}, {3, 6}, {4}, {1}], [{8, 5}, {6, 7}, {1, 4}, {2, 3}]]",1,- 12 K_1^2 + 6 K_2 + 7,O1O2O3U4O5U3U5U6O7O4U1O6U8U2O8U7,O1O2O3U2O4U3U5U6O7U8O5O8U1O6U4U7,O1O2O3U4U5O6U3O7O8U7O4U6U8U1O5U2,c,"{'O1O2U3O4O5U2U5U4O6O7U6O3U8U1O8U7', 'O1O2O3U4O5U2U5O6U3O7O4U6U8U1O8U7'}",2,"<a href=""/flatknot/8.1101938"">8.1101938</a>",t^9-21t^7-40t^6+27t^5+114t^4+87t^3+26t^2-6t-6,0,,
8.1101939,O1O2O3U4O5U2U5O6U3O7O4U7U8U1O8U6,4,12z^2+89z+131,12w^3z^2+89w^2z+131w,False,False,"[[ 0  0 -1  1  0  1  1 -1 -1],[ 0  0 -1  2 -1  1  0 -1  0],[ 1  1  0  2 -1  1  0 -1  1],[-1 -2 -2  0 -1  0  0 -1 -1],[ 0  1  1  1  0  1  0 -1 -1],[-1 -1 -1  0 -1  0  0  0 -1],[-1  0  0  0  0  0  0  0 -1],[ 1  1  1  1  1  0  0  0  1],[ 1  0 -1  1  1  1  1 -1  0]]","[[ 0  1  1  1  0  0 -1 -1 -1],[-1  0  0  0  0  0  0  0 -1],[-1  0  0  0 -1 -1  0 -1 -1],[-1  0  0  0 -1 -2 -1 -2 -1],[ 0  0  1  1  0  1 -1  1 -1],[ 0  0  1  2 -1  0 -1 -1  0],[ 1  0  0  1  1  1  0  1  1],[ 1  0  1  2 -1  1 -1  0  1],[ 1  1  1  1  1  0 -1 -1  0]]",True,"[-1,-1,-1,0,0,1,1,1,0,0,0,0,0,0,1,0,1,1,0,1,1,1,2,1,2,1,-1,1,-1,1,1,1,0,-1,-1,-1]","[-1,-1,-1,0,0,1,1,1,-1,-1,0,0,1,2,2,-1,0,2,0,1,2,1,0,1,1,1,1,-1,0,1,0,0,1,0,0,0]",t^8+25t^6+97t^4+41t^2+1,"[-1,-1,-1,0,0,1,1,1,-1,-1,0,0,1,2,2,-1,0,2,0,1,2,1,0,1,1,1,1,-1,0,1,0,0,1,0,0,0]","[-1,-1,-1,0,0,1,1,1,0,0,-1,0,0,1,1,0,0,0,1,1,2,1,1,2,1,2,-1,0,1,0,2,0,0,1,-1,-1]","[-1,-1,-1,0,0,1,1,1,-1,-1,0,1,1,1,1,-1,1,-1,0,1,2,1,1,0,0,1,-1,0,1,2,0,1,1,0,0,0]",c,"[[{8, 3}, {5, 7}, {2, 6}, {1, 4}], [{8, 5}, {3, 7}, {2, 6}, {1, 4}], [{8, 5}, {3, 7}, {2, 6}, {4}, {1}], [{8, 5}, {6, 7}, {1, 4}, {2, 3}]]",1,4 K_1^3 - 24 K_1^2 - 8 K_1 K_2 + K_1 + 12 K_2 + 3 K_3 + 13,O1O2O3U4O5U3U5U6O7O6U1O4U8U2O8U7,O1O2O3U2O4U3U5U6O7U8O5O8U4O6U1U7,O1O2O3U4U3O5U6O7O8U7O4U5U8U1O6U2,c,{'O1O2O3U4O5U2U5O6U3O7O4U7U8U1O8U6'},1,"<a href=""/flatknot/8.1101939"">8.1101939</a>",t^9-25t^7-64t^6-29t^5+50t^4+40t^3-2t^2-8t-4,0,,
8.1101940,O1O2O3U4O5U2U5O6U3O7O4U8U1U6O8U7,4,19z^2+100z+125,19w^3z^2+100w^2z+125w,False,False,"[[ 0 -1 -1  1  0  1  1  1 -2],[ 1  0 -1  2 -1  1  1  0  0],[ 1  1  0  2 -1  1  0 -1  1],[-1 -2 -2  0 -1  0  0  0 -2],[ 0  1  1  1  0  1  1  0 -1],[-1 -1 -1  0 -1  0  0  0 -1],[-1 -1  0  0 -1  0  0  0 -1],[-1  0  1  0  0  0  0  0 -1],[ 2  0 -1  2  1  1  1  1  0]]","[[ 0  1  1  1  1  0 -1 -1 -2],[-1  0  0  0  0  0  1  0 -1],[-1  0  0  0  0 -1  0 -1 -1],[-1  0  0  0  0 -1 -1 -1 -1],[-1  0  0  0  0 -1 -2 -2 -2],[ 0  0  1  1  1  0  1  1 -1],[ 1 -1  0  1  2 -1  0  1  1],[ 1  0  1  1  2 -1 -1  0  0],[ 2  1  1  1  2  1 -1  0  0]]",True,"[-1,-1,-1,-1,0,1,1,2,0,0,0,0,-1,0,1,0,0,1,0,1,1,0,1,1,1,1,1,2,2,2,-1,-1,1,-1,-1,0]","[-2,-1,-1,0,1,1,1,1,-1,0,1,1,1,1,2,1,-1,-1,0,1,2,-1,0,1,1,2,0,1,1,1,0,0,0,0,0,0]",t^8+27t^6+134t^4+55t^2+1,"[-2,-1,-1,0,1,1,1,1,1,2,1,1,2,2,2,1,2,0,1,1,2,2,0,1,2,3,0,0,0,1,0,0,0,0,0,0]","[-1,-1,-1,-1,0,1,1,2,0,0,0,0,0,0,1,0,0,0,1,1,2,0,0,1,2,2,1,2,3,2,2,2,1,-1,1,2]","[-2,-1,-1,0,1,1,1,1,-1,0,1,1,1,1,2,1,-1,-1,0,1,2,-1,0,1,1,2,0,1,1,1,0,0,0,0,0,0]",c,"[[{8, 1}, {2, 7}, {3, 6}, {4, 5}], [{8, 1}, {2, 7}, {4, 6}, {3, 5}], [{8, 1}, {2, 7}, {5, 6}, {3, 4}], [{8, 1}, {3, 7}, {2, 6}, {4, 5}], [{8, 1}, {3, 7}, {4, 6}, {2, 5}], [{8, 1}, {3, 7}, {5, 6}, {2, 4}], [{8, 1}, {4, 7}, {2, 6}, {3, 5}], [{8, 1}, {4, 7}, {3, 6}, {2, 5}], [{8, 1}, {4, 7}, {5, 6}, {2, 3}], [{8, 1}, {5, 7}, {2, 6}, {3, 4}], [{8, 1}, {5, 7}, {3, 6}, {2, 4}], [{8, 1}, {5, 7}, {4, 6}, {2, 3}], [{8, 1}, {5, 7}, {6}, {2, 4}, {3}], [{8, 1}, {5, 7}, {6}, {3, 4}, {2}], [{8, 1}, {5, 7}, {6}, {4}, {2, 3}], [{8, 1}, {6, 7}, {2, 5}, {3, 4}], [{8, 1}, {6, 7}, {3, 5}, {2, 4}], [{8, 1}, {6, 7}, {4, 5}, {2, 3}], [{8, 1}, {7}, {2, 6}, {4, 5}, {3}], [{8, 2}, {1, 7}, {3, 6}, {4, 5}], [{8, 2}, {1, 7}, {4, 6}, {3, 5}], [{8, 2}, {1, 7}, {5, 6}, {3, 4}], [{8, 2}, {1, 7}, {6}, {5}, {3, 4}], [{8, 2}, {3, 7}, {1, 6}, {4, 5}], [{8, 2}, {3, 7}, {4, 6}, {1, 5}], [{8, 2}, {3, 7}, {4, 6}, {5}, {1}], [{8, 2}, {3, 7}, {5, 6}, {1, 4}], [{8, 2}, {4, 7}, {1, 6}, {3, 5}], [{8, 2}, {4, 7}, {3, 6}, {1, 5}], [{8, 2}, {4, 7}, {5, 6}, {1, 3}], [{8, 2}, {5, 7}, {1, 6}, {3, 4}], [{8, 2}, {5, 7}, {3, 6}, {1, 4}], [{8, 2}, {5, 7}, {4, 6}, {1, 3}], [{8, 2}, {6, 7}, {1, 5}, {3, 4}], [{8, 2}, {6, 7}, {3, 5}, {1, 4}], [{8, 2}, {6, 7}, {4, 5}, {1, 3}], [{8, 2}, {7}, {3, 6}, {5}, {1, 4}], [{8, 3}, {1, 7}, {2, 6}, {4, 5}], [{8, 3}, {1, 7}, {2, 6}, {5}, {4}], [{8, 3}, {1, 7}, {4, 6}, {2, 5}], [{8, 3}, {1, 7}, {5, 6}, {2, 4}], [{8, 3}, {2, 7}, {1, 6}, {4, 5}], [{8, 3}, {2, 7}, {4, 6}, {1, 5}], [{8, 3}, {2, 7}, {4, 6}, {5}, {1}], [{8, 3}, {2, 7}, {5, 6}, {1, 4}], [{8, 3}, {2, 7}, {6}, {1, 5}, {4}], [{8, 3}, {4, 7}, {1, 6}, {2, 5}], [{8, 3}, {4, 7}, {2, 6}, {1, 5}], [{8, 3}, {4, 7}, {2, 6}, {5}, {1}], [{8, 3}, {4, 7}, {5, 6}, {1, 2}], [{8, 3}, {4, 7}, {5, 6}, {2}, {1}], [{8, 3}, {4, 7}, {6}, {2, 5}, {1}], [{8, 3}, {5, 7}, {1, 6}, {2, 4}], [{8, 3}, {5, 7}, {2, 6}, {1, 4}], [{8, 3}, {5, 7}, {2, 6}, {4}, {1}], [{8, 3}, {5, 7}, {4, 6}, {1, 2}], [{8, 3}, {6, 7}, {1, 5}, {2, 4}], [{8, 3}, {6, 7}, {1, 5}, {4}, {2}], [{8, 3}, {6, 7}, {2, 5}, {1, 4}], [{8, 3}, {6, 7}, {4, 5}, {1, 2}], [{8, 3}, {7}, {1, 6}, {2, 5}, {4}], [{8, 3}, {7}, {2, 6}, {1, 5}, {4}], [{8, 3}, {7}, {2, 6}, {4, 5}, {1}], [{8, 3}, {7}, {2, 6}, {5}, {1, 4}], [{8, 4}, {1, 7}, {2, 6}, {3, 5}], [{8, 4}, {1, 7}, {3, 6}, {2, 5}], [{8, 4}, {1, 7}, {5, 6}, {2, 3}], [{8, 4}, {1, 7}, {5, 6}, {3}, {2}], [{8, 4}, {1, 7}, {6}, {5}, {2, 3}], [{8, 4}, {2, 7}, {1, 6}, {3, 5}], [{8, 4}, {2, 7}, {3, 6}, {1, 5}], [{8, 4}, {2, 7}, {5, 6}, {1, 3}], [{8, 4}, {2, 7}, {5, 6}, {3}, {1}], [{8, 4}, {3, 7}, {1, 6}, {2, 5}], [{8, 4}, {3, 7}, {2, 6}, {1, 5}], [{8, 4}, {3, 7}, {5, 6}, {1, 2}], [{8, 4}, {3, 7}, {5, 6}, {2}, {1}], [{8, 4}, {3, 7}, {6}, {5}, {1, 2}], [{8, 4}, {5, 7}, {1, 6}, {2, 3}], [{8, 4}, {5, 7}, {2, 6}, {1, 3}], [{8, 4}, {5, 7}, {2, 6}, {3}, {1}], [{8, 4}, {5, 7}, {3, 6}, {1, 2}], [{8, 4}, {6, 7}, {1, 5}, {2, 3}], [{8, 4}, {6, 7}, {2, 5}, {1, 3}], [{8, 4}, {6, 7}, {2, 5}, {3}, {1}], [{8, 4}, {6, 7}, {3, 5}, {1, 2}], [{8, 4}, {7}, {5, 6}, {1, 3}, {2}], [{8, 4}, {7}, {5, 6}, {2, 3}, {1}], [{8, 4}, {7}, {5, 6}, {3}, {1, 2}], [{8, 4}, {7}, {5, 6}, {3}, {2}, {1}], [{8, 5}, {1, 7}, {2, 6}, {3, 4}], [{8, 5}, {1, 7}, {2, 6}, {4}, {3}], [{8, 5}, {1, 7}, {3, 6}, {2, 4}], [{8, 5}, {1, 7}, {3, 6}, {4}, {2}], [{8, 5}, {1, 7}, {4, 6}, {2, 3}], [{8, 5}, {1, 7}, {4, 6}, {3}, {2}], [{8, 5}, {1, 7}, {6}, {2, 4}, {3}], [{8, 5}, {1, 7}, {6}, {3, 4}, {2}], [{8, 5}, {1, 7}, {6}, {4}, {2, 3}], [{8, 5}, {1, 7}, {6}, {4}, {3}, {2}], [{8, 5}, {2, 7}, {1, 6}, {3, 4}], [{8, 5}, {2, 7}, {3, 6}, {1, 4}], [{8, 5}, {2, 7}, {4, 6}, {1, 3}], [{8, 5}, {2, 7}, {4, 6}, {3}, {1}], [{8, 5}, {3, 7}, {1, 6}, {2, 4}], [{8, 5}, {3, 7}, {2, 6}, {1, 4}], [{8, 5}, {3, 7}, {4, 6}, {1, 2}], [{8, 5}, {3, 7}, {4, 6}, {2}, {1}], [{8, 5}, {4, 7}, {1, 6}, {2, 3}], [{8, 5}, {4, 7}, {1, 6}, {3}, {2}], [{8, 5}, {4, 7}, {2, 6}, {1, 3}], [{8, 5}, {4, 7}, {3, 6}, {1, 2}], [{8, 5}, {6, 7}, {1, 4}, {2, 3}], [{8, 5}, {6, 7}, {1, 4}, {3}, {2}], [{8, 5}, {6, 7}, {2, 4}, {1, 3}], [{8, 5}, {6, 7}, {3, 4}, {1, 2}], [{8, 5}, {7}, {4, 6}, {1, 3}, {2}], [{8, 5}, {7}, {4, 6}, {2, 3}, {1}], [{8, 5}, {7}, {4, 6}, {3}, {1, 2}], [{8, 5}, {7}, {4, 6}, {3}, {2}, {1}], [{8, 6}, {1, 7}, {2, 5}, {3, 4}], [{8, 6}, {1, 7}, {3, 5}, {2, 4}], [{8, 6}, {1, 7}, {4, 5}, {2, 3}], [{8, 6}, {1, 7}, {4, 5}, {3}, {2}], [{8, 6}, {1, 7}, {5}, {4}, {2, 3}], [{8, 6}, {2, 7}, {1, 5}, {3, 4}], [{8, 6}, {2, 7}, {1, 5}, {4}, {3}], [{8, 6}, {2, 7}, {3, 5}, {1, 4}], [{8, 6}, {2, 7}, {4, 5}, {1, 3}], [{8, 6}, {3, 7}, {1, 5}, {2, 4}], [{8, 6}, {3, 7}, {2, 5}, {1, 4}], [{8, 6}, {3, 7}, {4, 5}, {1, 2}], [{8, 6}, {4, 7}, {1, 5}, {2, 3}], [{8, 6}, {4, 7}, {2, 5}, {1, 3}], [{8, 6}, {4, 7}, {3, 5}, {1, 2}], [{8, 6}, {5, 7}, {1, 4}, {2, 3}], [{8, 6}, {5, 7}, {2, 4}, {1, 3}], [{8, 6}, {5, 7}, {3, 4}, {1, 2}], [{8, 6}, {7}, {2, 5}, {1, 4}, {3}], [{8, 6}, {7}, {2, 5}, {3, 4}, {1}], [{8, 6}, {7}, {2, 5}, {4}, {1, 3}], [{8, 6}, {7}, {3, 5}, {4}, {1, 2}], [{8, 6}, {7}, {4, 5}, {2, 3}, {1}], [{8, 7}, {1, 6}, {2, 5}, {3, 4}], [{8, 7}, {1, 6}, {2, 5}, {4}, {3}], [{8, 7}, {1, 6}, {3, 5}, {2, 4}], [{8, 7}, {1, 6}, {4, 5}, {2, 3}], [{8, 7}, {1, 6}, {5}, {3, 4}, {2}], [{8, 7}, {2, 6}, {1, 5}, {3, 4}], [{8, 7}, {2, 6}, {1, 5}, {4}, {3}], [{8, 7}, {2, 6}, {3, 5}, {1, 4}], [{8, 7}, {2, 6}, {4, 5}, {1, 3}], [{8, 7}, {3, 6}, {1, 5}, {2, 4}], [{8, 7}, {3, 6}, {2, 5}, {1, 4}], [{8, 7}, {3, 6}, {2, 5}, {4}, {1}], [{8, 7}, {3, 6}, {4, 5}, {1, 2}], [{8, 7}, {4, 6}, {1, 5}, {2, 3}], [{8, 7}, {4, 6}, {2, 5}, {1, 3}], [{8, 7}, {4, 6}, {3, 5}, {1, 2}], [{8, 7}, {5, 6}, {1, 4}, {2, 3}], [{8, 7}, {5, 6}, {2, 4}, {1, 3}], [{8, 7}, {5, 6}, {3, 4}, {1, 2}], [{8, 7}, {5, 6}, {3, 4}, {2}, {1}], [{8, 7}, {6}, {1, 5}, {3, 4}, {2}], [{8, 7}, {6}, {2, 5}, {4}, {1, 3}], [{8, 7}, {6}, {5}, {1, 4}, {2, 3}], [{8}, {1, 7}, {2, 6}, {3, 5}, {4}], [{8}, {1, 7}, {4, 6}, {5}, {2, 3}], [{8}, {1, 7}, {5, 6}, {4}, {2, 3}], [{8}, {1, 7}, {6}, {2, 5}, {3, 4}], [{8}, {1, 7}, {6}, {4, 5}, {2, 3}], [{8}, {2, 7}, {3, 6}, {1, 5}, {4}], [{8}, {2, 7}, {4, 6}, {3, 5}, {1}], [{8}, {3, 7}, {1, 6}, {2, 5}, {4}], [{8}, {3, 7}, {1, 6}, {4, 5}, {2}], [{8}, {3, 7}, {1, 6}, {5}, {2, 4}], [{8}, {3, 7}, {2, 6}, {1, 5}, {4}], [{8}, {3, 7}, {4, 6}, {2, 5}, {1}], [{8}, {3, 7}, {6}, {2, 5}, {1, 4}], [{8}, {4, 7}, {1, 6}, {5}, {2, 3}], [{8}, {5, 7}, {2, 6}, {3, 4}, {1}], [{8}, {6, 7}, {2, 5}, {4}, {1, 3}], [{8}, {7}, {2, 6}, {4, 5}, {1, 3}], [{8}, {7}, {3, 6}, {4, 5}, {1, 2}]]",2,4 K_1^3 - 14 K_1^2 - 8 K_1 K_2 + K_1 + 7 K_2 + 3 K_3 + 8,O1O2O3U4O5U6U3U5O7O4U1O6U8U2O8U7,O1O2O3U1O4U2U5U6O7U8O5O8U3O6U4U7,O1O2O3U4U5O6U1O7O8U7O4U6U8U2O5U3,c,{'O1O2O3U4O5U2U5O6U3O7O4U8U1U6O8U7'},1,"<a href=""/flatknot/8.1101940"">8.1101940</a>",t^9-29t^7-54t^6+17t^5+58t^4+8t^3+4t^2+3t,t^2-2t,,
8.1101941,O1O2O3U4O5U2U5O6U3O7O4U8U1U7O8U6,3,8z^2+69z+107,8w^3z^2+69w^2z+107w,False,False,"[[ 0 -1 -1  1  0  1  1  1 -2],[ 1  0 -1  2 -1  1  1  0  0],[ 1  1  0  2 -1  1  0 -1  1],[-1 -2 -2  0 -1  0  0 -1 -1],[ 0  1  1  1  0  1  0  1 -1],[-1 -1 -1  0 -1  0  0  0 -1],[-1 -1  0  0  0  0  0  1 -2],[-1  0  1  1 -1  0 -1  0 -1],[ 2  0 -1  1  1  1  2  1  0]]","[[ 0  1  1  1  1  0 -1 -1 -2],[-1  0  1  0  0  0  0 -1 -2],[-1 -1  0  1  0 -1  1  0 -1],[-1  0 -1  0  0 -1 -2 -2 -1],[-1  0  0  0  0 -1 -1 -1 -1],[ 0  0  1  1  1  0  1  1 -1],[ 1  0 -1  2  1 -1  0  1  1],[ 1  1  0  2  1 -1 -1  0  0],[ 2  2  1  1  1  1 -1  0  0]]",True,"[-1,-1,-1,-1,0,1,1,2,-1,0,0,0,0,1,2,-1,0,1,-1,0,1,0,1,2,2,1,1,1,1,1,-1,-1,1,-1,-1,0]","[-2,-1,-1,0,1,1,1,1,-1,0,1,1,1,1,2,1,-1,-1,1,2,0,-1,0,1,2,1,1,1,1,0,0,1,-1,0,0,0]",t^8+29t^6+201t^4+64t^2,"[-2,-1,-1,0,1,1,1,1,1,2,1,1,2,2,2,1,2,1,0,1,2,2,2,0,1,3,1,0,0,0,0,0,-1,0,1,0]","[-1,-1,-1,-1,0,1,1,2,-1,0,0,0,0,0,2,-1,0,0,2,3,2,0,1,1,2,1,0,1,1,2,2,2,1,-1,1,2]","[-2,-1,-1,0,1,1,1,1,-1,0,1,1,1,1,2,1,-1,-1,1,2,0,-1,0,1,2,1,1,1,1,0,0,1,-1,0,0,0]",c,"[[{8, 1}, {2, 7}, {3, 6}, {4, 5}], [{8, 1}, {2, 7}, {3, 6}, {5}, {4}], [{8, 1}, {2, 7}, {4, 6}, {3, 5}], [{8, 1}, {2, 7}, {4, 6}, {5}, {3}], [{8, 1}, {2, 7}, {5, 6}, {3, 4}], [{8, 1}, {2, 7}, {6}, {5}, {3, 4}], [{8, 1}, {3, 7}, {2, 6}, {4, 5}], [{8, 1}, {3, 7}, {2, 6}, {5}, {4}], [{8, 1}, {3, 7}, {4, 6}, {2, 5}], [{8, 1}, {3, 7}, {5, 6}, {2, 4}], [{8, 1}, {4, 7}, {2, 6}, {3, 5}], [{8, 1}, {4, 7}, {2, 6}, {5}, {3}], [{8, 1}, {4, 7}, {3, 6}, {2, 5}], [{8, 1}, {4, 7}, {5, 6}, {2, 3}], [{8, 1}, {5, 7}, {2, 6}, {3, 4}], [{8, 1}, {5, 7}, {3, 6}, {2, 4}], [{8, 1}, {5, 7}, {4, 6}, {2, 3}], [{8, 1}, {5, 7}, {6}, {3, 4}, {2}], [{8, 1}, {6, 7}, {2, 5}, {3, 4}], [{8, 1}, {6, 7}, {3, 5}, {2, 4}], [{8, 1}, {6, 7}, {4, 5}, {2, 3}], [{8, 1}, {6, 7}, {5}, {3, 4}, {2}], [{8, 1}, {7}, {2, 6}, {5}, {3, 4}], [{8, 1}, {7}, {5, 6}, {3, 4}, {2}], [{8, 1}, {7}, {6}, {2, 5}, {3, 4}], [{8, 1}, {7}, {6}, {5}, {3, 4}, {2}], [{8, 2}, {1, 7}, {3, 6}, {4, 5}], [{8, 2}, {1, 7}, {4, 6}, {3, 5}], [{8, 2}, {1, 7}, {5, 6}, {3, 4}], [{8, 2}, {1, 7}, {6}, {3, 5}, {4}], [{8, 2}, {1, 7}, {6}, {4, 5}, {3}], [{8, 2}, {1, 7}, {6}, {5}, {3, 4}], [{8, 2}, {3, 7}, {1, 6}, {4, 5}], [{8, 2}, {3, 7}, {4, 6}, {1, 5}], [{8, 2}, {3, 7}, {5, 6}, {1, 4}], [{8, 2}, {3, 7}, {5, 6}, {4}, {1}], [{8, 2}, {4, 7}, {1, 6}, {3, 5}], [{8, 2}, {4, 7}, {3, 6}, {1, 5}], [{8, 2}, {4, 7}, {5, 6}, {1, 3}], [{8, 2}, {4, 7}, {5, 6}, {3}, {1}], [{8, 2}, {5, 7}, {1, 6}, {3, 4}], [{8, 2}, {5, 7}, {3, 6}, {1, 4}], [{8, 2}, {5, 7}, {4, 6}, {1, 3}], [{8, 2}, {5, 7}, {6}, {1, 4}, {3}], [{8, 2}, {5, 7}, {6}, {3, 4}, {1}], [{8, 2}, {5, 7}, {6}, {4}, {1, 3}], [{8, 2}, {6, 7}, {1, 5}, {3, 4}], [{8, 2}, {6, 7}, {3, 5}, {1, 4}], [{8, 2}, {6, 7}, {4, 5}, {1, 3}], [{8, 2}, {6, 7}, {5}, {3, 4}, {1}], [{8, 2}, {7}, {1, 6}, {5}, {3, 4}], [{8, 2}, {7}, {5, 6}, {3, 4}, {1}], [{8, 2}, {7}, {6}, {1, 5}, {3, 4}], [{8, 2}, {7}, {6}, {5}, {3, 4}, {1}], [{8, 3}, {1, 7}, {2, 6}, {4, 5}], [{8, 3}, {1, 7}, {4, 6}, {2, 5}], [{8, 3}, {1, 7}, {4, 6}, {5}, {2}], [{8, 3}, {1, 7}, {5, 6}, {2, 4}], [{8, 3}, {1, 7}, {6}, {2, 5}, {4}], [{8, 3}, {2, 7}, {1, 6}, {4, 5}], [{8, 3}, {2, 7}, {4, 6}, {1, 5}], [{8, 3}, {2, 7}, {4, 6}, {5}, {1}], [{8, 3}, {2, 7}, {5, 6}, {1, 4}], [{8, 3}, {2, 7}, {6}, {1, 5}, {4}], [{8, 3}, {4, 7}, {1, 6}, {2, 5}], [{8, 3}, {4, 7}, {2, 6}, {1, 5}], [{8, 3}, {4, 7}, {2, 6}, {5}, {1}], [{8, 3}, {4, 7}, {5, 6}, {1, 2}], [{8, 3}, {4, 7}, {6}, {1, 5}, {2}], [{8, 3}, {5, 7}, {1, 6}, {2, 4}], [{8, 3}, {5, 7}, {2, 6}, {1, 4}], [{8, 3}, {5, 7}, {4, 6}, {1, 2}], [{8, 3}, {5, 7}, {4, 6}, {2}, {1}], [{8, 3}, {5, 7}, {6}, {4}, {1, 2}], [{8, 3}, {6, 7}, {1, 5}, {2, 4}], [{8, 3}, {6, 7}, {1, 5}, {4}, {2}], [{8, 3}, {6, 7}, {2, 5}, {1, 4}], [{8, 3}, {6, 7}, {4, 5}, {1, 2}], [{8, 3}, {7}, {2, 6}, {1, 5}, {4}], [{8, 3}, {7}, {4, 6}, {1, 5}, {2}], [{8, 3}, {7}, {4, 6}, {2, 5}, {1}], [{8, 3}, {7}, {4, 6}, {5}, {1, 2}], [{8, 3}, {7}, {6}, {1, 5}, {2, 4}], [{8, 3}, {7}, {6}, {1, 5}, {4}, {2}], [{8, 4}, {1, 7}, {2, 6}, {3, 5}], [{8, 4}, {1, 7}, {3, 6}, {2, 5}], [{8, 4}, {1, 7}, {3, 6}, {5}, {2}], [{8, 4}, {1, 7}, {5, 6}, {2, 3}], [{8, 4}, {1, 7}, {6}, {2, 5}, {3}], [{8, 4}, {2, 7}, {1, 6}, {3, 5}], [{8, 4}, {2, 7}, {3, 6}, {1, 5}], [{8, 4}, {2, 7}, {3, 6}, {5}, {1}], [{8, 4}, {2, 7}, {5, 6}, {1, 3}], [{8, 4}, {2, 7}, {6}, {1, 5}, {3}], [{8, 4}, {3, 7}, {1, 6}, {2, 5}], [{8, 4}, {3, 7}, {2, 6}, {1, 5}], [{8, 4}, {3, 7}, {2, 6}, {5}, {1}], [{8, 4}, {3, 7}, {5, 6}, {1, 2}], [{8, 4}, {3, 7}, {6}, {1, 5}, {2}], [{8, 4}, {5, 7}, {1, 6}, {2, 3}], [{8, 4}, {5, 7}, {2, 6}, {1, 3}], [{8, 4}, {5, 7}, {3, 6}, {1, 2}], [{8, 4}, {5, 7}, {3, 6}, {2}, {1}], [{8, 4}, {5, 7}, {6}, {3}, {1, 2}], [{8, 4}, {6, 7}, {1, 5}, {2, 3}], [{8, 4}, {6, 7}, {1, 5}, {3}, {2}], [{8, 4}, {6, 7}, {2, 5}, {1, 3}], [{8, 4}, {6, 7}, {3, 5}, {1, 2}], [{8, 4}, {7}, {2, 6}, {1, 5}, {3}], [{8, 4}, {7}, {3, 6}, {1, 5}, {2}], [{8, 4}, {7}, {3, 6}, {2, 5}, {1}], [{8, 4}, {7}, {3, 6}, {5}, {1, 2}], [{8, 4}, {7}, {6}, {1, 5}, {2, 3}], [{8, 4}, {7}, {6}, {1, 5}, {3}, {2}], [{8, 5}, {1, 7}, {2, 6}, {3, 4}], [{8, 5}, {1, 7}, {3, 6}, {2, 4}], [{8, 5}, {1, 7}, {4, 6}, {2, 3}], [{8, 5}, {1, 7}, {6}, {3, 4}, {2}], [{8, 5}, {2, 7}, {1, 6}, {3, 4}], [{8, 5}, {2, 7}, {3, 6}, {1, 4}], [{8, 5}, {2, 7}, {3, 6}, {4}, {1}], [{8, 5}, {2, 7}, {4, 6}, {1, 3}], [{8, 5}, {2, 7}, {4, 6}, {3}, {1}], [{8, 5}, {2, 7}, {6}, {3, 4}, {1}], [{8, 5}, {3, 7}, {1, 6}, {2, 4}], [{8, 5}, {3, 7}, {2, 6}, {1, 4}], [{8, 5}, {3, 7}, {2, 6}, {4}, {1}], [{8, 5}, {3, 7}, {4, 6}, {1, 2}], [{8, 5}, {4, 7}, {1, 6}, {2, 3}], [{8, 5}, {4, 7}, {2, 6}, {1, 3}], [{8, 5}, {4, 7}, {2, 6}, {3}, {1}], [{8, 5}, {4, 7}, {3, 6}, {1, 2}], [{8, 5}, {6, 7}, {1, 4}, {2, 3}], [{8, 5}, {6, 7}, {2, 4}, {1, 3}], [{8, 5}, {6, 7}, {3, 4}, {1, 2}], [{8, 5}, {6, 7}, {3, 4}, {2}, {1}], [{8, 5}, {7}, {1, 6}, {2, 4}, {3}], [{8, 5}, {7}, {1, 6}, {3, 4}, {2}], [{8, 5}, {7}, {1, 6}, {4}, {2, 3}], [{8, 5}, {7}, {2, 6}, {3, 4}, {1}], [{8, 5}, {7}, {6}, {3, 4}, {1, 2}], [{8, 5}, {7}, {6}, {3, 4}, {2}, {1}], [{8, 6}, {1, 7}, {2, 5}, {3, 4}], [{8, 6}, {1, 7}, {2, 5}, {4}, {3}], [{8, 6}, {1, 7}, {3, 5}, {2, 4}], [{8, 6}, {1, 7}, {4, 5}, {2, 3}], [{8, 6}, {1, 7}, {5}, {3, 4}, {2}], [{8, 6}, {2, 7}, {1, 5}, {3, 4}], [{8, 6}, {2, 7}, {1, 5}, {4}, {3}], [{8, 6}, {2, 7}, {3, 5}, {1, 4}], [{8, 6}, {2, 7}, {4, 5}, {1, 3}], [{8, 6}, {2, 7}, {5}, {3, 4}, {1}], [{8, 6}, {3, 7}, {1, 5}, {2, 4}], [{8, 6}, {3, 7}, {2, 5}, {1, 4}], [{8, 6}, {3, 7}, {2, 5}, {4}, {1}], [{8, 6}, {3, 7}, {4, 5}, {1, 2}], [{8, 6}, {4, 7}, {1, 5}, {2, 3}], [{8, 6}, {4, 7}, {2, 5}, {1, 3}], [{8, 6}, {4, 7}, {2, 5}, {3}, {1}], [{8, 6}, {4, 7}, {3, 5}, {1, 2}], [{8, 6}, {5, 7}, {1, 4}, {2, 3}], [{8, 6}, {5, 7}, {2, 4}, {1, 3}], [{8, 6}, {5, 7}, {3, 4}, {1, 2}], [{8, 6}, {5, 7}, {3, 4}, {2}, {1}], [{8, 6}, {5, 7}, {4}, {3}, {1, 2}], [{8, 6}, {7}, {1, 5}, {3, 4}, {2}], [{8, 6}, {7}, {2, 5}, {1, 4}, {3}], [{8, 6}, {7}, {2, 5}, {3, 4}, {1}], [{8, 6}, {7}, {2, 5}, {4}, {1, 3}], [{8, 6}, {7}, {2, 5}, {4}, {3}, {1}], [{8, 6}, {7}, {3, 5}, {2, 4}, {1}], [{8, 6}, {7}, {4, 5}, {2, 3}, {1}], [{8, 6}, {7}, {5}, {3, 4}, {1, 2}], [{8, 6}, {7}, {5}, {3, 4}, {2}, {1}], [{8, 7}, {1, 6}, {2, 5}, {3, 4}], [{8, 7}, {1, 6}, {3, 5}, {2, 4}], [{8, 7}, {1, 6}, {4, 5}, {2, 3}], [{8, 7}, {1, 6}, {5}, {2, 4}, {3}], [{8, 7}, {1, 6}, {5}, {3, 4}, {2}], [{8, 7}, {1, 6}, {5}, {4}, {2, 3}], [{8, 7}, {2, 6}, {1, 5}, {3, 4}], [{8, 7}, {2, 6}, {1, 5}, {4}, {3}], [{8, 7}, {2, 6}, {3, 5}, {1, 4}], [{8, 7}, {2, 6}, {4, 5}, {1, 3}], [{8, 7}, {2, 6}, {5}, {3, 4}, {1}], [{8, 7}, {3, 6}, {1, 5}, {2, 4}], [{8, 7}, {3, 6}, {2, 5}, {1, 4}], [{8, 7}, {3, 6}, {4, 5}, {1, 2}], [{8, 7}, {4, 6}, {1, 5}, {2, 3}], [{8, 7}, {4, 6}, {2, 5}, {1, 3}], [{8, 7}, {4, 6}, {3, 5}, {1, 2}], [{8, 7}, {5, 6}, {1, 4}, {2, 3}], [{8, 7}, {5, 6}, {2, 4}, {1, 3}], [{8, 7}, {5, 6}, {3, 4}, {1, 2}], [{8, 7}, {5, 6}, {3, 4}, {2}, {1}], [{8, 7}, {6}, {1, 5}, {3, 4}, {2}], [{8, 7}, {6}, {2, 5}, {1, 4}, {3}], [{8, 7}, {6}, {2, 5}, {3, 4}, {1}], [{8, 7}, {6}, {2, 5}, {4}, {1, 3}], [{8, 7}, {6}, {3, 5}, {4}, {1, 2}], [{8, 7}, {6}, {4, 5}, {3}, {1, 2}], [{8, 7}, {6}, {5}, {3, 4}, {1, 2}], [{8, 7}, {6}, {5}, {3, 4}, {2}, {1}], [{8}, {1, 7}, {2, 6}, {5}, {3, 4}], [{8}, {1, 7}, {3, 6}, {2, 5}, {4}], [{8}, {1, 7}, {4, 6}, {2, 5}, {3}], [{8}, {1, 7}, {5, 6}, {3, 4}, {2}], [{8}, {1, 7}, {6}, {2, 5}, {3, 4}], [{8}, {1, 7}, {6}, {5}, {3, 4}, {2}], [{8}, {2, 7}, {1, 6}, {5}, {3, 4}], [{8}, {2, 7}, {3, 6}, {1, 5}, {4}], [{8}, {2, 7}, {3, 6}, {4, 5}, {1}], [{8}, {2, 7}, {3, 6}, {5}, {1, 4}], [{8}, {2, 7}, {3, 6}, {5}, {4}, {1}], [{8}, {2, 7}, {4, 6}, {1, 5}, {3}], [{8}, {2, 7}, {4, 6}, {3, 5}, {1}], [{8}, {2, 7}, {4, 6}, {5}, {1, 3}], [{8}, {2, 7}, {4, 6}, {5}, {3}, {1}], [{8}, {2, 7}, {5, 6}, {3, 4}, {1}], [{8}, {2, 7}, {6}, {1, 5}, {3, 4}], [{8}, {2, 7}, {6}, {5}, {3, 4}, {1}], [{8}, {3, 7}, {2, 6}, {1, 5}, {4}], [{8}, {3, 7}, {2, 6}, {4, 5}, {1}], [{8}, {3, 7}, {2, 6}, {5}, {1, 4}], [{8}, {3, 7}, {2, 6}, {5}, {4}, {1}], [{8}, {4, 7}, {2, 6}, {1, 5}, {3}], [{8}, {4, 7}, {2, 6}, {3, 5}, {1}], [{8}, {4, 7}, {2, 6}, {5}, {1, 3}], [{8}, {4, 7}, {2, 6}, {5}, {3}, {1}], [{8}, {5, 7}, {1, 6}, {2, 4}, {3}], [{8}, {5, 7}, {1, 6}, {3, 4}, {2}], [{8}, {5, 7}, {1, 6}, {4}, {2, 3}], [{8}, {5, 7}, {2, 6}, {3, 4}, {1}], [{8}, {5, 7}, {3, 6}, {4}, {1, 2}], [{8}, {5, 7}, {4, 6}, {3}, {1, 2}], [{8}, {5, 7}, {6}, {3, 4}, {1, 2}], [{8}, {5, 7}, {6}, {3, 4}, {2}, {1}], [{8}, {6, 7}, {1, 5}, {3, 4}, {2}], [{8}, {6, 7}, {2, 5}, {1, 4}, {3}], [{8}, {6, 7}, {2, 5}, {3, 4}, {1}], [{8}, {6, 7}, {2, 5}, {4}, {1, 3}], [{8}, {6, 7}, {5}, {3, 4}, {1, 2}], [{8}, {6, 7}, {5}, {3, 4}, {2}, {1}], [{8}, {7}, {1, 6}, {2, 5}, {3, 4}], [{8}, {7}, {1, 6}, {5}, {3, 4}, {2}], [{8}, {7}, {2, 6}, {1, 5}, {3, 4}], [{8}, {7}, {2, 6}, {5}, {3, 4}, {1}], [{8}, {7}, {5, 6}, {3, 4}, {1, 2}], [{8}, {7}, {5, 6}, {3, 4}, {2}, {1}], [{8}, {7}, {6}, {1, 5}, {3, 4}, {2}], [{8}, {7}, {6}, {2, 5}, {3, 4}, {1}], [{8}, {7}, {6}, {5}, {3, 4}, {1, 2}], [{8}, {7}, {6}, {5}, {3, 4}, {2}, {1}]]",2,- 18 K_1^2 - 8 K_1 K_2 + 4 K_1 + 9 K_2 + 4 K_3 + 10,O1O2O3U4O5U6U3U5O7O6U1O4U8U2O8U7,O1O2O3U1O4U2U5U6O7U8O5O8U4O6U3U7,O1O2O3U4U1O5U6O7O8U7O4U5U8U2O6U3,c,{'O1O2O3U4O5U2U5O6U3O7O4U8U1U7O8U6'},1,"<a href=""/flatknot/8.1101941"">8.1101941</a>",t^9-31t^7-56t^6+74t^5+166t^4-32t^3-100t^2+24t,t^2-2t,,
8.1101942,O1O2O3U4O5U2U5O6U3O7O4U8U6U1O8U7,3,10z^2+79z+119,10w^3z^2+79w^2z+119w,False,False,"[[ 0  0 -1  1  0  1  0  1 -2],[ 0  0 -1  1 -1  1  0  0 -1],[ 1  1  0  2 -1  1  0 -1  1],[-1 -1 -2  0 -1  0  0  0 -2],[ 0  1  1  1  0  1  0  0 -1],[-1 -1 -1  0 -1  0  0  0 -1],[ 0  0  0  0  0  0  0  0  0],[-1  0  1  0  0  0  0  0 -1],[ 2  1 -1  2  1  1  0  1  0]]","[[ 0  1  1  1  0  0 -1 -2],[-1  0  0  0  0  0  1 -1],[-1  0  0  0 -1 -1 -1 -1],[-1  0  0  0 -1 -1 -2 -2],[ 0  0  1  1  0  1  1 -1],[ 0  0  1  1 -1  0 -1 -1],[ 1 -1  1  2 -1  1  0  1],[ 2  1  1  2  1  1 -1  0]]",False,"[-1,-1,-1,0,0,1,2,0,0,0,0,-1,1,0,1,1,1,1,1,1,2,2,-1,-1,1,1,1,-1]","[-2,-1,0,0,1,1,1,-1,1,1,1,1,2,-1,1,-1,1,2,1,0,1,1,0,1,1,0,0,0]",t^7+22t^5+89t^3+16t,"[-2,-1,0,0,1,1,1,2,1,1,1,2,2,0,2,0,1,3,1,0,0,1,0,0,1,0,0,0]","[-1,-1,-1,0,0,1,2,0,0,0,0,0,1,0,0,0,1,2,1,1,3,2,-1,0,1,2,1,2]","[-2,-1,0,0,1,1,1,-1,1,1,1,1,2,-1,1,-1,1,2,1,0,1,1,0,1,1,0,0,0]",c,"[[{8, 1}, {2, 7}, {3, 6}, {4, 5}], [{8, 1}, {2, 7}, {4, 6}, {3, 5}], [{8, 1}, {2, 7}, {5, 6}, {3, 4}], [{8, 1}, {2, 7}, {6}, {3, 5}, {4}], [{8, 1}, {2, 7}, {6}, {4, 5}, {3}], [{8, 1}, {2, 7}, {6}, {5}, {3, 4}], [{8, 1}, {3, 7}, {2, 6}, {4, 5}], [{8, 1}, {3, 7}, {2, 6}, {5}, {4}], [{8, 1}, {3, 7}, {4, 6}, {2, 5}], [{8, 1}, {3, 7}, {4, 6}, {5}, {2}], [{8, 1}, {3, 7}, {5, 6}, {2, 4}], [{8, 1}, {3, 7}, {5, 6}, {4}, {2}], [{8, 1}, {3, 7}, {6}, {2, 5}, {4}], [{8, 1}, {3, 7}, {6}, {4, 5}, {2}], [{8, 1}, {3, 7}, {6}, {5}, {2, 4}], [{8, 1}, {3, 7}, {6}, {5}, {4}, {2}], [{8, 1}, {4, 7}, {2, 6}, {3, 5}], [{8, 1}, {4, 7}, {3, 6}, {2, 5}], [{8, 1}, {4, 7}, {5, 6}, {2, 3}], [{8, 1}, {4, 7}, {6}, {2, 5}, {3}], [{8, 1}, {4, 7}, {6}, {3, 5}, {2}], [{8, 1}, {4, 7}, {6}, {5}, {2, 3}], [{8, 1}, {5, 7}, {2, 6}, {3, 4}], [{8, 1}, {5, 7}, {3, 6}, {2, 4}], [{8, 1}, {5, 7}, {4, 6}, {2, 3}], [{8, 1}, {5, 7}, {6}, {2, 4}, {3}], [{8, 1}, {5, 7}, {6}, {3, 4}, {2}], [{8, 1}, {5, 7}, {6}, {4}, {2, 3}], [{8, 1}, {6, 7}, {2, 5}, {3, 4}], [{8, 1}, {6, 7}, {3, 5}, {2, 4}], [{8, 1}, {6, 7}, {4, 5}, {2, 3}], [{8, 1}, {6, 7}, {4, 5}, {3}, {2}], [{8, 1}, {7}, {2, 6}, {4, 5}, {3}], [{8, 1}, {7}, {3, 6}, {4, 5}, {2}], [{8, 1}, {7}, {6}, {2, 5}, {3, 4}], [{8, 1}, {7}, {6}, {3, 5}, {2, 4}], [{8, 1}, {7}, {6}, {4, 5}, {2, 3}], [{8, 1}, {7}, {6}, {4, 5}, {3}, {2}], [{8, 2}, {1, 7}, {3, 6}, {4, 5}], [{8, 2}, {1, 7}, {3, 6}, {5}, {4}], [{8, 2}, {1, 7}, {4, 6}, {3, 5}], [{8, 2}, {1, 7}, {4, 6}, {5}, {3}], [{8, 2}, {1, 7}, {5, 6}, {3, 4}], [{8, 2}, {1, 7}, {5, 6}, {4}, {3}], [{8, 2}, {1, 7}, {6}, {3, 5}, {4}], [{8, 2}, {1, 7}, {6}, {4, 5}, {3}], [{8, 2}, {1, 7}, {6}, {5}, {3, 4}], [{8, 2}, {1, 7}, {6}, {5}, {4}, {3}], [{8, 2}, {3, 7}, {1, 6}, {4, 5}], [{8, 2}, {3, 7}, {4, 6}, {1, 5}], [{8, 2}, {3, 7}, {5, 6}, {1, 4}], [{8, 2}, {3, 7}, {6}, {1, 5}, {4}], [{8, 2}, {3, 7}, {6}, {4, 5}, {1}], [{8, 2}, {3, 7}, {6}, {5}, {1, 4}], [{8, 2}, {4, 7}, {1, 6}, {3, 5}], [{8, 2}, {4, 7}, {3, 6}, {1, 5}], [{8, 2}, {4, 7}, {5, 6}, {1, 3}], [{8, 2}, {4, 7}, {6}, {1, 5}, {3}], [{8, 2}, {4, 7}, {6}, {3, 5}, {1}], [{8, 2}, {4, 7}, {6}, {5}, {1, 3}], [{8, 2}, {5, 7}, {1, 6}, {3, 4}], [{8, 2}, {5, 7}, {3, 6}, {1, 4}], [{8, 2}, {5, 7}, {4, 6}, {1, 3}], [{8, 2}, {5, 7}, {6}, {1, 4}, {3}], [{8, 2}, {5, 7}, {6}, {3, 4}, {1}], [{8, 2}, {5, 7}, {6}, {4}, {1, 3}], [{8, 2}, {6, 7}, {1, 5}, {3, 4}], [{8, 2}, {6, 7}, {3, 5}, {1, 4}], [{8, 2}, {6, 7}, {4, 5}, {1, 3}], [{8, 2}, {6, 7}, {4, 5}, {3}, {1}], [{8, 2}, {7}, {1, 6}, {4, 5}, {3}], [{8, 2}, {7}, {3, 6}, {4, 5}, {1}], [{8, 2}, {7}, {6}, {1, 5}, {3, 4}], [{8, 2}, {7}, {6}, {3, 5}, {1, 4}], [{8, 2}, {7}, {6}, {4, 5}, {1, 3}], [{8, 2}, {7}, {6}, {4, 5}, {3}, {1}], [{8, 3}, {1, 7}, {2, 6}, {4, 5}], [{8, 3}, {1, 7}, {2, 6}, {5}, {4}], [{8, 3}, {1, 7}, {4, 6}, {2, 5}], [{8, 3}, {1, 7}, {4, 6}, {5}, {2}], [{8, 3}, {1, 7}, {5, 6}, {2, 4}], [{8, 3}, {1, 7}, {5, 6}, {4}, {2}], [{8, 3}, {1, 7}, {6}, {2, 5}, {4}], [{8, 3}, {1, 7}, {6}, {4, 5}, {2}], [{8, 3}, {1, 7}, {6}, {5}, {2, 4}], [{8, 3}, {1, 7}, {6}, {5}, {4}, {2}], [{8, 3}, {2, 7}, {1, 6}, {4, 5}], [{8, 3}, {2, 7}, {4, 6}, {1, 5}], [{8, 3}, {2, 7}, {5, 6}, {1, 4}], [{8, 3}, {2, 7}, {6}, {1, 5}, {4}], [{8, 3}, {2, 7}, {6}, {4, 5}, {1}], [{8, 3}, {2, 7}, {6}, {5}, {1, 4}], [{8, 3}, {4, 7}, {1, 6}, {2, 5}], [{8, 3}, {4, 7}, {2, 6}, {1, 5}], [{8, 3}, {4, 7}, {5, 6}, {1, 2}], [{8, 3}, {4, 7}, {6}, {1, 5}, {2}], [{8, 3}, {4, 7}, {6}, {2, 5}, {1}], [{8, 3}, {4, 7}, {6}, {5}, {1, 2}], [{8, 3}, {5, 7}, {1, 6}, {2, 4}], [{8, 3}, {5, 7}, {2, 6}, {1, 4}], [{8, 3}, {5, 7}, {4, 6}, {1, 2}], [{8, 3}, {5, 7}, {6}, {1, 4}, {2}], [{8, 3}, {5, 7}, {6}, {2, 4}, {1}], [{8, 3}, {5, 7}, {6}, {4}, {1, 2}], [{8, 3}, {6, 7}, {1, 5}, {2, 4}], [{8, 3}, {6, 7}, {2, 5}, {1, 4}], [{8, 3}, {6, 7}, {4, 5}, {1, 2}], [{8, 3}, {6, 7}, {4, 5}, {2}, {1}], [{8, 3}, {7}, {1, 6}, {4, 5}, {2}], [{8, 3}, {7}, {2, 6}, {4, 5}, {1}], [{8, 3}, {7}, {6}, {1, 5}, {2, 4}], [{8, 3}, {7}, {6}, {2, 5}, {1, 4}], [{8, 3}, {7}, {6}, {4, 5}, {1, 2}], [{8, 3}, {7}, {6}, {4, 5}, {2}, {1}], [{8, 4}, {1, 7}, {2, 6}, {3, 5}], [{8, 4}, {1, 7}, {3, 6}, {2, 5}], [{8, 4}, {1, 7}, {5, 6}, {2, 3}], [{8, 4}, {1, 7}, {6}, {2, 5}, {3}], [{8, 4}, {1, 7}, {6}, {3, 5}, {2}], [{8, 4}, {1, 7}, {6}, {5}, {2, 3}], [{8, 4}, {2, 7}, {1, 6}, {3, 5}], [{8, 4}, {2, 7}, {3, 6}, {1, 5}], [{8, 4}, {2, 7}, {5, 6}, {1, 3}], [{8, 4}, {2, 7}, {6}, {1, 5}, {3}], [{8, 4}, {2, 7}, {6}, {3, 5}, {1}], [{8, 4}, {2, 7}, {6}, {5}, {1, 3}], [{8, 4}, {3, 7}, {1, 6}, {2, 5}], [{8, 4}, {3, 7}, {1, 6}, {5}, {2}], [{8, 4}, {3, 7}, {2, 6}, {1, 5}], [{8, 4}, {3, 7}, {2, 6}, {5}, {1}], [{8, 4}, {3, 7}, {5, 6}, {1, 2}], [{8, 4}, {3, 7}, {5, 6}, {2}, {1}], [{8, 4}, {3, 7}, {6}, {1, 5}, {2}], [{8, 4}, {3, 7}, {6}, {2, 5}, {1}], [{8, 4}, {3, 7}, {6}, {5}, {1, 2}], [{8, 4}, {3, 7}, {6}, {5}, {2}, {1}], [{8, 4}, {5, 7}, {1, 6}, {2, 3}], [{8, 4}, {5, 7}, {2, 6}, {1, 3}], [{8, 4}, {5, 7}, {3, 6}, {1, 2}], [{8, 4}, {5, 7}, {6}, {1, 3}, {2}], [{8, 4}, {5, 7}, {6}, {2, 3}, {1}], [{8, 4}, {5, 7}, {6}, {3}, {1, 2}], [{8, 4}, {6, 7}, {1, 5}, {2, 3}], [{8, 4}, {6, 7}, {1, 5}, {3}, {2}], [{8, 4}, {6, 7}, {2, 5}, {1, 3}], [{8, 4}, {6, 7}, {3, 5}, {1, 2}], [{8, 4}, {7}, {2, 6}, {1, 5}, {3}], [{8, 4}, {7}, {3, 6}, {1, 5}, {2}], [{8, 4}, {7}, {6}, {1, 5}, {2, 3}], [{8, 4}, {7}, {6}, {1, 5}, {3}, {2}], [{8, 4}, {7}, {6}, {2, 5}, {1, 3}], [{8, 4}, {7}, {6}, {3, 5}, {1, 2}], [{8, 5}, {1, 7}, {2, 6}, {3, 4}], [{8, 5}, {1, 7}, {3, 6}, {2, 4}], [{8, 5}, {1, 7}, {4, 6}, {2, 3}], [{8, 5}, {1, 7}, {6}, {2, 4}, {3}], [{8, 5}, {1, 7}, {6}, {3, 4}, {2}], [{8, 5}, {1, 7}, {6}, {4}, {2, 3}], [{8, 5}, {2, 7}, {1, 6}, {3, 4}], [{8, 5}, {2, 7}, {3, 6}, {1, 4}], [{8, 5}, {2, 7}, {4, 6}, {1, 3}], [{8, 5}, {2, 7}, {6}, {1, 4}, {3}], [{8, 5}, {2, 7}, {6}, {3, 4}, {1}], [{8, 5}, {2, 7}, {6}, {4}, {1, 3}], [{8, 5}, {3, 7}, {1, 6}, {2, 4}], [{8, 5}, {3, 7}, {1, 6}, {4}, {2}], [{8, 5}, {3, 7}, {2, 6}, {1, 4}], [{8, 5}, {3, 7}, {2, 6}, {4}, {1}], [{8, 5}, {3, 7}, {4, 6}, {1, 2}], [{8, 5}, {3, 7}, {4, 6}, {2}, {1}], [{8, 5}, {3, 7}, {6}, {1, 4}, {2}], [{8, 5}, {3, 7}, {6}, {2, 4}, {1}], [{8, 5}, {3, 7}, {6}, {4}, {1, 2}], [{8, 5}, {3, 7}, {6}, {4}, {2}, {1}], [{8, 5}, {4, 7}, {1, 6}, {2, 3}], [{8, 5}, {4, 7}, {2, 6}, {1, 3}], [{8, 5}, {4, 7}, {3, 6}, {1, 2}], [{8, 5}, {4, 7}, {6}, {1, 3}, {2}], [{8, 5}, {4, 7}, {6}, {2, 3}, {1}], [{8, 5}, {4, 7}, {6}, {3}, {1, 2}], [{8, 5}, {6, 7}, {1, 4}, {2, 3}], [{8, 5}, {6, 7}, {1, 4}, {3}, {2}], [{8, 5}, {6, 7}, {2, 4}, {1, 3}], [{8, 5}, {6, 7}, {3, 4}, {1, 2}], [{8, 5}, {7}, {2, 6}, {1, 4}, {3}], [{8, 5}, {7}, {3, 6}, {1, 4}, {2}], [{8, 5}, {7}, {6}, {1, 4}, {2, 3}], [{8, 5}, {7}, {6}, {1, 4}, {3}, {2}], [{8, 5}, {7}, {6}, {2, 4}, {1, 3}], [{8, 5}, {7}, {6}, {3, 4}, {1, 2}], [{8, 6}, {1, 7}, {2, 5}, {3, 4}], [{8, 6}, {1, 7}, {3, 5}, {2, 4}], [{8, 6}, {1, 7}, {4, 5}, {2, 3}], [{8, 6}, {1, 7}, {4, 5}, {3}, {2}], [{8, 6}, {1, 7}, {5}, {4}, {2, 3}], [{8, 6}, {2, 7}, {1, 5}, {3, 4}], [{8, 6}, {2, 7}, {3, 5}, {1, 4}], [{8, 6}, {2, 7}, {4, 5}, {1, 3}], [{8, 6}, {2, 7}, {4, 5}, {3}, {1}], [{8, 6}, {2, 7}, {5}, {4}, {1, 3}], [{8, 6}, {3, 7}, {1, 5}, {2, 4}], [{8, 6}, {3, 7}, {1, 5}, {4}, {2}], [{8, 6}, {3, 7}, {2, 5}, {1, 4}], [{8, 6}, {3, 7}, {4, 5}, {1, 2}], [{8, 6}, {3, 7}, {4, 5}, {2}, {1}], [{8, 6}, {3, 7}, {5}, {1, 4}, {2}], [{8, 6}, {4, 7}, {1, 5}, {2, 3}], [{8, 6}, {4, 7}, {2, 5}, {1, 3}], [{8, 6}, {4, 7}, {3, 5}, {1, 2}], [{8, 6}, {5, 7}, {1, 4}, {2, 3}], [{8, 6}, {5, 7}, {2, 4}, {1, 3}], [{8, 6}, {5, 7}, {3, 4}, {1, 2}], [{8, 6}, {7}, {4, 5}, {1, 3}, {2}], [{8, 6}, {7}, {4, 5}, {2, 3}, {1}], [{8, 6}, {7}, {4, 5}, {3}, {1, 2}], [{8, 6}, {7}, {4, 5}, {3}, {2}, {1}], [{8, 7}, {1, 6}, {2, 5}, {3, 4}], [{8, 7}, {1, 6}, {3, 5}, {2, 4}], [{8, 7}, {1, 6}, {3, 5}, {4}, {2}], [{8, 7}, {1, 6}, {4, 5}, {2, 3}], [{8, 7}, {1, 6}, {4, 5}, {3}, {2}], [{8, 7}, {1, 6}, {5}, {3, 4}, {2}], [{8, 7}, {2, 6}, {1, 5}, {3, 4}], [{8, 7}, {2, 6}, {3, 5}, {1, 4}], [{8, 7}, {2, 6}, {3, 5}, {4}, {1}], [{8, 7}, {2, 6}, {4, 5}, {1, 3}], [{8, 7}, {2, 6}, {4, 5}, {3}, {1}], [{8, 7}, {2, 6}, {5}, {3, 4}, {1}], [{8, 7}, {3, 6}, {1, 5}, {2, 4}], [{8, 7}, {3, 6}, {2, 5}, {1, 4}], [{8, 7}, {3, 6}, {4, 5}, {1, 2}], [{8, 7}, {3, 6}, {4, 5}, {2}, {1}], [{8, 7}, {4, 6}, {1, 5}, {2, 3}], [{8, 7}, {4, 6}, {2, 5}, {1, 3}], [{8, 7}, {4, 6}, {3, 5}, {1, 2}], [{8, 7}, {4, 6}, {3, 5}, {2}, {1}], [{8, 7}, {5, 6}, {1, 4}, {2, 3}], [{8, 7}, {5, 6}, {2, 4}, {1, 3}], [{8, 7}, {5, 6}, {3, 4}, {1, 2}], [{8, 7}, {5, 6}, {3, 4}, {2}, {1}], [{8, 7}, {6}, {1, 5}, {2, 4}, {3}], [{8, 7}, {6}, {1, 5}, {3, 4}, {2}], [{8, 7}, {6}, {1, 5}, {4}, {2, 3}], [{8, 7}, {6}, {2, 5}, {1, 4}, {3}], [{8, 7}, {6}, {2, 5}, {3, 4}, {1}], [{8, 7}, {6}, {2, 5}, {4}, {1, 3}], [{8, 7}, {6}, {3, 5}, {1, 4}, {2}], [{8, 7}, {6}, {3, 5}, {2, 4}, {1}], [{8, 7}, {6}, {3, 5}, {4}, {1, 2}], [{8, 7}, {6}, {3, 5}, {4}, {2}, {1}], [{8, 7}, {6}, {4, 5}, {1, 3}, {2}], [{8, 7}, {6}, {4, 5}, {2, 3}, {1}], [{8, 7}, {6}, {4, 5}, {3}, {1, 2}], [{8, 7}, {6}, {4, 5}, {3}, {2}, {1}], [{8, 7}, {6}, {5}, {1, 4}, {2, 3}], [{8, 7}, {6}, {5}, {2, 4}, {1, 3}], [{8, 7}, {6}, {5}, {3, 4}, {1, 2}], [{8, 7}, {6}, {5}, {3, 4}, {2}, {1}], [{8}, {1, 7}, {2, 6}, {4, 5}, {3}], [{8}, {1, 7}, {3, 6}, {4, 5}, {2}], [{8}, {1, 7}, {4, 6}, {5}, {2, 3}], [{8}, {1, 7}, {5, 6}, {4}, {2, 3}], [{8}, {1, 7}, {6}, {2, 5}, {3, 4}], [{8}, {1, 7}, {6}, {3, 5}, {2, 4}], [{8}, {1, 7}, {6}, {4, 5}, {2, 3}], [{8}, {1, 7}, {6}, {4, 5}, {3}, {2}], [{8}, {1, 7}, {6}, {5}, {4}, {2, 3}], [{8}, {2, 7}, {1, 6}, {4, 5}, {3}], [{8}, {2, 7}, {3, 6}, {4, 5}, {1}], [{8}, {2, 7}, {4, 6}, {5}, {1, 3}], [{8}, {2, 7}, {5, 6}, {4}, {1, 3}], [{8}, {2, 7}, {6}, {1, 5}, {3, 4}], [{8}, {2, 7}, {6}, {3, 5}, {1, 4}], [{8}, {2, 7}, {6}, {4, 5}, {1, 3}], [{8}, {2, 7}, {6}, {4, 5}, {3}, {1}], [{8}, {2, 7}, {6}, {5}, {4}, {1, 3}], [{8}, {3, 7}, {1, 6}, {4, 5}, {2}], [{8}, {3, 7}, {2, 6}, {1, 5}, {4}], [{8}, {3, 7}, {2, 6}, {4, 5}, {1}], [{8}, {3, 7}, {2, 6}, {5}, {1, 4}], [{8}, {3, 7}, {4, 6}, {1, 5}, {2}], [{8}, {3, 7}, {5, 6}, {1, 4}, {2}], [{8}, {3, 7}, {6}, {1, 5}, {2, 4}], [{8}, {3, 7}, {6}, {1, 5}, {4}, {2}], [{8}, {3, 7}, {6}, {2, 5}, {1, 4}], [{8}, {3, 7}, {6}, {4, 5}, {1, 2}], [{8}, {3, 7}, {6}, {4, 5}, {2}, {1}], [{8}, {3, 7}, {6}, {5}, {1, 4}, {2}], [{8}, {4, 7}, {6}, {1, 5}, {2, 3}], [{8}, {4, 7}, {6}, {2, 5}, {1, 3}], [{8}, {4, 7}, {6}, {3, 5}, {1, 2}], [{8}, {5, 7}, {6}, {1, 4}, {2, 3}], [{8}, {5, 7}, {6}, {2, 4}, {1, 3}], [{8}, {5, 7}, {6}, {3, 4}, {1, 2}], [{8}, {6, 7}, {4, 5}, {1, 3}, {2}], [{8}, {6, 7}, {4, 5}, {2, 3}, {1}], [{8}, {6, 7}, {4, 5}, {3}, {1, 2}], [{8}, {6, 7}, {4, 5}, {3}, {2}, {1}], [{8}, {7}, {1, 6}, {4, 5}, {2, 3}], [{8}, {7}, {1, 6}, {4, 5}, {3}, {2}], [{8}, {7}, {2, 6}, {4, 5}, {1, 3}], [{8}, {7}, {2, 6}, {4, 5}, {3}, {1}], [{8}, {7}, {3, 6}, {4, 5}, {1, 2}], [{8}, {7}, {3, 6}, {4, 5}, {2}, {1}], [{8}, {7}, {6}, {4, 5}, {1, 3}, {2}], [{8}, {7}, {6}, {4, 5}, {2, 3}, {1}], [{8}, {7}, {6}, {4, 5}, {3}, {1, 2}], [{8}, {7}, {6}, {4, 5}, {3}, {2}, {1}]]",2,- 22 K_1^2 - 8 K_1 K_2 + 4 K_1 + 11 K_2 + 4 K_3 + 12,O1O2O3U4O5U3U6U5O7O4U1O6U8U2O8U7,O1O2O3U1O4U3U5U6O7U8O5O8U2O6U4U7,O1O2O3U4U5O6U2O7O8U7O4U6U8U1O5U3,c,{'O1O2O3U4O5U2U5O6U3O7O4U8U6U1O8U7'},1,"<a href=""/flatknot/8.1101942"">8.1101942</a>",t^8-24t^6-52t^5-16t^4+30t^3+15t^2+2t+4,t^2-2t,,
8.1101943,O1O2O3U4O5U2U5O6U3O7O4U8U7U1O8U6,3,9z^2+70z+105,9w^3z^2+70w^2z+105w,False,False,"[[ 0  0 -1  1  0  1  1  0 -2],[ 0  0 -1  2 -1  1  0 -1 -1],[ 1  1  0  2 -1  1  0 -1  1],[-1 -2 -2  0 -1  0  0 -1 -1],[ 0  1  1  1  0  1  0  0 -1],[-1 -1 -1  0 -1  0  0  0 -1],[-1  0  0  0  0  0  0  1 -2],[ 0  1  1  1  0  0 -1  0  0],[ 2  1 -1  1  1  1  2  0  0]]","[[ 0  1  1  1  0  0  0 -1 -2],[-1  0  0  0  1  0  0  0 -2],[-1  0  0  0  0 -1 -1 -1 -1],[-1  0  0  0 -1 -1 -2 -2 -1],[ 0 -1  0  1  0  0  1  1  0],[ 0  0  1  1  0  0  1  1 -1],[ 0  0  1  2 -1 -1  0 -1 -1],[ 1  0  1  2 -1 -1  1  0  1],[ 2  2  1  1  0  1  1 -1  0]]",True,"[-1,-1,-1,0,0,0,1,2,0,0,-1,0,0,0,2,0,0,1,1,1,1,1,1,2,2,1,0,-1,-1,0,-1,-1,1,1,1,-1]","[-2,-1,0,0,0,1,1,1,-1,0,1,1,1,1,2,-1,-1,1,1,2,0,0,1,0,1,-1,1,1,1,0,1,2,0,0,0,0]",t^8+28t^6+171t^4+80t^2,"[-2,-1,0,0,0,1,1,1,2,1,1,2,1,2,2,0,2,2,2,0,1,1,1,1,-1,0,0,1,0,0,2,0,1,0,0,0]","[-1,-1,-1,0,0,0,1,2,0,0,-1,0,0,0,2,0,0,0,1,1,2,1,1,2,2,1,-1,-1,0,1,0,2,1,2,2,2]","[-2,-1,0,0,0,1,1,1,-1,0,1,1,1,1,2,-1,-1,1,1,2,0,0,1,0,1,-1,1,1,1,0,1,2,0,0,0,0]",c,"[[{8, 1}, {2, 7}, {3, 6}, {4, 5}], [{8, 1}, {2, 7}, {4, 6}, {3, 5}], [{8, 1}, {2, 7}, {4, 6}, {5}, {3}], [{8, 1}, {2, 7}, {5, 6}, {3, 4}], [{8, 1}, {3, 7}, {2, 6}, {4, 5}], [{8, 1}, {3, 7}, {4, 6}, {2, 5}], [{8, 1}, {3, 7}, {5, 6}, {2, 4}], [{8, 1}, {3, 7}, {6}, {4, 5}, {2}], [{8, 1}, {4, 7}, {2, 6}, {3, 5}], [{8, 1}, {4, 7}, {2, 6}, {5}, {3}], [{8, 1}, {4, 7}, {3, 6}, {2, 5}], [{8, 1}, {4, 7}, {5, 6}, {2, 3}], [{8, 1}, {5, 7}, {2, 6}, {3, 4}], [{8, 1}, {5, 7}, {3, 6}, {2, 4}], [{8, 1}, {5, 7}, {4, 6}, {2, 3}], [{8, 1}, {5, 7}, {6}, {3, 4}, {2}], [{8, 1}, {6, 7}, {2, 5}, {3, 4}], [{8, 1}, {6, 7}, {3, 5}, {2, 4}], [{8, 1}, {6, 7}, {4, 5}, {2, 3}], [{8, 1}, {6, 7}, {4, 5}, {3}, {2}], [{8, 1}, {7}, {3, 6}, {4, 5}, {2}], [{8, 2}, {1, 7}, {3, 6}, {4, 5}], [{8, 2}, {1, 7}, {4, 6}, {3, 5}], [{8, 2}, {1, 7}, {5, 6}, {3, 4}], [{8, 2}, {3, 7}, {1, 6}, {4, 5}], [{8, 2}, {3, 7}, {4, 6}, {1, 5}], [{8, 2}, {3, 7}, {5, 6}, {1, 4}], [{8, 2}, {3, 7}, {6}, {4, 5}, {1}], [{8, 2}, {4, 7}, {1, 6}, {3, 5}], [{8, 2}, {4, 7}, {3, 6}, {1, 5}], [{8, 2}, {4, 7}, {5, 6}, {1, 3}], [{8, 2}, {5, 7}, {1, 6}, {3, 4}], [{8, 2}, {5, 7}, {1, 6}, {4}, {3}], [{8, 2}, {5, 7}, {3, 6}, {1, 4}], [{8, 2}, {5, 7}, {4, 6}, {1, 3}], [{8, 2}, {5, 7}, {6}, {3, 4}, {1}], [{8, 2}, {6, 7}, {1, 5}, {3, 4}], [{8, 2}, {6, 7}, {3, 5}, {1, 4}], [{8, 2}, {6, 7}, {4, 5}, {1, 3}], [{8, 2}, {7}, {1, 6}, {5}, {3, 4}], [{8, 2}, {7}, {3, 6}, {1, 5}, {4}], [{8, 3}, {1, 7}, {2, 6}, {4, 5}], [{8, 3}, {1, 7}, {4, 6}, {2, 5}], [{8, 3}, {1, 7}, {4, 6}, {5}, {2}], [{8, 3}, {1, 7}, {5, 6}, {2, 4}], [{8, 3}, {1, 7}, {6}, {2, 5}, {4}], [{8, 3}, {2, 7}, {1, 6}, {4, 5}], [{8, 3}, {2, 7}, {4, 6}, {1, 5}], [{8, 3}, {2, 7}, {4, 6}, {5}, {1}], [{8, 3}, {2, 7}, {5, 6}, {1, 4}], [{8, 3}, {2, 7}, {6}, {1, 5}, {4}], [{8, 3}, {4, 7}, {1, 6}, {2, 5}], [{8, 3}, {4, 7}, {2, 6}, {1, 5}], [{8, 3}, {4, 7}, {2, 6}, {5}, {1}], [{8, 3}, {4, 7}, {5, 6}, {1, 2}], [{8, 3}, {5, 7}, {1, 6}, {2, 4}], [{8, 3}, {5, 7}, {1, 6}, {4}, {2}], [{8, 3}, {5, 7}, {2, 6}, {1, 4}], [{8, 3}, {5, 7}, {2, 6}, {4}, {1}], [{8, 3}, {5, 7}, {4, 6}, {1, 2}], [{8, 3}, {5, 7}, {4, 6}, {2}, {1}], [{8, 3}, {5, 7}, {6}, {1, 4}, {2}], [{8, 3}, {5, 7}, {6}, {2, 4}, {1}], [{8, 3}, {5, 7}, {6}, {4}, {1, 2}], [{8, 3}, {5, 7}, {6}, {4}, {2}, {1}], [{8, 3}, {6, 7}, {1, 5}, {2, 4}], [{8, 3}, {6, 7}, {2, 5}, {1, 4}], [{8, 3}, {6, 7}, {4, 5}, {1, 2}], [{8, 3}, {7}, {1, 6}, {5}, {2, 4}], [{8, 3}, {7}, {2, 6}, {4, 5}, {1}], [{8, 3}, {7}, {4, 6}, {1, 5}, {2}], [{8, 3}, {7}, {4, 6}, {2, 5}, {1}], [{8, 3}, {7}, {4, 6}, {5}, {1, 2}], [{8, 4}, {1, 7}, {2, 6}, {3, 5}], [{8, 4}, {1, 7}, {2, 6}, {5}, {3}], [{8, 4}, {1, 7}, {3, 6}, {2, 5}], [{8, 4}, {1, 7}, {3, 6}, {5}, {2}], [{8, 4}, {1, 7}, {5, 6}, {2, 3}], [{8, 4}, {1, 7}, {5, 6}, {3}, {2}], [{8, 4}, {1, 7}, {6}, {2, 5}, {3}], [{8, 4}, {1, 7}, {6}, {3, 5}, {2}], [{8, 4}, {1, 7}, {6}, {5}, {2, 3}], [{8, 4}, {1, 7}, {6}, {5}, {3}, {2}], [{8, 4}, {2, 7}, {1, 6}, {3, 5}], [{8, 4}, {2, 7}, {1, 6}, {5}, {3}], [{8, 4}, {2, 7}, {3, 6}, {1, 5}], [{8, 4}, {2, 7}, {3, 6}, {5}, {1}], [{8, 4}, {2, 7}, {5, 6}, {1, 3}], [{8, 4}, {2, 7}, {5, 6}, {3}, {1}], [{8, 4}, {2, 7}, {6}, {1, 5}, {3}], [{8, 4}, {2, 7}, {6}, {3, 5}, {1}], [{8, 4}, {2, 7}, {6}, {5}, {1, 3}], [{8, 4}, {2, 7}, {6}, {5}, {3}, {1}], [{8, 4}, {3, 7}, {1, 6}, {2, 5}], [{8, 4}, {3, 7}, {1, 6}, {5}, {2}], [{8, 4}, {3, 7}, {2, 6}, {1, 5}], [{8, 4}, {3, 7}, {2, 6}, {5}, {1}], [{8, 4}, {3, 7}, {5, 6}, {1, 2}], [{8, 4}, {3, 7}, {5, 6}, {2}, {1}], [{8, 4}, {3, 7}, {6}, {1, 5}, {2}], [{8, 4}, {3, 7}, {6}, {2, 5}, {1}], [{8, 4}, {3, 7}, {6}, {5}, {1, 2}], [{8, 4}, {3, 7}, {6}, {5}, {2}, {1}], [{8, 4}, {5, 7}, {1, 6}, {2, 3}], [{8, 4}, {5, 7}, {1, 6}, {3}, {2}], [{8, 4}, {5, 7}, {2, 6}, {1, 3}], [{8, 4}, {5, 7}, {2, 6}, {3}, {1}], [{8, 4}, {5, 7}, {3, 6}, {1, 2}], [{8, 4}, {5, 7}, {3, 6}, {2}, {1}], [{8, 4}, {5, 7}, {6}, {1, 3}, {2}], [{8, 4}, {5, 7}, {6}, {2, 3}, {1}], [{8, 4}, {5, 7}, {6}, {3}, {1, 2}], [{8, 4}, {5, 7}, {6}, {3}, {2}, {1}], [{8, 4}, {6, 7}, {1, 5}, {2, 3}], [{8, 4}, {6, 7}, {1, 5}, {3}, {2}], [{8, 4}, {6, 7}, {2, 5}, {1, 3}], [{8, 4}, {6, 7}, {2, 5}, {3}, {1}], [{8, 4}, {6, 7}, {3, 5}, {1, 2}], [{8, 4}, {6, 7}, {3, 5}, {2}, {1}], [{8, 4}, {6, 7}, {5}, {1, 3}, {2}], [{8, 4}, {6, 7}, {5}, {2, 3}, {1}], [{8, 4}, {6, 7}, {5}, {3}, {1, 2}], [{8, 4}, {6, 7}, {5}, {3}, {2}, {1}], [{8, 4}, {7}, {1, 6}, {2, 5}, {3}], [{8, 4}, {7}, {1, 6}, {3, 5}, {2}], [{8, 4}, {7}, {1, 6}, {5}, {2, 3}], [{8, 4}, {7}, {1, 6}, {5}, {3}, {2}], [{8, 4}, {7}, {2, 6}, {1, 5}, {3}], [{8, 4}, {7}, {2, 6}, {3, 5}, {1}], [{8, 4}, {7}, {2, 6}, {5}, {1, 3}], [{8, 4}, {7}, {2, 6}, {5}, {3}, {1}], [{8, 4}, {7}, {3, 6}, {1, 5}, {2}], [{8, 4}, {7}, {3, 6}, {2, 5}, {1}], [{8, 4}, {7}, {3, 6}, {5}, {1, 2}], [{8, 4}, {7}, {3, 6}, {5}, {2}, {1}], [{8, 4}, {7}, {5, 6}, {1, 3}, {2}], [{8, 4}, {7}, {5, 6}, {2, 3}, {1}], [{8, 4}, {7}, {5, 6}, {3}, {1, 2}], [{8, 4}, {7}, {5, 6}, {3}, {2}, {1}], [{8, 4}, {7}, {6}, {1, 5}, {2, 3}], [{8, 4}, {7}, {6}, {1, 5}, {3}, {2}], [{8, 4}, {7}, {6}, {2, 5}, {1, 3}], [{8, 4}, {7}, {6}, {2, 5}, {3}, {1}], [{8, 4}, {7}, {6}, {3, 5}, {1, 2}], [{8, 4}, {7}, {6}, {3, 5}, {2}, {1}], [{8, 4}, {7}, {6}, {5}, {1, 3}, {2}], [{8, 4}, {7}, {6}, {5}, {2, 3}, {1}], [{8, 4}, {7}, {6}, {5}, {3}, {1, 2}], [{8, 4}, {7}, {6}, {5}, {3}, {2}, {1}], [{8, 5}, {1, 7}, {2, 6}, {3, 4}], [{8, 5}, {1, 7}, {3, 6}, {2, 4}], [{8, 5}, {1, 7}, {4, 6}, {2, 3}], [{8, 5}, {2, 7}, {1, 6}, {3, 4}], [{8, 5}, {2, 7}, {3, 6}, {1, 4}], [{8, 5}, {2, 7}, {4, 6}, {1, 3}], [{8, 5}, {2, 7}, {4, 6}, {3}, {1}], [{8, 5}, {3, 7}, {1, 6}, {2, 4}], [{8, 5}, {3, 7}, {1, 6}, {4}, {2}], [{8, 5}, {3, 7}, {2, 6}, {1, 4}], [{8, 5}, {3, 7}, {2, 6}, {4}, {1}], [{8, 5}, {3, 7}, {4, 6}, {1, 2}], [{8, 5}, {3, 7}, {4, 6}, {2}, {1}], [{8, 5}, {3, 7}, {6}, {1, 4}, {2}], [{8, 5}, {3, 7}, {6}, {2, 4}, {1}], [{8, 5}, {3, 7}, {6}, {4}, {1, 2}], [{8, 5}, {3, 7}, {6}, {4}, {2}, {1}], [{8, 5}, {4, 7}, {1, 6}, {2, 3}], [{8, 5}, {4, 7}, {2, 6}, {1, 3}], [{8, 5}, {4, 7}, {2, 6}, {3}, {1}], [{8, 5}, {4, 7}, {3, 6}, {1, 2}], [{8, 5}, {6, 7}, {1, 4}, {2, 3}], [{8, 5}, {6, 7}, {1, 4}, {3}, {2}], [{8, 5}, {6, 7}, {2, 4}, {1, 3}], [{8, 5}, {6, 7}, {3, 4}, {1, 2}], [{8, 5}, {7}, {2, 6}, {3, 4}, {1}], [{8, 5}, {7}, {3, 6}, {1, 4}, {2}], [{8, 5}, {7}, {4, 6}, {2, 3}, {1}], [{8, 6}, {1, 7}, {2, 5}, {3, 4}], [{8, 6}, {1, 7}, {2, 5}, {4}, {3}], [{8, 6}, {1, 7}, {3, 5}, {2, 4}], [{8, 6}, {1, 7}, {4, 5}, {2, 3}], [{8, 6}, {1, 7}, {5}, {3, 4}, {2}], [{8, 6}, {2, 7}, {1, 5}, {3, 4}], [{8, 6}, {2, 7}, {1, 5}, {4}, {3}], [{8, 6}, {2, 7}, {3, 5}, {1, 4}], [{8, 6}, {2, 7}, {3, 5}, {4}, {1}], [{8, 6}, {2, 7}, {4, 5}, {1, 3}], [{8, 6}, {2, 7}, {4, 5}, {3}, {1}], [{8, 6}, {2, 7}, {5}, {1, 4}, {3}], [{8, 6}, {2, 7}, {5}, {3, 4}, {1}], [{8, 6}, {2, 7}, {5}, {4}, {1, 3}], [{8, 6}, {2, 7}, {5}, {4}, {3}, {1}], [{8, 6}, {3, 7}, {1, 5}, {2, 4}], [{8, 6}, {3, 7}, {2, 5}, {1, 4}], [{8, 6}, {3, 7}, {4, 5}, {1, 2}], [{8, 6}, {3, 7}, {4, 5}, {2}, {1}], [{8, 6}, {4, 7}, {1, 5}, {2, 3}], [{8, 6}, {4, 7}, {2, 5}, {1, 3}], [{8, 6}, {4, 7}, {3, 5}, {1, 2}], [{8, 6}, {5, 7}, {1, 4}, {2, 3}], [{8, 6}, {5, 7}, {2, 4}, {1, 3}], [{8, 6}, {5, 7}, {3, 4}, {1, 2}], [{8, 6}, {5, 7}, {3, 4}, {2}, {1}], [{8, 6}, {5, 7}, {4}, {3}, {1, 2}], [{8, 6}, {7}, {1, 5}, {3, 4}, {2}], [{8, 6}, {7}, {2, 5}, {3, 4}, {1}], [{8, 6}, {7}, {4, 5}, {2, 3}, {1}], [{8, 6}, {7}, {5}, {3, 4}, {1, 2}], [{8, 7}, {1, 6}, {2, 5}, {3, 4}], [{8, 7}, {1, 6}, {3, 5}, {2, 4}], [{8, 7}, {1, 6}, {4, 5}, {2, 3}], [{8, 7}, {2, 6}, {1, 5}, {3, 4}], [{8, 7}, {2, 6}, {1, 5}, {4}, {3}], [{8, 7}, {2, 6}, {3, 5}, {1, 4}], [{8, 7}, {2, 6}, {3, 5}, {4}, {1}], [{8, 7}, {2, 6}, {4, 5}, {1, 3}], [{8, 7}, {2, 6}, {4, 5}, {3}, {1}], [{8, 7}, {2, 6}, {5}, {1, 4}, {3}], [{8, 7}, {2, 6}, {5}, {3, 4}, {1}], [{8, 7}, {2, 6}, {5}, {4}, {1, 3}], [{8, 7}, {2, 6}, {5}, {4}, {3}, {1}], [{8, 7}, {3, 6}, {1, 5}, {2, 4}], [{8, 7}, {3, 6}, {1, 5}, {4}, {2}], [{8, 7}, {3, 6}, {2, 5}, {1, 4}], [{8, 7}, {3, 6}, {4, 5}, {1, 2}], [{8, 7}, {4, 6}, {1, 5}, {2, 3}], [{8, 7}, {4, 6}, {2, 5}, {1, 3}], [{8, 7}, {4, 6}, {3, 5}, {1, 2}], [{8, 7}, {5, 6}, {1, 4}, {2, 3}], [{8, 7}, {5, 6}, {2, 4}, {1, 3}], [{8, 7}, {5, 6}, {3, 4}, {1, 2}], [{8, 7}, {6}, {1, 5}, {4}, {2, 3}], [{8}, {1, 7}, {3, 6}, {2, 5}, {4}], [{8}, {1, 7}, {4, 6}, {2, 5}, {3}], [{8}, {1, 7}, {6}, {2, 5}, {3, 4}], [{8}, {2, 7}, {3, 6}, {1, 5}, {4}], [{8}, {2, 7}, {4, 6}, {1, 5}, {3}], [{8}, {2, 7}, {4, 6}, {3, 5}, {1}], [{8}, {2, 7}, {4, 6}, {5}, {1, 3}], [{8}, {2, 7}, {4, 6}, {5}, {3}, {1}], [{8}, {2, 7}, {6}, {1, 5}, {3, 4}], [{8}, {3, 7}, {1, 6}, {4, 5}, {2}], [{8}, {3, 7}, {2, 6}, {4, 5}, {1}], [{8}, {3, 7}, {6}, {4, 5}, {1, 2}], [{8}, {3, 7}, {6}, {4, 5}, {2}, {1}], [{8}, {4, 7}, {2, 6}, {1, 5}, {3}], [{8}, {4, 7}, {2, 6}, {3, 5}, {1}], [{8}, {4, 7}, {2, 6}, {5}, {1, 3}], [{8}, {4, 7}, {2, 6}, {5}, {3}, {1}], [{8}, {4, 7}, {3, 6}, {1, 5}, {2}], [{8}, {4, 7}, {6}, {1, 5}, {2, 3}], [{8}, {5, 7}, {1, 6}, {2, 4}, {3}], [{8}, {5, 7}, {1, 6}, {3, 4}, {2}], [{8}, {5, 7}, {1, 6}, {4}, {2, 3}], [{8}, {5, 7}, {2, 6}, {3, 4}, {1}], [{8}, {5, 7}, {3, 6}, {4}, {1, 2}], [{8}, {5, 7}, {4, 6}, {3}, {1, 2}], [{8}, {5, 7}, {6}, {3, 4}, {1, 2}], [{8}, {5, 7}, {6}, {3, 4}, {2}, {1}], [{8}, {7}, {3, 6}, {1, 5}, {2, 4}], [{8}, {7}, {3, 6}, {1, 5}, {4}, {2}]]",2,- 18 K_1^2 - 8 K_1 K_2 + 4 K_1 + 9 K_2 + 4 K_3 + 10,O1O2O3U4O5U3U6U5O7O6U1O4U8U2O8U7,O1O2O3U1O4U3U5U6O7U8O5O8U4O6U2U7,O1O2O3U4U2O5U6O7O8U7O4U5U8U1O6U3,c,{'O1O2O3U4O5U2U5O6U3O7O4U8U7U1O8U6'},1,"<a href=""/flatknot/8.1101943"">8.1101943</a>",t^9-30t^7-60t^6+84t^5+246t^4+9t^3-206t^2-64t+16,t^2-2t,,
8.1101944,O1O2O3U4O5U2U5O6U7O8O4U6U8U1O7U3,4,15z^2+84z+109,15w^3z^2+84w^2z+109w,False,False,"[[ 0  0 -1  2  0  1 -1 -1  0],[ 0  0  0  1  1  1 -2  0  0],[ 1  0  0  1  0  1 -1  2 -1],[-2 -1 -1  0 -1  0 -1 -2  0],[ 0 -1  0  1  0  1 -1  0 -1],[-1 -1 -1  0 -1  0  0 -1  0],[ 1  2  1  1  1  0  0  0  1],[ 1  0 -2  2  0  1  0  0  0],[ 0  0  1  0  1  0 -1  0  0]]","[[ 0  2  1  0  0  0 -1 -1 -1],[-2  0  0  0 -1 -1 -1 -1 -2],[-1  0  0  0 -1 -1  0 -1 -1],[ 0  0  0  0  1  0 -1  1  0],[ 0  1  1 -1  0 -1 -1  0  0],[ 0  1  1  0  1  0 -2  0  0],[ 1  1  0  1  1  2  0  1  0],[ 1  1  1 -1  0  0 -1  0  2],[ 1  2  1  0  0  0  0 -2  0]]",True,"[-2,-1,0,0,0,1,1,1,0,0,1,1,1,1,2,0,1,1,0,1,1,-1,0,1,-1,0,1,1,0,0,2,0,0,-1,0,-2]","[-2,-1,0,0,0,1,1,1,0,0,1,1,1,1,2,0,1,1,0,1,1,-1,0,1,-1,0,1,1,0,0,2,0,0,-1,0,-2]",t^8+26t^6+149t^4+96t^2+4,"[-1,-1,-1,0,0,0,1,2,-2,1,1,1,2,1,2,0,1,1,1,1,1,-1,0,0,2,2,-1,0,0,1,1,0,1,1,2,1]","[-2,-1,0,0,0,1,1,1,1,1,1,2,1,2,2,0,0,1,1,1,2,-1,-1,1,1,0,0,1,1,-1,1,2,0,-2,0,-1]","[-1,-1,-1,0,0,0,1,2,-2,0,0,0,0,1,2,-1,-1,0,0,1,1,1,1,2,0,1,1,0,0,0,-1,1,1,1,1,0]",c,"[[{8, 1}, {2, 7}, {3, 6}, {4, 5}], [{8, 1}, {2, 7}, {4, 6}, {3, 5}], [{8, 1}, {2, 7}, {5, 6}, {3, 4}], [{8, 1}, {3, 7}, {2, 6}, {4, 5}], [{8, 1}, {3, 7}, {4, 6}, {2, 5}], [{8, 1}, {3, 7}, {4, 6}, {5}, {2}], [{8, 1}, {3, 7}, {5, 6}, {2, 4}], [{8, 1}, {3, 7}, {6}, {2, 5}, {4}], [{8, 1}, {4, 7}, {2, 6}, {3, 5}], [{8, 1}, {4, 7}, {2, 6}, {5}, {3}], [{8, 1}, {4, 7}, {3, 6}, {2, 5}], [{8, 1}, {4, 7}, {3, 6}, {5}, {2}], [{8, 1}, {4, 7}, {5, 6}, {2, 3}], [{8, 1}, {4, 7}, {5, 6}, {3}, {2}], [{8, 1}, {4, 7}, {6}, {2, 5}, {3}], [{8, 1}, {4, 7}, {6}, {3, 5}, {2}], [{8, 1}, {4, 7}, {6}, {5}, {2, 3}], [{8, 1}, {4, 7}, {6}, {5}, {3}, {2}], [{8, 1}, {5, 7}, {2, 6}, {3, 4}], [{8, 1}, {5, 7}, {3, 6}, {2, 4}], [{8, 1}, {5, 7}, {4, 6}, {2, 3}], [{8, 1}, {6, 7}, {2, 5}, {3, 4}], [{8, 1}, {6, 7}, {2, 5}, {4}, {3}], [{8, 1}, {6, 7}, {3, 5}, {2, 4}], [{8, 1}, {6, 7}, {4, 5}, {2, 3}], [{8, 1}, {6, 7}, {5}, {3, 4}, {2}], [{8, 1}, {7}, {3, 6}, {2, 5}, {4}], [{8, 1}, {7}, {4, 6}, {2, 5}, {3}], [{8, 1}, {7}, {6}, {2, 5}, {3, 4}], [{8, 2}, {1, 7}, {3, 6}, {4, 5}], [{8, 2}, {1, 7}, {4, 6}, {3, 5}], [{8, 2}, {1, 7}, {5, 6}, {3, 4}], [{8, 2}, {1, 7}, {6}, {5}, {3, 4}], [{8, 2}, {3, 7}, {1, 6}, {4, 5}], [{8, 2}, {3, 7}, {4, 6}, {1, 5}], [{8, 2}, {3, 7}, {4, 6}, {5}, {1}], [{8, 2}, {3, 7}, {5, 6}, {1, 4}], [{8, 2}, {3, 7}, {6}, {1, 5}, {4}], [{8, 2}, {4, 7}, {1, 6}, {3, 5}], [{8, 2}, {4, 7}, {3, 6}, {1, 5}], [{8, 2}, {4, 7}, {3, 6}, {5}, {1}], [{8, 2}, {4, 7}, {5, 6}, {1, 3}], [{8, 2}, {4, 7}, {6}, {1, 5}, {3}], [{8, 2}, {5, 7}, {1, 6}, {3, 4}], [{8, 2}, {5, 7}, {3, 6}, {1, 4}], [{8, 2}, {5, 7}, {4, 6}, {1, 3}], [{8, 2}, {5, 7}, {6}, {1, 4}, {3}], [{8, 2}, {5, 7}, {6}, {3, 4}, {1}], [{8, 2}, {5, 7}, {6}, {4}, {1, 3}], [{8, 2}, {6, 7}, {1, 5}, {3, 4}], [{8, 2}, {6, 7}, {1, 5}, {4}, {3}], [{8, 2}, {6, 7}, {3, 5}, {1, 4}], [{8, 2}, {6, 7}, {3, 5}, {4}, {1}], [{8, 2}, {6, 7}, {4, 5}, {1, 3}], [{8, 2}, {6, 7}, {4, 5}, {3}, {1}], [{8, 2}, {6, 7}, {5}, {1, 4}, {3}], [{8, 2}, {6, 7}, {5}, {3, 4}, {1}], [{8, 2}, {6, 7}, {5}, {4}, {1, 3}], [{8, 2}, {6, 7}, {5}, {4}, {3}, {1}], [{8, 2}, {7}, {1, 6}, {5}, {3, 4}], [{8, 2}, {7}, {3, 6}, {1, 5}, {4}], [{8, 2}, {7}, {4, 6}, {1, 5}, {3}], [{8, 2}, {7}, {5, 6}, {1, 4}, {3}], [{8, 2}, {7}, {5, 6}, {3, 4}, {1}], [{8, 2}, {7}, {5, 6}, {4}, {1, 3}], [{8, 2}, {7}, {6}, {1, 5}, {3, 4}], [{8, 2}, {7}, {6}, {5}, {3, 4}, {1}], [{8, 3}, {1, 7}, {2, 6}, {4, 5}], [{8, 3}, {1, 7}, {4, 6}, {2, 5}], [{8, 3}, {1, 7}, {5, 6}, {2, 4}], [{8, 3}, {2, 7}, {1, 6}, {4, 5}], [{8, 3}, {2, 7}, {4, 6}, {1, 5}], [{8, 3}, {2, 7}, {5, 6}, {1, 4}], [{8, 3}, {2, 7}, {6}, {1, 5}, {4}], [{8, 3}, {4, 7}, {1, 6}, {2, 5}], [{8, 3}, {4, 7}, {2, 6}, {1, 5}], [{8, 3}, {4, 7}, {2, 6}, {5}, {1}], [{8, 3}, {4, 7}, {5, 6}, {1, 2}], [{8, 3}, {5, 7}, {1, 6}, {2, 4}], [{8, 3}, {5, 7}, {2, 6}, {1, 4}], [{8, 3}, {5, 7}, {4, 6}, {1, 2}], [{8, 3}, {5, 7}, {6}, {2, 4}, {1}], [{8, 3}, {6, 7}, {1, 5}, {2, 4}], [{8, 3}, {6, 7}, {2, 5}, {1, 4}], [{8, 3}, {6, 7}, {2, 5}, {4}, {1}], [{8, 3}, {6, 7}, {4, 5}, {1, 2}], [{8, 3}, {6, 7}, {5}, {1, 4}, {2}], [{8, 3}, {7}, {4, 6}, {5}, {1, 2}], [{8, 3}, {7}, {5, 6}, {4}, {1, 2}], [{8, 3}, {7}, {6}, {4, 5}, {1, 2}], [{8, 4}, {1, 7}, {2, 6}, {3, 5}], [{8, 4}, {1, 7}, {3, 6}, {2, 5}], [{8, 4}, {1, 7}, {5, 6}, {2, 3}], [{8, 4}, {2, 7}, {1, 6}, {3, 5}], [{8, 4}, {2, 7}, {3, 6}, {1, 5}], [{8, 4}, {2, 7}, {5, 6}, {1, 3}], [{8, 4}, {3, 7}, {1, 6}, {2, 5}], [{8, 4}, {3, 7}, {2, 6}, {1, 5}], [{8, 4}, {3, 7}, {5, 6}, {1, 2}], [{8, 4}, {3, 7}, {6}, {2, 5}, {1}], [{8, 4}, {5, 7}, {1, 6}, {2, 3}], [{8, 4}, {5, 7}, {2, 6}, {1, 3}], [{8, 4}, {5, 7}, {3, 6}, {1, 2}], [{8, 4}, {6, 7}, {1, 5}, {2, 3}], [{8, 4}, {6, 7}, {2, 5}, {1, 3}], [{8, 4}, {6, 7}, {2, 5}, {3}, {1}], [{8, 4}, {6, 7}, {3, 5}, {1, 2}], [{8, 4}, {7}, {3, 6}, {2, 5}, {1}], [{8, 5}, {1, 7}, {2, 6}, {3, 4}], [{8, 5}, {1, 7}, {3, 6}, {2, 4}], [{8, 5}, {1, 7}, {4, 6}, {2, 3}], [{8, 5}, {2, 7}, {1, 6}, {3, 4}], [{8, 5}, {2, 7}, {3, 6}, {1, 4}], [{8, 5}, {2, 7}, {4, 6}, {1, 3}], [{8, 5}, {2, 7}, {6}, {1, 4}, {3}], [{8, 5}, {3, 7}, {1, 6}, {2, 4}], [{8, 5}, {3, 7}, {2, 6}, {1, 4}], [{8, 5}, {3, 7}, {4, 6}, {1, 2}], [{8, 5}, {3, 7}, {4, 6}, {2}, {1}], [{8, 5}, {3, 7}, {6}, {4}, {1, 2}], [{8, 5}, {4, 7}, {1, 6}, {2, 3}], [{8, 5}, {4, 7}, {2, 6}, {1, 3}], [{8, 5}, {4, 7}, {3, 6}, {1, 2}], [{8, 5}, {4, 7}, {3, 6}, {2}, {1}], [{8, 5}, {4, 7}, {6}, {3}, {1, 2}], [{8, 5}, {6, 7}, {1, 4}, {2, 3}], [{8, 5}, {6, 7}, {1, 4}, {3}, {2}], [{8, 5}, {6, 7}, {2, 4}, {1, 3}], [{8, 5}, {6, 7}, {2, 4}, {3}, {1}], [{8, 5}, {6, 7}, {3, 4}, {1, 2}], [{8, 5}, {6, 7}, {3, 4}, {2}, {1}], [{8, 5}, {6, 7}, {4}, {1, 3}, {2}], [{8, 5}, {6, 7}, {4}, {2, 3}, {1}], [{8, 5}, {6, 7}, {4}, {3}, {1, 2}], [{8, 5}, {6, 7}, {4}, {3}, {2}, {1}], [{8, 5}, {7}, {2, 6}, {1, 4}, {3}], [{8, 5}, {7}, {3, 6}, {4}, {1, 2}], [{8, 5}, {7}, {4, 6}, {3}, {1, 2}], [{8, 5}, {7}, {6}, {3, 4}, {1, 2}], [{8, 6}, {1, 7}, {2, 5}, {3, 4}], [{8, 6}, {1, 7}, {3, 5}, {2, 4}], [{8, 6}, {1, 7}, {4, 5}, {2, 3}], [{8, 6}, {2, 7}, {1, 5}, {3, 4}], [{8, 6}, {2, 7}, {3, 5}, {1, 4}], [{8, 6}, {2, 7}, {4, 5}, {1, 3}], [{8, 6}, {3, 7}, {1, 5}, {2, 4}], [{8, 6}, {3, 7}, {2, 5}, {1, 4}], [{8, 6}, {3, 7}, {2, 5}, {4}, {1}], [{8, 6}, {3, 7}, {4, 5}, {1, 2}], [{8, 6}, {4, 7}, {1, 5}, {2, 3}], [{8, 6}, {4, 7}, {2, 5}, {1, 3}], [{8, 6}, {4, 7}, {3, 5}, {1, 2}], [{8, 6}, {5, 7}, {1, 4}, {2, 3}], [{8, 6}, {5, 7}, {2, 4}, {1, 3}], [{8, 6}, {5, 7}, {3, 4}, {1, 2}], [{8, 6}, {7}, {1, 5}, {2, 4}, {3}], [{8, 6}, {7}, {3, 5}, {2, 4}, {1}], [{8, 6}, {7}, {5}, {1, 4}, {2, 3}], [{8, 6}, {7}, {5}, {2, 4}, {1, 3}], [{8, 7}, {1, 6}, {2, 5}, {3, 4}], [{8, 7}, {1, 6}, {3, 5}, {2, 4}], [{8, 7}, {1, 6}, {4, 5}, {2, 3}], [{8, 7}, {2, 6}, {1, 5}, {3, 4}], [{8, 7}, {2, 6}, {1, 5}, {4}, {3}], [{8, 7}, {2, 6}, {3, 5}, {1, 4}], [{8, 7}, {2, 6}, {4, 5}, {1, 3}], [{8, 7}, {3, 6}, {1, 5}, {2, 4}], [{8, 7}, {3, 6}, {2, 5}, {1, 4}], [{8, 7}, {3, 6}, {2, 5}, {4}, {1}], [{8, 7}, {3, 6}, {4, 5}, {1, 2}], [{8, 7}, {3, 6}, {4, 5}, {2}, {1}], [{8, 7}, {3, 6}, {5}, {2, 4}, {1}], [{8, 7}, {4, 6}, {1, 5}, {2, 3}], [{8, 7}, {4, 6}, {2, 5}, {1, 3}], [{8, 7}, {4, 6}, {3, 5}, {1, 2}], [{8, 7}, {4, 6}, {5}, {3}, {1, 2}], [{8, 7}, {5, 6}, {1, 4}, {2, 3}], [{8, 7}, {5, 6}, {2, 4}, {1, 3}], [{8, 7}, {5, 6}, {3, 4}, {1, 2}], [{8, 7}, {5, 6}, {3, 4}, {2}, {1}], [{8, 7}, {6}, {5}, {1, 4}, {2, 3}], [{8}, {1, 7}, {3, 6}, {2, 5}, {4}], [{8}, {1, 7}, {4, 6}, {5}, {2, 3}], [{8}, {2, 7}, {4, 6}, {5}, {1, 3}], [{8}, {2, 7}, {5, 6}, {3, 4}, {1}], [{8}, {3, 7}, {1, 6}, {2, 5}, {4}], [{8}, {3, 7}, {2, 6}, {4, 5}, {1}], [{8}, {3, 7}, {4, 6}, {1, 5}, {2}], [{8}, {3, 7}, {4, 6}, {2, 5}, {1}], [{8}, {3, 7}, {4, 6}, {5}, {1, 2}], [{8}, {3, 7}, {4, 6}, {5}, {2}, {1}], [{8}, {3, 7}, {5, 6}, {2, 4}, {1}], [{8}, {3, 7}, {6}, {2, 5}, {1, 4}], [{8}, {3, 7}, {6}, {2, 5}, {4}, {1}], [{8}, {4, 7}, {2, 6}, {5}, {1, 3}], [{8}, {4, 7}, {3, 6}, {1, 5}, {2}], [{8}, {4, 7}, {3, 6}, {2, 5}, {1}], [{8}, {4, 7}, {3, 6}, {5}, {1, 2}], [{8}, {4, 7}, {5, 6}, {2, 3}, {1}], [{8}, {5, 7}, {4, 6}, {3}, {1, 2}], [{8}, {6, 7}, {1, 5}, {3, 4}, {2}], [{8}, {6, 7}, {2, 5}, {1, 4}, {3}], [{8}, {6, 7}, {2, 5}, {3, 4}, {1}], [{8}, {6, 7}, {2, 5}, {4}, {1, 3}], [{8}, {6, 7}, {2, 5}, {4}, {3}, {1}], [{8}, {6, 7}, {3, 5}, {1, 4}, {2}], [{8}, {6, 7}, {5}, {1, 4}, {2, 3}], [{8}, {6, 7}, {5}, {3, 4}, {1, 2}], [{8}, {7}, {1, 6}, {4, 5}, {2, 3}], [{8}, {7}, {3, 6}, {2, 5}, {1, 4}], [{8}, {7}, {3, 6}, {2, 5}, {4}, {1}], [{8}, {7}, {4, 6}, {3, 5}, {1, 2}], [{8}, {7}, {4, 6}, {5}, {3}, {1, 2}]]",2,- 14 K_1^2 - 4 K_1 K_2 + 2 K_1 + 7 K_2 + 2 K_3 + 8,O1O2O3U1O4U3U5U6O7O5U4O6U8U2O8U7,O1O2O3U4O5U3U6U5O7U8O6O8U1O4U2U7,O1O2O3U4U2O5U3O6O7U6O4U8U7U1O8U5,c,{'O1O2O3U4O5U2U5O6U7O8O4U6U8U1O7U3'},1,"<a href=""/flatknot/8.1101944"">8.1101944</a>",t^9-24t^7-38t^6+78t^5+184t^4+54t^3-36t^2-8t+6,-t^2+2t,,
8.1101945,O1O2O3U4O5U2U5O6U7O8O4U8U6U1O7U3,4,12z^2+97z+147,12w^3z^2+97w^2z+147w,False,False,"[[ 0  0 -1  2  0  1  0 -1 -1],[ 0  0  0  1  1  1 -1  0 -1],[ 1  0  0  1  0  1 -1  2 -1],[-2 -1 -1  0 -1  0  0 -2 -1],[ 0 -1  0  1  0  1 -1  0 -1],[-1 -1 -1  0 -1  0  0 -1  0],[ 0  1  1  0  1  0  0  0  0],[ 1  0 -2  2  0  1  0  0 -1],[ 1  1  1  1  1  0  0  1  0]]","[[ 0  2  1  0  0  0 -1 -1 -1],[-2  0  0  0 -1 -1 -1 -1 -2],[-1  0  0  0 -1 -1  0 -1 -1],[ 0  0  0  0  1  1  0  1  0],[ 0  1  1 -1  0  1 -1  0  0],[ 0  1  1 -1 -1  0 -1  0  0],[ 1  1  0  0  1  1  0  1  1],[ 1  1  1 -1  0  0 -1  0  2],[ 1  2  1  0  0  0 -1 -2  0]]",True,"[-2,-1,0,0,0,1,1,1,0,0,1,1,1,1,2,0,1,1,0,1,1,-1,-1,0,-1,0,-1,1,0,0,1,0,0,-1,-1,-2]","[-2,-1,0,0,0,1,1,1,0,0,1,1,1,1,2,0,1,1,0,1,1,-1,-1,0,-1,0,-1,1,0,0,1,0,0,-1,-1,-2]",t^8+24t^6+86t^4+38t^2+1,"[-1,-1,-1,0,0,0,1,2,-2,1,1,1,2,1,2,1,1,1,1,1,1,0,0,1,2,2,-1,1,0,1,1,0,1,1,2,1]","[-2,-1,0,0,0,1,1,1,1,1,1,2,1,2,2,0,0,1,1,1,2,-1,-1,1,1,0,-1,1,1,0,1,2,1,-2,-1,-1]","[-1,-1,-1,0,0,0,1,2,-2,-1,0,0,0,1,2,-1,-1,0,0,1,1,0,1,1,0,1,1,1,0,0,-1,1,1,1,1,0]",c,"[[{8, 3}, {1, 7}, {5, 6}, {2, 4}], [{8, 3}, {2, 7}, {5, 6}, {1, 4}]]",1,- 30 K_1^2 - 12 K_1 K_2 + 6 K_1 + 15 K_2 + 6 K_3 + 16,O1O2O3U1O4U3U5U6O7O6U4O5U8U2O8U7,O1O2O3U4O5U3U6U5O7U8O6O8U2O4U1U7,O1O2O3U4U3O5U2O6O7U6O4U8U7U1O8U5,c,{'O1O2O3U4O5U2U5O6U7O8O4U8U6U1O7U3'},1,"<a href=""/flatknot/8.1101945"">8.1101945</a>",t^9-22t^7-42t^6+29t^5+148t^4+163t^3+38t^2-33t-6,-t^2+2t,,
8.1101946,O1O2O3U4O5U2U6O7U3O6O4U1U8U5O8U7,4,z^3+20z^2+102z+133,w^4z^3+20w^3z^2+102w^2z+133w,False,False,"[[ 0 -2 -1  1  0  2  0  1 -1],[ 2  0  0  3  0  2  1  1  1],[ 1  0  0  1  0  1  0  1  0],[-1 -3 -1  0  0 -1 -1  0 -2],[ 0  0  0  0  0  2  0  1  0],[-2 -2 -1  1 -2  0 -2 -1 -2],[ 0 -1  0  1  0  2  0  1 -1],[-1 -1 -1  0 -1  1 -1  0 -1],[ 1 -1  0  2  0  2  1  1  0]]","[[ 0  2  1  1  0  0 -1 -1 -2],[-2  0  1 -1 -2 -2 -1 -2 -2],[-1 -1  0  0  0 -1 -1 -2 -3],[-1  1  0  0 -1 -1 -1 -1 -1],[ 0  2  0  1  0  0  0  0  0],[ 0  2  1  1  0  0  0 -1 -1],[ 1  1  1  1  0  0  0  0  0],[ 1  2  2  1  0  1  0  0 -1],[ 2  2  3  1  0  1  0  1  0]]",True,"[-2,-1,-1,0,0,1,1,2,-1,1,2,2,1,2,2,0,0,1,1,2,3,1,1,1,1,1,0,0,0,0,0,1,1,0,0,1]","[-2,-1,-1,0,0,1,1,2,-1,1,2,2,1,2,2,0,0,1,1,2,3,1,1,1,1,1,0,0,0,0,0,1,1,0,0,1]",t^8+42t^6+205t^4+100t^2+4,"[-2,-1,-1,0,0,1,1,2,0,1,1,2,0,2,2,0,0,1,0,1,1,1,1,1,1,2,0,0,0,0,1,0,0,0,2,0]","[-2,-1,-1,0,0,1,1,2,0,2,0,0,1,2,2,0,0,0,1,1,2,0,1,0,1,0,0,0,1,1,1,1,2,0,0,1]","[-2,-1,-1,0,0,1,1,2,0,1,0,1,1,3,2,0,0,0,1,1,1,0,1,1,2,2,0,1,0,2,1,1,2,0,1,-1]",c,"[[{8, 1}, {2, 7}, {3, 6}, {4, 5}], [{8, 1}, {2, 7}, {4, 6}, {3, 5}], [{8, 1}, {2, 7}, {5, 6}, {3, 4}], [{8, 1}, {3, 7}, {2, 6}, {4, 5}], [{8, 1}, {3, 7}, {4, 6}, {2, 5}], [{8, 1}, {3, 7}, {5, 6}, {2, 4}], [{8, 1}, {3, 7}, {6}, {2, 5}, {4}], [{8, 1}, {4, 7}, {2, 6}, {3, 5}], [{8, 1}, {4, 7}, {3, 6}, {2, 5}], [{8, 1}, {4, 7}, {5, 6}, {2, 3}], [{8, 1}, {5, 7}, {2, 6}, {3, 4}], [{8, 1}, {5, 7}, {3, 6}, {2, 4}], [{8, 1}, {5, 7}, {4, 6}, {2, 3}], [{8, 1}, {6, 7}, {2, 5}, {3, 4}], [{8, 1}, {6, 7}, {3, 5}, {2, 4}], [{8, 1}, {6, 7}, {4, 5}, {2, 3}], [{8, 1}, {6, 7}, {5}, {4}, {2, 3}], [{8, 1}, {7}, {4, 6}, {2, 5}, {3}], [{8, 1}, {7}, {5, 6}, {3, 4}, {2}], [{8, 2}, {1, 7}, {3, 6}, {4, 5}], [{8, 2}, {1, 7}, {4, 6}, {3, 5}], [{8, 2}, {1, 7}, {5, 6}, {3, 4}], [{8, 2}, {1, 7}, {6}, {4, 5}, {3}], [{8, 2}, {3, 7}, {1, 6}, {4, 5}], [{8, 2}, {3, 7}, {4, 6}, {1, 5}], [{8, 2}, {3, 7}, {4, 6}, {5}, {1}], [{8, 2}, {3, 7}, {5, 6}, {1, 4}], [{8, 2}, {3, 7}, {5, 6}, {4}, {1}], [{8, 2}, {3, 7}, {6}, {4, 5}, {1}], [{8, 2}, {4, 7}, {1, 6}, {3, 5}], [{8, 2}, {4, 7}, {3, 6}, {1, 5}], [{8, 2}, {4, 7}, {5, 6}, {1, 3}], [{8, 2}, {5, 7}, {1, 6}, {3, 4}], [{8, 2}, {5, 7}, {3, 6}, {1, 4}], [{8, 2}, {5, 7}, {4, 6}, {1, 3}], [{8, 2}, {6, 7}, {1, 5}, {3, 4}], [{8, 2}, {6, 7}, {3, 5}, {1, 4}], [{8, 2}, {6, 7}, {4, 5}, {1, 3}], [{8, 2}, {6, 7}, {5}, {1, 4}, {3}], [{8, 2}, {7}, {6}, {4, 5}, {1, 3}], [{8, 3}, {1, 7}, {2, 6}, {4, 5}], [{8, 3}, {1, 7}, {4, 6}, {2, 5}], [{8, 3}, {1, 7}, {5, 6}, {2, 4}], [{8, 3}, {1, 7}, {6}, {2, 5}, {4}], [{8, 3}, {2, 7}, {1, 6}, {4, 5}], [{8, 3}, {2, 7}, {4, 6}, {1, 5}], [{8, 3}, {2, 7}, {5, 6}, {1, 4}], [{8, 3}, {2, 7}, {6}, {1, 5}, {4}], [{8, 3}, {4, 7}, {1, 6}, {2, 5}], [{8, 3}, {4, 7}, {2, 6}, {1, 5}], [{8, 3}, {4, 7}, {5, 6}, {1, 2}], [{8, 3}, {5, 7}, {1, 6}, {2, 4}], [{8, 3}, {5, 7}, {2, 6}, {1, 4}], [{8, 3}, {5, 7}, {4, 6}, {1, 2}], [{8, 3}, {5, 7}, {6}, {4}, {1, 2}], [{8, 3}, {6, 7}, {1, 5}, {2, 4}], [{8, 3}, {6, 7}, {2, 5}, {1, 4}], [{8, 3}, {6, 7}, {2, 5}, {4}, {1}], [{8, 3}, {6, 7}, {4, 5}, {1, 2}], [{8, 3}, {7}, {1, 6}, {2, 5}, {4}], [{8, 4}, {1, 7}, {2, 6}, {3, 5}], [{8, 4}, {1, 7}, {3, 6}, {2, 5}], [{8, 4}, {1, 7}, {5, 6}, {2, 3}], [{8, 4}, {1, 7}, {6}, {2, 5}, {3}], [{8, 4}, {2, 7}, {1, 6}, {3, 5}], [{8, 4}, {2, 7}, {3, 6}, {1, 5}], [{8, 4}, {2, 7}, {5, 6}, {1, 3}], [{8, 4}, {3, 7}, {1, 6}, {2, 5}], [{8, 4}, {3, 7}, {2, 6}, {1, 5}], [{8, 4}, {3, 7}, {5, 6}, {1, 2}], [{8, 4}, {3, 7}, {6}, {1, 5}, {2}], [{8, 4}, {3, 7}, {6}, {2, 5}, {1}], [{8, 4}, {3, 7}, {6}, {5}, {1, 2}], [{8, 4}, {5, 7}, {1, 6}, {2, 3}], [{8, 4}, {5, 7}, {2, 6}, {1, 3}], [{8, 4}, {5, 7}, {3, 6}, {1, 2}], [{8, 4}, {6, 7}, {1, 5}, {2, 3}], [{8, 4}, {6, 7}, {2, 5}, {1, 3}], [{8, 4}, {6, 7}, {2, 5}, {3}, {1}], [{8, 4}, {6, 7}, {3, 5}, {1, 2}], [{8, 4}, {7}, {1, 6}, {2, 5}, {3}], [{8, 4}, {7}, {3, 6}, {2, 5}, {1}], [{8, 4}, {7}, {6}, {2, 5}, {1, 3}], [{8, 4}, {7}, {6}, {2, 5}, {3}, {1}], [{8, 5}, {1, 7}, {2, 6}, {3, 4}], [{8, 5}, {1, 7}, {3, 6}, {2, 4}], [{8, 5}, {1, 7}, {3, 6}, {4}, {2}], [{8, 5}, {1, 7}, {4, 6}, {2, 3}], [{8, 5}, {2, 7}, {1, 6}, {3, 4}], [{8, 5}, {2, 7}, {3, 6}, {1, 4}], [{8, 5}, {2, 7}, {4, 6}, {1, 3}], [{8, 5}, {3, 7}, {1, 6}, {2, 4}], [{8, 5}, {3, 7}, {2, 6}, {1, 4}], [{8, 5}, {3, 7}, {4, 6}, {1, 2}], [{8, 5}, {3, 7}, {4, 6}, {2}, {1}], [{8, 5}, {4, 7}, {1, 6}, {2, 3}], [{8, 5}, {4, 7}, {2, 6}, {1, 3}], [{8, 5}, {4, 7}, {3, 6}, {1, 2}], [{8, 5}, {6, 7}, {1, 4}, {2, 3}], [{8, 5}, {6, 7}, {2, 4}, {1, 3}], [{8, 5}, {6, 7}, {2, 4}, {3}, {1}], [{8, 5}, {6, 7}, {3, 4}, {1, 2}], [{8, 5}, {6, 7}, {4}, {1, 3}, {2}], [{8, 6}, {1, 7}, {2, 5}, {3, 4}], [{8, 6}, {1, 7}, {3, 5}, {2, 4}], [{8, 6}, {1, 7}, {4, 5}, {2, 3}], [{8, 6}, {1, 7}, {5}, {3, 4}, {2}], [{8, 6}, {2, 7}, {1, 5}, {3, 4}], [{8, 6}, {2, 7}, {3, 5}, {1, 4}], [{8, 6}, {2, 7}, {4, 5}, {1, 3}], [{8, 6}, {3, 7}, {1, 5}, {2, 4}], [{8, 6}, {3, 7}, {2, 5}, {1, 4}], [{8, 6}, {3, 7}, {2, 5}, {4}, {1}], [{8, 6}, {3, 7}, {4, 5}, {1, 2}], [{8, 6}, {4, 7}, {1, 5}, {2, 3}], [{8, 6}, {4, 7}, {2, 5}, {1, 3}], [{8, 6}, {4, 7}, {3, 5}, {1, 2}], [{8, 6}, {5, 7}, {1, 4}, {2, 3}], [{8, 6}, {5, 7}, {2, 4}, {1, 3}], [{8, 6}, {5, 7}, {3, 4}, {1, 2}], [{8, 6}, {5, 7}, {4}, {1, 3}, {2}], [{8, 6}, {7}, {2, 5}, {1, 4}, {3}], [{8, 7}, {1, 6}, {2, 5}, {3, 4}], [{8, 7}, {1, 6}, {2, 5}, {4}, {3}], [{8, 7}, {1, 6}, {3, 5}, {2, 4}], [{8, 7}, {1, 6}, {4, 5}, {2, 3}], [{8, 7}, {2, 6}, {1, 5}, {3, 4}], [{8, 7}, {2, 6}, {1, 5}, {4}, {3}], [{8, 7}, {2, 6}, {3, 5}, {1, 4}], [{8, 7}, {2, 6}, {4, 5}, {1, 3}], [{8, 7}, {2, 6}, {5}, {3, 4}, {1}], [{8, 7}, {3, 6}, {1, 5}, {2, 4}], [{8, 7}, {3, 6}, {1, 5}, {4}, {2}], [{8, 7}, {3, 6}, {2, 5}, {1, 4}], [{8, 7}, {3, 6}, {4, 5}, {1, 2}], [{8, 7}, {3, 6}, {4, 5}, {2}, {1}], [{8, 7}, {3, 6}, {5}, {1, 4}, {2}], [{8, 7}, {4, 6}, {1, 5}, {2, 3}], [{8, 7}, {4, 6}, {2, 5}, {1, 3}], [{8, 7}, {4, 6}, {3, 5}, {1, 2}], [{8, 7}, {4, 6}, {5}, {3}, {1, 2}], [{8, 7}, {5, 6}, {1, 4}, {2, 3}], [{8, 7}, {5, 6}, {2, 4}, {1, 3}], [{8, 7}, {5, 6}, {3, 4}, {1, 2}], [{8, 7}, {5, 6}, {4}, {1, 3}, {2}], [{8, 7}, {6}, {1, 5}, {4}, {2, 3}], [{8}, {1, 7}, {6}, {2, 5}, {3, 4}], [{8}, {2, 7}, {1, 6}, {3, 5}, {4}], [{8}, {2, 7}, {1, 6}, {4, 5}, {3}], [{8}, {2, 7}, {1, 6}, {5}, {3, 4}], [{8}, {2, 7}, {5, 6}, {1, 4}, {3}], [{8}, {3, 7}, {1, 6}, {2, 5}, {4}], [{8}, {3, 7}, {1, 6}, {4, 5}, {2}], [{8}, {3, 7}, {1, 6}, {5}, {2, 4}], [{8}, {3, 7}, {4, 6}, {2, 5}, {1}], [{8}, {3, 7}, {6}, {2, 5}, {1, 4}], [{8}, {4, 7}, {1, 6}, {2, 5}, {3}], [{8}, {4, 7}, {1, 6}, {3, 5}, {2}], [{8}, {4, 7}, {1, 6}, {5}, {2, 3}], [{8}, {4, 7}, {5, 6}, {3}, {1, 2}], [{8}, {5, 7}, {1, 6}, {2, 4}, {3}], [{8}, {5, 7}, {1, 6}, {3, 4}, {2}], [{8}, {5, 7}, {1, 6}, {4}, {2, 3}], [{8}, {6, 7}, {2, 5}, {3, 4}, {1}], [{8}, {7}, {1, 6}, {2, 5}, {3, 4}], [{8}, {7}, {1, 6}, {2, 5}, {4}, {3}], [{8}, {7}, {1, 6}, {3, 5}, {2, 4}], [{8}, {7}, {1, 6}, {4, 5}, {2, 3}]]",2,16 K_1^3 - 20 K_1^2 - 12 K_1 K_2 - 6 K_1 + 10 K_2 + 2 K_3 + 11,O1O2O3U4O5U6U5U3O7O8U1O4U8U2O6U7,O1O2O3U2O4U1U5U6O7U3O5O8U4O6U8U7,O1O2O3U4U5O6U7O5O8U1O4U6U8U3O7U2,c,{'O1O2O3U4O5U2U6O7U3O6O4U1U8U5O8U7'},1,"<a href=""/flatknot/8.1101946"">8.1101946</a>",t^9-42t^7-94t^6+99t^5+328t^4+95t^3-172t^2-103t-12,0,,
8.1101947,O1O2O3U4O5U2U6O7U3O6O4U1U8U7O8U5,4,2z^3+26z^2+105z+123,2w^4z^3+26w^3z^2+105w^2z+123w,False,False,"[[ 0 -2 -1  1  0  2  0  1 -1],[ 2  0  0  3  0  3  1  0  1],[ 1  0  0  1  0  1  0  0  1],[-1 -3 -1  0  0  0 -1 -1 -2],[ 0  0  0  0  0  1  0  2  0],[-2 -3 -1  0 -1  0 -1  0 -3],[ 0 -1  0  1  0  1  0  1  0],[-1  0  0  1 -2  0 -1  0 -1],[ 1 -1 -1  2  0  3  0  1  0]]","[[ 0  2  1  1  0  0 -1 -1 -2],[-2  0  0  0 -1 -1 -1 -3 -3],[-1  0  0  1 -1 -2  0 -1  0],[-1  0 -1  0 -1  0 -1 -2 -3],[ 0  1  1  1  0  0  0  0 -1],[ 0  1  2  0  0  0  0  0  0],[ 1  1  0  1  0  0  0  1  0],[ 1  3  1  2  0  0 -1  0 -1],[ 2  3  0  3  1  0  0  1  0]]",True,"[-2,-1,-1,0,0,1,1,2,0,0,1,1,1,3,3,-1,1,2,0,1,0,1,0,1,2,3,0,0,0,1,0,0,0,-1,0,1]","[-2,-1,-1,0,0,1,1,2,0,0,1,1,1,3,3,-1,1,2,0,1,0,1,0,1,2,3,0,0,0,1,0,0,0,-1,0,1]",t^8+46t^6+269t^4+163t^2+4,"[-2,-1,-1,0,0,1,1,2,0,1,1,2,0,3,1,1,1,1,0,1,0,1,1,1,2,2,0,0,0,1,1,-1,1,1,1,1]","[-2,-1,-1,0,0,1,1,2,1,1,1,1,0,2,1,-1,0,1,0,1,0,0,-1,1,2,3,0,1,1,1,1,1,2,-1,0,1]","[-2,-1,-1,0,0,1,1,2,0,1,0,1,0,3,3,1,0,0,0,1,1,0,0,1,2,3,0,2,0,1,1,1,1,1,0,0]",c,"[[{8, 5}, {1, 7}, {2, 6}, {3, 4}]]",1,4 K_1^3 - 24 K_1^2 - 4 K_1 K_2 - K_1 + 12 K_2 + K_3 + 13,O1O2O3U4O5U6U5U3O7O8U1O6U8U2O4U7,O1O2O3U2O4U1U5U6O7U4O5O8U3O6U8U7,O1O2O3U4U5O6U1O5O7U8O4U6U7U3O8U2,c,{'O1O2O3U4O5U2U6O7U3O6O4U1U8U7O8U5'},1,"<a href=""/flatknot/8.1101947"">8.1101947</a>",t^9-46t^7-62t^6+249t^5+246t^4-235t^3-100t^2+36t-4,0,,
8.1101948,O1O2O3U4O5U2U6O7U3O6O4U7U8U1O8U5,3,10z^2+55z+71,10w^3z^2+55w^2z+71w,False,False,"[[ 0  0 -1  1  0  2  0 -1 -1],[ 0  0  0  2 -1  1  0 -1  0],[ 1  0  0  1  0  1  0  0  1],[-1 -2 -1  0  0  0 -1 -1 -1],[ 0  1  0  0  0  1  0  0 -1],[-2 -1 -1  0 -1  0 -1 -1 -2],[ 0  0  0  1  0  1  0 -1 -1],[ 1  1  0  1  0  1  1  0  1],[ 1  0 -1  1  1  2  1 -1  0]]","[[ 0  2  1  0  0  0 -1 -1 -1],[-2  0  0 -1 -1 -1 -1 -1 -2],[-1  0  0  0 -1 -2 -1 -1 -1],[ 0  1  0  0  0  1  0  0 -1],[ 0  1  1  0  0  0  0 -1 -1],[ 0  1  2 -1  0  0  0 -1  0],[ 1  1  1  0  0  0  0  0  1],[ 1  1  1  0  1  1  0  0  1],[ 1  2  1  1  1  0 -1 -1  0]]",True,"[-2,-1,0,0,0,1,1,1,0,1,1,1,1,1,2,0,1,2,1,1,1,0,-1,0,0,1,0,0,1,1,0,1,0,0,-1,-1]","[-2,-1,0,0,0,1,1,1,0,1,1,1,1,1,2,0,1,2,1,1,1,0,-1,0,0,1,0,0,1,1,0,1,0,0,-1,-1]",t^8+24t^6+95t^4+47t^2,"[-1,-1,-1,0,0,0,1,2,-1,0,0,0,1,1,2,1,0,1,0,1,1,1,1,1,1,2,0,0,0,1,1,-1,1,1,1,1]","[-2,-1,0,0,0,1,1,1,1,1,1,1,1,2,2,-1,0,1,1,1,1,0,-1,1,0,1,0,0,0,1,0,1,1,-1,-1,0]","[-1,-1,-1,0,0,0,1,2,-1,-1,0,1,1,1,2,0,0,0,0,1,1,1,0,1,1,1,-1,0,2,1,0,0,1,1,1,0]",c,"[[{8, 1}, {2, 7}, {3, 6}, {4, 5}], [{8, 1}, {2, 7}, {4, 6}, {3, 5}], [{8, 1}, {2, 7}, {5, 6}, {3, 4}], [{8, 1}, {3, 7}, {2, 6}, {4, 5}], [{8, 1}, {3, 7}, {2, 6}, {5}, {4}], [{8, 1}, {3, 7}, {4, 6}, {2, 5}], [{8, 1}, {3, 7}, {5, 6}, {2, 4}], [{8, 1}, {3, 7}, {5, 6}, {4}, {2}], [{8, 1}, {3, 7}, {6}, {2, 5}, {4}], [{8, 1}, {4, 7}, {2, 6}, {3, 5}], [{8, 1}, {4, 7}, {2, 6}, {5}, {3}], [{8, 1}, {4, 7}, {3, 6}, {2, 5}], [{8, 1}, {4, 7}, {5, 6}, {2, 3}], [{8, 1}, {4, 7}, {5, 6}, {3}, {2}], [{8, 1}, {4, 7}, {6}, {2, 5}, {3}], [{8, 1}, {5, 7}, {2, 6}, {3, 4}], [{8, 1}, {5, 7}, {3, 6}, {2, 4}], [{8, 1}, {5, 7}, {4, 6}, {2, 3}], [{8, 1}, {6, 7}, {2, 5}, {3, 4}], [{8, 1}, {6, 7}, {2, 5}, {4}, {3}], [{8, 1}, {6, 7}, {3, 5}, {2, 4}], [{8, 1}, {6, 7}, {3, 5}, {4}, {2}], [{8, 1}, {6, 7}, {4, 5}, {2, 3}], [{8, 1}, {6, 7}, {5}, {4}, {2, 3}], [{8, 1}, {7}, {2, 6}, {5}, {3, 4}], [{8, 1}, {7}, {3, 6}, {2, 5}, {4}], [{8, 1}, {7}, {3, 6}, {4, 5}, {2}], [{8, 1}, {7}, {3, 6}, {5}, {2, 4}], [{8, 1}, {7}, {4, 6}, {2, 5}, {3}], [{8, 1}, {7}, {5, 6}, {3, 4}, {2}], [{8, 1}, {7}, {6}, {2, 5}, {3, 4}], [{8, 1}, {7}, {6}, {2, 5}, {4}, {3}], [{8, 2}, {1, 7}, {3, 6}, {4, 5}], [{8, 2}, {1, 7}, {3, 6}, {5}, {4}], [{8, 2}, {1, 7}, {4, 6}, {3, 5}], [{8, 2}, {1, 7}, {5, 6}, {3, 4}], [{8, 2}, {1, 7}, {6}, {4, 5}, {3}], [{8, 2}, {3, 7}, {1, 6}, {4, 5}], [{8, 2}, {3, 7}, {1, 6}, {5}, {4}], [{8, 2}, {3, 7}, {4, 6}, {1, 5}], [{8, 2}, {3, 7}, {4, 6}, {5}, {1}], [{8, 2}, {3, 7}, {5, 6}, {1, 4}], [{8, 2}, {3, 7}, {5, 6}, {4}, {1}], [{8, 2}, {3, 7}, {6}, {1, 5}, {4}], [{8, 2}, {3, 7}, {6}, {4, 5}, {1}], [{8, 2}, {3, 7}, {6}, {5}, {1, 4}], [{8, 2}, {3, 7}, {6}, {5}, {4}, {1}], [{8, 2}, {4, 7}, {1, 6}, {3, 5}], [{8, 2}, {4, 7}, {1, 6}, {5}, {3}], [{8, 2}, {4, 7}, {3, 6}, {1, 5}], [{8, 2}, {4, 7}, {5, 6}, {1, 3}], [{8, 2}, {4, 7}, {5, 6}, {3}, {1}], [{8, 2}, {4, 7}, {6}, {1, 5}, {3}], [{8, 2}, {5, 7}, {1, 6}, {3, 4}], [{8, 2}, {5, 7}, {1, 6}, {4}, {3}], [{8, 2}, {5, 7}, {3, 6}, {1, 4}], [{8, 2}, {5, 7}, {4, 6}, {1, 3}], [{8, 2}, {6, 7}, {1, 5}, {3, 4}], [{8, 2}, {6, 7}, {3, 5}, {1, 4}], [{8, 2}, {6, 7}, {4, 5}, {1, 3}], [{8, 2}, {6, 7}, {4, 5}, {3}, {1}], [{8, 2}, {6, 7}, {5}, {4}, {1, 3}], [{8, 2}, {7}, {1, 6}, {3, 5}, {4}], [{8, 2}, {7}, {1, 6}, {4, 5}, {3}], [{8, 2}, {7}, {1, 6}, {5}, {3, 4}], [{8, 2}, {7}, {1, 6}, {5}, {4}, {3}], [{8, 2}, {7}, {3, 6}, {4, 5}, {1}], [{8, 2}, {7}, {5, 6}, {3, 4}, {1}], [{8, 2}, {7}, {6}, {1, 5}, {3, 4}], [{8, 2}, {7}, {6}, {4, 5}, {1, 3}], [{8, 3}, {1, 7}, {2, 6}, {4, 5}], [{8, 3}, {1, 7}, {4, 6}, {2, 5}], [{8, 3}, {1, 7}, {5, 6}, {2, 4}], [{8, 3}, {1, 7}, {6}, {2, 5}, {4}], [{8, 3}, {2, 7}, {1, 6}, {4, 5}], [{8, 3}, {2, 7}, {1, 6}, {5}, {4}], [{8, 3}, {2, 7}, {4, 6}, {1, 5}], [{8, 3}, {2, 7}, {4, 6}, {5}, {1}], [{8, 3}, {2, 7}, {5, 6}, {1, 4}], [{8, 3}, {2, 7}, {5, 6}, {4}, {1}], [{8, 3}, {2, 7}, {6}, {1, 5}, {4}], [{8, 3}, {2, 7}, {6}, {4, 5}, {1}], [{8, 3}, {2, 7}, {6}, {5}, {1, 4}], [{8, 3}, {2, 7}, {6}, {5}, {4}, {1}], [{8, 3}, {4, 7}, {1, 6}, {2, 5}], [{8, 3}, {4, 7}, {2, 6}, {1, 5}], [{8, 3}, {4, 7}, {5, 6}, {1, 2}], [{8, 3}, {4, 7}, {6}, {2, 5}, {1}], [{8, 3}, {5, 7}, {1, 6}, {2, 4}], [{8, 3}, {5, 7}, {1, 6}, {4}, {2}], [{8, 3}, {5, 7}, {2, 6}, {1, 4}], [{8, 3}, {5, 7}, {2, 6}, {4}, {1}], [{8, 3}, {5, 7}, {4, 6}, {1, 2}], [{8, 3}, {5, 7}, {4, 6}, {2}, {1}], [{8, 3}, {5, 7}, {6}, {1, 4}, {2}], [{8, 3}, {5, 7}, {6}, {2, 4}, {1}], [{8, 3}, {5, 7}, {6}, {4}, {1, 2}], [{8, 3}, {5, 7}, {6}, {4}, {2}, {1}], [{8, 3}, {6, 7}, {1, 5}, {2, 4}], [{8, 3}, {6, 7}, {2, 5}, {1, 4}], [{8, 3}, {6, 7}, {2, 5}, {4}, {1}], [{8, 3}, {6, 7}, {4, 5}, {1, 2}], [{8, 3}, {7}, {1, 6}, {2, 5}, {4}], [{8, 3}, {7}, {4, 6}, {2, 5}, {1}], [{8, 3}, {7}, {6}, {2, 5}, {1, 4}], [{8, 3}, {7}, {6}, {2, 5}, {4}, {1}], [{8, 4}, {1, 7}, {2, 6}, {3, 5}], [{8, 4}, {1, 7}, {3, 6}, {2, 5}], [{8, 4}, {1, 7}, {3, 6}, {5}, {2}], [{8, 4}, {1, 7}, {5, 6}, {2, 3}], [{8, 4}, {1, 7}, {6}, {2, 5}, {3}], [{8, 4}, {2, 7}, {1, 6}, {3, 5}], [{8, 4}, {2, 7}, {3, 6}, {1, 5}], [{8, 4}, {2, 7}, {5, 6}, {1, 3}], [{8, 4}, {2, 7}, {5, 6}, {3}, {1}], [{8, 4}, {3, 7}, {1, 6}, {2, 5}], [{8, 4}, {3, 7}, {1, 6}, {5}, {2}], [{8, 4}, {3, 7}, {2, 6}, {1, 5}], [{8, 4}, {3, 7}, {5, 6}, {1, 2}], [{8, 4}, {3, 7}, {6}, {2, 5}, {1}], [{8, 4}, {5, 7}, {1, 6}, {2, 3}], [{8, 4}, {5, 7}, {2, 6}, {1, 3}], [{8, 4}, {5, 7}, {2, 6}, {3}, {1}], [{8, 4}, {5, 7}, {3, 6}, {1, 2}], [{8, 4}, {6, 7}, {1, 5}, {2, 3}], [{8, 4}, {6, 7}, {1, 5}, {3}, {2}], [{8, 4}, {6, 7}, {2, 5}, {1, 3}], [{8, 4}, {6, 7}, {2, 5}, {3}, {1}], [{8, 4}, {6, 7}, {3, 5}, {1, 2}], [{8, 4}, {6, 7}, {3, 5}, {2}, {1}], [{8, 4}, {6, 7}, {5}, {1, 3}, {2}], [{8, 4}, {6, 7}, {5}, {2, 3}, {1}], [{8, 4}, {6, 7}, {5}, {3}, {1, 2}], [{8, 4}, {6, 7}, {5}, {3}, {2}, {1}], [{8, 4}, {7}, {1, 6}, {2, 5}, {3}], [{8, 4}, {7}, {3, 6}, {2, 5}, {1}], [{8, 4}, {7}, {6}, {2, 5}, {1, 3}], [{8, 4}, {7}, {6}, {2, 5}, {3}, {1}], [{8, 5}, {1, 7}, {2, 6}, {3, 4}], [{8, 5}, {1, 7}, {3, 6}, {2, 4}], [{8, 5}, {1, 7}, {3, 6}, {4}, {2}], [{8, 5}, {1, 7}, {4, 6}, {2, 3}], [{8, 5}, {1, 7}, {6}, {2, 4}, {3}], [{8, 5}, {2, 7}, {1, 6}, {3, 4}], [{8, 5}, {2, 7}, {1, 6}, {4}, {3}], [{8, 5}, {2, 7}, {3, 6}, {1, 4}], [{8, 5}, {2, 7}, {4, 6}, {1, 3}], [{8, 5}, {3, 7}, {1, 6}, {2, 4}], [{8, 5}, {3, 7}, {1, 6}, {4}, {2}], [{8, 5}, {3, 7}, {2, 6}, {1, 4}], [{8, 5}, {3, 7}, {2, 6}, {4}, {1}], [{8, 5}, {3, 7}, {4, 6}, {1, 2}], [{8, 5}, {3, 7}, {4, 6}, {2}, {1}], [{8, 5}, {3, 7}, {6}, {1, 4}, {2}], [{8, 5}, {3, 7}, {6}, {2, 4}, {1}], [{8, 5}, {3, 7}, {6}, {4}, {1, 2}], [{8, 5}, {3, 7}, {6}, {4}, {2}, {1}], [{8, 5}, {4, 7}, {1, 6}, {2, 3}], [{8, 5}, {4, 7}, {1, 6}, {3}, {2}], [{8, 5}, {4, 7}, {2, 6}, {1, 3}], [{8, 5}, {4, 7}, {2, 6}, {3}, {1}], [{8, 5}, {4, 7}, {3, 6}, {1, 2}], [{8, 5}, {4, 7}, {6}, {3}, {1, 2}], [{8, 5}, {6, 7}, {1, 4}, {2, 3}], [{8, 5}, {6, 7}, {2, 4}, {1, 3}], [{8, 5}, {6, 7}, {2, 4}, {3}, {1}], [{8, 5}, {6, 7}, {3, 4}, {1, 2}], [{8, 5}, {6, 7}, {4}, {1, 3}, {2}], [{8, 5}, {7}, {1, 6}, {2, 4}, {3}], [{8, 5}, {7}, {1, 6}, {3, 4}, {2}], [{8, 5}, {7}, {1, 6}, {4}, {2, 3}], [{8, 5}, {7}, {1, 6}, {4}, {3}, {2}], [{8, 5}, {7}, {2, 6}, {3, 4}, {1}], [{8, 5}, {7}, {3, 6}, {2, 4}, {1}], [{8, 5}, {7}, {6}, {2, 4}, {1, 3}], [{8, 5}, {7}, {6}, {3, 4}, {1, 2}], [{8, 6}, {1, 7}, {2, 5}, {3, 4}], [{8, 6}, {1, 7}, {2, 5}, {4}, {3}], [{8, 6}, {1, 7}, {3, 5}, {2, 4}], [{8, 6}, {1, 7}, {4, 5}, {2, 3}], [{8, 6}, {2, 7}, {1, 5}, {3, 4}], [{8, 6}, {2, 7}, {3, 5}, {1, 4}], [{8, 6}, {2, 7}, {4, 5}, {1, 3}], [{8, 6}, {2, 7}, {4, 5}, {3}, {1}], [{8, 6}, {3, 7}, {1, 5}, {2, 4}], [{8, 6}, {3, 7}, {1, 5}, {4}, {2}], [{8, 6}, {3, 7}, {2, 5}, {1, 4}], [{8, 6}, {3, 7}, {2, 5}, {4}, {1}], [{8, 6}, {3, 7}, {4, 5}, {1, 2}], [{8, 6}, {3, 7}, {5}, {4}, {1, 2}], [{8, 6}, {4, 7}, {1, 5}, {2, 3}], [{8, 6}, {4, 7}, {1, 5}, {3}, {2}], [{8, 6}, {4, 7}, {2, 5}, {1, 3}], [{8, 6}, {4, 7}, {2, 5}, {3}, {1}], [{8, 6}, {4, 7}, {3, 5}, {1, 2}], [{8, 6}, {4, 7}, {3, 5}, {2}, {1}], [{8, 6}, {4, 7}, {5}, {1, 3}, {2}], [{8, 6}, {4, 7}, {5}, {2, 3}, {1}], [{8, 6}, {4, 7}, {5}, {3}, {1, 2}], [{8, 6}, {4, 7}, {5}, {3}, {2}, {1}], [{8, 6}, {5, 7}, {1, 4}, {2, 3}], [{8, 6}, {5, 7}, {2, 4}, {1, 3}], [{8, 6}, {5, 7}, {2, 4}, {3}, {1}], [{8, 6}, {5, 7}, {3, 4}, {1, 2}], [{8, 6}, {7}, {1, 5}, {3, 4}, {2}], [{8, 6}, {7}, {2, 5}, {1, 4}, {3}], [{8, 6}, {7}, {2, 5}, {3, 4}, {1}], [{8, 6}, {7}, {2, 5}, {4}, {1, 3}], [{8, 6}, {7}, {2, 5}, {4}, {3}, {1}], [{8, 6}, {7}, {5}, {3, 4}, {1, 2}], [{8, 7}, {1, 6}, {2, 5}, {3, 4}], [{8, 7}, {1, 6}, {2, 5}, {4}, {3}], [{8, 7}, {1, 6}, {3, 5}, {2, 4}], [{8, 7}, {1, 6}, {3, 5}, {4}, {2}], [{8, 7}, {1, 6}, {4, 5}, {2, 3}], [{8, 7}, {1, 6}, {5}, {4}, {2, 3}], [{8, 7}, {2, 6}, {1, 5}, {3, 4}], [{8, 7}, {2, 6}, {3, 5}, {1, 4}], [{8, 7}, {2, 6}, {4, 5}, {1, 3}], [{8, 7}, {2, 6}, {5}, {1, 4}, {3}], [{8, 7}, {2, 6}, {5}, {3, 4}, {1}], [{8, 7}, {2, 6}, {5}, {4}, {1, 3}], [{8, 7}, {3, 6}, {1, 5}, {2, 4}], [{8, 7}, {3, 6}, {2, 5}, {1, 4}], [{8, 7}, {3, 6}, {2, 5}, {4}, {1}], [{8, 7}, {3, 6}, {4, 5}, {1, 2}], [{8, 7}, {3, 6}, {4, 5}, {2}, {1}], [{8, 7}, {3, 6}, {5}, {2, 4}, {1}], [{8, 7}, {4, 6}, {1, 5}, {2, 3}], [{8, 7}, {4, 6}, {2, 5}, {1, 3}], [{8, 7}, {4, 6}, {2, 5}, {3}, {1}], [{8, 7}, {4, 6}, {3, 5}, {1, 2}], [{8, 7}, {5, 6}, {1, 4}, {2, 3}], [{8, 7}, {5, 6}, {1, 4}, {3}, {2}], [{8, 7}, {5, 6}, {2, 4}, {1, 3}], [{8, 7}, {5, 6}, {3, 4}, {1, 2}], [{8, 7}, {5, 6}, {3, 4}, {2}, {1}], [{8, 7}, {5, 6}, {4}, {1, 3}, {2}], [{8, 7}, {6}, {2, 5}, {1, 4}, {3}], [{8, 7}, {6}, {2, 5}, {3, 4}, {1}], [{8, 7}, {6}, {2, 5}, {4}, {1, 3}], [{8, 7}, {6}, {2, 5}, {4}, {3}, {1}], [{8}, {1, 7}, {2, 6}, {5}, {3, 4}], [{8}, {1, 7}, {3, 6}, {2, 5}, {4}], [{8}, {1, 7}, {3, 6}, {4, 5}, {2}], [{8}, {1, 7}, {3, 6}, {5}, {2, 4}], [{8}, {1, 7}, {4, 6}, {2, 5}, {3}], [{8}, {1, 7}, {5, 6}, {3, 4}, {2}], [{8}, {1, 7}, {6}, {2, 5}, {3, 4}], [{8}, {1, 7}, {6}, {2, 5}, {4}, {3}], [{8}, {2, 7}, {1, 6}, {3, 5}, {4}], [{8}, {2, 7}, {3, 6}, {4, 5}, {1}], [{8}, {2, 7}, {5, 6}, {3, 4}, {1}], [{8}, {3, 7}, {1, 6}, {2, 5}, {4}], [{8}, {3, 7}, {1, 6}, {4, 5}, {2}], [{8}, {3, 7}, {1, 6}, {5}, {2, 4}], [{8}, {3, 7}, {1, 6}, {5}, {4}, {2}], [{8}, {3, 7}, {2, 6}, {1, 5}, {4}], [{8}, {3, 7}, {4, 6}, {2, 5}, {1}], [{8}, {3, 7}, {5, 6}, {4}, {1, 2}], [{8}, {3, 7}, {6}, {2, 5}, {1, 4}], [{8}, {3, 7}, {6}, {2, 5}, {4}, {1}], [{8}, {4, 7}, {1, 6}, {2, 5}, {3}], [{8}, {4, 7}, {2, 6}, {1, 5}, {3}], [{8}, {4, 7}, {3, 6}, {2, 5}, {1}], [{8}, {4, 7}, {5, 6}, {3}, {1, 2}], [{8}, {4, 7}, {6}, {2, 5}, {1, 3}], [{8}, {4, 7}, {6}, {2, 5}, {3}, {1}], [{8}, {5, 7}, {1, 6}, {4}, {2, 3}], [{8}, {5, 7}, {2, 6}, {3, 4}, {1}], [{8}, {5, 7}, {3, 6}, {2, 4}, {1}], [{8}, {6, 7}, {2, 5}, {1, 4}, {3}], [{8}, {6, 7}, {2, 5}, {3, 4}, {1}], [{8}, {6, 7}, {2, 5}, {4}, {1, 3}], [{8}, {6, 7}, {2, 5}, {4}, {3}, {1}], [{8}, {6, 7}, {3, 5}, {1, 4}, {2}], [{8}, {6, 7}, {4, 5}, {1, 3}, {2}], [{8}, {6, 7}, {5}, {1, 4}, {2, 3}], [{8}, {6, 7}, {5}, {2, 4}, {1, 3}], [{8}, {7}, {1, 6}, {2, 5}, {3, 4}], [{8}, {7}, {1, 6}, {2, 5}, {4}, {3}], [{8}, {7}, {2, 6}, {1, 5}, {3, 4}], [{8}, {7}, {2, 6}, {5}, {3, 4}, {1}], [{8}, {7}, {3, 6}, {1, 5}, {2, 4}], [{8}, {7}, {3, 6}, {2, 5}, {1, 4}], [{8}, {7}, {3, 6}, {2, 5}, {4}, {1}], [{8}, {7}, {3, 6}, {4, 5}, {1, 2}], [{8}, {7}, {3, 6}, {4, 5}, {2}, {1}], [{8}, {7}, {3, 6}, {5}, {2, 4}, {1}], [{8}, {7}, {4, 6}, {2, 5}, {1, 3}], [{8}, {7}, {4, 6}, {2, 5}, {3}, {1}], [{8}, {7}, {5, 6}, {3, 4}, {1, 2}], [{8}, {7}, {5, 6}, {3, 4}, {2}, {1}], [{8}, {7}, {6}, {2, 5}, {1, 4}, {3}], [{8}, {7}, {6}, {2, 5}, {3, 4}, {1}], [{8}, {7}, {6}, {2, 5}, {4}, {1, 3}], [{8}, {7}, {6}, {2, 5}, {4}, {3}, {1}]]",2,4 K_1^3 - 10 K_1^2 - 4 K_1 K_2 - K_1 + 5 K_2 + K_3 + 6,O1O2O3U4O5U3U5U6O7O8U1O6U8U2O4U7,O1O2O3U2O4U3U5U6O7U4O5O8U1O6U8U7,O1O2O3U4U5O6U3O5O7U8O4U6U7U1O8U2,c,"{'O1O2O3U4O5U2U6O7U3O6O4U7U8U1O8U5', 'O1O2U3O4O5U2U6U4O7O6U7O3U8U1O8U5'}",2,"<a href=""/flatknot/8.1101948"">8.1101948</a>",t^9-22t^7-40t^6+38t^5+116t^4+2t^3-92t^2-8t+16,-t^2+2t,,
8.1101949,O1O2O3U4O5U2U6O7U3O6O4U8U1U5O8U7,4,2z^3+26z^2+89z+91,2w^4z^3+26w^3z^2+89w^2z+91w,False,False,"[[ 0 -1 -1  1  0  2  0  1 -2],[ 1  0  0  3 -1  2  0  0  0],[ 1  0  0  1  0  1  0  1  0],[-1 -3 -1  0  0 -1 -1  0 -2],[ 0  1  0  0  0  2  0  1 -1],[-2 -2 -1  1 -2  0 -2 -1 -2],[ 0  0  0  1  0  2  0  1 -2],[-1  0 -1  0 -1  1 -1  0 -1],[ 2  0  0  2  1  2  2  1  0]]","[[ 0  2  1  1  0  0 -1 -1 -2],[-2  0  1 -1 -2 -2 -1 -2 -2],[-1 -1  0  0  0 -1 -1 -3 -2],[-1  1  0  0 -1 -1 -1  0 -1],[ 0  2  0  1  0  0  0  1 -1],[ 0  2  1  1  0  0  0  0 -2],[ 1  1  1  1  0  0  0  0  0],[ 1  2  3  0 -1  0  0  0  0],[ 2  2  2  1  1  2  0  0  0]]",True,"[-2,-1,-1,0,0,1,1,2,-1,1,2,2,1,2,2,0,0,1,1,3,2,1,1,1,0,1,0,0,-1,1,0,0,2,0,0,0]","[-2,-1,-1,0,0,1,1,2,-1,1,2,2,1,2,2,0,0,1,1,3,2,1,1,1,0,1,0,0,-1,1,0,0,2,0,0,0]",t^8+44t^6+316t^4+211t^2+4,"[-2,-1,-1,0,0,1,1,2,1,1,0,1,1,2,2,0,1,1,1,1,2,1,2,-1,2,1,0,0,0,0,1,0,0,0,2,0]","[-2,-1,-1,0,0,1,1,2,0,2,0,0,1,2,2,0,0,0,2,1,2,0,1,-1,1,1,0,1,1,0,2,1,1,0,1,1]","[-2,-1,-1,0,0,1,1,2,0,0,1,2,1,2,2,0,-1,0,0,3,2,0,0,1,1,1,0,1,0,2,1,1,2,0,1,-1]",c,"[[{8, 7}, {2, 6}, {1, 5}, {3, 4}]]",1,4 K_1^3 - 12 K_1^2 - 4 K_1 K_2 - K_1 + 6 K_2 + K_3 + 7,O1O2O3U4O5U6U3U5O7O8U1O4U8U2O6U7,O1O2O3U1O4U2U5U6O7U3O5O8U4O6U8U7,O1O2O3U4U5O6U7O5O8U1O4U6U8U2O7U3,c,{'O1O2O3U4O5U2U6O7U3O6O4U8U1U5O8U7'},1,"<a href=""/flatknot/8.1101949"">8.1101949</a>",t^9-44t^7-78t^6+228t^5+370t^4-405t^3-324t^2+332t-42,0,,
8.1101950,O1O2O3U4O5U2U6O7U3O6O4U8U1U7O8U5,4,19z^2+96z+117,19w^3z^2+96w^2z+117w,False,False,"[[ 0 -1 -1  1  0  2  0  1 -2],[ 1  0  0  3 -1  2  0  0  0],[ 1  0  0  1  0  1  0  0  1],[-1 -3 -1  0  0  0 -1 -1 -2],[ 0  1  0  0  0  1  0  2 -1],[-2 -2 -1  0 -1  0 -1  0 -3],[ 0  0  0  1  0  1  0  1 -1],[-1  0  0  1 -2  0 -1  0 -1],[ 2  0 -1  2  1  3  1  1  0]]","[[ 0  2  1  1  0  0 -1 -1 -2],[-2  0  0  0 -1 -1 -1 -2 -3],[-1  0  0  1 -1 -2  0  0 -1],[-1  0 -1  0 -1  0 -1 -3 -2],[ 0  1  1  1  0  0  0  0 -1],[ 0  1  2  0  0  0  0  1 -1],[ 1  1  0  1  0  0  0  0  1],[ 1  2  0  3  0 -1  0  0  0],[ 2  3  1  2  1  1 -1  0  0]]",True,"[-2,-1,-1,0,0,1,1,2,0,0,1,1,1,2,3,-1,1,2,0,0,1,1,0,1,3,2,0,0,0,1,0,-1,1,0,-1,0]","[-2,-1,-1,0,0,1,1,2,-1,0,1,1,1,2,3,0,0,0,0,1,1,-1,0,0,3,2,0,2,0,1,1,1,1,1,0,0]",t^8+42t^6+309t^4+116t^2+1,"[-2,-1,-1,0,0,1,1,2,1,2,1,1,1,2,1,0,1,2,-1,2,1,1,1,1,2,2,0,0,0,1,1,-1,1,1,1,1]","[-2,-1,-1,0,0,1,1,2,1,1,1,1,1,2,1,-1,0,1,-1,1,1,0,-1,2,2,2,0,1,1,1,2,1,1,0,1,2]","[-2,-1,-1,0,0,1,1,2,-1,0,1,1,1,2,3,0,0,0,0,1,1,-1,0,0,3,2,0,2,0,1,1,1,1,1,0,0]",c,"[[{8, 1}, {2, 7}, {3, 6}, {4, 5}], [{8, 1}, {2, 7}, {4, 6}, {3, 5}], [{8, 1}, {2, 7}, {5, 6}, {3, 4}], [{8, 1}, {3, 7}, {2, 6}, {4, 5}], [{8, 1}, {3, 7}, {4, 6}, {2, 5}], [{8, 1}, {3, 7}, {5, 6}, {2, 4}], [{8, 1}, {3, 7}, {6}, {2, 5}, {4}], [{8, 1}, {4, 7}, {2, 6}, {3, 5}], [{8, 1}, {4, 7}, {3, 6}, {2, 5}], [{8, 1}, {4, 7}, {5, 6}, {2, 3}], [{8, 1}, {5, 7}, {2, 6}, {3, 4}], [{8, 1}, {5, 7}, {3, 6}, {2, 4}], [{8, 1}, {5, 7}, {4, 6}, {2, 3}], [{8, 1}, {6, 7}, {2, 5}, {3, 4}], [{8, 1}, {6, 7}, {3, 5}, {2, 4}], [{8, 1}, {6, 7}, {4, 5}, {2, 3}], [{8, 1}, {6, 7}, {5}, {4}, {2, 3}], [{8, 1}, {7}, {2, 6}, {4, 5}, {3}], [{8, 1}, {7}, {5, 6}, {3, 4}, {2}], [{8, 2}, {1, 7}, {3, 6}, {4, 5}], [{8, 2}, {1, 7}, {4, 6}, {3, 5}], [{8, 2}, {1, 7}, {5, 6}, {3, 4}], [{8, 2}, {3, 7}, {1, 6}, {4, 5}], [{8, 2}, {3, 7}, {4, 6}, {1, 5}], [{8, 2}, {3, 7}, {5, 6}, {1, 4}], [{8, 2}, {4, 7}, {1, 6}, {3, 5}], [{8, 2}, {4, 7}, {3, 6}, {1, 5}], [{8, 2}, {4, 7}, {5, 6}, {1, 3}], [{8, 2}, {4, 7}, {6}, {5}, {1, 3}], [{8, 2}, {5, 7}, {1, 6}, {3, 4}], [{8, 2}, {5, 7}, {3, 6}, {1, 4}], [{8, 2}, {5, 7}, {4, 6}, {1, 3}], [{8, 2}, {6, 7}, {1, 5}, {3, 4}], [{8, 2}, {6, 7}, {1, 5}, {4}, {3}], [{8, 2}, {6, 7}, {3, 5}, {1, 4}], [{8, 2}, {6, 7}, {3, 5}, {4}, {1}], [{8, 2}, {6, 7}, {4, 5}, {1, 3}], [{8, 2}, {6, 7}, {4, 5}, {3}, {1}], [{8, 2}, {6, 7}, {5}, {1, 4}, {3}], [{8, 2}, {6, 7}, {5}, {3, 4}, {1}], [{8, 2}, {6, 7}, {5}, {4}, {1, 3}], [{8, 2}, {6, 7}, {5}, {4}, {3}, {1}], [{8, 2}, {7}, {4, 6}, {5}, {1, 3}], [{8, 3}, {1, 7}, {2, 6}, {4, 5}], [{8, 3}, {1, 7}, {4, 6}, {2, 5}], [{8, 3}, {1, 7}, {4, 6}, {5}, {2}], [{8, 3}, {1, 7}, {5, 6}, {2, 4}], [{8, 3}, {2, 7}, {1, 6}, {4, 5}], [{8, 3}, {2, 7}, {4, 6}, {1, 5}], [{8, 3}, {2, 7}, {5, 6}, {1, 4}], [{8, 3}, {2, 7}, {6}, {5}, {1, 4}], [{8, 3}, {4, 7}, {1, 6}, {2, 5}], [{8, 3}, {4, 7}, {1, 6}, {5}, {2}], [{8, 3}, {4, 7}, {2, 6}, {1, 5}], [{8, 3}, {4, 7}, {5, 6}, {1, 2}], [{8, 3}, {5, 7}, {1, 6}, {2, 4}], [{8, 3}, {5, 7}, {2, 6}, {1, 4}], [{8, 3}, {5, 7}, {4, 6}, {1, 2}], [{8, 3}, {5, 7}, {6}, {1, 4}, {2}], [{8, 3}, {6, 7}, {1, 5}, {2, 4}], [{8, 3}, {6, 7}, {1, 5}, {4}, {2}], [{8, 3}, {6, 7}, {2, 5}, {1, 4}], [{8, 3}, {6, 7}, {2, 5}, {4}, {1}], [{8, 3}, {6, 7}, {4, 5}, {1, 2}], [{8, 3}, {6, 7}, {4, 5}, {2}, {1}], [{8, 3}, {6, 7}, {5}, {1, 4}, {2}], [{8, 3}, {6, 7}, {5}, {2, 4}, {1}], [{8, 3}, {6, 7}, {5}, {4}, {1, 2}], [{8, 3}, {6, 7}, {5}, {4}, {2}, {1}], [{8, 3}, {7}, {2, 6}, {5}, {1, 4}], [{8, 3}, {7}, {5, 6}, {1, 4}, {2}], [{8, 3}, {7}, {6}, {2, 5}, {1, 4}], [{8, 3}, {7}, {6}, {5}, {1, 4}, {2}], [{8, 4}, {1, 7}, {2, 6}, {3, 5}], [{8, 4}, {1, 7}, {3, 6}, {2, 5}], [{8, 4}, {1, 7}, {3, 6}, {5}, {2}], [{8, 4}, {1, 7}, {5, 6}, {2, 3}], [{8, 4}, {2, 7}, {1, 6}, {3, 5}], [{8, 4}, {2, 7}, {3, 6}, {1, 5}], [{8, 4}, {2, 7}, {5, 6}, {1, 3}], [{8, 4}, {2, 7}, {6}, {5}, {1, 3}], [{8, 4}, {3, 7}, {1, 6}, {2, 5}], [{8, 4}, {3, 7}, {2, 6}, {1, 5}], [{8, 4}, {3, 7}, {5, 6}, {1, 2}], [{8, 4}, {3, 7}, {6}, {5}, {1, 2}], [{8, 4}, {5, 7}, {1, 6}, {2, 3}], [{8, 4}, {5, 7}, {1, 6}, {3}, {2}], [{8, 4}, {5, 7}, {2, 6}, {1, 3}], [{8, 4}, {5, 7}, {3, 6}, {1, 2}], [{8, 4}, {6, 7}, {1, 5}, {2, 3}], [{8, 4}, {6, 7}, {2, 5}, {1, 3}], [{8, 4}, {6, 7}, {3, 5}, {1, 2}], [{8, 4}, {6, 7}, {5}, {2, 3}, {1}], [{8, 4}, {7}, {3, 6}, {2, 5}, {1}], [{8, 4}, {7}, {5, 6}, {1, 3}, {2}], [{8, 5}, {1, 7}, {2, 6}, {3, 4}], [{8, 5}, {1, 7}, {2, 6}, {4}, {3}], [{8, 5}, {1, 7}, {3, 6}, {2, 4}], [{8, 5}, {1, 7}, {3, 6}, {4}, {2}], [{8, 5}, {1, 7}, {4, 6}, {2, 3}], [{8, 5}, {1, 7}, {6}, {4}, {2, 3}], [{8, 5}, {2, 7}, {1, 6}, {3, 4}], [{8, 5}, {2, 7}, {3, 6}, {1, 4}], [{8, 5}, {2, 7}, {4, 6}, {1, 3}], [{8, 5}, {2, 7}, {6}, {4}, {1, 3}], [{8, 5}, {3, 7}, {1, 6}, {2, 4}], [{8, 5}, {3, 7}, {2, 6}, {1, 4}], [{8, 5}, {3, 7}, {4, 6}, {1, 2}], [{8, 5}, {3, 7}, {6}, {1, 4}, {2}], [{8, 5}, {3, 7}, {6}, {2, 4}, {1}], [{8, 5}, {3, 7}, {6}, {4}, {1, 2}], [{8, 5}, {4, 7}, {1, 6}, {2, 3}], [{8, 5}, {4, 7}, {2, 6}, {1, 3}], [{8, 5}, {4, 7}, {3, 6}, {1, 2}], [{8, 5}, {6, 7}, {1, 4}, {2, 3}], [{8, 5}, {6, 7}, {2, 4}, {1, 3}], [{8, 5}, {6, 7}, {3, 4}, {1, 2}], [{8, 5}, {6, 7}, {4}, {2, 3}, {1}], [{8, 5}, {7}, {1, 6}, {4}, {2, 3}], [{8, 5}, {7}, {2, 6}, {3, 4}, {1}], [{8, 6}, {1, 7}, {2, 5}, {3, 4}], [{8, 6}, {1, 7}, {3, 5}, {2, 4}], [{8, 6}, {1, 7}, {4, 5}, {2, 3}], [{8, 6}, {2, 7}, {1, 5}, {3, 4}], [{8, 6}, {2, 7}, {3, 5}, {1, 4}], [{8, 6}, {2, 7}, {4, 5}, {1, 3}], [{8, 6}, {3, 7}, {1, 5}, {2, 4}], [{8, 6}, {3, 7}, {2, 5}, {1, 4}], [{8, 6}, {3, 7}, {4, 5}, {1, 2}], [{8, 6}, {3, 7}, {4, 5}, {2}, {1}], [{8, 6}, {4, 7}, {1, 5}, {2, 3}], [{8, 6}, {4, 7}, {2, 5}, {1, 3}], [{8, 6}, {4, 7}, {3, 5}, {1, 2}], [{8, 6}, {5, 7}, {1, 4}, {2, 3}], [{8, 6}, {5, 7}, {2, 4}, {1, 3}], [{8, 6}, {5, 7}, {3, 4}, {1, 2}], [{8, 6}, {5, 7}, {3, 4}, {2}, {1}], [{8, 6}, {7}, {2, 5}, {4}, {1, 3}], [{8, 6}, {7}, {4, 5}, {3}, {1, 2}], [{8, 7}, {1, 6}, {2, 5}, {3, 4}], [{8, 7}, {1, 6}, {3, 5}, {2, 4}], [{8, 7}, {1, 6}, {4, 5}, {2, 3}], [{8, 7}, {1, 6}, {5}, {3, 4}, {2}], [{8, 7}, {2, 6}, {1, 5}, {3, 4}], [{8, 7}, {2, 6}, {3, 5}, {1, 4}], [{8, 7}, {2, 6}, {4, 5}, {1, 3}], [{8, 7}, {2, 6}, {5}, {4}, {1, 3}], [{8, 7}, {3, 6}, {1, 5}, {2, 4}], [{8, 7}, {3, 6}, {1, 5}, {4}, {2}], [{8, 7}, {3, 6}, {2, 5}, {1, 4}], [{8, 7}, {3, 6}, {2, 5}, {4}, {1}], [{8, 7}, {3, 6}, {4, 5}, {1, 2}], [{8, 7}, {3, 6}, {5}, {4}, {1, 2}], [{8, 7}, {4, 6}, {1, 5}, {2, 3}], [{8, 7}, {4, 6}, {2, 5}, {1, 3}], [{8, 7}, {4, 6}, {2, 5}, {3}, {1}], [{8, 7}, {4, 6}, {3, 5}, {1, 2}], [{8, 7}, {5, 6}, {1, 4}, {2, 3}], [{8, 7}, {5, 6}, {2, 4}, {1, 3}], [{8, 7}, {5, 6}, {3, 4}, {1, 2}], [{8, 7}, {6}, {2, 5}, {3, 4}, {1}], [{8, 7}, {6}, {3, 5}, {1, 4}, {2}], [{8}, {1, 7}, {3, 6}, {4, 5}, {2}], [{8}, {2, 7}, {5, 6}, {3, 4}, {1}], [{8}, {2, 7}, {6}, {4, 5}, {1, 3}], [{8}, {3, 7}, {6}, {4, 5}, {1, 2}], [{8}, {4, 7}, {3, 6}, {2, 5}, {1}], [{8}, {6, 7}, {1, 5}, {4}, {2, 3}], [{8}, {6, 7}, {4, 5}, {2, 3}, {1}], [{8}, {6, 7}, {5}, {1, 4}, {2, 3}], [{8}, {6, 7}, {5}, {4}, {2, 3}, {1}]]",2,4 K_1^3 - 12 K_1^2 - 4 K_1 K_2 - K_1 + 6 K_2 + K_3 + 7,O1O2O3U4O5U6U3U5O7O8U1O6U8U2O4U7,O1O2O3U1O4U2U5U6O7U4O5O8U3O6U8U7,O1O2O3U4U5O6U1O5O7U8O4U6U7U2O8U3,c,{'O1O2O3U4O5U2U6O7U3O6O4U8U1U7O8U5'},1,"<a href=""/flatknot/8.1101950"">8.1101950</a>",t^9-42t^7-44t^6+227t^5+198t^4-399t^3-158t^2+152t-18,0,,
8.1101951,O1O2O3U4O5U2U6O7U3O6O4U8U5U1O8U7,3,9z^2+48z+61,9w^3z^2-4w^3z+52w^2z+61w,False,False,"[[ 0  0 -1  1  0  1  0  1 -2],[ 0  0 -1  2 -1  1 -1  0 -1],[ 1  1  0  1  0  1  0  1  0],[-1 -2 -1  0  0 -1 -1  0 -2],[ 0  1  0  0  0  1  0  1 -1],[-1 -1 -1  1 -1  0 -1 -1 -1],[ 0  1  0  1  0  1  0  1 -2],[-1  0 -1  0 -1  1 -1  0 -1],[ 2  1  0  2  1  1  2  1  0]]","[[ 0  1  1  1  0  0  0 -1 -2],[-1  0  1  0  0 -1 -1 -1 -1],[-1 -1  0  1 -1 -1 -1 -1 -1],[-1  0 -1  0 -2  0 -1 -1 -2],[ 0  0  1  2  0 -1 -1 -1 -1],[ 0  1  1  0  1  0  0  0 -1],[ 0  1  1  1  1  0  0  0 -2],[ 1  1  1  1  1  0  0  0  0],[ 2  1  1  2  1  1  2  0  0]]",True,"[-1,-1,-1,0,0,0,1,2,-1,0,0,1,1,1,1,-1,1,1,1,1,1,2,0,1,1,2,1,1,1,1,0,0,1,0,2,0]","[-2,-1,0,0,0,1,1,1,0,1,1,2,1,1,2,0,1,0,1,1,1,1,0,1,1,0,-1,0,1,2,1,1,1,1,0,1]",t^8+30t^6+147t^4+80t^2,"[-2,-1,0,0,0,1,1,1,1,0,1,1,1,2,2,1,0,1,1,1,1,-1,0,0,0,0,1,-1,0,1,1,0,0,1,0,1]","[-1,-1,-1,0,0,0,1,2,-1,0,-1,0,1,1,1,-1,0,0,0,1,2,1,0,0,1,2,-1,-1,0,1,0,1,0,1,1,1]","[-2,-1,0,0,0,1,1,1,0,1,1,2,1,1,2,0,1,0,1,1,1,1,0,1,1,0,-1,0,1,2,1,1,1,1,0,1]",c,"[[{8, 1}, {2, 7}, {3, 6}, {4, 5}], [{8, 1}, {2, 7}, {4, 6}, {3, 5}], [{8, 1}, {2, 7}, {5, 6}, {3, 4}], [{8, 1}, {2, 7}, {6}, {3, 5}, {4}], [{8, 1}, {3, 7}, {2, 6}, {4, 5}], [{8, 1}, {3, 7}, {4, 6}, {2, 5}], [{8, 1}, {3, 7}, {5, 6}, {2, 4}], [{8, 1}, {3, 7}, {6}, {2, 5}, {4}], [{8, 1}, {4, 7}, {2, 6}, {3, 5}], [{8, 1}, {4, 7}, {3, 6}, {2, 5}], [{8, 1}, {4, 7}, {5, 6}, {2, 3}], [{8, 1}, {4, 7}, {6}, {2, 5}, {3}], [{8, 1}, {5, 7}, {2, 6}, {3, 4}], [{8, 1}, {5, 7}, {2, 6}, {4}, {3}], [{8, 1}, {5, 7}, {3, 6}, {2, 4}], [{8, 1}, {5, 7}, {4, 6}, {2, 3}], [{8, 1}, {6, 7}, {2, 5}, {3, 4}], [{8, 1}, {6, 7}, {3, 5}, {2, 4}], [{8, 1}, {6, 7}, {4, 5}, {2, 3}], [{8, 1}, {6, 7}, {5}, {4}, {2, 3}], [{8, 1}, {7}, {3, 6}, {5}, {2, 4}], [{8, 1}, {7}, {6}, {2, 5}, {3, 4}], [{8, 2}, {1, 7}, {3, 6}, {4, 5}], [{8, 2}, {1, 7}, {4, 6}, {3, 5}], [{8, 2}, {1, 7}, {5, 6}, {3, 4}], [{8, 2}, {3, 7}, {1, 6}, {4, 5}], [{8, 2}, {3, 7}, {4, 6}, {1, 5}], [{8, 2}, {3, 7}, {5, 6}, {1, 4}], [{8, 2}, {3, 7}, {6}, {4, 5}, {1}], [{8, 2}, {4, 7}, {1, 6}, {3, 5}], [{8, 2}, {4, 7}, {3, 6}, {1, 5}], [{8, 2}, {4, 7}, {5, 6}, {1, 3}], [{8, 2}, {4, 7}, {6}, {3, 5}, {1}], [{8, 2}, {5, 7}, {1, 6}, {3, 4}], [{8, 2}, {5, 7}, {3, 6}, {1, 4}], [{8, 2}, {5, 7}, {4, 6}, {1, 3}], [{8, 2}, {5, 7}, {6}, {3, 4}, {1}], [{8, 2}, {6, 7}, {1, 5}, {3, 4}], [{8, 2}, {6, 7}, {3, 5}, {1, 4}], [{8, 2}, {6, 7}, {4, 5}, {1, 3}], [{8, 2}, {6, 7}, {5}, {4}, {1, 3}], [{8, 2}, {7}, {3, 6}, {5}, {1, 4}], [{8, 3}, {1, 7}, {2, 6}, {4, 5}], [{8, 3}, {1, 7}, {2, 6}, {5}, {4}], [{8, 3}, {1, 7}, {4, 6}, {2, 5}], [{8, 3}, {1, 7}, {4, 6}, {5}, {2}], [{8, 3}, {1, 7}, {5, 6}, {2, 4}], [{8, 3}, {1, 7}, {5, 6}, {4}, {2}], [{8, 3}, {1, 7}, {6}, {2, 5}, {4}], [{8, 3}, {1, 7}, {6}, {4, 5}, {2}], [{8, 3}, {1, 7}, {6}, {5}, {2, 4}], [{8, 3}, {1, 7}, {6}, {5}, {4}, {2}], [{8, 3}, {2, 7}, {1, 6}, {4, 5}], [{8, 3}, {2, 7}, {1, 6}, {5}, {4}], [{8, 3}, {2, 7}, {4, 6}, {1, 5}], [{8, 3}, {2, 7}, {4, 6}, {5}, {1}], [{8, 3}, {2, 7}, {5, 6}, {1, 4}], [{8, 3}, {2, 7}, {5, 6}, {4}, {1}], [{8, 3}, {2, 7}, {6}, {1, 5}, {4}], [{8, 3}, {2, 7}, {6}, {4, 5}, {1}], [{8, 3}, {2, 7}, {6}, {5}, {1, 4}], [{8, 3}, {2, 7}, {6}, {5}, {4}, {1}], [{8, 3}, {4, 7}, {1, 6}, {2, 5}], [{8, 3}, {4, 7}, {1, 6}, {5}, {2}], [{8, 3}, {4, 7}, {2, 6}, {1, 5}], [{8, 3}, {4, 7}, {2, 6}, {5}, {1}], [{8, 3}, {4, 7}, {5, 6}, {1, 2}], [{8, 3}, {4, 7}, {5, 6}, {2}, {1}], [{8, 3}, {4, 7}, {6}, {1, 5}, {2}], [{8, 3}, {4, 7}, {6}, {2, 5}, {1}], [{8, 3}, {4, 7}, {6}, {5}, {1, 2}], [{8, 3}, {4, 7}, {6}, {5}, {2}, {1}], [{8, 3}, {5, 7}, {1, 6}, {2, 4}], [{8, 3}, {5, 7}, {1, 6}, {4}, {2}], [{8, 3}, {5, 7}, {2, 6}, {1, 4}], [{8, 3}, {5, 7}, {2, 6}, {4}, {1}], [{8, 3}, {5, 7}, {4, 6}, {1, 2}], [{8, 3}, {5, 7}, {4, 6}, {2}, {1}], [{8, 3}, {5, 7}, {6}, {1, 4}, {2}], [{8, 3}, {5, 7}, {6}, {2, 4}, {1}], [{8, 3}, {5, 7}, {6}, {4}, {1, 2}], [{8, 3}, {5, 7}, {6}, {4}, {2}, {1}], [{8, 3}, {6, 7}, {1, 5}, {2, 4}], [{8, 3}, {6, 7}, {1, 5}, {4}, {2}], [{8, 3}, {6, 7}, {2, 5}, {1, 4}], [{8, 3}, {6, 7}, {2, 5}, {4}, {1}], [{8, 3}, {6, 7}, {4, 5}, {1, 2}], [{8, 3}, {6, 7}, {4, 5}, {2}, {1}], [{8, 3}, {6, 7}, {5}, {1, 4}, {2}], [{8, 3}, {6, 7}, {5}, {2, 4}, {1}], [{8, 3}, {6, 7}, {5}, {4}, {1, 2}], [{8, 3}, {6, 7}, {5}, {4}, {2}, {1}], [{8, 3}, {7}, {1, 6}, {2, 5}, {4}], [{8, 3}, {7}, {1, 6}, {4, 5}, {2}], [{8, 3}, {7}, {1, 6}, {5}, {2, 4}], [{8, 3}, {7}, {1, 6}, {5}, {4}, {2}], [{8, 3}, {7}, {2, 6}, {1, 5}, {4}], [{8, 3}, {7}, {2, 6}, {4, 5}, {1}], [{8, 3}, {7}, {2, 6}, {5}, {1, 4}], [{8, 3}, {7}, {2, 6}, {5}, {4}, {1}], [{8, 3}, {7}, {4, 6}, {1, 5}, {2}], [{8, 3}, {7}, {4, 6}, {2, 5}, {1}], [{8, 3}, {7}, {4, 6}, {5}, {1, 2}], [{8, 3}, {7}, {4, 6}, {5}, {2}, {1}], [{8, 3}, {7}, {5, 6}, {1, 4}, {2}], [{8, 3}, {7}, {5, 6}, {2, 4}, {1}], [{8, 3}, {7}, {5, 6}, {4}, {1, 2}], [{8, 3}, {7}, {5, 6}, {4}, {2}, {1}], [{8, 3}, {7}, {6}, {1, 5}, {2, 4}], [{8, 3}, {7}, {6}, {1, 5}, {4}, {2}], [{8, 3}, {7}, {6}, {2, 5}, {1, 4}], [{8, 3}, {7}, {6}, {2, 5}, {4}, {1}], [{8, 3}, {7}, {6}, {4, 5}, {1, 2}], [{8, 3}, {7}, {6}, {4, 5}, {2}, {1}], [{8, 3}, {7}, {6}, {5}, {1, 4}, {2}], [{8, 3}, {7}, {6}, {5}, {2, 4}, {1}], [{8, 3}, {7}, {6}, {5}, {4}, {1, 2}], [{8, 3}, {7}, {6}, {5}, {4}, {2}, {1}], [{8, 4}, {1, 7}, {2, 6}, {3, 5}], [{8, 4}, {1, 7}, {3, 6}, {2, 5}], [{8, 4}, {1, 7}, {5, 6}, {2, 3}], [{8, 4}, {1, 7}, {6}, {2, 5}, {3}], [{8, 4}, {2, 7}, {1, 6}, {3, 5}], [{8, 4}, {2, 7}, {3, 6}, {1, 5}], [{8, 4}, {2, 7}, {5, 6}, {1, 3}], [{8, 4}, {2, 7}, {6}, {3, 5}, {1}], [{8, 4}, {3, 7}, {1, 6}, {2, 5}], [{8, 4}, {3, 7}, {1, 6}, {5}, {2}], [{8, 4}, {3, 7}, {2, 6}, {1, 5}], [{8, 4}, {3, 7}, {2, 6}, {5}, {1}], [{8, 4}, {3, 7}, {5, 6}, {1, 2}], [{8, 4}, {3, 7}, {5, 6}, {2}, {1}], [{8, 4}, {3, 7}, {6}, {1, 5}, {2}], [{8, 4}, {3, 7}, {6}, {2, 5}, {1}], [{8, 4}, {3, 7}, {6}, {5}, {1, 2}], [{8, 4}, {3, 7}, {6}, {5}, {2}, {1}], [{8, 4}, {5, 7}, {1, 6}, {2, 3}], [{8, 4}, {5, 7}, {2, 6}, {1, 3}], [{8, 4}, {5, 7}, {3, 6}, {1, 2}], [{8, 4}, {5, 7}, {6}, {2, 3}, {1}], [{8, 4}, {6, 7}, {1, 5}, {2, 3}], [{8, 4}, {6, 7}, {2, 5}, {1, 3}], [{8, 4}, {6, 7}, {2, 5}, {3}, {1}], [{8, 4}, {6, 7}, {3, 5}, {1, 2}], [{8, 4}, {7}, {1, 6}, {2, 5}, {3}], [{8, 4}, {7}, {2, 6}, {1, 5}, {3}], [{8, 4}, {7}, {3, 6}, {2, 5}, {1}], [{8, 4}, {7}, {5, 6}, {3}, {1, 2}], [{8, 4}, {7}, {6}, {2, 5}, {1, 3}], [{8, 4}, {7}, {6}, {2, 5}, {3}, {1}], [{8, 5}, {1, 7}, {2, 6}, {3, 4}], [{8, 5}, {1, 7}, {3, 6}, {2, 4}], [{8, 5}, {1, 7}, {4, 6}, {2, 3}], [{8, 5}, {2, 7}, {1, 6}, {3, 4}], [{8, 5}, {2, 7}, {1, 6}, {4}, {3}], [{8, 5}, {2, 7}, {3, 6}, {1, 4}], [{8, 5}, {2, 7}, {3, 6}, {4}, {1}], [{8, 5}, {2, 7}, {4, 6}, {1, 3}], [{8, 5}, {2, 7}, {4, 6}, {3}, {1}], [{8, 5}, {2, 7}, {6}, {1, 4}, {3}], [{8, 5}, {2, 7}, {6}, {3, 4}, {1}], [{8, 5}, {2, 7}, {6}, {4}, {1, 3}], [{8, 5}, {2, 7}, {6}, {4}, {3}, {1}], [{8, 5}, {3, 7}, {1, 6}, {2, 4}], [{8, 5}, {3, 7}, {2, 6}, {1, 4}], [{8, 5}, {3, 7}, {4, 6}, {1, 2}], [{8, 5}, {3, 7}, {6}, {2, 4}, {1}], [{8, 5}, {4, 7}, {1, 6}, {2, 3}], [{8, 5}, {4, 7}, {2, 6}, {1, 3}], [{8, 5}, {4, 7}, {3, 6}, {1, 2}], [{8, 5}, {4, 7}, {6}, {2, 3}, {1}], [{8, 5}, {6, 7}, {1, 4}, {2, 3}], [{8, 5}, {6, 7}, {2, 4}, {1, 3}], [{8, 5}, {6, 7}, {3, 4}, {1, 2}], [{8, 6}, {1, 7}, {2, 5}, {3, 4}], [{8, 6}, {1, 7}, {3, 5}, {2, 4}], [{8, 6}, {1, 7}, {4, 5}, {2, 3}], [{8, 6}, {2, 7}, {1, 5}, {3, 4}], [{8, 6}, {2, 7}, {3, 5}, {1, 4}], [{8, 6}, {2, 7}, {3, 5}, {4}, {1}], [{8, 6}, {2, 7}, {4, 5}, {1, 3}], [{8, 6}, {3, 7}, {1, 5}, {2, 4}], [{8, 6}, {3, 7}, {2, 5}, {1, 4}], [{8, 6}, {3, 7}, {2, 5}, {4}, {1}], [{8, 6}, {3, 7}, {4, 5}, {1, 2}], [{8, 6}, {4, 7}, {1, 5}, {2, 3}], [{8, 6}, {4, 7}, {2, 5}, {1, 3}], [{8, 6}, {4, 7}, {2, 5}, {3}, {1}], [{8, 6}, {4, 7}, {3, 5}, {1, 2}], [{8, 6}, {5, 7}, {1, 4}, {2, 3}], [{8, 6}, {5, 7}, {2, 4}, {1, 3}], [{8, 6}, {5, 7}, {3, 4}, {1, 2}], [{8, 6}, {7}, {2, 5}, {3, 4}, {1}], [{8, 6}, {7}, {4, 5}, {3}, {1, 2}], [{8, 6}, {7}, {5}, {1, 4}, {2, 3}], [{8, 6}, {7}, {5}, {2, 4}, {1, 3}], [{8, 7}, {1, 6}, {2, 5}, {3, 4}], [{8, 7}, {1, 6}, {2, 5}, {4}, {3}], [{8, 7}, {1, 6}, {3, 5}, {2, 4}], [{8, 7}, {1, 6}, {4, 5}, {2, 3}], [{8, 7}, {1, 6}, {5}, {3, 4}, {2}], [{8, 7}, {2, 6}, {1, 5}, {3, 4}], [{8, 7}, {2, 6}, {1, 5}, {4}, {3}], [{8, 7}, {2, 6}, {3, 5}, {1, 4}], [{8, 7}, {2, 6}, {4, 5}, {1, 3}], [{8, 7}, {2, 6}, {5}, {3, 4}, {1}], [{8, 7}, {3, 6}, {1, 5}, {2, 4}], [{8, 7}, {3, 6}, {2, 5}, {1, 4}], [{8, 7}, {3, 6}, {2, 5}, {4}, {1}], [{8, 7}, {3, 6}, {4, 5}, {1, 2}], [{8, 7}, {4, 6}, {1, 5}, {2, 3}], [{8, 7}, {4, 6}, {2, 5}, {1, 3}], [{8, 7}, {4, 6}, {2, 5}, {3}, {1}], [{8, 7}, {4, 6}, {3, 5}, {1, 2}], [{8, 7}, {5, 6}, {1, 4}, {2, 3}], [{8, 7}, {5, 6}, {2, 4}, {1, 3}], [{8, 7}, {5, 6}, {3, 4}, {1, 2}], [{8, 7}, {5, 6}, {3, 4}, {2}, {1}], [{8, 7}, {5, 6}, {4}, {3}, {1, 2}], [{8, 7}, {6}, {1, 5}, {3, 4}, {2}], [{8, 7}, {6}, {2, 5}, {1, 4}, {3}], [{8, 7}, {6}, {2, 5}, {3, 4}, {1}], [{8, 7}, {6}, {2, 5}, {4}, {1, 3}], [{8, 7}, {6}, {2, 5}, {4}, {3}, {1}], [{8, 7}, {6}, {3, 5}, {2, 4}, {1}], [{8, 7}, {6}, {4, 5}, {2, 3}, {1}], [{8, 7}, {6}, {5}, {3, 4}, {1, 2}], [{8, 7}, {6}, {5}, {3, 4}, {2}, {1}], [{8}, {1, 7}, {6}, {2, 5}, {3, 4}], [{8}, {2, 7}, {1, 6}, {3, 5}, {4}], [{8}, {2, 7}, {4, 6}, {3, 5}, {1}], [{8}, {2, 7}, {6}, {3, 5}, {1, 4}], [{8}, {2, 7}, {6}, {3, 5}, {4}, {1}], [{8}, {3, 7}, {1, 6}, {2, 5}, {4}], [{8}, {3, 7}, {2, 6}, {1, 5}, {4}], [{8}, {3, 7}, {4, 6}, {2, 5}, {1}], [{8}, {3, 7}, {5, 6}, {4}, {1, 2}], [{8}, {3, 7}, {6}, {2, 5}, {1, 4}], [{8}, {3, 7}, {6}, {2, 5}, {4}, {1}], [{8}, {4, 7}, {1, 6}, {2, 5}, {3}], [{8}, {4, 7}, {2, 6}, {1, 5}, {3}], [{8}, {4, 7}, {3, 6}, {2, 5}, {1}], [{8}, {4, 7}, {5, 6}, {3}, {1, 2}], [{8}, {4, 7}, {6}, {2, 5}, {1, 3}], [{8}, {4, 7}, {6}, {2, 5}, {3}, {1}], [{8}, {5, 7}, {2, 6}, {4}, {1, 3}], [{8}, {6, 7}, {2, 5}, {3, 4}, {1}], [{8}, {7}, {1, 6}, {2, 5}, {3, 4}], [{8}, {7}, {2, 6}, {1, 5}, {3, 4}], [{8}, {7}, {3, 6}, {4, 5}, {1, 2}], [{8}, {7}, {5, 6}, {3, 4}, {1, 2}], [{8}, {7}, {6}, {2, 5}, {3, 4}, {1}]]",2,4 K_1^3 - 14 K_1^2 - 4 K_1 K_2 - K_1 + 7 K_2 + K_3 + 8,O1O2O3U4O5U3U6U5O7O8U1O4U8U2O6U7,O1O2O3U1O4U3U5U6O7U2O5O8U4O6U8U7,O1O2O3U4U5O6U7O5O8U2O4U6U8U1O7U3,c,"{'O1O2O3U4U1O5U6O7U3O6O4U8U2U5O8U7', 'O1O2O3U4O5U2U6O7U3O6O4U8U5U1O8U7'}",2,"<a href=""/flatknot/8.1101951"">8.1101951</a>",t^9-32t^7-66t^6+60t^5+146t^4-91t^3-102t^2+72t,t^2-2t,,
8.1101952,O1O2O3U4O5U2U6O7U3O6O4U8U7U1O8U5,4,21z^2+102z+121,21w^3z^2+102w^2z+121w,False,False,"[[ 0  0 -1  1  0  2  0  0 -2],[ 0  0  0  2 -1  1  0 -1 -1],[ 1  0  0  1  0  1  0  0  1],[-1 -2 -1  0  0  0 -1 -1 -2],[ 0  1  0  0  0  1  0  1 -1],[-2 -1 -1  0 -1  0 -1  0 -3],[ 0  0  0  1  0  1  0  0 -1],[ 0  1  0  1 -1  0  0  0  0],[ 2  1 -1  2  1  3  1  0  0]]","[[ 0  2  1  0  0  0  0 -1 -2],[-2  0  0  0 -1 -1 -1 -1 -3],[-1  0  0 -1  0 -1 -2 -1 -2],[ 0  0  1  0 -1  0  1  0  0],[ 0  1  0  1  0  0  1  0 -1],[ 0  1  1  0  0  0  0  0 -1],[ 0  1  2 -1 -1  0  0  0 -1],[ 1  1  1  0  0  0  0  0  1],[ 2  3  2  0  1  1  1 -1  0]]",True,"[-2,-1,0,0,0,0,1,2,0,0,1,1,1,1,3,1,0,1,2,1,2,1,0,-1,0,0,0,-1,0,1,0,0,1,0,1,-1]","[-2,-1,0,0,0,0,1,2,-1,0,1,1,1,2,3,0,0,0,0,1,1,-1,0,1,1,0,0,1,0,1,0,1,1,2,1,0]",t^8+31t^6+153t^4+87t^2+4,"[-2,-1,0,0,0,0,1,2,2,1,1,1,2,1,1,1,1,1,1,1,2,-1,0,-1,1,1,0,1,-1,1,0,0,1,0,2,1]","[-2,-1,0,0,0,0,1,2,1,1,1,1,2,2,1,-1,0,1,0,1,1,0,-1,-1,1,1,0,0,1,1,1,1,1,1,2,2]","[-2,-1,0,0,0,0,1,2,-1,0,1,1,1,2,3,0,0,0,0,1,1,-1,0,1,1,0,0,1,0,1,0,1,1,2,1,0]",c,"[[{8, 5}, {1, 7}, {4, 6}, {2, 3}], [{8, 5}, {4, 7}, {1, 6}, {2, 3}], [{8, 5}, {6, 7}, {1, 4}, {2, 3}], [{8, 5}, {6, 7}, {4}, {2, 3}, {1}], [{8, 5}, {7}, {6}, {1, 4}, {2, 3}]]",1,4 K_1^3 - 12 K_1^2 - 4 K_1 K_2 - K_1 + 6 K_2 + K_3 + 7,O1O2O3U4O5U3U6U5O7O8U1O6U8U2O4U7,O1O2O3U1O4U3U5U6O7U4O5O8U2O6U8U7,O1O2O3U4U5O6U2O5O7U8O4U6U7U1O8U3,c,{'O1O2O3U4O5U2U6O7U3O6O4U8U7U1O8U5'},1,"<a href=""/flatknot/8.1101952"">8.1101952</a>",t^9-31t^7-54t^6+97t^5+220t^4-9t^3-158t^2-18t+32,0,,
8.1101953,O1O2O3U4O5U2U6O7U5O6O4U1U8U3O8U7,4,5z^2+74z+129,5w^3z^2+74w^2z+129w,False,False,"[[ 0 -2 -1  2  0  1  0  1 -1],[ 2  0  0  2  1  2  1  1  1],[ 1  0  0  1  0  1  0  1  0],[-2 -2 -1  0 -2  1 -3 -1 -2],[ 0 -1  0  2  0  0  1  1 -1],[-1 -2 -1 -1  0  0 -1  0 -1],[ 0 -1  0  3 -1  1  0  1 -1],[-1 -1 -1  1 -1  0 -1  0 -1],[ 1 -1  0  2  1  1  1  1  0]]","[[ 0  2  1  1  0  0 -1 -1 -2],[-2  0  1 -1 -2 -3 -1 -2 -2],[-1 -1  0  0  0 -1 -1 -1 -2],[-1  1  0  0 -1 -1 -1 -1 -1],[ 0  2  0  1  0  1  0 -1 -1],[ 0  3  1  1 -1  0  0 -1 -1],[ 1  1  1  1  0  0  0  0  0],[ 1  2  1  1  1  1  0  0 -1],[ 2  2  2  1  1  1  0  1  0]]",True,"[-2,-1,-1,0,0,1,1,2,-1,1,2,3,1,2,2,0,0,1,1,1,2,1,1,1,1,1,-1,0,1,1,0,1,1,0,0,1]","[-2,-1,-1,0,0,1,1,2,-1,1,2,3,1,2,2,0,0,1,1,1,2,1,1,1,1,1,-1,0,1,1,0,1,1,0,0,1]",t^8+42t^6+196t^4+99t^2+4,"[-2,-1,-1,0,0,1,1,2,0,1,1,1,1,2,2,0,0,0,1,1,1,1,1,1,1,2,-1,1,0,0,0,0,-1,0,2,0]","[-2,-1,-1,0,0,1,1,2,0,2,-1,0,1,2,2,0,0,0,1,1,2,0,1,1,1,1,-1,0,1,1,0,1,1,0,0,1]","[-2,-1,-1,0,0,1,1,2,0,1,1,1,1,2,2,0,0,0,1,1,1,1,1,1,1,2,-1,1,1,3,1,0,2,0,1,-1]",c,"[[{8, 2}, {1, 7}, {3, 6}, {4, 5}], [{8, 2}, {1, 7}, {5, 6}, {3, 4}], [{8, 3}, {5, 7}, {2, 6}, {1, 4}], [{8}, {5, 7}, {2, 6}, {1, 4}, {3}]]",1,- 36 K_1^2 - 12 K_1 K_2 + 6 K_1 + 18 K_2 + 6 K_3 + 19,O1O2O3U4O5U1U5U3O6O7U8O4U7U2O8U6,O1O2O3U2O4U1U5U3O6U7O5O8U4O7U8U6,O1O2O3U4U5O6U7O5O8U6O4U1U8U3O7U2,c,{'O1O2O3U4O5U2U6O7U5O6O4U1U8U3O8U7'},1,"<a href=""/flatknot/8.1101953"">8.1101953</a>",t^9-42t^7-126t^6+2t^5+318t^4+239t^3-70t^2-60t+18,0,,
8.1101954,O1O2O3U4O5U2U6O7U5O6O4U1U8U7O8U3,3,10z^2+87z+135,10w^3z^2+87w^2z+135w,False,False,"[[ 0 -2 -1  2  0  1  0  1 -1],[ 2  0  0  3  1  2  1  0  1],[ 1  0  0  1  0  1  0  0  1],[-2 -3 -1  0 -1  0 -2  0 -3],[ 0 -1  0  1  0  0  1  1  0],[-1 -2 -1  0  0  0 -1  0 -2],[ 0 -1  0  2 -1  1  0  1  0],[-1  0  0  0 -1  0 -1  0 -1],[ 1 -1 -1  3  0  2  0  1  0]]","[[ 0  2  1  1  0  0 -1 -1 -2],[-2  0  0  0 -1 -2 -1 -3 -3],[-1  0  0  0  0 -1 -1 -2 -2],[-1  0  0  0 -1 -1  0 -1  0],[ 0  1  0  1  0  1  0  0 -1],[ 0  2  1  1 -1  0  0  0 -1],[ 1  1  1  0  0  0  0  1  0],[ 1  3  2  1  0  0 -1  0 -1],[ 2  3  2  0  1  1  0  1  0]]",True,"[-2,-1,-1,0,0,1,1,2,0,0,1,2,1,3,3,0,0,1,1,2,2,1,1,0,1,0,-1,0,0,1,0,0,1,-1,0,1]","[-2,-1,-1,0,0,1,1,2,0,0,1,2,1,3,3,0,0,1,1,2,2,1,1,0,1,0,-1,0,0,1,0,0,1,-1,0,1]",t^8+42t^6+144t^4+67t^2,"[-2,-1,-1,0,0,1,1,2,0,1,1,1,1,3,1,1,1,1,0,1,0,1,1,1,2,2,-1,1,0,1,0,0,0,0,1,1]","[-2,-1,-1,0,0,1,1,2,1,1,0,1,0,2,1,0,0,0,1,2,3,0,1,0,1,1,-1,1,1,1,1,1,1,-1,0,1]","[-2,-1,-1,0,0,1,1,2,0,1,1,1,0,2,3,1,0,0,0,1,1,0,0,1,2,3,-1,1,1,2,1,0,1,0,0,0]",c,"[[{8, 1}, {2, 7}, {3, 6}, {4, 5}], [{8, 1}, {2, 7}, {5, 6}, {3, 4}], [{8, 5}, {2, 7}, {4, 6}, {1, 3}], [{8, 5}, {2, 7}, {6}, {4}, {1, 3}], [{8}, {2, 7}, {3, 6}, {4, 5}, {1}], [{8}, {2, 7}, {5, 6}, {3, 4}, {1}]]",1,- 20 K_1^2 - 4 K_1 K_2 + 2 K_1 + 10 K_2 + 2 K_3 + 11,O1O2O3U1O4U5U4U3O6O7U8O5U7U2O8U6,O1O2O3U2O4U1U5U4O6U7O5O8U3O7U8U6,O1O2O3U4U5O6U1O5O7U6O4U8U7U3O8U2,c,{'O1O2O3U4O5U2U6O7U5O6O4U1U8U7O8U3'},1,"<a href=""/flatknot/8.1101954"">8.1101954</a>",t^9-42t^7-72t^6+142t^5+228t^4+24t^3-22t^2,0,,
8.1101955,O1O2O3U4O5U2U6O7U5O6O4U7U8U1O8U3,4,16z^2+101z+139,16w^3z^2+101w^2z+139w,False,False,"[[ 0  0 -1  2  0  1  0 -1 -1],[ 0  0  0  1  0  1  0 -1  0],[ 1  0  0  1  0  1  0  0  1],[-2 -1 -1  0 -1  0 -2 -1 -2],[ 0  0  0  1  0  0  1 -1 -1],[-1 -1 -1  0  0  0 -1  0 -1],[ 0  0  0  2 -1  1  0 -1 -1],[ 1  1  0  1  1  0  1  0  1],[ 1  0 -1  2  1  1  1 -1  0]]","[[ 0  2  1  0  0  0 -1 -1 -1],[-2  0  0 -1 -1 -2 -1 -1 -2],[-1  0  0  0 -1 -1  0 -1 -1],[ 0  1  0  0  0  1 -1  0 -1],[ 0  1  1  0  0  0 -1  0  0],[ 0  2  1 -1  0  0 -1  0 -1],[ 1  1  0  1  1  1  0  0  1],[ 1  1  1  0  0  0  0  0  1],[ 1  2  1  1  0  1 -1 -1  0]]",True,"[-2,-1,0,0,0,1,1,1,0,1,1,2,1,1,2,0,1,1,0,1,1,0,-1,1,0,1,0,1,0,0,1,0,1,0,-1,-1]","[-2,-1,0,0,0,1,1,1,0,1,1,2,1,1,2,0,1,1,0,1,1,0,-1,1,0,1,0,1,0,0,1,0,1,0,-1,-1]",t^8+24t^6+78t^4+37t^2+1,"[-1,-1,-1,0,0,0,1,2,-1,0,0,0,0,2,2,1,0,0,1,1,1,1,1,1,1,2,-1,0,1,1,0,0,0,0,1,1]","[-2,-1,0,0,0,1,1,1,1,0,1,1,1,2,2,0,0,1,1,1,2,0,-1,0,1,0,0,1,1,0,0,1,0,-1,-1,0]","[-1,-1,-1,0,0,0,1,2,-1,-1,0,1,1,1,2,0,0,0,0,1,1,1,1,1,0,1,0,0,1,1,-1,1,2,0,1,0]",c,"[[{8, 2}, {3, 7}, {4, 6}, {1, 5}], [{8, 4}, {3, 7}, {2, 6}, {1, 5}], [{8, 6}, {3, 7}, {1, 5}, {2, 4}], [{8, 6}, {3, 7}, {1, 5}, {4}, {2}], [{8}, {3, 7}, {6}, {1, 5}, {2, 4}]]",1,- 18 K_1^2 - 4 K_1 K_2 + 2 K_1 + 9 K_2 + 2 K_3 + 10,O1O2O3U1O4U3U4U5O6O7U8O5U7U2O8U6,O1O2O3U2O4U3U5U4O6U7O5O8U1O7U8U6,O1O2O3U4U5O6U3O5O7U6O4U8U7U1O8U2,c,{'O1O2O3U4O5U2U6O7U5O6O4U7U8U1O8U3'},1,"<a href=""/flatknot/8.1101955"">8.1101955</a>",t^9-22t^7-48t^6+11t^5+90t^4+25t^3-48t^2-15t+8,-t^2+2t,,
8.1101956,O1O2O3U4O5U2U6O7U5O6O4U8U1U3O8U7,4,19z^2+104z+133,19w^3z^2+104w^2z+133w,False,False,"[[ 0 -1 -1  2  0  1  0  1 -2],[ 1  0  0  2  0  2  0  0  0],[ 1  0  0  1  0  1  0  1  0],[-2 -2 -1  0 -2  1 -3 -1 -2],[ 0  0  0  2  0  0  1  1 -2],[-1 -2 -1 -1  0  0 -1  0 -1],[ 0  0  0  3 -1  1  0  1 -2],[-1  0 -1  1 -1  0 -1  0 -1],[ 2  0  0  2  2  1  2  1  0]]","[[ 0  2  1  1  0  0 -1 -1 -2],[-2  0  1 -1 -2 -3 -1 -2 -2],[-1 -1  0  0  0 -1 -1 -2 -1],[-1  1  0  0 -1 -1 -1  0 -1],[ 0  2  0  1  0  1  0  0 -2],[ 0  3  1  1 -1  0  0  0 -2],[ 1  1  1  1  0  0  0  0  0],[ 1  2  2  0  0  0  0  0  0],[ 2  2  1  1  2  2  0  0  0]]",True,"[-2,-1,-1,0,0,1,1,2,-1,1,2,3,1,2,2,0,0,1,1,2,1,1,1,1,0,1,-1,0,0,2,0,0,2,0,0,0]","[-2,-1,-1,0,0,1,1,2,-1,1,2,3,1,2,2,0,0,1,1,2,1,1,1,1,0,1,-1,0,0,2,0,0,2,0,0,0]",t^8+44t^6+259t^4+196t^2+4,"[-2,-1,-1,0,0,1,1,2,1,1,0,0,2,2,2,0,1,1,0,2,1,1,1,1,1,2,-1,1,0,0,0,0,-1,0,2,0]","[-2,-1,-1,0,0,1,1,2,0,2,-1,0,1,2,2,0,0,0,2,1,2,0,1,0,1,2,-1,1,1,0,1,1,0,0,1,1]","[-2,-1,-1,0,0,1,1,2,0,0,2,2,1,1,2,0,0,0,0,2,2,0,0,1,1,1,-1,1,1,3,1,0,2,0,1,-1]",c,"[[{8, 3}, {2, 7}, {4, 6}, {1, 5}], [{8, 3}, {2, 7}, {6}, {1, 5}, {4}]]",1,- 16 K_1^2 - 4 K_1 K_2 + 2 K_1 + 8 K_2 + 2 K_3 + 9,O1O2O3U4O5U1U3U5O6O7U8O4U7U2O8U6,O1O2O3U1O4U2U5U3O6U7O5O8U4O7U8U6,O1O2O3U4U5O6U7O5O8U6O4U1U8U2O7U3,c,{'O1O2O3U4O5U2U6O7U5O6O4U8U1U3O8U7'},1,"<a href=""/flatknot/8.1101956"">8.1101956</a>",t^9-44t^7-102t^6+177t^5+488t^4-79t^3-478t^2+29t+164,0,,
8.1101957,O1O2O3U4O5U2U6O7U5O6O4U8U3U1O8U7,4,14z^2+99z+143,14w^3z^2+99w^2z+143w,False,False,"[[ 0  0 -1  1  0  1  0  1 -2],[ 0  0 -1  1 -1  2 -1  0 -1],[ 1  1  0  1  0  1  0  1  0],[-1 -1 -1  0 -1  1 -2 -1 -1],[ 0  1  0  1  0  0  1  1 -2],[-1 -2 -1 -1  0  0 -1  0 -1],[ 0  1  0  2 -1  1  0  1 -2],[-1  0 -1  1 -1  0 -1  0 -1],[ 2  1  0  1  2  1  2  1  0]]","[[ 0  1  1  1  0  0  0 -1 -2],[-1  0  1  0  0 -1 -1 -1 -1],[-1 -1  0  1 -1 -1 -2 -1 -1],[-1  0 -1  0 -2  0 -1 -1 -1],[ 0  0  1  2  0 -1 -1 -1 -1],[ 0  1  1  0  1  0  1  0 -2],[ 0  1  2  1  1 -1  0  0 -2],[ 1  1  1  1  1  0  0  0  0],[ 2  1  1  1  1  2  2  0  0]]",True,"[-1,-1,-1,0,0,0,1,2,-1,0,0,1,1,1,1,-1,1,1,2,1,1,2,0,1,1,1,1,1,1,1,-1,0,2,0,2,0]","[-2,-1,0,0,0,1,1,1,0,1,2,2,1,1,1,1,0,0,1,1,1,-1,-1,0,1,2,-1,1,2,1,1,1,0,1,0,1]",t^8+34t^6+172t^4+132t^2+16,"[-2,-1,0,0,0,1,1,1,1,0,0,1,2,2,2,1,1,0,1,1,1,-1,-1,0,0,1,-1,-1,0,0,0,1,-1,1,-1,0]","[-1,-1,-1,0,0,0,1,2,-1,0,-1,0,1,1,2,-1,0,-1,0,1,2,1,0,0,1,2,-1,-1,0,1,-1,1,0,1,0,1]","[-2,-1,0,0,0,1,1,1,0,1,2,2,1,1,1,1,0,0,1,1,1,-1,-1,0,1,2,-1,1,2,1,1,1,0,1,0,1]",c,"[[{8, 2}, {1, 7}, {3, 6}, {4, 5}], [{8, 2}, {1, 7}, {5, 6}, {3, 4}]]",1,- 22 K_1^2 - 4 K_1 K_2 + 2 K_1 + 11 K_2 + 2 K_3 + 12,O1O2O3U4O5U3U1U5O6O7U8O4U7U2O8U6,O1O2O3U1O4U3U5U2O6U7O5O8U4O7U8U6,O1O2O3U4U5O6U7O5O8U6O4U2U8U1O7U3,c,{'O1O2O3U4O5U2U6O7U5O6O4U8U3U1O8U7'},1,"<a href=""/flatknot/8.1101957"">8.1101957</a>",t^9-36t^7-88t^6+65t^5+282t^4-16t^3-228t^2+88t+96,t^2-2t,,
8.1101958,O1O2O3U4O5U2U6O7U8O6O4U1U7U3O8U5,4,z^3+17z^2+91z+123,w^4z^3+17w^3z^2+91w^2z+123w,False,False,"[[ 0 -2 -1  2  0  2  0  0 -1],[ 2  0  1  3  1  2  2 -1  2],[ 1 -1  0  0  1  1  1 -1  1],[-2 -3  0  0 -1 -1 -1 -2 -1],[ 0 -1 -1  1  0  2  0  1 -2],[-2 -2 -1  1 -2  0 -2  0 -2],[ 0 -2 -1  1  0  2  0  0 -1],[ 0  1  1  2 -1  0  0  0  0],[ 1 -2 -1  1  2  2  1  0  0]]","[[ 0  2  2  0  0  0 -1 -1 -2],[-2  0  1  0 -2 -2 -1 -2 -2],[-2 -1  0 -2 -1 -1  0 -1 -3],[ 0  0  2  0  0 -1  1  0  1],[ 0  2  1  0  0  0 -1 -1 -2],[ 0  2  1  1  0  0 -1 -2 -1],[ 1  1  0 -1  1  1  0  1 -1],[ 1  2  1  0  1  2 -1  0 -2],[ 2  2  3 -1  2  1  1  2  0]]",True,"[-2,-2,0,0,0,1,1,2,-1,0,2,2,1,2,2,2,1,1,0,1,3,0,1,-1,0,-1,0,1,1,2,1,2,1,-1,1,2]","[-2,-2,0,0,0,1,1,2,-1,0,1,1,2,3,1,2,0,0,1,2,2,-1,0,1,2,3,0,-1,0,1,0,0,0,-1,-1,0]",t^8+55t^6+590t^4+361t^2+1,"[-2,-1,-1,0,0,0,2,2,-1,0,0,1,3,1,2,1,0,-1,1,2,1,0,0,2,3,2,0,0,1,0,-1,1,0,0,2,1]","[-2,-2,0,0,0,1,1,2,-1,0,1,1,2,3,1,2,0,0,1,2,2,-1,0,1,2,3,0,-1,0,1,0,0,0,-1,-1,0]","[-2,-1,-1,0,0,0,2,2,1,2,-1,1,2,2,3,1,-1,1,1,1,0,0,2,1,2,1,-1,0,0,2,0,2,1,2,1,1]",c,"[[{8, 5}, {2, 7}, {3, 6}, {1, 4}]]",1,4 K_1^3 - 26 K_1^2 - 8 K_1 K_2 + K_1 + 13 K_2 + 3 K_3 + 14,O1O2O3U4O5U1U6U3O7O8U5O6U8U2O4U7,O1O2O3U4O5U1U6U3O7U5O6O8U2O4U8U7,O1O2O3U4U5O6U2O5O7U8O4U1U7U3O8U6,c,{'O1O2O3U4O5U2U6O7U8O6O4U1U7U3O8U5'},1,"<a href=""/flatknot/8.1101958"">8.1101958</a>",t^9-53t^7-200t^6-111t^5+452t^4+457t^3-114t^2+138t-106,-t^2+2t,,
8.1101959,O1O2O3U4O5U2U6O7U8O6O4U1U7U5O8U3,4,z^3+18z^2+100z+137,w^4z^3+18w^3z^2+100w^2z+137w,False,False,"[[ 0 -2 -1  2  0  2  0  0 -1],[ 2  0  1  3  1  2  2 -1  2],[ 1 -1  0  1  1  0  1 -1  1],[-2 -3 -1  0 -1  0 -2 -1 -2],[ 0 -1 -1  1  0  1  0  1 -1],[-2 -2  0  0 -1  0 -1 -1 -2],[ 0 -2 -1  2  0  1  0  0 -1],[ 0  1  1  1 -1  1  0  0  0],[ 1 -2 -1  2  1  2  1  0  0]]","[[ 0  2  2  0  0  0 -1 -1 -2],[-2  0  0 -1 -1 -1  0 -2 -2],[-2  0  0 -1 -1 -2 -1 -2 -3],[ 0  1  1  0  1  0 -1 -1 -1],[ 0  1  1 -1  0  0  1  0  1],[ 0  1  2  0  0  0 -1 -1 -2],[ 1  0  1  1 -1  1  0  1 -1],[ 1  2  2  1  0  1 -1  0 -2],[ 2  2  3  1 -1  2  1  2  0]]",True,"[-2,-2,0,0,0,1,1,2,0,1,1,1,0,2,2,1,1,2,1,2,3,-1,0,1,1,1,0,-1,0,-1,1,1,2,-1,1,2]","[-2,-2,0,0,0,1,1,2,0,0,1,1,1,2,1,1,1,1,1,3,2,0,0,0,0,0,-1,1,2,3,0,0,1,-1,-1,0]",t^8+49t^6+297t^4+138t^2+1,"[-2,-1,-1,0,0,0,2,2,-1,0,0,1,3,1,2,1,0,0,1,1,1,0,0,2,2,3,0,0,0,1,-1,1,1,1,1,0]","[-2,-2,0,0,0,1,1,2,0,0,1,1,1,2,1,1,1,1,1,3,2,0,0,0,0,0,-1,1,2,3,0,0,1,-1,-1,0]","[-2,-1,-1,0,0,0,2,2,1,2,-1,1,2,2,3,1,-1,1,1,0,1,0,1,1,2,2,-1,0,1,1,0,1,1,1,2,0]",c,"[[{8, 6}, {5, 7}, {2, 4}, {1, 3}], [{8, 6}, {5, 7}, {4}, {1, 3}, {2}]]",1,4 K_1^3 - 22 K_1^2 - 8 K_1 K_2 + K_1 + 11 K_2 + 3 K_3 + 12,O1O2O3U1O4U5U6U3O7O8U4O6U8U2O5U7,O1O2O3U4O5U1U6U5O7U3O6O8U2O4U8U7,O1O2O3U4U5O6U2O5O7U1O4U8U7U3O8U6,c,{'O1O2O3U4O5U2U6O7U8O6O4U1U7U5O8U3'},1,"<a href=""/flatknot/8.1101959"">8.1101959</a>",t^9-47t^7-180t^6-178t^5+86t^4+151t^3+44t^2+49t+26,-t^2+2t,,
8.1101960,O1O2O3U4O5U2U6O7U8O6O4U7U1U3O8U5,4,17z^2+102z+137,17w^3z^2+102w^2z+137w,False,False,"[[ 0 -1 -1  2  0  2  0 -1 -1],[ 1  0  1  2  1  1  2 -2  1],[ 1 -1  0  0  1  1  1 -1  1],[-2 -2  0  0 -1 -1 -1 -2 -1],[ 0 -1 -1  1  0  2  0  0 -2],[-2 -1 -1  1 -2  0 -2  0 -2],[ 0 -2 -1  1  0  2  0 -1 -1],[ 1  2  1  2  0  0  1  0  1],[ 1 -1 -1  1  2  2  1 -1  0]]","[[ 0  2  2  0  0 -1 -1 -1 -1],[-2  0  1 -2 -2  0 -1 -1 -2],[-2 -1  0 -1 -1 -2  0 -2 -1],[ 0  2  1  0  0  0 -1 -1 -2],[ 0  2  1  0  0 -1 -1 -2 -1],[ 1  0  2  0  1  0  1  2  1],[ 1  1  0  1  1 -1  0 -1  1],[ 1  1  2  1  2 -2  1  0  1],[ 1  2  1  2  1 -1 -1 -1  0]]",True,"[-2,-2,0,0,1,1,1,1,-1,2,2,0,1,1,2,1,1,2,0,2,1,0,0,1,1,2,1,1,2,1,-1,-2,-1,1,-1,-1]","[-2,-2,0,0,1,1,1,1,-1,1,1,1,1,2,3,0,0,2,3,1,2,0,-1,0,0,0,0,1,-1,0,-2,1,1,1,1,-1]",t^8+48t^6+420t^4+289t^2,"[-1,-1,-1,-1,0,0,2,2,-2,-1,-1,0,1,1,3,-1,-1,-1,0,1,2,-1,0,0,3,2,0,-1,2,1,0,1,0,1,0,1]","[-2,-2,0,0,1,1,1,1,-1,1,1,1,1,2,3,0,0,2,3,1,2,0,-1,0,0,0,0,1,-1,0,-2,1,1,1,1,-1]","[-1,-1,-1,-1,0,0,2,2,-2,1,1,1,2,1,2,1,1,0,1,0,2,-1,2,1,2,1,1,1,1,0,0,2,1,2,1,1]",c,"[[{8, 1}, {2, 7}, {5, 6}, {3, 4}], [{8, 6}, {3, 7}, {1, 5}, {2, 4}]]",1,4 K_1^3 - 20 K_1^2 - 8 K_1 K_2 + K_1 + 10 K_2 + 3 K_3 + 11,O1O2O3U4O5U1U3U6O7O8U5O6U8U2O4U7,O1O2O3U4O5U2U6U3O7U5O6O8U1O4U8U7,O1O2O3U4U5O6U3O5O7U8O4U1U7U2O8U6,c,{'O1O2O3U4O5U2U6O7U8O6O4U7U1U3O8U5'},1,"<a href=""/flatknot/8.1101960"">8.1101960</a>",t^9-44t^7-166t^6-160t^5+324t^4+1120t^3+1202t^2+414t+36,-2t^2+4t,,
8.1101961,O1O2O3U4O5U2U6O7U8O6O4U7U1U5O8U3,3,12z^2+65z+83,-2w^4z^2+14w^3z^2-6w^3z+71w^2z+83w,False,False,"[[ 0 -1 -1  2  0  2  0 -1 -1],[ 1  0  1  2  1  1  2 -2  1],[ 1 -1  0  1  1  0  1 -1  1],[-2 -2 -1  0 -1  0 -2 -1 -2],[ 0 -1 -1  1  0  1  0  0 -1],[-2 -1  0  0 -1  0 -1 -1 -2],[ 0 -2 -1  2  0  1  0 -1 -1],[ 1  2  1  1  0  1  1  0  1],[ 1 -1 -1  2  1  2  1 -1  0]]","[[ 0  2  2  0  0 -1 -1 -1 -1],[-2  0  0 -1 -1  0 -1 -1 -2],[-2  0  0 -1 -2 -1 -1 -2 -2],[ 0  1  1  0  0 -1  0 -1 -1],[ 0  1  2  0  0 -1 -1 -2 -1],[ 1  0  1  1  1  0 -1 -1  1],[ 1  1  1  0  1  1  0  2  1],[ 1  1  2  1  2  1 -2  0  1],[ 1  2  2  1  1 -1 -1 -1  0]]",True,"[-2,-2,0,0,1,1,1,1,0,1,1,0,1,1,2,1,2,1,1,2,2,0,1,0,1,1,1,1,2,1,1,1,-1,-2,-1,-1]","[-2,-2,0,0,1,1,1,1,0,0,1,1,1,2,2,1,1,1,2,2,3,0,0,-1,0,0,0,0,1,0,-1,-1,-1,-2,1,1]",t^8+42t^6+193t^4+80t^2,"[-1,-1,-1,-1,0,0,2,2,-2,-1,-1,0,1,2,2,-1,-1,-1,0,1,2,-1,0,0,2,3,0,0,1,1,0,0,1,1,1,0]","[-2,-2,0,0,1,1,1,1,0,0,1,1,1,2,2,1,1,1,2,2,3,0,0,-1,0,0,0,0,1,0,-1,-1,-1,-2,1,1]","[-1,-1,-1,-1,0,0,2,2,-2,1,1,1,2,1,2,1,1,0,1,1,1,-1,1,1,2,2,1,1,0,1,0,1,1,1,2,0]",c,"[[{8, 1}, {2, 7}, {3, 6}, {4, 5}], [{8, 1}, {2, 7}, {4, 6}, {3, 5}], [{8, 1}, {2, 7}, {5, 6}, {3, 4}], [{8, 1}, {3, 7}, {2, 6}, {4, 5}], [{8, 1}, {3, 7}, {4, 6}, {2, 5}], [{8, 1}, {3, 7}, {5, 6}, {2, 4}], [{8, 1}, {4, 7}, {2, 6}, {3, 5}], [{8, 1}, {4, 7}, {3, 6}, {2, 5}], [{8, 1}, {4, 7}, {3, 6}, {5}, {2}], [{8, 1}, {4, 7}, {5, 6}, {2, 3}], [{8, 1}, {5, 7}, {2, 6}, {3, 4}], [{8, 1}, {5, 7}, {3, 6}, {2, 4}], [{8, 1}, {5, 7}, {4, 6}, {2, 3}], [{8, 1}, {6, 7}, {2, 5}, {3, 4}], [{8, 1}, {6, 7}, {3, 5}, {2, 4}], [{8, 1}, {6, 7}, {4, 5}, {2, 3}], [{8, 1}, {7}, {6}, {2, 5}, {3, 4}], [{8, 1}, {7}, {6}, {3, 5}, {2, 4}], [{8, 2}, {1, 7}, {3, 6}, {4, 5}], [{8, 2}, {1, 7}, {4, 6}, {3, 5}], [{8, 2}, {1, 7}, {5, 6}, {3, 4}], [{8, 2}, {1, 7}, {5, 6}, {4}, {3}], [{8, 2}, {3, 7}, {1, 6}, {4, 5}], [{8, 2}, {3, 7}, {4, 6}, {1, 5}], [{8, 2}, {3, 7}, {5, 6}, {1, 4}], [{8, 2}, {3, 7}, {6}, {1, 5}, {4}], [{8, 2}, {4, 7}, {1, 6}, {3, 5}], [{8, 2}, {4, 7}, {1, 6}, {5}, {3}], [{8, 2}, {4, 7}, {3, 6}, {1, 5}], [{8, 2}, {4, 7}, {5, 6}, {1, 3}], [{8, 2}, {5, 7}, {1, 6}, {3, 4}], [{8, 2}, {5, 7}, {3, 6}, {1, 4}], [{8, 2}, {5, 7}, {3, 6}, {4}, {1}], [{8, 2}, {5, 7}, {4, 6}, {1, 3}], [{8, 2}, {5, 7}, {4, 6}, {3}, {1}], [{8, 2}, {5, 7}, {6}, {3, 4}, {1}], [{8, 2}, {6, 7}, {1, 5}, {3, 4}], [{8, 2}, {6, 7}, {3, 5}, {1, 4}], [{8, 2}, {6, 7}, {4, 5}, {1, 3}], [{8, 2}, {6, 7}, {5}, {1, 4}, {3}], [{8, 3}, {1, 7}, {2, 6}, {4, 5}], [{8, 3}, {1, 7}, {4, 6}, {2, 5}], [{8, 3}, {1, 7}, {4, 6}, {5}, {2}], [{8, 3}, {1, 7}, {5, 6}, {2, 4}], [{8, 3}, {2, 7}, {1, 6}, {4, 5}], [{8, 3}, {2, 7}, {1, 6}, {5}, {4}], [{8, 3}, {2, 7}, {4, 6}, {1, 5}], [{8, 3}, {2, 7}, {5, 6}, {1, 4}], [{8, 3}, {4, 7}, {1, 6}, {2, 5}], [{8, 3}, {4, 7}, {1, 6}, {5}, {2}], [{8, 3}, {4, 7}, {2, 6}, {1, 5}], [{8, 3}, {4, 7}, {2, 6}, {5}, {1}], [{8, 3}, {4, 7}, {5, 6}, {1, 2}], [{8, 3}, {4, 7}, {5, 6}, {2}, {1}], [{8, 3}, {4, 7}, {6}, {1, 5}, {2}], [{8, 3}, {4, 7}, {6}, {2, 5}, {1}], [{8, 3}, {4, 7}, {6}, {5}, {1, 2}], [{8, 3}, {4, 7}, {6}, {5}, {2}, {1}], [{8, 3}, {5, 7}, {1, 6}, {2, 4}], [{8, 3}, {5, 7}, {1, 6}, {4}, {2}], [{8, 3}, {5, 7}, {2, 6}, {1, 4}], [{8, 3}, {5, 7}, {4, 6}, {1, 2}], [{8, 3}, {6, 7}, {1, 5}, {2, 4}], [{8, 3}, {6, 7}, {2, 5}, {1, 4}], [{8, 3}, {6, 7}, {4, 5}, {1, 2}], [{8, 3}, {6, 7}, {5}, {1, 4}, {2}], [{8, 3}, {7}, {1, 6}, {2, 5}, {4}], [{8, 3}, {7}, {1, 6}, {4, 5}, {2}], [{8, 3}, {7}, {1, 6}, {5}, {2, 4}], [{8, 3}, {7}, {1, 6}, {5}, {4}, {2}], [{8, 3}, {7}, {2, 6}, {1, 5}, {4}], [{8, 3}, {7}, {5, 6}, {4}, {1, 2}], [{8, 4}, {1, 7}, {2, 6}, {3, 5}], [{8, 4}, {1, 7}, {3, 6}, {2, 5}], [{8, 4}, {1, 7}, {5, 6}, {2, 3}], [{8, 4}, {2, 7}, {1, 6}, {3, 5}], [{8, 4}, {2, 7}, {3, 6}, {1, 5}], [{8, 4}, {2, 7}, {5, 6}, {1, 3}], [{8, 4}, {3, 7}, {1, 6}, {2, 5}], [{8, 4}, {3, 7}, {1, 6}, {5}, {2}], [{8, 4}, {3, 7}, {2, 6}, {1, 5}], [{8, 4}, {3, 7}, {2, 6}, {5}, {1}], [{8, 4}, {3, 7}, {5, 6}, {1, 2}], [{8, 4}, {3, 7}, {5, 6}, {2}, {1}], [{8, 4}, {3, 7}, {6}, {1, 5}, {2}], [{8, 4}, {3, 7}, {6}, {2, 5}, {1}], [{8, 4}, {3, 7}, {6}, {5}, {1, 2}], [{8, 4}, {5, 7}, {1, 6}, {2, 3}], [{8, 4}, {5, 7}, {2, 6}, {1, 3}], [{8, 4}, {5, 7}, {3, 6}, {1, 2}], [{8, 4}, {6, 7}, {1, 5}, {2, 3}], [{8, 4}, {6, 7}, {2, 5}, {1, 3}], [{8, 4}, {6, 7}, {3, 5}, {1, 2}], [{8, 4}, {7}, {1, 6}, {2, 5}, {3}], [{8, 4}, {7}, {2, 6}, {1, 5}, {3}], [{8, 4}, {7}, {5, 6}, {3}, {1, 2}], [{8, 5}, {1, 7}, {2, 6}, {3, 4}], [{8, 5}, {1, 7}, {3, 6}, {2, 4}], [{8, 5}, {1, 7}, {4, 6}, {2, 3}], [{8, 5}, {2, 7}, {1, 6}, {3, 4}], [{8, 5}, {2, 7}, {1, 6}, {4}, {3}], [{8, 5}, {2, 7}, {3, 6}, {1, 4}], [{8, 5}, {2, 7}, {3, 6}, {4}, {1}], [{8, 5}, {2, 7}, {4, 6}, {1, 3}], [{8, 5}, {2, 7}, {4, 6}, {3}, {1}], [{8, 5}, {2, 7}, {6}, {1, 4}, {3}], [{8, 5}, {2, 7}, {6}, {3, 4}, {1}], [{8, 5}, {2, 7}, {6}, {4}, {1, 3}], [{8, 5}, {2, 7}, {6}, {4}, {3}, {1}], [{8, 5}, {3, 7}, {1, 6}, {2, 4}], [{8, 5}, {3, 7}, {2, 6}, {1, 4}], [{8, 5}, {3, 7}, {4, 6}, {1, 2}], [{8, 5}, {4, 7}, {1, 6}, {2, 3}], [{8, 5}, {4, 7}, {1, 6}, {3}, {2}], [{8, 5}, {4, 7}, {2, 6}, {1, 3}], [{8, 5}, {4, 7}, {3, 6}, {1, 2}], [{8, 5}, {6, 7}, {1, 4}, {2, 3}], [{8, 5}, {6, 7}, {1, 4}, {3}, {2}], [{8, 5}, {6, 7}, {2, 4}, {1, 3}], [{8, 5}, {6, 7}, {3, 4}, {1, 2}], [{8, 5}, {7}, {1, 6}, {2, 4}, {3}], [{8, 5}, {7}, {2, 6}, {1, 4}, {3}], [{8, 6}, {1, 7}, {2, 5}, {3, 4}], [{8, 6}, {1, 7}, {3, 5}, {2, 4}], [{8, 6}, {1, 7}, {3, 5}, {4}, {2}], [{8, 6}, {1, 7}, {4, 5}, {2, 3}], [{8, 6}, {1, 7}, {5}, {2, 4}, {3}], [{8, 6}, {2, 7}, {1, 5}, {3, 4}], [{8, 6}, {2, 7}, {3, 5}, {1, 4}], [{8, 6}, {2, 7}, {4, 5}, {1, 3}], [{8, 6}, {2, 7}, {5}, {4}, {1, 3}], [{8, 6}, {3, 7}, {1, 5}, {2, 4}], [{8, 6}, {3, 7}, {1, 5}, {4}, {2}], [{8, 6}, {3, 7}, {2, 5}, {1, 4}], [{8, 6}, {3, 7}, {4, 5}, {1, 2}], [{8, 6}, {3, 7}, {5}, {2, 4}, {1}], [{8, 6}, {4, 7}, {1, 5}, {2, 3}], [{8, 6}, {4, 7}, {2, 5}, {1, 3}], [{8, 6}, {4, 7}, {3, 5}, {1, 2}], [{8, 6}, {4, 7}, {5}, {1, 3}, {2}], [{8, 6}, {5, 7}, {1, 4}, {2, 3}], [{8, 6}, {5, 7}, {2, 4}, {1, 3}], [{8, 6}, {5, 7}, {2, 4}, {3}, {1}], [{8, 6}, {5, 7}, {3, 4}, {1, 2}], [{8, 6}, {5, 7}, {4}, {1, 3}, {2}], [{8, 6}, {7}, {1, 5}, {2, 4}, {3}], [{8, 6}, {7}, {2, 5}, {1, 4}, {3}], [{8, 6}, {7}, {2, 5}, {3, 4}, {1}], [{8, 6}, {7}, {2, 5}, {4}, {1, 3}], [{8, 6}, {7}, {3, 5}, {2, 4}, {1}], [{8, 6}, {7}, {4, 5}, {1, 3}, {2}], [{8, 6}, {7}, {5}, {2, 4}, {1, 3}], [{8, 6}, {7}, {5}, {4}, {1, 3}, {2}], [{8, 7}, {1, 6}, {2, 5}, {3, 4}], [{8, 7}, {1, 6}, {2, 5}, {4}, {3}], [{8, 7}, {1, 6}, {3, 5}, {2, 4}], [{8, 7}, {1, 6}, {4, 5}, {2, 3}], [{8, 7}, {1, 6}, {5}, {3, 4}, {2}], [{8, 7}, {2, 6}, {1, 5}, {3, 4}], [{8, 7}, {2, 6}, {1, 5}, {4}, {3}], [{8, 7}, {2, 6}, {3, 5}, {1, 4}], [{8, 7}, {2, 6}, {4, 5}, {1, 3}], [{8, 7}, {2, 6}, {5}, {3, 4}, {1}], [{8, 7}, {3, 6}, {1, 5}, {2, 4}], [{8, 7}, {3, 6}, {2, 5}, {1, 4}], [{8, 7}, {3, 6}, {2, 5}, {4}, {1}], [{8, 7}, {3, 6}, {4, 5}, {1, 2}], [{8, 7}, {4, 6}, {1, 5}, {2, 3}], [{8, 7}, {4, 6}, {2, 5}, {1, 3}], [{8, 7}, {4, 6}, {2, 5}, {3}, {1}], [{8, 7}, {4, 6}, {3, 5}, {1, 2}], [{8, 7}, {5, 6}, {1, 4}, {2, 3}], [{8, 7}, {5, 6}, {2, 4}, {1, 3}], [{8, 7}, {5, 6}, {3, 4}, {1, 2}], [{8, 7}, {5, 6}, {3, 4}, {2}, {1}], [{8, 7}, {5, 6}, {4}, {3}, {1, 2}], [{8, 7}, {6}, {1, 5}, {3, 4}, {2}], [{8, 7}, {6}, {2, 5}, {1, 4}, {3}], [{8, 7}, {6}, {2, 5}, {3, 4}, {1}], [{8, 7}, {6}, {2, 5}, {4}, {1, 3}], [{8, 7}, {6}, {2, 5}, {4}, {3}, {1}], [{8, 7}, {6}, {3, 5}, {2, 4}, {1}], [{8, 7}, {6}, {4, 5}, {2, 3}, {1}], [{8, 7}, {6}, {5}, {3, 4}, {1, 2}], [{8, 7}, {6}, {5}, {3, 4}, {2}, {1}], [{8}, {1, 7}, {6}, {2, 5}, {3, 4}], [{8}, {1, 7}, {6}, {3, 5}, {2, 4}], [{8}, {2, 7}, {1, 6}, {3, 5}, {4}], [{8}, {2, 7}, {5, 6}, {4}, {1, 3}], [{8}, {3, 7}, {1, 6}, {2, 5}, {4}], [{8}, {3, 7}, {2, 6}, {1, 5}, {4}], [{8}, {3, 7}, {4, 6}, {1, 5}, {2}], [{8}, {3, 7}, {5, 6}, {4}, {1, 2}], [{8}, {3, 7}, {6}, {1, 5}, {2, 4}], [{8}, {3, 7}, {6}, {1, 5}, {4}, {2}], [{8}, {4, 7}, {1, 6}, {2, 5}, {3}], [{8}, {4, 7}, {1, 6}, {3, 5}, {2}], [{8}, {4, 7}, {1, 6}, {5}, {2, 3}], [{8}, {4, 7}, {1, 6}, {5}, {3}, {2}], [{8}, {4, 7}, {2, 6}, {1, 5}, {3}], [{8}, {4, 7}, {5, 6}, {3}, {1, 2}], [{8}, {5, 7}, {6}, {1, 4}, {2, 3}], [{8}, {5, 7}, {6}, {2, 4}, {1, 3}], [{8}, {6, 7}, {2, 5}, {1, 4}, {3}], [{8}, {6, 7}, {2, 5}, {3, 4}, {1}], [{8}, {6, 7}, {2, 5}, {4}, {1, 3}], [{8}, {6, 7}, {3, 5}, {1, 4}, {2}], [{8}, {6, 7}, {3, 5}, {2, 4}, {1}], [{8}, {6, 7}, {3, 5}, {4}, {1, 2}], [{8}, {6, 7}, {5}, {1, 4}, {2, 3}], [{8}, {6, 7}, {5}, {1, 4}, {3}, {2}], [{8}, {7}, {1, 6}, {2, 5}, {3, 4}], [{8}, {7}, {1, 6}, {3, 5}, {2, 4}], [{8}, {7}, {2, 6}, {1, 5}, {3, 4}], [{8}, {7}, {5, 6}, {1, 4}, {2, 3}], [{8}, {7}, {5, 6}, {3, 4}, {1, 2}], [{8}, {7}, {6}, {2, 5}, {3, 4}, {1}], [{8}, {7}, {6}, {3, 5}, {2, 4}, {1}]]",2,8 K_1^3 - 16 K_1^2 - 8 K_1 K_2 - 2 K_1 + 8 K_2 + 2 K_3 + 9,O1O2O3U1O4U5U3U6O7O8U4O6U8U2O5U7,O1O2O3U4O5U2U6U5O7U3O6O8U1O4U8U7,O1O2O3U4U5O6U3O5O7U1O4U8U7U2O8U6,c,{'O1O2O3U4O5U2U6O7U8O6O4U7U1U5O8U3'},1,"<a href=""/flatknot/8.1101961"">8.1101961</a>",t^9-38t^7-154t^6-239t^5-118t^4+36t^3+28t^2+8t+8,-2t^2+4t,,
8.1101962,O1O2O3U4O5U2U6O7U8O6O4U7U3U1O8U5,4,z^3+19z^2+101z+135,w^4z^3+19w^3z^2+101w^2z+135w,False,False,"[[ 0  0 -1  1  0  2  0 -1 -1],[ 0  0  0  1  0  1  1 -2  0],[ 1  0  0  0  1  1  1 -1  1],[-1 -1  0  0  0 -1  0 -2  0],[ 0  0 -1  0  0  2  0  0 -2],[-2 -1 -1  1 -2  0 -2  0 -2],[ 0 -1 -1  0  0  2  0 -1 -1],[ 1  2  1  2  0  0  1  0  1],[ 1  0 -1  0  2  2  1 -1  0]]","[[ 0  2  1  0  0  0 -1 -1 -1],[-2  0  1 -1 -2 -2  0 -1 -2],[-1 -1  0 -1  0  0 -2  0  0],[ 0  1  1  0  1  0 -2  0  0],[ 0  2  0 -1  0  0 -1 -1 -1],[ 0  2  0  0  0  0  0 -1 -2],[ 1  0  2  2  1  0  0  1  1],[ 1  1  0  0  1  1 -1  0  1],[ 1  2  0  0  1  2 -1 -1  0]]",True,"[-2,-1,0,0,0,1,1,1,-1,1,2,2,0,1,2,1,0,0,2,0,0,-1,0,2,0,0,0,1,1,1,0,1,2,-1,-1,-1]","[-2,-1,0,0,0,1,1,1,-1,1,2,2,0,1,2,1,0,0,2,0,0,-1,0,2,0,0,0,1,1,1,0,1,2,-1,-1,-1]",t^8+36t^6+269t^4+195t^2+1,"[-1,-1,-1,0,0,0,1,2,-1,-1,-1,0,1,0,3,-1,1,0,0,2,2,1,0,-1,2,1,-1,0,0,1,0,1,0,1,0,2]","[-2,-1,0,0,0,1,1,1,2,0,0,1,1,2,3,1,1,0,2,2,0,0,-1,0,0,0,0,-1,0,1,1,1,-1,-1,-1,-1]","[-1,-1,-1,0,0,0,1,2,-1,-1,0,1,2,0,2,-1,0,1,1,0,1,2,1,0,2,0,1,0,1,1,0,0,2,0,2,-1]",c,"[[{8, 1}, {2, 7}, {3, 6}, {4, 5}], [{8, 1}, {2, 7}, {4, 6}, {3, 5}], [{8, 1}, {2, 7}, {5, 6}, {3, 4}], [{8, 1}, {2, 7}, {5, 6}, {4}, {3}], [{8, 1}, {2, 7}, {6}, {5}, {3, 4}], [{8, 1}, {3, 7}, {2, 6}, {4, 5}], [{8, 1}, {3, 7}, {4, 6}, {2, 5}], [{8, 1}, {3, 7}, {5, 6}, {2, 4}], [{8, 1}, {3, 7}, {6}, {4, 5}, {2}], [{8, 1}, {4, 7}, {2, 6}, {3, 5}], [{8, 1}, {4, 7}, {3, 6}, {2, 5}], [{8, 1}, {4, 7}, {5, 6}, {2, 3}], [{8, 1}, {4, 7}, {6}, {2, 5}, {3}], [{8, 1}, {5, 7}, {2, 6}, {3, 4}], [{8, 1}, {5, 7}, {3, 6}, {2, 4}], [{8, 1}, {5, 7}, {4, 6}, {2, 3}], [{8, 1}, {5, 7}, {6}, {2, 4}, {3}], [{8, 1}, {6, 7}, {2, 5}, {3, 4}], [{8, 1}, {6, 7}, {2, 5}, {4}, {3}], [{8, 1}, {6, 7}, {3, 5}, {2, 4}], [{8, 1}, {6, 7}, {4, 5}, {2, 3}], [{8, 1}, {7}, {4, 6}, {2, 5}, {3}], [{8, 1}, {7}, {5, 6}, {3, 4}, {2}], [{8, 2}, {1, 7}, {3, 6}, {4, 5}], [{8, 2}, {1, 7}, {4, 6}, {3, 5}], [{8, 2}, {1, 7}, {4, 6}, {5}, {3}], [{8, 2}, {1, 7}, {5, 6}, {3, 4}], [{8, 2}, {3, 7}, {1, 6}, {4, 5}], [{8, 2}, {3, 7}, {4, 6}, {1, 5}], [{8, 2}, {3, 7}, {5, 6}, {1, 4}], [{8, 2}, {3, 7}, {6}, {4, 5}, {1}], [{8, 2}, {4, 7}, {1, 6}, {3, 5}], [{8, 2}, {4, 7}, {3, 6}, {1, 5}], [{8, 2}, {4, 7}, {5, 6}, {1, 3}], [{8, 2}, {4, 7}, {6}, {1, 5}, {3}], [{8, 2}, {5, 7}, {1, 6}, {3, 4}], [{8, 2}, {5, 7}, {3, 6}, {1, 4}], [{8, 2}, {5, 7}, {4, 6}, {1, 3}], [{8, 2}, {6, 7}, {1, 5}, {3, 4}], [{8, 2}, {6, 7}, {3, 5}, {1, 4}], [{8, 2}, {6, 7}, {4, 5}, {1, 3}], [{8, 2}, {6, 7}, {5}, {4}, {1, 3}], [{8, 3}, {1, 7}, {2, 6}, {4, 5}], [{8, 3}, {1, 7}, {4, 6}, {2, 5}], [{8, 3}, {1, 7}, {5, 6}, {2, 4}], [{8, 3}, {1, 7}, {6}, {4, 5}, {2}], [{8, 3}, {2, 7}, {1, 6}, {4, 5}], [{8, 3}, {2, 7}, {4, 6}, {1, 5}], [{8, 3}, {2, 7}, {5, 6}, {1, 4}], [{8, 3}, {2, 7}, {6}, {4, 5}, {1}], [{8, 3}, {4, 7}, {1, 6}, {2, 5}], [{8, 3}, {4, 7}, {2, 6}, {1, 5}], [{8, 3}, {4, 7}, {5, 6}, {1, 2}], [{8, 3}, {4, 7}, {6}, {2, 5}, {1}], [{8, 3}, {5, 7}, {1, 6}, {2, 4}], [{8, 3}, {5, 7}, {2, 6}, {1, 4}], [{8, 3}, {5, 7}, {4, 6}, {1, 2}], [{8, 3}, {5, 7}, {6}, {2, 4}, {1}], [{8, 3}, {6, 7}, {1, 5}, {2, 4}], [{8, 3}, {6, 7}, {2, 5}, {1, 4}], [{8, 3}, {6, 7}, {4, 5}, {1, 2}], [{8, 3}, {6, 7}, {4, 5}, {2}, {1}], [{8, 3}, {7}, {1, 6}, {4, 5}, {2}], [{8, 3}, {7}, {2, 6}, {4, 5}, {1}], [{8, 3}, {7}, {6}, {4, 5}, {1, 2}], [{8, 3}, {7}, {6}, {4, 5}, {2}, {1}], [{8, 4}, {1, 7}, {2, 6}, {3, 5}], [{8, 4}, {1, 7}, {3, 6}, {2, 5}], [{8, 4}, {1, 7}, {5, 6}, {2, 3}], [{8, 4}, {1, 7}, {6}, {2, 5}, {3}], [{8, 4}, {2, 7}, {1, 6}, {3, 5}], [{8, 4}, {2, 7}, {3, 6}, {1, 5}], [{8, 4}, {2, 7}, {5, 6}, {1, 3}], [{8, 4}, {3, 7}, {1, 6}, {2, 5}], [{8, 4}, {3, 7}, {2, 6}, {1, 5}], [{8, 4}, {3, 7}, {5, 6}, {1, 2}], [{8, 4}, {3, 7}, {6}, {2, 5}, {1}], [{8, 4}, {5, 7}, {1, 6}, {2, 3}], [{8, 4}, {5, 7}, {2, 6}, {1, 3}], [{8, 4}, {5, 7}, {2, 6}, {3}, {1}], [{8, 4}, {5, 7}, {3, 6}, {1, 2}], [{8, 4}, {5, 7}, {3, 6}, {2}, {1}], [{8, 4}, {5, 7}, {6}, {2, 3}, {1}], [{8, 4}, {6, 7}, {1, 5}, {2, 3}], [{8, 4}, {6, 7}, {1, 5}, {3}, {2}], [{8, 4}, {6, 7}, {2, 5}, {1, 3}], [{8, 4}, {6, 7}, {3, 5}, {1, 2}], [{8, 4}, {7}, {6}, {2, 5}, {1, 3}], [{8, 5}, {1, 7}, {2, 6}, {3, 4}], [{8, 5}, {1, 7}, {3, 6}, {2, 4}], [{8, 5}, {1, 7}, {4, 6}, {2, 3}], [{8, 5}, {1, 7}, {6}, {2, 4}, {3}], [{8, 5}, {2, 7}, {1, 6}, {3, 4}], [{8, 5}, {2, 7}, {3, 6}, {1, 4}], [{8, 5}, {2, 7}, {4, 6}, {1, 3}], [{8, 5}, {2, 7}, {6}, {1, 4}, {3}], [{8, 5}, {3, 7}, {1, 6}, {2, 4}], [{8, 5}, {3, 7}, {2, 6}, {1, 4}], [{8, 5}, {3, 7}, {4, 6}, {1, 2}], [{8, 5}, {3, 7}, {6}, {2, 4}, {1}], [{8, 5}, {4, 7}, {1, 6}, {2, 3}], [{8, 5}, {4, 7}, {1, 6}, {3}, {2}], [{8, 5}, {4, 7}, {2, 6}, {1, 3}], [{8, 5}, {4, 7}, {3, 6}, {1, 2}], [{8, 5}, {4, 7}, {6}, {2, 3}, {1}], [{8, 5}, {6, 7}, {1, 4}, {2, 3}], [{8, 5}, {6, 7}, {1, 4}, {3}, {2}], [{8, 5}, {6, 7}, {2, 4}, {1, 3}], [{8, 5}, {6, 7}, {3, 4}, {1, 2}], [{8, 5}, {6, 7}, {4}, {2, 3}, {1}], [{8, 5}, {7}, {2, 6}, {1, 4}, {3}], [{8, 5}, {7}, {4, 6}, {2, 3}, {1}], [{8, 5}, {7}, {6}, {2, 4}, {1, 3}], [{8, 6}, {1, 7}, {2, 5}, {3, 4}], [{8, 6}, {1, 7}, {3, 5}, {2, 4}], [{8, 6}, {1, 7}, {4, 5}, {2, 3}], [{8, 6}, {1, 7}, {5}, {2, 4}, {3}], [{8, 6}, {2, 7}, {1, 5}, {3, 4}], [{8, 6}, {2, 7}, {3, 5}, {1, 4}], [{8, 6}, {2, 7}, {4, 5}, {1, 3}], [{8, 6}, {2, 7}, {5}, {4}, {1, 3}], [{8, 6}, {3, 7}, {1, 5}, {2, 4}], [{8, 6}, {3, 7}, {2, 5}, {1, 4}], [{8, 6}, {3, 7}, {4, 5}, {1, 2}], [{8, 6}, {3, 7}, {4, 5}, {2}, {1}], [{8, 6}, {4, 7}, {1, 5}, {2, 3}], [{8, 6}, {4, 7}, {1, 5}, {3}, {2}], [{8, 6}, {4, 7}, {2, 5}, {1, 3}], [{8, 6}, {4, 7}, {3, 5}, {1, 2}], [{8, 6}, {5, 7}, {1, 4}, {2, 3}], [{8, 6}, {5, 7}, {1, 4}, {3}, {2}], [{8, 6}, {5, 7}, {2, 4}, {1, 3}], [{8, 6}, {5, 7}, {3, 4}, {1, 2}], [{8, 6}, {5, 7}, {4}, {2, 3}, {1}], [{8, 6}, {7}, {4, 5}, {3}, {1, 2}], [{8, 7}, {1, 6}, {2, 5}, {3, 4}], [{8, 7}, {1, 6}, {2, 5}, {4}, {3}], [{8, 7}, {1, 6}, {3, 5}, {2, 4}], [{8, 7}, {1, 6}, {4, 5}, {2, 3}], [{8, 7}, {1, 6}, {4, 5}, {3}, {2}], [{8, 7}, {1, 6}, {5}, {2, 4}, {3}], [{8, 7}, {2, 6}, {1, 5}, {3, 4}], [{8, 7}, {2, 6}, {3, 5}, {1, 4}], [{8, 7}, {2, 6}, {4, 5}, {1, 3}], [{8, 7}, {2, 6}, {4, 5}, {3}, {1}], [{8, 7}, {2, 6}, {5}, {4}, {1, 3}], [{8, 7}, {3, 6}, {1, 5}, {2, 4}], [{8, 7}, {3, 6}, {2, 5}, {1, 4}], [{8, 7}, {3, 6}, {2, 5}, {4}, {1}], [{8, 7}, {3, 6}, {4, 5}, {1, 2}], [{8, 7}, {3, 6}, {4, 5}, {2}, {1}], [{8, 7}, {3, 6}, {5}, {2, 4}, {1}], [{8, 7}, {4, 6}, {1, 5}, {2, 3}], [{8, 7}, {4, 6}, {2, 5}, {1, 3}], [{8, 7}, {4, 6}, {3, 5}, {1, 2}], [{8, 7}, {4, 6}, {5}, {1, 3}, {2}], [{8, 7}, {4, 6}, {5}, {2, 3}, {1}], [{8, 7}, {4, 6}, {5}, {3}, {1, 2}], [{8, 7}, {5, 6}, {1, 4}, {2, 3}], [{8, 7}, {5, 6}, {2, 4}, {1, 3}], [{8, 7}, {5, 6}, {3, 4}, {1, 2}], [{8, 7}, {5, 6}, {4}, {1, 3}, {2}], [{8, 7}, {5, 6}, {4}, {2, 3}, {1}], [{8, 7}, {5, 6}, {4}, {3}, {1, 2}], [{8, 7}, {6}, {1, 5}, {3, 4}, {2}], [{8, 7}, {6}, {2, 5}, {4}, {1, 3}], [{8, 7}, {6}, {3, 5}, {1, 4}, {2}], [{8, 7}, {6}, {4, 5}, {1, 3}, {2}], [{8, 7}, {6}, {4, 5}, {2, 3}, {1}], [{8, 7}, {6}, {4, 5}, {3}, {1, 2}], [{8, 7}, {6}, {4, 5}, {3}, {2}, {1}], [{8, 7}, {6}, {5}, {2, 4}, {1, 3}], [{8, 7}, {6}, {5}, {4}, {1, 3}, {2}], [{8}, {1, 7}, {5, 6}, {2, 4}, {3}], [{8}, {3, 7}, {1, 6}, {4, 5}, {2}], [{8}, {3, 7}, {2, 6}, {4, 5}, {1}], [{8}, {3, 7}, {6}, {4, 5}, {1, 2}], [{8}, {3, 7}, {6}, {4, 5}, {2}, {1}], [{8}, {4, 7}, {2, 6}, {1, 5}, {3}], [{8}, {4, 7}, {6}, {2, 5}, {1, 3}], [{8}, {5, 7}, {1, 6}, {3, 4}, {2}], [{8}, {5, 7}, {4, 6}, {2, 3}, {1}], [{8}, {5, 7}, {6}, {2, 4}, {1, 3}], [{8}, {6, 7}, {2, 5}, {3, 4}, {1}], [{8}, {6, 7}, {3, 5}, {2, 4}, {1}], [{8}, {6, 7}, {4, 5}, {3}, {1, 2}], [{8}, {7}, {3, 6}, {2, 5}, {1, 4}], [{8}, {7}, {3, 6}, {4, 5}, {1, 2}], [{8}, {7}, {5, 6}, {1, 4}, {2, 3}]]",2,- 18 K_1^2 - 4 K_1 K_2 + 2 K_1 + 9 K_2 + 2 K_3 + 10,O1O2O3U4O5U3U1U6O7O8U5O6U8U2O4U7,O1O2O3U4O5U3U6U2O7U5O6O8U1O4U8U7,O1O2O3U4U5O6U3O5O7U8O4U2U7U1O8U6,c,{'O1O2O3U4O5U2U6O7U8O6O4U7U3U1O8U5'},1,"<a href=""/flatknot/8.1101962"">8.1101962</a>",t^9-34t^7-68t^6+128t^5+500t^4+603t^3+286t^2-28t+16,-t^2+2t,,
8.1101963,O1O2O3U4O5U2U6O7U8O6O4U7U5U1O8U3,3,9z^2+44z+53,9w^3z^2-8w^3z+52w^2z+53w,False,False,"[[ 0  0 -1  2  0  1  0 -1 -1],[ 0  0  0  1  1  0  1 -2  0],[ 1  0  0  1  1  0  1 -1  1],[-2 -1 -1  0 -1  0 -2 -1 -2],[ 0 -1 -1  1  0  0  0  0 -1],[-1  0  0  0  0  0  0 -1 -1],[ 0 -1 -1  2  0  0  0 -1 -1],[ 1  2  1  1  0  1  1  0  1],[ 1  0 -1  2  1  1  1 -1  0]]","[[ 0  2  1  0  0  0 -1 -1 -1],[-2  0  0 -1 -1 -2 -1 -1 -2],[-1  0  0  0  0  0  0 -1 -1],[ 0  1  0  0  1  1  0 -2  0],[ 0  1  0 -1  0  0 -1  0 -1],[ 0  2  0 -1  0  0 -1 -1 -1],[ 1  1  0  0  1  1  0 -1  1],[ 1  1  1  2  0  1  1  0  1],[ 1  2  1  0  1  1 -1 -1  0]]",True,"[-2,-1,0,0,0,1,1,1,0,1,1,2,1,1,2,0,0,0,0,1,1,-1,-1,0,2,0,0,1,0,1,1,1,1,1,-1,-1]","[-2,-1,0,0,0,1,1,1,0,1,1,2,1,1,2,0,0,0,0,1,1,-1,-1,0,2,0,0,1,0,1,1,1,1,1,-1,-1]",t^8+28t^6+106t^4+56t^2,"[-1,-1,-1,0,0,0,1,2,-1,-1,-1,0,1,1,2,-1,1,0,0,2,2,1,0,0,1,1,-1,-1,1,1,0,1,0,1,1,1]","[-2,-1,0,0,0,1,1,1,1,0,1,1,1,2,2,1,1,1,1,1,2,-1,0,0,0,0,1,1,-1,1,0,1,0,-1,-1,1]","[-1,-1,-1,0,0,0,1,2,-1,-1,0,1,1,1,2,-1,0,1,1,0,1,2,0,1,1,1,1,1,0,1,0,0,1,0,2,0]",c,"[[{8, 4}, {3, 7}, {2, 6}, {1, 5}], [{8, 6}, {3, 7}, {1, 5}, {2, 4}]]",1,4 K_1^3 - 10 K_1^2 - 4 K_1 K_2 - K_1 + 5 K_2 + K_3 + 6,O1O2O3U1O4U3U5U6O7O8U4O6U8U2O5U7,O1O2O3U4O5U3U6U5O7U2O6O8U1O4U8U7,O1O2O3U4U5O6U3O5O7U2O4U8U7U1O8U6,c,"{'O1O2O3U4U1O5U6O7U8O6O4U7U2U5O8U3', 'O1O2O3U4O5U2U6O7U8O6O4U7U5U1O8U3'}",2,"<a href=""/flatknot/8.1101963"">8.1101963</a>",t^9-26t^7-64t^6-13t^5+92t^4+44t^3-36t^2-8t,-t^2+2t,,
8.1101964,O1O2O3U4O5U2U6O7U1O8O4U7U3U8O6U5,3,4z^2+49z+83,4w^3z^2+49w^2z+83w,False,False,"[[ 0 -1 -1  1  0  2 -1 -1  1],[ 1  0  0  2  0  2  0  0  1],[ 1  0  0  0  1  1  1 -1  0],[-1 -2  0  0  0  0 -1 -1  1],[ 0  0 -1  0  0  1  0 -1  0],[-2 -2 -1  0 -1  0 -2 -1  1],[ 1  0 -1  1  0  2  0  0  0],[ 1  0  1  1  1  1  0  0  1],[-1 -1  0 -1  0 -1  0 -1  0]]","[[ 0  2  1  1  0 -1 -1 -1 -1],[-2  0  1  0 -1 -1 -1 -2 -2],[-1 -1  0 -1  0  0 -1  0 -1],[-1  0  1  0  0  0 -1 -1 -2],[ 0  1  0  0  0 -1 -1  0  0],[ 1  1  0  0  1  0 -1  1  0],[ 1  1  1  1  1  1  0  0  0],[ 1  2  0  1  0 -1  0  0  0],[ 1  2  1  2  0  0  0  0  0]]",True,"[-2,-1,-1,0,1,1,1,1,-1,0,1,1,1,2,2,1,0,0,1,0,1,0,0,1,1,2,1,1,0,0,1,-1,0,0,0,0]","[-2,-1,-1,0,1,1,1,1,-1,0,1,1,1,2,2,1,0,0,1,0,1,0,0,1,1,2,1,1,0,0,1,-1,0,0,0,0]",t^8+25t^6+109t^4+32t^2,"[-1,-1,-1,-1,0,1,1,2,-1,0,0,0,1,1,2,-1,0,0,2,2,2,0,1,1,2,1,1,0,1,1,1,1,1,-1,1,2]","[-2,-1,-1,0,1,1,1,1,1,2,1,1,1,2,2,1,1,0,1,1,2,1,1,2,1,2,1,1,0,0,0,0,0,0,-1,1]","[-1,-1,-1,-1,0,1,1,2,-1,0,0,0,0,1,2,-1,0,1,0,0,1,0,1,1,1,1,0,1,2,2,0,0,1,-1,-1,0]",c,"[[{8, 3}, {6, 7}, {4, 5}, {1, 2}]]",1,- 18 K_1^2 - 4 K_1 K_2 + 2 K_1 + 9 K_2 + 2 K_3 + 10,O1O2O3U4O5U6U1U7O8O6U3O7U5U2O4U8,O1O2O3U4O5U6U7U2O8U5O7O4U1O6U3U8,O1O2O3U4U1O5U3O6O7U8O4U2U7U5O8U6,c,"{'O1O2O3U4O5U2U6O7U1O8O4U7U3U8O6U5', 'O1O2U3O4O5U2U6O7U1O3O8U7U8U4O6U5'}",2,"<a href=""/flatknot/8.1101964"">8.1101964</a>",t^9-23t^7-22t^6+78t^5+92t^4-26t^3-42t^2-16t,-t^2+2t,,
8.1101965,O1O2O3U4O5U2U6O7U1O8O4U7U5U8O6U3,4,4z^3+34z^2+99z+95,4w^4z^3-4w^4z^2+38w^3z^2-4w^3z+103w^2z+95w,False,False,"[[ 0 -1 -1  2  0  1 -1 -1  1],[ 1  0  0  2  0  2  0  0  1],[ 1  0  0  1  1  0  1 -1  0],[-2 -2 -1  0  0 -1 -2 -2  1],[ 0  0 -1  0  0  0  1 -1 -1],[-1 -2  0  1  0  0 -2  0  2],[ 1  0 -1  2 -1  2  0  0  0],[ 1  0  1  2  1  0  0  0  1],[-1 -1  0 -1  1 -2  0 -1  0]]","[[ 0  2  1  1  0 -1 -1 -1 -1],[-2  0  1 -1  0 -1 -2 -2 -2],[-1 -1  0 -2  1  0  0 -1 -1],[-1  1  2  0  0  0 -2  0 -2],[ 0  0 -1  0  0 -1  1 -1  0],[ 1  1  0  0  1  0  1 -1  0],[ 1  2  0  2 -1 -1  0  0  0],[ 1  2  1  0  1  1  0  0  0],[ 1  2  1  2  0  0  0  0  0]]",True,"[-2,-1,-1,0,1,1,1,1,-1,1,0,1,2,2,2,2,-1,0,0,1,1,0,0,2,0,2,1,-1,1,0,-1,1,0,0,0,0]","[-2,-1,-1,0,1,1,1,1,-1,1,0,1,2,2,2,2,-1,0,0,1,1,0,0,2,0,2,1,-1,1,0,-1,1,0,0,0,0]",t^8+35t^6+234t^4+99t^2,"[-1,-1,-1,-1,0,1,1,2,-1,0,0,0,1,2,1,-1,0,0,2,2,2,0,2,2,0,1,1,1,0,1,2,1,2,2,2,0]","[-2,-1,-1,0,1,1,1,1,0,2,2,1,1,1,2,2,1,0,0,2,2,2,1,2,1,2,1,2,0,0,0,0,0,0,-1,1]","[-1,-1,-1,-1,0,1,1,2,-1,0,0,-1,0,2,2,-1,0,1,0,0,1,0,1,1,0,2,0,1,2,2,-1,0,0,-2,-1,1]",c,"[[{8, 1}, {2, 7}, {3, 6}, {4, 5}], [{8, 1}, {2, 7}, {4, 6}, {3, 5}], [{8, 1}, {2, 7}, {5, 6}, {3, 4}], [{8, 1}, {3, 7}, {2, 6}, {4, 5}], [{8, 1}, {3, 7}, {4, 6}, {2, 5}], [{8, 1}, {3, 7}, {5, 6}, {2, 4}], [{8, 1}, {3, 7}, {6}, {2, 5}, {4}], [{8, 1}, {4, 7}, {2, 6}, {3, 5}], [{8, 1}, {4, 7}, {3, 6}, {2, 5}], [{8, 1}, {4, 7}, {3, 6}, {5}, {2}], [{8, 1}, {4, 7}, {5, 6}, {2, 3}], [{8, 1}, {4, 7}, {5, 6}, {3}, {2}], [{8, 1}, {4, 7}, {6}, {3, 5}, {2}], [{8, 1}, {5, 7}, {2, 6}, {3, 4}], [{8, 1}, {5, 7}, {3, 6}, {2, 4}], [{8, 1}, {5, 7}, {4, 6}, {2, 3}], [{8, 1}, {6, 7}, {2, 5}, {3, 4}], [{8, 1}, {6, 7}, {2, 5}, {4}, {3}], [{8, 1}, {6, 7}, {3, 5}, {2, 4}], [{8, 1}, {6, 7}, {4, 5}, {2, 3}], [{8, 1}, {7}, {2, 6}, {3, 5}, {4}], [{8, 1}, {7}, {3, 6}, {2, 5}, {4}], [{8, 2}, {1, 7}, {3, 6}, {4, 5}], [{8, 2}, {1, 7}, {4, 6}, {3, 5}], [{8, 2}, {1, 7}, {5, 6}, {3, 4}], [{8, 2}, {3, 7}, {1, 6}, {4, 5}], [{8, 2}, {3, 7}, {1, 6}, {5}, {4}], [{8, 2}, {3, 7}, {4, 6}, {1, 5}], [{8, 2}, {3, 7}, {5, 6}, {1, 4}], [{8, 2}, {4, 7}, {1, 6}, {3, 5}], [{8, 2}, {4, 7}, {3, 6}, {1, 5}], [{8, 2}, {4, 7}, {5, 6}, {1, 3}], [{8, 2}, {5, 7}, {1, 6}, {3, 4}], [{8, 2}, {5, 7}, {3, 6}, {1, 4}], [{8, 2}, {5, 7}, {4, 6}, {1, 3}], [{8, 2}, {6, 7}, {1, 5}, {3, 4}], [{8, 2}, {6, 7}, {3, 5}, {1, 4}], [{8, 2}, {6, 7}, {4, 5}, {1, 3}], [{8, 2}, {6, 7}, {5}, {4}, {1, 3}], [{8, 2}, {7}, {1, 6}, {4, 5}, {3}], [{8, 2}, {7}, {3, 6}, {4, 5}, {1}], [{8, 2}, {7}, {6}, {4, 5}, {1, 3}], [{8, 3}, {1, 7}, {2, 6}, {4, 5}], [{8, 3}, {1, 7}, {4, 6}, {2, 5}], [{8, 3}, {1, 7}, {5, 6}, {2, 4}], [{8, 3}, {2, 7}, {1, 6}, {4, 5}], [{8, 3}, {2, 7}, {4, 6}, {1, 5}], [{8, 3}, {2, 7}, {5, 6}, {1, 4}], [{8, 3}, {4, 7}, {1, 6}, {2, 5}], [{8, 3}, {4, 7}, {2, 6}, {1, 5}], [{8, 3}, {4, 7}, {5, 6}, {1, 2}], [{8, 3}, {5, 7}, {1, 6}, {2, 4}], [{8, 3}, {5, 7}, {2, 6}, {1, 4}], [{8, 3}, {5, 7}, {2, 6}, {4}, {1}], [{8, 3}, {5, 7}, {4, 6}, {1, 2}], [{8, 3}, {6, 7}, {1, 5}, {2, 4}], [{8, 3}, {6, 7}, {2, 5}, {1, 4}], [{8, 3}, {6, 7}, {4, 5}, {1, 2}], [{8, 3}, {7}, {1, 6}, {4, 5}, {2}], [{8, 4}, {1, 7}, {2, 6}, {3, 5}], [{8, 4}, {1, 7}, {3, 6}, {2, 5}], [{8, 4}, {1, 7}, {5, 6}, {2, 3}], [{8, 4}, {2, 7}, {1, 6}, {3, 5}], [{8, 4}, {2, 7}, {1, 6}, {5}, {3}], [{8, 4}, {2, 7}, {3, 6}, {1, 5}], [{8, 4}, {2, 7}, {5, 6}, {1, 3}], [{8, 4}, {3, 7}, {1, 6}, {2, 5}], [{8, 4}, {3, 7}, {1, 6}, {5}, {2}], [{8, 4}, {3, 7}, {2, 6}, {1, 5}], [{8, 4}, {3, 7}, {5, 6}, {1, 2}], [{8, 4}, {3, 7}, {6}, {2, 5}, {1}], [{8, 4}, {5, 7}, {1, 6}, {2, 3}], [{8, 4}, {5, 7}, {2, 6}, {1, 3}], [{8, 4}, {5, 7}, {3, 6}, {1, 2}], [{8, 4}, {5, 7}, {6}, {1, 3}, {2}], [{8, 4}, {6, 7}, {1, 5}, {2, 3}], [{8, 4}, {6, 7}, {2, 5}, {1, 3}], [{8, 4}, {6, 7}, {2, 5}, {3}, {1}], [{8, 4}, {6, 7}, {3, 5}, {1, 2}], [{8, 4}, {7}, {1, 6}, {5}, {2, 3}], [{8, 4}, {7}, {2, 6}, {1, 5}, {3}], [{8, 4}, {7}, {3, 6}, {2, 5}, {1}], [{8, 5}, {1, 7}, {2, 6}, {3, 4}], [{8, 5}, {1, 7}, {3, 6}, {2, 4}], [{8, 5}, {1, 7}, {4, 6}, {2, 3}], [{8, 5}, {1, 7}, {6}, {2, 4}, {3}], [{8, 5}, {2, 7}, {1, 6}, {3, 4}], [{8, 5}, {2, 7}, {1, 6}, {4}, {3}], [{8, 5}, {2, 7}, {3, 6}, {1, 4}], [{8, 5}, {2, 7}, {4, 6}, {1, 3}], [{8, 5}, {3, 7}, {1, 6}, {2, 4}], [{8, 5}, {3, 7}, {1, 6}, {4}, {2}], [{8, 5}, {3, 7}, {2, 6}, {1, 4}], [{8, 5}, {3, 7}, {4, 6}, {1, 2}], [{8, 5}, {4, 7}, {1, 6}, {2, 3}], [{8, 5}, {4, 7}, {2, 6}, {1, 3}], [{8, 5}, {4, 7}, {3, 6}, {1, 2}], [{8, 5}, {4, 7}, {6}, {1, 3}, {2}], [{8, 5}, {6, 7}, {1, 4}, {2, 3}], [{8, 5}, {6, 7}, {2, 4}, {1, 3}], [{8, 5}, {6, 7}, {3, 4}, {1, 2}], [{8, 5}, {6, 7}, {3, 4}, {2}, {1}], [{8, 5}, {7}, {1, 6}, {4}, {2, 3}], [{8, 5}, {7}, {3, 6}, {2, 4}, {1}], [{8, 6}, {1, 7}, {2, 5}, {3, 4}], [{8, 6}, {1, 7}, {2, 5}, {4}, {3}], [{8, 6}, {1, 7}, {3, 5}, {2, 4}], [{8, 6}, {1, 7}, {4, 5}, {2, 3}], [{8, 6}, {1, 7}, {5}, {3, 4}, {2}], [{8, 6}, {2, 7}, {1, 5}, {3, 4}], [{8, 6}, {2, 7}, {3, 5}, {1, 4}], [{8, 6}, {2, 7}, {4, 5}, {1, 3}], [{8, 6}, {2, 7}, {5}, {4}, {1, 3}], [{8, 6}, {3, 7}, {1, 5}, {2, 4}], [{8, 6}, {3, 7}, {2, 5}, {1, 4}], [{8, 6}, {3, 7}, {2, 5}, {4}, {1}], [{8, 6}, {3, 7}, {4, 5}, {1, 2}], [{8, 6}, {4, 7}, {1, 5}, {2, 3}], [{8, 6}, {4, 7}, {2, 5}, {1, 3}], [{8, 6}, {4, 7}, {3, 5}, {1, 2}], [{8, 6}, {4, 7}, {3, 5}, {2}, {1}], [{8, 6}, {5, 7}, {1, 4}, {2, 3}], [{8, 6}, {5, 7}, {2, 4}, {1, 3}], [{8, 6}, {5, 7}, {3, 4}, {1, 2}], [{8, 6}, {5, 7}, {4}, {1, 3}, {2}], [{8, 6}, {5, 7}, {4}, {2, 3}, {1}], [{8, 6}, {5, 7}, {4}, {3}, {1, 2}], [{8, 6}, {7}, {2, 5}, {4}, {1, 3}], [{8, 7}, {1, 6}, {2, 5}, {3, 4}], [{8, 7}, {1, 6}, {3, 5}, {2, 4}], [{8, 7}, {1, 6}, {4, 5}, {2, 3}], [{8, 7}, {1, 6}, {4, 5}, {3}, {2}], [{8, 7}, {2, 6}, {1, 5}, {3, 4}], [{8, 7}, {2, 6}, {3, 5}, {1, 4}], [{8, 7}, {2, 6}, {4, 5}, {1, 3}], [{8, 7}, {3, 6}, {1, 5}, {2, 4}], [{8, 7}, {3, 6}, {2, 5}, {1, 4}], [{8, 7}, {3, 6}, {4, 5}, {1, 2}], [{8, 7}, {3, 6}, {4, 5}, {2}, {1}], [{8, 7}, {4, 6}, {1, 5}, {2, 3}], [{8, 7}, {4, 6}, {1, 5}, {3}, {2}], [{8, 7}, {4, 6}, {2, 5}, {1, 3}], [{8, 7}, {4, 6}, {3, 5}, {1, 2}], [{8, 7}, {5, 6}, {1, 4}, {2, 3}], [{8, 7}, {5, 6}, {2, 4}, {1, 3}], [{8, 7}, {5, 6}, {3, 4}, {1, 2}], [{8, 7}, {6}, {4, 5}, {1, 3}, {2}], [{8}, {1, 7}, {3, 6}, {5}, {2, 4}], [{8}, {1, 7}, {6}, {4, 5}, {2, 3}], [{8}, {2, 7}, {1, 6}, {4, 5}, {3}], [{8}, {2, 7}, {3, 6}, {4, 5}, {1}], [{8}, {2, 7}, {6}, {4, 5}, {1, 3}], [{8}, {3, 7}, {1, 6}, {2, 5}, {4}], [{8}, {3, 7}, {1, 6}, {4, 5}, {2}], [{8}, {3, 7}, {1, 6}, {5}, {2, 4}], [{8}, {3, 7}, {1, 6}, {5}, {4}, {2}], [{8}, {3, 7}, {2, 6}, {1, 5}, {4}], [{8}, {3, 7}, {4, 6}, {2, 5}, {1}], [{8}, {3, 7}, {5, 6}, {4}, {1, 2}], [{8}, {3, 7}, {6}, {2, 5}, {1, 4}], [{8}, {3, 7}, {6}, {2, 5}, {4}, {1}], [{8}, {4, 7}, {1, 6}, {3, 5}, {2}], [{8}, {4, 7}, {5, 6}, {2, 3}, {1}], [{8}, {5, 7}, {1, 6}, {3, 4}, {2}], [{8}, {5, 7}, {4, 6}, {1, 3}, {2}], [{8}, {6, 7}, {1, 5}, {4}, {2, 3}], [{8}, {6, 7}, {2, 5}, {1, 4}, {3}], [{8}, {6, 7}, {3, 5}, {1, 4}, {2}], [{8}, {6, 7}, {4, 5}, {2, 3}, {1}], [{8}, {6, 7}, {5}, {1, 4}, {2, 3}], [{8}, {6, 7}, {5}, {3, 4}, {1, 2}], [{8}, {7}, {1, 6}, {4, 5}, {2, 3}], [{8}, {7}, {1, 6}, {4, 5}, {3}, {2}], [{8}, {7}, {3, 6}, {2, 5}, {1, 4}], [{8}, {7}, {4, 6}, {3, 5}, {1, 2}]]",2,4 K_1^3 - 14 K_1^2 - 4 K_1 K_2 - K_1 + 7 K_2 + K_3 + 8,O1O2O3U1O4U5U6U7O8O5U3O7U4U2O6U8,O1O2O3U4O5U6U7U5O8U2O7O4U1O6U3U8,O1O2O3U4U1O5U3O6O7U2O4U8U7U5O8U6,c,{'O1O2O3U4O5U2U6O7U1O8O4U7U5U8O6U3'},1,"<a href=""/flatknot/8.1101965"">8.1101965</a>",t^9-33t^7-42t^6+159t^5+226t^4-116t^3-156t^2+33t+18,-t^2+2t,,
8.1101966,O1O2O3U4O5U2U6O7U1O8O4U7U8U3O6U5,4,z^3+24z^2+90z+93,w^4z^3+24w^3z^2+90w^2z+93w,False,False,"[[ 0 -1 -1  2  0  2 -1 -1  0],[ 1  0  0  2  0  2  0  0  0],[ 1  0  0  0  1  1  1 -1 -1],[-2 -2  0  0  0 -1 -1 -2  0],[ 0  0 -1  0  0  1  0 -1 -1],[-2 -2 -1  1 -1  0 -2 -1  1],[ 1  0 -1  1  0  2  0  0 -1],[ 1  0  1  2  1  1  0  0  1],[ 0  0  1  0  1 -1  1 -1  0]]","[[ 0  2  2  0  0 -1 -1 -1 -1],[-2  0  1  1 -1 -1 -1 -2 -2],[-2 -1  0  0  0  0 -2 -1 -2],[ 0 -1  0  0  1  1 -1  1  0],[ 0  1  0 -1  0 -1 -1  0  0],[ 1  1  0 -1  1  0 -1  1  0],[ 1  1  2  1  1  1  0  0  0],[ 1  2  1 -1  0 -1  0  0  0],[ 1  2  2  0  0  0  0  0  0]]",True,"[-2,-2,0,0,1,1,1,1,-1,-1,1,1,1,2,2,0,0,0,2,1,2,-1,-1,1,-1,0,1,1,0,0,1,-1,0,0,0,0]","[-2,-2,0,0,1,1,1,1,-1,-1,1,1,1,2,2,0,0,0,2,1,2,-1,-1,1,-1,0,1,1,0,0,1,-1,0,0,0,0]",t^8+30t^6+201t^4+64t^2+4,"[-1,-1,-1,-1,0,0,2,2,-1,0,0,0,0,1,2,-1,0,0,2,3,2,0,1,2,2,1,1,1,1,1,1,2,1,2,3,1]","[-2,-2,0,0,1,1,1,1,-1,2,2,1,1,2,3,1,3,1,2,1,2,-1,1,0,1,0,1,0,2,2,0,0,0,0,1,-1]","[-1,-1,-1,-1,0,0,2,2,-1,0,0,-1,0,1,2,-1,0,-1,1,0,1,0,1,1,2,1,0,0,2,2,1,0,-1,0,1,-1]",c,"[[{8, 1}, {2, 7}, {3, 6}, {4, 5}], [{8, 1}, {2, 7}, {4, 6}, {3, 5}], [{8, 1}, {2, 7}, {5, 6}, {3, 4}], [{8, 1}, {3, 7}, {2, 6}, {4, 5}], [{8, 1}, {3, 7}, {4, 6}, {2, 5}], [{8, 1}, {3, 7}, {5, 6}, {2, 4}], [{8, 1}, {4, 7}, {2, 6}, {3, 5}], [{8, 1}, {4, 7}, {3, 6}, {2, 5}], [{8, 1}, {4, 7}, {5, 6}, {2, 3}], [{8, 1}, {4, 7}, {5, 6}, {3}, {2}], [{8, 1}, {4, 7}, {6}, {5}, {2, 3}], [{8, 1}, {5, 7}, {2, 6}, {3, 4}], [{8, 1}, {5, 7}, {3, 6}, {2, 4}], [{8, 1}, {5, 7}, {4, 6}, {2, 3}], [{8, 1}, {5, 7}, {4, 6}, {3}, {2}], [{8, 1}, {5, 7}, {6}, {4}, {2, 3}], [{8, 1}, {6, 7}, {2, 5}, {3, 4}], [{8, 1}, {6, 7}, {2, 5}, {4}, {3}], [{8, 1}, {6, 7}, {3, 5}, {2, 4}], [{8, 1}, {6, 7}, {3, 5}, {4}, {2}], [{8, 1}, {6, 7}, {4, 5}, {2, 3}], [{8, 1}, {6, 7}, {4, 5}, {3}, {2}], [{8, 1}, {6, 7}, {5}, {2, 4}, {3}], [{8, 1}, {6, 7}, {5}, {3, 4}, {2}], [{8, 1}, {6, 7}, {5}, {4}, {2, 3}], [{8, 1}, {6, 7}, {5}, {4}, {3}, {2}], [{8, 1}, {7}, {4, 6}, {5}, {2, 3}], [{8, 1}, {7}, {5, 6}, {4}, {2, 3}], [{8, 1}, {7}, {6}, {2, 5}, {3, 4}], [{8, 1}, {7}, {6}, {4, 5}, {2, 3}], [{8, 2}, {1, 7}, {3, 6}, {4, 5}], [{8, 2}, {1, 7}, {4, 6}, {3, 5}], [{8, 2}, {1, 7}, {4, 6}, {5}, {3}], [{8, 2}, {1, 7}, {5, 6}, {3, 4}], [{8, 2}, {3, 7}, {1, 6}, {4, 5}], [{8, 2}, {3, 7}, {4, 6}, {1, 5}], [{8, 2}, {3, 7}, {4, 6}, {5}, {1}], [{8, 2}, {3, 7}, {5, 6}, {1, 4}], [{8, 2}, {4, 7}, {1, 6}, {3, 5}], [{8, 2}, {4, 7}, {1, 6}, {5}, {3}], [{8, 2}, {4, 7}, {3, 6}, {1, 5}], [{8, 2}, {4, 7}, {3, 6}, {5}, {1}], [{8, 2}, {4, 7}, {5, 6}, {1, 3}], [{8, 2}, {4, 7}, {5, 6}, {3}, {1}], [{8, 2}, {4, 7}, {6}, {1, 5}, {3}], [{8, 2}, {4, 7}, {6}, {3, 5}, {1}], [{8, 2}, {4, 7}, {6}, {5}, {1, 3}], [{8, 2}, {4, 7}, {6}, {5}, {3}, {1}], [{8, 2}, {5, 7}, {1, 6}, {3, 4}], [{8, 2}, {5, 7}, {3, 6}, {1, 4}], [{8, 2}, {5, 7}, {4, 6}, {1, 3}], [{8, 2}, {5, 7}, {4, 6}, {3}, {1}], [{8, 2}, {5, 7}, {6}, {4}, {1, 3}], [{8, 2}, {6, 7}, {1, 5}, {3, 4}], [{8, 2}, {6, 7}, {1, 5}, {4}, {3}], [{8, 2}, {6, 7}, {3, 5}, {1, 4}], [{8, 2}, {6, 7}, {3, 5}, {4}, {1}], [{8, 2}, {6, 7}, {4, 5}, {1, 3}], [{8, 2}, {6, 7}, {4, 5}, {3}, {1}], [{8, 2}, {6, 7}, {5}, {1, 4}, {3}], [{8, 2}, {6, 7}, {5}, {3, 4}, {1}], [{8, 2}, {6, 7}, {5}, {4}, {1, 3}], [{8, 2}, {6, 7}, {5}, {4}, {3}, {1}], [{8, 2}, {7}, {4, 6}, {1, 5}, {3}], [{8, 2}, {7}, {4, 6}, {3, 5}, {1}], [{8, 2}, {7}, {4, 6}, {5}, {1, 3}], [{8, 2}, {7}, {4, 6}, {5}, {3}, {1}], [{8, 2}, {7}, {5, 6}, {4}, {1, 3}], [{8, 2}, {7}, {6}, {4, 5}, {1, 3}], [{8, 3}, {1, 7}, {2, 6}, {4, 5}], [{8, 3}, {1, 7}, {4, 6}, {2, 5}], [{8, 3}, {1, 7}, {5, 6}, {2, 4}], [{8, 3}, {2, 7}, {1, 6}, {4, 5}], [{8, 3}, {2, 7}, {1, 6}, {5}, {4}], [{8, 3}, {2, 7}, {4, 6}, {1, 5}], [{8, 3}, {2, 7}, {5, 6}, {1, 4}], [{8, 3}, {4, 7}, {1, 6}, {2, 5}], [{8, 3}, {4, 7}, {1, 6}, {5}, {2}], [{8, 3}, {4, 7}, {2, 6}, {1, 5}], [{8, 3}, {4, 7}, {2, 6}, {5}, {1}], [{8, 3}, {4, 7}, {5, 6}, {1, 2}], [{8, 3}, {4, 7}, {5, 6}, {2}, {1}], [{8, 3}, {4, 7}, {6}, {1, 5}, {2}], [{8, 3}, {4, 7}, {6}, {2, 5}, {1}], [{8, 3}, {4, 7}, {6}, {5}, {1, 2}], [{8, 3}, {4, 7}, {6}, {5}, {2}, {1}], [{8, 3}, {5, 7}, {1, 6}, {2, 4}], [{8, 3}, {5, 7}, {2, 6}, {1, 4}], [{8, 3}, {5, 7}, {4, 6}, {1, 2}], [{8, 3}, {5, 7}, {4, 6}, {2}, {1}], [{8, 3}, {5, 7}, {6}, {4}, {1, 2}], [{8, 3}, {6, 7}, {1, 5}, {2, 4}], [{8, 3}, {6, 7}, {2, 5}, {1, 4}], [{8, 3}, {6, 7}, {4, 5}, {1, 2}], [{8, 3}, {6, 7}, {4, 5}, {2}, {1}], [{8, 3}, {6, 7}, {5}, {4}, {1, 2}], [{8, 3}, {7}, {1, 6}, {5}, {2, 4}], [{8, 3}, {7}, {4, 6}, {5}, {1, 2}], [{8, 3}, {7}, {5, 6}, {4}, {1, 2}], [{8, 3}, {7}, {6}, {4, 5}, {1, 2}], [{8, 4}, {1, 7}, {2, 6}, {3, 5}], [{8, 4}, {1, 7}, {2, 6}, {5}, {3}], [{8, 4}, {1, 7}, {3, 6}, {2, 5}], [{8, 4}, {1, 7}, {5, 6}, {2, 3}], [{8, 4}, {2, 7}, {1, 6}, {3, 5}], [{8, 4}, {2, 7}, {3, 6}, {1, 5}], [{8, 4}, {2, 7}, {5, 6}, {1, 3}], [{8, 4}, {3, 7}, {1, 6}, {2, 5}], [{8, 4}, {3, 7}, {2, 6}, {1, 5}], [{8, 4}, {3, 7}, {5, 6}, {1, 2}], [{8, 4}, {3, 7}, {6}, {1, 5}, {2}], [{8, 4}, {5, 7}, {1, 6}, {2, 3}], [{8, 4}, {5, 7}, {2, 6}, {1, 3}], [{8, 4}, {5, 7}, {3, 6}, {1, 2}], [{8, 4}, {5, 7}, {6}, {3}, {1, 2}], [{8, 4}, {6, 7}, {1, 5}, {2, 3}], [{8, 4}, {6, 7}, {2, 5}, {1, 3}], [{8, 4}, {6, 7}, {3, 5}, {1, 2}], [{8, 4}, {6, 7}, {5}, {3}, {1, 2}], [{8, 4}, {7}, {3, 6}, {2, 5}, {1}], [{8, 4}, {7}, {5, 6}, {3}, {1, 2}], [{8, 5}, {1, 7}, {2, 6}, {3, 4}], [{8, 5}, {1, 7}, {2, 6}, {4}, {3}], [{8, 5}, {1, 7}, {3, 6}, {2, 4}], [{8, 5}, {1, 7}, {4, 6}, {2, 3}], [{8, 5}, {2, 7}, {1, 6}, {3, 4}], [{8, 5}, {2, 7}, {3, 6}, {1, 4}], [{8, 5}, {2, 7}, {4, 6}, {1, 3}], [{8, 5}, {2, 7}, {6}, {4}, {1, 3}], [{8, 5}, {3, 7}, {1, 6}, {2, 4}], [{8, 5}, {3, 7}, {1, 6}, {4}, {2}], [{8, 5}, {3, 7}, {2, 6}, {1, 4}], [{8, 5}, {3, 7}, {4, 6}, {1, 2}], [{8, 5}, {4, 7}, {1, 6}, {2, 3}], [{8, 5}, {4, 7}, {2, 6}, {1, 3}], [{8, 5}, {4, 7}, {2, 6}, {3}, {1}], [{8, 5}, {4, 7}, {3, 6}, {1, 2}], [{8, 5}, {4, 7}, {3, 6}, {2}, {1}], [{8, 5}, {4, 7}, {6}, {2, 3}, {1}], [{8, 5}, {6, 7}, {1, 4}, {2, 3}], [{8, 5}, {6, 7}, {2, 4}, {1, 3}], [{8, 5}, {6, 7}, {3, 4}, {1, 2}], [{8, 5}, {6, 7}, {4}, {3}, {1, 2}], [{8, 5}, {7}, {2, 6}, {1, 4}, {3}], [{8, 6}, {1, 7}, {2, 5}, {3, 4}], [{8, 6}, {1, 7}, {3, 5}, {2, 4}], [{8, 6}, {1, 7}, {4, 5}, {2, 3}], [{8, 6}, {2, 7}, {1, 5}, {3, 4}], [{8, 6}, {2, 7}, {3, 5}, {1, 4}], [{8, 6}, {2, 7}, {4, 5}, {1, 3}], [{8, 6}, {2, 7}, {5}, {3, 4}, {1}], [{8, 6}, {3, 7}, {1, 5}, {2, 4}], [{8, 6}, {3, 7}, {1, 5}, {4}, {2}], [{8, 6}, {3, 7}, {2, 5}, {1, 4}], [{8, 6}, {3, 7}, {4, 5}, {1, 2}], [{8, 6}, {3, 7}, {4, 5}, {2}, {1}], [{8, 6}, {3, 7}, {5}, {1, 4}, {2}], [{8, 6}, {4, 7}, {1, 5}, {2, 3}], [{8, 6}, {4, 7}, {2, 5}, {1, 3}], [{8, 6}, {4, 7}, {2, 5}, {3}, {1}], [{8, 6}, {4, 7}, {3, 5}, {1, 2}], [{8, 6}, {4, 7}, {3, 5}, {2}, {1}], [{8, 6}, {4, 7}, {5}, {2, 3}, {1}], [{8, 6}, {5, 7}, {1, 4}, {2, 3}], [{8, 6}, {5, 7}, {2, 4}, {1, 3}], [{8, 6}, {5, 7}, {3, 4}, {1, 2}], [{8, 6}, {5, 7}, {4}, {3}, {1, 2}], [{8, 6}, {7}, {2, 5}, {4}, {1, 3}], [{8, 7}, {1, 6}, {2, 5}, {3, 4}], [{8, 7}, {1, 6}, {3, 5}, {2, 4}], [{8, 7}, {1, 6}, {4, 5}, {2, 3}], [{8, 7}, {2, 6}, {1, 5}, {3, 4}], [{8, 7}, {2, 6}, {3, 5}, {1, 4}], [{8, 7}, {2, 6}, {4, 5}, {1, 3}], [{8, 7}, {3, 6}, {1, 5}, {2, 4}], [{8, 7}, {3, 6}, {2, 5}, {1, 4}], [{8, 7}, {3, 6}, {2, 5}, {4}, {1}], [{8, 7}, {3, 6}, {4, 5}, {1, 2}], [{8, 7}, {3, 6}, {5}, {1, 4}, {2}], [{8, 7}, {4, 6}, {1, 5}, {2, 3}], [{8, 7}, {4, 6}, {2, 5}, {1, 3}], [{8, 7}, {4, 6}, {3, 5}, {1, 2}], [{8, 7}, {5, 6}, {1, 4}, {2, 3}], [{8, 7}, {5, 6}, {2, 4}, {1, 3}], [{8, 7}, {5, 6}, {3, 4}, {1, 2}], [{8, 7}, {5, 6}, {4}, {3}, {1, 2}], [{8, 7}, {6}, {1, 5}, {3, 4}, {2}], [{8, 7}, {6}, {5}, {2, 4}, {1, 3}], [{8}, {1, 7}, {2, 6}, {4, 5}, {3}], [{8}, {1, 7}, {5, 6}, {2, 4}, {3}], [{8}, {2, 7}, {3, 6}, {4, 5}, {1}], [{8}, {2, 7}, {5, 6}, {1, 4}, {3}], [{8}, {3, 7}, {4, 6}, {1, 5}, {2}], [{8}, {3, 7}, {5, 6}, {4}, {1, 2}], [{8}, {3, 7}, {6}, {2, 5}, {1, 4}], [{8}, {4, 7}, {1, 6}, {5}, {2, 3}], [{8}, {4, 7}, {2, 6}, {3, 5}, {1}], [{8}, {4, 7}, {3, 6}, {2, 5}, {1}], [{8}, {4, 7}, {5, 6}, {1, 3}, {2}], [{8}, {4, 7}, {5, 6}, {2, 3}, {1}], [{8}, {4, 7}, {5, 6}, {3}, {1, 2}], [{8}, {4, 7}, {5, 6}, {3}, {2}, {1}], [{8}, {4, 7}, {6}, {1, 5}, {2, 3}], [{8}, {4, 7}, {6}, {5}, {2, 3}, {1}], [{8}, {5, 7}, {3, 6}, {4}, {1, 2}], [{8}, {5, 7}, {4, 6}, {1, 3}, {2}], [{8}, {5, 7}, {4, 6}, {2, 3}, {1}], [{8}, {5, 7}, {4, 6}, {3}, {1, 2}], [{8}, {5, 7}, {6}, {3, 4}, {1, 2}], [{8}, {5, 7}, {6}, {4}, {3}, {1, 2}], [{8}, {6, 7}, {3, 5}, {4}, {1, 2}], [{8}, {6, 7}, {4, 5}, {1, 3}, {2}], [{8}, {6, 7}, {4, 5}, {2, 3}, {1}], [{8}, {6, 7}, {4, 5}, {3}, {1, 2}], [{8}, {6, 7}, {5}, {3, 4}, {1, 2}], [{8}, {6, 7}, {5}, {4}, {3}, {1, 2}], [{8}, {7}, {2, 6}, {1, 5}, {3, 4}], [{8}, {7}, {3, 6}, {1, 5}, {2, 4}], [{8}, {7}, {5, 6}, {3, 4}, {1, 2}], [{8}, {7}, {5, 6}, {4}, {3}, {1, 2}]]",2,8 K_1^3 - 8 K_1^2 - 8 K_1 K_2 - 2 K_1 + 4 K_2 + 2 K_3 + 5,O1O2O3U4O5U1U6U7O8O6U3O7U5U2O4U8,O1O2O3U4O5U6U7U3O8U5O7O4U1O6U2U8,O1O2O3U4U2O5U3O6O7U8O4U1U7U5O8U6,c,{'O1O2O3U4O5U2U6O7U1O8O4U7U8U3O6U5'},1,"<a href=""/flatknot/8.1101966"">8.1101966</a>",t^9-26t^7-42t^6+65t^5+98t^4-116t^3-118t^2+60t+30,-2t^2+4t,,
8.1101967,O1O2O3U4O5U2U6O7U1O8O4U7U8U5O6U3,4,2z^3+29z^2+100z+101,2w^4z^3+29w^3z^2+100w^2z+101w,False,False,"[[ 0 -1 -1  2  0  2 -1 -1  0],[ 1  0  0  2  0  2  0  0  0],[ 1  0  0  1  1  0  1 -1 -1],[-2 -2 -1  0  0  0 -2 -2  0],[ 0  0 -1  0  0  0  1 -1 -1],[-2 -2  0  0  0  0 -2 -1  1],[ 1  0 -1  2 -1  2  0  0 -1],[ 1  0  1  2  1  1  0  0  1],[ 0  0  1  0  1 -1  1 -1  0]]","[[ 0  2  2  0  0 -1 -1 -1 -1],[-2  0  0  1  0  0 -1 -2 -2],[-2  0  0  0  0 -1 -2 -2 -2],[ 0 -1  0  0  1  1 -1  1  0],[ 0  0  0 -1  0 -1 -1  1  0],[ 1  0  1 -1  1  0 -1  1  0],[ 1  1  2  1  1  1  0  0  0],[ 1  2  2 -1 -1 -1  0  0  0],[ 1  2  2  0  0  0  0  0  0]]",True,"[-2,-2,0,0,1,1,1,1,0,-1,0,0,1,2,2,0,0,1,2,2,2,-1,-1,1,-1,0,1,1,-1,0,1,-1,0,0,0,0]","[-2,-2,0,0,1,1,1,1,0,-1,0,0,1,2,2,0,0,1,2,2,2,-1,-1,1,-1,0,1,1,-1,0,1,-1,0,0,0,0]",t^8+32t^6+224t^4+72t^2+4,"[-1,-1,-1,-1,0,0,2,2,-1,0,0,0,0,1,2,-1,0,0,2,2,3,0,2,2,1,1,1,1,1,1,1,2,2,2,3,0]","[-2,-2,0,0,1,1,1,1,0,2,2,1,1,1,2,2,3,1,1,2,3,-1,1,2,0,0,1,2,0,2,0,0,0,0,-1,1]","[-1,-1,-1,-1,0,0,2,2,-1,0,0,-1,-1,2,2,-1,0,-1,1,0,1,0,1,1,1,2,0,0,2,2,1,-1,0,0,0,0]",c,"[[{8, 1}, {2, 7}, {3, 6}, {4, 5}], [{8, 1}, {2, 7}, {4, 6}, {3, 5}], [{8, 1}, {2, 7}, {5, 6}, {3, 4}], [{8, 1}, {3, 7}, {2, 6}, {4, 5}], [{8, 1}, {3, 7}, {4, 6}, {2, 5}], [{8, 1}, {3, 7}, {4, 6}, {5}, {2}], [{8, 1}, {3, 7}, {5, 6}, {2, 4}], [{8, 1}, {3, 7}, {6}, {2, 5}, {4}], [{8, 1}, {4, 7}, {2, 6}, {3, 5}], [{8, 1}, {4, 7}, {3, 6}, {2, 5}], [{8, 1}, {4, 7}, {5, 6}, {2, 3}], [{8, 1}, {4, 7}, {5, 6}, {3}, {2}], [{8, 1}, {5, 7}, {2, 6}, {3, 4}], [{8, 1}, {5, 7}, {2, 6}, {4}, {3}], [{8, 1}, {5, 7}, {3, 6}, {2, 4}], [{8, 1}, {5, 7}, {4, 6}, {2, 3}], [{8, 1}, {6, 7}, {2, 5}, {3, 4}], [{8, 1}, {6, 7}, {2, 5}, {4}, {3}], [{8, 1}, {6, 7}, {3, 5}, {2, 4}], [{8, 1}, {6, 7}, {4, 5}, {2, 3}], [{8, 1}, {7}, {3, 6}, {2, 5}, {4}], [{8, 1}, {7}, {5, 6}, {4}, {2, 3}], [{8, 2}, {1, 7}, {3, 6}, {4, 5}], [{8, 2}, {1, 7}, {4, 6}, {3, 5}], [{8, 2}, {1, 7}, {5, 6}, {3, 4}], [{8, 2}, {3, 7}, {1, 6}, {4, 5}], [{8, 2}, {3, 7}, {1, 6}, {5}, {4}], [{8, 2}, {3, 7}, {4, 6}, {1, 5}], [{8, 2}, {3, 7}, {5, 6}, {1, 4}], [{8, 2}, {4, 7}, {1, 6}, {3, 5}], [{8, 2}, {4, 7}, {3, 6}, {1, 5}], [{8, 2}, {4, 7}, {5, 6}, {1, 3}], [{8, 2}, {4, 7}, {5, 6}, {3}, {1}], [{8, 2}, {4, 7}, {6}, {5}, {1, 3}], [{8, 2}, {5, 7}, {1, 6}, {3, 4}], [{8, 2}, {5, 7}, {3, 6}, {1, 4}], [{8, 2}, {5, 7}, {4, 6}, {1, 3}], [{8, 2}, {6, 7}, {1, 5}, {3, 4}], [{8, 2}, {6, 7}, {3, 5}, {1, 4}], [{8, 2}, {6, 7}, {4, 5}, {1, 3}], [{8, 2}, {7}, {4, 6}, {3, 5}, {1}], [{8, 2}, {7}, {6}, {1, 5}, {3, 4}], [{8, 3}, {1, 7}, {2, 6}, {4, 5}], [{8, 3}, {1, 7}, {4, 6}, {2, 5}], [{8, 3}, {1, 7}, {5, 6}, {2, 4}], [{8, 3}, {2, 7}, {1, 6}, {4, 5}], [{8, 3}, {2, 7}, {4, 6}, {1, 5}], [{8, 3}, {2, 7}, {5, 6}, {1, 4}], [{8, 3}, {2, 7}, {6}, {4, 5}, {1}], [{8, 3}, {4, 7}, {1, 6}, {2, 5}], [{8, 3}, {4, 7}, {2, 6}, {1, 5}], [{8, 3}, {4, 7}, {5, 6}, {1, 2}], [{8, 3}, {4, 7}, {5, 6}, {2}, {1}], [{8, 3}, {5, 7}, {1, 6}, {2, 4}], [{8, 3}, {5, 7}, {2, 6}, {1, 4}], [{8, 3}, {5, 7}, {2, 6}, {4}, {1}], [{8, 3}, {5, 7}, {4, 6}, {1, 2}], [{8, 3}, {5, 7}, {4, 6}, {2}, {1}], [{8, 3}, {5, 7}, {6}, {2, 4}, {1}], [{8, 3}, {6, 7}, {1, 5}, {2, 4}], [{8, 3}, {6, 7}, {2, 5}, {1, 4}], [{8, 3}, {6, 7}, {4, 5}, {1, 2}], [{8, 3}, {7}, {6}, {2, 5}, {1, 4}], [{8, 4}, {1, 7}, {2, 6}, {3, 5}], [{8, 4}, {1, 7}, {3, 6}, {2, 5}], [{8, 4}, {1, 7}, {5, 6}, {2, 3}], [{8, 4}, {2, 7}, {1, 6}, {3, 5}], [{8, 4}, {2, 7}, {3, 6}, {1, 5}], [{8, 4}, {2, 7}, {5, 6}, {1, 3}], [{8, 4}, {3, 7}, {1, 6}, {2, 5}], [{8, 4}, {3, 7}, {2, 6}, {1, 5}], [{8, 4}, {3, 7}, {5, 6}, {1, 2}], [{8, 4}, {3, 7}, {6}, {2, 5}, {1}], [{8, 4}, {5, 7}, {1, 6}, {2, 3}], [{8, 4}, {5, 7}, {2, 6}, {1, 3}], [{8, 4}, {5, 7}, {3, 6}, {1, 2}], [{8, 4}, {6, 7}, {1, 5}, {2, 3}], [{8, 4}, {6, 7}, {2, 5}, {1, 3}], [{8, 4}, {6, 7}, {2, 5}, {3}, {1}], [{8, 4}, {6, 7}, {3, 5}, {1, 2}], [{8, 4}, {6, 7}, {3, 5}, {2}, {1}], [{8, 4}, {6, 7}, {5}, {2, 3}, {1}], [{8, 4}, {7}, {2, 6}, {5}, {1, 3}], [{8, 4}, {7}, {3, 6}, {2, 5}, {1}], [{8, 5}, {1, 7}, {2, 6}, {3, 4}], [{8, 5}, {1, 7}, {3, 6}, {2, 4}], [{8, 5}, {1, 7}, {4, 6}, {2, 3}], [{8, 5}, {2, 7}, {1, 6}, {3, 4}], [{8, 5}, {2, 7}, {3, 6}, {1, 4}], [{8, 5}, {2, 7}, {4, 6}, {1, 3}], [{8, 5}, {3, 7}, {1, 6}, {2, 4}], [{8, 5}, {3, 7}, {1, 6}, {4}, {2}], [{8, 5}, {3, 7}, {2, 6}, {1, 4}], [{8, 5}, {3, 7}, {4, 6}, {1, 2}], [{8, 5}, {4, 7}, {1, 6}, {2, 3}], [{8, 5}, {4, 7}, {2, 6}, {1, 3}], [{8, 5}, {4, 7}, {3, 6}, {1, 2}], [{8, 5}, {4, 7}, {6}, {1, 3}, {2}], [{8, 5}, {6, 7}, {1, 4}, {2, 3}], [{8, 5}, {6, 7}, {2, 4}, {1, 3}], [{8, 5}, {6, 7}, {3, 4}, {1, 2}], [{8, 5}, {6, 7}, {3, 4}, {2}, {1}], [{8, 5}, {7}, {2, 6}, {4}, {1, 3}], [{8, 5}, {7}, {6}, {3, 4}, {1, 2}], [{8, 6}, {1, 7}, {2, 5}, {3, 4}], [{8, 6}, {1, 7}, {3, 5}, {2, 4}], [{8, 6}, {1, 7}, {4, 5}, {2, 3}], [{8, 6}, {2, 7}, {1, 5}, {3, 4}], [{8, 6}, {2, 7}, {3, 5}, {1, 4}], [{8, 6}, {2, 7}, {4, 5}, {1, 3}], [{8, 6}, {3, 7}, {1, 5}, {2, 4}], [{8, 6}, {3, 7}, {1, 5}, {4}, {2}], [{8, 6}, {3, 7}, {2, 5}, {1, 4}], [{8, 6}, {3, 7}, {2, 5}, {4}, {1}], [{8, 6}, {3, 7}, {4, 5}, {1, 2}], [{8, 6}, {3, 7}, {5}, {4}, {1, 2}], [{8, 6}, {4, 7}, {1, 5}, {2, 3}], [{8, 6}, {4, 7}, {2, 5}, {1, 3}], [{8, 6}, {4, 7}, {3, 5}, {1, 2}], [{8, 6}, {4, 7}, {5}, {1, 3}, {2}], [{8, 6}, {5, 7}, {1, 4}, {2, 3}], [{8, 6}, {5, 7}, {2, 4}, {1, 3}], [{8, 6}, {5, 7}, {3, 4}, {1, 2}], [{8, 6}, {5, 7}, {3, 4}, {2}, {1}], [{8, 6}, {7}, {2, 5}, {1, 4}, {3}], [{8, 6}, {7}, {4, 5}, {2, 3}, {1}], [{8, 7}, {1, 6}, {2, 5}, {3, 4}], [{8, 7}, {1, 6}, {3, 5}, {2, 4}], [{8, 7}, {1, 6}, {4, 5}, {2, 3}], [{8, 7}, {2, 6}, {1, 5}, {3, 4}], [{8, 7}, {2, 6}, {3, 5}, {1, 4}], [{8, 7}, {2, 6}, {4, 5}, {1, 3}], [{8, 7}, {2, 6}, {4, 5}, {3}, {1}], [{8, 7}, {2, 6}, {5}, {4}, {1, 3}], [{8, 7}, {3, 6}, {1, 5}, {2, 4}], [{8, 7}, {3, 6}, {2, 5}, {1, 4}], [{8, 7}, {3, 6}, {4, 5}, {1, 2}], [{8, 7}, {3, 6}, {5}, {2, 4}, {1}], [{8, 7}, {4, 6}, {1, 5}, {2, 3}], [{8, 7}, {4, 6}, {2, 5}, {1, 3}], [{8, 7}, {4, 6}, {3, 5}, {1, 2}], [{8, 7}, {4, 6}, {5}, {3}, {1, 2}], [{8, 7}, {5, 6}, {1, 4}, {2, 3}], [{8, 7}, {5, 6}, {2, 4}, {1, 3}], [{8, 7}, {5, 6}, {3, 4}, {1, 2}], [{8, 7}, {6}, {2, 5}, {1, 4}, {3}], [{8}, {1, 7}, {2, 6}, {5}, {3, 4}], [{8}, {1, 7}, {3, 6}, {4, 5}, {2}], [{8}, {1, 7}, {5, 6}, {3, 4}, {2}], [{8}, {1, 7}, {6}, {2, 5}, {3, 4}], [{8}, {2, 7}, {1, 6}, {4, 5}, {3}], [{8}, {2, 7}, {4, 6}, {5}, {1, 3}], [{8}, {3, 7}, {1, 6}, {2, 5}, {4}], [{8}, {3, 7}, {2, 6}, {5}, {1, 4}], [{8}, {3, 7}, {4, 6}, {2, 5}, {1}], [{8}, {3, 7}, {5, 6}, {1, 4}, {2}], [{8}, {3, 7}, {6}, {2, 5}, {1, 4}], [{8}, {3, 7}, {6}, {2, 5}, {4}, {1}], [{8}, {4, 7}, {1, 6}, {3, 5}, {2}], [{8}, {4, 7}, {2, 6}, {5}, {1, 3}], [{8}, {4, 7}, {3, 6}, {1, 5}, {2}], [{8}, {4, 7}, {5, 6}, {1, 3}, {2}], [{8}, {4, 7}, {5, 6}, {2, 3}, {1}], [{8}, {4, 7}, {5, 6}, {3}, {1, 2}], [{8}, {4, 7}, {5, 6}, {3}, {2}, {1}], [{8}, {4, 7}, {6}, {2, 5}, {1, 3}], [{8}, {4, 7}, {6}, {5}, {1, 3}, {2}], [{8}, {5, 7}, {2, 6}, {4}, {1, 3}], [{8}, {5, 7}, {3, 6}, {4}, {1, 2}], [{8}, {6, 7}, {2, 5}, {1, 4}, {3}], [{8}, {6, 7}, {5}, {2, 4}, {1, 3}], [{8}, {6, 7}, {5}, {3, 4}, {1, 2}], [{8}, {7}, {2, 6}, {4, 5}, {1, 3}], [{8}, {7}, {2, 6}, {5}, {4}, {1, 3}], [{8}, {7}, {3, 6}, {2, 5}, {1, 4}], [{8}, {7}, {6}, {2, 5}, {1, 4}, {3}]]",2,4 K_1^3 - 12 K_1^2 - 8 K_1 K_2 + K_1 + 6 K_2 + 3 K_3 + 7,O1O2O3U1O4U5U6U7O8O6U3O7U4U2O5U8,O1O2O3U4O5U6U7U5O8U3O7O4U1O6U2U8,O1O2O3U4U2O5U3O6O7U1O4U8U7U5O8U6,c,{'O1O2O3U4O5U2U6O7U1O8O4U7U8U5O6U3'},1,"<a href=""/flatknot/8.1101967"">8.1101967</a>",t^9-28t^7-32t^6+66t^5+54t^4-67t^3-44t^2+5t+2,-2t^2+4t,,
8.1101968,O1O2O3U4O5U2U6O7U1O8O4U8U7U3O6U5,4,17z^2+102z+137,17w^3z^2+102w^2z+137w,False,False,"[[ 0 -1 -1  2  0  2 -1  0 -1],[ 1  0  0  2  0  2  0  0 -1],[ 1  0  0  0  1  1  1 -1 -1],[-2 -2  0  0  0 -1 -1 -1 -1],[ 0  0 -1  0  0  1  0 -1 -1],[-2 -2 -1  1 -1  0 -2  0  0],[ 1  0 -1  1  0  2  0  0 -1],[ 0  0  1  1  1  0  0  0  0],[ 1  1  1  1  1  0  1  0  0]]","[[ 0  2  2  0  0 -1 -1 -1 -1],[-2  0  1  0 -1  0 -1 -2 -2],[-2 -1  0 -1  0 -1  0 -1 -2],[ 0  0  1  0  1  0  1  0  0],[ 0  1  0 -1  0 -1 -1  0  0],[ 1  0  1  0  1  0  1  1  1],[ 1  1  0 -1  1 -1  0  1  0],[ 1  2  1  0  0 -1 -1  0  0],[ 1  2  2  0  0 -1  0  0  0]]",True,"[-2,-2,0,0,1,1,1,1,-1,0,1,0,1,2,2,1,0,1,0,1,2,-1,0,-1,0,0,1,1,0,0,-1,-1,-1,-1,0,0]","[-2,-2,0,0,1,1,1,1,-1,0,1,0,1,2,2,1,0,1,0,1,2,-1,0,-1,0,0,1,1,0,0,-1,-1,-1,-1,0,0]",t^8+26t^6+132t^4+53t^2+4,"[-1,-1,-1,-1,0,0,2,2,-1,-1,-1,0,1,2,3,-1,0,0,2,3,2,0,1,1,2,1,1,1,1,1,1,2,1,1,2,1]","[-2,-2,0,0,1,1,1,1,-1,1,2,1,2,2,3,2,1,1,1,3,2,1,1,1,1,2,1,1,0,0,0,-1,0,-1,-1,1]","[-1,-1,-1,-1,0,0,2,2,-1,-1,0,0,0,1,2,-1,0,-1,1,0,1,1,0,1,1,0,0,0,2,2,1,1,0,0,1,-1]",c,"[[{8, 1}, {2, 7}, {5, 6}, {3, 4}], [{8, 1}, {6, 7}, {2, 5}, {3, 4}], [{8, 3}, {5, 7}, {2, 6}, {1, 4}], [{8, 3}, {5, 7}, {6}, {1, 4}, {2}]]",1,12 K_1^3 - 36 K_1^2 - 24 K_1 K_2 + 3 K_1 + 18 K_2 + 9 K_3 + 19,O1O2O3U4O5U1U6U7O8O7U3O6U5U2O4U8,O1O2O3U4O5U6U7U3O8U5O7O4U2O6U1U8,O1O2O3U4U3O5U2O6O7U8O4U1U7U5O8U6,c,{'O1O2O3U4O5U2U6O7U1O8O4U8U7U3O6U5'},1,"<a href=""/flatknot/8.1101968"">8.1101968</a>",t^9-22t^7-30t^6+48t^5+60t^4-51t^3-28t^2+2t,-2t^2+4t,,
8.1101969,O1O2O3U4O5U2U6O7U1O8O4U8U7U5O6U3,4,z^3+19z^2+101z+135,w^4z^3+19w^3z^2+101w^2z+135w,False,False,"[[ 0 -1 -1  2  0  2 -1  0 -1],[ 1  0  0  2  0  2  0  0 -1],[ 1  0  0  1  1  0  1 -1 -1],[-2 -2 -1  0  0  0 -2 -1 -1],[ 0  0 -1  0  0  0  1 -1 -1],[-2 -2  0  0  0  0 -2  0  0],[ 1  0 -1  2 -1  2  0  0 -1],[ 0  0  1  1  1  0  0  0  0],[ 1  1  1  1  1  0  1  0  0]]","[[ 0  2  2  0  0 -1 -1 -1 -1],[-2  0  0  0  0  0  0 -2 -2],[-2  0  0  0 -1 -1 -1 -2 -2],[ 0  0  0  0 -1 -1 -1  1  0],[ 0  0  1  1  0  1  0  0  0],[ 1  0  1  1 -1  0 -1  1  0],[ 1  0  1  1  0  1  0  1  1],[ 1  2  2 -1  0 -1 -1  0  0],[ 1  2  2  0  0  0 -1  0  0]]",True,"[-2,-2,0,0,1,1,1,1,0,0,0,0,0,2,2,0,1,1,1,2,2,1,1,1,-1,0,-1,0,0,0,1,-1,0,-1,-1,0]","[-2,-2,0,0,1,1,1,1,0,0,0,0,0,2,2,0,1,1,1,2,2,1,1,1,-1,0,-1,0,0,0,1,-1,0,-1,-1,0]",t^8+28t^6+147t^4+23t^2,"[-1,-1,-1,-1,0,0,2,2,-1,-1,-1,0,1,2,3,-1,0,0,2,2,3,0,2,1,1,1,1,1,1,1,1,2,2,1,2,0]","[-2,-2,0,0,1,1,1,1,0,1,2,1,1,2,2,2,2,1,1,3,3,1,1,1,1,2,1,2,0,0,0,-1,0,-1,-1,1]","[-1,-1,-1,-1,0,0,2,2,-1,-1,0,-1,0,2,2,-1,0,1,-1,0,1,1,1,0,0,1,0,0,2,2,-1,0,0,0,1,0]",c,"[[{8, 1}, {2, 7}, {3, 6}, {4, 5}], [{8, 1}, {2, 7}, {4, 6}, {3, 5}], [{8, 1}, {2, 7}, {4, 6}, {5}, {3}], [{8, 1}, {2, 7}, {5, 6}, {3, 4}], [{8, 1}, {3, 7}, {2, 6}, {4, 5}], [{8, 1}, {3, 7}, {4, 6}, {2, 5}], [{8, 1}, {3, 7}, {5, 6}, {2, 4}], [{8, 1}, {4, 7}, {2, 6}, {3, 5}], [{8, 1}, {4, 7}, {2, 6}, {5}, {3}], [{8, 1}, {4, 7}, {3, 6}, {2, 5}], [{8, 1}, {4, 7}, {5, 6}, {2, 3}], [{8, 1}, {5, 7}, {2, 6}, {3, 4}], [{8, 1}, {5, 7}, {3, 6}, {2, 4}], [{8, 1}, {5, 7}, {4, 6}, {2, 3}], [{8, 1}, {6, 7}, {2, 5}, {3, 4}], [{8, 1}, {6, 7}, {3, 5}, {2, 4}], [{8, 1}, {6, 7}, {4, 5}, {2, 3}], [{8, 1}, {6, 7}, {5}, {3, 4}, {2}], [{8, 1}, {7}, {6}, {2, 5}, {3, 4}], [{8, 2}, {1, 7}, {3, 6}, {4, 5}], [{8, 2}, {1, 7}, {4, 6}, {3, 5}], [{8, 2}, {1, 7}, {4, 6}, {5}, {3}], [{8, 2}, {1, 7}, {5, 6}, {3, 4}], [{8, 2}, {3, 7}, {1, 6}, {4, 5}], [{8, 2}, {3, 7}, {1, 6}, {5}, {4}], [{8, 2}, {3, 7}, {4, 6}, {1, 5}], [{8, 2}, {3, 7}, {5, 6}, {1, 4}], [{8, 2}, {3, 7}, {6}, {4, 5}, {1}], [{8, 2}, {4, 7}, {1, 6}, {3, 5}], [{8, 2}, {4, 7}, {3, 6}, {1, 5}], [{8, 2}, {4, 7}, {5, 6}, {1, 3}], [{8, 2}, {5, 7}, {1, 6}, {3, 4}], [{8, 2}, {5, 7}, {3, 6}, {1, 4}], [{8, 2}, {5, 7}, {4, 6}, {1, 3}], [{8, 2}, {6, 7}, {1, 5}, {3, 4}], [{8, 2}, {6, 7}, {3, 5}, {1, 4}], [{8, 2}, {6, 7}, {4, 5}, {1, 3}], [{8, 2}, {6, 7}, {4, 5}, {3}, {1}], [{8, 2}, {7}, {3, 6}, {1, 5}, {4}], [{8, 2}, {7}, {3, 6}, {4, 5}, {1}], [{8, 2}, {7}, {3, 6}, {5}, {1, 4}], [{8, 3}, {1, 7}, {2, 6}, {4, 5}], [{8, 3}, {1, 7}, {4, 6}, {2, 5}], [{8, 3}, {1, 7}, {5, 6}, {2, 4}], [{8, 3}, {1, 7}, {6}, {2, 5}, {4}], [{8, 3}, {2, 7}, {1, 6}, {4, 5}], [{8, 3}, {2, 7}, {1, 6}, {5}, {4}], [{8, 3}, {2, 7}, {4, 6}, {1, 5}], [{8, 3}, {2, 7}, {5, 6}, {1, 4}], [{8, 3}, {4, 7}, {1, 6}, {2, 5}], [{8, 3}, {4, 7}, {1, 6}, {5}, {2}], [{8, 3}, {4, 7}, {2, 6}, {1, 5}], [{8, 3}, {4, 7}, {2, 6}, {5}, {1}], [{8, 3}, {4, 7}, {5, 6}, {1, 2}], [{8, 3}, {4, 7}, {6}, {5}, {1, 2}], [{8, 3}, {5, 7}, {1, 6}, {2, 4}], [{8, 3}, {5, 7}, {2, 6}, {1, 4}], [{8, 3}, {5, 7}, {4, 6}, {1, 2}], [{8, 3}, {5, 7}, {4, 6}, {2}, {1}], [{8, 3}, {6, 7}, {1, 5}, {2, 4}], [{8, 3}, {6, 7}, {2, 5}, {1, 4}], [{8, 3}, {6, 7}, {4, 5}, {1, 2}], [{8, 3}, {6, 7}, {5}, {4}, {1, 2}], [{8, 3}, {7}, {1, 6}, {5}, {2, 4}], [{8, 3}, {7}, {4, 6}, {5}, {1, 2}], [{8, 3}, {7}, {5, 6}, {2, 4}, {1}], [{8, 3}, {7}, {6}, {1, 5}, {2, 4}], [{8, 4}, {1, 7}, {2, 6}, {3, 5}], [{8, 4}, {1, 7}, {2, 6}, {5}, {3}], [{8, 4}, {1, 7}, {3, 6}, {2, 5}], [{8, 4}, {1, 7}, {5, 6}, {2, 3}], [{8, 4}, {2, 7}, {1, 6}, {3, 5}], [{8, 4}, {2, 7}, {3, 6}, {1, 5}], [{8, 4}, {2, 7}, {5, 6}, {1, 3}], [{8, 4}, {3, 7}, {1, 6}, {2, 5}], [{8, 4}, {3, 7}, {1, 6}, {5}, {2}], [{8, 4}, {3, 7}, {2, 6}, {1, 5}], [{8, 4}, {3, 7}, {2, 6}, {5}, {1}], [{8, 4}, {3, 7}, {5, 6}, {1, 2}], [{8, 4}, {3, 7}, {6}, {5}, {1, 2}], [{8, 4}, {5, 7}, {1, 6}, {2, 3}], [{8, 4}, {5, 7}, {2, 6}, {1, 3}], [{8, 4}, {5, 7}, {3, 6}, {1, 2}], [{8, 4}, {6, 7}, {1, 5}, {2, 3}], [{8, 4}, {6, 7}, {2, 5}, {1, 3}], [{8, 4}, {6, 7}, {3, 5}, {1, 2}], [{8, 4}, {6, 7}, {5}, {2, 3}, {1}], [{8, 4}, {7}, {2, 6}, {5}, {1, 3}], [{8, 5}, {1, 7}, {2, 6}, {3, 4}], [{8, 5}, {1, 7}, {2, 6}, {4}, {3}], [{8, 5}, {1, 7}, {3, 6}, {2, 4}], [{8, 5}, {1, 7}, {4, 6}, {2, 3}], [{8, 5}, {2, 7}, {1, 6}, {3, 4}], [{8, 5}, {2, 7}, {3, 6}, {1, 4}], [{8, 5}, {2, 7}, {4, 6}, {1, 3}], [{8, 5}, {2, 7}, {6}, {3, 4}, {1}], [{8, 5}, {3, 7}, {1, 6}, {2, 4}], [{8, 5}, {3, 7}, {2, 6}, {1, 4}], [{8, 5}, {3, 7}, {2, 6}, {4}, {1}], [{8, 5}, {3, 7}, {4, 6}, {1, 2}], [{8, 5}, {4, 7}, {1, 6}, {2, 3}], [{8, 5}, {4, 7}, {2, 6}, {1, 3}], [{8, 5}, {4, 7}, {3, 6}, {1, 2}], [{8, 5}, {6, 7}, {1, 4}, {2, 3}], [{8, 5}, {6, 7}, {2, 4}, {1, 3}], [{8, 5}, {6, 7}, {3, 4}, {1, 2}], [{8, 5}, {7}, {1, 6}, {2, 4}, {3}], [{8, 5}, {7}, {2, 6}, {4}, {1, 3}], [{8, 5}, {7}, {3, 6}, {1, 4}, {2}], [{8, 5}, {7}, {4, 6}, {3}, {1, 2}], [{8, 6}, {1, 7}, {2, 5}, {3, 4}], [{8, 6}, {1, 7}, {2, 5}, {4}, {3}], [{8, 6}, {1, 7}, {3, 5}, {2, 4}], [{8, 6}, {1, 7}, {4, 5}, {2, 3}], [{8, 6}, {1, 7}, {5}, {3, 4}, {2}], [{8, 6}, {2, 7}, {1, 5}, {3, 4}], [{8, 6}, {2, 7}, {3, 5}, {1, 4}], [{8, 6}, {2, 7}, {4, 5}, {1, 3}], [{8, 6}, {2, 7}, {4, 5}, {3}, {1}], [{8, 6}, {3, 7}, {1, 5}, {2, 4}], [{8, 6}, {3, 7}, {2, 5}, {1, 4}], [{8, 6}, {3, 7}, {4, 5}, {1, 2}], [{8, 6}, {3, 7}, {4, 5}, {2}, {1}], [{8, 6}, {3, 7}, {5}, {4}, {1, 2}], [{8, 6}, {4, 7}, {1, 5}, {2, 3}], [{8, 6}, {4, 7}, {2, 5}, {1, 3}], [{8, 6}, {4, 7}, {3, 5}, {1, 2}], [{8, 6}, {4, 7}, {5}, {2, 3}, {1}], [{8, 6}, {5, 7}, {1, 4}, {2, 3}], [{8, 6}, {5, 7}, {2, 4}, {1, 3}], [{8, 6}, {5, 7}, {3, 4}, {1, 2}], [{8, 6}, {5, 7}, {4}, {2, 3}, {1}], [{8, 6}, {7}, {4, 5}, {2, 3}, {1}], [{8, 7}, {1, 6}, {2, 5}, {3, 4}], [{8, 7}, {1, 6}, {3, 5}, {2, 4}], [{8, 7}, {1, 6}, {4, 5}, {2, 3}], [{8, 7}, {1, 6}, {5}, {2, 4}, {3}], [{8, 7}, {2, 6}, {1, 5}, {3, 4}], [{8, 7}, {2, 6}, {3, 5}, {1, 4}], [{8, 7}, {2, 6}, {4, 5}, {1, 3}], [{8, 7}, {2, 6}, {5}, {4}, {1, 3}], [{8, 7}, {3, 6}, {1, 5}, {2, 4}], [{8, 7}, {3, 6}, {2, 5}, {1, 4}], [{8, 7}, {3, 6}, {4, 5}, {1, 2}], [{8, 7}, {3, 6}, {5}, {1, 4}, {2}], [{8, 7}, {4, 6}, {1, 5}, {2, 3}], [{8, 7}, {4, 6}, {2, 5}, {1, 3}], [{8, 7}, {4, 6}, {3, 5}, {1, 2}], [{8, 7}, {4, 6}, {5}, {3}, {1, 2}], [{8, 7}, {5, 6}, {1, 4}, {2, 3}], [{8, 7}, {5, 6}, {2, 4}, {1, 3}], [{8, 7}, {5, 6}, {2, 4}, {3}, {1}], [{8, 7}, {5, 6}, {3, 4}, {1, 2}], [{8, 7}, {6}, {1, 5}, {2, 4}, {3}], [{8}, {1, 7}, {2, 6}, {4, 5}, {3}], [{8}, {1, 7}, {3, 6}, {2, 5}, {4}], [{8}, {1, 7}, {5, 6}, {4}, {2, 3}], [{8}, {2, 7}, {3, 6}, {5}, {1, 4}], [{8}, {2, 7}, {5, 6}, {4}, {1, 3}], [{8}, {3, 7}, {1, 6}, {5}, {2, 4}], [{8}, {3, 7}, {2, 6}, {4, 5}, {1}], [{8}, {3, 7}, {4, 6}, {5}, {1, 2}], [{8}, {3, 7}, {5, 6}, {2, 4}, {1}], [{8}, {3, 7}, {6}, {1, 5}, {2, 4}], [{8}, {3, 7}, {6}, {2, 5}, {1, 4}], [{8}, {4, 7}, {2, 6}, {5}, {1, 3}], [{8}, {4, 7}, {3, 6}, {2, 5}, {1}], [{8}, {5, 7}, {1, 6}, {2, 4}, {3}], [{8}, {5, 7}, {2, 6}, {4}, {1, 3}], [{8}, {5, 7}, {3, 6}, {1, 4}, {2}], [{8}, {5, 7}, {4, 6}, {3}, {1, 2}], [{8}, {6, 7}, {2, 5}, {1, 4}, {3}], [{8}, {6, 7}, {2, 5}, {3, 4}, {1}], [{8}, {6, 7}, {2, 5}, {4}, {1, 3}], [{8}, {7}, {1, 6}, {3, 5}, {2, 4}], [{8}, {7}, {1, 6}, {5}, {2, 4}, {3}], [{8}, {7}, {2, 6}, {4, 5}, {1, 3}], [{8}, {7}, {2, 6}, {5}, {4}, {1, 3}], [{8}, {7}, {3, 6}, {2, 5}, {1, 4}], [{8}, {7}, {3, 6}, {5}, {1, 4}, {2}], [{8}, {7}, {4, 6}, {3, 5}, {1, 2}], [{8}, {7}, {4, 6}, {5}, {3}, {1, 2}]]",2,20 K_1^3 - 28 K_1^2 - 24 K_1 K_2 - 3 K_1 + 14 K_2 + 7 K_3 + 15,O1O2O3U1O4U5U6U7O8O7U3O6U4U2O5U8,O1O2O3U4O5U6U7U5O8U3O7O4U2O6U1U8,O1O2O3U4U3O5U2O6O7U1O4U8U7U5O8U6,c,{'O1O2O3U4O5U2U6O7U1O8O4U8U7U5O6U3'},1,"<a href=""/flatknot/8.1101969"">8.1101969</a>",t^9-24t^7-34t^6+51t^5+68t^4-18t^3+4t^2-3t,-2t^2+4t,,
8.1101970,O1O2O3U4O5U2U6O7U3O8O4U1U7U5O6U8,3,9z^2+78z+121,9w^3z^2+78w^2z+121w,False,False,"[[ 0 -2 -1  1  0  2 -1  0  1],[ 2  0  0  2  0  3  0  1  1],[ 1  0  0  1  0  1  0  0  0],[-1 -2 -1  0 -1  1 -2  0  0],[ 0  0  0  1  0  1  0  0  0],[-2 -3 -1 -1 -1  0 -2  0  1],[ 1  0  0  2  0  2  0  0  0],[ 0 -1  0  0  0  0  0  0  1],[-1 -1  0  0  0 -1  0 -1  0]]","[[ 0  2  1  1  0  0 -1 -1 -2],[-2  0  1 -1  0 -1 -1 -2 -3],[-1 -1  0  0 -1  0  0  0 -1],[-1  1  0  0  0 -1 -1 -2 -2],[ 0  0  1  0  0  0  0  0 -1],[ 0  1  0  1  0  0  0  0  0],[ 1  1  0  1  0  0  0  0  0],[ 1  2  0  2  0  0  0  0  0],[ 2  3  1  2  1  0  0  0  0]]",True,"[-2,-1,-1,0,0,1,1,2,-1,1,0,1,1,2,3,0,1,0,0,0,1,0,1,1,2,2,0,0,0,1,0,0,0,0,0,0]","[-2,-1,-1,0,0,1,1,2,-1,1,0,1,1,2,3,0,1,0,0,0,1,0,1,1,2,2,0,0,0,1,0,0,0,0,0,0]",t^8+30t^6+67t^4,"[-2,-1,-1,0,0,1,1,2,1,1,1,2,1,2,1,0,1,1,0,2,1,1,1,1,2,2,0,1,0,2,0,1,1,0,0,2]","[-2,-1,-1,0,0,1,1,2,0,2,1,2,1,2,1,0,0,1,0,1,1,1,0,2,2,2,0,1,1,2,1,1,1,0,1,1]","[-2,-1,-1,0,0,1,1,2,0,0,0,1,1,2,3,0,0,0,0,1,1,0,0,0,2,2,0,0,1,1,1,0,0,0,-1,1]",c,"[[{8, 1}, {6, 7}, {3, 5}, {2, 4}], [{8, 1}, {7}, {6}, {3, 5}, {2, 4}], [{8, 6}, {4, 7}, {1, 5}, {2, 3}]]",1,12 K_1^3 - 28 K_1^2 - 20 K_1 K_2 + K_1 + 14 K_2 + 7 K_3 + 15,O1O2O3U4O5U6U7U3O8O4U1O7U5U2O6U8,O1O2O3U4O5U1U6U7O8U3O6O4U2O7U5U8,O1O2O3U4U5O6U2O7O8U1O4U6U8U3O5U7,c,{'O1O2O3U4O5U2U6O7U3O8O4U1U7U5O6U8'},1,"<a href=""/flatknot/8.1101970"">8.1101970</a>",t^9-30t^7-24t^6+69t^5+70t^4-5t^3-32t^2-12t,0,,
8.1101971,O1O2O3U4O5U2U6O7U3O8O4U1U7U8O6U5,4,z^3+22z^2+104z+129,w^4z^3+22w^3z^2+104w^2z+129w,False,False,"[[ 0 -2 -1  1  0  2 -1  0  1],[ 2  0  0  2  0  3  0  1  1],[ 1  0  0  1  0  1  1  0 -1],[-1 -2 -1  0 -1  0 -1  0  0],[ 0  0  0  1  0  1  0  0  0],[-2 -3 -1  0 -1  0 -2 -1  1],[ 1  0 -1  1  0  2  0  1  0],[ 0 -1  0  0  0  1 -1  0  1],[-1 -1  1  0  0 -1  0 -1  0]]","[[ 0  2  1  1  0  0 -1 -1 -2],[-2  0  1  0 -1 -1 -1 -2 -3],[-1 -1  0  0  0 -1  1  0 -1],[-1  0  0  0 -1  0 -1 -1 -2],[ 0  1  0  1  0  0  0  0  0],[ 0  1  1  0  0  0  0 -1 -1],[ 1  1 -1  1  0  0  0  1  0],[ 1  2  0  1  0  1 -1  0  0],[ 2  3  1  2  0  1  0  0  0]]",True,"[-2,-1,-1,0,0,1,1,2,-1,0,1,1,1,2,3,0,0,1,-1,0,1,1,0,1,1,2,0,0,0,0,0,1,1,-1,0,0]","[-2,-1,-1,0,0,1,1,2,-1,0,1,1,1,2,3,0,0,1,-1,0,1,1,0,1,1,2,0,0,0,0,0,1,1,-1,0,0]",t^8+30t^6+101t^4+30t^2+1,"[-2,-1,-1,0,0,1,1,2,1,1,1,2,1,2,1,-1,1,1,1,3,2,0,1,1,2,1,0,1,0,1,0,1,1,0,1,2]","[-2,-1,-1,0,0,1,1,2,1,2,1,1,1,2,1,0,0,1,1,1,1,1,0,2,3,2,0,1,1,2,0,1,1,-1,1,1]","[-2,-1,-1,0,0,1,1,2,0,0,0,1,1,2,3,-1,0,1,0,1,2,0,0,-1,1,1,0,0,1,1,1,0,1,0,-1,0]",c,"[[{8, 1}, {2, 7}, {3, 6}, {4, 5}], [{8, 1}, {2, 7}, {4, 6}, {3, 5}], [{8, 1}, {2, 7}, {4, 6}, {5}, {3}], [{8, 1}, {2, 7}, {5, 6}, {3, 4}], [{8, 1}, {3, 7}, {2, 6}, {4, 5}], [{8, 1}, {3, 7}, {4, 6}, {2, 5}], [{8, 1}, {3, 7}, {5, 6}, {2, 4}], [{8, 1}, {4, 7}, {2, 6}, {3, 5}], [{8, 1}, {4, 7}, {3, 6}, {2, 5}], [{8, 1}, {4, 7}, {3, 6}, {5}, {2}], [{8, 1}, {4, 7}, {5, 6}, {2, 3}], [{8, 1}, {4, 7}, {6}, {2, 5}, {3}], [{8, 1}, {5, 7}, {2, 6}, {3, 4}], [{8, 1}, {5, 7}, {3, 6}, {2, 4}], [{8, 1}, {5, 7}, {4, 6}, {2, 3}], [{8, 1}, {5, 7}, {4, 6}, {3}, {2}], [{8, 1}, {6, 7}, {2, 5}, {3, 4}], [{8, 1}, {6, 7}, {2, 5}, {4}, {3}], [{8, 1}, {6, 7}, {3, 5}, {2, 4}], [{8, 1}, {6, 7}, {4, 5}, {2, 3}], [{8, 1}, {7}, {2, 6}, {4, 5}, {3}], [{8, 1}, {7}, {4, 6}, {2, 5}, {3}], [{8, 1}, {7}, {5, 6}, {2, 4}, {3}], [{8, 1}, {7}, {5, 6}, {3, 4}, {2}], [{8, 1}, {7}, {5, 6}, {4}, {2, 3}], [{8, 2}, {1, 7}, {3, 6}, {4, 5}], [{8, 2}, {1, 7}, {4, 6}, {3, 5}], [{8, 2}, {1, 7}, {5, 6}, {3, 4}], [{8, 2}, {1, 7}, {5, 6}, {4}, {3}], [{8, 2}, {3, 7}, {1, 6}, {4, 5}], [{8, 2}, {3, 7}, {1, 6}, {5}, {4}], [{8, 2}, {3, 7}, {4, 6}, {1, 5}], [{8, 2}, {3, 7}, {5, 6}, {1, 4}], [{8, 2}, {4, 7}, {1, 6}, {3, 5}], [{8, 2}, {4, 7}, {3, 6}, {1, 5}], [{8, 2}, {4, 7}, {5, 6}, {1, 3}], [{8, 2}, {5, 7}, {1, 6}, {3, 4}], [{8, 2}, {5, 7}, {3, 6}, {1, 4}], [{8, 2}, {5, 7}, {4, 6}, {1, 3}], [{8, 2}, {5, 7}, {6}, {1, 4}, {3}], [{8, 2}, {6, 7}, {1, 5}, {3, 4}], [{8, 2}, {6, 7}, {3, 5}, {1, 4}], [{8, 2}, {6, 7}, {4, 5}, {1, 3}], [{8, 2}, {6, 7}, {5}, {4}, {1, 3}], [{8, 2}, {7}, {3, 6}, {1, 5}, {4}], [{8, 2}, {7}, {4, 6}, {1, 5}, {3}], [{8, 2}, {7}, {6}, {1, 5}, {3, 4}], [{8, 3}, {1, 7}, {2, 6}, {4, 5}], [{8, 3}, {1, 7}, {4, 6}, {2, 5}], [{8, 3}, {1, 7}, {5, 6}, {2, 4}], [{8, 3}, {2, 7}, {1, 6}, {4, 5}], [{8, 3}, {2, 7}, {4, 6}, {1, 5}], [{8, 3}, {2, 7}, {5, 6}, {1, 4}], [{8, 3}, {2, 7}, {6}, {4, 5}, {1}], [{8, 3}, {4, 7}, {1, 6}, {2, 5}], [{8, 3}, {4, 7}, {2, 6}, {1, 5}], [{8, 3}, {4, 7}, {5, 6}, {1, 2}], [{8, 3}, {5, 7}, {1, 6}, {2, 4}], [{8, 3}, {5, 7}, {1, 6}, {4}, {2}], [{8, 3}, {5, 7}, {2, 6}, {1, 4}], [{8, 3}, {5, 7}, {4, 6}, {1, 2}], [{8, 3}, {6, 7}, {1, 5}, {2, 4}], [{8, 3}, {6, 7}, {2, 5}, {1, 4}], [{8, 3}, {6, 7}, {4, 5}, {1, 2}], [{8, 3}, {6, 7}, {4, 5}, {2}, {1}], [{8, 3}, {7}, {1, 6}, {5}, {2, 4}], [{8, 3}, {7}, {2, 6}, {1, 5}, {4}], [{8, 3}, {7}, {2, 6}, {4, 5}, {1}], [{8, 3}, {7}, {2, 6}, {5}, {1, 4}], [{8, 3}, {7}, {4, 6}, {1, 5}, {2}], [{8, 3}, {7}, {4, 6}, {2, 5}, {1}], [{8, 3}, {7}, {4, 6}, {5}, {1, 2}], [{8, 3}, {7}, {5, 6}, {2, 4}, {1}], [{8, 3}, {7}, {6}, {1, 5}, {2, 4}], [{8, 4}, {1, 7}, {2, 6}, {3, 5}], [{8, 4}, {1, 7}, {2, 6}, {5}, {3}], [{8, 4}, {1, 7}, {3, 6}, {2, 5}], [{8, 4}, {1, 7}, {5, 6}, {2, 3}], [{8, 4}, {2, 7}, {1, 6}, {3, 5}], [{8, 4}, {2, 7}, {1, 6}, {5}, {3}], [{8, 4}, {2, 7}, {3, 6}, {1, 5}], [{8, 4}, {2, 7}, {5, 6}, {1, 3}], [{8, 4}, {3, 7}, {1, 6}, {2, 5}], [{8, 4}, {3, 7}, {2, 6}, {1, 5}], [{8, 4}, {3, 7}, {5, 6}, {1, 2}], [{8, 4}, {5, 7}, {1, 6}, {2, 3}], [{8, 4}, {5, 7}, {2, 6}, {1, 3}], [{8, 4}, {5, 7}, {2, 6}, {3}, {1}], [{8, 4}, {5, 7}, {3, 6}, {1, 2}], [{8, 4}, {6, 7}, {1, 5}, {2, 3}], [{8, 4}, {6, 7}, {2, 5}, {1, 3}], [{8, 4}, {6, 7}, {3, 5}, {1, 2}], [{8, 4}, {6, 7}, {5}, {1, 3}, {2}], [{8, 4}, {7}, {2, 6}, {1, 5}, {3}], [{8, 4}, {7}, {3, 6}, {1, 5}, {2}], [{8, 4}, {7}, {6}, {1, 5}, {2, 3}], [{8, 4}, {7}, {6}, {2, 5}, {1, 3}], [{8, 5}, {1, 7}, {2, 6}, {3, 4}], [{8, 5}, {1, 7}, {3, 6}, {2, 4}], [{8, 5}, {1, 7}, {4, 6}, {2, 3}], [{8, 5}, {1, 7}, {6}, {3, 4}, {2}], [{8, 5}, {2, 7}, {1, 6}, {3, 4}], [{8, 5}, {2, 7}, {3, 6}, {1, 4}], [{8, 5}, {2, 7}, {4, 6}, {1, 3}], [{8, 5}, {2, 7}, {6}, {3, 4}, {1}], [{8, 5}, {3, 7}, {1, 6}, {2, 4}], [{8, 5}, {3, 7}, {2, 6}, {1, 4}], [{8, 5}, {3, 7}, {4, 6}, {1, 2}], [{8, 5}, {4, 7}, {1, 6}, {2, 3}], [{8, 5}, {4, 7}, {1, 6}, {3}, {2}], [{8, 5}, {4, 7}, {2, 6}, {1, 3}], [{8, 5}, {4, 7}, {3, 6}, {1, 2}], [{8, 5}, {4, 7}, {6}, {2, 3}, {1}], [{8, 5}, {6, 7}, {1, 4}, {2, 3}], [{8, 5}, {6, 7}, {2, 4}, {1, 3}], [{8, 5}, {6, 7}, {3, 4}, {1, 2}], [{8, 5}, {7}, {1, 6}, {4}, {2, 3}], [{8, 5}, {7}, {6}, {3, 4}, {1, 2}], [{8, 6}, {1, 7}, {2, 5}, {3, 4}], [{8, 6}, {1, 7}, {2, 5}, {4}, {3}], [{8, 6}, {1, 7}, {3, 5}, {2, 4}], [{8, 6}, {1, 7}, {4, 5}, {2, 3}], [{8, 6}, {1, 7}, {4, 5}, {3}, {2}], [{8, 6}, {1, 7}, {5}, {2, 4}, {3}], [{8, 6}, {2, 7}, {1, 5}, {3, 4}], [{8, 6}, {2, 7}, {3, 5}, {1, 4}], [{8, 6}, {2, 7}, {4, 5}, {1, 3}], [{8, 6}, {2, 7}, {5}, {1, 4}, {3}], [{8, 6}, {3, 7}, {1, 5}, {2, 4}], [{8, 6}, {3, 7}, {2, 5}, {1, 4}], [{8, 6}, {3, 7}, {2, 5}, {4}, {1}], [{8, 6}, {3, 7}, {4, 5}, {1, 2}], [{8, 6}, {3, 7}, {5}, {1, 4}, {2}], [{8, 6}, {4, 7}, {1, 5}, {2, 3}], [{8, 6}, {4, 7}, {2, 5}, {1, 3}], [{8, 6}, {4, 7}, {3, 5}, {1, 2}], [{8, 6}, {4, 7}, {5}, {1, 3}, {2}], [{8, 6}, {5, 7}, {1, 4}, {2, 3}], [{8, 6}, {5, 7}, {2, 4}, {1, 3}], [{8, 6}, {5, 7}, {2, 4}, {3}, {1}], [{8, 6}, {5, 7}, {3, 4}, {1, 2}], [{8, 6}, {7}, {1, 5}, {2, 4}, {3}], [{8, 6}, {7}, {1, 5}, {3, 4}, {2}], [{8, 6}, {7}, {1, 5}, {4}, {2, 3}], [{8, 6}, {7}, {2, 5}, {4}, {1, 3}], [{8, 6}, {7}, {3, 5}, {4}, {1, 2}], [{8, 6}, {7}, {4, 5}, {2, 3}, {1}], [{8, 6}, {7}, {5}, {1, 4}, {2, 3}], [{8, 7}, {1, 6}, {2, 5}, {3, 4}], [{8, 7}, {1, 6}, {3, 5}, {2, 4}], [{8, 7}, {1, 6}, {4, 5}, {2, 3}], [{8, 7}, {2, 6}, {1, 5}, {3, 4}], [{8, 7}, {2, 6}, {3, 5}, {1, 4}], [{8, 7}, {2, 6}, {4, 5}, {1, 3}], [{8, 7}, {3, 6}, {1, 5}, {2, 4}], [{8, 7}, {3, 6}, {2, 5}, {1, 4}], [{8, 7}, {3, 6}, {4, 5}, {1, 2}], [{8, 7}, {4, 6}, {1, 5}, {2, 3}], [{8, 7}, {4, 6}, {2, 5}, {1, 3}], [{8, 7}, {4, 6}, {3, 5}, {1, 2}], [{8, 7}, {4, 6}, {5}, {3}, {1, 2}], [{8, 7}, {5, 6}, {1, 4}, {2, 3}], [{8, 7}, {5, 6}, {2, 4}, {1, 3}], [{8, 7}, {5, 6}, {3, 4}, {1, 2}], [{8, 7}, {6}, {1, 5}, {2, 4}, {3}], [{8, 7}, {6}, {2, 5}, {3, 4}, {1}], [{8, 7}, {6}, {5}, {1, 4}, {2, 3}], [{8}, {3, 7}, {4, 6}, {5}, {1, 2}], [{8}, {3, 7}, {6}, {1, 5}, {2, 4}], [{8}, {4, 7}, {5, 6}, {3}, {1, 2}], [{8}, {5, 7}, {6}, {2, 4}, {1, 3}], [{8}, {6, 7}, {1, 5}, {2, 4}, {3}], [{8}, {6, 7}, {3, 5}, {2, 4}, {1}], [{8}, {6, 7}, {4, 5}, {3}, {1, 2}], [{8}, {6, 7}, {5}, {1, 4}, {2, 3}], [{8}, {6, 7}, {5}, {2, 4}, {1, 3}], [{8}, {7}, {2, 6}, {1, 5}, {3, 4}], [{8}, {7}, {2, 6}, {4, 5}, {1, 3}], [{8}, {7}, {3, 6}, {1, 5}, {2, 4}], [{8}, {7}, {4, 6}, {1, 5}, {2, 3}], [{8}, {7}, {4, 6}, {2, 5}, {1, 3}], [{8}, {7}, {5, 6}, {2, 4}, {1, 3}]]",2,- 16 K_1^2 - 4 K_1 K_2 + 2 K_1 + 8 K_2 + 2 K_3 + 9,O1O2O3U4O5U6U7U3O8O6U1O7U5U2O4U8,O1O2O3U4O5U1U6U7O8U5O6O4U2O7U3U8,O1O2O3U4U1O5U2O6O7U8O4U5U7U3O8U6,c,{'O1O2O3U4O5U2U6O7U3O8O4U1U7U8O6U5'},1,"<a href=""/flatknot/8.1101971"">8.1101971</a>",t^9-30t^7-26t^6+77t^5+32t^4-55t^3-6t^2+13t-2,0,,
8.1101972,O1O2O3U4O5U2U6O7U3O8O4U7U1U5O6U8,3,11z^2+60z+77,-2w^4z^2+13w^3z^2-2w^3z+62w^2z+77w,False,False,"[[ 0 -1 -1  1  0  2 -1 -1  1],[ 1  0  0  1  0  2  0  0  1],[ 1  0  0  1  0  1  0  0  0],[-1 -1 -1  0 -1  1 -2  0  0],[ 0  0  0  1  0  1  0 -1  0],[-2 -2 -1 -1 -1  0 -2  0  1],[ 1  0  0  2  0  2  0 -1  0],[ 1  0  0  0  1  0  1  0  1],[-1 -1  0  0  0 -1  0 -1  0]]","[[ 0  2  1  1  0 -1 -1 -1 -1],[-2  0  1 -1 -1  0 -1 -2 -2],[-1 -1  0  0  0 -1  0  0 -1],[-1  1  0  0 -1  0 -1 -2 -1],[ 0  1  0  1  0 -1  0  0  0],[ 1  0  1  0  1  0  0  1  0],[ 1  1  0  1  0  0  0  0  0],[ 1  2  0  2  0 -1  0  0  0],[ 1  2  1  1  0  0  0  0  0]]",True,"[-2,-1,-1,0,1,1,1,1,-1,1,1,0,1,2,2,0,0,1,0,0,1,1,0,1,2,1,1,0,0,0,0,-1,0,0,0,0]","[-2,-1,-1,0,1,1,1,1,-1,1,1,0,1,2,2,0,0,1,0,0,1,1,0,1,2,1,1,0,0,0,0,-1,0,0,0,0]",t^8+23t^6+74t^4+14t^2,"[-1,-1,-1,-1,0,1,1,2,-1,0,0,0,1,2,3,0,0,1,2,0,1,0,1,1,1,1,1,2,1,2,1,0,1,0,2,0]","[-2,-1,-1,0,1,1,1,1,0,2,1,1,1,2,3,0,0,0,1,1,2,1,2,1,2,1,1,1,1,0,0,0,-1,0,0,0]","[-1,-1,-1,-1,0,1,1,2,-1,0,0,0,0,2,2,0,0,1,1,0,0,0,0,0,1,1,0,1,1,2,0,1,1,0,-1,1]",c,"[[{8, 1}, {2, 7}, {3, 6}, {4, 5}], [{8, 1}, {2, 7}, {3, 6}, {5}, {4}], [{8, 1}, {2, 7}, {4, 6}, {3, 5}], [{8, 1}, {2, 7}, {4, 6}, {5}, {3}], [{8, 1}, {2, 7}, {5, 6}, {3, 4}], [{8, 1}, {2, 7}, {5, 6}, {4}, {3}], [{8, 1}, {2, 7}, {6}, {3, 5}, {4}], [{8, 1}, {2, 7}, {6}, {4, 5}, {3}], [{8, 1}, {2, 7}, {6}, {5}, {3, 4}], [{8, 1}, {2, 7}, {6}, {5}, {4}, {3}], [{8, 1}, {3, 7}, {2, 6}, {4, 5}], [{8, 1}, {3, 7}, {2, 6}, {5}, {4}], [{8, 1}, {3, 7}, {4, 6}, {2, 5}], [{8, 1}, {3, 7}, {4, 6}, {5}, {2}], [{8, 1}, {3, 7}, {5, 6}, {2, 4}], [{8, 1}, {3, 7}, {5, 6}, {4}, {2}], [{8, 1}, {3, 7}, {6}, {2, 5}, {4}], [{8, 1}, {3, 7}, {6}, {4, 5}, {2}], [{8, 1}, {3, 7}, {6}, {5}, {2, 4}], [{8, 1}, {3, 7}, {6}, {5}, {4}, {2}], [{8, 1}, {4, 7}, {2, 6}, {3, 5}], [{8, 1}, {4, 7}, {2, 6}, {5}, {3}], [{8, 1}, {4, 7}, {3, 6}, {2, 5}], [{8, 1}, {4, 7}, {3, 6}, {5}, {2}], [{8, 1}, {4, 7}, {5, 6}, {2, 3}], [{8, 1}, {4, 7}, {5, 6}, {3}, {2}], [{8, 1}, {4, 7}, {6}, {2, 5}, {3}], [{8, 1}, {4, 7}, {6}, {3, 5}, {2}], [{8, 1}, {4, 7}, {6}, {5}, {2, 3}], [{8, 1}, {4, 7}, {6}, {5}, {3}, {2}], [{8, 1}, {5, 7}, {2, 6}, {3, 4}], [{8, 1}, {5, 7}, {2, 6}, {4}, {3}], [{8, 1}, {5, 7}, {3, 6}, {2, 4}], [{8, 1}, {5, 7}, {3, 6}, {4}, {2}], [{8, 1}, {5, 7}, {4, 6}, {2, 3}], [{8, 1}, {5, 7}, {4, 6}, {3}, {2}], [{8, 1}, {5, 7}, {6}, {2, 4}, {3}], [{8, 1}, {5, 7}, {6}, {3, 4}, {2}], [{8, 1}, {5, 7}, {6}, {4}, {2, 3}], [{8, 1}, {5, 7}, {6}, {4}, {3}, {2}], [{8, 1}, {6, 7}, {2, 5}, {3, 4}], [{8, 1}, {6, 7}, {2, 5}, {4}, {3}], [{8, 1}, {6, 7}, {3, 5}, {2, 4}], [{8, 1}, {6, 7}, {3, 5}, {4}, {2}], [{8, 1}, {6, 7}, {4, 5}, {2, 3}], [{8, 1}, {6, 7}, {4, 5}, {3}, {2}], [{8, 1}, {6, 7}, {5}, {2, 4}, {3}], [{8, 1}, {6, 7}, {5}, {3, 4}, {2}], [{8, 1}, {6, 7}, {5}, {4}, {2, 3}], [{8, 1}, {6, 7}, {5}, {4}, {3}, {2}], [{8, 1}, {7}, {2, 6}, {3, 5}, {4}], [{8, 1}, {7}, {2, 6}, {4, 5}, {3}], [{8, 1}, {7}, {2, 6}, {5}, {3, 4}], [{8, 1}, {7}, {2, 6}, {5}, {4}, {3}], [{8, 1}, {7}, {3, 6}, {2, 5}, {4}], [{8, 1}, {7}, {3, 6}, {4, 5}, {2}], [{8, 1}, {7}, {3, 6}, {5}, {2, 4}], [{8, 1}, {7}, {3, 6}, {5}, {4}, {2}], [{8, 1}, {7}, {4, 6}, {2, 5}, {3}], [{8, 1}, {7}, {4, 6}, {3, 5}, {2}], [{8, 1}, {7}, {4, 6}, {5}, {2, 3}], [{8, 1}, {7}, {4, 6}, {5}, {3}, {2}], [{8, 1}, {7}, {5, 6}, {2, 4}, {3}], [{8, 1}, {7}, {5, 6}, {3, 4}, {2}], [{8, 1}, {7}, {5, 6}, {4}, {2, 3}], [{8, 1}, {7}, {5, 6}, {4}, {3}, {2}], [{8, 1}, {7}, {6}, {2, 5}, {3, 4}], [{8, 1}, {7}, {6}, {2, 5}, {4}, {3}], [{8, 1}, {7}, {6}, {3, 5}, {2, 4}], [{8, 1}, {7}, {6}, {3, 5}, {4}, {2}], [{8, 1}, {7}, {6}, {4, 5}, {2, 3}], [{8, 1}, {7}, {6}, {4, 5}, {3}, {2}], [{8, 1}, {7}, {6}, {5}, {2, 4}, {3}], [{8, 1}, {7}, {6}, {5}, {3, 4}, {2}], [{8, 1}, {7}, {6}, {5}, {4}, {2, 3}], [{8, 1}, {7}, {6}, {5}, {4}, {3}, {2}], [{8, 2}, {1, 7}, {3, 6}, {4, 5}], [{8, 2}, {1, 7}, {4, 6}, {3, 5}], [{8, 2}, {1, 7}, {5, 6}, {3, 4}], [{8, 2}, {1, 7}, {6}, {5}, {3, 4}], [{8, 2}, {3, 7}, {1, 6}, {4, 5}], [{8, 2}, {3, 7}, {1, 6}, {5}, {4}], [{8, 2}, {3, 7}, {4, 6}, {1, 5}], [{8, 2}, {3, 7}, {5, 6}, {1, 4}], [{8, 2}, {3, 7}, {5, 6}, {4}, {1}], [{8, 2}, {3, 7}, {6}, {1, 5}, {4}], [{8, 2}, {4, 7}, {1, 6}, {3, 5}], [{8, 2}, {4, 7}, {1, 6}, {5}, {3}], [{8, 2}, {4, 7}, {3, 6}, {1, 5}], [{8, 2}, {4, 7}, {5, 6}, {1, 3}], [{8, 2}, {4, 7}, {5, 6}, {3}, {1}], [{8, 2}, {4, 7}, {6}, {1, 5}, {3}], [{8, 2}, {5, 7}, {1, 6}, {3, 4}], [{8, 2}, {5, 7}, {3, 6}, {1, 4}], [{8, 2}, {5, 7}, {4, 6}, {1, 3}], [{8, 2}, {5, 7}, {6}, {3, 4}, {1}], [{8, 2}, {6, 7}, {1, 5}, {3, 4}], [{8, 2}, {6, 7}, {3, 5}, {1, 4}], [{8, 2}, {6, 7}, {3, 5}, {4}, {1}], [{8, 2}, {6, 7}, {4, 5}, {1, 3}], [{8, 2}, {6, 7}, {4, 5}, {3}, {1}], [{8, 2}, {6, 7}, {5}, {3, 4}, {1}], [{8, 2}, {7}, {1, 6}, {5}, {3, 4}], [{8, 2}, {7}, {5, 6}, {3, 4}, {1}], [{8, 2}, {7}, {6}, {1, 5}, {3, 4}], [{8, 2}, {7}, {6}, {5}, {3, 4}, {1}], [{8, 3}, {1, 7}, {2, 6}, {4, 5}], [{8, 3}, {1, 7}, {4, 6}, {2, 5}], [{8, 3}, {1, 7}, {5, 6}, {2, 4}], [{8, 3}, {1, 7}, {6}, {5}, {2, 4}], [{8, 3}, {2, 7}, {1, 6}, {4, 5}], [{8, 3}, {2, 7}, {4, 6}, {1, 5}], [{8, 3}, {2, 7}, {5, 6}, {1, 4}], [{8, 3}, {2, 7}, {5, 6}, {4}, {1}], [{8, 3}, {4, 7}, {1, 6}, {2, 5}], [{8, 3}, {4, 7}, {2, 6}, {1, 5}], [{8, 3}, {4, 7}, {5, 6}, {1, 2}], [{8, 3}, {4, 7}, {5, 6}, {2}, {1}], [{8, 3}, {5, 7}, {1, 6}, {2, 4}], [{8, 3}, {5, 7}, {2, 6}, {1, 4}], [{8, 3}, {5, 7}, {4, 6}, {1, 2}], [{8, 3}, {5, 7}, {6}, {2, 4}, {1}], [{8, 3}, {6, 7}, {1, 5}, {2, 4}], [{8, 3}, {6, 7}, {2, 5}, {1, 4}], [{8, 3}, {6, 7}, {2, 5}, {4}, {1}], [{8, 3}, {6, 7}, {4, 5}, {1, 2}], [{8, 3}, {6, 7}, {4, 5}, {2}, {1}], [{8, 3}, {6, 7}, {5}, {2, 4}, {1}], [{8, 3}, {7}, {1, 6}, {5}, {2, 4}], [{8, 3}, {7}, {5, 6}, {2, 4}, {1}], [{8, 3}, {7}, {6}, {1, 5}, {2, 4}], [{8, 3}, {7}, {6}, {5}, {2, 4}, {1}], [{8, 4}, {1, 7}, {2, 6}, {3, 5}], [{8, 4}, {1, 7}, {3, 6}, {2, 5}], [{8, 4}, {1, 7}, {5, 6}, {2, 3}], [{8, 4}, {1, 7}, {5, 6}, {3}, {2}], [{8, 4}, {2, 7}, {1, 6}, {3, 5}], [{8, 4}, {2, 7}, {3, 6}, {1, 5}], [{8, 4}, {2, 7}, {5, 6}, {1, 3}], [{8, 4}, {3, 7}, {1, 6}, {2, 5}], [{8, 4}, {3, 7}, {2, 6}, {1, 5}], [{8, 4}, {3, 7}, {5, 6}, {1, 2}], [{8, 4}, {3, 7}, {6}, {1, 5}, {2}], [{8, 4}, {5, 7}, {1, 6}, {2, 3}], [{8, 4}, {5, 7}, {2, 6}, {1, 3}], [{8, 4}, {5, 7}, {3, 6}, {1, 2}], [{8, 4}, {6, 7}, {1, 5}, {2, 3}], [{8, 4}, {6, 7}, {1, 5}, {3}, {2}], [{8, 4}, {6, 7}, {2, 5}, {1, 3}], [{8, 4}, {6, 7}, {3, 5}, {1, 2}], [{8, 4}, {7}, {3, 6}, {1, 5}, {2}], [{8, 5}, {1, 7}, {2, 6}, {3, 4}], [{8, 5}, {1, 7}, {3, 6}, {2, 4}], [{8, 5}, {1, 7}, {4, 6}, {2, 3}], [{8, 5}, {1, 7}, {6}, {2, 4}, {3}], [{8, 5}, {2, 7}, {1, 6}, {3, 4}], [{8, 5}, {2, 7}, {3, 6}, {1, 4}], [{8, 5}, {2, 7}, {4, 6}, {1, 3}], [{8, 5}, {3, 7}, {1, 6}, {2, 4}], [{8, 5}, {3, 7}, {1, 6}, {4}, {2}], [{8, 5}, {3, 7}, {2, 6}, {1, 4}], [{8, 5}, {3, 7}, {2, 6}, {4}, {1}], [{8, 5}, {3, 7}, {4, 6}, {1, 2}], [{8, 5}, {3, 7}, {4, 6}, {2}, {1}], [{8, 5}, {3, 7}, {6}, {1, 4}, {2}], [{8, 5}, {3, 7}, {6}, {2, 4}, {1}], [{8, 5}, {3, 7}, {6}, {4}, {1, 2}], [{8, 5}, {3, 7}, {6}, {4}, {2}, {1}], [{8, 5}, {4, 7}, {1, 6}, {2, 3}], [{8, 5}, {4, 7}, {1, 6}, {3}, {2}], [{8, 5}, {4, 7}, {2, 6}, {1, 3}], [{8, 5}, {4, 7}, {2, 6}, {3}, {1}], [{8, 5}, {4, 7}, {3, 6}, {1, 2}], [{8, 5}, {4, 7}, {6}, {3}, {1, 2}], [{8, 5}, {6, 7}, {1, 4}, {2, 3}], [{8, 5}, {6, 7}, {1, 4}, {3}, {2}], [{8, 5}, {6, 7}, {2, 4}, {1, 3}], [{8, 5}, {6, 7}, {3, 4}, {1, 2}], [{8, 5}, {7}, {1, 6}, {3, 4}, {2}], [{8, 5}, {7}, {2, 6}, {3, 4}, {1}], [{8, 5}, {7}, {3, 6}, {1, 4}, {2}], [{8, 5}, {7}, {6}, {2, 4}, {1, 3}], [{8, 5}, {7}, {6}, {3, 4}, {1, 2}], [{8, 6}, {1, 7}, {2, 5}, {3, 4}], [{8, 6}, {1, 7}, {3, 5}, {2, 4}], [{8, 6}, {1, 7}, {4, 5}, {2, 3}], [{8, 6}, {1, 7}, {4, 5}, {3}, {2}], [{8, 6}, {2, 7}, {1, 5}, {3, 4}], [{8, 6}, {2, 7}, {3, 5}, {1, 4}], [{8, 6}, {2, 7}, {3, 5}, {4}, {1}], [{8, 6}, {2, 7}, {4, 5}, {1, 3}], [{8, 6}, {3, 7}, {1, 5}, {2, 4}], [{8, 6}, {3, 7}, {1, 5}, {4}, {2}], [{8, 6}, {3, 7}, {2, 5}, {1, 4}], [{8, 6}, {3, 7}, {2, 5}, {4}, {1}], [{8, 6}, {3, 7}, {4, 5}, {1, 2}], [{8, 6}, {3, 7}, {5}, {4}, {1, 2}], [{8, 6}, {4, 7}, {1, 5}, {2, 3}], [{8, 6}, {4, 7}, {1, 5}, {3}, {2}], [{8, 6}, {4, 7}, {2, 5}, {1, 3}], [{8, 6}, {4, 7}, {2, 5}, {3}, {1}], [{8, 6}, {4, 7}, {3, 5}, {1, 2}], [{8, 6}, {4, 7}, {5}, {3}, {1, 2}], [{8, 6}, {5, 7}, {1, 4}, {2, 3}], [{8, 6}, {5, 7}, {2, 4}, {1, 3}], [{8, 6}, {5, 7}, {3, 4}, {1, 2}], [{8, 6}, {7}, {1, 5}, {3, 4}, {2}], [{8, 6}, {7}, {2, 5}, {3, 4}, {1}], [{8, 6}, {7}, {5}, {2, 4}, {1, 3}], [{8, 6}, {7}, {5}, {3, 4}, {1, 2}], [{8, 7}, {1, 6}, {2, 5}, {3, 4}], [{8, 7}, {1, 6}, {3, 5}, {2, 4}], [{8, 7}, {1, 6}, {4, 5}, {2, 3}], [{8, 7}, {1, 6}, {4, 5}, {3}, {2}], [{8, 7}, {2, 6}, {1, 5}, {3, 4}], [{8, 7}, {2, 6}, {3, 5}, {1, 4}], [{8, 7}, {2, 6}, {4, 5}, {1, 3}], [{8, 7}, {3, 6}, {1, 5}, {2, 4}], [{8, 7}, {3, 6}, {2, 5}, {1, 4}], [{8, 7}, {3, 6}, {4, 5}, {1, 2}], [{8, 7}, {4, 6}, {1, 5}, {2, 3}], [{8, 7}, {4, 6}, {2, 5}, {1, 3}], [{8, 7}, {4, 6}, {2, 5}, {3}, {1}], [{8, 7}, {4, 6}, {3, 5}, {1, 2}], [{8, 7}, {5, 6}, {1, 4}, {2, 3}], [{8, 7}, {5, 6}, {1, 4}, {3}, {2}], [{8, 7}, {5, 6}, {2, 4}, {1, 3}], [{8, 7}, {5, 6}, {3, 4}, {1, 2}], [{8, 7}, {6}, {1, 5}, {2, 4}, {3}], [{8, 7}, {6}, {3, 5}, {2, 4}, {1}], [{8, 7}, {6}, {5}, {2, 4}, {1, 3}], [{8, 7}, {6}, {5}, {3, 4}, {1, 2}], [{8}, {1, 7}, {4, 6}, {2, 5}, {3}], [{8}, {1, 7}, {6}, {3, 5}, {2, 4}], [{8}, {2, 7}, {1, 6}, {3, 5}, {4}], [{8}, {2, 7}, {5, 6}, {4}, {1, 3}], [{8}, {3, 7}, {1, 6}, {2, 5}, {4}], [{8}, {3, 7}, {2, 6}, {1, 5}, {4}], [{8}, {3, 7}, {4, 6}, {1, 5}, {2}], [{8}, {3, 7}, {5, 6}, {4}, {1, 2}], [{8}, {3, 7}, {6}, {1, 5}, {2, 4}], [{8}, {3, 7}, {6}, {1, 5}, {4}, {2}], [{8}, {4, 7}, {1, 6}, {2, 5}, {3}], [{8}, {4, 7}, {2, 6}, {1, 5}, {3}], [{8}, {4, 7}, {5, 6}, {1, 3}, {2}], [{8}, {4, 7}, {5, 6}, {2, 3}, {1}], [{8}, {4, 7}, {5, 6}, {3}, {1, 2}], [{8}, {4, 7}, {5, 6}, {3}, {2}, {1}], [{8}, {5, 7}, {4, 6}, {2, 3}, {1}], [{8}, {5, 7}, {6}, {2, 4}, {1, 3}], [{8}, {5, 7}, {6}, {3, 4}, {1, 2}], [{8}, {6, 7}, {2, 5}, {4}, {1, 3}], [{8}, {6, 7}, {3, 5}, {4}, {1, 2}], [{8}, {6, 7}, {4, 5}, {1, 3}, {2}], [{8}, {6, 7}, {4, 5}, {2, 3}, {1}], [{8}, {6, 7}, {4, 5}, {3}, {1, 2}], [{8}, {6, 7}, {4, 5}, {3}, {2}, {1}], [{8}, {6, 7}, {5}, {2, 4}, {1, 3}], [{8}, {6, 7}, {5}, {3, 4}, {1, 2}], [{8}, {7}, {1, 6}, {2, 5}, {3, 4}], [{8}, {7}, {2, 6}, {1, 5}, {3, 4}], [{8}, {7}, {5, 6}, {2, 4}, {1, 3}], [{8}, {7}, {5, 6}, {3, 4}, {1, 2}], [{8}, {7}, {6}, {5}, {2, 4}, {1, 3}], [{8}, {7}, {6}, {5}, {3, 4}, {1, 2}]]",2,4 K_1^3 - 10 K_1^2 - 4 K_1 K_2 - K_1 + 5 K_2 + K_3 + 6,O1O2O3U4O5U6U3U7O8O4U1O7U5U2O6U8,O1O2O3U4O5U2U6U7O8U3O6O4U1O7U5U8,O1O2O3U4U5O6U3O7O8U1O4U6U8U2O5U7,c,"{'O1O2U3O4O5U2U6U4O7O8U7O3U1U5O6U8', 'O1O2O3U4O5U2U6O7U3O8O4U7U1U5O6U8'}",2,"<a href=""/flatknot/8.1101972"">8.1101972</a>",t^9-21t^7-14t^6+67t^5+16t^4-86t^3+4t^2+36t,-t^2+2t,,
8.1101973,O1O2O3U4O5U2U6O7U5O8O4U1U7U3O6U8,4,19z^2+102z+129,-2w^4z^2+21w^3z^2+102w^2z+129w,False,False,"[[ 0 -2 -1  2  0  1 -1  0  1],[ 2  0  0  3  1  1  0  1  1],[ 1  0  0  1  0  1  0  0  0],[-2 -3 -1  0 -1 -1 -2  0  0],[ 0 -1  0  1  0  1  0 -1  1],[-1 -1 -1  1 -1  0 -2  1  0],[ 1  0  0  2  0  2  0  0  0],[ 0 -1  0  0  1 -1  0  0  1],[-1 -1  0  0 -1  0  0 -1  0]]","[[ 0  2  1  1  0  0 -1 -1 -2],[-2  0  0 -1  0 -1 -1 -2 -3],[-1  0  0  0 -1 -1  0  0 -1],[-1  1  0  0  1 -1 -1 -2 -1],[ 0  0  1 -1  0  1  0  0 -1],[ 0  1  1  1 -1  0  0  0 -1],[ 1  1  0  1  0  0  0  0  0],[ 1  2  0  2  0  0  0  0  0],[ 2  3  1  1  1  1  0  0  0]]",True,"[-2,-1,-1,0,0,1,1,2,0,1,0,1,1,2,3,0,1,1,0,0,1,-1,1,1,2,1,-1,0,0,1,0,0,1,0,0,0]","[-2,-1,-1,0,0,1,1,2,0,0,1,1,1,1,3,0,0,0,0,1,1,0,0,0,2,2,-1,1,1,1,1,-1,0,0,0,1]",t^8+30t^6+153t^4+54t^2,"[-2,-1,-1,0,0,1,1,2,1,1,1,1,2,2,1,0,1,1,0,2,1,1,1,1,2,2,-1,2,0,2,0,0,1,0,0,1]","[-2,-1,-1,0,0,1,1,2,0,1,1,2,1,2,1,0,0,2,0,1,2,0,0,2,2,2,-1,1,1,1,1,1,1,0,1,1]","[-2,-1,-1,0,0,1,1,2,0,0,1,1,1,1,3,0,0,0,0,1,1,0,0,0,2,2,-1,1,1,1,1,-1,0,0,0,1]",c,"[[{8, 6}, {4, 7}, {2, 5}, {1, 3}], [{8, 6}, {7}, {2, 5}, {4}, {1, 3}]]",1,12 K_1^3 - 36 K_1^2 - 20 K_1 K_2 + K_1 + 18 K_2 + 7 K_3 + 19,O1O2O3U4O5U1U6U3O7O4U8O6U5U2O8U7,O1O2O3U4O5U1U6U3O7U8O6O4U2O8U5U7,O1O2O3U4U5O6U2O7O8U6O4U1U8U3O5U7,c,{'O1O2O3U4O5U2U6O7U5O8O4U1U7U3O6U8'},1,"<a href=""/flatknot/8.1101973"">8.1101973</a>",t^9-30t^7-34t^6+117t^5+156t^4-45t^3-108t^2-25t+8,0,,
8.1101974,O1O2O3U4O5U2U6O7U5O8O4U1U7U8O6U3,4,2z^3+23z^2+94z+113,2w^4z^3-2w^4z^2+25w^3z^2-6w^3z+100w^2z+113w,False,False,"[[ 0 -2 -1  2  0  1 -1  0  1],[ 2  0  0  3  1  1  0  1  1],[ 1  0  0  1  0  1  1  0 -1],[-2 -3 -1  0 -1  0 -2 -1  0],[ 0 -1  0  1  0  1  1 -1  0],[-1 -1 -1  0 -1  0 -2  1  1],[ 1  0 -1  2 -1  2  0  1  0],[ 0 -1  0  1  1 -1 -1  0  1],[-1 -1  1  0  0 -1  0 -1  0]]","[[ 0  2  1  1  0  0 -1 -1 -2],[-2  0  0  0 -1 -1 -1 -2 -3],[-1  0  0  1  1 -1 -1 -2 -1],[-1  0 -1  0 -1  0  1  0 -1],[ 0  1 -1  1  0  1  0 -1 -1],[ 0  1  1  0 -1  0  0  1 -1],[ 1  1  1 -1  0  0  0  1  0],[ 1  2  2  0  1 -1 -1  0  0],[ 2  3  1  1  1  1  0  0  0]]",True,"[-2,-1,-1,0,0,1,1,2,0,0,1,1,1,2,3,-1,-1,1,1,2,1,1,0,-1,0,1,-1,0,1,1,0,-1,1,-1,0,0]","[-2,-1,-1,0,0,1,1,2,0,0,1,1,1,1,3,-1,-1,1,0,2,2,0,0,-1,1,1,-1,0,1,1,1,-1,1,-1,0,0]",t^8+34t^6+249t^4+164t^2+9,"[-2,-1,-1,0,0,1,1,2,1,1,1,1,2,2,1,-1,1,1,1,3,2,0,2,0,2,1,-1,2,0,1,0,1,1,-1,1,1]","[-2,-1,-1,0,0,1,1,2,1,1,1,1,1,2,1,-1,0,1,2,3,2,2,0,0,1,2,1,0,1,1,2,1,1,-1,1,1]","[-2,-1,-1,0,0,1,1,2,0,0,1,1,1,1,3,-1,-1,1,0,2,2,0,0,-1,1,1,-1,0,1,1,1,-1,1,-1,0,0]",c,"[[{8, 6}, {4, 7}, {2, 5}, {1, 3}]]",1,4 K_1^3 - 12 K_1^2 - 4 K_1 K_2 - K_1 + 6 K_2 + K_3 + 7,O1O2O3U1O4U5U6U3O7O5U8O6U4U2O8U7,O1O2O3U4O5U1U6U5O7U8O6O4U2O8U3U7,O1O2O3U4U1O5U2O6O7U5O4U8U7U3O8U6,c,{'O1O2O3U4O5U2U6O7U5O8O4U1U7U8O6U3'},1,"<a href=""/flatknot/8.1101974"">8.1101974</a>",t^9-34t^7-56t^6+97t^5+172t^4-79t^3-134t^2+34t+32,0,,
8.1101975,O1O2O3U4O5U2U6O7U5O8O4U7U1U3O6U8,4,22z^2+99z+111,-4w^4z^2+26w^3z^2-4w^3z+103w^2z+111w,False,False,"[[ 0 -1 -1  2  0  1 -1 -1  1],[ 1  0  0  2  1  0  0  0  1],[ 1  0  0  1  0  1  0  0  0],[-2 -2 -1  0 -1 -1 -2  0  0],[ 0 -1  0  1  0  1  0 -2  1],[-1  0 -1  1 -1  0 -2  1  0],[ 1  0  0  2  0  2  0 -1  0],[ 1  0  0  0  2 -1  1  0  1],[-1 -1  0  0 -1  0  0 -1  0]]","[[ 0  2  1  1  0 -1 -1 -1 -1],[-2  0  0 -1 -1  0 -1 -2 -2],[-1  0  0  0 -1 -1  0  0 -1],[-1  1  0  0 -1  1 -1 -2  0],[ 0  1  1  1  0 -2  0  0 -1],[ 1  0  1 -1  2  0  0  1  0],[ 1  1  0  1  0  0  0  0  0],[ 1  2  0  2  0 -1  0  0  0],[ 1  2  1  0  1  0  0  0  0]]",True,"[-2,-1,-1,0,1,1,1,1,0,1,1,0,1,2,2,0,1,1,0,0,1,1,-1,1,2,0,2,0,0,1,0,-1,0,0,0,0]","[-2,-1,-1,0,1,1,1,1,0,1,1,0,1,2,2,0,1,1,0,0,1,1,-1,1,2,0,2,0,0,1,0,-1,0,0,0,0]",t^8+27t^6+160t^4+76t^2+4,"[-1,-1,-1,-1,0,1,1,2,-1,0,0,-1,1,3,3,0,0,1,2,0,1,0,0,1,2,1,1,2,1,2,0,0,1,0,1,0]","[-2,-1,-1,0,1,1,1,1,0,1,1,1,1,2,3,0,0,0,2,1,3,0,2,1,2,1,1,0,1,-1,0,0,-1,0,0,0]","[-1,-1,-1,-1,0,1,1,2,-1,0,0,0,0,2,2,0,0,2,1,-1,0,0,0,0,1,1,1,1,0,2,1,1,1,0,0,1]",c,"[[{8, 1}, {2, 7}, {3, 6}, {4, 5}], [{8, 1}, {2, 7}, {3, 6}, {5}, {4}], [{8, 1}, {2, 7}, {4, 6}, {3, 5}], [{8, 1}, {2, 7}, {5, 6}, {3, 4}], [{8, 1}, {3, 7}, {2, 6}, {4, 5}], [{8, 1}, {3, 7}, {4, 6}, {2, 5}], [{8, 1}, {3, 7}, {5, 6}, {2, 4}], [{8, 1}, {3, 7}, {6}, {5}, {2, 4}], [{8, 1}, {4, 7}, {2, 6}, {3, 5}], [{8, 1}, {4, 7}, {3, 6}, {2, 5}], [{8, 1}, {4, 7}, {5, 6}, {2, 3}], [{8, 1}, {4, 7}, {6}, {3, 5}, {2}], [{8, 1}, {5, 7}, {2, 6}, {3, 4}], [{8, 1}, {5, 7}, {3, 6}, {2, 4}], [{8, 1}, {5, 7}, {4, 6}, {2, 3}], [{8, 1}, {5, 7}, {4, 6}, {3}, {2}], [{8, 1}, {6, 7}, {2, 5}, {3, 4}], [{8, 1}, {6, 7}, {3, 5}, {2, 4}], [{8, 1}, {6, 7}, {4, 5}, {2, 3}], [{8, 1}, {6, 7}, {5}, {4}, {2, 3}], [{8, 1}, {7}, {3, 6}, {4, 5}, {2}], [{8, 2}, {1, 7}, {3, 6}, {4, 5}], [{8, 2}, {1, 7}, {4, 6}, {3, 5}], [{8, 2}, {1, 7}, {5, 6}, {3, 4}], [{8, 2}, {3, 7}, {1, 6}, {4, 5}], [{8, 2}, {3, 7}, {4, 6}, {1, 5}], [{8, 2}, {3, 7}, {5, 6}, {1, 4}], [{8, 2}, {3, 7}, {6}, {4, 5}, {1}], [{8, 2}, {4, 7}, {1, 6}, {3, 5}], [{8, 2}, {4, 7}, {3, 6}, {1, 5}], [{8, 2}, {4, 7}, {5, 6}, {1, 3}], [{8, 2}, {4, 7}, {6}, {3, 5}, {1}], [{8, 2}, {5, 7}, {1, 6}, {3, 4}], [{8, 2}, {5, 7}, {1, 6}, {4}, {3}], [{8, 2}, {5, 7}, {3, 6}, {1, 4}], [{8, 2}, {5, 7}, {3, 6}, {4}, {1}], [{8, 2}, {5, 7}, {4, 6}, {1, 3}], [{8, 2}, {5, 7}, {4, 6}, {3}, {1}], [{8, 2}, {5, 7}, {6}, {1, 4}, {3}], [{8, 2}, {5, 7}, {6}, {3, 4}, {1}], [{8, 2}, {5, 7}, {6}, {4}, {1, 3}], [{8, 2}, {5, 7}, {6}, {4}, {3}, {1}], [{8, 2}, {6, 7}, {1, 5}, {3, 4}], [{8, 2}, {6, 7}, {3, 5}, {1, 4}], [{8, 2}, {6, 7}, {4, 5}, {1, 3}], [{8, 3}, {1, 7}, {2, 6}, {4, 5}], [{8, 3}, {1, 7}, {4, 6}, {2, 5}], [{8, 3}, {1, 7}, {5, 6}, {2, 4}], [{8, 3}, {2, 7}, {1, 6}, {4, 5}], [{8, 3}, {2, 7}, {4, 6}, {1, 5}], [{8, 3}, {2, 7}, {5, 6}, {1, 4}], [{8, 3}, {4, 7}, {1, 6}, {2, 5}], [{8, 3}, {4, 7}, {2, 6}, {1, 5}], [{8, 3}, {4, 7}, {2, 6}, {5}, {1}], [{8, 3}, {4, 7}, {5, 6}, {1, 2}], [{8, 3}, {5, 7}, {1, 6}, {2, 4}], [{8, 3}, {5, 7}, {2, 6}, {1, 4}], [{8, 3}, {5, 7}, {4, 6}, {1, 2}], [{8, 3}, {5, 7}, {4, 6}, {2}, {1}], [{8, 3}, {6, 7}, {1, 5}, {2, 4}], [{8, 3}, {6, 7}, {2, 5}, {1, 4}], [{8, 3}, {6, 7}, {4, 5}, {1, 2}], [{8, 3}, {6, 7}, {5}, {2, 4}, {1}], [{8, 4}, {1, 7}, {2, 6}, {3, 5}], [{8, 4}, {1, 7}, {3, 6}, {2, 5}], [{8, 4}, {1, 7}, {5, 6}, {2, 3}], [{8, 4}, {2, 7}, {1, 6}, {3, 5}], [{8, 4}, {2, 7}, {3, 6}, {1, 5}], [{8, 4}, {2, 7}, {5, 6}, {1, 3}], [{8, 4}, {3, 7}, {1, 6}, {2, 5}], [{8, 4}, {3, 7}, {2, 6}, {1, 5}], [{8, 4}, {3, 7}, {5, 6}, {1, 2}], [{8, 4}, {5, 7}, {1, 6}, {2, 3}], [{8, 4}, {5, 7}, {2, 6}, {1, 3}], [{8, 4}, {5, 7}, {2, 6}, {3}, {1}], [{8, 4}, {5, 7}, {3, 6}, {1, 2}], [{8, 4}, {6, 7}, {1, 5}, {2, 3}], [{8, 4}, {6, 7}, {2, 5}, {1, 3}], [{8, 4}, {6, 7}, {3, 5}, {1, 2}], [{8, 4}, {7}, {1, 6}, {2, 5}, {3}], [{8, 4}, {7}, {3, 6}, {2, 5}, {1}], [{8, 4}, {7}, {5, 6}, {2, 3}, {1}], [{8, 4}, {7}, {6}, {2, 5}, {1, 3}], [{8, 4}, {7}, {6}, {3, 5}, {1, 2}], [{8, 5}, {1, 7}, {2, 6}, {3, 4}], [{8, 5}, {1, 7}, {3, 6}, {2, 4}], [{8, 5}, {1, 7}, {4, 6}, {2, 3}], [{8, 5}, {2, 7}, {1, 6}, {3, 4}], [{8, 5}, {2, 7}, {1, 6}, {4}, {3}], [{8, 5}, {2, 7}, {3, 6}, {1, 4}], [{8, 5}, {2, 7}, {3, 6}, {4}, {1}], [{8, 5}, {2, 7}, {4, 6}, {1, 3}], [{8, 5}, {2, 7}, {6}, {4}, {1, 3}], [{8, 5}, {3, 7}, {1, 6}, {2, 4}], [{8, 5}, {3, 7}, {2, 6}, {1, 4}], [{8, 5}, {3, 7}, {4, 6}, {1, 2}], [{8, 5}, {3, 7}, {6}, {1, 4}, {2}], [{8, 5}, {4, 7}, {1, 6}, {2, 3}], [{8, 5}, {4, 7}, {2, 6}, {1, 3}], [{8, 5}, {4, 7}, {3, 6}, {1, 2}], [{8, 5}, {6, 7}, {1, 4}, {2, 3}], [{8, 5}, {6, 7}, {2, 4}, {1, 3}], [{8, 5}, {6, 7}, {2, 4}, {3}, {1}], [{8, 5}, {6, 7}, {3, 4}, {1, 2}], [{8, 5}, {6, 7}, {3, 4}, {2}, {1}], [{8, 5}, {6, 7}, {4}, {2, 3}, {1}], [{8, 6}, {1, 7}, {2, 5}, {3, 4}], [{8, 6}, {1, 7}, {2, 5}, {4}, {3}], [{8, 6}, {1, 7}, {3, 5}, {2, 4}], [{8, 6}, {1, 7}, {4, 5}, {2, 3}], [{8, 6}, {2, 7}, {1, 5}, {3, 4}], [{8, 6}, {2, 7}, {3, 5}, {1, 4}], [{8, 6}, {2, 7}, {4, 5}, {1, 3}], [{8, 6}, {2, 7}, {4, 5}, {3}, {1}], [{8, 6}, {3, 7}, {1, 5}, {2, 4}], [{8, 6}, {3, 7}, {2, 5}, {1, 4}], [{8, 6}, {3, 7}, {2, 5}, {4}, {1}], [{8, 6}, {3, 7}, {4, 5}, {1, 2}], [{8, 6}, {4, 7}, {1, 5}, {2, 3}], [{8, 6}, {4, 7}, {2, 5}, {1, 3}], [{8, 6}, {4, 7}, {3, 5}, {1, 2}], [{8, 6}, {5, 7}, {1, 4}, {2, 3}], [{8, 6}, {5, 7}, {2, 4}, {1, 3}], [{8, 6}, {5, 7}, {2, 4}, {3}, {1}], [{8, 6}, {5, 7}, {3, 4}, {1, 2}], [{8, 6}, {7}, {2, 5}, {4}, {1, 3}], [{8, 6}, {7}, {3, 5}, {4}, {1, 2}], [{8, 6}, {7}, {5}, {1, 4}, {2, 3}], [{8, 7}, {1, 6}, {2, 5}, {3, 4}], [{8, 7}, {1, 6}, {2, 5}, {4}, {3}], [{8, 7}, {1, 6}, {3, 5}, {2, 4}], [{8, 7}, {1, 6}, {4, 5}, {2, 3}], [{8, 7}, {1, 6}, {4, 5}, {3}, {2}], [{8, 7}, {1, 6}, {5}, {2, 4}, {3}], [{8, 7}, {2, 6}, {1, 5}, {3, 4}], [{8, 7}, {2, 6}, {3, 5}, {1, 4}], [{8, 7}, {2, 6}, {4, 5}, {1, 3}], [{8, 7}, {2, 6}, {5}, {3, 4}, {1}], [{8, 7}, {3, 6}, {1, 5}, {2, 4}], [{8, 7}, {3, 6}, {2, 5}, {1, 4}], [{8, 7}, {3, 6}, {2, 5}, {4}, {1}], [{8, 7}, {3, 6}, {4, 5}, {1, 2}], [{8, 7}, {3, 6}, {4, 5}, {2}, {1}], [{8, 7}, {3, 6}, {5}, {2, 4}, {1}], [{8, 7}, {4, 6}, {1, 5}, {2, 3}], [{8, 7}, {4, 6}, {2, 5}, {1, 3}], [{8, 7}, {4, 6}, {3, 5}, {1, 2}], [{8, 7}, {5, 6}, {1, 4}, {2, 3}], [{8, 7}, {5, 6}, {1, 4}, {3}, {2}], [{8, 7}, {5, 6}, {2, 4}, {1, 3}], [{8, 7}, {5, 6}, {3, 4}, {1, 2}], [{8, 7}, {6}, {2, 5}, {4}, {1, 3}], [{8, 7}, {6}, {3, 5}, {4}, {1, 2}], [{8, 7}, {6}, {4, 5}, {1, 3}, {2}], [{8, 7}, {6}, {5}, {2, 4}, {1, 3}], [{8}, {1, 7}, {3, 6}, {4, 5}, {2}], [{8}, {2, 7}, {3, 6}, {1, 5}, {4}], [{8}, {2, 7}, {4, 6}, {5}, {1, 3}], [{8}, {3, 7}, {4, 6}, {5}, {1, 2}], [{8}, {4, 7}, {1, 6}, {2, 5}, {3}], [{8}, {4, 7}, {3, 6}, {2, 5}, {1}], [{8}, {4, 7}, {6}, {2, 5}, {1, 3}], [{8}, {4, 7}, {6}, {3, 5}, {1, 2}], [{8}, {5, 7}, {1, 6}, {3, 4}, {2}], [{8}, {5, 7}, {3, 6}, {1, 4}, {2}], [{8}, {5, 7}, {4, 6}, {1, 3}, {2}], [{8}, {5, 7}, {4, 6}, {2, 3}, {1}], [{8}, {5, 7}, {4, 6}, {3}, {1, 2}], [{8}, {5, 7}, {4, 6}, {3}, {2}, {1}], [{8}, {6, 7}, {1, 5}, {4}, {2, 3}], [{8}, {6, 7}, {2, 5}, {4}, {1, 3}], [{8}, {6, 7}, {3, 5}, {1, 4}, {2}], [{8}, {6, 7}, {3, 5}, {2, 4}, {1}], [{8}, {6, 7}, {3, 5}, {4}, {1, 2}], [{8}, {6, 7}, {4, 5}, {3}, {1, 2}], [{8}, {6, 7}, {5}, {3, 4}, {1, 2}], [{8}, {7}, {4, 6}, {2, 5}, {1, 3}], [{8}, {7}, {4, 6}, {3, 5}, {1, 2}]]",2,4 K_1^3 - 10 K_1^2 - 4 K_1 K_2 - K_1 + 5 K_2 + K_3 + 6,O1O2O3U4O5U1U3U6O7O4U8O6U5U2O8U7,O1O2O3U4O5U2U6U3O7U8O6O4U1O8U5U7,O1O2O3U4U5O6U3O7O8U6O4U1U8U2O5U7,c,{'O1O2O3U4O5U2U6O7U5O8O4U7U1U3O6U8'},1,"<a href=""/flatknot/8.1101975"">8.1101975</a>",t^9-25t^7-28t^6+117t^5+118t^4-161t^3-56t^2+59t+18,-t^2+2t,,
8.1101976,O1O2O3U4O5U2U6O7U5O8O4U7U1U8O6U3,4,3z^3+34z^2+110z+109,3w^4z^3+34w^3z^2+110w^2z+109w,False,False,"[[ 0 -1 -1  2  0  1 -1 -1  1],[ 1  0  0  2  1  0  0  0  1],[ 1  0  0  1  0  1  1  0 -1],[-2 -2 -1  0 -1  0 -2 -1  0],[ 0 -1  0  1  0  1  1 -2  0],[-1  0 -1  0 -1  0 -2  1  1],[ 1  0 -1  2 -1  2  0  0  0],[ 1  0  0  1  2 -1  0  0  1],[-1 -1  1  0  0 -1  0 -1  0]]","[[ 0  2  1  1  0 -1 -1 -1 -1],[-2  0  0  0 -1 -1 -1 -2 -2],[-1  0  0  1 -1  1 -1  0 -2],[-1  0 -1  0  0 -1  1 -1  0],[ 0  1  1  0  0 -2  0 -1  1],[ 1  1 -1  1  2  0  0  0  0],[ 1  1  1 -1  0  0  0  0  1],[ 1  2  0  1  1  0  0  0  0],[ 1  2  2  0 -1  0 -1  0  0]]",True,"[-2,-1,-1,0,1,1,1,1,0,0,1,1,1,2,2,-1,1,-1,1,0,2,0,1,-1,1,0,2,0,1,-1,0,0,0,0,-1,0]","[-2,-1,-1,0,1,1,1,1,0,0,1,1,1,2,2,-1,1,-1,1,0,2,0,1,-1,1,0,2,0,1,-1,0,0,0,0,-1,0]",t^8+29t^6+214t^4+182t^2+1,"[-1,-1,-1,-1,0,1,1,2,-1,0,0,1,1,3,2,0,0,2,0,2,1,0,-1,3,1,2,0,2,1,1,0,1,1,-1,1,1]","[-2,-1,-1,0,1,1,1,1,1,1,1,1,1,2,2,-1,1,1,2,1,3,0,2,0,3,1,0,2,-1,1,0,0,0,0,-1,0]","[-1,-1,-1,-1,0,1,1,2,-1,0,0,-1,0,2,2,0,0,0,-1,1,1,0,1,1,0,2,2,1,-1,1,0,1,1,-1,0,0]",c,"[[{8, 3}, {4, 7}, {5, 6}, {1, 2}]]",1,4 K_1^3 - 10 K_1^2 - 4 K_1 K_2 - K_1 + 5 K_2 + K_3 + 6,O1O2O3U1O4U5U3U6O7O5U8O6U4U2O8U7,O1O2O3U4O5U2U6U5O7U8O6O4U1O8U3U7,O1O2O3U4U1O5U3O6O7U5O4U8U7U2O8U6,c,{'O1O2O3U4O5U2U6O7U5O8O4U7U1U8O6U3'},1,"<a href=""/flatknot/8.1101976"">8.1101976</a>",t^9-27t^7-32t^6+101t^5+102t^4-111t^3-86t^2+44t-2,-t^2+2t,,
8.1101977,O1O2O3U4O5U3U1O6U2O7O4U6U8U5O8U7,4,13z^2+96z+141,13w^3z^2+96w^2z+141w,False,False,"[[ 0 -1  0  0  0  2 -1  1 -1],[ 1  0  1  0 -1  2  0  0  0],[ 0 -1  0  0 -1  2  0  1 -1],[ 0  0  0  0  0  0 -1  0 -1],[ 0  1  1  0  0  1 -1 -1  0],[-2 -2 -2  0 -1  0  0  1 -2],[ 1  0  0  1  1  0  0  1  1],[-1  0 -1  0  1 -1 -1  0 -1],[ 1  0  1  1  0  2 -1  1  0]]","[[ 0  2  1  0  0  0 -1 -1 -1],[-2  0  1  0 -1 -2  0 -2 -2],[-1 -1  0  0  1 -1 -1  0 -1],[ 0  0  0  0  0  0 -1  0 -1],[ 0  1 -1  0  0  1 -1  1  0],[ 0  2  1  0 -1  0  0 -1 -1],[ 1  0  1  1  1  0  0  0  1],[ 1  2  0  0 -1  1  0  0  0],[ 1  2  1  1  0  1 -1  0  0]]",True,"[-2,-1,0,0,0,1,1,1,-1,0,1,2,0,2,2,0,-1,1,1,0,1,0,0,1,0,1,-1,1,-1,0,0,1,1,0,-1,0]","[-2,-1,0,0,0,1,1,1,-1,0,1,2,0,2,2,0,-1,1,1,0,1,0,0,1,0,1,-1,1,-1,0,0,1,1,0,-1,0]",t^8+26t^6+124t^4+24t^2,"[-1,-1,-1,0,0,0,1,2,-1,0,0,0,1,1,3,0,0,1,0,1,1,1,2,0,2,1,0,0,1,2,-1,2,1,0,0,2]","[-2,-1,0,0,0,1,1,1,2,0,1,2,1,1,3,0,2,1,1,2,1,-1,0,0,0,1,0,1,2,0,0,1,0,0,-1,0]","[-1,-1,-1,0,0,0,1,2,-1,0,0,1,1,1,2,0,1,0,1,1,0,-1,1,0,0,2,1,0,-1,1,0,1,2,0,0,-1]",c,"[[{8, 1}, {2, 7}, {3, 6}, {4, 5}], [{8, 1}, {2, 7}, {3, 6}, {5}, {4}], [{8, 1}, {2, 7}, {4, 6}, {3, 5}], [{8, 1}, {2, 7}, {4, 6}, {5}, {3}], [{8, 1}, {2, 7}, {5, 6}, {3, 4}], [{8, 1}, {2, 7}, {6}, {5}, {3, 4}], [{8, 1}, {3, 7}, {2, 6}, {4, 5}], [{8, 1}, {3, 7}, {4, 6}, {2, 5}], [{8, 1}, {3, 7}, {4, 6}, {5}, {2}], [{8, 1}, {3, 7}, {5, 6}, {2, 4}], [{8, 1}, {4, 7}, {2, 6}, {3, 5}], [{8, 1}, {4, 7}, {3, 6}, {2, 5}], [{8, 1}, {4, 7}, {3, 6}, {5}, {2}], [{8, 1}, {4, 7}, {5, 6}, {2, 3}], [{8, 1}, {5, 7}, {2, 6}, {3, 4}], [{8, 1}, {5, 7}, {3, 6}, {2, 4}], [{8, 1}, {5, 7}, {3, 6}, {4}, {2}], [{8, 1}, {5, 7}, {4, 6}, {2, 3}], [{8, 1}, {5, 7}, {4, 6}, {3}, {2}], [{8, 1}, {5, 7}, {6}, {3, 4}, {2}], [{8, 1}, {6, 7}, {2, 5}, {3, 4}], [{8, 1}, {6, 7}, {3, 5}, {2, 4}], [{8, 1}, {6, 7}, {4, 5}, {2, 3}], [{8, 1}, {6, 7}, {5}, {3, 4}, {2}], [{8, 1}, {7}, {2, 6}, {5}, {3, 4}], [{8, 1}, {7}, {3, 6}, {2, 5}, {4}], [{8, 1}, {7}, {3, 6}, {4, 5}, {2}], [{8, 1}, {7}, {3, 6}, {5}, {2, 4}], [{8, 1}, {7}, {3, 6}, {5}, {4}, {2}], [{8, 1}, {7}, {4, 6}, {2, 5}, {3}], [{8, 1}, {7}, {4, 6}, {3, 5}, {2}], [{8, 1}, {7}, {4, 6}, {5}, {2, 3}], [{8, 1}, {7}, {4, 6}, {5}, {3}, {2}], [{8, 1}, {7}, {5, 6}, {3, 4}, {2}], [{8, 1}, {7}, {6}, {2, 5}, {3, 4}], [{8, 1}, {7}, {6}, {5}, {3, 4}, {2}], [{8, 2}, {1, 7}, {3, 6}, {4, 5}], [{8, 2}, {1, 7}, {4, 6}, {3, 5}], [{8, 2}, {1, 7}, {4, 6}, {5}, {3}], [{8, 2}, {1, 7}, {5, 6}, {3, 4}], [{8, 2}, {1, 7}, {5, 6}, {4}, {3}], [{8, 2}, {1, 7}, {6}, {4, 5}, {3}], [{8, 2}, {3, 7}, {1, 6}, {4, 5}], [{8, 2}, {3, 7}, {1, 6}, {5}, {4}], [{8, 2}, {3, 7}, {4, 6}, {1, 5}], [{8, 2}, {3, 7}, {5, 6}, {1, 4}], [{8, 2}, {3, 7}, {6}, {4, 5}, {1}], [{8, 2}, {4, 7}, {1, 6}, {3, 5}], [{8, 2}, {4, 7}, {3, 6}, {1, 5}], [{8, 2}, {4, 7}, {5, 6}, {1, 3}], [{8, 2}, {5, 7}, {1, 6}, {3, 4}], [{8, 2}, {5, 7}, {3, 6}, {1, 4}], [{8, 2}, {5, 7}, {4, 6}, {1, 3}], [{8, 2}, {6, 7}, {1, 5}, {3, 4}], [{8, 2}, {6, 7}, {3, 5}, {1, 4}], [{8, 2}, {6, 7}, {4, 5}, {1, 3}], [{8, 2}, {7}, {5, 6}, {3, 4}, {1}], [{8, 2}, {7}, {6}, {4, 5}, {1, 3}], [{8, 3}, {1, 7}, {2, 6}, {4, 5}], [{8, 3}, {1, 7}, {2, 6}, {5}, {4}], [{8, 3}, {1, 7}, {4, 6}, {2, 5}], [{8, 3}, {1, 7}, {4, 6}, {5}, {2}], [{8, 3}, {1, 7}, {5, 6}, {2, 4}], [{8, 3}, {1, 7}, {6}, {5}, {2, 4}], [{8, 3}, {2, 7}, {1, 6}, {4, 5}], [{8, 3}, {2, 7}, {1, 6}, {5}, {4}], [{8, 3}, {2, 7}, {4, 6}, {1, 5}], [{8, 3}, {2, 7}, {5, 6}, {1, 4}], [{8, 3}, {2, 7}, {6}, {4, 5}, {1}], [{8, 3}, {4, 7}, {1, 6}, {2, 5}], [{8, 3}, {4, 7}, {2, 6}, {1, 5}], [{8, 3}, {4, 7}, {5, 6}, {1, 2}], [{8, 3}, {4, 7}, {5, 6}, {2}, {1}], [{8, 3}, {5, 7}, {1, 6}, {2, 4}], [{8, 3}, {5, 7}, {2, 6}, {1, 4}], [{8, 3}, {5, 7}, {4, 6}, {1, 2}], [{8, 3}, {5, 7}, {4, 6}, {2}, {1}], [{8, 3}, {6, 7}, {1, 5}, {2, 4}], [{8, 3}, {6, 7}, {2, 5}, {1, 4}], [{8, 3}, {6, 7}, {4, 5}, {1, 2}], [{8, 3}, {6, 7}, {4, 5}, {2}, {1}], [{8, 3}, {7}, {2, 6}, {4, 5}, {1}], [{8, 3}, {7}, {4, 6}, {1, 5}, {2}], [{8, 4}, {1, 7}, {2, 6}, {3, 5}], [{8, 4}, {1, 7}, {2, 6}, {5}, {3}], [{8, 4}, {1, 7}, {3, 6}, {2, 5}], [{8, 4}, {1, 7}, {5, 6}, {2, 3}], [{8, 4}, {1, 7}, {5, 6}, {3}, {2}], [{8, 4}, {1, 7}, {6}, {2, 5}, {3}], [{8, 4}, {2, 7}, {1, 6}, {3, 5}], [{8, 4}, {2, 7}, {1, 6}, {5}, {3}], [{8, 4}, {2, 7}, {3, 6}, {1, 5}], [{8, 4}, {2, 7}, {5, 6}, {1, 3}], [{8, 4}, {3, 7}, {1, 6}, {2, 5}], [{8, 4}, {3, 7}, {2, 6}, {1, 5}], [{8, 4}, {3, 7}, {5, 6}, {1, 2}], [{8, 4}, {5, 7}, {1, 6}, {2, 3}], [{8, 4}, {5, 7}, {2, 6}, {1, 3}], [{8, 4}, {5, 7}, {3, 6}, {1, 2}], [{8, 4}, {6, 7}, {1, 5}, {2, 3}], [{8, 4}, {6, 7}, {2, 5}, {1, 3}], [{8, 4}, {6, 7}, {3, 5}, {1, 2}], [{8, 4}, {7}, {5, 6}, {2, 3}, {1}], [{8, 5}, {1, 7}, {2, 6}, {3, 4}], [{8, 5}, {1, 7}, {2, 6}, {4}, {3}], [{8, 5}, {1, 7}, {3, 6}, {2, 4}], [{8, 5}, {1, 7}, {4, 6}, {2, 3}], [{8, 5}, {1, 7}, {4, 6}, {3}, {2}], [{8, 5}, {1, 7}, {6}, {2, 4}, {3}], [{8, 5}, {2, 7}, {1, 6}, {3, 4}], [{8, 5}, {2, 7}, {3, 6}, {1, 4}], [{8, 5}, {2, 7}, {4, 6}, {1, 3}], [{8, 5}, {3, 7}, {1, 6}, {2, 4}], [{8, 5}, {3, 7}, {2, 6}, {1, 4}], [{8, 5}, {3, 7}, {4, 6}, {1, 2}], [{8, 5}, {3, 7}, {4, 6}, {2}, {1}], [{8, 5}, {4, 7}, {1, 6}, {2, 3}], [{8, 5}, {4, 7}, {2, 6}, {1, 3}], [{8, 5}, {4, 7}, {3, 6}, {1, 2}], [{8, 5}, {4, 7}, {3, 6}, {2}, {1}], [{8, 5}, {6, 7}, {1, 4}, {2, 3}], [{8, 5}, {6, 7}, {2, 4}, {1, 3}], [{8, 5}, {6, 7}, {3, 4}, {1, 2}], [{8, 5}, {6, 7}, {3, 4}, {2}, {1}], [{8, 5}, {7}, {4, 6}, {1, 3}, {2}], [{8, 6}, {1, 7}, {2, 5}, {3, 4}], [{8, 6}, {1, 7}, {2, 5}, {4}, {3}], [{8, 6}, {1, 7}, {3, 5}, {2, 4}], [{8, 6}, {1, 7}, {4, 5}, {2, 3}], [{8, 6}, {1, 7}, {4, 5}, {3}, {2}], [{8, 6}, {1, 7}, {5}, {2, 4}, {3}], [{8, 6}, {2, 7}, {1, 5}, {3, 4}], [{8, 6}, {2, 7}, {3, 5}, {1, 4}], [{8, 6}, {2, 7}, {3, 5}, {4}, {1}], [{8, 6}, {2, 7}, {4, 5}, {1, 3}], [{8, 6}, {2, 7}, {4, 5}, {3}, {1}], [{8, 6}, {2, 7}, {5}, {3, 4}, {1}], [{8, 6}, {3, 7}, {1, 5}, {2, 4}], [{8, 6}, {3, 7}, {2, 5}, {1, 4}], [{8, 6}, {3, 7}, {4, 5}, {1, 2}], [{8, 6}, {4, 7}, {1, 5}, {2, 3}], [{8, 6}, {4, 7}, {2, 5}, {1, 3}], [{8, 6}, {4, 7}, {3, 5}, {1, 2}], [{8, 6}, {5, 7}, {1, 4}, {2, 3}], [{8, 6}, {5, 7}, {2, 4}, {1, 3}], [{8, 6}, {5, 7}, {3, 4}, {1, 2}], [{8, 6}, {7}, {4, 5}, {3}, {1, 2}], [{8, 7}, {1, 6}, {2, 5}, {3, 4}], [{8, 7}, {1, 6}, {3, 5}, {2, 4}], [{8, 7}, {1, 6}, {4, 5}, {2, 3}], [{8, 7}, {1, 6}, {4, 5}, {3}, {2}], [{8, 7}, {2, 6}, {1, 5}, {3, 4}], [{8, 7}, {2, 6}, {3, 5}, {1, 4}], [{8, 7}, {2, 6}, {4, 5}, {1, 3}], [{8, 7}, {2, 6}, {5}, {3, 4}, {1}], [{8, 7}, {3, 6}, {1, 5}, {2, 4}], [{8, 7}, {3, 6}, {2, 5}, {1, 4}], [{8, 7}, {3, 6}, {4, 5}, {1, 2}], [{8, 7}, {3, 6}, {5}, {2, 4}, {1}], [{8, 7}, {4, 6}, {1, 5}, {2, 3}], [{8, 7}, {4, 6}, {1, 5}, {3}, {2}], [{8, 7}, {4, 6}, {2, 5}, {1, 3}], [{8, 7}, {4, 6}, {2, 5}, {3}, {1}], [{8, 7}, {4, 6}, {3, 5}, {1, 2}], [{8, 7}, {4, 6}, {3, 5}, {2}, {1}], [{8, 7}, {4, 6}, {5}, {1, 3}, {2}], [{8, 7}, {4, 6}, {5}, {2, 3}, {1}], [{8, 7}, {4, 6}, {5}, {3}, {1, 2}], [{8, 7}, {4, 6}, {5}, {3}, {2}, {1}], [{8, 7}, {5, 6}, {1, 4}, {2, 3}], [{8, 7}, {5, 6}, {1, 4}, {3}, {2}], [{8, 7}, {5, 6}, {2, 4}, {1, 3}], [{8, 7}, {5, 6}, {3, 4}, {1, 2}], [{8}, {1, 7}, {2, 6}, {3, 5}, {4}], [{8}, {1, 7}, {2, 6}, {4, 5}, {3}], [{8}, {1, 7}, {2, 6}, {5}, {3, 4}], [{8}, {1, 7}, {2, 6}, {5}, {4}, {3}], [{8}, {1, 7}, {3, 6}, {5}, {2, 4}], [{8}, {1, 7}, {4, 6}, {2, 5}, {3}], [{8}, {1, 7}, {4, 6}, {3, 5}, {2}], [{8}, {1, 7}, {4, 6}, {5}, {2, 3}], [{8}, {1, 7}, {4, 6}, {5}, {3}, {2}], [{8}, {1, 7}, {5, 6}, {2, 4}, {3}], [{8}, {1, 7}, {6}, {3, 5}, {2, 4}], [{8}, {1, 7}, {6}, {5}, {2, 4}, {3}], [{8}, {2, 7}, {1, 6}, {5}, {3, 4}], [{8}, {2, 7}, {3, 6}, {4, 5}, {1}], [{8}, {2, 7}, {6}, {3, 5}, {1, 4}], [{8}, {3, 7}, {4, 6}, {1, 5}, {2}], [{8}, {4, 7}, {1, 6}, {2, 5}, {3}], [{8}, {4, 7}, {1, 6}, {3, 5}, {2}], [{8}, {4, 7}, {1, 6}, {5}, {2, 3}], [{8}, {4, 7}, {2, 6}, {3, 5}, {1}], [{8}, {4, 7}, {3, 6}, {1, 5}, {2}], [{8}, {4, 7}, {6}, {3, 5}, {1, 2}], [{8}, {5, 7}, {1, 6}, {4}, {2, 3}], [{8}, {5, 7}, {4, 6}, {1, 3}, {2}], [{8}, {6, 7}, {1, 5}, {3, 4}, {2}], [{8}, {6, 7}, {3, 5}, {1, 4}, {2}], [{8}, {7}, {1, 6}, {4, 5}, {2, 3}], [{8}, {7}, {2, 6}, {3, 5}, {1, 4}], [{8}, {7}, {5, 6}, {3, 4}, {1, 2}]]",2,4 K_1^3 - 30 K_1^2 - 4 K_1 K_2 - K_1 + 15 K_2 + K_3 + 16,O1O2O3U4O5U6U5U7O8O4U2O7U3U1O6U8,O1O2O3U2O4U5U6U7O8U3O7O5U1O6U4U8,O1O2O3U4U5O6U3O7O8U1O4U8U6U7O5U2,c,{'O1O2O3U4O5U3U1O6U2O7O4U6U8U5O8U7'},1,"<a href=""/flatknot/8.1101977"">8.1101977</a>",t^9-24t^7-44t^6+59t^5+174t^4+45t^3-66t^2+7t,-t^2+2t,,
8.1101978,O1O2O3U4O5U3U1O6U2O7O4U6U8U7O8U5,4,11z^2+92z+141,11w^3z^2+92w^2z+141w,False,False,"[[ 0 -1  0  0  0  2 -1  1 -1],[ 1  0  1  0 -1  2  0 -1  1],[ 0 -1  0  0 -1  2  0  0  0],[ 0  0  0  0  0  0 -1 -1  0],[ 0  1  1  0  0  0 -1  0  0],[-2 -2 -2  0  0  0 -1  2 -3],[ 1  0  0  1  1  1  0  1  0],[-1  1  0  1  0 -2 -1  0 -1],[ 1 -1  0  0  0  3  0  1  0]]","[[ 0  2  1  0  0  0 -1 -1 -1],[-2  0  2  0  0 -2 -1 -2 -3],[-1 -2  0  1  0  0 -1  1 -1],[ 0  0 -1  0  0  0 -1  0  0],[ 0  0  0  0  0  1 -1  1  0],[ 0  2  0  0 -1  0  0 -1  0],[ 1  1  1  1  1  0  0  0  0],[ 1  2 -1  0 -1  1  0  0  1],[ 1  3  1  0  0  0  0 -1  0]]",True,"[-2,-1,0,0,0,1,1,1,-2,0,0,2,1,2,3,-1,0,0,1,-1,1,0,0,1,0,0,-1,1,-1,0,0,1,0,0,0,-1]","[-2,-1,0,0,0,1,1,1,-2,0,0,2,1,2,3,-1,0,0,1,-1,1,0,0,1,0,0,-1,1,-1,0,0,1,0,0,0,-1]",t^8+32t^6+155t^4+121t^2+1,"[-1,-1,-1,0,0,0,1,2,-1,0,0,1,2,3,1,0,1,1,1,1,0,1,0,0,1,2,0,1,1,0,0,2,2,1,2,3]","[-2,-1,0,0,0,1,1,1,3,0,2,2,0,1,2,1,1,2,1,3,1,-1,0,1,0,1,0,1,2,0,1,1,0,-1,0,0]","[-1,-1,-1,0,0,0,1,2,-1,0,0,0,0,1,3,0,-1,0,1,-1,2,1,1,0,1,1,0,1,0,0,0,-1,0,0,2,-2]",c,"[[{8, 1}, {2, 7}, {3, 6}, {4, 5}], [{8, 1}, {2, 7}, {4, 6}, {3, 5}], [{8, 1}, {2, 7}, {5, 6}, {3, 4}], [{8, 1}, {2, 7}, {6}, {4, 5}, {3}], [{8, 1}, {3, 7}, {2, 6}, {4, 5}], [{8, 1}, {3, 7}, {4, 6}, {2, 5}], [{8, 1}, {3, 7}, {5, 6}, {2, 4}], [{8, 1}, {3, 7}, {6}, {4, 5}, {2}], [{8, 1}, {4, 7}, {2, 6}, {3, 5}], [{8, 1}, {4, 7}, {3, 6}, {2, 5}], [{8, 1}, {4, 7}, {3, 6}, {5}, {2}], [{8, 1}, {4, 7}, {5, 6}, {2, 3}], [{8, 1}, {5, 7}, {2, 6}, {3, 4}], [{8, 1}, {5, 7}, {3, 6}, {2, 4}], [{8, 1}, {5, 7}, {3, 6}, {4}, {2}], [{8, 1}, {5, 7}, {4, 6}, {2, 3}], [{8, 1}, {6, 7}, {2, 5}, {3, 4}], [{8, 1}, {6, 7}, {3, 5}, {2, 4}], [{8, 1}, {6, 7}, {4, 5}, {2, 3}], [{8, 1}, {6, 7}, {4, 5}, {3}, {2}], [{8, 1}, {7}, {2, 6}, {4, 5}, {3}], [{8, 1}, {7}, {3, 6}, {4, 5}, {2}], [{8, 1}, {7}, {4, 6}, {5}, {2, 3}], [{8, 1}, {7}, {5, 6}, {4}, {2, 3}], [{8, 1}, {7}, {6}, {4, 5}, {2, 3}], [{8, 2}, {1, 7}, {3, 6}, {4, 5}], [{8, 2}, {1, 7}, {4, 6}, {3, 5}], [{8, 2}, {1, 7}, {5, 6}, {3, 4}], [{8, 2}, {3, 7}, {1, 6}, {4, 5}], [{8, 2}, {3, 7}, {4, 6}, {1, 5}], [{8, 2}, {3, 7}, {4, 6}, {5}, {1}], [{8, 2}, {3, 7}, {5, 6}, {1, 4}], [{8, 2}, {4, 7}, {1, 6}, {3, 5}], [{8, 2}, {4, 7}, {3, 6}, {1, 5}], [{8, 2}, {4, 7}, {5, 6}, {1, 3}], [{8, 2}, {5, 7}, {1, 6}, {3, 4}], [{8, 2}, {5, 7}, {3, 6}, {1, 4}], [{8, 2}, {5, 7}, {4, 6}, {1, 3}], [{8, 2}, {6, 7}, {1, 5}, {3, 4}], [{8, 2}, {6, 7}, {3, 5}, {1, 4}], [{8, 2}, {6, 7}, {4, 5}, {1, 3}], [{8, 2}, {7}, {5, 6}, {3, 4}, {1}], [{8, 3}, {1, 7}, {2, 6}, {4, 5}], [{8, 3}, {1, 7}, {4, 6}, {2, 5}], [{8, 3}, {1, 7}, {5, 6}, {2, 4}], [{8, 3}, {2, 7}, {1, 6}, {4, 5}], [{8, 3}, {2, 7}, {4, 6}, {1, 5}], [{8, 3}, {2, 7}, {4, 6}, {5}, {1}], [{8, 3}, {2, 7}, {5, 6}, {1, 4}], [{8, 3}, {2, 7}, {6}, {1, 5}, {4}], [{8, 3}, {4, 7}, {1, 6}, {2, 5}], [{8, 3}, {4, 7}, {2, 6}, {1, 5}], [{8, 3}, {4, 7}, {5, 6}, {1, 2}], [{8, 3}, {5, 7}, {1, 6}, {2, 4}], [{8, 3}, {5, 7}, {2, 6}, {1, 4}], [{8, 3}, {5, 7}, {4, 6}, {1, 2}], [{8, 3}, {6, 7}, {1, 5}, {2, 4}], [{8, 3}, {6, 7}, {2, 5}, {1, 4}], [{8, 3}, {6, 7}, {4, 5}, {1, 2}], [{8, 3}, {7}, {5, 6}, {2, 4}, {1}], [{8, 4}, {1, 7}, {2, 6}, {3, 5}], [{8, 4}, {1, 7}, {3, 6}, {2, 5}], [{8, 4}, {1, 7}, {5, 6}, {2, 3}], [{8, 4}, {1, 7}, {6}, {2, 5}, {3}], [{8, 4}, {1, 7}, {6}, {3, 5}, {2}], [{8, 4}, {1, 7}, {6}, {5}, {2, 3}], [{8, 4}, {2, 7}, {1, 6}, {3, 5}], [{8, 4}, {2, 7}, {1, 6}, {5}, {3}], [{8, 4}, {2, 7}, {3, 6}, {1, 5}], [{8, 4}, {2, 7}, {3, 6}, {5}, {1}], [{8, 4}, {2, 7}, {5, 6}, {1, 3}], [{8, 4}, {2, 7}, {6}, {5}, {1, 3}], [{8, 4}, {3, 7}, {1, 6}, {2, 5}], [{8, 4}, {3, 7}, {2, 6}, {1, 5}], [{8, 4}, {3, 7}, {5, 6}, {1, 2}], [{8, 4}, {3, 7}, {6}, {1, 5}, {2}], [{8, 4}, {5, 7}, {1, 6}, {2, 3}], [{8, 4}, {5, 7}, {2, 6}, {1, 3}], [{8, 4}, {5, 7}, {3, 6}, {1, 2}], [{8, 4}, {6, 7}, {1, 5}, {2, 3}], [{8, 4}, {6, 7}, {1, 5}, {3}, {2}], [{8, 4}, {6, 7}, {2, 5}, {1, 3}], [{8, 4}, {6, 7}, {3, 5}, {1, 2}], [{8, 4}, {6, 7}, {3, 5}, {2}, {1}], [{8, 4}, {6, 7}, {5}, {1, 3}, {2}], [{8, 4}, {7}, {1, 6}, {3, 5}, {2}], [{8, 4}, {7}, {2, 6}, {5}, {1, 3}], [{8, 4}, {7}, {3, 6}, {1, 5}, {2}], [{8, 4}, {7}, {5, 6}, {2, 3}, {1}], [{8, 5}, {1, 7}, {2, 6}, {3, 4}], [{8, 5}, {1, 7}, {3, 6}, {2, 4}], [{8, 5}, {1, 7}, {4, 6}, {2, 3}], [{8, 5}, {1, 7}, {6}, {4}, {2, 3}], [{8, 5}, {2, 7}, {1, 6}, {3, 4}], [{8, 5}, {2, 7}, {3, 6}, {1, 4}], [{8, 5}, {2, 7}, {3, 6}, {4}, {1}], [{8, 5}, {2, 7}, {4, 6}, {1, 3}], [{8, 5}, {3, 7}, {1, 6}, {2, 4}], [{8, 5}, {3, 7}, {2, 6}, {1, 4}], [{8, 5}, {3, 7}, {4, 6}, {1, 2}], [{8, 5}, {3, 7}, {6}, {1, 4}, {2}], [{8, 5}, {4, 7}, {1, 6}, {2, 3}], [{8, 5}, {4, 7}, {2, 6}, {1, 3}], [{8, 5}, {4, 7}, {3, 6}, {1, 2}], [{8, 5}, {6, 7}, {1, 4}, {2, 3}], [{8, 5}, {6, 7}, {1, 4}, {3}, {2}], [{8, 5}, {6, 7}, {2, 4}, {1, 3}], [{8, 5}, {6, 7}, {3, 4}, {1, 2}], [{8, 5}, {7}, {3, 6}, {1, 4}, {2}], [{8, 5}, {7}, {4, 6}, {2, 3}, {1}], [{8, 6}, {1, 7}, {2, 5}, {3, 4}], [{8, 6}, {1, 7}, {3, 5}, {2, 4}], [{8, 6}, {1, 7}, {4, 5}, {2, 3}], [{8, 6}, {1, 7}, {5}, {4}, {2, 3}], [{8, 6}, {2, 7}, {1, 5}, {3, 4}], [{8, 6}, {2, 7}, {3, 5}, {1, 4}], [{8, 6}, {2, 7}, {4, 5}, {1, 3}], [{8, 6}, {2, 7}, {5}, {1, 4}, {3}], [{8, 6}, {3, 7}, {1, 5}, {2, 4}], [{8, 6}, {3, 7}, {2, 5}, {1, 4}], [{8, 6}, {3, 7}, {4, 5}, {1, 2}], [{8, 6}, {4, 7}, {1, 5}, {2, 3}], [{8, 6}, {4, 7}, {2, 5}, {1, 3}], [{8, 6}, {4, 7}, {3, 5}, {1, 2}], [{8, 6}, {5, 7}, {1, 4}, {2, 3}], [{8, 6}, {5, 7}, {2, 4}, {1, 3}], [{8, 6}, {5, 7}, {3, 4}, {1, 2}], [{8, 6}, {7}, {4, 5}, {2, 3}, {1}], [{8, 7}, {1, 6}, {2, 5}, {3, 4}], [{8, 7}, {1, 6}, {3, 5}, {2, 4}], [{8, 7}, {1, 6}, {4, 5}, {2, 3}], [{8, 7}, {1, 6}, {4, 5}, {3}, {2}], [{8, 7}, {1, 6}, {5}, {4}, {2, 3}], [{8, 7}, {2, 6}, {1, 5}, {3, 4}], [{8, 7}, {2, 6}, {3, 5}, {1, 4}], [{8, 7}, {2, 6}, {3, 5}, {4}, {1}], [{8, 7}, {2, 6}, {4, 5}, {1, 3}], [{8, 7}, {3, 6}, {1, 5}, {2, 4}], [{8, 7}, {3, 6}, {2, 5}, {1, 4}], [{8, 7}, {3, 6}, {4, 5}, {1, 2}], [{8, 7}, {4, 6}, {1, 5}, {2, 3}], [{8, 7}, {4, 6}, {1, 5}, {3}, {2}], [{8, 7}, {4, 6}, {2, 5}, {1, 3}], [{8, 7}, {4, 6}, {2, 5}, {3}, {1}], [{8, 7}, {4, 6}, {3, 5}, {1, 2}], [{8, 7}, {4, 6}, {3, 5}, {2}, {1}], [{8, 7}, {4, 6}, {5}, {1, 3}, {2}], [{8, 7}, {4, 6}, {5}, {2, 3}, {1}], [{8, 7}, {4, 6}, {5}, {3}, {1, 2}], [{8, 7}, {4, 6}, {5}, {3}, {2}, {1}], [{8, 7}, {5, 6}, {1, 4}, {2, 3}], [{8, 7}, {5, 6}, {1, 4}, {3}, {2}], [{8, 7}, {5, 6}, {2, 4}, {1, 3}], [{8, 7}, {5, 6}, {3, 4}, {1, 2}], [{8, 7}, {5, 6}, {4}, {2, 3}, {1}], [{8, 7}, {6}, {1, 5}, {4}, {2, 3}], [{8, 7}, {6}, {2, 5}, {4}, {1, 3}], [{8, 7}, {6}, {3, 5}, {2, 4}, {1}], [{8, 7}, {6}, {4, 5}, {2, 3}, {1}], [{8, 7}, {6}, {5}, {1, 4}, {2, 3}], [{8}, {1, 7}, {2, 6}, {5}, {3, 4}], [{8}, {1, 7}, {3, 6}, {5}, {2, 4}], [{8}, {1, 7}, {4, 6}, {5}, {2, 3}], [{8}, {1, 7}, {5, 6}, {4}, {2, 3}], [{8}, {1, 7}, {6}, {4, 5}, {2, 3}], [{8}, {2, 7}, {1, 6}, {3, 5}, {4}], [{8}, {2, 7}, {3, 6}, {4, 5}, {1}], [{8}, {3, 7}, {1, 6}, {2, 5}, {4}], [{8}, {3, 7}, {2, 6}, {4, 5}, {1}], [{8}, {4, 7}, {1, 6}, {2, 5}, {3}], [{8}, {4, 7}, {5, 6}, {2, 3}, {1}], [{8}, {4, 7}, {6}, {3, 5}, {1, 2}], [{8}, {5, 7}, {2, 6}, {1, 4}, {3}], [{8}, {5, 7}, {2, 6}, {3, 4}, {1}], [{8}, {5, 7}, {2, 6}, {4}, {1, 3}], [{8}, {5, 7}, {4, 6}, {2, 3}, {1}], [{8}, {6, 7}, {4, 5}, {2, 3}, {1}], [{8}, {7}, {1, 6}, {2, 5}, {3, 4}], [{8}, {7}, {1, 6}, {4, 5}, {2, 3}], [{8}, {7}, {2, 6}, {1, 5}, {3, 4}], [{8}, {7}, {4, 6}, {1, 5}, {2, 3}], [{8}, {7}, {4, 6}, {5}, {2, 3}, {1}], [{8}, {7}, {5, 6}, {1, 4}, {2, 3}], [{8}, {7}, {5, 6}, {4}, {2, 3}, {1}], [{8}, {7}, {6}, {4, 5}, {2, 3}, {1}]]",2,- 18 K_1^2 - 4 K_1 K_2 + 2 K_1 + 9 K_2 + 2 K_3 + 10,O1O2O3U4O5U6U5U7O8O6U2O7U3U1O4U8,O1O2O3U2O4U5U6U7O8U4O7O5U1O6U3U8,O1O2O3U4U1O5U3O6O7U8O4U7U5U6O8U2,c,{'O1O2O3U4O5U3U1O6U2O7O4U6U8U7O8U5'},1,"<a href=""/flatknot/8.1101978"">8.1101978</a>",t^9-30t^7-44t^6+102t^5+156t^4-99t^3-154t^2+41t+58,-t^2+2t,,
8.1101979,O1O2O3U4O5U3U1O6U2O7O4U7U8U6O8U5,4,15z^2+100z+141,15w^3z^2+100w^2z+141w,False,False,"[[ 0 -1  0  0  0  2  1 -1 -1],[ 1  0  1  0 -1  2  0 -1  1],[ 0 -1  0  0 -1  2  0 -1 -1],[ 0  0  0  0  0  0 -1 -1  0],[ 0  1  1  0  0  0  0 -1  0],[-2 -2 -2  0  0  0  1  0 -3],[-1  0  0  1  0 -1  0  0 -1],[ 1  1  1  1  1  0  0  0  1],[ 1 -1  1  0  0  3  1 -1  0]]","[[ 0  2  1  0  0  0 -1 -1 -1],[-2  0  1  0  0 -2  0 -2 -3],[-1 -1  0  1  0  0  0  0 -1],[ 0  0 -1  0  0  0 -1  0  0],[ 0  0  0  0  0  1 -1  1  0],[ 0  2  0  0 -1  0 -1 -1 -1],[ 1  0  0  1  1  1  0  1  1],[ 1  2  0  0 -1  1 -1  0  1],[ 1  3  1  0  0  1 -1 -1  0]]",True,"[-2,-1,0,0,0,1,1,1,-1,0,0,2,0,2,3,-1,0,0,0,0,1,0,0,1,0,0,-1,1,-1,0,1,1,1,-1,-1,-1]","[-2,-1,0,0,0,1,1,1,-1,0,0,2,0,2,3,-1,0,0,0,0,1,0,0,1,0,0,-1,1,-1,0,1,1,1,-1,-1,-1]",t^8+30t^6+123t^4+101t^2+9,"[-1,-1,-1,0,0,0,1,2,-1,-1,0,0,0,2,3,-1,0,1,2,2,1,0,1,1,1,0,0,1,1,0,0,2,2,1,2,2]","[-2,-1,0,0,0,1,1,1,2,0,2,2,0,1,3,1,1,2,1,2,2,-1,0,0,0,0,0,1,2,0,1,1,0,-1,-1,-1]","[-1,-1,-1,0,0,0,1,2,-1,-1,0,0,1,1,3,-1,-1,0,1,0,2,1,1,1,0,0,0,1,0,0,0,-1,0,0,2,-1]",c,"[[{8, 5}, {3, 7}, {2, 6}, {1, 4}]]",1,8 K_1^3 - 30 K_1^2 - 4 K_1 K_2 - 4 K_1 + 15 K_2 + 16,O1O2O3U4O5U6U5U7O8O7U2O6U3U1O4U8,O1O2O3U2O4U5U6U7O8U4O7O5U3O6U1U8,O1O2O3U4U3O5U1O6O7U8O4U7U5U6O8U2,c,{'O1O2O3U4O5U3U1O6U2O7O4U7U8U6O8U5'},1,"<a href=""/flatknot/8.1101979"">8.1101979</a>",t^9-28t^7-54t^6+54t^5+126t^4-85t^3-126t^2+78t+70,-t^2+2t,,
8.1101980,O1O2O3U4O5U3U1O6U2O7O4U8U5U6O8U7,4,10z^2+79z+119,10w^3z^2+79w^2z+119w,False,False,"[[ 0 -1  0  0  0  1  1  1 -2],[ 1  0  1  0 -1  2  1  0  0],[ 0 -1  0  0 -1  1  1  1 -2],[ 0  0  0  0  0  0  0  0 -1],[ 0  1  1  0  0  1  0 -1  0],[-1 -2 -1  0 -1  0  1  1 -2],[-1 -1 -1  0  0 -1  0  0 -1],[-1  0 -1  0  1 -1  0  0 -1],[ 2  0  2  1  0  2  1  1  0]]","[[ 0  1  1  1  0  0  0 -1 -2],[-1  0  1  1  0 -1 -1 -2 -2],[-1 -1  0  0  0  1 -1  0 -1],[-1 -1  0  0  0  0 -1 -1 -1],[ 0  0  0  0  0  0  0  0 -1],[ 0  1 -1  0  0  0  1  1  0],[ 0  1  1  1  0 -1  0 -1 -2],[ 1  2  0  1  0 -1  1  0  0],[ 2  2  1  1  1  0  2  0  0]]",True,"[-1,-1,-1,0,0,0,1,2,-1,-1,0,1,1,2,2,0,0,-1,1,0,1,0,0,1,1,1,0,0,0,1,-1,-1,0,1,2,0]","[-2,-1,0,0,0,1,1,1,0,0,1,2,1,1,2,-1,0,1,0,1,2,0,1,-1,0,1,0,0,0,0,1,1,1,0,-1,-1]",t^8+26t^6+67t^4+19t^2,"[-2,-1,0,0,0,1,1,1,1,0,1,2,1,2,2,0,1,2,0,1,2,0,1,0,0,0,0,1,1,1,0,1,2,-1,-1,0]","[-1,-1,-1,0,0,0,1,2,-1,0,0,1,1,1,2,1,0,0,1,0,1,0,2,1,2,2,-1,0,0,0,0,2,2,1,1,1]","[-2,-1,0,0,0,1,1,1,0,0,1,2,1,1,2,-1,0,1,0,1,2,0,1,-1,0,1,0,0,0,0,1,1,1,0,-1,-1]",c,"[[{8, 7}, {2, 6}, {3, 5}, {1, 4}]]",1,- 22 K_1^2 + 11 K_2 + 12,O1O2O3U4O5U6U7U5O8O4U2O6U3U1O7U8,O1O2O3U1O4U5U6U7O8U2O7O5U3O6U4U8,O1O2O3U4U5O6U1O7O8U2O4U8U6U7O5U3,c,{'O1O2O3U4O5U3U1O6U2O7O4U8U5U6O8U7'},1,"<a href=""/flatknot/8.1101980"">8.1101980</a>",t^9-28t^7-46t^6+40t^5+96t^4+28t^3-26t^2-24t-6,t^2-2t,,
8.1101981,O1O2O3U4O5U3U1O6U2O7O4U8U6U5O8U7,4,z^3+23z^2+105z+127,w^4z^3+23w^3z^2+105w^2z+127w,False,False,"[[ 0 -1  0  0  0  2  0  1 -2],[ 1  0  1  0 -1  2  0  0  0],[ 0 -1  0  0 -1  2  0  1 -2],[ 0  0  0  0  0  0 -1  0 -1],[ 0  1  1  0  0  1  0 -1  0],[-2 -2 -2  0 -1  0  0  1 -3],[ 0  0  0  1  0  0  0  0  0],[-1  0 -1  0  1 -1  0  0 -1],[ 2  0  2  1  0  3  0  1  0]]","[[ 0  2  1  0  0  0  0 -1 -2],[-2  0  1  0  0 -1 -2 -2 -3],[-1 -1  0  0  0  1 -1  0 -1],[ 0  0  0  0  1  0  0  0  0],[ 0  0  0 -1  0  0  0  0 -1],[ 0  1 -1  0  0  0  1  1  0],[ 0  2  1  0  0 -1  0 -1 -2],[ 1  2  0  0  0 -1  1  0  0],[ 2  3  1  0  1  0  2  0  0]]",True,"[-2,-1,0,0,0,0,1,2,-1,0,0,1,2,2,3,0,0,-1,1,0,1,-1,0,0,0,0,0,0,0,1,-1,-1,0,1,2,0]","[-2,-1,0,0,0,0,1,2,-1,0,0,1,2,2,3,0,0,-1,1,0,1,-1,0,0,0,0,0,0,0,1,-1,-1,0,1,2,0]",t^8+31t^6+98t^4+62t^2+1,"[-2,-1,0,0,0,0,1,2,1,0,1,2,2,2,1,0,1,1,2,2,1,0,0,1,0,0,1,0,1,2,0,1,2,2,1,2]","[-2,-1,0,0,0,0,1,2,2,0,1,2,2,1,1,0,2,1,1,2,2,-1,0,0,0,0,0,0,2,2,-1,1,1,1,2,1]","[-2,-1,0,0,0,0,1,2,0,0,0,1,2,1,3,-1,0,0,1,0,2,0,0,1,-1,1,1,0,0,0,0,0,0,1,2,-1]",c,"[[{8, 5}, {1, 7}, {2, 6}, {3, 4}]]",0,- 8 K_1^2 + 4 K_2 + 5,O1O2O3U4O5U6U7U5O8O4U2O7U3U1O6U8,O1O2O3U1O4U5U6U7O8U3O7O5U2O6U4U8,O1O2O3U4U5O6U2O7O8U1O4U8U6U7O5U3,c,{'O1O2O3U4O5U3U1O6U2O7O4U8U6U5O8U7'},1,"<a href=""/flatknot/8.1101981"">8.1101981</a>",t^9-31t^7-56t^6+52t^5+146t^4+28t^3-84t^2-25t+20,0,,
8.1101982,O1O2O3U4O5U3U1O6U2O7O4U8U6U7O8U5,3,10z^2+69z+99,10w^3z^2+69w^2z+99w,False,False,"[[ 0 -1  0  0  0  2  0  1 -2],[ 1  0  1  0 -1  2  0 -1  1],[ 0 -1  0  0 -1  2  0  0 -1],[ 0  0  0  0  0  0 -1 -1  0],[ 0  1  1  0  0  0  0  0  0],[-2 -2 -2  0  0  0  0  2 -4],[ 0  0  0  1  0  0  0  1 -1],[-1  1  0  1  0 -2 -1  0 -1],[ 2 -1  1  0  0  4  1  1  0]]","[[ 0  2  1  0  0  0  0 -1 -2],[-2  0  2  0  0  0 -2 -2 -4],[-1 -2  0  1  0 -1  0  1 -1],[ 0  0 -1  0  0 -1  0  0  0],[ 0  0  0  0  0  0  1  1  0],[ 0  0  1  1  0  0  0  0 -1],[ 0  2  0  0 -1  0  0 -1 -1],[ 1  2 -1  0 -1  0  1  0  1],[ 2  4  1  0  0  1  1 -1  0]]",True,"[-2,-1,0,0,0,0,1,2,-2,0,0,0,2,2,4,-1,0,1,0,-1,1,0,1,0,0,0,0,-1,-1,0,0,0,1,1,1,-1]","[-2,-1,0,0,0,0,1,2,-2,0,0,0,2,2,4,-1,0,1,0,-1,1,0,1,0,0,0,0,-1,-1,0,0,0,1,1,1,-1]",t^8+39t^6+173t^4+99t^2,"[-2,-1,0,0,0,0,1,2,2,1,1,2,2,2,0,0,1,1,2,3,1,0,0,1,1,0,-1,0,0,2,0,2,2,1,2,3]","[-2,-1,0,0,0,0,1,2,3,0,2,2,2,1,0,1,0,1,2,3,2,0,-1,0,0,1,0,1,1,1,0,2,2,1,2,2]","[-2,-1,0,0,0,0,1,2,-1,0,0,1,1,1,4,-1,0,0,1,-1,2,0,0,1,0,0,-1,0,-1,0,0,1,0,0,2,-2]",c,"[[{8, 5}, {1, 7}, {2, 6}, {3, 4}]]",0,- 8 K_1^2 + 4 K_2 + 5,O1O2O3U4O5U6U7U5O8O6U2O7U3U1O4U8,O1O2O3U1O4U5U6U7O8U4O7O5U2O6U3U8,O1O2O3U4U1O5U2O6O7U8O4U7U5U6O8U3,c,{'O1O2O3U4O5U3U1O6U2O7O4U8U6U7O8U5'},1,"<a href=""/flatknot/8.1101982"">8.1101982</a>",t^9-39t^7-70t^6+117t^5+254t^4-11t^3-108t^2+4t,0,,
8.1101983,O1O2O3U4O5U3U1O6U2O7O4U8U7U6O8U5,3,13z^2+65z+79,13w^3z^2-4w^3z+69w^2z+79w,False,False,"[[ 0 -1  0  0  0  2  1  0 -2],[ 1  0  1  0 -1  2  0 -1  1],[ 0 -1  0  0 -1  2  0 -1 -1],[ 0  0  0  0  0  0 -1 -1  0],[ 0  1  1  0  0  0  0  0  0],[-2 -2 -2  0  0  0  1  1 -4],[-1  0  0  1  0 -1  0  0 -2],[ 0  1  1  1  0 -1  0  0  0],[ 2 -1  1  0  0  4  2  0  0]]","[[ 0  2  1  0  0  0  0 -1 -2],[-2  0  1  1  0  0 -2 -2 -4],[-1 -1  0  0  1  0  0  0 -2],[ 0 -1  0  0  1  0  1  1  0],[ 0  0 -1 -1  0  0  0  0  0],[ 0  0  0  0  0  0  1  1  0],[ 0  2  0 -1  0 -1  0 -1 -1],[ 1  2  0 -1  0 -1  1  0  1],[ 2  4  2  0  0  0  1 -1  0]]",True,"[-2,-1,0,0,0,0,1,2,-1,-1,0,0,2,2,4,0,-1,0,0,0,2,-1,0,-1,-1,0,0,0,0,0,-1,-1,0,1,1,-1]","[-2,-1,0,0,0,0,1,2,-1,-1,0,0,2,2,4,0,-1,0,0,0,2,-1,0,-1,-1,0,0,0,0,0,-1,-1,0,1,1,-1]",t^8+39t^6+204t^4+96t^2,"[-2,-1,0,0,0,0,1,2,2,1,2,2,2,1,0,0,1,2,2,2,1,0,1,1,1,0,0,1,2,2,0,1,2,1,3,2]","[-2,-1,0,0,0,0,1,2,2,0,2,2,3,1,0,1,1,2,1,2,1,-1,0,-1,0,1,0,0,2,2,-1,1,2,2,2,2]","[-2,-1,0,0,0,0,1,2,-1,0,0,0,1,2,4,-1,-1,0,1,0,2,0,0,1,0,0,1,1,0,-1,0,-1,0,0,2,-1]",c,"[[{8, 5}, {2, 7}, {1, 6}, {3, 4}]]",0,- 4 K_1^2 + 2 K_2 + 3,O1O2O3U4O5U6U7U5O8O7U2O6U3U1O4U8,O1O2O3U1O4U5U6U7O8U4O7O5U3O6U2U8,O1O2O3U4U2O5U1O6O7U8O4U7U5U6O8U3,c,{'O1O2O3U4O5U3U1O6U2O7O4U8U7U6O8U5'},1,"<a href=""/flatknot/8.1101983"">8.1101983</a>",t^9-39t^7-70t^6+150t^5+270t^4-216t^3-272t^2+104t,0,,
8.1101984,O1O2O3U4O5U3U1O6U5O7O4U2U8U6O8U7,4,13z^2+98z+145,13w^3z^2+98w^2z+145w,False,False,"[[ 0 -1 -1  0  0  1  1  1 -1],[ 1  0  1  0 -1  2  1  0  1],[ 1 -1  0  0  0  1  1  1  0],[ 0  0  0  0 -1  1  0 -1  0],[ 0  1  0  1  0  1  0  0  0],[-1 -2 -1 -1 -1  0  1  1 -2],[-1 -1 -1  0  0 -1  0  0 -1],[-1  0 -1  1  0 -1  0  0 -1],[ 1 -1  0  0  0  2  1  1  0]]","[[ 0  1  1  1  0  0 -1 -1 -1],[-1  0  1  1 -1 -1 -1 -2 -2],[-1 -1  0  0  1  0 -1  0 -1],[-1 -1  0  0  0  0 -1 -1 -1],[ 0  1 -1  0  0 -1  0  0  0],[ 0  1  0  0  1  0  0  1  0],[ 1  1  1  1  0  0  0 -1  0],[ 1  2  0  1  0 -1  1  0  1],[ 1  2  1  1  0  0  0 -1  0]]",True,"[-1,-1,-1,0,0,1,1,1,-1,-1,1,1,1,2,2,0,-1,0,1,0,1,0,0,1,1,1,1,0,0,0,0,-1,0,1,0,-1]","[-1,-1,-1,0,0,1,1,1,-1,-1,1,1,1,2,2,0,-1,0,1,0,1,0,0,1,1,1,1,0,0,0,0,-1,0,1,0,-1]",t^8+23t^6+78t^4+36t^2,"[-1,-1,-1,0,0,1,1,1,-1,-1,1,2,0,1,2,0,1,1,0,1,1,1,1,1,1,1,1,0,1,2,0,1,1,-1,-1,0]","[-1,-1,-1,0,0,1,1,1,-1,0,1,1,1,1,1,1,0,0,0,0,1,1,2,1,2,1,1,1,2,1,1,1,1,-1,0,1]","[-1,-1,-1,0,0,1,1,1,-1,0,0,0,1,1,1,1,-1,0,0,1,2,0,0,1,1,2,1,0,0,1,-1,0,1,0,-1,-1]",c,"[[{8, 3}, {2, 7}, {1, 6}, {4, 5}], [{8, 4}, {2, 7}, {1, 6}, {3, 5}], [{8, 5}, {2, 7}, {1, 6}, {3, 4}]]",1,- 20 K_1^2 + 10 K_2 + 11,O1O2O3U4O5U6U5U2O7O4U8O6U3U1O8U7,O1O2O3U2O4U5U1U6O7U8O6O5U3O8U4U7,O1O2O3U4U5O6U1O7O8U6O4U8U3U7O5U2,c,{'O1O2O3U4O5U3U1O6U5O7O4U2U8U6O8U7'},1,"<a href=""/flatknot/8.1101984"">8.1101984</a>",t^9-23t^7-40t^6+38t^5+88t^4-4t^3-22t^2+11t,0,,
8.1101985,O1O2O3U4O5U3U1O6U5O7O4U6U8U2O8U7,3,16z^2+77z+91,16w^3z^2+77w^2z+91w,False,False,"[[ 0 -1  1  0  0  1 -1  1 -1],[ 1  0  1  0 -1  2  0  0  0],[-1 -1  0  0 -1  0  0  0 -1],[ 0  0  0  0 -1  1  0 -1  0],[ 0  1  1  1  0  1 -2  0 -1],[-1 -2  0 -1 -1  0  1  1 -1],[ 1  0  0  0  2 -1  0  1  1],[-1  0  0  1  0 -1 -1  0 -1],[ 1  0  1  0  1  1 -1  1  0]]","[[ 0  1  1  0  0 -1 -1],[-1  0  1 -1 -1  1 -2],[-1 -1  0  1  0 -1  0],[ 0  1 -1  0 -1  0  0],[ 0  1  0  1  0 -2  1],[ 1 -1  1  0  2  0  0],[ 1  2  0  0 -1  0  0]]",False,"[-1,-1,0,0,1,1,-1,1,1,-1,2,-1,0,1,0,1,0,0,2,-1,0]","[-1,-1,0,0,1,1,-1,1,1,-1,2,-1,0,1,0,1,0,0,2,-1,0]",t^6+16t^4+36t^2+4,"[-1,-1,0,0,1,1,0,-1,1,1,3,2,1,2,0,-1,1,0,2,0,1]","[-1,-1,0,0,1,1,-1,1,2,1,2,0,0,3,0,1,-1,2,1,1,0]","[-1,-1,0,0,1,1,0,-1,0,0,2,2,0,1,-1,1,0,1,-1,1,-1]",c,"[[{8, 2}, {1, 7}, {5, 6}, {3, 4}]]",0,- 4 K_1^2 + 2 K_2 + 3,O1O2O3U4O5U2U5U6O7O4U8O6U3U1O8U7,O1O2O3U2O4U5U3U6O7U8O6O5U1O8U4U7,O1O2O3U4U5O6U3O7O8U6O4U8U1U7O5U2,c,{'O1O2O3U4O5U3U1O6U5O7O4U6U8U2O8U7'},1,"<a href=""/flatknot/8.1101985"">8.1101985</a>",t^7-16t^5-12t^4+20t^3-10t^2+8t,0,,
8.1101986,O1O2O3U4O5U3U1O6U5O7O4U6U8U7O8U2,3,12z^2+53z+59,12w^3z^2+53w^2z+59w,False,False,"[[ 0 -1  1  0  0  1 -1  1 -1],[ 1  0  1  0 -1  2  0 -1  1],[-1 -1  0  0  0  0 -1  1 -2],[ 0  0  0  0 -1  1  0 -1  0],[ 0  1  0  1  0  1 -2  0  0],[-1 -2  0 -1 -1  0  1  1 -1],[ 1  0  1  0  2 -1  0  1  0],[-1  1 -1  1  0 -1 -1  0 -1],[ 1 -1  2  0  0  1  0  1  0]]","[[ 0  1  1  1  0  0 -1 -1 -1],[-1  0  1  0  0  0 -1 -1 -2],[-1 -1  0 -1  1  0  1 -1 -1],[-1  0  1  0 -1 -1 -2  1 -1],[ 0  0 -1  1  0 -1  0  0  0],[ 0  0  0  1  1  0  1 -2  0],[ 1  1 -1  2  0 -1  0  0  1],[ 1  1  1 -1  0  2  0  0  0],[ 1  2  1  1  0  0 -1  0  0]]",True,"[-1,-1,-1,0,0,1,1,1,-1,0,0,0,1,1,2,1,-1,0,-1,1,1,1,1,2,-1,1,1,0,0,0,-1,2,0,0,-1,0]","[-1,-1,-1,0,0,1,1,1,-1,-1,1,2,1,1,3,0,0,0,1,3,0,1,1,0,1,1,1,1,-1,2,1,1,1,0,-1,0]",t^8+27t^6+173t^4+77t^2,"[-1,-1,-1,0,0,1,1,1,-1,0,1,2,0,1,3,0,1,1,1,0,1,1,-1,3,1,1,1,0,1,2,0,1,1,0,-1,-1]","[-1,-1,-1,0,0,1,1,1,-1,-1,1,2,1,1,3,0,0,0,1,3,0,1,1,0,1,1,1,1,-1,2,1,1,1,0,-1,0]","[-1,-1,-1,0,0,1,1,1,-1,0,0,0,1,1,2,0,-1,0,-1,2,1,2,0,1,-1,1,1,0,1,0,-1,1,0,-1,-1,0]",c,"[[{8, 2}, {1, 7}, {5, 6}, {3, 4}]]",0,- 4 K_1^2 + 2 K_2 + 3,O1O2O3U2O4U5U4U6O7O5U8O6U3U1O8U7,O1O2O3U2O4U5U4U6O7U8O6O5U1O8U3U7,O1O2O3U4U1O5U3O6O7U5O4U7U8U6O8U2,c,"{'O1O2O3U4O5U3U1O6U5O7O4U6U8U7O8U2', 'O1O2U3O4O3U5O6U2U4O7U6O8O5U7U1U8'}",2,"<a href=""/flatknot/8.1101986"">8.1101986</a>",t^9-27t^7-36t^6+97t^5+150t^4-41t^3-82t^2-12t+8,0,,
8.1101987,O1O2O3U4O5U3U1O6U5O7O4U7U8U6O8U2,3,8z^2+61z+91,8w^3z^2+61w^2z+91w,False,False,"[[ 0 -1  1  0  0  1  1 -1 -1],[ 1  0  1  0 -1  2  0 -1  1],[-1 -1  0  0  0  0  1 -1 -2],[ 0  0  0  0 -1  1  0 -1  0],[ 0  1  0  1  0  1 -1 -1  0],[-1 -2  0 -1 -1  0  1  0 -2],[-1  0 -1  0  1 -1  0  0 -1],[ 1  1  1  1  1  0  0  0  1],[ 1 -1  2  0  0  2  1 -1  0]]","[[ 0  1  1  1  0  0 -1 -1 -1],[-1  0  1  0  0  0 -1 -1 -2],[-1 -1  0 -1  1  0  0  0 -1],[-1  0  1  0 -1 -1  0 -2 -2],[ 0  0 -1  1  0  1 -1  1  0],[ 0  0  0  1 -1  0 -1  0  0],[ 1  1  0  0  1  1  0  1  1],[ 1  1  0  2 -1  0 -1  0  1],[ 1  2  1  2  0  0 -1 -1  0]]",True,"[-1,-1,-1,0,0,1,1,1,-1,0,0,0,1,1,2,1,-1,0,0,0,1,1,1,0,2,2,-1,1,-1,0,1,0,0,-1,-1,-1]","[-1,-1,-1,0,0,1,1,1,-1,-1,0,0,1,2,2,-1,-1,0,0,1,2,1,1,0,1,0,1,-1,0,1,0,0,1,-1,-1,0]",t^8+27t^6+117t^4+41t^2,"[-1,-1,-1,0,0,1,1,1,-1,-1,0,0,1,2,2,-1,1,2,1,0,2,1,1,0,0,1,1,1,0,1,1,0,2,0,-1,-1]","[-1,-1,-1,0,0,1,1,1,-1,-1,1,2,1,2,2,0,0,0,0,0,2,1,1,0,1,1,-1,1,1,0,1,2,0,-1,-1,-1]","[-1,-1,-1,0,0,1,1,1,-1,-1,0,0,1,2,2,-1,-1,0,0,1,2,1,1,0,1,0,1,-1,0,1,0,0,1,-1,-1,0]",c,"[[{8, 2}, {5, 7}, {1, 6}, {3, 4}]]",0,- 8 K_1^2 + 4 K_2 + 5,O1O2O3U2O4U5U4U6O7O6U8O5U3U1O8U7,O1O2O3U2O4U5U4U6O7U8O6O5U3O8U1U7,O1O2O3U4U3O5U1O6O7U5O4U7U8U6O8U2,c,"{'O1O2U3O4O3U5O6U2U4O7U6O8O5U8U1U7', 'O1O2O3U4O5U3U1O6U5O7O4U7U8U6O8U2'}",2,"<a href=""/flatknot/8.1101987"">8.1101987</a>",t^9-27t^7-42t^6+73t^5+108t^4-65t^3-42t^2+8t,0,,
8.1101988,O1O2O3U4O5U3U1O6U5O7O4U8U6U2O8U7,4,z^3+17z^2+83z+107,w^4z^3+17w^3z^2+83w^2z+107w,False,False,"[[ 0 -1  1  0  0  1  0  1 -2],[ 1  0  1  0 -1  2  0  0  0],[-1 -1  0  0 -1  0  0  0 -2],[ 0  0  0  0 -1  1  0 -1  0],[ 0  1  1  1  0  1 -1  0 -1],[-1 -2  0 -1 -1  0  1  1 -2],[ 0  0  0  0  1 -1  0  0  0],[-1  0  0  1  0 -1  0  0 -1],[ 2  0  2  0  1  2  0  1  0]]","[[ 0  1  1  1  0  0  0 -1 -2],[-1  0  1  0  1 -1 -1 -2 -2],[-1 -1  0  0  0  1  0  0 -1],[-1  0  0  0  0  0 -1 -1 -2],[ 0 -1  0  0  0  0  1  0  0],[ 0  1 -1  0  0  0 -1  0  0],[ 0  1  0  1 -1  1  0  1 -1],[ 1  2  0  1  0  0 -1  0  0],[ 2  2  1  2  0  0  1  0  0]]",True,"[-1,-1,-1,0,0,0,1,2,-1,0,-1,1,1,2,2,0,0,-1,0,0,1,0,0,1,1,2,0,-1,0,0,1,0,0,-1,1,0]","[-2,-1,0,0,0,1,1,1,0,0,0,1,1,2,2,0,0,-1,0,1,2,0,-1,-1,0,1,1,0,0,-1,0,1,1,0,-1,0]",t^8+24t^6+119t^4+47t^2+1,"[-2,-1,0,0,0,1,1,1,1,1,2,2,1,1,2,2,1,1,0,1,2,-1,1,0,0,1,0,0,1,2,2,1,1,0,-1,0]","[-1,-1,-1,0,0,0,1,2,-1,0,1,1,2,2,2,0,0,2,0,0,1,0,1,1,1,1,-1,1,2,1,0,1,2,1,2,1]","[-2,-1,0,0,0,1,1,1,0,0,0,1,1,2,2,0,0,-1,0,1,2,0,-1,-1,0,1,1,0,0,-1,0,1,1,0,-1,0]",c,"[[{8, 2}, {3, 7}, {1, 6}, {4, 5}], [{8, 2}, {3, 7}, {6}, {4, 5}, {1}], [{8, 5}, {3, 7}, {1, 6}, {2, 4}]]",1,8 K_1^3 - 18 K_1^2 - 4 K_1 K_2 - 4 K_1 + 9 K_2 + 10,O1O2O3U4O5U2U6U5O7O4U8O6U3U1O8U7,O1O2O3U1O4U5U3U6O7U8O6O5U2O8U4U7,O1O2O3U4U5O6U2O7O8U6O4U8U1U7O5U3,c,{'O1O2O3U4O5U3U1O6U5O7O4U8U6U2O8U7'},1,"<a href=""/flatknot/8.1101988"">8.1101988</a>",t^9-26t^7-22t^6+82t^5+54t^4-68t^3-16t^2+11t,t^2-2t,,
8.1101989,O1O2O3U4O5U3U1O6U5O7O4U8U6U7O8U2,4,8z^2+61z+91,8w^3z^2+61w^2z+91w,False,False,"[[ 0 -1  1  0  0  1  0  1 -2],[ 1  0  1  0 -1  2  0 -1  1],[-1 -1  0  0  0  0  0  1 -3],[ 0  0  0  0 -1  1  0 -1  0],[ 0  1  0  1  0  1 -1  0  0],[-1 -2  0 -1 -1  0  1  1 -2],[ 0  0  0  0  1 -1  0  1 -1],[-1  1 -1  1  0 -1 -1  0 -1],[ 2 -1  3  0  0  2  1  1  0]]","[[ 0  1  1  1  0  0  0 -1 -2],[-1  0  1  0  1 -1 -1 -2 -2],[-1 -1  0 -1 -1  1  0  1 -1],[-1  0  1  0  0  0  0 -1 -3],[ 0 -1  1  0  0  0  1  0 -1],[ 0  1 -1  0  0  0 -1  0  0],[ 0  1  0  0 -1  1  0  1  0],[ 1  2 -1  1  0  0 -1  0  1],[ 2  2  1  3  1  0  0 -1  0]]",True,"[-1,-1,-1,0,0,0,1,2,-1,0,-1,1,1,2,2,1,1,-1,0,-1,1,0,0,0,1,3,0,-1,0,1,1,0,0,-1,0,-1]","[-2,-1,0,0,0,1,1,1,-1,0,0,1,1,2,3,-1,0,0,-1,2,1,1,-1,0,1,0,0,-1,1,0,1,-1,0,-1,-1,0]",t^8+32t^6+179t^4+59t^2+1,"[-2,-1,0,0,0,1,1,1,2,1,2,2,0,1,2,1,1,2,1,0,3,0,-1,1,2,0,1,1,0,2,1,0,1,0,-1,-1]","[-1,-1,-1,0,0,0,1,2,-1,-1,0,1,2,3,2,0,1,1,1,1,0,2,0,0,0,1,1,0,1,1,1,2,2,1,2,2]","[-2,-1,0,0,0,1,1,1,-1,0,0,1,1,2,3,-1,0,0,-1,2,1,1,-1,0,1,0,0,-1,1,0,1,-1,0,-1,-1,0]",c,"[[{8, 1}, {2, 7}, {3, 6}, {4, 5}], [{8, 1}, {2, 7}, {4, 6}, {3, 5}], [{8, 1}, {2, 7}, {5, 6}, {3, 4}], [{8, 1}, {2, 7}, {6}, {5}, {3, 4}], [{8, 1}, {3, 7}, {2, 6}, {4, 5}], [{8, 1}, {3, 7}, {4, 6}, {2, 5}], [{8, 1}, {3, 7}, {4, 6}, {5}, {2}], [{8, 1}, {3, 7}, {5, 6}, {2, 4}], [{8, 1}, {4, 7}, {2, 6}, {3, 5}], [{8, 1}, {4, 7}, {3, 6}, {2, 5}], [{8, 1}, {4, 7}, {5, 6}, {2, 3}], [{8, 1}, {4, 7}, {5, 6}, {3}, {2}], [{8, 1}, {5, 7}, {2, 6}, {3, 4}], [{8, 1}, {5, 7}, {3, 6}, {2, 4}], [{8, 1}, {5, 7}, {4, 6}, {2, 3}], [{8, 1}, {5, 7}, {6}, {3, 4}, {2}], [{8, 1}, {6, 7}, {2, 5}, {3, 4}], [{8, 1}, {6, 7}, {3, 5}, {2, 4}], [{8, 1}, {6, 7}, {3, 5}, {4}, {2}], [{8, 1}, {6, 7}, {4, 5}, {2, 3}], [{8, 1}, {7}, {3, 6}, {4, 5}, {2}], [{8, 1}, {7}, {6}, {2, 5}, {3, 4}], [{8, 2}, {1, 7}, {3, 6}, {4, 5}], [{8, 2}, {1, 7}, {4, 6}, {3, 5}], [{8, 2}, {1, 7}, {4, 6}, {5}, {3}], [{8, 2}, {1, 7}, {5, 6}, {3, 4}], [{8, 2}, {3, 7}, {1, 6}, {4, 5}], [{8, 2}, {3, 7}, {4, 6}, {1, 5}], [{8, 2}, {3, 7}, {5, 6}, {1, 4}], [{8, 2}, {3, 7}, {6}, {1, 5}, {4}], [{8, 2}, {3, 7}, {6}, {4, 5}, {1}], [{8, 2}, {3, 7}, {6}, {5}, {1, 4}], [{8, 2}, {4, 7}, {1, 6}, {3, 5}], [{8, 2}, {4, 7}, {3, 6}, {1, 5}], [{8, 2}, {4, 7}, {5, 6}, {1, 3}], [{8, 2}, {4, 7}, {5, 6}, {3}, {1}], [{8, 2}, {5, 7}, {1, 6}, {3, 4}], [{8, 2}, {5, 7}, {3, 6}, {1, 4}], [{8, 2}, {5, 7}, {4, 6}, {1, 3}], [{8, 2}, {6, 7}, {1, 5}, {3, 4}], [{8, 2}, {6, 7}, {3, 5}, {1, 4}], [{8, 2}, {6, 7}, {4, 5}, {1, 3}], [{8, 2}, {7}, {1, 6}, {4, 5}, {3}], [{8, 2}, {7}, {4, 6}, {3, 5}, {1}], [{8, 3}, {1, 7}, {2, 6}, {4, 5}], [{8, 3}, {1, 7}, {4, 6}, {2, 5}], [{8, 3}, {1, 7}, {4, 6}, {5}, {2}], [{8, 3}, {1, 7}, {5, 6}, {2, 4}], [{8, 3}, {2, 7}, {1, 6}, {4, 5}], [{8, 3}, {2, 7}, {4, 6}, {1, 5}], [{8, 3}, {2, 7}, {5, 6}, {1, 4}], [{8, 3}, {2, 7}, {6}, {1, 5}, {4}], [{8, 3}, {2, 7}, {6}, {4, 5}, {1}], [{8, 3}, {2, 7}, {6}, {5}, {1, 4}], [{8, 3}, {4, 7}, {1, 6}, {2, 5}], [{8, 3}, {4, 7}, {2, 6}, {1, 5}], [{8, 3}, {4, 7}, {5, 6}, {1, 2}], [{8, 3}, {4, 7}, {5, 6}, {2}, {1}], [{8, 3}, {5, 7}, {1, 6}, {2, 4}], [{8, 3}, {5, 7}, {2, 6}, {1, 4}], [{8, 3}, {5, 7}, {4, 6}, {1, 2}], [{8, 3}, {5, 7}, {6}, {1, 4}, {2}], [{8, 3}, {6, 7}, {1, 5}, {2, 4}], [{8, 3}, {6, 7}, {1, 5}, {4}, {2}], [{8, 3}, {6, 7}, {2, 5}, {1, 4}], [{8, 3}, {6, 7}, {4, 5}, {1, 2}], [{8, 3}, {7}, {1, 6}, {2, 5}, {4}], [{8, 3}, {7}, {1, 6}, {4, 5}, {2}], [{8, 3}, {7}, {1, 6}, {5}, {2, 4}], [{8, 3}, {7}, {2, 6}, {1, 5}, {4}], [{8, 3}, {7}, {4, 6}, {2, 5}, {1}], [{8, 3}, {7}, {6}, {2, 5}, {1, 4}], [{8, 4}, {1, 7}, {2, 6}, {3, 5}], [{8, 4}, {1, 7}, {3, 6}, {2, 5}], [{8, 4}, {1, 7}, {5, 6}, {2, 3}], [{8, 4}, {1, 7}, {6}, {5}, {2, 3}], [{8, 4}, {2, 7}, {1, 6}, {3, 5}], [{8, 4}, {2, 7}, {3, 6}, {1, 5}], [{8, 4}, {2, 7}, {5, 6}, {1, 3}], [{8, 4}, {3, 7}, {1, 6}, {2, 5}], [{8, 4}, {3, 7}, {2, 6}, {1, 5}], [{8, 4}, {3, 7}, {5, 6}, {1, 2}], [{8, 4}, {5, 7}, {1, 6}, {2, 3}], [{8, 4}, {5, 7}, {1, 6}, {3}, {2}], [{8, 4}, {5, 7}, {2, 6}, {1, 3}], [{8, 4}, {5, 7}, {2, 6}, {3}, {1}], [{8, 4}, {5, 7}, {3, 6}, {1, 2}], [{8, 4}, {5, 7}, {3, 6}, {2}, {1}], [{8, 4}, {5, 7}, {6}, {1, 3}, {2}], [{8, 4}, {5, 7}, {6}, {2, 3}, {1}], [{8, 4}, {5, 7}, {6}, {3}, {1, 2}], [{8, 4}, {5, 7}, {6}, {3}, {2}, {1}], [{8, 4}, {6, 7}, {1, 5}, {2, 3}], [{8, 4}, {6, 7}, {2, 5}, {1, 3}], [{8, 4}, {6, 7}, {3, 5}, {1, 2}], [{8, 4}, {6, 7}, {5}, {3}, {1, 2}], [{8, 4}, {7}, {5, 6}, {3}, {1, 2}], [{8, 4}, {7}, {6}, {1, 5}, {2, 3}], [{8, 5}, {1, 7}, {2, 6}, {3, 4}], [{8, 5}, {1, 7}, {3, 6}, {2, 4}], [{8, 5}, {1, 7}, {4, 6}, {2, 3}], [{8, 5}, {1, 7}, {4, 6}, {3}, {2}], [{8, 5}, {2, 7}, {1, 6}, {3, 4}], [{8, 5}, {2, 7}, {3, 6}, {1, 4}], [{8, 5}, {2, 7}, {4, 6}, {1, 3}], [{8, 5}, {2, 7}, {4, 6}, {3}, {1}], [{8, 5}, {3, 7}, {1, 6}, {2, 4}], [{8, 5}, {3, 7}, {2, 6}, {1, 4}], [{8, 5}, {3, 7}, {4, 6}, {1, 2}], [{8, 5}, {3, 7}, {4, 6}, {2}, {1}], [{8, 5}, {4, 7}, {1, 6}, {2, 3}], [{8, 5}, {4, 7}, {2, 6}, {1, 3}], [{8, 5}, {4, 7}, {3, 6}, {1, 2}], [{8, 5}, {4, 7}, {6}, {3}, {1, 2}], [{8, 5}, {6, 7}, {1, 4}, {2, 3}], [{8, 5}, {6, 7}, {2, 4}, {1, 3}], [{8, 5}, {6, 7}, {3, 4}, {1, 2}], [{8, 5}, {6, 7}, {4}, {3}, {1, 2}], [{8, 5}, {7}, {2, 6}, {3, 4}, {1}], [{8, 5}, {7}, {3, 6}, {2, 4}, {1}], [{8, 5}, {7}, {4, 6}, {1, 3}, {2}], [{8, 5}, {7}, {4, 6}, {2, 3}, {1}], [{8, 5}, {7}, {4, 6}, {3}, {1, 2}], [{8, 5}, {7}, {4, 6}, {3}, {2}, {1}], [{8, 6}, {1, 7}, {2, 5}, {3, 4}], [{8, 6}, {1, 7}, {3, 5}, {2, 4}], [{8, 6}, {1, 7}, {4, 5}, {2, 3}], [{8, 6}, {1, 7}, {5}, {4}, {2, 3}], [{8, 6}, {2, 7}, {1, 5}, {3, 4}], [{8, 6}, {2, 7}, {3, 5}, {1, 4}], [{8, 6}, {2, 7}, {4, 5}, {1, 3}], [{8, 6}, {3, 7}, {1, 5}, {2, 4}], [{8, 6}, {3, 7}, {2, 5}, {1, 4}], [{8, 6}, {3, 7}, {4, 5}, {1, 2}], [{8, 6}, {4, 7}, {1, 5}, {2, 3}], [{8, 6}, {4, 7}, {2, 5}, {1, 3}], [{8, 6}, {4, 7}, {3, 5}, {1, 2}], [{8, 6}, {4, 7}, {5}, {3}, {1, 2}], [{8, 6}, {5, 7}, {1, 4}, {2, 3}], [{8, 6}, {5, 7}, {2, 4}, {1, 3}], [{8, 6}, {5, 7}, {3, 4}, {1, 2}], [{8, 6}, {5, 7}, {4}, {3}, {1, 2}], [{8, 6}, {7}, {1, 5}, {3, 4}, {2}], [{8, 6}, {7}, {3, 5}, {1, 4}, {2}], [{8, 6}, {7}, {4, 5}, {3}, {1, 2}], [{8, 7}, {1, 6}, {2, 5}, {3, 4}], [{8, 7}, {1, 6}, {2, 5}, {4}, {3}], [{8, 7}, {1, 6}, {3, 5}, {2, 4}], [{8, 7}, {1, 6}, {4, 5}, {2, 3}], [{8, 7}, {1, 6}, {4, 5}, {3}, {2}], [{8, 7}, {1, 6}, {5}, {2, 4}, {3}], [{8, 7}, {2, 6}, {1, 5}, {3, 4}], [{8, 7}, {2, 6}, {3, 5}, {1, 4}], [{8, 7}, {2, 6}, {4, 5}, {1, 3}], [{8, 7}, {2, 6}, {4, 5}, {3}, {1}], [{8, 7}, {3, 6}, {1, 5}, {2, 4}], [{8, 7}, {3, 6}, {2, 5}, {1, 4}], [{8, 7}, {3, 6}, {4, 5}, {1, 2}], [{8, 7}, {3, 6}, {4, 5}, {2}, {1}], [{8, 7}, {4, 6}, {1, 5}, {2, 3}], [{8, 7}, {4, 6}, {2, 5}, {1, 3}], [{8, 7}, {4, 6}, {3, 5}, {1, 2}], [{8, 7}, {4, 6}, {5}, {3}, {1, 2}], [{8, 7}, {5, 6}, {1, 4}, {2, 3}], [{8, 7}, {5, 6}, {2, 4}, {1, 3}], [{8, 7}, {5, 6}, {3, 4}, {1, 2}], [{8, 7}, {5, 6}, {4}, {3}, {1, 2}], [{8, 7}, {6}, {1, 5}, {4}, {2, 3}], [{8, 7}, {6}, {4, 5}, {1, 3}, {2}], [{8, 7}, {6}, {4, 5}, {2, 3}, {1}], [{8, 7}, {6}, {4, 5}, {3}, {1, 2}], [{8, 7}, {6}, {4, 5}, {3}, {2}, {1}], [{8, 7}, {6}, {5}, {1, 4}, {2, 3}], [{8}, {1, 7}, {3, 6}, {4, 5}, {2}], [{8}, {1, 7}, {4, 6}, {2, 5}, {3}], [{8}, {1, 7}, {4, 6}, {3, 5}, {2}], [{8}, {1, 7}, {4, 6}, {5}, {2, 3}], [{8}, {1, 7}, {5, 6}, {3, 4}, {2}], [{8}, {2, 7}, {1, 6}, {4, 5}, {3}], [{8}, {3, 7}, {1, 6}, {2, 5}, {4}], [{8}, {3, 7}, {1, 6}, {4, 5}, {2}], [{8}, {3, 7}, {1, 6}, {5}, {2, 4}], [{8}, {3, 7}, {4, 6}, {1, 5}, {2}], [{8}, {3, 7}, {5, 6}, {1, 4}, {2}], [{8}, {4, 7}, {1, 6}, {5}, {2, 3}], [{8}, {4, 7}, {5, 6}, {1, 3}, {2}], [{8}, {4, 7}, {5, 6}, {2, 3}, {1}], [{8}, {4, 7}, {5, 6}, {3}, {1, 2}], [{8}, {4, 7}, {5, 6}, {3}, {2}, {1}], [{8}, {4, 7}, {6}, {1, 5}, {2, 3}], [{8}, {5, 7}, {1, 6}, {4}, {2, 3}], [{8}, {5, 7}, {4, 6}, {3}, {1, 2}], [{8}, {6, 7}, {4, 5}, {3}, {1, 2}], [{8}, {7}, {1, 6}, {4, 5}, {2, 3}]]",2,- 18 K_1^2 - 4 K_1 K_2 + 2 K_1 + 9 K_2 + 2 K_3 + 10,O1O2O3U2O4U5U6U4O7O5U8O6U3U1O8U7,O1O2O3U1O4U5U4U6O7U8O6O5U2O8U3U7,O1O2O3U4U1O5U2O6O7U5O4U7U8U6O8U3,c,"{'O1O2U3O4O3U5O6U2U4O7U6O8O5U1U7U8', 'O1O2O3U4O5U3U1O6U5O7O4U8U6U7O8U2'}",2,"<a href=""/flatknot/8.1101989"">8.1101989</a>",t^9-34t^7-50t^6+134t^5+224t^4+41t^3-24t^2-8t,t^2-2t,,
8.1101990,O1O2O3U4O5U3U1O6U5O7O4U8U7U6O8U2,3,3z^2+42z+73,3w^3z^2-2w^3z+44w^2z+73w,False,False,"[[ 0 -1  1  0  0  1  1  0 -2],[ 1  0  1  0 -1  2  0 -1  1],[-1 -1  0  0  0  0  1  0 -3],[ 0  0  0  0 -1  1  0 -1  0],[ 0  1  0  1  0  1 -1  0  0],[-1 -2  0 -1 -1  0  1  0 -2],[-1  0 -1  0  1 -1  0  0 -2],[ 0  1  0  1  0  0  0  0  0],[ 2 -1  3  0  0  2  2  0  0]]","[[ 0  1  1  1  0  0  0 -1 -2],[-1  0  1  0  0  0  0 -1 -3],[-1 -1  0 -1  1  0  0  0 -2],[-1  0  1  0 -1  0 -1 -2 -2],[ 0  0 -1  1  0  0  1  1  0],[ 0  0  0  0  0  0  1  1  0],[ 0  0  0  1 -1 -1  0  0  0],[ 1  1  0  2 -1 -1  0  0  1],[ 2  3  2  2  0  0  0 -1  0]]",True,"[-1,-1,-1,0,0,0,1,2,-1,0,0,0,0,1,3,1,-1,0,0,0,2,1,0,1,2,2,0,-1,-1,0,-1,-1,0,0,0,-1]","[-2,-1,0,0,0,1,1,1,-1,0,0,0,2,2,3,-1,-1,0,0,2,1,0,1,-1,1,0,1,0,0,0,0,1,0,-1,-1,0]",t^8+32t^6+166t^4+96t^2,"[-2,-1,0,0,0,1,1,1,2,2,2,2,0,1,1,1,2,2,1,0,2,1,1,1,0,1,0,1,0,2,1,1,1,0,-1,-1]","[-1,-1,-1,0,0,0,1,2,-1,-1,1,1,2,2,1,0,0,1,0,0,1,1,1,1,1,0,-1,-1,1,2,0,2,2,2,2,2]","[-2,-1,0,0,0,1,1,1,-1,0,0,0,2,2,3,-1,-1,0,0,2,1,0,1,-1,1,0,1,0,0,0,0,1,0,-1,-1,0]",c,"[[{8, 4}, {1, 7}, {3, 6}, {2, 5}], [{8, 4}, {1, 7}, {5, 6}, {2, 3}], [{8, 5}, {2, 7}, {4, 6}, {1, 3}], [{8, 7}, {5, 6}, {1, 4}, {2, 3}]]",1,4 K_1^3 - 14 K_1^2 - 4 K_1 K_2 - K_1 + 7 K_2 + K_3 + 8,O1O2O3U2O4U5U6U4O7O6U8O5U3U1O8U7,O1O2O3U1O4U5U4U6O7U8O6O5U3O8U2U7,O1O2O3U4U2O5U1O6O7U5O4U7U8U6O8U3,c,"{'O1O2O3U4O5U3U1O6U5O7O4U8U7U6O8U2', 'O1O2U3O4O3U5O6U2U4O7U6O8O5U1U8U7'}",2,"<a href=""/flatknot/8.1101990"">8.1101990</a>",t^9-34t^7-42t^6+167t^5+204t^4-80t^3-122t^2-4t+8,t^2-2t,,
8.1101991,O1O2O3U4O5U3U1O6U7O8O4U6U8U2O7U5,4,13z^2+90z+129,13w^3z^2+90w^2z+129w,False,False,"[[ 0 -1  1  0  0  2 -1 -1  0],[ 1  0  0  0  0  2 -1  1 -1],[-1  0  0  1  0  0 -2 -1  0],[ 0  0 -1  0  0  0 -1  1 -1],[ 0  0  0  0  0  1 -1  0 -1],[-2 -2  0  0 -1  0  0 -3  1],[ 1  1  2  1  1  0  0  0  1],[ 1 -1  1 -1  0  3  0  0  0],[ 0  1  0  1  1 -1 -1  0  0]]","[[ 0  2  1  0  0  0 -1 -1 -1],[-2  0  0  1  0 -1  0 -2 -3],[-1  0  0  0  1  0 -2  0 -1],[ 0 -1  0  0  1  1 -1  1  0],[ 0  0 -1 -1  0  0 -1  0  1],[ 0  1  0 -1  0  0 -1  0  0],[ 1  0  2  1  1  1  0  1  0],[ 1  2  0 -1  0  0 -1  0  1],[ 1  3  1  0 -1  0  0 -1  0]]",True,"[-2,-1,0,0,0,1,1,1,0,-1,0,1,0,2,3,0,-1,0,2,0,1,-1,-1,1,-1,0,0,1,0,-1,1,0,0,-1,0,-1]","[-2,-1,0,0,0,1,1,1,0,-1,0,1,0,2,3,0,-1,0,2,0,1,-1,-1,1,-1,0,0,1,0,-1,1,0,0,-1,0,-1]",t^8+30t^6+209t^4+71t^2+4,"[-1,-1,-1,0,0,0,1,2,-1,0,0,0,0,0,3,-1,1,1,2,2,1,1,2,1,1,0,0,1,1,1,1,2,2,1,3,1]","[-2,-1,0,0,0,1,1,1,1,1,2,3,0,1,3,1,2,1,1,2,0,0,-1,1,1,0,-1,2,1,0,1,2,0,-1,0,-1]","[-1,-1,-1,0,0,0,1,2,-1,0,-1,0,0,1,3,-1,0,-1,0,0,2,1,1,1,2,0,-1,0,-1,0,1,0,-1,0,1,0]",c,"[[{8, 4}, {2, 7}, {1, 6}, {3, 5}], [{8, 4}, {2, 7}, {3, 6}, {1, 5}], [{8, 4}, {2, 7}, {5, 6}, {1, 3}], [{8, 4}, {6, 7}, {1, 5}, {2, 3}]]",1,- 14 K_1^2 - 4 K_1 K_2 + 2 K_1 + 7 K_2 + 2 K_3 + 8,O1O2O3U4O5U2U6U7O8O6U5O7U3U1O4U8,O1O2O3U4O5U6U3U7O8U5O7O6U1O4U2U8,O1O2O3U4U2O5U3O6O7U8O4U7U1U6O8U5,c,{'O1O2O3U4O5U3U1O6U7O8O4U6U8U2O7U5'},1,"<a href=""/flatknot/8.1101991"">8.1101991</a>",t^9-28t^7-34t^6+150t^5+218t^4-133t^3-184t^2+5t+10,-t^2+2t,,
8.1101992,O1O2O3U4O5U3U1O6U7O8O4U6U8U5O7U2,4,13z^2+66z+81,13w^3z^2+66w^2z+81w,False,False,"[[ 0 -1  1  0  0  2 -1 -1  0],[ 1  0  1  0  0  1 -1  1 -1],[-1 -1  0  0  0  1 -1 -2  0],[ 0  0  0  0  0  0 -1  0 -1],[ 0  0  0  0  0  0 -1  1 -1],[-2 -1 -1  0  0  0 -1 -3  1],[ 1  1  1  1  1  1  0  0  1],[ 1 -1  2  0 -1  3  0  0  0],[ 0  1  0  1  1 -1 -1  0  0]]","[[ 0  2  1  0  0  0 -1 -1 -1],[-2  0 -1  1  0  0 -1 -1 -3],[-1  1  0  0  0  0 -1 -1 -2],[ 0 -1  0  0  1  1  1 -1  0],[ 0  0  0 -1  0  0  0 -1  1],[ 0  0  0 -1  0  0  0 -1  0],[ 1  1  1 -1  0  0  0 -1  1],[ 1  1  1  1  1  1  1  0  0],[ 1  3  2  0 -1  0 -1  0  0]]",True,"[-2,-1,0,0,0,1,1,1,1,-1,0,0,1,1,3,0,0,0,1,1,2,-1,-1,-1,1,0,0,0,1,-1,0,1,0,1,-1,0]","[-2,-1,0,0,0,1,1,1,0,2,2,3,0,2,2,1,1,1,0,1,1,0,-1,1,0,1,-1,2,0,1,1,0,2,0,-1,1]",t^8+28t^6+159t^4+35t^2+1,"[-1,-1,-1,0,0,0,1,2,-1,0,0,0,0,1,2,-1,1,1,2,1,2,1,2,1,0,0,0,1,1,2,1,1,2,1,3,0]","[-2,-1,0,0,0,1,1,1,0,2,2,3,0,2,2,1,1,1,0,1,1,0,-1,1,0,1,-1,2,0,1,1,0,2,0,-1,1]","[-1,-1,-1,0,0,0,1,2,-1,0,-1,0,0,2,3,-1,0,-1,0,1,1,1,1,1,1,1,-1,0,0,0,1,0,-1,0,0,1]",c,"[[{8, 7}, {3, 6}, {1, 5}, {2, 4}]]",1,4 K_1^3 - 14 K_1^2 - 4 K_1 K_2 - K_1 + 7 K_2 + K_3 + 8,O1O2O3U2O4U5U6U7O8O6U4O7U3U1O5U8,O1O2O3U4O5U6U5U7O8U3O7O6U1O4U2U8,O1O2O3U4U2O5U3O6O7U1O4U7U8U6O8U5,c,"{'O1O2O3U4O5U3U1O6U7O8O4U6U8U5O7U2', 'O1O2U3O4O3U5O6U2U4O7U1O8O5U7U8U6'}",2,"<a href=""/flatknot/8.1101992"">8.1101992</a>",t^9-26t^7-40t^6+58t^5+128t^4+47t^3-12t^2-6t,-t^2+2t,,
8.1101993,O1O2O3U4O5U3U1O6U7O8O4U8U6U2O7U5,3,12z^2+73z+99,12w^3z^2+73w^2z+99w,False,False,"[[ 0 -1  1  0  0  2  0 -1 -1],[ 1  0  0  0  0  2 -1  1 -1],[-1  0  0  1  0  0 -1 -1 -1],[ 0  0 -1  0  0  0 -1  1 -1],[ 0  0  0  0  0  1 -1  0 -1],[-2 -2  0  0 -1  0  1 -3  0],[ 0  1  1  1  1 -1  0  0  0],[ 1 -1  1 -1  0  3  0  0 -1],[ 1  1  1  1  1  0  0  1  0]]","[[ 0  2  1  0  0  0 -1 -1 -1],[-2  0  0  1  0 -1  0 -2 -3],[-1  0  0 -1  1  0 -1  0 -1],[ 0 -1  1  0  1  1  0  1  0],[ 0  0 -1 -1  0  0 -1  0  1],[ 0  1  0 -1  0  0 -1  0  0],[ 1  0  1  0  1  1  0  1  1],[ 1  2  0 -1  0  0 -1  0  1],[ 1  3  1  0 -1  0 -1 -1  0]]",True,"[-2,-1,0,0,0,1,1,1,0,-1,0,1,0,2,3,1,-1,0,1,0,1,-1,-1,0,-1,0,0,1,0,-1,1,0,0,-1,-1,-1]","[-2,-1,0,0,0,1,1,1,0,-1,0,1,0,2,3,1,-1,0,1,0,1,-1,-1,0,-1,0,0,1,0,-1,1,0,0,-1,-1,-1]",t^8+28t^6+145t^4+48t^2,"[-1,-1,-1,0,0,0,1,2,-1,-1,0,0,1,1,3,-1,1,1,2,2,1,1,2,1,1,0,0,1,1,1,1,2,2,0,3,1]","[-2,-1,0,0,0,1,1,1,1,1,2,3,0,1,3,1,2,0,1,2,1,0,-1,1,1,0,-1,2,1,0,1,2,1,-1,-1,-1]","[-1,-1,-1,0,0,0,1,2,-1,-1,-1,0,0,1,3,-1,0,-1,0,0,2,1,0,1,1,0,-1,0,-1,0,1,1,-1,0,1,0]",c,"[[{8, 4}, {5, 7}, {1, 6}, {2, 3}], [{8, 4}, {6, 7}, {1, 5}, {2, 3}]]",1,8 K_1^3 - 22 K_1^2 - 4 K_1 K_2 - 4 K_1 + 11 K_2 + 12,O1O2O3U4O5U2U6U7O8O7U5O6U3U1O4U8,O1O2O3U4O5U6U3U7O8U5O7O6U2O4U1U8,O1O2O3U4U3O5U2O6O7U8O4U7U1U6O8U5,c,{'O1O2O3U4O5U3U1O6U7O8O4U8U6U2O7U5'},1,"<a href=""/flatknot/8.1101993"">8.1101993</a>",t^9-26t^7-36t^6+86t^5+130t^4-36t^3-124t^2+16,-t^2+2t,,
8.1101994,O1O2O3U4O5U3U1O6U7O8O4U8U6U5O7U2,4,4z^2+57z+99,4w^3z^2+57w^2z+99w,False,False,"[[ 0 -1  1  0  0  2  0 -1 -1],[ 1  0  1  0  0  1 -1  1 -1],[-1 -1  0  0  0  1  0 -2 -1],[ 0  0  0  0  0  0 -1  0 -1],[ 0  0  0  0  0  0 -1  1 -1],[-2 -1 -1  0  0  0  0 -3  0],[ 0  1  0  1  1  0  0  0  0],[ 1 -1  2  0 -1  3  0  0 -1],[ 1  1  1  1  1  0  0  1  0]]","[[ 0  2  1  0  0  0 -1 -1 -1],[-2  0 -1  0  0  0  0 -1 -3],[-1  1  0  0  0  0 -1 -1 -2],[ 0  0  0  0  1  1  0  1  0],[ 0  0  0 -1  0  0 -1  0  1],[ 0  0  0 -1  0  0 -1  0  0],[ 1  0  1  0  1  1  0  1  1],[ 1  1  1 -1  0  0 -1  0  1],[ 1  3  2  0 -1  0 -1 -1  0]]",True,"[-2,-1,0,0,0,1,1,1,1,0,0,0,0,1,3,0,0,0,1,1,2,-1,-1,0,-1,0,0,1,0,-1,1,0,0,-1,-1,-1]","[-2,-1,0,0,0,1,1,1,0,2,2,2,0,2,3,1,1,1,0,1,1,-1,0,1,1,0,1,1,2,1,2,1,0,-1,-1,-1]",t^8+26t^6+108t^4+25t^2+1,"[-1,-1,-1,0,0,0,1,2,-1,-1,0,0,1,1,3,-1,1,1,2,1,2,1,2,1,0,0,0,1,1,2,1,1,2,1,2,0]","[-2,-1,0,0,0,1,1,1,0,2,2,2,0,2,3,1,1,1,0,1,1,-1,0,1,1,0,1,1,2,1,2,1,0,-1,-1,-1]","[-1,-1,-1,0,0,0,1,2,-1,-1,-1,0,0,2,3,-1,0,-1,0,1,1,1,0,1,1,0,-1,0,0,0,1,0,0,0,0,1]",c,"[[{8, 5}, {3, 7}, {2, 6}, {1, 4}]]",1,- 22 K_1^2 - 4 K_1 K_2 + 2 K_1 + 11 K_2 + 2 K_3 + 12,O1O2O3U2O4U5U6U7O8O7U4O6U3U1O5U8,O1O2O3U4O5U6U5U7O8U3O7O6U2O4U1U8,O1O2O3U4U3O5U2O6O7U1O4U7U8U6O8U5,c,"{'O1O2O3U4O5U3U1O6U7O8O4U8U6U5O7U2', 'O1O2U3O4O3U5O6U2U4O7U1O8O5U8U7U6'}",2,"<a href=""/flatknot/8.1101994"">8.1101994</a>",t^9-24t^7-36t^6+61t^5+88t^4-33t^3-8t^2+2t,-t^2+2t,,
8.1101995,O1O2O3U4O5U3U2O6U1O7O4U6U8U7O8U5,4,2z^3+33z^2+112z+109,2w^4z^3+33w^3z^2+112w^2z+109w,False,False,"[[ 0 -1  0  0  0  2 -1  1 -1],[ 1  0  0  0 -1  3  0  0  1],[ 0  0  0  0 -1  1 -1 -1  0],[ 0  0  0  0  0  0 -1 -1  0],[ 0  1  1  0  0  0 -1  0  0],[-2 -3 -1  0  0  0 -1  2 -3],[ 1  0  1  1  1  1  0  1  0],[-1  0  1  1  0 -2 -1  0 -1],[ 1 -1  0  0  0  3  0  1  0]]","[[ 0  2  1  0  0  0 -1 -1 -1],[-2  0  2  0  0 -1 -1 -3 -3],[-1 -2  0  1  0  1 -1  0 -1],[ 0  0 -1  0  0  0 -1  0  0],[ 0  0  0  0  0  1 -1  1  0],[ 0  1 -1  0 -1  0 -1  0  0],[ 1  1  1  1  1  1  0  0  0],[ 1  3  0  0 -1  0  0  0  1],[ 1  3  1  0  0  0  0 -1  0]]",True,"[-2,-1,0,0,0,1,1,1,-2,0,0,1,1,3,3,-1,0,-1,1,0,1,0,0,1,0,0,-1,1,-1,0,1,0,0,0,0,-1]","[-2,-1,0,0,0,1,1,1,-2,0,0,1,1,3,3,-1,0,-1,1,0,1,0,0,1,0,0,-1,1,-1,0,1,0,0,0,0,-1]",t^8+34t^6+205t^4+148t^2+4,"[-1,-1,-1,0,0,0,1,2,-1,0,1,1,2,2,0,0,1,1,1,1,0,0,0,0,1,2,0,0,2,2,1,2,1,1,2,3]","[-2,-1,0,0,0,1,1,1,3,1,2,2,0,0,2,2,1,2,1,2,1,-1,0,1,1,0,0,1,2,0,1,1,0,-1,0,0]","[-1,-1,-1,0,0,0,1,2,-1,0,0,0,0,1,3,0,-1,0,0,0,3,1,1,1,1,1,0,1,0,0,0,-1,0,-1,1,-2]",c,"[[{8, 2}, {4, 7}, {5, 6}, {1, 3}]]",1,4 K_1^3 - 6 K_1^2 - 4 K_1 K_2 - K_1 + 3 K_2 + K_3 + 4,O1O2O3U4O5U6U5U7O8O6U3O7U2U1O4U8,O1O2O3U2O4U5U6U7O8U4O7O6U1O5U3U8,O1O2O3U4U1O5U3O6O7U8O4U7U6U5O8U2,c,{'O1O2O3U4O5U3U2O6U1O7O4U6U8U7O8U5'},1,"<a href=""/flatknot/8.1101995"">8.1101995</a>",t^9-32t^7-40t^6+144t^5+218t^4-120t^3-160t^2+91t+30,-t^2+2t,,
8.1101996,O1O2O3U4O5U3U2O6U1O7O4U7U8U6O8U5,4,4z^3+38z^2+111z+103,4w^4z^3+38w^3z^2+111w^2z+103w,False,False,"[[ 0 -1  0  0  0  2  1 -1 -1],[ 1  0  0  0 -1  3  0 -1  0],[ 0  0  0  0 -1  1 -1 -1  0],[ 0  0  0  0  0  0 -1 -1  0],[ 0  1  1  0  0  0  0 -1  0],[-2 -3 -1  0  0  0  1  0 -3],[-1  0  1  1  0 -1  0  0 -1],[ 1  1  1  1  1  0  0  0  1],[ 1  0  0  0  0  3  1 -1  0]]","[[ 0  2  1  0  0  0 -1 -1 -1],[-2  0  1  0  0 -1  0 -3 -3],[-1 -1  0  1  0  1  0  0 -1],[ 0  0 -1  0  0  0 -1  0  0],[ 0  0  0  0  0  1 -1  1  0],[ 0  1 -1  0 -1  0 -1  0  0],[ 1  0  0  1  1  1  0  1  1],[ 1  3  0  0 -1  0 -1  0  0],[ 1  3  1  0  0  0 -1  0  0]]",True,"[-2,-1,0,0,0,1,1,1,-1,0,0,1,0,3,3,-1,0,-1,0,0,1,0,0,1,0,0,-1,1,-1,0,1,0,0,-1,-1,0]","[-2,-1,0,0,0,1,1,1,-1,0,0,1,0,3,3,-1,0,-1,0,0,1,0,0,1,0,0,-1,1,-1,0,1,0,0,-1,-1,0]",t^8+30t^6+151t^4+128t^2+1,"[-1,-1,-1,0,0,0,1,2,-1,-1,0,0,0,2,3,0,1,1,1,1,0,1,1,2,2,0,0,0,2,2,1,2,1,1,2,2]","[-2,-1,0,0,0,1,1,1,2,1,2,2,0,0,3,2,1,2,1,2,2,-1,0,1,1,0,0,1,2,0,1,1,0,0,-1,-1]","[-1,-1,-1,0,0,0,1,2,-1,0,-1,0,0,0,3,1,1,1,1,0,0,0,0,0,1,3,0,1,0,0,0,-1,0,-1,1,-1]",c,"[[{8, 1}, {2, 7}, {3, 6}, {4, 5}], [{8, 1}, {2, 7}, {3, 6}, {5}, {4}], [{8, 1}, {2, 7}, {4, 6}, {3, 5}], [{8, 1}, {2, 7}, {5, 6}, {3, 4}], [{8, 1}, {2, 7}, {6}, {4, 5}, {3}], [{8, 1}, {3, 7}, {2, 6}, {4, 5}], [{8, 1}, {3, 7}, {4, 6}, {2, 5}], [{8, 1}, {3, 7}, {5, 6}, {2, 4}], [{8, 1}, {3, 7}, {6}, {4, 5}, {2}], [{8, 1}, {4, 7}, {2, 6}, {3, 5}], [{8, 1}, {4, 7}, {3, 6}, {2, 5}], [{8, 1}, {4, 7}, {3, 6}, {5}, {2}], [{8, 1}, {4, 7}, {5, 6}, {2, 3}], [{8, 1}, {4, 7}, {6}, {2, 5}, {3}], [{8, 1}, {5, 7}, {2, 6}, {3, 4}], [{8, 1}, {5, 7}, {3, 6}, {2, 4}], [{8, 1}, {5, 7}, {3, 6}, {4}, {2}], [{8, 1}, {5, 7}, {4, 6}, {2, 3}], [{8, 1}, {5, 7}, {6}, {2, 4}, {3}], [{8, 1}, {6, 7}, {2, 5}, {3, 4}], [{8, 1}, {6, 7}, {3, 5}, {2, 4}], [{8, 1}, {6, 7}, {4, 5}, {2, 3}], [{8, 1}, {6, 7}, {4, 5}, {3}, {2}], [{8, 1}, {7}, {2, 6}, {4, 5}, {3}], [{8, 1}, {7}, {3, 6}, {2, 5}, {4}], [{8, 1}, {7}, {3, 6}, {4, 5}, {2}], [{8, 1}, {7}, {3, 6}, {5}, {2, 4}], [{8, 1}, {7}, {6}, {4, 5}, {2, 3}], [{8, 1}, {7}, {6}, {4, 5}, {3}, {2}], [{8, 2}, {1, 7}, {3, 6}, {4, 5}], [{8, 2}, {1, 7}, {4, 6}, {3, 5}], [{8, 2}, {1, 7}, {5, 6}, {3, 4}], [{8, 2}, {3, 7}, {1, 6}, {4, 5}], [{8, 2}, {3, 7}, {4, 6}, {1, 5}], [{8, 2}, {3, 7}, {5, 6}, {1, 4}], [{8, 2}, {4, 7}, {1, 6}, {3, 5}], [{8, 2}, {4, 7}, {1, 6}, {5}, {3}], [{8, 2}, {4, 7}, {3, 6}, {1, 5}], [{8, 2}, {4, 7}, {5, 6}, {1, 3}], [{8, 2}, {5, 7}, {1, 6}, {3, 4}], [{8, 2}, {5, 7}, {3, 6}, {1, 4}], [{8, 2}, {5, 7}, {3, 6}, {4}, {1}], [{8, 2}, {5, 7}, {4, 6}, {1, 3}], [{8, 2}, {5, 7}, {4, 6}, {3}, {1}], [{8, 2}, {5, 7}, {6}, {3, 4}, {1}], [{8, 2}, {6, 7}, {1, 5}, {3, 4}], [{8, 2}, {6, 7}, {3, 5}, {1, 4}], [{8, 2}, {6, 7}, {4, 5}, {1, 3}], [{8, 2}, {7}, {3, 6}, {5}, {1, 4}], [{8, 2}, {7}, {6}, {4, 5}, {1, 3}], [{8, 3}, {1, 7}, {2, 6}, {4, 5}], [{8, 3}, {1, 7}, {4, 6}, {2, 5}], [{8, 3}, {1, 7}, {5, 6}, {2, 4}], [{8, 3}, {2, 7}, {1, 6}, {4, 5}], [{8, 3}, {2, 7}, {4, 6}, {1, 5}], [{8, 3}, {2, 7}, {5, 6}, {1, 4}], [{8, 3}, {4, 7}, {1, 6}, {2, 5}], [{8, 3}, {4, 7}, {2, 6}, {1, 5}], [{8, 3}, {4, 7}, {2, 6}, {5}, {1}], [{8, 3}, {4, 7}, {5, 6}, {1, 2}], [{8, 3}, {4, 7}, {5, 6}, {2}, {1}], [{8, 3}, {4, 7}, {6}, {2, 5}, {1}], [{8, 3}, {5, 7}, {1, 6}, {2, 4}], [{8, 3}, {5, 7}, {2, 6}, {1, 4}], [{8, 3}, {5, 7}, {4, 6}, {1, 2}], [{8, 3}, {5, 7}, {6}, {1, 4}, {2}], [{8, 3}, {6, 7}, {1, 5}, {2, 4}], [{8, 3}, {6, 7}, {2, 5}, {1, 4}], [{8, 3}, {6, 7}, {4, 5}, {1, 2}], [{8, 3}, {7}, {2, 6}, {1, 5}, {4}], [{8, 3}, {7}, {4, 6}, {1, 5}, {2}], [{8, 3}, {7}, {6}, {1, 5}, {2, 4}], [{8, 3}, {7}, {6}, {4, 5}, {1, 2}], [{8, 4}, {1, 7}, {2, 6}, {3, 5}], [{8, 4}, {1, 7}, {2, 6}, {5}, {3}], [{8, 4}, {1, 7}, {3, 6}, {2, 5}], [{8, 4}, {1, 7}, {5, 6}, {2, 3}], [{8, 4}, {2, 7}, {1, 6}, {3, 5}], [{8, 4}, {2, 7}, {3, 6}, {1, 5}], [{8, 4}, {2, 7}, {3, 6}, {5}, {1}], [{8, 4}, {2, 7}, {5, 6}, {1, 3}], [{8, 4}, {3, 7}, {1, 6}, {2, 5}], [{8, 4}, {3, 7}, {2, 6}, {1, 5}], [{8, 4}, {3, 7}, {5, 6}, {1, 2}], [{8, 4}, {5, 7}, {1, 6}, {2, 3}], [{8, 4}, {5, 7}, {1, 6}, {3}, {2}], [{8, 4}, {5, 7}, {2, 6}, {1, 3}], [{8, 4}, {5, 7}, {3, 6}, {1, 2}], [{8, 4}, {5, 7}, {3, 6}, {2}, {1}], [{8, 4}, {5, 7}, {6}, {1, 3}, {2}], [{8, 4}, {6, 7}, {1, 5}, {2, 3}], [{8, 4}, {6, 7}, {1, 5}, {3}, {2}], [{8, 4}, {6, 7}, {2, 5}, {1, 3}], [{8, 4}, {6, 7}, {3, 5}, {1, 2}], [{8, 4}, {7}, {3, 6}, {2, 5}, {1}], [{8, 5}, {1, 7}, {2, 6}, {3, 4}], [{8, 5}, {1, 7}, {3, 6}, {2, 4}], [{8, 5}, {1, 7}, {4, 6}, {2, 3}], [{8, 5}, {1, 7}, {6}, {4}, {2, 3}], [{8, 5}, {2, 7}, {1, 6}, {3, 4}], [{8, 5}, {2, 7}, {3, 6}, {1, 4}], [{8, 5}, {2, 7}, {3, 6}, {4}, {1}], [{8, 5}, {2, 7}, {4, 6}, {1, 3}], [{8, 5}, {3, 7}, {1, 6}, {2, 4}], [{8, 5}, {3, 7}, {2, 6}, {1, 4}], [{8, 5}, {3, 7}, {4, 6}, {1, 2}], [{8, 5}, {3, 7}, {6}, {1, 4}, {2}], [{8, 5}, {4, 7}, {1, 6}, {2, 3}], [{8, 5}, {4, 7}, {1, 6}, {3}, {2}], [{8, 5}, {4, 7}, {2, 6}, {1, 3}], [{8, 5}, {4, 7}, {3, 6}, {1, 2}], [{8, 5}, {6, 7}, {1, 4}, {2, 3}], [{8, 5}, {6, 7}, {1, 4}, {3}, {2}], [{8, 5}, {6, 7}, {2, 4}, {1, 3}], [{8, 5}, {6, 7}, {3, 4}, {1, 2}], [{8, 5}, {7}, {3, 6}, {1, 4}, {2}], [{8, 5}, {7}, {6}, {2, 4}, {1, 3}], [{8, 6}, {1, 7}, {2, 5}, {3, 4}], [{8, 6}, {1, 7}, {3, 5}, {2, 4}], [{8, 6}, {1, 7}, {4, 5}, {2, 3}], [{8, 6}, {1, 7}, {4, 5}, {3}, {2}], [{8, 6}, {2, 7}, {1, 5}, {3, 4}], [{8, 6}, {2, 7}, {3, 5}, {1, 4}], [{8, 6}, {2, 7}, {4, 5}, {1, 3}], [{8, 6}, {3, 7}, {1, 5}, {2, 4}], [{8, 6}, {3, 7}, {2, 5}, {1, 4}], [{8, 6}, {3, 7}, {4, 5}, {1, 2}], [{8, 6}, {4, 7}, {1, 5}, {2, 3}], [{8, 6}, {4, 7}, {1, 5}, {3}, {2}], [{8, 6}, {4, 7}, {2, 5}, {1, 3}], [{8, 6}, {4, 7}, {2, 5}, {3}, {1}], [{8, 6}, {4, 7}, {3, 5}, {1, 2}], [{8, 6}, {4, 7}, {5}, {3}, {1, 2}], [{8, 6}, {5, 7}, {1, 4}, {2, 3}], [{8, 6}, {5, 7}, {1, 4}, {3}, {2}], [{8, 6}, {5, 7}, {2, 4}, {1, 3}], [{8, 6}, {5, 7}, {3, 4}, {1, 2}], [{8, 7}, {1, 6}, {2, 5}, {3, 4}], [{8, 7}, {1, 6}, {3, 5}, {2, 4}], [{8, 7}, {1, 6}, {4, 5}, {2, 3}], [{8, 7}, {1, 6}, {4, 5}, {3}, {2}], [{8, 7}, {2, 6}, {1, 5}, {3, 4}], [{8, 7}, {2, 6}, {3, 5}, {1, 4}], [{8, 7}, {2, 6}, {4, 5}, {1, 3}], [{8, 7}, {2, 6}, {5}, {1, 4}, {3}], [{8, 7}, {3, 6}, {1, 5}, {2, 4}], [{8, 7}, {3, 6}, {2, 5}, {1, 4}], [{8, 7}, {3, 6}, {2, 5}, {4}, {1}], [{8, 7}, {3, 6}, {4, 5}, {1, 2}], [{8, 7}, {3, 6}, {5}, {1, 4}, {2}], [{8, 7}, {4, 6}, {1, 5}, {2, 3}], [{8, 7}, {4, 6}, {2, 5}, {1, 3}], [{8, 7}, {4, 6}, {3, 5}, {1, 2}], [{8, 7}, {4, 6}, {3, 5}, {2}, {1}], [{8, 7}, {5, 6}, {1, 4}, {2, 3}], [{8, 7}, {5, 6}, {2, 4}, {1, 3}], [{8, 7}, {5, 6}, {3, 4}, {1, 2}], [{8, 7}, {6}, {5}, {1, 4}, {2, 3}], [{8}, {1, 7}, {2, 6}, {3, 5}, {4}], [{8}, {1, 7}, {3, 6}, {2, 5}, {4}], [{8}, {2, 7}, {1, 6}, {5}, {3, 4}], [{8}, {2, 7}, {3, 6}, {1, 5}, {4}], [{8}, {2, 7}, {3, 6}, {4, 5}, {1}], [{8}, {2, 7}, {3, 6}, {5}, {1, 4}], [{8}, {2, 7}, {3, 6}, {5}, {4}, {1}], [{8}, {2, 7}, {4, 6}, {5}, {1, 3}], [{8}, {3, 7}, {2, 6}, {4, 5}, {1}], [{8}, {3, 7}, {4, 6}, {2, 5}, {1}], [{8}, {4, 7}, {1, 6}, {2, 5}, {3}], [{8}, {4, 7}, {3, 6}, {2, 5}, {1}], [{8}, {4, 7}, {6}, {2, 5}, {1, 3}], [{8}, {4, 7}, {6}, {2, 5}, {3}, {1}], [{8}, {5, 7}, {3, 6}, {1, 4}, {2}], [{8}, {5, 7}, {3, 6}, {2, 4}, {1}], [{8}, {5, 7}, {3, 6}, {4}, {1, 2}], [{8}, {5, 7}, {3, 6}, {4}, {2}, {1}], [{8}, {6, 7}, {2, 5}, {3, 4}, {1}], [{8}, {6, 7}, {3, 5}, {2, 4}, {1}], [{8}, {7}, {3, 6}, {2, 5}, {1, 4}], [{8}, {7}, {3, 6}, {2, 5}, {4}, {1}], [{8}, {7}, {4, 6}, {3, 5}, {1, 2}], [{8}, {7}, {5, 6}, {1, 4}, {2, 3}]]",2,4 K_1^3 - 2 K_1^2 - 4 K_1 K_2 - K_1 + K_2 + K_3 + 2,O1O2O3U4O5U6U5U7O8O7U3O6U2U1O4U8,O1O2O3U2O4U5U6U7O8U4O7O6U3O5U1U8,O1O2O3U4U3O5U1O6O7U8O4U7U6U5O8U2,c,{'O1O2O3U4O5U3U2O6U1O7O4U7U8U6O8U5'},1,"<a href=""/flatknot/8.1101996"">8.1101996</a>",t^9-28t^7-12t^6+122t^5+10t^4-163t^3+12t^2+61t+10,-t^2+2t,,
8.1101997,O1O2O3U4O5U3U2O6U1O7O4U8U6U7O8U5,3,14z^2+66z+77,-2w^4z^2+16w^3z^2-2w^3z+68w^2z+77w,False,False,"[[ 0 -1  0  0  0  2  0  1 -2],[ 1  0  0  0 -1  3  0  0  0],[ 0  0  0  0 -1  1 -1 -1  0],[ 0  0  0  0  0  0 -1 -1  0],[ 0  1  1  0  0  0  0  0  0],[-2 -3 -1  0  0  0  0  2 -4],[ 0  0  1  1  0  0  0  1 -1],[-1  0  1  1  0 -2 -1  0 -1],[ 2  0  0  0  0  4  1  1  0]]","[[ 0  2  1  0  0  0  0 -1 -2],[-2  0  2  0  0  0 -1 -3 -4],[-1 -2  0  1  0 -1  1  0 -1],[ 0  0 -1  0  0 -1  0  0  0],[ 0  0  0  0  0  0  1  1  0],[ 0  0  1  1  0  0  1  0 -1],[ 0  1 -1  0 -1 -1  0  0  0],[ 1  3  0  0 -1  0  0  0  0],[ 2  4  1  0  0  1  0  0  0]]",True,"[-2,-1,0,0,0,0,1,2,-2,0,0,0,1,3,4,-1,0,1,-1,0,1,0,1,0,0,0,0,-1,-1,0,-1,0,1,0,0,0]","[-2,-1,0,0,0,0,1,2,-2,0,0,0,1,3,4,-1,0,1,-1,0,1,0,1,0,0,0,0,-1,-1,0,-1,0,1,0,0,0]",t^8+39t^6+220t^4+96t^2,"[-2,-1,0,0,0,0,1,2,1,1,2,2,2,2,0,1,1,1,2,2,0,-1,-1,0,0,2,0,0,2,2,1,2,1,1,2,3]","[-2,-1,0,0,0,0,1,2,3,1,2,2,2,0,0,2,0,1,2,2,2,-1,-1,0,1,2,0,1,1,1,0,2,2,1,2,1]","[-2,-1,0,0,0,0,1,2,0,0,0,0,1,1,4,-1,0,0,0,0,3,0,1,0,0,0,0,-1,-1,0,-1,-1,1,1,0,-2]",c,"[[{8, 5}, {1, 7}, {2, 6}, {3, 4}]]",0,- 4 K_1^2 + 2 K_2 + 3,O1O2O3U4O5U6U7U5O8O6U3O7U2U1O4U8,O1O2O3U1O4U5U6U7O8U4O7O6U2O5U3U8,O1O2O3U4U1O5U2O6O7U8O4U7U6U5O8U3,c,{'O1O2O3U4O5U3U2O6U1O7O4U8U6U7O8U5'},1,"<a href=""/flatknot/8.1101997"">8.1101997</a>",t^9-39t^7-18t^6+198t^5+130t^4-216t^3-160t^2,0,,
8.1101998,O1O2O3U4O5U3U2O6U1O7O4U8U7U6O8U5,3,14z^2+64z+73,-6w^4z^2+20w^3z^2-12w^3z+76w^2z+73w,False,False,"[[ 0 -1  0  0  0  2  1  0 -2],[ 1  0  0  0 -1  3  0 -1  0],[ 0  0  0  0 -1  1 -1 -1  0],[ 0  0  0  0  0  0 -1 -1  0],[ 0  1  1  0  0  0  0  0  0],[-2 -3 -1  0  0  0  1  1 -4],[-1  0  1  1  0 -1  0  0 -2],[ 0  1  1  1  0 -1  0  0  0],[ 2  0  0  0  0  4  2  0  0]]","[[ 0  2  1  0  0  0  0 -1 -2],[-2  0  1  1  0  0 -1 -3 -4],[-1 -1  0  0  1  0  1  0 -2],[ 0 -1  0  0  1  0  1  1  0],[ 0  0 -1 -1  0  0  0  0  0],[ 0  0  0  0  0  0  1  1  0],[ 0  1 -1 -1  0 -1  0  0  0],[ 1  3  0 -1  0 -1  0  0  0],[ 2  4  2  0  0  0  0  0  0]]",True,"[-2,-1,0,0,0,0,1,2,-1,-1,0,0,1,3,4,0,-1,0,-1,0,2,-1,0,-1,-1,0,0,0,0,0,-1,-1,0,0,0,0]","[-2,-1,0,0,0,0,1,2,-1,-1,0,0,1,3,4,0,-1,0,-1,0,2,-1,0,-1,-1,0,0,0,0,0,-1,-1,0,0,0,0]",t^8+39t^6+241t^4+99t^2,"[-2,-1,0,0,0,0,1,2,1,2,2,2,2,1,0,1,1,2,2,2,0,0,0,1,2,2,1,1,2,1,0,1,2,1,3,2]","[-2,-1,0,0,0,0,1,2,2,1,2,2,3,0,0,2,1,2,1,2,1,-1,0,-1,1,2,0,0,2,2,-1,1,2,2,2,1]","[-2,-1,0,0,0,0,1,2,0,0,0,0,0,2,4,-1,-1,0,0,0,3,0,0,1,0,0,1,1,0,-1,0,-1,0,-1,1,-1]",c,"[[{8, 5}, {2, 7}, {1, 6}, {3, 4}]]",0,- 4 K_1^2 + 2 K_2 + 3,O1O2O3U4O5U6U7U5O8O7U3O6U2U1O4U8,O1O2O3U1O4U5U6U7O8U4O7O6U3O5U2U8,O1O2O3U4U2O5U1O6O7U8O4U7U6U5O8U3,c,{'O1O2O3U4O5U3U2O6U1O7O4U8U7U6O8U5'},1,"<a href=""/flatknot/8.1101998"">8.1101998</a>",t^9-39t^7-22t^6+225t^5+78t^4-379t^3-32t^2+96t,0,,
8.1101999,O1O2O3U4O5U3U2O6U5O7O4U1U8U6O8U7,4,2z^3+36z^2+115z+103,2w^4z^3+36w^3z^2+115w^2z+103w,False,False,"[[ 0 -2  0  0  0  1  1  1 -1],[ 2  0  0  0  0  2  1  1  1],[ 0  0  0  0 -2  2  0 -1  0],[ 0  0  0  0 -1  1  0 -1  0],[ 0  0  2  1  0  1  0  0  0],[-1 -2 -2 -1 -1  0  1  1 -2],[-1 -1  0  0  0 -1  0  0 -1],[-1 -1  1  1  0 -1  0  0 -1],[ 1 -1  0  0  0  2  1  1  0]]","[[ 0  1  1  0  0  0 -2],[-1  0  1 -1 -1 -2 -2],[-1 -1  0  1  0  1 -1],[ 0  1 -1  0 -1  0  0],[ 0  1  0  1  0  2  0],[ 0  2 -1  0 -2  0  0],[ 2  2  1  0  0  0  0]]",False,"[-1,-1,0,0,0,2,-1,1,1,2,2,-1,0,-1,1,1,0,0,-2,0,0]","[-2,0,0,0,1,1,0,0,0,1,2,-2,0,-1,2,1,0,1,-1,1,-1]",t^6+19t^4+66t^2+4,"[-2,0,0,0,1,1,2,2,2,1,2,-2,-1,0,1,0,-1,2,0,2,-1]","[-1,-1,0,0,0,2,-1,1,2,2,2,0,-1,0,1,2,1,2,0,2,2]","[-2,0,0,0,1,1,0,0,0,1,2,-2,0,-1,2,1,0,1,-1,1,-1]",c,"[[{8, 6}, {2, 7}, {4, 5}, {1, 3}], [{8, 6}, {3, 7}, {4, 5}, {1, 2}]]",1,4 K_1^3 - 2 K_1^2 - 4 K_1 K_2 - K_1 + K_2 + K_3 + 2,O1O2O3U4O5U6U5U3O7O4U8O6U2U1O8U7,O1O2O3U2O4U1U5U6O7U8O6O5U3O8U4U7,O1O2O3U4U5O6U1O7O8U6O4U8U7U3O5U2,c,{'O1O2O3U4O5U3U2O6U5O7O4U1U8U6O8U7'},1,"<a href=""/flatknot/8.1101999"">8.1101999</a>",t^7-21t^5-18t^4+73t^3+70t^2-10t-8,t^2-2t,,
8.1102000,O1O2O3U4O5U3U2O6U5O7O4U1U8U7O8U6,4,2z^3+30z^2+93z+83,2w^4z^3+30w^3z^2+93w^2z+83w,False,False,"[[ 0 -2  0  0  0  1  1  1 -1],[ 2  0  0  0  0  2  2  0  1],[ 0  0  0  0 -2  2  0 -1  0],[ 0  0  0  0 -1  1  0 -1  0],[ 0  0  2  1  0  1 -1  1  0],[-1 -2 -2 -1 -1  0  1  0 -1],[-1 -2  0  0  1 -1  0  1 -2],[-1  0  1  1 -1  0 -1  0 -1],[ 1 -1  0  0  0  1  2  1  0]]","[[ 0  1  1  1  0  0  0 -1 -2],[-1  0  1  0 -1 -1 -2 -1 -2],[-1 -1  0  1  1  0  0 -2 -2],[-1  0 -1  0 -1  1  1 -1  0],[ 0  1 -1  1  0  1  2  0  0],[ 0  1  0 -1 -1  0  0  0  0],[ 0  2  0 -1 -2  0  0  0  0],[ 1  1  2  1  0  0  0  0 -1],[ 2  2  2  0  0  0  0  1  0]]",True,"[-1,-1,-1,0,0,0,1,2,-1,0,1,1,2,1,2,-1,-1,0,0,2,2,1,-1,-1,1,0,-1,-2,0,0,0,0,0,0,0,1]","[-2,-1,0,0,0,1,1,1,0,2,2,2,1,1,3,1,1,1,0,1,1,-2,-1,2,0,0,0,1,-1,2,1,0,2,1,-1,0]",t^8+32t^6+239t^4+147t^2+4,"[-2,-1,0,0,0,1,1,1,0,2,2,2,1,1,3,1,1,1,0,1,1,-2,-1,2,0,0,0,1,-1,2,1,0,2,1,-1,0]","[-1,-1,-1,0,0,0,1,2,-1,0,0,2,2,1,3,-1,2,1,1,0,1,0,-1,0,1,1,2,1,1,2,0,1,2,1,2,0]","[-2,-1,0,0,0,1,1,1,1,0,0,0,0,2,2,0,0,0,1,1,2,-2,0,-1,2,0,1,1,1,-1,-1,1,0,0,-1,1]",c,"[[{8, 2}, {3, 7}, {1, 6}, {4, 5}], [{8, 3}, {2, 7}, {1, 6}, {4, 5}]]",1,4 K_1^3 - 6 K_1^2 - 4 K_1 K_2 - K_1 + 3 K_2 + K_3 + 4,O1O2O3U4O5U6U5U3O7O6U8O4U2U1O8U7,O1O2O3U2O4U1U5U6O7U8O6O5U4O8U3U7,O1O2O3U4U1O5U6O7O8U5O4U8U7U3O6U2,c,{'O1O2O3U4O5U3U2O6U5O7O4U1U8U7O8U6'},1,"<a href=""/flatknot/8.1102000"">8.1102000</a>",t^9-34t^7-48t^6+224t^5+458t^4+5t^3-308t^2-72t+6,t^2-2t,,
