name,gcode,vgenus,jk_poly_normed,en_poly_normed,is_cc,is_ac,bsMtxNoSrt,primMatrix,isPrim,phi,phi_sym,inPoly,inv_phi,bar_phi,invbar_phi,matrix_sym_type,fillings,alg_genus,arrowpoly,reverse,mirror_img,rev_mir_img,diag_sym_type,r3_orbit,r3_orbit_length,namelink,outPoly,uPoly,cable_arr_poly,slice
8.857501,O1O2O3O4U5U6O5U1U3O6U7O8O7U4U2U8,4,14z^2+95z+135,14w^3z^2+95w^2z+135w,False,False,"[[ 0 -2  0  1  1 -1 -1  1  1],[ 2  0  2  1  1  2  2  2  2],[ 0 -2  0  0  1 -1  0  0  1],[-1 -1  0  0  0 -1  0 -1  1],[-1 -1 -1  0  0 -2  0 -1  0],[ 1 -2  1  1  2  0 -1  2  1],[ 1 -2  0  0  0  1  0  2  1],[-1 -2  0  1  1 -2 -2  0  1],[-1 -2 -1 -1  0 -1 -1 -1  0]]","[[ 0  1  1  1  1  0 -1 -1 -2],[-1  0  1  1  1  0 -2 -2 -2],[-1 -1  0  1  0  0  0 -1 -1],[-1 -1 -1  0  0 -1 -1 -1 -2],[-1 -1  0  0  0 -1  0 -2 -1],[ 0  0  0  1  1  0  0 -1 -2],[ 1  2  0  1  0  0  0  1 -2],[ 1  2  1  1  2  1 -1  0 -2],[ 2  2  1  2  1  2  2  2  0]]",True,"[-1,-1,-1,-1,0,1,1,2,-1,-1,-1,0,2,2,2,-1,0,0,0,1,1,0,1,1,1,2,1,0,2,1,0,1,2,-1,2,2]","[-2,-1,-1,0,1,1,1,1,-1,-1,0,1,1,2,2,-1,1,0,1,2,2,0,0,1,0,1,1,0,0,1,-1,-1,-1,0,1,0]",t^8+45t^6+261t^4+220t^2+1,"[-2,-1,-1,0,1,1,1,1,-1,-1,0,1,1,2,2,-1,1,0,1,2,2,0,0,1,0,1,1,0,0,1,-1,-1,-1,0,1,0]","[-1,-1,-1,-1,0,1,1,2,-1,-1,0,0,1,1,1,-1,0,1,1,2,2,1,1,0,0,1,0,0,2,2,0,1,0,-1,-1,-1]","[-2,-1,-1,0,1,1,1,1,2,2,2,1,1,2,2,-1,1,1,2,1,2,0,0,0,1,2,0,1,1,0,0,1,-1,0,-1,-1]",c,"[[{8, 1}, {2, 7}, {3, 6}, {4, 5}], [{8, 1}, {2, 7}, {4, 6}, {3, 5}], [{8, 1}, {2, 7}, {5, 6}, {3, 4}], [{8, 1}, {2, 7}, {6}, {5}, {3, 4}], [{8, 1}, {3, 7}, {2, 6}, {4, 5}], [{8, 1}, {3, 7}, {4, 6}, {2, 5}], [{8, 1}, {3, 7}, {5, 6}, {2, 4}], [{8, 1}, {3, 7}, {6}, {4, 5}, {2}], [{8, 1}, {4, 7}, {2, 6}, {3, 5}], [{8, 1}, {4, 7}, {3, 6}, {2, 5}], [{8, 1}, {4, 7}, {5, 6}, {2, 3}], [{8, 1}, {4, 7}, {5, 6}, {3}, {2}], [{8, 1}, {4, 7}, {6}, {5}, {2, 3}], [{8, 1}, {5, 7}, {2, 6}, {3, 4}], [{8, 1}, {5, 7}, {3, 6}, {2, 4}], [{8, 1}, {5, 7}, {4, 6}, {2, 3}], [{8, 1}, {6, 7}, {2, 5}, {3, 4}], [{8, 1}, {6, 7}, {3, 5}, {2, 4}], [{8, 1}, {6, 7}, {4, 5}, {2, 3}], [{8, 1}, {6, 7}, {4, 5}, {3}, {2}], [{8, 1}, {7}, {2, 6}, {3, 5}, {4}], [{8, 1}, {7}, {3, 6}, {4, 5}, {2}], [{8, 1}, {7}, {4, 6}, {3, 5}, {2}], [{8, 1}, {7}, {5, 6}, {4}, {2, 3}], [{8, 1}, {7}, {6}, {3, 5}, {2, 4}], [{8, 2}, {1, 7}, {3, 6}, {4, 5}], [{8, 2}, {1, 7}, {4, 6}, {3, 5}], [{8, 2}, {1, 7}, {4, 6}, {5}, {3}], [{8, 2}, {1, 7}, {5, 6}, {3, 4}], [{8, 2}, {1, 7}, {6}, {3, 5}, {4}], [{8, 2}, {3, 7}, {1, 6}, {4, 5}], [{8, 2}, {3, 7}, {4, 6}, {1, 5}], [{8, 2}, {3, 7}, {5, 6}, {1, 4}], [{8, 2}, {4, 7}, {1, 6}, {3, 5}], [{8, 2}, {4, 7}, {3, 6}, {1, 5}], [{8, 2}, {4, 7}, {5, 6}, {1, 3}], [{8, 2}, {4, 7}, {6}, {5}, {1, 3}], [{8, 2}, {5, 7}, {1, 6}, {3, 4}], [{8, 2}, {5, 7}, {3, 6}, {1, 4}], [{8, 2}, {5, 7}, {4, 6}, {1, 3}], [{8, 2}, {5, 7}, {6}, {4}, {1, 3}], [{8, 2}, {6, 7}, {1, 5}, {3, 4}], [{8, 2}, {6, 7}, {3, 5}, {1, 4}], [{8, 2}, {6, 7}, {4, 5}, {1, 3}], [{8, 2}, {7}, {6}, {4, 5}, {1, 3}], [{8, 3}, {1, 7}, {2, 6}, {4, 5}], [{8, 3}, {1, 7}, {4, 6}, {2, 5}], [{8, 3}, {1, 7}, {5, 6}, {2, 4}], [{8, 3}, {2, 7}, {1, 6}, {4, 5}], [{8, 3}, {2, 7}, {4, 6}, {1, 5}], [{8, 3}, {2, 7}, {5, 6}, {1, 4}], [{8, 3}, {2, 7}, {6}, {4, 5}, {1}], [{8, 3}, {4, 7}, {1, 6}, {2, 5}], [{8, 3}, {4, 7}, {2, 6}, {1, 5}], [{8, 3}, {4, 7}, {5, 6}, {1, 2}], [{8, 3}, {5, 7}, {1, 6}, {2, 4}], [{8, 3}, {5, 7}, {2, 6}, {1, 4}], [{8, 3}, {5, 7}, {4, 6}, {1, 2}], [{8, 3}, {6, 7}, {1, 5}, {2, 4}], [{8, 3}, {6, 7}, {2, 5}, {1, 4}], [{8, 3}, {6, 7}, {4, 5}, {1, 2}], [{8, 3}, {6, 7}, {4, 5}, {2}, {1}], [{8, 3}, {7}, {2, 6}, {1, 5}, {4}], [{8, 3}, {7}, {2, 6}, {4, 5}, {1}], [{8, 3}, {7}, {2, 6}, {5}, {1, 4}], [{8, 3}, {7}, {4, 6}, {2, 5}, {1}], [{8, 4}, {1, 7}, {2, 6}, {3, 5}], [{8, 4}, {1, 7}, {3, 6}, {2, 5}], [{8, 4}, {1, 7}, {5, 6}, {2, 3}], [{8, 4}, {1, 7}, {5, 6}, {3}, {2}], [{8, 4}, {1, 7}, {6}, {5}, {2, 3}], [{8, 4}, {2, 7}, {1, 6}, {3, 5}], [{8, 4}, {2, 7}, {3, 6}, {1, 5}], [{8, 4}, {2, 7}, {5, 6}, {1, 3}], [{8, 4}, {3, 7}, {1, 6}, {2, 5}], [{8, 4}, {3, 7}, {2, 6}, {1, 5}], [{8, 4}, {3, 7}, {5, 6}, {1, 2}], [{8, 4}, {5, 7}, {1, 6}, {2, 3}], [{8, 4}, {5, 7}, {2, 6}, {1, 3}], [{8, 4}, {5, 7}, {3, 6}, {1, 2}], [{8, 4}, {6, 7}, {1, 5}, {2, 3}], [{8, 4}, {6, 7}, {2, 5}, {1, 3}], [{8, 4}, {6, 7}, {3, 5}, {1, 2}], [{8, 4}, {7}, {1, 6}, {3, 5}, {2}], [{8, 4}, {7}, {2, 6}, {3, 5}, {1}], [{8, 4}, {7}, {3, 6}, {1, 5}, {2}], [{8, 4}, {7}, {5, 6}, {2, 3}, {1}], [{8, 4}, {7}, {6}, {3, 5}, {1, 2}], [{8, 5}, {1, 7}, {2, 6}, {3, 4}], [{8, 5}, {1, 7}, {3, 6}, {2, 4}], [{8, 5}, {1, 7}, {4, 6}, {2, 3}], [{8, 5}, {2, 7}, {1, 6}, {3, 4}], [{8, 5}, {2, 7}, {3, 6}, {1, 4}], [{8, 5}, {2, 7}, {4, 6}, {1, 3}], [{8, 5}, {3, 7}, {1, 6}, {2, 4}], [{8, 5}, {3, 7}, {2, 6}, {1, 4}], [{8, 5}, {3, 7}, {4, 6}, {1, 2}], [{8, 5}, {4, 7}, {1, 6}, {2, 3}], [{8, 5}, {4, 7}, {1, 6}, {3}, {2}], [{8, 5}, {4, 7}, {2, 6}, {1, 3}], [{8, 5}, {4, 7}, {3, 6}, {1, 2}], [{8, 5}, {6, 7}, {1, 4}, {2, 3}], [{8, 5}, {6, 7}, {2, 4}, {1, 3}], [{8, 5}, {6, 7}, {3, 4}, {1, 2}], [{8, 5}, {7}, {2, 6}, {1, 4}, {3}], [{8, 5}, {7}, {4, 6}, {3}, {1, 2}], [{8, 6}, {1, 7}, {2, 5}, {3, 4}], [{8, 6}, {1, 7}, {3, 5}, {2, 4}], [{8, 6}, {1, 7}, {4, 5}, {2, 3}], [{8, 6}, {2, 7}, {1, 5}, {3, 4}], [{8, 6}, {2, 7}, {3, 5}, {1, 4}], [{8, 6}, {2, 7}, {4, 5}, {1, 3}], [{8, 6}, {2, 7}, {5}, {3, 4}, {1}], [{8, 6}, {3, 7}, {1, 5}, {2, 4}], [{8, 6}, {3, 7}, {2, 5}, {1, 4}], [{8, 6}, {3, 7}, {4, 5}, {1, 2}], [{8, 6}, {4, 7}, {1, 5}, {2, 3}], [{8, 6}, {4, 7}, {2, 5}, {1, 3}], [{8, 6}, {4, 7}, {3, 5}, {1, 2}], [{8, 6}, {5, 7}, {1, 4}, {2, 3}], [{8, 6}, {5, 7}, {2, 4}, {1, 3}], [{8, 6}, {5, 7}, {3, 4}, {1, 2}], [{8, 6}, {7}, {2, 5}, {1, 4}, {3}], [{8, 7}, {1, 6}, {2, 5}, {3, 4}], [{8, 7}, {1, 6}, {3, 5}, {2, 4}], [{8, 7}, {1, 6}, {4, 5}, {2, 3}], [{8, 7}, {2, 6}, {1, 5}, {3, 4}], [{8, 7}, {2, 6}, {3, 5}, {1, 4}], [{8, 7}, {2, 6}, {4, 5}, {1, 3}], [{8, 7}, {3, 6}, {1, 5}, {2, 4}], [{8, 7}, {3, 6}, {2, 5}, {1, 4}], [{8, 7}, {3, 6}, {4, 5}, {1, 2}], [{8, 7}, {3, 6}, {4, 5}, {2}, {1}], [{8, 7}, {4, 6}, {1, 5}, {2, 3}], [{8, 7}, {4, 6}, {2, 5}, {1, 3}], [{8, 7}, {4, 6}, {3, 5}, {1, 2}], [{8, 7}, {4, 6}, {3, 5}, {2}, {1}], [{8, 7}, {5, 6}, {1, 4}, {2, 3}], [{8, 7}, {5, 6}, {1, 4}, {3}, {2}], [{8, 7}, {5, 6}, {2, 4}, {1, 3}], [{8, 7}, {5, 6}, {3, 4}, {1, 2}], [{8, 7}, {5, 6}, {4}, {2, 3}, {1}], [{8, 7}, {6}, {5}, {1, 4}, {2, 3}], [{8}, {1, 7}, {3, 6}, {4, 5}, {2}], [{8}, {1, 7}, {4, 6}, {3, 5}, {2}], [{8}, {1, 7}, {5, 6}, {4}, {2, 3}], [{8}, {2, 7}, {1, 6}, {3, 5}, {4}], [{8}, {2, 7}, {1, 6}, {4, 5}, {3}], [{8}, {2, 7}, {1, 6}, {5}, {3, 4}], [{8}, {3, 7}, {4, 6}, {5}, {1, 2}], [{8}, {4, 7}, {3, 6}, {2, 5}, {1}], [{8}, {4, 7}, {5, 6}, {2, 3}, {1}], [{8}, {6, 7}, {2, 5}, {3, 4}, {1}], [{8}, {6, 7}, {4, 5}, {1, 3}, {2}], [{8}, {7}, {2, 6}, {3, 5}, {1, 4}], [{8}, {7}, {5, 6}, {1, 4}, {2, 3}], [{8}, {7}, {5, 6}, {4}, {2, 3}, {1}]]",2,8 K_1^3 + 4 K_1^2 K_2 - 20 K_1^2 - 16 K_1 K_2 - 6 K_1 K_3 + 2 K_1 - 2 K_2^2 + 11 K_2 + 6 K_3 + 3 K_4 + 11,O1O2O3O4U5U3U1O6O5U6O7U2U4O8U7U8,O1O2O3U4U2U5U1O6O7U6O4O5U7O8U3U8,O1O2O3U4U1O4U5O6O7U8O5O8U3U6U2U7,c,{'O1O2O3O4U5U6O5U1U3O6U7O8O7U4U2U8'},1,"<a href=""/flatknot/8.857501"">8.857501</a>",t^9-47t^7-158t^6-66t^5+258t^4+142t^3-38t^2+115t-80,t^2-2t,,
8.857502,O1O2O3O4U5U6O5U1U3O6U7O8O7U4U8U2,4,12z^2+89z+131,12w^3z^2+89w^2z+131w,False,False,"[[ 0 -2  1  1  1 -1 -1  1  0],[ 2  0  2  1  1  2  2  2  1],[-1 -2  0  0  0 -2 -1  0  0],[-1 -1  0  0  0 -1  0 -1  1],[-1 -1  0  0  0 -2  0 -1  0],[ 1 -2  2  1  2  0 -1  2  0],[ 1 -2  1  0  0  1  0  2  0],[-1 -2  0  1  1 -2 -2  0  0],[ 0 -1  0 -1  0  0  0  0  0]]","[[ 0  1  1  1  1  0 -1 -1 -2],[-1  0  1  1  0  0 -2 -2 -2],[-1 -1  0  0  0  1  0 -1 -1],[-1 -1  0  0  0  0  0 -2 -1],[-1  0  0  0  0  0 -1 -2 -2],[ 0  0 -1  0  0  0  0  0 -1],[ 1  2  0  0  1  0  0  1 -2],[ 1  2  1  2  2  0 -1  0 -2],[ 2  2  1  1  2  1  2  2  0]]",True,"[-1,-1,-1,-1,0,1,1,2,-1,-1,0,0,2,2,2,0,0,-1,0,1,1,0,0,0,2,1,0,1,2,2,0,0,1,-1,2,2]","[-2,-1,-1,0,1,1,1,1,-1,-1,1,1,1,2,2,-1,1,0,1,2,2,1,0,0,0,1,1,1,1,2,0,-1,-1,0,0,0]",t^8+41t^6+204t^4+152t^2+9,"[-2,-1,-1,0,1,1,1,1,-1,-1,1,1,1,2,2,-1,1,0,1,2,2,1,0,0,0,1,1,1,1,2,0,-1,-1,0,0,0]","[-1,-1,-1,-1,0,1,1,2,-1,0,0,1,0,2,2,0,1,1,0,0,1,0,1,0,1,1,2,1,2,2,1,1,1,-1,-1,-1]","[-2,-1,-1,0,1,1,1,1,2,2,1,1,1,2,2,-1,0,1,2,2,2,0,0,0,1,2,-1,0,0,0,0,0,-1,0,-1,0]",c,"[[{8, 1}, {2, 7}, {3, 6}, {4, 5}], [{8, 2}, {1, 7}, {3, 6}, {4, 5}], [{8, 7}, {3, 6}, {4, 5}, {1, 2}]]",1,8 K_1^3 + 8 K_1^2 K_2 - 26 K_1^2 - 16 K_1 K_2 - 8 K_1 K_3 + 2 K_1 + 13 K_2 + 6 K_3 + 2 K_4 + 12,O1O2O3O4U3U5U1O6O5U6O7U2U4O8U7U8,O1O2O3U4U3U5U1O6O7U6O4O5U7O8U2U8,O1O2O3U4U2O4U5O6O7U8O5O8U3U6U1U7,c,{'O1O2O3O4U5U6O5U1U3O6U7O8O7U4U8U2'},1,"<a href=""/flatknot/8.857502"">8.857502</a>",t^9-43t^7-124t^6+11t^5+242t^4+2t^3-82t^2-8t+4,t^2-2t,,
8.857503,O1O2O3O4U5U6O5U1U4O6U2O7O8U3U8U7,4,3z^3+37z^2+113z+103,3w^4z^3+37w^3z^2+113w^2z+103w,False,False,"[[ 0 -2  0  0  2 -1 -1  1  1],[ 2  0  1  2  1  2  2  1  1],[ 0 -1  0  1  1 -1  0  1  1],[ 0 -2 -1  0  1 -1  0  2  1],[-2 -1 -1 -1  0 -2 -1  0  0],[ 1 -2  1  1  2  0 -1  1  1],[ 1 -2  0  0  1  1  0  1  1],[-1 -1 -1 -2  0 -1 -1  0  0],[-1 -1 -1 -1  0 -1 -1  0  0]]","[[ 0  2  1  1  0  0 -1 -1 -2],[-2  0  0  0 -1 -1 -1 -2 -1],[-1  0  0  0 -1 -1 -1 -1 -1],[-1  0  0  0 -1 -2 -1 -1 -1],[ 0  1  1  1  0  1  0 -1 -1],[ 0  1  1  2 -1  0  0 -1 -2],[ 1  1  1  1  0  0  0  1 -2],[ 1  2  1  1  1  1 -1  0 -2],[ 2  1  1  1  1  2  2  2  0]]",True,"[-2,-1,-1,0,0,1,1,2,0,0,1,1,1,2,1,0,1,1,1,1,1,1,2,1,1,1,-1,0,1,1,0,1,2,-1,2,2]","[-2,-1,-1,0,0,1,1,2,-1,-1,0,1,2,2,3,-1,1,1,1,1,2,0,0,1,1,1,1,-1,0,1,0,0,1,0,1,1]",t^8+38t^6+142t^4+34t^2+1,"[-2,-1,-1,0,0,1,1,2,-1,-1,0,1,2,2,3,-1,1,1,1,1,2,0,0,1,1,1,1,-1,0,1,0,0,1,0,1,1]","[-2,-1,-1,0,0,1,1,2,1,1,1,1,1,2,3,0,-1,0,1,1,2,0,0,1,1,2,-1,0,1,0,0,1,1,-1,-1,-1]","[-2,-1,-1,0,0,1,1,2,2,2,1,2,1,1,1,-1,1,1,1,1,2,0,0,1,1,1,1,1,1,1,1,2,1,0,0,0]",c,"[[{8, 1}, {2, 7}, {3, 6}, {4, 5}], [{8, 1}, {2, 7}, {4, 6}, {3, 5}], [{8, 1}, {2, 7}, {4, 6}, {5}, {3}], [{8, 1}, {2, 7}, {5, 6}, {3, 4}], [{8, 1}, {3, 7}, {2, 6}, {4, 5}], [{8, 1}, {3, 7}, {4, 6}, {2, 5}], [{8, 1}, {3, 7}, {5, 6}, {2, 4}], [{8, 1}, {4, 7}, {2, 6}, {3, 5}], [{8, 1}, {4, 7}, {2, 6}, {5}, {3}], [{8, 1}, {4, 7}, {3, 6}, {2, 5}], [{8, 1}, {4, 7}, {5, 6}, {2, 3}], [{8, 1}, {4, 7}, {6}, {3, 5}, {2}], [{8, 1}, {5, 7}, {2, 6}, {3, 4}], [{8, 1}, {5, 7}, {3, 6}, {2, 4}], [{8, 1}, {5, 7}, {4, 6}, {2, 3}], [{8, 1}, {5, 7}, {6}, {2, 4}, {3}], [{8, 1}, {5, 7}, {6}, {3, 4}, {2}], [{8, 1}, {5, 7}, {6}, {4}, {2, 3}], [{8, 1}, {6, 7}, {2, 5}, {3, 4}], [{8, 1}, {6, 7}, {3, 5}, {2, 4}], [{8, 1}, {6, 7}, {4, 5}, {2, 3}], [{8, 1}, {6, 7}, {4, 5}, {3}, {2}], [{8, 1}, {7}, {2, 6}, {3, 5}, {4}], [{8, 1}, {7}, {3, 6}, {2, 5}, {4}], [{8, 2}, {1, 7}, {3, 6}, {4, 5}], [{8, 2}, {1, 7}, {4, 6}, {3, 5}], [{8, 2}, {1, 7}, {5, 6}, {3, 4}], [{8, 2}, {1, 7}, {6}, {3, 5}, {4}], [{8, 2}, {1, 7}, {6}, {4, 5}, {3}], [{8, 2}, {1, 7}, {6}, {5}, {3, 4}], [{8, 2}, {3, 7}, {1, 6}, {4, 5}], [{8, 2}, {3, 7}, {4, 6}, {1, 5}], [{8, 2}, {3, 7}, {5, 6}, {1, 4}], [{8, 2}, {4, 7}, {1, 6}, {3, 5}], [{8, 2}, {4, 7}, {3, 6}, {1, 5}], [{8, 2}, {4, 7}, {5, 6}, {1, 3}], [{8, 2}, {5, 7}, {1, 6}, {3, 4}], [{8, 2}, {5, 7}, {3, 6}, {1, 4}], [{8, 2}, {5, 7}, {4, 6}, {1, 3}], [{8, 2}, {5, 7}, {6}, {4}, {1, 3}], [{8, 2}, {6, 7}, {1, 5}, {3, 4}], [{8, 2}, {6, 7}, {3, 5}, {1, 4}], [{8, 2}, {6, 7}, {3, 5}, {4}, {1}], [{8, 2}, {6, 7}, {4, 5}, {1, 3}], [{8, 2}, {6, 7}, {4, 5}, {3}, {1}], [{8, 2}, {6, 7}, {5}, {3, 4}, {1}], [{8, 2}, {7}, {1, 6}, {3, 5}, {4}], [{8, 2}, {7}, {1, 6}, {4, 5}, {3}], [{8, 2}, {7}, {1, 6}, {5}, {3, 4}], [{8, 3}, {1, 7}, {2, 6}, {4, 5}], [{8, 3}, {1, 7}, {4, 6}, {2, 5}], [{8, 3}, {1, 7}, {5, 6}, {2, 4}], [{8, 3}, {2, 7}, {1, 6}, {4, 5}], [{8, 3}, {2, 7}, {4, 6}, {1, 5}], [{8, 3}, {2, 7}, {5, 6}, {1, 4}], [{8, 3}, {2, 7}, {6}, {1, 5}, {4}], [{8, 3}, {2, 7}, {6}, {4, 5}, {1}], [{8, 3}, {2, 7}, {6}, {5}, {1, 4}], [{8, 3}, {4, 7}, {1, 6}, {2, 5}], [{8, 3}, {4, 7}, {2, 6}, {1, 5}], [{8, 3}, {4, 7}, {5, 6}, {1, 2}], [{8, 3}, {5, 7}, {1, 6}, {2, 4}], [{8, 3}, {5, 7}, {2, 6}, {1, 4}], [{8, 3}, {5, 7}, {4, 6}, {1, 2}], [{8, 3}, {5, 7}, {6}, {2, 4}, {1}], [{8, 3}, {6, 7}, {1, 5}, {2, 4}], [{8, 3}, {6, 7}, {2, 5}, {1, 4}], [{8, 3}, {6, 7}, {4, 5}, {1, 2}], [{8, 3}, {6, 7}, {5}, {1, 4}, {2}], [{8, 3}, {7}, {1, 6}, {4, 5}, {2}], [{8, 3}, {7}, {2, 6}, {5}, {1, 4}], [{8, 3}, {7}, {4, 6}, {1, 5}, {2}], [{8, 4}, {1, 7}, {2, 6}, {3, 5}], [{8, 4}, {1, 7}, {3, 6}, {2, 5}], [{8, 4}, {1, 7}, {5, 6}, {2, 3}], [{8, 4}, {2, 7}, {1, 6}, {3, 5}], [{8, 4}, {2, 7}, {3, 6}, {1, 5}], [{8, 4}, {2, 7}, {5, 6}, {1, 3}], [{8, 4}, {3, 7}, {1, 6}, {2, 5}], [{8, 4}, {3, 7}, {2, 6}, {1, 5}], [{8, 4}, {3, 7}, {2, 6}, {5}, {1}], [{8, 4}, {3, 7}, {5, 6}, {1, 2}], [{8, 4}, {3, 7}, {6}, {1, 5}, {2}], [{8, 4}, {5, 7}, {1, 6}, {2, 3}], [{8, 4}, {5, 7}, {2, 6}, {1, 3}], [{8, 4}, {5, 7}, {3, 6}, {1, 2}], [{8, 4}, {5, 7}, {6}, {1, 3}, {2}], [{8, 4}, {6, 7}, {1, 5}, {2, 3}], [{8, 4}, {6, 7}, {1, 5}, {3}, {2}], [{8, 4}, {6, 7}, {2, 5}, {1, 3}], [{8, 4}, {6, 7}, {3, 5}, {1, 2}], [{8, 4}, {7}, {3, 6}, {1, 5}, {2}], [{8, 5}, {1, 7}, {2, 6}, {3, 4}], [{8, 5}, {1, 7}, {3, 6}, {2, 4}], [{8, 5}, {1, 7}, {4, 6}, {2, 3}], [{8, 5}, {1, 7}, {6}, {2, 4}, {3}], [{8, 5}, {1, 7}, {6}, {3, 4}, {2}], [{8, 5}, {1, 7}, {6}, {4}, {2, 3}], [{8, 5}, {2, 7}, {1, 6}, {3, 4}], [{8, 5}, {2, 7}, {3, 6}, {1, 4}], [{8, 5}, {2, 7}, {3, 6}, {4}, {1}], [{8, 5}, {2, 7}, {4, 6}, {1, 3}], [{8, 5}, {2, 7}, {4, 6}, {3}, {1}], [{8, 5}, {2, 7}, {6}, {3, 4}, {1}], [{8, 5}, {3, 7}, {1, 6}, {2, 4}], [{8, 5}, {3, 7}, {2, 6}, {1, 4}], [{8, 5}, {3, 7}, {2, 6}, {4}, {1}], [{8, 5}, {3, 7}, {4, 6}, {1, 2}], [{8, 5}, {4, 7}, {1, 6}, {2, 3}], [{8, 5}, {4, 7}, {2, 6}, {1, 3}], [{8, 5}, {4, 7}, {2, 6}, {3}, {1}], [{8, 5}, {4, 7}, {3, 6}, {1, 2}], [{8, 5}, {6, 7}, {1, 4}, {2, 3}], [{8, 5}, {6, 7}, {1, 4}, {3}, {2}], [{8, 5}, {6, 7}, {2, 4}, {1, 3}], [{8, 5}, {6, 7}, {3, 4}, {1, 2}], [{8, 5}, {6, 7}, {3, 4}, {2}, {1}], [{8, 5}, {6, 7}, {4}, {1, 3}, {2}], [{8, 5}, {7}, {1, 6}, {3, 4}, {2}], [{8, 5}, {7}, {2, 6}, {3, 4}, {1}], [{8, 5}, {7}, {6}, {3, 4}, {1, 2}], [{8, 5}, {7}, {6}, {3, 4}, {2}, {1}], [{8, 6}, {1, 7}, {2, 5}, {3, 4}], [{8, 6}, {1, 7}, {3, 5}, {2, 4}], [{8, 6}, {1, 7}, {4, 5}, {2, 3}], [{8, 6}, {1, 7}, {5}, {3, 4}, {2}], [{8, 6}, {2, 7}, {1, 5}, {3, 4}], [{8, 6}, {2, 7}, {3, 5}, {1, 4}], [{8, 6}, {2, 7}, {4, 5}, {1, 3}], [{8, 6}, {3, 7}, {1, 5}, {2, 4}], [{8, 6}, {3, 7}, {2, 5}, {1, 4}], [{8, 6}, {3, 7}, {4, 5}, {1, 2}], [{8, 6}, {3, 7}, {5}, {1, 4}, {2}], [{8, 6}, {4, 7}, {1, 5}, {2, 3}], [{8, 6}, {4, 7}, {2, 5}, {1, 3}], [{8, 6}, {4, 7}, {3, 5}, {1, 2}], [{8, 6}, {5, 7}, {1, 4}, {2, 3}], [{8, 6}, {5, 7}, {1, 4}, {3}, {2}], [{8, 6}, {5, 7}, {2, 4}, {1, 3}], [{8, 6}, {5, 7}, {2, 4}, {3}, {1}], [{8, 6}, {5, 7}, {3, 4}, {1, 2}], [{8, 6}, {5, 7}, {4}, {3}, {1, 2}], [{8, 6}, {7}, {3, 5}, {1, 4}, {2}], [{8, 6}, {7}, {4, 5}, {1, 3}, {2}], [{8, 7}, {1, 6}, {2, 5}, {3, 4}], [{8, 7}, {1, 6}, {3, 5}, {2, 4}], [{8, 7}, {1, 6}, {4, 5}, {2, 3}], [{8, 7}, {2, 6}, {1, 5}, {3, 4}], [{8, 7}, {2, 6}, {3, 5}, {1, 4}], [{8, 7}, {2, 6}, {4, 5}, {1, 3}], [{8, 7}, {2, 6}, {5}, {4}, {1, 3}], [{8, 7}, {3, 6}, {1, 5}, {2, 4}], [{8, 7}, {3, 6}, {2, 5}, {1, 4}], [{8, 7}, {3, 6}, {4, 5}, {1, 2}], [{8, 7}, {3, 6}, {5}, {4}, {1, 2}], [{8, 7}, {4, 6}, {1, 5}, {2, 3}], [{8, 7}, {4, 6}, {2, 5}, {1, 3}], [{8, 7}, {4, 6}, {3, 5}, {1, 2}], [{8, 7}, {5, 6}, {1, 4}, {2, 3}], [{8, 7}, {5, 6}, {2, 4}, {1, 3}], [{8, 7}, {5, 6}, {3, 4}, {1, 2}], [{8, 7}, {6}, {1, 5}, {2, 4}, {3}], [{8, 7}, {6}, {1, 5}, {3, 4}, {2}], [{8, 7}, {6}, {1, 5}, {4}, {2, 3}], [{8, 7}, {6}, {3, 5}, {1, 4}, {2}], [{8}, {1, 7}, {2, 6}, {5}, {3, 4}], [{8}, {1, 7}, {5, 6}, {3, 4}, {2}], [{8}, {1, 7}, {6}, {2, 5}, {3, 4}], [{8}, {1, 7}, {6}, {5}, {3, 4}, {2}], [{8}, {2, 7}, {4, 6}, {1, 5}, {3}], [{8}, {3, 7}, {2, 6}, {4, 5}, {1}], [{8}, {3, 7}, {4, 6}, {2, 5}, {1}], [{8}, {3, 7}, {5, 6}, {4}, {1, 2}], [{8}, {4, 7}, {2, 6}, {1, 5}, {3}], [{8}, {4, 7}, {3, 6}, {2, 5}, {1}], [{8}, {5, 7}, {1, 6}, {2, 4}, {3}], [{8}, {5, 7}, {3, 6}, {2, 4}, {1}], [{8}, {5, 7}, {6}, {2, 4}, {1, 3}], [{8}, {5, 7}, {6}, {2, 4}, {3}, {1}], [{8}, {6, 7}, {2, 5}, {3, 4}, {1}], [{8}, {6, 7}, {3, 5}, {1, 4}, {2}], [{8}, {6, 7}, {4, 5}, {3}, {1, 2}], [{8}, {7}, {1, 6}, {2, 5}, {3, 4}], [{8}, {7}, {1, 6}, {4, 5}, {2, 3}], [{8}, {7}, {4, 6}, {3, 5}, {1, 2}]]",2,- 4 K_1 K_2 + 2 K_1 + 2 K_3 + 1,O1O2O3O4U5U6U2O6O5U3O7U1U4O8U7U8,O1O2O3U4U5U1U6O7O8U7O4O6U8O5U3U2,O1O2O3U2U1O4U5O6O7U8O5O8U6U3U4U7,c,{'O1O2O3O4U5U6O5U1U4O6U2O7O8U3U8U7'},1,"<a href=""/flatknot/8.857503"">8.857503</a>",t^9-38t^7-128t^6-98t^5+170t^4+285t^3+40t^2-66t+6,0,,
8.857504,O1O2O3O4U5U6O5U1U4O6U2O7O8U7U3U8,4,2z^3+23z^2+94z+113,2w^4z^3+23w^3z^2+94w^2z+113w,False,False,"[[ 0 -2  0  1  2 -1 -1 -1  2],[ 2  0  1  2  1  2  2  0  1],[ 0 -1  0  1  1 -1  0  0  1],[-1 -2 -1  0  1 -2 -1  0  2],[-2 -1 -1 -1  0 -2 -1  0  0],[ 1 -2  1  2  2  0 -1 -1  2],[ 1 -2  0  1  1  1  0 -1  2],[ 1  0  0  0  0  1  1  0  1],[-2 -1 -1 -2  0 -2 -2 -1  0]]","[[ 0  2  2  1  0 -1 -1 -1 -2],[-2  0  0 -1 -1  0 -1 -2 -1],[-2  0  0 -2 -1 -1 -2 -2 -1],[-1  1  2  0 -1  0 -1 -2 -2],[ 0  1  1  1  0  0  0 -1 -1],[ 1  0  1  0  0  0  1  1  0],[ 1  1  2  1  0 -1  0  1 -2],[ 1  2  2  2  1 -1 -1  0 -2],[ 2  1  1  2  1  0  2  2  0]]",True,"[-2,-2,-1,0,1,1,1,2,0,1,1,0,1,2,1,2,1,1,2,2,1,1,0,1,2,2,0,0,1,1,-1,-1,0,-1,2,2]","[-2,-2,-1,0,1,1,1,2,0,-1,1,1,1,2,3,0,1,1,2,3,3,0,0,1,2,1,0,1,1,1,-1,-1,-1,-1,-1,1]",t^8+46t^6+170t^4+58t^2+1,"[-2,-1,-1,-1,0,1,2,2,-1,-1,1,1,1,3,3,-1,1,1,1,1,2,1,0,0,1,1,1,2,2,3,0,1,1,-1,0,0]","[-2,-2,-1,0,1,1,1,2,0,-1,1,1,1,2,3,0,1,1,2,3,3,0,0,1,2,1,0,1,1,1,-1,-1,-1,-1,-1,1]","[-2,-1,-1,-1,0,1,2,2,0,2,2,1,2,1,1,1,1,0,0,0,1,-1,1,2,2,2,0,1,1,2,1,1,1,1,2,0]",c,"[[{8, 1}, {2, 7}, {4, 6}, {3, 5}], [{8, 1}, {4, 7}, {2, 6}, {3, 5}], [{8, 1}, {4, 7}, {2, 6}, {5}, {3}], [{8, 1}, {6, 7}, {3, 5}, {2, 4}], [{8, 2}, {3, 7}, {4, 6}, {1, 5}]]",1,8 K_1^3 + 8 K_1^2 K_2 - 20 K_1^2 - 12 K_1 K_2 - 10 K_1 K_3 - 2 K_2^2 + 11 K_2 + 4 K_3 + 4 K_4 + 10,O1O2O3O4U5U2U6O5O6U3O7U1U4O8U7U8,O1O2O3U4U5U2U6O7O8U7O4O6U8O5U1U3,O1O2O3U1U3O4U5O6O7U8O5O8U6U2U4U7,c,{'O1O2O3O4U5U6O5U1U4O6U2O7O8U7U3U8'},1,"<a href=""/flatknot/8.857504"">8.857504</a>",t^9-44t^7-172t^6-195t^5+142t^4+460t^3+242t^2-34t-10,-t^2+2t,,
8.857505,O1O2O3O4U5U6O5U1U4O6U2O7O8U7U8U3,4,6z^3+43z^2+102z+81,-2w^5z^3+8w^4z^3-6w^4z^2+49w^3z^2+102w^2z+81w,False,False,"[[ 0 -2  0  2  2 -1 -1 -1  1],[ 2  0  1  2  1  2  2  0  0],[ 0 -1  0  1  1 -1  0  0  0],[-2 -2 -1  0  1 -3 -2 -1  1],[-2 -1 -1 -1  0 -2 -1  0  0],[ 1 -2  1  3  2  0 -1 -1  1],[ 1 -2  0  2  1  1  0 -1  1],[ 1  0  0  1  0  1  1  0  1],[-1  0  0 -1  0 -1 -1 -1  0]]","[[ 0  2  2  1  0 -1 -1 -1 -2],[-2  0  1  1 -1 -1 -2 -3 -2],[-2 -1  0  0 -1  0 -1 -2 -1],[-1 -1  0  0  0 -1 -1 -1  0],[ 0  1  1  0  0  0  0 -1 -1],[ 1  1  0  1  0  0  1  1  0],[ 1  2  1  1  0 -1  0  1 -2],[ 1  3  2  1  1 -1 -1  0 -2],[ 2  2  1  0  1  0  2  2  0]]",True,"[-2,-2,-1,0,1,1,1,2,-1,-1,1,1,2,3,2,0,1,0,1,2,1,0,1,1,1,0,0,0,1,1,-1,-1,0,-1,2,2]","[-2,-2,-1,0,1,1,1,2,-1,-1,1,1,2,3,2,0,1,0,1,2,1,0,1,1,1,0,0,0,1,1,-1,-1,0,-1,2,2]",t^8+44t^6+135t^4+79t^2+1,"[-2,-1,-1,-1,0,1,2,2,-1,-1,1,1,3,2,3,-1,1,1,1,1,2,1,0,1,0,1,1,1,2,3,1,1,1,2,1,-1]","[-2,-2,-1,0,1,1,1,2,-1,1,1,1,2,3,3,2,1,0,1,2,2,1,1,1,1,3,0,1,1,1,-1,-1,-1,-1,-1,1]","[-2,-1,-1,-1,0,1,2,2,0,2,2,1,0,1,2,1,1,0,1,0,1,-1,1,1,2,3,0,1,1,2,0,1,1,0,-1,-1]",c,"[[{8, 1}, {2, 7}, {4, 6}, {3, 5}], [{8, 7}, {4, 6}, {3, 5}, {1, 2}]]",1,- 16 K_1^4 + 20 K_1^3 + 16 K_1^2 K_2 - 6 K_1^2 - 16 K_1 K_2 - 7 K_1 - 4 K_2^2 + 3 K_2 + 3 K_3 + 8,O1O2O3O4U2U5U6O5O6U3O7U1U4O8U7U8,O1O2O3U4U5U3U6O7O8U7O4O6U8O5U1U2,O1O2O3U2U3O4U5O6O7U8O5O8U6U1U4U7,c,{'O1O2O3O4U5U6O5U1U4O6U2O7O8U7U8U3'},1,"<a href=""/flatknot/8.857505"">8.857505</a>",t^9-42t^7-158t^6-168t^5+126t^4+465t^3+428t^2+110t-30,-t^2+2t,,
8.857506,O1O2O3O4U5U6O5U1U4O6U3O7O8U2U7U8,4,z^3+21z^2+71z+67,w^4z^3-12w^4z^2+33w^3z^2-20w^3z+91w^2z+67w,False,False,"[[ 0 -2 -1  1  2 -1 -1  0  2],[ 2  0  2  1  1  2  2  1  1],[ 1 -2  0  0  1  0  1  1  2],[-1 -1  0  0  1 -2 -1  0  0],[-2 -1 -1 -1  0 -2 -1  0  0],[ 1 -2  0  2  2  0 -1  0  2],[ 1 -2 -1  1  1  1  0  0  2],[ 0 -1 -1  0  0  0  0  0  1],[-2 -1 -2  0  0 -2 -2 -1  0]]","[[ 0  2  2  1  0 -1 -1 -1 -2],[-2  0  0  0 -1 -2 -2 -2 -1],[-2  0  0 -1  0 -1 -1 -2 -1],[-1  0  1  0  0  0 -1 -2 -1],[ 0  1  0  0  0 -1  0  0 -1],[ 1  2  1  0  1  0  1  0 -2],[ 1  2  1  1  0 -1  0  1 -2],[ 1  2  2  2  0  0 -1  0 -2],[ 2  1  1  1  1  2  2  2  0]]",True,"[-2,-2,-1,0,1,1,1,2,0,0,1,2,2,2,1,1,0,1,1,2,1,0,0,1,2,1,1,0,0,1,-1,0,2,-1,2,2]","[-2,-2,-1,0,1,1,1,2,0,0,1,2,2,2,1,1,0,1,1,2,1,0,0,1,2,1,1,0,0,1,-1,0,2,-1,2,2]",t^8+44t^6+216t^4+19t^2,"[-2,-1,-1,-1,0,1,2,2,-1,-1,-1,1,2,3,3,-1,0,0,2,1,2,-1,1,1,1,2,1,0,1,1,1,1,2,1,0,0]","[-2,-2,-1,0,1,1,1,2,0,0,2,1,2,2,3,1,1,1,1,1,3,1,0,1,2,2,1,1,0,1,-1,0,-1,-1,-1,-1]","[-2,-1,-1,-1,0,1,2,2,2,2,2,1,1,1,1,-1,0,0,2,2,2,-1,0,1,1,2,1,0,1,2,0,0,1,1,0,0]",c,"[[{8, 1}, {2, 7}, {3, 6}, {4, 5}], [{8, 1}, {2, 7}, {4, 6}, {3, 5}], [{8, 1}, {2, 7}, {5, 6}, {3, 4}], [{8, 1}, {2, 7}, {6}, {4, 5}, {3}], [{8, 1}, {3, 7}, {2, 6}, {4, 5}], [{8, 1}, {3, 7}, {4, 6}, {2, 5}], [{8, 1}, {3, 7}, {5, 6}, {2, 4}], [{8, 1}, {3, 7}, {6}, {2, 5}, {4}], [{8, 1}, {4, 7}, {2, 6}, {3, 5}], [{8, 1}, {4, 7}, {3, 6}, {2, 5}], [{8, 1}, {4, 7}, {3, 6}, {5}, {2}], [{8, 1}, {4, 7}, {5, 6}, {2, 3}], [{8, 1}, {5, 7}, {2, 6}, {3, 4}], [{8, 1}, {5, 7}, {3, 6}, {2, 4}], [{8, 1}, {5, 7}, {4, 6}, {2, 3}], [{8, 1}, {5, 7}, {6}, {2, 4}, {3}], [{8, 1}, {6, 7}, {2, 5}, {3, 4}], [{8, 1}, {6, 7}, {3, 5}, {2, 4}], [{8, 1}, {6, 7}, {4, 5}, {2, 3}], [{8, 1}, {6, 7}, {4, 5}, {3}, {2}], [{8, 1}, {7}, {2, 6}, {4, 5}, {3}], [{8, 1}, {7}, {4, 6}, {2, 5}, {3}], [{8, 2}, {1, 7}, {3, 6}, {4, 5}], [{8, 2}, {1, 7}, {4, 6}, {3, 5}], [{8, 2}, {1, 7}, {5, 6}, {3, 4}], [{8, 2}, {1, 7}, {6}, {4, 5}, {3}], [{8, 2}, {3, 7}, {1, 6}, {4, 5}], [{8, 2}, {3, 7}, {4, 6}, {1, 5}], [{8, 2}, {3, 7}, {5, 6}, {1, 4}], [{8, 2}, {3, 7}, {6}, {1, 5}, {4}], [{8, 2}, {3, 7}, {6}, {4, 5}, {1}], [{8, 2}, {3, 7}, {6}, {5}, {1, 4}], [{8, 2}, {4, 7}, {1, 6}, {3, 5}], [{8, 2}, {4, 7}, {3, 6}, {1, 5}], [{8, 2}, {4, 7}, {5, 6}, {1, 3}], [{8, 2}, {4, 7}, {6}, {1, 5}, {3}], [{8, 2}, {5, 7}, {1, 6}, {3, 4}], [{8, 2}, {5, 7}, {3, 6}, {1, 4}], [{8, 2}, {5, 7}, {4, 6}, {1, 3}], [{8, 2}, {5, 7}, {6}, {1, 4}, {3}], [{8, 2}, {6, 7}, {1, 5}, {3, 4}], [{8, 2}, {6, 7}, {1, 5}, {4}, {3}], [{8, 2}, {6, 7}, {3, 5}, {1, 4}], [{8, 2}, {6, 7}, {4, 5}, {1, 3}], [{8, 2}, {6, 7}, {4, 5}, {3}, {1}], [{8, 2}, {6, 7}, {5}, {1, 4}, {3}], [{8, 2}, {7}, {1, 6}, {4, 5}, {3}], [{8, 2}, {7}, {3, 6}, {1, 5}, {4}], [{8, 2}, {7}, {3, 6}, {4, 5}, {1}], [{8, 2}, {7}, {3, 6}, {5}, {1, 4}], [{8, 2}, {7}, {4, 6}, {1, 5}, {3}], [{8, 2}, {7}, {5, 6}, {1, 4}, {3}], [{8, 2}, {7}, {6}, {1, 5}, {3, 4}], [{8, 2}, {7}, {6}, {1, 5}, {4}, {3}], [{8, 2}, {7}, {6}, {3, 5}, {1, 4}], [{8, 2}, {7}, {6}, {4, 5}, {1, 3}], [{8, 2}, {7}, {6}, {4, 5}, {3}, {1}], [{8, 2}, {7}, {6}, {5}, {1, 4}, {3}], [{8, 3}, {1, 7}, {2, 6}, {4, 5}], [{8, 3}, {1, 7}, {4, 6}, {2, 5}], [{8, 3}, {1, 7}, {5, 6}, {2, 4}], [{8, 3}, {2, 7}, {1, 6}, {4, 5}], [{8, 3}, {2, 7}, {4, 6}, {1, 5}], [{8, 3}, {2, 7}, {5, 6}, {1, 4}], [{8, 3}, {4, 7}, {1, 6}, {2, 5}], [{8, 3}, {4, 7}, {2, 6}, {1, 5}], [{8, 3}, {4, 7}, {5, 6}, {1, 2}], [{8, 3}, {5, 7}, {1, 6}, {2, 4}], [{8, 3}, {5, 7}, {2, 6}, {1, 4}], [{8, 3}, {5, 7}, {4, 6}, {1, 2}], [{8, 3}, {6, 7}, {1, 5}, {2, 4}], [{8, 3}, {6, 7}, {2, 5}, {1, 4}], [{8, 3}, {6, 7}, {4, 5}, {1, 2}], [{8, 3}, {7}, {1, 6}, {4, 5}, {2}], [{8, 3}, {7}, {4, 6}, {2, 5}, {1}], [{8, 4}, {1, 7}, {2, 6}, {3, 5}], [{8, 4}, {1, 7}, {3, 6}, {2, 5}], [{8, 4}, {1, 7}, {5, 6}, {2, 3}], [{8, 4}, {2, 7}, {1, 6}, {3, 5}], [{8, 4}, {2, 7}, {3, 6}, {1, 5}], [{8, 4}, {2, 7}, {3, 6}, {5}, {1}], [{8, 4}, {2, 7}, {5, 6}, {1, 3}], [{8, 4}, {3, 7}, {1, 6}, {2, 5}], [{8, 4}, {3, 7}, {2, 6}, {1, 5}], [{8, 4}, {3, 7}, {5, 6}, {1, 2}], [{8, 4}, {5, 7}, {1, 6}, {2, 3}], [{8, 4}, {5, 7}, {2, 6}, {1, 3}], [{8, 4}, {5, 7}, {3, 6}, {1, 2}], [{8, 4}, {6, 7}, {1, 5}, {2, 3}], [{8, 4}, {6, 7}, {2, 5}, {1, 3}], [{8, 4}, {6, 7}, {2, 5}, {3}, {1}], [{8, 4}, {6, 7}, {3, 5}, {1, 2}], [{8, 5}, {1, 7}, {2, 6}, {3, 4}], [{8, 5}, {1, 7}, {3, 6}, {2, 4}], [{8, 5}, {1, 7}, {4, 6}, {2, 3}], [{8, 5}, {2, 7}, {1, 6}, {3, 4}], [{8, 5}, {2, 7}, {3, 6}, {1, 4}], [{8, 5}, {2, 7}, {4, 6}, {1, 3}], [{8, 5}, {3, 7}, {1, 6}, {2, 4}], [{8, 5}, {3, 7}, {2, 6}, {1, 4}], [{8, 5}, {3, 7}, {4, 6}, {1, 2}], [{8, 5}, {4, 7}, {1, 6}, {2, 3}], [{8, 5}, {4, 7}, {2, 6}, {1, 3}], [{8, 5}, {4, 7}, {3, 6}, {1, 2}], [{8, 5}, {6, 7}, {1, 4}, {2, 3}], [{8, 5}, {6, 7}, {2, 4}, {1, 3}], [{8, 5}, {6, 7}, {3, 4}, {1, 2}], [{8, 5}, {7}, {3, 6}, {1, 4}, {2}], [{8, 5}, {7}, {6}, {3, 4}, {1, 2}], [{8, 6}, {1, 7}, {2, 5}, {3, 4}], [{8, 6}, {1, 7}, {3, 5}, {2, 4}], [{8, 6}, {1, 7}, {4, 5}, {2, 3}], [{8, 6}, {1, 7}, {4, 5}, {3}, {2}], [{8, 6}, {2, 7}, {1, 5}, {3, 4}], [{8, 6}, {2, 7}, {3, 5}, {1, 4}], [{8, 6}, {2, 7}, {4, 5}, {1, 3}], [{8, 6}, {2, 7}, {4, 5}, {3}, {1}], [{8, 6}, {3, 7}, {1, 5}, {2, 4}], [{8, 6}, {3, 7}, {2, 5}, {1, 4}], [{8, 6}, {3, 7}, {2, 5}, {4}, {1}], [{8, 6}, {3, 7}, {4, 5}, {1, 2}], [{8, 6}, {4, 7}, {1, 5}, {2, 3}], [{8, 6}, {4, 7}, {2, 5}, {1, 3}], [{8, 6}, {4, 7}, {3, 5}, {1, 2}], [{8, 6}, {5, 7}, {1, 4}, {2, 3}], [{8, 6}, {5, 7}, {2, 4}, {1, 3}], [{8, 6}, {5, 7}, {3, 4}, {1, 2}], [{8, 6}, {7}, {3, 5}, {1, 4}, {2}], [{8, 6}, {7}, {4, 5}, {3}, {1, 2}], [{8, 7}, {1, 6}, {2, 5}, {3, 4}], [{8, 7}, {1, 6}, {3, 5}, {2, 4}], [{8, 7}, {1, 6}, {4, 5}, {2, 3}], [{8, 7}, {1, 6}, {4, 5}, {3}, {2}], [{8, 7}, {2, 6}, {1, 5}, {3, 4}], [{8, 7}, {2, 6}, {3, 5}, {1, 4}], [{8, 7}, {2, 6}, {4, 5}, {1, 3}], [{8, 7}, {2, 6}, {4, 5}, {3}, {1}], [{8, 7}, {2, 6}, {5}, {4}, {1, 3}], [{8, 7}, {3, 6}, {1, 5}, {2, 4}], [{8, 7}, {3, 6}, {2, 5}, {1, 4}], [{8, 7}, {3, 6}, {4, 5}, {1, 2}], [{8, 7}, {3, 6}, {5}, {4}, {1, 2}], [{8, 7}, {4, 6}, {1, 5}, {2, 3}], [{8, 7}, {4, 6}, {2, 5}, {1, 3}], [{8, 7}, {4, 6}, {3, 5}, {1, 2}], [{8, 7}, {5, 6}, {1, 4}, {2, 3}], [{8, 7}, {5, 6}, {2, 4}, {1, 3}], [{8, 7}, {5, 6}, {3, 4}, {1, 2}], [{8, 7}, {6}, {4, 5}, {3}, {1, 2}], [{8}, {1, 7}, {2, 6}, {4, 5}, {3}], [{8}, {1, 7}, {3, 6}, {5}, {2, 4}], [{8}, {1, 7}, {4, 6}, {3, 5}, {2}], [{8}, {1, 7}, {5, 6}, {4}, {2, 3}], [{8}, {1, 7}, {6}, {2, 5}, {3, 4}], [{8}, {2, 7}, {1, 6}, {4, 5}, {3}], [{8}, {2, 7}, {4, 6}, {3, 5}, {1}], [{8}, {2, 7}, {5, 6}, {4}, {1, 3}], [{8}, {3, 7}, {1, 6}, {2, 5}, {4}], [{8}, {3, 7}, {1, 6}, {4, 5}, {2}], [{8}, {3, 7}, {1, 6}, {5}, {2, 4}], [{8}, {3, 7}, {5, 6}, {4}, {1, 2}], [{8}, {4, 7}, {1, 6}, {5}, {2, 3}], [{8}, {5, 7}, {1, 6}, {4}, {2, 3}], [{8}, {6, 7}, {4, 5}, {3}, {1, 2}], [{8}, {7}, {1, 6}, {4, 5}, {2, 3}], [{8}, {7}, {1, 6}, {4, 5}, {3}, {2}], [{8}, {7}, {2, 6}, {3, 5}, {1, 4}], [{8}, {7}, {3, 6}, {2, 5}, {1, 4}], [{8}, {7}, {4, 6}, {2, 5}, {1, 3}], [{8}, {7}, {4, 6}, {3, 5}, {1, 2}]]",2,- 8 K_1^4 + 16 K_1^3 + 8 K_1^2 K_2 - 4 K_1^2 - 16 K_1 K_2 - 2 K_1 K_3 - 4 K_1 + 3 K_2 + 4 K_3 + 4,O1O2O3O4U5U6U3O5O6U2O7U1U4O8U7U8,O1O2O3U4U1U5U6O7O8U7O4O6U8O5U2U3,O1O2O3U1U2O4U5O6O7U8O5O8U6U4U3U7,c,{'O1O2O3O4U5U6O5U1U4O6U3O7O8U2U7U8'},1,"<a href=""/flatknot/8.857506"">8.857506</a>",t^9-42t^7-140t^6-73t^5+380t^4+843t^3+722t^2+237t+24,-t^2+2t,,
8.857507,O1O2O3O4U5U6O5U1U4O6U3O7O8U2U8U7,4,2z^3+35z^2+114z+105,2w^4z^3+35w^3z^2+114w^2z+105w,False,False,"[[ 0 -2 -1  1  2 -1 -1  1  1],[ 2  0  2  1  1  2  2  1  1],[ 1 -2  0  0  1  0  1  2  1],[-1 -1  0  0  1 -2 -1  0  0],[-2 -1 -1 -1  0 -2 -1  0  0],[ 1 -2  0  2  2  0 -1  1  1],[ 1 -2 -1  1  1  1  0  1  1],[-1 -1 -2  0  0 -1 -1  0  0],[-1 -1 -1  0  0 -1 -1  0  0]]","[[ 0  2  1  1  1 -1 -1 -1 -2],[-2  0  0  0 -1 -1 -1 -2 -1],[-1  0  0  0  0 -1 -1 -1 -1],[-1  0  0  0  0 -1 -2 -1 -1],[-1  1  0  0  0 -1  0 -2 -1],[ 1  1  1  1  1  0 -1  1 -2],[ 1  1  1  2  0  1  0  0 -2],[ 1  2  1  1  2 -1  0  0 -2],[ 2  1  1  1  1  2  2  2  0]]",True,"[-2,-1,-1,-1,1,1,1,2,0,0,1,1,1,2,1,0,0,1,1,1,1,0,1,2,1,1,1,0,2,1,1,-1,2,0,2,2]","[-2,-1,-1,-1,1,1,1,2,-1,-1,-1,2,2,2,3,-1,0,0,1,2,2,-1,1,1,1,2,1,1,0,1,0,0,1,0,1,0]",t^8+39t^6+180t^4+34t^2+1,"[-2,-1,-1,-1,1,1,1,2,-1,-1,-1,2,2,2,3,-1,0,0,1,2,2,-1,1,1,1,2,1,1,0,1,0,0,1,0,1,0]","[-2,-1,-1,-1,1,1,1,2,0,1,1,1,2,2,3,0,0,0,1,2,2,0,1,1,0,2,1,1,1,2,-1,0,-1,-1,-1,-1]","[-2,-1,-1,-1,1,1,1,2,2,2,2,1,1,1,1,-1,0,1,1,2,2,-1,1,1,1,1,1,2,0,1,0,0,0,0,0,1]",c,"[[{8, 5}, {2, 7}, {3, 6}, {1, 4}]]",1,4 K_1^3 - 4 K_1^2 - 8 K_1 K_2 + K_1 + 2 K_2 + 3 K_3 + 3,O1O2O3O4U5U6U3O6O5U2O7U1U4O8U7U8,O1O2O3U4U1U5U6O7O8U7O4O6U8O5U3U2,O1O2O3U2U1O4U5O6O7U8O5O8U6U4U3U7,c,{'O1O2O3O4U5U6O5U1U4O6U3O7O8U2U8U7'},1,"<a href=""/flatknot/8.857507"">8.857507</a>",t^9-39t^7-128t^6-72t^5+290t^4+620t^3+510t^2+144t-20,0,,
8.857508,O1O2O3O4U5U6O5U1U4O6U3O7O8U7U2U8,4,23z^2+108z+125,23w^3z^2+108w^2z+125w,False,False,"[[ 0 -2  0  1  2 -1 -1 -1  2],[ 2  0  2  1  1  2  2  0  1],[ 0 -2  0  0  1 -1  0  0  2],[-1 -1  0  0  1 -2 -1  0  0],[-2 -1 -1 -1  0 -2 -1  0  0],[ 1 -2  1  2  2  0 -1 -1  2],[ 1 -2  0  1  1  1  0 -1  2],[ 1  0  0  0  0  1  1  0  1],[-2 -1 -2  0  0 -2 -2 -1  0]]","[[ 0  2  2  1  0 -1 -1 -1 -2],[-2  0  0  0 -2 -1 -2 -2 -1],[-2  0  0 -1 -1  0 -1 -2 -1],[-1  0  1  0  0  0 -1 -2 -1],[ 0  2  1  0  0  0  0 -1 -2],[ 1  1  0  0  0  0  1  1  0],[ 1  2  1  1  0 -1  0  1 -2],[ 1  2  2  2  1 -1 -1  0 -2],[ 2  1  1  1  2  0  2  2  0]]",True,"[-2,-2,-1,0,1,1,1,2,0,0,2,1,2,2,1,1,1,0,1,2,1,0,0,1,2,1,0,0,1,2,-1,-1,0,-1,2,2]","[-2,-2,-1,0,1,1,1,2,0,0,1,1,2,3,3,1,0,1,1,2,3,1,0,1,2,2,0,1,1,0,-1,-1,-1,-1,-1,1]",t^8+44t^6+188t^4+51t^2+1,"[-2,-1,-1,-1,0,1,2,2,-1,-1,1,0,2,3,3,-1,1,1,1,1,2,1,0,0,1,1,1,2,2,3,1,0,1,1,0,0]","[-2,-2,-1,0,1,1,1,2,0,0,1,1,2,3,3,1,0,1,1,2,3,1,0,1,2,2,0,1,1,0,-1,-1,-1,-1,-1,1]","[-2,-1,-1,-1,0,1,2,2,0,2,2,2,1,1,1,1,1,0,0,0,1,-1,1,2,2,2,0,1,1,2,0,1,2,1,0,0]",c,"[[{8, 1}, {2, 7}, {3, 6}, {4, 5}], [{8, 1}, {2, 7}, {4, 6}, {3, 5}], [{8, 1}, {2, 7}, {5, 6}, {3, 4}], [{8, 1}, {2, 7}, {6}, {4, 5}, {3}], [{8, 1}, {3, 7}, {2, 6}, {4, 5}], [{8, 1}, {3, 7}, {4, 6}, {2, 5}], [{8, 1}, {3, 7}, {4, 6}, {5}, {2}], [{8, 1}, {3, 7}, {5, 6}, {2, 4}], [{8, 1}, {3, 7}, {5, 6}, {4}, {2}], [{8, 1}, {3, 7}, {6}, {4, 5}, {2}], [{8, 1}, {4, 7}, {2, 6}, {3, 5}], [{8, 1}, {4, 7}, {2, 6}, {5}, {3}], [{8, 1}, {4, 7}, {3, 6}, {2, 5}], [{8, 1}, {4, 7}, {3, 6}, {5}, {2}], [{8, 1}, {4, 7}, {5, 6}, {2, 3}], [{8, 1}, {4, 7}, {6}, {5}, {2, 3}], [{8, 1}, {5, 7}, {2, 6}, {3, 4}], [{8, 1}, {5, 7}, {2, 6}, {4}, {3}], [{8, 1}, {5, 7}, {3, 6}, {2, 4}], [{8, 1}, {5, 7}, {3, 6}, {4}, {2}], [{8, 1}, {5, 7}, {4, 6}, {2, 3}], [{8, 1}, {5, 7}, {6}, {4}, {2, 3}], [{8, 1}, {6, 7}, {2, 5}, {3, 4}], [{8, 1}, {6, 7}, {2, 5}, {4}, {3}], [{8, 1}, {6, 7}, {3, 5}, {2, 4}], [{8, 1}, {6, 7}, {4, 5}, {2, 3}], [{8, 1}, {6, 7}, {4, 5}, {3}, {2}], [{8, 1}, {6, 7}, {5}, {2, 4}, {3}], [{8, 1}, {7}, {2, 6}, {4, 5}, {3}], [{8, 1}, {7}, {3, 6}, {4, 5}, {2}], [{8, 1}, {7}, {6}, {4, 5}, {2, 3}], [{8, 1}, {7}, {6}, {4, 5}, {3}, {2}], [{8, 2}, {1, 7}, {3, 6}, {4, 5}], [{8, 2}, {1, 7}, {4, 6}, {3, 5}], [{8, 2}, {1, 7}, {5, 6}, {3, 4}], [{8, 2}, {1, 7}, {6}, {4, 5}, {3}], [{8, 2}, {3, 7}, {1, 6}, {4, 5}], [{8, 2}, {3, 7}, {4, 6}, {1, 5}], [{8, 2}, {3, 7}, {5, 6}, {1, 4}], [{8, 2}, {3, 7}, {5, 6}, {4}, {1}], [{8, 2}, {4, 7}, {1, 6}, {3, 5}], [{8, 2}, {4, 7}, {1, 6}, {5}, {3}], [{8, 2}, {4, 7}, {3, 6}, {1, 5}], [{8, 2}, {4, 7}, {5, 6}, {1, 3}], [{8, 2}, {5, 7}, {1, 6}, {3, 4}], [{8, 2}, {5, 7}, {1, 6}, {4}, {3}], [{8, 2}, {5, 7}, {3, 6}, {1, 4}], [{8, 2}, {5, 7}, {4, 6}, {1, 3}], [{8, 2}, {5, 7}, {4, 6}, {3}, {1}], [{8, 2}, {5, 7}, {6}, {1, 4}, {3}], [{8, 2}, {6, 7}, {1, 5}, {3, 4}], [{8, 2}, {6, 7}, {3, 5}, {1, 4}], [{8, 2}, {6, 7}, {3, 5}, {4}, {1}], [{8, 2}, {6, 7}, {4, 5}, {1, 3}], [{8, 2}, {6, 7}, {4, 5}, {3}, {1}], [{8, 2}, {6, 7}, {5}, {3, 4}, {1}], [{8, 2}, {7}, {1, 6}, {4, 5}, {3}], [{8, 2}, {7}, {3, 6}, {5}, {1, 4}], [{8, 2}, {7}, {6}, {1, 5}, {3, 4}], [{8, 3}, {1, 7}, {2, 6}, {4, 5}], [{8, 3}, {1, 7}, {4, 6}, {2, 5}], [{8, 3}, {1, 7}, {5, 6}, {2, 4}], [{8, 3}, {1, 7}, {6}, {5}, {2, 4}], [{8, 3}, {2, 7}, {1, 6}, {4, 5}], [{8, 3}, {2, 7}, {4, 6}, {1, 5}], [{8, 3}, {2, 7}, {5, 6}, {1, 4}], [{8, 3}, {2, 7}, {5, 6}, {4}, {1}], [{8, 3}, {4, 7}, {1, 6}, {2, 5}], [{8, 3}, {4, 7}, {1, 6}, {5}, {2}], [{8, 3}, {4, 7}, {2, 6}, {1, 5}], [{8, 3}, {4, 7}, {5, 6}, {1, 2}], [{8, 3}, {5, 7}, {1, 6}, {2, 4}], [{8, 3}, {5, 7}, {1, 6}, {4}, {2}], [{8, 3}, {5, 7}, {2, 6}, {1, 4}], [{8, 3}, {5, 7}, {4, 6}, {1, 2}], [{8, 3}, {6, 7}, {1, 5}, {2, 4}], [{8, 3}, {6, 7}, {2, 5}, {1, 4}], [{8, 3}, {6, 7}, {2, 5}, {4}, {1}], [{8, 3}, {6, 7}, {4, 5}, {1, 2}], [{8, 3}, {7}, {1, 6}, {4, 5}, {2}], [{8, 3}, {7}, {2, 6}, {5}, {1, 4}], [{8, 3}, {7}, {4, 6}, {1, 5}, {2}], [{8, 4}, {1, 7}, {2, 6}, {3, 5}], [{8, 4}, {1, 7}, {3, 6}, {2, 5}], [{8, 4}, {1, 7}, {5, 6}, {2, 3}], [{8, 4}, {1, 7}, {6}, {2, 5}, {3}], [{8, 4}, {2, 7}, {1, 6}, {3, 5}], [{8, 4}, {2, 7}, {3, 6}, {1, 5}], [{8, 4}, {2, 7}, {3, 6}, {5}, {1}], [{8, 4}, {2, 7}, {5, 6}, {1, 3}], [{8, 4}, {3, 7}, {1, 6}, {2, 5}], [{8, 4}, {3, 7}, {1, 6}, {5}, {2}], [{8, 4}, {3, 7}, {2, 6}, {1, 5}], [{8, 4}, {3, 7}, {5, 6}, {1, 2}], [{8, 4}, {3, 7}, {5, 6}, {2}, {1}], [{8, 4}, {3, 7}, {6}, {1, 5}, {2}], [{8, 4}, {5, 7}, {1, 6}, {2, 3}], [{8, 4}, {5, 7}, {2, 6}, {1, 3}], [{8, 4}, {5, 7}, {3, 6}, {1, 2}], [{8, 4}, {5, 7}, {6}, {1, 3}, {2}], [{8, 4}, {6, 7}, {1, 5}, {2, 3}], [{8, 4}, {6, 7}, {2, 5}, {1, 3}], [{8, 4}, {6, 7}, {3, 5}, {1, 2}], [{8, 5}, {1, 7}, {2, 6}, {3, 4}], [{8, 5}, {1, 7}, {3, 6}, {2, 4}], [{8, 5}, {1, 7}, {4, 6}, {2, 3}], [{8, 5}, {1, 7}, {6}, {3, 4}, {2}], [{8, 5}, {2, 7}, {1, 6}, {3, 4}], [{8, 5}, {2, 7}, {3, 6}, {1, 4}], [{8, 5}, {2, 7}, {4, 6}, {1, 3}], [{8, 5}, {2, 7}, {6}, {3, 4}, {1}], [{8, 5}, {3, 7}, {1, 6}, {2, 4}], [{8, 5}, {3, 7}, {1, 6}, {4}, {2}], [{8, 5}, {3, 7}, {2, 6}, {1, 4}], [{8, 5}, {3, 7}, {4, 6}, {1, 2}], [{8, 5}, {3, 7}, {4, 6}, {2}, {1}], [{8, 5}, {3, 7}, {6}, {1, 4}, {2}], [{8, 5}, {4, 7}, {1, 6}, {2, 3}], [{8, 5}, {4, 7}, {2, 6}, {1, 3}], [{8, 5}, {4, 7}, {3, 6}, {1, 2}], [{8, 5}, {4, 7}, {3, 6}, {2}, {1}], [{8, 5}, {6, 7}, {1, 4}, {2, 3}], [{8, 5}, {6, 7}, {2, 4}, {1, 3}], [{8, 5}, {6, 7}, {3, 4}, {1, 2}], [{8, 5}, {7}, {2, 6}, {1, 4}, {3}], [{8, 5}, {7}, {6}, {3, 4}, {1, 2}], [{8, 6}, {1, 7}, {2, 5}, {3, 4}], [{8, 6}, {1, 7}, {2, 5}, {4}, {3}], [{8, 6}, {1, 7}, {3, 5}, {2, 4}], [{8, 6}, {1, 7}, {4, 5}, {2, 3}], [{8, 6}, {1, 7}, {4, 5}, {3}, {2}], [{8, 6}, {1, 7}, {5}, {2, 4}, {3}], [{8, 6}, {2, 7}, {1, 5}, {3, 4}], [{8, 6}, {2, 7}, {3, 5}, {1, 4}], [{8, 6}, {2, 7}, {4, 5}, {1, 3}], [{8, 6}, {2, 7}, {4, 5}, {3}, {1}], [{8, 6}, {3, 7}, {1, 5}, {2, 4}], [{8, 6}, {3, 7}, {1, 5}, {4}, {2}], [{8, 6}, {3, 7}, {2, 5}, {1, 4}], [{8, 6}, {3, 7}, {4, 5}, {1, 2}], [{8, 6}, {3, 7}, {4, 5}, {2}, {1}], [{8, 6}, {3, 7}, {5}, {1, 4}, {2}], [{8, 6}, {4, 7}, {1, 5}, {2, 3}], [{8, 6}, {4, 7}, {2, 5}, {1, 3}], [{8, 6}, {4, 7}, {3, 5}, {1, 2}], [{8, 6}, {4, 7}, {5}, {1, 3}, {2}], [{8, 6}, {4, 7}, {5}, {2, 3}, {1}], [{8, 6}, {4, 7}, {5}, {3}, {1, 2}], [{8, 6}, {5, 7}, {1, 4}, {2, 3}], [{8, 6}, {5, 7}, {2, 4}, {1, 3}], [{8, 6}, {5, 7}, {3, 4}, {1, 2}], [{8, 6}, {5, 7}, {4}, {1, 3}, {2}], [{8, 6}, {5, 7}, {4}, {2, 3}, {1}], [{8, 6}, {5, 7}, {4}, {3}, {1, 2}], [{8, 6}, {7}, {4, 5}, {1, 3}, {2}], [{8, 6}, {7}, {4, 5}, {2, 3}, {1}], [{8, 6}, {7}, {4, 5}, {3}, {1, 2}], [{8, 6}, {7}, {4, 5}, {3}, {2}, {1}], [{8, 7}, {1, 6}, {2, 5}, {3, 4}], [{8, 7}, {1, 6}, {2, 5}, {4}, {3}], [{8, 7}, {1, 6}, {3, 5}, {2, 4}], [{8, 7}, {1, 6}, {4, 5}, {2, 3}], [{8, 7}, {1, 6}, {4, 5}, {3}, {2}], [{8, 7}, {1, 6}, {5}, {2, 4}, {3}], [{8, 7}, {2, 6}, {1, 5}, {3, 4}], [{8, 7}, {2, 6}, {3, 5}, {1, 4}], [{8, 7}, {2, 6}, {4, 5}, {1, 3}], [{8, 7}, {2, 6}, {4, 5}, {3}, {1}], [{8, 7}, {2, 6}, {5}, {4}, {1, 3}], [{8, 7}, {3, 6}, {1, 5}, {2, 4}], [{8, 7}, {3, 6}, {2, 5}, {1, 4}], [{8, 7}, {3, 6}, {4, 5}, {1, 2}], [{8, 7}, {3, 6}, {5}, {4}, {1, 2}], [{8, 7}, {4, 6}, {1, 5}, {2, 3}], [{8, 7}, {4, 6}, {1, 5}, {3}, {2}], [{8, 7}, {4, 6}, {2, 5}, {1, 3}], [{8, 7}, {4, 6}, {3, 5}, {1, 2}], [{8, 7}, {5, 6}, {1, 4}, {2, 3}], [{8, 7}, {5, 6}, {2, 4}, {1, 3}], [{8, 7}, {5, 6}, {3, 4}, {1, 2}], [{8, 7}, {6}, {1, 5}, {4}, {2, 3}], [{8, 7}, {6}, {4, 5}, {3}, {1, 2}], [{8}, {1, 7}, {2, 6}, {4, 5}, {3}], [{8}, {1, 7}, {3, 6}, {5}, {2, 4}], [{8}, {1, 7}, {4, 6}, {2, 5}, {3}], [{8}, {1, 7}, {4, 6}, {3, 5}, {2}], [{8}, {1, 7}, {4, 6}, {5}, {2, 3}], [{8}, {2, 7}, {1, 6}, {4, 5}, {3}], [{8}, {2, 7}, {4, 6}, {3, 5}, {1}], [{8}, {3, 7}, {1, 6}, {4, 5}, {2}], [{8}, {3, 7}, {4, 6}, {1, 5}, {2}], [{8}, {3, 7}, {5, 6}, {1, 4}, {2}], [{8}, {3, 7}, {5, 6}, {2, 4}, {1}], [{8}, {3, 7}, {5, 6}, {4}, {1, 2}], [{8}, {4, 7}, {1, 6}, {5}, {2, 3}], [{8}, {4, 7}, {3, 6}, {1, 5}, {2}], [{8}, {5, 7}, {1, 6}, {4}, {2, 3}], [{8}, {5, 7}, {4, 6}, {1, 3}, {2}], [{8}, {6, 7}, {1, 5}, {3, 4}, {2}], [{8}, {6, 7}, {2, 5}, {4}, {1, 3}], [{8}, {6, 7}, {4, 5}, {3}, {1, 2}], [{8}, {7}, {1, 6}, {4, 5}, {2, 3}], [{8}, {7}, {1, 6}, {4, 5}, {3}, {2}], [{8}, {7}, {2, 6}, {3, 5}, {1, 4}], [{8}, {7}, {4, 6}, {3, 5}, {1, 2}]]",2,4 K_1^3 + 4 K_1^2 K_2 - 10 K_1^2 - 12 K_1 K_2 - 8 K_1 K_3 + 3 K_1 - 4 K_2^2 + 7 K_2 + 5 K_3 + 5 K_4 + 7,O1O2O3O4U5U3U6O5O6U2O7U1U4O8U7U8,O1O2O3U4U2U5U6O7O8U7O4O6U8O5U1U3,O1O2O3U1U3O4U5O6O7U8O5O8U6U4U2U7,c,{'O1O2O3O4U5U6O5U1U4O6U3O7O8U7U2U8'},1,"<a href=""/flatknot/8.857508"">8.857508</a>",t^9-42t^7-136t^6-53t^5+296t^4+355t^3-70t^2-263t-92,-t^2+2t,,
8.857509,O1O2O3O4U5U6O5U1U4O6U3O7O8U7U8U2,4,7z^3+49z^2+113z+87,7w^4z^3+49w^3z^2+113w^2z+87w,False,False,"[[ 0 -2  1  1  2 -1 -1 -1  1],[ 2  0  2  1  1  2  2  0  0],[-1 -2  0  0  1 -2 -1 -1  1],[-1 -1  0  0  1 -2 -1  0  0],[-2 -1 -1 -1  0 -2 -1  0  0],[ 1 -2  2  2  2  0 -1 -1  1],[ 1 -2  1  1  1  1  0 -1  1],[ 1  0  1  0  0  1  1  0  1],[-1  0 -1  0  0 -1 -1 -1  0]]","[[ 0  2  1  1  1 -1 -1 -1 -2],[-2  0  0 -1 -1  0 -1 -2 -1],[-1  0  0  0 -1 -1 -1 -1  0],[-1  1  0  0  0  0 -1 -2 -1],[-1  1  1  0  0 -1 -1 -2 -2],[ 1  0  1  0  1  0  1  1  0],[ 1  1  1  1  1 -1  0  1 -2],[ 1  2  1  2  2 -1 -1  0 -2],[ 2  1  0  1  2  0  2  2  0]]",True,"[-2,-1,-1,-1,1,1,1,2,0,1,1,0,1,2,1,0,1,1,1,1,0,0,0,1,2,1,1,1,2,2,-1,-1,0,-1,2,2]","[-2,-1,-1,-1,1,1,1,2,-1,-1,1,1,2,3,3,-1,1,1,1,1,2,1,0,0,1,1,1,2,1,3,0,-1,0,0,0,1]",t^8+39t^6+125t^4+74t^2+1,"[-2,-1,-1,-1,1,1,1,2,-1,-1,1,1,2,3,3,-1,1,1,1,1,2,1,0,0,1,1,1,2,1,3,0,-1,0,0,0,1]","[-2,-1,-1,-1,1,1,1,2,0,0,1,1,2,3,3,0,0,0,1,2,2,1,0,1,1,1,1,1,1,3,-1,-1,-1,-1,-1,1]","[-2,-1,-1,-1,1,1,1,2,0,2,2,0,1,2,1,1,1,1,0,1,0,-1,1,2,2,2,1,1,1,1,0,-1,0,0,1,1]",c,"[[{8, 5}, {3, 7}, {2, 6}, {1, 4}], [{8, 7}, {1, 6}, {3, 5}, {2, 4}], [{8, 7}, {2, 6}, {3, 5}, {1, 4}], [{8, 7}, {3, 6}, {2, 5}, {1, 4}], [{8, 7}, {4, 6}, {3, 5}, {1, 2}]]",1,8 K_1^3 + 8 K_1^2 K_2 - 12 K_1^2 - 12 K_1 K_2 - 8 K_1 K_3 + 6 K_2 + 4 K_3 + 2 K_4 + 5,O1O2O3O4U3U5U6O5O6U2O7U1U4O8U7U8,O1O2O3U4U3U5U6O7O8U7O4O6U8O5U1U2,O1O2O3U2U3O4U5O6O7U8O5O8U6U4U1U7,c,{'O1O2O3O4U5U6O5U1U4O6U3O7O8U7U8U2'},1,"<a href=""/flatknot/8.857509"">8.857509</a>",t^9-39t^7-128t^6-97t^5+124t^4+306t^3+254t^2+87t+8,0,,
8.857510,O1O2O3O4U5U6O5U1U4O6U7O8O7U2U3U8,4,4z^3+39z^2+112z+101,4w^4z^3+39w^3z^2+112w^2z+101w,False,False,"[[ 0 -2 -1  1  2 -1 -1  1  1],[ 2  0  1  2  1  2  2  2  2],[ 1 -1  0  1  1  0  1  1  1],[-1 -2 -1  0  1 -2 -1 -1  0],[-2 -1 -1 -1  0 -2 -1 -2  0],[ 1 -2  0  2  2  0 -1  2  1],[ 1 -2 -1  1  1  1  0  2  1],[-1 -2 -1  1  2 -2 -2  0  1],[-1 -2 -1  0  0 -1 -1 -1  0]]","[[ 0  2  1  1  1 -1 -1 -1 -2],[-2  0  0 -1 -2 -1 -1 -2 -1],[-1  0  0  0 -1 -1 -1 -1 -2],[-1  1  0  0 -1 -1 -1 -2 -2],[-1  2  1  1  0 -1 -2 -2 -2],[ 1  1  1  1  1  0  1  0 -1],[ 1  1  1  1  2 -1  0  1 -2],[ 1  2  1  2  2  0 -1  0 -2],[ 2  1  2  2  2  1  2  2  0]]",True,"[-2,-1,-1,-1,1,1,1,2,0,1,2,1,1,2,1,0,1,1,1,1,2,1,1,1,2,2,1,2,2,2,-1,0,1,-1,2,2]","[-2,-1,-1,-1,1,1,1,2,-1,-1,0,1,1,1,3,-1,1,0,1,1,2,0,0,0,1,1,1,1,1,2,-1,-1,-1,0,0,1]",t^8+55t^6+219t^4+123t^2+4,"[-2,-1,-1,-1,1,1,1,2,-1,-1,0,1,1,1,3,-1,1,0,1,1,2,0,0,0,1,1,1,1,1,2,-1,-1,-1,0,0,1]","[-2,-1,-1,-1,1,1,1,2,-1,0,1,1,2,2,3,1,1,0,0,1,1,0,0,1,1,1,1,1,1,1,-1,0,-1,-1,-1,0]","[-2,-1,-1,-1,1,1,1,2,1,2,2,2,2,2,1,0,1,1,1,1,1,-1,1,2,2,2,1,1,2,1,0,-1,0,-1,1,2]",c,"[[{8, 1}, {2, 7}, {3, 6}, {4, 5}], [{8, 1}, {2, 7}, {4, 6}, {3, 5}], [{8, 1}, {2, 7}, {5, 6}, {3, 4}], [{8, 1}, {3, 7}, {2, 6}, {4, 5}], [{8, 1}, {3, 7}, {4, 6}, {2, 5}], [{8, 1}, {3, 7}, {5, 6}, {2, 4}], [{8, 1}, {4, 7}, {2, 6}, {3, 5}], [{8, 1}, {4, 7}, {3, 6}, {2, 5}], [{8, 1}, {4, 7}, {5, 6}, {2, 3}], [{8, 1}, {5, 7}, {2, 6}, {3, 4}], [{8, 1}, {5, 7}, {3, 6}, {2, 4}], [{8, 1}, {5, 7}, {4, 6}, {2, 3}], [{8, 1}, {6, 7}, {2, 5}, {3, 4}], [{8, 1}, {6, 7}, {2, 5}, {4}, {3}], [{8, 1}, {6, 7}, {3, 5}, {2, 4}], [{8, 1}, {6, 7}, {4, 5}, {2, 3}], [{8, 1}, {6, 7}, {4, 5}, {3}, {2}], [{8, 1}, {6, 7}, {5}, {2, 4}, {3}], [{8, 1}, {7}, {2, 6}, {5}, {3, 4}], [{8, 1}, {7}, {6}, {4, 5}, {2, 3}], [{8, 2}, {1, 7}, {3, 6}, {4, 5}], [{8, 2}, {1, 7}, {4, 6}, {3, 5}], [{8, 2}, {1, 7}, {5, 6}, {3, 4}], [{8, 2}, {3, 7}, {1, 6}, {4, 5}], [{8, 2}, {3, 7}, {4, 6}, {1, 5}], [{8, 2}, {3, 7}, {5, 6}, {1, 4}], [{8, 2}, {4, 7}, {1, 6}, {3, 5}], [{8, 2}, {4, 7}, {1, 6}, {5}, {3}], [{8, 2}, {4, 7}, {3, 6}, {1, 5}], [{8, 2}, {4, 7}, {5, 6}, {1, 3}], [{8, 2}, {5, 7}, {1, 6}, {3, 4}], [{8, 2}, {5, 7}, {3, 6}, {1, 4}], [{8, 2}, {5, 7}, {4, 6}, {1, 3}], [{8, 2}, {6, 7}, {1, 5}, {3, 4}], [{8, 2}, {6, 7}, {3, 5}, {1, 4}], [{8, 2}, {6, 7}, {4, 5}, {1, 3}], [{8, 2}, {6, 7}, {4, 5}, {3}, {1}], [{8, 2}, {7}, {1, 6}, {3, 5}, {4}], [{8, 2}, {7}, {5, 6}, {1, 4}, {3}], [{8, 2}, {7}, {6}, {4, 5}, {1, 3}], [{8, 3}, {1, 7}, {2, 6}, {4, 5}], [{8, 3}, {1, 7}, {4, 6}, {2, 5}], [{8, 3}, {1, 7}, {5, 6}, {2, 4}], [{8, 3}, {2, 7}, {1, 6}, {4, 5}], [{8, 3}, {2, 7}, {4, 6}, {1, 5}], [{8, 3}, {2, 7}, {5, 6}, {1, 4}], [{8, 3}, {4, 7}, {1, 6}, {2, 5}], [{8, 3}, {4, 7}, {2, 6}, {1, 5}], [{8, 3}, {4, 7}, {5, 6}, {1, 2}], [{8, 3}, {5, 7}, {1, 6}, {2, 4}], [{8, 3}, {5, 7}, {2, 6}, {1, 4}], [{8, 3}, {5, 7}, {4, 6}, {1, 2}], [{8, 3}, {6, 7}, {1, 5}, {2, 4}], [{8, 3}, {6, 7}, {2, 5}, {1, 4}], [{8, 3}, {6, 7}, {2, 5}, {4}, {1}], [{8, 3}, {6, 7}, {4, 5}, {1, 2}], [{8, 3}, {6, 7}, {4, 5}, {2}, {1}], [{8, 3}, {6, 7}, {5}, {2, 4}, {1}], [{8, 3}, {7}, {6}, {4, 5}, {1, 2}], [{8, 4}, {1, 7}, {2, 6}, {3, 5}], [{8, 4}, {1, 7}, {3, 6}, {2, 5}], [{8, 4}, {1, 7}, {5, 6}, {2, 3}], [{8, 4}, {2, 7}, {1, 6}, {3, 5}], [{8, 4}, {2, 7}, {3, 6}, {1, 5}], [{8, 4}, {2, 7}, {5, 6}, {1, 3}], [{8, 4}, {3, 7}, {1, 6}, {2, 5}], [{8, 4}, {3, 7}, {2, 6}, {1, 5}], [{8, 4}, {3, 7}, {5, 6}, {1, 2}], [{8, 4}, {5, 7}, {1, 6}, {2, 3}], [{8, 4}, {5, 7}, {2, 6}, {1, 3}], [{8, 4}, {5, 7}, {3, 6}, {1, 2}], [{8, 4}, {6, 7}, {1, 5}, {2, 3}], [{8, 4}, {6, 7}, {2, 5}, {1, 3}], [{8, 4}, {6, 7}, {2, 5}, {3}, {1}], [{8, 4}, {6, 7}, {3, 5}, {1, 2}], [{8, 4}, {7}, {3, 6}, {5}, {1, 2}], [{8, 5}, {1, 7}, {2, 6}, {3, 4}], [{8, 5}, {1, 7}, {3, 6}, {2, 4}], [{8, 5}, {1, 7}, {4, 6}, {2, 3}], [{8, 5}, {2, 7}, {1, 6}, {3, 4}], [{8, 5}, {2, 7}, {3, 6}, {1, 4}], [{8, 5}, {2, 7}, {4, 6}, {1, 3}], [{8, 5}, {2, 7}, {6}, {4}, {1, 3}], [{8, 5}, {3, 7}, {1, 6}, {2, 4}], [{8, 5}, {3, 7}, {2, 6}, {1, 4}], [{8, 5}, {3, 7}, {4, 6}, {1, 2}], [{8, 5}, {4, 7}, {1, 6}, {2, 3}], [{8, 5}, {4, 7}, {2, 6}, {1, 3}], [{8, 5}, {4, 7}, {3, 6}, {1, 2}], [{8, 5}, {6, 7}, {1, 4}, {2, 3}], [{8, 5}, {6, 7}, {2, 4}, {1, 3}], [{8, 5}, {6, 7}, {2, 4}, {3}, {1}], [{8, 5}, {6, 7}, {3, 4}, {1, 2}], [{8, 5}, {7}, {2, 6}, {1, 4}, {3}], [{8, 5}, {7}, {3, 6}, {4}, {1, 2}], [{8, 6}, {1, 7}, {2, 5}, {3, 4}], [{8, 6}, {1, 7}, {3, 5}, {2, 4}], [{8, 6}, {1, 7}, {4, 5}, {2, 3}], [{8, 6}, {2, 7}, {1, 5}, {3, 4}], [{8, 6}, {2, 7}, {1, 5}, {4}, {3}], [{8, 6}, {2, 7}, {3, 5}, {1, 4}], [{8, 6}, {2, 7}, {4, 5}, {1, 3}], [{8, 6}, {3, 7}, {1, 5}, {2, 4}], [{8, 6}, {3, 7}, {2, 5}, {1, 4}], [{8, 6}, {3, 7}, {4, 5}, {1, 2}], [{8, 6}, {4, 7}, {1, 5}, {2, 3}], [{8, 6}, {4, 7}, {2, 5}, {1, 3}], [{8, 6}, {4, 7}, {3, 5}, {1, 2}], [{8, 6}, {5, 7}, {1, 4}, {2, 3}], [{8, 6}, {5, 7}, {2, 4}, {1, 3}], [{8, 6}, {5, 7}, {3, 4}, {1, 2}], [{8, 6}, {7}, {1, 5}, {3, 4}, {2}], [{8, 6}, {7}, {4, 5}, {3}, {1, 2}], [{8, 7}, {1, 6}, {2, 5}, {3, 4}], [{8, 7}, {1, 6}, {3, 5}, {2, 4}], [{8, 7}, {1, 6}, {4, 5}, {2, 3}], [{8, 7}, {1, 6}, {5}, {3, 4}, {2}], [{8, 7}, {2, 6}, {1, 5}, {3, 4}], [{8, 7}, {2, 6}, {3, 5}, {1, 4}], [{8, 7}, {2, 6}, {4, 5}, {1, 3}], [{8, 7}, {2, 6}, {5}, {4}, {1, 3}], [{8, 7}, {3, 6}, {1, 5}, {2, 4}], [{8, 7}, {3, 6}, {2, 5}, {1, 4}], [{8, 7}, {3, 6}, {4, 5}, {1, 2}], [{8, 7}, {3, 6}, {5}, {4}, {1, 2}], [{8, 7}, {4, 6}, {1, 5}, {2, 3}], [{8, 7}, {4, 6}, {1, 5}, {3}, {2}], [{8, 7}, {4, 6}, {2, 5}, {1, 3}], [{8, 7}, {4, 6}, {3, 5}, {1, 2}], [{8, 7}, {5, 6}, {1, 4}, {2, 3}], [{8, 7}, {5, 6}, {2, 4}, {1, 3}], [{8, 7}, {5, 6}, {3, 4}, {1, 2}], [{8, 7}, {6}, {4, 5}, {3}, {1, 2}], [{8}, {1, 7}, {2, 6}, {4, 5}, {3}], [{8}, {1, 7}, {4, 6}, {3, 5}, {2}], [{8}, {2, 7}, {1, 6}, {4, 5}, {3}], [{8}, {2, 7}, {4, 6}, {3, 5}, {1}], [{8}, {2, 7}, {6}, {1, 5}, {3, 4}], [{8}, {3, 7}, {6}, {1, 5}, {2, 4}], [{8}, {3, 7}, {6}, {2, 5}, {1, 4}], [{8}, {3, 7}, {6}, {4, 5}, {1, 2}], [{8}, {4, 7}, {3, 6}, {5}, {1, 2}], [{8}, {5, 7}, {3, 6}, {4}, {1, 2}], [{8}, {6, 7}, {1, 5}, {2, 4}, {3}], [{8}, {6, 7}, {2, 5}, {1, 4}, {3}], [{8}, {6, 7}, {2, 5}, {3, 4}, {1}], [{8}, {6, 7}, {2, 5}, {4}, {1, 3}], [{8}, {6, 7}, {2, 5}, {4}, {3}, {1}], [{8}, {6, 7}, {3, 5}, {2, 4}, {1}], [{8}, {6, 7}, {4, 5}, {1, 3}, {2}], [{8}, {6, 7}, {4, 5}, {2, 3}, {1}], [{8}, {6, 7}, {4, 5}, {3}, {1, 2}], [{8}, {6, 7}, {4, 5}, {3}, {2}, {1}], [{8}, {6, 7}, {5}, {2, 4}, {1, 3}], [{8}, {6, 7}, {5}, {2, 4}, {3}, {1}], [{8}, {7}, {3, 6}, {1, 5}, {2, 4}], [{8}, {7}, {3, 6}, {2, 5}, {1, 4}], [{8}, {7}, {3, 6}, {4, 5}, {1, 2}], [{8}, {7}, {3, 6}, {5}, {4}, {1, 2}], [{8}, {7}, {4, 6}, {3, 5}, {1, 2}], [{8}, {7}, {5, 6}, {3, 4}, {1, 2}], [{8}, {7}, {6}, {4, 5}, {3}, {1, 2}]]",2,12 K_1^3 + 16 K_1^2 K_2 - 28 K_1^2 - 8 K_1 K_2 - 8 K_1 K_3 - 5 K_1 + 10 K_2 + K_3 + 11,O1O2O3O4U5U2U3O6O5U6O7U1U4O8U7U8,O1O2O3U4U1U2U5O6O7U6O4O5U7O8U3U8,O1O2O3U4U1O4U5O6O7U8O5O8U6U2U3U7,c,{'O1O2O3O4U5U6O5U1U4O6U7O8O7U2U3U8'},1,"<a href=""/flatknot/8.857510"">8.857510</a>",t^9-55t^7-242t^6-369t^5-144t^4+144t^3+230t^2+118t+20,0,,
8.857511,O1O2O3O4U5U6O5U1U4O6U7O8O7U2U8U3,4,3z^3+29z^2+105z+119,3w^4z^3+29w^3z^2+105w^2z+119w,False,False,"[[ 0 -2 -1  2  2 -1 -1  1  0],[ 2  0  1  2  1  2  2  2  1],[ 1 -1  0  2  1  0  1  1  0],[-2 -2 -2  0  1 -3 -2 -1 -1],[-2 -1 -1 -1  0 -2 -1 -2  0],[ 1 -2  0  3  2  0 -1  2  0],[ 1 -2 -1  2  1  1  0  2  0],[-1 -2 -1  1  2 -2 -2  0  0],[ 0 -1  0  1  0  0  0  0  0]]","[[ 0  2  2  1  0 -1 -1 -1 -2],[-2  0  1 -1 -1 -2 -2 -3 -2],[-2 -1  0 -2  0 -1 -1 -2 -1],[-1  1  2  0  0 -1 -2 -2 -2],[ 0  1  0  0  0  0  0  0 -1],[ 1  2  1  1  0  0  1  0 -1],[ 1  2  1  2  0 -1  0  1 -2],[ 1  3  2  2  0  0 -1  0 -2],[ 2  2  1  2  1  1  2  2  0]]",True,"[-2,-2,-1,0,1,1,1,2,-1,1,1,2,2,3,2,2,0,1,1,2,1,0,1,2,2,2,0,0,0,1,-1,0,1,-1,2,2]","[-2,-2,-1,0,1,1,1,2,-1,-1,2,1,2,2,3,0,1,0,1,1,2,1,0,0,1,1,1,1,1,1,-1,0,-1,-1,-1,0]",t^8+60t^6+199t^4+132t^2,"[-2,-1,-1,-1,0,1,2,2,-1,-1,0,1,1,2,3,-1,1,1,0,1,2,0,1,0,0,1,1,1,1,2,1,1,2,0,-1,-1]","[-2,-2,-1,0,1,1,1,2,-1,-1,2,1,2,2,3,0,1,0,1,1,2,1,0,0,1,1,1,1,1,1,-1,0,-1,-1,-1,0]","[-2,-1,-1,-1,0,1,2,2,1,2,2,1,2,1,2,0,1,0,1,1,2,-1,0,2,2,3,0,2,1,2,0,0,1,2,1,-1]",c,"[[{8, 1}, {2, 7}, {3, 6}, {4, 5}], [{8, 1}, {2, 7}, {4, 6}, {3, 5}], [{8, 1}, {2, 7}, {5, 6}, {3, 4}], [{8, 1}, {2, 7}, {5, 6}, {4}, {3}], [{8, 1}, {3, 7}, {2, 6}, {4, 5}], [{8, 1}, {3, 7}, {4, 6}, {2, 5}], [{8, 1}, {3, 7}, {5, 6}, {2, 4}], [{8, 1}, {4, 7}, {2, 6}, {3, 5}], [{8, 1}, {4, 7}, {3, 6}, {2, 5}], [{8, 1}, {4, 7}, {5, 6}, {2, 3}], [{8, 1}, {5, 7}, {2, 6}, {3, 4}], [{8, 1}, {5, 7}, {2, 6}, {4}, {3}], [{8, 1}, {5, 7}, {3, 6}, {2, 4}], [{8, 1}, {5, 7}, {4, 6}, {2, 3}], [{8, 1}, {6, 7}, {2, 5}, {3, 4}], [{8, 1}, {6, 7}, {3, 5}, {2, 4}], [{8, 1}, {6, 7}, {4, 5}, {2, 3}], [{8, 1}, {6, 7}, {5}, {2, 4}, {3}], [{8, 1}, {7}, {2, 6}, {5}, {3, 4}], [{8, 1}, {7}, {3, 6}, {4, 5}, {2}], [{8, 2}, {1, 7}, {3, 6}, {4, 5}], [{8, 2}, {1, 7}, {4, 6}, {3, 5}], [{8, 2}, {1, 7}, {5, 6}, {3, 4}], [{8, 2}, {3, 7}, {1, 6}, {4, 5}], [{8, 2}, {3, 7}, {4, 6}, {1, 5}], [{8, 2}, {3, 7}, {5, 6}, {1, 4}], [{8, 2}, {3, 7}, {5, 6}, {4}, {1}], [{8, 2}, {4, 7}, {1, 6}, {3, 5}], [{8, 2}, {4, 7}, {3, 6}, {1, 5}], [{8, 2}, {4, 7}, {5, 6}, {1, 3}], [{8, 2}, {5, 7}, {1, 6}, {3, 4}], [{8, 2}, {5, 7}, {3, 6}, {1, 4}], [{8, 2}, {5, 7}, {4, 6}, {1, 3}], [{8, 2}, {6, 7}, {1, 5}, {3, 4}], [{8, 2}, {6, 7}, {3, 5}, {1, 4}], [{8, 2}, {6, 7}, {3, 5}, {4}, {1}], [{8, 2}, {6, 7}, {4, 5}, {1, 3}], [{8, 2}, {7}, {1, 6}, {4, 5}, {3}], [{8, 2}, {7}, {3, 6}, {4, 5}, {1}], [{8, 2}, {7}, {4, 6}, {1, 5}, {3}], [{8, 2}, {7}, {6}, {4, 5}, {1, 3}], [{8, 3}, {1, 7}, {2, 6}, {4, 5}], [{8, 3}, {1, 7}, {4, 6}, {2, 5}], [{8, 3}, {1, 7}, {5, 6}, {2, 4}], [{8, 3}, {1, 7}, {6}, {2, 5}, {4}], [{8, 3}, {2, 7}, {1, 6}, {4, 5}], [{8, 3}, {2, 7}, {4, 6}, {1, 5}], [{8, 3}, {2, 7}, {5, 6}, {1, 4}], [{8, 3}, {2, 7}, {5, 6}, {4}, {1}], [{8, 3}, {4, 7}, {1, 6}, {2, 5}], [{8, 3}, {4, 7}, {2, 6}, {1, 5}], [{8, 3}, {4, 7}, {5, 6}, {1, 2}], [{8, 3}, {5, 7}, {1, 6}, {2, 4}], [{8, 3}, {5, 7}, {2, 6}, {1, 4}], [{8, 3}, {5, 7}, {2, 6}, {4}, {1}], [{8, 3}, {5, 7}, {4, 6}, {1, 2}], [{8, 3}, {6, 7}, {1, 5}, {2, 4}], [{8, 3}, {6, 7}, {2, 5}, {1, 4}], [{8, 3}, {6, 7}, {4, 5}, {1, 2}], [{8, 3}, {6, 7}, {5}, {2, 4}, {1}], [{8, 3}, {7}, {1, 6}, {4, 5}, {2}], [{8, 3}, {7}, {2, 6}, {5}, {1, 4}], [{8, 3}, {7}, {6}, {1, 5}, {2, 4}], [{8, 4}, {1, 7}, {2, 6}, {3, 5}], [{8, 4}, {1, 7}, {3, 6}, {2, 5}], [{8, 4}, {1, 7}, {5, 6}, {2, 3}], [{8, 4}, {1, 7}, {5, 6}, {3}, {2}], [{8, 4}, {2, 7}, {1, 6}, {3, 5}], [{8, 4}, {2, 7}, {3, 6}, {1, 5}], [{8, 4}, {2, 7}, {5, 6}, {1, 3}], [{8, 4}, {2, 7}, {5, 6}, {3}, {1}], [{8, 4}, {3, 7}, {1, 6}, {2, 5}], [{8, 4}, {3, 7}, {2, 6}, {1, 5}], [{8, 4}, {3, 7}, {5, 6}, {1, 2}], [{8, 4}, {5, 7}, {1, 6}, {2, 3}], [{8, 4}, {5, 7}, {2, 6}, {1, 3}], [{8, 4}, {5, 7}, {2, 6}, {3}, {1}], [{8, 4}, {5, 7}, {3, 6}, {1, 2}], [{8, 4}, {6, 7}, {1, 5}, {2, 3}], [{8, 4}, {6, 7}, {1, 5}, {3}, {2}], [{8, 4}, {6, 7}, {2, 5}, {1, 3}], [{8, 4}, {6, 7}, {3, 5}, {1, 2}], [{8, 4}, {7}, {1, 6}, {5}, {2, 3}], [{8, 4}, {7}, {2, 6}, {5}, {1, 3}], [{8, 4}, {7}, {3, 6}, {5}, {1, 2}], [{8, 4}, {7}, {5, 6}, {3}, {1, 2}], [{8, 4}, {7}, {6}, {3, 5}, {1, 2}], [{8, 5}, {1, 7}, {2, 6}, {3, 4}], [{8, 5}, {1, 7}, {3, 6}, {2, 4}], [{8, 5}, {1, 7}, {4, 6}, {2, 3}], [{8, 5}, {2, 7}, {1, 6}, {3, 4}], [{8, 5}, {2, 7}, {3, 6}, {1, 4}], [{8, 5}, {2, 7}, {4, 6}, {1, 3}], [{8, 5}, {3, 7}, {1, 6}, {2, 4}], [{8, 5}, {3, 7}, {2, 6}, {1, 4}], [{8, 5}, {3, 7}, {4, 6}, {1, 2}], [{8, 5}, {4, 7}, {1, 6}, {2, 3}], [{8, 5}, {4, 7}, {2, 6}, {1, 3}], [{8, 5}, {4, 7}, {3, 6}, {1, 2}], [{8, 5}, {6, 7}, {1, 4}, {2, 3}], [{8, 5}, {6, 7}, {2, 4}, {1, 3}], [{8, 5}, {6, 7}, {3, 4}, {1, 2}], [{8, 5}, {7}, {1, 6}, {4}, {2, 3}], [{8, 5}, {7}, {2, 6}, {4}, {1, 3}], [{8, 5}, {7}, {3, 6}, {4}, {1, 2}], [{8, 6}, {1, 7}, {2, 5}, {3, 4}], [{8, 6}, {1, 7}, {2, 5}, {4}, {3}], [{8, 6}, {1, 7}, {3, 5}, {2, 4}], [{8, 6}, {1, 7}, {4, 5}, {2, 3}], [{8, 6}, {2, 7}, {1, 5}, {3, 4}], [{8, 6}, {2, 7}, {3, 5}, {1, 4}], [{8, 6}, {2, 7}, {4, 5}, {1, 3}], [{8, 6}, {3, 7}, {1, 5}, {2, 4}], [{8, 6}, {3, 7}, {2, 5}, {1, 4}], [{8, 6}, {3, 7}, {4, 5}, {1, 2}], [{8, 6}, {4, 7}, {1, 5}, {2, 3}], [{8, 6}, {4, 7}, {2, 5}, {1, 3}], [{8, 6}, {4, 7}, {3, 5}, {1, 2}], [{8, 6}, {5, 7}, {1, 4}, {2, 3}], [{8, 6}, {5, 7}, {2, 4}, {1, 3}], [{8, 6}, {5, 7}, {3, 4}, {1, 2}], [{8, 6}, {7}, {1, 5}, {2, 4}, {3}], [{8, 6}, {7}, {3, 5}, {1, 4}, {2}], [{8, 6}, {7}, {4, 5}, {1, 3}, {2}], [{8, 7}, {1, 6}, {2, 5}, {3, 4}], [{8, 7}, {1, 6}, {3, 5}, {2, 4}], [{8, 7}, {1, 6}, {4, 5}, {2, 3}], [{8, 7}, {1, 6}, {4, 5}, {3}, {2}], [{8, 7}, {1, 6}, {5}, {4}, {2, 3}], [{8, 7}, {2, 6}, {1, 5}, {3, 4}], [{8, 7}, {2, 6}, {3, 5}, {1, 4}], [{8, 7}, {2, 6}, {4, 5}, {1, 3}], [{8, 7}, {2, 6}, {4, 5}, {3}, {1}], [{8, 7}, {2, 6}, {5}, {4}, {1, 3}], [{8, 7}, {3, 6}, {1, 5}, {2, 4}], [{8, 7}, {3, 6}, {2, 5}, {1, 4}], [{8, 7}, {3, 6}, {4, 5}, {1, 2}], [{8, 7}, {3, 6}, {4, 5}, {2}, {1}], [{8, 7}, {3, 6}, {5}, {4}, {1, 2}], [{8, 7}, {4, 6}, {1, 5}, {2, 3}], [{8, 7}, {4, 6}, {1, 5}, {3}, {2}], [{8, 7}, {4, 6}, {2, 5}, {1, 3}], [{8, 7}, {4, 6}, {3, 5}, {1, 2}], [{8, 7}, {5, 6}, {1, 4}, {2, 3}], [{8, 7}, {5, 6}, {2, 4}, {1, 3}], [{8, 7}, {5, 6}, {3, 4}, {1, 2}], [{8, 7}, {6}, {4, 5}, {1, 3}, {2}], [{8, 7}, {6}, {4, 5}, {2, 3}, {1}], [{8, 7}, {6}, {4, 5}, {3}, {1, 2}], [{8}, {1, 7}, {3, 6}, {2, 5}, {4}], [{8}, {1, 7}, {3, 6}, {4, 5}, {2}], [{8}, {1, 7}, {3, 6}, {5}, {2, 4}], [{8}, {2, 7}, {1, 6}, {3, 5}, {4}], [{8}, {2, 7}, {1, 6}, {4, 5}, {3}], [{8}, {2, 7}, {1, 6}, {5}, {3, 4}], [{8}, {2, 7}, {3, 6}, {1, 5}, {4}], [{8}, {2, 7}, {3, 6}, {4, 5}, {1}], [{8}, {2, 7}, {3, 6}, {5}, {1, 4}], [{8}, {2, 7}, {4, 6}, {1, 5}, {3}], [{8}, {2, 7}, {4, 6}, {3, 5}, {1}], [{8}, {2, 7}, {4, 6}, {5}, {1, 3}], [{8}, {2, 7}, {5, 6}, {1, 4}, {3}], [{8}, {2, 7}, {5, 6}, {3, 4}, {1}], [{8}, {2, 7}, {5, 6}, {4}, {1, 3}], [{8}, {2, 7}, {6}, {1, 5}, {3, 4}], [{8}, {2, 7}, {6}, {3, 5}, {1, 4}], [{8}, {2, 7}, {6}, {4, 5}, {1, 3}], [{8}, {3, 7}, {1, 6}, {2, 5}, {4}], [{8}, {3, 7}, {1, 6}, {4, 5}, {2}], [{8}, {3, 7}, {1, 6}, {5}, {2, 4}], [{8}, {4, 7}, {1, 6}, {2, 5}, {3}], [{8}, {4, 7}, {1, 6}, {3, 5}, {2}], [{8}, {4, 7}, {1, 6}, {5}, {2, 3}], [{8}, {4, 7}, {2, 6}, {5}, {1, 3}], [{8}, {4, 7}, {3, 6}, {1, 5}, {2}], [{8}, {4, 7}, {3, 6}, {2, 5}, {1}], [{8}, {4, 7}, {3, 6}, {5}, {1, 2}], [{8}, {4, 7}, {5, 6}, {1, 3}, {2}], [{8}, {4, 7}, {6}, {2, 5}, {1, 3}], [{8}, {5, 7}, {1, 6}, {2, 4}, {3}], [{8}, {5, 7}, {1, 6}, {3, 4}, {2}], [{8}, {5, 7}, {1, 6}, {4}, {2, 3}], [{8}, {5, 7}, {2, 6}, {1, 4}, {3}], [{8}, {5, 7}, {2, 6}, {3, 4}, {1}], [{8}, {5, 7}, {2, 6}, {4}, {1, 3}], [{8}, {5, 7}, {3, 6}, {1, 4}, {2}], [{8}, {5, 7}, {3, 6}, {2, 4}, {1}], [{8}, {5, 7}, {3, 6}, {4}, {1, 2}], [{8}, {5, 7}, {4, 6}, {1, 3}, {2}], [{8}, {5, 7}, {4, 6}, {2, 3}, {1}], [{8}, {5, 7}, {4, 6}, {3}, {1, 2}], [{8}, {5, 7}, {6}, {1, 4}, {2, 3}], [{8}, {5, 7}, {6}, {2, 4}, {1, 3}], [{8}, {5, 7}, {6}, {3, 4}, {1, 2}], [{8}, {6, 7}, {2, 5}, {4}, {1, 3}], [{8}, {6, 7}, {4, 5}, {1, 3}, {2}], [{8}, {6, 7}, {5}, {2, 4}, {1, 3}], [{8}, {7}, {1, 6}, {2, 5}, {3, 4}], [{8}, {7}, {1, 6}, {3, 5}, {2, 4}], [{8}, {7}, {1, 6}, {4, 5}, {2, 3}], [{8}, {7}, {1, 6}, {4, 5}, {3}, {2}], [{8}, {7}, {1, 6}, {5}, {4}, {2, 3}], [{8}, {7}, {2, 6}, {4, 5}, {1, 3}], [{8}, {7}, {2, 6}, {5}, {4}, {1, 3}], [{8}, {7}, {3, 6}, {1, 5}, {2, 4}], [{8}, {7}, {3, 6}, {2, 5}, {1, 4}], [{8}, {7}, {3, 6}, {4, 5}, {1, 2}], [{8}, {7}, {3, 6}, {4, 5}, {2}, {1}], [{8}, {7}, {3, 6}, {5}, {4}, {1, 2}], [{8}, {7}, {4, 6}, {2, 5}, {1, 3}], [{8}, {7}, {5, 6}, {2, 4}, {1, 3}], [{8}, {7}, {6}, {4, 5}, {1, 3}, {2}]]",2,16 K_1^3 + 8 K_1^2 K_2 - 26 K_1^2 - 20 K_1 K_2 - 4 K_1 K_3 - 2 K_1 - 4 K_2^2 + 11 K_2 + 6 K_3 + 2 K_4 + 14,O1O2O3O4U2U5U3O6O5U6O7U1U4O8U7U8,O1O2O3U4U1U3U5O6O7U6O4O5U7O8U2U8,O1O2O3U4U2O4U5O6O7U8O5O8U6U1U3U7,c,{'O1O2O3O4U5U6O5U1U4O6U7O8O7U2U8U3'},1,"<a href=""/flatknot/8.857511"">8.857511</a>",t^9-58t^7-252t^6-368t^5-160t^4+55t^3+158t^2+56t-24,-t^2+2t,,
8.857512,O1O2O3O4U5U6O5U1U4O6U7O8O7U3U2U8,4,3z^3+37z^2+113z+103,3w^4z^3+37w^3z^2+113w^2z+103w,False,False,"[[ 0 -2  0  0  2 -1 -1  1  1],[ 2  0  2  1  1  2  2  2  2],[ 0 -2  0  0  1 -1  0  0  1],[ 0 -1  0  0  1 -1  0  0  0],[-2 -1 -1 -1  0 -2 -1 -2  0],[ 1 -2  1  1  2  0 -1  2  1],[ 1 -2  0  0  1  1  0  2  1],[-1 -2  0  0  2 -2 -2  0  1],[-1 -2 -1  0  0 -1 -1 -1  0]]","[[ 0  2  1  1  0  0 -1 -1 -2],[-2  0  0 -2 -1 -1 -1 -2 -1],[-1  0  0 -1  0 -1 -1 -1 -2],[-1  2  1  0  0  0 -2 -2 -2],[ 0  1  0  0  0  0  0 -1 -1],[ 0  1  1  0  0  0  0 -1 -2],[ 1  1  1  2  0  0  0  1 -2],[ 1  2  1  2  1  1 -1  0 -2],[ 2  1  2  2  1  2  2  2  0]]",True,"[-2,-1,-1,0,0,1,1,2,0,2,1,1,1,2,1,1,0,1,1,1,2,0,0,2,2,2,0,0,1,1,0,1,2,-1,2,2]","[-2,-1,-1,0,0,1,1,2,-1,-1,0,1,1,1,3,-1,1,1,0,1,2,0,0,0,1,1,0,1,0,1,1,1,1,-1,-1,1]",t^8+48t^6+204t^4+135t^2+4,"[-2,-1,-1,0,0,1,1,2,-1,-1,0,1,1,1,3,-1,1,1,0,1,2,0,0,0,1,1,0,1,0,1,1,1,1,-1,-1,1]","[-2,-1,-1,0,0,1,1,2,-1,1,1,1,1,2,3,1,1,1,0,0,1,0,1,1,1,1,0,0,1,0,0,1,1,-1,-1,-1]","[-2,-1,-1,0,0,1,1,2,2,2,1,2,2,2,1,-1,1,1,1,2,2,0,0,1,2,1,0,0,0,1,1,0,1,-1,0,2]",c,"[[{8, 1}, {2, 7}, {3, 6}, {4, 5}], [{8, 1}, {2, 7}, {4, 6}, {3, 5}], [{8, 1}, {2, 7}, {5, 6}, {3, 4}], [{8, 1}, {2, 7}, {6}, {3, 5}, {4}], [{8, 1}, {2, 7}, {6}, {4, 5}, {3}], [{8, 1}, {2, 7}, {6}, {5}, {3, 4}], [{8, 1}, {3, 7}, {2, 6}, {4, 5}], [{8, 1}, {3, 7}, {4, 6}, {2, 5}], [{8, 1}, {3, 7}, {5, 6}, {2, 4}], [{8, 1}, {3, 7}, {6}, {2, 5}, {4}], [{8, 1}, {3, 7}, {6}, {4, 5}, {2}], [{8, 1}, {3, 7}, {6}, {5}, {2, 4}], [{8, 1}, {4, 7}, {2, 6}, {3, 5}], [{8, 1}, {4, 7}, {3, 6}, {2, 5}], [{8, 1}, {4, 7}, {5, 6}, {2, 3}], [{8, 1}, {4, 7}, {5, 6}, {3}, {2}], [{8, 1}, {5, 7}, {2, 6}, {3, 4}], [{8, 1}, {5, 7}, {3, 6}, {2, 4}], [{8, 1}, {5, 7}, {4, 6}, {2, 3}], [{8, 1}, {5, 7}, {4, 6}, {3}, {2}], [{8, 1}, {6, 7}, {2, 5}, {3, 4}], [{8, 1}, {6, 7}, {3, 5}, {2, 4}], [{8, 1}, {6, 7}, {4, 5}, {2, 3}], [{8, 1}, {6, 7}, {4, 5}, {3}, {2}], [{8, 1}, {7}, {2, 6}, {4, 5}, {3}], [{8, 1}, {7}, {3, 6}, {4, 5}, {2}], [{8, 1}, {7}, {6}, {4, 5}, {2, 3}], [{8, 1}, {7}, {6}, {4, 5}, {3}, {2}], [{8, 2}, {1, 7}, {3, 6}, {4, 5}], [{8, 2}, {1, 7}, {4, 6}, {3, 5}], [{8, 2}, {1, 7}, {5, 6}, {3, 4}], [{8, 2}, {1, 7}, {6}, {3, 5}, {4}], [{8, 2}, {1, 7}, {6}, {4, 5}, {3}], [{8, 2}, {1, 7}, {6}, {5}, {3, 4}], [{8, 2}, {3, 7}, {1, 6}, {4, 5}], [{8, 2}, {3, 7}, {4, 6}, {1, 5}], [{8, 2}, {3, 7}, {5, 6}, {1, 4}], [{8, 2}, {3, 7}, {6}, {1, 5}, {4}], [{8, 2}, {3, 7}, {6}, {4, 5}, {1}], [{8, 2}, {3, 7}, {6}, {5}, {1, 4}], [{8, 2}, {4, 7}, {1, 6}, {3, 5}], [{8, 2}, {4, 7}, {3, 6}, {1, 5}], [{8, 2}, {4, 7}, {5, 6}, {1, 3}], [{8, 2}, {5, 7}, {1, 6}, {3, 4}], [{8, 2}, {5, 7}, {3, 6}, {1, 4}], [{8, 2}, {5, 7}, {4, 6}, {1, 3}], [{8, 2}, {6, 7}, {1, 5}, {3, 4}], [{8, 2}, {6, 7}, {3, 5}, {1, 4}], [{8, 2}, {6, 7}, {4, 5}, {1, 3}], [{8, 2}, {6, 7}, {4, 5}, {3}, {1}], [{8, 2}, {7}, {1, 6}, {4, 5}, {3}], [{8, 2}, {7}, {3, 6}, {4, 5}, {1}], [{8, 2}, {7}, {6}, {4, 5}, {1, 3}], [{8, 2}, {7}, {6}, {4, 5}, {3}, {1}], [{8, 3}, {1, 7}, {2, 6}, {4, 5}], [{8, 3}, {1, 7}, {4, 6}, {2, 5}], [{8, 3}, {1, 7}, {5, 6}, {2, 4}], [{8, 3}, {1, 7}, {5, 6}, {4}, {2}], [{8, 3}, {2, 7}, {1, 6}, {4, 5}], [{8, 3}, {2, 7}, {4, 6}, {1, 5}], [{8, 3}, {2, 7}, {5, 6}, {1, 4}], [{8, 3}, {4, 7}, {1, 6}, {2, 5}], [{8, 3}, {4, 7}, {2, 6}, {1, 5}], [{8, 3}, {4, 7}, {5, 6}, {1, 2}], [{8, 3}, {5, 7}, {1, 6}, {2, 4}], [{8, 3}, {5, 7}, {2, 6}, {1, 4}], [{8, 3}, {5, 7}, {4, 6}, {1, 2}], [{8, 3}, {5, 7}, {4, 6}, {2}, {1}], [{8, 3}, {6, 7}, {1, 5}, {2, 4}], [{8, 3}, {6, 7}, {2, 5}, {1, 4}], [{8, 3}, {6, 7}, {4, 5}, {1, 2}], [{8, 3}, {6, 7}, {4, 5}, {2}, {1}], [{8, 3}, {7}, {1, 6}, {2, 5}, {4}], [{8, 3}, {7}, {6}, {4, 5}, {1, 2}], [{8, 4}, {1, 7}, {2, 6}, {3, 5}], [{8, 4}, {1, 7}, {3, 6}, {2, 5}], [{8, 4}, {1, 7}, {5, 6}, {2, 3}], [{8, 4}, {2, 7}, {1, 6}, {3, 5}], [{8, 4}, {2, 7}, {3, 6}, {1, 5}], [{8, 4}, {2, 7}, {5, 6}, {1, 3}], [{8, 4}, {2, 7}, {6}, {1, 5}, {3}], [{8, 4}, {3, 7}, {1, 6}, {2, 5}], [{8, 4}, {3, 7}, {2, 6}, {1, 5}], [{8, 4}, {3, 7}, {5, 6}, {1, 2}], [{8, 4}, {3, 7}, {6}, {2, 5}, {1}], [{8, 4}, {5, 7}, {1, 6}, {2, 3}], [{8, 4}, {5, 7}, {1, 6}, {3}, {2}], [{8, 4}, {5, 7}, {2, 6}, {1, 3}], [{8, 4}, {5, 7}, {3, 6}, {1, 2}], [{8, 4}, {6, 7}, {1, 5}, {2, 3}], [{8, 4}, {6, 7}, {1, 5}, {3}, {2}], [{8, 4}, {6, 7}, {2, 5}, {1, 3}], [{8, 4}, {6, 7}, {3, 5}, {1, 2}], [{8, 4}, {7}, {2, 6}, {1, 5}, {3}], [{8, 4}, {7}, {3, 6}, {5}, {1, 2}], [{8, 5}, {1, 7}, {2, 6}, {3, 4}], [{8, 5}, {1, 7}, {3, 6}, {2, 4}], [{8, 5}, {1, 7}, {4, 6}, {2, 3}], [{8, 5}, {2, 7}, {1, 6}, {3, 4}], [{8, 5}, {2, 7}, {3, 6}, {1, 4}], [{8, 5}, {2, 7}, {4, 6}, {1, 3}], [{8, 5}, {2, 7}, {6}, {4}, {1, 3}], [{8, 5}, {3, 7}, {1, 6}, {2, 4}], [{8, 5}, {3, 7}, {2, 6}, {1, 4}], [{8, 5}, {3, 7}, {4, 6}, {1, 2}], [{8, 5}, {3, 7}, {6}, {1, 4}, {2}], [{8, 5}, {4, 7}, {1, 6}, {2, 3}], [{8, 5}, {4, 7}, {2, 6}, {1, 3}], [{8, 5}, {4, 7}, {3, 6}, {1, 2}], [{8, 5}, {6, 7}, {1, 4}, {2, 3}], [{8, 5}, {6, 7}, {1, 4}, {3}, {2}], [{8, 5}, {6, 7}, {2, 4}, {1, 3}], [{8, 5}, {6, 7}, {3, 4}, {1, 2}], [{8, 5}, {7}, {3, 6}, {1, 4}, {2}], [{8, 5}, {7}, {3, 6}, {2, 4}, {1}], [{8, 5}, {7}, {3, 6}, {4}, {1, 2}], [{8, 6}, {1, 7}, {2, 5}, {3, 4}], [{8, 6}, {1, 7}, {3, 5}, {2, 4}], [{8, 6}, {1, 7}, {4, 5}, {2, 3}], [{8, 6}, {2, 7}, {1, 5}, {3, 4}], [{8, 6}, {2, 7}, {3, 5}, {1, 4}], [{8, 6}, {2, 7}, {4, 5}, {1, 3}], [{8, 6}, {2, 7}, {5}, {3, 4}, {1}], [{8, 6}, {3, 7}, {1, 5}, {2, 4}], [{8, 6}, {3, 7}, {2, 5}, {1, 4}], [{8, 6}, {3, 7}, {4, 5}, {1, 2}], [{8, 6}, {3, 7}, {4, 5}, {2}, {1}], [{8, 6}, {4, 7}, {1, 5}, {2, 3}], [{8, 6}, {4, 7}, {2, 5}, {1, 3}], [{8, 6}, {4, 7}, {3, 5}, {1, 2}], [{8, 6}, {5, 7}, {1, 4}, {2, 3}], [{8, 6}, {5, 7}, {1, 4}, {3}, {2}], [{8, 6}, {5, 7}, {2, 4}, {1, 3}], [{8, 6}, {5, 7}, {3, 4}, {1, 2}], [{8, 6}, {7}, {4, 5}, {3}, {1, 2}], [{8, 7}, {1, 6}, {2, 5}, {3, 4}], [{8, 7}, {1, 6}, {3, 5}, {2, 4}], [{8, 7}, {1, 6}, {4, 5}, {2, 3}], [{8, 7}, {1, 6}, {5}, {2, 4}, {3}], [{8, 7}, {2, 6}, {1, 5}, {3, 4}], [{8, 7}, {2, 6}, {3, 5}, {1, 4}], [{8, 7}, {2, 6}, {4, 5}, {1, 3}], [{8, 7}, {2, 6}, {5}, {4}, {1, 3}], [{8, 7}, {3, 6}, {1, 5}, {2, 4}], [{8, 7}, {3, 6}, {2, 5}, {1, 4}], [{8, 7}, {3, 6}, {4, 5}, {1, 2}], [{8, 7}, {3, 6}, {5}, {4}, {1, 2}], [{8, 7}, {4, 6}, {1, 5}, {2, 3}], [{8, 7}, {4, 6}, {2, 5}, {1, 3}], [{8, 7}, {4, 6}, {3, 5}, {1, 2}], [{8, 7}, {5, 6}, {1, 4}, {2, 3}], [{8, 7}, {5, 6}, {2, 4}, {1, 3}], [{8, 7}, {5, 6}, {3, 4}, {1, 2}], [{8, 7}, {5, 6}, {3, 4}, {2}, {1}], [{8, 7}, {6}, {4, 5}, {3}, {1, 2}], [{8}, {1, 7}, {3, 6}, {2, 5}, {4}], [{8}, {1, 7}, {4, 6}, {3, 5}, {2}], [{8}, {2, 7}, {1, 6}, {5}, {3, 4}], [{8}, {2, 7}, {3, 6}, {1, 5}, {4}], [{8}, {2, 7}, {4, 6}, {3, 5}, {1}], [{8}, {3, 7}, {1, 6}, {4, 5}, {2}], [{8}, {3, 7}, {2, 6}, {4, 5}, {1}], [{8}, {3, 7}, {6}, {2, 5}, {1, 4}], [{8}, {3, 7}, {6}, {4, 5}, {1, 2}], [{8}, {4, 7}, {3, 6}, {5}, {1, 2}], [{8}, {5, 7}, {3, 6}, {4}, {1, 2}], [{8}, {5, 7}, {4, 6}, {1, 3}, {2}], [{8}, {6, 7}, {2, 5}, {3, 4}, {1}], [{8}, {6, 7}, {3, 5}, {2, 4}, {1}], [{8}, {6, 7}, {4, 5}, {1, 3}, {2}], [{8}, {6, 7}, {4, 5}, {2, 3}, {1}], [{8}, {6, 7}, {4, 5}, {3}, {1, 2}], [{8}, {7}, {2, 6}, {3, 5}, {1, 4}], [{8}, {7}, {3, 6}, {4, 5}, {1, 2}], [{8}, {7}, {3, 6}, {5}, {4}, {1, 2}], [{8}, {7}, {4, 6}, {3, 5}, {1, 2}], [{8}, {7}, {5, 6}, {3, 4}, {1, 2}], [{8}, {7}, {6}, {4, 5}, {3}, {1, 2}]]",2,8 K_1^2 K_2 - 4 K_1^2 - 8 K_1 K_2 - 4 K_1 K_3 + 4 K_1 - 4 K_2^2 + 4 K_3 + 2 K_4 + 3,O1O2O3O4U5U3U2O6O5U6O7U1U4O8U7U8,O1O2O3U4U2U1U5O6O7U6O4O5U7O8U3U8,O1O2O3U4U1O4U5O6O7U8O5O8U6U3U2U7,c,{'O1O2O3O4U5U6O5U1U4O6U7O8O7U3U2U8'},1,"<a href=""/flatknot/8.857512"">8.857512</a>",t^9-48t^7-174t^6-152t^5+144t^4+257t^3+60t^2-76t-60,0,,
8.857513,O1O2O3O4U5U6O5U1U4O6U7O8O7U3U8U2,4,23z^2+108z+125,23w^3z^2+108w^2z+125w,False,False,"[[ 0 -2  1  0  2 -1 -1  1  0],[ 2  0  2  1  1  2  2  2  1],[-1 -2  0 -1  1 -2 -1  0  0],[ 0 -1  1  0  1 -1  0  0  0],[-2 -1 -1 -1  0 -2 -1 -2  0],[ 1 -2  2  1  2  0 -1  2  0],[ 1 -2  1  0  1  1  0  2  0],[-1 -2  0  0  2 -2 -2  0  0],[ 0 -1  0  0  0  0  0  0  0]]","[[ 0  2  1  1  0  0 -1 -1 -2],[-2  0 -1 -2  0 -1 -1 -2 -1],[-1  1  0  0  0 -1 -1 -2 -2],[-1  2  0  0  0  0 -2 -2 -2],[ 0  0  0  0  0  0  0  0 -1],[ 0  1  1  0  0  0  0 -1 -1],[ 1  1  1  2  0  0  0  1 -2],[ 1  2  2  2  0  1 -1  0 -2],[ 2  1  2  2  1  1  2  2  0]]",True,"[-2,-1,-1,0,0,1,1,2,1,2,0,1,1,2,1,0,0,1,1,2,2,0,0,2,2,2,0,0,0,1,0,1,1,-1,2,2]","[-2,-1,-1,0,0,1,1,2,-1,-1,1,1,1,1,3,-1,1,1,0,1,2,0,1,0,0,1,0,1,0,1,1,1,2,0,-1,0]",t^8+46t^6+147t^4+75t^2+4,"[-2,-1,-1,0,0,1,1,2,-1,-1,1,1,1,1,3,-1,1,1,0,1,2,0,1,0,0,1,0,1,0,1,1,1,2,0,-1,0]","[-2,-1,-1,0,0,1,1,2,-1,0,1,2,1,2,3,0,1,1,0,0,1,0,1,0,1,1,0,0,1,1,1,1,1,-1,-1,-1]","[-2,-1,-1,0,0,1,1,2,2,2,1,1,2,2,1,-1,0,1,2,2,2,0,0,1,2,1,0,0,0,0,1,0,1,0,1,2]",c,"[[{8, 3}, {6, 7}, {2, 5}, {1, 4}], [{8}, {6, 7}, {2, 5}, {1, 4}, {3}]]",1,4 K_1^3 - 8 K_1^2 - 20 K_1 K_2 - 4 K_1 K_3 + 7 K_1 - 4 K_2^2 + 6 K_2 + 9 K_3 + 4 K_4 + 7,O1O2O3O4U3U5U2O6O5U6O7U1U4O8U7U8,O1O2O3U4U3U1U5O6O7U6O4O5U7O8U2U8,O1O2O3U4U2O4U5O6O7U8O5O8U6U3U1U7,c,{'O1O2O3O4U5U6O5U1U4O6U7O8O7U3U8U2'},1,"<a href=""/flatknot/8.857513"">8.857513</a>",t^9-46t^7-164t^6-151t^5+96t^4+232t^3+112t^2-30t-16,0,,
8.857514,O1O2O3O4U5U6O5U1U7O6U2O7O8U3U4U8,4,7z^3+49z^2+109z+79,7w^4z^3+49w^3z^2+109w^2z+79w,False,False,"[[ 0 -2  0  0  2 -1 -1  0  2],[ 2  0  0  1  2  2  3  2  2],[ 0  0  0  0  1 -1  1  1  2],[ 0 -1  0  0  1 -1  0  1  2],[-2 -2 -1 -1  0 -3 -2 -1  1],[ 1 -2  1  1  3  0 -1  0  2],[ 1 -3 -1  0  2  1  0  0  2],[ 0 -2 -1 -1  1  0  0  0  2],[-2 -2 -2 -2 -1 -2 -2 -2  0]]","[[ 0  2  2  0  0  0 -1 -1 -2],[-2  0  1 -1 -1 -1 -2 -3 -2],[-2 -1  0 -2 -2 -2 -2 -2 -2],[ 0  1  2  0  1  0  1 -1  0],[ 0  1  2 -1  0 -1  0  0 -2],[ 0  1  2  0  1  0  0 -1 -1],[ 1  2  2 -1  0  0  0  1 -3],[ 1  3  2  1  0  1 -1  0 -2],[ 2  2  2  0  2  1  3  2  0]]",True,"[-2,-2,0,0,0,1,1,2,-1,1,1,1,2,3,2,2,2,2,2,2,2,-1,0,-1,1,0,1,0,0,2,0,1,1,-1,3,2]","[-2,-2,0,0,0,1,1,2,-1,0,0,0,1,1,2,1,1,1,0,1,2,-1,-1,1,1,0,0,0,1,1,0,2,2,-1,-1,-2]",t^8+69t^6+565t^4+217t^2+1,"[-2,-1,-1,0,0,0,2,2,-2,-1,0,1,2,2,2,-1,1,1,2,1,1,1,0,0,0,1,1,1,1,0,0,1,0,1,0,-1]","[-2,-2,0,0,0,1,1,2,-1,0,0,0,1,1,2,1,1,1,0,1,2,-1,-1,1,1,0,0,0,1,1,0,2,2,-1,-1,-2]","[-2,-1,-1,0,0,0,2,2,2,3,0,1,2,2,2,-1,1,1,0,2,3,-1,0,0,2,2,0,1,2,1,1,2,1,2,1,-1]",c,"[[{8, 1}, {2, 7}, {3, 6}, {4, 5}], [{8, 1}, {2, 7}, {4, 6}, {3, 5}], [{8, 1}, {2, 7}, {4, 6}, {5}, {3}], [{8, 1}, {2, 7}, {5, 6}, {3, 4}], [{8, 1}, {2, 7}, {5, 6}, {4}, {3}], [{8, 1}, {2, 7}, {6}, {4, 5}, {3}], [{8, 1}, {3, 7}, {2, 6}, {4, 5}], [{8, 1}, {3, 7}, {2, 6}, {5}, {4}], [{8, 1}, {3, 7}, {4, 6}, {2, 5}], [{8, 1}, {3, 7}, {5, 6}, {2, 4}], [{8, 1}, {4, 7}, {2, 6}, {3, 5}], [{8, 1}, {4, 7}, {2, 6}, {5}, {3}], [{8, 1}, {4, 7}, {3, 6}, {2, 5}], [{8, 1}, {4, 7}, {3, 6}, {5}, {2}], [{8, 1}, {4, 7}, {5, 6}, {2, 3}], [{8, 1}, {4, 7}, {5, 6}, {3}, {2}], [{8, 1}, {4, 7}, {6}, {2, 5}, {3}], [{8, 1}, {4, 7}, {6}, {3, 5}, {2}], [{8, 1}, {4, 7}, {6}, {5}, {2, 3}], [{8, 1}, {4, 7}, {6}, {5}, {3}, {2}], [{8, 1}, {5, 7}, {2, 6}, {3, 4}], [{8, 1}, {5, 7}, {2, 6}, {4}, {3}], [{8, 1}, {5, 7}, {3, 6}, {2, 4}], [{8, 1}, {5, 7}, {4, 6}, {2, 3}], [{8, 1}, {5, 7}, {4, 6}, {3}, {2}], [{8, 1}, {5, 7}, {6}, {2, 4}, {3}], [{8, 1}, {6, 7}, {2, 5}, {3, 4}], [{8, 1}, {6, 7}, {2, 5}, {4}, {3}], [{8, 1}, {6, 7}, {3, 5}, {2, 4}], [{8, 1}, {6, 7}, {4, 5}, {2, 3}], [{8, 1}, {6, 7}, {4, 5}, {3}, {2}], [{8, 1}, {6, 7}, {5}, {2, 4}, {3}], [{8, 1}, {7}, {2, 6}, {3, 5}, {4}], [{8, 1}, {7}, {2, 6}, {4, 5}, {3}], [{8, 1}, {7}, {2, 6}, {5}, {3, 4}], [{8, 1}, {7}, {2, 6}, {5}, {4}, {3}], [{8, 1}, {7}, {4, 6}, {2, 5}, {3}], [{8, 1}, {7}, {5, 6}, {2, 4}, {3}], [{8, 2}, {1, 7}, {3, 6}, {4, 5}], [{8, 2}, {1, 7}, {3, 6}, {5}, {4}], [{8, 2}, {1, 7}, {4, 6}, {3, 5}], [{8, 2}, {1, 7}, {4, 6}, {5}, {3}], [{8, 2}, {1, 7}, {5, 6}, {3, 4}], [{8, 2}, {1, 7}, {6}, {5}, {3, 4}], [{8, 2}, {3, 7}, {1, 6}, {4, 5}], [{8, 2}, {3, 7}, {4, 6}, {1, 5}], [{8, 2}, {3, 7}, {5, 6}, {1, 4}], [{8, 2}, {4, 7}, {1, 6}, {3, 5}], [{8, 2}, {4, 7}, {3, 6}, {1, 5}], [{8, 2}, {4, 7}, {5, 6}, {1, 3}], [{8, 2}, {4, 7}, {6}, {1, 5}, {3}], [{8, 2}, {5, 7}, {1, 6}, {3, 4}], [{8, 2}, {5, 7}, {3, 6}, {1, 4}], [{8, 2}, {5, 7}, {3, 6}, {4}, {1}], [{8, 2}, {5, 7}, {4, 6}, {1, 3}], [{8, 2}, {6, 7}, {1, 5}, {3, 4}], [{8, 2}, {6, 7}, {3, 5}, {1, 4}], [{8, 2}, {6, 7}, {4, 5}, {1, 3}], [{8, 2}, {6, 7}, {5}, {1, 4}, {3}], [{8, 2}, {7}, {3, 6}, {1, 5}, {4}], [{8, 2}, {7}, {6}, {3, 5}, {1, 4}], [{8, 3}, {1, 7}, {2, 6}, {4, 5}], [{8, 3}, {1, 7}, {4, 6}, {2, 5}], [{8, 3}, {1, 7}, {5, 6}, {2, 4}], [{8, 3}, {1, 7}, {6}, {5}, {2, 4}], [{8, 3}, {2, 7}, {1, 6}, {4, 5}], [{8, 3}, {2, 7}, {4, 6}, {1, 5}], [{8, 3}, {2, 7}, {5, 6}, {1, 4}], [{8, 3}, {2, 7}, {5, 6}, {4}, {1}], [{8, 3}, {2, 7}, {6}, {5}, {1, 4}], [{8, 3}, {4, 7}, {1, 6}, {2, 5}], [{8, 3}, {4, 7}, {2, 6}, {1, 5}], [{8, 3}, {4, 7}, {2, 6}, {5}, {1}], [{8, 3}, {4, 7}, {5, 6}, {1, 2}], [{8, 3}, {4, 7}, {6}, {1, 5}, {2}], [{8, 3}, {5, 7}, {1, 6}, {2, 4}], [{8, 3}, {5, 7}, {2, 6}, {1, 4}], [{8, 3}, {5, 7}, {4, 6}, {1, 2}], [{8, 3}, {5, 7}, {4, 6}, {2}, {1}], [{8, 3}, {5, 7}, {6}, {4}, {1, 2}], [{8, 3}, {6, 7}, {1, 5}, {2, 4}], [{8, 3}, {6, 7}, {2, 5}, {1, 4}], [{8, 3}, {6, 7}, {4, 5}, {1, 2}], [{8, 3}, {6, 7}, {4, 5}, {2}, {1}], [{8, 3}, {7}, {1, 6}, {2, 5}, {4}], [{8, 3}, {7}, {2, 6}, {1, 5}, {4}], [{8, 3}, {7}, {4, 6}, {5}, {1, 2}], [{8, 3}, {7}, {5, 6}, {1, 4}, {2}], [{8, 4}, {1, 7}, {2, 6}, {3, 5}], [{8, 4}, {1, 7}, {3, 6}, {2, 5}], [{8, 4}, {1, 7}, {5, 6}, {2, 3}], [{8, 4}, {2, 7}, {1, 6}, {3, 5}], [{8, 4}, {2, 7}, {3, 6}, {1, 5}], [{8, 4}, {2, 7}, {5, 6}, {1, 3}], [{8, 4}, {3, 7}, {1, 6}, {2, 5}], [{8, 4}, {3, 7}, {2, 6}, {1, 5}], [{8, 4}, {3, 7}, {2, 6}, {5}, {1}], [{8, 4}, {3, 7}, {5, 6}, {1, 2}], [{8, 4}, {5, 7}, {1, 6}, {2, 3}], [{8, 4}, {5, 7}, {2, 6}, {1, 3}], [{8, 4}, {5, 7}, {2, 6}, {3}, {1}], [{8, 4}, {5, 7}, {3, 6}, {1, 2}], [{8, 4}, {6, 7}, {1, 5}, {2, 3}], [{8, 4}, {6, 7}, {2, 5}, {1, 3}], [{8, 4}, {6, 7}, {3, 5}, {1, 2}], [{8, 4}, {7}, {2, 6}, {3, 5}, {1}], [{8, 4}, {7}, {3, 6}, {2, 5}, {1}], [{8, 5}, {1, 7}, {2, 6}, {3, 4}], [{8, 5}, {1, 7}, {3, 6}, {2, 4}], [{8, 5}, {1, 7}, {3, 6}, {4}, {2}], [{8, 5}, {1, 7}, {4, 6}, {2, 3}], [{8, 5}, {2, 7}, {1, 6}, {3, 4}], [{8, 5}, {2, 7}, {3, 6}, {1, 4}], [{8, 5}, {2, 7}, {4, 6}, {1, 3}], [{8, 5}, {3, 7}, {1, 6}, {2, 4}], [{8, 5}, {3, 7}, {2, 6}, {1, 4}], [{8, 5}, {3, 7}, {4, 6}, {1, 2}], [{8, 5}, {4, 7}, {1, 6}, {2, 3}], [{8, 5}, {4, 7}, {1, 6}, {3}, {2}], [{8, 5}, {4, 7}, {2, 6}, {1, 3}], [{8, 5}, {4, 7}, {2, 6}, {3}, {1}], [{8, 5}, {4, 7}, {3, 6}, {1, 2}], [{8, 5}, {4, 7}, {3, 6}, {2}, {1}], [{8, 5}, {4, 7}, {6}, {1, 3}, {2}], [{8, 5}, {4, 7}, {6}, {2, 3}, {1}], [{8, 5}, {4, 7}, {6}, {3}, {1, 2}], [{8, 5}, {4, 7}, {6}, {3}, {2}, {1}], [{8, 5}, {6, 7}, {1, 4}, {2, 3}], [{8, 5}, {6, 7}, {2, 4}, {1, 3}], [{8, 5}, {6, 7}, {3, 4}, {1, 2}], [{8, 5}, {7}, {2, 6}, {4}, {1, 3}], [{8, 5}, {7}, {3, 6}, {1, 4}, {2}], [{8, 6}, {1, 7}, {2, 5}, {3, 4}], [{8, 6}, {1, 7}, {3, 5}, {2, 4}], [{8, 6}, {1, 7}, {4, 5}, {2, 3}], [{8, 6}, {2, 7}, {1, 5}, {3, 4}], [{8, 6}, {2, 7}, {3, 5}, {1, 4}], [{8, 6}, {2, 7}, {4, 5}, {1, 3}], [{8, 6}, {3, 7}, {1, 5}, {2, 4}], [{8, 6}, {3, 7}, {2, 5}, {1, 4}], [{8, 6}, {3, 7}, {4, 5}, {1, 2}], [{8, 6}, {4, 7}, {1, 5}, {2, 3}], [{8, 6}, {4, 7}, {1, 5}, {3}, {2}], [{8, 6}, {4, 7}, {2, 5}, {1, 3}], [{8, 6}, {4, 7}, {3, 5}, {1, 2}], [{8, 6}, {5, 7}, {1, 4}, {2, 3}], [{8, 6}, {5, 7}, {2, 4}, {1, 3}], [{8, 6}, {5, 7}, {3, 4}, {1, 2}], [{8, 6}, {7}, {3, 5}, {1, 4}, {2}], [{8, 6}, {7}, {4, 5}, {1, 3}, {2}], [{8, 7}, {1, 6}, {2, 5}, {3, 4}], [{8, 7}, {1, 6}, {3, 5}, {2, 4}], [{8, 7}, {1, 6}, {4, 5}, {2, 3}], [{8, 7}, {2, 6}, {1, 5}, {3, 4}], [{8, 7}, {2, 6}, {3, 5}, {1, 4}], [{8, 7}, {2, 6}, {3, 5}, {4}, {1}], [{8, 7}, {2, 6}, {4, 5}, {1, 3}], [{8, 7}, {3, 6}, {1, 5}, {2, 4}], [{8, 7}, {3, 6}, {2, 5}, {1, 4}], [{8, 7}, {3, 6}, {4, 5}, {1, 2}], [{8, 7}, {4, 6}, {1, 5}, {2, 3}], [{8, 7}, {4, 6}, {2, 5}, {1, 3}], [{8, 7}, {4, 6}, {3, 5}, {1, 2}], [{8, 7}, {5, 6}, {1, 4}, {2, 3}], [{8, 7}, {5, 6}, {2, 4}, {1, 3}], [{8, 7}, {5, 6}, {3, 4}, {1, 2}], [{8, 7}, {6}, {2, 5}, {3, 4}, {1}], [{8, 7}, {6}, {4, 5}, {1, 3}, {2}], [{8, 7}, {6}, {5}, {1, 4}, {2, 3}], [{8}, {1, 7}, {2, 6}, {3, 5}, {4}], [{8}, {1, 7}, {3, 6}, {2, 5}, {4}], [{8}, {1, 7}, {5, 6}, {3, 4}, {2}], [{8}, {2, 7}, {1, 6}, {5}, {3, 4}], [{8}, {2, 7}, {5, 6}, {4}, {1, 3}], [{8}, {3, 7}, {2, 6}, {5}, {1, 4}], [{8}, {4, 7}, {2, 6}, {1, 5}, {3}], [{8}, {4, 7}, {2, 6}, {3, 5}, {1}], [{8}, {4, 7}, {2, 6}, {5}, {1, 3}], [{8}, {4, 7}, {3, 6}, {1, 5}, {2}], [{8}, {4, 7}, {6}, {1, 5}, {2, 3}], [{8}, {4, 7}, {6}, {1, 5}, {3}, {2}], [{8}, {5, 7}, {2, 6}, {1, 4}, {3}], [{8}, {5, 7}, {4, 6}, {1, 3}, {2}], [{8}, {6, 7}, {4, 5}, {1, 3}, {2}], [{8}, {6, 7}, {5}, {3, 4}, {1, 2}], [{8}, {7}, {2, 6}, {3, 5}, {1, 4}], [{8}, {7}, {2, 6}, {3, 5}, {4}, {1}]]",2,16 K_1^3 - 10 K_1^2 - 12 K_1 K_2 - 6 K_1 + 5 K_2 + 2 K_3 + 6,O1O2O3O4U5U1U2O5O6U3O7U6U4O8U7U8,O1O2O3U4U5U1U2O6O7U6O4O8U7O5U8U3,O1O2O3U1U4O5U6O4O7U8O6O8U2U3U5U7,c,{'O1O2O3O4U5U6O5U1U7O6U2O7O8U3U4U8'},1,"<a href=""/flatknot/8.857514"">8.857514</a>",t^9-67t^7-280t^6-174t^5+842t^4+1182t^3-148t^2-457t+88,-t^2+2t,,
8.857515,O1O2O3O4U5U6O5U1U7O6U2O7O8U3U8U4,4,2z^3+28z^2+107z+119,2w^4z^3+28w^3z^2+107w^2z+119w,False,False,"[[ 0 -2  0  0  3 -1 -1  0  1],[ 2  0  0  1  2  2  3  2  1],[ 0  0  0  0  1 -1  1  1  1],[ 0 -1  0  0  2 -1  0  1  1],[-3 -2 -1 -2  0 -4 -3 -2  0],[ 1 -2  1  1  4  0 -1  0  1],[ 1 -3 -1  0  3  1  0  0  1],[ 0 -2 -1 -1  2  0  0  0  1],[-1 -1 -1 -1  0 -1 -1 -1  0]]","[[ 0  3  1  0  0  0 -1 -1 -2],[-3  0  0 -1 -2 -2 -3 -4 -2],[-1  0  0 -1 -1 -1 -1 -1 -1],[ 0  1  1  0  1  0  1 -1  0],[ 0  2  1 -1  0 -1  0  0 -2],[ 0  2  1  0  1  0  0 -1 -1],[ 1  3  1 -1  0  0  0  1 -3],[ 1  4  1  1  0  1 -1  0 -2],[ 2  2  1  0  2  1  3  2  0]]",True,"[-3,-1,0,0,0,1,1,2,0,1,2,2,3,4,2,1,1,1,1,1,1,-1,0,-1,1,0,1,0,0,2,0,1,1,-1,3,2]","[-3,-1,0,0,0,1,1,2,0,1,2,2,3,4,2,1,1,1,1,1,1,-1,0,-1,1,0,1,0,0,2,0,1,1,-1,3,2]",t^8+68t^6+470t^4+121t^2+4,"[-2,-1,-1,0,0,0,1,3,-2,-1,0,1,2,2,3,-1,1,1,2,1,1,1,0,0,1,0,1,1,0,1,0,0,1,0,2,2]","[-3,-1,0,0,0,1,1,2,2,1,1,2,0,1,3,0,0,0,1,1,2,-1,-1,1,1,0,0,0,1,1,0,2,2,-1,-1,-2]","[-2,-1,-1,0,0,0,1,3,2,3,0,1,2,1,2,-1,1,1,0,1,4,-1,0,0,1,3,0,1,1,1,1,1,2,1,2,0]",c,"[[{8, 2}, {5, 7}, {3, 6}, {1, 4}]]",1,8 K_1^3 - 30 K_1^2 - 14 K_1 K_2 + K_1 + 15 K_2 + 5 K_3 + 16,O1O2O3O4U1U5U2O5O6U3O7U6U4O8U7U8,O1O2O3U4U5U1U3O6O7U6O4O8U7O5U8U2,O1O2O3U2U4O5U6O4O7U8O6O8U1U3U5U7,c,{'O1O2O3O4U5U6O5U1U7O6U2O7O8U3U8U4'},1,"<a href=""/flatknot/8.857515"">8.857515</a>",t^9-64t^7-230t^6-83t^5+564t^4+391t^3-360t^2-71t+46,-t^3+t^2+t,,
8.857516,O1O2O3O4U5U6O5U1U7O6U2O7O8U4U3U8,4,8z^3+54z^2+115z+79,8w^4z^3+54w^3z^2+115w^2z+79w,False,False,"[[ 0 -2  0  1  1 -1 -1  0  2],[ 2  0  0  2  1  2  3  2  2],[ 0  0  0  1  0 -1  1  1  2],[-1 -2 -1  0  0 -2 -1  0  2],[-1 -1  0  0  0 -2 -1  0  1],[ 1 -2  1  2  2  0 -1  0  2],[ 1 -3 -1  1  1  1  0  0  2],[ 0 -2 -1  0  0  0  0  0  2],[-2 -2 -2 -2 -1 -2 -2 -2  0]]","[[ 0  2  1  1  0  0 -1 -1 -2],[-2  0 -1 -2 -2 -2 -2 -2 -2],[-1  1  0  0  0  0 -1 -2 -1],[-1  2  0  0  0 -1 -1 -2 -2],[ 0  2  0  0  0 -1  0  0 -2],[ 0  2  0  1  1  0  1 -1  0],[ 1  2  1  1  0 -1  0  1 -3],[ 1  2  2  2  0  1 -1  0 -2],[ 2  2  1  2  2  0  3  2  0]]",True,"[-2,-1,-1,0,0,1,1,2,1,2,2,2,2,2,2,0,0,0,1,2,1,0,1,1,2,2,1,0,0,2,-1,1,0,-1,3,2]","[-2,-1,-1,0,0,1,1,2,-2,-1,0,2,1,2,2,-1,1,2,1,1,1,1,0,0,0,1,1,1,1,0,0,1,0,0,-1,0]",t^8+62t^6+505t^4+131t^2+4,"[-2,-1,-1,0,0,1,1,2,-2,-1,0,2,1,2,2,-1,1,2,1,1,1,1,0,0,0,1,1,1,1,0,0,1,0,0,-1,0]","[-2,-1,-1,0,0,1,1,2,-1,0,0,0,1,1,2,0,0,1,0,1,1,1,1,0,1,2,1,0,2,2,1,1,0,-1,-1,-2]","[-2,-1,-1,0,0,1,1,2,2,3,0,2,1,2,2,-1,1,0,2,2,2,-1,0,1,1,2,1,0,1,2,0,0,2,0,1,2]",c,"[[{8, 1}, {2, 7}, {4, 6}, {3, 5}]]",1,12 K_1^3 - 4 K_1^2 - 8 K_1 K_2 - 5 K_1 + 2 K_2 + K_3 + 3,O1O2O3O4U5U2U1O5O6U3O7U6U4O8U7U8,O1O2O3U4U5U2U1O6O7U6O4O8U7O5U8U3,O1O2O3U1U4O5U6O4O7U8O6O8U3U2U5U7,c,{'O1O2O3O4U5U6O5U1U7O6U2O7O8U4U3U8'},1,"<a href=""/flatknot/8.857516"">8.857516</a>",t^9-62t^7-232t^6-89t^5+652t^4+740t^3-258t^2-376t,0,,
8.857517,O1O2O3O4U5U6O5U1U7O6U3O7O8U2U4U8,4,16z^2+97z+131,16w^3z^2+97w^2z+131w,False,False,"[[ 0 -2 -1  1  2 -1 -1  0  2],[ 2  0  1  0  2  2  3  2  2],[ 1 -1  0  1  2  0  1  1  2],[-1  0 -1  0  0 -2  0  0  1],[-2 -2 -2  0  0 -3 -2 -1  1],[ 1 -2  0  2  3  0 -1  0  2],[ 1 -3 -1  0  2  1  0  0  2],[ 0 -2 -1  0  1  0  0  0  2],[-2 -2 -2 -1 -1 -2 -2 -2  0]]","[[ 0  2  2  1  0 -1 -1 -1 -2],[-2  0  1  0 -1 -2 -2 -3 -2],[-2 -1  0 -1 -2 -2 -2 -2 -2],[-1  0  1  0  0  0 -1 -2  0],[ 0  1  2  0  0  0 -1  0 -2],[ 1  2  2  0  0  0 -1  1 -3],[ 1  2  2  1  1  1  0  0 -1],[ 1  3  2  2  0 -1  0  0 -2],[ 2  2  2  0  2  3  1  2  0]]",True,"[-2,-2,-1,0,1,1,1,2,-1,0,1,2,2,3,2,1,2,2,2,2,2,0,0,1,2,0,0,1,0,2,1,-1,3,0,1,2]","[-2,-2,-1,0,1,1,1,2,-1,0,0,1,1,1,2,1,1,0,1,1,2,1,0,1,2,3,1,0,1,0,0,-1,-1,1,0,-2]",t^8+70t^6+480t^4+101t^2+4,"[-2,-1,-1,-1,0,1,2,2,-2,-1,0,0,3,2,2,-1,1,1,2,1,1,0,1,0,0,1,0,1,1,1,1,1,0,1,0,-1]","[-2,-2,-1,0,1,1,1,2,-1,0,0,1,1,1,2,1,1,0,1,1,2,1,0,1,2,3,1,0,1,0,0,-1,-1,1,0,-2]","[-2,-1,-1,-1,0,1,2,2,1,2,3,2,0,2,2,0,1,1,1,2,2,-1,0,2,2,3,0,0,2,2,0,2,1,1,0,-1]",c,"[[{8, 1}, {2, 7}, {3, 6}, {4, 5}], [{8, 1}, {2, 7}, {4, 6}, {3, 5}], [{8, 1}, {2, 7}, {4, 6}, {5}, {3}], [{8, 1}, {2, 7}, {5, 6}, {3, 4}], [{8, 1}, {3, 7}, {2, 6}, {4, 5}], [{8, 1}, {3, 7}, {4, 6}, {2, 5}], [{8, 1}, {3, 7}, {4, 6}, {5}, {2}], [{8, 1}, {3, 7}, {5, 6}, {2, 4}], [{8, 1}, {4, 7}, {2, 6}, {3, 5}], [{8, 1}, {4, 7}, {3, 6}, {2, 5}], [{8, 1}, {4, 7}, {5, 6}, {2, 3}], [{8, 1}, {5, 7}, {2, 6}, {3, 4}], [{8, 1}, {5, 7}, {3, 6}, {2, 4}], [{8, 1}, {5, 7}, {4, 6}, {2, 3}], [{8, 1}, {5, 7}, {4, 6}, {3}, {2}], [{8, 1}, {6, 7}, {2, 5}, {3, 4}], [{8, 1}, {6, 7}, {3, 5}, {2, 4}], [{8, 1}, {6, 7}, {4, 5}, {2, 3}], [{8, 1}, {7}, {2, 6}, {3, 5}, {4}], [{8, 1}, {7}, {2, 6}, {4, 5}, {3}], [{8, 1}, {7}, {2, 6}, {5}, {3, 4}], [{8, 1}, {7}, {3, 6}, {2, 5}, {4}], [{8, 1}, {7}, {3, 6}, {4, 5}, {2}], [{8, 1}, {7}, {3, 6}, {5}, {2, 4}], [{8, 1}, {7}, {4, 6}, {2, 5}, {3}], [{8, 1}, {7}, {4, 6}, {3, 5}, {2}], [{8, 1}, {7}, {4, 6}, {5}, {2, 3}], [{8, 1}, {7}, {5, 6}, {2, 4}, {3}], [{8, 1}, {7}, {5, 6}, {3, 4}, {2}], [{8, 1}, {7}, {5, 6}, {4}, {2, 3}], [{8, 1}, {7}, {6}, {2, 5}, {3, 4}], [{8, 1}, {7}, {6}, {3, 5}, {2, 4}], [{8, 1}, {7}, {6}, {4, 5}, {2, 3}], [{8, 2}, {1, 7}, {3, 6}, {4, 5}], [{8, 2}, {1, 7}, {3, 6}, {5}, {4}], [{8, 2}, {1, 7}, {4, 6}, {3, 5}], [{8, 2}, {1, 7}, {4, 6}, {5}, {3}], [{8, 2}, {1, 7}, {5, 6}, {3, 4}], [{8, 2}, {1, 7}, {5, 6}, {4}, {3}], [{8, 2}, {1, 7}, {6}, {3, 5}, {4}], [{8, 2}, {1, 7}, {6}, {4, 5}, {3}], [{8, 2}, {1, 7}, {6}, {5}, {3, 4}], [{8, 2}, {3, 7}, {1, 6}, {4, 5}], [{8, 2}, {3, 7}, {4, 6}, {1, 5}], [{8, 2}, {3, 7}, {5, 6}, {1, 4}], [{8, 2}, {3, 7}, {6}, {1, 5}, {4}], [{8, 2}, {4, 7}, {1, 6}, {3, 5}], [{8, 2}, {4, 7}, {3, 6}, {1, 5}], [{8, 2}, {4, 7}, {5, 6}, {1, 3}], [{8, 2}, {5, 7}, {1, 6}, {3, 4}], [{8, 2}, {5, 7}, {3, 6}, {1, 4}], [{8, 2}, {5, 7}, {4, 6}, {1, 3}], [{8, 2}, {6, 7}, {1, 5}, {3, 4}], [{8, 2}, {6, 7}, {3, 5}, {1, 4}], [{8, 2}, {6, 7}, {4, 5}, {1, 3}], [{8, 2}, {6, 7}, {5}, {1, 4}, {3}], [{8, 2}, {7}, {3, 6}, {4, 5}, {1}], [{8, 2}, {7}, {4, 6}, {3, 5}, {1}], [{8, 2}, {7}, {5, 6}, {3, 4}, {1}], [{8, 3}, {1, 7}, {2, 6}, {4, 5}], [{8, 3}, {1, 7}, {2, 6}, {5}, {4}], [{8, 3}, {1, 7}, {4, 6}, {2, 5}], [{8, 3}, {1, 7}, {5, 6}, {2, 4}], [{8, 3}, {2, 7}, {1, 6}, {4, 5}], [{8, 3}, {2, 7}, {4, 6}, {1, 5}], [{8, 3}, {2, 7}, {5, 6}, {1, 4}], [{8, 3}, {4, 7}, {1, 6}, {2, 5}], [{8, 3}, {4, 7}, {2, 6}, {1, 5}], [{8, 3}, {4, 7}, {5, 6}, {1, 2}], [{8, 3}, {4, 7}, {6}, {1, 5}, {2}], [{8, 3}, {5, 7}, {1, 6}, {2, 4}], [{8, 3}, {5, 7}, {2, 6}, {1, 4}], [{8, 3}, {5, 7}, {4, 6}, {1, 2}], [{8, 3}, {5, 7}, {6}, {2, 4}, {1}], [{8, 3}, {6, 7}, {1, 5}, {2, 4}], [{8, 3}, {6, 7}, {2, 5}, {1, 4}], [{8, 3}, {6, 7}, {4, 5}, {1, 2}], [{8, 4}, {1, 7}, {2, 6}, {3, 5}], [{8, 4}, {1, 7}, {3, 6}, {2, 5}], [{8, 4}, {1, 7}, {5, 6}, {2, 3}], [{8, 4}, {2, 7}, {1, 6}, {3, 5}], [{8, 4}, {2, 7}, {3, 6}, {1, 5}], [{8, 4}, {2, 7}, {5, 6}, {1, 3}], [{8, 4}, {3, 7}, {1, 6}, {2, 5}], [{8, 4}, {3, 7}, {2, 6}, {1, 5}], [{8, 4}, {3, 7}, {2, 6}, {5}, {1}], [{8, 4}, {3, 7}, {5, 6}, {1, 2}], [{8, 4}, {5, 7}, {1, 6}, {2, 3}], [{8, 4}, {5, 7}, {2, 6}, {1, 3}], [{8, 4}, {5, 7}, {3, 6}, {1, 2}], [{8, 4}, {6, 7}, {1, 5}, {2, 3}], [{8, 4}, {6, 7}, {2, 5}, {1, 3}], [{8, 4}, {6, 7}, {3, 5}, {1, 2}], [{8, 4}, {6, 7}, {3, 5}, {2}, {1}], [{8, 5}, {1, 7}, {2, 6}, {3, 4}], [{8, 5}, {1, 7}, {3, 6}, {2, 4}], [{8, 5}, {1, 7}, {4, 6}, {2, 3}], [{8, 5}, {2, 7}, {1, 6}, {3, 4}], [{8, 5}, {2, 7}, {3, 6}, {1, 4}], [{8, 5}, {2, 7}, {4, 6}, {1, 3}], [{8, 5}, {3, 7}, {1, 6}, {2, 4}], [{8, 5}, {3, 7}, {2, 6}, {1, 4}], [{8, 5}, {3, 7}, {4, 6}, {1, 2}], [{8, 5}, {4, 7}, {1, 6}, {2, 3}], [{8, 5}, {4, 7}, {2, 6}, {1, 3}], [{8, 5}, {4, 7}, {3, 6}, {1, 2}], [{8, 5}, {6, 7}, {1, 4}, {2, 3}], [{8, 5}, {6, 7}, {2, 4}, {1, 3}], [{8, 5}, {6, 7}, {3, 4}, {1, 2}], [{8, 5}, {7}, {2, 6}, {1, 4}, {3}], [{8, 6}, {1, 7}, {2, 5}, {3, 4}], [{8, 6}, {1, 7}, {3, 5}, {2, 4}], [{8, 6}, {1, 7}, {4, 5}, {2, 3}], [{8, 6}, {1, 7}, {5}, {2, 4}, {3}], [{8, 6}, {2, 7}, {1, 5}, {3, 4}], [{8, 6}, {2, 7}, {3, 5}, {1, 4}], [{8, 6}, {2, 7}, {4, 5}, {1, 3}], [{8, 6}, {2, 7}, {5}, {4}, {1, 3}], [{8, 6}, {3, 7}, {1, 5}, {2, 4}], [{8, 6}, {3, 7}, {2, 5}, {1, 4}], [{8, 6}, {3, 7}, {4, 5}, {1, 2}], [{8, 6}, {3, 7}, {5}, {1, 4}, {2}], [{8, 6}, {4, 7}, {1, 5}, {2, 3}], [{8, 6}, {4, 7}, {2, 5}, {1, 3}], [{8, 6}, {4, 7}, {3, 5}, {1, 2}], [{8, 6}, {4, 7}, {3, 5}, {2}, {1}], [{8, 6}, {5, 7}, {1, 4}, {2, 3}], [{8, 6}, {5, 7}, {2, 4}, {1, 3}], [{8, 6}, {5, 7}, {3, 4}, {1, 2}], [{8, 7}, {1, 6}, {2, 5}, {3, 4}], [{8, 7}, {1, 6}, {3, 5}, {2, 4}], [{8, 7}, {1, 6}, {4, 5}, {2, 3}], [{8, 7}, {1, 6}, {5}, {4}, {2, 3}], [{8, 7}, {2, 6}, {1, 5}, {3, 4}], [{8, 7}, {2, 6}, {3, 5}, {1, 4}], [{8, 7}, {2, 6}, {4, 5}, {1, 3}], [{8, 7}, {3, 6}, {1, 5}, {2, 4}], [{8, 7}, {3, 6}, {2, 5}, {1, 4}], [{8, 7}, {3, 6}, {4, 5}, {1, 2}], [{8, 7}, {3, 6}, {4, 5}, {2}, {1}], [{8, 7}, {4, 6}, {1, 5}, {2, 3}], [{8, 7}, {4, 6}, {1, 5}, {3}, {2}], [{8, 7}, {4, 6}, {2, 5}, {1, 3}], [{8, 7}, {4, 6}, {3, 5}, {1, 2}], [{8, 7}, {4, 6}, {3, 5}, {2}, {1}], [{8, 7}, {4, 6}, {5}, {1, 3}, {2}], [{8, 7}, {5, 6}, {1, 4}, {2, 3}], [{8, 7}, {5, 6}, {2, 4}, {1, 3}], [{8, 7}, {5, 6}, {3, 4}, {1, 2}], [{8, 7}, {5, 6}, {3, 4}, {2}, {1}], [{8, 7}, {5, 6}, {4}, {3}, {1, 2}], [{8}, {1, 7}, {3, 6}, {4, 5}, {2}], [{8}, {1, 7}, {4, 6}, {3, 5}, {2}], [{8}, {1, 7}, {5, 6}, {3, 4}, {2}], [{8}, {2, 7}, {3, 6}, {1, 5}, {4}], [{8}, {2, 7}, {3, 6}, {4, 5}, {1}], [{8}, {2, 7}, {3, 6}, {5}, {1, 4}], [{8}, {2, 7}, {4, 6}, {3, 5}, {1}], [{8}, {2, 7}, {5, 6}, {3, 4}, {1}], [{8}, {3, 7}, {1, 6}, {2, 5}, {4}], [{8}, {3, 7}, {4, 6}, {2, 5}, {1}], [{8}, {3, 7}, {6}, {2, 5}, {1, 4}], [{8}, {4, 7}, {3, 6}, {5}, {1, 2}], [{8}, {5, 7}, {3, 6}, {4}, {1, 2}], [{8}, {5, 7}, {4, 6}, {2, 3}, {1}], [{8}, {6, 7}, {2, 5}, {4}, {1, 3}], [{8}, {7}, {3, 6}, {4, 5}, {1, 2}], [{8}, {7}, {3, 6}, {4, 5}, {2}, {1}], [{8}, {7}, {4, 6}, {3, 5}, {1, 2}], [{8}, {7}, {4, 6}, {3, 5}, {2}, {1}], [{8}, {7}, {5, 6}, {3, 4}, {1, 2}], [{8}, {7}, {5, 6}, {3, 4}, {2}, {1}]]",2,- 22 K_1^2 - 12 K_1 K_2 + 6 K_1 + 11 K_2 + 6 K_3 + 12,O1O2O3O4U5U1U3O5O6U2O7U6U4O8U7U8,O1O2O3U4U1U5U2O6O7U6O4O8U7O5U8U3,O1O2O3U1U4O5U6O4O7U8O6O8U2U5U3U7,c,{'O1O2O3O4U5U6O5U1U7O6U3O7O8U2U4U8'},1,"<a href=""/flatknot/8.857517"">8.857517</a>",t^9-68t^7-266t^6-107t^5+608t^4+382t^3-342t^2-216t-28,-t^2+2t,,
8.857518,O1O2O3O4U5U6O5U1U7O6U3O7O8U2U8U4,3,6z^2+51z+79,6w^3z^2-4w^3z+55w^2z+79w,False,False,"[[ 0 -2 -1  1  3 -1 -1  0  1],[ 2  0  1  0  2  2  3  2  1],[ 1 -1  0  1  3  0  1  1  1],[-1  0 -1  0  0 -2  0  0  0],[-3 -2 -3  0  0 -4 -3 -2  0],[ 1 -2  0  2  4  0 -1  0  1],[ 1 -3 -1  0  3  1  0  0  1],[ 0 -2 -1  0  2  0  0  0  1],[-1 -1 -1  0  0 -1 -1 -1  0]]","[[ 0  3  1  1  0 -1 -1 -1 -2],[-3  0  0  0 -2 -3 -3 -4 -2],[-1  0  0  0  0  0 -1 -2  0],[-1  0  0  0 -1 -1 -1 -1 -1],[ 0  2  0  1  0  0 -1  0 -2],[ 1  3  0  1  0  0 -1  1 -3],[ 1  3  1  1  1  1  0  0 -1],[ 1  4  2  1  0 -1  0  0 -2],[ 2  2  0  1  2  3  1  2  0]]",True,"[-3,-1,-1,0,1,1,1,2,0,0,2,3,3,4,2,0,0,0,1,2,0,1,1,1,1,1,0,1,0,2,1,-1,3,0,1,2]","[-3,-1,-1,0,1,1,1,2,0,0,2,3,3,4,2,0,0,0,1,2,0,1,1,1,1,1,0,1,0,2,1,-1,3,0,1,2]",t^8+73t^6+403t^4+28t^2,"[-2,-1,-1,-1,0,1,1,3,-2,-1,0,0,2,3,3,-1,1,1,1,2,1,0,1,1,0,0,0,1,1,1,0,1,1,0,2,2]","[-3,-1,-1,0,1,1,1,2,2,2,1,0,1,1,3,0,0,1,1,1,2,1,0,1,2,3,1,0,1,0,0,-1,-1,1,0,-2]","[-2,-1,-1,-1,0,1,1,3,1,2,3,2,0,1,2,0,1,1,1,1,3,-1,0,2,1,4,0,0,1,3,0,1,2,0,0,0]",c,"[[{8, 3}, {5, 7}, {1, 6}, {2, 4}]]",1,- 6 K_1^2 - 6 K_1 K_2 + 3 K_1 + 3 K_2 + 3 K_3 + 4,O1O2O3O4U1U5U3O5O6U2O7U6U4O8U7U8,O1O2O3U4U1U5U3O6O7U6O4O8U7O5U8U2,O1O2O3U2U4O5U6O4O7U8O6O8U1U5U3U7,c,{'O1O2O3O4U5U6O5U1U7O6U3O7O8U2U8U4'},1,"<a href=""/flatknot/8.857518"">8.857518</a>",t^9-69t^7-222t^6+42t^5+438t^4+108t^3-140t^2-36t,-t^3+t^2+t,,
8.857519,O1O2O3O4U5U6O5U1U7O6U3O7O8U4U2U8,3,15z^2+74z+89,15w^3z^2-2w^3z+76w^2z+89w,False,False,"[[ 0 -2  0  1  1 -1 -1  0  2],[ 2  0  2  0  1  2  3  2  2],[ 0 -2  0  0  1 -1  0  0  2],[-1  0  0  0  0 -2  0  0  1],[-1 -1 -1  0  0 -2 -1  0  1],[ 1 -2  1  2  2  0 -1  0  2],[ 1 -3  0  0  1  1  0  0  2],[ 0 -2  0  0  0  0  0  0  2],[-2 -2 -2 -1 -1 -2 -2 -2  0]]","[[ 0  2  1  1  0  0 -1 -1 -2],[-2  0 -1 -1 -2 -2 -2 -2 -2],[-1  1  0  0  0  0  0 -2  0],[-1  1  0  0  0 -1 -1 -2 -1],[ 0  2  0  0  0  0  0  0 -2],[ 0  2  0  1  0  0  0 -1 -2],[ 1  2  0  1  0  0  0  1 -3],[ 1  2  2  2  0  1 -1  0 -2],[ 2  2  0  1  2  2  3  2  0]]",True,"[-2,-1,-1,0,0,1,1,2,1,1,2,2,2,2,2,0,0,0,0,2,0,0,1,1,2,1,0,0,0,2,0,1,2,-1,3,2]","[-2,-1,-1,0,0,1,1,2,-2,-1,0,0,2,3,2,-1,1,1,1,2,1,0,1,0,0,1,0,0,1,0,1,1,0,0,0,0]",t^8+56t^6+389t^4+181t^2,"[-2,-1,-1,0,0,1,1,2,-2,-1,0,0,2,3,2,-1,1,1,1,2,1,0,1,0,0,1,0,0,1,0,1,1,0,0,0,0]","[-2,-1,-1,0,0,1,1,2,0,0,0,0,1,1,2,0,0,1,0,1,2,1,1,0,2,3,0,0,1,0,1,1,0,-1,-1,-2]","[-2,-1,-1,0,0,1,1,2,2,3,2,2,0,1,2,-1,0,1,2,2,2,0,0,0,1,2,0,0,0,2,0,1,2,0,1,1]",c,"[[{8, 1}, {2, 7}, {3, 6}, {4, 5}], [{8, 1}, {7}, {3, 6}, {4, 5}, {2}]]",0,- 8 K_1^2 - 8 K_1 K_2 + 4 K_1 + 4 K_2 + 4 K_3 + 5,O1O2O3O4U5U3U1O5O6U2O7U6U4O8U7U8,O1O2O3U4U2U5U1O6O7U6O4O8U7O5U8U3,O1O2O3U1U4O5U6O4O7U8O6O8U3U5U2U7,c,{'O1O2O3O4U5U6O5U1U7O6U3O7O8U4U2U8'},1,"<a href=""/flatknot/8.857519"">8.857519</a>",t^9-56t^7-176t^6+23t^5+492t^4+163t^3-460t^2-84t+160,0,,
8.857520,O1O2O3O4U5U6O5U1U7O6U3O7O8U4U8U2,4,10z^2+95z+151,10w^3z^2+95w^2z+151w,False,False,"[[ 0 -2  1  1  1 -1 -1  0  1],[ 2  0  2  0  1  2  3  2  1],[-1 -2  0  0  0 -2 -1 -1  1],[-1  0  0  0  0 -2  0  0  1],[-1 -1  0  0  0 -2 -1  0  1],[ 1 -2  2  2  2  0 -1  0  1],[ 1 -3  1  0  1  1  0  0  1],[ 0 -2  1  0  0  0  0  0  1],[-1 -1 -1 -1 -1 -1 -1 -1  0]]","[[ 0  1  1  1  1  0 -1 -1 -2],[-1  0  1  0  0  0  0 -2  0],[-1 -1  0 -1 -1 -1 -1 -1 -1],[-1  0  1  0  0  0 -1 -2 -1],[-1  0  1  0  0 -1 -1 -2 -2],[ 0  0  1  0  1  0  0  0 -2],[ 1  0  1  1  1  0  0  1 -3],[ 1  2  1  2  2  0 -1  0 -2],[ 2  0  1  1  2  2  3  2  0]]",True,"[-1,-1,-1,-1,0,1,1,2,-1,0,0,0,0,2,0,1,1,1,1,1,1,0,0,1,2,1,1,1,2,2,0,0,2,-1,3,2]","[-2,-1,-1,0,1,1,1,1,-2,-1,0,1,2,2,3,-1,1,1,1,1,2,1,0,0,1,0,0,1,0,1,0,-1,0,-1,0,1]",t^8+45t^6+286t^4+93t^2+1,"[-2,-1,-1,0,1,1,1,1,-2,-1,0,1,2,2,3,-1,1,1,1,1,2,1,0,0,1,0,0,1,0,1,0,-1,0,-1,0,1]","[-1,-1,-1,-1,0,1,1,2,-1,-1,-1,0,1,1,2,0,0,0,0,1,1,0,1,0,1,2,1,0,2,3,1,1,0,-1,-1,-2]","[-2,-1,-1,0,1,1,1,1,2,3,2,0,1,1,2,-1,0,2,1,2,2,0,0,1,1,1,0,1,0,1,1,0,0,-1,-1,0]",c,"[[{8, 1}, {5, 7}, {3, 6}, {2, 4}], [{8, 3}, {5, 7}, {1, 6}, {2, 4}]]",1,24 K_1^3 - 42 K_1^2 - 28 K_1 K_2 - 4 K_1 + 21 K_2 + 8 K_3 + 22,O1O2O3O4U3U5U1O5O6U2O7U6U4O8U7U8,O1O2O3U4U3U5U1O6O7U6O4O8U7O5U8U2,O1O2O3U2U4O5U6O4O7U8O6O8U3U5U1U7,c,{'O1O2O3O4U5U6O5U1U7O6U3O7O8U4U8U2'},1,"<a href=""/flatknot/8.857520"">8.857520</a>",t^9-47t^7-126t^6+69t^5+322t^4+21t^3-220t^2-59t+6,t^2-2t,,
8.857521,O1O2O3O4U5U6O5U1U7O6U4O7O8U2U3U8,4,6z^3+47z^2+114z+89,6w^4z^3+47w^3z^2+114w^2z+89w,False,False,"[[ 0 -2 -1  1  2 -1 -1  0  2],[ 2  0  1  2  0  2  3  2  2],[ 1 -1  0  1  1  0  1  1  2],[-1 -2 -1  0  1 -2 -1 -1  1],[-2  0 -1 -1  0 -3 -1 -1  0],[ 1 -2  0  2  3  0 -1  0  2],[ 1 -3 -1  1  1  1  0  0  2],[ 0 -2 -1  1  1  0  0  0  2],[-2 -2 -2 -1  0 -2 -2 -2  0]]","[[ 0  2  2  1  0 -1 -1 -1 -2],[-2  0  0 -1 -1 -1 -1 -3  0],[-2  0  0 -1 -2 -2 -2 -2 -2],[-1  1  1  0 -1 -1 -1 -2 -2],[ 0  1  2  1  0  0 -1  0 -2],[ 1  1  2  1  0  0 -1  1 -3],[ 1  1  2  1  1  1  0  0 -1],[ 1  3  2  2  0 -1  0  0 -2],[ 2  0  2  2  2  3  1  2  0]]",True,"[-2,-2,-1,0,1,1,1,2,0,1,1,1,1,3,0,1,2,2,2,2,2,1,1,1,2,2,0,1,0,2,1,-1,3,0,1,2]","[-2,-2,-1,0,1,1,1,2,0,0,0,1,1,1,2,0,1,0,2,2,4,0,0,1,1,1,1,0,1,0,0,-1,-1,1,0,-2]",t^8+66t^6+376t^4+87t^2,"[-2,-1,-1,-1,0,1,2,2,-2,-1,0,0,1,2,4,-1,1,1,1,1,2,0,1,0,1,0,0,1,1,2,0,0,1,0,0,0]","[-2,-2,-1,0,1,1,1,2,0,0,0,1,1,1,2,0,1,0,2,2,4,0,0,1,1,1,1,0,1,0,0,-1,-1,1,0,-2]","[-2,-1,-1,-1,0,1,2,2,1,2,3,2,2,0,2,0,1,1,1,1,2,-1,0,2,3,2,0,1,1,2,1,1,2,1,1,0]",c,"[[{8, 1}, {2, 7}, {3, 6}, {4, 5}], [{8, 1}, {2, 7}, {4, 6}, {3, 5}], [{8, 1}, {2, 7}, {5, 6}, {3, 4}], [{8, 1}, {2, 7}, {6}, {4, 5}, {3}], [{8, 1}, {3, 7}, {2, 6}, {4, 5}], [{8, 1}, {3, 7}, {4, 6}, {2, 5}], [{8, 1}, {3, 7}, {5, 6}, {2, 4}], [{8, 1}, {3, 7}, {6}, {4, 5}, {2}], [{8, 1}, {4, 7}, {2, 6}, {3, 5}], [{8, 1}, {4, 7}, {3, 6}, {2, 5}], [{8, 1}, {4, 7}, {5, 6}, {2, 3}], [{8, 1}, {4, 7}, {5, 6}, {3}, {2}], [{8, 1}, {5, 7}, {2, 6}, {3, 4}], [{8, 1}, {5, 7}, {3, 6}, {2, 4}], [{8, 1}, {5, 7}, {4, 6}, {2, 3}], [{8, 1}, {6, 7}, {2, 5}, {3, 4}], [{8, 1}, {6, 7}, {3, 5}, {2, 4}], [{8, 1}, {6, 7}, {4, 5}, {2, 3}], [{8, 1}, {7}, {2, 6}, {3, 5}, {4}], [{8, 1}, {7}, {4, 6}, {2, 5}, {3}], [{8, 1}, {7}, {4, 6}, {3, 5}, {2}], [{8, 1}, {7}, {4, 6}, {5}, {2, 3}], [{8, 1}, {7}, {5, 6}, {4}, {2, 3}], [{8, 1}, {7}, {6}, {3, 5}, {2, 4}], [{8, 1}, {7}, {6}, {4, 5}, {2, 3}], [{8, 2}, {1, 7}, {3, 6}, {4, 5}], [{8, 2}, {1, 7}, {3, 6}, {5}, {4}], [{8, 2}, {1, 7}, {4, 6}, {3, 5}], [{8, 2}, {1, 7}, {4, 6}, {5}, {3}], [{8, 2}, {1, 7}, {5, 6}, {3, 4}], [{8, 2}, {1, 7}, {5, 6}, {4}, {3}], [{8, 2}, {1, 7}, {6}, {3, 5}, {4}], [{8, 2}, {1, 7}, {6}, {4, 5}, {3}], [{8, 2}, {1, 7}, {6}, {5}, {3, 4}], [{8, 2}, {1, 7}, {6}, {5}, {4}, {3}], [{8, 2}, {3, 7}, {1, 6}, {4, 5}], [{8, 2}, {3, 7}, {4, 6}, {1, 5}], [{8, 2}, {3, 7}, {4, 6}, {5}, {1}], [{8, 2}, {3, 7}, {5, 6}, {1, 4}], [{8, 2}, {3, 7}, {6}, {1, 5}, {4}], [{8, 2}, {4, 7}, {1, 6}, {3, 5}], [{8, 2}, {4, 7}, {3, 6}, {1, 5}], [{8, 2}, {4, 7}, {5, 6}, {1, 3}], [{8, 2}, {5, 7}, {1, 6}, {3, 4}], [{8, 2}, {5, 7}, {3, 6}, {1, 4}], [{8, 2}, {5, 7}, {4, 6}, {1, 3}], [{8, 2}, {5, 7}, {4, 6}, {3}, {1}], [{8, 2}, {5, 7}, {6}, {4}, {1, 3}], [{8, 2}, {6, 7}, {1, 5}, {3, 4}], [{8, 2}, {6, 7}, {3, 5}, {1, 4}], [{8, 2}, {6, 7}, {4, 5}, {1, 3}], [{8, 2}, {6, 7}, {4, 5}, {3}, {1}], [{8, 2}, {7}, {1, 6}, {4, 5}, {3}], [{8, 2}, {7}, {4, 6}, {1, 5}, {3}], [{8, 2}, {7}, {4, 6}, {3, 5}, {1}], [{8, 2}, {7}, {4, 6}, {5}, {1, 3}], [{8, 3}, {1, 7}, {2, 6}, {4, 5}], [{8, 3}, {1, 7}, {4, 6}, {2, 5}], [{8, 3}, {1, 7}, {5, 6}, {2, 4}], [{8, 3}, {2, 7}, {1, 6}, {4, 5}], [{8, 3}, {2, 7}, {4, 6}, {1, 5}], [{8, 3}, {2, 7}, {4, 6}, {5}, {1}], [{8, 3}, {2, 7}, {5, 6}, {1, 4}], [{8, 3}, {4, 7}, {1, 6}, {2, 5}], [{8, 3}, {4, 7}, {2, 6}, {1, 5}], [{8, 3}, {4, 7}, {2, 6}, {5}, {1}], [{8, 3}, {4, 7}, {5, 6}, {1, 2}], [{8, 3}, {4, 7}, {5, 6}, {2}, {1}], [{8, 3}, {4, 7}, {6}, {2, 5}, {1}], [{8, 3}, {5, 7}, {1, 6}, {2, 4}], [{8, 3}, {5, 7}, {2, 6}, {1, 4}], [{8, 3}, {5, 7}, {4, 6}, {1, 2}], [{8, 3}, {5, 7}, {6}, {4}, {1, 2}], [{8, 3}, {6, 7}, {1, 5}, {2, 4}], [{8, 3}, {6, 7}, {2, 5}, {1, 4}], [{8, 3}, {6, 7}, {4, 5}, {1, 2}], [{8, 4}, {1, 7}, {2, 6}, {3, 5}], [{8, 4}, {1, 7}, {3, 6}, {2, 5}], [{8, 4}, {1, 7}, {5, 6}, {2, 3}], [{8, 4}, {2, 7}, {1, 6}, {3, 5}], [{8, 4}, {2, 7}, {3, 6}, {1, 5}], [{8, 4}, {2, 7}, {5, 6}, {1, 3}], [{8, 4}, {3, 7}, {1, 6}, {2, 5}], [{8, 4}, {3, 7}, {2, 6}, {1, 5}], [{8, 4}, {3, 7}, {5, 6}, {1, 2}], [{8, 4}, {3, 7}, {6}, {1, 5}, {2}], [{8, 4}, {5, 7}, {1, 6}, {2, 3}], [{8, 4}, {5, 7}, {2, 6}, {1, 3}], [{8, 4}, {5, 7}, {3, 6}, {1, 2}], [{8, 4}, {6, 7}, {1, 5}, {2, 3}], [{8, 4}, {6, 7}, {2, 5}, {1, 3}], [{8, 4}, {6, 7}, {2, 5}, {3}, {1}], [{8, 4}, {6, 7}, {3, 5}, {1, 2}], [{8, 4}, {7}, {2, 6}, {1, 5}, {3}], [{8, 5}, {1, 7}, {2, 6}, {3, 4}], [{8, 5}, {1, 7}, {3, 6}, {2, 4}], [{8, 5}, {1, 7}, {4, 6}, {2, 3}], [{8, 5}, {2, 7}, {1, 6}, {3, 4}], [{8, 5}, {2, 7}, {3, 6}, {1, 4}], [{8, 5}, {2, 7}, {4, 6}, {1, 3}], [{8, 5}, {2, 7}, {4, 6}, {3}, {1}], [{8, 5}, {3, 7}, {1, 6}, {2, 4}], [{8, 5}, {3, 7}, {2, 6}, {1, 4}], [{8, 5}, {3, 7}, {4, 6}, {1, 2}], [{8, 5}, {3, 7}, {6}, {1, 4}, {2}], [{8, 5}, {4, 7}, {1, 6}, {2, 3}], [{8, 5}, {4, 7}, {1, 6}, {3}, {2}], [{8, 5}, {4, 7}, {2, 6}, {1, 3}], [{8, 5}, {4, 7}, {3, 6}, {1, 2}], [{8, 5}, {6, 7}, {1, 4}, {2, 3}], [{8, 5}, {6, 7}, {2, 4}, {1, 3}], [{8, 5}, {6, 7}, {3, 4}, {1, 2}], [{8, 5}, {7}, {1, 6}, {4}, {2, 3}], [{8, 6}, {1, 7}, {2, 5}, {3, 4}], [{8, 6}, {1, 7}, {3, 5}, {2, 4}], [{8, 6}, {1, 7}, {4, 5}, {2, 3}], [{8, 6}, {2, 7}, {1, 5}, {3, 4}], [{8, 6}, {2, 7}, {3, 5}, {1, 4}], [{8, 6}, {2, 7}, {4, 5}, {1, 3}], [{8, 6}, {2, 7}, {5}, {3, 4}, {1}], [{8, 6}, {3, 7}, {1, 5}, {2, 4}], [{8, 6}, {3, 7}, {1, 5}, {4}, {2}], [{8, 6}, {3, 7}, {2, 5}, {1, 4}], [{8, 6}, {3, 7}, {4, 5}, {1, 2}], [{8, 6}, {4, 7}, {1, 5}, {2, 3}], [{8, 6}, {4, 7}, {2, 5}, {1, 3}], [{8, 6}, {4, 7}, {2, 5}, {3}, {1}], [{8, 6}, {4, 7}, {3, 5}, {1, 2}], [{8, 6}, {5, 7}, {1, 4}, {2, 3}], [{8, 6}, {5, 7}, {2, 4}, {1, 3}], [{8, 6}, {5, 7}, {2, 4}, {3}, {1}], [{8, 6}, {5, 7}, {3, 4}, {1, 2}], [{8, 6}, {7}, {4, 5}, {1, 3}, {2}], [{8, 7}, {1, 6}, {2, 5}, {3, 4}], [{8, 7}, {1, 6}, {3, 5}, {2, 4}], [{8, 7}, {1, 6}, {4, 5}, {2, 3}], [{8, 7}, {2, 6}, {1, 5}, {3, 4}], [{8, 7}, {2, 6}, {3, 5}, {1, 4}], [{8, 7}, {2, 6}, {4, 5}, {1, 3}], [{8, 7}, {3, 6}, {1, 5}, {2, 4}], [{8, 7}, {3, 6}, {2, 5}, {1, 4}], [{8, 7}, {3, 6}, {4, 5}, {1, 2}], [{8, 7}, {4, 6}, {1, 5}, {2, 3}], [{8, 7}, {4, 6}, {2, 5}, {1, 3}], [{8, 7}, {4, 6}, {3, 5}, {1, 2}], [{8, 7}, {4, 6}, {3, 5}, {2}, {1}], [{8, 7}, {5, 6}, {1, 4}, {2, 3}], [{8, 7}, {5, 6}, {2, 4}, {1, 3}], [{8, 7}, {5, 6}, {3, 4}, {1, 2}], [{8}, {1, 7}, {4, 6}, {3, 5}, {2}], [{8}, {2, 7}, {4, 6}, {3, 5}, {1}], [{8}, {2, 7}, {5, 6}, {4}, {1, 3}], [{8}, {3, 7}, {2, 6}, {1, 5}, {4}], [{8}, {3, 7}, {4, 6}, {1, 5}, {2}], [{8}, {3, 7}, {6}, {1, 5}, {2, 4}], [{8}, {3, 7}, {6}, {1, 5}, {4}, {2}], [{8}, {4, 7}, {3, 6}, {2, 5}, {1}], [{8}, {4, 7}, {5, 6}, {1, 3}, {2}], [{8}, {5, 7}, {3, 6}, {1, 4}, {2}], [{8}, {5, 7}, {4, 6}, {1, 3}, {2}], [{8}, {6, 7}, {2, 5}, {4}, {1, 3}], [{8}, {6, 7}, {5}, {3, 4}, {1, 2}], [{8}, {7}, {4, 6}, {3, 5}, {1, 2}], [{8}, {7}, {4, 6}, {3, 5}, {2}, {1}], [{8}, {7}, {5, 6}, {2, 4}, {1, 3}]]",2,4 K_1^3 + 8 K_1^2 K_2 - 10 K_1^2 - 4 K_1 K_2 - 4 K_1 K_3 - K_1 + 3 K_2 + K_3 + 4,O1O2O3O4U5U2U3O5O6U1O7U6U4O8U7U8,O1O2O3U4U1U2U5O6O7U6O4O8U7O5U8U3,O1O2O3U1U4O5U6O4O7U8O6O8U5U2U3U7,c,{'O1O2O3O4U5U6O5U1U7O6U4O7O8U2U3U8'},1,"<a href=""/flatknot/8.857521"">8.857521</a>",t^9-64t^7-234t^6-75t^5+560t^4+597t^3+4t^2-172t-46,-t^2+2t,,
8.857522,O1O2O3O4U5U6O5U1U7O6U4O7O8U2U8U3,4,z^3+17z^2+83z+107,w^4z^3+17w^3z^2+83w^2z+107w,False,False,"[[ 0 -2 -1  2  2 -1 -1  0  1],[ 2  0  1  2  0  2  3  2  1],[ 1 -1  0  2  1  0  1  1  1],[-2 -2 -2  0  1 -3 -2 -2  0],[-2  0 -1 -1  0 -3 -1 -1  0],[ 1 -2  0  3  3  0 -1  0  1],[ 1 -3 -1  2  1  1  0  0  1],[ 0 -2 -1  2  1  0  0  0  1],[-1 -1 -1  0  0 -1 -1 -1  0]]","[[ 0  2  2  1  0 -1 -1 -1 -2],[-2  0  1  0 -2 -2 -2 -3 -2],[-2 -1  0  0 -1 -1 -1 -3  0],[-1  0  0  0 -1 -1 -1 -1 -1],[ 0  2  1  1  0  0 -1  0 -2],[ 1  2  1  1  0  0 -1  1 -3],[ 1  2  1  1  1  1  0  0 -1],[ 1  3  3  1  0 -1  0  0 -2],[ 2  2  0  1  2  3  1  2  0]]",True,"[-2,-2,-1,0,1,1,1,2,-1,0,2,2,2,3,2,0,1,1,1,3,0,1,1,1,1,1,0,1,0,2,1,-1,3,0,1,2]","[-2,-2,-1,0,1,1,1,2,-1,0,2,2,2,3,2,0,1,1,1,3,0,1,1,1,1,1,0,1,0,2,1,-1,3,0,1,2]",t^8+64t^6+305t^4+49t^2+1,"[-2,-1,-1,-1,0,1,2,2,-2,-1,0,0,2,2,4,-1,1,1,1,1,2,0,1,1,0,0,0,1,1,2,0,0,1,1,1,-1]","[-2,-2,-1,0,1,1,1,2,-1,1,1,0,2,2,4,1,0,0,1,1,2,0,1,1,1,2,1,0,1,0,0,-1,-1,1,0,-2]","[-2,-1,-1,-1,0,1,2,2,1,2,3,2,1,0,2,0,1,1,1,1,2,-1,0,1,3,3,0,1,1,2,1,1,2,0,0,-1]",c,"[[{8, 1}, {2, 7}, {4, 6}, {3, 5}], [{8, 2}, {1, 7}, {4, 6}, {3, 5}]]",1,4 K_1^3 - 18 K_1^2 - 12 K_1 K_2 + 3 K_1 + 9 K_2 + 5 K_3 + 10,O1O2O3O4U2U5U3O5O6U1O7U6U4O8U7U8,O1O2O3U4U1U3U5O6O7U6O4O8U7O5U8U2,O1O2O3U2U4O5U6O4O7U8O6O8U5U1U3U7,c,{'O1O2O3O4U5U6O5U1U7O6U4O7O8U2U8U3'},1,"<a href=""/flatknot/8.857522"">8.857522</a>",t^9-62t^7-204t^6-4t^5+388t^4+87t^3-138t^2-101t-36,-t^2+2t,,
8.857523,O1O2O3O4U5U6O5U1U7O6U4O7O8U3U2U8,4,7z^3+45z^2+93z+63,7w^4z^3+45w^3z^2+93w^2z+63w,False,False,"[[ 0 -2  0  0  2 -1 -1  0  2],[ 2  0  2  1  0  2  3  2  2],[ 0 -2  0  0  1 -1  0  0  2],[ 0 -1  0  0  1 -1  0  0  1],[-2  0 -1 -1  0 -3 -1 -1  0],[ 1 -2  1  1  3  0 -1  0  2],[ 1 -3  0  0  1  1  0  0  2],[ 0 -2  0  0  1  0  0  0  2],[-2 -2 -2 -1  0 -2 -2 -2  0]]","[[ 0  2  2  0  0  0 -1 -1 -2],[-2  0  0 -1 -1 -1 -1 -3  0],[-2  0  0 -1 -2 -2 -2 -2 -2],[ 0  1  1  0  0  0  0 -1 -1],[ 0  1  2  0  0  0  0  0 -2],[ 0  1  2  0  0  0  0 -1 -2],[ 1  1  2  0  0  0  0  1 -3],[ 1  3  2  1  0  1 -1  0 -2],[ 2  0  2  1  2  2  3  2  0]]",True,"[-2,-2,0,0,0,1,1,2,0,1,1,1,1,3,0,1,2,2,2,2,2,0,0,0,1,1,0,0,0,2,0,1,2,-1,3,2]","[-2,-2,0,0,0,1,1,2,0,0,0,1,1,1,2,1,1,1,0,2,4,0,0,0,1,0,0,1,1,0,0,1,1,-1,-1,-2]",t^8+59t^6+330t^4+44t^2+1,"[-2,-1,-1,0,0,0,2,2,-2,-1,0,0,1,2,4,-1,1,1,1,1,2,0,1,0,1,0,0,0,0,1,0,0,1,1,1,0]","[-2,-2,0,0,0,1,1,2,0,0,0,1,1,1,2,1,1,1,0,2,4,0,0,0,1,0,0,1,1,0,0,1,1,-1,-1,-2]","[-2,-1,-1,0,0,0,2,2,2,3,1,2,2,0,2,-1,1,0,1,3,2,0,0,0,1,2,0,0,1,1,0,1,2,1,2,0]",c,"[[{8, 1}, {2, 7}, {3, 6}, {4, 5}], [{8, 1}, {2, 7}, {3, 6}, {5}, {4}], [{8, 1}, {2, 7}, {4, 6}, {3, 5}], [{8, 1}, {2, 7}, {4, 6}, {5}, {3}], [{8, 1}, {2, 7}, {5, 6}, {3, 4}], [{8, 1}, {2, 7}, {5, 6}, {4}, {3}], [{8, 1}, {2, 7}, {6}, {3, 5}, {4}], [{8, 1}, {2, 7}, {6}, {4, 5}, {3}], [{8, 1}, {2, 7}, {6}, {5}, {3, 4}], [{8, 1}, {3, 7}, {2, 6}, {4, 5}], [{8, 1}, {3, 7}, {2, 6}, {5}, {4}], [{8, 1}, {3, 7}, {4, 6}, {2, 5}], [{8, 1}, {3, 7}, {4, 6}, {5}, {2}], [{8, 1}, {3, 7}, {5, 6}, {2, 4}], [{8, 1}, {3, 7}, {5, 6}, {4}, {2}], [{8, 1}, {3, 7}, {6}, {2, 5}, {4}], [{8, 1}, {3, 7}, {6}, {4, 5}, {2}], [{8, 1}, {3, 7}, {6}, {5}, {2, 4}], [{8, 1}, {4, 7}, {2, 6}, {3, 5}], [{8, 1}, {4, 7}, {3, 6}, {2, 5}], [{8, 1}, {4, 7}, {5, 6}, {2, 3}], [{8, 1}, {4, 7}, {5, 6}, {3}, {2}], [{8, 1}, {5, 7}, {2, 6}, {3, 4}], [{8, 1}, {5, 7}, {3, 6}, {2, 4}], [{8, 1}, {5, 7}, {4, 6}, {2, 3}], [{8, 1}, {5, 7}, {4, 6}, {3}, {2}], [{8, 1}, {6, 7}, {2, 5}, {3, 4}], [{8, 1}, {6, 7}, {3, 5}, {2, 4}], [{8, 1}, {6, 7}, {4, 5}, {2, 3}], [{8, 1}, {6, 7}, {4, 5}, {3}, {2}], [{8, 1}, {7}, {2, 6}, {4, 5}, {3}], [{8, 1}, {7}, {3, 6}, {4, 5}, {2}], [{8, 1}, {7}, {4, 6}, {2, 5}, {3}], [{8, 1}, {7}, {4, 6}, {3, 5}, {2}], [{8, 1}, {7}, {4, 6}, {5}, {2, 3}], [{8, 1}, {7}, {4, 6}, {5}, {3}, {2}], [{8, 1}, {7}, {5, 6}, {2, 4}, {3}], [{8, 1}, {7}, {5, 6}, {3, 4}, {2}], [{8, 1}, {7}, {5, 6}, {4}, {2, 3}], [{8, 1}, {7}, {5, 6}, {4}, {3}, {2}], [{8, 1}, {7}, {6}, {4, 5}, {2, 3}], [{8, 1}, {7}, {6}, {4, 5}, {3}, {2}], [{8, 2}, {1, 7}, {3, 6}, {4, 5}], [{8, 2}, {1, 7}, {4, 6}, {3, 5}], [{8, 2}, {1, 7}, {5, 6}, {3, 4}], [{8, 2}, {1, 7}, {5, 6}, {4}, {3}], [{8, 2}, {3, 7}, {1, 6}, {4, 5}], [{8, 2}, {3, 7}, {4, 6}, {1, 5}], [{8, 2}, {3, 7}, {5, 6}, {1, 4}], [{8, 2}, {4, 7}, {1, 6}, {3, 5}], [{8, 2}, {4, 7}, {3, 6}, {1, 5}], [{8, 2}, {4, 7}, {3, 6}, {5}, {1}], [{8, 2}, {4, 7}, {5, 6}, {1, 3}], [{8, 2}, {4, 7}, {5, 6}, {3}, {1}], [{8, 2}, {4, 7}, {6}, {3, 5}, {1}], [{8, 2}, {5, 7}, {1, 6}, {3, 4}], [{8, 2}, {5, 7}, {3, 6}, {1, 4}], [{8, 2}, {5, 7}, {4, 6}, {1, 3}], [{8, 2}, {5, 7}, {6}, {4}, {1, 3}], [{8, 2}, {6, 7}, {1, 5}, {3, 4}], [{8, 2}, {6, 7}, {3, 5}, {1, 4}], [{8, 2}, {6, 7}, {3, 5}, {4}, {1}], [{8, 2}, {6, 7}, {4, 5}, {1, 3}], [{8, 2}, {7}, {4, 6}, {3, 5}, {1}], [{8, 2}, {7}, {5, 6}, {1, 4}, {3}], [{8, 3}, {1, 7}, {2, 6}, {4, 5}], [{8, 3}, {1, 7}, {4, 6}, {2, 5}], [{8, 3}, {1, 7}, {4, 6}, {5}, {2}], [{8, 3}, {1, 7}, {5, 6}, {2, 4}], [{8, 3}, {2, 7}, {1, 6}, {4, 5}], [{8, 3}, {2, 7}, {4, 6}, {1, 5}], [{8, 3}, {2, 7}, {5, 6}, {1, 4}], [{8, 3}, {2, 7}, {5, 6}, {4}, {1}], [{8, 3}, {4, 7}, {1, 6}, {2, 5}], [{8, 3}, {4, 7}, {2, 6}, {1, 5}], [{8, 3}, {4, 7}, {5, 6}, {1, 2}], [{8, 3}, {5, 7}, {1, 6}, {2, 4}], [{8, 3}, {5, 7}, {2, 6}, {1, 4}], [{8, 3}, {5, 7}, {4, 6}, {1, 2}], [{8, 3}, {5, 7}, {4, 6}, {2}, {1}], [{8, 3}, {5, 7}, {6}, {4}, {1, 2}], [{8, 3}, {6, 7}, {1, 5}, {2, 4}], [{8, 3}, {6, 7}, {2, 5}, {1, 4}], [{8, 3}, {6, 7}, {4, 5}, {1, 2}], [{8, 3}, {7}, {4, 6}, {1, 5}, {2}], [{8, 4}, {1, 7}, {2, 6}, {3, 5}], [{8, 4}, {1, 7}, {3, 6}, {2, 5}], [{8, 4}, {1, 7}, {5, 6}, {2, 3}], [{8, 4}, {1, 7}, {5, 6}, {3}, {2}], [{8, 4}, {2, 7}, {1, 6}, {3, 5}], [{8, 4}, {2, 7}, {3, 6}, {1, 5}], [{8, 4}, {2, 7}, {5, 6}, {1, 3}], [{8, 4}, {2, 7}, {5, 6}, {3}, {1}], [{8, 4}, {3, 7}, {1, 6}, {2, 5}], [{8, 4}, {3, 7}, {2, 6}, {1, 5}], [{8, 4}, {3, 7}, {5, 6}, {1, 2}], [{8, 4}, {3, 7}, {6}, {2, 5}, {1}], [{8, 4}, {5, 7}, {1, 6}, {2, 3}], [{8, 4}, {5, 7}, {1, 6}, {3}, {2}], [{8, 4}, {5, 7}, {2, 6}, {1, 3}], [{8, 4}, {5, 7}, {3, 6}, {1, 2}], [{8, 4}, {6, 7}, {1, 5}, {2, 3}], [{8, 4}, {6, 7}, {1, 5}, {3}, {2}], [{8, 4}, {6, 7}, {2, 5}, {1, 3}], [{8, 4}, {6, 7}, {3, 5}, {1, 2}], [{8, 4}, {7}, {5, 6}, {3}, {1, 2}], [{8, 5}, {1, 7}, {2, 6}, {3, 4}], [{8, 5}, {1, 7}, {3, 6}, {2, 4}], [{8, 5}, {1, 7}, {4, 6}, {2, 3}], [{8, 5}, {1, 7}, {4, 6}, {3}, {2}], [{8, 5}, {2, 7}, {1, 6}, {3, 4}], [{8, 5}, {2, 7}, {3, 6}, {1, 4}], [{8, 5}, {2, 7}, {4, 6}, {1, 3}], [{8, 5}, {2, 7}, {6}, {1, 4}, {3}], [{8, 5}, {3, 7}, {1, 6}, {2, 4}], [{8, 5}, {3, 7}, {2, 6}, {1, 4}], [{8, 5}, {3, 7}, {4, 6}, {1, 2}], [{8, 5}, {3, 7}, {4, 6}, {2}, {1}], [{8, 5}, {3, 7}, {6}, {4}, {1, 2}], [{8, 5}, {4, 7}, {1, 6}, {2, 3}], [{8, 5}, {4, 7}, {1, 6}, {3}, {2}], [{8, 5}, {4, 7}, {2, 6}, {1, 3}], [{8, 5}, {4, 7}, {3, 6}, {1, 2}], [{8, 5}, {6, 7}, {1, 4}, {2, 3}], [{8, 5}, {6, 7}, {1, 4}, {3}, {2}], [{8, 5}, {6, 7}, {2, 4}, {1, 3}], [{8, 5}, {6, 7}, {3, 4}, {1, 2}], [{8, 5}, {7}, {1, 6}, {4}, {2, 3}], [{8, 5}, {7}, {2, 6}, {1, 4}, {3}], [{8, 5}, {7}, {4, 6}, {1, 3}, {2}], [{8, 6}, {1, 7}, {2, 5}, {3, 4}], [{8, 6}, {1, 7}, {3, 5}, {2, 4}], [{8, 6}, {1, 7}, {4, 5}, {2, 3}], [{8, 6}, {1, 7}, {4, 5}, {3}, {2}], [{8, 6}, {2, 7}, {1, 5}, {3, 4}], [{8, 6}, {2, 7}, {3, 5}, {1, 4}], [{8, 6}, {2, 7}, {4, 5}, {1, 3}], [{8, 6}, {2, 7}, {5}, {1, 4}, {3}], [{8, 6}, {3, 7}, {1, 5}, {2, 4}], [{8, 6}, {3, 7}, {2, 5}, {1, 4}], [{8, 6}, {3, 7}, {4, 5}, {1, 2}], [{8, 6}, {4, 7}, {1, 5}, {2, 3}], [{8, 6}, {4, 7}, {1, 5}, {3}, {2}], [{8, 6}, {4, 7}, {2, 5}, {1, 3}], [{8, 6}, {4, 7}, {3, 5}, {1, 2}], [{8, 6}, {5, 7}, {1, 4}, {2, 3}], [{8, 6}, {5, 7}, {1, 4}, {3}, {2}], [{8, 6}, {5, 7}, {2, 4}, {1, 3}], [{8, 6}, {5, 7}, {3, 4}, {1, 2}], [{8, 6}, {7}, {2, 5}, {1, 4}, {3}], [{8, 7}, {1, 6}, {2, 5}, {3, 4}], [{8, 7}, {1, 6}, {3, 5}, {2, 4}], [{8, 7}, {1, 6}, {4, 5}, {2, 3}], [{8, 7}, {1, 6}, {4, 5}, {3}, {2}], [{8, 7}, {2, 6}, {1, 5}, {3, 4}], [{8, 7}, {2, 6}, {3, 5}, {1, 4}], [{8, 7}, {2, 6}, {4, 5}, {1, 3}], [{8, 7}, {3, 6}, {1, 5}, {2, 4}], [{8, 7}, {3, 6}, {2, 5}, {1, 4}], [{8, 7}, {3, 6}, {4, 5}, {1, 2}], [{8, 7}, {4, 6}, {1, 5}, {2, 3}], [{8, 7}, {4, 6}, {1, 5}, {3}, {2}], [{8, 7}, {4, 6}, {2, 5}, {1, 3}], [{8, 7}, {4, 6}, {3, 5}, {1, 2}], [{8, 7}, {4, 6}, {3, 5}, {2}, {1}], [{8, 7}, {4, 6}, {5}, {1, 3}, {2}], [{8, 7}, {5, 6}, {1, 4}, {2, 3}], [{8, 7}, {5, 6}, {1, 4}, {3}, {2}], [{8, 7}, {5, 6}, {2, 4}, {1, 3}], [{8, 7}, {5, 6}, {2, 4}, {3}, {1}], [{8, 7}, {5, 6}, {3, 4}, {1, 2}], [{8, 7}, {5, 6}, {4}, {3}, {1, 2}], [{8}, {1, 7}, {4, 6}, {3, 5}, {2}], [{8}, {1, 7}, {5, 6}, {2, 4}, {3}], [{8}, {2, 7}, {3, 6}, {4, 5}, {1}], [{8}, {2, 7}, {4, 6}, {3, 5}, {1}], [{8}, {2, 7}, {5, 6}, {1, 4}, {3}], [{8}, {2, 7}, {5, 6}, {3, 4}, {1}], [{8}, {2, 7}, {5, 6}, {4}, {1, 3}], [{8}, {2, 7}, {5, 6}, {4}, {3}, {1}], [{8}, {3, 7}, {4, 6}, {1, 5}, {2}], [{8}, {3, 7}, {6}, {2, 5}, {1, 4}], [{8}, {4, 7}, {5, 6}, {3}, {1, 2}], [{8}, {5, 7}, {4, 6}, {1, 3}, {2}], [{8}, {6, 7}, {5}, {2, 4}, {1, 3}], [{8}, {7}, {4, 6}, {3, 5}, {1, 2}], [{8}, {7}, {4, 6}, {3, 5}, {2}, {1}]]",2,4 K_1^2 K_2 - 4 K_1^2 - 4 K_1 K_2 - 2 K_1 K_3 + 2 K_1 - 2 K_2^2 + K_2 + 2 K_3 + K_4 + 3,O1O2O3O4U5U3U2O5O6U1O7U6U4O8U7U8,O1O2O3U4U2U1U5O6O7U6O4O8U7O5U8U3,O1O2O3U1U4O5U6O4O7U8O6O8U5U3U2U7,c,{'O1O2O3O4U5U6O5U1U7O6U4O7O8U3U2U8'},1,"<a href=""/flatknot/8.857523"">8.857523</a>",t^9-57t^7-160t^6+59t^5+508t^4+248t^3-360t^2-127t+8,-t^2+2t,,
8.857524,O1O2O3O4U5U6O5U1U7O6U8O7O8U2U3U4,3,2z^2+23z+39,8w^5z^2-30w^4z^2+8w^4z+24w^3z^2-34w^3z+49w^2z+39w,False,False,"[[ 0 -2 -1  1  3 -1 -1  0  1],[ 2  0  0  1  2  2  3  3  2],[ 1  0  0  1  2  0  1  1  2],[-1 -1 -1  0  1 -2 -1 -1  0],[-3 -2 -2 -1  0 -4 -3 -3 -2],[ 1 -2  0  2  4  0 -1  0  2],[ 1 -3 -1  1  3  1  0  0  1],[ 0 -3 -1  1  3  0  0  0  0],[-1 -2 -2  0  2 -2 -1  0  0]]","[[ 0  3  1  1  0 -1 -1 -1 -2],[-3  0 -1 -2 -3 -2 -3 -4 -2],[-1  1  0  0 -1 -1 -1 -2 -1],[-1  2  0  0  0 -2 -1 -2 -2],[ 0  3  1  0  0 -1  0  0 -3],[ 1  2  1  2  1  0  1  0  0],[ 1  3  1  1  0 -1  0  1 -3],[ 1  4  2  2  0  0 -1  0 -2],[ 2  2  1  2  3  0  3  2  0]]",True,"[-3,-1,-1,0,1,1,1,2,1,2,3,2,3,4,2,0,1,1,1,2,1,0,2,1,2,2,1,0,0,3,-1,0,0,-1,3,2]","[-3,-1,-1,0,1,1,1,2,0,1,0,0,1,2,3,0,1,0,1,0,1,0,0,1,1,2,1,1,0,-1,-1,0,-1,-1,-2,1]",t^8+93t^6+602t^4+276t^2,"[-2,-1,-1,-1,0,1,1,3,-2,-1,1,-1,1,2,3,-1,1,1,1,1,1,0,1,0,0,0,0,0,1,2,1,0,0,0,0,1]","[-3,-1,-1,0,1,1,1,2,0,1,0,0,1,2,3,0,1,0,1,0,1,0,0,1,1,2,1,1,0,-1,-1,0,-1,-1,-2,1]","[-2,-1,-1,-1,0,1,1,3,0,2,3,3,1,2,2,0,1,1,1,2,2,-1,0,2,2,4,0,1,1,3,1,0,3,0,1,2]",c,"[[{8, 5}, {3, 7}, {1, 6}, {2, 4}], [{8, 5}, {7}, {1, 6}, {2, 4}, {3}]]",1,- 16 K_1^4 + 12 K_1^3 + 8 K_1^2 K_2 + 2 K_1^2 - 6 K_1 K_2 - 6 K_1 + 3 K_2 + 4,O1O2O3O4U1U2U3O5O6U5O7U6U4O8U7U8,O1O2O3U4U1U2U3O5O6U5O4O7U6O8U7U8,O1O2O3U4U5O4U6O5O7U8O6O8U1U2U3U7,c,{'O1O2O3O4U5U6O5U1U7O6U8O7O8U2U3U4'},1,"<a href=""/flatknot/8.857524"">8.857524</a>",t^9-89t^7-346t^6-47t^5+570t^4+98t^3-304t^2+48t,-t^3+t^2+t,,
8.857525,O1O2O3O4U5U6O5U1U7O6U8O7O8U2U4U3,3,21z^2+92z+101,-8w^4z^2+29w^3z^2-6w^3z+98w^2z+101w,False,False,"[[ 0 -2 -1  2  2 -1 -1  0  1],[ 2  0  0  2  1  2  3  3  2],[ 1  0  0  2  1  0  1  1  2],[-2 -2 -2  0  0 -3 -2 -2 -1],[-2 -1 -1  0  0 -3 -2 -2 -1],[ 1 -2  0  3  3  0 -1  0  2],[ 1 -3 -1  2  2  1  0  0  1],[ 0 -3 -1  2  2  0  0  0  0],[-1 -2 -2  1  1 -2 -1  0  0]]","[[ 0  2  2  1  0 -1 -1 -1 -2],[-2  0  0 -1 -2 -1 -2 -3 -1],[-2  0  0 -1 -2 -2 -2 -3 -2],[-1  1  1  0  0 -2 -1 -2 -2],[ 0  2  2  0  0 -1  0  0 -3],[ 1  1  2  2  1  0  1  0  0],[ 1  2  2  1  0 -1  0  1 -3],[ 1  3  3  2  0  0 -1  0 -2],[ 2  1  2  2  3  0  3  2  0]]",True,"[-2,-2,-1,0,1,1,1,2,0,1,2,1,2,3,1,1,2,2,2,3,2,0,2,1,2,2,1,0,0,3,-1,0,0,-1,3,2]","[-2,-2,-1,0,1,1,1,2,0,0,0,0,1,1,2,0,0,0,1,2,3,1,0,1,0,1,1,1,0,-1,-1,0,-1,-1,-2,1]",t^8+84t^6+564t^4+324t^2,"[-2,-1,-1,-1,0,1,2,2,-2,-1,1,-1,1,2,3,-1,1,1,1,1,1,0,1,0,0,0,0,0,1,2,1,0,0,0,0,0]","[-2,-2,-1,0,1,1,1,2,0,0,0,0,1,1,2,0,0,0,1,2,3,1,0,1,0,1,1,1,0,-1,-1,0,-1,-1,-2,1]","[-2,-1,-1,-1,0,1,2,2,0,2,3,3,2,1,2,0,1,1,2,1,2,-1,0,2,3,3,0,1,2,2,0,2,2,1,1,0]",c,"[[{8, 5}, {4, 7}, {1, 6}, {2, 3}], [{8, 5}, {7}, {1, 6}, {4}, {2, 3}]]",1,4 K_1^2 K_2 - 8 K_1^2 - 8 K_1 K_2 - 6 K_1 K_3 + 4 K_1 - 2 K_2^2 + 5 K_2 + 4 K_3 + 3 K_4 + 5,O1O2O3O4U2U1U3O5O6U5O7U6U4O8U7U8,O1O2O3U4U1U3U2O5O6U5O4O7U6O8U7U8,O1O2O3U4U5O4U6O5O7U8O6O8U2U1U3U7,c,{'O1O2O3O4U5U6O5U1U7O6U8O7O8U2U4U3'},1,"<a href=""/flatknot/8.857525"">8.857525</a>",t^9-82t^7-276t^6+117t^5+392t^4-26t^3-152t^2,-t^2+2t,,
8.857526,O1O2O3O4U5U6O5U1U7O6U8O7O8U3U2U4,3,16z^2+77z+91,-4w^4z^2+8w^4z+20w^3z^2-16w^3z+85w^2z+91w,False,False,"[[ 0 -2  0  0  3 -1 -1  0  1],[ 2  0  1  0  2  2  3  3  2],[ 0 -1  0  0  2 -1  0  0  1],[ 0  0  0  0  1 -1  0  0  1],[-3 -2 -2 -1  0 -4 -3 -3 -2],[ 1 -2  1  1  4  0 -1  0  2],[ 1 -3  0  0  3  1  0  0  1],[ 0 -3  0  0  3  0  0  0  0],[-1 -2 -1 -1  2 -2 -1  0  0]]","[[ 0  3  1  0  0  0 -1 -1 -2],[-3  0 -2 -1 -2 -3 -3 -4 -2],[-1  2  0 -1 -1  0 -1 -2 -2],[ 0  1  1  0  0  0  0 -1  0],[ 0  2  1  0  0  0  0 -1 -1],[ 0  3  0  0  0  0  0  0 -3],[ 1  3  1  0  0  0  0  1 -3],[ 1  4  2  1  1  0 -1  0 -2],[ 2  2  2  0  1  3  3  2  0]]",True,"[-3,-1,0,0,0,1,1,2,2,1,2,3,3,4,2,1,1,0,1,2,2,0,0,0,1,0,0,0,1,1,0,0,3,-1,3,2]","[-3,-1,0,0,0,1,1,2,0,0,1,2,0,1,3,1,0,0,0,1,1,0,0,1,1,-1,0,0,1,1,0,1,2,-1,-1,-2]",t^8+84t^6+529t^4+246t^2,"[-2,-1,-1,0,0,0,1,3,-2,-1,-1,1,2,1,3,-1,1,1,1,1,1,1,0,0,0,0,0,0,1,0,0,0,1,0,2,0]","[-3,-1,0,0,0,1,1,2,0,0,1,2,0,1,3,1,0,0,0,1,1,0,0,1,1,-1,0,0,1,1,0,1,2,-1,-1,-2]","[-2,-1,-1,0,0,0,1,3,2,3,0,1,3,2,2,-1,1,1,0,2,4,0,0,0,1,3,0,0,1,1,0,1,2,0,3,2]",c,"[[{8, 1}, {2, 7}, {3, 6}, {4, 5}], [{8, 1}, {2, 7}, {4, 6}, {3, 5}], [{8, 1}, {2, 7}, {5, 6}, {3, 4}], [{8, 1}, {3, 7}, {2, 6}, {4, 5}], [{8, 1}, {3, 7}, {4, 6}, {2, 5}], [{8, 1}, {3, 7}, {5, 6}, {2, 4}], [{8, 1}, {4, 7}, {2, 6}, {3, 5}], [{8, 1}, {4, 7}, {3, 6}, {2, 5}], [{8, 1}, {4, 7}, {5, 6}, {2, 3}], [{8, 1}, {5, 7}, {2, 6}, {3, 4}], [{8, 1}, {5, 7}, {3, 6}, {2, 4}], [{8, 1}, {5, 7}, {4, 6}, {2, 3}], [{8, 1}, {6, 7}, {2, 5}, {3, 4}], [{8, 1}, {6, 7}, {3, 5}, {2, 4}], [{8, 1}, {6, 7}, {4, 5}, {2, 3}], [{8, 1}, {6, 7}, {5}, {3, 4}, {2}], [{8, 2}, {1, 7}, {3, 6}, {4, 5}], [{8, 2}, {1, 7}, {4, 6}, {3, 5}], [{8, 2}, {1, 7}, {5, 6}, {3, 4}], [{8, 2}, {3, 7}, {1, 6}, {4, 5}], [{8, 2}, {3, 7}, {4, 6}, {1, 5}], [{8, 2}, {3, 7}, {5, 6}, {1, 4}], [{8, 2}, {3, 7}, {6}, {5}, {1, 4}], [{8, 2}, {4, 7}, {1, 6}, {3, 5}], [{8, 2}, {4, 7}, {3, 6}, {1, 5}], [{8, 2}, {4, 7}, {5, 6}, {1, 3}], [{8, 2}, {5, 7}, {1, 6}, {3, 4}], [{8, 2}, {5, 7}, {3, 6}, {1, 4}], [{8, 2}, {5, 7}, {4, 6}, {1, 3}], [{8, 2}, {5, 7}, {6}, {1, 4}, {3}], [{8, 2}, {6, 7}, {1, 5}, {3, 4}], [{8, 2}, {6, 7}, {3, 5}, {1, 4}], [{8, 2}, {6, 7}, {4, 5}, {1, 3}], [{8, 2}, {6, 7}, {5}, {1, 4}, {3}], [{8, 2}, {6, 7}, {5}, {3, 4}, {1}], [{8, 2}, {6, 7}, {5}, {4}, {1, 3}], [{8, 2}, {7}, {3, 6}, {5}, {1, 4}], [{8, 2}, {7}, {5, 6}, {1, 4}, {3}], [{8, 2}, {7}, {6}, {3, 5}, {1, 4}], [{8, 2}, {7}, {6}, {5}, {1, 4}, {3}], [{8, 3}, {1, 7}, {2, 6}, {4, 5}], [{8, 3}, {1, 7}, {4, 6}, {2, 5}], [{8, 3}, {1, 7}, {5, 6}, {2, 4}], [{8, 3}, {2, 7}, {1, 6}, {4, 5}], [{8, 3}, {2, 7}, {4, 6}, {1, 5}], [{8, 3}, {2, 7}, {5, 6}, {1, 4}], [{8, 3}, {2, 7}, {6}, {5}, {1, 4}], [{8, 3}, {4, 7}, {1, 6}, {2, 5}], [{8, 3}, {4, 7}, {2, 6}, {1, 5}], [{8, 3}, {4, 7}, {5, 6}, {1, 2}], [{8, 3}, {5, 7}, {1, 6}, {2, 4}], [{8, 3}, {5, 7}, {2, 6}, {1, 4}], [{8, 3}, {5, 7}, {4, 6}, {1, 2}], [{8, 3}, {5, 7}, {6}, {1, 4}, {2}], [{8, 3}, {5, 7}, {6}, {2, 4}, {1}], [{8, 3}, {5, 7}, {6}, {4}, {1, 2}], [{8, 3}, {6, 7}, {1, 5}, {2, 4}], [{8, 3}, {6, 7}, {2, 5}, {1, 4}], [{8, 3}, {6, 7}, {4, 5}, {1, 2}], [{8, 3}, {6, 7}, {5}, {1, 4}, {2}], [{8, 3}, {7}, {2, 6}, {5}, {1, 4}], [{8, 3}, {7}, {5, 6}, {1, 4}, {2}], [{8, 3}, {7}, {6}, {2, 5}, {1, 4}], [{8, 3}, {7}, {6}, {5}, {1, 4}, {2}], [{8, 4}, {1, 7}, {2, 6}, {3, 5}], [{8, 4}, {1, 7}, {3, 6}, {2, 5}], [{8, 4}, {1, 7}, {5, 6}, {2, 3}], [{8, 4}, {2, 7}, {1, 6}, {3, 5}], [{8, 4}, {2, 7}, {3, 6}, {1, 5}], [{8, 4}, {2, 7}, {5, 6}, {1, 3}], [{8, 4}, {3, 7}, {1, 6}, {2, 5}], [{8, 4}, {3, 7}, {2, 6}, {1, 5}], [{8, 4}, {3, 7}, {5, 6}, {1, 2}], [{8, 4}, {5, 7}, {1, 6}, {2, 3}], [{8, 4}, {5, 7}, {2, 6}, {1, 3}], [{8, 4}, {5, 7}, {3, 6}, {1, 2}], [{8, 4}, {6, 7}, {1, 5}, {2, 3}], [{8, 4}, {6, 7}, {2, 5}, {1, 3}], [{8, 4}, {6, 7}, {3, 5}, {1, 2}], [{8, 4}, {6, 7}, {5}, {1, 3}, {2}], [{8, 5}, {1, 7}, {2, 6}, {3, 4}], [{8, 5}, {1, 7}, {2, 6}, {4}, {3}], [{8, 5}, {1, 7}, {3, 6}, {2, 4}], [{8, 5}, {1, 7}, {3, 6}, {4}, {2}], [{8, 5}, {1, 7}, {4, 6}, {2, 3}], [{8, 5}, {1, 7}, {4, 6}, {3}, {2}], [{8, 5}, {1, 7}, {6}, {2, 4}, {3}], [{8, 5}, {1, 7}, {6}, {3, 4}, {2}], [{8, 5}, {1, 7}, {6}, {4}, {2, 3}], [{8, 5}, {2, 7}, {1, 6}, {3, 4}], [{8, 5}, {2, 7}, {1, 6}, {4}, {3}], [{8, 5}, {2, 7}, {3, 6}, {1, 4}], [{8, 5}, {2, 7}, {3, 6}, {4}, {1}], [{8, 5}, {2, 7}, {4, 6}, {1, 3}], [{8, 5}, {2, 7}, {4, 6}, {3}, {1}], [{8, 5}, {2, 7}, {6}, {1, 4}, {3}], [{8, 5}, {2, 7}, {6}, {3, 4}, {1}], [{8, 5}, {2, 7}, {6}, {4}, {1, 3}], [{8, 5}, {3, 7}, {1, 6}, {2, 4}], [{8, 5}, {3, 7}, {1, 6}, {4}, {2}], [{8, 5}, {3, 7}, {2, 6}, {1, 4}], [{8, 5}, {3, 7}, {2, 6}, {4}, {1}], [{8, 5}, {3, 7}, {4, 6}, {1, 2}], [{8, 5}, {3, 7}, {4, 6}, {2}, {1}], [{8, 5}, {3, 7}, {6}, {1, 4}, {2}], [{8, 5}, {3, 7}, {6}, {2, 4}, {1}], [{8, 5}, {3, 7}, {6}, {4}, {1, 2}], [{8, 5}, {4, 7}, {1, 6}, {2, 3}], [{8, 5}, {4, 7}, {1, 6}, {3}, {2}], [{8, 5}, {4, 7}, {2, 6}, {1, 3}], [{8, 5}, {4, 7}, {2, 6}, {3}, {1}], [{8, 5}, {4, 7}, {3, 6}, {1, 2}], [{8, 5}, {4, 7}, {3, 6}, {2}, {1}], [{8, 5}, {4, 7}, {6}, {1, 3}, {2}], [{8, 5}, {4, 7}, {6}, {2, 3}, {1}], [{8, 5}, {4, 7}, {6}, {3}, {1, 2}], [{8, 5}, {6, 7}, {1, 4}, {2, 3}], [{8, 5}, {6, 7}, {1, 4}, {3}, {2}], [{8, 5}, {6, 7}, {2, 4}, {1, 3}], [{8, 5}, {6, 7}, {2, 4}, {3}, {1}], [{8, 5}, {6, 7}, {3, 4}, {1, 2}], [{8, 5}, {6, 7}, {3, 4}, {2}, {1}], [{8, 5}, {6, 7}, {4}, {1, 3}, {2}], [{8, 5}, {6, 7}, {4}, {2, 3}, {1}], [{8, 5}, {6, 7}, {4}, {3}, {1, 2}], [{8, 5}, {7}, {1, 6}, {2, 4}, {3}], [{8, 5}, {7}, {1, 6}, {3, 4}, {2}], [{8, 5}, {7}, {1, 6}, {4}, {2, 3}], [{8, 5}, {7}, {1, 6}, {4}, {3}, {2}], [{8, 5}, {7}, {2, 6}, {1, 4}, {3}], [{8, 5}, {7}, {2, 6}, {3, 4}, {1}], [{8, 5}, {7}, {2, 6}, {4}, {1, 3}], [{8, 5}, {7}, {3, 6}, {1, 4}, {2}], [{8, 5}, {7}, {3, 6}, {2, 4}, {1}], [{8, 5}, {7}, {3, 6}, {4}, {1, 2}], [{8, 5}, {7}, {4, 6}, {1, 3}, {2}], [{8, 5}, {7}, {4, 6}, {2, 3}, {1}], [{8, 5}, {7}, {4, 6}, {3}, {1, 2}], [{8, 5}, {7}, {4, 6}, {3}, {2}, {1}], [{8, 5}, {7}, {6}, {1, 4}, {2, 3}], [{8, 5}, {7}, {6}, {1, 4}, {3}, {2}], [{8, 5}, {7}, {6}, {2, 4}, {1, 3}], [{8, 5}, {7}, {6}, {3, 4}, {1, 2}], [{8, 6}, {1, 7}, {2, 5}, {3, 4}], [{8, 6}, {1, 7}, {3, 5}, {2, 4}], [{8, 6}, {1, 7}, {4, 5}, {2, 3}], [{8, 6}, {1, 7}, {4, 5}, {3}, {2}], [{8, 6}, {2, 7}, {1, 5}, {3, 4}], [{8, 6}, {2, 7}, {1, 5}, {4}, {3}], [{8, 6}, {2, 7}, {3, 5}, {1, 4}], [{8, 6}, {2, 7}, {4, 5}, {1, 3}], [{8, 6}, {2, 7}, {4, 5}, {3}, {1}], [{8, 6}, {2, 7}, {5}, {1, 4}, {3}], [{8, 6}, {3, 7}, {1, 5}, {2, 4}], [{8, 6}, {3, 7}, {1, 5}, {4}, {2}], [{8, 6}, {3, 7}, {2, 5}, {1, 4}], [{8, 6}, {3, 7}, {4, 5}, {1, 2}], [{8, 6}, {3, 7}, {4, 5}, {2}, {1}], [{8, 6}, {3, 7}, {5}, {1, 4}, {2}], [{8, 6}, {4, 7}, {1, 5}, {2, 3}], [{8, 6}, {4, 7}, {1, 5}, {3}, {2}], [{8, 6}, {4, 7}, {2, 5}, {1, 3}], [{8, 6}, {4, 7}, {3, 5}, {1, 2}], [{8, 6}, {5, 7}, {1, 4}, {2, 3}], [{8, 6}, {5, 7}, {1, 4}, {3}, {2}], [{8, 6}, {5, 7}, {2, 4}, {1, 3}], [{8, 6}, {5, 7}, {3, 4}, {1, 2}], [{8, 6}, {7}, {1, 5}, {2, 4}, {3}], [{8, 6}, {7}, {1, 5}, {3, 4}, {2}], [{8, 6}, {7}, {1, 5}, {4}, {2, 3}], [{8, 6}, {7}, {1, 5}, {4}, {3}, {2}], [{8, 6}, {7}, {2, 5}, {1, 4}, {3}], [{8, 6}, {7}, {3, 5}, {1, 4}, {2}], [{8, 6}, {7}, {4, 5}, {1, 3}, {2}], [{8, 6}, {7}, {4, 5}, {2, 3}, {1}], [{8, 6}, {7}, {4, 5}, {3}, {1, 2}], [{8, 6}, {7}, {4, 5}, {3}, {2}, {1}], [{8, 6}, {7}, {5}, {1, 4}, {2, 3}], [{8, 6}, {7}, {5}, {1, 4}, {3}, {2}], [{8, 7}, {1, 6}, {2, 5}, {3, 4}], [{8, 7}, {1, 6}, {3, 5}, {2, 4}], [{8, 7}, {1, 6}, {4, 5}, {2, 3}], [{8, 7}, {2, 6}, {1, 5}, {3, 4}], [{8, 7}, {2, 6}, {3, 5}, {1, 4}], [{8, 7}, {2, 6}, {4, 5}, {1, 3}], [{8, 7}, {2, 6}, {5}, {1, 4}, {3}], [{8, 7}, {3, 6}, {1, 5}, {2, 4}], [{8, 7}, {3, 6}, {2, 5}, {1, 4}], [{8, 7}, {3, 6}, {4, 5}, {1, 2}], [{8, 7}, {3, 6}, {5}, {1, 4}, {2}], [{8, 7}, {4, 6}, {1, 5}, {2, 3}], [{8, 7}, {4, 6}, {2, 5}, {1, 3}], [{8, 7}, {4, 6}, {3, 5}, {1, 2}], [{8, 7}, {5, 6}, {1, 4}, {2, 3}], [{8, 7}, {5, 6}, {1, 4}, {3}, {2}], [{8, 7}, {5, 6}, {2, 4}, {1, 3}], [{8, 7}, {5, 6}, {2, 4}, {3}, {1}], [{8, 7}, {5, 6}, {3, 4}, {1, 2}], [{8, 7}, {5, 6}, {4}, {3}, {1, 2}], [{8, 7}, {6}, {1, 5}, {3, 4}, {2}], [{8, 7}, {6}, {2, 5}, {1, 4}, {3}], [{8, 7}, {6}, {3, 5}, {1, 4}, {2}], [{8, 7}, {6}, {4, 5}, {1, 3}, {2}], [{8, 7}, {6}, {5}, {1, 4}, {2, 3}], [{8, 7}, {6}, {5}, {1, 4}, {3}, {2}], [{8}, {1, 7}, {2, 6}, {5}, {3, 4}], [{8}, {1, 7}, {3, 6}, {5}, {2, 4}], [{8}, {1, 7}, {4, 6}, {5}, {2, 3}], [{8}, {2, 7}, {1, 6}, {5}, {3, 4}], [{8}, {2, 7}, {3, 6}, {5}, {1, 4}], [{8}, {2, 7}, {4, 6}, {5}, {1, 3}], [{8}, {2, 7}, {5, 6}, {1, 4}, {3}], [{8}, {2, 7}, {6}, {3, 5}, {1, 4}], [{8}, {2, 7}, {6}, {5}, {1, 4}, {3}], [{8}, {3, 7}, {1, 6}, {5}, {2, 4}], [{8}, {3, 7}, {2, 6}, {5}, {1, 4}], [{8}, {3, 7}, {4, 6}, {5}, {1, 2}], [{8}, {3, 7}, {5, 6}, {1, 4}, {2}], [{8}, {3, 7}, {6}, {2, 5}, {1, 4}], [{8}, {3, 7}, {6}, {5}, {1, 4}, {2}], [{8}, {4, 7}, {1, 6}, {5}, {2, 3}], [{8}, {4, 7}, {2, 6}, {5}, {1, 3}], [{8}, {4, 7}, {3, 6}, {5}, {1, 2}], [{8}, {5, 7}, {2, 6}, {1, 4}, {3}], [{8}, {5, 7}, {3, 6}, {1, 4}, {2}], [{8}, {5, 7}, {6}, {1, 4}, {2, 3}], [{8}, {5, 7}, {6}, {1, 4}, {3}, {2}], [{8}, {6, 7}, {1, 5}, {3, 4}, {2}], [{8}, {6, 7}, {2, 5}, {1, 4}, {3}], [{8}, {6, 7}, {2, 5}, {3, 4}, {1}], [{8}, {6, 7}, {2, 5}, {4}, {1, 3}], [{8}, {6, 7}, {3, 5}, {1, 4}, {2}], [{8}, {6, 7}, {4, 5}, {1, 3}, {2}], [{8}, {6, 7}, {5}, {1, 4}, {2, 3}], [{8}, {6, 7}, {5}, {1, 4}, {3}, {2}], [{8}, {6, 7}, {5}, {2, 4}, {1, 3}], [{8}, {6, 7}, {5}, {3, 4}, {1, 2}], [{8}, {6, 7}, {5}, {3, 4}, {2}, {1}], [{8}, {6, 7}, {5}, {4}, {1, 3}, {2}], [{8}, {7}, {2, 6}, {3, 5}, {1, 4}], [{8}, {7}, {2, 6}, {5}, {1, 4}, {3}], [{8}, {7}, {3, 6}, {2, 5}, {1, 4}], [{8}, {7}, {3, 6}, {5}, {1, 4}, {2}], [{8}, {7}, {5, 6}, {1, 4}, {2, 3}], [{8}, {7}, {5, 6}, {1, 4}, {3}, {2}], [{8}, {7}, {6}, {2, 5}, {1, 4}, {3}], [{8}, {7}, {6}, {3, 5}, {1, 4}, {2}], [{8}, {7}, {6}, {5}, {1, 4}, {2, 3}], [{8}, {7}, {6}, {5}, {1, 4}, {3}, {2}]]",2,- 6 K_1^2 - 6 K_1 K_2 - 4 K_1 K_3 + 3 K_1 + 5 K_2 + 3 K_3 + 2 K_4 + 4,O1O2O3O4U1U3U2O5O6U5O7U6U4O8U7U8,O1O2O3U4U2U1U3O5O6U5O4O7U6O8U7U8,O1O2O3U4U5O4U6O5O7U8O6O8U1U3U2U7,c,{'O1O2O3O4U5U6O5U1U7O6U8O7O8U3U2U4'},1,"<a href=""/flatknot/8.857526"">8.857526</a>",t^9-80t^7-302t^6-96t^5+936t^4+1161t^3-158t^2-608t,-t^3+t^2+t,,
8.857527,O1O2O3O4U5U6O5U1U7O6U8O7O8U3U4U2,3,15z^2+80z+101,-4w^4z^2+19w^3z^2-16w^3z+96w^2z+101w,False,False,"[[ 0 -2  1  0  2 -1 -1  0  1],[ 2  0  2  0  1  2  3  3  2],[-1 -2  0 -1  1 -2 -1 -1  0],[ 0  0  1  0  1 -1  0  0  1],[-2 -1 -1 -1  0 -3 -2 -2 -1],[ 1 -2  2  1  3  0 -1  0  2],[ 1 -3  1  0  2  1  0  0  1],[ 0 -3  1  0  2  0  0  0  0],[-1 -2  0 -1  1 -2 -1  0  0]]","[[ 0  2  1  1  0  0 -1 -1 -2],[-2  0 -1 -1 -1 -2 -2 -3 -1],[-1  1  0  0 -1  0 -1 -2 -2],[-1  1  0  0 -1 -1 -1 -2 -2],[ 0  1  1  1  0  0  0 -1  0],[ 0  2  0  1  0  0  0  0 -3],[ 1  2  1  1  0  0  0  1 -3],[ 1  3  2  2  1  0 -1  0 -2],[ 2  1  2  2  0  3  3  2  0]]",True,"[-2,-1,-1,0,0,1,1,2,1,1,1,2,2,3,1,0,1,0,1,2,2,1,1,1,2,2,0,0,1,0,0,0,3,-1,3,2]","[-2,-1,-1,0,0,1,1,2,-2,-1,-1,2,1,1,3,-1,1,1,1,1,1,1,0,0,0,0,0,0,1,0,0,0,1,0,0,0]",t^8+66t^6+409t^4+200t^2,"[-2,-1,-1,0,0,1,1,2,-2,-1,-1,2,1,1,3,-1,1,1,1,1,1,1,0,0,0,0,0,0,1,0,0,0,1,0,0,0]","[-2,-1,-1,0,0,1,1,2,0,0,0,1,0,1,3,0,0,0,0,1,1,1,0,0,1,1,0,1,1,-1,0,1,2,-1,-1,-2]","[-2,-1,-1,0,0,1,1,2,2,3,0,3,2,2,1,-1,1,0,2,2,3,0,0,1,1,2,0,1,1,1,0,1,2,0,1,1]",c,"[[{8, 5}, {3, 7}, {2, 6}, {1, 4}]]",1,- 8 K_1^4 + 20 K_1^3 + 16 K_1^2 K_2 - 30 K_1^2 - 12 K_1 K_2 - 6 K_1 K_3 - 9 K_1 + 14 K_2 + K_3 + 15,O1O2O3O4U3U1U2O5O6U5O7U6U4O8U7U8,O1O2O3U4U3U1U2O5O6U5O4O7U6O8U7U8,O1O2O3U4U5O4U6O5O7U8O6O8U2U3U1U7,c,{'O1O2O3O4U5U6O5U1U7O6U8O7O8U3U4U2'},1,"<a href=""/flatknot/8.857527"">8.857527</a>",t^9-66t^7-212t^6+39t^5+608t^4+446t^3-232t^2-376t-96,0,,
8.857528,O1O2O3O4U5U6O5U1U7O6U8O7O8U4U2U3,3,20z^2+95z+111,-4w^4z^2+24w^3z^2-6w^3z+101w^2z+111w,False,False,"[[ 0 -2  0  2  1 -1 -1  0  1],[ 2  0  1  2  0  2  3  3  2],[ 0 -1  0  1  0 -1  0  0  1],[-2 -2 -1  0  0 -3 -2 -2 -1],[-1  0  0  0  0 -2 -1 -1  0],[ 1 -2  1  3  2  0 -1  0  2],[ 1 -3  0  2  1  1  0  0  1],[ 0 -3  0  2  1  0  0  0  0],[-1 -2 -1  1  0 -2 -1  0  0]]","[[ 0  2  1  1  0  0 -1 -1 -2],[-2  0  0 -1 -1 -2 -2 -3 -2],[-1  0  0  0  0 -1 -1 -2  0],[-1  1  0  0 -1  0 -1 -2 -2],[ 0  1  0  1  0  0  0 -1 -1],[ 0  2  1  0  0  0  0  0 -3],[ 1  2  1  1  0  0  0  1 -3],[ 1  3  2  2  1  0 -1  0 -2],[ 2  2  0  2  1  3  3  2  0]]",True,"[-2,-1,-1,0,0,1,1,2,0,1,1,2,2,3,2,0,0,1,1,2,0,1,0,1,2,2,0,0,1,1,0,0,3,-1,3,2]","[-2,-1,-1,0,0,1,1,2,-2,-1,-1,1,1,3,2,-1,1,1,1,1,1,1,0,0,0,0,0,1,0,0,0,1,1,0,0,1]",t^8+64t^6+380t^4+206t^2,"[-2,-1,-1,0,0,1,1,2,-2,-1,-1,1,1,3,2,-1,1,1,1,1,1,1,0,0,0,0,0,1,0,0,0,1,1,0,0,1]","[-2,-1,-1,0,0,1,1,2,0,1,0,1,0,1,2,0,1,0,0,1,1,0,1,0,1,3,0,1,1,-1,0,1,1,-1,-1,-2]","[-2,-1,-1,0,0,1,1,2,2,3,1,3,0,2,2,-1,1,0,2,2,3,0,0,1,1,2,0,0,1,1,1,0,2,0,0,1]",c,"[[{8, 5}, {2, 7}, {1, 6}, {3, 4}], [{8, 5}, {2, 7}, {3, 6}, {1, 4}], [{8, 5}, {2, 7}, {4, 6}, {1, 3}], [{8, 5}, {7}, {1, 6}, {3, 4}, {2}], [{8, 5}, {7}, {3, 6}, {1, 4}, {2}], [{8, 5}, {7}, {4, 6}, {1, 3}, {2}]]",1,- 8 K_1^4 + 20 K_1^3 + 16 K_1^2 K_2 - 18 K_1^2 - 12 K_1 K_2 - 6 K_1 K_3 - 9 K_1 + 8 K_2 + K_3 + 9,O1O2O3O4U2U3U1O5O6U5O7U6U4O8U7U8,O1O2O3U4U2U3U1O5O6U5O4O7U6O8U7U8,O1O2O3U4U5O4U6O5O7U8O6O8U3U1U2U7,c,{'O1O2O3O4U5U6O5U1U7O6U8O7O8U4U2U3'},1,"<a href=""/flatknot/8.857528"">8.857528</a>",t^9-64t^7-198t^6+40t^5+458t^4+141t^3-326t^2-80t+128,0,,
8.857529,O1O2O3O4U5U6O5U1U7O6U8O7O8U4U3U2,3,2z^2+23z+39,-20w^4z^2+22w^3z^2-44w^3z+67w^2z+39w,False,False,"[[ 0 -2  1  1  1 -1 -1  0  1],[ 2  0  2  1  0  2  3  3  2],[-1 -2  0  0  0 -2 -1 -1  0],[-1 -1  0  0  0 -2 -1 -1  0],[-1  0  0  0  0 -2 -1 -1  0],[ 1 -2  2  2  2  0 -1  0  2],[ 1 -3  1  1  1  1  0  0  1],[ 0 -3  1  1  1  0  0  0  0],[-1 -2  0  0  0 -2 -1  0  0]]","[[ 0  1  1  1  1  0 -1 -1 -2],[-1  0  0  0  0  0 -1 -2 -2],[-1  0  0  0  0 -1 -1 -2  0],[-1  0  0  0  0 -1 -1 -2 -1],[-1  0  0  0  0 -1 -1 -2 -2],[ 0  0  1  1  1  0  0  0 -3],[ 1  1  1  1  1  0  0  1 -3],[ 1  2  2  2  2  0 -1  0 -2],[ 2  2  0  1  2  3  3  2  0]]",True,"[-1,-1,-1,-1,0,1,1,2,0,0,0,0,1,2,2,0,0,1,1,2,0,0,1,1,2,1,1,1,2,2,0,0,3,-1,3,2]","[-2,-1,-1,0,1,1,1,1,-2,-1,-1,1,1,2,3,-1,1,1,1,1,1,1,0,0,0,0,0,1,0,0,0,0,0,0,0,0]",t^8+55t^6+306t^4+144t^2,"[-2,-1,-1,0,1,1,1,1,-2,-1,-1,1,1,2,3,-1,1,1,1,1,1,1,0,0,0,0,0,1,0,0,0,0,0,0,0,0]","[-1,-1,-1,-1,0,1,1,2,0,0,0,0,0,1,1,0,0,0,0,1,2,0,0,0,1,3,1,0,1,1,1,1,-1,-1,-1,-2]","[-2,-1,-1,0,1,1,1,1,2,3,3,0,1,2,2,-1,0,2,2,2,2,0,1,1,1,1,1,1,0,1,0,0,0,0,0,0]",c,"[[{8, 5}, {3, 7}, {1, 6}, {2, 4}], [{8, 5}, {7}, {1, 6}, {2, 4}, {3}]]",1,4 K_1^2 K_2 - 6 K_1^2 - 8 K_1 K_2 - 4 K_1 K_3 + 4 K_1 - 4 K_2^2 + 3 K_2 + 4 K_3 + 3 K_4 + 5,O1O2O3O4U3U2U1O5O6U5O7U6U4O8U7U8,O1O2O3U4U3U2U1O5O6U5O4O7U6O8U7U8,O1O2O3U4U5O4U6O5O7U8O6O8U3U2U1U7,c,{'O1O2O3O4U5U6O5U1U7O6U8O7O8U4U3U2'},1,"<a href=""/flatknot/8.857529"">8.857529</a>",t^9-57t^7-138t^6+143t^5+162t^4-96t^3-36t^2,t^2-2t,,
8.857530,O1O2O3O4U5U6O5U1U7O6U2O8O7U3U4U8,4,4z^3+36z^2+109z+107,4w^4z^3+36w^3z^2+109w^2z+107w,False,False,"[[ 0 -2  0  0  2 -1 -1  1  1],[ 2  0  0  1  2  2  3  2  2],[ 0  0  0  0  1 -1  1  1  1],[ 0 -1  0  0  1 -1  0  1  1],[-2 -2 -1 -1  0 -3 -2 -1  0],[ 1 -2  1  1  3  0 -1  1  1],[ 1 -3 -1  0  2  1  0  1  2],[-1 -2 -1 -1  1 -1 -1  0  1],[-1 -2 -1 -1  0 -1 -2 -1  0]]","[[ 0  2  1  1  0  0 -1 -1 -2],[-2  0  0 -1 -1 -1 -2 -3 -2],[-1  0  0 -1 -1 -1 -2 -1 -2],[-1  1  1  0 -1 -1 -1 -1 -2],[ 0  1  1  1  0  0  1 -1  0],[ 0  1  1  1  0  0  0 -1 -1],[ 1  2  2  1 -1  0  0  1 -3],[ 1  3  1  1  1  1 -1  0 -2],[ 2  2  2  2  0  1  3  2  0]]",True,"[-2,-1,-1,0,0,1,1,2,0,1,1,1,2,3,2,1,1,1,2,1,2,1,1,1,1,2,0,-1,1,0,0,1,1,-1,3,2]","[-2,-1,-1,0,0,1,1,2,-2,-1,1,2,1,1,2,-1,1,2,0,1,1,0,0,1,1,0,0,0,0,1,0,0,1,1,1,0]",t^8+58t^6+350t^4+89t^2,"[-2,-1,-1,0,0,1,1,2,-2,-1,1,2,1,1,2,-1,1,2,0,1,1,0,0,1,1,0,0,0,0,1,0,0,1,1,1,0]","[-2,-1,-1,0,0,1,1,2,0,1,1,1,0,1,2,1,0,0,1,1,1,0,0,1,0,1,0,0,1,1,0,2,2,-1,-1,-2]","[-2,-1,-1,0,0,1,1,2,2,3,0,1,2,2,2,-1,1,1,1,1,3,-1,0,1,2,2,0,1,1,1,1,1,1,1,1,0]",c,"[[{8, 5}, {6, 7}, {1, 4}, {2, 3}], [{8, 6}, {5, 7}, {1, 4}, {2, 3}]]",1,- 8 K_1^4 + 36 K_1^3 + 16 K_1^2 K_2 - 26 K_1^2 - 36 K_1 K_2 - 6 K_1 K_3 - 9 K_1 + 12 K_2 + 9 K_3 + 13,O1O2O3O4U5U1U2O6O5U3O7U6U4O8U7U8,O1O2O3U4U5U1U2O6O7U6O4O8U7O5U3U8,O1O2O3U4U1O5U6O4O7U8O6O8U2U3U5U7,c,{'O1O2O3O4U5U6O5U1U7O6U2O8O7U3U4U8'},1,"<a href=""/flatknot/8.857530"">8.857530</a>",t^9-58t^7-234t^6-208t^5+304t^4+388t^3-196t^2-195t+70,0,,
8.857531,O1O2O3O4U5U6O5U1U7O6U2O8O7U4U8U3,4,2z^3+24z^2+103z+127,2w^4z^3+24w^3z^2+103w^2z+127w,False,False,"[[ 0 -2  0  2  1 -1 -1  1  0],[ 2  0  0  2  1  2  3  2  1],[ 0  0  0  1  0 -1  1  1  0],[-2 -2 -1  0 -1 -3 -2  0  0],[-1 -1  0  1  0 -2 -1  0  0],[ 1 -2  1  3  2  0 -1  1  0],[ 1 -3 -1  2  1  1  0  1  1],[-1 -2 -1  0  0 -1 -1  0  0],[ 0 -1  0  0  0  0 -1  0  0]]","[[ 0  2  1  1  0  0 -1 -1 -2],[-2  0  0 -1  0 -1 -2 -3 -2],[-1  0  0  0  0 -1 -1 -1 -2],[-1  1  0  0  0  0 -1 -2 -1],[ 0  0  0  0  0  0 -1  0 -1],[ 0  1  1  0  0  0  1 -1  0],[ 1  2  1  1  1 -1  0  1 -3],[ 1  3  1  2  0  1 -1  0 -2],[ 2  2  2  1  1  0  3  2  0]]",True,"[-2,-1,-1,0,0,1,1,2,0,1,0,1,2,3,2,0,0,1,1,1,2,0,0,1,2,1,0,1,0,1,-1,1,0,-1,3,2]","[-2,-1,-1,0,0,1,1,2,-2,-1,1,2,1,2,2,-1,0,2,1,1,1,1,0,1,0,0,0,1,1,2,0,1,1,0,1,0]",t^8+50t^6+315t^4+83t^2+1,"[-2,-1,-1,0,0,1,1,2,-2,-1,1,2,1,2,2,-1,0,2,1,1,1,1,0,1,0,0,0,1,1,2,0,1,1,0,1,0]","[-2,-1,-1,0,0,1,1,2,0,1,1,2,0,1,2,0,1,1,0,1,2,0,1,1,1,1,0,0,2,2,1,0,1,-1,-1,-2]","[-2,-1,-1,0,0,1,1,2,2,3,0,1,1,2,2,-1,1,0,2,1,3,-1,1,1,1,2,0,0,1,1,0,0,0,0,1,0]",c,"[[{8, 2}, {5, 7}, {4, 6}, {1, 3}]]",1,24 K_1^3 + 4 K_1^2 K_2 - 26 K_1^2 - 28 K_1 K_2 - 6 K_1 K_3 - 4 K_1 - 2 K_2^2 + 14 K_2 + 8 K_3 + 3 K_4 + 14,O1O2O3O4U2U5U1O6O5U3O7U6U4O8U7U8,O1O2O3U4U5U3U1O6O7U6O4O8U7O5U2U8,O1O2O3U4U2O5U6O4O7U8O6O8U3U1U5U7,c,{'O1O2O3O4U5U6O5U1U7O6U2O8O7U4U8U3'},1,"<a href=""/flatknot/8.857531"">8.857531</a>",t^9-50t^7-172t^6-75t^5+314t^4+256t^3-140t^2-103t+2,0,,
8.857532,O1O2O3O4U5U6O5U1U7O6U2O8O7U8U3U4,4,8z^3+48z^2+109z+91,8w^4z^3+48w^3z^2+109w^2z+91w,False,False,"[[ 0 -2  0  1  3 -1 -1  1 -1],[ 2  0  0  1  2  2  3  2  0],[ 0  0  0  0  1 -1  1  1 -1],[-1 -1  0  0  1 -2 -1  1 -1],[-3 -2 -1 -1  0 -4 -3 -1 -1],[ 1 -2  1  2  4  0 -1  1 -1],[ 1 -3 -1  1  3  1  0  1  0],[-1 -2 -1 -1  1 -1 -1  0 -1],[ 1  0  1  1  1  1  0  1  0]]","[[ 0  3  1  1  0 -1 -1 -1 -2],[-3  0 -1 -1 -1 -1 -3 -4 -2],[-1  1  0  1  0 -1 -1 -2 -1],[-1  1 -1  0 -1 -1 -1 -1 -2],[ 0  1  0  1  0 -1  1 -1  0],[ 1  1  1  1  1  0  0  1  0],[ 1  3  1  1 -1  0  0  1 -3],[ 1  4  2  1  1 -1 -1  0 -2],[ 2  2  1  2  0  0  3  2  0]]",True,"[-3,-1,-1,0,1,1,1,2,1,1,1,1,3,4,2,-1,0,1,1,2,1,1,1,1,1,2,1,-1,1,0,0,-1,0,-1,3,2]","[-3,-1,-1,0,1,1,1,2,1,1,1,1,3,4,2,-1,0,1,1,2,1,1,1,1,1,2,1,-1,1,0,0,-1,0,-1,3,2]",t^8+67t^6+502t^4+328t^2+1,"[-2,-1,-1,-1,0,1,1,3,-2,-1,1,2,1,2,3,-1,0,2,1,1,1,1,0,1,0,0,0,1,1,3,0,1,2,1,1,1]","[-3,-1,-1,0,1,1,1,2,1,1,2,0,1,3,3,-1,0,1,1,1,1,1,0,1,1,2,0,2,0,2,-1,-1,-1,0,-2,1]","[-2,-1,-1,-1,0,1,1,3,0,2,3,0,1,2,2,1,0,1,1,1,1,-1,1,2,1,4,-1,1,1,3,0,1,1,1,1,1]",c,"[[{8, 1}, {2, 7}, {3, 6}, {4, 5}], [{8, 1}, {2, 7}, {4, 6}, {3, 5}], [{8, 1}, {2, 7}, {5, 6}, {3, 4}], [{8, 1}, {3, 7}, {2, 6}, {4, 5}], [{8, 1}, {3, 7}, {4, 6}, {2, 5}], [{8, 1}, {3, 7}, {5, 6}, {2, 4}], [{8, 1}, {4, 7}, {2, 6}, {3, 5}], [{8, 1}, {4, 7}, {3, 6}, {2, 5}], [{8, 1}, {4, 7}, {5, 6}, {2, 3}], [{8, 1}, {5, 7}, {2, 6}, {3, 4}], [{8, 1}, {5, 7}, {2, 6}, {4}, {3}], [{8, 1}, {5, 7}, {3, 6}, {2, 4}], [{8, 1}, {5, 7}, {4, 6}, {2, 3}], [{8, 1}, {6, 7}, {2, 5}, {3, 4}], [{8, 1}, {6, 7}, {2, 5}, {4}, {3}], [{8, 1}, {6, 7}, {3, 5}, {2, 4}], [{8, 1}, {6, 7}, {4, 5}, {2, 3}], [{8, 1}, {7}, {3, 6}, {4, 5}, {2}], [{8, 1}, {7}, {4, 6}, {5}, {2, 3}], [{8, 1}, {7}, {5, 6}, {3, 4}, {2}], [{8, 2}, {1, 7}, {3, 6}, {4, 5}], [{8, 2}, {1, 7}, {4, 6}, {3, 5}], [{8, 2}, {1, 7}, {5, 6}, {3, 4}], [{8, 2}, {1, 7}, {5, 6}, {4}, {3}], [{8, 2}, {3, 7}, {1, 6}, {4, 5}], [{8, 2}, {3, 7}, {1, 6}, {5}, {4}], [{8, 2}, {3, 7}, {4, 6}, {1, 5}], [{8, 2}, {3, 7}, {4, 6}, {5}, {1}], [{8, 2}, {3, 7}, {5, 6}, {1, 4}], [{8, 2}, {3, 7}, {6}, {5}, {1, 4}], [{8, 2}, {4, 7}, {1, 6}, {3, 5}], [{8, 2}, {4, 7}, {3, 6}, {1, 5}], [{8, 2}, {4, 7}, {3, 6}, {5}, {1}], [{8, 2}, {4, 7}, {5, 6}, {1, 3}], [{8, 2}, {5, 7}, {1, 6}, {3, 4}], [{8, 2}, {5, 7}, {3, 6}, {1, 4}], [{8, 2}, {5, 7}, {4, 6}, {1, 3}], [{8, 2}, {5, 7}, {4, 6}, {3}, {1}], [{8, 2}, {5, 7}, {6}, {4}, {1, 3}], [{8, 2}, {6, 7}, {1, 5}, {3, 4}], [{8, 2}, {6, 7}, {1, 5}, {4}, {3}], [{8, 2}, {6, 7}, {3, 5}, {1, 4}], [{8, 2}, {6, 7}, {4, 5}, {1, 3}], [{8, 2}, {7}, {1, 6}, {4, 5}, {3}], [{8, 2}, {7}, {4, 6}, {3, 5}, {1}], [{8, 3}, {1, 7}, {2, 6}, {4, 5}], [{8, 3}, {1, 7}, {4, 6}, {2, 5}], [{8, 3}, {1, 7}, {5, 6}, {2, 4}], [{8, 3}, {1, 7}, {6}, {2, 5}, {4}], [{8, 3}, {1, 7}, {6}, {4, 5}, {2}], [{8, 3}, {1, 7}, {6}, {5}, {2, 4}], [{8, 3}, {2, 7}, {1, 6}, {4, 5}], [{8, 3}, {2, 7}, {4, 6}, {1, 5}], [{8, 3}, {2, 7}, {5, 6}, {1, 4}], [{8, 3}, {4, 7}, {1, 6}, {2, 5}], [{8, 3}, {4, 7}, {2, 6}, {1, 5}], [{8, 3}, {4, 7}, {5, 6}, {1, 2}], [{8, 3}, {5, 7}, {1, 6}, {2, 4}], [{8, 3}, {5, 7}, {2, 6}, {1, 4}], [{8, 3}, {5, 7}, {4, 6}, {1, 2}], [{8, 3}, {6, 7}, {1, 5}, {2, 4}], [{8, 3}, {6, 7}, {2, 5}, {1, 4}], [{8, 3}, {6, 7}, {4, 5}, {1, 2}], [{8, 4}, {1, 7}, {2, 6}, {3, 5}], [{8, 4}, {1, 7}, {3, 6}, {2, 5}], [{8, 4}, {1, 7}, {5, 6}, {2, 3}], [{8, 4}, {1, 7}, {5, 6}, {3}, {2}], [{8, 4}, {2, 7}, {1, 6}, {3, 5}], [{8, 4}, {2, 7}, {3, 6}, {1, 5}], [{8, 4}, {2, 7}, {5, 6}, {1, 3}], [{8, 4}, {2, 7}, {6}, {1, 5}, {3}], [{8, 4}, {3, 7}, {1, 6}, {2, 5}], [{8, 4}, {3, 7}, {2, 6}, {1, 5}], [{8, 4}, {3, 7}, {2, 6}, {5}, {1}], [{8, 4}, {3, 7}, {5, 6}, {1, 2}], [{8, 4}, {3, 7}, {6}, {1, 5}, {2}], [{8, 4}, {5, 7}, {1, 6}, {2, 3}], [{8, 4}, {5, 7}, {2, 6}, {1, 3}], [{8, 4}, {5, 7}, {2, 6}, {3}, {1}], [{8, 4}, {5, 7}, {3, 6}, {1, 2}], [{8, 4}, {6, 7}, {1, 5}, {2, 3}], [{8, 4}, {6, 7}, {2, 5}, {1, 3}], [{8, 4}, {6, 7}, {3, 5}, {1, 2}], [{8, 4}, {7}, {2, 6}, {3, 5}, {1}], [{8, 4}, {7}, {3, 6}, {2, 5}, {1}], [{8, 4}, {7}, {6}, {1, 5}, {2, 3}], [{8, 5}, {1, 7}, {2, 6}, {3, 4}], [{8, 5}, {1, 7}, {3, 6}, {2, 4}], [{8, 5}, {1, 7}, {4, 6}, {2, 3}], [{8, 5}, {1, 7}, {6}, {2, 4}, {3}], [{8, 5}, {2, 7}, {1, 6}, {3, 4}], [{8, 5}, {2, 7}, {3, 6}, {1, 4}], [{8, 5}, {2, 7}, {4, 6}, {1, 3}], [{8, 5}, {3, 7}, {1, 6}, {2, 4}], [{8, 5}, {3, 7}, {2, 6}, {1, 4}], [{8, 5}, {3, 7}, {4, 6}, {1, 2}], [{8, 5}, {4, 7}, {1, 6}, {2, 3}], [{8, 5}, {4, 7}, {2, 6}, {1, 3}], [{8, 5}, {4, 7}, {3, 6}, {1, 2}], [{8, 5}, {6, 7}, {1, 4}, {2, 3}], [{8, 5}, {6, 7}, {2, 4}, {1, 3}], [{8, 5}, {6, 7}, {3, 4}, {1, 2}], [{8, 5}, {6, 7}, {4}, {3}, {1, 2}], [{8, 5}, {7}, {2, 6}, {1, 4}, {3}], [{8, 5}, {7}, {4, 6}, {1, 3}, {2}], [{8, 6}, {1, 7}, {2, 5}, {3, 4}], [{8, 6}, {1, 7}, {2, 5}, {4}, {3}], [{8, 6}, {1, 7}, {3, 5}, {2, 4}], [{8, 6}, {1, 7}, {4, 5}, {2, 3}], [{8, 6}, {1, 7}, {4, 5}, {3}, {2}], [{8, 6}, {1, 7}, {5}, {2, 4}, {3}], [{8, 6}, {2, 7}, {1, 5}, {3, 4}], [{8, 6}, {2, 7}, {3, 5}, {1, 4}], [{8, 6}, {2, 7}, {4, 5}, {1, 3}], [{8, 6}, {3, 7}, {1, 5}, {2, 4}], [{8, 6}, {3, 7}, {2, 5}, {1, 4}], [{8, 6}, {3, 7}, {2, 5}, {4}, {1}], [{8, 6}, {3, 7}, {4, 5}, {1, 2}], [{8, 6}, {4, 7}, {1, 5}, {2, 3}], [{8, 6}, {4, 7}, {1, 5}, {3}, {2}], [{8, 6}, {4, 7}, {2, 5}, {1, 3}], [{8, 6}, {4, 7}, {3, 5}, {1, 2}], [{8, 6}, {5, 7}, {1, 4}, {2, 3}], [{8, 6}, {5, 7}, {2, 4}, {1, 3}], [{8, 6}, {5, 7}, {3, 4}, {1, 2}], [{8, 6}, {5, 7}, {3, 4}, {2}, {1}], [{8, 6}, {7}, {2, 5}, {4}, {1, 3}], [{8, 6}, {7}, {5}, {1, 4}, {2, 3}], [{8, 7}, {1, 6}, {2, 5}, {3, 4}], [{8, 7}, {1, 6}, {3, 5}, {2, 4}], [{8, 7}, {1, 6}, {4, 5}, {2, 3}], [{8, 7}, {2, 6}, {1, 5}, {3, 4}], [{8, 7}, {2, 6}, {3, 5}, {1, 4}], [{8, 7}, {2, 6}, {4, 5}, {1, 3}], [{8, 7}, {2, 6}, {5}, {1, 4}, {3}], [{8, 7}, {3, 6}, {1, 5}, {2, 4}], [{8, 7}, {3, 6}, {1, 5}, {4}, {2}], [{8, 7}, {3, 6}, {2, 5}, {1, 4}], [{8, 7}, {3, 6}, {4, 5}, {1, 2}], [{8, 7}, {3, 6}, {4, 5}, {2}, {1}], [{8, 7}, {3, 6}, {5}, {1, 4}, {2}], [{8, 7}, {4, 6}, {1, 5}, {2, 3}], [{8, 7}, {4, 6}, {2, 5}, {1, 3}], [{8, 7}, {4, 6}, {3, 5}, {1, 2}], [{8, 7}, {4, 6}, {5}, {3}, {1, 2}], [{8, 7}, {5, 6}, {1, 4}, {2, 3}], [{8, 7}, {5, 6}, {2, 4}, {1, 3}], [{8, 7}, {5, 6}, {3, 4}, {1, 2}], [{8, 7}, {6}, {5}, {1, 4}, {2, 3}], [{8}, {1, 7}, {2, 6}, {3, 5}, {4}], [{8}, {1, 7}, {3, 6}, {2, 5}, {4}], [{8}, {1, 7}, {3, 6}, {4, 5}, {2}], [{8}, {1, 7}, {3, 6}, {5}, {2, 4}], [{8}, {1, 7}, {4, 6}, {3, 5}, {2}], [{8}, {1, 7}, {5, 6}, {2, 4}, {3}], [{8}, {1, 7}, {6}, {3, 5}, {2, 4}], [{8}, {1, 7}, {6}, {5}, {2, 4}, {3}], [{8}, {3, 7}, {1, 6}, {4, 5}, {2}], [{8}, {4, 7}, {1, 6}, {3, 5}, {2}], [{8}, {5, 7}, {2, 6}, {1, 4}, {3}], [{8}, {6, 7}, {5}, {1, 4}, {2, 3}], [{8}, {7}, {2, 6}, {4, 5}, {1, 3}]]",2,- 8 K_1^4 + 16 K_1^3 + 16 K_1^2 K_2 - 20 K_1^2 - 14 K_1 K_2 - 6 K_1 K_3 - 5 K_1 + 9 K_2 + 3 K_3 + 10,O1O2O3O4U1U2U5O6O5U3O7U6U4O8U7U8,O1O2O3U4U5U2U3O6O7U6O4O8U7O5U1U8,O1O2O3U4U3O5U6O4O7U8O6O8U1U2U5U7,c,{'O1O2O3O4U5U6O5U1U7O6U2O8O7U8U3U4'},1,"<a href=""/flatknot/8.857532"">8.857532</a>",t^9-63t^7-262t^6-243t^5+374t^4+600t^3+122t^2+52t+6,-t^3+t^2+t,,
8.857533,O1O2O3O4U5U6O5U1U7O6U2O8O7U8U4U3,4,z^3+25z^2+99z+107,w^4z^3-2w^4z^2+27w^3z^2-6w^3z+105w^2z+107w,False,False,"[[ 0 -2  0  2  2 -1 -1  1 -1],[ 2  0  0  2  1  2  3  2  0],[ 0  0  0  1  0 -1  1  1 -1],[-2 -2 -1  0  0 -3 -2  0 -1],[-2 -1  0  0  0 -3 -2  0 -1],[ 1 -2  1  3  3  0 -1  1 -1],[ 1 -3 -1  2  2  1  0  1  0],[-1 -2 -1  0  0 -1 -1  0 -1],[ 1  0  1  1  1  1  0  1  0]]","[[ 0  2  2  1  0 -1 -1 -1 -2],[-2  0  0  0  0 -1 -2 -3 -1],[-2  0  0  0 -1 -1 -2 -3 -2],[-1  0  0  0 -1 -1 -1 -1 -2],[ 0  0  1  1  0 -1  1 -1  0],[ 1  1  1  1  1  0  0  1  0],[ 1  2  2  1 -1  0  0  1 -3],[ 1  3  3  1  1 -1 -1  0 -2],[ 2  1  2  2  0  0  3  2  0]]",True,"[-2,-2,-1,0,1,1,1,2,0,0,0,1,2,3,1,0,1,1,2,3,2,1,1,1,1,2,1,-1,1,0,0,-1,0,-1,3,2]","[-2,-2,-1,0,1,1,1,2,0,0,0,1,2,3,1,0,1,1,2,3,2,1,1,1,1,2,1,-1,1,0,0,-1,0,-1,3,2]",t^8+60t^6+434t^4+195t^2+1,"[-2,-1,-1,-1,0,1,2,2,-2,-1,1,2,1,2,3,-1,0,2,1,1,1,1,0,1,0,0,0,1,2,2,0,1,2,1,1,0]","[-2,-2,-1,0,1,1,1,2,0,1,1,0,1,2,2,1,2,0,1,2,3,0,1,1,1,1,0,2,0,2,-1,-1,-1,0,-2,1]","[-2,-1,-1,-1,0,1,2,2,0,2,3,0,2,1,2,1,0,1,1,1,1,-1,1,1,3,3,-1,1,2,2,1,0,1,0,0,0]",c,"[[{8, 1}, {3, 7}, {4, 6}, {2, 5}]]",1,12 K_1^2 K_2 - 8 K_1^2 - 12 K_1 K_2 - 10 K_1 K_3 + 6 K_1 - 6 K_2^2 + 3 K_2 + 6 K_3 + 5 K_4 + 5,O1O2O3O4U2U1U5O6O5U3O7U6U4O8U7U8,O1O2O3U4U5U3U2O6O7U6O4O8U7O5U1U8,O1O2O3U4U3O5U6O4O7U8O6O8U2U1U5U7,c,{'O1O2O3O4U5U6O5U1U7O6U2O8O7U8U4U3'},1,"<a href=""/flatknot/8.857533"">8.857533</a>",t^9-58t^7-190t^6+29t^5+492t^4+45t^3-290t^2+26t+16,-t^2+2t,,
8.857534,O1O2O3O4U5U6O5U1U7O6U3O8O7U2U8U4,4,7z^3+45z^2+109z+95,7w^4z^3+45w^3z^2+109w^2z+95w,False,False,"[[ 0 -2 -1  1  3 -1 -1  1  0],[ 2  0  1  0  2  2  3  2  1],[ 1 -1  0  1  3  0  1  1  0],[-1  0 -1  0  0 -2  0  0 -1],[-3 -2 -3  0  0 -4 -3 -1 -1],[ 1 -2  0  2  4  0 -1  1  0],[ 1 -3 -1  0  3  1  0  1  1],[-1 -2 -1  0  1 -1 -1  0  0],[ 0 -1  0  1  1  0 -1  0  0]]","[[ 0  3  1  1  0 -1 -1 -1 -2],[-3  0  0 -1 -1 -3 -3 -4 -2],[-1  0  0  0 -1  0 -1 -2  0],[-1  1  0  0  0 -1 -1 -1 -2],[ 0  1  1  0  0 -1  0  0 -1],[ 1  3  0  1  1  0 -1  1 -3],[ 1  3  1  1  0  1  0  0 -1],[ 1  4  2  1  0 -1  0  0 -2],[ 2  2  0  2  1  3  1  2  0]]",True,"[-3,-1,-1,0,1,1,1,2,0,1,1,3,3,4,2,0,1,0,1,2,0,0,1,1,1,2,1,0,0,1,1,-1,3,0,1,2]","[-3,-1,-1,0,1,1,1,2,0,1,1,3,3,4,2,0,1,0,1,2,0,0,1,1,1,2,1,0,0,1,1,-1,3,0,1,2]",t^8+71t^6+431t^4+95t^2+4,"[-2,-1,-1,-1,0,1,1,3,-2,-1,0,1,1,3,3,-1,1,0,1,2,1,0,1,1,0,0,1,1,1,1,1,0,2,0,1,2]","[-3,-1,-1,0,1,1,1,2,1,2,2,0,1,1,3,0,1,1,1,1,1,0,0,1,2,3,1,1,0,1,0,-1,-1,1,0,-2]","[-2,-1,-1,-1,0,1,1,3,1,2,3,1,0,2,2,0,1,0,1,1,3,-1,0,2,1,4,1,0,1,3,1,0,1,0,0,1]",c,"[[{8, 1}, {2, 7}, {3, 6}, {4, 5}], [{8, 1}, {2, 7}, {3, 6}, {5}, {4}], [{8, 1}, {2, 7}, {4, 6}, {3, 5}], [{8, 1}, {2, 7}, {5, 6}, {3, 4}], [{8, 1}, {3, 7}, {2, 6}, {4, 5}], [{8, 1}, {3, 7}, {4, 6}, {2, 5}], [{8, 1}, {3, 7}, {5, 6}, {2, 4}], [{8, 1}, {3, 7}, {6}, {2, 5}, {4}], [{8, 1}, {4, 7}, {2, 6}, {3, 5}], [{8, 1}, {4, 7}, {3, 6}, {2, 5}], [{8, 1}, {4, 7}, {5, 6}, {2, 3}], [{8, 1}, {5, 7}, {2, 6}, {3, 4}], [{8, 1}, {5, 7}, {3, 6}, {2, 4}], [{8, 1}, {5, 7}, {4, 6}, {2, 3}], [{8, 1}, {5, 7}, {6}, {2, 4}, {3}], [{8, 1}, {6, 7}, {2, 5}, {3, 4}], [{8, 1}, {6, 7}, {3, 5}, {2, 4}], [{8, 1}, {6, 7}, {4, 5}, {2, 3}], [{8, 1}, {7}, {3, 6}, {4, 5}, {2}], [{8, 2}, {1, 7}, {3, 6}, {4, 5}], [{8, 2}, {1, 7}, {4, 6}, {3, 5}], [{8, 2}, {1, 7}, {5, 6}, {3, 4}], [{8, 2}, {3, 7}, {1, 6}, {4, 5}], [{8, 2}, {3, 7}, {1, 6}, {5}, {4}], [{8, 2}, {3, 7}, {4, 6}, {1, 5}], [{8, 2}, {3, 7}, {4, 6}, {5}, {1}], [{8, 2}, {3, 7}, {5, 6}, {1, 4}], [{8, 2}, {3, 7}, {5, 6}, {4}, {1}], [{8, 2}, {3, 7}, {6}, {1, 5}, {4}], [{8, 2}, {3, 7}, {6}, {4, 5}, {1}], [{8, 2}, {3, 7}, {6}, {5}, {1, 4}], [{8, 2}, {3, 7}, {6}, {5}, {4}, {1}], [{8, 2}, {4, 7}, {1, 6}, {3, 5}], [{8, 2}, {4, 7}, {3, 6}, {1, 5}], [{8, 2}, {4, 7}, {5, 6}, {1, 3}], [{8, 2}, {5, 7}, {1, 6}, {3, 4}], [{8, 2}, {5, 7}, {3, 6}, {1, 4}], [{8, 2}, {5, 7}, {4, 6}, {1, 3}], [{8, 2}, {6, 7}, {1, 5}, {3, 4}], [{8, 2}, {6, 7}, {3, 5}, {1, 4}], [{8, 2}, {6, 7}, {4, 5}, {1, 3}], [{8, 2}, {6, 7}, {5}, {1, 4}, {3}], [{8, 2}, {7}, {3, 6}, {5}, {1, 4}], [{8, 3}, {1, 7}, {2, 6}, {4, 5}], [{8, 3}, {1, 7}, {4, 6}, {2, 5}], [{8, 3}, {1, 7}, {5, 6}, {2, 4}], [{8, 3}, {1, 7}, {6}, {5}, {2, 4}], [{8, 3}, {2, 7}, {1, 6}, {4, 5}], [{8, 3}, {2, 7}, {4, 6}, {1, 5}], [{8, 3}, {2, 7}, {5, 6}, {1, 4}], [{8, 3}, {2, 7}, {5, 6}, {4}, {1}], [{8, 3}, {2, 7}, {6}, {5}, {1, 4}], [{8, 3}, {4, 7}, {1, 6}, {2, 5}], [{8, 3}, {4, 7}, {1, 6}, {5}, {2}], [{8, 3}, {4, 7}, {2, 6}, {1, 5}], [{8, 3}, {4, 7}, {5, 6}, {1, 2}], [{8, 3}, {5, 7}, {1, 6}, {2, 4}], [{8, 3}, {5, 7}, {2, 6}, {1, 4}], [{8, 3}, {5, 7}, {4, 6}, {1, 2}], [{8, 3}, {5, 7}, {6}, {2, 4}, {1}], [{8, 3}, {6, 7}, {1, 5}, {2, 4}], [{8, 3}, {6, 7}, {2, 5}, {1, 4}], [{8, 3}, {6, 7}, {4, 5}, {1, 2}], [{8, 3}, {6, 7}, {4, 5}, {2}, {1}], [{8, 3}, {6, 7}, {5}, {4}, {1, 2}], [{8, 3}, {7}, {2, 6}, {1, 5}, {4}], [{8, 3}, {7}, {4, 6}, {1, 5}, {2}], [{8, 3}, {7}, {6}, {1, 5}, {2, 4}], [{8, 4}, {1, 7}, {2, 6}, {3, 5}], [{8, 4}, {1, 7}, {3, 6}, {2, 5}], [{8, 4}, {1, 7}, {5, 6}, {2, 3}], [{8, 4}, {1, 7}, {6}, {3, 5}, {2}], [{8, 4}, {2, 7}, {1, 6}, {3, 5}], [{8, 4}, {2, 7}, {3, 6}, {1, 5}], [{8, 4}, {2, 7}, {3, 6}, {5}, {1}], [{8, 4}, {2, 7}, {5, 6}, {1, 3}], [{8, 4}, {2, 7}, {5, 6}, {3}, {1}], [{8, 4}, {2, 7}, {6}, {3, 5}, {1}], [{8, 4}, {3, 7}, {1, 6}, {2, 5}], [{8, 4}, {3, 7}, {2, 6}, {1, 5}], [{8, 4}, {3, 7}, {5, 6}, {1, 2}], [{8, 4}, {3, 7}, {5, 6}, {2}, {1}], [{8, 4}, {5, 7}, {1, 6}, {2, 3}], [{8, 4}, {5, 7}, {2, 6}, {1, 3}], [{8, 4}, {5, 7}, {3, 6}, {1, 2}], [{8, 4}, {6, 7}, {1, 5}, {2, 3}], [{8, 4}, {6, 7}, {2, 5}, {1, 3}], [{8, 4}, {6, 7}, {3, 5}, {1, 2}], [{8, 4}, {6, 7}, {3, 5}, {2}, {1}], [{8, 4}, {7}, {1, 6}, {3, 5}, {2}], [{8, 4}, {7}, {2, 6}, {3, 5}, {1}], [{8, 4}, {7}, {3, 6}, {1, 5}, {2}], [{8, 4}, {7}, {5, 6}, {2, 3}, {1}], [{8, 4}, {7}, {6}, {3, 5}, {1, 2}], [{8, 5}, {1, 7}, {2, 6}, {3, 4}], [{8, 5}, {1, 7}, {3, 6}, {2, 4}], [{8, 5}, {1, 7}, {4, 6}, {2, 3}], [{8, 5}, {2, 7}, {1, 6}, {3, 4}], [{8, 5}, {2, 7}, {3, 6}, {1, 4}], [{8, 5}, {2, 7}, {3, 6}, {4}, {1}], [{8, 5}, {2, 7}, {4, 6}, {1, 3}], [{8, 5}, {3, 7}, {1, 6}, {2, 4}], [{8, 5}, {3, 7}, {2, 6}, {1, 4}], [{8, 5}, {3, 7}, {4, 6}, {1, 2}], [{8, 5}, {3, 7}, {6}, {4}, {1, 2}], [{8, 5}, {4, 7}, {1, 6}, {2, 3}], [{8, 5}, {4, 7}, {2, 6}, {1, 3}], [{8, 5}, {4, 7}, {3, 6}, {1, 2}], [{8, 5}, {6, 7}, {1, 4}, {2, 3}], [{8, 5}, {6, 7}, {2, 4}, {1, 3}], [{8, 5}, {6, 7}, {3, 4}, {1, 2}], [{8, 5}, {7}, {3, 6}, {1, 4}, {2}], [{8, 6}, {1, 7}, {2, 5}, {3, 4}], [{8, 6}, {1, 7}, {3, 5}, {2, 4}], [{8, 6}, {1, 7}, {4, 5}, {2, 3}], [{8, 6}, {2, 7}, {1, 5}, {3, 4}], [{8, 6}, {2, 7}, {3, 5}, {1, 4}], [{8, 6}, {2, 7}, {4, 5}, {1, 3}], [{8, 6}, {2, 7}, {5}, {1, 4}, {3}], [{8, 6}, {3, 7}, {1, 5}, {2, 4}], [{8, 6}, {3, 7}, {2, 5}, {1, 4}], [{8, 6}, {3, 7}, {4, 5}, {1, 2}], [{8, 6}, {3, 7}, {4, 5}, {2}, {1}], [{8, 6}, {4, 7}, {1, 5}, {2, 3}], [{8, 6}, {4, 7}, {2, 5}, {1, 3}], [{8, 6}, {4, 7}, {3, 5}, {1, 2}], [{8, 6}, {5, 7}, {1, 4}, {2, 3}], [{8, 6}, {5, 7}, {2, 4}, {1, 3}], [{8, 6}, {5, 7}, {2, 4}, {3}, {1}], [{8, 6}, {5, 7}, {3, 4}, {1, 2}], [{8, 6}, {7}, {1, 5}, {4}, {2, 3}], [{8, 7}, {1, 6}, {2, 5}, {3, 4}], [{8, 7}, {1, 6}, {3, 5}, {2, 4}], [{8, 7}, {1, 6}, {4, 5}, {2, 3}], [{8, 7}, {2, 6}, {1, 5}, {3, 4}], [{8, 7}, {2, 6}, {3, 5}, {1, 4}], [{8, 7}, {2, 6}, {4, 5}, {1, 3}], [{8, 7}, {3, 6}, {1, 5}, {2, 4}], [{8, 7}, {3, 6}, {2, 5}, {1, 4}], [{8, 7}, {3, 6}, {4, 5}, {1, 2}], [{8, 7}, {3, 6}, {5}, {1, 4}, {2}], [{8, 7}, {4, 6}, {1, 5}, {2, 3}], [{8, 7}, {4, 6}, {2, 5}, {1, 3}], [{8, 7}, {4, 6}, {3, 5}, {1, 2}], [{8, 7}, {5, 6}, {1, 4}, {2, 3}], [{8, 7}, {5, 6}, {2, 4}, {1, 3}], [{8, 7}, {5, 6}, {3, 4}, {1, 2}], [{8}, {2, 7}, {3, 6}, {1, 5}, {4}], [{8}, {2, 7}, {3, 6}, {4, 5}, {1}], [{8}, {2, 7}, {3, 6}, {5}, {1, 4}], [{8}, {2, 7}, {4, 6}, {5}, {1, 3}], [{8}, {2, 7}, {5, 6}, {3, 4}, {1}], [{8}, {3, 7}, {2, 6}, {4, 5}, {1}], [{8}, {3, 7}, {5, 6}, {2, 4}, {1}], [{8}, {5, 7}, {1, 6}, {2, 4}, {3}], [{8}, {5, 7}, {1, 6}, {3, 4}, {2}], [{8}, {5, 7}, {1, 6}, {4}, {2, 3}], [{8}, {5, 7}, {2, 6}, {1, 4}, {3}], [{8}, {5, 7}, {2, 6}, {3, 4}, {1}], [{8}, {5, 7}, {2, 6}, {4}, {1, 3}], [{8}, {5, 7}, {3, 6}, {1, 4}, {2}], [{8}, {5, 7}, {3, 6}, {2, 4}, {1}], [{8}, {5, 7}, {3, 6}, {4}, {1, 2}], [{8}, {5, 7}, {4, 6}, {1, 3}, {2}], [{8}, {5, 7}, {4, 6}, {2, 3}, {1}], [{8}, {5, 7}, {4, 6}, {3}, {1, 2}], [{8}, {5, 7}, {6}, {1, 4}, {2, 3}], [{8}, {5, 7}, {6}, {2, 4}, {1, 3}], [{8}, {5, 7}, {6}, {3, 4}, {1, 2}], [{8}, {6, 7}, {4, 5}, {3}, {1, 2}], [{8}, {7}, {3, 6}, {2, 5}, {1, 4}], [{8}, {7}, {3, 6}, {5}, {1, 4}, {2}], [{8}, {7}, {4, 6}, {2, 5}, {1, 3}]]",2,20 K_1^3 + 8 K_1^2 K_2 - 26 K_1^2 - 18 K_1 K_2 - 4 K_1 K_3 - 6 K_1 + 11 K_2 + 4 K_3 + 12,O1O2O3O4U1U5U3O6O5U2O7U6U4O8U7U8,O1O2O3U4U1U5U3O6O7U6O4O8U7O5U2U8,O1O2O3U4U2O5U6O4O7U8O6O8U1U5U3U7,c,{'O1O2O3O4U5U6O5U1U7O6U3O8O7U2U8U4'},1,"<a href=""/flatknot/8.857534"">8.857534</a>",t^9-67t^7-234t^6-50t^5+372t^4+106t^3+118t^2+54t-4,-t^3+t^2+t,,
8.857535,O1O2O3O4U5U6O5U1U7O6U3O8O7U4U2U8,3,15z^2+76z+93,-6w^4z^2+21w^3z^2-10w^3z+86w^2z+93w,False,False,"[[ 0 -2  0  1  1 -1 -1  1  1],[ 2  0  2  0  1  2  3  2  2],[ 0 -2  0  0  1 -1  0  0  1],[-1  0  0  0  0 -2  0  0  0],[-1 -1 -1  0  0 -2 -1  0  0],[ 1 -2  1  2  2  0 -1  1  1],[ 1 -3  0  0  1  1  0  1  2],[-1 -2  0  0  0 -1 -1  0  1],[-1 -2 -1  0  0 -1 -2 -1  0]]","[[ 0  1  1  1  1  0 -1 -1 -2],[-1  0  1  0  0  0 -1 -1 -2],[-1 -1  0  0  0 -1 -1 -2 -2],[-1  0  0  0  0  0 -2  0  0],[-1  0  0  0  0 -1 -2 -1 -1],[ 0  0  1  0  1  0 -1  0 -2],[ 1  1  1  2  2  1  0 -1 -2],[ 1  1  2  0  1  0  1  0 -3],[ 2  2  2  0  1  2  2  3  0]]",True,"[-1,-1,-1,-1,0,1,1,2,-1,0,0,0,1,1,2,0,0,1,1,2,2,0,0,2,0,0,1,2,1,1,1,0,2,1,2,3]","[-2,-1,-1,0,1,1,1,1,-2,-1,0,1,1,2,3,-1,1,0,1,1,2,0,1,1,0,0,0,1,0,1,1,0,0,0,0,0]",t^8+47t^6+264t^4+144t^2,"[-2,-1,-1,0,1,1,1,1,-2,-1,0,1,1,2,3,-1,1,0,1,1,2,0,1,1,0,0,0,1,0,1,1,0,0,0,0,0]","[-1,-1,-1,-1,0,1,1,2,-1,0,0,0,0,1,1,0,0,1,1,1,1,0,0,1,0,2,1,2,0,3,1,0,0,1,-2,-1]","[-2,-1,-1,0,1,1,1,1,2,3,2,0,1,2,2,-1,1,2,2,1,1,0,0,1,1,2,0,1,0,1,0,0,0,0,0,1]",c,"[[{8, 1}, {2, 7}, {3, 6}, {4, 5}], [{8, 1}, {2, 7}, {3, 6}, {5}, {4}], [{8, 1}, {2, 7}, {4, 6}, {3, 5}], [{8, 1}, {2, 7}, {5, 6}, {3, 4}], [{8, 1}, {3, 7}, {2, 6}, {4, 5}], [{8, 1}, {3, 7}, {4, 6}, {2, 5}], [{8, 1}, {3, 7}, {5, 6}, {2, 4}], [{8, 1}, {4, 7}, {2, 6}, {3, 5}], [{8, 1}, {4, 7}, {3, 6}, {2, 5}], [{8, 1}, {4, 7}, {3, 6}, {5}, {2}], [{8, 1}, {4, 7}, {5, 6}, {2, 3}], [{8, 1}, {5, 7}, {2, 6}, {3, 4}], [{8, 1}, {5, 7}, {3, 6}, {2, 4}], [{8, 1}, {5, 7}, {3, 6}, {4}, {2}], [{8, 1}, {5, 7}, {4, 6}, {2, 3}], [{8, 1}, {6, 7}, {2, 5}, {3, 4}], [{8, 1}, {6, 7}, {3, 5}, {2, 4}], [{8, 1}, {6, 7}, {4, 5}, {2, 3}], [{8, 1}, {7}, {3, 6}, {2, 5}, {4}], [{8, 1}, {7}, {3, 6}, {4, 5}, {2}], [{8, 1}, {7}, {3, 6}, {5}, {2, 4}], [{8, 1}, {7}, {3, 6}, {5}, {4}, {2}], [{8, 1}, {7}, {4, 6}, {3, 5}, {2}], [{8, 1}, {7}, {5, 6}, {3, 4}, {2}], [{8, 2}, {1, 7}, {3, 6}, {4, 5}], [{8, 2}, {1, 7}, {4, 6}, {3, 5}], [{8, 2}, {1, 7}, {5, 6}, {3, 4}], [{8, 2}, {3, 7}, {1, 6}, {4, 5}], [{8, 2}, {3, 7}, {4, 6}, {1, 5}], [{8, 2}, {3, 7}, {5, 6}, {1, 4}], [{8, 2}, {4, 7}, {1, 6}, {3, 5}], [{8, 2}, {4, 7}, {3, 6}, {1, 5}], [{8, 2}, {4, 7}, {3, 6}, {5}, {1}], [{8, 2}, {4, 7}, {5, 6}, {1, 3}], [{8, 2}, {5, 7}, {1, 6}, {3, 4}], [{8, 2}, {5, 7}, {3, 6}, {1, 4}], [{8, 2}, {5, 7}, {4, 6}, {1, 3}], [{8, 2}, {6, 7}, {1, 5}, {3, 4}], [{8, 2}, {6, 7}, {3, 5}, {1, 4}], [{8, 2}, {6, 7}, {4, 5}, {1, 3}], [{8, 2}, {6, 7}, {5}, {4}, {1, 3}], [{8, 3}, {1, 7}, {2, 6}, {4, 5}], [{8, 3}, {1, 7}, {4, 6}, {2, 5}], [{8, 3}, {1, 7}, {5, 6}, {2, 4}], [{8, 3}, {2, 7}, {1, 6}, {4, 5}], [{8, 3}, {2, 7}, {1, 6}, {5}, {4}], [{8, 3}, {2, 7}, {4, 6}, {1, 5}], [{8, 3}, {2, 7}, {5, 6}, {1, 4}], [{8, 3}, {4, 7}, {1, 6}, {2, 5}], [{8, 3}, {4, 7}, {1, 6}, {5}, {2}], [{8, 3}, {4, 7}, {2, 6}, {1, 5}], [{8, 3}, {4, 7}, {5, 6}, {1, 2}], [{8, 3}, {5, 7}, {1, 6}, {2, 4}], [{8, 3}, {5, 7}, {1, 6}, {4}, {2}], [{8, 3}, {5, 7}, {2, 6}, {1, 4}], [{8, 3}, {5, 7}, {2, 6}, {4}, {1}], [{8, 3}, {5, 7}, {4, 6}, {1, 2}], [{8, 3}, {5, 7}, {6}, {4}, {1, 2}], [{8, 3}, {6, 7}, {1, 5}, {2, 4}], [{8, 3}, {6, 7}, {2, 5}, {1, 4}], [{8, 3}, {6, 7}, {4, 5}, {1, 2}], [{8, 3}, {7}, {1, 6}, {2, 5}, {4}], [{8, 3}, {7}, {1, 6}, {4, 5}, {2}], [{8, 3}, {7}, {1, 6}, {5}, {2, 4}], [{8, 3}, {7}, {1, 6}, {5}, {4}, {2}], [{8, 3}, {7}, {4, 6}, {1, 5}, {2}], [{8, 3}, {7}, {5, 6}, {1, 4}, {2}], [{8, 4}, {1, 7}, {2, 6}, {3, 5}], [{8, 4}, {1, 7}, {3, 6}, {2, 5}], [{8, 4}, {1, 7}, {5, 6}, {2, 3}], [{8, 4}, {2, 7}, {1, 6}, {3, 5}], [{8, 4}, {2, 7}, {3, 6}, {1, 5}], [{8, 4}, {2, 7}, {3, 6}, {5}, {1}], [{8, 4}, {2, 7}, {5, 6}, {1, 3}], [{8, 4}, {3, 7}, {1, 6}, {2, 5}], [{8, 4}, {3, 7}, {2, 6}, {1, 5}], [{8, 4}, {3, 7}, {5, 6}, {1, 2}], [{8, 4}, {5, 7}, {1, 6}, {2, 3}], [{8, 4}, {5, 7}, {2, 6}, {1, 3}], [{8, 4}, {5, 7}, {3, 6}, {1, 2}], [{8, 4}, {5, 7}, {3, 6}, {2}, {1}], [{8, 4}, {6, 7}, {1, 5}, {2, 3}], [{8, 4}, {6, 7}, {2, 5}, {1, 3}], [{8, 4}, {6, 7}, {3, 5}, {1, 2}], [{8, 4}, {7}, {3, 6}, {2, 5}, {1}], [{8, 5}, {1, 7}, {2, 6}, {3, 4}], [{8, 5}, {1, 7}, {3, 6}, {2, 4}], [{8, 5}, {1, 7}, {4, 6}, {2, 3}], [{8, 5}, {2, 7}, {1, 6}, {3, 4}], [{8, 5}, {2, 7}, {3, 6}, {1, 4}], [{8, 5}, {2, 7}, {4, 6}, {1, 3}], [{8, 5}, {3, 7}, {1, 6}, {2, 4}], [{8, 5}, {3, 7}, {2, 6}, {1, 4}], [{8, 5}, {3, 7}, {4, 6}, {1, 2}], [{8, 5}, {4, 7}, {1, 6}, {2, 3}], [{8, 5}, {4, 7}, {2, 6}, {1, 3}], [{8, 5}, {4, 7}, {3, 6}, {1, 2}], [{8, 5}, {6, 7}, {1, 4}, {2, 3}], [{8, 5}, {6, 7}, {2, 4}, {1, 3}], [{8, 5}, {6, 7}, {3, 4}, {1, 2}], [{8, 6}, {1, 7}, {2, 5}, {3, 4}], [{8, 6}, {1, 7}, {3, 5}, {2, 4}], [{8, 6}, {1, 7}, {4, 5}, {2, 3}], [{8, 6}, {1, 7}, {5}, {4}, {2, 3}], [{8, 6}, {2, 7}, {1, 5}, {3, 4}], [{8, 6}, {2, 7}, {1, 5}, {4}, {3}], [{8, 6}, {2, 7}, {3, 5}, {1, 4}], [{8, 6}, {2, 7}, {4, 5}, {1, 3}], [{8, 6}, {3, 7}, {1, 5}, {2, 4}], [{8, 6}, {3, 7}, {2, 5}, {1, 4}], [{8, 6}, {3, 7}, {4, 5}, {1, 2}], [{8, 6}, {4, 7}, {1, 5}, {2, 3}], [{8, 6}, {4, 7}, {1, 5}, {3}, {2}], [{8, 6}, {4, 7}, {2, 5}, {1, 3}], [{8, 6}, {4, 7}, {3, 5}, {1, 2}], [{8, 6}, {5, 7}, {1, 4}, {2, 3}], [{8, 6}, {5, 7}, {2, 4}, {1, 3}], [{8, 6}, {5, 7}, {3, 4}, {1, 2}], [{8, 6}, {7}, {1, 5}, {2, 4}, {3}], [{8, 7}, {1, 6}, {2, 5}, {3, 4}], [{8, 7}, {1, 6}, {3, 5}, {2, 4}], [{8, 7}, {1, 6}, {4, 5}, {2, 3}], [{8, 7}, {2, 6}, {1, 5}, {3, 4}], [{8, 7}, {2, 6}, {1, 5}, {4}, {3}], [{8, 7}, {2, 6}, {3, 5}, {1, 4}], [{8, 7}, {2, 6}, {4, 5}, {1, 3}], [{8, 7}, {3, 6}, {1, 5}, {2, 4}], [{8, 7}, {3, 6}, {2, 5}, {1, 4}], [{8, 7}, {3, 6}, {4, 5}, {1, 2}], [{8, 7}, {3, 6}, {4, 5}, {2}, {1}], [{8, 7}, {4, 6}, {1, 5}, {2, 3}], [{8, 7}, {4, 6}, {2, 5}, {1, 3}], [{8, 7}, {4, 6}, {3, 5}, {1, 2}], [{8, 7}, {4, 6}, {3, 5}, {2}, {1}], [{8, 7}, {5, 6}, {1, 4}, {2, 3}], [{8, 7}, {5, 6}, {2, 4}, {1, 3}], [{8, 7}, {5, 6}, {3, 4}, {1, 2}], [{8, 7}, {5, 6}, {3, 4}, {2}, {1}], [{8}, {1, 7}, {3, 6}, {4, 5}, {2}], [{8}, {1, 7}, {4, 6}, {3, 5}, {2}], [{8}, {1, 7}, {5, 6}, {3, 4}, {2}], [{8}, {2, 7}, {3, 6}, {5}, {1, 4}], [{8}, {2, 7}, {4, 6}, {5}, {1, 3}], [{8}, {2, 7}, {5, 6}, {4}, {1, 3}], [{8}, {2, 7}, {6}, {4, 5}, {1, 3}], [{8}, {3, 7}, {2, 6}, {5}, {1, 4}], [{8}, {3, 7}, {4, 6}, {5}, {1, 2}], [{8}, {3, 7}, {5, 6}, {4}, {1, 2}], [{8}, {3, 7}, {6}, {4, 5}, {1, 2}], [{8}, {4, 7}, {2, 6}, {5}, {1, 3}], [{8}, {4, 7}, {3, 6}, {5}, {1, 2}], [{8}, {4, 7}, {5, 6}, {2, 3}, {1}], [{8}, {5, 7}, {3, 6}, {1, 4}, {2}], [{8}, {5, 7}, {4, 6}, {2, 3}, {1}], [{8}, {6, 7}, {2, 5}, {3, 4}, {1}], [{8}, {6, 7}, {4, 5}, {2, 3}, {1}], [{8}, {7}, {3, 6}, {2, 5}, {1, 4}]]",2,- 8 K_1^4 + 16 K_1^3 + 16 K_1^2 K_2 - 28 K_1^2 - 16 K_1 K_2 - 6 K_1 K_3 - 4 K_1 + 13 K_2 + 4 K_3 + 14,O1O2O3O4U5U3U1O6O5U2O7U6U4O8U7U8,O1O2O3U4U2U5U1O6O7U6O4O8U7O5U3U8,O1O2O3U4U1O5U6O4O7U8O6O8U3U5U2U7,c,{'O1O2O3O4U5U6O5U1U7O6U3O8O7U4U2U8'},1,"<a href=""/flatknot/8.857535"">8.857535</a>",t^9-49t^7-148t^6+23t^5+420t^4+276t^3+16t^2+32t+24,t^2-2t,,
8.857536,O1O2O3O4U5U6O5U1U7O6U3O8O7U8U2U4,4,19z^2+96z+117,19w^3z^2-8w^3z+104w^2z+117w,False,False,"[[ 0 -2  0  1  3 -1 -1  1 -1],[ 2  0  1  0  2  2  3  2  0],[ 0 -1  0  1  2 -1  0  1 -1],[-1  0 -1  0  0 -2  0  0 -1],[-3 -2 -2  0  0 -4 -3 -1 -1],[ 1 -2  1  2  4  0 -1  1 -1],[ 1 -3  0  0  3  1  0  1  0],[-1 -2 -1  0  1 -1 -1  0 -1],[ 1  0  1  1  1  1  0  1  0]]","[[ 0  3  1  1  0 -1 -1 -1 -2],[-3  0  0 -1 -2 -1 -3 -4 -2],[-1  0  0  0 -1 -1  0 -2  0],[-1  1  0  0 -1 -1 -1 -1 -2],[ 0  2  1  1  0 -1  0 -1 -1],[ 1  1  1  1  1  0  0  1  0],[ 1  3  0  1  0  0  0  1 -3],[ 1  4  2  1  1 -1 -1  0 -2],[ 2  2  0  2  1  0  3  2  0]]",True,"[-3,-1,-1,0,1,1,1,2,0,1,2,1,3,4,2,0,1,1,0,2,0,1,1,1,1,2,1,0,1,1,0,-1,0,-1,3,2]","[-3,-1,-1,0,1,1,1,2,0,1,2,1,3,4,2,0,1,1,0,2,0,1,1,1,1,2,1,0,1,1,0,-1,0,-1,3,2]",t^8+67t^6+418t^4+142t^2+1,"[-2,-1,-1,-1,0,1,1,3,-2,-1,1,1,1,3,3,-1,0,1,1,2,1,1,0,1,0,0,0,1,1,3,0,0,1,0,1,2]","[-3,-1,-1,0,1,1,1,2,1,2,1,0,1,3,3,0,0,1,1,1,1,0,0,2,1,3,0,1,0,1,-1,-1,-1,0,-2,1]","[-2,-1,-1,-1,0,1,1,3,0,2,3,1,0,2,2,1,0,1,1,1,1,-1,1,2,1,4,0,0,1,3,1,1,2,0,0,1]",c,"[[{8, 4}, {2, 7}, {1, 6}, {3, 5}]]",1,- 4 K_1^2 - 10 K_1 K_2 - 2 K_1 K_3 + 5 K_1 - 6 K_2^2 + 3 K_2 + 5 K_3 + 4 K_4 + 6,O1O2O3O4U1U3U5O6O5U2O7U6U4O8U7U8,O1O2O3U4U2U5U3O6O7U6O4O8U7O5U1U8,O1O2O3U4U3O5U6O4O7U8O6O8U1U5U2U7,c,{'O1O2O3O4U5U6O5U1U7O6U3O8O7U8U2U4'},1,"<a href=""/flatknot/8.857536"">8.857536</a>",t^9-63t^7-234t^6+t^5+1098t^4+1546t^3+508t^2-70t+34,-t^3+t^2+t,,
8.857537,O1O2O3O4U5U6O5U1U7O6U3O8O7U8U4U2,3,8z^2+81z+131,8w^3z^2-4w^3z+85w^2z+131w,False,False,"[[ 0 -2  1  1  2 -1 -1  1 -1],[ 2  0  2  0  1  2  3  2  0],[-1 -2  0  0  1 -2 -1  0 -1],[-1  0  0  0  0 -2  0  0 -1],[-2 -1 -1  0  0 -3 -2  0 -1],[ 1 -2  2  2  3  0 -1  1 -1],[ 1 -3  1  0  2  1  0  1  0],[-1 -2  0  0  0 -1 -1  0 -1],[ 1  0  1  1  1  1  0  1  0]]","[[ 0  2  1  1 -1 -1 -2],[-2  0  0  0 -2 -3 -1],[-1  0  0  0  0 -2  0],[-1  0  0  0 -1 -1 -2],[ 1  2  0  1  0  1 -3],[ 1  3  2  1 -1  0 -2],[ 2  1  0  2  3  2  0]]",False,"[-2,-1,-1,1,1,2,0,0,2,3,1,0,0,2,0,1,1,2,-1,3,2]","[-2,-1,-1,1,1,2,-2,-1,1,3,3,-1,1,2,1,1,0,0,0,1,1]",t^6+38t^4+156t^2+36,"[-2,-1,-1,1,1,2,-2,-1,1,3,3,-1,1,2,1,1,0,0,0,1,1]","[-2,-1,-1,1,1,2,1,1,0,1,3,0,0,2,3,1,1,1,-1,-1,-2]","[-2,-1,-1,1,1,2,2,3,0,2,1,-1,2,1,3,0,1,2,0,0,0]",c,"[[{8, 2}, {3, 7}, {1, 6}, {4, 5}], [{8, 2}, {3, 7}, {1, 6}, {5}, {4}], [{8, 2}, {5, 7}, {3, 6}, {1, 4}], [{8, 2}, {6, 7}, {3, 5}, {1, 4}], [{8, 7}, {1, 6}, {4, 5}, {2, 3}]]",1,24 K_1^3 + 12 K_1^2 K_2 - 38 K_1^2 - 36 K_1 K_2 - 14 K_1 K_3 - 2 K_2^2 + 20 K_2 + 12 K_3 + 5 K_4 + 18,O1O2O3O4U3U1U5O6O5U2O7U6U4O8U7U8,O1O2O3U4U3U5U2O6O7U6O4O8U7O5U1U8,O1O2O3U4U3O5U6O4O7U8O6O8U2U5U1U7,c,{'O1O2O3O4U5U6O5U1U7O6U3O8O7U8U4U2'},1,"<a href=""/flatknot/8.857537"">8.857537</a>",t^7-38t^5-92t^4+30t^3+174t^2+56t-24,0,,
8.857538,O1O2O3O4U5U6O5U1U7O6U4O8O7U2U3U8,3,6z^2+36z+49,8w^5z^2-30w^4z^2+4w^4z+28w^3z^2-30w^3z+62w^2z+49w,False,False,"[[ 0 -2 -1  1  2 -1 -1  1  1],[ 2  0  1  2  0  2  3  2  2],[ 1 -1  0  1  1  0  1  1  1],[-1 -2 -1  0  1 -2 -1 -1  0],[-2  0 -1 -1  0 -3 -1 -1 -1],[ 1 -2  0  2  3  0 -1  1  1],[ 1 -3 -1  1  1  1  0  1  2],[-1 -2 -1  1  1 -1 -1  0  1],[-1 -2 -1  0  1 -1 -2 -1  0]]","[[ 0  2  1  1  1 -1 -1 -1 -2],[-2  0 -1 -1 -1 -1 -1 -3  0],[-1  1  0  1  1 -1 -1 -1 -2],[-1  1 -1  0  0 -1 -1 -2 -2],[-1  1 -1  0  0 -1 -2 -1 -2],[ 1  1  1  1  1  0  1  0 -1],[ 1  1  1  1  2 -1  0  1 -3],[ 1  3  1  2  1  0 -1  0 -2],[ 2  0  2  2  2  1  3  2  0]]",True,"[-2,-1,-1,-1,1,1,1,2,1,1,1,1,1,3,0,-1,-1,1,1,1,2,0,1,1,2,2,1,2,1,2,-1,0,1,-1,3,2]","[-2,-1,-1,-1,1,1,1,2,-2,-1,0,1,1,1,4,-1,1,0,1,1,2,0,1,0,1,0,1,1,1,2,0,1,0,1,0,0]",t^8+59t^6+292t^4+128t^2,"[-2,-1,-1,-1,1,1,1,2,-2,-1,0,1,1,1,4,-1,1,0,1,1,2,0,1,0,1,0,1,1,1,2,0,1,0,1,0,0]","[-2,-1,-1,-1,1,1,1,2,0,0,0,0,2,2,4,-1,0,0,1,1,1,1,1,1,1,1,1,0,1,1,-1,0,-1,-1,-2,0]","[-2,-1,-1,-1,1,1,1,2,1,2,3,2,2,2,0,0,1,1,1,1,1,-1,1,1,2,3,1,2,1,1,1,1,1,0,1,1]",c,"[[{8, 1}, {2, 7}, {3, 6}, {4, 5}], [{8, 1}, {2, 7}, {3, 6}, {5}, {4}], [{8, 1}, {2, 7}, {4, 6}, {3, 5}], [{8, 1}, {2, 7}, {4, 6}, {5}, {3}], [{8, 1}, {2, 7}, {5, 6}, {3, 4}], [{8, 1}, {2, 7}, {5, 6}, {4}, {3}], [{8, 1}, {2, 7}, {6}, {3, 5}, {4}], [{8, 1}, {2, 7}, {6}, {4, 5}, {3}], [{8, 1}, {2, 7}, {6}, {5}, {3, 4}], [{8, 1}, {2, 7}, {6}, {5}, {4}, {3}], [{8, 1}, {3, 7}, {2, 6}, {4, 5}], [{8, 1}, {3, 7}, {4, 6}, {2, 5}], [{8, 1}, {3, 7}, {5, 6}, {2, 4}], [{8, 1}, {3, 7}, {5, 6}, {4}, {2}], [{8, 1}, {4, 7}, {2, 6}, {3, 5}], [{8, 1}, {4, 7}, {2, 6}, {5}, {3}], [{8, 1}, {4, 7}, {3, 6}, {2, 5}], [{8, 1}, {4, 7}, {5, 6}, {2, 3}], [{8, 1}, {4, 7}, {5, 6}, {3}, {2}], [{8, 1}, {4, 7}, {6}, {2, 5}, {3}], [{8, 1}, {5, 7}, {2, 6}, {3, 4}], [{8, 1}, {5, 7}, {2, 6}, {4}, {3}], [{8, 1}, {5, 7}, {3, 6}, {2, 4}], [{8, 1}, {5, 7}, {4, 6}, {2, 3}], [{8, 1}, {5, 7}, {4, 6}, {3}, {2}], [{8, 1}, {5, 7}, {6}, {2, 4}, {3}], [{8, 1}, {6, 7}, {2, 5}, {3, 4}], [{8, 1}, {6, 7}, {2, 5}, {4}, {3}], [{8, 1}, {6, 7}, {3, 5}, {2, 4}], [{8, 1}, {6, 7}, {4, 5}, {2, 3}], [{8, 1}, {6, 7}, {4, 5}, {3}, {2}], [{8, 1}, {6, 7}, {5}, {2, 4}, {3}], [{8, 1}, {7}, {2, 6}, {4, 5}, {3}], [{8, 1}, {7}, {4, 6}, {2, 5}, {3}], [{8, 1}, {7}, {5, 6}, {2, 4}, {3}], [{8, 1}, {7}, {5, 6}, {3, 4}, {2}], [{8, 1}, {7}, {5, 6}, {4}, {2, 3}], [{8, 1}, {7}, {5, 6}, {4}, {3}, {2}], [{8, 2}, {1, 7}, {3, 6}, {4, 5}], [{8, 2}, {1, 7}, {3, 6}, {5}, {4}], [{8, 2}, {1, 7}, {4, 6}, {3, 5}], [{8, 2}, {1, 7}, {4, 6}, {5}, {3}], [{8, 2}, {1, 7}, {5, 6}, {3, 4}], [{8, 2}, {1, 7}, {5, 6}, {4}, {3}], [{8, 2}, {1, 7}, {6}, {3, 5}, {4}], [{8, 2}, {1, 7}, {6}, {4, 5}, {3}], [{8, 2}, {1, 7}, {6}, {5}, {3, 4}], [{8, 2}, {1, 7}, {6}, {5}, {4}, {3}], [{8, 2}, {3, 7}, {1, 6}, {4, 5}], [{8, 2}, {3, 7}, {4, 6}, {1, 5}], [{8, 2}, {3, 7}, {4, 6}, {5}, {1}], [{8, 2}, {3, 7}, {5, 6}, {1, 4}], [{8, 2}, {3, 7}, {5, 6}, {4}, {1}], [{8, 2}, {3, 7}, {6}, {4, 5}, {1}], [{8, 2}, {4, 7}, {1, 6}, {3, 5}], [{8, 2}, {4, 7}, {3, 6}, {1, 5}], [{8, 2}, {4, 7}, {5, 6}, {1, 3}], [{8, 2}, {4, 7}, {5, 6}, {3}, {1}], [{8, 2}, {5, 7}, {1, 6}, {3, 4}], [{8, 2}, {5, 7}, {1, 6}, {4}, {3}], [{8, 2}, {5, 7}, {3, 6}, {1, 4}], [{8, 2}, {5, 7}, {4, 6}, {1, 3}], [{8, 2}, {6, 7}, {1, 5}, {3, 4}], [{8, 2}, {6, 7}, {1, 5}, {4}, {3}], [{8, 2}, {6, 7}, {3, 5}, {1, 4}], [{8, 2}, {6, 7}, {4, 5}, {1, 3}], [{8, 2}, {7}, {4, 6}, {5}, {1, 3}], [{8, 2}, {7}, {5, 6}, {1, 4}, {3}], [{8, 2}, {7}, {5, 6}, {3, 4}, {1}], [{8, 2}, {7}, {5, 6}, {4}, {1, 3}], [{8, 2}, {7}, {5, 6}, {4}, {3}, {1}], [{8, 2}, {7}, {6}, {4, 5}, {1, 3}], [{8, 3}, {1, 7}, {2, 6}, {4, 5}], [{8, 3}, {1, 7}, {4, 6}, {2, 5}], [{8, 3}, {1, 7}, {5, 6}, {2, 4}], [{8, 3}, {1, 7}, {5, 6}, {4}, {2}], [{8, 3}, {2, 7}, {1, 6}, {4, 5}], [{8, 3}, {2, 7}, {4, 6}, {1, 5}], [{8, 3}, {2, 7}, {4, 6}, {5}, {1}], [{8, 3}, {2, 7}, {5, 6}, {1, 4}], [{8, 3}, {2, 7}, {5, 6}, {4}, {1}], [{8, 3}, {2, 7}, {6}, {4, 5}, {1}], [{8, 3}, {4, 7}, {1, 6}, {2, 5}], [{8, 3}, {4, 7}, {2, 6}, {1, 5}], [{8, 3}, {4, 7}, {2, 6}, {5}, {1}], [{8, 3}, {4, 7}, {5, 6}, {1, 2}], [{8, 3}, {4, 7}, {5, 6}, {2}, {1}], [{8, 3}, {4, 7}, {6}, {2, 5}, {1}], [{8, 3}, {5, 7}, {1, 6}, {2, 4}], [{8, 3}, {5, 7}, {2, 6}, {1, 4}], [{8, 3}, {5, 7}, {2, 6}, {4}, {1}], [{8, 3}, {5, 7}, {4, 6}, {1, 2}], [{8, 3}, {5, 7}, {4, 6}, {2}, {1}], [{8, 3}, {5, 7}, {6}, {2, 4}, {1}], [{8, 3}, {6, 7}, {1, 5}, {2, 4}], [{8, 3}, {6, 7}, {2, 5}, {1, 4}], [{8, 3}, {6, 7}, {2, 5}, {4}, {1}], [{8, 3}, {6, 7}, {4, 5}, {1, 2}], [{8, 3}, {6, 7}, {4, 5}, {2}, {1}], [{8, 3}, {6, 7}, {5}, {2, 4}, {1}], [{8, 3}, {7}, {2, 6}, {4, 5}, {1}], [{8, 3}, {7}, {4, 6}, {2, 5}, {1}], [{8, 3}, {7}, {5, 6}, {1, 4}, {2}], [{8, 3}, {7}, {5, 6}, {2, 4}, {1}], [{8, 3}, {7}, {5, 6}, {4}, {1, 2}], [{8, 3}, {7}, {5, 6}, {4}, {2}, {1}], [{8, 4}, {1, 7}, {2, 6}, {3, 5}], [{8, 4}, {1, 7}, {3, 6}, {2, 5}], [{8, 4}, {1, 7}, {5, 6}, {2, 3}], [{8, 4}, {1, 7}, {5, 6}, {3}, {2}], [{8, 4}, {2, 7}, {1, 6}, {3, 5}], [{8, 4}, {2, 7}, {3, 6}, {1, 5}], [{8, 4}, {2, 7}, {5, 6}, {1, 3}], [{8, 4}, {2, 7}, {5, 6}, {3}, {1}], [{8, 4}, {3, 7}, {1, 6}, {2, 5}], [{8, 4}, {3, 7}, {2, 6}, {1, 5}], [{8, 4}, {3, 7}, {5, 6}, {1, 2}], [{8, 4}, {3, 7}, {5, 6}, {2}, {1}], [{8, 4}, {5, 7}, {1, 6}, {2, 3}], [{8, 4}, {5, 7}, {2, 6}, {1, 3}], [{8, 4}, {5, 7}, {3, 6}, {1, 2}], [{8, 4}, {6, 7}, {1, 5}, {2, 3}], [{8, 4}, {6, 7}, {2, 5}, {1, 3}], [{8, 4}, {6, 7}, {3, 5}, {1, 2}], [{8, 4}, {7}, {1, 6}, {2, 5}, {3}], [{8, 4}, {7}, {2, 6}, {1, 5}, {3}], [{8, 4}, {7}, {5, 6}, {1, 3}, {2}], [{8, 4}, {7}, {5, 6}, {2, 3}, {1}], [{8, 4}, {7}, {5, 6}, {3}, {1, 2}], [{8, 4}, {7}, {5, 6}, {3}, {2}, {1}], [{8, 5}, {1, 7}, {2, 6}, {3, 4}], [{8, 5}, {1, 7}, {2, 6}, {4}, {3}], [{8, 5}, {1, 7}, {3, 6}, {2, 4}], [{8, 5}, {1, 7}, {4, 6}, {2, 3}], [{8, 5}, {2, 7}, {1, 6}, {3, 4}], [{8, 5}, {2, 7}, {1, 6}, {4}, {3}], [{8, 5}, {2, 7}, {3, 6}, {1, 4}], [{8, 5}, {2, 7}, {4, 6}, {1, 3}], [{8, 5}, {3, 7}, {1, 6}, {2, 4}], [{8, 5}, {3, 7}, {1, 6}, {4}, {2}], [{8, 5}, {3, 7}, {2, 6}, {1, 4}], [{8, 5}, {3, 7}, {4, 6}, {1, 2}], [{8, 5}, {4, 7}, {1, 6}, {2, 3}], [{8, 5}, {4, 7}, {2, 6}, {1, 3}], [{8, 5}, {4, 7}, {3, 6}, {1, 2}], [{8, 5}, {6, 7}, {1, 4}, {2, 3}], [{8, 5}, {6, 7}, {2, 4}, {1, 3}], [{8, 5}, {6, 7}, {3, 4}, {1, 2}], [{8, 5}, {7}, {1, 6}, {4}, {2, 3}], [{8, 5}, {7}, {4, 6}, {1, 3}, {2}], [{8, 6}, {1, 7}, {2, 5}, {3, 4}], [{8, 6}, {1, 7}, {2, 5}, {4}, {3}], [{8, 6}, {1, 7}, {3, 5}, {2, 4}], [{8, 6}, {1, 7}, {4, 5}, {2, 3}], [{8, 6}, {2, 7}, {1, 5}, {3, 4}], [{8, 6}, {2, 7}, {1, 5}, {4}, {3}], [{8, 6}, {2, 7}, {3, 5}, {1, 4}], [{8, 6}, {2, 7}, {4, 5}, {1, 3}], [{8, 6}, {3, 7}, {1, 5}, {2, 4}], [{8, 6}, {3, 7}, {1, 5}, {4}, {2}], [{8, 6}, {3, 7}, {2, 5}, {1, 4}], [{8, 6}, {3, 7}, {4, 5}, {1, 2}], [{8, 6}, {4, 7}, {1, 5}, {2, 3}], [{8, 6}, {4, 7}, {2, 5}, {1, 3}], [{8, 6}, {4, 7}, {3, 5}, {1, 2}], [{8, 6}, {5, 7}, {1, 4}, {2, 3}], [{8, 6}, {5, 7}, {2, 4}, {1, 3}], [{8, 6}, {5, 7}, {3, 4}, {1, 2}], [{8, 6}, {7}, {1, 5}, {4}, {2, 3}], [{8, 6}, {7}, {4, 5}, {1, 3}, {2}], [{8, 7}, {1, 6}, {2, 5}, {3, 4}], [{8, 7}, {1, 6}, {3, 5}, {2, 4}], [{8, 7}, {1, 6}, {3, 5}, {4}, {2}], [{8, 7}, {1, 6}, {4, 5}, {2, 3}], [{8, 7}, {1, 6}, {4, 5}, {3}, {2}], [{8, 7}, {1, 6}, {5}, {3, 4}, {2}], [{8, 7}, {2, 6}, {1, 5}, {3, 4}], [{8, 7}, {2, 6}, {3, 5}, {1, 4}], [{8, 7}, {2, 6}, {4, 5}, {1, 3}], [{8, 7}, {3, 6}, {1, 5}, {2, 4}], [{8, 7}, {3, 6}, {1, 5}, {4}, {2}], [{8, 7}, {3, 6}, {2, 5}, {1, 4}], [{8, 7}, {3, 6}, {4, 5}, {1, 2}], [{8, 7}, {3, 6}, {4, 5}, {2}, {1}], [{8, 7}, {3, 6}, {5}, {1, 4}, {2}], [{8, 7}, {4, 6}, {1, 5}, {2, 3}], [{8, 7}, {4, 6}, {1, 5}, {3}, {2}], [{8, 7}, {4, 6}, {2, 5}, {1, 3}], [{8, 7}, {4, 6}, {3, 5}, {1, 2}], [{8, 7}, {4, 6}, {3, 5}, {2}, {1}], [{8, 7}, {4, 6}, {5}, {1, 3}, {2}], [{8, 7}, {5, 6}, {1, 4}, {2, 3}], [{8, 7}, {5, 6}, {1, 4}, {3}, {2}], [{8, 7}, {5, 6}, {2, 4}, {1, 3}], [{8, 7}, {5, 6}, {2, 4}, {3}, {1}], [{8, 7}, {5, 6}, {3, 4}, {1, 2}], [{8, 7}, {5, 6}, {3, 4}, {2}, {1}], [{8, 7}, {5, 6}, {4}, {1, 3}, {2}], [{8, 7}, {5, 6}, {4}, {2, 3}, {1}], [{8, 7}, {5, 6}, {4}, {3}, {1, 2}], [{8, 7}, {5, 6}, {4}, {3}, {2}, {1}], [{8, 7}, {6}, {1, 5}, {3, 4}, {2}], [{8, 7}, {6}, {3, 5}, {1, 4}, {2}], [{8, 7}, {6}, {4, 5}, {1, 3}, {2}], [{8}, {1, 7}, {5, 6}, {2, 4}, {3}], [{8}, {1, 7}, {5, 6}, {3, 4}, {2}], [{8}, {1, 7}, {5, 6}, {4}, {2, 3}], [{8}, {1, 7}, {5, 6}, {4}, {3}, {2}], [{8}, {2, 7}, {4, 6}, {5}, {1, 3}], [{8}, {2, 7}, {5, 6}, {1, 4}, {3}], [{8}, {2, 7}, {5, 6}, {3, 4}, {1}], [{8}, {2, 7}, {5, 6}, {4}, {1, 3}], [{8}, {2, 7}, {5, 6}, {4}, {3}, {1}], [{8}, {2, 7}, {6}, {4, 5}, {1, 3}], [{8}, {3, 7}, {2, 6}, {5}, {1, 4}], [{8}, {3, 7}, {5, 6}, {1, 4}, {2}], [{8}, {3, 7}, {5, 6}, {2, 4}, {1}], [{8}, {3, 7}, {5, 6}, {4}, {1, 2}], [{8}, {3, 7}, {5, 6}, {4}, {2}, {1}], [{8}, {3, 7}, {6}, {2, 5}, {1, 4}], [{8}, {4, 7}, {2, 6}, {5}, {1, 3}], [{8}, {4, 7}, {5, 6}, {1, 3}, {2}], [{8}, {4, 7}, {5, 6}, {2, 3}, {1}], [{8}, {4, 7}, {5, 6}, {3}, {1, 2}], [{8}, {4, 7}, {5, 6}, {3}, {2}, {1}], [{8}, {4, 7}, {6}, {2, 5}, {1, 3}], [{8}, {5, 7}, {2, 6}, {4}, {1, 3}], [{8}, {5, 7}, {3, 6}, {4}, {1, 2}], [{8}, {5, 7}, {4, 6}, {1, 3}, {2}], [{8}, {5, 7}, {6}, {2, 4}, {1, 3}], [{8}, {6, 7}, {2, 5}, {4}, {1, 3}], [{8}, {6, 7}, {3, 5}, {4}, {1, 2}], [{8}, {6, 7}, {4, 5}, {1, 3}, {2}], [{8}, {6, 7}, {5}, {2, 4}, {1, 3}], [{8}, {7}, {2, 6}, {4, 5}, {1, 3}], [{8}, {7}, {4, 6}, {2, 5}, {1, 3}], [{8}, {7}, {4, 6}, {5}, {1, 3}, {2}], [{8}, {7}, {5, 6}, {1, 4}, {2, 3}], [{8}, {7}, {5, 6}, {1, 4}, {3}, {2}], [{8}, {7}, {5, 6}, {2, 4}, {1, 3}], [{8}, {7}, {5, 6}, {2, 4}, {3}, {1}], [{8}, {7}, {5, 6}, {3, 4}, {1, 2}], [{8}, {7}, {5, 6}, {3, 4}, {2}, {1}], [{8}, {7}, {5, 6}, {4}, {1, 3}, {2}], [{8}, {7}, {5, 6}, {4}, {2, 3}, {1}], [{8}, {7}, {5, 6}, {4}, {3}, {1, 2}], [{8}, {7}, {5, 6}, {4}, {3}, {2}, {1}], [{8}, {7}, {6}, {4, 5}, {1, 3}, {2}]]",2,- 16 K_1^4 + 8 K_1^3 + 16 K_1^2 K_2 - 4 K_1^2 - 4 K_1 K_2 - 4 K_1 K_3 - 4 K_1 + 4 K_2 + 5,O1O2O3O4U5U2U3O6O5U1O7U6U4O8U7U8,O1O2O3U4U1U2U5O6O7U6O4O8U7O5U3U8,O1O2O3U4U1O5U6O4O7U8O6O8U5U2U3U7,c,{'O1O2O3O4U5U6O5U1U7O6U4O8O7U2U3U8'},1,"<a href=""/flatknot/8.857538"">8.857538</a>",t^9-59t^7-222t^6-156t^5+236t^4+216t^3+192t^2+220t+16,0,,
8.857539,O1O2O3O4U5U6O5U1U7O6U4O8O7U2U8U3,4,3z^3+31z^2+99z+99,3w^4z^3+31w^3z^2+99w^2z+99w,False,False,"[[ 0 -2 -1  2  2 -1 -1  1  0],[ 2  0  1  2  0  2  3  2  1],[ 1 -1  0  2  1  0  1  1  0],[-2 -2 -2  0  1 -3 -2 -1 -1],[-2  0 -1 -1  0 -3 -1 -1 -1],[ 1 -2  0  3  3  0 -1  1  0],[ 1 -3 -1  2  1  1  0  1  1],[-1 -2 -1  1  1 -1 -1  0  0],[ 0 -1  0  1  1  0 -1  0  0]]","[[ 0  2  2  1  0 -1 -1 -1 -2],[-2  0  1 -1 -1 -2 -2 -3 -2],[-2 -1  0 -1 -1 -1 -1 -3  0],[-1  1  1  0  0 -1 -1 -1 -2],[ 0  1  1  0  0  0 -1  0 -1],[ 1  2  1  1  0  0  1  0 -1],[ 1  2  1  1  1 -1  0  1 -3],[ 1  3  3  1  0  0 -1  0 -2],[ 2  2  0  2  1  1  3  2  0]]",True,"[-2,-2,-1,0,1,1,1,2,-1,1,1,2,2,3,2,1,1,1,1,3,0,0,1,1,1,2,0,1,0,1,-1,0,1,-1,3,2]","[-2,-2,-1,0,1,1,1,2,-1,0,1,0,2,2,4,0,1,0,1,1,2,1,1,1,1,1,1,0,1,1,-1,0,-1,-1,-2,0]",t^8+62t^6+292t^4+26t^2,"[-2,-1,-1,-1,0,1,2,2,-2,-1,0,1,1,2,4,-1,1,0,1,1,2,0,1,1,0,0,1,1,1,2,1,1,1,0,0,-1]","[-2,-2,-1,0,1,1,1,2,-1,0,1,0,2,2,4,0,1,0,1,1,2,1,1,1,1,1,1,0,1,1,-1,0,-1,-1,-2,0]","[-2,-1,-1,-1,0,1,2,2,1,2,3,1,2,0,2,0,1,0,1,1,2,-1,0,1,3,3,1,1,1,2,0,1,1,1,1,-1]",c,"[[{8, 1}, {2, 7}, {3, 6}, {4, 5}], [{8, 1}, {2, 7}, {4, 6}, {3, 5}], [{8, 1}, {2, 7}, {4, 6}, {5}, {3}], [{8, 1}, {2, 7}, {5, 6}, {3, 4}], [{8, 1}, {2, 7}, {5, 6}, {4}, {3}], [{8, 1}, {2, 7}, {6}, {4, 5}, {3}], [{8, 1}, {3, 7}, {2, 6}, {4, 5}], [{8, 1}, {3, 7}, {4, 6}, {2, 5}], [{8, 1}, {3, 7}, {5, 6}, {2, 4}], [{8, 1}, {4, 7}, {2, 6}, {3, 5}], [{8, 1}, {4, 7}, {2, 6}, {5}, {3}], [{8, 1}, {4, 7}, {3, 6}, {2, 5}], [{8, 1}, {4, 7}, {5, 6}, {2, 3}], [{8, 1}, {5, 7}, {2, 6}, {3, 4}], [{8, 1}, {5, 7}, {3, 6}, {2, 4}], [{8, 1}, {5, 7}, {4, 6}, {2, 3}], [{8, 1}, {6, 7}, {2, 5}, {3, 4}], [{8, 1}, {6, 7}, {2, 5}, {4}, {3}], [{8, 1}, {6, 7}, {3, 5}, {2, 4}], [{8, 1}, {6, 7}, {4, 5}, {2, 3}], [{8, 2}, {1, 7}, {3, 6}, {4, 5}], [{8, 2}, {1, 7}, {4, 6}, {3, 5}], [{8, 2}, {1, 7}, {4, 6}, {5}, {3}], [{8, 2}, {1, 7}, {5, 6}, {3, 4}], [{8, 2}, {3, 7}, {1, 6}, {4, 5}], [{8, 2}, {3, 7}, {4, 6}, {1, 5}], [{8, 2}, {3, 7}, {4, 6}, {5}, {1}], [{8, 2}, {3, 7}, {5, 6}, {1, 4}], [{8, 2}, {3, 7}, {5, 6}, {4}, {1}], [{8, 2}, {3, 7}, {6}, {4, 5}, {1}], [{8, 2}, {4, 7}, {1, 6}, {3, 5}], [{8, 2}, {4, 7}, {3, 6}, {1, 5}], [{8, 2}, {4, 7}, {5, 6}, {1, 3}], [{8, 2}, {5, 7}, {1, 6}, {3, 4}], [{8, 2}, {5, 7}, {3, 6}, {1, 4}], [{8, 2}, {5, 7}, {4, 6}, {1, 3}], [{8, 2}, {6, 7}, {1, 5}, {3, 4}], [{8, 2}, {6, 7}, {3, 5}, {1, 4}], [{8, 2}, {6, 7}, {3, 5}, {4}, {1}], [{8, 2}, {6, 7}, {4, 5}, {1, 3}], [{8, 2}, {7}, {4, 6}, {5}, {1, 3}], [{8, 3}, {1, 7}, {2, 6}, {4, 5}], [{8, 3}, {1, 7}, {4, 6}, {2, 5}], [{8, 3}, {1, 7}, {5, 6}, {2, 4}], [{8, 3}, {1, 7}, {5, 6}, {4}, {2}], [{8, 3}, {2, 7}, {1, 6}, {4, 5}], [{8, 3}, {2, 7}, {4, 6}, {1, 5}], [{8, 3}, {2, 7}, {4, 6}, {5}, {1}], [{8, 3}, {2, 7}, {5, 6}, {1, 4}], [{8, 3}, {2, 7}, {5, 6}, {4}, {1}], [{8, 3}, {2, 7}, {6}, {4, 5}, {1}], [{8, 3}, {4, 7}, {1, 6}, {2, 5}], [{8, 3}, {4, 7}, {2, 6}, {1, 5}], [{8, 3}, {4, 7}, {5, 6}, {1, 2}], [{8, 3}, {4, 7}, {5, 6}, {2}, {1}], [{8, 3}, {5, 7}, {1, 6}, {2, 4}], [{8, 3}, {5, 7}, {2, 6}, {1, 4}], [{8, 3}, {5, 7}, {4, 6}, {1, 2}], [{8, 3}, {6, 7}, {1, 5}, {2, 4}], [{8, 3}, {6, 7}, {2, 5}, {1, 4}], [{8, 3}, {6, 7}, {4, 5}, {1, 2}], [{8, 3}, {7}, {5, 6}, {1, 4}, {2}], [{8, 3}, {7}, {5, 6}, {2, 4}, {1}], [{8, 3}, {7}, {5, 6}, {4}, {1, 2}], [{8, 3}, {7}, {5, 6}, {4}, {2}, {1}], [{8, 4}, {1, 7}, {2, 6}, {3, 5}], [{8, 4}, {1, 7}, {3, 6}, {2, 5}], [{8, 4}, {1, 7}, {5, 6}, {2, 3}], [{8, 4}, {2, 7}, {1, 6}, {3, 5}], [{8, 4}, {2, 7}, {1, 6}, {5}, {3}], [{8, 4}, {2, 7}, {3, 6}, {1, 5}], [{8, 4}, {2, 7}, {5, 6}, {1, 3}], [{8, 4}, {2, 7}, {5, 6}, {3}, {1}], [{8, 4}, {2, 7}, {6}, {1, 5}, {3}], [{8, 4}, {3, 7}, {1, 6}, {2, 5}], [{8, 4}, {3, 7}, {2, 6}, {1, 5}], [{8, 4}, {3, 7}, {5, 6}, {1, 2}], [{8, 4}, {3, 7}, {6}, {2, 5}, {1}], [{8, 4}, {5, 7}, {1, 6}, {2, 3}], [{8, 4}, {5, 7}, {2, 6}, {1, 3}], [{8, 4}, {5, 7}, {3, 6}, {1, 2}], [{8, 4}, {5, 7}, {6}, {3}, {1, 2}], [{8, 4}, {6, 7}, {1, 5}, {2, 3}], [{8, 4}, {6, 7}, {1, 5}, {3}, {2}], [{8, 4}, {6, 7}, {2, 5}, {1, 3}], [{8, 4}, {6, 7}, {3, 5}, {1, 2}], [{8, 4}, {7}, {1, 6}, {3, 5}, {2}], [{8, 4}, {7}, {2, 6}, {1, 5}, {3}], [{8, 5}, {1, 7}, {2, 6}, {3, 4}], [{8, 5}, {1, 7}, {3, 6}, {2, 4}], [{8, 5}, {1, 7}, {4, 6}, {2, 3}], [{8, 5}, {2, 7}, {1, 6}, {3, 4}], [{8, 5}, {2, 7}, {3, 6}, {1, 4}], [{8, 5}, {2, 7}, {4, 6}, {1, 3}], [{8, 5}, {3, 7}, {1, 6}, {2, 4}], [{8, 5}, {3, 7}, {2, 6}, {1, 4}], [{8, 5}, {3, 7}, {4, 6}, {1, 2}], [{8, 5}, {4, 7}, {1, 6}, {2, 3}], [{8, 5}, {4, 7}, {2, 6}, {1, 3}], [{8, 5}, {4, 7}, {3, 6}, {1, 2}], [{8, 5}, {6, 7}, {1, 4}, {2, 3}], [{8, 5}, {6, 7}, {2, 4}, {1, 3}], [{8, 5}, {6, 7}, {3, 4}, {1, 2}], [{8, 5}, {7}, {4, 6}, {1, 3}, {2}], [{8, 6}, {1, 7}, {2, 5}, {3, 4}], [{8, 6}, {1, 7}, {2, 5}, {4}, {3}], [{8, 6}, {1, 7}, {3, 5}, {2, 4}], [{8, 6}, {1, 7}, {4, 5}, {2, 3}], [{8, 6}, {2, 7}, {1, 5}, {3, 4}], [{8, 6}, {2, 7}, {3, 5}, {1, 4}], [{8, 6}, {2, 7}, {4, 5}, {1, 3}], [{8, 6}, {3, 7}, {1, 5}, {2, 4}], [{8, 6}, {3, 7}, {2, 5}, {1, 4}], [{8, 6}, {3, 7}, {4, 5}, {1, 2}], [{8, 6}, {4, 7}, {1, 5}, {2, 3}], [{8, 6}, {4, 7}, {2, 5}, {1, 3}], [{8, 6}, {4, 7}, {3, 5}, {1, 2}], [{8, 6}, {5, 7}, {1, 4}, {2, 3}], [{8, 6}, {5, 7}, {2, 4}, {1, 3}], [{8, 6}, {5, 7}, {3, 4}, {1, 2}], [{8, 6}, {7}, {1, 5}, {4}, {2, 3}], [{8, 7}, {1, 6}, {2, 5}, {3, 4}], [{8, 7}, {1, 6}, {3, 5}, {2, 4}], [{8, 7}, {1, 6}, {4, 5}, {2, 3}], [{8, 7}, {1, 6}, {4, 5}, {3}, {2}], [{8, 7}, {2, 6}, {1, 5}, {3, 4}], [{8, 7}, {2, 6}, {3, 5}, {1, 4}], [{8, 7}, {2, 6}, {4, 5}, {1, 3}], [{8, 7}, {3, 6}, {1, 5}, {2, 4}], [{8, 7}, {3, 6}, {2, 5}, {1, 4}], [{8, 7}, {3, 6}, {4, 5}, {1, 2}], [{8, 7}, {4, 6}, {1, 5}, {2, 3}], [{8, 7}, {4, 6}, {2, 5}, {1, 3}], [{8, 7}, {4, 6}, {3, 5}, {1, 2}], [{8, 7}, {4, 6}, {5}, {1, 3}, {2}], [{8, 7}, {5, 6}, {1, 4}, {2, 3}], [{8, 7}, {5, 6}, {2, 4}, {1, 3}], [{8, 7}, {5, 6}, {3, 4}, {1, 2}], [{8, 7}, {5, 6}, {4}, {2, 3}, {1}], [{8}, {1, 7}, {6}, {3, 5}, {2, 4}], [{8}, {1, 7}, {6}, {4, 5}, {2, 3}], [{8}, {2, 7}, {3, 6}, {5}, {1, 4}], [{8}, {2, 7}, {4, 6}, {5}, {1, 3}], [{8}, {2, 7}, {5, 6}, {1, 4}, {3}], [{8}, {2, 7}, {5, 6}, {3, 4}, {1}], [{8}, {2, 7}, {5, 6}, {4}, {1, 3}], [{8}, {2, 7}, {5, 6}, {4}, {3}, {1}], [{8}, {2, 7}, {6}, {3, 5}, {1, 4}], [{8}, {2, 7}, {6}, {4, 5}, {1, 3}], [{8}, {5, 7}, {2, 6}, {1, 4}, {3}], [{8}, {5, 7}, {2, 6}, {3, 4}, {1}], [{8}, {5, 7}, {2, 6}, {4}, {1, 3}], [{8}, {5, 7}, {3, 6}, {1, 4}, {2}], [{8}, {5, 7}, {4, 6}, {1, 3}, {2}], [{8}, {5, 7}, {6}, {1, 4}, {2, 3}], [{8}, {5, 7}, {6}, {2, 4}, {1, 3}], [{8}, {7}, {3, 6}, {2, 5}, {1, 4}], [{8}, {7}, {4, 6}, {2, 5}, {1, 3}], [{8}, {7}, {4, 6}, {5}, {1, 3}, {2}]]",2,12 K_1^3 + 4 K_1^2 K_2 - 12 K_1^2 - 16 K_1 K_2 - 6 K_1 K_3 - K_1 - 2 K_2^2 + 7 K_2 + 5 K_3 + 3 K_4 + 7,O1O2O3O4U2U5U3O6O5U1O7U6U4O8U7U8,O1O2O3U4U1U3U5O6O7U6O4O8U7O5U2U8,O1O2O3U4U2O5U6O4O7U8O6O8U5U1U3U7,c,{'O1O2O3O4U5U6O5U1U7O6U4O8O7U2U8U3'},1,"<a href=""/flatknot/8.857539"">8.857539</a>",t^9-60t^7-220t^6-141t^5+164t^4+29t^3-2t^2+47t-2,-t^2+2t,,
8.857540,O1O2O3O4U5U6O5U1U7O6U4O8O7U3U2U8,4,7z^3+46z^2+108z+89,7w^4z^3-2w^4z^2+48w^3z^2+108w^2z+89w,False,False,"[[ 0 -2  0  0  2 -1 -1  1  1],[ 2  0  2  1  0  2  3  2  2],[ 0 -2  0  0  1 -1  0  0  1],[ 0 -1  0  0  1 -1  0  0  0],[-2  0 -1 -1  0 -3 -1 -1 -1],[ 1 -2  1  1  3  0 -1  1  1],[ 1 -3  0  0  1  1  0  1  2],[-1 -2  0  0  1 -1 -1  0  1],[-1 -2 -1  0  1 -1 -2 -1  0]]","[[ 0  2  1  1  0  0 -1 -1 -2],[-2  0 -1 -1 -1 -1 -1 -3  0],[-1  1  0  1  0  0 -1 -1 -2],[-1  1 -1  0  0 -1 -2 -1 -2],[ 0  1  0  0  0  0  0 -1 -1],[ 0  1  0  1  0  0  0 -1 -2],[ 1  1  1  2  0  0  0  1 -3],[ 1  3  1  1  1  1 -1  0 -2],[ 2  0  2  2  1  2  3  2  0]]",True,"[-2,-1,-1,0,0,1,1,2,1,1,1,1,1,3,0,-1,0,0,1,1,2,0,1,2,1,2,0,0,1,1,0,1,2,-1,3,2]","[-2,-1,-1,0,0,1,1,2,-2,-1,0,1,1,1,4,-1,1,1,0,1,2,0,0,1,1,0,0,0,1,1,1,1,1,1,0,0]",t^8+52t^6+257t^4+97t^2+1,"[-2,-1,-1,0,0,1,1,2,-2,-1,0,1,1,1,4,-1,1,1,0,1,2,0,0,1,1,0,0,0,1,1,1,1,1,1,0,0]","[-2,-1,-1,0,0,1,1,2,0,0,1,1,0,2,4,-1,0,1,1,0,1,1,1,1,1,1,0,0,1,0,0,1,1,-1,-1,-2]","[-2,-1,-1,0,0,1,1,2,2,3,1,2,2,2,0,-1,1,1,1,1,3,0,0,1,2,1,0,0,0,1,0,1,1,1,1,1]",c,"[[{8, 1}, {2, 7}, {3, 6}, {4, 5}], [{8, 1}, {2, 7}, {4, 6}, {3, 5}], [{8, 1}, {2, 7}, {5, 6}, {3, 4}], [{8, 1}, {2, 7}, {5, 6}, {4}, {3}], [{8, 1}, {3, 7}, {2, 6}, {4, 5}], [{8, 1}, {3, 7}, {4, 6}, {2, 5}], [{8, 1}, {3, 7}, {5, 6}, {2, 4}], [{8, 1}, {3, 7}, {5, 6}, {4}, {2}], [{8, 1}, {4, 7}, {2, 6}, {3, 5}], [{8, 1}, {4, 7}, {3, 6}, {2, 5}], [{8, 1}, {4, 7}, {5, 6}, {2, 3}], [{8, 1}, {4, 7}, {5, 6}, {3}, {2}], [{8, 1}, {5, 7}, {2, 6}, {3, 4}], [{8, 1}, {5, 7}, {3, 6}, {2, 4}], [{8, 1}, {5, 7}, {4, 6}, {2, 3}], [{8, 1}, {5, 7}, {4, 6}, {3}, {2}], [{8, 1}, {6, 7}, {2, 5}, {3, 4}], [{8, 1}, {6, 7}, {3, 5}, {2, 4}], [{8, 1}, {6, 7}, {4, 5}, {2, 3}], [{8, 1}, {6, 7}, {4, 5}, {3}, {2}], [{8, 1}, {7}, {5, 6}, {2, 4}, {3}], [{8, 1}, {7}, {5, 6}, {3, 4}, {2}], [{8, 1}, {7}, {5, 6}, {4}, {2, 3}], [{8, 1}, {7}, {5, 6}, {4}, {3}, {2}], [{8, 2}, {1, 7}, {3, 6}, {4, 5}], [{8, 2}, {1, 7}, {4, 6}, {3, 5}], [{8, 2}, {1, 7}, {5, 6}, {3, 4}], [{8, 2}, {1, 7}, {6}, {4, 5}, {3}], [{8, 2}, {3, 7}, {1, 6}, {4, 5}], [{8, 2}, {3, 7}, {4, 6}, {1, 5}], [{8, 2}, {3, 7}, {5, 6}, {1, 4}], [{8, 2}, {4, 7}, {1, 6}, {3, 5}], [{8, 2}, {4, 7}, {3, 6}, {1, 5}], [{8, 2}, {4, 7}, {3, 6}, {5}, {1}], [{8, 2}, {4, 7}, {5, 6}, {1, 3}], [{8, 2}, {5, 7}, {1, 6}, {3, 4}], [{8, 2}, {5, 7}, {3, 6}, {1, 4}], [{8, 2}, {5, 7}, {3, 6}, {4}, {1}], [{8, 2}, {5, 7}, {4, 6}, {1, 3}], [{8, 2}, {6, 7}, {1, 5}, {3, 4}], [{8, 2}, {6, 7}, {3, 5}, {1, 4}], [{8, 2}, {6, 7}, {4, 5}, {1, 3}], [{8, 2}, {7}, {3, 6}, {4, 5}, {1}], [{8, 2}, {7}, {5, 6}, {4}, {1, 3}], [{8, 3}, {1, 7}, {2, 6}, {4, 5}], [{8, 3}, {1, 7}, {4, 6}, {2, 5}], [{8, 3}, {1, 7}, {4, 6}, {5}, {2}], [{8, 3}, {1, 7}, {5, 6}, {2, 4}], [{8, 3}, {2, 7}, {1, 6}, {4, 5}], [{8, 3}, {2, 7}, {4, 6}, {1, 5}], [{8, 3}, {2, 7}, {5, 6}, {1, 4}], [{8, 3}, {4, 7}, {1, 6}, {2, 5}], [{8, 3}, {4, 7}, {2, 6}, {1, 5}], [{8, 3}, {4, 7}, {5, 6}, {1, 2}], [{8, 3}, {5, 7}, {1, 6}, {2, 4}], [{8, 3}, {5, 7}, {2, 6}, {1, 4}], [{8, 3}, {5, 7}, {4, 6}, {1, 2}], [{8, 3}, {5, 7}, {4, 6}, {2}, {1}], [{8, 3}, {6, 7}, {1, 5}, {2, 4}], [{8, 3}, {6, 7}, {2, 5}, {1, 4}], [{8, 3}, {6, 7}, {4, 5}, {1, 2}], [{8, 3}, {7}, {4, 6}, {1, 5}, {2}], [{8, 3}, {7}, {5, 6}, {4}, {1, 2}], [{8, 4}, {1, 7}, {2, 6}, {3, 5}], [{8, 4}, {1, 7}, {3, 6}, {2, 5}], [{8, 4}, {1, 7}, {5, 6}, {2, 3}], [{8, 4}, {2, 7}, {1, 6}, {3, 5}], [{8, 4}, {2, 7}, {3, 6}, {1, 5}], [{8, 4}, {2, 7}, {5, 6}, {1, 3}], [{8, 4}, {3, 7}, {1, 6}, {2, 5}], [{8, 4}, {3, 7}, {2, 6}, {1, 5}], [{8, 4}, {3, 7}, {5, 6}, {1, 2}], [{8, 4}, {5, 7}, {1, 6}, {2, 3}], [{8, 4}, {5, 7}, {1, 6}, {3}, {2}], [{8, 4}, {5, 7}, {2, 6}, {1, 3}], [{8, 4}, {5, 7}, {3, 6}, {1, 2}], [{8, 4}, {6, 7}, {1, 5}, {2, 3}], [{8, 4}, {6, 7}, {1, 5}, {3}, {2}], [{8, 4}, {6, 7}, {2, 5}, {1, 3}], [{8, 4}, {6, 7}, {3, 5}, {1, 2}], [{8, 4}, {7}, {5, 6}, {2, 3}, {1}], [{8, 5}, {1, 7}, {2, 6}, {3, 4}], [{8, 5}, {1, 7}, {3, 6}, {2, 4}], [{8, 5}, {1, 7}, {4, 6}, {2, 3}], [{8, 5}, {2, 7}, {1, 6}, {3, 4}], [{8, 5}, {2, 7}, {1, 6}, {4}, {3}], [{8, 5}, {2, 7}, {3, 6}, {1, 4}], [{8, 5}, {2, 7}, {4, 6}, {1, 3}], [{8, 5}, {3, 7}, {1, 6}, {2, 4}], [{8, 5}, {3, 7}, {1, 6}, {4}, {2}], [{8, 5}, {3, 7}, {2, 6}, {1, 4}], [{8, 5}, {3, 7}, {4, 6}, {1, 2}], [{8, 5}, {4, 7}, {1, 6}, {2, 3}], [{8, 5}, {4, 7}, {2, 6}, {1, 3}], [{8, 5}, {4, 7}, {3, 6}, {1, 2}], [{8, 5}, {6, 7}, {1, 4}, {2, 3}], [{8, 5}, {6, 7}, {1, 4}, {3}, {2}], [{8, 5}, {6, 7}, {2, 4}, {1, 3}], [{8, 5}, {6, 7}, {3, 4}, {1, 2}], [{8, 5}, {7}, {1, 6}, {4}, {2, 3}], [{8, 6}, {1, 7}, {2, 5}, {3, 4}], [{8, 6}, {1, 7}, {3, 5}, {2, 4}], [{8, 6}, {1, 7}, {4, 5}, {2, 3}], [{8, 6}, {2, 7}, {1, 5}, {3, 4}], [{8, 6}, {2, 7}, {1, 5}, {4}, {3}], [{8, 6}, {2, 7}, {3, 5}, {1, 4}], [{8, 6}, {2, 7}, {4, 5}, {1, 3}], [{8, 6}, {3, 7}, {1, 5}, {2, 4}], [{8, 6}, {3, 7}, {1, 5}, {4}, {2}], [{8, 6}, {3, 7}, {2, 5}, {1, 4}], [{8, 6}, {3, 7}, {4, 5}, {1, 2}], [{8, 6}, {4, 7}, {1, 5}, {2, 3}], [{8, 6}, {4, 7}, {2, 5}, {1, 3}], [{8, 6}, {4, 7}, {3, 5}, {1, 2}], [{8, 6}, {5, 7}, {1, 4}, {2, 3}], [{8, 6}, {5, 7}, {1, 4}, {3}, {2}], [{8, 6}, {5, 7}, {2, 4}, {1, 3}], [{8, 6}, {5, 7}, {3, 4}, {1, 2}], [{8, 6}, {7}, {1, 5}, {4}, {2, 3}], [{8, 7}, {1, 6}, {2, 5}, {3, 4}], [{8, 7}, {1, 6}, {3, 5}, {2, 4}], [{8, 7}, {1, 6}, {4, 5}, {2, 3}], [{8, 7}, {2, 6}, {1, 5}, {3, 4}], [{8, 7}, {2, 6}, {3, 5}, {1, 4}], [{8, 7}, {2, 6}, {4, 5}, {1, 3}], [{8, 7}, {2, 6}, {4, 5}, {3}, {1}], [{8, 7}, {3, 6}, {1, 5}, {2, 4}], [{8, 7}, {3, 6}, {1, 5}, {4}, {2}], [{8, 7}, {3, 6}, {2, 5}, {1, 4}], [{8, 7}, {3, 6}, {4, 5}, {1, 2}], [{8, 7}, {4, 6}, {1, 5}, {2, 3}], [{8, 7}, {4, 6}, {2, 5}, {1, 3}], [{8, 7}, {4, 6}, {3, 5}, {1, 2}], [{8, 7}, {4, 6}, {3, 5}, {2}, {1}], [{8, 7}, {5, 6}, {1, 4}, {2, 3}], [{8, 7}, {5, 6}, {2, 4}, {1, 3}], [{8, 7}, {5, 6}, {3, 4}, {1, 2}], [{8, 7}, {5, 6}, {4}, {2, 3}, {1}], [{8}, {1, 7}, {5, 6}, {4}, {2, 3}], [{8}, {2, 7}, {4, 6}, {5}, {1, 3}], [{8}, {3, 7}, {2, 6}, {5}, {1, 4}], [{8}, {3, 7}, {6}, {4, 5}, {1, 2}], [{8}, {4, 7}, {5, 6}, {2, 3}, {1}], [{8}, {4, 7}, {6}, {2, 5}, {1, 3}], [{8}, {5, 7}, {4, 6}, {1, 3}, {2}], [{8}, {5, 7}, {6}, {3, 4}, {1, 2}], [{8}, {6, 7}, {2, 5}, {4}, {1, 3}], [{8}, {6, 7}, {3, 5}, {4}, {1, 2}], [{8}, {7}, {4, 6}, {2, 5}, {1, 3}], [{8}, {7}, {5, 6}, {1, 4}, {2, 3}], [{8}, {7}, {5, 6}, {4}, {2, 3}, {1}]]",2,4 K_1^2 K_2 - 2 K_1^2 - 4 K_1 K_2 - 6 K_1 K_3 + 2 K_1 - 2 K_2^2 + 2 K_2 + 2 K_3 + 3 K_4 + 2,O1O2O3O4U5U3U2O6O5U1O7U6U4O8U7U8,O1O2O3U4U2U1U5O6O7U6O4O8U7O5U3U8,O1O2O3U4U1O5U6O4O7U8O6O8U5U3U2U7,c,{'O1O2O3O4U5U6O5U1U7O6U4O8O7U3U2U8'},1,"<a href=""/flatknot/8.857540"">8.857540</a>",t^9-52t^7-158t^6-37t^5+254t^4+352t^3+498t^2+252t-28,0,,
8.857541,O1O2O3O4U5U6O5U1U7O6U4O8O7U3U8U2,4,2z^3+26z^2+105z+123,2w^4z^3+26w^3z^2+105w^2z+123w,False,False,"[[ 0 -2  1  0  2 -1 -1  1  0],[ 2  0  2  1  0  2  3  2  1],[-1 -2  0 -1  1 -2 -1  0  0],[ 0 -1  1  0  1 -1  0  0  0],[-2  0 -1 -1  0 -3 -1 -1 -1],[ 1 -2  2  1  3  0 -1  1  0],[ 1 -3  1  0  1  1  0  1  1],[-1 -2  0  0  1 -1 -1  0  0],[ 0 -1  0  0  1  0 -1  0  0]]","[[ 0  2  1  1  0  0 -1 -1 -2],[-2  0 -1 -1 -1 -1 -1 -3  0],[-1  1  0  0  0  0 -1 -1 -2],[-1  1  0  0  0 -1 -1 -2 -2],[ 0  1  0  0  0  0 -1  0 -1],[ 0  1  0  1  0  0  0 -1 -1],[ 1  1  1  1  1  0  0  1 -3],[ 1  3  1  2  0  1 -1  0 -2],[ 2  0  2  2  1  1  3  2  0]]",True,"[-2,-1,-1,0,0,1,1,2,1,1,1,1,1,3,0,0,0,0,1,1,2,0,1,1,2,2,0,1,0,1,0,1,1,-1,3,2]","[-2,-1,-1,0,0,1,1,2,-2,-1,1,1,1,1,4,-1,0,1,1,1,2,1,0,0,1,0,0,1,1,1,0,1,1,0,0,0]",t^8+48t^6+226t^4+56t^2+1,"[-2,-1,-1,0,0,1,1,2,-2,-1,1,1,1,1,4,-1,0,1,1,1,2,1,0,0,1,0,0,1,1,1,0,1,1,0,0,0]","[-2,-1,-1,0,0,1,1,2,0,0,1,1,0,2,4,0,0,1,0,1,1,1,1,1,1,1,0,0,1,1,1,0,1,-1,-1,-2]","[-2,-1,-1,0,0,1,1,2,2,3,1,1,2,2,0,-1,0,1,1,2,3,1,0,1,1,1,0,0,0,1,0,1,1,0,1,1]",c,"[[{8, 3}, {6, 7}, {2, 5}, {1, 4}], [{8}, {6, 7}, {2, 5}, {1, 4}, {3}]]",1,12 K_1^3 + 8 K_1^2 K_2 - 22 K_1^2 - 16 K_1 K_2 - 6 K_1 K_3 - K_1 - 2 K_2^2 + 10 K_2 + 5 K_3 + 2 K_4 + 11,O1O2O3O4U3U5U2O6O5U1O7U6U4O8U7U8,O1O2O3U4U3U1U5O6O7U6O4O8U7O5U2U8,O1O2O3U4U2O5U6O4O7U8O6O8U5U3U1U7,c,{'O1O2O3O4U5U6O5U1U7O6U4O8O7U3U8U2'},1,"<a href=""/flatknot/8.857541"">8.857541</a>",t^9-48t^7-136t^6+14t^5+308t^4+259t^3+194t^2+41t-46,0,,
8.857542,O1O2O3O4U5U6O5U1U7O6U4O8O7U8U2U3,4,3z^3+33z^2+109z+111,3w^4z^3+33w^3z^2+109w^2z+111w,False,False,"[[ 0 -2  0  2  2 -1 -1  1 -1],[ 2  0  1  2  0  2  3  2  0],[ 0 -1  0  1  1 -1  0  1 -1],[-2 -2 -1  0  1 -3 -2 -1 -1],[-2  0 -1 -1  0 -3 -1 -1 -1],[ 1 -2  1  3  3  0 -1  1 -1],[ 1 -3  0  2  1  1  0  1  0],[-1 -2 -1  1  1 -1 -1  0 -1],[ 1  0  1  1  1  1  0  1  0]]","[[ 0  2  2  1  0 -1 -1 -1 -2],[-2  0  1 -1 -1 -1 -2 -3 -2],[-2 -1  0 -1 -1 -1 -1 -3  0],[-1  1  1  0 -1 -1 -1 -1 -2],[ 0  1  1  1  0 -1  0 -1 -1],[ 1  1  1  1  1  0  0  1  0],[ 1  2  1  1  0  0  0  1 -3],[ 1  3  3  1  1 -1 -1  0 -2],[ 2  2  0  2  1  0  3  2  0]]",True,"[-2,-2,-1,0,1,1,1,2,-1,1,1,1,2,3,2,1,1,1,1,3,0,1,1,1,1,2,1,0,1,1,0,-1,0,-1,3,2]","[-2,-2,-1,0,1,1,1,2,-1,0,1,0,2,2,4,0,1,0,1,2,2,0,1,1,1,1,0,1,0,1,-1,-1,-1,0,-2,1]",t^8+60t^6+311t^4+108t^2,"[-2,-1,-1,-1,0,1,2,2,-2,-1,1,1,1,2,4,-1,0,1,1,1,2,1,0,1,0,0,0,1,2,2,0,1,1,0,0,-1]","[-2,-2,-1,0,1,1,1,2,-1,0,1,0,2,2,4,0,1,0,1,2,2,0,1,1,1,1,0,1,0,1,-1,-1,-1,0,-2,1]","[-2,-1,-1,-1,0,1,2,2,0,2,3,1,2,0,2,1,0,1,1,1,1,-1,1,1,3,3,0,1,1,2,1,1,1,1,1,-1]",c,"[[{8, 3}, {2, 7}, {1, 6}, {4, 5}], [{8, 3}, {5, 7}, {1, 6}, {2, 4}]]",1,16 K_1^3 + 16 K_1^2 K_2 - 26 K_1^2 - 12 K_1 K_2 - 8 K_1 K_3 - 6 K_1 + 9 K_2 + 2 K_3 + 10,O1O2O3O4U2U3U5O6O5U1O7U6U4O8U7U8,O1O2O3U4U2U3U5O6O7U6O4O8U7O5U1U8,O1O2O3U4U3O5U6O4O7U8O6O8U5U1U2U7,c,{'O1O2O3O4U5U6O5U1U7O6U4O8O7U8U2U3'},1,"<a href=""/flatknot/8.857542"">8.857542</a>",t^9-58t^7-218t^6-104t^5+610t^4+1031t^3+652t^2+264t+90,-t^2+2t,,
8.857543,O1O2O3O4U5U6O5U1U7O6U4O8O7U8U3U2,3,13z^2+66z+81,-8w^4z^2+21w^3z^2-24w^3z+90w^2z+81w,False,False,"[[ 0 -2  1  1  2 -1 -1  1 -1],[ 2  0  2  1  0  2  3  2  0],[-1 -2  0  0  1 -2 -1  0 -1],[-1 -1  0  0  1 -2 -1  0 -1],[-2  0 -1 -1  0 -3 -1 -1 -1],[ 1 -2  2  2  3  0 -1  1 -1],[ 1 -3  1  1  1  1  0  1  0],[-1 -2  0  0  1 -1 -1  0 -1],[ 1  0  1  1  1  1  0  1  0]]","[[ 0  2  1  1 -1 -1 -2],[-2  0 -1 -1 -1 -3  0],[-1  1  0  0 -1 -1 -2],[-1  1  0  0 -1 -2 -1],[ 1  1  1  1  0  1 -3],[ 1  3  1  2 -1  0 -2],[ 2  0  2  1  3  2  0]]",False,"[-2,-1,-1,1,1,2,1,1,1,3,0,0,1,1,2,1,2,1,-1,3,2]","[-2,-1,-1,1,1,2,-2,-1,1,2,4,-1,1,1,2,1,0,0,0,0,0]",t^6+38t^4+119t^2+4,"[-2,-1,-1,1,1,2,-2,-1,1,2,4,-1,1,1,2,1,0,0,0,0,0]","[-2,-1,-1,1,1,2,0,0,0,2,4,0,0,1,2,1,1,1,-1,-1,-2]","[-2,-1,-1,1,1,2,2,3,1,2,0,-1,2,1,3,1,1,1,0,1,1]",c,"[[{8, 2}, {1, 7}, {4, 6}, {3, 5}], [{8, 2}, {3, 7}, {1, 6}, {4, 5}], [{8, 2}, {4, 7}, {1, 6}, {3, 5}], [{8, 2}, {5, 7}, {1, 6}, {3, 4}], [{8, 2}, {5, 7}, {1, 6}, {4}, {3}], [{8, 2}, {5, 7}, {3, 6}, {1, 4}], [{8, 2}, {5, 7}, {4, 6}, {1, 3}], [{8, 2}, {6, 7}, {3, 5}, {1, 4}], [{8, 3}, {5, 7}, {2, 6}, {1, 4}]]",1,- 2 K_1^2 - 12 K_1 K_2 - 2 K_1 K_3 + 6 K_1 - 6 K_2^2 + 2 K_2 + 6 K_3 + 4 K_4 + 5,O1O2O3O4U3U2U5O6O5U1O7U6U4O8U7U8,O1O2O3U4U3U2U5O6O7U6O4O8U7O5U1U8,O1O2O3U4U3O5U6O4O7U8O6O8U5U2U1U7,c,{'O1O2O3O4U5U6O5U1U7O6U4O8O7U8U3U2'},1,"<a href=""/flatknot/8.857543"">8.857543</a>",t^7-38t^5-94t^4+t^3+138t^2+104t+64,0,,
8.857544,O1O2O3O4U5U6O5U2U1O6U3O7O8U4U8U7,4,7z^3+50z^2+114z+85,7w^4z^3+50w^3z^2+114w^2z+85w,False,False,"[[ 0 -1 -1  1  1 -1 -1  1  1],[ 1  0  0  1  2  1  1  1  1],[ 1  0  0  0  1  1  2  1  1],[-1 -1  0  0  1 -2  0  1  1],[-1 -2 -1 -1  0 -2  0  2  1],[ 1 -1 -1  2  2  0 -1  1  1],[ 1 -1 -2  0  0  1  0  1  1],[-1 -1 -1 -1 -2 -1 -1  0  0],[-1 -1 -1 -1 -1 -1 -1  0  0]]","[[ 0  1  1  1  1 -1 -1 -1 -1],[-1  0  2  1 -1  0 -1 -2 -2],[-1 -2  0  0 -1 -1 -1 -1 -1],[-1 -1  0  0 -1 -1 -1 -1 -1],[-1  1  1  1  0  0  0 -1 -2],[ 1  0  1  1  0  0 -2 -1  1],[ 1  1  1  1  0  2  0  0  1],[ 1  2  1  1  1  1  0  0  1],[ 1  2  1  1  2 -1 -1 -1  0]]",True,"[-1,-1,-1,-1,1,1,1,1,-2,-1,1,0,1,2,2,0,1,1,1,1,1,1,1,1,1,1,0,0,1,2,2,1,-1,0,-1,-1]","[-1,-1,-1,-1,1,1,1,1,-2,-1,0,1,1,1,1,-1,1,0,0,1,2,1,0,1,2,2,1,1,1,1,-1,-1,-1,0,1,2]",t^8+38t^6+247t^4+58t^2+1,"[-1,-1,-1,-1,1,1,1,1,-2,-1,0,1,1,1,2,-1,1,1,1,2,2,1,1,1,0,0,1,1,0,1,0,1,1,2,1,1]","[-1,-1,-1,-1,1,1,1,1,-2,-1,0,1,1,1,1,-1,1,0,0,1,2,1,0,1,2,2,1,1,1,1,-1,-1,-1,0,1,2]","[-1,-1,-1,-1,1,1,1,1,-2,-1,1,0,0,1,1,0,1,0,1,1,1,1,1,2,1,1,2,2,1,1,1,1,1,1,2,0]",c,"[[{8, 2}, {1, 7}, {3, 6}, {4, 5}]]",0,1,O1O2O3O4U5U6U1O6O5U2O7U4U3O8U7U8,O1O2O3U4U5U6U1O7O8U7O5O4U8O6U3U2,O1O2O3U2U1O4U5O6O7U8O5O8U3U4U7U6,c,{'O1O2O3O4U5U6O5U2U1O6U3O7O8U4U8U7'},1,"<a href=""/flatknot/8.857544"">8.857544</a>",t^9-38t^7-106t^6+11t^5+316t^4+342t^3+92t^2-15t-6,0,,
8.857545,O1O2O3O4U5U6O5U2U1O6U3O7O8U7U4U8,4,z^3+28z^2+102z+101,w^4z^3-4w^4z^2+32w^3z^2-8w^3z+110w^2z+101w,False,False,"[[ 0 -1 -1  1  2 -1 -1 -1  2],[ 1  0  0  1  2  1  1  0  1],[ 1  0  0  0  1  1  2  0  1],[-1 -1  0  0  1 -2  0  0  1],[-2 -2 -1 -1  0 -3 -1  0  2],[ 1 -1 -1  2  3  0 -1 -1  2],[ 1 -1 -2  0  1  1  0 -1  2],[ 1  0  0  0  0  1  1  0  1],[-2 -1 -1 -1 -2 -2 -2 -1  0]]","[[ 0  2  2  1 -1 -1 -1 -1 -1],[-2  0  2 -1  0 -1 -1 -2 -3],[-2 -2  0 -1 -1 -1 -2 -1 -2],[-1  1  1  0  0  0  0 -1 -2],[ 1  0  1  0  0  0  1  0  1],[ 1  1  1  0  0  0  2  0  1],[ 1  1  2  0 -1 -2  0 -1  1],[ 1  2  1  1  0  0  1  0  1],[ 1  3  2  2 -1 -1 -1 -1  0]]",True,"[-2,-2,-1,1,1,1,1,1,-2,1,0,1,1,2,3,1,1,1,2,1,2,0,0,0,1,2,0,-1,0,-1,-2,0,-1,1,-1,-1]","[-2,-2,-1,1,1,1,1,1,-2,0,1,1,2,2,2,0,0,2,1,2,3,0,2,1,2,2,-1,-1,-1,-1,-1,-2,-1,0,0,0]",t^8+47t^6+316t^4+120t^2,"[-1,-1,-1,-1,-1,1,2,2,-2,-1,0,0,2,2,2,-1,1,1,2,1,2,1,1,0,1,0,0,1,2,1,2,2,3,0,0,2]","[-2,-2,-1,1,1,1,1,1,-2,0,1,1,2,2,2,0,0,2,1,2,3,0,2,1,2,2,-1,-1,-1,-1,-1,-2,-1,0,0,0]","[-1,-1,-1,-1,-1,1,2,2,-2,-1,-1,1,0,1,2,0,0,1,0,1,1,0,1,0,0,1,1,1,2,1,2,3,2,1,1,2]",c,"[[{8, 1}, {2, 7}, {3, 6}, {4, 5}], [{8, 1}, {2, 7}, {4, 6}, {3, 5}], [{8, 1}, {2, 7}, {5, 6}, {3, 4}], [{8, 1}, {3, 7}, {2, 6}, {4, 5}], [{8, 1}, {3, 7}, {4, 6}, {2, 5}], [{8, 1}, {3, 7}, {5, 6}, {2, 4}], [{8, 1}, {3, 7}, {6}, {5}, {2, 4}], [{8, 1}, {4, 7}, {2, 6}, {3, 5}], [{8, 1}, {4, 7}, {3, 6}, {2, 5}], [{8, 1}, {4, 7}, {3, 6}, {5}, {2}], [{8, 1}, {4, 7}, {5, 6}, {2, 3}], [{8, 1}, {5, 7}, {2, 6}, {3, 4}], [{8, 1}, {5, 7}, {3, 6}, {2, 4}], [{8, 1}, {5, 7}, {4, 6}, {2, 3}], [{8, 1}, {5, 7}, {6}, {3, 4}, {2}], [{8, 1}, {6, 7}, {2, 5}, {3, 4}], [{8, 1}, {6, 7}, {2, 5}, {4}, {3}], [{8, 1}, {6, 7}, {3, 5}, {2, 4}], [{8, 1}, {6, 7}, {4, 5}, {2, 3}], [{8, 1}, {7}, {2, 6}, {5}, {3, 4}], [{8, 1}, {7}, {4, 6}, {3, 5}, {2}], [{8, 2}, {1, 7}, {3, 6}, {4, 5}], [{8, 2}, {1, 7}, {3, 6}, {5}, {4}], [{8, 2}, {1, 7}, {4, 6}, {3, 5}], [{8, 2}, {1, 7}, {5, 6}, {3, 4}], [{8, 2}, {3, 7}, {1, 6}, {4, 5}], [{8, 2}, {3, 7}, {4, 6}, {1, 5}], [{8, 2}, {3, 7}, {5, 6}, {1, 4}], [{8, 2}, {4, 7}, {1, 6}, {3, 5}], [{8, 2}, {4, 7}, {1, 6}, {5}, {3}], [{8, 2}, {4, 7}, {3, 6}, {1, 5}], [{8, 2}, {4, 7}, {5, 6}, {1, 3}], [{8, 2}, {5, 7}, {1, 6}, {3, 4}], [{8, 2}, {5, 7}, {3, 6}, {1, 4}], [{8, 2}, {5, 7}, {4, 6}, {1, 3}], [{8, 2}, {6, 7}, {1, 5}, {3, 4}], [{8, 2}, {6, 7}, {1, 5}, {4}, {3}], [{8, 2}, {6, 7}, {3, 5}, {1, 4}], [{8, 2}, {6, 7}, {4, 5}, {1, 3}], [{8, 2}, {7}, {5, 6}, {1, 4}, {3}], [{8, 3}, {1, 7}, {2, 6}, {4, 5}], [{8, 3}, {1, 7}, {2, 6}, {5}, {4}], [{8, 3}, {1, 7}, {4, 6}, {2, 5}], [{8, 3}, {1, 7}, {5, 6}, {2, 4}], [{8, 3}, {2, 7}, {1, 6}, {4, 5}], [{8, 3}, {2, 7}, {4, 6}, {1, 5}], [{8, 3}, {2, 7}, {5, 6}, {1, 4}], [{8, 3}, {4, 7}, {1, 6}, {2, 5}], [{8, 3}, {4, 7}, {1, 6}, {5}, {2}], [{8, 3}, {4, 7}, {2, 6}, {1, 5}], [{8, 3}, {4, 7}, {5, 6}, {1, 2}], [{8, 3}, {4, 7}, {6}, {2, 5}, {1}], [{8, 3}, {5, 7}, {1, 6}, {2, 4}], [{8, 3}, {5, 7}, {2, 6}, {1, 4}], [{8, 3}, {5, 7}, {4, 6}, {1, 2}], [{8, 3}, {6, 7}, {1, 5}, {2, 4}], [{8, 3}, {6, 7}, {1, 5}, {4}, {2}], [{8, 3}, {6, 7}, {2, 5}, {1, 4}], [{8, 3}, {6, 7}, {4, 5}, {1, 2}], [{8, 3}, {7}, {4, 6}, {5}, {1, 2}], [{8, 4}, {1, 7}, {2, 6}, {3, 5}], [{8, 4}, {1, 7}, {3, 6}, {2, 5}], [{8, 4}, {1, 7}, {5, 6}, {2, 3}], [{8, 4}, {1, 7}, {5, 6}, {3}, {2}], [{8, 4}, {2, 7}, {1, 6}, {3, 5}], [{8, 4}, {2, 7}, {3, 6}, {1, 5}], [{8, 4}, {2, 7}, {5, 6}, {1, 3}], [{8, 4}, {3, 7}, {1, 6}, {2, 5}], [{8, 4}, {3, 7}, {1, 6}, {5}, {2}], [{8, 4}, {3, 7}, {2, 6}, {1, 5}], [{8, 4}, {3, 7}, {5, 6}, {1, 2}], [{8, 4}, {5, 7}, {1, 6}, {2, 3}], [{8, 4}, {5, 7}, {2, 6}, {1, 3}], [{8, 4}, {5, 7}, {3, 6}, {1, 2}], [{8, 4}, {6, 7}, {1, 5}, {2, 3}], [{8, 4}, {6, 7}, {2, 5}, {1, 3}], [{8, 4}, {6, 7}, {3, 5}, {1, 2}], [{8, 4}, {7}, {1, 6}, {2, 5}, {3}], [{8, 4}, {7}, {3, 6}, {5}, {1, 2}], [{8, 4}, {7}, {5, 6}, {2, 3}, {1}], [{8, 5}, {1, 7}, {2, 6}, {3, 4}], [{8, 5}, {1, 7}, {3, 6}, {2, 4}], [{8, 5}, {1, 7}, {4, 6}, {2, 3}], [{8, 5}, {2, 7}, {1, 6}, {3, 4}], [{8, 5}, {2, 7}, {3, 6}, {1, 4}], [{8, 5}, {2, 7}, {4, 6}, {1, 3}], [{8, 5}, {3, 7}, {1, 6}, {2, 4}], [{8, 5}, {3, 7}, {2, 6}, {1, 4}], [{8, 5}, {3, 7}, {4, 6}, {1, 2}], [{8, 5}, {4, 7}, {1, 6}, {2, 3}], [{8, 5}, {4, 7}, {2, 6}, {1, 3}], [{8, 5}, {4, 7}, {3, 6}, {1, 2}], [{8, 5}, {4, 7}, {3, 6}, {2}, {1}], [{8, 5}, {6, 7}, {1, 4}, {2, 3}], [{8, 5}, {6, 7}, {2, 4}, {1, 3}], [{8, 5}, {6, 7}, {3, 4}, {1, 2}], [{8, 5}, {6, 7}, {4}, {1, 3}, {2}], [{8, 5}, {7}, {1, 6}, {2, 4}, {3}], [{8, 5}, {7}, {2, 6}, {3, 4}, {1}], [{8, 6}, {1, 7}, {2, 5}, {3, 4}], [{8, 6}, {1, 7}, {3, 5}, {2, 4}], [{8, 6}, {1, 7}, {4, 5}, {2, 3}], [{8, 6}, {1, 7}, {5}, {4}, {2, 3}], [{8, 6}, {2, 7}, {1, 5}, {3, 4}], [{8, 6}, {2, 7}, {3, 5}, {1, 4}], [{8, 6}, {2, 7}, {4, 5}, {1, 3}], [{8, 6}, {3, 7}, {1, 5}, {2, 4}], [{8, 6}, {3, 7}, {2, 5}, {1, 4}], [{8, 6}, {3, 7}, {4, 5}, {1, 2}], [{8, 6}, {3, 7}, {4, 5}, {2}, {1}], [{8, 6}, {4, 7}, {1, 5}, {2, 3}], [{8, 6}, {4, 7}, {2, 5}, {1, 3}], [{8, 6}, {4, 7}, {3, 5}, {1, 2}], [{8, 6}, {5, 7}, {1, 4}, {2, 3}], [{8, 6}, {5, 7}, {2, 4}, {1, 3}], [{8, 6}, {5, 7}, {3, 4}, {1, 2}], [{8, 6}, {7}, {3, 5}, {1, 4}, {2}], [{8, 7}, {1, 6}, {2, 5}, {3, 4}], [{8, 7}, {1, 6}, {3, 5}, {2, 4}], [{8, 7}, {1, 6}, {4, 5}, {2, 3}], [{8, 7}, {1, 6}, {5}, {2, 4}, {3}], [{8, 7}, {2, 6}, {1, 5}, {3, 4}], [{8, 7}, {2, 6}, {3, 5}, {1, 4}], [{8, 7}, {2, 6}, {4, 5}, {1, 3}], [{8, 7}, {3, 6}, {1, 5}, {2, 4}], [{8, 7}, {3, 6}, {2, 5}, {1, 4}], [{8, 7}, {3, 6}, {2, 5}, {4}, {1}], [{8, 7}, {3, 6}, {4, 5}, {1, 2}], [{8, 7}, {3, 6}, {4, 5}, {2}, {1}], [{8, 7}, {3, 6}, {5}, {2, 4}, {1}], [{8, 7}, {4, 6}, {1, 5}, {2, 3}], [{8, 7}, {4, 6}, {2, 5}, {1, 3}], [{8, 7}, {4, 6}, {3, 5}, {1, 2}], [{8, 7}, {4, 6}, {5}, {3}, {1, 2}], [{8, 7}, {5, 6}, {1, 4}, {2, 3}], [{8, 7}, {5, 6}, {1, 4}, {3}, {2}], [{8, 7}, {5, 6}, {2, 4}, {1, 3}], [{8, 7}, {5, 6}, {3, 4}, {1, 2}], [{8, 7}, {6}, {5}, {2, 4}, {1, 3}], [{8}, {2, 7}, {1, 6}, {3, 5}, {4}], [{8}, {2, 7}, {3, 6}, {5}, {1, 4}], [{8}, {2, 7}, {4, 6}, {3, 5}, {1}], [{8}, {2, 7}, {5, 6}, {1, 4}, {3}], [{8}, {2, 7}, {6}, {3, 5}, {1, 4}], [{8}, {3, 7}, {1, 6}, {2, 5}, {4}], [{8}, {3, 7}, {4, 6}, {1, 5}, {2}], [{8}, {3, 7}, {4, 6}, {2, 5}, {1}], [{8}, {3, 7}, {4, 6}, {5}, {1, 2}], [{8}, {3, 7}, {5, 6}, {2, 4}, {1}], [{8}, {3, 7}, {6}, {2, 5}, {1, 4}], [{8}, {4, 7}, {1, 6}, {5}, {2, 3}], [{8}, {4, 7}, {3, 6}, {1, 5}, {2}], [{8}, {5, 7}, {1, 6}, {2, 4}, {3}], [{8}, {6, 7}, {1, 5}, {4}, {2, 3}], [{8}, {7}, {2, 6}, {1, 5}, {3, 4}]]",2,- 4 K_1^2 - 4 K_1 K_2 + 2 K_1 + 2 K_2 + 2 K_3 + 3,O1O2O3O4U5U1U6O5O6U2O7U4U3O8U7U8,O1O2O3U4U5U6U2O7O8U7O5O4U8O6U1U3,O1O2O3U1U3O4U5O6O7U8O5O8U2U4U7U6,c,{'O1O2O3O4U5U6O5U2U1O6U3O7O8U7U4U8'},1,"<a href=""/flatknot/8.857545"">8.857545</a>",t^9-43t^7-146t^6-74t^5+346t^4+602t^3+282t^2-47t-30,-2t^2+4t,,
8.857546,O1O2O3O4U5U6O5U2U1O6U3O7O8U7U8U4,4,9z^3+53z^2+107z+75,-2w^5z^3+11w^4z^3-4w^4z^2+57w^3z^2+107w^2z+75w,False,False,"[[ 0 -1 -1  1  3 -1 -1 -1  1],[ 1  0  0  1  2  1  1  0  0],[ 1  0  0  0  1  1  2  0  0],[-1 -1  0  0  1 -2  0  0  0],[-3 -2 -1 -1  0 -4 -2 -1  1],[ 1 -1 -1  2  4  0 -1 -1  1],[ 1 -1 -2  0  2  1  0 -1  1],[ 1  0  0  0  1  1  1  0  1],[-1  0  0  0 -1 -1 -1 -1  0]]","[[ 0  3  1  1 -1 -1 -1 -1 -1],[-3  0  1 -1 -1 -1 -2 -2 -4],[-1 -1  0  0  0 -1  0 -1 -1],[-1  1  0  0  0  0 -1  0 -2],[ 1  1  0  0  0  0  0  2  1],[ 1  1  1  0  0  0  0  1  1],[ 1  2  0  1  0  0  0  1  1],[ 1  2  1  0 -2 -1 -1  0  1],[ 1  4  1  2 -1 -1 -1 -1  0]]",True,"[-3,-1,-1,1,1,1,1,1,-1,1,1,1,2,2,4,0,0,1,0,1,1,0,0,1,0,2,0,0,-2,-1,0,-1,-1,-1,-1,-1]","[-3,-1,-1,1,1,1,1,1,-1,1,1,1,2,2,4,0,0,1,0,1,1,0,0,1,0,2,0,0,-2,-1,0,-1,-1,-1,-1,-1]",t^8+46t^6+246t^4+173t^2,"[-1,-1,-1,-1,-1,1,1,3,-2,-1,0,0,2,2,3,-1,1,1,1,2,2,1,1,1,0,0,0,1,2,3,2,1,2,0,3,1]","[-3,-1,-1,1,1,1,1,1,1,3,0,2,2,3,3,0,0,1,2,2,2,1,2,1,1,2,-1,-1,-1,-1,1,0,0,-1,-2,0]","[-1,-1,-1,-1,-1,1,1,3,-2,-1,-1,1,0,1,2,0,0,1,0,0,1,0,1,0,1,1,1,1,0,2,2,1,4,0,1,-1]",c,"[[{8, 1}, {2, 7}, {3, 6}, {4, 5}], [{8, 1}, {2, 7}, {4, 6}, {3, 5}], [{8, 1}, {2, 7}, {5, 6}, {3, 4}], [{8, 1}, {3, 7}, {2, 6}, {4, 5}], [{8, 1}, {3, 7}, {4, 6}, {2, 5}], [{8, 1}, {3, 7}, {5, 6}, {2, 4}], [{8, 1}, {3, 7}, {5, 6}, {4}, {2}], [{8, 1}, {4, 7}, {2, 6}, {3, 5}], [{8, 1}, {4, 7}, {2, 6}, {5}, {3}], [{8, 1}, {4, 7}, {3, 6}, {2, 5}], [{8, 1}, {4, 7}, {3, 6}, {5}, {2}], [{8, 1}, {4, 7}, {5, 6}, {2, 3}], [{8, 1}, {4, 7}, {6}, {5}, {2, 3}], [{8, 1}, {5, 7}, {2, 6}, {3, 4}], [{8, 1}, {5, 7}, {3, 6}, {2, 4}], [{8, 1}, {5, 7}, {4, 6}, {2, 3}], [{8, 1}, {5, 7}, {4, 6}, {3}, {2}], [{8, 1}, {6, 7}, {2, 5}, {3, 4}], [{8, 1}, {6, 7}, {3, 5}, {2, 4}], [{8, 1}, {6, 7}, {4, 5}, {2, 3}], [{8, 1}, {6, 7}, {4, 5}, {3}, {2}], [{8, 2}, {1, 7}, {3, 6}, {4, 5}], [{8, 2}, {1, 7}, {4, 6}, {3, 5}], [{8, 2}, {1, 7}, {5, 6}, {3, 4}], [{8, 2}, {1, 7}, {6}, {5}, {3, 4}], [{8, 2}, {3, 7}, {1, 6}, {4, 5}], [{8, 2}, {3, 7}, {4, 6}, {1, 5}], [{8, 2}, {3, 7}, {5, 6}, {1, 4}], [{8, 2}, {4, 7}, {1, 6}, {3, 5}], [{8, 2}, {4, 7}, {3, 6}, {1, 5}], [{8, 2}, {4, 7}, {5, 6}, {1, 3}], [{8, 2}, {5, 7}, {1, 6}, {3, 4}], [{8, 2}, {5, 7}, {3, 6}, {1, 4}], [{8, 2}, {5, 7}, {4, 6}, {1, 3}], [{8, 2}, {6, 7}, {1, 5}, {3, 4}], [{8, 2}, {6, 7}, {1, 5}, {4}, {3}], [{8, 2}, {6, 7}, {3, 5}, {1, 4}], [{8, 2}, {6, 7}, {3, 5}, {4}, {1}], [{8, 2}, {6, 7}, {4, 5}, {1, 3}], [{8, 2}, {6, 7}, {4, 5}, {3}, {1}], [{8, 2}, {6, 7}, {5}, {1, 4}, {3}], [{8, 2}, {6, 7}, {5}, {3, 4}, {1}], [{8, 2}, {6, 7}, {5}, {4}, {1, 3}], [{8, 2}, {7}, {1, 6}, {5}, {3, 4}], [{8, 3}, {1, 7}, {2, 6}, {4, 5}], [{8, 3}, {1, 7}, {4, 6}, {2, 5}], [{8, 3}, {1, 7}, {5, 6}, {2, 4}], [{8, 3}, {1, 7}, {6}, {5}, {2, 4}], [{8, 3}, {2, 7}, {1, 6}, {4, 5}], [{8, 3}, {2, 7}, {4, 6}, {1, 5}], [{8, 3}, {2, 7}, {5, 6}, {1, 4}], [{8, 3}, {2, 7}, {6}, {1, 5}, {4}], [{8, 3}, {4, 7}, {1, 6}, {2, 5}], [{8, 3}, {4, 7}, {2, 6}, {1, 5}], [{8, 3}, {4, 7}, {5, 6}, {1, 2}], [{8, 3}, {5, 7}, {1, 6}, {2, 4}], [{8, 3}, {5, 7}, {2, 6}, {1, 4}], [{8, 3}, {5, 7}, {4, 6}, {1, 2}], [{8, 3}, {6, 7}, {1, 5}, {2, 4}], [{8, 3}, {6, 7}, {2, 5}, {1, 4}], [{8, 3}, {6, 7}, {2, 5}, {4}, {1}], [{8, 3}, {6, 7}, {4, 5}, {1, 2}], [{8, 3}, {6, 7}, {4, 5}, {2}, {1}], [{8, 3}, {6, 7}, {5}, {2, 4}, {1}], [{8, 3}, {7}, {1, 6}, {5}, {2, 4}], [{8, 3}, {7}, {4, 6}, {1, 5}, {2}], [{8, 4}, {1, 7}, {2, 6}, {3, 5}], [{8, 4}, {1, 7}, {3, 6}, {2, 5}], [{8, 4}, {1, 7}, {5, 6}, {2, 3}], [{8, 4}, {1, 7}, {5, 6}, {3}, {2}], [{8, 4}, {2, 7}, {1, 6}, {3, 5}], [{8, 4}, {2, 7}, {3, 6}, {1, 5}], [{8, 4}, {2, 7}, {3, 6}, {5}, {1}], [{8, 4}, {2, 7}, {5, 6}, {1, 3}], [{8, 4}, {3, 7}, {1, 6}, {2, 5}], [{8, 4}, {3, 7}, {2, 6}, {1, 5}], [{8, 4}, {3, 7}, {5, 6}, {1, 2}], [{8, 4}, {5, 7}, {1, 6}, {2, 3}], [{8, 4}, {5, 7}, {2, 6}, {1, 3}], [{8, 4}, {5, 7}, {2, 6}, {3}, {1}], [{8, 4}, {5, 7}, {3, 6}, {1, 2}], [{8, 4}, {6, 7}, {1, 5}, {2, 3}], [{8, 4}, {6, 7}, {2, 5}, {1, 3}], [{8, 4}, {6, 7}, {3, 5}, {1, 2}], [{8, 4}, {7}, {3, 6}, {1, 5}, {2}], [{8, 5}, {1, 7}, {2, 6}, {3, 4}], [{8, 5}, {1, 7}, {3, 6}, {2, 4}], [{8, 5}, {1, 7}, {4, 6}, {2, 3}], [{8, 5}, {2, 7}, {1, 6}, {3, 4}], [{8, 5}, {2, 7}, {3, 6}, {1, 4}], [{8, 5}, {2, 7}, {4, 6}, {1, 3}], [{8, 5}, {3, 7}, {1, 6}, {2, 4}], [{8, 5}, {3, 7}, {2, 6}, {1, 4}], [{8, 5}, {3, 7}, {4, 6}, {1, 2}], [{8, 5}, {3, 7}, {6}, {2, 4}, {1}], [{8, 5}, {4, 7}, {1, 6}, {2, 3}], [{8, 5}, {4, 7}, {2, 6}, {1, 3}], [{8, 5}, {4, 7}, {3, 6}, {1, 2}], [{8, 5}, {4, 7}, {3, 6}, {2}, {1}], [{8, 5}, {6, 7}, {1, 4}, {2, 3}], [{8, 5}, {6, 7}, {2, 4}, {1, 3}], [{8, 5}, {6, 7}, {3, 4}, {1, 2}], [{8, 5}, {7}, {4, 6}, {2, 3}, {1}], [{8, 6}, {1, 7}, {2, 5}, {3, 4}], [{8, 6}, {1, 7}, {3, 5}, {2, 4}], [{8, 6}, {1, 7}, {4, 5}, {2, 3}], [{8, 6}, {1, 7}, {4, 5}, {3}, {2}], [{8, 6}, {2, 7}, {1, 5}, {3, 4}], [{8, 6}, {2, 7}, {3, 5}, {1, 4}], [{8, 6}, {2, 7}, {4, 5}, {1, 3}], [{8, 6}, {2, 7}, {4, 5}, {3}, {1}], [{8, 6}, {3, 7}, {1, 5}, {2, 4}], [{8, 6}, {3, 7}, {2, 5}, {1, 4}], [{8, 6}, {3, 7}, {4, 5}, {1, 2}], [{8, 6}, {3, 7}, {4, 5}, {2}, {1}], [{8, 6}, {4, 7}, {1, 5}, {2, 3}], [{8, 6}, {4, 7}, {2, 5}, {1, 3}], [{8, 6}, {4, 7}, {3, 5}, {1, 2}], [{8, 6}, {5, 7}, {1, 4}, {2, 3}], [{8, 6}, {5, 7}, {2, 4}, {1, 3}], [{8, 6}, {5, 7}, {3, 4}, {1, 2}], [{8, 6}, {7}, {1, 5}, {3, 4}, {2}], [{8, 6}, {7}, {3, 5}, {1, 4}, {2}], [{8, 6}, {7}, {4, 5}, {1, 3}, {2}], [{8, 6}, {7}, {4, 5}, {2, 3}, {1}], [{8, 6}, {7}, {4, 5}, {3}, {1, 2}], [{8, 6}, {7}, {4, 5}, {3}, {2}, {1}], [{8, 7}, {1, 6}, {2, 5}, {3, 4}], [{8, 7}, {1, 6}, {2, 5}, {4}, {3}], [{8, 7}, {1, 6}, {3, 5}, {2, 4}], [{8, 7}, {1, 6}, {3, 5}, {4}, {2}], [{8, 7}, {1, 6}, {4, 5}, {2, 3}], [{8, 7}, {1, 6}, {4, 5}, {3}, {2}], [{8, 7}, {1, 6}, {5}, {2, 4}, {3}], [{8, 7}, {1, 6}, {5}, {3, 4}, {2}], [{8, 7}, {1, 6}, {5}, {4}, {2, 3}], [{8, 7}, {1, 6}, {5}, {4}, {3}, {2}], [{8, 7}, {2, 6}, {1, 5}, {3, 4}], [{8, 7}, {2, 6}, {1, 5}, {4}, {3}], [{8, 7}, {2, 6}, {3, 5}, {1, 4}], [{8, 7}, {2, 6}, {3, 5}, {4}, {1}], [{8, 7}, {2, 6}, {4, 5}, {1, 3}], [{8, 7}, {2, 6}, {4, 5}, {3}, {1}], [{8, 7}, {2, 6}, {5}, {1, 4}, {3}], [{8, 7}, {2, 6}, {5}, {3, 4}, {1}], [{8, 7}, {2, 6}, {5}, {4}, {1, 3}], [{8, 7}, {3, 6}, {1, 5}, {2, 4}], [{8, 7}, {3, 6}, {1, 5}, {4}, {2}], [{8, 7}, {3, 6}, {2, 5}, {1, 4}], [{8, 7}, {3, 6}, {2, 5}, {4}, {1}], [{8, 7}, {3, 6}, {4, 5}, {1, 2}], [{8, 7}, {3, 6}, {4, 5}, {2}, {1}], [{8, 7}, {3, 6}, {5}, {1, 4}, {2}], [{8, 7}, {3, 6}, {5}, {2, 4}, {1}], [{8, 7}, {3, 6}, {5}, {4}, {1, 2}], [{8, 7}, {4, 6}, {1, 5}, {2, 3}], [{8, 7}, {4, 6}, {1, 5}, {3}, {2}], [{8, 7}, {4, 6}, {2, 5}, {1, 3}], [{8, 7}, {4, 6}, {2, 5}, {3}, {1}], [{8, 7}, {4, 6}, {3, 5}, {1, 2}], [{8, 7}, {4, 6}, {3, 5}, {2}, {1}], [{8, 7}, {4, 6}, {5}, {1, 3}, {2}], [{8, 7}, {4, 6}, {5}, {2, 3}, {1}], [{8, 7}, {4, 6}, {5}, {3}, {1, 2}], [{8, 7}, {5, 6}, {1, 4}, {2, 3}], [{8, 7}, {5, 6}, {1, 4}, {3}, {2}], [{8, 7}, {5, 6}, {2, 4}, {1, 3}], [{8, 7}, {5, 6}, {2, 4}, {3}, {1}], [{8, 7}, {5, 6}, {3, 4}, {1, 2}], [{8, 7}, {5, 6}, {3, 4}, {2}, {1}], [{8, 7}, {5, 6}, {4}, {1, 3}, {2}], [{8, 7}, {5, 6}, {4}, {2, 3}, {1}], [{8, 7}, {5, 6}, {4}, {3}, {1, 2}], [{8, 7}, {6}, {1, 5}, {2, 4}, {3}], [{8, 7}, {6}, {1, 5}, {3, 4}, {2}], [{8, 7}, {6}, {1, 5}, {4}, {2, 3}], [{8, 7}, {6}, {2, 5}, {1, 4}, {3}], [{8, 7}, {6}, {2, 5}, {3, 4}, {1}], [{8, 7}, {6}, {2, 5}, {4}, {1, 3}], [{8, 7}, {6}, {3, 5}, {1, 4}, {2}], [{8, 7}, {6}, {3, 5}, {2, 4}, {1}], [{8, 7}, {6}, {3, 5}, {4}, {1, 2}], [{8, 7}, {6}, {4, 5}, {1, 3}, {2}], [{8, 7}, {6}, {4, 5}, {2, 3}, {1}], [{8, 7}, {6}, {4, 5}, {3}, {1, 2}], [{8, 7}, {6}, {4, 5}, {3}, {2}, {1}], [{8, 7}, {6}, {5}, {1, 4}, {2, 3}], [{8, 7}, {6}, {5}, {2, 4}, {1, 3}], [{8, 7}, {6}, {5}, {3, 4}, {1, 2}], [{8}, {2, 7}, {1, 6}, {5}, {3, 4}], [{8}, {3, 7}, {1, 6}, {5}, {2, 4}], [{8}, {3, 7}, {4, 6}, {1, 5}, {2}], [{8}, {4, 7}, {3, 6}, {1, 5}, {2}], [{8}, {5, 7}, {4, 6}, {2, 3}, {1}], [{8}, {6, 7}, {1, 5}, {3, 4}, {2}], [{8}, {6, 7}, {3, 5}, {1, 4}, {2}], [{8}, {6, 7}, {4, 5}, {1, 3}, {2}], [{8}, {6, 7}, {4, 5}, {2, 3}, {1}], [{8}, {6, 7}, {4, 5}, {3}, {1, 2}], [{8}, {6, 7}, {4, 5}, {3}, {2}, {1}]]",2,4 K_1^2 K_2 - 2 K_1^2 - 2 K_1 K_2 - 2 K_1 K_3 + K_1 - 2 K_2^2 + K_3 + K_4 + 2,O1O2O3O4U1U5U6O5O6U2O7U4U3O8U7U8,O1O2O3U4U5U6U3O7O8U7O5O4U8O6U1U2,O1O2O3U2U3O4U5O6O7U8O5O8U1U4U7U6,c,{'O1O2O3O4U5U6O5U2U1O6U3O7O8U7U8U4'},1,"<a href=""/flatknot/8.857546"">8.857546</a>",t^9-40t^7-124t^6-24t^5+312t^4+337t^3-4t^2-118t-28,-t^3+3t,,
8.857547,O1O2O3O4U5U6O5U2U1O6U4O7O8U3U7U8,4,6z^3+37z^2+72z+45,-4w^5z^3+10w^4z^3-16w^4z^2+53w^3z^2-12w^3z+84w^2z+45w,False,False,"[[ 0 -1 -1  0  2 -1 -1  0  2],[ 1  0  0  2  1  1  1  1  1],[ 1  0  0  1  0  1  2  1  1],[ 0 -2 -1  0  0 -1  1  1  2],[-2 -1  0  0  0 -3 -1  0  0],[ 1 -1 -1  1  3  0 -1  0  2],[ 1 -1 -2 -1  1  1  0  0  2],[ 0 -1 -1 -1  0  0  0  0  1],[-2 -1 -1 -2  0 -2 -2 -1  0]]","[[ 0  2  2  0  0 -1 -1 -1 -1],[-2  0  0  0  0  0 -1 -1 -3],[-2  0  0 -1 -2 -1 -1 -2 -2],[ 0  0  1  0 -1 -1 -1  0  0],[ 0  0  2  1  0 -1 -2  1 -1],[ 1  0  1  1  1  0  0  2  1],[ 1  1  1  1  2  0  0  1  1],[ 1  1  2  0 -1 -2 -1  0  1],[ 1  3  2  0  1 -1 -1 -1  0]]",True,"[-2,-2,0,0,1,1,1,1,0,0,0,0,1,1,3,1,2,1,1,2,2,1,1,1,0,0,1,2,-1,1,0,-2,-1,-1,-1,-1]","[-2,-2,0,0,1,1,1,1,0,0,0,0,1,1,3,1,2,1,1,2,2,1,1,1,0,0,1,2,-1,1,0,-2,-1,-1,-1,-1]",t^8+44t^6+348t^4+47t^2,"[-1,-1,-1,-1,0,0,2,2,-2,-1,0,0,0,2,3,-1,1,1,2,1,2,1,1,0,1,0,0,-1,2,2,1,1,2,0,2,0]","[-2,-2,0,0,1,1,1,1,0,0,1,1,1,2,2,2,2,0,2,2,3,1,0,2,-1,0,1,1,0,0,-1,-1,-1,-1,-2,0]","[-1,-1,-1,-1,0,0,2,2,-2,-1,1,-1,0,1,2,0,1,1,1,0,1,1,2,1,1,1,1,0,3,2,1,0,2,0,1,0]",c,"[[{8, 1}, {2, 7}, {3, 6}, {4, 5}], [{8, 1}, {2, 7}, {4, 6}, {3, 5}], [{8, 1}, {2, 7}, {5, 6}, {3, 4}], [{8, 1}, {2, 7}, {5, 6}, {4}, {3}], [{8, 1}, {3, 7}, {2, 6}, {4, 5}], [{8, 1}, {3, 7}, {4, 6}, {2, 5}], [{8, 1}, {3, 7}, {4, 6}, {5}, {2}], [{8, 1}, {3, 7}, {5, 6}, {2, 4}], [{8, 1}, {4, 7}, {2, 6}, {3, 5}], [{8, 1}, {4, 7}, {3, 6}, {2, 5}], [{8, 1}, {4, 7}, {5, 6}, {2, 3}], [{8, 1}, {5, 7}, {2, 6}, {3, 4}], [{8, 1}, {5, 7}, {2, 6}, {4}, {3}], [{8, 1}, {5, 7}, {3, 6}, {2, 4}], [{8, 1}, {5, 7}, {4, 6}, {2, 3}], [{8, 1}, {6, 7}, {2, 5}, {3, 4}], [{8, 1}, {6, 7}, {3, 5}, {2, 4}], [{8, 1}, {6, 7}, {4, 5}, {2, 3}], [{8, 1}, {7}, {3, 6}, {4, 5}, {2}], [{8, 1}, {7}, {6}, {2, 5}, {3, 4}], [{8, 2}, {1, 7}, {3, 6}, {4, 5}], [{8, 2}, {1, 7}, {4, 6}, {3, 5}], [{8, 2}, {1, 7}, {4, 6}, {5}, {3}], [{8, 2}, {1, 7}, {5, 6}, {3, 4}], [{8, 2}, {3, 7}, {1, 6}, {4, 5}], [{8, 2}, {3, 7}, {4, 6}, {1, 5}], [{8, 2}, {3, 7}, {5, 6}, {1, 4}], [{8, 2}, {3, 7}, {6}, {5}, {1, 4}], [{8, 2}, {4, 7}, {1, 6}, {3, 5}], [{8, 2}, {4, 7}, {1, 6}, {5}, {3}], [{8, 2}, {4, 7}, {3, 6}, {1, 5}], [{8, 2}, {4, 7}, {5, 6}, {1, 3}], [{8, 2}, {5, 7}, {1, 6}, {3, 4}], [{8, 2}, {5, 7}, {3, 6}, {1, 4}], [{8, 2}, {5, 7}, {4, 6}, {1, 3}], [{8, 2}, {6, 7}, {1, 5}, {3, 4}], [{8, 2}, {6, 7}, {3, 5}, {1, 4}], [{8, 2}, {6, 7}, {4, 5}, {1, 3}], [{8, 2}, {6, 7}, {5}, {1, 4}, {3}], [{8, 2}, {7}, {3, 6}, {5}, {1, 4}], [{8, 2}, {7}, {4, 6}, {3, 5}, {1}], [{8, 3}, {1, 7}, {2, 6}, {4, 5}], [{8, 3}, {1, 7}, {4, 6}, {2, 5}], [{8, 3}, {1, 7}, {5, 6}, {2, 4}], [{8, 3}, {1, 7}, {5, 6}, {4}, {2}], [{8, 3}, {2, 7}, {1, 6}, {4, 5}], [{8, 3}, {2, 7}, {4, 6}, {1, 5}], [{8, 3}, {2, 7}, {5, 6}, {1, 4}], [{8, 3}, {2, 7}, {5, 6}, {4}, {1}], [{8, 3}, {4, 7}, {1, 6}, {2, 5}], [{8, 3}, {4, 7}, {2, 6}, {1, 5}], [{8, 3}, {4, 7}, {5, 6}, {1, 2}], [{8, 3}, {4, 7}, {5, 6}, {2}, {1}], [{8, 3}, {4, 7}, {6}, {5}, {1, 2}], [{8, 3}, {5, 7}, {1, 6}, {2, 4}], [{8, 3}, {5, 7}, {2, 6}, {1, 4}], [{8, 3}, {5, 7}, {4, 6}, {1, 2}], [{8, 3}, {5, 7}, {6}, {4}, {1, 2}], [{8, 3}, {6, 7}, {1, 5}, {2, 4}], [{8, 3}, {6, 7}, {2, 5}, {1, 4}], [{8, 3}, {6, 7}, {4, 5}, {1, 2}], [{8, 3}, {6, 7}, {5}, {4}, {1, 2}], [{8, 3}, {7}, {1, 6}, {2, 5}, {4}], [{8, 3}, {7}, {2, 6}, {1, 5}, {4}], [{8, 3}, {7}, {4, 6}, {5}, {1, 2}], [{8, 3}, {7}, {5, 6}, {1, 4}, {2}], [{8, 3}, {7}, {5, 6}, {2, 4}, {1}], [{8, 3}, {7}, {5, 6}, {4}, {1, 2}], [{8, 3}, {7}, {5, 6}, {4}, {2}, {1}], [{8, 3}, {7}, {6}, {4, 5}, {1, 2}], [{8, 3}, {7}, {6}, {5}, {4}, {1, 2}], [{8, 4}, {1, 7}, {2, 6}, {3, 5}], [{8, 4}, {1, 7}, {3, 6}, {2, 5}], [{8, 4}, {1, 7}, {5, 6}, {2, 3}], [{8, 4}, {2, 7}, {1, 6}, {3, 5}], [{8, 4}, {2, 7}, {1, 6}, {5}, {3}], [{8, 4}, {2, 7}, {3, 6}, {1, 5}], [{8, 4}, {2, 7}, {5, 6}, {1, 3}], [{8, 4}, {3, 7}, {1, 6}, {2, 5}], [{8, 4}, {3, 7}, {2, 6}, {1, 5}], [{8, 4}, {3, 7}, {5, 6}, {1, 2}], [{8, 4}, {5, 7}, {1, 6}, {2, 3}], [{8, 4}, {5, 7}, {1, 6}, {3}, {2}], [{8, 4}, {5, 7}, {2, 6}, {1, 3}], [{8, 4}, {5, 7}, {3, 6}, {1, 2}], [{8, 4}, {6, 7}, {1, 5}, {2, 3}], [{8, 4}, {6, 7}, {2, 5}, {1, 3}], [{8, 4}, {6, 7}, {3, 5}, {1, 2}], [{8, 4}, {7}, {1, 6}, {2, 5}, {3}], [{8, 5}, {1, 7}, {2, 6}, {3, 4}], [{8, 5}, {1, 7}, {3, 6}, {2, 4}], [{8, 5}, {1, 7}, {4, 6}, {2, 3}], [{8, 5}, {1, 7}, {4, 6}, {3}, {2}], [{8, 5}, {2, 7}, {1, 6}, {3, 4}], [{8, 5}, {2, 7}, {3, 6}, {1, 4}], [{8, 5}, {2, 7}, {4, 6}, {1, 3}], [{8, 5}, {2, 7}, {6}, {4}, {1, 3}], [{8, 5}, {3, 7}, {1, 6}, {2, 4}], [{8, 5}, {3, 7}, {2, 6}, {1, 4}], [{8, 5}, {3, 7}, {4, 6}, {1, 2}], [{8, 5}, {3, 7}, {4, 6}, {2}, {1}], [{8, 5}, {4, 7}, {1, 6}, {2, 3}], [{8, 5}, {4, 7}, {1, 6}, {3}, {2}], [{8, 5}, {4, 7}, {2, 6}, {1, 3}], [{8, 5}, {4, 7}, {3, 6}, {1, 2}], [{8, 5}, {6, 7}, {1, 4}, {2, 3}], [{8, 5}, {6, 7}, {1, 4}, {3}, {2}], [{8, 5}, {6, 7}, {2, 4}, {1, 3}], [{8, 5}, {6, 7}, {3, 4}, {1, 2}], [{8, 5}, {7}, {4, 6}, {1, 3}, {2}], [{8, 5}, {7}, {6}, {1, 4}, {2, 3}], [{8, 6}, {1, 7}, {2, 5}, {3, 4}], [{8, 6}, {1, 7}, {3, 5}, {2, 4}], [{8, 6}, {1, 7}, {4, 5}, {2, 3}], [{8, 6}, {2, 7}, {1, 5}, {3, 4}], [{8, 6}, {2, 7}, {3, 5}, {1, 4}], [{8, 6}, {2, 7}, {4, 5}, {1, 3}], [{8, 6}, {2, 7}, {5}, {4}, {1, 3}], [{8, 6}, {3, 7}, {1, 5}, {2, 4}], [{8, 6}, {3, 7}, {2, 5}, {1, 4}], [{8, 6}, {3, 7}, {4, 5}, {1, 2}], [{8, 6}, {4, 7}, {1, 5}, {2, 3}], [{8, 6}, {4, 7}, {2, 5}, {1, 3}], [{8, 6}, {4, 7}, {3, 5}, {1, 2}], [{8, 6}, {4, 7}, {5}, {1, 3}, {2}], [{8, 6}, {5, 7}, {1, 4}, {2, 3}], [{8, 6}, {5, 7}, {2, 4}, {1, 3}], [{8, 6}, {5, 7}, {3, 4}, {1, 2}], [{8, 6}, {7}, {2, 5}, {3, 4}, {1}], [{8, 6}, {7}, {5}, {2, 4}, {1, 3}], [{8, 7}, {1, 6}, {2, 5}, {3, 4}], [{8, 7}, {1, 6}, {2, 5}, {4}, {3}], [{8, 7}, {1, 6}, {3, 5}, {2, 4}], [{8, 7}, {1, 6}, {4, 5}, {2, 3}], [{8, 7}, {1, 6}, {5}, {3, 4}, {2}], [{8, 7}, {2, 6}, {1, 5}, {3, 4}], [{8, 7}, {2, 6}, {3, 5}, {1, 4}], [{8, 7}, {2, 6}, {4, 5}, {1, 3}], [{8, 7}, {3, 6}, {1, 5}, {2, 4}], [{8, 7}, {3, 6}, {2, 5}, {1, 4}], [{8, 7}, {3, 6}, {4, 5}, {1, 2}], [{8, 7}, {4, 6}, {1, 5}, {2, 3}], [{8, 7}, {4, 6}, {2, 5}, {1, 3}], [{8, 7}, {4, 6}, {3, 5}, {1, 2}], [{8, 7}, {4, 6}, {3, 5}, {2}, {1}], [{8, 7}, {5, 6}, {1, 4}, {2, 3}], [{8, 7}, {5, 6}, {2, 4}, {1, 3}], [{8, 7}, {5, 6}, {3, 4}, {1, 2}], [{8}, {1, 7}, {4, 6}, {2, 5}, {3}], [{8}, {2, 7}, {4, 6}, {3, 5}, {1}], [{8}, {2, 7}, {5, 6}, {4}, {1, 3}], [{8}, {3, 7}, {1, 6}, {2, 5}, {4}], [{8}, {3, 7}, {4, 6}, {1, 5}, {2}], [{8}, {4, 7}, {1, 6}, {2, 5}, {3}], [{8}, {5, 7}, {4, 6}, {2, 3}, {1}], [{8}, {6, 7}, {2, 5}, {1, 4}, {3}], [{8}, {7}, {1, 6}, {2, 5}, {3, 4}], [{8}, {7}, {1, 6}, {2, 5}, {4}, {3}]]",2,- 8 K_1^4 + 8 K_1^2 K_2 - 2 K_2^2 + 3,O1O2O3O4U5U6U2O5O6U1O7U4U3O8U7U8,O1O2O3U4U5U1U6O7O8U7O5O4U8O6U2U3,O1O2O3U1U2O4U5O6O7U8O5O8U4U3U7U6,c,{'O1O2O3O4U5U6O5U2U1O6U4O7O8U3U7U8'},1,"<a href=""/flatknot/8.857547"">8.857547</a>",t^9-40t^7-118t^6+8t^5+374t^4+385t^3-120t^2-341t-108,-2t^2+4t,,
8.857548,O1O2O3O4U5U6O5U2U1O6U4O7O8U3U8U7,4,8z^3+54z^2+115z+79,8w^4z^3+54w^3z^2+115w^2z+79w,False,False,"[[ 0 -1 -1  0  2 -1 -1  1  1],[ 1  0  0  2  1  1  1  1  1],[ 1  0  0  1  0  1  2  1  1],[ 0 -2 -1  0  0 -1  1  2  1],[-2 -1  0  0  0 -3 -1  0  0],[ 1 -1 -1  1  3  0 -1  1  1],[ 1 -1 -2 -1  1  1  0  1  1],[-1 -1 -1 -2  0 -1 -1  0  0],[-1 -1 -1 -1  0 -1 -1  0  0]]","[[ 0  2  1  1  0 -1 -1 -1 -1],[-2  0  0  0  0  0 -1 -1 -3],[-1  0  0  0 -1 -1 -1 -1 -1],[-1  0  0  0 -2 -1 -1 -1 -1],[ 0  0  1  2  0 -1  1 -2 -1],[ 1  0  1  1  1  0  2  0  1],[ 1  1  1  1 -1 -2  0 -1  1],[ 1  1  1  1  2  0  1  0  1],[ 1  3  1  1  1 -1 -1 -1  0]]",True,"[-2,-1,-1,0,1,1,1,1,0,0,0,0,1,1,3,0,1,1,1,1,1,2,1,1,1,1,1,-1,2,1,-2,0,-1,1,-1,-1]","[-2,-1,-1,0,1,1,1,1,0,0,0,0,1,1,3,0,1,1,1,1,1,2,1,1,1,1,1,-1,2,1,-2,0,-1,1,-1,-1]",t^8+39t^6+294t^4+77t^2+1,"[-1,-1,-1,-1,0,1,1,2,-2,-1,0,0,1,1,3,-1,1,2,1,1,2,1,0,1,1,0,-1,1,1,2,-1,0,2,0,1,1]","[-2,-1,-1,0,1,1,1,1,1,1,2,0,2,2,3,0,-1,1,1,1,1,0,1,1,1,1,0,-1,2,0,-1,-1,-1,1,0,-2]","[-1,-1,-1,-1,0,1,1,2,-2,-1,1,-1,1,1,1,0,1,1,1,1,0,1,2,1,1,1,1,1,1,3,1,2,0,0,0,0]",c,"[[{8, 1}, {2, 7}, {3, 6}, {4, 5}], [{8, 1}, {2, 7}, {3, 6}, {5}, {4}], [{8, 1}, {2, 7}, {4, 6}, {3, 5}], [{8, 1}, {2, 7}, {5, 6}, {3, 4}], [{8, 1}, {3, 7}, {2, 6}, {4, 5}], [{8, 1}, {3, 7}, {4, 6}, {2, 5}], [{8, 1}, {3, 7}, {5, 6}, {2, 4}], [{8, 1}, {4, 7}, {2, 6}, {3, 5}], [{8, 1}, {4, 7}, {3, 6}, {2, 5}], [{8, 1}, {4, 7}, {5, 6}, {2, 3}], [{8, 1}, {5, 7}, {2, 6}, {3, 4}], [{8, 1}, {5, 7}, {3, 6}, {2, 4}], [{8, 1}, {5, 7}, {4, 6}, {2, 3}], [{8, 1}, {6, 7}, {2, 5}, {3, 4}], [{8, 1}, {6, 7}, {2, 5}, {4}, {3}], [{8, 1}, {6, 7}, {3, 5}, {2, 4}], [{8, 1}, {6, 7}, {4, 5}, {2, 3}], [{8, 1}, {6, 7}, {4, 5}, {3}, {2}], [{8, 1}, {6, 7}, {5}, {2, 4}, {3}], [{8, 1}, {7}, {4, 6}, {3, 5}, {2}], [{8, 2}, {1, 7}, {3, 6}, {4, 5}], [{8, 2}, {1, 7}, {4, 6}, {3, 5}], [{8, 2}, {1, 7}, {4, 6}, {5}, {3}], [{8, 2}, {1, 7}, {5, 6}, {3, 4}], [{8, 2}, {1, 7}, {5, 6}, {4}, {3}], [{8, 2}, {1, 7}, {6}, {4, 5}, {3}], [{8, 2}, {3, 7}, {1, 6}, {4, 5}], [{8, 2}, {3, 7}, {1, 6}, {5}, {4}], [{8, 2}, {3, 7}, {4, 6}, {1, 5}], [{8, 2}, {3, 7}, {5, 6}, {1, 4}], [{8, 2}, {4, 7}, {1, 6}, {3, 5}], [{8, 2}, {4, 7}, {3, 6}, {1, 5}], [{8, 2}, {4, 7}, {5, 6}, {1, 3}], [{8, 2}, {5, 7}, {1, 6}, {3, 4}], [{8, 2}, {5, 7}, {3, 6}, {1, 4}], [{8, 2}, {5, 7}, {4, 6}, {1, 3}], [{8, 2}, {5, 7}, {6}, {4}, {1, 3}], [{8, 2}, {6, 7}, {1, 5}, {3, 4}], [{8, 2}, {6, 7}, {3, 5}, {1, 4}], [{8, 2}, {6, 7}, {4, 5}, {1, 3}], [{8, 2}, {6, 7}, {5}, {3, 4}, {1}], [{8, 2}, {7}, {4, 6}, {3, 5}, {1}], [{8, 3}, {1, 7}, {2, 6}, {4, 5}], [{8, 3}, {1, 7}, {4, 6}, {2, 5}], [{8, 3}, {1, 7}, {4, 6}, {5}, {2}], [{8, 3}, {1, 7}, {5, 6}, {2, 4}], [{8, 3}, {2, 7}, {1, 6}, {4, 5}], [{8, 3}, {2, 7}, {1, 6}, {5}, {4}], [{8, 3}, {2, 7}, {4, 6}, {1, 5}], [{8, 3}, {2, 7}, {5, 6}, {1, 4}], [{8, 3}, {4, 7}, {1, 6}, {2, 5}], [{8, 3}, {4, 7}, {2, 6}, {1, 5}], [{8, 3}, {4, 7}, {5, 6}, {1, 2}], [{8, 3}, {5, 7}, {1, 6}, {2, 4}], [{8, 3}, {5, 7}, {2, 6}, {1, 4}], [{8, 3}, {5, 7}, {4, 6}, {1, 2}], [{8, 3}, {5, 7}, {6}, {1, 4}, {2}], [{8, 3}, {6, 7}, {1, 5}, {2, 4}], [{8, 3}, {6, 7}, {2, 5}, {1, 4}], [{8, 3}, {6, 7}, {2, 5}, {4}, {1}], [{8, 3}, {6, 7}, {4, 5}, {1, 2}], [{8, 3}, {6, 7}, {4, 5}, {2}, {1}], [{8, 3}, {6, 7}, {5}, {2, 4}, {1}], [{8, 3}, {7}, {6}, {1, 5}, {2, 4}], [{8, 4}, {1, 7}, {2, 6}, {3, 5}], [{8, 4}, {1, 7}, {3, 6}, {2, 5}], [{8, 4}, {1, 7}, {5, 6}, {2, 3}], [{8, 4}, {2, 7}, {1, 6}, {3, 5}], [{8, 4}, {2, 7}, {3, 6}, {1, 5}], [{8, 4}, {2, 7}, {5, 6}, {1, 3}], [{8, 4}, {3, 7}, {1, 6}, {2, 5}], [{8, 4}, {3, 7}, {2, 6}, {1, 5}], [{8, 4}, {3, 7}, {5, 6}, {1, 2}], [{8, 4}, {5, 7}, {1, 6}, {2, 3}], [{8, 4}, {5, 7}, {2, 6}, {1, 3}], [{8, 4}, {5, 7}, {3, 6}, {1, 2}], [{8, 4}, {6, 7}, {1, 5}, {2, 3}], [{8, 4}, {6, 7}, {2, 5}, {1, 3}], [{8, 4}, {6, 7}, {3, 5}, {1, 2}], [{8, 5}, {1, 7}, {2, 6}, {3, 4}], [{8, 5}, {1, 7}, {2, 6}, {4}, {3}], [{8, 5}, {1, 7}, {3, 6}, {2, 4}], [{8, 5}, {1, 7}, {4, 6}, {2, 3}], [{8, 5}, {1, 7}, {4, 6}, {3}, {2}], [{8, 5}, {1, 7}, {6}, {2, 4}, {3}], [{8, 5}, {2, 7}, {1, 6}, {3, 4}], [{8, 5}, {2, 7}, {3, 6}, {1, 4}], [{8, 5}, {2, 7}, {4, 6}, {1, 3}], [{8, 5}, {3, 7}, {1, 6}, {2, 4}], [{8, 5}, {3, 7}, {2, 6}, {1, 4}], [{8, 5}, {3, 7}, {4, 6}, {1, 2}], [{8, 5}, {4, 7}, {1, 6}, {2, 3}], [{8, 5}, {4, 7}, {2, 6}, {1, 3}], [{8, 5}, {4, 7}, {3, 6}, {1, 2}], [{8, 5}, {4, 7}, {3, 6}, {2}, {1}], [{8, 5}, {6, 7}, {1, 4}, {2, 3}], [{8, 5}, {6, 7}, {2, 4}, {1, 3}], [{8, 5}, {6, 7}, {3, 4}, {1, 2}], [{8, 6}, {1, 7}, {2, 5}, {3, 4}], [{8, 6}, {1, 7}, {3, 5}, {2, 4}], [{8, 6}, {1, 7}, {4, 5}, {2, 3}], [{8, 6}, {2, 7}, {1, 5}, {3, 4}], [{8, 6}, {2, 7}, {3, 5}, {1, 4}], [{8, 6}, {2, 7}, {4, 5}, {1, 3}], [{8, 6}, {3, 7}, {1, 5}, {2, 4}], [{8, 6}, {3, 7}, {2, 5}, {1, 4}], [{8, 6}, {3, 7}, {4, 5}, {1, 2}], [{8, 6}, {3, 7}, {5}, {2, 4}, {1}], [{8, 6}, {4, 7}, {1, 5}, {2, 3}], [{8, 6}, {4, 7}, {2, 5}, {1, 3}], [{8, 6}, {4, 7}, {2, 5}, {3}, {1}], [{8, 6}, {4, 7}, {3, 5}, {1, 2}], [{8, 6}, {4, 7}, {5}, {1, 3}, {2}], [{8, 6}, {5, 7}, {1, 4}, {2, 3}], [{8, 6}, {5, 7}, {2, 4}, {1, 3}], [{8, 6}, {5, 7}, {3, 4}, {1, 2}], [{8, 7}, {1, 6}, {2, 5}, {3, 4}], [{8, 7}, {1, 6}, {2, 5}, {4}, {3}], [{8, 7}, {1, 6}, {3, 5}, {2, 4}], [{8, 7}, {1, 6}, {4, 5}, {2, 3}], [{8, 7}, {1, 6}, {5}, {3, 4}, {2}], [{8, 7}, {2, 6}, {1, 5}, {3, 4}], [{8, 7}, {2, 6}, {3, 5}, {1, 4}], [{8, 7}, {2, 6}, {4, 5}, {1, 3}], [{8, 7}, {3, 6}, {1, 5}, {2, 4}], [{8, 7}, {3, 6}, {2, 5}, {1, 4}], [{8, 7}, {3, 6}, {4, 5}, {1, 2}], [{8, 7}, {4, 6}, {1, 5}, {2, 3}], [{8, 7}, {4, 6}, {2, 5}, {1, 3}], [{8, 7}, {4, 6}, {3, 5}, {1, 2}], [{8, 7}, {4, 6}, {3, 5}, {2}, {1}], [{8, 7}, {5, 6}, {1, 4}, {2, 3}], [{8, 7}, {5, 6}, {2, 4}, {1, 3}], [{8, 7}, {5, 6}, {3, 4}, {1, 2}], [{8}, {1, 7}, {4, 6}, {2, 5}, {3}], [{8}, {1, 7}, {4, 6}, {3, 5}, {2}], [{8}, {1, 7}, {4, 6}, {5}, {2, 3}], [{8}, {1, 7}, {4, 6}, {5}, {3}, {2}], [{8}, {2, 7}, {4, 6}, {1, 5}, {3}], [{8}, {2, 7}, {4, 6}, {3, 5}, {1}], [{8}, {2, 7}, {4, 6}, {5}, {1, 3}], [{8}, {3, 7}, {4, 6}, {1, 5}, {2}], [{8}, {3, 7}, {4, 6}, {2, 5}, {1}], [{8}, {3, 7}, {4, 6}, {5}, {1, 2}], [{8}, {4, 7}, {1, 6}, {3, 5}, {2}], [{8}, {4, 7}, {6}, {1, 5}, {2, 3}], [{8}, {4, 7}, {6}, {2, 5}, {1, 3}], [{8}, {5, 7}, {1, 6}, {2, 4}, {3}], [{8}, {5, 7}, {4, 6}, {1, 3}, {2}], [{8}, {5, 7}, {4, 6}, {2, 3}, {1}], [{8}, {5, 7}, {4, 6}, {3}, {1, 2}], [{8}, {6, 7}, {1, 5}, {4}, {2, 3}], [{8}, {6, 7}, {2, 5}, {4}, {1, 3}], [{8}, {6, 7}, {3, 5}, {1, 4}, {2}], [{8}, {6, 7}, {4, 5}, {1, 3}, {2}], [{8}, {6, 7}, {5}, {2, 4}, {1, 3}], [{8}, {7}, {1, 6}, {2, 5}, {3, 4}], [{8}, {7}, {1, 6}, {4, 5}, {2, 3}], [{8}, {7}, {4, 6}, {1, 5}, {2, 3}], [{8}, {7}, {4, 6}, {2, 5}, {1, 3}], [{8}, {7}, {4, 6}, {3, 5}, {1, 2}], [{8}, {7}, {4, 6}, {3, 5}, {2}, {1}]]",2,2 K_1^2 - K_2,O1O2O3O4U5U6U2O6O5U1O7U4U3O8U7U8,O1O2O3U4U5U1U6O7O8U7O5O4U8O6U3U2,O1O2O3U2U1O4U5O6O7U8O5O8U4U3U7U6,c,{'O1O2O3O4U5U6O5U2U1O6U4O7O8U3U8U7'},1,"<a href=""/flatknot/8.857548"">8.857548</a>",t^9-37t^7-102t^6+29t^5+322t^4+160t^3-256t^2-166t-2,-t^2+2t,,
8.857549,O1O2O3O4U5U6O5U2U1O6U4O7O8U7U3U8,4,6z^3+48z^2+115z+87,6w^4z^3+48w^3z^2+115w^2z+87w,False,False,"[[ 0 -1 -1  1  2 -1 -1 -1  2],[ 1  0  0  2  1  1  1  0  1],[ 1  0  0  1  0  1  2  0  1],[-1 -2 -1  0  0 -2  0  0  2],[-2 -1  0  0  0 -3 -1  0  0],[ 1 -1 -1  2  3  0 -1 -1  2],[ 1 -1 -2  0  1  1  0 -1  2],[ 1  0  0  0  0  1  1  0  1],[-2 -1 -1 -2  0 -2 -2 -1  0]]","[[ 0  2  2  1 -1 -1 -1 -1 -1],[-2  0  0  0  0  0 -1 -1 -3],[-2  0  0 -2 -1 -1 -1 -2 -2],[-1  0  2  0  0 -1 -2  0 -2],[ 1  0  1  0  0  0  0  1  1],[ 1  0  1  1  0  0  0  2  1],[ 1  1  1  2  0  0  0  1  1],[ 1  1  2  0 -1 -2 -1  0  1],[ 1  3  2  2 -1 -1 -1 -1  0]]",True,"[-2,-2,-1,1,1,1,1,1,0,0,0,0,1,1,3,2,1,1,1,2,2,0,1,2,0,2,0,0,-1,-1,0,-2,-1,-1,-1,-1]","[-2,-2,-1,1,1,1,1,1,0,-1,1,1,2,2,2,1,0,2,2,3,3,0,2,0,1,2,-1,-1,-1,-1,-1,-2,-1,0,0,0]",t^8+45t^6+318t^4+106t^2+1,"[-1,-1,-1,-1,-1,1,2,2,-2,-1,0,0,1,2,3,-1,1,1,2,1,2,1,1,0,1,0,0,0,2,2,2,2,3,-1,1,0]","[-2,-2,-1,1,1,1,1,1,0,-1,1,1,2,2,2,1,0,2,2,3,3,0,2,0,1,2,-1,-1,-1,-1,-1,-2,-1,0,0,0]","[-1,-1,-1,-1,-1,1,2,2,-2,-1,-1,1,0,1,2,0,0,1,1,0,1,0,1,0,0,1,1,2,1,1,2,3,2,0,2,0]",c,"[[{8, 1}, {2, 7}, {3, 6}, {4, 5}], [{8, 1}, {2, 7}, {4, 6}, {3, 5}], [{8, 1}, {2, 7}, {5, 6}, {3, 4}], [{8, 1}, {3, 7}, {2, 6}, {4, 5}], [{8, 1}, {3, 7}, {2, 6}, {5}, {4}], [{8, 1}, {3, 7}, {4, 6}, {2, 5}], [{8, 1}, {3, 7}, {4, 6}, {5}, {2}], [{8, 1}, {3, 7}, {5, 6}, {2, 4}], [{8, 1}, {3, 7}, {6}, {5}, {2, 4}], [{8, 1}, {4, 7}, {2, 6}, {3, 5}], [{8, 1}, {4, 7}, {3, 6}, {2, 5}], [{8, 1}, {4, 7}, {5, 6}, {2, 3}], [{8, 1}, {4, 7}, {5, 6}, {3}, {2}], [{8, 1}, {5, 7}, {2, 6}, {3, 4}], [{8, 1}, {5, 7}, {2, 6}, {4}, {3}], [{8, 1}, {5, 7}, {3, 6}, {2, 4}], [{8, 1}, {5, 7}, {4, 6}, {2, 3}], [{8, 1}, {5, 7}, {4, 6}, {3}, {2}], [{8, 1}, {5, 7}, {6}, {2, 4}, {3}], [{8, 1}, {6, 7}, {2, 5}, {3, 4}], [{8, 1}, {6, 7}, {3, 5}, {2, 4}], [{8, 1}, {6, 7}, {4, 5}, {2, 3}], [{8, 1}, {7}, {2, 6}, {3, 5}, {4}], [{8, 1}, {7}, {3, 6}, {4, 5}, {2}], [{8, 1}, {7}, {4, 6}, {3, 5}, {2}], [{8, 1}, {7}, {6}, {3, 5}, {2, 4}], [{8, 2}, {1, 7}, {3, 6}, {4, 5}], [{8, 2}, {1, 7}, {4, 6}, {3, 5}], [{8, 2}, {1, 7}, {4, 6}, {5}, {3}], [{8, 2}, {1, 7}, {5, 6}, {3, 4}], [{8, 2}, {3, 7}, {1, 6}, {4, 5}], [{8, 2}, {3, 7}, {4, 6}, {1, 5}], [{8, 2}, {3, 7}, {5, 6}, {1, 4}], [{8, 2}, {4, 7}, {1, 6}, {3, 5}], [{8, 2}, {4, 7}, {1, 6}, {5}, {3}], [{8, 2}, {4, 7}, {3, 6}, {1, 5}], [{8, 2}, {4, 7}, {5, 6}, {1, 3}], [{8, 2}, {5, 7}, {1, 6}, {3, 4}], [{8, 2}, {5, 7}, {3, 6}, {1, 4}], [{8, 2}, {5, 7}, {4, 6}, {1, 3}], [{8, 2}, {5, 7}, {6}, {4}, {1, 3}], [{8, 2}, {6, 7}, {1, 5}, {3, 4}], [{8, 2}, {6, 7}, {3, 5}, {1, 4}], [{8, 2}, {6, 7}, {4, 5}, {1, 3}], [{8, 3}, {1, 7}, {2, 6}, {4, 5}], [{8, 3}, {1, 7}, {4, 6}, {2, 5}], [{8, 3}, {1, 7}, {5, 6}, {2, 4}], [{8, 3}, {1, 7}, {6}, {4, 5}, {2}], [{8, 3}, {2, 7}, {1, 6}, {4, 5}], [{8, 3}, {2, 7}, {4, 6}, {1, 5}], [{8, 3}, {2, 7}, {5, 6}, {1, 4}], [{8, 3}, {2, 7}, {6}, {1, 5}, {4}], [{8, 3}, {4, 7}, {1, 6}, {2, 5}], [{8, 3}, {4, 7}, {1, 6}, {5}, {2}], [{8, 3}, {4, 7}, {2, 6}, {1, 5}], [{8, 3}, {4, 7}, {5, 6}, {1, 2}], [{8, 3}, {5, 7}, {1, 6}, {2, 4}], [{8, 3}, {5, 7}, {2, 6}, {1, 4}], [{8, 3}, {5, 7}, {4, 6}, {1, 2}], [{8, 3}, {6, 7}, {1, 5}, {2, 4}], [{8, 3}, {6, 7}, {2, 5}, {1, 4}], [{8, 3}, {6, 7}, {4, 5}, {1, 2}], [{8, 3}, {7}, {1, 6}, {2, 5}, {4}], [{8, 3}, {7}, {4, 6}, {5}, {1, 2}], [{8, 3}, {7}, {5, 6}, {2, 4}, {1}], [{8, 4}, {1, 7}, {2, 6}, {3, 5}], [{8, 4}, {1, 7}, {3, 6}, {2, 5}], [{8, 4}, {1, 7}, {5, 6}, {2, 3}], [{8, 4}, {2, 7}, {1, 6}, {3, 5}], [{8, 4}, {2, 7}, {1, 6}, {5}, {3}], [{8, 4}, {2, 7}, {3, 6}, {1, 5}], [{8, 4}, {2, 7}, {5, 6}, {1, 3}], [{8, 4}, {3, 7}, {1, 6}, {2, 5}], [{8, 4}, {3, 7}, {2, 6}, {1, 5}], [{8, 4}, {3, 7}, {5, 6}, {1, 2}], [{8, 4}, {3, 7}, {6}, {2, 5}, {1}], [{8, 4}, {5, 7}, {1, 6}, {2, 3}], [{8, 4}, {5, 7}, {2, 6}, {1, 3}], [{8, 4}, {5, 7}, {2, 6}, {3}, {1}], [{8, 4}, {5, 7}, {3, 6}, {1, 2}], [{8, 4}, {6, 7}, {1, 5}, {2, 3}], [{8, 4}, {6, 7}, {2, 5}, {1, 3}], [{8, 4}, {6, 7}, {3, 5}, {1, 2}], [{8, 4}, {6, 7}, {5}, {1, 3}, {2}], [{8, 4}, {7}, {3, 6}, {5}, {1, 2}], [{8, 5}, {1, 7}, {2, 6}, {3, 4}], [{8, 5}, {1, 7}, {3, 6}, {2, 4}], [{8, 5}, {1, 7}, {4, 6}, {2, 3}], [{8, 5}, {1, 7}, {6}, {4}, {2, 3}], [{8, 5}, {2, 7}, {1, 6}, {3, 4}], [{8, 5}, {2, 7}, {3, 6}, {1, 4}], [{8, 5}, {2, 7}, {3, 6}, {4}, {1}], [{8, 5}, {2, 7}, {4, 6}, {1, 3}], [{8, 5}, {2, 7}, {4, 6}, {3}, {1}], [{8, 5}, {2, 7}, {6}, {3, 4}, {1}], [{8, 5}, {3, 7}, {1, 6}, {2, 4}], [{8, 5}, {3, 7}, {2, 6}, {1, 4}], [{8, 5}, {3, 7}, {2, 6}, {4}, {1}], [{8, 5}, {3, 7}, {4, 6}, {1, 2}], [{8, 5}, {3, 7}, {4, 6}, {2}, {1}], [{8, 5}, {3, 7}, {6}, {2, 4}, {1}], [{8, 5}, {4, 7}, {1, 6}, {2, 3}], [{8, 5}, {4, 7}, {1, 6}, {3}, {2}], [{8, 5}, {4, 7}, {2, 6}, {1, 3}], [{8, 5}, {4, 7}, {2, 6}, {3}, {1}], [{8, 5}, {4, 7}, {3, 6}, {1, 2}], [{8, 5}, {4, 7}, {3, 6}, {2}, {1}], [{8, 5}, {4, 7}, {6}, {1, 3}, {2}], [{8, 5}, {4, 7}, {6}, {2, 3}, {1}], [{8, 5}, {4, 7}, {6}, {3}, {1, 2}], [{8, 5}, {4, 7}, {6}, {3}, {2}, {1}], [{8, 5}, {6, 7}, {1, 4}, {2, 3}], [{8, 5}, {6, 7}, {2, 4}, {1, 3}], [{8, 5}, {6, 7}, {2, 4}, {3}, {1}], [{8, 5}, {6, 7}, {3, 4}, {1, 2}], [{8, 5}, {6, 7}, {3, 4}, {2}, {1}], [{8, 5}, {6, 7}, {4}, {2, 3}, {1}], [{8, 5}, {7}, {1, 6}, {4}, {2, 3}], [{8, 5}, {7}, {2, 6}, {3, 4}, {1}], [{8, 5}, {7}, {3, 6}, {2, 4}, {1}], [{8, 5}, {7}, {4, 6}, {2, 3}, {1}], [{8, 5}, {7}, {6}, {1, 4}, {2, 3}], [{8, 5}, {7}, {6}, {4}, {2, 3}, {1}], [{8, 6}, {1, 7}, {2, 5}, {3, 4}], [{8, 6}, {1, 7}, {3, 5}, {2, 4}], [{8, 6}, {1, 7}, {4, 5}, {2, 3}], [{8, 6}, {1, 7}, {4, 5}, {3}, {2}], [{8, 6}, {2, 7}, {1, 5}, {3, 4}], [{8, 6}, {2, 7}, {3, 5}, {1, 4}], [{8, 6}, {2, 7}, {4, 5}, {1, 3}], [{8, 6}, {3, 7}, {1, 5}, {2, 4}], [{8, 6}, {3, 7}, {2, 5}, {1, 4}], [{8, 6}, {3, 7}, {4, 5}, {1, 2}], [{8, 6}, {4, 7}, {1, 5}, {2, 3}], [{8, 6}, {4, 7}, {1, 5}, {3}, {2}], [{8, 6}, {4, 7}, {2, 5}, {1, 3}], [{8, 6}, {4, 7}, {3, 5}, {1, 2}], [{8, 6}, {5, 7}, {1, 4}, {2, 3}], [{8, 6}, {5, 7}, {2, 4}, {1, 3}], [{8, 6}, {5, 7}, {3, 4}, {1, 2}], [{8, 6}, {7}, {5}, {2, 4}, {1, 3}], [{8, 7}, {1, 6}, {2, 5}, {3, 4}], [{8, 7}, {1, 6}, {3, 5}, {2, 4}], [{8, 7}, {1, 6}, {4, 5}, {2, 3}], [{8, 7}, {1, 6}, {5}, {2, 4}, {3}], [{8, 7}, {2, 6}, {1, 5}, {3, 4}], [{8, 7}, {2, 6}, {3, 5}, {1, 4}], [{8, 7}, {2, 6}, {3, 5}, {4}, {1}], [{8, 7}, {2, 6}, {4, 5}, {1, 3}], [{8, 7}, {3, 6}, {1, 5}, {2, 4}], [{8, 7}, {3, 6}, {2, 5}, {1, 4}], [{8, 7}, {3, 6}, {4, 5}, {1, 2}], [{8, 7}, {3, 6}, {4, 5}, {2}, {1}], [{8, 7}, {4, 6}, {1, 5}, {2, 3}], [{8, 7}, {4, 6}, {2, 5}, {1, 3}], [{8, 7}, {4, 6}, {3, 5}, {1, 2}], [{8, 7}, {4, 6}, {3, 5}, {2}, {1}], [{8, 7}, {5, 6}, {1, 4}, {2, 3}], [{8, 7}, {5, 6}, {2, 4}, {1, 3}], [{8, 7}, {5, 6}, {3, 4}, {1, 2}], [{8, 7}, {6}, {1, 5}, {3, 4}, {2}], [{8, 7}, {6}, {3, 5}, {2, 4}, {1}], [{8}, {1, 7}, {2, 6}, {3, 5}, {4}], [{8}, {1, 7}, {3, 6}, {4, 5}, {2}], [{8}, {1, 7}, {4, 6}, {3, 5}, {2}], [{8}, {1, 7}, {6}, {3, 5}, {2, 4}], [{8}, {2, 7}, {5, 6}, {4}, {1, 3}], [{8}, {3, 7}, {2, 6}, {1, 5}, {4}], [{8}, {3, 7}, {4, 6}, {1, 5}, {2}], [{8}, {3, 7}, {6}, {1, 5}, {2, 4}], [{8}, {4, 7}, {1, 6}, {2, 5}, {3}], [{8}, {4, 7}, {1, 6}, {3, 5}, {2}], [{8}, {4, 7}, {1, 6}, {5}, {2, 3}], [{8}, {4, 7}, {1, 6}, {5}, {3}, {2}], [{8}, {5, 7}, {2, 6}, {1, 4}, {3}], [{8}, {7}, {2, 6}, {4, 5}, {1, 3}]]",2,4 K_1^2 K_2 - 2 K_1^2 - 2 K_1 K_3 - 2 K_2^2 + K_4 + 2,O1O2O3O4U5U2U6O5O6U1O7U4U3O8U7U8,O1O2O3U4U5U2U6O7O8U7O5O4U8O6U1U3,O1O2O3U1U3O4U5O6O7U8O5O8U4U2U7U6,c,{'O1O2O3O4U5U6O5U2U1O6U4O7O8U7U3U8'},1,"<a href=""/flatknot/8.857549"">8.857549</a>",t^9-41t^7-106t^6+74t^5+376t^4+91t^3-374t^2-143t+18,-2t^2+4t,,
8.857550,O1O2O3O4U5U6O5U2U1O6U4O7O8U7U8U3,4,12z^3+61z^2+102z+57,-4w^5z^3+16w^4z^3-4w^4z^2+65w^3z^2+102w^2z+57w,False,False,"[[ 0 -1 -1  2  2 -1 -1 -1  1],[ 1  0  0  2  1  1  1  0  0],[ 1  0  0  1  0  1  2  0  0],[-2 -2 -1  0  0 -3 -1 -1  1],[-2 -1  0  0  0 -3 -1  0  0],[ 1 -1 -1  3  3  0 -1 -1  1],[ 1 -1 -2  1  1  1  0 -1  1],[ 1  0  0  1  0  1  1  0  1],[-1  0  0 -1  0 -1 -1 -1  0]]","[[ 0  2  2  1 -1 -1 -1 -1 -1],[-2  0  0  1 -1 -1 -1 -2 -3],[-2  0  0  0  0  0 -1 -1 -3],[-1 -1  0  0  0 -1 -1  0 -1],[ 1  1  0  0  0  0  2  0  1],[ 1  1  0  1  0  0  1  0  1],[ 1  1  1  1 -2 -1  0 -1  1],[ 1  2  1  0  0  0  1  0  1],[ 1  3  3  1 -1 -1 -1 -1  0]]",True,"[-2,-2,-1,1,1,1,1,1,0,-1,1,1,1,2,3,0,0,0,1,1,3,0,1,1,0,1,0,-2,0,-1,-1,0,-1,1,-1,-1]","[-2,-2,-1,1,1,1,1,1,0,-1,1,1,1,2,3,0,0,0,1,1,3,0,1,1,0,1,0,-2,0,-1,-1,0,-1,1,-1,-1]",t^8+41t^6+217t^4+153t^2+4,"[-1,-1,-1,-1,-1,1,2,2,-2,-1,0,0,2,2,3,-1,1,1,1,2,2,1,1,1,0,0,0,1,2,3,2,1,2,2,1,0]","[-2,-2,-1,1,1,1,1,1,0,1,0,2,2,3,3,2,0,1,2,2,2,1,2,1,1,2,-1,-1,-1,-1,1,0,0,-1,-2,0]","[-1,-1,-1,-1,-1,1,2,2,-2,-1,-1,1,1,1,1,0,0,1,0,0,1,0,1,0,1,2,1,1,0,1,1,3,3,0,-1,0]",c,"[[{8, 2}, {6, 7}, {4, 5}, {1, 3}], [{8, 7}, {2, 6}, {4, 5}, {1, 3}]]",1,8 K_1^3 - 4 K_1 K_2 - 4 K_1 + 1,O1O2O3O4U2U5U6O5O6U1O7U4U3O8U7U8,O1O2O3U4U5U3U6O7O8U7O5O4U8O6U1U2,O1O2O3U2U3O4U5O6O7U8O5O8U4U1U7U6,c,{'O1O2O3O4U5U6O5U2U1O6U4O7O8U7U8U3'},1,"<a href=""/flatknot/8.857550"">8.857550</a>",t^9-37t^7-90t^6+41t^5+186t^4+32t^3-70t^2-11t,-2t^2+4t,,
8.857551,O1O2O3O4U5U6O5U2U1O6U7O8O7U3U4U8,3,20z^2+73z+67,-12w^4z^2+32w^3z^2-16w^3z+89w^2z+67w,False,False,"[[ 0 -1 -1  0  2 -1 -1  1  1],[ 1  0  0  1  2  1  1  1  2],[ 1  0  0  0  1  1  2  1  2],[ 0 -1  0  0  1 -1  1  0  1],[-2 -2 -1 -1  0 -3 -1 -2  0],[ 1 -1 -1  1  3  0 -1  2  1],[ 1 -1 -2 -1  1  1  0  2  1],[-1 -1 -1  0  2 -2 -2  0  1],[-1 -2 -2 -1  0 -1 -1 -1  0]]","[[ 0  2  1  1  0 -1 -1 -1 -1],[-2  0  0 -2 -1 -1 -1 -2 -3],[-1  0  0 -1 -1 -1 -2 -2 -1],[-1  2  1  0  0 -2 -1 -1 -2],[ 0  1  1  0  0  1  0 -1 -1],[ 1  1  1  2 -1  0 -2 -1  1],[ 1  1  2  1  0  2  0  0  1],[ 1  2  2  1  1  1  0  0  1],[ 1  3  1  2  1 -1 -1 -1  0]]",True,"[-2,-1,-1,0,1,1,1,1,0,2,1,1,1,2,3,1,1,1,2,2,1,0,2,1,1,2,-1,0,1,1,2,1,-1,0,-1,-1]","[-2,-1,-1,0,1,1,1,1,-1,1,1,0,1,2,2,1,1,0,1,0,1,0,1,0,1,0,0,0,2,1,-1,-1,-1,1,0,-2]",t^8+53t^6+447t^4+375t^2,"[-1,-1,-1,-1,0,1,1,2,-2,-1,0,1,0,1,2,-1,1,2,1,0,2,1,0,1,0,0,0,0,1,1,0,1,1,1,1,-1]","[-2,-1,-1,0,1,1,1,1,-1,1,1,0,1,2,2,1,1,0,1,0,1,0,1,0,1,0,0,0,2,1,-1,-1,-1,1,0,-2]","[-1,-1,-1,-1,0,1,1,2,-2,-1,1,-1,1,2,1,0,1,0,2,1,1,1,1,2,1,2,1,1,2,3,1,0,1,-1,0,2]",c,"[[{8, 1}, {2, 7}, {3, 6}, {4, 5}], [{8, 1}, {2, 7}, {4, 6}, {3, 5}], [{8, 1}, {2, 7}, {5, 6}, {3, 4}], [{8, 1}, {3, 7}, {2, 6}, {4, 5}], [{8, 1}, {3, 7}, {4, 6}, {2, 5}], [{8, 1}, {3, 7}, {5, 6}, {2, 4}], [{8, 1}, {3, 7}, {6}, {5}, {2, 4}], [{8, 1}, {4, 7}, {2, 6}, {3, 5}], [{8, 1}, {4, 7}, {3, 6}, {2, 5}], [{8, 1}, {4, 7}, {5, 6}, {2, 3}], [{8, 1}, {5, 7}, {2, 6}, {3, 4}], [{8, 1}, {5, 7}, {2, 6}, {4}, {3}], [{8, 1}, {5, 7}, {3, 6}, {2, 4}], [{8, 1}, {5, 7}, {4, 6}, {2, 3}], [{8, 1}, {5, 7}, {4, 6}, {3}, {2}], [{8, 1}, {5, 7}, {6}, {2, 4}, {3}], [{8, 1}, {6, 7}, {2, 5}, {3, 4}], [{8, 1}, {6, 7}, {2, 5}, {4}, {3}], [{8, 1}, {6, 7}, {3, 5}, {2, 4}], [{8, 1}, {6, 7}, {4, 5}, {2, 3}], [{8, 1}, {6, 7}, {4, 5}, {3}, {2}], [{8, 1}, {6, 7}, {5}, {2, 4}, {3}], [{8, 1}, {7}, {3, 6}, {5}, {2, 4}], [{8, 1}, {7}, {5, 6}, {2, 4}, {3}], [{8, 1}, {7}, {6}, {3, 5}, {2, 4}], [{8, 1}, {7}, {6}, {5}, {2, 4}, {3}], [{8, 2}, {1, 7}, {3, 6}, {4, 5}], [{8, 2}, {1, 7}, {4, 6}, {3, 5}], [{8, 2}, {1, 7}, {5, 6}, {3, 4}], [{8, 2}, {3, 7}, {1, 6}, {4, 5}], [{8, 2}, {3, 7}, {1, 6}, {5}, {4}], [{8, 2}, {3, 7}, {4, 6}, {1, 5}], [{8, 2}, {3, 7}, {4, 6}, {5}, {1}], [{8, 2}, {3, 7}, {5, 6}, {1, 4}], [{8, 2}, {3, 7}, {6}, {5}, {1, 4}], [{8, 2}, {4, 7}, {1, 6}, {3, 5}], [{8, 2}, {4, 7}, {3, 6}, {1, 5}], [{8, 2}, {4, 7}, {5, 6}, {1, 3}], [{8, 2}, {5, 7}, {1, 6}, {3, 4}], [{8, 2}, {5, 7}, {1, 6}, {4}, {3}], [{8, 2}, {5, 7}, {3, 6}, {1, 4}], [{8, 2}, {5, 7}, {4, 6}, {1, 3}], [{8, 2}, {5, 7}, {4, 6}, {3}, {1}], [{8, 2}, {5, 7}, {6}, {1, 4}, {3}], [{8, 2}, {6, 7}, {1, 5}, {3, 4}], [{8, 2}, {6, 7}, {1, 5}, {4}, {3}], [{8, 2}, {6, 7}, {3, 5}, {1, 4}], [{8, 2}, {6, 7}, {4, 5}, {1, 3}], [{8, 2}, {6, 7}, {4, 5}, {3}, {1}], [{8, 2}, {6, 7}, {5}, {1, 4}, {3}], [{8, 2}, {7}, {1, 6}, {3, 5}, {4}], [{8, 2}, {7}, {3, 6}, {5}, {1, 4}], [{8, 2}, {7}, {4, 6}, {3, 5}, {1}], [{8, 2}, {7}, {5, 6}, {1, 4}, {3}], [{8, 2}, {7}, {6}, {3, 5}, {1, 4}], [{8, 2}, {7}, {6}, {5}, {1, 4}, {3}], [{8, 3}, {1, 7}, {2, 6}, {4, 5}], [{8, 3}, {1, 7}, {2, 6}, {5}, {4}], [{8, 3}, {1, 7}, {4, 6}, {2, 5}], [{8, 3}, {1, 7}, {5, 6}, {2, 4}], [{8, 3}, {2, 7}, {1, 6}, {4, 5}], [{8, 3}, {2, 7}, {4, 6}, {1, 5}], [{8, 3}, {2, 7}, {4, 6}, {5}, {1}], [{8, 3}, {2, 7}, {5, 6}, {1, 4}], [{8, 3}, {4, 7}, {1, 6}, {2, 5}], [{8, 3}, {4, 7}, {2, 6}, {1, 5}], [{8, 3}, {4, 7}, {5, 6}, {1, 2}], [{8, 3}, {5, 7}, {1, 6}, {2, 4}], [{8, 3}, {5, 7}, {2, 6}, {1, 4}], [{8, 3}, {5, 7}, {4, 6}, {1, 2}], [{8, 3}, {5, 7}, {4, 6}, {2}, {1}], [{8, 3}, {6, 7}, {1, 5}, {2, 4}], [{8, 3}, {6, 7}, {2, 5}, {1, 4}], [{8, 3}, {6, 7}, {4, 5}, {1, 2}], [{8, 3}, {6, 7}, {4, 5}, {2}, {1}], [{8, 3}, {7}, {4, 6}, {2, 5}, {1}], [{8, 4}, {1, 7}, {2, 6}, {3, 5}], [{8, 4}, {1, 7}, {3, 6}, {2, 5}], [{8, 4}, {1, 7}, {5, 6}, {2, 3}], [{8, 4}, {2, 7}, {1, 6}, {3, 5}], [{8, 4}, {2, 7}, {3, 6}, {1, 5}], [{8, 4}, {2, 7}, {3, 6}, {5}, {1}], [{8, 4}, {2, 7}, {5, 6}, {1, 3}], [{8, 4}, {3, 7}, {1, 6}, {2, 5}], [{8, 4}, {3, 7}, {2, 6}, {1, 5}], [{8, 4}, {3, 7}, {5, 6}, {1, 2}], [{8, 4}, {5, 7}, {1, 6}, {2, 3}], [{8, 4}, {5, 7}, {2, 6}, {1, 3}], [{8, 4}, {5, 7}, {3, 6}, {1, 2}], [{8, 4}, {5, 7}, {3, 6}, {2}, {1}], [{8, 4}, {6, 7}, {1, 5}, {2, 3}], [{8, 4}, {6, 7}, {2, 5}, {1, 3}], [{8, 4}, {6, 7}, {3, 5}, {1, 2}], [{8, 4}, {7}, {3, 6}, {2, 5}, {1}], [{8, 5}, {1, 7}, {2, 6}, {3, 4}], [{8, 5}, {1, 7}, {3, 6}, {2, 4}], [{8, 5}, {1, 7}, {4, 6}, {2, 3}], [{8, 5}, {2, 7}, {1, 6}, {3, 4}], [{8, 5}, {2, 7}, {3, 6}, {1, 4}], [{8, 5}, {2, 7}, {4, 6}, {1, 3}], [{8, 5}, {3, 7}, {1, 6}, {2, 4}], [{8, 5}, {3, 7}, {2, 6}, {1, 4}], [{8, 5}, {3, 7}, {4, 6}, {1, 2}], [{8, 5}, {3, 7}, {6}, {2, 4}, {1}], [{8, 5}, {4, 7}, {1, 6}, {2, 3}], [{8, 5}, {4, 7}, {2, 6}, {1, 3}], [{8, 5}, {4, 7}, {3, 6}, {1, 2}], [{8, 5}, {6, 7}, {1, 4}, {2, 3}], [{8, 5}, {6, 7}, {2, 4}, {1, 3}], [{8, 5}, {6, 7}, {3, 4}, {1, 2}], [{8, 6}, {1, 7}, {2, 5}, {3, 4}], [{8, 6}, {1, 7}, {3, 5}, {2, 4}], [{8, 6}, {1, 7}, {4, 5}, {2, 3}], [{8, 6}, {2, 7}, {1, 5}, {3, 4}], [{8, 6}, {2, 7}, {3, 5}, {1, 4}], [{8, 6}, {2, 7}, {4, 5}, {1, 3}], [{8, 6}, {2, 7}, {5}, {3, 4}, {1}], [{8, 6}, {3, 7}, {1, 5}, {2, 4}], [{8, 6}, {3, 7}, {2, 5}, {1, 4}], [{8, 6}, {3, 7}, {4, 5}, {1, 2}], [{8, 6}, {3, 7}, {5}, {4}, {1, 2}], [{8, 6}, {4, 7}, {1, 5}, {2, 3}], [{8, 6}, {4, 7}, {2, 5}, {1, 3}], [{8, 6}, {4, 7}, {3, 5}, {1, 2}], [{8, 6}, {5, 7}, {1, 4}, {2, 3}], [{8, 6}, {5, 7}, {2, 4}, {1, 3}], [{8, 6}, {5, 7}, {3, 4}, {1, 2}], [{8, 6}, {5, 7}, {3, 4}, {2}, {1}], [{8, 6}, {7}, {2, 5}, {3, 4}, {1}], [{8, 7}, {1, 6}, {2, 5}, {3, 4}], [{8, 7}, {1, 6}, {2, 5}, {4}, {3}], [{8, 7}, {1, 6}, {3, 5}, {2, 4}], [{8, 7}, {1, 6}, {4, 5}, {2, 3}], [{8, 7}, {2, 6}, {1, 5}, {3, 4}], [{8, 7}, {2, 6}, {1, 5}, {4}, {3}], [{8, 7}, {2, 6}, {3, 5}, {1, 4}], [{8, 7}, {2, 6}, {4, 5}, {1, 3}], [{8, 7}, {3, 6}, {1, 5}, {2, 4}], [{8, 7}, {3, 6}, {2, 5}, {1, 4}], [{8, 7}, {3, 6}, {4, 5}, {1, 2}], [{8, 7}, {4, 6}, {1, 5}, {2, 3}], [{8, 7}, {4, 6}, {2, 5}, {1, 3}], [{8, 7}, {4, 6}, {3, 5}, {1, 2}], [{8, 7}, {5, 6}, {1, 4}, {2, 3}], [{8, 7}, {5, 6}, {2, 4}, {1, 3}], [{8, 7}, {5, 6}, {3, 4}, {1, 2}], [{8}, {3, 7}, {6}, {1, 5}, {2, 4}], [{8}, {4, 7}, {5, 6}, {1, 3}, {2}], [{8}, {4, 7}, {5, 6}, {2, 3}, {1}], [{8}, {4, 7}, {5, 6}, {3}, {1, 2}], [{8}, {5, 7}, {4, 6}, {1, 3}, {2}], [{8}, {5, 7}, {4, 6}, {2, 3}, {1}], [{8}, {5, 7}, {4, 6}, {3}, {1, 2}], [{8}, {5, 7}, {4, 6}, {3}, {2}, {1}], [{8}, {6, 7}, {4, 5}, {1, 3}, {2}], [{8}, {6, 7}, {4, 5}, {2, 3}, {1}], [{8}, {6, 7}, {4, 5}, {3}, {1, 2}], [{8}, {6, 7}, {4, 5}, {3}, {2}, {1}]]",2,4 K_1^3 - 2 K_1^2 - 4 K_1 K_2 - K_1 + K_2 + K_3 + 2,O1O2O3O4U5U1U2O6O5U6O7U4U3O8U7U8,O1O2O3U4U5U1U2O6O7U6O5O4U7O8U3U8,O1O2O3U4U1O4U5O6O7U8O5O8U2U3U7U6,c,{'O1O2O3O4U5U6O5U2U1O6U7O8O7U3U4U8'},1,"<a href=""/flatknot/8.857551"">8.857551</a>",t^9-51t^7-176t^6-72t^5+336t^4+290t^3-42t^2-104t-64,-t^2+2t,,
8.857552,O1O2O3O4U5U6O5U2U1O6U7O8O7U3U8U4,4,3z^3+36z^2+112z+105,3w^4z^3+36w^3z^2+112w^2z+105w,False,False,"[[ 0 -1 -1  0  3 -1 -1  1  0],[ 1  0  0  1  2  1  1  1  1],[ 1  0  0  0  1  1  2  1  1],[ 0 -1  0  0  2 -1  1  0  0],[-3 -2 -1 -2  0 -4 -2 -2 -1],[ 1 -1 -1  1  4  0 -1  2  0],[ 1 -1 -2 -1  2  1  0  2  0],[-1 -1 -1  0  2 -2 -2  0  0],[ 0 -1 -1  0  1  0  0  0  0]]","[[ 0  3  1  0  0 -1 -1 -1 -1],[-3  0 -2 -1 -2 -1 -2 -2 -4],[-1  2  0  0  0 -1 -1 -2 -2],[ 0  1  0  0  0 -1 -1  0  0],[ 0  2  0  0  0  0 -1  1 -1],[ 1  1  1  1  0  0  0  2  1],[ 1  2  1  1  1  0  0  1  1],[ 1  2  2  0 -1 -2 -1  0  1],[ 1  4  2  0  1 -1 -1 -1  0]]",True,"[-3,-1,0,0,1,1,1,1,2,1,2,1,2,2,4,0,0,1,1,2,2,0,1,1,0,0,0,1,-1,1,0,-2,-1,-1,-1,-1]","[-3,-1,0,0,1,1,1,1,0,1,2,0,2,2,3,1,1,0,0,1,1,0,0,2,0,1,1,1,0,0,-1,-1,-1,-1,-2,0]",t^8+57t^6+373t^4+235t^2+4,"[-1,-1,-1,-1,0,0,1,3,-2,-1,0,0,1,1,3,-1,1,1,2,0,2,1,1,0,0,0,0,0,1,2,0,1,2,1,1,0]","[-3,-1,0,0,1,1,1,1,0,1,2,0,2,2,3,1,1,0,0,1,1,0,0,2,0,1,1,1,0,0,-1,-1,-1,-1,-2,0]","[-1,-1,-1,-1,0,0,1,3,-2,-1,1,-1,0,2,2,0,1,0,1,1,1,1,1,1,1,2,1,0,2,4,0,0,2,0,1,2]",c,"[[{8, 1}, {2, 7}, {3, 6}, {4, 5}], [{8, 1}, {2, 7}, {4, 6}, {3, 5}], [{8, 1}, {2, 7}, {5, 6}, {3, 4}], [{8, 1}, {3, 7}, {2, 6}, {4, 5}], [{8, 1}, {3, 7}, {4, 6}, {2, 5}], [{8, 1}, {3, 7}, {5, 6}, {2, 4}], [{8, 1}, {3, 7}, {6}, {4, 5}, {2}], [{8, 1}, {4, 7}, {2, 6}, {3, 5}], [{8, 1}, {4, 7}, {3, 6}, {2, 5}], [{8, 1}, {4, 7}, {5, 6}, {2, 3}], [{8, 1}, {5, 7}, {2, 6}, {3, 4}], [{8, 1}, {5, 7}, {3, 6}, {2, 4}], [{8, 1}, {5, 7}, {3, 6}, {4}, {2}], [{8, 1}, {5, 7}, {4, 6}, {2, 3}], [{8, 1}, {5, 7}, {4, 6}, {3}, {2}], [{8, 1}, {5, 7}, {6}, {3, 4}, {2}], [{8, 1}, {6, 7}, {2, 5}, {3, 4}], [{8, 1}, {6, 7}, {3, 5}, {2, 4}], [{8, 1}, {6, 7}, {4, 5}, {2, 3}], [{8, 1}, {7}, {2, 6}, {3, 5}, {4}], [{8, 1}, {7}, {3, 6}, {5}, {2, 4}], [{8, 2}, {1, 7}, {3, 6}, {4, 5}], [{8, 2}, {1, 7}, {3, 6}, {5}, {4}], [{8, 2}, {1, 7}, {4, 6}, {3, 5}], [{8, 2}, {1, 7}, {5, 6}, {3, 4}], [{8, 2}, {1, 7}, {6}, {4, 5}, {3}], [{8, 2}, {3, 7}, {1, 6}, {4, 5}], [{8, 2}, {3, 7}, {1, 6}, {5}, {4}], [{8, 2}, {3, 7}, {4, 6}, {1, 5}], [{8, 2}, {3, 7}, {5, 6}, {1, 4}], [{8, 2}, {3, 7}, {6}, {4, 5}, {1}], [{8, 2}, {4, 7}, {1, 6}, {3, 5}], [{8, 2}, {4, 7}, {3, 6}, {1, 5}], [{8, 2}, {4, 7}, {3, 6}, {5}, {1}], [{8, 2}, {4, 7}, {5, 6}, {1, 3}], [{8, 2}, {5, 7}, {1, 6}, {3, 4}], [{8, 2}, {5, 7}, {3, 6}, {1, 4}], [{8, 2}, {5, 7}, {3, 6}, {4}, {1}], [{8, 2}, {5, 7}, {4, 6}, {1, 3}], [{8, 2}, {6, 7}, {1, 5}, {3, 4}], [{8, 2}, {6, 7}, {3, 5}, {1, 4}], [{8, 2}, {6, 7}, {4, 5}, {1, 3}], [{8, 2}, {6, 7}, {4, 5}, {3}, {1}], [{8, 2}, {6, 7}, {5}, {4}, {1, 3}], [{8, 2}, {7}, {1, 6}, {4, 5}, {3}], [{8, 2}, {7}, {3, 6}, {1, 5}, {4}], [{8, 2}, {7}, {3, 6}, {4, 5}, {1}], [{8, 2}, {7}, {3, 6}, {5}, {1, 4}], [{8, 2}, {7}, {3, 6}, {5}, {4}, {1}], [{8, 2}, {7}, {4, 6}, {3, 5}, {1}], [{8, 2}, {7}, {5, 6}, {3, 4}, {1}], [{8, 2}, {7}, {6}, {4, 5}, {1, 3}], [{8, 2}, {7}, {6}, {4, 5}, {3}, {1}], [{8, 3}, {1, 7}, {2, 6}, {4, 5}], [{8, 3}, {1, 7}, {4, 6}, {2, 5}], [{8, 3}, {1, 7}, {5, 6}, {2, 4}], [{8, 3}, {1, 7}, {6}, {5}, {2, 4}], [{8, 3}, {2, 7}, {1, 6}, {4, 5}], [{8, 3}, {2, 7}, {4, 6}, {1, 5}], [{8, 3}, {2, 7}, {5, 6}, {1, 4}], [{8, 3}, {2, 7}, {6}, {4, 5}, {1}], [{8, 3}, {4, 7}, {1, 6}, {2, 5}], [{8, 3}, {4, 7}, {2, 6}, {1, 5}], [{8, 3}, {4, 7}, {5, 6}, {1, 2}], [{8, 3}, {4, 7}, {6}, {2, 5}, {1}], [{8, 3}, {5, 7}, {1, 6}, {2, 4}], [{8, 3}, {5, 7}, {2, 6}, {1, 4}], [{8, 3}, {5, 7}, {4, 6}, {1, 2}], [{8, 3}, {6, 7}, {1, 5}, {2, 4}], [{8, 3}, {6, 7}, {2, 5}, {1, 4}], [{8, 3}, {6, 7}, {4, 5}, {1, 2}], [{8, 3}, {6, 7}, {5}, {2, 4}, {1}], [{8, 3}, {7}, {1, 6}, {5}, {2, 4}], [{8, 4}, {1, 7}, {2, 6}, {3, 5}], [{8, 4}, {1, 7}, {3, 6}, {2, 5}], [{8, 4}, {1, 7}, {5, 6}, {2, 3}], [{8, 4}, {2, 7}, {1, 6}, {3, 5}], [{8, 4}, {2, 7}, {3, 6}, {1, 5}], [{8, 4}, {2, 7}, {5, 6}, {1, 3}], [{8, 4}, {3, 7}, {1, 6}, {2, 5}], [{8, 4}, {3, 7}, {1, 6}, {5}, {2}], [{8, 4}, {3, 7}, {2, 6}, {1, 5}], [{8, 4}, {3, 7}, {5, 6}, {1, 2}], [{8, 4}, {5, 7}, {1, 6}, {2, 3}], [{8, 4}, {5, 7}, {2, 6}, {1, 3}], [{8, 4}, {5, 7}, {3, 6}, {1, 2}], [{8, 4}, {5, 7}, {3, 6}, {2}, {1}], [{8, 4}, {6, 7}, {1, 5}, {2, 3}], [{8, 4}, {6, 7}, {2, 5}, {1, 3}], [{8, 4}, {6, 7}, {3, 5}, {1, 2}], [{8, 4}, {7}, {1, 6}, {2, 5}, {3}], [{8, 4}, {7}, {3, 6}, {5}, {1, 2}], [{8, 4}, {7}, {5, 6}, {2, 3}, {1}], [{8, 5}, {1, 7}, {2, 6}, {3, 4}], [{8, 5}, {1, 7}, {3, 6}, {2, 4}], [{8, 5}, {1, 7}, {4, 6}, {2, 3}], [{8, 5}, {2, 7}, {1, 6}, {3, 4}], [{8, 5}, {2, 7}, {3, 6}, {1, 4}], [{8, 5}, {2, 7}, {4, 6}, {1, 3}], [{8, 5}, {3, 7}, {1, 6}, {2, 4}], [{8, 5}, {3, 7}, {1, 6}, {4}, {2}], [{8, 5}, {3, 7}, {2, 6}, {1, 4}], [{8, 5}, {3, 7}, {4, 6}, {1, 2}], [{8, 5}, {4, 7}, {1, 6}, {2, 3}], [{8, 5}, {4, 7}, {2, 6}, {1, 3}], [{8, 5}, {4, 7}, {3, 6}, {1, 2}], [{8, 5}, {4, 7}, {3, 6}, {2}, {1}], [{8, 5}, {6, 7}, {1, 4}, {2, 3}], [{8, 5}, {6, 7}, {2, 4}, {1, 3}], [{8, 5}, {6, 7}, {3, 4}, {1, 2}], [{8, 5}, {7}, {2, 6}, {1, 4}, {3}], [{8, 6}, {1, 7}, {2, 5}, {3, 4}], [{8, 6}, {1, 7}, {3, 5}, {2, 4}], [{8, 6}, {1, 7}, {4, 5}, {2, 3}], [{8, 6}, {2, 7}, {1, 5}, {3, 4}], [{8, 6}, {2, 7}, {3, 5}, {1, 4}], [{8, 6}, {2, 7}, {4, 5}, {1, 3}], [{8, 6}, {2, 7}, {5}, {4}, {1, 3}], [{8, 6}, {3, 7}, {1, 5}, {2, 4}], [{8, 6}, {3, 7}, {2, 5}, {1, 4}], [{8, 6}, {3, 7}, {4, 5}, {1, 2}], [{8, 6}, {3, 7}, {4, 5}, {2}, {1}], [{8, 6}, {4, 7}, {1, 5}, {2, 3}], [{8, 6}, {4, 7}, {2, 5}, {1, 3}], [{8, 6}, {4, 7}, {2, 5}, {3}, {1}], [{8, 6}, {4, 7}, {3, 5}, {1, 2}], [{8, 6}, {4, 7}, {5}, {1, 3}, {2}], [{8, 6}, {5, 7}, {1, 4}, {2, 3}], [{8, 6}, {5, 7}, {2, 4}, {1, 3}], [{8, 6}, {5, 7}, {3, 4}, {1, 2}], [{8, 6}, {7}, {5}, {2, 4}, {1, 3}], [{8, 7}, {1, 6}, {2, 5}, {3, 4}], [{8, 7}, {1, 6}, {3, 5}, {2, 4}], [{8, 7}, {1, 6}, {4, 5}, {2, 3}], [{8, 7}, {1, 6}, {5}, {2, 4}, {3}], [{8, 7}, {2, 6}, {1, 5}, {3, 4}], [{8, 7}, {2, 6}, {3, 5}, {1, 4}], [{8, 7}, {2, 6}, {4, 5}, {1, 3}], [{8, 7}, {3, 6}, {1, 5}, {2, 4}], [{8, 7}, {3, 6}, {2, 5}, {1, 4}], [{8, 7}, {3, 6}, {4, 5}, {1, 2}], [{8, 7}, {4, 6}, {1, 5}, {2, 3}], [{8, 7}, {4, 6}, {2, 5}, {1, 3}], [{8, 7}, {4, 6}, {3, 5}, {1, 2}], [{8, 7}, {4, 6}, {3, 5}, {2}, {1}], [{8, 7}, {5, 6}, {1, 4}, {2, 3}], [{8, 7}, {5, 6}, {2, 4}, {1, 3}], [{8, 7}, {5, 6}, {3, 4}, {1, 2}], [{8, 7}, {6}, {4, 5}, {2, 3}, {1}], [{8}, {1, 7}, {3, 6}, {4, 5}, {2}], [{8}, {2, 7}, {4, 6}, {3, 5}, {1}], [{8}, {3, 7}, {1, 6}, {2, 5}, {4}], [{8}, {3, 7}, {1, 6}, {4, 5}, {2}], [{8}, {3, 7}, {1, 6}, {5}, {2, 4}], [{8}, {3, 7}, {1, 6}, {5}, {4}, {2}], [{8}, {3, 7}, {2, 6}, {4, 5}, {1}], [{8}, {3, 7}, {4, 6}, {1, 5}, {2}], [{8}, {3, 7}, {5, 6}, {1, 4}, {2}], [{8}, {3, 7}, {6}, {4, 5}, {1, 2}], [{8}, {3, 7}, {6}, {4, 5}, {2}, {1}], [{8}, {4, 7}, {3, 6}, {2, 5}, {1}], [{8}, {5, 7}, {3, 6}, {1, 4}, {2}], [{8}, {5, 7}, {3, 6}, {2, 4}, {1}], [{8}, {5, 7}, {3, 6}, {4}, {1, 2}], [{8}, {6, 7}, {1, 5}, {3, 4}, {2}], [{8}, {6, 7}, {4, 5}, {1, 3}, {2}], [{8}, {6, 7}, {5}, {1, 4}, {2, 3}]]",2,- 6 K_1 K_2 + 3 K_1 - 4 K_2^2 + 3 K_3 + 2 K_4 + 3,O1O2O3O4U1U5U2O6O5U6O7U4U3O8U7U8,O1O2O3U4U5U1U3O6O7U6O5O4U7O8U2U8,O1O2O3U4U2O4U5O6O7U8O5O8U1U3U7U6,c,{'O1O2O3O4U5U6O5U2U1O6U7O8O7U3U8U4'},1,"<a href=""/flatknot/8.857552"">8.857552</a>",t^9-51t^7-194t^6-155t^5+244t^4+342t^3+130t^2-84t-78,-t^3+3t,,
8.857553,O1O2O3O4U5U6O5U2U1O6U7O8O7U4U3U8,4,9z^3+56z^2+114z+77,9w^4z^3+56w^3z^2+114w^2z+77w,False,False,"[[ 0 -1 -1  1  1 -1 -1  1  1],[ 1  0  0  2  1  1  1  1  2],[ 1  0  0  1  0  1  2  1  2],[-1 -2 -1  0  0 -2  0 -1  1],[-1 -1  0  0  0 -2  0 -1  0],[ 1 -1 -1  2  2  0 -1  2  1],[ 1 -1 -2  0  0  1  0  2  1],[-1 -1 -1  1  1 -2 -2  0  1],[-1 -2 -2 -1  0 -1 -1 -1  0]]","[[ 0  1  1  1  1 -1 -1 -1 -1],[-1  0  1  1  1 -1 -1 -2 -2],[-1 -1  0  1  0 -1 -2  0 -2],[-1 -1 -1  0  0 -2 -2 -1 -1],[-1 -1  0  0  0  0 -1  0 -2],[ 1  1  1  2  0  0  0  2  1],[ 1  1  2  2  1  0  0  1  1],[ 1  2  0  1  0 -2 -1  0  1],[ 1  2  2  1  2 -1 -1 -1  0]]",True,"[-1,-1,-1,-1,1,1,1,1,-1,-1,-1,1,1,2,2,-1,0,1,2,0,2,0,2,2,1,1,0,1,0,2,0,-2,-1,-1,-1,-1]","[-1,-1,-1,-1,1,1,1,1,-2,-1,0,0,1,1,2,-1,1,1,0,2,2,1,1,0,0,0,0,1,0,1,1,1,0,-1,-1,0]",t^8+46t^6+383t^4+308t^2+4,"[-1,-1,-1,-1,1,1,1,1,-2,-1,0,0,1,1,2,-1,1,1,0,2,2,1,1,0,0,0,0,1,0,1,1,1,0,-1,-1,0]","[-1,-1,-1,-1,1,1,1,1,-1,-1,0,0,0,1,1,-1,0,0,1,0,2,1,1,1,0,0,1,2,0,2,0,1,1,1,2,-1]","[-1,-1,-1,-1,1,1,1,1,-2,-1,1,0,0,1,2,0,1,0,1,2,1,1,1,2,2,1,2,2,1,2,0,0,-1,1,-1,-1]",c,"[[{8, 2}, {1, 7}, {4, 6}, {3, 5}], [{8, 2}, {6, 7}, {4, 5}, {1, 3}], [{8, 6}, {2, 7}, {3, 5}, {1, 4}], [{8, 6}, {2, 7}, {4, 5}, {1, 3}], [{8, 6}, {5, 7}, {1, 4}, {2, 3}], [{8, 6}, {5, 7}, {2, 4}, {1, 3}]]",1,1,O1O2O3O4U5U2U1O6O5U6O7U4U3O8U7U8,O1O2O3U4U5U2U1O6O7U6O5O4U7O8U3U8,O1O2O3U4U1O4U5O6O7U8O5O8U3U2U7U6,c,{'O1O2O3O4U5U6O5U2U1O6U7O8O7U4U3U8'},1,"<a href=""/flatknot/8.857553"">8.857553</a>",t^9-46t^7-134t^6+47t^5+444t^4+202t^3-246t^2-156t-8,0,,
8.857554,O1O2O3O4U5U6O5U2U1O6U7O8O7U4U8U3,4,4z^3+40z^2+105z+83,4w^4z^3+40w^3z^2+105w^2z+83w,False,False,"[[ 0 -1 -1  2  1 -1 -1  1  0],[ 1  0  0  2  1  1  1  1  1],[ 1  0  0  1  0  1  2  1  1],[-2 -2 -1  0 -1 -3 -1 -1  0],[-1 -1  0  1  0 -2  0 -1  0],[ 1 -1 -1  3  2  0 -1  2  0],[ 1 -1 -2  1  0  1  0  2  0],[-1 -1 -1  1  1 -2 -2  0  0],[ 0 -1 -1  0  0  0  0  0  0]]","[[ 0  2  1  1  0 -1 -1 -1 -1],[-2  0 -1 -1  0 -1 -1 -2 -3],[-1  1  0  1  0 -1 -2 -1 -2],[-1  1 -1  0  0  0  0 -1 -2],[ 0  0  0  0  0 -1  0 -1  0],[ 1  1  1  0  1  0  2  0  1],[ 1  1  2  0  0 -2  0 -1  1],[ 1  2  1  1  1  0  1  0  1],[ 1  3  2  2  0 -1 -1 -1  0]]",True,"[-2,-1,-1,0,1,1,1,1,1,1,0,1,1,2,3,-1,0,1,2,1,2,0,0,0,1,2,1,0,1,0,-2,0,-1,1,-1,-1]","[-2,-1,-1,0,1,1,1,1,0,0,2,0,1,2,2,-1,1,0,1,2,2,1,0,1,0,1,1,0,1,0,-1,-1,-1,1,0,-2]",t^8+43t^6+276t^4+139t^2+9,"[-1,-1,-1,-1,0,1,1,2,-2,-1,0,0,1,2,2,-1,1,1,0,2,2,1,1,0,0,0,0,1,1,1,1,1,2,-1,0,0]","[-2,-1,-1,0,1,1,1,1,0,0,2,0,1,2,2,-1,1,0,1,2,2,1,0,1,0,1,1,0,1,0,-1,-1,-1,1,0,-2]","[-1,-1,-1,-1,0,1,1,2,-2,-1,1,0,0,2,1,0,1,1,0,1,1,1,1,1,1,2,0,2,2,3,0,0,0,-1,1,1]",c,"[[{8, 1}, {2, 7}, {3, 6}, {4, 5}], [{8, 1}, {2, 7}, {4, 6}, {3, 5}], [{8, 1}, {2, 7}, {5, 6}, {3, 4}], [{8, 1}, {2, 7}, {6}, {3, 5}, {4}], [{8, 1}, {3, 7}, {2, 6}, {4, 5}], [{8, 1}, {3, 7}, {4, 6}, {2, 5}], [{8, 1}, {3, 7}, {5, 6}, {2, 4}], [{8, 1}, {4, 7}, {2, 6}, {3, 5}], [{8, 1}, {4, 7}, {3, 6}, {2, 5}], [{8, 1}, {4, 7}, {5, 6}, {2, 3}], [{8, 1}, {4, 7}, {5, 6}, {3}, {2}], [{8, 1}, {5, 7}, {2, 6}, {3, 4}], [{8, 1}, {5, 7}, {3, 6}, {2, 4}], [{8, 1}, {5, 7}, {4, 6}, {2, 3}], [{8, 1}, {5, 7}, {4, 6}, {3}, {2}], [{8, 1}, {6, 7}, {2, 5}, {3, 4}], [{8, 1}, {6, 7}, {2, 5}, {4}, {3}], [{8, 1}, {6, 7}, {3, 5}, {2, 4}], [{8, 1}, {6, 7}, {4, 5}, {2, 3}], [{8, 1}, {7}, {2, 6}, {4, 5}, {3}], [{8, 1}, {7}, {4, 6}, {5}, {2, 3}], [{8, 2}, {1, 7}, {3, 6}, {4, 5}], [{8, 2}, {1, 7}, {4, 6}, {3, 5}], [{8, 2}, {1, 7}, {5, 6}, {3, 4}], [{8, 2}, {3, 7}, {1, 6}, {4, 5}], [{8, 2}, {3, 7}, {4, 6}, {1, 5}], [{8, 2}, {3, 7}, {5, 6}, {1, 4}], [{8, 2}, {3, 7}, {5, 6}, {4}, {1}], [{8, 2}, {4, 7}, {1, 6}, {3, 5}], [{8, 2}, {4, 7}, {3, 6}, {1, 5}], [{8, 2}, {4, 7}, {5, 6}, {1, 3}], [{8, 2}, {4, 7}, {5, 6}, {3}, {1}], [{8, 2}, {5, 7}, {1, 6}, {3, 4}], [{8, 2}, {5, 7}, {3, 6}, {1, 4}], [{8, 2}, {5, 7}, {4, 6}, {1, 3}], [{8, 2}, {5, 7}, {4, 6}, {3}, {1}], [{8, 2}, {6, 7}, {1, 5}, {3, 4}], [{8, 2}, {6, 7}, {1, 5}, {4}, {3}], [{8, 2}, {6, 7}, {3, 5}, {1, 4}], [{8, 2}, {6, 7}, {4, 5}, {1, 3}], [{8, 2}, {7}, {1, 6}, {3, 5}, {4}], [{8, 2}, {7}, {1, 6}, {4, 5}, {3}], [{8, 2}, {7}, {1, 6}, {5}, {3, 4}], [{8, 2}, {7}, {3, 6}, {5}, {1, 4}], [{8, 2}, {7}, {4, 6}, {5}, {1, 3}], [{8, 2}, {7}, {5, 6}, {3, 4}, {1}], [{8, 2}, {7}, {6}, {1, 5}, {3, 4}], [{8, 3}, {1, 7}, {2, 6}, {4, 5}], [{8, 3}, {1, 7}, {4, 6}, {2, 5}], [{8, 3}, {1, 7}, {5, 6}, {2, 4}], [{8, 3}, {2, 7}, {1, 6}, {4, 5}], [{8, 3}, {2, 7}, {4, 6}, {1, 5}], [{8, 3}, {2, 7}, {5, 6}, {1, 4}], [{8, 3}, {2, 7}, {5, 6}, {4}, {1}], [{8, 3}, {2, 7}, {6}, {5}, {1, 4}], [{8, 3}, {4, 7}, {1, 6}, {2, 5}], [{8, 3}, {4, 7}, {2, 6}, {1, 5}], [{8, 3}, {4, 7}, {5, 6}, {1, 2}], [{8, 3}, {4, 7}, {5, 6}, {2}, {1}], [{8, 3}, {4, 7}, {6}, {5}, {1, 2}], [{8, 3}, {5, 7}, {1, 6}, {2, 4}], [{8, 3}, {5, 7}, {2, 6}, {1, 4}], [{8, 3}, {5, 7}, {4, 6}, {1, 2}], [{8, 3}, {5, 7}, {4, 6}, {2}, {1}], [{8, 3}, {6, 7}, {1, 5}, {2, 4}], [{8, 3}, {6, 7}, {2, 5}, {1, 4}], [{8, 3}, {6, 7}, {4, 5}, {1, 2}], [{8, 3}, {6, 7}, {5}, {4}, {1, 2}], [{8, 3}, {7}, {1, 6}, {2, 5}, {4}], [{8, 3}, {7}, {4, 6}, {5}, {1, 2}], [{8, 3}, {7}, {5, 6}, {2, 4}, {1}], [{8, 4}, {1, 7}, {2, 6}, {3, 5}], [{8, 4}, {1, 7}, {3, 6}, {2, 5}], [{8, 4}, {1, 7}, {5, 6}, {2, 3}], [{8, 4}, {2, 7}, {1, 6}, {3, 5}], [{8, 4}, {2, 7}, {3, 6}, {1, 5}], [{8, 4}, {2, 7}, {5, 6}, {1, 3}], [{8, 4}, {2, 7}, {6}, {5}, {1, 3}], [{8, 4}, {3, 7}, {1, 6}, {2, 5}], [{8, 4}, {3, 7}, {2, 6}, {1, 5}], [{8, 4}, {3, 7}, {5, 6}, {1, 2}], [{8, 4}, {3, 7}, {6}, {2, 5}, {1}], [{8, 4}, {5, 7}, {1, 6}, {2, 3}], [{8, 4}, {5, 7}, {2, 6}, {1, 3}], [{8, 4}, {5, 7}, {3, 6}, {1, 2}], [{8, 4}, {6, 7}, {1, 5}, {2, 3}], [{8, 4}, {6, 7}, {2, 5}, {1, 3}], [{8, 4}, {6, 7}, {3, 5}, {1, 2}], [{8, 4}, {6, 7}, {3, 5}, {2}, {1}], [{8, 4}, {6, 7}, {5}, {3}, {1, 2}], [{8, 5}, {1, 7}, {2, 6}, {3, 4}], [{8, 5}, {1, 7}, {3, 6}, {2, 4}], [{8, 5}, {1, 7}, {4, 6}, {2, 3}], [{8, 5}, {1, 7}, {6}, {4}, {2, 3}], [{8, 5}, {2, 7}, {1, 6}, {3, 4}], [{8, 5}, {2, 7}, {3, 6}, {1, 4}], [{8, 5}, {2, 7}, {4, 6}, {1, 3}], [{8, 5}, {3, 7}, {1, 6}, {2, 4}], [{8, 5}, {3, 7}, {2, 6}, {1, 4}], [{8, 5}, {3, 7}, {4, 6}, {1, 2}], [{8, 5}, {3, 7}, {6}, {1, 4}, {2}], [{8, 5}, {4, 7}, {1, 6}, {2, 3}], [{8, 5}, {4, 7}, {2, 6}, {1, 3}], [{8, 5}, {4, 7}, {3, 6}, {1, 2}], [{8, 5}, {4, 7}, {6}, {3}, {1, 2}], [{8, 5}, {6, 7}, {1, 4}, {2, 3}], [{8, 5}, {6, 7}, {2, 4}, {1, 3}], [{8, 5}, {6, 7}, {3, 4}, {1, 2}], [{8, 5}, {6, 7}, {4}, {3}, {1, 2}], [{8, 5}, {7}, {4, 6}, {1, 3}, {2}], [{8, 5}, {7}, {4, 6}, {2, 3}, {1}], [{8, 5}, {7}, {4, 6}, {3}, {1, 2}], [{8, 6}, {1, 7}, {2, 5}, {3, 4}], [{8, 6}, {1, 7}, {3, 5}, {2, 4}], [{8, 6}, {1, 7}, {4, 5}, {2, 3}], [{8, 6}, {2, 7}, {1, 5}, {3, 4}], [{8, 6}, {2, 7}, {3, 5}, {1, 4}], [{8, 6}, {2, 7}, {4, 5}, {1, 3}], [{8, 6}, {2, 7}, {4, 5}, {3}, {1}], [{8, 6}, {2, 7}, {5}, {4}, {1, 3}], [{8, 6}, {3, 7}, {1, 5}, {2, 4}], [{8, 6}, {3, 7}, {2, 5}, {1, 4}], [{8, 6}, {3, 7}, {2, 5}, {4}, {1}], [{8, 6}, {3, 7}, {4, 5}, {1, 2}], [{8, 6}, {4, 7}, {1, 5}, {2, 3}], [{8, 6}, {4, 7}, {2, 5}, {1, 3}], [{8, 6}, {4, 7}, {3, 5}, {1, 2}], [{8, 6}, {4, 7}, {5}, {3}, {1, 2}], [{8, 6}, {5, 7}, {1, 4}, {2, 3}], [{8, 6}, {5, 7}, {2, 4}, {1, 3}], [{8, 6}, {5, 7}, {3, 4}, {1, 2}], [{8, 7}, {1, 6}, {2, 5}, {3, 4}], [{8, 7}, {1, 6}, {3, 5}, {2, 4}], [{8, 7}, {1, 6}, {4, 5}, {2, 3}], [{8, 7}, {1, 6}, {5}, {2, 4}, {3}], [{8, 7}, {1, 6}, {5}, {3, 4}, {2}], [{8, 7}, {1, 6}, {5}, {4}, {2, 3}], [{8, 7}, {2, 6}, {1, 5}, {3, 4}], [{8, 7}, {2, 6}, {3, 5}, {1, 4}], [{8, 7}, {2, 6}, {4, 5}, {1, 3}], [{8, 7}, {3, 6}, {1, 5}, {2, 4}], [{8, 7}, {3, 6}, {2, 5}, {1, 4}], [{8, 7}, {3, 6}, {4, 5}, {1, 2}], [{8, 7}, {3, 6}, {4, 5}, {2}, {1}], [{8, 7}, {4, 6}, {1, 5}, {2, 3}], [{8, 7}, {4, 6}, {2, 5}, {1, 3}], [{8, 7}, {4, 6}, {3, 5}, {1, 2}], [{8, 7}, {4, 6}, {5}, {1, 3}, {2}], [{8, 7}, {4, 6}, {5}, {2, 3}, {1}], [{8, 7}, {4, 6}, {5}, {3}, {1, 2}], [{8, 7}, {5, 6}, {1, 4}, {2, 3}], [{8, 7}, {5, 6}, {2, 4}, {1, 3}], [{8, 7}, {5, 6}, {3, 4}, {1, 2}], [{8, 7}, {6}, {3, 5}, {2, 4}, {1}], [{8, 7}, {6}, {5}, {1, 4}, {2, 3}], [{8}, {1, 7}, {4, 6}, {2, 5}, {3}], [{8}, {1, 7}, {4, 6}, {3, 5}, {2}], [{8}, {1, 7}, {4, 6}, {5}, {2, 3}], [{8}, {2, 7}, {1, 6}, {5}, {3, 4}], [{8}, {2, 7}, {4, 6}, {1, 5}, {3}], [{8}, {2, 7}, {4, 6}, {3, 5}, {1}], [{8}, {2, 7}, {4, 6}, {5}, {1, 3}], [{8}, {3, 7}, {4, 6}, {1, 5}, {2}], [{8}, {3, 7}, {4, 6}, {2, 5}, {1}], [{8}, {3, 7}, {4, 6}, {5}, {1, 2}], [{8}, {4, 7}, {1, 6}, {2, 5}, {3}], [{8}, {4, 7}, {2, 6}, {1, 5}, {3}], [{8}, {4, 7}, {3, 6}, {5}, {1, 2}], [{8}, {4, 7}, {5, 6}, {1, 3}, {2}], [{8}, {4, 7}, {5, 6}, {2, 3}, {1}], [{8}, {4, 7}, {5, 6}, {3}, {1, 2}], [{8}, {4, 7}, {5, 6}, {3}, {2}, {1}], [{8}, {4, 7}, {6}, {3, 5}, {1, 2}], [{8}, {4, 7}, {6}, {5}, {3}, {1, 2}], [{8}, {5, 7}, {4, 6}, {1, 3}, {2}], [{8}, {5, 7}, {4, 6}, {2, 3}, {1}], [{8}, {5, 7}, {4, 6}, {3}, {1, 2}], [{8}, {5, 7}, {4, 6}, {3}, {2}, {1}], [{8}, {6, 7}, {3, 5}, {4}, {1, 2}], [{8}, {6, 7}, {4, 5}, {1, 3}, {2}], [{8}, {6, 7}, {4, 5}, {2, 3}, {1}], [{8}, {6, 7}, {4, 5}, {3}, {1, 2}], [{8}, {6, 7}, {5}, {3, 4}, {1, 2}], [{8}, {6, 7}, {5}, {4}, {3}, {1, 2}], [{8}, {7}, {4, 6}, {1, 5}, {2, 3}], [{8}, {7}, {4, 6}, {2, 5}, {1, 3}], [{8}, {7}, {4, 6}, {3, 5}, {1, 2}], [{8}, {7}, {4, 6}, {5}, {1, 3}, {2}], [{8}, {7}, {4, 6}, {5}, {2, 3}, {1}], [{8}, {7}, {4, 6}, {5}, {3}, {1, 2}]]",2,4 K_1^3 - 2 K_1^2 - 4 K_1 K_2 - K_1 + K_2 + K_3 + 2,O1O2O3O4U2U5U1O6O5U6O7U4U3O8U7U8,O1O2O3U4U5U3U1O6O7U6O5O4U7O8U2U8,O1O2O3U4U2O4U5O6O7U8O5O8U3U1U7U6,c,{'O1O2O3O4U5U6O5U2U1O6U7O8O7U4U8U3'},1,"<a href=""/flatknot/8.857554"">8.857554</a>",t^9-41t^7-122t^6+t^5+318t^4+225t^3-76t^2-82t-8,-t^2+2t,,
8.857555,O1O2O3O4U5U6O5U2U3O6U1O7O8U4U7U8,4,4z^3+33z^2+90z+81,4w^4z^3+33w^3z^2+90w^2z+81w,False,False,"[[ 0 -1 -1  1  1 -1 -1  0  2],[ 1  0  0  2  3  0  0  1  1],[ 1  0  0  1  1  1  1  1  1],[-1 -2 -1  0  0 -1  0  1  1],[-1 -3 -1  0  0 -2  0  1  2],[ 1  0 -1  1  2  0 -1  0  2],[ 1  0 -1  0  0  1  0  0  2],[ 0 -1 -1 -1 -1  0  0  0  1],[-2 -1 -1 -1 -2 -2 -2 -1  0]]","[[ 0  2  1  1  0 -1 -1 -1 -1],[-2  0 -1 -2 -1 -1 -1 -2 -2],[-1  1  0  0  1 -1 -2  0 -1],[-1  2  0  0  1 -1 -3  0 -2],[ 0  1 -1 -1  0 -1 -1  0  0],[ 1  1  1  1  1  0  0  1  1],[ 1  1  2  3  1  0  0  0  0],[ 1  2  0  0  0 -1  0  0  1],[ 1  2  1  2  0 -1  0 -1  0]]",True,"[-2,-1,-1,0,1,1,1,1,1,2,1,1,1,2,2,0,-1,1,2,0,1,-1,1,3,0,2,1,1,0,0,0,-1,-1,0,0,-1]","[-2,-1,-1,0,1,1,1,1,-1,0,1,1,1,2,2,0,2,0,2,-1,1,2,1,2,0,1,1,1,0,0,-1,0,-1,0,-1,0]",t^8+43t^6+280t^4+83t^2,"[-1,-1,-1,-1,0,1,1,2,-1,-1,0,0,1,1,2,-1,0,1,2,2,1,0,1,0,1,1,0,-1,0,2,2,2,1,0,-1,0]","[-2,-1,-1,0,1,1,1,1,-1,0,1,1,1,2,2,0,2,0,2,-1,1,2,1,2,0,1,1,1,0,0,-1,0,-1,0,-1,0]","[-1,-1,-1,-1,0,1,1,2,-1,-1,0,0,1,2,2,-1,0,0,0,0,2,0,1,1,1,1,1,2,3,1,-1,-1,1,0,1,2]",c,"[[{8, 1}, {2, 7}, {3, 6}, {4, 5}], [{8, 2}, {1, 7}, {3, 6}, {4, 5}], [{8, 7}, {3, 6}, {4, 5}, {1, 2}]]",1,24 K_1^3 - 26 K_1^2 - 20 K_1 K_2 - 8 K_1 + 13 K_2 + 4 K_3 + 14,O1O2O3O4U5U6U1O5O6U4O7U2U3O8U7U8,O1O2O3U4U5U6U1O7O8U7O5O6U8O4U2U3,O1O2O3U1U2O4U5O6O7U8O5O8U3U6U7U4,c,{'O1O2O3O4U5U6O5U2U3O6U1O7O8U4U7U8'},1,"<a href=""/flatknot/8.857555"">8.857555</a>",t^9-41t^7-84t^6+121t^5+396t^4+232t^3-2t^2-56t-22,-t^2+2t,,
8.857556,O1O2O3O4U5U6O5U2U3O6U1O7O8U7U4U8,4,20z^2+89z+99,20w^3z^2+89w^2z+99w,False,False,"[[ 0 -1 -1  1  2 -1 -1 -1  2],[ 1  0  0  2  3  0  0  0  1],[ 1  0  0  1  1  1  1  0  1],[-1 -2 -1  0  0 -1  0  0  1],[-2 -3 -1  0  0 -3 -1  0  2],[ 1  0 -1  1  3  0 -1 -1  2],[ 1  0 -1  0  1  1  0 -1  2],[ 1  0  0  0  0  1  1  0  1],[-2 -1 -1 -1 -2 -2 -2 -1  0]]","[[ 0  2  2  1 -1 -1 -1 -1 -1],[-2  0  2  0  0 -1 -1 -3 -3],[-2 -2  0 -1 -1 -1 -2 -1 -2],[-1  0  1  0  0 -1  0 -2 -1],[ 1  0  1  0  0  0  1  0  1],[ 1  1  1  1  0  0  1  0  1],[ 1  1  2  0 -1 -1  0  0  1],[ 1  3  1  2  0  0  0  0  0],[ 1  3  2  1 -1 -1 -1  0  0]]",True,"[-2,-2,-1,1,1,1,1,1,-2,0,0,1,1,3,3,1,1,1,2,1,2,0,1,0,2,1,0,-1,0,-1,-1,0,-1,0,-1,0]","[-2,-2,-1,1,1,1,1,1,-2,0,0,1,1,3,3,1,1,1,2,1,2,0,1,0,2,1,0,-1,0,-1,-1,0,-1,0,-1,0]",t^8+47t^6+292t^4+116t^2,"[-1,-1,-1,-1,-1,1,2,2,-1,-1,0,0,1,2,2,-1,0,1,2,1,2,0,1,1,1,0,0,0,2,0,2,2,3,0,1,2]","[-2,-2,-1,1,1,1,1,1,-2,0,1,1,2,2,2,1,0,2,0,2,3,1,2,0,1,2,-1,0,-1,-1,0,-1,-1,0,0,0]","[-1,-1,-1,-1,-1,1,2,2,-1,-1,-1,0,1,2,3,-1,-1,0,0,2,1,0,0,0,1,0,0,1,1,1,2,1,3,1,0,-2]",c,"[[{8, 4}, {2, 7}, {1, 6}, {3, 5}], [{8, 4}, {3, 7}, {1, 6}, {2, 5}]]",1,16 K_1^3 - 20 K_1^2 - 16 K_1 K_2 - 4 K_1 + 10 K_2 + 4 K_3 + 11,O1O2O3O4U5U1U6O5O6U4O7U2U3O8U7U8,O1O2O3U4U5U6U2O7O8U7O5O6U8O4U1U3,O1O2O3U1U3O4U5O6O7U8O5O8U2U6U7U4,c,{'O1O2O3O4U5U6O5U2U3O6U1O7O8U7U4U8'},1,"<a href=""/flatknot/8.857556"">8.857556</a>",t^9-43t^7-92t^6+120t^5+400t^4+151t^3-108t^2-40t+6,-2t^2+4t,,
8.857557,O1O2O3O4U5U6O5U2U3O6U1O7O8U7U8U4,3,15z^2+64z+69,-4w^4z^2+19w^3z^2+64w^2z+69w,False,False,"[[ 0 -1 -1  1  3 -1 -1 -1  1],[ 1  0  0  2  3  0  0  0  0],[ 1  0  0  1  1  1  1  0  0],[-1 -2 -1  0  0 -1  0  0  0],[-3 -3 -1  0  0 -4 -2 -1  1],[ 1  0 -1  1  4  0 -1 -1  1],[ 1  0 -1  0  2  1  0 -1  1],[ 1  0  0  0  1  1  1  0  1],[-1  0  0  0 -1 -1 -1 -1  0]]","[[ 0  3  1  1 -1 -1 -1 -1 -1],[-3  0  1  0 -1 -1 -2 -3 -4],[-1 -1  0  0  0 -1 -1  0 -1],[-1  0  0  0 -1  0  0 -2 -1],[ 1  1  0  1  0  0  1  0  1],[ 1  1  1  0  0  0  1  0  1],[ 1  2  1  0 -1 -1  0  0  1],[ 1  3  0  2  0  0  0  0  0],[ 1  4  1  1 -1 -1 -1  0  0]]",True,"[-3,-1,-1,1,1,1,1,1,-1,0,1,1,2,3,4,0,0,1,1,0,1,1,0,0,2,1,0,-1,0,-1,-1,0,-1,0,-1,0]","[-3,-1,-1,1,1,1,1,1,-1,0,1,1,2,3,4,0,0,1,1,0,1,1,0,0,2,1,0,-1,0,-1,-1,0,-1,0,-1,0]",t^8+46t^6+238t^4+183t^2,"[-1,-1,-1,-1,-1,1,1,3,-1,-1,0,0,1,2,3,-1,0,1,1,2,2,0,1,1,1,0,0,2,0,1,2,1,3,0,3,2]","[-3,-1,-1,1,1,1,1,1,2,3,0,1,2,3,3,0,1,0,2,1,2,1,2,1,2,1,0,-1,-1,-1,0,0,0,-1,-1,0]","[-1,-1,-1,-1,-1,1,1,3,-1,-1,-1,0,1,1,4,-1,-1,0,0,1,2,0,0,0,1,1,0,1,0,1,2,0,3,0,0,-1]",c,"[[{8, 2}, {3, 7}, {1, 6}, {4, 5}], [{8, 2}, {3, 7}, {4, 6}, {1, 5}], [{8, 2}, {3, 7}, {5, 6}, {1, 4}], [{8, 3}, {2, 7}, {4, 6}, {1, 5}], [{8, 3}, {7}, {4, 6}, {1, 5}, {2}], [{8, 4}, {3, 7}, {1, 6}, {2, 5}], [{8, 7}, {1, 6}, {2, 5}, {3, 4}], [{8, 7}, {1, 6}, {4, 5}, {2, 3}], [{8, 7}, {4, 6}, {1, 5}, {2, 3}], [{8, 7}, {4, 6}, {1, 5}, {3}, {2}], [{8, 7}, {5, 6}, {1, 4}, {2, 3}], [{8}, {3, 7}, {4, 6}, {1, 5}, {2}]]",1,- 8 K_1^4 + 20 K_1^3 + 8 K_1^2 K_2 - 22 K_1^2 - 18 K_1 K_2 - 2 K_1 K_3 - 6 K_1 + 12 K_2 + 4 K_3 + 13,O1O2O3O4U1U5U6O5O6U4O7U2U3O8U7U8,O1O2O3U4U5U6U3O7O8U7O5O6U8O4U1U2,O1O2O3U2U3O4U5O6O7U8O5O8U1U6U7U4,c,{'O1O2O3O4U5U6O5U2U3O6U1O7O8U7U8U4'},1,"<a href=""/flatknot/8.857557"">8.857557</a>",t^9-40t^7-70t^6+118t^5+298t^4+127t^3-30t^2+8,-t^3+3t,,
8.857558,O1O2O3O4U5U6O5U2U3O6U4O7O8U1U8U7,4,12z^3+65z^2+114z+65,12w^4z^3+65w^3z^2+114w^2z+65w,False,False,"[[ 0 -2 -1  1  2 -1 -1  1  1],[ 2  0 -1  1  2  1  1  2  1],[ 1  1  0  1  1  1  1  0  0],[-1 -1 -1  0  0 -1  0  0  0],[-2 -2 -1  0  0 -3 -1  0  0],[ 1 -1 -1  1  3  0 -1  1  1],[ 1 -1 -1  0  1  1  0  1  1],[-1 -2  0  0  0 -1 -1  0  0],[-1 -1  0  0  0 -1 -1  0  0]]","[[ 0  2  1  1  1 -1 -1 -1 -2],[-2  0  0  0  0 -1 -1 -3 -2],[-1  0  0  0  0  0 -1 -1 -1],[-1  0  0  0  0  0 -1 -1 -2],[-1  0  0  0  0 -1  0 -1 -1],[ 1  1  0  0  1  0  1  1  1],[ 1  1  1  1  0 -1  0  1 -1],[ 1  3  1  1  1 -1 -1  0 -1],[ 2  2  1  2  1 -1  1  1  0]]",True,"[-2,-1,-1,-1,1,1,1,2,0,0,0,1,1,3,2,0,0,0,1,1,1,0,0,1,1,2,1,0,1,1,-1,-1,-1,-1,1,1]","[-2,-1,-1,-1,1,1,1,2,-1,1,1,1,1,2,2,1,1,0,1,0,1,-1,1,1,1,3,1,0,1,1,0,0,0,0,0,0]",t^8+33t^6+106t^4+55t^2+1,"[-2,-1,-1,-1,1,1,1,2,0,0,2,1,2,2,2,-1,1,1,1,2,2,1,1,1,1,0,2,2,1,2,0,0,1,0,1,1]","[-2,-1,-1,-1,1,1,1,2,1,1,1,0,2,2,2,0,0,1,1,2,1,0,1,1,2,2,1,2,1,2,-1,-1,0,-1,0,2]","[-2,-1,-1,-1,1,1,1,2,-1,1,1,1,1,2,2,1,1,0,1,0,1,-1,1,1,1,3,1,0,1,1,0,0,0,0,0,0]",c,"[[{8, 1}, {2, 7}, {3, 6}, {4, 5}], [{8, 1}, {2, 7}, {4, 6}, {3, 5}], [{8, 1}, {2, 7}, {5, 6}, {3, 4}], [{8, 1}, {2, 7}, {6}, {4, 5}, {3}], [{8, 1}, {3, 7}, {2, 6}, {4, 5}], [{8, 1}, {3, 7}, {2, 6}, {5}, {4}], [{8, 1}, {3, 7}, {4, 6}, {2, 5}], [{8, 1}, {3, 7}, {5, 6}, {2, 4}], [{8, 1}, {4, 7}, {2, 6}, {3, 5}], [{8, 1}, {4, 7}, {3, 6}, {2, 5}], [{8, 1}, {4, 7}, {3, 6}, {5}, {2}], [{8, 1}, {4, 7}, {5, 6}, {2, 3}], [{8, 1}, {5, 7}, {2, 6}, {3, 4}], [{8, 1}, {5, 7}, {2, 6}, {4}, {3}], [{8, 1}, {5, 7}, {3, 6}, {2, 4}], [{8, 1}, {5, 7}, {4, 6}, {2, 3}], [{8, 1}, {6, 7}, {2, 5}, {3, 4}], [{8, 1}, {6, 7}, {3, 5}, {2, 4}], [{8, 1}, {6, 7}, {4, 5}, {2, 3}], [{8, 1}, {6, 7}, {5}, {2, 4}, {3}], [{8, 1}, {7}, {2, 6}, {3, 5}, {4}], [{8, 1}, {7}, {4, 6}, {3, 5}, {2}], [{8, 1}, {7}, {6}, {3, 5}, {2, 4}], [{8, 2}, {1, 7}, {3, 6}, {4, 5}], [{8, 2}, {1, 7}, {4, 6}, {3, 5}], [{8, 2}, {1, 7}, {4, 6}, {5}, {3}], [{8, 2}, {1, 7}, {5, 6}, {3, 4}], [{8, 2}, {3, 7}, {1, 6}, {4, 5}], [{8, 2}, {3, 7}, {4, 6}, {1, 5}], [{8, 2}, {3, 7}, {5, 6}, {1, 4}], [{8, 2}, {3, 7}, {6}, {1, 5}, {4}], [{8, 2}, {4, 7}, {1, 6}, {3, 5}], [{8, 2}, {4, 7}, {1, 6}, {5}, {3}], [{8, 2}, {4, 7}, {3, 6}, {1, 5}], [{8, 2}, {4, 7}, {5, 6}, {1, 3}], [{8, 2}, {4, 7}, {5, 6}, {3}, {1}], [{8, 2}, {4, 7}, {6}, {1, 5}, {3}], [{8, 2}, {5, 7}, {1, 6}, {3, 4}], [{8, 2}, {5, 7}, {3, 6}, {1, 4}], [{8, 2}, {5, 7}, {4, 6}, {1, 3}], [{8, 2}, {5, 7}, {4, 6}, {3}, {1}], [{8, 2}, {6, 7}, {1, 5}, {3, 4}], [{8, 2}, {6, 7}, {1, 5}, {4}, {3}], [{8, 2}, {6, 7}, {3, 5}, {1, 4}], [{8, 2}, {6, 7}, {4, 5}, {1, 3}], [{8, 2}, {7}, {3, 6}, {1, 5}, {4}], [{8, 2}, {7}, {4, 6}, {1, 5}, {3}], [{8, 2}, {7}, {6}, {1, 5}, {3, 4}], [{8, 2}, {7}, {6}, {1, 5}, {4}, {3}], [{8, 3}, {1, 7}, {2, 6}, {4, 5}], [{8, 3}, {1, 7}, {2, 6}, {5}, {4}], [{8, 3}, {1, 7}, {4, 6}, {2, 5}], [{8, 3}, {1, 7}, {4, 6}, {5}, {2}], [{8, 3}, {1, 7}, {5, 6}, {2, 4}], [{8, 3}, {1, 7}, {6}, {5}, {2, 4}], [{8, 3}, {2, 7}, {1, 6}, {4, 5}], [{8, 3}, {2, 7}, {4, 6}, {1, 5}], [{8, 3}, {2, 7}, {5, 6}, {1, 4}], [{8, 3}, {2, 7}, {5, 6}, {4}, {1}], [{8, 3}, {4, 7}, {1, 6}, {2, 5}], [{8, 3}, {4, 7}, {2, 6}, {1, 5}], [{8, 3}, {4, 7}, {5, 6}, {1, 2}], [{8, 3}, {5, 7}, {1, 6}, {2, 4}], [{8, 3}, {5, 7}, {2, 6}, {1, 4}], [{8, 3}, {5, 7}, {2, 6}, {4}, {1}], [{8, 3}, {5, 7}, {4, 6}, {1, 2}], [{8, 3}, {6, 7}, {1, 5}, {2, 4}], [{8, 3}, {6, 7}, {2, 5}, {1, 4}], [{8, 3}, {6, 7}, {4, 5}, {1, 2}], [{8, 3}, {7}, {2, 6}, {1, 5}, {4}], [{8, 3}, {7}, {6}, {2, 5}, {1, 4}], [{8, 3}, {7}, {6}, {4, 5}, {1, 2}], [{8, 4}, {1, 7}, {2, 6}, {3, 5}], [{8, 4}, {1, 7}, {2, 6}, {5}, {3}], [{8, 4}, {1, 7}, {3, 6}, {2, 5}], [{8, 4}, {1, 7}, {5, 6}, {2, 3}], [{8, 4}, {2, 7}, {1, 6}, {3, 5}], [{8, 4}, {2, 7}, {1, 6}, {5}, {3}], [{8, 4}, {2, 7}, {3, 6}, {1, 5}], [{8, 4}, {2, 7}, {5, 6}, {1, 3}], [{8, 4}, {3, 7}, {1, 6}, {2, 5}], [{8, 4}, {3, 7}, {2, 6}, {1, 5}], [{8, 4}, {3, 7}, {5, 6}, {1, 2}], [{8, 4}, {5, 7}, {1, 6}, {2, 3}], [{8, 4}, {5, 7}, {1, 6}, {3}, {2}], [{8, 4}, {5, 7}, {2, 6}, {1, 3}], [{8, 4}, {5, 7}, {2, 6}, {3}, {1}], [{8, 4}, {5, 7}, {3, 6}, {1, 2}], [{8, 4}, {5, 7}, {3, 6}, {2}, {1}], [{8, 4}, {5, 7}, {6}, {1, 3}, {2}], [{8, 4}, {5, 7}, {6}, {2, 3}, {1}], [{8, 4}, {5, 7}, {6}, {3}, {1, 2}], [{8, 4}, {5, 7}, {6}, {3}, {2}, {1}], [{8, 4}, {6, 7}, {1, 5}, {2, 3}], [{8, 4}, {6, 7}, {2, 5}, {1, 3}], [{8, 4}, {6, 7}, {3, 5}, {1, 2}], [{8, 4}, {7}, {1, 6}, {2, 5}, {3}], [{8, 4}, {7}, {2, 6}, {1, 5}, {3}], [{8, 4}, {7}, {3, 6}, {5}, {1, 2}], [{8, 5}, {1, 7}, {2, 6}, {3, 4}], [{8, 5}, {1, 7}, {2, 6}, {4}, {3}], [{8, 5}, {1, 7}, {3, 6}, {2, 4}], [{8, 5}, {1, 7}, {4, 6}, {2, 3}], [{8, 5}, {1, 7}, {4, 6}, {3}, {2}], [{8, 5}, {1, 7}, {6}, {2, 4}, {3}], [{8, 5}, {2, 7}, {1, 6}, {3, 4}], [{8, 5}, {2, 7}, {3, 6}, {1, 4}], [{8, 5}, {2, 7}, {4, 6}, {1, 3}], [{8, 5}, {2, 7}, {4, 6}, {3}, {1}], [{8, 5}, {3, 7}, {1, 6}, {2, 4}], [{8, 5}, {3, 7}, {2, 6}, {1, 4}], [{8, 5}, {3, 7}, {2, 6}, {4}, {1}], [{8, 5}, {3, 7}, {4, 6}, {1, 2}], [{8, 5}, {3, 7}, {4, 6}, {2}, {1}], [{8, 5}, {3, 7}, {6}, {2, 4}, {1}], [{8, 5}, {4, 7}, {1, 6}, {2, 3}], [{8, 5}, {4, 7}, {2, 6}, {1, 3}], [{8, 5}, {4, 7}, {3, 6}, {1, 2}], [{8, 5}, {6, 7}, {1, 4}, {2, 3}], [{8, 5}, {6, 7}, {2, 4}, {1, 3}], [{8, 5}, {6, 7}, {3, 4}, {1, 2}], [{8, 5}, {7}, {2, 6}, {4}, {1, 3}], [{8, 5}, {7}, {3, 6}, {4}, {1, 2}], [{8, 5}, {7}, {4, 6}, {1, 3}, {2}], [{8, 5}, {7}, {4, 6}, {2, 3}, {1}], [{8, 5}, {7}, {4, 6}, {3}, {1, 2}], [{8, 5}, {7}, {6}, {2, 4}, {1, 3}], [{8, 5}, {7}, {6}, {3, 4}, {1, 2}], [{8, 6}, {1, 7}, {2, 5}, {3, 4}], [{8, 6}, {1, 7}, {3, 5}, {2, 4}], [{8, 6}, {1, 7}, {4, 5}, {2, 3}], [{8, 6}, {1, 7}, {5}, {2, 4}, {3}], [{8, 6}, {2, 7}, {1, 5}, {3, 4}], [{8, 6}, {2, 7}, {1, 5}, {4}, {3}], [{8, 6}, {2, 7}, {3, 5}, {1, 4}], [{8, 6}, {2, 7}, {4, 5}, {1, 3}], [{8, 6}, {3, 7}, {1, 5}, {2, 4}], [{8, 6}, {3, 7}, {1, 5}, {4}, {2}], [{8, 6}, {3, 7}, {2, 5}, {1, 4}], [{8, 6}, {3, 7}, {4, 5}, {1, 2}], [{8, 6}, {3, 7}, {5}, {2, 4}, {1}], [{8, 6}, {4, 7}, {1, 5}, {2, 3}], [{8, 6}, {4, 7}, {1, 5}, {3}, {2}], [{8, 6}, {4, 7}, {2, 5}, {1, 3}], [{8, 6}, {4, 7}, {3, 5}, {1, 2}], [{8, 6}, {5, 7}, {1, 4}, {2, 3}], [{8, 6}, {5, 7}, {2, 4}, {1, 3}], [{8, 6}, {5, 7}, {2, 4}, {3}, {1}], [{8, 6}, {5, 7}, {3, 4}, {1, 2}], [{8, 6}, {7}, {1, 5}, {2, 4}, {3}], [{8, 6}, {7}, {1, 5}, {3, 4}, {2}], [{8, 6}, {7}, {1, 5}, {4}, {2, 3}], [{8, 6}, {7}, {1, 5}, {4}, {3}, {2}], [{8, 6}, {7}, {2, 5}, {1, 4}, {3}], [{8, 6}, {7}, {3, 5}, {2, 4}, {1}], [{8, 6}, {7}, {4, 5}, {3}, {1, 2}], [{8, 6}, {7}, {5}, {2, 4}, {1, 3}], [{8, 6}, {7}, {5}, {2, 4}, {3}, {1}], [{8, 7}, {1, 6}, {2, 5}, {3, 4}], [{8, 7}, {1, 6}, {3, 5}, {2, 4}], [{8, 7}, {1, 6}, {4, 5}, {2, 3}], [{8, 7}, {1, 6}, {5}, {2, 4}, {3}], [{8, 7}, {2, 6}, {1, 5}, {3, 4}], [{8, 7}, {2, 6}, {1, 5}, {4}, {3}], [{8, 7}, {2, 6}, {3, 5}, {1, 4}], [{8, 7}, {2, 6}, {3, 5}, {4}, {1}], [{8, 7}, {2, 6}, {4, 5}, {1, 3}], [{8, 7}, {2, 6}, {5}, {4}, {1, 3}], [{8, 7}, {3, 6}, {1, 5}, {2, 4}], [{8, 7}, {3, 6}, {2, 5}, {1, 4}], [{8, 7}, {3, 6}, {4, 5}, {1, 2}], [{8, 7}, {4, 6}, {1, 5}, {2, 3}], [{8, 7}, {4, 6}, {2, 5}, {1, 3}], [{8, 7}, {4, 6}, {3, 5}, {1, 2}], [{8, 7}, {4, 6}, {3, 5}, {2}, {1}], [{8, 7}, {5, 6}, {1, 4}, {2, 3}], [{8, 7}, {5, 6}, {2, 4}, {1, 3}], [{8, 7}, {5, 6}, {3, 4}, {1, 2}], [{8, 7}, {5, 6}, {4}, {3}, {1, 2}], [{8, 7}, {6}, {1, 5}, {3, 4}, {2}], [{8, 7}, {6}, {2, 5}, {1, 4}, {3}], [{8, 7}, {6}, {3, 5}, {2, 4}, {1}], [{8}, {1, 7}, {2, 6}, {3, 5}, {4}], [{8}, {1, 7}, {2, 6}, {4, 5}, {3}], [{8}, {1, 7}, {2, 6}, {5}, {3, 4}], [{8}, {1, 7}, {2, 6}, {5}, {4}, {3}], [{8}, {1, 7}, {3, 6}, {2, 5}, {4}], [{8}, {1, 7}, {3, 6}, {4, 5}, {2}], [{8}, {1, 7}, {3, 6}, {5}, {2, 4}], [{8}, {1, 7}, {4, 6}, {2, 5}, {3}], [{8}, {1, 7}, {4, 6}, {3, 5}, {2}], [{8}, {1, 7}, {4, 6}, {5}, {2, 3}], [{8}, {1, 7}, {4, 6}, {5}, {3}, {2}], [{8}, {1, 7}, {5, 6}, {2, 4}, {3}], [{8}, {1, 7}, {5, 6}, {3, 4}, {2}], [{8}, {1, 7}, {5, 6}, {4}, {2, 3}], [{8}, {1, 7}, {6}, {2, 5}, {3, 4}], [{8}, {1, 7}, {6}, {3, 5}, {2, 4}], [{8}, {1, 7}, {6}, {4, 5}, {2, 3}], [{8}, {1, 7}, {6}, {5}, {2, 4}, {3}], [{8}, {2, 7}, {1, 6}, {3, 5}, {4}], [{8}, {2, 7}, {3, 6}, {4, 5}, {1}], [{8}, {2, 7}, {4, 6}, {5}, {1, 3}], [{8}, {2, 7}, {5, 6}, {1, 4}, {3}], [{8}, {2, 7}, {6}, {1, 5}, {3, 4}], [{8}, {3, 7}, {1, 6}, {4, 5}, {2}], [{8}, {3, 7}, {2, 6}, {1, 5}, {4}], [{8}, {3, 7}, {4, 6}, {5}, {1, 2}], [{8}, {3, 7}, {5, 6}, {2, 4}, {1}], [{8}, {3, 7}, {6}, {2, 5}, {1, 4}], [{8}, {4, 7}, {1, 6}, {3, 5}, {2}], [{8}, {4, 7}, {2, 6}, {1, 5}, {3}], [{8}, {4, 7}, {3, 6}, {2, 5}, {1}], [{8}, {5, 7}, {2, 6}, {1, 4}, {3}], [{8}, {5, 7}, {2, 6}, {3, 4}, {1}], [{8}, {5, 7}, {2, 6}, {4}, {1, 3}], [{8}, {5, 7}, {2, 6}, {4}, {3}, {1}], [{8}, {6, 7}, {1, 5}, {3, 4}, {2}], [{8}, {6, 7}, {2, 5}, {1, 4}, {3}], [{8}, {6, 7}, {3, 5}, {2, 4}, {1}], [{8}, {7}, {1, 6}, {3, 5}, {2, 4}], [{8}, {7}, {2, 6}, {1, 5}, {3, 4}], [{8}, {7}, {2, 6}, {1, 5}, {4}, {3}], [{8}, {7}, {3, 6}, {2, 5}, {1, 4}], [{8}, {7}, {3, 6}, {4, 5}, {1, 2}], [{8}, {7}, {5, 6}, {2, 4}, {1, 3}]]",2,- 8 K_1^4 + 4 K_1^3 + 8 K_1^2 K_2 + 2 K_1^2 - 4 K_1 K_2 - 2 K_1 K_3 - K_1 + K_3 + 1,O1O2O3O4U5U6U4O6O5U1O7U2U3O8U7U8,O1O2O3U1U4U5U6O7O8U7O4O5U8O6U3U2,O1O2O3U2U1O4U5O6O7U8O5O8U4U6U7U3,c,{'O1O2O3O4U5U6O5U2U3O6U4O7O8U1U8U7'},1,"<a href=""/flatknot/8.857558"">8.857558</a>",t^9-33t^7-82t^6-10t^5+98t^4+43t^3-12t^2-18t+2,0,,
8.857559,O1O2O3O4U5U6O5U2U3O6U4O7O8U7U1U8,4,12z^3+65z^2+114z+65,12w^4z^3+65w^3z^2+114w^2z+65w,False,False,"[[ 0 -1 -1  1  2 -1 -1 -1  2],[ 1  0 -1  1  2  0  0  0  2],[ 1  1  0  1  1  1  1  0  0],[-1 -1 -1  0  0 -1  0  0  0],[-2 -2 -1  0  0 -3 -1  0  0],[ 1  0 -1  1  3  0 -1 -1  2],[ 1  0 -1  0  1  1  0 -1  2],[ 1  0  0  0  0  1  1  0  1],[-2 -2  0  0  0 -2 -2 -1  0]]","[[ 0  2  2  1 -1 -1 -1 -1 -1],[-2  0  0  0  0 -1 -1 -2 -3],[-2  0  0  0 -1  0 -2 -2 -2],[-1  0  0  0  0 -1  0 -1 -1],[ 1  0  1  0  0  0  1  0  1],[ 1  1  0  1  0  0  1  1  1],[ 1  1  2  0 -1 -1  0  0  1],[ 1  2  2  1  0 -1  0  0  0],[ 1  3  2  1 -1 -1 -1  0  0]]",True,"[-2,-2,-1,1,1,1,1,1,0,0,0,1,1,2,3,0,1,0,2,2,2,0,1,0,1,1,0,-1,0,-1,-1,-1,-1,0,-1,0]","[-2,-2,-1,1,1,1,1,1,0,0,0,1,1,2,3,0,1,0,2,2,2,0,1,0,1,1,0,-1,0,-1,-1,-1,-1,0,-1,0]",t^8+37t^6+142t^4+79t^2+4,"[-1,-1,-1,-1,-1,1,2,2,-1,-1,-1,0,1,2,3,-1,0,1,2,2,1,0,1,1,0,1,0,1,1,1,2,3,2,1,1,0]","[-2,-2,-1,1,1,1,1,1,0,1,0,1,2,2,3,1,1,1,1,3,2,1,1,2,1,2,0,-1,-1,-1,0,-1,0,-1,-1,0]","[-1,-1,-1,-1,-1,1,2,2,-1,-1,-1,0,1,2,3,-1,-1,0,0,2,1,0,0,0,1,0,1,1,0,1,1,2,2,0,0,0]",c,"[[{8, 1}, {2, 7}, {3, 6}, {4, 5}], [{8, 1}, {2, 7}, {4, 6}, {3, 5}], [{8, 1}, {2, 7}, {4, 6}, {5}, {3}], [{8, 1}, {2, 7}, {5, 6}, {3, 4}], [{8, 1}, {3, 7}, {2, 6}, {4, 5}], [{8, 1}, {3, 7}, {2, 6}, {5}, {4}], [{8, 1}, {3, 7}, {4, 6}, {2, 5}], [{8, 1}, {3, 7}, {4, 6}, {5}, {2}], [{8, 1}, {3, 7}, {5, 6}, {2, 4}], [{8, 1}, {3, 7}, {6}, {5}, {2, 4}], [{8, 1}, {4, 7}, {2, 6}, {3, 5}], [{8, 1}, {4, 7}, {2, 6}, {5}, {3}], [{8, 1}, {4, 7}, {3, 6}, {2, 5}], [{8, 1}, {4, 7}, {5, 6}, {2, 3}], [{8, 1}, {5, 7}, {2, 6}, {3, 4}], [{8, 1}, {5, 7}, {2, 6}, {4}, {3}], [{8, 1}, {5, 7}, {3, 6}, {2, 4}], [{8, 1}, {5, 7}, {4, 6}, {2, 3}], [{8, 1}, {5, 7}, {4, 6}, {3}, {2}], [{8, 1}, {5, 7}, {6}, {2, 4}, {3}], [{8, 1}, {6, 7}, {2, 5}, {3, 4}], [{8, 1}, {6, 7}, {3, 5}, {2, 4}], [{8, 1}, {6, 7}, {4, 5}, {2, 3}], [{8, 1}, {6, 7}, {5}, {2, 4}, {3}], [{8, 1}, {7}, {2, 6}, {3, 5}, {4}], [{8, 1}, {7}, {2, 6}, {4, 5}, {3}], [{8, 1}, {7}, {2, 6}, {5}, {3, 4}], [{8, 1}, {7}, {2, 6}, {5}, {4}, {3}], [{8, 1}, {7}, {3, 6}, {2, 5}, {4}], [{8, 1}, {7}, {3, 6}, {4, 5}, {2}], [{8, 1}, {7}, {3, 6}, {5}, {2, 4}], [{8, 1}, {7}, {4, 6}, {2, 5}, {3}], [{8, 1}, {7}, {4, 6}, {3, 5}, {2}], [{8, 1}, {7}, {4, 6}, {5}, {2, 3}], [{8, 1}, {7}, {4, 6}, {5}, {3}, {2}], [{8, 1}, {7}, {5, 6}, {2, 4}, {3}], [{8, 1}, {7}, {5, 6}, {3, 4}, {2}], [{8, 1}, {7}, {5, 6}, {4}, {2, 3}], [{8, 1}, {7}, {6}, {2, 5}, {3, 4}], [{8, 1}, {7}, {6}, {3, 5}, {2, 4}], [{8, 1}, {7}, {6}, {4, 5}, {2, 3}], [{8, 1}, {7}, {6}, {5}, {2, 4}, {3}], [{8, 2}, {1, 7}, {3, 6}, {4, 5}], [{8, 2}, {1, 7}, {4, 6}, {3, 5}], [{8, 2}, {1, 7}, {5, 6}, {3, 4}], [{8, 2}, {1, 7}, {5, 6}, {4}, {3}], [{8, 2}, {3, 7}, {1, 6}, {4, 5}], [{8, 2}, {3, 7}, {1, 6}, {5}, {4}], [{8, 2}, {3, 7}, {4, 6}, {1, 5}], [{8, 2}, {3, 7}, {5, 6}, {1, 4}], [{8, 2}, {4, 7}, {1, 6}, {3, 5}], [{8, 2}, {4, 7}, {1, 6}, {5}, {3}], [{8, 2}, {4, 7}, {3, 6}, {1, 5}], [{8, 2}, {4, 7}, {5, 6}, {1, 3}], [{8, 2}, {5, 7}, {1, 6}, {3, 4}], [{8, 2}, {5, 7}, {1, 6}, {4}, {3}], [{8, 2}, {5, 7}, {3, 6}, {1, 4}], [{8, 2}, {5, 7}, {3, 6}, {4}, {1}], [{8, 2}, {5, 7}, {4, 6}, {1, 3}], [{8, 2}, {5, 7}, {4, 6}, {3}, {1}], [{8, 2}, {5, 7}, {6}, {1, 4}, {3}], [{8, 2}, {5, 7}, {6}, {3, 4}, {1}], [{8, 2}, {5, 7}, {6}, {4}, {1, 3}], [{8, 2}, {5, 7}, {6}, {4}, {3}, {1}], [{8, 2}, {6, 7}, {1, 5}, {3, 4}], [{8, 2}, {6, 7}, {1, 5}, {4}, {3}], [{8, 2}, {6, 7}, {3, 5}, {1, 4}], [{8, 2}, {6, 7}, {4, 5}, {1, 3}], [{8, 2}, {7}, {1, 6}, {3, 5}, {4}], [{8, 2}, {7}, {1, 6}, {4, 5}, {3}], [{8, 2}, {7}, {1, 6}, {5}, {3, 4}], [{8, 2}, {7}, {1, 6}, {5}, {4}, {3}], [{8, 3}, {1, 7}, {2, 6}, {4, 5}], [{8, 3}, {1, 7}, {2, 6}, {5}, {4}], [{8, 3}, {1, 7}, {4, 6}, {2, 5}], [{8, 3}, {1, 7}, {5, 6}, {2, 4}], [{8, 3}, {2, 7}, {1, 6}, {4, 5}], [{8, 3}, {2, 7}, {4, 6}, {1, 5}], [{8, 3}, {2, 7}, {5, 6}, {1, 4}], [{8, 3}, {2, 7}, {6}, {4, 5}, {1}], [{8, 3}, {4, 7}, {1, 6}, {2, 5}], [{8, 3}, {4, 7}, {2, 6}, {1, 5}], [{8, 3}, {4, 7}, {5, 6}, {1, 2}], [{8, 3}, {4, 7}, {6}, {2, 5}, {1}], [{8, 3}, {5, 7}, {1, 6}, {2, 4}], [{8, 3}, {5, 7}, {2, 6}, {1, 4}], [{8, 3}, {5, 7}, {2, 6}, {4}, {1}], [{8, 3}, {5, 7}, {4, 6}, {1, 2}], [{8, 3}, {5, 7}, {6}, {1, 4}, {2}], [{8, 3}, {6, 7}, {1, 5}, {2, 4}], [{8, 3}, {6, 7}, {2, 5}, {1, 4}], [{8, 3}, {6, 7}, {4, 5}, {1, 2}], [{8, 3}, {7}, {1, 6}, {5}, {2, 4}], [{8, 3}, {7}, {2, 6}, {1, 5}, {4}], [{8, 4}, {1, 7}, {2, 6}, {3, 5}], [{8, 4}, {1, 7}, {3, 6}, {2, 5}], [{8, 4}, {1, 7}, {5, 6}, {2, 3}], [{8, 4}, {1, 7}, {6}, {2, 5}, {3}], [{8, 4}, {2, 7}, {1, 6}, {3, 5}], [{8, 4}, {2, 7}, {1, 6}, {5}, {3}], [{8, 4}, {2, 7}, {3, 6}, {1, 5}], [{8, 4}, {2, 7}, {3, 6}, {5}, {1}], [{8, 4}, {2, 7}, {5, 6}, {1, 3}], [{8, 4}, {2, 7}, {6}, {5}, {1, 3}], [{8, 4}, {3, 7}, {1, 6}, {2, 5}], [{8, 4}, {3, 7}, {1, 6}, {5}, {2}], [{8, 4}, {3, 7}, {2, 6}, {1, 5}], [{8, 4}, {3, 7}, {5, 6}, {1, 2}], [{8, 4}, {5, 7}, {1, 6}, {2, 3}], [{8, 4}, {5, 7}, {1, 6}, {3}, {2}], [{8, 4}, {5, 7}, {2, 6}, {1, 3}], [{8, 4}, {5, 7}, {2, 6}, {3}, {1}], [{8, 4}, {5, 7}, {3, 6}, {1, 2}], [{8, 4}, {5, 7}, {6}, {3}, {1, 2}], [{8, 4}, {6, 7}, {1, 5}, {2, 3}], [{8, 4}, {6, 7}, {2, 5}, {1, 3}], [{8, 4}, {6, 7}, {2, 5}, {3}, {1}], [{8, 4}, {6, 7}, {3, 5}, {1, 2}], [{8, 4}, {7}, {1, 6}, {2, 5}, {3}], [{8, 4}, {7}, {1, 6}, {3, 5}, {2}], [{8, 4}, {7}, {1, 6}, {5}, {2, 3}], [{8, 4}, {7}, {1, 6}, {5}, {3}, {2}], [{8, 5}, {1, 7}, {2, 6}, {3, 4}], [{8, 5}, {1, 7}, {2, 6}, {4}, {3}], [{8, 5}, {1, 7}, {3, 6}, {2, 4}], [{8, 5}, {1, 7}, {4, 6}, {2, 3}], [{8, 5}, {1, 7}, {6}, {3, 4}, {2}], [{8, 5}, {2, 7}, {1, 6}, {3, 4}], [{8, 5}, {2, 7}, {3, 6}, {1, 4}], [{8, 5}, {2, 7}, {3, 6}, {4}, {1}], [{8, 5}, {2, 7}, {4, 6}, {1, 3}], [{8, 5}, {2, 7}, {4, 6}, {3}, {1}], [{8, 5}, {2, 7}, {6}, {3, 4}, {1}], [{8, 5}, {3, 7}, {1, 6}, {2, 4}], [{8, 5}, {3, 7}, {2, 6}, {1, 4}], [{8, 5}, {3, 7}, {2, 6}, {4}, {1}], [{8, 5}, {3, 7}, {4, 6}, {1, 2}], [{8, 5}, {3, 7}, {4, 6}, {2}, {1}], [{8, 5}, {3, 7}, {6}, {2, 4}, {1}], [{8, 5}, {4, 7}, {1, 6}, {2, 3}], [{8, 5}, {4, 7}, {2, 6}, {1, 3}], [{8, 5}, {4, 7}, {3, 6}, {1, 2}], [{8, 5}, {4, 7}, {6}, {1, 3}, {2}], [{8, 5}, {6, 7}, {1, 4}, {2, 3}], [{8, 5}, {6, 7}, {2, 4}, {1, 3}], [{8, 5}, {6, 7}, {3, 4}, {1, 2}], [{8, 5}, {7}, {1, 6}, {2, 4}, {3}], [{8, 5}, {7}, {2, 6}, {4}, {1, 3}], [{8, 5}, {7}, {3, 6}, {1, 4}, {2}], [{8, 5}, {7}, {4, 6}, {2, 3}, {1}], [{8, 5}, {7}, {6}, {3, 4}, {1, 2}], [{8, 6}, {1, 7}, {2, 5}, {3, 4}], [{8, 6}, {1, 7}, {3, 5}, {2, 4}], [{8, 6}, {1, 7}, {4, 5}, {2, 3}], [{8, 6}, {1, 7}, {5}, {2, 4}, {3}], [{8, 6}, {2, 7}, {1, 5}, {3, 4}], [{8, 6}, {2, 7}, {3, 5}, {1, 4}], [{8, 6}, {2, 7}, {4, 5}, {1, 3}], [{8, 6}, {2, 7}, {4, 5}, {3}, {1}], [{8, 6}, {3, 7}, {1, 5}, {2, 4}], [{8, 6}, {3, 7}, {2, 5}, {1, 4}], [{8, 6}, {3, 7}, {4, 5}, {1, 2}], [{8, 6}, {3, 7}, {5}, {2, 4}, {1}], [{8, 6}, {4, 7}, {1, 5}, {2, 3}], [{8, 6}, {4, 7}, {2, 5}, {1, 3}], [{8, 6}, {4, 7}, {2, 5}, {3}, {1}], [{8, 6}, {4, 7}, {3, 5}, {1, 2}], [{8, 6}, {5, 7}, {1, 4}, {2, 3}], [{8, 6}, {5, 7}, {1, 4}, {3}, {2}], [{8, 6}, {5, 7}, {2, 4}, {1, 3}], [{8, 6}, {5, 7}, {2, 4}, {3}, {1}], [{8, 6}, {5, 7}, {3, 4}, {1, 2}], [{8, 6}, {5, 7}, {3, 4}, {2}, {1}], [{8, 6}, {5, 7}, {4}, {1, 3}, {2}], [{8, 6}, {5, 7}, {4}, {2, 3}, {1}], [{8, 6}, {5, 7}, {4}, {3}, {1, 2}], [{8, 6}, {5, 7}, {4}, {3}, {2}, {1}], [{8, 6}, {7}, {1, 5}, {2, 4}, {3}], [{8, 6}, {7}, {3, 5}, {2, 4}, {1}], [{8, 6}, {7}, {5}, {2, 4}, {1, 3}], [{8, 6}, {7}, {5}, {2, 4}, {3}, {1}], [{8, 7}, {1, 6}, {2, 5}, {3, 4}], [{8, 7}, {1, 6}, {3, 5}, {2, 4}], [{8, 7}, {1, 6}, {4, 5}, {2, 3}], [{8, 7}, {1, 6}, {5}, {2, 4}, {3}], [{8, 7}, {2, 6}, {1, 5}, {3, 4}], [{8, 7}, {2, 6}, {1, 5}, {4}, {3}], [{8, 7}, {2, 6}, {3, 5}, {1, 4}], [{8, 7}, {2, 6}, {3, 5}, {4}, {1}], [{8, 7}, {2, 6}, {4, 5}, {1, 3}], [{8, 7}, {2, 6}, {5}, {4}, {1, 3}], [{8, 7}, {3, 6}, {1, 5}, {2, 4}], [{8, 7}, {3, 6}, {2, 5}, {1, 4}], [{8, 7}, {3, 6}, {4, 5}, {1, 2}], [{8, 7}, {3, 6}, {5}, {1, 4}, {2}], [{8, 7}, {4, 6}, {1, 5}, {2, 3}], [{8, 7}, {4, 6}, {2, 5}, {1, 3}], [{8, 7}, {4, 6}, {3, 5}, {1, 2}], [{8, 7}, {4, 6}, {3, 5}, {2}, {1}], [{8, 7}, {5, 6}, {1, 4}, {2, 3}], [{8, 7}, {5, 6}, {2, 4}, {1, 3}], [{8, 7}, {5, 6}, {3, 4}, {1, 2}], [{8, 7}, {6}, {3, 5}, {2, 4}, {1}], [{8, 7}, {6}, {4, 5}, {3}, {1, 2}], [{8}, {1, 7}, {2, 6}, {3, 5}, {4}], [{8}, {1, 7}, {4, 6}, {3, 5}, {2}], [{8}, {1, 7}, {6}, {3, 5}, {2, 4}], [{8}, {2, 7}, {3, 6}, {4, 5}, {1}], [{8}, {2, 7}, {4, 6}, {1, 5}, {3}], [{8}, {2, 7}, {5, 6}, {4}, {1, 3}], [{8}, {3, 7}, {1, 6}, {5}, {2, 4}], [{8}, {3, 7}, {2, 6}, {1, 5}, {4}], [{8}, {3, 7}, {4, 6}, {1, 5}, {2}], [{8}, {3, 7}, {5, 6}, {2, 4}, {1}], [{8}, {3, 7}, {6}, {1, 5}, {2, 4}], [{8}, {4, 7}, {3, 6}, {2, 5}, {1}], [{8}, {4, 7}, {5, 6}, {3}, {1, 2}], [{8}, {5, 7}, {1, 6}, {2, 4}, {3}], [{8}, {5, 7}, {2, 6}, {1, 4}, {3}], [{8}, {5, 7}, {2, 6}, {3, 4}, {1}], [{8}, {5, 7}, {2, 6}, {4}, {1, 3}], [{8}, {5, 7}, {2, 6}, {4}, {3}, {1}], [{8}, {5, 7}, {3, 6}, {1, 4}, {2}], [{8}, {5, 7}, {4, 6}, {3}, {1, 2}], [{8}, {5, 7}, {6}, {1, 4}, {2, 3}], [{8}, {5, 7}, {6}, {1, 4}, {3}, {2}], [{8}, {6, 7}, {3, 5}, {2, 4}, {1}], [{8}, {7}, {1, 6}, {3, 5}, {2, 4}], [{8}, {7}, {1, 6}, {5}, {2, 4}, {3}], [{8}, {7}, {4, 6}, {1, 5}, {2, 3}]]",2,- 8 K_1^4 + 16 K_1^3 + 8 K_1^2 K_2 - 2 K_1^2 - 12 K_1 K_2 - 2 K_1 K_3 - 6 K_1 + 2 K_2 + 2 K_3 + 3,O1O2O3O4U5U4U6O5O6U1O7U2U3O8U7U8,O1O2O3U2U4U5U6O7O8U7O4O5U8O6U1U3,O1O2O3U1U3O4U5O6O7U8O5O8U4U6U7U2,c,{'O1O2O3O4U5U6O5U2U3O6U4O7O8U7U1U8'},1,"<a href=""/flatknot/8.857559"">8.857559</a>",t^9-33t^7-54t^6+82t^5+162t^4+20t^3-24t^2-8t+4,-2t^2+4t,,
8.857560,O1O2O3O4U5U6O5U2U3O6U7O8O7U1U4U8,3,15z^2+68z+77,-4w^4z^2+19w^3z^2-12w^3z+80w^2z+77w,False,False,"[[ 0 -2 -1  1  2 -1 -1  1  1],[ 2  0  0  2  3  1  1  2  1],[ 1  0  0  1  1  1  1  1  1],[-1 -2 -1  0  0 -1  0 -1  1],[-2 -3 -1  0  0 -3 -1 -2  0],[ 1 -1 -1  1  3  0 -1  2  1],[ 1 -1 -1  0  1  1  0  2  1],[-1 -2 -1  1  2 -2 -2  0  1],[-1 -1 -1 -1  0 -1 -1 -1  0]]","[[ 0  2  1  1  1 -1 -1 -1 -2],[-2  0  0  0 -2 -1 -1 -3 -3],[-1  0  0  1 -1  0 -1 -1 -2],[-1  0 -1  0 -1 -1 -1 -1 -1],[-1  2  1  1  0 -2 -1 -2 -2],[ 1  1  0  1  2  0 -1  1 -1],[ 1  1  1  1  1  1  0  1  0],[ 1  3  1  1  2 -1 -1  0 -1],[ 2  3  2  1  2  1  0  1  0]]",True,"[-2,-1,-1,-1,1,1,1,2,0,0,2,1,1,3,3,-1,1,0,1,1,2,1,1,1,1,1,2,1,2,2,1,-1,1,-1,0,1]","[-2,-1,-1,-1,1,1,1,2,-1,1,1,0,2,2,1,1,1,0,0,1,1,-1,1,1,1,2,1,2,1,1,-1,-1,0,-1,0,1]",t^8+55t^6+271t^4+140t^2,"[-2,-1,-1,-1,1,1,1,2,0,0,1,1,1,2,1,-1,1,0,2,1,2,1,0,1,1,0,1,1,1,2,-1,-1,-1,-1,1,1]","[-2,-1,-1,-1,1,1,1,2,-1,1,1,0,2,2,1,1,1,0,0,1,1,-1,1,1,1,2,1,2,1,1,-1,-1,0,-1,0,1]","[-2,-1,-1,-1,1,1,1,2,0,1,1,1,2,2,3,1,1,1,1,1,1,-1,1,1,2,3,1,0,2,1,-1,-1,0,-1,0,2]",c,"[[{8, 2}, {6, 7}, {3, 5}, {1, 4}]]",0,16 K_1^3 - 20 K_1^2 - 16 K_1 K_2 - 4 K_1 + 10 K_2 + 4 K_3 + 11,O1O2O3O4U5U1U4O6O5U6O7U2U3O8U7U8,O1O2O3U1U4U5U2O6O7U6O4O5U7O8U3U8,O1O2O3U4U1O4U5O6O7U8O5O8U2U6U7U3,c,{'O1O2O3O4U5U6O5U2U3O6U7O8O7U1U4U8'},1,"<a href=""/flatknot/8.857560"">8.857560</a>",t^9-55t^7-188t^6-77t^5+296t^4+140t^3-140t^2+24t+32,0,,
8.857561,O1O2O3O4U5U6O5U2U3O6U7O8O7U1U8U4,4,22z^2+99z+111,22w^3z^2+99w^2z+111w,False,False,"[[ 0 -2 -1  1  3 -1 -1  1  0],[ 2  0  0  2  4  1  1  2  0],[ 1  0  0  1  1  1  1  1  0],[-1 -2 -1  0  0 -1  0 -1  0],[-3 -4 -1  0  0 -4 -2 -2 -1],[ 1 -1 -1  1  4  0 -1  2  0],[ 1 -1 -1  0  2  1  0  2  0],[-1 -2 -1  1  2 -2 -2  0  0],[ 0  0  0  0  1  0  0  0  0]]","[[ 0  3  1  1  0 -1 -1 -1 -2],[-3  0  0 -2 -1 -1 -2 -4 -4],[-1  0  0 -1  0 -1  0 -1 -2],[-1  2  1  0  0 -1 -2 -2 -2],[ 0  1  0  0  0  0  0  0  0],[ 1  1  1  1  0  0  1  1  0],[ 1  2  0  2  0 -1  0  1 -1],[ 1  4  1  2  0 -1 -1  0 -1],[ 2  4  2  2  0  0  1  1  0]]",True,"[-3,-1,-1,0,1,1,1,2,0,2,1,1,2,4,4,1,0,1,0,1,2,0,1,2,2,2,0,0,0,0,-1,-1,0,-1,1,1]","[-3,-1,-1,0,1,1,1,2,0,2,1,1,2,4,4,1,0,1,0,1,2,0,1,2,2,2,0,0,0,0,-1,-1,0,-1,1,1]",t^8+67t^6+272t^4+139t^2+1,"[-2,-1,-1,-1,0,1,1,3,0,0,1,2,1,1,1,-1,1,1,0,2,2,1,1,0,1,0,1,1,1,3,1,1,2,-1,0,2]","[-3,-1,-1,0,1,1,1,2,0,2,2,0,2,3,1,1,1,0,0,1,1,1,1,2,1,1,1,1,1,2,-1,-1,0,-1,0,1]","[-2,-1,-1,-1,0,1,1,3,0,1,1,0,2,2,4,1,1,0,1,1,1,-1,0,1,2,4,0,0,2,2,0,0,1,-1,0,2]",c,"[[{8, 1}, {5, 7}, {4, 6}, {2, 3}], [{8, 4}, {5, 7}, {1, 6}, {2, 3}], [{8, 6}, {5, 7}, {1, 4}, {2, 3}]]",1,20 K_1^3 + 8 K_1^2 K_2 - 34 K_1^2 - 22 K_1 K_2 - 4 K_1 K_3 - 4 K_1 + 15 K_2 + 6 K_3 + 16,O1O2O3O4U1U5U4O6O5U6O7U2U3O8U7U8,O1O2O3U1U4U5U3O6O7U6O4O5U7O8U2U8,O1O2O3U4U2O4U5O6O7U8O5O8U1U6U7U3,c,{'O1O2O3O4U5U6O5U2U3O6U7O8O7U1U8U4'},1,"<a href=""/flatknot/8.857561"">8.857561</a>",t^9-63t^7-216t^6-101t^5+224t^4+5t^3-50t^2+38t+2,-t^3+t^2+t,,
8.857562,O1O2O3O4U5U6O5U2U3O6U7O8O7U4U1U8,4,8z^3+52z^2+113z+83,8w^4z^3+52w^3z^2+113w^2z+83w,False,False,"[[ 0 -1 -1  1  1 -1 -1  1  1],[ 1  0 -1  1  2  0  0  1  1],[ 1  1  0  1  1  1  1  1  1],[-1 -1 -1  0  0 -1  0 -1  1],[-1 -2 -1  0  0 -2  0 -1  0],[ 1  0 -1  1  2  0 -1  2  1],[ 1  0 -1  0  0  1  0  2  1],[-1 -1 -1  1  1 -2 -2  0  1],[-1 -1 -1 -1  0 -1 -1 -1  0]]","[[ 0  1  1  1  1 -1 -1 -1 -1],[-1  0  1  1  1 -1 -1 -2 -2],[-1 -1  0  1  0 -1 -1  0 -1],[-1 -1 -1  0  0 -1 -1 -1 -1],[-1 -1  0  0  0 -1 -2  0 -2],[ 1  1  1  1  1  0  1  1  1],[ 1  1  1  1  2 -1  0  0  0],[ 1  2  0  1  0 -1  0  0  1],[ 1  2  1  1  2 -1  0 -1  0]]",True,"[-1,-1,-1,-1,1,1,1,1,-1,-1,-1,1,1,2,2,-1,0,1,1,0,1,0,1,1,1,1,1,2,0,2,-1,-1,-1,0,0,-1]","[-1,-1,-1,-1,1,1,1,1,-1,-1,-1,1,1,1,1,-1,0,0,1,2,2,0,0,1,0,1,1,1,0,1,-1,-1,-1,0,1,0]",t^8+34t^6+151t^4+133t^2+1,"[-1,-1,-1,-1,1,1,1,1,-1,-1,-1,1,1,1,1,-1,0,0,1,2,2,0,0,1,0,1,1,1,0,1,-1,-1,-1,0,1,0]","[-1,-1,-1,-1,1,1,1,1,-1,-1,0,1,1,1,1,-1,0,1,1,1,2,1,0,1,1,0,0,0,1,2,0,-1,-1,-1,0,1]","[-1,-1,-1,-1,1,1,1,1,-1,-1,0,1,1,2,2,-1,0,0,1,0,2,1,1,1,1,1,1,1,2,1,1,0,-1,0,-1,-1]",c,"[[{8, 1}, {2, 7}, {4, 6}, {3, 5}], [{8, 2}, {1, 7}, {3, 6}, {4, 5}], [{8, 2}, {1, 7}, {4, 6}, {3, 5}], [{8, 2}, {6, 7}, {3, 5}, {1, 4}], [{8, 2}, {6, 7}, {4, 5}, {1, 3}], [{8, 6}, {2, 7}, {3, 5}, {1, 4}], [{8, 6}, {5, 7}, {2, 4}, {1, 3}]]",1,12 K_1^3 - 12 K_1^2 - 8 K_1 K_2 - 5 K_1 + 6 K_2 + K_3 + 7,O1O2O3O4U5U4U1O6O5U6O7U2U3O8U7U8,O1O2O3U2U4U5U1O6O7U6O4O5U7O8U3U8,O1O2O3U4U1O4U5O6O7U8O5O8U3U6U7U2,c,{'O1O2O3O4U5U6O5U2U3O6U7O8O7U4U1U8'},1,"<a href=""/flatknot/8.857562"">8.857562</a>",t^9-34t^7-82t^6+23t^5+162t^4+55t^3-46t^2+t+12,0,,
8.857563,O1O2O3O4U5U6O5U2U4O6U1O7O8U3U7U8,4,z^3+21z^2+87z+99,w^4z^3+21w^3z^2+87w^2z+99w,False,False,"[[ 0 -1 -1  0  2 -1 -1  0  2],[ 1  0  0  2  2  0  0  1  1],[ 1  0  0  1  1  1  1  1  1],[ 0 -2 -1  0  1 -1  0  1  2],[-2 -2 -1 -1  0 -2 -1  0  0],[ 1  0 -1  1  2  0 -1  0  2],[ 1  0 -1  0  1  1  0  0  2],[ 0 -1 -1 -1  0  0  0  0  1],[-2 -1 -1 -2  0 -2 -2 -1  0]]","[[ 0  2  2  0  0 -1 -1 -1 -1],[-2  0  0  0 -1 -1 -1 -2 -2],[-2  0  0 -1 -2 -1 -2 -1 -2],[ 0  0  1  0 -1 -1  0 -1  0],[ 0  1  2  1  0 -1  0 -2 -1],[ 1  1  1  1  1  0  1  0  1],[ 1  1  2  0  0 -1  0  0  1],[ 1  2  1  1  2  0  0  0  0],[ 1  2  2  0  1 -1 -1  0  0]]",True,"[-2,-2,0,0,1,1,1,1,0,0,1,1,1,2,2,1,2,1,2,1,2,1,1,0,1,0,1,0,2,1,-1,0,-1,0,-1,0]","[-2,-2,0,0,1,1,1,1,0,0,1,1,1,2,2,1,2,1,2,1,2,1,0,1,-1,0,1,1,0,0,-1,0,-1,0,-1,0]",t^8+38t^6+189t^4+31t^2,"[-1,-1,-1,-1,0,0,2,2,-1,-1,0,0,0,2,2,-1,0,1,1,1,2,0,0,1,1,1,-1,0,2,1,-1,0,1,1,2,0]","[-2,-2,0,0,1,1,1,1,0,0,1,1,1,2,2,1,2,1,2,1,2,1,0,1,-1,0,1,1,0,0,-1,0,-1,0,-1,0]","[-1,-1,-1,-1,0,0,2,2,-1,-1,0,0,1,2,2,-1,0,0,0,1,2,0,1,1,1,1,1,2,2,1,-1,0,1,1,2,0]",c,"[[{8, 3}, {4, 7}, {1, 6}, {2, 5}], [{8, 3}, {4, 7}, {2, 6}, {1, 5}], [{8}, {4, 7}, {1, 6}, {2, 5}, {3}]]",1,16 K_1^3 + 4 K_1^2 K_2 - 16 K_1^2 - 20 K_1 K_2 - 4 K_1 K_3 - 2 K_1 + 8 K_2 + 6 K_3 + K_4 + 8,O1O2O3O4U5U6U2O5O6U4O7U1U3O8U7U8,O1O2O3U4U5U1U6O7O8U7O5O6U8O4U2U3,O1O2O3U1U2O4U5O6O7U8O5O8U6U3U7U4,c,{'O1O2O3O4U5U6O5U2U4O6U1O7O8U3U7U8'},1,"<a href=""/flatknot/8.857563"">8.857563</a>",t^9-34t^7-84t^6+49t^5+288t^4+173t^3-90t^2-80t-14,-2t^2+4t,,
8.857564,O1O2O3O4U5U6O5U2U4O6U1O7O8U7U3U8,4,11z^2+80z+117,11w^3z^2+80w^2z+117w,False,False,"[[ 0 -1 -1  1  2 -1 -1 -1  2],[ 1  0  0  2  2  0  0  0  1],[ 1  0  0  1  1  1  1  0  1],[-1 -2 -1  0  1 -2 -1  0  2],[-2 -2 -1 -1  0 -2 -1  0  0],[ 1  0 -1  2  2  0 -1 -1  2],[ 1  0 -1  1  1  1  0 -1  2],[ 1  0  0  0  0  1  1  0  1],[-2 -1 -1 -2  0 -2 -2 -1  0]]","[[ 0  2  2  1 -1 -1 -1 -1 -1],[-2  0  0 -1  0 -1 -1 -2 -2],[-2  0  0 -2 -1 -1 -2 -1 -2],[-1  1  2  0  0 -1 -1 -2 -2],[ 1  0  1  0  0  0  1  0  1],[ 1  1  1  1  0  0  1  0  1],[ 1  1  2  1 -1 -1  0  0  1],[ 1  2  1  2  0  0  0  0  0],[ 1  2  2  2 -1 -1 -1  0  0]]",True,"[-2,-2,-1,1,1,1,1,1,0,1,0,1,1,2,2,2,1,1,2,1,2,0,1,1,2,2,0,-1,0,-1,-1,0,-1,0,-1,0]","[-2,-2,-1,1,1,1,1,1,0,-1,1,1,2,2,2,0,1,2,1,2,3,0,1,0,1,2,-1,0,-1,-1,0,-1,-1,0,0,0]",t^8+41t^6+175t^4+71t^2,"[-1,-1,-1,-1,-1,1,2,2,-1,-1,0,0,1,2,2,-1,0,1,1,1,2,0,1,0,1,1,0,0,2,1,2,2,3,-1,0,0]","[-2,-2,-1,1,1,1,1,1,0,-1,1,1,2,2,2,0,1,2,1,2,3,0,1,0,1,2,-1,0,-1,-1,0,-1,-1,0,0,0]","[-1,-1,-1,-1,-1,1,2,2,-1,-1,-1,0,2,2,2,-1,-1,0,1,1,2,0,0,0,0,1,0,1,1,1,2,2,1,1,2,0]",c,"[[{8, 1}, {3, 7}, {4, 6}, {2, 5}], [{8, 1}, {4, 7}, {2, 6}, {3, 5}], [{8, 2}, {4, 7}, {1, 6}, {3, 5}], [{8, 3}, {2, 7}, {1, 6}, {4, 5}], [{8, 3}, {4, 7}, {1, 6}, {2, 5}], [{8, 4}, {1, 7}, {3, 6}, {2, 5}], [{8, 4}, {2, 7}, {3, 6}, {1, 5}], [{8, 4}, {3, 7}, {1, 6}, {2, 5}]]",1,- 10 K_1^2 - 12 K_1 K_2 - 2 K_1 K_3 + 6 K_1 - 2 K_2^2 + 6 K_2 + 6 K_3 + 2 K_4 + 7,O1O2O3O4U5U2U6O5O6U4O7U1U3O8U7U8,O1O2O3U4U5U2U6O7O8U7O5O6U8O4U1U3,O1O2O3U1U3O4U5O6O7U8O5O8U6U2U7U4,c,{'O1O2O3O4U5U6O5U2U4O6U1O7O8U7U3U8'},1,"<a href=""/flatknot/8.857564"">8.857564</a>",t^9-37t^7-102t^6+15t^5+298t^4+217t^3-60t^2-44t+6,-2t^2+4t,,
8.857565,O1O2O3O4U5U6O5U2U4O6U1O7O8U7U8U3,3,16z^2+81z+99,16w^3z^2+81w^2z+99w,False,False,"[[ 0 -1 -1  2  2 -1 -1 -1  1],[ 1  0  0  2  2  0  0  0  0],[ 1  0  0  1  1  1  1  0  0],[-2 -2 -1  0  1 -3 -2 -1  1],[-2 -2 -1 -1  0 -2 -1  0  0],[ 1  0 -1  3  2  0 -1 -1  1],[ 1  0 -1  2  1  1  0 -1  1],[ 1  0  0  1  0  1  1  0  1],[-1  0  0 -1  0 -1 -1 -1  0]]","[[ 0  2  2  1 -1 -1 -1 -1 -1],[-2  0  1  1 -1 -1 -2 -2 -3],[-2 -1  0  0  0 -1 -1 -2 -2],[-1 -1  0  0 -1  0 -1  0 -1],[ 1  1  0  1  0  0  1  0  1],[ 1  1  1  0  0  0  1  0  1],[ 1  2  1  1 -1 -1  0  0  1],[ 1  2  2  0  0  0  0  0  0],[ 1  3  2  1 -1 -1 -1  0  0]]",True,"[-2,-2,-1,1,1,1,1,1,-1,-1,1,1,2,2,3,0,0,1,1,2,2,1,0,1,0,1,0,-1,0,-1,-1,0,-1,0,-1,0]","[-2,-2,-1,1,1,1,1,1,-1,-1,1,1,2,2,3,0,0,1,1,2,2,1,0,1,0,1,0,-1,0,-1,-1,0,-1,0,-1,0]",t^8+39t^6+138t^4+80t^2,"[-1,-1,-1,-1,-1,1,2,2,-1,-1,0,0,1,2,3,-1,0,1,1,1,2,0,1,1,0,1,0,2,1,1,2,2,2,2,1,-1]","[-2,-2,-1,1,1,1,1,1,-1,1,1,1,2,2,3,2,0,1,1,2,2,1,2,1,2,1,0,-1,-1,-1,0,0,0,-1,-1,0]","[-1,-1,-1,-1,-1,1,2,2,-1,-1,-1,0,1,2,3,-1,-1,0,1,1,2,0,0,0,1,1,0,1,0,1,0,2,2,0,-1,-1]",c,"[[{8, 1}, {4, 7}, {5, 6}, {2, 3}], [{8, 1}, {4, 7}, {6}, {5}, {2, 3}], [{8, 2}, {4, 7}, {5, 6}, {1, 3}], [{8, 2}, {4, 7}, {6}, {5}, {1, 3}], [{8, 7}, {1, 6}, {2, 5}, {3, 4}], [{8, 7}, {1, 6}, {2, 5}, {4}, {3}], [{8, 7}, {2, 6}, {1, 5}, {3, 4}], [{8, 7}, {2, 6}, {1, 5}, {4}, {3}], [{8, 7}, {3, 6}, {4, 5}, {1, 2}], [{8, 7}, {3, 6}, {4, 5}, {2}, {1}], [{8, 7}, {4, 6}, {3, 5}, {1, 2}], [{8, 7}, {4, 6}, {3, 5}, {2}, {1}], [{8, 7}, {5, 6}, {1, 4}, {2, 3}], [{8, 7}, {5, 6}, {2, 4}, {1, 3}], [{8, 7}, {6}, {5}, {1, 4}, {2, 3}], [{8, 7}, {6}, {5}, {2, 4}, {1, 3}]]",1,8 K_1^3 + 8 K_1^2 K_2 - 20 K_1^2 - 12 K_1 K_2 - 8 K_1 K_3 + 10 K_2 + 4 K_3 + 2 K_4 + 9,O1O2O3O4U2U5U6O5O6U4O7U1U3O8U7U8,O1O2O3U4U5U3U6O7O8U7O5O6U8O4U1U2,O1O2O3U2U3O4U5O6O7U8O5O8U6U1U7U4,c,{'O1O2O3O4U5U6O5U2U4O6U1O7O8U7U8U3'},1,"<a href=""/flatknot/8.857565"">8.857565</a>",t^9-35t^7-88t^6+6t^5+204t^4+184t^3+32t^2+8t+16,-2t^2+4t,,
8.857566,O1O2O3O4U5U6O5U2U4O6U3O7O8U1U8U7,4,3z^3+41z^2+117z+95,3w^4z^3+41w^3z^2+117w^2z+95w,False,False,"[[ 0 -2 -1  1  2 -1 -1  1  1],[ 2  0 -1  1  2  1  1  2  1],[ 1  1  0  1  1  1  1  0  0],[-1 -1 -1  0  1 -2 -1  0  0],[-2 -2 -1 -1  0 -2 -1  0  0],[ 1 -1 -1  2  2  0 -1  1  1],[ 1 -1 -1  1  1  1  0  1  1],[-1 -2  0  0  0 -1 -1  0  0],[-1 -1  0  0  0 -1 -1  0  0]]","[[ 0  2  1  1  1 -1 -1 -1 -2],[-2  0  0  0 -1 -1 -1 -2 -2],[-1  0  0  0  0  0 -1 -1 -1],[-1  0  0  0  0  0 -1 -1 -2],[-1  1  0  0  0 -1 -1 -2 -1],[ 1  1  0  0  1  0  1  1  1],[ 1  1  1  1  1 -1  0  1 -1],[ 1  2  1  1  2 -1 -1  0 -1],[ 2  2  1  2  1 -1  1  1  0]]",True,"[-2,-1,-1,-1,1,1,1,2,0,0,1,1,1,2,2,0,0,0,1,1,1,0,0,1,1,2,1,1,2,1,-1,-1,-1,-1,1,1]","[-2,-1,-1,-1,1,1,1,2,-1,1,1,1,1,2,2,1,1,0,1,0,1,-1,1,2,1,2,1,1,1,1,0,0,0,0,1,0]",t^8+33t^6+100t^4+40t^2,"[-2,-1,-1,-1,1,1,1,2,0,0,2,1,2,2,2,-1,1,1,1,1,2,1,1,0,1,1,2,1,2,2,0,0,1,0,0,1]","[-2,-1,-1,-1,1,1,1,2,0,1,1,1,2,2,2,0,0,0,1,1,2,0,1,1,2,1,1,1,2,2,-1,-1,0,-1,0,2]","[-2,-1,-1,-1,1,1,1,2,-1,1,1,1,1,2,2,1,1,0,1,0,1,-1,1,2,1,2,1,1,1,1,0,0,0,0,1,0]",c,"[[{8, 1}, {3, 7}, {4, 6}, {2, 5}], [{8, 5}, {2, 7}, {3, 6}, {1, 4}], [{8, 5}, {3, 7}, {2, 6}, {1, 4}], [{8, 5}, {6, 7}, {1, 4}, {2, 3}], [{8, 6}, {3, 7}, {4, 5}, {1, 2}], [{8, 6}, {7}, {4, 5}, {3}, {1, 2}]]",1,4 K_1^3 + 4 K_1^2 K_2 - 4 K_1^2 - 4 K_1 K_2 - 4 K_1 K_3 - K_1 + 2 K_2 + K_3 + K_4 + 2,O1O2O3O4U5U6U4O6O5U2O7U1U3O8U7U8,O1O2O3U1U4U5U6O7O8U7O4O6U8O5U3U2,O1O2O3U2U1O4U5O6O7U8O5O8U6U4U7U3,c,{'O1O2O3O4U5U6O5U2U4O6U3O7O8U1U8U7'},1,"<a href=""/flatknot/8.857566"">8.857566</a>",t^9-33t^7-98t^6-70t^5+72t^4+128t^3+58t^2+t-4,0,,
8.857567,O1O2O3O4U5U6O5U2U4O6U3O7O8U7U1U8,4,3z^3+41z^2+117z+95,3w^4z^3+41w^3z^2+117w^2z+95w,False,False,"[[ 0 -1 -1  1  2 -1 -1 -1  2],[ 1  0 -1  1  2  0  0  0  2],[ 1  1  0  1  1  1  1  0  0],[-1 -1 -1  0  1 -2 -1  0  0],[-2 -2 -1 -1  0 -2 -1  0  0],[ 1  0 -1  2  2  0 -1 -1  2],[ 1  0 -1  1  1  1  0 -1  2],[ 1  0  0  0  0  1  1  0  1],[-2 -2  0  0  0 -2 -2 -1  0]]","[[ 0  2  2  1 -1 -1 -1 -1 -1],[-2  0  0  0  0 -1 -2 -2 -2],[-2  0  0 -1 -1  0 -1 -2 -2],[-1  0  1  0 -1  0 -1 -1 -2],[ 1  0  1  1  0  0  1  1  1],[ 1  1  0  0  0  0  1  0  1],[ 1  2  1  1 -1 -1  0  0  1],[ 1  2  2  1 -1  0  0  0  0],[ 1  2  2  2 -1 -1 -1  0  0]]",True,"[-2,-2,-1,1,1,1,1,1,0,0,0,1,2,2,2,1,1,0,1,2,2,1,0,1,1,2,0,-1,-1,-1,-1,0,-1,0,-1,0]","[-2,-2,-1,1,1,1,1,1,0,0,0,1,2,2,2,1,1,0,1,2,2,1,0,1,1,2,0,-1,-1,-1,-1,0,-1,0,-1,0]",t^8+37t^6+130t^4+52t^2+1,"[-1,-1,-1,-1,-1,1,2,2,-1,-1,-1,0,1,2,3,-1,0,1,1,2,1,0,1,0,1,1,0,1,1,1,2,3,2,0,1,0]","[-2,-2,-1,1,1,1,1,1,0,0,1,1,2,2,3,1,1,1,1,3,2,0,1,1,1,2,0,-1,-1,-1,0,-1,0,-1,-1,0]","[-1,-1,-1,-1,-1,1,2,2,-1,-1,-1,0,2,2,2,-1,-1,0,1,1,2,0,0,0,0,1,1,1,1,0,1,2,2,1,0,0]",c,"[[{8, 6}, {2, 7}, {4, 5}, {1, 3}], [{8, 6}, {2, 7}, {4, 5}, {3}, {1}], [{8, 7}, {4, 6}, {2, 5}, {1, 3}]]",1,16 K_1^3 + 4 K_1^2 K_2 - 8 K_1^2 - 16 K_1 K_2 - 4 K_1 K_3 - 4 K_1 + 4 K_2 + 4 K_3 + K_4 + 4,O1O2O3O4U5U4U6O5O6U2O7U1U3O8U7U8,O1O2O3U2U4U5U6O7O8U7O4O6U8O5U1U3,O1O2O3U1U3O4U5O6O7U8O5O8U6U4U7U2,c,{'O1O2O3O4U5U6O5U2U4O6U3O7O8U7U1U8'},1,"<a href=""/flatknot/8.857567"">8.857567</a>",t^9-33t^7-70t^6+40t^5+204t^4+145t^3+16t^2+9t+8,-2t^2+4t,,
8.857568,O1O2O3O4U5U6O5U2U4O6U7O8O7U1U3U8,3,9z^2+70z+105,9w^3z^2+70w^2z+105w,False,False,"[[ 0 -2 -1  1  2 -1 -1  1  1],[ 2  0  0  2  2  1  1  2  1],[ 1  0  0  1  1  1  1  1  1],[-1 -2 -1  0  1 -2 -1 -1  0],[-2 -2 -1 -1  0 -2 -1 -2  0],[ 1 -1 -1  2  2  0 -1  2  1],[ 1 -1 -1  1  1  1  0  2  1],[-1 -2 -1  1  2 -2 -2  0  1],[-1 -1 -1  0  0 -1 -1 -1  0]]","[[ 0  2  1  1  1 -1 -1 -1 -2],[-2  0  0 -1 -2 -1 -1 -2 -2],[-1  0  0  0 -1 -1 -1 -1 -1],[-1  1  0  0 -1 -1 -1 -2 -2],[-1  2  1  1  0 -1 -2 -2 -2],[ 1  1  1  1  1  0  1  1  0],[ 1  1  1  1  2 -1  0  1 -1],[ 1  2  1  2  2 -1 -1  0 -1],[ 2  2  1  2  2  0  1  1  0]]",True,"[-2,-1,-1,-1,1,1,1,2,0,1,2,1,1,2,2,0,1,1,1,1,1,1,1,1,2,2,1,2,2,2,-1,-1,0,-1,1,1]","[-2,-1,-1,-1,1,1,1,2,-1,0,1,1,2,2,2,1,1,0,0,1,1,0,0,1,1,1,1,1,1,2,-1,-1,0,-1,0,1]",t^8+49t^6+123t^4+39t^2,"[-2,-1,-1,-1,1,1,1,2,0,0,1,1,1,2,2,-1,1,0,1,1,2,1,0,0,1,1,1,1,1,2,-1,-1,-1,0,0,1]","[-2,-1,-1,-1,1,1,1,2,-1,0,1,1,2,2,2,1,1,0,0,1,1,0,0,1,1,1,1,1,1,2,-1,-1,0,-1,0,1]","[-2,-1,-1,-1,1,1,1,2,0,1,1,1,2,2,2,1,1,1,1,1,1,-1,1,2,2,2,1,1,2,1,0,-1,0,-1,1,2]",c,"[[{8, 2}, {6, 7}, {3, 5}, {1, 4}], [{8, 5}, {6, 7}, {1, 4}, {2, 3}], [{8, 6}, {5, 7}, {1, 4}, {2, 3}], [{8, 7}, {5, 6}, {1, 4}, {2, 3}]]",1,- 10 K_1^2 - 12 K_1 K_2 - 2 K_1 K_3 + 6 K_1 - 2 K_2^2 + 6 K_2 + 6 K_3 + 2 K_4 + 7,O1O2O3O4U5U2U4O6O5U6O7U1U3O8U7U8,O1O2O3U1U4U2U5O6O7U6O4O5U7O8U3U8,O1O2O3U4U1O4U5O6O7U8O5O8U6U2U7U3,c,{'O1O2O3O4U5U6O5U2U4O6U7O8O7U1U3U8'},1,"<a href=""/flatknot/8.857568"">8.857568</a>",t^9-49t^7-192t^6-249t^5-62t^4+90t^3+58t^2+8t,0,,
8.857569,O1O2O3O4U5U6O5U2U4O6U7O8O7U1U8U3,4,7z^2+84z+141,7w^3z^2+84w^2z+141w,False,False,"[[ 0 -2 -1  2  2 -1 -1  1  0],[ 2  0  0  3  2  1  1  2  0],[ 1  0  0  1  1  1  1  1  0],[-2 -3 -1  0  1 -3 -2 -1 -1],[-2 -2 -1 -1  0 -2 -1 -2  0],[ 1 -1 -1  3  2  0 -1  2  0],[ 1 -1 -1  2  1  1  0  2  0],[-1 -2 -1  1  2 -2 -2  0  0],[ 0  0  0  1  0  0  0  0  0]]","[[ 0  2  2  1  0 -1 -1 -1 -2],[-2  0  1 -1 -1 -1 -2 -3 -3],[-2 -1  0 -2  0 -1 -1 -2 -2],[-1  1  2  0  0 -1 -2 -2 -2],[ 0  1  0  0  0  0  0  0  0],[ 1  1  1  1  0  0  1  1  0],[ 1  2  1  2  0 -1  0  1 -1],[ 1  3  2  2  0 -1 -1  0 -1],[ 2  3  2  2  0  0  1  1  0]]",True,"[-2,-2,-1,0,1,1,1,2,-1,1,1,1,2,3,3,2,0,1,1,2,2,0,1,2,2,2,0,0,0,0,-1,-1,0,-1,1,1]","[-2,-2,-1,0,1,1,1,2,-1,-1,2,1,2,2,2,0,1,0,1,2,1,1,0,0,1,1,1,1,1,2,-1,-1,0,-1,0,1]",t^8+58t^6+151t^4+86t^2+1,"[-2,-1,-1,-1,0,1,2,2,0,0,1,2,1,1,2,-1,1,1,0,1,2,1,1,0,0,1,1,1,2,2,1,1,2,0,-1,-1]","[-2,-2,-1,0,1,1,1,2,-1,-1,2,1,2,2,2,0,1,0,1,2,1,1,0,0,1,1,1,1,1,2,-1,-1,0,-1,0,1]","[-2,-1,-1,-1,0,1,2,2,0,1,1,0,2,2,3,1,1,0,1,1,1,-1,0,2,2,3,0,2,1,2,0,0,1,2,1,-1]",c,"[[{8, 2}, {6, 7}, {3, 5}, {1, 4}], [{8, 3}, {6, 7}, {2, 5}, {1, 4}], [{8, 3}, {6, 7}, {2, 5}, {4}, {1}], [{8, 5}, {6, 7}, {1, 4}, {2, 3}], [{8, 6}, {1, 7}, {4, 5}, {2, 3}]]",1,- 18 K_1^2 - 16 K_1 K_2 - 4 K_1 K_3 + 8 K_1 + 11 K_2 + 8 K_3 + 2 K_4 + 10,O1O2O3O4U2U5U4O6O5U6O7U1U3O8U7U8,O1O2O3U1U4U3U5O6O7U6O4O5U7O8U2U8,O1O2O3U4U2O4U5O6O7U8O5O8U6U1U7U3,c,{'O1O2O3O4U5U6O5U2U4O6U7O8O7U1U8U3'},1,"<a href=""/flatknot/8.857569"">8.857569</a>",t^9-56t^7-216t^6-256t^5-30t^4+73t^3+22t^2+12t+6,-t^2+2t,,
8.857570,O1O2O3O4U5U6O5U2U4O6U7O8O7U3U1U8,4,2z^3+31z^2+110z+113,2w^4z^3+31w^3z^2+110w^2z+113w,False,False,"[[ 0 -1 -1  0  2 -1 -1  1  1],[ 1  0 -1  1  2  0  0  1  1],[ 1  1  0  1  1  1  1  1  1],[ 0 -1 -1  0  1 -1  0  0  0],[-2 -2 -1 -1  0 -2 -1 -2  0],[ 1  0 -1  1  2  0 -1  2  1],[ 1  0 -1  0  1  1  0  2  1],[-1 -1 -1  0  2 -2 -2  0  1],[-1 -1 -1  0  0 -1 -1 -1  0]]","[[ 0  2  1  1  0 -1 -1 -1 -1],[-2  0  0 -2 -1 -1 -1 -2 -2],[-1  0  0 -1  0 -1 -1 -1 -1],[-1  2  1  0  0 -1 -2 -1 -2],[ 0  1  0  0  0 -1  0 -1 -1],[ 1  1  1  1  1  0  1  1  1],[ 1  1  1  2  0 -1  0  0  1],[ 1  2  1  1  1 -1  0  0  0],[ 1  2  1  2  1 -1 -1  0  0]]",True,"[-2,-1,-1,0,1,1,1,1,0,2,1,1,1,2,2,1,0,1,1,1,1,0,1,2,1,2,1,0,1,1,-1,-1,-1,0,-1,0]","[-2,-1,-1,0,1,1,1,1,-1,1,1,1,1,2,2,1,1,0,1,0,1,1,1,1,1,1,0,0,1,0,0,-1,-1,0,-1,-1]",t^8+37t^6+103t^4+54t^2+1,"[-1,-1,-1,-1,0,1,1,2,-1,-1,-1,0,1,1,2,-1,0,1,0,1,2,0,0,0,1,1,0,1,1,1,1,1,1,-1,-1,1]","[-2,-1,-1,0,1,1,1,1,-1,1,1,1,1,2,2,1,1,0,1,0,1,1,1,1,1,1,0,0,1,0,0,-1,-1,0,-1,-1]","[-1,-1,-1,-1,0,1,1,2,-1,-1,0,1,1,2,2,-1,0,0,1,2,1,1,1,1,1,1,1,1,1,2,0,0,1,-1,0,2]",c,"[[{8, 1}, {2, 7}, {3, 6}, {4, 5}], [{8, 1}, {2, 7}, {4, 6}, {3, 5}], [{8, 1}, {2, 7}, {5, 6}, {3, 4}], [{8, 1}, {2, 7}, {6}, {5}, {3, 4}], [{8, 1}, {3, 7}, {2, 6}, {4, 5}], [{8, 1}, {3, 7}, {4, 6}, {2, 5}], [{8, 1}, {3, 7}, {5, 6}, {2, 4}], [{8, 1}, {3, 7}, {6}, {2, 5}, {4}], [{8, 1}, {3, 7}, {6}, {4, 5}, {2}], [{8, 1}, {3, 7}, {6}, {5}, {2, 4}], [{8, 1}, {4, 7}, {2, 6}, {3, 5}], [{8, 1}, {4, 7}, {2, 6}, {5}, {3}], [{8, 1}, {4, 7}, {3, 6}, {2, 5}], [{8, 1}, {4, 7}, {5, 6}, {2, 3}], [{8, 1}, {5, 7}, {2, 6}, {3, 4}], [{8, 1}, {5, 7}, {2, 6}, {4}, {3}], [{8, 1}, {5, 7}, {3, 6}, {2, 4}], [{8, 1}, {5, 7}, {4, 6}, {2, 3}], [{8, 1}, {5, 7}, {4, 6}, {3}, {2}], [{8, 1}, {5, 7}, {6}, {2, 4}, {3}], [{8, 1}, {6, 7}, {2, 5}, {3, 4}], [{8, 1}, {6, 7}, {3, 5}, {2, 4}], [{8, 1}, {6, 7}, {4, 5}, {2, 3}], [{8, 1}, {6, 7}, {5}, {4}, {2, 3}], [{8, 1}, {7}, {2, 6}, {4, 5}, {3}], [{8, 1}, {7}, {6}, {3, 5}, {2, 4}], [{8, 2}, {1, 7}, {3, 6}, {4, 5}], [{8, 2}, {1, 7}, {4, 6}, {3, 5}], [{8, 2}, {1, 7}, {5, 6}, {3, 4}], [{8, 2}, {1, 7}, {6}, {5}, {3, 4}], [{8, 2}, {3, 7}, {1, 6}, {4, 5}], [{8, 2}, {3, 7}, {4, 6}, {1, 5}], [{8, 2}, {3, 7}, {5, 6}, {1, 4}], [{8, 2}, {3, 7}, {6}, {1, 5}, {4}], [{8, 2}, {3, 7}, {6}, {4, 5}, {1}], [{8, 2}, {3, 7}, {6}, {5}, {1, 4}], [{8, 2}, {4, 7}, {1, 6}, {3, 5}], [{8, 2}, {4, 7}, {3, 6}, {1, 5}], [{8, 2}, {4, 7}, {5, 6}, {1, 3}], [{8, 2}, {4, 7}, {6}, {3, 5}, {1}], [{8, 2}, {5, 7}, {1, 6}, {3, 4}], [{8, 2}, {5, 7}, {3, 6}, {1, 4}], [{8, 2}, {5, 7}, {4, 6}, {1, 3}], [{8, 2}, {6, 7}, {1, 5}, {3, 4}], [{8, 2}, {6, 7}, {3, 5}, {1, 4}], [{8, 2}, {6, 7}, {4, 5}, {1, 3}], [{8, 2}, {6, 7}, {5}, {3, 4}, {1}], [{8, 2}, {7}, {1, 6}, {3, 5}, {4}], [{8, 2}, {7}, {1, 6}, {4, 5}, {3}], [{8, 2}, {7}, {1, 6}, {5}, {3, 4}], [{8, 2}, {7}, {5, 6}, {1, 4}, {3}], [{8, 3}, {1, 7}, {2, 6}, {4, 5}], [{8, 3}, {1, 7}, {4, 6}, {2, 5}], [{8, 3}, {1, 7}, {5, 6}, {2, 4}], [{8, 3}, {1, 7}, {6}, {5}, {2, 4}], [{8, 3}, {2, 7}, {1, 6}, {4, 5}], [{8, 3}, {2, 7}, {4, 6}, {1, 5}], [{8, 3}, {2, 7}, {5, 6}, {1, 4}], [{8, 3}, {2, 7}, {6}, {5}, {1, 4}], [{8, 3}, {4, 7}, {1, 6}, {2, 5}], [{8, 3}, {4, 7}, {2, 6}, {1, 5}], [{8, 3}, {4, 7}, {5, 6}, {1, 2}], [{8, 3}, {4, 7}, {6}, {2, 5}, {1}], [{8, 3}, {5, 7}, {1, 6}, {2, 4}], [{8, 3}, {5, 7}, {2, 6}, {1, 4}], [{8, 3}, {5, 7}, {4, 6}, {1, 2}], [{8, 3}, {6, 7}, {1, 5}, {2, 4}], [{8, 3}, {6, 7}, {2, 5}, {1, 4}], [{8, 3}, {6, 7}, {4, 5}, {1, 2}], [{8, 3}, {6, 7}, {5}, {2, 4}, {1}], [{8, 3}, {7}, {1, 6}, {2, 5}, {4}], [{8, 3}, {7}, {1, 6}, {4, 5}, {2}], [{8, 3}, {7}, {1, 6}, {5}, {2, 4}], [{8, 3}, {7}, {2, 6}, {4, 5}, {1}], [{8, 3}, {7}, {5, 6}, {1, 4}, {2}], [{8, 3}, {7}, {6}, {4, 5}, {1, 2}], [{8, 4}, {1, 7}, {2, 6}, {3, 5}], [{8, 4}, {1, 7}, {3, 6}, {2, 5}], [{8, 4}, {1, 7}, {5, 6}, {2, 3}], [{8, 4}, {2, 7}, {1, 6}, {3, 5}], [{8, 4}, {2, 7}, {3, 6}, {1, 5}], [{8, 4}, {2, 7}, {5, 6}, {1, 3}], [{8, 4}, {2, 7}, {5, 6}, {3}, {1}], [{8, 4}, {3, 7}, {1, 6}, {2, 5}], [{8, 4}, {3, 7}, {2, 6}, {1, 5}], [{8, 4}, {3, 7}, {5, 6}, {1, 2}], [{8, 4}, {5, 7}, {1, 6}, {2, 3}], [{8, 4}, {5, 7}, {2, 6}, {1, 3}], [{8, 4}, {5, 7}, {3, 6}, {1, 2}], [{8, 4}, {6, 7}, {1, 5}, {2, 3}], [{8, 4}, {6, 7}, {2, 5}, {1, 3}], [{8, 4}, {6, 7}, {3, 5}, {1, 2}], [{8, 4}, {6, 7}, {5}, {2, 3}, {1}], [{8, 4}, {7}, {3, 6}, {5}, {1, 2}], [{8, 5}, {1, 7}, {2, 6}, {3, 4}], [{8, 5}, {1, 7}, {3, 6}, {2, 4}], [{8, 5}, {1, 7}, {4, 6}, {2, 3}], [{8, 5}, {1, 7}, {6}, {3, 4}, {2}], [{8, 5}, {2, 7}, {1, 6}, {3, 4}], [{8, 5}, {2, 7}, {3, 6}, {1, 4}], [{8, 5}, {2, 7}, {4, 6}, {1, 3}], [{8, 5}, {3, 7}, {1, 6}, {2, 4}], [{8, 5}, {3, 7}, {2, 6}, {1, 4}], [{8, 5}, {3, 7}, {4, 6}, {1, 2}], [{8, 5}, {4, 7}, {1, 6}, {2, 3}], [{8, 5}, {4, 7}, {2, 6}, {1, 3}], [{8, 5}, {4, 7}, {3, 6}, {1, 2}], [{8, 5}, {4, 7}, {6}, {2, 3}, {1}], [{8, 5}, {6, 7}, {1, 4}, {2, 3}], [{8, 5}, {6, 7}, {2, 4}, {1, 3}], [{8, 5}, {6, 7}, {3, 4}, {1, 2}], [{8, 5}, {6, 7}, {4}, {2, 3}, {1}], [{8, 5}, {7}, {3, 6}, {1, 4}, {2}], [{8, 5}, {7}, {3, 6}, {2, 4}, {1}], [{8, 5}, {7}, {3, 6}, {4}, {1, 2}], [{8, 5}, {7}, {4, 6}, {2, 3}, {1}], [{8, 6}, {1, 7}, {2, 5}, {3, 4}], [{8, 6}, {1, 7}, {3, 5}, {2, 4}], [{8, 6}, {1, 7}, {4, 5}, {2, 3}], [{8, 6}, {2, 7}, {1, 5}, {3, 4}], [{8, 6}, {2, 7}, {3, 5}, {1, 4}], [{8, 6}, {2, 7}, {4, 5}, {1, 3}], [{8, 6}, {3, 7}, {1, 5}, {2, 4}], [{8, 6}, {3, 7}, {2, 5}, {1, 4}], [{8, 6}, {3, 7}, {4, 5}, {1, 2}], [{8, 6}, {3, 7}, {4, 5}, {2}, {1}], [{8, 6}, {4, 7}, {1, 5}, {2, 3}], [{8, 6}, {4, 7}, {2, 5}, {1, 3}], [{8, 6}, {4, 7}, {2, 5}, {3}, {1}], [{8, 6}, {4, 7}, {3, 5}, {1, 2}], [{8, 6}, {5, 7}, {1, 4}, {2, 3}], [{8, 6}, {5, 7}, {2, 4}, {1, 3}], [{8, 6}, {5, 7}, {3, 4}, {1, 2}], [{8, 6}, {7}, {4, 5}, {3}, {1, 2}], [{8, 7}, {1, 6}, {2, 5}, {3, 4}], [{8, 7}, {1, 6}, {3, 5}, {2, 4}], [{8, 7}, {1, 6}, {4, 5}, {2, 3}], [{8, 7}, {1, 6}, {4, 5}, {3}, {2}], [{8, 7}, {2, 6}, {1, 5}, {3, 4}], [{8, 7}, {2, 6}, {1, 5}, {4}, {3}], [{8, 7}, {2, 6}, {3, 5}, {1, 4}], [{8, 7}, {2, 6}, {4, 5}, {1, 3}], [{8, 7}, {2, 6}, {4, 5}, {3}, {1}], [{8, 7}, {2, 6}, {5}, {1, 4}, {3}], [{8, 7}, {3, 6}, {1, 5}, {2, 4}], [{8, 7}, {3, 6}, {2, 5}, {1, 4}], [{8, 7}, {3, 6}, {4, 5}, {1, 2}], [{8, 7}, {3, 6}, {5}, {4}, {1, 2}], [{8, 7}, {4, 6}, {1, 5}, {2, 3}], [{8, 7}, {4, 6}, {2, 5}, {1, 3}], [{8, 7}, {4, 6}, {2, 5}, {3}, {1}], [{8, 7}, {4, 6}, {3, 5}, {1, 2}], [{8, 7}, {5, 6}, {1, 4}, {2, 3}], [{8, 7}, {5, 6}, {2, 4}, {1, 3}], [{8, 7}, {5, 6}, {3, 4}, {1, 2}], [{8, 7}, {6}, {4, 5}, {3}, {1, 2}], [{8}, {1, 7}, {2, 6}, {4, 5}, {3}], [{8}, {1, 7}, {3, 6}, {4, 5}, {2}], [{8}, {1, 7}, {4, 6}, {3, 5}, {2}], [{8}, {1, 7}, {6}, {2, 5}, {3, 4}], [{8}, {1, 7}, {6}, {4, 5}, {2, 3}], [{8}, {2, 7}, {1, 6}, {4, 5}, {3}], [{8}, {2, 7}, {3, 6}, {4, 5}, {1}], [{8}, {2, 7}, {4, 6}, {3, 5}, {1}], [{8}, {2, 7}, {6}, {4, 5}, {1, 3}], [{8}, {3, 7}, {1, 6}, {4, 5}, {2}], [{8}, {3, 7}, {2, 6}, {4, 5}, {1}], [{8}, {3, 7}, {6}, {4, 5}, {1, 2}], [{8}, {3, 7}, {6}, {4, 5}, {2}, {1}], [{8}, {4, 7}, {3, 6}, {1, 5}, {2}], [{8}, {4, 7}, {3, 6}, {2, 5}, {1}], [{8}, {4, 7}, {3, 6}, {5}, {1, 2}], [{8}, {4, 7}, {5, 6}, {1, 3}, {2}], [{8}, {5, 7}, {3, 6}, {4}, {1, 2}], [{8}, {5, 7}, {6}, {1, 4}, {2, 3}], [{8}, {6, 7}, {1, 5}, {4}, {2, 3}], [{8}, {6, 7}, {2, 5}, {1, 4}, {3}], [{8}, {6, 7}, {3, 5}, {1, 4}, {2}], [{8}, {6, 7}, {4, 5}, {1, 3}, {2}], [{8}, {6, 7}, {4, 5}, {2, 3}, {1}], [{8}, {6, 7}, {4, 5}, {3}, {1, 2}], [{8}, {6, 7}, {5}, {1, 4}, {2, 3}], [{8}, {6, 7}, {5}, {4}, {2, 3}, {1}], [{8}, {7}, {1, 6}, {4, 5}, {2, 3}], [{8}, {7}, {1, 6}, {4, 5}, {3}, {2}], [{8}, {7}, {2, 6}, {4, 5}, {1, 3}], [{8}, {7}, {2, 6}, {4, 5}, {3}, {1}], [{8}, {7}, {3, 6}, {4, 5}, {1, 2}], [{8}, {7}, {3, 6}, {5}, {4}, {1, 2}], [{8}, {7}, {4, 6}, {3, 5}, {1, 2}], [{8}, {7}, {5, 6}, {1, 4}, {2, 3}], [{8}, {7}, {5, 6}, {3, 4}, {1, 2}], [{8}, {7}, {6}, {4, 5}, {3}, {1, 2}]]",2,12 K_1^3 - 10 K_1^2 - 16 K_1 K_2 - K_1 + 5 K_2 + 5 K_3 + 6,O1O2O3O4U5U4U2O6O5U6O7U1U3O8U7U8,O1O2O3U2U4U1U5O6O7U6O4O5U7O8U3U8,O1O2O3U4U1O4U5O6O7U8O5O8U6U3U7U2,c,{'O1O2O3O4U5U6O5U2U4O6U7O8O7U3U1U8'},1,"<a href=""/flatknot/8.857570"">8.857570</a>",t^9-35t^7-102t^6-46t^5+116t^4+142t^3+94t^2+26t-20,-t^2+2t,,
8.857571,O1O2O3O4U5U6O5U2U7O6U3O7O8U1U8U4,4,18z^2+103z+135,18w^3z^2+103w^2z+135w,False,False,"[[ 0 -2 -1  1  3 -1 -1  0  1],[ 2  0  0  2  4  1  1  2  1],[ 1  0  0  0  1  1  2  1  0],[-1 -2  0  0  0 -2  0  0  0],[-3 -4 -1  0  0 -4 -3 -2  0],[ 1 -1 -1  2  4  0 -1  0  1],[ 1 -1 -2  0  3  1  0  0  1],[ 0 -2 -1  0  2  0  0  0  1],[-1 -1  0  0  0 -1 -1 -1  0]]","[[ 0  3  1  1  0 -1 -1 -1 -2],[-3  0  0  0 -2 -1 -3 -4 -4],[-1  0  0  0  0  0  0 -2 -2],[-1  0  0  0 -1  0 -1 -1 -1],[ 0  2  0  1  0 -1  0  0 -2],[ 1  1  0  0  1  0  2  1  0],[ 1  3  0  1  0 -2  0  1 -1],[ 1  4  2  1  0 -1 -1  0 -1],[ 2  4  2  1  2  0  1  1  0]]",True,"[-3,-1,-1,0,1,1,1,2,0,0,2,1,3,4,4,0,0,0,0,2,2,1,0,1,1,1,1,0,0,2,-2,-1,0,-1,1,1]","[-3,-1,-1,0,1,1,1,2,0,0,2,1,3,4,4,0,0,0,0,2,2,1,0,1,1,1,1,0,0,2,-2,-1,0,-1,1,1]",t^8+71t^6+431t^4+148t^2+4,"[-2,-1,-1,-1,0,1,1,3,0,0,1,0,1,2,1,-1,2,1,2,1,1,1,1,0,1,0,0,2,2,3,1,0,1,0,2,2]","[-3,-1,-1,0,1,1,1,2,2,2,1,0,1,3,1,0,0,1,1,2,2,1,0,2,2,1,1,1,0,0,-1,-1,0,-2,0,1]","[-2,-1,-1,-1,0,1,1,3,0,1,1,2,1,2,4,1,2,1,0,0,1,-1,0,1,2,4,0,1,0,3,1,0,2,0,0,0]",c,"[[{8, 1}, {2, 7}, {3, 6}, {4, 5}], [{8, 1}, {2, 7}, {4, 6}, {3, 5}], [{8, 1}, {2, 7}, {5, 6}, {3, 4}], [{8, 1}, {3, 7}, {2, 6}, {4, 5}], [{8, 1}, {3, 7}, {4, 6}, {2, 5}], [{8, 1}, {3, 7}, {5, 6}, {2, 4}], [{8, 1}, {4, 7}, {2, 6}, {3, 5}], [{8, 1}, {4, 7}, {3, 6}, {2, 5}], [{8, 1}, {4, 7}, {3, 6}, {5}, {2}], [{8, 1}, {4, 7}, {5, 6}, {2, 3}], [{8, 1}, {5, 7}, {2, 6}, {3, 4}], [{8, 1}, {5, 7}, {3, 6}, {2, 4}], [{8, 1}, {5, 7}, {3, 6}, {4}, {2}], [{8, 1}, {5, 7}, {4, 6}, {2, 3}], [{8, 1}, {6, 7}, {2, 5}, {3, 4}], [{8, 1}, {6, 7}, {3, 5}, {2, 4}], [{8, 1}, {6, 7}, {4, 5}, {2, 3}], [{8, 1}, {7}, {2, 6}, {3, 5}, {4}], [{8, 1}, {7}, {3, 6}, {4, 5}, {2}], [{8, 1}, {7}, {4, 6}, {3, 5}, {2}], [{8, 1}, {7}, {6}, {2, 5}, {3, 4}], [{8, 1}, {7}, {6}, {3, 5}, {2, 4}], [{8, 2}, {1, 7}, {3, 6}, {4, 5}], [{8, 2}, {1, 7}, {3, 6}, {5}, {4}], [{8, 2}, {1, 7}, {4, 6}, {3, 5}], [{8, 2}, {1, 7}, {5, 6}, {3, 4}], [{8, 2}, {3, 7}, {1, 6}, {4, 5}], [{8, 2}, {3, 7}, {1, 6}, {5}, {4}], [{8, 2}, {3, 7}, {4, 6}, {1, 5}], [{8, 2}, {3, 7}, {5, 6}, {1, 4}], [{8, 2}, {4, 7}, {1, 6}, {3, 5}], [{8, 2}, {4, 7}, {3, 6}, {1, 5}], [{8, 2}, {4, 7}, {3, 6}, {5}, {1}], [{8, 2}, {4, 7}, {5, 6}, {1, 3}], [{8, 2}, {5, 7}, {1, 6}, {3, 4}], [{8, 2}, {5, 7}, {1, 6}, {4}, {3}], [{8, 2}, {5, 7}, {3, 6}, {1, 4}], [{8, 2}, {5, 7}, {3, 6}, {4}, {1}], [{8, 2}, {5, 7}, {4, 6}, {1, 3}], [{8, 2}, {5, 7}, {6}, {4}, {1, 3}], [{8, 2}, {6, 7}, {1, 5}, {3, 4}], [{8, 2}, {6, 7}, {3, 5}, {1, 4}], [{8, 2}, {6, 7}, {4, 5}, {1, 3}], [{8, 2}, {7}, {1, 6}, {3, 5}, {4}], [{8, 2}, {7}, {3, 6}, {1, 5}, {4}], [{8, 2}, {7}, {3, 6}, {4, 5}, {1}], [{8, 2}, {7}, {3, 6}, {5}, {1, 4}], [{8, 2}, {7}, {4, 6}, {3, 5}, {1}], [{8, 2}, {7}, {5, 6}, {1, 4}, {3}], [{8, 2}, {7}, {6}, {3, 5}, {1, 4}], [{8, 3}, {1, 7}, {2, 6}, {4, 5}], [{8, 3}, {1, 7}, {4, 6}, {2, 5}], [{8, 3}, {1, 7}, {5, 6}, {2, 4}], [{8, 3}, {1, 7}, {6}, {5}, {2, 4}], [{8, 3}, {2, 7}, {1, 6}, {4, 5}], [{8, 3}, {2, 7}, {4, 6}, {1, 5}], [{8, 3}, {2, 7}, {5, 6}, {1, 4}], [{8, 3}, {2, 7}, {5, 6}, {4}, {1}], [{8, 3}, {2, 7}, {6}, {5}, {1, 4}], [{8, 3}, {4, 7}, {1, 6}, {2, 5}], [{8, 3}, {4, 7}, {1, 6}, {5}, {2}], [{8, 3}, {4, 7}, {2, 6}, {1, 5}], [{8, 3}, {4, 7}, {5, 6}, {1, 2}], [{8, 3}, {5, 7}, {1, 6}, {2, 4}], [{8, 3}, {5, 7}, {1, 6}, {4}, {2}], [{8, 3}, {5, 7}, {2, 6}, {1, 4}], [{8, 3}, {5, 7}, {4, 6}, {1, 2}], [{8, 3}, {6, 7}, {1, 5}, {2, 4}], [{8, 3}, {6, 7}, {1, 5}, {4}, {2}], [{8, 3}, {6, 7}, {2, 5}, {1, 4}], [{8, 3}, {6, 7}, {2, 5}, {4}, {1}], [{8, 3}, {6, 7}, {4, 5}, {1, 2}], [{8, 3}, {6, 7}, {5}, {4}, {1, 2}], [{8, 3}, {7}, {1, 6}, {4, 5}, {2}], [{8, 3}, {7}, {5, 6}, {1, 4}, {2}], [{8, 4}, {1, 7}, {2, 6}, {3, 5}], [{8, 4}, {1, 7}, {3, 6}, {2, 5}], [{8, 4}, {1, 7}, {5, 6}, {2, 3}], [{8, 4}, {2, 7}, {1, 6}, {3, 5}], [{8, 4}, {2, 7}, {3, 6}, {1, 5}], [{8, 4}, {2, 7}, {5, 6}, {1, 3}], [{8, 4}, {3, 7}, {1, 6}, {2, 5}], [{8, 4}, {3, 7}, {1, 6}, {5}, {2}], [{8, 4}, {3, 7}, {2, 6}, {1, 5}], [{8, 4}, {3, 7}, {5, 6}, {1, 2}], [{8, 4}, {5, 7}, {1, 6}, {2, 3}], [{8, 4}, {5, 7}, {1, 6}, {3}, {2}], [{8, 4}, {5, 7}, {2, 6}, {1, 3}], [{8, 4}, {5, 7}, {3, 6}, {1, 2}], [{8, 4}, {5, 7}, {3, 6}, {2}, {1}], [{8, 4}, {5, 7}, {6}, {1, 3}, {2}], [{8, 4}, {6, 7}, {1, 5}, {2, 3}], [{8, 4}, {6, 7}, {2, 5}, {1, 3}], [{8, 4}, {6, 7}, {3, 5}, {1, 2}], [{8, 4}, {6, 7}, {5}, {1, 3}, {2}], [{8, 4}, {7}, {1, 6}, {3, 5}, {2}], [{8, 4}, {7}, {2, 6}, {3, 5}, {1}], [{8, 4}, {7}, {5, 6}, {1, 3}, {2}], [{8, 4}, {7}, {6}, {3, 5}, {1, 2}], [{8, 5}, {1, 7}, {2, 6}, {3, 4}], [{8, 5}, {1, 7}, {3, 6}, {2, 4}], [{8, 5}, {1, 7}, {4, 6}, {2, 3}], [{8, 5}, {2, 7}, {1, 6}, {3, 4}], [{8, 5}, {2, 7}, {3, 6}, {1, 4}], [{8, 5}, {2, 7}, {4, 6}, {1, 3}], [{8, 5}, {2, 7}, {6}, {1, 4}, {3}], [{8, 5}, {3, 7}, {1, 6}, {2, 4}], [{8, 5}, {3, 7}, {2, 6}, {1, 4}], [{8, 5}, {3, 7}, {4, 6}, {1, 2}], [{8, 5}, {3, 7}, {4, 6}, {2}, {1}], [{8, 5}, {4, 7}, {1, 6}, {2, 3}], [{8, 5}, {4, 7}, {2, 6}, {1, 3}], [{8, 5}, {4, 7}, {3, 6}, {1, 2}], [{8, 5}, {4, 7}, {3, 6}, {2}, {1}], [{8, 5}, {6, 7}, {1, 4}, {2, 3}], [{8, 5}, {6, 7}, {2, 4}, {1, 3}], [{8, 5}, {6, 7}, {3, 4}, {1, 2}], [{8, 6}, {1, 7}, {2, 5}, {3, 4}], [{8, 6}, {1, 7}, {3, 5}, {2, 4}], [{8, 6}, {1, 7}, {4, 5}, {2, 3}], [{8, 6}, {2, 7}, {1, 5}, {3, 4}], [{8, 6}, {2, 7}, {3, 5}, {1, 4}], [{8, 6}, {2, 7}, {4, 5}, {1, 3}], [{8, 6}, {3, 7}, {1, 5}, {2, 4}], [{8, 6}, {3, 7}, {1, 5}, {4}, {2}], [{8, 6}, {3, 7}, {2, 5}, {1, 4}], [{8, 6}, {3, 7}, {4, 5}, {1, 2}], [{8, 6}, {4, 7}, {1, 5}, {2, 3}], [{8, 6}, {4, 7}, {2, 5}, {1, 3}], [{8, 6}, {4, 7}, {3, 5}, {1, 2}], [{8, 6}, {4, 7}, {5}, {1, 3}, {2}], [{8, 6}, {5, 7}, {1, 4}, {2, 3}], [{8, 6}, {5, 7}, {2, 4}, {1, 3}], [{8, 6}, {5, 7}, {3, 4}, {1, 2}], [{8, 6}, {5, 7}, {4}, {1, 3}, {2}], [{8, 6}, {7}, {2, 5}, {3, 4}, {1}], [{8, 6}, {7}, {3, 5}, {1, 4}, {2}], [{8, 6}, {7}, {3, 5}, {2, 4}, {1}], [{8, 6}, {7}, {3, 5}, {4}, {1, 2}], [{8, 6}, {7}, {4, 5}, {1, 3}, {2}], [{8, 7}, {1, 6}, {2, 5}, {3, 4}], [{8, 7}, {1, 6}, {3, 5}, {2, 4}], [{8, 7}, {1, 6}, {4, 5}, {2, 3}], [{8, 7}, {2, 6}, {1, 5}, {3, 4}], [{8, 7}, {2, 6}, {3, 5}, {1, 4}], [{8, 7}, {2, 6}, {4, 5}, {1, 3}], [{8, 7}, {3, 6}, {1, 5}, {2, 4}], [{8, 7}, {3, 6}, {2, 5}, {1, 4}], [{8, 7}, {3, 6}, {4, 5}, {1, 2}], [{8, 7}, {3, 6}, {4, 5}, {2}, {1}], [{8, 7}, {4, 6}, {1, 5}, {2, 3}], [{8, 7}, {4, 6}, {2, 5}, {1, 3}], [{8, 7}, {4, 6}, {3, 5}, {1, 2}], [{8, 7}, {5, 6}, {1, 4}, {2, 3}], [{8, 7}, {5, 6}, {2, 4}, {1, 3}], [{8, 7}, {5, 6}, {3, 4}, {1, 2}], [{8, 7}, {6}, {3, 5}, {1, 4}, {2}], [{8}, {1, 7}, {3, 6}, {4, 5}, {2}], [{8}, {1, 7}, {5, 6}, {2, 4}, {3}], [{8}, {2, 7}, {1, 6}, {5}, {3, 4}], [{8}, {2, 7}, {3, 6}, {4, 5}, {1}], [{8}, {2, 7}, {6}, {3, 5}, {1, 4}], [{8}, {3, 7}, {1, 6}, {5}, {2, 4}], [{8}, {3, 7}, {2, 6}, {5}, {1, 4}], [{8}, {3, 7}, {4, 6}, {5}, {1, 2}], [{8}, {4, 7}, {3, 6}, {1, 5}, {2}], [{8}, {4, 7}, {3, 6}, {2, 5}, {1}], [{8}, {4, 7}, {3, 6}, {5}, {1, 2}], [{8}, {4, 7}, {3, 6}, {5}, {2}, {1}], [{8}, {5, 7}, {1, 6}, {2, 4}, {3}], [{8}, {5, 7}, {1, 6}, {3, 4}, {2}], [{8}, {5, 7}, {1, 6}, {4}, {2, 3}], [{8}, {5, 7}, {1, 6}, {4}, {3}, {2}], [{8}, {5, 7}, {2, 6}, {1, 4}, {3}], [{8}, {5, 7}, {2, 6}, {3, 4}, {1}], [{8}, {5, 7}, {2, 6}, {4}, {1, 3}], [{8}, {5, 7}, {3, 6}, {1, 4}, {2}], [{8}, {5, 7}, {3, 6}, {2, 4}, {1}], [{8}, {5, 7}, {3, 6}, {4}, {1, 2}], [{8}, {5, 7}, {3, 6}, {4}, {2}, {1}], [{8}, {5, 7}, {4, 6}, {1, 3}, {2}], [{8}, {5, 7}, {4, 6}, {2, 3}, {1}], [{8}, {5, 7}, {4, 6}, {3}, {1, 2}], [{8}, {5, 7}, {6}, {1, 4}, {2, 3}], [{8}, {5, 7}, {6}, {2, 4}, {1, 3}], [{8}, {5, 7}, {6}, {3, 4}, {1, 2}], [{8}, {5, 7}, {6}, {4}, {1, 3}, {2}], [{8}, {6, 7}, {2, 5}, {1, 4}, {3}], [{8}, {6, 7}, {3, 5}, {1, 4}, {2}], [{8}, {6, 7}, {5}, {1, 4}, {2, 3}], [{8}, {7}, {1, 6}, {2, 5}, {3, 4}], [{8}, {7}, {1, 6}, {3, 5}, {2, 4}], [{8}, {7}, {2, 6}, {3, 5}, {1, 4}], [{8}, {7}, {3, 6}, {4, 5}, {1, 2}], [{8}, {7}, {3, 6}, {4, 5}, {2}, {1}], [{8}, {7}, {4, 6}, {3, 5}, {1, 2}], [{8}, {7}, {5, 6}, {1, 4}, {2, 3}]]",2,28 K_1^3 - 42 K_1^2 - 26 K_1 K_2 - 8 K_1 + 21 K_2 + 6 K_3 + 22,O1O2O3O4U1U5U4O5O6U2O7U6U3O8U7U8,O1O2O3U1U4U5U3O6O7U6O4O8U7O5U8U2,O1O2O3U2U4O5U6O4O7U8O6O8U1U5U7U3,c,{'O1O2O3O4U5U6O5U2U7O6U3O7O8U1U8U4'},1,"<a href=""/flatknot/8.857571"">8.857571</a>",t^9-67t^7-176t^6+252t^5+576t^4-198t^3-280t^2-145t-18,-t^3+t^2+t,,
8.857572,O1O2O3O4U5U6O5U2U7O6U3O7O8U4U1U8,4,18z^2+103z+135,18w^3z^2+103w^2z+135w,False,False,"[[ 0 -1 -1  1  1 -1 -1  0  2],[ 1  0 -1  1  2  0  0  1  2],[ 1  1  0  0  1  1  2  1  1],[-1 -1  0  0  0 -2  0  0  1],[-1 -2 -1  0  0 -2 -1  0  1],[ 1  0 -1  2  2  0 -1  0  2],[ 1  0 -2  0  1  1  0  0  2],[ 0 -1 -1  0  0  0  0  0  2],[-2 -2 -1 -1 -1 -2 -2 -2  0]]","[[ 0  2  1  1  0 -1 -1 -1 -1],[-2  0 -1 -1 -2 -1 -2 -2 -2],[-1  1  0  0  0  0  0 -1 -2],[-1  1  0  0  0 -1 -1 -2 -2],[ 0  2  0  0  0 -1  0 -1  0],[ 1  1  0  1  1  0  2  1  1],[ 1  2  0  1  0 -2  0  0  1],[ 1  2  1  2  1 -1  0  0  0],[ 1  2  2  2  0 -1 -1  0  0]]",True,"[-2,-1,-1,0,1,1,1,1,1,1,2,1,2,2,2,0,0,0,0,1,2,0,1,1,2,2,1,0,1,0,-2,-1,-1,0,-1,0]","[-2,-1,-1,0,1,1,1,1,0,0,0,1,1,1,2,0,1,0,0,1,1,1,0,1,2,2,1,0,1,0,0,-1,-1,0,-1,-2]",t^8+43t^6+244t^4+171t^2+9,"[-1,-1,-1,-1,0,1,1,2,-2,-1,-1,0,1,2,2,-1,0,1,1,2,1,0,1,0,0,1,0,0,1,1,1,1,0,0,0,0]","[-2,-1,-1,0,1,1,1,1,0,0,0,1,1,1,2,0,1,0,0,1,1,1,0,1,2,2,1,0,1,0,0,-1,-1,0,-1,-2]","[-1,-1,-1,-1,0,1,1,2,-2,0,1,0,0,1,2,1,1,1,0,1,1,0,1,1,2,2,0,2,2,2,0,0,2,0,1,1]",c,"[[{8, 2}, {5, 7}, {3, 6}, {1, 4}], [{8, 5}, {2, 7}, {3, 6}, {1, 4}], [{8, 7}, {3, 6}, {2, 5}, {1, 4}]]",1,24 K_1^3 - 34 K_1^2 - 20 K_1 K_2 - 8 K_1 + 17 K_2 + 4 K_3 + 18,O1O2O3O4U5U4U1O5O6U2O7U6U3O8U7U8,O1O2O3U2U4U5U1O6O7U6O4O8U7O5U8U3,O1O2O3U1U4O5U6O4O7U8O6O8U3U5U7U2,c,{'O1O2O3O4U5U6O5U2U7O6U3O7O8U4U1U8'},1,"<a href=""/flatknot/8.857572"">8.857572</a>",t^9-41t^7-94t^6+97t^5+276t^4-56t^3-218t^2+8t+8,-t^2+2t,,
8.857573,O1O2O3O4U5U6O5U2U7O6U4O7O8U1U8U3,4,13z^2+90z+129,13w^3z^2+90w^2z+129w,False,False,"[[ 0 -2 -1  2  2 -1 -1  0  1],[ 2  0  0  3  2  1  1  2  1],[ 1  0  0  1  0  1  2  1  0],[-2 -3 -1  0  1 -3 -2 -2  0],[-2 -2  0 -1  0 -3 -1 -1  0],[ 1 -1 -1  3  3  0 -1  0  1],[ 1 -1 -2  2  1  1  0  0  1],[ 0 -2 -1  2  1  0  0  0  1],[-1 -1  0  0  0 -1 -1 -1  0]]","[[ 0  2  2  1  0 -1 -1 -1 -2],[-2  0  1  0 -2 -1 -2 -3 -3],[-2 -1  0  0 -1  0 -1 -3 -2],[-1  0  0  0 -1  0 -1 -1 -1],[ 0  2  1  1  0 -1  0  0 -2],[ 1  1  0  0  1  0  2  1  0],[ 1  2  1  1  0 -2  0  1 -1],[ 1  3  3  1  0 -1 -1  0 -1],[ 2  3  2  1  2  0  1  1  0]]",True,"[-2,-2,-1,0,1,1,1,2,-1,0,2,1,2,3,3,0,1,0,1,3,2,1,0,1,1,1,1,0,0,2,-2,-1,0,-1,1,1]","[-2,-2,-1,0,1,1,1,2,-1,0,2,1,2,3,3,0,1,0,1,3,2,1,0,1,1,1,1,0,0,2,-2,-1,0,-1,1,1]",t^8+60t^6+287t^4+135t^2+4,"[-2,-1,-1,-1,0,1,2,2,0,0,1,0,2,1,2,-1,2,1,1,1,2,1,1,1,0,0,0,2,2,3,0,0,1,1,1,-1]","[-2,-2,-1,0,1,1,1,2,-1,1,1,0,2,3,2,1,0,0,1,2,1,0,1,1,2,2,1,1,0,0,-1,-1,0,-2,0,1]","[-2,-1,-1,-1,0,1,2,2,0,1,1,2,1,2,3,1,2,1,0,0,1,-1,0,1,3,3,0,1,1,2,1,1,2,0,0,-1]",c,"[[{8, 1}, {2, 7}, {4, 6}, {3, 5}]]",1,- 22 K_1^2 - 12 K_1 K_2 + 6 K_1 - 4 K_2^2 + 11 K_2 + 6 K_3 + 2 K_4 + 14,O1O2O3O4U2U5U4O5O6U1O7U6U3O8U7U8,O1O2O3U1U4U3U5O6O7U6O4O8U7O5U8U2,O1O2O3U2U4O5U6O4O7U8O6O8U5U1U7U3,c,{'O1O2O3O4U5U6O5U2U7O6U4O7O8U1U8U3'},1,"<a href=""/flatknot/8.857573"">8.857573</a>",t^9-58t^7-176t^6+92t^5+476t^4-104t^3-262t^2+185t-58,-t^2+2t,,
8.857574,O1O2O3O4U5U6O5U2U7O6U4O7O8U3U1U8,4,14z^2+97z+139,14w^3z^2-2w^3z+99w^2z+139w,False,False,"[[ 0 -1 -1  0  2 -1 -1  0  2],[ 1  0 -1  1  2  0  0  1  2],[ 1  1  0  1  0  1  2  1  1],[ 0 -1 -1  0  1 -1  0  0  1],[-2 -2  0 -1  0 -3 -1 -1  0],[ 1  0 -1  1  3  0 -1  0  2],[ 1  0 -2  0  1  1  0  0  2],[ 0 -1 -1  0  1  0  0  0  2],[-2 -2 -1 -1  0 -2 -2 -2  0]]","[[ 0  2  2  0  0 -1 -1 -1 -1],[-2  0  0 -1 -1  0 -1 -2 -3],[-2  0  0 -1 -2 -1 -2 -2 -2],[ 0  1  1  0  0 -1  0 -1 -1],[ 0  1  2  0  0 -1  0 -1  0],[ 1  0  1  1  1  0  2  1  1],[ 1  1  2  0  0 -2  0  0  1],[ 1  2  2  1  1 -1  0  0  0],[ 1  3  2  1  0 -1 -1  0  0]]",True,"[-2,-2,0,0,1,1,1,1,0,1,1,0,1,2,3,1,2,1,2,2,2,0,1,0,1,1,1,0,1,0,-2,-1,-1,0,-1,0]","[-2,-2,0,0,1,1,1,1,0,0,1,1,1,1,2,1,1,0,1,2,3,0,1,0,1,0,0,0,1,0,0,-1,-1,0,-1,-2]",t^8+46t^6+209t^4+101t^2+9,"[-1,-1,-1,-1,0,0,2,2,-2,-1,-1,0,0,2,3,-1,0,1,1,1,2,0,0,1,1,0,0,0,1,1,0,1,1,0,1,0]","[-2,-2,0,0,1,1,1,1,0,0,1,1,1,1,2,1,1,0,1,2,3,0,1,0,1,0,0,0,1,0,0,-1,-1,0,-1,-2]","[-1,-1,-1,-1,0,0,2,2,-2,0,1,0,0,1,2,1,1,1,1,0,1,0,1,1,2,2,0,1,3,2,0,1,2,1,1,0]",c,"[[{8, 5}, {3, 7}, {4, 6}, {1, 2}]]",1,- 20 K_1^2 - 12 K_1 K_2 + 6 K_1 - 4 K_2^2 + 10 K_2 + 6 K_3 + 2 K_4 + 13,O1O2O3O4U5U4U2O5O6U1O7U6U3O8U7U8,O1O2O3U2U4U1U5O6O7U6O4O8U7O5U8U3,O1O2O3U1U4O5U6O4O7U8O6O8U5U3U7U2,c,{'O1O2O3O4U5U6O5U2U7O6U4O7O8U3U1U8'},1,"<a href=""/flatknot/8.857574"">8.857574</a>",t^9-42t^7-86t^6+101t^5+264t^4+27t^3-164t^2-136t-88,-2t^2+4t,,
8.857575,O1O2O3O4U5U6O5U2U7O6U8O7O8U1U3U4,3,14z^2+59z+63,-8w^4z^2+22w^3z^2-24w^3z+83w^2z+63w,False,False,"[[ 0 -2 -1  1  3 -1 -1  0  1],[ 2  0  1  2  3  1  1  2  3],[ 1 -1  0  0  1  1  2  2  1],[-1 -2  0  0  1 -2 -1 -1  0],[-3 -3 -1 -1  0 -4 -3 -3 -2],[ 1 -1 -1  2  4  0 -1  0  2],[ 1 -1 -2  1  3  1  0  0  1],[ 0 -2 -2  1  3  0  0  0  0],[-1 -3 -1  0  2 -2 -1  0  0]]","[[ 0  3  1  1  0 -1 -1 -1 -2],[-3  0 -1 -2 -3 -1 -3 -4 -3],[-1  1  0  0 -1  0 -1 -2 -2],[-1  2  0  0  0 -1 -1 -2 -3],[ 0  3  1  0  0 -2  0  0 -2],[ 1  1  0  1  2  0  2  1 -1],[ 1  3  1  1  0 -2  0  1 -1],[ 1  4  2  2  0 -1 -1  0 -1],[ 2  3  2  3  2  1  1  1  0]]",True,"[-3,-1,-1,0,1,1,1,2,1,2,3,1,3,4,3,0,1,0,1,2,2,0,1,1,2,3,2,0,0,2,-2,-1,1,-1,1,1]","[-3,-1,-1,0,1,1,1,2,0,1,0,0,1,3,2,0,1,0,1,1,0,0,0,1,2,1,1,1,-1,0,-1,-1,0,-2,0,0]",t^8+91t^6+743t^4+241t^2,"[-2,-1,-1,-1,0,1,1,3,0,0,0,0,0,1,2,-2,-1,-1,1,2,3,-1,1,1,1,1,1,0,0,0,1,0,0,0,0,1]","[-3,-1,-1,0,1,1,1,2,0,1,0,0,1,3,2,0,1,0,1,1,0,0,0,1,2,1,1,1,-1,0,-1,-1,0,-2,0,0]","[-2,-1,-1,-1,0,1,1,3,1,1,1,2,2,3,3,-2,1,0,1,1,3,1,2,0,1,1,0,2,2,4,1,0,3,0,1,2]",c,"[[{8, 1}, {2, 7}, {3, 6}, {4, 5}], [{8, 1}, {2, 7}, {4, 6}, {3, 5}], [{8, 1}, {2, 7}, {5, 6}, {3, 4}], [{8, 1}, {2, 7}, {5, 6}, {4}, {3}], [{8, 1}, {3, 7}, {2, 6}, {4, 5}], [{8, 1}, {3, 7}, {4, 6}, {2, 5}], [{8, 1}, {3, 7}, {5, 6}, {2, 4}], [{8, 1}, {3, 7}, {6}, {2, 5}, {4}], [{8, 1}, {4, 7}, {2, 6}, {3, 5}], [{8, 1}, {4, 7}, {3, 6}, {2, 5}], [{8, 1}, {4, 7}, {5, 6}, {2, 3}], [{8, 1}, {4, 7}, {6}, {2, 5}, {3}], [{8, 1}, {5, 7}, {2, 6}, {3, 4}], [{8, 1}, {5, 7}, {3, 6}, {2, 4}], [{8, 1}, {5, 7}, {4, 6}, {2, 3}], [{8, 1}, {5, 7}, {4, 6}, {3}, {2}], [{8, 1}, {6, 7}, {2, 5}, {3, 4}], [{8, 1}, {6, 7}, {3, 5}, {2, 4}], [{8, 1}, {6, 7}, {4, 5}, {2, 3}], [{8, 1}, {6, 7}, {4, 5}, {3}, {2}], [{8, 1}, {7}, {6}, {2, 5}, {3, 4}], [{8, 2}, {1, 7}, {3, 6}, {4, 5}], [{8, 2}, {1, 7}, {4, 6}, {3, 5}], [{8, 2}, {1, 7}, {5, 6}, {3, 4}], [{8, 2}, {3, 7}, {1, 6}, {4, 5}], [{8, 2}, {3, 7}, {1, 6}, {5}, {4}], [{8, 2}, {3, 7}, {4, 6}, {1, 5}], [{8, 2}, {3, 7}, {5, 6}, {1, 4}], [{8, 2}, {4, 7}, {1, 6}, {3, 5}], [{8, 2}, {4, 7}, {1, 6}, {5}, {3}], [{8, 2}, {4, 7}, {3, 6}, {1, 5}], [{8, 2}, {4, 7}, {5, 6}, {1, 3}], [{8, 2}, {5, 7}, {1, 6}, {3, 4}], [{8, 2}, {5, 7}, {3, 6}, {1, 4}], [{8, 2}, {5, 7}, {4, 6}, {1, 3}], [{8, 2}, {6, 7}, {1, 5}, {3, 4}], [{8, 2}, {6, 7}, {3, 5}, {1, 4}], [{8, 2}, {6, 7}, {4, 5}, {1, 3}], [{8, 2}, {6, 7}, {4, 5}, {3}, {1}], [{8, 2}, {7}, {1, 6}, {5}, {3, 4}], [{8, 3}, {1, 7}, {2, 6}, {4, 5}], [{8, 3}, {1, 7}, {4, 6}, {2, 5}], [{8, 3}, {1, 7}, {5, 6}, {2, 4}], [{8, 3}, {1, 7}, {6}, {5}, {2, 4}], [{8, 3}, {2, 7}, {1, 6}, {4, 5}], [{8, 3}, {2, 7}, {4, 6}, {1, 5}], [{8, 3}, {2, 7}, {5, 6}, {1, 4}], [{8, 3}, {2, 7}, {6}, {5}, {1, 4}], [{8, 3}, {4, 7}, {1, 6}, {2, 5}], [{8, 3}, {4, 7}, {1, 6}, {5}, {2}], [{8, 3}, {4, 7}, {2, 6}, {1, 5}], [{8, 3}, {4, 7}, {5, 6}, {1, 2}], [{8, 3}, {5, 7}, {1, 6}, {2, 4}], [{8, 3}, {5, 7}, {2, 6}, {1, 4}], [{8, 3}, {5, 7}, {4, 6}, {1, 2}], [{8, 3}, {6, 7}, {1, 5}, {2, 4}], [{8, 3}, {6, 7}, {2, 5}, {1, 4}], [{8, 3}, {6, 7}, {4, 5}, {1, 2}], [{8, 3}, {6, 7}, {5}, {4}, {1, 2}], [{8, 4}, {1, 7}, {2, 6}, {3, 5}], [{8, 4}, {1, 7}, {3, 6}, {2, 5}], [{8, 4}, {1, 7}, {5, 6}, {2, 3}], [{8, 4}, {2, 7}, {1, 6}, {3, 5}], [{8, 4}, {2, 7}, {3, 6}, {1, 5}], [{8, 4}, {2, 7}, {5, 6}, {1, 3}], [{8, 4}, {2, 7}, {5, 6}, {3}, {1}], [{8, 4}, {3, 7}, {1, 6}, {2, 5}], [{8, 4}, {3, 7}, {1, 6}, {5}, {2}], [{8, 4}, {3, 7}, {2, 6}, {1, 5}], [{8, 4}, {3, 7}, {5, 6}, {1, 2}], [{8, 4}, {5, 7}, {1, 6}, {2, 3}], [{8, 4}, {5, 7}, {2, 6}, {1, 3}], [{8, 4}, {5, 7}, {3, 6}, {1, 2}], [{8, 4}, {6, 7}, {1, 5}, {2, 3}], [{8, 4}, {6, 7}, {2, 5}, {1, 3}], [{8, 4}, {6, 7}, {3, 5}, {1, 2}], [{8, 4}, {6, 7}, {5}, {3}, {1, 2}], [{8, 5}, {1, 7}, {2, 6}, {3, 4}], [{8, 5}, {1, 7}, {2, 6}, {4}, {3}], [{8, 5}, {1, 7}, {3, 6}, {2, 4}], [{8, 5}, {1, 7}, {3, 6}, {4}, {2}], [{8, 5}, {1, 7}, {4, 6}, {2, 3}], [{8, 5}, {1, 7}, {4, 6}, {3}, {2}], [{8, 5}, {1, 7}, {6}, {2, 4}, {3}], [{8, 5}, {1, 7}, {6}, {3, 4}, {2}], [{8, 5}, {1, 7}, {6}, {4}, {2, 3}], [{8, 5}, {2, 7}, {1, 6}, {3, 4}], [{8, 5}, {2, 7}, {1, 6}, {4}, {3}], [{8, 5}, {2, 7}, {3, 6}, {1, 4}], [{8, 5}, {2, 7}, {3, 6}, {4}, {1}], [{8, 5}, {2, 7}, {4, 6}, {1, 3}], [{8, 5}, {2, 7}, {4, 6}, {3}, {1}], [{8, 5}, {2, 7}, {6}, {1, 4}, {3}], [{8, 5}, {2, 7}, {6}, {3, 4}, {1}], [{8, 5}, {2, 7}, {6}, {4}, {1, 3}], [{8, 5}, {3, 7}, {1, 6}, {2, 4}], [{8, 5}, {3, 7}, {1, 6}, {4}, {2}], [{8, 5}, {3, 7}, {2, 6}, {1, 4}], [{8, 5}, {3, 7}, {2, 6}, {4}, {1}], [{8, 5}, {3, 7}, {4, 6}, {1, 2}], [{8, 5}, {3, 7}, {4, 6}, {2}, {1}], [{8, 5}, {3, 7}, {6}, {1, 4}, {2}], [{8, 5}, {3, 7}, {6}, {2, 4}, {1}], [{8, 5}, {3, 7}, {6}, {4}, {1, 2}], [{8, 5}, {4, 7}, {1, 6}, {2, 3}], [{8, 5}, {4, 7}, {1, 6}, {3}, {2}], [{8, 5}, {4, 7}, {2, 6}, {1, 3}], [{8, 5}, {4, 7}, {2, 6}, {3}, {1}], [{8, 5}, {4, 7}, {3, 6}, {1, 2}], [{8, 5}, {4, 7}, {3, 6}, {2}, {1}], [{8, 5}, {4, 7}, {6}, {1, 3}, {2}], [{8, 5}, {4, 7}, {6}, {2, 3}, {1}], [{8, 5}, {4, 7}, {6}, {3}, {1, 2}], [{8, 5}, {6, 7}, {1, 4}, {2, 3}], [{8, 5}, {6, 7}, {1, 4}, {3}, {2}], [{8, 5}, {6, 7}, {2, 4}, {1, 3}], [{8, 5}, {6, 7}, {2, 4}, {3}, {1}], [{8, 5}, {6, 7}, {3, 4}, {1, 2}], [{8, 5}, {6, 7}, {3, 4}, {2}, {1}], [{8, 5}, {6, 7}, {4}, {1, 3}, {2}], [{8, 5}, {6, 7}, {4}, {2, 3}, {1}], [{8, 5}, {6, 7}, {4}, {3}, {1, 2}], [{8, 5}, {7}, {1, 6}, {2, 4}, {3}], [{8, 5}, {7}, {1, 6}, {3, 4}, {2}], [{8, 5}, {7}, {1, 6}, {4}, {2, 3}], [{8, 5}, {7}, {2, 6}, {1, 4}, {3}], [{8, 5}, {7}, {2, 6}, {3, 4}, {1}], [{8, 5}, {7}, {2, 6}, {4}, {1, 3}], [{8, 5}, {7}, {2, 6}, {4}, {3}, {1}], [{8, 5}, {7}, {3, 6}, {1, 4}, {2}], [{8, 5}, {7}, {3, 6}, {2, 4}, {1}], [{8, 5}, {7}, {3, 6}, {4}, {1, 2}], [{8, 5}, {7}, {4, 6}, {1, 3}, {2}], [{8, 5}, {7}, {4, 6}, {2, 3}, {1}], [{8, 5}, {7}, {4, 6}, {3}, {1, 2}], [{8, 5}, {7}, {6}, {1, 4}, {2, 3}], [{8, 5}, {7}, {6}, {2, 4}, {1, 3}], [{8, 5}, {7}, {6}, {3, 4}, {1, 2}], [{8, 6}, {1, 7}, {2, 5}, {3, 4}], [{8, 6}, {1, 7}, {2, 5}, {4}, {3}], [{8, 6}, {1, 7}, {3, 5}, {2, 4}], [{8, 6}, {1, 7}, {4, 5}, {2, 3}], [{8, 6}, {1, 7}, {4, 5}, {3}, {2}], [{8, 6}, {1, 7}, {5}, {2, 4}, {3}], [{8, 6}, {2, 7}, {1, 5}, {3, 4}], [{8, 6}, {2, 7}, {3, 5}, {1, 4}], [{8, 6}, {2, 7}, {4, 5}, {1, 3}], [{8, 6}, {2, 7}, {5}, {1, 4}, {3}], [{8, 6}, {3, 7}, {1, 5}, {2, 4}], [{8, 6}, {3, 7}, {2, 5}, {1, 4}], [{8, 6}, {3, 7}, {2, 5}, {4}, {1}], [{8, 6}, {3, 7}, {4, 5}, {1, 2}], [{8, 6}, {4, 7}, {1, 5}, {2, 3}], [{8, 6}, {4, 7}, {2, 5}, {1, 3}], [{8, 6}, {4, 7}, {2, 5}, {3}, {1}], [{8, 6}, {4, 7}, {3, 5}, {1, 2}], [{8, 6}, {5, 7}, {1, 4}, {2, 3}], [{8, 6}, {5, 7}, {1, 4}, {3}, {2}], [{8, 6}, {5, 7}, {2, 4}, {1, 3}], [{8, 6}, {5, 7}, {3, 4}, {1, 2}], [{8, 6}, {7}, {2, 5}, {1, 4}, {3}], [{8, 6}, {7}, {2, 5}, {3, 4}, {1}], [{8, 6}, {7}, {2, 5}, {4}, {1, 3}], [{8, 6}, {7}, {2, 5}, {4}, {3}, {1}], [{8, 7}, {1, 6}, {2, 5}, {3, 4}], [{8, 7}, {1, 6}, {3, 5}, {2, 4}], [{8, 7}, {1, 6}, {4, 5}, {2, 3}], [{8, 7}, {1, 6}, {5}, {3, 4}, {2}], [{8, 7}, {2, 6}, {1, 5}, {3, 4}], [{8, 7}, {2, 6}, {3, 5}, {1, 4}], [{8, 7}, {2, 6}, {4, 5}, {1, 3}], [{8, 7}, {3, 6}, {1, 5}, {2, 4}], [{8, 7}, {3, 6}, {2, 5}, {1, 4}], [{8, 7}, {3, 6}, {4, 5}, {1, 2}], [{8, 7}, {4, 6}, {1, 5}, {2, 3}], [{8, 7}, {4, 6}, {2, 5}, {1, 3}], [{8, 7}, {4, 6}, {3, 5}, {1, 2}], [{8, 7}, {5, 6}, {1, 4}, {2, 3}], [{8, 7}, {5, 6}, {2, 4}, {1, 3}], [{8, 7}, {5, 6}, {3, 4}, {1, 2}], [{8}, {1, 7}, {2, 6}, {5}, {3, 4}], [{8}, {1, 7}, {3, 6}, {5}, {2, 4}], [{8}, {1, 7}, {4, 6}, {5}, {2, 3}], [{8}, {1, 7}, {5, 6}, {2, 4}, {3}], [{8}, {1, 7}, {6}, {3, 5}, {2, 4}], [{8}, {1, 7}, {6}, {5}, {2, 4}, {3}], [{8}, {2, 7}, {1, 6}, {5}, {3, 4}], [{8}, {2, 7}, {3, 6}, {5}, {1, 4}], [{8}, {2, 7}, {4, 6}, {5}, {1, 3}], [{8}, {2, 7}, {5, 6}, {1, 4}, {3}], [{8}, {2, 7}, {6}, {3, 5}, {1, 4}], [{8}, {2, 7}, {6}, {5}, {1, 4}, {3}], [{8}, {3, 7}, {1, 6}, {2, 5}, {4}], [{8}, {3, 7}, {1, 6}, {4, 5}, {2}], [{8}, {3, 7}, {1, 6}, {5}, {2, 4}], [{8}, {3, 7}, {1, 6}, {5}, {4}, {2}], [{8}, {3, 7}, {2, 6}, {5}, {1, 4}], [{8}, {3, 7}, {4, 6}, {5}, {1, 2}], [{8}, {4, 7}, {1, 6}, {2, 5}, {3}], [{8}, {4, 7}, {1, 6}, {3, 5}, {2}], [{8}, {4, 7}, {1, 6}, {5}, {2, 3}], [{8}, {4, 7}, {1, 6}, {5}, {3}, {2}], [{8}, {4, 7}, {2, 6}, {5}, {1, 3}], [{8}, {4, 7}, {3, 6}, {5}, {1, 2}], [{8}, {5, 7}, {1, 6}, {3, 4}, {2}], [{8}, {6, 7}, {3, 5}, {4}, {1, 2}], [{8}, {6, 7}, {4, 5}, {3}, {1, 2}], [{8}, {6, 7}, {5}, {1, 4}, {2, 3}], [{8}, {6, 7}, {5}, {2, 4}, {1, 3}], [{8}, {6, 7}, {5}, {3, 4}, {1, 2}], [{8}, {6, 7}, {5}, {4}, {3}, {1, 2}], [{8}, {7}, {1, 6}, {2, 5}, {3, 4}], [{8}, {7}, {1, 6}, {5}, {3, 4}, {2}]]",2,12 K_1^3 + 4 K_1^2 K_2 - 10 K_1^2 - 14 K_1 K_2 - 4 K_1 K_3 - 2 K_1 + 5 K_2 + 4 K_3 + K_4 + 5,O1O2O3O4U1U2U4O5O6U5O7U6U3O8U7U8,O1O2O3U1U4U2U3O5O6U5O4O7U6O8U7U8,O1O2O3U4U5O4U6O5O7U8O6O8U1U2U7U3,c,{'O1O2O3O4U5U6O5U2U7O6U8O7O8U1U3U4'},1,"<a href=""/flatknot/8.857575"">8.857575</a>",t^9-87t^7-346t^6-50t^5+670t^4+96t^3-436t^2+88t,-t^3+t^2+t,,
8.857576,O1O2O3O4U5U6O5U2U7O6U8O7O8U1U4U3,3,15z^2+56z+53,-12w^4z^2+27w^3z^2-36w^3z+92w^2z+53w,False,False,"[[ 0 -2 -1  2  2 -1 -1  0  1],[ 2  0  1  3  2  1  1  2  3],[ 1 -1  0  1  0  1  2  2  1],[-2 -3 -1  0  0 -3 -2 -2 -1],[-2 -2  0  0  0 -3 -2 -2 -1],[ 1 -1 -1  3  3  0 -1  0  2],[ 1 -1 -2  2  2  1  0  0  1],[ 0 -2 -2  2  2  0  0  0  0],[-1 -3 -1  1  1 -2 -1  0  0]]","[[ 0  2  2  1  0 -1 -1 -1 -2],[-2  0  0 -1 -2  0 -2 -3 -2],[-2  0  0 -1 -2 -1 -2 -3 -3],[-1  1  1  0  0 -1 -1 -2 -3],[ 0  2  2  0  0 -2  0  0 -2],[ 1  0  1  1  2  0  2  1 -1],[ 1  2  2  1  0 -2  0  1 -1],[ 1  3  3  2  0 -1 -1  0 -1],[ 2  2  3  3  2  1  1  1  0]]",True,"[-2,-2,-1,0,1,1,1,2,0,1,2,0,2,3,2,1,2,1,2,3,3,0,1,1,2,3,2,0,0,2,-2,-1,1,-1,1,1]","[-2,-2,-1,0,1,1,1,2,0,0,0,0,1,2,1,0,0,0,1,3,2,1,0,1,1,0,1,1,-1,0,-1,-1,0,-2,0,0]",t^8+82t^6+677t^4+266t^2,"[-2,-1,-1,-1,0,1,2,2,0,0,0,0,0,1,2,-2,-1,-1,1,2,3,-1,1,1,1,1,1,0,0,0,1,0,0,0,0,0]","[-2,-2,-1,0,1,1,1,2,0,0,0,0,1,2,1,0,0,0,1,3,2,1,0,1,1,0,1,1,-1,0,-1,-1,0,-2,0,0]","[-2,-1,-1,-1,0,1,2,2,1,1,1,2,3,2,3,-2,1,0,1,2,2,1,2,1,0,1,0,2,3,3,0,2,2,1,1,0]",c,"[[{8, 1}, {2, 7}, {3, 6}, {4, 5}], [{8, 1}, {2, 7}, {4, 6}, {3, 5}], [{8, 1}, {2, 7}, {5, 6}, {3, 4}], [{8, 1}, {3, 7}, {2, 6}, {4, 5}], [{8, 1}, {3, 7}, {4, 6}, {2, 5}], [{8, 1}, {3, 7}, {5, 6}, {2, 4}], [{8, 1}, {3, 7}, {6}, {2, 5}, {4}], [{8, 1}, {4, 7}, {2, 6}, {3, 5}], [{8, 1}, {4, 7}, {3, 6}, {2, 5}], [{8, 1}, {4, 7}, {5, 6}, {2, 3}], [{8, 1}, {4, 7}, {6}, {2, 5}, {3}], [{8, 1}, {5, 7}, {2, 6}, {3, 4}], [{8, 1}, {5, 7}, {2, 6}, {4}, {3}], [{8, 1}, {5, 7}, {3, 6}, {2, 4}], [{8, 1}, {5, 7}, {4, 6}, {2, 3}], [{8, 1}, {6, 7}, {2, 5}, {3, 4}], [{8, 1}, {6, 7}, {3, 5}, {2, 4}], [{8, 1}, {6, 7}, {4, 5}, {2, 3}], [{8, 1}, {7}, {3, 6}, {4, 5}, {2}], [{8, 1}, {7}, {4, 6}, {3, 5}, {2}], [{8, 1}, {7}, {5, 6}, {2, 4}, {3}], [{8, 1}, {7}, {6}, {2, 5}, {3, 4}], [{8, 2}, {1, 7}, {3, 6}, {4, 5}], [{8, 2}, {1, 7}, {4, 6}, {3, 5}], [{8, 2}, {1, 7}, {5, 6}, {3, 4}], [{8, 2}, {1, 7}, {5, 6}, {4}, {3}], [{8, 2}, {3, 7}, {1, 6}, {4, 5}], [{8, 2}, {3, 7}, {1, 6}, {5}, {4}], [{8, 2}, {3, 7}, {4, 6}, {1, 5}], [{8, 2}, {3, 7}, {5, 6}, {1, 4}], [{8, 2}, {4, 7}, {1, 6}, {3, 5}], [{8, 2}, {4, 7}, {1, 6}, {5}, {3}], [{8, 2}, {4, 7}, {3, 6}, {1, 5}], [{8, 2}, {4, 7}, {5, 6}, {1, 3}], [{8, 2}, {5, 7}, {1, 6}, {3, 4}], [{8, 2}, {5, 7}, {3, 6}, {1, 4}], [{8, 2}, {5, 7}, {4, 6}, {1, 3}], [{8, 2}, {6, 7}, {1, 5}, {3, 4}], [{8, 2}, {6, 7}, {3, 5}, {1, 4}], [{8, 2}, {6, 7}, {4, 5}, {1, 3}], [{8, 2}, {7}, {1, 6}, {5}, {3, 4}], [{8, 2}, {7}, {4, 6}, {3, 5}, {1}], [{8, 3}, {1, 7}, {2, 6}, {4, 5}], [{8, 3}, {1, 7}, {2, 6}, {5}, {4}], [{8, 3}, {1, 7}, {4, 6}, {2, 5}], [{8, 3}, {1, 7}, {5, 6}, {2, 4}], [{8, 3}, {2, 7}, {1, 6}, {4, 5}], [{8, 3}, {2, 7}, {4, 6}, {1, 5}], [{8, 3}, {2, 7}, {5, 6}, {1, 4}], [{8, 3}, {4, 7}, {1, 6}, {2, 5}], [{8, 3}, {4, 7}, {1, 6}, {5}, {2}], [{8, 3}, {4, 7}, {2, 6}, {1, 5}], [{8, 3}, {4, 7}, {5, 6}, {1, 2}], [{8, 3}, {5, 7}, {1, 6}, {2, 4}], [{8, 3}, {5, 7}, {2, 6}, {1, 4}], [{8, 3}, {5, 7}, {4, 6}, {1, 2}], [{8, 3}, {6, 7}, {1, 5}, {2, 4}], [{8, 3}, {6, 7}, {2, 5}, {1, 4}], [{8, 3}, {6, 7}, {4, 5}, {1, 2}], [{8, 3}, {6, 7}, {4, 5}, {2}, {1}], [{8, 3}, {7}, {4, 6}, {5}, {1, 2}], [{8, 3}, {7}, {5, 6}, {2, 4}, {1}], [{8, 4}, {1, 7}, {2, 6}, {3, 5}], [{8, 4}, {1, 7}, {2, 6}, {5}, {3}], [{8, 4}, {1, 7}, {3, 6}, {2, 5}], [{8, 4}, {1, 7}, {5, 6}, {2, 3}], [{8, 4}, {2, 7}, {1, 6}, {3, 5}], [{8, 4}, {2, 7}, {3, 6}, {1, 5}], [{8, 4}, {2, 7}, {5, 6}, {1, 3}], [{8, 4}, {2, 7}, {6}, {3, 5}, {1}], [{8, 4}, {3, 7}, {1, 6}, {2, 5}], [{8, 4}, {3, 7}, {1, 6}, {5}, {2}], [{8, 4}, {3, 7}, {2, 6}, {1, 5}], [{8, 4}, {3, 7}, {5, 6}, {1, 2}], [{8, 4}, {5, 7}, {1, 6}, {2, 3}], [{8, 4}, {5, 7}, {2, 6}, {1, 3}], [{8, 4}, {5, 7}, {3, 6}, {1, 2}], [{8, 4}, {6, 7}, {1, 5}, {2, 3}], [{8, 4}, {6, 7}, {2, 5}, {1, 3}], [{8, 4}, {6, 7}, {3, 5}, {1, 2}], [{8, 5}, {1, 7}, {2, 6}, {3, 4}], [{8, 5}, {1, 7}, {2, 6}, {4}, {3}], [{8, 5}, {1, 7}, {3, 6}, {2, 4}], [{8, 5}, {1, 7}, {3, 6}, {4}, {2}], [{8, 5}, {1, 7}, {4, 6}, {2, 3}], [{8, 5}, {1, 7}, {4, 6}, {3}, {2}], [{8, 5}, {1, 7}, {6}, {2, 4}, {3}], [{8, 5}, {1, 7}, {6}, {3, 4}, {2}], [{8, 5}, {1, 7}, {6}, {4}, {2, 3}], [{8, 5}, {1, 7}, {6}, {4}, {3}, {2}], [{8, 5}, {2, 7}, {1, 6}, {3, 4}], [{8, 5}, {2, 7}, {1, 6}, {4}, {3}], [{8, 5}, {2, 7}, {3, 6}, {1, 4}], [{8, 5}, {2, 7}, {3, 6}, {4}, {1}], [{8, 5}, {2, 7}, {4, 6}, {1, 3}], [{8, 5}, {2, 7}, {4, 6}, {3}, {1}], [{8, 5}, {2, 7}, {6}, {1, 4}, {3}], [{8, 5}, {2, 7}, {6}, {3, 4}, {1}], [{8, 5}, {2, 7}, {6}, {4}, {1, 3}], [{8, 5}, {3, 7}, {1, 6}, {2, 4}], [{8, 5}, {3, 7}, {1, 6}, {4}, {2}], [{8, 5}, {3, 7}, {2, 6}, {1, 4}], [{8, 5}, {3, 7}, {2, 6}, {4}, {1}], [{8, 5}, {3, 7}, {4, 6}, {1, 2}], [{8, 5}, {3, 7}, {4, 6}, {2}, {1}], [{8, 5}, {3, 7}, {6}, {1, 4}, {2}], [{8, 5}, {3, 7}, {6}, {2, 4}, {1}], [{8, 5}, {3, 7}, {6}, {4}, {1, 2}], [{8, 5}, {4, 7}, {1, 6}, {2, 3}], [{8, 5}, {4, 7}, {1, 6}, {3}, {2}], [{8, 5}, {4, 7}, {2, 6}, {1, 3}], [{8, 5}, {4, 7}, {2, 6}, {3}, {1}], [{8, 5}, {4, 7}, {3, 6}, {1, 2}], [{8, 5}, {4, 7}, {3, 6}, {2}, {1}], [{8, 5}, {4, 7}, {6}, {1, 3}, {2}], [{8, 5}, {4, 7}, {6}, {2, 3}, {1}], [{8, 5}, {4, 7}, {6}, {3}, {1, 2}], [{8, 5}, {6, 7}, {1, 4}, {2, 3}], [{8, 5}, {6, 7}, {1, 4}, {3}, {2}], [{8, 5}, {6, 7}, {2, 4}, {1, 3}], [{8, 5}, {6, 7}, {2, 4}, {3}, {1}], [{8, 5}, {6, 7}, {3, 4}, {1, 2}], [{8, 5}, {6, 7}, {3, 4}, {2}, {1}], [{8, 5}, {6, 7}, {4}, {1, 3}, {2}], [{8, 5}, {6, 7}, {4}, {2, 3}, {1}], [{8, 5}, {6, 7}, {4}, {3}, {1, 2}], [{8, 5}, {7}, {1, 6}, {2, 4}, {3}], [{8, 5}, {7}, {1, 6}, {3, 4}, {2}], [{8, 5}, {7}, {1, 6}, {4}, {2, 3}], [{8, 5}, {7}, {2, 6}, {1, 4}, {3}], [{8, 5}, {7}, {2, 6}, {3, 4}, {1}], [{8, 5}, {7}, {2, 6}, {4}, {1, 3}], [{8, 5}, {7}, {2, 6}, {4}, {3}, {1}], [{8, 5}, {7}, {3, 6}, {1, 4}, {2}], [{8, 5}, {7}, {3, 6}, {2, 4}, {1}], [{8, 5}, {7}, {3, 6}, {4}, {1, 2}], [{8, 5}, {7}, {4, 6}, {1, 3}, {2}], [{8, 5}, {7}, {4, 6}, {2, 3}, {1}], [{8, 5}, {7}, {4, 6}, {3}, {1, 2}], [{8, 5}, {7}, {6}, {1, 4}, {2, 3}], [{8, 5}, {7}, {6}, {2, 4}, {1, 3}], [{8, 5}, {7}, {6}, {3, 4}, {1, 2}], [{8, 6}, {1, 7}, {2, 5}, {3, 4}], [{8, 6}, {1, 7}, {2, 5}, {4}, {3}], [{8, 6}, {1, 7}, {3, 5}, {2, 4}], [{8, 6}, {1, 7}, {4, 5}, {2, 3}], [{8, 6}, {2, 7}, {1, 5}, {3, 4}], [{8, 6}, {2, 7}, {3, 5}, {1, 4}], [{8, 6}, {2, 7}, {4, 5}, {1, 3}], [{8, 6}, {3, 7}, {1, 5}, {2, 4}], [{8, 6}, {3, 7}, {2, 5}, {1, 4}], [{8, 6}, {3, 7}, {2, 5}, {4}, {1}], [{8, 6}, {3, 7}, {4, 5}, {1, 2}], [{8, 6}, {4, 7}, {1, 5}, {2, 3}], [{8, 6}, {4, 7}, {2, 5}, {1, 3}], [{8, 6}, {4, 7}, {2, 5}, {3}, {1}], [{8, 6}, {4, 7}, {3, 5}, {1, 2}], [{8, 6}, {5, 7}, {1, 4}, {2, 3}], [{8, 6}, {5, 7}, {2, 4}, {1, 3}], [{8, 6}, {5, 7}, {3, 4}, {1, 2}], [{8, 6}, {7}, {2, 5}, {1, 4}, {3}], [{8, 6}, {7}, {2, 5}, {3, 4}, {1}], [{8, 6}, {7}, {2, 5}, {4}, {1, 3}], [{8, 6}, {7}, {2, 5}, {4}, {3}, {1}], [{8, 6}, {7}, {3, 5}, {1, 4}, {2}], [{8, 6}, {7}, {4, 5}, {1, 3}, {2}], [{8, 6}, {7}, {5}, {1, 4}, {2, 3}], [{8, 6}, {7}, {5}, {2, 4}, {1, 3}], [{8, 7}, {1, 6}, {2, 5}, {3, 4}], [{8, 7}, {1, 6}, {3, 5}, {2, 4}], [{8, 7}, {1, 6}, {4, 5}, {2, 3}], [{8, 7}, {1, 6}, {5}, {3, 4}, {2}], [{8, 7}, {2, 6}, {1, 5}, {3, 4}], [{8, 7}, {2, 6}, {1, 5}, {4}, {3}], [{8, 7}, {2, 6}, {3, 5}, {1, 4}], [{8, 7}, {2, 6}, {4, 5}, {1, 3}], [{8, 7}, {3, 6}, {1, 5}, {2, 4}], [{8, 7}, {3, 6}, {2, 5}, {1, 4}], [{8, 7}, {3, 6}, {4, 5}, {1, 2}], [{8, 7}, {4, 6}, {1, 5}, {2, 3}], [{8, 7}, {4, 6}, {2, 5}, {1, 3}], [{8, 7}, {4, 6}, {3, 5}, {1, 2}], [{8, 7}, {4, 6}, {5}, {3}, {1, 2}], [{8, 7}, {5, 6}, {1, 4}, {2, 3}], [{8, 7}, {5, 6}, {2, 4}, {1, 3}], [{8, 7}, {5, 6}, {3, 4}, {1, 2}], [{8, 7}, {6}, {5}, {1, 4}, {2, 3}], [{8, 7}, {6}, {5}, {2, 4}, {1, 3}], [{8}, {1, 7}, {2, 6}, {3, 5}, {4}], [{8}, {1, 7}, {2, 6}, {4, 5}, {3}], [{8}, {1, 7}, {2, 6}, {5}, {3, 4}], [{8}, {1, 7}, {2, 6}, {5}, {4}, {3}], [{8}, {1, 7}, {3, 6}, {5}, {2, 4}], [{8}, {1, 7}, {4, 6}, {5}, {2, 3}], [{8}, {2, 7}, {1, 6}, {5}, {3, 4}], [{8}, {2, 7}, {3, 6}, {5}, {1, 4}], [{8}, {2, 7}, {4, 6}, {5}, {1, 3}], [{8}, {3, 7}, {1, 6}, {2, 5}, {4}], [{8}, {3, 7}, {1, 6}, {4, 5}, {2}], [{8}, {3, 7}, {1, 6}, {5}, {2, 4}], [{8}, {3, 7}, {1, 6}, {5}, {4}, {2}], [{8}, {3, 7}, {2, 6}, {5}, {1, 4}], [{8}, {3, 7}, {4, 6}, {5}, {1, 2}], [{8}, {4, 7}, {1, 6}, {2, 5}, {3}], [{8}, {4, 7}, {1, 6}, {3, 5}, {2}], [{8}, {4, 7}, {1, 6}, {5}, {2, 3}], [{8}, {4, 7}, {1, 6}, {5}, {3}, {2}], [{8}, {4, 7}, {2, 6}, {5}, {1, 3}], [{8}, {4, 7}, {3, 6}, {5}, {1, 2}], [{8}, {5, 7}, {1, 6}, {3, 4}, {2}], [{8}, {5, 7}, {4, 6}, {3}, {1, 2}], [{8}, {5, 7}, {6}, {1, 4}, {2, 3}], [{8}, {5, 7}, {6}, {2, 4}, {1, 3}], [{8}, {6, 7}, {5}, {1, 4}, {2, 3}], [{8}, {6, 7}, {5}, {2, 4}, {1, 3}], [{8}, {6, 7}, {5}, {3, 4}, {1, 2}], [{8}, {7}, {1, 6}, {2, 5}, {3, 4}], [{8}, {7}, {1, 6}, {5}, {3, 4}, {2}], [{8}, {7}, {4, 6}, {3, 5}, {1, 2}], [{8}, {7}, {4, 6}, {5}, {3}, {1, 2}], [{8}, {7}, {5, 6}, {1, 4}, {2, 3}], [{8}, {7}, {5, 6}, {2, 4}, {1, 3}], [{8}, {7}, {6}, {5}, {1, 4}, {2, 3}], [{8}, {7}, {6}, {5}, {2, 4}, {1, 3}]]",2,12 K_1^3 - 6 K_1^2 - 12 K_1 K_2 - 3 K_1 + 3 K_2 + 3 K_3 + 4,O1O2O3O4U2U1U4O5O6U5O7U6U3O8U7U8,O1O2O3U1U4U3U2O5O6U5O4O7U6O8U7U8,O1O2O3U4U5O4U6O5O7U8O6O8U2U1U7U3,c,{'O1O2O3O4U5U6O5U2U7O6U8O7O8U1U4U3'},1,"<a href=""/flatknot/8.857576"">8.857576</a>",t^9-80t^7-274t^6+86t^5+440t^4-140t^3-96t^2+32t,-t^2+2t,,
8.857577,O1O2O3O4U5U6O5U2U7O6U8O7O8U3U1U4,3,17z^2+97z+127,-4w^4z^2+21w^3z^2+97w^2z+127w,False,False,"[[ 0 -1 -1  0  3 -1 -1  0  1],[ 1  0  0  1  3  0  0  1  2],[ 1  0  0  0  1  1  2  2  1],[ 0 -1  0  0  1 -1  0  0  1],[-3 -3 -1 -1  0 -4 -3 -3 -2],[ 1  0 -1  1  4  0 -1  0  2],[ 1  0 -2  0  3  1  0  0  1],[ 0 -1 -2  0  3  0  0  0  0],[-1 -2 -1 -1  2 -2 -1  0  0]]","[[ 0  3  1  0  0 -1 -1 -1 -1],[-3  0 -2 -1 -3 -1 -3 -3 -4],[-1  2  0 -1  0 -1 -1 -2 -2],[ 0  1  1  0  0  0  0 -1 -1],[ 0  3  0  0  0 -2  0 -1  0],[ 1  1  1  0  2  0  2  0  1],[ 1  3  1  0  0 -2  0  0  1],[ 1  3  2  1  1  0  0  0  0],[ 1  4  2  1  0 -1 -1  0  0]]",True,"[-3,-1,0,0,1,1,1,1,2,1,3,1,3,3,4,1,0,1,1,2,2,0,0,0,1,1,2,0,1,0,-2,0,-1,0,-1,0]","[-3,-1,0,0,1,1,1,1,0,0,2,0,1,1,3,1,0,0,0,1,1,0,1,0,1,-1,0,0,1,1,0,-1,-1,0,0,-2]",t^8+73t^6+482t^4+224t^2,"[-1,-1,-1,-1,0,0,1,3,-2,-1,0,-1,1,1,3,-1,0,1,1,1,1,0,1,0,0,0,0,0,0,1,0,1,0,0,2,0]","[-3,-1,0,0,1,1,1,1,0,0,2,0,1,1,3,1,0,0,0,1,1,0,1,0,1,-1,0,0,1,1,0,-1,-1,0,0,-2]","[-1,-1,-1,-1,0,0,1,3,-2,0,1,0,0,1,3,0,1,0,2,1,1,0,1,1,2,3,1,0,2,4,0,1,1,0,3,2]",c,"[[{8, 3}, {5, 7}, {1, 6}, {2, 4}], [{8, 3}, {5, 7}, {2, 6}, {1, 4}], [{8, 5}, {1, 7}, {4, 6}, {2, 3}], [{8, 5}, {2, 7}, {4, 6}, {1, 3}], [{8, 5}, {3, 7}, {1, 6}, {2, 4}], [{8, 5}, {3, 7}, {2, 6}, {1, 4}], [{8, 5}, {3, 7}, {4, 6}, {1, 2}], [{8, 5}, {3, 7}, {4, 6}, {2}, {1}], [{8, 5}, {7}, {1, 6}, {2, 4}, {3}], [{8, 5}, {7}, {2, 6}, {1, 4}, {3}], [{8, 5}, {7}, {4, 6}, {3}, {1, 2}], [{8, 7}, {1, 6}, {3, 5}, {2, 4}], [{8, 7}, {2, 6}, {3, 5}, {1, 4}], [{8}, {3, 7}, {1, 6}, {5}, {2, 4}], [{8}, {3, 7}, {2, 6}, {5}, {1, 4}]]",1,- 8 K_1^4 + 20 K_1^3 + 8 K_1^2 K_2 - 28 K_1^2 - 22 K_1 K_2 - 4 K_1 - 2 K_2^2 + 14 K_2 + 6 K_3 + 17,O1O2O3O4U1U4U2O5O6U5O7U6U3O8U7U8,O1O2O3U2U4U1U3O5O6U5O4O7U6O8U7U8,O1O2O3U4U5O4U6O5O7U8O6O8U1U3U7U2,c,{'O1O2O3O4U5U6O5U2U7O6U8O7O8U3U1U4'},1,"<a href=""/flatknot/8.857577"">8.857577</a>",t^9-67t^7-184t^6+214t^5+752t^4+276t^3-472t^2-608t-224,-t^3+3t,,
8.857578,O1O2O3O4U5U6O5U2U7O6U8O7O8U4U1U3,3,4z^2+53z+91,4w^3z^2+53w^2z+91w,False,False,"[[ 0 -1 -1  2  1 -1 -1  0  1],[ 1  0  0  2  1  0  0  1  2],[ 1  0  0  1  0  1  2  2  1],[-2 -2 -1  0  0 -3 -2 -2 -1],[-1 -1  0  0  0 -2 -1 -1  0],[ 1  0 -1  3  2  0 -1  0  2],[ 1  0 -2  2  1  1  0  0  1],[ 0 -1 -2  2  1  0  0  0  0],[-1 -2 -1  1  0 -2 -1  0  0]]","[[ 0  2  1  1  0 -1 -1 -1 -1],[-2  0  0 -1 -2 -1 -2 -2 -3],[-1  0  0  0 -1  0 -1 -1 -2],[-1  1  0  0  0 -1 -1 -2 -2],[ 0  2  1  0  0 -2  0 -1  0],[ 1  1  0  1  2  0  2  0  1],[ 1  2  1  1  0 -2  0  0  1],[ 1  2  1  2  1  0  0  0  0],[ 1  3  2  2  0 -1 -1  0  0]]",True,"[-2,-1,-1,0,1,1,1,1,0,1,2,1,2,2,3,0,1,0,1,1,2,0,1,1,2,2,2,0,1,0,-2,0,-1,0,-1,0]","[-2,-1,-1,0,1,1,1,1,0,1,0,0,1,1,2,0,1,0,0,1,1,0,0,1,1,2,1,0,1,-1,0,-1,-1,0,0,-2]",t^8+51t^6+289t^4+83t^2,"[-1,-1,-1,-1,0,1,1,2,-2,-1,0,-1,1,2,2,-1,0,1,1,1,1,0,1,0,0,0,0,0,1,1,1,0,0,0,0,1]","[-2,-1,-1,0,1,1,1,1,0,1,0,0,1,1,2,0,1,0,0,1,1,0,0,1,1,2,1,0,1,-1,0,-1,-1,0,0,-2]","[-1,-1,-1,-1,0,1,1,2,-2,0,1,0,1,1,2,0,1,2,0,1,1,0,1,1,2,2,0,2,2,3,1,0,2,0,0,1]",c,"[[{8, 5}, {4, 7}, {2, 6}, {1, 3}], [{8, 5}, {7}, {2, 6}, {4}, {1, 3}]]",1,- 10 K_1^2 - 4 K_1 K_2 + 2 K_1 + 5 K_2 + 2 K_3 + 6,O1O2O3O4U2U4U1O5O6U5O7U6U3O8U7U8,O1O2O3U2U4U3U1O5O6U5O4O7U6O8U7U8,O1O2O3U4U5O4U6O5O7U8O6O8U3U1U7U2,c,"{'O1O2O3U4U5O4U1U6O5U7O6O7U8U2O8U3', 'O1O2O3O4U5U6O5U2U7O6U8O7O8U4U1U3'}",2,"<a href=""/flatknot/8.857578"">8.857578</a>",t^9-49t^7-94t^6+192t^5+194t^4-246t^3-86t^2+80t,-t^2+2t,,
8.857579,O1O2O3O4U5U6O5U2U7O6U1O8O7U3U8U4,3,8z^2+61z+91,8w^3z^2+61w^2z+91w,False,False,"[[ 0 -1 -1  0  3 -1 -1  1  0],[ 1  0  1  1  2  0  1  2  0],[ 1 -1  0  0  1  1  2  2  1],[ 0 -1  0  0  2 -1  0  1  0],[-3 -2 -1 -2  0 -4 -3 -1 -1],[ 1  0 -1  1  4  0 -1  1  0],[ 1 -1 -2  0  3  1  0  1  1],[-1 -2 -2 -1  1 -1 -1  0  0],[ 0  0 -1  0  1  0 -1  0  0]]","[[ 0  3  1 -1 -1 -1 -1],[-3  0 -1 -1 -2 -3 -4],[-1  1  0 -2 -2 -1 -1],[ 1  1  2  0 -1  2  1],[ 1  2  2  1  0  1  0],[ 1  3  1 -2 -1  0  1],[ 1  4  1 -1  0 -1  0]]",False,"[-3,-1,1,1,1,1,1,1,2,3,4,2,2,1,1,1,-2,-1,-1,0,-1]","[-3,-1,1,1,1,1,1,0,1,2,3,1,1,0,0,-1,0,-1,-1,-2,1]",t^6+49t^4+279t^2,"[-1,-1,-1,-1,1,3,-2,-1,1,0,3,-1,1,1,1,0,1,0,0,2,1]","[-3,-1,1,1,1,1,1,0,1,2,3,1,1,0,0,-1,0,-1,-1,-2,1]","[-1,-1,-1,-1,1,3,-2,-1,1,1,3,-1,1,2,1,0,2,2,1,4,1]",c,"[[{8, 2}, {3, 7}, {1, 6}, {4, 5}], [{8, 2}, {4, 7}, {1, 6}, {3, 5}], [{8, 3}, {2, 7}, {1, 6}, {4, 5}], [{8, 3}, {2, 7}, {4, 6}, {1, 5}], [{8, 3}, {2, 7}, {5, 6}, {1, 4}], [{8, 3}, {4, 7}, {1, 6}, {2, 5}], [{8, 4}, {2, 7}, {1, 6}, {3, 5}], [{8, 4}, {3, 7}, {1, 6}, {2, 5}]]",1,20 K_1^3 + 4 K_1^2 K_2 - 28 K_1^2 - 22 K_1 K_2 - 4 K_1 K_3 - 4 K_1 + 14 K_2 + 6 K_3 + K_4 + 14,O1O2O3O4U1U5U2O6O5U4O7U6U3O8U7U8,O1O2O3U4U5U1U3O6O7U6O5O8U7O4U2U8,O1O2O3U4U2O5U6O4O7U8O6O8U1U3U7U5,c,{'O1O2O3O4U5U6O5U2U7O6U1O8O7U3U8U4'},1,"<a href=""/flatknot/8.857579"">8.857579</a>",t^7-43t^5-126t^4-63t^3+78t^2+132t+80,-t^3+3t,,
8.857580,O1O2O3O4U5U6O5U2U7O6U1O8O7U4U8U3,3,9z^2+78z+121,9w^3z^2+78w^2z+121w,False,False,"[[ 0 -1 -1  2  1 -1 -1  1  0],[ 1  0  1  2  1  0  1  2  0],[ 1 -1  0  1  0  1  2  2  1],[-2 -2 -1  0 -1 -3 -2  0  0],[-1 -1  0  1  0 -2 -1  0  0],[ 1  0 -1  3  2  0 -1  1  0],[ 1 -1 -2  2  1  1  0  1  1],[-1 -2 -2  0  0 -1 -1  0  0],[ 0  0 -1  0  0  0 -1  0  0]]","[[ 0  2  1  1  0 -1 -1 -1 -1],[-2  0  0 -1  0 -1 -2 -2 -3],[-1  0  0  0  0 -2 -1 -2 -1],[-1  1  0  0  0  0 -1 -1 -2],[ 0  0  0  0  0 -1 -1  0  0],[ 1  1  2  0  1  0  2 -1  1],[ 1  2  1  1  1 -2  0 -1  1],[ 1  2  2  1  0  1  1  0  0],[ 1  3  1  2  0 -1 -1  0  0]]",True,"[-2,-1,-1,0,1,1,1,1,0,1,0,1,2,2,3,0,0,2,1,2,1,0,0,1,1,2,1,1,0,0,-2,1,-1,1,-1,0]","[-2,-1,-1,0,1,1,1,1,0,1,0,1,2,2,3,0,0,2,1,2,1,0,0,1,1,2,1,1,0,0,-2,1,-1,1,-1,0]",t^8+45t^6+351t^4+179t^2,"[-1,-1,-1,-1,0,1,1,2,-2,-1,1,0,0,2,2,-1,1,0,1,1,1,0,1,1,0,0,1,0,1,1,1,1,2,0,1,0]","[-2,-1,-1,0,1,1,1,1,0,1,2,0,1,1,2,0,1,0,1,1,2,1,1,0,1,0,1,1,0,0,0,-1,-1,1,1,-2]","[-1,-1,-1,-1,0,1,1,2,-2,-1,1,1,1,1,2,-1,1,1,0,2,1,0,0,1,2,2,0,2,1,3,0,0,0,0,1,0]",c,"[[{8, 4}, {2, 7}, {1, 6}, {3, 5}], [{8, 4}, {3, 7}, {1, 6}, {2, 5}]]",1,- 18 K_1^2 - 12 K_1 K_2 + 6 K_1 + 9 K_2 + 6 K_3 + 10,O1O2O3O4U2U5U1O6O5U4O7U6U3O8U7U8,O1O2O3U4U5U3U1O6O7U6O5O8U7O4U2U8,O1O2O3U4U2O5U6O4O7U8O6O8U3U1U7U5,c,{'O1O2O3O4U5U6O5U2U7O6U1O8O7U4U8U3'},1,"<a href=""/flatknot/8.857580"">8.857580</a>",t^9-43t^7-110t^6+72t^5+396t^4+256t^3-44t^2-48t,-t^2+2t,,
8.857581,O1O2O3O4U5U6O5U2U7O6U1O8O7U8U3U4,3,9z^2+46z+57,9w^3z^2-16w^3z+62w^2z+57w,False,False,"[[ 0 -1 -1  1  3 -1 -1  1 -1],[ 1  0  1  1  2  0  1  2 -1],[ 1 -1  0  0  1  1  2  2  0],[-1 -1  0  0  1 -2 -1  1 -1],[-3 -2 -1 -1  0 -4 -3 -1 -1],[ 1  0 -1  2  4  0 -1  1 -1],[ 1 -1 -2  1  3  1  0  1  0],[-1 -2 -2 -1  1 -1 -1  0 -1],[ 1  1  0  1  1  1  0  1  0]]","[[ 0  3  1  1 -1 -1 -1 -1 -1],[-3  0 -1 -1 -1 -1 -2 -3 -4],[-1  1  0  1  0 -1 -1 -1 -2],[-1  1 -1  0 -2 -1 -2 -1 -1],[ 1  1  0  2  0  0 -1  2  1],[ 1  1  1  1  0  0  1  0  1],[ 1  2  1  2  1 -1  0  1  0],[ 1  3  1  1 -2  0 -1  0  1],[ 1  4  2  1 -1 -1  0 -1  0]]",True,"[-3,-1,-1,1,1,1,1,1,1,1,1,1,2,3,4,-1,0,1,1,1,2,2,1,2,1,1,0,1,-2,-1,-1,0,-1,-1,0,-1]","[-3,-1,-1,1,1,1,1,1,1,1,0,1,2,3,3,-1,1,1,0,0,1,0,1,1,2,1,-1,0,-1,-1,-1,-2,0,1,-1,0]",t^8+62t^6+540t^4+279t^2,"[-1,-1,-1,-1,-1,1,1,3,-2,-1,0,1,0,2,3,-1,0,1,1,1,1,1,0,1,0,0,-1,1,1,3,0,1,2,1,1,1]","[-3,-1,-1,1,1,1,1,1,1,1,0,1,2,3,3,-1,1,1,0,0,1,0,1,1,2,1,-1,0,-1,-1,-1,-2,0,1,-1,0]","[-1,-1,-1,-1,-1,1,1,3,-2,-1,0,1,1,1,3,-1,0,1,0,2,1,-1,0,1,2,2,1,1,1,1,2,1,4,1,1,1]",c,"[[{8, 2}, {3, 7}, {4, 6}, {1, 5}], [{8, 2}, {4, 7}, {3, 6}, {1, 5}]]",1,8 K_1^3 + 8 K_1^2 K_2 - 12 K_1^2 - 14 K_1 K_2 - 4 K_1 K_3 + K_1 - 4 K_2^2 + 4 K_2 + 5 K_3 + 2 K_4 + 7,O1O2O3O4U1U2U5O6O5U4O7U6U3O8U7U8,O1O2O3U4U5U2U3O6O7U6O5O8U7O4U1U8,O1O2O3U4U3O5U6O4O7U8O6O8U1U2U7U5,c,{'O1O2O3O4U5U6O5U2U7O6U1O8O7U8U3U4'},1,"<a href=""/flatknot/8.857581"">8.857581</a>",t^9-56t^7-196t^6-60t^5+488t^4+455t^3-220t^2-324t-64,-t^3+3t,,
8.857582,O1O2O3O4U5U6O5U2U7O6U1O8O7U8U4U3,4,z^3+27z^2+93z+87,w^4z^3+27w^3z^2+93w^2z+87w,False,False,"[[ 0 -1 -1  2  2 -1 -1  1 -1],[ 1  0  1  2  1  0  1  2 -1],[ 1 -1  0  1  0  1  2  2  0],[-2 -2 -1  0  0 -3 -2  0 -1],[-2 -1  0  0  0 -3 -2  0 -1],[ 1  0 -1  3  3  0 -1  1 -1],[ 1 -1 -2  2  2  1  0  1  0],[-1 -2 -2  0  0 -1 -1  0 -1],[ 1  1  0  1  1  1  0  1  0]]","[[ 0  2  2  1 -1 -1 -1 -1 -1],[-2  0  0  0  0 -1 -1 -2 -3],[-2  0  0  0 -1 -1 -2 -2 -3],[-1  0  0  0 -2 -1 -2 -1 -1],[ 1  0  1  2  0  0 -1  2  1],[ 1  1  1  1  0  0  1  0  1],[ 1  1  2  2  1 -1  0  1  0],[ 1  2  2  1 -2  0 -1  0  1],[ 1  3  3  1 -1 -1  0 -1  0]]",True,"[-2,-2,-1,1,1,1,1,1,0,0,0,1,1,2,3,0,1,1,2,2,3,2,1,2,1,1,0,1,-2,-1,-1,0,-1,-1,0,-1]","[-2,-2,-1,1,1,1,1,1,0,0,0,1,1,2,3,0,1,1,2,2,3,2,1,2,1,1,0,1,-2,-1,-1,0,-1,-1,0,-1]",t^8+55t^6+469t^4+219t^2,"[-1,-1,-1,-1,-1,1,2,2,-2,-1,0,1,0,2,3,-1,0,1,1,1,1,1,0,1,0,0,-1,1,2,2,0,1,2,1,1,0]","[-2,-2,-1,1,1,1,1,1,0,1,0,1,1,2,2,1,0,1,2,2,3,1,1,0,1,0,-1,0,-1,-1,-1,0,-2,-1,1,0]","[-1,-1,-1,-1,-1,1,2,2,-2,-1,0,1,1,2,2,-1,0,1,2,0,1,-1,0,2,1,2,1,1,1,1,1,3,3,0,0,0]",c,"[[{8, 1}, {2, 7}, {3, 6}, {4, 5}], [{8, 1}, {2, 7}, {3, 6}, {5}, {4}], [{8, 1}, {2, 7}, {4, 6}, {3, 5}], [{8, 1}, {2, 7}, {5, 6}, {3, 4}], [{8, 1}, {3, 7}, {2, 6}, {4, 5}], [{8, 1}, {3, 7}, {4, 6}, {2, 5}], [{8, 1}, {3, 7}, {5, 6}, {2, 4}], [{8, 1}, {4, 7}, {2, 6}, {3, 5}], [{8, 1}, {4, 7}, {3, 6}, {2, 5}], [{8, 1}, {4, 7}, {5, 6}, {2, 3}], [{8, 1}, {4, 7}, {5, 6}, {3}, {2}], [{8, 1}, {5, 7}, {2, 6}, {3, 4}], [{8, 1}, {5, 7}, {3, 6}, {2, 4}], [{8, 1}, {5, 7}, {4, 6}, {2, 3}], [{8, 1}, {6, 7}, {2, 5}, {3, 4}], [{8, 1}, {6, 7}, {2, 5}, {4}, {3}], [{8, 1}, {6, 7}, {3, 5}, {2, 4}], [{8, 1}, {6, 7}, {4, 5}, {2, 3}], [{8, 1}, {6, 7}, {5}, {3, 4}, {2}], [{8, 1}, {7}, {4, 6}, {5}, {2, 3}], [{8, 2}, {1, 7}, {3, 6}, {4, 5}], [{8, 2}, {1, 7}, {4, 6}, {3, 5}], [{8, 2}, {1, 7}, {5, 6}, {3, 4}], [{8, 2}, {1, 7}, {5, 6}, {4}, {3}], [{8, 2}, {3, 7}, {1, 6}, {4, 5}], [{8, 2}, {3, 7}, {4, 6}, {1, 5}], [{8, 2}, {3, 7}, {5, 6}, {1, 4}], [{8, 2}, {4, 7}, {1, 6}, {3, 5}], [{8, 2}, {4, 7}, {1, 6}, {5}, {3}], [{8, 2}, {4, 7}, {3, 6}, {1, 5}], [{8, 2}, {4, 7}, {5, 6}, {1, 3}], [{8, 2}, {4, 7}, {6}, {3, 5}, {1}], [{8, 2}, {5, 7}, {1, 6}, {3, 4}], [{8, 2}, {5, 7}, {3, 6}, {1, 4}], [{8, 2}, {5, 7}, {4, 6}, {1, 3}], [{8, 2}, {6, 7}, {1, 5}, {3, 4}], [{8, 2}, {6, 7}, {3, 5}, {1, 4}], [{8, 2}, {6, 7}, {4, 5}, {1, 3}], [{8, 2}, {7}, {3, 6}, {5}, {1, 4}], [{8, 2}, {7}, {6}, {1, 5}, {3, 4}], [{8, 2}, {7}, {6}, {4, 5}, {1, 3}], [{8, 3}, {1, 7}, {2, 6}, {4, 5}], [{8, 3}, {1, 7}, {4, 6}, {2, 5}], [{8, 3}, {1, 7}, {5, 6}, {2, 4}], [{8, 3}, {1, 7}, {6}, {4, 5}, {2}], [{8, 3}, {2, 7}, {1, 6}, {4, 5}], [{8, 3}, {2, 7}, {1, 6}, {5}, {4}], [{8, 3}, {2, 7}, {4, 6}, {1, 5}], [{8, 3}, {2, 7}, {5, 6}, {1, 4}], [{8, 3}, {4, 7}, {1, 6}, {2, 5}], [{8, 3}, {4, 7}, {1, 6}, {5}, {2}], [{8, 3}, {4, 7}, {2, 6}, {1, 5}], [{8, 3}, {4, 7}, {5, 6}, {1, 2}], [{8, 3}, {4, 7}, {6}, {2, 5}, {1}], [{8, 3}, {5, 7}, {1, 6}, {2, 4}], [{8, 3}, {5, 7}, {1, 6}, {4}, {2}], [{8, 3}, {5, 7}, {2, 6}, {1, 4}], [{8, 3}, {5, 7}, {4, 6}, {1, 2}], [{8, 3}, {5, 7}, {4, 6}, {2}, {1}], [{8, 3}, {5, 7}, {6}, {1, 4}, {2}], [{8, 3}, {6, 7}, {1, 5}, {2, 4}], [{8, 3}, {6, 7}, {2, 5}, {1, 4}], [{8, 3}, {6, 7}, {4, 5}, {1, 2}], [{8, 3}, {6, 7}, {4, 5}, {2}, {1}], [{8, 3}, {7}, {1, 6}, {2, 5}, {4}], [{8, 3}, {7}, {1, 6}, {4, 5}, {2}], [{8, 3}, {7}, {1, 6}, {5}, {2, 4}], [{8, 3}, {7}, {1, 6}, {5}, {4}, {2}], [{8, 4}, {1, 7}, {2, 6}, {3, 5}], [{8, 4}, {1, 7}, {3, 6}, {2, 5}], [{8, 4}, {1, 7}, {5, 6}, {2, 3}], [{8, 4}, {2, 7}, {1, 6}, {3, 5}], [{8, 4}, {2, 7}, {3, 6}, {1, 5}], [{8, 4}, {2, 7}, {3, 6}, {5}, {1}], [{8, 4}, {2, 7}, {5, 6}, {1, 3}], [{8, 4}, {3, 7}, {1, 6}, {2, 5}], [{8, 4}, {3, 7}, {1, 6}, {5}, {2}], [{8, 4}, {3, 7}, {2, 6}, {1, 5}], [{8, 4}, {3, 7}, {5, 6}, {1, 2}], [{8, 4}, {3, 7}, {6}, {2, 5}, {1}], [{8, 4}, {5, 7}, {1, 6}, {2, 3}], [{8, 4}, {5, 7}, {2, 6}, {1, 3}], [{8, 4}, {5, 7}, {3, 6}, {1, 2}], [{8, 4}, {6, 7}, {1, 5}, {2, 3}], [{8, 4}, {6, 7}, {2, 5}, {1, 3}], [{8, 4}, {6, 7}, {3, 5}, {1, 2}], [{8, 4}, {6, 7}, {5}, {2, 3}, {1}], [{8, 4}, {7}, {1, 6}, {2, 5}, {3}], [{8, 4}, {7}, {2, 6}, {3, 5}, {1}], [{8, 5}, {1, 7}, {2, 6}, {3, 4}], [{8, 5}, {1, 7}, {3, 6}, {2, 4}], [{8, 5}, {1, 7}, {4, 6}, {2, 3}], [{8, 5}, {2, 7}, {1, 6}, {3, 4}], [{8, 5}, {2, 7}, {1, 6}, {4}, {3}], [{8, 5}, {2, 7}, {3, 6}, {1, 4}], [{8, 5}, {2, 7}, {4, 6}, {1, 3}], [{8, 5}, {3, 7}, {1, 6}, {2, 4}], [{8, 5}, {3, 7}, {2, 6}, {1, 4}], [{8, 5}, {3, 7}, {4, 6}, {1, 2}], [{8, 5}, {4, 7}, {1, 6}, {2, 3}], [{8, 5}, {4, 7}, {1, 6}, {3}, {2}], [{8, 5}, {4, 7}, {2, 6}, {1, 3}], [{8, 5}, {4, 7}, {3, 6}, {1, 2}], [{8, 5}, {6, 7}, {1, 4}, {2, 3}], [{8, 5}, {6, 7}, {2, 4}, {1, 3}], [{8, 5}, {6, 7}, {3, 4}, {1, 2}], [{8, 5}, {7}, {1, 6}, {2, 4}, {3}], [{8, 5}, {7}, {6}, {1, 4}, {2, 3}], [{8, 6}, {1, 7}, {2, 5}, {3, 4}], [{8, 6}, {1, 7}, {3, 5}, {2, 4}], [{8, 6}, {1, 7}, {4, 5}, {2, 3}], [{8, 6}, {2, 7}, {1, 5}, {3, 4}], [{8, 6}, {2, 7}, {3, 5}, {1, 4}], [{8, 6}, {2, 7}, {4, 5}, {1, 3}], [{8, 6}, {2, 7}, {4, 5}, {3}, {1}], [{8, 6}, {3, 7}, {1, 5}, {2, 4}], [{8, 6}, {3, 7}, {2, 5}, {1, 4}], [{8, 6}, {3, 7}, {4, 5}, {1, 2}], [{8, 6}, {4, 7}, {1, 5}, {2, 3}], [{8, 6}, {4, 7}, {1, 5}, {3}, {2}], [{8, 6}, {4, 7}, {2, 5}, {1, 3}], [{8, 6}, {4, 7}, {3, 5}, {1, 2}], [{8, 6}, {5, 7}, {1, 4}, {2, 3}], [{8, 6}, {5, 7}, {2, 4}, {1, 3}], [{8, 6}, {5, 7}, {3, 4}, {1, 2}], [{8, 6}, {7}, {3, 5}, {1, 4}, {2}], [{8, 7}, {1, 6}, {2, 5}, {3, 4}], [{8, 7}, {1, 6}, {2, 5}, {4}, {3}], [{8, 7}, {1, 6}, {3, 5}, {2, 4}], [{8, 7}, {1, 6}, {4, 5}, {2, 3}], [{8, 7}, {1, 6}, {5}, {3, 4}, {2}], [{8, 7}, {2, 6}, {1, 5}, {3, 4}], [{8, 7}, {2, 6}, {3, 5}, {1, 4}], [{8, 7}, {2, 6}, {4, 5}, {1, 3}], [{8, 7}, {3, 6}, {1, 5}, {2, 4}], [{8, 7}, {3, 6}, {2, 5}, {1, 4}], [{8, 7}, {3, 6}, {4, 5}, {1, 2}], [{8, 7}, {3, 6}, {5}, {1, 4}, {2}], [{8, 7}, {3, 6}, {5}, {2, 4}, {1}], [{8, 7}, {3, 6}, {5}, {4}, {1, 2}], [{8, 7}, {4, 6}, {1, 5}, {2, 3}], [{8, 7}, {4, 6}, {2, 5}, {1, 3}], [{8, 7}, {4, 6}, {3, 5}, {1, 2}], [{8, 7}, {4, 6}, {5}, {2, 3}, {1}], [{8, 7}, {5, 6}, {1, 4}, {2, 3}], [{8, 7}, {5, 6}, {1, 4}, {3}, {2}], [{8, 7}, {5, 6}, {2, 4}, {1, 3}], [{8, 7}, {5, 6}, {2, 4}, {3}, {1}], [{8, 7}, {5, 6}, {3, 4}, {1, 2}], [{8, 7}, {5, 6}, {4}, {3}, {1, 2}], [{8, 7}, {6}, {2, 5}, {3, 4}, {1}], [{8, 7}, {6}, {3, 5}, {1, 4}, {2}], [{8, 7}, {6}, {3, 5}, {2, 4}, {1}], [{8, 7}, {6}, {3, 5}, {4}, {1, 2}], [{8, 7}, {6}, {4, 5}, {1, 3}, {2}], [{8}, {1, 7}, {4, 6}, {2, 5}, {3}], [{8}, {1, 7}, {4, 6}, {3, 5}, {2}], [{8}, {1, 7}, {4, 6}, {5}, {2, 3}], [{8}, {2, 7}, {1, 6}, {3, 5}, {4}], [{8}, {2, 7}, {3, 6}, {5}, {1, 4}], [{8}, {2, 7}, {6}, {4, 5}, {1, 3}], [{8}, {3, 7}, {1, 6}, {2, 5}, {4}], [{8}, {4, 7}, {1, 6}, {2, 5}, {3}], [{8}, {4, 7}, {1, 6}, {3, 5}, {2}], [{8}, {4, 7}, {1, 6}, {5}, {2, 3}], [{8}, {4, 7}, {1, 6}, {5}, {3}, {2}], [{8}, {6, 7}, {3, 5}, {1, 4}, {2}], [{8}, {6, 7}, {5}, {2, 4}, {1, 3}], [{8}, {7}, {1, 6}, {2, 5}, {3, 4}], [{8}, {7}, {1, 6}, {3, 5}, {2, 4}]]",2,8 K_1^3 - 8 K_1^2 - 12 K_1 K_2 + 4 K_2 + 4 K_3 + 5,O1O2O3O4U2U1U5O6O5U4O7U6U3O8U7U8,O1O2O3U4U5U3U2O6O7U6O5O8U7O4U1U8,O1O2O3U4U3O5U6O4O7U8O6O8U2U1U7U5,c,{'O1O2O3O4U5U6O5U2U7O6U1O8O7U8U4U3'},1,"<a href=""/flatknot/8.857582"">8.857582</a>",t^9-51t^7-128t^6+139t^5+508t^4+132t^3-204t^2-92t+4,-2t^2+4t,,
8.857583,O1O2O3O4U5U6O5U2U7O6U3O8O7U1U8U4,3,11z^2+60z+77,-2w^4z^2+13w^3z^2-4w^3z+64w^2z+77w,False,False,"[[ 0 -2 -1  1  3 -1 -1  1  0],[ 2  0  0  2  4  1  1  2  0],[ 1  0  0  0  1  1  2  1  0],[-1 -2  0  0  0 -2  0  0 -1],[-3 -4 -1  0  0 -4 -3 -1 -1],[ 1 -1 -1  2  4  0 -1  1  0],[ 1 -1 -2  0  3  1  0  1  1],[-1 -2 -1  0  1 -1 -1  0  0],[ 0  0  0  1  1  0 -1  0  0]]","[[ 0  3  1  1  0 -1 -1 -1 -2],[-3  0  0 -1 -1 -1 -3 -4 -4],[-1  0  0  0 -1  0  0 -2 -2],[-1  1  0  0  0 -1 -1 -1 -2],[ 0  1  1  0  0  0 -1  0  0],[ 1  1  0  1  0  0  2  1  0],[ 1  3  0  1  1 -2  0  1 -1],[ 1  4  2  1  0 -1 -1  0 -1],[ 2  4  2  2  0  0  1  1  0]]",True,"[-3,-1,-1,0,1,1,1,2,0,1,1,1,3,4,4,0,1,0,0,2,2,0,1,1,1,2,0,1,0,0,-2,-1,0,-1,1,1]","[-3,-1,-1,0,1,1,1,2,0,1,1,1,3,4,4,0,1,0,0,2,2,0,1,1,1,2,0,1,0,0,-2,-1,0,-1,1,1]",t^8+69t^6+417t^4+32t^2,"[-2,-1,-1,-1,0,1,1,3,0,0,1,2,1,1,1,-1,2,0,1,2,1,1,1,1,0,0,1,1,2,3,1,0,2,0,1,2]","[-3,-1,-1,0,1,1,1,2,1,2,2,0,1,3,1,0,1,1,1,1,1,0,0,2,2,1,1,0,1,2,-1,-1,0,-2,0,1]","[-2,-1,-1,-1,0,1,1,3,0,1,1,0,2,2,4,1,2,0,0,1,1,-1,0,2,1,4,1,0,1,3,1,0,1,0,0,1]",c,"[[{8, 1}, {5, 7}, {4, 6}, {2, 3}], [{8, 3}, {5, 7}, {2, 6}, {1, 4}], [{8, 4}, {5, 7}, {1, 6}, {2, 3}], [{8, 6}, {5, 7}, {1, 4}, {2, 3}]]",1,- 8 K_1^2 - 10 K_1 K_2 - 2 K_1 K_3 + 5 K_1 - 2 K_2^2 + 5 K_2 + 5 K_3 + 2 K_4 + 6,O1O2O3O4U1U5U4O6O5U2O7U6U3O8U7U8,O1O2O3U1U4U5U3O6O7U6O4O8U7O5U2U8,O1O2O3U4U2O5U6O4O7U8O6O8U1U5U7U3,c,{'O1O2O3O4U5U6O5U2U7O6U3O8O7U1U8U4'},1,"<a href=""/flatknot/8.857583"">8.857583</a>",t^9-65t^7-178t^6+152t^5+566t^4-18t^3-130t^2-44t-8,-t^3+t^2+t,,
8.857584,O1O2O3O4U5U6O5U2U7O6U3O8O7U4U1U8,4,11z^2+80z+117,11w^3z^2+80w^2z+117w,False,False,"[[ 0 -1 -1  1  1 -1 -1  1  1],[ 1  0 -1  1  2  0  0  1  1],[ 1  1  0  0  1  1  2  1  1],[-1 -1  0  0  0 -2  0  0  0],[-1 -2 -1  0  0 -2 -1  0  0],[ 1  0 -1  2  2  0 -1  1  1],[ 1  0 -2  0  1  1  0  1  2],[-1 -1 -1  0  0 -1 -1  0  1],[-1 -1 -1  0  0 -1 -2 -1  0]]","[[ 0  1  1  1  1 -1 -1 -1 -1],[-1  0  1  0  0 -1 -1 -1 -1],[-1 -1  0  0  0 -1 -1 -1 -2],[-1  0  0  0  0  0 -1 -2  0],[-1  0  0  0  0 -1 -2 -2 -1],[ 1  1  1  0  1  0  1  1  2],[ 1  1  1  1  2 -1  0  0  0],[ 1  1  1  2  2 -1  0  0 -1],[ 1  1  2  0  1 -2  0  1  0]]",True,"[-1,-1,-1,-1,1,1,1,1,-1,0,0,1,1,1,1,0,0,1,1,1,2,0,0,1,2,0,1,2,2,1,-1,-1,-2,0,0,1]","[-1,-1,-1,-1,1,1,1,1,-2,-1,-1,1,1,1,2,-1,0,0,1,1,2,0,1,0,1,0,1,0,1,1,0,1,0,0,0,0]",t^8+34t^6+159t^4+62t^2+1,"[-1,-1,-1,-1,1,1,1,1,-2,-1,-1,1,1,1,2,-1,0,0,1,1,2,0,1,0,1,0,1,0,1,1,0,1,0,0,0,0]","[-1,-1,-1,-1,1,1,1,1,-1,0,0,0,1,1,1,0,0,1,1,1,1,0,1,0,0,1,2,0,1,2,1,0,-2,0,-1,-1]","[-1,-1,-1,-1,1,1,1,1,-2,0,1,0,1,1,2,1,1,0,1,1,1,0,1,1,2,1,2,1,2,1,0,0,0,0,1,0]",c,"[[{8, 2}, {1, 7}, {3, 6}, {4, 5}], [{8, 2}, {1, 7}, {4, 6}, {3, 5}], [{8, 2}, {5, 7}, {3, 6}, {1, 4}], [{8, 2}, {6, 7}, {3, 5}, {1, 4}]]",1,- 16 K_1^2 - 8 K_1 K_2 + 4 K_1 + 8 K_2 + 4 K_3 + 9,O1O2O3O4U5U4U1O6O5U2O7U6U3O8U7U8,O1O2O3U2U4U5U1O6O7U6O4O8U7O5U3U8,O1O2O3U4U1O5U6O4O7U8O6O8U3U5U7U2,c,{'O1O2O3O4U5U6O5U2U7O6U3O8O7U4U1U8'},1,"<a href=""/flatknot/8.857584"">8.857584</a>",t^9-34t^7-64t^6+75t^5+182t^4+50t^3-6t^2-11t-24,0,,
8.857585,O1O2O3O4U5U6O5U2U7O6U3O8O7U8U1U4,4,16z^2+101z+139,16w^3z^2+101w^2z+139w,False,False,"[[ 0 -1 -1  1  3 -1 -1  1 -1],[ 1  0  0  2  3  0  0  2 -1],[ 1  0  0  0  1  1  2  1  0],[-1 -2  0  0  0 -2  0  0 -1],[-3 -3 -1  0  0 -4 -3 -1 -1],[ 1  0 -1  2  4  0 -1  1 -1],[ 1  0 -2  0  3  1  0  1  0],[-1 -2 -1  0  1 -1 -1  0 -1],[ 1  1  0  1  1  1  0  1  0]]","[[ 0  3  1  1 -1 -1 -1 -1 -1],[-3  0  0 -1 -1 -1 -3 -3 -4],[-1  0  0  0  0 -1  0 -2 -2],[-1  1  0  0 -1 -1 -1 -2 -1],[ 1  1  0  1  0  0  2  0  1],[ 1  1  1  1  0  0  0  1  1],[ 1  3  0  1 -2  0  0  0  1],[ 1  3  2  2  0 -1  0  0  0],[ 1  4  2  1 -1 -1 -1  0  0]]",True,"[-3,-1,-1,1,1,1,1,1,0,1,1,1,3,3,4,0,0,1,0,2,2,1,1,1,2,1,0,-2,0,-1,0,-1,-1,0,-1,0]","[-3,-1,-1,1,1,1,1,1,0,1,1,1,3,3,4,0,0,1,0,2,2,1,1,1,2,1,0,-2,0,-1,0,-1,-1,0,-1,0]",t^8+62t^6+378t^4+173t^2+4,"[-1,-1,-1,-1,-1,1,1,3,-2,-1,0,0,1,2,3,-1,0,0,1,2,1,0,1,1,0,0,1,0,0,1,1,1,3,0,1,2]","[-3,-1,-1,1,1,1,1,1,1,2,0,1,1,3,3,0,1,0,1,1,1,0,0,2,1,2,0,-1,-1,-1,0,-1,0,0,-2,0]","[-1,-1,-1,-1,-1,1,1,3,-2,0,0,1,0,1,3,0,0,1,0,1,1,-1,0,2,2,3,1,1,1,1,2,1,4,0,0,1]",c,"[[{8, 3}, {4, 7}, {1, 6}, {2, 5}], [{8, 5}, {2, 7}, {1, 6}, {3, 4}], [{8, 7}, {1, 6}, {4, 5}, {2, 3}], [{8, 7}, {4, 6}, {1, 5}, {2, 3}], [{8, 7}, {5, 6}, {1, 4}, {2, 3}]]",1,36 K_1^3 + 8 K_1^2 K_2 - 42 K_1^2 - 42 K_1 K_2 - 6 K_1 K_3 - 6 K_1 - 2 K_2^2 + 20 K_2 + 12 K_3 + 2 K_4 + 21,O1O2O3O4U1U4U5O6O5U2O7U6U3O8U7U8,O1O2O3U2U4U5U3O6O7U6O4O8U7O5U1U8,O1O2O3U4U3O5U6O4O7U8O6O8U1U5U7U2,c,{'O1O2O3O4U5U6O5U2U7O6U3O8O7U8U1U4'},1,"<a href=""/flatknot/8.857585"">8.857585</a>",t^9-56t^7-120t^6+238t^5+728t^4+375t^3-88t^2-154t-60,-t^3+3t,,
8.857586,O1O2O3O4U5U6O5U2U7O6U4O8O7U1U3U8,4,4z^3+35z^2+108z+109,4w^4z^3+35w^3z^2+108w^2z+109w,False,False,"[[ 0 -2 -1  1  2 -1 -1  1  1],[ 2  0  0  2  2  1  1  2  1],[ 1  0  0  1  0  1  2  1  1],[-1 -2 -1  0  1 -2 -1 -1  0],[-2 -2  0 -1  0 -3 -1 -1 -1],[ 1 -1 -1  2  3  0 -1  1  1],[ 1 -1 -2  1  1  1  0  1  2],[-1 -2 -1  1  1 -1 -1  0  1],[-1 -1 -1  0  1 -1 -2 -1  0]]","[[ 0  2  1  1  1 -1 -1 -1 -2],[-2  0 -1 -1 -1  0 -1 -3 -2],[-1  1  0  1  1 -1 -1 -1 -2],[-1  1 -1  0  0 -1 -1 -2 -2],[-1  1 -1  0  0 -1 -2 -1 -1],[ 1  0  1  1  1  0  2  1  0],[ 1  1  1  1  2 -2  0  1 -1],[ 1  3  1  2  1 -1 -1  0 -1],[ 2  2  2  2  1  0  1  1  0]]",True,"[-2,-1,-1,-1,1,1,1,2,1,1,1,0,1,3,2,-1,-1,1,1,1,2,0,1,1,2,2,1,2,1,1,-2,-1,0,-1,1,1]","[-2,-1,-1,-1,1,1,1,2,0,0,0,0,2,3,2,-1,0,0,1,1,1,1,1,1,1,1,1,0,1,2,-1,-1,0,-2,0,1]",t^8+51t^6+260t^4+101t^2,"[-2,-1,-1,-1,1,1,1,2,0,0,1,1,1,2,2,-1,2,1,1,0,2,1,0,1,1,0,1,1,1,3,1,0,0,-1,0,0]","[-2,-1,-1,-1,1,1,1,2,0,0,0,0,2,3,2,-1,0,0,1,1,1,1,1,1,1,1,1,0,1,2,-1,-1,0,-2,0,1]","[-2,-1,-1,-1,1,1,1,2,0,1,1,1,2,2,2,1,2,1,1,1,0,-1,1,1,2,3,2,1,1,1,-1,0,1,1,1,1]",c,"[[{8, 1}, {2, 7}, {3, 6}, {4, 5}], [{8, 1}, {2, 7}, {3, 6}, {5}, {4}], [{8, 1}, {2, 7}, {4, 6}, {3, 5}], [{8, 1}, {2, 7}, {4, 6}, {5}, {3}], [{8, 1}, {2, 7}, {5, 6}, {3, 4}], [{8, 1}, {2, 7}, {5, 6}, {4}, {3}], [{8, 1}, {2, 7}, {6}, {3, 5}, {4}], [{8, 1}, {2, 7}, {6}, {4, 5}, {3}], [{8, 1}, {2, 7}, {6}, {5}, {3, 4}], [{8, 1}, {2, 7}, {6}, {5}, {4}, {3}], [{8, 1}, {3, 7}, {2, 6}, {4, 5}], [{8, 1}, {3, 7}, {2, 6}, {5}, {4}], [{8, 1}, {3, 7}, {4, 6}, {2, 5}], [{8, 1}, {3, 7}, {4, 6}, {5}, {2}], [{8, 1}, {3, 7}, {5, 6}, {2, 4}], [{8, 1}, {3, 7}, {6}, {5}, {2, 4}], [{8, 1}, {4, 7}, {2, 6}, {3, 5}], [{8, 1}, {4, 7}, {2, 6}, {5}, {3}], [{8, 1}, {4, 7}, {3, 6}, {2, 5}], [{8, 1}, {4, 7}, {3, 6}, {5}, {2}], [{8, 1}, {4, 7}, {5, 6}, {2, 3}], [{8, 1}, {4, 7}, {6}, {5}, {2, 3}], [{8, 1}, {5, 7}, {2, 6}, {3, 4}], [{8, 1}, {5, 7}, {3, 6}, {2, 4}], [{8, 1}, {5, 7}, {4, 6}, {2, 3}], [{8, 1}, {6, 7}, {2, 5}, {3, 4}], [{8, 1}, {6, 7}, {3, 5}, {2, 4}], [{8, 1}, {6, 7}, {4, 5}, {2, 3}], [{8, 1}, {6, 7}, {5}, {2, 4}, {3}], [{8, 1}, {6, 7}, {5}, {3, 4}, {2}], [{8, 1}, {6, 7}, {5}, {4}, {2, 3}], [{8, 1}, {7}, {2, 6}, {5}, {3, 4}], [{8, 1}, {7}, {3, 6}, {5}, {2, 4}], [{8, 1}, {7}, {4, 6}, {5}, {2, 3}], [{8, 2}, {1, 7}, {3, 6}, {4, 5}], [{8, 2}, {1, 7}, {4, 6}, {3, 5}], [{8, 2}, {1, 7}, {4, 6}, {5}, {3}], [{8, 2}, {1, 7}, {5, 6}, {3, 4}], [{8, 2}, {3, 7}, {1, 6}, {4, 5}], [{8, 2}, {3, 7}, {4, 6}, {1, 5}], [{8, 2}, {3, 7}, {5, 6}, {1, 4}], [{8, 2}, {3, 7}, {5, 6}, {4}, {1}], [{8, 2}, {4, 7}, {1, 6}, {3, 5}], [{8, 2}, {4, 7}, {3, 6}, {1, 5}], [{8, 2}, {4, 7}, {5, 6}, {1, 3}], [{8, 2}, {4, 7}, {6}, {1, 5}, {3}], [{8, 2}, {5, 7}, {1, 6}, {3, 4}], [{8, 2}, {5, 7}, {1, 6}, {4}, {3}], [{8, 2}, {5, 7}, {3, 6}, {1, 4}], [{8, 2}, {5, 7}, {4, 6}, {1, 3}], [{8, 2}, {6, 7}, {1, 5}, {3, 4}], [{8, 2}, {6, 7}, {3, 5}, {1, 4}], [{8, 2}, {6, 7}, {4, 5}, {1, 3}], [{8, 2}, {6, 7}, {4, 5}, {3}, {1}], [{8, 2}, {7}, {1, 6}, {5}, {3, 4}], [{8, 2}, {7}, {3, 6}, {1, 5}, {4}], [{8, 2}, {7}, {4, 6}, {3, 5}, {1}], [{8, 2}, {7}, {5, 6}, {1, 4}, {3}], [{8, 2}, {7}, {6}, {4, 5}, {1, 3}], [{8, 3}, {1, 7}, {2, 6}, {4, 5}], [{8, 3}, {1, 7}, {4, 6}, {2, 5}], [{8, 3}, {1, 7}, {5, 6}, {2, 4}], [{8, 3}, {1, 7}, {5, 6}, {4}, {2}], [{8, 3}, {2, 7}, {1, 6}, {4, 5}], [{8, 3}, {2, 7}, {4, 6}, {1, 5}], [{8, 3}, {2, 7}, {5, 6}, {1, 4}], [{8, 3}, {4, 7}, {1, 6}, {2, 5}], [{8, 3}, {4, 7}, {2, 6}, {1, 5}], [{8, 3}, {4, 7}, {5, 6}, {1, 2}], [{8, 3}, {5, 7}, {1, 6}, {2, 4}], [{8, 3}, {5, 7}, {2, 6}, {1, 4}], [{8, 3}, {5, 7}, {4, 6}, {1, 2}], [{8, 3}, {6, 7}, {1, 5}, {2, 4}], [{8, 3}, {6, 7}, {2, 5}, {1, 4}], [{8, 3}, {6, 7}, {4, 5}, {1, 2}], [{8, 3}, {6, 7}, {5}, {1, 4}, {2}], [{8, 3}, {7}, {4, 6}, {2, 5}, {1}], [{8, 4}, {1, 7}, {2, 6}, {3, 5}], [{8, 4}, {1, 7}, {3, 6}, {2, 5}], [{8, 4}, {1, 7}, {5, 6}, {2, 3}], [{8, 4}, {1, 7}, {6}, {2, 5}, {3}], [{8, 4}, {2, 7}, {1, 6}, {3, 5}], [{8, 4}, {2, 7}, {3, 6}, {1, 5}], [{8, 4}, {2, 7}, {5, 6}, {1, 3}], [{8, 4}, {3, 7}, {1, 6}, {2, 5}], [{8, 4}, {3, 7}, {2, 6}, {1, 5}], [{8, 4}, {3, 7}, {5, 6}, {1, 2}], [{8, 4}, {5, 7}, {1, 6}, {2, 3}], [{8, 4}, {5, 7}, {2, 6}, {1, 3}], [{8, 4}, {5, 7}, {3, 6}, {1, 2}], [{8, 4}, {6, 7}, {1, 5}, {2, 3}], [{8, 4}, {6, 7}, {2, 5}, {1, 3}], [{8, 4}, {6, 7}, {2, 5}, {3}, {1}], [{8, 4}, {6, 7}, {3, 5}, {1, 2}], [{8, 4}, {7}, {1, 6}, {2, 5}, {3}], [{8, 5}, {1, 7}, {2, 6}, {3, 4}], [{8, 5}, {1, 7}, {3, 6}, {2, 4}], [{8, 5}, {1, 7}, {4, 6}, {2, 3}], [{8, 5}, {2, 7}, {1, 6}, {3, 4}], [{8, 5}, {2, 7}, {3, 6}, {1, 4}], [{8, 5}, {2, 7}, {4, 6}, {1, 3}], [{8, 5}, {3, 7}, {1, 6}, {2, 4}], [{8, 5}, {3, 7}, {2, 6}, {1, 4}], [{8, 5}, {3, 7}, {4, 6}, {1, 2}], [{8, 5}, {4, 7}, {1, 6}, {2, 3}], [{8, 5}, {4, 7}, {2, 6}, {1, 3}], [{8, 5}, {4, 7}, {3, 6}, {1, 2}], [{8, 5}, {6, 7}, {1, 4}, {2, 3}], [{8, 5}, {6, 7}, {2, 4}, {1, 3}], [{8, 5}, {6, 7}, {3, 4}, {1, 2}], [{8, 6}, {1, 7}, {2, 5}, {3, 4}], [{8, 6}, {1, 7}, {3, 5}, {2, 4}], [{8, 6}, {1, 7}, {4, 5}, {2, 3}], [{8, 6}, {1, 7}, {4, 5}, {3}, {2}], [{8, 6}, {2, 7}, {1, 5}, {3, 4}], [{8, 6}, {2, 7}, {3, 5}, {1, 4}], [{8, 6}, {2, 7}, {4, 5}, {1, 3}], [{8, 6}, {3, 7}, {1, 5}, {2, 4}], [{8, 6}, {3, 7}, {2, 5}, {1, 4}], [{8, 6}, {3, 7}, {2, 5}, {4}, {1}], [{8, 6}, {3, 7}, {4, 5}, {1, 2}], [{8, 6}, {4, 7}, {1, 5}, {2, 3}], [{8, 6}, {4, 7}, {2, 5}, {1, 3}], [{8, 6}, {4, 7}, {3, 5}, {1, 2}], [{8, 6}, {5, 7}, {1, 4}, {2, 3}], [{8, 6}, {5, 7}, {2, 4}, {1, 3}], [{8, 6}, {5, 7}, {3, 4}, {1, 2}], [{8, 6}, {7}, {2, 5}, {1, 4}, {3}], [{8, 6}, {7}, {5}, {2, 4}, {1, 3}], [{8, 7}, {1, 6}, {2, 5}, {3, 4}], [{8, 7}, {1, 6}, {3, 5}, {2, 4}], [{8, 7}, {1, 6}, {4, 5}, {2, 3}], [{8, 7}, {2, 6}, {1, 5}, {3, 4}], [{8, 7}, {2, 6}, {3, 5}, {1, 4}], [{8, 7}, {2, 6}, {4, 5}, {1, 3}], [{8, 7}, {2, 6}, {5}, {4}, {1, 3}], [{8, 7}, {3, 6}, {1, 5}, {2, 4}], [{8, 7}, {3, 6}, {2, 5}, {1, 4}], [{8, 7}, {3, 6}, {4, 5}, {1, 2}], [{8, 7}, {4, 6}, {1, 5}, {2, 3}], [{8, 7}, {4, 6}, {2, 5}, {1, 3}], [{8, 7}, {4, 6}, {3, 5}, {1, 2}], [{8, 7}, {5, 6}, {1, 4}, {2, 3}], [{8, 7}, {5, 6}, {2, 4}, {1, 3}], [{8, 7}, {5, 6}, {3, 4}, {1, 2}], [{8}, {1, 7}, {4, 6}, {3, 5}, {2}], [{8}, {5, 7}, {4, 6}, {1, 3}, {2}]]",2,4 K_1^2 K_2 - 14 K_1^2 - 8 K_1 K_2 - 2 K_1 K_3 + 4 K_1 - 2 K_2^2 + 6 K_2 + 4 K_3 + K_4 + 8,O1O2O3O4U5U2U4O6O5U1O7U6U3O8U7U8,O1O2O3U1U4U2U5O6O7U6O4O8U7O5U3U8,O1O2O3U4U1O5U6O4O7U8O6O8U5U2U7U3,c,{'O1O2O3O4U5U6O5U2U7O6U4O8O7U1U3U8'},1,"<a href=""/flatknot/8.857586"">8.857586</a>",t^9-51t^7-172t^6-26t^5+436t^4+259t^3-110t^2+95t-2,0,,
8.857587,O1O2O3O4U5U6O5U2U7O6U4O8O7U1U8U3,4,5z^3+41z^2+95z+67,5w^4z^3+41w^3z^2+95w^2z+67w,False,False,"[[ 0 -2 -1  2  2 -1 -1  1  0],[ 2  0  0  3  2  1  1  2  0],[ 1  0  0  1  0  1  2  1  0],[-2 -3 -1  0  1 -3 -2 -1 -1],[-2 -2  0 -1  0 -3 -1 -1 -1],[ 1 -1 -1  3  3  0 -1  1  0],[ 1 -1 -2  2  1  1  0  1  1],[-1 -2 -1  1  1 -1 -1  0  0],[ 0  0  0  1  1  0 -1  0  0]]","[[ 0  2  2  1  0 -1 -1 -1 -2],[-2  0  1 -1 -1 -1 -2 -3 -3],[-2 -1  0 -1 -1  0 -1 -3 -2],[-1  1  1  0  0 -1 -1 -1 -2],[ 0  1  1  0  0  0 -1  0  0],[ 1  1  0  1  0  0  2  1  0],[ 1  2  1  1  1 -2  0  1 -1],[ 1  3  3  1  0 -1 -1  0 -1],[ 2  3  2  2  0  0  1  1  0]]",True,"[-2,-2,-1,0,1,1,1,2,-1,1,1,1,2,3,3,1,1,0,1,3,2,0,1,1,1,2,0,1,0,0,-2,-1,0,-1,1,1]","[-2,-2,-1,0,1,1,1,2,-1,0,1,0,2,3,2,0,1,0,1,2,1,1,1,1,1,1,1,0,1,2,-1,-1,0,-2,0,1]",t^8+58t^6+272t^4+43t^2+1,"[-2,-1,-1,-1,0,1,2,2,0,0,1,2,1,1,2,-1,2,0,1,1,2,1,1,1,0,0,1,1,2,3,1,1,1,0,0,-1]","[-2,-2,-1,0,1,1,1,2,-1,0,1,0,2,3,2,0,1,0,1,2,1,1,1,1,1,1,1,0,1,2,-1,-1,0,-2,0,1]","[-2,-1,-1,-1,0,1,2,2,0,1,1,0,2,2,3,1,2,0,1,0,1,-1,0,1,3,3,1,1,1,2,0,1,1,1,1,-1]",c,"[[{8, 2}, {1, 7}, {4, 6}, {3, 5}]]",1,4 K_1^3 + 8 K_1^2 K_2 - 10 K_1^2 - 4 K_1 K_2 - K_1 - 4 K_2^2 + K_2 + K_3 + 6,O1O2O3O4U2U5U4O6O5U1O7U6U3O8U7U8,O1O2O3U1U4U3U5O6O7U6O4O8U7O5U2U8,O1O2O3U4U2O5U6O4O7U8O6O8U5U1U7U3,c,{'O1O2O3O4U5U6O5U2U7O6U4O8O7U1U8U3'},1,"<a href=""/flatknot/8.857587"">8.857587</a>",t^9-56t^7-184t^6-15t^5+382t^4+46t^3-262t^2-55t,-t^2+2t,,
8.857588,O1O2O3O4U5U6O5U2U7O6U4O8O7U3U1U8,4,z^3+19z^2+85z+103,w^4z^3+19w^3z^2+85w^2z+103w,False,False,"[[ 0 -1 -1  0  2 -1 -1  1  1],[ 1  0 -1  1  2  0  0  1  1],[ 1  1  0  1  0  1  2  1  1],[ 0 -1 -1  0  1 -1  0  0  0],[-2 -2  0 -1  0 -3 -1 -1 -1],[ 1  0 -1  1  3  0 -1  1  1],[ 1  0 -2  0  1  1  0  1  2],[-1 -1 -1  0  1 -1 -1  0  1],[-1 -1 -1  0  1 -1 -2 -1  0]]","[[ 0  2  1  1  0 -1 -1 -1 -1],[-2  0 -1 -1 -1  0 -1 -2 -3],[-1  1  0  1  0 -1 -1 -1 -1],[-1  1 -1  0  0 -1 -2 -1 -1],[ 0  1  0  0  0 -1  0 -1 -1],[ 1  0  1  1  1  0  2  1  1],[ 1  1  1  2  0 -2  0  0  1],[ 1  2  1  1  1 -1  0  0  0],[ 1  3  1  1  1 -1 -1  0  0]]",True,"[-2,-1,-1,0,1,1,1,1,1,1,1,0,1,2,3,-1,0,1,1,1,1,0,1,2,1,1,1,0,1,1,-2,-1,-1,0,-1,0]","[-2,-1,-1,0,1,1,1,1,0,0,1,0,1,2,3,-1,1,1,1,0,1,1,1,1,1,1,0,0,1,0,0,-1,-1,0,-1,-2]",t^8+39t^6+160t^4+74t^2+1,"[-1,-1,-1,-1,0,1,1,2,-2,-1,-1,0,1,1,3,-1,0,1,0,1,2,0,0,1,1,0,0,1,1,1,1,1,1,1,0,0]","[-2,-1,-1,0,1,1,1,1,0,0,1,0,1,2,3,-1,1,1,1,0,1,1,1,1,1,1,0,0,1,0,0,-1,-1,0,-1,-2]","[-1,-1,-1,-1,0,1,1,2,-2,0,1,0,1,2,1,1,1,1,1,1,0,0,1,1,1,2,1,1,1,3,0,0,1,1,1,1]",c,"[[{8, 1}, {2, 7}, {3, 6}, {4, 5}], [{8, 1}, {2, 7}, {4, 6}, {3, 5}], [{8, 1}, {2, 7}, {5, 6}, {3, 4}], [{8, 1}, {3, 7}, {2, 6}, {4, 5}], [{8, 1}, {3, 7}, {4, 6}, {2, 5}], [{8, 1}, {3, 7}, {5, 6}, {2, 4}], [{8, 1}, {3, 7}, {5, 6}, {4}, {2}], [{8, 1}, {3, 7}, {6}, {5}, {2, 4}], [{8, 1}, {4, 7}, {2, 6}, {3, 5}], [{8, 1}, {4, 7}, {3, 6}, {2, 5}], [{8, 1}, {4, 7}, {5, 6}, {2, 3}], [{8, 1}, {5, 7}, {2, 6}, {3, 4}], [{8, 1}, {5, 7}, {3, 6}, {2, 4}], [{8, 1}, {5, 7}, {4, 6}, {2, 3}], [{8, 1}, {6, 7}, {2, 5}, {3, 4}], [{8, 1}, {6, 7}, {3, 5}, {2, 4}], [{8, 1}, {6, 7}, {4, 5}, {2, 3}], [{8, 2}, {1, 7}, {3, 6}, {4, 5}], [{8, 2}, {1, 7}, {3, 6}, {5}, {4}], [{8, 2}, {1, 7}, {4, 6}, {3, 5}], [{8, 2}, {1, 7}, {4, 6}, {5}, {3}], [{8, 2}, {1, 7}, {5, 6}, {3, 4}], [{8, 2}, {1, 7}, {5, 6}, {4}, {3}], [{8, 2}, {1, 7}, {6}, {3, 5}, {4}], [{8, 2}, {1, 7}, {6}, {4, 5}, {3}], [{8, 2}, {1, 7}, {6}, {5}, {3, 4}], [{8, 2}, {3, 7}, {1, 6}, {4, 5}], [{8, 2}, {3, 7}, {4, 6}, {1, 5}], [{8, 2}, {3, 7}, {4, 6}, {5}, {1}], [{8, 2}, {3, 7}, {5, 6}, {1, 4}], [{8, 2}, {3, 7}, {6}, {1, 5}, {4}], [{8, 2}, {4, 7}, {1, 6}, {3, 5}], [{8, 2}, {4, 7}, {3, 6}, {1, 5}], [{8, 2}, {4, 7}, {5, 6}, {1, 3}], [{8, 2}, {5, 7}, {1, 6}, {3, 4}], [{8, 2}, {5, 7}, {1, 6}, {4}, {3}], [{8, 2}, {5, 7}, {3, 6}, {1, 4}], [{8, 2}, {5, 7}, {4, 6}, {1, 3}], [{8, 2}, {5, 7}, {4, 6}, {3}, {1}], [{8, 2}, {5, 7}, {6}, {1, 4}, {3}], [{8, 2}, {6, 7}, {1, 5}, {3, 4}], [{8, 2}, {6, 7}, {3, 5}, {1, 4}], [{8, 2}, {6, 7}, {4, 5}, {1, 3}], [{8, 2}, {7}, {3, 6}, {4, 5}, {1}], [{8, 2}, {7}, {4, 6}, {1, 5}, {3}], [{8, 2}, {7}, {4, 6}, {3, 5}, {1}], [{8, 2}, {7}, {4, 6}, {5}, {1, 3}], [{8, 2}, {7}, {4, 6}, {5}, {3}, {1}], [{8, 2}, {7}, {5, 6}, {3, 4}, {1}], [{8, 3}, {1, 7}, {2, 6}, {4, 5}], [{8, 3}, {1, 7}, {4, 6}, {2, 5}], [{8, 3}, {1, 7}, {5, 6}, {2, 4}], [{8, 3}, {1, 7}, {6}, {4, 5}, {2}], [{8, 3}, {2, 7}, {1, 6}, {4, 5}], [{8, 3}, {2, 7}, {4, 6}, {1, 5}], [{8, 3}, {2, 7}, {4, 6}, {5}, {1}], [{8, 3}, {2, 7}, {5, 6}, {1, 4}], [{8, 3}, {2, 7}, {5, 6}, {4}, {1}], [{8, 3}, {2, 7}, {6}, {4, 5}, {1}], [{8, 3}, {4, 7}, {1, 6}, {2, 5}], [{8, 3}, {4, 7}, {2, 6}, {1, 5}], [{8, 3}, {4, 7}, {5, 6}, {1, 2}], [{8, 3}, {5, 7}, {1, 6}, {2, 4}], [{8, 3}, {5, 7}, {2, 6}, {1, 4}], [{8, 3}, {5, 7}, {4, 6}, {1, 2}], [{8, 3}, {5, 7}, {6}, {1, 4}, {2}], [{8, 3}, {6, 7}, {1, 5}, {2, 4}], [{8, 3}, {6, 7}, {2, 5}, {1, 4}], [{8, 3}, {6, 7}, {4, 5}, {1, 2}], [{8, 3}, {7}, {6}, {4, 5}, {1, 2}], [{8, 4}, {1, 7}, {2, 6}, {3, 5}], [{8, 4}, {1, 7}, {3, 6}, {2, 5}], [{8, 4}, {1, 7}, {5, 6}, {2, 3}], [{8, 4}, {2, 7}, {1, 6}, {3, 5}], [{8, 4}, {2, 7}, {3, 6}, {1, 5}], [{8, 4}, {2, 7}, {5, 6}, {1, 3}], [{8, 4}, {3, 7}, {1, 6}, {2, 5}], [{8, 4}, {3, 7}, {2, 6}, {1, 5}], [{8, 4}, {3, 7}, {2, 6}, {5}, {1}], [{8, 4}, {3, 7}, {5, 6}, {1, 2}], [{8, 4}, {5, 7}, {1, 6}, {2, 3}], [{8, 4}, {5, 7}, {2, 6}, {1, 3}], [{8, 4}, {5, 7}, {2, 6}, {3}, {1}], [{8, 4}, {5, 7}, {3, 6}, {1, 2}], [{8, 4}, {6, 7}, {1, 5}, {2, 3}], [{8, 4}, {6, 7}, {2, 5}, {1, 3}], [{8, 4}, {6, 7}, {3, 5}, {1, 2}], [{8, 4}, {7}, {2, 6}, {3, 5}, {1}], [{8, 4}, {7}, {3, 6}, {2, 5}, {1}], [{8, 5}, {1, 7}, {2, 6}, {3, 4}], [{8, 5}, {1, 7}, {3, 6}, {2, 4}], [{8, 5}, {1, 7}, {4, 6}, {2, 3}], [{8, 5}, {2, 7}, {1, 6}, {3, 4}], [{8, 5}, {2, 7}, {3, 6}, {1, 4}], [{8, 5}, {2, 7}, {4, 6}, {1, 3}], [{8, 5}, {3, 7}, {1, 6}, {2, 4}], [{8, 5}, {3, 7}, {2, 6}, {1, 4}], [{8, 5}, {3, 7}, {2, 6}, {4}, {1}], [{8, 5}, {3, 7}, {4, 6}, {1, 2}], [{8, 5}, {4, 7}, {1, 6}, {2, 3}], [{8, 5}, {4, 7}, {2, 6}, {1, 3}], [{8, 5}, {4, 7}, {3, 6}, {1, 2}], [{8, 5}, {4, 7}, {6}, {2, 3}, {1}], [{8, 5}, {6, 7}, {1, 4}, {2, 3}], [{8, 5}, {6, 7}, {2, 4}, {1, 3}], [{8, 5}, {6, 7}, {3, 4}, {1, 2}], [{8, 5}, {7}, {6}, {2, 4}, {1, 3}], [{8, 6}, {1, 7}, {2, 5}, {3, 4}], [{8, 6}, {1, 7}, {2, 5}, {4}, {3}], [{8, 6}, {1, 7}, {3, 5}, {2, 4}], [{8, 6}, {1, 7}, {4, 5}, {2, 3}], [{8, 6}, {1, 7}, {4, 5}, {3}, {2}], [{8, 6}, {1, 7}, {5}, {2, 4}, {3}], [{8, 6}, {2, 7}, {1, 5}, {3, 4}], [{8, 6}, {2, 7}, {3, 5}, {1, 4}], [{8, 6}, {2, 7}, {4, 5}, {1, 3}], [{8, 6}, {3, 7}, {1, 5}, {2, 4}], [{8, 6}, {3, 7}, {2, 5}, {1, 4}], [{8, 6}, {3, 7}, {4, 5}, {1, 2}], [{8, 6}, {3, 7}, {5}, {2, 4}, {1}], [{8, 6}, {4, 7}, {1, 5}, {2, 3}], [{8, 6}, {4, 7}, {2, 5}, {1, 3}], [{8, 6}, {4, 7}, {3, 5}, {1, 2}], [{8, 6}, {5, 7}, {1, 4}, {2, 3}], [{8, 6}, {5, 7}, {2, 4}, {1, 3}], [{8, 6}, {5, 7}, {3, 4}, {1, 2}], [{8, 6}, {7}, {5}, {2, 4}, {1, 3}], [{8, 7}, {1, 6}, {2, 5}, {3, 4}], [{8, 7}, {1, 6}, {3, 5}, {2, 4}], [{8, 7}, {1, 6}, {4, 5}, {2, 3}], [{8, 7}, {2, 6}, {1, 5}, {3, 4}], [{8, 7}, {2, 6}, {3, 5}, {1, 4}], [{8, 7}, {2, 6}, {4, 5}, {1, 3}], [{8, 7}, {3, 6}, {1, 5}, {2, 4}], [{8, 7}, {3, 6}, {2, 5}, {1, 4}], [{8, 7}, {3, 6}, {4, 5}, {1, 2}], [{8, 7}, {4, 6}, {1, 5}, {2, 3}], [{8, 7}, {4, 6}, {2, 5}, {1, 3}], [{8, 7}, {4, 6}, {3, 5}, {1, 2}], [{8, 7}, {4, 6}, {5}, {2, 3}, {1}], [{8, 7}, {5, 6}, {1, 4}, {2, 3}], [{8, 7}, {5, 6}, {2, 4}, {1, 3}], [{8, 7}, {5, 6}, {3, 4}, {1, 2}], [{8, 7}, {5, 6}, {4}, {3}, {1, 2}], [{8}, {1, 7}, {2, 6}, {4, 5}, {3}], [{8}, {1, 7}, {3, 6}, {4, 5}, {2}], [{8}, {1, 7}, {4, 6}, {3, 5}, {2}], [{8}, {1, 7}, {5, 6}, {3, 4}, {2}], [{8}, {1, 7}, {6}, {4, 5}, {2, 3}], [{8}, {1, 7}, {6}, {4, 5}, {3}, {2}], [{8}, {3, 7}, {1, 6}, {5}, {2, 4}], [{8}, {3, 7}, {2, 6}, {4, 5}, {1}], [{8}, {5, 7}, {4, 6}, {1, 3}, {2}], [{8}, {5, 7}, {6}, {1, 4}, {2, 3}], [{8}, {6, 7}, {1, 5}, {4}, {2, 3}], [{8}, {6, 7}, {4, 5}, {2, 3}, {1}], [{8}, {6, 7}, {5}, {1, 4}, {2, 3}], [{8}, {7}, {1, 6}, {4, 5}, {2, 3}], [{8}, {7}, {2, 6}, {4, 5}, {1, 3}], [{8}, {7}, {5, 6}, {1, 4}, {2, 3}], [{8}, {7}, {5, 6}, {2, 4}, {1, 3}]]",2,16 K_1^3 - 18 K_1^2 - 16 K_1 K_2 - 4 K_1 + 9 K_2 + 4 K_3 + 10,O1O2O3O4U5U4U2O6O5U1O7U6U3O8U7U8,O1O2O3U2U4U1U5O6O7U6O4O8U7O5U3U8,O1O2O3U4U1O5U6O4O7U8O6O8U5U3U7U2,c,{'O1O2O3O4U5U6O5U2U7O6U4O8O7U3U1U8'},1,"<a href=""/flatknot/8.857588"">8.857588</a>",t^9-37t^7-88t^6+37t^5+168t^4+59t^3+174t^2+107t-52,-t^2+2t,,
8.857589,O1O2O3O4U5U6O5U2U7O6U4O8O7U8U1U3,4,9z^2+78z+121,9w^3z^2+78w^2z+121w,False,False,"[[ 0 -1 -1  2  2 -1 -1  1 -1],[ 1  0  0  2  2  0  0  2 -1],[ 1  0  0  1  0  1  2  1  0],[-2 -2 -1  0  1 -3 -2 -1 -1],[-2 -2  0 -1  0 -3 -1 -1 -1],[ 1  0 -1  3  3  0 -1  1 -1],[ 1  0 -2  2  1  1  0  1  0],[-1 -2 -1  1  1 -1 -1  0 -1],[ 1  1  0  1  1  1  0  1  0]]","[[ 0  2  2  1 -1 -1 -1 -1 -1],[-2  0  1 -1 -1 -1 -2 -2 -3],[-2 -1  0 -1  0 -1 -1 -2 -3],[-1  1  1  0 -1 -1 -1 -2 -1],[ 1  1  0  1  0  0  2  0  1],[ 1  1  1  1  0  0  0  1  1],[ 1  2  1  1 -2  0  0  0  1],[ 1  2  2  2  0 -1  0  0  0],[ 1  3  3  1 -1 -1 -1  0  0]]",True,"[-2,-2,-1,1,1,1,1,1,-1,1,1,1,2,2,3,1,0,1,1,2,3,1,1,1,2,1,0,-2,0,-1,0,-1,-1,0,-1,0]","[-2,-2,-1,1,1,1,1,1,-1,0,0,1,2,2,3,0,0,1,1,2,2,1,0,1,1,1,0,-1,-1,-1,0,-1,0,0,-2,0]",t^8+53t^6+242t^4+113t^2+1,"[-1,-1,-1,-1,-1,1,2,2,-2,-1,0,0,1,2,3,-1,0,0,1,1,2,0,1,1,0,0,1,0,1,1,1,2,2,0,0,-1]","[-2,-2,-1,1,1,1,1,1,-1,0,0,1,2,2,3,0,0,1,1,2,2,1,0,1,1,1,0,-1,-1,-1,0,-1,0,0,-2,0]","[-1,-1,-1,-1,-1,1,2,2,-2,0,0,1,1,1,2,0,0,1,1,0,1,-1,0,2,2,2,1,1,1,1,1,3,3,1,1,-1]",c,"[[{8, 3}, {5, 7}, {1, 6}, {2, 4}], [{8, 3}, {5, 7}, {2, 6}, {1, 4}], [{8, 4}, {5, 7}, {1, 6}, {2, 3}], [{8, 4}, {5, 7}, {2, 6}, {1, 3}], [{8, 6}, {5, 7}, {1, 4}, {2, 3}], [{8, 6}, {5, 7}, {2, 4}, {1, 3}]]",1,- 16 K_1^2 - 12 K_1 K_2 + 6 K_1 + 8 K_2 + 6 K_3 + 9,O1O2O3O4U2U4U5O6O5U1O7U6U3O8U7U8,O1O2O3U2U4U3U5O6O7U6O4O8U7O5U1U8,O1O2O3U4U3O5U6O4O7U8O6O8U5U1U7U2,c,{'O1O2O3O4U5U6O5U2U7O6U4O8O7U8U1U3'},1,"<a href=""/flatknot/8.857589"">8.857589</a>",t^9-49t^7-140t^6+70t^5+562t^4+411t^3-142t^2-145t,-2t^2+4t,,
8.857590,O1O2O3O4U5U6O5U3U1O6U2O7O8U4U7U8,4,2z^3+25z^2+88z+93,2w^4z^3+25w^3z^2+88w^2z+93w,False,False,"[[ 0 -1  0  0  1 -1 -1  0  2],[ 1  0  0  0  2  1  1  1  1],[ 0  0  0  1  2 -1  0  1  1],[ 0  0 -1  0  0  0  1  1  1],[-1 -2 -2  0  0 -2  0  1  2],[ 1 -1  1  0  2  0 -1  0  2],[ 1 -1  0 -1  0  1  0  0  2],[ 0 -1 -1 -1 -1  0  0  0  1],[-2 -1 -1 -1 -2 -2 -2 -1  0]]","[[ 0  2  1  0  0  0 -1 -1 -1],[-2  0 -2 -1 -1 -1 -1 -2 -2],[-1  2  0  1  0 -2 -2  0 -2],[ 0  1 -1  0 -1 -1 -1  0  0],[ 0  1  0  1  0 -1  0  1  0],[ 0  1  2  1  1  0  0  0 -1],[ 1  1  2  1  0  0  0  1  1],[ 1  2  0  0 -1  0 -1  0  1],[ 1  2  2  0  0  1 -1 -1  0]]",True,"[-2,-1,0,0,0,1,1,1,2,1,1,1,1,2,2,-1,0,2,2,0,2,1,1,1,0,0,1,0,-1,0,0,0,1,-1,-1,-1]","[-2,-1,0,0,0,1,1,1,-1,1,1,1,1,1,2,-1,1,2,0,2,0,1,1,0,1,1,1,1,2,1,1,1,0,-1,-1,-1]",t^8+38t^6+271t^4+96t^2,"[-1,-1,-1,0,0,0,1,2,-1,-1,0,1,1,0,2,-1,1,1,2,2,1,1,0,1,0,1,1,1,2,1,-1,-1,1,1,1,-1]","[-2,-1,0,0,0,1,1,1,-1,1,1,1,1,1,2,-1,1,2,0,2,0,1,1,0,1,1,1,1,2,1,1,1,0,-1,-1,-1]","[-1,-1,-1,0,0,0,1,2,-1,-1,0,0,1,2,2,-1,-1,0,0,0,2,0,1,0,2,1,1,-1,0,1,-1,-1,1,2,1,2]",c,"[[{8, 1}, {2, 7}, {3, 6}, {4, 5}], [{8, 1}, {2, 7}, {4, 6}, {3, 5}], [{8, 1}, {2, 7}, {5, 6}, {3, 4}], [{8, 1}, {2, 7}, {6}, {3, 5}, {4}], [{8, 1}, {2, 7}, {6}, {4, 5}, {3}], [{8, 1}, {2, 7}, {6}, {5}, {3, 4}], [{8, 1}, {3, 7}, {2, 6}, {4, 5}], [{8, 1}, {3, 7}, {4, 6}, {2, 5}], [{8, 1}, {3, 7}, {5, 6}, {2, 4}], [{8, 1}, {3, 7}, {6}, {5}, {2, 4}], [{8, 1}, {4, 7}, {2, 6}, {3, 5}], [{8, 1}, {4, 7}, {2, 6}, {5}, {3}], [{8, 1}, {4, 7}, {3, 6}, {2, 5}], [{8, 1}, {4, 7}, {5, 6}, {2, 3}], [{8, 1}, {4, 7}, {6}, {3, 5}, {2}], [{8, 1}, {5, 7}, {2, 6}, {3, 4}], [{8, 1}, {5, 7}, {3, 6}, {2, 4}], [{8, 1}, {5, 7}, {4, 6}, {2, 3}], [{8, 1}, {5, 7}, {6}, {2, 4}, {3}], [{8, 1}, {6, 7}, {2, 5}, {3, 4}], [{8, 1}, {6, 7}, {3, 5}, {2, 4}], [{8, 1}, {6, 7}, {3, 5}, {4}, {2}], [{8, 1}, {6, 7}, {4, 5}, {2, 3}], [{8, 1}, {7}, {2, 6}, {3, 5}, {4}], [{8, 1}, {7}, {4, 6}, {3, 5}, {2}], [{8, 1}, {7}, {6}, {3, 5}, {2, 4}], [{8, 1}, {7}, {6}, {3, 5}, {4}, {2}], [{8, 2}, {1, 7}, {3, 6}, {4, 5}], [{8, 2}, {1, 7}, {3, 6}, {5}, {4}], [{8, 2}, {1, 7}, {4, 6}, {3, 5}], [{8, 2}, {1, 7}, {4, 6}, {5}, {3}], [{8, 2}, {1, 7}, {5, 6}, {3, 4}], [{8, 2}, {1, 7}, {6}, {5}, {3, 4}], [{8, 2}, {3, 7}, {1, 6}, {4, 5}], [{8, 2}, {3, 7}, {4, 6}, {1, 5}], [{8, 2}, {3, 7}, {4, 6}, {5}, {1}], [{8, 2}, {3, 7}, {5, 6}, {1, 4}], [{8, 2}, {4, 7}, {1, 6}, {3, 5}], [{8, 2}, {4, 7}, {3, 6}, {1, 5}], [{8, 2}, {4, 7}, {5, 6}, {1, 3}], [{8, 2}, {5, 7}, {1, 6}, {3, 4}], [{8, 2}, {5, 7}, {3, 6}, {1, 4}], [{8, 2}, {5, 7}, {4, 6}, {1, 3}], [{8, 2}, {5, 7}, {6}, {1, 4}, {3}], [{8, 2}, {6, 7}, {1, 5}, {3, 4}], [{8, 2}, {6, 7}, {3, 5}, {1, 4}], [{8, 2}, {6, 7}, {4, 5}, {1, 3}], [{8, 2}, {7}, {4, 6}, {5}, {1, 3}], [{8, 3}, {1, 7}, {2, 6}, {4, 5}], [{8, 3}, {1, 7}, {2, 6}, {5}, {4}], [{8, 3}, {1, 7}, {4, 6}, {2, 5}], [{8, 3}, {1, 7}, {4, 6}, {5}, {2}], [{8, 3}, {1, 7}, {5, 6}, {2, 4}], [{8, 3}, {1, 7}, {6}, {5}, {2, 4}], [{8, 3}, {2, 7}, {1, 6}, {4, 5}], [{8, 3}, {2, 7}, {1, 6}, {5}, {4}], [{8, 3}, {2, 7}, {4, 6}, {1, 5}], [{8, 3}, {2, 7}, {5, 6}, {1, 4}], [{8, 3}, {4, 7}, {1, 6}, {2, 5}], [{8, 3}, {4, 7}, {2, 6}, {1, 5}], [{8, 3}, {4, 7}, {5, 6}, {1, 2}], [{8, 3}, {4, 7}, {5, 6}, {2}, {1}], [{8, 3}, {5, 7}, {1, 6}, {2, 4}], [{8, 3}, {5, 7}, {2, 6}, {1, 4}], [{8, 3}, {5, 7}, {4, 6}, {1, 2}], [{8, 3}, {5, 7}, {4, 6}, {2}, {1}], [{8, 3}, {6, 7}, {1, 5}, {2, 4}], [{8, 3}, {6, 7}, {2, 5}, {1, 4}], [{8, 3}, {6, 7}, {2, 5}, {4}, {1}], [{8, 3}, {6, 7}, {4, 5}, {1, 2}], [{8, 3}, {6, 7}, {5}, {1, 4}, {2}], [{8, 3}, {7}, {4, 6}, {1, 5}, {2}], [{8, 3}, {7}, {6}, {4, 5}, {1, 2}], [{8, 4}, {1, 7}, {2, 6}, {3, 5}], [{8, 4}, {1, 7}, {2, 6}, {5}, {3}], [{8, 4}, {1, 7}, {3, 6}, {2, 5}], [{8, 4}, {1, 7}, {3, 6}, {5}, {2}], [{8, 4}, {1, 7}, {5, 6}, {2, 3}], [{8, 4}, {1, 7}, {5, 6}, {3}, {2}], [{8, 4}, {1, 7}, {6}, {2, 5}, {3}], [{8, 4}, {1, 7}, {6}, {3, 5}, {2}], [{8, 4}, {1, 7}, {6}, {5}, {2, 3}], [{8, 4}, {1, 7}, {6}, {5}, {3}, {2}], [{8, 4}, {2, 7}, {1, 6}, {3, 5}], [{8, 4}, {2, 7}, {3, 6}, {1, 5}], [{8, 4}, {2, 7}, {5, 6}, {1, 3}], [{8, 4}, {3, 7}, {1, 6}, {2, 5}], [{8, 4}, {3, 7}, {2, 6}, {1, 5}], [{8, 4}, {3, 7}, {5, 6}, {1, 2}], [{8, 4}, {5, 7}, {1, 6}, {2, 3}], [{8, 4}, {5, 7}, {2, 6}, {1, 3}], [{8, 4}, {5, 7}, {3, 6}, {1, 2}], [{8, 4}, {6, 7}, {1, 5}, {2, 3}], [{8, 4}, {6, 7}, {2, 5}, {1, 3}], [{8, 4}, {6, 7}, {3, 5}, {1, 2}], [{8, 4}, {7}, {2, 6}, {3, 5}, {1}], [{8, 4}, {7}, {3, 6}, {2, 5}, {1}], [{8, 5}, {1, 7}, {2, 6}, {3, 4}], [{8, 5}, {1, 7}, {2, 6}, {4}, {3}], [{8, 5}, {1, 7}, {3, 6}, {2, 4}], [{8, 5}, {1, 7}, {4, 6}, {2, 3}], [{8, 5}, {2, 7}, {1, 6}, {3, 4}], [{8, 5}, {2, 7}, {3, 6}, {1, 4}], [{8, 5}, {2, 7}, {3, 6}, {4}, {1}], [{8, 5}, {2, 7}, {4, 6}, {1, 3}], [{8, 5}, {2, 7}, {6}, {1, 4}, {3}], [{8, 5}, {3, 7}, {1, 6}, {2, 4}], [{8, 5}, {3, 7}, {2, 6}, {1, 4}], [{8, 5}, {3, 7}, {4, 6}, {1, 2}], [{8, 5}, {3, 7}, {6}, {1, 4}, {2}], [{8, 5}, {4, 7}, {1, 6}, {2, 3}], [{8, 5}, {4, 7}, {2, 6}, {1, 3}], [{8, 5}, {4, 7}, {3, 6}, {1, 2}], [{8, 5}, {6, 7}, {1, 4}, {2, 3}], [{8, 5}, {6, 7}, {2, 4}, {1, 3}], [{8, 5}, {6, 7}, {3, 4}, {1, 2}], [{8, 5}, {7}, {2, 6}, {3, 4}, {1}], [{8, 5}, {7}, {4, 6}, {1, 3}, {2}], [{8, 5}, {7}, {6}, {1, 4}, {2, 3}], [{8, 6}, {1, 7}, {2, 5}, {3, 4}], [{8, 6}, {1, 7}, {3, 5}, {2, 4}], [{8, 6}, {1, 7}, {4, 5}, {2, 3}], [{8, 6}, {1, 7}, {5}, {2, 4}, {3}], [{8, 6}, {1, 7}, {5}, {3, 4}, {2}], [{8, 6}, {1, 7}, {5}, {4}, {2, 3}], [{8, 6}, {2, 7}, {1, 5}, {3, 4}], [{8, 6}, {2, 7}, {1, 5}, {4}, {3}], [{8, 6}, {2, 7}, {3, 5}, {1, 4}], [{8, 6}, {2, 7}, {4, 5}, {1, 3}], [{8, 6}, {2, 7}, {4, 5}, {3}, {1}], [{8, 6}, {2, 7}, {5}, {1, 4}, {3}], [{8, 6}, {3, 7}, {1, 5}, {2, 4}], [{8, 6}, {3, 7}, {2, 5}, {1, 4}], [{8, 6}, {3, 7}, {4, 5}, {1, 2}], [{8, 6}, {3, 7}, {5}, {1, 4}, {2}], [{8, 6}, {4, 7}, {1, 5}, {2, 3}], [{8, 6}, {4, 7}, {2, 5}, {1, 3}], [{8, 6}, {4, 7}, {3, 5}, {1, 2}], [{8, 6}, {4, 7}, {5}, {2, 3}, {1}], [{8, 6}, {5, 7}, {1, 4}, {2, 3}], [{8, 6}, {5, 7}, {2, 4}, {1, 3}], [{8, 6}, {5, 7}, {3, 4}, {1, 2}], [{8, 6}, {7}, {3, 5}, {2, 4}, {1}], [{8, 6}, {7}, {5}, {1, 4}, {2, 3}], [{8, 7}, {1, 6}, {2, 5}, {3, 4}], [{8, 7}, {1, 6}, {3, 5}, {2, 4}], [{8, 7}, {1, 6}, {4, 5}, {2, 3}], [{8, 7}, {2, 6}, {1, 5}, {3, 4}], [{8, 7}, {2, 6}, {3, 5}, {1, 4}], [{8, 7}, {2, 6}, {3, 5}, {4}, {1}], [{8, 7}, {2, 6}, {4, 5}, {1, 3}], [{8, 7}, {2, 6}, {5}, {1, 4}, {3}], [{8, 7}, {3, 6}, {1, 5}, {2, 4}], [{8, 7}, {3, 6}, {2, 5}, {1, 4}], [{8, 7}, {3, 6}, {2, 5}, {4}, {1}], [{8, 7}, {3, 6}, {4, 5}, {1, 2}], [{8, 7}, {4, 6}, {1, 5}, {2, 3}], [{8, 7}, {4, 6}, {2, 5}, {1, 3}], [{8, 7}, {4, 6}, {3, 5}, {1, 2}], [{8, 7}, {5, 6}, {1, 4}, {2, 3}], [{8, 7}, {5, 6}, {2, 4}, {1, 3}], [{8, 7}, {5, 6}, {3, 4}, {1, 2}], [{8, 7}, {6}, {3, 5}, {1, 4}, {2}], [{8}, {1, 7}, {2, 6}, {3, 5}, {4}], [{8}, {1, 7}, {2, 6}, {4, 5}, {3}], [{8}, {1, 7}, {2, 6}, {5}, {3, 4}], [{8}, {1, 7}, {2, 6}, {5}, {4}, {3}], [{8}, {1, 7}, {3, 6}, {5}, {2, 4}], [{8}, {1, 7}, {4, 6}, {5}, {2, 3}], [{8}, {2, 7}, {1, 6}, {4, 5}, {3}], [{8}, {2, 7}, {4, 6}, {3, 5}, {1}], [{8}, {2, 7}, {5, 6}, {1, 4}, {3}], [{8}, {2, 7}, {5, 6}, {3, 4}, {1}], [{8}, {2, 7}, {5, 6}, {4}, {1, 3}], [{8}, {3, 7}, {2, 6}, {4, 5}, {1}], [{8}, {3, 7}, {5, 6}, {1, 4}, {2}], [{8}, {4, 7}, {2, 6}, {3, 5}, {1}], [{8}, {4, 7}, {3, 6}, {2, 5}, {1}], [{8}, {5, 7}, {1, 6}, {4}, {2, 3}], [{8}, {7}, {1, 6}, {3, 5}, {2, 4}], [{8}, {7}, {2, 6}, {3, 5}, {1, 4}], [{8}, {7}, {2, 6}, {4, 5}, {1, 3}], [{8}, {7}, {4, 6}, {2, 5}, {1, 3}], [{8}, {7}, {5, 6}, {1, 4}, {2, 3}]]",2,20 K_1^3 - 22 K_1^2 - 16 K_1 K_2 - 7 K_1 + 11 K_2 + 3 K_3 + 12,O1O2O3O4U5U6U1O5O6U3O7U4U2O8U7U8,O1O2O3U4U5U6U1O7O8U7O6O4U8O5U2U3,O1O2O3U1U2O4U5O6O7U8O5O8U3U7U4U6,c,{'O1O2O3O4U5U6O5U3U1O6U2O7O8U4U7U8'},1,"<a href=""/flatknot/8.857590"">8.857590</a>",t^9-36t^7-94t^6+44t^5+362t^4+238t^3-318t^2-340t+32,-t^2+2t,,
8.857591,O1O2O3O4U5U6O5U3U1O6U2O7O8U4U8U7,3,16z^2+69z+75,-8w^4z^2+24w^3z^2-8w^3z+77w^2z+75w,False,False,"[[ 0 -1  0  0  1 -1 -1  1  1],[ 1  0  0  0  2  1  1  1  1],[ 0  0  0  1  2 -1  0  1  1],[ 0  0 -1  0  0  0  1  1  1],[-1 -2 -2  0  0 -2  0  2  1],[ 1 -1  1  0  2  0 -1  1  1],[ 1 -1  0 -1  0  1  0  1  1],[-1 -1 -1 -1 -2 -1 -1  0  0],[-1 -1 -1 -1 -1 -1 -1  0  0]]","[[ 0  1  1  1  0  0 -1 -1 -1],[-1  0  2  1  0 -2  0 -2 -2],[-1 -2  0  0 -1 -1 -1 -1 -1],[-1 -1  0  0 -1 -1 -1 -1 -1],[ 0  0  1  1  0 -1  1  0  0],[ 0  2  1  1  1  0  0  0 -1],[ 1  0  1  1 -1  0  0 -1  1],[ 1  2  1  1  0  0  1  0  1],[ 1  2  1  1  0  1 -1 -1  0]]",True,"[-1,-1,-1,0,0,1,1,1,-2,-1,0,2,0,2,2,0,1,1,1,1,1,1,1,1,1,1,1,-1,0,0,0,0,1,1,-1,-1]","[-1,-1,-1,0,0,1,1,1,-2,-1,0,2,0,2,2,0,1,1,1,1,1,1,1,1,1,1,1,-1,0,0,0,0,1,1,-1,-1]",t^8+33t^6+183t^4+76t^2,"[-1,-1,-1,0,0,1,1,1,-1,-1,1,1,0,1,1,-1,1,2,2,1,1,0,1,0,1,1,-1,-1,0,0,1,0,0,-2,-1,0]","[-1,-1,-1,0,0,1,1,1,-2,0,0,0,1,1,1,1,-1,1,0,0,2,0,0,1,1,1,1,0,1,1,1,1,2,-1,-1,1]","[-1,-1,-1,0,0,1,1,1,-1,-1,0,1,1,1,2,-1,-1,0,1,1,0,0,0,1,1,2,-1,1,1,0,1,1,2,0,-2,-1]",c,"[[{8, 1}, {4, 7}, {2, 6}, {3, 5}]]",1,- 4 K_1^2 + 2 K_2 + 3,O1O2O3O4U5U6U1O6O5U3O7U4U2O8U7U8,O1O2O3U4U5U6U1O7O8U7O6O4U8O5U3U2,O1O2O3U2U1O4U5O6O7U8O5O8U3U7U4U6,c,{'O1O2O3O4U5U6O5U3U1O6U2O7O8U4U8U7'},1,"<a href=""/flatknot/8.857591"">8.857591</a>",t^9-33t^7-78t^6+53t^5+274t^4+96t^3-232t^2-144t,0,,
8.857592,O1O2O3O4U5U6O5U3U1O6U2O7O8U7U4U8,3,6z^2+67z+111,6w^3z^2+67w^2z+111w,False,False,"[[ 0 -1  0  0  2 -1 -1 -1  2],[ 1  0  0  0  2  1  1  0  1],[ 0  0  0  1  2 -1  0  0  1],[ 0  0 -1  0  0  0  1  0  1],[-2 -2 -2  0  0 -3 -1  0  2],[ 1 -1  1  0  3  0 -1 -1  2],[ 1 -1  0 -1  1  1  0 -1  2],[ 1  0  0  0  0  1  1  0  1],[-2 -1 -1 -1 -2 -2 -2 -1  0]]","[[ 0  2  2  0  0 -1 -1 -1 -1],[-2  0  2  0 -2  0 -1 -2 -3],[-2 -2  0 -1 -1 -1 -2 -1 -2],[ 0  0  1  0 -1  0  1  0  0],[ 0  2  1  1  0  0  0  0 -1],[ 1  0  1  0  0  0  1  0  1],[ 1  1  2 -1  0 -1  0 -1  1],[ 1  2  1  0  0  0  1  0  1],[ 1  3  2  0  1 -1 -1 -1  0]]",True,"[-2,-2,0,0,1,1,1,1,-2,0,2,0,1,2,3,1,1,1,2,1,2,1,0,-1,0,0,0,0,0,1,-1,0,-1,1,-1,-1]","[-2,-2,0,0,1,1,1,1,-2,0,2,0,1,2,3,1,1,1,2,1,2,1,0,-1,0,0,0,0,0,1,-1,0,-1,1,-1,-1]",t^8+42t^6+280t^4+120t^2,"[-1,-1,-1,-1,0,0,2,2,-1,-1,0,1,1,1,2,-1,1,1,2,2,1,1,0,1,0,1,1,1,3,2,-1,0,1,2,1,-2]","[-2,-2,0,0,1,1,1,1,-2,1,1,1,1,2,2,0,2,0,2,1,3,1,0,1,1,1,1,2,1,1,-1,-1,-1,-1,-1,0]","[-1,-1,-1,-1,0,0,2,2,-1,-1,-1,0,1,2,3,-1,-1,-1,0,2,1,0,0,0,1,0,0,0,1,2,-1,1,0,1,2,-2]",c,"[[{8, 4}, {1, 7}, {2, 6}, {3, 5}], [{8, 4}, {3, 7}, {2, 6}, {1, 5}]]",1,4 K_1^3 - 24 K_1^2 - 16 K_1 K_2 + 5 K_1 + 12 K_2 + 7 K_3 + 13,O1O2O3O4U5U1U6O5O6U3O7U4U2O8U7U8,O1O2O3U4U5U6U2O7O8U7O6O4U8O5U1U3,O1O2O3U1U3O4U5O6O7U8O5O8U2U7U4U6,c,{'O1O2O3O4U5U6O5U3U1O6U2O7O8U7U4U8'},1,"<a href=""/flatknot/8.857592"">8.857592</a>",t^9-38t^7-114t^6-4t^5+376t^4+376t^3-240t^2-384t,-2t^2+4t,,
8.857593,O1O2O3O4U5U6O5U3U1O6U2O7O8U7U8U4,4,2z^3+25z^2+88z+93,2w^4z^3+25w^3z^2+88w^2z+93w,False,False,"[[ 0 -1  0  0  3 -1 -1 -1  1],[ 1  0  0  0  2  1  1  0  0],[ 0  0  0  1  2 -1  0  0  0],[ 0  0 -1  0  0  0  1  0  0],[-3 -2 -2  0  0 -4 -2 -1  1],[ 1 -1  1  0  4  0 -1 -1  1],[ 1 -1  0 -1  2  1  0 -1  1],[ 1  0  0  0  1  1  1  0  1],[-1  0  0  0 -1 -1 -1 -1  0]]","[[ 0  3  1  0  0 -1 -1 -1 -1],[-3  0  1  0 -2 -1 -2 -2 -4],[-1 -1  0  0  0 -1  0 -1 -1],[ 0  0  0  0 -1  0  0  1  0],[ 0  2  0  1  0  0  0  0 -1],[ 1  1  1  0  0  0  0  1  1],[ 1  2  0  0  0  0  0  1  1],[ 1  2  1 -1  0 -1 -1  0  1],[ 1  4  1  0  1 -1 -1 -1  0]]",True,"[-3,-1,0,0,1,1,1,1,-1,0,2,1,2,2,4,0,0,1,0,1,1,1,0,0,-1,0,0,0,0,1,0,-1,-1,-1,-1,-1]","[-3,-1,0,0,1,1,1,1,-1,0,2,1,2,2,4,0,0,1,0,1,1,1,0,0,-1,0,0,0,0,1,0,-1,-1,-1,-1,-1]",t^8+41t^6+206t^4+120t^2,"[-1,-1,-1,-1,0,0,1,3,-1,-1,0,1,1,1,3,-1,1,1,2,1,2,1,0,1,1,0,1,1,2,2,-1,1,1,1,3,3]","[-3,-1,0,0,1,1,1,1,3,1,3,0,2,2,3,1,1,1,1,2,1,1,0,1,1,1,1,2,1,1,-1,-1,-1,-1,-1,0]","[-1,-1,-1,-1,0,0,1,3,-1,-1,-1,0,1,1,4,-1,-1,-1,0,1,2,0,0,0,0,2,0,0,1,1,-1,0,0,0,2,-1]",c,"[[{8, 1}, {4, 7}, {2, 6}, {3, 5}], [{8, 1}, {4, 7}, {2, 6}, {5}, {3}], [{8, 7}, {2, 6}, {3, 5}, {1, 4}], [{8, 7}, {2, 6}, {5}, {1, 4}, {3}]]",1,- 8 K_1^4 + 20 K_1^3 + 8 K_1^2 K_2 - 18 K_1^2 - 18 K_1 K_2 - 2 K_1 K_3 - 6 K_1 + 10 K_2 + 4 K_3 + 11,O1O2O3O4U1U5U6O5O6U3O7U4U2O8U7U8,O1O2O3U4U5U6U3O7O8U7O6O4U8O5U1U2,O1O2O3U2U3O4U5O6O7U8O5O8U1U7U4U6,c,{'O1O2O3O4U5U6O5U3U1O6U2O7O8U7U8U4'},1,"<a href=""/flatknot/8.857593"">8.857593</a>",t^9-35t^7-96t^6+2t^5+224t^4+122t^3-130t^2-60t+32,-t^3+3t,,
8.857594,O1O2O3O4U5U6O5U3U1O6U4O7O8U2U7U8,4,3z^3+33z^2+109z+111,3w^4z^3+33w^3z^2+109w^2z+111w,False,False,"[[ 0 -1 -1  0  2 -1 -1  0  2],[ 1  0  1  0  1  1  1  1  1],[ 1 -1  0  0  1  0  1  1  2],[ 0  0  0  0  0  0  1  0  0],[-2 -1 -1  0  0 -3 -1  0  0],[ 1 -1  0  0  3  0 -1  0  2],[ 1 -1 -1 -1  1  1  0  0  2],[ 0 -1 -1  0  0  0  0  0  1],[-2 -1 -2  0  0 -2 -2 -1  0]]","[[ 0  2  2  0  0 -1 -1 -1 -1],[-2  0  0  0  0 -1 -1 -1 -3],[-2  0  0  0 -1 -1 -2 -2 -2],[ 0  0  0  0  0  0  1  0  0],[ 0  0  1  0  0 -1  0 -1  0],[ 1  1  1  0  1  0  1  1  1],[ 1  1  2 -1  0 -1  0 -1  1],[ 1  1  2  0  1 -1  1  0  0],[ 1  3  2  0  0 -1 -1  0  0]]",True,"[-2,-2,0,0,1,1,1,1,0,0,0,1,1,1,3,0,1,1,2,2,2,0,0,-1,0,0,1,0,1,0,-1,-1,-1,1,-1,0]","[-2,-2,0,0,1,1,1,1,0,0,0,1,1,1,3,0,1,1,2,2,2,0,0,-1,0,0,1,0,1,0,-1,-1,-1,1,-1,0]",t^8+34t^6+155t^4+61t^2+1,"[-1,-1,-1,-1,0,0,2,2,-1,-1,-1,0,1,2,2,-1,0,0,1,1,2,-1,1,2,1,2,1,1,1,0,0,1,2,2,2,0]","[-2,-2,0,0,1,1,1,1,0,1,2,1,1,1,2,2,2,0,2,2,2,0,1,0,1,0,1,1,2,1,0,-1,-1,1,-1,-1]","[-1,-1,-1,-1,0,0,2,2,-1,-1,0,0,0,2,3,-1,-1,-1,0,2,1,1,0,1,1,1,0,1,2,1,0,0,0,1,0,0]",c,"[[{8, 3}, {4, 7}, {1, 6}, {2, 5}], [{8, 5}, {3, 7}, {4, 6}, {1, 2}]]",1,16 K_1^3 + 4 K_1^2 K_2 - 16 K_1^2 - 12 K_1 K_2 - 4 K_1 K_3 - 6 K_1 + 8 K_2 + 2 K_3 + K_4 + 8,O1O2O3O4U5U6U3O5O6U1O7U4U2O8U7U8,O1O2O3U4U1U5U6O7O8U7O5O4U8O6U2U3,O1O2O3U1U2O4U5O6O7U8O5O8U4U7U3U6,c,{'O1O2O3O4U5U6O5U3U1O6U4O7O8U2U7U8'},1,"<a href=""/flatknot/8.857594"">8.857594</a>",t^9-30t^7-68t^6+27t^5+184t^4+137t^3-12t^2-54t-24,-2t^2+4t,,
8.857595,O1O2O3O4U5U6O5U3U1O6U4O7O8U2U8U7,4,6z^3+43z^2+110z+97,6w^4z^3+43w^3z^2+110w^2z+97w,False,False,"[[ 0 -1 -1  0  2 -1 -1  1  1],[ 1  0  1  0  1  1  1  1  1],[ 1 -1  0  0  1  0  1  2  1],[ 0  0  0  0  0  0  1  0  0],[-2 -1 -1  0  0 -3 -1  0  0],[ 1 -1  0  0  3  0 -1  1  1],[ 1 -1 -1 -1  1  1  0  1  1],[-1 -1 -2  0  0 -1 -1  0  0],[-1 -1 -1  0  0 -1 -1  0  0]]","[[ 0  2  1  1  0 -1 -1 -1 -1],[-2  0  0  0  0 -1 -1 -1 -3],[-1  0  0  0  0 -1 -1 -1 -1],[-1  0  0  0  0 -1 -1 -2 -1],[ 0  0  0  0  0  1  0  0  0],[ 1  1  1  1 -1  0 -1 -1  1],[ 1  1  1  1  0  1  0  1  1],[ 1  1  1  2  0  1 -1  0  0],[ 1  3  1  1  0 -1 -1  0  0]]",True,"[-2,-1,-1,0,1,1,1,1,0,0,0,1,1,1,3,0,0,1,1,1,1,0,1,1,2,1,-1,0,0,0,1,1,-1,-1,-1,0]","[-2,-1,-1,0,1,1,1,1,0,0,0,1,1,1,3,0,0,1,1,1,1,0,1,1,2,1,-1,0,0,0,1,1,-1,-1,-1,0]",t^8+29t^6+123t^4+59t^2+4,"[-1,-1,-1,-1,0,1,1,2,-1,-1,-1,1,1,1,2,-1,0,1,0,1,2,-1,2,1,1,2,1,1,1,0,1,1,2,0,1,1]","[-2,-1,-1,0,1,1,1,1,1,1,2,0,2,2,2,0,1,1,0,1,1,1,1,1,1,1,1,1,1,2,0,-1,-1,-1,1,1]","[-1,-1,-1,-1,0,1,1,2,-1,-1,0,0,1,1,3,-1,-1,-1,1,1,1,1,0,1,1,1,0,1,2,1,0,0,0,0,0,0]",c,"[[{8, 1}, {2, 7}, {3, 6}, {4, 5}], [{8, 1}, {2, 7}, {4, 6}, {3, 5}], [{8, 1}, {2, 7}, {5, 6}, {3, 4}], [{8, 1}, {2, 7}, {6}, {5}, {3, 4}], [{8, 1}, {3, 7}, {2, 6}, {4, 5}], [{8, 1}, {3, 7}, {4, 6}, {2, 5}], [{8, 1}, {3, 7}, {5, 6}, {2, 4}], [{8, 1}, {4, 7}, {2, 6}, {3, 5}], [{8, 1}, {4, 7}, {3, 6}, {2, 5}], [{8, 1}, {4, 7}, {5, 6}, {2, 3}], [{8, 1}, {5, 7}, {2, 6}, {3, 4}], [{8, 1}, {5, 7}, {3, 6}, {2, 4}], [{8, 1}, {5, 7}, {4, 6}, {2, 3}], [{8, 1}, {6, 7}, {2, 5}, {3, 4}], [{8, 1}, {6, 7}, {3, 5}, {2, 4}], [{8, 1}, {6, 7}, {4, 5}, {2, 3}], [{8, 1}, {7}, {2, 6}, {4, 5}, {3}], [{8, 1}, {7}, {4, 6}, {5}, {2, 3}], [{8, 1}, {7}, {5, 6}, {2, 4}, {3}], [{8, 2}, {1, 7}, {3, 6}, {4, 5}], [{8, 2}, {1, 7}, {4, 6}, {3, 5}], [{8, 2}, {1, 7}, {4, 6}, {5}, {3}], [{8, 2}, {1, 7}, {5, 6}, {3, 4}], [{8, 2}, {1, 7}, {5, 6}, {4}, {3}], [{8, 2}, {1, 7}, {6}, {4, 5}, {3}], [{8, 2}, {3, 7}, {1, 6}, {4, 5}], [{8, 2}, {3, 7}, {4, 6}, {1, 5}], [{8, 2}, {3, 7}, {5, 6}, {1, 4}], [{8, 2}, {4, 7}, {1, 6}, {3, 5}], [{8, 2}, {4, 7}, {1, 6}, {5}, {3}], [{8, 2}, {4, 7}, {3, 6}, {1, 5}], [{8, 2}, {4, 7}, {5, 6}, {1, 3}], [{8, 2}, {5, 7}, {1, 6}, {3, 4}], [{8, 2}, {5, 7}, {3, 6}, {1, 4}], [{8, 2}, {5, 7}, {3, 6}, {4}, {1}], [{8, 2}, {5, 7}, {4, 6}, {1, 3}], [{8, 2}, {6, 7}, {1, 5}, {3, 4}], [{8, 2}, {6, 7}, {3, 5}, {1, 4}], [{8, 2}, {6, 7}, {3, 5}, {4}, {1}], [{8, 2}, {6, 7}, {4, 5}, {1, 3}], [{8, 3}, {1, 7}, {2, 6}, {4, 5}], [{8, 3}, {1, 7}, {4, 6}, {2, 5}], [{8, 3}, {1, 7}, {5, 6}, {2, 4}], [{8, 3}, {1, 7}, {5, 6}, {4}, {2}], [{8, 3}, {2, 7}, {1, 6}, {4, 5}], [{8, 3}, {2, 7}, {4, 6}, {1, 5}], [{8, 3}, {2, 7}, {5, 6}, {1, 4}], [{8, 3}, {2, 7}, {6}, {5}, {1, 4}], [{8, 3}, {4, 7}, {1, 6}, {2, 5}], [{8, 3}, {4, 7}, {2, 6}, {1, 5}], [{8, 3}, {4, 7}, {5, 6}, {1, 2}], [{8, 3}, {4, 7}, {6}, {2, 5}, {1}], [{8, 3}, {5, 7}, {1, 6}, {2, 4}], [{8, 3}, {5, 7}, {2, 6}, {1, 4}], [{8, 3}, {5, 7}, {4, 6}, {1, 2}], [{8, 3}, {5, 7}, {4, 6}, {2}, {1}], [{8, 3}, {5, 7}, {6}, {4}, {1, 2}], [{8, 3}, {6, 7}, {1, 5}, {2, 4}], [{8, 3}, {6, 7}, {2, 5}, {1, 4}], [{8, 3}, {6, 7}, {4, 5}, {1, 2}], [{8, 3}, {6, 7}, {5}, {1, 4}, {2}], [{8, 3}, {7}, {1, 6}, {2, 5}, {4}], [{8, 3}, {7}, {2, 6}, {1, 5}, {4}], [{8, 3}, {7}, {2, 6}, {4, 5}, {1}], [{8, 3}, {7}, {2, 6}, {5}, {1, 4}], [{8, 4}, {1, 7}, {2, 6}, {3, 5}], [{8, 4}, {1, 7}, {3, 6}, {2, 5}], [{8, 4}, {1, 7}, {5, 6}, {2, 3}], [{8, 4}, {2, 7}, {1, 6}, {3, 5}], [{8, 4}, {2, 7}, {3, 6}, {1, 5}], [{8, 4}, {2, 7}, {5, 6}, {1, 3}], [{8, 4}, {3, 7}, {1, 6}, {2, 5}], [{8, 4}, {3, 7}, {2, 6}, {1, 5}], [{8, 4}, {3, 7}, {5, 6}, {1, 2}], [{8, 4}, {5, 7}, {1, 6}, {2, 3}], [{8, 4}, {5, 7}, {2, 6}, {1, 3}], [{8, 4}, {5, 7}, {3, 6}, {1, 2}], [{8, 4}, {5, 7}, {6}, {1, 3}, {2}], [{8, 4}, {6, 7}, {1, 5}, {2, 3}], [{8, 4}, {6, 7}, {2, 5}, {1, 3}], [{8, 4}, {6, 7}, {3, 5}, {1, 2}], [{8, 4}, {7}, {1, 6}, {3, 5}, {2}], [{8, 4}, {7}, {2, 6}, {1, 5}, {3}], [{8, 4}, {7}, {3, 6}, {5}, {1, 2}], [{8, 5}, {1, 7}, {2, 6}, {3, 4}], [{8, 5}, {1, 7}, {3, 6}, {2, 4}], [{8, 5}, {1, 7}, {4, 6}, {2, 3}], [{8, 5}, {2, 7}, {1, 6}, {3, 4}], [{8, 5}, {2, 7}, {1, 6}, {4}, {3}], [{8, 5}, {2, 7}, {3, 6}, {1, 4}], [{8, 5}, {2, 7}, {4, 6}, {1, 3}], [{8, 5}, {2, 7}, {4, 6}, {3}, {1}], [{8, 5}, {2, 7}, {6}, {1, 4}, {3}], [{8, 5}, {3, 7}, {1, 6}, {2, 4}], [{8, 5}, {3, 7}, {2, 6}, {1, 4}], [{8, 5}, {3, 7}, {4, 6}, {1, 2}], [{8, 5}, {3, 7}, {4, 6}, {2}, {1}], [{8, 5}, {3, 7}, {6}, {4}, {1, 2}], [{8, 5}, {4, 7}, {1, 6}, {2, 3}], [{8, 5}, {4, 7}, {2, 6}, {1, 3}], [{8, 5}, {4, 7}, {3, 6}, {1, 2}], [{8, 5}, {6, 7}, {1, 4}, {2, 3}], [{8, 5}, {6, 7}, {1, 4}, {3}, {2}], [{8, 5}, {6, 7}, {2, 4}, {1, 3}], [{8, 5}, {6, 7}, {2, 4}, {3}, {1}], [{8, 5}, {6, 7}, {3, 4}, {1, 2}], [{8, 5}, {6, 7}, {4}, {3}, {1, 2}], [{8, 5}, {7}, {2, 6}, {1, 4}, {3}], [{8, 5}, {7}, {3, 6}, {4}, {1, 2}], [{8, 5}, {7}, {4, 6}, {2, 3}, {1}], [{8, 6}, {1, 7}, {2, 5}, {3, 4}], [{8, 6}, {1, 7}, {2, 5}, {4}, {3}], [{8, 6}, {1, 7}, {3, 5}, {2, 4}], [{8, 6}, {1, 7}, {4, 5}, {2, 3}], [{8, 6}, {1, 7}, {4, 5}, {3}, {2}], [{8, 6}, {1, 7}, {5}, {2, 4}, {3}], [{8, 6}, {2, 7}, {1, 5}, {3, 4}], [{8, 6}, {2, 7}, {3, 5}, {1, 4}], [{8, 6}, {2, 7}, {3, 5}, {4}, {1}], [{8, 6}, {2, 7}, {4, 5}, {1, 3}], [{8, 6}, {3, 7}, {1, 5}, {2, 4}], [{8, 6}, {3, 7}, {2, 5}, {1, 4}], [{8, 6}, {3, 7}, {4, 5}, {1, 2}], [{8, 6}, {4, 7}, {1, 5}, {2, 3}], [{8, 6}, {4, 7}, {2, 5}, {1, 3}], [{8, 6}, {4, 7}, {3, 5}, {1, 2}], [{8, 6}, {4, 7}, {5}, {3}, {1, 2}], [{8, 6}, {5, 7}, {1, 4}, {2, 3}], [{8, 6}, {5, 7}, {2, 4}, {1, 3}], [{8, 6}, {5, 7}, {3, 4}, {1, 2}], [{8, 6}, {7}, {2, 5}, {3, 4}, {1}], [{8, 7}, {1, 6}, {2, 5}, {3, 4}], [{8, 7}, {1, 6}, {3, 5}, {2, 4}], [{8, 7}, {1, 6}, {3, 5}, {4}, {2}], [{8, 7}, {1, 6}, {4, 5}, {2, 3}], [{8, 7}, {2, 6}, {1, 5}, {3, 4}], [{8, 7}, {2, 6}, {1, 5}, {4}, {3}], [{8, 7}, {2, 6}, {3, 5}, {1, 4}], [{8, 7}, {2, 6}, {4, 5}, {1, 3}], [{8, 7}, {2, 6}, {4, 5}, {3}, {1}], [{8, 7}, {2, 6}, {5}, {1, 4}, {3}], [{8, 7}, {3, 6}, {1, 5}, {2, 4}], [{8, 7}, {3, 6}, {1, 5}, {4}, {2}], [{8, 7}, {3, 6}, {2, 5}, {1, 4}], [{8, 7}, {3, 6}, {4, 5}, {1, 2}], [{8, 7}, {4, 6}, {1, 5}, {2, 3}], [{8, 7}, {4, 6}, {1, 5}, {3}, {2}], [{8, 7}, {4, 6}, {2, 5}, {1, 3}], [{8, 7}, {4, 6}, {3, 5}, {1, 2}], [{8, 7}, {5, 6}, {1, 4}, {2, 3}], [{8, 7}, {5, 6}, {2, 4}, {1, 3}], [{8, 7}, {5, 6}, {3, 4}, {1, 2}], [{8, 7}, {6}, {1, 5}, {2, 4}, {3}], [{8, 7}, {6}, {1, 5}, {3, 4}, {2}], [{8, 7}, {6}, {1, 5}, {4}, {2, 3}], [{8, 7}, {6}, {2, 5}, {4}, {1, 3}], [{8}, {1, 7}, {2, 6}, {4, 5}, {3}], [{8}, {1, 7}, {4, 6}, {3, 5}, {2}], [{8}, {1, 7}, {5, 6}, {4}, {2, 3}], [{8}, {2, 7}, {4, 6}, {5}, {1, 3}], [{8}, {2, 7}, {5, 6}, {3, 4}, {1}], [{8}, {2, 7}, {6}, {3, 5}, {1, 4}], [{8}, {3, 7}, {2, 6}, {1, 5}, {4}], [{8}, {3, 7}, {2, 6}, {4, 5}, {1}], [{8}, {3, 7}, {2, 6}, {5}, {1, 4}], [{8}, {4, 7}, {1, 6}, {3, 5}, {2}], [{8}, {4, 7}, {2, 6}, {1, 5}, {3}], [{8}, {5, 7}, {1, 6}, {2, 4}, {3}], [{8}, {5, 7}, {2, 6}, {1, 4}, {3}], [{8}, {5, 7}, {3, 6}, {1, 4}, {2}], [{8}, {5, 7}, {6}, {1, 4}, {2, 3}], [{8}, {6, 7}, {3, 5}, {1, 4}, {2}], [{8}, {7}, {1, 6}, {4, 5}, {2, 3}], [{8}, {7}, {2, 6}, {1, 5}, {3, 4}], [{8}, {7}, {2, 6}, {1, 5}, {4}, {3}], [{8}, {7}, {2, 6}, {3, 5}, {1, 4}], [{8}, {7}, {2, 6}, {4, 5}, {1, 3}], [{8}, {7}, {2, 6}, {4, 5}, {3}, {1}], [{8}, {7}, {2, 6}, {5}, {1, 4}, {3}], [{8}, {7}, {3, 6}, {1, 5}, {2, 4}], [{8}, {7}, {3, 6}, {4, 5}, {1, 2}], [{8}, {7}, {4, 6}, {1, 5}, {2, 3}]]",2,- 10 K_1^2 - 4 K_1 K_2 + 2 K_1 + 5 K_2 + 2 K_3 + 6,O1O2O3O4U5U6U3O6O5U1O7U4U2O8U7U8,O1O2O3U4U1U5U6O7O8U7O5O4U8O6U3U2,O1O2O3U2U1O4U5O6O7U8O5O8U4U7U3U6,c,{'O1O2O3O4U5U6O5U3U1O6U4O7O8U2U8U7'},1,"<a href=""/flatknot/8.857595"">8.857595</a>",t^9-27t^7-56t^6+22t^5+126t^4+71t^3-22t^2-20t+2,-t^2+2t,,
8.857596,O1O2O3O4U5U6O5U3U1O6U4O7O8U7U2U8,4,13z^2+90z+129,13w^3z^2+90w^2z+129w,False,False,"[[ 0 -1  0  0  2 -1 -1 -1  2],[ 1  0  1  0  1  1  1  0  1],[ 0 -1  0  0  1 -1  0  0  2],[ 0  0  0  0  0  0  1  0  0],[-2 -1 -1  0  0 -3 -1  0  0],[ 1 -1  1  0  3  0 -1 -1  2],[ 1 -1  0 -1  1  1  0 -1  2],[ 1  0  0  0  0  1  1  0  1],[-2 -1 -2  0  0 -2 -2 -1  0]]","[[ 0  2  2  0  0 -1 -1 -1 -1],[-2  0  0  0 -1  0 -1 -1 -3],[-2  0  0  0 -2 -1 -1 -2 -2],[ 0  0  0  0  0  0  0  1  0],[ 0  1  2  0  0  0 -1  0 -1],[ 1  0  1  0  0  0  0  1  1],[ 1  1  1  0  1  0  0  1  1],[ 1  1  2 -1  0 -1 -1  0  1],[ 1  3  2  0  1 -1 -1 -1  0]]",True,"[-2,-2,0,0,1,1,1,1,0,0,1,0,1,1,3,0,2,1,1,2,2,0,0,0,-1,0,0,1,0,1,0,-1,-1,-1,-1,-1]","[-2,-2,0,0,1,1,1,1,0,0,1,0,1,1,3,0,2,1,1,2,2,0,0,0,-1,0,0,1,0,1,0,-1,-1,-1,-1,-1]",t^8+34t^6+134t^4+56t^2,"[-1,-1,-1,-1,0,0,2,2,-1,-1,0,0,1,2,2,-1,1,1,2,1,2,1,0,1,1,0,1,1,2,3,0,0,1,2,2,0]","[-2,-2,0,0,1,1,1,1,0,0,2,1,1,2,2,1,2,0,2,2,3,0,0,1,0,1,1,2,1,1,-1,-1,-1,-1,-1,0]","[-1,-1,-1,-1,0,0,2,2,-1,-1,-1,0,1,2,3,-1,-1,-1,0,2,1,0,0,0,1,0,0,1,1,1,0,0,0,2,1,0]",c,"[[{8, 1}, {2, 7}, {3, 6}, {4, 5}], [{8, 1}, {2, 7}, {4, 6}, {3, 5}], [{8, 1}, {2, 7}, {5, 6}, {3, 4}], [{8, 1}, {3, 7}, {2, 6}, {4, 5}], [{8, 1}, {3, 7}, {4, 6}, {2, 5}], [{8, 1}, {3, 7}, {5, 6}, {2, 4}], [{8, 1}, {3, 7}, {5, 6}, {4}, {2}], [{8, 1}, {4, 7}, {2, 6}, {3, 5}], [{8, 1}, {4, 7}, {3, 6}, {2, 5}], [{8, 1}, {4, 7}, {5, 6}, {2, 3}], [{8, 1}, {4, 7}, {5, 6}, {3}, {2}], [{8, 1}, {5, 7}, {2, 6}, {3, 4}], [{8, 1}, {5, 7}, {3, 6}, {2, 4}], [{8, 1}, {5, 7}, {4, 6}, {2, 3}], [{8, 1}, {5, 7}, {6}, {2, 4}, {3}], [{8, 1}, {6, 7}, {2, 5}, {3, 4}], [{8, 1}, {6, 7}, {3, 5}, {2, 4}], [{8, 1}, {6, 7}, {4, 5}, {2, 3}], [{8, 1}, {7}, {2, 6}, {4, 5}, {3}], [{8, 1}, {7}, {3, 6}, {4, 5}, {2}], [{8, 1}, {7}, {4, 6}, {2, 5}, {3}], [{8, 1}, {7}, {5, 6}, {3, 4}, {2}], [{8, 1}, {7}, {6}, {4, 5}, {2, 3}], [{8, 2}, {1, 7}, {3, 6}, {4, 5}], [{8, 2}, {1, 7}, {4, 6}, {3, 5}], [{8, 2}, {1, 7}, {5, 6}, {3, 4}], [{8, 2}, {3, 7}, {1, 6}, {4, 5}], [{8, 2}, {3, 7}, {1, 6}, {5}, {4}], [{8, 2}, {3, 7}, {4, 6}, {1, 5}], [{8, 2}, {3, 7}, {5, 6}, {1, 4}], [{8, 2}, {3, 7}, {5, 6}, {4}, {1}], [{8, 2}, {3, 7}, {6}, {1, 5}, {4}], [{8, 2}, {4, 7}, {1, 6}, {3, 5}], [{8, 2}, {4, 7}, {3, 6}, {1, 5}], [{8, 2}, {4, 7}, {5, 6}, {1, 3}], [{8, 2}, {4, 7}, {5, 6}, {3}, {1}], [{8, 2}, {5, 7}, {1, 6}, {3, 4}], [{8, 2}, {5, 7}, {1, 6}, {4}, {3}], [{8, 2}, {5, 7}, {3, 6}, {1, 4}], [{8, 2}, {5, 7}, {4, 6}, {1, 3}], [{8, 2}, {6, 7}, {1, 5}, {3, 4}], [{8, 2}, {6, 7}, {1, 5}, {4}, {3}], [{8, 2}, {6, 7}, {3, 5}, {1, 4}], [{8, 2}, {6, 7}, {4, 5}, {1, 3}], [{8, 2}, {6, 7}, {4, 5}, {3}, {1}], [{8, 2}, {6, 7}, {5}, {1, 4}, {3}], [{8, 2}, {7}, {1, 6}, {3, 5}, {4}], [{8, 2}, {7}, {3, 6}, {1, 5}, {4}], [{8, 2}, {7}, {4, 6}, {5}, {1, 3}], [{8, 2}, {7}, {5, 6}, {3, 4}, {1}], [{8, 3}, {1, 7}, {2, 6}, {4, 5}], [{8, 3}, {1, 7}, {4, 6}, {2, 5}], [{8, 3}, {1, 7}, {5, 6}, {2, 4}], [{8, 3}, {2, 7}, {1, 6}, {4, 5}], [{8, 3}, {2, 7}, {1, 6}, {5}, {4}], [{8, 3}, {2, 7}, {4, 6}, {1, 5}], [{8, 3}, {2, 7}, {5, 6}, {1, 4}], [{8, 3}, {4, 7}, {1, 6}, {2, 5}], [{8, 3}, {4, 7}, {2, 6}, {1, 5}], [{8, 3}, {4, 7}, {5, 6}, {1, 2}], [{8, 3}, {4, 7}, {5, 6}, {2}, {1}], [{8, 3}, {5, 7}, {1, 6}, {2, 4}], [{8, 3}, {5, 7}, {1, 6}, {4}, {2}], [{8, 3}, {5, 7}, {2, 6}, {1, 4}], [{8, 3}, {5, 7}, {4, 6}, {1, 2}], [{8, 3}, {6, 7}, {1, 5}, {2, 4}], [{8, 3}, {6, 7}, {2, 5}, {1, 4}], [{8, 3}, {6, 7}, {4, 5}, {1, 2}], [{8, 3}, {6, 7}, {5}, {1, 4}, {2}], [{8, 3}, {7}, {1, 6}, {2, 5}, {4}], [{8, 4}, {1, 7}, {2, 6}, {3, 5}], [{8, 4}, {1, 7}, {3, 6}, {2, 5}], [{8, 4}, {1, 7}, {5, 6}, {2, 3}], [{8, 4}, {2, 7}, {1, 6}, {3, 5}], [{8, 4}, {2, 7}, {3, 6}, {1, 5}], [{8, 4}, {2, 7}, {5, 6}, {1, 3}], [{8, 4}, {3, 7}, {1, 6}, {2, 5}], [{8, 4}, {3, 7}, {2, 6}, {1, 5}], [{8, 4}, {3, 7}, {5, 6}, {1, 2}], [{8, 4}, {5, 7}, {1, 6}, {2, 3}], [{8, 4}, {5, 7}, {2, 6}, {1, 3}], [{8, 4}, {5, 7}, {3, 6}, {1, 2}], [{8, 4}, {5, 7}, {3, 6}, {2}, {1}], [{8, 4}, {6, 7}, {1, 5}, {2, 3}], [{8, 4}, {6, 7}, {2, 5}, {1, 3}], [{8, 4}, {6, 7}, {3, 5}, {1, 2}], [{8, 4}, {6, 7}, {5}, {3}, {1, 2}], [{8, 4}, {7}, {2, 6}, {5}, {1, 3}], [{8, 4}, {7}, {6}, {1, 5}, {2, 3}], [{8, 5}, {1, 7}, {2, 6}, {3, 4}], [{8, 5}, {1, 7}, {3, 6}, {2, 4}], [{8, 5}, {1, 7}, {4, 6}, {2, 3}], [{8, 5}, {1, 7}, {6}, {4}, {2, 3}], [{8, 5}, {2, 7}, {1, 6}, {3, 4}], [{8, 5}, {2, 7}, {3, 6}, {1, 4}], [{8, 5}, {2, 7}, {3, 6}, {4}, {1}], [{8, 5}, {2, 7}, {4, 6}, {1, 3}], [{8, 5}, {2, 7}, {4, 6}, {3}, {1}], [{8, 5}, {2, 7}, {6}, {3, 4}, {1}], [{8, 5}, {3, 7}, {1, 6}, {2, 4}], [{8, 5}, {3, 7}, {2, 6}, {1, 4}], [{8, 5}, {3, 7}, {2, 6}, {4}, {1}], [{8, 5}, {3, 7}, {4, 6}, {1, 2}], [{8, 5}, {3, 7}, {4, 6}, {2}, {1}], [{8, 5}, {3, 7}, {6}, {2, 4}, {1}], [{8, 5}, {4, 7}, {1, 6}, {2, 3}], [{8, 5}, {4, 7}, {1, 6}, {3}, {2}], [{8, 5}, {4, 7}, {2, 6}, {1, 3}], [{8, 5}, {4, 7}, {2, 6}, {3}, {1}], [{8, 5}, {4, 7}, {3, 6}, {1, 2}], [{8, 5}, {4, 7}, {3, 6}, {2}, {1}], [{8, 5}, {4, 7}, {6}, {1, 3}, {2}], [{8, 5}, {4, 7}, {6}, {2, 3}, {1}], [{8, 5}, {4, 7}, {6}, {3}, {1, 2}], [{8, 5}, {4, 7}, {6}, {3}, {2}, {1}], [{8, 5}, {6, 7}, {1, 4}, {2, 3}], [{8, 5}, {6, 7}, {2, 4}, {1, 3}], [{8, 5}, {6, 7}, {2, 4}, {3}, {1}], [{8, 5}, {6, 7}, {3, 4}, {1, 2}], [{8, 5}, {6, 7}, {3, 4}, {2}, {1}], [{8, 5}, {6, 7}, {4}, {2, 3}, {1}], [{8, 5}, {7}, {1, 6}, {4}, {2, 3}], [{8, 5}, {7}, {2, 6}, {3, 4}, {1}], [{8, 5}, {7}, {3, 6}, {2, 4}, {1}], [{8, 5}, {7}, {4, 6}, {2, 3}, {1}], [{8, 5}, {7}, {6}, {1, 4}, {2, 3}], [{8, 5}, {7}, {6}, {4}, {2, 3}, {1}], [{8, 6}, {1, 7}, {2, 5}, {3, 4}], [{8, 6}, {1, 7}, {3, 5}, {2, 4}], [{8, 6}, {1, 7}, {4, 5}, {2, 3}], [{8, 6}, {1, 7}, {5}, {4}, {2, 3}], [{8, 6}, {2, 7}, {1, 5}, {3, 4}], [{8, 6}, {2, 7}, {3, 5}, {1, 4}], [{8, 6}, {2, 7}, {4, 5}, {1, 3}], [{8, 6}, {3, 7}, {1, 5}, {2, 4}], [{8, 6}, {3, 7}, {2, 5}, {1, 4}], [{8, 6}, {3, 7}, {4, 5}, {1, 2}], [{8, 6}, {3, 7}, {4, 5}, {2}, {1}], [{8, 6}, {4, 7}, {1, 5}, {2, 3}], [{8, 6}, {4, 7}, {1, 5}, {3}, {2}], [{8, 6}, {4, 7}, {2, 5}, {1, 3}], [{8, 6}, {4, 7}, {2, 5}, {3}, {1}], [{8, 6}, {4, 7}, {3, 5}, {1, 2}], [{8, 6}, {4, 7}, {3, 5}, {2}, {1}], [{8, 6}, {4, 7}, {5}, {1, 3}, {2}], [{8, 6}, {4, 7}, {5}, {2, 3}, {1}], [{8, 6}, {4, 7}, {5}, {3}, {1, 2}], [{8, 6}, {4, 7}, {5}, {3}, {2}, {1}], [{8, 6}, {5, 7}, {1, 4}, {2, 3}], [{8, 6}, {5, 7}, {2, 4}, {1, 3}], [{8, 6}, {5, 7}, {3, 4}, {1, 2}], [{8, 6}, {5, 7}, {3, 4}, {2}, {1}], [{8, 6}, {7}, {5}, {1, 4}, {2, 3}], [{8, 7}, {1, 6}, {2, 5}, {3, 4}], [{8, 7}, {1, 6}, {3, 5}, {2, 4}], [{8, 7}, {1, 6}, {4, 5}, {2, 3}], [{8, 7}, {1, 6}, {5}, {2, 4}, {3}], [{8, 7}, {1, 6}, {5}, {3, 4}, {2}], [{8, 7}, {1, 6}, {5}, {4}, {2, 3}], [{8, 7}, {2, 6}, {1, 5}, {3, 4}], [{8, 7}, {2, 6}, {1, 5}, {4}, {3}], [{8, 7}, {2, 6}, {3, 5}, {1, 4}], [{8, 7}, {2, 6}, {4, 5}, {1, 3}], [{8, 7}, {2, 6}, {4, 5}, {3}, {1}], [{8, 7}, {2, 6}, {5}, {1, 4}, {3}], [{8, 7}, {3, 6}, {1, 5}, {2, 4}], [{8, 7}, {3, 6}, {2, 5}, {1, 4}], [{8, 7}, {3, 6}, {4, 5}, {1, 2}], [{8, 7}, {3, 6}, {5}, {1, 4}, {2}], [{8, 7}, {4, 6}, {1, 5}, {2, 3}], [{8, 7}, {4, 6}, {2, 5}, {1, 3}], [{8, 7}, {4, 6}, {2, 5}, {3}, {1}], [{8, 7}, {4, 6}, {3, 5}, {1, 2}], [{8, 7}, {4, 6}, {3, 5}, {2}, {1}], [{8, 7}, {4, 6}, {5}, {2, 3}, {1}], [{8, 7}, {5, 6}, {1, 4}, {2, 3}], [{8, 7}, {5, 6}, {2, 4}, {1, 3}], [{8, 7}, {5, 6}, {3, 4}, {1, 2}], [{8, 7}, {6}, {5}, {1, 4}, {2, 3}], [{8}, {1, 7}, {2, 6}, {4, 5}, {3}], [{8}, {1, 7}, {3, 6}, {2, 5}, {4}], [{8}, {1, 7}, {4, 6}, {2, 5}, {3}], [{8}, {1, 7}, {5, 6}, {4}, {2, 3}], [{8}, {1, 7}, {6}, {2, 5}, {3, 4}], [{8}, {3, 7}, {4, 6}, {5}, {1, 2}], [{8}, {3, 7}, {5, 6}, {4}, {1, 2}], [{8}, {3, 7}, {6}, {4, 5}, {1, 2}], [{8}, {4, 7}, {5, 6}, {1, 3}, {2}], [{8}, {4, 7}, {5, 6}, {2, 3}, {1}], [{8}, {4, 7}, {5, 6}, {3}, {1, 2}], [{8}, {4, 7}, {5, 6}, {3}, {2}, {1}], [{8}, {5, 7}, {1, 6}, {4}, {2, 3}], [{8}, {5, 7}, {4, 6}, {2, 3}, {1}], [{8}, {5, 7}, {6}, {1, 4}, {2, 3}], [{8}, {6, 7}, {5}, {1, 4}, {2, 3}], [{8}, {7}, {5, 6}, {1, 4}, {2, 3}], [{8}, {7}, {5, 6}, {3, 4}, {1, 2}], [{8}, {7}, {6}, {5}, {1, 4}, {2, 3}]]",2,4 K_1^3 - 20 K_1^2 - 12 K_1 K_2 - 4 K_1 K_3 + 3 K_1 + 12 K_2 + 5 K_3 + 2 K_4 + 11,O1O2O3O4U5U3U6O5O6U1O7U4U2O8U7U8,O1O2O3U4U2U5U6O7O8U7O5O4U8O6U1U3,O1O2O3U1U3O4U5O6O7U8O5O8U4U7U2U6,c,{'O1O2O3O4U5U6O5U3U1O6U4O7O8U7U2U8'},1,"<a href=""/flatknot/8.857596"">8.857596</a>",t^9-30t^7-74t^6+26t^5+196t^4+49t^3-130t^2-3t+10,-2t^2+4t,,
8.857597,O1O2O3O4U5U6O5U3U1O6U4O7O8U7U8U2,3,12z^2+61z+75,12w^3z^2+61w^2z+75w,False,False,"[[ 0 -1  1  0  2 -1 -1 -1  1],[ 1  0  1  0  1  1  1  0  0],[-1 -1  0  0  1 -2 -1 -1  1],[ 0  0  0  0  0  0  1  0  0],[-2 -1 -1  0  0 -3 -1  0  0],[ 1 -1  2  0  3  0 -1 -1  1],[ 1 -1  1 -1  1  1  0 -1  1],[ 1  0  1  0  0  1  1  0  1],[-1  0 -1  0  0 -1 -1 -1  0]]","[[ 0  2  1  1  0 -1 -1 -1 -1],[-2  0  0 -1  0  0 -1 -1 -3],[-1  0  0 -1  0 -1  0 -1 -1],[-1  1  1  0  0 -1 -1 -1 -2],[ 0  0  0  0  0  0  0  1  0],[ 1  0  1  1  0  0  0  1  1],[ 1  1  0  1  0  0  0  1  1],[ 1  1  1  1 -1 -1 -1  0  1],[ 1  3  1  2  0 -1 -1 -1  0]]",True,"[-2,-1,-1,0,1,1,1,1,0,1,0,0,1,1,3,1,0,1,0,1,1,0,1,1,1,2,0,0,-1,0,0,-1,-1,-1,-1,-1]","[-2,-1,-1,0,1,1,1,1,0,1,0,0,1,1,3,1,0,1,0,1,1,0,1,1,1,2,0,0,-1,0,0,-1,-1,-1,-1,-1]",t^8+29t^6+87t^4+51t^2,"[-1,-1,-1,-1,0,1,1,2,-1,-1,0,1,1,1,3,-1,1,2,1,1,2,1,1,0,1,0,1,1,2,2,1,1,2,-1,0,1]","[-2,-1,-1,0,1,1,1,1,0,1,2,0,2,2,3,1,1,0,1,1,1,1,1,1,2,1,1,2,1,1,-1,-1,-1,-1,-1,0]","[-1,-1,-1,-1,0,1,1,2,-1,-1,-1,0,1,2,3,-1,-1,-1,1,1,1,0,0,0,1,1,0,1,1,0,0,0,0,-1,0,1]",c,"[[{8, 1}, {3, 7}, {4, 6}, {2, 5}], [{8, 1}, {4, 7}, {3, 6}, {2, 5}], [{8, 1}, {4, 7}, {5, 6}, {2, 3}], [{8, 1}, {6, 7}, {2, 5}, {3, 4}], [{8, 7}, {1, 6}, {2, 5}, {3, 4}], [{8, 7}, {3, 6}, {2, 5}, {1, 4}], [{8, 7}, {4, 6}, {2, 5}, {1, 3}], [{8, 7}, {5, 6}, {1, 4}, {2, 3}]]",1,4 K_1^3 - 18 K_1^2 - 8 K_1 K_2 + K_1 + 9 K_2 + 3 K_3 + 10,O1O2O3O4U3U5U6O5O6U1O7U4U2O8U7U8,O1O2O3U4U3U5U6O7O8U7O5O4U8O6U1U2,O1O2O3U2U3O4U5O6O7U8O5O8U4U7U1U6,c,"{'O1O2O3U4U5O4U6U1O5U3O7O8U7U8O6U2', 'O1O2O3O4U5U6O5U3U1O6U4O7O8U7U8U2'}",2,"<a href=""/flatknot/8.857597"">8.857597</a>",t^9-27t^7-68t^6-8t^5+112t^4+76t^3-18t^2-16t,-t^2+2t,,
8.857598,O1O2O3O4U5U6O5U3U1O6U7O8O7U2U4U8,3,7z^2+72z+117,7w^3z^2+72w^2z+117w,False,False,"[[ 0 -1 -1  0  2 -1 -1  1  1],[ 1  0  0  0  2  1  1  1  2],[ 1  0  0  1  2  0  1  1  1],[ 0  0 -1  0  0  0  1  0  1],[-2 -2 -2  0  0 -3 -1 -2  0],[ 1 -1  0  0  3  0 -1  2  1],[ 1 -1 -1 -1  1  1  0  2  1],[-1 -1 -1  0  2 -2 -2  0  1],[-1 -2 -1 -1  0 -1 -1 -1  0]]","[[ 0  2  1  1  0 -1 -1 -1 -1],[-2  0  0 -2  0 -1 -2 -2 -3],[-1  0  0 -1 -1 -1 -1 -2 -1],[-1  2  1  0  0 -2 -1 -1 -2],[ 0  0  1  0  0  1 -1  0  0],[ 1  1  1  2 -1  0 -1 -1  1],[ 1  2  1  1  1  1  0  0  0],[ 1  2  2  1  0  1  0  0  1],[ 1  3  1  2  0 -1  0 -1  0]]",True,"[-2,-1,-1,0,1,1,1,1,0,2,0,1,2,2,3,1,1,1,1,2,1,0,2,1,1,2,-1,1,0,0,1,1,-1,0,0,-1]","[-2,-1,-1,0,1,1,1,1,-1,1,2,0,1,1,2,1,1,0,1,1,0,0,1,0,1,1,1,1,0,2,-1,0,-1,0,1,1]",t^8+47t^6+316t^4+296t^2,"[-1,-1,-1,-1,0,1,1,2,-1,-1,0,1,0,1,1,-1,1,2,1,0,2,0,1,1,0,0,0,1,1,1,0,1,2,1,1,-1]","[-2,-1,-1,0,1,1,1,1,-1,1,2,0,1,1,2,1,1,0,1,1,0,0,1,0,1,1,1,1,0,2,-1,0,-1,0,1,1]","[-1,-1,-1,-1,0,1,1,2,-1,-1,0,0,1,2,3,-1,-1,-1,1,2,1,0,0,2,1,2,1,1,1,2,1,0,0,-1,0,2]",c,"[[{8, 1}, {2, 7}, {3, 6}, {4, 5}], [{8, 1}, {2, 7}, {4, 6}, {3, 5}], [{8, 1}, {2, 7}, {5, 6}, {3, 4}], [{8, 1}, {2, 7}, {6}, {3, 5}, {4}], [{8, 1}, {3, 7}, {2, 6}, {4, 5}], [{8, 1}, {3, 7}, {4, 6}, {2, 5}], [{8, 1}, {3, 7}, {4, 6}, {5}, {2}], [{8, 1}, {3, 7}, {5, 6}, {2, 4}], [{8, 1}, {4, 7}, {2, 6}, {3, 5}], [{8, 1}, {4, 7}, {3, 6}, {2, 5}], [{8, 1}, {4, 7}, {5, 6}, {2, 3}], [{8, 1}, {5, 7}, {2, 6}, {3, 4}], [{8, 1}, {5, 7}, {3, 6}, {2, 4}], [{8, 1}, {5, 7}, {3, 6}, {4}, {2}], [{8, 1}, {5, 7}, {4, 6}, {2, 3}], [{8, 1}, {6, 7}, {2, 5}, {3, 4}], [{8, 1}, {6, 7}, {3, 5}, {2, 4}], [{8, 1}, {6, 7}, {3, 5}, {4}, {2}], [{8, 1}, {6, 7}, {4, 5}, {2, 3}], [{8, 1}, {7}, {2, 6}, {3, 5}, {4}], [{8, 1}, {7}, {5, 6}, {2, 4}, {3}], [{8, 1}, {7}, {5, 6}, {3, 4}, {2}], [{8, 1}, {7}, {5, 6}, {4}, {2, 3}], [{8, 2}, {1, 7}, {3, 6}, {4, 5}], [{8, 2}, {1, 7}, {4, 6}, {3, 5}], [{8, 2}, {1, 7}, {5, 6}, {3, 4}], [{8, 2}, {1, 7}, {6}, {5}, {3, 4}], [{8, 2}, {3, 7}, {1, 6}, {4, 5}], [{8, 2}, {3, 7}, {4, 6}, {1, 5}], [{8, 2}, {3, 7}, {5, 6}, {1, 4}], [{8, 2}, {3, 7}, {5, 6}, {4}, {1}], [{8, 2}, {3, 7}, {6}, {5}, {1, 4}], [{8, 2}, {4, 7}, {1, 6}, {3, 5}], [{8, 2}, {4, 7}, {3, 6}, {1, 5}], [{8, 2}, {4, 7}, {5, 6}, {1, 3}], [{8, 2}, {5, 7}, {1, 6}, {3, 4}], [{8, 2}, {5, 7}, {3, 6}, {1, 4}], [{8, 2}, {5, 7}, {4, 6}, {1, 3}], [{8, 2}, {6, 7}, {1, 5}, {3, 4}], [{8, 2}, {6, 7}, {3, 5}, {1, 4}], [{8, 2}, {6, 7}, {4, 5}, {1, 3}], [{8, 2}, {6, 7}, {5}, {3, 4}, {1}], [{8, 2}, {7}, {1, 6}, {5}, {3, 4}], [{8, 2}, {7}, {3, 6}, {4, 5}, {1}], [{8, 2}, {7}, {4, 6}, {3, 5}, {1}], [{8, 2}, {7}, {5, 6}, {1, 4}, {3}], [{8, 3}, {1, 7}, {2, 6}, {4, 5}], [{8, 3}, {1, 7}, {4, 6}, {2, 5}], [{8, 3}, {1, 7}, {4, 6}, {5}, {2}], [{8, 3}, {1, 7}, {5, 6}, {2, 4}], [{8, 3}, {1, 7}, {6}, {2, 5}, {4}], [{8, 3}, {2, 7}, {1, 6}, {4, 5}], [{8, 3}, {2, 7}, {4, 6}, {1, 5}], [{8, 3}, {2, 7}, {5, 6}, {1, 4}], [{8, 3}, {2, 7}, {5, 6}, {4}, {1}], [{8, 3}, {2, 7}, {6}, {5}, {1, 4}], [{8, 3}, {4, 7}, {1, 6}, {2, 5}], [{8, 3}, {4, 7}, {2, 6}, {1, 5}], [{8, 3}, {4, 7}, {5, 6}, {1, 2}], [{8, 3}, {4, 7}, {6}, {5}, {1, 2}], [{8, 3}, {5, 7}, {1, 6}, {2, 4}], [{8, 3}, {5, 7}, {1, 6}, {4}, {2}], [{8, 3}, {5, 7}, {2, 6}, {1, 4}], [{8, 3}, {5, 7}, {4, 6}, {1, 2}], [{8, 3}, {6, 7}, {1, 5}, {2, 4}], [{8, 3}, {6, 7}, {1, 5}, {4}, {2}], [{8, 3}, {6, 7}, {2, 5}, {1, 4}], [{8, 3}, {6, 7}, {4, 5}, {1, 2}], [{8, 3}, {6, 7}, {5}, {2, 4}, {1}], [{8, 3}, {7}, {2, 6}, {4, 5}, {1}], [{8, 3}, {7}, {4, 6}, {2, 5}, {1}], [{8, 3}, {7}, {5, 6}, {1, 4}, {2}], [{8, 3}, {7}, {6}, {1, 5}, {2, 4}], [{8, 4}, {1, 7}, {2, 6}, {3, 5}], [{8, 4}, {1, 7}, {2, 6}, {5}, {3}], [{8, 4}, {1, 7}, {3, 6}, {2, 5}], [{8, 4}, {1, 7}, {5, 6}, {2, 3}], [{8, 4}, {1, 7}, {6}, {3, 5}, {2}], [{8, 4}, {2, 7}, {1, 6}, {3, 5}], [{8, 4}, {2, 7}, {3, 6}, {1, 5}], [{8, 4}, {2, 7}, {5, 6}, {1, 3}], [{8, 4}, {2, 7}, {6}, {3, 5}, {1}], [{8, 4}, {3, 7}, {1, 6}, {2, 5}], [{8, 4}, {3, 7}, {2, 6}, {1, 5}], [{8, 4}, {3, 7}, {2, 6}, {5}, {1}], [{8, 4}, {3, 7}, {5, 6}, {1, 2}], [{8, 4}, {5, 7}, {1, 6}, {2, 3}], [{8, 4}, {5, 7}, {2, 6}, {1, 3}], [{8, 4}, {5, 7}, {2, 6}, {3}, {1}], [{8, 4}, {5, 7}, {3, 6}, {1, 2}], [{8, 4}, {6, 7}, {1, 5}, {2, 3}], [{8, 4}, {6, 7}, {2, 5}, {1, 3}], [{8, 4}, {6, 7}, {3, 5}, {1, 2}], [{8, 4}, {6, 7}, {3, 5}, {2}, {1}], [{8, 4}, {7}, {1, 6}, {3, 5}, {2}], [{8, 4}, {7}, {2, 6}, {1, 5}, {3}], [{8, 4}, {7}, {2, 6}, {3, 5}, {1}], [{8, 4}, {7}, {2, 6}, {5}, {1, 3}], [{8, 4}, {7}, {2, 6}, {5}, {3}, {1}], [{8, 4}, {7}, {3, 6}, {2, 5}, {1}], [{8, 4}, {7}, {5, 6}, {2, 3}, {1}], [{8, 4}, {7}, {6}, {3, 5}, {1, 2}], [{8, 4}, {7}, {6}, {3, 5}, {2}, {1}], [{8, 5}, {1, 7}, {2, 6}, {3, 4}], [{8, 5}, {1, 7}, {3, 6}, {2, 4}], [{8, 5}, {1, 7}, {4, 6}, {2, 3}], [{8, 5}, {2, 7}, {1, 6}, {3, 4}], [{8, 5}, {2, 7}, {1, 6}, {4}, {3}], [{8, 5}, {2, 7}, {3, 6}, {1, 4}], [{8, 5}, {2, 7}, {4, 6}, {1, 3}], [{8, 5}, {2, 7}, {4, 6}, {3}, {1}], [{8, 5}, {2, 7}, {6}, {1, 4}, {3}], [{8, 5}, {3, 7}, {1, 6}, {2, 4}], [{8, 5}, {3, 7}, {2, 6}, {1, 4}], [{8, 5}, {3, 7}, {4, 6}, {1, 2}], [{8, 5}, {4, 7}, {1, 6}, {2, 3}], [{8, 5}, {4, 7}, {2, 6}, {1, 3}], [{8, 5}, {4, 7}, {3, 6}, {1, 2}], [{8, 5}, {4, 7}, {6}, {3}, {1, 2}], [{8, 5}, {6, 7}, {1, 4}, {2, 3}], [{8, 5}, {6, 7}, {2, 4}, {1, 3}], [{8, 5}, {6, 7}, {3, 4}, {1, 2}], [{8, 5}, {7}, {2, 6}, {3, 4}, {1}], [{8, 6}, {1, 7}, {2, 5}, {3, 4}], [{8, 6}, {1, 7}, {3, 5}, {2, 4}], [{8, 6}, {1, 7}, {4, 5}, {2, 3}], [{8, 6}, {2, 7}, {1, 5}, {3, 4}], [{8, 6}, {2, 7}, {1, 5}, {4}, {3}], [{8, 6}, {2, 7}, {3, 5}, {1, 4}], [{8, 6}, {2, 7}, {4, 5}, {1, 3}], [{8, 6}, {2, 7}, {4, 5}, {3}, {1}], [{8, 6}, {2, 7}, {5}, {1, 4}, {3}], [{8, 6}, {3, 7}, {1, 5}, {2, 4}], [{8, 6}, {3, 7}, {2, 5}, {1, 4}], [{8, 6}, {3, 7}, {4, 5}, {1, 2}], [{8, 6}, {4, 7}, {1, 5}, {2, 3}], [{8, 6}, {4, 7}, {2, 5}, {1, 3}], [{8, 6}, {4, 7}, {3, 5}, {1, 2}], [{8, 6}, {4, 7}, {5}, {3}, {1, 2}], [{8, 6}, {5, 7}, {1, 4}, {2, 3}], [{8, 6}, {5, 7}, {2, 4}, {1, 3}], [{8, 6}, {5, 7}, {3, 4}, {1, 2}], [{8, 6}, {7}, {3, 5}, {2, 4}, {1}], [{8, 7}, {1, 6}, {2, 5}, {3, 4}], [{8, 7}, {1, 6}, {3, 5}, {2, 4}], [{8, 7}, {1, 6}, {3, 5}, {4}, {2}], [{8, 7}, {1, 6}, {4, 5}, {2, 3}], [{8, 7}, {2, 6}, {1, 5}, {3, 4}], [{8, 7}, {2, 6}, {3, 5}, {1, 4}], [{8, 7}, {2, 6}, {3, 5}, {4}, {1}], [{8, 7}, {2, 6}, {4, 5}, {1, 3}], [{8, 7}, {3, 6}, {1, 5}, {2, 4}], [{8, 7}, {3, 6}, {1, 5}, {4}, {2}], [{8, 7}, {3, 6}, {2, 5}, {1, 4}], [{8, 7}, {3, 6}, {4, 5}, {1, 2}], [{8, 7}, {4, 6}, {1, 5}, {2, 3}], [{8, 7}, {4, 6}, {2, 5}, {1, 3}], [{8, 7}, {4, 6}, {3, 5}, {1, 2}], [{8, 7}, {5, 6}, {1, 4}, {2, 3}], [{8, 7}, {5, 6}, {1, 4}, {3}, {2}], [{8, 7}, {5, 6}, {2, 4}, {1, 3}], [{8, 7}, {5, 6}, {3, 4}, {1, 2}], [{8, 7}, {5, 6}, {4}, {2, 3}, {1}], [{8, 7}, {6}, {3, 5}, {4}, {1, 2}], [{8, 7}, {6}, {5}, {1, 4}, {2, 3}], [{8}, {1, 7}, {2, 6}, {3, 5}, {4}], [{8}, {1, 7}, {4, 6}, {2, 5}, {3}], [{8}, {1, 7}, {5, 6}, {4}, {2, 3}], [{8}, {2, 7}, {3, 6}, {5}, {1, 4}], [{8}, {2, 7}, {5, 6}, {1, 4}, {3}], [{8}, {2, 7}, {6}, {3, 5}, {1, 4}], [{8}, {2, 7}, {6}, {5}, {1, 4}, {3}], [{8}, {3, 7}, {1, 6}, {4, 5}, {2}], [{8}, {3, 7}, {5, 6}, {1, 4}, {2}], [{8}, {4, 7}, {1, 6}, {3, 5}, {2}], [{8}, {4, 7}, {2, 6}, {3, 5}, {1}], [{8}, {4, 7}, {3, 6}, {5}, {1, 2}], [{8}, {4, 7}, {5, 6}, {1, 3}, {2}], [{8}, {4, 7}, {5, 6}, {2, 3}, {1}], [{8}, {4, 7}, {5, 6}, {3}, {1, 2}], [{8}, {4, 7}, {6}, {3, 5}, {1, 2}], [{8}, {4, 7}, {6}, {5}, {3}, {1, 2}], [{8}, {5, 7}, {4, 6}, {1, 3}, {2}], [{8}, {5, 7}, {4, 6}, {2, 3}, {1}], [{8}, {5, 7}, {4, 6}, {3}, {1, 2}], [{8}, {6, 7}, {1, 5}, {2, 4}, {3}], [{8}, {6, 7}, {3, 5}, {1, 4}, {2}], [{8}, {6, 7}, {4, 5}, {1, 3}, {2}], [{8}, {6, 7}, {4, 5}, {2, 3}, {1}], [{8}, {6, 7}, {4, 5}, {3}, {1, 2}], [{8}, {7}, {2, 6}, {3, 5}, {1, 4}], [{8}, {7}, {2, 6}, {3, 5}, {4}, {1}], [{8}, {7}, {5, 6}, {1, 4}, {2, 3}], [{8}, {7}, {5, 6}, {4}, {2, 3}, {1}]]",2,4 K_1^3 - 30 K_1^2 - 12 K_1 K_2 + 3 K_1 + 15 K_2 + 5 K_3 + 16,O1O2O3O4U5U1U3O6O5U6O7U4U2O8U7U8,O1O2O3U4U1U5U2O6O7U6O5O4U7O8U3U8,O1O2O3U4U1O4U5O6O7U8O5O8U2U7U3U6,c,{'O1O2O3O4U5U6O5U3U1O6U7O8O7U2U4U8'},1,"<a href=""/flatknot/8.857598"">8.857598</a>",t^9-45t^7-126t^6+29t^5+328t^4+178t^3-76t^2-48t-16,-t^2+2t,,
8.857599,O1O2O3O4U5U6O5U3U1O6U7O8O7U2U8U4,3,14z^2+90z+125,14w^3z^2+90w^2z+125w,False,False,"[[ 0 -1 -1  0  3 -1 -1  1  0],[ 1  0  0  0  2  1  1  1  1],[ 1  0  0  1  3  0  1  1  0],[ 0  0 -1  0  0  0  1  0  0],[-3 -2 -3  0  0 -4 -2 -2 -1],[ 1 -1  0  0  4  0 -1  2  0],[ 1 -1 -1 -1  2  1  0  2  0],[-1 -1 -1  0  2 -2 -2  0  0],[ 0 -1  0  0  1  0  0  0  0]]","[[ 0  3  1  0  0 -1 -1 -1 -1],[-3  0 -2  0 -1 -2 -2 -3 -4],[-1  2  0  0  0 -1 -2 -1 -2],[ 0  0  0  0  0  0  1 -1  0],[ 0  1  0  0  0 -1  0  0  0],[ 1  2  1  0  1  0  1  0  1],[ 1  2  2 -1  0 -1  0 -1  1],[ 1  3  1  1  0  0  1  0  0],[ 1  4  2  0  0 -1 -1  0  0]]",True,"[-3,-1,0,0,1,1,1,1,2,0,1,2,2,3,4,0,0,1,2,1,2,0,0,-1,1,0,1,0,0,0,-1,0,-1,1,-1,0]","[-3,-1,0,0,1,1,1,1,0,2,3,0,1,2,2,1,1,0,1,0,1,0,1,1,1,0,1,0,2,1,0,-1,-1,1,0,-1]",t^8+55t^6+294t^4+207t^2,"[-1,-1,-1,-1,0,0,1,3,-1,-1,0,0,1,1,2,-1,1,1,2,0,2,0,1,1,0,0,1,0,1,1,0,1,2,1,3,0]","[-3,-1,0,0,1,1,1,1,0,2,3,0,1,2,2,1,1,0,1,0,1,0,1,1,1,0,1,0,2,1,0,-1,-1,1,0,-1]","[-1,-1,-1,-1,0,0,1,3,-1,-1,0,0,0,2,4,-1,-1,-1,0,2,2,0,0,1,1,2,1,0,1,3,0,0,0,0,1,2]",c,"[[{8, 3}, {5, 7}, {1, 6}, {2, 4}], [{8, 3}, {5, 7}, {2, 6}, {1, 4}], [{8, 3}, {5, 7}, {4, 6}, {1, 2}], [{8, 3}, {7}, {2, 6}, {5}, {1, 4}], [{8, 5}, {3, 7}, {2, 6}, {1, 4}], [{8, 5}, {7}, {2, 6}, {1, 4}, {3}], [{8, 7}, {2, 6}, {3, 5}, {1, 4}], [{8, 7}, {2, 6}, {5}, {1, 4}, {3}], [{8}, {3, 7}, {2, 6}, {5}, {1, 4}], [{8}, {5, 7}, {1, 6}, {2, 4}, {3}], [{8}, {5, 7}, {2, 6}, {1, 4}, {3}], [{8}, {5, 7}, {4, 6}, {3}, {1, 2}], [{8}, {7}, {2, 6}, {3, 5}, {1, 4}], [{8}, {7}, {2, 6}, {5}, {1, 4}, {3}]]",1,16 K_1^3 + 4 K_1^2 K_2 - 28 K_1^2 - 22 K_1 K_2 - 4 K_1 K_3 - K_1 + 14 K_2 + 7 K_3 + K_4 + 14,O1O2O3O4U1U5U3O6O5U6O7U4U2O8U7U8,O1O2O3U4U1U5U3O6O7U6O5O4U7O8U2U8,O1O2O3U4U2O4U5O6O7U8O5O8U1U7U3U6,c,{'O1O2O3O4U5U6O5U3U1O6U7O8O7U2U8U4'},1,"<a href=""/flatknot/8.857599"">8.857599</a>",t^9-49t^7-144t^6-30t^5+220t^4+165t^3+68t^2+16t-48,-t^3+3t,,
8.857600,O1O2O3O4U5U6O5U3U1O6U7O8O7U4U2U8,4,9z^2+78z+121,9w^3z^2+78w^2z+121w,False,False,"[[ 0 -1  0  0  1 -1 -1  1  1],[ 1  0  1  0  1  1  1  1  2],[ 0 -1  0  0  1 -1  0  0  1],[ 0  0  0  0  0  0  1  0  1],[-1 -1 -1  0  0 -2  0 -1  0],[ 1 -1  1  0  2  0 -1  2  1],[ 1 -1  0 -1  0  1  0  2  1],[-1 -1  0  0  1 -2 -2  0  1],[-1 -2 -1 -1  0 -1 -1 -1  0]]","[[ 0  1  1  1  0  0 -1 -1 -1],[-1  0  1  1  0  0 -1 -2 -2],[-1 -1  0  0  0 -1 -1  0 -2],[-1 -1  0  0 -1 -1 -2 -1 -1],[ 0  0  0  1  0  0  0  1  0],[ 0  0  1  1  0  0 -1  0 -1],[ 1  1  1  2  0  1  0  1  1],[ 1  2  0  1 -1  0 -1  0  1],[ 1  2  2  1  0  1 -1 -1  0]]",True,"[-1,-1,-1,0,0,1,1,1,-1,-1,0,0,1,2,2,0,0,1,1,0,2,1,1,2,1,1,0,0,-1,0,1,0,1,-1,-1,-1]","[-1,-1,-1,0,0,1,1,1,-1,-1,0,0,1,2,2,0,0,1,1,0,2,1,1,2,1,1,0,0,-1,0,1,0,1,-1,-1,-1]",t^8+31t^6+164t^4+124t^2,"[-1,-1,-1,0,0,1,1,1,-1,-1,0,1,0,1,1,-1,1,2,1,0,2,0,1,1,0,0,0,0,1,0,0,1,1,1,0,-1]","[-1,-1,-1,0,0,1,1,1,-1,0,0,0,0,1,1,1,1,1,1,0,0,0,1,1,0,2,0,0,0,1,1,1,2,1,1,-1]","[-1,-1,-1,0,0,1,1,1,-1,-1,0,1,1,2,2,-1,-1,0,1,0,2,0,1,2,1,1,0,1,0,0,1,1,0,0,-1,-1]",c,"[[{8, 1}, {2, 7}, {5, 6}, {3, 4}], [{8, 5}, {6, 7}, {1, 4}, {2, 3}], [{8, 5}, {6, 7}, {1, 4}, {3}, {2}], [{8, 6}, {5, 7}, {1, 4}, {2, 3}]]",1,4 K_1^3 - 20 K_1^2 - 8 K_1 K_2 + K_1 + 10 K_2 + 3 K_3 + 11,O1O2O3O4U5U3U1O6O5U6O7U4U2O8U7U8,O1O2O3U4U2U5U1O6O7U6O5O4U7O8U3U8,O1O2O3U4U1O4U5O6O7U8O5O8U3U7U2U6,c,{'O1O2O3O4U5U6O5U3U1O6U7O8O7U4U2U8'},1,"<a href=""/flatknot/8.857600"">8.857600</a>",t^9-31t^7-72t^6+46t^5+224t^4+74t^3-128t^2-60t+2,0,,
8.857601,O1O2O3O4U5U6O5U3U1O6U7O8O7U4U8U2,3,2z^2+50z+93,2w^3z^2+50w^2z+93w,False,False,"[[ 0 -1  1  0  1 -1 -1  1  0],[ 1  0  1  0  1  1  1  1  1],[-1 -1  0  0  0 -2 -1  0  0],[ 0  0  0  0  0  0  1  0  1],[-1 -1  0  0  0 -2  0 -1  0],[ 1 -1  2  0  2  0 -1  2  0],[ 1 -1  1 -1  0  1  0  2  0],[-1 -1  0  0  1 -2 -2  0  0],[ 0 -1  0 -1  0  0  0  0  0]]","[[ 0  1  1  1  0  0 -1 -1 -1],[-1  0  1  0  0  0 -1 -2 -2],[-1 -1  0  0  0  0 -1  0 -2],[-1  0  0  0  0  0 -1 -1 -2],[ 0  0  0  0  0  1  0  1  0],[ 0  0  0  0 -1  0 -1  0  0],[ 1  1  1  1  0  1  0  1  1],[ 1  2  0  1 -1  0 -1  0  1],[ 1  2  2  2  0  0 -1 -1  0]]",True,"[-1,-1,-1,0,0,1,1,1,-1,0,0,0,1,2,2,0,0,0,1,0,2,0,0,1,1,2,-1,0,-1,0,1,0,0,-1,-1,-1]","[-1,-1,-1,0,0,1,1,1,-1,-1,0,0,2,2,2,-1,-1,0,0,1,2,0,1,1,1,1,1,0,0,0,0,0,0,0,-1,0]",t^8+27t^6+108t^4+64t^2,"[-1,-1,-1,0,0,1,1,1,-1,-1,0,1,1,1,1,-1,1,2,0,1,2,1,1,0,0,0,1,1,1,1,1,1,1,0,-1,0]","[-1,-1,-1,0,0,1,1,1,-1,0,1,1,0,1,2,0,1,1,0,1,0,1,1,0,1,1,-1,1,0,1,1,1,2,-1,-1,1]","[-1,-1,-1,0,0,1,1,1,-1,-1,0,0,2,2,2,-1,-1,0,0,1,2,0,1,1,1,1,1,0,0,0,0,0,0,0,-1,0]",c,"[[{8, 1}, {4, 7}, {3, 6}, {2, 5}], [{8, 1}, {4, 7}, {3, 6}, {5}, {2}], [{8, 3}, {1, 7}, {2, 6}, {4, 5}], [{8, 3}, {1, 7}, {4, 6}, {2, 5}], [{8, 3}, {2, 7}, {1, 6}, {4, 5}], [{8, 3}, {4, 7}, {1, 6}, {2, 5}], [{8, 3}, {4, 7}, {1, 6}, {5}, {2}], [{8, 3}, {5, 7}, {1, 6}, {2, 4}], [{8, 3}, {5, 7}, {2, 6}, {1, 4}], [{8, 3}, {5, 7}, {4, 6}, {1, 2}], [{8, 3}, {6, 7}, {2, 5}, {1, 4}], [{8, 3}, {6, 7}, {4, 5}, {1, 2}], [{8, 3}, {7}, {1, 6}, {2, 5}, {4}], [{8}, {1, 7}, {4, 6}, {2, 5}, {3}], [{8}, {5, 7}, {4, 6}, {3}, {1, 2}], [{8}, {6, 7}, {2, 5}, {1, 4}, {3}], [{8}, {6, 7}, {4, 5}, {3}, {1, 2}]]",1,- 20 K_1^2 - 8 K_1 K_2 + 4 K_1 + 10 K_2 + 4 K_3 + 11,O1O2O3O4U3U5U1O6O5U6O7U4U2O8U7U8,O1O2O3U4U3U5U1O6O7U6O5O4U7O8U2U8,O1O2O3U4U2O4U5O6O7U8O5O8U3U7U1U6,c,"{'O1O2O3O4U5U6O5U3U1O6U7O8O7U4U8U2', 'O1O2O3U4U5O4U6U1O5U7O8O7U3U8O6U2'}",2,"<a href=""/flatknot/8.857601"">8.857601</a>",t^9-27t^7-46t^6+60t^5+100t^4-46t^3-30t^2+12t,0,,
8.857602,O1O2O3O4U5U6O5U3U2O6U1O7O8U4U7U8,4,7z^3+49z^2+113z+87,7w^4z^3+49w^3z^2+113w^2z+87w,False,False,"[[ 0 -1  0  0  1 -1 -1  0  2],[ 1  0  1  1  3  0  0  1  1],[ 0 -1  0  0  1  0  0  1  1],[ 0 -1  0  0  0  0  1  1  1],[-1 -3 -1  0  0 -2  0  1  2],[ 1  0  0  0  2  0 -1  0  2],[ 1  0  0 -1  0  1  0  0  2],[ 0 -1 -1 -1 -1  0  0  0  1],[-2 -1 -1 -1 -2 -2 -2 -1  0]]","[[ 0  2  1  0  0  0 -1 -1 -1],[-2  0 -2 -1 -1 -1 -1 -2 -2],[-1  2  0  1  0 -1 -3  0 -2],[ 0  1 -1  0 -1 -1 -1  0  0],[ 0  1  0  1  0  0 -1  1  0],[ 0  1  1  1  0  0 -1  0  0],[ 1  1  3  1  1  1  0  0  0],[ 1  2  0  0 -1  0  0  0  1],[ 1  2  2  0  0  0  0 -1  0]]",True,"[-2,-1,0,0,0,1,1,1,2,1,1,1,1,2,2,-1,0,1,3,0,2,1,1,1,0,0,0,1,-1,0,1,0,0,0,0,-1]","[-2,-1,0,0,0,1,1,1,-1,1,1,1,1,1,2,0,1,2,0,2,-1,0,1,1,1,0,1,1,2,0,1,1,0,-1,0,0]",t^8+38t^6+245t^4+83t^2+1,"[-1,-1,-1,0,0,0,1,2,-1,0,1,1,2,2,1,0,1,1,1,0,1,0,0,0,-1,2,-1,0,0,1,1,2,1,1,1,-1]","[-2,-1,0,0,0,1,1,1,-1,1,1,1,1,1,2,0,1,2,0,2,-1,0,1,1,1,0,1,1,2,0,1,1,0,-1,0,0]","[-1,-1,-1,0,0,0,1,2,-1,0,0,0,0,2,2,0,-1,0,0,0,2,1,1,1,3,1,0,1,0,1,1,1,1,-1,1,2]",c,"[[{8, 3}, {1, 7}, {2, 6}, {4, 5}]]",1,4 K_1^3 - 2 K_1^2 - 8 K_1 K_2 + K_1 + K_2 + 3 K_3 + 2,O1O2O3O4U5U6U1O5O6U4O7U3U2O8U7U8,O1O2O3U4U5U6U1O7O8U7O6O5U8O4U2U3,O1O2O3U1U2O4U5O6O7U8O5O8U3U7U6U4,c,{'O1O2O3O4U5U6O5U3U2O6U1O7O8U4U7U8'},1,"<a href=""/flatknot/8.857602"">8.857602</a>",t^9-36t^7-70t^6+130t^5+352t^4+18t^3-278t^2-77t+16,-t^2+2t,,
8.857603,O1O2O3O4U5U6O5U3U2O6U1O7O8U7U4U8,4,4z^3+39z^2+112z+101,4w^4z^3+39w^3z^2+112w^2z+101w,False,False,"[[ 0 -1  0  0  2 -1 -1 -1  2],[ 1  0  1  1  3  0  0  0  1],[ 0 -1  0  0  1  0  0  0  1],[ 0 -1  0  0  0  0  1  0  1],[-2 -3 -1  0  0 -3 -1  0  2],[ 1  0  0  0  3  0 -1 -1  2],[ 1  0  0 -1  1  1  0 -1  2],[ 1  0  0  0  0  1  1  0  1],[-2 -1 -1 -1 -2 -2 -2 -1  0]]","[[ 0  2  2  0  0 -1 -1 -1 -1],[-2  0  2  0 -1  0 -1 -3 -3],[-2 -2  0 -1 -1 -1 -2 -1 -2],[ 0  0  1  0  0  0  1 -1  0],[ 0  1  1  0  0  0  0 -1  0],[ 1  0  1  0  0  0  1  0  1],[ 1  1  2 -1  0 -1  0  0  1],[ 1  3  1  1  1  0  0  0  0],[ 1  3  2  0  0 -1 -1  0  0]]",True,"[-2,-2,0,0,1,1,1,1,-2,0,1,0,1,3,3,1,1,1,2,1,2,0,0,-1,1,0,0,0,1,0,-1,0,-1,0,-1,0]","[-2,-2,0,0,1,1,1,1,-2,0,1,0,1,3,3,1,1,1,2,1,2,0,0,-1,1,0,0,0,1,0,-1,0,-1,0,-1,0]",t^8+42t^6+265t^4+80t^2+4,"[-1,-1,-1,-1,0,0,2,2,-1,-1,0,1,1,2,3,-1,0,1,2,1,2,0,1,1,1,0,0,0,2,0,0,1,1,1,2,2]","[-2,-2,0,0,1,1,1,1,-2,1,1,1,1,2,2,1,2,0,2,0,3,0,1,1,0,1,1,2,0,1,-1,0,-1,0,-1,0]","[-1,-1,-1,-1,0,0,2,2,-1,-1,0,0,0,2,3,-1,0,-1,0,2,1,0,0,0,1,0,1,1,1,3,0,1,0,1,1,-2]",c,"[[{8, 1}, {2, 7}, {4, 6}, {3, 5}], [{8, 1}, {3, 7}, {4, 6}, {2, 5}]]",1,- 4 K_1 K_2 + 2 K_1 + 2 K_3 + 1,O1O2O3O4U5U1U6O5O6U4O7U3U2O8U7U8,O1O2O3U4U5U6U2O7O8U7O6O5U8O4U1U3,O1O2O3U1U3O4U5O6O7U8O5O8U2U7U6U4,c,{'O1O2O3O4U5U6O5U3U2O6U1O7O8U7U4U8'},1,"<a href=""/flatknot/8.857603"">8.857603</a>",t^9-38t^7-76t^6+119t^5+354t^4+55t^3-202t^2-8t+6,-2t^2+4t,,
8.857604,O1O2O3O4U5U6O5U3U2O6U1O7O8U7U8U4,4,5z^3+37z^2+91z+75,5w^4z^3+37w^3z^2+91w^2z+75w,False,False,"[[ 0 -1  0  0  3 -1 -1 -1  1],[ 1  0  1  1  3  0  0  0  0],[ 0 -1  0  0  1  0  0  0  0],[ 0 -1  0  0  0  0  1  0  0],[-3 -3 -1  0  0 -4 -2 -1  1],[ 1  0  0  0  4  0 -1 -1  1],[ 1  0  0 -1  2  1  0 -1  1],[ 1  0  0  0  1  1  1  0  1],[-1  0  0  0 -1 -1 -1 -1  0]]","[[ 0  3  1  0  0 -1 -1 -1 -1],[-3  0  1  0 -1 -1 -2 -3 -4],[-1 -1  0  0  0 -1 -1  0 -1],[ 0  0  0  0  0  0  1 -1  0],[ 0  1  0  0  0  0  0 -1  0],[ 1  1  1  0  0  0  1  0  1],[ 1  2  1 -1  0 -1  0  0  1],[ 1  3  0  1  1  0  0  0  0],[ 1  4  1  0  0 -1 -1  0  0]]",True,"[-3,-1,0,0,1,1,1,1,-1,0,1,1,2,3,4,0,0,1,1,0,1,0,0,-1,1,0,0,0,1,0,-1,0,-1,0,-1,0]","[-3,-1,0,0,1,1,1,1,-1,0,1,1,2,3,4,0,0,1,1,0,1,0,0,-1,1,0,0,0,1,0,-1,0,-1,0,-1,0]",t^8+41t^6+200t^4+133t^2+9,"[-1,-1,-1,-1,0,0,1,3,-1,-1,0,1,1,1,3,-1,0,1,2,1,2,0,1,1,1,0,0,0,2,1,0,1,2,1,3,3]","[-3,-1,0,0,1,1,1,1,3,2,3,0,1,2,3,1,1,1,2,1,1,0,1,0,1,1,1,0,2,1,0,-1,-1,0,0,-1]","[-1,-1,-1,-1,0,0,1,3,-1,-1,0,0,0,1,4,-1,0,-1,0,1,2,0,0,0,1,1,1,1,0,3,0,0,0,0,1,-1]",c,"[[{8, 2}, {3, 7}, {4, 6}, {1, 5}], [{8, 3}, {2, 7}, {4, 6}, {1, 5}], [{8, 7}, {1, 6}, {4, 5}, {2, 3}], [{8, 7}, {1, 6}, {4, 5}, {3}, {2}], [{8, 7}, {4, 6}, {1, 5}, {2, 3}], [{8, 7}, {4, 6}, {1, 5}, {3}, {2}], [{8, 7}, {5, 6}, {1, 4}, {2, 3}], [{8, 7}, {5, 6}, {1, 4}, {3}, {2}]]",1,4 K_1^2 K_2 - 4 K_1^2 - 2 K_1 K_2 - 4 K_1 K_3 + K_1 + 2 K_2 + K_3 + K_4 + 2,O1O2O3O4U1U5U6O5O6U4O7U3U2O8U7U8,O1O2O3U4U5U6U3O7O8U7O6O5U8O4U1U2,O1O2O3U2U3O4U5O6O7U8O5O8U1U7U6U4,c,{'O1O2O3O4U5U6O5U3U2O6U1O7O8U7U8U4'},1,"<a href=""/flatknot/8.857604"">8.857604</a>",t^9-35t^7-56t^6+78t^5+186t^4+81t^3-14t^2-11t-2,-t^3+3t,,
8.857605,O1O2O3O4U5U6O5U3U2O6U4O7O8U1U8U7,4,9z^3+57z^2+115z+75,9w^4z^3+57w^3z^2+115w^2z+75w,False,False,"[[ 0 -2  0  0  2 -1 -1  1  1],[ 2  0  0  0  2  1  1  2  1],[ 0  0  0  0  1  0  0  0  0],[ 0  0  0  0  0  0  1  0  0],[-2 -2 -1  0  0 -3 -1  0  0],[ 1 -1  0  0  3  0 -1  1  1],[ 1 -1  0 -1  1  1  0  1  1],[-1 -2  0  0  0 -1 -1  0  0],[-1 -1  0  0  0 -1 -1  0  0]]","[[ 0  2  1  1  0  0 -1 -1 -2],[-2  0  0  0  0 -1 -1 -3 -2],[-1  0  0  0  0  0 -1 -1 -1],[-1  0  0  0  0  0 -1 -1 -2],[ 0  0  0  0  0  0  1  0  0],[ 0  1  0  0  0  0  0  0  0],[ 1  1  1  1 -1  0  0  1 -1],[ 1  3  1  1  0  0 -1  0 -1],[ 2  2  1  2  0  0  1  1  0]]",True,"[-2,-1,-1,0,0,1,1,2,0,0,0,1,1,3,2,0,0,0,1,1,1,0,0,1,1,2,0,-1,0,0,0,0,0,-1,1,1]","[-2,-1,-1,0,0,1,1,2,0,0,0,1,1,3,2,0,0,0,1,1,1,0,0,1,1,2,0,-1,0,0,0,0,0,-1,1,1]",t^8+28t^6+83t^4+37t^2+1,"[-2,-1,-1,0,0,1,1,2,0,0,2,2,1,2,2,-1,1,2,1,1,2,1,1,1,1,0,0,1,1,1,1,1,2,0,1,1]","[-2,-1,-1,0,0,1,1,2,1,1,1,2,0,2,2,0,1,1,1,1,1,1,1,1,1,2,0,1,1,2,1,2,2,-1,0,0]","[-2,-1,-1,0,0,1,1,2,1,1,0,0,1,2,2,-1,0,0,1,1,3,-1,0,1,1,1,0,0,0,0,0,0,1,0,0,0]",c,"[[{8, 1}, {2, 7}, {3, 6}, {4, 5}], [{8, 1}, {2, 7}, {4, 6}, {3, 5}], [{8, 1}, {2, 7}, {5, 6}, {3, 4}], [{8, 1}, {2, 7}, {6}, {4, 5}, {3}], [{8, 1}, {3, 7}, {2, 6}, {4, 5}], [{8, 1}, {3, 7}, {2, 6}, {5}, {4}], [{8, 1}, {3, 7}, {4, 6}, {2, 5}], [{8, 1}, {3, 7}, {5, 6}, {2, 4}], [{8, 1}, {4, 7}, {2, 6}, {3, 5}], [{8, 1}, {4, 7}, {2, 6}, {5}, {3}], [{8, 1}, {4, 7}, {3, 6}, {2, 5}], [{8, 1}, {4, 7}, {5, 6}, {2, 3}], [{8, 1}, {4, 7}, {6}, {3, 5}, {2}], [{8, 1}, {5, 7}, {2, 6}, {3, 4}], [{8, 1}, {5, 7}, {3, 6}, {2, 4}], [{8, 1}, {5, 7}, {3, 6}, {4}, {2}], [{8, 1}, {5, 7}, {4, 6}, {2, 3}], [{8, 1}, {5, 7}, {4, 6}, {3}, {2}], [{8, 1}, {5, 7}, {6}, {3, 4}, {2}], [{8, 1}, {6, 7}, {2, 5}, {3, 4}], [{8, 1}, {6, 7}, {3, 5}, {2, 4}], [{8, 1}, {6, 7}, {4, 5}, {2, 3}], [{8, 1}, {7}, {2, 6}, {5}, {3, 4}], [{8, 1}, {7}, {3, 6}, {5}, {2, 4}], [{8, 2}, {1, 7}, {3, 6}, {4, 5}], [{8, 2}, {1, 7}, {4, 6}, {3, 5}], [{8, 2}, {1, 7}, {4, 6}, {5}, {3}], [{8, 2}, {1, 7}, {5, 6}, {3, 4}], [{8, 2}, {1, 7}, {6}, {3, 5}, {4}], [{8, 2}, {3, 7}, {1, 6}, {4, 5}], [{8, 2}, {3, 7}, {4, 6}, {1, 5}], [{8, 2}, {3, 7}, {5, 6}, {1, 4}], [{8, 2}, {3, 7}, {6}, {5}, {1, 4}], [{8, 2}, {4, 7}, {1, 6}, {3, 5}], [{8, 2}, {4, 7}, {3, 6}, {1, 5}], [{8, 2}, {4, 7}, {5, 6}, {1, 3}], [{8, 2}, {4, 7}, {6}, {3, 5}, {1}], [{8, 2}, {5, 7}, {1, 6}, {3, 4}], [{8, 2}, {5, 7}, {3, 6}, {1, 4}], [{8, 2}, {5, 7}, {4, 6}, {1, 3}], [{8, 2}, {5, 7}, {6}, {1, 4}, {3}], [{8, 2}, {6, 7}, {1, 5}, {3, 4}], [{8, 2}, {6, 7}, {3, 5}, {1, 4}], [{8, 2}, {6, 7}, {4, 5}, {1, 3}], [{8, 2}, {7}, {6}, {3, 5}, {1, 4}], [{8, 3}, {1, 7}, {2, 6}, {4, 5}], [{8, 3}, {1, 7}, {4, 6}, {2, 5}], [{8, 3}, {1, 7}, {4, 6}, {5}, {2}], [{8, 3}, {1, 7}, {5, 6}, {2, 4}], [{8, 3}, {2, 7}, {1, 6}, {4, 5}], [{8, 3}, {2, 7}, {4, 6}, {1, 5}], [{8, 3}, {2, 7}, {5, 6}, {1, 4}], [{8, 3}, {2, 7}, {5, 6}, {4}, {1}], [{8, 3}, {4, 7}, {1, 6}, {2, 5}], [{8, 3}, {4, 7}, {1, 6}, {5}, {2}], [{8, 3}, {4, 7}, {2, 6}, {1, 5}], [{8, 3}, {4, 7}, {5, 6}, {1, 2}], [{8, 3}, {5, 7}, {1, 6}, {2, 4}], [{8, 3}, {5, 7}, {2, 6}, {1, 4}], [{8, 3}, {5, 7}, {2, 6}, {4}, {1}], [{8, 3}, {5, 7}, {4, 6}, {1, 2}], [{8, 3}, {6, 7}, {1, 5}, {2, 4}], [{8, 3}, {6, 7}, {2, 5}, {1, 4}], [{8, 3}, {6, 7}, {4, 5}, {1, 2}], [{8, 3}, {6, 7}, {5}, {1, 4}, {2}], [{8, 3}, {7}, {6}, {1, 5}, {2, 4}], [{8, 3}, {7}, {6}, {4, 5}, {1, 2}], [{8, 4}, {1, 7}, {2, 6}, {3, 5}], [{8, 4}, {1, 7}, {3, 6}, {2, 5}], [{8, 4}, {1, 7}, {5, 6}, {2, 3}], [{8, 4}, {1, 7}, {6}, {3, 5}, {2}], [{8, 4}, {2, 7}, {1, 6}, {3, 5}], [{8, 4}, {2, 7}, {3, 6}, {1, 5}], [{8, 4}, {2, 7}, {5, 6}, {1, 3}], [{8, 4}, {3, 7}, {1, 6}, {2, 5}], [{8, 4}, {3, 7}, {2, 6}, {1, 5}], [{8, 4}, {3, 7}, {2, 6}, {5}, {1}], [{8, 4}, {3, 7}, {5, 6}, {1, 2}], [{8, 4}, {5, 7}, {1, 6}, {2, 3}], [{8, 4}, {5, 7}, {1, 6}, {3}, {2}], [{8, 4}, {5, 7}, {2, 6}, {1, 3}], [{8, 4}, {5, 7}, {3, 6}, {1, 2}], [{8, 4}, {5, 7}, {6}, {2, 3}, {1}], [{8, 4}, {6, 7}, {1, 5}, {2, 3}], [{8, 4}, {6, 7}, {2, 5}, {1, 3}], [{8, 4}, {6, 7}, {3, 5}, {1, 2}], [{8, 4}, {7}, {3, 6}, {1, 5}, {2}], [{8, 4}, {7}, {3, 6}, {2, 5}, {1}], [{8, 4}, {7}, {3, 6}, {5}, {1, 2}], [{8, 5}, {1, 7}, {2, 6}, {3, 4}], [{8, 5}, {1, 7}, {3, 6}, {2, 4}], [{8, 5}, {1, 7}, {4, 6}, {2, 3}], [{8, 5}, {1, 7}, {4, 6}, {3}, {2}], [{8, 5}, {2, 7}, {1, 6}, {3, 4}], [{8, 5}, {2, 7}, {3, 6}, {1, 4}], [{8, 5}, {2, 7}, {4, 6}, {1, 3}], [{8, 5}, {2, 7}, {4, 6}, {3}, {1}], [{8, 5}, {3, 7}, {1, 6}, {2, 4}], [{8, 5}, {3, 7}, {2, 6}, {1, 4}], [{8, 5}, {3, 7}, {4, 6}, {1, 2}], [{8, 5}, {3, 7}, {4, 6}, {2}, {1}], [{8, 5}, {4, 7}, {1, 6}, {2, 3}], [{8, 5}, {4, 7}, {1, 6}, {3}, {2}], [{8, 5}, {4, 7}, {2, 6}, {1, 3}], [{8, 5}, {4, 7}, {3, 6}, {1, 2}], [{8, 5}, {6, 7}, {1, 4}, {2, 3}], [{8, 5}, {6, 7}, {1, 4}, {3}, {2}], [{8, 5}, {6, 7}, {2, 4}, {1, 3}], [{8, 5}, {6, 7}, {3, 4}, {1, 2}], [{8, 5}, {7}, {2, 6}, {4}, {1, 3}], [{8, 5}, {7}, {3, 6}, {4}, {1, 2}], [{8, 5}, {7}, {4, 6}, {1, 3}, {2}], [{8, 5}, {7}, {4, 6}, {2, 3}, {1}], [{8, 5}, {7}, {4, 6}, {3}, {1, 2}], [{8, 5}, {7}, {4, 6}, {3}, {2}, {1}], [{8, 5}, {7}, {6}, {2, 4}, {1, 3}], [{8, 5}, {7}, {6}, {3, 4}, {1, 2}], [{8, 6}, {1, 7}, {2, 5}, {3, 4}], [{8, 6}, {1, 7}, {3, 5}, {2, 4}], [{8, 6}, {1, 7}, {3, 5}, {4}, {2}], [{8, 6}, {1, 7}, {4, 5}, {2, 3}], [{8, 6}, {2, 7}, {1, 5}, {3, 4}], [{8, 6}, {2, 7}, {3, 5}, {1, 4}], [{8, 6}, {2, 7}, {4, 5}, {1, 3}], [{8, 6}, {3, 7}, {1, 5}, {2, 4}], [{8, 6}, {3, 7}, {2, 5}, {1, 4}], [{8, 6}, {3, 7}, {4, 5}, {1, 2}], [{8, 6}, {3, 7}, {5}, {1, 4}, {2}], [{8, 6}, {4, 7}, {1, 5}, {2, 3}], [{8, 6}, {4, 7}, {2, 5}, {1, 3}], [{8, 6}, {4, 7}, {3, 5}, {1, 2}], [{8, 6}, {4, 7}, {3, 5}, {2}, {1}], [{8, 6}, {4, 7}, {5}, {3}, {1, 2}], [{8, 6}, {5, 7}, {1, 4}, {2, 3}], [{8, 6}, {5, 7}, {1, 4}, {3}, {2}], [{8, 6}, {5, 7}, {2, 4}, {1, 3}], [{8, 6}, {5, 7}, {2, 4}, {3}, {1}], [{8, 6}, {5, 7}, {3, 4}, {1, 2}], [{8, 6}, {5, 7}, {4}, {3}, {1, 2}], [{8, 6}, {7}, {1, 5}, {4}, {2, 3}], [{8, 6}, {7}, {2, 5}, {3, 4}, {1}], [{8, 6}, {7}, {3, 5}, {1, 4}, {2}], [{8, 6}, {7}, {4, 5}, {3}, {1, 2}], [{8, 6}, {7}, {5}, {2, 4}, {1, 3}], [{8, 7}, {1, 6}, {2, 5}, {3, 4}], [{8, 7}, {1, 6}, {3, 5}, {2, 4}], [{8, 7}, {1, 6}, {4, 5}, {2, 3}], [{8, 7}, {2, 6}, {1, 5}, {3, 4}], [{8, 7}, {2, 6}, {1, 5}, {4}, {3}], [{8, 7}, {2, 6}, {3, 5}, {1, 4}], [{8, 7}, {2, 6}, {4, 5}, {1, 3}], [{8, 7}, {2, 6}, {5}, {3, 4}, {1}], [{8, 7}, {3, 6}, {1, 5}, {2, 4}], [{8, 7}, {3, 6}, {2, 5}, {1, 4}], [{8, 7}, {3, 6}, {4, 5}, {1, 2}], [{8, 7}, {3, 6}, {5}, {2, 4}, {1}], [{8, 7}, {4, 6}, {1, 5}, {2, 3}], [{8, 7}, {4, 6}, {1, 5}, {3}, {2}], [{8, 7}, {4, 6}, {2, 5}, {1, 3}], [{8, 7}, {4, 6}, {3, 5}, {1, 2}], [{8, 7}, {5, 6}, {1, 4}, {2, 3}], [{8, 7}, {5, 6}, {2, 4}, {1, 3}], [{8, 7}, {5, 6}, {3, 4}, {1, 2}], [{8, 7}, {5, 6}, {4}, {3}, {1, 2}], [{8, 7}, {6}, {1, 5}, {2, 4}, {3}], [{8, 7}, {6}, {3, 5}, {1, 4}, {2}], [{8}, {1, 7}, {2, 6}, {3, 5}, {4}], [{8}, {1, 7}, {2, 6}, {4, 5}, {3}], [{8}, {1, 7}, {2, 6}, {5}, {3, 4}], [{8}, {1, 7}, {3, 6}, {2, 5}, {4}], [{8}, {1, 7}, {3, 6}, {4, 5}, {2}], [{8}, {1, 7}, {3, 6}, {5}, {2, 4}], [{8}, {1, 7}, {4, 6}, {2, 5}, {3}], [{8}, {1, 7}, {4, 6}, {3, 5}, {2}], [{8}, {1, 7}, {4, 6}, {5}, {2, 3}], [{8}, {1, 7}, {4, 6}, {5}, {3}, {2}], [{8}, {1, 7}, {5, 6}, {2, 4}, {3}], [{8}, {1, 7}, {5, 6}, {3, 4}, {2}], [{8}, {1, 7}, {5, 6}, {4}, {2, 3}], [{8}, {1, 7}, {6}, {2, 5}, {3, 4}], [{8}, {1, 7}, {6}, {3, 5}, {2, 4}], [{8}, {1, 7}, {6}, {3, 5}, {4}, {2}], [{8}, {1, 7}, {6}, {4, 5}, {2, 3}], [{8}, {2, 7}, {1, 6}, {5}, {3, 4}], [{8}, {2, 7}, {3, 6}, {1, 5}, {4}], [{8}, {2, 7}, {3, 6}, {4, 5}, {1}], [{8}, {2, 7}, {3, 6}, {5}, {1, 4}], [{8}, {2, 7}, {4, 6}, {5}, {1, 3}], [{8}, {2, 7}, {5, 6}, {1, 4}, {3}], [{8}, {2, 7}, {6}, {3, 5}, {1, 4}], [{8}, {3, 7}, {1, 6}, {2, 5}, {4}], [{8}, {3, 7}, {1, 6}, {4, 5}, {2}], [{8}, {3, 7}, {1, 6}, {5}, {2, 4}], [{8}, {3, 7}, {2, 6}, {5}, {1, 4}], [{8}, {3, 7}, {4, 6}, {5}, {1, 2}], [{8}, {3, 7}, {5, 6}, {2, 4}, {1}], [{8}, {3, 7}, {6}, {1, 5}, {2, 4}], [{8}, {4, 7}, {1, 6}, {3, 5}, {2}], [{8}, {4, 7}, {2, 6}, {3, 5}, {1}], [{8}, {4, 7}, {6}, {3, 5}, {1, 2}], [{8}, {4, 7}, {6}, {3, 5}, {2}, {1}], [{8}, {5, 7}, {2, 6}, {1, 4}, {3}], [{8}, {6, 7}, {1, 5}, {3, 4}, {2}], [{8}, {6, 7}, {3, 5}, {1, 4}, {2}], [{8}, {7}, {2, 6}, {3, 5}, {1, 4}], [{8}, {7}, {3, 6}, {4, 5}, {1, 2}], [{8}, {7}, {5, 6}, {2, 4}, {1, 3}], [{8}, {7}, {6}, {3, 5}, {1, 4}, {2}]]",2,4 K_1^2 K_2 - 4 K_1 K_3 + K_4,O1O2O3O4U5U6U4O6O5U1O7U3U2O8U7U8,O1O2O3U1U4U5U6O7O8U7O5O4U8O6U3U2,O1O2O3U2U1O4U5O6O7U8O5O8U4U7U6U3,c,{'O1O2O3O4U5U6O5U3U2O6U4O7O8U1U8U7'},1,"<a href=""/flatknot/8.857605"">8.857605</a>",t^9-28t^7-50t^6+41t^5+84t^4-12t^3-16t^2-3t,0,,
8.857606,O1O2O3O4U5U6O5U3U2O6U4O7O8U7U1U8,4,9z^3+57z^2+115z+75,9w^4z^3+57w^3z^2+115w^2z+75w,False,False,"[[ 0 -1  0  0  2 -1 -1 -1  2],[ 1  0  0  0  2  0  0  0  2],[ 0  0  0  0  1  0  0  0  0],[ 0  0  0  0  0  0  1  0  0],[-2 -2 -1  0  0 -3 -1  0  0],[ 1  0  0  0  3  0 -1 -1  2],[ 1  0  0 -1  1  1  0 -1  2],[ 1  0  0  0  0  1  1  0  1],[-2 -2  0  0  0 -2 -2 -1  0]]","[[ 0  2  2  0  0 -1 -1 -1 -1],[-2  0  0  0  0 -1 -2 -2 -2],[-2  0  0  0 -1  0 -1 -2 -3],[ 0  0  0  0  0  0  1  0  0],[ 0  0  1  0  0  0  0  0  0],[ 1  1  0  0  0  0  1  0  1],[ 1  2  1 -1  0 -1  0  0  1],[ 1  2  2  0  0  0  0  0  0],[ 1  2  3  0  0 -1 -1  0  0]]",True,"[-2,-2,0,0,1,1,1,1,0,0,0,1,2,2,2,0,1,0,1,2,3,0,0,-1,0,0,0,0,0,0,-1,0,-1,0,-1,0]","[-2,-2,0,0,1,1,1,1,0,0,0,1,2,2,2,0,1,0,1,2,3,0,0,-1,0,0,0,0,0,0,-1,0,-1,0,-1,0]",t^8+32t^6+107t^4+52t^2+4,"[-1,-1,-1,-1,0,0,2,2,-1,-1,0,1,1,2,3,-1,0,1,2,1,2,0,1,1,1,0,1,1,1,1,0,2,1,2,2,0]","[-2,-2,0,0,1,1,1,1,0,1,2,0,1,2,3,2,2,1,1,1,2,0,1,1,1,1,1,1,2,1,0,-1,-1,0,0,-1]","[-1,-1,-1,-1,0,0,2,2,-1,-1,0,0,0,2,3,-1,0,-1,0,2,1,0,0,0,1,0,0,0,2,2,0,0,0,0,1,0]",c,"[[{8, 3}, {5, 7}, {1, 6}, {2, 4}]]",1,4 K_1^3 + 4 K_1^2 K_2 - 4 K_1 K_2 - 4 K_1 K_3 - K_1 + K_3 + K_4,O1O2O3O4U5U4U6O5O6U1O7U3U2O8U7U8,O1O2O3U2U4U5U6O7O8U7O5O4U8O6U1U3,O1O2O3U1U3O4U5O6O7U8O5O8U4U7U6U2,c,{'O1O2O3O4U5U6O5U3U2O6U4O7O8U7U1U8'},1,"<a href=""/flatknot/8.857606"">8.857606</a>",t^9-28t^7-30t^6+81t^5+68t^4-46t^3-4t^2+5t,-2t^2+4t,,
8.857607,O1O2O3O4U5U6O5U3U2O6U7O8O7U1U4U8,4,z^3+29z^2+103z+99,w^4z^3+29w^3z^2+103w^2z+99w,False,False,"[[ 0 -2  0  0  2 -1 -1  1  1],[ 2  0  1  1  3  1  1  2  1],[ 0 -1  0  0  1  0  0  0  1],[ 0 -1  0  0  0  0  1  0  1],[-2 -3 -1  0  0 -3 -1 -2  0],[ 1 -1  0  0  3  0 -1  2  1],[ 1 -1  0 -1  1  1  0  2  1],[-1 -2  0  0  2 -2 -2  0  1],[-1 -1 -1 -1  0 -1 -1 -1  0]]","[[ 0  2  1  1  0  0 -1 -1 -2],[-2  0  0 -2  0 -1 -1 -3 -3],[-1  0  0 -1 -1 -1 -1 -1 -1],[-1  2  1  0  0  0 -2 -2 -2],[ 0  0  1  0  0  0  1  0 -1],[ 0  1  1  0  0  0  0  0 -1],[ 1  1  1  2 -1  0  0  1 -1],[ 1  3  1  2  0  0 -1  0 -1],[ 2  3  1  2  1  1  1  1  0]]",True,"[-2,-1,-1,0,0,1,1,2,0,2,0,1,1,3,3,1,1,1,1,1,1,0,0,2,2,2,0,-1,0,1,0,0,1,-1,1,1]","[-2,-1,-1,0,0,1,1,2,-1,1,1,2,0,2,1,1,1,1,0,0,1,0,0,1,1,2,0,1,1,1,1,2,1,-1,0,0]",t^8+48t^6+246t^4+155t^2+9,"[-2,-1,-1,0,0,1,1,2,0,0,1,1,1,2,1,-1,1,2,0,1,2,1,1,0,1,0,0,1,0,1,1,0,2,-1,-1,1]","[-2,-1,-1,0,0,1,1,2,-1,1,1,2,0,2,1,1,1,1,0,0,1,0,0,1,1,2,0,1,1,1,1,2,1,-1,0,0]","[-2,-1,-1,0,0,1,1,2,1,1,1,1,1,2,3,-1,0,0,1,2,3,-1,0,1,2,1,0,1,0,0,1,0,1,-1,0,2]",c,"[[{8, 2}, {6, 7}, {3, 5}, {1, 4}], [{8, 3}, {6, 7}, {2, 5}, {1, 4}], [{8, 5}, {6, 7}, {1, 4}, {2, 3}]]",1,- 4 K_1 K_2 + 2 K_1 + 2 K_3 + 1,O1O2O3O4U5U1U4O6O5U6O7U3U2O8U7U8,O1O2O3U1U4U5U2O6O7U6O5O4U7O8U3U8,O1O2O3U4U1O4U5O6O7U8O5O8U2U7U6U3,c,{'O1O2O3O4U5U6O5U3U2O6U7O8O7U1U4U8'},1,"<a href=""/flatknot/8.857607"">8.857607</a>",t^9-48t^7-144t^6+18t^5+358t^4+129t^3-210t^2-50t+40,0,,
8.857608,O1O2O3O4U5U6O5U3U2O6U7O8O7U1U8U4,4,27z^2+112z+117,27w^3z^2+112w^2z+117w,False,False,"[[ 0 -2  0  0  3 -1 -1  1  0],[ 2  0  1  1  4  1  1  2  0],[ 0 -1  0  0  1  0  0  0  0],[ 0 -1  0  0  0  0  1  0  0],[-3 -4 -1  0  0 -4 -2 -2 -1],[ 1 -1  0  0  4  0 -1  2  0],[ 1 -1  0 -1  2  1  0  2  0],[-1 -2  0  0  2 -2 -2  0  0],[ 0  0  0  0  1  0  0  0  0]]","[[ 0  3  1  0  0  0 -1 -1 -2],[-3  0 -2  0 -1 -1 -2 -4 -4],[-1  2  0  0  0  0 -2 -2 -2],[ 0  0  0  0  0  0  1  0 -1],[ 0  1  0  0  0  0  0  0  0],[ 0  1  0  0  0  0  0  0 -1],[ 1  2  2 -1  0  0  0  1 -1],[ 1  4  2  0  0  0 -1  0 -1],[ 2  4  2  1  0  1  1  1  0]]",True,"[-3,-1,0,0,0,1,1,2,2,0,1,1,2,4,4,0,0,0,2,2,2,0,0,-1,0,1,0,0,0,0,0,0,1,-1,1,1]","[-3,-1,0,0,0,1,1,2,0,2,2,3,0,2,1,1,1,1,0,0,1,0,0,1,1,1,0,1,1,2,1,2,1,-1,0,0]",t^8+60t^6+237t^4+78t^2+4,"[-2,-1,-1,0,0,0,1,3,0,0,1,1,2,1,1,-1,1,2,1,0,2,1,1,1,0,0,0,0,1,2,0,1,3,1,2,0]","[-3,-1,0,0,0,1,1,2,0,2,2,3,0,2,1,1,1,1,0,0,1,0,0,1,1,1,0,1,1,2,1,2,1,-1,0,0]","[-2,-1,-1,0,0,0,1,3,1,1,0,1,1,2,4,-1,0,0,0,2,4,0,-1,0,2,2,0,0,0,1,0,0,0,0,1,2]",c,"[[{8, 1}, {5, 7}, {4, 6}, {2, 3}], [{8, 1}, {5, 7}, {4, 6}, {3}, {2}], [{8, 4}, {5, 7}, {1, 6}, {2, 3}], [{8, 4}, {5, 7}, {1, 6}, {3}, {2}], [{8, 6}, {2, 7}, {3, 5}, {1, 4}], [{8, 6}, {3, 7}, {2, 5}, {1, 4}], [{8, 6}, {3, 7}, {5}, {1, 4}, {2}], [{8, 6}, {5, 7}, {1, 4}, {2, 3}], [{8, 6}, {5, 7}, {1, 4}, {3}, {2}], [{8, 6}, {7}, {3, 5}, {1, 4}, {2}]]",1,- 6 K_1 K_2 - 2 K_1 K_3 + 3 K_1 - 2 K_2^2 + K_2 + 3 K_3 + 2 K_4 + 2,O1O2O3O4U1U5U4O6O5U6O7U3U2O8U7U8,O1O2O3U1U4U5U3O6O7U6O5O4U7O8U2U8,O1O2O3U4U2O4U5O6O7U8O5O8U1U7U6U3,c,{'O1O2O3O4U5U6O5U3U2O6U7O8O7U1U8U4'},1,"<a href=""/flatknot/8.857608"">8.857608</a>",t^9-56t^7-178t^6-76t^5+164t^4+28t^3-70t^2+19t,-t^3+t^2+t,,
8.857609,O1O2O3O4U5U6O5U3U2O6U7O8O7U4U1U8,4,6z^3+47z^2+114z+89,6w^4z^3+47w^3z^2+114w^2z+89w,False,False,"[[ 0 -1  0  0  1 -1 -1  1  1],[ 1  0  0  0  2  0  0  1  1],[ 0  0  0  0  1  0  0  0  1],[ 0  0  0  0  0  0  1  0  1],[-1 -2 -1  0  0 -2  0 -1  0],[ 1  0  0  0  2  0 -1  2  1],[ 1  0  0 -1  0  1  0  2  1],[-1 -1  0  0  1 -2 -2  0  1],[-1 -1 -1 -1  0 -1 -1 -1  0]]","[[ 0  1  1  1  0  0 -1 -1 -1],[-1  0  1  1  0  0 -1 -2 -2],[-1 -1  0  0  0 -1 -2  0 -2],[-1 -1  0  0 -1 -1 -1 -1 -1],[ 0  0  0  1  0  0  0  1  0],[ 0  0  1  1  0  0  0  0  0],[ 1  1  2  1  0  0  0  0  0],[ 1  2  0  1 -1  0  0  0  1],[ 1  2  2  1  0  0  0 -1  0]]",True,"[-1,-1,-1,0,0,1,1,1,-1,-1,0,0,1,2,2,0,0,1,2,0,2,1,1,1,1,1,0,0,-1,0,0,0,0,0,0,-1]","[-1,-1,-1,0,0,1,1,1,-1,-1,0,0,1,2,2,0,0,1,2,0,2,1,1,1,1,1,0,0,-1,0,0,0,0,0,0,-1]",t^8+27t^6+117t^4+111t^2+4,"[-1,-1,-1,0,0,1,1,1,-1,0,1,2,0,1,2,0,1,1,0,1,0,1,1,1,1,0,0,1,0,0,1,0,1,-1,-1,0]","[-1,-1,-1,0,0,1,1,1,-1,0,0,0,1,1,1,1,1,1,0,0,1,0,1,0,2,0,0,1,1,1,1,2,1,-1,0,0]","[-1,-1,-1,0,0,1,1,1,-1,0,0,0,1,2,2,0,-1,0,1,0,2,0,0,1,2,1,0,1,0,0,1,1,0,0,-1,-1]",c,"[[{8, 3}, {6, 7}, {1, 5}, {2, 4}], [{8, 3}, {6, 7}, {5}, {2, 4}, {1}]]",1,4 K_1^3 - 8 K_1 K_2 + K_1 + 3 K_3 + 1,O1O2O3O4U5U4U1O6O5U6O7U3U2O8U7U8,O1O2O3U2U4U5U1O6O7U6O5O4U7O8U3U8,O1O2O3U4U1O4U5O6O7U8O5O8U3U7U6U2,c,{'O1O2O3O4U5U6O5U3U2O6U7O8O7U4U1U8'},1,"<a href=""/flatknot/8.857609"">8.857609</a>",t^9-27t^7-32t^6+105t^5+108t^4-84t^3-68t^2+8t+6,0,,
8.857610,O1O2O3O4U5U6O5U3U4O6U1O7O8U7U2U8,4,5z^3+41z^2+111z+99,5w^4z^3+41w^3z^2+111w^2z+99w,False,False,"[[ 0 -1  0  0  2 -1 -1 -1  2],[ 1  0  1  0  2  0  0  0  1],[ 0 -1  0  0  2 -1 -1  0  2],[ 0  0  0  0  1  0  0  0  0],[-2 -2 -2 -1  0 -2 -1  0  0],[ 1  0  1  0  2  0 -1 -1  2],[ 1  0  1  0  1  1  0 -1  2],[ 1  0  0  0  0  1  1  0  1],[-2 -1 -2  0  0 -2 -2 -1  0]]","[[ 0  2  2  0  0 -1 -1 -1 -1],[-2  0  0  0 -2 -1 -1 -2 -2],[-2  0  0 -1 -2  0 -2 -1 -2],[ 0  0  1  0  0  0  0  0  0],[ 0  2  2  0  0  0 -1 -1 -1],[ 1  1  0  0  0  0  0  1  1],[ 1  1  2  0  1  0  0  0  0],[ 1  2  1  0  1 -1  0  0  1],[ 1  2  2  0  1 -1  0 -1  0]]",True,"[-2,-2,0,0,1,1,1,1,0,0,2,1,1,2,2,1,2,0,2,1,2,0,0,0,0,0,0,1,1,1,0,-1,-1,0,0,-1]","[-2,-2,0,0,1,1,1,1,0,0,1,1,1,2,3,0,2,1,2,1,2,0,0,0,0,1,1,1,1,1,0,-1,-1,0,0,-1]",t^8+34t^6+113t^4+50t^2+1,"[-1,-1,-1,-1,0,0,2,2,-1,-1,0,1,1,2,3,-1,0,0,1,1,2,0,0,1,1,1,0,1,2,1,0,0,0,2,1,0]","[-2,-2,0,0,1,1,1,1,0,0,1,1,1,2,3,0,2,1,2,1,2,0,0,0,0,1,1,1,1,1,0,-1,-1,0,0,-1]","[-1,-1,-1,-1,0,0,2,2,-1,-1,0,0,1,2,2,-1,0,0,1,1,2,0,0,0,0,1,0,1,2,1,0,1,0,2,2,0]",c,"[[{8, 1}, {2, 7}, {4, 6}, {3, 5}], [{8, 3}, {1, 7}, {5, 6}, {2, 4}], [{8, 4}, {2, 7}, {1, 6}, {3, 5}]]",1,12 K_1^3 + 4 K_1^2 K_2 - 16 K_1^2 - 12 K_1 K_2 - 4 K_1 K_3 - 3 K_1 + 8 K_2 + 3 K_3 + K_4 + 8,O1O2O3O4U5U3U6O5O6U4O7U1U2O8U7U8,O1O2O3U4U2U5U6O7O8U7O5O6U8O4U1U3,O1O2O3U1U3O4U5O6O7U8O5O8U6U7U2U4,c,{'O1O2O3O4U5U6O5U3U4O6U1O7O8U7U2U8'},1,"<a href=""/flatknot/8.857610"">8.857610</a>",t^9-30t^7-70t^6+55t^5+272t^4+151t^3-92t^2-51t+10,-2t^2+4t,,
8.857611,O1O2O3O4U5U6O5U3U4O6U1O7O8U7U8U2,4,6z^3+43z^2+102z+81,6w^4z^3+43w^3z^2+102w^2z+81w,False,False,"[[ 0 -1  1  0  2 -1 -1 -1  1],[ 1  0  1  0  2  0  0  0  0],[-1 -1  0  0  2 -2 -2 -1  1],[ 0  0  0  0  1  0  0  0  0],[-2 -2 -2 -1  0 -2 -1  0  0],[ 1  0  2  0  2  0 -1 -1  1],[ 1  0  2  0  1  1  0 -1  1],[ 1  0  1  0  0  1  1  0  1],[-1  0 -1  0  0 -1 -1 -1  0]]","[[ 0  2  1  1  0 -1 -1 -1 -1],[-2  0  0 -2 -1  0 -1 -2 -2],[-1  0  0 -1  0 -1 -1  0 -1],[-1  2  1  0  0 -1 -2 -1 -2],[ 0  1  0  0  0  0  0  0  0],[ 1  0  1  1  0  0  1  0  1],[ 1  1  1  2  0 -1  0  0  1],[ 1  2  0  1  0  0  0  0  0],[ 1  2  1  2  0 -1 -1  0  0]]",True,"[-2,-1,-1,0,1,1,1,1,0,2,1,0,1,2,2,1,0,1,1,0,1,0,1,2,1,2,0,0,0,0,-1,0,-1,0,-1,0]","[-2,-1,-1,0,1,1,1,1,-1,1,1,1,1,2,3,1,1,0,1,0,1,1,1,2,1,1,1,1,1,1,0,-1,-1,0,0,-1]",t^8+31t^6+92t^4+37t^2+1,"[-1,-1,-1,-1,0,1,1,2,-1,-1,0,1,1,1,3,-1,0,1,0,1,2,0,1,0,1,1,1,1,2,1,1,1,1,-1,-1,1]","[-2,-1,-1,0,1,1,1,1,-1,1,1,1,1,2,3,1,1,0,1,0,1,1,1,2,1,1,1,1,1,1,0,-1,-1,0,0,-1]","[-1,-1,-1,-1,0,1,1,2,-1,-1,0,0,1,2,2,-1,0,0,1,2,1,0,0,1,1,0,0,0,1,2,0,0,1,-1,0,2]",c,"[[{8, 7}, {1, 6}, {2, 5}, {3, 4}], [{8, 7}, {3, 6}, {2, 5}, {1, 4}], [{8, 7}, {3, 6}, {4, 5}, {1, 2}], [{8, 7}, {4, 6}, {2, 5}, {1, 3}], [{8, 7}, {4, 6}, {3, 5}, {1, 2}], [{8, 7}, {5, 6}, {3, 4}, {1, 2}], [{8, 7}, {6}, {3, 5}, {4}, {1, 2}]]",1,- 8 K_1^4 + 24 K_1^3 + 12 K_1^2 K_2 - 18 K_1^2 - 24 K_1 K_2 - 4 K_1 K_3 - 6 K_1 - 2 K_2^2 + 9 K_2 + 6 K_3 + K_4 + 11,O1O2O3O4U3U5U6O5O6U4O7U1U2O8U7U8,O1O2O3U4U3U5U6O7O8U7O5O6U8O4U1U2,O1O2O3U2U3O4U5O6O7U8O5O8U6U7U1U4,c,{'O1O2O3O4U5U6O5U3U4O6U1O7O8U7U8U2'},1,"<a href=""/flatknot/8.857611"">8.857611</a>",t^9-29t^7-66t^6+33t^5+186t^4+125t^3-16t^2-28t-2,-t^2+2t,,
8.857612,O1O2O3O4U5U6O5U3U4O6U2O7O8U1U8U7,4,12z^3+59z^2+92z+45,12w^4z^3+59w^3z^2+92w^2z+45w,False,False,"[[ 0 -2  0  0  2 -1 -1  1  1],[ 2  0  0  0  2  1  1  2  1],[ 0  0  0  0  2 -1 -1  0  0],[ 0  0  0  0  1  0  0  0  0],[-2 -2 -2 -1  0 -2 -1  0  0],[ 1 -1  1  0  2  0 -1  1  1],[ 1 -1  1  0  1  1  0  1  1],[-1 -2  0  0  0 -1 -1  0  0],[-1 -1  0  0  0 -1 -1  0  0]]","[[ 0  2  1  1  0  0 -1 -1 -2],[-2  0  0  0 -1 -2 -1 -2 -2],[-1  0  0  0  0  0 -1 -1 -1],[-1  0  0  0  0  0 -1 -1 -2],[ 0  1  0  0  0  0  0  0  0],[ 0  2  0  0  0  0 -1 -1  0],[ 1  1  1  1  0  1  0  1 -1],[ 1  2  1  1  0  1 -1  0 -1],[ 2  2  1  2  0  0  1  1  0]]",True,"[-2,-1,-1,0,0,1,1,2,0,0,1,2,1,2,2,0,0,0,1,1,1,0,0,1,1,2,0,0,0,0,1,1,0,-1,1,1]","[-2,-1,-1,0,0,1,1,2,0,0,1,2,1,2,2,0,0,0,1,1,1,0,0,1,1,2,0,0,0,0,1,1,0,-1,1,1]",t^8+28t^6+116t^4+31t^2,"[-2,-1,-1,0,0,1,1,2,0,0,2,2,1,2,2,-1,0,1,1,1,2,0,1,1,1,1,0,1,1,0,1,1,1,0,1,1]","[-2,-1,-1,0,0,1,1,2,1,1,0,1,1,2,2,0,1,1,1,1,1,1,1,1,1,2,0,0,0,2,1,1,2,-1,0,0]","[-2,-1,-1,0,0,1,1,2,1,1,0,0,1,2,2,-1,0,1,1,1,2,0,1,1,1,1,0,0,0,1,0,0,2,0,0,0]",c,"[[{8, 1}, {2, 7}, {4, 6}, {3, 5}], [{8, 1}, {4, 7}, {2, 6}, {3, 5}], [{8, 5}, {4, 7}, {2, 6}, {1, 3}]]",1,- 8 K_1^4 + 8 K_1^3 + 8 K_1^2 K_2 + 4 K_1^2 - 8 K_1 K_2 - 2 K_1 - 2 K_2^2 - 2 K_2 + 2 K_3 + 1,O1O2O3O4U5U6U4O6O5U3O7U1U2O8U7U8,O1O2O3U1U4U5U6O7O8U7O5O6U8O4U3U2,O1O2O3U2U1O4U5O6O7U8O5O8U6U7U4U3,c,{'O1O2O3O4U5U6O5U3U4O6U2O7O8U1U8U7'},1,"<a href=""/flatknot/8.857612"">8.857612</a>",t^9-28t^7-58t^6+42t^5+174t^4+113t^3+8t^2-12t-2,0,,
8.857613,O1O2O3O4U5U6O5U3U4O6U2O7O8U7U1U8,4,12z^3+59z^2+92z+45,12w^4z^3+59w^3z^2+92w^2z+45w,False,False,"[[ 0 -1  0  0  2 -1 -1 -1  2],[ 1  0  0  0  2  0  0  0  2],[ 0  0  0  0  2 -1 -1  0  0],[ 0  0  0  0  1  0  0  0  0],[-2 -2 -2 -1  0 -2 -1  0  0],[ 1  0  1  0  2  0 -1 -1  2],[ 1  0  1  0  1  1  0 -1  2],[ 1  0  0  0  0  1  1  0  1],[-2 -2  0  0  0 -2 -2 -1  0]]","[[ 0  2  2  0  0 -1 -1 -1 -1],[-2  0  0  0  0 -1 -2 -2 -2],[-2  0  0 -1 -2  0 -1 -2 -2],[ 0  0  1  0  0  0  0  0  0],[ 0  0  2  0  0  0 -1  0 -1],[ 1  1  0  0  0  0  1  0  1],[ 1  2  1  0  1 -1  0  0  1],[ 1  2  2  0  0  0  0  0  0],[ 1  2  2  0  1 -1 -1  0  0]]",True,"[-2,-2,0,0,1,1,1,1,0,0,0,1,2,2,2,1,2,0,1,2,2,0,0,0,0,0,0,1,0,1,-1,0,-1,0,-1,0]","[-2,-2,0,0,1,1,1,1,0,0,0,1,2,2,2,1,2,0,1,2,2,0,0,0,0,0,0,1,0,1,-1,0,-1,0,-1,0]",t^8+32t^6+140t^4+36t^2,"[-1,-1,-1,-1,0,0,2,2,-1,-1,0,1,1,2,3,-1,0,0,1,1,2,0,0,1,1,1,1,1,1,1,0,2,0,2,1,0]","[-2,-2,0,0,1,1,1,1,0,0,1,1,1,2,3,2,2,1,1,1,2,0,0,1,0,1,1,1,1,1,0,-1,-1,0,0,-1]","[-1,-1,-1,-1,0,0,2,2,-1,-1,0,0,1,2,2,-1,0,0,1,1,2,0,0,0,0,1,0,0,2,2,0,1,0,2,0,0]",c,"[[{8, 5}, {3, 7}, {1, 6}, {2, 4}], [{8, 7}, {2, 6}, {3, 5}, {1, 4}], [{8, 7}, {4, 6}, {3, 5}, {1, 2}]]",1,- 8 K_1^4 + 12 K_1^3 + 8 K_1^2 K_2 - 4 K_1^2 - 12 K_1 K_2 - 3 K_1 - 2 K_2^2 + 2 K_2 + 3 K_3 + 5,O1O2O3O4U5U4U6O5O6U3O7U1U2O8U7U8,O1O2O3U2U4U5U6O7O8U7O5O6U8O4U1U3,O1O2O3U1U3O4U5O6O7U8O5O8U6U7U4U2,c,{'O1O2O3O4U5U6O5U3U4O6U2O7O8U7U1U8'},1,"<a href=""/flatknot/8.857613"">8.857613</a>",t^9-28t^7-42t^6+94t^5+170t^4+t^3-48t^2+12t+2,-2t^2+4t,,
8.857614,O1O2O3O4U5U6O5U3U4O6U7O8O7U1U2U8,4,8z^3+49z^2+106z+81,8w^4z^3+49w^3z^2+106w^2z+81w,False,False,"[[ 0 -2  0  0  2 -1 -1  1  1],[ 2  0  1  0  2  1  1  2  1],[ 0 -1  0  0  2 -1 -1  0  0],[ 0  0  0  0  1  0  0  0  0],[-2 -2 -2 -1  0 -2 -1 -2  0],[ 1 -1  1  0  2  0 -1  2  1],[ 1 -1  1  0  1  1  0  2  1],[-1 -2  0  0  2 -2 -2  0  1],[-1 -1  0  0  0 -1 -1 -1  0]]","[[ 0  2  1  1  0  0 -1 -1 -2],[-2  0  0 -2 -1 -2 -1 -2 -2],[-1  0  0 -1  0  0 -1 -1 -1],[-1  2  1  0  0  0 -2 -2 -2],[ 0  1  0  0  0  0  0  0  0],[ 0  2  0  0  0  0 -1 -1 -1],[ 1  1  1  2  0  1  0  1 -1],[ 1  2  1  2  0  1 -1  0 -1],[ 2  2  1  2  0  1  1  1  0]]",True,"[-2,-1,-1,0,0,1,1,2,0,2,1,2,1,2,2,1,0,0,1,1,1,0,0,2,2,2,0,0,0,0,1,1,1,-1,1,1]","[-2,-1,-1,0,0,1,1,2,-1,1,0,1,1,2,2,1,1,1,0,0,1,1,1,1,1,2,0,0,0,1,1,1,2,-1,0,0]",t^8+40t^6+108t^4+36t^2+1,"[-2,-1,-1,0,0,1,1,2,0,0,1,2,1,2,2,-1,0,1,0,1,2,0,1,0,1,1,0,1,1,0,1,1,1,-1,-1,1]","[-2,-1,-1,0,0,1,1,2,-1,1,0,1,1,2,2,1,1,1,0,0,1,1,1,1,1,2,0,0,0,1,1,1,2,-1,0,0]","[-2,-1,-1,0,0,1,1,2,1,1,0,1,1,2,2,-1,0,1,1,2,2,0,1,1,2,1,0,0,0,1,0,0,2,-1,0,2]",c,"[[{8, 2}, {1, 7}, {4, 6}, {3, 5}], [{8, 6}, {5, 7}, {1, 4}, {2, 3}]]",1,12 K_1^3 + 4 K_1^2 K_2 - 16 K_1^2 - 12 K_1 K_2 - 4 K_1 K_3 - 3 K_1 + 8 K_2 + 3 K_3 + K_4 + 8,O1O2O3O4U5U3U4O6O5U6O7U1U2O8U7U8,O1O2O3U1U2U4U5O6O7U6O4O5U7O8U3U8,O1O2O3U4U1O4U5O6O7U8O5O8U6U7U2U3,c,{'O1O2O3O4U5U6O5U3U4O6U7O8O7U1U2U8'},1,"<a href=""/flatknot/8.857614"">8.857614</a>",t^9-40t^7-126t^6-70t^5+136t^4+159t^3+46t^2+13t+8,0,,
8.857615,O1O2O3O4U5U6O5U3U4O6U7O8O7U1U8U2,4,5z^3+41z^2+111z+99,5w^4z^3+41w^3z^2+111w^2z+99w,False,False,"[[ 0 -2  1  0  2 -1 -1  1  0],[ 2  0  2  0  2  1  1  2  0],[-1 -2  0  0  2 -2 -2  0 -1],[ 0  0  0  0  1  0  0  0  0],[-2 -2 -2 -1  0 -2 -1 -2  0],[ 1 -1  2  0  2  0 -1  2  0],[ 1 -1  2  0  1  1  0  2  0],[-1 -2  0  0  2 -2 -2  0  0],[ 0  0  1  0  0  0  0  0  0]]","[[ 0  2  1  1  0  0 -1 -1 -2],[-2  0 -2 -2  0 -1 -1 -2 -2],[-1  2  0  0  0  0 -2 -2 -2],[-1  2  0  0 -1  0 -2 -2 -2],[ 0  0  0  1  0  0  0  0  0],[ 0  1  0  0  0  0  0  0  0],[ 1  1  2  2  0  0  0  1 -1],[ 1  2  2  2  0  0 -1  0 -1],[ 2  2  2  2  0  0  1  1  0]]",True,"[-2,-1,-1,0,0,1,1,2,2,2,0,1,1,2,2,0,0,0,2,2,2,1,0,2,2,2,0,0,0,0,0,0,0,-1,1,1]","[-2,-1,-1,0,0,1,1,2,-1,-1,1,2,1,2,2,0,1,0,0,0,1,1,1,0,0,1,0,1,1,2,1,1,2,-1,0,0]",t^8+46t^6+113t^4+56t^2+4,"[-2,-1,-1,0,0,1,1,2,0,0,2,2,1,1,2,-1,1,1,0,0,2,1,1,0,0,1,0,0,1,2,1,1,1,0,-1,-1]","[-2,-1,-1,0,0,1,1,2,-1,-1,1,2,1,2,2,0,1,0,0,0,1,1,1,0,0,1,0,1,1,2,1,1,2,-1,0,0]","[-2,-1,-1,0,0,1,1,2,1,1,0,0,2,2,2,-1,0,0,2,2,2,0,0,2,2,1,0,0,0,1,0,1,0,0,2,2]",c,"[[{8, 1}, {2, 7}, {3, 6}, {4, 5}], [{8, 1}, {2, 7}, {4, 6}, {3, 5}], [{8, 1}, {2, 7}, {5, 6}, {3, 4}], [{8, 1}, {2, 7}, {6}, {3, 5}, {4}], [{8, 1}, {3, 7}, {2, 6}, {4, 5}], [{8, 1}, {3, 7}, {4, 6}, {2, 5}], [{8, 1}, {3, 7}, {5, 6}, {2, 4}], [{8, 1}, {3, 7}, {6}, {4, 5}, {2}], [{8, 1}, {4, 7}, {2, 6}, {3, 5}], [{8, 1}, {4, 7}, {3, 6}, {2, 5}], [{8, 1}, {4, 7}, {5, 6}, {2, 3}], [{8, 1}, {4, 7}, {5, 6}, {3}, {2}], [{8, 1}, {5, 7}, {2, 6}, {3, 4}], [{8, 1}, {5, 7}, {3, 6}, {2, 4}], [{8, 1}, {5, 7}, {3, 6}, {4}, {2}], [{8, 1}, {5, 7}, {4, 6}, {2, 3}], [{8, 1}, {6, 7}, {2, 5}, {3, 4}], [{8, 1}, {6, 7}, {3, 5}, {2, 4}], [{8, 1}, {6, 7}, {4, 5}, {2, 3}], [{8, 1}, {6, 7}, {5}, {3, 4}, {2}], [{8, 1}, {7}, {2, 6}, {4, 5}, {3}], [{8, 1}, {7}, {4, 6}, {2, 5}, {3}], [{8, 1}, {7}, {4, 6}, {3, 5}, {2}], [{8, 1}, {7}, {4, 6}, {5}, {2, 3}], [{8, 2}, {1, 7}, {3, 6}, {4, 5}], [{8, 2}, {1, 7}, {4, 6}, {3, 5}], [{8, 2}, {1, 7}, {5, 6}, {3, 4}], [{8, 2}, {1, 7}, {6}, {3, 5}, {4}], [{8, 2}, {3, 7}, {1, 6}, {4, 5}], [{8, 2}, {3, 7}, {1, 6}, {5}, {4}], [{8, 2}, {3, 7}, {4, 6}, {1, 5}], [{8, 2}, {3, 7}, {5, 6}, {1, 4}], [{8, 2}, {4, 7}, {1, 6}, {3, 5}], [{8, 2}, {4, 7}, {1, 6}, {5}, {3}], [{8, 2}, {4, 7}, {3, 6}, {1, 5}], [{8, 2}, {4, 7}, {5, 6}, {1, 3}], [{8, 2}, {4, 7}, {6}, {3, 5}, {1}], [{8, 2}, {5, 7}, {1, 6}, {3, 4}], [{8, 2}, {5, 7}, {1, 6}, {4}, {3}], [{8, 2}, {5, 7}, {3, 6}, {1, 4}], [{8, 2}, {5, 7}, {4, 6}, {1, 3}], [{8, 2}, {6, 7}, {1, 5}, {3, 4}], [{8, 2}, {6, 7}, {3, 5}, {1, 4}], [{8, 2}, {6, 7}, {3, 5}, {4}, {1}], [{8, 2}, {6, 7}, {4, 5}, {1, 3}], [{8, 2}, {7}, {1, 6}, {3, 5}, {4}], [{8, 2}, {7}, {1, 6}, {4, 5}, {3}], [{8, 2}, {7}, {1, 6}, {5}, {3, 4}], [{8, 2}, {7}, {1, 6}, {5}, {4}, {3}], [{8, 2}, {7}, {3, 6}, {1, 5}, {4}], [{8, 2}, {7}, {3, 6}, {4, 5}, {1}], [{8, 2}, {7}, {3, 6}, {5}, {1, 4}], [{8, 2}, {7}, {4, 6}, {1, 5}, {3}], [{8, 2}, {7}, {4, 6}, {3, 5}, {1}], [{8, 2}, {7}, {4, 6}, {5}, {1, 3}], [{8, 2}, {7}, {5, 6}, {1, 4}, {3}], [{8, 2}, {7}, {5, 6}, {3, 4}, {1}], [{8, 2}, {7}, {5, 6}, {4}, {1, 3}], [{8, 2}, {7}, {6}, {1, 5}, {3, 4}], [{8, 2}, {7}, {6}, {3, 5}, {1, 4}], [{8, 2}, {7}, {6}, {3, 5}, {4}, {1}], [{8, 2}, {7}, {6}, {4, 5}, {1, 3}], [{8, 3}, {1, 7}, {2, 6}, {4, 5}], [{8, 3}, {1, 7}, {2, 6}, {5}, {4}], [{8, 3}, {1, 7}, {4, 6}, {2, 5}], [{8, 3}, {1, 7}, {5, 6}, {2, 4}], [{8, 3}, {2, 7}, {1, 6}, {4, 5}], [{8, 3}, {2, 7}, {4, 6}, {1, 5}], [{8, 3}, {2, 7}, {5, 6}, {1, 4}], [{8, 3}, {4, 7}, {1, 6}, {2, 5}], [{8, 3}, {4, 7}, {2, 6}, {1, 5}], [{8, 3}, {4, 7}, {5, 6}, {1, 2}], [{8, 3}, {5, 7}, {1, 6}, {2, 4}], [{8, 3}, {5, 7}, {1, 6}, {4}, {2}], [{8, 3}, {5, 7}, {2, 6}, {1, 4}], [{8, 3}, {5, 7}, {4, 6}, {1, 2}], [{8, 3}, {6, 7}, {1, 5}, {2, 4}], [{8, 3}, {6, 7}, {2, 5}, {1, 4}], [{8, 3}, {6, 7}, {4, 5}, {1, 2}], [{8, 3}, {6, 7}, {4, 5}, {2}, {1}], [{8, 3}, {7}, {1, 6}, {5}, {2, 4}], [{8, 3}, {7}, {4, 6}, {1, 5}, {2}], [{8, 4}, {1, 7}, {2, 6}, {3, 5}], [{8, 4}, {1, 7}, {2, 6}, {5}, {3}], [{8, 4}, {1, 7}, {3, 6}, {2, 5}], [{8, 4}, {1, 7}, {5, 6}, {2, 3}], [{8, 4}, {2, 7}, {1, 6}, {3, 5}], [{8, 4}, {2, 7}, {1, 6}, {5}, {3}], [{8, 4}, {2, 7}, {3, 6}, {1, 5}], [{8, 4}, {2, 7}, {5, 6}, {1, 3}], [{8, 4}, {3, 7}, {1, 6}, {2, 5}], [{8, 4}, {3, 7}, {1, 6}, {5}, {2}], [{8, 4}, {3, 7}, {2, 6}, {1, 5}], [{8, 4}, {3, 7}, {5, 6}, {1, 2}], [{8, 4}, {5, 7}, {1, 6}, {2, 3}], [{8, 4}, {5, 7}, {1, 6}, {3}, {2}], [{8, 4}, {5, 7}, {2, 6}, {1, 3}], [{8, 4}, {5, 7}, {3, 6}, {1, 2}], [{8, 4}, {6, 7}, {1, 5}, {2, 3}], [{8, 4}, {6, 7}, {2, 5}, {1, 3}], [{8, 4}, {6, 7}, {3, 5}, {1, 2}], [{8, 4}, {6, 7}, {5}, {3}, {1, 2}], [{8, 4}, {7}, {1, 6}, {2, 5}, {3}], [{8, 4}, {7}, {1, 6}, {3, 5}, {2}], [{8, 4}, {7}, {1, 6}, {5}, {2, 3}], [{8, 4}, {7}, {1, 6}, {5}, {3}, {2}], [{8, 4}, {7}, {5, 6}, {2, 3}, {1}], [{8, 4}, {7}, {6}, {1, 5}, {2, 3}], [{8, 5}, {1, 7}, {2, 6}, {3, 4}], [{8, 5}, {1, 7}, {3, 6}, {2, 4}], [{8, 5}, {1, 7}, {4, 6}, {2, 3}], [{8, 5}, {1, 7}, {6}, {3, 4}, {2}], [{8, 5}, {2, 7}, {1, 6}, {3, 4}], [{8, 5}, {2, 7}, {3, 6}, {1, 4}], [{8, 5}, {2, 7}, {4, 6}, {1, 3}], [{8, 5}, {2, 7}, {6}, {3, 4}, {1}], [{8, 5}, {3, 7}, {1, 6}, {2, 4}], [{8, 5}, {3, 7}, {2, 6}, {1, 4}], [{8, 5}, {3, 7}, {4, 6}, {1, 2}], [{8, 5}, {3, 7}, {6}, {1, 4}, {2}], [{8, 5}, {4, 7}, {1, 6}, {2, 3}], [{8, 5}, {4, 7}, {2, 6}, {1, 3}], [{8, 5}, {4, 7}, {3, 6}, {1, 2}], [{8, 5}, {4, 7}, {6}, {1, 3}, {2}], [{8, 5}, {6, 7}, {1, 4}, {2, 3}], [{8, 5}, {6, 7}, {2, 4}, {1, 3}], [{8, 5}, {6, 7}, {3, 4}, {1, 2}], [{8, 5}, {6, 7}, {4}, {3}, {1, 2}], [{8, 5}, {7}, {1, 6}, {2, 4}, {3}], [{8, 5}, {7}, {2, 6}, {1, 4}, {3}], [{8, 5}, {7}, {4, 6}, {2, 3}, {1}], [{8, 5}, {7}, {6}, {3, 4}, {1, 2}], [{8, 6}, {1, 7}, {2, 5}, {3, 4}], [{8, 6}, {1, 7}, {3, 5}, {2, 4}], [{8, 6}, {1, 7}, {4, 5}, {2, 3}], [{8, 6}, {2, 7}, {1, 5}, {3, 4}], [{8, 6}, {2, 7}, {3, 5}, {1, 4}], [{8, 6}, {2, 7}, {4, 5}, {1, 3}], [{8, 6}, {3, 7}, {1, 5}, {2, 4}], [{8, 6}, {3, 7}, {2, 5}, {1, 4}], [{8, 6}, {3, 7}, {4, 5}, {1, 2}], [{8, 6}, {4, 7}, {1, 5}, {2, 3}], [{8, 6}, {4, 7}, {2, 5}, {1, 3}], [{8, 6}, {4, 7}, {3, 5}, {1, 2}], [{8, 6}, {4, 7}, {5}, {3}, {1, 2}], [{8, 6}, {5, 7}, {1, 4}, {2, 3}], [{8, 6}, {5, 7}, {2, 4}, {1, 3}], [{8, 6}, {5, 7}, {3, 4}, {1, 2}], [{8, 6}, {5, 7}, {4}, {1, 3}, {2}], [{8, 6}, {7}, {1, 5}, {4}, {2, 3}], [{8, 6}, {7}, {4, 5}, {2, 3}, {1}], [{8, 6}, {7}, {5}, {1, 4}, {2, 3}], [{8, 7}, {1, 6}, {2, 5}, {3, 4}], [{8, 7}, {1, 6}, {3, 5}, {2, 4}], [{8, 7}, {1, 6}, {4, 5}, {2, 3}], [{8, 7}, {1, 6}, {5}, {2, 4}, {3}], [{8, 7}, {2, 6}, {1, 5}, {3, 4}], [{8, 7}, {2, 6}, {3, 5}, {1, 4}], [{8, 7}, {2, 6}, {4, 5}, {1, 3}], [{8, 7}, {2, 6}, {5}, {1, 4}, {3}], [{8, 7}, {3, 6}, {1, 5}, {2, 4}], [{8, 7}, {3, 6}, {2, 5}, {1, 4}], [{8, 7}, {3, 6}, {4, 5}, {1, 2}], [{8, 7}, {3, 6}, {5}, {1, 4}, {2}], [{8, 7}, {4, 6}, {1, 5}, {2, 3}], [{8, 7}, {4, 6}, {2, 5}, {1, 3}], [{8, 7}, {4, 6}, {3, 5}, {1, 2}], [{8, 7}, {4, 6}, {3, 5}, {2}, {1}], [{8, 7}, {5, 6}, {1, 4}, {2, 3}], [{8, 7}, {5, 6}, {2, 4}, {1, 3}], [{8, 7}, {5, 6}, {3, 4}, {1, 2}], [{8, 7}, {5, 6}, {4}, {2, 3}, {1}], [{8, 7}, {6}, {3, 5}, {4}, {1, 2}], [{8, 7}, {6}, {5}, {1, 4}, {2, 3}], [{8}, {1, 7}, {2, 6}, {5}, {3, 4}], [{8}, {1, 7}, {3, 6}, {2, 5}, {4}], [{8}, {1, 7}, {4, 6}, {3, 5}, {2}], [{8}, {1, 7}, {5, 6}, {2, 4}, {3}], [{8}, {1, 7}, {6}, {4, 5}, {2, 3}], [{8}, {2, 7}, {3, 6}, {5}, {1, 4}], [{8}, {2, 7}, {4, 6}, {3, 5}, {1}], [{8}, {3, 7}, {1, 6}, {5}, {2, 4}], [{8}, {3, 7}, {4, 6}, {5}, {1, 2}], [{8}, {4, 7}, {2, 6}, {5}, {1, 3}], [{8}, {4, 7}, {5, 6}, {2, 3}, {1}], [{8}, {5, 7}, {1, 6}, {2, 4}, {3}], [{8}, {5, 7}, {1, 6}, {3, 4}, {2}], [{8}, {5, 7}, {1, 6}, {4}, {2, 3}], [{8}, {5, 7}, {2, 6}, {1, 4}, {3}], [{8}, {5, 7}, {4, 6}, {3}, {1, 2}], [{8}, {6, 7}, {1, 5}, {2, 4}, {3}], [{8}, {6, 7}, {2, 5}, {1, 4}, {3}], [{8}, {6, 7}, {2, 5}, {3, 4}, {1}], [{8}, {6, 7}, {2, 5}, {4}, {1, 3}], [{8}, {6, 7}, {3, 5}, {1, 4}, {2}], [{8}, {6, 7}, {4, 5}, {3}, {1, 2}], [{8}, {6, 7}, {5}, {1, 4}, {2, 3}], [{8}, {7}, {1, 6}, {3, 5}, {2, 4}], [{8}, {7}, {1, 6}, {5}, {2, 4}, {3}], [{8}, {7}, {4, 6}, {1, 5}, {2, 3}], [{8}, {7}, {4, 6}, {3, 5}, {1, 2}]]",2,16 K_1^3 + 4 K_1^2 K_2 - 26 K_1^2 - 24 K_1 K_2 - 2 K_1 K_3 - 2 K_2^2 + 12 K_2 + 8 K_3 + K_4 + 14,O1O2O3O4U3U5U4O6O5U6O7U1U2O8U7U8,O1O2O3U1U3U4U5O6O7U6O4O5U7O8U2U8,O1O2O3U4U2O4U5O6O7U8O5O8U6U7U1U3,c,{'O1O2O3O4U5U6O5U3U4O6U7O8O7U1U8U2'},1,"<a href=""/flatknot/8.857615"">8.857615</a>",t^9-46t^7-140t^6-77t^5+104t^4+70t^3-26t^2-8t+6,0,,
8.857616,O1O2O3O4U5U6O5U3U4O6U7O8O7U2U1U8,4,11z^3+57z^2+101z+63,11w^4z^3+57w^3z^2+101w^2z+63w,False,False,"[[ 0 -1 -1  0  2 -1 -1  1  1],[ 1  0  0  0  2  0  0  1  1],[ 1  0  0  0  2  0  0  1  0],[ 0  0  0  0  1  0  0  0  0],[-2 -2 -2 -1  0 -2 -1 -2  0],[ 1  0  0  0  2  0 -1  2  1],[ 1  0  0  0  1  1  0  2  1],[-1 -1 -1  0  2 -2 -2  0  1],[-1 -1  0  0  0 -1 -1 -1  0]]","[[ 0  2  1  1  0 -1 -1 -1 -1],[-2  0  0 -2 -1 -1 -2 -2 -2],[-1  0  0 -1  0 -1  0 -1 -1],[-1  2  1  0  0 -2 -1 -1 -2],[ 0  1  0  0  0  0  0  0  0],[ 1  1  1  2  0  0  0  0  1],[ 1  2  0  1  0  0  0  0  0],[ 1  2  1  1  0  0  0  0  0],[ 1  2  1  2  0 -1  0  0  0]]",True,"[-2,-1,-1,0,1,1,1,1,0,2,1,1,2,2,2,1,0,1,0,1,1,0,2,1,1,2,0,0,0,0,0,0,-1,0,0,0]","[-2,-1,-1,0,1,1,1,1,-1,1,1,1,1,1,2,1,1,0,1,1,0,1,1,1,2,1,1,1,1,1,0,0,-1,0,0,0]",t^8+33t^6+77t^4+29t^2+1,"[-1,-1,-1,-1,0,1,1,2,-1,0,0,1,0,1,2,0,0,1,0,1,1,0,1,1,1,1,1,1,2,1,1,1,1,-1,-1,1]","[-2,-1,-1,0,1,1,1,1,-1,1,1,1,1,1,2,1,1,0,1,1,0,1,1,1,2,1,1,1,1,1,0,0,-1,0,0,0]","[-1,-1,-1,-1,0,1,1,2,-1,0,0,0,1,2,2,0,0,0,1,2,1,0,0,0,1,2,0,1,1,2,0,0,1,-1,0,2]",c,"[[{8, 1}, {2, 7}, {3, 6}, {4, 5}], [{8, 1}, {2, 7}, {4, 6}, {3, 5}], [{8, 1}, {2, 7}, {5, 6}, {3, 4}], [{8, 1}, {2, 7}, {6}, {3, 5}, {4}]]",1,4 K_1^3 - 10 K_1^2 - 4 K_1 K_2 - K_1 + 5 K_2 + K_3 + 6,O1O2O3O4U5U4U3O6O5U6O7U1U2O8U7U8,O1O2O3U2U1U4U5O6O7U6O4O5U7O8U3U8,O1O2O3U4U1O4U5O6O7U8O5O8U6U7U3U2,c,{'O1O2O3O4U5U6O5U3U4O6U7O8O7U2U1U8'},1,"<a href=""/flatknot/8.857616"">8.857616</a>",t^9-31t^7-56t^6+60t^5+102t^4-18t^3-26t^2+10t+2,-t^2+2t,,
8.857617,O1O2O3O4U5U6O5U3U7O6U1O7O8U2U4U8,3,7z^2+76z+125,7w^3z^2+76w^2z+125w,False,False,"[[ 0 -1 -1  0  2 -1 -1  0  2],[ 1  0  0  1  2  0  1  2  2],[ 1  0  0  1  2  0  0  2  2],[ 0 -1 -1  0  0  0  1  1  1],[-2 -2 -2  0  0 -3 -2 -1  1],[ 1  0  0  0  3  0 -1  0  2],[ 1 -1  0 -1  2  1  0  0  2],[ 0 -2 -2 -1  1  0  0  0  2],[-2 -2 -2 -1 -1 -2 -2 -2  0]]","[[ 0  2  2  0  0 -1 -1 -1 -1],[-2  0  1  0 -1 -2 -2 -2 -3],[-2 -1  0 -1 -2 -2 -2 -2 -2],[ 0  0  1  0  1  1 -1 -1  0],[ 0  1  2 -1  0  0 -2 -2  0],[ 1  2  2 -1  0  0  0 -1  1],[ 1  2  2  1  2  0  0  0  0],[ 1  2  2  1  2  1  0  0  0],[ 1  3  2  0  0 -1  0  0  0]]",True,"[-2,-2,0,0,1,1,1,1,-1,0,1,2,2,2,3,1,2,2,2,2,2,-1,-1,1,1,0,0,2,2,0,0,1,-1,0,0,0]","[-2,-2,0,0,1,1,1,1,-1,0,1,1,1,1,1,1,2,0,1,1,1,-1,1,-1,-1,1,1,0,0,2,0,0,-1,0,0,1]",t^8+58t^6+435t^4+125t^2,"[-1,-1,-1,-1,0,0,2,2,-1,0,0,-1,0,1,1,-1,0,1,2,1,1,0,1,1,0,1,-1,0,1,1,1,1,0,2,1,-1]","[-2,-2,0,0,1,1,1,1,-1,0,1,1,1,1,1,1,2,0,1,1,1,-1,1,-1,-1,1,1,0,0,2,0,0,-1,0,0,1]","[-1,-1,-1,-1,0,0,2,2,-1,0,0,0,0,2,3,-1,0,-1,0,2,2,0,1,2,2,2,1,2,2,2,1,1,0,2,1,-1]",c,"[[{8, 3}, {4, 7}, {1, 6}, {2, 5}]]",1,- 28 K_1^2 - 16 K_1 K_2 + 8 K_1 + 14 K_2 + 8 K_3 + 15,O1O2O3O4U5U1U3O5O6U4O7U6U2O8U7U8,O1O2O3U4U1U5U2O6O7U6O5O8U7O4U8U3,O1O2O3U1U4O5U6O4O7U8O6O8U2U7U3U5,c,{'O1O2O3O4U5U6O5U3U7O6U1O7O8U2U4U8'},1,"<a href=""/flatknot/8.857617"">8.857617</a>",t^9-54t^7-146t^6+123t^5+654t^4+473t^3-12t^2-20t,-2t^2+4t,,
8.857618,O1O2O3O4U5U6O5U3U7O6U1O7O8U2U8U4,4,12z^2+81z+115,12w^3z^2+81w^2z+115w,False,False,"[[ 0 -1 -1  0  3 -1 -1  0  1],[ 1  0  0  1  2  0  1  2  1],[ 1  0  0  1  3  0  0  2  1],[ 0 -1 -1  0  0  0  1  1  0],[-3 -2 -3  0  0 -4 -3 -2  0],[ 1  0  0  0  4  0 -1  0  1],[ 1 -1  0 -1  3  1  0  0  1],[ 0 -2 -2 -1  2  0  0  0  1],[-1 -1 -1  0  0 -1 -1 -1  0]]","[[ 0  3  1  0  0 -1 -1 -1 -1],[-3  0  0  0 -2 -2 -3 -3 -4],[-1  0  0  0 -1 -1 -1 -1 -1],[ 0  0  0  0  1 -1  1 -1  0],[ 0  2  1 -1  0 -2  0 -2  0],[ 1  2  1  1  2  0  1  0  0],[ 1  3  1 -1  0 -1  0  0  1],[ 1  3  1  1  2  0  0  0  0],[ 1  4  1  0  0  0 -1  0  0]]",True,"[-3,-1,0,0,1,1,1,1,0,0,2,2,3,3,4,0,1,1,1,1,1,-1,1,-1,1,0,2,0,2,0,-1,0,0,0,-1,0]","[-3,-1,0,0,1,1,1,1,0,0,2,2,3,3,4,0,1,1,1,1,1,-1,1,-1,1,0,2,0,2,0,-1,0,0,0,-1,0]",t^8+61t^6+485t^4+135t^2+9,"[-1,-1,-1,-1,0,0,1,3,-1,0,0,-1,0,1,2,-1,0,1,2,1,1,0,1,1,1,0,-1,0,1,1,1,0,1,1,3,2]","[-3,-1,0,0,1,1,1,1,2,1,3,0,1,1,2,0,1,1,1,1,1,-1,1,-1,1,-1,1,0,2,0,0,-1,0,0,0,-1]","[-1,-1,-1,-1,0,0,1,3,-1,0,0,0,0,1,4,-1,0,-1,0,1,3,0,1,2,1,2,1,2,1,3,1,0,0,1,2,0]",c,"[[{8, 3}, {2, 7}, {1, 6}, {4, 5}], [{8}, {2, 7}, {1, 6}, {4, 5}, {3}]]",1,4 K_1^3 - 36 K_1^2 - 14 K_1 K_2 + 4 K_1 + 18 K_2 + 6 K_3 + 19,O1O2O3O4U1U5U3O5O6U4O7U6U2O8U7U8,O1O2O3U4U1U5U3O6O7U6O5O8U7O4U8U2,O1O2O3U2U4O5U6O4O7U8O6O8U1U7U3U5,c,{'O1O2O3O4U5U6O5U3U7O6U1O7O8U2U8U4'},1,"<a href=""/flatknot/8.857618"">8.857618</a>",t^9-55t^7-102t^6+243t^5+396t^4-61t^3-40t^2-3t-16,-t^3+3t,,
8.857619,O1O2O3O4U5U6O5U3U7O6U1O7O8U4U2U8,4,12z^2+97z+147,12w^3z^2+97w^2z+147w,False,False,"[[ 0 -1  0  0  1 -1 -1  0  2],[ 1  0  1  1  1  0  1  2  2],[ 0 -1  0  0  1 -1 -1  1  2],[ 0 -1  0  0  0  0  1  1  1],[-1 -1 -1  0  0 -2 -1  0  1],[ 1  0  1  0  2  0 -1  0  2],[ 1 -1  1 -1  1  1  0  0  2],[ 0 -2 -1 -1  0  0  0  0  2],[-2 -2 -2 -1 -1 -2 -2 -2  0]]","[[ 0  2  1  0  0  0 -1 -1 -1],[-2  0 -1 -1 -2 -2 -2 -2 -2],[-1  1  0  0  0 -1 -1 -1 -2],[ 0  1  0  0  1  0  1 -1  0],[ 0  2  0 -1  0 -1  0 -2  0],[ 0  2  1  0  1  0 -1 -1 -1],[ 1  2  1 -1  0  1  0 -1  1],[ 1  2  1  1  2  1  1  0  0],[ 1  2  2  0  0  1 -1  0  0]]",True,"[-2,-1,0,0,0,1,1,1,1,1,2,2,2,2,2,0,0,1,1,1,2,-1,0,-1,1,0,1,0,2,0,1,1,1,1,-1,0]","[-2,-1,0,0,0,1,1,1,0,0,0,1,1,1,1,0,1,1,0,1,1,1,0,0,0,0,-1,1,-1,1,1,0,2,0,-1,1]",t^8+42t^6+264t^4+85t^2+4,"[-1,-1,-1,0,0,0,1,2,-1,0,-1,0,0,1,1,-1,1,0,2,1,1,1,0,1,0,1,1,1,1,0,0,0,0,1,1,0]","[-2,-1,0,0,0,1,1,1,0,0,0,1,1,1,1,0,1,1,0,1,1,1,0,0,0,0,-1,1,-1,1,1,0,2,0,-1,1]","[-1,-1,-1,0,0,0,1,2,-1,0,0,0,1,2,2,-1,-1,0,1,1,2,1,2,1,1,2,1,0,0,1,-1,0,2,1,2,1]",c,"[[{8, 1}, {3, 7}, {2, 6}, {4, 5}], [{8, 1}, {3, 7}, {2, 6}, {5}, {4}], [{8, 2}, {3, 7}, {1, 6}, {4, 5}], [{8, 6}, {3, 7}, {4, 5}, {1, 2}]]",1,12 K_1^3 - 30 K_1^2 - 16 K_1 K_2 - K_1 + 15 K_2 + 5 K_3 + 16,O1O2O3O4U5U3U1O5O6U4O7U6U2O8U7U8,O1O2O3U4U2U5U1O6O7U6O5O8U7O4U8U3,O1O2O3U1U4O5U6O4O7U8O6O8U3U7U2U5,c,{'O1O2O3O4U5U6O5U3U7O6U1O7O8U4U2U8'},1,"<a href=""/flatknot/8.857619"">8.857619</a>",t^9-40t^7-124t^6+5t^5+470t^4+610t^3+180t^2-87t-40,-t^2+2t,,
8.857620,O1O2O3O4U5U6O5U3U7O6U1O7O8U4U8U2,4,15z^2+84z+109,15w^3z^2+84w^2z+109w,False,False,"[[ 0 -1  1  0  1 -1 -1  0  1],[ 1  0  1  1  1  0  1  2  1],[-1 -1  0  0  0 -2 -2  0  1],[ 0 -1  0  0  0  0  1  1  1],[-1 -1  0  0  0 -2 -1  0  1],[ 1  0  2  0  2  0 -1  0  1],[ 1 -1  2 -1  1  1  0  0  1],[ 0 -2  0 -1  0  0  0  0  1],[-1 -1 -1 -1 -1 -1 -1 -1  0]]","[[ 0  1  1  1  0  0 -1 -1 -1],[-1  0  1  0  0  0 -1 -1 -2],[-1 -1  0 -1 -1 -1 -1 -1 -1],[-1  0  1  0  0  0 -1 -2 -2],[ 0  0  1  0  0  1 -1  1  0],[ 0  0  1  0 -1  0 -2  0  0],[ 1  1  1  1  1  2  0  1  0],[ 1  1  1  2 -1  0 -1  0  1],[ 1  2  1  2  0  0  0 -1  0]]",True,"[-1,-1,-1,0,0,1,1,1,-1,0,0,0,1,1,2,1,1,1,1,1,1,0,0,1,2,2,-1,1,-1,0,2,0,0,-1,0,-1]","[-1,-1,-1,0,0,1,1,1,-1,-1,0,0,1,1,1,0,1,1,0,0,1,1,1,0,1,1,-1,1,1,-1,1,2,0,-1,0,-1]",t^8+31t^6+194t^4+47t^2+1,"[-1,-1,-1,0,0,1,1,1,-1,0,-1,0,1,1,1,-1,1,2,0,1,1,1,1,0,0,1,1,1,1,0,1,1,0,0,-1,-1]","[-1,-1,-1,0,0,1,1,1,-1,-1,0,0,1,1,1,0,1,1,0,0,1,1,1,0,1,1,-1,1,1,-1,1,2,0,-1,0,-1]","[-1,-1,-1,0,0,1,1,1,-1,0,0,0,1,2,2,-1,-1,0,1,1,2,1,2,1,1,1,1,1,0,0,1,0,0,-1,-1,0]",c,"[[{8, 1}, {2, 7}, {4, 6}, {3, 5}], [{8, 1}, {3, 7}, {4, 6}, {2, 5}], [{8, 1}, {5, 7}, {4, 6}, {2, 3}], [{8, 3}, {4, 7}, {1, 6}, {2, 5}], [{8, 4}, {3, 7}, {1, 6}, {2, 5}], [{8, 6}, {3, 7}, {2, 5}, {1, 4}]]",1,- 12 K_1^2 + 6 K_2 + 7,O1O2O3O4U3U5U1O5O6U4O7U6U2O8U7U8,O1O2O3U4U3U5U1O6O7U6O5O8U7O4U8U2,O1O2O3U2U4O5U6O4O7U8O6O8U3U7U1U5,c,{'O1O2O3O4U5U6O5U3U7O6U1O7O8U4U8U2'},1,"<a href=""/flatknot/8.857620"">8.857620</a>",t^9-31t^7-56t^6+104t^5+300t^4+171t^3-16t^2-5t+8,0,,
8.857621,O1O2O3O4U5U6O5U3U7O6U4O7O8U1U8U2,4,9z^3+57z^2+115z+75,9w^4z^3+57w^3z^2+115w^2z+75w,False,False,"[[ 0 -2  1  0  2 -1 -1  0  1],[ 2  0  2  0  2  1  1  2  1],[-1 -2  0  0  2 -2 -2 -1  0],[ 0  0  0  0  0  0  1  0  0],[-2 -2 -2  0  0 -3 -1 -1  0],[ 1 -1  2  0  3  0 -1  0  1],[ 1 -1  2 -1  1  1  0  0  1],[ 0 -2  1  0  1  0  0  0  1],[-1 -1  0  0  0 -1 -1 -1  0]]","[[ 0  2  1  1  0  0 -1 -1 -2],[-2  0  0 -2  0 -1 -1 -3 -2],[-1  0  0  0  0 -1 -1 -1 -1],[-1  2  0  0  0 -1 -2 -2 -2],[ 0  0  0  0  0  0  1  0  0],[ 0  1  1  1  0  0  0  0 -2],[ 1  1  1  2 -1  0  0  1 -1],[ 1  3  1  2  0  0 -1  0 -1],[ 2  2  1  2  0  2  1  1  0]]",True,"[-2,-1,-1,0,0,1,1,2,0,2,0,1,1,3,2,0,0,1,1,1,1,0,1,2,2,2,0,-1,0,0,0,0,2,-1,1,1]","[-2,-1,-1,0,0,1,1,2,-1,1,1,2,0,2,2,0,0,1,0,0,1,0,1,1,1,2,0,1,1,0,1,2,2,-1,0,0]",t^8+44t^6+177t^4+92t^2+9,"[-2,-1,-1,0,0,1,1,2,0,0,0,2,1,2,2,-1,1,2,0,1,2,1,1,0,1,0,0,0,0,1,1,1,2,0,-1,1]","[-2,-1,-1,0,0,1,1,2,-1,1,1,2,0,2,2,0,0,1,0,0,1,0,1,1,1,2,0,1,1,0,1,2,2,-1,0,0]","[-2,-1,-1,0,0,1,1,2,1,1,0,2,1,2,2,-1,0,0,1,2,3,-1,0,1,2,1,0,0,0,0,1,1,1,0,0,2]",c,"[[{8, 1}, {2, 7}, {3, 6}, {4, 5}], [{8, 1}, {2, 7}, {4, 6}, {3, 5}], [{8, 1}, {2, 7}, {5, 6}, {3, 4}], [{8, 1}, {2, 7}, {6}, {4, 5}, {3}], [{8, 1}, {3, 7}, {2, 6}, {4, 5}], [{8, 1}, {3, 7}, {4, 6}, {2, 5}], [{8, 1}, {3, 7}, {4, 6}, {5}, {2}], [{8, 1}, {3, 7}, {5, 6}, {2, 4}], [{8, 1}, {3, 7}, {5, 6}, {4}, {2}], [{8, 1}, {3, 7}, {6}, {4, 5}, {2}], [{8, 1}, {4, 7}, {2, 6}, {3, 5}], [{8, 1}, {4, 7}, {2, 6}, {5}, {3}], [{8, 1}, {4, 7}, {3, 6}, {2, 5}], [{8, 1}, {4, 7}, {3, 6}, {5}, {2}], [{8, 1}, {4, 7}, {5, 6}, {2, 3}], [{8, 1}, {4, 7}, {5, 6}, {3}, {2}], [{8, 1}, {4, 7}, {6}, {2, 5}, {3}], [{8, 1}, {4, 7}, {6}, {3, 5}, {2}], [{8, 1}, {4, 7}, {6}, {5}, {2, 3}], [{8, 1}, {4, 7}, {6}, {5}, {3}, {2}], [{8, 1}, {5, 7}, {2, 6}, {3, 4}], [{8, 1}, {5, 7}, {2, 6}, {4}, {3}], [{8, 1}, {5, 7}, {3, 6}, {2, 4}], [{8, 1}, {5, 7}, {3, 6}, {4}, {2}], [{8, 1}, {5, 7}, {4, 6}, {2, 3}], [{8, 1}, {5, 7}, {4, 6}, {3}, {2}], [{8, 1}, {5, 7}, {6}, {2, 4}, {3}], [{8, 1}, {5, 7}, {6}, {3, 4}, {2}], [{8, 1}, {5, 7}, {6}, {4}, {2, 3}], [{8, 1}, {5, 7}, {6}, {4}, {3}, {2}], [{8, 1}, {6, 7}, {2, 5}, {3, 4}], [{8, 1}, {6, 7}, {3, 5}, {2, 4}], [{8, 1}, {6, 7}, {3, 5}, {4}, {2}], [{8, 1}, {6, 7}, {4, 5}, {2, 3}], [{8, 1}, {6, 7}, {4, 5}, {3}, {2}], [{8, 1}, {6, 7}, {5}, {3, 4}, {2}], [{8, 1}, {7}, {2, 6}, {4, 5}, {3}], [{8, 1}, {7}, {3, 6}, {4, 5}, {2}], [{8, 1}, {7}, {4, 6}, {3, 5}, {2}], [{8, 1}, {7}, {5, 6}, {3, 4}, {2}], [{8, 1}, {7}, {6}, {4, 5}, {2, 3}], [{8, 1}, {7}, {6}, {4, 5}, {3}, {2}], [{8, 2}, {1, 7}, {3, 6}, {4, 5}], [{8, 2}, {1, 7}, {4, 6}, {3, 5}], [{8, 2}, {1, 7}, {5, 6}, {3, 4}], [{8, 2}, {1, 7}, {5, 6}, {4}, {3}], [{8, 2}, {3, 7}, {1, 6}, {4, 5}], [{8, 2}, {3, 7}, {4, 6}, {1, 5}], [{8, 2}, {3, 7}, {5, 6}, {1, 4}], [{8, 2}, {4, 7}, {1, 6}, {3, 5}], [{8, 2}, {4, 7}, {1, 6}, {5}, {3}], [{8, 2}, {4, 7}, {3, 6}, {1, 5}], [{8, 2}, {4, 7}, {3, 6}, {5}, {1}], [{8, 2}, {4, 7}, {5, 6}, {1, 3}], [{8, 2}, {4, 7}, {6}, {5}, {1, 3}], [{8, 2}, {5, 7}, {1, 6}, {3, 4}], [{8, 2}, {5, 7}, {1, 6}, {4}, {3}], [{8, 2}, {5, 7}, {3, 6}, {1, 4}], [{8, 2}, {5, 7}, {4, 6}, {1, 3}], [{8, 2}, {6, 7}, {1, 5}, {3, 4}], [{8, 2}, {6, 7}, {3, 5}, {1, 4}], [{8, 2}, {6, 7}, {4, 5}, {1, 3}], [{8, 2}, {6, 7}, {5}, {3, 4}, {1}], [{8, 2}, {7}, {1, 6}, {4, 5}, {3}], [{8, 3}, {1, 7}, {2, 6}, {4, 5}], [{8, 3}, {1, 7}, {4, 6}, {2, 5}], [{8, 3}, {1, 7}, {5, 6}, {2, 4}], [{8, 3}, {2, 7}, {1, 6}, {4, 5}], [{8, 3}, {2, 7}, {4, 6}, {1, 5}], [{8, 3}, {2, 7}, {5, 6}, {1, 4}], [{8, 3}, {2, 7}, {5, 6}, {4}, {1}], [{8, 3}, {4, 7}, {1, 6}, {2, 5}], [{8, 3}, {4, 7}, {1, 6}, {5}, {2}], [{8, 3}, {4, 7}, {2, 6}, {1, 5}], [{8, 3}, {4, 7}, {2, 6}, {5}, {1}], [{8, 3}, {4, 7}, {5, 6}, {1, 2}], [{8, 3}, {4, 7}, {6}, {5}, {1, 2}], [{8, 3}, {5, 7}, {1, 6}, {2, 4}], [{8, 3}, {5, 7}, {2, 6}, {1, 4}], [{8, 3}, {5, 7}, {2, 6}, {4}, {1}], [{8, 3}, {5, 7}, {4, 6}, {1, 2}], [{8, 3}, {6, 7}, {1, 5}, {2, 4}], [{8, 3}, {6, 7}, {2, 5}, {1, 4}], [{8, 3}, {6, 7}, {4, 5}, {1, 2}], [{8, 3}, {7}, {2, 6}, {4, 5}, {1}], [{8, 3}, {7}, {4, 6}, {1, 5}, {2}], [{8, 4}, {1, 7}, {2, 6}, {3, 5}], [{8, 4}, {1, 7}, {2, 6}, {5}, {3}], [{8, 4}, {1, 7}, {3, 6}, {2, 5}], [{8, 4}, {1, 7}, {3, 6}, {5}, {2}], [{8, 4}, {1, 7}, {5, 6}, {2, 3}], [{8, 4}, {1, 7}, {5, 6}, {3}, {2}], [{8, 4}, {1, 7}, {6}, {2, 5}, {3}], [{8, 4}, {1, 7}, {6}, {3, 5}, {2}], [{8, 4}, {1, 7}, {6}, {5}, {2, 3}], [{8, 4}, {1, 7}, {6}, {5}, {3}, {2}], [{8, 4}, {2, 7}, {1, 6}, {3, 5}], [{8, 4}, {2, 7}, {3, 6}, {1, 5}], [{8, 4}, {2, 7}, {5, 6}, {1, 3}], [{8, 4}, {3, 7}, {1, 6}, {2, 5}], [{8, 4}, {3, 7}, {2, 6}, {1, 5}], [{8, 4}, {3, 7}, {5, 6}, {1, 2}], [{8, 4}, {5, 7}, {1, 6}, {2, 3}], [{8, 4}, {5, 7}, {2, 6}, {1, 3}], [{8, 4}, {5, 7}, {2, 6}, {3}, {1}], [{8, 4}, {5, 7}, {3, 6}, {1, 2}], [{8, 4}, {6, 7}, {1, 5}, {2, 3}], [{8, 4}, {6, 7}, {2, 5}, {1, 3}], [{8, 4}, {6, 7}, {3, 5}, {1, 2}], [{8, 4}, {7}, {2, 6}, {1, 5}, {3}], [{8, 5}, {1, 7}, {2, 6}, {3, 4}], [{8, 5}, {1, 7}, {2, 6}, {4}, {3}], [{8, 5}, {1, 7}, {3, 6}, {2, 4}], [{8, 5}, {1, 7}, {4, 6}, {2, 3}], [{8, 5}, {2, 7}, {1, 6}, {3, 4}], [{8, 5}, {2, 7}, {3, 6}, {1, 4}], [{8, 5}, {2, 7}, {4, 6}, {1, 3}], [{8, 5}, {2, 7}, {4, 6}, {3}, {1}], [{8, 5}, {3, 7}, {1, 6}, {2, 4}], [{8, 5}, {3, 7}, {2, 6}, {1, 4}], [{8, 5}, {3, 7}, {4, 6}, {1, 2}], [{8, 5}, {4, 7}, {1, 6}, {2, 3}], [{8, 5}, {4, 7}, {2, 6}, {1, 3}], [{8, 5}, {4, 7}, {2, 6}, {3}, {1}], [{8, 5}, {4, 7}, {3, 6}, {1, 2}], [{8, 5}, {6, 7}, {1, 4}, {2, 3}], [{8, 5}, {6, 7}, {2, 4}, {1, 3}], [{8, 5}, {6, 7}, {3, 4}, {1, 2}], [{8, 5}, {7}, {2, 6}, {1, 4}, {3}], [{8, 6}, {1, 7}, {2, 5}, {3, 4}], [{8, 6}, {1, 7}, {3, 5}, {2, 4}], [{8, 6}, {1, 7}, {3, 5}, {4}, {2}], [{8, 6}, {1, 7}, {4, 5}, {2, 3}], [{8, 6}, {2, 7}, {1, 5}, {3, 4}], [{8, 6}, {2, 7}, {3, 5}, {1, 4}], [{8, 6}, {2, 7}, {4, 5}, {1, 3}], [{8, 6}, {3, 7}, {1, 5}, {2, 4}], [{8, 6}, {3, 7}, {2, 5}, {1, 4}], [{8, 6}, {3, 7}, {4, 5}, {1, 2}], [{8, 6}, {4, 7}, {1, 5}, {2, 3}], [{8, 6}, {4, 7}, {2, 5}, {1, 3}], [{8, 6}, {4, 7}, {3, 5}, {1, 2}], [{8, 6}, {4, 7}, {5}, {1, 3}, {2}], [{8, 6}, {4, 7}, {5}, {2, 3}, {1}], [{8, 6}, {4, 7}, {5}, {3}, {1, 2}], [{8, 6}, {5, 7}, {1, 4}, {2, 3}], [{8, 6}, {5, 7}, {2, 4}, {1, 3}], [{8, 6}, {5, 7}, {3, 4}, {1, 2}], [{8, 6}, {5, 7}, {4}, {3}, {1, 2}], [{8, 6}, {7}, {1, 5}, {2, 4}, {3}], [{8, 6}, {7}, {2, 5}, {1, 4}, {3}], [{8, 6}, {7}, {4, 5}, {3}, {1, 2}], [{8, 7}, {1, 6}, {2, 5}, {3, 4}], [{8, 7}, {1, 6}, {3, 5}, {2, 4}], [{8, 7}, {1, 6}, {4, 5}, {2, 3}], [{8, 7}, {2, 6}, {1, 5}, {3, 4}], [{8, 7}, {2, 6}, {1, 5}, {4}, {3}], [{8, 7}, {2, 6}, {3, 5}, {1, 4}], [{8, 7}, {2, 6}, {4, 5}, {1, 3}], [{8, 7}, {2, 6}, {4, 5}, {3}, {1}], [{8, 7}, {2, 6}, {5}, {1, 4}, {3}], [{8, 7}, {3, 6}, {1, 5}, {2, 4}], [{8, 7}, {3, 6}, {2, 5}, {1, 4}], [{8, 7}, {3, 6}, {4, 5}, {1, 2}], [{8, 7}, {4, 6}, {1, 5}, {2, 3}], [{8, 7}, {4, 6}, {2, 5}, {1, 3}], [{8, 7}, {4, 6}, {3, 5}, {1, 2}], [{8, 7}, {4, 6}, {3, 5}, {2}, {1}], [{8, 7}, {4, 6}, {5}, {3}, {1, 2}], [{8, 7}, {5, 6}, {1, 4}, {2, 3}], [{8, 7}, {5, 6}, {2, 4}, {1, 3}], [{8, 7}, {5, 6}, {3, 4}, {1, 2}], [{8, 7}, {6}, {3, 5}, {4}, {1, 2}], [{8}, {1, 7}, {2, 6}, {4, 5}, {3}], [{8}, {1, 7}, {4, 6}, {3, 5}, {2}], [{8}, {1, 7}, {5, 6}, {2, 4}, {3}], [{8}, {2, 7}, {1, 6}, {5}, {3, 4}], [{8}, {2, 7}, {3, 6}, {1, 5}, {4}], [{8}, {2, 7}, {3, 6}, {4, 5}, {1}], [{8}, {2, 7}, {3, 6}, {5}, {1, 4}], [{8}, {2, 7}, {4, 6}, {5}, {1, 3}], [{8}, {2, 7}, {5, 6}, {1, 4}, {3}], [{8}, {2, 7}, {6}, {3, 5}, {1, 4}], [{8}, {3, 7}, {2, 6}, {4, 5}, {1}], [{8}, {4, 7}, {1, 6}, {5}, {2, 3}], [{8}, {4, 7}, {2, 6}, {1, 5}, {3}], [{8}, {4, 7}, {2, 6}, {3, 5}, {1}], [{8}, {4, 7}, {2, 6}, {5}, {1, 3}], [{8}, {4, 7}, {2, 6}, {5}, {3}, {1}], [{8}, {4, 7}, {3, 6}, {5}, {1, 2}], [{8}, {5, 7}, {2, 6}, {1, 4}, {3}], [{8}, {5, 7}, {2, 6}, {3, 4}, {1}], [{8}, {5, 7}, {2, 6}, {4}, {1, 3}], [{8}, {5, 7}, {2, 6}, {4}, {3}, {1}], [{8}, {5, 7}, {3, 6}, {2, 4}, {1}], [{8}, {5, 7}, {4, 6}, {2, 3}, {1}], [{8}, {6, 7}, {1, 5}, {4}, {2, 3}], [{8}, {6, 7}, {4, 5}, {2, 3}, {1}], [{8}, {6, 7}, {5}, {1, 4}, {2, 3}], [{8}, {6, 7}, {5}, {3, 4}, {1, 2}], [{8}, {7}, {2, 6}, {4, 5}, {1, 3}], [{8}, {7}, {2, 6}, {4, 5}, {3}, {1}]]",2,12 K_1^3 + 4 K_1^2 K_2 - 8 K_1^2 - 12 K_1 K_2 - 4 K_1 K_3 - 3 K_1 + 4 K_2 + 3 K_3 + K_4 + 4,O1O2O3O4U3U5U4O5O6U1O7U6U2O8U7U8,O1O2O3U1U3U4U5O6O7U6O4O8U7O5U8U2,O1O2O3U2U4O5U6O4O7U8O6O8U5U7U1U3,c,{'O1O2O3O4U5U6O5U3U7O6U4O7O8U1U8U2'},1,"<a href=""/flatknot/8.857621"">8.857621</a>",t^9-44t^7-128t^6+29t^5+300t^4-16t^3-118t^2+21t-18,0,,
8.857622,O1O2O3O4U5U6O5U3U7O6U4O7O8U2U1U8,4,9z^3+57z^2+115z+75,9w^4z^3+57w^3z^2+115w^2z+75w,False,False,"[[ 0 -1 -1  0  2 -1 -1  0  2],[ 1  0  0  0  2  0  0  1  2],[ 1  0  0  0  2  0  0  1  1],[ 0  0  0  0  0  0  1  0  0],[-2 -2 -2  0  0 -3 -1 -1  0],[ 1  0  0  0  3  0 -1  0  2],[ 1  0  0 -1  1  1  0  0  2],[ 0 -1 -1  0  1  0  0  0  2],[-2 -2 -1  0  0 -2 -2 -2  0]]","[[ 0  2  2  0  0 -1 -1 -1 -1],[-2  0  0  0 -1 -1 -2 -2 -3],[-2  0  0  0 -2 -2 -1 -2 -2],[ 0  0  0  0  0  1  0  0  0],[ 0  1  2  0  0  0 -1 -1  0],[ 1  1  2 -1  0  0  0  0  1],[ 1  2  1  0  1  0  0  0  0],[ 1  2  2  0  1  0  0  0  0],[ 1  3  2  0  0 -1  0  0  0]]",True,"[-2,-2,0,0,1,1,1,1,0,0,1,1,2,2,3,0,2,2,1,2,2,0,-1,0,0,0,0,1,1,0,0,0,-1,0,0,0]","[-2,-2,0,0,1,1,1,1,0,0,1,1,2,2,3,0,2,2,1,2,2,0,-1,0,0,0,0,1,1,0,0,0,-1,0,0,0]",t^8+40t^6+157t^4+85t^2+9,"[-1,-1,-1,-1,0,0,2,2,-1,0,0,1,2,1,2,0,0,1,1,1,0,0,0,1,1,1,0,1,2,1,0,0,1,2,2,0]","[-2,-2,0,0,1,1,1,1,0,0,2,1,1,1,2,1,2,0,1,2,1,0,1,0,1,0,1,1,2,1,0,-1,0,0,0,0]","[-1,-1,-1,-1,0,0,2,2,-1,0,0,0,0,2,3,0,0,-1,0,2,1,0,0,1,1,2,0,1,2,2,0,0,0,2,1,0]",c,"[[{8, 1}, {2, 7}, {3, 6}, {4, 5}], [{8, 1}, {2, 7}, {4, 6}, {3, 5}], [{8, 1}, {2, 7}, {4, 6}, {5}, {3}], [{8, 1}, {2, 7}, {5, 6}, {3, 4}], [{8, 1}, {2, 7}, {6}, {3, 5}, {4}], [{8, 1}, {3, 7}, {2, 6}, {4, 5}], [{8, 1}, {3, 7}, {4, 6}, {2, 5}], [{8, 1}, {3, 7}, {5, 6}, {2, 4}], [{8, 1}, {4, 7}, {2, 6}, {3, 5}], [{8, 1}, {4, 7}, {2, 6}, {5}, {3}], [{8, 1}, {4, 7}, {3, 6}, {2, 5}], [{8, 1}, {4, 7}, {3, 6}, {5}, {2}], [{8, 1}, {4, 7}, {5, 6}, {2, 3}], [{8, 1}, {4, 7}, {6}, {5}, {2, 3}], [{8, 1}, {5, 7}, {2, 6}, {3, 4}], [{8, 1}, {5, 7}, {2, 6}, {4}, {3}], [{8, 1}, {5, 7}, {3, 6}, {2, 4}], [{8, 1}, {5, 7}, {4, 6}, {2, 3}], [{8, 1}, {6, 7}, {2, 5}, {3, 4}], [{8, 1}, {6, 7}, {3, 5}, {2, 4}], [{8, 1}, {6, 7}, {4, 5}, {2, 3}], [{8, 1}, {6, 7}, {5}, {3, 4}, {2}], [{8, 1}, {7}, {2, 6}, {4, 5}, {3}], [{8, 2}, {1, 7}, {3, 6}, {4, 5}], [{8, 2}, {1, 7}, {4, 6}, {3, 5}], [{8, 2}, {1, 7}, {5, 6}, {3, 4}], [{8, 2}, {1, 7}, {6}, {4, 5}, {3}], [{8, 2}, {3, 7}, {1, 6}, {4, 5}], [{8, 2}, {3, 7}, {4, 6}, {1, 5}], [{8, 2}, {3, 7}, {4, 6}, {5}, {1}], [{8, 2}, {3, 7}, {5, 6}, {1, 4}], [{8, 2}, {3, 7}, {5, 6}, {4}, {1}], [{8, 2}, {3, 7}, {6}, {4, 5}, {1}], [{8, 2}, {4, 7}, {1, 6}, {3, 5}], [{8, 2}, {4, 7}, {1, 6}, {5}, {3}], [{8, 2}, {4, 7}, {3, 6}, {1, 5}], [{8, 2}, {4, 7}, {3, 6}, {5}, {1}], [{8, 2}, {4, 7}, {5, 6}, {1, 3}], [{8, 2}, {4, 7}, {5, 6}, {3}, {1}], [{8, 2}, {4, 7}, {6}, {1, 5}, {3}], [{8, 2}, {4, 7}, {6}, {3, 5}, {1}], [{8, 2}, {4, 7}, {6}, {5}, {1, 3}], [{8, 2}, {4, 7}, {6}, {5}, {3}, {1}], [{8, 2}, {5, 7}, {1, 6}, {3, 4}], [{8, 2}, {5, 7}, {1, 6}, {4}, {3}], [{8, 2}, {5, 7}, {3, 6}, {1, 4}], [{8, 2}, {5, 7}, {3, 6}, {4}, {1}], [{8, 2}, {5, 7}, {4, 6}, {1, 3}], [{8, 2}, {5, 7}, {4, 6}, {3}, {1}], [{8, 2}, {5, 7}, {6}, {1, 4}, {3}], [{8, 2}, {5, 7}, {6}, {3, 4}, {1}], [{8, 2}, {5, 7}, {6}, {4}, {1, 3}], [{8, 2}, {5, 7}, {6}, {4}, {3}, {1}], [{8, 2}, {6, 7}, {1, 5}, {3, 4}], [{8, 2}, {6, 7}, {3, 5}, {1, 4}], [{8, 2}, {6, 7}, {3, 5}, {4}, {1}], [{8, 2}, {6, 7}, {4, 5}, {1, 3}], [{8, 2}, {6, 7}, {4, 5}, {3}, {1}], [{8, 2}, {6, 7}, {5}, {3, 4}, {1}], [{8, 2}, {7}, {1, 6}, {4, 5}, {3}], [{8, 2}, {7}, {3, 6}, {4, 5}, {1}], [{8, 2}, {7}, {4, 6}, {3, 5}, {1}], [{8, 2}, {7}, {5, 6}, {3, 4}, {1}], [{8, 2}, {7}, {6}, {4, 5}, {1, 3}], [{8, 2}, {7}, {6}, {4, 5}, {3}, {1}], [{8, 3}, {1, 7}, {2, 6}, {4, 5}], [{8, 3}, {1, 7}, {4, 6}, {2, 5}], [{8, 3}, {1, 7}, {5, 6}, {2, 4}], [{8, 3}, {2, 7}, {1, 6}, {4, 5}], [{8, 3}, {2, 7}, {4, 6}, {1, 5}], [{8, 3}, {2, 7}, {5, 6}, {1, 4}], [{8, 3}, {2, 7}, {6}, {4, 5}, {1}], [{8, 3}, {4, 7}, {1, 6}, {2, 5}], [{8, 3}, {4, 7}, {1, 6}, {5}, {2}], [{8, 3}, {4, 7}, {2, 6}, {1, 5}], [{8, 3}, {4, 7}, {2, 6}, {5}, {1}], [{8, 3}, {4, 7}, {5, 6}, {1, 2}], [{8, 3}, {4, 7}, {6}, {5}, {1, 2}], [{8, 3}, {5, 7}, {1, 6}, {2, 4}], [{8, 3}, {5, 7}, {2, 6}, {1, 4}], [{8, 3}, {5, 7}, {2, 6}, {4}, {1}], [{8, 3}, {5, 7}, {4, 6}, {1, 2}], [{8, 3}, {5, 7}, {4, 6}, {2}, {1}], [{8, 3}, {5, 7}, {6}, {2, 4}, {1}], [{8, 3}, {6, 7}, {1, 5}, {2, 4}], [{8, 3}, {6, 7}, {1, 5}, {4}, {2}], [{8, 3}, {6, 7}, {2, 5}, {1, 4}], [{8, 3}, {6, 7}, {4, 5}, {1, 2}], [{8, 3}, {6, 7}, {4, 5}, {2}, {1}], [{8, 3}, {6, 7}, {5}, {1, 4}, {2}], [{8, 3}, {7}, {2, 6}, {4, 5}, {1}], [{8, 4}, {1, 7}, {2, 6}, {3, 5}], [{8, 4}, {1, 7}, {3, 6}, {2, 5}], [{8, 4}, {1, 7}, {5, 6}, {2, 3}], [{8, 4}, {1, 7}, {5, 6}, {3}, {2}], [{8, 4}, {2, 7}, {1, 6}, {3, 5}], [{8, 4}, {2, 7}, {3, 6}, {1, 5}], [{8, 4}, {2, 7}, {3, 6}, {5}, {1}], [{8, 4}, {2, 7}, {5, 6}, {1, 3}], [{8, 4}, {3, 7}, {1, 6}, {2, 5}], [{8, 4}, {3, 7}, {2, 6}, {1, 5}], [{8, 4}, {3, 7}, {5, 6}, {1, 2}], [{8, 4}, {3, 7}, {6}, {2, 5}, {1}], [{8, 4}, {5, 7}, {1, 6}, {2, 3}], [{8, 4}, {5, 7}, {2, 6}, {1, 3}], [{8, 4}, {5, 7}, {2, 6}, {3}, {1}], [{8, 4}, {5, 7}, {3, 6}, {1, 2}], [{8, 4}, {5, 7}, {3, 6}, {2}, {1}], [{8, 4}, {5, 7}, {6}, {2, 3}, {1}], [{8, 4}, {6, 7}, {1, 5}, {2, 3}], [{8, 4}, {6, 7}, {2, 5}, {1, 3}], [{8, 4}, {6, 7}, {2, 5}, {3}, {1}], [{8, 4}, {6, 7}, {3, 5}, {1, 2}], [{8, 4}, {7}, {3, 6}, {2, 5}, {1}], [{8, 5}, {1, 7}, {2, 6}, {3, 4}], [{8, 5}, {1, 7}, {3, 6}, {2, 4}], [{8, 5}, {1, 7}, {4, 6}, {2, 3}], [{8, 5}, {1, 7}, {6}, {2, 4}, {3}], [{8, 5}, {2, 7}, {1, 6}, {3, 4}], [{8, 5}, {2, 7}, {1, 6}, {4}, {3}], [{8, 5}, {2, 7}, {3, 6}, {1, 4}], [{8, 5}, {2, 7}, {3, 6}, {4}, {1}], [{8, 5}, {2, 7}, {4, 6}, {1, 3}], [{8, 5}, {2, 7}, {4, 6}, {3}, {1}], [{8, 5}, {2, 7}, {6}, {1, 4}, {3}], [{8, 5}, {2, 7}, {6}, {3, 4}, {1}], [{8, 5}, {2, 7}, {6}, {4}, {1, 3}], [{8, 5}, {3, 7}, {1, 6}, {2, 4}], [{8, 5}, {3, 7}, {2, 6}, {1, 4}], [{8, 5}, {3, 7}, {4, 6}, {1, 2}], [{8, 5}, {4, 7}, {1, 6}, {2, 3}], [{8, 5}, {4, 7}, {2, 6}, {1, 3}], [{8, 5}, {4, 7}, {2, 6}, {3}, {1}], [{8, 5}, {4, 7}, {3, 6}, {1, 2}], [{8, 5}, {6, 7}, {1, 4}, {2, 3}], [{8, 5}, {6, 7}, {2, 4}, {1, 3}], [{8, 5}, {6, 7}, {3, 4}, {1, 2}], [{8, 6}, {1, 7}, {2, 5}, {3, 4}], [{8, 6}, {1, 7}, {3, 5}, {2, 4}], [{8, 6}, {1, 7}, {4, 5}, {2, 3}], [{8, 6}, {1, 7}, {4, 5}, {3}, {2}], [{8, 6}, {2, 7}, {1, 5}, {3, 4}], [{8, 6}, {2, 7}, {3, 5}, {1, 4}], [{8, 6}, {2, 7}, {4, 5}, {1, 3}], [{8, 6}, {2, 7}, {4, 5}, {3}, {1}], [{8, 6}, {2, 7}, {5}, {4}, {1, 3}], [{8, 6}, {3, 7}, {1, 5}, {2, 4}], [{8, 6}, {3, 7}, {2, 5}, {1, 4}], [{8, 6}, {3, 7}, {4, 5}, {1, 2}], [{8, 6}, {3, 7}, {4, 5}, {2}, {1}], [{8, 6}, {4, 7}, {1, 5}, {2, 3}], [{8, 6}, {4, 7}, {1, 5}, {3}, {2}], [{8, 6}, {4, 7}, {2, 5}, {1, 3}], [{8, 6}, {4, 7}, {2, 5}, {3}, {1}], [{8, 6}, {4, 7}, {3, 5}, {1, 2}], [{8, 6}, {4, 7}, {3, 5}, {2}, {1}], [{8, 6}, {4, 7}, {5}, {1, 3}, {2}], [{8, 6}, {4, 7}, {5}, {2, 3}, {1}], [{8, 6}, {4, 7}, {5}, {3}, {1, 2}], [{8, 6}, {4, 7}, {5}, {3}, {2}, {1}], [{8, 6}, {5, 7}, {1, 4}, {2, 3}], [{8, 6}, {5, 7}, {1, 4}, {3}, {2}], [{8, 6}, {5, 7}, {2, 4}, {1, 3}], [{8, 6}, {5, 7}, {2, 4}, {3}, {1}], [{8, 6}, {5, 7}, {3, 4}, {1, 2}], [{8, 6}, {5, 7}, {3, 4}, {2}, {1}], [{8, 6}, {5, 7}, {4}, {1, 3}, {2}], [{8, 6}, {5, 7}, {4}, {2, 3}, {1}], [{8, 6}, {5, 7}, {4}, {3}, {1, 2}], [{8, 6}, {5, 7}, {4}, {3}, {2}, {1}], [{8, 6}, {7}, {2, 5}, {4}, {1, 3}], [{8, 6}, {7}, {4, 5}, {1, 3}, {2}], [{8, 6}, {7}, {4, 5}, {2, 3}, {1}], [{8, 6}, {7}, {4, 5}, {3}, {1, 2}], [{8, 6}, {7}, {4, 5}, {3}, {2}, {1}], [{8, 6}, {7}, {5}, {2, 4}, {1, 3}], [{8, 7}, {1, 6}, {2, 5}, {3, 4}], [{8, 7}, {1, 6}, {3, 5}, {2, 4}], [{8, 7}, {1, 6}, {4, 5}, {2, 3}], [{8, 7}, {1, 6}, {5}, {3, 4}, {2}], [{8, 7}, {2, 6}, {1, 5}, {3, 4}], [{8, 7}, {2, 6}, {3, 5}, {1, 4}], [{8, 7}, {2, 6}, {4, 5}, {1, 3}], [{8, 7}, {2, 6}, {4, 5}, {3}, {1}], [{8, 7}, {3, 6}, {1, 5}, {2, 4}], [{8, 7}, {3, 6}, {1, 5}, {4}, {2}], [{8, 7}, {3, 6}, {2, 5}, {1, 4}], [{8, 7}, {3, 6}, {4, 5}, {1, 2}], [{8, 7}, {3, 6}, {4, 5}, {2}, {1}], [{8, 7}, {3, 6}, {5}, {1, 4}, {2}], [{8, 7}, {4, 6}, {1, 5}, {2, 3}], [{8, 7}, {4, 6}, {2, 5}, {1, 3}], [{8, 7}, {4, 6}, {3, 5}, {1, 2}], [{8, 7}, {4, 6}, {5}, {1, 3}, {2}], [{8, 7}, {5, 6}, {1, 4}, {2, 3}], [{8, 7}, {5, 6}, {1, 4}, {3}, {2}], [{8, 7}, {5, 6}, {2, 4}, {1, 3}], [{8, 7}, {5, 6}, {2, 4}, {3}, {1}], [{8, 7}, {5, 6}, {3, 4}, {1, 2}], [{8, 7}, {5, 6}, {4}, {3}, {1, 2}], [{8, 7}, {6}, {3, 5}, {1, 4}, {2}], [{8, 7}, {6}, {4, 5}, {2, 3}, {1}], [{8}, {1, 7}, {2, 6}, {4, 5}, {3}], [{8}, {1, 7}, {4, 6}, {3, 5}, {2}], [{8}, {2, 7}, {3, 6}, {4, 5}, {1}], [{8}, {2, 7}, {4, 6}, {1, 5}, {3}], [{8}, {2, 7}, {5, 6}, {4}, {1, 3}], [{8}, {3, 7}, {2, 6}, {4, 5}, {1}], [{8}, {4, 7}, {1, 6}, {5}, {2, 3}], [{8}, {4, 7}, {2, 6}, {1, 5}, {3}], [{8}, {4, 7}, {2, 6}, {3, 5}, {1}], [{8}, {4, 7}, {2, 6}, {5}, {1, 3}], [{8}, {4, 7}, {2, 6}, {5}, {3}, {1}], [{8}, {4, 7}, {3, 6}, {5}, {1, 2}], [{8}, {5, 7}, {2, 6}, {1, 4}, {3}], [{8}, {5, 7}, {2, 6}, {3, 4}, {1}], [{8}, {5, 7}, {2, 6}, {4}, {1, 3}], [{8}, {5, 7}, {2, 6}, {4}, {3}, {1}], [{8}, {5, 7}, {3, 6}, {2, 4}, {1}], [{8}, {5, 7}, {4, 6}, {2, 3}, {1}], [{8}, {6, 7}, {4, 5}, {2, 3}, {1}], [{8}, {6, 7}, {5}, {3, 4}, {1, 2}], [{8}, {7}, {2, 6}, {4, 5}, {1, 3}], [{8}, {7}, {2, 6}, {4, 5}, {3}, {1}]]",2,8 K_1^3 + 4 K_1^2 K_2 - 8 K_1 K_2 - 4 K_1 K_3 - 2 K_1 + 2 K_3 + K_4,O1O2O3O4U5U4U3O5O6U1O7U6U2O8U7U8,O1O2O3U2U1U4U5O6O7U6O4O8U7O5U8U3,O1O2O3U1U4O5U6O4O7U8O6O8U5U7U3U2,c,{'O1O2O3O4U5U6O5U3U7O6U4O7O8U2U1U8'},1,"<a href=""/flatknot/8.857622"">8.857622</a>",t^9-36t^7-36t^6+149t^5+98t^4-184t^3-16t^2+6t-2,-2t^2+4t,,
8.857623,O1O2O3O4U5U6O5U3U7O6U8O7O8U1U2U4,4,2z^3+29z^2+108z+117,2w^4z^3+29w^3z^2+108w^2z+117w,False,False,"[[ 0 -2  0  0  3 -1 -1  0  1],[ 2  0  1  1  3  1  1  2  3],[ 0 -1  0  1  2 -1 -1  0  1],[ 0 -1 -1  0  0  0  1  1  0],[-3 -3 -2  0  0 -4 -3 -3 -2],[ 1 -1  1  0  4  0 -1  0  2],[ 1 -1  1 -1  3  1  0  0  1],[ 0 -2  0 -1  3  0  0  0  0],[-1 -3 -1  0  2 -2 -1  0  0]]","[[ 0  3  1  0  0  0 -1 -1 -2],[-3  0 -2  0 -2 -3 -3 -4 -3],[-1  2  0  0 -1  0 -1 -2 -3],[ 0  0  0  0 -1  1  1  0 -1],[ 0  2  1  1  0  0 -1 -1 -1],[ 0  3  0 -1  0  0  0  0 -2],[ 1  3  1 -1  1  0  0  1 -1],[ 1  4  2  0  1  0 -1  0 -1],[ 2  3  3  1  1  2  1  1  0]]",True,"[-3,-1,0,0,0,1,1,2,2,0,2,3,3,4,3,0,1,0,1,2,3,1,-1,-1,0,1,0,1,1,1,0,0,2,-1,1,1]","[-3,-1,0,0,0,1,1,2,0,0,1,3,0,1,2,1,0,1,0,1,0,0,-1,1,1,0,1,0,0,1,1,2,1,-1,0,0]",t^8+80t^6+576t^4+121t^2+4,"[-2,-1,-1,0,0,0,1,3,0,0,0,1,1,0,2,-1,1,0,2,1,1,1,0,1,0,0,0,1,1,0,-1,0,1,1,3,0]","[-3,-1,0,0,0,1,1,2,0,0,1,3,0,1,2,1,0,1,0,1,0,0,-1,1,1,0,1,0,0,1,1,2,1,-1,0,0]","[-2,-1,-1,0,0,0,1,3,1,1,1,1,2,3,3,-1,0,1,0,2,4,-1,1,0,1,3,-1,1,0,0,0,1,2,0,3,2]",c,"[[{8, 5}, {3, 7}, {1, 6}, {2, 4}], [{8, 5}, {3, 7}, {2, 6}, {1, 4}], [{8, 5}, {3, 7}, {4, 6}, {1, 2}], [{8}, {3, 7}, {2, 6}, {5}, {1, 4}]]",1,- 8 K_1^4 + 20 K_1^3 + 8 K_1^2 K_2 - 20 K_1^2 - 18 K_1 K_2 - 2 K_1 K_3 - 6 K_1 + 11 K_2 + 4 K_3 + 12,O1O2O3O4U1U3U4O5O6U5O7U6U2O8U7U8,O1O2O3U1U2U4U3O5O6U5O4O7U6O8U7U8,O1O2O3U4U5O4U6O5O7U8O6O8U1U7U2U3,c,{'O1O2O3O4U5U6O5U3U7O6U8O7O8U1U2U4'},1,"<a href=""/flatknot/8.857623"">8.857623</a>",t^9-76t^7-280t^6+13t^5+642t^4+39t^3-292t^2+264t,-t^3+t^2+t,,
8.857624,O1O2O3O4U5U6O5U3U7O6U8O7O8U1U4U2,3,6z^2+83z+143,6w^3z^2+83w^2z+143w,False,False,"[[ 0 -2  1  0  2 -1 -1  0  1],[ 2  0  2  1  2  1  1  2  3],[-1 -2  0  0  1 -2 -2 -1  0],[ 0 -1  0  0  0  0  1  1  0],[-2 -2 -1  0  0 -3 -2 -2 -1],[ 1 -1  2  0  3  0 -1  0  2],[ 1 -1  2 -1  2  1  0  0  1],[ 0 -2  1 -1  2  0  0  0  0],[-1 -3  0  0  1 -2 -1  0  0]]","[[ 0  2  1  1  0  0 -1 -1 -2],[-2  0 -1 -1  0 -2 -2 -3 -2],[-1  1  0  0  0  0 -1 -2 -3],[-1  1  0  0  0 -1 -2 -2 -2],[ 0  0  0  0  0  1  1  0 -1],[ 0  2  0  1 -1  0  0  0 -2],[ 1  2  1  2 -1  0  0  1 -1],[ 1  3  2  2  0  0 -1  0 -1],[ 2  2  3  2  1  2  1  1  0]]",True,"[-2,-1,-1,0,0,1,1,2,1,1,0,2,2,3,2,0,0,0,1,2,3,0,1,2,2,2,-1,-1,0,1,0,0,2,-1,1,1]","[-2,-1,-1,0,0,1,1,2,0,0,0,1,0,1,2,-1,1,2,1,0,1,1,1,0,0,0,1,1,0,0,1,1,2,0,0,0]",t^8+60t^6+358t^4+77t^2,"[-2,-1,-1,0,0,1,1,2,0,0,0,1,0,1,2,-1,1,2,1,0,1,1,1,0,0,0,1,1,0,0,1,1,2,0,0,0]","[-2,-1,-1,0,0,1,1,2,0,0,0,2,0,1,2,0,0,1,0,0,1,1,1,0,1,0,-1,1,1,0,1,2,1,-1,0,0]","[-2,-1,-1,0,0,1,1,2,1,1,1,2,2,3,2,-1,0,0,2,2,3,-1,0,2,1,2,1,0,0,0,1,0,2,0,1,1]",c,"[[{8, 5}, {3, 7}, {2, 6}, {1, 4}]]",1,- 28 K_1^2 - 16 K_1 K_2 + 8 K_1 + 14 K_2 + 8 K_3 + 15,O1O2O3O4U3U1U4O5O6U5O7U6U2O8U7U8,O1O2O3U1U3U4U2O5O6U5O4O7U6O8U7U8,O1O2O3U4U5O4U6O5O7U8O6O8U2U7U1U3,c,{'O1O2O3O4U5U6O5U3U7O6U8O7O8U1U4U2'},1,"<a href=""/flatknot/8.857624"">8.857624</a>",t^9-60t^7-172t^6+112t^5+428t^4-85t^3-216t^2+28t,0,,
8.857625,O1O2O3O4U5U6O5U3U7O6U8O7O8U2U1U4,3,16z^2+77z+91,-8w^4z^2+24w^3z^2-8w^3z+85w^2z+91w,False,False,"[[ 0 -1 -1  0  3 -1 -1  0  1],[ 1  0  0  1  3  0  0  1  2],[ 1  0  0  1  2  0  0  1  2],[ 0 -1 -1  0  0  0  1  1  0],[-3 -3 -2  0  0 -4 -3 -3 -2],[ 1  0  0  0  4  0 -1  0  2],[ 1  0  0 -1  3  1  0  0  1],[ 0 -1 -1 -1  3  0  0  0  0],[-1 -2 -2  0  2 -2 -1  0  0]]","[[ 0  3  1  0  0 -1 -1 -1 -1],[-3  0 -2  0 -3 -2 -3 -3 -4],[-1  2  0  0  0 -2 -1 -2 -2],[ 0  0  0  0  1 -1  1 -1  0],[ 0  3  0 -1  0 -1  0 -1  0],[ 1  2  2  1  1  0  0  0  0],[ 1  3  1 -1  0  0  0  0  1],[ 1  3  2  1  1  0  0  0  0],[ 1  4  2  0  0  0 -1  0  0]]",True,"[-3,-1,0,0,1,1,1,1,2,0,3,2,3,3,4,0,0,2,1,2,2,-1,1,-1,1,0,1,0,1,0,0,0,0,0,-1,0]","[-3,-1,0,0,1,1,1,1,0,0,3,0,1,1,2,1,1,0,0,1,0,-1,1,0,1,0,1,0,2,0,0,-1,0,0,0,0]",t^8+71t^6+486t^4+95t^2,"[-1,-1,-1,-1,0,0,1,3,-1,0,0,1,2,1,1,0,0,1,1,0,0,0,0,0,0,1,0,0,0,2,1,1,0,1,3,0]","[-3,-1,0,0,1,1,1,1,0,0,3,0,1,1,2,1,1,0,0,1,0,-1,1,0,1,0,1,0,2,0,0,-1,0,0,0,0]","[-1,-1,-1,-1,0,0,1,3,-1,0,0,0,0,2,4,0,0,-1,0,1,3,0,1,1,2,2,1,1,2,3,1,0,0,0,3,2]",c,"[[{8, 5}, {3, 7}, {1, 6}, {2, 4}], [{8, 5}, {3, 7}, {2, 6}, {1, 4}], [{8, 5}, {3, 7}, {4, 6}, {1, 2}]]",1,4 K_1^2 K_2 - 12 K_1^2 - 14 K_1 K_2 - 4 K_1 K_3 + 7 K_1 + 6 K_2 + 7 K_3 + K_4 + 6,O1O2O3O4U1U4U3O5O6U5O7U6U2O8U7U8,O1O2O3U2U1U4U3O5O6U5O4O7U6O8U7U8,O1O2O3U4U5O4U6O5O7U8O6O8U1U7U3U2,c,{'O1O2O3O4U5U6O5U3U7O6U8O7O8U2U1U4'},1,"<a href=""/flatknot/8.857625"">8.857625</a>",t^9-65t^7-136t^6+270t^5+332t^4-258t^3+6t^2+8t,-t^3+3t,,
8.857626,O1O2O3O4U5U6O5U3U7O6U8O7O8U4U1U2,4,2z^3+29z^2+108z+117,2w^4z^3+29w^3z^2+108w^2z+117w,False,False,"[[ 0 -1  1  0  1 -1 -1  0  1],[ 1  0  1  0  1  0  0  1  2],[-1 -1  0  0  1 -2 -2 -1  0],[ 0  0  0  0  0  0  1  1  0],[-1 -1 -1  0  0 -2 -1 -1  0],[ 1  0  2  0  2  0 -1  0  2],[ 1  0  2 -1  1  1  0  0  1],[ 0 -1  1 -1  1  0  0  0  0],[-1 -2  0  0  0 -2 -1  0  0]]","[[ 0  1  1  1  0  0 -1 -1 -1],[-1  0  1  0  0 -1 -1 -2 -2],[-1 -1  0  0  0 -1 -1 -1 -2],[-1  0  0  0  0  0 -2 -1 -2],[ 0  0  0  0  0  1  0  1  0],[ 0  1  1  0 -1  0 -1  0  0],[ 1  1  1  2  0  1  0  0  0],[ 1  2  1  1 -1  0  0  0  1],[ 1  2  2  2  0  0  0 -1  0]]",True,"[-1,-1,-1,0,0,1,1,1,-1,0,0,1,1,2,2,0,0,1,1,1,2,0,0,2,1,2,-1,0,-1,0,1,0,0,0,0,-1]","[-1,-1,-1,0,0,1,1,1,-1,0,0,0,2,2,2,0,-1,0,1,1,2,0,1,1,2,1,1,0,0,0,1,0,1,0,-1,0]",t^8+31t^6+122t^4+64t^2+4,"[-1,-1,-1,0,0,1,1,1,-1,0,1,2,0,1,1,0,1,1,0,0,0,0,1,1,0,1,1,0,1,0,1,1,1,0,-1,0]","[-1,-1,-1,0,0,1,1,1,-1,0,0,1,0,1,1,0,0,1,0,0,1,1,1,0,1,0,-1,1,1,0,1,2,1,-1,0,0]","[-1,-1,-1,0,0,1,1,1,-1,0,0,0,2,2,2,0,-1,0,1,1,2,0,1,1,2,1,1,0,0,0,1,0,1,0,-1,0]",c,"[[{8, 5}, {3, 7}, {2, 6}, {1, 4}], [{8, 5}, {3, 7}, {4, 6}, {1, 2}], [{8, 5}, {4, 7}, {3, 6}, {1, 2}], [{8, 5}, {6, 7}, {3, 4}, {1, 2}], [{8, 5}, {7}, {3, 6}, {4}, {1, 2}], [{8, 5}, {7}, {4, 6}, {3}, {1, 2}], [{8, 5}, {7}, {6}, {3, 4}, {1, 2}], [{8, 6}, {3, 7}, {4, 5}, {1, 2}]]",1,16 K_1^3 - 24 K_1^2 - 16 K_1 K_2 - 4 K_1 + 12 K_2 + 4 K_3 + 13,O1O2O3O4U3U4U1O5O6U5O7U6U2O8U7U8,O1O2O3U2U3U4U1O5O6U5O4O7U6O8U7U8,O1O2O3U4U5O4U6O5O7U8O6O8U3U7U1U2,c,{'O1O2O3O4U5U6O5U3U7O6U8O7O8U4U1U2'},1,"<a href=""/flatknot/8.857626"">8.857626</a>",t^9-31t^7-36t^6+114t^5+100t^4-138t^3-56t^2+38t,0,,
8.857627,O1O2O3O4U5U6O5U3U7O6U1O8O7U4U8U2,4,2z^3+27z^2+105z+119,2w^4z^3+27w^3z^2+105w^2z+119w,False,False,"[[ 0 -1  1  0  1 -1 -1  1  0],[ 1  0  1  1  1  0  1  2  0],[-1 -1  0  0  0 -2 -2  1  0],[ 0 -1  0  0  0  0  1  1  1],[-1 -1  0  0  0 -2 -1  0  0],[ 1  0  2  0  2  0 -1  1  0],[ 1 -1  2 -1  1  1  0  1  1],[-1 -2 -1 -1  0 -1 -1  0  0],[ 0  0  0 -1  0  0 -1  0  0]]","[[ 0  1  1  1  0  0 -1 -1 -1],[-1  0  1  0  0  0 -1 -2 -2],[-1 -1  0  0  0 -1 -2 -1 -1],[-1  0  0  0  0  0 -1 -1 -2],[ 0  0  0  0  0 -1  0 -1  0],[ 0  0  1  0  1  0 -1  1  0],[ 1  1  2  1  0  1  0  1  0],[ 1  2  1  1  1 -1 -1  0  1],[ 1  2  1  2  0  0  0 -1  0]]",True,"[-1,-1,-1,0,0,1,1,1,-1,0,0,0,1,2,2,0,0,1,2,1,1,0,0,1,1,2,1,0,1,0,1,-1,0,-1,0,-1]","[-1,-1,-1,0,0,1,1,1,-1,0,0,0,1,2,2,-1,-1,1,1,1,2,1,0,2,1,1,1,1,0,0,0,0,0,0,-1,0]",t^8+29t^6+171t^4+151t^2+16,"[-1,-1,-1,0,0,1,1,1,-1,0,0,1,0,1,1,-1,2,0,1,0,1,1,1,1,0,0,-1,0,1,1,1,1,1,1,0,0]","[-1,-1,-1,0,0,1,1,1,-1,0,0,1,0,1,1,0,1,1,1,0,0,1,1,1,0,1,1,0,1,2,1,1,0,0,1,-1]","[-1,-1,-1,0,0,1,1,1,-1,0,0,0,1,2,2,-1,-1,1,1,1,2,1,0,2,1,1,1,1,0,0,0,0,0,0,-1,0]",c,"[[{8, 3}, {1, 7}, {2, 6}, {4, 5}]]",0,16 K_1^3 - 36 K_1^2 - 24 K_1 K_2 + 18 K_2 + 8 K_3 + 19,O1O2O3O4U3U5U1O6O5U4O7U6U2O8U7U8,O1O2O3U4U3U5U1O6O7U6O5O8U7O4U2U8,O1O2O3U4U2O5U6O4O7U8O6O8U3U7U1U5,c,{'O1O2O3O4U5U6O5U3U7O6U1O8O7U4U8U2'},1,"<a href=""/flatknot/8.857627"">8.857627</a>",t^9-29t^7-48t^6+83t^5+162t^4-29t^3-72t^2+26t-2,0,,
8.857628,O1O2O3O4U5U6O5U3U7O6U1O8O7U8U2U4,4,12z^2+81z+115,12w^3z^2+81w^2z+115w,False,False,"[[ 0 -1  0  0  3 -1 -1  1 -1],[ 1  0  0  1  2  0  1  2 -1],[ 0  0  0  1  2 -1 -1  2 -1],[ 0 -1 -1  0  0  0  1  1  0],[-3 -2 -2  0  0 -4 -3 -1 -1],[ 1  0  1  0  4  0 -1  1 -1],[ 1 -1  1 -1  3  1  0  1  0],[-1 -2 -2 -1  1 -1 -1  0 -1],[ 1  1  1  0  1  1  0  1  0]]","[[ 0  3  1  0  0 -1 -1 -1 -1],[-3  0 -1  0 -2 -1 -2 -3 -4],[-1  1  0 -1 -2 -1 -2 -1 -1],[ 0  0  1  0 -1  0 -1  1  0],[ 0  2  2  1  0 -1  0 -1 -1],[ 1  1  1  0  1  0  1  0  1],[ 1  2  2  1  0 -1  0  1  0],[ 1  3  1 -1  1  0 -1  0  1],[ 1  4  1  0  1 -1  0 -1  0]]",True,"[-3,-1,0,0,1,1,1,1,1,0,2,1,2,3,4,1,2,1,2,1,1,1,0,1,-1,0,1,0,1,1,-1,0,-1,-1,0,-1]","[-3,-1,0,0,1,1,1,1,1,0,2,1,2,3,4,1,2,1,2,1,1,1,0,1,-1,0,1,0,1,1,-1,0,-1,-1,0,-1]",t^8+57t^6+457t^4+351t^2+9,"[-1,-1,-1,-1,0,0,1,3,-1,-1,0,0,1,1,3,0,-1,1,0,0,2,1,0,1,1,0,0,2,1,1,-1,-1,1,0,3,1]","[-3,-1,0,0,1,1,1,1,1,1,3,0,1,2,3,-1,0,1,1,0,1,1,0,0,1,0,1,2,0,1,-1,0,-1,-1,0,-1]","[-1,-1,-1,-1,0,0,1,3,-1,-1,0,0,1,1,4,0,-1,-1,1,1,3,1,0,1,1,1,1,0,2,2,-1,1,0,2,2,1]",c,"[[{8, 1}, {2, 7}, {3, 6}, {4, 5}], [{8, 1}, {2, 7}, {4, 6}, {3, 5}], [{8, 1}, {2, 7}, {5, 6}, {3, 4}], [{8, 1}, {2, 7}, {6}, {5}, {3, 4}], [{8, 1}, {3, 7}, {2, 6}, {4, 5}], [{8, 1}, {3, 7}, {4, 6}, {2, 5}], [{8, 1}, {3, 7}, {5, 6}, {2, 4}], [{8, 1}, {4, 7}, {2, 6}, {3, 5}], [{8, 1}, {4, 7}, {3, 6}, {2, 5}], [{8, 1}, {4, 7}, {5, 6}, {2, 3}], [{8, 1}, {4, 7}, {6}, {3, 5}, {2}], [{8, 1}, {5, 7}, {2, 6}, {3, 4}], [{8, 1}, {5, 7}, {3, 6}, {2, 4}], [{8, 1}, {5, 7}, {4, 6}, {2, 3}], [{8, 1}, {6, 7}, {2, 5}, {3, 4}], [{8, 1}, {6, 7}, {3, 5}, {2, 4}], [{8, 1}, {6, 7}, {4, 5}, {2, 3}], [{8, 1}, {7}, {2, 6}, {3, 5}, {4}], [{8, 1}, {7}, {4, 6}, {5}, {2, 3}], [{8, 2}, {1, 7}, {3, 6}, {4, 5}], [{8, 2}, {1, 7}, {4, 6}, {3, 5}], [{8, 2}, {1, 7}, {5, 6}, {3, 4}], [{8, 2}, {3, 7}, {1, 6}, {4, 5}], [{8, 2}, {3, 7}, {1, 6}, {5}, {4}], [{8, 2}, {3, 7}, {4, 6}, {1, 5}], [{8, 2}, {3, 7}, {4, 6}, {5}, {1}], [{8, 2}, {3, 7}, {5, 6}, {1, 4}], [{8, 2}, {3, 7}, {5, 6}, {4}, {1}], [{8, 2}, {3, 7}, {6}, {1, 5}, {4}], [{8, 2}, {3, 7}, {6}, {4, 5}, {1}], [{8, 2}, {3, 7}, {6}, {5}, {1, 4}], [{8, 2}, {4, 7}, {1, 6}, {3, 5}], [{8, 2}, {4, 7}, {3, 6}, {1, 5}], [{8, 2}, {4, 7}, {5, 6}, {1, 3}], [{8, 2}, {5, 7}, {1, 6}, {3, 4}], [{8, 2}, {5, 7}, {3, 6}, {1, 4}], [{8, 2}, {5, 7}, {4, 6}, {1, 3}], [{8, 2}, {6, 7}, {1, 5}, {3, 4}], [{8, 2}, {6, 7}, {3, 5}, {1, 4}], [{8, 2}, {6, 7}, {3, 5}, {4}, {1}], [{8, 2}, {6, 7}, {4, 5}, {1, 3}], [{8, 2}, {7}, {1, 6}, {4, 5}, {3}], [{8, 2}, {7}, {4, 6}, {1, 5}, {3}], [{8, 2}, {7}, {5, 6}, {1, 4}, {3}], [{8, 3}, {1, 7}, {2, 6}, {4, 5}], [{8, 3}, {1, 7}, {4, 6}, {2, 5}], [{8, 3}, {1, 7}, {5, 6}, {2, 4}], [{8, 3}, {1, 7}, {6}, {4, 5}, {2}], [{8, 3}, {2, 7}, {1, 6}, {4, 5}], [{8, 3}, {2, 7}, {1, 6}, {5}, {4}], [{8, 3}, {2, 7}, {4, 6}, {1, 5}], [{8, 3}, {2, 7}, {4, 6}, {5}, {1}], [{8, 3}, {2, 7}, {5, 6}, {1, 4}], [{8, 3}, {2, 7}, {5, 6}, {4}, {1}], [{8, 3}, {2, 7}, {6}, {1, 5}, {4}], [{8, 3}, {2, 7}, {6}, {4, 5}, {1}], [{8, 3}, {2, 7}, {6}, {5}, {1, 4}], [{8, 3}, {4, 7}, {1, 6}, {2, 5}], [{8, 3}, {4, 7}, {1, 6}, {5}, {2}], [{8, 3}, {4, 7}, {2, 6}, {1, 5}], [{8, 3}, {4, 7}, {5, 6}, {1, 2}], [{8, 3}, {5, 7}, {1, 6}, {2, 4}], [{8, 3}, {5, 7}, {1, 6}, {4}, {2}], [{8, 3}, {5, 7}, {2, 6}, {1, 4}], [{8, 3}, {5, 7}, {4, 6}, {1, 2}], [{8, 3}, {6, 7}, {1, 5}, {2, 4}], [{8, 3}, {6, 7}, {2, 5}, {1, 4}], [{8, 3}, {6, 7}, {4, 5}, {1, 2}], [{8, 3}, {6, 7}, {4, 5}, {2}, {1}], [{8, 3}, {7}, {1, 6}, {2, 5}, {4}], [{8, 3}, {7}, {1, 6}, {4, 5}, {2}], [{8, 3}, {7}, {1, 6}, {5}, {2, 4}], [{8, 3}, {7}, {1, 6}, {5}, {4}, {2}], [{8, 3}, {7}, {2, 6}, {4, 5}, {1}], [{8, 3}, {7}, {4, 6}, {1, 5}, {2}], [{8, 3}, {7}, {5, 6}, {1, 4}, {2}], [{8, 3}, {7}, {6}, {4, 5}, {1, 2}], [{8, 3}, {7}, {6}, {4, 5}, {2}, {1}], [{8, 4}, {1, 7}, {2, 6}, {3, 5}], [{8, 4}, {1, 7}, {2, 6}, {5}, {3}], [{8, 4}, {1, 7}, {3, 6}, {2, 5}], [{8, 4}, {1, 7}, {5, 6}, {2, 3}], [{8, 4}, {1, 7}, {6}, {3, 5}, {2}], [{8, 4}, {2, 7}, {1, 6}, {3, 5}], [{8, 4}, {2, 7}, {1, 6}, {5}, {3}], [{8, 4}, {2, 7}, {3, 6}, {1, 5}], [{8, 4}, {2, 7}, {5, 6}, {1, 3}], [{8, 4}, {2, 7}, {6}, {3, 5}, {1}], [{8, 4}, {3, 7}, {1, 6}, {2, 5}], [{8, 4}, {3, 7}, {2, 6}, {1, 5}], [{8, 4}, {3, 7}, {5, 6}, {1, 2}], [{8, 4}, {5, 7}, {1, 6}, {2, 3}], [{8, 4}, {5, 7}, {2, 6}, {1, 3}], [{8, 4}, {5, 7}, {3, 6}, {1, 2}], [{8, 4}, {6, 7}, {1, 5}, {2, 3}], [{8, 4}, {6, 7}, {2, 5}, {1, 3}], [{8, 4}, {6, 7}, {3, 5}, {1, 2}], [{8, 4}, {6, 7}, {5}, {3}, {1, 2}], [{8, 4}, {7}, {6}, {3, 5}, {1, 2}], [{8, 5}, {1, 7}, {2, 6}, {3, 4}], [{8, 5}, {1, 7}, {2, 6}, {4}, {3}], [{8, 5}, {1, 7}, {3, 6}, {2, 4}], [{8, 5}, {1, 7}, {4, 6}, {2, 3}], [{8, 5}, {2, 7}, {1, 6}, {3, 4}], [{8, 5}, {2, 7}, {1, 6}, {4}, {3}], [{8, 5}, {2, 7}, {3, 6}, {1, 4}], [{8, 5}, {2, 7}, {4, 6}, {1, 3}], [{8, 5}, {3, 7}, {1, 6}, {2, 4}], [{8, 5}, {3, 7}, {2, 6}, {1, 4}], [{8, 5}, {3, 7}, {4, 6}, {1, 2}], [{8, 5}, {3, 7}, {6}, {1, 4}, {2}], [{8, 5}, {4, 7}, {1, 6}, {2, 3}], [{8, 5}, {4, 7}, {1, 6}, {3}, {2}], [{8, 5}, {4, 7}, {2, 6}, {1, 3}], [{8, 5}, {4, 7}, {3, 6}, {1, 2}], [{8, 5}, {6, 7}, {1, 4}, {2, 3}], [{8, 5}, {6, 7}, {2, 4}, {1, 3}], [{8, 5}, {6, 7}, {3, 4}, {1, 2}], [{8, 5}, {7}, {1, 6}, {2, 4}, {3}], [{8, 5}, {7}, {4, 6}, {2, 3}, {1}], [{8, 6}, {1, 7}, {2, 5}, {3, 4}], [{8, 6}, {1, 7}, {3, 5}, {2, 4}], [{8, 6}, {1, 7}, {4, 5}, {2, 3}], [{8, 6}, {2, 7}, {1, 5}, {3, 4}], [{8, 6}, {2, 7}, {3, 5}, {1, 4}], [{8, 6}, {2, 7}, {4, 5}, {1, 3}], [{8, 6}, {2, 7}, {5}, {3, 4}, {1}], [{8, 6}, {3, 7}, {1, 5}, {2, 4}], [{8, 6}, {3, 7}, {2, 5}, {1, 4}], [{8, 6}, {3, 7}, {4, 5}, {1, 2}], [{8, 6}, {3, 7}, {5}, {1, 4}, {2}], [{8, 6}, {4, 7}, {1, 5}, {2, 3}], [{8, 6}, {4, 7}, {2, 5}, {1, 3}], [{8, 6}, {4, 7}, {3, 5}, {1, 2}], [{8, 6}, {4, 7}, {3, 5}, {2}, {1}], [{8, 6}, {5, 7}, {1, 4}, {2, 3}], [{8, 6}, {5, 7}, {2, 4}, {1, 3}], [{8, 6}, {5, 7}, {3, 4}, {1, 2}], [{8, 7}, {1, 6}, {2, 5}, {3, 4}], [{8, 7}, {1, 6}, {3, 5}, {2, 4}], [{8, 7}, {1, 6}, {4, 5}, {2, 3}], [{8, 7}, {1, 6}, {4, 5}, {3}, {2}], [{8, 7}, {1, 6}, {5}, {4}, {2, 3}], [{8, 7}, {2, 6}, {1, 5}, {3, 4}], [{8, 7}, {2, 6}, {3, 5}, {1, 4}], [{8, 7}, {2, 6}, {4, 5}, {1, 3}], [{8, 7}, {3, 6}, {1, 5}, {2, 4}], [{8, 7}, {3, 6}, {2, 5}, {1, 4}], [{8, 7}, {3, 6}, {4, 5}, {1, 2}], [{8, 7}, {4, 6}, {1, 5}, {2, 3}], [{8, 7}, {4, 6}, {1, 5}, {3}, {2}], [{8, 7}, {4, 6}, {2, 5}, {1, 3}], [{8, 7}, {4, 6}, {3, 5}, {1, 2}], [{8, 7}, {4, 6}, {5}, {2, 3}, {1}], [{8, 7}, {5, 6}, {1, 4}, {2, 3}], [{8, 7}, {5, 6}, {1, 4}, {3}, {2}], [{8, 7}, {5, 6}, {2, 4}, {1, 3}], [{8, 7}, {5, 6}, {3, 4}, {1, 2}], [{8, 7}, {5, 6}, {4}, {2, 3}, {1}], [{8, 7}, {6}, {1, 5}, {4}, {2, 3}], [{8, 7}, {6}, {3, 5}, {2, 4}, {1}], [{8, 7}, {6}, {4, 5}, {2, 3}, {1}], [{8, 7}, {6}, {5}, {1, 4}, {2, 3}], [{8}, {1, 7}, {2, 6}, {4, 5}, {3}], [{8}, {1, 7}, {4, 6}, {5}, {2, 3}], [{8}, {2, 7}, {1, 6}, {3, 5}, {4}], [{8}, {2, 7}, {1, 6}, {4, 5}, {3}], [{8}, {2, 7}, {1, 6}, {5}, {3, 4}], [{8}, {2, 7}, {1, 6}, {5}, {4}, {3}], [{8}, {2, 7}, {4, 6}, {1, 5}, {3}], [{8}, {2, 7}, {5, 6}, {1, 4}, {3}], [{8}, {3, 7}, {1, 6}, {4, 5}, {2}], [{8}, {3, 7}, {2, 6}, {5}, {1, 4}], [{8}, {3, 7}, {4, 6}, {1, 5}, {2}], [{8}, {3, 7}, {5, 6}, {1, 4}, {2}], [{8}, {3, 7}, {6}, {2, 5}, {1, 4}], [{8}, {3, 7}, {6}, {5}, {1, 4}, {2}], [{8}, {4, 7}, {1, 6}, {3, 5}, {2}], [{8}, {5, 7}, {3, 6}, {1, 4}, {2}], [{8}, {5, 7}, {4, 6}, {2, 3}, {1}], [{8}, {6, 7}, {1, 5}, {3, 4}, {2}], [{8}, {6, 7}, {3, 5}, {1, 4}, {2}], [{8}, {7}, {1, 6}, {3, 5}, {2, 4}], [{8}, {7}, {1, 6}, {4, 5}, {2, 3}], [{8}, {7}, {4, 6}, {1, 5}, {2, 3}], [{8}, {7}, {4, 6}, {5}, {2, 3}, {1}], [{8}, {7}, {5, 6}, {1, 4}, {2, 3}], [{8}, {7}, {5, 6}, {1, 4}, {3}, {2}]]",2,16 K_1^3 + 8 K_1^2 K_2 - 34 K_1^2 - 22 K_1 K_2 - 6 K_1 K_3 - K_1 - 2 K_2^2 + 16 K_2 + 7 K_3 + 2 K_4 + 17,O1O2O3O4U1U3U5O6O5U4O7U6U2O8U7U8,O1O2O3U4U2U5U3O6O7U6O5O8U7O4U1U8,O1O2O3U4U3O5U6O4O7U8O6O8U1U7U2U5,c,{'O1O2O3O4U5U6O5U3U7O6U1O8O7U8U2U4'},1,"<a href=""/flatknot/8.857628"">8.857628</a>",t^9-51t^7-156t^6+33t^5+490t^4+202t^3-412t^2-145t+108,-t^3+3t,,
8.857629,O1O2O3O4U5U6O5U3U7O6U1O8O7U8U4U2,4,9z^2+94z+153,9w^3z^2+94w^2z+153w,False,False,"[[ 0 -1  1  0  2 -1 -1  1 -1],[ 1  0  1  1  1  0  1  2 -1],[-1 -1  0  0  1 -2 -2  1 -1],[ 0 -1  0  0  0  0  1  1  0],[-2 -1 -1  0  0 -3 -2  0 -1],[ 1  0  2  0  3  0 -1  1 -1],[ 1 -1  2 -1  2  1  0  1  0],[-1 -2 -1 -1  0 -1 -1  0 -1],[ 1  1  1  0  1  1  0  1  0]]","[[ 0  2  1  1  0 -1 -1 -1 -1],[-2  0  0 -1  0 -1 -1 -2 -3],[-1  0  0 -1 -1 -1 -2 -1 -1],[-1  1  1  0  0 -1 -1 -2 -2],[ 0  0  1  0  0  0 -1  1  0],[ 1  1  1  1  0  0  1  0  1],[ 1  1  2  1  1 -1  0  1  0],[ 1  2  1  2 -1  0 -1  0  1],[ 1  3  1  2  0 -1  0 -1  0]]",True,"[-2,-1,-1,0,1,1,1,1,0,1,0,1,1,2,3,1,1,1,2,1,1,0,1,1,2,2,0,1,-1,0,-1,0,-1,-1,0,-1]","[-2,-1,-1,0,1,1,1,1,0,1,0,1,1,2,3,1,1,1,2,1,1,0,1,1,2,2,0,1,-1,0,-1,0,-1,-1,0,-1]",t^8+41t^6+249t^4+164t^2+9,"[-1,-1,-1,-1,0,1,1,2,-1,-1,0,1,1,1,2,0,-1,0,0,1,2,1,1,1,0,0,2,1,0,1,0,1,2,1,1,0]","[-2,-1,-1,0,1,1,1,1,0,1,2,0,1,2,2,1,1,0,0,1,1,0,1,1,0,1,1,2,0,1,-1,0,-1,-1,0,-1]","[-1,-1,-1,-1,0,1,1,2,-1,-1,0,0,1,2,3,0,-1,-1,1,2,2,1,0,1,1,1,1,2,1,1,1,0,0,-1,0,1]",c,"[[{8, 1}, {2, 7}, {3, 6}, {4, 5}], [{8, 1}, {2, 7}, {4, 6}, {3, 5}], [{8, 1}, {2, 7}, {5, 6}, {3, 4}], [{8, 1}, {3, 7}, {2, 6}, {4, 5}], [{8, 1}, {3, 7}, {4, 6}, {2, 5}], [{8, 1}, {3, 7}, {5, 6}, {2, 4}], [{8, 1}, {3, 7}, {6}, {4, 5}, {2}], [{8, 1}, {4, 7}, {2, 6}, {3, 5}], [{8, 1}, {4, 7}, {3, 6}, {2, 5}], [{8, 1}, {4, 7}, {5, 6}, {2, 3}], [{8, 1}, {5, 7}, {2, 6}, {3, 4}], [{8, 1}, {5, 7}, {3, 6}, {2, 4}], [{8, 1}, {5, 7}, {4, 6}, {2, 3}], [{8, 1}, {6, 7}, {2, 5}, {3, 4}], [{8, 1}, {6, 7}, {3, 5}, {2, 4}], [{8, 1}, {6, 7}, {3, 5}, {4}, {2}], [{8, 1}, {6, 7}, {4, 5}, {2, 3}], [{8, 1}, {7}, {4, 6}, {5}, {2, 3}], [{8, 2}, {1, 7}, {3, 6}, {4, 5}], [{8, 2}, {1, 7}, {4, 6}, {3, 5}], [{8, 2}, {1, 7}, {5, 6}, {3, 4}], [{8, 2}, {3, 7}, {1, 6}, {4, 5}], [{8, 2}, {3, 7}, {4, 6}, {1, 5}], [{8, 2}, {3, 7}, {5, 6}, {1, 4}], [{8, 2}, {3, 7}, {6}, {4, 5}, {1}], [{8, 2}, {4, 7}, {1, 6}, {3, 5}], [{8, 2}, {4, 7}, {1, 6}, {5}, {3}], [{8, 2}, {4, 7}, {3, 6}, {1, 5}], [{8, 2}, {4, 7}, {5, 6}, {1, 3}], [{8, 2}, {5, 7}, {1, 6}, {3, 4}], [{8, 2}, {5, 7}, {1, 6}, {4}, {3}], [{8, 2}, {5, 7}, {3, 6}, {1, 4}], [{8, 2}, {5, 7}, {4, 6}, {1, 3}], [{8, 2}, {5, 7}, {4, 6}, {3}, {1}], [{8, 2}, {5, 7}, {6}, {1, 4}, {3}], [{8, 2}, {6, 7}, {1, 5}, {3, 4}], [{8, 2}, {6, 7}, {3, 5}, {1, 4}], [{8, 2}, {6, 7}, {4, 5}, {1, 3}], [{8, 2}, {6, 7}, {5}, {3, 4}, {1}], [{8, 2}, {7}, {1, 6}, {4, 5}, {3}], [{8, 3}, {1, 7}, {2, 6}, {4, 5}], [{8, 3}, {1, 7}, {4, 6}, {2, 5}], [{8, 3}, {1, 7}, {5, 6}, {2, 4}], [{8, 3}, {1, 7}, {6}, {4, 5}, {2}], [{8, 3}, {2, 7}, {1, 6}, {4, 5}], [{8, 3}, {2, 7}, {4, 6}, {1, 5}], [{8, 3}, {2, 7}, {5, 6}, {1, 4}], [{8, 3}, {4, 7}, {1, 6}, {2, 5}], [{8, 3}, {4, 7}, {1, 6}, {5}, {2}], [{8, 3}, {4, 7}, {2, 6}, {1, 5}], [{8, 3}, {4, 7}, {5, 6}, {1, 2}], [{8, 3}, {5, 7}, {1, 6}, {2, 4}], [{8, 3}, {5, 7}, {2, 6}, {1, 4}], [{8, 3}, {5, 7}, {4, 6}, {1, 2}], [{8, 3}, {5, 7}, {4, 6}, {2}, {1}], [{8, 3}, {6, 7}, {1, 5}, {2, 4}], [{8, 3}, {6, 7}, {1, 5}, {4}, {2}], [{8, 3}, {6, 7}, {2, 5}, {1, 4}], [{8, 3}, {6, 7}, {4, 5}, {1, 2}], [{8, 3}, {7}, {1, 6}, {2, 5}, {4}], [{8, 3}, {7}, {2, 6}, {4, 5}, {1}], [{8, 3}, {7}, {5, 6}, {1, 4}, {2}], [{8, 4}, {1, 7}, {2, 6}, {3, 5}], [{8, 4}, {1, 7}, {3, 6}, {2, 5}], [{8, 4}, {1, 7}, {5, 6}, {2, 3}], [{8, 4}, {1, 7}, {6}, {3, 5}, {2}], [{8, 4}, {2, 7}, {1, 6}, {3, 5}], [{8, 4}, {2, 7}, {3, 6}, {1, 5}], [{8, 4}, {2, 7}, {5, 6}, {1, 3}], [{8, 4}, {3, 7}, {1, 6}, {2, 5}], [{8, 4}, {3, 7}, {1, 6}, {5}, {2}], [{8, 4}, {3, 7}, {2, 6}, {1, 5}], [{8, 4}, {3, 7}, {5, 6}, {1, 2}], [{8, 4}, {5, 7}, {1, 6}, {2, 3}], [{8, 4}, {5, 7}, {2, 6}, {1, 3}], [{8, 4}, {5, 7}, {3, 6}, {1, 2}], [{8, 4}, {6, 7}, {1, 5}, {2, 3}], [{8, 4}, {6, 7}, {2, 5}, {1, 3}], [{8, 4}, {6, 7}, {3, 5}, {1, 2}], [{8, 4}, {7}, {1, 6}, {2, 5}, {3}], [{8, 4}, {7}, {2, 6}, {3, 5}, {1}], [{8, 4}, {7}, {5, 6}, {1, 3}, {2}], [{8, 5}, {1, 7}, {2, 6}, {3, 4}], [{8, 5}, {1, 7}, {3, 6}, {2, 4}], [{8, 5}, {1, 7}, {4, 6}, {2, 3}], [{8, 5}, {2, 7}, {1, 6}, {3, 4}], [{8, 5}, {2, 7}, {3, 6}, {1, 4}], [{8, 5}, {2, 7}, {4, 6}, {1, 3}], [{8, 5}, {2, 7}, {6}, {1, 4}, {3}], [{8, 5}, {3, 7}, {1, 6}, {2, 4}], [{8, 5}, {3, 7}, {2, 6}, {1, 4}], [{8, 5}, {3, 7}, {4, 6}, {1, 2}], [{8, 5}, {4, 7}, {1, 6}, {2, 3}], [{8, 5}, {4, 7}, {1, 6}, {3}, {2}], [{8, 5}, {4, 7}, {2, 6}, {1, 3}], [{8, 5}, {4, 7}, {3, 6}, {1, 2}], [{8, 5}, {6, 7}, {1, 4}, {2, 3}], [{8, 5}, {6, 7}, {2, 4}, {1, 3}], [{8, 5}, {6, 7}, {3, 4}, {1, 2}], [{8, 5}, {6, 7}, {4}, {1, 3}, {2}], [{8, 5}, {7}, {4, 6}, {2, 3}, {1}], [{8, 6}, {1, 7}, {2, 5}, {3, 4}], [{8, 6}, {1, 7}, {3, 5}, {2, 4}], [{8, 6}, {1, 7}, {4, 5}, {2, 3}], [{8, 6}, {1, 7}, {4, 5}, {3}, {2}], [{8, 6}, {2, 7}, {1, 5}, {3, 4}], [{8, 6}, {2, 7}, {3, 5}, {1, 4}], [{8, 6}, {2, 7}, {4, 5}, {1, 3}], [{8, 6}, {3, 7}, {1, 5}, {2, 4}], [{8, 6}, {3, 7}, {2, 5}, {1, 4}], [{8, 6}, {3, 7}, {4, 5}, {1, 2}], [{8, 6}, {4, 7}, {1, 5}, {2, 3}], [{8, 6}, {4, 7}, {2, 5}, {1, 3}], [{8, 6}, {4, 7}, {3, 5}, {1, 2}], [{8, 6}, {5, 7}, {1, 4}, {2, 3}], [{8, 6}, {5, 7}, {2, 4}, {1, 3}], [{8, 6}, {5, 7}, {3, 4}, {1, 2}], [{8, 6}, {7}, {3, 5}, {1, 4}, {2}], [{8, 7}, {1, 6}, {2, 5}, {3, 4}], [{8, 7}, {1, 6}, {2, 5}, {4}, {3}], [{8, 7}, {1, 6}, {3, 5}, {2, 4}], [{8, 7}, {1, 6}, {4, 5}, {2, 3}], [{8, 7}, {1, 6}, {5}, {3, 4}, {2}], [{8, 7}, {2, 6}, {1, 5}, {3, 4}], [{8, 7}, {2, 6}, {3, 5}, {1, 4}], [{8, 7}, {2, 6}, {3, 5}, {4}, {1}], [{8, 7}, {2, 6}, {4, 5}, {1, 3}], [{8, 7}, {3, 6}, {1, 5}, {2, 4}], [{8, 7}, {3, 6}, {2, 5}, {1, 4}], [{8, 7}, {3, 6}, {4, 5}, {1, 2}], [{8, 7}, {4, 6}, {1, 5}, {2, 3}], [{8, 7}, {4, 6}, {2, 5}, {1, 3}], [{8, 7}, {4, 6}, {2, 5}, {3}, {1}], [{8, 7}, {4, 6}, {3, 5}, {1, 2}], [{8, 7}, {4, 6}, {3, 5}, {2}, {1}], [{8, 7}, {4, 6}, {5}, {2, 3}, {1}], [{8, 7}, {5, 6}, {1, 4}, {2, 3}], [{8, 7}, {5, 6}, {2, 4}, {1, 3}], [{8, 7}, {5, 6}, {3, 4}, {1, 2}], [{8, 7}, {6}, {2, 5}, {1, 4}, {3}], [{8, 7}, {6}, {3, 5}, {2, 4}, {1}], [{8, 7}, {6}, {4, 5}, {1, 3}, {2}], [{8}, {1, 7}, {2, 6}, {5}, {3, 4}], [{8}, {1, 7}, {3, 6}, {4, 5}, {2}], [{8}, {1, 7}, {4, 6}, {5}, {2, 3}], [{8}, {2, 7}, {1, 6}, {3, 5}, {4}], [{8}, {2, 7}, {4, 6}, {1, 5}, {3}], [{8}, {3, 7}, {1, 6}, {2, 5}, {4}], [{8}, {3, 7}, {2, 6}, {5}, {1, 4}], [{8}, {3, 7}, {4, 6}, {1, 5}, {2}], [{8}, {3, 7}, {5, 6}, {2, 4}, {1}], [{8}, {3, 7}, {6}, {4, 5}, {1, 2}], [{8}, {4, 7}, {1, 6}, {2, 5}, {3}], [{8}, {4, 7}, {1, 6}, {3, 5}, {2}], [{8}, {4, 7}, {1, 6}, {5}, {2, 3}], [{8}, {4, 7}, {1, 6}, {5}, {3}, {2}], [{8}, {4, 7}, {2, 6}, {3, 5}, {1}], [{8}, {4, 7}, {3, 6}, {2, 5}, {1}], [{8}, {4, 7}, {6}, {2, 5}, {1, 3}], [{8}, {4, 7}, {6}, {3, 5}, {1, 2}], [{8}, {5, 7}, {4, 6}, {2, 3}, {1}], [{8}, {6, 7}, {5}, {1, 4}, {2, 3}], [{8}, {7}, {1, 6}, {2, 5}, {3, 4}], [{8}, {7}, {1, 6}, {3, 5}, {2, 4}], [{8}, {7}, {4, 6}, {1, 5}, {2, 3}], [{8}, {7}, {4, 6}, {5}, {2, 3}, {1}]]",2,- 26 K_1^2 - 20 K_1 K_2 + 10 K_1 + 13 K_2 + 10 K_3 + 14,O1O2O3O4U3U1U5O6O5U4O7U6U2O8U7U8,O1O2O3U4U3U5U2O6O7U6O5O8U7O4U1U8,O1O2O3U4U3O5U6O4O7U8O6O8U2U7U1U5,c,{'O1O2O3O4U5U6O5U3U7O6U1O8O7U8U4U2'},1,"<a href=""/flatknot/8.857629"">8.857629</a>",t^9-39t^7-102t^6+56t^5+410t^4+351t^3-52t^2-142t-32,-t^2+2t,,
8.857630,O1O2O3O4U5U6O5U3U7O6U2O8O7U1U4U8,3,7z^2+76z+125,7w^3z^2+76w^2z+125w,False,False,"[[ 0 -2  0  0  2 -1 -1  1  1],[ 2  0  1  1  3  1  1  2  1],[ 0 -1  0  1  1 -1  0  1  0],[ 0 -1 -1  0  0  0  1  1  1],[-2 -3 -1  0  0 -3 -2 -1  0],[ 1 -1  1  0  3  0 -1  1  1],[ 1 -1  0 -1  2  1  0  1  2],[-1 -2 -1 -1  1 -1 -1  0  1],[-1 -1  0 -1  0 -1 -2 -1  0]]","[[ 0  2  1  1  0  0 -1 -1 -2],[-2  0  0 -1  0 -1 -2 -3 -3],[-1  0  0 -1 -1  0 -2 -1 -1],[-1  1  1  0 -1 -1 -1 -1 -2],[ 0  0  1  1  0 -1  1  0 -1],[ 0  1  0  1  1  0  0 -1 -1],[ 1  2  2  1 -1  0  0  1 -1],[ 1  3  1  1  0  1 -1  0 -1],[ 2  3  1  2  1  1  1  1  0]]",True,"[-2,-1,-1,0,0,1,1,2,0,1,0,1,2,3,3,1,1,0,2,1,1,1,1,1,1,2,1,-1,0,1,0,1,1,-1,1,1]","[-2,-1,-1,0,0,1,1,2,0,0,1,1,1,2,1,-1,1,2,1,0,1,0,1,1,1,0,-1,0,1,1,0,0,2,-1,0,1]",t^8+48t^6+307t^4+44t^2,"[-2,-1,-1,0,0,1,1,2,0,0,1,1,1,2,1,-1,1,2,1,0,1,0,1,1,1,0,-1,0,1,1,0,0,2,-1,0,1]","[-2,-1,-1,0,0,1,1,2,0,1,1,2,0,1,1,1,0,0,1,1,1,1,0,1,0,2,1,0,1,1,1,2,1,-1,0,0]","[-2,-1,-1,0,0,1,1,2,1,1,1,1,1,2,3,-1,0,1,1,1,3,-1,0,2,1,2,-1,1,1,0,0,1,1,-1,0,1]",c,"[[{8, 2}, {6, 7}, {3, 5}, {1, 4}], [{8, 3}, {6, 7}, {2, 5}, {1, 4}], [{8, 5}, {6, 7}, {1, 4}, {2, 3}], [{8, 7}, {2, 6}, {3, 5}, {1, 4}]]",1,4 K_1^3 - 24 K_1^2 - 20 K_1 K_2 + 7 K_1 + 12 K_2 + 9 K_3 + 13,O1O2O3O4U5U1U4O6O5U3O7U6U2O8U7U8,O1O2O3U1U4U5U2O6O7U6O5O8U7O4U3U8,O1O2O3U4U1O5U6O4O7U8O6O8U2U7U5U3,c,{'O1O2O3O4U5U6O5U3U7O6U2O8O7U1U4U8'},1,"<a href=""/flatknot/8.857630"">8.857630</a>",t^9-48t^7-142t^6+23t^5+430t^4+265t^3-222t^2-148t+24,0,,
8.857631,O1O2O3O4U5U6O5U3U7O6U2O8O7U1U8U4,4,14z^2+83z+111,14w^3z^2+83w^2z+111w,False,False,"[[ 0 -2  0  0  3 -1 -1  1  0],[ 2  0  1  1  4  1  1  2  0],[ 0 -1  0  1  1 -1  0  1 -1],[ 0 -1 -1  0  0  0  1  1  0],[-3 -4 -1  0  0 -4 -3 -1 -1],[ 1 -1  1  0  4  0 -1  1  0],[ 1 -1  0 -1  3  1  0  1  1],[-1 -2 -1 -1  1 -1 -1  0  0],[ 0  0  1  0  1  0 -1  0  0]]","[[ 0  3  1  0  0  0 -1 -1 -2],[-3  0 -1  0 -1 -1 -3 -4 -4],[-1  1  0 -1  0 -1 -1 -1 -2],[ 0  0  1  0  0 -1  1  0 -1],[ 0  1  0  0  0  1 -1  0  0],[ 0  1  1  1 -1  0  0 -1 -1],[ 1  3  1 -1  1  0  0  1 -1],[ 1  4  1  0  0  1 -1  0 -1],[ 2  4  2  1  0  1  1  1  0]]",True,"[-3,-1,0,0,0,1,1,2,1,0,1,1,3,4,4,1,0,1,1,1,2,0,1,-1,0,1,-1,1,0,0,0,1,1,-1,1,1]","[-3,-1,0,0,0,1,1,2,1,0,1,1,3,4,4,1,0,1,1,1,2,0,1,-1,0,1,-1,1,0,0,0,1,1,-1,1,1]",t^8+62t^6+410t^4+72t^2,"[-2,-1,-1,0,0,0,1,3,0,0,1,1,2,1,1,-1,1,2,0,1,1,0,1,1,1,0,-1,1,0,2,0,0,3,1,2,1]","[-3,-1,0,0,0,1,1,2,1,2,2,3,0,1,1,0,1,0,1,1,1,-1,1,0,1,1,0,1,0,2,1,2,1,-1,0,0]","[-2,-1,-1,0,0,0,1,3,1,1,0,1,1,2,4,-1,0,0,1,1,4,1,-1,0,1,3,0,1,0,1,-1,1,0,1,1,1]",c,"[[{8, 6}, {1, 7}, {4, 5}, {2, 3}], [{8, 7}, {2, 6}, {3, 5}, {1, 4}], [{8, 7}, {6}, {3, 5}, {1, 4}, {2}]]",1,20 K_1^3 + 8 K_1^2 K_2 - 30 K_1^2 - 26 K_1 K_2 - 4 K_1 K_3 - 2 K_1 + 13 K_2 + 8 K_3 + 14,O1O2O3O4U1U5U4O6O5U3O7U6U2O8U7U8,O1O2O3U1U4U5U3O6O7U6O5O8U7O4U2U8,O1O2O3U4U2O5U6O4O7U8O6O8U1U7U5U3,c,{'O1O2O3O4U5U6O5U3U7O6U2O8O7U1U8U4'},1,"<a href=""/flatknot/8.857631"">8.857631</a>",t^9-58t^7-172t^6+9t^5+350t^4+77t^3-196t^2-36t+16,-t^3+t^2+t,,
8.857632,O1O2O3O4U5U6O5U3U7O6U2O8O7U4U1U8,3,11z^2+71z+99,11w^3z^2+71w^2z+99w,False,False,"[[ 0 -1  0  0  1 -1 -1  1  1],[ 1  0  0  0  2  0  0  1  1],[ 0  0  0  1  1 -1  0  1  0],[ 0  0 -1  0  0  0  1  1  1],[-1 -2 -1  0  0 -2 -1  0  0],[ 1  0  1  0  2  0 -1  1  1],[ 1  0  0 -1  1  1  0  1  2],[-1 -1 -1 -1  0 -1 -1  0  1],[-1 -1  0 -1  0 -1 -2 -1  0]]","[[ 0  1  1  1  0  0 -1 -1 -1],[-1  0  1  0 -1 -1 -1 -1 -1],[-1 -1  0  0  0 -1 -1 -1 -2],[-1  0  0  0 -1  0 -2 -2 -1],[ 0  1  0  1  0  1  0 -1  0],[ 0  1  1  0 -1  0  0  0  1],[ 1  1  1  2  0  0  0  0  0],[ 1  1  1  2  1  0  0  0 -1],[ 1  1  2  1  0 -1  0  1  0]]",True,"[-1,-1,-1,0,0,1,1,1,-1,0,1,1,1,1,1,0,0,1,1,1,2,1,0,2,2,1,-1,0,1,0,0,0,-1,0,0,1]","[-1,-1,-1,0,0,1,1,1,-1,0,0,1,0,1,1,0,0,0,1,1,1,1,0,1,0,0,-1,2,1,1,1,0,1,1,0,0]",t^8+27t^6+144t^4+44t^2,"[-1,-1,-1,0,0,1,1,1,-1,0,1,2,0,1,1,0,0,1,1,0,1,1,1,1,0,1,-1,1,0,0,0,1,0,0,1,0]","[-1,-1,-1,0,0,1,1,1,-1,0,0,1,0,1,1,0,0,0,1,1,1,1,0,1,0,0,-1,2,1,1,1,0,1,1,0,0]","[-1,-1,-1,0,0,1,1,1,-1,0,0,1,1,1,2,0,-1,0,1,2,1,0,0,1,1,2,-1,1,1,0,1,0,1,1,0,0]",c,"[[{8, 2}, {1, 7}, {5, 6}, {3, 4}], [{8, 3}, {1, 7}, {5, 6}, {2, 4}], [{8, 3}, {7}, {5, 6}, {2, 4}, {1}], [{8, 4}, {1, 7}, {2, 6}, {3, 5}], [{8, 4}, {1, 7}, {3, 6}, {2, 5}], [{8, 4}, {5, 7}, {2, 6}, {1, 3}], [{8, 4}, {6, 7}, {3, 5}, {1, 2}], [{8, 5}, {1, 7}, {4, 6}, {2, 3}], [{8, 6}, {1, 7}, {4, 5}, {2, 3}], [{8}, {1, 7}, {2, 6}, {3, 5}, {4}], [{8}, {5, 7}, {2, 6}, {4}, {1, 3}]]",1,8 K_1^3 - 28 K_1^2 - 8 K_1 K_2 - 2 K_1 + 14 K_2 + 2 K_3 + 15,O1O2O3O4U5U4U1O6O5U3O7U6U2O8U7U8,O1O2O3U2U4U5U1O6O7U6O5O8U7O4U3U8,O1O2O3U4U1O5U6O4O7U8O6O8U3U7U5U2,c,{'O1O2O3O4U5U6O5U3U7O6U2O8O7U4U1U8'},1,"<a href=""/flatknot/8.857632"">8.857632</a>",t^9-27t^7-34t^6+100t^5+138t^4-72t^3-94t^2-8t+8,0,,
8.857633,O1O2O3O4U5U6O5U3U7O6U2O8O7U8U1U4,4,15z^2+84z+109,15w^3z^2+84w^2z+109w,False,False,"[[ 0 -1  0  0  3 -1 -1  1 -1],[ 1  0  1  1  3  0  0  2 -1],[ 0 -1  0  1  1 -1  0  1 -1],[ 0 -1 -1  0  0  0  1  1  0],[-3 -3 -1  0  0 -4 -3 -1 -1],[ 1  0  1  0  4  0 -1  1 -1],[ 1  0  0 -1  3  1  0  1  0],[-1 -2 -1 -1  1 -1 -1  0 -1],[ 1  1  1  0  1  1  0  1  0]]","[[ 0  3  1  0  0 -1 -1 -1 -1],[-3  0 -1  0 -1 -1 -3 -3 -4],[-1  1  0 -1 -1 -1 -1 -2 -1],[ 0  0  1  0 -1  0  1 -1  0],[ 0  1  1  1  0 -1  0 -1 -1],[ 1  1  1  0  1  0  0  1  1],[ 1  3  1 -1  0  0  0  0  1],[ 1  3  2  1  1 -1  0  0  0],[ 1  4  1  0  1 -1 -1  0  0]]",True,"[-3,-1,0,0,1,1,1,1,1,0,1,1,3,3,4,1,1,1,1,2,1,1,0,-1,1,0,1,0,1,1,0,-1,-1,0,-1,0]","[-3,-1,0,0,1,1,1,1,1,0,1,1,3,3,4,1,1,1,1,2,1,1,0,-1,1,0,1,0,1,1,0,-1,-1,0,-1,0]",t^8+55t^6+339t^4+140t^2,"[-1,-1,-1,-1,0,0,1,3,-1,-1,0,0,1,1,3,0,0,0,0,0,1,1,0,1,1,0,1,2,1,1,-1,0,2,0,3,1]","[-3,-1,0,0,1,1,1,1,1,2,3,0,1,1,3,0,0,1,0,1,1,1,0,0,1,0,1,0,2,1,0,-1,-1,0,-1,0]","[-1,-1,-1,-1,0,0,1,3,-1,-1,0,0,1,1,4,0,0,-1,0,1,3,1,0,1,1,1,1,1,2,3,-1,1,0,1,1,1]",c,"[[{8, 4}, {1, 7}, {2, 6}, {3, 5}], [{8, 4}, {1, 7}, {2, 6}, {5}, {3}], [{8, 4}, {1, 7}, {3, 6}, {2, 5}], [{8, 4}, {1, 7}, {5, 6}, {2, 3}], [{8, 4}, {1, 7}, {6}, {3, 5}, {2}], [{8, 5}, {1, 7}, {4, 6}, {2, 3}], [{8, 6}, {1, 7}, {4, 5}, {2, 3}]]",1,- 10 K_1^2 - 18 K_1 K_2 - 2 K_1 K_3 + 9 K_1 - 6 K_2^2 + 6 K_2 + 9 K_3 + 4 K_4 + 9,O1O2O3O4U1U4U5O6O5U3O7U6U2O8U7U8,O1O2O3U2U4U5U3O6O7U6O5O8U7O4U1U8,O1O2O3U4U3O5U6O4O7U8O6O8U1U7U5U2,c,{'O1O2O3O4U5U6O5U3U7O6U2O8O7U8U1U4'},1,"<a href=""/flatknot/8.857633"">8.857633</a>",t^9-49t^7-114t^6+85t^5+340t^4+110t^3-88t^2-60t-72,-t^3+3t,,
8.857634,O1O2O3O4U5U6O5U3U7O6U4O8O7U1U2U8,3,15z^2+76z+93,-2w^4z^2+17w^3z^2-6w^3z+82w^2z+93w,False,False,"[[ 0 -2  0  0  2 -1 -1  1  1],[ 2  0  1  0  2  1  1  2  1],[ 0 -1  0  0  2 -1 -1  0  0],[ 0  0  0  0  0  0  1  0  0],[-2 -2 -2  0  0 -3 -1 -1 -1],[ 1 -1  1  0  3  0 -1  1  1],[ 1 -1  1 -1  1  1  0  1  2],[-1 -2  0  0  1 -1 -1  0  1],[-1 -1  0  0  1 -1 -2 -1  0]]","[[ 0  2  1  1  0  0 -1 -1 -2],[-2  0 -1 -1  0 -2 -1 -3 -2],[-1  1  0  1  0  0 -1 -1 -2],[-1  1 -1  0  0  0 -2 -1 -1],[ 0  0  0  0  0  0  1  0  0],[ 0  2  0  0  0  0 -1 -1 -1],[ 1  1  1  2 -1  1  0  1 -1],[ 1  3  1  1  0  1 -1  0 -1],[ 2  2  2  1  0  1  1  1  0]]",True,"[-2,-1,-1,0,0,1,1,2,1,1,0,2,1,3,2,-1,0,0,1,1,2,0,0,2,1,1,0,-1,0,0,1,1,1,-1,1,1]","[-2,-1,-1,0,0,1,1,2,0,0,0,2,0,2,2,-1,1,1,1,0,2,1,1,1,1,1,0,0,0,1,1,2,2,-1,0,0]",t^8+40t^6+163t^4+50t^2,"[-2,-1,-1,0,0,1,1,2,0,0,1,2,1,2,2,-1,0,2,1,0,2,0,1,1,1,0,0,1,1,0,1,1,2,-1,0,0]","[-2,-1,-1,0,0,1,1,2,0,0,0,2,0,2,2,-1,1,1,1,0,2,1,1,1,1,1,0,0,0,1,1,2,2,-1,0,0]","[-2,-1,-1,0,0,1,1,2,1,1,0,1,1,2,2,-1,0,1,1,1,3,-1,1,2,1,1,0,0,0,0,0,0,2,-1,1,1]",c,"[[{8, 6}, {1, 7}, {4, 5}, {2, 3}], [{8, 6}, {4, 7}, {1, 5}, {2, 3}], [{8, 6}, {5, 7}, {1, 4}, {2, 3}]]",1,16 K_1^3 + 4 K_1^2 K_2 - 20 K_1^2 - 12 K_1 K_2 - 4 K_1 K_3 - 6 K_1 + 10 K_2 + 2 K_3 + K_4 + 10,O1O2O3O4U5U3U4O6O5U1O7U6U2O8U7U8,O1O2O3U1U2U4U5O6O7U6O4O8U7O5U3U8,O1O2O3U4U1O5U6O4O7U8O6O8U5U7U2U3,c,{'O1O2O3O4U5U6O5U3U7O6U4O8O7U1U2U8'},1,"<a href=""/flatknot/8.857634"">8.857634</a>",t^9-40t^7-116t^6-t^5+232t^4+79t^3-72t^2-4t+16,0,,
8.857635,O1O2O3O4U5U6O5U3U7O6U4O8O7U1U8U2,4,14z^2+95z+135,14w^3z^2+95w^2z+135w,False,False,"[[ 0 -2  1  0  2 -1 -1  1  0],[ 2  0  2  0  2  1  1  2  0],[-1 -2  0  0  2 -2 -2  0 -1],[ 0  0  0  0  0  0  1  0  0],[-2 -2 -2  0  0 -3 -1 -1 -1],[ 1 -1  2  0  3  0 -1  1  0],[ 1 -1  2 -1  1  1  0  1  1],[-1 -2  0  0  1 -1 -1  0  0],[ 0  0  1  0  1  0 -1  0  0]]","[[ 0  2  1  1  0  0 -1 -1 -2],[-2  0 -1 -2  0 -1 -1 -3 -2],[-1  1  0  0  0  0 -1 -1 -2],[-1  2  0  0  0 -1 -2 -2 -2],[ 0  0  0  0  0  0  1  0  0],[ 0  1  0  1  0  0 -1  0  0],[ 1  1  1  2 -1  1  0  1 -1],[ 1  3  1  2  0  0 -1  0 -1],[ 2  2  2  2  0  0  1  1  0]]",True,"[-2,-1,-1,0,0,1,1,2,1,2,0,1,1,3,2,0,0,0,1,1,2,0,1,2,2,2,0,-1,0,0,1,0,0,-1,1,1]","[-2,-1,-1,0,0,1,1,2,-1,0,1,2,0,2,2,0,0,1,0,0,1,1,1,1,1,1,0,1,0,2,1,2,2,-1,0,0]",t^8+44t^6+146t^4+43t^2+1,"[-2,-1,-1,0,0,1,1,2,0,0,2,2,1,1,2,-1,0,2,0,1,2,1,1,0,1,0,0,0,1,1,1,1,2,0,-1,0]","[-2,-1,-1,0,0,1,1,2,-1,0,1,2,0,2,2,0,0,1,0,0,1,1,1,1,1,1,0,1,0,2,1,2,2,-1,0,0]","[-2,-1,-1,0,0,1,1,2,1,1,0,0,2,2,2,-1,0,0,1,2,3,-1,1,1,2,1,0,0,0,0,0,1,1,0,1,2]",c,"[[{8, 6}, {1, 7}, {3, 5}, {2, 4}]]",1,4 K_1^3 - 16 K_1^2 - 12 K_1 K_2 - 4 K_1 K_3 + 3 K_1 + 10 K_2 + 5 K_3 + 2 K_4 + 9,O1O2O3O4U3U5U4O6O5U1O7U6U2O8U7U8,O1O2O3U1U3U4U5O6O7U6O4O8U7O5U2U8,O1O2O3U4U2O5U6O4O7U8O6O8U5U7U1U3,c,{'O1O2O3O4U5U6O5U3U7O6U4O8O7U1U8U2'},1,"<a href=""/flatknot/8.857635"">8.857635</a>",t^9-44t^7-130t^6-6t^5+250t^4+96t^3-122t^2-39t-2,0,,
8.857636,O1O2O3O4U5U6O5U3U7O6U4O8O7U2U1U8,4,6z^3+43z^2+110z+97,6w^4z^3+43w^3z^2+110w^2z+97w,False,False,"[[ 0 -1 -1  0  2 -1 -1  1  1],[ 1  0  0  0  2  0  0  1  1],[ 1  0  0  0  2  0  0  1  0],[ 0  0  0  0  0  0  1  0  0],[-2 -2 -2  0  0 -3 -1 -1 -1],[ 1  0  0  0  3  0 -1  1  1],[ 1  0  0 -1  1  1  0  1  2],[-1 -1 -1  0  1 -1 -1  0  1],[-1 -1  0  0  1 -1 -2 -1  0]]","[[ 0  2  1  1  0 -1 -1 -1 -1],[-2  0 -1 -1  0 -1 -2 -2 -3],[-1  1  0  1  0 -1 -1 -1 -1],[-1  1 -1  0  0 -2  0 -1 -1],[ 0  0  0  0  0  1  0  0  0],[ 1  1  1  2 -1  0  0  0  1],[ 1  2  1  0  0  0  0  0  0],[ 1  2  1  1  0  0  0  0  0],[ 1  3  1  1  0 -1  0  0  0]]",True,"[-2,-1,-1,0,1,1,1,1,1,1,0,1,2,2,3,-1,0,1,1,1,1,0,2,0,1,1,-1,0,0,0,0,0,-1,0,0,0]","[-2,-1,-1,0,1,1,1,1,0,0,2,0,1,1,2,-1,1,1,1,2,0,1,1,1,1,1,1,1,1,2,0,0,-1,0,0,0]",t^8+33t^6+124t^4+43t^2+1,"[-1,-1,-1,-1,0,1,1,2,-1,0,0,2,0,1,2,0,0,1,1,1,0,0,1,1,1,1,1,2,1,1,1,1,2,1,0,0]","[-2,-1,-1,0,1,1,1,1,0,0,2,0,1,1,2,-1,1,1,1,2,0,1,1,1,1,1,1,1,1,2,0,0,-1,0,0,0]","[-1,-1,-1,-1,0,1,1,2,-1,0,0,0,1,1,3,0,0,-1,1,2,1,0,0,1,0,2,0,1,1,2,0,0,0,1,1,1]",c,"[[{8, 1}, {2, 7}, {3, 6}, {4, 5}], [{8, 1}, {2, 7}, {4, 6}, {3, 5}], [{8, 1}, {2, 7}, {4, 6}, {5}, {3}], [{8, 1}, {2, 7}, {5, 6}, {3, 4}], [{8, 1}, {2, 7}, {5, 6}, {4}, {3}], [{8, 1}, {2, 7}, {6}, {4, 5}, {3}], [{8, 1}, {3, 7}, {2, 6}, {4, 5}], [{8, 1}, {3, 7}, {4, 6}, {2, 5}], [{8, 1}, {3, 7}, {5, 6}, {2, 4}], [{8, 1}, {4, 7}, {2, 6}, {3, 5}], [{8, 1}, {4, 7}, {2, 6}, {5}, {3}], [{8, 1}, {4, 7}, {3, 6}, {2, 5}], [{8, 1}, {4, 7}, {3, 6}, {5}, {2}], [{8, 1}, {4, 7}, {5, 6}, {2, 3}], [{8, 1}, {4, 7}, {6}, {5}, {2, 3}], [{8, 1}, {5, 7}, {2, 6}, {3, 4}], [{8, 1}, {5, 7}, {3, 6}, {2, 4}], [{8, 1}, {5, 7}, {4, 6}, {2, 3}], [{8, 1}, {6, 7}, {2, 5}, {3, 4}], [{8, 1}, {6, 7}, {3, 5}, {2, 4}], [{8, 1}, {6, 7}, {4, 5}, {2, 3}], [{8, 1}, {6, 7}, {5}, {3, 4}, {2}], [{8, 2}, {1, 7}, {3, 6}, {4, 5}], [{8, 2}, {1, 7}, {4, 6}, {3, 5}], [{8, 2}, {1, 7}, {5, 6}, {3, 4}], [{8, 2}, {3, 7}, {1, 6}, {4, 5}], [{8, 2}, {3, 7}, {4, 6}, {1, 5}], [{8, 2}, {3, 7}, {4, 6}, {5}, {1}], [{8, 2}, {3, 7}, {5, 6}, {1, 4}], [{8, 2}, {4, 7}, {1, 6}, {3, 5}], [{8, 2}, {4, 7}, {1, 6}, {5}, {3}], [{8, 2}, {4, 7}, {3, 6}, {1, 5}], [{8, 2}, {4, 7}, {5, 6}, {1, 3}], [{8, 2}, {4, 7}, {5, 6}, {3}, {1}], [{8, 2}, {4, 7}, {6}, {1, 5}, {3}], [{8, 2}, {5, 7}, {1, 6}, {3, 4}], [{8, 2}, {5, 7}, {3, 6}, {1, 4}], [{8, 2}, {5, 7}, {4, 6}, {1, 3}], [{8, 2}, {6, 7}, {1, 5}, {3, 4}], [{8, 2}, {6, 7}, {3, 5}, {1, 4}], [{8, 2}, {6, 7}, {4, 5}, {1, 3}], [{8, 2}, {6, 7}, {5}, {4}, {1, 3}], [{8, 3}, {1, 7}, {2, 6}, {4, 5}], [{8, 3}, {1, 7}, {4, 6}, {2, 5}], [{8, 3}, {1, 7}, {5, 6}, {2, 4}], [{8, 3}, {2, 7}, {1, 6}, {4, 5}], [{8, 3}, {2, 7}, {4, 6}, {1, 5}], [{8, 3}, {2, 7}, {4, 6}, {5}, {1}], [{8, 3}, {2, 7}, {5, 6}, {1, 4}], [{8, 3}, {2, 7}, {5, 6}, {4}, {1}], [{8, 3}, {2, 7}, {6}, {4, 5}, {1}], [{8, 3}, {4, 7}, {1, 6}, {2, 5}], [{8, 3}, {4, 7}, {1, 6}, {5}, {2}], [{8, 3}, {4, 7}, {2, 6}, {1, 5}], [{8, 3}, {4, 7}, {5, 6}, {1, 2}], [{8, 3}, {4, 7}, {5, 6}, {2}, {1}], [{8, 3}, {4, 7}, {6}, {1, 5}, {2}], [{8, 3}, {5, 7}, {1, 6}, {2, 4}], [{8, 3}, {5, 7}, {2, 6}, {1, 4}], [{8, 3}, {5, 7}, {4, 6}, {1, 2}], [{8, 3}, {5, 7}, {6}, {4}, {1, 2}], [{8, 3}, {6, 7}, {1, 5}, {2, 4}], [{8, 3}, {6, 7}, {2, 5}, {1, 4}], [{8, 3}, {6, 7}, {2, 5}, {4}, {1}], [{8, 3}, {6, 7}, {4, 5}, {1, 2}], [{8, 3}, {7}, {2, 6}, {5}, {1, 4}], [{8, 3}, {7}, {5, 6}, {2, 4}, {1}], [{8, 4}, {1, 7}, {2, 6}, {3, 5}], [{8, 4}, {1, 7}, {3, 6}, {2, 5}], [{8, 4}, {1, 7}, {5, 6}, {2, 3}], [{8, 4}, {1, 7}, {6}, {3, 5}, {2}], [{8, 4}, {2, 7}, {1, 6}, {3, 5}], [{8, 4}, {2, 7}, {3, 6}, {1, 5}], [{8, 4}, {2, 7}, {5, 6}, {1, 3}], [{8, 4}, {2, 7}, {6}, {3, 5}, {1}], [{8, 4}, {3, 7}, {1, 6}, {2, 5}], [{8, 4}, {3, 7}, {2, 6}, {1, 5}], [{8, 4}, {3, 7}, {5, 6}, {1, 2}], [{8, 4}, {5, 7}, {1, 6}, {2, 3}], [{8, 4}, {5, 7}, {2, 6}, {1, 3}], [{8, 4}, {5, 7}, {3, 6}, {1, 2}], [{8, 4}, {6, 7}, {1, 5}, {2, 3}], [{8, 4}, {6, 7}, {2, 5}, {1, 3}], [{8, 4}, {6, 7}, {2, 5}, {3}, {1}], [{8, 4}, {6, 7}, {3, 5}, {1, 2}], [{8, 4}, {6, 7}, {3, 5}, {2}, {1}], [{8, 4}, {6, 7}, {5}, {2, 3}, {1}], [{8, 4}, {7}, {1, 6}, {3, 5}, {2}], [{8, 4}, {7}, {2, 6}, {3, 5}, {1}], [{8, 4}, {7}, {6}, {3, 5}, {1, 2}], [{8, 4}, {7}, {6}, {3, 5}, {2}, {1}], [{8, 5}, {1, 7}, {2, 6}, {3, 4}], [{8, 5}, {1, 7}, {3, 6}, {2, 4}], [{8, 5}, {1, 7}, {4, 6}, {2, 3}], [{8, 5}, {2, 7}, {1, 6}, {3, 4}], [{8, 5}, {2, 7}, {1, 6}, {4}, {3}], [{8, 5}, {2, 7}, {3, 6}, {1, 4}], [{8, 5}, {2, 7}, {4, 6}, {1, 3}], [{8, 5}, {2, 7}, {4, 6}, {3}, {1}], [{8, 5}, {2, 7}, {6}, {1, 4}, {3}], [{8, 5}, {3, 7}, {1, 6}, {2, 4}], [{8, 5}, {3, 7}, {2, 6}, {1, 4}], [{8, 5}, {3, 7}, {4, 6}, {1, 2}], [{8, 5}, {4, 7}, {1, 6}, {2, 3}], [{8, 5}, {4, 7}, {2, 6}, {1, 3}], [{8, 5}, {4, 7}, {3, 6}, {1, 2}], [{8, 5}, {4, 7}, {6}, {2, 3}, {1}], [{8, 5}, {6, 7}, {1, 4}, {2, 3}], [{8, 5}, {6, 7}, {2, 4}, {1, 3}], [{8, 5}, {6, 7}, {3, 4}, {1, 2}], [{8, 6}, {1, 7}, {2, 5}, {3, 4}], [{8, 6}, {1, 7}, {3, 5}, {2, 4}], [{8, 6}, {1, 7}, {3, 5}, {4}, {2}], [{8, 6}, {1, 7}, {4, 5}, {2, 3}], [{8, 6}, {2, 7}, {1, 5}, {3, 4}], [{8, 6}, {2, 7}, {3, 5}, {1, 4}], [{8, 6}, {2, 7}, {3, 5}, {4}, {1}], [{8, 6}, {2, 7}, {4, 5}, {1, 3}], [{8, 6}, {3, 7}, {1, 5}, {2, 4}], [{8, 6}, {3, 7}, {1, 5}, {4}, {2}], [{8, 6}, {3, 7}, {2, 5}, {1, 4}], [{8, 6}, {3, 7}, {4, 5}, {1, 2}], [{8, 6}, {4, 7}, {1, 5}, {2, 3}], [{8, 6}, {4, 7}, {2, 5}, {1, 3}], [{8, 6}, {4, 7}, {3, 5}, {1, 2}], [{8, 6}, {4, 7}, {5}, {2, 3}, {1}], [{8, 6}, {5, 7}, {1, 4}, {2, 3}], [{8, 6}, {5, 7}, {2, 4}, {1, 3}], [{8, 6}, {5, 7}, {3, 4}, {1, 2}], [{8, 6}, {5, 7}, {4}, {2, 3}, {1}], [{8, 6}, {7}, {3, 5}, {4}, {1, 2}], [{8, 6}, {7}, {4, 5}, {2, 3}, {1}], [{8, 7}, {1, 6}, {2, 5}, {3, 4}], [{8, 7}, {1, 6}, {3, 5}, {2, 4}], [{8, 7}, {1, 6}, {4, 5}, {2, 3}], [{8, 7}, {2, 6}, {1, 5}, {3, 4}], [{8, 7}, {2, 6}, {3, 5}, {1, 4}], [{8, 7}, {2, 6}, {3, 5}, {4}, {1}], [{8, 7}, {2, 6}, {4, 5}, {1, 3}], [{8, 7}, {3, 6}, {1, 5}, {2, 4}], [{8, 7}, {3, 6}, {1, 5}, {4}, {2}], [{8, 7}, {3, 6}, {2, 5}, {1, 4}], [{8, 7}, {3, 6}, {4, 5}, {1, 2}], [{8, 7}, {3, 6}, {4, 5}, {2}, {1}], [{8, 7}, {3, 6}, {5}, {1, 4}, {2}], [{8, 7}, {4, 6}, {1, 5}, {2, 3}], [{8, 7}, {4, 6}, {2, 5}, {1, 3}], [{8, 7}, {4, 6}, {3, 5}, {1, 2}], [{8, 7}, {4, 6}, {5}, {2, 3}, {1}], [{8, 7}, {5, 6}, {1, 4}, {2, 3}], [{8, 7}, {5, 6}, {2, 4}, {1, 3}], [{8, 7}, {5, 6}, {3, 4}, {1, 2}], [{8}, {1, 7}, {2, 6}, {4, 5}, {3}], [{8}, {1, 7}, {4, 6}, {3, 5}, {2}], [{8}, {1, 7}, {5, 6}, {2, 4}, {3}], [{8}, {2, 7}, {4, 6}, {1, 5}, {3}], [{8}, {2, 7}, {4, 6}, {3, 5}, {1}], [{8}, {2, 7}, {4, 6}, {5}, {1, 3}], [{8}, {2, 7}, {4, 6}, {5}, {3}, {1}], [{8}, {2, 7}, {5, 6}, {4}, {1, 3}], [{8}, {2, 7}, {6}, {4, 5}, {1, 3}], [{8}, {4, 7}, {1, 6}, {5}, {2, 3}], [{8}, {4, 7}, {2, 6}, {3, 5}, {1}], [{8}, {4, 7}, {3, 6}, {2, 5}, {1}], [{8}, {4, 7}, {5, 6}, {2, 3}, {1}], [{8}, {4, 7}, {6}, {1, 5}, {2, 3}], [{8}, {5, 7}, {2, 6}, {4}, {1, 3}], [{8}, {5, 7}, {4, 6}, {1, 3}, {2}], [{8}, {5, 7}, {6}, {2, 4}, {1, 3}], [{8}, {6, 7}, {2, 5}, {3, 4}, {1}], [{8}, {7}, {4, 6}, {2, 5}, {1, 3}], [{8}, {7}, {4, 6}, {3, 5}, {1, 2}]]",2,- 6 K_1^2 - 4 K_1 K_2 + 2 K_1 + 3 K_2 + 2 K_3 + 4,O1O2O3O4U5U4U3O6O5U1O7U6U2O8U7U8,O1O2O3U2U1U4U5O6O7U6O4O8U7O5U3U8,O1O2O3U4U1O5U6O4O7U8O6O8U5U7U3U2,c,{'O1O2O3O4U5U6O5U3U7O6U4O8O7U2U1U8'},1,"<a href=""/flatknot/8.857636"">8.857636</a>",t^9-31t^7-44t^6+83t^5+82t^4-48t^3-8t^2+4t,-t^2+2t,,
8.857637,O1O2O3O4U5U6O5U3U7O6U4O8O7U8U1U2,4,3z^3+33z^2+109z+111,3w^4z^3+33w^3z^2+109w^2z+111w,False,False,"[[ 0 -1  1  0  2 -1 -1  1 -1],[ 1  0  1  0  2  0  0  2 -1],[-1 -1  0  0  2 -2 -2  0 -1],[ 0  0  0  0  0  0  1  0  0],[-2 -2 -2  0  0 -3 -1 -1 -1],[ 1  0  2  0  3  0 -1  1 -1],[ 1  0  2 -1  1  1  0  1  0],[-1 -2  0  0  1 -1 -1  0 -1],[ 1  1  1  0  1  1  0  1  0]]","[[ 0  2  1  1  0 -1 -1 -1 -1],[-2  0 -1 -2  0 -1 -1 -2 -3],[-1  1  0  0  0 -1 -1 -2 -1],[-1  2  0  0  0 -1 -2 -1 -2],[ 0  0  0  0  0  0  1  0  0],[ 1  1  1  1  0  0  0  1  1],[ 1  1  1  2 -1  0  0  0  1],[ 1  2  2  1  0 -1  0  0  0],[ 1  3  1  2  0 -1 -1  0  0]]",True,"[-2,-1,-1,0,1,1,1,1,1,2,0,1,1,2,3,0,0,1,1,2,1,0,1,2,1,2,0,-1,0,0,0,-1,-1,0,-1,0]","[-2,-1,-1,0,1,1,1,1,-1,0,2,0,1,2,2,0,1,0,1,0,1,1,1,0,1,1,1,1,2,1,0,-1,-1,0,-1,0]",t^8+41t^6+120t^4+61t^2+1,"[-1,-1,-1,-1,0,1,1,2,-1,-1,0,1,1,1,2,0,0,1,0,1,1,1,1,1,0,0,2,1,0,2,1,1,2,0,0,-1]","[-2,-1,-1,0,1,1,1,1,-1,0,2,0,1,2,2,0,1,0,1,0,1,1,1,0,1,1,1,1,2,1,0,-1,-1,0,-1,0]","[-1,-1,-1,-1,0,1,1,2,-1,-1,0,0,1,2,3,0,0,-1,1,2,1,1,0,1,1,1,0,2,1,2,0,0,0,0,1,2]",c,"[[{8, 1}, {5, 7}, {2, 6}, {3, 4}], [{8, 3}, {1, 7}, {2, 6}, {4, 5}], [{8, 3}, {1, 7}, {4, 6}, {2, 5}], [{8, 3}, {5, 7}, {2, 6}, {1, 4}], [{8, 3}, {5, 7}, {4, 6}, {1, 2}], [{8, 3}, {6, 7}, {4, 5}, {1, 2}], [{8, 4}, {1, 7}, {2, 6}, {3, 5}], [{8, 4}, {1, 7}, {3, 6}, {2, 5}], [{8, 4}, {5, 7}, {2, 6}, {1, 3}], [{8, 4}, {5, 7}, {3, 6}, {1, 2}], [{8, 4}, {6, 7}, {3, 5}, {1, 2}], [{8, 5}, {1, 7}, {2, 6}, {3, 4}], [{8, 5}, {6, 7}, {3, 4}, {1, 2}], [{8, 6}, {1, 7}, {2, 5}, {3, 4}], [{8, 6}, {5, 7}, {3, 4}, {1, 2}], [{8}, {5, 7}, {3, 6}, {4}, {1, 2}], [{8}, {6, 7}, {3, 5}, {4}, {1, 2}]]",1,12 K_1^3 - 22 K_1^2 - 16 K_1 K_2 - K_1 + 11 K_2 + 5 K_3 + 12,O1O2O3O4U3U4U5O6O5U1O7U6U2O8U7U8,O1O2O3U2U3U4U5O6O7U6O4O8U7O5U1U8,O1O2O3U4U3O5U6O4O7U8O6O8U5U7U1U2,c,{'O1O2O3O4U5U6O5U3U7O6U4O8O7U8U1U2'},1,"<a href=""/flatknot/8.857637"">8.857637</a>",t^9-39t^7-94t^6+61t^5+260t^4+107t^3-82t^2-50t-4,-t^2+2t,,
8.857638,O1O2O3O4U5U6O5U7U1O6U2O7O8U3U4U8,4,8z^3+48z^2+93z+59,8w^4z^3-8w^4z^2+56w^3z^2-8w^3z+101w^2z+59w,False,False,"[[ 0 -1  0  0  2 -1 -1 -1  2],[ 1  0  0  0  1  1  2  1  2],[ 0  0  0  0  1 -1  1  1  2],[ 0  0  0  0  1 -1  0  1  2],[-2 -1 -1 -1  0 -3 -2 -1  1],[ 1 -1  1  1  3  0 -1 -1  2],[ 1 -2 -1  0  2  1  0 -1  2],[ 1 -1 -1 -1  1  1  1  0  2],[-2 -2 -2 -2 -1 -2 -2 -2  0]]","[[ 0  2  2  0  0 -1 -1 -1 -1],[-2  0  1 -1 -1 -1 -1 -2 -3],[-2 -1  0 -2 -2 -2 -2 -2 -2],[ 0  1  2  0  0  1  0  1 -1],[ 0  1  2  0  0  1  0  0 -1],[ 1  1  2 -1 -1  0 -1  1  1],[ 1  1  2  0  0  1  0  2  1],[ 1  2  2 -1  0 -1 -2  0  1],[ 1  3  2  1  1 -1 -1 -1  0]]",True,"[-2,-2,0,0,1,1,1,1,-1,1,1,1,1,2,3,2,2,2,2,2,2,0,-1,0,-1,1,-1,0,0,1,1,-1,-1,-2,-1,-1]","[-2,-2,0,0,1,1,1,1,-1,0,0,1,1,1,1,1,1,0,1,2,2,0,0,1,1,2,0,2,1,2,-1,-1,-1,-2,-1,1]",t^8+56t^6+532t^4+175t^2+4,"[-1,-1,-1,-1,0,0,2,2,-2,-1,-1,1,1,1,2,-1,1,1,2,1,1,1,0,0,1,0,2,2,1,2,0,0,1,0,1,1]","[-2,-2,0,0,1,1,1,1,-1,0,0,1,1,1,1,1,1,0,1,2,2,0,0,1,1,2,0,2,1,2,-1,-1,-1,-2,-1,1]","[-1,-1,-1,-1,0,0,2,2,-2,-1,1,-1,0,2,2,1,1,0,0,1,2,1,-1,-1,1,2,1,1,3,2,0,1,2,1,2,1]",c,"[[{8, 1}, {2, 7}, {3, 6}, {4, 5}], [{8, 1}, {2, 7}, {3, 6}, {5}, {4}], [{8, 1}, {2, 7}, {4, 6}, {3, 5}], [{8, 1}, {2, 7}, {4, 6}, {5}, {3}], [{8, 1}, {2, 7}, {5, 6}, {3, 4}], [{8, 1}, {2, 7}, {5, 6}, {4}, {3}], [{8, 1}, {2, 7}, {6}, {3, 5}, {4}], [{8, 1}, {2, 7}, {6}, {4, 5}, {3}], [{8, 1}, {2, 7}, {6}, {5}, {3, 4}], [{8, 1}, {3, 7}, {2, 6}, {4, 5}], [{8, 1}, {3, 7}, {4, 6}, {2, 5}], [{8, 1}, {3, 7}, {5, 6}, {2, 4}], [{8, 1}, {4, 7}, {2, 6}, {3, 5}], [{8, 1}, {4, 7}, {2, 6}, {5}, {3}], [{8, 1}, {4, 7}, {3, 6}, {2, 5}], [{8, 1}, {4, 7}, {3, 6}, {5}, {2}], [{8, 1}, {4, 7}, {5, 6}, {2, 3}], [{8, 1}, {4, 7}, {5, 6}, {3}, {2}], [{8, 1}, {4, 7}, {6}, {2, 5}, {3}], [{8, 1}, {4, 7}, {6}, {3, 5}, {2}], [{8, 1}, {4, 7}, {6}, {5}, {2, 3}], [{8, 1}, {5, 7}, {2, 6}, {3, 4}], [{8, 1}, {5, 7}, {3, 6}, {2, 4}], [{8, 1}, {5, 7}, {4, 6}, {2, 3}], [{8, 1}, {6, 7}, {2, 5}, {3, 4}], [{8, 1}, {6, 7}, {3, 5}, {2, 4}], [{8, 1}, {6, 7}, {4, 5}, {2, 3}], [{8, 1}, {7}, {3, 6}, {5}, {2, 4}], [{8, 1}, {7}, {5, 6}, {2, 4}, {3}], [{8, 1}, {7}, {6}, {3, 5}, {2, 4}], [{8, 2}, {1, 7}, {3, 6}, {4, 5}], [{8, 2}, {1, 7}, {3, 6}, {5}, {4}], [{8, 2}, {1, 7}, {4, 6}, {3, 5}], [{8, 2}, {1, 7}, {4, 6}, {5}, {3}], [{8, 2}, {1, 7}, {5, 6}, {3, 4}], [{8, 2}, {1, 7}, {5, 6}, {4}, {3}], [{8, 2}, {1, 7}, {6}, {3, 5}, {4}], [{8, 2}, {1, 7}, {6}, {4, 5}, {3}], [{8, 2}, {1, 7}, {6}, {5}, {3, 4}], [{8, 2}, {3, 7}, {1, 6}, {4, 5}], [{8, 2}, {3, 7}, {4, 6}, {1, 5}], [{8, 2}, {3, 7}, {5, 6}, {1, 4}], [{8, 2}, {4, 7}, {1, 6}, {3, 5}], [{8, 2}, {4, 7}, {3, 6}, {1, 5}], [{8, 2}, {4, 7}, {5, 6}, {1, 3}], [{8, 2}, {4, 7}, {6}, {5}, {1, 3}], [{8, 2}, {5, 7}, {1, 6}, {3, 4}], [{8, 2}, {5, 7}, {3, 6}, {1, 4}], [{8, 2}, {5, 7}, {4, 6}, {1, 3}], [{8, 2}, {6, 7}, {1, 5}, {3, 4}], [{8, 2}, {6, 7}, {1, 5}, {4}, {3}], [{8, 2}, {6, 7}, {3, 5}, {1, 4}], [{8, 2}, {6, 7}, {4, 5}, {1, 3}], [{8, 3}, {1, 7}, {2, 6}, {4, 5}], [{8, 3}, {1, 7}, {2, 6}, {5}, {4}], [{8, 3}, {1, 7}, {4, 6}, {2, 5}], [{8, 3}, {1, 7}, {5, 6}, {2, 4}], [{8, 3}, {1, 7}, {6}, {4, 5}, {2}], [{8, 3}, {2, 7}, {1, 6}, {4, 5}], [{8, 3}, {2, 7}, {4, 6}, {1, 5}], [{8, 3}, {2, 7}, {5, 6}, {1, 4}], [{8, 3}, {2, 7}, {5, 6}, {4}, {1}], [{8, 3}, {4, 7}, {1, 6}, {2, 5}], [{8, 3}, {4, 7}, {2, 6}, {1, 5}], [{8, 3}, {4, 7}, {2, 6}, {5}, {1}], [{8, 3}, {4, 7}, {5, 6}, {1, 2}], [{8, 3}, {4, 7}, {6}, {1, 5}, {2}], [{8, 3}, {5, 7}, {1, 6}, {2, 4}], [{8, 3}, {5, 7}, {1, 6}, {4}, {2}], [{8, 3}, {5, 7}, {2, 6}, {1, 4}], [{8, 3}, {5, 7}, {2, 6}, {4}, {1}], [{8, 3}, {5, 7}, {4, 6}, {1, 2}], [{8, 3}, {5, 7}, {4, 6}, {2}, {1}], [{8, 3}, {5, 7}, {6}, {1, 4}, {2}], [{8, 3}, {5, 7}, {6}, {2, 4}, {1}], [{8, 3}, {5, 7}, {6}, {4}, {1, 2}], [{8, 3}, {5, 7}, {6}, {4}, {2}, {1}], [{8, 3}, {6, 7}, {1, 5}, {2, 4}], [{8, 3}, {6, 7}, {2, 5}, {1, 4}], [{8, 3}, {6, 7}, {2, 5}, {4}, {1}], [{8, 3}, {6, 7}, {4, 5}, {1, 2}], [{8, 3}, {7}, {2, 6}, {1, 5}, {4}], [{8, 3}, {7}, {2, 6}, {4, 5}, {1}], [{8, 3}, {7}, {2, 6}, {5}, {1, 4}], [{8, 3}, {7}, {2, 6}, {5}, {4}, {1}], [{8, 4}, {1, 7}, {2, 6}, {3, 5}], [{8, 4}, {1, 7}, {3, 6}, {2, 5}], [{8, 4}, {1, 7}, {5, 6}, {2, 3}], [{8, 4}, {1, 7}, {6}, {5}, {2, 3}], [{8, 4}, {2, 7}, {1, 6}, {3, 5}], [{8, 4}, {2, 7}, {3, 6}, {1, 5}], [{8, 4}, {2, 7}, {5, 6}, {1, 3}], [{8, 4}, {3, 7}, {1, 6}, {2, 5}], [{8, 4}, {3, 7}, {2, 6}, {1, 5}], [{8, 4}, {3, 7}, {5, 6}, {1, 2}], [{8, 4}, {5, 7}, {1, 6}, {2, 3}], [{8, 4}, {5, 7}, {2, 6}, {1, 3}], [{8, 4}, {5, 7}, {3, 6}, {1, 2}], [{8, 4}, {5, 7}, {3, 6}, {2}, {1}], [{8, 4}, {6, 7}, {1, 5}, {2, 3}], [{8, 4}, {6, 7}, {2, 5}, {1, 3}], [{8, 4}, {6, 7}, {3, 5}, {1, 2}], [{8, 4}, {7}, {6}, {2, 5}, {1, 3}], [{8, 5}, {1, 7}, {2, 6}, {3, 4}], [{8, 5}, {1, 7}, {3, 6}, {2, 4}], [{8, 5}, {1, 7}, {4, 6}, {2, 3}], [{8, 5}, {1, 7}, {6}, {4}, {2, 3}], [{8, 5}, {2, 7}, {1, 6}, {3, 4}], [{8, 5}, {2, 7}, {3, 6}, {1, 4}], [{8, 5}, {2, 7}, {4, 6}, {1, 3}], [{8, 5}, {2, 7}, {6}, {3, 4}, {1}], [{8, 5}, {3, 7}, {1, 6}, {2, 4}], [{8, 5}, {3, 7}, {1, 6}, {4}, {2}], [{8, 5}, {3, 7}, {2, 6}, {1, 4}], [{8, 5}, {3, 7}, {4, 6}, {1, 2}], [{8, 5}, {3, 7}, {4, 6}, {2}, {1}], [{8, 5}, {3, 7}, {6}, {1, 4}, {2}], [{8, 5}, {4, 7}, {1, 6}, {2, 3}], [{8, 5}, {4, 7}, {2, 6}, {1, 3}], [{8, 5}, {4, 7}, {3, 6}, {1, 2}], [{8, 5}, {6, 7}, {1, 4}, {2, 3}], [{8, 5}, {6, 7}, {1, 4}, {3}, {2}], [{8, 5}, {6, 7}, {2, 4}, {1, 3}], [{8, 5}, {6, 7}, {2, 4}, {3}, {1}], [{8, 5}, {6, 7}, {3, 4}, {1, 2}], [{8, 5}, {6, 7}, {4}, {3}, {1, 2}], [{8, 5}, {7}, {3, 6}, {1, 4}, {2}], [{8, 6}, {1, 7}, {2, 5}, {3, 4}], [{8, 6}, {1, 7}, {3, 5}, {2, 4}], [{8, 6}, {1, 7}, {4, 5}, {2, 3}], [{8, 6}, {2, 7}, {1, 5}, {3, 4}], [{8, 6}, {2, 7}, {3, 5}, {1, 4}], [{8, 6}, {2, 7}, {4, 5}, {1, 3}], [{8, 6}, {2, 7}, {4, 5}, {3}, {1}], [{8, 6}, {3, 7}, {1, 5}, {2, 4}], [{8, 6}, {3, 7}, {2, 5}, {1, 4}], [{8, 6}, {3, 7}, {4, 5}, {1, 2}], [{8, 6}, {4, 7}, {1, 5}, {2, 3}], [{8, 6}, {4, 7}, {2, 5}, {1, 3}], [{8, 6}, {4, 7}, {2, 5}, {3}, {1}], [{8, 6}, {4, 7}, {3, 5}, {1, 2}], [{8, 6}, {4, 7}, {5}, {1, 3}, {2}], [{8, 6}, {5, 7}, {1, 4}, {2, 3}], [{8, 6}, {5, 7}, {2, 4}, {1, 3}], [{8, 6}, {5, 7}, {3, 4}, {1, 2}], [{8, 6}, {5, 7}, {3, 4}, {2}, {1}], [{8, 6}, {7}, {3, 5}, {1, 4}, {2}], [{8, 7}, {1, 6}, {2, 5}, {3, 4}], [{8, 7}, {1, 6}, {3, 5}, {2, 4}], [{8, 7}, {1, 6}, {4, 5}, {2, 3}], [{8, 7}, {2, 6}, {1, 5}, {3, 4}], [{8, 7}, {2, 6}, {3, 5}, {1, 4}], [{8, 7}, {2, 6}, {4, 5}, {1, 3}], [{8, 7}, {2, 6}, {5}, {1, 4}, {3}], [{8, 7}, {3, 6}, {1, 5}, {2, 4}], [{8, 7}, {3, 6}, {2, 5}, {1, 4}], [{8, 7}, {3, 6}, {4, 5}, {1, 2}], [{8, 7}, {3, 6}, {5}, {4}, {1, 2}], [{8, 7}, {4, 6}, {1, 5}, {2, 3}], [{8, 7}, {4, 6}, {2, 5}, {1, 3}], [{8, 7}, {4, 6}, {3, 5}, {1, 2}], [{8, 7}, {5, 6}, {1, 4}, {2, 3}], [{8, 7}, {5, 6}, {2, 4}, {1, 3}], [{8, 7}, {5, 6}, {3, 4}, {1, 2}], [{8, 7}, {6}, {2, 5}, {3, 4}, {1}], [{8, 7}, {6}, {5}, {2, 4}, {1, 3}], [{8}, {1, 7}, {6}, {4, 5}, {2, 3}], [{8}, {2, 7}, {1, 6}, {4, 5}, {3}], [{8}, {2, 7}, {5, 6}, {4}, {1, 3}], [{8}, {2, 7}, {6}, {1, 5}, {3, 4}], [{8}, {3, 7}, {2, 6}, {5}, {1, 4}], [{8}, {4, 7}, {1, 6}, {2, 5}, {3}], [{8}, {4, 7}, {2, 6}, {5}, {1, 3}], [{8}, {6, 7}, {4, 5}, {1, 3}, {2}]]",2,- 16 K_1^4 + 8 K_1^3 + 16 K_1^2 K_2 - 4 K_1 K_2 - 4 K_1 K_3 - 4 K_1 + 2 K_2 + 3,O1O2O3O4U5U1U2O5O6U3O7U4U6O8U7U8,O1O2O3U4U5U1U2O6O7U6O8O4U7O5U8U3,O1O2O3U1U4O5U6O7O4U8O6O8U2U3U5U7,c,{'O1O2O3O4U5U6O5U7U1O6U2O7O8U3U4U8'},1,"<a href=""/flatknot/8.857638"">8.857638</a>",t^9-52t^7-216t^6-244t^5+184t^4+429t^3+52t^2-76t+14,-2t^2+4t,,
8.857639,O1O2O3O4U5U6O5U7U1O6U2O7O8U3U8U4,4,z^3+28z^2+110z+117,w^4z^3+28w^3z^2+110w^2z+117w,False,False,"[[ 0 -1  0  0  3 -1 -1 -1  1],[ 1  0  0  0  1  1  2  1  1],[ 0  0  0  0  1 -1  1  1  1],[ 0  0  0  0  2 -1  0  1  1],[-3 -1 -1 -2  0 -4 -3 -2  0],[ 1 -1  1  1  4  0 -1 -1  1],[ 1 -2 -1  0  3  1  0 -1  1],[ 1 -1 -1 -1  2  1  1  0  1],[-1 -1 -1 -1  0 -1 -1 -1  0]]","[[ 0  3  1  0  0 -1 -1 -1 -1],[-3  0  0 -1 -2 -1 -2 -3 -4],[-1  0  0 -1 -1 -1 -1 -1 -1],[ 0  1  1  0  0  0  1  1 -1],[ 0  2  1  0  0  0  1  0 -1],[ 1  1  1  0  0  0  1  2  1],[ 1  2  1 -1 -1 -1  0  1  1],[ 1  3  1 -1  0 -2 -1  0  1],[ 1  4  1  1  1 -1 -1 -1  0]]",True,"[-3,-1,0,0,1,1,1,1,0,1,2,1,2,3,4,1,1,1,1,1,1,0,0,-1,-1,1,0,-1,0,1,-1,-2,-1,-1,-1,-1]","[-3,-1,0,0,1,1,1,1,0,1,2,1,2,3,4,1,1,1,1,1,1,0,0,-1,-1,1,0,-1,0,1,-1,-2,-1,-1,-1,-1]",t^8+55t^6+448t^4+199t^2+1,"[-1,-1,-1,-1,0,0,1,3,-2,-1,-1,1,1,1,3,-1,1,1,2,1,1,1,0,0,1,0,2,2,1,2,0,0,1,0,2,2]","[-3,-1,0,0,1,1,1,1,2,1,2,0,1,2,3,0,0,1,1,1,1,0,0,1,2,1,0,2,2,1,-1,-1,-1,-1,-2,-1]","[-1,-1,-1,-1,0,0,1,3,-2,-1,1,-1,0,1,3,1,1,0,0,1,1,1,-1,-1,1,2,1,1,1,4,0,1,1,1,2,0]",c,"[[{8, 1}, {2, 7}, {3, 6}, {4, 5}], [{8, 1}, {2, 7}, {3, 6}, {5}, {4}], [{8, 1}, {2, 7}, {4, 6}, {3, 5}], [{8, 1}, {2, 7}, {5, 6}, {3, 4}], [{8, 1}, {3, 7}, {2, 6}, {4, 5}], [{8, 1}, {3, 7}, {2, 6}, {5}, {4}], [{8, 1}, {3, 7}, {4, 6}, {2, 5}], [{8, 1}, {3, 7}, {5, 6}, {2, 4}], [{8, 1}, {4, 7}, {2, 6}, {3, 5}], [{8, 1}, {4, 7}, {2, 6}, {5}, {3}], [{8, 1}, {4, 7}, {3, 6}, {2, 5}], [{8, 1}, {4, 7}, {3, 6}, {5}, {2}], [{8, 1}, {4, 7}, {5, 6}, {2, 3}], [{8, 1}, {4, 7}, {5, 6}, {3}, {2}], [{8, 1}, {4, 7}, {6}, {2, 5}, {3}], [{8, 1}, {4, 7}, {6}, {3, 5}, {2}], [{8, 1}, {4, 7}, {6}, {5}, {2, 3}], [{8, 1}, {5, 7}, {2, 6}, {3, 4}], [{8, 1}, {5, 7}, {3, 6}, {2, 4}], [{8, 1}, {5, 7}, {4, 6}, {2, 3}], [{8, 1}, {5, 7}, {4, 6}, {3}, {2}], [{8, 1}, {6, 7}, {2, 5}, {3, 4}], [{8, 1}, {6, 7}, {3, 5}, {2, 4}], [{8, 1}, {6, 7}, {4, 5}, {2, 3}], [{8, 1}, {6, 7}, {4, 5}, {3}, {2}], [{8, 1}, {7}, {2, 6}, {5}, {3, 4}], [{8, 1}, {7}, {3, 6}, {5}, {2, 4}], [{8, 2}, {1, 7}, {3, 6}, {4, 5}], [{8, 2}, {1, 7}, {3, 6}, {5}, {4}], [{8, 2}, {1, 7}, {4, 6}, {3, 5}], [{8, 2}, {1, 7}, {4, 6}, {5}, {3}], [{8, 2}, {1, 7}, {5, 6}, {3, 4}], [{8, 2}, {1, 7}, {6}, {5}, {3, 4}], [{8, 2}, {3, 7}, {1, 6}, {4, 5}], [{8, 2}, {3, 7}, {1, 6}, {5}, {4}], [{8, 2}, {3, 7}, {4, 6}, {1, 5}], [{8, 2}, {3, 7}, {5, 6}, {1, 4}], [{8, 2}, {4, 7}, {1, 6}, {3, 5}], [{8, 2}, {4, 7}, {3, 6}, {1, 5}], [{8, 2}, {4, 7}, {5, 6}, {1, 3}], [{8, 2}, {5, 7}, {1, 6}, {3, 4}], [{8, 2}, {5, 7}, {3, 6}, {1, 4}], [{8, 2}, {5, 7}, {4, 6}, {1, 3}], [{8, 2}, {5, 7}, {4, 6}, {3}, {1}], [{8, 2}, {6, 7}, {1, 5}, {3, 4}], [{8, 2}, {6, 7}, {3, 5}, {1, 4}], [{8, 2}, {6, 7}, {4, 5}, {1, 3}], [{8, 2}, {7}, {4, 6}, {1, 5}, {3}], [{8, 2}, {7}, {5, 6}, {4}, {1, 3}], [{8, 2}, {7}, {6}, {3, 5}, {1, 4}], [{8, 3}, {1, 7}, {2, 6}, {4, 5}], [{8, 3}, {1, 7}, {2, 6}, {5}, {4}], [{8, 3}, {1, 7}, {4, 6}, {2, 5}], [{8, 3}, {1, 7}, {4, 6}, {5}, {2}], [{8, 3}, {1, 7}, {5, 6}, {2, 4}], [{8, 3}, {1, 7}, {6}, {5}, {2, 4}], [{8, 3}, {2, 7}, {1, 6}, {4, 5}], [{8, 3}, {2, 7}, {4, 6}, {1, 5}], [{8, 3}, {2, 7}, {5, 6}, {1, 4}], [{8, 3}, {2, 7}, {6}, {1, 5}, {4}], [{8, 3}, {2, 7}, {6}, {4, 5}, {1}], [{8, 3}, {2, 7}, {6}, {5}, {1, 4}], [{8, 3}, {4, 7}, {1, 6}, {2, 5}], [{8, 3}, {4, 7}, {2, 6}, {1, 5}], [{8, 3}, {4, 7}, {5, 6}, {1, 2}], [{8, 3}, {4, 7}, {6}, {2, 5}, {1}], [{8, 3}, {5, 7}, {1, 6}, {2, 4}], [{8, 3}, {5, 7}, {2, 6}, {1, 4}], [{8, 3}, {5, 7}, {4, 6}, {1, 2}], [{8, 3}, {5, 7}, {4, 6}, {2}, {1}], [{8, 3}, {6, 7}, {1, 5}, {2, 4}], [{8, 3}, {6, 7}, {2, 5}, {1, 4}], [{8, 3}, {6, 7}, {4, 5}, {1, 2}], [{8, 3}, {7}, {4, 6}, {1, 5}, {2}], [{8, 4}, {1, 7}, {2, 6}, {3, 5}], [{8, 4}, {1, 7}, {2, 6}, {5}, {3}], [{8, 4}, {1, 7}, {3, 6}, {2, 5}], [{8, 4}, {1, 7}, {3, 6}, {5}, {2}], [{8, 4}, {1, 7}, {5, 6}, {2, 3}], [{8, 4}, {1, 7}, {6}, {5}, {2, 3}], [{8, 4}, {2, 7}, {1, 6}, {3, 5}], [{8, 4}, {2, 7}, {3, 6}, {1, 5}], [{8, 4}, {2, 7}, {5, 6}, {1, 3}], [{8, 4}, {2, 7}, {6}, {1, 5}, {3}], [{8, 4}, {3, 7}, {1, 6}, {2, 5}], [{8, 4}, {3, 7}, {2, 6}, {1, 5}], [{8, 4}, {3, 7}, {5, 6}, {1, 2}], [{8, 4}, {3, 7}, {6}, {5}, {1, 2}], [{8, 4}, {5, 7}, {1, 6}, {2, 3}], [{8, 4}, {5, 7}, {2, 6}, {1, 3}], [{8, 4}, {5, 7}, {3, 6}, {1, 2}], [{8, 4}, {5, 7}, {3, 6}, {2}, {1}], [{8, 4}, {6, 7}, {1, 5}, {2, 3}], [{8, 4}, {6, 7}, {2, 5}, {1, 3}], [{8, 4}, {6, 7}, {3, 5}, {1, 2}], [{8, 4}, {7}, {3, 6}, {1, 5}, {2}], [{8, 4}, {7}, {6}, {2, 5}, {1, 3}], [{8, 5}, {1, 7}, {2, 6}, {3, 4}], [{8, 5}, {1, 7}, {3, 6}, {2, 4}], [{8, 5}, {1, 7}, {4, 6}, {2, 3}], [{8, 5}, {1, 7}, {4, 6}, {3}, {2}], [{8, 5}, {1, 7}, {6}, {4}, {2, 3}], [{8, 5}, {2, 7}, {1, 6}, {3, 4}], [{8, 5}, {2, 7}, {3, 6}, {1, 4}], [{8, 5}, {2, 7}, {3, 6}, {4}, {1}], [{8, 5}, {2, 7}, {4, 6}, {1, 3}], [{8, 5}, {3, 7}, {1, 6}, {2, 4}], [{8, 5}, {3, 7}, {2, 6}, {1, 4}], [{8, 5}, {3, 7}, {4, 6}, {1, 2}], [{8, 5}, {3, 7}, {6}, {1, 4}, {2}], [{8, 5}, {3, 7}, {6}, {2, 4}, {1}], [{8, 5}, {3, 7}, {6}, {4}, {1, 2}], [{8, 5}, {4, 7}, {1, 6}, {2, 3}], [{8, 5}, {4, 7}, {1, 6}, {3}, {2}], [{8, 5}, {4, 7}, {2, 6}, {1, 3}], [{8, 5}, {4, 7}, {2, 6}, {3}, {1}], [{8, 5}, {4, 7}, {3, 6}, {1, 2}], [{8, 5}, {4, 7}, {6}, {3}, {1, 2}], [{8, 5}, {6, 7}, {1, 4}, {2, 3}], [{8, 5}, {6, 7}, {1, 4}, {3}, {2}], [{8, 5}, {6, 7}, {2, 4}, {1, 3}], [{8, 5}, {6, 7}, {3, 4}, {1, 2}], [{8, 5}, {7}, {2, 6}, {4}, {1, 3}], [{8, 5}, {7}, {3, 6}, {1, 4}, {2}], [{8, 5}, {7}, {6}, {3, 4}, {1, 2}], [{8, 6}, {1, 7}, {2, 5}, {3, 4}], [{8, 6}, {1, 7}, {3, 5}, {2, 4}], [{8, 6}, {1, 7}, {4, 5}, {2, 3}], [{8, 6}, {1, 7}, {5}, {2, 4}, {3}], [{8, 6}, {1, 7}, {5}, {3, 4}, {2}], [{8, 6}, {1, 7}, {5}, {4}, {2, 3}], [{8, 6}, {2, 7}, {1, 5}, {3, 4}], [{8, 6}, {2, 7}, {1, 5}, {4}, {3}], [{8, 6}, {2, 7}, {3, 5}, {1, 4}], [{8, 6}, {2, 7}, {4, 5}, {1, 3}], [{8, 6}, {3, 7}, {1, 5}, {2, 4}], [{8, 6}, {3, 7}, {2, 5}, {1, 4}], [{8, 6}, {3, 7}, {4, 5}, {1, 2}], [{8, 6}, {3, 7}, {5}, {4}, {1, 2}], [{8, 6}, {4, 7}, {1, 5}, {2, 3}], [{8, 6}, {4, 7}, {2, 5}, {1, 3}], [{8, 6}, {4, 7}, {3, 5}, {1, 2}], [{8, 6}, {5, 7}, {1, 4}, {2, 3}], [{8, 6}, {5, 7}, {2, 4}, {1, 3}], [{8, 6}, {5, 7}, {3, 4}, {1, 2}], [{8, 6}, {5, 7}, {3, 4}, {2}, {1}], [{8, 6}, {7}, {1, 5}, {3, 4}, {2}], [{8, 6}, {7}, {2, 5}, {4}, {1, 3}], [{8, 7}, {1, 6}, {2, 5}, {3, 4}], [{8, 7}, {1, 6}, {2, 5}, {4}, {3}], [{8, 7}, {1, 6}, {3, 5}, {2, 4}], [{8, 7}, {1, 6}, {4, 5}, {2, 3}], [{8, 7}, {1, 6}, {4, 5}, {3}, {2}], [{8, 7}, {1, 6}, {5}, {2, 4}, {3}], [{8, 7}, {2, 6}, {1, 5}, {3, 4}], [{8, 7}, {2, 6}, {3, 5}, {1, 4}], [{8, 7}, {2, 6}, {4, 5}, {1, 3}], [{8, 7}, {2, 6}, {5}, {3, 4}, {1}], [{8, 7}, {3, 6}, {1, 5}, {2, 4}], [{8, 7}, {3, 6}, {2, 5}, {1, 4}], [{8, 7}, {3, 6}, {2, 5}, {4}, {1}], [{8, 7}, {3, 6}, {4, 5}, {1, 2}], [{8, 7}, {3, 6}, {4, 5}, {2}, {1}], [{8, 7}, {3, 6}, {5}, {2, 4}, {1}], [{8, 7}, {4, 6}, {1, 5}, {2, 3}], [{8, 7}, {4, 6}, {1, 5}, {3}, {2}], [{8, 7}, {4, 6}, {2, 5}, {1, 3}], [{8, 7}, {4, 6}, {3, 5}, {1, 2}], [{8, 7}, {5, 6}, {1, 4}, {2, 3}], [{8, 7}, {5, 6}, {1, 4}, {3}, {2}], [{8, 7}, {5, 6}, {2, 4}, {1, 3}], [{8, 7}, {5, 6}, {3, 4}, {1, 2}], [{8, 7}, {6}, {2, 5}, {4}, {1, 3}], [{8, 7}, {6}, {4, 5}, {1, 3}, {2}], [{8, 7}, {6}, {5}, {1, 4}, {2, 3}], [{8, 7}, {6}, {5}, {2, 4}, {1, 3}], [{8}, {1, 7}, {2, 6}, {5}, {3, 4}], [{8}, {1, 7}, {3, 6}, {5}, {2, 4}], [{8}, {1, 7}, {4, 6}, {2, 5}, {3}], [{8}, {1, 7}, {4, 6}, {3, 5}, {2}], [{8}, {1, 7}, {4, 6}, {5}, {2, 3}], [{8}, {1, 7}, {4, 6}, {5}, {3}, {2}], [{8}, {1, 7}, {5, 6}, {4}, {2, 3}], [{8}, {1, 7}, {6}, {4, 5}, {2, 3}], [{8}, {1, 7}, {6}, {5}, {4}, {2, 3}], [{8}, {2, 7}, {3, 6}, {1, 5}, {4}], [{8}, {2, 7}, {4, 6}, {1, 5}, {3}], [{8}, {2, 7}, {4, 6}, {3, 5}, {1}], [{8}, {2, 7}, {4, 6}, {5}, {1, 3}], [{8}, {2, 7}, {6}, {1, 5}, {3, 4}], [{8}, {2, 7}, {6}, {1, 5}, {4}, {3}], [{8}, {3, 7}, {4, 6}, {1, 5}, {2}], [{8}, {3, 7}, {4, 6}, {2, 5}, {1}], [{8}, {3, 7}, {4, 6}, {5}, {1, 2}], [{8}, {3, 7}, {5, 6}, {4}, {1, 2}], [{8}, {3, 7}, {6}, {4, 5}, {1, 2}], [{8}, {3, 7}, {6}, {5}, {4}, {1, 2}], [{8}, {4, 7}, {2, 6}, {1, 5}, {3}], [{8}, {4, 7}, {6}, {2, 5}, {1, 3}], [{8}, {5, 7}, {4, 6}, {1, 3}, {2}], [{8}, {5, 7}, {4, 6}, {2, 3}, {1}], [{8}, {5, 7}, {4, 6}, {3}, {1, 2}], [{8}, {5, 7}, {4, 6}, {3}, {2}, {1}], [{8}, {6, 7}, {1, 5}, {2, 4}, {3}], [{8}, {6, 7}, {2, 5}, {4}, {1, 3}], [{8}, {6, 7}, {4, 5}, {2, 3}, {1}], [{8}, {7}, {1, 6}, {4, 5}, {2, 3}], [{8}, {7}, {4, 6}, {1, 5}, {2, 3}], [{8}, {7}, {4, 6}, {1, 5}, {3}, {2}], [{8}, {7}, {4, 6}, {2, 5}, {1, 3}], [{8}, {7}, {4, 6}, {3, 5}, {1, 2}], [{8}, {7}, {6}, {2, 5}, {4}, {1, 3}]]",2,4 K_1^3 - 8 K_1^2 - 10 K_1 K_2 + 2 K_1 + 4 K_2 + 4 K_3 + 5,O1O2O3O4U1U5U2O5O6U3O7U4U6O8U7U8,O1O2O3U4U5U1U3O6O7U6O8O4U7O5U8U2,O1O2O3U2U4O5U6O7O4U8O6O8U1U3U5U7,c,{'O1O2O3O4U5U6O5U7U1O6U2O7O8U3U8U4'},1,"<a href=""/flatknot/8.857639"">8.857639</a>",t^9-49t^7-176t^6-138t^5+226t^4+323t^3-18t^2-101t+4,-t^3+3t,,
8.857640,O1O2O3O4U5U6O5U7U1O6U2O7O8U4U3U8,4,9z^3+56z^2+114z+77,9w^4z^3+56w^3z^2+114w^2z+77w,False,False,"[[ 0 -1  0  1  1 -1 -1 -1  2],[ 1  0  0  1  0  1  2  1  2],[ 0  0  0  1  0 -1  1  1  2],[-1 -1 -1  0  0 -2 -1  0  2],[-1  0  0  0  0 -2 -1  0  1],[ 1 -1  1  2  2  0 -1 -1  2],[ 1 -2 -1  1  1  1  0 -1  2],[ 1 -1 -1  0  0  1  1  0  2],[-2 -2 -2 -2 -1 -2 -2 -2  0]]","[[ 0  2  1  1  0 -1 -1 -1 -1],[-2  0 -1 -2 -2 -2 -2 -2 -2],[-1  1  0  0  0  0  0 -1 -2],[-1  2  0  0 -1  0 -1 -1 -2],[ 0  2  0  1  0  1  0  1 -1],[ 1  2  0  0 -1  0 -1  1  1],[ 1  2  0  1  0  1  0  2  1],[ 1  2  1  1 -1 -1 -2  0  1],[ 1  2  2  2  1 -1 -1 -1  0]]",True,"[-2,-1,-1,0,1,1,1,1,1,2,2,2,2,2,2,0,0,0,0,1,2,1,0,1,1,2,-1,0,-1,1,1,-1,-1,-2,-1,-1]","[-2,-1,-1,0,1,1,1,1,-1,0,0,1,1,1,1,0,0,0,1,1,2,1,0,1,2,2,0,2,1,2,-1,-1,-1,-2,-1,1]",t^8+49t^6+453t^4+134t^2+1,"[-1,-1,-1,-1,0,1,1,2,-2,-1,-1,1,1,2,1,-1,1,2,1,1,1,1,0,0,0,1,2,2,2,1,0,1,0,0,-1,0]","[-2,-1,-1,0,1,1,1,1,-1,0,0,1,1,1,1,0,0,0,1,1,2,1,0,1,2,2,0,2,1,2,-1,-1,-1,-2,-1,1]","[-1,-1,-1,-1,0,1,1,2,-2,-1,1,-1,1,1,2,1,1,0,0,1,2,1,-1,0,0,2,1,2,2,2,0,1,2,0,1,2]",c,"[[{8, 1}, {2, 7}, {3, 6}, {4, 5}], [{8, 1}, {2, 7}, {3, 6}, {5}, {4}], [{8, 1}, {2, 7}, {4, 6}, {3, 5}], [{8, 1}, {2, 7}, {4, 6}, {5}, {3}], [{8, 1}, {2, 7}, {5, 6}, {3, 4}], [{8, 1}, {2, 7}, {5, 6}, {4}, {3}], [{8, 1}, {2, 7}, {6}, {3, 5}, {4}], [{8, 1}, {2, 7}, {6}, {4, 5}, {3}], [{8, 1}, {2, 7}, {6}, {5}, {3, 4}], [{8, 1}, {2, 7}, {6}, {5}, {4}, {3}], [{8, 1}, {3, 7}, {2, 6}, {4, 5}], [{8, 1}, {3, 7}, {2, 6}, {5}, {4}], [{8, 1}, {3, 7}, {4, 6}, {2, 5}], [{8, 1}, {3, 7}, {5, 6}, {2, 4}], [{8, 1}, {4, 7}, {2, 6}, {3, 5}], [{8, 1}, {4, 7}, {3, 6}, {2, 5}], [{8, 1}, {4, 7}, {5, 6}, {2, 3}], [{8, 1}, {5, 7}, {2, 6}, {3, 4}], [{8, 1}, {5, 7}, {3, 6}, {2, 4}], [{8, 1}, {5, 7}, {4, 6}, {2, 3}], [{8, 1}, {6, 7}, {2, 5}, {3, 4}], [{8, 1}, {6, 7}, {3, 5}, {2, 4}], [{8, 1}, {6, 7}, {4, 5}, {2, 3}], [{8, 1}, {6, 7}, {5}, {4}, {2, 3}], [{8, 2}, {1, 7}, {3, 6}, {4, 5}], [{8, 2}, {1, 7}, {3, 6}, {5}, {4}], [{8, 2}, {1, 7}, {4, 6}, {3, 5}], [{8, 2}, {1, 7}, {4, 6}, {5}, {3}], [{8, 2}, {1, 7}, {5, 6}, {3, 4}], [{8, 2}, {1, 7}, {5, 6}, {4}, {3}], [{8, 2}, {1, 7}, {6}, {3, 5}, {4}], [{8, 2}, {1, 7}, {6}, {4, 5}, {3}], [{8, 2}, {1, 7}, {6}, {5}, {3, 4}], [{8, 2}, {1, 7}, {6}, {5}, {4}, {3}], [{8, 2}, {3, 7}, {1, 6}, {4, 5}], [{8, 2}, {3, 7}, {4, 6}, {1, 5}], [{8, 2}, {3, 7}, {4, 6}, {5}, {1}], [{8, 2}, {3, 7}, {5, 6}, {1, 4}], [{8, 2}, {4, 7}, {1, 6}, {3, 5}], [{8, 2}, {4, 7}, {3, 6}, {1, 5}], [{8, 2}, {4, 7}, {3, 6}, {5}, {1}], [{8, 2}, {4, 7}, {5, 6}, {1, 3}], [{8, 2}, {5, 7}, {1, 6}, {3, 4}], [{8, 2}, {5, 7}, {3, 6}, {1, 4}], [{8, 2}, {5, 7}, {4, 6}, {1, 3}], [{8, 2}, {6, 7}, {1, 5}, {3, 4}], [{8, 2}, {6, 7}, {3, 5}, {1, 4}], [{8, 2}, {6, 7}, {4, 5}, {1, 3}], [{8, 2}, {7}, {3, 6}, {5}, {1, 4}], [{8, 2}, {7}, {4, 6}, {5}, {1, 3}], [{8, 3}, {1, 7}, {2, 6}, {4, 5}], [{8, 3}, {1, 7}, {4, 6}, {2, 5}], [{8, 3}, {1, 7}, {4, 6}, {5}, {2}], [{8, 3}, {1, 7}, {5, 6}, {2, 4}], [{8, 3}, {2, 7}, {1, 6}, {4, 5}], [{8, 3}, {2, 7}, {4, 6}, {1, 5}], [{8, 3}, {2, 7}, {5, 6}, {1, 4}], [{8, 3}, {2, 7}, {6}, {1, 5}, {4}], [{8, 3}, {4, 7}, {1, 6}, {2, 5}], [{8, 3}, {4, 7}, {2, 6}, {1, 5}], [{8, 3}, {4, 7}, {2, 6}, {5}, {1}], [{8, 3}, {4, 7}, {5, 6}, {1, 2}], [{8, 3}, {5, 7}, {1, 6}, {2, 4}], [{8, 3}, {5, 7}, {2, 6}, {1, 4}], [{8, 3}, {5, 7}, {4, 6}, {1, 2}], [{8, 3}, {5, 7}, {4, 6}, {2}, {1}], [{8, 3}, {6, 7}, {1, 5}, {2, 4}], [{8, 3}, {6, 7}, {2, 5}, {1, 4}], [{8, 3}, {6, 7}, {4, 5}, {1, 2}], [{8, 3}, {7}, {4, 6}, {1, 5}, {2}], [{8, 4}, {1, 7}, {2, 6}, {3, 5}], [{8, 4}, {1, 7}, {3, 6}, {2, 5}], [{8, 4}, {1, 7}, {3, 6}, {5}, {2}], [{8, 4}, {1, 7}, {5, 6}, {2, 3}], [{8, 4}, {2, 7}, {1, 6}, {3, 5}], [{8, 4}, {2, 7}, {3, 6}, {1, 5}], [{8, 4}, {2, 7}, {5, 6}, {1, 3}], [{8, 4}, {2, 7}, {6}, {1, 5}, {3}], [{8, 4}, {3, 7}, {1, 6}, {2, 5}], [{8, 4}, {3, 7}, {2, 6}, {1, 5}], [{8, 4}, {3, 7}, {5, 6}, {1, 2}], [{8, 4}, {5, 7}, {1, 6}, {2, 3}], [{8, 4}, {5, 7}, {2, 6}, {1, 3}], [{8, 4}, {5, 7}, {3, 6}, {1, 2}], [{8, 4}, {5, 7}, {3, 6}, {2}, {1}], [{8, 4}, {6, 7}, {1, 5}, {2, 3}], [{8, 4}, {6, 7}, {2, 5}, {1, 3}], [{8, 4}, {6, 7}, {3, 5}, {1, 2}], [{8, 4}, {6, 7}, {5}, {3}, {1, 2}], [{8, 4}, {7}, {2, 6}, {5}, {1, 3}], [{8, 4}, {7}, {3, 6}, {1, 5}, {2}], [{8, 5}, {1, 7}, {2, 6}, {3, 4}], [{8, 5}, {1, 7}, {3, 6}, {2, 4}], [{8, 5}, {1, 7}, {4, 6}, {2, 3}], [{8, 5}, {2, 7}, {1, 6}, {3, 4}], [{8, 5}, {2, 7}, {1, 6}, {4}, {3}], [{8, 5}, {2, 7}, {3, 6}, {1, 4}], [{8, 5}, {2, 7}, {3, 6}, {4}, {1}], [{8, 5}, {2, 7}, {4, 6}, {1, 3}], [{8, 5}, {2, 7}, {4, 6}, {3}, {1}], [{8, 5}, {2, 7}, {6}, {1, 4}, {3}], [{8, 5}, {2, 7}, {6}, {3, 4}, {1}], [{8, 5}, {2, 7}, {6}, {4}, {1, 3}], [{8, 5}, {2, 7}, {6}, {4}, {3}, {1}], [{8, 5}, {3, 7}, {1, 6}, {2, 4}], [{8, 5}, {3, 7}, {2, 6}, {1, 4}], [{8, 5}, {3, 7}, {4, 6}, {1, 2}], [{8, 5}, {4, 7}, {1, 6}, {2, 3}], [{8, 5}, {4, 7}, {2, 6}, {1, 3}], [{8, 5}, {4, 7}, {3, 6}, {1, 2}], [{8, 5}, {4, 7}, {6}, {1, 3}, {2}], [{8, 5}, {6, 7}, {1, 4}, {2, 3}], [{8, 5}, {6, 7}, {2, 4}, {1, 3}], [{8, 5}, {6, 7}, {3, 4}, {1, 2}], [{8, 5}, {7}, {6}, {2, 4}, {1, 3}], [{8, 6}, {1, 7}, {2, 5}, {3, 4}], [{8, 6}, {1, 7}, {3, 5}, {2, 4}], [{8, 6}, {1, 7}, {4, 5}, {2, 3}], [{8, 6}, {2, 7}, {1, 5}, {3, 4}], [{8, 6}, {2, 7}, {1, 5}, {4}, {3}], [{8, 6}, {2, 7}, {3, 5}, {1, 4}], [{8, 6}, {2, 7}, {4, 5}, {1, 3}], [{8, 6}, {3, 7}, {1, 5}, {2, 4}], [{8, 6}, {3, 7}, {2, 5}, {1, 4}], [{8, 6}, {3, 7}, {4, 5}, {1, 2}], [{8, 6}, {4, 7}, {1, 5}, {2, 3}], [{8, 6}, {4, 7}, {2, 5}, {1, 3}], [{8, 6}, {4, 7}, {3, 5}, {1, 2}], [{8, 6}, {4, 7}, {5}, {1, 3}, {2}], [{8, 6}, {5, 7}, {1, 4}, {2, 3}], [{8, 6}, {5, 7}, {2, 4}, {1, 3}], [{8, 6}, {5, 7}, {3, 4}, {1, 2}], [{8, 6}, {5, 7}, {3, 4}, {2}, {1}], [{8, 6}, {7}, {3, 5}, {1, 4}, {2}], [{8, 7}, {1, 6}, {2, 5}, {3, 4}], [{8, 7}, {1, 6}, {2, 5}, {4}, {3}], [{8, 7}, {1, 6}, {3, 5}, {2, 4}], [{8, 7}, {1, 6}, {4, 5}, {2, 3}], [{8, 7}, {2, 6}, {1, 5}, {3, 4}], [{8, 7}, {2, 6}, {3, 5}, {1, 4}], [{8, 7}, {2, 6}, {4, 5}, {1, 3}], [{8, 7}, {2, 6}, {4, 5}, {3}, {1}], [{8, 7}, {3, 6}, {1, 5}, {2, 4}], [{8, 7}, {3, 6}, {2, 5}, {1, 4}], [{8, 7}, {3, 6}, {2, 5}, {4}, {1}], [{8, 7}, {3, 6}, {4, 5}, {1, 2}], [{8, 7}, {4, 6}, {1, 5}, {2, 3}], [{8, 7}, {4, 6}, {2, 5}, {1, 3}], [{8, 7}, {4, 6}, {2, 5}, {3}, {1}], [{8, 7}, {4, 6}, {3, 5}, {1, 2}], [{8, 7}, {5, 6}, {1, 4}, {2, 3}], [{8, 7}, {5, 6}, {2, 4}, {1, 3}], [{8, 7}, {5, 6}, {2, 4}, {3}, {1}], [{8, 7}, {5, 6}, {3, 4}, {1, 2}], [{8, 7}, {6}, {2, 5}, {1, 4}, {3}], [{8, 7}, {6}, {2, 5}, {3, 4}, {1}], [{8, 7}, {6}, {2, 5}, {4}, {1, 3}], [{8, 7}, {6}, {2, 5}, {4}, {3}, {1}], [{8, 7}, {6}, {3, 5}, {1, 4}, {2}], [{8, 7}, {6}, {5}, {1, 4}, {2, 3}], [{8}, {1, 7}, {3, 6}, {5}, {2, 4}], [{8}, {1, 7}, {4, 6}, {5}, {2, 3}], [{8}, {2, 7}, {3, 6}, {1, 5}, {4}], [{8}, {2, 7}, {4, 6}, {1, 5}, {3}], [{8}, {2, 7}, {6}, {1, 5}, {3, 4}], [{8}, {2, 7}, {6}, {1, 5}, {4}, {3}], [{8}, {4, 7}, {5, 6}, {1, 3}, {2}], [{8}, {5, 7}, {1, 6}, {4}, {2, 3}], [{8}, {5, 7}, {2, 6}, {4}, {1, 3}], [{8}, {6, 7}, {3, 5}, {1, 4}, {2}]]",2,- 8 K_1^4 + 4 K_1^3 + 12 K_1^2 K_2 + 2 K_1^2 - 4 K_1 K_2 - 4 K_1 K_3 - K_1 - 2 K_2^2 - K_2 + K_3 + K_4 + 1,O1O2O3O4U5U2U1O5O6U3O7U4U6O8U7U8,O1O2O3U4U5U2U1O6O7U6O8O4U7O5U8U3,O1O2O3U1U4O5U6O7O4U8O6O8U3U2U5U7,c,{'O1O2O3O4U5U6O5U7U1O6U2O7O8U4U3U8'},1,"<a href=""/flatknot/8.857640"">8.857640</a>",t^9-47t^7-174t^6-154t^5+184t^4+277t^3-94t^2-145t+4,-t^2+2t,,
8.857641,O1O2O3O4U5U6O5U7U1O6U3O7O8U2U4U8,4,15z^2+96z+133,15w^3z^2+96w^2z+133w,False,False,"[[ 0 -1 -1  1  2 -1 -1 -1  2],[ 1  0  0  0  1  1  2  1  2],[ 1  0  0  1  2  0  1  1  2],[-1  0 -1  0  0 -2  0  0  1],[-2 -1 -2  0  0 -3 -2 -1  1],[ 1 -1  0  2  3  0 -1 -1  2],[ 1 -2 -1  0  2  1  0 -1  2],[ 1 -1 -1  0  1  1  1  0  2],[-2 -2 -2 -1 -1 -2 -2 -2  0]]","[[ 0  2  2  1 -1 -1 -1 -1 -1],[-2  0  1  0 -1 -1 -2 -2 -3],[-2 -1  0 -1 -2 -2 -2 -2 -2],[-1  0  1  0  0  0  0 -1 -2],[ 1  1  2  0  0  1  2  0  1],[ 1  1  2  0 -1  0  1 -1  1],[ 1  2  2  0 -2 -1  0 -1  1],[ 1  2  2  1  0  1  1  0  0],[ 1  3  2  2 -1 -1 -1  0  0]]",True,"[-2,-2,-1,1,1,1,1,1,-1,0,1,1,2,2,3,1,2,2,2,2,2,0,0,0,1,2,-1,-2,0,-1,-1,1,-1,1,-1,0]","[-2,-2,-1,1,1,1,1,1,-1,0,1,1,1,1,1,1,0,1,1,2,2,0,1,2,2,2,0,-1,-1,-1,1,0,1,-2,-1,1]",t^8+57t^6+457t^4+110t^2+4,"[-1,-1,-1,-1,-1,1,2,2,-2,-1,-1,0,2,1,2,-1,1,1,2,1,1,1,0,0,1,0,1,2,1,2,1,1,1,0,1,1]","[-2,-2,-1,1,1,1,1,1,-1,0,1,1,1,1,1,1,0,1,1,2,2,0,1,2,2,2,0,-1,-1,-1,1,0,1,-2,-1,1]","[-1,-1,-1,-1,-1,1,2,2,-2,-1,-1,1,0,2,2,0,1,1,0,1,2,1,0,1,2,2,1,0,1,2,2,3,2,0,1,1]",c,"[[{8, 1}, {2, 7}, {3, 6}, {4, 5}], [{8, 1}, {2, 7}, {4, 6}, {3, 5}], [{8, 1}, {2, 7}, {5, 6}, {3, 4}], [{8, 1}, {3, 7}, {2, 6}, {4, 5}], [{8, 1}, {3, 7}, {2, 6}, {5}, {4}], [{8, 1}, {3, 7}, {4, 6}, {2, 5}], [{8, 1}, {3, 7}, {5, 6}, {2, 4}], [{8, 1}, {4, 7}, {2, 6}, {3, 5}], [{8, 1}, {4, 7}, {2, 6}, {5}, {3}], [{8, 1}, {4, 7}, {3, 6}, {2, 5}], [{8, 1}, {4, 7}, {3, 6}, {5}, {2}], [{8, 1}, {4, 7}, {5, 6}, {2, 3}], [{8, 1}, {4, 7}, {5, 6}, {3}, {2}], [{8, 1}, {4, 7}, {6}, {2, 5}, {3}], [{8, 1}, {4, 7}, {6}, {3, 5}, {2}], [{8, 1}, {4, 7}, {6}, {5}, {2, 3}], [{8, 1}, {5, 7}, {2, 6}, {3, 4}], [{8, 1}, {5, 7}, {3, 6}, {2, 4}], [{8, 1}, {5, 7}, {3, 6}, {4}, {2}], [{8, 1}, {5, 7}, {4, 6}, {2, 3}], [{8, 1}, {6, 7}, {2, 5}, {3, 4}], [{8, 1}, {6, 7}, {3, 5}, {2, 4}], [{8, 1}, {6, 7}, {3, 5}, {4}, {2}], [{8, 1}, {6, 7}, {4, 5}, {2, 3}], [{8, 1}, {6, 7}, {5}, {2, 4}, {3}], [{8, 1}, {7}, {2, 6}, {5}, {3, 4}], [{8, 1}, {7}, {3, 6}, {4, 5}, {2}], [{8, 1}, {7}, {4, 6}, {3, 5}, {2}], [{8, 2}, {1, 7}, {3, 6}, {4, 5}], [{8, 2}, {1, 7}, {3, 6}, {5}, {4}], [{8, 2}, {1, 7}, {4, 6}, {3, 5}], [{8, 2}, {1, 7}, {4, 6}, {5}, {3}], [{8, 2}, {1, 7}, {5, 6}, {3, 4}], [{8, 2}, {1, 7}, {5, 6}, {4}, {3}], [{8, 2}, {1, 7}, {6}, {3, 5}, {4}], [{8, 2}, {1, 7}, {6}, {4, 5}, {3}], [{8, 2}, {1, 7}, {6}, {5}, {3, 4}], [{8, 2}, {3, 7}, {1, 6}, {4, 5}], [{8, 2}, {3, 7}, {4, 6}, {1, 5}], [{8, 2}, {3, 7}, {5, 6}, {1, 4}], [{8, 2}, {3, 7}, {5, 6}, {4}, {1}], [{8, 2}, {4, 7}, {1, 6}, {3, 5}], [{8, 2}, {4, 7}, {1, 6}, {5}, {3}], [{8, 2}, {4, 7}, {3, 6}, {1, 5}], [{8, 2}, {4, 7}, {3, 6}, {5}, {1}], [{8, 2}, {4, 7}, {5, 6}, {1, 3}], [{8, 2}, {4, 7}, {5, 6}, {3}, {1}], [{8, 2}, {4, 7}, {6}, {1, 5}, {3}], [{8, 2}, {4, 7}, {6}, {3, 5}, {1}], [{8, 2}, {4, 7}, {6}, {5}, {1, 3}], [{8, 2}, {5, 7}, {1, 6}, {3, 4}], [{8, 2}, {5, 7}, {3, 6}, {1, 4}], [{8, 2}, {5, 7}, {3, 6}, {4}, {1}], [{8, 2}, {5, 7}, {4, 6}, {1, 3}], [{8, 2}, {6, 7}, {1, 5}, {3, 4}], [{8, 2}, {6, 7}, {3, 5}, {1, 4}], [{8, 2}, {6, 7}, {3, 5}, {4}, {1}], [{8, 2}, {6, 7}, {4, 5}, {1, 3}], [{8, 2}, {7}, {1, 6}, {3, 5}, {4}], [{8, 2}, {7}, {3, 6}, {1, 5}, {4}], [{8, 2}, {7}, {3, 6}, {4, 5}, {1}], [{8, 2}, {7}, {3, 6}, {5}, {1, 4}], [{8, 2}, {7}, {3, 6}, {5}, {4}, {1}], [{8, 2}, {7}, {4, 6}, {3, 5}, {1}], [{8, 2}, {7}, {5, 6}, {1, 4}, {3}], [{8, 2}, {7}, {5, 6}, {3, 4}, {1}], [{8, 2}, {7}, {5, 6}, {4}, {1, 3}], [{8, 2}, {7}, {5, 6}, {4}, {3}, {1}], [{8, 2}, {7}, {6}, {3, 5}, {1, 4}], [{8, 2}, {7}, {6}, {3, 5}, {4}, {1}], [{8, 3}, {1, 7}, {2, 6}, {4, 5}], [{8, 3}, {1, 7}, {2, 6}, {5}, {4}], [{8, 3}, {1, 7}, {4, 6}, {2, 5}], [{8, 3}, {1, 7}, {5, 6}, {2, 4}], [{8, 3}, {1, 7}, {6}, {4, 5}, {2}], [{8, 3}, {2, 7}, {1, 6}, {4, 5}], [{8, 3}, {2, 7}, {4, 6}, {1, 5}], [{8, 3}, {2, 7}, {5, 6}, {1, 4}], [{8, 3}, {4, 7}, {1, 6}, {2, 5}], [{8, 3}, {4, 7}, {1, 6}, {5}, {2}], [{8, 3}, {4, 7}, {2, 6}, {1, 5}], [{8, 3}, {4, 7}, {5, 6}, {1, 2}], [{8, 3}, {5, 7}, {1, 6}, {2, 4}], [{8, 3}, {5, 7}, {2, 6}, {1, 4}], [{8, 3}, {5, 7}, {4, 6}, {1, 2}], [{8, 3}, {5, 7}, {4, 6}, {2}, {1}], [{8, 3}, {6, 7}, {1, 5}, {2, 4}], [{8, 3}, {6, 7}, {2, 5}, {1, 4}], [{8, 3}, {6, 7}, {4, 5}, {1, 2}], [{8, 3}, {7}, {4, 6}, {5}, {1, 2}], [{8, 4}, {1, 7}, {2, 6}, {3, 5}], [{8, 4}, {1, 7}, {3, 6}, {2, 5}], [{8, 4}, {1, 7}, {5, 6}, {2, 3}], [{8, 4}, {2, 7}, {1, 6}, {3, 5}], [{8, 4}, {2, 7}, {3, 6}, {1, 5}], [{8, 4}, {2, 7}, {5, 6}, {1, 3}], [{8, 4}, {3, 7}, {1, 6}, {2, 5}], [{8, 4}, {3, 7}, {2, 6}, {1, 5}], [{8, 4}, {3, 7}, {5, 6}, {1, 2}], [{8, 4}, {5, 7}, {1, 6}, {2, 3}], [{8, 4}, {5, 7}, {2, 6}, {1, 3}], [{8, 4}, {5, 7}, {3, 6}, {1, 2}], [{8, 4}, {6, 7}, {1, 5}, {2, 3}], [{8, 4}, {6, 7}, {2, 5}, {1, 3}], [{8, 4}, {6, 7}, {3, 5}, {1, 2}], [{8, 4}, {7}, {2, 6}, {3, 5}, {1}], [{8, 4}, {7}, {3, 6}, {2, 5}, {1}], [{8, 5}, {1, 7}, {2, 6}, {3, 4}], [{8, 5}, {1, 7}, {3, 6}, {2, 4}], [{8, 5}, {1, 7}, {4, 6}, {2, 3}], [{8, 5}, {2, 7}, {1, 6}, {3, 4}], [{8, 5}, {2, 7}, {3, 6}, {1, 4}], [{8, 5}, {2, 7}, {4, 6}, {1, 3}], [{8, 5}, {3, 7}, {1, 6}, {2, 4}], [{8, 5}, {3, 7}, {2, 6}, {1, 4}], [{8, 5}, {3, 7}, {4, 6}, {1, 2}], [{8, 5}, {3, 7}, {4, 6}, {2}, {1}], [{8, 5}, {4, 7}, {1, 6}, {2, 3}], [{8, 5}, {4, 7}, {2, 6}, {1, 3}], [{8, 5}, {4, 7}, {3, 6}, {1, 2}], [{8, 5}, {6, 7}, {1, 4}, {2, 3}], [{8, 5}, {6, 7}, {2, 4}, {1, 3}], [{8, 5}, {6, 7}, {3, 4}, {1, 2}], [{8, 5}, {7}, {2, 6}, {1, 4}, {3}], [{8, 5}, {7}, {3, 6}, {2, 4}, {1}], [{8, 5}, {7}, {4, 6}, {3}, {1, 2}], [{8, 6}, {1, 7}, {2, 5}, {3, 4}], [{8, 6}, {1, 7}, {2, 5}, {4}, {3}], [{8, 6}, {1, 7}, {3, 5}, {2, 4}], [{8, 6}, {1, 7}, {4, 5}, {2, 3}], [{8, 6}, {1, 7}, {4, 5}, {3}, {2}], [{8, 6}, {1, 7}, {5}, {2, 4}, {3}], [{8, 6}, {2, 7}, {1, 5}, {3, 4}], [{8, 6}, {2, 7}, {3, 5}, {1, 4}], [{8, 6}, {2, 7}, {4, 5}, {1, 3}], [{8, 6}, {3, 7}, {1, 5}, {2, 4}], [{8, 6}, {3, 7}, {2, 5}, {1, 4}], [{8, 6}, {3, 7}, {4, 5}, {1, 2}], [{8, 6}, {3, 7}, {5}, {1, 4}, {2}], [{8, 6}, {4, 7}, {1, 5}, {2, 3}], [{8, 6}, {4, 7}, {2, 5}, {1, 3}], [{8, 6}, {4, 7}, {3, 5}, {1, 2}], [{8, 6}, {4, 7}, {5}, {2, 3}, {1}], [{8, 6}, {5, 7}, {1, 4}, {2, 3}], [{8, 6}, {5, 7}, {2, 4}, {1, 3}], [{8, 6}, {5, 7}, {3, 4}, {1, 2}], [{8, 6}, {7}, {3, 5}, {2, 4}, {1}], [{8, 7}, {1, 6}, {2, 5}, {3, 4}], [{8, 7}, {1, 6}, {3, 5}, {2, 4}], [{8, 7}, {1, 6}, {3, 5}, {4}, {2}], [{8, 7}, {1, 6}, {4, 5}, {2, 3}], [{8, 7}, {2, 6}, {1, 5}, {3, 4}], [{8, 7}, {2, 6}, {3, 5}, {1, 4}], [{8, 7}, {2, 6}, {4, 5}, {1, 3}], [{8, 7}, {2, 6}, {5}, {4}, {1, 3}], [{8, 7}, {3, 6}, {1, 5}, {2, 4}], [{8, 7}, {3, 6}, {1, 5}, {4}, {2}], [{8, 7}, {3, 6}, {2, 5}, {1, 4}], [{8, 7}, {3, 6}, {4, 5}, {1, 2}], [{8, 7}, {3, 6}, {4, 5}, {2}, {1}], [{8, 7}, {3, 6}, {5}, {1, 4}, {2}], [{8, 7}, {4, 6}, {1, 5}, {2, 3}], [{8, 7}, {4, 6}, {2, 5}, {1, 3}], [{8, 7}, {4, 6}, {3, 5}, {1, 2}], [{8, 7}, {4, 6}, {3, 5}, {2}, {1}], [{8, 7}, {4, 6}, {5}, {3}, {1, 2}], [{8, 7}, {5, 6}, {1, 4}, {2, 3}], [{8, 7}, {5, 6}, {1, 4}, {3}, {2}], [{8, 7}, {5, 6}, {2, 4}, {1, 3}], [{8, 7}, {5, 6}, {3, 4}, {1, 2}], [{8, 7}, {6}, {2, 5}, {3, 4}, {1}], [{8, 7}, {6}, {3, 5}, {1, 4}, {2}], [{8}, {1, 7}, {2, 6}, {4, 5}, {3}], [{8}, {1, 7}, {3, 6}, {4, 5}, {2}], [{8}, {1, 7}, {4, 6}, {3, 5}, {2}], [{8}, {1, 7}, {5, 6}, {3, 4}, {2}], [{8}, {1, 7}, {6}, {4, 5}, {2, 3}], [{8}, {1, 7}, {6}, {4, 5}, {3}, {2}], [{8}, {2, 7}, {1, 6}, {3, 5}, {4}], [{8}, {2, 7}, {3, 6}, {1, 5}, {4}], [{8}, {2, 7}, {3, 6}, {4, 5}, {1}], [{8}, {2, 7}, {3, 6}, {5}, {1, 4}], [{8}, {2, 7}, {4, 6}, {1, 5}, {3}], [{8}, {2, 7}, {4, 6}, {3, 5}, {1}], [{8}, {2, 7}, {4, 6}, {5}, {1, 3}], [{8}, {2, 7}, {5, 6}, {1, 4}, {3}], [{8}, {2, 7}, {6}, {1, 5}, {3, 4}], [{8}, {2, 7}, {6}, {3, 5}, {1, 4}], [{8}, {3, 7}, {1, 6}, {4, 5}, {2}], [{8}, {3, 7}, {4, 6}, {5}, {1, 2}], [{8}, {4, 7}, {1, 6}, {5}, {2, 3}], [{8}, {4, 7}, {3, 6}, {5}, {1, 2}], [{8}, {4, 7}, {5, 6}, {3}, {1, 2}], [{8}, {4, 7}, {6}, {3, 5}, {1, 2}], [{8}, {5, 7}, {3, 6}, {4}, {1, 2}], [{8}, {5, 7}, {4, 6}, {3}, {1, 2}], [{8}, {5, 7}, {6}, {3, 4}, {1, 2}], [{8}, {6, 7}, {3, 5}, {4}, {1, 2}], [{8}, {6, 7}, {4, 5}, {1, 3}, {2}], [{8}, {7}, {3, 6}, {4, 5}, {1, 2}], [{8}, {7}, {3, 6}, {4, 5}, {2}, {1}], [{8}, {7}, {4, 6}, {3, 5}, {1, 2}], [{8}, {7}, {4, 6}, {3, 5}, {2}, {1}]]",2,12 K_1^3 + 4 K_1^2 K_2 - 38 K_1^2 - 24 K_1 K_2 - 6 K_1 K_3 + 3 K_1 - 2 K_2^2 + 20 K_2 + 9 K_3 + 3 K_4 + 20,O1O2O3O4U5U1U3O5O6U2O7U4U6O8U7U8,O1O2O3U4U1U5U2O6O7U6O8O4U7O5U8U3,O1O2O3U1U4O5U6O7O4U8O6O8U2U5U3U7,c,{'O1O2O3O4U5U6O5U7U1O6U3O7O8U2U4U8'},1,"<a href=""/flatknot/8.857641"">8.857641</a>",t^9-53t^7-190t^6-121t^5+242t^4+220t^3-18t^2-30t,-2t^2+4t,,
8.857642,O1O2O3O4U5U6O5U7U1O6U3O7O8U2U8U4,4,18z^2+103z+135,18w^3z^2+103w^2z+135w,False,False,"[[ 0 -1 -1  1  3 -1 -1 -1  1],[ 1  0  0  0  1  1  2  1  1],[ 1  0  0  1  3  0  1  1  1],[-1  0 -1  0  0 -2  0  0  0],[-3 -1 -3  0  0 -4 -3 -2  0],[ 1 -1  0  2  4  0 -1 -1  1],[ 1 -2 -1  0  3  1  0 -1  1],[ 1 -1 -1  0  2  1  1  0  1],[-1 -1 -1  0  0 -1 -1 -1  0]]","[[ 0  3  1  1 -1 -1 -1 -1 -1],[-3  0  0  0 -1 -2 -3 -3 -4],[-1  0  0  0  0  0  0 -1 -2],[-1  0  0  0 -1 -1 -1 -1 -1],[ 1  1  0  1  0  1  2  0  1],[ 1  2  0  1 -1  0  1 -1  1],[ 1  3  0  1 -2 -1  0 -1  1],[ 1  3  1  1  0  1  1  0  0],[ 1  4  2  1 -1 -1 -1  0  0]]",True,"[-3,-1,-1,1,1,1,1,1,0,0,1,2,3,3,4,0,0,0,0,1,2,1,1,1,1,1,-1,-2,0,-1,-1,1,-1,1,-1,0]","[-3,-1,-1,1,1,1,1,1,0,0,1,2,3,3,4,0,0,0,0,1,2,1,1,1,1,1,-1,-2,0,-1,-1,1,-1,1,-1,0]",t^8+60t^6+391t^4+110t^2+4,"[-1,-1,-1,-1,-1,1,1,3,-2,-1,-1,0,1,2,3,-1,1,1,1,2,1,1,0,1,0,0,1,1,2,2,1,1,1,0,2,2]","[-3,-1,-1,1,1,1,1,1,2,2,0,1,1,2,3,0,0,1,2,2,2,1,1,1,1,1,0,-1,-1,-1,1,1,0,-1,-2,-1]","[-1,-1,-1,-1,-1,1,1,3,-2,-1,-1,1,0,1,3,0,1,1,0,1,1,1,0,1,1,3,1,0,1,2,2,1,4,0,0,0]",c,"[[{8, 1}, {2, 7}, {3, 6}, {4, 5}], [{8, 1}, {2, 7}, {4, 6}, {3, 5}], [{8, 1}, {2, 7}, {5, 6}, {3, 4}], [{8, 1}, {3, 7}, {2, 6}, {4, 5}], [{8, 1}, {3, 7}, {4, 6}, {2, 5}], [{8, 1}, {3, 7}, {5, 6}, {2, 4}], [{8, 1}, {4, 7}, {2, 6}, {3, 5}], [{8, 1}, {4, 7}, {3, 6}, {2, 5}], [{8, 1}, {4, 7}, {3, 6}, {5}, {2}], [{8, 1}, {4, 7}, {5, 6}, {2, 3}], [{8, 1}, {4, 7}, {6}, {2, 5}, {3}], [{8, 1}, {5, 7}, {2, 6}, {3, 4}], [{8, 1}, {5, 7}, {3, 6}, {2, 4}], [{8, 1}, {5, 7}, {4, 6}, {2, 3}], [{8, 1}, {5, 7}, {4, 6}, {3}, {2}], [{8, 1}, {5, 7}, {6}, {4}, {2, 3}], [{8, 1}, {6, 7}, {2, 5}, {3, 4}], [{8, 1}, {6, 7}, {3, 5}, {2, 4}], [{8, 1}, {6, 7}, {4, 5}, {2, 3}], [{8, 1}, {7}, {2, 6}, {3, 5}, {4}], [{8, 1}, {7}, {5, 6}, {2, 4}, {3}], [{8, 2}, {1, 7}, {3, 6}, {4, 5}], [{8, 2}, {1, 7}, {4, 6}, {3, 5}], [{8, 2}, {1, 7}, {5, 6}, {3, 4}], [{8, 2}, {3, 7}, {1, 6}, {4, 5}], [{8, 2}, {3, 7}, {4, 6}, {1, 5}], [{8, 2}, {3, 7}, {5, 6}, {1, 4}], [{8, 2}, {3, 7}, {6}, {1, 5}, {4}], [{8, 2}, {4, 7}, {1, 6}, {3, 5}], [{8, 2}, {4, 7}, {3, 6}, {1, 5}], [{8, 2}, {4, 7}, {3, 6}, {5}, {1}], [{8, 2}, {4, 7}, {5, 6}, {1, 3}], [{8, 2}, {5, 7}, {1, 6}, {3, 4}], [{8, 2}, {5, 7}, {3, 6}, {1, 4}], [{8, 2}, {5, 7}, {4, 6}, {1, 3}], [{8, 2}, {6, 7}, {1, 5}, {3, 4}], [{8, 2}, {6, 7}, {3, 5}, {1, 4}], [{8, 2}, {6, 7}, {4, 5}, {1, 3}], [{8, 2}, {6, 7}, {4, 5}, {3}, {1}], [{8, 2}, {7}, {1, 6}, {5}, {3, 4}], [{8, 2}, {7}, {4, 6}, {1, 5}, {3}], [{8, 2}, {7}, {6}, {3, 5}, {1, 4}], [{8, 3}, {1, 7}, {2, 6}, {4, 5}], [{8, 3}, {1, 7}, {4, 6}, {2, 5}], [{8, 3}, {1, 7}, {5, 6}, {2, 4}], [{8, 3}, {1, 7}, {6}, {5}, {2, 4}], [{8, 3}, {2, 7}, {1, 6}, {4, 5}], [{8, 3}, {2, 7}, {4, 6}, {1, 5}], [{8, 3}, {2, 7}, {5, 6}, {1, 4}], [{8, 3}, {4, 7}, {1, 6}, {2, 5}], [{8, 3}, {4, 7}, {2, 6}, {1, 5}], [{8, 3}, {4, 7}, {5, 6}, {1, 2}], [{8, 3}, {5, 7}, {1, 6}, {2, 4}], [{8, 3}, {5, 7}, {2, 6}, {1, 4}], [{8, 3}, {5, 7}, {4, 6}, {1, 2}], [{8, 3}, {6, 7}, {1, 5}, {2, 4}], [{8, 3}, {6, 7}, {2, 5}, {1, 4}], [{8, 3}, {6, 7}, {4, 5}, {1, 2}], [{8, 3}, {6, 7}, {5}, {2, 4}, {1}], [{8, 3}, {7}, {1, 6}, {5}, {2, 4}], [{8, 3}, {7}, {4, 6}, {1, 5}, {2}], [{8, 3}, {7}, {6}, {2, 5}, {1, 4}], [{8, 4}, {1, 7}, {2, 6}, {3, 5}], [{8, 4}, {1, 7}, {3, 6}, {2, 5}], [{8, 4}, {1, 7}, {5, 6}, {2, 3}], [{8, 4}, {2, 7}, {1, 6}, {3, 5}], [{8, 4}, {2, 7}, {3, 6}, {1, 5}], [{8, 4}, {2, 7}, {3, 6}, {5}, {1}], [{8, 4}, {2, 7}, {5, 6}, {1, 3}], [{8, 4}, {3, 7}, {1, 6}, {2, 5}], [{8, 4}, {3, 7}, {2, 6}, {1, 5}], [{8, 4}, {3, 7}, {5, 6}, {1, 2}], [{8, 4}, {3, 7}, {6}, {1, 5}, {2}], [{8, 4}, {5, 7}, {1, 6}, {2, 3}], [{8, 4}, {5, 7}, {2, 6}, {1, 3}], [{8, 4}, {5, 7}, {3, 6}, {1, 2}], [{8, 4}, {5, 7}, {3, 6}, {2}, {1}], [{8, 4}, {6, 7}, {1, 5}, {2, 3}], [{8, 4}, {6, 7}, {2, 5}, {1, 3}], [{8, 4}, {6, 7}, {3, 5}, {1, 2}], [{8, 4}, {7}, {2, 6}, {1, 5}, {3}], [{8, 4}, {7}, {2, 6}, {3, 5}, {1}], [{8, 4}, {7}, {2, 6}, {5}, {1, 3}], [{8, 4}, {7}, {3, 6}, {2, 5}, {1}], [{8, 5}, {1, 7}, {2, 6}, {3, 4}], [{8, 5}, {1, 7}, {3, 6}, {2, 4}], [{8, 5}, {1, 7}, {4, 6}, {2, 3}], [{8, 5}, {1, 7}, {4, 6}, {3}, {2}], [{8, 5}, {2, 7}, {1, 6}, {3, 4}], [{8, 5}, {2, 7}, {3, 6}, {1, 4}], [{8, 5}, {2, 7}, {4, 6}, {1, 3}], [{8, 5}, {3, 7}, {1, 6}, {2, 4}], [{8, 5}, {3, 7}, {2, 6}, {1, 4}], [{8, 5}, {3, 7}, {4, 6}, {1, 2}], [{8, 5}, {4, 7}, {1, 6}, {2, 3}], [{8, 5}, {4, 7}, {2, 6}, {1, 3}], [{8, 5}, {4, 7}, {3, 6}, {1, 2}], [{8, 5}, {4, 7}, {6}, {1, 3}, {2}], [{8, 5}, {6, 7}, {1, 4}, {2, 3}], [{8, 5}, {6, 7}, {2, 4}, {1, 3}], [{8, 5}, {6, 7}, {3, 4}, {1, 2}], [{8, 5}, {7}, {1, 6}, {2, 4}, {3}], [{8, 6}, {1, 7}, {2, 5}, {3, 4}], [{8, 6}, {1, 7}, {3, 5}, {2, 4}], [{8, 6}, {1, 7}, {4, 5}, {2, 3}], [{8, 6}, {2, 7}, {1, 5}, {3, 4}], [{8, 6}, {2, 7}, {3, 5}, {1, 4}], [{8, 6}, {2, 7}, {4, 5}, {1, 3}], [{8, 6}, {2, 7}, {4, 5}, {3}, {1}], [{8, 6}, {3, 7}, {1, 5}, {2, 4}], [{8, 6}, {3, 7}, {1, 5}, {4}, {2}], [{8, 6}, {3, 7}, {2, 5}, {1, 4}], [{8, 6}, {3, 7}, {4, 5}, {1, 2}], [{8, 6}, {4, 7}, {1, 5}, {2, 3}], [{8, 6}, {4, 7}, {2, 5}, {1, 3}], [{8, 6}, {4, 7}, {3, 5}, {1, 2}], [{8, 6}, {4, 7}, {5}, {2, 3}, {1}], [{8, 6}, {5, 7}, {1, 4}, {2, 3}], [{8, 6}, {5, 7}, {2, 4}, {1, 3}], [{8, 6}, {5, 7}, {3, 4}, {1, 2}], [{8, 6}, {7}, {1, 5}, {2, 4}, {3}], [{8, 6}, {7}, {3, 5}, {1, 4}, {2}], [{8, 7}, {1, 6}, {2, 5}, {3, 4}], [{8, 7}, {1, 6}, {3, 5}, {2, 4}], [{8, 7}, {1, 6}, {4, 5}, {2, 3}], [{8, 7}, {1, 6}, {4, 5}, {3}, {2}], [{8, 7}, {1, 6}, {5}, {4}, {2, 3}], [{8, 7}, {2, 6}, {1, 5}, {3, 4}], [{8, 7}, {2, 6}, {3, 5}, {1, 4}], [{8, 7}, {2, 6}, {4, 5}, {1, 3}], [{8, 7}, {2, 6}, {4, 5}, {3}, {1}], [{8, 7}, {2, 6}, {5}, {4}, {1, 3}], [{8, 7}, {3, 6}, {1, 5}, {2, 4}], [{8, 7}, {3, 6}, {2, 5}, {1, 4}], [{8, 7}, {3, 6}, {4, 5}, {1, 2}], [{8, 7}, {3, 6}, {4, 5}, {2}, {1}], [{8, 7}, {4, 6}, {1, 5}, {2, 3}], [{8, 7}, {4, 6}, {1, 5}, {3}, {2}], [{8, 7}, {4, 6}, {2, 5}, {1, 3}], [{8, 7}, {4, 6}, {2, 5}, {3}, {1}], [{8, 7}, {4, 6}, {3, 5}, {1, 2}], [{8, 7}, {4, 6}, {3, 5}, {2}, {1}], [{8, 7}, {4, 6}, {5}, {1, 3}, {2}], [{8, 7}, {4, 6}, {5}, {2, 3}, {1}], [{8, 7}, {4, 6}, {5}, {3}, {1, 2}], [{8, 7}, {4, 6}, {5}, {3}, {2}, {1}], [{8, 7}, {5, 6}, {1, 4}, {2, 3}], [{8, 7}, {5, 6}, {1, 4}, {3}, {2}], [{8, 7}, {5, 6}, {2, 4}, {1, 3}], [{8, 7}, {5, 6}, {2, 4}, {3}, {1}], [{8, 7}, {5, 6}, {3, 4}, {1, 2}], [{8, 7}, {5, 6}, {3, 4}, {2}, {1}], [{8, 7}, {5, 6}, {4}, {1, 3}, {2}], [{8, 7}, {5, 6}, {4}, {2, 3}, {1}], [{8, 7}, {5, 6}, {4}, {3}, {1, 2}], [{8, 7}, {5, 6}, {4}, {3}, {2}, {1}], [{8, 7}, {6}, {1, 5}, {4}, {2, 3}], [{8, 7}, {6}, {2, 5}, {4}, {1, 3}], [{8, 7}, {6}, {4, 5}, {1, 3}, {2}], [{8, 7}, {6}, {4, 5}, {2, 3}, {1}], [{8, 7}, {6}, {4, 5}, {3}, {1, 2}], [{8, 7}, {6}, {4, 5}, {3}, {2}, {1}], [{8, 7}, {6}, {5}, {1, 4}, {2, 3}], [{8, 7}, {6}, {5}, {2, 4}, {1, 3}], [{8}, {1, 7}, {5, 6}, {2, 4}, {3}], [{8}, {2, 7}, {3, 6}, {1, 5}, {4}], [{8}, {2, 7}, {4, 6}, {1, 5}, {3}], [{8}, {2, 7}, {6}, {1, 5}, {3, 4}], [{8}, {3, 7}, {2, 6}, {1, 5}, {4}], [{8}, {3, 7}, {4, 6}, {1, 5}, {2}], [{8}, {3, 7}, {6}, {1, 5}, {2, 4}], [{8}, {4, 7}, {2, 6}, {5}, {1, 3}], [{8}, {4, 7}, {3, 6}, {5}, {1, 2}], [{8}, {5, 7}, {3, 6}, {4}, {1, 2}], [{8}, {7}, {1, 6}, {3, 5}, {2, 4}], [{8}, {7}, {1, 6}, {4, 5}, {2, 3}], [{8}, {7}, {2, 6}, {3, 5}, {1, 4}], [{8}, {7}, {3, 6}, {4, 5}, {1, 2}], [{8}, {7}, {4, 6}, {1, 5}, {2, 3}], [{8}, {7}, {4, 6}, {1, 5}, {3}, {2}], [{8}, {7}, {5, 6}, {1, 4}, {2, 3}]]",2,12 K_1^3 - 28 K_1^2 - 30 K_1 K_2 + 6 K_1 + 14 K_2 + 12 K_3 + 15,O1O2O3O4U1U5U3O5O6U2O7U4U6O8U7U8,O1O2O3U4U1U5U3O6O7U6O8O4U7O5U8U2,O1O2O3U2U4O5U6O7O4U8O6O8U1U5U3U7,c,{'O1O2O3O4U5U6O5U7U1O6U3O7O8U2U8U4'},1,"<a href=""/flatknot/8.857642"">8.857642</a>",t^9-54t^7-156t^6-7t^5+278t^4+146t^3-60t^2-30t+2,-t^3+3t,,
8.857643,O1O2O3O4U5U6O5U7U1O6U3O7O8U4U2U8,4,16z^2+93z+123,16w^3z^2+93w^2z+123w,False,False,"[[ 0 -1  0  1  1 -1 -1 -1  2],[ 1  0  1  0  0  1  2  1  2],[ 0 -1  0  0  1 -1  0  0  2],[-1  0  0  0  0 -2  0  0  1],[-1  0 -1  0  0 -2 -1  0  1],[ 1 -1  1  2  2  0 -1 -1  2],[ 1 -2  0  0  1  1  0 -1  2],[ 1 -1  0  0  0  1  1  0  2],[-2 -2 -2 -1 -1 -2 -2 -2  0]]","[[ 0  2  1  1  0 -1 -1 -1 -1],[-2  0 -1 -1 -2 -2 -2 -2 -2],[-1  1  0  0  0  0  0  0 -2],[-1  1  0  0 -1  0  0 -1 -2],[ 0  2  0  1  0  0 -1  0 -1],[ 1  2  0  0  0  0 -1  1  1],[ 1  2  0  0  1  1  0  2  1],[ 1  2  0  1  0 -1 -2  0  1],[ 1  2  2  2  1 -1 -1 -1  0]]",True,"[-2,-1,-1,0,1,1,1,1,1,1,2,2,2,2,2,0,0,0,0,0,2,1,0,0,1,2,0,1,0,1,1,-1,-1,-2,-1,-1]","[-2,-1,-1,0,1,1,1,1,0,0,0,1,1,1,1,0,0,0,1,2,2,1,0,2,2,2,0,1,0,1,-1,-1,-1,-2,-1,1]",t^8+43t^6+335t^4+202t^2+4,"[-1,-1,-1,-1,0,1,1,2,-2,-1,-1,0,2,2,1,-1,1,1,1,2,1,1,0,0,0,1,1,2,2,1,0,1,0,0,0,0]","[-2,-1,-1,0,1,1,1,1,0,0,0,1,1,1,1,0,0,0,1,2,2,1,0,2,2,2,0,1,0,1,-1,-1,-1,-2,-1,1]","[-1,-1,-1,-1,0,1,1,2,-2,-1,1,0,0,1,2,1,1,1,0,0,2,1,0,0,0,2,1,2,2,2,0,1,2,0,1,1]",c,"[[{8, 1}, {4, 7}, {3, 6}, {2, 5}], [{8, 2}, {4, 7}, {3, 6}, {1, 5}], [{8, 5}, {4, 7}, {3, 6}, {1, 2}]]",1,8 K_1^3 + 8 K_1^2 K_2 - 34 K_1^2 - 16 K_1 K_2 - 8 K_1 K_3 + 2 K_1 + 17 K_2 + 6 K_3 + 2 K_4 + 16,O1O2O3O4U5U3U1O5O6U2O7U4U6O8U7U8,O1O2O3U4U2U5U1O6O7U6O8O4U7O5U8U3,O1O2O3U1U4O5U6O7O4U8O6O8U3U5U2U7,c,{'O1O2O3O4U5U6O5U7U1O6U3O7O8U4U2U8'},1,"<a href=""/flatknot/8.857643"">8.857643</a>",t^9-41t^7-124t^6-8t^5+332t^4+269t^3-144t^2-139t,-t^2+2t,,
8.857644,O1O2O3O4U5U6O5U7U1O6U3O7O8U4U8U2,3,2z^2+55z+103,2w^3z^2+55w^2z+103w,False,False,"[[ 0 -1  1  1  1 -1 -1 -1  1],[ 1  0  1  0  0  1  2  1  1],[-1 -1  0  0  0 -2 -1 -1  1],[-1  0  0  0  0 -2  0  0  1],[-1  0  0  0  0 -2 -1  0  1],[ 1 -1  2  2  2  0 -1 -1  1],[ 1 -2  1  0  1  1  0 -1  1],[ 1 -1  1  0  0  1  1  0  1],[-1 -1 -1 -1 -1 -1 -1 -1  0]]","[[ 0  1  1  1  1 -1 -1 -1 -1],[-1  0  1  0  0  0  0  0 -2],[-1 -1  0 -1 -1 -1 -1 -1 -1],[-1  0  1  0  0  0  0 -1 -2],[-1  0  1  0  0 -1 -1 -1 -2],[ 1  0  1  0  1  0  1  2  1],[ 1  0  1  0  1 -1  0  1  1],[ 1  0  1  1  1 -2 -1  0  1],[ 1  2  1  2  2 -1 -1 -1  0]]",True,"[-1,-1,-1,-1,1,1,1,1,-1,0,0,0,0,0,2,1,1,1,1,1,1,0,0,0,1,2,1,1,1,2,-1,-2,-1,-1,-1,-1]","[-1,-1,-1,-1,1,1,1,1,-2,-1,-1,1,1,2,2,-1,1,1,1,1,2,1,0,1,0,0,1,1,2,2,-1,0,0,1,1,0]",t^8+32t^6+188t^4+47t^2,"[-1,-1,-1,-1,1,1,1,1,-2,-1,-1,1,1,2,2,-1,1,1,1,1,2,1,0,1,0,0,1,1,2,2,-1,0,0,1,1,0]","[-1,-1,-1,-1,1,1,1,1,-1,-1,-1,1,1,1,1,0,0,0,1,1,1,0,0,1,2,2,0,2,2,2,-1,-1,-1,-2,-1,1]","[-1,-1,-1,-1,1,1,1,1,-2,-1,1,0,1,1,1,1,1,0,0,1,1,1,0,0,1,1,2,2,1,2,0,1,0,1,0,-1]",c,"[[{8, 1}, {2, 7}, {3, 6}, {4, 5}], [{8, 1}, {2, 7}, {4, 6}, {3, 5}], [{8, 1}, {3, 7}, {4, 6}, {2, 5}], [{8, 1}, {4, 7}, {3, 6}, {2, 5}], [{8, 4}, {1, 7}, {3, 6}, {2, 5}], [{8, 5}, {2, 7}, {4, 6}, {1, 3}], [{8, 5}, {3, 7}, {4, 6}, {1, 2}], [{8, 6}, {3, 7}, {2, 5}, {1, 4}], [{8, 6}, {3, 7}, {4, 5}, {1, 2}], [{8, 6}, {4, 7}, {2, 5}, {1, 3}], [{8, 7}, {3, 6}, {2, 5}, {1, 4}], [{8, 7}, {4, 6}, {2, 5}, {1, 3}], [{8, 7}, {4, 6}, {3, 5}, {1, 2}]]",1,- 28 K_1^2 - 8 K_1 K_2 + 4 K_1 + 14 K_2 + 4 K_3 + 15,O1O2O3O4U3U5U1O5O6U2O7U4U6O8U7U8,O1O2O3U4U3U5U1O6O7U6O8O4U7O5U8U2,O1O2O3U2U4O5U6O7O4U8O6O8U3U5U1U7,c,{'O1O2O3O4U5U6O5U7U1O6U3O7O8U4U8U2'},1,"<a href=""/flatknot/8.857644"">8.857644</a>",t^9-32t^7-78t^6+2t^5+134t^4+89t^3-8t,0,,
8.857645,O1O2O3O4U5U6O5U7U1O6U4O7O8U2U3U8,4,8z^3+52z^2+113z+83,8w^4z^3+52w^3z^2+113w^2z+83w,False,False,"[[ 0 -1 -1  1  2 -1 -1 -1  2],[ 1  0  0  1  0  1  2  1  2],[ 1  0  0  1  1  0  1  1  2],[-1 -1 -1  0  1 -2 -1 -1  1],[-2  0 -1 -1  0 -3 -1 -1  0],[ 1 -1  0  2  3  0 -1 -1  2],[ 1 -2 -1  1  1  1  0 -1  2],[ 1 -1 -1  1  1  1  1  0  2],[-2 -2 -2 -1  0 -2 -2 -2  0]]","[[ 0  2  2  1 -1 -1 -1 -1 -1],[-2  0  0 -1  0 -1 -1 -1 -3],[-2  0  0 -1 -2 -2 -2 -2 -2],[-1  1  1  0 -1 -1 -1 -1 -2],[ 1  0  2  1  0  2  1  0  1],[ 1  1  2  1 -2  0 -1 -1  1],[ 1  1  2  1 -1  1  0 -1  1],[ 1  1  2  1  0  1  1  0  0],[ 1  3  2  2 -1 -1 -1  0  0]]",True,"[-2,-2,-1,1,1,1,1,1,0,1,0,1,1,1,3,1,2,2,2,2,2,1,1,1,1,2,-2,-1,0,-1,1,1,-1,1,-1,0]","[-2,-2,-1,1,1,1,1,1,0,0,0,2,2,2,3,0,1,1,1,1,1,0,1,1,1,1,-1,-1,0,-1,-1,-1,-2,-1,-1,0]",t^8+53t^6+347t^4+84t^2+1,"[-1,-1,-1,-1,-1,1,2,2,-2,-1,-1,0,1,1,3,-1,1,1,1,1,2,1,0,0,1,0,1,1,1,2,1,1,2,0,0,0]","[-2,-2,-1,1,1,1,1,1,0,0,0,2,2,2,3,0,1,1,1,1,1,0,1,1,1,1,-1,-1,0,-1,-1,-1,-2,-1,-1,0]","[-1,-1,-1,-1,-1,1,2,2,-2,-1,-1,1,1,1,2,0,1,1,1,0,2,1,0,1,1,2,1,1,1,2,2,3,2,1,1,0]",c,"[[{8, 1}, {2, 7}, {3, 6}, {4, 5}], [{8, 1}, {2, 7}, {4, 6}, {3, 5}], [{8, 1}, {2, 7}, {5, 6}, {3, 4}], [{8, 1}, {3, 7}, {2, 6}, {4, 5}], [{8, 1}, {3, 7}, {2, 6}, {5}, {4}], [{8, 1}, {3, 7}, {4, 6}, {2, 5}], [{8, 1}, {3, 7}, {4, 6}, {5}, {2}], [{8, 1}, {3, 7}, {5, 6}, {2, 4}], [{8, 1}, {3, 7}, {6}, {5}, {2, 4}], [{8, 1}, {4, 7}, {2, 6}, {3, 5}], [{8, 1}, {4, 7}, {3, 6}, {2, 5}], [{8, 1}, {4, 7}, {5, 6}, {2, 3}], [{8, 1}, {4, 7}, {6}, {5}, {2, 3}], [{8, 1}, {5, 7}, {2, 6}, {3, 4}], [{8, 1}, {5, 7}, {3, 6}, {2, 4}], [{8, 1}, {5, 7}, {4, 6}, {2, 3}], [{8, 1}, {6, 7}, {2, 5}, {3, 4}], [{8, 1}, {6, 7}, {3, 5}, {2, 4}], [{8, 1}, {6, 7}, {4, 5}, {2, 3}], [{8, 1}, {7}, {2, 6}, {4, 5}, {3}], [{8, 1}, {7}, {4, 6}, {2, 5}, {3}], [{8, 1}, {7}, {5, 6}, {2, 4}, {3}], [{8, 1}, {7}, {5, 6}, {3, 4}, {2}], [{8, 1}, {7}, {5, 6}, {4}, {2, 3}], [{8, 2}, {1, 7}, {3, 6}, {4, 5}], [{8, 2}, {1, 7}, {3, 6}, {5}, {4}], [{8, 2}, {1, 7}, {4, 6}, {3, 5}], [{8, 2}, {1, 7}, {4, 6}, {5}, {3}], [{8, 2}, {1, 7}, {5, 6}, {3, 4}], [{8, 2}, {1, 7}, {5, 6}, {4}, {3}], [{8, 2}, {1, 7}, {6}, {3, 5}, {4}], [{8, 2}, {1, 7}, {6}, {4, 5}, {3}], [{8, 2}, {1, 7}, {6}, {5}, {3, 4}], [{8, 2}, {1, 7}, {6}, {5}, {4}, {3}], [{8, 2}, {3, 7}, {1, 6}, {4, 5}], [{8, 2}, {3, 7}, {1, 6}, {5}, {4}], [{8, 2}, {3, 7}, {4, 6}, {1, 5}], [{8, 2}, {3, 7}, {5, 6}, {1, 4}], [{8, 2}, {4, 7}, {1, 6}, {3, 5}], [{8, 2}, {4, 7}, {1, 6}, {5}, {3}], [{8, 2}, {4, 7}, {3, 6}, {1, 5}], [{8, 2}, {4, 7}, {5, 6}, {1, 3}], [{8, 2}, {4, 7}, {6}, {3, 5}, {1}], [{8, 2}, {5, 7}, {1, 6}, {3, 4}], [{8, 2}, {5, 7}, {1, 6}, {4}, {3}], [{8, 2}, {5, 7}, {3, 6}, {1, 4}], [{8, 2}, {5, 7}, {4, 6}, {1, 3}], [{8, 2}, {6, 7}, {1, 5}, {3, 4}], [{8, 2}, {6, 7}, {1, 5}, {4}, {3}], [{8, 2}, {6, 7}, {3, 5}, {1, 4}], [{8, 2}, {6, 7}, {3, 5}, {4}, {1}], [{8, 2}, {6, 7}, {4, 5}, {1, 3}], [{8, 2}, {6, 7}, {4, 5}, {3}, {1}], [{8, 2}, {6, 7}, {5}, {1, 4}, {3}], [{8, 2}, {6, 7}, {5}, {3, 4}, {1}], [{8, 2}, {6, 7}, {5}, {4}, {1, 3}], [{8, 2}, {6, 7}, {5}, {4}, {3}, {1}], [{8, 2}, {7}, {1, 6}, {3, 5}, {4}], [{8, 2}, {7}, {1, 6}, {4, 5}, {3}], [{8, 2}, {7}, {1, 6}, {5}, {3, 4}], [{8, 2}, {7}, {1, 6}, {5}, {4}, {3}], [{8, 2}, {7}, {4, 6}, {3, 5}, {1}], [{8, 2}, {7}, {6}, {3, 5}, {1, 4}], [{8, 3}, {1, 7}, {2, 6}, {4, 5}], [{8, 3}, {1, 7}, {4, 6}, {2, 5}], [{8, 3}, {1, 7}, {5, 6}, {2, 4}], [{8, 3}, {2, 7}, {1, 6}, {4, 5}], [{8, 3}, {2, 7}, {4, 6}, {1, 5}], [{8, 3}, {2, 7}, {5, 6}, {1, 4}], [{8, 3}, {2, 7}, {6}, {4, 5}, {1}], [{8, 3}, {4, 7}, {1, 6}, {2, 5}], [{8, 3}, {4, 7}, {2, 6}, {1, 5}], [{8, 3}, {4, 7}, {5, 6}, {1, 2}], [{8, 3}, {5, 7}, {1, 6}, {2, 4}], [{8, 3}, {5, 7}, {2, 6}, {1, 4}], [{8, 3}, {5, 7}, {4, 6}, {1, 2}], [{8, 3}, {6, 7}, {1, 5}, {2, 4}], [{8, 3}, {6, 7}, {2, 5}, {1, 4}], [{8, 3}, {6, 7}, {4, 5}, {1, 2}], [{8, 3}, {7}, {1, 6}, {5}, {2, 4}], [{8, 3}, {7}, {4, 6}, {2, 5}, {1}], [{8, 4}, {1, 7}, {2, 6}, {3, 5}], [{8, 4}, {1, 7}, {3, 6}, {2, 5}], [{8, 4}, {1, 7}, {5, 6}, {2, 3}], [{8, 4}, {1, 7}, {6}, {2, 5}, {3}], [{8, 4}, {2, 7}, {1, 6}, {3, 5}], [{8, 4}, {2, 7}, {1, 6}, {5}, {3}], [{8, 4}, {2, 7}, {3, 6}, {1, 5}], [{8, 4}, {2, 7}, {5, 6}, {1, 3}], [{8, 4}, {3, 7}, {1, 6}, {2, 5}], [{8, 4}, {3, 7}, {1, 6}, {5}, {2}], [{8, 4}, {3, 7}, {2, 6}, {1, 5}], [{8, 4}, {3, 7}, {5, 6}, {1, 2}], [{8, 4}, {5, 7}, {1, 6}, {2, 3}], [{8, 4}, {5, 7}, {1, 6}, {3}, {2}], [{8, 4}, {5, 7}, {2, 6}, {1, 3}], [{8, 4}, {5, 7}, {3, 6}, {1, 2}], [{8, 4}, {5, 7}, {3, 6}, {2}, {1}], [{8, 4}, {5, 7}, {6}, {1, 3}, {2}], [{8, 4}, {6, 7}, {1, 5}, {2, 3}], [{8, 4}, {6, 7}, {2, 5}, {1, 3}], [{8, 4}, {6, 7}, {2, 5}, {3}, {1}], [{8, 4}, {6, 7}, {3, 5}, {1, 2}], [{8, 4}, {7}, {1, 6}, {2, 5}, {3}], [{8, 4}, {7}, {1, 6}, {3, 5}, {2}], [{8, 4}, {7}, {1, 6}, {5}, {2, 3}], [{8, 4}, {7}, {1, 6}, {5}, {3}, {2}], [{8, 5}, {1, 7}, {2, 6}, {3, 4}], [{8, 5}, {1, 7}, {3, 6}, {2, 4}], [{8, 5}, {1, 7}, {4, 6}, {2, 3}], [{8, 5}, {1, 7}, {6}, {2, 4}, {3}], [{8, 5}, {2, 7}, {1, 6}, {3, 4}], [{8, 5}, {2, 7}, {3, 6}, {1, 4}], [{8, 5}, {2, 7}, {4, 6}, {1, 3}], [{8, 5}, {3, 7}, {1, 6}, {2, 4}], [{8, 5}, {3, 7}, {2, 6}, {1, 4}], [{8, 5}, {3, 7}, {2, 6}, {4}, {1}], [{8, 5}, {3, 7}, {4, 6}, {1, 2}], [{8, 5}, {3, 7}, {4, 6}, {2}, {1}], [{8, 5}, {3, 7}, {6}, {2, 4}, {1}], [{8, 5}, {4, 7}, {1, 6}, {2, 3}], [{8, 5}, {4, 7}, {2, 6}, {1, 3}], [{8, 5}, {4, 7}, {3, 6}, {1, 2}], [{8, 5}, {6, 7}, {1, 4}, {2, 3}], [{8, 5}, {6, 7}, {2, 4}, {1, 3}], [{8, 5}, {6, 7}, {2, 4}, {3}, {1}], [{8, 5}, {6, 7}, {3, 4}, {1, 2}], [{8, 5}, {7}, {1, 6}, {2, 4}, {3}], [{8, 5}, {7}, {3, 6}, {1, 4}, {2}], [{8, 5}, {7}, {3, 6}, {2, 4}, {1}], [{8, 5}, {7}, {3, 6}, {4}, {1, 2}], [{8, 5}, {7}, {6}, {2, 4}, {1, 3}], [{8, 5}, {7}, {6}, {2, 4}, {3}, {1}], [{8, 6}, {1, 7}, {2, 5}, {3, 4}], [{8, 6}, {1, 7}, {3, 5}, {2, 4}], [{8, 6}, {1, 7}, {4, 5}, {2, 3}], [{8, 6}, {2, 7}, {1, 5}, {3, 4}], [{8, 6}, {2, 7}, {3, 5}, {1, 4}], [{8, 6}, {2, 7}, {4, 5}, {1, 3}], [{8, 6}, {2, 7}, {4, 5}, {3}, {1}], [{8, 6}, {3, 7}, {1, 5}, {2, 4}], [{8, 6}, {3, 7}, {2, 5}, {1, 4}], [{8, 6}, {3, 7}, {4, 5}, {1, 2}], [{8, 6}, {3, 7}, {5}, {2, 4}, {1}], [{8, 6}, {4, 7}, {1, 5}, {2, 3}], [{8, 6}, {4, 7}, {2, 5}, {1, 3}], [{8, 6}, {4, 7}, {3, 5}, {1, 2}], [{8, 6}, {4, 7}, {5}, {1, 3}, {2}], [{8, 6}, {5, 7}, {1, 4}, {2, 3}], [{8, 6}, {5, 7}, {2, 4}, {1, 3}], [{8, 6}, {5, 7}, {3, 4}, {1, 2}], [{8, 6}, {5, 7}, {4}, {2, 3}, {1}], [{8, 6}, {7}, {1, 5}, {2, 4}, {3}], [{8, 7}, {1, 6}, {2, 5}, {3, 4}], [{8, 7}, {1, 6}, {3, 5}, {2, 4}], [{8, 7}, {1, 6}, {4, 5}, {2, 3}], [{8, 7}, {1, 6}, {5}, {2, 4}, {3}], [{8, 7}, {2, 6}, {1, 5}, {3, 4}], [{8, 7}, {2, 6}, {3, 5}, {1, 4}], [{8, 7}, {2, 6}, {4, 5}, {1, 3}], [{8, 7}, {3, 6}, {1, 5}, {2, 4}], [{8, 7}, {3, 6}, {2, 5}, {1, 4}], [{8, 7}, {3, 6}, {4, 5}, {1, 2}], [{8, 7}, {4, 6}, {1, 5}, {2, 3}], [{8, 7}, {4, 6}, {2, 5}, {1, 3}], [{8, 7}, {4, 6}, {3, 5}, {1, 2}], [{8, 7}, {4, 6}, {5}, {2, 3}, {1}], [{8, 7}, {5, 6}, {1, 4}, {2, 3}], [{8, 7}, {5, 6}, {2, 4}, {1, 3}], [{8, 7}, {5, 6}, {3, 4}, {1, 2}], [{8, 7}, {6}, {2, 5}, {1, 4}, {3}], [{8}, {2, 7}, {3, 6}, {4, 5}, {1}], [{8}, {2, 7}, {4, 6}, {1, 5}, {3}], [{8}, {2, 7}, {5, 6}, {4}, {1, 3}], [{8}, {3, 7}, {1, 6}, {5}, {2, 4}], [{8}, {3, 7}, {2, 6}, {1, 5}, {4}], [{8}, {3, 7}, {4, 6}, {1, 5}, {2}], [{8}, {3, 7}, {5, 6}, {2, 4}, {1}], [{8}, {3, 7}, {6}, {1, 5}, {2, 4}], [{8}, {4, 7}, {5, 6}, {3}, {1, 2}], [{8}, {5, 7}, {1, 6}, {2, 4}, {3}], [{8}, {5, 7}, {6}, {1, 4}, {2, 3}], [{8}, {7}, {1, 6}, {3, 5}, {2, 4}], [{8}, {7}, {1, 6}, {5}, {2, 4}, {3}], [{8}, {7}, {4, 6}, {1, 5}, {2, 3}], [{8}, {7}, {4, 6}, {2, 5}, {1, 3}]]",2,4 K_1^3 + 8 K_1^2 K_2 - 8 K_1^2 - 4 K_1 K_2 - 4 K_1 K_3 - K_1 + 2 K_2 + K_3 + 3,O1O2O3O4U5U2U3O5O6U1O7U4U6O8U7U8,O1O2O3U4U1U2U5O6O7U6O8O4U7O5U8U3,O1O2O3U1U4O5U6O7O4U8O6O8U5U2U3U7,c,{'O1O2O3O4U5U6O5U7U1O6U4O7O8U2U3U8'},1,"<a href=""/flatknot/8.857645"">8.857645</a>",t^9-49t^7-180t^6-125t^5+340t^4+599t^3+264t^2-9t-8,-2t^2+4t,,
8.857646,O1O2O3O4U5U6O5U7U1O6U4O7O8U2U8U3,4,3z^3+27z^2+87z+91,3w^4z^3+27w^3z^2+87w^2z+91w,False,False,"[[ 0 -1 -1  2  2 -1 -1 -1  1],[ 1  0  0  1  0  1  2  1  1],[ 1  0  0  2  1  0  1  1  1],[-2 -1 -2  0  1 -3 -2 -2  0],[-2  0 -1 -1  0 -3 -1 -1  0],[ 1 -1  0  3  3  0 -1 -1  1],[ 1 -2 -1  2  1  1  0 -1  1],[ 1 -1 -1  2  1  1  1  0  1],[-1 -1 -1  0  0 -1 -1 -1  0]]","[[ 0  2  2  1 -1 -1 -1 -1 -1],[-2  0  1  0 -1 -2 -2 -2 -3],[-2 -1  0  0  0 -1 -1 -1 -3],[-1  0  0  0 -1 -1 -1 -1 -1],[ 1  1  0  1  0  2  1  0  1],[ 1  2  1  1 -2  0 -1 -1  1],[ 1  2  1  1 -1  1  0 -1  1],[ 1  2  1  1  0  1  1  0  0],[ 1  3  3  1 -1 -1 -1  0  0]]",True,"[-2,-2,-1,1,1,1,1,1,-1,0,1,2,2,2,3,0,0,1,1,1,3,1,1,1,1,1,-2,-1,0,-1,1,1,-1,1,-1,0]","[-2,-2,-1,1,1,1,1,1,-1,0,1,2,2,2,3,0,0,1,1,1,3,1,1,1,1,1,-2,-1,0,-1,1,1,-1,1,-1,0]",t^8+51t^6+270t^4+71t^2,"[-1,-1,-1,-1,-1,1,2,2,-2,-1,-1,0,1,2,3,-1,1,1,1,1,2,1,0,1,0,0,1,1,1,2,1,1,2,1,1,-1]","[-2,-2,-1,1,1,1,1,1,-1,1,0,2,2,2,3,1,0,1,1,1,2,1,1,1,1,1,-1,-1,0,-1,-1,-1,-2,-1,-1,0]","[-1,-1,-1,-1,-1,1,2,2,-2,-1,-1,1,1,1,2,0,1,1,1,0,1,1,0,1,1,2,1,1,1,2,1,3,3,0,0,-1]",c,"[[{8, 1}, {2, 7}, {3, 6}, {4, 5}], [{8, 1}, {2, 7}, {4, 6}, {3, 5}], [{8, 1}, {2, 7}, {5, 6}, {3, 4}], [{8, 1}, {2, 7}, {5, 6}, {4}, {3}], [{8, 1}, {3, 7}, {2, 6}, {4, 5}], [{8, 1}, {3, 7}, {4, 6}, {2, 5}], [{8, 1}, {3, 7}, {4, 6}, {5}, {2}], [{8, 1}, {3, 7}, {5, 6}, {2, 4}], [{8, 1}, {4, 7}, {2, 6}, {3, 5}], [{8, 1}, {4, 7}, {3, 6}, {2, 5}], [{8, 1}, {4, 7}, {5, 6}, {2, 3}], [{8, 1}, {4, 7}, {6}, {5}, {2, 3}], [{8, 1}, {5, 7}, {2, 6}, {3, 4}], [{8, 1}, {5, 7}, {3, 6}, {2, 4}], [{8, 1}, {5, 7}, {4, 6}, {2, 3}], [{8, 1}, {5, 7}, {6}, {4}, {2, 3}], [{8, 1}, {6, 7}, {2, 5}, {3, 4}], [{8, 1}, {6, 7}, {3, 5}, {2, 4}], [{8, 1}, {6, 7}, {4, 5}, {2, 3}], [{8, 1}, {7}, {2, 6}, {3, 5}, {4}], [{8, 1}, {7}, {4, 6}, {2, 5}, {3}], [{8, 1}, {7}, {6}, {4, 5}, {2, 3}], [{8, 2}, {1, 7}, {3, 6}, {4, 5}], [{8, 2}, {1, 7}, {4, 6}, {3, 5}], [{8, 2}, {1, 7}, {4, 6}, {5}, {3}], [{8, 2}, {1, 7}, {5, 6}, {3, 4}], [{8, 2}, {3, 7}, {1, 6}, {4, 5}], [{8, 2}, {3, 7}, {4, 6}, {1, 5}], [{8, 2}, {3, 7}, {5, 6}, {1, 4}], [{8, 2}, {4, 7}, {1, 6}, {3, 5}], [{8, 2}, {4, 7}, {1, 6}, {5}, {3}], [{8, 2}, {4, 7}, {3, 6}, {1, 5}], [{8, 2}, {4, 7}, {3, 6}, {5}, {1}], [{8, 2}, {4, 7}, {5, 6}, {1, 3}], [{8, 2}, {4, 7}, {5, 6}, {3}, {1}], [{8, 2}, {4, 7}, {6}, {1, 5}, {3}], [{8, 2}, {4, 7}, {6}, {3, 5}, {1}], [{8, 2}, {4, 7}, {6}, {5}, {1, 3}], [{8, 2}, {4, 7}, {6}, {5}, {3}, {1}], [{8, 2}, {5, 7}, {1, 6}, {3, 4}], [{8, 2}, {5, 7}, {3, 6}, {1, 4}], [{8, 2}, {5, 7}, {4, 6}, {1, 3}], [{8, 2}, {6, 7}, {1, 5}, {3, 4}], [{8, 2}, {6, 7}, {3, 5}, {1, 4}], [{8, 2}, {6, 7}, {4, 5}, {1, 3}], [{8, 2}, {6, 7}, {5}, {1, 4}, {3}], [{8, 2}, {7}, {5, 6}, {4}, {1, 3}], [{8, 3}, {1, 7}, {2, 6}, {4, 5}], [{8, 3}, {1, 7}, {4, 6}, {2, 5}], [{8, 3}, {1, 7}, {5, 6}, {2, 4}], [{8, 3}, {2, 7}, {1, 6}, {4, 5}], [{8, 3}, {2, 7}, {4, 6}, {1, 5}], [{8, 3}, {2, 7}, {4, 6}, {5}, {1}], [{8, 3}, {2, 7}, {5, 6}, {1, 4}], [{8, 3}, {4, 7}, {1, 6}, {2, 5}], [{8, 3}, {4, 7}, {2, 6}, {1, 5}], [{8, 3}, {4, 7}, {5, 6}, {1, 2}], [{8, 3}, {4, 7}, {6}, {5}, {1, 2}], [{8, 3}, {5, 7}, {1, 6}, {2, 4}], [{8, 3}, {5, 7}, {2, 6}, {1, 4}], [{8, 3}, {5, 7}, {4, 6}, {1, 2}], [{8, 3}, {5, 7}, {4, 6}, {2}, {1}], [{8, 3}, {6, 7}, {1, 5}, {2, 4}], [{8, 3}, {6, 7}, {1, 5}, {4}, {2}], [{8, 3}, {6, 7}, {2, 5}, {1, 4}], [{8, 3}, {6, 7}, {4, 5}, {1, 2}], [{8, 3}, {7}, {4, 6}, {2, 5}, {1}], [{8, 4}, {1, 7}, {2, 6}, {3, 5}], [{8, 4}, {1, 7}, {3, 6}, {2, 5}], [{8, 4}, {1, 7}, {5, 6}, {2, 3}], [{8, 4}, {2, 7}, {1, 6}, {3, 5}], [{8, 4}, {2, 7}, {3, 6}, {1, 5}], [{8, 4}, {2, 7}, {5, 6}, {1, 3}], [{8, 4}, {3, 7}, {1, 6}, {2, 5}], [{8, 4}, {3, 7}, {1, 6}, {5}, {2}], [{8, 4}, {3, 7}, {2, 6}, {1, 5}], [{8, 4}, {3, 7}, {5, 6}, {1, 2}], [{8, 4}, {5, 7}, {1, 6}, {2, 3}], [{8, 4}, {5, 7}, {2, 6}, {1, 3}], [{8, 4}, {5, 7}, {2, 6}, {3}, {1}], [{8, 4}, {5, 7}, {3, 6}, {1, 2}], [{8, 4}, {6, 7}, {1, 5}, {2, 3}], [{8, 4}, {6, 7}, {2, 5}, {1, 3}], [{8, 4}, {6, 7}, {3, 5}, {1, 2}], [{8, 4}, {7}, {1, 6}, {2, 5}, {3}], [{8, 4}, {7}, {3, 6}, {2, 5}, {1}], [{8, 4}, {7}, {6}, {2, 5}, {1, 3}], [{8, 5}, {1, 7}, {2, 6}, {3, 4}], [{8, 5}, {1, 7}, {3, 6}, {2, 4}], [{8, 5}, {1, 7}, {4, 6}, {2, 3}], [{8, 5}, {2, 7}, {1, 6}, {3, 4}], [{8, 5}, {2, 7}, {3, 6}, {1, 4}], [{8, 5}, {2, 7}, {4, 6}, {1, 3}], [{8, 5}, {3, 7}, {1, 6}, {2, 4}], [{8, 5}, {3, 7}, {2, 6}, {1, 4}], [{8, 5}, {3, 7}, {4, 6}, {1, 2}], [{8, 5}, {3, 7}, {4, 6}, {2}, {1}], [{8, 5}, {3, 7}, {6}, {4}, {1, 2}], [{8, 5}, {4, 7}, {1, 6}, {2, 3}], [{8, 5}, {4, 7}, {2, 6}, {1, 3}], [{8, 5}, {4, 7}, {2, 6}, {3}, {1}], [{8, 5}, {4, 7}, {3, 6}, {1, 2}], [{8, 5}, {4, 7}, {6}, {1, 3}, {2}], [{8, 5}, {6, 7}, {1, 4}, {2, 3}], [{8, 5}, {6, 7}, {2, 4}, {1, 3}], [{8, 5}, {6, 7}, {3, 4}, {1, 2}], [{8, 5}, {7}, {1, 6}, {2, 4}, {3}], [{8, 5}, {7}, {1, 6}, {3, 4}, {2}], [{8, 5}, {7}, {1, 6}, {4}, {2, 3}], [{8, 5}, {7}, {2, 6}, {4}, {1, 3}], [{8, 5}, {7}, {4, 6}, {3}, {1, 2}], [{8, 6}, {1, 7}, {2, 5}, {3, 4}], [{8, 6}, {1, 7}, {3, 5}, {2, 4}], [{8, 6}, {1, 7}, {4, 5}, {2, 3}], [{8, 6}, {2, 7}, {1, 5}, {3, 4}], [{8, 6}, {2, 7}, {3, 5}, {1, 4}], [{8, 6}, {2, 7}, {3, 5}, {4}, {1}], [{8, 6}, {2, 7}, {4, 5}, {1, 3}], [{8, 6}, {2, 7}, {5}, {1, 4}, {3}], [{8, 6}, {3, 7}, {1, 5}, {2, 4}], [{8, 6}, {3, 7}, {2, 5}, {1, 4}], [{8, 6}, {3, 7}, {4, 5}, {1, 2}], [{8, 6}, {4, 7}, {1, 5}, {2, 3}], [{8, 6}, {4, 7}, {2, 5}, {1, 3}], [{8, 6}, {4, 7}, {2, 5}, {3}, {1}], [{8, 6}, {4, 7}, {3, 5}, {1, 2}], [{8, 6}, {4, 7}, {5}, {1, 3}, {2}], [{8, 6}, {5, 7}, {1, 4}, {2, 3}], [{8, 6}, {5, 7}, {2, 4}, {1, 3}], [{8, 6}, {5, 7}, {2, 4}, {3}, {1}], [{8, 6}, {5, 7}, {3, 4}, {1, 2}], [{8, 6}, {5, 7}, {3, 4}, {2}, {1}], [{8, 6}, {5, 7}, {4}, {2, 3}, {1}], [{8, 6}, {7}, {2, 5}, {4}, {1, 3}], [{8, 6}, {7}, {3, 5}, {1, 4}, {2}], [{8, 7}, {1, 6}, {2, 5}, {3, 4}], [{8, 7}, {1, 6}, {3, 5}, {2, 4}], [{8, 7}, {1, 6}, {4, 5}, {2, 3}], [{8, 7}, {1, 6}, {5}, {4}, {2, 3}], [{8, 7}, {2, 6}, {1, 5}, {3, 4}], [{8, 7}, {2, 6}, {3, 5}, {1, 4}], [{8, 7}, {2, 6}, {4, 5}, {1, 3}], [{8, 7}, {3, 6}, {1, 5}, {2, 4}], [{8, 7}, {3, 6}, {2, 5}, {1, 4}], [{8, 7}, {3, 6}, {4, 5}, {1, 2}], [{8, 7}, {3, 6}, {4, 5}, {2}, {1}], [{8, 7}, {4, 6}, {1, 5}, {2, 3}], [{8, 7}, {4, 6}, {2, 5}, {1, 3}], [{8, 7}, {4, 6}, {3, 5}, {1, 2}], [{8, 7}, {4, 6}, {3, 5}, {2}, {1}], [{8, 7}, {5, 6}, {1, 4}, {2, 3}], [{8, 7}, {5, 6}, {2, 4}, {1, 3}], [{8, 7}, {5, 6}, {3, 4}, {1, 2}], [{8, 7}, {5, 6}, {4}, {3}, {1, 2}], [{8, 7}, {6}, {2, 5}, {4}, {1, 3}], [{8}, {1, 7}, {5, 6}, {2, 4}, {3}], [{8}, {1, 7}, {5, 6}, {3, 4}, {2}], [{8}, {1, 7}, {5, 6}, {4}, {2, 3}], [{8}, {2, 7}, {3, 6}, {1, 5}, {4}], [{8}, {2, 7}, {4, 6}, {1, 5}, {3}], [{8}, {2, 7}, {6}, {1, 5}, {3, 4}], [{8}, {2, 7}, {6}, {4, 5}, {1, 3}], [{8}, {3, 7}, {2, 6}, {1, 5}, {4}], [{8}, {3, 7}, {2, 6}, {4, 5}, {1}], [{8}, {3, 7}, {2, 6}, {5}, {1, 4}], [{8}, {3, 7}, {4, 6}, {1, 5}, {2}], [{8}, {3, 7}, {6}, {1, 5}, {2, 4}], [{8}, {4, 7}, {2, 6}, {5}, {1, 3}], [{8}, {4, 7}, {5, 6}, {1, 3}, {2}], [{8}, {4, 7}, {6}, {2, 5}, {1, 3}], [{8}, {4, 7}, {6}, {5}, {1, 3}, {2}], [{8}, {5, 7}, {1, 6}, {4}, {2, 3}], [{8}, {5, 7}, {3, 6}, {1, 4}, {2}], [{8}, {5, 7}, {6}, {2, 4}, {1, 3}], [{8}, {6, 7}, {2, 5}, {4}, {1, 3}], [{8}, {6, 7}, {4, 5}, {3}, {1, 2}], [{8}, {7}, {4, 6}, {1, 5}, {2, 3}], [{8}, {7}, {4, 6}, {2, 5}, {1, 3}], [{8}, {7}, {6}, {2, 5}, {4}, {1, 3}]]",2,4 K_1^3 - 8 K_1^2 - 8 K_1 K_2 + K_1 + 4 K_2 + 3 K_3 + 5,O1O2O3O4U2U5U3O5O6U1O7U4U6O8U7U8,O1O2O3U4U1U3U5O6O7U6O8O4U7O5U8U2,O1O2O3U2U4O5U6O7O4U8O6O8U5U1U3U7,c,{'O1O2O3O4U5U6O5U7U1O6U4O7O8U2U8U3'},1,"<a href=""/flatknot/8.857646"">8.857646</a>",t^9-47t^7-156t^6-88t^5+206t^4+252t^3+86t^2-16t-28,-2t^2+4t,,
8.857647,O1O2O3O4U5U6O5U7U1O6U4O7O8U3U2U8,4,11z^3+59z^2+103z+59,11w^4z^3-2w^4z^2+61w^3z^2-6w^3z+109w^2z+59w,False,False,"[[ 0 -1  0  0  2 -1 -1 -1  2],[ 1  0  1  0  0  1  2  1  2],[ 0 -1  0  0  1 -1  0  0  2],[ 0  0  0  0  1 -1  0  0  1],[-2  0 -1 -1  0 -3 -1 -1  0],[ 1 -1  1  1  3  0 -1 -1  2],[ 1 -2  0  0  1  1  0 -1  2],[ 1 -1  0  0  1  1  1  0  2],[-2 -2 -2 -1  0 -2 -2 -2  0]]","[[ 0  2  2  0  0 -1 -1 -1 -1],[-2  0  0 -1 -1  0 -1 -1 -3],[-2  0  0 -1 -2 -2 -2 -2 -2],[ 0  1  1  0  0  0  0  0 -1],[ 0  1  2  0  0 -1  0  0 -1],[ 1  0  2  0  1  0  2  1  1],[ 1  1  2  0  0 -2  0 -1  1],[ 1  1  2  0  0 -1  1  0  1],[ 1  3  2  1  1 -1 -1 -1  0]]",True,"[-2,-2,0,0,1,1,1,1,0,1,1,0,1,1,3,1,2,2,2,2,2,0,0,0,0,1,1,0,0,1,-2,-1,-1,1,-1,-1]","[-2,-2,0,0,1,1,1,1,0,0,1,1,1,1,1,1,1,0,2,2,3,0,0,1,1,0,0,1,1,1,-1,-1,-1,-1,-2,-1]",t^8+46t^6+298t^4+99t^2,"[-1,-1,-1,-1,0,0,2,2,-2,-1,-1,0,1,1,3,-1,1,1,1,1,2,1,0,0,1,0,1,1,1,2,0,0,1,1,1,0]","[-2,-2,0,0,1,1,1,1,0,0,1,1,1,1,1,1,1,0,2,2,3,0,0,1,1,0,0,1,1,1,-1,-1,-1,-1,-2,-1]","[-1,-1,-1,-1,0,0,2,2,-2,-1,1,0,0,1,2,1,1,0,1,0,2,1,0,0,1,2,1,1,3,2,0,1,1,1,2,0]",c,"[[{8, 1}, {2, 7}, {3, 6}, {4, 5}], [{8, 1}, {2, 7}, {4, 6}, {3, 5}], [{8, 1}, {2, 7}, {5, 6}, {3, 4}], [{8, 1}, {2, 7}, {5, 6}, {4}, {3}], [{8, 1}, {3, 7}, {2, 6}, {4, 5}], [{8, 1}, {3, 7}, {4, 6}, {2, 5}], [{8, 1}, {3, 7}, {5, 6}, {2, 4}], [{8, 1}, {3, 7}, {5, 6}, {4}, {2}], [{8, 1}, {4, 7}, {2, 6}, {3, 5}], [{8, 1}, {4, 7}, {2, 6}, {5}, {3}], [{8, 1}, {4, 7}, {3, 6}, {2, 5}], [{8, 1}, {4, 7}, {3, 6}, {5}, {2}], [{8, 1}, {4, 7}, {5, 6}, {2, 3}], [{8, 1}, {4, 7}, {5, 6}, {3}, {2}], [{8, 1}, {4, 7}, {6}, {2, 5}, {3}], [{8, 1}, {4, 7}, {6}, {3, 5}, {2}], [{8, 1}, {4, 7}, {6}, {5}, {2, 3}], [{8, 1}, {4, 7}, {6}, {5}, {3}, {2}], [{8, 1}, {5, 7}, {2, 6}, {3, 4}], [{8, 1}, {5, 7}, {3, 6}, {2, 4}], [{8, 1}, {5, 7}, {4, 6}, {2, 3}], [{8, 1}, {5, 7}, {4, 6}, {3}, {2}], [{8, 1}, {6, 7}, {2, 5}, {3, 4}], [{8, 1}, {6, 7}, {3, 5}, {2, 4}], [{8, 1}, {6, 7}, {4, 5}, {2, 3}], [{8, 1}, {6, 7}, {4, 5}, {3}, {2}], [{8, 1}, {7}, {5, 6}, {2, 4}, {3}], [{8, 1}, {7}, {5, 6}, {3, 4}, {2}], [{8, 1}, {7}, {5, 6}, {4}, {2, 3}], [{8, 1}, {7}, {5, 6}, {4}, {3}, {2}], [{8, 2}, {1, 7}, {3, 6}, {4, 5}], [{8, 2}, {1, 7}, {4, 6}, {3, 5}], [{8, 2}, {1, 7}, {5, 6}, {3, 4}], [{8, 2}, {1, 7}, {5, 6}, {4}, {3}], [{8, 2}, {3, 7}, {1, 6}, {4, 5}], [{8, 2}, {3, 7}, {4, 6}, {1, 5}], [{8, 2}, {3, 7}, {5, 6}, {1, 4}], [{8, 2}, {4, 7}, {1, 6}, {3, 5}], [{8, 2}, {4, 7}, {3, 6}, {1, 5}], [{8, 2}, {4, 7}, {5, 6}, {1, 3}], [{8, 2}, {5, 7}, {1, 6}, {3, 4}], [{8, 2}, {5, 7}, {1, 6}, {4}, {3}], [{8, 2}, {5, 7}, {3, 6}, {1, 4}], [{8, 2}, {5, 7}, {4, 6}, {1, 3}], [{8, 2}, {6, 7}, {1, 5}, {3, 4}], [{8, 2}, {6, 7}, {3, 5}, {1, 4}], [{8, 2}, {6, 7}, {4, 5}, {1, 3}], [{8, 2}, {7}, {1, 6}, {5}, {3, 4}], [{8, 2}, {7}, {4, 6}, {5}, {1, 3}], [{8, 2}, {7}, {6}, {3, 5}, {1, 4}], [{8, 3}, {1, 7}, {2, 6}, {4, 5}], [{8, 3}, {1, 7}, {4, 6}, {2, 5}], [{8, 3}, {1, 7}, {4, 6}, {5}, {2}], [{8, 3}, {1, 7}, {5, 6}, {2, 4}], [{8, 3}, {2, 7}, {1, 6}, {4, 5}], [{8, 3}, {2, 7}, {1, 6}, {5}, {4}], [{8, 3}, {2, 7}, {4, 6}, {1, 5}], [{8, 3}, {2, 7}, {4, 6}, {5}, {1}], [{8, 3}, {2, 7}, {5, 6}, {1, 4}], [{8, 3}, {2, 7}, {5, 6}, {4}, {1}], [{8, 3}, {2, 7}, {6}, {1, 5}, {4}], [{8, 3}, {2, 7}, {6}, {4, 5}, {1}], [{8, 3}, {2, 7}, {6}, {5}, {1, 4}], [{8, 3}, {4, 7}, {1, 6}, {2, 5}], [{8, 3}, {4, 7}, {1, 6}, {5}, {2}], [{8, 3}, {4, 7}, {2, 6}, {1, 5}], [{8, 3}, {4, 7}, {5, 6}, {1, 2}], [{8, 3}, {5, 7}, {1, 6}, {2, 4}], [{8, 3}, {5, 7}, {2, 6}, {1, 4}], [{8, 3}, {5, 7}, {4, 6}, {1, 2}], [{8, 3}, {6, 7}, {1, 5}, {2, 4}], [{8, 3}, {6, 7}, {1, 5}, {4}, {2}], [{8, 3}, {6, 7}, {2, 5}, {1, 4}], [{8, 3}, {6, 7}, {4, 5}, {1, 2}], [{8, 3}, {7}, {1, 6}, {5}, {2, 4}], [{8, 3}, {7}, {2, 6}, {1, 5}, {4}], [{8, 3}, {7}, {4, 6}, {5}, {1, 2}], [{8, 4}, {1, 7}, {2, 6}, {3, 5}], [{8, 4}, {1, 7}, {3, 6}, {2, 5}], [{8, 4}, {1, 7}, {5, 6}, {2, 3}], [{8, 4}, {2, 7}, {1, 6}, {3, 5}], [{8, 4}, {2, 7}, {3, 6}, {1, 5}], [{8, 4}, {2, 7}, {3, 6}, {5}, {1}], [{8, 4}, {2, 7}, {5, 6}, {1, 3}], [{8, 4}, {2, 7}, {5, 6}, {3}, {1}], [{8, 4}, {2, 7}, {6}, {3, 5}, {1}], [{8, 4}, {3, 7}, {1, 6}, {2, 5}], [{8, 4}, {3, 7}, {2, 6}, {1, 5}], [{8, 4}, {3, 7}, {5, 6}, {1, 2}], [{8, 4}, {5, 7}, {1, 6}, {2, 3}], [{8, 4}, {5, 7}, {2, 6}, {1, 3}], [{8, 4}, {5, 7}, {3, 6}, {1, 2}], [{8, 4}, {5, 7}, {3, 6}, {2}, {1}], [{8, 4}, {6, 7}, {1, 5}, {2, 3}], [{8, 4}, {6, 7}, {2, 5}, {1, 3}], [{8, 4}, {6, 7}, {3, 5}, {1, 2}], [{8, 4}, {7}, {1, 6}, {5}, {2, 3}], [{8, 4}, {7}, {3, 6}, {2, 5}, {1}], [{8, 5}, {1, 7}, {2, 6}, {3, 4}], [{8, 5}, {1, 7}, {3, 6}, {2, 4}], [{8, 5}, {1, 7}, {4, 6}, {2, 3}], [{8, 5}, {1, 7}, {6}, {3, 4}, {2}], [{8, 5}, {2, 7}, {1, 6}, {3, 4}], [{8, 5}, {2, 7}, {3, 6}, {1, 4}], [{8, 5}, {2, 7}, {4, 6}, {1, 3}], [{8, 5}, {2, 7}, {6}, {4}, {1, 3}], [{8, 5}, {3, 7}, {1, 6}, {2, 4}], [{8, 5}, {3, 7}, {2, 6}, {1, 4}], [{8, 5}, {3, 7}, {4, 6}, {1, 2}], [{8, 5}, {4, 7}, {1, 6}, {2, 3}], [{8, 5}, {4, 7}, {2, 6}, {1, 3}], [{8, 5}, {4, 7}, {3, 6}, {1, 2}], [{8, 5}, {6, 7}, {1, 4}, {2, 3}], [{8, 5}, {6, 7}, {2, 4}, {1, 3}], [{8, 5}, {6, 7}, {3, 4}, {1, 2}], [{8, 5}, {7}, {1, 6}, {2, 4}, {3}], [{8, 5}, {7}, {2, 6}, {1, 4}, {3}], [{8, 5}, {7}, {3, 6}, {4}, {1, 2}], [{8, 5}, {7}, {4, 6}, {1, 3}, {2}], [{8, 6}, {1, 7}, {2, 5}, {3, 4}], [{8, 6}, {1, 7}, {3, 5}, {2, 4}], [{8, 6}, {1, 7}, {4, 5}, {2, 3}], [{8, 6}, {2, 7}, {1, 5}, {3, 4}], [{8, 6}, {2, 7}, {3, 5}, {1, 4}], [{8, 6}, {2, 7}, {4, 5}, {1, 3}], [{8, 6}, {2, 7}, {5}, {4}, {1, 3}], [{8, 6}, {3, 7}, {1, 5}, {2, 4}], [{8, 6}, {3, 7}, {2, 5}, {1, 4}], [{8, 6}, {3, 7}, {4, 5}, {1, 2}], [{8, 6}, {4, 7}, {1, 5}, {2, 3}], [{8, 6}, {4, 7}, {2, 5}, {1, 3}], [{8, 6}, {4, 7}, {3, 5}, {1, 2}], [{8, 6}, {4, 7}, {5}, {1, 3}, {2}], [{8, 6}, {5, 7}, {1, 4}, {2, 3}], [{8, 6}, {5, 7}, {2, 4}, {1, 3}], [{8, 6}, {5, 7}, {3, 4}, {1, 2}], [{8, 6}, {5, 7}, {4}, {2, 3}, {1}], [{8, 6}, {7}, {3, 5}, {4}, {1, 2}], [{8, 6}, {7}, {4, 5}, {3}, {1, 2}], [{8, 6}, {7}, {5}, {2, 4}, {1, 3}], [{8, 6}, {7}, {5}, {3, 4}, {1, 2}], [{8, 7}, {1, 6}, {2, 5}, {3, 4}], [{8, 7}, {1, 6}, {3, 5}, {2, 4}], [{8, 7}, {1, 6}, {4, 5}, {2, 3}], [{8, 7}, {2, 6}, {1, 5}, {3, 4}], [{8, 7}, {2, 6}, {3, 5}, {1, 4}], [{8, 7}, {2, 6}, {4, 5}, {1, 3}], [{8, 7}, {3, 6}, {1, 5}, {2, 4}], [{8, 7}, {3, 6}, {2, 5}, {1, 4}], [{8, 7}, {3, 6}, {4, 5}, {1, 2}], [{8, 7}, {3, 6}, {5}, {1, 4}, {2}], [{8, 7}, {4, 6}, {1, 5}, {2, 3}], [{8, 7}, {4, 6}, {2, 5}, {1, 3}], [{8, 7}, {4, 6}, {2, 5}, {3}, {1}], [{8, 7}, {4, 6}, {3, 5}, {1, 2}], [{8, 7}, {4, 6}, {3, 5}, {2}, {1}], [{8, 7}, {4, 6}, {5}, {2, 3}, {1}], [{8, 7}, {5, 6}, {1, 4}, {2, 3}], [{8, 7}, {5, 6}, {2, 4}, {1, 3}], [{8, 7}, {5, 6}, {3, 4}, {1, 2}], [{8, 7}, {5, 6}, {4}, {3}, {1, 2}], [{8, 7}, {6}, {1, 5}, {2, 4}, {3}], [{8}, {2, 7}, {1, 6}, {4, 5}, {3}], [{8}, {2, 7}, {4, 6}, {1, 5}, {3}], [{8}, {2, 7}, {5, 6}, {1, 4}, {3}], [{8}, {2, 7}, {5, 6}, {3, 4}, {1}], [{8}, {2, 7}, {5, 6}, {4}, {1, 3}], [{8}, {2, 7}, {5, 6}, {4}, {3}, {1}], [{8}, {3, 7}, {2, 6}, {4, 5}, {1}], [{8}, {3, 7}, {4, 6}, {1, 5}, {2}], [{8}, {5, 7}, {6}, {1, 4}, {2, 3}], [{8}, {6, 7}, {3, 5}, {1, 4}, {2}], [{8}, {7}, {1, 6}, {3, 5}, {2, 4}], [{8}, {7}, {4, 6}, {1, 5}, {2, 3}], [{8}, {7}, {4, 6}, {2, 5}, {1, 3}]]",2,4 K_1^3 + 4 K_1^2 K_2 - 2 K_1^2 - 4 K_1 K_2 - 2 K_1 K_3 - K_1 - 2 K_2^2 + K_3 + K_4 + 2,O1O2O3O4U5U3U2O5O6U1O7U4U6O8U7U8,O1O2O3U4U2U1U5O6O7U6O8O4U7O5U8U3,O1O2O3U1U4O5U6O7O4U8O6O8U5U3U2U7,c,{'O1O2O3O4U5U6O5U7U1O6U4O7O8U3U2U8'},1,"<a href=""/flatknot/8.857647"">8.857647</a>",t^9-42t^7-130t^6+14t^5+486t^4+473t^3-148t^2-271t-52,-2t^2+4t,,
8.857648,O1O2O3O4U5U6O5U7U1O6U8O7O8U2U3U4,4,z^2+22z+41,-2w^5z^3+2w^4z^3-24w^4z^2+25w^3z^2-38w^3z+60w^2z+41w,False,False,"[[ 0 -1 -1  1  3 -1 -1 -1  1],[ 1  0 -1  0  1  1  2  2  2],[ 1  1  0  1  2  0  1  1  2],[-1  0 -1  0  1 -2 -1 -1  0],[-3 -1 -2 -1  0 -4 -3 -3 -2],[ 1 -1  0  2  4  0 -1 -1  2],[ 1 -2 -1  1  3  1  0 -1  1],[ 1 -2 -1  1  3  1  1  0  1],[-1 -2 -2  0  2 -2 -1 -1  0]]","[[ 0  3  1  1 -1 -1 -1 -1 -1],[-3  0 -1 -2 -1 -2 -3 -3 -4],[-1  1  0  0  0 -1 -1 -1 -2],[-1  2  0  0 -2 -2 -1 -1 -2],[ 1  1  0  2  0 -1  2  2  1],[ 1  2  1  2  1  0  1  1  0],[ 1  3  1  1 -2 -1  0  1  1],[ 1  3  1  1 -2 -1 -1  0  1],[ 1  4  2  2 -1  0 -1 -1  0]]",True,"[-3,-1,-1,1,1,1,1,1,1,2,1,2,3,3,4,0,0,1,1,1,2,2,2,1,1,2,1,-2,-2,-1,-1,-1,0,-1,-1,-1]","[-3,-1,-1,1,1,1,1,1,0,1,0,1,1,2,3,0,0,1,1,0,0,0,1,1,1,2,-1,-1,0,-1,-1,-1,-2,-1,-2,1]",t^8+80t^6+655t^4+258t^2,"[-1,-1,-1,-1,-1,1,1,3,-2,-2,-1,1,0,2,3,-1,-1,1,1,1,1,-1,1,1,1,1,0,0,0,0,0,1,2,0,0,1]","[-3,-1,-1,1,1,1,1,1,0,1,0,1,1,2,3,0,0,1,1,0,0,0,1,1,1,2,-1,-1,0,-1,-1,-1,-2,-1,-2,1]","[-1,-1,-1,-1,-1,1,1,3,-2,-1,-1,1,1,1,3,-1,2,1,0,2,1,1,0,1,2,2,1,1,1,3,2,2,4,0,1,2]",c,"[[{8, 1}, {2, 7}, {3, 6}, {4, 5}], [{8, 1}, {2, 7}, {3, 6}, {5}, {4}], [{8, 1}, {2, 7}, {4, 6}, {3, 5}], [{8, 1}, {2, 7}, {5, 6}, {3, 4}], [{8, 1}, {3, 7}, {2, 6}, {4, 5}], [{8, 1}, {3, 7}, {2, 6}, {5}, {4}], [{8, 1}, {3, 7}, {4, 6}, {2, 5}], [{8, 1}, {3, 7}, {5, 6}, {2, 4}], [{8, 1}, {4, 7}, {2, 6}, {3, 5}], [{8, 1}, {4, 7}, {3, 6}, {2, 5}], [{8, 1}, {4, 7}, {5, 6}, {2, 3}], [{8, 1}, {5, 7}, {2, 6}, {3, 4}], [{8, 1}, {5, 7}, {3, 6}, {2, 4}], [{8, 1}, {5, 7}, {4, 6}, {2, 3}], [{8, 1}, {5, 7}, {6}, {2, 4}, {3}], [{8, 1}, {6, 7}, {2, 5}, {3, 4}], [{8, 1}, {6, 7}, {2, 5}, {4}, {3}], [{8, 1}, {6, 7}, {3, 5}, {2, 4}], [{8, 1}, {6, 7}, {3, 5}, {4}, {2}], [{8, 1}, {6, 7}, {4, 5}, {2, 3}], [{8, 1}, {6, 7}, {4, 5}, {3}, {2}], [{8, 1}, {6, 7}, {5}, {2, 4}, {3}], [{8, 1}, {6, 7}, {5}, {3, 4}, {2}], [{8, 1}, {6, 7}, {5}, {4}, {2, 3}], [{8, 1}, {6, 7}, {5}, {4}, {3}, {2}], [{8, 1}, {7}, {5, 6}, {2, 4}, {3}], [{8, 2}, {1, 7}, {3, 6}, {4, 5}], [{8, 2}, {1, 7}, {4, 6}, {3, 5}], [{8, 2}, {1, 7}, {5, 6}, {3, 4}], [{8, 2}, {3, 7}, {1, 6}, {4, 5}], [{8, 2}, {3, 7}, {4, 6}, {1, 5}], [{8, 2}, {3, 7}, {4, 6}, {5}, {1}], [{8, 2}, {3, 7}, {5, 6}, {1, 4}], [{8, 2}, {4, 7}, {1, 6}, {3, 5}], [{8, 2}, {4, 7}, {1, 6}, {5}, {3}], [{8, 2}, {4, 7}, {3, 6}, {1, 5}], [{8, 2}, {4, 7}, {5, 6}, {1, 3}], [{8, 2}, {4, 7}, {5, 6}, {3}, {1}], [{8, 2}, {4, 7}, {6}, {1, 5}, {3}], [{8, 2}, {5, 7}, {1, 6}, {3, 4}], [{8, 2}, {5, 7}, {3, 6}, {1, 4}], [{8, 2}, {5, 7}, {4, 6}, {1, 3}], [{8, 2}, {5, 7}, {4, 6}, {3}, {1}], [{8, 2}, {6, 7}, {1, 5}, {3, 4}], [{8, 2}, {6, 7}, {3, 5}, {1, 4}], [{8, 2}, {6, 7}, {4, 5}, {1, 3}], [{8, 2}, {6, 7}, {5}, {1, 4}, {3}], [{8, 2}, {7}, {3, 6}, {1, 5}, {4}], [{8, 2}, {7}, {4, 6}, {3, 5}, {1}], [{8, 2}, {7}, {6}, {4, 5}, {1, 3}], [{8, 3}, {1, 7}, {2, 6}, {4, 5}], [{8, 3}, {1, 7}, {4, 6}, {2, 5}], [{8, 3}, {1, 7}, {5, 6}, {2, 4}], [{8, 3}, {1, 7}, {6}, {5}, {2, 4}], [{8, 3}, {2, 7}, {1, 6}, {4, 5}], [{8, 3}, {2, 7}, {4, 6}, {1, 5}], [{8, 3}, {2, 7}, {5, 6}, {1, 4}], [{8, 3}, {4, 7}, {1, 6}, {2, 5}], [{8, 3}, {4, 7}, {2, 6}, {1, 5}], [{8, 3}, {4, 7}, {5, 6}, {1, 2}], [{8, 3}, {4, 7}, {6}, {1, 5}, {2}], [{8, 3}, {5, 7}, {1, 6}, {2, 4}], [{8, 3}, {5, 7}, {2, 6}, {1, 4}], [{8, 3}, {5, 7}, {4, 6}, {1, 2}], [{8, 3}, {6, 7}, {1, 5}, {2, 4}], [{8, 3}, {6, 7}, {2, 5}, {1, 4}], [{8, 3}, {6, 7}, {2, 5}, {4}, {1}], [{8, 3}, {6, 7}, {4, 5}, {1, 2}], [{8, 3}, {6, 7}, {4, 5}, {2}, {1}], [{8, 3}, {6, 7}, {5}, {2, 4}, {1}], [{8, 3}, {7}, {1, 6}, {5}, {2, 4}], [{8, 3}, {7}, {2, 6}, {1, 5}, {4}], [{8, 3}, {7}, {6}, {2, 5}, {1, 4}], [{8, 4}, {1, 7}, {2, 6}, {3, 5}], [{8, 4}, {1, 7}, {3, 6}, {2, 5}], [{8, 4}, {1, 7}, {5, 6}, {2, 3}], [{8, 4}, {2, 7}, {1, 6}, {3, 5}], [{8, 4}, {2, 7}, {1, 6}, {5}, {3}], [{8, 4}, {2, 7}, {3, 6}, {1, 5}], [{8, 4}, {2, 7}, {5, 6}, {1, 3}], [{8, 4}, {3, 7}, {1, 6}, {2, 5}], [{8, 4}, {3, 7}, {2, 6}, {1, 5}], [{8, 4}, {3, 7}, {2, 6}, {5}, {1}], [{8, 4}, {3, 7}, {5, 6}, {1, 2}], [{8, 4}, {5, 7}, {1, 6}, {2, 3}], [{8, 4}, {5, 7}, {2, 6}, {1, 3}], [{8, 4}, {5, 7}, {3, 6}, {1, 2}], [{8, 4}, {6, 7}, {1, 5}, {2, 3}], [{8, 4}, {6, 7}, {2, 5}, {1, 3}], [{8, 4}, {6, 7}, {3, 5}, {1, 2}], [{8, 4}, {6, 7}, {5}, {3}, {1, 2}], [{8, 5}, {1, 7}, {2, 6}, {3, 4}], [{8, 5}, {1, 7}, {3, 6}, {2, 4}], [{8, 5}, {1, 7}, {4, 6}, {2, 3}], [{8, 5}, {1, 7}, {6}, {2, 4}, {3}], [{8, 5}, {2, 7}, {1, 6}, {3, 4}], [{8, 5}, {2, 7}, {3, 6}, {1, 4}], [{8, 5}, {2, 7}, {4, 6}, {1, 3}], [{8, 5}, {3, 7}, {1, 6}, {2, 4}], [{8, 5}, {3, 7}, {2, 6}, {1, 4}], [{8, 5}, {3, 7}, {4, 6}, {1, 2}], [{8, 5}, {3, 7}, {4, 6}, {2}, {1}], [{8, 5}, {4, 7}, {1, 6}, {2, 3}], [{8, 5}, {4, 7}, {2, 6}, {1, 3}], [{8, 5}, {4, 7}, {3, 6}, {1, 2}], [{8, 5}, {4, 7}, {6}, {3}, {1, 2}], [{8, 5}, {6, 7}, {1, 4}, {2, 3}], [{8, 5}, {6, 7}, {2, 4}, {1, 3}], [{8, 5}, {6, 7}, {2, 4}, {3}, {1}], [{8, 5}, {6, 7}, {3, 4}, {1, 2}], [{8, 5}, {7}, {1, 6}, {2, 4}, {3}], [{8, 5}, {7}, {2, 6}, {1, 4}, {3}], [{8, 5}, {7}, {3, 6}, {1, 4}, {2}], [{8, 5}, {7}, {6}, {1, 4}, {2, 3}], [{8, 6}, {1, 7}, {2, 5}, {3, 4}], [{8, 6}, {1, 7}, {3, 5}, {2, 4}], [{8, 6}, {1, 7}, {4, 5}, {2, 3}], [{8, 6}, {1, 7}, {5}, {2, 4}, {3}], [{8, 6}, {2, 7}, {1, 5}, {3, 4}], [{8, 6}, {2, 7}, {1, 5}, {4}, {3}], [{8, 6}, {2, 7}, {3, 5}, {1, 4}], [{8, 6}, {2, 7}, {4, 5}, {1, 3}], [{8, 6}, {2, 7}, {5}, {3, 4}, {1}], [{8, 6}, {3, 7}, {1, 5}, {2, 4}], [{8, 6}, {3, 7}, {1, 5}, {4}, {2}], [{8, 6}, {3, 7}, {2, 5}, {1, 4}], [{8, 6}, {3, 7}, {4, 5}, {1, 2}], [{8, 6}, {4, 7}, {1, 5}, {2, 3}], [{8, 6}, {4, 7}, {1, 5}, {3}, {2}], [{8, 6}, {4, 7}, {2, 5}, {1, 3}], [{8, 6}, {4, 7}, {3, 5}, {1, 2}], [{8, 6}, {5, 7}, {1, 4}, {2, 3}], [{8, 6}, {5, 7}, {2, 4}, {1, 3}], [{8, 6}, {5, 7}, {2, 4}, {3}, {1}], [{8, 6}, {5, 7}, {3, 4}, {1, 2}], [{8, 6}, {7}, {1, 5}, {2, 4}, {3}], [{8, 6}, {7}, {1, 5}, {3, 4}, {2}], [{8, 6}, {7}, {1, 5}, {4}, {2, 3}], [{8, 6}, {7}, {1, 5}, {4}, {3}, {2}], [{8, 7}, {1, 6}, {2, 5}, {3, 4}], [{8, 7}, {1, 6}, {2, 5}, {4}, {3}], [{8, 7}, {1, 6}, {3, 5}, {2, 4}], [{8, 7}, {1, 6}, {3, 5}, {4}, {2}], [{8, 7}, {1, 6}, {4, 5}, {2, 3}], [{8, 7}, {1, 6}, {4, 5}, {3}, {2}], [{8, 7}, {1, 6}, {5}, {2, 4}, {3}], [{8, 7}, {1, 6}, {5}, {3, 4}, {2}], [{8, 7}, {1, 6}, {5}, {4}, {2, 3}], [{8, 7}, {1, 6}, {5}, {4}, {3}, {2}], [{8, 7}, {2, 6}, {1, 5}, {3, 4}], [{8, 7}, {2, 6}, {3, 5}, {1, 4}], [{8, 7}, {2, 6}, {4, 5}, {1, 3}], [{8, 7}, {3, 6}, {1, 5}, {2, 4}], [{8, 7}, {3, 6}, {2, 5}, {1, 4}], [{8, 7}, {3, 6}, {4, 5}, {1, 2}], [{8, 7}, {4, 6}, {1, 5}, {2, 3}], [{8, 7}, {4, 6}, {2, 5}, {1, 3}], [{8, 7}, {4, 6}, {3, 5}, {1, 2}], [{8, 7}, {5, 6}, {1, 4}, {2, 3}], [{8, 7}, {5, 6}, {2, 4}, {1, 3}], [{8, 7}, {5, 6}, {2, 4}, {3}, {1}], [{8, 7}, {5, 6}, {3, 4}, {1, 2}], [{8, 7}, {6}, {1, 5}, {2, 4}, {3}], [{8}, {1, 7}, {2, 6}, {3, 5}, {4}], [{8}, {1, 7}, {3, 6}, {5}, {2, 4}], [{8}, {1, 7}, {4, 6}, {3, 5}, {2}], [{8}, {1, 7}, {5, 6}, {2, 4}, {3}], [{8}, {1, 7}, {6}, {3, 5}, {2, 4}], [{8}, {1, 7}, {6}, {5}, {2, 4}, {3}], [{8}, {3, 7}, {1, 6}, {5}, {2, 4}], [{8}, {3, 7}, {2, 6}, {5}, {1, 4}], [{8}, {3, 7}, {4, 6}, {2, 5}, {1}], [{8}, {4, 7}, {2, 6}, {1, 5}, {3}], [{8}, {4, 7}, {3, 6}, {1, 5}, {2}], [{8}, {4, 7}, {3, 6}, {2, 5}, {1}], [{8}, {4, 7}, {3, 6}, {5}, {1, 2}], [{8}, {4, 7}, {6}, {1, 5}, {2, 3}], [{8}, {5, 7}, {1, 6}, {2, 4}, {3}], [{8}, {6, 7}, {1, 5}, {2, 4}, {3}], [{8}, {6, 7}, {2, 5}, {4}, {1, 3}], [{8}, {6, 7}, {3, 5}, {2, 4}, {1}], [{8}, {6, 7}, {4, 5}, {1, 3}, {2}], [{8}, {6, 7}, {5}, {2, 4}, {1, 3}], [{8}, {6, 7}, {5}, {2, 4}, {3}, {1}], [{8}, {7}, {1, 6}, {3, 5}, {2, 4}], [{8}, {7}, {1, 6}, {5}, {2, 4}, {3}]]",2,- 8 K_1^4 + 20 K_1^3 + 8 K_1^2 K_2 - 6 K_1^2 - 18 K_1 K_2 - 2 K_1 K_3 - 6 K_1 + 4 K_2 + 4 K_3 + 5,O1O2O3O4U1U2U3O5O6U5O7U4U6O8U7U8,O1O2O3U4U1U2U3O5O6U5O7O4U6O8U7U8,O1O2O3U4U5O4U6O7O5U8O6O8U1U2U3U7,c,{'O1O2O3O4U5U6O5U7U1O6U8O7O8U2U3U4'},1,"<a href=""/flatknot/8.857648"">8.857648</a>",t^9-74t^7-334t^6-457t^5-72t^4+364t^3+326t^2+98t+12,-t^3+3t,,
8.857649,O1O2O3O4U5U6O5U7U1O6U8O7O8U2U4U3,4,2z^3+29z^2+108z+117,2w^4z^3+29w^3z^2+108w^2z+117w,False,False,"[[ 0 -1 -1  2  2 -1 -1 -1  1],[ 1  0 -1  1  0  1  2  2  2],[ 1  1  0  2  1  0  1  1  2],[-2 -1 -2  0  0 -3 -2 -2 -1],[-2  0 -1  0  0 -3 -2 -2 -1],[ 1 -1  0  3  3  0 -1 -1  2],[ 1 -2 -1  2  2  1  0 -1  1],[ 1 -2 -1  2  2  1  1  0  1],[-1 -2 -2  1  1 -2 -1 -1  0]]","[[ 0  2  2  1 -1 -1 -1 -1 -1],[-2  0  0 -1  0 -1 -2 -2 -3],[-2  0  0 -1 -1 -2 -2 -2 -3],[-1  1  1  0 -2 -2 -1 -1 -2],[ 1  0  1  2  0 -1  2  2  1],[ 1  1  2  2  1  0  1  1  0],[ 1  2  2  1 -2 -1  0  1  1],[ 1  2  2  1 -2 -1 -1  0  1],[ 1  3  3  2 -1  0 -1 -1  0]]",True,"[-2,-2,-1,1,1,1,1,1,0,1,0,1,2,2,3,1,1,2,2,2,3,2,2,1,1,2,1,-2,-2,-1,-1,-1,0,-1,-1,-1]","[-2,-2,-1,1,1,1,1,1,0,0,0,1,1,1,2,0,0,1,1,2,3,0,1,1,0,0,-1,-1,0,-1,-1,-1,-2,-1,-2,1]",t^8+71t^6+588t^4+249t^2+1,"[-1,-1,-1,-1,-1,1,2,2,-2,-2,-1,1,0,2,3,-1,-1,1,1,1,1,-1,1,1,1,1,0,0,0,0,0,1,2,0,0,0]","[-2,-2,-1,1,1,1,1,1,0,0,0,1,1,1,2,0,0,1,1,2,3,0,1,1,0,0,-1,-1,0,-1,-1,-1,-2,-1,-2,1]","[-1,-1,-1,-1,-1,1,2,2,-2,-1,-1,1,1,2,2,-1,2,1,2,0,1,1,0,2,1,2,1,1,2,2,2,3,3,1,1,0]",c,"[[{8, 1}, {2, 7}, {3, 6}, {4, 5}], [{8, 1}, {2, 7}, {4, 6}, {3, 5}], [{8, 1}, {2, 7}, {4, 6}, {5}, {3}], [{8, 1}, {2, 7}, {5, 6}, {3, 4}], [{8, 1}, {2, 7}, {5, 6}, {4}, {3}], [{8, 1}, {2, 7}, {6}, {4, 5}, {3}], [{8, 1}, {3, 7}, {2, 6}, {4, 5}], [{8, 1}, {3, 7}, {4, 6}, {2, 5}], [{8, 1}, {3, 7}, {5, 6}, {2, 4}], [{8, 1}, {4, 7}, {2, 6}, {3, 5}], [{8, 1}, {4, 7}, {2, 6}, {5}, {3}], [{8, 1}, {4, 7}, {3, 6}, {2, 5}], [{8, 1}, {4, 7}, {5, 6}, {2, 3}], [{8, 1}, {5, 7}, {2, 6}, {3, 4}], [{8, 1}, {5, 7}, {3, 6}, {2, 4}], [{8, 1}, {5, 7}, {4, 6}, {2, 3}], [{8, 1}, {6, 7}, {2, 5}, {3, 4}], [{8, 1}, {6, 7}, {3, 5}, {2, 4}], [{8, 1}, {6, 7}, {4, 5}, {2, 3}], [{8, 1}, {6, 7}, {5}, {3, 4}, {2}], [{8, 1}, {7}, {4, 6}, {3, 5}, {2}], [{8, 2}, {1, 7}, {3, 6}, {4, 5}], [{8, 2}, {1, 7}, {4, 6}, {3, 5}], [{8, 2}, {1, 7}, {4, 6}, {5}, {3}], [{8, 2}, {1, 7}, {5, 6}, {3, 4}], [{8, 2}, {3, 7}, {1, 6}, {4, 5}], [{8, 2}, {3, 7}, {4, 6}, {1, 5}], [{8, 2}, {3, 7}, {4, 6}, {5}, {1}], [{8, 2}, {3, 7}, {5, 6}, {1, 4}], [{8, 2}, {4, 7}, {1, 6}, {3, 5}], [{8, 2}, {4, 7}, {3, 6}, {1, 5}], [{8, 2}, {4, 7}, {5, 6}, {1, 3}], [{8, 2}, {4, 7}, {6}, {5}, {1, 3}], [{8, 2}, {5, 7}, {1, 6}, {3, 4}], [{8, 2}, {5, 7}, {1, 6}, {4}, {3}], [{8, 2}, {5, 7}, {3, 6}, {1, 4}], [{8, 2}, {5, 7}, {4, 6}, {1, 3}], [{8, 2}, {6, 7}, {1, 5}, {3, 4}], [{8, 2}, {6, 7}, {3, 5}, {1, 4}], [{8, 2}, {6, 7}, {4, 5}, {1, 3}], [{8, 2}, {6, 7}, {5}, {4}, {1, 3}], [{8, 2}, {7}, {3, 6}, {4, 5}, {1}], [{8, 2}, {7}, {4, 6}, {5}, {1, 3}], [{8, 2}, {7}, {6}, {3, 5}, {1, 4}], [{8, 3}, {1, 7}, {2, 6}, {4, 5}], [{8, 3}, {1, 7}, {4, 6}, {2, 5}], [{8, 3}, {1, 7}, {5, 6}, {2, 4}], [{8, 3}, {2, 7}, {1, 6}, {4, 5}], [{8, 3}, {2, 7}, {4, 6}, {1, 5}], [{8, 3}, {2, 7}, {5, 6}, {1, 4}], [{8, 3}, {4, 7}, {1, 6}, {2, 5}], [{8, 3}, {4, 7}, {2, 6}, {1, 5}], [{8, 3}, {4, 7}, {2, 6}, {5}, {1}], [{8, 3}, {4, 7}, {5, 6}, {1, 2}], [{8, 3}, {5, 7}, {1, 6}, {2, 4}], [{8, 3}, {5, 7}, {1, 6}, {4}, {2}], [{8, 3}, {5, 7}, {2, 6}, {1, 4}], [{8, 3}, {5, 7}, {4, 6}, {1, 2}], [{8, 3}, {6, 7}, {1, 5}, {2, 4}], [{8, 3}, {6, 7}, {2, 5}, {1, 4}], [{8, 3}, {6, 7}, {4, 5}, {1, 2}], [{8, 3}, {6, 7}, {5}, {2, 4}, {1}], [{8, 4}, {1, 7}, {2, 6}, {3, 5}], [{8, 4}, {1, 7}, {3, 6}, {2, 5}], [{8, 4}, {1, 7}, {5, 6}, {2, 3}], [{8, 4}, {1, 7}, {6}, {3, 5}, {2}], [{8, 4}, {2, 7}, {1, 6}, {3, 5}], [{8, 4}, {2, 7}, {3, 6}, {1, 5}], [{8, 4}, {2, 7}, {5, 6}, {1, 3}], [{8, 4}, {3, 7}, {1, 6}, {2, 5}], [{8, 4}, {3, 7}, {2, 6}, {1, 5}], [{8, 4}, {3, 7}, {5, 6}, {1, 2}], [{8, 4}, {3, 7}, {6}, {1, 5}, {2}], [{8, 4}, {5, 7}, {1, 6}, {2, 3}], [{8, 4}, {5, 7}, {2, 6}, {1, 3}], [{8, 4}, {5, 7}, {3, 6}, {1, 2}], [{8, 4}, {5, 7}, {6}, {3}, {1, 2}], [{8, 4}, {6, 7}, {1, 5}, {2, 3}], [{8, 4}, {6, 7}, {2, 5}, {1, 3}], [{8, 4}, {6, 7}, {3, 5}, {1, 2}], [{8, 4}, {7}, {1, 6}, {5}, {2, 3}], [{8, 5}, {1, 7}, {2, 6}, {3, 4}], [{8, 5}, {1, 7}, {3, 6}, {2, 4}], [{8, 5}, {1, 7}, {4, 6}, {2, 3}], [{8, 5}, {1, 7}, {4, 6}, {3}, {2}], [{8, 5}, {2, 7}, {1, 6}, {3, 4}], [{8, 5}, {2, 7}, {3, 6}, {1, 4}], [{8, 5}, {2, 7}, {4, 6}, {1, 3}], [{8, 5}, {3, 7}, {1, 6}, {2, 4}], [{8, 5}, {3, 7}, {2, 6}, {1, 4}], [{8, 5}, {3, 7}, {4, 6}, {1, 2}], [{8, 5}, {3, 7}, {4, 6}, {2}, {1}], [{8, 5}, {4, 7}, {1, 6}, {2, 3}], [{8, 5}, {4, 7}, {1, 6}, {3}, {2}], [{8, 5}, {4, 7}, {2, 6}, {1, 3}], [{8, 5}, {4, 7}, {3, 6}, {1, 2}], [{8, 5}, {4, 7}, {6}, {2, 3}, {1}], [{8, 5}, {6, 7}, {1, 4}, {2, 3}], [{8, 5}, {6, 7}, {2, 4}, {1, 3}], [{8, 5}, {6, 7}, {3, 4}, {1, 2}], [{8, 5}, {6, 7}, {4}, {3}, {1, 2}], [{8, 5}, {7}, {2, 6}, {1, 4}, {3}], [{8, 5}, {7}, {4, 6}, {1, 3}, {2}], [{8, 6}, {1, 7}, {2, 5}, {3, 4}], [{8, 6}, {1, 7}, {3, 5}, {2, 4}], [{8, 6}, {1, 7}, {4, 5}, {2, 3}], [{8, 6}, {2, 7}, {1, 5}, {3, 4}], [{8, 6}, {2, 7}, {1, 5}, {4}, {3}], [{8, 6}, {2, 7}, {3, 5}, {1, 4}], [{8, 6}, {2, 7}, {4, 5}, {1, 3}], [{8, 6}, {2, 7}, {5}, {3, 4}, {1}], [{8, 6}, {3, 7}, {1, 5}, {2, 4}], [{8, 6}, {3, 7}, {2, 5}, {1, 4}], [{8, 6}, {3, 7}, {4, 5}, {1, 2}], [{8, 6}, {3, 7}, {5}, {1, 4}, {2}], [{8, 6}, {4, 7}, {1, 5}, {2, 3}], [{8, 6}, {4, 7}, {2, 5}, {1, 3}], [{8, 6}, {4, 7}, {3, 5}, {1, 2}], [{8, 6}, {4, 7}, {5}, {1, 3}, {2}], [{8, 6}, {5, 7}, {1, 4}, {2, 3}], [{8, 6}, {5, 7}, {2, 4}, {1, 3}], [{8, 6}, {5, 7}, {3, 4}, {1, 2}], [{8, 6}, {5, 7}, {4}, {3}, {1, 2}], [{8, 6}, {7}, {1, 5}, {3, 4}, {2}], [{8, 6}, {7}, {3, 5}, {2, 4}, {1}], [{8, 6}, {7}, {4, 5}, {2, 3}, {1}], [{8, 7}, {1, 6}, {2, 5}, {3, 4}], [{8, 7}, {1, 6}, {2, 5}, {4}, {3}], [{8, 7}, {1, 6}, {3, 5}, {2, 4}], [{8, 7}, {1, 6}, {4, 5}, {2, 3}], [{8, 7}, {1, 6}, {5}, {3, 4}, {2}], [{8, 7}, {2, 6}, {1, 5}, {3, 4}], [{8, 7}, {2, 6}, {3, 5}, {1, 4}], [{8, 7}, {2, 6}, {4, 5}, {1, 3}], [{8, 7}, {3, 6}, {1, 5}, {2, 4}], [{8, 7}, {3, 6}, {2, 5}, {1, 4}], [{8, 7}, {3, 6}, {4, 5}, {1, 2}], [{8, 7}, {3, 6}, {5}, {1, 4}, {2}], [{8, 7}, {4, 6}, {1, 5}, {2, 3}], [{8, 7}, {4, 6}, {2, 5}, {1, 3}], [{8, 7}, {4, 6}, {3, 5}, {1, 2}], [{8, 7}, {4, 6}, {5}, {2, 3}, {1}], [{8, 7}, {5, 6}, {1, 4}, {2, 3}], [{8, 7}, {5, 6}, {1, 4}, {3}, {2}], [{8, 7}, {5, 6}, {2, 4}, {1, 3}], [{8, 7}, {5, 6}, {3, 4}, {1, 2}], [{8, 7}, {6}, {3, 5}, {1, 4}, {2}], [{8}, {1, 7}, {2, 6}, {3, 5}, {4}], [{8}, {1, 7}, {3, 6}, {5}, {2, 4}], [{8}, {1, 7}, {4, 6}, {2, 5}, {3}], [{8}, {2, 7}, {1, 6}, {3, 5}, {4}], [{8}, {2, 7}, {4, 6}, {3, 5}, {1}], [{8}, {2, 7}, {6}, {3, 5}, {1, 4}], [{8}, {3, 7}, {1, 6}, {5}, {2, 4}], [{8}, {3, 7}, {2, 6}, {1, 5}, {4}], [{8}, {3, 7}, {4, 6}, {2, 5}, {1}], [{8}, {4, 7}, {2, 6}, {5}, {1, 3}], [{8}, {4, 7}, {3, 6}, {2, 5}, {1}], [{8}, {5, 7}, {1, 6}, {4}, {2, 3}], [{8}, {5, 7}, {4, 6}, {3}, {1, 2}], [{8}, {6, 7}, {1, 5}, {4}, {2, 3}], [{8}, {6, 7}, {2, 5}, {1, 4}, {3}], [{8}, {6, 7}, {4, 5}, {1, 3}, {2}], [{8}, {7}, {4, 6}, {2, 5}, {1, 3}], [{8}, {7}, {5, 6}, {1, 4}, {2, 3}]]",2,- 12 K_1^2 - 8 K_1 K_2 + 4 K_1 + 6 K_2 + 4 K_3 + 7,O1O2O3O4U2U1U3O5O6U5O7U4U6O8U7U8,O1O2O3U4U1U3U2O5O6U5O7O4U6O8U7U8,O1O2O3U4U5O4U6O7O5U8O6O8U2U1U3U7,c,{'O1O2O3O4U5U6O5U7U1O6U8O7O8U2U4U3'},1,"<a href=""/flatknot/8.857649"">8.857649</a>",t^9-67t^7-262t^6-256t^5+24t^4+192t^3+170t^2+74t+12,-2t^2+4t,,
8.857650,O1O2O3O4U5U6O5U7U1O6U8O7O8U3U2U4,4,2z^3+29z^2+108z+117,2w^4z^3+29w^3z^2+108w^2z+117w,False,False,"[[ 0 -1  0  0  3 -1 -1 -1  1],[ 1  0  0 -1  1  1  2  2  2],[ 0  0  0  0  2 -1  0  0  1],[ 0  1  0  0  1 -1  0  0  1],[-3 -1 -2 -1  0 -4 -3 -3 -2],[ 1 -1  1  1  4  0 -1 -1  2],[ 1 -2  0  0  3  1  0 -1  1],[ 1 -2  0  0  3  1  1  0  1],[-1 -2 -1 -1  2 -2 -1 -1  0]]","[[ 0  3  1  0  0 -1 -1 -1 -1],[-3  0 -2 -1 -2 -1 -3 -3 -4],[-1  2  0 -1 -1 -2 -1 -1 -2],[ 0  1  1  0  0  1  0  0 -1],[ 0  2  1  0  0  0  0  0 -1],[ 1  1  2 -1  0  0  2  2  1],[ 1  3  1  0  0 -2  0  1  1],[ 1  3  1  0  0 -2 -1  0  1],[ 1  4  2  1  1 -1 -1 -1  0]]",True,"[-3,-1,0,0,1,1,1,1,2,1,2,1,3,3,4,1,1,2,1,1,2,0,-1,0,0,1,0,0,0,1,-2,-2,-1,-1,-1,-1]","[-3,-1,0,0,1,1,1,1,0,1,2,0,1,1,3,0,0,0,1,1,0,0,0,1,1,1,0,1,1,2,-1,-1,-1,-1,-2,-2]",t^8+71t^6+563t^4+260t^2+1,"[-1,-1,-1,-1,0,0,1,3,-2,-2,-1,1,2,0,3,-1,-1,1,1,1,1,-1,1,1,1,1,0,0,0,0,0,0,1,0,2,0]","[-3,-1,0,0,1,1,1,1,0,1,2,0,1,1,3,0,0,0,1,1,0,0,0,1,1,1,0,1,1,2,-1,-1,-1,-1,-2,-2]","[-1,-1,-1,-1,0,0,1,3,-2,-1,1,0,0,1,3,2,1,-1,0,2,1,1,0,0,1,3,1,1,2,4,0,1,1,1,2,2]",c,"[[{8, 1}, {2, 7}, {3, 6}, {4, 5}], [{8, 1}, {2, 7}, {3, 6}, {5}, {4}], [{8, 1}, {2, 7}, {4, 6}, {3, 5}], [{8, 1}, {2, 7}, {5, 6}, {3, 4}], [{8, 1}, {3, 7}, {2, 6}, {4, 5}], [{8, 1}, {3, 7}, {2, 6}, {5}, {4}], [{8, 1}, {3, 7}, {4, 6}, {2, 5}], [{8, 1}, {3, 7}, {4, 6}, {5}, {2}], [{8, 1}, {3, 7}, {5, 6}, {2, 4}], [{8, 1}, {3, 7}, {5, 6}, {4}, {2}], [{8, 1}, {3, 7}, {6}, {2, 5}, {4}], [{8, 1}, {3, 7}, {6}, {4, 5}, {2}], [{8, 1}, {3, 7}, {6}, {5}, {2, 4}], [{8, 1}, {3, 7}, {6}, {5}, {4}, {2}], [{8, 1}, {4, 7}, {2, 6}, {3, 5}], [{8, 1}, {4, 7}, {3, 6}, {2, 5}], [{8, 1}, {4, 7}, {5, 6}, {2, 3}], [{8, 1}, {5, 7}, {2, 6}, {3, 4}], [{8, 1}, {5, 7}, {3, 6}, {2, 4}], [{8, 1}, {5, 7}, {4, 6}, {2, 3}], [{8, 1}, {6, 7}, {2, 5}, {3, 4}], [{8, 1}, {6, 7}, {3, 5}, {2, 4}], [{8, 1}, {6, 7}, {4, 5}, {2, 3}], [{8, 1}, {6, 7}, {5}, {4}, {2, 3}], [{8, 2}, {1, 7}, {3, 6}, {4, 5}], [{8, 2}, {1, 7}, {4, 6}, {3, 5}], [{8, 2}, {1, 7}, {5, 6}, {3, 4}], [{8, 2}, {1, 7}, {5, 6}, {4}, {3}], [{8, 2}, {3, 7}, {1, 6}, {4, 5}], [{8, 2}, {3, 7}, {1, 6}, {5}, {4}], [{8, 2}, {3, 7}, {4, 6}, {1, 5}], [{8, 2}, {3, 7}, {5, 6}, {1, 4}], [{8, 2}, {4, 7}, {1, 6}, {3, 5}], [{8, 2}, {4, 7}, {3, 6}, {1, 5}], [{8, 2}, {4, 7}, {5, 6}, {1, 3}], [{8, 2}, {4, 7}, {6}, {1, 5}, {3}], [{8, 2}, {5, 7}, {1, 6}, {3, 4}], [{8, 2}, {5, 7}, {3, 6}, {1, 4}], [{8, 2}, {5, 7}, {4, 6}, {1, 3}], [{8, 2}, {6, 7}, {1, 5}, {3, 4}], [{8, 2}, {6, 7}, {3, 5}, {1, 4}], [{8, 2}, {6, 7}, {4, 5}, {1, 3}], [{8, 2}, {6, 7}, {5}, {3, 4}, {1}], [{8, 2}, {7}, {3, 6}, {1, 5}, {4}], [{8, 2}, {7}, {3, 6}, {4, 5}, {1}], [{8, 2}, {7}, {3, 6}, {5}, {1, 4}], [{8, 3}, {1, 7}, {2, 6}, {4, 5}], [{8, 3}, {1, 7}, {4, 6}, {2, 5}], [{8, 3}, {1, 7}, {5, 6}, {2, 4}], [{8, 3}, {2, 7}, {1, 6}, {4, 5}], [{8, 3}, {2, 7}, {4, 6}, {1, 5}], [{8, 3}, {2, 7}, {4, 6}, {5}, {1}], [{8, 3}, {2, 7}, {5, 6}, {1, 4}], [{8, 3}, {2, 7}, {5, 6}, {4}, {1}], [{8, 3}, {2, 7}, {6}, {4, 5}, {1}], [{8, 3}, {4, 7}, {1, 6}, {2, 5}], [{8, 3}, {4, 7}, {2, 6}, {1, 5}], [{8, 3}, {4, 7}, {5, 6}, {1, 2}], [{8, 3}, {4, 7}, {6}, {1, 5}, {2}], [{8, 3}, {5, 7}, {1, 6}, {2, 4}], [{8, 3}, {5, 7}, {2, 6}, {1, 4}], [{8, 3}, {5, 7}, {4, 6}, {1, 2}], [{8, 3}, {5, 7}, {4, 6}, {2}, {1}], [{8, 3}, {6, 7}, {1, 5}, {2, 4}], [{8, 3}, {6, 7}, {2, 5}, {1, 4}], [{8, 3}, {6, 7}, {4, 5}, {1, 2}], [{8, 3}, {6, 7}, {4, 5}, {2}, {1}], [{8, 3}, {7}, {1, 6}, {5}, {2, 4}], [{8, 3}, {7}, {2, 6}, {1, 5}, {4}], [{8, 3}, {7}, {2, 6}, {4, 5}, {1}], [{8, 3}, {7}, {2, 6}, {5}, {1, 4}], [{8, 3}, {7}, {4, 6}, {2, 5}, {1}], [{8, 4}, {1, 7}, {2, 6}, {3, 5}], [{8, 4}, {1, 7}, {3, 6}, {2, 5}], [{8, 4}, {1, 7}, {5, 6}, {2, 3}], [{8, 4}, {2, 7}, {1, 6}, {3, 5}], [{8, 4}, {2, 7}, {3, 6}, {1, 5}], [{8, 4}, {2, 7}, {5, 6}, {1, 3}], [{8, 4}, {3, 7}, {1, 6}, {2, 5}], [{8, 4}, {3, 7}, {2, 6}, {1, 5}], [{8, 4}, {3, 7}, {5, 6}, {1, 2}], [{8, 4}, {3, 7}, {6}, {1, 5}, {2}], [{8, 4}, {5, 7}, {1, 6}, {2, 3}], [{8, 4}, {5, 7}, {2, 6}, {1, 3}], [{8, 4}, {5, 7}, {3, 6}, {1, 2}], [{8, 4}, {6, 7}, {1, 5}, {2, 3}], [{8, 4}, {6, 7}, {2, 5}, {1, 3}], [{8, 4}, {6, 7}, {3, 5}, {1, 2}], [{8, 4}, {6, 7}, {5}, {1, 3}, {2}], [{8, 5}, {1, 7}, {2, 6}, {3, 4}], [{8, 5}, {1, 7}, {3, 6}, {2, 4}], [{8, 5}, {1, 7}, {4, 6}, {2, 3}], [{8, 5}, {1, 7}, {4, 6}, {3}, {2}], [{8, 5}, {2, 7}, {1, 6}, {3, 4}], [{8, 5}, {2, 7}, {3, 6}, {1, 4}], [{8, 5}, {2, 7}, {4, 6}, {1, 3}], [{8, 5}, {2, 7}, {6}, {1, 4}, {3}], [{8, 5}, {3, 7}, {1, 6}, {2, 4}], [{8, 5}, {3, 7}, {2, 6}, {1, 4}], [{8, 5}, {3, 7}, {4, 6}, {1, 2}], [{8, 5}, {3, 7}, {6}, {1, 4}, {2}], [{8, 5}, {4, 7}, {1, 6}, {2, 3}], [{8, 5}, {4, 7}, {1, 6}, {3}, {2}], [{8, 5}, {4, 7}, {2, 6}, {1, 3}], [{8, 5}, {4, 7}, {3, 6}, {1, 2}], [{8, 5}, {6, 7}, {1, 4}, {2, 3}], [{8, 5}, {6, 7}, {1, 4}, {3}, {2}], [{8, 5}, {6, 7}, {2, 4}, {1, 3}], [{8, 5}, {6, 7}, {3, 4}, {1, 2}], [{8, 5}, {7}, {2, 6}, {1, 4}, {3}], [{8, 5}, {7}, {3, 6}, {1, 4}, {2}], [{8, 5}, {7}, {6}, {1, 4}, {2, 3}], [{8, 5}, {7}, {6}, {1, 4}, {3}, {2}], [{8, 6}, {1, 7}, {2, 5}, {3, 4}], [{8, 6}, {1, 7}, {3, 5}, {2, 4}], [{8, 6}, {1, 7}, {4, 5}, {2, 3}], [{8, 6}, {1, 7}, {4, 5}, {3}, {2}], [{8, 6}, {2, 7}, {1, 5}, {3, 4}], [{8, 6}, {2, 7}, {3, 5}, {1, 4}], [{8, 6}, {2, 7}, {4, 5}, {1, 3}], [{8, 6}, {3, 7}, {1, 5}, {2, 4}], [{8, 6}, {3, 7}, {2, 5}, {1, 4}], [{8, 6}, {3, 7}, {4, 5}, {1, 2}], [{8, 6}, {3, 7}, {5}, {4}, {1, 2}], [{8, 6}, {4, 7}, {1, 5}, {2, 3}], [{8, 6}, {4, 7}, {1, 5}, {3}, {2}], [{8, 6}, {4, 7}, {2, 5}, {1, 3}], [{8, 6}, {4, 7}, {3, 5}, {1, 2}], [{8, 6}, {4, 7}, {3, 5}, {2}, {1}], [{8, 6}, {4, 7}, {5}, {1, 3}, {2}], [{8, 6}, {5, 7}, {1, 4}, {2, 3}], [{8, 6}, {5, 7}, {1, 4}, {3}, {2}], [{8, 6}, {5, 7}, {2, 4}, {1, 3}], [{8, 6}, {5, 7}, {3, 4}, {1, 2}], [{8, 6}, {7}, {1, 5}, {4}, {2, 3}], [{8, 7}, {1, 6}, {2, 5}, {3, 4}], [{8, 7}, {1, 6}, {3, 5}, {2, 4}], [{8, 7}, {1, 6}, {4, 5}, {2, 3}], [{8, 7}, {1, 6}, {4, 5}, {3}, {2}], [{8, 7}, {1, 6}, {5}, {4}, {2, 3}], [{8, 7}, {2, 6}, {1, 5}, {3, 4}], [{8, 7}, {2, 6}, {3, 5}, {1, 4}], [{8, 7}, {2, 6}, {4, 5}, {1, 3}], [{8, 7}, {2, 6}, {5}, {4}, {1, 3}], [{8, 7}, {3, 6}, {1, 5}, {2, 4}], [{8, 7}, {3, 6}, {2, 5}, {1, 4}], [{8, 7}, {3, 6}, {4, 5}, {1, 2}], [{8, 7}, {4, 6}, {1, 5}, {2, 3}], [{8, 7}, {4, 6}, {1, 5}, {3}, {2}], [{8, 7}, {4, 6}, {2, 5}, {1, 3}], [{8, 7}, {4, 6}, {2, 5}, {3}, {1}], [{8, 7}, {4, 6}, {3, 5}, {1, 2}], [{8, 7}, {4, 6}, {5}, {3}, {1, 2}], [{8, 7}, {5, 6}, {1, 4}, {2, 3}], [{8, 7}, {5, 6}, {1, 4}, {3}, {2}], [{8, 7}, {5, 6}, {2, 4}, {1, 3}], [{8, 7}, {5, 6}, {3, 4}, {1, 2}], [{8}, {1, 7}, {2, 6}, {5}, {3, 4}], [{8}, {1, 7}, {3, 6}, {2, 5}, {4}], [{8}, {2, 7}, {1, 6}, {5}, {3, 4}], [{8}, {3, 7}, {4, 6}, {2, 5}, {1}], [{8}, {4, 7}, {2, 6}, {1, 5}, {3}], [{8}, {4, 7}, {3, 6}, {1, 5}, {2}], [{8}, {4, 7}, {3, 6}, {2, 5}, {1}], [{8}, {4, 7}, {3, 6}, {5}, {1, 2}], [{8}, {4, 7}, {6}, {1, 5}, {2, 3}], [{8}, {5, 7}, {1, 6}, {2, 4}, {3}], [{8}, {6, 7}, {1, 5}, {2, 4}, {3}], [{8}, {7}, {2, 6}, {3, 5}, {1, 4}], [{8}, {7}, {3, 6}, {2, 5}, {1, 4}]]",2,- 8 K_1^2 - 14 K_1 K_2 - 4 K_1 K_3 + 7 K_1 + 6 K_2 + 7 K_3 + 2 K_4 + 5,O1O2O3O4U1U3U2O5O6U5O7U4U6O8U7U8,O1O2O3U4U2U1U3O5O6U5O7O4U6O8U7U8,O1O2O3U4U5O4U6O7O5U8O6O8U1U3U2U7,c,{'O1O2O3O4U5U6O5U7U1O6U8O7O8U3U2U4'},1,"<a href=""/flatknot/8.857650"">8.857650</a>",t^9-65t^7-270t^6-281t^5+316t^4+803t^3+402t^2-128t-118,-t^3+3t,,
8.857651,O1O2O3O4U5U6O5U7U1O6U8O7O8U3U4U2,4,z^3+25z^2+107z+123,w^4z^3+25w^3z^2+107w^2z+123w,False,False,"[[ 0 -1  1  0  2 -1 -1 -1  1],[ 1  0  1 -1  0  1  2  2  2],[-1 -1  0 -1  1 -2 -1 -1  0],[ 0  1  1  0  1 -1  0  0  1],[-2  0 -1 -1  0 -3 -2 -2 -1],[ 1 -1  2  1  3  0 -1 -1  2],[ 1 -2  1  0  2  1  0 -1  1],[ 1 -2  1  0  2  1  1  0  1],[-1 -2  0 -1  1 -2 -1 -1  0]]","[[ 0  2  1  1  0 -1 -1 -1 -1],[-2  0 -1 -1 -1  0 -2 -2 -3],[-1  1  0  0 -1 -1 -1 -1 -2],[-1  1  0  0 -1 -2 -1 -1 -2],[ 0  1  1  1  0  1  0  0 -1],[ 1  0  1  2 -1  0  2  2  1],[ 1  2  1  1  0 -2  0  1  1],[ 1  2  1  1  0 -2 -1  0  1],[ 1  3  2  2  1 -1 -1 -1  0]]",True,"[-2,-1,-1,0,1,1,1,1,1,1,1,0,2,2,3,0,1,1,1,1,2,1,2,1,1,2,-1,0,0,1,-2,-2,-1,-1,-1,-1]","[-2,-1,-1,0,1,1,1,1,0,0,1,0,1,1,3,0,0,0,1,1,0,0,0,1,1,1,0,1,1,2,-1,-1,-1,-1,-2,-2]",t^8+53t^6+391t^4+193t^2+4,"[-1,-1,-1,-1,0,1,1,2,-2,-2,-1,2,0,1,3,-1,-1,1,1,1,1,-1,1,1,1,1,0,0,0,0,0,0,1,0,0,0]","[-2,-1,-1,0,1,1,1,1,0,0,1,0,1,1,3,0,0,0,1,1,0,0,0,1,1,1,0,1,1,2,-1,-1,-1,-1,-2,-2]","[-1,-1,-1,-1,0,1,1,2,-2,-1,1,0,1,1,2,2,1,-1,1,2,0,1,0,1,1,2,1,2,2,3,1,1,1,0,1,1]",c,"[[{8, 3}, {6, 7}, {2, 5}, {1, 4}]]",1,16 K_1^3 - 34 K_1^2 - 16 K_1 K_2 - 4 K_1 + 17 K_2 + 4 K_3 + 18,O1O2O3O4U3U1U2O5O6U5O7U4U6O8U7U8,O1O2O3U4U3U1U2O5O6U5O7O4U6O8U7U8,O1O2O3U4U5O4U6O7O5U8O6O8U2U3U1U7,c,{'O1O2O3O4U5U6O5U7U1O6U8O7O8U3U4U2'},1,"<a href=""/flatknot/8.857651"">8.857651</a>",t^9-51t^7-180t^6-130t^5+154t^4+178t^3-12t^2-56t-20,-t^2+2t,,
8.857652,O1O2O3O4U5U6O5U7U1O6U8O7O8U4U2U3,4,z^3+25z^2+107z+123,w^4z^3+25w^3z^2+107w^2z+123w,False,False,"[[ 0 -1  0  2  1 -1 -1 -1  1],[ 1  0  0  1 -1  1  2  2  2],[ 0  0  0  1  0 -1  0  0  1],[-2 -1 -1  0  0 -3 -2 -2 -1],[-1  1  0  0  0 -2 -1 -1  0],[ 1 -1  1  3  2  0 -1 -1  2],[ 1 -2  0  2  1  1  0 -1  1],[ 1 -2  0  2  1  1  1  0  1],[-1 -2 -1  1  0 -2 -1 -1  0]]","[[ 0  2  1  1  0 -1 -1 -1 -1],[-2  0  0 -1 -1 -1 -2 -2 -3],[-1  0  0  0  0  1 -1 -1 -2],[-1  1  0  0 -1 -2 -1 -1 -2],[ 0  1  0  1  0  0  0  0 -1],[ 1  1 -1  2  0  0  2  2  1],[ 1  2  1  1  0 -2  0  1  1],[ 1  2  1  1  0 -2 -1  0  1],[ 1  3  2  2  1 -1 -1 -1  0]]",True,"[-2,-1,-1,0,1,1,1,1,0,1,1,1,2,2,3,0,0,-1,1,1,2,1,2,1,1,2,0,0,0,1,-2,-2,-1,-1,-1,-1]","[-2,-1,-1,0,1,1,1,1,0,1,1,0,1,1,2,0,0,0,1,1,0,1,0,1,1,3,0,1,1,1,-1,-1,-1,-1,-2,-2]",t^8+51t^6+348t^4+112t^2,"[-1,-1,-1,-1,0,1,1,2,-2,-2,-1,1,0,3,2,-1,-1,1,1,1,1,-1,1,1,1,1,0,0,0,0,0,1,1,0,0,1]","[-2,-1,-1,0,1,1,1,1,0,1,1,0,1,1,2,0,0,0,1,1,0,1,0,1,1,3,0,1,1,1,-1,-1,-1,-1,-2,-2]","[-1,-1,-1,-1,0,1,1,2,-2,-1,1,0,1,1,2,2,1,0,-1,2,1,1,0,1,1,2,1,2,2,3,0,1,1,0,0,1]",c,"[[{8, 4}, {5, 7}, {1, 6}, {2, 3}]]",1,16 K_1^3 - 18 K_1^2 - 12 K_1 K_2 - 6 K_1 + 9 K_2 + 2 K_3 + 10,O1O2O3O4U2U3U1O5O6U5O7U4U6O8U7U8,O1O2O3U4U2U3U1O5O6U5O7O4U6O8U7U8,O1O2O3U4U5O4U6O7O5U8O6O8U3U1U2U7,c,{'O1O2O3O4U5U6O5U7U1O6U8O7O8U4U2U3'},1,"<a href=""/flatknot/8.857652"">8.857652</a>",t^9-49t^7-176t^6-143t^5+170t^4+331t^3+160t^2-14,-t^2+2t,,
8.857653,O1O2O3O4U5U6O5U7U1O6U8O7O8U4U3U2,3,z^2+22z+41,-20w^4z^2+21w^3z^2-44w^3z+66w^2z+41w,False,False,"[[ 0 -1  1  1  1 -1 -1 -1  1],[ 1  0  1  0 -1  1  2  2  2],[-1 -1  0  0  0 -2 -1 -1  0],[-1  0  0  0  0 -2 -1 -1  0],[-1  1  0  0  0 -2 -1 -1  0],[ 1 -1  2  2  2  0 -1 -1  2],[ 1 -2  1  1  1  1  0 -1  1],[ 1 -2  1  1  1  1  1  0  1],[-1 -2  0  0  0 -2 -1 -1  0]]","[[ 0  1  1  1  1 -1 -1 -1 -1],[-1  0  0  0  0  1 -1 -1 -2],[-1  0  0  0  0  0 -1 -1 -2],[-1  0  0  0  0 -1 -1 -1 -2],[-1  0  0  0  0 -2 -1 -1 -2],[ 1 -1  0  1  2  0  2  2  1],[ 1  1  1  1  1 -2  0  1  1],[ 1  1  1  1  1 -2 -1  0  1],[ 1  2  2  2  2 -1 -1 -1  0]]",True,"[-1,-1,-1,-1,1,1,1,1,0,0,0,-1,1,1,2,0,0,0,1,1,2,0,1,1,1,2,2,1,1,2,-2,-2,-1,-1,-1,-1]","[-1,-1,-1,-1,1,1,1,1,-2,-2,-1,0,1,2,3,-1,-1,1,1,1,1,-1,1,1,1,1,0,0,0,0,0,0,0,0,0,0]",t^8+42t^6+251t^4+80t^2,"[-1,-1,-1,-1,1,1,1,1,-2,-2,-1,0,1,2,3,-1,-1,1,1,1,1,-1,1,1,1,1,0,0,0,0,0,0,0,0,0,0]","[-1,-1,-1,-1,1,1,1,1,0,0,0,0,0,1,1,0,0,0,1,1,1,0,0,2,1,1,0,3,1,1,-1,-1,-1,2,2,-1]","[-1,-1,-1,-1,1,1,1,1,-2,-1,1,1,1,1,1,2,1,-1,0,1,2,1,1,1,1,1,2,2,2,2,0,0,0,0,0,0]",c,"[[{8, 1}, {3, 7}, {4, 6}, {2, 5}], [{8, 1}, {4, 7}, {3, 6}, {2, 5}], [{8, 4}, {3, 7}, {1, 6}, {2, 5}], [{8, 4}, {5, 7}, {1, 6}, {2, 3}], [{8, 6}, {3, 7}, {2, 5}, {1, 4}], [{8, 6}, {4, 7}, {2, 5}, {1, 3}], [{8, 7}, {3, 6}, {2, 5}, {1, 4}], [{8, 7}, {4, 6}, {2, 5}, {1, 3}]]",1,4 K_1^3 - 8 K_1^2 - 8 K_1 K_2 + K_1 + 4 K_2 + 3 K_3 + 5,O1O2O3O4U3U2U1O5O6U5O7U4U6O8U7U8,O1O2O3U4U3U2U1O5O6U5O7O4U6O8U7U8,O1O2O3U4U5O4U6O7O5U8O6O8U3U2U1U7,c,{'O1O2O3O4U5U6O5U7U1O6U8O7O8U4U3U2'},1,"<a href=""/flatknot/8.857653"">8.857653</a>",t^9-42t^7-122t^6-53t^5+74t^4+46t^3,0,,
8.857654,O1O2O3O4U5U6O5U7U2O6U1O7O8U3U4U8,4,2z^3+33z^2+96z+77,2w^4z^3-8w^4z^2+41w^3z^2-8w^3z+104w^2z+77w,False,False,"[[ 0 -1  0  0  2 -1 -1 -1  2],[ 1  0  1  1  2  0  1  1  2],[ 0 -1  0 -1  0  0  1  1  2],[ 0 -1  1  0  1 -1  0  1  2],[-2 -2  0 -1  0 -3 -2 -1  1],[ 1  0  0  1  3  0 -1 -1  2],[ 1 -1 -1  0  2  1  0 -1  2],[ 1 -1 -1 -1  1  1  1  0  2],[-2 -2 -2 -2 -1 -2 -2 -2  0]]","[[ 0  2  2  0  0 -1 -1 -1 -1],[-2  0  1  0 -1 -1 -2 -2 -3],[-2 -1  0 -2 -2 -2 -2 -2 -2],[ 0  0  2  0 -1  1  1 -1  0],[ 0  1  2  1  0  1  0 -1 -1],[ 1  1  2 -1 -1  0  1 -1  1],[ 1  2  2 -1  0 -1  0 -1  1],[ 1  2  2  1  1  1  1  0  0],[ 1  3  2  0  1 -1 -1  0  0]]",True,"[-2,-2,0,0,1,1,1,1,-1,0,1,1,2,2,3,2,2,2,2,2,2,1,-1,-1,1,0,-1,0,1,1,-1,1,-1,1,-1,0]","[-2,-2,0,0,1,1,1,1,-1,0,0,1,1,1,1,1,2,0,1,1,2,1,0,0,1,2,1,0,2,2,0,-1,-1,1,1,-1]",t^8+56t^6+553t^4+132t^2+4,"[-1,-1,-1,-1,0,0,2,2,-1,-1,0,0,0,1,1,-1,-1,2,2,1,2,-1,1,2,1,1,0,1,1,0,-1,0,1,0,2,1]","[-2,-2,0,0,1,1,1,1,-1,0,0,1,1,1,1,1,2,0,1,1,2,1,0,0,1,2,1,0,2,2,0,-1,-1,1,1,-1]","[-1,-1,-1,-1,0,0,2,2,-1,-1,0,0,1,2,3,-1,-1,-1,0,2,2,-1,-1,-1,2,1,1,1,2,2,-1,2,0,2,1,-1]",c,"[[{8, 1}, {2, 7}, {3, 6}, {4, 5}], [{8, 1}, {2, 7}, {3, 6}, {5}, {4}], [{8, 1}, {2, 7}, {4, 6}, {3, 5}], [{8, 1}, {2, 7}, {4, 6}, {5}, {3}], [{8, 1}, {2, 7}, {5, 6}, {3, 4}], [{8, 1}, {2, 7}, {6}, {5}, {3, 4}], [{8, 1}, {3, 7}, {2, 6}, {4, 5}], [{8, 1}, {3, 7}, {4, 6}, {2, 5}], [{8, 1}, {3, 7}, {5, 6}, {2, 4}], [{8, 1}, {3, 7}, {5, 6}, {4}, {2}], [{8, 1}, {4, 7}, {2, 6}, {3, 5}], [{8, 1}, {4, 7}, {3, 6}, {2, 5}], [{8, 1}, {4, 7}, {5, 6}, {2, 3}], [{8, 1}, {4, 7}, {6}, {5}, {2, 3}], [{8, 1}, {5, 7}, {2, 6}, {3, 4}], [{8, 1}, {5, 7}, {2, 6}, {4}, {3}], [{8, 1}, {5, 7}, {3, 6}, {2, 4}], [{8, 1}, {5, 7}, {4, 6}, {2, 3}], [{8, 1}, {6, 7}, {2, 5}, {3, 4}], [{8, 1}, {6, 7}, {3, 5}, {2, 4}], [{8, 1}, {6, 7}, {4, 5}, {2, 3}], [{8, 1}, {6, 7}, {4, 5}, {3}, {2}], [{8, 1}, {7}, {4, 6}, {3, 5}, {2}], [{8, 2}, {1, 7}, {3, 6}, {4, 5}], [{8, 2}, {1, 7}, {4, 6}, {3, 5}], [{8, 2}, {1, 7}, {5, 6}, {3, 4}], [{8, 2}, {1, 7}, {6}, {4, 5}, {3}], [{8, 2}, {3, 7}, {1, 6}, {4, 5}], [{8, 2}, {3, 7}, {4, 6}, {1, 5}], [{8, 2}, {3, 7}, {5, 6}, {1, 4}], [{8, 2}, {4, 7}, {1, 6}, {3, 5}], [{8, 2}, {4, 7}, {3, 6}, {1, 5}], [{8, 2}, {4, 7}, {5, 6}, {1, 3}], [{8, 2}, {4, 7}, {5, 6}, {3}, {1}], [{8, 2}, {5, 7}, {1, 6}, {3, 4}], [{8, 2}, {5, 7}, {3, 6}, {1, 4}], [{8, 2}, {5, 7}, {3, 6}, {4}, {1}], [{8, 2}, {5, 7}, {4, 6}, {1, 3}], [{8, 2}, {6, 7}, {1, 5}, {3, 4}], [{8, 2}, {6, 7}, {3, 5}, {1, 4}], [{8, 2}, {6, 7}, {4, 5}, {1, 3}], [{8, 2}, {6, 7}, {5}, {3, 4}, {1}], [{8, 2}, {7}, {1, 6}, {3, 5}, {4}], [{8, 3}, {1, 7}, {2, 6}, {4, 5}], [{8, 3}, {1, 7}, {4, 6}, {2, 5}], [{8, 3}, {1, 7}, {5, 6}, {2, 4}], [{8, 3}, {1, 7}, {5, 6}, {4}, {2}], [{8, 3}, {2, 7}, {1, 6}, {4, 5}], [{8, 3}, {2, 7}, {1, 6}, {5}, {4}], [{8, 3}, {2, 7}, {4, 6}, {1, 5}], [{8, 3}, {2, 7}, {5, 6}, {1, 4}], [{8, 3}, {2, 7}, {6}, {4, 5}, {1}], [{8, 3}, {4, 7}, {1, 6}, {2, 5}], [{8, 3}, {4, 7}, {1, 6}, {5}, {2}], [{8, 3}, {4, 7}, {2, 6}, {1, 5}], [{8, 3}, {4, 7}, {5, 6}, {1, 2}], [{8, 3}, {4, 7}, {6}, {2, 5}, {1}], [{8, 3}, {5, 7}, {1, 6}, {2, 4}], [{8, 3}, {5, 7}, {1, 6}, {4}, {2}], [{8, 3}, {5, 7}, {2, 6}, {1, 4}], [{8, 3}, {5, 7}, {2, 6}, {4}, {1}], [{8, 3}, {5, 7}, {4, 6}, {1, 2}], [{8, 3}, {5, 7}, {4, 6}, {2}, {1}], [{8, 3}, {5, 7}, {6}, {1, 4}, {2}], [{8, 3}, {5, 7}, {6}, {2, 4}, {1}], [{8, 3}, {5, 7}, {6}, {4}, {1, 2}], [{8, 3}, {5, 7}, {6}, {4}, {2}, {1}], [{8, 3}, {6, 7}, {1, 5}, {2, 4}], [{8, 3}, {6, 7}, {1, 5}, {4}, {2}], [{8, 3}, {6, 7}, {2, 5}, {1, 4}], [{8, 3}, {6, 7}, {4, 5}, {1, 2}], [{8, 3}, {7}, {1, 6}, {2, 5}, {4}], [{8, 3}, {7}, {1, 6}, {4, 5}, {2}], [{8, 3}, {7}, {1, 6}, {5}, {2, 4}], [{8, 3}, {7}, {1, 6}, {5}, {4}, {2}], [{8, 4}, {1, 7}, {2, 6}, {3, 5}], [{8, 4}, {1, 7}, {3, 6}, {2, 5}], [{8, 4}, {1, 7}, {5, 6}, {2, 3}], [{8, 4}, {2, 7}, {1, 6}, {3, 5}], [{8, 4}, {2, 7}, {3, 6}, {1, 5}], [{8, 4}, {2, 7}, {5, 6}, {1, 3}], [{8, 4}, {3, 7}, {1, 6}, {2, 5}], [{8, 4}, {3, 7}, {1, 6}, {5}, {2}], [{8, 4}, {3, 7}, {2, 6}, {1, 5}], [{8, 4}, {3, 7}, {5, 6}, {1, 2}], [{8, 4}, {5, 7}, {1, 6}, {2, 3}], [{8, 4}, {5, 7}, {2, 6}, {1, 3}], [{8, 4}, {5, 7}, {2, 6}, {3}, {1}], [{8, 4}, {5, 7}, {3, 6}, {1, 2}], [{8, 4}, {6, 7}, {1, 5}, {2, 3}], [{8, 4}, {6, 7}, {2, 5}, {1, 3}], [{8, 4}, {6, 7}, {3, 5}, {1, 2}], [{8, 5}, {1, 7}, {2, 6}, {3, 4}], [{8, 5}, {1, 7}, {3, 6}, {2, 4}], [{8, 5}, {1, 7}, {4, 6}, {2, 3}], [{8, 5}, {1, 7}, {4, 6}, {3}, {2}], [{8, 5}, {2, 7}, {1, 6}, {3, 4}], [{8, 5}, {2, 7}, {3, 6}, {1, 4}], [{8, 5}, {2, 7}, {4, 6}, {1, 3}], [{8, 5}, {2, 7}, {4, 6}, {3}, {1}], [{8, 5}, {3, 7}, {1, 6}, {2, 4}], [{8, 5}, {3, 7}, {2, 6}, {1, 4}], [{8, 5}, {3, 7}, {4, 6}, {1, 2}], [{8, 5}, {3, 7}, {6}, {4}, {1, 2}], [{8, 5}, {4, 7}, {1, 6}, {2, 3}], [{8, 5}, {4, 7}, {2, 6}, {1, 3}], [{8, 5}, {4, 7}, {3, 6}, {1, 2}], [{8, 5}, {6, 7}, {1, 4}, {2, 3}], [{8, 5}, {6, 7}, {2, 4}, {1, 3}], [{8, 5}, {6, 7}, {3, 4}, {1, 2}], [{8, 5}, {7}, {1, 6}, {4}, {2, 3}], [{8, 5}, {7}, {3, 6}, {1, 4}, {2}], [{8, 5}, {7}, {4, 6}, {3}, {1, 2}], [{8, 6}, {1, 7}, {2, 5}, {3, 4}], [{8, 6}, {1, 7}, {3, 5}, {2, 4}], [{8, 6}, {1, 7}, {4, 5}, {2, 3}], [{8, 6}, {2, 7}, {1, 5}, {3, 4}], [{8, 6}, {2, 7}, {3, 5}, {1, 4}], [{8, 6}, {2, 7}, {4, 5}, {1, 3}], [{8, 6}, {2, 7}, {5}, {4}, {1, 3}], [{8, 6}, {3, 7}, {1, 5}, {2, 4}], [{8, 6}, {3, 7}, {2, 5}, {1, 4}], [{8, 6}, {3, 7}, {4, 5}, {1, 2}], [{8, 6}, {3, 7}, {5}, {2, 4}, {1}], [{8, 6}, {4, 7}, {1, 5}, {2, 3}], [{8, 6}, {4, 7}, {2, 5}, {1, 3}], [{8, 6}, {4, 7}, {3, 5}, {1, 2}], [{8, 6}, {4, 7}, {3, 5}, {2}, {1}], [{8, 6}, {5, 7}, {1, 4}, {2, 3}], [{8, 6}, {5, 7}, {2, 4}, {1, 3}], [{8, 6}, {5, 7}, {3, 4}, {1, 2}], [{8, 6}, {5, 7}, {4}, {2, 3}, {1}], [{8, 6}, {7}, {2, 5}, {1, 4}, {3}], [{8, 6}, {7}, {4, 5}, {3}, {1, 2}], [{8, 7}, {1, 6}, {2, 5}, {3, 4}], [{8, 7}, {1, 6}, {3, 5}, {2, 4}], [{8, 7}, {1, 6}, {4, 5}, {2, 3}], [{8, 7}, {1, 6}, {5}, {3, 4}, {2}], [{8, 7}, {2, 6}, {1, 5}, {3, 4}], [{8, 7}, {2, 6}, {3, 5}, {1, 4}], [{8, 7}, {2, 6}, {4, 5}, {1, 3}], [{8, 7}, {3, 6}, {1, 5}, {2, 4}], [{8, 7}, {3, 6}, {2, 5}, {1, 4}], [{8, 7}, {3, 6}, {4, 5}, {1, 2}], [{8, 7}, {4, 6}, {1, 5}, {2, 3}], [{8, 7}, {4, 6}, {2, 5}, {1, 3}], [{8, 7}, {4, 6}, {3, 5}, {1, 2}], [{8, 7}, {5, 6}, {1, 4}, {2, 3}], [{8, 7}, {5, 6}, {2, 4}, {1, 3}], [{8, 7}, {5, 6}, {3, 4}, {1, 2}], [{8, 7}, {6}, {1, 5}, {2, 4}, {3}], [{8, 7}, {6}, {4, 5}, {2, 3}, {1}], [{8}, {1, 7}, {3, 6}, {4, 5}, {2}], [{8}, {2, 7}, {4, 6}, {1, 5}, {3}], [{8}, {3, 7}, {4, 6}, {5}, {1, 2}], [{8}, {4, 7}, {3, 6}, {5}, {1, 2}], [{8}, {5, 7}, {2, 6}, {1, 4}, {3}], [{8}, {5, 7}, {2, 6}, {3, 4}, {1}], [{8}, {5, 7}, {2, 6}, {4}, {1, 3}], [{8}, {5, 7}, {2, 6}, {4}, {3}, {1}], [{8}, {6, 7}, {3, 5}, {1, 4}, {2}], [{8}, {7}, {5, 6}, {1, 4}, {2, 3}]]",2,- 16 K_1^4 + 24 K_1^3 + 16 K_1^2 K_2 - 4 K_1^2 - 24 K_1 K_2 - 4 K_1 K_3 - 6 K_1 + 4 K_2 + 6 K_3 + 5,O1O2O3O4U5U1U2O5O6U4O7U3U6O8U7U8,O1O2O3U4U5U1U2O6O7U6O8O5U7O4U8U3,O1O2O3U1U4O5U6O7O4U8O6O8U2U3U7U5,c,{'O1O2O3O4U5U6O5U7U2O6U1O7O8U3U4U8'},1,"<a href=""/flatknot/8.857654"">8.857654</a>",t^9-52t^7-198t^6-147t^5+374t^4+613t^3+140t^2-112t-42,-2t^2+4t,,
8.857655,O1O2O3O4U5U6O5U7U2O6U1O7O8U3U8U4,4,2z^3+28z^2+91z+87,2w^4z^3+28w^3z^2+91w^2z+87w,False,False,"[[ 0 -1  0  0  3 -1 -1 -1  1],[ 1  0  1  1  2  0  1  1  1],[ 0 -1  0 -1  0  0  1  1  1],[ 0 -1  1  0  2 -1  0  1  1],[-3 -2  0 -2  0 -4 -3 -2  0],[ 1  0  0  1  4  0 -1 -1  1],[ 1 -1 -1  0  3  1  0 -1  1],[ 1 -1 -1 -1  2  1  1  0  1],[-1 -1 -1 -1  0 -1 -1 -1  0]]","[[ 0  3  1  0  0 -1 -1 -1 -1],[-3  0  0  0 -2 -2 -2 -3 -4],[-1  0  0 -1 -1 -1 -1 -1 -1],[ 0  0  1  0 -1  1 -1  1  0],[ 0  2  1  1  0  1 -1  0 -1],[ 1  2  1 -1 -1  0 -1  1  1],[ 1  2  1  1  1  1  0  1  0],[ 1  3  1 -1  0 -1 -1  0  1],[ 1  4  1  0  1 -1  0 -1  0]]",True,"[-3,-1,0,0,1,1,1,1,0,0,2,2,2,3,4,1,1,1,1,1,1,1,-1,1,-1,0,-1,1,0,1,1,-1,-1,-1,0,-1]","[-3,-1,0,0,1,1,1,1,0,0,2,2,2,3,4,1,1,1,1,1,1,1,-1,1,-1,0,-1,1,0,1,1,-1,-1,-1,0,-1]",t^8+55t^6+484t^4+135t^2+9,"[-1,-1,-1,-1,0,0,1,3,-1,-1,0,0,0,1,2,-1,-1,2,2,1,2,-1,1,2,1,1,0,1,1,0,-1,0,1,0,3,2]","[-3,-1,0,0,1,1,1,1,2,1,3,0,1,2,2,0,0,1,1,1,1,1,0,1,0,2,1,2,0,2,-1,0,-1,-1,-1,1]","[-1,-1,-1,-1,0,0,1,3,-1,-1,0,0,1,1,4,-1,-1,-1,0,1,3,-1,-1,-1,1,2,1,1,1,2,-1,1,0,1,2,0]",c,"[[{8, 3}, {2, 7}, {5, 6}, {1, 4}]]",1,16 K_1^3 - 16 K_1^2 - 22 K_1 K_2 - K_1 + 8 K_2 + 7 K_3 + 9,O1O2O3O4U1U5U2O5O6U4O7U3U6O8U7U8,O1O2O3U4U5U1U3O6O7U6O8O5U7O4U8U2,O1O2O3U2U4O5U6O7O4U8O6O8U1U3U7U5,c,{'O1O2O3O4U5U6O5U7U2O6U1O7O8U3U8U4'},1,"<a href=""/flatknot/8.857655"">8.857655</a>",t^9-49t^7-156t^6-54t^5+314t^4+367t^3+48t^2-95t-32,-t^3+3t,,
8.857656,O1O2O3O4U5U6O5U7U2O6U1O7O8U4U3U8,4,4z^3+42z^2+107z+79,4w^4z^3-4w^4z^2+46w^3z^2-4w^3z+111w^2z+79w,False,False,"[[ 0 -1  0  1  1 -1 -1 -1  2],[ 1  0  1  2  1  0  1  1  2],[ 0 -1  0  0 -1  0  1  1  2],[-1 -2  0  0  0 -2 -1  0  2],[-1 -1  1  0  0 -2 -1  0  1],[ 1  0  0  2  2  0 -1 -1  2],[ 1 -1 -1  1  1  1  0 -1  2],[ 1 -1 -1  0  0  1  1  0  2],[-2 -2 -2 -2 -1 -2 -2 -2  0]]","[[ 0  2  1  1  0 -1 -1 -1 -1],[-2  0 -1 -2 -2 -2 -2 -2 -2],[-1  1  0  0  1  0 -1 -1 -2],[-1  2  0  0  0  0 -1 -2 -2],[ 0  2 -1  0  0  1  1 -1  0],[ 1  2  0  0 -1  0  1 -1  1],[ 1  2  1  1 -1 -1  0 -1  1],[ 1  2  1  2  1  1  1  0  0],[ 1  2  2  2  0 -1 -1  0  0]]",True,"[-2,-1,-1,0,1,1,1,1,1,2,2,2,2,2,2,0,-1,0,1,1,2,0,0,1,2,2,-1,-1,1,0,-1,1,-1,1,-1,0]","[-2,-1,-1,0,1,1,1,1,-1,0,0,1,1,1,1,0,1,0,0,1,2,2,0,1,1,2,1,0,2,2,0,-1,-1,1,1,-1]",t^8+49t^6+464t^4+143t^2+9,"[-1,-1,-1,-1,0,1,1,2,-1,-1,0,0,0,1,1,-1,-1,2,2,2,1,-1,2,1,1,1,1,0,0,1,1,2,0,0,-1,0]","[-2,-1,-1,0,1,1,1,1,-1,0,0,1,1,1,1,0,1,0,0,1,2,2,0,1,1,2,1,0,2,2,0,-1,-1,1,1,-1]","[-1,-1,-1,-1,0,1,1,2,-1,-1,0,0,2,2,2,-1,-1,-1,1,1,2,-1,-1,0,0,2,1,1,2,2,-1,0,2,0,1,2]",c,"[[{8, 1}, {2, 7}, {3, 6}, {4, 5}], [{8, 1}, {2, 7}, {3, 6}, {5}, {4}], [{8, 1}, {2, 7}, {4, 6}, {3, 5}], [{8, 1}, {2, 7}, {4, 6}, {5}, {3}], [{8, 1}, {2, 7}, {5, 6}, {3, 4}], [{8, 1}, {2, 7}, {5, 6}, {4}, {3}], [{8, 1}, {2, 7}, {6}, {3, 5}, {4}], [{8, 1}, {2, 7}, {6}, {4, 5}, {3}], [{8, 1}, {2, 7}, {6}, {5}, {3, 4}], [{8, 1}, {2, 7}, {6}, {5}, {4}, {3}], [{8, 1}, {3, 7}, {2, 6}, {4, 5}], [{8, 1}, {3, 7}, {4, 6}, {2, 5}], [{8, 1}, {3, 7}, {4, 6}, {5}, {2}], [{8, 1}, {3, 7}, {5, 6}, {2, 4}], [{8, 1}, {3, 7}, {6}, {2, 5}, {4}], [{8, 1}, {4, 7}, {2, 6}, {3, 5}], [{8, 1}, {4, 7}, {3, 6}, {2, 5}], [{8, 1}, {4, 7}, {3, 6}, {5}, {2}], [{8, 1}, {4, 7}, {5, 6}, {2, 3}], [{8, 1}, {5, 7}, {2, 6}, {3, 4}], [{8, 1}, {5, 7}, {3, 6}, {2, 4}], [{8, 1}, {5, 7}, {4, 6}, {2, 3}], [{8, 1}, {5, 7}, {4, 6}, {3}, {2}], [{8, 1}, {5, 7}, {6}, {4}, {2, 3}], [{8, 1}, {6, 7}, {2, 5}, {3, 4}], [{8, 1}, {6, 7}, {3, 5}, {2, 4}], [{8, 1}, {6, 7}, {4, 5}, {2, 3}], [{8, 1}, {6, 7}, {4, 5}, {3}, {2}], [{8, 1}, {7}, {2, 6}, {4, 5}, {3}], [{8, 1}, {7}, {3, 6}, {5}, {2, 4}], [{8, 1}, {7}, {4, 6}, {2, 5}, {3}], [{8, 1}, {7}, {4, 6}, {3, 5}, {2}], [{8, 1}, {7}, {4, 6}, {5}, {2, 3}], [{8, 2}, {1, 7}, {3, 6}, {4, 5}], [{8, 2}, {1, 7}, {4, 6}, {3, 5}], [{8, 2}, {1, 7}, {5, 6}, {3, 4}], [{8, 2}, {3, 7}, {1, 6}, {4, 5}], [{8, 2}, {3, 7}, {4, 6}, {1, 5}], [{8, 2}, {3, 7}, {5, 6}, {1, 4}], [{8, 2}, {3, 7}, {5, 6}, {4}, {1}], [{8, 2}, {4, 7}, {1, 6}, {3, 5}], [{8, 2}, {4, 7}, {3, 6}, {1, 5}], [{8, 2}, {4, 7}, {5, 6}, {1, 3}], [{8, 2}, {5, 7}, {1, 6}, {3, 4}], [{8, 2}, {5, 7}, {3, 6}, {1, 4}], [{8, 2}, {5, 7}, {4, 6}, {1, 3}], [{8, 2}, {5, 7}, {4, 6}, {3}, {1}], [{8, 2}, {6, 7}, {1, 5}, {3, 4}], [{8, 2}, {6, 7}, {3, 5}, {1, 4}], [{8, 2}, {6, 7}, {4, 5}, {1, 3}], [{8, 2}, {6, 7}, {5}, {3, 4}, {1}], [{8, 3}, {1, 7}, {2, 6}, {4, 5}], [{8, 3}, {1, 7}, {4, 6}, {2, 5}], [{8, 3}, {1, 7}, {5, 6}, {2, 4}], [{8, 3}, {1, 7}, {5, 6}, {4}, {2}], [{8, 3}, {2, 7}, {1, 6}, {4, 5}], [{8, 3}, {2, 7}, {4, 6}, {1, 5}], [{8, 3}, {2, 7}, {4, 6}, {5}, {1}], [{8, 3}, {2, 7}, {5, 6}, {1, 4}], [{8, 3}, {4, 7}, {1, 6}, {2, 5}], [{8, 3}, {4, 7}, {1, 6}, {5}, {2}], [{8, 3}, {4, 7}, {2, 6}, {1, 5}], [{8, 3}, {4, 7}, {5, 6}, {1, 2}], [{8, 3}, {5, 7}, {1, 6}, {2, 4}], [{8, 3}, {5, 7}, {2, 6}, {1, 4}], [{8, 3}, {5, 7}, {4, 6}, {1, 2}], [{8, 3}, {5, 7}, {6}, {1, 4}, {2}], [{8, 3}, {6, 7}, {1, 5}, {2, 4}], [{8, 3}, {6, 7}, {2, 5}, {1, 4}], [{8, 3}, {6, 7}, {4, 5}, {1, 2}], [{8, 4}, {1, 7}, {2, 6}, {3, 5}], [{8, 4}, {1, 7}, {3, 6}, {2, 5}], [{8, 4}, {1, 7}, {5, 6}, {2, 3}], [{8, 4}, {2, 7}, {1, 6}, {3, 5}], [{8, 4}, {2, 7}, {3, 6}, {1, 5}], [{8, 4}, {2, 7}, {5, 6}, {1, 3}], [{8, 4}, {3, 7}, {1, 6}, {2, 5}], [{8, 4}, {3, 7}, {1, 6}, {5}, {2}], [{8, 4}, {3, 7}, {2, 6}, {1, 5}], [{8, 4}, {3, 7}, {5, 6}, {1, 2}], [{8, 4}, {3, 7}, {6}, {2, 5}, {1}], [{8, 4}, {5, 7}, {1, 6}, {2, 3}], [{8, 4}, {5, 7}, {2, 6}, {1, 3}], [{8, 4}, {5, 7}, {3, 6}, {1, 2}], [{8, 4}, {6, 7}, {1, 5}, {2, 3}], [{8, 4}, {6, 7}, {2, 5}, {1, 3}], [{8, 4}, {6, 7}, {3, 5}, {1, 2}], [{8, 4}, {6, 7}, {5}, {3}, {1, 2}], [{8, 5}, {1, 7}, {2, 6}, {3, 4}], [{8, 5}, {1, 7}, {3, 6}, {2, 4}], [{8, 5}, {1, 7}, {3, 6}, {4}, {2}], [{8, 5}, {1, 7}, {4, 6}, {2, 3}], [{8, 5}, {2, 7}, {1, 6}, {3, 4}], [{8, 5}, {2, 7}, {1, 6}, {4}, {3}], [{8, 5}, {2, 7}, {3, 6}, {1, 4}], [{8, 5}, {2, 7}, {4, 6}, {1, 3}], [{8, 5}, {3, 7}, {1, 6}, {2, 4}], [{8, 5}, {3, 7}, {2, 6}, {1, 4}], [{8, 5}, {3, 7}, {4, 6}, {1, 2}], [{8, 5}, {3, 7}, {4, 6}, {2}, {1}], [{8, 5}, {4, 7}, {1, 6}, {2, 3}], [{8, 5}, {4, 7}, {2, 6}, {1, 3}], [{8, 5}, {4, 7}, {3, 6}, {1, 2}], [{8, 5}, {4, 7}, {3, 6}, {2}, {1}], [{8, 5}, {6, 7}, {1, 4}, {2, 3}], [{8, 5}, {6, 7}, {2, 4}, {1, 3}], [{8, 5}, {6, 7}, {3, 4}, {1, 2}], [{8, 5}, {7}, {3, 6}, {1, 4}, {2}], [{8, 6}, {1, 7}, {2, 5}, {3, 4}], [{8, 6}, {1, 7}, {3, 5}, {2, 4}], [{8, 6}, {1, 7}, {4, 5}, {2, 3}], [{8, 6}, {1, 7}, {4, 5}, {3}, {2}], [{8, 6}, {2, 7}, {1, 5}, {3, 4}], [{8, 6}, {2, 7}, {1, 5}, {4}, {3}], [{8, 6}, {2, 7}, {3, 5}, {1, 4}], [{8, 6}, {2, 7}, {4, 5}, {1, 3}], [{8, 6}, {3, 7}, {1, 5}, {2, 4}], [{8, 6}, {3, 7}, {2, 5}, {1, 4}], [{8, 6}, {3, 7}, {4, 5}, {1, 2}], [{8, 6}, {3, 7}, {5}, {2, 4}, {1}], [{8, 6}, {4, 7}, {1, 5}, {2, 3}], [{8, 6}, {4, 7}, {2, 5}, {1, 3}], [{8, 6}, {4, 7}, {3, 5}, {1, 2}], [{8, 6}, {5, 7}, {1, 4}, {2, 3}], [{8, 6}, {5, 7}, {1, 4}, {3}, {2}], [{8, 6}, {5, 7}, {2, 4}, {1, 3}], [{8, 6}, {5, 7}, {3, 4}, {1, 2}], [{8, 7}, {1, 6}, {2, 5}, {3, 4}], [{8, 7}, {1, 6}, {3, 5}, {2, 4}], [{8, 7}, {1, 6}, {4, 5}, {2, 3}], [{8, 7}, {1, 6}, {5}, {3, 4}, {2}], [{8, 7}, {2, 6}, {1, 5}, {3, 4}], [{8, 7}, {2, 6}, {3, 5}, {1, 4}], [{8, 7}, {2, 6}, {4, 5}, {1, 3}], [{8, 7}, {3, 6}, {1, 5}, {2, 4}], [{8, 7}, {3, 6}, {2, 5}, {1, 4}], [{8, 7}, {3, 6}, {4, 5}, {1, 2}], [{8, 7}, {3, 6}, {5}, {1, 4}, {2}], [{8, 7}, {4, 6}, {1, 5}, {2, 3}], [{8, 7}, {4, 6}, {2, 5}, {1, 3}], [{8, 7}, {4, 6}, {3, 5}, {1, 2}], [{8, 7}, {4, 6}, {3, 5}, {2}, {1}], [{8, 7}, {5, 6}, {1, 4}, {2, 3}], [{8, 7}, {5, 6}, {2, 4}, {1, 3}], [{8, 7}, {5, 6}, {3, 4}, {1, 2}], [{8, 7}, {5, 6}, {4}, {2, 3}, {1}], [{8, 7}, {6}, {1, 5}, {2, 4}, {3}], [{8}, {1, 7}, {4, 6}, {3, 5}, {2}], [{8}, {2, 7}, {4, 6}, {5}, {1, 3}], [{8}, {3, 7}, {2, 6}, {4, 5}, {1}], [{8}, {3, 7}, {4, 6}, {1, 5}, {2}], [{8}, {3, 7}, {6}, {2, 5}, {1, 4}], [{8}, {4, 7}, {3, 6}, {1, 5}, {2}], [{8}, {5, 7}, {2, 6}, {3, 4}, {1}], [{8}, {5, 7}, {3, 6}, {1, 4}, {2}], [{8}, {5, 7}, {4, 6}, {3}, {1, 2}]]",2,- 8 K_1^4 + 12 K_1^3 + 12 K_1^2 K_2 - 4 K_1^2 - 12 K_1 K_2 - 6 K_1 K_3 - 3 K_1 + 3 K_2 + 3 K_3 + K_4 + 3,O1O2O3O4U5U2U1O5O6U4O7U3U6O8U7U8,O1O2O3U4U5U2U1O6O7U6O8O5U7O4U8U3,O1O2O3U1U4O5U6O7O4U8O6O8U3U2U7U5,c,{'O1O2O3O4U5U6O5U7U2O6U1O7O8U4U3U8'},1,"<a href=""/flatknot/8.857656"">8.857656</a>",t^9-47t^7-150t^6-35t^5+280t^4+98t^3-182t^2-22t+32,-t^2+2t,,
8.857657,O1O2O3O4U5U6O5U7U2O6U3O7O8U1U8U4,4,23z^2+108z+125,23w^3z^2+108w^2z+125w,False,False,"[[ 0 -2  0  1  3 -1 -1 -1  1],[ 2  0  1  2  4  1  1  1  1],[ 0 -1  0  0  0  0  1  0  0],[-1 -2  0  0  0 -2  0  0  0],[-3 -4  0  0  0 -4 -3 -2  0],[ 1 -1  0  2  4  0 -1 -1  1],[ 1 -1 -1  0  3  1  0 -1  1],[ 1 -1  0  0  2  1  1  0  1],[-1 -1  0  0  0 -1 -1 -1  0]]","[[ 0  3  1  1  0 -1 -1 -1 -2],[-3  0  0  0  0 -2 -3 -4 -4],[-1  0  0  0  0  0  0 -2 -2],[-1  0  0  0  0 -1 -1 -1 -1],[ 0  0  0  0  0  0  1  0 -1],[ 1  2  0  1  0  0  1  1 -1],[ 1  3  0  1 -1 -1  0  1 -1],[ 1  4  2  1  0 -1 -1  0 -1],[ 2  4  2  1  1  1  1  1  0]]",True,"[-3,-1,-1,0,1,1,1,2,0,0,0,2,3,4,4,0,0,0,0,2,2,0,1,1,1,1,0,-1,0,1,-1,-1,1,-1,1,1]","[-3,-1,-1,0,1,1,1,2,0,0,0,2,3,4,4,0,0,0,0,2,2,0,1,1,1,1,0,-1,0,1,-1,-1,1,-1,1,1]",t^8+65t^6+386t^4+156t^2+4,"[-2,-1,-1,-1,0,1,1,3,0,0,0,1,1,2,1,-1,-1,1,2,1,2,-1,2,2,1,1,1,0,1,0,1,1,3,0,2,2]","[-3,-1,-1,0,1,1,1,2,2,2,3,0,1,2,1,0,1,0,2,2,1,1,1,1,1,2,1,2,1,1,-1,-1,0,-1,0,0]","[-2,-1,-1,-1,0,1,1,3,1,1,1,1,1,2,4,-1,-1,0,1,2,4,-1,-1,1,0,3,0,1,0,2,0,0,0,0,0,0]",c,"[[{8, 5}, {3, 7}, {1, 6}, {2, 4}], [{8, 5}, {3, 7}, {1, 6}, {4}, {2}], [{8, 5}, {3, 7}, {2, 6}, {1, 4}], [{8, 5}, {3, 7}, {4, 6}, {1, 2}], [{8, 5}, {3, 7}, {4, 6}, {2}, {1}], [{8, 5}, {3, 7}, {6}, {1, 4}, {2}], [{8, 7}, {1, 6}, {3, 5}, {2, 4}], [{8, 7}, {1, 6}, {3, 5}, {4}, {2}], [{8, 7}, {2, 6}, {3, 5}, {1, 4}], [{8, 7}, {4, 6}, {3, 5}, {1, 2}], [{8, 7}, {4, 6}, {3, 5}, {2}, {1}], [{8, 7}, {6}, {3, 5}, {1, 4}, {2}]]",1,8 K_1^2 K_2 - 14 K_1^2 - 10 K_1 K_2 - 4 K_1 K_3 + 5 K_1 - 4 K_2^2 + 5 K_2 + 5 K_3 + 2 K_4 + 8,O1O2O3O4U1U5U4O5O6U2O7U3U6O8U7U8,O1O2O3U1U4U5U3O6O7U6O8O4U7O5U8U2,O1O2O3U2U4O5U6O7O4U8O6O8U1U5U7U3,c,{'O1O2O3O4U5U6O5U7U2O6U3O7O8U1U8U4'},1,"<a href=""/flatknot/8.857657"">8.857657</a>",t^9-61t^7-172t^6-7t^5+318t^4+150t^3-106t^2-9t+2,-t^3+t^2+t,,
8.857658,O1O2O3O4U5U6O5U7U2O6U3O7O8U4U1U8,4,23z^2+108z+125,23w^3z^2+108w^2z+125w,False,False,"[[ 0 -1  0  1  1 -1 -1 -1  2],[ 1  0  0  1  2  0  0  0  2],[ 0  0  0  0  0  0  1  0  1],[-1 -1  0  0  0 -2  0  0  1],[-1 -2  0  0  0 -2 -1  0  1],[ 1  0  0  2  2  0 -1 -1  2],[ 1  0 -1  0  1  1  0 -1  2],[ 1  0  0  0  0  1  1  0  2],[-2 -2 -1 -1 -1 -2 -2 -2  0]]","[[ 0  2  1  1  0 -1 -1 -1 -1],[-2  0 -1 -1 -1 -2 -2 -2 -2],[-1  1  0  0  0  0  0 -1 -2],[-1  1  0  0  0  0 -1 -2 -2],[ 0  1  0  0  0  0  1  0  0],[ 1  2  0  0  0  0  1  0  1],[ 1  2  0  1 -1 -1  0  0  1],[ 1  2  1  2  0  0  0  0  0],[ 1  2  2  2  0 -1 -1  0  0]]",True,"[-2,-1,-1,0,1,1,1,1,1,1,1,2,2,2,2,0,0,0,0,1,2,0,0,1,2,2,0,-1,0,0,-1,0,-1,0,-1,0]","[-2,-1,-1,0,1,1,1,1,0,0,1,1,1,1,1,0,1,0,0,1,2,1,0,1,2,2,1,1,2,1,0,-1,-1,0,0,-1]",t^8+37t^6+220t^4+138t^2+4,"[-1,-1,-1,-1,0,1,1,2,-1,-1,0,1,2,2,1,-1,0,2,1,2,1,0,1,0,0,1,1,0,1,1,1,1,1,0,0,0]","[-2,-1,-1,0,1,1,1,1,0,0,1,1,1,1,1,0,1,0,0,1,2,1,0,1,2,2,1,1,2,1,0,-1,-1,0,0,-1]","[-1,-1,-1,-1,0,1,1,2,-1,-1,0,0,2,2,2,-1,0,-1,0,1,2,0,0,0,0,2,0,1,2,2,0,0,1,0,1,1]",c,"[[{8, 1}, {2, 7}, {3, 6}, {4, 5}], [{8, 1}, {4, 7}, {3, 6}, {2, 5}], [{8, 2}, {1, 7}, {3, 6}, {4, 5}], [{8, 2}, {4, 7}, {3, 6}, {1, 5}], [{8, 5}, {4, 7}, {3, 6}, {1, 2}], [{8, 7}, {3, 6}, {4, 5}, {1, 2}]]",1,4 K_1^3 + 8 K_1^2 K_2 - 14 K_1^2 - 12 K_1 K_2 - 4 K_1 K_3 + 3 K_1 - 4 K_2^2 + 5 K_2 + 5 K_3 + 2 K_4 + 8,O1O2O3O4U5U4U1O5O6U2O7U3U6O8U7U8,O1O2O3U2U4U5U1O6O7U6O8O4U7O5U8U3,O1O2O3U1U4O5U6O7O4U8O6O8U3U5U7U2,c,{'O1O2O3O4U5U6O5U7U2O6U3O7O8U4U1U8'},1,"<a href=""/flatknot/8.857658"">8.857658</a>",t^9-35t^7-64t^6+105t^5+178t^4-78t^3-56t^2-t+6,-t^2+2t,,
8.857659,O1O2O3O4U5U6O5U7U2O6U4O7O8U1U8U3,4,14z^2+83z+111,14w^3z^2+83w^2z+111w,False,False,"[[ 0 -2  0  2  2 -1 -1 -1  1],[ 2  0  1  3  2  1  1  1  1],[ 0 -1  0  0  0  0  1  0  0],[-2 -3  0  0  1 -3 -2 -2  0],[-2 -2  0 -1  0 -3 -1 -1  0],[ 1 -1  0  3  3  0 -1 -1  1],[ 1 -1 -1  2  1  1  0 -1  1],[ 1 -1  0  2  1  1  1  0  1],[-1 -1  0  0  0 -1 -1 -1  0]]","[[ 0  2  2  1  0 -1 -1 -1 -2],[-2  0  1  0  0 -2 -2 -3 -3],[-2 -1  0  0  0 -1 -1 -3 -2],[-1  0  0  0  0 -1 -1 -1 -1],[ 0  0  0  0  0  1  0  0 -1],[ 1  2  1  1 -1  0 -1  1 -1],[ 1  2  1  1  0  1  0  1 -1],[ 1  3  3  1  0 -1 -1  0 -1],[ 2  3  2  1  1  1  1  1  0]]",True,"[-2,-2,-1,0,1,1,1,2,-1,0,0,2,2,3,3,0,0,1,1,3,2,0,1,1,1,1,-1,0,0,1,1,-1,1,-1,1,1]","[-2,-2,-1,0,1,1,1,2,-1,0,0,2,2,3,3,0,0,1,1,3,2,0,1,1,1,1,-1,0,0,1,1,-1,1,-1,1,1]",t^8+54t^6+236t^4+72t^2+1,"[-2,-1,-1,-1,0,1,2,2,0,0,0,1,2,1,2,-1,-1,1,1,1,2,-1,2,1,1,2,1,1,0,0,1,2,2,1,1,-1]","[-2,-2,-1,0,1,1,1,2,-1,1,2,0,2,2,2,1,2,0,1,1,1,1,1,1,1,2,1,1,2,1,-1,-1,0,1,0,0]","[-2,-1,-1,-1,0,1,2,2,1,1,1,1,1,2,3,-1,-1,0,1,3,3,-1,-1,1,1,2,0,1,1,2,0,0,0,0,0,-1]",c,"[[{8, 2}, {3, 7}, {1, 6}, {4, 5}], [{8}, {3, 7}, {1, 6}, {4, 5}, {2}]]",1,- 10 K_1^2 - 8 K_1 K_2 + 4 K_1 - 4 K_2^2 + 5 K_2 + 4 K_3 + 2 K_4 + 8,O1O2O3O4U2U5U4O5O6U1O7U3U6O8U7U8,O1O2O3U1U4U3U5O6O7U6O8O4U7O5U8U2,O1O2O3U2U4O5U6O7O4U8O6O8U5U1U7U3,c,{'O1O2O3O4U5U6O5U7U2O6U4O7O8U1U8U3'},1,"<a href=""/flatknot/8.857659"">8.857659</a>",t^9-52t^7-178t^6-153t^5+82t^4+138t^3+22t^2-9t-4,-t^2+2t,,
8.857660,O1O2O3O4U5U6O5U7U2O6U4O7O8U3U1U8,4,18z^2+95z+119,18w^3z^2+95w^2z+119w,False,False,"[[ 0 -1  0  0  2 -1 -1 -1  2],[ 1  0  0  1  2  0  0  0  2],[ 0  0  0  0  0  0  1  0  1],[ 0 -1  0  0  1 -1  0  0  1],[-2 -2  0 -1  0 -3 -1 -1  0],[ 1  0  0  1  3  0 -1 -1  2],[ 1  0 -1  0  1  1  0 -1  2],[ 1  0  0  0  1  1  1  0  2],[-2 -2 -1 -1  0 -2 -2 -2  0]]","[[ 0  2  2  0  0 -1 -1 -1 -1],[-2  0  0  0 -1 -1 -1 -2 -3],[-2  0  0 -1 -1 -2 -2 -2 -2],[ 0  0  1  0  0  1  0  0  0],[ 0  1  1  0  0  0  0 -1 -1],[ 1  1  2 -1  0  0 -1  0  1],[ 1  1  2  0  0  1  0  0  1],[ 1  2  2  0  1  0  0  0  0],[ 1  3  2  0  1 -1 -1  0  0]]",True,"[-2,-2,0,0,1,1,1,1,0,0,1,1,1,2,3,1,1,2,2,2,2,0,-1,0,0,0,0,0,1,1,1,0,-1,0,-1,0]","[-2,-2,0,0,1,1,1,1,0,0,1,1,1,2,3,1,1,2,2,2,2,0,-1,0,0,0,0,0,1,1,1,0,-1,0,-1,0]",t^8+40t^6+179t^4+49t^2+1,"[-1,-1,-1,-1,0,0,2,2,-1,-1,0,1,1,1,2,-1,0,1,2,1,2,0,0,1,1,0,0,1,1,1,0,1,1,1,2,0]","[-2,-2,0,0,1,1,1,1,0,1,1,1,1,1,1,1,2,0,1,2,2,0,0,0,1,1,1,1,1,2,0,-1,-1,0,0,1]","[-1,-1,-1,-1,0,0,2,2,-1,-1,0,0,1,2,3,-1,0,-1,0,2,1,0,0,0,2,1,0,1,2,2,0,1,0,1,1,0]",c,"[[{8, 1}, {2, 7}, {3, 6}, {4, 5}], [{8, 1}, {2, 7}, {4, 6}, {3, 5}], [{8, 1}, {2, 7}, {5, 6}, {3, 4}], [{8, 1}, {2, 7}, {6}, {4, 5}, {3}], [{8, 1}, {3, 7}, {2, 6}, {4, 5}], [{8, 1}, {3, 7}, {2, 6}, {5}, {4}], [{8, 1}, {3, 7}, {4, 6}, {2, 5}], [{8, 1}, {3, 7}, {5, 6}, {2, 4}], [{8, 1}, {4, 7}, {2, 6}, {3, 5}], [{8, 1}, {4, 7}, {3, 6}, {2, 5}], [{8, 1}, {4, 7}, {5, 6}, {2, 3}], [{8, 1}, {4, 7}, {6}, {5}, {2, 3}], [{8, 1}, {5, 7}, {2, 6}, {3, 4}], [{8, 1}, {5, 7}, {3, 6}, {2, 4}], [{8, 1}, {5, 7}, {4, 6}, {2, 3}], [{8, 1}, {6, 7}, {2, 5}, {3, 4}], [{8, 1}, {6, 7}, {3, 5}, {2, 4}], [{8, 1}, {6, 7}, {4, 5}, {2, 3}], [{8, 1}, {6, 7}, {4, 5}, {3}, {2}], [{8, 1}, {7}, {2, 6}, {4, 5}, {3}], [{8, 1}, {7}, {4, 6}, {2, 5}, {3}], [{8, 1}, {7}, {5, 6}, {2, 4}, {3}], [{8, 1}, {7}, {5, 6}, {3, 4}, {2}], [{8, 1}, {7}, {5, 6}, {4}, {2, 3}], [{8, 2}, {1, 7}, {3, 6}, {4, 5}], [{8, 2}, {1, 7}, {4, 6}, {3, 5}], [{8, 2}, {1, 7}, {5, 6}, {3, 4}], [{8, 2}, {1, 7}, {5, 6}, {4}, {3}], [{8, 2}, {3, 7}, {1, 6}, {4, 5}], [{8, 2}, {3, 7}, {4, 6}, {1, 5}], [{8, 2}, {3, 7}, {5, 6}, {1, 4}], [{8, 2}, {4, 7}, {1, 6}, {3, 5}], [{8, 2}, {4, 7}, {3, 6}, {1, 5}], [{8, 2}, {4, 7}, {3, 6}, {5}, {1}], [{8, 2}, {4, 7}, {5, 6}, {1, 3}], [{8, 2}, {5, 7}, {1, 6}, {3, 4}], [{8, 2}, {5, 7}, {1, 6}, {4}, {3}], [{8, 2}, {5, 7}, {3, 6}, {1, 4}], [{8, 2}, {5, 7}, {3, 6}, {4}, {1}], [{8, 2}, {5, 7}, {4, 6}, {1, 3}], [{8, 2}, {5, 7}, {6}, {4}, {1, 3}], [{8, 2}, {6, 7}, {1, 5}, {3, 4}], [{8, 2}, {6, 7}, {1, 5}, {4}, {3}], [{8, 2}, {6, 7}, {3, 5}, {1, 4}], [{8, 2}, {6, 7}, {4, 5}, {1, 3}], [{8, 2}, {7}, {3, 6}, {4, 5}, {1}], [{8, 2}, {7}, {4, 6}, {3, 5}, {1}], [{8, 3}, {1, 7}, {2, 6}, {4, 5}], [{8, 3}, {1, 7}, {2, 6}, {5}, {4}], [{8, 3}, {1, 7}, {4, 6}, {2, 5}], [{8, 3}, {1, 7}, {4, 6}, {5}, {2}], [{8, 3}, {1, 7}, {5, 6}, {2, 4}], [{8, 3}, {1, 7}, {5, 6}, {4}, {2}], [{8, 3}, {1, 7}, {6}, {2, 5}, {4}], [{8, 3}, {1, 7}, {6}, {4, 5}, {2}], [{8, 3}, {1, 7}, {6}, {5}, {2, 4}], [{8, 3}, {2, 7}, {1, 6}, {4, 5}], [{8, 3}, {2, 7}, {4, 6}, {1, 5}], [{8, 3}, {2, 7}, {4, 6}, {5}, {1}], [{8, 3}, {2, 7}, {5, 6}, {1, 4}], [{8, 3}, {4, 7}, {1, 6}, {2, 5}], [{8, 3}, {4, 7}, {2, 6}, {1, 5}], [{8, 3}, {4, 7}, {2, 6}, {5}, {1}], [{8, 3}, {4, 7}, {5, 6}, {1, 2}], [{8, 3}, {5, 7}, {1, 6}, {2, 4}], [{8, 3}, {5, 7}, {2, 6}, {1, 4}], [{8, 3}, {5, 7}, {4, 6}, {1, 2}], [{8, 3}, {6, 7}, {1, 5}, {2, 4}], [{8, 3}, {6, 7}, {2, 5}, {1, 4}], [{8, 3}, {6, 7}, {4, 5}, {1, 2}], [{8, 3}, {7}, {2, 6}, {5}, {1, 4}], [{8, 3}, {7}, {4, 6}, {5}, {1, 2}], [{8, 4}, {1, 7}, {2, 6}, {3, 5}], [{8, 4}, {1, 7}, {3, 6}, {2, 5}], [{8, 4}, {1, 7}, {3, 6}, {5}, {2}], [{8, 4}, {1, 7}, {5, 6}, {2, 3}], [{8, 4}, {1, 7}, {5, 6}, {3}, {2}], [{8, 4}, {1, 7}, {6}, {3, 5}, {2}], [{8, 4}, {2, 7}, {1, 6}, {3, 5}], [{8, 4}, {2, 7}, {3, 6}, {1, 5}], [{8, 4}, {2, 7}, {5, 6}, {1, 3}], [{8, 4}, {3, 7}, {1, 6}, {2, 5}], [{8, 4}, {3, 7}, {2, 6}, {1, 5}], [{8, 4}, {3, 7}, {5, 6}, {1, 2}], [{8, 4}, {5, 7}, {1, 6}, {2, 3}], [{8, 4}, {5, 7}, {1, 6}, {3}, {2}], [{8, 4}, {5, 7}, {2, 6}, {1, 3}], [{8, 4}, {5, 7}, {2, 6}, {3}, {1}], [{8, 4}, {5, 7}, {3, 6}, {1, 2}], [{8, 4}, {5, 7}, {6}, {3}, {1, 2}], [{8, 4}, {6, 7}, {1, 5}, {2, 3}], [{8, 4}, {6, 7}, {2, 5}, {1, 3}], [{8, 4}, {6, 7}, {3, 5}, {1, 2}], [{8, 4}, {7}, {5, 6}, {2, 3}, {1}], [{8, 5}, {1, 7}, {2, 6}, {3, 4}], [{8, 5}, {1, 7}, {3, 6}, {2, 4}], [{8, 5}, {1, 7}, {4, 6}, {2, 3}], [{8, 5}, {1, 7}, {6}, {4}, {2, 3}], [{8, 5}, {2, 7}, {1, 6}, {3, 4}], [{8, 5}, {2, 7}, {3, 6}, {1, 4}], [{8, 5}, {2, 7}, {4, 6}, {1, 3}], [{8, 5}, {2, 7}, {6}, {1, 4}, {3}], [{8, 5}, {3, 7}, {1, 6}, {2, 4}], [{8, 5}, {3, 7}, {1, 6}, {4}, {2}], [{8, 5}, {3, 7}, {2, 6}, {1, 4}], [{8, 5}, {3, 7}, {4, 6}, {1, 2}], [{8, 5}, {3, 7}, {4, 6}, {2}, {1}], [{8, 5}, {3, 7}, {6}, {1, 4}, {2}], [{8, 5}, {4, 7}, {1, 6}, {2, 3}], [{8, 5}, {4, 7}, {2, 6}, {1, 3}], [{8, 5}, {4, 7}, {3, 6}, {1, 2}], [{8, 5}, {4, 7}, {6}, {2, 3}, {1}], [{8, 5}, {6, 7}, {1, 4}, {2, 3}], [{8, 5}, {6, 7}, {1, 4}, {3}, {2}], [{8, 5}, {6, 7}, {2, 4}, {1, 3}], [{8, 5}, {6, 7}, {3, 4}, {1, 2}], [{8, 5}, {7}, {2, 6}, {1, 4}, {3}], [{8, 5}, {7}, {2, 6}, {3, 4}, {1}], [{8, 5}, {7}, {2, 6}, {4}, {1, 3}], [{8, 5}, {7}, {3, 6}, {1, 4}, {2}], [{8, 5}, {7}, {6}, {1, 4}, {2, 3}], [{8, 5}, {7}, {6}, {1, 4}, {3}, {2}], [{8, 6}, {1, 7}, {2, 5}, {3, 4}], [{8, 6}, {1, 7}, {3, 5}, {2, 4}], [{8, 6}, {1, 7}, {4, 5}, {2, 3}], [{8, 6}, {1, 7}, {5}, {4}, {2, 3}], [{8, 6}, {2, 7}, {1, 5}, {3, 4}], [{8, 6}, {2, 7}, {3, 5}, {1, 4}], [{8, 6}, {2, 7}, {4, 5}, {1, 3}], [{8, 6}, {3, 7}, {1, 5}, {2, 4}], [{8, 6}, {3, 7}, {2, 5}, {1, 4}], [{8, 6}, {3, 7}, {4, 5}, {1, 2}], [{8, 6}, {4, 7}, {1, 5}, {2, 3}], [{8, 6}, {4, 7}, {1, 5}, {3}, {2}], [{8, 6}, {4, 7}, {2, 5}, {1, 3}], [{8, 6}, {4, 7}, {2, 5}, {3}, {1}], [{8, 6}, {4, 7}, {3, 5}, {1, 2}], [{8, 6}, {4, 7}, {3, 5}, {2}, {1}], [{8, 6}, {4, 7}, {5}, {1, 3}, {2}], [{8, 6}, {4, 7}, {5}, {2, 3}, {1}], [{8, 6}, {4, 7}, {5}, {3}, {1, 2}], [{8, 6}, {4, 7}, {5}, {3}, {2}, {1}], [{8, 6}, {5, 7}, {1, 4}, {2, 3}], [{8, 6}, {5, 7}, {2, 4}, {1, 3}], [{8, 6}, {5, 7}, {3, 4}, {1, 2}], [{8, 6}, {5, 7}, {4}, {1, 3}, {2}], [{8, 6}, {7}, {4, 5}, {1, 3}, {2}], [{8, 6}, {7}, {5}, {1, 4}, {2, 3}], [{8, 7}, {1, 6}, {2, 5}, {3, 4}], [{8, 7}, {1, 6}, {3, 5}, {2, 4}], [{8, 7}, {1, 6}, {4, 5}, {2, 3}], [{8, 7}, {2, 6}, {1, 5}, {3, 4}], [{8, 7}, {2, 6}, {3, 5}, {1, 4}], [{8, 7}, {2, 6}, {4, 5}, {1, 3}], [{8, 7}, {2, 6}, {4, 5}, {3}, {1}], [{8, 7}, {2, 6}, {5}, {4}, {1, 3}], [{8, 7}, {3, 6}, {1, 5}, {2, 4}], [{8, 7}, {3, 6}, {2, 5}, {1, 4}], [{8, 7}, {3, 6}, {4, 5}, {1, 2}], [{8, 7}, {4, 6}, {1, 5}, {2, 3}], [{8, 7}, {4, 6}, {1, 5}, {3}, {2}], [{8, 7}, {4, 6}, {2, 5}, {1, 3}], [{8, 7}, {4, 6}, {2, 5}, {3}, {1}], [{8, 7}, {4, 6}, {3, 5}, {1, 2}], [{8, 7}, {4, 6}, {5}, {3}, {1, 2}], [{8, 7}, {5, 6}, {1, 4}, {2, 3}], [{8, 7}, {5, 6}, {2, 4}, {1, 3}], [{8, 7}, {5, 6}, {2, 4}, {3}, {1}], [{8, 7}, {5, 6}, {3, 4}, {1, 2}], [{8, 7}, {5, 6}, {3, 4}, {2}, {1}], [{8, 7}, {5, 6}, {4}, {2, 3}, {1}], [{8}, {1, 7}, {2, 6}, {4, 5}, {3}], [{8}, {1, 7}, {4, 6}, {2, 5}, {3}], [{8}, {1, 7}, {5, 6}, {2, 4}, {3}], [{8}, {1, 7}, {5, 6}, {3, 4}, {2}], [{8}, {1, 7}, {5, 6}, {4}, {2, 3}], [{8}, {1, 7}, {5, 6}, {4}, {3}, {2}], [{8}, {2, 7}, {5, 6}, {4}, {1, 3}], [{8}, {3, 7}, {4, 6}, {5}, {1, 2}], [{8}, {3, 7}, {5, 6}, {4}, {1, 2}], [{8}, {3, 7}, {6}, {4, 5}, {1, 2}], [{8}, {4, 7}, {1, 6}, {5}, {2, 3}], [{8}, {4, 7}, {5, 6}, {2, 3}, {1}], [{8}, {4, 7}, {6}, {1, 5}, {2, 3}], [{8}, {4, 7}, {6}, {5}, {2, 3}, {1}], [{8}, {5, 7}, {1, 6}, {2, 4}, {3}], [{8}, {5, 7}, {2, 6}, {4}, {1, 3}], [{8}, {5, 7}, {4, 6}, {2, 3}, {1}], [{8}, {6, 7}, {4, 5}, {2, 3}, {1}], [{8}, {7}, {2, 6}, {3, 5}, {1, 4}], [{8}, {7}, {5, 6}, {1, 4}, {2, 3}], [{8}, {7}, {5, 6}, {4}, {2, 3}, {1}]]",2,- 8 K_1^2 - 8 K_1 K_2 + 4 K_1 - 4 K_2^2 + 4 K_2 + 4 K_3 + 2 K_4 + 7,O1O2O3O4U5U4U2O5O6U1O7U3U6O8U7U8,O1O2O3U2U4U1U5O6O7U6O8O4U7O5U8U3,O1O2O3U1U4O5U6O7O4U8O6O8U5U3U7U2,c,{'O1O2O3O4U5U6O5U7U2O6U4O7O8U3U1U8'},1,"<a href=""/flatknot/8.857660"">8.857660</a>",t^9-36t^7-68t^6+85t^5+240t^4+63t^3-102t^2-46t+2,-2t^2+4t,,
8.857661,O1O2O3O4U5U6O5U7U2O6U8O7O8U1U3U4,4,2z^3+37z^2+116z+101,2w^4z^3+37w^3z^2+116w^2z+101w,False,False,"[[ 0 -2  0  1  3 -1 -1 -1  1],[ 2  0  2  2  3  1  1  1  3],[ 0 -2  0 -1  0  0  1  1  1],[-1 -2  1  0  1 -2 -1 -1  0],[-3 -3  0 -1  0 -4 -3 -3 -2],[ 1 -1  0  2  4  0 -1 -1  2],[ 1 -1 -1  1  3  1  0 -1  1],[ 1 -1 -1  1  3  1  1  0  1],[-1 -3 -1  0  2 -2 -1 -1  0]]","[[ 0  3  1  1  0 -1 -1 -1 -2],[-3  0 -1 -2  0 -3 -3 -4 -3],[-1  1  0  0  1 -1 -1 -2 -2],[-1  2  0  0 -1 -1 -1 -2 -3],[ 0  0 -1  1  0  1  1  0 -2],[ 1  3  1  1 -1  0  1  1 -1],[ 1  3  1  1 -1 -1  0  1 -1],[ 1  4  2  2  0 -1 -1  0 -1],[ 2  3  2  3  2  1  1  1  0]]",True,"[-3,-1,-1,0,1,1,1,2,1,2,0,3,3,4,3,0,-1,1,1,2,2,1,1,1,2,3,-1,-1,0,2,-1,-1,1,-1,1,1]","[-3,-1,-1,0,1,1,1,2,0,1,3,0,1,1,2,0,0,0,1,1,0,2,0,1,1,1,1,2,2,0,-1,-1,0,-1,0,0]",t^8+87t^6+846t^4+505t^2+1,"[-2,-1,-1,-1,0,1,1,3,0,0,0,0,0,1,2,-1,-1,2,1,1,1,-1,2,1,1,1,1,0,0,0,0,2,3,0,0,1]","[-3,-1,-1,0,1,1,1,2,0,1,3,0,1,1,2,0,0,0,1,1,0,2,0,1,1,1,1,2,2,0,-1,-1,0,-1,0,0]","[-2,-1,-1,-1,0,1,1,3,1,1,1,2,2,3,3,-1,-1,0,2,2,4,-1,-1,1,1,3,-1,1,1,3,-1,1,0,0,1,2]",c,"[[{8, 1}, {2, 7}, {3, 6}, {4, 5}], [{8, 1}, {2, 7}, {4, 6}, {3, 5}], [{8, 1}, {2, 7}, {5, 6}, {3, 4}], [{8, 1}, {2, 7}, {5, 6}, {4}, {3}], [{8, 1}, {3, 7}, {2, 6}, {4, 5}], [{8, 1}, {3, 7}, {4, 6}, {2, 5}], [{8, 1}, {3, 7}, {5, 6}, {2, 4}], [{8, 1}, {3, 7}, {6}, {2, 5}, {4}], [{8, 1}, {4, 7}, {2, 6}, {3, 5}], [{8, 1}, {4, 7}, {3, 6}, {2, 5}], [{8, 1}, {4, 7}, {5, 6}, {2, 3}], [{8, 1}, {4, 7}, {6}, {5}, {2, 3}], [{8, 1}, {5, 7}, {2, 6}, {3, 4}], [{8, 1}, {5, 7}, {2, 6}, {4}, {3}], [{8, 1}, {5, 7}, {3, 6}, {2, 4}], [{8, 1}, {5, 7}, {4, 6}, {2, 3}], [{8, 1}, {6, 7}, {2, 5}, {3, 4}], [{8, 1}, {6, 7}, {3, 5}, {2, 4}], [{8, 1}, {6, 7}, {4, 5}, {2, 3}], [{8, 1}, {6, 7}, {4, 5}, {3}, {2}], [{8, 1}, {6, 7}, {5}, {4}, {2, 3}], [{8, 1}, {7}, {3, 6}, {5}, {2, 4}], [{8, 1}, {7}, {4, 6}, {2, 5}, {3}], [{8, 1}, {7}, {4, 6}, {3, 5}, {2}], [{8, 1}, {7}, {4, 6}, {5}, {2, 3}], [{8, 2}, {1, 7}, {3, 6}, {4, 5}], [{8, 2}, {1, 7}, {4, 6}, {3, 5}], [{8, 2}, {1, 7}, {5, 6}, {3, 4}], [{8, 2}, {3, 7}, {1, 6}, {4, 5}], [{8, 2}, {3, 7}, {4, 6}, {1, 5}], [{8, 2}, {3, 7}, {5, 6}, {1, 4}], [{8, 2}, {4, 7}, {1, 6}, {3, 5}], [{8, 2}, {4, 7}, {3, 6}, {1, 5}], [{8, 2}, {4, 7}, {5, 6}, {1, 3}], [{8, 2}, {4, 7}, {6}, {5}, {1, 3}], [{8, 2}, {5, 7}, {1, 6}, {3, 4}], [{8, 2}, {5, 7}, {3, 6}, {1, 4}], [{8, 2}, {5, 7}, {4, 6}, {1, 3}], [{8, 2}, {6, 7}, {1, 5}, {3, 4}], [{8, 2}, {6, 7}, {3, 5}, {1, 4}], [{8, 2}, {6, 7}, {4, 5}, {1, 3}], [{8, 2}, {6, 7}, {5}, {1, 4}, {3}], [{8, 3}, {1, 7}, {2, 6}, {4, 5}], [{8, 3}, {1, 7}, {4, 6}, {2, 5}], [{8, 3}, {1, 7}, {4, 6}, {5}, {2}], [{8, 3}, {1, 7}, {5, 6}, {2, 4}], [{8, 3}, {2, 7}, {1, 6}, {4, 5}], [{8, 3}, {2, 7}, {1, 6}, {5}, {4}], [{8, 3}, {2, 7}, {4, 6}, {1, 5}], [{8, 3}, {2, 7}, {4, 6}, {5}, {1}], [{8, 3}, {2, 7}, {5, 6}, {1, 4}], [{8, 3}, {2, 7}, {6}, {5}, {1, 4}], [{8, 3}, {4, 7}, {1, 6}, {2, 5}], [{8, 3}, {4, 7}, {1, 6}, {5}, {2}], [{8, 3}, {4, 7}, {2, 6}, {1, 5}], [{8, 3}, {4, 7}, {5, 6}, {1, 2}], [{8, 3}, {4, 7}, {6}, {2, 5}, {1}], [{8, 3}, {5, 7}, {1, 6}, {2, 4}], [{8, 3}, {5, 7}, {2, 6}, {1, 4}], [{8, 3}, {5, 7}, {4, 6}, {1, 2}], [{8, 3}, {6, 7}, {1, 5}, {2, 4}], [{8, 3}, {6, 7}, {2, 5}, {1, 4}], [{8, 3}, {6, 7}, {4, 5}, {1, 2}], [{8, 3}, {6, 7}, {5}, {1, 4}, {2}], [{8, 3}, {7}, {1, 6}, {5}, {2, 4}], [{8, 3}, {7}, {2, 6}, {5}, {1, 4}], [{8, 3}, {7}, {4, 6}, {5}, {1, 2}], [{8, 3}, {7}, {5, 6}, {2, 4}, {1}], [{8, 3}, {7}, {6}, {1, 5}, {2, 4}], [{8, 4}, {1, 7}, {2, 6}, {3, 5}], [{8, 4}, {1, 7}, {3, 6}, {2, 5}], [{8, 4}, {1, 7}, {5, 6}, {2, 3}], [{8, 4}, {1, 7}, {6}, {5}, {2, 3}], [{8, 4}, {2, 7}, {1, 6}, {3, 5}], [{8, 4}, {2, 7}, {3, 6}, {1, 5}], [{8, 4}, {2, 7}, {5, 6}, {1, 3}], [{8, 4}, {2, 7}, {5, 6}, {3}, {1}], [{8, 4}, {3, 7}, {1, 6}, {2, 5}], [{8, 4}, {3, 7}, {2, 6}, {1, 5}], [{8, 4}, {3, 7}, {5, 6}, {1, 2}], [{8, 4}, {5, 7}, {1, 6}, {2, 3}], [{8, 4}, {5, 7}, {2, 6}, {1, 3}], [{8, 4}, {5, 7}, {2, 6}, {3}, {1}], [{8, 4}, {5, 7}, {3, 6}, {1, 2}], [{8, 4}, {6, 7}, {1, 5}, {2, 3}], [{8, 4}, {6, 7}, {1, 5}, {3}, {2}], [{8, 4}, {6, 7}, {2, 5}, {1, 3}], [{8, 4}, {6, 7}, {3, 5}, {1, 2}], [{8, 4}, {6, 7}, {5}, {2, 3}, {1}], [{8, 4}, {7}, {1, 6}, {5}, {2, 3}], [{8, 4}, {7}, {3, 6}, {5}, {1, 2}], [{8, 5}, {1, 7}, {2, 6}, {3, 4}], [{8, 5}, {1, 7}, {2, 6}, {4}, {3}], [{8, 5}, {1, 7}, {3, 6}, {2, 4}], [{8, 5}, {1, 7}, {4, 6}, {2, 3}], [{8, 5}, {2, 7}, {1, 6}, {3, 4}], [{8, 5}, {2, 7}, {1, 6}, {4}, {3}], [{8, 5}, {2, 7}, {3, 6}, {1, 4}], [{8, 5}, {2, 7}, {4, 6}, {1, 3}], [{8, 5}, {2, 7}, {4, 6}, {3}, {1}], [{8, 5}, {2, 7}, {6}, {1, 4}, {3}], [{8, 5}, {3, 7}, {1, 6}, {2, 4}], [{8, 5}, {3, 7}, {2, 6}, {1, 4}], [{8, 5}, {3, 7}, {4, 6}, {1, 2}], [{8, 5}, {4, 7}, {1, 6}, {2, 3}], [{8, 5}, {4, 7}, {1, 6}, {3}, {2}], [{8, 5}, {4, 7}, {2, 6}, {1, 3}], [{8, 5}, {4, 7}, {2, 6}, {3}, {1}], [{8, 5}, {4, 7}, {3, 6}, {1, 2}], [{8, 5}, {4, 7}, {6}, {3}, {1, 2}], [{8, 5}, {6, 7}, {1, 4}, {2, 3}], [{8, 5}, {6, 7}, {1, 4}, {3}, {2}], [{8, 5}, {6, 7}, {2, 4}, {1, 3}], [{8, 5}, {6, 7}, {3, 4}, {1, 2}], [{8, 5}, {6, 7}, {4}, {2, 3}, {1}], [{8, 5}, {7}, {1, 6}, {2, 4}, {3}], [{8, 5}, {7}, {2, 6}, {1, 4}, {3}], [{8, 5}, {7}, {4, 6}, {1, 3}, {2}], [{8, 6}, {1, 7}, {2, 5}, {3, 4}], [{8, 6}, {1, 7}, {2, 5}, {4}, {3}], [{8, 6}, {1, 7}, {3, 5}, {2, 4}], [{8, 6}, {1, 7}, {4, 5}, {2, 3}], [{8, 6}, {1, 7}, {4, 5}, {3}, {2}], [{8, 6}, {1, 7}, {5}, {2, 4}, {3}], [{8, 6}, {2, 7}, {1, 5}, {3, 4}], [{8, 6}, {2, 7}, {3, 5}, {1, 4}], [{8, 6}, {2, 7}, {4, 5}, {1, 3}], [{8, 6}, {2, 7}, {5}, {1, 4}, {3}], [{8, 6}, {3, 7}, {1, 5}, {2, 4}], [{8, 6}, {3, 7}, {2, 5}, {1, 4}], [{8, 6}, {3, 7}, {4, 5}, {1, 2}], [{8, 6}, {4, 7}, {1, 5}, {2, 3}], [{8, 6}, {4, 7}, {2, 5}, {1, 3}], [{8, 6}, {4, 7}, {3, 5}, {1, 2}], [{8, 6}, {5, 7}, {1, 4}, {2, 3}], [{8, 6}, {5, 7}, {2, 4}, {1, 3}], [{8, 6}, {5, 7}, {3, 4}, {1, 2}], [{8, 6}, {5, 7}, {4}, {3}, {1, 2}], [{8, 7}, {1, 6}, {2, 5}, {3, 4}], [{8, 7}, {1, 6}, {3, 5}, {2, 4}], [{8, 7}, {1, 6}, {4, 5}, {2, 3}], [{8, 7}, {1, 6}, {5}, {2, 4}, {3}], [{8, 7}, {2, 6}, {1, 5}, {3, 4}], [{8, 7}, {2, 6}, {3, 5}, {1, 4}], [{8, 7}, {2, 6}, {4, 5}, {1, 3}], [{8, 7}, {2, 6}, {5}, {1, 4}, {3}], [{8, 7}, {3, 6}, {1, 5}, {2, 4}], [{8, 7}, {3, 6}, {2, 5}, {1, 4}], [{8, 7}, {3, 6}, {4, 5}, {1, 2}], [{8, 7}, {3, 6}, {5}, {4}, {1, 2}], [{8, 7}, {4, 6}, {1, 5}, {2, 3}], [{8, 7}, {4, 6}, {2, 5}, {1, 3}], [{8, 7}, {4, 6}, {3, 5}, {1, 2}], [{8, 7}, {5, 6}, {1, 4}, {2, 3}], [{8, 7}, {5, 6}, {2, 4}, {1, 3}], [{8, 7}, {5, 6}, {3, 4}, {1, 2}], [{8}, {1, 7}, {6}, {3, 5}, {2, 4}], [{8}, {2, 7}, {1, 6}, {3, 5}, {4}], [{8}, {2, 7}, {3, 6}, {1, 5}, {4}], [{8}, {2, 7}, {3, 6}, {4, 5}, {1}], [{8}, {2, 7}, {3, 6}, {5}, {1, 4}], [{8}, {2, 7}, {4, 6}, {3, 5}, {1}], [{8}, {2, 7}, {5, 6}, {1, 4}, {3}], [{8}, {2, 7}, {6}, {3, 5}, {1, 4}], [{8}, {2, 7}, {6}, {5}, {1, 4}, {3}], [{8}, {3, 7}, {1, 6}, {5}, {2, 4}], [{8}, {3, 7}, {2, 6}, {5}, {1, 4}], [{8}, {4, 7}, {1, 6}, {3, 5}, {2}], [{8}, {4, 7}, {3, 6}, {5}, {1, 2}], [{8}, {5, 7}, {1, 6}, {2, 4}, {3}], [{8}, {5, 7}, {2, 6}, {1, 4}, {3}], [{8}, {6, 7}, {1, 5}, {4}, {2, 3}], [{8}, {6, 7}, {2, 5}, {1, 4}, {3}], [{8}, {6, 7}, {3, 5}, {1, 4}, {2}], [{8}, {6, 7}, {3, 5}, {2, 4}, {1}], [{8}, {6, 7}, {3, 5}, {4}, {1, 2}], [{8}, {6, 7}, {4, 5}, {2, 3}, {1}], [{8}, {6, 7}, {5}, {1, 4}, {2, 3}], [{8}, {6, 7}, {5}, {1, 4}, {3}, {2}], [{8}, {7}, {1, 6}, {3, 5}, {2, 4}], [{8}, {7}, {2, 6}, {3, 5}, {1, 4}], [{8}, {7}, {2, 6}, {5}, {1, 4}, {3}]]",2,- 8 K_1^4 + 16 K_1^3 + 12 K_1^2 K_2 - 16 K_1^2 - 18 K_1 K_2 - 6 K_1 K_3 - 3 K_1 + 9 K_2 + 5 K_3 + K_4 + 9,O1O2O3O4U1U2U4O5O6U5O7U3U6O8U7U8,O1O2O3U1U4U2U3O5O6U5O7O4U6O8U7U8,O1O2O3U4U5O4U6O7O5U8O6O8U1U2U7U3,c,{'O1O2O3O4U5U6O5U7U2O6U8O7O8U1U3U4'},1,"<a href=""/flatknot/8.857661"">8.857661</a>",t^9-83t^7-364t^6-335t^5+382t^4+347t^3-88t^2+6t+6,-t^3+t^2+t,,
8.857662,O1O2O3O4U5U6O5U7U2O6U8O7O8U1U4U3,4,3z^3+41z^2+117z+95,3w^4z^3+41w^3z^2+117w^2z+95w,False,False,"[[ 0 -2  0  2  2 -1 -1 -1  1],[ 2  0  2  3  2  1  1  1  3],[ 0 -2  0  0 -1  0  1  1  1],[-2 -3  0  0  0 -3 -2 -2 -1],[-2 -2  1  0  0 -3 -2 -2 -1],[ 1 -1  0  3  3  0 -1 -1  2],[ 1 -1 -1  2  2  1  0 -1  1],[ 1 -1 -1  2  2  1  1  0  1],[-1 -3 -1  1  1 -2 -1 -1  0]]","[[ 0  2  2  1  0 -1 -1 -1 -2],[-2  0  0 -1  1 -2 -2 -3 -2],[-2  0  0 -1  0 -2 -2 -3 -3],[-1  1  1  0 -1 -1 -1 -2 -3],[ 0 -1  0  1  0  1  1  0 -2],[ 1  2  2  1 -1  0  1  1 -1],[ 1  2  2  1 -1 -1  0  1 -1],[ 1  3  3  2  0 -1 -1  0 -1],[ 2  2  3  3  2  1  1  1  0]]",True,"[-2,-2,-1,0,1,1,1,2,0,1,-1,2,2,3,2,1,0,2,2,3,3,1,1,1,2,3,-1,-1,0,2,-1,-1,1,-1,1,1]","[-2,-2,-1,0,1,1,1,2,0,0,2,0,1,1,1,0,3,0,1,1,2,0,0,1,1,0,1,2,2,0,-1,-1,0,-1,0,0]",t^8+78t^6+744t^4+442t^2+1,"[-2,-1,-1,-1,0,1,2,2,0,0,0,0,0,1,2,-1,-1,2,1,1,1,-1,2,1,1,1,1,0,0,0,0,2,3,0,0,0]","[-2,-2,-1,0,1,1,1,2,0,0,2,0,1,1,1,0,3,0,1,1,2,0,0,1,1,0,1,2,2,0,-1,-1,0,-1,0,0]","[-2,-1,-1,-1,0,1,2,2,1,1,1,2,3,2,3,-1,-1,0,2,3,3,-1,-1,1,2,2,-1,1,2,2,1,-1,0,1,1,0]",c,"[[{8, 1}, {2, 7}, {3, 6}, {4, 5}], [{8, 1}, {2, 7}, {4, 6}, {3, 5}], [{8, 1}, {2, 7}, {5, 6}, {3, 4}], [{8, 1}, {3, 7}, {2, 6}, {4, 5}], [{8, 1}, {3, 7}, {4, 6}, {2, 5}], [{8, 1}, {3, 7}, {5, 6}, {2, 4}], [{8, 1}, {3, 7}, {6}, {5}, {2, 4}], [{8, 1}, {4, 7}, {2, 6}, {3, 5}], [{8, 1}, {4, 7}, {3, 6}, {2, 5}], [{8, 1}, {4, 7}, {5, 6}, {2, 3}], [{8, 1}, {4, 7}, {6}, {2, 5}, {3}], [{8, 1}, {5, 7}, {2, 6}, {3, 4}], [{8, 1}, {5, 7}, {2, 6}, {4}, {3}], [{8, 1}, {5, 7}, {3, 6}, {2, 4}], [{8, 1}, {5, 7}, {4, 6}, {2, 3}], [{8, 1}, {6, 7}, {2, 5}, {3, 4}], [{8, 1}, {6, 7}, {3, 5}, {2, 4}], [{8, 1}, {6, 7}, {4, 5}, {2, 3}], [{8, 1}, {6, 7}, {4, 5}, {3}, {2}], [{8, 1}, {7}, {3, 6}, {2, 5}, {4}], [{8, 1}, {7}, {4, 6}, {3, 5}, {2}], [{8, 2}, {1, 7}, {3, 6}, {4, 5}], [{8, 2}, {1, 7}, {4, 6}, {3, 5}], [{8, 2}, {1, 7}, {5, 6}, {3, 4}], [{8, 2}, {1, 7}, {5, 6}, {4}, {3}], [{8, 2}, {3, 7}, {1, 6}, {4, 5}], [{8, 2}, {3, 7}, {4, 6}, {1, 5}], [{8, 2}, {3, 7}, {5, 6}, {1, 4}], [{8, 2}, {4, 7}, {1, 6}, {3, 5}], [{8, 2}, {4, 7}, {3, 6}, {1, 5}], [{8, 2}, {4, 7}, {5, 6}, {1, 3}], [{8, 2}, {5, 7}, {1, 6}, {3, 4}], [{8, 2}, {5, 7}, {3, 6}, {1, 4}], [{8, 2}, {5, 7}, {4, 6}, {1, 3}], [{8, 2}, {6, 7}, {1, 5}, {3, 4}], [{8, 2}, {6, 7}, {3, 5}, {1, 4}], [{8, 2}, {6, 7}, {4, 5}, {1, 3}], [{8, 3}, {1, 7}, {2, 6}, {4, 5}], [{8, 3}, {1, 7}, {4, 6}, {2, 5}], [{8, 3}, {1, 7}, {5, 6}, {2, 4}], [{8, 3}, {2, 7}, {1, 6}, {4, 5}], [{8, 3}, {2, 7}, {4, 6}, {1, 5}], [{8, 3}, {2, 7}, {5, 6}, {1, 4}], [{8, 3}, {2, 7}, {6}, {5}, {1, 4}], [{8, 3}, {4, 7}, {1, 6}, {2, 5}], [{8, 3}, {4, 7}, {2, 6}, {1, 5}], [{8, 3}, {4, 7}, {5, 6}, {1, 2}], [{8, 3}, {5, 7}, {1, 6}, {2, 4}], [{8, 3}, {5, 7}, {2, 6}, {1, 4}], [{8, 3}, {5, 7}, {4, 6}, {1, 2}], [{8, 3}, {6, 7}, {1, 5}, {2, 4}], [{8, 3}, {6, 7}, {2, 5}, {1, 4}], [{8, 3}, {6, 7}, {4, 5}, {1, 2}], [{8, 3}, {6, 7}, {4, 5}, {2}, {1}], [{8, 4}, {1, 7}, {2, 6}, {3, 5}], [{8, 4}, {1, 7}, {3, 6}, {2, 5}], [{8, 4}, {1, 7}, {3, 6}, {5}, {2}], [{8, 4}, {1, 7}, {5, 6}, {2, 3}], [{8, 4}, {2, 7}, {1, 6}, {3, 5}], [{8, 4}, {2, 7}, {3, 6}, {1, 5}], [{8, 4}, {2, 7}, {5, 6}, {1, 3}], [{8, 4}, {3, 7}, {1, 6}, {2, 5}], [{8, 4}, {3, 7}, {1, 6}, {5}, {2}], [{8, 4}, {3, 7}, {2, 6}, {1, 5}], [{8, 4}, {3, 7}, {5, 6}, {1, 2}], [{8, 4}, {5, 7}, {1, 6}, {2, 3}], [{8, 4}, {5, 7}, {2, 6}, {1, 3}], [{8, 4}, {5, 7}, {3, 6}, {1, 2}], [{8, 4}, {5, 7}, {6}, {3}, {1, 2}], [{8, 4}, {6, 7}, {1, 5}, {2, 3}], [{8, 4}, {6, 7}, {2, 5}, {1, 3}], [{8, 4}, {6, 7}, {3, 5}, {1, 2}], [{8, 4}, {6, 7}, {5}, {1, 3}, {2}], [{8, 5}, {1, 7}, {2, 6}, {3, 4}], [{8, 5}, {1, 7}, {3, 6}, {2, 4}], [{8, 5}, {1, 7}, {4, 6}, {2, 3}], [{8, 5}, {2, 7}, {1, 6}, {3, 4}], [{8, 5}, {2, 7}, {3, 6}, {1, 4}], [{8, 5}, {2, 7}, {4, 6}, {1, 3}], [{8, 5}, {2, 7}, {6}, {4}, {1, 3}], [{8, 5}, {3, 7}, {1, 6}, {2, 4}], [{8, 5}, {3, 7}, {1, 6}, {4}, {2}], [{8, 5}, {3, 7}, {2, 6}, {1, 4}], [{8, 5}, {3, 7}, {4, 6}, {1, 2}], [{8, 5}, {4, 7}, {1, 6}, {2, 3}], [{8, 5}, {4, 7}, {2, 6}, {1, 3}], [{8, 5}, {4, 7}, {3, 6}, {1, 2}], [{8, 5}, {4, 7}, {6}, {1, 3}, {2}], [{8, 5}, {6, 7}, {1, 4}, {2, 3}], [{8, 5}, {6, 7}, {2, 4}, {1, 3}], [{8, 5}, {6, 7}, {3, 4}, {1, 2}], [{8, 5}, {6, 7}, {4}, {1, 3}, {2}], [{8, 5}, {6, 7}, {4}, {2, 3}, {1}], [{8, 5}, {6, 7}, {4}, {3}, {1, 2}], [{8, 5}, {7}, {2, 6}, {4}, {1, 3}], [{8, 5}, {7}, {4, 6}, {1, 3}, {2}], [{8, 5}, {7}, {6}, {1, 4}, {2, 3}], [{8, 5}, {7}, {6}, {2, 4}, {1, 3}], [{8, 6}, {1, 7}, {2, 5}, {3, 4}], [{8, 6}, {1, 7}, {2, 5}, {4}, {3}], [{8, 6}, {1, 7}, {3, 5}, {2, 4}], [{8, 6}, {1, 7}, {4, 5}, {2, 3}], [{8, 6}, {1, 7}, {4, 5}, {3}, {2}], [{8, 6}, {1, 7}, {5}, {2, 4}, {3}], [{8, 6}, {2, 7}, {1, 5}, {3, 4}], [{8, 6}, {2, 7}, {3, 5}, {1, 4}], [{8, 6}, {2, 7}, {4, 5}, {1, 3}], [{8, 6}, {2, 7}, {5}, {1, 4}, {3}], [{8, 6}, {3, 7}, {1, 5}, {2, 4}], [{8, 6}, {3, 7}, {2, 5}, {1, 4}], [{8, 6}, {3, 7}, {4, 5}, {1, 2}], [{8, 6}, {4, 7}, {1, 5}, {2, 3}], [{8, 6}, {4, 7}, {2, 5}, {1, 3}], [{8, 6}, {4, 7}, {3, 5}, {1, 2}], [{8, 6}, {5, 7}, {1, 4}, {2, 3}], [{8, 6}, {5, 7}, {2, 4}, {1, 3}], [{8, 6}, {5, 7}, {3, 4}, {1, 2}], [{8, 6}, {5, 7}, {4}, {3}, {1, 2}], [{8, 7}, {1, 6}, {2, 5}, {3, 4}], [{8, 7}, {1, 6}, {3, 5}, {2, 4}], [{8, 7}, {1, 6}, {4, 5}, {2, 3}], [{8, 7}, {1, 6}, {5}, {2, 4}, {3}], [{8, 7}, {2, 6}, {1, 5}, {3, 4}], [{8, 7}, {2, 6}, {1, 5}, {4}, {3}], [{8, 7}, {2, 6}, {3, 5}, {1, 4}], [{8, 7}, {2, 6}, {4, 5}, {1, 3}], [{8, 7}, {3, 6}, {1, 5}, {2, 4}], [{8, 7}, {3, 6}, {2, 5}, {1, 4}], [{8, 7}, {3, 6}, {4, 5}, {1, 2}], [{8, 7}, {4, 6}, {1, 5}, {2, 3}], [{8, 7}, {4, 6}, {2, 5}, {1, 3}], [{8, 7}, {4, 6}, {3, 5}, {1, 2}], [{8, 7}, {4, 6}, {3, 5}, {2}, {1}], [{8, 7}, {5, 6}, {1, 4}, {2, 3}], [{8, 7}, {5, 6}, {2, 4}, {1, 3}], [{8, 7}, {5, 6}, {3, 4}, {1, 2}], [{8}, {1, 7}, {2, 6}, {3, 5}, {4}], [{8}, {1, 7}, {4, 6}, {3, 5}, {2}], [{8}, {1, 7}, {6}, {3, 5}, {2, 4}], [{8}, {2, 7}, {1, 6}, {3, 5}, {4}], [{8}, {2, 7}, {3, 6}, {5}, {1, 4}], [{8}, {2, 7}, {4, 6}, {1, 5}, {3}], [{8}, {3, 7}, {1, 6}, {4, 5}, {2}], [{8}, {3, 7}, {2, 6}, {5}, {1, 4}], [{8}, {3, 7}, {4, 6}, {1, 5}, {2}], [{8}, {3, 7}, {5, 6}, {1, 4}, {2}], [{8}, {3, 7}, {6}, {2, 5}, {1, 4}], [{8}, {4, 7}, {1, 6}, {5}, {2, 3}], [{8}, {5, 7}, {3, 6}, {2, 4}, {1}], [{8}, {5, 7}, {4, 6}, {3}, {1, 2}], [{8}, {6, 7}, {1, 5}, {2, 4}, {3}], [{8}, {6, 7}, {4, 5}, {1, 3}, {2}], [{8}, {7}, {4, 6}, {1, 5}, {2, 3}]]",2,- 8 K_1^4 + 12 K_1^3 + 12 K_1^2 K_2 - 2 K_1^2 - 12 K_1 K_2 - 4 K_1 K_3 - 3 K_1 - 2 K_2^2 + K_2 + 3 K_3 + K_4 + 3,O1O2O3O4U2U1U4O5O6U5O7U3U6O8U7U8,O1O2O3U1U4U3U2O5O6U5O7O4U6O8U7U8,O1O2O3U4U5O4U6O7O5U8O6O8U2U1U7U3,c,{'O1O2O3O4U5U6O5U7U2O6U8O7O8U1U4U3'},1,"<a href=""/flatknot/8.857662"">8.857662</a>",t^9-76t^7-300t^6-241t^5+294t^4+264t^3-102t^2-52t+4,-t^2+2t,,
8.857663,O1O2O3O4U5U6O5U7U2O6U8O7O8U3U1U4,4,z^3+17z^2+99z+139,w^4z^3+17w^3z^2+99w^2z+139w,False,False,"[[ 0 -1  0  0  3 -1 -1 -1  1],[ 1  0  1  1  3  0  0  0  2],[ 0 -1  0 -1  0  0  1  1  1],[ 0 -1  1  0  1 -1  0  0  1],[-3 -3  0 -1  0 -4 -3 -3 -2],[ 1  0  0  1  4  0 -1 -1  2],[ 1  0 -1  0  3  1  0 -1  1],[ 1  0 -1  0  3  1  1  0  1],[-1 -2 -1 -1  2 -2 -1 -1  0]]","[[ 0  3  1  0  0 -1 -1 -1 -1],[-3  0 -2  0 -1 -3 -3 -3 -4],[-1  2  0 -1 -1 -1 -1 -2 -2],[ 0  0  1  0 -1  1  1 -1  0],[ 0  1  1  1  0  0  0 -1 -1],[ 1  3  1 -1  0  0  1  0  1],[ 1  3  1 -1  0 -1  0  0  1],[ 1  3  2  1  1  0  0  0  0],[ 1  4  2  0  1 -1 -1  0  0]]",True,"[-3,-1,0,0,1,1,1,1,2,0,1,3,3,3,4,1,1,1,1,2,2,1,-1,-1,1,0,0,0,1,1,-1,0,-1,0,-1,0]","[-3,-1,0,0,1,1,1,1,0,2,3,0,1,1,1,0,0,0,0,1,1,1,0,0,1,1,1,0,2,2,0,-1,-1,0,0,-1]",t^8+69t^6+510t^4+229t^2+1,"[-1,-1,-1,-1,0,0,1,3,-1,-1,0,1,2,1,1,-1,0,1,2,1,1,0,0,1,0,0,0,0,0,1,-1,0,2,0,3,0]","[-3,-1,0,0,1,1,1,1,0,2,3,0,1,1,1,0,0,0,0,1,1,1,0,0,1,1,1,0,2,2,0,-1,-1,0,0,-1]","[-1,-1,-1,-1,0,0,1,3,-1,-1,0,0,1,2,4,-1,0,-1,0,1,3,0,-1,0,1,3,1,1,2,3,-1,1,0,1,1,2]",c,"[[{8, 3}, {5, 7}, {1, 6}, {2, 4}]]",1,12 K_1^3 + 4 K_1^2 K_2 - 28 K_1^2 - 26 K_1 K_2 - 4 K_1 K_3 + 4 K_1 + 14 K_2 + 10 K_3 + K_4 + 14,O1O2O3O4U1U4U2O5O6U5O7U3U6O8U7U8,O1O2O3U2U4U1U3O5O6U5O7O4U6O8U7U8,O1O2O3U4U5O4U6O7O5U8O6O8U1U3U7U2,c,{'O1O2O3O4U5U6O5U7U2O6U8O7O8U3U1U4'},1,"<a href=""/flatknot/8.857663"">8.857663</a>",t^9-63t^7-192t^6-12t^5+412t^4+376t^3+158t^2+64t-12,-t^3+3t,,
8.857664,O1O2O3O4U5U6O5U7U2O6U8O7O8U4U1U3,4,3z^2+56z+101,3w^3z^2+56w^2z+101w,False,False,"[[ 0 -1  0  2  1 -1 -1 -1  1],[ 1  0  1  2  1  0  0  0  2],[ 0 -1  0  0 -1  0  1  1  1],[-2 -2  0  0  0 -3 -2 -2 -1],[-1 -1  1  0  0 -2 -1 -1  0],[ 1  0  0  3  2  0 -1 -1  2],[ 1  0 -1  2  1  1  0 -1  1],[ 1  0 -1  2  1  1  1  0  1],[-1 -2 -1  1  0 -2 -1 -1  0]]","[[ 0  2  1  1  0 -1 -1 -1 -1],[-2  0  0 -1  0 -2 -2 -2 -3],[-1  0  0  0  1 -1 -1 -1 -2],[-1  1  0  0 -1 -1 -1 -2 -2],[ 0  0 -1  1  0  1  1 -1  0],[ 1  2  1  1 -1  0  1  0  1],[ 1  2  1  1 -1 -1  0  0  1],[ 1  2  1  2  1  0  0  0  0],[ 1  3  2  2  0 -1 -1  0  0]]",True,"[-2,-1,-1,0,1,1,1,1,0,1,0,2,2,2,3,0,-1,1,1,1,2,1,1,1,2,2,-1,-1,1,0,-1,0,-1,0,-1,0]","[-2,-1,-1,0,1,1,1,1,0,1,0,2,2,2,3,0,-1,1,1,1,2,1,1,1,2,2,-1,-1,1,0,-1,0,-1,0,-1,0]",t^8+47t^6+274t^4+101t^2+1,"[-1,-1,-1,-1,0,1,1,2,-1,-1,0,2,1,1,1,-1,0,2,1,1,1,0,1,0,0,0,0,0,1,1,0,2,2,0,0,1]","[-2,-1,-1,0,1,1,1,1,0,1,2,0,1,1,1,0,0,0,0,1,1,2,0,1,1,1,1,0,2,2,0,-1,-1,0,0,-1]","[-1,-1,-1,-1,0,1,1,2,-1,-1,0,0,2,2,3,-1,0,-1,1,1,2,0,-1,1,1,2,1,1,2,2,-1,1,0,0,0,1]",c,"[[{8, 1}, {2, 7}, {3, 6}, {4, 5}], [{8, 1}, {2, 7}, {4, 6}, {3, 5}], [{8, 1}, {2, 7}, {5, 6}, {3, 4}], [{8, 1}, {2, 7}, {6}, {3, 5}, {4}], [{8, 1}, {3, 7}, {2, 6}, {4, 5}], [{8, 1}, {3, 7}, {2, 6}, {5}, {4}], [{8, 1}, {3, 7}, {4, 6}, {2, 5}], [{8, 1}, {3, 7}, {4, 6}, {5}, {2}], [{8, 1}, {3, 7}, {5, 6}, {2, 4}], [{8, 1}, {3, 7}, {6}, {5}, {2, 4}], [{8, 1}, {4, 7}, {2, 6}, {3, 5}], [{8, 1}, {4, 7}, {3, 6}, {2, 5}], [{8, 1}, {4, 7}, {3, 6}, {5}, {2}], [{8, 1}, {4, 7}, {5, 6}, {2, 3}], [{8, 1}, {4, 7}, {5, 6}, {3}, {2}], [{8, 1}, {4, 7}, {6}, {3, 5}, {2}], [{8, 1}, {5, 7}, {2, 6}, {3, 4}], [{8, 1}, {5, 7}, {2, 6}, {4}, {3}], [{8, 1}, {5, 7}, {3, 6}, {2, 4}], [{8, 1}, {5, 7}, {4, 6}, {2, 3}], [{8, 1}, {5, 7}, {4, 6}, {3}, {2}], [{8, 1}, {5, 7}, {6}, {2, 4}, {3}], [{8, 1}, {6, 7}, {2, 5}, {3, 4}], [{8, 1}, {6, 7}, {2, 5}, {4}, {3}], [{8, 1}, {6, 7}, {3, 5}, {2, 4}], [{8, 1}, {6, 7}, {3, 5}, {4}, {2}], [{8, 1}, {6, 7}, {4, 5}, {2, 3}], [{8, 1}, {6, 7}, {5}, {4}, {2, 3}], [{8, 1}, {7}, {2, 6}, {3, 5}, {4}], [{8, 1}, {7}, {4, 6}, {3, 5}, {2}], [{8, 1}, {7}, {6}, {3, 5}, {2, 4}], [{8, 2}, {1, 7}, {3, 6}, {4, 5}], [{8, 2}, {1, 7}, {4, 6}, {3, 5}], [{8, 2}, {1, 7}, {4, 6}, {5}, {3}], [{8, 2}, {1, 7}, {5, 6}, {3, 4}], [{8, 2}, {3, 7}, {1, 6}, {4, 5}], [{8, 2}, {3, 7}, {4, 6}, {1, 5}], [{8, 2}, {3, 7}, {5, 6}, {1, 4}], [{8, 2}, {4, 7}, {1, 6}, {3, 5}], [{8, 2}, {4, 7}, {1, 6}, {5}, {3}], [{8, 2}, {4, 7}, {3, 6}, {1, 5}], [{8, 2}, {4, 7}, {5, 6}, {1, 3}], [{8, 2}, {5, 7}, {1, 6}, {3, 4}], [{8, 2}, {5, 7}, {3, 6}, {1, 4}], [{8, 2}, {5, 7}, {4, 6}, {1, 3}], [{8, 2}, {5, 7}, {6}, {4}, {1, 3}], [{8, 2}, {6, 7}, {1, 5}, {3, 4}], [{8, 2}, {6, 7}, {1, 5}, {4}, {3}], [{8, 2}, {6, 7}, {3, 5}, {1, 4}], [{8, 2}, {6, 7}, {3, 5}, {4}, {1}], [{8, 2}, {6, 7}, {4, 5}, {1, 3}], [{8, 2}, {6, 7}, {4, 5}, {3}, {1}], [{8, 2}, {6, 7}, {5}, {1, 4}, {3}], [{8, 2}, {6, 7}, {5}, {3, 4}, {1}], [{8, 2}, {6, 7}, {5}, {4}, {1, 3}], [{8, 2}, {6, 7}, {5}, {4}, {3}, {1}], [{8, 2}, {7}, {5, 6}, {4}, {1, 3}], [{8, 3}, {1, 7}, {2, 6}, {4, 5}], [{8, 3}, {1, 7}, {2, 6}, {5}, {4}], [{8, 3}, {1, 7}, {4, 6}, {2, 5}], [{8, 3}, {1, 7}, {5, 6}, {2, 4}], [{8, 3}, {2, 7}, {1, 6}, {4, 5}], [{8, 3}, {2, 7}, {4, 6}, {1, 5}], [{8, 3}, {2, 7}, {5, 6}, {1, 4}], [{8, 3}, {2, 7}, {6}, {1, 5}, {4}], [{8, 3}, {4, 7}, {1, 6}, {2, 5}], [{8, 3}, {4, 7}, {2, 6}, {1, 5}], [{8, 3}, {4, 7}, {5, 6}, {1, 2}], [{8, 3}, {4, 7}, {6}, {5}, {1, 2}], [{8, 3}, {5, 7}, {1, 6}, {2, 4}], [{8, 3}, {5, 7}, {2, 6}, {1, 4}], [{8, 3}, {5, 7}, {2, 6}, {4}, {1}], [{8, 3}, {5, 7}, {4, 6}, {1, 2}], [{8, 3}, {6, 7}, {1, 5}, {2, 4}], [{8, 3}, {6, 7}, {1, 5}, {4}, {2}], [{8, 3}, {6, 7}, {2, 5}, {1, 4}], [{8, 3}, {6, 7}, {2, 5}, {4}, {1}], [{8, 3}, {6, 7}, {4, 5}, {1, 2}], [{8, 3}, {6, 7}, {5}, {4}, {1, 2}], [{8, 3}, {7}, {2, 6}, {1, 5}, {4}], [{8, 3}, {7}, {4, 6}, {5}, {1, 2}], [{8, 3}, {7}, {5, 6}, {2, 4}, {1}], [{8, 4}, {1, 7}, {2, 6}, {3, 5}], [{8, 4}, {1, 7}, {3, 6}, {2, 5}], [{8, 4}, {1, 7}, {5, 6}, {2, 3}], [{8, 4}, {1, 7}, {5, 6}, {3}, {2}], [{8, 4}, {2, 7}, {1, 6}, {3, 5}], [{8, 4}, {2, 7}, {3, 6}, {1, 5}], [{8, 4}, {2, 7}, {5, 6}, {1, 3}], [{8, 4}, {2, 7}, {6}, {5}, {1, 3}], [{8, 4}, {3, 7}, {1, 6}, {2, 5}], [{8, 4}, {3, 7}, {2, 6}, {1, 5}], [{8, 4}, {3, 7}, {5, 6}, {1, 2}], [{8, 4}, {5, 7}, {1, 6}, {2, 3}], [{8, 4}, {5, 7}, {1, 6}, {3}, {2}], [{8, 4}, {5, 7}, {2, 6}, {1, 3}], [{8, 4}, {5, 7}, {2, 6}, {3}, {1}], [{8, 4}, {5, 7}, {3, 6}, {1, 2}], [{8, 4}, {5, 7}, {6}, {3}, {1, 2}], [{8, 4}, {6, 7}, {1, 5}, {2, 3}], [{8, 4}, {6, 7}, {2, 5}, {1, 3}], [{8, 4}, {6, 7}, {2, 5}, {3}, {1}], [{8, 4}, {6, 7}, {3, 5}, {1, 2}], [{8, 4}, {6, 7}, {5}, {1, 3}, {2}], [{8, 4}, {7}, {1, 6}, {5}, {2, 3}], [{8, 4}, {7}, {2, 6}, {5}, {1, 3}], [{8, 4}, {7}, {3, 6}, {5}, {1, 2}], [{8, 4}, {7}, {5, 6}, {2, 3}, {1}], [{8, 4}, {7}, {6}, {1, 5}, {2, 3}], [{8, 5}, {1, 7}, {2, 6}, {3, 4}], [{8, 5}, {1, 7}, {2, 6}, {4}, {3}], [{8, 5}, {1, 7}, {3, 6}, {2, 4}], [{8, 5}, {1, 7}, {4, 6}, {2, 3}], [{8, 5}, {2, 7}, {1, 6}, {3, 4}], [{8, 5}, {2, 7}, {1, 6}, {4}, {3}], [{8, 5}, {2, 7}, {3, 6}, {1, 4}], [{8, 5}, {2, 7}, {3, 6}, {4}, {1}], [{8, 5}, {2, 7}, {4, 6}, {1, 3}], [{8, 5}, {2, 7}, {4, 6}, {3}, {1}], [{8, 5}, {2, 7}, {6}, {1, 4}, {3}], [{8, 5}, {2, 7}, {6}, {3, 4}, {1}], [{8, 5}, {2, 7}, {6}, {4}, {1, 3}], [{8, 5}, {2, 7}, {6}, {4}, {3}, {1}], [{8, 5}, {3, 7}, {1, 6}, {2, 4}], [{8, 5}, {3, 7}, {2, 6}, {1, 4}], [{8, 5}, {3, 7}, {2, 6}, {4}, {1}], [{8, 5}, {3, 7}, {4, 6}, {1, 2}], [{8, 5}, {3, 7}, {6}, {1, 4}, {2}], [{8, 5}, {4, 7}, {1, 6}, {2, 3}], [{8, 5}, {4, 7}, {2, 6}, {1, 3}], [{8, 5}, {4, 7}, {2, 6}, {3}, {1}], [{8, 5}, {4, 7}, {3, 6}, {1, 2}], [{8, 5}, {6, 7}, {1, 4}, {2, 3}], [{8, 5}, {6, 7}, {1, 4}, {3}, {2}], [{8, 5}, {6, 7}, {2, 4}, {1, 3}], [{8, 5}, {6, 7}, {2, 4}, {3}, {1}], [{8, 5}, {6, 7}, {3, 4}, {1, 2}], [{8, 5}, {6, 7}, {3, 4}, {2}, {1}], [{8, 5}, {6, 7}, {4}, {1, 3}, {2}], [{8, 5}, {6, 7}, {4}, {2, 3}, {1}], [{8, 5}, {6, 7}, {4}, {3}, {1, 2}], [{8, 5}, {6, 7}, {4}, {3}, {2}, {1}], [{8, 5}, {7}, {2, 6}, {1, 4}, {3}], [{8, 5}, {7}, {2, 6}, {3, 4}, {1}], [{8, 5}, {7}, {2, 6}, {4}, {1, 3}], [{8, 5}, {7}, {2, 6}, {4}, {3}, {1}], [{8, 5}, {7}, {3, 6}, {1, 4}, {2}], [{8, 5}, {7}, {6}, {1, 4}, {2, 3}], [{8, 6}, {1, 7}, {2, 5}, {3, 4}], [{8, 6}, {1, 7}, {3, 5}, {2, 4}], [{8, 6}, {1, 7}, {4, 5}, {2, 3}], [{8, 6}, {1, 7}, {5}, {3, 4}, {2}], [{8, 6}, {2, 7}, {1, 5}, {3, 4}], [{8, 6}, {2, 7}, {3, 5}, {1, 4}], [{8, 6}, {2, 7}, {4, 5}, {1, 3}], [{8, 6}, {2, 7}, {5}, {4}, {1, 3}], [{8, 6}, {3, 7}, {1, 5}, {2, 4}], [{8, 6}, {3, 7}, {2, 5}, {1, 4}], [{8, 6}, {3, 7}, {4, 5}, {1, 2}], [{8, 6}, {3, 7}, {5}, {2, 4}, {1}], [{8, 6}, {4, 7}, {1, 5}, {2, 3}], [{8, 6}, {4, 7}, {2, 5}, {1, 3}], [{8, 6}, {4, 7}, {3, 5}, {1, 2}], [{8, 6}, {4, 7}, {5}, {2, 3}, {1}], [{8, 6}, {5, 7}, {1, 4}, {2, 3}], [{8, 6}, {5, 7}, {2, 4}, {1, 3}], [{8, 6}, {5, 7}, {3, 4}, {1, 2}], [{8, 6}, {5, 7}, {4}, {1, 3}, {2}], [{8, 6}, {7}, {2, 5}, {4}, {1, 3}], [{8, 6}, {7}, {3, 5}, {4}, {1, 2}], [{8, 7}, {1, 6}, {2, 5}, {3, 4}], [{8, 7}, {1, 6}, {3, 5}, {2, 4}], [{8, 7}, {1, 6}, {3, 5}, {4}, {2}], [{8, 7}, {1, 6}, {4, 5}, {2, 3}], [{8, 7}, {2, 6}, {1, 5}, {3, 4}], [{8, 7}, {2, 6}, {1, 5}, {4}, {3}], [{8, 7}, {2, 6}, {3, 5}, {1, 4}], [{8, 7}, {2, 6}, {3, 5}, {4}, {1}], [{8, 7}, {2, 6}, {4, 5}, {1, 3}], [{8, 7}, {2, 6}, {4, 5}, {3}, {1}], [{8, 7}, {2, 6}, {5}, {1, 4}, {3}], [{8, 7}, {2, 6}, {5}, {3, 4}, {1}], [{8, 7}, {2, 6}, {5}, {4}, {1, 3}], [{8, 7}, {2, 6}, {5}, {4}, {3}, {1}], [{8, 7}, {3, 6}, {1, 5}, {2, 4}], [{8, 7}, {3, 6}, {2, 5}, {1, 4}], [{8, 7}, {3, 6}, {4, 5}, {1, 2}], [{8, 7}, {3, 6}, {5}, {2, 4}, {1}], [{8, 7}, {4, 6}, {1, 5}, {2, 3}], [{8, 7}, {4, 6}, {2, 5}, {1, 3}], [{8, 7}, {4, 6}, {3, 5}, {1, 2}], [{8, 7}, {4, 6}, {5}, {2, 3}, {1}], [{8, 7}, {5, 6}, {1, 4}, {2, 3}], [{8, 7}, {5, 6}, {2, 4}, {1, 3}], [{8, 7}, {5, 6}, {3, 4}, {1, 2}], [{8, 7}, {5, 6}, {4}, {1, 3}, {2}], [{8, 7}, {6}, {2, 5}, {4}, {1, 3}], [{8, 7}, {6}, {3, 5}, {4}, {1, 2}], [{8}, {1, 7}, {2, 6}, {3, 5}, {4}], [{8}, {1, 7}, {3, 6}, {4, 5}, {2}], [{8}, {1, 7}, {5, 6}, {4}, {2, 3}], [{8}, {2, 7}, {4, 6}, {5}, {1, 3}], [{8}, {2, 7}, {5, 6}, {4}, {1, 3}], [{8}, {2, 7}, {6}, {4, 5}, {1, 3}], [{8}, {2, 7}, {6}, {5}, {4}, {1, 3}], [{8}, {3, 7}, {1, 6}, {5}, {2, 4}], [{8}, {3, 7}, {2, 6}, {1, 5}, {4}], [{8}, {3, 7}, {4, 6}, {2, 5}, {1}], [{8}, {4, 7}, {2, 6}, {5}, {1, 3}], [{8}, {4, 7}, {3, 6}, {2, 5}, {1}], [{8}, {5, 7}, {2, 6}, {1, 4}, {3}], [{8}, {5, 7}, {2, 6}, {3, 4}, {1}], [{8}, {5, 7}, {2, 6}, {4}, {1, 3}], [{8}, {5, 7}, {2, 6}, {4}, {3}, {1}], [{8}, {6, 7}, {1, 5}, {4}, {2, 3}], [{8}, {6, 7}, {2, 5}, {1, 4}, {3}], [{8}, {6, 7}, {2, 5}, {3, 4}, {1}], [{8}, {6, 7}, {2, 5}, {4}, {1, 3}], [{8}, {6, 7}, {2, 5}, {4}, {3}, {1}], [{8}, {6, 7}, {3, 5}, {4}, {1, 2}], [{8}, {6, 7}, {4, 5}, {1, 3}, {2}], [{8}, {6, 7}, {5}, {2, 4}, {1, 3}], [{8}, {6, 7}, {5}, {4}, {1, 3}, {2}], [{8}, {7}, {2, 6}, {4, 5}, {1, 3}], [{8}, {7}, {2, 6}, {5}, {4}, {1, 3}]]",2,4 K_1^3 - 18 K_1^2 - 8 K_1 K_2 + K_1 + 9 K_2 + 3 K_3 + 10,O1O2O3O4U2U4U1O5O6U5O7U3U6O8U7U8,O1O2O3U2U4U3U1O5O6U5O7O4U6O8U7U8,O1O2O3U4U5O4U6O7O5U8O6O8U3U1U7U2,c,"{'O1O2O3U4U5O4U6U1O5U7O6O7U8U2O8U3', 'O1O2O3O4U5U6O5U7U2O6U8O7O8U4U1U3'}",2,"<a href=""/flatknot/8.857664"">8.857664</a>",t^9-45t^7-100t^6+47t^5+162t^4+7t^3-42t^2+6t-4,-t^2+2t,,
8.857665,O1O2O3O4U5U6O5U7U3O6U1O7O8U2U4U8,4,12z^2+97z+147,12w^3z^2+97w^2z+147w,False,False,"[[ 0 -1 -1  1  2 -1 -1 -1  2],[ 1  0  0  1  2  0  1  1  2],[ 1  0  0  2  2  0  0  1  2],[-1 -1 -2  0 -1 -1  0  0  1],[-2 -2 -2  1  0 -3 -2 -1  1],[ 1  0  0  1  3  0 -1 -1  2],[ 1 -1  0  0  2  1  0 -1  2],[ 1 -1 -1  0  1  1  1  0  2],[-2 -2 -2 -1 -1 -2 -2 -2  0]]","[[ 0  2  2  1 -1 -1 -1 -1 -1],[-2  0  1  1 -1 -2 -2 -2 -3],[-2 -1  0 -1 -2 -2 -2 -2 -2],[-1 -1  1  0  0  0 -1 -2 -1],[ 1  1  2  0  0  1 -1 -1  1],[ 1  2  2  0 -1  0 -1  0  1],[ 1  2  2  1  1  1  0  0  0],[ 1  2  2  2  1  0  0  0  0],[ 1  3  2  1 -1 -1  0  0  0]]",True,"[-2,-2,-1,1,1,1,1,1,-1,-1,1,2,2,2,3,1,2,2,2,2,2,0,0,1,2,1,-1,1,1,-1,1,0,-1,0,0,0]","[-2,-2,-1,1,1,1,1,1,-1,-1,1,2,2,2,3,1,2,2,2,2,2,0,0,1,2,1,-1,1,1,-1,1,0,-1,0,0,0]",t^8+57t^6+449t^4+233t^2+9,"[-1,-1,-1,-1,-1,1,2,2,-1,-1,0,0,1,1,1,-1,-1,1,2,1,2,-1,0,2,1,1,0,1,1,0,0,1,1,0,2,1]","[-2,-2,-1,1,1,1,1,1,-1,0,1,1,1,1,1,2,0,1,1,1,2,1,0,1,2,2,0,0,-1,-1,0,0,1,1,1,-1]","[-1,-1,-1,-1,-1,1,2,2,-1,-1,0,0,1,2,3,-1,-1,0,0,2,2,-1,-1,0,2,1,0,1,2,2,2,2,2,1,-1,-1]",c,"[[{8, 2}, {1, 7}, {4, 6}, {3, 5}], [{8, 2}, {4, 7}, {1, 6}, {3, 5}]]",1,12 K_1^3 - 32 K_1^2 - 36 K_1 K_2 - 8 K_1 K_3 + 9 K_1 + 20 K_2 + 15 K_3 + 4 K_4 + 17,O1O2O3O4U5U1U3O5O6U4O7U2U6O8U7U8,O1O2O3U4U1U5U2O6O7U6O8O5U7O4U8U3,O1O2O3U1U4O5U6O7O4U8O6O8U2U7U3U5,c,{'O1O2O3O4U5U6O5U7U3O6U1O7O8U2U4U8'},1,"<a href=""/flatknot/8.857665"">8.857665</a>",t^9-53t^7-162t^6-33t^5+312t^4+250t^3-28t^2-42t-10,-2t^2+4t,,
8.857666,O1O2O3O4U5U6O5U7U3O6U1O7O8U2U8U4,3,15z^2+72z+85,15w^3z^2+72w^2z+85w,False,False,"[[ 0 -1 -1  1  3 -1 -1 -1  1],[ 1  0  0  1  2  0  1  1  1],[ 1  0  0  2  3  0  0  1  1],[-1 -1 -2  0 -1 -1  0  0  0],[-3 -2 -3  1  0 -4 -3 -2  0],[ 1  0  0  1  4  0 -1 -1  1],[ 1 -1  0  0  3  1  0 -1  1],[ 1 -1 -1  0  2  1  1  0  1],[-1 -1 -1  0  0 -1 -1 -1  0]]","[[ 0  3  1  1 -1 -1 -1 -1 -1],[-3  0  1  0 -2 -2 -3 -3 -4],[-1 -1  0  0  0 -1  0 -2 -1],[-1  0  0  0 -1 -1 -1 -1 -1],[ 1  2  0  1  0 -1  1 -1  1],[ 1  2  1  1  1  0  1  0  0],[ 1  3  0  1 -1 -1  0  0  1],[ 1  3  2  1  1  0  0  0  0],[ 1  4  1  1 -1  0 -1  0  0]]",True,"[-3,-1,-1,1,1,1,1,1,-1,0,2,2,3,3,4,0,0,1,0,2,1,1,1,1,1,1,1,-1,1,-1,-1,0,0,0,-1,0]","[-3,-1,-1,1,1,1,1,1,-1,0,2,2,3,3,4,0,0,1,0,2,1,1,1,1,1,1,1,-1,1,-1,-1,0,0,0,-1,0]",t^8+60t^6+403t^4+120t^2,"[-1,-1,-1,-1,-1,1,1,3,-1,-1,0,0,1,1,2,-1,-1,1,1,2,2,-1,0,1,2,1,0,1,1,0,1,0,1,0,2,3]","[-3,-1,-1,1,1,1,1,1,2,3,0,1,1,2,2,0,1,1,1,1,1,1,0,2,1,2,0,-1,0,-1,0,0,1,-1,-1,1]","[-1,-1,-1,-1,-1,1,1,3,-1,-1,0,0,1,1,4,-1,-1,0,0,1,3,-1,-1,0,1,2,0,1,1,2,2,1,3,0,-1,0]",c,"[[{8, 3}, {2, 7}, {4, 6}, {1, 5}], [{8, 3}, {4, 7}, {2, 6}, {1, 5}], [{8}, {2, 7}, {4, 6}, {1, 5}, {3}], [{8}, {4, 7}, {2, 6}, {1, 5}, {3}]]",1,- 8 K_1^2 - 10 K_1 K_2 + 5 K_1 + 4 K_2 + 5 K_3 + 5,O1O2O3O4U1U5U3O5O6U4O7U2U6O8U7U8,O1O2O3U4U1U5U3O6O7U6O8O5U7O4U8U2,O1O2O3U2U4O5U6O7O4U8O6O8U1U7U3U5,c,{'O1O2O3O4U5U6O5U7U3O6U1O7O8U2U8U4'},1,"<a href=""/flatknot/8.857666"">8.857666</a>",t^9-54t^7-130t^6+55t^5+298t^4+134t^3-84t^2-64t-8,-t^3+3t,,
8.857667,O1O2O3O4U5U6O5U7U3O6U1O7O8U4U2U8,4,11z^2+96z+149,11w^3z^2+96w^2z+149w,False,False,"[[ 0 -1  0  1  1 -1 -1 -1  2],[ 1  0  1  1  1  0  1  1  2],[ 0 -1  0  1  1 -1 -1  0  2],[-1 -1 -1  0 -1 -1  0  0  1],[-1 -1 -1  1  0 -2 -1  0  1],[ 1  0  1  1  2  0 -1 -1  2],[ 1 -1  1  0  1  1  0 -1  2],[ 1 -1  0  0  0  1  1  0  2],[-2 -2 -2 -1 -1 -2 -2 -2  0]]","[[ 0  2  1  1  0 -1 -1 -1 -1],[-2  0 -1 -1 -2 -2 -2 -2 -2],[-1  1  0  1 -1  0 -1 -1 -2],[-1  1 -1  0 -1  0  0 -1 -1],[ 0  2  1  1  0  0 -1 -1 -1],[ 1  2  0  0  0  0  1 -1  1],[ 1  2  1  0  1 -1  0 -1  1],[ 1  2  1  1  1  1  1  0  0],[ 1  2  2  1  1 -1 -1  0  0]]",True,"[-2,-1,-1,0,1,1,1,1,1,1,2,2,2,2,2,-1,1,0,1,1,2,1,0,0,1,1,0,1,1,1,-1,1,-1,1,-1,0]","[-2,-1,-1,0,1,1,1,1,0,0,0,1,1,1,1,-1,0,1,1,2,2,0,0,1,1,2,0,0,0,1,0,-1,-1,1,1,-1]",t^8+41t^6+268t^4+80t^2+4,"[-1,-1,-1,-1,0,1,1,2,-1,-1,0,0,1,1,1,-1,-1,1,2,2,1,-1,0,1,2,1,0,0,1,1,0,0,0,-1,0,0]","[-2,-1,-1,0,1,1,1,1,0,0,0,1,1,1,1,-1,0,1,1,2,2,0,0,1,1,2,0,0,0,1,0,-1,-1,1,1,-1]","[-1,-1,-1,-1,0,1,1,2,-1,-1,0,1,1,2,2,-1,-1,1,0,1,2,-1,0,0,0,2,1,1,1,2,1,1,2,-1,1,1]",c,"[[{8, 1}, {3, 7}, {4, 6}, {2, 5}], [{8, 2}, {3, 7}, {4, 6}, {1, 5}], [{8, 5}, {3, 7}, {4, 6}, {1, 2}]]",1,4 K_1^3 + 4 K_1^2 K_2 - 24 K_1^2 - 20 K_1 K_2 - 6 K_1 K_3 + 7 K_1 - 2 K_2^2 + 13 K_2 + 9 K_3 + 3 K_4 + 13,O1O2O3O4U5U3U1O5O6U4O7U2U6O8U7U8,O1O2O3U4U2U5U1O6O7U6O8O5U7O4U8U3,O1O2O3U1U4O5U6O7O4U8O6O8U3U7U2U5,c,{'O1O2O3O4U5U6O5U7U3O6U1O7O8U4U2U8'},1,"<a href=""/flatknot/8.857667"">8.857667</a>",t^9-39t^7-132t^6-93t^5+184t^4+311t^3+132t^2-5t-14,-t^2+2t,,
8.857668,O1O2O3O4U5U6O5U7U3O6U1O7O8U4U8U2,4,16z^2+101z+139,16w^3z^2+101w^2z+139w,False,False,"[[ 0 -1  1  1  1 -1 -1 -1  1],[ 1  0  1  1  1  0  1  1  1],[-1 -1  0  1  0 -2 -2 -1  1],[-1 -1 -1  0 -1 -1  0  0  1],[-1 -1  0  1  0 -2 -1  0  1],[ 1  0  2  1  2  0 -1 -1  1],[ 1 -1  2  0  1  1  0 -1  1],[ 1 -1  1  0  0  1  1  0  1],[-1 -1 -1 -1 -1 -1 -1 -1  0]]","[[ 0  1  1  1  1 -1 -1 -1 -1],[-1  0  1  1  0  0 -1 -1 -2],[-1 -1  0  1 -1  0  0 -1 -1],[-1 -1 -1  0 -1 -1 -1 -1 -1],[-1  0  1  1  0 -1 -2 -1 -2],[ 1  0  0  1  1  0  1 -1  1],[ 1  1  0  1  2 -1  0 -1  1],[ 1  1  1  1  1  1  1  0  0],[ 1  2  1  1  2 -1 -1  0  0]]",True,"[-1,-1,-1,-1,1,1,1,1,-1,-1,0,0,1,1,2,-1,1,0,0,1,1,1,1,1,1,1,1,2,1,2,-1,1,-1,1,-1,0]","[-1,-1,-1,-1,1,1,1,1,-1,-1,-1,1,1,1,1,-1,-1,1,1,2,2,0,0,1,0,1,0,1,1,2,0,-1,-1,1,1,-1]",t^8+32t^6+176t^4+41t^2,"[-1,-1,-1,-1,1,1,1,1,-1,-1,0,1,1,1,1,-1,-1,1,1,2,2,-1,0,1,1,2,0,1,0,1,-1,0,-1,1,1,-1]","[-1,-1,-1,-1,1,1,1,1,-1,-1,-1,1,1,1,1,-1,-1,1,1,2,2,0,0,1,0,1,0,1,1,2,0,-1,-1,1,1,-1]","[-1,-1,-1,-1,1,1,1,1,-1,-1,0,1,1,2,2,-1,-1,0,1,1,2,-1,0,1,0,1,1,1,1,1,1,-1,-1,-1,-1,0]",c,"[[{8, 1}, {2, 7}, {3, 6}, {4, 5}], [{8, 1}, {3, 7}, {4, 6}, {2, 5}], [{8, 4}, {3, 7}, {1, 6}, {2, 5}], [{8, 6}, {3, 7}, {2, 5}, {1, 4}], [{8, 7}, {4, 6}, {3, 5}, {1, 2}]]",1,24 K_1^3 - 44 K_1^2 - 40 K_1 K_2 + 2 K_1 + 22 K_2 + 14 K_3 + 23,O1O2O3O4U3U5U1O5O6U4O7U2U6O8U7U8,O1O2O3U4U3U5U1O6O7U6O8O5U7O4U8U2,O1O2O3U2U4O5U6O7O4U8O6O8U3U7U1U5,c,{'O1O2O3O4U5U6O5U7U3O6U1O7O8U4U8U2'},1,"<a href=""/flatknot/8.857668"">8.857668</a>",t^9-32t^7-82t^6-24t^5+70t^4+27t^3-16t^2-2t+2,0,,
8.857669,O1O2O3O4U5U6O5U7U3O6U2O7O8U1U8U4,4,20z^2+89z+99,20w^3z^2+89w^2z+99w,False,False,"[[ 0 -2  0  1  3 -1 -1 -1  1],[ 2  0  1  2  4  1  1  1  1],[ 0 -1  0  1  1 -1  0  0  0],[-1 -2 -1  0 -1 -1  0  0  0],[-3 -4 -1  1  0 -4 -3 -2  0],[ 1 -1  1  1  4  0 -1 -1  1],[ 1 -1  0  0  3  1  0 -1  1],[ 1 -1  0  0  2  1  1  0  1],[-1 -1  0  0  0 -1 -1 -1  0]]","[[ 0  3  1  1  0 -1 -1 -1 -2],[-3  0  1  0 -1 -2 -3 -4 -4],[-1 -1  0  0 -1  0  0 -1 -2],[-1  0  0  0  0 -1 -1 -1 -1],[ 0  1  1  0  0  0  0 -1 -1],[ 1  2  0  1  0  0  1  1 -1],[ 1  3  0  1  0 -1  0  1 -1],[ 1  4  1  1  1 -1 -1  0 -1],[ 2  4  2  1  1  1  1  1  0]]",True,"[-3,-1,-1,0,1,1,1,2,-1,0,1,2,3,4,4,0,1,0,0,1,2,0,1,1,1,1,0,0,1,1,-1,-1,1,-1,1,1]","[-3,-1,-1,0,1,1,1,2,-1,0,1,2,3,4,4,0,1,0,0,1,2,0,1,1,1,1,0,0,1,1,-1,-1,1,-1,1,1]",t^8+65t^6+335t^4+56t^2+1,"[-2,-1,-1,-1,0,1,1,3,0,0,0,1,1,2,1,-1,-1,1,2,1,2,-1,1,2,1,1,0,1,1,0,0,1,2,0,3,2]","[-3,-1,-1,0,1,1,1,2,2,3,2,0,1,2,1,0,1,1,1,1,2,0,1,2,2,1,0,1,1,1,-1,-1,0,-1,0,0]","[-2,-1,-1,-1,0,1,1,3,1,1,1,1,1,2,4,-1,-1,1,1,1,4,-1,0,1,0,3,0,1,0,2,0,1,1,0,0,-1]",c,"[[{8, 1}, {2, 7}, {3, 6}, {4, 5}], [{8, 1}, {2, 7}, {4, 6}, {3, 5}], [{8, 1}, {2, 7}, {5, 6}, {3, 4}], [{8, 1}, {3, 7}, {2, 6}, {4, 5}], [{8, 1}, {3, 7}, {4, 6}, {2, 5}], [{8, 1}, {3, 7}, {5, 6}, {2, 4}], [{8, 1}, {4, 7}, {2, 6}, {3, 5}], [{8, 1}, {4, 7}, {2, 6}, {5}, {3}], [{8, 1}, {4, 7}, {3, 6}, {2, 5}], [{8, 1}, {4, 7}, {5, 6}, {2, 3}], [{8, 1}, {5, 7}, {2, 6}, {3, 4}], [{8, 1}, {5, 7}, {3, 6}, {2, 4}], [{8, 1}, {5, 7}, {4, 6}, {2, 3}], [{8, 1}, {5, 7}, {6}, {2, 4}, {3}], [{8, 1}, {6, 7}, {2, 5}, {3, 4}], [{8, 1}, {6, 7}, {3, 5}, {2, 4}], [{8, 1}, {6, 7}, {4, 5}, {2, 3}], [{8, 1}, {7}, {3, 6}, {2, 5}, {4}], [{8, 2}, {1, 7}, {3, 6}, {4, 5}], [{8, 2}, {1, 7}, {4, 6}, {3, 5}], [{8, 2}, {1, 7}, {5, 6}, {3, 4}], [{8, 2}, {1, 7}, {6}, {4, 5}, {3}], [{8, 2}, {3, 7}, {1, 6}, {4, 5}], [{8, 2}, {3, 7}, {4, 6}, {1, 5}], [{8, 2}, {3, 7}, {5, 6}, {1, 4}], [{8, 2}, {3, 7}, {5, 6}, {4}, {1}], [{8, 2}, {3, 7}, {6}, {5}, {1, 4}], [{8, 2}, {4, 7}, {1, 6}, {3, 5}], [{8, 2}, {4, 7}, {3, 6}, {1, 5}], [{8, 2}, {4, 7}, {5, 6}, {1, 3}], [{8, 2}, {4, 7}, {6}, {3, 5}, {1}], [{8, 2}, {5, 7}, {1, 6}, {3, 4}], [{8, 2}, {5, 7}, {3, 6}, {1, 4}], [{8, 2}, {5, 7}, {4, 6}, {1, 3}], [{8, 2}, {5, 7}, {4, 6}, {3}, {1}], [{8, 2}, {6, 7}, {1, 5}, {3, 4}], [{8, 2}, {6, 7}, {1, 5}, {4}, {3}], [{8, 2}, {6, 7}, {3, 5}, {1, 4}], [{8, 2}, {6, 7}, {4, 5}, {1, 3}], [{8, 2}, {6, 7}, {4, 5}, {3}, {1}], [{8, 2}, {6, 7}, {5}, {1, 4}, {3}], [{8, 2}, {7}, {1, 6}, {3, 5}, {4}], [{8, 2}, {7}, {1, 6}, {4, 5}, {3}], [{8, 2}, {7}, {1, 6}, {5}, {3, 4}], [{8, 2}, {7}, {3, 6}, {5}, {1, 4}], [{8, 2}, {7}, {4, 6}, {5}, {1, 3}], [{8, 3}, {1, 7}, {2, 6}, {4, 5}], [{8, 3}, {1, 7}, {4, 6}, {2, 5}], [{8, 3}, {1, 7}, {5, 6}, {2, 4}], [{8, 3}, {2, 7}, {1, 6}, {4, 5}], [{8, 3}, {2, 7}, {4, 6}, {1, 5}], [{8, 3}, {2, 7}, {5, 6}, {1, 4}], [{8, 3}, {4, 7}, {1, 6}, {2, 5}], [{8, 3}, {4, 7}, {1, 6}, {5}, {2}], [{8, 3}, {4, 7}, {2, 6}, {1, 5}], [{8, 3}, {4, 7}, {2, 6}, {5}, {1}], [{8, 3}, {4, 7}, {5, 6}, {1, 2}], [{8, 3}, {4, 7}, {5, 6}, {2}, {1}], [{8, 3}, {4, 7}, {6}, {1, 5}, {2}], [{8, 3}, {4, 7}, {6}, {2, 5}, {1}], [{8, 3}, {4, 7}, {6}, {5}, {1, 2}], [{8, 3}, {5, 7}, {1, 6}, {2, 4}], [{8, 3}, {5, 7}, {2, 6}, {1, 4}], [{8, 3}, {5, 7}, {4, 6}, {1, 2}], [{8, 3}, {5, 7}, {4, 6}, {2}, {1}], [{8, 3}, {5, 7}, {6}, {4}, {1, 2}], [{8, 3}, {6, 7}, {1, 5}, {2, 4}], [{8, 3}, {6, 7}, {2, 5}, {1, 4}], [{8, 3}, {6, 7}, {4, 5}, {1, 2}], [{8, 3}, {6, 7}, {5}, {4}, {1, 2}], [{8, 3}, {7}, {1, 6}, {2, 5}, {4}], [{8, 3}, {7}, {2, 6}, {1, 5}, {4}], [{8, 3}, {7}, {4, 6}, {5}, {1, 2}], [{8, 3}, {7}, {5, 6}, {4}, {1, 2}], [{8, 3}, {7}, {6}, {4, 5}, {1, 2}], [{8, 3}, {7}, {6}, {5}, {4}, {1, 2}], [{8, 4}, {1, 7}, {2, 6}, {3, 5}], [{8, 4}, {1, 7}, {2, 6}, {5}, {3}], [{8, 4}, {1, 7}, {3, 6}, {2, 5}], [{8, 4}, {1, 7}, {5, 6}, {2, 3}], [{8, 4}, {2, 7}, {1, 6}, {3, 5}], [{8, 4}, {2, 7}, {3, 6}, {1, 5}], [{8, 4}, {2, 7}, {5, 6}, {1, 3}], [{8, 4}, {2, 7}, {5, 6}, {3}, {1}], [{8, 4}, {3, 7}, {1, 6}, {2, 5}], [{8, 4}, {3, 7}, {2, 6}, {1, 5}], [{8, 4}, {3, 7}, {5, 6}, {1, 2}], [{8, 4}, {5, 7}, {1, 6}, {2, 3}], [{8, 4}, {5, 7}, {2, 6}, {1, 3}], [{8, 4}, {5, 7}, {3, 6}, {1, 2}], [{8, 4}, {6, 7}, {1, 5}, {2, 3}], [{8, 4}, {6, 7}, {2, 5}, {1, 3}], [{8, 4}, {6, 7}, {3, 5}, {1, 2}], [{8, 4}, {7}, {6}, {2, 5}, {1, 3}], [{8, 5}, {1, 7}, {2, 6}, {3, 4}], [{8, 5}, {1, 7}, {3, 6}, {2, 4}], [{8, 5}, {1, 7}, {4, 6}, {2, 3}], [{8, 5}, {1, 7}, {4, 6}, {3}, {2}], [{8, 5}, {2, 7}, {1, 6}, {3, 4}], [{8, 5}, {2, 7}, {3, 6}, {1, 4}], [{8, 5}, {2, 7}, {4, 6}, {1, 3}], [{8, 5}, {2, 7}, {4, 6}, {3}, {1}], [{8, 5}, {3, 7}, {1, 6}, {2, 4}], [{8, 5}, {3, 7}, {2, 6}, {1, 4}], [{8, 5}, {3, 7}, {4, 6}, {1, 2}], [{8, 5}, {4, 7}, {1, 6}, {2, 3}], [{8, 5}, {4, 7}, {2, 6}, {1, 3}], [{8, 5}, {4, 7}, {2, 6}, {3}, {1}], [{8, 5}, {4, 7}, {3, 6}, {1, 2}], [{8, 5}, {6, 7}, {1, 4}, {2, 3}], [{8, 5}, {6, 7}, {2, 4}, {1, 3}], [{8, 5}, {6, 7}, {3, 4}, {1, 2}], [{8, 5}, {7}, {1, 6}, {2, 4}, {3}], [{8, 5}, {7}, {4, 6}, {3}, {1, 2}], [{8, 5}, {7}, {6}, {1, 4}, {2, 3}], [{8, 6}, {1, 7}, {2, 5}, {3, 4}], [{8, 6}, {1, 7}, {3, 5}, {2, 4}], [{8, 6}, {1, 7}, {3, 5}, {4}, {2}], [{8, 6}, {1, 7}, {4, 5}, {2, 3}], [{8, 6}, {2, 7}, {1, 5}, {3, 4}], [{8, 6}, {2, 7}, {1, 5}, {4}, {3}], [{8, 6}, {2, 7}, {3, 5}, {1, 4}], [{8, 6}, {2, 7}, {4, 5}, {1, 3}], [{8, 6}, {3, 7}, {1, 5}, {2, 4}], [{8, 6}, {3, 7}, {2, 5}, {1, 4}], [{8, 6}, {3, 7}, {4, 5}, {1, 2}], [{8, 6}, {4, 7}, {1, 5}, {2, 3}], [{8, 6}, {4, 7}, {2, 5}, {1, 3}], [{8, 6}, {4, 7}, {3, 5}, {1, 2}], [{8, 6}, {4, 7}, {3, 5}, {2}, {1}], [{8, 6}, {5, 7}, {1, 4}, {2, 3}], [{8, 6}, {5, 7}, {2, 4}, {1, 3}], [{8, 6}, {5, 7}, {3, 4}, {1, 2}], [{8, 6}, {5, 7}, {3, 4}, {2}, {1}], [{8, 6}, {7}, {3, 5}, {1, 4}, {2}], [{8, 6}, {7}, {4, 5}, {1, 3}, {2}], [{8, 6}, {7}, {4, 5}, {2, 3}, {1}], [{8, 6}, {7}, {4, 5}, {3}, {1, 2}], [{8, 7}, {1, 6}, {2, 5}, {3, 4}], [{8, 7}, {1, 6}, {3, 5}, {2, 4}], [{8, 7}, {1, 6}, {3, 5}, {4}, {2}], [{8, 7}, {1, 6}, {4, 5}, {2, 3}], [{8, 7}, {1, 6}, {4, 5}, {3}, {2}], [{8, 7}, {1, 6}, {5}, {3, 4}, {2}], [{8, 7}, {2, 6}, {1, 5}, {3, 4}], [{8, 7}, {2, 6}, {3, 5}, {1, 4}], [{8, 7}, {2, 6}, {4, 5}, {1, 3}], [{8, 7}, {2, 6}, {5}, {1, 4}, {3}], [{8, 7}, {3, 6}, {1, 5}, {2, 4}], [{8, 7}, {3, 6}, {1, 5}, {4}, {2}], [{8, 7}, {3, 6}, {2, 5}, {1, 4}], [{8, 7}, {3, 6}, {4, 5}, {1, 2}], [{8, 7}, {3, 6}, {4, 5}, {2}, {1}], [{8, 7}, {3, 6}, {5}, {1, 4}, {2}], [{8, 7}, {4, 6}, {1, 5}, {2, 3}], [{8, 7}, {4, 6}, {1, 5}, {3}, {2}], [{8, 7}, {4, 6}, {2, 5}, {1, 3}], [{8, 7}, {4, 6}, {3, 5}, {1, 2}], [{8, 7}, {4, 6}, {3, 5}, {2}, {1}], [{8, 7}, {4, 6}, {5}, {1, 3}, {2}], [{8, 7}, {5, 6}, {1, 4}, {2, 3}], [{8, 7}, {5, 6}, {1, 4}, {3}, {2}], [{8, 7}, {5, 6}, {2, 4}, {1, 3}], [{8, 7}, {5, 6}, {3, 4}, {1, 2}], [{8, 7}, {5, 6}, {3, 4}, {2}, {1}], [{8, 7}, {5, 6}, {4}, {1, 3}, {2}], [{8, 7}, {6}, {1, 5}, {3, 4}, {2}], [{8, 7}, {6}, {2, 5}, {1, 4}, {3}], [{8, 7}, {6}, {3, 5}, {1, 4}, {2}], [{8, 7}, {6}, {4, 5}, {1, 3}, {2}], [{8, 7}, {6}, {5}, {1, 4}, {2, 3}], [{8}, {1, 7}, {6}, {3, 5}, {2, 4}], [{8}, {2, 7}, {1, 6}, {3, 5}, {4}], [{8}, {2, 7}, {1, 6}, {4, 5}, {3}], [{8}, {2, 7}, {1, 6}, {5}, {3, 4}], [{8}, {2, 7}, {3, 6}, {5}, {1, 4}], [{8}, {2, 7}, {4, 6}, {5}, {1, 3}], [{8}, {4, 7}, {1, 6}, {2, 5}, {3}], [{8}, {4, 7}, {2, 6}, {1, 5}, {3}], [{8}, {4, 7}, {2, 6}, {3, 5}, {1}], [{8}, {4, 7}, {2, 6}, {5}, {1, 3}], [{8}, {4, 7}, {2, 6}, {5}, {3}, {1}], [{8}, {4, 7}, {5, 6}, {3}, {1, 2}], [{8}, {5, 7}, {1, 6}, {4}, {2, 3}], [{8}, {5, 7}, {4, 6}, {2, 3}, {1}], [{8}, {5, 7}, {6}, {1, 4}, {2, 3}], [{8}, {6, 7}, {3, 5}, {1, 4}, {2}], [{8}, {6, 7}, {4, 5}, {1, 3}, {2}], [{8}, {7}, {3, 6}, {4, 5}, {1, 2}], [{8}, {7}, {4, 6}, {3, 5}, {1, 2}]]",2,20 K_1^3 + 8 K_1^2 K_2 - 24 K_1^2 - 30 K_1 K_2 - 6 K_1 K_3 - 2 K_2^2 + 11 K_2 + 10 K_3 + 2 K_4 + 12,O1O2O3O4U1U5U4O5O6U3O7U2U6O8U7U8,O1O2O3U1U4U5U3O6O7U6O8O5U7O4U8U2,O1O2O3U2U4O5U6O7O4U8O6O8U1U7U5U3,c,{'O1O2O3O4U5U6O5U7U3O6U2O7O8U1U8U4'},1,"<a href=""/flatknot/8.857669"">8.857669</a>",t^9-61t^7-210t^6-114t^5+406t^4+677t^3+374t^2+73t+6,-t^3+t^2+t,,
8.857670,O1O2O3O4U5U6O5U7U3O6U2O7O8U4U1U8,4,22z^2+99z+111,22w^3z^2+99w^2z+111w,False,False,"[[ 0 -1  0  1  1 -1 -1 -1  2],[ 1  0  0  1  2  0  0  0  2],[ 0  0  0  1  1 -1  0  0  1],[-1 -1 -1  0 -1 -1  0  0  1],[-1 -2 -1  1  0 -2 -1  0  1],[ 1  0  1  1  2  0 -1 -1  2],[ 1  0  0  0  1  1  0 -1  2],[ 1  0  0  0  0  1  1  0  2],[-2 -2 -1 -1 -1 -2 -2 -2  0]]","[[ 0  2  1  1  0 -1 -1 -1 -1],[-2  0 -1 -1 -1 -2 -2 -2 -2],[-1  1  0  1 -1  0 -1 -2 -2],[-1  1 -1  0 -1  0  0 -1 -1],[ 0  1  1  1  0  0  0  0 -1],[ 1  2  0  0  0  0  1  0  1],[ 1  2  1  0  0 -1  0  0  1],[ 1  2  2  1  0  0  0  0  0],[ 1  2  2  1  1 -1 -1  0  0]]",True,"[-2,-1,-1,0,1,1,1,1,1,1,1,2,2,2,2,-1,1,0,1,2,2,1,0,0,1,1,0,0,0,1,-1,0,-1,0,-1,0]","[-2,-1,-1,0,1,1,1,1,0,0,1,1,1,1,1,-1,0,1,1,2,2,0,0,0,1,2,0,1,1,1,0,-1,-1,0,0,-1]",t^8+37t^6+217t^4+104t^2+4,"[-1,-1,-1,-1,0,1,1,2,-1,-1,0,1,2,2,1,-1,0,1,1,2,1,0,0,0,1,1,1,0,1,1,0,0,1,-1,0,0]","[-2,-1,-1,0,1,1,1,1,0,0,1,1,1,1,1,-1,0,1,1,2,2,0,0,0,1,2,0,1,1,1,0,-1,-1,0,0,-1]","[-1,-1,-1,-1,0,1,1,2,-1,-1,0,1,1,2,2,-1,0,0,0,1,2,0,0,0,0,2,0,1,2,2,1,1,1,-1,1,1]",c,"[[{8, 1}, {2, 7}, {3, 6}, {4, 5}], [{8, 2}, {1, 7}, {3, 6}, {4, 5}], [{8, 7}, {3, 6}, {4, 5}, {1, 2}]]",1,24 K_1^3 + 8 K_1^2 K_2 - 24 K_1^2 - 32 K_1 K_2 - 6 K_1 K_3 - 2 K_1 - 2 K_2^2 + 11 K_2 + 10 K_3 + 2 K_4 + 12,O1O2O3O4U5U4U1O5O6U3O7U2U6O8U7U8,O1O2O3U2U4U5U1O6O7U6O8O5U7O4U8U3,O1O2O3U1U4O5U6O7O4U8O6O8U3U7U5U2,c,{'O1O2O3O4U5U6O5U7U3O6U2O7O8U4U1U8'},1,"<a href=""/flatknot/8.857670"">8.857670</a>",t^9-35t^7-80t^6+58t^5+292t^4+234t^3+6t^2-71t-32,-t^2+2t,,
8.857671,O1O2O3O4U5U6O5U7U3O6U4O7O8U1U8U2,4,12z^3+65z^2+114z+65,12w^4z^3+65w^3z^2+114w^2z+65w,False,False,"[[ 0 -2  1  1  2 -1 -1 -1  1],[ 2  0  2  1  2  1  1  1  1],[-1 -2  0  1  2 -2 -2 -2  0],[-1 -1 -1  0  0 -1  0 -1  0],[-2 -2 -2  0  0 -3 -1 -1  0],[ 1 -1  2  1  3  0 -1 -1  1],[ 1 -1  2  0  1  1  0 -1  1],[ 1 -1  2  1  1  1  1  0  1],[-1 -1  0  0  0 -1 -1 -1  0]]","[[ 0  2  1  1  1 -1 -1 -1 -2],[-2  0  0  0 -2 -1 -1 -3 -2],[-1  0  0  0  0 -1 -1 -1 -1],[-1  0  0  0 -1  0 -1 -1 -1],[-1  2  0  1  0 -2 -2 -2 -2],[ 1  1  1  0  2  0 -1  1 -1],[ 1  1  1  1  2  1  0  1 -1],[ 1  3  1  1  2 -1 -1  0 -1],[ 2  2  1  1  2  1  1  1  0]]",True,"[-2,-1,-1,-1,1,1,1,2,0,0,2,1,1,3,2,0,0,1,1,1,1,1,0,1,1,1,2,2,2,2,1,-1,1,-1,1,1]","[-2,-1,-1,-1,1,1,1,2,-1,1,1,0,2,2,2,0,1,0,0,0,1,0,1,1,1,2,1,1,2,2,-1,-1,0,1,0,0]",t^8+49t^6+187t^4+82t^2+1,"[-2,-1,-1,-1,1,1,1,2,0,0,0,1,2,2,2,-1,-1,0,1,1,2,-1,0,1,2,2,0,1,1,0,0,-1,-1,0,1,1]","[-2,-1,-1,-1,1,1,1,2,-1,1,1,0,2,2,2,0,1,0,0,0,1,0,1,1,1,2,1,1,2,2,-1,-1,0,1,0,0]","[-2,-1,-1,-1,1,1,1,2,1,1,1,1,1,2,2,-1,-1,1,1,2,3,-1,0,1,2,1,1,1,2,1,0,-1,0,0,0,2]",c,"[[{8, 1}, {2, 7}, {3, 6}, {4, 5}], [{8, 1}, {2, 7}, {4, 6}, {3, 5}], [{8, 1}, {2, 7}, {5, 6}, {3, 4}], [{8, 1}, {2, 7}, {6}, {4, 5}, {3}], [{8, 1}, {3, 7}, {2, 6}, {4, 5}], [{8, 1}, {3, 7}, {4, 6}, {2, 5}], [{8, 1}, {3, 7}, {4, 6}, {5}, {2}], [{8, 1}, {3, 7}, {5, 6}, {2, 4}], [{8, 1}, {3, 7}, {5, 6}, {4}, {2}], [{8, 1}, {3, 7}, {6}, {4, 5}, {2}], [{8, 1}, {4, 7}, {2, 6}, {3, 5}], [{8, 1}, {4, 7}, {2, 6}, {5}, {3}], [{8, 1}, {4, 7}, {3, 6}, {2, 5}], [{8, 1}, {4, 7}, {3, 6}, {5}, {2}], [{8, 1}, {4, 7}, {5, 6}, {2, 3}], [{8, 1}, {4, 7}, {5, 6}, {3}, {2}], [{8, 1}, {4, 7}, {6}, {2, 5}, {3}], [{8, 1}, {4, 7}, {6}, {3, 5}, {2}], [{8, 1}, {4, 7}, {6}, {5}, {2, 3}], [{8, 1}, {4, 7}, {6}, {5}, {3}, {2}], [{8, 1}, {5, 7}, {2, 6}, {3, 4}], [{8, 1}, {5, 7}, {2, 6}, {4}, {3}], [{8, 1}, {5, 7}, {3, 6}, {2, 4}], [{8, 1}, {5, 7}, {3, 6}, {4}, {2}], [{8, 1}, {5, 7}, {4, 6}, {2, 3}], [{8, 1}, {5, 7}, {4, 6}, {3}, {2}], [{8, 1}, {5, 7}, {6}, {2, 4}, {3}], [{8, 1}, {5, 7}, {6}, {3, 4}, {2}], [{8, 1}, {5, 7}, {6}, {4}, {2, 3}], [{8, 1}, {5, 7}, {6}, {4}, {3}, {2}], [{8, 1}, {6, 7}, {2, 5}, {3, 4}], [{8, 1}, {6, 7}, {3, 5}, {2, 4}], [{8, 1}, {6, 7}, {3, 5}, {4}, {2}], [{8, 1}, {6, 7}, {4, 5}, {2, 3}], [{8, 1}, {6, 7}, {4, 5}, {3}, {2}], [{8, 1}, {6, 7}, {5}, {3, 4}, {2}], [{8, 1}, {7}, {2, 6}, {4, 5}, {3}], [{8, 1}, {7}, {3, 6}, {4, 5}, {2}], [{8, 1}, {7}, {4, 6}, {3, 5}, {2}], [{8, 1}, {7}, {5, 6}, {3, 4}, {2}], [{8, 1}, {7}, {6}, {4, 5}, {2, 3}], [{8, 1}, {7}, {6}, {4, 5}, {3}, {2}], [{8, 2}, {1, 7}, {3, 6}, {4, 5}], [{8, 2}, {1, 7}, {4, 6}, {3, 5}], [{8, 2}, {1, 7}, {5, 6}, {3, 4}], [{8, 2}, {1, 7}, {5, 6}, {4}, {3}], [{8, 2}, {3, 7}, {1, 6}, {4, 5}], [{8, 2}, {3, 7}, {4, 6}, {1, 5}], [{8, 2}, {3, 7}, {5, 6}, {1, 4}], [{8, 2}, {4, 7}, {1, 6}, {3, 5}], [{8, 2}, {4, 7}, {1, 6}, {5}, {3}], [{8, 2}, {4, 7}, {3, 6}, {1, 5}], [{8, 2}, {4, 7}, {5, 6}, {1, 3}], [{8, 2}, {4, 7}, {6}, {3, 5}, {1}], [{8, 2}, {5, 7}, {1, 6}, {3, 4}], [{8, 2}, {5, 7}, {1, 6}, {4}, {3}], [{8, 2}, {5, 7}, {3, 6}, {1, 4}], [{8, 2}, {5, 7}, {4, 6}, {1, 3}], [{8, 2}, {6, 7}, {1, 5}, {3, 4}], [{8, 2}, {6, 7}, {3, 5}, {1, 4}], [{8, 2}, {6, 7}, {3, 5}, {4}, {1}], [{8, 2}, {6, 7}, {4, 5}, {1, 3}], [{8, 2}, {7}, {1, 6}, {4, 5}, {3}], [{8, 2}, {7}, {4, 6}, {3, 5}, {1}], [{8, 3}, {1, 7}, {2, 6}, {4, 5}], [{8, 3}, {1, 7}, {4, 6}, {2, 5}], [{8, 3}, {1, 7}, {5, 6}, {2, 4}], [{8, 3}, {2, 7}, {1, 6}, {4, 5}], [{8, 3}, {2, 7}, {4, 6}, {1, 5}], [{8, 3}, {2, 7}, {5, 6}, {1, 4}], [{8, 3}, {2, 7}, {5, 6}, {4}, {1}], [{8, 3}, {4, 7}, {1, 6}, {2, 5}], [{8, 3}, {4, 7}, {2, 6}, {1, 5}], [{8, 3}, {4, 7}, {2, 6}, {5}, {1}], [{8, 3}, {4, 7}, {5, 6}, {1, 2}], [{8, 3}, {5, 7}, {1, 6}, {2, 4}], [{8, 3}, {5, 7}, {2, 6}, {1, 4}], [{8, 3}, {5, 7}, {2, 6}, {4}, {1}], [{8, 3}, {5, 7}, {4, 6}, {1, 2}], [{8, 3}, {6, 7}, {1, 5}, {2, 4}], [{8, 3}, {6, 7}, {2, 5}, {1, 4}], [{8, 3}, {6, 7}, {4, 5}, {1, 2}], [{8, 3}, {7}, {2, 6}, {4, 5}, {1}], [{8, 4}, {1, 7}, {2, 6}, {3, 5}], [{8, 4}, {1, 7}, {3, 6}, {2, 5}], [{8, 4}, {1, 7}, {5, 6}, {2, 3}], [{8, 4}, {2, 7}, {1, 6}, {3, 5}], [{8, 4}, {2, 7}, {1, 6}, {5}, {3}], [{8, 4}, {2, 7}, {3, 6}, {1, 5}], [{8, 4}, {2, 7}, {5, 6}, {1, 3}], [{8, 4}, {3, 7}, {1, 6}, {2, 5}], [{8, 4}, {3, 7}, {2, 6}, {1, 5}], [{8, 4}, {3, 7}, {5, 6}, {1, 2}], [{8, 4}, {5, 7}, {1, 6}, {2, 3}], [{8, 4}, {5, 7}, {2, 6}, {1, 3}], [{8, 4}, {5, 7}, {2, 6}, {3}, {1}], [{8, 4}, {5, 7}, {3, 6}, {1, 2}], [{8, 4}, {6, 7}, {1, 5}, {2, 3}], [{8, 4}, {6, 7}, {2, 5}, {1, 3}], [{8, 4}, {6, 7}, {3, 5}, {1, 2}], [{8, 4}, {6, 7}, {5}, {1, 3}, {2}], [{8, 4}, {6, 7}, {5}, {2, 3}, {1}], [{8, 4}, {6, 7}, {5}, {3}, {1, 2}], [{8, 5}, {1, 7}, {2, 6}, {3, 4}], [{8, 5}, {1, 7}, {3, 6}, {2, 4}], [{8, 5}, {1, 7}, {4, 6}, {2, 3}], [{8, 5}, {1, 7}, {6}, {4}, {2, 3}], [{8, 5}, {2, 7}, {1, 6}, {3, 4}], [{8, 5}, {2, 7}, {3, 6}, {1, 4}], [{8, 5}, {2, 7}, {4, 6}, {1, 3}], [{8, 5}, {2, 7}, {4, 6}, {3}, {1}], [{8, 5}, {3, 7}, {1, 6}, {2, 4}], [{8, 5}, {3, 7}, {2, 6}, {1, 4}], [{8, 5}, {3, 7}, {4, 6}, {1, 2}], [{8, 5}, {4, 7}, {1, 6}, {2, 3}], [{8, 5}, {4, 7}, {2, 6}, {1, 3}], [{8, 5}, {4, 7}, {2, 6}, {3}, {1}], [{8, 5}, {4, 7}, {3, 6}, {1, 2}], [{8, 5}, {6, 7}, {1, 4}, {2, 3}], [{8, 5}, {6, 7}, {2, 4}, {1, 3}], [{8, 5}, {6, 7}, {3, 4}, {1, 2}], [{8, 5}, {6, 7}, {4}, {2, 3}, {1}], [{8, 5}, {7}, {1, 6}, {4}, {2, 3}], [{8, 6}, {1, 7}, {2, 5}, {3, 4}], [{8, 6}, {1, 7}, {3, 5}, {2, 4}], [{8, 6}, {1, 7}, {4, 5}, {2, 3}], [{8, 6}, {2, 7}, {1, 5}, {3, 4}], [{8, 6}, {2, 7}, {1, 5}, {4}, {3}], [{8, 6}, {2, 7}, {3, 5}, {1, 4}], [{8, 6}, {2, 7}, {4, 5}, {1, 3}], [{8, 6}, {3, 7}, {1, 5}, {2, 4}], [{8, 6}, {3, 7}, {2, 5}, {1, 4}], [{8, 6}, {3, 7}, {4, 5}, {1, 2}], [{8, 6}, {4, 7}, {1, 5}, {2, 3}], [{8, 6}, {4, 7}, {2, 5}, {1, 3}], [{8, 6}, {4, 7}, {3, 5}, {1, 2}], [{8, 6}, {4, 7}, {3, 5}, {2}, {1}], [{8, 6}, {4, 7}, {5}, {3}, {1, 2}], [{8, 6}, {5, 7}, {1, 4}, {2, 3}], [{8, 6}, {5, 7}, {2, 4}, {1, 3}], [{8, 6}, {5, 7}, {3, 4}, {1, 2}], [{8, 6}, {5, 7}, {4}, {3}, {1, 2}], [{8, 6}, {7}, {4, 5}, {3}, {1, 2}], [{8, 7}, {1, 6}, {2, 5}, {3, 4}], [{8, 7}, {1, 6}, {3, 5}, {2, 4}], [{8, 7}, {1, 6}, {4, 5}, {2, 3}], [{8, 7}, {1, 6}, {5}, {2, 4}, {3}], [{8, 7}, {2, 6}, {1, 5}, {3, 4}], [{8, 7}, {2, 6}, {3, 5}, {1, 4}], [{8, 7}, {2, 6}, {4, 5}, {1, 3}], [{8, 7}, {2, 6}, {4, 5}, {3}, {1}], [{8, 7}, {3, 6}, {1, 5}, {2, 4}], [{8, 7}, {3, 6}, {2, 5}, {1, 4}], [{8, 7}, {3, 6}, {4, 5}, {1, 2}], [{8, 7}, {4, 6}, {1, 5}, {2, 3}], [{8, 7}, {4, 6}, {2, 5}, {1, 3}], [{8, 7}, {4, 6}, {3, 5}, {1, 2}], [{8, 7}, {4, 6}, {5}, {3}, {1, 2}], [{8, 7}, {5, 6}, {1, 4}, {2, 3}], [{8, 7}, {5, 6}, {2, 4}, {1, 3}], [{8, 7}, {5, 6}, {3, 4}, {1, 2}], [{8}, {1, 7}, {2, 6}, {4, 5}, {3}], [{8}, {2, 7}, {1, 6}, {3, 5}, {4}], [{8}, {2, 7}, {3, 6}, {4, 5}, {1}], [{8}, {2, 7}, {4, 6}, {5}, {1, 3}], [{8}, {2, 7}, {5, 6}, {1, 4}, {3}], [{8}, {2, 7}, {6}, {1, 5}, {3, 4}], [{8}, {3, 7}, {2, 6}, {4, 5}, {1}], [{8}, {4, 7}, {1, 6}, {3, 5}, {2}], [{8}, {4, 7}, {2, 6}, {1, 5}, {3}], [{8}, {4, 7}, {2, 6}, {3, 5}, {1}], [{8}, {4, 7}, {2, 6}, {5}, {1, 3}], [{8}, {4, 7}, {2, 6}, {5}, {3}, {1}], [{8}, {4, 7}, {6}, {3, 5}, {1, 2}], [{8}, {5, 7}, {2, 6}, {1, 4}, {3}], [{8}, {5, 7}, {2, 6}, {3, 4}, {1}], [{8}, {5, 7}, {2, 6}, {4}, {1, 3}], [{8}, {5, 7}, {2, 6}, {4}, {3}, {1}], [{8}, {5, 7}, {3, 6}, {2, 4}, {1}], [{8}, {5, 7}, {4, 6}, {2, 3}, {1}], [{8}, {6, 7}, {2, 5}, {1, 4}, {3}], [{8}, {6, 7}, {3, 5}, {4}, {1, 2}], [{8}, {6, 7}, {4, 5}, {2, 3}, {1}], [{8}, {7}, {1, 6}, {3, 5}, {2, 4}], [{8}, {7}, {2, 6}, {4, 5}, {1, 3}], [{8}, {7}, {2, 6}, {4, 5}, {3}, {1}], [{8}, {7}, {4, 6}, {3, 5}, {1, 2}], [{8}, {7}, {5, 6}, {2, 4}, {1, 3}]]",2,4 K_1^3 + 4 K_1^2 K_2 - 4 K_1 K_2 - 4 K_1 K_3 - K_1 + K_3 + K_4,O1O2O3O4U3U5U4O5O6U1O7U2U6O8U7U8,O1O2O3U1U3U4U5O6O7U6O8O4U7O5U8U2,O1O2O3U2U4O5U6O7O4U8O6O8U5U7U1U3,c,{'O1O2O3O4U5U6O5U7U3O6U4O7O8U1U8U2'},1,"<a href=""/flatknot/8.857671"">8.857671</a>",t^9-49t^7-184t^6-185t^5+58t^4+124t^3+16t^2+5t-10,0,,
8.857672,O1O2O3O4U5U6O5U7U3O6U4O7O8U2U1U8,4,12z^3+65z^2+114z+65,12w^4z^3+65w^3z^2+114w^2z+65w,False,False,"[[ 0 -1 -1  1  2 -1 -1 -1  2],[ 1  0  0  1  2  0  0  0  2],[ 1  0  0  1  2  0  0  0  1],[-1 -1 -1  0  0 -1  0 -1  0],[-2 -2 -2  0  0 -3 -1 -1  0],[ 1  0  0  1  3  0 -1 -1  2],[ 1  0  0  0  1  1  0 -1  2],[ 1  0  0  1  1  1  1  0  2],[-2 -2 -1  0  0 -2 -2 -2  0]]","[[ 0  2  2  1 -1 -1 -1 -1 -1],[-2  0  0  0 -1 -1 -2 -2 -3],[-2  0  0  0 -2 -2 -1 -2 -2],[-1  0  0  0  0 -1 -1 -1 -1],[ 1  1  2  0  0 -1  0  0  1],[ 1  1  2  1  1  0  0  0  1],[ 1  2  1  1  0  0  0  0  0],[ 1  2  2  1  0  0  0  0  0],[ 1  3  2  1 -1 -1  0  0  0]]",True,"[-2,-2,-1,1,1,1,1,1,0,0,1,1,2,2,3,0,2,2,1,2,2,0,1,1,1,1,1,0,0,-1,0,0,-1,0,0,0]","[-2,-2,-1,1,1,1,1,1,0,0,1,1,2,2,3,0,2,2,1,2,2,0,1,1,1,1,1,0,0,-1,0,0,-1,0,0,0]",t^8+43t^6+160t^4+67t^2+1,"[-1,-1,-1,-1,-1,1,2,2,-1,-1,0,0,1,1,2,-1,0,0,2,1,2,0,0,1,1,0,0,1,1,1,1,2,1,1,1,0]","[-2,-2,-1,1,1,1,1,1,0,1,0,1,1,2,2,1,1,1,2,1,1,1,1,1,1,2,0,0,-1,-1,0,0,0,0,0,1]","[-1,-1,-1,-1,-1,1,2,2,-1,-1,0,0,1,2,3,-1,0,0,0,2,1,0,0,1,2,1,0,1,1,2,1,2,2,0,0,0]",c,"[[{8, 1}, {2, 7}, {3, 6}, {4, 5}], [{8, 1}, {2, 7}, {4, 6}, {3, 5}], [{8, 1}, {2, 7}, {4, 6}, {5}, {3}], [{8, 1}, {2, 7}, {5, 6}, {3, 4}], [{8, 1}, {3, 7}, {2, 6}, {4, 5}], [{8, 1}, {3, 7}, {4, 6}, {2, 5}], [{8, 1}, {3, 7}, {5, 6}, {2, 4}], [{8, 1}, {4, 7}, {2, 6}, {3, 5}], [{8, 1}, {4, 7}, {2, 6}, {5}, {3}], [{8, 1}, {4, 7}, {3, 6}, {2, 5}], [{8, 1}, {4, 7}, {5, 6}, {2, 3}], [{8, 1}, {4, 7}, {6}, {3, 5}, {2}], [{8, 1}, {5, 7}, {2, 6}, {3, 4}], [{8, 1}, {5, 7}, {2, 6}, {4}, {3}], [{8, 1}, {5, 7}, {3, 6}, {2, 4}], [{8, 1}, {5, 7}, {4, 6}, {2, 3}], [{8, 1}, {6, 7}, {2, 5}, {3, 4}], [{8, 1}, {6, 7}, {3, 5}, {2, 4}], [{8, 1}, {6, 7}, {3, 5}, {4}, {2}], [{8, 1}, {6, 7}, {4, 5}, {2, 3}], [{8, 1}, {6, 7}, {5}, {2, 4}, {3}], [{8, 1}, {7}, {2, 6}, {4, 5}, {3}], [{8, 1}, {7}, {4, 6}, {3, 5}, {2}], [{8, 2}, {1, 7}, {3, 6}, {4, 5}], [{8, 2}, {1, 7}, {4, 6}, {3, 5}], [{8, 2}, {1, 7}, {5, 6}, {3, 4}], [{8, 2}, {1, 7}, {6}, {4, 5}, {3}], [{8, 2}, {3, 7}, {1, 6}, {4, 5}], [{8, 2}, {3, 7}, {4, 6}, {1, 5}], [{8, 2}, {3, 7}, {4, 6}, {5}, {1}], [{8, 2}, {3, 7}, {5, 6}, {1, 4}], [{8, 2}, {3, 7}, {5, 6}, {4}, {1}], [{8, 2}, {3, 7}, {6}, {4, 5}, {1}], [{8, 2}, {4, 7}, {1, 6}, {3, 5}], [{8, 2}, {4, 7}, {1, 6}, {5}, {3}], [{8, 2}, {4, 7}, {3, 6}, {1, 5}], [{8, 2}, {4, 7}, {3, 6}, {5}, {1}], [{8, 2}, {4, 7}, {5, 6}, {1, 3}], [{8, 2}, {4, 7}, {5, 6}, {3}, {1}], [{8, 2}, {4, 7}, {6}, {1, 5}, {3}], [{8, 2}, {4, 7}, {6}, {3, 5}, {1}], [{8, 2}, {4, 7}, {6}, {5}, {1, 3}], [{8, 2}, {4, 7}, {6}, {5}, {3}, {1}], [{8, 2}, {5, 7}, {1, 6}, {3, 4}], [{8, 2}, {5, 7}, {1, 6}, {4}, {3}], [{8, 2}, {5, 7}, {3, 6}, {1, 4}], [{8, 2}, {5, 7}, {3, 6}, {4}, {1}], [{8, 2}, {5, 7}, {4, 6}, {1, 3}], [{8, 2}, {5, 7}, {4, 6}, {3}, {1}], [{8, 2}, {5, 7}, {6}, {1, 4}, {3}], [{8, 2}, {5, 7}, {6}, {3, 4}, {1}], [{8, 2}, {5, 7}, {6}, {4}, {1, 3}], [{8, 2}, {5, 7}, {6}, {4}, {3}, {1}], [{8, 2}, {6, 7}, {1, 5}, {3, 4}], [{8, 2}, {6, 7}, {3, 5}, {1, 4}], [{8, 2}, {6, 7}, {3, 5}, {4}, {1}], [{8, 2}, {6, 7}, {4, 5}, {1, 3}], [{8, 2}, {6, 7}, {4, 5}, {3}, {1}], [{8, 2}, {6, 7}, {5}, {3, 4}, {1}], [{8, 2}, {7}, {1, 6}, {4, 5}, {3}], [{8, 2}, {7}, {3, 6}, {4, 5}, {1}], [{8, 2}, {7}, {4, 6}, {3, 5}, {1}], [{8, 2}, {7}, {5, 6}, {3, 4}, {1}], [{8, 2}, {7}, {6}, {4, 5}, {1, 3}], [{8, 2}, {7}, {6}, {4, 5}, {3}, {1}], [{8, 3}, {1, 7}, {2, 6}, {4, 5}], [{8, 3}, {1, 7}, {4, 6}, {2, 5}], [{8, 3}, {1, 7}, {5, 6}, {2, 4}], [{8, 3}, {2, 7}, {1, 6}, {4, 5}], [{8, 3}, {2, 7}, {4, 6}, {1, 5}], [{8, 3}, {2, 7}, {5, 6}, {1, 4}], [{8, 3}, {2, 7}, {6}, {4, 5}, {1}], [{8, 3}, {4, 7}, {1, 6}, {2, 5}], [{8, 3}, {4, 7}, {2, 6}, {1, 5}], [{8, 3}, {4, 7}, {2, 6}, {5}, {1}], [{8, 3}, {4, 7}, {5, 6}, {1, 2}], [{8, 3}, {5, 7}, {1, 6}, {2, 4}], [{8, 3}, {5, 7}, {2, 6}, {1, 4}], [{8, 3}, {5, 7}, {2, 6}, {4}, {1}], [{8, 3}, {5, 7}, {4, 6}, {1, 2}], [{8, 3}, {5, 7}, {4, 6}, {2}, {1}], [{8, 3}, {5, 7}, {6}, {2, 4}, {1}], [{8, 3}, {6, 7}, {1, 5}, {2, 4}], [{8, 3}, {6, 7}, {2, 5}, {1, 4}], [{8, 3}, {6, 7}, {4, 5}, {1, 2}], [{8, 3}, {6, 7}, {4, 5}, {2}, {1}], [{8, 3}, {7}, {2, 6}, {4, 5}, {1}], [{8, 4}, {1, 7}, {2, 6}, {3, 5}], [{8, 4}, {1, 7}, {3, 6}, {2, 5}], [{8, 4}, {1, 7}, {5, 6}, {2, 3}], [{8, 4}, {2, 7}, {1, 6}, {3, 5}], [{8, 4}, {2, 7}, {1, 6}, {5}, {3}], [{8, 4}, {2, 7}, {3, 6}, {1, 5}], [{8, 4}, {2, 7}, {3, 6}, {5}, {1}], [{8, 4}, {2, 7}, {5, 6}, {1, 3}], [{8, 4}, {2, 7}, {6}, {5}, {1, 3}], [{8, 4}, {3, 7}, {1, 6}, {2, 5}], [{8, 4}, {3, 7}, {2, 6}, {1, 5}], [{8, 4}, {3, 7}, {5, 6}, {1, 2}], [{8, 4}, {3, 7}, {6}, {2, 5}, {1}], [{8, 4}, {5, 7}, {1, 6}, {2, 3}], [{8, 4}, {5, 7}, {2, 6}, {1, 3}], [{8, 4}, {5, 7}, {2, 6}, {3}, {1}], [{8, 4}, {5, 7}, {3, 6}, {1, 2}], [{8, 4}, {5, 7}, {3, 6}, {2}, {1}], [{8, 4}, {5, 7}, {6}, {2, 3}, {1}], [{8, 4}, {6, 7}, {1, 5}, {2, 3}], [{8, 4}, {6, 7}, {2, 5}, {1, 3}], [{8, 4}, {6, 7}, {2, 5}, {3}, {1}], [{8, 4}, {6, 7}, {3, 5}, {1, 2}], [{8, 4}, {7}, {1, 6}, {3, 5}, {2}], [{8, 4}, {7}, {3, 6}, {2, 5}, {1}], [{8, 4}, {7}, {5, 6}, {1, 3}, {2}], [{8, 5}, {1, 7}, {2, 6}, {3, 4}], [{8, 5}, {1, 7}, {3, 6}, {2, 4}], [{8, 5}, {1, 7}, {4, 6}, {2, 3}], [{8, 5}, {2, 7}, {1, 6}, {3, 4}], [{8, 5}, {2, 7}, {3, 6}, {1, 4}], [{8, 5}, {2, 7}, {3, 6}, {4}, {1}], [{8, 5}, {2, 7}, {4, 6}, {1, 3}], [{8, 5}, {2, 7}, {4, 6}, {3}, {1}], [{8, 5}, {2, 7}, {6}, {3, 4}, {1}], [{8, 5}, {3, 7}, {1, 6}, {2, 4}], [{8, 5}, {3, 7}, {2, 6}, {1, 4}], [{8, 5}, {3, 7}, {4, 6}, {1, 2}], [{8, 5}, {4, 7}, {1, 6}, {2, 3}], [{8, 5}, {4, 7}, {2, 6}, {1, 3}], [{8, 5}, {4, 7}, {2, 6}, {3}, {1}], [{8, 5}, {4, 7}, {3, 6}, {1, 2}], [{8, 5}, {6, 7}, {1, 4}, {2, 3}], [{8, 5}, {6, 7}, {1, 4}, {3}, {2}], [{8, 5}, {6, 7}, {2, 4}, {1, 3}], [{8, 5}, {6, 7}, {3, 4}, {1, 2}], [{8, 5}, {7}, {6}, {2, 4}, {1, 3}], [{8, 6}, {1, 7}, {2, 5}, {3, 4}], [{8, 6}, {1, 7}, {3, 5}, {2, 4}], [{8, 6}, {1, 7}, {4, 5}, {2, 3}], [{8, 6}, {1, 7}, {4, 5}, {3}, {2}], [{8, 6}, {1, 7}, {5}, {4}, {2, 3}], [{8, 6}, {2, 7}, {1, 5}, {3, 4}], [{8, 6}, {2, 7}, {3, 5}, {1, 4}], [{8, 6}, {2, 7}, {4, 5}, {1, 3}], [{8, 6}, {2, 7}, {4, 5}, {3}, {1}], [{8, 6}, {3, 7}, {1, 5}, {2, 4}], [{8, 6}, {3, 7}, {2, 5}, {1, 4}], [{8, 6}, {3, 7}, {4, 5}, {1, 2}], [{8, 6}, {3, 7}, {4, 5}, {2}, {1}], [{8, 6}, {4, 7}, {1, 5}, {2, 3}], [{8, 6}, {4, 7}, {1, 5}, {3}, {2}], [{8, 6}, {4, 7}, {2, 5}, {1, 3}], [{8, 6}, {4, 7}, {2, 5}, {3}, {1}], [{8, 6}, {4, 7}, {3, 5}, {1, 2}], [{8, 6}, {4, 7}, {3, 5}, {2}, {1}], [{8, 6}, {4, 7}, {5}, {1, 3}, {2}], [{8, 6}, {4, 7}, {5}, {2, 3}, {1}], [{8, 6}, {4, 7}, {5}, {3}, {1, 2}], [{8, 6}, {4, 7}, {5}, {3}, {2}, {1}], [{8, 6}, {5, 7}, {1, 4}, {2, 3}], [{8, 6}, {5, 7}, {1, 4}, {3}, {2}], [{8, 6}, {5, 7}, {2, 4}, {1, 3}], [{8, 6}, {5, 7}, {2, 4}, {3}, {1}], [{8, 6}, {5, 7}, {3, 4}, {1, 2}], [{8, 6}, {5, 7}, {3, 4}, {2}, {1}], [{8, 6}, {5, 7}, {4}, {1, 3}, {2}], [{8, 6}, {5, 7}, {4}, {2, 3}, {1}], [{8, 6}, {5, 7}, {4}, {3}, {1, 2}], [{8, 6}, {5, 7}, {4}, {3}, {2}, {1}], [{8, 6}, {7}, {1, 5}, {4}, {2, 3}], [{8, 6}, {7}, {4, 5}, {1, 3}, {2}], [{8, 6}, {7}, {4, 5}, {2, 3}, {1}], [{8, 6}, {7}, {4, 5}, {3}, {1, 2}], [{8, 6}, {7}, {4, 5}, {3}, {2}, {1}], [{8, 6}, {7}, {5}, {1, 4}, {2, 3}], [{8, 7}, {1, 6}, {2, 5}, {3, 4}], [{8, 7}, {1, 6}, {3, 5}, {2, 4}], [{8, 7}, {1, 6}, {3, 5}, {4}, {2}], [{8, 7}, {1, 6}, {4, 5}, {2, 3}], [{8, 7}, {1, 6}, {5}, {2, 4}, {3}], [{8, 7}, {2, 6}, {1, 5}, {3, 4}], [{8, 7}, {2, 6}, {3, 5}, {1, 4}], [{8, 7}, {2, 6}, {4, 5}, {1, 3}], [{8, 7}, {2, 6}, {4, 5}, {3}, {1}], [{8, 7}, {3, 6}, {1, 5}, {2, 4}], [{8, 7}, {3, 6}, {2, 5}, {1, 4}], [{8, 7}, {3, 6}, {4, 5}, {1, 2}], [{8, 7}, {3, 6}, {4, 5}, {2}, {1}], [{8, 7}, {4, 6}, {1, 5}, {2, 3}], [{8, 7}, {4, 6}, {2, 5}, {1, 3}], [{8, 7}, {4, 6}, {3, 5}, {1, 2}], [{8, 7}, {4, 6}, {5}, {1, 3}, {2}], [{8, 7}, {5, 6}, {1, 4}, {2, 3}], [{8, 7}, {5, 6}, {1, 4}, {3}, {2}], [{8, 7}, {5, 6}, {2, 4}, {1, 3}], [{8, 7}, {5, 6}, {2, 4}, {3}, {1}], [{8, 7}, {5, 6}, {3, 4}, {1, 2}], [{8, 7}, {5, 6}, {4}, {3}, {1, 2}], [{8, 7}, {6}, {1, 5}, {2, 4}, {3}], [{8, 7}, {6}, {1, 5}, {3, 4}, {2}], [{8, 7}, {6}, {1, 5}, {4}, {2, 3}], [{8, 7}, {6}, {4, 5}, {2, 3}, {1}], [{8, 7}, {6}, {5}, {1, 4}, {2, 3}], [{8}, {1, 7}, {2, 6}, {4, 5}, {3}], [{8}, {2, 7}, {3, 6}, {4, 5}, {1}], [{8}, {2, 7}, {4, 6}, {1, 5}, {3}], [{8}, {2, 7}, {5, 6}, {4}, {1, 3}], [{8}, {3, 7}, {2, 6}, {4, 5}, {1}], [{8}, {4, 7}, {1, 6}, {3, 5}, {2}], [{8}, {4, 7}, {2, 6}, {1, 5}, {3}], [{8}, {4, 7}, {2, 6}, {3, 5}, {1}], [{8}, {4, 7}, {2, 6}, {5}, {1, 3}], [{8}, {4, 7}, {2, 6}, {5}, {3}, {1}], [{8}, {4, 7}, {6}, {3, 5}, {1, 2}], [{8}, {5, 7}, {2, 6}, {1, 4}, {3}], [{8}, {5, 7}, {2, 6}, {3, 4}, {1}], [{8}, {5, 7}, {2, 6}, {4}, {1, 3}], [{8}, {5, 7}, {2, 6}, {4}, {3}, {1}], [{8}, {5, 7}, {3, 6}, {2, 4}, {1}], [{8}, {5, 7}, {4, 6}, {2, 3}, {1}], [{8}, {6, 7}, {1, 5}, {4}, {2, 3}], [{8}, {6, 7}, {3, 5}, {4}, {1, 2}], [{8}, {6, 7}, {4, 5}, {2, 3}, {1}], [{8}, {6, 7}, {5}, {1, 4}, {2, 3}], [{8}, {7}, {2, 6}, {4, 5}, {1, 3}], [{8}, {7}, {2, 6}, {4, 5}, {3}, {1}], [{8}, {7}, {4, 6}, {3, 5}, {1, 2}]]",2,4 K_1^2 K_2 - 4 K_1 K_3 + K_4,O1O2O3O4U5U4U3O5O6U1O7U2U6O8U7U8,O1O2O3U2U1U4U5O6O7U6O8O4U7O5U8U3,O1O2O3U1U4O5U6O7O4U8O6O8U5U7U3U2,c,{'O1O2O3O4U5U6O5U7U3O6U4O7O8U2U1U8'},1,"<a href=""/flatknot/8.857672"">8.857672</a>",t^9-39t^7-48t^6+102t^5+108t^4-54t^3-16t^2+12t-2,-2t^2+4t,,
8.857673,O1O2O3O4U5U6O5U7U3O6U8O7O8U1U2U4,4,z^3+25z^2+107z+123,w^4z^3+25w^3z^2+107w^2z+123w,False,False,"[[ 0 -2  0  1  3 -1 -1 -1  1],[ 2  0  1  2  3  1  1  1  3],[ 0 -1  0  2  2 -1 -1 -1  1],[-1 -2 -2  0 -1 -1  0  0  0],[-3 -3 -2  1  0 -4 -3 -3 -2],[ 1 -1  1  1  4  0 -1 -1  2],[ 1 -1  1  0  3  1  0 -1  1],[ 1 -1  1  0  3  1  1  0  1],[-1 -3 -1  0  2 -2 -1 -1  0]]","[[ 0  3  1  1  0 -1 -1 -1 -2],[-3  0  1 -2 -2 -3 -3 -4 -3],[-1 -1  0  0 -2  0  0 -1 -2],[-1  2  0  0 -1 -1 -1 -2 -3],[ 0  2  2  1  0 -1 -1 -1 -1],[ 1  3  0  1  1  0  1  1 -1],[ 1  3  0  1  1 -1  0  1 -1],[ 1  4  1  2  1 -1 -1  0 -1],[ 2  3  2  3  1  1  1  1  0]]",True,"[-3,-1,-1,0,1,1,1,2,-1,2,2,3,3,4,3,0,2,0,0,1,2,1,1,1,2,3,1,1,1,1,-1,-1,1,-1,1,1]","[-3,-1,-1,0,1,1,1,2,-1,2,2,3,3,4,3,0,2,0,0,1,2,1,1,1,2,3,1,1,1,1,-1,-1,1,-1,1,1]",t^8+87t^6+677t^4+462t^2+1,"[-2,-1,-1,-1,0,1,1,3,0,0,0,1,0,1,2,-1,-1,0,1,2,1,-1,0,1,2,1,0,0,1,0,0,-1,1,0,0,3]","[-3,-1,-1,0,1,1,1,2,0,3,1,0,1,1,2,0,0,0,1,1,0,-1,1,2,2,1,0,0,0,1,-1,-1,0,-1,0,0]","[-2,-1,-1,-1,0,1,1,3,1,1,1,1,2,3,3,-1,-1,1,1,2,4,-1,1,0,1,3,1,0,1,3,2,1,2,0,-1,2]",c,"[[{8, 1}, {2, 7}, {3, 6}, {4, 5}], [{8, 1}, {2, 7}, {4, 6}, {3, 5}], [{8, 1}, {2, 7}, {4, 6}, {5}, {3}], [{8, 1}, {2, 7}, {5, 6}, {3, 4}], [{8, 1}, {3, 7}, {2, 6}, {4, 5}], [{8, 1}, {3, 7}, {2, 6}, {5}, {4}], [{8, 1}, {3, 7}, {4, 6}, {2, 5}], [{8, 1}, {3, 7}, {5, 6}, {2, 4}], [{8, 1}, {4, 7}, {2, 6}, {3, 5}], [{8, 1}, {4, 7}, {2, 6}, {5}, {3}], [{8, 1}, {4, 7}, {3, 6}, {2, 5}], [{8, 1}, {4, 7}, {5, 6}, {2, 3}], [{8, 1}, {5, 7}, {2, 6}, {3, 4}], [{8, 1}, {5, 7}, {3, 6}, {2, 4}], [{8, 1}, {5, 7}, {4, 6}, {2, 3}], [{8, 1}, {5, 7}, {4, 6}, {3}, {2}], [{8, 1}, {5, 7}, {6}, {4}, {2, 3}], [{8, 1}, {6, 7}, {2, 5}, {3, 4}], [{8, 1}, {6, 7}, {3, 5}, {2, 4}], [{8, 1}, {6, 7}, {4, 5}, {2, 3}], [{8, 1}, {6, 7}, {4, 5}, {3}, {2}], [{8, 1}, {6, 7}, {5}, {4}, {2, 3}], [{8, 1}, {7}, {2, 6}, {5}, {3, 4}], [{8, 1}, {7}, {4, 6}, {2, 5}, {3}], [{8, 1}, {7}, {5, 6}, {4}, {2, 3}], [{8, 2}, {1, 7}, {3, 6}, {4, 5}], [{8, 2}, {1, 7}, {4, 6}, {3, 5}], [{8, 2}, {1, 7}, {5, 6}, {3, 4}], [{8, 2}, {1, 7}, {6}, {4, 5}, {3}], [{8, 2}, {3, 7}, {1, 6}, {4, 5}], [{8, 2}, {3, 7}, {1, 6}, {5}, {4}], [{8, 2}, {3, 7}, {4, 6}, {1, 5}], [{8, 2}, {3, 7}, {4, 6}, {5}, {1}], [{8, 2}, {3, 7}, {5, 6}, {1, 4}], [{8, 2}, {3, 7}, {6}, {5}, {1, 4}], [{8, 2}, {4, 7}, {1, 6}, {3, 5}], [{8, 2}, {4, 7}, {3, 6}, {1, 5}], [{8, 2}, {4, 7}, {5, 6}, {1, 3}], [{8, 2}, {4, 7}, {6}, {3, 5}, {1}], [{8, 2}, {5, 7}, {1, 6}, {3, 4}], [{8, 2}, {5, 7}, {3, 6}, {1, 4}], [{8, 2}, {5, 7}, {4, 6}, {1, 3}], [{8, 2}, {5, 7}, {6}, {4}, {1, 3}], [{8, 2}, {6, 7}, {1, 5}, {3, 4}], [{8, 2}, {6, 7}, {3, 5}, {1, 4}], [{8, 2}, {6, 7}, {4, 5}, {1, 3}], [{8, 2}, {6, 7}, {5}, {1, 4}, {3}], [{8, 2}, {6, 7}, {5}, {3, 4}, {1}], [{8, 2}, {6, 7}, {5}, {4}, {1, 3}], [{8, 2}, {7}, {3, 6}, {5}, {1, 4}], [{8, 2}, {7}, {5, 6}, {4}, {1, 3}], [{8, 2}, {7}, {6}, {1, 5}, {3, 4}], [{8, 3}, {1, 7}, {2, 6}, {4, 5}], [{8, 3}, {1, 7}, {4, 6}, {2, 5}], [{8, 3}, {1, 7}, {5, 6}, {2, 4}], [{8, 3}, {2, 7}, {1, 6}, {4, 5}], [{8, 3}, {2, 7}, {4, 6}, {1, 5}], [{8, 3}, {2, 7}, {5, 6}, {1, 4}], [{8, 3}, {4, 7}, {1, 6}, {2, 5}], [{8, 3}, {4, 7}, {2, 6}, {1, 5}], [{8, 3}, {4, 7}, {2, 6}, {5}, {1}], [{8, 3}, {4, 7}, {5, 6}, {1, 2}], [{8, 3}, {5, 7}, {1, 6}, {2, 4}], [{8, 3}, {5, 7}, {2, 6}, {1, 4}], [{8, 3}, {5, 7}, {4, 6}, {1, 2}], [{8, 3}, {6, 7}, {1, 5}, {2, 4}], [{8, 3}, {6, 7}, {2, 5}, {1, 4}], [{8, 3}, {6, 7}, {4, 5}, {1, 2}], [{8, 3}, {6, 7}, {5}, {1, 4}, {2}], [{8, 3}, {7}, {4, 6}, {2, 5}, {1}], [{8, 4}, {1, 7}, {2, 6}, {3, 5}], [{8, 4}, {1, 7}, {3, 6}, {2, 5}], [{8, 4}, {1, 7}, {5, 6}, {2, 3}], [{8, 4}, {1, 7}, {6}, {5}, {2, 3}], [{8, 4}, {2, 7}, {1, 6}, {3, 5}], [{8, 4}, {2, 7}, {3, 6}, {1, 5}], [{8, 4}, {2, 7}, {5, 6}, {1, 3}], [{8, 4}, {2, 7}, {6}, {3, 5}, {1}], [{8, 4}, {3, 7}, {1, 6}, {2, 5}], [{8, 4}, {3, 7}, {2, 6}, {1, 5}], [{8, 4}, {3, 7}, {2, 6}, {5}, {1}], [{8, 4}, {3, 7}, {5, 6}, {1, 2}], [{8, 4}, {5, 7}, {1, 6}, {2, 3}], [{8, 4}, {5, 7}, {2, 6}, {1, 3}], [{8, 4}, {5, 7}, {3, 6}, {1, 2}], [{8, 4}, {6, 7}, {1, 5}, {2, 3}], [{8, 4}, {6, 7}, {1, 5}, {3}, {2}], [{8, 4}, {6, 7}, {2, 5}, {1, 3}], [{8, 4}, {6, 7}, {3, 5}, {1, 2}], [{8, 4}, {6, 7}, {5}, {2, 3}, {1}], [{8, 4}, {7}, {1, 6}, {5}, {2, 3}], [{8, 5}, {1, 7}, {2, 6}, {3, 4}], [{8, 5}, {1, 7}, {3, 6}, {2, 4}], [{8, 5}, {1, 7}, {3, 6}, {4}, {2}], [{8, 5}, {1, 7}, {4, 6}, {2, 3}], [{8, 5}, {2, 7}, {1, 6}, {3, 4}], [{8, 5}, {2, 7}, {3, 6}, {1, 4}], [{8, 5}, {2, 7}, {4, 6}, {1, 3}], [{8, 5}, {3, 7}, {1, 6}, {2, 4}], [{8, 5}, {3, 7}, {1, 6}, {4}, {2}], [{8, 5}, {3, 7}, {2, 6}, {1, 4}], [{8, 5}, {3, 7}, {4, 6}, {1, 2}], [{8, 5}, {3, 7}, {4, 6}, {2}, {1}], [{8, 5}, {3, 7}, {6}, {1, 4}, {2}], [{8, 5}, {4, 7}, {1, 6}, {2, 3}], [{8, 5}, {4, 7}, {2, 6}, {1, 3}], [{8, 5}, {4, 7}, {3, 6}, {1, 2}], [{8, 5}, {4, 7}, {3, 6}, {2}, {1}], [{8, 5}, {6, 7}, {1, 4}, {2, 3}], [{8, 5}, {6, 7}, {1, 4}, {3}, {2}], [{8, 5}, {6, 7}, {2, 4}, {1, 3}], [{8, 5}, {6, 7}, {3, 4}, {1, 2}], [{8, 5}, {6, 7}, {4}, {2, 3}, {1}], [{8, 5}, {7}, {3, 6}, {1, 4}, {2}], [{8, 6}, {1, 7}, {2, 5}, {3, 4}], [{8, 6}, {1, 7}, {3, 5}, {2, 4}], [{8, 6}, {1, 7}, {4, 5}, {2, 3}], [{8, 6}, {2, 7}, {1, 5}, {3, 4}], [{8, 6}, {2, 7}, {3, 5}, {1, 4}], [{8, 6}, {2, 7}, {3, 5}, {4}, {1}], [{8, 6}, {2, 7}, {4, 5}, {1, 3}], [{8, 6}, {3, 7}, {1, 5}, {2, 4}], [{8, 6}, {3, 7}, {1, 5}, {4}, {2}], [{8, 6}, {3, 7}, {2, 5}, {1, 4}], [{8, 6}, {3, 7}, {4, 5}, {1, 2}], [{8, 6}, {3, 7}, {4, 5}, {2}, {1}], [{8, 6}, {3, 7}, {5}, {1, 4}, {2}], [{8, 6}, {4, 7}, {1, 5}, {2, 3}], [{8, 6}, {4, 7}, {2, 5}, {1, 3}], [{8, 6}, {4, 7}, {3, 5}, {1, 2}], [{8, 6}, {5, 7}, {1, 4}, {2, 3}], [{8, 6}, {5, 7}, {2, 4}, {1, 3}], [{8, 6}, {5, 7}, {3, 4}, {1, 2}], [{8, 7}, {1, 6}, {2, 5}, {3, 4}], [{8, 7}, {1, 6}, {3, 5}, {2, 4}], [{8, 7}, {1, 6}, {4, 5}, {2, 3}], [{8, 7}, {2, 6}, {1, 5}, {3, 4}], [{8, 7}, {2, 6}, {3, 5}, {1, 4}], [{8, 7}, {2, 6}, {4, 5}, {1, 3}], [{8, 7}, {3, 6}, {1, 5}, {2, 4}], [{8, 7}, {3, 6}, {1, 5}, {4}, {2}], [{8, 7}, {3, 6}, {2, 5}, {1, 4}], [{8, 7}, {3, 6}, {4, 5}, {1, 2}], [{8, 7}, {3, 6}, {4, 5}, {2}, {1}], [{8, 7}, {3, 6}, {5}, {1, 4}, {2}], [{8, 7}, {4, 6}, {1, 5}, {2, 3}], [{8, 7}, {4, 6}, {2, 5}, {1, 3}], [{8, 7}, {4, 6}, {2, 5}, {3}, {1}], [{8, 7}, {4, 6}, {3, 5}, {1, 2}], [{8, 7}, {5, 6}, {1, 4}, {2, 3}], [{8, 7}, {5, 6}, {2, 4}, {1, 3}], [{8, 7}, {5, 6}, {3, 4}, {1, 2}], [{8}, {1, 7}, {4, 6}, {2, 5}, {3}], [{8}, {1, 7}, {5, 6}, {3, 4}, {2}], [{8}, {2, 7}, {1, 6}, {5}, {3, 4}], [{8}, {2, 7}, {3, 6}, {5}, {1, 4}], [{8}, {2, 7}, {4, 6}, {3, 5}, {1}], [{8}, {3, 7}, {1, 6}, {2, 5}, {4}], [{8}, {3, 7}, {2, 6}, {5}, {1, 4}], [{8}, {3, 7}, {4, 6}, {2, 5}, {1}], [{8}, {3, 7}, {5, 6}, {1, 4}, {2}], [{8}, {3, 7}, {6}, {2, 5}, {1, 4}], [{8}, {3, 7}, {6}, {5}, {1, 4}, {2}], [{8}, {4, 7}, {1, 6}, {2, 5}, {3}], [{8}, {4, 7}, {2, 6}, {5}, {1, 3}], [{8}, {5, 7}, {1, 6}, {3, 4}, {2}], [{8}, {5, 7}, {3, 6}, {1, 4}, {2}], [{8}, {5, 7}, {4, 6}, {2, 3}, {1}], [{8}, {6, 7}, {1, 5}, {4}, {2, 3}], [{8}, {6, 7}, {2, 5}, {1, 4}, {3}], [{8}, {6, 7}, {3, 5}, {1, 4}, {2}], [{8}, {6, 7}, {4, 5}, {2, 3}, {1}], [{8}, {6, 7}, {5}, {1, 4}, {2, 3}], [{8}, {6, 7}, {5}, {1, 4}, {3}, {2}], [{8}, {7}, {1, 6}, {2, 5}, {3, 4}], [{8}, {7}, {3, 6}, {2, 5}, {1, 4}], [{8}, {7}, {3, 6}, {5}, {1, 4}, {2}], [{8}, {7}, {4, 6}, {2, 5}, {1, 3}]]",2,16 K_1^3 + 8 K_1^2 K_2 - 26 K_1^2 - 22 K_1 K_2 - 8 K_1 K_3 - K_1 + 13 K_2 + 7 K_3 + 2 K_4 + 12,O1O2O3O4U1U3U4O5O6U5O7U2U6O8U7U8,O1O2O3U1U2U4U3O5O6U5O7O4U6O8U7U8,O1O2O3U4U5O4U6O7O5U8O6O8U1U7U2U3,c,{'O1O2O3O4U5U6O5U7U3O6U8O7O8U1U2U4'},1,"<a href=""/flatknot/8.857673"">8.857673</a>",t^9-83t^7-390t^6-406t^5+620t^4+1186t^3+274t^2-270t-76,-t^3+t^2+t,,
8.857674,O1O2O3O4U5U6O5U7U3O6U8O7O8U1U4U2,4,5z^2+90z+161,5w^3z^2+90w^2z+161w,False,False,"[[ 0 -2  1  1  2 -1 -1 -1  1],[ 2  0  2  2  2  1  1  1  3],[-1 -2  0  1  1 -2 -2 -2  0],[-1 -2 -1  0 -1 -1  0  0  0],[-2 -2 -1  1  0 -3 -2 -2 -1],[ 1 -1  2  1  3  0 -1 -1  2],[ 1 -1  2  0  2  1  0 -1  1],[ 1 -1  2  0  2  1  1  0  1],[-1 -3  0  0  1 -2 -1 -1  0]]","[[ 0  2  1  1  1 -1 -1 -1 -2],[-2  0  1 -1 -1 -2 -2 -3 -2],[-1 -1  0  0 -1  0  0 -1 -2],[-1  1  0  0  0 -1 -1 -2 -3],[-1  1  1  0  0 -2 -2 -2 -2],[ 1  2  0  1  2  0  1  1 -1],[ 1  2  0  1  2 -1  0  1 -1],[ 1  3  1  2  2 -1 -1  0 -1],[ 2  2  2  3  2  1  1  1  0]]",True,"[-2,-1,-1,-1,1,1,1,2,-1,1,1,2,2,3,2,0,1,0,0,1,2,0,1,1,2,3,2,2,2,2,-1,-1,1,-1,1,1]","[-2,-1,-1,-1,1,1,1,2,-1,1,1,2,2,3,2,0,1,0,0,1,2,0,1,1,2,3,2,2,2,2,-1,-1,1,-1,1,1]",t^8+67t^6+419t^4+228t^2+1,"[-2,-1,-1,-1,1,1,1,2,0,0,0,0,1,1,2,-1,-1,1,0,2,1,-1,1,0,2,1,0,0,1,0,0,0,0,-1,0,2]","[-2,-1,-1,-1,1,1,1,2,0,0,2,0,1,1,2,0,0,0,1,1,0,1,0,0,0,1,1,2,2,1,-1,-1,0,-1,0,0]","[-2,-1,-1,-1,1,1,1,2,1,1,1,2,2,3,2,-1,-1,1,2,2,3,-1,0,2,1,2,0,2,1,2,-1,0,-1,0,1,1]",c,"[[{8, 1}, {2, 7}, {4, 6}, {3, 5}], [{8, 1}, {7}, {4, 6}, {3, 5}, {2}], [{8, 4}, {2, 7}, {1, 6}, {3, 5}], [{8, 5}, {2, 7}, {3, 6}, {1, 4}], [{8, 5}, {3, 7}, {2, 6}, {1, 4}], [{8, 6}, {2, 7}, {3, 5}, {1, 4}]]",1,8 K_1^3 + 4 K_1^2 K_2 - 46 K_1^2 - 36 K_1 K_2 - 6 K_1 K_3 + 12 K_1 - 2 K_2^2 + 24 K_2 + 16 K_3 + 3 K_4 + 24,O1O2O3O4U3U1U4O5O6U5O7U2U6O8U7U8,O1O2O3U1U3U4U2O5O6U5O7O4U6O8U7U8,O1O2O3U4U5O4U6O7O5U8O6O8U2U7U1U3,c,{'O1O2O3O4U5U6O5U7U3O6U8O7O8U1U4U2'},1,"<a href=""/flatknot/8.857674"">8.857674</a>",t^9-67t^7-254t^6-181t^5+266t^4+269t^3-28t^2-24t+14,0,,
8.857675,O1O2O3O4U5U6O5U7U3O6U8O7O8U2U1U4,4,2z^3+29z^2+108z+117,2w^4z^3+29w^3z^2+108w^2z+117w,False,False,"[[ 0 -1 -1  1  3 -1 -1 -1  1],[ 1  0  0  2  3  0  0  0  2],[ 1  0  0  2  2  0  0  0  2],[-1 -2 -2  0 -1 -1  0  0  0],[-3 -3 -2  1  0 -4 -3 -3 -2],[ 1  0  0  1  4  0 -1 -1  2],[ 1  0  0  0  3  1  0 -1  1],[ 1  0  0  0  3  1  1  0  1],[-1 -2 -2  0  2 -2 -1 -1  0]]","[[ 0  3  1  1 -1 -1 -1 -1 -1],[-3  0  1 -2 -2 -3 -3 -3 -4],[-1 -1  0  0 -2  0  0 -2 -1],[-1  2  0  0 -2 -1 -1 -2 -2],[ 1  2  2  2  0  0  0  0  0],[ 1  3  0  1  0  0  1  0  1],[ 1  3  0  1  0 -1  0  0  1],[ 1  3  2  2  0  0  0  0  0],[ 1  4  1  2  0 -1 -1  0  0]]",True,"[-3,-1,-1,1,1,1,1,1,-1,2,2,3,3,3,4,0,2,0,0,2,1,2,1,1,2,2,0,0,0,0,-1,0,-1,0,-1,0]","[-3,-1,-1,1,1,1,1,1,-1,2,2,3,3,3,4,0,2,0,0,2,1,2,1,1,2,2,0,0,0,0,-1,0,-1,0,-1,0]",t^8+78t^6+552t^4+383t^2+4,"[-1,-1,-1,-1,-1,1,1,3,-1,-1,0,0,1,2,1,-1,0,0,1,2,1,0,0,0,1,0,0,0,0,1,0,0,2,0,0,3]","[-3,-1,-1,1,1,1,1,1,0,3,0,1,1,1,2,0,0,0,1,1,0,1,0,2,2,0,0,-1,-1,0,0,0,0,-1,0,0]","[-1,-1,-1,-1,-1,1,1,3,-1,-1,0,0,1,2,4,-1,0,0,0,1,3,0,0,0,1,3,0,2,2,2,2,2,3,0,-1,2]",c,"[[{8, 2}, {5, 7}, {1, 6}, {3, 4}]]",1,4 K_1^3 - 14 K_1^2 - 18 K_1 K_2 - 2 K_1 K_3 + 6 K_1 - 2 K_2^2 + 8 K_2 + 8 K_3 + 2 K_4 + 9,O1O2O3O4U1U4U3O5O6U5O7U2U6O8U7U8,O1O2O3U2U1U4U3O5O6U5O7O4U6O8U7U8,O1O2O3U4U5O4U6O7O5U8O6O8U1U7U3U2,c,{'O1O2O3O4U5U6O5U7U3O6U8O7O8U2U1U4'},1,"<a href=""/flatknot/8.857675"">8.857675</a>",t^9-72t^7-190t^6+250t^5+968t^4+741t^3+130t^2-10t+2,-t^3+3t,,
8.857676,O1O2O3O4U5U6O5U7U3O6U8O7O8U4U1U2,4,z^3+25z^2+107z+123,w^4z^3+25w^3z^2+107w^2z+123w,False,False,"[[ 0 -1  1  1  1 -1 -1 -1  1],[ 1  0  1  1  1  0  0  0  2],[-1 -1  0  1  1 -2 -2 -2  0],[-1 -1 -1  0 -1 -1  0  0  0],[-1 -1 -1  1  0 -2 -1 -1  0],[ 1  0  2  1  2  0 -1 -1  2],[ 1  0  2  0  1  1  0 -1  1],[ 1  0  2  0  1  1  1  0  1],[-1 -2  0  0  0 -2 -1 -1  0]]","[[ 0  1  1  1  1 -1 -1 -1 -1],[-1  0  1  1  0 -1 -2 -2 -2],[-1 -1  0  1  0 -1 -1 -1 -2],[-1 -1 -1  0  0 -1  0  0 -1],[-1  0  0  0  0 -2 -1 -1 -2],[ 1  1  1  1  2  0  0  0  0],[ 1  2  1  0  1  0  0  1  1],[ 1  2  1  0  1  0 -1  0  1],[ 1  2  2  1  2  0 -1 -1  0]]",True,"[-1,-1,-1,-1,1,1,1,1,-1,-1,0,1,2,2,2,-1,0,1,1,1,2,0,1,0,0,1,2,1,1,2,0,0,0,-1,-1,-1]","[-1,-1,-1,-1,1,1,1,1,-1,-1,0,0,1,1,2,-1,0,0,1,1,2,0,0,0,0,1,1,0,1,1,0,-1,-1,0,0,-1]",t^8+38t^6+129t^4+44t^2,"[-1,-1,-1,-1,1,1,1,1,-1,-1,0,0,1,1,2,-1,0,0,1,1,2,0,0,0,0,1,1,0,1,1,0,-1,-1,0,0,-1]","[-1,-1,-1,-1,1,1,1,1,-1,-1,0,1,1,2,2,-1,0,0,1,1,1,0,0,1,0,0,0,0,1,1,0,-1,-1,0,0,-1]","[-1,-1,-1,-1,1,1,1,1,-1,-1,0,1,2,2,2,-1,0,0,1,1,2,0,0,1,1,2,1,1,2,1,-1,0,-1,0,-1,0]",c,"[[{8, 7}, {3, 6}, {4, 5}, {1, 2}]]",0,8 K_1^3 - 16 K_1^2 - 8 K_1 K_2 - 2 K_1 + 8 K_2 + 2 K_3 + 9,O1O2O3O4U3U4U1O5O6U5O7U2U6O8U7U8,O1O2O3U2U3U4U1O5O6U5O7O4U6O8U7U8,O1O2O3U4U5O4U6O7O5U8O6O8U3U7U1U2,c,{'O1O2O3O4U5U6O5U7U3O6U8O7O8U4U1U2'},1,"<a href=""/flatknot/8.857676"">8.857676</a>",t^9-38t^7-78t^6+53t^5+166t^4+8t^3-78t^2+14,0,,
8.857677,O1O2O3O4U5U6O5U7U4O6U1O7O8U2U3U8,4,4z^3+43z^2+116z+93,4w^4z^3+43w^3z^2+116w^2z+93w,False,False,"[[ 0 -1 -1  1  2 -1 -1 -1  2],[ 1  0  0  1  1  0  1  1  2],[ 1  0  0  1  2  0  0  1  2],[-1 -1 -1  0  2 -2 -2 -1  1],[-2 -1 -2 -2  0 -2 -1 -1  0],[ 1  0  0  2  2  0 -1 -1  2],[ 1 -1  0  2  1  1  0 -1  2],[ 1 -1 -1  1  1  1  1  0  2],[-2 -2 -2 -1  0 -2 -2 -2  0]]","[[ 0  2  2  1 -1 -1 -1 -1 -1],[-2  0  0 -1 -2 -2 -2 -2 -2],[-2  0  0 -2 -1 -1 -1 -2 -2],[-1  1  2  0 -1 -1 -2 -1 -2],[ 1  2  1  1  0  1  1  0  0],[ 1  2  1  1 -1  0  1 -1  1],[ 1  2  1  2 -1 -1  0  0  1],[ 1  2  2  1  0  1  0  0  0],[ 1  2  2  2  0 -1 -1  0  0]]",True,"[-2,-2,-1,1,1,1,1,1,0,1,2,2,2,2,2,2,1,1,1,2,2,1,1,2,1,2,-1,-1,0,0,-1,1,-1,0,-1,0]","[-2,-2,-1,1,1,1,1,1,0,-1,1,1,2,2,2,0,1,1,1,1,1,0,1,0,1,1,0,-1,-1,0,0,1,0,-1,-1,-1]",t^8+53t^6+332t^4+164t^2+9,"[-1,-1,-1,-1,-1,1,2,2,-1,-1,0,0,1,1,2,-1,-1,1,1,1,2,-1,0,0,1,2,0,0,1,1,1,1,1,0,-1,0]","[-2,-2,-1,1,1,1,1,1,0,-1,1,1,2,2,2,0,1,1,1,1,1,0,1,0,1,1,0,-1,-1,0,0,1,0,-1,-1,-1]","[-1,-1,-1,-1,-1,1,2,2,-1,-1,0,0,2,2,2,-1,-1,0,2,1,2,-1,-1,1,1,2,0,1,1,2,1,2,2,2,1,0]",c,"[[{8, 1}, {4, 7}, {2, 6}, {3, 5}], [{8, 1}, {4, 7}, {3, 6}, {2, 5}], [{8, 2}, {1, 7}, {3, 6}, {4, 5}], [{8, 2}, {4, 7}, {1, 6}, {3, 5}], [{8, 3}, {4, 7}, {2, 6}, {1, 5}], [{8, 4}, {2, 7}, {3, 6}, {1, 5}], [{8, 4}, {3, 7}, {1, 6}, {2, 5}], [{8, 4}, {3, 7}, {2, 6}, {1, 5}]]",1,4 K_1^3 + 24 K_1^2 K_2 - 24 K_1^2 - 8 K_1 K_2 - 12 K_1 K_3 + K_1 + 6 K_2 + 3 K_3 + 7,O1O2O3O4U5U2U3O5O6U4O7U1U6O8U7U8,O1O2O3U4U1U2U5O6O7U6O8O5U7O4U8U3,O1O2O3U1U4O5U6O7O4U8O6O8U7U2U3U5,c,{'O1O2O3O4U5U6O5U7U4O6U1O7O8U2U3U8'},1,"<a href=""/flatknot/8.857677"">8.857677</a>",t^9-49t^7-162t^6-92t^5+208t^4+244t^3+10t^2-71t-26,-2t^2+4t,,
8.857678,O1O2O3O4U5U6O5U7U4O6U1O7O8U2U8U3,4,z^3+21z^2+103z+131,w^4z^3+21w^3z^2+103w^2z+131w,False,False,"[[ 0 -1 -1  2  2 -1 -1 -1  1],[ 1  0  0  1  1  0  1  1  1],[ 1  0  0  2  2  0  0  1  1],[-2 -1 -2  0  2 -3 -3 -2  0],[-2 -1 -2 -2  0 -2 -1 -1  0],[ 1  0  0  3  2  0 -1 -1  1],[ 1 -1  0  3  1  1  0 -1  1],[ 1 -1 -1  2  1  1  1  0  1],[-1 -1 -1  0  0 -1 -1 -1  0]]","[[ 0  2  2  1 -1 -1 -1 -1 -1],[-2  0  2  0 -1 -2 -2 -3 -3],[-2 -2  0  0 -1 -1 -2 -1 -2],[-1  0  0  0 -1 -1 -1 -1 -1],[ 1  1  1  1  0  1  0  1  0],[ 1  2  1  1 -1  0 -1  1  1],[ 1  2  2  1  0  1  0  0  0],[ 1  3  1  1 -1 -1  0  0  1],[ 1  3  2  1  0 -1  0 -1  0]]",True,"[-2,-2,-1,1,1,1,1,1,-2,0,1,2,2,3,3,0,1,1,2,1,2,1,1,1,1,1,-1,0,-1,0,1,-1,-1,0,0,-1]","[-2,-2,-1,1,1,1,1,1,-2,0,1,2,2,3,3,0,1,1,2,1,2,1,1,1,1,1,-1,0,-1,0,1,-1,-1,0,0,-1]",t^8+53t^6+291t^4+98t^2+4,"[-1,-1,-1,-1,-1,1,2,2,-1,-1,0,0,1,2,2,-1,-1,1,1,1,2,-1,0,1,0,2,0,1,0,1,1,1,1,1,1,-2]","[-2,-2,-1,1,1,1,1,1,-2,1,1,1,2,2,2,1,0,1,0,1,2,1,1,1,1,1,0,-1,-1,0,0,1,0,-1,-1,-1]","[-1,-1,-1,-1,-1,1,2,2,-1,-1,0,0,1,2,3,-1,-1,0,1,1,3,-1,-1,1,1,2,0,1,1,1,1,2,2,0,0,-2]",c,"[[{8, 1}, {3, 7}, {4, 6}, {2, 5}], [{8, 1}, {4, 7}, {3, 6}, {2, 5}], [{8}, {4, 7}, {3, 6}, {2, 5}, {1}]]",1,12 K_1^3 - 32 K_1^2 - 28 K_1 K_2 + 5 K_1 + 16 K_2 + 11 K_3 + 17,O1O2O3O4U2U5U3O5O6U4O7U1U6O8U7U8,O1O2O3U4U1U3U5O6O7U6O8O5U7O4U8U2,O1O2O3U2U4O5U6O7O4U8O6O8U7U1U3U5,c,{'O1O2O3O4U5U6O5U7U4O6U1O7O8U2U8U3'},1,"<a href=""/flatknot/8.857678"">8.857678</a>",t^9-49t^7-154t^6-89t^5+128t^4+170t^3+28t^2-51t-14,-2t^2+4t,,
8.857679,O1O2O3O4U5U6O5U7U4O6U1O7O8U3U2U8,4,3z^3+41z^2+117z+95,3w^4z^3+41w^3z^2+117w^2z+95w,False,False,"[[ 0 -1  0  0  2 -1 -1 -1  2],[ 1  0  1  0  1  0  1  1  2],[ 0 -1  0  0  2 -1 -1  0  2],[ 0  0  0  0  2 -1 -1  0  1],[-2 -1 -2 -2  0 -2 -1 -1  0],[ 1  0  1  1  2  0 -1 -1  2],[ 1 -1  1  1  1  1  0 -1  2],[ 1 -1  0  0  1  1  1  0  2],[-2 -2 -2 -1  0 -2 -2 -2  0]]","[[ 0  2  2  0  0 -1 -1 -1 -1],[-2  0  0 -1 -2 -2 -2 -2 -2],[-2  0  0 -2 -2 -1 -1 -1 -2],[ 0  1  2  0  0  0  0 -1 -1],[ 0  2  2  0  0  0 -1 -1 -1],[ 1  2  1  0  0  0 -1  1  1],[ 1  2  1  0  1  1  0  1  0],[ 1  2  1  1  1 -1 -1  0  1],[ 1  2  2  1  1 -1  0 -1  0]]",True,"[-2,-2,0,0,1,1,1,1,0,1,2,2,2,2,2,2,2,1,1,1,2,0,0,0,1,1,0,1,1,1,1,-1,-1,-1,0,-1]","[-2,-2,0,0,1,1,1,1,0,0,0,1,2,2,2,0,1,1,1,1,1,0,0,0,0,1,0,0,1,1,-1,0,-1,-1,-1,1]",t^8+46t^6+277t^4+163t^2+4,"[-1,-1,-1,-1,0,0,2,2,-1,-1,0,0,1,1,2,-1,-1,1,1,1,2,-1,0,0,1,2,0,0,1,1,0,0,0,1,0,0]","[-2,-2,0,0,1,1,1,1,0,0,0,1,2,2,2,0,1,1,1,1,1,0,0,0,0,1,0,0,1,1,-1,0,-1,-1,-1,1]","[-1,-1,-1,-1,0,0,2,2,-1,-1,0,1,1,2,2,-1,-1,1,1,1,2,-1,0,0,1,2,0,1,1,2,0,2,1,2,2,0]",c,"[[{8, 1}, {2, 7}, {3, 6}, {4, 5}], [{8, 1}, {3, 7}, {2, 6}, {4, 5}], [{8, 1}, {4, 7}, {2, 6}, {3, 5}], [{8, 1}, {4, 7}, {3, 6}, {2, 5}], [{8, 2}, {4, 7}, {3, 6}, {1, 5}], [{8, 3}, {1, 7}, {2, 6}, {4, 5}], [{8, 4}, {2, 7}, {1, 6}, {3, 5}]]",1,4 K_1^3 + 12 K_1^2 K_2 - 6 K_1^2 - 8 K_1 K_2 - 6 K_1 K_3 + K_1 - 6 K_2^2 + 3 K_3 + 3 K_4 + 4,O1O2O3O4U5U3U2O5O6U4O7U1U6O8U7U8,O1O2O3U4U2U1U5O6O7U6O8O5U7O4U8U3,O1O2O3U1U4O5U6O7O4U8O6O8U7U3U2U5,c,{'O1O2O3O4U5U6O5U7U4O6U1O7O8U3U2U8'},1,"<a href=""/flatknot/8.857679"">8.857679</a>",t^9-42t^7-134t^6-27t^5+348t^4+405t^3+78t^2-72t-26,-2t^2+4t,,
8.857680,O1O2O3O4U5U6O5U7U4O6U2O7O8U1U8U3,4,11z^2+96z+149,11w^3z^2+96w^2z+149w,False,False,"[[ 0 -2  0  2  2 -1 -1 -1  1],[ 2  0  1  3  2  1  1  1  1],[ 0 -1  0  0  1 -1  0  0  0],[-2 -3  0  0  2 -3 -3 -2  0],[-2 -2 -1 -2  0 -2 -1 -1  0],[ 1 -1  1  3  2  0 -1 -1  1],[ 1 -1  0  3  1  1  0 -1  1],[ 1 -1  0  2  1  1  1  0  1],[-1 -1  0  0  0 -1 -1 -1  0]]","[[ 0  2  2  1  0 -1 -1 -1 -2],[-2  0  2  0  0 -2 -3 -3 -3],[-2 -2  0  0 -1 -1 -1 -2 -2],[-1  0  0  0  0 -1 -1 -1 -1],[ 0  0  1  0  0  0  0 -1 -1],[ 1  2  1  1  0  0  1  1 -1],[ 1  3  1  1  0 -1  0  1 -1],[ 1  3  2  1  1 -1 -1  0 -1],[ 2  3  2  1  1  1  1  1  0]]",True,"[-2,-2,-1,0,1,1,1,2,-2,0,0,2,3,3,3,0,1,1,1,2,2,0,1,1,1,1,0,0,1,1,-1,-1,1,-1,1,1]","[-2,-2,-1,0,1,1,1,2,-2,0,0,2,3,3,3,0,1,1,1,2,2,0,1,1,1,1,0,0,1,1,-1,-1,1,-1,1,1]",t^8+58t^6+217t^4+37t^2+1,"[-2,-1,-1,-1,0,1,2,2,0,0,0,1,2,1,2,-1,-1,1,1,1,2,-1,1,1,0,2,0,1,0,1,1,2,1,1,1,-2]","[-2,-2,-1,0,1,1,1,2,-2,1,1,1,2,2,2,1,2,0,0,1,1,1,1,1,1,2,0,1,1,1,-1,-1,0,-1,0,0]","[-2,-1,-1,-1,0,1,2,2,1,1,1,1,1,2,3,-1,-1,1,1,2,3,-1,0,1,1,3,0,1,1,2,0,1,0,0,0,-2]",c,"[[{8, 6}, {5, 7}, {3, 4}, {1, 2}]]",1,- 26 K_1^2 - 24 K_1 K_2 + 12 K_1 - 12 K_2^2 + 13 K_2 + 12 K_3 + 6 K_4 + 20,O1O2O3O4U2U5U4O5O6U3O7U1U6O8U7U8,O1O2O3U1U4U3U5O6O7U6O8O5U7O4U8U2,O1O2O3U2U4O5U6O7O4U8O6O8U7U1U5U3,c,{'O1O2O3O4U5U6O5U7U4O6U2O7O8U1U8U3'},1,"<a href=""/flatknot/8.857680"">8.857680</a>",t^9-56t^7-216t^6-266t^5+30t^4+323t^3+214t^2+17t-10,-t^2+2t,,
8.857681,O1O2O3O4U5U6O5U7U4O6U2O7O8U3U1U8,3,10z^2+91z+143,10w^3z^2+91w^2z+143w,False,False,"[[ 0 -1  0  0  2 -1 -1 -1  2],[ 1  0  0  1  2  0  0  0  2],[ 0  0  0  0  1 -1  0  0  1],[ 0 -1  0  0  2 -1 -1  0  1],[-2 -2 -1 -2  0 -2 -1 -1  0],[ 1  0  1  1  2  0 -1 -1  2],[ 1  0  0  1  1  1  0 -1  2],[ 1  0  0  0  1  1  1  0  2],[-2 -2 -1 -1  0 -2 -2 -2  0]]","[[ 0  2  2  0  0 -1 -1 -1 -1],[-2  0  0 -1 -1 -2 -2 -2 -2],[-2  0  0 -1 -2 -1 -1 -2 -2],[ 0  1  1  0  0  0  0  0 -1],[ 0  1  2  0  0  0 -1 -1 -1],[ 1  2  1  0  0  0  1  0  1],[ 1  2  1  0  1 -1  0  0  1],[ 1  2  2  0  1  0  0  0  0],[ 1  2  2  1  1 -1 -1  0  0]]",True,"[-2,-2,0,0,1,1,1,1,0,1,1,2,2,2,2,1,2,1,1,2,2,0,0,0,0,1,0,1,1,1,-1,0,-1,0,-1,0]","[-2,-2,0,0,1,1,1,1,0,0,1,1,1,2,2,1,1,1,1,1,1,0,0,0,0,1,0,1,1,1,0,-1,-1,0,0,-1]",t^8+40t^6+168t^4+91t^2,"[-1,-1,-1,-1,0,0,2,2,-1,-1,0,1,1,1,2,-1,0,0,1,1,2,0,0,0,1,1,0,1,1,1,0,1,0,1,1,0]","[-2,-2,0,0,1,1,1,1,0,0,1,1,1,2,2,1,1,1,1,1,1,0,0,0,0,1,0,1,1,1,0,-1,-1,0,0,-1]","[-1,-1,-1,-1,0,0,2,2,-1,-1,0,1,1,2,2,-1,0,0,1,1,2,0,0,0,1,2,0,1,2,2,0,1,1,2,1,0]",c,"[[{8, 7}, {2, 6}, {4, 5}, {1, 3}], [{8, 7}, {2, 6}, {4, 5}, {3}, {1}], [{8, 7}, {4, 6}, {2, 5}, {1, 3}], [{8, 7}, {4, 6}, {2, 5}, {3}, {1}]]",1,- 24 K_1^2 - 24 K_1 K_2 + 12 K_1 - 12 K_2^2 + 12 K_2 + 12 K_3 + 6 K_4 + 19,O1O2O3O4U5U4U2O5O6U3O7U1U6O8U7U8,O1O2O3U2U4U1U5O6O7U6O8O5U7O4U8U3,O1O2O3U1U4O5U6O7O4U8O6O8U7U3U5U2,c,{'O1O2O3O4U5U6O5U7U4O6U2O7O8U3U1U8'},1,"<a href=""/flatknot/8.857681"">8.857681</a>",t^9-36t^7-84t^6+42t^5+220t^4+98t^3-52t^2-32t-8,-2t^2+4t,,
8.857682,O1O2O3O4U5U6O5U7U4O6U3O7O8U1U8U2,4,3z^3+41z^2+117z+95,3w^4z^3+41w^3z^2+117w^2z+95w,False,False,"[[ 0 -2  1  1  2 -1 -1 -1  1],[ 2  0  2  1  2  1  1  1  1],[-1 -2  0  1  2 -2 -2 -2  0],[-1 -1 -1  0  1 -2 -1 -1  0],[-2 -2 -2 -1  0 -2 -1 -1  0],[ 1 -1  2  2  2  0 -1 -1  1],[ 1 -1  2  1  1  1  0 -1  1],[ 1 -1  2  1  1  1  1  0  1],[-1 -1  0  0  0 -1 -1 -1  0]]","[[ 0  2  1  1  1 -1 -1 -1 -2],[-2  0  0 -1 -2 -1 -1 -2 -2],[-1  0  0  0  0 -1 -1 -1 -1],[-1  1  0  0 -1 -1 -1 -2 -1],[-1  2  0  1  0 -2 -2 -2 -2],[ 1  1  1  1  2  0  1  1 -1],[ 1  1  1  1  2 -1  0  1 -1],[ 1  2  1  2  2 -1 -1  0 -1],[ 2  2  1  1  2  1  1  1  0]]",True,"[-2,-1,-1,-1,1,1,1,2,0,1,2,1,1,2,2,0,0,1,1,1,1,1,1,1,2,1,2,2,2,2,-1,-1,1,-1,1,1]","[-2,-1,-1,-1,1,1,1,2,-1,0,1,1,2,2,2,1,0,0,0,0,1,0,0,1,1,2,1,1,1,2,-1,-1,0,-1,0,0]",t^8+49t^6+163t^4+51t^2+4,"[-2,-1,-1,-1,1,1,1,2,0,0,0,1,2,2,2,-1,-1,0,1,1,2,-1,0,1,1,2,0,0,1,1,-1,0,-1,0,0,1]","[-2,-1,-1,-1,1,1,1,2,-1,0,1,1,2,2,2,1,0,0,0,0,1,0,0,1,1,2,1,1,1,2,-1,-1,0,-1,0,0]","[-2,-1,-1,-1,1,1,1,2,1,1,1,1,1,2,2,-1,-1,1,2,2,2,-1,1,1,2,1,1,1,2,1,0,0,0,-1,1,2]",c,"[[{8, 1}, {6, 7}, {4, 5}, {2, 3}], [{8, 1}, {6, 7}, {4, 5}, {3}, {2}], [{8, 5}, {2, 7}, {3, 6}, {1, 4}], [{8, 5}, {3, 7}, {2, 6}, {1, 4}], [{8, 5}, {6, 7}, {1, 4}, {2, 3}], [{8, 5}, {6, 7}, {1, 4}, {3}, {2}]]",1,20 K_1^3 + 12 K_1^2 K_2 - 12 K_1^2 - 20 K_1 K_2 - 12 K_1 K_3 - 5 K_1 + 6 K_2 + 5 K_3 + 3 K_4 + 4,O1O2O3O4U3U5U4O5O6U2O7U1U6O8U7U8,O1O2O3U1U3U4U5O6O7U6O8O5U7O4U8U2,O1O2O3U2U4O5U6O7O4U8O6O8U7U5U1U3,c,{'O1O2O3O4U5U6O5U7U4O6U3O7O8U1U8U2'},1,"<a href=""/flatknot/8.857682"">8.857682</a>",t^9-49t^7-204t^6-311t^5-146t^4+89t^3+124t^2+46t+2,0,,
8.857683,O1O2O3O4U5U6O5U7U4O6U3O7O8U2U1U8,4,3z^3+41z^2+117z+95,3w^4z^3+41w^3z^2+117w^2z+95w,False,False,"[[ 0 -1 -1  1  2 -1 -1 -1  2],[ 1  0  0  1  2  0  0  0  2],[ 1  0  0  1  2  0  0  0  1],[-1 -1 -1  0  1 -2 -1 -1  0],[-2 -2 -2 -1  0 -2 -1 -1  0],[ 1  0  0  2  2  0 -1 -1  2],[ 1  0  0  1  1  1  0 -1  2],[ 1  0  0  1  1  1  1  0  2],[-2 -2 -1  0  0 -2 -2 -2  0]]","[[ 0  2  2  1 -1 -1 -1 -1 -1],[-2  0  0  0 -1 -2 -2 -2 -2],[-2  0  0 -1 -2 -1 -1 -2 -2],[-1  0  1  0 -1 -1 -1 -1 -2],[ 1  1  2  1  0  0  0  0  0],[ 1  2  1  1  0  0  1  0  1],[ 1  2  1  1  0 -1  0  0  1],[ 1  2  2  1  0  0  0  0  0],[ 1  2  2  2  0 -1 -1  0  0]]",True,"[-2,-2,-1,1,1,1,1,1,0,0,1,2,2,2,2,1,2,1,1,2,2,1,1,1,1,2,0,0,0,0,-1,0,-1,0,-1,0]","[-2,-2,-1,1,1,1,1,1,0,0,1,1,1,2,2,1,1,1,2,1,1,0,1,1,1,1,0,0,-1,-1,0,0,0,0,0,-1]",t^8+43t^6+146t^4+48t^2+4,"[-1,-1,-1,-1,-1,1,2,2,-1,-1,0,0,1,1,2,-1,0,0,1,1,2,0,0,0,1,1,0,1,1,1,1,2,1,1,0,0]","[-2,-2,-1,1,1,1,1,1,0,0,1,1,1,2,2,1,1,1,2,1,1,0,1,1,1,1,0,0,-1,-1,0,0,0,0,0,-1]","[-1,-1,-1,-1,-1,1,2,2,-1,-1,0,0,2,2,2,-1,0,0,1,1,2,0,0,1,1,2,0,1,2,1,1,2,2,1,0,0]",c,"[[{8, 2}, {6, 7}, {4, 5}, {1, 3}], [{8, 2}, {6, 7}, {4, 5}, {3}, {1}], [{8, 6}, {2, 7}, {4, 5}, {1, 3}], [{8, 6}, {2, 7}, {4, 5}, {3}, {1}]]",1,8 K_1^3 + 12 K_1^2 K_2 - 4 K_1^2 - 8 K_1 K_2 - 12 K_1 K_3 - 2 K_1 + 2 K_2 + 2 K_3 + 3 K_4,O1O2O3O4U5U4U3O5O6U2O7U1U6O8U7U8,O1O2O3U2U1U4U5O6O7U6O8O5U7O4U8U3,O1O2O3U1U4O5U6O7O4U8O6O8U7U5U3U2,c,{'O1O2O3O4U5U6O5U7U4O6U3O7O8U2U1U8'},1,"<a href=""/flatknot/8.857683"">8.857683</a>",t^9-39t^7-68t^6+62t^5+168t^4+45t^3-36t^2+3t+8,-2t^2+4t,,
8.857684,O1O2O3O4U5U6O5U7U4O6U8O7O8U1U2U3,4,z^3+13z^2+31z+19,-2w^5z^3+3w^4z^3-24w^4z^2+37w^3z^2-38w^3z+69w^2z+19w,False,False,"[[ 0 -2  0  2  2 -1 -1 -1  1],[ 2  0  1  2  2  1  1  1  3],[ 0 -1  0  1  2 -1 -1 -1  1],[-2 -2 -1  0  2 -3 -3 -3 -1],[-2 -2 -2 -2  0 -2 -1 -1 -1],[ 1 -1  1  3  2  0 -1 -1  2],[ 1 -1  1  3  1  1  0 -1  1],[ 1 -1  1  3  1  1  1  0  1],[-1 -3 -1  1  1 -2 -1 -1  0]]","[[ 0  2  2  1  0 -1 -1 -1 -2],[-2  0  2 -1 -1 -3 -3 -3 -2],[-2 -2  0 -1 -2 -1 -1 -2 -2],[-1  1  1  0 -1 -1 -1 -2 -3],[ 0  1  2  1  0 -1 -1 -1 -1],[ 1  3  1  1  1  0  1  1 -1],[ 1  3  1  1  1 -1  0  1 -1],[ 1  3  2  2  1 -1 -1  0 -1],[ 2  2  2  3  1  1  1  1  0]]",True,"[-2,-2,-1,0,1,1,1,2,-2,1,1,3,3,3,2,1,2,1,1,2,2,1,1,1,2,3,1,1,1,1,-1,-1,1,-1,1,1]","[-2,-2,-1,0,1,1,1,2,-2,0,0,1,2,2,2,0,1,0,0,0,2,0,0,1,1,0,0,0,0,1,-1,-1,0,-1,0,0]",t^8+78t^6+478t^4+221t^2,"[-2,-1,-1,-1,0,1,2,2,0,0,0,1,0,2,2,-1,-1,0,1,0,2,-1,0,1,0,2,0,0,0,1,0,1,0,0,0,-2]","[-2,-2,-1,0,1,1,1,2,-2,0,0,1,2,2,2,0,1,0,0,0,2,0,0,1,1,0,0,0,0,1,-1,-1,0,-1,0,0]","[-2,-1,-1,-1,0,1,2,2,1,1,1,1,3,2,2,-1,-1,1,2,2,3,-1,1,1,1,3,1,1,1,3,1,2,1,1,1,-2]",c,"[[{8, 2}, {5, 7}, {4, 6}, {1, 3}], [{8, 2}, {6, 7}, {4, 5}, {1, 3}], [{8}, {5, 7}, {4, 6}, {1, 3}, {2}], [{8}, {6, 7}, {4, 5}, {1, 3}, {2}]]",1,- 24 K_1^4 + 8 K_1^3 + 24 K_1^2 K_2 + 12 K_1^2 - 4 K_1 K_2 - 6 K_1 K_3 - 4 K_1 - 3 K_2 - 2,O1O2O3O4U2U3U4O5O6U5O7U1U6O8U7U8,O1O2O3U1U2U3U4O5O6U5O7O4U6O8U7U8,O1O2O3U4U5O4U6O7O5U8O6O8U7U1U2U3,c,{'O1O2O3O4U5U6O5U7U4O6U8O7O8U1U2U3'},1,"<a href=""/flatknot/8.857684"">8.857684</a>",t^9-76t^7-366t^6-563t^5-62t^4+644t^3+496t^2-46t-108,-t^2+2t,,
8.857685,O1O2O3O4U5U6O5U7U4O6U8O7O8U1U3U2,4,3z^3+41z^2+117z+95,3w^4z^3+41w^3z^2+117w^2z+95w,False,False,"[[ 0 -2  1  1  2 -1 -1 -1  1],[ 2  0  2  1  2  1  1  1  3],[-1 -2  0  0  2 -2 -2 -2  0],[-1 -1  0  0  2 -2 -2 -2  0],[-2 -2 -2 -2  0 -2 -1 -1 -1],[ 1 -1  2  2  2  0 -1 -1  2],[ 1 -1  2  2  1  1  0 -1  1],[ 1 -1  2  2  1  1  1  0  1],[-1 -3  0  0  1 -2 -1 -1  0]]","[[ 0  2  1  1  1 -1 -1 -1 -2],[-2  0 -1 -2 -2 -1 -1 -2 -2],[-1  1  0  0  0 -1 -1 -2 -3],[-1  2  0  0  0 -2 -2 -2 -1],[-1  2  0  0  0 -2 -2 -2 -2],[ 1  1  1  2  2  0  1  1 -1],[ 1  1  1  2  2 -1  0  1 -1],[ 1  2  2  2  2 -1 -1  0 -1],[ 2  2  3  1  2  1  1  1  0]]",True,"[-2,-1,-1,-1,1,1,1,2,1,2,2,1,1,2,2,0,0,1,1,2,3,0,2,2,2,1,2,2,2,2,-1,-1,1,-1,1,1]","[-2,-1,-1,-1,1,1,1,2,-1,-1,0,1,2,2,2,0,0,0,0,0,1,0,0,0,0,2,0,1,1,0,-1,-1,0,-1,0,0]",t^8+69t^6+392t^4+192t^2+4,"[-2,-1,-1,-1,1,1,1,2,0,0,0,0,1,2,2,-1,-1,1,0,0,2,-1,1,0,0,2,0,0,0,1,0,0,0,0,-1,-1]","[-2,-1,-1,-1,1,1,1,2,-1,-1,0,1,2,2,2,0,0,0,0,0,1,0,0,0,0,2,0,1,1,0,-1,-1,0,-1,0,0]","[-2,-1,-1,-1,1,1,1,2,1,1,1,1,2,3,2,-1,-1,2,2,2,2,-1,2,2,1,1,2,2,1,1,0,0,2,0,2,1]",c,"[[{8, 2}, {6, 7}, {4, 5}, {1, 3}]]",1,4 K_1^3 + 12 K_1^2 K_2 - 4 K_1^2 - 4 K_1 K_2 - 12 K_1 K_3 - K_1 + 2 K_2 + K_3 + 3 K_4,O1O2O3O4U3U2U4O5O6U5O7U1U6O8U7U8,O1O2O3U1U3U2U4O5O6U5O7O4U6O8U7U8,O1O2O3U4U5O4U6O7O5U8O6O8U7U2U1U3,c,{'O1O2O3O4U5U6O5U7U4O6U8O7O8U1U3U2'},1,"<a href=""/flatknot/8.857685"">8.857685</a>",t^9-69t^7-262t^6-198t^5+310t^4+670t^3+526t^2+160t-10,0,,
8.857686,O1O2O3O4U5U6O5U7U4O6U8O7O8U2U1U3,4,3z^3+41z^2+117z+95,3w^4z^3+41w^3z^2+117w^2z+95w,False,False,"[[ 0 -1 -1  2  2 -1 -1 -1  1],[ 1  0  0  2  2  0  0  0  2],[ 1  0  0  1  2  0  0  0  2],[-2 -2 -1  0  2 -3 -3 -3 -1],[-2 -2 -2 -2  0 -2 -1 -1 -1],[ 1  0  0  3  2  0 -1 -1  2],[ 1  0  0  3  1  1  0 -1  1],[ 1  0  0  3  1  1  1  0  1],[-1 -2 -2  1  1 -2 -1 -1  0]]","[[ 0  2  2  1 -1 -1 -1 -1 -1],[-2  0  2 -1 -1 -2 -3 -3 -3],[-2 -2  0 -1 -2 -2 -1 -1 -2],[-1  1  1  0 -2 -2 -1 -1 -2],[ 1  1  2  2  0  0  0  0  0],[ 1  2  2  2  0  0  0  0  0],[ 1  3  1  1  0  0  0  1  1],[ 1  3  1  1  0  0 -1  0  1],[ 1  3  2  2  0  0 -1 -1  0]]",True,"[-2,-2,-1,1,1,1,1,1,-2,1,1,2,3,3,3,1,2,2,1,1,2,2,2,1,1,2,0,0,0,0,0,0,0,-1,-1,-1]","[-2,-2,-1,1,1,1,1,1,-2,0,1,1,1,2,2,0,0,1,2,0,0,0,0,0,1,1,0,0,-1,-1,0,0,0,0,0,-1]",t^8+69t^6+384t^4+196t^2,"[-1,-1,-1,-1,-1,1,2,2,-1,-1,0,0,1,0,2,-1,0,0,1,0,2,0,0,0,0,1,0,0,1,1,0,2,1,0,0,-2]","[-2,-2,-1,1,1,1,1,1,-2,0,1,1,1,2,2,0,0,1,2,0,0,0,0,0,1,1,0,0,-1,-1,0,0,0,0,0,-1]","[-1,-1,-1,-1,-1,1,2,2,-1,-1,0,0,2,2,3,-1,0,0,1,1,3,0,0,1,1,3,0,2,2,1,2,2,2,1,1,-2]",c,"[[{8, 1}, {6, 7}, {3, 5}, {2, 4}], [{8, 1}, {6, 7}, {4, 5}, {2, 3}]]",1,4 K_1^3 - 4 K_1^2 - 4 K_1 K_2 - K_1 + 2 K_2 + K_3 + 3,O1O2O3O4U2U4U3O5O6U5O7U1U6O8U7U8,O1O2O3U2U1U3U4O5O6U5O7O4U6O8U7U8,O1O2O3U4U5O4U6O7O5U8O6O8U7U1U3U2,c,{'O1O2O3O4U5U6O5U7U4O6U8O7O8U2U1U3'},1,"<a href=""/flatknot/8.857686"">8.857686</a>",t^9-65t^7-198t^6+44t^5+570t^4+640t^3+318t^2+64t-6,-2t^2+4t,,
8.857687,O1O2O3O4U5U6O5U7U4O6U8O7O8U3U1U2,4,2z^3+27z^2+74z+57,2w^4z^3+27w^3z^2+74w^2z+57w,False,False,"[[ 0 -1  1  0  2 -1 -1 -1  1],[ 1  0  1  0  2  0  0  0  2],[-1 -1  0  0  2 -2 -2 -2  0],[ 0  0  0  0  2 -1 -1 -1  1],[-2 -2 -2 -2  0 -2 -1 -1 -1],[ 1  0  2  1  2  0 -1 -1  2],[ 1  0  2  1  1  1  0 -1  1],[ 1  0  2  1  1  1  1  0  1],[-1 -2  0 -1  1 -2 -1 -1  0]]","[[ 0  2  1  1  0 -1 -1 -1 -1],[-2  0 -1 -2 -2 -1 -1 -2 -2],[-1  1  0  0 -1 -1 -1 -2 -2],[-1  2  0  0  0 -2 -2 -1 -2],[ 0  2  1  0  0 -1 -1  0 -1],[ 1  1  1  2  1  0  1  0  1],[ 1  1  1  2  1 -1  0  0  1],[ 1  2  2  1  0  0  0  0  0],[ 1  2  2  2  1 -1 -1  0  0]]",True,"[-2,-1,-1,0,1,1,1,1,1,2,2,1,1,2,2,0,1,1,1,2,2,0,2,2,1,2,1,1,0,1,-1,0,-1,0,-1,0]","[-2,-1,-1,0,1,1,1,1,-1,0,0,1,1,2,2,0,1,0,1,0,0,0,0,0,1,1,0,1,0,0,0,-1,-1,0,0,-1]",t^8+49t^6+184t^4+89t^2+1,"[-1,-1,-1,-1,0,1,1,2,-1,-1,0,0,0,1,2,-1,0,0,0,1,2,0,0,0,0,1,1,1,0,1,1,0,0,0,-1,0]","[-2,-1,-1,0,1,1,1,1,-1,0,0,1,1,2,2,0,1,0,1,0,0,0,0,0,1,1,0,1,0,0,0,-1,-1,0,0,-1]","[-1,-1,-1,-1,0,1,1,2,-1,-1,0,1,2,2,2,-1,0,1,1,2,1,0,1,1,2,1,0,2,1,2,1,0,2,0,1,2]",c,"[[{8, 3}, {1, 7}, {2, 6}, {4, 5}], [{8, 3}, {5, 7}, {2, 6}, {1, 4}], [{8, 3}, {5, 7}, {4, 6}, {1, 2}], [{8, 3}, {6, 7}, {2, 5}, {1, 4}], [{8, 3}, {6, 7}, {4, 5}, {1, 2}], [{8}, {5, 7}, {4, 6}, {3}, {1, 2}], [{8}, {6, 7}, {4, 5}, {3}, {1, 2}]]",1,12 K_1^3 + 2 K_1^2 - 12 K_1 K_2 - 3 K_1 - K_2 + 3 K_3,O1O2O3O4U3U4U2O5O6U5O7U1U6O8U7U8,O1O2O3U2U3U1U4O5O6U5O7O4U6O8U7U8,O1O2O3U4U5O4U6O7O5U8O6O8U7U3U1U2,c,"{'O1O2O3U4U5O4U6U3O5U7O6O7U8U1O8U2', 'O1O2O3O4U5U6O5U7U4O6U8O7O8U3U1U2'}",2,"<a href=""/flatknot/8.857687"">8.857687</a>",t^9-47t^7-134t^6+5t^5+224t^4+127t^3-10t^2-6t,-t^2+2t,,
8.857688,O1O2O3O4U5U6O5U7U8O6U1O7O8U2U3U4,3,4z^2+21z+27,8w^5z^2-26w^4z^2+8w^4z+22w^3z^2-30w^3z+43w^2z+27w,False,False,"[[ 0 -1 -1  1  3 -1 -1 -1  1],[ 1  0 -1  0  1  0  2  2  3],[ 1  1  0  1  2  0  0  1  3],[-1  0 -1  0  1 -2 -2 -1  1],[-3 -1 -2 -1  0 -4 -4 -3 -1],[ 1  0  0  2  4  0 -1 -1  1],[ 1 -2  0  2  4  1  0 -1  0],[ 1 -2 -1  1  3  1  1  0  1],[-1 -3 -3 -1  1 -1  0 -1  0]]","[[ 0  3  1  1 -1 -1 -1 -1 -1],[-3  0 -1 -1 -1 -2 -3 -4 -4],[-1  1  0  1  0 -1 -1 -2 -2],[-1  1 -1  0 -3 -3 -1  0 -1],[ 1  1  0  3  0 -1  2  2  0],[ 1  2  1  3  1  0  1  0  0],[ 1  3  1  1 -2 -1  0  1  1],[ 1  4  2  0 -2  0 -1  0  1],[ 1  4  2  1  0  0 -1 -1  0]]",True,"[-3,-1,-1,1,1,1,1,1,1,1,1,2,3,4,4,-1,0,1,1,2,2,3,3,1,0,1,1,-2,-2,0,-1,0,0,-1,-1,-1]","[-3,-1,-1,1,1,1,1,1,1,1,0,0,1,2,3,-1,1,2,1,-1,-1,0,0,1,1,2,-1,-1,0,0,-1,0,-2,-1,-2,1]",t^8+92t^6+1525t^4+351t^2,"[-1,-1,-1,-1,-1,1,1,3,-2,-2,0,1,-1,2,3,-1,-1,1,1,1,1,-1,0,2,0,0,0,1,0,0,-1,1,2,1,1,1]","[-3,-1,-1,1,1,1,1,1,1,1,0,0,1,2,3,-1,1,2,1,-1,-1,0,0,1,1,2,-1,-1,0,0,-1,0,-2,-1,-2,1]","[-1,-1,-1,-1,-1,1,1,3,-2,-1,0,1,0,2,4,2,-1,0,3,0,1,-1,1,1,1,3,0,3,1,2,1,2,4,-1,1,1]",c,"[[{8, 2}, {1, 7}, {3, 6}, {4, 5}], [{8, 2}, {3, 7}, {1, 6}, {4, 5}], [{8, 2}, {3, 7}, {4, 6}, {1, 5}], [{8, 2}, {3, 7}, {5, 6}, {1, 4}], [{8, 2}, {4, 7}, {3, 6}, {1, 5}], [{8, 2}, {5, 7}, {3, 6}, {1, 4}], [{8, 3}, {2, 7}, {4, 6}, {1, 5}], [{8, 3}, {4, 7}, {2, 6}, {1, 5}], [{8, 4}, {2, 7}, {3, 6}, {1, 5}], [{8, 4}, {3, 7}, {2, 6}, {1, 5}]]",1,- 32 K_1^4 + 12 K_1^3 + 24 K_1^2 K_2 + 4 K_1^2 - 6 K_1 K_2 - 4 K_1 K_3 - 6 K_1 + 4 K_2 + 5,O1O2O3O4U1U2U3O5O6U4O7U5U6O8U7U8,O1O2O3U4U1U2U3O5O6U5O7O8U6O4U7U8,O1O2O3U4U5O6U7O4O5U8O7O8U1U2U3U6,c,{'O1O2O3O4U5U6O5U7U8O6U1O7O8U2U3U4'},1,"<a href=""/flatknot/8.857688"">8.857688</a>",t^9-86t^7-286t^6+497t^5+2666t^4+2901t^3+494t^2-708t-288,-t^3+3t,,
8.857689,O1O2O3O4U5U6O5U7U8O6U1O7O8U2U4U3,4,6z^3+46z^2+109z+83,6w^4z^3-4w^4z^2+50w^3z^2+109w^2z+83w,False,False,"[[ 0 -1 -1  2  2 -1 -1 -1  1],[ 1  0 -1  1  0  0  2  2  3],[ 1  1  0  2  1  0  0  1  3],[-2 -1 -2  0  0 -3 -3 -2  0],[-2  0 -1  0  0 -3 -3 -2  0],[ 1  0  0  3  3  0 -1 -1  1],[ 1 -2  0  3  3  1  0 -1  0],[ 1 -2 -1  2  2  1  1  0  1],[-1 -3 -3  0  0 -1  0 -1  0]]","[[ 0  2  2  1 -1 -1 -1 -1 -1],[-2  0  0  0  0 -1 -2 -3 -3],[-2  0  0  0 -1 -2 -2 -3 -3],[-1  0  0  0 -3 -3 -1  0 -1],[ 1  0  1  3  0 -1  2  2  0],[ 1  1  2  3  1  0  1  0  0],[ 1  2  2  1 -2 -1  0  1  1],[ 1  3  3  0 -2  0 -1  0  1],[ 1  3  3  1  0  0 -1 -1  0]]",True,"[-2,-2,-1,1,1,1,1,1,0,0,0,1,2,3,3,0,1,2,2,3,3,3,3,1,0,1,1,-2,-2,0,-1,0,0,-1,-1,-1]","[-2,-2,-1,1,1,1,1,1,0,0,0,1,2,3,3,0,1,2,2,3,3,3,3,1,0,1,1,-2,-2,0,-1,0,0,-1,-1,-1]",t^8+83t^6+1342t^4+360t^2+9,"[-1,-1,-1,-1,-1,1,2,2,-2,-2,0,1,-1,2,3,-1,-1,1,1,1,1,-1,0,2,0,0,0,1,0,0,-1,1,2,1,1,0]","[-2,-2,-1,1,1,1,1,1,0,1,0,0,1,1,2,1,0,0,1,2,3,1,2,1,-1,-1,-1,-1,0,0,-1,0,-2,-1,-2,1]","[-1,-1,-1,-1,-1,1,2,2,-2,-1,0,1,0,3,3,2,-1,0,3,0,1,-1,1,1,2,2,0,3,1,2,1,3,3,0,0,0]",c,"[[{8, 2}, {6, 7}, {4, 5}, {1, 3}], [{8, 2}, {7}, {6}, {4, 5}, {1, 3}]]",1,4 K_1^3 + 12 K_1^2 K_2 - 10 K_1^2 - 8 K_1 K_2 - 10 K_1 K_3 + K_1 - 6 K_2^2 + 4 K_2 + 3 K_3 + 5 K_4 + 6,O1O2O3O4U2U1U3O5O6U4O7U5U6O8U7U8,O1O2O3U4U1U3U2O5O6U5O7O8U6O4U7U8,O1O2O3U4U5O6U7O4O5U8O7O8U2U1U3U6,c,{'O1O2O3O4U5U6O5U7U8O6U1O7O8U2U4U3'},1,"<a href=""/flatknot/8.857689"">8.857689</a>",t^9-79t^7-190t^6+770t^5+2370t^4+1925t^3+570t^2+157t-2,-2t^2+4t,,
8.857690,O1O2O3O4U5U6O5U7U8O6U1O7O8U3U2U4,4,6z^3+40z^2+91z+71,6w^4z^3+40w^3z^2+91w^2z+71w,False,False,"[[ 0 -1  0  0  3 -1 -1 -1  1],[ 1  0  0 -1  1  0  2  2  3],[ 0  0  0  0  2 -1 -1  0  2],[ 0  1  0  0  1 -1 -1  0  2],[-3 -1 -2 -1  0 -4 -4 -3 -1],[ 1  0  1  1  4  0 -1 -1  1],[ 1 -2  1  1  4  1  0 -1  0],[ 1 -2  0  0  3  1  1  0  1],[-1 -3 -2 -2  1 -1  0 -1  0]]","[[ 0  3  1  0  0 -1 -1 -1 -1],[-3  0 -1 -1 -2 -1 -3 -4 -4],[-1  1  0 -2 -2 -3 -1  0 -1],[ 0  1  2  0  0  1  0 -1 -1],[ 0  2  2  0  0  0  0 -1 -1],[ 1  1  3 -1  0  0  2  2  0],[ 1  3  1  0  0 -2  0  1  1],[ 1  4  0  1  1 -2 -1  0  1],[ 1  4  1  1  1  0 -1 -1  0]]",True,"[-3,-1,0,0,1,1,1,1,1,1,2,1,3,4,4,2,2,3,1,0,1,0,-1,0,1,1,0,0,1,1,-2,-2,0,-1,-1,-1]","[-3,-1,0,0,1,1,1,1,1,1,2,0,0,1,3,-1,-1,1,2,1,-1,0,0,0,1,1,0,0,1,2,-1,-1,0,-1,-2,-2]",t^8+83t^6+1323t^4+375t^2+9,"[-1,-1,-1,-1,0,0,1,3,-2,-2,0,1,2,-1,3,-1,-1,1,1,1,1,-1,0,0,2,0,0,0,1,0,0,-1,1,-1,2,1]","[-3,-1,0,0,1,1,1,1,1,1,2,0,0,1,3,-1,-1,1,2,1,-1,0,0,0,1,1,0,0,1,2,-1,-1,0,-1,-2,-2]","[-1,-1,-1,-1,0,0,1,3,-2,-1,1,1,1,0,4,2,0,-1,0,3,1,1,0,0,1,3,1,1,1,4,0,2,1,2,2,1]",c,"[[{8, 2}, {3, 7}, {4, 6}, {1, 5}], [{8, 2}, {4, 7}, {3, 6}, {1, 5}], [{8, 3}, {2, 7}, {4, 6}, {1, 5}], [{8, 3}, {4, 7}, {2, 6}, {1, 5}]]",1,4 K_1^3 + 4 K_1^2 K_2 - 2 K_1^2 - 6 K_1 K_2 - 10 K_1 K_3 - 2 K_2^2 + 4 K_2 + 2 K_3 + 5 K_4 + 2,O1O2O3O4U1U3U2O5O6U4O7U5U6O8U7U8,O1O2O3U4U2U1U3O5O6U5O7O8U6O4U7U8,O1O2O3U4U5O6U7O4O5U8O7O8U1U3U2U6,c,{'O1O2O3O4U5U6O5U7U8O6U1O7O8U3U2U4'},1,"<a href=""/flatknot/8.857690"">8.857690</a>",t^9-77t^7-250t^6+379t^5+1796t^4+174t^3-2320t^2-1399t-126,-t^3+3t,,
8.857691,O1O2O3O4U5U6O5U7U8O6U1O7O8U3U4U2,4,6z^3+45z^2+112z+93,6w^4z^3+45w^3z^2+112w^2z+93w,False,False,"[[ 0 -1  1  0  2 -1 -1 -1  1],[ 1  0  1 -1  0  0  2  2  3],[-1 -1  0 -1  1 -2 -2 -1  1],[ 0  1  1  0  1 -1 -1  0  2],[-2  0 -1 -1  0 -3 -3 -2  0],[ 1  0  2  1  3  0 -1 -1  1],[ 1 -2  2  1  3  1  0 -1  0],[ 1 -2  1  0  2  1  1  0  1],[-1 -3 -1 -2  0 -1  0 -1  0]]","[[ 0  2  1  1  0 -1 -1 -1 -1],[-2  0  0 -1 -1  0 -2 -3 -3],[-1  0  0 -1 -2 -3 -1  0 -1],[-1  1  1  0 -1 -1 -1 -2 -2],[ 0  1  2  1  0  1  0 -1 -1],[ 1  0  3  1 -1  0  2  2  0],[ 1  2  1  1  0 -2  0  1  1],[ 1  3  0  2  1 -2 -1  0  1],[ 1  3  1  2  1  0 -1 -1  0]]",True,"[-2,-1,-1,0,1,1,1,1,0,1,1,0,2,3,3,1,2,3,1,0,1,1,1,1,2,2,-1,0,1,1,-2,-2,0,-1,-1,-1]","[-2,-1,-1,0,1,1,1,1,0,1,1,0,0,1,3,1,0,0,0,1,1,-1,1,2,1,-1,0,0,1,2,-1,-1,0,-1,-2,-2]",t^8+65t^6+913t^4+184t^2+4,"[-1,-1,-1,-1,0,1,1,2,-2,-2,0,2,-1,1,3,-1,-1,1,1,1,1,-1,0,2,0,0,0,1,0,0,-1,0,1,1,1,0]","[-2,-1,-1,0,1,1,1,1,0,1,1,0,0,1,3,1,0,0,0,1,1,-1,1,2,1,-1,0,0,1,2,-1,-1,0,-1,-2,-2]","[-1,-1,-1,-1,0,1,1,2,-2,-1,1,1,0,2,3,2,0,-1,3,1,0,1,0,1,1,2,1,1,2,3,2,1,1,-1,0,1]",c,"[[{8, 1}, {2, 7}, {3, 6}, {4, 5}], [{8, 1}, {2, 7}, {4, 6}, {3, 5}], [{8, 1}, {2, 7}, {5, 6}, {3, 4}], [{8, 1}, {3, 7}, {2, 6}, {4, 5}], [{8, 1}, {3, 7}, {4, 6}, {2, 5}], [{8, 1}, {3, 7}, {5, 6}, {2, 4}], [{8, 1}, {3, 7}, {5, 6}, {4}, {2}], [{8, 1}, {4, 7}, {2, 6}, {3, 5}], [{8, 1}, {4, 7}, {3, 6}, {2, 5}], [{8, 1}, {4, 7}, {5, 6}, {2, 3}], [{8, 1}, {4, 7}, {5, 6}, {3}, {2}], [{8, 1}, {5, 7}, {2, 6}, {3, 4}], [{8, 1}, {5, 7}, {3, 6}, {2, 4}], [{8, 1}, {5, 7}, {4, 6}, {2, 3}], [{8, 1}, {6, 7}, {2, 5}, {3, 4}], [{8, 1}, {6, 7}, {3, 5}, {2, 4}], [{8, 1}, {6, 7}, {4, 5}, {2, 3}], [{8, 1}, {7}, {4, 6}, {3, 5}, {2}], [{8, 1}, {7}, {5, 6}, {3, 4}, {2}], [{8, 2}, {1, 7}, {3, 6}, {4, 5}], [{8, 2}, {1, 7}, {4, 6}, {3, 5}], [{8, 2}, {1, 7}, {5, 6}, {3, 4}], [{8, 2}, {3, 7}, {1, 6}, {4, 5}], [{8, 2}, {3, 7}, {4, 6}, {1, 5}], [{8, 2}, {3, 7}, {5, 6}, {1, 4}], [{8, 2}, {4, 7}, {1, 6}, {3, 5}], [{8, 2}, {4, 7}, {3, 6}, {1, 5}], [{8, 2}, {4, 7}, {5, 6}, {1, 3}], [{8, 2}, {4, 7}, {5, 6}, {3}, {1}], [{8, 2}, {5, 7}, {1, 6}, {3, 4}], [{8, 2}, {5, 7}, {3, 6}, {1, 4}], [{8, 2}, {5, 7}, {4, 6}, {1, 3}], [{8, 2}, {6, 7}, {1, 5}, {3, 4}], [{8, 2}, {6, 7}, {3, 5}, {1, 4}], [{8, 2}, {6, 7}, {4, 5}, {1, 3}], [{8, 2}, {7}, {1, 6}, {3, 5}, {4}], [{8, 3}, {1, 7}, {2, 6}, {4, 5}], [{8, 3}, {1, 7}, {2, 6}, {5}, {4}], [{8, 3}, {1, 7}, {4, 6}, {2, 5}], [{8, 3}, {1, 7}, {4, 6}, {5}, {2}], [{8, 3}, {1, 7}, {5, 6}, {2, 4}], [{8, 3}, {1, 7}, {5, 6}, {4}, {2}], [{8, 3}, {1, 7}, {6}, {2, 5}, {4}], [{8, 3}, {1, 7}, {6}, {4, 5}, {2}], [{8, 3}, {1, 7}, {6}, {5}, {2, 4}], [{8, 3}, {1, 7}, {6}, {5}, {4}, {2}], [{8, 3}, {2, 7}, {1, 6}, {4, 5}], [{8, 3}, {2, 7}, {1, 6}, {5}, {4}], [{8, 3}, {2, 7}, {4, 6}, {1, 5}], [{8, 3}, {2, 7}, {4, 6}, {5}, {1}], [{8, 3}, {2, 7}, {5, 6}, {1, 4}], [{8, 3}, {2, 7}, {6}, {5}, {1, 4}], [{8, 3}, {4, 7}, {1, 6}, {2, 5}], [{8, 3}, {4, 7}, {1, 6}, {5}, {2}], [{8, 3}, {4, 7}, {2, 6}, {1, 5}], [{8, 3}, {4, 7}, {2, 6}, {5}, {1}], [{8, 3}, {4, 7}, {5, 6}, {1, 2}], [{8, 3}, {4, 7}, {6}, {5}, {1, 2}], [{8, 3}, {5, 7}, {1, 6}, {2, 4}], [{8, 3}, {5, 7}, {1, 6}, {4}, {2}], [{8, 3}, {5, 7}, {2, 6}, {1, 4}], [{8, 3}, {5, 7}, {4, 6}, {1, 2}], [{8, 3}, {6, 7}, {1, 5}, {2, 4}], [{8, 3}, {6, 7}, {1, 5}, {4}, {2}], [{8, 3}, {6, 7}, {2, 5}, {1, 4}], [{8, 3}, {6, 7}, {2, 5}, {4}, {1}], [{8, 3}, {6, 7}, {4, 5}, {1, 2}], [{8, 3}, {6, 7}, {4, 5}, {2}, {1}], [{8, 3}, {6, 7}, {5}, {1, 4}, {2}], [{8, 3}, {6, 7}, {5}, {2, 4}, {1}], [{8, 3}, {6, 7}, {5}, {4}, {1, 2}], [{8, 3}, {6, 7}, {5}, {4}, {2}, {1}], [{8, 3}, {7}, {1, 6}, {2, 5}, {4}], [{8, 3}, {7}, {1, 6}, {4, 5}, {2}], [{8, 3}, {7}, {1, 6}, {5}, {2, 4}], [{8, 3}, {7}, {1, 6}, {5}, {4}, {2}], [{8, 3}, {7}, {2, 6}, {5}, {1, 4}], [{8, 3}, {7}, {4, 6}, {5}, {1, 2}], [{8, 4}, {1, 7}, {2, 6}, {3, 5}], [{8, 4}, {1, 7}, {3, 6}, {2, 5}], [{8, 4}, {1, 7}, {5, 6}, {2, 3}], [{8, 4}, {1, 7}, {6}, {3, 5}, {2}], [{8, 4}, {2, 7}, {1, 6}, {3, 5}], [{8, 4}, {2, 7}, {3, 6}, {1, 5}], [{8, 4}, {2, 7}, {5, 6}, {1, 3}], [{8, 4}, {2, 7}, {6}, {1, 5}, {3}], [{8, 4}, {2, 7}, {6}, {3, 5}, {1}], [{8, 4}, {2, 7}, {6}, {5}, {1, 3}], [{8, 4}, {3, 7}, {1, 6}, {2, 5}], [{8, 4}, {3, 7}, {1, 6}, {5}, {2}], [{8, 4}, {3, 7}, {2, 6}, {1, 5}], [{8, 4}, {3, 7}, {5, 6}, {1, 2}], [{8, 4}, {3, 7}, {5, 6}, {2}, {1}], [{8, 4}, {3, 7}, {6}, {1, 5}, {2}], [{8, 4}, {5, 7}, {1, 6}, {2, 3}], [{8, 4}, {5, 7}, {2, 6}, {1, 3}], [{8, 4}, {5, 7}, {3, 6}, {1, 2}], [{8, 4}, {6, 7}, {1, 5}, {2, 3}], [{8, 4}, {6, 7}, {1, 5}, {3}, {2}], [{8, 4}, {6, 7}, {2, 5}, {1, 3}], [{8, 4}, {6, 7}, {3, 5}, {1, 2}], [{8, 4}, {7}, {1, 6}, {2, 5}, {3}], [{8, 4}, {7}, {2, 6}, {1, 5}, {3}], [{8, 4}, {7}, {3, 6}, {1, 5}, {2}], [{8, 4}, {7}, {6}, {1, 5}, {2, 3}], [{8, 4}, {7}, {6}, {3, 5}, {1, 2}], [{8, 5}, {1, 7}, {2, 6}, {3, 4}], [{8, 5}, {1, 7}, {3, 6}, {2, 4}], [{8, 5}, {1, 7}, {4, 6}, {2, 3}], [{8, 5}, {1, 7}, {6}, {3, 4}, {2}], [{8, 5}, {2, 7}, {1, 6}, {3, 4}], [{8, 5}, {2, 7}, {3, 6}, {1, 4}], [{8, 5}, {2, 7}, {4, 6}, {1, 3}], [{8, 5}, {2, 7}, {6}, {4}, {1, 3}], [{8, 5}, {3, 7}, {1, 6}, {2, 4}], [{8, 5}, {3, 7}, {2, 6}, {1, 4}], [{8, 5}, {3, 7}, {4, 6}, {1, 2}], [{8, 5}, {3, 7}, {4, 6}, {2}, {1}], [{8, 5}, {4, 7}, {1, 6}, {2, 3}], [{8, 5}, {4, 7}, {2, 6}, {1, 3}], [{8, 5}, {4, 7}, {3, 6}, {1, 2}], [{8, 5}, {4, 7}, {6}, {1, 3}, {2}], [{8, 5}, {6, 7}, {1, 4}, {2, 3}], [{8, 5}, {6, 7}, {2, 4}, {1, 3}], [{8, 5}, {6, 7}, {3, 4}, {1, 2}], [{8, 5}, {7}, {1, 6}, {4}, {2, 3}], [{8, 5}, {7}, {3, 6}, {1, 4}, {2}], [{8, 5}, {7}, {6}, {2, 4}, {1, 3}], [{8, 6}, {1, 7}, {2, 5}, {3, 4}], [{8, 6}, {1, 7}, {3, 5}, {2, 4}], [{8, 6}, {1, 7}, {4, 5}, {2, 3}], [{8, 6}, {2, 7}, {1, 5}, {3, 4}], [{8, 6}, {2, 7}, {1, 5}, {4}, {3}], [{8, 6}, {2, 7}, {3, 5}, {1, 4}], [{8, 6}, {2, 7}, {4, 5}, {1, 3}], [{8, 6}, {2, 7}, {4, 5}, {3}, {1}], [{8, 6}, {2, 7}, {5}, {1, 4}, {3}], [{8, 6}, {3, 7}, {1, 5}, {2, 4}], [{8, 6}, {3, 7}, {2, 5}, {1, 4}], [{8, 6}, {3, 7}, {4, 5}, {1, 2}], [{8, 6}, {4, 7}, {1, 5}, {2, 3}], [{8, 6}, {4, 7}, {2, 5}, {1, 3}], [{8, 6}, {4, 7}, {3, 5}, {1, 2}], [{8, 6}, {4, 7}, {3, 5}, {2}, {1}], [{8, 6}, {5, 7}, {1, 4}, {2, 3}], [{8, 6}, {5, 7}, {2, 4}, {1, 3}], [{8, 6}, {5, 7}, {3, 4}, {1, 2}], [{8, 6}, {5, 7}, {3, 4}, {2}, {1}], [{8, 6}, {7}, {5}, {2, 4}, {1, 3}], [{8, 7}, {1, 6}, {2, 5}, {3, 4}], [{8, 7}, {1, 6}, {2, 5}, {4}, {3}], [{8, 7}, {1, 6}, {3, 5}, {2, 4}], [{8, 7}, {1, 6}, {4, 5}, {2, 3}], [{8, 7}, {1, 6}, {5}, {3, 4}, {2}], [{8, 7}, {2, 6}, {1, 5}, {3, 4}], [{8, 7}, {2, 6}, {3, 5}, {1, 4}], [{8, 7}, {2, 6}, {4, 5}, {1, 3}], [{8, 7}, {3, 6}, {1, 5}, {2, 4}], [{8, 7}, {3, 6}, {1, 5}, {4}, {2}], [{8, 7}, {3, 6}, {2, 5}, {1, 4}], [{8, 7}, {3, 6}, {4, 5}, {1, 2}], [{8, 7}, {4, 6}, {1, 5}, {2, 3}], [{8, 7}, {4, 6}, {2, 5}, {1, 3}], [{8, 7}, {4, 6}, {2, 5}, {3}, {1}], [{8, 7}, {4, 6}, {3, 5}, {1, 2}], [{8, 7}, {5, 6}, {1, 4}, {2, 3}], [{8, 7}, {5, 6}, {2, 4}, {1, 3}], [{8, 7}, {5, 6}, {3, 4}, {1, 2}], [{8, 7}, {6}, {2, 5}, {1, 4}, {3}], [{8}, {2, 7}, {3, 6}, {5}, {1, 4}], [{8}, {2, 7}, {4, 6}, {1, 5}, {3}], [{8}, {2, 7}, {6}, {4, 5}, {1, 3}], [{8}, {3, 7}, {1, 6}, {2, 5}, {4}], [{8}, {3, 7}, {2, 6}, {4, 5}, {1}], [{8}, {3, 7}, {5, 6}, {1, 4}, {2}], [{8}, {4, 7}, {1, 6}, {2, 5}, {3}], [{8}, {4, 7}, {3, 6}, {1, 5}, {2}], [{8}, {4, 7}, {5, 6}, {3}, {1, 2}], [{8}, {5, 7}, {2, 6}, {1, 4}, {3}], [{8}, {6, 7}, {1, 5}, {3, 4}, {2}], [{8}, {7}, {1, 6}, {2, 5}, {3, 4}], [{8}, {7}, {1, 6}, {2, 5}, {4}, {3}], [{8}, {7}, {5, 6}, {2, 4}, {1, 3}]]",2,- 24 K_1^4 + 32 K_1^3 + 32 K_1^2 K_2 - 24 K_1^2 - 28 K_1 K_2 - 10 K_1 K_3 - 10 K_1 + 13 K_2 + 6 K_3 + 14,O1O2O3O4U3U1U2O5O6U4O7U5U6O8U7U8,O1O2O3U4U3U1U2O5O6U5O7O8U6O4U7U8,O1O2O3U4U5O6U7O4O5U8O7O8U2U3U1U6,c,{'O1O2O3O4U5U6O5U7U8O6U1O7O8U3U4U2'},1,"<a href=""/flatknot/8.857691"">8.857691</a>",t^9-63t^7-192t^6+290t^5+1628t^4+1355t^3-798t^2-1367t-422,-t^2+2t,,
8.857692,O1O2O3O4U5U6O5U7U8O6U1O7O8U4U2U3,4,6z^3+45z^2+112z+93,6w^4z^3+45w^3z^2+112w^2z+93w,False,False,"[[ 0 -1  0  2  1 -1 -1 -1  1],[ 1  0  0  1 -1  0  2  2  3],[ 0  0  0  1  0 -1 -1  0  2],[-2 -1 -1  0  0 -3 -3 -2  0],[-1  1  0  0  0 -2 -2 -1  1],[ 1  0  1  3  2  0 -1 -1  1],[ 1 -2  1  3  2  1  0 -1  0],[ 1 -2  0  2  1  1  1  0  1],[-1 -3 -2  0 -1 -1  0 -1  0]]","[[ 0  2  1  1  0 -1 -1 -1 -1],[-2  0  0  0 -1 -1 -2 -3 -3],[-1  0  0  1  0  1 -1 -2 -2],[-1  0 -1  0 -2 -3 -1  0 -1],[ 0  1  0  2  0  0  0 -1 -1],[ 1  1 -1  3  0  0  2  2  0],[ 1  2  1  1  0 -2  0  1  1],[ 1  3  2  0  1 -2 -1  0  1],[ 1  3  2  1  1  0 -1 -1  0]]",True,"[-2,-1,-1,0,1,1,1,1,0,0,1,1,2,3,3,-1,0,-1,1,2,2,2,3,1,0,1,0,0,1,1,-2,-2,0,-1,-1,-1]","[-2,-1,-1,0,1,1,1,1,0,0,1,1,2,3,3,-1,0,-1,1,2,2,2,3,1,0,1,0,0,1,1,-2,-2,0,-1,-1,-1]",t^8+63t^6+872t^4+275t^2+16,"[-1,-1,-1,-1,0,1,1,2,-2,-2,0,1,-1,3,2,-1,-1,1,1,1,1,-1,0,2,0,0,0,1,0,0,-1,1,1,1,1,1]","[-2,-1,-1,0,1,1,1,1,1,1,1,0,0,1,2,-1,-1,1,2,1,-1,1,0,0,1,3,0,0,1,1,-1,-1,0,-1,-2,-2]","[-1,-1,-1,-1,0,1,1,2,-2,-1,1,1,0,2,3,2,0,0,3,-1,1,1,0,1,1,2,1,1,2,3,2,0,1,-1,0,0]",c,"[[{8, 1}, {2, 7}, {3, 6}, {4, 5}], [{8, 1}, {2, 7}, {4, 6}, {3, 5}], [{8, 1}, {2, 7}, {4, 6}, {5}, {3}], [{8, 1}, {2, 7}, {5, 6}, {3, 4}], [{8, 1}, {3, 7}, {2, 6}, {4, 5}], [{8, 1}, {3, 7}, {4, 6}, {2, 5}], [{8, 1}, {3, 7}, {5, 6}, {2, 4}], [{8, 1}, {3, 7}, {6}, {4, 5}, {2}], [{8, 1}, {4, 7}, {2, 6}, {3, 5}], [{8, 1}, {4, 7}, {3, 6}, {2, 5}], [{8, 1}, {4, 7}, {5, 6}, {2, 3}], [{8, 1}, {5, 7}, {2, 6}, {3, 4}], [{8, 1}, {5, 7}, {3, 6}, {2, 4}], [{8, 1}, {5, 7}, {4, 6}, {2, 3}], [{8, 1}, {6, 7}, {2, 5}, {3, 4}], [{8, 1}, {6, 7}, {3, 5}, {2, 4}], [{8, 1}, {6, 7}, {4, 5}, {2, 3}], [{8, 1}, {6, 7}, {4, 5}, {3}, {2}], [{8, 1}, {7}, {2, 6}, {3, 5}, {4}], [{8, 1}, {7}, {3, 6}, {4, 5}, {2}], [{8, 1}, {7}, {5, 6}, {4}, {2, 3}], [{8, 1}, {7}, {6}, {2, 5}, {3, 4}], [{8, 2}, {1, 7}, {3, 6}, {4, 5}], [{8, 2}, {1, 7}, {4, 6}, {3, 5}], [{8, 2}, {1, 7}, {5, 6}, {3, 4}], [{8, 2}, {3, 7}, {1, 6}, {4, 5}], [{8, 2}, {3, 7}, {4, 6}, {1, 5}], [{8, 2}, {3, 7}, {5, 6}, {1, 4}], [{8, 2}, {4, 7}, {1, 6}, {3, 5}], [{8, 2}, {4, 7}, {1, 6}, {5}, {3}], [{8, 2}, {4, 7}, {3, 6}, {1, 5}], [{8, 2}, {4, 7}, {5, 6}, {1, 3}], [{8, 2}, {4, 7}, {5, 6}, {3}, {1}], [{8, 2}, {4, 7}, {6}, {1, 5}, {3}], [{8, 2}, {5, 7}, {1, 6}, {3, 4}], [{8, 2}, {5, 7}, {3, 6}, {1, 4}], [{8, 2}, {5, 7}, {4, 6}, {1, 3}], [{8, 2}, {5, 7}, {4, 6}, {3}, {1}], [{8, 2}, {6, 7}, {1, 5}, {3, 4}], [{8, 2}, {6, 7}, {3, 5}, {1, 4}], [{8, 2}, {6, 7}, {4, 5}, {1, 3}], [{8, 2}, {7}, {1, 6}, {3, 5}, {4}], [{8, 2}, {7}, {3, 6}, {1, 5}, {4}], [{8, 3}, {1, 7}, {2, 6}, {4, 5}], [{8, 3}, {1, 7}, {4, 6}, {2, 5}], [{8, 3}, {1, 7}, {5, 6}, {2, 4}], [{8, 3}, {2, 7}, {1, 6}, {4, 5}], [{8, 3}, {2, 7}, {4, 6}, {1, 5}], [{8, 3}, {2, 7}, {5, 6}, {1, 4}], [{8, 3}, {2, 7}, {5, 6}, {4}, {1}], [{8, 3}, {4, 7}, {1, 6}, {2, 5}], [{8, 3}, {4, 7}, {2, 6}, {1, 5}], [{8, 3}, {4, 7}, {5, 6}, {1, 2}], [{8, 3}, {5, 7}, {1, 6}, {2, 4}], [{8, 3}, {5, 7}, {1, 6}, {4}, {2}], [{8, 3}, {5, 7}, {2, 6}, {1, 4}], [{8, 3}, {5, 7}, {4, 6}, {1, 2}], [{8, 3}, {6, 7}, {1, 5}, {2, 4}], [{8, 3}, {6, 7}, {2, 5}, {1, 4}], [{8, 3}, {6, 7}, {4, 5}, {1, 2}], [{8, 3}, {7}, {6}, {1, 5}, {2, 4}], [{8, 3}, {7}, {6}, {4, 5}, {1, 2}], [{8, 4}, {1, 7}, {2, 6}, {3, 5}], [{8, 4}, {1, 7}, {3, 6}, {2, 5}], [{8, 4}, {1, 7}, {5, 6}, {2, 3}], [{8, 4}, {1, 7}, {6}, {3, 5}, {2}], [{8, 4}, {2, 7}, {1, 6}, {3, 5}], [{8, 4}, {2, 7}, {1, 6}, {5}, {3}], [{8, 4}, {2, 7}, {3, 6}, {1, 5}], [{8, 4}, {2, 7}, {3, 6}, {5}, {1}], [{8, 4}, {2, 7}, {5, 6}, {1, 3}], [{8, 4}, {2, 7}, {6}, {5}, {1, 3}], [{8, 4}, {3, 7}, {1, 6}, {2, 5}], [{8, 4}, {3, 7}, {2, 6}, {1, 5}], [{8, 4}, {3, 7}, {2, 6}, {5}, {1}], [{8, 4}, {3, 7}, {5, 6}, {1, 2}], [{8, 4}, {3, 7}, {6}, {1, 5}, {2}], [{8, 4}, {5, 7}, {1, 6}, {2, 3}], [{8, 4}, {5, 7}, {2, 6}, {1, 3}], [{8, 4}, {5, 7}, {3, 6}, {1, 2}], [{8, 4}, {6, 7}, {1, 5}, {2, 3}], [{8, 4}, {6, 7}, {2, 5}, {1, 3}], [{8, 4}, {6, 7}, {3, 5}, {1, 2}], [{8, 4}, {7}, {2, 6}, {1, 5}, {3}], [{8, 4}, {7}, {5, 6}, {3}, {1, 2}], [{8, 5}, {1, 7}, {2, 6}, {3, 4}], [{8, 5}, {1, 7}, {3, 6}, {2, 4}], [{8, 5}, {1, 7}, {4, 6}, {2, 3}], [{8, 5}, {1, 7}, {6}, {4}, {2, 3}], [{8, 5}, {2, 7}, {1, 6}, {3, 4}], [{8, 5}, {2, 7}, {3, 6}, {1, 4}], [{8, 5}, {2, 7}, {4, 6}, {1, 3}], [{8, 5}, {2, 7}, {4, 6}, {3}, {1}], [{8, 5}, {3, 7}, {1, 6}, {2, 4}], [{8, 5}, {3, 7}, {1, 6}, {4}, {2}], [{8, 5}, {3, 7}, {2, 6}, {1, 4}], [{8, 5}, {3, 7}, {4, 6}, {1, 2}], [{8, 5}, {4, 7}, {1, 6}, {2, 3}], [{8, 5}, {4, 7}, {1, 6}, {3}, {2}], [{8, 5}, {4, 7}, {2, 6}, {1, 3}], [{8, 5}, {4, 7}, {3, 6}, {1, 2}], [{8, 5}, {4, 7}, {3, 6}, {2}, {1}], [{8, 5}, {4, 7}, {6}, {1, 3}, {2}], [{8, 5}, {6, 7}, {1, 4}, {2, 3}], [{8, 5}, {6, 7}, {2, 4}, {1, 3}], [{8, 5}, {6, 7}, {3, 4}, {1, 2}], [{8, 5}, {7}, {1, 6}, {3, 4}, {2}], [{8, 6}, {1, 7}, {2, 5}, {3, 4}], [{8, 6}, {1, 7}, {3, 5}, {2, 4}], [{8, 6}, {1, 7}, {3, 5}, {4}, {2}], [{8, 6}, {1, 7}, {4, 5}, {2, 3}], [{8, 6}, {2, 7}, {1, 5}, {3, 4}], [{8, 6}, {2, 7}, {3, 5}, {1, 4}], [{8, 6}, {2, 7}, {3, 5}, {4}, {1}], [{8, 6}, {2, 7}, {4, 5}, {1, 3}], [{8, 6}, {2, 7}, {5}, {1, 4}, {3}], [{8, 6}, {3, 7}, {1, 5}, {2, 4}], [{8, 6}, {3, 7}, {2, 5}, {1, 4}], [{8, 6}, {3, 7}, {2, 5}, {4}, {1}], [{8, 6}, {3, 7}, {4, 5}, {1, 2}], [{8, 6}, {3, 7}, {5}, {1, 4}, {2}], [{8, 6}, {4, 7}, {1, 5}, {2, 3}], [{8, 6}, {4, 7}, {1, 5}, {3}, {2}], [{8, 6}, {4, 7}, {2, 5}, {1, 3}], [{8, 6}, {4, 7}, {3, 5}, {1, 2}], [{8, 6}, {4, 7}, {3, 5}, {2}, {1}], [{8, 6}, {4, 7}, {5}, {1, 3}, {2}], [{8, 6}, {5, 7}, {1, 4}, {2, 3}], [{8, 6}, {5, 7}, {1, 4}, {3}, {2}], [{8, 6}, {5, 7}, {2, 4}, {1, 3}], [{8, 6}, {5, 7}, {3, 4}, {1, 2}], [{8, 6}, {5, 7}, {4}, {2, 3}, {1}], [{8, 6}, {7}, {2, 5}, {1, 4}, {3}], [{8, 6}, {7}, {3, 5}, {1, 4}, {2}], [{8, 6}, {7}, {3, 5}, {2, 4}, {1}], [{8, 6}, {7}, {3, 5}, {4}, {1, 2}], [{8, 6}, {7}, {3, 5}, {4}, {2}, {1}], [{8, 6}, {7}, {5}, {1, 4}, {2, 3}], [{8, 7}, {1, 6}, {2, 5}, {3, 4}], [{8, 7}, {1, 6}, {3, 5}, {2, 4}], [{8, 7}, {1, 6}, {4, 5}, {2, 3}], [{8, 7}, {1, 6}, {4, 5}, {3}, {2}], [{8, 7}, {1, 6}, {5}, {4}, {2, 3}], [{8, 7}, {2, 6}, {1, 5}, {3, 4}], [{8, 7}, {2, 6}, {1, 5}, {4}, {3}], [{8, 7}, {2, 6}, {3, 5}, {1, 4}], [{8, 7}, {2, 6}, {4, 5}, {1, 3}], [{8, 7}, {3, 6}, {1, 5}, {2, 4}], [{8, 7}, {3, 6}, {2, 5}, {1, 4}], [{8, 7}, {3, 6}, {4, 5}, {1, 2}], [{8, 7}, {3, 6}, {4, 5}, {2}, {1}], [{8, 7}, {4, 6}, {1, 5}, {2, 3}], [{8, 7}, {4, 6}, {2, 5}, {1, 3}], [{8, 7}, {4, 6}, {3, 5}, {1, 2}], [{8, 7}, {5, 6}, {1, 4}, {2, 3}], [{8, 7}, {5, 6}, {2, 4}, {1, 3}], [{8, 7}, {5, 6}, {3, 4}, {1, 2}], [{8, 7}, {6}, {4, 5}, {1, 3}, {2}], [{8}, {1, 7}, {3, 6}, {4, 5}, {2}], [{8}, {1, 7}, {4, 6}, {3, 5}, {2}], [{8}, {2, 7}, {4, 6}, {1, 5}, {3}], [{8}, {3, 7}, {4, 6}, {5}, {1, 2}], [{8}, {4, 7}, {1, 6}, {2, 5}, {3}], [{8}, {4, 7}, {2, 6}, {1, 5}, {3}], [{8}, {4, 7}, {3, 6}, {5}, {1, 2}], [{8}, {4, 7}, {5, 6}, {1, 3}, {2}], [{8}, {6, 7}, {1, 5}, {4}, {2, 3}], [{8}, {7}, {2, 6}, {4, 5}, {1, 3}]]",2,- 24 K_1^4 + 24 K_1^3 + 32 K_1^2 K_2 - 24 K_1^2 - 20 K_1 K_2 - 10 K_1 K_3 - 8 K_1 + 13 K_2 + 4 K_3 + 14,O1O2O3O4U2U3U1O5O6U4O7U5U6O8U7U8,O1O2O3U4U2U3U1O5O6U5O7O8U6O4U7U8,O1O2O3U4U5O6U7O4O5U8O7O8U3U1U2U6,c,{'O1O2O3O4U5U6O5U7U8O6U1O7O8U4U2U3'},1,"<a href=""/flatknot/8.857692"">8.857692</a>",t^9-61t^7-156t^6+331t^5+952t^4-180t^3-1012t^2-271t+84,-t^2+2t,,
8.857693,O1O2O3O4U5U6O5U7U8O6U1O7O8U4U3U2,4,6z^2+27z+31,-4w^5z^3+4w^4z^3-24w^4z^2+30w^3z^2-36w^3z+63w^2z+31w,False,False,"[[ 0 -1  1  1  1 -1 -1 -1  1],[ 1  0  1  0 -1  0  2  2  3],[-1 -1  0  0  0 -2 -2 -1  1],[-1  0  0  0  0 -2 -2 -1  1],[-1  1  0  0  0 -2 -2 -1  1],[ 1  0  2  2  2  0 -1 -1  1],[ 1 -2  2  2  2  1  0 -1  0],[ 1 -2  1  1  1  1  1  0  1],[-1 -3 -1 -1 -1 -1  0 -1  0]]","[[ 0  1  1  1  1 -1 -1 -1 -1],[-1  0  1  0  0  1 -1 -2 -2],[-1 -1  0 -1 -1 -3 -1  0 -1],[-1  0  1  0  0  0 -1 -2 -2],[-1  0  1  0  0 -1 -1 -2 -2],[ 1 -1  3  0  1  0  2  2  0],[ 1  1  1  1  1 -2  0  1  1],[ 1  2  0  2  2 -2 -1  0  1],[ 1  2  1  2  2  0 -1 -1  0]]",True,"[-1,-1,-1,-1,1,1,1,1,-1,0,0,-1,1,2,2,1,1,3,1,0,1,0,0,1,2,2,1,1,2,2,-2,-2,0,-1,-1,-1]","[-1,-1,-1,-1,1,1,1,1,-2,-2,0,-1,1,2,3,-1,-1,1,1,1,1,-1,2,0,0,0,1,0,0,0,1,1,1,0,0,0]",t^8+54t^6+653t^4+125t^2,"[-1,-1,-1,-1,1,1,1,1,-2,-2,0,-1,1,2,3,-1,-1,1,1,1,1,-1,2,0,0,0,1,0,0,0,1,1,1,0,0,0]","[-1,-1,-1,-1,1,1,1,1,-1,-1,-1,-1,1,1,2,0,0,1,0,1,0,0,2,0,1,0,3,0,1,0,0,2,2,-1,-1,1]","[-1,-1,-1,-1,1,1,1,1,-2,-1,1,0,2,2,2,2,0,3,-1,0,1,1,1,1,1,1,1,2,2,2,-1,-1,-1,0,0,0]",c,"[[{8, 1}, {3, 7}, {2, 6}, {4, 5}], [{8, 1}, {3, 7}, {4, 6}, {2, 5}], [{8, 4}, {3, 7}, {1, 6}, {2, 5}], [{8, 5}, {2, 7}, {3, 6}, {1, 4}], [{8, 5}, {4, 7}, {3, 6}, {1, 2}], [{8, 6}, {2, 7}, {3, 5}, {1, 4}], [{8, 6}, {3, 7}, {2, 5}, {1, 4}]]",1,4 K_1^3 + 12 K_1^2 K_2 - 8 K_1^2 - 8 K_1 K_2 - 12 K_1 K_3 + K_1 - 4 K_2^2 + 4 K_2 + 3 K_3 + 5 K_4 + 4,O1O2O3O4U3U2U1O5O6U4O7U5U6O8U7U8,O1O2O3U4U3U2U1O5O6U5O7O8U6O4U7U8,O1O2O3U4U5O6U7O4O5U8O7O8U3U2U1U6,c,{'O1O2O3O4U5U6O5U7U8O6U1O7O8U4U3U2'},1,"<a href=""/flatknot/8.857693"">8.857693</a>",t^9-54t^7-134t^6+137t^5+364t^4+167t^3+54t^2+6t,0,,
8.857694,O1O2O3O4U5U6O5U7U8O6U2O7O8U1U3U4,4,10z^3+58z^2+113z+75,10w^4z^3+58w^3z^2+113w^2z+75w,False,False,"[[ 0 -2  0  1  3 -1 -1 -1  1],[ 2  0  2  2  3  1  1  1  3],[ 0 -2  0 -1  0 -1  1  1  2],[-1 -2  1  0  1 -2 -2 -1  1],[-3 -3  0 -1  0 -4 -4 -3 -1],[ 1 -1  1  2  4  0 -1 -1  1],[ 1 -1 -1  2  4  1  0 -1  0],[ 1 -1 -1  1  3  1  1  0  1],[-1 -3 -2 -1  1 -1  0 -1  0]]","[[ 0  3  1  1  0 -1 -1 -1 -2],[-3  0 -1 -1  0 -3 -4 -4 -3],[-1  1  0  1  1 -1 -2 -2 -2],[-1  1 -1  0 -2 -1  0 -1 -3],[ 0  0 -1  2  0  1  1 -1 -2],[ 1  3  1  1 -1  0  1  1 -1],[ 1  4  2  0 -1 -1  0  1 -1],[ 1  4  2  1  1 -1 -1  0 -1],[ 2  3  2  3  2  1  1  1  0]]",True,"[-3,-1,-1,0,1,1,1,2,1,1,0,3,4,4,3,-1,-1,1,2,2,2,2,1,0,1,3,-1,-1,1,2,-1,-1,1,-1,1,1]","[-3,-1,-1,0,1,1,1,2,1,1,0,3,4,4,3,-1,-1,1,2,2,2,2,1,0,1,3,-1,-1,1,2,-1,-1,1,-1,1,1]",t^8+95t^6+1422t^4+152t^2+4,"[-2,-1,-1,-1,0,1,1,3,0,0,0,0,0,1,2,-1,-1,2,1,1,1,-1,2,2,0,0,0,1,0,0,-1,2,3,1,1,1]","[-3,-1,-1,0,1,1,1,2,1,1,3,0,0,1,2,-1,-1,1,2,1,0,2,0,0,1,1,0,2,2,0,-1,-1,0,-1,0,0]","[-2,-1,-1,-1,0,1,1,3,1,1,1,2,2,3,3,-1,-1,1,2,1,4,-1,-1,2,0,4,-1,1,1,3,-1,2,0,1,1,1]",c,"[[{8, 1}, {2, 7}, {3, 6}, {4, 5}], [{8, 1}, {2, 7}, {4, 6}, {3, 5}], [{8, 1}, {2, 7}, {5, 6}, {3, 4}], [{8, 1}, {2, 7}, {6}, {4, 5}, {3}], [{8, 1}, {3, 7}, {2, 6}, {4, 5}], [{8, 1}, {3, 7}, {4, 6}, {2, 5}], [{8, 1}, {3, 7}, {5, 6}, {2, 4}], [{8, 1}, {3, 7}, {5, 6}, {4}, {2}], [{8, 1}, {4, 7}, {2, 6}, {3, 5}], [{8, 1}, {4, 7}, {3, 6}, {2, 5}], [{8, 1}, {4, 7}, {3, 6}, {5}, {2}], [{8, 1}, {4, 7}, {5, 6}, {2, 3}], [{8, 1}, {5, 7}, {2, 6}, {3, 4}], [{8, 1}, {5, 7}, {2, 6}, {4}, {3}], [{8, 1}, {5, 7}, {3, 6}, {2, 4}], [{8, 1}, {5, 7}, {3, 6}, {4}, {2}], [{8, 1}, {5, 7}, {4, 6}, {2, 3}], [{8, 1}, {5, 7}, {6}, {4}, {2, 3}], [{8, 1}, {6, 7}, {2, 5}, {3, 4}], [{8, 1}, {6, 7}, {3, 5}, {2, 4}], [{8, 1}, {6, 7}, {4, 5}, {2, 3}], [{8, 1}, {7}, {3, 6}, {4, 5}, {2}], [{8, 1}, {7}, {4, 6}, {2, 5}, {3}], [{8, 1}, {7}, {6}, {3, 5}, {2, 4}], [{8, 2}, {1, 7}, {3, 6}, {4, 5}], [{8, 2}, {1, 7}, {4, 6}, {3, 5}], [{8, 2}, {1, 7}, {5, 6}, {3, 4}], [{8, 2}, {3, 7}, {1, 6}, {4, 5}], [{8, 2}, {3, 7}, {1, 6}, {5}, {4}], [{8, 2}, {3, 7}, {4, 6}, {1, 5}], [{8, 2}, {3, 7}, {5, 6}, {1, 4}], [{8, 2}, {4, 7}, {1, 6}, {3, 5}], [{8, 2}, {4, 7}, {3, 6}, {1, 5}], [{8, 2}, {4, 7}, {5, 6}, {1, 3}], [{8, 2}, {4, 7}, {6}, {1, 5}, {3}], [{8, 2}, {5, 7}, {1, 6}, {3, 4}], [{8, 2}, {5, 7}, {1, 6}, {4}, {3}], [{8, 2}, {5, 7}, {3, 6}, {1, 4}], [{8, 2}, {5, 7}, {4, 6}, {1, 3}], [{8, 2}, {6, 7}, {1, 5}, {3, 4}], [{8, 2}, {6, 7}, {3, 5}, {1, 4}], [{8, 2}, {6, 7}, {4, 5}, {1, 3}], [{8, 2}, {7}, {1, 6}, {3, 5}, {4}], [{8, 2}, {7}, {5, 6}, {1, 4}, {3}], [{8, 3}, {1, 7}, {2, 6}, {4, 5}], [{8, 3}, {1, 7}, {4, 6}, {2, 5}], [{8, 3}, {1, 7}, {5, 6}, {2, 4}], [{8, 3}, {2, 7}, {1, 6}, {4, 5}], [{8, 3}, {2, 7}, {4, 6}, {1, 5}], [{8, 3}, {2, 7}, {5, 6}, {1, 4}], [{8, 3}, {4, 7}, {1, 6}, {2, 5}], [{8, 3}, {4, 7}, {1, 6}, {5}, {2}], [{8, 3}, {4, 7}, {2, 6}, {1, 5}], [{8, 3}, {4, 7}, {5, 6}, {1, 2}], [{8, 3}, {4, 7}, {5, 6}, {2}, {1}], [{8, 3}, {4, 7}, {6}, {1, 5}, {2}], [{8, 3}, {5, 7}, {1, 6}, {2, 4}], [{8, 3}, {5, 7}, {2, 6}, {1, 4}], [{8, 3}, {5, 7}, {4, 6}, {1, 2}], [{8, 3}, {5, 7}, {6}, {1, 4}, {2}], [{8, 3}, {6, 7}, {1, 5}, {2, 4}], [{8, 3}, {6, 7}, {2, 5}, {1, 4}], [{8, 3}, {6, 7}, {4, 5}, {1, 2}], [{8, 4}, {1, 7}, {2, 6}, {3, 5}], [{8, 4}, {1, 7}, {3, 6}, {2, 5}], [{8, 4}, {1, 7}, {3, 6}, {5}, {2}], [{8, 4}, {1, 7}, {5, 6}, {2, 3}], [{8, 4}, {2, 7}, {1, 6}, {3, 5}], [{8, 4}, {2, 7}, {3, 6}, {1, 5}], [{8, 4}, {2, 7}, {5, 6}, {1, 3}], [{8, 4}, {3, 7}, {1, 6}, {2, 5}], [{8, 4}, {3, 7}, {2, 6}, {1, 5}], [{8, 4}, {3, 7}, {5, 6}, {1, 2}], [{8, 4}, {5, 7}, {1, 6}, {2, 3}], [{8, 4}, {5, 7}, {2, 6}, {1, 3}], [{8, 4}, {5, 7}, {3, 6}, {1, 2}], [{8, 4}, {5, 7}, {3, 6}, {2}, {1}], [{8, 4}, {6, 7}, {1, 5}, {2, 3}], [{8, 4}, {6, 7}, {2, 5}, {1, 3}], [{8, 4}, {6, 7}, {3, 5}, {1, 2}], [{8, 4}, {7}, {1, 6}, {3, 5}, {2}], [{8, 4}, {7}, {3, 6}, {1, 5}, {2}], [{8, 5}, {1, 7}, {2, 6}, {3, 4}], [{8, 5}, {1, 7}, {2, 6}, {4}, {3}], [{8, 5}, {1, 7}, {3, 6}, {2, 4}], [{8, 5}, {1, 7}, {3, 6}, {4}, {2}], [{8, 5}, {1, 7}, {4, 6}, {2, 3}], [{8, 5}, {1, 7}, {6}, {4}, {2, 3}], [{8, 5}, {2, 7}, {1, 6}, {3, 4}], [{8, 5}, {2, 7}, {3, 6}, {1, 4}], [{8, 5}, {2, 7}, {4, 6}, {1, 3}], [{8, 5}, {2, 7}, {6}, {1, 4}, {3}], [{8, 5}, {3, 7}, {1, 6}, {2, 4}], [{8, 5}, {3, 7}, {2, 6}, {1, 4}], [{8, 5}, {3, 7}, {4, 6}, {1, 2}], [{8, 5}, {3, 7}, {6}, {4}, {1, 2}], [{8, 5}, {4, 7}, {1, 6}, {2, 3}], [{8, 5}, {4, 7}, {2, 6}, {1, 3}], [{8, 5}, {4, 7}, {3, 6}, {1, 2}], [{8, 5}, {4, 7}, {3, 6}, {2}, {1}], [{8, 5}, {6, 7}, {1, 4}, {2, 3}], [{8, 5}, {6, 7}, {2, 4}, {1, 3}], [{8, 5}, {6, 7}, {3, 4}, {1, 2}], [{8, 5}, {7}, {3, 6}, {1, 4}, {2}], [{8, 5}, {7}, {4, 6}, {3}, {1, 2}], [{8, 6}, {1, 7}, {2, 5}, {3, 4}], [{8, 6}, {1, 7}, {2, 5}, {4}, {3}], [{8, 6}, {1, 7}, {3, 5}, {2, 4}], [{8, 6}, {1, 7}, {4, 5}, {2, 3}], [{8, 6}, {2, 7}, {1, 5}, {3, 4}], [{8, 6}, {2, 7}, {3, 5}, {1, 4}], [{8, 6}, {2, 7}, {4, 5}, {1, 3}], [{8, 6}, {3, 7}, {1, 5}, {2, 4}], [{8, 6}, {3, 7}, {2, 5}, {1, 4}], [{8, 6}, {3, 7}, {4, 5}, {1, 2}], [{8, 6}, {4, 7}, {1, 5}, {2, 3}], [{8, 6}, {4, 7}, {1, 5}, {3}, {2}], [{8, 6}, {4, 7}, {2, 5}, {1, 3}], [{8, 6}, {4, 7}, {3, 5}, {1, 2}], [{8, 6}, {5, 7}, {1, 4}, {2, 3}], [{8, 6}, {5, 7}, {1, 4}, {3}, {2}], [{8, 6}, {5, 7}, {2, 4}, {1, 3}], [{8, 6}, {5, 7}, {3, 4}, {1, 2}], [{8, 6}, {7}, {3, 5}, {2, 4}, {1}], [{8, 6}, {7}, {4, 5}, {1, 3}, {2}], [{8, 7}, {1, 6}, {2, 5}, {3, 4}], [{8, 7}, {1, 6}, {3, 5}, {2, 4}], [{8, 7}, {1, 6}, {4, 5}, {2, 3}], [{8, 7}, {2, 6}, {1, 5}, {3, 4}], [{8, 7}, {2, 6}, {3, 5}, {1, 4}], [{8, 7}, {2, 6}, {4, 5}, {1, 3}], [{8, 7}, {2, 6}, {5}, {1, 4}, {3}], [{8, 7}, {3, 6}, {1, 5}, {2, 4}], [{8, 7}, {3, 6}, {1, 5}, {4}, {2}], [{8, 7}, {3, 6}, {2, 5}, {1, 4}], [{8, 7}, {3, 6}, {4, 5}, {1, 2}], [{8, 7}, {3, 6}, {4, 5}, {2}, {1}], [{8, 7}, {3, 6}, {5}, {1, 4}, {2}], [{8, 7}, {4, 6}, {1, 5}, {2, 3}], [{8, 7}, {4, 6}, {2, 5}, {1, 3}], [{8, 7}, {4, 6}, {3, 5}, {1, 2}], [{8, 7}, {5, 6}, {1, 4}, {2, 3}], [{8, 7}, {5, 6}, {2, 4}, {1, 3}], [{8, 7}, {5, 6}, {3, 4}, {1, 2}], [{8, 7}, {6}, {3, 5}, {2, 4}, {1}], [{8, 7}, {6}, {5}, {1, 4}, {2, 3}], [{8}, {1, 7}, {3, 6}, {4, 5}, {2}], [{8}, {1, 7}, {6}, {3, 5}, {2, 4}], [{8}, {2, 7}, {4, 6}, {1, 5}, {3}], [{8}, {2, 7}, {4, 6}, {3, 5}, {1}], [{8}, {2, 7}, {4, 6}, {5}, {1, 3}], [{8}, {3, 7}, {2, 6}, {4, 5}, {1}], [{8}, {4, 7}, {2, 6}, {1, 5}, {3}], [{8}, {4, 7}, {2, 6}, {3, 5}, {1}], [{8}, {4, 7}, {2, 6}, {5}, {1, 3}], [{8}, {4, 7}, {3, 6}, {1, 5}, {2}], [{8}, {4, 7}, {6}, {1, 5}, {2, 3}], [{8}, {4, 7}, {6}, {1, 5}, {3}, {2}], [{8}, {5, 7}, {3, 6}, {1, 4}, {2}], [{8}, {6, 7}, {1, 5}, {2, 4}, {3}], [{8}, {6, 7}, {2, 5}, {1, 4}, {3}], [{8}, {6, 7}, {3, 5}, {2, 4}, {1}], [{8}, {6, 7}, {5}, {2, 4}, {1, 3}], [{8}, {7}, {1, 6}, {3, 5}, {2, 4}], [{8}, {7}, {6}, {3, 5}, {2, 4}, {1}]]",2,- 8 K_1^4 + 20 K_1^3 + 24 K_1^2 K_2 - 14 K_1^2 - 14 K_1 K_2 - 16 K_1 K_3 - 8 K_1 - 2 K_2^2 + 7 K_2 + 2 K_3 + 4 K_4 + 6,O1O2O3O4U1U2U4O5O6U3O7U5U6O8U7U8,O1O2O3U1U4U2U3O5O6U5O7O8U6O4U7U8,O1O2O3U4U5O6U7O4O5U8O7O8U1U2U6U3,c,{'O1O2O3O4U5U6O5U7U8O6U2O7O8U1U3U4'},1,"<a href=""/flatknot/8.857694"">8.857694</a>",t^9-91t^7-382t^6-119t^5+1648t^4+3246t^3+2696t^2+1121t+180,-t^3+t^2+t,,
8.857695,O1O2O3O4U5U6O5U7U8O6U2O7O8U1U4U3,4,10z^3+57z^2+104z+61,10w^4z^3-4w^4z^2+61w^3z^2-4w^3z+108w^2z+61w,False,False,"[[ 0 -2  0  2  2 -1 -1 -1  1],[ 2  0  2  3  2  1  1  1  3],[ 0 -2  0  0 -1 -1  1  1  2],[-2 -3  0  0  0 -3 -3 -2  0],[-2 -2  1  0  0 -3 -3 -2  0],[ 1 -1  1  3  3  0 -1 -1  1],[ 1 -1 -1  3  3  1  0 -1  0],[ 1 -1 -1  2  2  1  1  0  1],[-1 -3 -2  0  0 -1  0 -1  0]]","[[ 0  2  2  1  0 -1 -1 -1 -2],[-2  0  0  0  1 -2 -3 -3 -2],[-2  0  0  0  0 -2 -3 -3 -3],[-1  0  0  0 -2 -1  0 -1 -3],[ 0 -1  0  2  0  1  1 -1 -2],[ 1  2  2  1 -1  0  1  1 -1],[ 1  3  3  0 -1 -1  0  1 -1],[ 1  3  3  1  1 -1 -1  0 -1],[ 2  2  3  3  2  1  1  1  0]]",True,"[-2,-2,-1,0,1,1,1,2,0,0,-1,2,3,3,2,0,0,2,3,3,3,2,1,0,1,3,-1,-1,1,2,-1,-1,1,-1,1,1]","[-2,-2,-1,0,1,1,1,2,0,0,-1,2,3,3,2,0,0,2,3,3,3,2,1,0,1,3,-1,-1,1,2,-1,-1,1,-1,1,1]",t^8+86t^6+1230t^4+153t^2+4,"[-2,-1,-1,-1,0,1,2,2,0,0,0,0,0,1,2,-1,-1,2,1,1,1,-1,2,2,0,0,0,1,0,0,-1,2,3,1,1,0]","[-2,-2,-1,0,1,1,1,2,0,1,2,0,0,1,1,1,3,0,0,1,2,-1,1,2,1,0,0,2,2,0,-1,-1,0,-1,0,0]","[-2,-1,-1,-1,0,1,2,2,1,1,1,2,3,2,3,-1,-1,1,1,3,3,-1,-1,0,3,3,-1,1,2,2,2,-1,0,0,0,0]",c,"[[{8, 1}, {2, 7}, {3, 6}, {4, 5}], [{8, 1}, {2, 7}, {4, 6}, {3, 5}], [{8, 1}, {2, 7}, {5, 6}, {3, 4}], [{8, 1}, {2, 7}, {5, 6}, {4}, {3}], [{8, 1}, {3, 7}, {2, 6}, {4, 5}], [{8, 1}, {3, 7}, {4, 6}, {2, 5}], [{8, 1}, {3, 7}, {5, 6}, {2, 4}], [{8, 1}, {3, 7}, {6}, {5}, {2, 4}], [{8, 1}, {4, 7}, {2, 6}, {3, 5}], [{8, 1}, {4, 7}, {3, 6}, {2, 5}], [{8, 1}, {4, 7}, {5, 6}, {2, 3}], [{8, 1}, {4, 7}, {5, 6}, {3}, {2}], [{8, 1}, {5, 7}, {2, 6}, {3, 4}], [{8, 1}, {5, 7}, {2, 6}, {4}, {3}], [{8, 1}, {5, 7}, {3, 6}, {2, 4}], [{8, 1}, {5, 7}, {4, 6}, {2, 3}], [{8, 1}, {5, 7}, {4, 6}, {3}, {2}], [{8, 1}, {5, 7}, {6}, {2, 4}, {3}], [{8, 1}, {6, 7}, {2, 5}, {3, 4}], [{8, 1}, {6, 7}, {3, 5}, {2, 4}], [{8, 1}, {6, 7}, {4, 5}, {2, 3}], [{8, 1}, {6, 7}, {5}, {2, 4}, {3}], [{8, 1}, {7}, {3, 6}, {2, 5}, {4}], [{8, 1}, {7}, {3, 6}, {4, 5}, {2}], [{8, 1}, {7}, {3, 6}, {5}, {2, 4}], [{8, 1}, {7}, {5, 6}, {2, 4}, {3}], [{8, 1}, {7}, {6}, {3, 5}, {2, 4}], [{8, 1}, {7}, {6}, {5}, {2, 4}, {3}], [{8, 2}, {1, 7}, {3, 6}, {4, 5}], [{8, 2}, {1, 7}, {4, 6}, {3, 5}], [{8, 2}, {1, 7}, {5, 6}, {3, 4}], [{8, 2}, {1, 7}, {6}, {4, 5}, {3}], [{8, 2}, {3, 7}, {1, 6}, {4, 5}], [{8, 2}, {3, 7}, {4, 6}, {1, 5}], [{8, 2}, {3, 7}, {4, 6}, {5}, {1}], [{8, 2}, {3, 7}, {5, 6}, {1, 4}], [{8, 2}, {4, 7}, {1, 6}, {3, 5}], [{8, 2}, {4, 7}, {1, 6}, {5}, {3}], [{8, 2}, {4, 7}, {3, 6}, {1, 5}], [{8, 2}, {4, 7}, {5, 6}, {1, 3}], [{8, 2}, {5, 7}, {1, 6}, {3, 4}], [{8, 2}, {5, 7}, {1, 6}, {4}, {3}], [{8, 2}, {5, 7}, {3, 6}, {1, 4}], [{8, 2}, {5, 7}, {4, 6}, {1, 3}], [{8, 2}, {6, 7}, {1, 5}, {3, 4}], [{8, 2}, {6, 7}, {3, 5}, {1, 4}], [{8, 2}, {6, 7}, {4, 5}, {1, 3}], [{8, 2}, {6, 7}, {4, 5}, {3}, {1}], [{8, 2}, {7}, {1, 6}, {4, 5}, {3}], [{8, 3}, {1, 7}, {2, 6}, {4, 5}], [{8, 3}, {1, 7}, {4, 6}, {2, 5}], [{8, 3}, {1, 7}, {5, 6}, {2, 4}], [{8, 3}, {1, 7}, {6}, {5}, {2, 4}], [{8, 3}, {2, 7}, {1, 6}, {4, 5}], [{8, 3}, {2, 7}, {4, 6}, {1, 5}], [{8, 3}, {2, 7}, {5, 6}, {1, 4}], [{8, 3}, {4, 7}, {1, 6}, {2, 5}], [{8, 3}, {4, 7}, {2, 6}, {1, 5}], [{8, 3}, {4, 7}, {5, 6}, {1, 2}], [{8, 3}, {4, 7}, {6}, {2, 5}, {1}], [{8, 3}, {5, 7}, {1, 6}, {2, 4}], [{8, 3}, {5, 7}, {2, 6}, {1, 4}], [{8, 3}, {5, 7}, {4, 6}, {1, 2}], [{8, 3}, {5, 7}, {4, 6}, {2}, {1}], [{8, 3}, {6, 7}, {1, 5}, {2, 4}], [{8, 3}, {6, 7}, {2, 5}, {1, 4}], [{8, 3}, {6, 7}, {4, 5}, {1, 2}], [{8, 3}, {7}, {5, 6}, {2, 4}, {1}], [{8, 4}, {1, 7}, {2, 6}, {3, 5}], [{8, 4}, {1, 7}, {3, 6}, {2, 5}], [{8, 4}, {1, 7}, {5, 6}, {2, 3}], [{8, 4}, {2, 7}, {1, 6}, {3, 5}], [{8, 4}, {2, 7}, {3, 6}, {1, 5}], [{8, 4}, {2, 7}, {5, 6}, {1, 3}], [{8, 4}, {3, 7}, {1, 6}, {2, 5}], [{8, 4}, {3, 7}, {2, 6}, {1, 5}], [{8, 4}, {3, 7}, {5, 6}, {1, 2}], [{8, 4}, {3, 7}, {6}, {1, 5}, {2}], [{8, 4}, {3, 7}, {6}, {2, 5}, {1}], [{8, 4}, {3, 7}, {6}, {5}, {1, 2}], [{8, 4}, {5, 7}, {1, 6}, {2, 3}], [{8, 4}, {5, 7}, {2, 6}, {1, 3}], [{8, 4}, {5, 7}, {3, 6}, {1, 2}], [{8, 4}, {5, 7}, {6}, {1, 3}, {2}], [{8, 4}, {6, 7}, {1, 5}, {2, 3}], [{8, 4}, {6, 7}, {2, 5}, {1, 3}], [{8, 4}, {6, 7}, {3, 5}, {1, 2}], [{8, 4}, {7}, {2, 6}, {1, 5}, {3}], [{8, 5}, {1, 7}, {2, 6}, {3, 4}], [{8, 5}, {1, 7}, {3, 6}, {2, 4}], [{8, 5}, {1, 7}, {4, 6}, {2, 3}], [{8, 5}, {2, 7}, {1, 6}, {3, 4}], [{8, 5}, {2, 7}, {3, 6}, {1, 4}], [{8, 5}, {2, 7}, {4, 6}, {1, 3}], [{8, 5}, {3, 7}, {1, 6}, {2, 4}], [{8, 5}, {3, 7}, {2, 6}, {1, 4}], [{8, 5}, {3, 7}, {4, 6}, {1, 2}], [{8, 5}, {3, 7}, {6}, {4}, {1, 2}], [{8, 5}, {4, 7}, {1, 6}, {2, 3}], [{8, 5}, {4, 7}, {2, 6}, {1, 3}], [{8, 5}, {4, 7}, {3, 6}, {1, 2}], [{8, 5}, {4, 7}, {6}, {2, 3}, {1}], [{8, 5}, {6, 7}, {1, 4}, {2, 3}], [{8, 5}, {6, 7}, {2, 4}, {1, 3}], [{8, 5}, {6, 7}, {3, 4}, {1, 2}], [{8, 5}, {6, 7}, {4}, {3}, {1, 2}], [{8, 5}, {7}, {3, 6}, {4}, {1, 2}], [{8, 6}, {1, 7}, {2, 5}, {3, 4}], [{8, 6}, {1, 7}, {2, 5}, {4}, {3}], [{8, 6}, {1, 7}, {3, 5}, {2, 4}], [{8, 6}, {1, 7}, {4, 5}, {2, 3}], [{8, 6}, {2, 7}, {1, 5}, {3, 4}], [{8, 6}, {2, 7}, {3, 5}, {1, 4}], [{8, 6}, {2, 7}, {4, 5}, {1, 3}], [{8, 6}, {2, 7}, {4, 5}, {3}, {1}], [{8, 6}, {3, 7}, {1, 5}, {2, 4}], [{8, 6}, {3, 7}, {1, 5}, {4}, {2}], [{8, 6}, {3, 7}, {2, 5}, {1, 4}], [{8, 6}, {3, 7}, {4, 5}, {1, 2}], [{8, 6}, {4, 7}, {1, 5}, {2, 3}], [{8, 6}, {4, 7}, {2, 5}, {1, 3}], [{8, 6}, {4, 7}, {3, 5}, {1, 2}], [{8, 6}, {4, 7}, {5}, {1, 3}, {2}], [{8, 6}, {5, 7}, {1, 4}, {2, 3}], [{8, 6}, {5, 7}, {2, 4}, {1, 3}], [{8, 6}, {5, 7}, {3, 4}, {1, 2}], [{8, 6}, {5, 7}, {4}, {1, 3}, {2}], [{8, 6}, {7}, {3, 5}, {2, 4}, {1}], [{8, 6}, {7}, {4, 5}, {1, 3}, {2}], [{8, 7}, {1, 6}, {2, 5}, {3, 4}], [{8, 7}, {1, 6}, {3, 5}, {2, 4}], [{8, 7}, {1, 6}, {4, 5}, {2, 3}], [{8, 7}, {2, 6}, {1, 5}, {3, 4}], [{8, 7}, {2, 6}, {1, 5}, {4}, {3}], [{8, 7}, {2, 6}, {3, 5}, {1, 4}], [{8, 7}, {2, 6}, {4, 5}, {1, 3}], [{8, 7}, {3, 6}, {1, 5}, {2, 4}], [{8, 7}, {3, 6}, {2, 5}, {1, 4}], [{8, 7}, {3, 6}, {4, 5}, {1, 2}], [{8, 7}, {4, 6}, {1, 5}, {2, 3}], [{8, 7}, {4, 6}, {2, 5}, {1, 3}], [{8, 7}, {4, 6}, {3, 5}, {1, 2}], [{8, 7}, {5, 6}, {1, 4}, {2, 3}], [{8, 7}, {5, 6}, {2, 4}, {1, 3}], [{8, 7}, {5, 6}, {2, 4}, {3}, {1}], [{8, 7}, {5, 6}, {3, 4}, {1, 2}], [{8, 7}, {6}, {5}, {2, 4}, {1, 3}], [{8}, {1, 7}, {5, 6}, {2, 4}, {3}], [{8}, {2, 7}, {3, 6}, {5}, {1, 4}], [{8}, {2, 7}, {4, 6}, {3, 5}, {1}], [{8}, {2, 7}, {6}, {4, 5}, {1, 3}], [{8}, {3, 7}, {4, 6}, {1, 5}, {2}], [{8}, {3, 7}, {5, 6}, {2, 4}, {1}], [{8}, {3, 7}, {6}, {4, 5}, {1, 2}], [{8}, {4, 7}, {2, 6}, {1, 5}, {3}], [{8}, {5, 7}, {4, 6}, {1, 3}, {2}], [{8}, {7}, {1, 6}, {3, 5}, {2, 4}], [{8}, {7}, {5, 6}, {2, 4}, {1, 3}]]",2,- 8 K_1^4 + 16 K_1^3 + 12 K_1^2 K_2 - 2 K_1^2 - 8 K_1 K_2 - 4 K_1 K_3 - 8 K_1 - 2 K_2^2 + K_2 + K_4 + 3,O1O2O3O4U2U1U4O5O6U3O7U5U6O8U7U8,O1O2O3U1U4U3U2O5O6U5O7O8U6O4U7U8,O1O2O3U4U5O6U7O4O5U8O7O8U2U1U6U3,c,{'O1O2O3O4U5U6O5U7U8O6U2O7O8U1U4U3'},1,"<a href=""/flatknot/8.857695"">8.857695</a>",t^9-84t^7-278t^6+243t^5+1824t^4+1973t^3+184t^2-635t-228,-t^2+2t,,
8.857696,O1O2O3O4U5U6O5U7U8O6U2O7O8U3U1U4,4,2z^3+31z^2+102z+97,2w^4z^3-4w^4z^2+35w^3z^2-4w^3z+106w^2z+97w,False,False,"[[ 0 -1  0  0  3 -1 -1 -1  1],[ 1  0  1  1  3  0  0  0  2],[ 0 -1  0 -1  0 -1  1  1  2],[ 0 -1  1  0  1 -1 -1  0  2],[-3 -3  0 -1  0 -4 -4 -3 -1],[ 1  0  1  1  4  0 -1 -1  1],[ 1  0 -1  1  4  1  0 -1  0],[ 1  0 -1  0  3  1  1  0  1],[-1 -2 -2 -2  1 -1  0 -1  0]]","[[ 0  3  1  0  0 -1 -1 -1 -1],[-3  0 -1  0 -1 -3 -3 -4 -4],[-1  1  0 -2 -2 -1 -2  0 -1],[ 0  0  2  0 -1  1 -1  1 -1],[ 0  1  2  1  0  0 -1 -1 -1],[ 1  3  1 -1  0  0  0  1  1],[ 1  3  2  1  1  0  0  0  0],[ 1  4  0 -1  1 -1  0  0  1],[ 1  4  1  1  1 -1  0 -1  0]]",True,"[-3,-1,0,0,1,1,1,1,1,0,1,3,3,4,4,2,2,1,2,0,1,1,-1,1,-1,1,0,1,1,1,0,-1,-1,0,0,-1]","[-3,-1,0,0,1,1,1,1,1,0,1,3,3,4,4,2,2,1,2,0,1,1,-1,1,-1,1,0,1,1,1,0,-1,-1,0,0,-1]",t^8+77t^6+998t^4+295t^2+4,"[-1,-1,-1,-1,0,0,1,3,-1,-1,0,1,2,1,1,-1,0,0,2,2,0,0,0,0,1,0,0,0,0,1,-1,-1,2,-1,3,1]","[-3,-1,0,0,1,1,1,1,1,2,3,0,0,1,1,-1,-1,1,2,0,1,1,0,0,0,1,0,2,0,2,-1,0,-1,0,-1,0]","[-1,-1,-1,-1,0,0,1,3,-1,-1,0,1,1,1,4,-1,0,-1,1,0,4,0,-1,0,1,3,1,1,2,3,-1,2,0,2,1,1]",c,"[[{8, 1}, {2, 7}, {4, 6}, {3, 5}], [{8, 1}, {3, 7}, {4, 6}, {2, 5}], [{8, 1}, {5, 7}, {2, 6}, {3, 4}], [{8, 1}, {5, 7}, {3, 6}, {2, 4}], [{8, 1}, {7}, {3, 6}, {5}, {2, 4}], [{8, 2}, {3, 7}, {4, 6}, {1, 5}]]",1,- 24 K_1^4 + 28 K_1^3 + 32 K_1^2 K_2 - 24 K_1^2 - 30 K_1 K_2 - 8 K_1 K_3 - 6 K_1 - 6 K_2^2 + 12 K_2 + 8 K_3 + 2 K_4 + 17,O1O2O3O4U1U4U2O5O6U3O7U5U6O8U7U8,O1O2O3U2U4U1U3O5O6U5O7O8U6O4U7U8,O1O2O3U4U5O6U7O4O5U8O7O8U1U3U6U2,c,{'O1O2O3O4U5U6O5U7U8O6U2O7O8U3U1U4'},1,"<a href=""/flatknot/8.857696"">8.857696</a>",t^9-71t^7-186t^6+252t^5+1170t^4+1412t^3+1060t^2+499t+78,-t^3+3t,,
8.857697,O1O2O3O4U5U6O5U7U8O6U2O7O8U4U1U3,3,12z^2+57z+67,12w^3z^2+57w^2z+67w,False,False,"[[ 0 -1  0  2  1 -1 -1 -1  1],[ 1  0  1  2  1  0  0  0  2],[ 0 -1  0  0 -1 -1  1  1  2],[-2 -2  0  0  0 -3 -3 -2  0],[-1 -1  1  0  0 -2 -2 -1  1],[ 1  0  1  3  2  0 -1 -1  1],[ 1  0 -1  3  2  1  0 -1  0],[ 1  0 -1  2  1  1  1  0  1],[-1 -2 -2  0 -1 -1  0 -1  0]]","[[ 0  2  1  1  0 -1 -1 -1 -1],[-2  0  0  0  0 -2 -2 -3 -3],[-1  0  0  1  1 -1 -1 -2 -2],[-1  0 -1  0 -2 -1 -2  0 -1],[ 0  0 -1  2  0  1 -1  1 -1],[ 1  2  1  1 -1  0  0  1  1],[ 1  2  1  2  1  0  0  0  0],[ 1  3  2  0 -1 -1  0  0  1],[ 1  3  2  1  1 -1  0 -1  0]]",True,"[-2,-1,-1,0,1,1,1,1,0,0,0,2,2,3,3,-1,-1,1,1,2,2,2,1,2,0,1,-1,1,-1,1,0,-1,-1,0,0,-1]","[-2,-1,-1,0,1,1,1,1,0,0,0,2,2,3,3,-1,-1,1,1,2,2,2,1,2,0,1,-1,1,-1,1,0,-1,-1,0,0,-1]",t^8+55t^6+552t^4+91t^2,"[-1,-1,-1,-1,0,1,1,2,-1,-1,0,2,1,1,1,-1,0,2,0,2,0,0,0,0,1,0,0,1,0,1,2,-1,2,-1,1,1]","[-2,-1,-1,0,1,1,1,1,1,1,2,0,0,1,1,-1,-1,1,2,0,1,2,0,0,1,1,0,2,0,2,-1,0,-1,0,-1,0]","[-1,-1,-1,-1,0,1,1,2,-1,-1,0,1,1,2,3,-1,0,-1,0,2,3,0,-1,1,1,2,1,2,1,2,2,-1,0,-1,0,0]",c,"[[{8, 1}, {2, 7}, {3, 6}, {4, 5}], [{8, 1}, {2, 7}, {4, 6}, {3, 5}], [{8, 1}, {2, 7}, {5, 6}, {3, 4}], [{8, 1}, {2, 7}, {6}, {3, 5}, {4}], [{8, 1}, {3, 7}, {2, 6}, {4, 5}], [{8, 1}, {3, 7}, {4, 6}, {2, 5}], [{8, 1}, {3, 7}, {4, 6}, {5}, {2}], [{8, 1}, {3, 7}, {5, 6}, {2, 4}], [{8, 1}, {4, 7}, {2, 6}, {3, 5}], [{8, 1}, {4, 7}, {2, 6}, {5}, {3}], [{8, 1}, {4, 7}, {3, 6}, {2, 5}], [{8, 1}, {4, 7}, {3, 6}, {5}, {2}], [{8, 1}, {4, 7}, {5, 6}, {2, 3}], [{8, 1}, {4, 7}, {5, 6}, {3}, {2}], [{8, 1}, {4, 7}, {6}, {2, 5}, {3}], [{8, 1}, {4, 7}, {6}, {3, 5}, {2}], [{8, 1}, {4, 7}, {6}, {5}, {2, 3}], [{8, 1}, {5, 7}, {2, 6}, {3, 4}], [{8, 1}, {5, 7}, {3, 6}, {2, 4}], [{8, 1}, {5, 7}, {4, 6}, {2, 3}], [{8, 1}, {5, 7}, {4, 6}, {3}, {2}], [{8, 1}, {6, 7}, {2, 5}, {3, 4}], [{8, 1}, {6, 7}, {3, 5}, {2, 4}], [{8, 1}, {6, 7}, {3, 5}, {4}, {2}], [{8, 1}, {6, 7}, {4, 5}, {2, 3}], [{8, 1}, {7}, {2, 6}, {3, 5}, {4}], [{8, 1}, {7}, {3, 6}, {2, 5}, {4}], [{8, 1}, {7}, {4, 6}, {3, 5}, {2}], [{8, 1}, {7}, {5, 6}, {4}, {2, 3}], [{8, 1}, {7}, {6}, {3, 5}, {2, 4}], [{8, 1}, {7}, {6}, {3, 5}, {4}, {2}], [{8, 2}, {1, 7}, {3, 6}, {4, 5}], [{8, 2}, {1, 7}, {4, 6}, {3, 5}], [{8, 2}, {1, 7}, {5, 6}, {3, 4}], [{8, 2}, {3, 7}, {1, 6}, {4, 5}], [{8, 2}, {3, 7}, {4, 6}, {1, 5}], [{8, 2}, {3, 7}, {4, 6}, {5}, {1}], [{8, 2}, {3, 7}, {5, 6}, {1, 4}], [{8, 2}, {4, 7}, {1, 6}, {3, 5}], [{8, 2}, {4, 7}, {3, 6}, {1, 5}], [{8, 2}, {4, 7}, {3, 6}, {5}, {1}], [{8, 2}, {4, 7}, {5, 6}, {1, 3}], [{8, 2}, {5, 7}, {1, 6}, {3, 4}], [{8, 2}, {5, 7}, {1, 6}, {4}, {3}], [{8, 2}, {5, 7}, {3, 6}, {1, 4}], [{8, 2}, {5, 7}, {3, 6}, {4}, {1}], [{8, 2}, {5, 7}, {4, 6}, {1, 3}], [{8, 2}, {5, 7}, {4, 6}, {3}, {1}], [{8, 2}, {5, 7}, {6}, {1, 4}, {3}], [{8, 2}, {5, 7}, {6}, {3, 4}, {1}], [{8, 2}, {5, 7}, {6}, {4}, {1, 3}], [{8, 2}, {5, 7}, {6}, {4}, {3}, {1}], [{8, 2}, {6, 7}, {1, 5}, {3, 4}], [{8, 2}, {6, 7}, {3, 5}, {1, 4}], [{8, 2}, {6, 7}, {4, 5}, {1, 3}], [{8, 2}, {6, 7}, {5}, {4}, {1, 3}], [{8, 2}, {7}, {1, 6}, {5}, {3, 4}], [{8, 2}, {7}, {3, 6}, {4, 5}, {1}], [{8, 2}, {7}, {4, 6}, {3, 5}, {1}], [{8, 2}, {7}, {5, 6}, {4}, {1, 3}], [{8, 3}, {1, 7}, {2, 6}, {4, 5}], [{8, 3}, {1, 7}, {4, 6}, {2, 5}], [{8, 3}, {1, 7}, {5, 6}, {2, 4}], [{8, 3}, {1, 7}, {6}, {5}, {2, 4}], [{8, 3}, {2, 7}, {1, 6}, {4, 5}], [{8, 3}, {2, 7}, {4, 6}, {1, 5}], [{8, 3}, {2, 7}, {5, 6}, {1, 4}], [{8, 3}, {4, 7}, {1, 6}, {2, 5}], [{8, 3}, {4, 7}, {2, 6}, {1, 5}], [{8, 3}, {4, 7}, {5, 6}, {1, 2}], [{8, 3}, {5, 7}, {1, 6}, {2, 4}], [{8, 3}, {5, 7}, {1, 6}, {4}, {2}], [{8, 3}, {5, 7}, {2, 6}, {1, 4}], [{8, 3}, {5, 7}, {4, 6}, {1, 2}], [{8, 3}, {5, 7}, {6}, {2, 4}, {1}], [{8, 3}, {6, 7}, {1, 5}, {2, 4}], [{8, 3}, {6, 7}, {2, 5}, {1, 4}], [{8, 3}, {6, 7}, {4, 5}, {1, 2}], [{8, 3}, {6, 7}, {5}, {2, 4}, {1}], [{8, 3}, {7}, {1, 6}, {5}, {2, 4}], [{8, 3}, {7}, {2, 6}, {4, 5}, {1}], [{8, 3}, {7}, {4, 6}, {2, 5}, {1}], [{8, 3}, {7}, {5, 6}, {2, 4}, {1}], [{8, 3}, {7}, {6}, {1, 5}, {2, 4}], [{8, 3}, {7}, {6}, {5}, {2, 4}, {1}], [{8, 4}, {1, 7}, {2, 6}, {3, 5}], [{8, 4}, {1, 7}, {2, 6}, {5}, {3}], [{8, 4}, {1, 7}, {3, 6}, {2, 5}], [{8, 4}, {1, 7}, {3, 6}, {5}, {2}], [{8, 4}, {1, 7}, {5, 6}, {2, 3}], [{8, 4}, {1, 7}, {5, 6}, {3}, {2}], [{8, 4}, {1, 7}, {6}, {2, 5}, {3}], [{8, 4}, {1, 7}, {6}, {3, 5}, {2}], [{8, 4}, {1, 7}, {6}, {5}, {2, 3}], [{8, 4}, {2, 7}, {1, 6}, {3, 5}], [{8, 4}, {2, 7}, {3, 6}, {1, 5}], [{8, 4}, {2, 7}, {5, 6}, {1, 3}], [{8, 4}, {3, 7}, {1, 6}, {2, 5}], [{8, 4}, {3, 7}, {2, 6}, {1, 5}], [{8, 4}, {3, 7}, {5, 6}, {1, 2}], [{8, 4}, {5, 7}, {1, 6}, {2, 3}], [{8, 4}, {5, 7}, {1, 6}, {3}, {2}], [{8, 4}, {5, 7}, {2, 6}, {1, 3}], [{8, 4}, {5, 7}, {3, 6}, {1, 2}], [{8, 4}, {5, 7}, {6}, {2, 3}, {1}], [{8, 4}, {6, 7}, {1, 5}, {2, 3}], [{8, 4}, {6, 7}, {2, 5}, {1, 3}], [{8, 4}, {6, 7}, {3, 5}, {1, 2}], [{8, 4}, {6, 7}, {5}, {2, 3}, {1}], [{8, 4}, {7}, {1, 6}, {5}, {2, 3}], [{8, 4}, {7}, {2, 6}, {3, 5}, {1}], [{8, 4}, {7}, {3, 6}, {2, 5}, {1}], [{8, 4}, {7}, {5, 6}, {2, 3}, {1}], [{8, 4}, {7}, {6}, {1, 5}, {2, 3}], [{8, 4}, {7}, {6}, {5}, {2, 3}, {1}], [{8, 5}, {1, 7}, {2, 6}, {3, 4}], [{8, 5}, {1, 7}, {3, 6}, {2, 4}], [{8, 5}, {1, 7}, {4, 6}, {2, 3}], [{8, 5}, {1, 7}, {4, 6}, {3}, {2}], [{8, 5}, {2, 7}, {1, 6}, {3, 4}], [{8, 5}, {2, 7}, {3, 6}, {1, 4}], [{8, 5}, {2, 7}, {4, 6}, {1, 3}], [{8, 5}, {2, 7}, {6}, {4}, {1, 3}], [{8, 5}, {3, 7}, {1, 6}, {2, 4}], [{8, 5}, {3, 7}, {2, 6}, {1, 4}], [{8, 5}, {3, 7}, {4, 6}, {1, 2}], [{8, 5}, {3, 7}, {4, 6}, {2}, {1}], [{8, 5}, {4, 7}, {1, 6}, {2, 3}], [{8, 5}, {4, 7}, {1, 6}, {3}, {2}], [{8, 5}, {4, 7}, {2, 6}, {1, 3}], [{8, 5}, {4, 7}, {3, 6}, {1, 2}], [{8, 5}, {4, 7}, {3, 6}, {2}, {1}], [{8, 5}, {4, 7}, {6}, {1, 3}, {2}], [{8, 5}, {6, 7}, {1, 4}, {2, 3}], [{8, 5}, {6, 7}, {2, 4}, {1, 3}], [{8, 5}, {6, 7}, {3, 4}, {1, 2}], [{8, 5}, {6, 7}, {4}, {1, 3}, {2}], [{8, 5}, {7}, {2, 6}, {4}, {1, 3}], [{8, 5}, {7}, {4, 6}, {1, 3}, {2}], [{8, 5}, {7}, {6}, {2, 4}, {1, 3}], [{8, 5}, {7}, {6}, {4}, {1, 3}, {2}], [{8, 6}, {1, 7}, {2, 5}, {3, 4}], [{8, 6}, {1, 7}, {3, 5}, {2, 4}], [{8, 6}, {1, 7}, {4, 5}, {2, 3}], [{8, 6}, {2, 7}, {1, 5}, {3, 4}], [{8, 6}, {2, 7}, {1, 5}, {4}, {3}], [{8, 6}, {2, 7}, {3, 5}, {1, 4}], [{8, 6}, {2, 7}, {3, 5}, {4}, {1}], [{8, 6}, {2, 7}, {4, 5}, {1, 3}], [{8, 6}, {2, 7}, {4, 5}, {3}, {1}], [{8, 6}, {2, 7}, {5}, {1, 4}, {3}], [{8, 6}, {2, 7}, {5}, {3, 4}, {1}], [{8, 6}, {2, 7}, {5}, {4}, {1, 3}], [{8, 6}, {2, 7}, {5}, {4}, {3}, {1}], [{8, 6}, {3, 7}, {1, 5}, {2, 4}], [{8, 6}, {3, 7}, {2, 5}, {1, 4}], [{8, 6}, {3, 7}, {4, 5}, {1, 2}], [{8, 6}, {4, 7}, {1, 5}, {2, 3}], [{8, 6}, {4, 7}, {2, 5}, {1, 3}], [{8, 6}, {4, 7}, {3, 5}, {1, 2}], [{8, 6}, {5, 7}, {1, 4}, {2, 3}], [{8, 6}, {5, 7}, {2, 4}, {1, 3}], [{8, 6}, {5, 7}, {3, 4}, {1, 2}], [{8, 6}, {5, 7}, {4}, {1, 3}, {2}], [{8, 6}, {7}, {2, 5}, {4}, {1, 3}], [{8, 7}, {1, 6}, {2, 5}, {3, 4}], [{8, 7}, {1, 6}, {2, 5}, {4}, {3}], [{8, 7}, {1, 6}, {3, 5}, {2, 4}], [{8, 7}, {1, 6}, {4, 5}, {2, 3}], [{8, 7}, {2, 6}, {1, 5}, {3, 4}], [{8, 7}, {2, 6}, {1, 5}, {4}, {3}], [{8, 7}, {2, 6}, {3, 5}, {1, 4}], [{8, 7}, {2, 6}, {3, 5}, {4}, {1}], [{8, 7}, {2, 6}, {4, 5}, {1, 3}], [{8, 7}, {2, 6}, {4, 5}, {3}, {1}], [{8, 7}, {2, 6}, {5}, {1, 4}, {3}], [{8, 7}, {2, 6}, {5}, {3, 4}, {1}], [{8, 7}, {2, 6}, {5}, {4}, {1, 3}], [{8, 7}, {2, 6}, {5}, {4}, {3}, {1}], [{8, 7}, {3, 6}, {1, 5}, {2, 4}], [{8, 7}, {3, 6}, {2, 5}, {1, 4}], [{8, 7}, {3, 6}, {2, 5}, {4}, {1}], [{8, 7}, {3, 6}, {4, 5}, {1, 2}], [{8, 7}, {3, 6}, {5}, {1, 4}, {2}], [{8, 7}, {4, 6}, {1, 5}, {2, 3}], [{8, 7}, {4, 6}, {2, 5}, {1, 3}], [{8, 7}, {4, 6}, {2, 5}, {3}, {1}], [{8, 7}, {4, 6}, {3, 5}, {1, 2}], [{8, 7}, {5, 6}, {1, 4}, {2, 3}], [{8, 7}, {5, 6}, {1, 4}, {3}, {2}], [{8, 7}, {5, 6}, {2, 4}, {1, 3}], [{8, 7}, {5, 6}, {2, 4}, {3}, {1}], [{8, 7}, {5, 6}, {3, 4}, {1, 2}], [{8, 7}, {5, 6}, {3, 4}, {2}, {1}], [{8, 7}, {5, 6}, {4}, {1, 3}, {2}], [{8, 7}, {5, 6}, {4}, {2, 3}, {1}], [{8, 7}, {5, 6}, {4}, {3}, {1, 2}], [{8, 7}, {5, 6}, {4}, {3}, {2}, {1}], [{8, 7}, {6}, {2, 5}, {1, 4}, {3}], [{8, 7}, {6}, {2, 5}, {3, 4}, {1}], [{8, 7}, {6}, {2, 5}, {4}, {1, 3}], [{8, 7}, {6}, {2, 5}, {4}, {3}, {1}], [{8, 7}, {6}, {3, 5}, {1, 4}, {2}], [{8, 7}, {6}, {5}, {1, 4}, {2, 3}], [{8}, {1, 7}, {2, 6}, {3, 5}, {4}], [{8}, {1, 7}, {3, 6}, {2, 5}, {4}], [{8}, {1, 7}, {5, 6}, {4}, {2, 3}], [{8}, {2, 7}, {1, 6}, {3, 5}, {4}], [{8}, {2, 7}, {5, 6}, {4}, {1, 3}], [{8}, {3, 7}, {2, 6}, {4, 5}, {1}], [{8}, {3, 7}, {4, 6}, {1, 5}, {2}], [{8}, {3, 7}, {4, 6}, {2, 5}, {1}], [{8}, {3, 7}, {4, 6}, {5}, {1, 2}], [{8}, {3, 7}, {4, 6}, {5}, {2}, {1}], [{8}, {3, 7}, {5, 6}, {2, 4}, {1}], [{8}, {4, 7}, {2, 6}, {3, 5}, {1}], [{8}, {4, 7}, {3, 6}, {1, 5}, {2}], [{8}, {4, 7}, {3, 6}, {2, 5}, {1}], [{8}, {4, 7}, {3, 6}, {5}, {1, 2}], [{8}, {4, 7}, {3, 6}, {5}, {2}, {1}], [{8}, {4, 7}, {5, 6}, {2, 3}, {1}], [{8}, {5, 7}, {1, 6}, {2, 4}, {3}], [{8}, {5, 7}, {1, 6}, {3, 4}, {2}], [{8}, {5, 7}, {1, 6}, {4}, {2, 3}], [{8}, {5, 7}, {2, 6}, {4}, {1, 3}], [{8}, {5, 7}, {4, 6}, {3}, {1, 2}], [{8}, {6, 7}, {2, 5}, {4}, {1, 3}], [{8}, {7}, {2, 6}, {3, 5}, {1, 4}], [{8}, {7}, {3, 6}, {2, 5}, {1, 4}], [{8}, {7}, {4, 6}, {3, 5}, {1, 2}], [{8}, {7}, {5, 6}, {1, 4}, {2, 3}]]",2,4 K_1^3 - 18 K_1^2 - 12 K_1 K_2 + 3 K_1 + 9 K_2 + 5 K_3 + 10,O1O2O3O4U2U4U1O5O6U3O7U5U6O8U7U8,O1O2O3U2U4U3U1O5O6U5O7O8U6O4U7U8,O1O2O3U4U5O6U7O4O5U8O7O8U3U1U6U2,c,"{'O1O2O3U4U5O4U6U7O5U1O6O7U8U2O8U3', 'O1O2O3O4U5U6O5U7U8O6U2O7O8U4U1U3'}",2,"<a href=""/flatknot/8.857697"">8.857697</a>",t^9-53t^7-114t^6+203t^5+668t^4+489t^3+110t^2+12t,-t^2+2t,,
8.857698,O1O2O3O4U5U6O5U7U8O6U3O7O8U1U2U4,4,4z^3+37z^2+102z+89,4w^4z^3-4w^4z^2+41w^3z^2-4w^3z+106w^2z+89w,False,False,"[[ 0 -2  0  1  3 -1 -1 -1  1],[ 2  0  1  2  3  1  1  1  3],[ 0 -1  0  2  2 -1 -1 -1  1],[-1 -2 -2  0 -1 -2  0  0  1],[-3 -3 -2  1  0 -4 -4 -3 -1],[ 1 -1  1  2  4  0 -1 -1  1],[ 1 -1  1  0  4  1  0 -1  0],[ 1 -1  1  0  3  1  1  0  1],[-1 -3 -1 -1  1 -1  0 -1  0]]","[[ 0  3  1  1  0 -1 -1 -1 -2],[-3  0  1 -1 -2 -3 -4 -4 -3],[-1 -1  0  1 -2  0  0 -2 -2],[-1  1 -1  0 -1 -1  0 -1 -3],[ 0  2  2  1  0 -1 -1 -1 -1],[ 1  3  0  1  1  0  1  1 -1],[ 1  4  0  0  1 -1  0  1 -1],[ 1  4  2  1  1 -1 -1  0 -1],[ 2  3  2  3  1  1  1  1  0]]",True,"[-3,-1,-1,0,1,1,1,2,-1,1,2,3,4,4,3,-1,2,0,0,2,2,1,1,0,1,3,1,1,1,1,-1,-1,1,-1,1,1]","[-3,-1,-1,0,1,1,1,2,-1,1,2,3,4,4,3,-1,2,0,0,2,2,1,1,0,1,3,1,1,1,1,-1,-1,1,-1,1,1]",t^8+91t^6+1047t^4+181t^2+4,"[-2,-1,-1,-1,0,1,1,3,0,0,0,1,0,1,2,-1,-1,0,1,2,1,-1,0,2,2,0,0,1,0,0,0,-1,1,1,1,3]","[-3,-1,-1,0,1,1,1,2,1,3,1,0,0,1,2,-1,0,1,2,1,0,-1,0,2,2,1,0,0,0,1,-1,-1,0,-1,0,0]","[-2,-1,-1,-1,0,1,1,3,1,1,1,1,2,3,3,-1,-1,1,2,1,4,-1,1,0,0,4,1,0,1,3,2,1,2,1,-1,1]",c,"[[{8, 1}, {2, 7}, {3, 6}, {4, 5}], [{8, 1}, {2, 7}, {4, 6}, {3, 5}], [{8, 1}, {2, 7}, {5, 6}, {3, 4}], [{8, 1}, {2, 7}, {6}, {4, 5}, {3}], [{8, 1}, {3, 7}, {2, 6}, {4, 5}], [{8, 1}, {3, 7}, {4, 6}, {2, 5}], [{8, 1}, {3, 7}, {5, 6}, {2, 4}], [{8, 1}, {3, 7}, {6}, {4, 5}, {2}], [{8, 1}, {4, 7}, {2, 6}, {3, 5}], [{8, 1}, {4, 7}, {3, 6}, {2, 5}], [{8, 1}, {4, 7}, {5, 6}, {2, 3}], [{8, 1}, {5, 7}, {2, 6}, {3, 4}], [{8, 1}, {5, 7}, {2, 6}, {4}, {3}], [{8, 1}, {5, 7}, {3, 6}, {2, 4}], [{8, 1}, {5, 7}, {4, 6}, {2, 3}], [{8, 1}, {6, 7}, {2, 5}, {3, 4}], [{8, 1}, {6, 7}, {3, 5}, {2, 4}], [{8, 1}, {6, 7}, {4, 5}, {2, 3}], [{8, 1}, {7}, {2, 6}, {5}, {3, 4}], [{8, 1}, {7}, {4, 6}, {2, 5}, {3}], [{8, 1}, {7}, {6}, {3, 5}, {2, 4}], [{8, 1}, {7}, {6}, {4, 5}, {2, 3}], [{8, 2}, {1, 7}, {3, 6}, {4, 5}], [{8, 2}, {1, 7}, {4, 6}, {3, 5}], [{8, 2}, {1, 7}, {5, 6}, {3, 4}], [{8, 2}, {3, 7}, {1, 6}, {4, 5}], [{8, 2}, {3, 7}, {1, 6}, {5}, {4}], [{8, 2}, {3, 7}, {4, 6}, {1, 5}], [{8, 2}, {3, 7}, {4, 6}, {5}, {1}], [{8, 2}, {3, 7}, {5, 6}, {1, 4}], [{8, 2}, {3, 7}, {6}, {5}, {1, 4}], [{8, 2}, {4, 7}, {1, 6}, {3, 5}], [{8, 2}, {4, 7}, {1, 6}, {5}, {3}], [{8, 2}, {4, 7}, {3, 6}, {1, 5}], [{8, 2}, {4, 7}, {3, 6}, {5}, {1}], [{8, 2}, {4, 7}, {5, 6}, {1, 3}], [{8, 2}, {4, 7}, {6}, {5}, {1, 3}], [{8, 2}, {5, 7}, {1, 6}, {3, 4}], [{8, 2}, {5, 7}, {1, 6}, {4}, {3}], [{8, 2}, {5, 7}, {3, 6}, {1, 4}], [{8, 2}, {5, 7}, {4, 6}, {1, 3}], [{8, 2}, {6, 7}, {1, 5}, {3, 4}], [{8, 2}, {6, 7}, {3, 5}, {1, 4}], [{8, 2}, {6, 7}, {4, 5}, {1, 3}], [{8, 2}, {7}, {1, 6}, {3, 5}, {4}], [{8, 2}, {7}, {1, 6}, {4, 5}, {3}], [{8, 2}, {7}, {1, 6}, {5}, {3, 4}], [{8, 2}, {7}, {1, 6}, {5}, {4}, {3}], [{8, 3}, {1, 7}, {2, 6}, {4, 5}], [{8, 3}, {1, 7}, {4, 6}, {2, 5}], [{8, 3}, {1, 7}, {5, 6}, {2, 4}], [{8, 3}, {1, 7}, {6}, {4, 5}, {2}], [{8, 3}, {2, 7}, {1, 6}, {4, 5}], [{8, 3}, {2, 7}, {4, 6}, {1, 5}], [{8, 3}, {2, 7}, {5, 6}, {1, 4}], [{8, 3}, {4, 7}, {1, 6}, {2, 5}], [{8, 3}, {4, 7}, {2, 6}, {1, 5}], [{8, 3}, {4, 7}, {5, 6}, {1, 2}], [{8, 3}, {5, 7}, {1, 6}, {2, 4}], [{8, 3}, {5, 7}, {2, 6}, {1, 4}], [{8, 3}, {5, 7}, {4, 6}, {1, 2}], [{8, 3}, {6, 7}, {1, 5}, {2, 4}], [{8, 3}, {6, 7}, {2, 5}, {1, 4}], [{8, 3}, {6, 7}, {4, 5}, {1, 2}], [{8, 3}, {7}, {4, 6}, {2, 5}, {1}], [{8, 3}, {7}, {5, 6}, {1, 4}, {2}], [{8, 4}, {1, 7}, {2, 6}, {3, 5}], [{8, 4}, {1, 7}, {3, 6}, {2, 5}], [{8, 4}, {1, 7}, {5, 6}, {2, 3}], [{8, 4}, {2, 7}, {1, 6}, {3, 5}], [{8, 4}, {2, 7}, {3, 6}, {1, 5}], [{8, 4}, {2, 7}, {5, 6}, {1, 3}], [{8, 4}, {2, 7}, {6}, {3, 5}, {1}], [{8, 4}, {3, 7}, {1, 6}, {2, 5}], [{8, 4}, {3, 7}, {2, 6}, {1, 5}], [{8, 4}, {3, 7}, {5, 6}, {1, 2}], [{8, 4}, {3, 7}, {5, 6}, {2}, {1}], [{8, 4}, {5, 7}, {1, 6}, {2, 3}], [{8, 4}, {5, 7}, {1, 6}, {3}, {2}], [{8, 4}, {5, 7}, {2, 6}, {1, 3}], [{8, 4}, {5, 7}, {3, 6}, {1, 2}], [{8, 4}, {6, 7}, {1, 5}, {2, 3}], [{8, 4}, {6, 7}, {2, 5}, {1, 3}], [{8, 4}, {6, 7}, {3, 5}, {1, 2}], [{8, 4}, {7}, {2, 6}, {5}, {1, 3}], [{8, 4}, {7}, {3, 6}, {1, 5}, {2}], [{8, 5}, {1, 7}, {2, 6}, {3, 4}], [{8, 5}, {1, 7}, {3, 6}, {2, 4}], [{8, 5}, {1, 7}, {4, 6}, {2, 3}], [{8, 5}, {1, 7}, {6}, {4}, {2, 3}], [{8, 5}, {2, 7}, {1, 6}, {3, 4}], [{8, 5}, {2, 7}, {3, 6}, {1, 4}], [{8, 5}, {2, 7}, {4, 6}, {1, 3}], [{8, 5}, {2, 7}, {6}, {1, 4}, {3}], [{8, 5}, {3, 7}, {1, 6}, {2, 4}], [{8, 5}, {3, 7}, {1, 6}, {4}, {2}], [{8, 5}, {3, 7}, {2, 6}, {1, 4}], [{8, 5}, {3, 7}, {4, 6}, {1, 2}], [{8, 5}, {3, 7}, {4, 6}, {2}, {1}], [{8, 5}, {3, 7}, {6}, {1, 4}, {2}], [{8, 5}, {4, 7}, {1, 6}, {2, 3}], [{8, 5}, {4, 7}, {2, 6}, {1, 3}], [{8, 5}, {4, 7}, {3, 6}, {1, 2}], [{8, 5}, {4, 7}, {6}, {1, 3}, {2}], [{8, 5}, {4, 7}, {6}, {2, 3}, {1}], [{8, 5}, {4, 7}, {6}, {3}, {1, 2}], [{8, 5}, {6, 7}, {1, 4}, {2, 3}], [{8, 5}, {6, 7}, {2, 4}, {1, 3}], [{8, 5}, {6, 7}, {3, 4}, {1, 2}], [{8, 5}, {6, 7}, {3, 4}, {2}, {1}], [{8, 5}, {7}, {6}, {1, 4}, {2, 3}], [{8, 6}, {1, 7}, {2, 5}, {3, 4}], [{8, 6}, {1, 7}, {3, 5}, {2, 4}], [{8, 6}, {1, 7}, {4, 5}, {2, 3}], [{8, 6}, {2, 7}, {1, 5}, {3, 4}], [{8, 6}, {2, 7}, {3, 5}, {1, 4}], [{8, 6}, {2, 7}, {3, 5}, {4}, {1}], [{8, 6}, {2, 7}, {4, 5}, {1, 3}], [{8, 6}, {3, 7}, {1, 5}, {2, 4}], [{8, 6}, {3, 7}, {2, 5}, {1, 4}], [{8, 6}, {3, 7}, {4, 5}, {1, 2}], [{8, 6}, {4, 7}, {1, 5}, {2, 3}], [{8, 6}, {4, 7}, {2, 5}, {1, 3}], [{8, 6}, {4, 7}, {3, 5}, {1, 2}], [{8, 6}, {5, 7}, {1, 4}, {2, 3}], [{8, 6}, {5, 7}, {1, 4}, {3}, {2}], [{8, 6}, {5, 7}, {2, 4}, {1, 3}], [{8, 6}, {5, 7}, {3, 4}, {1, 2}], [{8, 6}, {5, 7}, {3, 4}, {2}, {1}], [{8, 6}, {5, 7}, {4}, {1, 3}, {2}], [{8, 7}, {1, 6}, {2, 5}, {3, 4}], [{8, 7}, {1, 6}, {3, 5}, {2, 4}], [{8, 7}, {1, 6}, {4, 5}, {2, 3}], [{8, 7}, {2, 6}, {1, 5}, {3, 4}], [{8, 7}, {2, 6}, {3, 5}, {1, 4}], [{8, 7}, {2, 6}, {4, 5}, {1, 3}], [{8, 7}, {3, 6}, {1, 5}, {2, 4}], [{8, 7}, {3, 6}, {1, 5}, {4}, {2}], [{8, 7}, {3, 6}, {2, 5}, {1, 4}], [{8, 7}, {3, 6}, {4, 5}, {1, 2}], [{8, 7}, {3, 6}, {4, 5}, {2}, {1}], [{8, 7}, {3, 6}, {5}, {1, 4}, {2}], [{8, 7}, {4, 6}, {1, 5}, {2, 3}], [{8, 7}, {4, 6}, {2, 5}, {1, 3}], [{8, 7}, {4, 6}, {2, 5}, {3}, {1}], [{8, 7}, {4, 6}, {3, 5}, {1, 2}], [{8, 7}, {5, 6}, {1, 4}, {2, 3}], [{8, 7}, {5, 6}, {2, 4}, {1, 3}], [{8, 7}, {5, 6}, {3, 4}, {1, 2}], [{8}, {1, 7}, {4, 6}, {2, 5}, {3}], [{8}, {2, 7}, {4, 6}, {3, 5}, {1}], [{8}, {3, 7}, {1, 6}, {2, 5}, {4}], [{8}, {3, 7}, {2, 6}, {1, 5}, {4}], [{8}, {3, 7}, {4, 6}, {2, 5}, {1}], [{8}, {3, 7}, {6}, {2, 5}, {1, 4}], [{8}, {4, 7}, {3, 6}, {1, 5}, {2}], [{8}, {4, 7}, {6}, {2, 5}, {1, 3}], [{8}, {5, 7}, {1, 6}, {2, 4}, {3}], [{8}, {5, 7}, {4, 6}, {2, 3}, {1}], [{8}, {6, 7}, {1, 5}, {4}, {2, 3}], [{8}, {6, 7}, {2, 5}, {4}, {1, 3}], [{8}, {6, 7}, {3, 5}, {1, 4}, {2}], [{8}, {7}, {4, 6}, {2, 5}, {1, 3}]]",2,- 24 K_1^4 + 28 K_1^3 + 36 K_1^2 K_2 - 24 K_1^2 - 18 K_1 K_2 - 14 K_1 K_3 - 12 K_1 + 13 K_2 + 2 K_3 + K_4 + 13,O1O2O3O4U1U3U4O5O6U2O7U5U6O8U7U8,O1O2O3U1U2U4U3O5O6U5O7O8U6O4U7U8,O1O2O3U4U5O6U7O4O5U8O7O8U1U6U2U3,c,{'O1O2O3O4U5U6O5U7U8O6U3O7O8U1U2U4'},1,"<a href=""/flatknot/8.857698"">8.857698</a>",t^9-87t^7-368t^6-6t^5+1914t^4+2203t^3-542t^2-1663t-560,-t^3+t^2+t,,
8.857699,O1O2O3O4U5U6O5U7U8O6U3O7O8U1U4U2,4,22z^2+99z+111,22w^3z^2+99w^2z+111w,False,False,"[[ 0 -2  1  1  2 -1 -1 -1  1],[ 2  0  2  2  2  1  1  1  3],[-1 -2  0  1  1 -2 -2 -2  0],[-1 -2 -1  0 -1 -2  0  0  1],[-2 -2 -1  1  0 -3 -3 -2  0],[ 1 -1  2  2  3  0 -1 -1  1],[ 1 -1  2  0  3  1  0 -1  0],[ 1 -1  2  0  2  1  1  0  1],[-1 -3  0 -1  0 -1  0 -1  0]]","[[ 0  2  1  1  1 -1 -1 -1 -2],[-2  0  1  0 -1 -2 -3 -3 -2],[-1 -1  0  1 -1  0  0 -2 -2],[-1  0 -1  0  0 -1  0 -1 -3],[-1  1  1  0  0 -2 -2 -2 -2],[ 1  2  0  1  2  0  1  1 -1],[ 1  3  0  0  2 -1  0  1 -1],[ 1  3  2  1  2 -1 -1  0 -1],[ 2  2  2  3  2  1  1  1  0]]",True,"[-2,-1,-1,-1,1,1,1,2,-1,0,1,2,3,3,2,-1,1,0,0,2,2,0,1,0,1,3,2,2,2,2,-1,-1,1,-1,1,1]","[-2,-1,-1,-1,1,1,1,2,-1,0,1,2,3,3,2,-1,1,0,0,2,2,0,1,0,1,3,2,2,2,2,-1,-1,1,-1,1,1]",t^8+71t^6+713t^4+127t^2+4,"[-2,-1,-1,-1,1,1,1,2,0,0,0,0,1,1,2,-1,-1,1,0,2,1,-1,2,0,2,0,1,0,0,0,0,1,1,-1,0,2]","[-2,-1,-1,-1,1,1,1,2,0,1,2,0,0,1,2,0,1,0,0,0,1,-1,1,2,1,0,0,2,2,1,-1,-1,0,-1,0,0]","[-2,-1,-1,-1,1,1,1,2,1,1,1,2,2,3,2,-1,-1,2,2,1,3,-1,0,2,0,3,0,2,1,2,-1,1,-1,0,1,0]",c,"[[{8, 1}, {2, 7}, {4, 6}, {3, 5}], [{8, 1}, {7}, {4, 6}, {3, 5}, {2}], [{8, 4}, {2, 7}, {1, 6}, {3, 5}], [{8, 5}, {2, 7}, {3, 6}, {1, 4}], [{8, 6}, {2, 7}, {3, 5}, {1, 4}]]",1,16 K_1^3 + 8 K_1^2 K_2 - 28 K_1^2 - 24 K_1 K_2 - 8 K_1 K_3 + 14 K_2 + 8 K_3 + 2 K_4 + 13,O1O2O3O4U3U1U4O5O6U2O7U5U6O8U7U8,O1O2O3U1U3U4U2O5O6U5O7O8U6O4U7U8,O1O2O3U4U5O6U7O4O5U8O7O8U2U6U1U3,c,{'O1O2O3O4U5U6O5U7U8O6U3O7O8U1U4U2'},1,"<a href=""/flatknot/8.857699"">8.857699</a>",t^9-71t^7-252t^6+109t^5+1396t^4+1502t^3+10t^2-527t-152,0,,
8.857700,O1O2O3O4U5U6O5U7U8O6U3O7O8U2U1U4,4,8z^3+52z^2+113z+83,8w^4z^3+52w^3z^2+113w^2z+83w,False,False,"[[ 0 -1 -1  1  3 -1 -1 -1  1],[ 1  0  0  2  3  0  0  0  2],[ 1  0  0  2  2  0  0  0  2],[-1 -2 -2  0 -1 -2  0  0  1],[-3 -3 -2  1  0 -4 -4 -3 -1],[ 1  0  0  2  4  0 -1 -1  1],[ 1  0  0  0  4  1  0 -1  0],[ 1  0  0  0  3  1  1  0  1],[-1 -2 -2 -1  1 -1  0 -1  0]]","[[ 0  3  1  1 -1 -1 -1 -1 -1],[-3  0  1 -1 -2 -3 -3 -4 -4],[-1 -1  0  1 -2  0 -2  0 -2],[-1  1 -1  0 -2 -1 -2  0 -1],[ 1  2  2  2  0  0  0  0  0],[ 1  3  0  1  0  0  0  1  1],[ 1  3  2  2  0  0  0  0  0],[ 1  4  0  0  0 -1  0  0  1],[ 1  4  2  1  0 -1  0 -1  0]]",True,"[-3,-1,-1,1,1,1,1,1,-1,1,2,3,3,4,4,-1,2,0,2,0,2,2,1,2,0,1,0,0,0,0,0,-1,-1,0,0,-1]","[-3,-1,-1,1,1,1,1,1,-1,1,2,3,3,4,4,-1,2,0,2,0,2,2,1,2,0,1,0,0,0,0,0,-1,-1,0,0,-1]",t^8+82t^6+848t^4+68t^2,"[-1,-1,-1,-1,-1,1,1,3,-1,-1,0,0,1,2,1,-1,0,0,2,2,0,0,0,1,0,0,0,0,0,1,0,0,2,1,1,3]","[-3,-1,-1,1,1,1,1,1,1,3,0,0,1,1,2,-1,1,2,0,1,0,0,2,0,2,0,-1,0,-1,0,0,-1,0,0,0,0]","[-1,-1,-1,-1,-1,1,1,3,-1,-1,0,0,1,2,4,-1,0,0,0,0,4,0,0,1,0,3,0,2,2,2,2,2,3,-1,1,-1]",c,"[[{8, 2}, {3, 7}, {1, 6}, {4, 5}], [{8, 2}, {3, 7}, {4, 6}, {1, 5}], [{8, 2}, {3, 7}, {5, 6}, {1, 4}], [{8, 2}, {5, 7}, {1, 6}, {3, 4}], [{8, 4}, {5, 7}, {1, 6}, {2, 3}]]",1,8 K_1^3 + 16 K_1^2 K_2 - 8 K_1^2 - 10 K_1 K_2 - 16 K_1 K_3 - K_1 - 4 K_2^2 + 4 K_2 + 3 K_3 + 6 K_4 + 3,O1O2O3O4U1U4U3O5O6U2O7U5U6O8U7U8,O1O2O3U2U1U4U3O5O6U5O7O8U6O4U7U8,O1O2O3U4U5O6U7O4O5U8O7O8U1U6U3U2,c,{'O1O2O3O4U5U6O5U7U8O6U3O7O8U2U1U4'},1,"<a href=""/flatknot/8.857700"">8.857700</a>",t^9-76t^7-168t^6+522t^5+1540t^4+796t^3-54t^2-48t+2,-t^3+3t,,
8.857701,O1O2O3O4U5U6O5U7U8O6U3O7O8U4U1U2,4,4z^3+39z^2+108z+93,4w^4z^3+39w^3z^2+108w^2z+93w,False,False,"[[ 0 -1  1  1  1 -1 -1 -1  1],[ 1  0  1  1  1  0  0  0  2],[-1 -1  0  1  1 -2 -2 -2  0],[-1 -1 -1  0 -1 -2  0  0  1],[-1 -1 -1  1  0 -2 -2 -1  1],[ 1  0  2  2  2  0 -1 -1  1],[ 1  0  2  0  2  1  0 -1  0],[ 1  0  2  0  1  1  1  0  1],[-1 -2  0 -1 -1 -1  0 -1  0]]","[[ 0  1  1  1  1 -1 -1 -1 -1],[-1  0  1  1  0 -1 -2 -2 -2],[-1 -1  0  1  1 -1 -1 -2 -2],[-1 -1 -1  0  1 -1  0  0 -2],[-1  0 -1 -1  0 -2 -1  0 -1],[ 1  1  1  1  2  0  0  0  0],[ 1  2  1  0  1  0  0  1  1],[ 1  2  2  0  0  0 -1  0  1],[ 1  2  2  2  1  0 -1 -1  0]]",True,"[-1,-1,-1,-1,1,1,1,1,-1,-1,0,1,2,2,2,-1,-1,1,1,2,2,-1,1,0,0,2,2,1,0,1,0,0,0,-1,-1,-1]","[-1,-1,-1,-1,1,1,1,1,-1,-1,0,0,1,1,2,-1,-1,1,0,2,2,-1,1,0,1,0,1,0,0,0,0,0,0,-1,-1,1]",t^8+42t^6+265t^4+115t^2+1,"[-1,-1,-1,-1,1,1,1,1,-1,-1,0,0,1,1,2,-1,0,0,0,2,2,0,0,0,1,0,1,1,0,1,-1,0,-1,-1,-1,1]","[-1,-1,-1,-1,1,1,1,1,-1,-1,0,0,1,1,2,-1,-1,1,0,2,2,-1,1,0,1,0,1,0,0,0,0,0,0,-1,-1,1]","[-1,-1,-1,-1,1,1,1,1,-1,-1,0,1,2,2,2,-1,0,0,0,2,2,0,1,0,1,2,2,1,1,1,-1,-1,0,-1,-1,-1]",c,"[[{8, 7}, {3, 6}, {4, 5}, {1, 2}]]",0,40 K_1^3 - 28 K_1^2 - 40 K_1 K_2 - 10 K_1 + 14 K_2 + 10 K_3 + 15,O1O2O3O4U3U4U1O5O6U2O7U5U6O8U7U8,O1O2O3U2U3U4U1O5O6U5O7O8U6O4U7U8,O1O2O3U4U5O6U7O4O5U8O7O8U3U6U1U2,c,{'O1O2O3O4U5U6O5U7U8O6U3O7O8U4U1U2'},1,"<a href=""/flatknot/8.857701"">8.857701</a>",t^9-42t^7-104t^6+103t^5+434t^4+145t^3-208t^2-113t-12,0,,
8.857702,O1O2O3O4U5U6O5U7U8O6U4O7O8U1U2U3,4,4z^3+19z^2+28z+13,-8w^5z^3+12w^4z^3-30w^4z^2+49w^3z^2-26w^3z+54w^2z+13w,False,False,"[[ 0 -2  0  2  2 -1 -1 -1  1],[ 2  0  1  2  2  1  1  1  3],[ 0 -1  0  1  2 -1 -1 -1  1],[-2 -2 -1  0  2 -3 -3 -3 -1],[-2 -2 -2 -2  0 -3 -1 -1  0],[ 1 -1  1  3  3  0 -1 -1  1],[ 1 -1  1  3  1  1  0 -1  0],[ 1 -1  1  3  1  1  1  0  1],[-1 -3 -1  1  0 -1  0 -1  0]]","[[ 0  2  2  1  0 -1 -1 -1 -2],[-2  0  2 -1 -1 -3 -3 -3 -2],[-2 -2  0  0 -2 -1 -1 -3 -2],[-1  1  0  0 -1  0 -1 -1 -3],[ 0  1  2  1  0 -1 -1 -1 -1],[ 1  3  1  0  1  0 -1  1 -1],[ 1  3  1  1  1  1  0  1 -1],[ 1  3  3  1  1 -1 -1  0 -1],[ 2  2  2  3  1  1  1  1  0]]",True,"[-2,-2,-1,0,1,1,1,2,-2,1,1,3,3,3,2,0,2,1,1,3,2,1,0,1,1,3,1,1,1,1,1,-1,1,-1,1,1]","[-2,-2,-1,0,1,1,1,2,-2,1,0,0,2,2,2,0,1,0,0,0,2,0,1,1,2,0,0,0,0,1,-1,-1,0,1,0,0]",t^8+78t^6+690t^4+77t^2,"[-2,-1,-1,-1,0,1,2,2,0,0,0,1,0,2,2,-1,-1,0,1,0,2,-1,0,2,0,2,0,1,0,0,0,1,0,0,1,-2]","[-2,-2,-1,0,1,1,1,2,-2,1,0,0,2,2,2,0,1,0,0,0,2,0,1,1,2,0,0,0,0,1,-1,-1,0,1,0,0]","[-2,-1,-1,-1,0,1,2,2,1,1,1,1,3,2,2,-1,-1,1,1,3,3,-1,1,0,1,3,1,1,1,3,1,2,1,0,1,-2]",c,"[[{8, 5}, {2, 7}, {4, 6}, {1, 3}], [{8, 5}, {4, 7}, {2, 6}, {1, 3}], [{8, 5}, {4, 7}, {6}, {1, 3}, {2}], [{8, 5}, {6, 7}, {2, 4}, {1, 3}], [{8, 5}, {6, 7}, {4}, {1, 3}, {2}], [{8, 5}, {7}, {4, 6}, {1, 3}, {2}]]",1,- 8 K_1^4 + 8 K_1^3 + 8 K_1^2 K_2 + 4 K_1^2 - 4 K_1 K_2 - 2 K_1 K_3 - 4 K_1 - K_2,O1O2O3O4U2U3U4O5O6U1O7U5U6O8U7U8,O1O2O3U1U2U3U4O5O6U5O7O8U6O4U7U8,O1O2O3U4U5O6U7O4O5U8O7O8U6U1U2U3,c,{'O1O2O3O4U5U6O5U7U8O6U4O7O8U1U2U3'},1,"<a href=""/flatknot/8.857702"">8.857702</a>",t^9-76t^7-326t^6-185t^5+926t^4+1198t^3+88t^2-346t-132,-t^2+2t,,
8.857703,O1O2O3O4U5U6O5U7U8O6U4O7O8U1U3U2,4,12z^3+65z^2+114z+65,12w^4z^3+65w^3z^2+114w^2z+65w,False,False,"[[ 0 -2  1  1  2 -1 -1 -1  1],[ 2  0  2  1  2  1  1  1  3],[-1 -2  0  0  2 -2 -2 -2  0],[-1 -1  0  0  2 -2 -2 -2  0],[-2 -2 -2 -2  0 -3 -1 -1  0],[ 1 -1  2  2  3  0 -1 -1  1],[ 1 -1  2  2  1  1  0 -1  0],[ 1 -1  2  2  1  1  1  0  1],[-1 -3  0  0  0 -1  0 -1  0]]","[[ 0  2  1  1  1 -1 -1 -1 -2],[-2  0  0 -2 -2 -1 -1 -3 -2],[-1  0  0  0  0  0 -1 -1 -3],[-1  2  0  0  0 -2 -2 -2 -1],[-1  2  0  0  0 -2 -2 -2 -2],[ 1  1  0  2  2  0 -1  1 -1],[ 1  1  1  2  2  1  0  1 -1],[ 1  3  1  2  2 -1 -1  0 -1],[ 2  2  3  1  2  1  1  1  0]]",True,"[-2,-1,-1,-1,1,1,1,2,0,2,2,1,1,3,2,0,0,0,1,1,3,0,2,2,2,1,2,2,2,2,1,-1,1,-1,1,1]","[-2,-1,-1,-1,1,1,1,2,-1,-1,1,0,2,2,2,0,0,0,0,0,1,0,0,0,0,2,1,1,2,0,-1,-1,0,1,0,0]",t^8+69t^6+556t^4+100t^2,"[-2,-1,-1,-1,1,1,1,2,0,0,0,0,1,2,2,-1,-1,1,0,0,2,-1,2,0,0,2,1,0,0,0,0,0,1,0,-1,-1]","[-2,-1,-1,-1,1,1,1,2,-1,-1,1,0,2,2,2,0,0,0,0,0,1,0,0,0,0,2,1,1,2,0,-1,-1,0,1,0,0]","[-2,-1,-1,-1,1,1,1,2,1,1,1,1,2,3,2,-1,-1,2,2,1,3,-1,2,2,0,1,2,2,1,1,0,0,2,0,2,0]",c,"[[{8, 1}, {2, 7}, {3, 6}, {4, 5}], [{8, 1}, {2, 7}, {4, 6}, {3, 5}], [{8, 1}, {2, 7}, {5, 6}, {3, 4}], [{8, 1}, {3, 7}, {2, 6}, {4, 5}], [{8, 1}, {3, 7}, {4, 6}, {2, 5}], [{8, 1}, {3, 7}, {5, 6}, {2, 4}], [{8, 1}, {3, 7}, {6}, {4, 5}, {2}], [{8, 1}, {4, 7}, {2, 6}, {3, 5}], [{8, 1}, {4, 7}, {3, 6}, {2, 5}], [{8, 1}, {4, 7}, {3, 6}, {5}, {2}], [{8, 1}, {4, 7}, {5, 6}, {2, 3}], [{8, 1}, {5, 7}, {2, 6}, {3, 4}], [{8, 1}, {5, 7}, {3, 6}, {2, 4}], [{8, 1}, {5, 7}, {3, 6}, {4}, {2}], [{8, 1}, {5, 7}, {4, 6}, {2, 3}], [{8, 1}, {5, 7}, {4, 6}, {3}, {2}], [{8, 1}, {5, 7}, {6}, {3, 4}, {2}], [{8, 1}, {6, 7}, {2, 5}, {3, 4}], [{8, 1}, {6, 7}, {3, 5}, {2, 4}], [{8, 1}, {6, 7}, {4, 5}, {2, 3}], [{8, 1}, {6, 7}, {4, 5}, {3}, {2}], [{8, 1}, {7}, {3, 6}, {4, 5}, {2}], [{8, 2}, {1, 7}, {3, 6}, {4, 5}], [{8, 2}, {1, 7}, {4, 6}, {3, 5}], [{8, 2}, {1, 7}, {5, 6}, {3, 4}], [{8, 2}, {3, 7}, {1, 6}, {4, 5}], [{8, 2}, {3, 7}, {4, 6}, {1, 5}], [{8, 2}, {3, 7}, {5, 6}, {1, 4}], [{8, 2}, {3, 7}, {6}, {1, 5}, {4}], [{8, 2}, {4, 7}, {1, 6}, {3, 5}], [{8, 2}, {4, 7}, {3, 6}, {1, 5}], [{8, 2}, {4, 7}, {5, 6}, {1, 3}], [{8, 2}, {4, 7}, {6}, {5}, {1, 3}], [{8, 2}, {5, 7}, {1, 6}, {3, 4}], [{8, 2}, {5, 7}, {3, 6}, {1, 4}], [{8, 2}, {5, 7}, {4, 6}, {1, 3}], [{8, 2}, {5, 7}, {6}, {4}, {1, 3}], [{8, 2}, {6, 7}, {1, 5}, {3, 4}], [{8, 2}, {6, 7}, {3, 5}, {1, 4}], [{8, 2}, {6, 7}, {3, 5}, {4}, {1}], [{8, 2}, {6, 7}, {4, 5}, {1, 3}], [{8, 2}, {7}, {3, 6}, {5}, {1, 4}], [{8, 2}, {7}, {6}, {4, 5}, {1, 3}], [{8, 3}, {1, 7}, {2, 6}, {4, 5}], [{8, 3}, {1, 7}, {4, 6}, {2, 5}], [{8, 3}, {1, 7}, {5, 6}, {2, 4}], [{8, 3}, {2, 7}, {1, 6}, {4, 5}], [{8, 3}, {2, 7}, {4, 6}, {1, 5}], [{8, 3}, {2, 7}, {5, 6}, {1, 4}], [{8, 3}, {2, 7}, {5, 6}, {4}, {1}], [{8, 3}, {4, 7}, {1, 6}, {2, 5}], [{8, 3}, {4, 7}, {2, 6}, {1, 5}], [{8, 3}, {4, 7}, {2, 6}, {5}, {1}], [{8, 3}, {4, 7}, {5, 6}, {1, 2}], [{8, 3}, {5, 7}, {1, 6}, {2, 4}], [{8, 3}, {5, 7}, {2, 6}, {1, 4}], [{8, 3}, {5, 7}, {2, 6}, {4}, {1}], [{8, 3}, {5, 7}, {4, 6}, {1, 2}], [{8, 3}, {6, 7}, {1, 5}, {2, 4}], [{8, 3}, {6, 7}, {2, 5}, {1, 4}], [{8, 3}, {6, 7}, {4, 5}, {1, 2}], [{8, 3}, {7}, {2, 6}, {4, 5}, {1}], [{8, 4}, {1, 7}, {2, 6}, {3, 5}], [{8, 4}, {1, 7}, {3, 6}, {2, 5}], [{8, 4}, {1, 7}, {5, 6}, {2, 3}], [{8, 4}, {2, 7}, {1, 6}, {3, 5}], [{8, 4}, {2, 7}, {3, 6}, {1, 5}], [{8, 4}, {2, 7}, {3, 6}, {5}, {1}], [{8, 4}, {2, 7}, {5, 6}, {1, 3}], [{8, 4}, {3, 7}, {1, 6}, {2, 5}], [{8, 4}, {3, 7}, {1, 6}, {5}, {2}], [{8, 4}, {3, 7}, {2, 6}, {1, 5}], [{8, 4}, {3, 7}, {5, 6}, {1, 2}], [{8, 4}, {5, 7}, {1, 6}, {2, 3}], [{8, 4}, {5, 7}, {2, 6}, {1, 3}], [{8, 4}, {5, 7}, {3, 6}, {1, 2}], [{8, 4}, {6, 7}, {1, 5}, {2, 3}], [{8, 4}, {6, 7}, {2, 5}, {1, 3}], [{8, 4}, {6, 7}, {3, 5}, {1, 2}], [{8, 4}, {7}, {2, 6}, {5}, {1, 3}], [{8, 5}, {1, 7}, {2, 6}, {3, 4}], [{8, 5}, {1, 7}, {3, 6}, {2, 4}], [{8, 5}, {1, 7}, {3, 6}, {4}, {2}], [{8, 5}, {1, 7}, {4, 6}, {2, 3}], [{8, 5}, {1, 7}, {4, 6}, {3}, {2}], [{8, 5}, {1, 7}, {6}, {3, 4}, {2}], [{8, 5}, {2, 7}, {1, 6}, {3, 4}], [{8, 5}, {2, 7}, {3, 6}, {1, 4}], [{8, 5}, {2, 7}, {4, 6}, {1, 3}], [{8, 5}, {2, 7}, {4, 6}, {3}, {1}], [{8, 5}, {3, 7}, {1, 6}, {2, 4}], [{8, 5}, {3, 7}, {2, 6}, {1, 4}], [{8, 5}, {3, 7}, {4, 6}, {1, 2}], [{8, 5}, {3, 7}, {4, 6}, {2}, {1}], [{8, 5}, {4, 7}, {1, 6}, {2, 3}], [{8, 5}, {4, 7}, {2, 6}, {1, 3}], [{8, 5}, {4, 7}, {3, 6}, {1, 2}], [{8, 5}, {4, 7}, {6}, {1, 3}, {2}], [{8, 5}, {4, 7}, {6}, {2, 3}, {1}], [{8, 5}, {4, 7}, {6}, {3}, {1, 2}], [{8, 5}, {6, 7}, {1, 4}, {2, 3}], [{8, 5}, {6, 7}, {2, 4}, {1, 3}], [{8, 5}, {6, 7}, {3, 4}, {1, 2}], [{8, 5}, {6, 7}, {4}, {1, 3}, {2}], [{8, 5}, {6, 7}, {4}, {2, 3}, {1}], [{8, 5}, {6, 7}, {4}, {3}, {1, 2}], [{8, 5}, {7}, {4, 6}, {1, 3}, {2}], [{8, 5}, {7}, {4, 6}, {2, 3}, {1}], [{8, 5}, {7}, {4, 6}, {3}, {1, 2}], [{8, 5}, {7}, {4, 6}, {3}, {2}, {1}], [{8, 6}, {1, 7}, {2, 5}, {3, 4}], [{8, 6}, {1, 7}, {3, 5}, {2, 4}], [{8, 6}, {1, 7}, {4, 5}, {2, 3}], [{8, 6}, {1, 7}, {5}, {3, 4}, {2}], [{8, 6}, {2, 7}, {1, 5}, {3, 4}], [{8, 6}, {2, 7}, {3, 5}, {1, 4}], [{8, 6}, {2, 7}, {4, 5}, {1, 3}], [{8, 6}, {3, 7}, {1, 5}, {2, 4}], [{8, 6}, {3, 7}, {2, 5}, {1, 4}], [{8, 6}, {3, 7}, {4, 5}, {1, 2}], [{8, 6}, {4, 7}, {1, 5}, {2, 3}], [{8, 6}, {4, 7}, {2, 5}, {1, 3}], [{8, 6}, {4, 7}, {3, 5}, {1, 2}], [{8, 6}, {5, 7}, {1, 4}, {2, 3}], [{8, 6}, {5, 7}, {2, 4}, {1, 3}], [{8, 6}, {5, 7}, {3, 4}, {1, 2}], [{8, 7}, {1, 6}, {2, 5}, {3, 4}], [{8, 7}, {1, 6}, {3, 5}, {2, 4}], [{8, 7}, {1, 6}, {4, 5}, {2, 3}], [{8, 7}, {2, 6}, {1, 5}, {3, 4}], [{8, 7}, {2, 6}, {3, 5}, {1, 4}], [{8, 7}, {2, 6}, {4, 5}, {1, 3}], [{8, 7}, {3, 6}, {1, 5}, {2, 4}], [{8, 7}, {3, 6}, {2, 5}, {1, 4}], [{8, 7}, {3, 6}, {4, 5}, {1, 2}], [{8, 7}, {3, 6}, {5}, {4}, {1, 2}], [{8, 7}, {4, 6}, {1, 5}, {2, 3}], [{8, 7}, {4, 6}, {1, 5}, {3}, {2}], [{8, 7}, {4, 6}, {2, 5}, {1, 3}], [{8, 7}, {4, 6}, {3, 5}, {1, 2}], [{8, 7}, {5, 6}, {1, 4}, {2, 3}], [{8, 7}, {5, 6}, {2, 4}, {1, 3}], [{8, 7}, {5, 6}, {3, 4}, {1, 2}], [{8}, {1, 7}, {3, 6}, {5}, {2, 4}], [{8}, {1, 7}, {5, 6}, {3, 4}, {2}], [{8}, {2, 7}, {1, 6}, {4, 5}, {3}], [{8}, {4, 7}, {1, 6}, {2, 5}, {3}], [{8}, {4, 7}, {2, 6}, {1, 5}, {3}], [{8}, {4, 7}, {3, 6}, {2, 5}, {1}], [{8}, {4, 7}, {6}, {2, 5}, {1, 3}], [{8}, {5, 7}, {1, 6}, {2, 4}, {3}], [{8}, {6, 7}, {5}, {2, 4}, {1, 3}]]",2,4 K_1^3 + 4 K_1^2 K_2 - 4 K_1 K_2 - 4 K_1 K_3 - K_1 + K_3 + K_4,O1O2O3O4U3U2U4O5O6U1O7U5U6O8U7U8,O1O2O3U1U3U2U4O5O6U5O7O8U6O4U7U8,O1O2O3U4U5O6U7O4O5U8O7O8U6U2U1U3,c,{'O1O2O3O4U5U6O5U7U8O6U4O7O8U1U3U2'},1,"<a href=""/flatknot/8.857703"">8.857703</a>",t^9-69t^7-246t^6+52t^5+1030t^4+1088t^3+438t^2+196t-10,0,,
8.857704,O1O2O3O4U5U6O5U7U8O6U4O7O8U2U1U3,4,12z^3+65z^2+114z+65,12w^4z^3+65w^3z^2+114w^2z+65w,False,False,"[[ 0 -1 -1  2  2 -1 -1 -1  1],[ 1  0  0  2  2  0  0  0  2],[ 1  0  0  1  2  0  0  0  2],[-2 -2 -1  0  2 -3 -3 -3 -1],[-2 -2 -2 -2  0 -3 -1 -1  0],[ 1  0  0  3  3  0 -1 -1  1],[ 1  0  0  3  1  1  0 -1  0],[ 1  0  0  3  1  1  1  0  1],[-1 -2 -2  1  0 -1  0 -1  0]]","[[ 0  2  2  1 -1 -1 -1 -1 -1],[-2  0  2 -1 -1 -2 -3 -3 -3],[-2 -2  0  0 -2 -2 -1 -1 -3],[-1  1  0  0 -2 -2  0 -1 -1],[ 1  1  2  2  0  0  0  0  0],[ 1  2  2  2  0  0  0  0  0],[ 1  3  1  0  0  0  0 -1  1],[ 1  3  1  1  0  0  1  0  1],[ 1  3  3  1  0  0 -1 -1  0]]",True,"[-2,-2,-1,1,1,1,1,1,-2,1,1,2,3,3,3,0,2,2,1,1,3,2,2,0,1,1,0,0,0,0,0,0,0,1,-1,-1]","[-2,-2,-1,1,1,1,1,1,-2,1,0,1,1,2,2,0,0,1,2,0,0,1,0,0,1,2,0,0,-1,-1,0,0,0,0,0,1]",t^8+69t^6+548t^4+112t^2+4,"[-1,-1,-1,-1,-1,1,2,2,-1,-1,0,0,1,0,2,-1,0,0,2,0,2,0,0,1,0,0,0,0,1,1,0,2,1,0,1,-2]","[-2,-2,-1,1,1,1,1,1,-2,1,0,1,1,2,2,0,0,1,2,0,0,1,0,0,1,2,0,0,-1,-1,0,0,0,0,0,1]","[-1,-1,-1,-1,-1,1,2,2,-1,-1,0,0,1,3,3,-1,0,0,0,1,3,0,0,1,1,3,0,2,2,1,2,2,2,0,1,-2]",c,"[[{8, 1}, {2, 7}, {3, 6}, {4, 5}], [{8, 1}, {2, 7}, {3, 6}, {5}, {4}], [{8, 1}, {2, 7}, {4, 6}, {3, 5}], [{8, 1}, {2, 7}, {5, 6}, {3, 4}], [{8, 1}, {3, 7}, {2, 6}, {4, 5}], [{8, 1}, {3, 7}, {4, 6}, {2, 5}], [{8, 1}, {3, 7}, {5, 6}, {2, 4}], [{8, 1}, {4, 7}, {2, 6}, {3, 5}], [{8, 1}, {4, 7}, {3, 6}, {2, 5}], [{8, 1}, {4, 7}, {5, 6}, {2, 3}], [{8, 1}, {4, 7}, {5, 6}, {3}, {2}], [{8, 1}, {4, 7}, {6}, {5}, {2, 3}], [{8, 1}, {5, 7}, {2, 6}, {3, 4}], [{8, 1}, {5, 7}, {3, 6}, {2, 4}], [{8, 1}, {5, 7}, {4, 6}, {2, 3}], [{8, 1}, {5, 7}, {6}, {4}, {2, 3}], [{8, 1}, {6, 7}, {2, 5}, {3, 4}], [{8, 1}, {6, 7}, {3, 5}, {2, 4}], [{8, 1}, {6, 7}, {4, 5}, {2, 3}], [{8, 1}, {7}, {2, 6}, {5}, {3, 4}], [{8, 1}, {7}, {6}, {4, 5}, {2, 3}], [{8, 2}, {1, 7}, {3, 6}, {4, 5}], [{8, 2}, {1, 7}, {4, 6}, {3, 5}], [{8, 2}, {1, 7}, {5, 6}, {3, 4}], [{8, 2}, {1, 7}, {5, 6}, {4}, {3}], [{8, 2}, {3, 7}, {1, 6}, {4, 5}], [{8, 2}, {3, 7}, {1, 6}, {5}, {4}], [{8, 2}, {3, 7}, {4, 6}, {1, 5}], [{8, 2}, {3, 7}, {5, 6}, {1, 4}], [{8, 2}, {4, 7}, {1, 6}, {3, 5}], [{8, 2}, {4, 7}, {1, 6}, {5}, {3}], [{8, 2}, {4, 7}, {3, 6}, {1, 5}], [{8, 2}, {4, 7}, {5, 6}, {1, 3}], [{8, 2}, {5, 7}, {1, 6}, {3, 4}], [{8, 2}, {5, 7}, {1, 6}, {4}, {3}], [{8, 2}, {5, 7}, {3, 6}, {1, 4}], [{8, 2}, {5, 7}, {4, 6}, {1, 3}], [{8, 2}, {6, 7}, {1, 5}, {3, 4}], [{8, 2}, {6, 7}, {1, 5}, {4}, {3}], [{8, 2}, {6, 7}, {3, 5}, {1, 4}], [{8, 2}, {6, 7}, {4, 5}, {1, 3}], [{8, 2}, {7}, {1, 6}, {3, 5}, {4}], [{8, 2}, {7}, {1, 6}, {4, 5}, {3}], [{8, 2}, {7}, {1, 6}, {5}, {3, 4}], [{8, 3}, {1, 7}, {2, 6}, {4, 5}], [{8, 3}, {1, 7}, {4, 6}, {2, 5}], [{8, 3}, {1, 7}, {5, 6}, {2, 4}], [{8, 3}, {2, 7}, {1, 6}, {4, 5}], [{8, 3}, {2, 7}, {4, 6}, {1, 5}], [{8, 3}, {2, 7}, {5, 6}, {1, 4}], [{8, 3}, {2, 7}, {6}, {4, 5}, {1}], [{8, 3}, {4, 7}, {1, 6}, {2, 5}], [{8, 3}, {4, 7}, {2, 6}, {1, 5}], [{8, 3}, {4, 7}, {2, 6}, {5}, {1}], [{8, 3}, {4, 7}, {5, 6}, {1, 2}], [{8, 3}, {5, 7}, {1, 6}, {2, 4}], [{8, 3}, {5, 7}, {2, 6}, {1, 4}], [{8, 3}, {5, 7}, {2, 6}, {4}, {1}], [{8, 3}, {5, 7}, {4, 6}, {1, 2}], [{8, 3}, {5, 7}, {4, 6}, {2}, {1}], [{8, 3}, {5, 7}, {6}, {2, 4}, {1}], [{8, 3}, {6, 7}, {1, 5}, {2, 4}], [{8, 3}, {6, 7}, {2, 5}, {1, 4}], [{8, 3}, {6, 7}, {4, 5}, {1, 2}], [{8, 3}, {6, 7}, {4, 5}, {2}, {1}], [{8, 3}, {7}, {2, 6}, {4, 5}, {1}], [{8, 4}, {1, 7}, {2, 6}, {3, 5}], [{8, 4}, {1, 7}, {2, 6}, {5}, {3}], [{8, 4}, {1, 7}, {3, 6}, {2, 5}], [{8, 4}, {1, 7}, {5, 6}, {2, 3}], [{8, 4}, {2, 7}, {1, 6}, {3, 5}], [{8, 4}, {2, 7}, {3, 6}, {1, 5}], [{8, 4}, {2, 7}, {3, 6}, {5}, {1}], [{8, 4}, {2, 7}, {5, 6}, {1, 3}], [{8, 4}, {3, 7}, {1, 6}, {2, 5}], [{8, 4}, {3, 7}, {2, 6}, {1, 5}], [{8, 4}, {3, 7}, {5, 6}, {1, 2}], [{8, 4}, {5, 7}, {1, 6}, {2, 3}], [{8, 4}, {5, 7}, {2, 6}, {1, 3}], [{8, 4}, {5, 7}, {3, 6}, {1, 2}], [{8, 4}, {6, 7}, {1, 5}, {2, 3}], [{8, 4}, {6, 7}, {2, 5}, {1, 3}], [{8, 4}, {6, 7}, {3, 5}, {1, 2}], [{8, 4}, {7}, {1, 6}, {5}, {2, 3}], [{8, 5}, {1, 7}, {2, 6}, {3, 4}], [{8, 5}, {1, 7}, {3, 6}, {2, 4}], [{8, 5}, {1, 7}, {4, 6}, {2, 3}], [{8, 5}, {1, 7}, {4, 6}, {3}, {2}], [{8, 5}, {2, 7}, {1, 6}, {3, 4}], [{8, 5}, {2, 7}, {3, 6}, {1, 4}], [{8, 5}, {2, 7}, {3, 6}, {4}, {1}], [{8, 5}, {2, 7}, {4, 6}, {1, 3}], [{8, 5}, {2, 7}, {4, 6}, {3}, {1}], [{8, 5}, {2, 7}, {6}, {3, 4}, {1}], [{8, 5}, {3, 7}, {1, 6}, {2, 4}], [{8, 5}, {3, 7}, {2, 6}, {1, 4}], [{8, 5}, {3, 7}, {4, 6}, {1, 2}], [{8, 5}, {3, 7}, {4, 6}, {2}, {1}], [{8, 5}, {4, 7}, {1, 6}, {2, 3}], [{8, 5}, {4, 7}, {2, 6}, {1, 3}], [{8, 5}, {4, 7}, {3, 6}, {1, 2}], [{8, 5}, {4, 7}, {6}, {1, 3}, {2}], [{8, 5}, {4, 7}, {6}, {2, 3}, {1}], [{8, 5}, {4, 7}, {6}, {3}, {1, 2}], [{8, 5}, {6, 7}, {1, 4}, {2, 3}], [{8, 5}, {6, 7}, {2, 4}, {1, 3}], [{8, 5}, {6, 7}, {3, 4}, {1, 2}], [{8, 5}, {6, 7}, {4}, {1, 3}, {2}], [{8, 5}, {6, 7}, {4}, {2, 3}, {1}], [{8, 5}, {6, 7}, {4}, {3}, {1, 2}], [{8, 5}, {7}, {4, 6}, {1, 3}, {2}], [{8, 5}, {7}, {4, 6}, {2, 3}, {1}], [{8, 5}, {7}, {4, 6}, {3}, {1, 2}], [{8, 5}, {7}, {4, 6}, {3}, {2}, {1}], [{8, 6}, {1, 7}, {2, 5}, {3, 4}], [{8, 6}, {1, 7}, {3, 5}, {2, 4}], [{8, 6}, {1, 7}, {4, 5}, {2, 3}], [{8, 6}, {2, 7}, {1, 5}, {3, 4}], [{8, 6}, {2, 7}, {3, 5}, {1, 4}], [{8, 6}, {2, 7}, {4, 5}, {1, 3}], [{8, 6}, {2, 7}, {4, 5}, {3}, {1}], [{8, 6}, {3, 7}, {1, 5}, {2, 4}], [{8, 6}, {3, 7}, {1, 5}, {4}, {2}], [{8, 6}, {3, 7}, {2, 5}, {1, 4}], [{8, 6}, {3, 7}, {4, 5}, {1, 2}], [{8, 6}, {4, 7}, {1, 5}, {2, 3}], [{8, 6}, {4, 7}, {2, 5}, {1, 3}], [{8, 6}, {4, 7}, {3, 5}, {1, 2}], [{8, 6}, {5, 7}, {1, 4}, {2, 3}], [{8, 6}, {5, 7}, {2, 4}, {1, 3}], [{8, 6}, {5, 7}, {2, 4}, {3}, {1}], [{8, 6}, {5, 7}, {3, 4}, {1, 2}], [{8, 7}, {1, 6}, {2, 5}, {3, 4}], [{8, 7}, {1, 6}, {3, 5}, {2, 4}], [{8, 7}, {1, 6}, {4, 5}, {2, 3}], [{8, 7}, {2, 6}, {1, 5}, {3, 4}], [{8, 7}, {2, 6}, {3, 5}, {1, 4}], [{8, 7}, {2, 6}, {4, 5}, {1, 3}], [{8, 7}, {2, 6}, {5}, {4}, {1, 3}], [{8, 7}, {3, 6}, {1, 5}, {2, 4}], [{8, 7}, {3, 6}, {2, 5}, {1, 4}], [{8, 7}, {3, 6}, {4, 5}, {1, 2}], [{8, 7}, {4, 6}, {1, 5}, {2, 3}], [{8, 7}, {4, 6}, {2, 5}, {1, 3}], [{8, 7}, {4, 6}, {3, 5}, {1, 2}], [{8, 7}, {4, 6}, {3, 5}, {2}, {1}], [{8, 7}, {5, 6}, {1, 4}, {2, 3}], [{8, 7}, {5, 6}, {2, 4}, {1, 3}], [{8, 7}, {5, 6}, {3, 4}, {1, 2}], [{8, 7}, {6}, {2, 5}, {3, 4}, {1}], [{8}, {2, 7}, {3, 6}, {1, 5}, {4}], [{8}, {2, 7}, {3, 6}, {4, 5}, {1}], [{8}, {2, 7}, {3, 6}, {5}, {1, 4}], [{8}, {2, 7}, {3, 6}, {5}, {4}, {1}], [{8}, {3, 7}, {2, 6}, {5}, {1, 4}], [{8}, {4, 7}, {3, 6}, {2, 5}, {1}], [{8}, {4, 7}, {6}, {1, 5}, {2, 3}], [{8}, {5, 7}, {3, 6}, {2, 4}, {1}], [{8}, {6, 7}, {5}, {1, 4}, {2, 3}]]",2,4 K_1^3 - 4 K_1 K_2 - K_1 + K_3 + 1,O1O2O3O4U2U4U3O5O6U1O7U5U6O8U7U8,O1O2O3U2U1U3U4O5O6U5O7O8U6O4U7U8,O1O2O3U4U5O6U7O4O5U8O7O8U6U1U3U2,c,{'O1O2O3O4U5U6O5U7U8O6U4O7O8U2U1U3'},1,"<a href=""/flatknot/8.857704"">8.857704</a>",t^9-65t^7-166t^6+278t^5+754t^4+82t^3-186t^2+84t+2,-2t^2+4t,,
8.857705,O1O2O3O4U5U6O5U7U8O6U4O7O8U3U1U2,4,8z^3+42z^2+71z+39,8w^4z^3+42w^3z^2+71w^2z+39w,False,False,"[[ 0 -1  1  0  2 -1 -1 -1  1],[ 1  0  1  0  2  0  0  0  2],[-1 -1  0  0  2 -2 -2 -2  0],[ 0  0  0  0  2 -1 -1 -1  1],[-2 -2 -2 -2  0 -3 -1 -1  0],[ 1  0  2  1  3  0 -1 -1  1],[ 1  0  2  1  1  1  0 -1  0],[ 1  0  2  1  1  1  1  0  1],[-1 -2  0 -1  0 -1  0 -1  0]]","[[ 0  2  1  1  0 -1 -1 -1 -1],[-2  0  0 -2 -2 -1 -1 -2 -3],[-1  0  0  0 -1  0 -1 -2 -1],[-1  2  0  0  0 -2 -2 -1 -2],[ 0  2  1  0  0 -1 -1  0 -1],[ 1  1  0  2  1  0 -1  0  1],[ 1  1  1  2  1  1  0  0  1],[ 1  2  2  1  0  0  0  0  0],[ 1  3  1  2  1 -1 -1  0  0]]",True,"[-2,-1,-1,0,1,1,1,1,0,2,2,1,1,2,3,0,1,0,1,2,1,0,2,2,1,2,1,1,0,1,1,0,-1,0,-1,0]","[-2,-1,-1,0,1,1,1,1,-1,1,0,0,1,2,2,0,1,0,1,0,0,0,1,0,1,2,0,1,0,0,0,-1,-1,0,0,1]",t^8+49t^6+244t^4+53t^2+1,"[-1,-1,-1,-1,0,1,1,2,-1,-1,0,0,0,1,2,-1,0,0,0,2,2,0,0,0,1,0,1,1,0,1,1,0,0,0,-1,1]","[-2,-1,-1,0,1,1,1,1,-1,1,0,0,1,2,2,0,1,0,1,0,0,0,1,0,1,2,0,1,0,0,0,-1,-1,0,0,1]","[-1,-1,-1,-1,0,1,1,2,-1,-1,0,1,1,2,3,-1,0,1,0,2,1,0,1,1,2,1,0,2,1,2,1,0,2,0,0,2]",c,"[[{8, 1}, {3, 7}, {4, 6}, {2, 5}], [{8, 1}, {4, 7}, {3, 6}, {2, 5}], [{8, 1}, {6, 7}, {2, 5}, {3, 4}], [{8, 5}, {3, 7}, {4, 6}, {1, 2}], [{8, 5}, {4, 7}, {3, 6}, {1, 2}], [{8, 5}, {4, 7}, {6}, {3}, {1, 2}], [{8, 5}, {6, 7}, {3, 4}, {1, 2}], [{8, 5}, {6, 7}, {4}, {3}, {1, 2}], [{8, 5}, {7}, {4, 6}, {3}, {1, 2}]]",1,4 K_1^3 - 2 K_1^2 - 4 K_1 K_2 - K_1 + K_2 + K_3 + 2,O1O2O3O4U3U4U2O5O6U1O7U5U6O8U7U8,O1O2O3U2U3U1U4O5O6U5O7O8U6O4U7U8,O1O2O3U4U5O6U7O4O5U8O7O8U6U3U1U2,c,"{'O1O2O3O4U5U6O5U7U8O6U4O7O8U3U1U2', 'O1O2O3U4U5O4U6U7O5U3O6O7U8U1O8U2'}",2,"<a href=""/flatknot/8.857705"">8.857705</a>",t^9-47t^7-118t^6+111t^5+348t^4+11t^3-118t^2+20t,-t^2+2t,,
8.857706,O1O2O3O4U5U6O5U7U1O6U2O8O7U3U4U8,3,14z^2+63z+71,-4w^4z^2+18w^3z^2+63w^2z+71w,False,False,"[[ 0 -1  0  0  2 -1 -1  0  1],[ 1  0  0  0  1  1  2  1  1],[ 0  0  0  0  1 -1  1  1  1],[ 0  0  0  0  1 -1  0  1  1],[-2 -1 -1 -1  0 -3 -2 -1  0],[ 1 -1  1  1  3  0 -1  0  1],[ 1 -2 -1  0  2  1  0  0  2],[ 0 -1 -1 -1  1  0  0  0  1],[-1 -1 -1 -1  0 -1 -2 -1  0]]","[[ 0  2  1  0  0  0 -1 -1 -1],[-2  0  0 -1 -1 -1 -1 -2 -3],[-1  0  0 -1 -1 -1 -1 -2 -1],[ 0  1  1  0  1  0  0  1 -1],[ 0  1  1 -1  0 -1 -1  0  0],[ 0  1  1  0  1  0  0  0 -1],[ 1  1  1  0  1  0  0  2  1],[ 1  2  2 -1  0  0 -2  0  1],[ 1  3  1  1  0  1 -1 -1  0]]",True,"[-2,-1,0,0,0,1,1,1,0,1,1,1,1,2,3,1,1,1,1,2,1,-1,0,0,-1,1,1,1,0,0,0,0,1,-2,-1,-1]","[-2,-1,0,0,0,1,1,1,0,1,1,1,1,2,3,1,1,1,1,2,1,-1,0,0,-1,1,1,1,0,0,0,0,1,-2,-1,-1]",t^8+38t^6+243t^4+96t^2,"[-1,-1,-1,0,0,0,1,2,-2,-1,0,1,1,1,2,-1,1,1,2,0,1,1,0,0,1,0,1,1,0,1,0,0,1,0,1,1]","[-2,-1,0,0,0,1,1,1,1,1,1,1,0,1,2,0,0,0,1,0,1,-1,-1,1,1,0,0,0,1,1,0,2,1,-1,-1,-2]","[-1,-1,-1,0,0,0,1,2,-2,1,-1,0,0,2,2,1,0,0,1,1,1,1,1,0,1,3,0,1,1,1,1,1,1,1,1,0]",c,"[[{8, 1}, {2, 7}, {3, 6}, {4, 5}], [{8, 1}, {2, 7}, {4, 6}, {3, 5}], [{8, 1}, {2, 7}, {5, 6}, {3, 4}], [{8, 1}, {2, 7}, {6}, {5}, {3, 4}], [{8, 1}, {3, 7}, {2, 6}, {4, 5}], [{8, 1}, {3, 7}, {2, 6}, {5}, {4}], [{8, 1}, {3, 7}, {4, 6}, {2, 5}], [{8, 1}, {3, 7}, {5, 6}, {2, 4}], [{8, 1}, {4, 7}, {2, 6}, {3, 5}], [{8, 1}, {4, 7}, {2, 6}, {5}, {3}], [{8, 1}, {4, 7}, {3, 6}, {2, 5}], [{8, 1}, {4, 7}, {5, 6}, {2, 3}], [{8, 1}, {5, 7}, {2, 6}, {3, 4}], [{8, 1}, {5, 7}, {2, 6}, {4}, {3}], [{8, 1}, {5, 7}, {3, 6}, {2, 4}], [{8, 1}, {5, 7}, {4, 6}, {2, 3}], [{8, 1}, {5, 7}, {6}, {3, 4}, {2}], [{8, 1}, {6, 7}, {2, 5}, {3, 4}], [{8, 1}, {6, 7}, {3, 5}, {2, 4}], [{8, 1}, {6, 7}, {4, 5}, {2, 3}], [{8, 1}, {6, 7}, {5}, {3, 4}, {2}], [{8, 1}, {7}, {2, 6}, {3, 5}, {4}], [{8, 1}, {7}, {2, 6}, {4, 5}, {3}], [{8, 1}, {7}, {2, 6}, {5}, {3, 4}], [{8, 1}, {7}, {2, 6}, {5}, {4}, {3}], [{8, 1}, {7}, {3, 6}, {2, 5}, {4}], [{8, 1}, {7}, {3, 6}, {4, 5}, {2}], [{8, 1}, {7}, {3, 6}, {5}, {2, 4}], [{8, 1}, {7}, {4, 6}, {2, 5}, {3}], [{8, 1}, {7}, {4, 6}, {3, 5}, {2}], [{8, 1}, {7}, {4, 6}, {5}, {2, 3}], [{8, 1}, {7}, {5, 6}, {2, 4}, {3}], [{8, 1}, {7}, {5, 6}, {3, 4}, {2}], [{8, 1}, {7}, {5, 6}, {4}, {2, 3}], [{8, 1}, {7}, {6}, {2, 5}, {3, 4}], [{8, 1}, {7}, {6}, {3, 5}, {2, 4}], [{8, 1}, {7}, {6}, {4, 5}, {2, 3}], [{8, 1}, {7}, {6}, {5}, {3, 4}, {2}], [{8, 2}, {1, 7}, {3, 6}, {4, 5}], [{8, 2}, {1, 7}, {3, 6}, {5}, {4}], [{8, 2}, {1, 7}, {4, 6}, {3, 5}], [{8, 2}, {1, 7}, {4, 6}, {5}, {3}], [{8, 2}, {1, 7}, {5, 6}, {3, 4}], [{8, 2}, {1, 7}, {6}, {5}, {3, 4}], [{8, 2}, {3, 7}, {1, 6}, {4, 5}], [{8, 2}, {3, 7}, {1, 6}, {5}, {4}], [{8, 2}, {3, 7}, {4, 6}, {1, 5}], [{8, 2}, {3, 7}, {4, 6}, {5}, {1}], [{8, 2}, {3, 7}, {5, 6}, {1, 4}], [{8, 2}, {3, 7}, {5, 6}, {4}, {1}], [{8, 2}, {3, 7}, {6}, {1, 5}, {4}], [{8, 2}, {3, 7}, {6}, {4, 5}, {1}], [{8, 2}, {3, 7}, {6}, {5}, {1, 4}], [{8, 2}, {3, 7}, {6}, {5}, {4}, {1}], [{8, 2}, {4, 7}, {1, 6}, {3, 5}], [{8, 2}, {4, 7}, {1, 6}, {5}, {3}], [{8, 2}, {4, 7}, {3, 6}, {1, 5}], [{8, 2}, {4, 7}, {3, 6}, {5}, {1}], [{8, 2}, {4, 7}, {5, 6}, {1, 3}], [{8, 2}, {4, 7}, {5, 6}, {3}, {1}], [{8, 2}, {4, 7}, {6}, {1, 5}, {3}], [{8, 2}, {4, 7}, {6}, {3, 5}, {1}], [{8, 2}, {4, 7}, {6}, {5}, {1, 3}], [{8, 2}, {4, 7}, {6}, {5}, {3}, {1}], [{8, 2}, {5, 7}, {1, 6}, {3, 4}], [{8, 2}, {5, 7}, {1, 6}, {4}, {3}], [{8, 2}, {5, 7}, {3, 6}, {1, 4}], [{8, 2}, {5, 7}, {4, 6}, {1, 3}], [{8, 2}, {5, 7}, {6}, {3, 4}, {1}], [{8, 2}, {6, 7}, {1, 5}, {3, 4}], [{8, 2}, {6, 7}, {3, 5}, {1, 4}], [{8, 2}, {6, 7}, {4, 5}, {1, 3}], [{8, 2}, {6, 7}, {5}, {1, 4}, {3}], [{8, 2}, {6, 7}, {5}, {3, 4}, {1}], [{8, 2}, {6, 7}, {5}, {4}, {1, 3}], [{8, 2}, {7}, {1, 6}, {3, 5}, {4}], [{8, 2}, {7}, {1, 6}, {4, 5}, {3}], [{8, 2}, {7}, {1, 6}, {5}, {3, 4}], [{8, 2}, {7}, {1, 6}, {5}, {4}, {3}], [{8, 2}, {7}, {3, 6}, {5}, {1, 4}], [{8, 2}, {7}, {4, 6}, {5}, {1, 3}], [{8, 2}, {7}, {5, 6}, {3, 4}, {1}], [{8, 2}, {7}, {6}, {1, 5}, {3, 4}], [{8, 2}, {7}, {6}, {5}, {3, 4}, {1}], [{8, 3}, {1, 7}, {2, 6}, {4, 5}], [{8, 3}, {1, 7}, {4, 6}, {2, 5}], [{8, 3}, {1, 7}, {5, 6}, {2, 4}], [{8, 3}, {2, 7}, {1, 6}, {4, 5}], [{8, 3}, {2, 7}, {1, 6}, {5}, {4}], [{8, 3}, {2, 7}, {4, 6}, {1, 5}], [{8, 3}, {2, 7}, {4, 6}, {5}, {1}], [{8, 3}, {2, 7}, {5, 6}, {1, 4}], [{8, 3}, {2, 7}, {5, 6}, {4}, {1}], [{8, 3}, {2, 7}, {6}, {1, 5}, {4}], [{8, 3}, {2, 7}, {6}, {4, 5}, {1}], [{8, 3}, {2, 7}, {6}, {5}, {1, 4}], [{8, 3}, {2, 7}, {6}, {5}, {4}, {1}], [{8, 3}, {4, 7}, {1, 6}, {2, 5}], [{8, 3}, {4, 7}, {1, 6}, {5}, {2}], [{8, 3}, {4, 7}, {2, 6}, {1, 5}], [{8, 3}, {4, 7}, {5, 6}, {1, 2}], [{8, 3}, {5, 7}, {1, 6}, {2, 4}], [{8, 3}, {5, 7}, {2, 6}, {1, 4}], [{8, 3}, {5, 7}, {4, 6}, {1, 2}], [{8, 3}, {5, 7}, {4, 6}, {2}, {1}], [{8, 3}, {6, 7}, {1, 5}, {2, 4}], [{8, 3}, {6, 7}, {2, 5}, {1, 4}], [{8, 3}, {6, 7}, {4, 5}, {1, 2}], [{8, 3}, {6, 7}, {5}, {1, 4}, {2}], [{8, 3}, {7}, {1, 6}, {5}, {2, 4}], [{8, 3}, {7}, {2, 6}, {5}, {1, 4}], [{8, 3}, {7}, {4, 6}, {2, 5}, {1}], [{8, 4}, {1, 7}, {2, 6}, {3, 5}], [{8, 4}, {1, 7}, {3, 6}, {2, 5}], [{8, 4}, {1, 7}, {5, 6}, {2, 3}], [{8, 4}, {2, 7}, {1, 6}, {3, 5}], [{8, 4}, {2, 7}, {1, 6}, {5}, {3}], [{8, 4}, {2, 7}, {3, 6}, {1, 5}], [{8, 4}, {2, 7}, {3, 6}, {5}, {1}], [{8, 4}, {2, 7}, {5, 6}, {1, 3}], [{8, 4}, {2, 7}, {5, 6}, {3}, {1}], [{8, 4}, {2, 7}, {6}, {1, 5}, {3}], [{8, 4}, {2, 7}, {6}, {3, 5}, {1}], [{8, 4}, {2, 7}, {6}, {5}, {1, 3}], [{8, 4}, {2, 7}, {6}, {5}, {3}, {1}], [{8, 4}, {3, 7}, {1, 6}, {2, 5}], [{8, 4}, {3, 7}, {1, 6}, {5}, {2}], [{8, 4}, {3, 7}, {2, 6}, {1, 5}], [{8, 4}, {3, 7}, {5, 6}, {1, 2}], [{8, 4}, {5, 7}, {1, 6}, {2, 3}], [{8, 4}, {5, 7}, {2, 6}, {1, 3}], [{8, 4}, {5, 7}, {3, 6}, {1, 2}], [{8, 4}, {5, 7}, {3, 6}, {2}, {1}], [{8, 4}, {6, 7}, {1, 5}, {2, 3}], [{8, 4}, {6, 7}, {2, 5}, {1, 3}], [{8, 4}, {6, 7}, {3, 5}, {1, 2}], [{8, 4}, {6, 7}, {5}, {1, 3}, {2}], [{8, 4}, {7}, {1, 6}, {5}, {2, 3}], [{8, 4}, {7}, {2, 6}, {5}, {1, 3}], [{8, 4}, {7}, {3, 6}, {2, 5}, {1}], [{8, 5}, {1, 7}, {2, 6}, {3, 4}], [{8, 5}, {1, 7}, {3, 6}, {2, 4}], [{8, 5}, {1, 7}, {3, 6}, {4}, {2}], [{8, 5}, {1, 7}, {4, 6}, {2, 3}], [{8, 5}, {1, 7}, {4, 6}, {3}, {2}], [{8, 5}, {1, 7}, {6}, {3, 4}, {2}], [{8, 5}, {2, 7}, {1, 6}, {3, 4}], [{8, 5}, {2, 7}, {3, 6}, {1, 4}], [{8, 5}, {2, 7}, {4, 6}, {1, 3}], [{8, 5}, {2, 7}, {6}, {3, 4}, {1}], [{8, 5}, {3, 7}, {1, 6}, {2, 4}], [{8, 5}, {3, 7}, {1, 6}, {4}, {2}], [{8, 5}, {3, 7}, {2, 6}, {1, 4}], [{8, 5}, {3, 7}, {4, 6}, {1, 2}], [{8, 5}, {3, 7}, {4, 6}, {2}, {1}], [{8, 5}, {3, 7}, {6}, {1, 4}, {2}], [{8, 5}, {4, 7}, {1, 6}, {2, 3}], [{8, 5}, {4, 7}, {1, 6}, {3}, {2}], [{8, 5}, {4, 7}, {2, 6}, {1, 3}], [{8, 5}, {4, 7}, {3, 6}, {1, 2}], [{8, 5}, {4, 7}, {3, 6}, {2}, {1}], [{8, 5}, {4, 7}, {6}, {1, 3}, {2}], [{8, 5}, {6, 7}, {1, 4}, {2, 3}], [{8, 5}, {6, 7}, {1, 4}, {3}, {2}], [{8, 5}, {6, 7}, {2, 4}, {1, 3}], [{8, 5}, {6, 7}, {3, 4}, {1, 2}], [{8, 5}, {6, 7}, {3, 4}, {2}, {1}], [{8, 5}, {6, 7}, {4}, {1, 3}, {2}], [{8, 5}, {7}, {1, 6}, {3, 4}, {2}], [{8, 5}, {7}, {2, 6}, {3, 4}, {1}], [{8, 5}, {7}, {3, 6}, {1, 4}, {2}], [{8, 5}, {7}, {4, 6}, {1, 3}, {2}], [{8, 5}, {7}, {6}, {3, 4}, {1, 2}], [{8, 5}, {7}, {6}, {3, 4}, {2}, {1}], [{8, 6}, {1, 7}, {2, 5}, {3, 4}], [{8, 6}, {1, 7}, {3, 5}, {2, 4}], [{8, 6}, {1, 7}, {4, 5}, {2, 3}], [{8, 6}, {1, 7}, {5}, {3, 4}, {2}], [{8, 6}, {2, 7}, {1, 5}, {3, 4}], [{8, 6}, {2, 7}, {3, 5}, {1, 4}], [{8, 6}, {2, 7}, {4, 5}, {1, 3}], [{8, 6}, {2, 7}, {5}, {3, 4}, {1}], [{8, 6}, {3, 7}, {1, 5}, {2, 4}], [{8, 6}, {3, 7}, {2, 5}, {1, 4}], [{8, 6}, {3, 7}, {4, 5}, {1, 2}], [{8, 6}, {3, 7}, {5}, {4}, {1, 2}], [{8, 6}, {4, 7}, {1, 5}, {2, 3}], [{8, 6}, {4, 7}, {2, 5}, {1, 3}], [{8, 6}, {4, 7}, {3, 5}, {1, 2}], [{8, 6}, {4, 7}, {5}, {3}, {1, 2}], [{8, 6}, {5, 7}, {1, 4}, {2, 3}], [{8, 6}, {5, 7}, {2, 4}, {1, 3}], [{8, 6}, {5, 7}, {3, 4}, {1, 2}], [{8, 6}, {5, 7}, {3, 4}, {2}, {1}], [{8, 6}, {7}, {1, 5}, {3, 4}, {2}], [{8, 6}, {7}, {2, 5}, {3, 4}, {1}], [{8, 6}, {7}, {3, 5}, {1, 4}, {2}], [{8, 6}, {7}, {4, 5}, {1, 3}, {2}], [{8, 6}, {7}, {5}, {3, 4}, {1, 2}], [{8, 6}, {7}, {5}, {3, 4}, {2}, {1}], [{8, 7}, {1, 6}, {2, 5}, {3, 4}], [{8, 7}, {1, 6}, {3, 5}, {2, 4}], [{8, 7}, {1, 6}, {4, 5}, {2, 3}], [{8, 7}, {1, 6}, {5}, {2, 4}, {3}], [{8, 7}, {1, 6}, {5}, {3, 4}, {2}], [{8, 7}, {1, 6}, {5}, {4}, {2, 3}], [{8, 7}, {2, 6}, {1, 5}, {3, 4}], [{8, 7}, {2, 6}, {3, 5}, {1, 4}], [{8, 7}, {2, 6}, {4, 5}, {1, 3}], [{8, 7}, {2, 6}, {5}, {3, 4}, {1}], [{8, 7}, {3, 6}, {1, 5}, {2, 4}], [{8, 7}, {3, 6}, {2, 5}, {1, 4}], [{8, 7}, {3, 6}, {2, 5}, {4}, {1}], [{8, 7}, {3, 6}, {4, 5}, {1, 2}], [{8, 7}, {4, 6}, {1, 5}, {2, 3}], [{8, 7}, {4, 6}, {2, 5}, {1, 3}], [{8, 7}, {4, 6}, {2, 5}, {3}, {1}], [{8, 7}, {4, 6}, {3, 5}, {1, 2}], [{8, 7}, {5, 6}, {1, 4}, {2, 3}], [{8, 7}, {5, 6}, {2, 4}, {1, 3}], [{8, 7}, {5, 6}, {3, 4}, {1, 2}], [{8, 7}, {5, 6}, {3, 4}, {2}, {1}], [{8, 7}, {6}, {1, 5}, {3, 4}, {2}], [{8, 7}, {6}, {2, 5}, {3, 4}, {1}], [{8, 7}, {6}, {3, 5}, {1, 4}, {2}], [{8, 7}, {6}, {4, 5}, {1, 3}, {2}], [{8, 7}, {6}, {5}, {3, 4}, {1, 2}], [{8, 7}, {6}, {5}, {3, 4}, {2}, {1}], [{8}, {1, 7}, {2, 6}, {5}, {3, 4}], [{8}, {1, 7}, {3, 6}, {2, 5}, {4}], [{8}, {1, 7}, {4, 6}, {2, 5}, {3}], [{8}, {1, 7}, {5, 6}, {3, 4}, {2}], [{8}, {1, 7}, {6}, {2, 5}, {3, 4}], [{8}, {1, 7}, {6}, {5}, {3, 4}, {2}], [{8}, {2, 7}, {1, 6}, {5}, {3, 4}], [{8}, {2, 7}, {5, 6}, {3, 4}, {1}], [{8}, {2, 7}, {6}, {1, 5}, {3, 4}], [{8}, {2, 7}, {6}, {5}, {3, 4}, {1}], [{8}, {3, 7}, {1, 6}, {2, 5}, {4}], [{8}, {3, 7}, {1, 6}, {4, 5}, {2}], [{8}, {3, 7}, {1, 6}, {5}, {2, 4}], [{8}, {3, 7}, {1, 6}, {5}, {4}, {2}], [{8}, {3, 7}, {4, 6}, {2, 5}, {1}], [{8}, {3, 7}, {6}, {2, 5}, {1, 4}], [{8}, {4, 7}, {1, 6}, {2, 5}, {3}], [{8}, {4, 7}, {1, 6}, {3, 5}, {2}], [{8}, {4, 7}, {1, 6}, {5}, {2, 3}], [{8}, {4, 7}, {1, 6}, {5}, {3}, {2}], [{8}, {4, 7}, {3, 6}, {2, 5}, {1}], [{8}, {4, 7}, {6}, {2, 5}, {1, 3}], [{8}, {5, 7}, {1, 6}, {3, 4}, {2}], [{8}, {5, 7}, {2, 6}, {3, 4}, {1}], [{8}, {5, 7}, {6}, {3, 4}, {1, 2}], [{8}, {5, 7}, {6}, {3, 4}, {2}, {1}], [{8}, {6, 7}, {1, 5}, {3, 4}, {2}], [{8}, {6, 7}, {2, 5}, {1, 4}, {3}], [{8}, {6, 7}, {2, 5}, {3, 4}, {1}], [{8}, {6, 7}, {2, 5}, {4}, {1, 3}], [{8}, {6, 7}, {3, 5}, {1, 4}, {2}], [{8}, {6, 7}, {4, 5}, {1, 3}, {2}], [{8}, {6, 7}, {5}, {1, 4}, {2, 3}], [{8}, {6, 7}, {5}, {1, 4}, {3}, {2}], [{8}, {6, 7}, {5}, {2, 4}, {1, 3}], [{8}, {6, 7}, {5}, {3, 4}, {1, 2}], [{8}, {6, 7}, {5}, {3, 4}, {2}, {1}], [{8}, {6, 7}, {5}, {4}, {1, 3}, {2}], [{8}, {7}, {1, 6}, {2, 5}, {3, 4}], [{8}, {7}, {1, 6}, {5}, {3, 4}, {2}], [{8}, {7}, {2, 6}, {1, 5}, {3, 4}], [{8}, {7}, {2, 6}, {5}, {3, 4}, {1}], [{8}, {7}, {3, 6}, {2, 5}, {1, 4}], [{8}, {7}, {3, 6}, {2, 5}, {4}, {1}], [{8}, {7}, {4, 6}, {2, 5}, {1, 3}], [{8}, {7}, {4, 6}, {2, 5}, {3}, {1}], [{8}, {7}, {5, 6}, {3, 4}, {1, 2}], [{8}, {7}, {5, 6}, {3, 4}, {2}, {1}], [{8}, {7}, {6}, {1, 5}, {3, 4}, {2}], [{8}, {7}, {6}, {2, 5}, {3, 4}, {1}], [{8}, {7}, {6}, {5}, {3, 4}, {1, 2}], [{8}, {7}, {6}, {5}, {3, 4}, {2}, {1}]]",2,- 10 K_1^2 + 5 K_2 + 6,O1O2O3O4U5U1U2O6O5U3O7U4U6O8U7U8,O1O2O3U4U5U1U2O6O7U6O8O4U7O5U3U8,O1O2O3U4U1O5U6O7O4U8O6O8U2U3U5U7,c,"{'O1O2O3U4U5O4U6U7O5U1O7O8U2U3O6U8', 'O1O2O3O4U5U6O5U7U1O6U2O8O7U3U4U8'}",2,"<a href=""/flatknot/8.857706"">8.857706</a>",t^9-36t^7-90t^6+32t^5+236t^4+63t^3-170t^2-44t+8,-t^2+2t,,
8.857707,O1O2O3O4U5U6O5U7U1O6U2O8O7U4U8U3,4,2z^3+17z^2+64z+77,2w^4z^3+17w^3z^2+64w^2z+77w,False,False,"[[ 0 -1  0  2  1 -1 -1  0  0],[ 1  0  0  1  0  1  2  1  0],[ 0  0  0  1  0 -1  1  1  0],[-2 -1 -1  0 -1 -3 -2  0  0],[-1  0  0  1  0 -2 -1  0  0],[ 1 -1  1  3  2  0 -1  0  0],[ 1 -2 -1  2  1  1  0  0  1],[ 0 -1 -1  0  0  0  0  0  0],[ 0  0  0  0  0  0 -1  0  0]]","[[ 0  2  1  0  0  0 -1 -1 -1],[-2  0 -1  0  0 -1 -1 -2 -3],[-1  1  0  0  0  0  0 -1 -2],[ 0  0  0  0  0  0  0 -1  0],[ 0  0  0  0  0 -1 -1  0  0],[ 0  1  0  0  1  0  0  1 -1],[ 1  1  0  0  1  0  0  2  1],[ 1  2  1  1  0 -1 -2  0  1],[ 1  3  2  0  0  1 -1 -1  0]]",True,"[-2,-1,0,0,0,1,1,1,1,0,0,1,1,2,3,0,0,0,0,1,2,0,0,0,1,0,1,1,0,0,0,-1,1,-2,-1,-1]","[-2,-1,0,0,0,1,1,1,0,1,2,2,0,1,2,1,1,1,0,1,2,0,1,0,2,1,0,1,0,1,1,1,0,-1,-1,-2]",t^8+32t^6+185t^4+69t^2+4,"[-1,-1,-1,0,0,0,1,2,-2,-1,0,1,1,2,2,-1,1,0,2,1,1,1,1,0,0,0,0,1,1,2,0,1,2,1,1,0]","[-2,-1,0,0,0,1,1,1,0,1,2,2,0,1,2,1,1,1,0,1,2,0,1,0,2,1,0,1,0,1,1,1,0,-1,-1,-2]","[-1,-1,-1,0,0,0,1,2,-2,1,-1,0,1,1,2,1,0,1,0,0,1,1,0,0,2,3,1,0,0,1,0,0,0,0,0,1]",c,"[[{8, 1}, {4, 7}, {2, 6}, {3, 5}], [{8, 1}, {4, 7}, {2, 6}, {5}, {3}], [{8, 4}, {2, 7}, {5, 6}, {1, 3}]]",1,- 14 K_1^2 + 7 K_2 + 8,O1O2O3O4U2U5U1O6O5U3O7U4U6O8U7U8,O1O2O3U4U5U3U1O6O7U6O8O4U7O5U2U8,O1O2O3U4U2O5U6O7O4U8O6O8U3U1U5U7,c,"{'O1O2O3O4U5U6O5U7U1O6U2O8O7U4U8U3', 'O1O2O3U4O5U6U7O4U1O6U2O8U5O7U8U3'}",2,"<a href=""/flatknot/8.857707"">8.857707</a>",t^9-30t^7-66t^6+22t^5+120t^4+3t^3-84t^2-9t+12,-t^2+2t,,
8.857708,O1O2O3O4U5U6O5U7U1O6U2O8O7U8U3U4,4,7z^3+46z^2+110z+93,7w^4z^3+46w^3z^2+110w^2z+93w,False,False,"[[ 0 -1  0  1  3 -1 -1  0 -1],[ 1  0  0  0  1  1  2  1 -1],[ 0  0  0  0  1 -1  1  1 -1],[-1  0  0  0  1 -2 -1  1 -1],[-3 -1 -1 -1  0 -4 -3 -1 -1],[ 1 -1  1  2  4  0 -1  0 -1],[ 1 -2 -1  1  3  1  0  0  0],[ 0 -1 -1 -1  1  0  0  0 -1],[ 1  1  1  1  1  1  0  1  0]]","[[ 0  3  1  0  0 -1 -1 -1 -1],[-3  0 -1 -1 -1 -1 -1 -3 -4],[-1  1  0  1  0  0 -1 -1 -2],[ 0  1 -1  0 -1 -1 -1  0  0],[ 0  1  0  1  0  0 -1  1 -1],[ 1  1  0  1  0  0 -1  2  1],[ 1  1  1  1  1  1  0  0  1],[ 1  3  1  0 -1 -2  0  0  1],[ 1  4  2  0  1 -1 -1 -1  0]]",True,"[-3,-1,0,0,1,1,1,1,1,1,1,1,1,3,4,-1,0,0,1,1,2,1,1,1,0,0,0,1,-1,1,1,-2,-1,0,-1,-1]","[-3,-1,0,0,1,1,1,1,1,1,1,1,1,3,4,-1,0,0,1,1,2,1,1,1,0,0,0,1,-1,1,1,-2,-1,0,-1,-1]",t^8+51t^6+439t^4+392t^2+9,"[-1,-1,-1,-1,0,0,1,3,-2,-1,1,0,1,2,3,-1,0,1,2,1,1,1,1,0,0,0,0,0,1,3,1,2,2,1,2,1]","[-3,-1,0,0,1,1,1,1,1,2,2,0,1,3,3,1,2,0,1,1,2,1,0,2,0,1,1,1,0,0,-1,-1,-1,0,-2,1]","[-1,-1,-1,-1,0,0,1,3,-2,0,1,-1,0,1,3,-1,1,0,1,0,1,1,1,1,1,1,1,0,2,4,1,0,1,-1,1,1]",c,"[[{8, 1}, {3, 7}, {4, 6}, {2, 5}]]",1,- 8 K_1^4 + 12 K_1^3 + 8 K_1^2 K_2 - 6 K_1^2 - 10 K_1 K_2 - 2 K_1 K_3 - 4 K_1 + 4 K_2 + 2 K_3 + 5,O1O2O3O4U1U2U5O6O5U3O7U4U6O8U7U8,O1O2O3U4U5U2U3O6O7U6O8O4U7O5U1U8,O1O2O3U4U3O5U6O7O4U8O6O8U1U2U5U7,c,{'O1O2O3O4U5U6O5U7U1O6U2O8O7U8U3U4'},1,"<a href=""/flatknot/8.857708"">8.857708</a>",t^9-45t^7-132t^6-39t^5+204t^4+92t^3-114t^2+33t+18,-t^3+3t,,
8.857709,O1O2O3O4U5U6O5U7U1O6U2O8O7U8U4U3,4,4z^3+38z^2+111z+103,4w^4z^3+38w^3z^2+111w^2z+103w,False,False,"[[ 0 -1  0  2  2 -1 -1  0 -1],[ 1  0  0  1  0  1  2  1 -1],[ 0  0  0  1  0 -1  1  1 -1],[-2 -1 -1  0  0 -3 -2  0 -1],[-2  0  0  0  0 -3 -2  0 -1],[ 1 -1  1  3  3  0 -1  0 -1],[ 1 -2 -1  2  2  1  0  0  0],[ 0 -1 -1  0  0  0  0  0 -1],[ 1  1  1  1  1  1  0  1  0]]","[[ 0  2  2  0  0 -1 -1 -1 -1],[-2  0  0  0  0  0 -1 -2 -3],[-2  0  0  0 -1 -1 -1 -2 -3],[ 0  0  0  0 -1 -1 -1  0  0],[ 0  0  1  1  0  0 -1  1 -1],[ 1  0  1  1  0  0 -1  2  1],[ 1  1  1  1  1  1  0  0  1],[ 1  2  2  0 -1 -2  0  0  1],[ 1  3  3  0  1 -1 -1 -1  0]]",True,"[-2,-2,0,0,1,1,1,1,0,0,0,0,1,2,3,0,1,1,1,2,3,1,1,1,0,0,0,1,-1,1,1,-2,-1,0,-1,-1]","[-2,-2,0,0,1,1,1,1,0,0,0,0,1,2,3,0,1,1,1,2,3,1,1,1,0,0,0,1,-1,1,1,-2,-1,0,-1,-1]",t^8+44t^6+341t^4+244t^2+1,"[-1,-1,-1,-1,0,0,2,2,-2,-1,1,0,1,2,3,-1,0,1,2,1,1,1,1,0,0,0,0,0,2,2,1,2,2,1,2,0]","[-2,-2,0,0,1,1,1,1,0,1,2,0,1,2,2,2,2,0,1,2,3,1,0,2,0,1,1,1,0,0,-1,-1,-1,0,-2,1]","[-1,-1,-1,-1,0,0,2,2,-2,0,1,-1,0,2,2,-1,1,0,1,0,1,1,1,1,1,1,1,0,3,3,1,0,1,0,0,0]",c,"[[{8, 1}, {2, 7}, {3, 6}, {4, 5}], [{8, 1}, {2, 7}, {4, 6}, {3, 5}], [{8, 1}, {2, 7}, {5, 6}, {3, 4}], [{8, 1}, {2, 7}, {5, 6}, {4}, {3}], [{8, 1}, {3, 7}, {2, 6}, {4, 5}], [{8, 1}, {3, 7}, {4, 6}, {2, 5}], [{8, 1}, {3, 7}, {5, 6}, {2, 4}], [{8, 1}, {3, 7}, {5, 6}, {4}, {2}], [{8, 1}, {3, 7}, {6}, {5}, {2, 4}], [{8, 1}, {4, 7}, {2, 6}, {3, 5}], [{8, 1}, {4, 7}, {2, 6}, {5}, {3}], [{8, 1}, {4, 7}, {3, 6}, {2, 5}], [{8, 1}, {4, 7}, {5, 6}, {2, 3}], [{8, 1}, {4, 7}, {6}, {3, 5}, {2}], [{8, 1}, {5, 7}, {2, 6}, {3, 4}], [{8, 1}, {5, 7}, {3, 6}, {2, 4}], [{8, 1}, {5, 7}, {4, 6}, {2, 3}], [{8, 1}, {6, 7}, {2, 5}, {3, 4}], [{8, 1}, {6, 7}, {3, 5}, {2, 4}], [{8, 1}, {6, 7}, {4, 5}, {2, 3}], [{8, 1}, {7}, {4, 6}, {2, 5}, {3}], [{8, 1}, {7}, {5, 6}, {4}, {2, 3}], [{8, 2}, {1, 7}, {3, 6}, {4, 5}], [{8, 2}, {1, 7}, {4, 6}, {3, 5}], [{8, 2}, {1, 7}, {5, 6}, {3, 4}], [{8, 2}, {3, 7}, {1, 6}, {4, 5}], [{8, 2}, {3, 7}, {4, 6}, {1, 5}], [{8, 2}, {3, 7}, {5, 6}, {1, 4}], [{8, 2}, {4, 7}, {1, 6}, {3, 5}], [{8, 2}, {4, 7}, {3, 6}, {1, 5}], [{8, 2}, {4, 7}, {5, 6}, {1, 3}], [{8, 2}, {5, 7}, {1, 6}, {3, 4}], [{8, 2}, {5, 7}, {1, 6}, {4}, {3}], [{8, 2}, {5, 7}, {3, 6}, {1, 4}], [{8, 2}, {5, 7}, {4, 6}, {1, 3}], [{8, 2}, {6, 7}, {1, 5}, {3, 4}], [{8, 2}, {6, 7}, {3, 5}, {1, 4}], [{8, 2}, {6, 7}, {4, 5}, {1, 3}], [{8, 2}, {6, 7}, {4, 5}, {3}, {1}], [{8, 2}, {7}, {4, 6}, {1, 5}, {3}], [{8, 2}, {7}, {4, 6}, {3, 5}, {1}], [{8, 2}, {7}, {4, 6}, {5}, {1, 3}], [{8, 3}, {1, 7}, {2, 6}, {4, 5}], [{8, 3}, {1, 7}, {4, 6}, {2, 5}], [{8, 3}, {1, 7}, {5, 6}, {2, 4}], [{8, 3}, {1, 7}, {6}, {4, 5}, {2}], [{8, 3}, {2, 7}, {1, 6}, {4, 5}], [{8, 3}, {2, 7}, {1, 6}, {5}, {4}], [{8, 3}, {2, 7}, {4, 6}, {1, 5}], [{8, 3}, {2, 7}, {5, 6}, {1, 4}], [{8, 3}, {2, 7}, {6}, {4, 5}, {1}], [{8, 3}, {4, 7}, {1, 6}, {2, 5}], [{8, 3}, {4, 7}, {2, 6}, {1, 5}], [{8, 3}, {4, 7}, {5, 6}, {1, 2}], [{8, 3}, {4, 7}, {6}, {2, 5}, {1}], [{8, 3}, {5, 7}, {1, 6}, {2, 4}], [{8, 3}, {5, 7}, {2, 6}, {1, 4}], [{8, 3}, {5, 7}, {4, 6}, {1, 2}], [{8, 3}, {6, 7}, {1, 5}, {2, 4}], [{8, 3}, {6, 7}, {2, 5}, {1, 4}], [{8, 3}, {6, 7}, {4, 5}, {1, 2}], [{8, 3}, {7}, {5, 6}, {1, 4}, {2}], [{8, 3}, {7}, {6}, {4, 5}, {1, 2}], [{8, 4}, {1, 7}, {2, 6}, {3, 5}], [{8, 4}, {1, 7}, {2, 6}, {5}, {3}], [{8, 4}, {1, 7}, {3, 6}, {2, 5}], [{8, 4}, {1, 7}, {5, 6}, {2, 3}], [{8, 4}, {2, 7}, {1, 6}, {3, 5}], [{8, 4}, {2, 7}, {3, 6}, {1, 5}], [{8, 4}, {2, 7}, {5, 6}, {1, 3}], [{8, 4}, {2, 7}, {6}, {1, 5}, {3}], [{8, 4}, {2, 7}, {6}, {3, 5}, {1}], [{8, 4}, {2, 7}, {6}, {5}, {1, 3}], [{8, 4}, {3, 7}, {1, 6}, {2, 5}], [{8, 4}, {3, 7}, {2, 6}, {1, 5}], [{8, 4}, {3, 7}, {5, 6}, {1, 2}], [{8, 4}, {5, 7}, {1, 6}, {2, 3}], [{8, 4}, {5, 7}, {2, 6}, {1, 3}], [{8, 4}, {5, 7}, {3, 6}, {1, 2}], [{8, 4}, {6, 7}, {1, 5}, {2, 3}], [{8, 4}, {6, 7}, {2, 5}, {1, 3}], [{8, 4}, {6, 7}, {2, 5}, {3}, {1}], [{8, 4}, {6, 7}, {3, 5}, {1, 2}], [{8, 4}, {7}, {1, 6}, {3, 5}, {2}], [{8, 5}, {1, 7}, {2, 6}, {3, 4}], [{8, 5}, {1, 7}, {3, 6}, {2, 4}], [{8, 5}, {1, 7}, {4, 6}, {2, 3}], [{8, 5}, {2, 7}, {1, 6}, {3, 4}], [{8, 5}, {2, 7}, {3, 6}, {1, 4}], [{8, 5}, {2, 7}, {4, 6}, {1, 3}], [{8, 5}, {3, 7}, {1, 6}, {2, 4}], [{8, 5}, {3, 7}, {2, 6}, {1, 4}], [{8, 5}, {3, 7}, {4, 6}, {1, 2}], [{8, 5}, {4, 7}, {1, 6}, {2, 3}], [{8, 5}, {4, 7}, {2, 6}, {1, 3}], [{8, 5}, {4, 7}, {3, 6}, {1, 2}], [{8, 5}, {6, 7}, {1, 4}, {2, 3}], [{8, 5}, {6, 7}, {1, 4}, {3}, {2}], [{8, 5}, {6, 7}, {2, 4}, {1, 3}], [{8, 5}, {6, 7}, {2, 4}, {3}, {1}], [{8, 5}, {6, 7}, {3, 4}, {1, 2}], [{8, 5}, {6, 7}, {3, 4}, {2}, {1}], [{8, 5}, {6, 7}, {4}, {1, 3}, {2}], [{8, 5}, {6, 7}, {4}, {2, 3}, {1}], [{8, 5}, {6, 7}, {4}, {3}, {1, 2}], [{8, 5}, {6, 7}, {4}, {3}, {2}, {1}], [{8, 6}, {1, 7}, {2, 5}, {3, 4}], [{8, 6}, {1, 7}, {3, 5}, {2, 4}], [{8, 6}, {1, 7}, {4, 5}, {2, 3}], [{8, 6}, {2, 7}, {1, 5}, {3, 4}], [{8, 6}, {2, 7}, {1, 5}, {4}, {3}], [{8, 6}, {2, 7}, {3, 5}, {1, 4}], [{8, 6}, {2, 7}, {3, 5}, {4}, {1}], [{8, 6}, {2, 7}, {4, 5}, {1, 3}], [{8, 6}, {2, 7}, {5}, {4}, {1, 3}], [{8, 6}, {3, 7}, {1, 5}, {2, 4}], [{8, 6}, {3, 7}, {2, 5}, {1, 4}], [{8, 6}, {3, 7}, {4, 5}, {1, 2}], [{8, 6}, {4, 7}, {1, 5}, {2, 3}], [{8, 6}, {4, 7}, {1, 5}, {3}, {2}], [{8, 6}, {4, 7}, {2, 5}, {1, 3}], [{8, 6}, {4, 7}, {3, 5}, {1, 2}], [{8, 6}, {4, 7}, {3, 5}, {2}, {1}], [{8, 6}, {4, 7}, {5}, {1, 3}, {2}], [{8, 6}, {5, 7}, {1, 4}, {2, 3}], [{8, 6}, {5, 7}, {2, 4}, {1, 3}], [{8, 6}, {5, 7}, {3, 4}, {1, 2}], [{8, 6}, {5, 7}, {3, 4}, {2}, {1}], [{8, 6}, {7}, {1, 5}, {2, 4}, {3}], [{8, 6}, {7}, {3, 5}, {2, 4}, {1}], [{8, 6}, {7}, {5}, {2, 4}, {1, 3}], [{8, 7}, {1, 6}, {2, 5}, {3, 4}], [{8, 7}, {1, 6}, {2, 5}, {4}, {3}], [{8, 7}, {1, 6}, {3, 5}, {2, 4}], [{8, 7}, {1, 6}, {3, 5}, {4}, {2}], [{8, 7}, {1, 6}, {4, 5}, {2, 3}], [{8, 7}, {1, 6}, {5}, {4}, {2, 3}], [{8, 7}, {2, 6}, {1, 5}, {3, 4}], [{8, 7}, {2, 6}, {3, 5}, {1, 4}], [{8, 7}, {2, 6}, {4, 5}, {1, 3}], [{8, 7}, {2, 6}, {5}, {1, 4}, {3}], [{8, 7}, {3, 6}, {1, 5}, {2, 4}], [{8, 7}, {3, 6}, {2, 5}, {1, 4}], [{8, 7}, {3, 6}, {4, 5}, {1, 2}], [{8, 7}, {3, 6}, {4, 5}, {2}, {1}], [{8, 7}, {4, 6}, {1, 5}, {2, 3}], [{8, 7}, {4, 6}, {1, 5}, {3}, {2}], [{8, 7}, {4, 6}, {2, 5}, {1, 3}], [{8, 7}, {4, 6}, {3, 5}, {1, 2}], [{8, 7}, {4, 6}, {3, 5}, {2}, {1}], [{8, 7}, {4, 6}, {5}, {1, 3}, {2}], [{8, 7}, {5, 6}, {1, 4}, {2, 3}], [{8, 7}, {5, 6}, {2, 4}, {1, 3}], [{8, 7}, {5, 6}, {3, 4}, {1, 2}], [{8, 7}, {6}, {3, 5}, {1, 4}, {2}], [{8}, {1, 7}, {3, 6}, {5}, {2, 4}], [{8}, {2, 7}, {1, 6}, {4, 5}, {3}], [{8}, {2, 7}, {3, 6}, {5}, {1, 4}], [{8}, {2, 7}, {4, 6}, {1, 5}, {3}], [{8}, {2, 7}, {4, 6}, {3, 5}, {1}], [{8}, {2, 7}, {4, 6}, {5}, {1, 3}], [{8}, {3, 7}, {4, 6}, {2, 5}, {1}], [{8}, {4, 7}, {1, 6}, {3, 5}, {2}], [{8}, {5, 7}, {6}, {2, 4}, {1, 3}], [{8}, {7}, {2, 6}, {4, 5}, {1, 3}]]",2,4 K_1^3 - 8 K_1^2 - 8 K_1 K_2 + K_1 + 4 K_2 + 3 K_3 + 5,O1O2O3O4U2U1U5O6O5U3O7U4U6O8U7U8,O1O2O3U4U5U3U2O6O7U6O8O4U7O5U1U8,O1O2O3U4U3O5U6O7O4U8O6O8U2U1U5U7,c,{'O1O2O3O4U5U6O5U7U1O6U2O8O7U8U4U3'},1,"<a href=""/flatknot/8.857709"">8.857709</a>",t^9-40t^7-90t^6+57t^5+208t^4-37t^3-140t^2+21t+18,-2t^2+4t,,
8.857710,O1O2O3O4U5U6O5U7U1O6U3O8O7U4U2U8,3,5z^2+37z+55,5w^3z^2+37w^2z+55w,False,False,"[[ 0 -1  0  1  1 -1 -1  0  1],[ 1  0  1  0  0  1  2  1  1],[ 0 -1  0  0  1 -1  0  0  1],[-1  0  0  0  0 -2  0  0  0],[-1  0 -1  0  0 -2 -1  0  0],[ 1 -1  1  2  2  0 -1  0  1],[ 1 -2  0  0  1  1  0  0  2],[ 0 -1  0  0  0  0  0  0  1],[-1 -1 -1  0  0 -1 -2 -1  0]]","[[ 0  1  1  1  0  0 -1 -1 -1],[-1  0  0  0  0  0  0  0 -2],[-1  0  0  0  0 -1  0 -1 -2],[-1  0  0  0 -1 -1 -1 -2 -1],[ 0  0  0  1  0  0 -1  0  0],[ 0  0  1  1  0  0 -1  0 -1],[ 1  0  0  1  1  1  0  2  1],[ 1  0  1  2  0  0 -2  0  1],[ 1  2  2  1  0  1 -1 -1  0]]",True,"[-1,-1,-1,0,0,1,1,1,0,0,0,0,0,0,2,0,0,1,0,1,2,1,1,1,2,1,0,1,0,0,1,0,1,-2,-1,-1]","[-1,-1,-1,0,0,1,1,1,-2,-1,0,0,1,2,2,-1,1,1,0,1,2,0,1,1,0,0,0,0,0,1,0,1,1,0,0,0]",t^8+27t^6+128t^4+44t^2,"[-1,-1,-1,0,0,1,1,1,-2,-1,0,0,1,2,2,-1,1,1,0,1,2,0,1,1,0,0,0,0,0,1,0,1,1,0,0,0]","[-1,-1,-1,0,0,1,1,1,0,0,0,0,0,1,1,0,0,1,1,0,2,1,1,2,0,2,0,1,0,0,1,1,0,1,-2,-1]","[-1,-1,-1,0,0,1,1,1,-2,1,0,0,0,1,2,1,1,1,0,0,1,0,1,2,2,1,0,0,0,1,0,1,1,0,0,0]",c,"[[{8, 1}, {2, 7}, {3, 6}, {4, 5}], [{8, 1}, {7}, {3, 6}, {4, 5}, {2}]]",0,- 8 K_1^2 + 4 K_2 + 5,O1O2O3O4U5U3U1O6O5U2O7U4U6O8U7U8,O1O2O3U4U2U5U1O6O7U6O8O4U7O5U3U8,O1O2O3U4U1O5U6O7O4U8O6O8U3U5U2U7,c,"{'O1O2O3U4O5U6U7O4U1O6U3O8U5O7U2U8', 'O1O2O3O4U5U6O5U7U1O6U3O8O7U4U2U8', 'O1O2O3U4U5O4U6U7O5U2O7O8U3U1O6U8'}",3,"<a href=""/flatknot/8.857710"">8.857710</a>",t^9-27t^7-42t^6+80t^5+146t^4+8t^3-54t^2-4t+8,0,,
8.857711,O1O2O3O4U5U6O5U7U1O6U3O8O7U8U2U4,4,20z^2+104z+129,20w^3z^2+104w^2z+129w,False,False,"[[ 0 -1  0  1  3 -1 -1  0 -1],[ 1  0  0  0  1  1  2  1 -1],[ 0  0  0  1  2 -1  0  1 -1],[-1  0 -1  0  0 -2  0  0 -1],[-3 -1 -2  0  0 -4 -3 -1 -1],[ 1 -1  1  2  4  0 -1  0 -1],[ 1 -2  0  0  3  1  0  0  0],[ 0 -1 -1  0  1  0  0  0 -1],[ 1  1  1  1  1  1  0  1  0]]","[[ 0  3  1  0  0 -1 -1 -1 -1],[-3  0  0 -1 -2 -1 -1 -3 -4],[-1  0  0  0 -1  0 -1  0 -2],[ 0  1  0  0 -1 -1 -1  0  0],[ 0  2  1  1  0  0 -1  0 -1],[ 1  1  0  1  0  0 -1  2  1],[ 1  1  1  1  1  1  0  0  1],[ 1  3  0  0  0 -2  0  0  1],[ 1  4  2  0  1 -1 -1 -1  0]]",True,"[-3,-1,0,0,1,1,1,1,0,1,2,1,1,3,4,0,1,0,1,0,2,1,1,1,0,0,0,1,0,1,1,-2,-1,0,-1,-1]","[-3,-1,0,0,1,1,1,1,0,1,2,1,1,3,4,0,1,0,1,0,2,1,1,1,0,0,0,1,0,1,1,-2,-1,0,-1,-1]",t^8+51t^6+370t^4+223t^2+4,"[-1,-1,-1,-1,0,0,1,3,-2,-1,1,0,1,2,3,-1,0,1,1,2,1,1,1,0,0,0,0,0,1,3,1,1,2,0,1,2]","[-3,-1,0,0,1,1,1,1,2,1,2,0,1,3,3,0,1,0,2,1,2,1,0,1,0,1,1,1,0,0,-1,-1,-1,0,-2,1]","[-1,-1,-1,-1,0,0,1,3,-2,0,1,0,0,0,3,-1,1,0,1,0,1,1,1,1,1,1,1,0,2,4,1,1,2,0,1,0]",c,"[[{8, 1}, {2, 7}, {4, 6}, {3, 5}], [{8, 4}, {2, 7}, {1, 6}, {3, 5}], [{8, 4}, {2, 7}, {5, 6}, {1, 3}], [{8, 5}, {2, 7}, {4, 6}, {1, 3}], [{8, 6}, {2, 7}, {1, 5}, {3, 4}], [{8, 6}, {2, 7}, {3, 5}, {1, 4}], [{8, 6}, {2, 7}, {4, 5}, {1, 3}], [{8, 6}, {2, 7}, {4, 5}, {3}, {1}]]",1,12 K_1^3 - 20 K_1^2 - 18 K_1 K_2 - 4 K_1 K_3 + 12 K_2 + 6 K_3 + 2 K_4 + 11,O1O2O3O4U1U3U5O6O5U2O7U4U6O8U7U8,O1O2O3U4U2U5U3O6O7U6O8O4U7O5U1U8,O1O2O3U4U3O5U6O7O4U8O6O8U1U5U2U7,c,{'O1O2O3O4U5U6O5U7U1O6U3O8O7U8U2U4'},1,"<a href=""/flatknot/8.857711"">8.857711</a>",t^9-45t^7-116t^6+120t^5+576t^4+199t^3-516t^2-100t+250,-t^3+3t,,
8.857712,O1O2O3O4U5U6O5U7U1O6U3O8O7U8U4U2,3,9z^2+82z+129,9w^3z^2+82w^2z+129w,False,False,"[[ 0 -1  1  1  2 -1 -1  0 -1],[ 1  0  1  0  0  1  2  1 -1],[-1 -1  0  0  1 -2 -1  0 -1],[-1  0  0  0  0 -2  0  0 -1],[-2  0 -1  0  0 -3 -2  0 -1],[ 1 -1  2  2  3  0 -1  0 -1],[ 1 -2  1  0  2  1  0  0  0],[ 0 -1  0  0  0  0  0  0 -1],[ 1  1  1  1  1  1  0  1  0]]","[[ 0  2  1  1  0 -1 -1 -1 -1],[-2  0  0 -1  0  0 -1 -2 -3],[-1  0  0  0  0  0 -1  0 -2],[-1  1  0  0  0 -1 -1 -1 -2],[ 0  0  0  0  0 -1 -1  0  0],[ 1  0  0  1  1  0 -1  2  1],[ 1  1  1  1  1  1  0  0  1],[ 1  2  0  1  0 -2  0  0  1],[ 1  3  2  2  0 -1 -1 -1  0]]",True,"[-2,-1,-1,0,1,1,1,1,0,1,0,0,1,2,3,0,0,0,1,0,2,0,1,1,1,2,1,1,0,0,1,-2,-1,0,-1,-1]","[-2,-1,-1,0,1,1,1,1,0,1,0,0,1,2,3,0,0,0,1,0,2,0,1,1,1,2,1,1,0,0,1,-2,-1,0,-1,-1]",t^8+37t^6+220t^4+150t^2,"[-1,-1,-1,-1,0,1,1,2,-2,-1,1,0,1,2,3,-1,0,1,1,2,1,1,1,0,0,0,0,1,1,2,1,1,2,0,0,1]","[-2,-1,-1,0,1,1,1,1,0,1,2,0,1,2,3,0,1,0,1,1,1,1,0,2,1,2,1,1,0,0,-1,-1,-1,0,-2,1]","[-1,-1,-1,-1,0,1,1,2,-2,0,1,0,0,1,2,-1,1,1,0,1,0,1,1,1,1,1,0,2,2,3,0,0,0,0,0,1]",c,"[[{8, 1}, {3, 7}, {4, 6}, {2, 5}]]",1,8 K_1^3 - 34 K_1^2 - 12 K_1 K_2 + 17 K_2 + 4 K_3 + 18,O1O2O3O4U3U1U5O6O5U2O7U4U6O8U7U8,O1O2O3U4U3U5U2O6O7U6O8O4U7O5U1U8,O1O2O3U4U3O5U6O7O4U8O6O8U2U5U1U7,c,{'O1O2O3O4U5U6O5U7U1O6U3O8O7U8U4U2'},1,"<a href=""/flatknot/8.857712"">8.857712</a>",t^9-35t^7-74t^6+77t^5+220t^4-21t^3-146t^2-48t,-t^2+2t,,
8.857713,O1O2O3O4U5U6O5U7U1O6U4O8O7U3U2U8,4,4z^3+27z^2+68z+61,4w^4z^3+27w^3z^2+68w^2z+61w,False,False,"[[ 0 -1  0  0  2 -1 -1  0  1],[ 1  0  1  0  0  1  2  1  1],[ 0 -1  0  0  1 -1  0  0  1],[ 0  0  0  0  1 -1  0  0  0],[-2  0 -1 -1  0 -3 -1 -1 -1],[ 1 -1  1  1  3  0 -1  0  1],[ 1 -2  0  0  1  1  0  0  2],[ 0 -1  0  0  1  0  0  0  1],[-1 -1 -1  0  1 -1 -2 -1  0]]","[[ 0  2  1  0  0  0 -1 -1 -1],[-2  0 -1 -1 -1 -1  0 -1 -3],[-1  1  0  0 -1 -1 -1 -2 -1],[ 0  1  0  0  0  0  0  0 -1],[ 0  1  1  0  0  0 -1  0  0],[ 0  1  1  0  0  0 -1  0 -1],[ 1  0  1  0  1  1  0  2  1],[ 1  1  2  0  0  0 -2  0  1],[ 1  3  1  1  0  1 -1 -1  0]]",True,"[-2,-1,0,0,0,1,1,1,1,1,1,1,0,1,3,0,1,1,1,2,1,0,0,0,0,1,0,1,0,0,1,0,1,-2,-1,-1]","[-2,-1,0,0,0,1,1,1,0,1,1,1,0,2,3,0,0,1,1,0,1,0,0,0,1,0,0,1,1,0,0,1,1,-1,-1,-2]",t^8+32t^6+133t^4+14t^2,"[-1,-1,-1,0,0,0,1,2,-2,-1,0,0,1,1,3,-1,1,1,1,0,2,0,1,0,1,0,0,0,0,1,0,0,1,1,1,0]","[-2,-1,0,0,0,1,1,1,0,1,1,1,0,2,3,0,0,1,1,0,1,0,0,0,1,0,0,1,1,0,0,1,1,-1,-1,-2]","[-1,-1,-1,0,0,0,1,2,-2,1,0,0,0,2,1,1,0,1,1,1,0,1,0,1,1,3,0,0,0,1,0,1,1,1,1,1]",c,"[[{8, 1}, {2, 7}, {3, 6}, {4, 5}], [{8, 1}, {2, 7}, {4, 6}, {3, 5}], [{8, 1}, {2, 7}, {4, 6}, {5}, {3}], [{8, 1}, {2, 7}, {5, 6}, {3, 4}], [{8, 1}, {2, 7}, {5, 6}, {4}, {3}], [{8, 1}, {2, 7}, {6}, {4, 5}, {3}], [{8, 1}, {3, 7}, {2, 6}, {4, 5}], [{8, 1}, {3, 7}, {4, 6}, {2, 5}], [{8, 1}, {3, 7}, {4, 6}, {5}, {2}], [{8, 1}, {3, 7}, {5, 6}, {2, 4}], [{8, 1}, {3, 7}, {5, 6}, {4}, {2}], [{8, 1}, {3, 7}, {6}, {4, 5}, {2}], [{8, 1}, {4, 7}, {2, 6}, {3, 5}], [{8, 1}, {4, 7}, {3, 6}, {2, 5}], [{8, 1}, {4, 7}, {5, 6}, {2, 3}], [{8, 1}, {4, 7}, {5, 6}, {3}, {2}], [{8, 1}, {5, 7}, {2, 6}, {3, 4}], [{8, 1}, {5, 7}, {3, 6}, {2, 4}], [{8, 1}, {5, 7}, {4, 6}, {2, 3}], [{8, 1}, {5, 7}, {4, 6}, {3}, {2}], [{8, 1}, {6, 7}, {2, 5}, {3, 4}], [{8, 1}, {6, 7}, {3, 5}, {2, 4}], [{8, 1}, {6, 7}, {4, 5}, {2, 3}], [{8, 1}, {6, 7}, {4, 5}, {3}, {2}], [{8, 1}, {7}, {2, 6}, {3, 5}, {4}], [{8, 1}, {7}, {2, 6}, {4, 5}, {3}], [{8, 1}, {7}, {2, 6}, {5}, {3, 4}], [{8, 1}, {7}, {3, 6}, {2, 5}, {4}], [{8, 1}, {7}, {3, 6}, {4, 5}, {2}], [{8, 1}, {7}, {3, 6}, {5}, {2, 4}], [{8, 1}, {7}, {4, 6}, {2, 5}, {3}], [{8, 1}, {7}, {4, 6}, {3, 5}, {2}], [{8, 1}, {7}, {4, 6}, {5}, {2, 3}], [{8, 1}, {7}, {4, 6}, {5}, {3}, {2}], [{8, 1}, {7}, {5, 6}, {2, 4}, {3}], [{8, 1}, {7}, {5, 6}, {3, 4}, {2}], [{8, 1}, {7}, {5, 6}, {4}, {2, 3}], [{8, 1}, {7}, {5, 6}, {4}, {3}, {2}], [{8, 1}, {7}, {6}, {2, 5}, {3, 4}], [{8, 1}, {7}, {6}, {3, 5}, {2, 4}], [{8, 1}, {7}, {6}, {4, 5}, {2, 3}], [{8, 1}, {7}, {6}, {4, 5}, {3}, {2}], [{8, 2}, {1, 7}, {3, 6}, {4, 5}], [{8, 2}, {1, 7}, {4, 6}, {3, 5}], [{8, 2}, {1, 7}, {5, 6}, {3, 4}], [{8, 2}, {1, 7}, {6}, {4, 5}, {3}], [{8, 2}, {3, 7}, {1, 6}, {4, 5}], [{8, 2}, {3, 7}, {4, 6}, {1, 5}], [{8, 2}, {3, 7}, {5, 6}, {1, 4}], [{8, 2}, {3, 7}, {6}, {5}, {1, 4}], [{8, 2}, {4, 7}, {1, 6}, {3, 5}], [{8, 2}, {4, 7}, {3, 6}, {1, 5}], [{8, 2}, {4, 7}, {5, 6}, {1, 3}], [{8, 2}, {5, 7}, {1, 6}, {3, 4}], [{8, 2}, {5, 7}, {3, 6}, {1, 4}], [{8, 2}, {5, 7}, {4, 6}, {1, 3}], [{8, 2}, {5, 7}, {6}, {4}, {1, 3}], [{8, 2}, {6, 7}, {1, 5}, {3, 4}], [{8, 2}, {6, 7}, {3, 5}, {1, 4}], [{8, 2}, {6, 7}, {4, 5}, {1, 3}], [{8, 2}, {6, 7}, {4, 5}, {3}, {1}], [{8, 2}, {6, 7}, {5}, {4}, {1, 3}], [{8, 2}, {7}, {1, 6}, {4, 5}, {3}], [{8, 2}, {7}, {4, 6}, {3, 5}, {1}], [{8, 2}, {7}, {5, 6}, {4}, {1, 3}], [{8, 3}, {1, 7}, {2, 6}, {4, 5}], [{8, 3}, {1, 7}, {4, 6}, {2, 5}], [{8, 3}, {1, 7}, {4, 6}, {5}, {2}], [{8, 3}, {1, 7}, {5, 6}, {2, 4}], [{8, 3}, {2, 7}, {1, 6}, {4, 5}], [{8, 3}, {2, 7}, {4, 6}, {1, 5}], [{8, 3}, {2, 7}, {5, 6}, {1, 4}], [{8, 3}, {4, 7}, {1, 6}, {2, 5}], [{8, 3}, {4, 7}, {2, 6}, {1, 5}], [{8, 3}, {4, 7}, {2, 6}, {5}, {1}], [{8, 3}, {4, 7}, {5, 6}, {1, 2}], [{8, 3}, {4, 7}, {6}, {1, 5}, {2}], [{8, 3}, {5, 7}, {1, 6}, {2, 4}], [{8, 3}, {5, 7}, {1, 6}, {4}, {2}], [{8, 3}, {5, 7}, {2, 6}, {1, 4}], [{8, 3}, {5, 7}, {2, 6}, {4}, {1}], [{8, 3}, {5, 7}, {4, 6}, {1, 2}], [{8, 3}, {5, 7}, {4, 6}, {2}, {1}], [{8, 3}, {5, 7}, {6}, {1, 4}, {2}], [{8, 3}, {5, 7}, {6}, {2, 4}, {1}], [{8, 3}, {5, 7}, {6}, {4}, {1, 2}], [{8, 3}, {6, 7}, {1, 5}, {2, 4}], [{8, 3}, {6, 7}, {1, 5}, {4}, {2}], [{8, 3}, {6, 7}, {2, 5}, {1, 4}], [{8, 3}, {6, 7}, {2, 5}, {4}, {1}], [{8, 3}, {6, 7}, {4, 5}, {1, 2}], [{8, 3}, {6, 7}, {5}, {4}, {1, 2}], [{8, 3}, {7}, {2, 6}, {4, 5}, {1}], [{8, 3}, {7}, {4, 6}, {1, 5}, {2}], [{8, 3}, {7}, {5, 6}, {4}, {1, 2}], [{8, 4}, {1, 7}, {2, 6}, {3, 5}], [{8, 4}, {1, 7}, {3, 6}, {2, 5}], [{8, 4}, {1, 7}, {5, 6}, {2, 3}], [{8, 4}, {1, 7}, {5, 6}, {3}, {2}], [{8, 4}, {2, 7}, {1, 6}, {3, 5}], [{8, 4}, {2, 7}, {3, 6}, {1, 5}], [{8, 4}, {2, 7}, {5, 6}, {1, 3}], [{8, 4}, {3, 7}, {1, 6}, {2, 5}], [{8, 4}, {3, 7}, {2, 6}, {1, 5}], [{8, 4}, {3, 7}, {2, 6}, {5}, {1}], [{8, 4}, {3, 7}, {5, 6}, {1, 2}], [{8, 4}, {5, 7}, {1, 6}, {2, 3}], [{8, 4}, {5, 7}, {1, 6}, {3}, {2}], [{8, 4}, {5, 7}, {2, 6}, {1, 3}], [{8, 4}, {5, 7}, {3, 6}, {1, 2}], [{8, 4}, {6, 7}, {1, 5}, {2, 3}], [{8, 4}, {6, 7}, {1, 5}, {3}, {2}], [{8, 4}, {6, 7}, {2, 5}, {1, 3}], [{8, 4}, {6, 7}, {3, 5}, {1, 2}], [{8, 4}, {7}, {5, 6}, {2, 3}, {1}], [{8, 5}, {1, 7}, {2, 6}, {3, 4}], [{8, 5}, {1, 7}, {3, 6}, {2, 4}], [{8, 5}, {1, 7}, {4, 6}, {2, 3}], [{8, 5}, {1, 7}, {4, 6}, {3}, {2}], [{8, 5}, {2, 7}, {1, 6}, {3, 4}], [{8, 5}, {2, 7}, {3, 6}, {1, 4}], [{8, 5}, {2, 7}, {4, 6}, {1, 3}], [{8, 5}, {3, 7}, {1, 6}, {2, 4}], [{8, 5}, {3, 7}, {1, 6}, {4}, {2}], [{8, 5}, {3, 7}, {2, 6}, {1, 4}], [{8, 5}, {3, 7}, {2, 6}, {4}, {1}], [{8, 5}, {3, 7}, {4, 6}, {1, 2}], [{8, 5}, {3, 7}, {4, 6}, {2}, {1}], [{8, 5}, {3, 7}, {6}, {1, 4}, {2}], [{8, 5}, {3, 7}, {6}, {2, 4}, {1}], [{8, 5}, {3, 7}, {6}, {4}, {1, 2}], [{8, 5}, {4, 7}, {1, 6}, {2, 3}], [{8, 5}, {4, 7}, {1, 6}, {3}, {2}], [{8, 5}, {4, 7}, {2, 6}, {1, 3}], [{8, 5}, {4, 7}, {3, 6}, {1, 2}], [{8, 5}, {6, 7}, {1, 4}, {2, 3}], [{8, 5}, {6, 7}, {1, 4}, {3}, {2}], [{8, 5}, {6, 7}, {2, 4}, {1, 3}], [{8, 5}, {6, 7}, {3, 4}, {1, 2}], [{8, 5}, {7}, {1, 6}, {3, 4}, {2}], [{8, 5}, {7}, {3, 6}, {1, 4}, {2}], [{8, 5}, {7}, {4, 6}, {1, 3}, {2}], [{8, 6}, {1, 7}, {2, 5}, {3, 4}], [{8, 6}, {1, 7}, {3, 5}, {2, 4}], [{8, 6}, {1, 7}, {4, 5}, {2, 3}], [{8, 6}, {1, 7}, {4, 5}, {3}, {2}], [{8, 6}, {2, 7}, {1, 5}, {3, 4}], [{8, 6}, {2, 7}, {1, 5}, {4}, {3}], [{8, 6}, {2, 7}, {3, 5}, {1, 4}], [{8, 6}, {2, 7}, {4, 5}, {1, 3}], [{8, 6}, {2, 7}, {4, 5}, {3}, {1}], [{8, 6}, {2, 7}, {5}, {1, 4}, {3}], [{8, 6}, {3, 7}, {1, 5}, {2, 4}], [{8, 6}, {3, 7}, {2, 5}, {1, 4}], [{8, 6}, {3, 7}, {2, 5}, {4}, {1}], [{8, 6}, {3, 7}, {4, 5}, {1, 2}], [{8, 6}, {4, 7}, {1, 5}, {2, 3}], [{8, 6}, {4, 7}, {1, 5}, {3}, {2}], [{8, 6}, {4, 7}, {2, 5}, {1, 3}], [{8, 6}, {4, 7}, {3, 5}, {1, 2}], [{8, 6}, {5, 7}, {1, 4}, {2, 3}], [{8, 6}, {5, 7}, {1, 4}, {3}, {2}], [{8, 6}, {5, 7}, {2, 4}, {1, 3}], [{8, 6}, {5, 7}, {3, 4}, {1, 2}], [{8, 6}, {7}, {1, 5}, {2, 4}, {3}], [{8, 6}, {7}, {2, 5}, {1, 4}, {3}], [{8, 6}, {7}, {4, 5}, {3}, {1, 2}], [{8, 7}, {1, 6}, {2, 5}, {3, 4}], [{8, 7}, {1, 6}, {2, 5}, {4}, {3}], [{8, 7}, {1, 6}, {3, 5}, {2, 4}], [{8, 7}, {1, 6}, {3, 5}, {4}, {2}], [{8, 7}, {1, 6}, {4, 5}, {2, 3}], [{8, 7}, {1, 6}, {4, 5}, {3}, {2}], [{8, 7}, {1, 6}, {5}, {2, 4}, {3}], [{8, 7}, {1, 6}, {5}, {3, 4}, {2}], [{8, 7}, {1, 6}, {5}, {4}, {2, 3}], [{8, 7}, {2, 6}, {1, 5}, {3, 4}], [{8, 7}, {2, 6}, {3, 5}, {1, 4}], [{8, 7}, {2, 6}, {4, 5}, {1, 3}], [{8, 7}, {2, 6}, {4, 5}, {3}, {1}], [{8, 7}, {3, 6}, {1, 5}, {2, 4}], [{8, 7}, {3, 6}, {2, 5}, {1, 4}], [{8, 7}, {3, 6}, {4, 5}, {1, 2}], [{8, 7}, {3, 6}, {5}, {1, 4}, {2}], [{8, 7}, {4, 6}, {1, 5}, {2, 3}], [{8, 7}, {4, 6}, {1, 5}, {3}, {2}], [{8, 7}, {4, 6}, {2, 5}, {1, 3}], [{8, 7}, {4, 6}, {3, 5}, {1, 2}], [{8, 7}, {4, 6}, {3, 5}, {2}, {1}], [{8, 7}, {4, 6}, {5}, {1, 3}, {2}], [{8, 7}, {5, 6}, {1, 4}, {2, 3}], [{8, 7}, {5, 6}, {1, 4}, {3}, {2}], [{8, 7}, {5, 6}, {2, 4}, {1, 3}], [{8, 7}, {5, 6}, {3, 4}, {1, 2}], [{8, 7}, {5, 6}, {4}, {2, 3}, {1}], [{8, 7}, {6}, {1, 5}, {4}, {2, 3}], [{8, 7}, {6}, {3, 5}, {1, 4}, {2}], [{8, 7}, {6}, {4, 5}, {3}, {1, 2}], [{8}, {1, 7}, {2, 6}, {4, 5}, {3}], [{8}, {1, 7}, {4, 6}, {3, 5}, {2}], [{8}, {1, 7}, {5, 6}, {4}, {2, 3}], [{8}, {2, 7}, {1, 6}, {4, 5}, {3}], [{8}, {2, 7}, {4, 6}, {3, 5}, {1}], [{8}, {3, 7}, {2, 6}, {4, 5}, {1}], [{8}, {3, 7}, {4, 6}, {1, 5}, {2}], [{8}, {3, 7}, {6}, {2, 5}, {1, 4}], [{8}, {4, 7}, {3, 6}, {1, 5}, {2}], [{8}, {4, 7}, {5, 6}, {2, 3}, {1}], [{8}, {4, 7}, {6}, {2, 5}, {1, 3}], [{8}, {5, 7}, {1, 6}, {3, 4}, {2}], [{8}, {5, 7}, {3, 6}, {1, 4}, {2}], [{8}, {5, 7}, {4, 6}, {1, 3}, {2}], [{8}, {6, 7}, {1, 5}, {3, 4}, {2}], [{8}, {6, 7}, {4, 5}, {3}, {1, 2}], [{8}, {7}, {2, 6}, {4, 5}, {1, 3}], [{8}, {7}, {2, 6}, {4, 5}, {3}, {1}], [{8}, {7}, {4, 6}, {3, 5}, {1, 2}], [{8}, {7}, {4, 6}, {3, 5}, {2}, {1}], [{8}, {7}, {5, 6}, {1, 4}, {2, 3}], [{8}, {7}, {5, 6}, {4}, {2, 3}, {1}]]",2,- 2 K_1^2 - 4 K_1 K_2 + 2 K_1 + K_2 + 2 K_3 + 2,O1O2O3O4U5U3U2O6O5U1O7U4U6O8U7U8,O1O2O3U4U2U1U5O6O7U6O8O4U7O5U3U8,O1O2O3U4U1O5U6O7O4U8O6O8U5U3U2U7,c,"{'O1O2O3U4U5O4U6U7O5U3O7O8U2U1O6U8', 'O1O2O3O4U5U6O5U7U1O6U4O8O7U3U2U8'}",2,"<a href=""/flatknot/8.857713"">8.857713</a>",t^9-30t^7-62t^6+50t^5+180t^4+108t^3+2t^2-37t+2,-t^2+2t,,
8.857714,O1O2O3O4U5U6O5U7U1O6U4O8O7U3U8U2,4,2z^3+23z^2+102z+129,2w^4z^3+23w^3z^2+102w^2z+129w,False,False,"[[ 0 -1  1  0  2 -1 -1  0  0],[ 1  0  1  0  0  1  2  1  0],[-1 -1  0 -1  1 -2 -1  0  0],[ 0  0  1  0  1 -1  0  0  0],[-2  0 -1 -1  0 -3 -1 -1 -1],[ 1 -1  2  1  3  0 -1  0  0],[ 1 -2  1  0  1  1  0  0  1],[ 0 -1  0  0  1  0  0  0  0],[ 0  0  0  0  1  0 -1  0  0]]","[[ 0  2  1  0  0  0 -1 -1 -1],[-2  0 -1 -1 -1 -1  0 -1 -3],[-1  1  0  0  0 -1 -1 -1 -2],[ 0  1  0  0  0  0  0 -1  0],[ 0  1  0  0  0  0 -1  0  0],[ 0  1  1  0  0  0  0  0 -1],[ 1  0  1  0  1  0  0  2  1],[ 1  1  1  1  0  0 -2  0  1],[ 1  3  2  0  0  1 -1 -1  0]]",True,"[-2,-1,0,0,0,1,1,1,1,1,1,1,0,1,3,0,0,1,1,1,2,0,0,0,1,0,0,1,0,0,0,0,1,-2,-1,-1]","[-2,-1,0,0,0,1,1,1,0,1,1,1,0,2,3,0,1,1,0,1,1,0,0,0,1,1,0,1,0,1,1,1,0,-1,-1,-2]",t^8+30t^6+126t^4+75t^2+4,"[-1,-1,-1,0,0,0,1,2,-2,-1,0,1,1,1,3,-1,1,0,1,1,2,1,1,0,0,0,0,0,1,1,0,1,1,0,1,0]","[-2,-1,0,0,0,1,1,1,0,1,1,1,0,2,3,0,1,1,0,1,1,0,0,0,1,1,0,1,0,1,1,1,0,-1,-1,-2]","[-1,-1,-1,0,0,0,1,2,-2,1,0,0,1,1,1,1,0,1,0,1,0,1,0,0,2,3,0,0,1,1,0,0,1,0,1,1]",c,"[[{8, 7}, {1, 6}, {2, 5}, {3, 4}], [{8, 7}, {3, 6}, {2, 5}, {1, 4}], [{8, 7}, {4, 6}, {2, 5}, {1, 3}], [{8}, {7}, {1, 6}, {2, 5}, {3, 4}], [{8}, {7}, {3, 6}, {2, 5}, {1, 4}], [{8}, {7}, {4, 6}, {2, 5}, {1, 3}]]",1,4 K_1^3 - 22 K_1^2 - 8 K_1 K_2 + K_1 + 11 K_2 + 3 K_3 + 12,O1O2O3O4U3U5U2O6O5U1O7U4U6O8U7U8,O1O2O3U4U3U1U5O6O7U6O8O4U7O5U2U8,O1O2O3U4U2O5U6O7O4U8O6O8U5U3U1U7,c,{'O1O2O3O4U5U6O5U7U1O6U4O8O7U3U8U2'},1,"<a href=""/flatknot/8.857714"">8.857714</a>",t^9-28t^7-54t^6+57t^5+162t^4+27t^3-62t^2-24t+12,-t^2+2t,,
8.857715,O1O2O3O4U5U6O5U7U1O6U4O8O7U8U2U3,4,4z^3+37z^2+110z+105,4w^4z^3+37w^3z^2+110w^2z+105w,False,False,"[[ 0 -1  0  2  2 -1 -1  0 -1],[ 1  0  0  1  0  1  2  1 -1],[ 0  0  0  1  1 -1  0  1 -1],[-2 -1 -1  0  1 -3 -2 -1 -1],[-2  0 -1 -1  0 -3 -1 -1 -1],[ 1 -1  1  3  3  0 -1  0 -1],[ 1 -2  0  2  1  1  0  0  0],[ 0 -1 -1  1  1  0  0  0 -1],[ 1  1  1  1  1  1  0  1  0]]","[[ 0  2  2  0  0 -1 -1 -1 -1],[-2  0  1 -1 -1 -1 -1 -2 -3],[-2 -1  0 -1 -1  0 -1 -1 -3],[ 0  1  1  0  1  0 -1  0 -1],[ 0  1  1 -1  0 -1 -1  0  0],[ 1  1  0  0  1  0 -1  2  1],[ 1  1  1  1  1  1  0  0  1],[ 1  2  1  0  0 -2  0  0  1],[ 1  3  3  1  0 -1 -1 -1  0]]",True,"[-2,-2,0,0,1,1,1,1,-1,1,1,1,1,2,3,1,1,0,1,1,3,-1,0,1,0,1,1,1,0,0,1,-2,-1,0,-1,-1]","[-2,-2,0,0,1,1,1,1,-1,1,1,0,2,2,3,1,1,0,1,2,2,-1,1,1,0,0,0,1,0,1,-1,-1,-1,0,-2,1]",t^8+44t^6+267t^4+145t^2+1,"[-1,-1,-1,-1,0,0,2,2,-2,-1,1,0,1,2,3,-1,0,1,1,1,2,1,1,0,0,0,0,0,2,2,1,1,1,1,1,-1]","[-2,-2,0,0,1,1,1,1,-1,1,1,0,2,2,3,1,1,0,1,2,2,-1,1,1,0,0,0,1,0,1,-1,-1,-1,0,-2,1]","[-1,-1,-1,-1,0,0,2,2,-2,0,1,0,0,1,2,-1,1,0,1,0,1,1,1,1,1,1,1,0,3,3,1,1,1,1,1,-1]",c,"[[{8, 6}, {2, 7}, {1, 5}, {3, 4}], [{8, 6}, {2, 7}, {1, 5}, {4}, {3}], [{8, 6}, {2, 7}, {3, 5}, {1, 4}], [{8, 6}, {2, 7}, {3, 5}, {4}, {1}], [{8, 6}, {2, 7}, {4, 5}, {1, 3}], [{8, 6}, {2, 7}, {5}, {4}, {1, 3}]]",1,12 K_1^3 - 12 K_1^2 - 8 K_1 K_2 - 5 K_1 + 6 K_2 + K_3 + 7,O1O2O3O4U2U3U5O6O5U1O7U4U6O8U7U8,O1O2O3U4U2U3U5O6O7U6O8O4U7O5U1U8,O1O2O3U4U3O5U6O7O4U8O6O8U5U1U2U7,c,{'O1O2O3O4U5U6O5U7U1O6U4O8O7U8U2U3'},1,"<a href=""/flatknot/8.857715"">8.857715</a>",t^9-40t^7-116t^6+3t^5+344t^4+335t^3-14t^2-56t+32,-2t^2+4t,,
8.857716,O1O2O3O4U5U6O5U7U1O6U4O8O7U8U3U2,3,14z^2+67z+79,-8w^4z^2+22w^3z^2-24w^3z+91w^2z+79w,False,False,"[[ 0 -1  1  1  2 -1 -1  0 -1],[ 1  0  1  0  0  1  2  1 -1],[-1 -1  0  0  1 -2 -1  0 -1],[-1  0  0  0  1 -2 -1  0 -1],[-2  0 -1 -1  0 -3 -1 -1 -1],[ 1 -1  2  2  3  0 -1  0 -1],[ 1 -2  1  1  1  1  0  0  0],[ 0 -1  0  0  1  0  0  0 -1],[ 1  1  1  1  1  1  0  1  0]]","[[ 0  2  1  1  0 -1 -1 -1 -1],[-2  0 -1 -1 -1  0 -1 -1 -3],[-1  1  0  0  0  0 -1 -1 -2],[-1  1  0  0  0 -1 -1 -1 -2],[ 0  1  0  0  0 -1  0 -1  0],[ 1  0  0  1  1  0  2 -1  1],[ 1  1  1  1  0 -2  0  0  1],[ 1  1  1  1  1  1  0  0  1],[ 1  3  2  2  0 -1 -1 -1  0]]",True,"[-2,-1,-1,0,1,1,1,1,1,1,1,0,1,1,3,0,0,0,1,1,2,0,1,1,1,2,1,0,1,0,-2,1,-1,0,-1,-1]","[-2,-1,-1,0,1,1,1,1,0,0,1,0,2,2,3,0,1,0,1,1,1,1,0,1,1,2,1,0,1,0,-1,-1,-1,0,1,-2]",t^8+37t^6+190t^4+89t^2,"[-1,-1,-1,-1,0,1,1,2,-2,-1,1,0,1,2,3,-1,0,1,1,1,2,1,1,0,0,0,0,1,1,2,1,1,1,0,0,0]","[-2,-1,-1,0,1,1,1,1,0,0,1,0,2,2,3,0,1,0,1,1,1,1,0,1,1,2,1,0,1,0,-1,-1,-1,0,1,-2]","[-1,-1,-1,-1,0,1,1,2,-2,0,1,0,1,1,1,-1,1,1,0,1,0,1,1,1,1,1,0,2,2,3,0,0,1,0,1,1]",c,"[[{8, 6}, {3, 7}, {2, 5}, {1, 4}], [{8, 6}, {3, 7}, {2, 5}, {4}, {1}]]",1,- 6 K_1^2 - 8 K_1 K_2 + 4 K_1 + 3 K_2 + 4 K_3 + 4,O1O2O3O4U3U2U5O6O5U1O7U4U6O8U7U8,O1O2O3U4U3U2U5O6O7U6O8O4U7O5U1U8,O1O2O3U4U3O5U6O7O4U8O6O8U5U2U1U7,c,{'O1O2O3O4U5U6O5U7U1O6U4O8O7U8U3U2'},1,"<a href=""/flatknot/8.857716"">8.857716</a>",t^9-35t^7-84t^6+41t^5+194t^4+6t^3-84t^2-24t,-t^2+2t,,
8.857717,O1O2O3O4U5U6O5U7U2O6U1O8O7U4U8U3,4,10z^2+63z+87,10w^3z^2+63w^2z+87w,False,False,"[[ 0 -1  0  2  1 -1 -1  0  0],[ 1  0  1  2  1  0  1  1  0],[ 0 -1  0  0 -1  0  1  1  0],[-2 -2  0  0 -1 -3 -2  0  0],[-1 -1  1  1  0 -2 -1  0  0],[ 1  0  0  3  2  0 -1  0  0],[ 1 -1 -1  2  1  1  0  0  1],[ 0 -1 -1  0  0  0  0  0  0],[ 0  0  0  0  0  0 -1  0  0]]","[[ 0  2  1  0  0  0 -1 -1 -1],[-2  0 -1  0  0  0 -2 -2 -3],[-1  1  0  1  0  0 -1 -1 -2],[ 0  0 -1  0  1  0  1 -1  0],[ 0  0  0 -1  0  0  0 -1  0],[ 0  0  0  0  0  0 -1  0  0],[ 1  2  1 -1  0  1  0 -1  1],[ 1  2  1  1  1  0  1  0  0],[ 1  3  2  0  0  0 -1  0  0]]",True,"[-2,-1,0,0,0,1,1,1,1,0,0,0,2,2,3,-1,0,0,1,1,2,-1,0,-1,1,0,0,0,1,0,1,0,0,1,-1,0]","[-2,-1,0,0,0,1,1,1,0,2,2,2,0,1,1,1,1,2,0,1,1,0,-1,1,0,1,0,1,1,0,1,0,2,0,-1,1]",t^8+32t^6+179t^4+88t^2+4,"[-1,-1,-1,0,0,0,1,2,-1,0,0,0,1,1,1,-1,1,2,0,1,1,1,1,1,0,0,1,0,1,2,0,2,2,1,2,0]","[-2,-1,0,0,0,1,1,1,0,2,2,2,0,1,1,1,1,2,0,1,1,0,-1,1,0,1,0,1,1,0,1,0,2,0,-1,1]","[-1,-1,-1,0,0,0,1,2,-1,0,0,0,0,2,3,-1,-1,0,1,1,2,1,1,0,1,2,1,0,-1,0,0,0,0,0,0,1]",c,"[[{8, 6}, {5, 7}, {2, 4}, {1, 3}], [{8, 6}, {5, 7}, {4}, {1, 3}, {2}]]",1,- 14 K_1^2 + 7 K_2 + 8,O1O2O3O4U2U5U1O6O5U4O7U3U6O8U7U8,O1O2O3U4U5U3U1O6O7U6O8O5U7O4U2U8,O1O2O3U4U2O5U6O7O4U8O6O8U3U1U7U5,c,"{'O1O2O3O4U5U6O5U7U2O6U1O8O7U4U8U3', 'O1O2O3U4O5U6U7O4U2O6U1O8U5O7U8U3'}",2,"<a href=""/flatknot/8.857717"">8.857717</a>",t^9-30t^7-54t^6+62t^5+146t^4+18t^3-40t^2+t+4,-t^2+2t,,
8.857718,O1O2O3O4U5U6O5U7U2O6U1O8O7U8U3U4,4,2z^3+28z^2+91z+87,2w^4z^3+28w^3z^2+91w^2z+87w,False,False,"[[ 0 -1  0  1  3 -1 -1  0 -1],[ 1  0  1  1  2  0  1  1 -1],[ 0 -1  0 -1  0  0  1  1 -1],[-1 -1  1  0  1 -2 -1  1 -1],[-3 -2  0 -1  0 -4 -3 -1 -1],[ 1  0  0  2  4  0 -1  0 -1],[ 1 -1 -1  1  3  1  0  0  0],[ 0 -1 -1 -1  1  0  0  0 -1],[ 1  1  1  1  1  1  0  1  0]]","[[ 0  3  1  0  0 -1 -1 -1 -1],[-3  0 -1  0 -1 -1 -2 -3 -4],[-1  1  0  1  1 -1 -1 -1 -2],[ 0  0 -1  0  1 -1 -1  1  0],[ 0  1 -1 -1  0 -1 -1  0  0],[ 1  1  1  1  1  0  1  0  1],[ 1  2  1  1  1 -1  0  1  0],[ 1  3  1 -1  0  0 -1  0  1],[ 1  4  2  0  0 -1  0 -1  0]]",True,"[-3,-1,0,0,1,1,1,1,1,0,1,1,2,3,4,-1,-1,1,1,1,2,-1,1,1,-1,0,1,1,0,0,-1,0,-1,-1,0,-1]","[-3,-1,0,0,1,1,1,1,1,0,1,1,2,3,4,-1,-1,1,1,1,2,-1,1,1,-1,0,1,1,0,0,-1,0,-1,-1,0,-1]",t^8+51t^6+420t^4+325t^2+9,"[-1,-1,-1,-1,0,0,1,3,-1,-1,0,0,0,1,3,0,-1,0,0,1,2,1,1,1,0,0,1,2,1,1,1,2,2,2,3,1]","[-3,-1,0,0,1,1,1,1,1,2,3,0,1,2,3,2,2,0,1,1,1,-1,1,1,0,0,1,2,0,0,-1,0,-1,-1,0,-1]","[-1,-1,-1,-1,0,0,1,3,-1,-1,0,0,0,2,4,0,-1,-1,0,1,3,1,1,1,1,1,1,1,1,2,1,-1,0,-1,1,1]",c,"[[{8, 1}, {2, 7}, {3, 6}, {4, 5}], [{8, 1}, {2, 7}, {4, 6}, {3, 5}], [{8, 1}, {2, 7}, {5, 6}, {3, 4}], [{8, 1}, {3, 7}, {2, 6}, {4, 5}], [{8, 1}, {3, 7}, {4, 6}, {2, 5}], [{8, 1}, {3, 7}, {5, 6}, {2, 4}], [{8, 1}, {3, 7}, {6}, {4, 5}, {2}], [{8, 1}, {4, 7}, {2, 6}, {3, 5}], [{8, 1}, {4, 7}, {3, 6}, {2, 5}], [{8, 1}, {4, 7}, {5, 6}, {2, 3}], [{8, 1}, {4, 7}, {6}, {5}, {2, 3}], [{8, 1}, {5, 7}, {2, 6}, {3, 4}], [{8, 1}, {5, 7}, {3, 6}, {2, 4}], [{8, 1}, {5, 7}, {4, 6}, {2, 3}], [{8, 1}, {6, 7}, {2, 5}, {3, 4}], [{8, 1}, {6, 7}, {3, 5}, {2, 4}], [{8, 1}, {6, 7}, {4, 5}, {2, 3}], [{8, 1}, {7}, {4, 6}, {3, 5}, {2}], [{8, 2}, {1, 7}, {3, 6}, {4, 5}], [{8, 2}, {1, 7}, {4, 6}, {3, 5}], [{8, 2}, {1, 7}, {5, 6}, {3, 4}], [{8, 2}, {1, 7}, {5, 6}, {4}, {3}], [{8, 2}, {3, 7}, {1, 6}, {4, 5}], [{8, 2}, {3, 7}, {1, 6}, {5}, {4}], [{8, 2}, {3, 7}, {4, 6}, {1, 5}], [{8, 2}, {3, 7}, {4, 6}, {5}, {1}], [{8, 2}, {3, 7}, {5, 6}, {1, 4}], [{8, 2}, {3, 7}, {5, 6}, {4}, {1}], [{8, 2}, {3, 7}, {6}, {1, 5}, {4}], [{8, 2}, {3, 7}, {6}, {4, 5}, {1}], [{8, 2}, {3, 7}, {6}, {5}, {1, 4}], [{8, 2}, {4, 7}, {1, 6}, {3, 5}], [{8, 2}, {4, 7}, {3, 6}, {1, 5}], [{8, 2}, {4, 7}, {3, 6}, {5}, {1}], [{8, 2}, {4, 7}, {5, 6}, {1, 3}], [{8, 2}, {4, 7}, {5, 6}, {3}, {1}], [{8, 2}, {4, 7}, {6}, {3, 5}, {1}], [{8, 2}, {5, 7}, {1, 6}, {3, 4}], [{8, 2}, {5, 7}, {3, 6}, {1, 4}], [{8, 2}, {5, 7}, {4, 6}, {1, 3}], [{8, 2}, {6, 7}, {1, 5}, {3, 4}], [{8, 2}, {6, 7}, {3, 5}, {1, 4}], [{8, 2}, {6, 7}, {4, 5}, {1, 3}], [{8, 2}, {7}, {1, 6}, {4, 5}, {3}], [{8, 2}, {7}, {4, 6}, {1, 5}, {3}], [{8, 2}, {7}, {5, 6}, {1, 4}, {3}], [{8, 2}, {7}, {5, 6}, {3, 4}, {1}], [{8, 2}, {7}, {5, 6}, {4}, {1, 3}], [{8, 2}, {7}, {5, 6}, {4}, {3}, {1}], [{8, 3}, {1, 7}, {2, 6}, {4, 5}], [{8, 3}, {1, 7}, {4, 6}, {2, 5}], [{8, 3}, {1, 7}, {5, 6}, {2, 4}], [{8, 3}, {2, 7}, {1, 6}, {4, 5}], [{8, 3}, {2, 7}, {1, 6}, {5}, {4}], [{8, 3}, {2, 7}, {4, 6}, {1, 5}], [{8, 3}, {2, 7}, {4, 6}, {5}, {1}], [{8, 3}, {2, 7}, {5, 6}, {1, 4}], [{8, 3}, {2, 7}, {5, 6}, {4}, {1}], [{8, 3}, {2, 7}, {6}, {1, 5}, {4}], [{8, 3}, {2, 7}, {6}, {4, 5}, {1}], [{8, 3}, {2, 7}, {6}, {5}, {1, 4}], [{8, 3}, {4, 7}, {1, 6}, {2, 5}], [{8, 3}, {4, 7}, {2, 6}, {1, 5}], [{8, 3}, {4, 7}, {5, 6}, {1, 2}], [{8, 3}, {5, 7}, {1, 6}, {2, 4}], [{8, 3}, {5, 7}, {2, 6}, {1, 4}], [{8, 3}, {5, 7}, {4, 6}, {1, 2}], [{8, 3}, {6, 7}, {1, 5}, {2, 4}], [{8, 3}, {6, 7}, {2, 5}, {1, 4}], [{8, 3}, {6, 7}, {4, 5}, {1, 2}], [{8, 3}, {7}, {1, 6}, {4, 5}, {2}], [{8, 3}, {7}, {4, 6}, {1, 5}, {2}], [{8, 3}, {7}, {5, 6}, {1, 4}, {2}], [{8, 4}, {1, 7}, {2, 6}, {3, 5}], [{8, 4}, {1, 7}, {3, 6}, {2, 5}], [{8, 4}, {1, 7}, {3, 6}, {5}, {2}], [{8, 4}, {1, 7}, {5, 6}, {2, 3}], [{8, 4}, {2, 7}, {1, 6}, {3, 5}], [{8, 4}, {2, 7}, {3, 6}, {1, 5}], [{8, 4}, {2, 7}, {5, 6}, {1, 3}], [{8, 4}, {3, 7}, {1, 6}, {2, 5}], [{8, 4}, {3, 7}, {1, 6}, {5}, {2}], [{8, 4}, {3, 7}, {2, 6}, {1, 5}], [{8, 4}, {3, 7}, {5, 6}, {1, 2}], [{8, 4}, {5, 7}, {1, 6}, {2, 3}], [{8, 4}, {5, 7}, {1, 6}, {3}, {2}], [{8, 4}, {5, 7}, {2, 6}, {1, 3}], [{8, 4}, {5, 7}, {2, 6}, {3}, {1}], [{8, 4}, {5, 7}, {3, 6}, {1, 2}], [{8, 4}, {5, 7}, {6}, {3}, {1, 2}], [{8, 4}, {6, 7}, {1, 5}, {2, 3}], [{8, 4}, {6, 7}, {2, 5}, {1, 3}], [{8, 4}, {6, 7}, {3, 5}, {1, 2}], [{8, 4}, {6, 7}, {5}, {2, 3}, {1}], [{8, 4}, {7}, {1, 6}, {3, 5}, {2}], [{8, 5}, {1, 7}, {2, 6}, {3, 4}], [{8, 5}, {1, 7}, {3, 6}, {2, 4}], [{8, 5}, {1, 7}, {4, 6}, {2, 3}], [{8, 5}, {2, 7}, {1, 6}, {3, 4}], [{8, 5}, {2, 7}, {3, 6}, {1, 4}], [{8, 5}, {2, 7}, {4, 6}, {1, 3}], [{8, 5}, {2, 7}, {6}, {1, 4}, {3}], [{8, 5}, {3, 7}, {1, 6}, {2, 4}], [{8, 5}, {3, 7}, {1, 6}, {4}, {2}], [{8, 5}, {3, 7}, {2, 6}, {1, 4}], [{8, 5}, {3, 7}, {4, 6}, {1, 2}], [{8, 5}, {4, 7}, {1, 6}, {2, 3}], [{8, 5}, {4, 7}, {2, 6}, {1, 3}], [{8, 5}, {4, 7}, {3, 6}, {1, 2}], [{8, 5}, {6, 7}, {1, 4}, {2, 3}], [{8, 5}, {6, 7}, {2, 4}, {1, 3}], [{8, 5}, {6, 7}, {3, 4}, {1, 2}], [{8, 5}, {6, 7}, {3, 4}, {2}, {1}], [{8, 5}, {7}, {1, 6}, {2, 4}, {3}], [{8, 6}, {1, 7}, {2, 5}, {3, 4}], [{8, 6}, {1, 7}, {3, 5}, {2, 4}], [{8, 6}, {1, 7}, {4, 5}, {2, 3}], [{8, 6}, {2, 7}, {1, 5}, {3, 4}], [{8, 6}, {2, 7}, {3, 5}, {1, 4}], [{8, 6}, {2, 7}, {4, 5}, {1, 3}], [{8, 6}, {2, 7}, {5}, {1, 4}, {3}], [{8, 6}, {3, 7}, {1, 5}, {2, 4}], [{8, 6}, {3, 7}, {2, 5}, {1, 4}], [{8, 6}, {3, 7}, {4, 5}, {1, 2}], [{8, 6}, {3, 7}, {4, 5}, {2}, {1}], [{8, 6}, {4, 7}, {1, 5}, {2, 3}], [{8, 6}, {4, 7}, {2, 5}, {1, 3}], [{8, 6}, {4, 7}, {3, 5}, {1, 2}], [{8, 6}, {5, 7}, {1, 4}, {2, 3}], [{8, 6}, {5, 7}, {2, 4}, {1, 3}], [{8, 6}, {5, 7}, {3, 4}, {1, 2}], [{8, 6}, {7}, {1, 5}, {2, 4}, {3}], [{8, 6}, {7}, {3, 5}, {1, 4}, {2}], [{8, 7}, {1, 6}, {2, 5}, {3, 4}], [{8, 7}, {1, 6}, {3, 5}, {2, 4}], [{8, 7}, {1, 6}, {4, 5}, {2, 3}], [{8, 7}, {1, 6}, {4, 5}, {3}, {2}], [{8, 7}, {1, 6}, {5}, {4}, {2, 3}], [{8, 7}, {2, 6}, {1, 5}, {3, 4}], [{8, 7}, {2, 6}, {3, 5}, {1, 4}], [{8, 7}, {2, 6}, {4, 5}, {1, 3}], [{8, 7}, {2, 6}, {5}, {4}, {1, 3}], [{8, 7}, {3, 6}, {1, 5}, {2, 4}], [{8, 7}, {3, 6}, {2, 5}, {1, 4}], [{8, 7}, {3, 6}, {4, 5}, {1, 2}], [{8, 7}, {4, 6}, {1, 5}, {2, 3}], [{8, 7}, {4, 6}, {1, 5}, {3}, {2}], [{8, 7}, {4, 6}, {2, 5}, {1, 3}], [{8, 7}, {4, 6}, {2, 5}, {3}, {1}], [{8, 7}, {4, 6}, {3, 5}, {1, 2}], [{8, 7}, {4, 6}, {3, 5}, {2}, {1}], [{8, 7}, {4, 6}, {5}, {1, 3}, {2}], [{8, 7}, {4, 6}, {5}, {2, 3}, {1}], [{8, 7}, {4, 6}, {5}, {3}, {1, 2}], [{8, 7}, {4, 6}, {5}, {3}, {2}, {1}], [{8, 7}, {5, 6}, {1, 4}, {2, 3}], [{8, 7}, {5, 6}, {1, 4}, {3}, {2}], [{8, 7}, {5, 6}, {2, 4}, {1, 3}], [{8, 7}, {5, 6}, {3, 4}, {1, 2}], [{8, 7}, {5, 6}, {4}, {2, 3}, {1}], [{8, 7}, {6}, {1, 5}, {4}, {2, 3}], [{8, 7}, {6}, {4, 5}, {2, 3}, {1}], [{8, 7}, {6}, {5}, {1, 4}, {2, 3}], [{8, 7}, {6}, {5}, {2, 4}, {1, 3}], [{8}, {1, 7}, {2, 6}, {3, 5}, {4}], [{8}, {1, 7}, {3, 6}, {2, 5}, {4}], [{8}, {1, 7}, {4, 6}, {3, 5}, {2}], [{8}, {1, 7}, {6}, {3, 5}, {2, 4}], [{8}, {2, 7}, {1, 6}, {4, 5}, {3}], [{8}, {2, 7}, {3, 6}, {5}, {1, 4}], [{8}, {2, 7}, {4, 6}, {1, 5}, {3}], [{8}, {2, 7}, {5, 6}, {1, 4}, {3}], [{8}, {2, 7}, {6}, {3, 5}, {1, 4}], [{8}, {2, 7}, {6}, {5}, {1, 4}, {3}], [{8}, {3, 7}, {1, 6}, {2, 5}, {4}], [{8}, {3, 7}, {1, 6}, {4, 5}, {2}], [{8}, {3, 7}, {1, 6}, {5}, {2, 4}], [{8}, {3, 7}, {1, 6}, {5}, {4}, {2}], [{8}, {3, 7}, {2, 6}, {4, 5}, {1}], [{8}, {3, 7}, {4, 6}, {1, 5}, {2}], [{8}, {3, 7}, {5, 6}, {1, 4}, {2}], [{8}, {3, 7}, {6}, {4, 5}, {1, 2}], [{8}, {3, 7}, {6}, {4, 5}, {2}, {1}], [{8}, {4, 7}, {3, 6}, {1, 5}, {2}], [{8}, {6, 7}, {3, 5}, {4}, {1, 2}], [{8}, {7}, {1, 6}, {4, 5}, {2, 3}], [{8}, {7}, {4, 6}, {1, 5}, {2, 3}], [{8}, {7}, {4, 6}, {2, 5}, {1, 3}], [{8}, {7}, {5, 6}, {1, 4}, {2, 3}]]",2,24 K_1^3 + 4 K_1^2 K_2 - 16 K_1^2 - 18 K_1 K_2 - 4 K_1 K_3 - 9 K_1 + 8 K_2 + 3 K_3 + K_4 + 8,O1O2O3O4U1U2U5O6O5U4O7U3U6O8U7U8,O1O2O3U4U5U2U3O6O7U6O8O5U7O4U1U8,O1O2O3U4U3O5U6O7O4U8O6O8U1U2U7U5,c,{'O1O2O3O4U5U6O5U7U2O6U1O8O7U8U3U4'},1,"<a href=""/flatknot/8.857718"">8.857718</a>",t^9-45t^7-120t^6+56t^5+388t^4+204t^3-128t^2-43t+12,-t^3+3t,,
8.857719,O1O2O3O4U5U6O5U7U2O6U1O8O7U8U4U3,4,4z^3+41z^2+114z+97,4w^4z^3+41w^3z^2+114w^2z+97w,False,False,"[[ 0 -1  0  2  2 -1 -1  0 -1],[ 1  0  1  2  1  0  1  1 -1],[ 0 -1  0  0 -1  0  1  1 -1],[-2 -2  0  0  0 -3 -2  0 -1],[-2 -1  1  0  0 -3 -2  0 -1],[ 1  0  0  3  3  0 -1  0 -1],[ 1 -1 -1  2  2  1  0  0  0],[ 0 -1 -1  0  0  0  0  0 -1],[ 1  1  1  1  1  1  0  1  0]]","[[ 0  2  2  0  0 -1 -1 -1 -1],[-2  0  0  1  0 -1 -1 -2 -3],[-2  0  0  0  0 -1 -2 -2 -3],[ 0 -1  0  0  1 -1 -1  1  0],[ 0  0  0 -1  0 -1 -1  0  0],[ 1  1  1  1  1  0  1  0  1],[ 1  1  2  1  1 -1  0  1  0],[ 1  2  2 -1  0  0 -1  0  1],[ 1  3  3  0  0 -1  0 -1  0]]",True,"[-2,-2,0,0,1,1,1,1,0,-1,0,1,1,2,3,0,0,1,2,2,3,-1,1,1,-1,0,1,1,0,0,-1,0,-1,-1,0,-1]","[-2,-2,0,0,1,1,1,1,0,-1,0,1,1,2,3,0,0,1,2,2,3,-1,1,1,-1,0,1,1,0,0,-1,0,-1,-1,0,-1]",t^8+44t^6+316t^4+219t^2+4,"[-1,-1,-1,-1,0,0,2,2,-1,-1,0,0,0,2,2,0,-1,0,0,1,2,1,1,1,0,0,1,2,1,1,1,2,2,2,3,0]","[-2,-2,0,0,1,1,1,1,0,2,2,0,1,1,2,2,3,0,1,2,2,-1,1,1,0,0,1,2,0,0,-1,0,-1,-1,0,-1]","[-1,-1,-1,-1,0,0,2,2,-1,-1,0,0,0,3,3,0,-1,-1,0,2,2,1,1,1,1,1,1,1,1,2,1,-1,0,0,0,0]",c,"[[{8, 3}, {1, 7}, {2, 6}, {4, 5}], [{8, 7}, {4, 6}, {2, 5}, {1, 3}]]",1,12 K_1^3 - 8 K_1^2 - 16 K_1 K_2 - K_1 + 4 K_2 + 5 K_3 + 5,O1O2O3O4U2U1U5O6O5U4O7U3U6O8U7U8,O1O2O3U4U5U3U2O6O7U6O8O5U7O4U1U8,O1O2O3U4U3O5U6O7O4U8O6O8U2U1U7U5,c,{'O1O2O3O4U5U6O5U7U2O6U1O8O7U8U4U3'},1,"<a href=""/flatknot/8.857719"">8.857719</a>",t^9-40t^7-80t^6+122t^5+318t^4+4t^3-184t^2-3t+6,-2t^2+4t,,
8.857720,O1O2O3O4U5U6O5U7U2O6U3O8O7U1U8U4,3,8z^2+51z+71,-8w^4z^2+16w^3z^2-24w^3z+75w^2z+71w,False,False,"[[ 0 -2  0  1  3 -1 -1  0  0],[ 2  0  1  2  4  1  1  1  0],[ 0 -1  0  0  0  0  1  0 -1],[-1 -2  0  0  0 -2  0  0 -1],[-3 -4  0  0  0 -4 -3 -1 -1],[ 1 -1  0  2  4  0 -1  0  0],[ 1 -1 -1  0  3  1  0  0  1],[ 0 -1  0  0  1  0  0  0  0],[ 0  0  1  1  1  0 -1  0  0]]","[[ 0  3  1  0  0  0 -1 -1 -2],[-3  0  0  0 -1 -1 -3 -4 -4],[-1  0  0  0  0 -1  0 -2 -2],[ 0  0  0  0  0 -1  1  0 -1],[ 0  1  0  0  0  0  0  0 -1],[ 0  1  1  1  0  0 -1  0  0],[ 1  3  0 -1  0  1  0  1 -1],[ 1  4  2  0  0  0 -1  0 -1],[ 2  4  2  1  1  0  1  1  0]]",True,"[-3,-1,0,0,0,1,1,2,0,0,1,1,3,4,4,0,0,1,0,2,2,0,1,-1,0,1,0,0,0,1,1,0,0,-1,1,1]","[-3,-1,0,0,0,1,1,2,0,0,1,1,3,4,4,0,0,1,0,2,2,0,1,-1,0,1,0,0,0,1,1,0,0,-1,1,1]",t^8+60t^6+364t^4+180t^2,"[-2,-1,-1,0,0,0,1,3,0,0,1,1,2,1,1,-1,1,2,0,2,1,1,1,1,0,0,0,0,1,2,1,1,3,0,2,2]","[-3,-1,0,0,0,1,1,2,2,2,2,3,0,1,1,0,1,1,0,2,1,0,1,1,0,2,0,1,1,1,1,2,1,-1,0,0]","[-2,-1,-1,0,0,0,1,3,1,1,0,1,1,2,4,-1,0,0,0,2,4,1,-1,0,0,3,1,0,1,1,0,0,0,0,1,0]",c,"[[{8, 3}, {6, 7}, {2, 5}, {1, 4}], [{8, 3}, {7}, {6}, {2, 5}, {1, 4}]]",1,16 K_1^3 - 22 K_1^2 - 14 K_1 K_2 - 5 K_1 + 11 K_2 + 3 K_3 + 12,O1O2O3O4U1U5U4O6O5U2O7U3U6O8U7U8,O1O2O3U1U4U5U3O6O7U6O8O4U7O5U2U8,O1O2O3U4U2O5U6O7O4U8O6O8U1U5U7U3,c,{'O1O2O3O4U5U6O5U7U2O6U3O8O7U1U8U4'},1,"<a href=""/flatknot/8.857720"">8.857720</a>",t^9-56t^7-118t^6+153t^5+318t^4-210t^3-168t^2+120t-24,-t^3+t^2+t,,
8.857721,O1O2O3O4U5U6O5U7U2O6U3O8O7U4U1U8,4,8z^2+61z+91,8w^3z^2+61w^2z+91w,False,False,"[[ 0 -1  0  1  1 -1 -1  0  1],[ 1  0  0  1  2  0  0  0  1],[ 0  0  0  0  0  0  1  0  0],[-1 -1  0  0  0 -2  0  0  0],[-1 -2  0  0  0 -2 -1  0  0],[ 1  0  0  2  2  0 -1  0  1],[ 1  0 -1  0  1  1  0  0  2],[ 0  0  0  0  0  0  0  0  1],[-1 -1  0  0  0 -1 -2 -1  0]]","[[ 0  1  1  1  0  0 -1 -1 -1],[-1  0  0  0  0  0  0 -1 -2],[-1  0  0  0  0  0 -1 -2 -2],[-1  0  0  0  0 -1 -2 -1 -1],[ 0  0  0  0  0  0  1  0  0],[ 0  0  0  1  0  0  0  0  0],[ 1  0  1  2 -1  0  0  0  1],[ 1  1  2  1  0  0  0  0  0],[ 1  2  2  1  0  0 -1  0  0]]",True,"[-1,-1,-1,0,0,1,1,1,0,0,0,0,0,1,2,0,0,0,1,2,2,0,1,2,1,1,0,-1,0,0,0,0,0,0,-1,0]","[-1,-1,-1,0,0,1,1,1,-1,0,0,0,1,2,2,0,-1,0,2,0,1,0,0,1,1,2,0,0,0,0,1,0,0,0,0,0]",t^8+23t^6+85t^4+41t^2+4,"[-1,-1,-1,0,0,1,1,1,-1,0,1,2,0,1,2,0,1,1,1,0,0,1,1,1,0,1,0,0,1,1,1,1,1,0,0,0]","[-1,-1,-1,0,0,1,1,1,0,0,0,1,0,1,1,0,1,1,1,0,0,1,1,2,0,1,0,1,1,1,2,1,1,1,0,0]","[-1,-1,-1,0,0,1,1,1,-1,0,0,0,1,2,2,0,-1,0,2,0,1,0,0,1,1,2,0,0,0,0,1,0,0,0,0,0]",c,"[[{8, 2}, {4, 7}, {3, 6}, {1, 5}], [{8, 2}, {4, 7}, {3, 6}, {5}, {1}], [{8, 6}, {2, 7}, {4, 5}, {1, 3}], [{8, 6}, {7}, {4, 5}, {1, 3}, {2}]]",1,- 12 K_1^2 + 6 K_2 + 7,O1O2O3O4U5U4U1O6O5U2O7U3U6O8U7U8,O1O2O3U2U4U5U1O6O7U6O8O4U7O5U3U8,O1O2O3U4U1O5U6O7O4U8O6O8U3U5U7U2,c,"{'O1O2O3U4O5U6U7O4U2O6U3O8U5O7U1U8', 'O1O2O3O4U5U6O5U7U2O6U3O8O7U4U1U8'}",2,"<a href=""/flatknot/8.857721"">8.857721</a>",t^9-23t^7-10t^6+83t^5+2t^4-37t^3+2t^2+3t,0,,
8.857722,O1O2O3O4U5U6O5U7U2O6U3O8O7U8U1U4,4,13z^2+82z+113,13w^3z^2+82w^2z+113w,False,False,"[[ 0 -1  0  1  3 -1 -1  0 -1],[ 1  0  1  2  3  0  0  1 -1],[ 0 -1  0  0  0  0  1  0 -1],[-1 -2  0  0  0 -2  0  0 -1],[-3 -3  0  0  0 -4 -3 -1 -1],[ 1  0  0  2  4  0 -1  0 -1],[ 1  0 -1  0  3  1  0  0  0],[ 0 -1  0  0  1  0  0  0 -1],[ 1  1  1  1  1  1  0  1  0]]","[[ 0  3  1  0  0 -1 -1 -1 -1],[-3  0  0  0 -1 -1 -3 -3 -4],[-1  0  0  0  0 -1  0 -2 -2],[ 0  0  0  0  0 -1  1 -1  0],[ 0  1  0  0  0 -1  0 -1  0],[ 1  1  1  1  1  0  0  1  1],[ 1  3  0 -1  0  0  0  0  1],[ 1  3  2  1  1 -1  0  0  0],[ 1  4  2  0  0 -1 -1  0  0]]",True,"[-3,-1,0,0,1,1,1,1,0,0,1,1,3,3,4,0,0,1,0,2,2,0,1,-1,1,0,1,0,1,0,0,-1,-1,0,-1,0]","[-3,-1,0,0,1,1,1,1,0,0,1,1,3,3,4,0,0,1,0,2,2,0,1,-1,1,0,1,0,1,0,0,-1,-1,0,-1,0]",t^8+53t^6+319t^4+164t^2+1,"[-1,-1,-1,-1,0,0,1,3,-1,-1,0,0,0,1,3,0,0,0,0,0,1,1,1,1,0,0,1,2,2,1,0,1,2,1,3,2]","[-3,-1,0,0,1,1,1,1,2,2,3,0,1,1,3,1,1,0,0,2,1,0,1,0,1,0,1,0,2,0,0,-1,-1,0,-1,0]","[-1,-1,-1,-1,0,0,1,3,-1,-1,0,0,0,2,4,0,0,-1,0,0,3,1,1,1,1,1,1,1,2,3,0,0,0,0,1,0]",c,"[[{8, 1}, {2, 7}, {3, 6}, {4, 5}], [{8, 1}, {2, 7}, {4, 6}, {3, 5}], [{8, 1}, {2, 7}, {5, 6}, {3, 4}], [{8, 1}, {2, 7}, {6}, {4, 5}, {3}], [{8, 1}, {3, 7}, {2, 6}, {4, 5}], [{8, 1}, {3, 7}, {4, 6}, {2, 5}], [{8, 1}, {3, 7}, {5, 6}, {2, 4}], [{8, 1}, {4, 7}, {2, 6}, {3, 5}], [{8, 1}, {4, 7}, {3, 6}, {2, 5}], [{8, 1}, {4, 7}, {5, 6}, {2, 3}], [{8, 1}, {5, 7}, {2, 6}, {3, 4}], [{8, 1}, {5, 7}, {3, 6}, {2, 4}], [{8, 1}, {5, 7}, {4, 6}, {2, 3}], [{8, 1}, {6, 7}, {2, 5}, {3, 4}], [{8, 1}, {6, 7}, {3, 5}, {2, 4}], [{8, 1}, {6, 7}, {4, 5}, {2, 3}], [{8, 1}, {7}, {2, 6}, {3, 5}, {4}], [{8, 1}, {7}, {4, 6}, {3, 5}, {2}], [{8, 1}, {7}, {6}, {3, 5}, {2, 4}], [{8, 2}, {1, 7}, {3, 6}, {4, 5}], [{8, 2}, {1, 7}, {3, 6}, {5}, {4}], [{8, 2}, {1, 7}, {4, 6}, {3, 5}], [{8, 2}, {1, 7}, {4, 6}, {5}, {3}], [{8, 2}, {1, 7}, {5, 6}, {3, 4}], [{8, 2}, {1, 7}, {5, 6}, {4}, {3}], [{8, 2}, {1, 7}, {6}, {3, 5}, {4}], [{8, 2}, {1, 7}, {6}, {4, 5}, {3}], [{8, 2}, {1, 7}, {6}, {5}, {3, 4}], [{8, 2}, {3, 7}, {1, 6}, {4, 5}], [{8, 2}, {3, 7}, {4, 6}, {1, 5}], [{8, 2}, {3, 7}, {5, 6}, {1, 4}], [{8, 2}, {3, 7}, {6}, {4, 5}, {1}], [{8, 2}, {4, 7}, {1, 6}, {3, 5}], [{8, 2}, {4, 7}, {3, 6}, {1, 5}], [{8, 2}, {4, 7}, {5, 6}, {1, 3}], [{8, 2}, {4, 7}, {6}, {3, 5}, {1}], [{8, 2}, {5, 7}, {1, 6}, {3, 4}], [{8, 2}, {5, 7}, {3, 6}, {1, 4}], [{8, 2}, {5, 7}, {4, 6}, {1, 3}], [{8, 2}, {5, 7}, {6}, {3, 4}, {1}], [{8, 2}, {6, 7}, {1, 5}, {3, 4}], [{8, 2}, {6, 7}, {3, 5}, {1, 4}], [{8, 2}, {6, 7}, {3, 5}, {4}, {1}], [{8, 2}, {6, 7}, {4, 5}, {1, 3}], [{8, 2}, {6, 7}, {4, 5}, {3}, {1}], [{8, 2}, {6, 7}, {5}, {3, 4}, {1}], [{8, 2}, {7}, {1, 6}, {3, 5}, {4}], [{8, 2}, {7}, {1, 6}, {4, 5}, {3}], [{8, 2}, {7}, {1, 6}, {5}, {3, 4}], [{8, 2}, {7}, {3, 6}, {4, 5}, {1}], [{8, 2}, {7}, {4, 6}, {3, 5}, {1}], [{8, 2}, {7}, {5, 6}, {3, 4}, {1}], [{8, 2}, {7}, {6}, {1, 5}, {3, 4}], [{8, 2}, {7}, {6}, {3, 5}, {1, 4}], [{8, 2}, {7}, {6}, {3, 5}, {4}, {1}], [{8, 2}, {7}, {6}, {4, 5}, {1, 3}], [{8, 2}, {7}, {6}, {4, 5}, {3}, {1}], [{8, 2}, {7}, {6}, {5}, {3, 4}, {1}], [{8, 3}, {1, 7}, {2, 6}, {4, 5}], [{8, 3}, {1, 7}, {4, 6}, {2, 5}], [{8, 3}, {1, 7}, {5, 6}, {2, 4}], [{8, 3}, {1, 7}, {6}, {4, 5}, {2}], [{8, 3}, {2, 7}, {1, 6}, {4, 5}], [{8, 3}, {2, 7}, {4, 6}, {1, 5}], [{8, 3}, {2, 7}, {5, 6}, {1, 4}], [{8, 3}, {2, 7}, {6}, {1, 5}, {4}], [{8, 3}, {4, 7}, {1, 6}, {2, 5}], [{8, 3}, {4, 7}, {2, 6}, {1, 5}], [{8, 3}, {4, 7}, {5, 6}, {1, 2}], [{8, 3}, {4, 7}, {6}, {5}, {1, 2}], [{8, 3}, {5, 7}, {1, 6}, {2, 4}], [{8, 3}, {5, 7}, {2, 6}, {1, 4}], [{8, 3}, {5, 7}, {4, 6}, {1, 2}], [{8, 3}, {5, 7}, {6}, {2, 4}, {1}], [{8, 3}, {6, 7}, {1, 5}, {2, 4}], [{8, 3}, {6, 7}, {2, 5}, {1, 4}], [{8, 3}, {6, 7}, {4, 5}, {1, 2}], [{8, 3}, {6, 7}, {4, 5}, {2}, {1}], [{8, 3}, {7}, {1, 6}, {4, 5}, {2}], [{8, 3}, {7}, {2, 6}, {5}, {1, 4}], [{8, 3}, {7}, {4, 6}, {1, 5}, {2}], [{8, 3}, {7}, {5, 6}, {1, 4}, {2}], [{8, 3}, {7}, {6}, {2, 5}, {1, 4}], [{8, 4}, {1, 7}, {2, 6}, {3, 5}], [{8, 4}, {1, 7}, {3, 6}, {2, 5}], [{8, 4}, {1, 7}, {3, 6}, {5}, {2}], [{8, 4}, {1, 7}, {5, 6}, {2, 3}], [{8, 4}, {2, 7}, {1, 6}, {3, 5}], [{8, 4}, {2, 7}, {3, 6}, {1, 5}], [{8, 4}, {2, 7}, {3, 6}, {5}, {1}], [{8, 4}, {2, 7}, {5, 6}, {1, 3}], [{8, 4}, {3, 7}, {1, 6}, {2, 5}], [{8, 4}, {3, 7}, {1, 6}, {5}, {2}], [{8, 4}, {3, 7}, {2, 6}, {1, 5}], [{8, 4}, {3, 7}, {5, 6}, {1, 2}], [{8, 4}, {5, 7}, {1, 6}, {2, 3}], [{8, 4}, {5, 7}, {1, 6}, {3}, {2}], [{8, 4}, {5, 7}, {2, 6}, {1, 3}], [{8, 4}, {5, 7}, {3, 6}, {1, 2}], [{8, 4}, {6, 7}, {1, 5}, {2, 3}], [{8, 4}, {6, 7}, {2, 5}, {1, 3}], [{8, 4}, {6, 7}, {3, 5}, {1, 2}], [{8, 4}, {7}, {1, 6}, {3, 5}, {2}], [{8, 4}, {7}, {2, 6}, {3, 5}, {1}], [{8, 4}, {7}, {3, 6}, {5}, {1, 2}], [{8, 4}, {7}, {5, 6}, {1, 3}, {2}], [{8, 4}, {7}, {5, 6}, {2, 3}, {1}], [{8, 4}, {7}, {5, 6}, {3}, {1, 2}], [{8, 4}, {7}, {6}, {3, 5}, {1, 2}], [{8, 5}, {1, 7}, {2, 6}, {3, 4}], [{8, 5}, {1, 7}, {3, 6}, {2, 4}], [{8, 5}, {1, 7}, {3, 6}, {4}, {2}], [{8, 5}, {1, 7}, {4, 6}, {2, 3}], [{8, 5}, {2, 7}, {1, 6}, {3, 4}], [{8, 5}, {2, 7}, {3, 6}, {1, 4}], [{8, 5}, {2, 7}, {4, 6}, {1, 3}], [{8, 5}, {2, 7}, {6}, {1, 4}, {3}], [{8, 5}, {3, 7}, {1, 6}, {2, 4}], [{8, 5}, {3, 7}, {2, 6}, {1, 4}], [{8, 5}, {3, 7}, {4, 6}, {1, 2}], [{8, 5}, {4, 7}, {1, 6}, {2, 3}], [{8, 5}, {4, 7}, {2, 6}, {1, 3}], [{8, 5}, {4, 7}, {3, 6}, {1, 2}], [{8, 5}, {6, 7}, {1, 4}, {2, 3}], [{8, 5}, {6, 7}, {1, 4}, {3}, {2}], [{8, 5}, {6, 7}, {2, 4}, {1, 3}], [{8, 5}, {6, 7}, {3, 4}, {1, 2}], [{8, 5}, {7}, {2, 6}, {1, 4}, {3}], [{8, 5}, {7}, {3, 6}, {2, 4}, {1}], [{8, 5}, {7}, {4, 6}, {1, 3}, {2}], [{8, 6}, {1, 7}, {2, 5}, {3, 4}], [{8, 6}, {1, 7}, {3, 5}, {2, 4}], [{8, 6}, {1, 7}, {4, 5}, {2, 3}], [{8, 6}, {1, 7}, {4, 5}, {3}, {2}], [{8, 6}, {2, 7}, {1, 5}, {3, 4}], [{8, 6}, {2, 7}, {3, 5}, {1, 4}], [{8, 6}, {2, 7}, {4, 5}, {1, 3}], [{8, 6}, {3, 7}, {1, 5}, {2, 4}], [{8, 6}, {3, 7}, {1, 5}, {4}, {2}], [{8, 6}, {3, 7}, {2, 5}, {1, 4}], [{8, 6}, {3, 7}, {4, 5}, {1, 2}], [{8, 6}, {3, 7}, {4, 5}, {2}, {1}], [{8, 6}, {3, 7}, {5}, {1, 4}, {2}], [{8, 6}, {4, 7}, {1, 5}, {2, 3}], [{8, 6}, {4, 7}, {2, 5}, {1, 3}], [{8, 6}, {4, 7}, {3, 5}, {1, 2}], [{8, 6}, {5, 7}, {1, 4}, {2, 3}], [{8, 6}, {5, 7}, {1, 4}, {3}, {2}], [{8, 6}, {5, 7}, {2, 4}, {1, 3}], [{8, 6}, {5, 7}, {3, 4}, {1, 2}], [{8, 6}, {7}, {3, 5}, {1, 4}, {2}], [{8, 6}, {7}, {3, 5}, {2, 4}, {1}], [{8, 6}, {7}, {3, 5}, {4}, {1, 2}], [{8, 6}, {7}, {4, 5}, {1, 3}, {2}], [{8, 7}, {1, 6}, {2, 5}, {3, 4}], [{8, 7}, {1, 6}, {3, 5}, {2, 4}], [{8, 7}, {1, 6}, {4, 5}, {2, 3}], [{8, 7}, {1, 6}, {5}, {2, 4}, {3}], [{8, 7}, {1, 6}, {5}, {3, 4}, {2}], [{8, 7}, {1, 6}, {5}, {4}, {2, 3}], [{8, 7}, {2, 6}, {1, 5}, {3, 4}], [{8, 7}, {2, 6}, {3, 5}, {1, 4}], [{8, 7}, {2, 6}, {4, 5}, {1, 3}], [{8, 7}, {3, 6}, {1, 5}, {2, 4}], [{8, 7}, {3, 6}, {2, 5}, {1, 4}], [{8, 7}, {3, 6}, {4, 5}, {1, 2}], [{8, 7}, {4, 6}, {1, 5}, {2, 3}], [{8, 7}, {4, 6}, {2, 5}, {1, 3}], [{8, 7}, {4, 6}, {3, 5}, {1, 2}], [{8, 7}, {4, 6}, {3, 5}, {2}, {1}], [{8, 7}, {4, 6}, {5}, {3}, {1, 2}], [{8, 7}, {5, 6}, {1, 4}, {2, 3}], [{8, 7}, {5, 6}, {2, 4}, {1, 3}], [{8, 7}, {5, 6}, {3, 4}, {1, 2}], [{8, 7}, {5, 6}, {4}, {1, 3}, {2}], [{8, 7}, {5, 6}, {4}, {2, 3}, {1}], [{8, 7}, {5, 6}, {4}, {3}, {1, 2}], [{8, 7}, {6}, {1, 5}, {4}, {2, 3}], [{8, 7}, {6}, {2, 5}, {1, 4}, {3}], [{8, 7}, {6}, {4, 5}, {3}, {1, 2}], [{8}, {1, 7}, {2, 6}, {4, 5}, {3}], [{8}, {1, 7}, {3, 6}, {2, 5}, {4}], [{8}, {1, 7}, {3, 6}, {4, 5}, {2}], [{8}, {1, 7}, {3, 6}, {5}, {2, 4}], [{8}, {1, 7}, {3, 6}, {5}, {4}, {2}], [{8}, {1, 7}, {4, 6}, {3, 5}, {2}], [{8}, {1, 7}, {5, 6}, {3, 4}, {2}], [{8}, {1, 7}, {6}, {4, 5}, {2, 3}], [{8}, {1, 7}, {6}, {4, 5}, {3}, {2}], [{8}, {2, 7}, {1, 6}, {5}, {3, 4}], [{8}, {2, 7}, {4, 6}, {3, 5}, {1}], [{8}, {3, 7}, {1, 6}, {2, 5}, {4}], [{8}, {3, 7}, {2, 6}, {4, 5}, {1}], [{8}, {3, 7}, {4, 6}, {2, 5}, {1}], [{8}, {3, 7}, {5, 6}, {2, 4}, {1}], [{8}, {3, 7}, {6}, {2, 5}, {1, 4}], [{8}, {4, 7}, {5, 6}, {1, 3}, {2}], [{8}, {4, 7}, {5, 6}, {2, 3}, {1}], [{8}, {4, 7}, {5, 6}, {3}, {1, 2}], [{8}, {5, 7}, {4, 6}, {2, 3}, {1}], [{8}, {6, 7}, {1, 5}, {3, 4}, {2}], [{8}, {6, 7}, {4, 5}, {2, 3}, {1}], [{8}, {7}, {1, 6}, {3, 5}, {2, 4}], [{8}, {7}, {1, 6}, {4, 5}, {2, 3}], [{8}, {7}, {2, 6}, {3, 5}, {1, 4}], [{8}, {7}, {2, 6}, {4, 5}, {1, 3}], [{8}, {7}, {4, 6}, {3, 5}, {1, 2}], [{8}, {7}, {4, 6}, {3, 5}, {2}, {1}]]",2,8 K_1^3 + 8 K_1^2 K_2 - 24 K_1^2 - 14 K_1 K_2 - 4 K_1 K_3 + K_1 + 10 K_2 + 5 K_3 + 11,O1O2O3O4U1U4U5O6O5U2O7U3U6O8U7U8,O1O2O3U2U4U5U3O6O7U6O8O4U7O5U1U8,O1O2O3U4U3O5U6O7O4U8O6O8U1U5U7U2,c,{'O1O2O3O4U5U6O5U7U2O6U3O8O7U8U1U4'},1,"<a href=""/flatknot/8.857722"">8.857722</a>",t^9-47t^7-64t^6+199t^5+206t^4-181t^3-24t^2-33t+6,-t^3+3t,,
8.857723,O1O2O3O4U5U6O5U7U2O6U4O8O7U1U3U8,4,4z^3+34z^2+107z+111,4w^4z^3+34w^3z^2+107w^2z+111w,False,False,"[[ 0 -2  0  1  2 -1 -1  0  1],[ 2  0  1  2  2  1  1  1  1],[ 0 -1  0  0  0  0  1  0  0],[-1 -2  0  0  1 -2 -1 -1  0],[-2 -2  0 -1  0 -3 -1 -1 -1],[ 1 -1  0  2  3  0 -1  0  1],[ 1 -1 -1  1  1  1  0  0  2],[ 0 -1  0  1  1  0  0  0  1],[-1 -1  0  0  1 -1 -2 -1  0]]","[[ 0  2  1  1  0  0 -1 -1 -2],[-2  0 -1 -1  0 -1 -1 -3 -2],[-1  1  0  0  0 -1 -1 -2 -2],[-1  1  0  0  0 -1 -2 -1 -1],[ 0  0  0  0  0  0  1  0 -1],[ 0  1  1  1  0  0  0  0 -1],[ 1  1  1  2 -1  0  0  1 -1],[ 1  3  2  1  0  0 -1  0 -1],[ 2  2  2  1  1  1  1  1  0]]",True,"[-2,-1,-1,0,0,1,1,2,1,1,0,1,1,3,2,0,0,1,1,2,2,0,1,2,1,1,0,-1,0,1,0,0,1,-1,1,1]","[-2,-1,-1,0,0,1,1,2,0,0,1,1,1,2,2,-1,1,2,1,0,2,1,1,0,1,0,0,0,0,1,1,1,2,0,0,0]",t^8+40t^6+174t^4+47t^2+1,"[-2,-1,-1,0,0,1,1,2,0,0,1,1,1,2,2,-1,1,2,1,0,2,1,1,0,1,0,0,0,0,1,1,1,2,0,0,0]","[-2,-1,-1,0,0,1,1,2,0,0,1,2,0,2,2,0,0,1,0,1,1,0,1,1,0,2,0,1,1,1,1,2,1,-1,0,0]","[-2,-1,-1,0,0,1,1,2,1,1,1,1,1,2,2,-1,0,0,1,2,3,-1,0,2,1,1,0,0,0,0,1,1,1,0,1,1]",c,"[[{8, 1}, {2, 7}, {3, 6}, {4, 5}], [{8, 1}, {2, 7}, {3, 6}, {5}, {4}], [{8, 1}, {2, 7}, {4, 6}, {3, 5}], [{8, 1}, {2, 7}, {4, 6}, {5}, {3}], [{8, 1}, {2, 7}, {5, 6}, {3, 4}], [{8, 1}, {2, 7}, {5, 6}, {4}, {3}], [{8, 1}, {2, 7}, {6}, {3, 5}, {4}], [{8, 1}, {2, 7}, {6}, {4, 5}, {3}], [{8, 1}, {2, 7}, {6}, {5}, {3, 4}], [{8, 1}, {2, 7}, {6}, {5}, {4}, {3}], [{8, 1}, {3, 7}, {2, 6}, {4, 5}], [{8, 1}, {3, 7}, {4, 6}, {2, 5}], [{8, 1}, {3, 7}, {5, 6}, {2, 4}], [{8, 1}, {3, 7}, {6}, {5}, {2, 4}], [{8, 1}, {4, 7}, {2, 6}, {3, 5}], [{8, 1}, {4, 7}, {3, 6}, {2, 5}], [{8, 1}, {4, 7}, {5, 6}, {2, 3}], [{8, 1}, {4, 7}, {6}, {5}, {2, 3}], [{8, 1}, {5, 7}, {2, 6}, {3, 4}], [{8, 1}, {5, 7}, {3, 6}, {2, 4}], [{8, 1}, {5, 7}, {4, 6}, {2, 3}], [{8, 1}, {6, 7}, {2, 5}, {3, 4}], [{8, 1}, {6, 7}, {3, 5}, {2, 4}], [{8, 1}, {6, 7}, {4, 5}, {2, 3}], [{8, 1}, {6, 7}, {4, 5}, {3}, {2}], [{8, 1}, {7}, {2, 6}, {4, 5}, {3}], [{8, 1}, {7}, {4, 6}, {3, 5}, {2}], [{8, 2}, {1, 7}, {3, 6}, {4, 5}], [{8, 2}, {1, 7}, {4, 6}, {3, 5}], [{8, 2}, {1, 7}, {5, 6}, {3, 4}], [{8, 2}, {3, 7}, {1, 6}, {4, 5}], [{8, 2}, {3, 7}, {4, 6}, {1, 5}], [{8, 2}, {3, 7}, {5, 6}, {1, 4}], [{8, 2}, {3, 7}, {5, 6}, {4}, {1}], [{8, 2}, {4, 7}, {1, 6}, {3, 5}], [{8, 2}, {4, 7}, {3, 6}, {1, 5}], [{8, 2}, {4, 7}, {5, 6}, {1, 3}], [{8, 2}, {4, 7}, {6}, {5}, {1, 3}], [{8, 2}, {5, 7}, {1, 6}, {3, 4}], [{8, 2}, {5, 7}, {1, 6}, {4}, {3}], [{8, 2}, {5, 7}, {3, 6}, {1, 4}], [{8, 2}, {5, 7}, {4, 6}, {1, 3}], [{8, 2}, {6, 7}, {1, 5}, {3, 4}], [{8, 2}, {6, 7}, {3, 5}, {1, 4}], [{8, 2}, {6, 7}, {4, 5}, {1, 3}], [{8, 2}, {6, 7}, {4, 5}, {3}, {1}], [{8, 2}, {6, 7}, {5}, {4}, {1, 3}], [{8, 2}, {7}, {4, 6}, {1, 5}, {3}], [{8, 2}, {7}, {4, 6}, {3, 5}, {1}], [{8, 2}, {7}, {4, 6}, {5}, {1, 3}], [{8, 2}, {7}, {5, 6}, {1, 4}, {3}], [{8, 3}, {1, 7}, {2, 6}, {4, 5}], [{8, 3}, {1, 7}, {4, 6}, {2, 5}], [{8, 3}, {1, 7}, {5, 6}, {2, 4}], [{8, 3}, {1, 7}, {5, 6}, {4}, {2}], [{8, 3}, {2, 7}, {1, 6}, {4, 5}], [{8, 3}, {2, 7}, {4, 6}, {1, 5}], [{8, 3}, {2, 7}, {5, 6}, {1, 4}], [{8, 3}, {4, 7}, {1, 6}, {2, 5}], [{8, 3}, {4, 7}, {1, 6}, {5}, {2}], [{8, 3}, {4, 7}, {2, 6}, {1, 5}], [{8, 3}, {4, 7}, {5, 6}, {1, 2}], [{8, 3}, {5, 7}, {1, 6}, {2, 4}], [{8, 3}, {5, 7}, {1, 6}, {4}, {2}], [{8, 3}, {5, 7}, {2, 6}, {1, 4}], [{8, 3}, {5, 7}, {4, 6}, {1, 2}], [{8, 3}, {6, 7}, {1, 5}, {2, 4}], [{8, 3}, {6, 7}, {1, 5}, {4}, {2}], [{8, 3}, {6, 7}, {2, 5}, {1, 4}], [{8, 3}, {6, 7}, {4, 5}, {1, 2}], [{8, 3}, {7}, {1, 6}, {4, 5}, {2}], [{8, 4}, {1, 7}, {2, 6}, {3, 5}], [{8, 4}, {1, 7}, {3, 6}, {2, 5}], [{8, 4}, {1, 7}, {5, 6}, {2, 3}], [{8, 4}, {2, 7}, {1, 6}, {3, 5}], [{8, 4}, {2, 7}, {3, 6}, {1, 5}], [{8, 4}, {2, 7}, {5, 6}, {1, 3}], [{8, 4}, {3, 7}, {1, 6}, {2, 5}], [{8, 4}, {3, 7}, {1, 6}, {5}, {2}], [{8, 4}, {3, 7}, {2, 6}, {1, 5}], [{8, 4}, {3, 7}, {5, 6}, {1, 2}], [{8, 4}, {5, 7}, {1, 6}, {2, 3}], [{8, 4}, {5, 7}, {1, 6}, {3}, {2}], [{8, 4}, {5, 7}, {2, 6}, {1, 3}], [{8, 4}, {5, 7}, {3, 6}, {1, 2}], [{8, 4}, {6, 7}, {1, 5}, {2, 3}], [{8, 4}, {6, 7}, {2, 5}, {1, 3}], [{8, 4}, {6, 7}, {2, 5}, {3}, {1}], [{8, 4}, {6, 7}, {3, 5}, {1, 2}], [{8, 4}, {7}, {1, 6}, {3, 5}, {2}], [{8, 4}, {7}, {6}, {2, 5}, {1, 3}], [{8, 5}, {1, 7}, {2, 6}, {3, 4}], [{8, 5}, {1, 7}, {3, 6}, {2, 4}], [{8, 5}, {1, 7}, {3, 6}, {4}, {2}], [{8, 5}, {1, 7}, {4, 6}, {2, 3}], [{8, 5}, {1, 7}, {4, 6}, {3}, {2}], [{8, 5}, {1, 7}, {6}, {3, 4}, {2}], [{8, 5}, {2, 7}, {1, 6}, {3, 4}], [{8, 5}, {2, 7}, {3, 6}, {1, 4}], [{8, 5}, {2, 7}, {4, 6}, {1, 3}], [{8, 5}, {3, 7}, {1, 6}, {2, 4}], [{8, 5}, {3, 7}, {1, 6}, {4}, {2}], [{8, 5}, {3, 7}, {2, 6}, {1, 4}], [{8, 5}, {3, 7}, {4, 6}, {1, 2}], [{8, 5}, {3, 7}, {4, 6}, {2}, {1}], [{8, 5}, {3, 7}, {6}, {1, 4}, {2}], [{8, 5}, {4, 7}, {1, 6}, {2, 3}], [{8, 5}, {4, 7}, {1, 6}, {3}, {2}], [{8, 5}, {4, 7}, {2, 6}, {1, 3}], [{8, 5}, {4, 7}, {3, 6}, {1, 2}], [{8, 5}, {4, 7}, {3, 6}, {2}, {1}], [{8, 5}, {4, 7}, {6}, {1, 3}, {2}], [{8, 5}, {6, 7}, {1, 4}, {2, 3}], [{8, 5}, {6, 7}, {1, 4}, {3}, {2}], [{8, 5}, {6, 7}, {2, 4}, {1, 3}], [{8, 5}, {6, 7}, {3, 4}, {1, 2}], [{8, 5}, {6, 7}, {3, 4}, {2}, {1}], [{8, 5}, {6, 7}, {4}, {1, 3}, {2}], [{8, 5}, {7}, {1, 6}, {3, 4}, {2}], [{8, 5}, {7}, {3, 6}, {1, 4}, {2}], [{8, 5}, {7}, {4, 6}, {1, 3}, {2}], [{8, 6}, {1, 7}, {2, 5}, {3, 4}], [{8, 6}, {1, 7}, {2, 5}, {4}, {3}], [{8, 6}, {1, 7}, {3, 5}, {2, 4}], [{8, 6}, {1, 7}, {4, 5}, {2, 3}], [{8, 6}, {1, 7}, {4, 5}, {3}, {2}], [{8, 6}, {1, 7}, {5}, {2, 4}, {3}], [{8, 6}, {2, 7}, {1, 5}, {3, 4}], [{8, 6}, {2, 7}, {3, 5}, {1, 4}], [{8, 6}, {2, 7}, {4, 5}, {1, 3}], [{8, 6}, {3, 7}, {1, 5}, {2, 4}], [{8, 6}, {3, 7}, {2, 5}, {1, 4}], [{8, 6}, {3, 7}, {2, 5}, {4}, {1}], [{8, 6}, {3, 7}, {4, 5}, {1, 2}], [{8, 6}, {4, 7}, {1, 5}, {2, 3}], [{8, 6}, {4, 7}, {2, 5}, {1, 3}], [{8, 6}, {4, 7}, {2, 5}, {3}, {1}], [{8, 6}, {4, 7}, {3, 5}, {1, 2}], [{8, 6}, {5, 7}, {1, 4}, {2, 3}], [{8, 6}, {5, 7}, {2, 4}, {1, 3}], [{8, 6}, {5, 7}, {3, 4}, {1, 2}], [{8, 6}, {7}, {2, 5}, {1, 4}, {3}], [{8, 6}, {7}, {2, 5}, {3, 4}, {1}], [{8, 6}, {7}, {2, 5}, {4}, {1, 3}], [{8, 6}, {7}, {2, 5}, {4}, {3}, {1}], [{8, 6}, {7}, {3, 5}, {1, 4}, {2}], [{8, 6}, {7}, {5}, {1, 4}, {2, 3}], [{8, 7}, {1, 6}, {2, 5}, {3, 4}], [{8, 7}, {1, 6}, {3, 5}, {2, 4}], [{8, 7}, {1, 6}, {3, 5}, {4}, {2}], [{8, 7}, {1, 6}, {4, 5}, {2, 3}], [{8, 7}, {1, 6}, {4, 5}, {3}, {2}], [{8, 7}, {1, 6}, {5}, {3, 4}, {2}], [{8, 7}, {2, 6}, {1, 5}, {3, 4}], [{8, 7}, {2, 6}, {3, 5}, {1, 4}], [{8, 7}, {2, 6}, {4, 5}, {1, 3}], [{8, 7}, {3, 6}, {1, 5}, {2, 4}], [{8, 7}, {3, 6}, {2, 5}, {1, 4}], [{8, 7}, {3, 6}, {4, 5}, {1, 2}], [{8, 7}, {4, 6}, {1, 5}, {2, 3}], [{8, 7}, {4, 6}, {2, 5}, {1, 3}], [{8, 7}, {4, 6}, {2, 5}, {3}, {1}], [{8, 7}, {4, 6}, {3, 5}, {1, 2}], [{8, 7}, {5, 6}, {1, 4}, {2, 3}], [{8, 7}, {5, 6}, {2, 4}, {1, 3}], [{8, 7}, {5, 6}, {3, 4}, {1, 2}], [{8, 7}, {6}, {2, 5}, {4}, {1, 3}], [{8}, {3, 7}, {1, 6}, {4, 5}, {2}], [{8}, {3, 7}, {4, 6}, {5}, {1, 2}], [{8}, {4, 7}, {1, 6}, {3, 5}, {2}], [{8}, {4, 7}, {6}, {2, 5}, {1, 3}], [{8}, {5, 7}, {1, 6}, {2, 4}, {3}], [{8}, {5, 7}, {1, 6}, {3, 4}, {2}], [{8}, {5, 7}, {1, 6}, {4}, {2, 3}], [{8}, {5, 7}, {1, 6}, {4}, {3}, {2}], [{8}, {5, 7}, {2, 6}, {1, 4}, {3}], [{8}, {5, 7}, {4, 6}, {3}, {1, 2}], [{8}, {6, 7}, {2, 5}, {4}, {1, 3}], [{8}, {6, 7}, {4, 5}, {3}, {1, 2}], [{8}, {7}, {4, 6}, {2, 5}, {1, 3}], [{8}, {7}, {4, 6}, {3, 5}, {1, 2}]]",2,12 K_1^3 + 4 K_1^2 K_2 - 20 K_1^2 - 16 K_1 K_2 - 4 K_1 K_3 - K_1 + 10 K_2 + 5 K_3 + K_4 + 10,O1O2O3O4U5U2U4O6O5U1O7U3U6O8U7U8,O1O2O3U1U4U2U5O6O7U6O8O4U7O5U3U8,O1O2O3U4U1O5U6O7O4U8O6O8U5U2U7U3,c,{'O1O2O3O4U5U6O5U7U2O6U4O8O7U1U3U8'},1,"<a href=""/flatknot/8.857723"">8.857723</a>",t^9-40t^7-104t^6+36t^5+210t^4-45t^3-86t^2+38t-2,0,,
8.857724,O1O2O3O4U5U6O5U7U2O6U4O8O7U1U8U3,4,5z^3+39z^2+101z+87,5w^4z^3-2w^4z^2+41w^3z^2-6w^3z+107w^2z+87w,False,False,"[[ 0 -2  0  2  2 -1 -1  0  0],[ 2  0  1  3  2  1  1  1  0],[ 0 -1  0  0  0  0  1  0 -1],[-2 -3  0  0  1 -3 -2 -1 -1],[-2 -2  0 -1  0 -3 -1 -1 -1],[ 1 -1  0  3  3  0 -1  0  0],[ 1 -1 -1  2  1  1  0  0  1],[ 0 -1  0  1  1  0  0  0  0],[ 0  0  1  1  1  0 -1  0  0]]","[[ 0  2  2  0  0  0 -1 -1 -2],[-2  0  1  0 -1 -1 -2 -3 -3],[-2 -1  0  0 -1 -1 -1 -3 -2],[ 0  0  0  0  0 -1  1  0 -1],[ 0  1  1  0  0  0  0  0 -1],[ 0  1  1  1  0  0 -1  0  0],[ 1  2  1 -1  0  1  0  1 -1],[ 1  3  3  0  0  0 -1  0 -1],[ 2  3  2  1  1  0  1  1  0]]",True,"[-2,-2,0,0,0,1,1,2,-1,0,1,1,2,3,3,0,1,1,1,3,2,0,1,-1,0,1,0,0,0,1,1,0,0,-1,1,1]","[-2,-2,0,0,0,1,1,2,-1,0,1,1,2,3,3,0,1,1,1,3,2,0,1,-1,0,1,0,0,0,1,1,0,0,-1,1,1]",t^8+49t^6+226t^4+102t^2+4,"[-2,-1,-1,0,0,0,2,2,0,0,1,1,2,1,2,-1,1,2,0,1,2,1,1,1,0,0,0,0,1,1,1,2,2,1,1,-1]","[-2,-2,0,0,0,1,1,2,-1,1,1,2,0,2,2,1,1,2,0,1,1,0,0,1,1,1,1,1,0,2,1,2,1,-1,0,0]","[-2,-1,-1,0,0,0,2,2,1,1,0,1,1,2,3,-1,0,0,0,3,3,1,-1,0,1,2,1,0,1,1,0,0,0,1,1,-1]",c,"[[{8, 6}, {5, 7}, {2, 4}, {1, 3}]]",1,20 K_1^3 + 4 K_1^2 K_2 - 16 K_1^2 - 16 K_1 K_2 - 2 K_1 K_3 - 7 K_1 - 2 K_2^2 + 7 K_2 + 3 K_3 + K_4 + 9,O1O2O3O4U2U5U4O6O5U1O7U3U6O8U7U8,O1O2O3U1U4U3U5O6O7U6O8O4U7O5U2U8,O1O2O3U4U2O5U6O7O4U8O6O8U5U1U7U3,c,{'O1O2O3O4U5U6O5U7U2O6U4O8O7U1U8U3'},1,"<a href=""/flatknot/8.857724"">8.857724</a>",t^9-47t^7-126t^6+31t^5+280t^4+52t^3-186t^2-35t+34,-t^2+2t,,
8.857725,O1O2O3O4U5U6O5U7U2O6U4O8O7U8U1U3,3,6z^2+59z+95,6w^3z^2+59w^2z+95w,False,False,"[[ 0 -1  0  2  2 -1 -1  0 -1],[ 1  0  1  2  2  0  0  1 -1],[ 0 -1  0  0  0  0  1  0 -1],[-2 -2  0  0  1 -3 -2 -1 -1],[-2 -2  0 -1  0 -3 -1 -1 -1],[ 1  0  0  3  3  0 -1  0 -1],[ 1  0 -1  2  1  1  0  0  0],[ 0 -1  0  1  1  0  0  0 -1],[ 1  1  1  1  1  1  0  1  0]]","[[ 0  2  2  0  0 -1 -1 -1 -1],[-2  0  1  0 -1 -1 -2 -2 -3],[-2 -1  0  0 -1 -1 -1 -2 -3],[ 0  0  0  0  0 -1  1 -1  0],[ 0  1  1  0  0 -1  0 -1  0],[ 1  1  1  1  1  0  0  1  1],[ 1  2  1 -1  0  0  0  0  1],[ 1  2  2  1  1 -1  0  0  0],[ 1  3  3  0  0 -1 -1  0  0]]",True,"[-2,-2,0,0,1,1,1,1,-1,0,1,1,2,2,3,0,1,1,1,2,3,0,1,-1,1,0,1,0,1,0,0,-1,-1,0,-1,0]","[-2,-2,0,0,1,1,1,1,-1,0,1,1,2,2,3,0,1,1,1,2,3,0,1,-1,1,0,1,0,1,0,0,-1,-1,0,-1,0]",t^8+44t^6+184t^4+35t^2,"[-1,-1,-1,-1,0,0,2,2,-1,-1,0,0,0,2,2,0,0,0,0,1,1,1,1,1,0,0,1,2,1,2,0,1,1,2,2,-1]","[-2,-2,0,0,1,1,1,1,-1,1,2,0,1,2,2,1,2,0,1,1,2,0,1,0,1,0,1,0,2,0,0,-1,-1,0,-1,0]","[-1,-1,-1,-1,0,0,2,2,-1,-1,0,0,0,3,3,0,0,-1,0,1,2,1,1,1,1,1,1,1,2,2,0,0,0,1,1,-1]",c,"[[{8, 2}, {1, 7}, {3, 6}, {4, 5}], [{8, 2}, {7}, {3, 6}, {4, 5}, {1}], [{8, 4}, {6, 7}, {2, 5}, {1, 3}], [{8, 4}, {7}, {6}, {2, 5}, {1, 3}], [{8, 6}, {4, 7}, {1, 5}, {2, 3}], [{8, 6}, {7}, {1, 5}, {4}, {2, 3}]]",1,- 12 K_1^2 - 4 K_1 K_2 + 2 K_1 + 6 K_2 + 2 K_3 + 7,O1O2O3O4U2U4U5O6O5U1O7U3U6O8U7U8,O1O2O3U2U4U3U5O6O7U6O8O4U7O5U1U8,O1O2O3U4U3O5U6O7O4U8O6O8U5U1U7U2,c,{'O1O2O3O4U5U6O5U7U2O6U4O8O7U8U1U3'},1,"<a href=""/flatknot/8.857725"">8.857725</a>",t^9-40t^7-86t^6+64t^5+186t^4+21t^3-58t^2-20t,-2t^2+4t,,
8.857726,O1O2O3O4U5U6O5U7U3O6U1O8O7U8U2U4,3,7z^2+59z+91,7w^3z^2-2w^3z+61w^2z+91w,False,False,"[[ 0 -1  0  1  3 -1 -1  0 -1],[ 1  0  0  1  2  0  1  1 -1],[ 0  0  0  2  2 -1 -1  1 -1],[-1 -1 -2  0 -1 -1  0  0 -1],[-3 -2 -2  1  0 -4 -3 -1 -1],[ 1  0  1  1  4  0 -1  0 -1],[ 1 -1  1  0  3  1  0  0  0],[ 0 -1 -1  0  1  0  0  0 -1],[ 1  1  1  1  1  1  0  1  0]]","[[ 0  3  1  0  0 -1 -1 -1 -1],[-3  0  1 -1 -2 -1 -2 -3 -4],[-1 -1  0  0 -2 -1 -1  0 -1],[ 0  1  0  0 -1 -1 -1  0  0],[ 0  2  2  1  0 -1  0 -1 -1],[ 1  1  1  1  1  0  1  0  1],[ 1  2  1  1  0 -1  0  1  0],[ 1  3  0  0  1  0 -1  0  1],[ 1  4  1  0  1 -1  0 -1  0]]",True,"[-3,-1,0,0,1,1,1,1,-1,1,2,1,2,3,4,0,2,1,1,0,1,1,1,1,0,0,1,0,1,1,-1,0,-1,-1,0,-1]","[-3,-1,0,0,1,1,1,1,-1,1,2,1,2,3,4,0,2,1,1,0,1,1,1,1,0,0,1,0,1,1,-1,0,-1,-1,0,-1]",t^8+53t^6+345t^4+204t^2,"[-1,-1,-1,-1,0,0,1,3,-1,-1,0,0,0,1,3,0,-1,0,1,1,2,1,1,0,1,0,1,0,2,1,1,1,2,-1,1,3]","[-3,-1,0,0,1,1,1,1,3,1,2,0,1,2,3,-1,1,1,2,1,1,1,0,0,1,0,1,1,0,0,-1,0,-1,-1,0,-1]","[-1,-1,-1,-1,0,0,1,3,-1,-1,0,0,1,1,4,0,-1,0,1,0,3,1,1,1,1,1,1,0,1,2,-1,0,1,2,2,-1]",c,"[[{8, 3}, {2, 7}, {1, 6}, {4, 5}], [{8, 3}, {2, 7}, {1, 6}, {5}, {4}], [{8, 3}, {2, 7}, {4, 6}, {1, 5}], [{8, 3}, {2, 7}, {4, 6}, {5}, {1}], [{8, 3}, {2, 7}, {5, 6}, {1, 4}], [{8, 3}, {2, 7}, {5, 6}, {4}, {1}], [{8, 3}, {2, 7}, {6}, {1, 5}, {4}], [{8, 3}, {2, 7}, {6}, {4, 5}, {1}], [{8, 3}, {2, 7}, {6}, {5}, {1, 4}], [{8, 7}, {1, 6}, {4, 5}, {2, 3}], [{8, 7}, {4, 6}, {1, 5}, {2, 3}], [{8, 7}, {5, 6}, {1, 4}, {2, 3}], [{8, 7}, {5, 6}, {4}, {2, 3}, {1}], [{8, 7}, {6}, {5}, {1, 4}, {2, 3}]]",1,8 K_1^3 + 4 K_1^2 K_2 - 20 K_1^2 - 14 K_1 K_2 - 4 K_1 K_3 + K_1 + 10 K_2 + 5 K_3 + K_4 + 10,O1O2O3O4U1U3U5O6O5U4O7U2U6O8U7U8,O1O2O3U4U2U5U3O6O7U6O8O5U7O4U1U8,O1O2O3U4U3O5U6O7O4U8O6O8U1U7U2U5,c,{'O1O2O3O4U5U6O5U7U3O6U1O8O7U8U2U4'},1,"<a href=""/flatknot/8.857726"">8.857726</a>",t^9-47t^7-134t^6+55t^5+416t^4+108t^3-332t^2-112t,-t^3+3t,,
8.857727,O1O2O3O4U5U6O5U7U3O6U1O8O7U8U4U2,4,10z^2+95z+151,10w^3z^2+95w^2z+151w,False,False,"[[ 0 -1  1  1  2 -1 -1  0 -1],[ 1  0  1  1  1  0  1  1 -1],[-1 -1  0  1  1 -2 -2  0 -1],[-1 -1 -1  0 -1 -1  0  0 -1],[-2 -1 -1  1  0 -3 -2  0 -1],[ 1  0  2  1  3  0 -1  0 -1],[ 1 -1  2  0  2  1  0  0  0],[ 0 -1  0  0  0  0  0  0 -1],[ 1  1  1  1  1  1  0  1  0]]","[[ 0  2  1  1  0 -1 -1 -1 -1],[-2  0  1 -1  0 -1 -1 -2 -3],[-1 -1  0 -1  0 -1 -1  0 -1],[-1  1  1  0  0 -1 -1 -2 -2],[ 0  0  0  0  0 -1 -1  0  0],[ 1  1  1  1  1  0  1  0  1],[ 1  1  1  1  1 -1  0  1  0],[ 1  2  0  2  0  0 -1  0  1],[ 1  3  1  2  0 -1  0 -1  0]]",True,"[-2,-1,-1,0,1,1,1,1,-1,1,0,1,1,2,3,1,0,1,1,0,1,0,1,1,2,2,1,1,0,0,-1,0,-1,-1,0,-1]","[-2,-1,-1,0,1,1,1,1,-1,1,0,1,1,2,3,1,0,1,1,0,1,0,1,1,2,2,1,1,0,0,-1,0,-1,-1,0,-1]",t^8+37t^6+168t^4+84t^2,"[-1,-1,-1,-1,0,1,1,2,-1,-1,0,0,1,1,2,0,-1,0,1,1,2,1,1,0,1,0,1,0,2,1,1,1,2,-1,0,2]","[-2,-1,-1,0,1,1,1,1,0,2,2,0,1,2,2,1,1,0,0,1,1,1,1,2,1,1,1,1,0,0,-1,-1,0,0,-1,1]","[-1,-1,-1,-1,0,1,1,2,-1,-1,0,0,1,2,3,0,-1,0,0,2,2,1,1,1,1,1,1,1,1,1,0,0,0,-1,-1,1]",c,"[[{8, 7}, {1, 6}, {2, 5}, {3, 4}]]",1,20 K_1^3 - 42 K_1^2 - 28 K_1 K_2 - K_1 + 21 K_2 + 9 K_3 + 22,O1O2O3O4U3U1U5O6O5U4O7U2U6O8U7U8,O1O2O3U4U3U5U2O6O7U6O8O5U7O4U1U8,O1O2O3U4U3O5U6O7O4U8O6O8U2U7U1U5,c,{'O1O2O3O4U5U6O5U7U3O6U1O8O7U8U4U2'},1,"<a href=""/flatknot/8.857727"">8.857727</a>",t^9-35t^7-90t^6+11t^5+204t^4+162t^3+44t^2+8t-2,-t^2+2t,,
8.857728,O1O2O3O4U5U6O5U7U3O6U2O8O7U1U4U8,4,18z^2+103z+135,18w^3z^2+103w^2z+135w,False,False,"[[ 0 -2  0  1  2 -1 -1  0  1],[ 2  0  1  2  3  1  1  1  1],[ 0 -1  0  1  1 -1  0  0  0],[-1 -2 -1  0 -1 -1  0  0  0],[-2 -3 -1  1  0 -3 -2 -1  0],[ 1 -1  1  1  3  0 -1  0  1],[ 1 -1  0  0  2  1  0  0  2],[ 0 -1  0  0  1  0  0  0  1],[-1 -1  0  0  0 -1 -2 -1  0]]","[[ 0  2  1  1  0  0 -1 -1 -2],[-2  0  1  0 -1 -1 -2 -3 -3],[-1 -1  0  0  0 -1  0 -1 -2],[-1  0  0  0 -1  0 -2 -1 -1],[ 0  1  0  1  0  0  0  0 -1],[ 0  1  1  0  0  0  0 -1 -1],[ 1  2  0  2  0  0  0  1 -1],[ 1  3  1  1  0  1 -1  0 -1],[ 2  3  2  1  1  1  1  1  0]]",True,"[-2,-1,-1,0,0,1,1,2,-1,0,1,1,2,3,3,0,0,1,0,1,2,1,0,2,1,1,0,0,0,1,0,1,1,-1,1,1]","[-2,-1,-1,0,0,1,1,2,-1,0,1,1,2,3,3,0,0,1,0,1,2,1,0,2,1,1,0,0,0,1,0,1,1,-1,1,1]",t^8+44t^6+214t^4+56t^2+1,"[-2,-1,-1,0,0,1,1,2,0,0,1,1,1,2,1,-1,1,1,2,0,1,0,1,1,1,0,0,0,1,1,1,0,1,0,2,1]","[-2,-1,-1,0,0,1,1,2,1,2,1,1,0,1,1,0,0,1,1,0,2,1,0,1,2,1,0,1,1,1,0,1,1,-1,0,0]","[-2,-1,-1,0,0,1,1,2,1,1,1,1,1,2,3,-1,0,1,1,1,3,0,0,2,0,2,0,1,0,1,0,1,1,0,0,-1]",c,"[[{8, 2}, {6, 7}, {4, 5}, {1, 3}], [{8, 3}, {5, 7}, {4, 6}, {1, 2}], [{8}, {6, 7}, {4, 5}, {1, 3}, {2}]]",1,8 K_1^3 - 28 K_1^2 - 20 K_1 K_2 + 4 K_1 + 14 K_2 + 8 K_3 + 15,O1O2O3O4U5U1U4O6O5U3O7U2U6O8U7U8,O1O2O3U1U4U5U2O6O7U6O8O5U7O4U3U8,O1O2O3U4U1O5U6O7O4U8O6O8U2U7U5U3,c,{'O1O2O3O4U5U6O5U7U3O6U2O8O7U1U4U8'},1,"<a href=""/flatknot/8.857728"">8.857728</a>",t^9-44t^7-112t^6+72t^5+366t^4+197t^3-60t^2-35t+2,0,,
8.857729,O1O2O3O4U5U6O5U7U3O6U2O8O7U1U8U4,4,4z^3+33z^2+106z+113,4w^4z^3+33w^3z^2+106w^2z+113w,False,False,"[[ 0 -2  0  1  3 -1 -1  0  0],[ 2  0  1  2  4  1  1  1  0],[ 0 -1  0  1  1 -1  0  0 -1],[-1 -2 -1  0 -1 -1  0  0 -1],[-3 -4 -1  1  0 -4 -3 -1 -1],[ 1 -1  1  1  4  0 -1  0  0],[ 1 -1  0  0  3  1  0  0  1],[ 0 -1  0  0  1  0  0  0  0],[ 0  0  1  1  1  0 -1  0  0]]","[[ 0  3  1  0  0  0 -1 -1 -2],[-3  0  1 -1 -1 -1 -3 -4 -4],[-1 -1  0  0 -1 -1  0 -1 -2],[ 0  1  0  0  0  0  0  0 -1],[ 0  1  1  0  0  1 -1  0  0],[ 0  1  1  0 -1  0  0 -1 -1],[ 1  3  0  0  1  0  0  1 -1],[ 1  4  1  0  0  1 -1  0 -1],[ 2  4  2  1  0  1  1  1  0]]",True,"[-3,-1,0,0,0,1,1,2,-1,1,1,1,3,4,4,0,1,1,0,1,2,0,0,0,0,1,-1,1,0,0,0,1,1,-1,1,1]","[-3,-1,0,0,0,1,1,2,-1,1,1,1,3,4,4,0,1,1,0,1,2,0,0,0,0,1,-1,1,0,0,0,1,1,-1,1,1]",t^8+60t^6+299t^4+131t^2+4,"[-2,-1,-1,0,0,0,1,3,0,0,1,1,2,1,1,-1,1,1,0,2,1,0,1,1,1,0,0,1,0,2,0,1,2,0,2,3]","[-3,-1,0,0,0,1,1,2,3,2,2,2,0,1,1,0,0,1,1,2,1,-1,0,0,1,1,0,1,0,2,1,1,1,-1,0,0]","[-2,-1,-1,0,0,0,1,3,1,1,0,1,1,2,4,-1,0,0,1,1,4,1,0,0,0,3,0,1,1,1,0,0,1,1,1,-1]",c,"[[{8, 1}, {2, 7}, {3, 6}, {4, 5}], [{8, 1}, {2, 7}, {4, 6}, {3, 5}], [{8, 1}, {2, 7}, {4, 6}, {5}, {3}], [{8, 1}, {2, 7}, {5, 6}, {3, 4}], [{8, 1}, {3, 7}, {2, 6}, {4, 5}], [{8, 1}, {3, 7}, {4, 6}, {2, 5}], [{8, 1}, {3, 7}, {5, 6}, {2, 4}], [{8, 1}, {4, 7}, {2, 6}, {3, 5}], [{8, 1}, {4, 7}, {2, 6}, {5}, {3}], [{8, 1}, {4, 7}, {3, 6}, {2, 5}], [{8, 1}, {4, 7}, {5, 6}, {2, 3}], [{8, 1}, {5, 7}, {2, 6}, {3, 4}], [{8, 1}, {5, 7}, {3, 6}, {2, 4}], [{8, 1}, {5, 7}, {4, 6}, {2, 3}], [{8, 1}, {5, 7}, {6}, {2, 4}, {3}], [{8, 1}, {6, 7}, {2, 5}, {3, 4}], [{8, 1}, {6, 7}, {3, 5}, {2, 4}], [{8, 1}, {6, 7}, {4, 5}, {2, 3}], [{8, 1}, {7}, {3, 6}, {4, 5}, {2}], [{8, 1}, {7}, {4, 6}, {3, 5}, {2}], [{8, 2}, {1, 7}, {3, 6}, {4, 5}], [{8, 2}, {1, 7}, {4, 6}, {3, 5}], [{8, 2}, {1, 7}, {5, 6}, {3, 4}], [{8, 2}, {3, 7}, {1, 6}, {4, 5}], [{8, 2}, {3, 7}, {4, 6}, {1, 5}], [{8, 2}, {3, 7}, {5, 6}, {1, 4}], [{8, 2}, {3, 7}, {6}, {1, 5}, {4}], [{8, 2}, {3, 7}, {6}, {4, 5}, {1}], [{8, 2}, {3, 7}, {6}, {5}, {1, 4}], [{8, 2}, {4, 7}, {1, 6}, {3, 5}], [{8, 2}, {4, 7}, {3, 6}, {1, 5}], [{8, 2}, {4, 7}, {5, 6}, {1, 3}], [{8, 2}, {5, 7}, {1, 6}, {3, 4}], [{8, 2}, {5, 7}, {3, 6}, {1, 4}], [{8, 2}, {5, 7}, {4, 6}, {1, 3}], [{8, 2}, {5, 7}, {6}, {1, 4}, {3}], [{8, 2}, {6, 7}, {1, 5}, {3, 4}], [{8, 2}, {6, 7}, {1, 5}, {4}, {3}], [{8, 2}, {6, 7}, {3, 5}, {1, 4}], [{8, 2}, {6, 7}, {4, 5}, {1, 3}], [{8, 2}, {6, 7}, {4, 5}, {3}, {1}], [{8, 2}, {6, 7}, {5}, {1, 4}, {3}], [{8, 2}, {7}, {1, 6}, {3, 5}, {4}], [{8, 2}, {7}, {3, 6}, {1, 5}, {4}], [{8, 2}, {7}, {3, 6}, {4, 5}, {1}], [{8, 2}, {7}, {3, 6}, {5}, {1, 4}], [{8, 2}, {7}, {4, 6}, {3, 5}, {1}], [{8, 2}, {7}, {5, 6}, {1, 4}, {3}], [{8, 2}, {7}, {6}, {3, 5}, {1, 4}], [{8, 2}, {7}, {6}, {5}, {1, 4}, {3}], [{8, 3}, {1, 7}, {2, 6}, {4, 5}], [{8, 3}, {1, 7}, {4, 6}, {2, 5}], [{8, 3}, {1, 7}, {5, 6}, {2, 4}], [{8, 3}, {1, 7}, {5, 6}, {4}, {2}], [{8, 3}, {2, 7}, {1, 6}, {4, 5}], [{8, 3}, {2, 7}, {1, 6}, {5}, {4}], [{8, 3}, {2, 7}, {4, 6}, {1, 5}], [{8, 3}, {2, 7}, {5, 6}, {1, 4}], [{8, 3}, {2, 7}, {5, 6}, {4}, {1}], [{8, 3}, {2, 7}, {6}, {1, 5}, {4}], [{8, 3}, {4, 7}, {1, 6}, {2, 5}], [{8, 3}, {4, 7}, {1, 6}, {5}, {2}], [{8, 3}, {4, 7}, {2, 6}, {1, 5}], [{8, 3}, {4, 7}, {5, 6}, {1, 2}], [{8, 3}, {4, 7}, {5, 6}, {2}, {1}], [{8, 3}, {4, 7}, {6}, {1, 5}, {2}], [{8, 3}, {5, 7}, {1, 6}, {2, 4}], [{8, 3}, {5, 7}, {2, 6}, {1, 4}], [{8, 3}, {5, 7}, {4, 6}, {1, 2}], [{8, 3}, {5, 7}, {4, 6}, {2}, {1}], [{8, 3}, {6, 7}, {1, 5}, {2, 4}], [{8, 3}, {6, 7}, {2, 5}, {1, 4}], [{8, 3}, {6, 7}, {2, 5}, {4}, {1}], [{8, 3}, {6, 7}, {4, 5}, {1, 2}], [{8, 3}, {7}, {1, 6}, {5}, {2, 4}], [{8, 3}, {7}, {2, 6}, {5}, {1, 4}], [{8, 3}, {7}, {4, 6}, {5}, {1, 2}], [{8, 3}, {7}, {5, 6}, {1, 4}, {2}], [{8, 3}, {7}, {5, 6}, {2, 4}, {1}], [{8, 3}, {7}, {5, 6}, {4}, {1, 2}], [{8, 3}, {7}, {6}, {1, 5}, {2, 4}], [{8, 3}, {7}, {6}, {2, 5}, {1, 4}], [{8, 3}, {7}, {6}, {4, 5}, {1, 2}], [{8, 4}, {1, 7}, {2, 6}, {3, 5}], [{8, 4}, {1, 7}, {3, 6}, {2, 5}], [{8, 4}, {1, 7}, {5, 6}, {2, 3}], [{8, 4}, {2, 7}, {1, 6}, {3, 5}], [{8, 4}, {2, 7}, {3, 6}, {1, 5}], [{8, 4}, {2, 7}, {5, 6}, {1, 3}], [{8, 4}, {3, 7}, {1, 6}, {2, 5}], [{8, 4}, {3, 7}, {2, 6}, {1, 5}], [{8, 4}, {3, 7}, {2, 6}, {5}, {1}], [{8, 4}, {3, 7}, {5, 6}, {1, 2}], [{8, 4}, {5, 7}, {1, 6}, {2, 3}], [{8, 4}, {5, 7}, {2, 6}, {1, 3}], [{8, 4}, {5, 7}, {3, 6}, {1, 2}], [{8, 4}, {6, 7}, {1, 5}, {2, 3}], [{8, 4}, {6, 7}, {2, 5}, {1, 3}], [{8, 4}, {6, 7}, {3, 5}, {1, 2}], [{8, 4}, {7}, {1, 6}, {3, 5}, {2}], [{8, 4}, {7}, {3, 6}, {1, 5}, {2}], [{8, 5}, {1, 7}, {2, 6}, {3, 4}], [{8, 5}, {1, 7}, {3, 6}, {2, 4}], [{8, 5}, {1, 7}, {4, 6}, {2, 3}], [{8, 5}, {2, 7}, {1, 6}, {3, 4}], [{8, 5}, {2, 7}, {3, 6}, {1, 4}], [{8, 5}, {2, 7}, {4, 6}, {1, 3}], [{8, 5}, {3, 7}, {1, 6}, {2, 4}], [{8, 5}, {3, 7}, {2, 6}, {1, 4}], [{8, 5}, {3, 7}, {4, 6}, {1, 2}], [{8, 5}, {3, 7}, {6}, {2, 4}, {1}], [{8, 5}, {4, 7}, {1, 6}, {2, 3}], [{8, 5}, {4, 7}, {2, 6}, {1, 3}], [{8, 5}, {4, 7}, {3, 6}, {1, 2}], [{8, 5}, {6, 7}, {1, 4}, {2, 3}], [{8, 5}, {6, 7}, {2, 4}, {1, 3}], [{8, 5}, {6, 7}, {3, 4}, {1, 2}], [{8, 5}, {7}, {1, 6}, {2, 4}, {3}], [{8, 5}, {7}, {2, 6}, {1, 4}, {3}], [{8, 5}, {7}, {3, 6}, {1, 4}, {2}], [{8, 5}, {7}, {4, 6}, {3}, {1, 2}], [{8, 5}, {7}, {6}, {1, 4}, {2, 3}], [{8, 6}, {1, 7}, {2, 5}, {3, 4}], [{8, 6}, {1, 7}, {3, 5}, {2, 4}], [{8, 6}, {1, 7}, {4, 5}, {2, 3}], [{8, 6}, {1, 7}, {5}, {3, 4}, {2}], [{8, 6}, {2, 7}, {1, 5}, {3, 4}], [{8, 6}, {2, 7}, {1, 5}, {4}, {3}], [{8, 6}, {2, 7}, {3, 5}, {1, 4}], [{8, 6}, {2, 7}, {4, 5}, {1, 3}], [{8, 6}, {3, 7}, {1, 5}, {2, 4}], [{8, 6}, {3, 7}, {2, 5}, {1, 4}], [{8, 6}, {3, 7}, {4, 5}, {1, 2}], [{8, 6}, {4, 7}, {1, 5}, {2, 3}], [{8, 6}, {4, 7}, {1, 5}, {3}, {2}], [{8, 6}, {4, 7}, {2, 5}, {1, 3}], [{8, 6}, {4, 7}, {3, 5}, {1, 2}], [{8, 6}, {5, 7}, {1, 4}, {2, 3}], [{8, 6}, {5, 7}, {2, 4}, {1, 3}], [{8, 6}, {5, 7}, {3, 4}, {1, 2}], [{8, 6}, {7}, {1, 5}, {2, 4}, {3}], [{8, 6}, {7}, {2, 5}, {1, 4}, {3}], [{8, 6}, {7}, {3, 5}, {1, 4}, {2}], [{8, 6}, {7}, {4, 5}, {3}, {1, 2}], [{8, 6}, {7}, {5}, {1, 4}, {2, 3}], [{8, 7}, {1, 6}, {2, 5}, {3, 4}], [{8, 7}, {1, 6}, {3, 5}, {2, 4}], [{8, 7}, {1, 6}, {4, 5}, {2, 3}], [{8, 7}, {1, 6}, {5}, {4}, {2, 3}], [{8, 7}, {2, 6}, {1, 5}, {3, 4}], [{8, 7}, {2, 6}, {3, 5}, {1, 4}], [{8, 7}, {2, 6}, {3, 5}, {4}, {1}], [{8, 7}, {2, 6}, {4, 5}, {1, 3}], [{8, 7}, {3, 6}, {1, 5}, {2, 4}], [{8, 7}, {3, 6}, {1, 5}, {4}, {2}], [{8, 7}, {3, 6}, {2, 5}, {1, 4}], [{8, 7}, {3, 6}, {4, 5}, {1, 2}], [{8, 7}, {3, 6}, {4, 5}, {2}, {1}], [{8, 7}, {3, 6}, {5}, {1, 4}, {2}], [{8, 7}, {4, 6}, {1, 5}, {2, 3}], [{8, 7}, {4, 6}, {1, 5}, {3}, {2}], [{8, 7}, {4, 6}, {2, 5}, {1, 3}], [{8, 7}, {4, 6}, {3, 5}, {1, 2}], [{8, 7}, {5, 6}, {1, 4}, {2, 3}], [{8, 7}, {5, 6}, {2, 4}, {1, 3}], [{8, 7}, {5, 6}, {3, 4}, {1, 2}], [{8, 7}, {6}, {1, 5}, {3, 4}, {2}], [{8}, {1, 7}, {2, 6}, {4, 5}, {3}], [{8}, {1, 7}, {3, 6}, {4, 5}, {2}], [{8}, {1, 7}, {6}, {4, 5}, {2, 3}], [{8}, {2, 7}, {1, 6}, {4, 5}, {3}], [{8}, {2, 7}, {3, 6}, {1, 5}, {4}], [{8}, {2, 7}, {3, 6}, {4, 5}, {1}], [{8}, {2, 7}, {3, 6}, {5}, {1, 4}], [{8}, {2, 7}, {6}, {4, 5}, {1, 3}], [{8}, {3, 7}, {4, 6}, {2, 5}, {1}], [{8}, {4, 7}, {1, 6}, {2, 5}, {3}], [{8}, {4, 7}, {3, 6}, {1, 5}, {2}], [{8}, {5, 7}, {2, 6}, {3, 4}, {1}], [{8}, {5, 7}, {3, 6}, {1, 4}, {2}], [{8}, {7}, {1, 6}, {3, 5}, {2, 4}], [{8}, {7}, {2, 6}, {3, 5}, {1, 4}], [{8}, {7}, {3, 6}, {1, 5}, {2, 4}], [{8}, {7}, {3, 6}, {1, 5}, {4}, {2}], [{8}, {7}, {3, 6}, {2, 5}, {1, 4}], [{8}, {7}, {3, 6}, {4, 5}, {1, 2}], [{8}, {7}, {3, 6}, {4, 5}, {2}, {1}], [{8}, {7}, {3, 6}, {5}, {1, 4}, {2}], [{8}, {7}, {4, 6}, {3, 5}, {1, 2}], [{8}, {7}, {5, 6}, {1, 4}, {2, 3}]]",2,12 K_1^3 - 18 K_1^2 - 14 K_1 K_2 - 2 K_1 + 9 K_2 + 4 K_3 + 10,O1O2O3O4U1U5U4O6O5U3O7U2U6O8U7U8,O1O2O3U1U4U5U3O6O7U6O8O5U7O4U2U8,O1O2O3U4U2O5U6O7O4U8O6O8U1U7U5U3,c,{'O1O2O3O4U5U6O5U7U3O6U2O8O7U1U8U4'},1,"<a href=""/flatknot/8.857729"">8.857729</a>",t^9-56t^7-160t^6+38t^5+364t^4+86t^3-140t^2-31t,-t^3+t^2+t,,
8.857730,O1O2O3O4U5U6O5U7U3O6U2O8O7U8U1U4,4,22z^2+107z+127,22w^3z^2+107w^2z+127w,False,False,"[[ 0 -1  0  1  3 -1 -1  0 -1],[ 1  0  1  2  3  0  0  1 -1],[ 0 -1  0  1  1 -1  0  0 -1],[-1 -2 -1  0 -1 -1  0  0 -1],[-3 -3 -1  1  0 -4 -3 -1 -1],[ 1  0  1  1  4  0 -1  0 -1],[ 1  0  0  0  3  1  0  0  0],[ 0 -1  0  0  1  0  0  0 -1],[ 1  1  1  1  1  1  0  1  0]]","[[ 0  3  1  0  0 -1 -1 -1 -1],[-3  0  1 -1 -1 -1 -3 -3 -4],[-1 -1  0  0 -1 -1  0 -2 -1],[ 0  1  0  0  0 -1  0 -1  0],[ 0  1  1  0  0 -1  0 -1 -1],[ 1  1  1  1  1  0  0  1  1],[ 1  3  0  0  0  0  0  0  1],[ 1  3  2  1  1 -1  0  0  0],[ 1  4  1  0  1 -1 -1  0  0]]",True,"[-3,-1,0,0,1,1,1,1,-1,1,1,1,3,3,4,0,1,1,0,2,1,0,1,0,1,0,1,0,1,1,0,-1,-1,0,-1,0]","[-3,-1,0,0,1,1,1,1,-1,1,1,1,3,3,4,0,1,1,0,2,1,0,1,0,1,0,1,0,1,1,0,-1,-1,0,-1,0]",t^8+53t^6+254t^4+122t^2+1,"[-1,-1,-1,-1,0,0,1,3,-1,-1,0,0,0,1,3,0,0,0,0,0,1,1,0,1,1,0,1,1,2,1,0,0,2,1,2,3]","[-3,-1,0,0,1,1,1,1,3,2,2,0,1,1,3,0,1,1,0,2,1,0,0,0,1,0,1,0,1,0,0,-1,-1,0,-1,0]","[-1,-1,-1,-1,0,0,1,3,-1,-1,0,0,1,1,4,0,0,0,0,0,3,1,1,1,1,1,1,1,2,3,0,0,1,1,1,-1]",c,"[[{8, 4}, {5, 7}, {2, 6}, {1, 3}]]",1,20 K_1^3 + 4 K_1^2 K_2 - 26 K_1^2 - 22 K_1 K_2 - 2 K_1 K_3 - 4 K_1 - 2 K_2^2 + 12 K_2 + 6 K_3 + K_4 + 14,O1O2O3O4U1U4U5O6O5U3O7U2U6O8U7U8,O1O2O3U2U4U5U3O6O7U6O8O5U7O4U1U8,O1O2O3U4U3O5U6O7O4U8O6O8U1U7U5U2,c,{'O1O2O3O4U5U6O5U7U3O6U2O8O7U8U1U4'},1,"<a href=""/flatknot/8.857730"">8.857730</a>",t^9-47t^7-106t^6+110t^5+402t^4+218t^3+20t^2-5t-54,-t^3+3t,,
8.857731,O1O2O3O4U5U6O5U7U3O6U4O8O7U1U2U8,4,4z^3+37z^2+110z+105,4w^4z^3+37w^3z^2+110w^2z+105w,False,False,"[[ 0 -2  0  1  2 -1 -1  0  1],[ 2  0  1  1  2  1  1  1  1],[ 0 -1  0  1  2 -1 -1 -1  0],[-1 -1 -1  0  0 -1  0 -1 -1],[-2 -2 -2  0  0 -3 -1 -1 -1],[ 1 -1  1  1  3  0 -1  0  1],[ 1 -1  1  0  1  1  0  0  2],[ 0 -1  1  1  1  0  0  0  1],[-1 -1  0  1  1 -1 -2 -1  0]]","[[ 0  2  1  1  0  0 -1 -1 -2],[-2  0  0 -1 -1 -2 -1 -3 -2],[-1  0  0 -1 -1 -1  0 -1 -1],[-1  1  1  0 -1  0 -2 -1 -1],[ 0  1  1  1  0  1  0  0 -1],[ 0  2  1  0 -1  0 -1 -1 -1],[ 1  1  0  2  0  1  0  1 -1],[ 1  3  1  1  0  1 -1  0 -1],[ 2  2  1  1  1  1  1  1  0]]",True,"[-2,-1,-1,0,0,1,1,2,0,1,1,2,1,3,2,1,1,1,0,1,1,1,0,2,1,1,-1,0,0,1,1,1,1,-1,1,1]","[-2,-1,-1,0,0,1,1,2,0,0,1,1,2,2,2,-1,0,1,0,2,2,0,1,1,1,0,1,1,0,0,0,0,1,-1,0,1]",t^8+40t^6+154t^4+111t^2+9,"[-2,-1,-1,0,0,1,1,2,0,0,1,1,2,2,2,-1,0,1,0,2,2,0,1,1,1,0,1,1,0,0,0,0,1,-1,0,1]","[-2,-1,-1,0,0,1,1,2,0,1,0,1,0,2,2,1,1,0,1,0,2,0,0,1,2,2,-1,0,0,1,1,1,1,-1,0,0]","[-2,-1,-1,0,0,1,1,2,1,1,1,1,1,1,2,-1,0,1,1,1,3,0,1,0,2,1,1,1,1,1,1,0,2,-1,0,1]",c,"[[{8, 1}, {2, 7}, {3, 6}, {4, 5}], [{8, 1}, {2, 7}, {4, 6}, {3, 5}], [{8, 1}, {2, 7}, {5, 6}, {3, 4}], [{8, 1}, {2, 7}, {6}, {5}, {3, 4}], [{8, 1}, {3, 7}, {2, 6}, {4, 5}], [{8, 1}, {3, 7}, {2, 6}, {5}, {4}], [{8, 1}, {3, 7}, {4, 6}, {2, 5}], [{8, 1}, {3, 7}, {4, 6}, {5}, {2}], [{8, 1}, {3, 7}, {5, 6}, {2, 4}], [{8, 1}, {3, 7}, {5, 6}, {4}, {2}], [{8, 1}, {3, 7}, {6}, {2, 5}, {4}], [{8, 1}, {3, 7}, {6}, {4, 5}, {2}], [{8, 1}, {3, 7}, {6}, {5}, {2, 4}], [{8, 1}, {3, 7}, {6}, {5}, {4}, {2}], [{8, 1}, {4, 7}, {2, 6}, {3, 5}], [{8, 1}, {4, 7}, {3, 6}, {2, 5}], [{8, 1}, {4, 7}, {5, 6}, {2, 3}], [{8, 1}, {4, 7}, {6}, {5}, {2, 3}], [{8, 1}, {5, 7}, {2, 6}, {3, 4}], [{8, 1}, {5, 7}, {3, 6}, {2, 4}], [{8, 1}, {5, 7}, {4, 6}, {2, 3}], [{8, 1}, {5, 7}, {4, 6}, {3}, {2}], [{8, 1}, {6, 7}, {2, 5}, {3, 4}], [{8, 1}, {6, 7}, {3, 5}, {2, 4}], [{8, 1}, {6, 7}, {4, 5}, {2, 3}], [{8, 1}, {6, 7}, {4, 5}, {3}, {2}], [{8, 1}, {7}, {3, 6}, {4, 5}, {2}], [{8, 1}, {7}, {4, 6}, {3, 5}, {2}], [{8, 2}, {1, 7}, {3, 6}, {4, 5}], [{8, 2}, {1, 7}, {4, 6}, {3, 5}], [{8, 2}, {1, 7}, {5, 6}, {3, 4}], [{8, 2}, {1, 7}, {5, 6}, {4}, {3}], [{8, 2}, {3, 7}, {1, 6}, {4, 5}], [{8, 2}, {3, 7}, {4, 6}, {1, 5}], [{8, 2}, {3, 7}, {5, 6}, {1, 4}], [{8, 2}, {4, 7}, {1, 6}, {3, 5}], [{8, 2}, {4, 7}, {3, 6}, {1, 5}], [{8, 2}, {4, 7}, {5, 6}, {1, 3}], [{8, 2}, {5, 7}, {1, 6}, {3, 4}], [{8, 2}, {5, 7}, {3, 6}, {1, 4}], [{8, 2}, {5, 7}, {4, 6}, {1, 3}], [{8, 2}, {6, 7}, {1, 5}, {3, 4}], [{8, 2}, {6, 7}, {3, 5}, {1, 4}], [{8, 2}, {6, 7}, {3, 5}, {4}, {1}], [{8, 2}, {6, 7}, {4, 5}, {1, 3}], [{8, 3}, {1, 7}, {2, 6}, {4, 5}], [{8, 3}, {1, 7}, {4, 6}, {2, 5}], [{8, 3}, {1, 7}, {5, 6}, {2, 4}], [{8, 3}, {2, 7}, {1, 6}, {4, 5}], [{8, 3}, {2, 7}, {4, 6}, {1, 5}], [{8, 3}, {2, 7}, {4, 6}, {5}, {1}], [{8, 3}, {2, 7}, {5, 6}, {1, 4}], [{8, 3}, {2, 7}, {5, 6}, {4}, {1}], [{8, 3}, {2, 7}, {6}, {4, 5}, {1}], [{8, 3}, {4, 7}, {1, 6}, {2, 5}], [{8, 3}, {4, 7}, {2, 6}, {1, 5}], [{8, 3}, {4, 7}, {2, 6}, {5}, {1}], [{8, 3}, {4, 7}, {5, 6}, {1, 2}], [{8, 3}, {4, 7}, {5, 6}, {2}, {1}], [{8, 3}, {4, 7}, {6}, {2, 5}, {1}], [{8, 3}, {5, 7}, {1, 6}, {2, 4}], [{8, 3}, {5, 7}, {2, 6}, {1, 4}], [{8, 3}, {5, 7}, {4, 6}, {1, 2}], [{8, 3}, {5, 7}, {6}, {2, 4}, {1}], [{8, 3}, {6, 7}, {1, 5}, {2, 4}], [{8, 3}, {6, 7}, {2, 5}, {1, 4}], [{8, 3}, {6, 7}, {4, 5}, {1, 2}], [{8, 3}, {6, 7}, {5}, {2, 4}, {1}], [{8, 3}, {7}, {5, 6}, {2, 4}, {1}], [{8, 4}, {1, 7}, {2, 6}, {3, 5}], [{8, 4}, {1, 7}, {3, 6}, {2, 5}], [{8, 4}, {1, 7}, {5, 6}, {2, 3}], [{8, 4}, {2, 7}, {1, 6}, {3, 5}], [{8, 4}, {2, 7}, {1, 6}, {5}, {3}], [{8, 4}, {2, 7}, {3, 6}, {1, 5}], [{8, 4}, {2, 7}, {5, 6}, {1, 3}], [{8, 4}, {2, 7}, {6}, {3, 5}, {1}], [{8, 4}, {3, 7}, {1, 6}, {2, 5}], [{8, 4}, {3, 7}, {2, 6}, {1, 5}], [{8, 4}, {3, 7}, {5, 6}, {1, 2}], [{8, 4}, {3, 7}, {5, 6}, {2}, {1}], [{8, 4}, {5, 7}, {1, 6}, {2, 3}], [{8, 4}, {5, 7}, {2, 6}, {1, 3}], [{8, 4}, {5, 7}, {3, 6}, {1, 2}], [{8, 4}, {6, 7}, {1, 5}, {2, 3}], [{8, 4}, {6, 7}, {2, 5}, {1, 3}], [{8, 4}, {6, 7}, {3, 5}, {1, 2}], [{8, 4}, {6, 7}, {5}, {1, 3}, {2}], [{8, 4}, {7}, {1, 6}, {3, 5}, {2}], [{8, 4}, {7}, {3, 6}, {1, 5}, {2}], [{8, 5}, {1, 7}, {2, 6}, {3, 4}], [{8, 5}, {1, 7}, {3, 6}, {2, 4}], [{8, 5}, {1, 7}, {4, 6}, {2, 3}], [{8, 5}, {2, 7}, {1, 6}, {3, 4}], [{8, 5}, {2, 7}, {3, 6}, {1, 4}], [{8, 5}, {2, 7}, {4, 6}, {1, 3}], [{8, 5}, {3, 7}, {1, 6}, {2, 4}], [{8, 5}, {3, 7}, {2, 6}, {1, 4}], [{8, 5}, {3, 7}, {4, 6}, {1, 2}], [{8, 5}, {4, 7}, {1, 6}, {2, 3}], [{8, 5}, {4, 7}, {2, 6}, {1, 3}], [{8, 5}, {4, 7}, {3, 6}, {1, 2}], [{8, 5}, {6, 7}, {1, 4}, {2, 3}], [{8, 5}, {6, 7}, {2, 4}, {1, 3}], [{8, 5}, {6, 7}, {3, 4}, {1, 2}], [{8, 5}, {6, 7}, {4}, {3}, {1, 2}], [{8, 5}, {7}, {3, 6}, {1, 4}, {2}], [{8, 6}, {1, 7}, {2, 5}, {3, 4}], [{8, 6}, {1, 7}, {3, 5}, {2, 4}], [{8, 6}, {1, 7}, {3, 5}, {4}, {2}], [{8, 6}, {1, 7}, {4, 5}, {2, 3}], [{8, 6}, {1, 7}, {4, 5}, {3}, {2}], [{8, 6}, {1, 7}, {5}, {3, 4}, {2}], [{8, 6}, {2, 7}, {1, 5}, {3, 4}], [{8, 6}, {2, 7}, {3, 5}, {1, 4}], [{8, 6}, {2, 7}, {4, 5}, {1, 3}], [{8, 6}, {3, 7}, {1, 5}, {2, 4}], [{8, 6}, {3, 7}, {2, 5}, {1, 4}], [{8, 6}, {3, 7}, {4, 5}, {1, 2}], [{8, 6}, {4, 7}, {1, 5}, {2, 3}], [{8, 6}, {4, 7}, {2, 5}, {1, 3}], [{8, 6}, {4, 7}, {3, 5}, {1, 2}], [{8, 6}, {4, 7}, {3, 5}, {2}, {1}], [{8, 6}, {5, 7}, {1, 4}, {2, 3}], [{8, 6}, {5, 7}, {2, 4}, {1, 3}], [{8, 6}, {5, 7}, {3, 4}, {1, 2}], [{8, 6}, {5, 7}, {4}, {3}, {1, 2}], [{8, 6}, {7}, {3, 5}, {1, 4}, {2}], [{8, 7}, {1, 6}, {2, 5}, {3, 4}], [{8, 7}, {1, 6}, {3, 5}, {2, 4}], [{8, 7}, {1, 6}, {4, 5}, {2, 3}], [{8, 7}, {2, 6}, {1, 5}, {3, 4}], [{8, 7}, {2, 6}, {3, 5}, {1, 4}], [{8, 7}, {2, 6}, {4, 5}, {1, 3}], [{8, 7}, {3, 6}, {1, 5}, {2, 4}], [{8, 7}, {3, 6}, {2, 5}, {1, 4}], [{8, 7}, {3, 6}, {4, 5}, {1, 2}], [{8, 7}, {4, 6}, {1, 5}, {2, 3}], [{8, 7}, {4, 6}, {2, 5}, {1, 3}], [{8, 7}, {4, 6}, {3, 5}, {1, 2}], [{8, 7}, {5, 6}, {1, 4}, {2, 3}], [{8, 7}, {5, 6}, {2, 4}, {1, 3}], [{8, 7}, {5, 6}, {3, 4}, {1, 2}], [{8, 7}, {5, 6}, {4}, {2, 3}, {1}], [{8, 7}, {6}, {3, 5}, {1, 4}, {2}], [{8}, {3, 7}, {5, 6}, {1, 4}, {2}], [{8}, {4, 7}, {3, 6}, {5}, {1, 2}], [{8}, {5, 7}, {6}, {1, 4}, {2, 3}], [{8}, {6, 7}, {3, 5}, {1, 4}, {2}], [{8}, {7}, {1, 6}, {4, 5}, {2, 3}]]",2,16 K_1^3 + 4 K_1^2 K_2 - 12 K_1^2 - 12 K_1 K_2 - 4 K_1 K_3 - 6 K_1 + 6 K_2 + 2 K_3 + K_4 + 6,O1O2O3O4U5U3U4O6O5U1O7U2U6O8U7U8,O1O2O3U1U2U4U5O6O7U6O8O4U7O5U3U8,O1O2O3U4U1O5U6O7O4U8O6O8U5U7U2U3,c,{'O1O2O3O4U5U6O5U7U3O6U4O8O7U1U2U8'},1,"<a href=""/flatknot/8.857731"">8.857731</a>",t^9-40t^7-112t^6+26t^5+272t^4+28t^3-142t^2-17t+6,0,,
8.857732,O1O2O3O4U5U6O5U7U3O6U4O8O7U1U8U2,4,14z^2+83z+111,14w^3z^2+83w^2z+111w,False,False,"[[ 0 -2  1  1  2 -1 -1  0  0],[ 2  0  2  1  2  1  1  1  0],[-1 -2  0  1  2 -2 -2 -1 -1],[-1 -1 -1  0  0 -1  0 -1 -1],[-2 -2 -2  0  0 -3 -1 -1 -1],[ 1 -1  2  1  3  0 -1  0  0],[ 1 -1  2  0  1  1  0  0  1],[ 0 -1  1  1  1  0  0  0  0],[ 0  0  1  1  1  0 -1  0  0]]","[[ 0  2  1  1  0  0 -1 -1 -2],[-2  0  0 -2 -1 -1 -1 -3 -2],[-1  0  0 -1 -1 -1  0 -1 -1],[-1  2  1  0 -1 -1 -2 -2 -2],[ 0  1  1  1  0  0  0  0 -1],[ 0  1  1  1  0  0 -1  0  0],[ 1  1  0  2  0  1  0  1 -1],[ 1  3  1  2  0  0 -1  0 -1],[ 2  2  1  2  1  0  1  1  0]]",True,"[-2,-1,-1,0,0,1,1,2,0,2,1,1,1,3,2,1,1,1,0,1,1,1,1,2,2,2,0,0,0,1,1,0,0,-1,1,1]","[-2,-1,-1,0,0,1,1,2,-1,1,1,1,0,2,2,1,0,0,0,0,1,0,0,1,2,2,0,1,0,2,1,1,1,-1,0,0]",t^8+44t^6+139t^4+72t^2+1,"[-2,-1,-1,0,0,1,1,2,0,0,1,2,1,2,2,-1,1,0,0,2,2,1,1,0,1,0,0,0,0,1,0,0,1,-1,-1,1]","[-2,-1,-1,0,0,1,1,2,-1,1,1,1,0,2,2,1,0,0,0,0,1,0,0,1,2,2,0,1,0,2,1,1,1,-1,0,0]","[-2,-1,-1,0,0,1,1,2,1,1,0,1,1,2,2,-1,0,0,1,2,3,1,0,0,2,1,0,1,1,1,1,1,1,-1,0,2]",c,"[[{8, 1}, {2, 7}, {3, 6}, {4, 5}], [{8, 1}, {2, 7}, {4, 6}, {3, 5}], [{8, 1}, {2, 7}, {4, 6}, {5}, {3}], [{8, 1}, {2, 7}, {5, 6}, {3, 4}], [{8, 1}, {3, 7}, {2, 6}, {4, 5}], [{8, 1}, {3, 7}, {4, 6}, {2, 5}], [{8, 1}, {3, 7}, {4, 6}, {5}, {2}], [{8, 1}, {3, 7}, {5, 6}, {2, 4}], [{8, 1}, {4, 7}, {2, 6}, {3, 5}], [{8, 1}, {4, 7}, {2, 6}, {5}, {3}], [{8, 1}, {4, 7}, {3, 6}, {2, 5}], [{8, 1}, {4, 7}, {3, 6}, {5}, {2}], [{8, 1}, {4, 7}, {5, 6}, {2, 3}], [{8, 1}, {4, 7}, {6}, {5}, {2, 3}], [{8, 1}, {5, 7}, {2, 6}, {3, 4}], [{8, 1}, {5, 7}, {3, 6}, {2, 4}], [{8, 1}, {5, 7}, {4, 6}, {2, 3}], [{8, 1}, {5, 7}, {6}, {4}, {2, 3}], [{8, 1}, {6, 7}, {2, 5}, {3, 4}], [{8, 1}, {6, 7}, {3, 5}, {2, 4}], [{8, 1}, {6, 7}, {4, 5}, {2, 3}], [{8, 1}, {6, 7}, {5}, {4}, {2, 3}], [{8, 1}, {7}, {2, 6}, {3, 5}, {4}], [{8, 1}, {7}, {4, 6}, {5}, {2, 3}], [{8, 1}, {7}, {5, 6}, {4}, {2, 3}], [{8, 1}, {7}, {6}, {4, 5}, {2, 3}], [{8, 2}, {1, 7}, {3, 6}, {4, 5}], [{8, 2}, {1, 7}, {4, 6}, {3, 5}], [{8, 2}, {1, 7}, {5, 6}, {3, 4}], [{8, 2}, {3, 7}, {1, 6}, {4, 5}], [{8, 2}, {3, 7}, {1, 6}, {5}, {4}], [{8, 2}, {3, 7}, {4, 6}, {1, 5}], [{8, 2}, {3, 7}, {5, 6}, {1, 4}], [{8, 2}, {4, 7}, {1, 6}, {3, 5}], [{8, 2}, {4, 7}, {3, 6}, {1, 5}], [{8, 2}, {4, 7}, {5, 6}, {1, 3}], [{8, 2}, {4, 7}, {6}, {5}, {1, 3}], [{8, 2}, {5, 7}, {1, 6}, {3, 4}], [{8, 2}, {5, 7}, {3, 6}, {1, 4}], [{8, 2}, {5, 7}, {4, 6}, {1, 3}], [{8, 2}, {6, 7}, {1, 5}, {3, 4}], [{8, 2}, {6, 7}, {3, 5}, {1, 4}], [{8, 2}, {6, 7}, {4, 5}, {1, 3}], [{8, 2}, {7}, {1, 6}, {4, 5}, {3}], [{8, 2}, {7}, {6}, {3, 5}, {1, 4}], [{8, 3}, {1, 7}, {2, 6}, {4, 5}], [{8, 3}, {1, 7}, {4, 6}, {2, 5}], [{8, 3}, {1, 7}, {5, 6}, {2, 4}], [{8, 3}, {2, 7}, {1, 6}, {4, 5}], [{8, 3}, {2, 7}, {1, 6}, {5}, {4}], [{8, 3}, {2, 7}, {4, 6}, {1, 5}], [{8, 3}, {2, 7}, {4, 6}, {5}, {1}], [{8, 3}, {2, 7}, {5, 6}, {1, 4}], [{8, 3}, {2, 7}, {5, 6}, {4}, {1}], [{8, 3}, {2, 7}, {6}, {1, 5}, {4}], [{8, 3}, {2, 7}, {6}, {4, 5}, {1}], [{8, 3}, {2, 7}, {6}, {5}, {1, 4}], [{8, 3}, {4, 7}, {1, 6}, {2, 5}], [{8, 3}, {4, 7}, {2, 6}, {1, 5}], [{8, 3}, {4, 7}, {5, 6}, {1, 2}], [{8, 3}, {4, 7}, {6}, {5}, {1, 2}], [{8, 3}, {5, 7}, {1, 6}, {2, 4}], [{8, 3}, {5, 7}, {2, 6}, {1, 4}], [{8, 3}, {5, 7}, {2, 6}, {4}, {1}], [{8, 3}, {5, 7}, {4, 6}, {1, 2}], [{8, 3}, {6, 7}, {1, 5}, {2, 4}], [{8, 3}, {6, 7}, {2, 5}, {1, 4}], [{8, 3}, {6, 7}, {4, 5}, {1, 2}], [{8, 3}, {7}, {1, 6}, {4, 5}, {2}], [{8, 3}, {7}, {4, 6}, {1, 5}, {2}], [{8, 3}, {7}, {5, 6}, {1, 4}, {2}], [{8, 4}, {1, 7}, {2, 6}, {3, 5}], [{8, 4}, {1, 7}, {3, 6}, {2, 5}], [{8, 4}, {1, 7}, {5, 6}, {2, 3}], [{8, 4}, {2, 7}, {1, 6}, {3, 5}], [{8, 4}, {2, 7}, {3, 6}, {1, 5}], [{8, 4}, {2, 7}, {5, 6}, {1, 3}], [{8, 4}, {2, 7}, {6}, {3, 5}, {1}], [{8, 4}, {3, 7}, {1, 6}, {2, 5}], [{8, 4}, {3, 7}, {2, 6}, {1, 5}], [{8, 4}, {3, 7}, {5, 6}, {1, 2}], [{8, 4}, {3, 7}, {6}, {2, 5}, {1}], [{8, 4}, {5, 7}, {1, 6}, {2, 3}], [{8, 4}, {5, 7}, {1, 6}, {3}, {2}], [{8, 4}, {5, 7}, {2, 6}, {1, 3}], [{8, 4}, {5, 7}, {3, 6}, {1, 2}], [{8, 4}, {5, 7}, {6}, {2, 3}, {1}], [{8, 4}, {6, 7}, {1, 5}, {2, 3}], [{8, 4}, {6, 7}, {2, 5}, {1, 3}], [{8, 4}, {6, 7}, {3, 5}, {1, 2}], [{8, 4}, {6, 7}, {3, 5}, {2}, {1}], [{8, 4}, {7}, {2, 6}, {3, 5}, {1}], [{8, 4}, {7}, {5, 6}, {1, 3}, {2}], [{8, 5}, {1, 7}, {2, 6}, {3, 4}], [{8, 5}, {1, 7}, {3, 6}, {2, 4}], [{8, 5}, {1, 7}, {4, 6}, {2, 3}], [{8, 5}, {1, 7}, {6}, {4}, {2, 3}], [{8, 5}, {2, 7}, {1, 6}, {3, 4}], [{8, 5}, {2, 7}, {3, 6}, {1, 4}], [{8, 5}, {2, 7}, {4, 6}, {1, 3}], [{8, 5}, {2, 7}, {4, 6}, {3}, {1}], [{8, 5}, {3, 7}, {1, 6}, {2, 4}], [{8, 5}, {3, 7}, {2, 6}, {1, 4}], [{8, 5}, {3, 7}, {4, 6}, {1, 2}], [{8, 5}, {4, 7}, {1, 6}, {2, 3}], [{8, 5}, {4, 7}, {1, 6}, {3}, {2}], [{8, 5}, {4, 7}, {2, 6}, {1, 3}], [{8, 5}, {4, 7}, {3, 6}, {1, 2}], [{8, 5}, {6, 7}, {1, 4}, {2, 3}], [{8, 5}, {6, 7}, {2, 4}, {1, 3}], [{8, 5}, {6, 7}, {3, 4}, {1, 2}], [{8, 5}, {6, 7}, {4}, {3}, {1, 2}], [{8, 6}, {1, 7}, {2, 5}, {3, 4}], [{8, 6}, {1, 7}, {3, 5}, {2, 4}], [{8, 6}, {1, 7}, {4, 5}, {2, 3}], [{8, 6}, {1, 7}, {5}, {4}, {2, 3}], [{8, 6}, {2, 7}, {1, 5}, {3, 4}], [{8, 6}, {2, 7}, {3, 5}, {1, 4}], [{8, 6}, {2, 7}, {3, 5}, {4}, {1}], [{8, 6}, {2, 7}, {4, 5}, {1, 3}], [{8, 6}, {3, 7}, {1, 5}, {2, 4}], [{8, 6}, {3, 7}, {2, 5}, {1, 4}], [{8, 6}, {3, 7}, {4, 5}, {1, 2}], [{8, 6}, {3, 7}, {5}, {2, 4}, {1}], [{8, 6}, {4, 7}, {1, 5}, {2, 3}], [{8, 6}, {4, 7}, {2, 5}, {1, 3}], [{8, 6}, {4, 7}, {3, 5}, {1, 2}], [{8, 6}, {5, 7}, {1, 4}, {2, 3}], [{8, 6}, {5, 7}, {2, 4}, {1, 3}], [{8, 6}, {5, 7}, {3, 4}, {1, 2}], [{8, 6}, {5, 7}, {4}, {3}, {1, 2}], [{8, 6}, {7}, {3, 5}, {1, 4}, {2}], [{8, 6}, {7}, {4, 5}, {2, 3}, {1}], [{8, 6}, {7}, {5}, {3, 4}, {1, 2}], [{8, 7}, {1, 6}, {2, 5}, {3, 4}], [{8, 7}, {1, 6}, {3, 5}, {2, 4}], [{8, 7}, {1, 6}, {4, 5}, {2, 3}], [{8, 7}, {1, 6}, {4, 5}, {3}, {2}], [{8, 7}, {2, 6}, {1, 5}, {3, 4}], [{8, 7}, {2, 6}, {3, 5}, {1, 4}], [{8, 7}, {2, 6}, {4, 5}, {1, 3}], [{8, 7}, {3, 6}, {1, 5}, {2, 4}], [{8, 7}, {3, 6}, {2, 5}, {1, 4}], [{8, 7}, {3, 6}, {4, 5}, {1, 2}], [{8, 7}, {4, 6}, {1, 5}, {2, 3}], [{8, 7}, {4, 6}, {2, 5}, {1, 3}], [{8, 7}, {4, 6}, {3, 5}, {1, 2}], [{8, 7}, {5, 6}, {1, 4}, {2, 3}], [{8, 7}, {5, 6}, {2, 4}, {1, 3}], [{8, 7}, {5, 6}, {3, 4}, {1, 2}], [{8, 7}, {5, 6}, {4}, {2, 3}, {1}], [{8, 7}, {6}, {3, 5}, {4}, {1, 2}], [{8}, {1, 7}, {3, 6}, {4, 5}, {2}], [{8}, {1, 7}, {4, 6}, {3, 5}, {2}], [{8}, {1, 7}, {5, 6}, {4}, {2, 3}], [{8}, {2, 7}, {1, 6}, {4, 5}, {3}], [{8}, {2, 7}, {4, 6}, {1, 5}, {3}], [{8}, {2, 7}, {4, 6}, {3, 5}, {1}], [{8}, {2, 7}, {4, 6}, {5}, {1, 3}], [{8}, {2, 7}, {4, 6}, {5}, {3}, {1}], [{8}, {2, 7}, {5, 6}, {1, 4}, {3}], [{8}, {3, 7}, {1, 6}, {4, 5}, {2}], [{8}, {4, 7}, {5, 6}, {3}, {1, 2}], [{8}, {5, 7}, {3, 6}, {2, 4}, {1}], [{8}, {5, 7}, {4, 6}, {1, 3}, {2}], [{8}, {5, 7}, {6}, {1, 4}, {2, 3}], [{8}, {6, 7}, {4, 5}, {1, 3}, {2}], [{8}, {7}, {1, 6}, {2, 5}, {3, 4}], [{8}, {7}, {1, 6}, {3, 5}, {2, 4}], [{8}, {7}, {1, 6}, {4, 5}, {2, 3}], [{8}, {7}, {1, 6}, {4, 5}, {3}, {2}], [{8}, {7}, {2, 6}, {3, 5}, {1, 4}], [{8}, {7}, {3, 6}, {2, 5}, {1, 4}], [{8}, {7}, {4, 6}, {2, 5}, {1, 3}], [{8}, {7}, {4, 6}, {3, 5}, {1, 2}]]",2,8 K_1^3 + 4 K_1^2 K_2 - 16 K_1^2 - 12 K_1 K_2 - 4 K_1 K_3 + 8 K_2 + 4 K_3 + K_4 + 8,O1O2O3O4U3U5U4O6O5U1O7U2U6O8U7U8,O1O2O3U1U3U4U5O6O7U6O8O4U7O5U2U8,O1O2O3U4U2O5U6O7O4U8O6O8U5U7U1U3,c,{'O1O2O3O4U5U6O5U7U3O6U4O8O7U1U8U2'},1,"<a href=""/flatknot/8.857732"">8.857732</a>",t^9-44t^7-134t^6-5t^5+284t^4+77t^3-174t^2-15t+14,0,,
8.857733,O1O2O3O4U5U6O5U7U3O6U4O8O7U2U1U8,4,8z^3+50z^2+111z+87,8w^4z^3+50w^3z^2+111w^2z+87w,False,False,"[[ 0 -1 -1  1  2 -1 -1  0  1],[ 1  0  0  1  2  0  0  0  1],[ 1  0  0  1  2  0  0  0  0],[-1 -1 -1  0  0 -1  0 -1 -1],[-2 -2 -2  0  0 -3 -1 -1 -1],[ 1  0  0  1  3  0 -1  0  1],[ 1  0  0  0  1  1  0  0  2],[ 0  0  0  1  1  0  0  0  1],[-1 -1  0  1  1 -1 -2 -1  0]]","[[ 0  2  1  1  0 -1 -1 -1 -1],[-2  0  0 -1 -1 -1 -2 -2 -3],[-1  0  0 -1 -1  0 -1 -1 -1],[-1  1  1  0 -1 -2  0 -1 -1],[ 0  1  1  1  0  0  0  0  0],[ 1  1  0  2  0  0  0  0  1],[ 1  2  1  0  0  0  0  0  0],[ 1  2  1  1  0  0  0  0  0],[ 1  3  1  1  0 -1  0  0  0]]",True,"[-2,-1,-1,0,1,1,1,1,0,1,1,1,2,2,3,1,1,0,1,1,1,1,2,0,1,1,0,0,0,0,0,0,-1,0,0,0]","[-2,-1,-1,0,1,1,1,1,0,1,1,0,1,1,2,1,0,1,1,2,0,0,1,1,1,2,1,1,1,1,0,0,-1,0,0,0]",t^8+33t^6+109t^4+62t^2+1,"[-1,-1,-1,-1,0,1,1,2,-1,0,0,1,0,2,2,0,0,1,1,1,0,0,1,1,1,1,1,2,1,1,0,0,1,-1,0,1]","[-2,-1,-1,0,1,1,1,1,0,1,1,0,1,1,2,1,0,1,1,2,0,0,1,1,1,2,1,1,1,1,0,0,-1,0,0,0]","[-1,-1,-1,-1,0,1,1,2,-1,0,0,0,1,1,3,0,0,0,0,2,1,0,0,1,0,2,0,1,1,2,1,1,1,-1,0,1]",c,"[[{8, 1}, {2, 7}, {3, 6}, {4, 5}], [{8, 1}, {2, 7}, {4, 6}, {3, 5}], [{8, 1}, {2, 7}, {5, 6}, {3, 4}], [{8, 1}, {2, 7}, {5, 6}, {4}, {3}], [{8, 1}, {3, 7}, {2, 6}, {4, 5}], [{8, 1}, {3, 7}, {2, 6}, {5}, {4}], [{8, 1}, {3, 7}, {4, 6}, {2, 5}], [{8, 1}, {3, 7}, {5, 6}, {2, 4}], [{8, 1}, {4, 7}, {2, 6}, {3, 5}], [{8, 1}, {4, 7}, {3, 6}, {2, 5}], [{8, 1}, {4, 7}, {3, 6}, {5}, {2}], [{8, 1}, {4, 7}, {5, 6}, {2, 3}], [{8, 1}, {5, 7}, {2, 6}, {3, 4}], [{8, 1}, {5, 7}, {3, 6}, {2, 4}], [{8, 1}, {5, 7}, {4, 6}, {2, 3}], [{8, 1}, {6, 7}, {2, 5}, {3, 4}], [{8, 1}, {6, 7}, {3, 5}, {2, 4}], [{8, 1}, {6, 7}, {3, 5}, {4}, {2}], [{8, 1}, {6, 7}, {4, 5}, {2, 3}], [{8, 1}, {6, 7}, {5}, {2, 4}, {3}], [{8, 2}, {1, 7}, {3, 6}, {4, 5}], [{8, 2}, {1, 7}, {4, 6}, {3, 5}], [{8, 2}, {1, 7}, {5, 6}, {3, 4}], [{8, 2}, {1, 7}, {6}, {4, 5}, {3}], [{8, 2}, {3, 7}, {1, 6}, {4, 5}], [{8, 2}, {3, 7}, {4, 6}, {1, 5}], [{8, 2}, {3, 7}, {4, 6}, {5}, {1}], [{8, 2}, {3, 7}, {5, 6}, {1, 4}], [{8, 2}, {4, 7}, {1, 6}, {3, 5}], [{8, 2}, {4, 7}, {3, 6}, {1, 5}], [{8, 2}, {4, 7}, {3, 6}, {5}, {1}], [{8, 2}, {4, 7}, {5, 6}, {1, 3}], [{8, 2}, {5, 7}, {1, 6}, {3, 4}], [{8, 2}, {5, 7}, {3, 6}, {1, 4}], [{8, 2}, {5, 7}, {4, 6}, {1, 3}], [{8, 2}, {5, 7}, {6}, {1, 4}, {3}], [{8, 2}, {6, 7}, {1, 5}, {3, 4}], [{8, 2}, {6, 7}, {3, 5}, {1, 4}], [{8, 2}, {6, 7}, {4, 5}, {1, 3}], [{8, 2}, {6, 7}, {5}, {3, 4}, {1}], [{8, 3}, {1, 7}, {2, 6}, {4, 5}], [{8, 3}, {1, 7}, {4, 6}, {2, 5}], [{8, 3}, {1, 7}, {5, 6}, {2, 4}], [{8, 3}, {2, 7}, {1, 6}, {4, 5}], [{8, 3}, {2, 7}, {4, 6}, {1, 5}], [{8, 3}, {2, 7}, {4, 6}, {5}, {1}], [{8, 3}, {2, 7}, {5, 6}, {1, 4}], [{8, 3}, {2, 7}, {5, 6}, {4}, {1}], [{8, 3}, {2, 7}, {6}, {4, 5}, {1}], [{8, 3}, {4, 7}, {1, 6}, {2, 5}], [{8, 3}, {4, 7}, {2, 6}, {1, 5}], [{8, 3}, {4, 7}, {2, 6}, {5}, {1}], [{8, 3}, {4, 7}, {5, 6}, {1, 2}], [{8, 3}, {4, 7}, {5, 6}, {2}, {1}], [{8, 3}, {4, 7}, {6}, {2, 5}, {1}], [{8, 3}, {5, 7}, {1, 6}, {2, 4}], [{8, 3}, {5, 7}, {2, 6}, {1, 4}], [{8, 3}, {5, 7}, {4, 6}, {1, 2}], [{8, 3}, {5, 7}, {6}, {2, 4}, {1}], [{8, 3}, {6, 7}, {1, 5}, {2, 4}], [{8, 3}, {6, 7}, {1, 5}, {4}, {2}], [{8, 3}, {6, 7}, {2, 5}, {1, 4}], [{8, 3}, {6, 7}, {4, 5}, {1, 2}], [{8, 3}, {6, 7}, {5}, {2, 4}, {1}], [{8, 3}, {7}, {5, 6}, {2, 4}, {1}], [{8, 4}, {1, 7}, {2, 6}, {3, 5}], [{8, 4}, {1, 7}, {2, 6}, {5}, {3}], [{8, 4}, {1, 7}, {3, 6}, {2, 5}], [{8, 4}, {1, 7}, {5, 6}, {2, 3}], [{8, 4}, {2, 7}, {1, 6}, {3, 5}], [{8, 4}, {2, 7}, {3, 6}, {1, 5}], [{8, 4}, {2, 7}, {5, 6}, {1, 3}], [{8, 4}, {2, 7}, {6}, {3, 5}, {1}], [{8, 4}, {3, 7}, {1, 6}, {2, 5}], [{8, 4}, {3, 7}, {2, 6}, {1, 5}], [{8, 4}, {3, 7}, {5, 6}, {1, 2}], [{8, 4}, {5, 7}, {1, 6}, {2, 3}], [{8, 4}, {5, 7}, {2, 6}, {1, 3}], [{8, 4}, {5, 7}, {3, 6}, {1, 2}], [{8, 4}, {5, 7}, {3, 6}, {2}, {1}], [{8, 4}, {6, 7}, {1, 5}, {2, 3}], [{8, 4}, {6, 7}, {2, 5}, {1, 3}], [{8, 4}, {6, 7}, {3, 5}, {1, 2}], [{8, 5}, {1, 7}, {2, 6}, {3, 4}], [{8, 5}, {1, 7}, {3, 6}, {2, 4}], [{8, 5}, {1, 7}, {4, 6}, {2, 3}], [{8, 5}, {2, 7}, {1, 6}, {3, 4}], [{8, 5}, {2, 7}, {3, 6}, {1, 4}], [{8, 5}, {2, 7}, {4, 6}, {1, 3}], [{8, 5}, {3, 7}, {1, 6}, {2, 4}], [{8, 5}, {3, 7}, {2, 6}, {1, 4}], [{8, 5}, {3, 7}, {4, 6}, {1, 2}], [{8, 5}, {4, 7}, {1, 6}, {2, 3}], [{8, 5}, {4, 7}, {2, 6}, {1, 3}], [{8, 5}, {4, 7}, {3, 6}, {1, 2}], [{8, 5}, {6, 7}, {1, 4}, {2, 3}], [{8, 5}, {6, 7}, {1, 4}, {3}, {2}], [{8, 5}, {6, 7}, {2, 4}, {1, 3}], [{8, 5}, {6, 7}, {2, 4}, {3}, {1}], [{8, 5}, {6, 7}, {3, 4}, {1, 2}], [{8, 5}, {6, 7}, {3, 4}, {2}, {1}], [{8, 5}, {6, 7}, {4}, {1, 3}, {2}], [{8, 5}, {6, 7}, {4}, {2, 3}, {1}], [{8, 5}, {6, 7}, {4}, {3}, {1, 2}], [{8, 5}, {6, 7}, {4}, {3}, {2}, {1}], [{8, 6}, {1, 7}, {2, 5}, {3, 4}], [{8, 6}, {1, 7}, {3, 5}, {2, 4}], [{8, 6}, {1, 7}, {4, 5}, {2, 3}], [{8, 6}, {1, 7}, {5}, {2, 4}, {3}], [{8, 6}, {2, 7}, {1, 5}, {3, 4}], [{8, 6}, {2, 7}, {3, 5}, {1, 4}], [{8, 6}, {2, 7}, {4, 5}, {1, 3}], [{8, 6}, {2, 7}, {5}, {1, 4}, {3}], [{8, 6}, {3, 7}, {1, 5}, {2, 4}], [{8, 6}, {3, 7}, {2, 5}, {1, 4}], [{8, 6}, {3, 7}, {4, 5}, {1, 2}], [{8, 6}, {3, 7}, {5}, {1, 4}, {2}], [{8, 6}, {4, 7}, {1, 5}, {2, 3}], [{8, 6}, {4, 7}, {1, 5}, {3}, {2}], [{8, 6}, {4, 7}, {2, 5}, {1, 3}], [{8, 6}, {4, 7}, {3, 5}, {1, 2}], [{8, 6}, {4, 7}, {3, 5}, {2}, {1}], [{8, 6}, {4, 7}, {5}, {1, 3}, {2}], [{8, 6}, {5, 7}, {1, 4}, {2, 3}], [{8, 6}, {5, 7}, {2, 4}, {1, 3}], [{8, 6}, {5, 7}, {3, 4}, {1, 2}], [{8, 6}, {5, 7}, {4}, {3}, {1, 2}], [{8, 6}, {7}, {1, 5}, {4}, {2, 3}], [{8, 6}, {7}, {4, 5}, {2, 3}, {1}], [{8, 6}, {7}, {5}, {1, 4}, {2, 3}], [{8, 7}, {1, 6}, {2, 5}, {3, 4}], [{8, 7}, {1, 6}, {3, 5}, {2, 4}], [{8, 7}, {1, 6}, {4, 5}, {2, 3}], [{8, 7}, {1, 6}, {5}, {4}, {2, 3}], [{8, 7}, {2, 6}, {1, 5}, {3, 4}], [{8, 7}, {2, 6}, {3, 5}, {1, 4}], [{8, 7}, {2, 6}, {4, 5}, {1, 3}], [{8, 7}, {3, 6}, {1, 5}, {2, 4}], [{8, 7}, {3, 6}, {2, 5}, {1, 4}], [{8, 7}, {3, 6}, {4, 5}, {1, 2}], [{8, 7}, {3, 6}, {4, 5}, {2}, {1}], [{8, 7}, {4, 6}, {1, 5}, {2, 3}], [{8, 7}, {4, 6}, {2, 5}, {1, 3}], [{8, 7}, {4, 6}, {3, 5}, {1, 2}], [{8, 7}, {4, 6}, {5}, {2, 3}, {1}], [{8, 7}, {5, 6}, {1, 4}, {2, 3}], [{8, 7}, {5, 6}, {2, 4}, {1, 3}], [{8, 7}, {5, 6}, {3, 4}, {1, 2}], [{8, 7}, {6}, {2, 5}, {1, 4}, {3}], [{8, 7}, {6}, {3, 5}, {1, 4}, {2}], [{8, 7}, {6}, {5}, {1, 4}, {2, 3}], [{8}, {2, 7}, {5, 6}, {4}, {1, 3}], [{8}, {4, 7}, {3, 6}, {5}, {1, 2}], [{8}, {5, 7}, {2, 6}, {3, 4}, {1}], [{8}, {6, 7}, {1, 5}, {2, 4}, {3}], [{8}, {6, 7}, {2, 5}, {3, 4}, {1}], [{8}, {6, 7}, {3, 5}, {2, 4}, {1}], [{8}, {6, 7}, {5}, {1, 4}, {2, 3}], [{8}, {6, 7}, {5}, {2, 4}, {1, 3}], [{8}, {7}, {2, 6}, {4, 5}, {1, 3}]]",2,4 K_1^3 - 6 K_1^2 - 4 K_1 K_2 - K_1 + 3 K_2 + K_3 + 4,O1O2O3O4U5U4U3O6O5U1O7U2U6O8U7U8,O1O2O3U2U1U4U5O6O7U6O8O4U7O5U3U8,O1O2O3U4U1O5U6O7O4U8O6O8U5U7U3U2,c,{'O1O2O3O4U5U6O5U7U3O6U4O8O7U2U1U8'},1,"<a href=""/flatknot/8.857733"">8.857733</a>",t^9-31t^7-28t^6+116t^5+40t^4-101t^3-22t^2+17t,-t^2+2t,,
8.857734,O1O2O3O4U5U6O5U7U3O6U4O8O7U8U1U2,3,20z^2+89z+99,-2w^4z^2+22w^3z^2-6w^3z+95w^2z+99w,False,False,"[[ 0 -1  1  1  2 -1 -1  0 -1],[ 1  0  1  1  2  0  0  1 -1],[-1 -1  0  1  2 -2 -2 -1 -1],[-1 -1 -1  0  0 -1  0 -1 -1],[-2 -2 -2  0  0 -3 -1 -1 -1],[ 1  0  2  1  3  0 -1  0 -1],[ 1  0  2  0  1  1  0  0  0],[ 0 -1  1  1  1  0  0  0 -1],[ 1  1  1  1  1  1  0  1  0]]","[[ 0  2  1  1  0 -1 -1 -1 -1],[-2  0  0 -2 -1 -1 -1 -2 -3],[-1  0  0 -1 -1  0 -1 -1 -1],[-1  2  1  0 -1 -2 -1 -1 -2],[ 0  1  1  1  0  0 -1 -1  0],[ 1  1  0  2  0  0  0  0  1],[ 1  1  1  1  1  0  0  1  1],[ 1  2  1  1  1  0 -1  0  0],[ 1  3  1  2  0 -1 -1  0  0]]",True,"[-2,-1,-1,0,1,1,1,1,0,2,1,1,1,2,3,1,1,0,1,1,1,1,2,1,1,2,0,1,1,0,0,0,-1,-1,-1,0]","[-2,-1,-1,0,1,1,1,1,-1,1,1,0,1,2,2,1,0,0,1,0,1,0,1,1,2,1,1,0,1,0,0,-1,-1,0,-1,0]",t^8+41t^6+126t^4+56t^2,"[-1,-1,-1,-1,0,1,1,2,-1,-1,0,0,1,1,2,0,0,0,1,1,1,1,1,0,1,0,1,0,2,2,0,0,1,-1,-1,1]","[-2,-1,-1,0,1,1,1,1,-1,1,1,0,1,2,2,1,0,0,1,0,1,0,1,1,2,1,1,0,1,0,0,-1,-1,0,-1,0]","[-1,-1,-1,-1,0,1,1,2,-1,-1,0,0,1,2,3,0,0,0,0,2,1,1,1,1,1,1,1,1,1,2,1,1,1,-1,0,2]",c,"[[{8, 4}, {3, 7}, {5, 6}, {1, 2}], [{8, 4}, {3, 7}, {6}, {5}, {1, 2}], [{8, 5}, {6, 7}, {3, 4}, {1, 2}], [{8, 5}, {6, 7}, {4}, {3}, {1, 2}], [{8, 6}, {5, 7}, {3, 4}, {1, 2}], [{8, 6}, {5, 7}, {4}, {3}, {1, 2}]]",1,4 K_1^3 - 14 K_1^2 - 4 K_1 K_2 - K_1 + 7 K_2 + K_3 + 8,O1O2O3O4U3U4U5O6O5U1O7U2U6O8U7U8,O1O2O3U2U3U4U5O6O7U6O8O4U7O5U1U8,O1O2O3U4U3O5U6O7O4U8O6O8U5U7U1U2,c,{'O1O2O3O4U5U6O5U7U3O6U4O8O7U8U1U2'},1,"<a href=""/flatknot/8.857734"">8.857734</a>",t^9-39t^7-104t^6+35t^5+306t^4+231t^3+26t^2-4t,-t^2+2t,,
8.857735,O1O2O3O4U5U6O5U7U4O6U1O8O7U3U8U2,4,3z^3+29z^2+105z+119,3w^4z^3+29w^3z^2+105w^2z+119w,False,False,"[[ 0 -1  1  0  2 -1 -1  0  0],[ 1  0  1  0  1  0  1  1  0],[-1 -1  0 -1  2 -2 -2  0  0],[ 0  0  1  0  2 -1 -1  0  0],[-2 -1 -2 -2  0 -2 -1 -1 -1],[ 1  0  2  1  2  0 -1  0  0],[ 1 -1  2  1  1  1  0  0  1],[ 0 -1  0  0  1  0  0  0  0],[ 0  0  0  0  1  0 -1  0  0]]","[[ 0  2  1  0  0  0 -1 -1 -1],[-2  0 -2 -1 -1 -2 -1 -1 -2],[-1  2  0  0  0 -1 -1 -2 -2],[ 0  1  0  0  0  0  0 -1  0],[ 0  1  0  0  0  0 -1  0  0],[ 0  2  1  0  0  0  0 -1 -1],[ 1  1  1  0  1  0  0  1  0],[ 1  1  2  1  0  1 -1  0  1],[ 1  2  2  0  0  1  0 -1  0]]",True,"[-2,-1,0,0,0,1,1,1,2,1,1,2,1,1,2,0,0,1,1,2,2,0,0,0,1,0,0,1,0,0,0,1,1,-1,0,-1]","[-2,-1,0,0,0,1,1,1,-1,0,1,1,1,2,2,0,1,1,0,0,1,0,0,0,0,1,0,1,0,1,1,1,0,-1,0,-1]",t^8+32t^6+103t^4+59t^2+4,"[-1,-1,-1,0,0,0,1,2,-1,0,0,1,1,1,2,-1,1,0,0,0,2,1,0,1,0,1,0,0,1,1,0,0,0,1,1,-1]","[-2,-1,0,0,0,1,1,1,-1,0,1,1,1,2,2,0,1,1,0,0,1,0,0,0,0,1,0,1,0,1,1,1,0,-1,0,-1]","[-1,-1,-1,0,0,0,1,2,-1,0,0,0,1,2,2,-1,0,1,1,2,1,1,0,0,1,1,0,0,0,1,0,0,1,1,2,2]",c,"[[{8, 7}, {1, 6}, {2, 5}, {3, 4}], [{8, 7}, {3, 6}, {2, 5}, {1, 4}], [{8, 7}, {4, 6}, {2, 5}, {1, 3}], [{8}, {7}, {1, 6}, {2, 5}, {3, 4}], [{8}, {7}, {3, 6}, {2, 5}, {1, 4}], [{8}, {7}, {4, 6}, {2, 5}, {1, 3}]]",1,8 K_1^3 - 30 K_1^2 - 12 K_1 K_2 + 15 K_2 + 4 K_3 + 16,O1O2O3O4U3U5U2O6O5U4O7U1U6O8U7U8,O1O2O3U4U3U1U5O6O7U6O8O5U7O4U2U8,O1O2O3U4U2O5U6O7O4U8O6O8U7U3U1U5,c,{'O1O2O3O4U5U6O5U7U4O6U1O8O7U3U8U2'},1,"<a href=""/flatknot/8.857735"">8.857735</a>",t^9-30t^7-76t^6-4t^5+130t^4+74t^3-50t^2-26t+12,-t^2+2t,,
8.857736,O1O2O3O4U5U6O5U7U4O6U1O8O7U8U2U3,4,7z^3+49z^2+113z+87,7w^4z^3+49w^3z^2+113w^2z+87w,False,False,"[[ 0 -1  0  2  2 -1 -1  0 -1],[ 1  0  0  1  1  0  1  1 -1],[ 0  0  0  1  2 -1 -1  1 -1],[-2 -1 -1  0  2 -3 -3 -1 -1],[-2 -1 -2 -2  0 -2 -1 -1 -1],[ 1  0  1  3  2  0 -1  0 -1],[ 1 -1  1  3  1  1  0  0  0],[ 0 -1 -1  1  1  0  0  0 -1],[ 1  1  1  1  1  1  0  1  0]]","[[ 0  2  2  0  0 -1 -1 -1 -1],[-2  0  2 -1 -1 -1 -1 -3 -3],[-2 -2  0 -1 -2 -1 -1 -1 -2],[ 0  1  1  0 -1 -1 -1  0  0],[ 0  1  2  1  0  0 -1 -1 -1],[ 1  1  1  1  0  0 -1  1  0],[ 1  1  1  1  1  1  0  0  1],[ 1  3  1  0  1 -1  0  0  1],[ 1  3  2  0  1  0 -1 -1  0]]",True,"[-2,-2,0,0,1,1,1,1,-2,1,1,1,1,3,3,1,2,1,1,1,2,1,1,1,0,0,0,1,1,1,1,-1,0,0,-1,-1]","[-2,-2,0,0,1,1,1,1,-2,0,1,1,2,2,2,1,1,0,0,2,2,1,0,0,0,1,1,1,0,0,-1,-1,0,0,-1,1]",t^8+48t^6+258t^4+130t^2+4,"[-1,-1,-1,-1,0,0,2,2,-1,-1,0,0,0,2,2,0,-1,0,1,2,2,1,1,0,0,1,1,0,0,2,1,1,1,1,0,-2]","[-2,-2,0,0,1,1,1,1,-2,0,1,1,2,2,2,1,1,0,0,2,2,1,0,0,0,1,1,1,0,0,-1,-1,0,0,-1,1]","[-1,-1,-1,-1,0,0,2,2,-1,-1,0,0,1,2,3,0,-1,0,1,1,3,1,1,1,1,1,1,0,1,1,-1,1,1,2,1,-2]",c,"[[{8, 1}, {3, 7}, {5, 6}, {2, 4}], [{8, 4}, {2, 7}, {1, 6}, {3, 5}], [{8, 4}, {2, 7}, {1, 6}, {5}, {3}]]",1,- 8 K_1^4 + 16 K_1^3 + 16 K_1^2 K_2 - 10 K_1^2 - 8 K_1 K_2 - 6 K_1 K_3 - 8 K_1 + 4 K_2 + 5,O1O2O3O4U2U3U5O6O5U4O7U1U6O8U7U8,O1O2O3U4U2U3U5O6O7U6O8O5U7O4U1U8,O1O2O3U4U3O5U6O7O4U8O6O8U7U1U2U5,c,{'O1O2O3O4U5U6O5U7U4O6U1O8O7U8U2U3'},1,"<a href=""/flatknot/8.857736"">8.857736</a>",t^9-44t^7-144t^6-64t^5+310t^4+367t^3-138t^2-277t-26,-2t^2+4t,,
8.857737,O1O2O3O4U5U6O5U7U4O6U1O8O7U8U3U2,4,23z^2+92z+93,23w^3z^2+92w^2z+93w,False,False,"[[ 0 -1  1  1  2 -1 -1  0 -1],[ 1  0  1  0  1  0  1  1 -1],[-1 -1  0  0  2 -2 -2  0 -1],[-1  0  0  0  2 -2 -2  0 -1],[-2 -1 -2 -2  0 -2 -1 -1 -1],[ 1  0  2  2  2  0 -1  0 -1],[ 1 -1  2  2  1  1  0  0  0],[ 0 -1  0  0  1  0  0  0 -1],[ 1  1  1  1  1  1  0  1  0]]","[[ 0  2  1  1  0 -1 -1 -1 -1],[-2  0 -2 -2 -1 -1 -1 -1 -2],[-1  2  0  0  0  0 -1 -2 -2],[-1  2  0  0  0 -1 -1 -2 -2],[ 0  1  0  0  0 -1 -1  0  0],[ 1  1  0  1  1  0 -1  1  0],[ 1  1  1  1  1  1  0  0  1],[ 1  1  2  2  0 -1  0  0  1],[ 1  2  2  2  0  0 -1 -1  0]]",True,"[-2,-1,-1,0,1,1,1,1,2,2,1,1,1,1,2,0,0,0,1,2,2,0,1,1,2,2,1,1,0,0,1,-1,0,0,-1,-1]","[-2,-1,-1,0,1,1,1,1,-1,-1,1,1,2,2,2,0,1,0,0,1,1,1,0,0,1,2,1,1,0,0,-1,-1,0,0,-1,1]",t^8+41t^6+181t^4+96t^2+1,"[-1,-1,-1,-1,0,1,1,2,-1,-1,0,0,1,1,2,0,-1,0,1,2,2,1,1,0,0,1,1,0,0,2,1,1,1,0,-1,-1]","[-2,-1,-1,0,1,1,1,1,-1,-1,1,1,2,2,2,0,1,0,0,1,1,1,0,0,1,2,1,1,0,0,-1,-1,0,0,-1,1]","[-1,-1,-1,-1,0,1,1,2,-1,-1,0,0,2,2,2,0,-1,0,2,2,1,1,1,1,1,1,1,0,1,1,0,0,1,0,2,2]",c,"[[{8, 4}, {3, 7}, {1, 6}, {2, 5}], [{8, 4}, {3, 7}, {1, 6}, {5}, {2}], [{8, 5}, {2, 7}, {4, 6}, {1, 3}]]",1,4 K_1^3 + 4 K_1^2 K_2 - 2 K_1^2 - 12 K_1 K_2 - 4 K_1 K_3 + 3 K_1 - 4 K_2^2 + K_2 + 5 K_3 + 3 K_4 + 3,O1O2O3O4U3U2U5O6O5U4O7U1U6O8U7U8,O1O2O3U4U3U2U5O6O7U6O8O5U7O4U1U8,O1O2O3U4U3O5U6O7O4U8O6O8U7U2U1U5,c,{'O1O2O3O4U5U6O5U7U4O6U1O8O7U8U3U2'},1,"<a href=""/flatknot/8.857737"">8.857737</a>",t^9-39t^7-100t^6+22t^5+270t^4+213t^3-28t^2-41t-6,-t^2+2t,,
8.857738,O1O2O3O4U5U6O5U7U4O6U2O8O7U1U8U3,3,13z^2+58z+65,-6w^4z^2+19w^3z^2-10w^3z+68w^2z+65w,False,False,"[[ 0 -2  0  2  2 -1 -1  0  0],[ 2  0  1  3  2  1  1  1  0],[ 0 -1  0  0  1 -1  0  0 -1],[-2 -3  0  0  2 -3 -3 -1 -1],[-2 -2 -1 -2  0 -2 -1 -1 -1],[ 1 -1  1  3  2  0 -1  0  0],[ 1 -1  0  3  1  1  0  0  1],[ 0 -1  0  1  1  0  0  0  0],[ 0  0  1  1  1  0 -1  0  0]]","[[ 0  2  2  0  0  0 -1 -1 -2],[-2  0  2  0 -1 -1 -3 -3 -3],[-2 -2  0 -1 -1 -1 -1 -2 -2],[ 0  0  1  0  0 -1  0 -1 -1],[ 0  1  1  0  0  0  0  0 -1],[ 0  1  1  1  0  0 -1  0  0],[ 1  3  1  0  0  1  0  1 -1],[ 1  3  2  1  0  0 -1  0 -1],[ 2  3  2  1  1  0  1  1  0]]",True,"[-2,-2,0,0,0,1,1,2,-2,0,1,1,3,3,3,1,1,1,1,2,2,0,1,0,1,1,0,0,0,1,1,0,0,-1,1,1]","[-2,-2,0,0,0,1,1,2,-2,0,1,1,3,3,3,1,1,1,1,2,2,0,1,0,1,1,0,0,0,1,1,0,0,-1,1,1]",t^8+53t^6+181t^4+20t^2,"[-2,-1,-1,0,0,0,2,2,0,0,1,1,2,1,2,-1,1,1,0,0,2,0,1,1,0,1,0,1,2,1,0,1,1,1,1,-2]","[-2,-2,0,0,0,1,1,2,-2,1,1,1,1,2,2,1,1,2,0,0,1,0,0,1,1,1,1,1,0,2,0,1,1,-1,0,0]","[-2,-1,-1,0,0,0,2,2,1,1,0,1,1,2,3,-1,0,0,1,2,3,1,0,0,1,3,0,1,1,1,0,1,1,1,0,-2]",c,"[[{8, 2}, {4, 7}, {5, 6}, {1, 3}], [{8, 2}, {5, 7}, {4, 6}, {1, 3}], [{8, 2}, {5, 7}, {6}, {4}, {1, 3}], [{8, 2}, {6, 7}, {4, 5}, {1, 3}]]",1,24 K_1^3 + 4 K_1^2 K_2 - 20 K_1^2 - 16 K_1 K_2 - 2 K_1 K_3 - 10 K_1 - 2 K_2^2 + 9 K_2 + 2 K_3 + K_4 + 11,O1O2O3O4U2U5U4O6O5U3O7U1U6O8U7U8,O1O2O3U1U4U3U5O6O7U6O8O5U7O4U2U8,O1O2O3U4U2O5U6O7O4U8O6O8U7U1U5U3,c,{'O1O2O3O4U5U6O5U7U4O6U2O8O7U1U8U3'},1,"<a href=""/flatknot/8.857738"">8.857738</a>",t^9-51t^7-164t^6-62t^5+270t^4+176t^3-156t^2-36t+16,-t^2+2t,,
8.857739,O1O2O3O4U5U6O5U7U4O6U2O8O7U3U1U8,4,3z^3+29z^2+105z+119,3w^4z^3+29w^3z^2+105w^2z+119w,False,False,"[[ 0 -1  0  0  2 -1 -1  0  1],[ 1  0  0  1  2  0  0  0  1],[ 0  0  0  0  1 -1  0  0  0],[ 0 -1  0  0  2 -1 -1  0  0],[-2 -2 -1 -2  0 -2 -1 -1 -1],[ 1  0  1  1  2  0 -1  0  1],[ 1  0  0  1  1  1  0  0  2],[ 0  0  0  0  1  0  0  0  1],[-1 -1  0  0  1 -1 -2 -1  0]]","[[ 0  2  1  0  0  0 -1 -1 -1],[-2  0 -1 -1 -1 -2 -1 -2 -2],[-1  1  0  0 -1  0 -2 -1 -1],[ 0  1  0  0  0  0  0  0 -1],[ 0  1  1  0  0  0  0  0  0],[ 0  2  0  0  0  0 -1 -1 -1],[ 1  1  2  0  0  1  0  0  1],[ 1  2  1  0  0  1  0  0  0],[ 1  2  1  1  0  1 -1  0  0]]",True,"[-2,-1,0,0,0,1,1,1,1,1,1,2,1,2,2,0,1,0,2,1,1,0,0,0,0,1,0,0,0,0,1,1,1,0,-1,0]","[-2,-1,0,0,0,1,1,1,0,0,1,1,1,1,2,1,0,1,1,1,0,0,0,0,0,0,0,1,1,1,0,1,1,0,-1,0]",t^8+28t^6+75t^4+27t^2+1,"[-1,-1,-1,0,0,0,1,2,-1,0,0,1,1,0,2,0,0,0,1,1,1,0,1,1,1,1,0,0,1,0,0,1,1,0,1,0]","[-2,-1,0,0,0,1,1,1,0,0,1,1,1,1,2,1,0,1,1,1,0,0,0,0,0,0,0,1,1,1,0,1,1,0,-1,0]","[-1,-1,-1,0,0,0,1,2,-1,0,0,1,1,1,2,0,0,0,1,2,1,0,0,1,1,2,0,0,1,1,0,0,1,0,2,1]",c,"[[{8, 1}, {4, 7}, {3, 6}, {2, 5}], [{8, 2}, {4, 7}, {3, 6}, {1, 5}]]",1,8 K_1^3 - 26 K_1^2 - 8 K_1 K_2 - 2 K_1 + 13 K_2 + 2 K_3 + 14,O1O2O3O4U5U4U2O6O5U3O7U1U6O8U7U8,O1O2O3U2U4U1U5O6O7U6O8O5U7O4U3U8,O1O2O3U4U1O5U6O7O4U8O6O8U7U3U5U2,c,{'O1O2O3O4U5U6O5U7U4O6U2O8O7U3U1U8'},1,"<a href=""/flatknot/8.857739"">8.857739</a>",t^9-26t^7-46t^6+50t^5+90t^4-43t^3-34t^2+15t,-t^2+2t,,
8.857740,O1O2O3O4U5U6O5U7U4O6U2O8O7U8U1U3,4,23z^2+108z+125,23w^3z^2+108w^2z+125w,False,False,"[[ 0 -1  0  2  2 -1 -1  0 -1],[ 1  0  1  2  2  0  0  1 -1],[ 0 -1  0  0  1 -1  0  0 -1],[-2 -2  0  0  2 -3 -3 -1 -1],[-2 -2 -1 -2  0 -2 -1 -1 -1],[ 1  0  1  3  2  0 -1  0 -1],[ 1  0  0  3  1  1  0  0  0],[ 0 -1  0  1  1  0  0  0 -1],[ 1  1  1  1  1  1  0  1  0]]","[[ 0  2  2  0  0 -1 -1 -1 -1],[-2  0  2  0 -1 -1 -2 -3 -3],[-2 -2  0 -1 -1 -1 -2 -1 -2],[ 0  0  1  0  0 -1 -1  0 -1],[ 0  1  1  0  0 -1 -1  0  0],[ 1  1  1  1  1  0  1  0  1],[ 1  2  2  1  1 -1  0  0  0],[ 1  3  1  0  0  0  0  0  1],[ 1  3  2  1  0 -1  0 -1  0]]",True,"[-2,-2,0,0,1,1,1,1,-2,0,1,1,2,3,3,1,1,1,2,1,2,0,1,1,0,1,1,1,0,0,-1,0,-1,0,0,-1]","[-2,-2,0,0,1,1,1,1,-2,0,1,1,2,3,3,1,1,1,2,1,2,0,1,1,0,1,1,1,0,0,-1,0,-1,0,0,-1]",t^8+48t^6+177t^4+52t^2+1,"[-1,-1,-1,-1,0,0,2,2,-1,-1,0,0,0,2,2,0,0,0,0,1,1,1,0,1,0,1,1,1,0,2,0,2,1,1,1,-2]","[-2,-2,0,0,1,1,1,1,-2,1,1,1,1,2,2,1,2,0,1,0,2,0,1,0,1,0,0,0,1,0,0,-1,-1,0,-1,0]","[-1,-1,-1,-1,0,0,2,2,-1,-1,0,0,1,2,3,0,0,0,0,1,3,1,1,1,1,1,1,1,2,2,0,1,1,1,0,-2]",c,"[[{8, 5}, {4, 7}, {1, 6}, {2, 3}], [{8, 5}, {7}, {1, 6}, {4}, {2, 3}]]",1,4 K_1^3 - 8 K_1^2 - 8 K_1 K_2 + K_1 + 4 K_2 + 3 K_3 + 5,O1O2O3O4U2U4U5O6O5U3O7U1U6O8U7U8,O1O2O3U2U4U3U5O6O7U6O8O5U7O4U1U8,O1O2O3U4U3O5U6O7O4U8O6O8U7U1U5U2,c,{'O1O2O3O4U5U6O5U7U4O6U2O8O7U8U1U3'},1,"<a href=""/flatknot/8.857740"">8.857740</a>",t^9-44t^7-118t^6+33t^5+364t^4+322t^3+52t^2-27t-22,-2t^2+4t,,
8.857741,O1O2O3O4U5U6O5U7U4O6U3O8O7U1U2U8,4,7z^3+49z^2+113z+87,7w^4z^3+49w^3z^2+113w^2z+87w,False,False,"[[ 0 -2  0  1  2 -1 -1  0  1],[ 2  0  1  1  2  1  1  1  1],[ 0 -1  0  1  2 -1 -1 -1  0],[-1 -1 -1  0  1 -2 -1 -1 -1],[-2 -2 -2 -1  0 -2 -1 -1 -1],[ 1 -1  1  2  2  0 -1  0  1],[ 1 -1  1  1  1  1  0  0  2],[ 0 -1  1  1  1  0  0  0  1],[-1 -1  0  1  1 -1 -2 -1  0]]","[[ 0  2  1  1  0  0 -1 -1 -2],[-2  0 -1 -1 -1 -2 -1 -2 -2],[-1  1  0  1 -1  0 -2 -1 -1],[-1  1 -1  0 -1 -1 -1 -2 -1],[ 0  1  1  1  0  1  0  0 -1],[ 0  2  0  1 -1  0 -1 -1 -1],[ 1  1  2  1  0  1  0  1 -1],[ 1  2  1  2  0  1 -1  0 -1],[ 2  2  1  1  1  1  1  1  0]]",True,"[-2,-1,-1,0,0,1,1,2,1,1,1,2,1,2,2,-1,1,0,2,1,1,1,1,1,2,1,-1,0,0,1,1,1,1,-1,1,1]","[-2,-1,-1,0,0,1,1,2,0,0,0,1,1,2,2,-1,0,0,0,1,2,1,0,1,0,2,-1,0,0,1,1,1,1,-1,0,0]",t^8+40t^6+134t^4+49t^2+1,"[-2,-1,-1,0,0,1,1,2,0,0,1,1,2,2,2,-1,0,1,0,1,2,0,1,1,0,1,1,1,0,0,0,0,1,-1,0,0]","[-2,-1,-1,0,0,1,1,2,0,0,0,1,1,2,2,-1,0,0,0,1,2,1,0,1,0,2,-1,0,0,1,1,1,1,-1,0,0]","[-2,-1,-1,0,0,1,1,2,1,1,1,1,1,1,2,-1,0,1,1,2,2,0,1,2,1,1,1,1,1,1,0,1,2,1,1,1]",c,"[[{8, 1}, {2, 7}, {3, 6}, {4, 5}], [{8, 1}, {2, 7}, {4, 6}, {3, 5}], [{8, 1}, {2, 7}, {5, 6}, {3, 4}], [{8, 1}, {2, 7}, {6}, {3, 5}, {4}], [{8, 1}, {2, 7}, {6}, {4, 5}, {3}], [{8, 1}, {2, 7}, {6}, {5}, {3, 4}], [{8, 1}, {3, 7}, {2, 6}, {4, 5}], [{8, 1}, {3, 7}, {4, 6}, {2, 5}], [{8, 1}, {3, 7}, {5, 6}, {2, 4}], [{8, 1}, {3, 7}, {6}, {2, 5}, {4}], [{8, 1}, {3, 7}, {6}, {4, 5}, {2}], [{8, 1}, {3, 7}, {6}, {5}, {2, 4}], [{8, 1}, {4, 7}, {2, 6}, {3, 5}], [{8, 1}, {4, 7}, {2, 6}, {5}, {3}], [{8, 1}, {4, 7}, {3, 6}, {2, 5}], [{8, 1}, {4, 7}, {3, 6}, {5}, {2}], [{8, 1}, {4, 7}, {5, 6}, {2, 3}], [{8, 1}, {4, 7}, {5, 6}, {3}, {2}], [{8, 1}, {4, 7}, {6}, {2, 5}, {3}], [{8, 1}, {4, 7}, {6}, {3, 5}, {2}], [{8, 1}, {4, 7}, {6}, {5}, {2, 3}], [{8, 1}, {4, 7}, {6}, {5}, {3}, {2}], [{8, 1}, {5, 7}, {2, 6}, {3, 4}], [{8, 1}, {5, 7}, {2, 6}, {4}, {3}], [{8, 1}, {5, 7}, {3, 6}, {2, 4}], [{8, 1}, {5, 7}, {3, 6}, {4}, {2}], [{8, 1}, {5, 7}, {4, 6}, {2, 3}], [{8, 1}, {5, 7}, {4, 6}, {3}, {2}], [{8, 1}, {5, 7}, {6}, {2, 4}, {3}], [{8, 1}, {5, 7}, {6}, {3, 4}, {2}], [{8, 1}, {5, 7}, {6}, {4}, {2, 3}], [{8, 1}, {5, 7}, {6}, {4}, {3}, {2}], [{8, 1}, {6, 7}, {2, 5}, {3, 4}], [{8, 1}, {6, 7}, {3, 5}, {2, 4}], [{8, 1}, {6, 7}, {4, 5}, {2, 3}], [{8, 1}, {6, 7}, {4, 5}, {3}, {2}], [{8, 1}, {7}, {2, 6}, {4, 5}, {3}], [{8, 1}, {7}, {3, 6}, {4, 5}, {2}], [{8, 1}, {7}, {6}, {2, 5}, {3, 4}], [{8, 1}, {7}, {6}, {3, 5}, {2, 4}], [{8, 1}, {7}, {6}, {4, 5}, {2, 3}], [{8, 1}, {7}, {6}, {4, 5}, {3}, {2}], [{8, 2}, {1, 7}, {3, 6}, {4, 5}], [{8, 2}, {1, 7}, {4, 6}, {3, 5}], [{8, 2}, {1, 7}, {5, 6}, {3, 4}], [{8, 2}, {1, 7}, {6}, {4, 5}, {3}], [{8, 2}, {3, 7}, {1, 6}, {4, 5}], [{8, 2}, {3, 7}, {4, 6}, {1, 5}], [{8, 2}, {3, 7}, {5, 6}, {1, 4}], [{8, 2}, {4, 7}, {1, 6}, {3, 5}], [{8, 2}, {4, 7}, {1, 6}, {5}, {3}], [{8, 2}, {4, 7}, {3, 6}, {1, 5}], [{8, 2}, {4, 7}, {5, 6}, {1, 3}], [{8, 2}, {5, 7}, {1, 6}, {3, 4}], [{8, 2}, {5, 7}, {1, 6}, {4}, {3}], [{8, 2}, {5, 7}, {3, 6}, {1, 4}], [{8, 2}, {5, 7}, {4, 6}, {1, 3}], [{8, 2}, {6, 7}, {1, 5}, {3, 4}], [{8, 2}, {6, 7}, {1, 5}, {4}, {3}], [{8, 2}, {6, 7}, {3, 5}, {1, 4}], [{8, 2}, {6, 7}, {4, 5}, {1, 3}], [{8, 2}, {6, 7}, {4, 5}, {3}, {1}], [{8, 2}, {6, 7}, {5}, {1, 4}, {3}], [{8, 2}, {7}, {1, 6}, {4, 5}, {3}], [{8, 2}, {7}, {4, 6}, {3, 5}, {1}], [{8, 3}, {1, 7}, {2, 6}, {4, 5}], [{8, 3}, {1, 7}, {4, 6}, {2, 5}], [{8, 3}, {1, 7}, {5, 6}, {2, 4}], [{8, 3}, {2, 7}, {1, 6}, {4, 5}], [{8, 3}, {2, 7}, {4, 6}, {1, 5}], [{8, 3}, {2, 7}, {5, 6}, {1, 4}], [{8, 3}, {4, 7}, {1, 6}, {2, 5}], [{8, 3}, {4, 7}, {1, 6}, {5}, {2}], [{8, 3}, {4, 7}, {2, 6}, {1, 5}], [{8, 3}, {4, 7}, {5, 6}, {1, 2}], [{8, 3}, {5, 7}, {1, 6}, {2, 4}], [{8, 3}, {5, 7}, {1, 6}, {4}, {2}], [{8, 3}, {5, 7}, {2, 6}, {1, 4}], [{8, 3}, {5, 7}, {4, 6}, {1, 2}], [{8, 3}, {6, 7}, {1, 5}, {2, 4}], [{8, 3}, {6, 7}, {1, 5}, {4}, {2}], [{8, 3}, {6, 7}, {2, 5}, {1, 4}], [{8, 3}, {6, 7}, {4, 5}, {1, 2}], [{8, 3}, {7}, {1, 6}, {4, 5}, {2}], [{8, 4}, {1, 7}, {2, 6}, {3, 5}], [{8, 4}, {1, 7}, {3, 6}, {2, 5}], [{8, 4}, {1, 7}, {5, 6}, {2, 3}], [{8, 4}, {1, 7}, {5, 6}, {3}, {2}], [{8, 4}, {2, 7}, {1, 6}, {3, 5}], [{8, 4}, {2, 7}, {3, 6}, {1, 5}], [{8, 4}, {2, 7}, {3, 6}, {5}, {1}], [{8, 4}, {2, 7}, {5, 6}, {1, 3}], [{8, 4}, {3, 7}, {1, 6}, {2, 5}], [{8, 4}, {3, 7}, {2, 6}, {1, 5}], [{8, 4}, {3, 7}, {5, 6}, {1, 2}], [{8, 4}, {5, 7}, {1, 6}, {2, 3}], [{8, 4}, {5, 7}, {1, 6}, {3}, {2}], [{8, 4}, {5, 7}, {2, 6}, {1, 3}], [{8, 4}, {5, 7}, {3, 6}, {1, 2}], [{8, 4}, {5, 7}, {6}, {2, 3}, {1}], [{8, 4}, {6, 7}, {1, 5}, {2, 3}], [{8, 4}, {6, 7}, {2, 5}, {1, 3}], [{8, 4}, {6, 7}, {3, 5}, {1, 2}], [{8, 4}, {6, 7}, {5}, {1, 3}, {2}], [{8, 4}, {7}, {2, 6}, {3, 5}, {1}], [{8, 4}, {7}, {3, 6}, {1, 5}, {2}], [{8, 5}, {1, 7}, {2, 6}, {3, 4}], [{8, 5}, {1, 7}, {3, 6}, {2, 4}], [{8, 5}, {1, 7}, {4, 6}, {2, 3}], [{8, 5}, {2, 7}, {1, 6}, {3, 4}], [{8, 5}, {2, 7}, {3, 6}, {1, 4}], [{8, 5}, {2, 7}, {4, 6}, {1, 3}], [{8, 5}, {3, 7}, {1, 6}, {2, 4}], [{8, 5}, {3, 7}, {2, 6}, {1, 4}], [{8, 5}, {3, 7}, {4, 6}, {1, 2}], [{8, 5}, {3, 7}, {6}, {1, 4}, {2}], [{8, 5}, {4, 7}, {1, 6}, {2, 3}], [{8, 5}, {4, 7}, {1, 6}, {3}, {2}], [{8, 5}, {4, 7}, {2, 6}, {1, 3}], [{8, 5}, {4, 7}, {3, 6}, {1, 2}], [{8, 5}, {6, 7}, {1, 4}, {2, 3}], [{8, 5}, {6, 7}, {1, 4}, {3}, {2}], [{8, 5}, {6, 7}, {2, 4}, {1, 3}], [{8, 5}, {6, 7}, {3, 4}, {1, 2}], [{8, 5}, {7}, {3, 6}, {1, 4}, {2}], [{8, 6}, {1, 7}, {2, 5}, {3, 4}], [{8, 6}, {1, 7}, {3, 5}, {2, 4}], [{8, 6}, {1, 7}, {3, 5}, {4}, {2}], [{8, 6}, {1, 7}, {4, 5}, {2, 3}], [{8, 6}, {1, 7}, {4, 5}, {3}, {2}], [{8, 6}, {1, 7}, {5}, {3, 4}, {2}], [{8, 6}, {2, 7}, {1, 5}, {3, 4}], [{8, 6}, {2, 7}, {3, 5}, {1, 4}], [{8, 6}, {2, 7}, {4, 5}, {1, 3}], [{8, 6}, {2, 7}, {4, 5}, {3}, {1}], [{8, 6}, {3, 7}, {1, 5}, {2, 4}], [{8, 6}, {3, 7}, {1, 5}, {4}, {2}], [{8, 6}, {3, 7}, {2, 5}, {1, 4}], [{8, 6}, {3, 7}, {4, 5}, {1, 2}], [{8, 6}, {3, 7}, {4, 5}, {2}, {1}], [{8, 6}, {3, 7}, {5}, {1, 4}, {2}], [{8, 6}, {4, 7}, {1, 5}, {2, 3}], [{8, 6}, {4, 7}, {1, 5}, {3}, {2}], [{8, 6}, {4, 7}, {2, 5}, {1, 3}], [{8, 6}, {4, 7}, {2, 5}, {3}, {1}], [{8, 6}, {4, 7}, {3, 5}, {1, 2}], [{8, 6}, {4, 7}, {3, 5}, {2}, {1}], [{8, 6}, {4, 7}, {5}, {1, 3}, {2}], [{8, 6}, {4, 7}, {5}, {2, 3}, {1}], [{8, 6}, {4, 7}, {5}, {3}, {1, 2}], [{8, 6}, {4, 7}, {5}, {3}, {2}, {1}], [{8, 6}, {5, 7}, {1, 4}, {2, 3}], [{8, 6}, {5, 7}, {1, 4}, {3}, {2}], [{8, 6}, {5, 7}, {2, 4}, {1, 3}], [{8, 6}, {5, 7}, {2, 4}, {3}, {1}], [{8, 6}, {5, 7}, {3, 4}, {1, 2}], [{8, 6}, {5, 7}, {3, 4}, {2}, {1}], [{8, 6}, {5, 7}, {4}, {1, 3}, {2}], [{8, 6}, {5, 7}, {4}, {2, 3}, {1}], [{8, 6}, {5, 7}, {4}, {3}, {1, 2}], [{8, 6}, {5, 7}, {4}, {3}, {2}, {1}], [{8, 6}, {7}, {1, 5}, {3, 4}, {2}], [{8, 6}, {7}, {3, 5}, {1, 4}, {2}], [{8, 6}, {7}, {4, 5}, {1, 3}, {2}], [{8, 6}, {7}, {4, 5}, {2, 3}, {1}], [{8, 6}, {7}, {4, 5}, {3}, {1, 2}], [{8, 6}, {7}, {4, 5}, {3}, {2}, {1}], [{8, 7}, {1, 6}, {2, 5}, {3, 4}], [{8, 7}, {1, 6}, {3, 5}, {2, 4}], [{8, 7}, {1, 6}, {4, 5}, {2, 3}], [{8, 7}, {1, 6}, {4, 5}, {3}, {2}], [{8, 7}, {2, 6}, {1, 5}, {3, 4}], [{8, 7}, {2, 6}, {1, 5}, {4}, {3}], [{8, 7}, {2, 6}, {3, 5}, {1, 4}], [{8, 7}, {2, 6}, {4, 5}, {1, 3}], [{8, 7}, {2, 6}, {4, 5}, {3}, {1}], [{8, 7}, {2, 6}, {5}, {1, 4}, {3}], [{8, 7}, {3, 6}, {1, 5}, {2, 4}], [{8, 7}, {3, 6}, {2, 5}, {1, 4}], [{8, 7}, {3, 6}, {4, 5}, {1, 2}], [{8, 7}, {3, 6}, {5}, {4}, {1, 2}], [{8, 7}, {4, 6}, {1, 5}, {2, 3}], [{8, 7}, {4, 6}, {1, 5}, {3}, {2}], [{8, 7}, {4, 6}, {2, 5}, {1, 3}], [{8, 7}, {4, 6}, {3, 5}, {1, 2}], [{8, 7}, {5, 6}, {1, 4}, {2, 3}], [{8, 7}, {5, 6}, {2, 4}, {1, 3}], [{8, 7}, {5, 6}, {3, 4}, {1, 2}], [{8, 7}, {6}, {1, 5}, {2, 4}, {3}], [{8, 7}, {6}, {4, 5}, {3}, {1, 2}], [{8}, {1, 7}, {2, 6}, {4, 5}, {3}], [{8}, {2, 7}, {1, 6}, {4, 5}, {3}], [{8}, {3, 7}, {1, 6}, {4, 5}, {2}], [{8}, {3, 7}, {4, 6}, {5}, {1, 2}], [{8}, {3, 7}, {5, 6}, {1, 4}, {2}], [{8}, {4, 7}, {1, 6}, {2, 5}, {3}], [{8}, {4, 7}, {1, 6}, {3, 5}, {2}], [{8}, {4, 7}, {1, 6}, {5}, {2, 3}], [{8}, {4, 7}, {1, 6}, {5}, {3}, {2}], [{8}, {5, 7}, {1, 6}, {2, 4}, {3}], [{8}, {5, 7}, {1, 6}, {3, 4}, {2}], [{8}, {5, 7}, {1, 6}, {4}, {2, 3}], [{8}, {5, 7}, {1, 6}, {4}, {3}, {2}], [{8}, {5, 7}, {4, 6}, {2, 3}, {1}], [{8}, {5, 7}, {6}, {1, 4}, {2, 3}], [{8}, {6, 7}, {1, 5}, {4}, {2, 3}], [{8}, {6, 7}, {2, 5}, {1, 4}, {3}], [{8}, {6, 7}, {4, 5}, {3}, {1, 2}], [{8}, {7}, {1, 6}, {4, 5}, {2, 3}], [{8}, {7}, {1, 6}, {4, 5}, {3}, {2}]]",2,- 8 K_1^4 + 16 K_1^3 + 8 K_1^2 K_2 - 6 K_1^2 - 12 K_1 K_2 - 2 K_1 K_3 - 6 K_1 + 4 K_2 + 2 K_3 + 5,O1O2O3O4U5U3U4O6O5U2O7U1U6O8U7U8,O1O2O3U1U2U4U5O6O7U6O8O5U7O4U3U8,O1O2O3U4U1O5U6O7O4U8O6O8U7U5U2U3,c,{'O1O2O3O4U5U6O5U7U4O6U3O8O7U1U2U8'},1,"<a href=""/flatknot/8.857741"">8.857741</a>",t^9-40t^7-136t^6-86t^5+192t^4+184t^3-76t^2-46t+10,0,,
8.857742,O1O2O3O4U5U6O5U7U4O6U3O8O7U1U8U2,4,23z^2+108z+125,23w^3z^2+108w^2z+125w,False,False,"[[ 0 -2  1  1  2 -1 -1  0  0],[ 2  0  2  1  2  1  1  1  0],[-1 -2  0  1  2 -2 -2 -1 -1],[-1 -1 -1  0  1 -2 -1 -1 -1],[-2 -2 -2 -1  0 -2 -1 -1 -1],[ 1 -1  2  2  2  0 -1  0  0],[ 1 -1  2  1  1  1  0  0  1],[ 0 -1  1  1  1  0  0  0  0],[ 0  0  1  1  1  0 -1  0  0]]","[[ 0  2  1  1  0  0 -1 -1 -2],[-2  0 -1 -2 -1 -1 -1 -2 -2],[-1  1  0 -1 -1 -1 -1 -2 -1],[-1  2  1  0 -1 -1 -2 -2 -2],[ 0  1  1  1  0  0  0  0 -1],[ 0  1  1  1  0  0 -1  0  0],[ 1  1  1  2  0  1  0  1 -1],[ 1  2  2  2  0  0 -1  0 -1],[ 2  2  1  2  1  0  1  1  0]]",True,"[-2,-1,-1,0,0,1,1,2,1,2,1,1,1,2,2,1,1,1,1,2,1,1,1,2,2,2,0,0,0,1,1,0,0,-1,1,1]","[-2,-1,-1,0,0,1,1,2,-1,0,1,1,1,2,2,1,0,0,0,0,1,0,0,0,1,2,0,1,0,2,1,1,1,-1,0,0]",t^8+44t^6+117t^4+24t^2,"[-2,-1,-1,0,0,1,1,2,0,0,1,2,1,2,2,-1,1,0,0,1,2,1,1,0,0,1,0,0,0,1,0,0,1,-1,-1,0]","[-2,-1,-1,0,0,1,1,2,-1,0,1,1,1,2,2,1,0,0,0,0,1,0,0,0,1,2,0,1,0,2,1,1,1,-1,0,0]","[-2,-1,-1,0,0,1,1,2,1,1,0,1,1,2,2,-1,0,0,2,2,2,1,0,1,2,1,0,1,1,1,1,1,1,-1,1,2]",c,"[[{8, 1}, {2, 7}, {3, 6}, {4, 5}], [{8, 1}, {2, 7}, {4, 6}, {3, 5}], [{8, 1}, {2, 7}, {5, 6}, {3, 4}], [{8, 1}, {2, 7}, {6}, {4, 5}, {3}], [{8, 1}, {3, 7}, {2, 6}, {4, 5}], [{8, 1}, {3, 7}, {2, 6}, {5}, {4}], [{8, 1}, {3, 7}, {4, 6}, {2, 5}], [{8, 1}, {3, 7}, {4, 6}, {5}, {2}], [{8, 1}, {3, 7}, {5, 6}, {2, 4}], [{8, 1}, {3, 7}, {6}, {5}, {2, 4}], [{8, 1}, {4, 7}, {2, 6}, {3, 5}], [{8, 1}, {4, 7}, {2, 6}, {5}, {3}], [{8, 1}, {4, 7}, {3, 6}, {2, 5}], [{8, 1}, {4, 7}, {3, 6}, {5}, {2}], [{8, 1}, {4, 7}, {5, 6}, {2, 3}], [{8, 1}, {4, 7}, {6}, {5}, {2, 3}], [{8, 1}, {5, 7}, {2, 6}, {3, 4}], [{8, 1}, {5, 7}, {2, 6}, {4}, {3}], [{8, 1}, {5, 7}, {3, 6}, {2, 4}], [{8, 1}, {5, 7}, {4, 6}, {2, 3}], [{8, 1}, {5, 7}, {4, 6}, {3}, {2}], [{8, 1}, {5, 7}, {6}, {2, 4}, {3}], [{8, 1}, {6, 7}, {2, 5}, {3, 4}], [{8, 1}, {6, 7}, {3, 5}, {2, 4}], [{8, 1}, {6, 7}, {4, 5}, {2, 3}], [{8, 1}, {6, 7}, {4, 5}, {3}, {2}], [{8, 1}, {7}, {2, 6}, {3, 5}, {4}], [{8, 1}, {7}, {2, 6}, {4, 5}, {3}], [{8, 1}, {7}, {2, 6}, {5}, {3, 4}], [{8, 1}, {7}, {3, 6}, {2, 5}, {4}], [{8, 1}, {7}, {4, 6}, {3, 5}, {2}], [{8, 1}, {7}, {6}, {3, 5}, {2, 4}], [{8, 2}, {1, 7}, {3, 6}, {4, 5}], [{8, 2}, {1, 7}, {4, 6}, {3, 5}], [{8, 2}, {1, 7}, {5, 6}, {3, 4}], [{8, 2}, {1, 7}, {6}, {4, 5}, {3}], [{8, 2}, {3, 7}, {1, 6}, {4, 5}], [{8, 2}, {3, 7}, {4, 6}, {1, 5}], [{8, 2}, {3, 7}, {5, 6}, {1, 4}], [{8, 2}, {4, 7}, {1, 6}, {3, 5}], [{8, 2}, {4, 7}, {3, 6}, {1, 5}], [{8, 2}, {4, 7}, {5, 6}, {1, 3}], [{8, 2}, {5, 7}, {1, 6}, {3, 4}], [{8, 2}, {5, 7}, {3, 6}, {1, 4}], [{8, 2}, {5, 7}, {4, 6}, {1, 3}], [{8, 2}, {6, 7}, {1, 5}, {3, 4}], [{8, 2}, {6, 7}, {3, 5}, {1, 4}], [{8, 2}, {6, 7}, {4, 5}, {1, 3}], [{8, 2}, {6, 7}, {4, 5}, {3}, {1}], [{8, 2}, {7}, {1, 6}, {3, 5}, {4}], [{8, 2}, {7}, {1, 6}, {4, 5}, {3}], [{8, 2}, {7}, {1, 6}, {5}, {3, 4}], [{8, 2}, {7}, {4, 6}, {3, 5}, {1}], [{8, 2}, {7}, {6}, {3, 5}, {1, 4}], [{8, 3}, {1, 7}, {2, 6}, {4, 5}], [{8, 3}, {1, 7}, {4, 6}, {2, 5}], [{8, 3}, {1, 7}, {5, 6}, {2, 4}], [{8, 3}, {1, 7}, {6}, {4, 5}, {2}], [{8, 3}, {2, 7}, {1, 6}, {4, 5}], [{8, 3}, {2, 7}, {4, 6}, {1, 5}], [{8, 3}, {2, 7}, {5, 6}, {1, 4}], [{8, 3}, {2, 7}, {6}, {5}, {1, 4}], [{8, 3}, {4, 7}, {1, 6}, {2, 5}], [{8, 3}, {4, 7}, {2, 6}, {1, 5}], [{8, 3}, {4, 7}, {2, 6}, {5}, {1}], [{8, 3}, {4, 7}, {5, 6}, {1, 2}], [{8, 3}, {5, 7}, {1, 6}, {2, 4}], [{8, 3}, {5, 7}, {2, 6}, {1, 4}], [{8, 3}, {5, 7}, {4, 6}, {1, 2}], [{8, 3}, {5, 7}, {6}, {1, 4}, {2}], [{8, 3}, {6, 7}, {1, 5}, {2, 4}], [{8, 3}, {6, 7}, {2, 5}, {1, 4}], [{8, 3}, {6, 7}, {4, 5}, {1, 2}], [{8, 3}, {6, 7}, {4, 5}, {2}, {1}], [{8, 3}, {7}, {1, 6}, {4, 5}, {2}], [{8, 3}, {7}, {4, 6}, {1, 5}, {2}], [{8, 3}, {7}, {6}, {2, 5}, {1, 4}], [{8, 4}, {1, 7}, {2, 6}, {3, 5}], [{8, 4}, {1, 7}, {3, 6}, {2, 5}], [{8, 4}, {1, 7}, {5, 6}, {2, 3}], [{8, 4}, {1, 7}, {6}, {3, 5}, {2}], [{8, 4}, {2, 7}, {1, 6}, {3, 5}], [{8, 4}, {2, 7}, {3, 6}, {1, 5}], [{8, 4}, {2, 7}, {3, 6}, {5}, {1}], [{8, 4}, {2, 7}, {5, 6}, {1, 3}], [{8, 4}, {2, 7}, {5, 6}, {3}, {1}], [{8, 4}, {2, 7}, {6}, {3, 5}, {1}], [{8, 4}, {3, 7}, {1, 6}, {2, 5}], [{8, 4}, {3, 7}, {2, 6}, {1, 5}], [{8, 4}, {3, 7}, {2, 6}, {5}, {1}], [{8, 4}, {3, 7}, {5, 6}, {1, 2}], [{8, 4}, {3, 7}, {5, 6}, {2}, {1}], [{8, 4}, {3, 7}, {6}, {2, 5}, {1}], [{8, 4}, {5, 7}, {1, 6}, {2, 3}], [{8, 4}, {5, 7}, {2, 6}, {1, 3}], [{8, 4}, {5, 7}, {2, 6}, {3}, {1}], [{8, 4}, {5, 7}, {3, 6}, {1, 2}], [{8, 4}, {5, 7}, {3, 6}, {2}, {1}], [{8, 4}, {5, 7}, {6}, {2, 3}, {1}], [{8, 4}, {6, 7}, {1, 5}, {2, 3}], [{8, 4}, {6, 7}, {1, 5}, {3}, {2}], [{8, 4}, {6, 7}, {2, 5}, {1, 3}], [{8, 4}, {6, 7}, {2, 5}, {3}, {1}], [{8, 4}, {6, 7}, {3, 5}, {1, 2}], [{8, 4}, {6, 7}, {3, 5}, {2}, {1}], [{8, 4}, {6, 7}, {5}, {1, 3}, {2}], [{8, 4}, {6, 7}, {5}, {2, 3}, {1}], [{8, 4}, {6, 7}, {5}, {3}, {1, 2}], [{8, 4}, {6, 7}, {5}, {3}, {2}, {1}], [{8, 4}, {7}, {1, 6}, {3, 5}, {2}], [{8, 4}, {7}, {2, 6}, {3, 5}, {1}], [{8, 4}, {7}, {3, 6}, {2, 5}, {1}], [{8, 4}, {7}, {5, 6}, {2, 3}, {1}], [{8, 4}, {7}, {6}, {3, 5}, {1, 2}], [{8, 4}, {7}, {6}, {3, 5}, {2}, {1}], [{8, 5}, {1, 7}, {2, 6}, {3, 4}], [{8, 5}, {1, 7}, {3, 6}, {2, 4}], [{8, 5}, {1, 7}, {4, 6}, {2, 3}], [{8, 5}, {1, 7}, {6}, {3, 4}, {2}], [{8, 5}, {2, 7}, {1, 6}, {3, 4}], [{8, 5}, {2, 7}, {3, 6}, {1, 4}], [{8, 5}, {2, 7}, {4, 6}, {1, 3}], [{8, 5}, {3, 7}, {1, 6}, {2, 4}], [{8, 5}, {3, 7}, {2, 6}, {1, 4}], [{8, 5}, {3, 7}, {4, 6}, {1, 2}], [{8, 5}, {4, 7}, {1, 6}, {2, 3}], [{8, 5}, {4, 7}, {2, 6}, {1, 3}], [{8, 5}, {4, 7}, {3, 6}, {1, 2}], [{8, 5}, {6, 7}, {1, 4}, {2, 3}], [{8, 5}, {6, 7}, {1, 4}, {3}, {2}], [{8, 5}, {6, 7}, {2, 4}, {1, 3}], [{8, 5}, {6, 7}, {2, 4}, {3}, {1}], [{8, 5}, {6, 7}, {3, 4}, {1, 2}], [{8, 5}, {6, 7}, {3, 4}, {2}, {1}], [{8, 5}, {6, 7}, {4}, {1, 3}, {2}], [{8, 5}, {6, 7}, {4}, {2, 3}, {1}], [{8, 5}, {6, 7}, {4}, {3}, {1, 2}], [{8, 5}, {6, 7}, {4}, {3}, {2}, {1}], [{8, 5}, {7}, {1, 6}, {3, 4}, {2}], [{8, 6}, {1, 7}, {2, 5}, {3, 4}], [{8, 6}, {1, 7}, {3, 5}, {2, 4}], [{8, 6}, {1, 7}, {4, 5}, {2, 3}], [{8, 6}, {1, 7}, {4, 5}, {3}, {2}], [{8, 6}, {2, 7}, {1, 5}, {3, 4}], [{8, 6}, {2, 7}, {3, 5}, {1, 4}], [{8, 6}, {2, 7}, {4, 5}, {1, 3}], [{8, 6}, {2, 7}, {4, 5}, {3}, {1}], [{8, 6}, {3, 7}, {1, 5}, {2, 4}], [{8, 6}, {3, 7}, {2, 5}, {1, 4}], [{8, 6}, {3, 7}, {4, 5}, {1, 2}], [{8, 6}, {4, 7}, {1, 5}, {2, 3}], [{8, 6}, {4, 7}, {2, 5}, {1, 3}], [{8, 6}, {4, 7}, {3, 5}, {1, 2}], [{8, 6}, {5, 7}, {1, 4}, {2, 3}], [{8, 6}, {5, 7}, {2, 4}, {1, 3}], [{8, 6}, {5, 7}, {3, 4}, {1, 2}], [{8, 6}, {5, 7}, {4}, {1, 3}, {2}], [{8, 6}, {7}, {2, 5}, {1, 4}, {3}], [{8, 6}, {7}, {3, 5}, {1, 4}, {2}], [{8, 6}, {7}, {3, 5}, {2, 4}, {1}], [{8, 6}, {7}, {3, 5}, {4}, {1, 2}], [{8, 6}, {7}, {4, 5}, {3}, {1, 2}], [{8, 6}, {7}, {5}, {1, 4}, {2, 3}], [{8, 6}, {7}, {5}, {3, 4}, {1, 2}], [{8, 7}, {1, 6}, {2, 5}, {3, 4}], [{8, 7}, {1, 6}, {3, 5}, {2, 4}], [{8, 7}, {1, 6}, {3, 5}, {4}, {2}], [{8, 7}, {1, 6}, {4, 5}, {2, 3}], [{8, 7}, {1, 6}, {4, 5}, {3}, {2}], [{8, 7}, {1, 6}, {5}, {3, 4}, {2}], [{8, 7}, {2, 6}, {1, 5}, {3, 4}], [{8, 7}, {2, 6}, {3, 5}, {1, 4}], [{8, 7}, {2, 6}, {4, 5}, {1, 3}], [{8, 7}, {2, 6}, {4, 5}, {3}, {1}], [{8, 7}, {3, 6}, {1, 5}, {2, 4}], [{8, 7}, {3, 6}, {2, 5}, {1, 4}], [{8, 7}, {3, 6}, {4, 5}, {1, 2}], [{8, 7}, {3, 6}, {5}, {4}, {1, 2}], [{8, 7}, {4, 6}, {1, 5}, {2, 3}], [{8, 7}, {4, 6}, {2, 5}, {1, 3}], [{8, 7}, {4, 6}, {3, 5}, {1, 2}], [{8, 7}, {5, 6}, {1, 4}, {2, 3}], [{8, 7}, {5, 6}, {2, 4}, {1, 3}], [{8, 7}, {5, 6}, {3, 4}, {1, 2}], [{8, 7}, {6}, {4, 5}, {3}, {1, 2}], [{8}, {1, 7}, {2, 6}, {4, 5}, {3}], [{8}, {1, 7}, {3, 6}, {4, 5}, {2}], [{8}, {1, 7}, {6}, {4, 5}, {2, 3}], [{8}, {1, 7}, {6}, {4, 5}, {3}, {2}], [{8}, {2, 7}, {1, 6}, {3, 5}, {4}], [{8}, {2, 7}, {1, 6}, {4, 5}, {3}], [{8}, {2, 7}, {1, 6}, {5}, {3, 4}], [{8}, {3, 7}, {1, 6}, {4, 5}, {2}], [{8}, {3, 7}, {2, 6}, {5}, {1, 4}], [{8}, {4, 7}, {1, 6}, {3, 5}, {2}], [{8}, {4, 7}, {2, 6}, {5}, {1, 3}], [{8}, {5, 7}, {1, 6}, {3, 4}, {2}], [{8}, {5, 7}, {2, 6}, {1, 4}, {3}], [{8}, {6, 7}, {4, 5}, {1, 3}, {2}], [{8}, {6, 7}, {4, 5}, {2, 3}, {1}], [{8}, {6, 7}, {4, 5}, {3}, {1, 2}], [{8}, {6, 7}, {4, 5}, {3}, {2}, {1}], [{8}, {7}, {1, 6}, {2, 5}, {3, 4}], [{8}, {7}, {1, 6}, {3, 5}, {2, 4}], [{8}, {7}, {1, 6}, {3, 5}, {4}, {2}], [{8}, {7}, {1, 6}, {4, 5}, {2, 3}], [{8}, {7}, {1, 6}, {4, 5}, {3}, {2}], [{8}, {7}, {1, 6}, {5}, {3, 4}, {2}], [{8}, {7}, {2, 6}, {3, 5}, {1, 4}], [{8}, {7}, {3, 6}, {2, 5}, {1, 4}], [{8}, {7}, {4, 6}, {2, 5}, {1, 3}], [{8}, {7}, {4, 6}, {3, 5}, {1, 2}]]",2,4 K_1^3 + 4 K_1^2 K_2 - 12 K_1^2 - 12 K_1 K_2 - 4 K_1 K_3 + 3 K_1 + 6 K_2 + 5 K_3 + K_4 + 6,O1O2O3O4U3U5U4O6O5U2O7U1U6O8U7U8,O1O2O3U1U3U4U5O6O7U6O8O5U7O4U2U8,O1O2O3U4U2O5U6O7O4U8O6O8U7U5U1U3,c,{'O1O2O3O4U5U6O5U7U4O6U3O8O7U1U8U2'},1,"<a href=""/flatknot/8.857742"">8.857742</a>",t^9-44t^7-156t^6-123t^5+164t^4+221t^3-4t^2-68t-6,0,,
8.857743,O1O2O3O4U5U6O5U7U4O6U3O8O7U2U1U8,4,2z^3+35z^2+114z+105,2w^4z^3+35w^3z^2+114w^2z+105w,False,False,"[[ 0 -1 -1  1  2 -1 -1  0  1],[ 1  0  0  1  2  0  0  0  1],[ 1  0  0  1  2  0  0  0  0],[-1 -1 -1  0  1 -2 -1 -1 -1],[-2 -2 -2 -1  0 -2 -1 -1 -1],[ 1  0  0  2  2  0 -1  0  1],[ 1  0  0  1  1  1  0  0  2],[ 0  0  0  1  1  0  0  0  1],[-1 -1  0  1  1 -1 -2 -1  0]]","[[ 0  2  1  1  0 -1 -1 -1 -1],[-2  0 -1 -1 -1 -1 -2 -2 -2],[-1  1  0  1 -1 -2  0 -1 -1],[-1  1 -1  0 -1 -1 -1 -1 -2],[ 0  1  1  1  0  0  0  0  0],[ 1  1  2  1  0  0  0  0  1],[ 1  2  0  1  0  0  0  0  0],[ 1  2  1  1  0  0  0  0  0],[ 1  2  1  2  0 -1  0  0  0]]",True,"[-2,-1,-1,0,1,1,1,1,1,1,1,1,2,2,2,-1,1,2,0,1,1,1,1,1,1,2,0,0,0,0,0,0,-1,0,0,0]","[-2,-1,-1,0,1,1,1,1,0,0,1,1,1,1,2,-1,0,0,1,1,1,0,1,1,2,0,1,1,1,1,0,0,-1,0,0,0]",t^8+33t^6+97t^4+29t^2+1,"[-1,-1,-1,-1,0,1,1,2,-1,0,0,1,0,1,2,0,0,1,1,0,1,0,1,1,1,1,1,2,1,1,0,0,1,-1,0,0]","[-2,-1,-1,0,1,1,1,1,0,0,1,1,1,1,2,-1,0,0,1,1,1,0,1,1,2,0,1,1,1,1,0,0,-1,0,0,0]","[-1,-1,-1,-1,0,1,1,2,-1,0,0,0,1,2,2,0,0,0,2,1,1,0,0,0,1,2,0,1,1,2,1,1,1,1,1,1]",c,"[[{8, 1}, {2, 7}, {3, 6}, {4, 5}], [{8, 1}, {2, 7}, {4, 6}, {3, 5}], [{8, 1}, {2, 7}, {5, 6}, {3, 4}], [{8, 1}, {2, 7}, {6}, {4, 5}, {3}], [{8, 1}, {3, 7}, {2, 6}, {4, 5}], [{8, 1}, {3, 7}, {4, 6}, {2, 5}], [{8, 1}, {3, 7}, {4, 6}, {5}, {2}], [{8, 1}, {3, 7}, {5, 6}, {2, 4}], [{8, 1}, {4, 7}, {2, 6}, {3, 5}], [{8, 1}, {4, 7}, {3, 6}, {2, 5}], [{8, 1}, {4, 7}, {5, 6}, {2, 3}], [{8, 1}, {4, 7}, {6}, {5}, {2, 3}], [{8, 1}, {5, 7}, {2, 6}, {3, 4}], [{8, 1}, {5, 7}, {3, 6}, {2, 4}], [{8, 1}, {5, 7}, {4, 6}, {2, 3}], [{8, 1}, {5, 7}, {4, 6}, {3}, {2}], [{8, 1}, {6, 7}, {2, 5}, {3, 4}], [{8, 1}, {6, 7}, {3, 5}, {2, 4}], [{8, 1}, {6, 7}, {4, 5}, {2, 3}], [{8, 1}, {6, 7}, {4, 5}, {3}, {2}], [{8, 1}, {7}, {2, 6}, {3, 5}, {4}], [{8, 1}, {7}, {2, 6}, {4, 5}, {3}], [{8, 1}, {7}, {2, 6}, {5}, {3, 4}], [{8, 1}, {7}, {4, 6}, {3, 5}, {2}], [{8, 1}, {7}, {6}, {3, 5}, {2, 4}], [{8, 2}, {1, 7}, {3, 6}, {4, 5}], [{8, 2}, {1, 7}, {4, 6}, {3, 5}], [{8, 2}, {1, 7}, {5, 6}, {3, 4}], [{8, 2}, {1, 7}, {6}, {4, 5}, {3}], [{8, 2}, {3, 7}, {1, 6}, {4, 5}], [{8, 2}, {3, 7}, {4, 6}, {1, 5}], [{8, 2}, {3, 7}, {4, 6}, {5}, {1}], [{8, 2}, {3, 7}, {5, 6}, {1, 4}], [{8, 2}, {4, 7}, {1, 6}, {3, 5}], [{8, 2}, {4, 7}, {3, 6}, {1, 5}], [{8, 2}, {4, 7}, {3, 6}, {5}, {1}], [{8, 2}, {4, 7}, {5, 6}, {1, 3}], [{8, 2}, {5, 7}, {1, 6}, {3, 4}], [{8, 2}, {5, 7}, {3, 6}, {1, 4}], [{8, 2}, {5, 7}, {4, 6}, {1, 3}], [{8, 2}, {5, 7}, {6}, {1, 4}, {3}], [{8, 2}, {6, 7}, {1, 5}, {3, 4}], [{8, 2}, {6, 7}, {1, 5}, {4}, {3}], [{8, 2}, {6, 7}, {3, 5}, {1, 4}], [{8, 2}, {6, 7}, {3, 5}, {4}, {1}], [{8, 2}, {6, 7}, {4, 5}, {1, 3}], [{8, 2}, {6, 7}, {4, 5}, {3}, {1}], [{8, 2}, {6, 7}, {5}, {1, 4}, {3}], [{8, 2}, {6, 7}, {5}, {3, 4}, {1}], [{8, 2}, {6, 7}, {5}, {4}, {1, 3}], [{8, 2}, {7}, {1, 6}, {4, 5}, {3}], [{8, 2}, {7}, {5, 6}, {1, 4}, {3}], [{8, 3}, {1, 7}, {2, 6}, {4, 5}], [{8, 3}, {1, 7}, {4, 6}, {2, 5}], [{8, 3}, {1, 7}, {5, 6}, {2, 4}], [{8, 3}, {2, 7}, {1, 6}, {4, 5}], [{8, 3}, {2, 7}, {4, 6}, {1, 5}], [{8, 3}, {2, 7}, {5, 6}, {1, 4}], [{8, 3}, {4, 7}, {1, 6}, {2, 5}], [{8, 3}, {4, 7}, {1, 6}, {5}, {2}], [{8, 3}, {4, 7}, {2, 6}, {1, 5}], [{8, 3}, {4, 7}, {5, 6}, {1, 2}], [{8, 3}, {4, 7}, {6}, {2, 5}, {1}], [{8, 3}, {5, 7}, {1, 6}, {2, 4}], [{8, 3}, {5, 7}, {2, 6}, {1, 4}], [{8, 3}, {5, 7}, {4, 6}, {1, 2}], [{8, 3}, {5, 7}, {4, 6}, {2}, {1}], [{8, 3}, {6, 7}, {1, 5}, {2, 4}], [{8, 3}, {6, 7}, {2, 5}, {1, 4}], [{8, 3}, {6, 7}, {4, 5}, {1, 2}], [{8, 3}, {7}, {2, 6}, {1, 5}, {4}], [{8, 3}, {7}, {2, 6}, {4, 5}, {1}], [{8, 3}, {7}, {2, 6}, {5}, {1, 4}], [{8, 4}, {1, 7}, {2, 6}, {3, 5}], [{8, 4}, {1, 7}, {3, 6}, {2, 5}], [{8, 4}, {1, 7}, {5, 6}, {2, 3}], [{8, 4}, {2, 7}, {1, 6}, {3, 5}], [{8, 4}, {2, 7}, {3, 6}, {1, 5}], [{8, 4}, {2, 7}, {3, 6}, {5}, {1}], [{8, 4}, {2, 7}, {5, 6}, {1, 3}], [{8, 4}, {3, 7}, {1, 6}, {2, 5}], [{8, 4}, {3, 7}, {2, 6}, {1, 5}], [{8, 4}, {3, 7}, {5, 6}, {1, 2}], [{8, 4}, {5, 7}, {1, 6}, {2, 3}], [{8, 4}, {5, 7}, {2, 6}, {1, 3}], [{8, 4}, {5, 7}, {3, 6}, {1, 2}], [{8, 4}, {6, 7}, {1, 5}, {2, 3}], [{8, 4}, {6, 7}, {1, 5}, {3}, {2}], [{8, 4}, {6, 7}, {2, 5}, {1, 3}], [{8, 4}, {6, 7}, {3, 5}, {1, 2}], [{8, 4}, {7}, {1, 6}, {3, 5}, {2}], [{8, 4}, {7}, {5, 6}, {1, 3}, {2}], [{8, 5}, {1, 7}, {2, 6}, {3, 4}], [{8, 5}, {1, 7}, {3, 6}, {2, 4}], [{8, 5}, {1, 7}, {4, 6}, {2, 3}], [{8, 5}, {1, 7}, {6}, {2, 4}, {3}], [{8, 5}, {2, 7}, {1, 6}, {3, 4}], [{8, 5}, {2, 7}, {3, 6}, {1, 4}], [{8, 5}, {2, 7}, {4, 6}, {1, 3}], [{8, 5}, {3, 7}, {1, 6}, {2, 4}], [{8, 5}, {3, 7}, {2, 6}, {1, 4}], [{8, 5}, {3, 7}, {4, 6}, {1, 2}], [{8, 5}, {4, 7}, {1, 6}, {2, 3}], [{8, 5}, {4, 7}, {2, 6}, {1, 3}], [{8, 5}, {4, 7}, {3, 6}, {1, 2}], [{8, 5}, {6, 7}, {1, 4}, {2, 3}], [{8, 5}, {6, 7}, {2, 4}, {1, 3}], [{8, 5}, {6, 7}, {3, 4}, {1, 2}], [{8, 6}, {1, 7}, {2, 5}, {3, 4}], [{8, 6}, {1, 7}, {3, 5}, {2, 4}], [{8, 6}, {1, 7}, {4, 5}, {2, 3}], [{8, 6}, {1, 7}, {4, 5}, {3}, {2}], [{8, 6}, {1, 7}, {5}, {4}, {2, 3}], [{8, 6}, {2, 7}, {1, 5}, {3, 4}], [{8, 6}, {2, 7}, {3, 5}, {1, 4}], [{8, 6}, {2, 7}, {4, 5}, {1, 3}], [{8, 6}, {2, 7}, {4, 5}, {3}, {1}], [{8, 6}, {2, 7}, {5}, {4}, {1, 3}], [{8, 6}, {3, 7}, {1, 5}, {2, 4}], [{8, 6}, {3, 7}, {1, 5}, {4}, {2}], [{8, 6}, {3, 7}, {2, 5}, {1, 4}], [{8, 6}, {3, 7}, {4, 5}, {1, 2}], [{8, 6}, {4, 7}, {1, 5}, {2, 3}], [{8, 6}, {4, 7}, {2, 5}, {1, 3}], [{8, 6}, {4, 7}, {3, 5}, {1, 2}], [{8, 6}, {4, 7}, {3, 5}, {2}, {1}], [{8, 6}, {4, 7}, {5}, {3}, {1, 2}], [{8, 6}, {5, 7}, {1, 4}, {2, 3}], [{8, 6}, {5, 7}, {2, 4}, {1, 3}], [{8, 6}, {5, 7}, {3, 4}, {1, 2}], [{8, 6}, {5, 7}, {4}, {3}, {1, 2}], [{8, 6}, {7}, {4, 5}, {3}, {1, 2}], [{8, 7}, {1, 6}, {2, 5}, {3, 4}], [{8, 7}, {1, 6}, {3, 5}, {2, 4}], [{8, 7}, {1, 6}, {4, 5}, {2, 3}], [{8, 7}, {1, 6}, {4, 5}, {3}, {2}], [{8, 7}, {2, 6}, {1, 5}, {3, 4}], [{8, 7}, {2, 6}, {3, 5}, {1, 4}], [{8, 7}, {2, 6}, {4, 5}, {1, 3}], [{8, 7}, {2, 6}, {4, 5}, {3}, {1}], [{8, 7}, {3, 6}, {1, 5}, {2, 4}], [{8, 7}, {3, 6}, {1, 5}, {4}, {2}], [{8, 7}, {3, 6}, {2, 5}, {1, 4}], [{8, 7}, {3, 6}, {2, 5}, {4}, {1}], [{8, 7}, {3, 6}, {4, 5}, {1, 2}], [{8, 7}, {3, 6}, {4, 5}, {2}, {1}], [{8, 7}, {3, 6}, {5}, {1, 4}, {2}], [{8, 7}, {3, 6}, {5}, {2, 4}, {1}], [{8, 7}, {3, 6}, {5}, {4}, {1, 2}], [{8, 7}, {3, 6}, {5}, {4}, {2}, {1}], [{8, 7}, {4, 6}, {1, 5}, {2, 3}], [{8, 7}, {4, 6}, {2, 5}, {1, 3}], [{8, 7}, {4, 6}, {3, 5}, {1, 2}], [{8, 7}, {4, 6}, {3, 5}, {2}, {1}], [{8, 7}, {5, 6}, {1, 4}, {2, 3}], [{8, 7}, {5, 6}, {2, 4}, {1, 3}], [{8, 7}, {5, 6}, {3, 4}, {1, 2}], [{8, 7}, {5, 6}, {3, 4}, {2}, {1}], [{8, 7}, {6}, {4, 5}, {1, 3}, {2}], [{8, 7}, {6}, {4, 5}, {2, 3}, {1}], [{8, 7}, {6}, {4, 5}, {3}, {1, 2}], [{8, 7}, {6}, {4, 5}, {3}, {2}, {1}], [{8}, {1, 7}, {2, 6}, {4, 5}, {3}], [{8}, {1, 7}, {4, 6}, {3, 5}, {2}], [{8}, {2, 7}, {1, 6}, {4, 5}, {3}], [{8}, {3, 7}, {2, 6}, {4, 5}, {1}], [{8}, {3, 7}, {4, 6}, {5}, {1, 2}], [{8}, {3, 7}, {5, 6}, {2, 4}, {1}], [{8}, {4, 7}, {2, 6}, {5}, {1, 3}], [{8}, {5, 7}, {2, 6}, {4}, {1, 3}], [{8}, {5, 7}, {4, 6}, {1, 3}, {2}], [{8}, {5, 7}, {6}, {2, 4}, {1, 3}], [{8}, {6, 7}, {1, 5}, {2, 4}, {3}], [{8}, {6, 7}, {4, 5}, {3}, {1, 2}], [{8}, {7}, {2, 6}, {4, 5}, {1, 3}], [{8}, {7}, {2, 6}, {4, 5}, {3}, {1}]]",2,4 K_1^3 - 2 K_1^2 - 4 K_1 K_2 - K_1 + K_2 + K_3 + 2,O1O2O3O4U5U4U3O6O5U2O7U1U6O8U7U8,O1O2O3U2U1U4U5O6O7U6O8O5U7O4U3U8,O1O2O3U4U1O5U6O7O4U8O6O8U7U5U3U2,c,{'O1O2O3O4U5U6O5U7U4O6U3O8O7U2U1U8'},1,"<a href=""/flatknot/8.857743"">8.857743</a>",t^9-31t^7-52t^6+68t^5+114t^4-42t^3-60t^2+2t+4,-t^2+2t,,
8.857744,O1O2O3O4U5U6O5U7U4O6U3O8O7U8U1U2,4,z^3+27z^2+93z+87,w^4z^3+27w^3z^2+93w^2z+87w,False,False,"[[ 0 -1  1  1  2 -1 -1  0 -1],[ 1  0  1  1  2  0  0  1 -1],[-1 -1  0  1  2 -2 -2 -1 -1],[-1 -1 -1  0  1 -2 -1 -1 -1],[-2 -2 -2 -1  0 -2 -1 -1 -1],[ 1  0  2  2  2  0 -1  0 -1],[ 1  0  2  1  1  1  0  0  0],[ 0 -1  1  1  1  0  0  0 -1],[ 1  1  1  1  1  1  0  1  0]]","[[ 0  2  1  1  0 -1 -1 -1 -1],[-2  0 -1 -2 -1 -1 -1 -2 -2],[-1  1  0 -1 -1 -1 -1 -1 -2],[-1  2  1  0 -1 -1 -2 -1 -2],[ 0  1  1  1  0 -1  0 -1  0],[ 1  1  1  1  1  0  0  1  1],[ 1  1  1  2  0  0  0  0  1],[ 1  2  1  1  1 -1  0  0  0],[ 1  2  2  2  0 -1 -1  0  0]]",True,"[-2,-1,-1,0,1,1,1,1,1,2,1,1,1,2,2,1,1,1,1,1,2,1,1,2,1,2,1,0,1,0,0,-1,-1,0,-1,0]","[-2,-1,-1,0,1,1,1,1,-1,0,1,1,1,2,2,1,0,0,1,0,1,0,0,1,1,1,1,0,1,0,0,-1,-1,0,-1,0]",t^8+41t^6+106t^4+29t^2+1,"[-1,-1,-1,-1,0,1,1,2,-1,-1,0,0,1,1,2,0,0,0,1,1,1,1,1,0,0,1,1,0,1,2,0,0,1,-1,-1,0]","[-2,-1,-1,0,1,1,1,1,-1,0,1,1,1,2,2,1,0,0,1,0,1,0,0,1,1,1,1,0,1,0,0,-1,-1,0,-1,0]","[-1,-1,-1,-1,0,1,1,2,-1,-1,0,0,2,2,2,0,0,0,1,2,1,1,1,1,1,1,1,1,1,2,1,1,1,-1,1,2]",c,"[[{8, 3}, {4, 7}, {5, 6}, {1, 2}], [{8, 3}, {5, 7}, {4, 6}, {1, 2}], [{8, 3}, {5, 7}, {6}, {4}, {1, 2}], [{8, 3}, {6, 7}, {4, 5}, {1, 2}], [{8, 5}, {3, 7}, {4, 6}, {1, 2}], [{8}, {6, 7}, {4, 5}, {3}, {1, 2}]]",1,12 K_1^3 - 14 K_1^2 - 12 K_1 K_2 - 3 K_1 + 7 K_2 + 3 K_3 + 8,O1O2O3O4U3U4U5O6O5U2O7U1U6O8U7U8,O1O2O3U2U3U4U5O6O7U6O8O5U7O4U1U8,O1O2O3U4U3O5U6O7O4U8O6O8U7U5U1U2,c,{'O1O2O3O4U5U6O5U7U4O6U3O8O7U8U1U2'},1,"<a href=""/flatknot/8.857744"">8.857744</a>",t^9-39t^7-124t^6-63t^5+194t^4+260t^3+112t^2+31t+8,-t^2+2t,,
8.857745,O1O2O3O4U5U6O5U7U8O6U1O8O7U2U3U4,3,7z^2+28z+29,4w^5z^2-22w^4z^2+25w^3z^2-24w^3z+52w^2z+29w,False,False,"[[ 0 -1 -1  1  3 -1 -1  0  0],[ 1  0 -1  0  1  0  2  3  2],[ 1  1  0  1  2  0  0  2  2],[-1  0 -1  0  1 -2 -2  0  0],[-3 -1 -2 -1  0 -4 -4 -2 -2],[ 1  0  0  2  4  0 -1  0  0],[ 1 -2  0  2  4  1  0 -1  0],[ 0 -3 -2  0  2  0  1  0  0],[ 0 -2 -2  0  2  0  0  0  0]]","[[ 0  3  1  0  0 -1 -1 -1 -1],[-3  0 -1 -2 -2 -1 -2 -4 -4],[-1  1  0  0  0  0 -1 -2 -2],[ 0  2  0  0  0 -2 -2  0  0],[ 0  2  0  0  0 -3 -2  1  0],[ 1  1  0  2  3  0 -1  2  0],[ 1  2  1  2  2  1  0  0  0],[ 1  4  2  0 -1 -2  0  0  1],[ 1  4  2  0  0  0  0 -1  0]]",True,"[-3,-1,0,0,1,1,1,1,1,2,2,1,2,4,4,0,0,0,1,2,2,0,2,2,0,0,3,2,-1,0,1,-2,0,0,0,-1]","[-3,-1,0,0,1,1,1,1,1,1,1,0,0,2,3,1,1,0,0,1,2,0,1,1,-1,-1,1,2,-1,-2,-1,0,0,0,-2,1]",t^8+83t^6+1259t^4+542t^2,"[-1,-1,-1,-1,0,0,1,3,-2,0,1,-2,-1,2,3,-1,0,2,1,0,0,0,1,1,0,0,-1,-1,1,2,0,1,1,1,1,1]","[-3,-1,0,0,1,1,1,1,1,1,1,0,0,2,3,1,1,0,0,1,2,0,1,1,-1,-1,1,2,-1,-2,-1,0,0,0,-2,1]","[-1,-1,-1,-1,0,0,1,3,-2,0,1,-1,0,2,4,-1,0,3,2,0,1,0,2,2,1,2,0,0,2,4,0,0,2,0,2,1]",c,"[[{8, 2}, {3, 7}, {4, 6}, {1, 5}], [{8, 3}, {2, 7}, {4, 6}, {1, 5}]]",1,- 2 K_1 K_2 + K_1 + K_3 + 1,O1O2O3O4U1U2U3O5O6U4O7U6U5O8U7U8,O1O2O3U4U1U2U3O5O6U5O7O8U6O4U8U7,O1O2O3U4U5O6U7O5O4U8O7O8U1U2U3U6,c,{'O1O2O3O4U5U6O5U7U8O6U1O8O7U2U3U4'},1,"<a href=""/flatknot/8.857745"">8.857745</a>",t^9-77t^7-198t^6+659t^5+1996t^4+721t^3-626t^2-272t,-t^3+3t,,
8.857746,O1O2O3O4U5U6O5U7U8O6U1O8O7U2U4U3,4,5z^3+41z^2+103z+83,5w^4z^3-2w^4z^2+43w^3z^2-6w^3z+109w^2z+83w,False,False,"[[ 0 -1 -1  2  2 -1 -1  0  0],[ 1  0 -1  1  0  0  2  3  2],[ 1  1  0  2  1  0  0  2  2],[-2 -1 -2  0  0 -3 -3 -1 -1],[-2  0 -1  0  0 -3 -3 -1 -1],[ 1  0  0  3  3  0 -1  0  0],[ 1 -2  0  3  3  1  0 -1  0],[ 0 -3 -2  1  1  0  1  0  0],[ 0 -2 -2  1  1  0  0  0  0]]","[[ 0  2  2  0  0 -1 -1 -1 -1],[-2  0  0 -1 -1  0 -1 -3 -3],[-2  0  0 -1 -1 -1 -2 -3 -3],[ 0  1  1  0  0 -2 -2  0  0],[ 0  1  1  0  0 -3 -2  1  0],[ 1  0  1  2  3  0 -1  2  0],[ 1  1  2  2  2  1  0  0  0],[ 1  3  3  0 -1 -2  0  0  1],[ 1  3  3  0  0  0  0 -1  0]]",True,"[-2,-2,0,0,1,1,1,1,0,1,1,0,1,3,3,1,1,1,2,3,3,0,2,2,0,0,3,2,-1,0,1,-2,0,0,0,-1]","[-2,-2,0,0,1,1,1,1,0,1,1,0,0,1,2,1,1,0,0,2,3,0,1,1,-1,-1,1,2,-1,-2,-1,0,0,0,-2,1]",t^8+74t^6+1087t^4+494t^2+1,"[-1,-1,-1,-1,0,0,2,2,-2,0,1,-2,-1,2,3,-1,0,2,1,0,0,0,1,1,0,0,-1,-1,1,2,0,1,1,1,1,0]","[-2,-2,0,0,1,1,1,1,0,1,1,0,0,1,2,1,1,0,0,2,3,0,1,1,-1,-1,1,2,-1,-2,-1,0,0,0,-2,1]","[-1,-1,-1,-1,0,0,2,2,-2,0,1,-1,0,3,3,-1,0,3,2,0,1,0,2,2,1,2,0,0,3,3,0,1,1,1,1,0]",c,"[[{8, 1}, {2, 7}, {3, 6}, {4, 5}], [{8, 1}, {2, 7}, {4, 6}, {3, 5}], [{8, 1}, {2, 7}, {5, 6}, {3, 4}], [{8, 1}, {2, 7}, {5, 6}, {4}, {3}], [{8, 1}, {3, 7}, {2, 6}, {4, 5}], [{8, 1}, {3, 7}, {4, 6}, {2, 5}], [{8, 1}, {3, 7}, {5, 6}, {2, 4}], [{8, 1}, {4, 7}, {2, 6}, {3, 5}], [{8, 1}, {4, 7}, {3, 6}, {2, 5}], [{8, 1}, {4, 7}, {3, 6}, {5}, {2}], [{8, 1}, {4, 7}, {5, 6}, {2, 3}], [{8, 1}, {5, 7}, {2, 6}, {3, 4}], [{8, 1}, {5, 7}, {3, 6}, {2, 4}], [{8, 1}, {5, 7}, {4, 6}, {2, 3}], [{8, 1}, {6, 7}, {2, 5}, {3, 4}], [{8, 1}, {6, 7}, {3, 5}, {2, 4}], [{8, 1}, {6, 7}, {4, 5}, {2, 3}], [{8, 1}, {6, 7}, {4, 5}, {3}, {2}], [{8, 1}, {6, 7}, {5}, {4}, {2, 3}], [{8, 1}, {7}, {6}, {2, 5}, {3, 4}], [{8, 1}, {7}, {6}, {4, 5}, {2, 3}], [{8, 2}, {1, 7}, {3, 6}, {4, 5}], [{8, 2}, {1, 7}, {4, 6}, {3, 5}], [{8, 2}, {1, 7}, {5, 6}, {3, 4}], [{8, 2}, {3, 7}, {1, 6}, {4, 5}], [{8, 2}, {3, 7}, {1, 6}, {5}, {4}], [{8, 2}, {3, 7}, {4, 6}, {1, 5}], [{8, 2}, {3, 7}, {4, 6}, {5}, {1}], [{8, 2}, {3, 7}, {5, 6}, {1, 4}], [{8, 2}, {3, 7}, {6}, {5}, {1, 4}], [{8, 2}, {4, 7}, {1, 6}, {3, 5}], [{8, 2}, {4, 7}, {1, 6}, {5}, {3}], [{8, 2}, {4, 7}, {3, 6}, {1, 5}], [{8, 2}, {4, 7}, {5, 6}, {1, 3}], [{8, 2}, {4, 7}, {5, 6}, {3}, {1}], [{8, 2}, {4, 7}, {6}, {1, 5}, {3}], [{8, 2}, {5, 7}, {1, 6}, {3, 4}], [{8, 2}, {5, 7}, {3, 6}, {1, 4}], [{8, 2}, {5, 7}, {4, 6}, {1, 3}], [{8, 2}, {6, 7}, {1, 5}, {3, 4}], [{8, 2}, {6, 7}, {3, 5}, {1, 4}], [{8, 2}, {6, 7}, {4, 5}, {1, 3}], [{8, 2}, {6, 7}, {5}, {1, 4}, {3}], [{8, 2}, {7}, {1, 6}, {5}, {3, 4}], [{8, 2}, {7}, {3, 6}, {5}, {1, 4}], [{8, 2}, {7}, {6}, {4, 5}, {1, 3}], [{8, 3}, {1, 7}, {2, 6}, {4, 5}], [{8, 3}, {1, 7}, {4, 6}, {2, 5}], [{8, 3}, {1, 7}, {5, 6}, {2, 4}], [{8, 3}, {2, 7}, {1, 6}, {4, 5}], [{8, 3}, {2, 7}, {1, 6}, {5}, {4}], [{8, 3}, {2, 7}, {4, 6}, {1, 5}], [{8, 3}, {2, 7}, {5, 6}, {1, 4}], [{8, 3}, {4, 7}, {1, 6}, {2, 5}], [{8, 3}, {4, 7}, {2, 6}, {1, 5}], [{8, 3}, {4, 7}, {2, 6}, {5}, {1}], [{8, 3}, {4, 7}, {5, 6}, {1, 2}], [{8, 3}, {5, 7}, {1, 6}, {2, 4}], [{8, 3}, {5, 7}, {1, 6}, {4}, {2}], [{8, 3}, {5, 7}, {2, 6}, {1, 4}], [{8, 3}, {5, 7}, {4, 6}, {1, 2}], [{8, 3}, {6, 7}, {1, 5}, {2, 4}], [{8, 3}, {6, 7}, {2, 5}, {1, 4}], [{8, 3}, {6, 7}, {4, 5}, {1, 2}], [{8, 3}, {7}, {1, 6}, {2, 5}, {4}], [{8, 4}, {1, 7}, {2, 6}, {3, 5}], [{8, 4}, {1, 7}, {3, 6}, {2, 5}], [{8, 4}, {1, 7}, {5, 6}, {2, 3}], [{8, 4}, {2, 7}, {1, 6}, {3, 5}], [{8, 4}, {2, 7}, {1, 6}, {5}, {3}], [{8, 4}, {2, 7}, {3, 6}, {1, 5}], [{8, 4}, {2, 7}, {5, 6}, {1, 3}], [{8, 4}, {2, 7}, {6}, {3, 5}, {1}], [{8, 4}, {3, 7}, {1, 6}, {2, 5}], [{8, 4}, {3, 7}, {2, 6}, {1, 5}], [{8, 4}, {3, 7}, {5, 6}, {1, 2}], [{8, 4}, {5, 7}, {1, 6}, {2, 3}], [{8, 4}, {5, 7}, {1, 6}, {3}, {2}], [{8, 4}, {5, 7}, {2, 6}, {1, 3}], [{8, 4}, {5, 7}, {3, 6}, {1, 2}], [{8, 4}, {6, 7}, {1, 5}, {2, 3}], [{8, 4}, {6, 7}, {2, 5}, {1, 3}], [{8, 4}, {6, 7}, {3, 5}, {1, 2}], [{8, 4}, {7}, {1, 6}, {2, 5}, {3}], [{8, 4}, {7}, {2, 6}, {1, 5}, {3}], [{8, 4}, {7}, {5, 6}, {2, 3}, {1}], [{8, 5}, {1, 7}, {2, 6}, {3, 4}], [{8, 5}, {1, 7}, {3, 6}, {2, 4}], [{8, 5}, {1, 7}, {4, 6}, {2, 3}], [{8, 5}, {2, 7}, {1, 6}, {3, 4}], [{8, 5}, {2, 7}, {3, 6}, {1, 4}], [{8, 5}, {2, 7}, {4, 6}, {1, 3}], [{8, 5}, {2, 7}, {6}, {1, 4}, {3}], [{8, 5}, {3, 7}, {1, 6}, {2, 4}], [{8, 5}, {3, 7}, {1, 6}, {4}, {2}], [{8, 5}, {3, 7}, {2, 6}, {1, 4}], [{8, 5}, {3, 7}, {4, 6}, {1, 2}], [{8, 5}, {4, 7}, {1, 6}, {2, 3}], [{8, 5}, {4, 7}, {1, 6}, {3}, {2}], [{8, 5}, {4, 7}, {2, 6}, {1, 3}], [{8, 5}, {4, 7}, {3, 6}, {1, 2}], [{8, 5}, {6, 7}, {1, 4}, {2, 3}], [{8, 5}, {6, 7}, {2, 4}, {1, 3}], [{8, 5}, {6, 7}, {3, 4}, {1, 2}], [{8, 5}, {7}, {1, 6}, {3, 4}, {2}], [{8, 5}, {7}, {3, 6}, {2, 4}, {1}], [{8, 6}, {1, 7}, {2, 5}, {3, 4}], [{8, 6}, {1, 7}, {3, 5}, {2, 4}], [{8, 6}, {1, 7}, {4, 5}, {2, 3}], [{8, 6}, {1, 7}, {4, 5}, {3}, {2}], [{8, 6}, {1, 7}, {5}, {4}, {2, 3}], [{8, 6}, {2, 7}, {1, 5}, {3, 4}], [{8, 6}, {2, 7}, {3, 5}, {1, 4}], [{8, 6}, {2, 7}, {4, 5}, {1, 3}], [{8, 6}, {3, 7}, {1, 5}, {2, 4}], [{8, 6}, {3, 7}, {2, 5}, {1, 4}], [{8, 6}, {3, 7}, {4, 5}, {1, 2}], [{8, 6}, {3, 7}, {5}, {1, 4}, {2}], [{8, 6}, {4, 7}, {1, 5}, {2, 3}], [{8, 6}, {4, 7}, {2, 5}, {1, 3}], [{8, 6}, {4, 7}, {3, 5}, {1, 2}], [{8, 6}, {5, 7}, {1, 4}, {2, 3}], [{8, 6}, {5, 7}, {2, 4}, {1, 3}], [{8, 6}, {5, 7}, {3, 4}, {1, 2}], [{8, 6}, {5, 7}, {4}, {3}, {1, 2}], [{8, 6}, {7}, {2, 5}, {3, 4}, {1}], [{8, 6}, {7}, {4, 5}, {2, 3}, {1}], [{8, 7}, {1, 6}, {2, 5}, {3, 4}], [{8, 7}, {1, 6}, {2, 5}, {4}, {3}], [{8, 7}, {1, 6}, {3, 5}, {2, 4}], [{8, 7}, {1, 6}, {4, 5}, {2, 3}], [{8, 7}, {1, 6}, {5}, {3, 4}, {2}], [{8, 7}, {2, 6}, {1, 5}, {3, 4}], [{8, 7}, {2, 6}, {3, 5}, {1, 4}], [{8, 7}, {2, 6}, {4, 5}, {1, 3}], [{8, 7}, {3, 6}, {1, 5}, {2, 4}], [{8, 7}, {3, 6}, {2, 5}, {1, 4}], [{8, 7}, {3, 6}, {4, 5}, {1, 2}], [{8, 7}, {3, 6}, {5}, {2, 4}, {1}], [{8, 7}, {4, 6}, {1, 5}, {2, 3}], [{8, 7}, {4, 6}, {2, 5}, {1, 3}], [{8, 7}, {4, 6}, {3, 5}, {1, 2}], [{8, 7}, {5, 6}, {1, 4}, {2, 3}], [{8, 7}, {5, 6}, {2, 4}, {1, 3}], [{8, 7}, {5, 6}, {3, 4}, {1, 2}], [{8, 7}, {5, 6}, {3, 4}, {2}, {1}], [{8, 7}, {6}, {1, 5}, {3, 4}, {2}], [{8, 7}, {6}, {4, 5}, {1, 3}, {2}], [{8}, {2, 7}, {1, 6}, {5}, {3, 4}], [{8}, {2, 7}, {3, 6}, {1, 5}, {4}], [{8}, {2, 7}, {6}, {4, 5}, {1, 3}], [{8}, {3, 7}, {1, 6}, {2, 5}, {4}], [{8}, {3, 7}, {2, 6}, {5}, {1, 4}], [{8}, {3, 7}, {4, 6}, {1, 5}, {2}], [{8}, {3, 7}, {5, 6}, {4}, {1, 2}], [{8}, {4, 7}, {1, 6}, {2, 5}, {3}], [{8}, {5, 7}, {1, 6}, {3, 4}, {2}], [{8}, {5, 7}, {2, 6}, {4}, {1, 3}], [{8}, {5, 7}, {3, 6}, {2, 4}, {1}], [{8}, {7}, {1, 6}, {2, 5}, {3, 4}], [{8}, {7}, {1, 6}, {2, 5}, {4}, {3}], [{8}, {7}, {1, 6}, {3, 5}, {2, 4}], [{8}, {7}, {1, 6}, {4, 5}, {2, 3}], [{8}, {7}, {1, 6}, {5}, {3, 4}, {2}]]",2,1,O1O2O3O4U2U1U3O5O6U4O7U6U5O8U7U8,O1O2O3U4U1U3U2O5O6U5O7O8U6O4U8U7,O1O2O3U4U5O6U7O5O4U8O7O8U2U1U3U6,c,{'O1O2O3O4U5U6O5U7U8O6U1O8O7U2U4U3'},1,"<a href=""/flatknot/8.857746"">8.857746</a>",t^9-70t^7-138t^6+661t^5+1164t^4-342t^3-356t^2+106t+8,-2t^2+4t,,
8.857747,O1O2O3O4U5U6O5U7U8O6U1O8O7U3U2U4,4,4z^3+35z^2+92z+77,4w^4z^3+35w^3z^2+92w^2z+77w,False,False,"[[ 0 -1  0  0  3 -1 -1  0  0],[ 1  0  0 -1  1  0  2  3  2],[ 0  0  0  0  2 -1 -1  1  1],[ 0  1  0  0  1 -1 -1  1  1],[-3 -1 -2 -1  0 -4 -4 -2 -2],[ 1  0  1  1  4  0 -1  0  0],[ 1 -2  1  1  4  1  0 -1  0],[ 0 -3 -1 -1  2  0  1  0  0],[ 0 -2 -1 -1  2  0  0  0  0]]","[[ 0  3  0  0  0  0 -1 -1 -1],[-3  0 -1 -2 -2 -2 -1 -4 -4],[ 0  1  0  1  1  0  1 -1 -1],[ 0  2 -1  0  0 -1 -2  0  0],[ 0  2 -1  0  0 -1 -3  1  0],[ 0  2  0  1  1  0  0 -1 -1],[ 1  1 -1  2  3  0  0  2  0],[ 1  4  1  0 -1  1 -2  0  1],[ 1  4  1  0  0  1  0 -1  0]]",True,"[-3,0,0,0,0,1,1,1,1,2,2,2,1,4,4,-1,-1,0,-1,1,1,0,1,2,0,0,1,3,-1,0,0,1,1,-2,0,-1]","[-3,0,0,0,0,1,1,1,1,1,1,2,0,0,3,-1,0,-1,1,1,-1,1,0,0,0,1,-1,1,2,-2,0,0,2,-1,0,-2]",t^8+74t^6+1066t^4+466t^2+9,"[-1,-1,-1,0,0,0,0,3,-2,0,-2,-1,1,2,3,-1,2,1,0,0,0,1,1,0,0,0,0,1,1,1,1,1,1,0,1,2]","[-3,0,0,0,0,1,1,1,1,1,1,2,0,0,3,-1,0,-1,1,1,-1,1,0,0,0,1,-1,1,2,-2,0,0,2,-1,0,-2]","[-1,-1,-1,0,0,0,0,3,-2,1,-1,0,1,1,4,0,3,2,-1,0,1,0,0,1,1,4,0,-1,-1,2,-1,-1,2,0,1,2]",c,"[[{8, 2}, {3, 7}, {1, 6}, {4, 5}], [{8, 2}, {3, 7}, {4, 6}, {1, 5}], [{8, 2}, {3, 7}, {5, 6}, {1, 4}], [{8, 3}, {2, 7}, {1, 6}, {4, 5}], [{8, 3}, {2, 7}, {4, 6}, {1, 5}], [{8, 3}, {2, 7}, {5, 6}, {1, 4}]]",1,- 2 K_1 K_2 + K_1 + K_3 + 1,O1O2O3O4U1U3U2O5O6U4O7U6U5O8U7U8,O1O2O3U4U2U1U3O5O6U5O7O8U6O4U8U7,O1O2O3U4U5O6U7O5O4U8O7O8U1U3U2U6,c,{'O1O2O3O4U5U6O5U7U8O6U1O8O7U3U2U4'},1,"<a href=""/flatknot/8.857747"">8.857747</a>",t^9-68t^7-198t^6+212t^5+980t^4+440t^3-464t^2-201t+18,-t^3+3t,,
8.857748,O1O2O3O4U5U6O5U7U8O6U1O8O7U3U4U2,4,7z^3+49z^2+113z+87,7w^4z^3+49w^3z^2+113w^2z+87w,False,False,"[[ 0 -1  1  0  2 -1 -1  0  0],[ 1  0  1 -1  0  0  2  3  2],[-1 -1  0 -1  1 -2 -2  0  0],[ 0  1  1  0  1 -1 -1  1  1],[-2  0 -1 -1  0 -3 -3 -1 -1],[ 1  0  2  1  3  0 -1  0  0],[ 1 -2  2  1  3  1  0 -1  0],[ 0 -3  0 -1  1  0  1  0  0],[ 0 -2  0 -1  1  0  0  0  0]]","[[ 0  2  1  0  0  0 -1 -1 -1],[-2  0 -1 -1 -1 -1  0 -3 -3],[-1  1  0  0  0 -1 -1 -2 -2],[ 0  1  0  0  0 -1 -2  0  0],[ 0  1  0  0  0 -1 -3  1  0],[ 0  1  1  1  1  0  1 -1 -1],[ 1  0  1  2  3 -1  0  2  0],[ 1  3  2  0 -1  1 -2  0  1],[ 1  3  2  0  0  1  0 -1  0]]",True,"[-2,-1,0,0,0,1,1,1,1,1,1,1,0,3,3,0,0,1,1,2,2,0,1,2,0,0,1,3,-1,0,-1,1,1,-2,0,-1]","[-2,-1,0,0,0,1,1,1,0,1,1,1,0,0,3,0,1,1,0,0,1,1,1,0,0,2,0,1,1,-1,1,2,-2,-1,0,-2]",t^8+56t^6+692t^4+191t^2+4,"[-1,-1,-1,0,0,0,1,2,-2,0,-2,-1,2,1,3,-1,2,1,0,0,0,1,1,0,0,0,0,1,1,1,1,1,1,0,1,0]","[-2,-1,0,0,0,1,1,1,0,1,1,1,0,0,3,0,1,1,0,0,1,1,1,0,0,2,0,1,1,-1,1,2,-2,-1,0,-2]","[-1,-1,-1,0,0,0,1,2,-2,1,-1,0,1,2,3,0,3,2,-1,1,0,0,0,1,2,3,0,-1,0,1,-1,0,1,1,1,1]",c,"[[{8, 1}, {2, 7}, {3, 6}, {4, 5}], [{8, 1}, {2, 7}, {4, 6}, {3, 5}], [{8, 1}, {2, 7}, {4, 6}, {5}, {3}], [{8, 1}, {2, 7}, {5, 6}, {3, 4}], [{8, 1}, {3, 7}, {2, 6}, {4, 5}], [{8, 1}, {3, 7}, {4, 6}, {2, 5}], [{8, 1}, {3, 7}, {5, 6}, {2, 4}], [{8, 1}, {3, 7}, {5, 6}, {4}, {2}], [{8, 1}, {4, 7}, {2, 6}, {3, 5}], [{8, 1}, {4, 7}, {3, 6}, {2, 5}], [{8, 1}, {4, 7}, {5, 6}, {2, 3}], [{8, 1}, {5, 7}, {2, 6}, {3, 4}], [{8, 1}, {5, 7}, {3, 6}, {2, 4}], [{8, 1}, {5, 7}, {3, 6}, {4}, {2}], [{8, 1}, {5, 7}, {4, 6}, {2, 3}], [{8, 1}, {5, 7}, {4, 6}, {3}, {2}], [{8, 1}, {5, 7}, {6}, {3, 4}, {2}], [{8, 1}, {6, 7}, {2, 5}, {3, 4}], [{8, 1}, {6, 7}, {3, 5}, {2, 4}], [{8, 1}, {6, 7}, {3, 5}, {4}, {2}], [{8, 1}, {6, 7}, {4, 5}, {2, 3}], [{8, 1}, {7}, {4, 6}, {2, 5}, {3}], [{8, 2}, {1, 7}, {3, 6}, {4, 5}], [{8, 2}, {1, 7}, {4, 6}, {3, 5}], [{8, 2}, {1, 7}, {5, 6}, {3, 4}], [{8, 2}, {3, 7}, {1, 6}, {4, 5}], [{8, 2}, {3, 7}, {4, 6}, {1, 5}], [{8, 2}, {3, 7}, {5, 6}, {1, 4}], [{8, 2}, {3, 7}, {6}, {5}, {1, 4}], [{8, 2}, {4, 7}, {1, 6}, {3, 5}], [{8, 2}, {4, 7}, {3, 6}, {1, 5}], [{8, 2}, {4, 7}, {3, 6}, {5}, {1}], [{8, 2}, {4, 7}, {5, 6}, {1, 3}], [{8, 2}, {5, 7}, {1, 6}, {3, 4}], [{8, 2}, {5, 7}, {3, 6}, {1, 4}], [{8, 2}, {5, 7}, {3, 6}, {4}, {1}], [{8, 2}, {5, 7}, {4, 6}, {1, 3}], [{8, 2}, {5, 7}, {4, 6}, {3}, {1}], [{8, 2}, {5, 7}, {6}, {3, 4}, {1}], [{8, 2}, {6, 7}, {1, 5}, {3, 4}], [{8, 2}, {6, 7}, {3, 5}, {1, 4}], [{8, 2}, {6, 7}, {4, 5}, {1, 3}], [{8, 2}, {7}, {1, 6}, {5}, {3, 4}], [{8, 2}, {7}, {3, 6}, {4, 5}, {1}], [{8, 3}, {1, 7}, {2, 6}, {4, 5}], [{8, 3}, {1, 7}, {4, 6}, {2, 5}], [{8, 3}, {1, 7}, {5, 6}, {2, 4}], [{8, 3}, {1, 7}, {5, 6}, {4}, {2}], [{8, 3}, {2, 7}, {1, 6}, {4, 5}], [{8, 3}, {2, 7}, {4, 6}, {1, 5}], [{8, 3}, {2, 7}, {4, 6}, {5}, {1}], [{8, 3}, {2, 7}, {5, 6}, {1, 4}], [{8, 3}, {4, 7}, {1, 6}, {2, 5}], [{8, 3}, {4, 7}, {1, 6}, {5}, {2}], [{8, 3}, {4, 7}, {2, 6}, {1, 5}], [{8, 3}, {4, 7}, {5, 6}, {1, 2}], [{8, 3}, {4, 7}, {5, 6}, {2}, {1}], [{8, 3}, {4, 7}, {6}, {1, 5}, {2}], [{8, 3}, {5, 7}, {1, 6}, {2, 4}], [{8, 3}, {5, 7}, {2, 6}, {1, 4}], [{8, 3}, {5, 7}, {4, 6}, {1, 2}], [{8, 3}, {5, 7}, {4, 6}, {2}, {1}], [{8, 3}, {6, 7}, {1, 5}, {2, 4}], [{8, 3}, {6, 7}, {2, 5}, {1, 4}], [{8, 3}, {6, 7}, {4, 5}, {1, 2}], [{8, 3}, {7}, {1, 6}, {2, 5}, {4}], [{8, 3}, {7}, {2, 6}, {1, 5}, {4}], [{8, 3}, {7}, {2, 6}, {4, 5}, {1}], [{8, 3}, {7}, {2, 6}, {5}, {1, 4}], [{8, 3}, {7}, {4, 6}, {2, 5}, {1}], [{8, 3}, {7}, {5, 6}, {1, 4}, {2}], [{8, 3}, {7}, {6}, {2, 5}, {1, 4}], [{8, 4}, {1, 7}, {2, 6}, {3, 5}], [{8, 4}, {1, 7}, {3, 6}, {2, 5}], [{8, 4}, {1, 7}, {5, 6}, {2, 3}], [{8, 4}, {1, 7}, {5, 6}, {3}, {2}], [{8, 4}, {2, 7}, {1, 6}, {3, 5}], [{8, 4}, {2, 7}, {3, 6}, {1, 5}], [{8, 4}, {2, 7}, {5, 6}, {1, 3}], [{8, 4}, {3, 7}, {1, 6}, {2, 5}], [{8, 4}, {3, 7}, {1, 6}, {5}, {2}], [{8, 4}, {3, 7}, {2, 6}, {1, 5}], [{8, 4}, {3, 7}, {5, 6}, {1, 2}], [{8, 4}, {5, 7}, {1, 6}, {2, 3}], [{8, 4}, {5, 7}, {2, 6}, {1, 3}], [{8, 4}, {5, 7}, {3, 6}, {1, 2}], [{8, 4}, {5, 7}, {3, 6}, {2}, {1}], [{8, 4}, {6, 7}, {1, 5}, {2, 3}], [{8, 4}, {6, 7}, {2, 5}, {1, 3}], [{8, 4}, {6, 7}, {3, 5}, {1, 2}], [{8, 4}, {7}, {1, 6}, {2, 5}, {3}], [{8, 4}, {7}, {6}, {3, 5}, {1, 2}], [{8, 5}, {1, 7}, {2, 6}, {3, 4}], [{8, 5}, {1, 7}, {3, 6}, {2, 4}], [{8, 5}, {1, 7}, {3, 6}, {4}, {2}], [{8, 5}, {1, 7}, {4, 6}, {2, 3}], [{8, 5}, {2, 7}, {1, 6}, {3, 4}], [{8, 5}, {2, 7}, {3, 6}, {1, 4}], [{8, 5}, {2, 7}, {4, 6}, {1, 3}], [{8, 5}, {2, 7}, {4, 6}, {3}, {1}], [{8, 5}, {3, 7}, {1, 6}, {2, 4}], [{8, 5}, {3, 7}, {2, 6}, {1, 4}], [{8, 5}, {3, 7}, {2, 6}, {4}, {1}], [{8, 5}, {3, 7}, {4, 6}, {1, 2}], [{8, 5}, {3, 7}, {6}, {1, 4}, {2}], [{8, 5}, {4, 7}, {1, 6}, {2, 3}], [{8, 5}, {4, 7}, {2, 6}, {1, 3}], [{8, 5}, {4, 7}, {3, 6}, {1, 2}], [{8, 5}, {6, 7}, {1, 4}, {2, 3}], [{8, 5}, {6, 7}, {2, 4}, {1, 3}], [{8, 5}, {6, 7}, {3, 4}, {1, 2}], [{8, 5}, {7}, {1, 6}, {3, 4}, {2}], [{8, 6}, {1, 7}, {2, 5}, {3, 4}], [{8, 6}, {1, 7}, {3, 5}, {2, 4}], [{8, 6}, {1, 7}, {3, 5}, {4}, {2}], [{8, 6}, {1, 7}, {4, 5}, {2, 3}], [{8, 6}, {2, 7}, {1, 5}, {3, 4}], [{8, 6}, {2, 7}, {3, 5}, {1, 4}], [{8, 6}, {2, 7}, {4, 5}, {1, 3}], [{8, 6}, {3, 7}, {1, 5}, {2, 4}], [{8, 6}, {3, 7}, {2, 5}, {1, 4}], [{8, 6}, {3, 7}, {4, 5}, {1, 2}], [{8, 6}, {4, 7}, {1, 5}, {2, 3}], [{8, 6}, {4, 7}, {2, 5}, {1, 3}], [{8, 6}, {4, 7}, {3, 5}, {1, 2}], [{8, 6}, {4, 7}, {3, 5}, {2}, {1}], [{8, 6}, {5, 7}, {1, 4}, {2, 3}], [{8, 6}, {5, 7}, {2, 4}, {1, 3}], [{8, 6}, {5, 7}, {3, 4}, {1, 2}], [{8, 6}, {5, 7}, {3, 4}, {2}, {1}], [{8, 6}, {7}, {2, 5}, {1, 4}, {3}], [{8, 6}, {7}, {3, 5}, {1, 4}, {2}], [{8, 6}, {7}, {5}, {1, 4}, {2, 3}], [{8, 7}, {1, 6}, {2, 5}, {3, 4}], [{8, 7}, {1, 6}, {2, 5}, {4}, {3}], [{8, 7}, {1, 6}, {3, 5}, {2, 4}], [{8, 7}, {1, 6}, {4, 5}, {2, 3}], [{8, 7}, {1, 6}, {5}, {3, 4}, {2}], [{8, 7}, {2, 6}, {1, 5}, {3, 4}], [{8, 7}, {2, 6}, {3, 5}, {1, 4}], [{8, 7}, {2, 6}, {4, 5}, {1, 3}], [{8, 7}, {3, 6}, {1, 5}, {2, 4}], [{8, 7}, {3, 6}, {1, 5}, {4}, {2}], [{8, 7}, {3, 6}, {2, 5}, {1, 4}], [{8, 7}, {3, 6}, {4, 5}, {1, 2}], [{8, 7}, {4, 6}, {1, 5}, {2, 3}], [{8, 7}, {4, 6}, {2, 5}, {1, 3}], [{8, 7}, {4, 6}, {2, 5}, {3}, {1}], [{8, 7}, {4, 6}, {3, 5}, {1, 2}], [{8, 7}, {5, 6}, {1, 4}, {2, 3}], [{8, 7}, {5, 6}, {2, 4}, {1, 3}], [{8, 7}, {5, 6}, {3, 4}, {1, 2}], [{8, 7}, {6}, {2, 5}, {1, 4}, {3}], [{8}, {1, 7}, {4, 6}, {2, 5}, {3}], [{8}, {1, 7}, {5, 6}, {3, 4}, {2}], [{8}, {2, 7}, {1, 6}, {5}, {3, 4}], [{8}, {2, 7}, {3, 6}, {5}, {1, 4}], [{8}, {2, 7}, {4, 6}, {1, 5}, {3}], [{8}, {2, 7}, {4, 6}, {3, 5}, {1}], [{8}, {2, 7}, {4, 6}, {5}, {1, 3}], [{8}, {2, 7}, {4, 6}, {5}, {3}, {1}], [{8}, {3, 7}, {1, 6}, {2, 5}, {4}], [{8}, {3, 7}, {4, 6}, {2, 5}, {1}], [{8}, {3, 7}, {6}, {2, 5}, {1, 4}], [{8}, {4, 7}, {1, 6}, {2, 5}, {3}], [{8}, {4, 7}, {5, 6}, {3}, {1, 2}], [{8}, {5, 7}, {1, 6}, {3, 4}, {2}], [{8}, {5, 7}, {2, 6}, {3, 4}, {1}], [{8}, {5, 7}, {3, 6}, {1, 4}, {2}], [{8}, {5, 7}, {3, 6}, {2, 4}, {1}], [{8}, {5, 7}, {3, 6}, {4}, {1, 2}], [{8}, {5, 7}, {3, 6}, {4}, {2}, {1}], [{8}, {5, 7}, {4, 6}, {1, 3}, {2}], [{8}, {5, 7}, {4, 6}, {2, 3}, {1}], [{8}, {5, 7}, {4, 6}, {3}, {1, 2}], [{8}, {5, 7}, {4, 6}, {3}, {2}, {1}], [{8}, {5, 7}, {6}, {3, 4}, {1, 2}], [{8}, {5, 7}, {6}, {3, 4}, {2}, {1}], [{8}, {6, 7}, {1, 5}, {3, 4}, {2}], [{8}, {6, 7}, {2, 5}, {1, 4}, {3}], [{8}, {6, 7}, {4, 5}, {3}, {1, 2}], [{8}, {7}, {1, 6}, {2, 5}, {3, 4}], [{8}, {7}, {1, 6}, {2, 5}, {4}, {3}], [{8}, {7}, {1, 6}, {3, 5}, {2, 4}], [{8}, {7}, {1, 6}, {4, 5}, {2, 3}], [{8}, {7}, {1, 6}, {5}, {3, 4}, {2}], [{8}, {7}, {3, 6}, {2, 5}, {1, 4}], [{8}, {7}, {4, 6}, {2, 5}, {1, 3}], [{8}, {7}, {4, 6}, {2, 5}, {3}, {1}], [{8}, {7}, {6}, {2, 5}, {1, 4}, {3}]]",2,- 2 K_1^2 + K_2 + 2,O1O2O3O4U3U1U2O5O6U4O7U6U5O8U7U8,O1O2O3U4U3U1U2O5O6U5O7O8U6O4U8U7,O1O2O3U4U5O6U7O5O4U8O7O8U2U3U1U6,c,{'O1O2O3O4U5U6O5U7U8O6U1O8O7U3U4U2'},1,"<a href=""/flatknot/8.857748"">8.857748</a>",t^9-54t^7-124t^6+299t^5+934t^4+526t^3-102t^2-114t-28,-t^2+2t,,
8.857749,O1O2O3O4U5U6O5U7U8O6U1O8O7U4U2U3,4,3z^3+25z^2+69z+63,3w^4z^3+25w^3z^2+69w^2z+63w,False,False,"[[ 0 -1  0  2  1 -1 -1  0  0],[ 1  0  0  1 -1  0  2  3  2],[ 0  0  0  1  0 -1 -1  1  1],[-2 -1 -1  0  0 -3 -3 -1 -1],[-1  1  0  0  0 -2 -2  0  0],[ 1  0  1  3  2  0 -1  0  0],[ 1 -2  1  3  2  1  0 -1  0],[ 0 -3 -1  1  0  0  1  0  0],[ 0 -2 -1  1  0  0  0  0  0]]","[[ 0  2  1  0  0  0 -1 -1 -1],[-2  0  0 -1 -1 -1 -1 -3 -3],[-1  0  0  0  0  0  1 -2 -2],[ 0  1  0  0  1  1  0 -1 -1],[ 0  1  0 -1  0  0 -2  0  0],[ 0  1  0 -1  0  0 -3  1  0],[ 1  1 -1  0  2  3  0  2  0],[ 1  3  2  1  0 -1 -2  0  1],[ 1  3  2  1  0  0  0 -1  0]]",True,"[-2,-1,0,0,0,1,1,1,0,1,1,1,1,3,3,0,0,0,-1,2,2,-1,-1,0,1,1,0,2,0,0,3,-1,0,-2,0,-1]","[-2,-1,0,0,0,1,1,1,0,1,1,1,1,3,3,0,0,0,-1,2,2,-1,-1,0,1,1,0,2,0,0,3,-1,0,-2,0,-1]",t^8+54t^6+635t^4+243t^2+4,"[-1,-1,-1,0,0,0,1,2,-2,0,-2,-1,1,3,2,-1,2,1,0,0,0,1,1,0,0,0,0,1,1,1,1,1,1,1,1,1]","[-2,-1,0,0,0,1,1,1,1,1,1,1,0,0,2,1,1,1,0,0,3,-1,0,1,1,-1,1,0,0,1,1,2,-2,-1,0,-2]","[-1,-1,-1,0,0,0,1,2,-2,1,-1,0,1,2,3,0,3,2,0,-1,1,0,0,1,2,3,0,-1,0,1,-1,0,1,0,1,0]",c,"[[{8, 4}, {1, 7}, {2, 6}, {3, 5}]]",1,- 2 K_1^2 + K_2 + 2,O1O2O3O4U2U3U1O5O6U4O7U6U5O8U7U8,O1O2O3U4U2U3U1O5O6U5O7O8U6O4U8U7,O1O2O3U4U5O6U7O5O4U8O7O8U3U1U2U6,c,"{'O1O2O3U4O5U6U7O4U8O6U1O8U5O7U2U3', 'O1O2O3O4U5U6O5U7U8O6U1O8O7U4U2U3'}",2,"<a href=""/flatknot/8.857749"">8.857749</a>",t^9-52t^7-100t^6+320t^5+558t^4-114t^3-374t^2-217t-4,-t^2+2t,,
8.857750,O1O2O3O4U5U6O5U7U8O6U1O8O7U4U3U2,3,7z^2+28z+29,-12w^4z^2+19w^3z^2-20w^3z+48w^2z+29w,False,False,"[[ 0 -1  1  1  1 -1 -1  0  0],[ 1  0  1  0 -1  0  2  3  2],[-1 -1  0  0  0 -2 -2  0  0],[-1  0  0  0  0 -2 -2  0  0],[-1  1  0  0  0 -2 -2  0  0],[ 1  0  2  2  2  0 -1  0  0],[ 1 -2  2  2  2  1  0 -1  0],[ 0 -3  0  0  0  0  1  0  0],[ 0 -2  0  0  0  0  0  0  0]]","[[ 0  1  1  1  0  0 -1 -1 -1],[-1  0  0  0  0  0  1 -2 -2],[-1  0  0  0  0  0  0 -2 -2],[-1  0  0  0  0  0 -1 -2 -2],[ 0  0  0  0  0  0 -2  0  0],[ 0  0  0  0  0  0 -3  1  0],[ 1 -1  0  1  2  3  0  2  0],[ 1  2  2  2  0 -1 -2  0  1],[ 1  2  2  2  0  0  0 -1  0]]",True,"[-1,-1,-1,0,0,1,1,1,0,0,0,0,-1,2,2,0,0,0,0,2,2,0,0,1,2,2,0,2,0,0,3,-1,0,-2,0,-1]","[-1,-1,-1,0,0,1,1,1,-2,0,-2,-1,1,2,3,-1,2,1,0,0,0,1,1,0,0,0,0,1,1,1,1,1,1,0,0,0]",t^8+45t^6+441t^4+72t^2,"[-1,-1,-1,0,0,1,1,1,-2,0,-2,-1,1,2,3,-1,2,1,0,0,0,1,1,0,0,0,0,1,1,1,1,1,1,0,0,0]","[-1,-1,-1,0,0,1,1,1,0,0,1,1,0,0,1,0,1,1,0,0,2,1,1,0,0,3,0,1,1,-1,1,2,-2,-1,0,-2]","[-1,-1,-1,0,0,1,1,1,-2,1,-1,0,2,2,2,0,3,2,-1,0,1,0,0,2,2,2,0,0,0,0,0,0,0,0,0,0]",c,"[[{8, 1}, {2, 7}, {3, 6}, {4, 5}], [{8, 1}, {2, 7}, {4, 6}, {3, 5}], [{8, 1}, {2, 7}, {5, 6}, {3, 4}], [{8, 1}, {3, 7}, {2, 6}, {4, 5}], [{8, 1}, {3, 7}, {4, 6}, {2, 5}], [{8, 1}, {3, 7}, {5, 6}, {2, 4}], [{8, 1}, {4, 7}, {2, 6}, {3, 5}], [{8, 1}, {4, 7}, {2, 6}, {5}, {3}], [{8, 1}, {4, 7}, {3, 6}, {2, 5}], [{8, 1}, {4, 7}, {3, 6}, {5}, {2}], [{8, 1}, {4, 7}, {5, 6}, {2, 3}], [{8, 1}, {4, 7}, {6}, {5}, {2, 3}], [{8, 1}, {5, 7}, {2, 6}, {3, 4}], [{8, 1}, {5, 7}, {2, 6}, {4}, {3}], [{8, 1}, {5, 7}, {3, 6}, {2, 4}], [{8, 1}, {5, 7}, {3, 6}, {4}, {2}], [{8, 1}, {5, 7}, {4, 6}, {2, 3}], [{8, 1}, {5, 7}, {4, 6}, {3}, {2}], [{8, 1}, {5, 7}, {6}, {2, 4}, {3}], [{8, 1}, {5, 7}, {6}, {3, 4}, {2}], [{8, 1}, {5, 7}, {6}, {4}, {2, 3}], [{8, 1}, {5, 7}, {6}, {4}, {3}, {2}], [{8, 1}, {6, 7}, {2, 5}, {3, 4}], [{8, 1}, {6, 7}, {3, 5}, {2, 4}], [{8, 1}, {6, 7}, {4, 5}, {2, 3}], [{8, 1}, {6, 7}, {5}, {2, 4}, {3}], [{8, 1}, {7}, {2, 6}, {4, 5}, {3}], [{8, 1}, {7}, {3, 6}, {4, 5}, {2}], [{8, 1}, {7}, {5, 6}, {2, 4}, {3}], [{8, 1}, {7}, {6}, {4, 5}, {2, 3}], [{8, 2}, {1, 7}, {3, 6}, {4, 5}], [{8, 2}, {1, 7}, {4, 6}, {3, 5}], [{8, 2}, {1, 7}, {5, 6}, {3, 4}], [{8, 2}, {1, 7}, {5, 6}, {4}, {3}], [{8, 2}, {3, 7}, {1, 6}, {4, 5}], [{8, 2}, {3, 7}, {1, 6}, {5}, {4}], [{8, 2}, {3, 7}, {4, 6}, {1, 5}], [{8, 2}, {3, 7}, {5, 6}, {1, 4}], [{8, 2}, {4, 7}, {1, 6}, {3, 5}], [{8, 2}, {4, 7}, {1, 6}, {5}, {3}], [{8, 2}, {4, 7}, {3, 6}, {1, 5}], [{8, 2}, {4, 7}, {3, 6}, {5}, {1}], [{8, 2}, {4, 7}, {5, 6}, {1, 3}], [{8, 2}, {4, 7}, {6}, {5}, {1, 3}], [{8, 2}, {5, 7}, {1, 6}, {3, 4}], [{8, 2}, {5, 7}, {1, 6}, {4}, {3}], [{8, 2}, {5, 7}, {3, 6}, {1, 4}], [{8, 2}, {5, 7}, {3, 6}, {4}, {1}], [{8, 2}, {5, 7}, {4, 6}, {1, 3}], [{8, 2}, {5, 7}, {4, 6}, {3}, {1}], [{8, 2}, {5, 7}, {6}, {1, 4}, {3}], [{8, 2}, {5, 7}, {6}, {3, 4}, {1}], [{8, 2}, {5, 7}, {6}, {4}, {1, 3}], [{8, 2}, {5, 7}, {6}, {4}, {3}, {1}], [{8, 2}, {6, 7}, {1, 5}, {3, 4}], [{8, 2}, {6, 7}, {1, 5}, {4}, {3}], [{8, 2}, {6, 7}, {3, 5}, {1, 4}], [{8, 2}, {6, 7}, {4, 5}, {1, 3}], [{8, 2}, {7}, {1, 6}, {3, 5}, {4}], [{8, 2}, {7}, {1, 6}, {4, 5}, {3}], [{8, 2}, {7}, {1, 6}, {5}, {3, 4}], [{8, 2}, {7}, {1, 6}, {5}, {4}, {3}], [{8, 2}, {7}, {3, 6}, {4, 5}, {1}], [{8, 2}, {7}, {6}, {4, 5}, {1, 3}], [{8, 3}, {1, 7}, {2, 6}, {4, 5}], [{8, 3}, {1, 7}, {4, 6}, {2, 5}], [{8, 3}, {1, 7}, {5, 6}, {2, 4}], [{8, 3}, {1, 7}, {5, 6}, {4}, {2}], [{8, 3}, {2, 7}, {1, 6}, {4, 5}], [{8, 3}, {2, 7}, {1, 6}, {5}, {4}], [{8, 3}, {2, 7}, {4, 6}, {1, 5}], [{8, 3}, {2, 7}, {5, 6}, {1, 4}], [{8, 3}, {4, 7}, {1, 6}, {2, 5}], [{8, 3}, {4, 7}, {1, 6}, {5}, {2}], [{8, 3}, {4, 7}, {2, 6}, {1, 5}], [{8, 3}, {4, 7}, {2, 6}, {5}, {1}], [{8, 3}, {4, 7}, {5, 6}, {1, 2}], [{8, 3}, {4, 7}, {6}, {5}, {1, 2}], [{8, 3}, {5, 7}, {1, 6}, {2, 4}], [{8, 3}, {5, 7}, {1, 6}, {4}, {2}], [{8, 3}, {5, 7}, {2, 6}, {1, 4}], [{8, 3}, {5, 7}, {2, 6}, {4}, {1}], [{8, 3}, {5, 7}, {4, 6}, {1, 2}], [{8, 3}, {5, 7}, {4, 6}, {2}, {1}], [{8, 3}, {5, 7}, {6}, {1, 4}, {2}], [{8, 3}, {5, 7}, {6}, {2, 4}, {1}], [{8, 3}, {5, 7}, {6}, {4}, {1, 2}], [{8, 3}, {5, 7}, {6}, {4}, {2}, {1}], [{8, 3}, {6, 7}, {1, 5}, {2, 4}], [{8, 3}, {6, 7}, {1, 5}, {4}, {2}], [{8, 3}, {6, 7}, {2, 5}, {1, 4}], [{8, 3}, {6, 7}, {4, 5}, {1, 2}], [{8, 3}, {7}, {1, 6}, {2, 5}, {4}], [{8, 3}, {7}, {1, 6}, {4, 5}, {2}], [{8, 3}, {7}, {1, 6}, {5}, {2, 4}], [{8, 3}, {7}, {1, 6}, {5}, {4}, {2}], [{8, 3}, {7}, {2, 6}, {4, 5}, {1}], [{8, 3}, {7}, {6}, {4, 5}, {1, 2}], [{8, 4}, {1, 7}, {2, 6}, {3, 5}], [{8, 4}, {1, 7}, {3, 6}, {2, 5}], [{8, 4}, {1, 7}, {3, 6}, {5}, {2}], [{8, 4}, {1, 7}, {5, 6}, {2, 3}], [{8, 4}, {1, 7}, {5, 6}, {3}, {2}], [{8, 4}, {1, 7}, {6}, {3, 5}, {2}], [{8, 4}, {2, 7}, {1, 6}, {3, 5}], [{8, 4}, {2, 7}, {1, 6}, {5}, {3}], [{8, 4}, {2, 7}, {3, 6}, {1, 5}], [{8, 4}, {2, 7}, {5, 6}, {1, 3}], [{8, 4}, {3, 7}, {1, 6}, {2, 5}], [{8, 4}, {3, 7}, {1, 6}, {5}, {2}], [{8, 4}, {3, 7}, {2, 6}, {1, 5}], [{8, 4}, {3, 7}, {5, 6}, {1, 2}], [{8, 4}, {3, 7}, {5, 6}, {2}, {1}], [{8, 4}, {3, 7}, {6}, {1, 5}, {2}], [{8, 4}, {5, 7}, {1, 6}, {2, 3}], [{8, 4}, {5, 7}, {1, 6}, {3}, {2}], [{8, 4}, {5, 7}, {2, 6}, {1, 3}], [{8, 4}, {5, 7}, {2, 6}, {3}, {1}], [{8, 4}, {5, 7}, {3, 6}, {1, 2}], [{8, 4}, {5, 7}, {3, 6}, {2}, {1}], [{8, 4}, {5, 7}, {6}, {1, 3}, {2}], [{8, 4}, {5, 7}, {6}, {2, 3}, {1}], [{8, 4}, {5, 7}, {6}, {3}, {1, 2}], [{8, 4}, {5, 7}, {6}, {3}, {2}, {1}], [{8, 4}, {6, 7}, {1, 5}, {2, 3}], [{8, 4}, {6, 7}, {1, 5}, {3}, {2}], [{8, 4}, {6, 7}, {2, 5}, {1, 3}], [{8, 4}, {6, 7}, {3, 5}, {1, 2}], [{8, 4}, {6, 7}, {3, 5}, {2}, {1}], [{8, 4}, {6, 7}, {5}, {1, 3}, {2}], [{8, 4}, {7}, {1, 6}, {2, 5}, {3}], [{8, 4}, {7}, {1, 6}, {3, 5}, {2}], [{8, 4}, {7}, {1, 6}, {5}, {2, 3}], [{8, 4}, {7}, {1, 6}, {5}, {3}, {2}], [{8, 4}, {7}, {3, 6}, {1, 5}, {2}], [{8, 4}, {7}, {5, 6}, {1, 3}, {2}], [{8, 5}, {1, 7}, {2, 6}, {3, 4}], [{8, 5}, {1, 7}, {3, 6}, {2, 4}], [{8, 5}, {1, 7}, {4, 6}, {2, 3}], [{8, 5}, {1, 7}, {6}, {2, 4}, {3}], [{8, 5}, {2, 7}, {1, 6}, {3, 4}], [{8, 5}, {2, 7}, {1, 6}, {4}, {3}], [{8, 5}, {2, 7}, {3, 6}, {1, 4}], [{8, 5}, {2, 7}, {4, 6}, {1, 3}], [{8, 5}, {3, 7}, {1, 6}, {2, 4}], [{8, 5}, {3, 7}, {1, 6}, {4}, {2}], [{8, 5}, {3, 7}, {2, 6}, {1, 4}], [{8, 5}, {3, 7}, {4, 6}, {1, 2}], [{8, 5}, {4, 7}, {1, 6}, {2, 3}], [{8, 5}, {4, 7}, {1, 6}, {3}, {2}], [{8, 5}, {4, 7}, {2, 6}, {1, 3}], [{8, 5}, {4, 7}, {3, 6}, {1, 2}], [{8, 5}, {6, 7}, {1, 4}, {2, 3}], [{8, 5}, {6, 7}, {2, 4}, {1, 3}], [{8, 5}, {6, 7}, {2, 4}, {3}, {1}], [{8, 5}, {6, 7}, {3, 4}, {1, 2}], [{8, 5}, {7}, {1, 6}, {2, 4}, {3}], [{8, 5}, {7}, {1, 6}, {3, 4}, {2}], [{8, 5}, {7}, {1, 6}, {4}, {2, 3}], [{8, 5}, {7}, {1, 6}, {4}, {3}, {2}], [{8, 6}, {1, 7}, {2, 5}, {3, 4}], [{8, 6}, {1, 7}, {3, 5}, {2, 4}], [{8, 6}, {1, 7}, {4, 5}, {2, 3}], [{8, 6}, {1, 7}, {5}, {2, 4}, {3}], [{8, 6}, {2, 7}, {1, 5}, {3, 4}], [{8, 6}, {2, 7}, {3, 5}, {1, 4}], [{8, 6}, {2, 7}, {4, 5}, {1, 3}], [{8, 6}, {3, 7}, {1, 5}, {2, 4}], [{8, 6}, {3, 7}, {2, 5}, {1, 4}], [{8, 6}, {3, 7}, {4, 5}, {1, 2}], [{8, 6}, {4, 7}, {1, 5}, {2, 3}], [{8, 6}, {4, 7}, {2, 5}, {1, 3}], [{8, 6}, {4, 7}, {3, 5}, {1, 2}], [{8, 6}, {4, 7}, {5}, {1, 3}, {2}], [{8, 6}, {4, 7}, {5}, {2, 3}, {1}], [{8, 6}, {4, 7}, {5}, {3}, {1, 2}], [{8, 6}, {5, 7}, {1, 4}, {2, 3}], [{8, 6}, {5, 7}, {1, 4}, {3}, {2}], [{8, 6}, {5, 7}, {2, 4}, {1, 3}], [{8, 6}, {5, 7}, {2, 4}, {3}, {1}], [{8, 6}, {5, 7}, {3, 4}, {1, 2}], [{8, 6}, {5, 7}, {3, 4}, {2}, {1}], [{8, 6}, {5, 7}, {4}, {1, 3}, {2}], [{8, 6}, {5, 7}, {4}, {2, 3}, {1}], [{8, 6}, {5, 7}, {4}, {3}, {1, 2}], [{8, 6}, {5, 7}, {4}, {3}, {2}, {1}], [{8, 6}, {7}, {1, 5}, {2, 4}, {3}], [{8, 6}, {7}, {4, 5}, {1, 3}, {2}], [{8, 6}, {7}, {4, 5}, {2, 3}, {1}], [{8, 6}, {7}, {4, 5}, {3}, {1, 2}], [{8, 7}, {1, 6}, {2, 5}, {3, 4}], [{8, 7}, {1, 6}, {2, 5}, {4}, {3}], [{8, 7}, {1, 6}, {3, 5}, {2, 4}], [{8, 7}, {1, 6}, {3, 5}, {4}, {2}], [{8, 7}, {1, 6}, {4, 5}, {2, 3}], [{8, 7}, {1, 6}, {4, 5}, {3}, {2}], [{8, 7}, {1, 6}, {5}, {2, 4}, {3}], [{8, 7}, {1, 6}, {5}, {3, 4}, {2}], [{8, 7}, {1, 6}, {5}, {4}, {2, 3}], [{8, 7}, {1, 6}, {5}, {4}, {3}, {2}], [{8, 7}, {2, 6}, {1, 5}, {3, 4}], [{8, 7}, {2, 6}, {3, 5}, {1, 4}], [{8, 7}, {2, 6}, {4, 5}, {1, 3}], [{8, 7}, {3, 6}, {1, 5}, {2, 4}], [{8, 7}, {3, 6}, {2, 5}, {1, 4}], [{8, 7}, {3, 6}, {4, 5}, {1, 2}], [{8, 7}, {4, 6}, {1, 5}, {2, 3}], [{8, 7}, {4, 6}, {2, 5}, {1, 3}], [{8, 7}, {4, 6}, {3, 5}, {1, 2}], [{8, 7}, {5, 6}, {1, 4}, {2, 3}], [{8, 7}, {5, 6}, {2, 4}, {1, 3}], [{8, 7}, {5, 6}, {2, 4}, {3}, {1}], [{8, 7}, {5, 6}, {3, 4}, {1, 2}], [{8, 7}, {6}, {1, 5}, {2, 4}, {3}], [{8}, {1, 7}, {5, 6}, {2, 4}, {3}], [{8}, {1, 7}, {5, 6}, {3, 4}, {2}], [{8}, {1, 7}, {5, 6}, {4}, {2, 3}], [{8}, {1, 7}, {5, 6}, {4}, {3}, {2}], [{8}, {2, 7}, {1, 6}, {3, 5}, {4}], [{8}, {2, 7}, {1, 6}, {4, 5}, {3}], [{8}, {2, 7}, {1, 6}, {5}, {3, 4}], [{8}, {2, 7}, {1, 6}, {5}, {4}, {3}], [{8}, {2, 7}, {3, 6}, {5}, {1, 4}], [{8}, {2, 7}, {4, 6}, {5}, {1, 3}], [{8}, {3, 7}, {1, 6}, {2, 5}, {4}], [{8}, {3, 7}, {1, 6}, {4, 5}, {2}], [{8}, {3, 7}, {1, 6}, {5}, {2, 4}], [{8}, {3, 7}, {1, 6}, {5}, {4}, {2}], [{8}, {3, 7}, {2, 6}, {5}, {1, 4}], [{8}, {3, 7}, {4, 6}, {5}, {1, 2}], [{8}, {4, 7}, {1, 6}, {2, 5}, {3}], [{8}, {4, 7}, {1, 6}, {3, 5}, {2}], [{8}, {4, 7}, {1, 6}, {5}, {2, 3}], [{8}, {4, 7}, {1, 6}, {5}, {3}, {2}], [{8}, {4, 7}, {2, 6}, {5}, {1, 3}], [{8}, {4, 7}, {3, 6}, {5}, {1, 2}], [{8}, {5, 7}, {1, 6}, {2, 4}, {3}], [{8}, {5, 7}, {1, 6}, {3, 4}, {2}], [{8}, {5, 7}, {1, 6}, {4}, {2, 3}], [{8}, {5, 7}, {1, 6}, {4}, {3}, {2}], [{8}, {5, 7}, {2, 6}, {1, 4}, {3}], [{8}, {5, 7}, {2, 6}, {3, 4}, {1}], [{8}, {5, 7}, {2, 6}, {4}, {1, 3}], [{8}, {5, 7}, {2, 6}, {4}, {3}, {1}], [{8}, {5, 7}, {3, 6}, {1, 4}, {2}], [{8}, {5, 7}, {3, 6}, {2, 4}, {1}], [{8}, {5, 7}, {3, 6}, {4}, {1, 2}], [{8}, {5, 7}, {3, 6}, {4}, {2}, {1}], [{8}, {5, 7}, {4, 6}, {1, 3}, {2}], [{8}, {5, 7}, {4, 6}, {2, 3}, {1}], [{8}, {5, 7}, {4, 6}, {3}, {1, 2}], [{8}, {5, 7}, {4, 6}, {3}, {2}, {1}], [{8}, {5, 7}, {6}, {1, 4}, {2, 3}], [{8}, {5, 7}, {6}, {1, 4}, {3}, {2}], [{8}, {5, 7}, {6}, {2, 4}, {1, 3}], [{8}, {5, 7}, {6}, {2, 4}, {3}, {1}], [{8}, {5, 7}, {6}, {3, 4}, {1, 2}], [{8}, {5, 7}, {6}, {3, 4}, {2}, {1}], [{8}, {5, 7}, {6}, {4}, {1, 3}, {2}], [{8}, {5, 7}, {6}, {4}, {2, 3}, {1}], [{8}, {5, 7}, {6}, {4}, {3}, {1, 2}], [{8}, {5, 7}, {6}, {4}, {3}, {2}, {1}], [{8}, {6, 7}, {1, 5}, {2, 4}, {3}], [{8}, {6, 7}, {1, 5}, {3, 4}, {2}], [{8}, {6, 7}, {1, 5}, {4}, {2, 3}], [{8}, {6, 7}, {1, 5}, {4}, {3}, {2}], [{8}, {7}, {1, 6}, {2, 5}, {3, 4}], [{8}, {7}, {1, 6}, {2, 5}, {4}, {3}], [{8}, {7}, {1, 6}, {3, 5}, {2, 4}], [{8}, {7}, {1, 6}, {3, 5}, {4}, {2}], [{8}, {7}, {1, 6}, {4, 5}, {2, 3}], [{8}, {7}, {1, 6}, {4, 5}, {3}, {2}], [{8}, {7}, {1, 6}, {5}, {2, 4}, {3}], [{8}, {7}, {1, 6}, {5}, {3, 4}, {2}], [{8}, {7}, {1, 6}, {5}, {4}, {2, 3}], [{8}, {7}, {1, 6}, {5}, {4}, {3}, {2}], [{8}, {7}, {2, 6}, {3, 5}, {1, 4}], [{8}, {7}, {2, 6}, {4, 5}, {1, 3}], [{8}, {7}, {3, 6}, {2, 5}, {1, 4}], [{8}, {7}, {3, 6}, {4, 5}, {1, 2}], [{8}, {7}, {4, 6}, {2, 5}, {1, 3}], [{8}, {7}, {4, 6}, {3, 5}, {1, 2}]]",2,1,O1O2O3O4U3U2U1O5O6U4O7U6U5O8U7U8,O1O2O3U4U3U2U1O5O6U5O7O8U6O4U8U7,O1O2O3U4U5O6U7O5O4U8O7O8U3U2U1U6,c,"{'O1O2O3O4U5U6O5U7U8O6U1O8O7U4U3U2', 'O1O2O3U4O5U6U7O4U8O6U1O8U5O7U3U2'}",2,"<a href=""/flatknot/8.857750"">8.857750</a>",t^9-45t^7-58t^6+345t^5+456t^4-11t^3,0,,
8.857751,O1O2O3O4U5U6O5U7U8O6U2O8O7U1U3U4,4,10z^3+59z^2+114z+73,10w^4z^3+59w^3z^2+114w^2z+73w,False,False,"[[ 0 -2  0  1  3 -1 -1  0  0],[ 2  0  2  2  3  1  1  2  2],[ 0 -2  0 -1  0 -1  1  2  1],[-1 -2  1  0  1 -2 -2  0  0],[-3 -3  0 -1  0 -4 -4 -2 -2],[ 1 -1  1  2  4  0 -1  0  0],[ 1 -1 -1  2  4  1  0 -1  0],[ 0 -2 -2  0  2  0  1  0  0],[ 0 -2 -1  0  2  0  0  0  0]]","[[ 0  3  1  0  0  0 -1 -1 -2],[-3  0 -1  0 -2 -2 -4 -4 -3],[-1  1  0  1  0  0 -2 -2 -2],[ 0  0 -1  0  2  1  1 -1 -2],[ 0  2  0 -2  0  0  1  0 -2],[ 0  2  0 -1  0  0  0  0 -2],[ 1  4  2 -1 -1  0  0  1 -1],[ 1  4  2  1  0  0 -1  0 -1],[ 2  3  2  2  2  2  1  1  0]]",True,"[-3,-1,0,0,0,1,1,2,1,0,2,2,4,4,3,-1,0,0,2,2,2,-2,-1,-1,1,2,0,-1,0,2,0,0,2,-1,1,1]","[-3,-1,0,0,0,1,1,2,1,0,2,2,4,4,3,-1,0,0,2,2,2,-2,-1,-1,1,2,0,-1,0,2,0,0,2,-1,1,1]",t^8+86t^6+1239t^4+281t^2+1,"[-2,-1,-1,0,0,0,1,3,0,0,0,0,0,1,2,-1,1,2,2,0,0,1,0,1,0,0,1,0,1,1,-2,2,3,1,1,1]","[-3,-1,0,0,0,1,1,2,1,1,1,3,0,0,2,1,1,2,0,0,1,0,-2,1,2,0,-1,1,1,0,0,2,0,-1,0,0]","[-2,-1,-1,0,0,0,1,3,1,1,2,2,2,2,3,-1,0,0,1,2,4,-1,0,-1,2,4,0,-2,0,2,-1,0,2,-1,0,1]",c,"[[{8, 1}, {2, 7}, {3, 6}, {4, 5}], [{8, 1}, {2, 7}, {4, 6}, {3, 5}], [{8, 1}, {2, 7}, {5, 6}, {3, 4}], [{8, 1}, {3, 7}, {2, 6}, {4, 5}], [{8, 1}, {3, 7}, {4, 6}, {2, 5}], [{8, 1}, {3, 7}, {4, 6}, {5}, {2}], [{8, 1}, {3, 7}, {5, 6}, {2, 4}], [{8, 1}, {4, 7}, {2, 6}, {3, 5}], [{8, 1}, {4, 7}, {3, 6}, {2, 5}], [{8, 1}, {4, 7}, {3, 6}, {5}, {2}], [{8, 1}, {4, 7}, {5, 6}, {2, 3}], [{8, 1}, {5, 7}, {2, 6}, {3, 4}], [{8, 1}, {5, 7}, {2, 6}, {4}, {3}], [{8, 1}, {5, 7}, {3, 6}, {2, 4}], [{8, 1}, {5, 7}, {3, 6}, {4}, {2}], [{8, 1}, {5, 7}, {4, 6}, {2, 3}], [{8, 1}, {5, 7}, {4, 6}, {3}, {2}], [{8, 1}, {5, 7}, {6}, {2, 4}, {3}], [{8, 1}, {5, 7}, {6}, {3, 4}, {2}], [{8, 1}, {5, 7}, {6}, {4}, {2, 3}], [{8, 1}, {5, 7}, {6}, {4}, {3}, {2}], [{8, 1}, {6, 7}, {2, 5}, {3, 4}], [{8, 1}, {6, 7}, {3, 5}, {2, 4}], [{8, 1}, {6, 7}, {4, 5}, {2, 3}], [{8, 1}, {7}, {3, 6}, {4, 5}, {2}], [{8, 1}, {7}, {4, 6}, {3, 5}, {2}], [{8, 2}, {1, 7}, {3, 6}, {4, 5}], [{8, 2}, {1, 7}, {4, 6}, {3, 5}], [{8, 2}, {1, 7}, {5, 6}, {3, 4}], [{8, 2}, {1, 7}, {6}, {4, 5}, {3}], [{8, 2}, {3, 7}, {1, 6}, {4, 5}], [{8, 2}, {3, 7}, {4, 6}, {1, 5}], [{8, 2}, {3, 7}, {5, 6}, {1, 4}], [{8, 2}, {3, 7}, {6}, {5}, {1, 4}], [{8, 2}, {4, 7}, {1, 6}, {3, 5}], [{8, 2}, {4, 7}, {3, 6}, {1, 5}], [{8, 2}, {4, 7}, {5, 6}, {1, 3}], [{8, 2}, {5, 7}, {1, 6}, {3, 4}], [{8, 2}, {5, 7}, {3, 6}, {1, 4}], [{8, 2}, {5, 7}, {4, 6}, {1, 3}], [{8, 2}, {5, 7}, {6}, {1, 4}, {3}], [{8, 2}, {6, 7}, {1, 5}, {3, 4}], [{8, 2}, {6, 7}, {3, 5}, {1, 4}], [{8, 2}, {6, 7}, {4, 5}, {1, 3}], [{8, 2}, {7}, {1, 6}, {3, 5}, {4}], [{8, 2}, {7}, {4, 6}, {3, 5}, {1}], [{8, 2}, {7}, {6}, {3, 5}, {1, 4}], [{8, 3}, {1, 7}, {2, 6}, {4, 5}], [{8, 3}, {1, 7}, {4, 6}, {2, 5}], [{8, 3}, {1, 7}, {5, 6}, {2, 4}], [{8, 3}, {1, 7}, {5, 6}, {4}, {2}], [{8, 3}, {2, 7}, {1, 6}, {4, 5}], [{8, 3}, {2, 7}, {1, 6}, {5}, {4}], [{8, 3}, {2, 7}, {4, 6}, {1, 5}], [{8, 3}, {2, 7}, {5, 6}, {1, 4}], [{8, 3}, {4, 7}, {1, 6}, {2, 5}], [{8, 3}, {4, 7}, {2, 6}, {1, 5}], [{8, 3}, {4, 7}, {5, 6}, {1, 2}], [{8, 3}, {4, 7}, {6}, {1, 5}, {2}], [{8, 3}, {5, 7}, {1, 6}, {2, 4}], [{8, 3}, {5, 7}, {2, 6}, {1, 4}], [{8, 3}, {5, 7}, {4, 6}, {1, 2}], [{8, 3}, {5, 7}, {6}, {1, 4}, {2}], [{8, 3}, {6, 7}, {1, 5}, {2, 4}], [{8, 3}, {6, 7}, {2, 5}, {1, 4}], [{8, 3}, {6, 7}, {2, 5}, {4}, {1}], [{8, 3}, {6, 7}, {4, 5}, {1, 2}], [{8, 3}, {7}, {2, 6}, {5}, {1, 4}], [{8, 3}, {7}, {4, 6}, {5}, {1, 2}], [{8, 4}, {1, 7}, {2, 6}, {3, 5}], [{8, 4}, {1, 7}, {3, 6}, {2, 5}], [{8, 4}, {1, 7}, {3, 6}, {5}, {2}], [{8, 4}, {1, 7}, {5, 6}, {2, 3}], [{8, 4}, {2, 7}, {1, 6}, {3, 5}], [{8, 4}, {2, 7}, {3, 6}, {1, 5}], [{8, 4}, {2, 7}, {5, 6}, {1, 3}], [{8, 4}, {3, 7}, {1, 6}, {2, 5}], [{8, 4}, {3, 7}, {1, 6}, {5}, {2}], [{8, 4}, {3, 7}, {2, 6}, {1, 5}], [{8, 4}, {3, 7}, {5, 6}, {1, 2}], [{8, 4}, {5, 7}, {1, 6}, {2, 3}], [{8, 4}, {5, 7}, {1, 6}, {3}, {2}], [{8, 4}, {5, 7}, {2, 6}, {1, 3}], [{8, 4}, {5, 7}, {2, 6}, {3}, {1}], [{8, 4}, {5, 7}, {3, 6}, {1, 2}], [{8, 4}, {5, 7}, {3, 6}, {2}, {1}], [{8, 4}, {5, 7}, {6}, {1, 3}, {2}], [{8, 4}, {5, 7}, {6}, {2, 3}, {1}], [{8, 4}, {5, 7}, {6}, {3}, {1, 2}], [{8, 4}, {5, 7}, {6}, {3}, {2}, {1}], [{8, 4}, {6, 7}, {1, 5}, {2, 3}], [{8, 4}, {6, 7}, {2, 5}, {1, 3}], [{8, 4}, {6, 7}, {3, 5}, {1, 2}], [{8, 4}, {7}, {1, 6}, {3, 5}, {2}], [{8, 4}, {7}, {3, 6}, {1, 5}, {2}], [{8, 5}, {1, 7}, {2, 6}, {3, 4}], [{8, 5}, {1, 7}, {2, 6}, {4}, {3}], [{8, 5}, {1, 7}, {3, 6}, {2, 4}], [{8, 5}, {1, 7}, {3, 6}, {4}, {2}], [{8, 5}, {1, 7}, {4, 6}, {2, 3}], [{8, 5}, {1, 7}, {6}, {4}, {2, 3}], [{8, 5}, {2, 7}, {1, 6}, {3, 4}], [{8, 5}, {2, 7}, {3, 6}, {1, 4}], [{8, 5}, {2, 7}, {4, 6}, {1, 3}], [{8, 5}, {3, 7}, {1, 6}, {2, 4}], [{8, 5}, {3, 7}, {2, 6}, {1, 4}], [{8, 5}, {3, 7}, {4, 6}, {1, 2}], [{8, 5}, {3, 7}, {6}, {2, 4}, {1}], [{8, 5}, {4, 7}, {1, 6}, {2, 3}], [{8, 5}, {4, 7}, {2, 6}, {1, 3}], [{8, 5}, {4, 7}, {2, 6}, {3}, {1}], [{8, 5}, {4, 7}, {3, 6}, {1, 2}], [{8, 5}, {4, 7}, {3, 6}, {2}, {1}], [{8, 5}, {4, 7}, {6}, {2, 3}, {1}], [{8, 5}, {6, 7}, {1, 4}, {2, 3}], [{8, 5}, {6, 7}, {2, 4}, {1, 3}], [{8, 5}, {6, 7}, {3, 4}, {1, 2}], [{8, 5}, {7}, {2, 6}, {1, 4}, {3}], [{8, 5}, {7}, {3, 6}, {1, 4}, {2}], [{8, 5}, {7}, {4, 6}, {3}, {1, 2}], [{8, 5}, {7}, {6}, {1, 4}, {2, 3}], [{8, 6}, {1, 7}, {2, 5}, {3, 4}], [{8, 6}, {1, 7}, {3, 5}, {2, 4}], [{8, 6}, {1, 7}, {4, 5}, {2, 3}], [{8, 6}, {2, 7}, {1, 5}, {3, 4}], [{8, 6}, {2, 7}, {3, 5}, {1, 4}], [{8, 6}, {2, 7}, {4, 5}, {1, 3}], [{8, 6}, {3, 7}, {1, 5}, {2, 4}], [{8, 6}, {3, 7}, {2, 5}, {1, 4}], [{8, 6}, {3, 7}, {4, 5}, {1, 2}], [{8, 6}, {3, 7}, {5}, {1, 4}, {2}], [{8, 6}, {4, 7}, {1, 5}, {2, 3}], [{8, 6}, {4, 7}, {1, 5}, {3}, {2}], [{8, 6}, {4, 7}, {2, 5}, {1, 3}], [{8, 6}, {4, 7}, {3, 5}, {1, 2}], [{8, 6}, {5, 7}, {1, 4}, {2, 3}], [{8, 6}, {5, 7}, {1, 4}, {3}, {2}], [{8, 6}, {5, 7}, {2, 4}, {1, 3}], [{8, 6}, {5, 7}, {3, 4}, {1, 2}], [{8, 6}, {5, 7}, {4}, {2, 3}, {1}], [{8, 6}, {7}, {3, 5}, {1, 4}, {2}], [{8, 7}, {1, 6}, {2, 5}, {3, 4}], [{8, 7}, {1, 6}, {3, 5}, {2, 4}], [{8, 7}, {1, 6}, {4, 5}, {2, 3}], [{8, 7}, {2, 6}, {1, 5}, {3, 4}], [{8, 7}, {2, 6}, {3, 5}, {1, 4}], [{8, 7}, {2, 6}, {4, 5}, {1, 3}], [{8, 7}, {2, 6}, {5}, {1, 4}, {3}], [{8, 7}, {3, 6}, {1, 5}, {2, 4}], [{8, 7}, {3, 6}, {1, 5}, {4}, {2}], [{8, 7}, {3, 6}, {2, 5}, {1, 4}], [{8, 7}, {3, 6}, {4, 5}, {1, 2}], [{8, 7}, {3, 6}, {4, 5}, {2}, {1}], [{8, 7}, {3, 6}, {5}, {1, 4}, {2}], [{8, 7}, {4, 6}, {1, 5}, {2, 3}], [{8, 7}, {4, 6}, {2, 5}, {1, 3}], [{8, 7}, {4, 6}, {3, 5}, {1, 2}], [{8, 7}, {5, 6}, {1, 4}, {2, 3}], [{8, 7}, {5, 6}, {2, 4}, {1, 3}], [{8, 7}, {5, 6}, {3, 4}, {1, 2}], [{8, 7}, {6}, {3, 5}, {2, 4}, {1}], [{8, 7}, {6}, {5}, {1, 4}, {2, 3}], [{8}, {1, 7}, {3, 6}, {4, 5}, {2}], [{8}, {2, 7}, {4, 6}, {1, 5}, {3}], [{8}, {2, 7}, {5, 6}, {1, 4}, {3}], [{8}, {2, 7}, {6}, {4, 5}, {1, 3}], [{8}, {3, 7}, {2, 6}, {5}, {1, 4}], [{8}, {4, 7}, {3, 6}, {1, 5}, {2}], [{8}, {4, 7}, {6}, {2, 5}, {1, 3}], [{8}, {5, 7}, {1, 6}, {4}, {2, 3}], [{8}, {5, 7}, {2, 6}, {1, 4}, {3}], [{8}, {5, 7}, {3, 6}, {1, 4}, {2}], [{8}, {5, 7}, {4, 6}, {2, 3}, {1}], [{8}, {5, 7}, {6}, {1, 4}, {2, 3}], [{8}, {5, 7}, {6}, {1, 4}, {3}, {2}], [{8}, {6, 7}, {2, 5}, {1, 4}, {3}], [{8}, {6, 7}, {4, 5}, {1, 3}, {2}], [{8}, {6, 7}, {4, 5}, {2, 3}, {1}], [{8}, {6, 7}, {4, 5}, {3}, {1, 2}], [{8}, {7}, {1, 6}, {3, 5}, {2, 4}], [{8}, {7}, {2, 6}, {1, 5}, {3, 4}], [{8}, {7}, {2, 6}, {3, 5}, {1, 4}], [{8}, {7}, {2, 6}, {4, 5}, {1, 3}], [{8}, {7}, {2, 6}, {5}, {1, 4}, {3}], [{8}, {7}, {4, 6}, {3, 5}, {1, 2}]]",2,- 2 K_1^2 - 2 K_1 K_2 + K_1 + K_2 + K_3 + 2,O1O2O3O4U1U2U4O5O6U3O7U6U5O8U7U8,O1O2O3U1U4U2U3O5O6U5O7O8U6O4U8U7,O1O2O3U4U5O6U7O5O4U8O7O8U1U2U6U3,c,{'O1O2O3O4U5U6O5U7U8O6U2O8O7U1U3U4'},1,"<a href=""/flatknot/8.857751"">8.857751</a>",t^9-82t^7-276t^6+168t^5+796t^4-250t^3-134t^2+612t-90,-t^3+t^2+t,,
8.857752,O1O2O3O4U5U6O5U7U8O6U2O8O7U1U4U3,4,8z^3+53z^2+110z+73,8w^4z^3-2w^4z^2+55w^3z^2-4w^3z+114w^2z+73w,False,False,"[[ 0 -2  0  2  2 -1 -1  0  0],[ 2  0  2  3  2  1  1  2  2],[ 0 -2  0  0 -1 -1  1  2  1],[-2 -3  0  0  0 -3 -3 -1 -1],[-2 -2  1  0  0 -3 -3 -1 -1],[ 1 -1  1  3  3  0 -1  0  0],[ 1 -1 -1  3  3  1  0 -1  0],[ 0 -2 -2  1  1  0  1  0  0],[ 0 -2 -1  1  1  0  0  0  0]]","[[ 0  2  2  0  0  0 -1 -1 -2],[-2  0  0  1 -1 -1 -3 -3 -2],[-2  0  0  0 -1 -1 -3 -3 -3],[ 0 -1  0  0  2  1  1 -1 -2],[ 0  1  1 -2  0  0  1  0 -2],[ 0  1  1 -1  0  0  0  0 -2],[ 1  3  3 -1 -1  0  0  1 -1],[ 1  3  3  1  0  0 -1  0 -1],[ 2  2  3  2  2  2  1  1  0]]",True,"[-2,-2,0,0,0,1,1,2,0,-1,1,1,3,3,2,0,1,1,3,3,3,-2,-1,-1,1,2,0,-1,0,2,0,0,2,-1,1,1]","[-2,-2,0,0,0,1,1,2,0,-1,1,1,3,3,2,0,1,1,3,3,3,-2,-1,-1,1,2,0,-1,0,2,0,0,2,-1,1,1]",t^8+77t^6+1058t^4+240t^2+4,"[-2,-1,-1,0,0,0,2,2,0,0,0,0,0,1,2,-1,1,2,2,0,0,1,0,1,0,0,1,0,1,1,-2,2,3,1,1,0]","[-2,-2,0,0,0,1,1,2,0,1,1,2,0,0,1,1,1,3,0,0,2,0,-2,1,2,0,-1,1,1,0,0,2,0,-1,0,0]","[-2,-1,-1,0,0,0,2,2,1,1,2,2,2,2,3,-1,0,0,1,3,3,-1,0,-1,3,3,0,-2,1,1,-1,1,1,-1,0,0]",c,"[[{8, 1}, {2, 7}, {3, 6}, {4, 5}], [{8, 1}, {2, 7}, {4, 6}, {3, 5}], [{8, 1}, {2, 7}, {5, 6}, {3, 4}], [{8, 1}, {3, 7}, {2, 6}, {4, 5}], [{8, 1}, {3, 7}, {4, 6}, {2, 5}], [{8, 1}, {3, 7}, {5, 6}, {2, 4}], [{8, 1}, {3, 7}, {6}, {5}, {2, 4}], [{8, 1}, {4, 7}, {2, 6}, {3, 5}], [{8, 1}, {4, 7}, {3, 6}, {2, 5}], [{8, 1}, {4, 7}, {5, 6}, {2, 3}], [{8, 1}, {5, 7}, {2, 6}, {3, 4}], [{8, 1}, {5, 7}, {3, 6}, {2, 4}], [{8, 1}, {5, 7}, {4, 6}, {2, 3}], [{8, 1}, {5, 7}, {6}, {3, 4}, {2}], [{8, 1}, {6, 7}, {2, 5}, {3, 4}], [{8, 1}, {6, 7}, {3, 5}, {2, 4}], [{8, 1}, {6, 7}, {4, 5}, {2, 3}], [{8, 1}, {7}, {5, 6}, {2, 4}, {3}], [{8, 2}, {1, 7}, {3, 6}, {4, 5}], [{8, 2}, {1, 7}, {4, 6}, {3, 5}], [{8, 2}, {1, 7}, {5, 6}, {3, 4}], [{8, 2}, {1, 7}, {5, 6}, {4}, {3}], [{8, 2}, {3, 7}, {1, 6}, {4, 5}], [{8, 2}, {3, 7}, {4, 6}, {1, 5}], [{8, 2}, {3, 7}, {4, 6}, {5}, {1}], [{8, 2}, {3, 7}, {5, 6}, {1, 4}], [{8, 2}, {3, 7}, {6}, {1, 5}, {4}], [{8, 2}, {4, 7}, {1, 6}, {3, 5}], [{8, 2}, {4, 7}, {3, 6}, {1, 5}], [{8, 2}, {4, 7}, {3, 6}, {5}, {1}], [{8, 2}, {4, 7}, {5, 6}, {1, 3}], [{8, 2}, {5, 7}, {1, 6}, {3, 4}], [{8, 2}, {5, 7}, {3, 6}, {1, 4}], [{8, 2}, {5, 7}, {4, 6}, {1, 3}], [{8, 2}, {6, 7}, {1, 5}, {3, 4}], [{8, 2}, {6, 7}, {3, 5}, {1, 4}], [{8, 2}, {6, 7}, {4, 5}, {1, 3}], [{8, 2}, {6, 7}, {4, 5}, {3}, {1}], [{8, 2}, {7}, {4, 6}, {1, 5}, {3}], [{8, 3}, {1, 7}, {2, 6}, {4, 5}], [{8, 3}, {1, 7}, {4, 6}, {2, 5}], [{8, 3}, {1, 7}, {5, 6}, {2, 4}], [{8, 3}, {1, 7}, {6}, {5}, {2, 4}], [{8, 3}, {2, 7}, {1, 6}, {4, 5}], [{8, 3}, {2, 7}, {4, 6}, {1, 5}], [{8, 3}, {2, 7}, {5, 6}, {1, 4}], [{8, 3}, {4, 7}, {1, 6}, {2, 5}], [{8, 3}, {4, 7}, {2, 6}, {1, 5}], [{8, 3}, {4, 7}, {2, 6}, {5}, {1}], [{8, 3}, {4, 7}, {5, 6}, {1, 2}], [{8, 3}, {5, 7}, {1, 6}, {2, 4}], [{8, 3}, {5, 7}, {2, 6}, {1, 4}], [{8, 3}, {5, 7}, {4, 6}, {1, 2}], [{8, 3}, {5, 7}, {6}, {1, 4}, {2}], [{8, 3}, {6, 7}, {1, 5}, {2, 4}], [{8, 3}, {6, 7}, {2, 5}, {1, 4}], [{8, 3}, {6, 7}, {4, 5}, {1, 2}], [{8, 3}, {7}, {2, 6}, {1, 5}, {4}], [{8, 3}, {7}, {5, 6}, {2, 4}, {1}], [{8, 4}, {1, 7}, {2, 6}, {3, 5}], [{8, 4}, {1, 7}, {3, 6}, {2, 5}], [{8, 4}, {1, 7}, {5, 6}, {2, 3}], [{8, 4}, {1, 7}, {5, 6}, {3}, {2}], [{8, 4}, {2, 7}, {1, 6}, {3, 5}], [{8, 4}, {2, 7}, {1, 6}, {5}, {3}], [{8, 4}, {2, 7}, {3, 6}, {1, 5}], [{8, 4}, {2, 7}, {5, 6}, {1, 3}], [{8, 4}, {3, 7}, {1, 6}, {2, 5}], [{8, 4}, {3, 7}, {2, 6}, {1, 5}], [{8, 4}, {3, 7}, {2, 6}, {5}, {1}], [{8, 4}, {3, 7}, {5, 6}, {1, 2}], [{8, 4}, {3, 7}, {6}, {1, 5}, {2}], [{8, 4}, {5, 7}, {1, 6}, {2, 3}], [{8, 4}, {5, 7}, {2, 6}, {1, 3}], [{8, 4}, {5, 7}, {3, 6}, {1, 2}], [{8, 4}, {5, 7}, {6}, {1, 3}, {2}], [{8, 4}, {6, 7}, {1, 5}, {2, 3}], [{8, 4}, {6, 7}, {2, 5}, {1, 3}], [{8, 4}, {6, 7}, {3, 5}, {1, 2}], [{8, 4}, {7}, {2, 6}, {1, 5}, {3}], [{8, 5}, {1, 7}, {2, 6}, {3, 4}], [{8, 5}, {1, 7}, {3, 6}, {2, 4}], [{8, 5}, {1, 7}, {4, 6}, {2, 3}], [{8, 5}, {1, 7}, {4, 6}, {3}, {2}], [{8, 5}, {2, 7}, {1, 6}, {3, 4}], [{8, 5}, {2, 7}, {3, 6}, {1, 4}], [{8, 5}, {2, 7}, {4, 6}, {1, 3}], [{8, 5}, {3, 7}, {1, 6}, {2, 4}], [{8, 5}, {3, 7}, {2, 6}, {1, 4}], [{8, 5}, {3, 7}, {4, 6}, {1, 2}], [{8, 5}, {3, 7}, {6}, {2, 4}, {1}], [{8, 5}, {4, 7}, {1, 6}, {2, 3}], [{8, 5}, {4, 7}, {2, 6}, {1, 3}], [{8, 5}, {4, 7}, {3, 6}, {1, 2}], [{8, 5}, {4, 7}, {6}, {2, 3}, {1}], [{8, 5}, {6, 7}, {1, 4}, {2, 3}], [{8, 5}, {6, 7}, {2, 4}, {1, 3}], [{8, 5}, {6, 7}, {3, 4}, {1, 2}], [{8, 5}, {7}, {3, 6}, {4}, {1, 2}], [{8, 6}, {1, 7}, {2, 5}, {3, 4}], [{8, 6}, {1, 7}, {3, 5}, {2, 4}], [{8, 6}, {1, 7}, {4, 5}, {2, 3}], [{8, 6}, {2, 7}, {1, 5}, {3, 4}], [{8, 6}, {2, 7}, {3, 5}, {1, 4}], [{8, 6}, {2, 7}, {4, 5}, {1, 3}], [{8, 6}, {2, 7}, {4, 5}, {3}, {1}], [{8, 6}, {3, 7}, {1, 5}, {2, 4}], [{8, 6}, {3, 7}, {1, 5}, {4}, {2}], [{8, 6}, {3, 7}, {2, 5}, {1, 4}], [{8, 6}, {3, 7}, {4, 5}, {1, 2}], [{8, 6}, {3, 7}, {5}, {2, 4}, {1}], [{8, 6}, {4, 7}, {1, 5}, {2, 3}], [{8, 6}, {4, 7}, {2, 5}, {1, 3}], [{8, 6}, {4, 7}, {3, 5}, {1, 2}], [{8, 6}, {5, 7}, {1, 4}, {2, 3}], [{8, 6}, {5, 7}, {2, 4}, {1, 3}], [{8, 6}, {5, 7}, {3, 4}, {1, 2}], [{8, 6}, {5, 7}, {4}, {1, 3}, {2}], [{8, 6}, {5, 7}, {4}, {2, 3}, {1}], [{8, 6}, {5, 7}, {4}, {3}, {1, 2}], [{8, 6}, {7}, {1, 5}, {2, 4}, {3}], [{8, 7}, {1, 6}, {2, 5}, {3, 4}], [{8, 7}, {1, 6}, {3, 5}, {2, 4}], [{8, 7}, {1, 6}, {4, 5}, {2, 3}], [{8, 7}, {2, 6}, {1, 5}, {3, 4}], [{8, 7}, {2, 6}, {1, 5}, {4}, {3}], [{8, 7}, {2, 6}, {3, 5}, {1, 4}], [{8, 7}, {2, 6}, {4, 5}, {1, 3}], [{8, 7}, {3, 6}, {1, 5}, {2, 4}], [{8, 7}, {3, 6}, {2, 5}, {1, 4}], [{8, 7}, {3, 6}, {4, 5}, {1, 2}], [{8, 7}, {4, 6}, {1, 5}, {2, 3}], [{8, 7}, {4, 6}, {2, 5}, {1, 3}], [{8, 7}, {4, 6}, {3, 5}, {1, 2}], [{8, 7}, {5, 6}, {1, 4}, {2, 3}], [{8, 7}, {5, 6}, {2, 4}, {1, 3}], [{8, 7}, {5, 6}, {2, 4}, {3}, {1}], [{8, 7}, {5, 6}, {3, 4}, {1, 2}], [{8, 7}, {6}, {5}, {2, 4}, {1, 3}], [{8}, {1, 7}, {3, 6}, {4, 5}, {2}], [{8}, {1, 7}, {5, 6}, {2, 4}, {3}], [{8}, {2, 7}, {3, 6}, {1, 5}, {4}], [{8}, {2, 7}, {4, 6}, {5}, {1, 3}], [{8}, {2, 7}, {5, 6}, {4}, {1, 3}], [{8}, {2, 7}, {6}, {4, 5}, {1, 3}], [{8}, {3, 7}, {1, 6}, {5}, {2, 4}], [{8}, {3, 7}, {2, 6}, {1, 5}, {4}], [{8}, {3, 7}, {4, 6}, {1, 5}, {2}], [{8}, {3, 7}, {5, 6}, {2, 4}, {1}], [{8}, {3, 7}, {6}, {1, 5}, {2, 4}], [{8}, {3, 7}, {6}, {1, 5}, {4}, {2}], [{8}, {3, 7}, {6}, {2, 5}, {1, 4}], [{8}, {3, 7}, {6}, {4, 5}, {1, 2}], [{8}, {3, 7}, {6}, {5}, {2, 4}, {1}], [{8}, {4, 7}, {2, 6}, {1, 5}, {3}], [{8}, {4, 7}, {5, 6}, {1, 3}, {2}], [{8}, {5, 7}, {4, 6}, {1, 3}, {2}], [{8}, {6, 7}, {1, 5}, {4}, {2, 3}], [{8}, {6, 7}, {2, 5}, {1, 4}, {3}], [{8}, {6, 7}, {4, 5}, {1, 3}, {2}], [{8}, {7}, {2, 6}, {1, 5}, {3, 4}], [{8}, {7}, {2, 6}, {1, 5}, {4}, {3}], [{8}, {7}, {2, 6}, {3, 5}, {1, 4}], [{8}, {7}, {2, 6}, {4, 5}, {1, 3}], [{8}, {7}, {3, 6}, {2, 5}, {1, 4}], [{8}, {7}, {4, 6}, {2, 5}, {1, 3}], [{8}, {7}, {5, 6}, {1, 4}, {2, 3}], [{8}, {7}, {5, 6}, {2, 4}, {1, 3}]]",2,2 K_1^2 - K_2,O1O2O3O4U2U1U4O5O6U3O7U6U5O8U7U8,O1O2O3U1U4U3U2O5O6U5O7O8U6O4U8U7,O1O2O3U4U5O6U7O5O4U8O7O8U2U1U6U3,c,{'O1O2O3O4U5U6O5U7U8O6U2O8O7U1U4U3'},1,"<a href=""/flatknot/8.857752"">8.857752</a>",t^9-75t^7-228t^6+189t^5+730t^4-269t^3-466t^2+150t-16,-t^2+2t,,
8.857753,O1O2O3O4U5U6O5U7U8O6U2O8O7U3U1U4,4,2z^3+31z^2+102z+97,2w^4z^3-2w^4z^2+33w^3z^2-6w^3z+108w^2z+97w,False,False,"[[ 0 -1  0  0  3 -1 -1  0  0],[ 1  0  1  1  3  0  0  1  1],[ 0 -1  0 -1  0 -1  1  2  1],[ 0 -1  1  0  1 -1 -1  1  1],[-3 -3  0 -1  0 -4 -4 -2 -2],[ 1  0  1  1  4  0 -1  0  0],[ 1  0 -1  1  4  1  0 -1  0],[ 0 -1 -2 -1  2  0  1  0  0],[ 0 -1 -1 -1  2  0  0  0  0]]","[[ 0  3  0  0  0  0 -1 -1 -1],[-3  0  0 -1 -2 -2 -3 -4 -4],[ 0  0  0 -1  2  1 -1  1 -1],[ 0  1  1  0  1  1 -1 -1 -1],[ 0  2 -2 -1  0  0 -1  1  0],[ 0  2 -1 -1  0  0 -1  0  0],[ 1  3  1  1  1  1  0  0  0],[ 1  4 -1  1 -1  0  0  0  1],[ 1  4  1  1  0  0  0 -1  0]]",True,"[-3,0,0,0,0,1,1,1,0,1,2,2,3,4,4,1,-2,-1,1,-1,1,-1,-1,1,1,1,0,1,-1,0,1,0,0,0,0,-1]","[-3,0,0,0,0,1,1,1,0,1,2,2,3,4,4,1,-2,-1,1,-1,1,-1,-1,1,1,1,0,1,-1,0,1,0,0,0,0,-1]",t^8+68t^6+829t^4+393t^2+1,"[-1,-1,-1,0,0,0,0,3,-1,0,0,1,2,2,0,0,0,1,0,1,0,0,0,0,0,1,-1,-1,-1,2,1,0,1,-2,3,1]","[-3,0,0,0,0,1,1,1,1,1,2,3,0,0,1,0,-1,-2,1,2,0,-1,-1,1,1,0,1,0,0,0,0,2,0,-1,0,0]","[-1,-1,-1,0,0,0,0,3,-1,0,0,0,1,1,4,0,-1,0,-1,1,4,1,1,1,1,3,0,-2,-1,2,-1,-1,2,-1,0,1]",c,"[[{8, 2}, {3, 7}, {1, 6}, {4, 5}], [{8, 2}, {3, 7}, {4, 6}, {1, 5}], [{8, 2}, {3, 7}, {5, 6}, {1, 4}], [{8, 3}, {1, 7}, {4, 6}, {2, 5}]]",1,- 2 K_1 K_2 + K_1 + K_3 + 1,O1O2O3O4U1U4U2O5O6U3O7U6U5O8U7U8,O1O2O3U2U4U1U3O5O6U5O7O8U6O4U8U7,O1O2O3U4U5O6U7O5O4U8O7O8U1U3U6U2,c,{'O1O2O3O4U5U6O5U7U8O6U2O8O7U3U1U4'},1,"<a href=""/flatknot/8.857753"">8.857753</a>",t^9-62t^7-136t^6+73t^5+208t^4+41t^3+82t^2+82t-20,-t^3+3t,,
8.857754,O1O2O3O4U5U6O5U7U8O6U2O8O7U4U1U3,3,5z^2+34z+49,5w^3z^2+34w^2z+49w,False,False,"[[ 0 -1  0  2  1 -1 -1  0  0],[ 1  0  1  2  1  0  0  1  1],[ 0 -1  0  0 -1 -1  1  2  1],[-2 -2  0  0  0 -3 -3 -1 -1],[-1 -1  1  0  0 -2 -2  0  0],[ 1  0  1  3  2  0 -1  0  0],[ 1  0 -1  3  2  1  0 -1  0],[ 0 -1 -2  1  0  0  1  0  0],[ 0 -1 -1  1  0  0  0  0  0]]","[[ 0  2  1  0  0  0 -1 -1 -1],[-2  0  0  0 -1 -1 -2 -3 -3],[-1  0  0  1  0  0 -1 -2 -2],[ 0  0 -1  0  2  1 -1  1 -1],[ 0  1  0 -2  0  0 -1  1  0],[ 0  1  0 -1  0  0 -1  0  0],[ 1  2  1  1  1  1  0  0  0],[ 1  3  2 -1 -1  0  0  0  1],[ 1  3  2  1  0  0  0 -1  0]]",True,"[-2,-1,0,0,0,1,1,1,0,0,1,1,2,3,3,-1,0,0,1,2,2,-2,-1,1,-1,1,0,1,-1,0,1,0,0,0,0,-1]","[-2,-1,0,0,0,1,1,1,0,0,1,1,2,3,3,-1,0,0,1,2,2,-2,-1,1,-1,1,0,1,-1,0,1,0,0,0,0,-1]",t^8+46t^6+411t^4+75t^2,"[-1,-1,-1,0,0,0,1,2,-1,0,1,2,2,0,0,0,1,0,1,0,0,0,0,0,1,1,1,0,1,1,-2,2,2,1,1,1]","[-2,-1,0,0,0,1,1,1,1,1,1,2,0,0,1,1,1,2,0,0,1,0,-2,1,2,0,-1,1,1,0,0,2,0,-1,0,0]","[-1,-1,-1,0,0,0,1,2,-1,0,0,0,1,2,3,0,-1,0,-1,2,3,1,1,1,1,2,0,-2,0,1,-1,0,1,-1,0,0]",c,"[[{8, 1}, {4, 7}, {2, 6}, {3, 5}], [{8, 1}, {4, 7}, {2, 6}, {5}, {3}], [{8, 2}, {1, 7}, {4, 6}, {3, 5}], [{8, 2}, {3, 7}, {4, 6}, {1, 5}], [{8, 2}, {5, 7}, {4, 6}, {1, 3}], [{8, 2}, {5, 7}, {6}, {4}, {1, 3}], [{8, 4}, {1, 7}, {2, 6}, {3, 5}], [{8, 4}, {1, 7}, {2, 6}, {5}, {3}], [{8, 4}, {2, 7}, {1, 6}, {3, 5}]]",1,- 2 K_1^2 + K_2 + 2,O1O2O3O4U2U4U1O5O6U3O7U6U5O8U7U8,O1O2O3U2U4U3U1O5O6U5O7O8U6O4U8U7,O1O2O3U4U5O6U7O5O4U8O7O8U3U1U6U2,c,"{'O1O2O3U4U5O4U6U7O5U1O7O6U8U2O8U3', 'O1O2O3U4O5U6U7O4U8O6U2O8U5O7U1U3', 'O1O2O3O4U5U6O5U7U8O6U2O8O7U4U1U3'}",3,"<a href=""/flatknot/8.857754"">8.857754</a>",t^9-44t^7-64t^6+176t^5+170t^4-123t^3-22t^2+60t-8,-t^2+2t,,
8.857755,O1O2O3O4U5U6O5U7U8O6U3O8O7U1U2U4,4,7z^3+49z^2+113z+87,7w^4z^3+49w^3z^2+113w^2z+87w,False,False,"[[ 0 -2  0  1  3 -1 -1  0  0],[ 2  0  1  2  3  1  1  2  2],[ 0 -1  0  2  2 -1 -1  0  0],[-1 -2 -2  0 -1 -2  0  1  0],[-3 -3 -2  1  0 -4 -4 -2 -2],[ 1 -1  1  2  4  0 -1  0  0],[ 1 -1  1  0  4  1  0 -1  0],[ 0 -2  0 -1  2  0  1  0  0],[ 0 -2  0  0  2  0  0  0  0]]","[[ 0  3  1  0  0  0 -1 -1 -2],[-3  0  1 -2 -2 -2 -4 -4 -3],[-1 -1  0  1  0 -2  0 -2 -2],[ 0  2 -1  0  0  0  1  0 -2],[ 0  2  0  0  0  0  0  0 -2],[ 0  2  2  0  0  0 -1 -1 -1],[ 1  4  0 -1  0  1  0  1 -1],[ 1  4  2  0  0  1 -1  0 -1],[ 2  3  2  2  2  1  1  1  0]]",True,"[-3,-1,0,0,0,1,1,2,-1,2,2,2,4,4,3,-1,0,2,0,2,2,0,0,-1,0,2,0,0,0,2,1,1,1,-1,1,1]","[-3,-1,0,0,0,1,1,2,-1,2,2,2,4,4,3,-1,0,2,0,2,2,0,0,-1,0,2,0,0,0,2,1,1,1,-1,1,1]",t^8+82t^6+918t^4+273t^2+16,"[-2,-1,-1,0,0,0,1,3,0,0,0,0,1,1,2,-1,1,2,0,2,0,1,1,0,0,0,0,0,1,1,0,2,1,-1,1,3]","[-3,-1,0,0,0,1,1,2,3,1,1,1,0,0,2,-1,1,2,0,2,1,0,0,0,0,1,0,1,1,0,1,2,0,-1,0,0]","[-2,-1,-1,0,0,0,1,3,1,1,1,2,2,2,3,-1,1,0,0,2,4,1,-1,0,0,4,0,0,2,2,0,-1,2,0,2,-1]",c,"[[{8, 1}, {2, 7}, {3, 6}, {4, 5}], [{8, 1}, {2, 7}, {4, 6}, {3, 5}], [{8, 1}, {2, 7}, {4, 6}, {5}, {3}], [{8, 1}, {2, 7}, {5, 6}, {3, 4}], [{8, 1}, {3, 7}, {2, 6}, {4, 5}], [{8, 1}, {3, 7}, {4, 6}, {2, 5}], [{8, 1}, {3, 7}, {5, 6}, {2, 4}], [{8, 1}, {4, 7}, {2, 6}, {3, 5}], [{8, 1}, {4, 7}, {3, 6}, {2, 5}], [{8, 1}, {4, 7}, {5, 6}, {2, 3}], [{8, 1}, {5, 7}, {2, 6}, {3, 4}], [{8, 1}, {5, 7}, {3, 6}, {2, 4}], [{8, 1}, {5, 7}, {4, 6}, {2, 3}], [{8, 1}, {5, 7}, {4, 6}, {3}, {2}], [{8, 1}, {5, 7}, {6}, {4}, {2, 3}], [{8, 1}, {6, 7}, {2, 5}, {3, 4}], [{8, 1}, {6, 7}, {3, 5}, {2, 4}], [{8, 1}, {6, 7}, {4, 5}, {2, 3}], [{8, 1}, {7}, {3, 6}, {4, 5}, {2}], [{8, 1}, {7}, {4, 6}, {2, 5}, {3}], [{8, 2}, {1, 7}, {3, 6}, {4, 5}], [{8, 2}, {1, 7}, {4, 6}, {3, 5}], [{8, 2}, {1, 7}, {5, 6}, {3, 4}], [{8, 2}, {3, 7}, {1, 6}, {4, 5}], [{8, 2}, {3, 7}, {4, 6}, {1, 5}], [{8, 2}, {3, 7}, {4, 6}, {5}, {1}], [{8, 2}, {3, 7}, {5, 6}, {1, 4}], [{8, 2}, {4, 7}, {1, 6}, {3, 5}], [{8, 2}, {4, 7}, {3, 6}, {1, 5}], [{8, 2}, {4, 7}, {5, 6}, {1, 3}], [{8, 2}, {5, 7}, {1, 6}, {3, 4}], [{8, 2}, {5, 7}, {3, 6}, {1, 4}], [{8, 2}, {5, 7}, {4, 6}, {1, 3}], [{8, 2}, {5, 7}, {6}, {1, 4}, {3}], [{8, 2}, {6, 7}, {1, 5}, {3, 4}], [{8, 2}, {6, 7}, {3, 5}, {1, 4}], [{8, 2}, {6, 7}, {3, 5}, {4}, {1}], [{8, 2}, {6, 7}, {4, 5}, {1, 3}], [{8, 2}, {7}, {3, 6}, {1, 5}, {4}], [{8, 2}, {7}, {3, 6}, {4, 5}, {1}], [{8, 2}, {7}, {3, 6}, {5}, {1, 4}], [{8, 3}, {1, 7}, {2, 6}, {4, 5}], [{8, 3}, {1, 7}, {4, 6}, {2, 5}], [{8, 3}, {1, 7}, {5, 6}, {2, 4}], [{8, 3}, {2, 7}, {1, 6}, {4, 5}], [{8, 3}, {2, 7}, {1, 6}, {5}, {4}], [{8, 3}, {2, 7}, {4, 6}, {1, 5}], [{8, 3}, {2, 7}, {5, 6}, {1, 4}], [{8, 3}, {4, 7}, {1, 6}, {2, 5}], [{8, 3}, {4, 7}, {2, 6}, {1, 5}], [{8, 3}, {4, 7}, {5, 6}, {1, 2}], [{8, 3}, {5, 7}, {1, 6}, {2, 4}], [{8, 3}, {5, 7}, {2, 6}, {1, 4}], [{8, 3}, {5, 7}, {4, 6}, {1, 2}], [{8, 3}, {5, 7}, {6}, {1, 4}, {2}], [{8, 3}, {6, 7}, {1, 5}, {2, 4}], [{8, 3}, {6, 7}, {2, 5}, {1, 4}], [{8, 3}, {6, 7}, {4, 5}, {1, 2}], [{8, 3}, {7}, {4, 6}, {2, 5}, {1}], [{8, 4}, {1, 7}, {2, 6}, {3, 5}], [{8, 4}, {1, 7}, {3, 6}, {2, 5}], [{8, 4}, {1, 7}, {5, 6}, {2, 3}], [{8, 4}, {2, 7}, {1, 6}, {3, 5}], [{8, 4}, {2, 7}, {3, 6}, {1, 5}], [{8, 4}, {2, 7}, {5, 6}, {1, 3}], [{8, 4}, {3, 7}, {1, 6}, {2, 5}], [{8, 4}, {3, 7}, {2, 6}, {1, 5}], [{8, 4}, {3, 7}, {5, 6}, {1, 2}], [{8, 4}, {5, 7}, {1, 6}, {2, 3}], [{8, 4}, {5, 7}, {1, 6}, {3}, {2}], [{8, 4}, {5, 7}, {2, 6}, {1, 3}], [{8, 4}, {5, 7}, {3, 6}, {1, 2}], [{8, 4}, {5, 7}, {6}, {2, 3}, {1}], [{8, 4}, {6, 7}, {1, 5}, {2, 3}], [{8, 4}, {6, 7}, {2, 5}, {1, 3}], [{8, 4}, {6, 7}, {3, 5}, {1, 2}], [{8, 4}, {7}, {3, 6}, {1, 5}, {2}], [{8, 5}, {1, 7}, {2, 6}, {3, 4}], [{8, 5}, {1, 7}, {2, 6}, {4}, {3}], [{8, 5}, {1, 7}, {3, 6}, {2, 4}], [{8, 5}, {1, 7}, {4, 6}, {2, 3}], [{8, 5}, {1, 7}, {6}, {3, 4}, {2}], [{8, 5}, {2, 7}, {1, 6}, {3, 4}], [{8, 5}, {2, 7}, {1, 6}, {4}, {3}], [{8, 5}, {2, 7}, {3, 6}, {1, 4}], [{8, 5}, {2, 7}, {4, 6}, {1, 3}], [{8, 5}, {3, 7}, {1, 6}, {2, 4}], [{8, 5}, {3, 7}, {2, 6}, {1, 4}], [{8, 5}, {3, 7}, {4, 6}, {1, 2}], [{8, 5}, {3, 7}, {4, 6}, {2}, {1}], [{8, 5}, {4, 7}, {1, 6}, {2, 3}], [{8, 5}, {4, 7}, {2, 6}, {1, 3}], [{8, 5}, {4, 7}, {3, 6}, {1, 2}], [{8, 5}, {6, 7}, {1, 4}, {2, 3}], [{8, 5}, {6, 7}, {2, 4}, {1, 3}], [{8, 5}, {6, 7}, {3, 4}, {1, 2}], [{8, 5}, {7}, {3, 6}, {1, 4}, {2}], [{8, 6}, {1, 7}, {2, 5}, {3, 4}], [{8, 6}, {1, 7}, {3, 5}, {2, 4}], [{8, 6}, {1, 7}, {4, 5}, {2, 3}], [{8, 6}, {2, 7}, {1, 5}, {3, 4}], [{8, 6}, {2, 7}, {3, 5}, {1, 4}], [{8, 6}, {2, 7}, {4, 5}, {1, 3}], [{8, 6}, {3, 7}, {1, 5}, {2, 4}], [{8, 6}, {3, 7}, {2, 5}, {1, 4}], [{8, 6}, {3, 7}, {4, 5}, {1, 2}], [{8, 6}, {4, 7}, {1, 5}, {2, 3}], [{8, 6}, {4, 7}, {2, 5}, {1, 3}], [{8, 6}, {4, 7}, {3, 5}, {1, 2}], [{8, 6}, {5, 7}, {1, 4}, {2, 3}], [{8, 6}, {5, 7}, {1, 4}, {3}, {2}], [{8, 6}, {5, 7}, {2, 4}, {1, 3}], [{8, 6}, {5, 7}, {3, 4}, {1, 2}], [{8, 6}, {5, 7}, {4}, {2, 3}, {1}], [{8, 7}, {1, 6}, {2, 5}, {3, 4}], [{8, 7}, {1, 6}, {3, 5}, {2, 4}], [{8, 7}, {1, 6}, {4, 5}, {2, 3}], [{8, 7}, {2, 6}, {1, 5}, {3, 4}], [{8, 7}, {2, 6}, {3, 5}, {1, 4}], [{8, 7}, {2, 6}, {4, 5}, {1, 3}], [{8, 7}, {3, 6}, {1, 5}, {2, 4}], [{8, 7}, {3, 6}, {1, 5}, {4}, {2}], [{8, 7}, {3, 6}, {2, 5}, {1, 4}], [{8, 7}, {3, 6}, {4, 5}, {1, 2}], [{8, 7}, {3, 6}, {4, 5}, {2}, {1}], [{8, 7}, {3, 6}, {5}, {1, 4}, {2}], [{8, 7}, {4, 6}, {1, 5}, {2, 3}], [{8, 7}, {4, 6}, {2, 5}, {1, 3}], [{8, 7}, {4, 6}, {2, 5}, {3}, {1}], [{8, 7}, {4, 6}, {3, 5}, {1, 2}], [{8, 7}, {5, 6}, {1, 4}, {2, 3}], [{8, 7}, {5, 6}, {2, 4}, {1, 3}], [{8, 7}, {5, 6}, {3, 4}, {1, 2}], [{8}, {1, 7}, {2, 6}, {5}, {3, 4}], [{8}, {1, 7}, {3, 6}, {4, 5}, {2}], [{8}, {1, 7}, {4, 6}, {2, 5}, {3}], [{8}, {1, 7}, {4, 6}, {3, 5}, {2}], [{8}, {1, 7}, {4, 6}, {5}, {2, 3}], [{8}, {2, 7}, {1, 6}, {3, 5}, {4}], [{8}, {2, 7}, {3, 6}, {1, 5}, {4}], [{8}, {2, 7}, {3, 6}, {4, 5}, {1}], [{8}, {2, 7}, {3, 6}, {5}, {1, 4}], [{8}, {2, 7}, {4, 6}, {3, 5}, {1}], [{8}, {2, 7}, {5, 6}, {1, 4}, {3}], [{8}, {2, 7}, {6}, {3, 5}, {1, 4}], [{8}, {3, 7}, {1, 6}, {2, 5}, {4}], [{8}, {3, 7}, {2, 6}, {5}, {1, 4}], [{8}, {3, 7}, {4, 6}, {2, 5}, {1}], [{8}, {3, 7}, {5, 6}, {1, 4}, {2}], [{8}, {3, 7}, {6}, {2, 5}, {1, 4}], [{8}, {4, 7}, {1, 6}, {2, 5}, {3}], [{8}, {4, 7}, {1, 6}, {3, 5}, {2}], [{8}, {4, 7}, {1, 6}, {5}, {2, 3}], [{8}, {4, 7}, {2, 6}, {5}, {1, 3}], [{8}, {4, 7}, {3, 6}, {1, 5}, {2}], [{8}, {5, 7}, {1, 6}, {4}, {2, 3}], [{8}, {5, 7}, {2, 6}, {1, 4}, {3}], [{8}, {5, 7}, {2, 6}, {3, 4}, {1}], [{8}, {5, 7}, {2, 6}, {4}, {1, 3}], [{8}, {5, 7}, {3, 6}, {1, 4}, {2}], [{8}, {5, 7}, {4, 6}, {2, 3}, {1}], [{8}, {5, 7}, {6}, {1, 4}, {2, 3}], [{8}, {5, 7}, {6}, {1, 4}, {3}, {2}], [{8}, {6, 7}, {2, 5}, {1, 4}, {3}], [{8}, {6, 7}, {3, 5}, {1, 4}, {2}], [{8}, {6, 7}, {5}, {1, 4}, {2, 3}], [{8}, {7}, {1, 6}, {2, 5}, {3, 4}], [{8}, {7}, {1, 6}, {3, 5}, {2, 4}], [{8}, {7}, {1, 6}, {4, 5}, {2, 3}], [{8}, {7}, {2, 6}, {1, 5}, {3, 4}], [{8}, {7}, {2, 6}, {3, 5}, {1, 4}], [{8}, {7}, {2, 6}, {4, 5}, {1, 3}], [{8}, {7}, {3, 6}, {1, 5}, {2, 4}], [{8}, {7}, {3, 6}, {1, 5}, {4}, {2}], [{8}, {7}, {3, 6}, {2, 5}, {1, 4}], [{8}, {7}, {3, 6}, {4, 5}, {1, 2}], [{8}, {7}, {3, 6}, {4, 5}, {2}, {1}], [{8}, {7}, {3, 6}, {5}, {1, 4}, {2}], [{8}, {7}, {4, 6}, {1, 5}, {2, 3}], [{8}, {7}, {4, 6}, {2, 5}, {1, 3}], [{8}, {7}, {4, 6}, {3, 5}, {1, 2}], [{8}, {7}, {5, 6}, {1, 4}, {2, 3}], [{8}, {7}, {5, 6}, {2, 4}, {1, 3}], [{8}, {7}, {5, 6}, {3, 4}, {1, 2}]]",2,- 2 K_1^2 - 2 K_1 K_2 + K_1 + K_2 + K_3 + 2,O1O2O3O4U1U3U4O5O6U2O7U6U5O8U7U8,O1O2O3U1U2U4U3O5O6U5O7O8U6O4U8U7,O1O2O3U4U5O6U7O5O4U8O7O8U1U6U2U3,c,{'O1O2O3O4U5U6O5U7U8O6U3O8O7U1U2U4'},1,"<a href=""/flatknot/8.857755"">8.857755</a>",t^9-78t^7-276t^6+191t^5+1124t^4-454t^3-670t^2+265t-48,-t^3+t^2+t,,
8.857756,O1O2O3O4U5U6O5U7U8O6U3O8O7U1U4U2,4,23z^2+100z+109,23w^3z^2+100w^2z+109w,False,False,"[[ 0 -2  1  1  2 -1 -1  0  0],[ 2  0  2  2  2  1  1  2  2],[-1 -2  0  1  1 -2 -2 -1 -1],[-1 -2 -1  0 -1 -2  0  1  0],[-2 -2 -1  1  0 -3 -3 -1 -1],[ 1 -1  2  2  3  0 -1  0  0],[ 1 -1  2  0  3  1  0 -1  0],[ 0 -2  1 -1  1  0  1  0  0],[ 0 -2  1  0  1  0  0  0  0]]","[[ 0  2  1  1  0  0 -1 -1 -2],[-2  0  1 -1 -1 -1 -3 -3 -2],[-1 -1  0 -1  1  0  0 -2 -2],[-1  1  1  0 -1 -1 -2 -2 -2],[ 0  1 -1  1  0  0  1  0 -2],[ 0  1  0  1  0  0  0  0 -2],[ 1  3  0  2 -1  0  0  1 -1],[ 1  3  2  2  0  0 -1  0 -1],[ 2  2  2  2  2  2  1  1  0]]",True,"[-2,-1,-1,0,0,1,1,2,-1,1,1,1,3,3,2,1,-1,0,0,2,2,1,1,2,2,2,0,-1,0,2,0,0,2,-1,1,1]","[-2,-1,-1,0,0,1,1,2,-1,1,1,1,3,3,2,1,-1,0,0,2,2,1,1,2,2,2,0,-1,0,2,0,0,2,-1,1,1]",t^8+62t^6+600t^4+168t^2+4,"[-2,-1,-1,0,0,1,1,2,0,0,0,0,1,1,2,-1,1,2,0,2,0,1,1,0,0,0,0,0,1,1,0,2,1,-1,0,2]","[-2,-1,-1,0,0,1,1,2,0,2,1,1,0,0,2,1,0,0,0,0,1,1,2,0,2,1,0,1,1,0,1,2,0,-1,0,0]","[-2,-1,-1,0,0,1,1,2,1,1,2,2,2,2,2,-1,0,0,2,2,3,-1,0,0,2,3,0,-1,1,1,0,1,1,-1,-1,1]",c,"[[{8, 2}, {1, 7}, {4, 6}, {3, 5}], [{8}, {1, 7}, {4, 6}, {3, 5}, {2}]]",1,- 4 K_1^2 - 4 K_1 K_2 + 2 K_1 + 2 K_2 + 2 K_3 + 3,O1O2O3O4U3U1U4O5O6U2O7U6U5O8U7U8,O1O2O3U1U3U4U2O5O6U5O7O8U6O4U8U7,O1O2O3U4U5O6U7O5O4U8O7O8U2U6U1U3,c,{'O1O2O3O4U5U6O5U7U8O6U3O8O7U1U4U2'},1,"<a href=""/flatknot/8.857756"">8.857756</a>",t^9-62t^7-208t^6+44t^5+538t^4-154t^3-276t^2+203t-40,0,,
8.857757,O1O2O3O4U5U6O5U7U8O6U3O8O7U2U1U4,4,6z^3+47z^2+114z+89,6w^4z^3+47w^3z^2+114w^2z+89w,False,False,"[[ 0 -1 -1  1  3 -1 -1  0  0],[ 1  0  0  2  3  0  0  1  1],[ 1  0  0  2  2  0  0  1  1],[-1 -2 -2  0 -1 -2  0  1  0],[-3 -3 -2  1  0 -4 -4 -2 -2],[ 1  0  0  2  4  0 -1  0  0],[ 1  0  0  0  4  1  0 -1  0],[ 0 -1 -1 -1  2  0  1  0  0],[ 0 -1 -1  0  2  0  0  0  0]]","[[ 0  3  1  0  0 -1 -1 -1 -1],[-3  0  1 -2 -2 -2 -3 -4 -4],[-1 -1  0  1  0 -2 -2  0 -2],[ 0  2 -1  0  0 -1 -1  1  0],[ 0  2  0  0  0 -1 -1  0  0],[ 1  2  2  1  1  0  0  0  0],[ 1  3  2  1  1  0  0  0  0],[ 1  4  0 -1  0  0  0  0  1],[ 1  4  2  0  0  0  0 -1  0]]",True,"[-3,-1,0,0,1,1,1,1,-1,2,2,2,3,4,4,-1,0,2,2,0,2,0,1,1,-1,0,1,1,0,0,0,0,0,0,0,-1]","[-3,-1,0,0,1,1,1,1,-1,2,2,2,3,4,4,-1,0,2,2,0,2,0,1,1,-1,0,1,1,0,0,0,0,0,0,0,-1]",t^8+73t^6+738t^4+123t^2+1,"[-1,-1,-1,-1,0,0,1,3,-1,0,0,1,2,2,0,0,0,1,1,0,0,0,0,0,0,1,0,0,0,2,0,1,1,2,1,3]","[-3,-1,0,0,1,1,1,1,3,1,1,0,0,1,2,1,2,0,2,0,0,0,1,1,0,0,1,2,0,0,-1,0,0,0,0,0]","[-1,-1,-1,-1,0,0,1,3,-1,0,0,0,0,2,4,0,0,-1,0,0,4,0,1,1,2,2,1,1,2,3,0,-1,2,0,2,-1]",c,"[[{8, 2}, {3, 7}, {4, 6}, {1, 5}]]",1,- 2 K_1 K_2 + K_1 + K_3 + 1,O1O2O3O4U1U4U3O5O6U2O7U6U5O8U7U8,O1O2O3U2U1U4U3O5O6U5O7O8U6O4U8U7,O1O2O3U4U5O6U7O5O4U8O7O8U1U6U3U2,c,{'O1O2O3O4U5U6O5U7U8O6U3O8O7U2U1U4'},1,"<a href=""/flatknot/8.857757"">8.857757</a>",t^9-67t^7-132t^6+360t^5+464t^4-603t^3+128t^2-18t-2,-t^3+3t,,
8.857758,O1O2O3O4U5U6O5U7U8O6U3O8O7U4U1U2,3,13z^2+54z+57,-2w^4z^2+15w^3z^2-6w^3z+60w^2z+57w,False,False,"[[ 0 -1  1  1  1 -1 -1  0  0],[ 1  0  1  1  1  0  0  1  1],[-1 -1  0  1  1 -2 -2 -1 -1],[-1 -1 -1  0 -1 -2  0  1  0],[-1 -1 -1  1  0 -2 -2  0  0],[ 1  0  2  2  2  0 -1  0  0],[ 1  0  2  0  2  1  0 -1  0],[ 0 -1  1 -1  0  0  1  0  0],[ 0 -1  1  0  0  0  0  0  0]]","[[ 0  1  1  1  0  0 -1 -1 -1],[-1  0  1  1 -1 -1 -1 -2 -2],[-1 -1  0  1  0  0 -1 -2 -2],[-1 -1 -1  0  1  0 -1  0 -2],[ 0  1  0 -1  0  0 -1  1  0],[ 0  1  0  0  0  0 -1  0  0],[ 1  1  1  1  1  1  0  0  0],[ 1  2  2  0 -1  0  0  0  1],[ 1  2  2  2  0  0  0 -1  0]]",True,"[-1,-1,-1,0,0,1,1,1,-1,-1,1,1,1,2,2,-1,0,0,1,2,2,-1,0,1,0,2,0,1,-1,0,1,0,0,0,0,-1]","[-1,-1,-1,0,0,1,1,1,-1,-1,1,1,1,2,2,-1,0,0,1,2,2,-1,0,1,0,2,0,1,-1,0,1,0,0,0,0,-1]",t^8+33t^6+173t^4+89t^2,"[-1,-1,-1,0,0,1,1,1,-1,0,1,2,0,0,2,0,1,1,0,0,0,0,0,1,1,1,0,0,1,1,0,1,2,-1,-1,-1]","[-1,-1,-1,0,0,1,1,1,-1,-1,1,2,0,1,2,-1,1,1,0,1,0,0,0,0,1,0,0,1,0,1,1,0,2,0,-1,0]","[-1,-1,-1,0,0,1,1,1,-1,0,0,0,2,2,2,0,-1,0,0,2,2,1,1,1,1,1,0,-1,0,1,0,0,1,-1,-1,-1]",c,"[[{8, 7}, {3, 6}, {4, 5}, {1, 2}], [{8}, {7}, {3, 6}, {4, 5}, {1, 2}]]",0,1,O1O2O3O4U3U4U1O5O6U2O7U6U5O8U7U8,O1O2O3U2U3U4U1O5O6U5O7O8U6O4U8U7,O1O2O3U4U5O6U7O5O4U8O7O8U3U6U1U2,c,"{'O1O2O3O4U5U6O5U7U8O6U3O8O7U4U1U2', 'O1O2O3U4O5U6U7O4U8O6U3O8U5O7U1U2'}",2,"<a href=""/flatknot/8.857758"">8.857758</a>",t^9-33t^7-64t^6+81t^5+154t^4-93t^3-34t^2+44t-8,0,,
8.857759,O1O2O3O4U5U6O5U7U8O6U4O8O7U1U2U3,4,3z^3+17z^2+29z+15,-6w^5z^3+9w^4z^3-28w^4z^2+45w^3z^2-30w^3z+59w^2z+15w,False,False,"[[ 0 -2  0  2  2 -1 -1  0  0],[ 2  0  1  2  2  1  1  2  2],[ 0 -1  0  1  2 -1 -1  0  0],[-2 -2 -1  0  2 -3 -3 -2 -2],[-2 -2 -2 -2  0 -3 -1  0 -1],[ 1 -1  1  3  3  0 -1  0  0],[ 1 -1  1  3  1  1  0 -1  0],[ 0 -2  0  2  0  0  1  0  0],[ 0 -2  0  2  1  0  0  0  0]]","[[ 0  2  2  0  0  0 -1 -1 -2],[-2  0  2 -1 -2 -2 -3 -3 -2],[-2 -2  0 -2  0 -1 -1 -3 -2],[ 0  1  2  0  0  0 -1 -1 -1],[ 0  2  0  0  0  0  1  0 -2],[ 0  2  1  0  0  0  0  0 -2],[ 1  3  1  1 -1  0  0  1 -1],[ 1  3  3  1  0  0 -1  0 -1],[ 2  2  2  1  2  2  1  1  0]]",True,"[-2,-2,0,0,0,1,1,2,-2,1,2,2,3,3,2,2,0,1,1,3,2,0,0,1,1,1,0,-1,0,2,0,0,2,-1,1,1]","[-2,-2,0,0,0,1,1,2,-2,0,1,2,0,2,2,1,0,0,0,0,2,0,0,0,0,1,0,1,1,0,1,2,0,-1,0,0]",t^8+69t^6+574t^4+77t^2,"[-2,-1,-1,0,0,0,2,2,0,0,0,0,1,2,2,-1,1,2,0,0,2,1,1,0,0,0,0,0,0,1,0,0,2,1,0,-2]","[-2,-2,0,0,0,1,1,2,-2,0,1,2,0,2,2,1,0,0,0,0,2,0,0,0,0,1,0,1,1,0,1,2,0,-1,0,0]","[-2,-1,-1,0,0,0,2,2,1,1,1,2,2,2,2,-1,1,0,0,3,3,1,-1,0,1,3,0,0,2,1,0,0,2,1,2,-2]",c,"[[{8, 4}, {6, 7}, {2, 5}, {1, 3}], [{8, 4}, {6, 7}, {5}, {1, 3}, {2}], [{8, 6}, {4, 7}, {2, 5}, {1, 3}], [{8, 6}, {4, 7}, {5}, {1, 3}, {2}]]",1,- 8 K_1^4 + 8 K_1^2 K_2 + 4 K_1^2 - 2 K_1 K_3 - K_2,O1O2O3O4U2U3U4O5O6U1O7U6U5O8U7U8,O1O2O3U1U2U3U4O5O6U5O7O8U6O4U8U7,O1O2O3U4U5O6U7O5O4U8O7O8U6U1U2U3,c,{'O1O2O3O4U5U6O5U7U8O6U4O8O7U1U2U3'},1,"<a href=""/flatknot/8.857759"">8.857759</a>",t^9-67t^7-242t^6+57t^5+912t^4+204t^3-500t^2-22t+4,-t^2+2t,,
8.857760,O1O2O3O4U5U6O5U7U8O6U4O8O7U1U3U2,4,9z^3+57z^2+115z+75,9w^4z^3+57w^3z^2+115w^2z+75w,False,False,"[[ 0 -2  1  1  2 -1 -1  0  0],[ 2  0  2  1  2  1  1  2  2],[-1 -2  0  0  2 -2 -2 -1 -1],[-1 -1  0  0  2 -2 -2 -1 -1],[-2 -2 -2 -2  0 -3 -1  0 -1],[ 1 -1  2  2  3  0 -1  0  0],[ 1 -1  2  2  1  1  0 -1  0],[ 0 -2  1  1  0  0  1  0  0],[ 0 -2  1  1  1  0  0  0  0]]","[[ 0  2  1  1  0  0 -1 -1 -2],[-2  0 -2 -2  0 -1 -1 -3 -2],[-1  2  0  0 -1 -1 -2 -2 -1],[-1  2  0  0 -1 -1 -2 -2 -2],[ 0  0  1  1  0  0  1  0 -2],[ 0  1  1  1  0  0  0  0 -2],[ 1  1  2  2 -1  0  0  1 -1],[ 1  3  2  2  0  0 -1  0 -1],[ 2  2  1  2  2  2  1  1  0]]",True,"[-2,-1,-1,0,0,1,1,2,2,2,0,1,1,3,2,0,1,1,2,2,1,1,1,2,2,2,0,-1,0,2,0,0,2,-1,1,1]","[-2,-1,-1,0,0,1,1,2,-1,-1,1,2,0,2,2,0,0,0,0,0,1,0,0,0,0,2,0,1,1,0,1,2,0,-1,0,0]",t^8+60t^6+459t^4+92t^2,"[-2,-1,-1,0,0,1,1,2,0,0,0,0,1,2,2,-1,1,2,0,0,2,1,1,0,0,0,0,0,0,1,0,0,2,0,-1,-1]","[-2,-1,-1,0,0,1,1,2,-1,-1,1,2,0,2,2,0,0,0,0,0,1,0,0,0,0,2,0,1,1,0,1,2,0,-1,0,0]","[-2,-1,-1,0,0,1,1,2,1,1,2,2,1,2,2,-1,0,0,2,2,3,-1,0,2,2,1,0,1,1,0,1,1,1,0,2,2]",c,"[[{8, 1}, {2, 7}, {3, 6}, {4, 5}], [{8, 1}, {2, 7}, {3, 6}, {5}, {4}], [{8, 1}, {2, 7}, {4, 6}, {3, 5}], [{8, 1}, {2, 7}, {5, 6}, {3, 4}], [{8, 1}, {3, 7}, {2, 6}, {4, 5}], [{8, 1}, {3, 7}, {4, 6}, {2, 5}], [{8, 1}, {3, 7}, {5, 6}, {2, 4}], [{8, 1}, {4, 7}, {2, 6}, {3, 5}], [{8, 1}, {4, 7}, {2, 6}, {5}, {3}], [{8, 1}, {4, 7}, {3, 6}, {2, 5}], [{8, 1}, {4, 7}, {5, 6}, {2, 3}], [{8, 1}, {5, 7}, {2, 6}, {3, 4}], [{8, 1}, {5, 7}, {3, 6}, {2, 4}], [{8, 1}, {5, 7}, {3, 6}, {4}, {2}], [{8, 1}, {5, 7}, {4, 6}, {2, 3}], [{8, 1}, {5, 7}, {4, 6}, {3}, {2}], [{8, 1}, {5, 7}, {6}, {3, 4}, {2}], [{8, 1}, {6, 7}, {2, 5}, {3, 4}], [{8, 1}, {6, 7}, {3, 5}, {2, 4}], [{8, 1}, {6, 7}, {4, 5}, {2, 3}], [{8, 1}, {6, 7}, {5}, {3, 4}, {2}], [{8, 1}, {7}, {3, 6}, {2, 5}, {4}], [{8, 1}, {7}, {5, 6}, {3, 4}, {2}], [{8, 2}, {1, 7}, {3, 6}, {4, 5}], [{8, 2}, {1, 7}, {4, 6}, {3, 5}], [{8, 2}, {1, 7}, {5, 6}, {3, 4}], [{8, 2}, {3, 7}, {1, 6}, {4, 5}], [{8, 2}, {3, 7}, {4, 6}, {1, 5}], [{8, 2}, {3, 7}, {5, 6}, {1, 4}], [{8, 2}, {3, 7}, {5, 6}, {4}, {1}], [{8, 2}, {4, 7}, {1, 6}, {3, 5}], [{8, 2}, {4, 7}, {1, 6}, {5}, {3}], [{8, 2}, {4, 7}, {3, 6}, {1, 5}], [{8, 2}, {4, 7}, {5, 6}, {1, 3}], [{8, 2}, {5, 7}, {1, 6}, {3, 4}], [{8, 2}, {5, 7}, {1, 6}, {4}, {3}], [{8, 2}, {5, 7}, {3, 6}, {1, 4}], [{8, 2}, {5, 7}, {4, 6}, {1, 3}], [{8, 2}, {6, 7}, {1, 5}, {3, 4}], [{8, 2}, {6, 7}, {3, 5}, {1, 4}], [{8, 2}, {6, 7}, {4, 5}, {1, 3}], [{8, 2}, {6, 7}, {5}, {1, 4}, {3}], [{8, 2}, {7}, {1, 6}, {4, 5}, {3}], [{8, 2}, {7}, {4, 6}, {1, 5}, {3}], [{8, 3}, {1, 7}, {2, 6}, {4, 5}], [{8, 3}, {1, 7}, {4, 6}, {2, 5}], [{8, 3}, {1, 7}, {5, 6}, {2, 4}], [{8, 3}, {1, 7}, {6}, {4, 5}, {2}], [{8, 3}, {2, 7}, {1, 6}, {4, 5}], [{8, 3}, {2, 7}, {4, 6}, {1, 5}], [{8, 3}, {2, 7}, {5, 6}, {1, 4}], [{8, 3}, {2, 7}, {6}, {5}, {1, 4}], [{8, 3}, {4, 7}, {1, 6}, {2, 5}], [{8, 3}, {4, 7}, {2, 6}, {1, 5}], [{8, 3}, {4, 7}, {5, 6}, {1, 2}], [{8, 3}, {4, 7}, {6}, {5}, {1, 2}], [{8, 3}, {5, 7}, {1, 6}, {2, 4}], [{8, 3}, {5, 7}, {2, 6}, {1, 4}], [{8, 3}, {5, 7}, {4, 6}, {1, 2}], [{8, 3}, {5, 7}, {6}, {1, 4}, {2}], [{8, 3}, {6, 7}, {1, 5}, {2, 4}], [{8, 3}, {6, 7}, {2, 5}, {1, 4}], [{8, 3}, {6, 7}, {4, 5}, {1, 2}], [{8, 3}, {7}, {1, 6}, {5}, {2, 4}], [{8, 3}, {7}, {4, 6}, {1, 5}, {2}], [{8, 3}, {7}, {6}, {2, 5}, {1, 4}], [{8, 4}, {1, 7}, {2, 6}, {3, 5}], [{8, 4}, {1, 7}, {2, 6}, {5}, {3}], [{8, 4}, {1, 7}, {3, 6}, {2, 5}], [{8, 4}, {1, 7}, {3, 6}, {5}, {2}], [{8, 4}, {1, 7}, {5, 6}, {2, 3}], [{8, 4}, {1, 7}, {6}, {5}, {2, 3}], [{8, 4}, {2, 7}, {1, 6}, {3, 5}], [{8, 4}, {2, 7}, {1, 6}, {5}, {3}], [{8, 4}, {2, 7}, {3, 6}, {1, 5}], [{8, 4}, {2, 7}, {3, 6}, {5}, {1}], [{8, 4}, {2, 7}, {5, 6}, {1, 3}], [{8, 4}, {2, 7}, {6}, {5}, {1, 3}], [{8, 4}, {3, 7}, {1, 6}, {2, 5}], [{8, 4}, {3, 7}, {1, 6}, {5}, {2}], [{8, 4}, {3, 7}, {2, 6}, {1, 5}], [{8, 4}, {3, 7}, {2, 6}, {5}, {1}], [{8, 4}, {3, 7}, {5, 6}, {1, 2}], [{8, 4}, {3, 7}, {6}, {5}, {1, 2}], [{8, 4}, {5, 7}, {1, 6}, {2, 3}], [{8, 4}, {5, 7}, {2, 6}, {1, 3}], [{8, 4}, {5, 7}, {3, 6}, {1, 2}], [{8, 4}, {5, 7}, {3, 6}, {2}, {1}], [{8, 4}, {6, 7}, {1, 5}, {2, 3}], [{8, 4}, {6, 7}, {2, 5}, {1, 3}], [{8, 4}, {6, 7}, {3, 5}, {1, 2}], [{8, 4}, {6, 7}, {5}, {1, 3}, {2}], [{8, 4}, {6, 7}, {5}, {2, 3}, {1}], [{8, 4}, {6, 7}, {5}, {3}, {1, 2}], [{8, 4}, {7}, {1, 6}, {5}, {2, 3}], [{8, 4}, {7}, {2, 6}, {5}, {1, 3}], [{8, 4}, {7}, {3, 6}, {1, 5}, {2}], [{8, 4}, {7}, {3, 6}, {2, 5}, {1}], [{8, 4}, {7}, {3, 6}, {5}, {1, 2}], [{8, 4}, {7}, {3, 6}, {5}, {2}, {1}], [{8, 5}, {1, 7}, {2, 6}, {3, 4}], [{8, 5}, {1, 7}, {3, 6}, {2, 4}], [{8, 5}, {1, 7}, {3, 6}, {4}, {2}], [{8, 5}, {1, 7}, {4, 6}, {2, 3}], [{8, 5}, {1, 7}, {4, 6}, {3}, {2}], [{8, 5}, {1, 7}, {6}, {3, 4}, {2}], [{8, 5}, {2, 7}, {1, 6}, {3, 4}], [{8, 5}, {2, 7}, {3, 6}, {1, 4}], [{8, 5}, {2, 7}, {4, 6}, {1, 3}], [{8, 5}, {2, 7}, {6}, {4}, {1, 3}], [{8, 5}, {3, 7}, {1, 6}, {2, 4}], [{8, 5}, {3, 7}, {2, 6}, {1, 4}], [{8, 5}, {3, 7}, {2, 6}, {4}, {1}], [{8, 5}, {3, 7}, {4, 6}, {1, 2}], [{8, 5}, {4, 7}, {1, 6}, {2, 3}], [{8, 5}, {4, 7}, {2, 6}, {1, 3}], [{8, 5}, {4, 7}, {3, 6}, {1, 2}], [{8, 5}, {6, 7}, {1, 4}, {2, 3}], [{8, 5}, {6, 7}, {2, 4}, {1, 3}], [{8, 5}, {6, 7}, {3, 4}, {1, 2}], [{8, 5}, {7}, {1, 6}, {2, 4}, {3}], [{8, 6}, {1, 7}, {2, 5}, {3, 4}], [{8, 6}, {1, 7}, {3, 5}, {2, 4}], [{8, 6}, {1, 7}, {4, 5}, {2, 3}], [{8, 6}, {1, 7}, {4, 5}, {3}, {2}], [{8, 6}, {2, 7}, {1, 5}, {3, 4}], [{8, 6}, {2, 7}, {3, 5}, {1, 4}], [{8, 6}, {2, 7}, {4, 5}, {1, 3}], [{8, 6}, {2, 7}, {5}, {1, 4}, {3}], [{8, 6}, {3, 7}, {1, 5}, {2, 4}], [{8, 6}, {3, 7}, {2, 5}, {1, 4}], [{8, 6}, {3, 7}, {4, 5}, {1, 2}], [{8, 6}, {4, 7}, {1, 5}, {2, 3}], [{8, 6}, {4, 7}, {2, 5}, {1, 3}], [{8, 6}, {4, 7}, {3, 5}, {1, 2}], [{8, 6}, {4, 7}, {5}, {1, 3}, {2}], [{8, 6}, {4, 7}, {5}, {2, 3}, {1}], [{8, 6}, {4, 7}, {5}, {3}, {1, 2}], [{8, 6}, {5, 7}, {1, 4}, {2, 3}], [{8, 6}, {5, 7}, {1, 4}, {3}, {2}], [{8, 6}, {5, 7}, {2, 4}, {1, 3}], [{8, 6}, {5, 7}, {3, 4}, {1, 2}], [{8, 6}, {7}, {1, 5}, {3, 4}, {2}], [{8, 6}, {7}, {2, 5}, {1, 4}, {3}], [{8, 7}, {1, 6}, {2, 5}, {3, 4}], [{8, 7}, {1, 6}, {3, 5}, {2, 4}], [{8, 7}, {1, 6}, {4, 5}, {2, 3}], [{8, 7}, {2, 6}, {1, 5}, {3, 4}], [{8, 7}, {2, 6}, {3, 5}, {1, 4}], [{8, 7}, {2, 6}, {4, 5}, {1, 3}], [{8, 7}, {3, 6}, {1, 5}, {2, 4}], [{8, 7}, {3, 6}, {2, 5}, {1, 4}], [{8, 7}, {3, 6}, {4, 5}, {1, 2}], [{8, 7}, {3, 6}, {5}, {4}, {1, 2}], [{8, 7}, {4, 6}, {1, 5}, {2, 3}], [{8, 7}, {4, 6}, {1, 5}, {3}, {2}], [{8, 7}, {4, 6}, {2, 5}, {1, 3}], [{8, 7}, {4, 6}, {3, 5}, {1, 2}], [{8, 7}, {5, 6}, {1, 4}, {2, 3}], [{8, 7}, {5, 6}, {2, 4}, {1, 3}], [{8, 7}, {5, 6}, {3, 4}, {1, 2}], [{8}, {1, 7}, {3, 6}, {4, 5}, {2}], [{8}, {2, 7}, {3, 6}, {5}, {1, 4}], [{8}, {2, 7}, {4, 6}, {1, 5}, {3}], [{8}, {2, 7}, {6}, {4, 5}, {1, 3}], [{8}, {3, 7}, {2, 6}, {4, 5}, {1}], [{8}, {3, 7}, {4, 6}, {1, 5}, {2}], [{8}, {4, 7}, {3, 6}, {5}, {1, 2}], [{8}, {5, 7}, {2, 6}, {4}, {1, 3}], [{8}, {5, 7}, {3, 6}, {1, 4}, {2}], [{8}, {7}, {1, 6}, {2, 5}, {3, 4}], [{8}, {7}, {1, 6}, {3, 5}, {2, 4}], [{8}, {7}, {2, 6}, {3, 5}, {1, 4}], [{8}, {7}, {3, 6}, {2, 5}, {1, 4}], [{8}, {7}, {4, 6}, {1, 5}, {2, 3}], [{8}, {7}, {4, 6}, {1, 5}, {3}, {2}], [{8}, {7}, {4, 6}, {2, 5}, {1, 3}], [{8}, {7}, {4, 6}, {3, 5}, {1, 2}]]",2,4 K_1^2 K_2 - 4 K_1 K_3 + K_4,O1O2O3O4U3U2U4O5O6U1O7U6U5O8U7U8,O1O2O3U1U3U2U4O5O6U5O7O8U6O4U8U7,O1O2O3U4U5O6U7O5O4U8O7O8U6U2U1U3,c,{'O1O2O3O4U5U6O5U7U8O6U4O8O7U1U3U2'},1,"<a href=""/flatknot/8.857760"">8.857760</a>",t^9-60t^7-198t^6+61t^5+562t^4-229t^3-374t^2+247t+10,0,,
8.857761,O1O2O3O4U5U6O5U7U8O6U4O8O7U2U1U3,4,9z^3+57z^2+115z+75,9w^4z^3+57w^3z^2+115w^2z+75w,False,False,"[[ 0 -1 -1  2  2 -1 -1  0  0],[ 1  0  0  2  2  0  0  1  1],[ 1  0  0  1  2  0  0  1  1],[-2 -2 -1  0  2 -3 -3 -2 -2],[-2 -2 -2 -2  0 -3 -1  0 -1],[ 1  0  0  3  3  0 -1  0  0],[ 1  0  0  3  1  1  0 -1  0],[ 0 -1 -1  2  0  0  1  0  0],[ 0 -1 -1  2  1  0  0  0  0]]","[[ 0  2  2  0  0 -1 -1 -1 -1],[-2  0  2 -2 -2 -1 -2 -3 -3],[-2 -2  0  0 -1 -2 -2 -1 -3],[ 0  2  0  0  0 -1 -1  1  0],[ 0  2  1  0  0 -1 -1  0  0],[ 1  1  2  1  1  0  0  0  0],[ 1  2  2  1  1  0  0  0  0],[ 1  3  1 -1  0  0  0  0  1],[ 1  3  3  0  0  0  0 -1  0]]",True,"[-2,-2,0,0,1,1,1,1,-2,2,2,1,2,3,3,0,1,2,2,1,3,0,1,1,-1,0,1,1,0,0,0,0,0,0,0,-1]","[-2,-2,0,0,1,1,1,1,-2,1,2,0,1,1,2,0,0,0,1,2,0,0,1,0,0,1,1,0,0,2,0,0,-1,0,0,0]",t^8+60t^6+451t^4+100t^2+4,"[-1,-1,-1,-1,0,0,2,2,-1,0,0,1,2,0,2,0,0,1,1,0,0,0,0,0,1,1,0,0,2,1,0,0,1,0,2,-2]","[-2,-2,0,0,1,1,1,1,-2,1,2,0,1,1,2,0,0,0,1,2,0,0,1,0,0,1,1,0,0,2,0,0,-1,0,0,0]","[-1,-1,-1,-1,0,0,2,2,-1,0,0,0,0,3,3,0,0,-1,0,1,3,0,1,1,2,1,1,1,2,2,0,0,2,1,2,-2]",c,"[[{8, 1}, {2, 7}, {3, 6}, {4, 5}], [{8, 1}, {2, 7}, {4, 6}, {3, 5}], [{8, 1}, {2, 7}, {5, 6}, {3, 4}], [{8, 1}, {2, 7}, {5, 6}, {4}, {3}], [{8, 1}, {3, 7}, {2, 6}, {4, 5}], [{8, 1}, {3, 7}, {4, 6}, {2, 5}], [{8, 1}, {3, 7}, {5, 6}, {2, 4}], [{8, 1}, {4, 7}, {2, 6}, {3, 5}], [{8, 1}, {4, 7}, {3, 6}, {2, 5}], [{8, 1}, {4, 7}, {3, 6}, {5}, {2}], [{8, 1}, {4, 7}, {5, 6}, {2, 3}], [{8, 1}, {5, 7}, {2, 6}, {3, 4}], [{8, 1}, {5, 7}, {3, 6}, {2, 4}], [{8, 1}, {5, 7}, {4, 6}, {2, 3}], [{8, 1}, {5, 7}, {6}, {3, 4}, {2}], [{8, 1}, {6, 7}, {2, 5}, {3, 4}], [{8, 1}, {6, 7}, {3, 5}, {2, 4}], [{8, 1}, {6, 7}, {4, 5}, {2, 3}], [{8, 1}, {7}, {4, 6}, {3, 5}, {2}], [{8, 2}, {1, 7}, {3, 6}, {4, 5}], [{8, 2}, {1, 7}, {4, 6}, {3, 5}], [{8, 2}, {1, 7}, {5, 6}, {3, 4}], [{8, 2}, {1, 7}, {6}, {5}, {3, 4}], [{8, 2}, {3, 7}, {1, 6}, {4, 5}], [{8, 2}, {3, 7}, {4, 6}, {1, 5}], [{8, 2}, {3, 7}, {5, 6}, {1, 4}], [{8, 2}, {3, 7}, {6}, {4, 5}, {1}], [{8, 2}, {4, 7}, {1, 6}, {3, 5}], [{8, 2}, {4, 7}, {3, 6}, {1, 5}], [{8, 2}, {4, 7}, {5, 6}, {1, 3}], [{8, 2}, {4, 7}, {6}, {1, 5}, {3}], [{8, 2}, {4, 7}, {6}, {3, 5}, {1}], [{8, 2}, {4, 7}, {6}, {5}, {1, 3}], [{8, 2}, {5, 7}, {1, 6}, {3, 4}], [{8, 2}, {5, 7}, {3, 6}, {1, 4}], [{8, 2}, {5, 7}, {4, 6}, {1, 3}], [{8, 2}, {6, 7}, {1, 5}, {3, 4}], [{8, 2}, {6, 7}, {3, 5}, {1, 4}], [{8, 2}, {6, 7}, {3, 5}, {4}, {1}], [{8, 2}, {6, 7}, {4, 5}, {1, 3}], [{8, 2}, {6, 7}, {4, 5}, {3}, {1}], [{8, 2}, {6, 7}, {5}, {3, 4}, {1}], [{8, 2}, {7}, {1, 6}, {5}, {3, 4}], [{8, 2}, {7}, {3, 6}, {1, 5}, {4}], [{8, 2}, {7}, {3, 6}, {4, 5}, {1}], [{8, 2}, {7}, {3, 6}, {5}, {1, 4}], [{8, 2}, {7}, {4, 6}, {3, 5}, {1}], [{8, 3}, {1, 7}, {2, 6}, {4, 5}], [{8, 3}, {1, 7}, {4, 6}, {2, 5}], [{8, 3}, {1, 7}, {5, 6}, {2, 4}], [{8, 3}, {2, 7}, {1, 6}, {4, 5}], [{8, 3}, {2, 7}, {4, 6}, {1, 5}], [{8, 3}, {2, 7}, {5, 6}, {1, 4}], [{8, 3}, {4, 7}, {1, 6}, {2, 5}], [{8, 3}, {4, 7}, {1, 6}, {5}, {2}], [{8, 3}, {4, 7}, {2, 6}, {1, 5}], [{8, 3}, {4, 7}, {5, 6}, {1, 2}], [{8, 3}, {5, 7}, {1, 6}, {2, 4}], [{8, 3}, {5, 7}, {2, 6}, {1, 4}], [{8, 3}, {5, 7}, {4, 6}, {1, 2}], [{8, 3}, {5, 7}, {4, 6}, {2}, {1}], [{8, 3}, {6, 7}, {1, 5}, {2, 4}], [{8, 3}, {6, 7}, {2, 5}, {1, 4}], [{8, 3}, {6, 7}, {4, 5}, {1, 2}], [{8, 3}, {6, 7}, {5}, {1, 4}, {2}], [{8, 4}, {1, 7}, {2, 6}, {3, 5}], [{8, 4}, {1, 7}, {2, 6}, {5}, {3}], [{8, 4}, {1, 7}, {3, 6}, {2, 5}], [{8, 4}, {1, 7}, {3, 6}, {5}, {2}], [{8, 4}, {1, 7}, {5, 6}, {2, 3}], [{8, 4}, {1, 7}, {6}, {5}, {2, 3}], [{8, 4}, {2, 7}, {1, 6}, {3, 5}], [{8, 4}, {2, 7}, {1, 6}, {5}, {3}], [{8, 4}, {2, 7}, {3, 6}, {1, 5}], [{8, 4}, {2, 7}, {3, 6}, {5}, {1}], [{8, 4}, {2, 7}, {5, 6}, {1, 3}], [{8, 4}, {2, 7}, {5, 6}, {3}, {1}], [{8, 4}, {2, 7}, {6}, {1, 5}, {3}], [{8, 4}, {2, 7}, {6}, {3, 5}, {1}], [{8, 4}, {2, 7}, {6}, {5}, {1, 3}], [{8, 4}, {2, 7}, {6}, {5}, {3}, {1}], [{8, 4}, {3, 7}, {1, 6}, {2, 5}], [{8, 4}, {3, 7}, {1, 6}, {5}, {2}], [{8, 4}, {3, 7}, {2, 6}, {1, 5}], [{8, 4}, {3, 7}, {2, 6}, {5}, {1}], [{8, 4}, {3, 7}, {5, 6}, {1, 2}], [{8, 4}, {3, 7}, {6}, {5}, {1, 2}], [{8, 4}, {5, 7}, {1, 6}, {2, 3}], [{8, 4}, {5, 7}, {2, 6}, {1, 3}], [{8, 4}, {5, 7}, {3, 6}, {1, 2}], [{8, 4}, {6, 7}, {1, 5}, {2, 3}], [{8, 4}, {6, 7}, {2, 5}, {1, 3}], [{8, 4}, {6, 7}, {3, 5}, {1, 2}], [{8, 4}, {6, 7}, {5}, {1, 3}, {2}], [{8, 4}, {6, 7}, {5}, {2, 3}, {1}], [{8, 4}, {6, 7}, {5}, {3}, {1, 2}], [{8, 4}, {7}, {1, 6}, {5}, {2, 3}], [{8, 4}, {7}, {2, 6}, {5}, {1, 3}], [{8, 4}, {7}, {3, 6}, {5}, {1, 2}], [{8, 5}, {1, 7}, {2, 6}, {3, 4}], [{8, 5}, {1, 7}, {3, 6}, {2, 4}], [{8, 5}, {1, 7}, {4, 6}, {2, 3}], [{8, 5}, {1, 7}, {6}, {4}, {2, 3}], [{8, 5}, {2, 7}, {1, 6}, {3, 4}], [{8, 5}, {2, 7}, {1, 6}, {4}, {3}], [{8, 5}, {2, 7}, {3, 6}, {1, 4}], [{8, 5}, {2, 7}, {4, 6}, {1, 3}], [{8, 5}, {3, 7}, {1, 6}, {2, 4}], [{8, 5}, {3, 7}, {2, 6}, {1, 4}], [{8, 5}, {3, 7}, {2, 6}, {4}, {1}], [{8, 5}, {3, 7}, {4, 6}, {1, 2}], [{8, 5}, {3, 7}, {4, 6}, {2}, {1}], [{8, 5}, {3, 7}, {6}, {2, 4}, {1}], [{8, 5}, {4, 7}, {1, 6}, {2, 3}], [{8, 5}, {4, 7}, {2, 6}, {1, 3}], [{8, 5}, {4, 7}, {3, 6}, {1, 2}], [{8, 5}, {6, 7}, {1, 4}, {2, 3}], [{8, 5}, {6, 7}, {2, 4}, {1, 3}], [{8, 5}, {6, 7}, {2, 4}, {3}, {1}], [{8, 5}, {6, 7}, {3, 4}, {1, 2}], [{8, 5}, {7}, {3, 6}, {2, 4}, {1}], [{8, 6}, {1, 7}, {2, 5}, {3, 4}], [{8, 6}, {1, 7}, {3, 5}, {2, 4}], [{8, 6}, {1, 7}, {4, 5}, {2, 3}], [{8, 6}, {2, 7}, {1, 5}, {3, 4}], [{8, 6}, {2, 7}, {3, 5}, {1, 4}], [{8, 6}, {2, 7}, {3, 5}, {4}, {1}], [{8, 6}, {2, 7}, {4, 5}, {1, 3}], [{8, 6}, {3, 7}, {1, 5}, {2, 4}], [{8, 6}, {3, 7}, {1, 5}, {4}, {2}], [{8, 6}, {3, 7}, {2, 5}, {1, 4}], [{8, 6}, {3, 7}, {4, 5}, {1, 2}], [{8, 6}, {3, 7}, {4, 5}, {2}, {1}], [{8, 6}, {3, 7}, {5}, {1, 4}, {2}], [{8, 6}, {4, 7}, {1, 5}, {2, 3}], [{8, 6}, {4, 7}, {2, 5}, {1, 3}], [{8, 6}, {4, 7}, {3, 5}, {1, 2}], [{8, 6}, {4, 7}, {5}, {1, 3}, {2}], [{8, 6}, {4, 7}, {5}, {2, 3}, {1}], [{8, 6}, {4, 7}, {5}, {3}, {1, 2}], [{8, 6}, {5, 7}, {1, 4}, {2, 3}], [{8, 6}, {5, 7}, {2, 4}, {1, 3}], [{8, 6}, {5, 7}, {3, 4}, {1, 2}], [{8, 6}, {5, 7}, {3, 4}, {2}, {1}], [{8, 7}, {1, 6}, {2, 5}, {3, 4}], [{8, 7}, {1, 6}, {3, 5}, {2, 4}], [{8, 7}, {1, 6}, {4, 5}, {2, 3}], [{8, 7}, {2, 6}, {1, 5}, {3, 4}], [{8, 7}, {2, 6}, {3, 5}, {1, 4}], [{8, 7}, {2, 6}, {4, 5}, {1, 3}], [{8, 7}, {2, 6}, {5}, {4}, {1, 3}], [{8, 7}, {3, 6}, {1, 5}, {2, 4}], [{8, 7}, {3, 6}, {2, 5}, {1, 4}], [{8, 7}, {3, 6}, {4, 5}, {1, 2}], [{8, 7}, {4, 6}, {1, 5}, {2, 3}], [{8, 7}, {4, 6}, {2, 5}, {1, 3}], [{8, 7}, {4, 6}, {3, 5}, {1, 2}], [{8, 7}, {4, 6}, {3, 5}, {2}, {1}], [{8, 7}, {5, 6}, {1, 4}, {2, 3}], [{8, 7}, {5, 6}, {2, 4}, {1, 3}], [{8, 7}, {5, 6}, {3, 4}, {1, 2}], [{8, 7}, {6}, {2, 5}, {3, 4}, {1}], [{8}, {1, 7}, {4, 6}, {3, 5}, {2}], [{8}, {1, 7}, {6}, {4, 5}, {2, 3}], [{8}, {2, 7}, {1, 6}, {4, 5}, {3}], [{8}, {2, 7}, {4, 6}, {3, 5}, {1}], [{8}, {2, 7}, {5, 6}, {1, 4}, {3}], [{8}, {3, 7}, {2, 6}, {4, 5}, {1}], [{8}, {4, 7}, {2, 6}, {5}, {1, 3}], [{8}, {4, 7}, {3, 6}, {2, 5}, {1}], [{8}, {5, 7}, {1, 6}, {2, 4}, {3}], [{8}, {5, 7}, {1, 6}, {3, 4}, {2}], [{8}, {5, 7}, {1, 6}, {4}, {2, 3}], [{8}, {5, 7}, {3, 6}, {1, 4}, {2}], [{8}, {7}, {4, 6}, {1, 5}, {2, 3}], [{8}, {7}, {4, 6}, {2, 5}, {1, 3}], [{8}, {7}, {4, 6}, {3, 5}, {1, 2}], [{8}, {7}, {4, 6}, {3, 5}, {2}, {1}]]",2,1,O1O2O3O4U2U4U3O5O6U1O7U6U5O8U7U8,O1O2O3U2U1U3U4O5O6U5O7O8U6O4U8U7,O1O2O3U4U5O6U7O5O4U8O7O8U6U1U3U2,c,{'O1O2O3O4U5U6O5U7U8O6U4O8O7U2U1U3'},1,"<a href=""/flatknot/8.857761"">8.857761</a>",t^9-56t^7-134t^6+215t^5+378t^4-411t^3-76t^2+141t+2,-2t^2+4t,,
8.857762,O1O2O3O4U5U6O5U7U8O6U4O8O7U3U1U2,4,6z^3+37z^2+72z+45,6w^4z^3+37w^3z^2+72w^2z+45w,False,False,"[[ 0 -1  1  0  2 -1 -1  0  0],[ 1  0  1  0  2  0  0  1  1],[-1 -1  0  0  2 -2 -2 -1 -1],[ 0  0  0  0  2 -1 -1  0  0],[-2 -2 -2 -2  0 -3 -1  0 -1],[ 1  0  2  1  3  0 -1  0  0],[ 1  0  2  1  1  1  0 -1  0],[ 0 -1  1  0  0  0  1  0  0],[ 0 -1  1  0  1  0  0  0  0]]","[[ 0  2  1  0  0  0 -1 -1 -1],[-2  0 -2  0 -1 -2 -1 -2 -3],[-1  2  0 -1 -1  0 -2 -1 -2],[ 0  0  1  0  0  0  1 -1  0],[ 0  1  1  0  0  0  0 -1  0],[ 0  2  0  0  0  0 -1  0 -1],[ 1  1  2 -1  0  1  0  0  1],[ 1  2  1  1  1  0  0  0  0],[ 1  3  2  0  0  1 -1  0  0]]",True,"[-2,-1,0,0,0,1,1,1,2,0,1,2,1,2,3,1,1,0,2,1,2,0,0,-1,1,0,0,0,1,0,1,0,1,0,-1,0]","[-2,-1,0,0,0,1,1,1,-1,0,1,2,0,1,2,1,0,0,0,1,0,0,0,0,1,0,0,1,0,1,1,0,2,0,-1,0]",t^8+40t^6+185t^4+37t^2+1,"[-1,-1,-1,0,0,0,1,2,-1,0,0,1,2,0,2,0,0,1,1,0,0,1,0,0,1,1,0,0,1,0,0,0,1,0,2,-1]","[-2,-1,0,0,0,1,1,1,-1,0,1,2,0,1,2,1,0,0,0,1,0,0,0,0,1,0,0,1,0,1,1,0,2,0,-1,0]","[-1,-1,-1,0,0,0,1,2,-1,0,0,0,1,2,3,0,-1,0,1,2,1,1,1,0,1,2,0,0,1,0,0,1,1,0,2,2]",c,"[[{8, 4}, {6, 7}, {3, 5}, {1, 2}], [{8, 4}, {6, 7}, {5}, {3}, {1, 2}], [{8, 6}, {4, 7}, {3, 5}, {1, 2}], [{8, 6}, {4, 7}, {5}, {3}, {1, 2}]]",1,4 K_1^3 + 2 K_1^2 - 4 K_1 K_2 - K_1 - K_2 + K_3,O1O2O3O4U3U4U2O5O6U1O7U6U5O8U7U8,O1O2O3U2U3U1U4O5O6U5O7O8U6O4U8U7,O1O2O3U4U5O6U7O5O4U8O7O8U6U3U1U2,c,"{'O1O2O3O4U5U6O5U7U8O6U4O8O7U3U1U2', 'O1O2O3U4U5O4U6U7O5U3O7O6U8U1O8U2'}",2,"<a href=""/flatknot/8.857762"">8.857762</a>",t^9-38t^7-82t^6+104t^5+246t^4-83t^3-110t^2+10t,-t^2+2t,,
8.857763,O1O2O3O4U5U6O5U1U2O7U3O6O8U4U7U8,4,4z^3+38z^2+111z+103,4w^4z^3+38w^3z^2+111w^2z+103w,False,False,"[[ 0 -2  0  1  1 -1 -1  0  2],[ 2  0  1  2  2  2  1  1  1],[ 0 -1  0  1  1  0  0  1  1],[-1 -2 -1  0  0 -1  0  1  2],[-1 -2 -1  0  0 -2  0  0  2],[ 1 -2  0  1  2  0 -1  1  2],[ 1 -1  0  0  0  1  0  0  1],[ 0 -1 -1 -1  0 -1  0  0  1],[-2 -1 -1 -2 -2 -2 -1 -1  0]]","[[ 0  2  1  1  0  0 -1 -1 -2],[-2  0 -2 -2 -1 -1 -1 -2 -1],[-1  2  0  0  1 -1  0 -1 -2],[-1  2  0  0  0 -1  0 -2 -2],[ 0  1 -1  0  0 -1  0 -1 -1],[ 0  1  1  1  1  0  0  0 -1],[ 1  1  0  0  0  0  0  1 -1],[ 1  2  1  2  1  0 -1  0 -2],[ 2  1  2  2  1  1  1  2  0]]",True,"[-2,-1,-1,0,0,1,1,2,2,2,1,1,1,2,1,0,-1,1,0,1,2,0,1,0,2,2,1,0,1,1,0,0,1,-1,1,2]","[-2,-1,-1,0,0,1,1,2,-1,-1,1,1,1,2,3,0,0,1,0,2,1,0,2,1,2,1,1,1,1,1,0,1,1,-1,-1,0]",t^8+42t^6+114t^4+58t^2+1,"[-2,-1,-1,0,0,1,1,2,-1,0,1,1,1,1,3,1,0,1,0,1,1,1,1,2,2,2,1,1,2,1,0,0,1,0,-1,-1]","[-2,-1,-1,0,0,1,1,2,-1,-1,1,1,1,2,3,0,0,1,0,2,1,0,2,1,2,1,1,1,1,1,0,1,1,-1,-1,0]","[-2,-1,-1,0,0,1,1,2,1,2,1,1,2,2,1,1,0,0,0,0,1,0,1,1,2,2,1,1,1,1,-1,0,1,0,2,2]",c,"[[{8, 1}, {2, 7}, {3, 6}, {4, 5}]]",0,8 K_1^3 - 20 K_1^2 - 12 K_1 K_2 + 10 K_2 + 4 K_3 + 11,O1O2O3O4U5U6U1O5O7U2O6U3U4O8U7U8,O1O2O3U4U5U6U1O7O8U7O4O5U2O6U8U3,O1O2O3U1U4O5U2O6O7U8O4O8U3U5U6U7,c,{'O1O2O3O4U5U6O5U1U2O7U3O6O8U4U7U8'},1,"<a href=""/flatknot/8.857763"">8.857763</a>",t^9-42t^7-124t^6-38t^5+228t^4+312t^3+110t^2-47t-28,0,,
8.857764,O1O2O3O4U5U6O5U1U2O7U3O6O8U4U8U7,4,22z^2+91z+95,22w^3z^2+91w^2z+95w,False,False,"[[ 0 -2  0  1  1 -1 -1  1  1],[ 2  0  1  2  2  2  1  1  1],[ 0 -1  0  1  1  0  0  1  1],[-1 -2 -1  0  0 -1  0  1  1],[-1 -2 -1  0  0 -2  0  1  1],[ 1 -2  0  1  2  0 -1  2  1],[ 1 -1  0  0  0  1  0  1  1],[-1 -1 -1 -1 -1 -2 -1  0  0],[-1 -1 -1 -1 -1 -1 -1  0  0]]","[[ 0  1  1  1  1  0 -1 -1 -2],[-1  0  1  1  0 -1  0 -1 -2],[-1 -1  0  0 -1 -1 -1 -1 -1],[-1 -1  0  0 -1 -1 -1 -2 -1],[-1  0  1  1  0 -1  0 -2 -2],[ 0  1  1  1  1  0  0  0 -1],[ 1  0  1  1  0  0  0  1 -1],[ 1  1  1  2  2  0 -1  0 -2],[ 2  2  1  1  2  1  1  2  0]]",True,"[-1,-1,-1,-1,0,1,1,2,-1,-1,0,1,0,1,2,0,1,1,1,1,1,1,1,1,2,1,1,0,2,2,0,0,1,-1,1,2]","[-2,-1,-1,0,1,1,1,1,-1,0,1,1,1,2,2,1,1,0,1,0,1,1,2,2,1,1,0,0,0,0,0,-1,-1,-1,-1,0]",t^8+37t^6+89t^4+11t^2,"[-2,-1,-1,0,1,1,1,1,-1,0,1,1,1,2,2,1,1,0,1,0,1,1,2,2,1,1,0,0,0,0,0,-1,-1,-1,-1,0]","[-1,-1,-1,-1,0,1,1,2,-1,-1,0,0,0,1,2,0,1,0,0,2,1,1,0,1,2,1,0,1,1,2,1,1,1,-1,-1,0]","[-2,-1,-1,0,1,1,1,1,1,2,1,1,1,2,2,1,0,1,1,0,0,0,1,2,1,2,1,1,1,1,0,-1,-1,-1,-1,0]",c,"[[{8, 1}, {2, 7}, {3, 6}, {4, 5}], [{8, 2}, {1, 7}, {3, 6}, {4, 5}], [{8, 7}, {3, 6}, {4, 5}, {1, 2}]]",1,20 K_1^3 - 18 K_1^2 - 20 K_1 K_2 - 5 K_1 + 9 K_2 + 5 K_3 + 10,O1O2O3O4U5U6U1O6O7U2O5U3U4O8U7U8,O1O2O3U4U5U6U1O7O8U7O4O5U3O6U8U2,O1O2O3U2U4O5U1O6O7U8O4O8U3U5U6U7,c,{'O1O2O3O4U5U6O5U1U2O7U3O6O8U4U8U7'},1,"<a href=""/flatknot/8.857764"">8.857764</a>",t^9-39t^7-110t^6-2t^5+206t^4+64t^3-54t^2-4t,t^2-2t,,
8.857765,O1O2O3O4U5U6O5U1U2O7U3O6O8U7U4U8,4,3z^3+38z^2+114z+101,3w^4z^3+38w^3z^2+114w^2z+101w,False,False,"[[ 0 -2  0  1  2 -1 -1 -1  2],[ 2  0  1  2  2  2  1  0  1],[ 0 -1  0  1  1  0  0  0  1],[-1 -2 -1  0  1 -1  0  0  2],[-2 -2 -1 -1  0 -3  0 -1  2],[ 1 -2  0  1  3  0 -1  0  2],[ 1 -1  0  0  0  1  0 -1  1],[ 1  0  0  0  1  0  1  0  1],[-2 -1 -1 -2 -2 -2 -1 -1  0]]","[[ 0  2  2  1  0 -1 -1 -1 -2],[-2  0  2 -1 -1  0 -1 -3 -2],[-2 -2  0 -2 -1 -1 -1 -2 -1],[-1  1  2  0 -1  0  0 -1 -2],[ 0  1  1  1  0  0  0  0 -1],[ 1  0  1  0  0  0 -1  1 -1],[ 1  1  1  0  0  1  0  0  0],[ 1  3  2  1  0 -1  0  0 -2],[ 2  2  1  2  1  1  0  2  0]]",True,"[-2,-2,-1,0,1,1,1,2,-2,1,1,0,1,3,2,2,1,1,1,2,1,1,0,0,1,2,0,0,0,1,1,-1,1,0,0,2]","[-2,-2,-1,0,1,1,1,2,-2,-1,1,1,2,2,3,0,1,0,2,3,2,0,1,2,2,1,1,1,1,1,0,-1,-1,1,1,0]",t^8+46t^6+181t^4+104t^2,"[-2,-1,-1,-1,0,1,2,2,-1,0,1,1,1,2,3,1,0,1,1,0,1,1,1,2,3,2,1,2,2,2,0,1,1,0,-1,-2]","[-2,-2,-1,0,1,1,1,2,-2,-1,1,1,2,2,3,0,1,0,2,3,2,0,1,2,2,1,1,1,1,1,0,-1,-1,1,1,0]","[-2,-1,-1,-1,0,1,2,2,0,1,2,1,2,1,2,1,0,0,0,1,1,1,0,0,1,0,0,1,2,3,1,1,1,2,1,-2]",c,"[[{8, 1}, {2, 7}, {3, 6}, {4, 5}], [{8, 1}, {2, 7}, {4, 6}, {3, 5}], [{8, 1}, {2, 7}, {5, 6}, {3, 4}], [{8, 1}, {3, 7}, {2, 6}, {4, 5}], [{8, 1}, {3, 7}, {2, 6}, {5}, {4}], [{8, 1}, {3, 7}, {4, 6}, {2, 5}], [{8, 1}, {3, 7}, {5, 6}, {2, 4}], [{8, 1}, {4, 7}, {2, 6}, {3, 5}], [{8, 1}, {4, 7}, {3, 6}, {2, 5}], [{8, 1}, {4, 7}, {5, 6}, {2, 3}], [{8, 1}, {4, 7}, {6}, {5}, {2, 3}], [{8, 1}, {5, 7}, {2, 6}, {3, 4}], [{8, 1}, {5, 7}, {2, 6}, {4}, {3}], [{8, 1}, {5, 7}, {3, 6}, {2, 4}], [{8, 1}, {5, 7}, {4, 6}, {2, 3}], [{8, 1}, {5, 7}, {4, 6}, {3}, {2}], [{8, 1}, {5, 7}, {6}, {2, 4}, {3}], [{8, 1}, {6, 7}, {2, 5}, {3, 4}], [{8, 1}, {6, 7}, {3, 5}, {2, 4}], [{8, 1}, {6, 7}, {4, 5}, {2, 3}], [{8, 1}, {6, 7}, {4, 5}, {3}, {2}], [{8, 1}, {7}, {2, 6}, {3, 5}, {4}], [{8, 1}, {7}, {3, 6}, {5}, {2, 4}], [{8, 2}, {1, 7}, {3, 6}, {4, 5}], [{8, 2}, {1, 7}, {4, 6}, {3, 5}], [{8, 2}, {1, 7}, {5, 6}, {3, 4}], [{8, 2}, {1, 7}, {6}, {5}, {3, 4}], [{8, 2}, {3, 7}, {1, 6}, {4, 5}], [{8, 2}, {3, 7}, {4, 6}, {1, 5}], [{8, 2}, {3, 7}, {5, 6}, {1, 4}], [{8, 2}, {3, 7}, {6}, {4, 5}, {1}], [{8, 2}, {4, 7}, {1, 6}, {3, 5}], [{8, 2}, {4, 7}, {3, 6}, {1, 5}], [{8, 2}, {4, 7}, {5, 6}, {1, 3}], [{8, 2}, {5, 7}, {1, 6}, {3, 4}], [{8, 2}, {5, 7}, {3, 6}, {1, 4}], [{8, 2}, {5, 7}, {3, 6}, {4}, {1}], [{8, 2}, {5, 7}, {4, 6}, {1, 3}], [{8, 2}, {6, 7}, {1, 5}, {3, 4}], [{8, 2}, {6, 7}, {3, 5}, {1, 4}], [{8, 2}, {6, 7}, {4, 5}, {1, 3}], [{8, 3}, {1, 7}, {2, 6}, {4, 5}], [{8, 3}, {1, 7}, {4, 6}, {2, 5}], [{8, 3}, {1, 7}, {5, 6}, {2, 4}], [{8, 3}, {1, 7}, {6}, {5}, {2, 4}], [{8, 3}, {2, 7}, {1, 6}, {4, 5}], [{8, 3}, {2, 7}, {4, 6}, {1, 5}], [{8, 3}, {2, 7}, {5, 6}, {1, 4}], [{8, 3}, {4, 7}, {1, 6}, {2, 5}], [{8, 3}, {4, 7}, {2, 6}, {1, 5}], [{8, 3}, {4, 7}, {5, 6}, {1, 2}], [{8, 3}, {5, 7}, {1, 6}, {2, 4}], [{8, 3}, {5, 7}, {2, 6}, {1, 4}], [{8, 3}, {5, 7}, {4, 6}, {1, 2}], [{8, 3}, {5, 7}, {4, 6}, {2}, {1}], [{8, 3}, {6, 7}, {1, 5}, {2, 4}], [{8, 3}, {6, 7}, {2, 5}, {1, 4}], [{8, 3}, {6, 7}, {4, 5}, {1, 2}], [{8, 4}, {1, 7}, {2, 6}, {3, 5}], [{8, 4}, {1, 7}, {3, 6}, {2, 5}], [{8, 4}, {1, 7}, {5, 6}, {2, 3}], [{8, 4}, {2, 7}, {1, 6}, {3, 5}], [{8, 4}, {2, 7}, {3, 6}, {1, 5}], [{8, 4}, {2, 7}, {5, 6}, {1, 3}], [{8, 4}, {3, 7}, {1, 6}, {2, 5}], [{8, 4}, {3, 7}, {2, 6}, {1, 5}], [{8, 4}, {3, 7}, {5, 6}, {1, 2}], [{8, 4}, {5, 7}, {1, 6}, {2, 3}], [{8, 4}, {5, 7}, {2, 6}, {1, 3}], [{8, 4}, {5, 7}, {3, 6}, {1, 2}], [{8, 4}, {6, 7}, {1, 5}, {2, 3}], [{8, 4}, {6, 7}, {2, 5}, {1, 3}], [{8, 4}, {6, 7}, {3, 5}, {1, 2}], [{8, 4}, {6, 7}, {5}, {1, 3}, {2}], [{8, 5}, {1, 7}, {2, 6}, {3, 4}], [{8, 5}, {1, 7}, {3, 6}, {2, 4}], [{8, 5}, {1, 7}, {4, 6}, {2, 3}], [{8, 5}, {2, 7}, {1, 6}, {3, 4}], [{8, 5}, {2, 7}, {3, 6}, {1, 4}], [{8, 5}, {2, 7}, {4, 6}, {1, 3}], [{8, 5}, {3, 7}, {1, 6}, {2, 4}], [{8, 5}, {3, 7}, {2, 6}, {1, 4}], [{8, 5}, {3, 7}, {4, 6}, {1, 2}], [{8, 5}, {4, 7}, {1, 6}, {2, 3}], [{8, 5}, {4, 7}, {1, 6}, {3}, {2}], [{8, 5}, {4, 7}, {2, 6}, {1, 3}], [{8, 5}, {4, 7}, {3, 6}, {1, 2}], [{8, 5}, {6, 7}, {1, 4}, {2, 3}], [{8, 5}, {6, 7}, {2, 4}, {1, 3}], [{8, 5}, {6, 7}, {3, 4}, {1, 2}], [{8, 5}, {6, 7}, {4}, {3}, {1, 2}], [{8, 6}, {1, 7}, {2, 5}, {3, 4}], [{8, 6}, {1, 7}, {3, 5}, {2, 4}], [{8, 6}, {1, 7}, {4, 5}, {2, 3}], [{8, 6}, {2, 7}, {1, 5}, {3, 4}], [{8, 6}, {2, 7}, {3, 5}, {1, 4}], [{8, 6}, {2, 7}, {4, 5}, {1, 3}], [{8, 6}, {2, 7}, {5}, {1, 4}, {3}], [{8, 6}, {3, 7}, {1, 5}, {2, 4}], [{8, 6}, {3, 7}, {2, 5}, {1, 4}], [{8, 6}, {3, 7}, {4, 5}, {1, 2}], [{8, 6}, {4, 7}, {1, 5}, {2, 3}], [{8, 6}, {4, 7}, {2, 5}, {1, 3}], [{8, 6}, {4, 7}, {3, 5}, {1, 2}], [{8, 6}, {5, 7}, {1, 4}, {2, 3}], [{8, 6}, {5, 7}, {2, 4}, {1, 3}], [{8, 6}, {5, 7}, {3, 4}, {1, 2}], [{8, 7}, {1, 6}, {2, 5}, {3, 4}], [{8, 7}, {1, 6}, {3, 5}, {2, 4}], [{8, 7}, {1, 6}, {4, 5}, {2, 3}], [{8, 7}, {1, 6}, {5}, {3, 4}, {2}], [{8, 7}, {2, 6}, {1, 5}, {3, 4}], [{8, 7}, {2, 6}, {3, 5}, {1, 4}], [{8, 7}, {2, 6}, {4, 5}, {1, 3}], [{8, 7}, {3, 6}, {1, 5}, {2, 4}], [{8, 7}, {3, 6}, {2, 5}, {1, 4}], [{8, 7}, {3, 6}, {4, 5}, {1, 2}], [{8, 7}, {4, 6}, {1, 5}, {2, 3}], [{8, 7}, {4, 6}, {1, 5}, {3}, {2}], [{8, 7}, {4, 6}, {2, 5}, {1, 3}], [{8, 7}, {4, 6}, {3, 5}, {1, 2}], [{8, 7}, {5, 6}, {1, 4}, {2, 3}], [{8, 7}, {5, 6}, {2, 4}, {1, 3}], [{8, 7}, {5, 6}, {3, 4}, {1, 2}], [{8, 7}, {5, 6}, {4}, {3}, {1, 2}], [{8, 7}, {6}, {4, 5}, {1, 3}, {2}], [{8}, {1, 7}, {4, 6}, {3, 5}, {2}], [{8}, {2, 7}, {3, 6}, {4, 5}, {1}], [{8}, {2, 7}, {4, 6}, {3, 5}, {1}], [{8}, {3, 7}, {1, 6}, {4, 5}, {2}], [{8}, {3, 7}, {6}, {1, 5}, {2, 4}], [{8}, {4, 7}, {3, 6}, {2, 5}, {1}], [{8}, {5, 7}, {4, 6}, {1, 3}, {2}], [{8}, {7}, {4, 6}, {3, 5}, {1, 2}]]",2,- 8 K_1^4 + 24 K_1^3 + 12 K_1^2 K_2 - 20 K_1^2 - 16 K_1 K_2 - 6 K_1 K_3 - 10 K_1 + 11 K_2 + 2 K_3 + K_4 + 11,O1O2O3O4U5U1U6O5O7U2O6U3U4O8U7U8,O1O2O3U4U5U6U2O7O8U7O4O5U1O6U8U3,O1O2O3U1U4O5U3O6O7U8O4O8U2U5U6U7,c,{'O1O2O3O4U5U6O5U1U2O7U3O6O8U7U4U8'},1,"<a href=""/flatknot/8.857765"">8.857765</a>",t^9-44t^7-134t^6+362t^4+327t^3+64t^2-21t-2,-t^2+2t,,
8.857766,O1O2O3O4U5U6O5U1U2O7U3O6O8U7U8U4,4,8z^3+46z^2+107z+95,8w^4z^3+46w^3z^2+107w^2z+95w,False,False,"[[ 0 -2  0  1  3 -1 -1 -1  1],[ 2  0  1  2  2  2  1  0  0],[ 0 -1  0  1  1  0  0  0  0],[-1 -2 -1  0  1 -1  0  0  1],[-3 -2 -1 -1  0 -4 -1 -2  1],[ 1 -2  0  1  4  0 -1  0  1],[ 1 -1  0  0  1  1  0 -1  0],[ 1  0  0  0  2  0  1  0  1],[-1  0  0 -1 -1 -1  0 -1  0]]","[[ 0  3  1  1  0 -1 -1 -1 -2],[-3  0  1 -1 -1 -1 -2 -4 -2],[-1 -1  0 -1  0  0 -1 -1  0],[-1  1  1  0 -1  0  0 -1 -2],[ 0  1  0  1  0  0  0  0 -1],[ 1  1  0  0  0  0 -1  1 -1],[ 1  2  1  0  0  1  0  0  0],[ 1  4  1  1  0 -1  0  0 -2],[ 2  2  0  2  1  1  0  2  0]]",True,"[-3,-1,-1,0,1,1,1,2,-1,1,1,1,2,4,2,1,0,0,1,1,0,1,0,0,1,2,0,0,0,1,1,-1,1,0,0,2]","[-3,-1,-1,0,1,1,1,2,-1,1,1,1,2,4,2,1,0,0,1,1,0,1,0,0,1,2,0,0,0,1,1,-1,1,0,0,2]",t^8+45t^6+204t^4+230t^2+9,"[-2,-1,-1,-1,0,1,1,3,-1,0,1,1,1,3,3,1,0,1,1,1,0,1,1,2,2,3,1,2,1,2,0,1,2,-1,1,3]","[-3,-1,-1,0,1,1,1,2,1,3,2,0,2,3,3,1,0,1,2,2,1,1,1,1,2,3,1,1,1,1,0,-1,-1,1,1,0]","[-2,-1,-1,-1,0,1,1,3,0,1,2,1,0,2,2,1,0,0,1,0,2,1,0,0,0,1,0,1,1,4,0,1,1,-1,-1,1]",c,"[[{8, 1}, {2, 7}, {3, 6}, {4, 5}], [{8, 1}, {2, 7}, {3, 6}, {5}, {4}], [{8, 1}, {2, 7}, {4, 6}, {3, 5}], [{8, 1}, {2, 7}, {5, 6}, {3, 4}], [{8, 1}, {3, 7}, {2, 6}, {4, 5}], [{8, 1}, {3, 7}, {4, 6}, {2, 5}], [{8, 1}, {3, 7}, {5, 6}, {2, 4}], [{8, 1}, {4, 7}, {2, 6}, {3, 5}], [{8, 1}, {4, 7}, {3, 6}, {2, 5}], [{8, 1}, {4, 7}, {5, 6}, {2, 3}], [{8, 1}, {5, 7}, {2, 6}, {3, 4}], [{8, 1}, {5, 7}, {3, 6}, {2, 4}], [{8, 1}, {5, 7}, {4, 6}, {2, 3}], [{8, 1}, {6, 7}, {2, 5}, {3, 4}], [{8, 1}, {6, 7}, {3, 5}, {2, 4}], [{8, 1}, {6, 7}, {4, 5}, {2, 3}], [{8, 1}, {6, 7}, {5}, {2, 4}, {3}], [{8, 2}, {1, 7}, {3, 6}, {4, 5}], [{8, 2}, {1, 7}, {4, 6}, {3, 5}], [{8, 2}, {1, 7}, {5, 6}, {3, 4}], [{8, 2}, {3, 7}, {1, 6}, {4, 5}], [{8, 2}, {3, 7}, {4, 6}, {1, 5}], [{8, 2}, {3, 7}, {5, 6}, {1, 4}], [{8, 2}, {3, 7}, {6}, {1, 5}, {4}], [{8, 2}, {3, 7}, {6}, {4, 5}, {1}], [{8, 2}, {3, 7}, {6}, {5}, {1, 4}], [{8, 2}, {4, 7}, {1, 6}, {3, 5}], [{8, 2}, {4, 7}, {3, 6}, {1, 5}], [{8, 2}, {4, 7}, {5, 6}, {1, 3}], [{8, 2}, {5, 7}, {1, 6}, {3, 4}], [{8, 2}, {5, 7}, {3, 6}, {1, 4}], [{8, 2}, {5, 7}, {4, 6}, {1, 3}], [{8, 2}, {6, 7}, {1, 5}, {3, 4}], [{8, 2}, {6, 7}, {3, 5}, {1, 4}], [{8, 2}, {6, 7}, {4, 5}, {1, 3}], [{8, 2}, {6, 7}, {5}, {1, 4}, {3}], [{8, 2}, {7}, {3, 6}, {5}, {1, 4}], [{8, 3}, {1, 7}, {2, 6}, {4, 5}], [{8, 3}, {1, 7}, {4, 6}, {2, 5}], [{8, 3}, {1, 7}, {5, 6}, {2, 4}], [{8, 3}, {2, 7}, {1, 6}, {4, 5}], [{8, 3}, {2, 7}, {4, 6}, {1, 5}], [{8, 3}, {2, 7}, {5, 6}, {1, 4}], [{8, 3}, {2, 7}, {6}, {1, 5}, {4}], [{8, 3}, {2, 7}, {6}, {4, 5}, {1}], [{8, 3}, {2, 7}, {6}, {5}, {1, 4}], [{8, 3}, {4, 7}, {1, 6}, {2, 5}], [{8, 3}, {4, 7}, {2, 6}, {1, 5}], [{8, 3}, {4, 7}, {5, 6}, {1, 2}], [{8, 3}, {5, 7}, {1, 6}, {2, 4}], [{8, 3}, {5, 7}, {2, 6}, {1, 4}], [{8, 3}, {5, 7}, {4, 6}, {1, 2}], [{8, 3}, {6, 7}, {1, 5}, {2, 4}], [{8, 3}, {6, 7}, {2, 5}, {1, 4}], [{8, 3}, {6, 7}, {4, 5}, {1, 2}], [{8, 3}, {6, 7}, {4, 5}, {2}, {1}], [{8, 3}, {7}, {2, 6}, {4, 5}, {1}], [{8, 3}, {7}, {4, 6}, {1, 5}, {2}], [{8, 4}, {1, 7}, {2, 6}, {3, 5}], [{8, 4}, {1, 7}, {3, 6}, {2, 5}], [{8, 4}, {1, 7}, {5, 6}, {2, 3}], [{8, 4}, {1, 7}, {6}, {2, 5}, {3}], [{8, 4}, {2, 7}, {1, 6}, {3, 5}], [{8, 4}, {2, 7}, {3, 6}, {1, 5}], [{8, 4}, {2, 7}, {3, 6}, {5}, {1}], [{8, 4}, {2, 7}, {5, 6}, {1, 3}], [{8, 4}, {3, 7}, {1, 6}, {2, 5}], [{8, 4}, {3, 7}, {2, 6}, {1, 5}], [{8, 4}, {3, 7}, {5, 6}, {1, 2}], [{8, 4}, {5, 7}, {1, 6}, {2, 3}], [{8, 4}, {5, 7}, {2, 6}, {1, 3}], [{8, 4}, {5, 7}, {3, 6}, {1, 2}], [{8, 4}, {6, 7}, {1, 5}, {2, 3}], [{8, 4}, {6, 7}, {2, 5}, {1, 3}], [{8, 4}, {6, 7}, {3, 5}, {1, 2}], [{8, 4}, {6, 7}, {5}, {1, 3}, {2}], [{8, 5}, {1, 7}, {2, 6}, {3, 4}], [{8, 5}, {1, 7}, {3, 6}, {2, 4}], [{8, 5}, {1, 7}, {3, 6}, {4}, {2}], [{8, 5}, {1, 7}, {4, 6}, {2, 3}], [{8, 5}, {2, 7}, {1, 6}, {3, 4}], [{8, 5}, {2, 7}, {3, 6}, {1, 4}], [{8, 5}, {2, 7}, {4, 6}, {1, 3}], [{8, 5}, {3, 7}, {1, 6}, {2, 4}], [{8, 5}, {3, 7}, {1, 6}, {4}, {2}], [{8, 5}, {3, 7}, {2, 6}, {1, 4}], [{8, 5}, {3, 7}, {4, 6}, {1, 2}], [{8, 5}, {3, 7}, {4, 6}, {2}, {1}], [{8, 5}, {3, 7}, {6}, {1, 4}, {2}], [{8, 5}, {4, 7}, {1, 6}, {2, 3}], [{8, 5}, {4, 7}, {2, 6}, {1, 3}], [{8, 5}, {4, 7}, {3, 6}, {1, 2}], [{8, 5}, {4, 7}, {3, 6}, {2}, {1}], [{8, 5}, {6, 7}, {1, 4}, {2, 3}], [{8, 5}, {6, 7}, {1, 4}, {3}, {2}], [{8, 5}, {6, 7}, {2, 4}, {1, 3}], [{8, 5}, {6, 7}, {3, 4}, {1, 2}], [{8, 5}, {7}, {2, 6}, {3, 4}, {1}], [{8, 5}, {7}, {3, 6}, {1, 4}, {2}], [{8, 6}, {1, 7}, {2, 5}, {3, 4}], [{8, 6}, {1, 7}, {3, 5}, {2, 4}], [{8, 6}, {1, 7}, {4, 5}, {2, 3}], [{8, 6}, {2, 7}, {1, 5}, {3, 4}], [{8, 6}, {2, 7}, {3, 5}, {1, 4}], [{8, 6}, {2, 7}, {4, 5}, {1, 3}], [{8, 6}, {2, 7}, {5}, {1, 4}, {3}], [{8, 6}, {3, 7}, {1, 5}, {2, 4}], [{8, 6}, {3, 7}, {2, 5}, {1, 4}], [{8, 6}, {3, 7}, {4, 5}, {1, 2}], [{8, 6}, {4, 7}, {1, 5}, {2, 3}], [{8, 6}, {4, 7}, {2, 5}, {1, 3}], [{8, 6}, {4, 7}, {3, 5}, {1, 2}], [{8, 6}, {5, 7}, {1, 4}, {2, 3}], [{8, 6}, {5, 7}, {2, 4}, {1, 3}], [{8, 6}, {5, 7}, {3, 4}, {1, 2}], [{8, 6}, {7}, {4, 5}, {1, 3}, {2}], [{8, 7}, {1, 6}, {2, 5}, {3, 4}], [{8, 7}, {1, 6}, {2, 5}, {4}, {3}], [{8, 7}, {1, 6}, {3, 5}, {2, 4}], [{8, 7}, {1, 6}, {4, 5}, {2, 3}], [{8, 7}, {2, 6}, {1, 5}, {3, 4}], [{8, 7}, {2, 6}, {3, 5}, {1, 4}], [{8, 7}, {2, 6}, {4, 5}, {1, 3}], [{8, 7}, {3, 6}, {1, 5}, {2, 4}], [{8, 7}, {3, 6}, {1, 5}, {4}, {2}], [{8, 7}, {3, 6}, {2, 5}, {1, 4}], [{8, 7}, {3, 6}, {4, 5}, {1, 2}], [{8, 7}, {3, 6}, {4, 5}, {2}, {1}], [{8, 7}, {3, 6}, {5}, {1, 4}, {2}], [{8, 7}, {4, 6}, {1, 5}, {2, 3}], [{8, 7}, {4, 6}, {2, 5}, {1, 3}], [{8, 7}, {4, 6}, {3, 5}, {1, 2}], [{8, 7}, {4, 6}, {5}, {1, 3}, {2}], [{8, 7}, {5, 6}, {1, 4}, {2, 3}], [{8, 7}, {5, 6}, {2, 4}, {1, 3}], [{8, 7}, {5, 6}, {3, 4}, {1, 2}], [{8, 7}, {5, 6}, {3, 4}, {2}, {1}], [{8}, {2, 7}, {3, 6}, {5}, {1, 4}], [{8}, {2, 7}, {4, 6}, {1, 5}, {3}], [{8}, {3, 7}, {6}, {2, 5}, {1, 4}], [{8}, {5, 7}, {1, 6}, {4}, {2, 3}], [{8}, {5, 7}, {3, 6}, {1, 4}, {2}], [{8}, {6, 7}, {1, 5}, {4}, {2, 3}], [{8}, {6, 7}, {2, 5}, {1, 4}, {3}], [{8}, {6, 7}, {3, 5}, {4}, {1, 2}], [{8}, {7}, {1, 6}, {2, 5}, {3, 4}], [{8}, {7}, {3, 6}, {2, 5}, {1, 4}], [{8}, {7}, {3, 6}, {5}, {1, 4}, {2}], [{8}, {7}, {4, 6}, {2, 5}, {1, 3}]]",2,12 K_1^3 + 4 K_1^2 K_2 - 10 K_1^2 - 6 K_1 K_2 - 4 K_1 K_3 - 6 K_1 + 5 K_2 + K_4 + 5,O1O2O3O4U1U5U6O5O7U2O6U3U4O8U7U8,O1O2O3U4U5U6U3O7O8U7O4O5U1O6U8U2,O1O2O3U2U4O5U3O6O7U8O4O8U1U5U6U7,c,{'O1O2O3O4U5U6O5U1U2O7U3O6O8U7U8U4'},1,"<a href=""/flatknot/8.857766"">8.857766</a>",t^9-41t^7-104t^6+77t^5+296t^4-4t^3-146t^2+29t+4,-t^3+t^2+t,,
8.857767,O1O2O3O4U5U6O5U1U2O7U4O6O8U3U8U7,4,2z^3+30z^2+105z+107,2w^4z^3-4w^4z^2+34w^3z^2+105w^2z+107w,False,False,"[[ 0 -2  0  0  2 -1 -1  1  1],[ 2  0  1  2  2  2  1  1  1],[ 0 -1  0  1  1  0  0  1  1],[ 0 -2 -1  0  1 -1  0  2  1],[-2 -2 -1 -1  0 -2 -1  0  0],[ 1 -2  0  1  2  0 -1  2  1],[ 1 -1  0  0  1  1  0  1  1],[-1 -1 -1 -2  0 -2 -1  0  0],[-1 -1 -1 -1  0 -1 -1  0  0]]","[[ 0  2  1  1  0  0 -1 -1 -2],[-2  0  0  0 -1 -1 -1 -2 -2],[-1  0  0  0 -1 -1 -1 -1 -1],[-1  0  0  0 -1 -2 -1 -2 -1],[ 0  1  1  1  0  1  0  0 -1],[ 0  1  1  2 -1  0  0 -1 -2],[ 1  1  1  1  0  0  0  1 -1],[ 1  2  1  2  0  1 -1  0 -2],[ 2  2  1  1  1  2  1  2  0]]",True,"[-2,-1,-1,0,0,1,1,2,0,0,1,1,1,2,2,0,1,1,1,1,1,1,2,1,2,1,-1,0,0,1,0,1,2,-1,1,2]","[-2,-1,-1,0,0,1,1,2,-1,0,0,1,2,2,2,1,0,1,0,1,1,1,1,1,1,2,1,-1,0,1,0,0,1,0,1,1]",t^8+40t^6+83t^4+40t^2+4,"[-2,-1,-1,0,0,1,1,2,-1,0,0,1,2,2,2,1,0,1,0,1,1,1,1,1,1,2,1,-1,0,1,0,0,1,0,1,1]","[-2,-1,-1,0,0,1,1,2,1,1,1,1,1,2,2,0,-1,0,0,1,2,0,0,1,1,2,-1,0,1,0,1,1,1,-1,-1,0]","[-2,-1,-1,0,0,1,1,2,1,2,1,2,1,1,2,1,0,0,1,1,1,0,1,1,2,2,1,1,1,1,1,2,1,0,0,0]",c,"[[{8, 1}, {2, 7}, {3, 6}, {4, 5}], [{8, 1}, {2, 7}, {3, 6}, {5}, {4}], [{8, 1}, {2, 7}, {4, 6}, {3, 5}], [{8, 1}, {2, 7}, {4, 6}, {5}, {3}], [{8, 1}, {2, 7}, {5, 6}, {3, 4}], [{8, 1}, {2, 7}, {6}, {5}, {3, 4}], [{8, 1}, {3, 7}, {2, 6}, {4, 5}], [{8, 1}, {3, 7}, {4, 6}, {2, 5}], [{8, 1}, {3, 7}, {5, 6}, {2, 4}], [{8, 1}, {4, 7}, {2, 6}, {3, 5}], [{8, 1}, {4, 7}, {2, 6}, {5}, {3}], [{8, 1}, {4, 7}, {3, 6}, {2, 5}], [{8, 1}, {4, 7}, {5, 6}, {2, 3}], [{8, 1}, {5, 7}, {2, 6}, {3, 4}], [{8, 1}, {5, 7}, {3, 6}, {2, 4}], [{8, 1}, {5, 7}, {4, 6}, {2, 3}], [{8, 1}, {5, 7}, {6}, {4}, {2, 3}], [{8, 1}, {6, 7}, {2, 5}, {3, 4}], [{8, 1}, {6, 7}, {3, 5}, {2, 4}], [{8, 1}, {6, 7}, {4, 5}, {2, 3}], [{8, 1}, {7}, {6}, {3, 5}, {2, 4}], [{8, 2}, {1, 7}, {3, 6}, {4, 5}], [{8, 2}, {1, 7}, {3, 6}, {5}, {4}], [{8, 2}, {1, 7}, {4, 6}, {3, 5}], [{8, 2}, {1, 7}, {5, 6}, {3, 4}], [{8, 2}, {1, 7}, {6}, {4, 5}, {3}], [{8, 2}, {3, 7}, {1, 6}, {4, 5}], [{8, 2}, {3, 7}, {4, 6}, {1, 5}], [{8, 2}, {3, 7}, {5, 6}, {1, 4}], [{8, 2}, {4, 7}, {1, 6}, {3, 5}], [{8, 2}, {4, 7}, {3, 6}, {1, 5}], [{8, 2}, {4, 7}, {5, 6}, {1, 3}], [{8, 2}, {5, 7}, {1, 6}, {3, 4}], [{8, 2}, {5, 7}, {3, 6}, {1, 4}], [{8, 2}, {5, 7}, {4, 6}, {1, 3}], [{8, 2}, {6, 7}, {1, 5}, {3, 4}], [{8, 2}, {6, 7}, {3, 5}, {1, 4}], [{8, 2}, {6, 7}, {3, 5}, {4}, {1}], [{8, 2}, {6, 7}, {4, 5}, {1, 3}], [{8, 3}, {1, 7}, {2, 6}, {4, 5}], [{8, 3}, {1, 7}, {4, 6}, {2, 5}], [{8, 3}, {1, 7}, {5, 6}, {2, 4}], [{8, 3}, {1, 7}, {6}, {4, 5}, {2}], [{8, 3}, {2, 7}, {1, 6}, {4, 5}], [{8, 3}, {2, 7}, {4, 6}, {1, 5}], [{8, 3}, {2, 7}, {5, 6}, {1, 4}], [{8, 3}, {2, 7}, {6}, {1, 5}, {4}], [{8, 3}, {2, 7}, {6}, {4, 5}, {1}], [{8, 3}, {2, 7}, {6}, {5}, {1, 4}], [{8, 3}, {4, 7}, {1, 6}, {2, 5}], [{8, 3}, {4, 7}, {2, 6}, {1, 5}], [{8, 3}, {4, 7}, {5, 6}, {1, 2}], [{8, 3}, {4, 7}, {6}, {1, 5}, {2}], [{8, 3}, {5, 7}, {1, 6}, {2, 4}], [{8, 3}, {5, 7}, {2, 6}, {1, 4}], [{8, 3}, {5, 7}, {4, 6}, {1, 2}], [{8, 3}, {5, 7}, {6}, {1, 4}, {2}], [{8, 3}, {6, 7}, {1, 5}, {2, 4}], [{8, 3}, {6, 7}, {1, 5}, {4}, {2}], [{8, 3}, {6, 7}, {2, 5}, {1, 4}], [{8, 3}, {6, 7}, {4, 5}, {1, 2}], [{8, 3}, {6, 7}, {4, 5}, {2}, {1}], [{8, 3}, {6, 7}, {5}, {1, 4}, {2}], [{8, 3}, {7}, {1, 6}, {4, 5}, {2}], [{8, 3}, {7}, {2, 6}, {1, 5}, {4}], [{8, 3}, {7}, {2, 6}, {4, 5}, {1}], [{8, 3}, {7}, {2, 6}, {5}, {1, 4}], [{8, 3}, {7}, {4, 6}, {1, 5}, {2}], [{8, 3}, {7}, {5, 6}, {1, 4}, {2}], [{8, 3}, {7}, {6}, {1, 5}, {2, 4}], [{8, 3}, {7}, {6}, {1, 5}, {4}, {2}], [{8, 3}, {7}, {6}, {2, 5}, {1, 4}], [{8, 3}, {7}, {6}, {4, 5}, {1, 2}], [{8, 3}, {7}, {6}, {4, 5}, {2}, {1}], [{8, 3}, {7}, {6}, {5}, {1, 4}, {2}], [{8, 4}, {1, 7}, {2, 6}, {3, 5}], [{8, 4}, {1, 7}, {3, 6}, {2, 5}], [{8, 4}, {1, 7}, {3, 6}, {5}, {2}], [{8, 4}, {1, 7}, {5, 6}, {2, 3}], [{8, 4}, {1, 7}, {6}, {2, 5}, {3}], [{8, 4}, {2, 7}, {1, 6}, {3, 5}], [{8, 4}, {2, 7}, {3, 6}, {1, 5}], [{8, 4}, {2, 7}, {5, 6}, {1, 3}], [{8, 4}, {3, 7}, {1, 6}, {2, 5}], [{8, 4}, {3, 7}, {2, 6}, {1, 5}], [{8, 4}, {3, 7}, {5, 6}, {1, 2}], [{8, 4}, {5, 7}, {1, 6}, {2, 3}], [{8, 4}, {5, 7}, {2, 6}, {1, 3}], [{8, 4}, {5, 7}, {3, 6}, {1, 2}], [{8, 4}, {6, 7}, {1, 5}, {2, 3}], [{8, 4}, {6, 7}, {2, 5}, {1, 3}], [{8, 4}, {6, 7}, {3, 5}, {1, 2}], [{8, 5}, {1, 7}, {2, 6}, {3, 4}], [{8, 5}, {1, 7}, {3, 6}, {2, 4}], [{8, 5}, {1, 7}, {4, 6}, {2, 3}], [{8, 5}, {1, 7}, {6}, {2, 4}, {3}], [{8, 5}, {2, 7}, {1, 6}, {3, 4}], [{8, 5}, {2, 7}, {3, 6}, {1, 4}], [{8, 5}, {2, 7}, {4, 6}, {1, 3}], [{8, 5}, {2, 7}, {4, 6}, {3}, {1}], [{8, 5}, {3, 7}, {1, 6}, {2, 4}], [{8, 5}, {3, 7}, {2, 6}, {1, 4}], [{8, 5}, {3, 7}, {4, 6}, {1, 2}], [{8, 5}, {3, 7}, {6}, {1, 4}, {2}], [{8, 5}, {4, 7}, {1, 6}, {2, 3}], [{8, 5}, {4, 7}, {2, 6}, {1, 3}], [{8, 5}, {4, 7}, {2, 6}, {3}, {1}], [{8, 5}, {4, 7}, {3, 6}, {1, 2}], [{8, 5}, {6, 7}, {1, 4}, {2, 3}], [{8, 5}, {6, 7}, {1, 4}, {3}, {2}], [{8, 5}, {6, 7}, {2, 4}, {1, 3}], [{8, 5}, {6, 7}, {3, 4}, {1, 2}], [{8, 5}, {7}, {3, 6}, {1, 4}, {2}], [{8, 5}, {7}, {3, 6}, {2, 4}, {1}], [{8, 5}, {7}, {3, 6}, {4}, {1, 2}], [{8, 6}, {1, 7}, {2, 5}, {3, 4}], [{8, 6}, {1, 7}, {3, 5}, {2, 4}], [{8, 6}, {1, 7}, {4, 5}, {2, 3}], [{8, 6}, {2, 7}, {1, 5}, {3, 4}], [{8, 6}, {2, 7}, {3, 5}, {1, 4}], [{8, 6}, {2, 7}, {4, 5}, {1, 3}], [{8, 6}, {3, 7}, {1, 5}, {2, 4}], [{8, 6}, {3, 7}, {2, 5}, {1, 4}], [{8, 6}, {3, 7}, {4, 5}, {1, 2}], [{8, 6}, {3, 7}, {5}, {1, 4}, {2}], [{8, 6}, {4, 7}, {1, 5}, {2, 3}], [{8, 6}, {4, 7}, {2, 5}, {1, 3}], [{8, 6}, {4, 7}, {3, 5}, {1, 2}], [{8, 6}, {4, 7}, {5}, {2, 3}, {1}], [{8, 6}, {5, 7}, {1, 4}, {2, 3}], [{8, 6}, {5, 7}, {1, 4}, {3}, {2}], [{8, 6}, {5, 7}, {2, 4}, {1, 3}], [{8, 6}, {5, 7}, {3, 4}, {1, 2}], [{8, 6}, {7}, {3, 5}, {1, 4}, {2}], [{8, 7}, {1, 6}, {2, 5}, {3, 4}], [{8, 7}, {1, 6}, {3, 5}, {2, 4}], [{8, 7}, {1, 6}, {4, 5}, {2, 3}], [{8, 7}, {2, 6}, {1, 5}, {3, 4}], [{8, 7}, {2, 6}, {3, 5}, {1, 4}], [{8, 7}, {2, 6}, {4, 5}, {1, 3}], [{8, 7}, {2, 6}, {5}, {3, 4}, {1}], [{8, 7}, {3, 6}, {1, 5}, {2, 4}], [{8, 7}, {3, 6}, {2, 5}, {1, 4}], [{8, 7}, {3, 6}, {4, 5}, {1, 2}], [{8, 7}, {3, 6}, {5}, {1, 4}, {2}], [{8, 7}, {4, 6}, {1, 5}, {2, 3}], [{8, 7}, {4, 6}, {2, 5}, {1, 3}], [{8, 7}, {4, 6}, {3, 5}, {1, 2}], [{8, 7}, {5, 6}, {1, 4}, {2, 3}], [{8, 7}, {5, 6}, {1, 4}, {3}, {2}], [{8, 7}, {5, 6}, {2, 4}, {1, 3}], [{8, 7}, {5, 6}, {3, 4}, {1, 2}], [{8, 7}, {6}, {3, 5}, {1, 4}, {2}], [{8}, {1, 7}, {3, 6}, {5}, {2, 4}], [{8}, {1, 7}, {5, 6}, {3, 4}, {2}], [{8}, {1, 7}, {6}, {4, 5}, {2, 3}], [{8}, {2, 7}, {4, 6}, {1, 5}, {3}], [{8}, {3, 7}, {4, 6}, {2, 5}, {1}], [{8}, {3, 7}, {5, 6}, {1, 4}, {2}], [{8}, {4, 7}, {2, 6}, {1, 5}, {3}], [{8}, {4, 7}, {3, 6}, {2, 5}, {1}], [{8}, {5, 7}, {1, 6}, {3, 4}, {2}], [{8}, {5, 7}, {3, 6}, {1, 4}, {2}], [{8}, {5, 7}, {6}, {2, 4}, {1, 3}], [{8}, {6, 7}, {2, 5}, {3, 4}, {1}], [{8}, {6, 7}, {3, 5}, {1, 4}, {2}], [{8}, {6, 7}, {5}, {2, 4}, {1, 3}], [{8}, {7}, {4, 6}, {3, 5}, {1, 2}], [{8}, {7}, {5, 6}, {2, 4}, {1, 3}]]",2,4 K_1^3 - 16 K_1^2 - 12 K_1 K_2 + 3 K_1 + 8 K_2 + 5 K_3 + 9,O1O2O3O4U5U6U2O6O7U1O5U3U4O8U7U8,O1O2O3U4U5U1U6O7O8U7O4O5U3O6U8U2,O1O2O3U2U4O5U1O6O7U8O4O8U5U3U6U7,c,{'O1O2O3O4U5U6O5U1U2O7U4O6O8U3U8U7'},1,"<a href=""/flatknot/8.857767"">8.857767</a>",t^9-40t^7-126t^6-49t^5+190t^4+161t^3-10t^2-22t+2,0,,
8.857768,O1O2O3O4U5U6O5U1U2O7U4O6O8U7U3U8,3,4z^2+25z+35,4w^5z^2-16w^4z^2+4w^4z+16w^3z^2-16w^3z+37w^2z+35w,False,False,"[[ 0 -2  0  1  2 -1 -1 -1  2],[ 2  0  1  2  2  2  1  0  1],[ 0 -1  0  1  1  0  0  0  1],[-1 -2 -1  0  0 -2  0  0  2],[-2 -2 -1  0  0 -2 -1  0  1],[ 1 -2  0  2  2  0 -1  0  2],[ 1 -1  0  0  1  1  0 -1  1],[ 1  0  0  0  0  0  1  0  1],[-2 -1 -1 -2 -1 -2 -1 -1  0]]","[[ 0  2  2  1  0 -1 -1 -1 -2],[-2  0  1  0 -1  0 -1 -2 -2],[-2 -1  0 -2 -1 -1 -1 -2 -1],[-1  0  2  0 -1  0  0 -2 -2],[ 0  1  1  1  0  0  0  0 -1],[ 1  0  1  0  0  0  1  0  0],[ 1  1  1  0  0 -1  0  1 -1],[ 1  2  2  2  0  0 -1  0 -2],[ 2  2  1  2  1  0  1  2  0]]",True,"[-2,-2,-1,0,1,1,1,2,-1,0,1,0,1,2,2,2,1,1,1,2,1,1,0,0,2,2,0,0,0,1,-1,0,0,-1,1,2]","[-2,-2,-1,0,1,1,1,2,-1,-1,1,1,2,2,3,1,1,1,2,3,2,0,0,2,2,1,1,1,1,1,-1,0,-1,-1,0,1]",t^8+40t^6+135t^4+17t^2,"[-2,-1,-1,-1,0,1,2,2,-1,0,1,1,1,2,3,1,0,1,0,1,1,1,1,2,2,2,1,2,3,2,0,1,1,1,-1,-1]","[-2,-2,-1,0,1,1,1,2,-1,-1,1,1,2,2,3,1,1,1,2,3,2,0,0,2,2,1,1,1,1,1,-1,0,-1,-1,0,1]","[-2,-1,-1,-1,0,1,2,2,0,1,2,1,2,1,2,1,0,0,0,1,0,1,0,0,1,1,0,2,2,2,1,1,1,2,0,-1]",c,"[[{8, 1}, {2, 7}, {4, 6}, {3, 5}], [{8, 1}, {4, 7}, {2, 6}, {3, 5}], [{8, 1}, {4, 7}, {2, 6}, {5}, {3}], [{8, 1}, {6, 7}, {3, 5}, {2, 4}]]",1,- 8 K_1^4 + 8 K_1^3 + 12 K_1^2 K_2 - 6 K_1^2 - 8 K_1 K_2 - 4 K_1 K_3 - 2 K_1 - 2 K_2^2 + 3 K_2 + 2 K_3 + K_4 + 5,O1O2O3O4U5U2U6O5O7U1O6U3U4O8U7U8,O1O2O3U4U5U2U6O7O8U7O4O5U1O6U8U3,O1O2O3U1U4O5U3O6O7U8O4O8U5U2U6U7,c,"{'O1O2O3O4U5U6O5U1U2O7U4O6O8U7U3U8', 'O1O2O3O4U5U6O5U1U2U3O7O6O8U4U7U8'}",2,"<a href=""/flatknot/8.857768"">8.857768</a>",t^9-38t^7-114t^6-16t^5+306t^4+312t^3-50t^2-136t,-t^2+2t,,
8.857769,O1O2O3O4U5U6O5U1U2O7U4O6O8U7U8U3,4,4z^3+43z^2+116z+93,4w^4z^3+43w^3z^2+116w^2z+93w,False,False,"[[ 0 -2  0  2  2 -1 -1 -1  1],[ 2  0  1  2  2  2  1  0  0],[ 0 -1  0  1  1  0  0  0  0],[-2 -2 -1  0  0 -3 -1 -1  1],[-2 -2 -1  0  0 -2 -1  0  1],[ 1 -2  0  3  2  0 -1  0  1],[ 1 -1  0  1  1  1  0 -1  0],[ 1  0  0  1  0  0  1  0  1],[-1  0  0 -1 -1 -1  0 -1  0]]","[[ 0  2  2  1  0 -1 -1 -1 -2],[-2  0  0  1 -1  0 -1 -2 -2],[-2  0  0  1 -1 -1 -1 -3 -2],[-1 -1 -1  0  0 -1  0 -1  0],[ 0  1  1  0  0  0  0  0 -1],[ 1  0  1  1  0  0  1  0  0],[ 1  1  1  0  0 -1  0  1 -1],[ 1  2  3  1  0  0 -1  0 -2],[ 2  2  2  0  1  0  1  2  0]]",True,"[-2,-2,-1,0,1,1,1,2,0,-1,1,0,1,2,2,-1,1,1,1,3,2,0,1,0,1,0,0,0,0,1,-1,0,0,-1,1,2]","[-2,-2,-1,0,1,1,1,2,0,-1,1,0,1,2,2,-1,1,1,1,3,2,0,1,0,1,0,0,0,0,1,-1,0,0,-1,1,2]",t^8+38t^6+116t^4+60t^2+4,"[-2,-1,-1,-1,0,1,2,2,-1,0,1,1,3,2,2,1,0,1,1,0,1,1,1,2,2,2,1,1,2,3,1,1,1,2,2,0]","[-2,-2,-1,0,1,1,1,2,0,2,1,0,2,2,2,2,1,1,2,3,2,1,1,2,1,3,1,1,1,1,-1,0,-1,-1,0,1]","[-2,-1,-1,-1,0,1,2,2,0,1,2,1,0,2,2,1,0,0,1,0,1,1,0,0,1,1,0,1,2,3,0,1,1,-1,-1,0]",c,"[[{8, 1}, {2, 7}, {4, 6}, {3, 5}], [{8, 4}, {5, 7}, {1, 6}, {2, 3}]]",1,- 8 K_1^4 + 16 K_1^3 + 12 K_1^2 K_2 - 6 K_1^2 - 12 K_1 K_2 - 4 K_1 K_3 - 6 K_1 - 2 K_2^2 + 3 K_2 + 2 K_3 + K_4 + 5,O1O2O3O4U2U5U6O5O7U1O6U3U4O8U7U8,O1O2O3U4U5U3U6O7O8U7O4O5U1O6U8U2,O1O2O3U2U4O5U3O6O7U8O4O8U5U1U6U7,c,{'O1O2O3O4U5U6O5U1U2O7U4O6O8U7U8U3'},1,"<a href=""/flatknot/8.857769"">8.857769</a>",t^9-36t^7-92t^6+31t^5+176t^4-12t^3-4t^2+6t,-t^2+2t,,
8.857770,O1O2O3O4U5U6O5U1U2O7U8O6O8U3U4U7,4,9z^3+52z^2+102z+69,9w^4z^3+52w^3z^2+102w^2z+69w,False,False,"[[ 0 -2  0  0  2 -1 -1  1  1],[ 2  0  1  1  2  2  2  1  3],[ 0 -1  0  0  1  0  1  1  1],[ 0 -1  0  0  1 -1  0  1  1],[-2 -2 -1 -1  0 -3 -2  0 -1],[ 1 -2  0  1  3  0 -1  2  1],[ 1 -2 -1  0  2  1  0  2  1],[-1 -1 -1 -1  0 -2 -2  0 -1],[-1 -3 -1 -1  1 -1 -1  1  0]]","[[ 0  2  1  1  0  0 -1 -1 -2],[-2  0  0 -1 -1 -1 -2 -3 -2],[-1  0  0 -1 -1 -1 -2 -2 -1],[-1  1  1  0 -1 -1 -1 -1 -3],[ 0  1  1  1  0  0  1  0 -1],[ 0  1  1  1  0  0  0 -1 -1],[ 1  2  2  1 -1  0  0  1 -2],[ 1  3  2  1  0  1 -1  0 -2],[ 2  2  1  3  1  1  2  2  0]]",True,"[-2,-1,-1,0,0,1,1,2,0,1,1,1,2,3,2,1,1,1,2,2,1,1,1,1,1,3,0,-1,0,1,0,1,1,-1,2,2]","[-2,-1,-1,0,0,1,1,2,-1,-1,1,1,0,2,2,-1,1,2,1,0,1,0,1,1,0,0,0,0,0,1,0,0,1,-1,0,1]",t^8+58t^6+219t^4+102t^2+4,"[-2,-1,-1,0,0,1,1,2,-1,-1,1,1,0,2,2,-1,1,2,1,0,1,0,1,1,0,0,0,0,0,1,0,0,1,-1,0,1]","[-2,-1,-1,0,0,1,1,2,0,1,1,1,0,1,2,1,0,0,1,1,0,0,0,0,0,2,0,0,1,1,1,2,1,-1,-1,-1]","[-2,-1,-1,0,0,1,1,2,2,2,1,1,1,3,2,-1,0,1,2,1,3,-1,0,2,1,2,0,1,1,1,1,1,1,-1,0,1]",c,"[[{8, 1}, {2, 7}, {3, 6}, {4, 5}], [{8, 1}, {2, 7}, {3, 6}, {5}, {4}], [{8, 1}, {2, 7}, {4, 6}, {3, 5}], [{8, 1}, {2, 7}, {4, 6}, {5}, {3}], [{8, 1}, {2, 7}, {5, 6}, {3, 4}], [{8, 1}, {2, 7}, {6}, {5}, {3, 4}], [{8, 1}, {3, 7}, {2, 6}, {4, 5}], [{8, 1}, {3, 7}, {2, 6}, {5}, {4}], [{8, 1}, {3, 7}, {4, 6}, {2, 5}], [{8, 1}, {3, 7}, {5, 6}, {2, 4}], [{8, 1}, {4, 7}, {2, 6}, {3, 5}], [{8, 1}, {4, 7}, {2, 6}, {5}, {3}], [{8, 1}, {4, 7}, {3, 6}, {2, 5}], [{8, 1}, {4, 7}, {5, 6}, {2, 3}], [{8, 1}, {5, 7}, {2, 6}, {3, 4}], [{8, 1}, {5, 7}, {3, 6}, {2, 4}], [{8, 1}, {5, 7}, {4, 6}, {2, 3}], [{8, 1}, {5, 7}, {6}, {2, 4}, {3}], [{8, 1}, {5, 7}, {6}, {3, 4}, {2}], [{8, 1}, {5, 7}, {6}, {4}, {2, 3}], [{8, 1}, {6, 7}, {2, 5}, {3, 4}], [{8, 1}, {6, 7}, {3, 5}, {2, 4}], [{8, 1}, {6, 7}, {4, 5}, {2, 3}], [{8, 1}, {6, 7}, {5}, {3, 4}, {2}], [{8, 1}, {7}, {2, 6}, {5}, {3, 4}], [{8, 1}, {7}, {5, 6}, {3, 4}, {2}], [{8, 1}, {7}, {6}, {2, 5}, {3, 4}], [{8, 1}, {7}, {6}, {5}, {3, 4}, {2}], [{8, 2}, {1, 7}, {3, 6}, {4, 5}], [{8, 2}, {1, 7}, {3, 6}, {5}, {4}], [{8, 2}, {1, 7}, {4, 6}, {3, 5}], [{8, 2}, {1, 7}, {5, 6}, {3, 4}], [{8, 2}, {3, 7}, {1, 6}, {4, 5}], [{8, 2}, {3, 7}, {4, 6}, {1, 5}], [{8, 2}, {3, 7}, {5, 6}, {1, 4}], [{8, 2}, {4, 7}, {1, 6}, {3, 5}], [{8, 2}, {4, 7}, {3, 6}, {1, 5}], [{8, 2}, {4, 7}, {5, 6}, {1, 3}], [{8, 2}, {5, 7}, {1, 6}, {3, 4}], [{8, 2}, {5, 7}, {3, 6}, {1, 4}], [{8, 2}, {5, 7}, {4, 6}, {1, 3}], [{8, 2}, {5, 7}, {6}, {1, 4}, {3}], [{8, 2}, {6, 7}, {1, 5}, {3, 4}], [{8, 2}, {6, 7}, {3, 5}, {1, 4}], [{8, 2}, {6, 7}, {4, 5}, {1, 3}], [{8, 2}, {7}, {1, 6}, {3, 5}, {4}], [{8, 2}, {7}, {3, 6}, {4, 5}, {1}], [{8, 2}, {7}, {6}, {1, 5}, {3, 4}], [{8, 3}, {1, 7}, {2, 6}, {4, 5}], [{8, 3}, {1, 7}, {2, 6}, {5}, {4}], [{8, 3}, {1, 7}, {4, 6}, {2, 5}], [{8, 3}, {1, 7}, {4, 6}, {5}, {2}], [{8, 3}, {1, 7}, {5, 6}, {2, 4}], [{8, 3}, {1, 7}, {6}, {5}, {2, 4}], [{8, 3}, {2, 7}, {1, 6}, {4, 5}], [{8, 3}, {2, 7}, {4, 6}, {1, 5}], [{8, 3}, {2, 7}, {5, 6}, {1, 4}], [{8, 3}, {2, 7}, {6}, {4, 5}, {1}], [{8, 3}, {4, 7}, {1, 6}, {2, 5}], [{8, 3}, {4, 7}, {2, 6}, {1, 5}], [{8, 3}, {4, 7}, {2, 6}, {5}, {1}], [{8, 3}, {4, 7}, {5, 6}, {1, 2}], [{8, 3}, {5, 7}, {1, 6}, {2, 4}], [{8, 3}, {5, 7}, {2, 6}, {1, 4}], [{8, 3}, {5, 7}, {4, 6}, {1, 2}], [{8, 3}, {6, 7}, {1, 5}, {2, 4}], [{8, 3}, {6, 7}, {2, 5}, {1, 4}], [{8, 3}, {6, 7}, {4, 5}, {1, 2}], [{8, 3}, {7}, {1, 6}, {4, 5}, {2}], [{8, 3}, {7}, {2, 6}, {5}, {1, 4}], [{8, 3}, {7}, {5, 6}, {4}, {1, 2}], [{8, 4}, {1, 7}, {2, 6}, {3, 5}], [{8, 4}, {1, 7}, {3, 6}, {2, 5}], [{8, 4}, {1, 7}, {3, 6}, {5}, {2}], [{8, 4}, {1, 7}, {5, 6}, {2, 3}], [{8, 4}, {2, 7}, {1, 6}, {3, 5}], [{8, 4}, {2, 7}, {3, 6}, {1, 5}], [{8, 4}, {2, 7}, {5, 6}, {1, 3}], [{8, 4}, {3, 7}, {1, 6}, {2, 5}], [{8, 4}, {3, 7}, {2, 6}, {1, 5}], [{8, 4}, {3, 7}, {5, 6}, {1, 2}], [{8, 4}, {5, 7}, {1, 6}, {2, 3}], [{8, 4}, {5, 7}, {2, 6}, {1, 3}], [{8, 4}, {5, 7}, {3, 6}, {1, 2}], [{8, 4}, {6, 7}, {1, 5}, {2, 3}], [{8, 4}, {6, 7}, {2, 5}, {1, 3}], [{8, 4}, {6, 7}, {3, 5}, {1, 2}], [{8, 5}, {1, 7}, {2, 6}, {3, 4}], [{8, 5}, {1, 7}, {3, 6}, {2, 4}], [{8, 5}, {1, 7}, {4, 6}, {2, 3}], [{8, 5}, {1, 7}, {6}, {2, 4}, {3}], [{8, 5}, {1, 7}, {6}, {3, 4}, {2}], [{8, 5}, {1, 7}, {6}, {4}, {2, 3}], [{8, 5}, {2, 7}, {1, 6}, {3, 4}], [{8, 5}, {2, 7}, {3, 6}, {1, 4}], [{8, 5}, {2, 7}, {3, 6}, {4}, {1}], [{8, 5}, {2, 7}, {4, 6}, {1, 3}], [{8, 5}, {2, 7}, {4, 6}, {3}, {1}], [{8, 5}, {2, 7}, {6}, {3, 4}, {1}], [{8, 5}, {3, 7}, {1, 6}, {2, 4}], [{8, 5}, {3, 7}, {2, 6}, {1, 4}], [{8, 5}, {3, 7}, {2, 6}, {4}, {1}], [{8, 5}, {3, 7}, {4, 6}, {1, 2}], [{8, 5}, {4, 7}, {1, 6}, {2, 3}], [{8, 5}, {4, 7}, {2, 6}, {1, 3}], [{8, 5}, {4, 7}, {2, 6}, {3}, {1}], [{8, 5}, {4, 7}, {3, 6}, {1, 2}], [{8, 5}, {6, 7}, {1, 4}, {2, 3}], [{8, 5}, {6, 7}, {1, 4}, {3}, {2}], [{8, 5}, {6, 7}, {2, 4}, {1, 3}], [{8, 5}, {6, 7}, {3, 4}, {1, 2}], [{8, 5}, {6, 7}, {3, 4}, {2}, {1}], [{8, 5}, {6, 7}, {4}, {1, 3}, {2}], [{8, 5}, {7}, {1, 6}, {3, 4}, {2}], [{8, 5}, {7}, {2, 6}, {3, 4}, {1}], [{8, 5}, {7}, {6}, {3, 4}, {1, 2}], [{8, 5}, {7}, {6}, {3, 4}, {2}, {1}], [{8, 6}, {1, 7}, {2, 5}, {3, 4}], [{8, 6}, {1, 7}, {3, 5}, {2, 4}], [{8, 6}, {1, 7}, {4, 5}, {2, 3}], [{8, 6}, {1, 7}, {5}, {2, 4}, {3}], [{8, 6}, {2, 7}, {1, 5}, {3, 4}], [{8, 6}, {2, 7}, {3, 5}, {1, 4}], [{8, 6}, {2, 7}, {4, 5}, {1, 3}], [{8, 6}, {2, 7}, {5}, {1, 4}, {3}], [{8, 6}, {3, 7}, {1, 5}, {2, 4}], [{8, 6}, {3, 7}, {2, 5}, {1, 4}], [{8, 6}, {3, 7}, {4, 5}, {1, 2}], [{8, 6}, {4, 7}, {1, 5}, {2, 3}], [{8, 6}, {4, 7}, {2, 5}, {1, 3}], [{8, 6}, {4, 7}, {3, 5}, {1, 2}], [{8, 6}, {5, 7}, {1, 4}, {2, 3}], [{8, 6}, {5, 7}, {1, 4}, {3}, {2}], [{8, 6}, {5, 7}, {2, 4}, {1, 3}], [{8, 6}, {5, 7}, {3, 4}, {1, 2}], [{8, 6}, {7}, {1, 5}, {3, 4}, {2}], [{8, 6}, {7}, {2, 5}, {1, 4}, {3}], [{8, 6}, {7}, {4, 5}, {3}, {1, 2}], [{8, 7}, {1, 6}, {2, 5}, {3, 4}], [{8, 7}, {1, 6}, {2, 5}, {4}, {3}], [{8, 7}, {1, 6}, {3, 5}, {2, 4}], [{8, 7}, {1, 6}, {3, 5}, {4}, {2}], [{8, 7}, {1, 6}, {4, 5}, {2, 3}], [{8, 7}, {1, 6}, {5}, {4}, {2, 3}], [{8, 7}, {2, 6}, {1, 5}, {3, 4}], [{8, 7}, {2, 6}, {3, 5}, {1, 4}], [{8, 7}, {2, 6}, {4, 5}, {1, 3}], [{8, 7}, {3, 6}, {1, 5}, {2, 4}], [{8, 7}, {3, 6}, {2, 5}, {1, 4}], [{8, 7}, {3, 6}, {4, 5}, {1, 2}], [{8, 7}, {4, 6}, {1, 5}, {2, 3}], [{8, 7}, {4, 6}, {2, 5}, {1, 3}], [{8, 7}, {4, 6}, {3, 5}, {1, 2}], [{8, 7}, {4, 6}, {5}, {2, 3}, {1}], [{8, 7}, {5, 6}, {1, 4}, {2, 3}], [{8, 7}, {5, 6}, {1, 4}, {3}, {2}], [{8, 7}, {5, 6}, {2, 4}, {1, 3}], [{8, 7}, {5, 6}, {3, 4}, {1, 2}], [{8, 7}, {5, 6}, {4}, {2, 3}, {1}], [{8, 7}, {6}, {1, 5}, {2, 4}, {3}], [{8, 7}, {6}, {1, 5}, {3, 4}, {2}], [{8, 7}, {6}, {1, 5}, {4}, {2, 3}], [{8, 7}, {6}, {4, 5}, {2, 3}, {1}], [{8, 7}, {6}, {5}, {1, 4}, {2, 3}], [{8, 7}, {6}, {5}, {4}, {2, 3}, {1}], [{8}, {1, 7}, {3, 6}, {5}, {2, 4}], [{8}, {1, 7}, {5, 6}, {2, 4}, {3}], [{8}, {1, 7}, {6}, {3, 5}, {2, 4}], [{8}, {1, 7}, {6}, {5}, {2, 4}, {3}], [{8}, {2, 7}, {1, 6}, {3, 5}, {4}], [{8}, {2, 7}, {3, 6}, {1, 5}, {4}], [{8}, {2, 7}, {4, 6}, {1, 5}, {3}], [{8}, {2, 7}, {5, 6}, {4}, {1, 3}], [{8}, {2, 7}, {6}, {1, 5}, {3, 4}], [{8}, {3, 7}, {2, 6}, {1, 5}, {4}], [{8}, {4, 7}, {2, 6}, {1, 5}, {3}], [{8}, {4, 7}, {2, 6}, {3, 5}, {1}], [{8}, {4, 7}, {2, 6}, {5}, {1, 3}], [{8}, {5, 7}, {2, 6}, {1, 4}, {3}], [{8}, {5, 7}, {4, 6}, {3}, {1, 2}], [{8}, {6, 7}, {1, 5}, {3, 4}, {2}], [{8}, {7}, {2, 6}, {1, 5}, {3, 4}], [{8}, {7}, {4, 6}, {2, 5}, {1, 3}], [{8}, {7}, {6}, {1, 5}, {3, 4}, {2}]]",2,- 16 K_1^4 + 24 K_1^3 + 16 K_1^2 K_2 - 8 K_1^2 - 16 K_1 K_2 - 4 K_1 K_3 - 10 K_1 + 6 K_2 + 2 K_3 + 7,O1O2O3O4U5U1U2O6O7U6O5U3U4O8U7U8,O1O2O3U4U5U1U2O6O7U6O4O5U3O8U7U8,O1O2O3U4U5O4U1O6O7U8O5O8U2U3U6U7,c,{'O1O2O3O4U5U6O5U1U2O7U8O6O8U3U4U7'},1,"<a href=""/flatknot/8.857770"">8.857770</a>",t^9-58t^7-220t^6-157t^5+230t^4+137t^3-136t^2+23t,0,,
8.857771,O1O2O3O4U5U6O5U1U2O7U8O6O8U4U7U3,4,4z^3+32z^2+73z+51,4w^4z^3-12w^4z^2+44w^3z^2-20w^3z+93w^2z+51w,False,False,"[[ 0 -2  0  2  1 -1 -1  0  1],[ 2  0  1  2  1  2  2  0  3],[ 0 -1  0  1  0  0  1  0  1],[-2 -2 -1  0 -1 -3 -1  0 -1],[-1 -1  0  1  0 -2 -1  0  0],[ 1 -2  0  3  2  0 -1  1  1],[ 1 -2 -1  1  1  1  0  1  1],[ 0  0  0  0  0 -1 -1  0  0],[-1 -3 -1  1  0 -1 -1  0  0]]","[[ 0  2  1  1  0  0 -1 -1 -2],[-2  0 -1 -1  0 -1 -1 -3 -2],[-1  1  0  0  0  0 -1 -2 -1],[-1  1  0  0  0 -1 -1 -1 -3],[ 0  0  0  0  0  0 -1 -1  0],[ 0  1  0  1  0  0  1  0 -1],[ 1  1  1  1  1 -1  0  1 -2],[ 1  3  2  1  1  0 -1  0 -2],[ 2  2  1  3  0  1  2  2  0]]",True,"[-2,-1,-1,0,0,1,1,2,1,1,0,1,1,3,2,0,0,0,1,2,1,0,1,1,1,3,0,1,1,0,-1,0,1,-1,2,2]","[-2,-1,-1,0,0,1,1,2,-1,-1,1,2,0,2,2,-1,2,0,1,1,2,1,0,1,0,0,0,0,1,1,1,1,2,0,0,0]",t^8+48t^6+246t^4+110t^2,"[-2,-1,-1,0,0,1,1,2,-1,-1,1,2,0,2,2,-1,2,0,1,1,2,1,0,1,0,0,0,0,1,1,1,1,2,0,0,0]","[-2,-1,-1,0,0,1,1,2,0,0,1,2,0,2,2,0,0,1,1,1,0,1,1,0,1,2,0,1,2,1,0,0,2,-1,-1,-1]","[-2,-1,-1,0,0,1,1,2,2,2,0,1,1,3,2,-1,1,0,2,1,3,1,-1,1,1,1,0,0,0,0,0,1,1,0,1,1]",c,"[[{8, 5}, {2, 7}, {4, 6}, {1, 3}], [{8, 5}, {7}, {4, 6}, {1, 3}, {2}]]",1,- 16 K_1^4 + 12 K_1^3 + 16 K_1^2 K_2 + 4 K_1^2 - 8 K_1 K_2 - 4 K_1 K_3 - 5 K_1 + K_3 + 1,O1O2O3O4U2U5U1O6O7U6O5U3U4O8U7U8,O1O2O3U4U5U3U1O6O7U6O4O5U2O8U7U8,O1O2O3U4U5O4U2O6O7U8O5O8U3U1U6U7,c,{'O1O2O3O4U5U6O5U1U2O7U8O6O8U4U7U3'},1,"<a href=""/flatknot/8.857771"">8.857771</a>",t^9-48t^7-158t^6-48t^5+288t^4+203t^3+46t^2+117t+60,0,,
8.857772,O1O2O3O4U5U6O5U1U3O7U2O6O8U4U8U7,4,z^3+13z^2+95z+147,w^4z^3+13w^3z^2+95w^2z+147w,False,False,"[[ 0 -2  0  1  1 -1 -1  1  1],[ 2  0  2  1  2  2  1  1  1],[ 0 -2  0  0  1  0  0  1  1],[-1 -1  0  0  0 -1  0  0  1],[-1 -2 -1  0  0 -2  0  1  1],[ 1 -2  0  1  2  0 -1  2  1],[ 1 -1  0  0  0  1  0  1  1],[-1 -1 -1  0 -1 -2 -1  0  0],[-1 -1 -1 -1 -1 -1 -1  0  0]]","[[ 0  1  1  1  1  0 -1 -1 -2],[-1  0  1  1  0 -1  0 -2 -2],[-1 -1  0  0  0 -1 -1 -2 -1],[-1 -1  0  0 -1 -1 -1 -1 -1],[-1  0  0  1  0  0  0 -1 -1],[ 0  1  1  1  0  0  0  0 -2],[ 1  0  1  1  0  0  0  1 -1],[ 1  2  2  1  1  0 -1  0 -2],[ 2  2  1  1  1  2  1  2  0]]",True,"[-1,-1,-1,-1,0,1,1,2,-1,-1,0,1,0,2,2,0,0,1,1,2,1,1,1,1,1,1,0,0,1,1,0,0,2,-1,1,2]","[-2,-1,-1,0,1,1,1,1,-1,0,0,1,2,2,2,1,1,0,0,1,1,1,2,1,1,2,0,0,0,1,-1,-1,0,0,0,1]",t^8+35t^6+106t^4+56t^2+4,"[-2,-1,-1,0,1,1,1,1,-1,0,0,1,2,2,2,1,1,0,0,1,1,1,2,1,1,2,0,0,0,1,-1,-1,0,0,0,1]","[-1,-1,-1,-1,0,1,1,2,-1,-1,0,0,1,1,2,0,0,1,1,2,2,1,0,0,2,1,0,0,1,2,1,1,0,-1,-1,0]","[-2,-1,-1,0,1,1,1,1,1,2,2,1,1,1,2,1,0,0,1,1,0,0,1,1,2,2,0,1,1,1,1,0,0,0,-1,-1]",c,"[[{8, 1}, {2, 7}, {3, 6}, {4, 5}], [{8, 1}, {2, 7}, {3, 6}, {5}, {4}], [{8, 1}, {2, 7}, {4, 6}, {3, 5}], [{8, 1}, {2, 7}, {5, 6}, {3, 4}], [{8, 1}, {2, 7}, {5, 6}, {4}, {3}], [{8, 1}, {2, 7}, {6}, {3, 5}, {4}], [{8, 1}, {3, 7}, {2, 6}, {4, 5}], [{8, 1}, {3, 7}, {2, 6}, {5}, {4}], [{8, 1}, {3, 7}, {4, 6}, {2, 5}], [{8, 1}, {3, 7}, {4, 6}, {5}, {2}], [{8, 1}, {3, 7}, {5, 6}, {2, 4}], [{8, 1}, {3, 7}, {6}, {5}, {2, 4}], [{8, 1}, {4, 7}, {2, 6}, {3, 5}], [{8, 1}, {4, 7}, {3, 6}, {2, 5}], [{8, 1}, {4, 7}, {5, 6}, {2, 3}], [{8, 1}, {5, 7}, {2, 6}, {3, 4}], [{8, 1}, {5, 7}, {3, 6}, {2, 4}], [{8, 1}, {5, 7}, {3, 6}, {4}, {2}], [{8, 1}, {5, 7}, {4, 6}, {2, 3}], [{8, 1}, {6, 7}, {2, 5}, {3, 4}], [{8, 1}, {6, 7}, {3, 5}, {2, 4}], [{8, 1}, {6, 7}, {4, 5}, {2, 3}], [{8, 1}, {7}, {3, 6}, {2, 5}, {4}], [{8, 1}, {7}, {6}, {4, 5}, {2, 3}], [{8, 2}, {1, 7}, {3, 6}, {4, 5}], [{8, 2}, {1, 7}, {4, 6}, {3, 5}], [{8, 2}, {1, 7}, {5, 6}, {3, 4}], [{8, 2}, {1, 7}, {6}, {3, 5}, {4}], [{8, 2}, {1, 7}, {6}, {4, 5}, {3}], [{8, 2}, {1, 7}, {6}, {5}, {3, 4}], [{8, 2}, {3, 7}, {1, 6}, {4, 5}], [{8, 2}, {3, 7}, {4, 6}, {1, 5}], [{8, 2}, {3, 7}, {5, 6}, {1, 4}], [{8, 2}, {4, 7}, {1, 6}, {3, 5}], [{8, 2}, {4, 7}, {3, 6}, {1, 5}], [{8, 2}, {4, 7}, {5, 6}, {1, 3}], [{8, 2}, {4, 7}, {5, 6}, {3}, {1}], [{8, 2}, {5, 7}, {1, 6}, {3, 4}], [{8, 2}, {5, 7}, {3, 6}, {1, 4}], [{8, 2}, {5, 7}, {4, 6}, {1, 3}], [{8, 2}, {5, 7}, {4, 6}, {3}, {1}], [{8, 2}, {6, 7}, {1, 5}, {3, 4}], [{8, 2}, {6, 7}, {3, 5}, {1, 4}], [{8, 2}, {6, 7}, {3, 5}, {4}, {1}], [{8, 2}, {6, 7}, {4, 5}, {1, 3}], [{8, 2}, {6, 7}, {5}, {1, 4}, {3}], [{8, 2}, {7}, {1, 6}, {3, 5}, {4}], [{8, 2}, {7}, {4, 6}, {5}, {1, 3}], [{8, 3}, {1, 7}, {2, 6}, {4, 5}], [{8, 3}, {1, 7}, {2, 6}, {5}, {4}], [{8, 3}, {1, 7}, {4, 6}, {2, 5}], [{8, 3}, {1, 7}, {4, 6}, {5}, {2}], [{8, 3}, {1, 7}, {5, 6}, {2, 4}], [{8, 3}, {1, 7}, {6}, {5}, {2, 4}], [{8, 3}, {2, 7}, {1, 6}, {4, 5}], [{8, 3}, {2, 7}, {4, 6}, {1, 5}], [{8, 3}, {2, 7}, {5, 6}, {1, 4}], [{8, 3}, {2, 7}, {6}, {4, 5}, {1}], [{8, 3}, {4, 7}, {1, 6}, {2, 5}], [{8, 3}, {4, 7}, {2, 6}, {1, 5}], [{8, 3}, {4, 7}, {5, 6}, {1, 2}], [{8, 3}, {4, 7}, {6}, {1, 5}, {2}], [{8, 3}, {5, 7}, {1, 6}, {2, 4}], [{8, 3}, {5, 7}, {2, 6}, {1, 4}], [{8, 3}, {5, 7}, {4, 6}, {1, 2}], [{8, 3}, {6, 7}, {1, 5}, {2, 4}], [{8, 3}, {6, 7}, {2, 5}, {1, 4}], [{8, 3}, {6, 7}, {4, 5}, {1, 2}], [{8, 3}, {7}, {5, 6}, {1, 4}, {2}], [{8, 4}, {1, 7}, {2, 6}, {3, 5}], [{8, 4}, {1, 7}, {3, 6}, {2, 5}], [{8, 4}, {1, 7}, {3, 6}, {5}, {2}], [{8, 4}, {1, 7}, {5, 6}, {2, 3}], [{8, 4}, {2, 7}, {1, 6}, {3, 5}], [{8, 4}, {2, 7}, {3, 6}, {1, 5}], [{8, 4}, {2, 7}, {5, 6}, {1, 3}], [{8, 4}, {2, 7}, {6}, {5}, {1, 3}], [{8, 4}, {3, 7}, {1, 6}, {2, 5}], [{8, 4}, {3, 7}, {2, 6}, {1, 5}], [{8, 4}, {3, 7}, {5, 6}, {1, 2}], [{8, 4}, {3, 7}, {5, 6}, {2}, {1}], [{8, 4}, {3, 7}, {6}, {5}, {1, 2}], [{8, 4}, {5, 7}, {1, 6}, {2, 3}], [{8, 4}, {5, 7}, {2, 6}, {1, 3}], [{8, 4}, {5, 7}, {3, 6}, {1, 2}], [{8, 4}, {5, 7}, {3, 6}, {2}, {1}], [{8, 4}, {6, 7}, {1, 5}, {2, 3}], [{8, 4}, {6, 7}, {2, 5}, {1, 3}], [{8, 4}, {6, 7}, {3, 5}, {1, 2}], [{8, 4}, {7}, {1, 6}, {2, 5}, {3}], [{8, 4}, {7}, {1, 6}, {3, 5}, {2}], [{8, 4}, {7}, {1, 6}, {5}, {2, 3}], [{8, 4}, {7}, {3, 6}, {1, 5}, {2}], [{8, 4}, {7}, {5, 6}, {3}, {1, 2}], [{8, 5}, {1, 7}, {2, 6}, {3, 4}], [{8, 5}, {1, 7}, {3, 6}, {2, 4}], [{8, 5}, {1, 7}, {4, 6}, {2, 3}], [{8, 5}, {1, 7}, {6}, {3, 4}, {2}], [{8, 5}, {2, 7}, {1, 6}, {3, 4}], [{8, 5}, {2, 7}, {3, 6}, {1, 4}], [{8, 5}, {2, 7}, {4, 6}, {1, 3}], [{8, 5}, {3, 7}, {1, 6}, {2, 4}], [{8, 5}, {3, 7}, {2, 6}, {1, 4}], [{8, 5}, {3, 7}, {4, 6}, {1, 2}], [{8, 5}, {4, 7}, {1, 6}, {2, 3}], [{8, 5}, {4, 7}, {2, 6}, {1, 3}], [{8, 5}, {4, 7}, {3, 6}, {1, 2}], [{8, 5}, {4, 7}, {6}, {1, 3}, {2}], [{8, 5}, {6, 7}, {1, 4}, {2, 3}], [{8, 5}, {6, 7}, {2, 4}, {1, 3}], [{8, 5}, {6, 7}, {3, 4}, {1, 2}], [{8, 5}, {7}, {2, 6}, {4}, {1, 3}], [{8, 5}, {7}, {4, 6}, {2, 3}, {1}], [{8, 6}, {1, 7}, {2, 5}, {3, 4}], [{8, 6}, {1, 7}, {3, 5}, {2, 4}], [{8, 6}, {1, 7}, {4, 5}, {2, 3}], [{8, 6}, {2, 7}, {1, 5}, {3, 4}], [{8, 6}, {2, 7}, {3, 5}, {1, 4}], [{8, 6}, {2, 7}, {3, 5}, {4}, {1}], [{8, 6}, {2, 7}, {4, 5}, {1, 3}], [{8, 6}, {2, 7}, {4, 5}, {3}, {1}], [{8, 6}, {2, 7}, {5}, {3, 4}, {1}], [{8, 6}, {3, 7}, {1, 5}, {2, 4}], [{8, 6}, {3, 7}, {2, 5}, {1, 4}], [{8, 6}, {3, 7}, {4, 5}, {1, 2}], [{8, 6}, {4, 7}, {1, 5}, {2, 3}], [{8, 6}, {4, 7}, {2, 5}, {1, 3}], [{8, 6}, {4, 7}, {3, 5}, {1, 2}], [{8, 6}, {5, 7}, {1, 4}, {2, 3}], [{8, 6}, {5, 7}, {2, 4}, {1, 3}], [{8, 6}, {5, 7}, {2, 4}, {3}, {1}], [{8, 6}, {5, 7}, {3, 4}, {1, 2}], [{8, 6}, {7}, {1, 5}, {3, 4}, {2}], [{8, 6}, {7}, {2, 5}, {4}, {1, 3}], [{8, 7}, {1, 6}, {2, 5}, {3, 4}], [{8, 7}, {1, 6}, {3, 5}, {2, 4}], [{8, 7}, {1, 6}, {3, 5}, {4}, {2}], [{8, 7}, {1, 6}, {4, 5}, {2, 3}], [{8, 7}, {2, 6}, {1, 5}, {3, 4}], [{8, 7}, {2, 6}, {3, 5}, {1, 4}], [{8, 7}, {2, 6}, {4, 5}, {1, 3}], [{8, 7}, {2, 6}, {5}, {4}, {1, 3}], [{8, 7}, {3, 6}, {1, 5}, {2, 4}], [{8, 7}, {3, 6}, {2, 5}, {1, 4}], [{8, 7}, {3, 6}, {4, 5}, {1, 2}], [{8, 7}, {3, 6}, {5}, {2, 4}, {1}], [{8, 7}, {4, 6}, {1, 5}, {2, 3}], [{8, 7}, {4, 6}, {2, 5}, {1, 3}], [{8, 7}, {4, 6}, {3, 5}, {1, 2}], [{8, 7}, {4, 6}, {5}, {3}, {1, 2}], [{8, 7}, {5, 6}, {1, 4}, {2, 3}], [{8, 7}, {5, 6}, {2, 4}, {1, 3}], [{8, 7}, {5, 6}, {3, 4}, {1, 2}], [{8}, {1, 7}, {6}, {2, 5}, {3, 4}], [{8}, {2, 7}, {1, 6}, {3, 5}, {4}], [{8}, {2, 7}, {3, 6}, {4, 5}, {1}], [{8}, {3, 7}, {2, 6}, {4, 5}, {1}], [{8}, {3, 7}, {6}, {2, 5}, {1, 4}], [{8}, {4, 7}, {1, 6}, {3, 5}, {2}], [{8}, {5, 7}, {2, 6}, {4}, {1, 3}], [{8}, {5, 7}, {3, 6}, {1, 4}, {2}], [{8}, {7}, {1, 6}, {3, 5}, {2, 4}], [{8}, {7}, {1, 6}, {3, 5}, {4}, {2}], [{8}, {7}, {2, 6}, {3, 5}, {1, 4}], [{8}, {7}, {4, 6}, {3, 5}, {1, 2}]]",2,8 K_1^3 - 38 K_1^2 - 20 K_1 K_2 + 4 K_1 + 19 K_2 + 8 K_3 + 20,O1O2O3O4U5U6U1O6O7U3O5U2U4O8U7U8,O1O2O3U4U5U6U1O7O8U7O4O6U3O5U8U2,O1O2O3U2U4O5U1O6O7U8O4O8U3U6U5U7,c,{'O1O2O3O4U5U6O5U1U3O7U2O6O8U4U8U7'},1,"<a href=""/flatknot/8.857772"">8.857772</a>",t^9-37t^7-98t^6+7t^5+148t^4-29t^3-56t^2+19t,t^2-2t,,
8.857773,O1O2O3O4U5U6O5U1U3O7U2O6O8U7U4U8,3,16z^2+87z+111,-2w^4z^2+18w^3z^2-4w^3z+91w^2z+111w,False,False,"[[ 0 -2  0  1  2 -1 -1 -1  2],[ 2  0  2  1  2  2  1  0  1],[ 0 -2  0  0  2  0  0  0  2],[-1 -1  0  0  0 -1  0 -1  1],[-2 -2 -2  0  0 -3  0 -1  2],[ 1 -2  0  1  3  0 -1  0  2],[ 1 -1  0  0  0  1  0 -1  1],[ 1  0  0  1  1  0  1  0  1],[-2 -1 -2 -1 -2 -2 -1 -1  0]]","[[ 0  2  2  1  0 -1 -1 -1 -2],[-2  0  2  0 -2  0 -1 -3 -2],[-2 -2  0 -1 -2 -1 -1 -2 -1],[-1  0  1  0  0  0 -1 -1 -1],[ 0  2  2  0  0  0  0  0 -2],[ 1  0  1  0  0  0 -1  1 -1],[ 1  1  1  1  0  1  0  0  0],[ 1  3  2  1  0 -1  0  0 -2],[ 2  2  1  1  2  1  0  2  0]]",True,"[-2,-2,-1,0,1,1,1,2,-2,0,2,0,1,3,2,1,2,1,1,2,1,0,0,1,1,1,0,0,0,2,1,-1,1,0,0,2]","[-2,-2,-1,0,1,1,1,2,-2,0,0,1,2,2,3,1,0,0,2,3,2,1,1,1,2,2,1,1,1,0,0,-1,-1,1,1,0]",t^8+48t^6+211t^4+134t^2,"[-2,-1,-1,-1,0,1,2,2,-1,0,1,0,2,2,3,1,0,1,1,0,1,1,1,2,3,2,1,1,2,2,1,0,0,1,0,-2]","[-2,-2,-1,0,1,1,1,2,-2,0,0,1,2,2,3,1,0,0,2,3,2,1,1,1,2,2,1,1,1,0,0,-1,-1,1,1,0]","[-2,-1,-1,-1,0,1,2,2,0,1,2,2,1,1,2,1,0,0,1,1,1,1,0,0,1,0,0,1,2,3,0,2,2,1,0,-2]",c,"[[{8, 1}, {2, 7}, {3, 6}, {4, 5}], [{8, 1}, {2, 7}, {3, 6}, {5}, {4}], [{8, 1}, {2, 7}, {4, 6}, {3, 5}], [{8, 1}, {2, 7}, {5, 6}, {3, 4}], [{8, 1}, {2, 7}, {6}, {4, 5}, {3}], [{8, 1}, {3, 7}, {2, 6}, {4, 5}], [{8, 1}, {3, 7}, {4, 6}, {2, 5}], [{8, 1}, {3, 7}, {5, 6}, {2, 4}], [{8, 1}, {4, 7}, {2, 6}, {3, 5}], [{8, 1}, {4, 7}, {2, 6}, {5}, {3}], [{8, 1}, {4, 7}, {3, 6}, {2, 5}], [{8, 1}, {4, 7}, {3, 6}, {5}, {2}], [{8, 1}, {4, 7}, {5, 6}, {2, 3}], [{8, 1}, {4, 7}, {5, 6}, {3}, {2}], [{8, 1}, {4, 7}, {6}, {2, 5}, {3}], [{8, 1}, {4, 7}, {6}, {3, 5}, {2}], [{8, 1}, {4, 7}, {6}, {5}, {2, 3}], [{8, 1}, {4, 7}, {6}, {5}, {3}, {2}], [{8, 1}, {5, 7}, {2, 6}, {3, 4}], [{8, 1}, {5, 7}, {3, 6}, {2, 4}], [{8, 1}, {5, 7}, {3, 6}, {4}, {2}], [{8, 1}, {5, 7}, {4, 6}, {2, 3}], [{8, 1}, {5, 7}, {6}, {2, 4}, {3}], [{8, 1}, {6, 7}, {2, 5}, {3, 4}], [{8, 1}, {6, 7}, {3, 5}, {2, 4}], [{8, 1}, {6, 7}, {3, 5}, {4}, {2}], [{8, 1}, {6, 7}, {4, 5}, {2, 3}], [{8, 1}, {7}, {3, 6}, {2, 5}, {4}], [{8, 1}, {7}, {3, 6}, {4, 5}, {2}], [{8, 1}, {7}, {3, 6}, {5}, {2, 4}], [{8, 1}, {7}, {4, 6}, {3, 5}, {2}], [{8, 2}, {1, 7}, {3, 6}, {4, 5}], [{8, 2}, {1, 7}, {4, 6}, {3, 5}], [{8, 2}, {1, 7}, {4, 6}, {5}, {3}], [{8, 2}, {1, 7}, {5, 6}, {3, 4}], [{8, 2}, {1, 7}, {6}, {3, 5}, {4}], [{8, 2}, {3, 7}, {1, 6}, {4, 5}], [{8, 2}, {3, 7}, {4, 6}, {1, 5}], [{8, 2}, {3, 7}, {5, 6}, {1, 4}], [{8, 2}, {4, 7}, {1, 6}, {3, 5}], [{8, 2}, {4, 7}, {3, 6}, {1, 5}], [{8, 2}, {4, 7}, {5, 6}, {1, 3}], [{8, 2}, {5, 7}, {1, 6}, {3, 4}], [{8, 2}, {5, 7}, {3, 6}, {1, 4}], [{8, 2}, {5, 7}, {4, 6}, {1, 3}], [{8, 2}, {5, 7}, {6}, {1, 4}, {3}], [{8, 2}, {6, 7}, {1, 5}, {3, 4}], [{8, 2}, {6, 7}, {3, 5}, {1, 4}], [{8, 2}, {6, 7}, {4, 5}, {1, 3}], [{8, 2}, {7}, {3, 6}, {4, 5}, {1}], [{8, 2}, {7}, {4, 6}, {3, 5}, {1}], [{8, 3}, {1, 7}, {2, 6}, {4, 5}], [{8, 3}, {1, 7}, {4, 6}, {2, 5}], [{8, 3}, {1, 7}, {4, 6}, {5}, {2}], [{8, 3}, {1, 7}, {5, 6}, {2, 4}], [{8, 3}, {2, 7}, {1, 6}, {4, 5}], [{8, 3}, {2, 7}, {4, 6}, {1, 5}], [{8, 3}, {2, 7}, {5, 6}, {1, 4}], [{8, 3}, {2, 7}, {6}, {1, 5}, {4}], [{8, 3}, {2, 7}, {6}, {4, 5}, {1}], [{8, 3}, {2, 7}, {6}, {5}, {1, 4}], [{8, 3}, {4, 7}, {1, 6}, {2, 5}], [{8, 3}, {4, 7}, {2, 6}, {1, 5}], [{8, 3}, {4, 7}, {5, 6}, {1, 2}], [{8, 3}, {5, 7}, {1, 6}, {2, 4}], [{8, 3}, {5, 7}, {2, 6}, {1, 4}], [{8, 3}, {5, 7}, {4, 6}, {1, 2}], [{8, 3}, {6, 7}, {1, 5}, {2, 4}], [{8, 3}, {6, 7}, {2, 5}, {1, 4}], [{8, 3}, {6, 7}, {4, 5}, {1, 2}], [{8, 4}, {1, 7}, {2, 6}, {3, 5}], [{8, 4}, {1, 7}, {3, 6}, {2, 5}], [{8, 4}, {1, 7}, {5, 6}, {2, 3}], [{8, 4}, {1, 7}, {6}, {3, 5}, {2}], [{8, 4}, {2, 7}, {1, 6}, {3, 5}], [{8, 4}, {2, 7}, {3, 6}, {1, 5}], [{8, 4}, {2, 7}, {3, 6}, {5}, {1}], [{8, 4}, {2, 7}, {5, 6}, {1, 3}], [{8, 4}, {3, 7}, {1, 6}, {2, 5}], [{8, 4}, {3, 7}, {2, 6}, {1, 5}], [{8, 4}, {3, 7}, {5, 6}, {1, 2}], [{8, 4}, {5, 7}, {1, 6}, {2, 3}], [{8, 4}, {5, 7}, {2, 6}, {1, 3}], [{8, 4}, {5, 7}, {3, 6}, {1, 2}], [{8, 4}, {6, 7}, {1, 5}, {2, 3}], [{8, 4}, {6, 7}, {2, 5}, {1, 3}], [{8, 4}, {6, 7}, {3, 5}, {1, 2}], [{8, 4}, {6, 7}, {3, 5}, {2}, {1}], [{8, 4}, {7}, {1, 6}, {3, 5}, {2}], [{8, 5}, {1, 7}, {2, 6}, {3, 4}], [{8, 5}, {1, 7}, {3, 6}, {2, 4}], [{8, 5}, {1, 7}, {4, 6}, {2, 3}], [{8, 5}, {1, 7}, {4, 6}, {3}, {2}], [{8, 5}, {2, 7}, {1, 6}, {3, 4}], [{8, 5}, {2, 7}, {3, 6}, {1, 4}], [{8, 5}, {2, 7}, {3, 6}, {4}, {1}], [{8, 5}, {2, 7}, {4, 6}, {1, 3}], [{8, 5}, {3, 7}, {1, 6}, {2, 4}], [{8, 5}, {3, 7}, {2, 6}, {1, 4}], [{8, 5}, {3, 7}, {4, 6}, {1, 2}], [{8, 5}, {3, 7}, {6}, {1, 4}, {2}], [{8, 5}, {4, 7}, {1, 6}, {2, 3}], [{8, 5}, {4, 7}, {2, 6}, {1, 3}], [{8, 5}, {4, 7}, {2, 6}, {3}, {1}], [{8, 5}, {4, 7}, {3, 6}, {1, 2}], [{8, 5}, {6, 7}, {1, 4}, {2, 3}], [{8, 5}, {6, 7}, {2, 4}, {1, 3}], [{8, 5}, {6, 7}, {3, 4}, {1, 2}], [{8, 6}, {1, 7}, {2, 5}, {3, 4}], [{8, 6}, {1, 7}, {3, 5}, {2, 4}], [{8, 6}, {1, 7}, {3, 5}, {4}, {2}], [{8, 6}, {1, 7}, {4, 5}, {2, 3}], [{8, 6}, {2, 7}, {1, 5}, {3, 4}], [{8, 6}, {2, 7}, {1, 5}, {4}, {3}], [{8, 6}, {2, 7}, {3, 5}, {1, 4}], [{8, 6}, {2, 7}, {4, 5}, {1, 3}], [{8, 6}, {2, 7}, {4, 5}, {3}, {1}], [{8, 6}, {2, 7}, {5}, {1, 4}, {3}], [{8, 6}, {3, 7}, {1, 5}, {2, 4}], [{8, 6}, {3, 7}, {2, 5}, {1, 4}], [{8, 6}, {3, 7}, {4, 5}, {1, 2}], [{8, 6}, {3, 7}, {5}, {1, 4}, {2}], [{8, 6}, {4, 7}, {1, 5}, {2, 3}], [{8, 6}, {4, 7}, {2, 5}, {1, 3}], [{8, 6}, {4, 7}, {3, 5}, {1, 2}], [{8, 6}, {4, 7}, {3, 5}, {2}, {1}], [{8, 6}, {5, 7}, {1, 4}, {2, 3}], [{8, 6}, {5, 7}, {1, 4}, {3}, {2}], [{8, 6}, {5, 7}, {2, 4}, {1, 3}], [{8, 6}, {5, 7}, {3, 4}, {1, 2}], [{8, 6}, {7}, {2, 5}, {1, 4}, {3}], [{8, 6}, {7}, {3, 5}, {1, 4}, {2}], [{8, 6}, {7}, {5}, {1, 4}, {2, 3}], [{8, 6}, {7}, {5}, {1, 4}, {3}, {2}], [{8, 7}, {1, 6}, {2, 5}, {3, 4}], [{8, 7}, {1, 6}, {3, 5}, {2, 4}], [{8, 7}, {1, 6}, {3, 5}, {4}, {2}], [{8, 7}, {1, 6}, {4, 5}, {2, 3}], [{8, 7}, {2, 6}, {1, 5}, {3, 4}], [{8, 7}, {2, 6}, {3, 5}, {1, 4}], [{8, 7}, {2, 6}, {4, 5}, {1, 3}], [{8, 7}, {3, 6}, {1, 5}, {2, 4}], [{8, 7}, {3, 6}, {2, 5}, {1, 4}], [{8, 7}, {3, 6}, {4, 5}, {1, 2}], [{8, 7}, {3, 6}, {4, 5}, {2}, {1}], [{8, 7}, {4, 6}, {1, 5}, {2, 3}], [{8, 7}, {4, 6}, {2, 5}, {1, 3}], [{8, 7}, {4, 6}, {3, 5}, {1, 2}], [{8, 7}, {4, 6}, {3, 5}, {2}, {1}], [{8, 7}, {5, 6}, {1, 4}, {2, 3}], [{8, 7}, {5, 6}, {2, 4}, {1, 3}], [{8, 7}, {5, 6}, {3, 4}, {1, 2}], [{8, 7}, {5, 6}, {4}, {1, 3}, {2}], [{8, 7}, {6}, {1, 5}, {4}, {2, 3}], [{8, 7}, {6}, {3, 5}, {1, 4}, {2}], [{8}, {1, 7}, {2, 6}, {3, 5}, {4}], [{8}, {1, 7}, {3, 6}, {4, 5}, {2}], [{8}, {1, 7}, {4, 6}, {2, 5}, {3}], [{8}, {1, 7}, {4, 6}, {3, 5}, {2}], [{8}, {1, 7}, {4, 6}, {5}, {2, 3}], [{8}, {1, 7}, {4, 6}, {5}, {3}, {2}], [{8}, {1, 7}, {5, 6}, {3, 4}, {2}], [{8}, {1, 7}, {6}, {3, 5}, {2, 4}], [{8}, {1, 7}, {6}, {3, 5}, {4}, {2}], [{8}, {2, 7}, {1, 6}, {4, 5}, {3}], [{8}, {2, 7}, {3, 6}, {1, 5}, {4}], [{8}, {2, 7}, {3, 6}, {4, 5}, {1}], [{8}, {2, 7}, {3, 6}, {5}, {1, 4}], [{8}, {2, 7}, {3, 6}, {5}, {4}, {1}], [{8}, {2, 7}, {4, 6}, {3, 5}, {1}], [{8}, {2, 7}, {5, 6}, {3, 4}, {1}], [{8}, {2, 7}, {6}, {4, 5}, {1, 3}], [{8}, {2, 7}, {6}, {4, 5}, {3}, {1}], [{8}, {3, 7}, {1, 6}, {2, 5}, {4}], [{8}, {3, 7}, {2, 6}, {4, 5}, {1}], [{8}, {3, 7}, {4, 6}, {1, 5}, {2}], [{8}, {3, 7}, {5, 6}, {1, 4}, {2}], [{8}, {4, 7}, {1, 6}, {3, 5}, {2}], [{8}, {4, 7}, {2, 6}, {1, 5}, {3}], [{8}, {4, 7}, {3, 6}, {2, 5}, {1}], [{8}, {5, 7}, {2, 6}, {1, 4}, {3}], [{8}, {5, 7}, {3, 6}, {2, 4}, {1}], [{8}, {5, 7}, {4, 6}, {1, 3}, {2}], [{8}, {6, 7}, {1, 5}, {3, 4}, {2}], [{8}, {6, 7}, {3, 5}, {1, 4}, {2}], [{8}, {6, 7}, {4, 5}, {2, 3}, {1}], [{8}, {7}, {3, 6}, {4, 5}, {1, 2}], [{8}, {7}, {3, 6}, {4, 5}, {2}, {1}], [{8}, {7}, {4, 6}, {3, 5}, {1, 2}], [{8}, {7}, {4, 6}, {3, 5}, {2}, {1}], [{8}, {7}, {5, 6}, {3, 4}, {1, 2}]]",2,- 8 K_1^4 + 16 K_1^3 + 12 K_1^2 K_2 - 18 K_1^2 - 16 K_1 K_2 - 4 K_1 K_3 - 4 K_1 - 2 K_2^2 + 9 K_2 + 4 K_3 + K_4 + 11,O1O2O3O4U5U1U6O5O7U3O6U2U4O8U7U8,O1O2O3U4U5U6U2O7O8U7O4O6U1O5U8U3,O1O2O3U1U4O5U3O6O7U8O4O8U2U6U5U7,c,{'O1O2O3O4U5U6O5U1U3O7U2O6O8U7U4U8'},1,"<a href=""/flatknot/8.857773"">8.857773</a>",t^9-46t^7-128t^6+64t^5+376t^4+148t^3-44t^2-16t,-t^2+2t,,
8.857774,O1O2O3O4U5U6O5U1U3O7U2O6O8U7U8U4,4,2z^3+31z^2+110z+113,2w^4z^3+31w^3z^2+110w^2z+113w,False,False,"[[ 0 -2  0  1  3 -1 -1 -1  1],[ 2  0  2  1  2  2  1  0  0],[ 0 -2  0  0  2  0  0  0  1],[-1 -1  0  0  0 -1  0 -1  0],[-3 -2 -2  0  0 -4 -1 -2  1],[ 1 -2  0  1  4  0 -1  0  1],[ 1 -1  0  0  1  1  0 -1  0],[ 1  0  0  1  2  0  1  0  1],[-1  0 -1  0 -1 -1  0 -1  0]]","[[ 0  3  1  1  0 -1 -1 -1 -2],[-3  0  1  0 -2 -1 -2 -4 -2],[-1 -1  0  0 -1  0 -1 -1  0],[-1  0  0  0  0  0 -1 -1 -1],[ 0  2  1  0  0  0  0  0 -2],[ 1  1  0  0  0  0 -1  1 -1],[ 1  2  1  1  0  1  0  0  0],[ 1  4  1  1  0 -1  0  0 -2],[ 2  2  0  1  2  1  0  2  0]]",True,"[-3,-1,-1,0,1,1,1,2,-1,0,2,1,2,4,2,0,1,0,1,1,0,0,0,1,1,1,0,0,0,2,1,-1,1,0,0,2]","[-3,-1,-1,0,1,1,1,2,-1,0,2,1,2,4,2,0,1,0,1,1,0,0,0,1,1,1,0,0,0,2,1,-1,1,0,0,2]",t^8+47t^6+206t^4+177t^2+4,"[-2,-1,-1,-1,0,1,1,3,-1,0,1,0,2,3,3,1,0,1,1,1,0,1,1,2,2,3,1,1,1,2,1,0,1,0,2,3]","[-3,-1,-1,0,1,1,1,2,2,3,1,0,2,3,3,0,1,1,1,2,2,0,1,1,2,3,1,1,1,0,0,-1,-1,1,1,0]","[-2,-1,-1,-1,0,1,1,3,0,1,2,2,0,1,2,1,0,0,1,1,2,1,0,0,0,1,0,1,1,4,1,0,2,0,-1,0]",c,"[[{8, 1}, {2, 7}, {3, 6}, {4, 5}], [{8, 1}, {2, 7}, {4, 6}, {3, 5}], [{8, 1}, {2, 7}, {5, 6}, {3, 4}], [{8, 1}, {3, 7}, {2, 6}, {4, 5}], [{8, 1}, {3, 7}, {2, 6}, {5}, {4}], [{8, 1}, {3, 7}, {4, 6}, {2, 5}], [{8, 1}, {3, 7}, {5, 6}, {2, 4}], [{8, 1}, {4, 7}, {2, 6}, {3, 5}], [{8, 1}, {4, 7}, {3, 6}, {2, 5}], [{8, 1}, {4, 7}, {5, 6}, {2, 3}], [{8, 1}, {5, 7}, {2, 6}, {3, 4}], [{8, 1}, {5, 7}, {3, 6}, {2, 4}], [{8, 1}, {5, 7}, {4, 6}, {2, 3}], [{8, 1}, {6, 7}, {2, 5}, {3, 4}], [{8, 1}, {6, 7}, {3, 5}, {2, 4}], [{8, 1}, {6, 7}, {4, 5}, {2, 3}], [{8, 1}, {6, 7}, {5}, {3, 4}, {2}], [{8, 2}, {1, 7}, {3, 6}, {4, 5}], [{8, 2}, {1, 7}, {4, 6}, {3, 5}], [{8, 2}, {1, 7}, {4, 6}, {5}, {3}], [{8, 2}, {1, 7}, {5, 6}, {3, 4}], [{8, 2}, {3, 7}, {1, 6}, {4, 5}], [{8, 2}, {3, 7}, {4, 6}, {1, 5}], [{8, 2}, {3, 7}, {5, 6}, {1, 4}], [{8, 2}, {3, 7}, {6}, {5}, {1, 4}], [{8, 2}, {4, 7}, {1, 6}, {3, 5}], [{8, 2}, {4, 7}, {1, 6}, {5}, {3}], [{8, 2}, {4, 7}, {3, 6}, {1, 5}], [{8, 2}, {4, 7}, {5, 6}, {1, 3}], [{8, 2}, {5, 7}, {1, 6}, {3, 4}], [{8, 2}, {5, 7}, {3, 6}, {1, 4}], [{8, 2}, {5, 7}, {4, 6}, {1, 3}], [{8, 2}, {5, 7}, {6}, {1, 4}, {3}], [{8, 2}, {6, 7}, {1, 5}, {3, 4}], [{8, 2}, {6, 7}, {3, 5}, {1, 4}], [{8, 2}, {6, 7}, {4, 5}, {1, 3}], [{8, 2}, {6, 7}, {5}, {1, 4}, {3}], [{8, 2}, {7}, {3, 6}, {1, 5}, {4}], [{8, 2}, {7}, {3, 6}, {4, 5}, {1}], [{8, 2}, {7}, {3, 6}, {5}, {1, 4}], [{8, 2}, {7}, {5, 6}, {1, 4}, {3}], [{8, 2}, {7}, {6}, {3, 5}, {1, 4}], [{8, 2}, {7}, {6}, {5}, {1, 4}, {3}], [{8, 3}, {1, 7}, {2, 6}, {4, 5}], [{8, 3}, {1, 7}, {4, 6}, {2, 5}], [{8, 3}, {1, 7}, {5, 6}, {2, 4}], [{8, 3}, {1, 7}, {6}, {5}, {2, 4}], [{8, 3}, {2, 7}, {1, 6}, {4, 5}], [{8, 3}, {2, 7}, {4, 6}, {1, 5}], [{8, 3}, {2, 7}, {5, 6}, {1, 4}], [{8, 3}, {2, 7}, {5, 6}, {4}, {1}], [{8, 3}, {4, 7}, {1, 6}, {2, 5}], [{8, 3}, {4, 7}, {2, 6}, {1, 5}], [{8, 3}, {4, 7}, {5, 6}, {1, 2}], [{8, 3}, {5, 7}, {1, 6}, {2, 4}], [{8, 3}, {5, 7}, {2, 6}, {1, 4}], [{8, 3}, {5, 7}, {4, 6}, {1, 2}], [{8, 3}, {6, 7}, {1, 5}, {2, 4}], [{8, 3}, {6, 7}, {2, 5}, {1, 4}], [{8, 3}, {6, 7}, {4, 5}, {1, 2}], [{8, 3}, {7}, {2, 6}, {5}, {1, 4}], [{8, 4}, {1, 7}, {2, 6}, {3, 5}], [{8, 4}, {1, 7}, {3, 6}, {2, 5}], [{8, 4}, {1, 7}, {5, 6}, {2, 3}], [{8, 4}, {2, 7}, {1, 6}, {3, 5}], [{8, 4}, {2, 7}, {3, 6}, {1, 5}], [{8, 4}, {2, 7}, {5, 6}, {1, 3}], [{8, 4}, {3, 7}, {1, 6}, {2, 5}], [{8, 4}, {3, 7}, {2, 6}, {1, 5}], [{8, 4}, {3, 7}, {2, 6}, {5}, {1}], [{8, 4}, {3, 7}, {5, 6}, {1, 2}], [{8, 4}, {5, 7}, {1, 6}, {2, 3}], [{8, 4}, {5, 7}, {2, 6}, {1, 3}], [{8, 4}, {5, 7}, {3, 6}, {1, 2}], [{8, 4}, {6, 7}, {1, 5}, {2, 3}], [{8, 4}, {6, 7}, {2, 5}, {1, 3}], [{8, 4}, {6, 7}, {3, 5}, {1, 2}], [{8, 5}, {1, 7}, {2, 6}, {3, 4}], [{8, 5}, {1, 7}, {3, 6}, {2, 4}], [{8, 5}, {1, 7}, {4, 6}, {2, 3}], [{8, 5}, {2, 7}, {1, 6}, {3, 4}], [{8, 5}, {2, 7}, {1, 6}, {4}, {3}], [{8, 5}, {2, 7}, {3, 6}, {1, 4}], [{8, 5}, {2, 7}, {4, 6}, {1, 3}], [{8, 5}, {3, 7}, {1, 6}, {2, 4}], [{8, 5}, {3, 7}, {2, 6}, {1, 4}], [{8, 5}, {3, 7}, {4, 6}, {1, 2}], [{8, 5}, {4, 7}, {1, 6}, {2, 3}], [{8, 5}, {4, 7}, {2, 6}, {1, 3}], [{8, 5}, {4, 7}, {3, 6}, {1, 2}], [{8, 5}, {6, 7}, {1, 4}, {2, 3}], [{8, 5}, {6, 7}, {2, 4}, {1, 3}], [{8, 5}, {6, 7}, {3, 4}, {1, 2}], [{8, 5}, {6, 7}, {4}, {3}, {1, 2}], [{8, 5}, {7}, {2, 6}, {1, 4}, {3}], [{8, 6}, {1, 7}, {2, 5}, {3, 4}], [{8, 6}, {1, 7}, {3, 5}, {2, 4}], [{8, 6}, {1, 7}, {3, 5}, {4}, {2}], [{8, 6}, {1, 7}, {4, 5}, {2, 3}], [{8, 6}, {2, 7}, {1, 5}, {3, 4}], [{8, 6}, {2, 7}, {3, 5}, {1, 4}], [{8, 6}, {2, 7}, {4, 5}, {1, 3}], [{8, 6}, {2, 7}, {5}, {1, 4}, {3}], [{8, 6}, {3, 7}, {1, 5}, {2, 4}], [{8, 6}, {3, 7}, {1, 5}, {4}, {2}], [{8, 6}, {3, 7}, {2, 5}, {1, 4}], [{8, 6}, {3, 7}, {4, 5}, {1, 2}], [{8, 6}, {3, 7}, {4, 5}, {2}, {1}], [{8, 6}, {3, 7}, {5}, {1, 4}, {2}], [{8, 6}, {4, 7}, {1, 5}, {2, 3}], [{8, 6}, {4, 7}, {2, 5}, {1, 3}], [{8, 6}, {4, 7}, {3, 5}, {1, 2}], [{8, 6}, {4, 7}, {3, 5}, {2}, {1}], [{8, 6}, {5, 7}, {1, 4}, {2, 3}], [{8, 6}, {5, 7}, {1, 4}, {3}, {2}], [{8, 6}, {5, 7}, {2, 4}, {1, 3}], [{8, 6}, {5, 7}, {3, 4}, {1, 2}], [{8, 6}, {7}, {2, 5}, {1, 4}, {3}], [{8, 6}, {7}, {3, 5}, {1, 4}, {2}], [{8, 6}, {7}, {5}, {1, 4}, {2, 3}], [{8, 6}, {7}, {5}, {1, 4}, {3}, {2}], [{8, 7}, {1, 6}, {2, 5}, {3, 4}], [{8, 7}, {1, 6}, {3, 5}, {2, 4}], [{8, 7}, {1, 6}, {3, 5}, {4}, {2}], [{8, 7}, {1, 6}, {4, 5}, {2, 3}], [{8, 7}, {2, 6}, {1, 5}, {3, 4}], [{8, 7}, {2, 6}, {3, 5}, {1, 4}], [{8, 7}, {2, 6}, {4, 5}, {1, 3}], [{8, 7}, {2, 6}, {5}, {1, 4}, {3}], [{8, 7}, {3, 6}, {1, 5}, {2, 4}], [{8, 7}, {3, 6}, {2, 5}, {1, 4}], [{8, 7}, {3, 6}, {4, 5}, {1, 2}], [{8, 7}, {4, 6}, {1, 5}, {2, 3}], [{8, 7}, {4, 6}, {2, 5}, {1, 3}], [{8, 7}, {4, 6}, {3, 5}, {1, 2}], [{8, 7}, {4, 6}, {3, 5}, {2}, {1}], [{8, 7}, {5, 6}, {1, 4}, {2, 3}], [{8, 7}, {5, 6}, {2, 4}, {1, 3}], [{8, 7}, {5, 6}, {3, 4}, {1, 2}], [{8, 7}, {6}, {3, 5}, {1, 4}, {2}], [{8, 7}, {6}, {4, 5}, {2, 3}, {1}], [{8}, {2, 7}, {6}, {3, 5}, {1, 4}], [{8}, {3, 7}, {2, 6}, {5}, {1, 4}], [{8}, {3, 7}, {4, 6}, {2, 5}, {1}], [{8}, {3, 7}, {6}, {1, 5}, {2, 4}], [{8}, {4, 7}, {3, 6}, {2, 5}, {1}], [{8}, {5, 7}, {1, 6}, {4}, {2, 3}], [{8}, {5, 7}, {2, 6}, {1, 4}, {3}], [{8}, {5, 7}, {4, 6}, {3}, {1, 2}], [{8}, {6, 7}, {1, 5}, {4}, {2, 3}], [{8}, {6, 7}, {2, 5}, {3, 4}, {1}], [{8}, {6, 7}, {3, 5}, {1, 4}, {2}], [{8}, {6, 7}, {4, 5}, {1, 3}, {2}], [{8}, {7}, {2, 6}, {3, 5}, {1, 4}], [{8}, {7}, {2, 6}, {5}, {1, 4}, {3}]]",2,4 K_1^2 K_2 - 10 K_1^2 - 6 K_1 K_2 - 4 K_1 K_3 + 3 K_1 + 5 K_2 + 3 K_3 + K_4 + 5,O1O2O3O4U1U5U6O5O7U3O6U2U4O8U7U8,O1O2O3U4U5U6U3O7O8U7O4O6U1O5U8U2,O1O2O3U2U4O5U3O6O7U8O4O8U1U6U5U7,c,{'O1O2O3O4U5U6O5U1U3O7U2O6O8U7U8U4'},1,"<a href=""/flatknot/8.857774"">8.857774</a>",t^9-43t^7-98t^6+107t^5+190t^4-99t^3-82t^2+2t,-t^3+t^2+t,,
8.857775,O1O2O3O4U5U6O5U1U3O7U4O6O8U2U7U8,4,2z^3+30z^2+109z+115,2w^4z^3+30w^3z^2+109w^2z+115w,False,False,"[[ 0 -2 -1  1  2 -1 -1  0  2],[ 2  0  2  1  2  2  1  1  1],[ 1 -2  0  0  2  0  0  1  2],[-1 -1  0  0  1 -1 -1  0  0],[-2 -2 -2 -1  0 -2 -1  0  1],[ 1 -2  0  1  2  0 -1  1  2],[ 1 -1  0  1  1  1  0  0  1],[ 0 -1 -1  0  0 -1  0  0  1],[-2 -1 -2  0 -1 -2 -1 -1  0]]","[[ 0  2  2  1  0 -1 -1 -1 -2],[-2  0  1 -1  0 -1 -2 -2 -2],[-2 -1  0  0 -1 -1 -2 -2 -1],[-1  1  0  0  0 -1  0 -1 -1],[ 0  0  1  0  0  0 -1 -1 -1],[ 1  1  1  1  0  0  0  1 -1],[ 1  2  2  0  1  0  0  0 -2],[ 1  2  2  1  1 -1  0  0 -2],[ 2  2  1  1  1  1  2  2  0]]",True,"[-2,-2,-1,0,1,1,1,2,-1,1,0,1,2,2,2,0,1,1,2,2,1,0,1,0,1,1,0,1,1,1,0,-1,1,0,2,2]","[-2,-2,-1,0,1,1,1,2,-1,1,0,1,2,2,2,0,1,1,2,2,1,0,1,0,1,1,0,1,1,1,0,-1,1,0,2,2]",t^8+42t^6+109t^4+36t^2,"[-2,-1,-1,-1,0,1,2,2,-1,-1,0,1,2,2,3,0,0,0,2,1,1,1,0,1,1,1,1,1,2,2,1,2,1,0,1,-1]","[-2,-2,-1,0,1,1,1,2,-1,1,1,1,1,2,3,0,2,1,1,2,2,1,1,2,1,2,0,0,1,1,0,-1,-1,0,-1,0]","[-2,-1,-1,-1,0,1,2,2,1,2,2,1,1,1,2,0,1,0,1,1,1,0,1,0,2,2,1,1,2,2,0,1,0,0,1,-1]",c,"[[{8, 1}, {2, 7}, {3, 6}, {4, 5}], [{8, 1}, {2, 7}, {4, 6}, {3, 5}], [{8, 1}, {2, 7}, {5, 6}, {3, 4}], [{8, 1}, {2, 7}, {6}, {4, 5}, {3}], [{8, 1}, {3, 7}, {2, 6}, {4, 5}], [{8, 1}, {3, 7}, {4, 6}, {2, 5}], [{8, 1}, {3, 7}, {5, 6}, {2, 4}], [{8, 1}, {3, 7}, {6}, {2, 5}, {4}], [{8, 1}, {3, 7}, {6}, {4, 5}, {2}], [{8, 1}, {3, 7}, {6}, {5}, {2, 4}], [{8, 1}, {4, 7}, {2, 6}, {3, 5}], [{8, 1}, {4, 7}, {2, 6}, {5}, {3}], [{8, 1}, {4, 7}, {3, 6}, {2, 5}], [{8, 1}, {4, 7}, {3, 6}, {5}, {2}], [{8, 1}, {4, 7}, {5, 6}, {2, 3}], [{8, 1}, {4, 7}, {6}, {5}, {2, 3}], [{8, 1}, {5, 7}, {2, 6}, {3, 4}], [{8, 1}, {5, 7}, {3, 6}, {2, 4}], [{8, 1}, {5, 7}, {4, 6}, {2, 3}], [{8, 1}, {5, 7}, {6}, {2, 4}, {3}], [{8, 1}, {5, 7}, {6}, {3, 4}, {2}], [{8, 1}, {5, 7}, {6}, {4}, {2, 3}], [{8, 1}, {6, 7}, {2, 5}, {3, 4}], [{8, 1}, {6, 7}, {3, 5}, {2, 4}], [{8, 1}, {6, 7}, {4, 5}, {2, 3}], [{8, 1}, {6, 7}, {5}, {4}, {2, 3}], [{8, 1}, {7}, {2, 6}, {3, 5}, {4}], [{8, 1}, {7}, {4, 6}, {2, 5}, {3}], [{8, 1}, {7}, {4, 6}, {3, 5}, {2}], [{8, 1}, {7}, {4, 6}, {5}, {2, 3}], [{8, 1}, {7}, {5, 6}, {4}, {2, 3}], [{8, 1}, {7}, {6}, {3, 5}, {2, 4}], [{8, 1}, {7}, {6}, {4, 5}, {2, 3}], [{8, 2}, {1, 7}, {3, 6}, {4, 5}], [{8, 2}, {1, 7}, {4, 6}, {3, 5}], [{8, 2}, {1, 7}, {5, 6}, {3, 4}], [{8, 2}, {1, 7}, {5, 6}, {4}, {3}], [{8, 2}, {3, 7}, {1, 6}, {4, 5}], [{8, 2}, {3, 7}, {4, 6}, {1, 5}], [{8, 2}, {3, 7}, {5, 6}, {1, 4}], [{8, 2}, {3, 7}, {6}, {1, 5}, {4}], [{8, 2}, {3, 7}, {6}, {4, 5}, {1}], [{8, 2}, {3, 7}, {6}, {5}, {1, 4}], [{8, 2}, {4, 7}, {1, 6}, {3, 5}], [{8, 2}, {4, 7}, {3, 6}, {1, 5}], [{8, 2}, {4, 7}, {5, 6}, {1, 3}], [{8, 2}, {4, 7}, {6}, {1, 5}, {3}], [{8, 2}, {4, 7}, {6}, {3, 5}, {1}], [{8, 2}, {4, 7}, {6}, {5}, {1, 3}], [{8, 2}, {5, 7}, {1, 6}, {3, 4}], [{8, 2}, {5, 7}, {1, 6}, {4}, {3}], [{8, 2}, {5, 7}, {3, 6}, {1, 4}], [{8, 2}, {5, 7}, {4, 6}, {1, 3}], [{8, 2}, {6, 7}, {1, 5}, {3, 4}], [{8, 2}, {6, 7}, {1, 5}, {4}, {3}], [{8, 2}, {6, 7}, {3, 5}, {1, 4}], [{8, 2}, {6, 7}, {4, 5}, {1, 3}], [{8, 2}, {7}, {3, 6}, {1, 5}, {4}], [{8, 2}, {7}, {4, 6}, {1, 5}, {3}], [{8, 2}, {7}, {6}, {1, 5}, {3, 4}], [{8, 2}, {7}, {6}, {1, 5}, {4}, {3}], [{8, 3}, {1, 7}, {2, 6}, {4, 5}], [{8, 3}, {1, 7}, {2, 6}, {5}, {4}], [{8, 3}, {1, 7}, {4, 6}, {2, 5}], [{8, 3}, {1, 7}, {5, 6}, {2, 4}], [{8, 3}, {1, 7}, {6}, {4, 5}, {2}], [{8, 3}, {2, 7}, {1, 6}, {4, 5}], [{8, 3}, {2, 7}, {4, 6}, {1, 5}], [{8, 3}, {2, 7}, {5, 6}, {1, 4}], [{8, 3}, {4, 7}, {1, 6}, {2, 5}], [{8, 3}, {4, 7}, {2, 6}, {1, 5}], [{8, 3}, {4, 7}, {5, 6}, {1, 2}], [{8, 3}, {5, 7}, {1, 6}, {2, 4}], [{8, 3}, {5, 7}, {2, 6}, {1, 4}], [{8, 3}, {5, 7}, {4, 6}, {1, 2}], [{8, 3}, {5, 7}, {6}, {1, 4}, {2}], [{8, 3}, {6, 7}, {1, 5}, {2, 4}], [{8, 3}, {6, 7}, {2, 5}, {1, 4}], [{8, 3}, {6, 7}, {4, 5}, {1, 2}], [{8, 3}, {7}, {6}, {1, 5}, {2, 4}], [{8, 4}, {1, 7}, {2, 6}, {3, 5}], [{8, 4}, {1, 7}, {3, 6}, {2, 5}], [{8, 4}, {1, 7}, {3, 6}, {5}, {2}], [{8, 4}, {1, 7}, {5, 6}, {2, 3}], [{8, 4}, {2, 7}, {1, 6}, {3, 5}], [{8, 4}, {2, 7}, {3, 6}, {1, 5}], [{8, 4}, {2, 7}, {5, 6}, {1, 3}], [{8, 4}, {3, 7}, {1, 6}, {2, 5}], [{8, 4}, {3, 7}, {2, 6}, {1, 5}], [{8, 4}, {3, 7}, {5, 6}, {1, 2}], [{8, 4}, {3, 7}, {6}, {2, 5}, {1}], [{8, 4}, {5, 7}, {1, 6}, {2, 3}], [{8, 4}, {5, 7}, {2, 6}, {1, 3}], [{8, 4}, {5, 7}, {3, 6}, {1, 2}], [{8, 4}, {6, 7}, {1, 5}, {2, 3}], [{8, 4}, {6, 7}, {2, 5}, {1, 3}], [{8, 4}, {6, 7}, {3, 5}, {1, 2}], [{8, 4}, {7}, {1, 6}, {2, 5}, {3}], [{8, 4}, {7}, {6}, {1, 5}, {2, 3}], [{8, 5}, {1, 7}, {2, 6}, {3, 4}], [{8, 5}, {1, 7}, {3, 6}, {2, 4}], [{8, 5}, {1, 7}, {4, 6}, {2, 3}], [{8, 5}, {1, 7}, {6}, {2, 4}, {3}], [{8, 5}, {1, 7}, {6}, {3, 4}, {2}], [{8, 5}, {1, 7}, {6}, {4}, {2, 3}], [{8, 5}, {2, 7}, {1, 6}, {3, 4}], [{8, 5}, {2, 7}, {3, 6}, {1, 4}], [{8, 5}, {2, 7}, {4, 6}, {1, 3}], [{8, 5}, {3, 7}, {1, 6}, {2, 4}], [{8, 5}, {3, 7}, {2, 6}, {1, 4}], [{8, 5}, {3, 7}, {4, 6}, {1, 2}], [{8, 5}, {3, 7}, {6}, {1, 4}, {2}], [{8, 5}, {4, 7}, {1, 6}, {2, 3}], [{8, 5}, {4, 7}, {2, 6}, {1, 3}], [{8, 5}, {4, 7}, {3, 6}, {1, 2}], [{8, 5}, {6, 7}, {1, 4}, {2, 3}], [{8, 5}, {6, 7}, {2, 4}, {1, 3}], [{8, 5}, {6, 7}, {3, 4}, {1, 2}], [{8, 5}, {7}, {3, 6}, {4}, {1, 2}], [{8, 6}, {1, 7}, {2, 5}, {3, 4}], [{8, 6}, {1, 7}, {3, 5}, {2, 4}], [{8, 6}, {1, 7}, {4, 5}, {2, 3}], [{8, 6}, {2, 7}, {1, 5}, {3, 4}], [{8, 6}, {2, 7}, {3, 5}, {1, 4}], [{8, 6}, {2, 7}, {4, 5}, {1, 3}], [{8, 6}, {3, 7}, {1, 5}, {2, 4}], [{8, 6}, {3, 7}, {2, 5}, {1, 4}], [{8, 6}, {3, 7}, {4, 5}, {1, 2}], [{8, 6}, {3, 7}, {4, 5}, {2}, {1}], [{8, 6}, {4, 7}, {1, 5}, {2, 3}], [{8, 6}, {4, 7}, {2, 5}, {1, 3}], [{8, 6}, {4, 7}, {3, 5}, {1, 2}], [{8, 6}, {5, 7}, {1, 4}, {2, 3}], [{8, 6}, {5, 7}, {2, 4}, {1, 3}], [{8, 6}, {5, 7}, {3, 4}, {1, 2}], [{8, 6}, {7}, {1, 5}, {3, 4}, {2}], [{8, 7}, {1, 6}, {2, 5}, {3, 4}], [{8, 7}, {1, 6}, {3, 5}, {2, 4}], [{8, 7}, {1, 6}, {4, 5}, {2, 3}], [{8, 7}, {1, 6}, {5}, {4}, {2, 3}], [{8, 7}, {2, 6}, {1, 5}, {3, 4}], [{8, 7}, {2, 6}, {3, 5}, {1, 4}], [{8, 7}, {2, 6}, {4, 5}, {1, 3}], [{8, 7}, {2, 6}, {5}, {1, 4}, {3}], [{8, 7}, {3, 6}, {1, 5}, {2, 4}], [{8, 7}, {3, 6}, {2, 5}, {1, 4}], [{8, 7}, {3, 6}, {4, 5}, {1, 2}], [{8, 7}, {3, 6}, {5}, {1, 4}, {2}], [{8, 7}, {4, 6}, {1, 5}, {2, 3}], [{8, 7}, {4, 6}, {2, 5}, {1, 3}], [{8, 7}, {4, 6}, {2, 5}, {3}, {1}], [{8, 7}, {4, 6}, {3, 5}, {1, 2}], [{8, 7}, {4, 6}, {3, 5}, {2}, {1}], [{8, 7}, {4, 6}, {5}, {2, 3}, {1}], [{8, 7}, {5, 6}, {1, 4}, {2, 3}], [{8, 7}, {5, 6}, {2, 4}, {1, 3}], [{8, 7}, {5, 6}, {3, 4}, {1, 2}], [{8, 7}, {5, 6}, {4}, {3}, {1, 2}], [{8, 7}, {6}, {1, 5}, {3, 4}, {2}], [{8, 7}, {6}, {5}, {1, 4}, {2, 3}], [{8, 7}, {6}, {5}, {2, 4}, {1, 3}], [{8}, {1, 7}, {4, 6}, {2, 5}, {3}], [{8}, {1, 7}, {4, 6}, {3, 5}, {2}], [{8}, {1, 7}, {4, 6}, {5}, {2, 3}], [{8}, {2, 7}, {6}, {1, 5}, {3, 4}], [{8}, {3, 7}, {1, 6}, {4, 5}, {2}], [{8}, {3, 7}, {2, 6}, {4, 5}, {1}], [{8}, {3, 7}, {6}, {2, 5}, {1, 4}], [{8}, {3, 7}, {6}, {4, 5}, {1, 2}], [{8}, {5, 7}, {4, 6}, {3}, {1, 2}], [{8}, {6, 7}, {1, 5}, {3, 4}, {2}], [{8}, {6, 7}, {2, 5}, {3, 4}, {1}], [{8}, {6, 7}, {4, 5}, {1, 3}, {2}], [{8}, {6, 7}, {5}, {3, 4}, {1, 2}], [{8}, {7}, {2, 6}, {1, 5}, {3, 4}], [{8}, {7}, {5, 6}, {2, 4}, {1, 3}], [{8}, {7}, {6}, {1, 5}, {3, 4}, {2}]]",2,16 K_1^3 - 16 K_1^2 - 20 K_1 K_2 - 2 K_1 K_3 - 2 K_1 - 2 K_2^2 + 9 K_2 + 6 K_3 + 2 K_4 + 10,O1O2O3O4U5U6U3O5O7U1O6U2U4O8U7U8,O1O2O3U4U1U5U6O7O8U7O4O5U2O6U8U3,O1O2O3U1U4O5U2O6O7U8O4O8U5U6U3U7,c,{'O1O2O3O4U5U6O5U1U3O7U4O6O8U2U7U8'},1,"<a href=""/flatknot/8.857775"">8.857775</a>",t^9-40t^7-134t^6-112t^5+116t^4+318t^3+276t^2+85t-6,-t^2+2t,,
8.857776,O1O2O3O4U5U6O5U1U3O7U4O6O8U2U8U7,3,21z^2+100z+117,-2w^4z^2+23w^3z^2+100w^2z+117w,False,False,"[[ 0 -2 -1  1  2 -1 -1  1  1],[ 2  0  2  1  2  2  1  1  1],[ 1 -2  0  0  2  0  0  2  1],[-1 -1  0  0  1 -1 -1  0  0],[-2 -2 -2 -1  0 -2 -1  0  0],[ 1 -2  0  1  2  0 -1  2  1],[ 1 -1  0  1  1  1  0  1  1],[-1 -1 -2  0  0 -2 -1  0  0],[-1 -1 -1  0  0 -1 -1  0  0]]","[[ 0  2  1  1  1 -1 -1 -1 -2],[-2  0  0  0 -1 -1 -2 -2 -2],[-1  0  0  0  0 -1 -1 -1 -1],[-1  0  0  0  0 -1 -2 -2 -1],[-1  1  0  0  0 -1  0 -1 -1],[ 1  1  1  1  1  0  0  1 -1],[ 1  2  1  2  0  0  0  0 -2],[ 1  2  1  2  1 -1  0  0 -2],[ 2  2  1  1  1  1  2  2  0]]",True,"[-2,-1,-1,-1,1,1,1,2,0,0,1,1,2,2,2,0,0,1,1,1,1,0,1,2,2,1,1,0,1,1,0,-1,1,0,2,2]","[-2,-1,-1,-1,1,1,1,2,-1,-1,0,2,2,2,2,0,0,0,1,2,1,1,0,1,1,1,1,1,1,2,0,0,1,0,1,0]",t^8+41t^6+90t^4+33t^2,"[-2,-1,-1,-1,1,1,1,2,-1,-1,0,2,2,2,2,0,0,0,1,2,1,1,0,1,1,1,1,1,1,2,0,0,1,0,1,0]","[-2,-1,-1,-1,1,1,1,2,0,1,1,1,1,2,2,0,0,1,2,1,2,0,0,0,1,2,1,1,1,2,0,-1,-1,0,-1,0]","[-2,-1,-1,-1,1,1,1,2,1,2,2,1,1,1,2,0,1,1,1,1,1,0,0,1,2,2,1,1,2,2,0,0,1,0,0,0]",c,"[[{8, 2}, {5, 7}, {3, 6}, {1, 4}], [{8, 5}, {2, 7}, {3, 6}, {1, 4}]]",1,- 8 K_1^2 - 8 K_1 K_2 + 4 K_1 + 4 K_2 + 4 K_3 + 5,O1O2O3O4U5U6U3O6O7U1O5U2U4O8U7U8,O1O2O3U4U1U5U6O7O8U7O4O5U3O6U8U2,O1O2O3U2U4O5U1O6O7U8O4O8U5U6U3U7,c,{'O1O2O3O4U5U6O5U1U3O7U4O6O8U2U8U7'},1,"<a href=""/flatknot/8.857776"">8.857776</a>",t^9-41t^7-114t^6-24t^5+144t^4+81t^3-10t^2,0,,
8.857777,O1O2O3O4U5U6O5U1U3O7U4O6O8U7U2U8,4,3z^3+28z^2+96z+105,3w^4z^3+28w^3z^2-8w^3z+104w^2z+105w,False,False,"[[ 0 -2  0  1  2 -1 -1 -1  2],[ 2  0  2  1  2  2  1  0  1],[ 0 -2  0  0  1 -1  0  0  2],[-1 -1  0  0  1 -1 -1  0  0],[-2 -2 -1 -1  0 -2 -1  0  1],[ 1 -2  1  1  2  0 -1  0  2],[ 1 -1  0  1  1  1  0 -1  1],[ 1  0  0  0  0  0  1  0  1],[-2 -1 -2  0 -1 -2 -1 -1  0]]","[[ 0  2  2  1  0 -1 -1 -1 -2],[-2  0  1 -1 -1  0 -1 -2 -2],[-2 -1  0  0 -2 -1 -1 -2 -1],[-1  1  0  0  0  0 -1 -1 -1],[ 0  1  2  0  0  0  0 -1 -2],[ 1  0  1  0  0  0  1  0  0],[ 1  1  1  1  0 -1  0  1 -1],[ 1  2  2  1  1  0 -1  0 -2],[ 2  2  1  1  2  0  1  2  0]]",True,"[-2,-2,-1,0,1,1,1,2,-1,1,1,0,1,2,2,0,2,1,1,2,1,0,0,1,1,1,0,0,1,2,-1,0,0,-1,1,2]","[-2,-2,-1,0,1,1,1,2,-1,1,0,1,2,2,3,0,1,1,2,3,2,1,1,1,2,2,0,1,1,0,-1,0,-1,-1,0,1]",t^8+38t^6+144t^4+56t^2+1,"[-2,-1,-1,-1,0,1,2,2,-1,0,1,0,2,2,3,1,0,0,1,1,1,1,1,1,2,2,1,2,3,2,1,1,0,0,1,-1]","[-2,-2,-1,0,1,1,1,2,-1,1,0,1,2,2,3,0,1,1,2,3,2,1,1,1,2,2,0,1,1,0,-1,0,-1,-1,0,1]","[-2,-1,-1,-1,0,1,2,2,0,1,2,2,1,1,2,1,0,0,0,1,0,1,0,1,1,1,1,1,2,2,0,2,1,0,1,-1]",c,"[[{8, 1}, {2, 7}, {3, 6}, {4, 5}], [{8, 1}, {2, 7}, {4, 6}, {3, 5}], [{8, 1}, {2, 7}, {5, 6}, {3, 4}], [{8, 1}, {2, 7}, {6}, {4, 5}, {3}], [{8, 1}, {3, 7}, {2, 6}, {4, 5}], [{8, 1}, {3, 7}, {4, 6}, {2, 5}], [{8, 1}, {3, 7}, {4, 6}, {5}, {2}], [{8, 1}, {3, 7}, {5, 6}, {2, 4}], [{8, 1}, {3, 7}, {5, 6}, {4}, {2}], [{8, 1}, {3, 7}, {6}, {4, 5}, {2}], [{8, 1}, {4, 7}, {2, 6}, {3, 5}], [{8, 1}, {4, 7}, {3, 6}, {2, 5}], [{8, 1}, {4, 7}, {3, 6}, {5}, {2}], [{8, 1}, {4, 7}, {5, 6}, {2, 3}], [{8, 1}, {5, 7}, {2, 6}, {3, 4}], [{8, 1}, {5, 7}, {3, 6}, {2, 4}], [{8, 1}, {5, 7}, {3, 6}, {4}, {2}], [{8, 1}, {5, 7}, {4, 6}, {2, 3}], [{8, 1}, {6, 7}, {2, 5}, {3, 4}], [{8, 1}, {6, 7}, {3, 5}, {2, 4}], [{8, 1}, {6, 7}, {4, 5}, {2, 3}], [{8, 1}, {6, 7}, {4, 5}, {3}, {2}], [{8, 1}, {7}, {2, 6}, {4, 5}, {3}], [{8, 1}, {7}, {3, 6}, {4, 5}, {2}], [{8, 1}, {7}, {6}, {4, 5}, {2, 3}], [{8, 1}, {7}, {6}, {4, 5}, {3}, {2}], [{8, 2}, {1, 7}, {3, 6}, {4, 5}], [{8, 2}, {1, 7}, {4, 6}, {3, 5}], [{8, 2}, {1, 7}, {5, 6}, {3, 4}], [{8, 2}, {3, 7}, {1, 6}, {4, 5}], [{8, 2}, {3, 7}, {4, 6}, {1, 5}], [{8, 2}, {3, 7}, {5, 6}, {1, 4}], [{8, 2}, {3, 7}, {5, 6}, {4}, {1}], [{8, 2}, {4, 7}, {1, 6}, {3, 5}], [{8, 2}, {4, 7}, {3, 6}, {1, 5}], [{8, 2}, {4, 7}, {5, 6}, {1, 3}], [{8, 2}, {5, 7}, {1, 6}, {3, 4}], [{8, 2}, {5, 7}, {3, 6}, {1, 4}], [{8, 2}, {5, 7}, {4, 6}, {1, 3}], [{8, 2}, {6, 7}, {1, 5}, {3, 4}], [{8, 2}, {6, 7}, {3, 5}, {1, 4}], [{8, 2}, {6, 7}, {4, 5}, {1, 3}], [{8, 2}, {6, 7}, {5}, {1, 4}, {3}], [{8, 2}, {7}, {6}, {1, 5}, {3, 4}], [{8, 3}, {1, 7}, {2, 6}, {4, 5}], [{8, 3}, {1, 7}, {2, 6}, {5}, {4}], [{8, 3}, {1, 7}, {4, 6}, {2, 5}], [{8, 3}, {1, 7}, {5, 6}, {2, 4}], [{8, 3}, {2, 7}, {1, 6}, {4, 5}], [{8, 3}, {2, 7}, {4, 6}, {1, 5}], [{8, 3}, {2, 7}, {5, 6}, {1, 4}], [{8, 3}, {2, 7}, {6}, {1, 5}, {4}], [{8, 3}, {4, 7}, {1, 6}, {2, 5}], [{8, 3}, {4, 7}, {2, 6}, {1, 5}], [{8, 3}, {4, 7}, {5, 6}, {1, 2}], [{8, 3}, {4, 7}, {6}, {1, 5}, {2}], [{8, 3}, {5, 7}, {1, 6}, {2, 4}], [{8, 3}, {5, 7}, {2, 6}, {1, 4}], [{8, 3}, {5, 7}, {2, 6}, {4}, {1}], [{8, 3}, {5, 7}, {4, 6}, {1, 2}], [{8, 3}, {6, 7}, {1, 5}, {2, 4}], [{8, 3}, {6, 7}, {1, 5}, {4}, {2}], [{8, 3}, {6, 7}, {2, 5}, {1, 4}], [{8, 3}, {6, 7}, {4, 5}, {1, 2}], [{8, 3}, {7}, {2, 6}, {1, 5}, {4}], [{8, 3}, {7}, {4, 6}, {1, 5}, {2}], [{8, 3}, {7}, {6}, {1, 5}, {2, 4}], [{8, 3}, {7}, {6}, {1, 5}, {4}, {2}], [{8, 4}, {1, 7}, {2, 6}, {3, 5}], [{8, 4}, {1, 7}, {3, 6}, {2, 5}], [{8, 4}, {1, 7}, {3, 6}, {5}, {2}], [{8, 4}, {1, 7}, {5, 6}, {2, 3}], [{8, 4}, {2, 7}, {1, 6}, {3, 5}], [{8, 4}, {2, 7}, {3, 6}, {1, 5}], [{8, 4}, {2, 7}, {5, 6}, {1, 3}], [{8, 4}, {2, 7}, {6}, {1, 5}, {3}], [{8, 4}, {3, 7}, {1, 6}, {2, 5}], [{8, 4}, {3, 7}, {1, 6}, {5}, {2}], [{8, 4}, {3, 7}, {2, 6}, {1, 5}], [{8, 4}, {3, 7}, {5, 6}, {1, 2}], [{8, 4}, {3, 7}, {5, 6}, {2}, {1}], [{8, 4}, {3, 7}, {6}, {1, 5}, {2}], [{8, 4}, {5, 7}, {1, 6}, {2, 3}], [{8, 4}, {5, 7}, {2, 6}, {1, 3}], [{8, 4}, {5, 7}, {3, 6}, {1, 2}], [{8, 4}, {5, 7}, {3, 6}, {2}, {1}], [{8, 4}, {6, 7}, {1, 5}, {2, 3}], [{8, 4}, {6, 7}, {1, 5}, {3}, {2}], [{8, 4}, {6, 7}, {2, 5}, {1, 3}], [{8, 4}, {6, 7}, {3, 5}, {1, 2}], [{8, 4}, {7}, {2, 6}, {1, 5}, {3}], [{8, 4}, {7}, {3, 6}, {1, 5}, {2}], [{8, 4}, {7}, {6}, {1, 5}, {2, 3}], [{8, 4}, {7}, {6}, {1, 5}, {3}, {2}], [{8, 5}, {1, 7}, {2, 6}, {3, 4}], [{8, 5}, {1, 7}, {3, 6}, {2, 4}], [{8, 5}, {1, 7}, {3, 6}, {4}, {2}], [{8, 5}, {1, 7}, {4, 6}, {2, 3}], [{8, 5}, {1, 7}, {6}, {2, 4}, {3}], [{8, 5}, {2, 7}, {1, 6}, {3, 4}], [{8, 5}, {2, 7}, {3, 6}, {1, 4}], [{8, 5}, {2, 7}, {3, 6}, {4}, {1}], [{8, 5}, {2, 7}, {4, 6}, {1, 3}], [{8, 5}, {2, 7}, {6}, {1, 4}, {3}], [{8, 5}, {3, 7}, {1, 6}, {2, 4}], [{8, 5}, {3, 7}, {1, 6}, {4}, {2}], [{8, 5}, {3, 7}, {2, 6}, {1, 4}], [{8, 5}, {3, 7}, {4, 6}, {1, 2}], [{8, 5}, {3, 7}, {4, 6}, {2}, {1}], [{8, 5}, {3, 7}, {6}, {1, 4}, {2}], [{8, 5}, {4, 7}, {1, 6}, {2, 3}], [{8, 5}, {4, 7}, {2, 6}, {1, 3}], [{8, 5}, {4, 7}, {3, 6}, {1, 2}], [{8, 5}, {4, 7}, {3, 6}, {2}, {1}], [{8, 5}, {4, 7}, {6}, {3}, {1, 2}], [{8, 5}, {6, 7}, {1, 4}, {2, 3}], [{8, 5}, {6, 7}, {1, 4}, {3}, {2}], [{8, 5}, {6, 7}, {2, 4}, {1, 3}], [{8, 5}, {6, 7}, {3, 4}, {1, 2}], [{8, 5}, {7}, {2, 6}, {1, 4}, {3}], [{8, 5}, {7}, {3, 6}, {1, 4}, {2}], [{8, 5}, {7}, {3, 6}, {2, 4}, {1}], [{8, 5}, {7}, {3, 6}, {4}, {1, 2}], [{8, 5}, {7}, {6}, {1, 4}, {2, 3}], [{8, 5}, {7}, {6}, {1, 4}, {3}, {2}], [{8, 6}, {1, 7}, {2, 5}, {3, 4}], [{8, 6}, {1, 7}, {3, 5}, {2, 4}], [{8, 6}, {1, 7}, {4, 5}, {2, 3}], [{8, 6}, {1, 7}, {5}, {4}, {2, 3}], [{8, 6}, {2, 7}, {1, 5}, {3, 4}], [{8, 6}, {2, 7}, {3, 5}, {1, 4}], [{8, 6}, {2, 7}, {4, 5}, {1, 3}], [{8, 6}, {3, 7}, {1, 5}, {2, 4}], [{8, 6}, {3, 7}, {1, 5}, {4}, {2}], [{8, 6}, {3, 7}, {2, 5}, {1, 4}], [{8, 6}, {3, 7}, {4, 5}, {1, 2}], [{8, 6}, {3, 7}, {4, 5}, {2}, {1}], [{8, 6}, {3, 7}, {5}, {1, 4}, {2}], [{8, 6}, {4, 7}, {1, 5}, {2, 3}], [{8, 6}, {4, 7}, {1, 5}, {3}, {2}], [{8, 6}, {4, 7}, {2, 5}, {1, 3}], [{8, 6}, {4, 7}, {3, 5}, {1, 2}], [{8, 6}, {5, 7}, {1, 4}, {2, 3}], [{8, 6}, {5, 7}, {2, 4}, {1, 3}], [{8, 6}, {5, 7}, {3, 4}, {1, 2}], [{8, 6}, {7}, {1, 5}, {3, 4}, {2}], [{8, 7}, {1, 6}, {2, 5}, {3, 4}], [{8, 7}, {1, 6}, {2, 5}, {4}, {3}], [{8, 7}, {1, 6}, {3, 5}, {2, 4}], [{8, 7}, {1, 6}, {4, 5}, {2, 3}], [{8, 7}, {2, 6}, {1, 5}, {3, 4}], [{8, 7}, {2, 6}, {3, 5}, {1, 4}], [{8, 7}, {2, 6}, {4, 5}, {1, 3}], [{8, 7}, {3, 6}, {1, 5}, {2, 4}], [{8, 7}, {3, 6}, {1, 5}, {4}, {2}], [{8, 7}, {3, 6}, {2, 5}, {1, 4}], [{8, 7}, {3, 6}, {4, 5}, {1, 2}], [{8, 7}, {3, 6}, {4, 5}, {2}, {1}], [{8, 7}, {3, 6}, {5}, {1, 4}, {2}], [{8, 7}, {4, 6}, {1, 5}, {2, 3}], [{8, 7}, {4, 6}, {1, 5}, {3}, {2}], [{8, 7}, {4, 6}, {2, 5}, {1, 3}], [{8, 7}, {4, 6}, {3, 5}, {1, 2}], [{8, 7}, {5, 6}, {1, 4}, {2, 3}], [{8, 7}, {5, 6}, {2, 4}, {1, 3}], [{8, 7}, {5, 6}, {3, 4}, {1, 2}], [{8, 7}, {6}, {1, 5}, {3, 4}, {2}], [{8}, {1, 7}, {3, 6}, {4, 5}, {2}], [{8}, {1, 7}, {4, 6}, {3, 5}, {2}], [{8}, {2, 7}, {6}, {1, 5}, {3, 4}], [{8}, {3, 7}, {1, 6}, {4, 5}, {2}], [{8}, {3, 7}, {4, 6}, {1, 5}, {2}], [{8}, {3, 7}, {5, 6}, {1, 4}, {2}], [{8}, {3, 7}, {5, 6}, {2, 4}, {1}], [{8}, {3, 7}, {5, 6}, {4}, {1, 2}], [{8}, {4, 7}, {1, 6}, {3, 5}, {2}], [{8}, {4, 7}, {3, 6}, {1, 5}, {2}], [{8}, {4, 7}, {5, 6}, {1, 3}, {2}], [{8}, {5, 7}, {3, 6}, {1, 4}, {2}], [{8}, {5, 7}, {4, 6}, {1, 3}, {2}], [{8}, {5, 7}, {4, 6}, {2, 3}, {1}], [{8}, {5, 7}, {4, 6}, {3}, {1, 2}], [{8}, {6, 7}, {1, 5}, {3, 4}, {2}], [{8}, {6, 7}, {2, 5}, {1, 4}, {3}], [{8}, {6, 7}, {2, 5}, {3, 4}, {1}], [{8}, {6, 7}, {2, 5}, {4}, {1, 3}], [{8}, {6, 7}, {4, 5}, {2, 3}, {1}], [{8}, {6, 7}, {5}, {3, 4}, {1, 2}], [{8}, {7}, {2, 6}, {1, 5}, {3, 4}], [{8}, {7}, {6}, {1, 5}, {3, 4}, {2}]]",2,8 K_1^3 - 8 K_1^2 - 12 K_1 K_2 - 6 K_1 K_3 - 2 K_2^2 + 7 K_2 + 4 K_3 + 4 K_4 + 6,O1O2O3O4U5U3U6O5O7U1O6U2U4O8U7U8,O1O2O3U4U2U5U6O7O8U7O4O5U1O6U8U3,O1O2O3U1U4O5U3O6O7U8O4O8U5U6U2U7,c,{'O1O2O3O4U5U6O5U1U3O7U4O6O8U7U2U8'},1,"<a href=""/flatknot/8.857777"">8.857777</a>",t^9-36t^7-120t^6-77t^5+234t^4+400t^3+44t^2-284t-156,-t^2+2t,,
8.857778,O1O2O3O4U5U6O5U1U3O7U4O6O8U7U8U2,4,2z^3+25z^2+102z+121,2w^4z^3+25w^3z^2+102w^2z+121w,False,False,"[[ 0 -2  1  1  2 -1 -1 -1  1],[ 2  0  2  1  2  2  1  0  0],[-1 -2  0  0  1 -2 -1 -1  1],[-1 -1  0  0  1 -1 -1  0  0],[-2 -2 -1 -1  0 -2 -1  0  1],[ 1 -2  2  1  2  0 -1  0  1],[ 1 -1  1  1  1  1  0 -1  0],[ 1  0  1  0  0  0  1  0  1],[-1  0 -1  0 -1 -1  0 -1  0]]","[[ 0  2  1  1  1 -1 -1 -1 -2],[-2  0  1 -1 -1  0 -1 -2 -2],[-1 -1  0  0 -1 -1  0 -1  0],[-1  1  0  0  0  0 -1 -1 -1],[-1  1  1  0  0 -1 -1 -2 -2],[ 1  0  1  0  1  0  1  0  0],[ 1  1  0  1  1 -1  0  1 -1],[ 1  2  1  1  2  0 -1  0 -2],[ 2  2  0  1  2  0  1  2  0]]",True,"[-2,-1,-1,-1,1,1,1,2,-1,1,1,0,1,2,2,0,1,1,0,1,0,0,0,1,1,1,1,1,2,2,-1,0,0,-1,1,2]","[-2,-1,-1,-1,1,1,1,2,-1,0,1,1,2,3,2,1,0,0,1,1,1,1,1,1,2,2,1,2,1,3,0,-1,0,0,0,2]",t^8+35t^6+121t^4+69t^2+1,"[-2,-1,-1,-1,1,1,1,2,-1,0,1,1,2,3,2,1,0,0,1,1,1,1,1,1,2,2,1,2,1,3,0,-1,0,0,0,2]","[-2,-1,-1,-1,1,1,1,2,0,0,2,1,2,3,2,0,0,1,1,2,2,1,0,1,1,1,1,2,1,3,-1,0,-1,-1,0,1]","[-2,-1,-1,-1,1,1,1,2,0,1,2,0,1,2,2,1,0,1,0,1,0,1,0,1,1,1,1,1,2,2,0,-1,-1,0,1,1]",c,"[[{8, 5}, {2, 7}, {3, 6}, {1, 4}]]",1,8 K_1^3 + 8 K_1^2 K_2 - 22 K_1^2 - 12 K_1 K_2 - 6 K_1 K_3 - 2 K_2^2 + 10 K_2 + 4 K_3 + 2 K_4 + 11,O1O2O3O4U3U5U6O5O7U1O6U2U4O8U7U8,O1O2O3U4U3U5U6O7O8U7O4O5U1O6U8U2,O1O2O3U2U4O5U3O6O7U8O4O8U5U6U1U7,c,{'O1O2O3O4U5U6O5U1U3O7U4O6O8U7U8U2'},1,"<a href=""/flatknot/8.857778"">8.857778</a>",t^9-35t^7-104t^6-47t^5+138t^4+163t^3+86t^2+8t-60,0,,
8.857779,O1O2O3O4U5U6O5U1U3O7U8O6O8U2U7U4,4,9z^3+55z^2+113z+79,9w^4z^3+55w^3z^2+113w^2z+79w,False,False,"[[ 0 -2 -1  1  3 -1 -1  0  1],[ 2  0  1  1  2  2  2  0  3],[ 1 -1  0  1  3  0  0  0  2],[-1 -1 -1  0  0 -1  0 -1  0],[-3 -2 -3  0  0 -4 -2 -1 -2],[ 1 -2  0  1  4  0 -1  1  1],[ 1 -2  0  0  2  1  0  1  1],[ 0  0  0  1  1 -1 -1  0  0],[-1 -3 -2  0  2 -1 -1  0  0]]","[[ 0  3  1  1  0 -1 -1 -1 -2],[-3  0  0 -2 -1 -2 -3 -4 -2],[-1  0  0  0 -1  0 -1 -1 -1],[-1  2  0  0  0 -1 -2 -1 -3],[ 0  1  1  0  0 -1  0 -1  0],[ 1  2  0  1  1  0  0  1 -2],[ 1  3  1  2  0  0  0  0 -1],[ 1  4  1  1  1 -1  0  0 -2],[ 2  2  1  3  0  2  1  2  0]]",True,"[-3,-1,-1,0,1,1,1,2,0,2,1,2,3,4,2,0,1,0,1,1,1,0,1,2,1,3,1,0,1,0,0,-1,2,0,1,2]","[-3,-1,-1,0,1,1,1,2,0,2,1,2,3,4,2,0,1,0,1,1,1,0,1,2,1,3,1,0,1,0,0,-1,2,0,1,2]",t^8+69t^6+375t^4+79t^2+4,"[-2,-1,-1,-1,0,1,1,3,-1,-1,0,2,0,2,3,-1,0,0,1,2,2,0,0,1,1,0,1,0,1,1,1,0,2,0,0,2]","[-3,-1,-1,0,1,1,1,2,0,2,2,0,1,2,3,0,1,1,0,1,0,0,1,1,2,2,0,1,0,2,0,-1,-1,0,0,-1]","[-2,-1,-1,-1,0,1,1,3,1,2,2,0,1,3,2,0,0,0,1,2,3,-1,1,1,1,4,1,0,1,2,1,0,1,0,0,2]",c,"[[{8, 2}, {1, 7}, {4, 6}, {3, 5}], [{8, 2}, {4, 7}, {1, 6}, {3, 5}], [{8, 2}, {6, 7}, {3, 5}, {1, 4}], [{8, 2}, {7}, {1, 6}, {3, 5}, {4}], [{8, 2}, {7}, {4, 6}, {3, 5}, {1}], [{8, 2}, {7}, {6}, {3, 5}, {1, 4}]]",1,4 K_1^3 + 8 K_1^2 K_2 - 10 K_1^2 - 6 K_1 K_2 - 4 K_1 K_3 + 3 K_2 + 2 K_3 + 4,O1O2O3O4U1U5U3O6O7U6O5U2U4O8U7U8,O1O2O3U4U1U5U3O6O7U6O4O5U2O8U7U8,O1O2O3U4U5O4U2O6O7U8O5O8U1U6U3U7,c,{'O1O2O3O4U5U6O5U1U3O7U8O6O8U2U7U4'},1,"<a href=""/flatknot/8.857779"">8.857779</a>",t^9-65t^7-226t^6+12t^5+572t^4+231t^3-106t^2-23t,-t^3+t^2+t,,
8.857780,O1O2O3O4U5U6O5U1U3O7U8O6O8U4U2U7,4,4z^3+37z^2+102z+89,4w^4z^3+37w^3z^2+102w^2z+89w,False,False,"[[ 0 -2  0  1  1 -1 -1  1  1],[ 2  0  2  1  1  2  2  1  3],[ 0 -2  0  0  1 -1 -1  1  1],[-1 -1  0  0  0 -1  0  0  0],[-1 -1 -1  0  0 -2 -1  0  0],[ 1 -2  1  1  2  0 -1  2  1],[ 1 -2  1  0  1  1  0  2  1],[-1 -1 -1  0  0 -2 -2  0 -1],[-1 -3 -1  0  0 -1 -1  1  0]]","[[ 0  1  1  1  1  0 -1 -1 -2],[-1  0  1  0  0 -1 -1 -1 -3],[-1 -1  0  0  0 -1 -2 -2 -1],[-1  0  0  0  0  0  0 -1 -1],[-1  0  0  0  0 -1 -1 -2 -1],[ 0  1  1  0  1  0 -1 -1 -2],[ 1  1  2  0  1  1  0  1 -2],[ 1  1  2  1  2  1 -1  0 -2],[ 2  3  1  1  1  2  2  2  0]]",True,"[-1,-1,-1,-1,0,1,1,2,-1,0,0,1,1,1,3,0,0,1,2,2,1,0,0,0,1,1,1,1,2,1,1,1,2,-1,2,2]","[-2,-1,-1,0,1,1,1,1,-1,-1,0,0,2,2,2,-1,0,1,0,1,2,0,1,0,0,1,0,0,0,1,-1,0,0,0,0,0]",t^8+47t^6+160t^4+68t^2+4,"[-2,-1,-1,0,1,1,1,1,-1,-1,0,0,2,2,2,-1,0,1,0,1,2,0,1,0,0,1,0,0,0,1,-1,0,0,0,0,0]","[-1,-1,-1,-1,0,1,1,2,-1,0,0,0,0,0,2,0,0,0,1,1,0,0,0,0,1,2,1,1,2,2,0,0,0,-1,-1,-1]","[-2,-1,-1,0,1,1,1,1,2,2,2,1,1,1,3,-1,1,1,2,2,1,1,0,1,2,1,0,1,1,1,0,0,0,0,0,-1]",c,"[[{8, 1}, {2, 7}, {3, 6}, {4, 5}], [{8, 1}, {2, 7}, {4, 6}, {3, 5}], [{8, 1}, {2, 7}, {4, 6}, {5}, {3}], [{8, 1}, {2, 7}, {5, 6}, {3, 4}], [{8, 1}, {2, 7}, {6}, {3, 5}, {4}], [{8, 1}, {3, 7}, {2, 6}, {4, 5}], [{8, 1}, {3, 7}, {4, 6}, {2, 5}], [{8, 1}, {3, 7}, {5, 6}, {2, 4}], [{8, 1}, {3, 7}, {6}, {4, 5}, {2}], [{8, 1}, {4, 7}, {2, 6}, {3, 5}], [{8, 1}, {4, 7}, {2, 6}, {5}, {3}], [{8, 1}, {4, 7}, {3, 6}, {2, 5}], [{8, 1}, {4, 7}, {5, 6}, {2, 3}], [{8, 1}, {5, 7}, {2, 6}, {3, 4}], [{8, 1}, {5, 7}, {3, 6}, {2, 4}], [{8, 1}, {5, 7}, {4, 6}, {2, 3}], [{8, 1}, {5, 7}, {6}, {2, 4}, {3}], [{8, 1}, {5, 7}, {6}, {3, 4}, {2}], [{8, 1}, {5, 7}, {6}, {4}, {2, 3}], [{8, 1}, {6, 7}, {2, 5}, {3, 4}], [{8, 1}, {6, 7}, {3, 5}, {2, 4}], [{8, 1}, {6, 7}, {4, 5}, {2, 3}], [{8, 1}, {6, 7}, {4, 5}, {3}, {2}], [{8, 1}, {7}, {3, 6}, {4, 5}, {2}], [{8, 1}, {7}, {4, 6}, {3, 5}, {2}], [{8, 2}, {1, 7}, {3, 6}, {4, 5}], [{8, 2}, {1, 7}, {4, 6}, {3, 5}], [{8, 2}, {1, 7}, {5, 6}, {3, 4}], [{8, 2}, {3, 7}, {1, 6}, {4, 5}], [{8, 2}, {3, 7}, {4, 6}, {1, 5}], [{8, 2}, {3, 7}, {5, 6}, {1, 4}], [{8, 2}, {3, 7}, {6}, {1, 5}, {4}], [{8, 2}, {4, 7}, {1, 6}, {3, 5}], [{8, 2}, {4, 7}, {3, 6}, {1, 5}], [{8, 2}, {4, 7}, {5, 6}, {1, 3}], [{8, 2}, {5, 7}, {1, 6}, {3, 4}], [{8, 2}, {5, 7}, {3, 6}, {1, 4}], [{8, 2}, {5, 7}, {4, 6}, {1, 3}], [{8, 2}, {5, 7}, {4, 6}, {3}, {1}], [{8, 2}, {6, 7}, {1, 5}, {3, 4}], [{8, 2}, {6, 7}, {3, 5}, {1, 4}], [{8, 2}, {6, 7}, {4, 5}, {1, 3}], [{8, 2}, {6, 7}, {4, 5}, {3}, {1}], [{8, 2}, {7}, {4, 6}, {5}, {1, 3}], [{8, 3}, {1, 7}, {2, 6}, {4, 5}], [{8, 3}, {1, 7}, {4, 6}, {2, 5}], [{8, 3}, {1, 7}, {4, 6}, {5}, {2}], [{8, 3}, {1, 7}, {5, 6}, {2, 4}], [{8, 3}, {2, 7}, {1, 6}, {4, 5}], [{8, 3}, {2, 7}, {4, 6}, {1, 5}], [{8, 3}, {2, 7}, {5, 6}, {1, 4}], [{8, 3}, {4, 7}, {1, 6}, {2, 5}], [{8, 3}, {4, 7}, {2, 6}, {1, 5}], [{8, 3}, {4, 7}, {5, 6}, {1, 2}], [{8, 3}, {5, 7}, {1, 6}, {2, 4}], [{8, 3}, {5, 7}, {1, 6}, {4}, {2}], [{8, 3}, {5, 7}, {2, 6}, {1, 4}], [{8, 3}, {5, 7}, {4, 6}, {1, 2}], [{8, 3}, {6, 7}, {1, 5}, {2, 4}], [{8, 3}, {6, 7}, {2, 5}, {1, 4}], [{8, 3}, {6, 7}, {4, 5}, {1, 2}], [{8, 3}, {6, 7}, {4, 5}, {2}, {1}], [{8, 3}, {7}, {5, 6}, {2, 4}, {1}], [{8, 4}, {1, 7}, {2, 6}, {3, 5}], [{8, 4}, {1, 7}, {3, 6}, {2, 5}], [{8, 4}, {1, 7}, {3, 6}, {5}, {2}], [{8, 4}, {1, 7}, {5, 6}, {2, 3}], [{8, 4}, {2, 7}, {1, 6}, {3, 5}], [{8, 4}, {2, 7}, {3, 6}, {1, 5}], [{8, 4}, {2, 7}, {5, 6}, {1, 3}], [{8, 4}, {3, 7}, {1, 6}, {2, 5}], [{8, 4}, {3, 7}, {2, 6}, {1, 5}], [{8, 4}, {3, 7}, {5, 6}, {1, 2}], [{8, 4}, {5, 7}, {1, 6}, {2, 3}], [{8, 4}, {5, 7}, {2, 6}, {1, 3}], [{8, 4}, {5, 7}, {2, 6}, {3}, {1}], [{8, 4}, {5, 7}, {3, 6}, {1, 2}], [{8, 4}, {6, 7}, {1, 5}, {2, 3}], [{8, 4}, {6, 7}, {2, 5}, {1, 3}], [{8, 4}, {6, 7}, {3, 5}, {1, 2}], [{8, 4}, {6, 7}, {5}, {2, 3}, {1}], [{8, 4}, {7}, {3, 6}, {2, 5}, {1}], [{8, 5}, {1, 7}, {2, 6}, {3, 4}], [{8, 5}, {1, 7}, {2, 6}, {4}, {3}], [{8, 5}, {1, 7}, {3, 6}, {2, 4}], [{8, 5}, {1, 7}, {3, 6}, {4}, {2}], [{8, 5}, {1, 7}, {4, 6}, {2, 3}], [{8, 5}, {1, 7}, {4, 6}, {3}, {2}], [{8, 5}, {1, 7}, {6}, {2, 4}, {3}], [{8, 5}, {1, 7}, {6}, {3, 4}, {2}], [{8, 5}, {1, 7}, {6}, {4}, {2, 3}], [{8, 5}, {1, 7}, {6}, {4}, {3}, {2}], [{8, 5}, {2, 7}, {1, 6}, {3, 4}], [{8, 5}, {2, 7}, {3, 6}, {1, 4}], [{8, 5}, {2, 7}, {4, 6}, {1, 3}], [{8, 5}, {2, 7}, {4, 6}, {3}, {1}], [{8, 5}, {2, 7}, {6}, {4}, {1, 3}], [{8, 5}, {3, 7}, {1, 6}, {2, 4}], [{8, 5}, {3, 7}, {2, 6}, {1, 4}], [{8, 5}, {3, 7}, {4, 6}, {1, 2}], [{8, 5}, {3, 7}, {4, 6}, {2}, {1}], [{8, 5}, {3, 7}, {6}, {4}, {1, 2}], [{8, 5}, {4, 7}, {1, 6}, {2, 3}], [{8, 5}, {4, 7}, {2, 6}, {1, 3}], [{8, 5}, {4, 7}, {2, 6}, {3}, {1}], [{8, 5}, {4, 7}, {3, 6}, {1, 2}], [{8, 5}, {4, 7}, {3, 6}, {2}, {1}], [{8, 5}, {4, 7}, {6}, {2, 3}, {1}], [{8, 5}, {6, 7}, {1, 4}, {2, 3}], [{8, 5}, {6, 7}, {2, 4}, {1, 3}], [{8, 5}, {6, 7}, {3, 4}, {1, 2}], [{8, 5}, {6, 7}, {4}, {2, 3}, {1}], [{8, 5}, {7}, {1, 6}, {4}, {2, 3}], [{8, 5}, {7}, {2, 6}, {1, 4}, {3}], [{8, 5}, {7}, {3, 6}, {1, 4}, {2}], [{8, 5}, {7}, {4, 6}, {1, 3}, {2}], [{8, 5}, {7}, {4, 6}, {2, 3}, {1}], [{8, 5}, {7}, {4, 6}, {3}, {1, 2}], [{8, 5}, {7}, {6}, {1, 4}, {2, 3}], [{8, 5}, {7}, {6}, {4}, {2, 3}, {1}], [{8, 6}, {1, 7}, {2, 5}, {3, 4}], [{8, 6}, {1, 7}, {3, 5}, {2, 4}], [{8, 6}, {1, 7}, {4, 5}, {2, 3}], [{8, 6}, {2, 7}, {1, 5}, {3, 4}], [{8, 6}, {2, 7}, {3, 5}, {1, 4}], [{8, 6}, {2, 7}, {4, 5}, {1, 3}], [{8, 6}, {3, 7}, {1, 5}, {2, 4}], [{8, 6}, {3, 7}, {2, 5}, {1, 4}], [{8, 6}, {3, 7}, {4, 5}, {1, 2}], [{8, 6}, {4, 7}, {1, 5}, {2, 3}], [{8, 6}, {4, 7}, {2, 5}, {1, 3}], [{8, 6}, {4, 7}, {3, 5}, {1, 2}], [{8, 6}, {5, 7}, {1, 4}, {2, 3}], [{8, 6}, {5, 7}, {2, 4}, {1, 3}], [{8, 6}, {5, 7}, {3, 4}, {1, 2}], [{8, 7}, {1, 6}, {2, 5}, {3, 4}], [{8, 7}, {1, 6}, {3, 5}, {2, 4}], [{8, 7}, {1, 6}, {4, 5}, {2, 3}], [{8, 7}, {2, 6}, {1, 5}, {3, 4}], [{8, 7}, {2, 6}, {3, 5}, {1, 4}], [{8, 7}, {2, 6}, {4, 5}, {1, 3}], [{8, 7}, {3, 6}, {1, 5}, {2, 4}], [{8, 7}, {3, 6}, {2, 5}, {1, 4}], [{8, 7}, {3, 6}, {4, 5}, {1, 2}], [{8, 7}, {3, 6}, {4, 5}, {2}, {1}], [{8, 7}, {4, 6}, {1, 5}, {2, 3}], [{8, 7}, {4, 6}, {2, 5}, {1, 3}], [{8, 7}, {4, 6}, {3, 5}, {1, 2}], [{8, 7}, {4, 6}, {3, 5}, {2}, {1}], [{8, 7}, {5, 6}, {1, 4}, {2, 3}], [{8, 7}, {5, 6}, {2, 4}, {1, 3}], [{8, 7}, {5, 6}, {3, 4}, {1, 2}], [{8, 7}, {5, 6}, {4}, {1, 3}, {2}], [{8, 7}, {6}, {1, 5}, {2, 4}, {3}], [{8, 7}, {6}, {1, 5}, {3, 4}, {2}], [{8, 7}, {6}, {1, 5}, {4}, {2, 3}], [{8}, {1, 7}, {3, 6}, {4, 5}, {2}], [{8}, {1, 7}, {4, 6}, {3, 5}, {2}], [{8}, {2, 7}, {4, 6}, {1, 5}, {3}], [{8}, {4, 7}, {1, 6}, {3, 5}, {2}], [{8}, {4, 7}, {2, 6}, {1, 5}, {3}], [{8}, {6, 7}, {2, 5}, {1, 4}, {3}], [{8}, {6, 7}, {4, 5}, {1, 3}, {2}], [{8}, {6, 7}, {4, 5}, {2, 3}, {1}], [{8}, {6, 7}, {4, 5}, {3}, {1, 2}], [{8}, {7}, {4, 6}, {2, 5}, {1, 3}]]",2,16 K_1^3 + 4 K_1^2 K_2 - 12 K_1^2 - 16 K_1 K_2 - 6 K_1 K_3 - 4 K_1 - 2 K_2^2 + 7 K_2 + 4 K_3 + 3 K_4 + 7,O1O2O3O4U5U3U1O6O7U6O5U2U4O8U7U8,O1O2O3U4U2U5U1O6O7U6O4O5U3O8U7U8,O1O2O3U4U5O4U1O6O7U8O5O8U3U6U2U7,c,{'O1O2O3O4U5U6O5U1U3O7U8O6O8U4U2U7'},1,"<a href=""/flatknot/8.857780"">8.857780</a>",t^9-49t^7-166t^6-107t^5+116t^4+53t^3-30t^2+29t-8,t^2-2t,,
8.857781,O1O2O3O4U5U6O5U1U4O7U2O6O8U3U7U8,4,3z^3+33z^2+101z+95,3w^4z^3-4w^4z^2+37w^3z^2-8w^3z+109w^2z+95w,False,False,"[[ 0 -2  0  0  2 -1 -1  0  2],[ 2  0  2  2  1  2  1  1  1],[ 0 -2  0  0  0  0  0  1  2],[ 0 -2  0  0  1 -1  0  0  2],[-2 -1  0 -1  0 -2 -1 -1  0],[ 1 -2  0  1  2  0 -1  1  2],[ 1 -1  0  0  1  1  0  0  1],[ 0 -1 -1  0  1 -1  0  0  1],[-2 -1 -2 -2  0 -2 -1 -1  0]]","[[ 0  2  2  0  0  0 -1 -1 -2],[-2  0  0  0 -1 -1 -1 -2 -1],[-2  0  0 -2 -1 -2 -1 -2 -1],[ 0  0  2  0  1  0  0  0 -2],[ 0  1  1 -1  0  0  0 -1 -1],[ 0  1  2  0  0  0  0 -1 -2],[ 1  1  1  0  0  0  0  1 -1],[ 1  2  2  0  1  1 -1  0 -2],[ 2  1  1  2  1  2  1  2  0]]",True,"[-2,-2,0,0,0,1,1,2,0,0,1,1,1,2,1,2,1,2,1,2,1,-1,0,0,0,2,0,0,1,1,0,1,2,-1,1,2]","[-2,-2,0,0,0,1,1,2,0,0,0,1,1,2,3,1,2,1,1,2,3,0,0,0,1,0,1,1,1,0,0,1,1,-1,-1,0]",t^8+41t^6+151t^4+127t^2+1,"[-2,-1,-1,0,0,0,2,2,-1,0,0,0,1,3,3,1,0,1,0,1,1,1,1,1,2,2,0,0,0,1,-1,0,2,1,1,0]","[-2,-2,0,0,0,1,1,2,0,0,0,1,1,2,3,1,2,1,1,2,3,0,0,0,1,0,1,1,1,0,0,1,1,-1,-1,0]","[-2,-1,-1,0,0,0,2,2,1,2,1,2,2,1,1,1,0,0,0,1,1,1,0,1,2,2,-1,0,1,1,0,0,2,1,2,0]",c,"[[{8, 1}, {2, 7}, {3, 6}, {4, 5}], [{8, 1}, {2, 7}, {4, 6}, {3, 5}], [{8, 1}, {2, 7}, {4, 6}, {5}, {3}], [{8, 1}, {2, 7}, {5, 6}, {3, 4}], [{8, 1}, {2, 7}, {5, 6}, {4}, {3}], [{8, 1}, {2, 7}, {6}, {4, 5}, {3}], [{8, 1}, {3, 7}, {2, 6}, {4, 5}], [{8, 1}, {3, 7}, {4, 6}, {2, 5}], [{8, 1}, {3, 7}, {5, 6}, {2, 4}], [{8, 1}, {4, 7}, {2, 6}, {3, 5}], [{8, 1}, {4, 7}, {3, 6}, {2, 5}], [{8, 1}, {4, 7}, {3, 6}, {5}, {2}], [{8, 1}, {4, 7}, {5, 6}, {2, 3}], [{8, 1}, {4, 7}, {5, 6}, {3}, {2}], [{8, 1}, {4, 7}, {6}, {3, 5}, {2}], [{8, 1}, {5, 7}, {2, 6}, {3, 4}], [{8, 1}, {5, 7}, {3, 6}, {2, 4}], [{8, 1}, {5, 7}, {4, 6}, {2, 3}], [{8, 1}, {5, 7}, {4, 6}, {3}, {2}], [{8, 1}, {5, 7}, {6}, {4}, {2, 3}], [{8, 1}, {6, 7}, {2, 5}, {3, 4}], [{8, 1}, {6, 7}, {3, 5}, {2, 4}], [{8, 1}, {6, 7}, {4, 5}, {2, 3}], [{8, 1}, {6, 7}, {4, 5}, {3}, {2}], [{8, 1}, {7}, {2, 6}, {3, 5}, {4}], [{8, 1}, {7}, {2, 6}, {4, 5}, {3}], [{8, 1}, {7}, {2, 6}, {5}, {3, 4}], [{8, 1}, {7}, {4, 6}, {2, 5}, {3}], [{8, 1}, {7}, {5, 6}, {2, 4}, {3}], [{8, 2}, {1, 7}, {3, 6}, {4, 5}], [{8, 2}, {1, 7}, {3, 6}, {5}, {4}], [{8, 2}, {1, 7}, {4, 6}, {3, 5}], [{8, 2}, {1, 7}, {4, 6}, {5}, {3}], [{8, 2}, {1, 7}, {5, 6}, {3, 4}], [{8, 2}, {1, 7}, {6}, {5}, {3, 4}], [{8, 2}, {3, 7}, {1, 6}, {4, 5}], [{8, 2}, {3, 7}, {4, 6}, {1, 5}], [{8, 2}, {3, 7}, {5, 6}, {1, 4}], [{8, 2}, {3, 7}, {5, 6}, {4}, {1}], [{8, 2}, {4, 7}, {1, 6}, {3, 5}], [{8, 2}, {4, 7}, {3, 6}, {1, 5}], [{8, 2}, {4, 7}, {5, 6}, {1, 3}], [{8, 2}, {5, 7}, {1, 6}, {3, 4}], [{8, 2}, {5, 7}, {3, 6}, {1, 4}], [{8, 2}, {5, 7}, {4, 6}, {1, 3}], [{8, 2}, {5, 7}, {4, 6}, {3}, {1}], [{8, 2}, {6, 7}, {1, 5}, {3, 4}], [{8, 2}, {6, 7}, {3, 5}, {1, 4}], [{8, 2}, {6, 7}, {4, 5}, {1, 3}], [{8, 2}, {6, 7}, {5}, {4}, {1, 3}], [{8, 2}, {7}, {1, 6}, {3, 5}, {4}], [{8, 2}, {7}, {4, 6}, {1, 5}, {3}], [{8, 3}, {1, 7}, {2, 6}, {4, 5}], [{8, 3}, {1, 7}, {4, 6}, {2, 5}], [{8, 3}, {1, 7}, {5, 6}, {2, 4}], [{8, 3}, {2, 7}, {1, 6}, {4, 5}], [{8, 3}, {2, 7}, {4, 6}, {1, 5}], [{8, 3}, {2, 7}, {5, 6}, {1, 4}], [{8, 3}, {4, 7}, {1, 6}, {2, 5}], [{8, 3}, {4, 7}, {2, 6}, {1, 5}], [{8, 3}, {4, 7}, {5, 6}, {1, 2}], [{8, 3}, {4, 7}, {5, 6}, {2}, {1}], [{8, 3}, {4, 7}, {6}, {5}, {1, 2}], [{8, 3}, {5, 7}, {1, 6}, {2, 4}], [{8, 3}, {5, 7}, {2, 6}, {1, 4}], [{8, 3}, {5, 7}, {4, 6}, {1, 2}], [{8, 3}, {6, 7}, {1, 5}, {2, 4}], [{8, 3}, {6, 7}, {2, 5}, {1, 4}], [{8, 3}, {6, 7}, {4, 5}, {1, 2}], [{8, 3}, {6, 7}, {5}, {1, 4}, {2}], [{8, 3}, {7}, {1, 6}, {4, 5}, {2}], [{8, 3}, {7}, {2, 6}, {1, 5}, {4}], [{8, 3}, {7}, {4, 6}, {1, 5}, {2}], [{8, 3}, {7}, {5, 6}, {4}, {1, 2}], [{8, 3}, {7}, {6}, {1, 5}, {2, 4}], [{8, 4}, {1, 7}, {2, 6}, {3, 5}], [{8, 4}, {1, 7}, {3, 6}, {2, 5}], [{8, 4}, {1, 7}, {5, 6}, {2, 3}], [{8, 4}, {1, 7}, {6}, {5}, {2, 3}], [{8, 4}, {2, 7}, {1, 6}, {3, 5}], [{8, 4}, {2, 7}, {1, 6}, {5}, {3}], [{8, 4}, {2, 7}, {3, 6}, {1, 5}], [{8, 4}, {2, 7}, {5, 6}, {1, 3}], [{8, 4}, {2, 7}, {5, 6}, {3}, {1}], [{8, 4}, {2, 7}, {6}, {1, 5}, {3}], [{8, 4}, {3, 7}, {1, 6}, {2, 5}], [{8, 4}, {3, 7}, {2, 6}, {1, 5}], [{8, 4}, {3, 7}, {5, 6}, {1, 2}], [{8, 4}, {3, 7}, {6}, {1, 5}, {2}], [{8, 4}, {5, 7}, {1, 6}, {2, 3}], [{8, 4}, {5, 7}, {2, 6}, {1, 3}], [{8, 4}, {5, 7}, {3, 6}, {1, 2}], [{8, 4}, {5, 7}, {6}, {2, 3}, {1}], [{8, 4}, {6, 7}, {1, 5}, {2, 3}], [{8, 4}, {6, 7}, {2, 5}, {1, 3}], [{8, 4}, {6, 7}, {3, 5}, {1, 2}], [{8, 4}, {7}, {6}, {1, 5}, {2, 3}], [{8, 5}, {1, 7}, {2, 6}, {3, 4}], [{8, 5}, {1, 7}, {3, 6}, {2, 4}], [{8, 5}, {1, 7}, {4, 6}, {2, 3}], [{8, 5}, {1, 7}, {4, 6}, {3}, {2}], [{8, 5}, {2, 7}, {1, 6}, {3, 4}], [{8, 5}, {2, 7}, {1, 6}, {4}, {3}], [{8, 5}, {2, 7}, {3, 6}, {1, 4}], [{8, 5}, {2, 7}, {3, 6}, {4}, {1}], [{8, 5}, {2, 7}, {4, 6}, {1, 3}], [{8, 5}, {2, 7}, {4, 6}, {3}, {1}], [{8, 5}, {2, 7}, {6}, {1, 4}, {3}], [{8, 5}, {2, 7}, {6}, {3, 4}, {1}], [{8, 5}, {2, 7}, {6}, {4}, {1, 3}], [{8, 5}, {3, 7}, {1, 6}, {2, 4}], [{8, 5}, {3, 7}, {2, 6}, {1, 4}], [{8, 5}, {3, 7}, {4, 6}, {1, 2}], [{8, 5}, {4, 7}, {1, 6}, {2, 3}], [{8, 5}, {4, 7}, {2, 6}, {1, 3}], [{8, 5}, {4, 7}, {3, 6}, {1, 2}], [{8, 5}, {6, 7}, {1, 4}, {2, 3}], [{8, 5}, {6, 7}, {2, 4}, {1, 3}], [{8, 5}, {6, 7}, {3, 4}, {1, 2}], [{8, 5}, {7}, {4, 6}, {3}, {1, 2}], [{8, 6}, {1, 7}, {2, 5}, {3, 4}], [{8, 6}, {1, 7}, {3, 5}, {2, 4}], [{8, 6}, {1, 7}, {4, 5}, {2, 3}], [{8, 6}, {1, 7}, {5}, {3, 4}, {2}], [{8, 6}, {2, 7}, {1, 5}, {3, 4}], [{8, 6}, {2, 7}, {1, 5}, {4}, {3}], [{8, 6}, {2, 7}, {3, 5}, {1, 4}], [{8, 6}, {2, 7}, {4, 5}, {1, 3}], [{8, 6}, {2, 7}, {4, 5}, {3}, {1}], [{8, 6}, {2, 7}, {5}, {1, 4}, {3}], [{8, 6}, {3, 7}, {1, 5}, {2, 4}], [{8, 6}, {3, 7}, {1, 5}, {4}, {2}], [{8, 6}, {3, 7}, {2, 5}, {1, 4}], [{8, 6}, {3, 7}, {4, 5}, {1, 2}], [{8, 6}, {4, 7}, {1, 5}, {2, 3}], [{8, 6}, {4, 7}, {2, 5}, {1, 3}], [{8, 6}, {4, 7}, {3, 5}, {1, 2}], [{8, 6}, {4, 7}, {3, 5}, {2}, {1}], [{8, 6}, {5, 7}, {1, 4}, {2, 3}], [{8, 6}, {5, 7}, {2, 4}, {1, 3}], [{8, 6}, {5, 7}, {3, 4}, {1, 2}], [{8, 6}, {7}, {1, 5}, {4}, {2, 3}], [{8, 7}, {1, 6}, {2, 5}, {3, 4}], [{8, 7}, {1, 6}, {3, 5}, {2, 4}], [{8, 7}, {1, 6}, {4, 5}, {2, 3}], [{8, 7}, {2, 6}, {1, 5}, {3, 4}], [{8, 7}, {2, 6}, {3, 5}, {1, 4}], [{8, 7}, {2, 6}, {3, 5}, {4}, {1}], [{8, 7}, {2, 6}, {4, 5}, {1, 3}], [{8, 7}, {2, 6}, {4, 5}, {3}, {1}], [{8, 7}, {2, 6}, {5}, {3, 4}, {1}], [{8, 7}, {3, 6}, {1, 5}, {2, 4}], [{8, 7}, {3, 6}, {2, 5}, {1, 4}], [{8, 7}, {3, 6}, {4, 5}, {1, 2}], [{8, 7}, {4, 6}, {1, 5}, {2, 3}], [{8, 7}, {4, 6}, {1, 5}, {3}, {2}], [{8, 7}, {4, 6}, {2, 5}, {1, 3}], [{8, 7}, {4, 6}, {2, 5}, {3}, {1}], [{8, 7}, {4, 6}, {3, 5}, {1, 2}], [{8, 7}, {4, 6}, {5}, {3}, {1, 2}], [{8, 7}, {5, 6}, {1, 4}, {2, 3}], [{8, 7}, {5, 6}, {2, 4}, {1, 3}], [{8, 7}, {5, 6}, {2, 4}, {3}, {1}], [{8, 7}, {5, 6}, {3, 4}, {1, 2}], [{8}, {1, 7}, {2, 6}, {3, 5}, {4}], [{8}, {1, 7}, {2, 6}, {4, 5}, {3}], [{8}, {1, 7}, {2, 6}, {5}, {3, 4}], [{8}, {1, 7}, {4, 6}, {2, 5}, {3}], [{8}, {1, 7}, {5, 6}, {2, 4}, {3}], [{8}, {2, 7}, {1, 6}, {4, 5}, {3}], [{8}, {2, 7}, {4, 6}, {1, 5}, {3}], [{8}, {2, 7}, {5, 6}, {1, 4}, {3}], [{8}, {3, 7}, {4, 6}, {1, 5}, {2}], [{8}, {4, 7}, {1, 6}, {3, 5}, {2}], [{8}, {4, 7}, {2, 6}, {5}, {1, 3}], [{8}, {4, 7}, {5, 6}, {1, 3}, {2}], [{8}, {4, 7}, {6}, {2, 5}, {1, 3}], [{8}, {5, 7}, {3, 6}, {2, 4}, {1}], [{8}, {5, 7}, {4, 6}, {3}, {1, 2}], [{8}, {5, 7}, {6}, {1, 4}, {2, 3}], [{8}, {6, 7}, {3, 5}, {2, 4}, {1}], [{8}, {7}, {3, 6}, {4, 5}, {1, 2}], [{8}, {7}, {4, 6}, {1, 5}, {2, 3}], [{8}, {7}, {4, 6}, {1, 5}, {3}, {2}]]",2,16 K_1^3 + 4 K_1^2 K_2 - 14 K_1^2 - 16 K_1 K_2 - 4 K_1 K_3 - 4 K_1 + 7 K_2 + 4 K_3 + K_4 + 7,O1O2O3O4U5U6U2O5O7U3O6U1U4O8U7U8,O1O2O3U4U5U1U6O7O8U7O4O6U2O5U8U3,O1O2O3U1U4O5U2O6O7U8O4O8U6U3U5U7,c,{'O1O2O3O4U5U6O5U1U4O7U2O6O8U3U7U8'},1,"<a href=""/flatknot/8.857781"">8.857781</a>",t^9-39t^7-110t^6-14t^5+274t^4+239t^3-102t^2-62t+20,-t^2+2t,,
8.857782,O1O2O3O4U5U6O5U1U4O7U2O6O8U3U8U7,3,7z^2+67z+107,7w^3z^2+67w^2z+107w,False,False,"[[ 0 -2  0  0  2 -1 -1  1  1],[ 2  0  2  2  1  2  1  1  1],[ 0 -2  0  0  0  0  0  1  1],[ 0 -2  0  0  1 -1  0  1  1],[-2 -1  0 -1  0 -2 -1 -1  0],[ 1 -2  0  1  2  0 -1  2  1],[ 1 -1  0  0  1  1  0  1  1],[-1 -1 -1 -1  1 -2 -1  0  0],[-1 -1 -1 -1  0 -1 -1  0  0]]","[[ 0  2  1  1  0  0 -1 -1 -2],[-2  0  0 -1  0 -1 -1 -2 -1],[-1  0  0  0 -1 -1 -1 -1 -1],[-1  1  0  0 -1 -1 -1 -2 -1],[ 0  0  1  1  0  0  0  0 -2],[ 0  1  1  1  0  0  0 -1 -2],[ 1  1  1  1  0  0  0  1 -1],[ 1  2  1  2  0  1 -1  0 -2],[ 2  1  1  1  2  2  1  2  0]]",True,"[-2,-1,-1,0,0,1,1,2,0,1,0,1,1,2,1,0,1,1,1,1,1,1,1,1,2,1,0,0,0,2,0,1,2,-1,1,2]","[-2,-1,-1,0,0,1,1,2,-1,0,0,0,2,2,3,1,0,1,0,1,1,1,1,1,1,2,0,0,0,1,0,0,2,0,0,1]",t^8+36t^6+116t^4+64t^2,"[-2,-1,-1,0,0,1,1,2,-1,0,0,0,2,2,3,1,0,1,0,1,1,1,1,1,1,2,0,0,0,1,0,0,2,0,0,1]","[-2,-1,-1,0,0,1,1,2,0,1,1,2,1,2,3,0,0,0,0,1,2,0,0,1,1,2,0,0,1,0,1,1,0,-1,-1,0]","[-2,-1,-1,0,0,1,1,2,1,2,2,2,1,1,1,1,0,0,1,1,1,0,1,1,2,2,0,1,1,0,1,1,1,0,0,1]",c,"[[{8, 1}, {2, 7}, {3, 6}, {4, 5}], [{8, 1}, {2, 7}, {3, 6}, {5}, {4}], [{8, 1}, {2, 7}, {4, 6}, {3, 5}], [{8, 1}, {2, 7}, {4, 6}, {5}, {3}], [{8, 1}, {2, 7}, {5, 6}, {3, 4}], [{8, 1}, {2, 7}, {5, 6}, {4}, {3}], [{8, 1}, {2, 7}, {6}, {3, 5}, {4}], [{8, 1}, {2, 7}, {6}, {4, 5}, {3}], [{8, 1}, {2, 7}, {6}, {5}, {3, 4}], [{8, 1}, {3, 7}, {2, 6}, {4, 5}], [{8, 1}, {3, 7}, {4, 6}, {2, 5}], [{8, 1}, {3, 7}, {4, 6}, {5}, {2}], [{8, 1}, {3, 7}, {5, 6}, {2, 4}], [{8, 1}, {3, 7}, {5, 6}, {4}, {2}], [{8, 1}, {3, 7}, {6}, {4, 5}, {2}], [{8, 1}, {4, 7}, {2, 6}, {3, 5}], [{8, 1}, {4, 7}, {3, 6}, {2, 5}], [{8, 1}, {4, 7}, {3, 6}, {5}, {2}], [{8, 1}, {4, 7}, {5, 6}, {2, 3}], [{8, 1}, {4, 7}, {5, 6}, {3}, {2}], [{8, 1}, {4, 7}, {6}, {3, 5}, {2}], [{8, 1}, {5, 7}, {2, 6}, {3, 4}], [{8, 1}, {5, 7}, {3, 6}, {2, 4}], [{8, 1}, {5, 7}, {3, 6}, {4}, {2}], [{8, 1}, {5, 7}, {4, 6}, {2, 3}], [{8, 1}, {5, 7}, {4, 6}, {3}, {2}], [{8, 1}, {5, 7}, {6}, {3, 4}, {2}], [{8, 1}, {6, 7}, {2, 5}, {3, 4}], [{8, 1}, {6, 7}, {3, 5}, {2, 4}], [{8, 1}, {6, 7}, {3, 5}, {4}, {2}], [{8, 1}, {6, 7}, {4, 5}, {2, 3}], [{8, 1}, {6, 7}, {4, 5}, {3}, {2}], [{8, 1}, {6, 7}, {5}, {3, 4}, {2}], [{8, 1}, {7}, {2, 6}, {3, 5}, {4}], [{8, 1}, {7}, {2, 6}, {4, 5}, {3}], [{8, 1}, {7}, {2, 6}, {5}, {3, 4}], [{8, 1}, {7}, {3, 6}, {2, 5}, {4}], [{8, 1}, {7}, {3, 6}, {4, 5}, {2}], [{8, 1}, {7}, {3, 6}, {5}, {2, 4}], [{8, 1}, {7}, {3, 6}, {5}, {4}, {2}], [{8, 1}, {7}, {4, 6}, {2, 5}, {3}], [{8, 1}, {7}, {4, 6}, {3, 5}, {2}], [{8, 1}, {7}, {4, 6}, {5}, {2, 3}], [{8, 1}, {7}, {4, 6}, {5}, {3}, {2}], [{8, 1}, {7}, {5, 6}, {2, 4}, {3}], [{8, 1}, {7}, {5, 6}, {3, 4}, {2}], [{8, 1}, {7}, {5, 6}, {4}, {2, 3}], [{8, 1}, {7}, {5, 6}, {4}, {3}, {2}], [{8, 1}, {7}, {6}, {2, 5}, {3, 4}], [{8, 1}, {7}, {6}, {3, 5}, {2, 4}], [{8, 1}, {7}, {6}, {3, 5}, {4}, {2}], [{8, 1}, {7}, {6}, {4, 5}, {2, 3}], [{8, 1}, {7}, {6}, {4, 5}, {3}, {2}], [{8, 1}, {7}, {6}, {5}, {3, 4}, {2}], [{8, 2}, {1, 7}, {3, 6}, {4, 5}], [{8, 2}, {1, 7}, {3, 6}, {5}, {4}], [{8, 2}, {1, 7}, {4, 6}, {3, 5}], [{8, 2}, {1, 7}, {4, 6}, {5}, {3}], [{8, 2}, {1, 7}, {5, 6}, {3, 4}], [{8, 2}, {1, 7}, {5, 6}, {4}, {3}], [{8, 2}, {1, 7}, {6}, {3, 5}, {4}], [{8, 2}, {1, 7}, {6}, {4, 5}, {3}], [{8, 2}, {1, 7}, {6}, {5}, {3, 4}], [{8, 2}, {3, 7}, {1, 6}, {4, 5}], [{8, 2}, {3, 7}, {4, 6}, {1, 5}], [{8, 2}, {3, 7}, {4, 6}, {5}, {1}], [{8, 2}, {3, 7}, {5, 6}, {1, 4}], [{8, 2}, {3, 7}, {5, 6}, {4}, {1}], [{8, 2}, {3, 7}, {6}, {4, 5}, {1}], [{8, 2}, {4, 7}, {1, 6}, {3, 5}], [{8, 2}, {4, 7}, {3, 6}, {1, 5}], [{8, 2}, {4, 7}, {5, 6}, {1, 3}], [{8, 2}, {4, 7}, {5, 6}, {3}, {1}], [{8, 2}, {4, 7}, {6}, {5}, {1, 3}], [{8, 2}, {5, 7}, {1, 6}, {3, 4}], [{8, 2}, {5, 7}, {3, 6}, {1, 4}], [{8, 2}, {5, 7}, {4, 6}, {1, 3}], [{8, 2}, {5, 7}, {4, 6}, {3}, {1}], [{8, 2}, {5, 7}, {6}, {4}, {1, 3}], [{8, 2}, {6, 7}, {1, 5}, {3, 4}], [{8, 2}, {6, 7}, {3, 5}, {1, 4}], [{8, 2}, {6, 7}, {4, 5}, {1, 3}], [{8, 2}, {6, 7}, {4, 5}, {3}, {1}], [{8, 2}, {6, 7}, {5}, {4}, {1, 3}], [{8, 2}, {7}, {1, 6}, {4, 5}, {3}], [{8, 2}, {7}, {3, 6}, {4, 5}, {1}], [{8, 2}, {7}, {4, 6}, {1, 5}, {3}], [{8, 2}, {7}, {4, 6}, {3, 5}, {1}], [{8, 2}, {7}, {4, 6}, {5}, {1, 3}], [{8, 2}, {7}, {4, 6}, {5}, {3}, {1}], [{8, 2}, {7}, {5, 6}, {1, 4}, {3}], [{8, 2}, {7}, {5, 6}, {3, 4}, {1}], [{8, 2}, {7}, {5, 6}, {4}, {1, 3}], [{8, 2}, {7}, {5, 6}, {4}, {3}, {1}], [{8, 2}, {7}, {6}, {4, 5}, {1, 3}], [{8, 2}, {7}, {6}, {4, 5}, {3}, {1}], [{8, 3}, {1, 7}, {2, 6}, {4, 5}], [{8, 3}, {1, 7}, {4, 6}, {2, 5}], [{8, 3}, {1, 7}, {4, 6}, {5}, {2}], [{8, 3}, {1, 7}, {5, 6}, {2, 4}], [{8, 3}, {1, 7}, {5, 6}, {4}, {2}], [{8, 3}, {1, 7}, {6}, {4, 5}, {2}], [{8, 3}, {2, 7}, {1, 6}, {4, 5}], [{8, 3}, {2, 7}, {1, 6}, {5}, {4}], [{8, 3}, {2, 7}, {4, 6}, {1, 5}], [{8, 3}, {2, 7}, {4, 6}, {5}, {1}], [{8, 3}, {2, 7}, {5, 6}, {1, 4}], [{8, 3}, {2, 7}, {5, 6}, {4}, {1}], [{8, 3}, {2, 7}, {6}, {1, 5}, {4}], [{8, 3}, {2, 7}, {6}, {4, 5}, {1}], [{8, 3}, {2, 7}, {6}, {5}, {1, 4}], [{8, 3}, {4, 7}, {1, 6}, {2, 5}], [{8, 3}, {4, 7}, {1, 6}, {5}, {2}], [{8, 3}, {4, 7}, {2, 6}, {1, 5}], [{8, 3}, {4, 7}, {5, 6}, {1, 2}], [{8, 3}, {4, 7}, {5, 6}, {2}, {1}], [{8, 3}, {4, 7}, {6}, {1, 5}, {2}], [{8, 3}, {5, 7}, {1, 6}, {2, 4}], [{8, 3}, {5, 7}, {1, 6}, {4}, {2}], [{8, 3}, {5, 7}, {2, 6}, {1, 4}], [{8, 3}, {5, 7}, {4, 6}, {1, 2}], [{8, 3}, {5, 7}, {4, 6}, {2}, {1}], [{8, 3}, {5, 7}, {6}, {1, 4}, {2}], [{8, 3}, {6, 7}, {1, 5}, {2, 4}], [{8, 3}, {6, 7}, {1, 5}, {4}, {2}], [{8, 3}, {6, 7}, {2, 5}, {1, 4}], [{8, 3}, {6, 7}, {4, 5}, {1, 2}], [{8, 3}, {6, 7}, {4, 5}, {2}, {1}], [{8, 3}, {6, 7}, {5}, {1, 4}, {2}], [{8, 3}, {7}, {1, 6}, {2, 5}, {4}], [{8, 3}, {7}, {1, 6}, {4, 5}, {2}], [{8, 3}, {7}, {1, 6}, {5}, {2, 4}], [{8, 3}, {7}, {1, 6}, {5}, {4}, {2}], [{8, 3}, {7}, {2, 6}, {1, 5}, {4}], [{8, 3}, {7}, {2, 6}, {4, 5}, {1}], [{8, 3}, {7}, {2, 6}, {5}, {1, 4}], [{8, 3}, {7}, {4, 6}, {1, 5}, {2}], [{8, 3}, {7}, {4, 6}, {2, 5}, {1}], [{8, 3}, {7}, {4, 6}, {5}, {1, 2}], [{8, 3}, {7}, {4, 6}, {5}, {2}, {1}], [{8, 3}, {7}, {5, 6}, {1, 4}, {2}], [{8, 3}, {7}, {5, 6}, {2, 4}, {1}], [{8, 3}, {7}, {5, 6}, {4}, {1, 2}], [{8, 3}, {7}, {5, 6}, {4}, {2}, {1}], [{8, 3}, {7}, {6}, {1, 5}, {2, 4}], [{8, 3}, {7}, {6}, {1, 5}, {4}, {2}], [{8, 3}, {7}, {6}, {2, 5}, {1, 4}], [{8, 3}, {7}, {6}, {4, 5}, {1, 2}], [{8, 3}, {7}, {6}, {4, 5}, {2}, {1}], [{8, 3}, {7}, {6}, {5}, {1, 4}, {2}], [{8, 4}, {1, 7}, {2, 6}, {3, 5}], [{8, 4}, {1, 7}, {3, 6}, {2, 5}], [{8, 4}, {1, 7}, {3, 6}, {5}, {2}], [{8, 4}, {1, 7}, {5, 6}, {2, 3}], [{8, 4}, {1, 7}, {5, 6}, {3}, {2}], [{8, 4}, {1, 7}, {6}, {3, 5}, {2}], [{8, 4}, {2, 7}, {1, 6}, {3, 5}], [{8, 4}, {2, 7}, {3, 6}, {1, 5}], [{8, 4}, {2, 7}, {5, 6}, {1, 3}], [{8, 4}, {2, 7}, {5, 6}, {3}, {1}], [{8, 4}, {3, 7}, {1, 6}, {2, 5}], [{8, 4}, {3, 7}, {1, 6}, {5}, {2}], [{8, 4}, {3, 7}, {2, 6}, {1, 5}], [{8, 4}, {3, 7}, {5, 6}, {1, 2}], [{8, 4}, {3, 7}, {5, 6}, {2}, {1}], [{8, 4}, {3, 7}, {6}, {1, 5}, {2}], [{8, 4}, {5, 7}, {1, 6}, {2, 3}], [{8, 4}, {5, 7}, {1, 6}, {3}, {2}], [{8, 4}, {5, 7}, {2, 6}, {1, 3}], [{8, 4}, {5, 7}, {3, 6}, {1, 2}], [{8, 4}, {5, 7}, {3, 6}, {2}, {1}], [{8, 4}, {5, 7}, {6}, {1, 3}, {2}], [{8, 4}, {6, 7}, {1, 5}, {2, 3}], [{8, 4}, {6, 7}, {1, 5}, {3}, {2}], [{8, 4}, {6, 7}, {2, 5}, {1, 3}], [{8, 4}, {6, 7}, {3, 5}, {1, 2}], [{8, 4}, {6, 7}, {3, 5}, {2}, {1}], [{8, 4}, {6, 7}, {5}, {1, 3}, {2}], [{8, 4}, {7}, {1, 6}, {3, 5}, {2}], [{8, 4}, {7}, {3, 6}, {1, 5}, {2}], [{8, 4}, {7}, {5, 6}, {1, 3}, {2}], [{8, 4}, {7}, {5, 6}, {2, 3}, {1}], [{8, 4}, {7}, {5, 6}, {3}, {1, 2}], [{8, 4}, {7}, {5, 6}, {3}, {2}, {1}], [{8, 5}, {1, 7}, {2, 6}, {3, 4}], [{8, 5}, {1, 7}, {3, 6}, {2, 4}], [{8, 5}, {1, 7}, {3, 6}, {4}, {2}], [{8, 5}, {1, 7}, {4, 6}, {2, 3}], [{8, 5}, {1, 7}, {4, 6}, {3}, {2}], [{8, 5}, {1, 7}, {6}, {3, 4}, {2}], [{8, 5}, {2, 7}, {1, 6}, {3, 4}], [{8, 5}, {2, 7}, {3, 6}, {1, 4}], [{8, 5}, {2, 7}, {4, 6}, {1, 3}], [{8, 5}, {2, 7}, {4, 6}, {3}, {1}], [{8, 5}, {3, 7}, {1, 6}, {2, 4}], [{8, 5}, {3, 7}, {1, 6}, {4}, {2}], [{8, 5}, {3, 7}, {2, 6}, {1, 4}], [{8, 5}, {3, 7}, {4, 6}, {1, 2}], [{8, 5}, {3, 7}, {4, 6}, {2}, {1}], [{8, 5}, {3, 7}, {6}, {1, 4}, {2}], [{8, 5}, {4, 7}, {1, 6}, {2, 3}], [{8, 5}, {4, 7}, {1, 6}, {3}, {2}], [{8, 5}, {4, 7}, {2, 6}, {1, 3}], [{8, 5}, {4, 7}, {3, 6}, {1, 2}], [{8, 5}, {4, 7}, {3, 6}, {2}, {1}], [{8, 5}, {4, 7}, {6}, {1, 3}, {2}], [{8, 5}, {6, 7}, {1, 4}, {2, 3}], [{8, 5}, {6, 7}, {1, 4}, {3}, {2}], [{8, 5}, {6, 7}, {2, 4}, {1, 3}], [{8, 5}, {6, 7}, {3, 4}, {1, 2}], [{8, 5}, {6, 7}, {3, 4}, {2}, {1}], [{8, 5}, {6, 7}, {4}, {1, 3}, {2}], [{8, 5}, {7}, {1, 6}, {3, 4}, {2}], [{8, 5}, {7}, {3, 6}, {1, 4}, {2}], [{8, 5}, {7}, {4, 6}, {1, 3}, {2}], [{8, 5}, {7}, {4, 6}, {2, 3}, {1}], [{8, 5}, {7}, {4, 6}, {3}, {1, 2}], [{8, 5}, {7}, {4, 6}, {3}, {2}, {1}], [{8, 6}, {1, 7}, {2, 5}, {3, 4}], [{8, 6}, {1, 7}, {3, 5}, {2, 4}], [{8, 6}, {1, 7}, {3, 5}, {4}, {2}], [{8, 6}, {1, 7}, {4, 5}, {2, 3}], [{8, 6}, {1, 7}, {4, 5}, {3}, {2}], [{8, 6}, {1, 7}, {5}, {3, 4}, {2}], [{8, 6}, {2, 7}, {1, 5}, {3, 4}], [{8, 6}, {2, 7}, {3, 5}, {1, 4}], [{8, 6}, {2, 7}, {4, 5}, {1, 3}], [{8, 6}, {2, 7}, {4, 5}, {3}, {1}], [{8, 6}, {3, 7}, {1, 5}, {2, 4}], [{8, 6}, {3, 7}, {1, 5}, {4}, {2}], [{8, 6}, {3, 7}, {2, 5}, {1, 4}], [{8, 6}, {3, 7}, {4, 5}, {1, 2}], [{8, 6}, {3, 7}, {4, 5}, {2}, {1}], [{8, 6}, {3, 7}, {5}, {1, 4}, {2}], [{8, 6}, {4, 7}, {1, 5}, {2, 3}], [{8, 6}, {4, 7}, {1, 5}, {3}, {2}], [{8, 6}, {4, 7}, {2, 5}, {1, 3}], [{8, 6}, {4, 7}, {3, 5}, {1, 2}], [{8, 6}, {4, 7}, {3, 5}, {2}, {1}], [{8, 6}, {4, 7}, {5}, {1, 3}, {2}], [{8, 6}, {5, 7}, {1, 4}, {2, 3}], [{8, 6}, {5, 7}, {1, 4}, {3}, {2}], [{8, 6}, {5, 7}, {2, 4}, {1, 3}], [{8, 6}, {5, 7}, {3, 4}, {1, 2}], [{8, 6}, {5, 7}, {3, 4}, {2}, {1}], [{8, 6}, {5, 7}, {4}, {1, 3}, {2}], [{8, 6}, {7}, {1, 5}, {3, 4}, {2}], [{8, 6}, {7}, {3, 5}, {1, 4}, {2}], [{8, 6}, {7}, {4, 5}, {1, 3}, {2}], [{8, 6}, {7}, {4, 5}, {2, 3}, {1}], [{8, 6}, {7}, {4, 5}, {3}, {1, 2}], [{8, 6}, {7}, {4, 5}, {3}, {2}, {1}], [{8, 7}, {1, 6}, {2, 5}, {3, 4}], [{8, 7}, {1, 6}, {3, 5}, {2, 4}], [{8, 7}, {1, 6}, {3, 5}, {4}, {2}], [{8, 7}, {1, 6}, {4, 5}, {2, 3}], [{8, 7}, {1, 6}, {4, 5}, {3}, {2}], [{8, 7}, {1, 6}, {5}, {3, 4}, {2}], [{8, 7}, {2, 6}, {1, 5}, {3, 4}], [{8, 7}, {2, 6}, {3, 5}, {1, 4}], [{8, 7}, {2, 6}, {3, 5}, {4}, {1}], [{8, 7}, {2, 6}, {4, 5}, {1, 3}], [{8, 7}, {2, 6}, {4, 5}, {3}, {1}], [{8, 7}, {2, 6}, {5}, {3, 4}, {1}], [{8, 7}, {3, 6}, {1, 5}, {2, 4}], [{8, 7}, {3, 6}, {1, 5}, {4}, {2}], [{8, 7}, {3, 6}, {2, 5}, {1, 4}], [{8, 7}, {3, 6}, {2, 5}, {4}, {1}], [{8, 7}, {3, 6}, {4, 5}, {1, 2}], [{8, 7}, {3, 6}, {4, 5}, {2}, {1}], [{8, 7}, {3, 6}, {5}, {1, 4}, {2}], [{8, 7}, {3, 6}, {5}, {2, 4}, {1}], [{8, 7}, {3, 6}, {5}, {4}, {1, 2}], [{8, 7}, {3, 6}, {5}, {4}, {2}, {1}], [{8, 7}, {4, 6}, {1, 5}, {2, 3}], [{8, 7}, {4, 6}, {1, 5}, {3}, {2}], [{8, 7}, {4, 6}, {2, 5}, {1, 3}], [{8, 7}, {4, 6}, {2, 5}, {3}, {1}], [{8, 7}, {4, 6}, {3, 5}, {1, 2}], [{8, 7}, {4, 6}, {3, 5}, {2}, {1}], [{8, 7}, {4, 6}, {5}, {1, 3}, {2}], [{8, 7}, {4, 6}, {5}, {2, 3}, {1}], [{8, 7}, {4, 6}, {5}, {3}, {1, 2}], [{8, 7}, {4, 6}, {5}, {3}, {2}, {1}], [{8, 7}, {5, 6}, {1, 4}, {2, 3}], [{8, 7}, {5, 6}, {1, 4}, {3}, {2}], [{8, 7}, {5, 6}, {2, 4}, {1, 3}], [{8, 7}, {5, 6}, {2, 4}, {3}, {1}], [{8, 7}, {5, 6}, {3, 4}, {1, 2}], [{8, 7}, {5, 6}, {3, 4}, {2}, {1}], [{8, 7}, {5, 6}, {4}, {1, 3}, {2}], [{8, 7}, {5, 6}, {4}, {2, 3}, {1}], [{8, 7}, {5, 6}, {4}, {3}, {1, 2}], [{8, 7}, {5, 6}, {4}, {3}, {2}, {1}], [{8, 7}, {6}, {1, 5}, {3, 4}, {2}], [{8, 7}, {6}, {2, 5}, {3, 4}, {1}], [{8, 7}, {6}, {3, 5}, {1, 4}, {2}], [{8, 7}, {6}, {3, 5}, {2, 4}, {1}], [{8, 7}, {6}, {3, 5}, {4}, {1, 2}], [{8, 7}, {6}, {3, 5}, {4}, {2}, {1}], [{8, 7}, {6}, {4, 5}, {1, 3}, {2}], [{8, 7}, {6}, {4, 5}, {2, 3}, {1}], [{8, 7}, {6}, {4, 5}, {3}, {1, 2}], [{8, 7}, {6}, {4, 5}, {3}, {2}, {1}], [{8, 7}, {6}, {5}, {3, 4}, {1, 2}], [{8, 7}, {6}, {5}, {3, 4}, {2}, {1}], [{8}, {1, 7}, {2, 6}, {3, 5}, {4}], [{8}, {1, 7}, {2, 6}, {4, 5}, {3}], [{8}, {1, 7}, {2, 6}, {5}, {3, 4}], [{8}, {1, 7}, {3, 6}, {2, 5}, {4}], [{8}, {1, 7}, {3, 6}, {4, 5}, {2}], [{8}, {1, 7}, {3, 6}, {5}, {2, 4}], [{8}, {1, 7}, {3, 6}, {5}, {4}, {2}], [{8}, {1, 7}, {4, 6}, {2, 5}, {3}], [{8}, {1, 7}, {4, 6}, {3, 5}, {2}], [{8}, {1, 7}, {4, 6}, {5}, {2, 3}], [{8}, {1, 7}, {4, 6}, {5}, {3}, {2}], [{8}, {1, 7}, {5, 6}, {2, 4}, {3}], [{8}, {1, 7}, {5, 6}, {3, 4}, {2}], [{8}, {1, 7}, {5, 6}, {4}, {2, 3}], [{8}, {1, 7}, {5, 6}, {4}, {3}, {2}], [{8}, {1, 7}, {6}, {2, 5}, {3, 4}], [{8}, {1, 7}, {6}, {3, 5}, {2, 4}], [{8}, {1, 7}, {6}, {3, 5}, {4}, {2}], [{8}, {1, 7}, {6}, {4, 5}, {2, 3}], [{8}, {1, 7}, {6}, {4, 5}, {3}, {2}], [{8}, {1, 7}, {6}, {5}, {3, 4}, {2}], [{8}, {2, 7}, {1, 6}, {4, 5}, {3}], [{8}, {2, 7}, {3, 6}, {4, 5}, {1}], [{8}, {2, 7}, {4, 6}, {1, 5}, {3}], [{8}, {2, 7}, {4, 6}, {3, 5}, {1}], [{8}, {2, 7}, {4, 6}, {5}, {1, 3}], [{8}, {2, 7}, {4, 6}, {5}, {3}, {1}], [{8}, {2, 7}, {5, 6}, {1, 4}, {3}], [{8}, {2, 7}, {5, 6}, {3, 4}, {1}], [{8}, {2, 7}, {5, 6}, {4}, {1, 3}], [{8}, {2, 7}, {5, 6}, {4}, {3}, {1}], [{8}, {2, 7}, {6}, {4, 5}, {1, 3}], [{8}, {2, 7}, {6}, {4, 5}, {3}, {1}], [{8}, {3, 7}, {1, 6}, {4, 5}, {2}], [{8}, {3, 7}, {2, 6}, {4, 5}, {1}], [{8}, {3, 7}, {4, 6}, {1, 5}, {2}], [{8}, {3, 7}, {4, 6}, {2, 5}, {1}], [{8}, {3, 7}, {4, 6}, {5}, {1, 2}], [{8}, {3, 7}, {4, 6}, {5}, {2}, {1}], [{8}, {3, 7}, {5, 6}, {1, 4}, {2}], [{8}, {3, 7}, {5, 6}, {2, 4}, {1}], [{8}, {3, 7}, {5, 6}, {4}, {1, 2}], [{8}, {3, 7}, {5, 6}, {4}, {2}, {1}], [{8}, {3, 7}, {6}, {4, 5}, {1, 2}], [{8}, {3, 7}, {6}, {4, 5}, {2}, {1}], [{8}, {4, 7}, {1, 6}, {3, 5}, {2}], [{8}, {4, 7}, {2, 6}, {5}, {1, 3}], [{8}, {4, 7}, {3, 6}, {1, 5}, {2}], [{8}, {4, 7}, {5, 6}, {1, 3}, {2}], [{8}, {4, 7}, {5, 6}, {2, 3}, {1}], [{8}, {4, 7}, {5, 6}, {3}, {1, 2}], [{8}, {4, 7}, {5, 6}, {3}, {2}, {1}], [{8}, {4, 7}, {6}, {2, 5}, {1, 3}], [{8}, {4, 7}, {6}, {5}, {1, 3}, {2}], [{8}, {5, 7}, {1, 6}, {3, 4}, {2}], [{8}, {5, 7}, {2, 6}, {4}, {1, 3}], [{8}, {5, 7}, {3, 6}, {1, 4}, {2}], [{8}, {5, 7}, {4, 6}, {1, 3}, {2}], [{8}, {5, 7}, {4, 6}, {2, 3}, {1}], [{8}, {5, 7}, {4, 6}, {3}, {1, 2}], [{8}, {5, 7}, {4, 6}, {3}, {2}, {1}], [{8}, {5, 7}, {6}, {2, 4}, {1, 3}], [{8}, {5, 7}, {6}, {4}, {1, 3}, {2}], [{8}, {6, 7}, {1, 5}, {3, 4}, {2}], [{8}, {6, 7}, {2, 5}, {4}, {1, 3}], [{8}, {6, 7}, {3, 5}, {1, 4}, {2}], [{8}, {6, 7}, {4, 5}, {1, 3}, {2}], [{8}, {6, 7}, {4, 5}, {2, 3}, {1}], [{8}, {6, 7}, {4, 5}, {3}, {1, 2}], [{8}, {6, 7}, {4, 5}, {3}, {2}, {1}], [{8}, {6, 7}, {5}, {2, 4}, {1, 3}], [{8}, {6, 7}, {5}, {4}, {1, 3}, {2}], [{8}, {7}, {1, 6}, {4, 5}, {2, 3}], [{8}, {7}, {1, 6}, {4, 5}, {3}, {2}], [{8}, {7}, {2, 6}, {4, 5}, {1, 3}], [{8}, {7}, {2, 6}, {4, 5}, {3}, {1}], [{8}, {7}, {3, 6}, {4, 5}, {1, 2}], [{8}, {7}, {3, 6}, {4, 5}, {2}, {1}], [{8}, {7}, {4, 6}, {1, 5}, {2, 3}], [{8}, {7}, {4, 6}, {1, 5}, {3}, {2}], [{8}, {7}, {4, 6}, {2, 5}, {1, 3}], [{8}, {7}, {4, 6}, {2, 5}, {3}, {1}], [{8}, {7}, {4, 6}, {3, 5}, {1, 2}], [{8}, {7}, {4, 6}, {3, 5}, {2}, {1}], [{8}, {7}, {4, 6}, {5}, {1, 3}, {2}], [{8}, {7}, {4, 6}, {5}, {2, 3}, {1}], [{8}, {7}, {4, 6}, {5}, {3}, {1, 2}], [{8}, {7}, {4, 6}, {5}, {3}, {2}, {1}], [{8}, {7}, {5, 6}, {1, 4}, {2, 3}], [{8}, {7}, {5, 6}, {1, 4}, {3}, {2}], [{8}, {7}, {5, 6}, {2, 4}, {1, 3}], [{8}, {7}, {5, 6}, {2, 4}, {3}, {1}], [{8}, {7}, {5, 6}, {3, 4}, {1, 2}], [{8}, {7}, {5, 6}, {3, 4}, {2}, {1}], [{8}, {7}, {5, 6}, {4}, {1, 3}, {2}], [{8}, {7}, {5, 6}, {4}, {2, 3}, {1}], [{8}, {7}, {5, 6}, {4}, {3}, {1, 2}], [{8}, {7}, {5, 6}, {4}, {3}, {2}, {1}], [{8}, {7}, {6}, {4, 5}, {1, 3}, {2}], [{8}, {7}, {6}, {4, 5}, {2, 3}, {1}], [{8}, {7}, {6}, {4, 5}, {3}, {1, 2}], [{8}, {7}, {6}, {4, 5}, {3}, {2}, {1}]]",2,4 K_1^3 - 28 K_1^2 - 20 K_1 K_2 + 7 K_1 + 14 K_2 + 9 K_3 + 15,O1O2O3O4U5U6U2O6O7U3O5U1U4O8U7U8,O1O2O3U4U5U1U6O7O8U7O4O6U3O5U8U2,O1O2O3U2U4O5U1O6O7U8O4O8U6U3U5U7,c,{'O1O2O3O4U5U6O5U1U4O7U2O6O8U3U8U7'},1,"<a href=""/flatknot/8.857782"">8.857782</a>",t^9-36t^7-102t^6-44t^5+108t^4+80t^3-24t^2-16t,0,,
8.857783,O1O2O3O4U5U6O5U1U4O7U2O6O8U7U3U8,4,15z^2+68z+77,-8w^4z^2+23w^3z^2-24w^3z+92w^2z+77w,False,False,"[[ 0 -2  0  1  2 -1 -1 -1  2],[ 2  0  2  2  1  2  1  0  1],[ 0 -2  0  1  0  0  0  0  2],[-1 -2 -1  0  1 -2  0 -1  2],[-2 -1  0 -1  0 -2 -1 -1  0],[ 1 -2  0  2  2  0 -1  0  2],[ 1 -1  0  0  1  1  0 -1  1],[ 1  0  0  1  1  0  1  0  1],[-2 -1 -2 -2  0 -2 -1 -1  0]]","[[ 0  2  2  1  0 -1 -1 -1 -2],[-2  0  0 -1  0 -1 -1 -2 -1],[-2  0  0 -2 -2 -1 -1 -2 -1],[-1  1  2  0 -1  0 -1 -2 -2],[ 0  0  2  1  0  0  0  0 -2],[ 1  1  1  0  0  0 -1  1 -1],[ 1  1  1  1  0  1  0  0  0],[ 1  2  2  2  0 -1  0  0 -2],[ 2  1  1  2  2  1  0  2  0]]",True,"[-2,-2,-1,0,1,1,1,2,0,1,0,1,1,2,1,2,2,1,1,2,1,1,0,1,2,2,0,0,0,2,1,-1,1,0,0,2]","[-2,-2,-1,0,1,1,1,2,0,-1,0,1,2,2,3,0,2,1,2,2,3,0,0,1,2,1,1,1,1,0,0,-1,-1,1,1,0]",t^8+44t^6+211t^4+264t^2,"[-2,-1,-1,-1,0,1,2,2,-1,0,1,0,1,3,3,1,0,1,0,1,1,1,1,2,2,2,1,1,2,2,0,0,2,-1,0,0]","[-2,-2,-1,0,1,1,1,2,0,-1,0,1,2,2,3,0,2,1,2,2,3,0,0,1,2,1,1,1,1,0,0,-1,-1,1,1,0]","[-2,-1,-1,-1,0,1,2,2,0,1,2,2,2,1,1,1,0,0,1,1,1,1,0,0,1,1,0,2,2,2,1,0,2,1,2,0]",c,"[[{8, 1}, {2, 7}, {4, 6}, {3, 5}], [{8, 1}, {4, 7}, {2, 6}, {3, 5}], [{8, 1}, {4, 7}, {5, 6}, {2, 3}], [{8, 1}, {6, 7}, {3, 5}, {2, 4}]]",1,12 K_1^3 + 8 K_1^2 K_2 - 14 K_1^2 - 12 K_1 K_2 - 8 K_1 K_3 - 3 K_1 + 7 K_2 + 3 K_3 + 2 K_4 + 6,O1O2O3O4U5U2U6O5O7U3O6U1U4O8U7U8,O1O2O3U4U5U2U6O7O8U7O4O6U1O5U8U3,O1O2O3U1U4O5U3O6O7U8O4O8U6U2U5U7,c,{'O1O2O3O4U5U6O5U1U4O7U2O6O8U7U3U8'},1,"<a href=""/flatknot/8.857783"">8.857783</a>",t^9-42t^7-122t^6+26t^5+386t^4+298t^3-86t^2-77t+12,-t^2+2t,,
8.857784,O1O2O3O4U5U6O5U1U4O7U2O6O8U7U8U3,4,z^3+20z^2+100z+129,w^4z^3+20w^3z^2+100w^2z+129w,False,False,"[[ 0 -2  0  2  2 -1 -1 -1  1],[ 2  0  2  2  1  2  1  0  0],[ 0 -2  0  1  0  0  0  0  1],[-2 -2 -1  0  1 -3 -1 -2  1],[-2 -1  0 -1  0 -2 -1 -1  0],[ 1 -2  0  3  2  0 -1  0  1],[ 1 -1  0  1  1  1  0 -1  0],[ 1  0  0  2  1  0  1  0  1],[-1  0 -1 -1  0 -1  0 -1  0]]","[[ 0  2  2  1  0 -1 -1 -1 -2],[-2  0  1  1 -1 -1 -2 -3 -2],[-2 -1  0  0  0 -1 -1 -2 -1],[-1 -1  0  0 -1  0 -1 -1  0],[ 0  1  0  1  0  0  0  0 -2],[ 1  1  1  0  0  0 -1  1 -1],[ 1  2  1  1  0  1  0  0  0],[ 1  3  2  1  0 -1  0  0 -2],[ 2  2  1  0  2  1  0  2  0]]",True,"[-2,-2,-1,0,1,1,1,2,-1,-1,1,1,2,3,2,0,0,1,1,2,1,1,0,1,1,0,0,0,0,2,1,-1,1,0,0,2]","[-2,-2,-1,0,1,1,1,2,-1,-1,1,1,2,3,2,0,0,1,1,2,1,1,0,1,1,0,0,0,0,2,1,-1,1,0,0,2]",t^8+42t^6+205t^4+246t^2+1,"[-2,-1,-1,-1,0,1,2,2,-1,0,1,0,3,2,3,1,0,1,1,0,1,1,1,2,2,2,1,1,1,2,0,1,2,2,1,-1]","[-2,-2,-1,0,1,1,1,2,-1,1,2,1,2,2,3,2,1,0,1,2,2,0,1,1,2,3,1,1,1,0,0,-1,-1,1,1,0]","[-2,-1,-1,-1,0,1,2,2,0,1,2,2,0,1,2,1,0,0,1,1,2,1,0,0,1,1,0,1,2,3,1,0,1,0,-1,-1]",c,"[[{8, 1}, {2, 7}, {3, 6}, {4, 5}], [{8, 1}, {2, 7}, {4, 6}, {3, 5}], [{8, 1}, {2, 7}, {5, 6}, {3, 4}], [{8, 1}, {3, 7}, {2, 6}, {4, 5}], [{8, 1}, {3, 7}, {4, 6}, {2, 5}], [{8, 1}, {3, 7}, {5, 6}, {2, 4}], [{8, 1}, {4, 7}, {2, 6}, {3, 5}], [{8, 1}, {4, 7}, {3, 6}, {2, 5}], [{8, 1}, {4, 7}, {5, 6}, {2, 3}], [{8, 1}, {4, 7}, {6}, {3, 5}, {2}], [{8, 1}, {5, 7}, {2, 6}, {3, 4}], [{8, 1}, {5, 7}, {3, 6}, {2, 4}], [{8, 1}, {5, 7}, {4, 6}, {2, 3}], [{8, 1}, {6, 7}, {2, 5}, {3, 4}], [{8, 1}, {6, 7}, {2, 5}, {4}, {3}], [{8, 1}, {6, 7}, {3, 5}, {2, 4}], [{8, 1}, {6, 7}, {3, 5}, {4}, {2}], [{8, 1}, {6, 7}, {4, 5}, {2, 3}], [{8, 1}, {6, 7}, {4, 5}, {3}, {2}], [{8, 1}, {6, 7}, {5}, {2, 4}, {3}], [{8, 1}, {6, 7}, {5}, {3, 4}, {2}], [{8, 1}, {6, 7}, {5}, {4}, {2, 3}], [{8, 1}, {6, 7}, {5}, {4}, {3}, {2}], [{8, 1}, {7}, {4, 6}, {3, 5}, {2}], [{8, 2}, {1, 7}, {3, 6}, {4, 5}], [{8, 2}, {1, 7}, {3, 6}, {5}, {4}], [{8, 2}, {1, 7}, {4, 6}, {3, 5}], [{8, 2}, {1, 7}, {5, 6}, {3, 4}], [{8, 2}, {1, 7}, {6}, {4, 5}, {3}], [{8, 2}, {3, 7}, {1, 6}, {4, 5}], [{8, 2}, {3, 7}, {4, 6}, {1, 5}], [{8, 2}, {3, 7}, {5, 6}, {1, 4}], [{8, 2}, {3, 7}, {6}, {4, 5}, {1}], [{8, 2}, {4, 7}, {1, 6}, {3, 5}], [{8, 2}, {4, 7}, {3, 6}, {1, 5}], [{8, 2}, {4, 7}, {5, 6}, {1, 3}], [{8, 2}, {4, 7}, {6}, {3, 5}, {1}], [{8, 2}, {5, 7}, {1, 6}, {3, 4}], [{8, 2}, {5, 7}, {3, 6}, {1, 4}], [{8, 2}, {5, 7}, {4, 6}, {1, 3}], [{8, 2}, {6, 7}, {1, 5}, {3, 4}], [{8, 2}, {6, 7}, {1, 5}, {4}, {3}], [{8, 2}, {6, 7}, {3, 5}, {1, 4}], [{8, 2}, {6, 7}, {3, 5}, {4}, {1}], [{8, 2}, {6, 7}, {4, 5}, {1, 3}], [{8, 2}, {6, 7}, {5}, {4}, {1, 3}], [{8, 2}, {7}, {1, 6}, {5}, {3, 4}], [{8, 2}, {7}, {4, 6}, {3, 5}, {1}], [{8, 2}, {7}, {6}, {4, 5}, {1, 3}], [{8, 3}, {1, 7}, {2, 6}, {4, 5}], [{8, 3}, {1, 7}, {4, 6}, {2, 5}], [{8, 3}, {1, 7}, {5, 6}, {2, 4}], [{8, 3}, {2, 7}, {1, 6}, {4, 5}], [{8, 3}, {2, 7}, {4, 6}, {1, 5}], [{8, 3}, {2, 7}, {5, 6}, {1, 4}], [{8, 3}, {4, 7}, {1, 6}, {2, 5}], [{8, 3}, {4, 7}, {2, 6}, {1, 5}], [{8, 3}, {4, 7}, {5, 6}, {1, 2}], [{8, 3}, {4, 7}, {6}, {1, 5}, {2}], [{8, 3}, {5, 7}, {1, 6}, {2, 4}], [{8, 3}, {5, 7}, {2, 6}, {1, 4}], [{8, 3}, {5, 7}, {4, 6}, {1, 2}], [{8, 3}, {5, 7}, {6}, {4}, {1, 2}], [{8, 3}, {6, 7}, {1, 5}, {2, 4}], [{8, 3}, {6, 7}, {1, 5}, {4}, {2}], [{8, 3}, {6, 7}, {2, 5}, {1, 4}], [{8, 3}, {6, 7}, {2, 5}, {4}, {1}], [{8, 3}, {6, 7}, {4, 5}, {1, 2}], [{8, 3}, {6, 7}, {4, 5}, {2}, {1}], [{8, 3}, {6, 7}, {5}, {1, 4}, {2}], [{8, 3}, {6, 7}, {5}, {2, 4}, {1}], [{8, 3}, {6, 7}, {5}, {4}, {1, 2}], [{8, 3}, {6, 7}, {5}, {4}, {2}, {1}], [{8, 3}, {7}, {4, 6}, {1, 5}, {2}], [{8, 3}, {7}, {5, 6}, {4}, {1, 2}], [{8, 4}, {1, 7}, {2, 6}, {3, 5}], [{8, 4}, {1, 7}, {3, 6}, {2, 5}], [{8, 4}, {1, 7}, {5, 6}, {2, 3}], [{8, 4}, {2, 7}, {1, 6}, {3, 5}], [{8, 4}, {2, 7}, {3, 6}, {1, 5}], [{8, 4}, {2, 7}, {5, 6}, {1, 3}], [{8, 4}, {2, 7}, {6}, {5}, {1, 3}], [{8, 4}, {3, 7}, {1, 6}, {2, 5}], [{8, 4}, {3, 7}, {2, 6}, {1, 5}], [{8, 4}, {3, 7}, {5, 6}, {1, 2}], [{8, 4}, {5, 7}, {1, 6}, {2, 3}], [{8, 4}, {5, 7}, {2, 6}, {1, 3}], [{8, 4}, {5, 7}, {3, 6}, {1, 2}], [{8, 4}, {5, 7}, {6}, {3}, {1, 2}], [{8, 4}, {6, 7}, {1, 5}, {2, 3}], [{8, 4}, {6, 7}, {1, 5}, {3}, {2}], [{8, 4}, {6, 7}, {2, 5}, {1, 3}], [{8, 4}, {6, 7}, {3, 5}, {1, 2}], [{8, 4}, {6, 7}, {3, 5}, {2}, {1}], [{8, 4}, {6, 7}, {5}, {1, 3}, {2}], [{8, 4}, {7}, {1, 6}, {5}, {2, 3}], [{8, 4}, {7}, {2, 6}, {5}, {1, 3}], [{8, 5}, {1, 7}, {2, 6}, {3, 4}], [{8, 5}, {1, 7}, {3, 6}, {2, 4}], [{8, 5}, {1, 7}, {4, 6}, {2, 3}], [{8, 5}, {2, 7}, {1, 6}, {3, 4}], [{8, 5}, {2, 7}, {3, 6}, {1, 4}], [{8, 5}, {2, 7}, {4, 6}, {1, 3}], [{8, 5}, {3, 7}, {1, 6}, {2, 4}], [{8, 5}, {3, 7}, {2, 6}, {1, 4}], [{8, 5}, {3, 7}, {4, 6}, {1, 2}], [{8, 5}, {3, 7}, {6}, {1, 4}, {2}], [{8, 5}, {4, 7}, {1, 6}, {2, 3}], [{8, 5}, {4, 7}, {2, 6}, {1, 3}], [{8, 5}, {4, 7}, {3, 6}, {1, 2}], [{8, 5}, {4, 7}, {6}, {1, 3}, {2}], [{8, 5}, {6, 7}, {1, 4}, {2, 3}], [{8, 5}, {6, 7}, {1, 4}, {3}, {2}], [{8, 5}, {6, 7}, {2, 4}, {1, 3}], [{8, 5}, {6, 7}, {2, 4}, {3}, {1}], [{8, 5}, {6, 7}, {3, 4}, {1, 2}], [{8, 5}, {6, 7}, {3, 4}, {2}, {1}], [{8, 5}, {6, 7}, {4}, {1, 3}, {2}], [{8, 5}, {6, 7}, {4}, {2, 3}, {1}], [{8, 5}, {6, 7}, {4}, {3}, {1, 2}], [{8, 5}, {6, 7}, {4}, {3}, {2}, {1}], [{8, 5}, {7}, {3, 6}, {1, 4}, {2}], [{8, 5}, {7}, {4, 6}, {1, 3}, {2}], [{8, 6}, {1, 7}, {2, 5}, {3, 4}], [{8, 6}, {1, 7}, {3, 5}, {2, 4}], [{8, 6}, {1, 7}, {4, 5}, {2, 3}], [{8, 6}, {2, 7}, {1, 5}, {3, 4}], [{8, 6}, {2, 7}, {1, 5}, {4}, {3}], [{8, 6}, {2, 7}, {3, 5}, {1, 4}], [{8, 6}, {2, 7}, {4, 5}, {1, 3}], [{8, 6}, {3, 7}, {1, 5}, {2, 4}], [{8, 6}, {3, 7}, {2, 5}, {1, 4}], [{8, 6}, {3, 7}, {4, 5}, {1, 2}], [{8, 6}, {4, 7}, {1, 5}, {2, 3}], [{8, 6}, {4, 7}, {2, 5}, {1, 3}], [{8, 6}, {4, 7}, {3, 5}, {1, 2}], [{8, 6}, {4, 7}, {3, 5}, {2}, {1}], [{8, 6}, {5, 7}, {1, 4}, {2, 3}], [{8, 6}, {5, 7}, {2, 4}, {1, 3}], [{8, 6}, {5, 7}, {3, 4}, {1, 2}], [{8, 6}, {5, 7}, {4}, {3}, {1, 2}], [{8, 7}, {1, 6}, {2, 5}, {3, 4}], [{8, 7}, {1, 6}, {3, 5}, {2, 4}], [{8, 7}, {1, 6}, {4, 5}, {2, 3}], [{8, 7}, {2, 6}, {1, 5}, {3, 4}], [{8, 7}, {2, 6}, {1, 5}, {4}, {3}], [{8, 7}, {2, 6}, {3, 5}, {1, 4}], [{8, 7}, {2, 6}, {4, 5}, {1, 3}], [{8, 7}, {3, 6}, {1, 5}, {2, 4}], [{8, 7}, {3, 6}, {2, 5}, {1, 4}], [{8, 7}, {3, 6}, {4, 5}, {1, 2}], [{8, 7}, {4, 6}, {1, 5}, {2, 3}], [{8, 7}, {4, 6}, {2, 5}, {1, 3}], [{8, 7}, {4, 6}, {3, 5}, {1, 2}], [{8, 7}, {4, 6}, {3, 5}, {2}, {1}], [{8, 7}, {5, 6}, {1, 4}, {2, 3}], [{8, 7}, {5, 6}, {2, 4}, {1, 3}], [{8, 7}, {5, 6}, {3, 4}, {1, 2}], [{8, 7}, {6}, {4, 5}, {3}, {1, 2}], [{8}, {1, 7}, {4, 6}, {3, 5}, {2}], [{8}, {2, 7}, {4, 6}, {3, 5}, {1}], [{8}, {3, 7}, {2, 6}, {5}, {1, 4}], [{8}, {3, 7}, {4, 6}, {5}, {1, 2}], [{8}, {4, 7}, {1, 6}, {3, 5}, {2}], [{8}, {4, 7}, {2, 6}, {3, 5}, {1}], [{8}, {4, 7}, {6}, {3, 5}, {1, 2}], [{8}, {4, 7}, {6}, {3, 5}, {2}, {1}], [{8}, {5, 7}, {3, 6}, {4}, {1, 2}], [{8}, {5, 7}, {4, 6}, {3}, {1, 2}], [{8}, {5, 7}, {6}, {3, 4}, {1, 2}], [{8}, {6, 7}, {1, 5}, {2, 4}, {3}], [{8}, {6, 7}, {1, 5}, {3, 4}, {2}], [{8}, {6, 7}, {1, 5}, {4}, {2, 3}], [{8}, {6, 7}, {1, 5}, {4}, {3}, {2}], [{8}, {6, 7}, {2, 5}, {4}, {1, 3}], [{8}, {6, 7}, {3, 5}, {1, 4}, {2}], [{8}, {6, 7}, {3, 5}, {2, 4}, {1}], [{8}, {6, 7}, {3, 5}, {4}, {1, 2}], [{8}, {6, 7}, {3, 5}, {4}, {2}, {1}], [{8}, {6, 7}, {4, 5}, {1, 3}, {2}], [{8}, {6, 7}, {5}, {2, 4}, {1, 3}], [{8}, {6, 7}, {5}, {4}, {1, 3}, {2}], [{8}, {7}, {4, 6}, {3, 5}, {1, 2}], [{8}, {7}, {4, 6}, {3, 5}, {2}, {1}]]",2,- 8 K_1^4 + 12 K_1^3 + 12 K_1^2 K_2 - 26 K_1^2 - 20 K_1 K_2 - 4 K_1 K_3 + K_1 - 2 K_2^2 + 13 K_2 + 7 K_3 + K_4 + 15,O1O2O3O4U2U5U6O5O7U3O6U1U4O8U7U8,O1O2O3U4U5U3U6O7O8U7O4O6U1O5U8U2,O1O2O3U2U4O5U3O6O7U8O4O8U6U1U5U7,c,{'O1O2O3O4U5U6O5U1U4O7U2O6O8U7U8U3'},1,"<a href=""/flatknot/8.857784"">8.857784</a>",t^9-40t^7-104t^6+38t^5+218t^4+79t^3-106t^2-92t-2,-t^2+2t,,
8.857785,O1O2O3O4U5U6O5U1U4O7U3O6O8U2U7U8,4,14z^2+83z+111,14w^3z^2+83w^2z+111w,False,False,"[[ 0 -2 -1  1  2 -1 -1  0  2],[ 2  0  2  2  1  2  1  1  1],[ 1 -2  0  1  1  0  0  1  2],[-1 -2 -1  0  0 -1 -1  0  1],[-2 -1 -1  0  0 -2 -1 -1  0],[ 1 -2  0  1  2  0 -1  1  2],[ 1 -1  0  1  1  1  0  0  1],[ 0 -1 -1  0  1 -1  0  0  1],[-2 -1 -2 -1  0 -2 -1 -1  0]]","[[ 0  2  2  1  0 -1 -1 -1 -2],[-2  0  0  0 -1 -1 -1 -2 -1],[-2  0  0 -1 -1 -1 -2 -2 -1],[-1  0  1  0  0 -1 -1 -1 -2],[ 0  1  1  0  0  0 -1 -1 -1],[ 1  1  1  1  0  0  0  1 -1],[ 1  1  2  1  1  0  0  0 -2],[ 1  2  2  1  1 -1  0  0 -2],[ 2  1  1  2  1  1  2  2  0]]",True,"[-2,-2,-1,0,1,1,1,2,0,0,1,1,1,2,1,1,1,1,2,2,1,0,1,1,1,2,0,1,1,1,0,-1,1,0,2,2]","[-2,-2,-1,0,1,1,1,2,0,0,1,1,1,2,1,1,1,1,2,2,1,0,1,1,1,2,0,1,1,1,0,-1,1,0,2,2]",t^8+40t^6+88t^4+48t^2,"[-2,-1,-1,-1,0,1,2,2,-1,-1,0,1,1,3,3,0,0,0,1,1,2,1,0,1,1,1,1,1,2,2,1,1,1,0,1,0]","[-2,-2,-1,0,1,1,1,2,0,0,1,1,1,2,3,1,1,1,2,2,3,1,1,1,1,1,0,0,1,1,0,-1,-1,0,-1,0]","[-2,-1,-1,-1,0,1,2,2,1,2,2,1,2,1,1,0,1,0,1,1,1,0,1,1,1,2,1,1,2,2,0,1,1,0,1,0]",c,"[[{8, 1}, {2, 7}, {3, 6}, {4, 5}], [{8, 1}, {2, 7}, {4, 6}, {3, 5}], [{8, 1}, {2, 7}, {5, 6}, {3, 4}], [{8, 1}, {2, 7}, {5, 6}, {4}, {3}], [{8, 1}, {3, 7}, {2, 6}, {4, 5}], [{8, 1}, {3, 7}, {2, 6}, {5}, {4}], [{8, 1}, {3, 7}, {4, 6}, {2, 5}], [{8, 1}, {3, 7}, {4, 6}, {5}, {2}], [{8, 1}, {3, 7}, {5, 6}, {2, 4}], [{8, 1}, {3, 7}, {6}, {5}, {2, 4}], [{8, 1}, {4, 7}, {2, 6}, {3, 5}], [{8, 1}, {4, 7}, {3, 6}, {2, 5}], [{8, 1}, {4, 7}, {5, 6}, {2, 3}], [{8, 1}, {4, 7}, {5, 6}, {3}, {2}], [{8, 1}, {4, 7}, {6}, {5}, {2, 3}], [{8, 1}, {5, 7}, {2, 6}, {3, 4}], [{8, 1}, {5, 7}, {3, 6}, {2, 4}], [{8, 1}, {5, 7}, {4, 6}, {2, 3}], [{8, 1}, {5, 7}, {6}, {3, 4}, {2}], [{8, 1}, {6, 7}, {2, 5}, {3, 4}], [{8, 1}, {6, 7}, {2, 5}, {4}, {3}], [{8, 1}, {6, 7}, {3, 5}, {2, 4}], [{8, 1}, {6, 7}, {4, 5}, {2, 3}], [{8, 1}, {7}, {2, 6}, {4, 5}, {3}], [{8, 1}, {7}, {5, 6}, {2, 4}, {3}], [{8, 2}, {1, 7}, {3, 6}, {4, 5}], [{8, 2}, {1, 7}, {4, 6}, {3, 5}], [{8, 2}, {1, 7}, {5, 6}, {3, 4}], [{8, 2}, {1, 7}, {6}, {4, 5}, {3}], [{8, 2}, {3, 7}, {1, 6}, {4, 5}], [{8, 2}, {3, 7}, {1, 6}, {5}, {4}], [{8, 2}, {3, 7}, {4, 6}, {1, 5}], [{8, 2}, {3, 7}, {4, 6}, {5}, {1}], [{8, 2}, {3, 7}, {5, 6}, {1, 4}], [{8, 2}, {3, 7}, {5, 6}, {4}, {1}], [{8, 2}, {3, 7}, {6}, {1, 5}, {4}], [{8, 2}, {3, 7}, {6}, {4, 5}, {1}], [{8, 2}, {3, 7}, {6}, {5}, {1, 4}], [{8, 2}, {4, 7}, {1, 6}, {3, 5}], [{8, 2}, {4, 7}, {3, 6}, {1, 5}], [{8, 2}, {4, 7}, {5, 6}, {1, 3}], [{8, 2}, {4, 7}, {6}, {5}, {1, 3}], [{8, 2}, {5, 7}, {1, 6}, {3, 4}], [{8, 2}, {5, 7}, {3, 6}, {1, 4}], [{8, 2}, {5, 7}, {4, 6}, {1, 3}], [{8, 2}, {5, 7}, {6}, {4}, {1, 3}], [{8, 2}, {6, 7}, {1, 5}, {3, 4}], [{8, 2}, {6, 7}, {3, 5}, {1, 4}], [{8, 2}, {6, 7}, {4, 5}, {1, 3}], [{8, 2}, {6, 7}, {4, 5}, {3}, {1}], [{8, 2}, {7}, {1, 6}, {4, 5}, {3}], [{8, 2}, {7}, {3, 6}, {4, 5}, {1}], [{8, 2}, {7}, {4, 6}, {1, 5}, {3}], [{8, 2}, {7}, {5, 6}, {1, 4}, {3}], [{8, 2}, {7}, {6}, {4, 5}, {1, 3}], [{8, 2}, {7}, {6}, {4, 5}, {3}, {1}], [{8, 3}, {1, 7}, {2, 6}, {4, 5}], [{8, 3}, {1, 7}, {2, 6}, {5}, {4}], [{8, 3}, {1, 7}, {4, 6}, {2, 5}], [{8, 3}, {1, 7}, {4, 6}, {5}, {2}], [{8, 3}, {1, 7}, {5, 6}, {2, 4}], [{8, 3}, {1, 7}, {6}, {5}, {2, 4}], [{8, 3}, {2, 7}, {1, 6}, {4, 5}], [{8, 3}, {2, 7}, {4, 6}, {1, 5}], [{8, 3}, {2, 7}, {5, 6}, {1, 4}], [{8, 3}, {4, 7}, {1, 6}, {2, 5}], [{8, 3}, {4, 7}, {2, 6}, {1, 5}], [{8, 3}, {4, 7}, {5, 6}, {1, 2}], [{8, 3}, {5, 7}, {1, 6}, {2, 4}], [{8, 3}, {5, 7}, {2, 6}, {1, 4}], [{8, 3}, {5, 7}, {4, 6}, {1, 2}], [{8, 3}, {6, 7}, {1, 5}, {2, 4}], [{8, 3}, {6, 7}, {1, 5}, {4}, {2}], [{8, 3}, {6, 7}, {2, 5}, {1, 4}], [{8, 3}, {6, 7}, {2, 5}, {4}, {1}], [{8, 3}, {6, 7}, {4, 5}, {1, 2}], [{8, 3}, {6, 7}, {5}, {4}, {1, 2}], [{8, 3}, {7}, {1, 6}, {4, 5}, {2}], [{8, 4}, {1, 7}, {2, 6}, {3, 5}], [{8, 4}, {1, 7}, {3, 6}, {2, 5}], [{8, 4}, {1, 7}, {5, 6}, {2, 3}], [{8, 4}, {1, 7}, {5, 6}, {3}, {2}], [{8, 4}, {2, 7}, {1, 6}, {3, 5}], [{8, 4}, {2, 7}, {3, 6}, {1, 5}], [{8, 4}, {2, 7}, {5, 6}, {1, 3}], [{8, 4}, {3, 7}, {1, 6}, {2, 5}], [{8, 4}, {3, 7}, {2, 6}, {1, 5}], [{8, 4}, {3, 7}, {5, 6}, {1, 2}], [{8, 4}, {3, 7}, {6}, {1, 5}, {2}], [{8, 4}, {5, 7}, {1, 6}, {2, 3}], [{8, 4}, {5, 7}, {2, 6}, {1, 3}], [{8, 4}, {5, 7}, {3, 6}, {1, 2}], [{8, 4}, {6, 7}, {1, 5}, {2, 3}], [{8, 4}, {6, 7}, {2, 5}, {1, 3}], [{8, 4}, {6, 7}, {3, 5}, {1, 2}], [{8, 4}, {7}, {1, 6}, {5}, {2, 3}], [{8, 5}, {1, 7}, {2, 6}, {3, 4}], [{8, 5}, {1, 7}, {3, 6}, {2, 4}], [{8, 5}, {1, 7}, {4, 6}, {2, 3}], [{8, 5}, {1, 7}, {6}, {3, 4}, {2}], [{8, 5}, {2, 7}, {1, 6}, {3, 4}], [{8, 5}, {2, 7}, {3, 6}, {1, 4}], [{8, 5}, {2, 7}, {4, 6}, {1, 3}], [{8, 5}, {3, 7}, {1, 6}, {2, 4}], [{8, 5}, {3, 7}, {2, 6}, {1, 4}], [{8, 5}, {3, 7}, {2, 6}, {4}, {1}], [{8, 5}, {3, 7}, {4, 6}, {1, 2}], [{8, 5}, {3, 7}, {4, 6}, {2}, {1}], [{8, 5}, {3, 7}, {6}, {2, 4}, {1}], [{8, 5}, {4, 7}, {1, 6}, {2, 3}], [{8, 5}, {4, 7}, {2, 6}, {1, 3}], [{8, 5}, {4, 7}, {3, 6}, {1, 2}], [{8, 5}, {4, 7}, {6}, {2, 3}, {1}], [{8, 5}, {6, 7}, {1, 4}, {2, 3}], [{8, 5}, {6, 7}, {1, 4}, {3}, {2}], [{8, 5}, {6, 7}, {2, 4}, {1, 3}], [{8, 5}, {6, 7}, {3, 4}, {1, 2}], [{8, 5}, {7}, {1, 6}, {4}, {2, 3}], [{8, 5}, {7}, {4, 6}, {3}, {1, 2}], [{8, 6}, {1, 7}, {2, 5}, {3, 4}], [{8, 6}, {1, 7}, {3, 5}, {2, 4}], [{8, 6}, {1, 7}, {4, 5}, {2, 3}], [{8, 6}, {1, 7}, {5}, {2, 4}, {3}], [{8, 6}, {2, 7}, {1, 5}, {3, 4}], [{8, 6}, {2, 7}, {3, 5}, {1, 4}], [{8, 6}, {2, 7}, {4, 5}, {1, 3}], [{8, 6}, {3, 7}, {1, 5}, {2, 4}], [{8, 6}, {3, 7}, {1, 5}, {4}, {2}], [{8, 6}, {3, 7}, {2, 5}, {1, 4}], [{8, 6}, {3, 7}, {4, 5}, {1, 2}], [{8, 6}, {4, 7}, {1, 5}, {2, 3}], [{8, 6}, {4, 7}, {2, 5}, {1, 3}], [{8, 6}, {4, 7}, {3, 5}, {1, 2}], [{8, 6}, {5, 7}, {1, 4}, {2, 3}], [{8, 6}, {5, 7}, {1, 4}, {3}, {2}], [{8, 6}, {5, 7}, {2, 4}, {1, 3}], [{8, 6}, {5, 7}, {3, 4}, {1, 2}], [{8, 6}, {7}, {4, 5}, {3}, {1, 2}], [{8, 7}, {1, 6}, {2, 5}, {3, 4}], [{8, 7}, {1, 6}, {3, 5}, {2, 4}], [{8, 7}, {1, 6}, {4, 5}, {2, 3}], [{8, 7}, {1, 6}, {4, 5}, {3}, {2}], [{8, 7}, {2, 6}, {1, 5}, {3, 4}], [{8, 7}, {2, 6}, {3, 5}, {1, 4}], [{8, 7}, {2, 6}, {4, 5}, {1, 3}], [{8, 7}, {2, 6}, {5}, {4}, {1, 3}], [{8, 7}, {3, 6}, {1, 5}, {2, 4}], [{8, 7}, {3, 6}, {1, 5}, {4}, {2}], [{8, 7}, {3, 6}, {2, 5}, {1, 4}], [{8, 7}, {3, 6}, {4, 5}, {1, 2}], [{8, 7}, {4, 6}, {1, 5}, {2, 3}], [{8, 7}, {4, 6}, {2, 5}, {1, 3}], [{8, 7}, {4, 6}, {3, 5}, {1, 2}], [{8, 7}, {4, 6}, {5}, {1, 3}, {2}], [{8, 7}, {5, 6}, {1, 4}, {2, 3}], [{8, 7}, {5, 6}, {2, 4}, {1, 3}], [{8, 7}, {5, 6}, {3, 4}, {1, 2}], [{8, 7}, {6}, {5}, {1, 4}, {2, 3}], [{8, 7}, {6}, {5}, {2, 4}, {1, 3}], [{8}, {1, 7}, {3, 6}, {5}, {2, 4}], [{8}, {2, 7}, {1, 6}, {4, 5}, {3}], [{8}, {2, 7}, {6}, {1, 5}, {3, 4}], [{8}, {3, 7}, {1, 6}, {4, 5}, {2}], [{8}, {3, 7}, {2, 6}, {1, 5}, {4}], [{8}, {3, 7}, {4, 6}, {1, 5}, {2}], [{8}, {3, 7}, {4, 6}, {2, 5}, {1}], [{8}, {3, 7}, {4, 6}, {5}, {1, 2}], [{8}, {3, 7}, {4, 6}, {5}, {2}, {1}], [{8}, {3, 7}, {5, 6}, {1, 4}, {2}], [{8}, {3, 7}, {6}, {1, 5}, {2, 4}], [{8}, {3, 7}, {6}, {1, 5}, {4}, {2}], [{8}, {4, 7}, {1, 6}, {2, 5}, {3}], [{8}, {4, 7}, {6}, {1, 5}, {2, 3}], [{8}, {4, 7}, {6}, {3, 5}, {1, 2}], [{8}, {5, 7}, {1, 6}, {2, 4}, {3}], [{8}, {5, 7}, {2, 6}, {3, 4}, {1}], [{8}, {5, 7}, {3, 6}, {4}, {1, 2}], [{8}, {6, 7}, {2, 5}, {4}, {1, 3}], [{8}, {7}, {1, 6}, {4, 5}, {2, 3}], [{8}, {7}, {1, 6}, {4, 5}, {3}, {2}]]",2,16 K_1^3 - 20 K_1^2 - 20 K_1 K_2 - 2 K_1 K_3 - 2 K_1 - 2 K_2^2 + 11 K_2 + 6 K_3 + 2 K_4 + 12,O1O2O3O4U5U6U3O5O7U2O6U1U4O8U7U8,O1O2O3U4U1U5U6O7O8U7O4O6U2O5U8U3,O1O2O3U1U4O5U2O6O7U8O4O8U6U5U3U7,c,{'O1O2O3O4U5U6O5U1U4O7U3O6O8U2U7U8'},1,"<a href=""/flatknot/8.857785"">8.857785</a>",t^9-38t^7-124t^6-97t^5+126t^4+239t^3+22t^2-116t-32,-t^2+2t,,
8.857786,O1O2O3O4U5U6O5U1U4O7U3O6O8U2U8U7,4,10z^2+87z+135,10w^3z^2+87w^2z+135w,False,False,"[[ 0 -2 -1  1  2 -1 -1  1  1],[ 2  0  2  2  1  2  1  1  1],[ 1 -2  0  1  1  0  0  2  1],[-1 -2 -1  0  0 -1 -1  0  0],[-2 -1 -1  0  0 -2 -1 -1  0],[ 1 -2  0  1  2  0 -1  2  1],[ 1 -1  0  1  1  1  0  1  1],[-1 -1 -2  0  1 -2 -1  0  0],[-1 -1 -1  0  0 -1 -1  0  0]]","[[ 0  2  1  1  1 -1 -1 -1 -2],[-2  0  0  0 -1 -1 -1 -2 -1],[-1  0  0  0  0 -1 -1 -1 -1],[-1  0  0  0  0 -1 -1 -1 -2],[-1  1  0  0  0 -1 -2 -2 -1],[ 1  1  1  1  1  0  0  1 -1],[ 1  1  1  1  2  0  0  0 -2],[ 1  2  1  1  2 -1  0  0 -2],[ 2  1  1  2  1  1  2  2  0]]",True,"[-2,-1,-1,-1,1,1,1,2,0,0,1,1,1,2,1,0,0,1,1,1,1,0,1,1,1,2,1,2,2,1,0,-1,1,0,2,2]","[-2,-1,-1,-1,1,1,1,2,-1,-1,0,1,2,2,3,0,0,1,0,1,2,1,1,0,1,1,1,1,1,2,0,0,1,0,0,1]",t^8+39t^6+96t^4+52t^2+4,"[-2,-1,-1,-1,1,1,1,2,-1,-1,0,1,2,2,3,0,0,1,0,1,2,1,1,0,1,1,1,1,1,2,0,0,1,0,0,1]","[-2,-1,-1,-1,1,1,1,2,0,1,1,1,2,2,3,0,0,0,0,1,2,0,1,1,1,1,1,1,1,2,0,-1,-1,0,-1,0]","[-2,-1,-1,-1,1,1,1,2,1,2,2,1,1,2,1,0,1,1,1,1,1,0,1,2,1,1,1,2,1,2,0,0,0,0,1,0]",c,"[[{8, 2}, {5, 7}, {3, 6}, {1, 4}]]",1,- 28 K_1^2 - 16 K_1 K_2 + 8 K_1 + 14 K_2 + 8 K_3 + 15,O1O2O3O4U5U6U3O6O7U2O5U1U4O8U7U8,O1O2O3U4U1U5U6O7O8U7O4O6U3O5U8U2,O1O2O3U2U4O5U1O6O7U8O4O8U6U5U3U7,c,{'O1O2O3O4U5U6O5U1U4O7U3O6O8U2U8U7'},1,"<a href=""/flatknot/8.857786"">8.857786</a>",t^9-39t^7-112t^6-44t^5+114t^4+125t^3-16t^2-49t+4,0,,
8.857787,O1O2O3O4U5U6O5U1U4O7U3O6O8U7U2U8,4,12z^2+65z+83,12w^3z^2+65w^2z+83w,False,False,"[[ 0 -2  0  1  2 -1 -1 -1  2],[ 2  0  2  2  1  2  1  0  1],[ 0 -2  0  0  1 -1  0  0  2],[-1 -2  0  0  0 -1 -1  0  1],[-2 -1 -1  0  0 -2 -1 -1  0],[ 1 -2  1  1  2  0 -1  0  2],[ 1 -1  0  1  1  1  0 -1  1],[ 1  0  0  0  1  0  1  0  1],[-2 -1 -2 -1  0 -2 -1 -1  0]]","[[ 0  2  2  1  0 -1 -1 -1 -2],[-2  0  0  0 -1 -1 -1 -2 -1],[-2  0  0 -1 -2 -1 -1 -2 -1],[-1  0  1  0  0  0 -1 -1 -2],[ 0  1  2  0  0  0  0 -1 -2],[ 1  1  1  0  0  0  1  0  0],[ 1  1  1  1  0 -1  0  1 -1],[ 1  2  2  1  1  0 -1  0 -2],[ 2  1  1  2  2  0  1  2  0]]",True,"[-2,-2,-1,0,1,1,1,2,0,0,1,1,1,2,1,1,2,1,1,2,1,0,0,1,1,2,0,0,1,2,-1,0,0,-1,1,2]","[-2,-2,-1,0,1,1,1,2,0,0,0,1,2,2,3,1,1,1,2,2,3,1,1,1,2,1,0,1,1,0,-1,0,-1,-1,0,1]",t^8+38t^6+145t^4+101t^2,"[-2,-1,-1,-1,0,1,2,2,-1,0,1,0,1,3,3,1,0,0,1,1,1,1,1,1,2,2,1,2,2,2,1,0,1,0,1,0]","[-2,-2,-1,0,1,1,1,2,0,0,0,1,2,2,3,1,1,1,2,2,3,1,1,1,2,1,0,1,1,0,-1,0,-1,-1,0,1]","[-2,-1,-1,-1,0,1,2,2,0,1,2,2,2,1,1,1,0,0,0,1,1,1,0,1,1,1,1,1,2,2,0,1,2,0,1,0]",c,"[[{8, 2}, {3, 7}, {4, 6}, {1, 5}], [{8}, {3, 7}, {4, 6}, {1, 5}, {2}]]",1,8 K_1^3 + 4 K_1^2 K_2 - 16 K_1^2 - 16 K_1 K_2 - 2 K_1 K_3 + 2 K_1 - 6 K_2^2 + 7 K_2 + 6 K_3 + 3 K_4 + 11,O1O2O3O4U5U3U6O5O7U2O6U1U4O8U7U8,O1O2O3U4U2U5U6O7O8U7O4O6U1O5U8U3,O1O2O3U1U4O5U3O6O7U8O4O8U6U5U2U7,c,"{'O1O2O3O4U5U6O5U1U4O7U3O6O8U7U2U8', 'O1O2O3O4U5U6O5U1U4U2O7O6O8U3U7U8'}",2,"<a href=""/flatknot/8.857787"">8.857787</a>",t^9-36t^7-104t^6-20t^5+214t^4+167t^3-124t^2-103t+24,-t^2+2t,,
8.857788,O1O2O3O4U5U6O5U1U4O7U3O6O8U7U8U2,4,19z^2+104z+133,19w^3z^2+104w^2z+133w,False,False,"[[ 0 -2  1  1  2 -1 -1 -1  1],[ 2  0  2  2  1  2  1  0  0],[-1 -2  0  0  1 -2 -1 -1  1],[-1 -2  0  0  0 -1 -1  0  1],[-2 -1 -1  0  0 -2 -1 -1  0],[ 1 -2  2  1  2  0 -1  0  1],[ 1 -1  1  1  1  1  0 -1  0],[ 1  0  1  0  1  0  1  0  1],[-1  0 -1 -1  0 -1  0 -1  0]]","[[ 0  2  1  1  1 -1 -1 -1 -2],[-2  0  0  0 -1 -1 -1 -2 -1],[-1  0  0  1  0  0 -1 -1 -2],[-1  0 -1  0 -1 -1  0 -1  0],[-1  1  0  1  0 -1 -1 -2 -2],[ 1  1  0  1  1  0  1  0  0],[ 1  1  1  0  1 -1  0  1 -1],[ 1  2  1  1  2  0 -1  0 -2],[ 2  1  2  0  2  0  1  2  0]]",True,"[-2,-1,-1,-1,1,1,1,2,0,0,1,1,1,2,1,-1,0,0,1,1,2,1,1,0,1,0,1,1,2,2,-1,0,0,-1,1,2]","[-2,-1,-1,-1,1,1,1,2,-1,0,1,1,1,3,3,1,0,0,1,1,1,1,1,1,2,2,1,2,1,2,0,-1,0,-1,1,1]",t^8+35t^6+127t^4+77t^2,"[-2,-1,-1,-1,1,1,1,2,-1,0,1,1,1,3,3,1,0,0,1,1,1,1,1,1,2,2,1,2,1,2,0,-1,0,-1,1,1]","[-2,-1,-1,-1,1,1,1,2,0,1,1,1,2,2,3,0,1,0,1,1,1,1,1,1,2,1,1,2,1,3,-1,0,-1,-1,0,1]","[-2,-1,-1,-1,1,1,1,2,0,1,2,0,2,2,1,1,0,1,0,1,1,1,0,1,1,1,1,1,2,2,-1,-1,0,0,0,1]",c,"[[{8, 5}, {2, 7}, {3, 6}, {1, 4}]]",1,12 K_1^3 + 4 K_1^2 K_2 - 22 K_1^2 - 20 K_1 K_2 - 6 K_1 K_3 + K_1 - 2 K_2^2 + 12 K_2 + 7 K_3 + 3 K_4 + 12,O1O2O3O4U3U5U6O5O7U2O6U1U4O8U7U8,O1O2O3U4U3U5U6O7O8U7O4O6U1O5U8U2,O1O2O3U2U4O5U3O6O7U8O4O8U6U5U1U7,c,{'O1O2O3O4U5U6O5U1U4O7U3O6O8U7U8U2'},1,"<a href=""/flatknot/8.857788"">8.857788</a>",t^9-35t^7-92t^6-9t^5+142t^4+97t^3-38t^2-74t+24,0,,
8.857789,O1O2O3O4U5U6O5U1U4O7U8O6O8U2U3U7,4,9z^3+52z^2+102z+69,9w^4z^3+52w^3z^2+102w^2z+69w,False,False,"[[ 0 -2 -1  1  2 -1 -1  1  1],[ 2  0  1  2  1  2  2  1  3],[ 1 -1  0  1  1  0  0  1  2],[-1 -2 -1  0  1 -2 -2  0  0],[-2 -1 -1 -1  0 -2 -1 -1 -1],[ 1 -2  0  2  2  0 -1  2  1],[ 1 -2  0  2  1  1  0  2  1],[-1 -1 -1  0  1 -2 -2  0 -1],[-1 -3 -2  0  1 -1 -1  1  0]]","[[ 0  2  1  1  1 -1 -1 -1 -2],[-2  0 -1 -1 -1 -1 -1 -2 -1],[-1  1  0  1  0 -1 -2 -1 -3],[-1  1 -1  0  0 -2 -1 -2 -1],[-1  1  0  0  0 -2 -1 -2 -2],[ 1  1  1  2  2  0  0  1 -2],[ 1  1  2  1  1  0  0  0 -1],[ 1  2  1  2  2 -1  0  0 -2],[ 2  1  3  1  2  2  1  2  0]]",True,"[-2,-1,-1,-1,1,1,1,2,1,1,1,1,1,2,1,-1,0,1,2,1,3,0,2,1,2,1,2,1,2,2,0,-1,2,0,1,2]","[-2,-1,-1,-1,1,1,1,2,-1,-1,0,0,1,2,3,-1,0,1,0,0,2,0,1,0,0,1,0,1,1,2,0,-1,0,0,0,0]",t^8+59t^6+221t^4+83t^2+4,"[-2,-1,-1,-1,1,1,1,2,-1,-1,0,0,1,2,3,-1,0,1,0,0,2,0,1,0,0,1,0,1,1,2,0,-1,0,0,0,0]","[-2,-1,-1,-1,1,1,1,2,0,0,0,1,2,2,3,-1,0,0,0,1,2,0,1,1,0,0,0,0,1,1,-1,0,-1,0,-1,0]","[-2,-1,-1,-1,1,1,1,2,1,2,2,1,2,3,1,0,0,1,1,2,1,-1,2,2,1,2,2,2,1,1,0,-1,1,0,1,1]",c,"[[{8, 2}, {5, 7}, {3, 6}, {1, 4}], [{8, 5}, {2, 7}, {3, 6}, {1, 4}]]",1,- 8 K_1^4 + 16 K_1^3 + 16 K_1^2 K_2 - 10 K_1^2 - 8 K_1 K_2 - 6 K_1 K_3 - 8 K_1 + 4 K_2 + 5,O1O2O3O4U5U2U3O6O7U6O5U1U4O8U7U8,O1O2O3U4U1U2U5O6O7U6O4O5U3O8U7U8,O1O2O3U4U5O4U1O6O7U8O5O8U6U2U3U7,c,{'O1O2O3O4U5U6O5U1U4O7U8O6O8U2U3U7'},1,"<a href=""/flatknot/8.857789"">8.857789</a>",t^9-59t^7-212t^6-131t^5+192t^4+380t^3+434t^2+151t-56,0,,
8.857790,O1O2O3O4U5U6O5U1U4O7U8O6O8U2U7U3,4,2z^3+35z^2+114z+105,2w^4z^3+35w^3z^2+114w^2z+105w,False,False,"[[ 0 -2 -1  2  2 -1 -1  0  1],[ 2  0  1  2  1  2  2  0  3],[ 1 -1  0  2  1  0  0  0  2],[-2 -2 -2  0  1 -3 -2 -1 -1],[-2 -1 -1 -1  0 -2 -1 -1 -1],[ 1 -2  0  3  2  0 -1  1  1],[ 1 -2  0  2  1  1  0  1  1],[ 0  0  0  1  1 -1 -1  0  0],[-1 -3 -2  1  1 -1 -1  0  0]]","[[ 0  2  2  1  0 -1 -1 -1 -2],[-2  0  1 -1 -1 -2 -2 -3 -2],[-2 -1  0 -1 -1 -1 -1 -2 -1],[-1  1  1  0  0 -1 -2 -1 -3],[ 0  1  1  0  0 -1  0 -1  0],[ 1  2  1  1  1  0  0  1 -2],[ 1  2  1  2  0  0  0  0 -1],[ 1  3  2  1  1 -1  0  0 -2],[ 2  2  1  3  0  2  1  2  0]]",True,"[-2,-2,-1,0,1,1,1,2,-1,1,1,2,2,3,2,1,1,1,1,2,1,0,1,2,1,3,1,0,1,0,0,-1,2,0,1,2]","[-2,-2,-1,0,1,1,1,2,-1,0,1,1,2,2,3,0,1,0,1,1,2,1,1,0,1,0,0,1,0,2,0,-1,-1,0,0,-1]",t^8+60t^6+267t^4+65t^2,"[-2,-1,-1,-1,0,1,2,2,-1,-1,0,2,0,2,3,-1,0,0,1,1,2,0,0,1,0,1,1,0,1,2,1,1,1,0,0,-1]","[-2,-2,-1,0,1,1,1,2,-1,0,1,1,2,2,3,0,1,0,1,1,2,1,1,0,1,0,0,1,0,2,0,-1,-1,0,0,-1]","[-2,-1,-1,-1,0,1,2,2,1,2,2,0,3,1,2,0,0,0,2,1,2,-1,1,1,2,3,1,1,1,2,0,1,1,1,1,-1]",c,"[[{8, 1}, {2, 7}, {3, 6}, {4, 5}], [{8, 1}, {2, 7}, {4, 6}, {3, 5}], [{8, 1}, {2, 7}, {5, 6}, {3, 4}], [{8, 1}, {3, 7}, {2, 6}, {4, 5}], [{8, 1}, {3, 7}, {2, 6}, {5}, {4}], [{8, 1}, {3, 7}, {4, 6}, {2, 5}], [{8, 1}, {3, 7}, {4, 6}, {5}, {2}], [{8, 1}, {3, 7}, {5, 6}, {2, 4}], [{8, 1}, {3, 7}, {6}, {5}, {2, 4}], [{8, 1}, {4, 7}, {2, 6}, {3, 5}], [{8, 1}, {4, 7}, {3, 6}, {2, 5}], [{8, 1}, {4, 7}, {5, 6}, {2, 3}], [{8, 1}, {5, 7}, {2, 6}, {3, 4}], [{8, 1}, {5, 7}, {2, 6}, {4}, {3}], [{8, 1}, {5, 7}, {3, 6}, {2, 4}], [{8, 1}, {5, 7}, {4, 6}, {2, 3}], [{8, 1}, {5, 7}, {4, 6}, {3}, {2}], [{8, 1}, {5, 7}, {6}, {2, 4}, {3}], [{8, 1}, {6, 7}, {2, 5}, {3, 4}], [{8, 1}, {6, 7}, {3, 5}, {2, 4}], [{8, 1}, {6, 7}, {4, 5}, {2, 3}], [{8, 1}, {6, 7}, {5}, {2, 4}, {3}], [{8, 1}, {6, 7}, {5}, {3, 4}, {2}], [{8, 1}, {6, 7}, {5}, {4}, {2, 3}], [{8, 1}, {7}, {2, 6}, {3, 5}, {4}], [{8, 1}, {7}, {3, 6}, {2, 5}, {4}], [{8, 1}, {7}, {3, 6}, {4, 5}, {2}], [{8, 1}, {7}, {3, 6}, {5}, {2, 4}], [{8, 1}, {7}, {4, 6}, {3, 5}, {2}], [{8, 1}, {7}, {5, 6}, {2, 4}, {3}], [{8, 1}, {7}, {6}, {3, 5}, {2, 4}], [{8, 1}, {7}, {6}, {5}, {2, 4}, {3}], [{8, 2}, {1, 7}, {3, 6}, {4, 5}], [{8, 2}, {1, 7}, {3, 6}, {5}, {4}], [{8, 2}, {1, 7}, {4, 6}, {3, 5}], [{8, 2}, {1, 7}, {5, 6}, {3, 4}], [{8, 2}, {1, 7}, {6}, {4, 5}, {3}], [{8, 2}, {3, 7}, {1, 6}, {4, 5}], [{8, 2}, {3, 7}, {4, 6}, {1, 5}], [{8, 2}, {3, 7}, {5, 6}, {1, 4}], [{8, 2}, {4, 7}, {1, 6}, {3, 5}], [{8, 2}, {4, 7}, {1, 6}, {5}, {3}], [{8, 2}, {4, 7}, {3, 6}, {1, 5}], [{8, 2}, {4, 7}, {5, 6}, {1, 3}], [{8, 2}, {4, 7}, {5, 6}, {3}, {1}], [{8, 2}, {4, 7}, {6}, {1, 5}, {3}], [{8, 2}, {5, 7}, {1, 6}, {3, 4}], [{8, 2}, {5, 7}, {3, 6}, {1, 4}], [{8, 2}, {5, 7}, {4, 6}, {1, 3}], [{8, 2}, {6, 7}, {1, 5}, {3, 4}], [{8, 2}, {6, 7}, {3, 5}, {1, 4}], [{8, 2}, {6, 7}, {4, 5}, {1, 3}], [{8, 2}, {6, 7}, {5}, {1, 4}, {3}], [{8, 2}, {6, 7}, {5}, {3, 4}, {1}], [{8, 2}, {6, 7}, {5}, {4}, {1, 3}], [{8, 2}, {7}, {3, 6}, {4, 5}, {1}], [{8, 2}, {7}, {4, 6}, {3, 5}, {1}], [{8, 3}, {1, 7}, {2, 6}, {4, 5}], [{8, 3}, {1, 7}, {2, 6}, {5}, {4}], [{8, 3}, {1, 7}, {4, 6}, {2, 5}], [{8, 3}, {1, 7}, {4, 6}, {5}, {2}], [{8, 3}, {1, 7}, {5, 6}, {2, 4}], [{8, 3}, {1, 7}, {6}, {5}, {2, 4}], [{8, 3}, {2, 7}, {1, 6}, {4, 5}], [{8, 3}, {2, 7}, {4, 6}, {1, 5}], [{8, 3}, {2, 7}, {5, 6}, {1, 4}], [{8, 3}, {4, 7}, {1, 6}, {2, 5}], [{8, 3}, {4, 7}, {2, 6}, {1, 5}], [{8, 3}, {4, 7}, {5, 6}, {1, 2}], [{8, 3}, {5, 7}, {1, 6}, {2, 4}], [{8, 3}, {5, 7}, {2, 6}, {1, 4}], [{8, 3}, {5, 7}, {2, 6}, {4}, {1}], [{8, 3}, {5, 7}, {4, 6}, {1, 2}], [{8, 3}, {5, 7}, {4, 6}, {2}, {1}], [{8, 3}, {5, 7}, {6}, {2, 4}, {1}], [{8, 3}, {6, 7}, {1, 5}, {2, 4}], [{8, 3}, {6, 7}, {2, 5}, {1, 4}], [{8, 3}, {6, 7}, {4, 5}, {1, 2}], [{8, 3}, {6, 7}, {5}, {1, 4}, {2}], [{8, 3}, {6, 7}, {5}, {2, 4}, {1}], [{8, 3}, {6, 7}, {5}, {4}, {1, 2}], [{8, 3}, {7}, {1, 6}, {2, 5}, {4}], [{8, 3}, {7}, {1, 6}, {4, 5}, {2}], [{8, 3}, {7}, {1, 6}, {5}, {2, 4}], [{8, 3}, {7}, {2, 6}, {1, 5}, {4}], [{8, 3}, {7}, {4, 6}, {1, 5}, {2}], [{8, 3}, {7}, {5, 6}, {2, 4}, {1}], [{8, 3}, {7}, {6}, {1, 5}, {2, 4}], [{8, 3}, {7}, {6}, {5}, {2, 4}, {1}], [{8, 4}, {1, 7}, {2, 6}, {3, 5}], [{8, 4}, {1, 7}, {3, 6}, {2, 5}], [{8, 4}, {1, 7}, {3, 6}, {5}, {2}], [{8, 4}, {1, 7}, {5, 6}, {2, 3}], [{8, 4}, {2, 7}, {1, 6}, {3, 5}], [{8, 4}, {2, 7}, {3, 6}, {1, 5}], [{8, 4}, {2, 7}, {5, 6}, {1, 3}], [{8, 4}, {2, 7}, {6}, {3, 5}, {1}], [{8, 4}, {3, 7}, {1, 6}, {2, 5}], [{8, 4}, {3, 7}, {2, 6}, {1, 5}], [{8, 4}, {3, 7}, {5, 6}, {1, 2}], [{8, 4}, {3, 7}, {6}, {2, 5}, {1}], [{8, 4}, {5, 7}, {1, 6}, {2, 3}], [{8, 4}, {5, 7}, {1, 6}, {3}, {2}], [{8, 4}, {5, 7}, {2, 6}, {1, 3}], [{8, 4}, {5, 7}, {3, 6}, {1, 2}], [{8, 4}, {6, 7}, {1, 5}, {2, 3}], [{8, 4}, {6, 7}, {2, 5}, {1, 3}], [{8, 4}, {6, 7}, {3, 5}, {1, 2}], [{8, 4}, {6, 7}, {5}, {1, 3}, {2}], [{8, 4}, {6, 7}, {5}, {2, 3}, {1}], [{8, 4}, {6, 7}, {5}, {3}, {1, 2}], [{8, 5}, {1, 7}, {2, 6}, {3, 4}], [{8, 5}, {1, 7}, {3, 6}, {2, 4}], [{8, 5}, {1, 7}, {4, 6}, {2, 3}], [{8, 5}, {1, 7}, {6}, {3, 4}, {2}], [{8, 5}, {2, 7}, {1, 6}, {3, 4}], [{8, 5}, {2, 7}, {3, 6}, {1, 4}], [{8, 5}, {2, 7}, {4, 6}, {1, 3}], [{8, 5}, {2, 7}, {6}, {3, 4}, {1}], [{8, 5}, {3, 7}, {1, 6}, {2, 4}], [{8, 5}, {3, 7}, {2, 6}, {1, 4}], [{8, 5}, {3, 7}, {4, 6}, {1, 2}], [{8, 5}, {3, 7}, {6}, {4}, {1, 2}], [{8, 5}, {4, 7}, {1, 6}, {2, 3}], [{8, 5}, {4, 7}, {2, 6}, {1, 3}], [{8, 5}, {4, 7}, {3, 6}, {1, 2}], [{8, 5}, {4, 7}, {6}, {3}, {1, 2}], [{8, 5}, {6, 7}, {1, 4}, {2, 3}], [{8, 5}, {6, 7}, {2, 4}, {1, 3}], [{8, 5}, {6, 7}, {2, 4}, {3}, {1}], [{8, 5}, {6, 7}, {3, 4}, {1, 2}], [{8, 5}, {7}, {2, 6}, {4}, {1, 3}], [{8, 5}, {7}, {4, 6}, {1, 3}, {2}], [{8, 5}, {7}, {6}, {2, 4}, {1, 3}], [{8, 5}, {7}, {6}, {3, 4}, {1, 2}], [{8, 6}, {1, 7}, {2, 5}, {3, 4}], [{8, 6}, {1, 7}, {3, 5}, {2, 4}], [{8, 6}, {1, 7}, {4, 5}, {2, 3}], [{8, 6}, {1, 7}, {5}, {2, 4}, {3}], [{8, 6}, {2, 7}, {1, 5}, {3, 4}], [{8, 6}, {2, 7}, {3, 5}, {1, 4}], [{8, 6}, {2, 7}, {4, 5}, {1, 3}], [{8, 6}, {3, 7}, {1, 5}, {2, 4}], [{8, 6}, {3, 7}, {2, 5}, {1, 4}], [{8, 6}, {3, 7}, {4, 5}, {1, 2}], [{8, 6}, {3, 7}, {5}, {2, 4}, {1}], [{8, 6}, {4, 7}, {1, 5}, {2, 3}], [{8, 6}, {4, 7}, {1, 5}, {3}, {2}], [{8, 6}, {4, 7}, {2, 5}, {1, 3}], [{8, 6}, {4, 7}, {3, 5}, {1, 2}], [{8, 6}, {5, 7}, {1, 4}, {2, 3}], [{8, 6}, {5, 7}, {2, 4}, {1, 3}], [{8, 6}, {5, 7}, {3, 4}, {1, 2}], [{8, 6}, {7}, {2, 5}, {4}, {1, 3}], [{8, 6}, {7}, {4, 5}, {1, 3}, {2}], [{8, 6}, {7}, {5}, {2, 4}, {1, 3}], [{8, 6}, {7}, {5}, {3, 4}, {1, 2}], [{8, 7}, {1, 6}, {2, 5}, {3, 4}], [{8, 7}, {1, 6}, {2, 5}, {4}, {3}], [{8, 7}, {1, 6}, {3, 5}, {2, 4}], [{8, 7}, {1, 6}, {4, 5}, {2, 3}], [{8, 7}, {1, 6}, {4, 5}, {3}, {2}], [{8, 7}, {1, 6}, {5}, {2, 4}, {3}], [{8, 7}, {2, 6}, {1, 5}, {3, 4}], [{8, 7}, {2, 6}, {3, 5}, {1, 4}], [{8, 7}, {2, 6}, {4, 5}, {1, 3}], [{8, 7}, {2, 6}, {4, 5}, {3}, {1}], [{8, 7}, {2, 6}, {5}, {4}, {1, 3}], [{8, 7}, {3, 6}, {1, 5}, {2, 4}], [{8, 7}, {3, 6}, {2, 5}, {1, 4}], [{8, 7}, {3, 6}, {4, 5}, {1, 2}], [{8, 7}, {3, 6}, {5}, {1, 4}, {2}], [{8, 7}, {3, 6}, {5}, {2, 4}, {1}], [{8, 7}, {3, 6}, {5}, {4}, {1, 2}], [{8, 7}, {4, 6}, {1, 5}, {2, 3}], [{8, 7}, {4, 6}, {2, 5}, {1, 3}], [{8, 7}, {4, 6}, {3, 5}, {1, 2}], [{8, 7}, {4, 6}, {5}, {1, 3}, {2}], [{8, 7}, {4, 6}, {5}, {2, 3}, {1}], [{8, 7}, {4, 6}, {5}, {3}, {1, 2}], [{8, 7}, {5, 6}, {1, 4}, {2, 3}], [{8, 7}, {5, 6}, {2, 4}, {1, 3}], [{8, 7}, {5, 6}, {3, 4}, {1, 2}], [{8, 7}, {5, 6}, {4}, {3}, {1, 2}], [{8, 7}, {6}, {1, 5}, {3, 4}, {2}], [{8, 7}, {6}, {2, 5}, {3, 4}, {1}], [{8, 7}, {6}, {3, 5}, {4}, {1, 2}], [{8, 7}, {6}, {4, 5}, {3}, {1, 2}], [{8, 7}, {6}, {5}, {2, 4}, {1, 3}], [{8, 7}, {6}, {5}, {3, 4}, {1, 2}], [{8}, {1, 7}, {3, 6}, {5}, {2, 4}], [{8}, {2, 7}, {4, 6}, {1, 5}, {3}], [{8}, {3, 7}, {1, 6}, {2, 5}, {4}], [{8}, {3, 7}, {1, 6}, {4, 5}, {2}], [{8}, {3, 7}, {1, 6}, {5}, {2, 4}], [{8}, {4, 7}, {2, 6}, {1, 5}, {3}], [{8}, {4, 7}, {3, 6}, {2, 5}, {1}], [{8}, {5, 7}, {2, 6}, {4}, {1, 3}], [{8}, {5, 7}, {4, 6}, {1, 3}, {2}], [{8}, {5, 7}, {6}, {2, 4}, {1, 3}], [{8}, {5, 7}, {6}, {3, 4}, {1, 2}], [{8}, {6, 7}, {1, 5}, {2, 4}, {3}], [{8}, {6, 7}, {3, 5}, {2, 4}, {1}], [{8}, {6, 7}, {5}, {1, 4}, {2, 3}], [{8}, {6, 7}, {5}, {2, 4}, {1, 3}], [{8}, {6, 7}, {5}, {2, 4}, {3}, {1}], [{8}, {6, 7}, {5}, {3, 4}, {1, 2}], [{8}, {7}, {3, 6}, {4, 5}, {1, 2}], [{8}, {7}, {4, 6}, {3, 5}, {1, 2}], [{8}, {7}, {5, 6}, {2, 4}, {1, 3}], [{8}, {7}, {5, 6}, {3, 4}, {1, 2}], [{8}, {7}, {6}, {5}, {2, 4}, {1, 3}], [{8}, {7}, {6}, {5}, {3, 4}, {1, 2}]]",2,20 K_1^3 + 8 K_1^2 K_2 - 12 K_1^2 - 20 K_1 K_2 - 6 K_1 K_3 - 5 K_1 - 2 K_2^2 + 5 K_2 + 5 K_3 + 2 K_4 + 6,O1O2O3O4U2U5U3O6O7U6O5U1U4O8U7U8,O1O2O3U4U1U3U5O6O7U6O4O5U2O8U7U8,O1O2O3U4U5O4U2O6O7U8O5O8U6U1U3U7,c,{'O1O2O3O4U5U6O5U1U4O7U8O6O8U2U7U3'},1,"<a href=""/flatknot/8.857790"">8.857790</a>",t^9-58t^7-222t^6-164t^5+346t^4+823t^3+820t^2+387t+58,-t^2+2t,,
8.857791,O1O2O3O4U5U6O5U1U4O7U8O6O8U3U2U7,4,6z^3+44z^2+103z+79,6w^4z^3+44w^3z^2+103w^2z+79w,False,False,"[[ 0 -2  0  0  2 -1 -1  1  1],[ 2  0  2  1  1  2  2  1  3],[ 0 -2  0  0  1 -1 -1  1  1],[ 0 -1  0  0  1 -1 -1  0  1],[-2 -1 -1 -1  0 -2 -1 -1 -1],[ 1 -2  1  1  2  0 -1  2  1],[ 1 -2  1  1  1  1  0  2  1],[-1 -1 -1  0  1 -2 -2  0 -1],[-1 -3 -1 -1  1 -1 -1  1  0]]","[[ 0  2  1  1  0  0 -1 -1 -2],[-2  0 -1 -1 -1 -1 -1 -2 -1],[-1  1  0  1 -1 -1 -1 -1 -3],[-1  1 -1  0  0 -1 -2 -2 -1],[ 0  1  1  0  0  0 -1 -1 -1],[ 0  1  1  1  0  0 -1 -1 -2],[ 1  1  1  2  1  1  0  1 -2],[ 1  2  1  2  1  1 -1  0 -2],[ 2  1  3  1  1  2  2  2  0]]",True,"[-2,-1,-1,0,0,1,1,2,1,1,1,1,1,2,1,-1,1,1,1,1,3,0,1,2,2,1,0,1,1,1,1,1,2,-1,2,2]","[-2,-1,-1,0,0,1,1,2,-1,-1,0,1,0,2,3,-1,0,0,1,0,2,0,0,1,0,1,0,0,0,1,0,1,1,-1,0,0]",t^8+52t^6+202t^4+71t^2+4,"[-2,-1,-1,0,0,1,1,2,-1,-1,0,1,0,2,3,-1,0,0,1,0,2,0,0,1,0,1,0,0,0,1,0,1,1,-1,0,0]","[-2,-1,-1,0,0,1,1,2,0,0,1,1,1,2,3,-1,0,1,0,0,2,0,0,1,1,0,0,0,0,0,0,0,1,-1,-1,-1]","[-2,-1,-1,0,0,1,1,2,2,2,1,2,1,3,1,-1,1,1,2,1,2,1,1,2,1,1,0,0,1,1,1,1,1,-1,1,1]",c,"[[{8, 1}, {2, 7}, {3, 6}, {4, 5}], [{8, 1}, {2, 7}, {3, 6}, {5}, {4}], [{8, 1}, {2, 7}, {4, 6}, {3, 5}], [{8, 1}, {2, 7}, {5, 6}, {3, 4}], [{8, 1}, {3, 7}, {2, 6}, {4, 5}], [{8, 1}, {3, 7}, {2, 6}, {5}, {4}], [{8, 1}, {3, 7}, {4, 6}, {2, 5}], [{8, 1}, {3, 7}, {4, 6}, {5}, {2}], [{8, 1}, {3, 7}, {5, 6}, {2, 4}], [{8, 1}, {3, 7}, {5, 6}, {4}, {2}], [{8, 1}, {3, 7}, {6}, {2, 5}, {4}], [{8, 1}, {3, 7}, {6}, {4, 5}, {2}], [{8, 1}, {3, 7}, {6}, {5}, {2, 4}], [{8, 1}, {4, 7}, {2, 6}, {3, 5}], [{8, 1}, {4, 7}, {3, 6}, {2, 5}], [{8, 1}, {4, 7}, {3, 6}, {5}, {2}], [{8, 1}, {4, 7}, {5, 6}, {2, 3}], [{8, 1}, {5, 7}, {2, 6}, {3, 4}], [{8, 1}, {5, 7}, {3, 6}, {2, 4}], [{8, 1}, {5, 7}, {4, 6}, {2, 3}], [{8, 1}, {5, 7}, {6}, {2, 4}, {3}], [{8, 1}, {5, 7}, {6}, {3, 4}, {2}], [{8, 1}, {5, 7}, {6}, {4}, {2, 3}], [{8, 1}, {6, 7}, {2, 5}, {3, 4}], [{8, 1}, {6, 7}, {3, 5}, {2, 4}], [{8, 1}, {6, 7}, {4, 5}, {2, 3}], [{8, 1}, {6, 7}, {5}, {2, 4}, {3}], [{8, 1}, {7}, {2, 6}, {4, 5}, {3}], [{8, 1}, {7}, {3, 6}, {5}, {2, 4}], [{8, 1}, {7}, {4, 6}, {2, 5}, {3}], [{8, 1}, {7}, {5, 6}, {2, 4}, {3}], [{8, 1}, {7}, {6}, {3, 5}, {2, 4}], [{8, 1}, {7}, {6}, {5}, {2, 4}, {3}], [{8, 2}, {1, 7}, {3, 6}, {4, 5}], [{8, 2}, {1, 7}, {3, 6}, {5}, {4}], [{8, 2}, {1, 7}, {4, 6}, {3, 5}], [{8, 2}, {1, 7}, {5, 6}, {3, 4}], [{8, 2}, {3, 7}, {1, 6}, {4, 5}], [{8, 2}, {3, 7}, {4, 6}, {1, 5}], [{8, 2}, {3, 7}, {5, 6}, {1, 4}], [{8, 2}, {4, 7}, {1, 6}, {3, 5}], [{8, 2}, {4, 7}, {3, 6}, {1, 5}], [{8, 2}, {4, 7}, {5, 6}, {1, 3}], [{8, 2}, {5, 7}, {1, 6}, {3, 4}], [{8, 2}, {5, 7}, {3, 6}, {1, 4}], [{8, 2}, {5, 7}, {4, 6}, {1, 3}], [{8, 2}, {6, 7}, {1, 5}, {3, 4}], [{8, 2}, {6, 7}, {3, 5}, {1, 4}], [{8, 2}, {6, 7}, {4, 5}, {1, 3}], [{8, 2}, {6, 7}, {5}, {4}, {1, 3}], [{8, 2}, {7}, {3, 6}, {4, 5}, {1}], [{8, 2}, {7}, {4, 6}, {3, 5}, {1}], [{8, 2}, {7}, {5, 6}, {3, 4}, {1}], [{8, 3}, {1, 7}, {2, 6}, {4, 5}], [{8, 3}, {1, 7}, {2, 6}, {5}, {4}], [{8, 3}, {1, 7}, {4, 6}, {2, 5}], [{8, 3}, {1, 7}, {5, 6}, {2, 4}], [{8, 3}, {2, 7}, {1, 6}, {4, 5}], [{8, 3}, {2, 7}, {4, 6}, {1, 5}], [{8, 3}, {2, 7}, {5, 6}, {1, 4}], [{8, 3}, {2, 7}, {6}, {5}, {1, 4}], [{8, 3}, {4, 7}, {1, 6}, {2, 5}], [{8, 3}, {4, 7}, {2, 6}, {1, 5}], [{8, 3}, {4, 7}, {2, 6}, {5}, {1}], [{8, 3}, {4, 7}, {5, 6}, {1, 2}], [{8, 3}, {5, 7}, {1, 6}, {2, 4}], [{8, 3}, {5, 7}, {2, 6}, {1, 4}], [{8, 3}, {5, 7}, {4, 6}, {1, 2}], [{8, 3}, {6, 7}, {1, 5}, {2, 4}], [{8, 3}, {6, 7}, {2, 5}, {1, 4}], [{8, 3}, {6, 7}, {4, 5}, {1, 2}], [{8, 3}, {6, 7}, {5}, {1, 4}, {2}], [{8, 3}, {6, 7}, {5}, {2, 4}, {1}], [{8, 3}, {6, 7}, {5}, {4}, {1, 2}], [{8, 3}, {7}, {1, 6}, {4, 5}, {2}], [{8, 3}, {7}, {2, 6}, {5}, {1, 4}], [{8, 3}, {7}, {4, 6}, {1, 5}, {2}], [{8, 4}, {1, 7}, {2, 6}, {3, 5}], [{8, 4}, {1, 7}, {3, 6}, {2, 5}], [{8, 4}, {1, 7}, {5, 6}, {2, 3}], [{8, 4}, {1, 7}, {5, 6}, {3}, {2}], [{8, 4}, {2, 7}, {1, 6}, {3, 5}], [{8, 4}, {2, 7}, {3, 6}, {1, 5}], [{8, 4}, {2, 7}, {5, 6}, {1, 3}], [{8, 4}, {2, 7}, {6}, {3, 5}, {1}], [{8, 4}, {3, 7}, {1, 6}, {2, 5}], [{8, 4}, {3, 7}, {2, 6}, {1, 5}], [{8, 4}, {3, 7}, {5, 6}, {1, 2}], [{8, 4}, {5, 7}, {1, 6}, {2, 3}], [{8, 4}, {5, 7}, {2, 6}, {1, 3}], [{8, 4}, {5, 7}, {3, 6}, {1, 2}], [{8, 4}, {6, 7}, {1, 5}, {2, 3}], [{8, 4}, {6, 7}, {2, 5}, {1, 3}], [{8, 4}, {6, 7}, {3, 5}, {1, 2}], [{8, 4}, {6, 7}, {5}, {1, 3}, {2}], [{8, 4}, {7}, {3, 6}, {1, 5}, {2}], [{8, 5}, {1, 7}, {2, 6}, {3, 4}], [{8, 5}, {1, 7}, {2, 6}, {4}, {3}], [{8, 5}, {1, 7}, {3, 6}, {2, 4}], [{8, 5}, {1, 7}, {3, 6}, {4}, {2}], [{8, 5}, {1, 7}, {4, 6}, {2, 3}], [{8, 5}, {1, 7}, {4, 6}, {3}, {2}], [{8, 5}, {1, 7}, {6}, {2, 4}, {3}], [{8, 5}, {1, 7}, {6}, {3, 4}, {2}], [{8, 5}, {1, 7}, {6}, {4}, {2, 3}], [{8, 5}, {1, 7}, {6}, {4}, {3}, {2}], [{8, 5}, {2, 7}, {1, 6}, {3, 4}], [{8, 5}, {2, 7}, {3, 6}, {1, 4}], [{8, 5}, {2, 7}, {4, 6}, {1, 3}], [{8, 5}, {3, 7}, {1, 6}, {2, 4}], [{8, 5}, {3, 7}, {2, 6}, {1, 4}], [{8, 5}, {3, 7}, {4, 6}, {1, 2}], [{8, 5}, {4, 7}, {1, 6}, {2, 3}], [{8, 5}, {4, 7}, {1, 6}, {3}, {2}], [{8, 5}, {4, 7}, {2, 6}, {1, 3}], [{8, 5}, {4, 7}, {3, 6}, {1, 2}], [{8, 5}, {6, 7}, {1, 4}, {2, 3}], [{8, 5}, {6, 7}, {1, 4}, {3}, {2}], [{8, 5}, {6, 7}, {2, 4}, {1, 3}], [{8, 5}, {6, 7}, {3, 4}, {1, 2}], [{8, 6}, {1, 7}, {2, 5}, {3, 4}], [{8, 6}, {1, 7}, {3, 5}, {2, 4}], [{8, 6}, {1, 7}, {4, 5}, {2, 3}], [{8, 6}, {1, 7}, {4, 5}, {3}, {2}], [{8, 6}, {2, 7}, {1, 5}, {3, 4}], [{8, 6}, {2, 7}, {3, 5}, {1, 4}], [{8, 6}, {2, 7}, {4, 5}, {1, 3}], [{8, 6}, {3, 7}, {1, 5}, {2, 4}], [{8, 6}, {3, 7}, {2, 5}, {1, 4}], [{8, 6}, {3, 7}, {4, 5}, {1, 2}], [{8, 6}, {4, 7}, {1, 5}, {2, 3}], [{8, 6}, {4, 7}, {1, 5}, {3}, {2}], [{8, 6}, {4, 7}, {2, 5}, {1, 3}], [{8, 6}, {4, 7}, {3, 5}, {1, 2}], [{8, 6}, {5, 7}, {1, 4}, {2, 3}], [{8, 6}, {5, 7}, {1, 4}, {3}, {2}], [{8, 6}, {5, 7}, {2, 4}, {1, 3}], [{8, 6}, {5, 7}, {3, 4}, {1, 2}], [{8, 6}, {7}, {2, 5}, {4}, {1, 3}], [{8, 6}, {7}, {3, 5}, {4}, {1, 2}], [{8, 7}, {1, 6}, {2, 5}, {3, 4}], [{8, 7}, {1, 6}, {3, 5}, {2, 4}], [{8, 7}, {1, 6}, {4, 5}, {2, 3}], [{8, 7}, {2, 6}, {1, 5}, {3, 4}], [{8, 7}, {2, 6}, {3, 5}, {1, 4}], [{8, 7}, {2, 6}, {4, 5}, {1, 3}], [{8, 7}, {2, 6}, {5}, {4}, {1, 3}], [{8, 7}, {3, 6}, {1, 5}, {2, 4}], [{8, 7}, {3, 6}, {2, 5}, {1, 4}], [{8, 7}, {3, 6}, {4, 5}, {1, 2}], [{8, 7}, {3, 6}, {5}, {4}, {1, 2}], [{8, 7}, {4, 6}, {1, 5}, {2, 3}], [{8, 7}, {4, 6}, {2, 5}, {1, 3}], [{8, 7}, {4, 6}, {3, 5}, {1, 2}], [{8, 7}, {5, 6}, {1, 4}, {2, 3}], [{8, 7}, {5, 6}, {2, 4}, {1, 3}], [{8, 7}, {5, 6}, {3, 4}, {1, 2}], [{8, 7}, {6}, {1, 5}, {2, 4}, {3}], [{8, 7}, {6}, {1, 5}, {3, 4}, {2}], [{8, 7}, {6}, {1, 5}, {4}, {2, 3}], [{8, 7}, {6}, {2, 5}, {1, 4}, {3}], [{8}, {1, 7}, {2, 6}, {3, 5}, {4}], [{8}, {1, 7}, {3, 6}, {2, 5}, {4}], [{8}, {2, 7}, {1, 6}, {3, 5}, {4}], [{8}, {6, 7}, {3, 5}, {1, 4}, {2}], [{8}, {6, 7}, {5}, {2, 4}, {1, 3}]]",2,4 K_1^3 + 8 K_1^2 K_2 - 4 K_1^2 - 8 K_1 K_2 - 4 K_1 K_3 + K_1 - 4 K_2^2 + 3 K_3 + 2 K_4 + 3,O1O2O3O4U5U3U2O6O7U6O5U1U4O8U7U8,O1O2O3U4U2U1U5O6O7U6O4O5U3O8U7U8,O1O2O3U4U5O4U1O6O7U8O5O8U6U3U2U7,c,{'O1O2O3O4U5U6O5U1U4O7U8O6O8U3U2U7'},1,"<a href=""/flatknot/8.857791"">8.857791</a>",t^9-52t^7-216t^6-348t^5-292t^4-129t^3+32t^2+49t,0,,
8.857792,O1O2O3O4U5U6O5U1U4O7U8O6O8U3U7U2,4,4z^3+36z^2+109z+107,4w^4z^3+36w^3z^2+109w^2z+107w,False,False,"[[ 0 -2  1  0  2 -1 -1  0  1],[ 2  0  2  1  1  2  2  0  3],[-1 -2  0 -1  1 -2 -1  0  0],[ 0 -1  1  0  1 -1 -1  0  1],[-2 -1 -1 -1  0 -2 -1 -1 -1],[ 1 -2  2  1  2  0 -1  1  1],[ 1 -2  1  1  1  1  0  1  1],[ 0  0  0  0  1 -1 -1  0  0],[-1 -3  0 -1  1 -1 -1  0  0]]","[[ 0  2  1  1  0  0 -1 -1 -2],[-2  0 -1 -1 -1 -1 -1 -2 -1],[-1  1  0  0  0 -1 -1 -1 -3],[-1  1  0  0  0 -1 -1 -2 -2],[ 0  1  0  0  0  0 -1 -1  0],[ 0  1  1  1  0  0 -1 -1 -1],[ 1  1  1  1  1  1  0  1 -2],[ 1  2  1  2  1  1 -1  0 -2],[ 2  1  3  2  0  1  2  2  0]]",True,"[-2,-1,-1,0,0,1,1,2,1,1,1,1,1,2,1,0,0,1,1,1,3,0,1,1,2,2,0,1,1,0,1,1,1,-1,2,2]","[-2,-1,-1,0,0,1,1,2,-1,-1,1,2,0,1,3,-1,0,0,1,1,2,0,0,1,0,1,0,0,0,1,1,1,1,0,0,0]",t^8+46t^6+195t^4+86t^2+9,"[-2,-1,-1,0,0,1,1,2,-1,-1,1,2,0,1,3,-1,0,0,1,1,2,0,0,1,0,1,0,0,0,1,1,1,1,0,0,0]","[-2,-1,-1,0,0,1,1,2,0,0,1,1,1,2,3,0,0,1,0,1,1,0,1,1,1,0,0,0,0,1,0,0,2,-1,-1,-1]","[-2,-1,-1,0,0,1,1,2,2,2,0,1,2,3,1,-1,1,1,2,1,2,1,1,1,1,1,0,0,0,1,1,1,1,0,1,1]",c,"[[{8, 5}, {3, 7}, {2, 6}, {1, 4}], [{8, 5}, {7}, {2, 6}, {1, 4}, {3}]]",1,20 K_1^3 + 4 K_1^2 K_2 - 14 K_1^2 - 20 K_1 K_2 - 6 K_1 K_3 - 5 K_1 - 2 K_2^2 + 8 K_2 + 5 K_3 + 3 K_4 + 8,O1O2O3O4U3U5U2O6O7U6O5U1U4O8U7U8,O1O2O3U4U3U1U5O6O7U6O4O5U2O8U7U8,O1O2O3U4U5O4U2O6O7U8O5O8U6U3U1U7,c,{'O1O2O3O4U5U6O5U1U4O7U8O6O8U3U7U2'},1,"<a href=""/flatknot/8.857792"">8.857792</a>",t^9-46t^7-164t^6-175t^5+46t^4+268t^3+198t^2+3t-18,0,,
8.857793,O1O2O3O4U5U6O5U1U7O8U2O6O7U3U4U8,4,z^3+30z^2+112z+113,w^4z^3+30w^3z^2+112w^2z+113w,False,False,"[[ 0 -2  0  0  2 -1 -1  1  1],[ 2  0  1  1  2  2  2  2  2],[ 0 -1  0 -1  0  0  1  1  1],[ 0 -1  1  0  1 -1  0  1  0],[-2 -2  0 -1  0 -3 -2 -1 -1],[ 1 -2  0  1  3  0 -1  1  2],[ 1 -2 -1  0  2  1  0  1  2],[-1 -2 -1 -1  1 -1 -1  0  1],[-1 -2 -1  0  1 -2 -2 -1  0]]","[[ 0  2  1  1  0  0 -1 -1 -2],[-2  0 -1 -1  0 -1 -2 -3 -2],[-1  1  0  1 -1 -1 -1 -1 -2],[-1  1 -1  0 -1  0 -2 -2 -2],[ 0  0  1  1  0 -1  1  0 -1],[ 0  1  1  0  1  0  0 -1 -1],[ 1  2  1  2 -1  0  0  1 -2],[ 1  3  1  2  0  1 -1  0 -2],[ 2  2  2  2  1  1  2  2  0]]",True,"[-2,-1,-1,0,0,1,1,2,1,1,0,1,2,3,2,-1,1,1,1,1,2,1,0,2,2,2,1,-1,0,1,0,1,1,-1,2,2]","[-2,-1,-1,0,0,1,1,2,-1,-1,1,1,1,1,2,-1,1,2,0,1,1,0,1,0,1,0,-1,1,0,1,0,0,2,1,0,0]",t^8+56t^6+308t^4+79t^2+4,"[-2,-1,-1,0,0,1,1,2,-1,-1,1,1,1,1,2,-1,1,2,0,1,1,0,1,0,1,0,-1,1,0,1,0,0,2,1,0,0]","[-2,-1,-1,0,0,1,1,2,0,0,1,2,0,1,2,-1,1,0,0,0,1,0,0,1,1,1,1,0,1,1,1,2,1,-1,-1,-1]","[-2,-1,-1,0,0,1,1,2,2,2,1,1,2,2,2,-1,0,1,1,2,3,-1,0,1,2,2,-1,1,1,0,1,0,1,1,1,1]",c,"[[{8, 1}, {2, 7}, {3, 6}, {4, 5}], [{8, 1}, {2, 7}, {4, 6}, {3, 5}], [{8, 1}, {2, 7}, {5, 6}, {3, 4}], [{8, 1}, {3, 7}, {2, 6}, {4, 5}], [{8, 1}, {3, 7}, {4, 6}, {2, 5}], [{8, 1}, {3, 7}, {4, 6}, {5}, {2}], [{8, 1}, {3, 7}, {5, 6}, {2, 4}], [{8, 1}, {3, 7}, {6}, {2, 5}, {4}], [{8, 1}, {4, 7}, {2, 6}, {3, 5}], [{8, 1}, {4, 7}, {3, 6}, {2, 5}], [{8, 1}, {4, 7}, {5, 6}, {2, 3}], [{8, 1}, {4, 7}, {6}, {5}, {2, 3}], [{8, 1}, {5, 7}, {2, 6}, {3, 4}], [{8, 1}, {5, 7}, {3, 6}, {2, 4}], [{8, 1}, {5, 7}, {4, 6}, {2, 3}], [{8, 1}, {6, 7}, {2, 5}, {3, 4}], [{8, 1}, {6, 7}, {2, 5}, {4}, {3}], [{8, 1}, {6, 7}, {3, 5}, {2, 4}], [{8, 1}, {6, 7}, {4, 5}, {2, 3}], [{8, 1}, {6, 7}, {4, 5}, {3}, {2}], [{8, 1}, {6, 7}, {5}, {2, 4}, {3}], [{8, 1}, {7}, {3, 6}, {2, 5}, {4}], [{8, 1}, {7}, {6}, {3, 5}, {2, 4}], [{8, 2}, {1, 7}, {3, 6}, {4, 5}], [{8, 2}, {1, 7}, {3, 6}, {5}, {4}], [{8, 2}, {1, 7}, {4, 6}, {3, 5}], [{8, 2}, {1, 7}, {4, 6}, {5}, {3}], [{8, 2}, {1, 7}, {5, 6}, {3, 4}], [{8, 2}, {1, 7}, {6}, {5}, {3, 4}], [{8, 2}, {3, 7}, {1, 6}, {4, 5}], [{8, 2}, {3, 7}, {1, 6}, {5}, {4}], [{8, 2}, {3, 7}, {4, 6}, {1, 5}], [{8, 2}, {3, 7}, {5, 6}, {1, 4}], [{8, 2}, {4, 7}, {1, 6}, {3, 5}], [{8, 2}, {4, 7}, {3, 6}, {1, 5}], [{8, 2}, {4, 7}, {5, 6}, {1, 3}], [{8, 2}, {5, 7}, {1, 6}, {3, 4}], [{8, 2}, {5, 7}, {1, 6}, {4}, {3}], [{8, 2}, {5, 7}, {3, 6}, {1, 4}], [{8, 2}, {5, 7}, {3, 6}, {4}, {1}], [{8, 2}, {5, 7}, {4, 6}, {1, 3}], [{8, 2}, {5, 7}, {4, 6}, {3}, {1}], [{8, 2}, {5, 7}, {6}, {1, 4}, {3}], [{8, 2}, {5, 7}, {6}, {3, 4}, {1}], [{8, 2}, {5, 7}, {6}, {4}, {1, 3}], [{8, 2}, {5, 7}, {6}, {4}, {3}, {1}], [{8, 2}, {6, 7}, {1, 5}, {3, 4}], [{8, 2}, {6, 7}, {3, 5}, {1, 4}], [{8, 2}, {6, 7}, {4, 5}, {1, 3}], [{8, 2}, {7}, {1, 6}, {3, 5}, {4}], [{8, 2}, {7}, {3, 6}, {1, 5}, {4}], [{8, 2}, {7}, {4, 6}, {1, 5}, {3}], [{8, 2}, {7}, {6}, {1, 5}, {3, 4}], [{8, 3}, {1, 7}, {2, 6}, {4, 5}], [{8, 3}, {1, 7}, {4, 6}, {2, 5}], [{8, 3}, {1, 7}, {5, 6}, {2, 4}], [{8, 3}, {1, 7}, {6}, {4, 5}, {2}], [{8, 3}, {2, 7}, {1, 6}, {4, 5}], [{8, 3}, {2, 7}, {4, 6}, {1, 5}], [{8, 3}, {2, 7}, {5, 6}, {1, 4}], [{8, 3}, {2, 7}, {5, 6}, {4}, {1}], [{8, 3}, {4, 7}, {1, 6}, {2, 5}], [{8, 3}, {4, 7}, {2, 6}, {1, 5}], [{8, 3}, {4, 7}, {5, 6}, {1, 2}], [{8, 3}, {5, 7}, {1, 6}, {2, 4}], [{8, 3}, {5, 7}, {1, 6}, {4}, {2}], [{8, 3}, {5, 7}, {2, 6}, {1, 4}], [{8, 3}, {5, 7}, {4, 6}, {1, 2}], [{8, 3}, {6, 7}, {1, 5}, {2, 4}], [{8, 3}, {6, 7}, {2, 5}, {1, 4}], [{8, 3}, {6, 7}, {2, 5}, {4}, {1}], [{8, 3}, {6, 7}, {4, 5}, {1, 2}], [{8, 3}, {7}, {1, 6}, {5}, {2, 4}], [{8, 3}, {7}, {6}, {2, 5}, {1, 4}], [{8, 4}, {1, 7}, {2, 6}, {3, 5}], [{8, 4}, {1, 7}, {3, 6}, {2, 5}], [{8, 4}, {1, 7}, {3, 6}, {5}, {2}], [{8, 4}, {1, 7}, {5, 6}, {2, 3}], [{8, 4}, {1, 7}, {6}, {2, 5}, {3}], [{8, 4}, {2, 7}, {1, 6}, {3, 5}], [{8, 4}, {2, 7}, {3, 6}, {1, 5}], [{8, 4}, {2, 7}, {5, 6}, {1, 3}], [{8, 4}, {3, 7}, {1, 6}, {2, 5}], [{8, 4}, {3, 7}, {2, 6}, {1, 5}], [{8, 4}, {3, 7}, {5, 6}, {1, 2}], [{8, 4}, {3, 7}, {6}, {2, 5}, {1}], [{8, 4}, {5, 7}, {1, 6}, {2, 3}], [{8, 4}, {5, 7}, {2, 6}, {1, 3}], [{8, 4}, {5, 7}, {3, 6}, {1, 2}], [{8, 4}, {6, 7}, {1, 5}, {2, 3}], [{8, 4}, {6, 7}, {1, 5}, {3}, {2}], [{8, 4}, {6, 7}, {2, 5}, {1, 3}], [{8, 4}, {6, 7}, {3, 5}, {1, 2}], [{8, 4}, {7}, {5, 6}, {3}, {1, 2}], [{8, 4}, {7}, {6}, {2, 5}, {1, 3}], [{8, 5}, {1, 7}, {2, 6}, {3, 4}], [{8, 5}, {1, 7}, {3, 6}, {2, 4}], [{8, 5}, {1, 7}, {4, 6}, {2, 3}], [{8, 5}, {2, 7}, {1, 6}, {3, 4}], [{8, 5}, {2, 7}, {3, 6}, {1, 4}], [{8, 5}, {2, 7}, {4, 6}, {1, 3}], [{8, 5}, {3, 7}, {1, 6}, {2, 4}], [{8, 5}, {3, 7}, {2, 6}, {1, 4}], [{8, 5}, {3, 7}, {4, 6}, {1, 2}], [{8, 5}, {4, 7}, {1, 6}, {2, 3}], [{8, 5}, {4, 7}, {2, 6}, {1, 3}], [{8, 5}, {4, 7}, {3, 6}, {1, 2}], [{8, 5}, {6, 7}, {1, 4}, {2, 3}], [{8, 5}, {6, 7}, {1, 4}, {3}, {2}], [{8, 5}, {6, 7}, {2, 4}, {1, 3}], [{8, 5}, {6, 7}, {3, 4}, {1, 2}], [{8, 6}, {1, 7}, {2, 5}, {3, 4}], [{8, 6}, {1, 7}, {3, 5}, {2, 4}], [{8, 6}, {1, 7}, {4, 5}, {2, 3}], [{8, 6}, {2, 7}, {1, 5}, {3, 4}], [{8, 6}, {2, 7}, {3, 5}, {1, 4}], [{8, 6}, {2, 7}, {4, 5}, {1, 3}], [{8, 6}, {3, 7}, {1, 5}, {2, 4}], [{8, 6}, {3, 7}, {2, 5}, {1, 4}], [{8, 6}, {3, 7}, {4, 5}, {1, 2}], [{8, 6}, {4, 7}, {1, 5}, {2, 3}], [{8, 6}, {4, 7}, {2, 5}, {1, 3}], [{8, 6}, {4, 7}, {3, 5}, {1, 2}], [{8, 6}, {4, 7}, {5}, {1, 3}, {2}], [{8, 6}, {5, 7}, {1, 4}, {2, 3}], [{8, 6}, {5, 7}, {1, 4}, {3}, {2}], [{8, 6}, {5, 7}, {2, 4}, {1, 3}], [{8, 6}, {5, 7}, {3, 4}, {1, 2}], [{8, 7}, {1, 6}, {2, 5}, {3, 4}], [{8, 7}, {1, 6}, {3, 5}, {2, 4}], [{8, 7}, {1, 6}, {3, 5}, {4}, {2}], [{8, 7}, {1, 6}, {4, 5}, {2, 3}], [{8, 7}, {2, 6}, {1, 5}, {3, 4}], [{8, 7}, {2, 6}, {3, 5}, {1, 4}], [{8, 7}, {2, 6}, {4, 5}, {1, 3}], [{8, 7}, {3, 6}, {1, 5}, {2, 4}], [{8, 7}, {3, 6}, {2, 5}, {1, 4}], [{8, 7}, {3, 6}, {4, 5}, {1, 2}], [{8, 7}, {4, 6}, {1, 5}, {2, 3}], [{8, 7}, {4, 6}, {2, 5}, {1, 3}], [{8, 7}, {4, 6}, {3, 5}, {1, 2}], [{8, 7}, {4, 6}, {5}, {2, 3}, {1}], [{8, 7}, {5, 6}, {1, 4}, {2, 3}], [{8, 7}, {5, 6}, {2, 4}, {1, 3}], [{8, 7}, {5, 6}, {3, 4}, {1, 2}], [{8, 7}, {6}, {2, 5}, {1, 4}, {3}], [{8}, {1, 7}, {2, 6}, {4, 5}, {3}], [{8}, {1, 7}, {3, 6}, {5}, {2, 4}], [{8}, {1, 7}, {4, 6}, {3, 5}, {2}], [{8}, {2, 7}, {1, 6}, {3, 5}, {4}], [{8}, {2, 7}, {4, 6}, {3, 5}, {1}], [{8}, {2, 7}, {6}, {3, 5}, {1, 4}], [{8}, {2, 7}, {6}, {4, 5}, {1, 3}], [{8}, {3, 7}, {6}, {2, 5}, {1, 4}], [{8}, {4, 7}, {1, 6}, {2, 5}, {3}], [{8}, {4, 7}, {3, 6}, {1, 5}, {2}], [{8}, {5, 7}, {1, 6}, {4}, {2, 3}], [{8}, {5, 7}, {2, 6}, {1, 4}, {3}], [{8}, {6, 7}, {2, 5}, {4}, {1, 3}], [{8}, {7}, {4, 6}, {3, 5}, {1, 2}]]",2,- 8 K_1^4 + 28 K_1^3 + 16 K_1^2 K_2 - 22 K_1^2 - 24 K_1 K_2 - 6 K_1 K_3 - 9 K_1 + 10 K_2 + 5 K_3 + 11,O1O2O3O4U5U1U2O6O7U3O5U6U4O8U7U8,O1O2O3U4U5U1U2O6O7U6O4O8U3O5U7U8,O1O2O3U4U5O6U1O4O7U8O5O8U2U3U6U7,c,{'O1O2O3O4U5U6O5U1U7O8U2O6O7U3U4U8'},1,"<a href=""/flatknot/8.857793"">8.857793</a>",t^9-56t^7-236t^6-264t^5+198t^4+433t^3+4t^2-158t-14,0,,
8.857794,O1O2O3O4U5U6O5U1U7O8U2O6O7U3U8U4,4,4z^3+32z^2+97z+99,4w^4z^3+32w^3z^2+97w^2z+99w,False,False,"[[ 0 -2  0  0  3 -1 -1  1  0],[ 2  0  1  1  2  2  2  2  1],[ 0 -1  0 -1  1  0  1  1  0],[ 0 -1  1  0  2 -1  0  1 -1],[-3 -2 -1 -2  0 -4 -2 -1 -2],[ 1 -2  0  1  4  0 -1  1  1],[ 1 -2 -1  0  2  1  0  1  1],[-1 -2 -1 -1  1 -1 -1  0  0],[ 0 -1  0  1  2 -1 -1  0  0]]","[[ 0  3  1  0  0  0 -1 -1 -2],[-3  0 -1 -1 -2 -2 -2 -4 -2],[-1  1  0 -1  0 -1 -1 -1 -2],[ 0  1  1  0  0 -1  1  0 -1],[ 0  2  0  0  0  1 -1 -1 -1],[ 0  2  1  1 -1  0  0 -1 -1],[ 1  2  1 -1  1  0  0  1 -2],[ 1  4  1  0  1  1 -1  0 -2],[ 2  2  2  1  1  1  2  2  0]]",True,"[-3,-1,0,0,0,1,1,2,1,1,2,2,2,4,2,1,0,1,1,1,2,0,1,-1,0,1,-1,1,1,1,0,1,1,-1,2,2]","[-3,-1,0,0,0,1,1,2,1,1,1,2,0,2,3,0,1,0,1,1,1,-1,1,0,1,1,0,0,0,1,1,2,1,-1,-1,-1]",t^8+60t^6+396t^4+86t^2+1,"[-2,-1,-1,0,0,0,1,3,-1,-1,1,1,1,1,3,-1,0,1,2,1,2,0,0,1,1,0,-1,0,1,1,-1,0,1,0,2,1]","[-3,-1,0,0,0,1,1,2,1,1,1,2,0,2,3,0,1,0,1,1,1,-1,1,0,1,1,0,0,0,1,1,2,1,-1,-1,-1]","[-2,-1,-1,0,0,0,1,3,2,2,1,1,1,2,2,-1,0,1,1,1,4,-1,0,1,1,2,-1,0,1,1,-1,1,2,0,2,1]",c,"[[{8, 1}, {2, 7}, {3, 6}, {4, 5}], [{8, 1}, {2, 7}, {4, 6}, {3, 5}], [{8, 1}, {2, 7}, {5, 6}, {3, 4}], [{8, 1}, {3, 7}, {2, 6}, {4, 5}], [{8, 1}, {3, 7}, {4, 6}, {2, 5}], [{8, 1}, {3, 7}, {5, 6}, {2, 4}], [{8, 1}, {4, 7}, {2, 6}, {3, 5}], [{8, 1}, {4, 7}, {3, 6}, {2, 5}], [{8, 1}, {4, 7}, {5, 6}, {2, 3}], [{8, 1}, {4, 7}, {6}, {5}, {2, 3}], [{8, 1}, {5, 7}, {2, 6}, {3, 4}], [{8, 1}, {5, 7}, {3, 6}, {2, 4}], [{8, 1}, {5, 7}, {4, 6}, {2, 3}], [{8, 1}, {5, 7}, {4, 6}, {3}, {2}], [{8, 1}, {6, 7}, {2, 5}, {3, 4}], [{8, 1}, {6, 7}, {3, 5}, {2, 4}], [{8, 1}, {6, 7}, {4, 5}, {2, 3}], [{8, 1}, {6, 7}, {5}, {2, 4}, {3}], [{8, 1}, {6, 7}, {5}, {3, 4}, {2}], [{8, 1}, {6, 7}, {5}, {4}, {2, 3}], [{8, 1}, {7}, {3, 6}, {2, 5}, {4}], [{8, 1}, {7}, {4, 6}, {5}, {2, 3}], [{8, 2}, {1, 7}, {3, 6}, {4, 5}], [{8, 2}, {1, 7}, {4, 6}, {3, 5}], [{8, 2}, {1, 7}, {5, 6}, {3, 4}], [{8, 2}, {1, 7}, {6}, {3, 5}, {4}], [{8, 2}, {3, 7}, {1, 6}, {4, 5}], [{8, 2}, {3, 7}, {4, 6}, {1, 5}], [{8, 2}, {3, 7}, {5, 6}, {1, 4}], [{8, 2}, {3, 7}, {6}, {1, 5}, {4}], [{8, 2}, {3, 7}, {6}, {4, 5}, {1}], [{8, 2}, {3, 7}, {6}, {5}, {1, 4}], [{8, 2}, {4, 7}, {1, 6}, {3, 5}], [{8, 2}, {4, 7}, {3, 6}, {1, 5}], [{8, 2}, {4, 7}, {5, 6}, {1, 3}], [{8, 2}, {4, 7}, {6}, {3, 5}, {1}], [{8, 2}, {5, 7}, {1, 6}, {3, 4}], [{8, 2}, {5, 7}, {1, 6}, {4}, {3}], [{8, 2}, {5, 7}, {3, 6}, {1, 4}], [{8, 2}, {5, 7}, {4, 6}, {1, 3}], [{8, 2}, {5, 7}, {4, 6}, {3}, {1}], [{8, 2}, {5, 7}, {6}, {1, 4}, {3}], [{8, 2}, {6, 7}, {1, 5}, {3, 4}], [{8, 2}, {6, 7}, {1, 5}, {4}, {3}], [{8, 2}, {6, 7}, {3, 5}, {1, 4}], [{8, 2}, {6, 7}, {4, 5}, {1, 3}], [{8, 2}, {6, 7}, {4, 5}, {3}, {1}], [{8, 2}, {6, 7}, {5}, {1, 4}, {3}], [{8, 2}, {7}, {3, 6}, {1, 5}, {4}], [{8, 2}, {7}, {3, 6}, {4, 5}, {1}], [{8, 2}, {7}, {3, 6}, {5}, {1, 4}], [{8, 2}, {7}, {5, 6}, {1, 4}, {3}], [{8, 2}, {7}, {6}, {3, 5}, {1, 4}], [{8, 2}, {7}, {6}, {5}, {1, 4}, {3}], [{8, 3}, {1, 7}, {2, 6}, {4, 5}], [{8, 3}, {1, 7}, {4, 6}, {2, 5}], [{8, 3}, {1, 7}, {5, 6}, {2, 4}], [{8, 3}, {1, 7}, {6}, {2, 5}, {4}], [{8, 3}, {2, 7}, {1, 6}, {4, 5}], [{8, 3}, {2, 7}, {4, 6}, {1, 5}], [{8, 3}, {2, 7}, {5, 6}, {1, 4}], [{8, 3}, {2, 7}, {6}, {5}, {1, 4}], [{8, 3}, {4, 7}, {1, 6}, {2, 5}], [{8, 3}, {4, 7}, {2, 6}, {1, 5}], [{8, 3}, {4, 7}, {5, 6}, {1, 2}], [{8, 3}, {5, 7}, {1, 6}, {2, 4}], [{8, 3}, {5, 7}, {2, 6}, {1, 4}], [{8, 3}, {5, 7}, {4, 6}, {1, 2}], [{8, 3}, {6, 7}, {1, 5}, {2, 4}], [{8, 3}, {6, 7}, {2, 5}, {1, 4}], [{8, 3}, {6, 7}, {2, 5}, {4}, {1}], [{8, 3}, {6, 7}, {4, 5}, {1, 2}], [{8, 3}, {7}, {1, 6}, {2, 5}, {4}], [{8, 3}, {7}, {2, 6}, {4, 5}, {1}], [{8, 3}, {7}, {5, 6}, {1, 4}, {2}], [{8, 4}, {1, 7}, {2, 6}, {3, 5}], [{8, 4}, {1, 7}, {3, 6}, {2, 5}], [{8, 4}, {1, 7}, {3, 6}, {5}, {2}], [{8, 4}, {1, 7}, {5, 6}, {2, 3}], [{8, 4}, {1, 7}, {6}, {2, 5}, {3}], [{8, 4}, {2, 7}, {1, 6}, {3, 5}], [{8, 4}, {2, 7}, {3, 6}, {1, 5}], [{8, 4}, {2, 7}, {5, 6}, {1, 3}], [{8, 4}, {3, 7}, {1, 6}, {2, 5}], [{8, 4}, {3, 7}, {2, 6}, {1, 5}], [{8, 4}, {3, 7}, {5, 6}, {1, 2}], [{8, 4}, {5, 7}, {1, 6}, {2, 3}], [{8, 4}, {5, 7}, {1, 6}, {3}, {2}], [{8, 4}, {5, 7}, {2, 6}, {1, 3}], [{8, 4}, {5, 7}, {3, 6}, {1, 2}], [{8, 4}, {6, 7}, {1, 5}, {2, 3}], [{8, 4}, {6, 7}, {2, 5}, {1, 3}], [{8, 4}, {6, 7}, {3, 5}, {1, 2}], [{8, 5}, {1, 7}, {2, 6}, {3, 4}], [{8, 5}, {1, 7}, {3, 6}, {2, 4}], [{8, 5}, {1, 7}, {4, 6}, {2, 3}], [{8, 5}, {1, 7}, {4, 6}, {3}, {2}], [{8, 5}, {2, 7}, {1, 6}, {3, 4}], [{8, 5}, {2, 7}, {3, 6}, {1, 4}], [{8, 5}, {2, 7}, {4, 6}, {1, 3}], [{8, 5}, {3, 7}, {1, 6}, {2, 4}], [{8, 5}, {3, 7}, {1, 6}, {4}, {2}], [{8, 5}, {3, 7}, {2, 6}, {1, 4}], [{8, 5}, {3, 7}, {2, 6}, {4}, {1}], [{8, 5}, {3, 7}, {4, 6}, {1, 2}], [{8, 5}, {3, 7}, {4, 6}, {2}, {1}], [{8, 5}, {3, 7}, {6}, {1, 4}, {2}], [{8, 5}, {3, 7}, {6}, {2, 4}, {1}], [{8, 5}, {3, 7}, {6}, {4}, {1, 2}], [{8, 5}, {4, 7}, {1, 6}, {2, 3}], [{8, 5}, {4, 7}, {2, 6}, {1, 3}], [{8, 5}, {4, 7}, {3, 6}, {1, 2}], [{8, 5}, {6, 7}, {1, 4}, {2, 3}], [{8, 5}, {6, 7}, {2, 4}, {1, 3}], [{8, 5}, {6, 7}, {3, 4}, {1, 2}], [{8, 5}, {7}, {4, 6}, {1, 3}, {2}], [{8, 6}, {1, 7}, {2, 5}, {3, 4}], [{8, 6}, {1, 7}, {3, 5}, {2, 4}], [{8, 6}, {1, 7}, {4, 5}, {2, 3}], [{8, 6}, {2, 7}, {1, 5}, {3, 4}], [{8, 6}, {2, 7}, {3, 5}, {1, 4}], [{8, 6}, {2, 7}, {3, 5}, {4}, {1}], [{8, 6}, {2, 7}, {4, 5}, {1, 3}], [{8, 6}, {3, 7}, {1, 5}, {2, 4}], [{8, 6}, {3, 7}, {2, 5}, {1, 4}], [{8, 6}, {3, 7}, {4, 5}, {1, 2}], [{8, 6}, {3, 7}, {5}, {1, 4}, {2}], [{8, 6}, {4, 7}, {1, 5}, {2, 3}], [{8, 6}, {4, 7}, {2, 5}, {1, 3}], [{8, 6}, {4, 7}, {3, 5}, {1, 2}], [{8, 6}, {5, 7}, {1, 4}, {2, 3}], [{8, 6}, {5, 7}, {1, 4}, {3}, {2}], [{8, 6}, {5, 7}, {2, 4}, {1, 3}], [{8, 6}, {5, 7}, {3, 4}, {1, 2}], [{8, 6}, {7}, {1, 5}, {2, 4}, {3}], [{8, 6}, {7}, {3, 5}, {1, 4}, {2}], [{8, 7}, {1, 6}, {2, 5}, {3, 4}], [{8, 7}, {1, 6}, {3, 5}, {2, 4}], [{8, 7}, {1, 6}, {4, 5}, {2, 3}], [{8, 7}, {2, 6}, {1, 5}, {3, 4}], [{8, 7}, {2, 6}, {3, 5}, {1, 4}], [{8, 7}, {2, 6}, {4, 5}, {1, 3}], [{8, 7}, {3, 6}, {1, 5}, {2, 4}], [{8, 7}, {3, 6}, {2, 5}, {1, 4}], [{8, 7}, {3, 6}, {4, 5}, {1, 2}], [{8, 7}, {3, 6}, {5}, {2, 4}, {1}], [{8, 7}, {4, 6}, {1, 5}, {2, 3}], [{8, 7}, {4, 6}, {2, 5}, {1, 3}], [{8, 7}, {4, 6}, {2, 5}, {3}, {1}], [{8, 7}, {4, 6}, {3, 5}, {1, 2}], [{8, 7}, {5, 6}, {1, 4}, {2, 3}], [{8, 7}, {5, 6}, {1, 4}, {3}, {2}], [{8, 7}, {5, 6}, {2, 4}, {1, 3}], [{8, 7}, {5, 6}, {3, 4}, {1, 2}], [{8, 7}, {6}, {1, 5}, {4}, {2, 3}], [{8, 7}, {6}, {4, 5}, {2, 3}, {1}], [{8, 7}, {6}, {5}, {1, 4}, {2, 3}], [{8}, {1, 7}, {2, 6}, {5}, {3, 4}], [{8}, {1, 7}, {5, 6}, {3, 4}, {2}], [{8}, {1, 7}, {6}, {2, 5}, {3, 4}], [{8}, {2, 7}, {5, 6}, {1, 4}, {3}], [{8}, {3, 7}, {1, 6}, {5}, {2, 4}], [{8}, {3, 7}, {2, 6}, {5}, {1, 4}], [{8}, {3, 7}, {4, 6}, {5}, {1, 2}], [{8}, {3, 7}, {5, 6}, {1, 4}, {2}], [{8}, {3, 7}, {6}, {2, 5}, {1, 4}], [{8}, {3, 7}, {6}, {5}, {1, 4}, {2}], [{8}, {5, 7}, {1, 6}, {2, 4}, {3}], [{8}, {5, 7}, {2, 6}, {1, 4}, {3}], [{8}, {5, 7}, {4, 6}, {3}, {1, 2}], [{8}, {7}, {1, 6}, {3, 5}, {2, 4}], [{8}, {7}, {2, 6}, {3, 5}, {1, 4}], [{8}, {7}, {4, 6}, {3, 5}, {1, 2}], [{8}, {7}, {5, 6}, {1, 4}, {2, 3}]]",2,4 K_1^3 + 4 K_1^2 K_2 - 12 K_1^2 - 10 K_1 K_2 - 2 K_1 K_3 + 2 K_1 - 2 K_2^2 + 5 K_2 + 4 K_3 + K_4 + 7,O1O2O3O4U1U5U2O6O7U3O5U6U4O8U7U8,O1O2O3U4U5U1U3O6O7U6O4O8U2O5U7U8,O1O2O3U4U5O6U2O4O7U8O5O8U1U3U6U7,c,{'O1O2O3O4U5U6O5U1U7O8U2O6O7U3U8U4'},1,"<a href=""/flatknot/8.857794"">8.857794</a>",t^9-56t^7-242t^6-267t^5+318t^4+732t^3+118t^2-386t-146,-t^3+t^2+t,,
8.857795,O1O2O3O4U5U6O5U1U7O8U2O6O7U4U3U8,4,17z^2+70z+73,-10w^4z^2+27w^3z^2-22w^3z+92w^2z+73w,False,False,"[[ 0 -2  0  1  1 -1 -1  1  1],[ 2  0  1  2  1  2  2  2  2],[ 0 -1  0  0 -1  0  1  1  1],[-1 -2  0  0  0 -2 -1  0  0],[-1 -1  1  0  0 -2 -1  0 -1],[ 1 -2  0  2  2  0 -1  1  2],[ 1 -2 -1  1  1  1  0  1  2],[-1 -2 -1  0  0 -1 -1  0  1],[-1 -2 -1  0  1 -2 -2 -1  0]]","[[ 0  1  1  1  1  0 -1 -1 -2],[-1  0  1  0  0 -1 -1 -1 -2],[-1 -1  0  1  0 -1 -2 -2 -2],[-1  0 -1  0  0  1 -1 -2 -1],[-1  0  0  0  0  0 -1 -2 -2],[ 0  1  1 -1  0  0  1  0 -1],[ 1  1  2  1  1 -1  0  1 -2],[ 1  1  2  2  2  0 -1  0 -2],[ 2  2  2  1  2  1  2  2  0]]",True,"[-1,-1,-1,-1,0,1,1,2,-1,0,0,1,1,1,2,-1,0,1,2,2,2,0,-1,1,2,1,0,1,2,2,-1,0,1,-1,2,2]","[-2,-1,-1,0,1,1,1,1,-1,-1,1,1,1,1,2,-1,2,0,1,1,1,1,0,0,1,0,0,1,0,2,0,1,-1,0,0,0]",t^8+49t^6+273t^4+59t^2,"[-2,-1,-1,0,1,1,1,1,-1,-1,1,1,1,1,2,-1,2,0,1,1,1,1,0,0,1,0,0,1,0,2,0,1,-1,0,0,0]","[-1,-1,-1,-1,0,1,1,2,-1,0,0,2,0,1,2,-1,0,0,0,0,1,0,0,1,1,1,1,0,1,1,1,2,1,-1,-1,-1]","[-2,-1,-1,0,1,1,1,1,2,2,1,1,2,2,2,-1,0,2,1,2,2,-1,1,1,1,2,-1,1,0,1,0,0,-1,0,1,0]",c,"[[{8, 1}, {2, 7}, {3, 6}, {4, 5}], [{8, 1}, {2, 7}, {3, 6}, {5}, {4}], [{8, 1}, {2, 7}, {4, 6}, {3, 5}], [{8, 1}, {2, 7}, {5, 6}, {3, 4}], [{8, 1}, {2, 7}, {6}, {4, 5}, {3}], [{8, 1}, {3, 7}, {2, 6}, {4, 5}], [{8, 1}, {3, 7}, {4, 6}, {2, 5}], [{8, 1}, {3, 7}, {5, 6}, {2, 4}], [{8, 1}, {3, 7}, {6}, {5}, {2, 4}], [{8, 1}, {4, 7}, {2, 6}, {3, 5}], [{8, 1}, {4, 7}, {3, 6}, {2, 5}], [{8, 1}, {4, 7}, {3, 6}, {5}, {2}], [{8, 1}, {4, 7}, {5, 6}, {2, 3}], [{8, 1}, {4, 7}, {6}, {2, 5}, {3}], [{8, 1}, {5, 7}, {2, 6}, {3, 4}], [{8, 1}, {5, 7}, {3, 6}, {2, 4}], [{8, 1}, {5, 7}, {4, 6}, {2, 3}], [{8, 1}, {6, 7}, {2, 5}, {3, 4}], [{8, 1}, {6, 7}, {2, 5}, {4}, {3}], [{8, 1}, {6, 7}, {3, 5}, {2, 4}], [{8, 1}, {6, 7}, {4, 5}, {2, 3}], [{8, 1}, {6, 7}, {4, 5}, {3}, {2}], [{8, 1}, {6, 7}, {5}, {2, 4}, {3}], [{8, 1}, {7}, {2, 6}, {4, 5}, {3}], [{8, 1}, {7}, {3, 6}, {5}, {2, 4}], [{8, 1}, {7}, {4, 6}, {2, 5}, {3}], [{8, 1}, {7}, {4, 6}, {3, 5}, {2}], [{8, 1}, {7}, {4, 6}, {5}, {2, 3}], [{8, 2}, {1, 7}, {3, 6}, {4, 5}], [{8, 2}, {1, 7}, {3, 6}, {5}, {4}], [{8, 2}, {1, 7}, {4, 6}, {3, 5}], [{8, 2}, {1, 7}, {4, 6}, {5}, {3}], [{8, 2}, {1, 7}, {5, 6}, {3, 4}], [{8, 2}, {1, 7}, {5, 6}, {4}, {3}], [{8, 2}, {1, 7}, {6}, {3, 5}, {4}], [{8, 2}, {1, 7}, {6}, {4, 5}, {3}], [{8, 2}, {1, 7}, {6}, {5}, {3, 4}], [{8, 2}, {1, 7}, {6}, {5}, {4}, {3}], [{8, 2}, {3, 7}, {1, 6}, {4, 5}], [{8, 2}, {3, 7}, {4, 6}, {1, 5}], [{8, 2}, {3, 7}, {5, 6}, {1, 4}], [{8, 2}, {3, 7}, {6}, {1, 5}, {4}], [{8, 2}, {4, 7}, {1, 6}, {3, 5}], [{8, 2}, {4, 7}, {3, 6}, {1, 5}], [{8, 2}, {4, 7}, {5, 6}, {1, 3}], [{8, 2}, {4, 7}, {6}, {1, 5}, {3}], [{8, 2}, {5, 7}, {1, 6}, {3, 4}], [{8, 2}, {5, 7}, {1, 6}, {4}, {3}], [{8, 2}, {5, 7}, {3, 6}, {1, 4}], [{8, 2}, {5, 7}, {3, 6}, {4}, {1}], [{8, 2}, {5, 7}, {4, 6}, {1, 3}], [{8, 2}, {5, 7}, {4, 6}, {3}, {1}], [{8, 2}, {5, 7}, {6}, {1, 4}, {3}], [{8, 2}, {5, 7}, {6}, {3, 4}, {1}], [{8, 2}, {5, 7}, {6}, {4}, {1, 3}], [{8, 2}, {5, 7}, {6}, {4}, {3}, {1}], [{8, 2}, {6, 7}, {1, 5}, {3, 4}], [{8, 2}, {6, 7}, {1, 5}, {4}, {3}], [{8, 2}, {6, 7}, {3, 5}, {1, 4}], [{8, 2}, {6, 7}, {4, 5}, {1, 3}], [{8, 2}, {7}, {3, 6}, {1, 5}, {4}], [{8, 2}, {7}, {4, 6}, {1, 5}, {3}], [{8, 2}, {7}, {6}, {1, 5}, {3, 4}], [{8, 2}, {7}, {6}, {1, 5}, {4}, {3}], [{8, 3}, {1, 7}, {2, 6}, {4, 5}], [{8, 3}, {1, 7}, {4, 6}, {2, 5}], [{8, 3}, {1, 7}, {5, 6}, {2, 4}], [{8, 3}, {2, 7}, {1, 6}, {4, 5}], [{8, 3}, {2, 7}, {4, 6}, {1, 5}], [{8, 3}, {2, 7}, {5, 6}, {1, 4}], [{8, 3}, {2, 7}, {6}, {4, 5}, {1}], [{8, 3}, {4, 7}, {1, 6}, {2, 5}], [{8, 3}, {4, 7}, {2, 6}, {1, 5}], [{8, 3}, {4, 7}, {5, 6}, {1, 2}], [{8, 3}, {5, 7}, {1, 6}, {2, 4}], [{8, 3}, {5, 7}, {2, 6}, {1, 4}], [{8, 3}, {5, 7}, {4, 6}, {1, 2}], [{8, 3}, {6, 7}, {1, 5}, {2, 4}], [{8, 3}, {6, 7}, {2, 5}, {1, 4}], [{8, 3}, {6, 7}, {2, 5}, {4}, {1}], [{8, 3}, {6, 7}, {4, 5}, {1, 2}], [{8, 3}, {6, 7}, {4, 5}, {2}, {1}], [{8, 3}, {6, 7}, {5}, {2, 4}, {1}], [{8, 3}, {7}, {2, 6}, {4, 5}, {1}], [{8, 3}, {7}, {6}, {2, 5}, {1, 4}], [{8, 4}, {1, 7}, {2, 6}, {3, 5}], [{8, 4}, {1, 7}, {3, 6}, {2, 5}], [{8, 4}, {1, 7}, {5, 6}, {2, 3}], [{8, 4}, {1, 7}, {5, 6}, {3}, {2}], [{8, 4}, {2, 7}, {1, 6}, {3, 5}], [{8, 4}, {2, 7}, {1, 6}, {5}, {3}], [{8, 4}, {2, 7}, {3, 6}, {1, 5}], [{8, 4}, {2, 7}, {5, 6}, {1, 3}], [{8, 4}, {3, 7}, {1, 6}, {2, 5}], [{8, 4}, {3, 7}, {1, 6}, {5}, {2}], [{8, 4}, {3, 7}, {2, 6}, {1, 5}], [{8, 4}, {3, 7}, {5, 6}, {1, 2}], [{8, 4}, {5, 7}, {1, 6}, {2, 3}], [{8, 4}, {5, 7}, {1, 6}, {3}, {2}], [{8, 4}, {5, 7}, {2, 6}, {1, 3}], [{8, 4}, {5, 7}, {3, 6}, {1, 2}], [{8, 4}, {6, 7}, {1, 5}, {2, 3}], [{8, 4}, {6, 7}, {1, 5}, {3}, {2}], [{8, 4}, {6, 7}, {2, 5}, {1, 3}], [{8, 4}, {6, 7}, {3, 5}, {1, 2}], [{8, 4}, {7}, {1, 6}, {2, 5}, {3}], [{8, 4}, {7}, {1, 6}, {3, 5}, {2}], [{8, 4}, {7}, {1, 6}, {5}, {2, 3}], [{8, 4}, {7}, {1, 6}, {5}, {3}, {2}], [{8, 4}, {7}, {3, 6}, {2, 5}, {1}], [{8, 4}, {7}, {6}, {2, 5}, {1, 3}], [{8, 5}, {1, 7}, {2, 6}, {3, 4}], [{8, 5}, {1, 7}, {3, 6}, {2, 4}], [{8, 5}, {1, 7}, {3, 6}, {4}, {2}], [{8, 5}, {1, 7}, {4, 6}, {2, 3}], [{8, 5}, {2, 7}, {1, 6}, {3, 4}], [{8, 5}, {2, 7}, {3, 6}, {1, 4}], [{8, 5}, {2, 7}, {4, 6}, {1, 3}], [{8, 5}, {3, 7}, {1, 6}, {2, 4}], [{8, 5}, {3, 7}, {2, 6}, {1, 4}], [{8, 5}, {3, 7}, {4, 6}, {1, 2}], [{8, 5}, {4, 7}, {1, 6}, {2, 3}], [{8, 5}, {4, 7}, {2, 6}, {1, 3}], [{8, 5}, {4, 7}, {3, 6}, {1, 2}], [{8, 5}, {4, 7}, {3, 6}, {2}, {1}], [{8, 5}, {6, 7}, {1, 4}, {2, 3}], [{8, 5}, {6, 7}, {2, 4}, {1, 3}], [{8, 5}, {6, 7}, {2, 4}, {3}, {1}], [{8, 5}, {6, 7}, {3, 4}, {1, 2}], [{8, 5}, {7}, {3, 6}, {1, 4}, {2}], [{8, 6}, {1, 7}, {2, 5}, {3, 4}], [{8, 6}, {1, 7}, {3, 5}, {2, 4}], [{8, 6}, {1, 7}, {4, 5}, {2, 3}], [{8, 6}, {2, 7}, {1, 5}, {3, 4}], [{8, 6}, {2, 7}, {3, 5}, {1, 4}], [{8, 6}, {2, 7}, {3, 5}, {4}, {1}], [{8, 6}, {2, 7}, {4, 5}, {1, 3}], [{8, 6}, {3, 7}, {1, 5}, {2, 4}], [{8, 6}, {3, 7}, {2, 5}, {1, 4}], [{8, 6}, {3, 7}, {4, 5}, {1, 2}], [{8, 6}, {4, 7}, {1, 5}, {2, 3}], [{8, 6}, {4, 7}, {2, 5}, {1, 3}], [{8, 6}, {4, 7}, {2, 5}, {3}, {1}], [{8, 6}, {4, 7}, {3, 5}, {1, 2}], [{8, 6}, {4, 7}, {5}, {1, 3}, {2}], [{8, 6}, {5, 7}, {1, 4}, {2, 3}], [{8, 6}, {5, 7}, {2, 4}, {1, 3}], [{8, 6}, {5, 7}, {3, 4}, {1, 2}], [{8, 6}, {7}, {5}, {1, 4}, {2, 3}], [{8, 7}, {1, 6}, {2, 5}, {3, 4}], [{8, 7}, {1, 6}, {2, 5}, {4}, {3}], [{8, 7}, {1, 6}, {3, 5}, {2, 4}], [{8, 7}, {1, 6}, {4, 5}, {2, 3}], [{8, 7}, {2, 6}, {1, 5}, {3, 4}], [{8, 7}, {2, 6}, {3, 5}, {1, 4}], [{8, 7}, {2, 6}, {4, 5}, {1, 3}], [{8, 7}, {3, 6}, {1, 5}, {2, 4}], [{8, 7}, {3, 6}, {2, 5}, {1, 4}], [{8, 7}, {3, 6}, {4, 5}, {1, 2}], [{8, 7}, {4, 6}, {1, 5}, {2, 3}], [{8, 7}, {4, 6}, {2, 5}, {1, 3}], [{8, 7}, {4, 6}, {3, 5}, {1, 2}], [{8, 7}, {4, 6}, {3, 5}, {2}, {1}], [{8, 7}, {5, 6}, {1, 4}, {2, 3}], [{8, 7}, {5, 6}, {2, 4}, {1, 3}], [{8, 7}, {5, 6}, {3, 4}, {1, 2}], [{8}, {1, 7}, {3, 6}, {2, 5}, {4}], [{8}, {1, 7}, {4, 6}, {3, 5}, {2}], [{8}, {1, 7}, {5, 6}, {2, 4}, {3}], [{8}, {2, 7}, {6}, {3, 5}, {1, 4}], [{8}, {2, 7}, {6}, {4, 5}, {1, 3}], [{8}, {4, 7}, {1, 6}, {2, 5}, {3}], [{8}, {4, 7}, {3, 6}, {1, 5}, {2}], [{8}, {4, 7}, {5, 6}, {3}, {1, 2}], [{8}, {5, 7}, {1, 6}, {2, 4}, {3}], [{8}, {6, 7}, {1, 5}, {2, 4}, {3}], [{8}, {6, 7}, {2, 5}, {4}, {1, 3}], [{8}, {6, 7}, {3, 5}, {2, 4}, {1}], [{8}, {6, 7}, {4, 5}, {1, 3}, {2}], [{8}, {6, 7}, {5}, {2, 4}, {1, 3}], [{8}, {6, 7}, {5}, {2, 4}, {3}, {1}], [{8}, {7}, {2, 6}, {4, 5}, {1, 3}], [{8}, {7}, {3, 6}, {4, 5}, {1, 2}]]",2,8 K_1^3 + 8 K_1^2 K_2 - 10 K_1^2 - 12 K_1 K_2 - 8 K_1 K_3 + 5 K_2 + 4 K_3 + 2 K_4 + 4,O1O2O3O4U5U2U1O6O7U3O5U6U4O8U7U8,O1O2O3U4U5U2U1O6O7U6O4O8U3O5U7U8,O1O2O3U4U5O6U1O4O7U8O5O8U3U2U6U7,c,{'O1O2O3O4U5U6O5U1U7O8U2O6O7U4U3U8'},1,"<a href=""/flatknot/8.857795"">8.857795</a>",t^9-51t^7-182t^6-100t^5+320t^4+367t^3+16t^2-101t-30,t^2-2t,,
8.857796,O1O2O3O4U5U6O5U1U7O8U2O6O7U4U8U3,4,20z^2+101z+123,-2w^4z^2+22w^3z^2-2w^3z+103w^2z+123w,False,False,"[[ 0 -2  0  2  1 -1 -1  1  0],[ 2  0  1  2  1  2  2  2  1],[ 0 -1  0  1 -1  0  1  1  0],[-2 -2 -1  0 -1 -3 -1  0 -1],[-1 -1  1  1  0 -2 -1  0 -1],[ 1 -2  0  3  2  0 -1  1  1],[ 1 -2 -1  1  1  1  0  1  1],[-1 -2 -1  0  0 -1 -1  0  0],[ 0 -1  0  1  1 -1 -1  0  0]]","[[ 0  2  1  1  0  0 -1 -1 -2],[-2  0  0 -1 -1 -1 -1 -3 -2],[-1  0  0  0  0 -1 -1 -1 -2],[-1  1  0  0 -1  1 -1 -2 -1],[ 0  1  0  1  0  0 -1 -1 -1],[ 0  1  1 -1  0  0  1  0 -1],[ 1  1  1  1  1 -1  0  1 -2],[ 1  3  1  2  1  0 -1  0 -2],[ 2  2  2  1  1  1  2  2  0]]",True,"[-2,-1,-1,0,0,1,1,2,0,1,1,1,1,3,2,0,0,1,1,1,2,1,-1,1,2,1,0,1,1,1,-1,0,1,-1,2,2]","[-2,-1,-1,0,0,1,1,2,-1,-1,1,1,1,2,2,-1,0,2,1,1,2,0,1,1,0,0,0,1,0,1,0,2,1,0,1,0]",t^8+46t^6+300t^4+105t^2+1,"[-2,-1,-1,0,0,1,1,2,-1,-1,1,1,1,2,2,-1,0,2,1,1,2,0,1,1,0,0,0,1,0,1,0,2,1,0,1,0]","[-2,-1,-1,0,0,1,1,2,0,1,1,1,0,2,2,0,0,2,0,1,2,1,0,1,1,1,0,0,0,1,1,2,1,-1,-1,-1]","[-2,-1,-1,0,0,1,1,2,2,2,1,1,1,2,2,-1,0,1,2,1,3,-1,1,1,1,1,0,-1,1,1,1,0,1,0,1,0]",c,"[[{8, 2}, {5, 7}, {4, 6}, {1, 3}]]",1,- 8 K_1^4 + 16 K_1^3 + 16 K_1^2 K_2 - 26 K_1^2 - 16 K_1 K_2 - 6 K_1 K_3 - 4 K_1 + 12 K_2 + 4 K_3 + 13,O1O2O3O4U2U5U1O6O7U3O5U6U4O8U7U8,O1O2O3U4U5U3U1O6O7U6O4O8U2O5U7U8,O1O2O3U4U5O6U2O4O7U8O5O8U3U1U6U7,c,{'O1O2O3O4U5U6O5U1U7O8U2O6O7U4U8U3'},1,"<a href=""/flatknot/8.857796"">8.857796</a>",t^9-46t^7-166t^6-120t^5+230t^4+364t^3+164t^2+25t-10,0,,
8.857797,O1O2O3O4U5U6O5U1U7O8U3O6O7U2U4U8,4,z^3+23z^2+105z+127,w^4z^3+23w^3z^2+105w^2z+127w,False,False,"[[ 0 -2 -1  1  2 -1 -1  1  1],[ 2  0  1  1  2  2  2  2  2],[ 1 -1  0  2  2  0  0  1  1],[-1 -1 -2  0 -1 -1  0  0  0],[-2 -2 -2  1  0 -3 -2 -1 -1],[ 1 -2  0  1  3  0 -1  1  2],[ 1 -2  0  0  2  1  0  1  2],[-1 -2 -1  0  1 -1 -1  0  1],[-1 -2 -1  0  1 -2 -2 -1  0]]","[[ 0  2  1  1  1 -1 -1 -1 -2],[-2  0  1 -1 -1 -2 -2 -3 -2],[-1 -1  0  0  0  0 -2 -1 -1],[-1  1  0  0  1 -1 -1 -1 -2],[-1  1  0 -1  0 -2 -1 -2 -2],[ 1  2  0  1  2  0  0  1 -2],[ 1  2  2  1  1  0  0  0 -1],[ 1  3  1  1  2 -1  0  0 -2],[ 2  2  1  2  2  2  1  2  0]]",True,"[-2,-1,-1,-1,1,1,1,2,-1,1,1,2,2,3,2,0,0,0,2,1,1,-1,1,1,1,2,2,1,2,2,0,-1,2,0,1,2]","[-2,-1,-1,-1,1,1,1,2,-1,-1,0,1,1,2,2,-1,0,0,1,2,1,0,0,1,1,0,1,1,0,1,1,0,0,0,0,2]",t^8+61t^6+289t^4+58t^2+1,"[-2,-1,-1,-1,1,1,1,2,-1,-1,0,1,1,2,2,-1,0,0,1,2,1,0,0,1,1,0,1,1,0,1,1,0,0,0,0,2]","[-2,-1,-1,-1,1,1,1,2,0,0,2,0,1,1,2,-1,0,0,0,1,1,0,1,1,1,1,1,2,0,2,-1,0,-1,0,-1,0]","[-2,-1,-1,-1,1,1,1,2,1,2,2,1,2,2,2,0,0,2,1,1,2,-1,1,1,2,3,0,1,2,2,0,0,-1,1,1,1]",c,"[[{8, 6}, {2, 7}, {3, 5}, {1, 4}]]",1,8 K_1^3 + 4 K_1^2 K_2 - 18 K_1^2 - 16 K_1 K_2 - 6 K_1 K_3 + 2 K_1 - 2 K_2^2 + 10 K_2 + 6 K_3 + 3 K_4 + 10,O1O2O3O4U5U1U3O6O7U2O5U6U4O8U7U8,O1O2O3U4U1U5U2O6O7U6O4O8U3O5U7U8,O1O2O3U4U5O6U1O4O7U8O5O8U2U6U3U7,c,{'O1O2O3O4U5U6O5U1U7O8U3O6O7U2U4U8'},1,"<a href=""/flatknot/8.857797"">8.857797</a>",t^9-61t^7-242t^6-165t^5+530t^4+877t^3+310t^2-68t-18,0,,
8.857798,O1O2O3O4U5U6O5U1U7O8U3O6O7U2U8U4,4,5z^3+38z^2+108z+105,5w^4z^3+38w^3z^2+108w^2z+105w,False,False,"[[ 0 -2 -1  1  3 -1 -1  1  0],[ 2  0  1  1  2  2  2  2  1],[ 1 -1  0  2  3  0  0  1  0],[-1 -1 -2  0  0 -1  0  0 -1],[-3 -2 -3  0  0 -4 -2 -1 -2],[ 1 -2  0  1  4  0 -1  1  1],[ 1 -2  0  0  2  1  0  1  1],[-1 -2 -1  0  1 -1 -1  0  0],[ 0 -1  0  1  2 -1 -1  0  0]]","[[ 0  3  1  1  0 -1 -1 -1 -2],[-3  0  0 -1 -2 -2 -3 -4 -2],[-1  0  0  0 -1  0 -2 -1 -1],[-1  1  0  0  0 -1 -1 -1 -2],[ 0  2  1  0  0 -1  0 -1 -1],[ 1  2  0  1  1  0  0  1 -2],[ 1  3  2  1  0  0  0  0 -1],[ 1  4  1  1  1 -1  0  0 -2],[ 2  2  1  2  1  2  1  2  0]]",True,"[-3,-1,-1,0,1,1,1,2,0,1,2,2,3,4,2,0,1,0,2,1,1,0,1,1,1,2,1,0,1,1,0,-1,2,0,1,2]","[-3,-1,-1,0,1,1,1,2,0,1,2,2,3,4,2,0,1,0,2,1,1,0,1,1,1,2,1,0,1,1,0,-1,2,0,1,2]",t^8+65t^6+317t^4+83t^2+1,"[-2,-1,-1,-1,0,1,1,3,-1,-1,0,1,1,2,3,-1,0,0,1,2,2,0,0,1,1,0,1,1,0,1,1,0,1,0,1,2]","[-3,-1,-1,0,1,1,1,2,1,2,1,0,1,2,3,0,1,1,1,1,1,0,1,0,2,2,0,1,0,1,0,-1,-1,0,0,-1]","[-2,-1,-1,-1,0,1,1,3,1,2,2,1,1,2,2,0,0,0,2,1,3,-1,1,1,1,4,1,0,1,2,1,0,2,0,0,1]",c,"[[{8, 1}, {5, 7}, {4, 6}, {2, 3}], [{8, 4}, {5, 7}, {1, 6}, {2, 3}], [{8, 6}, {5, 7}, {1, 4}, {2, 3}]]",1,12 K_1^3 + 8 K_1^2 K_2 - 22 K_1^2 - 10 K_1 K_2 - 4 K_1 K_3 - 4 K_1 + 9 K_2 + 2 K_3 + 10,O1O2O3O4U1U5U3O6O7U2O5U6U4O8U7U8,O1O2O3U4U1U5U3O6O7U6O4O8U2O5U7U8,O1O2O3U4U5O6U2O4O7U8O5O8U1U6U3U7,c,{'O1O2O3O4U5U6O5U1U7O8U3O6O7U2U8U4'},1,"<a href=""/flatknot/8.857798"">8.857798</a>",t^9-61t^7-202t^6+8t^5+526t^4+269t^3-180t^2-187t-120,-t^3+t^2+t,,
8.857799,O1O2O3O4U5U6O5U1U7O8U3O6O7U4U2U8,4,15z^2+100z+141,15w^3z^2+100w^2z+141w,False,False,"[[ 0 -2  0  1  1 -1 -1  1  1],[ 2  0  2  1  1  2  2  2  2],[ 0 -2  0  1  1 -1 -1  0  1],[-1 -1 -1  0 -1 -1  0  0  0],[-1 -1 -1  1  0 -2 -1  0 -1],[ 1 -2  1  1  2  0 -1  1  2],[ 1 -2  1  0  1  1  0  1  2],[-1 -2  0  0  0 -1 -1  0  1],[-1 -2 -1  0  1 -2 -2 -1  0]]","[[ 0  1  1  1  1  0 -1 -1 -2],[-1  0  1  0  0  0 -1 -1 -2],[-1 -1  0  1  0 -1 -2 -2 -2],[-1  0 -1  0  1 -1 -1 -2 -1],[-1  0  0 -1  0 -1  0 -1 -1],[ 0  0  1  1  1  0 -1 -1 -2],[ 1  1  2  1  0  1  0  1 -2],[ 1  1  2  2  1  1 -1  0 -2],[ 2  2  2  1  1  2  2  2  0]]",True,"[-1,-1,-1,-1,0,1,1,2,-1,0,0,0,1,1,2,-1,0,1,2,2,2,-1,1,1,2,1,1,0,1,1,1,1,2,-1,2,2]","[-2,-1,-1,0,1,1,1,1,-1,-1,0,1,1,2,2,-1,0,0,1,1,2,0,0,1,0,1,0,1,0,0,1,-1,0,0,0,-1]",t^8+47t^6+172t^4+60t^2+4,"[-2,-1,-1,0,1,1,1,1,-1,-1,0,1,1,2,2,-1,0,0,1,1,2,0,0,1,0,1,0,1,0,0,1,-1,0,0,0,-1]","[-1,-1,-1,-1,0,1,1,2,-1,0,0,0,1,2,2,-1,0,0,0,1,2,-1,0,0,0,1,1,1,1,1,0,0,0,-1,-1,-1]","[-2,-1,-1,0,1,1,1,1,2,2,2,1,1,2,2,-1,1,1,2,1,2,1,0,1,1,2,1,1,0,1,-1,0,0,0,-1,1]",c,"[[{8, 1}, {2, 7}, {3, 6}, {4, 5}], [{8, 1}, {2, 7}, {4, 6}, {3, 5}], [{8, 1}, {2, 7}, {4, 6}, {5}, {3}], [{8, 1}, {2, 7}, {5, 6}, {3, 4}], [{8, 1}, {2, 7}, {6}, {3, 5}, {4}], [{8, 1}, {3, 7}, {2, 6}, {4, 5}], [{8, 1}, {3, 7}, {4, 6}, {2, 5}], [{8, 1}, {3, 7}, {5, 6}, {2, 4}], [{8, 1}, {3, 7}, {6}, {4, 5}, {2}], [{8, 1}, {4, 7}, {2, 6}, {3, 5}], [{8, 1}, {4, 7}, {2, 6}, {5}, {3}], [{8, 1}, {4, 7}, {3, 6}, {2, 5}], [{8, 1}, {4, 7}, {5, 6}, {2, 3}], [{8, 1}, {4, 7}, {6}, {3, 5}, {2}], [{8, 1}, {5, 7}, {2, 6}, {3, 4}], [{8, 1}, {5, 7}, {3, 6}, {2, 4}], [{8, 1}, {5, 7}, {4, 6}, {2, 3}], [{8, 1}, {5, 7}, {6}, {4}, {2, 3}], [{8, 1}, {6, 7}, {2, 5}, {3, 4}], [{8, 1}, {6, 7}, {2, 5}, {4}, {3}], [{8, 1}, {6, 7}, {3, 5}, {2, 4}], [{8, 1}, {6, 7}, {3, 5}, {4}, {2}], [{8, 1}, {6, 7}, {4, 5}, {2, 3}], [{8, 1}, {6, 7}, {4, 5}, {3}, {2}], [{8, 1}, {6, 7}, {5}, {2, 4}, {3}], [{8, 1}, {6, 7}, {5}, {3, 4}, {2}], [{8, 1}, {6, 7}, {5}, {4}, {2, 3}], [{8, 1}, {6, 7}, {5}, {4}, {3}, {2}], [{8, 1}, {7}, {2, 6}, {3, 5}, {4}], [{8, 1}, {7}, {3, 6}, {4, 5}, {2}], [{8, 1}, {7}, {4, 6}, {3, 5}, {2}], [{8, 1}, {7}, {5, 6}, {4}, {2, 3}], [{8, 1}, {7}, {6}, {3, 5}, {2, 4}], [{8, 2}, {1, 7}, {3, 6}, {4, 5}], [{8, 2}, {1, 7}, {4, 6}, {3, 5}], [{8, 2}, {1, 7}, {5, 6}, {3, 4}], [{8, 2}, {3, 7}, {1, 6}, {4, 5}], [{8, 2}, {3, 7}, {4, 6}, {1, 5}], [{8, 2}, {3, 7}, {5, 6}, {1, 4}], [{8, 2}, {3, 7}, {6}, {4, 5}, {1}], [{8, 2}, {4, 7}, {1, 6}, {3, 5}], [{8, 2}, {4, 7}, {1, 6}, {5}, {3}], [{8, 2}, {4, 7}, {3, 6}, {1, 5}], [{8, 2}, {4, 7}, {5, 6}, {1, 3}], [{8, 2}, {4, 7}, {6}, {3, 5}, {1}], [{8, 2}, {5, 7}, {1, 6}, {3, 4}], [{8, 2}, {5, 7}, {3, 6}, {1, 4}], [{8, 2}, {5, 7}, {4, 6}, {1, 3}], [{8, 2}, {6, 7}, {1, 5}, {3, 4}], [{8, 2}, {6, 7}, {3, 5}, {1, 4}], [{8, 2}, {6, 7}, {4, 5}, {1, 3}], [{8, 2}, {6, 7}, {5}, {3, 4}, {1}], [{8, 3}, {1, 7}, {2, 6}, {4, 5}], [{8, 3}, {1, 7}, {4, 6}, {2, 5}], [{8, 3}, {1, 7}, {4, 6}, {5}, {2}], [{8, 3}, {1, 7}, {5, 6}, {2, 4}], [{8, 3}, {2, 7}, {1, 6}, {4, 5}], [{8, 3}, {2, 7}, {4, 6}, {1, 5}], [{8, 3}, {2, 7}, {5, 6}, {1, 4}], [{8, 3}, {2, 7}, {5, 6}, {4}, {1}], [{8, 3}, {4, 7}, {1, 6}, {2, 5}], [{8, 3}, {4, 7}, {2, 6}, {1, 5}], [{8, 3}, {4, 7}, {5, 6}, {1, 2}], [{8, 3}, {5, 7}, {1, 6}, {2, 4}], [{8, 3}, {5, 7}, {2, 6}, {1, 4}], [{8, 3}, {5, 7}, {4, 6}, {1, 2}], [{8, 3}, {5, 7}, {6}, {4}, {1, 2}], [{8, 3}, {6, 7}, {1, 5}, {2, 4}], [{8, 3}, {6, 7}, {1, 5}, {4}, {2}], [{8, 3}, {6, 7}, {2, 5}, {1, 4}], [{8, 3}, {6, 7}, {4, 5}, {1, 2}], [{8, 3}, {6, 7}, {4, 5}, {2}, {1}], [{8, 3}, {6, 7}, {5}, {1, 4}, {2}], [{8, 4}, {1, 7}, {2, 6}, {3, 5}], [{8, 4}, {1, 7}, {3, 6}, {2, 5}], [{8, 4}, {1, 7}, {5, 6}, {2, 3}], [{8, 4}, {2, 7}, {1, 6}, {3, 5}], [{8, 4}, {2, 7}, {1, 6}, {5}, {3}], [{8, 4}, {2, 7}, {3, 6}, {1, 5}], [{8, 4}, {2, 7}, {5, 6}, {1, 3}], [{8, 4}, {2, 7}, {6}, {3, 5}, {1}], [{8, 4}, {3, 7}, {1, 6}, {2, 5}], [{8, 4}, {3, 7}, {1, 6}, {5}, {2}], [{8, 4}, {3, 7}, {2, 6}, {1, 5}], [{8, 4}, {3, 7}, {5, 6}, {1, 2}], [{8, 4}, {3, 7}, {5, 6}, {2}, {1}], [{8, 4}, {3, 7}, {6}, {1, 5}, {2}], [{8, 4}, {5, 7}, {1, 6}, {2, 3}], [{8, 4}, {5, 7}, {2, 6}, {1, 3}], [{8, 4}, {5, 7}, {3, 6}, {1, 2}], [{8, 4}, {6, 7}, {1, 5}, {2, 3}], [{8, 4}, {6, 7}, {1, 5}, {3}, {2}], [{8, 4}, {6, 7}, {2, 5}, {1, 3}], [{8, 4}, {6, 7}, {3, 5}, {1, 2}], [{8, 4}, {6, 7}, {3, 5}, {2}, {1}], [{8, 4}, {6, 7}, {5}, {1, 3}, {2}], [{8, 4}, {7}, {1, 6}, {5}, {2, 3}], [{8, 4}, {7}, {2, 6}, {3, 5}, {1}], [{8, 4}, {7}, {3, 6}, {1, 5}, {2}], [{8, 5}, {1, 7}, {2, 6}, {3, 4}], [{8, 5}, {1, 7}, {3, 6}, {2, 4}], [{8, 5}, {1, 7}, {4, 6}, {2, 3}], [{8, 5}, {1, 7}, {4, 6}, {3}, {2}], [{8, 5}, {2, 7}, {1, 6}, {3, 4}], [{8, 5}, {2, 7}, {3, 6}, {1, 4}], [{8, 5}, {2, 7}, {4, 6}, {1, 3}], [{8, 5}, {3, 7}, {1, 6}, {2, 4}], [{8, 5}, {3, 7}, {2, 6}, {1, 4}], [{8, 5}, {3, 7}, {4, 6}, {1, 2}], [{8, 5}, {3, 7}, {4, 6}, {2}, {1}], [{8, 5}, {4, 7}, {1, 6}, {2, 3}], [{8, 5}, {4, 7}, {2, 6}, {1, 3}], [{8, 5}, {4, 7}, {3, 6}, {1, 2}], [{8, 5}, {4, 7}, {6}, {1, 3}, {2}], [{8, 5}, {6, 7}, {1, 4}, {2, 3}], [{8, 5}, {6, 7}, {1, 4}, {3}, {2}], [{8, 5}, {6, 7}, {2, 4}, {1, 3}], [{8, 5}, {6, 7}, {3, 4}, {1, 2}], [{8, 5}, {6, 7}, {3, 4}, {2}, {1}], [{8, 5}, {6, 7}, {4}, {1, 3}, {2}], [{8, 5}, {7}, {4, 6}, {1, 3}, {2}], [{8, 6}, {1, 7}, {2, 5}, {3, 4}], [{8, 6}, {1, 7}, {3, 5}, {2, 4}], [{8, 6}, {1, 7}, {4, 5}, {2, 3}], [{8, 6}, {1, 7}, {5}, {3, 4}, {2}], [{8, 6}, {2, 7}, {1, 5}, {3, 4}], [{8, 6}, {2, 7}, {3, 5}, {1, 4}], [{8, 6}, {2, 7}, {4, 5}, {1, 3}], [{8, 6}, {2, 7}, {5}, {1, 4}, {3}], [{8, 6}, {3, 7}, {1, 5}, {2, 4}], [{8, 6}, {3, 7}, {2, 5}, {1, 4}], [{8, 6}, {3, 7}, {4, 5}, {1, 2}], [{8, 6}, {4, 7}, {1, 5}, {2, 3}], [{8, 6}, {4, 7}, {2, 5}, {1, 3}], [{8, 6}, {4, 7}, {3, 5}, {1, 2}], [{8, 6}, {4, 7}, {5}, {3}, {1, 2}], [{8, 6}, {5, 7}, {1, 4}, {2, 3}], [{8, 6}, {5, 7}, {2, 4}, {1, 3}], [{8, 6}, {5, 7}, {3, 4}, {1, 2}], [{8, 7}, {1, 6}, {2, 5}, {3, 4}], [{8, 7}, {1, 6}, {3, 5}, {2, 4}], [{8, 7}, {1, 6}, {4, 5}, {2, 3}], [{8, 7}, {1, 6}, {5}, {3, 4}, {2}], [{8, 7}, {2, 6}, {1, 5}, {3, 4}], [{8, 7}, {2, 6}, {3, 5}, {1, 4}], [{8, 7}, {2, 6}, {4, 5}, {1, 3}], [{8, 7}, {3, 6}, {1, 5}, {2, 4}], [{8, 7}, {3, 6}, {2, 5}, {1, 4}], [{8, 7}, {3, 6}, {4, 5}, {1, 2}], [{8, 7}, {3, 6}, {4, 5}, {2}, {1}], [{8, 7}, {4, 6}, {1, 5}, {2, 3}], [{8, 7}, {4, 6}, {2, 5}, {1, 3}], [{8, 7}, {4, 6}, {2, 5}, {3}, {1}], [{8, 7}, {4, 6}, {3, 5}, {1, 2}], [{8, 7}, {4, 6}, {3, 5}, {2}, {1}], [{8, 7}, {4, 6}, {5}, {2, 3}, {1}], [{8, 7}, {5, 6}, {1, 4}, {2, 3}], [{8, 7}, {5, 6}, {2, 4}, {1, 3}], [{8, 7}, {5, 6}, {3, 4}, {1, 2}], [{8, 7}, {5, 6}, {4}, {1, 3}, {2}], [{8}, {1, 7}, {3, 6}, {4, 5}, {2}], [{8}, {1, 7}, {4, 6}, {3, 5}, {2}], [{8}, {2, 7}, {6}, {3, 5}, {1, 4}], [{8}, {3, 7}, {6}, {4, 5}, {1, 2}], [{8}, {4, 7}, {3, 6}, {2, 5}, {1}], [{8}, {4, 7}, {5, 6}, {2, 3}, {1}], [{8}, {4, 7}, {6}, {3, 5}, {1, 2}], [{8}, {5, 7}, {2, 6}, {4}, {1, 3}], [{8}, {6, 7}, {1, 5}, {3, 4}, {2}], [{8}, {6, 7}, {2, 5}, {3, 4}, {1}], [{8}, {6, 7}, {3, 5}, {1, 4}, {2}], [{8}, {6, 7}, {4, 5}, {1, 3}, {2}], [{8}, {6, 7}, {5}, {3, 4}, {1, 2}], [{8}, {6, 7}, {5}, {3, 4}, {2}, {1}], [{8}, {7}, {2, 6}, {3, 5}, {1, 4}], [{8}, {7}, {4, 6}, {1, 5}, {2, 3}]]",2,16 K_1^3 + 4 K_1^2 K_2 - 26 K_1^2 - 24 K_1 K_2 - 4 K_1 K_3 - 4 K_2^2 + 13 K_2 + 8 K_3 + 3 K_4 + 15,O1O2O3O4U5U3U1O6O7U2O5U6U4O8U7U8,O1O2O3U4U2U5U1O6O7U6O4O8U3O5U7U8,O1O2O3U4U5O6U1O4O7U8O5O8U3U6U2U7,c,{'O1O2O3O4U5U6O5U1U7O8U3O6O7U4U2U8'},1,"<a href=""/flatknot/8.857799"">8.857799</a>",t^9-49t^7-190t^6-203t^5+118t^4+374t^3+338t^2+201t+30,t^2-2t,,
8.857800,O1O2O3O4U5U6O5U1U7O8U3O6O7U4U8U2,4,12z^2+65z+83,12w^3z^2+65w^2z+83w,False,False,"[[ 0 -2  1  1  1 -1 -1  1  0],[ 2  0  2  1  1  2  2  2  1],[-1 -2  0  0  0 -2 -1  0  0],[-1 -1  0  0 -1 -1  0  0  0],[-1 -1  0  1  0 -2 -1  0 -1],[ 1 -2  2  1  2  0 -1  1  1],[ 1 -2  1  0  1  1  0  1  1],[-1 -2  0  0  0 -1 -1  0  0],[ 0 -1  0  0  1 -1 -1  0  0]]","[[ 0  1  1  1  1  0 -1 -1 -2],[-1  0  1  0  0 -1 -1 -2 -1],[-1 -1  0  0  0  0  0 -1 -1],[-1  0  0  0  0  0 -1 -1 -2],[-1  0  0  0  0  0 -1 -2 -2],[ 0  1  0  0  0  0 -1 -1 -1],[ 1  1  0  1  1  1  0  1 -2],[ 1  2  1  1  2  1 -1  0 -2],[ 2  1  1  2  2  1  2  2  0]]",True,"[-1,-1,-1,-1,0,1,1,2,-1,0,0,1,1,2,1,0,0,0,0,1,1,0,0,1,1,2,0,1,2,2,1,1,1,-1,2,2]","[-2,-1,-1,0,1,1,1,1,-1,-1,1,1,1,2,2,-1,0,1,1,1,2,0,0,1,0,1,1,1,0,1,0,0,0,0,0,-1]",t^8+37t^6+133t^4+47t^2,"[-2,-1,-1,0,1,1,1,1,-1,-1,1,1,1,2,2,-1,0,1,1,1,2,0,0,1,0,1,1,1,0,1,0,0,0,0,0,-1]","[-1,-1,-1,-1,0,1,1,2,-1,0,0,1,1,2,2,0,0,0,0,1,2,0,1,0,1,1,1,1,1,1,0,0,1,-1,-1,-1]","[-2,-1,-1,0,1,1,1,1,2,2,1,1,1,2,2,-1,1,1,2,1,2,1,0,1,1,1,0,1,0,0,-1,0,0,0,0,0]",c,"[[{8, 1}, {2, 7}, {3, 6}, {4, 5}], [{8, 2}, {1, 7}, {3, 6}, {4, 5}], [{8, 7}, {3, 6}, {4, 5}, {1, 2}]]",1,4 K_1^2 K_2 - 14 K_1^2 - 16 K_1 K_2 - 4 K_1 K_3 + 8 K_1 - 4 K_2^2 + 7 K_2 + 8 K_3 + 3 K_4 + 9,O1O2O3O4U3U5U1O6O7U2O5U6U4O8U7U8,O1O2O3U4U3U5U1O6O7U6O4O8U2O5U7U8,O1O2O3U4U5O6U2O4O7U8O5O8U3U6U1U7,c,"{'O1O2O3O4U5U6O5U1U7U2O8O6O7U4U3U8', 'O1O2O3O4U5U6O5U1U7O8U3O6O7U4U8U2'}",2,"<a href=""/flatknot/8.857800"">8.857800</a>",t^9-39t^7-114t^6-42t^5+122t^4+95t^3+60t^2+49t-16,t^2-2t,,
8.857801,O1O2O3O4U5U6O5U1U7O8U4O6O7U2U3U8,4,2z^3+23z^2+70z+65,-2w^5z^3+4w^4z^3-14w^4z^2+37w^3z^2-16w^3z+86w^2z+65w,False,False,"[[ 0 -2 -1  1  2 -1 -1  1  1],[ 2  0  1  2  1  2  2  2  2],[ 1 -1  0  1  2  0  0  1  1],[-1 -2 -1  0  2 -2 -2 -1  0],[-2 -1 -2 -2  0 -2 -1 -1 -1],[ 1 -2  0  2  2  0 -1  1  2],[ 1 -2  0  2  1  1  0  1  2],[-1 -2 -1  1  1 -1 -1  0  1],[-1 -2 -1  0  1 -2 -2 -1  0]]","[[ 0  2  1  1  1 -1 -1 -1 -2],[-2  0 -1 -1 -2 -1 -2 -2 -1],[-1  1  0  1  1 -1 -1 -1 -2],[-1  1 -1  0  0 -2 -1 -2 -2],[-1  2 -1  0  0 -2 -1 -2 -2],[ 1  1  1  2  2  0  0  1 -2],[ 1  2  1  1  1  0  0  0 -1],[ 1  2  1  2  2 -1  0  0 -2],[ 2  1  2  2  2  2  1  2  0]]",True,"[-2,-1,-1,-1,1,1,1,2,1,1,2,1,2,2,1,-1,-1,1,1,1,2,0,2,1,2,2,2,1,2,2,0,-1,2,0,1,2]","[-2,-1,-1,-1,1,1,1,2,-1,-1,0,1,1,1,3,-1,0,0,0,1,2,0,0,0,1,1,1,1,1,1,0,1,-1,1,0,0]",t^8+61t^6+158t^4+38t^2+1,"[-2,-1,-1,-1,1,1,1,2,-1,-1,0,1,1,1,3,-1,0,0,0,1,2,0,0,0,1,1,1,1,1,1,0,1,-1,1,0,0]","[-2,-1,-1,-1,1,1,1,2,-1,0,0,1,1,2,3,-1,0,0,1,0,1,1,1,1,1,1,0,1,0,1,0,-1,-1,0,0,-1]","[-2,-1,-1,-1,1,1,1,2,1,2,2,2,2,2,1,0,0,1,1,1,2,-1,1,2,2,2,1,2,2,1,1,1,1,0,1,2]",c,"[[{8, 5}, {2, 7}, {3, 6}, {1, 4}]]",1,- 8 K_1^4 + 12 K_1^3 + 16 K_1^2 K_2 - 10 K_1^2 - 8 K_1 K_2 - 6 K_1 K_3 - 5 K_1 + 4 K_2 + K_3 + 5,O1O2O3O4U5U2U3O6O7U1O5U6U4O8U7U8,O1O2O3U4U1U2U5O6O7U6O4O8U3O5U7U8,O1O2O3U4U5O6U1O4O7U8O5O8U6U2U3U7,c,{'O1O2O3O4U5U6O5U1U7O8U4O6O7U2U3U8'},1,"<a href=""/flatknot/8.857801"">8.857801</a>",t^9-61t^7-256t^6-304t^5+2t^3-182t^2-72t+2,0,,
8.857802,O1O2O3O4U5U6O5U1U7O8U4O6O7U2U8U3,4,14z^2+67z+79,14w^3z^2+67w^2z+79w,False,False,"[[ 0 -2 -1  2  2 -1 -1  1  0],[ 2  0  1  2  1  2  2  2  1],[ 1 -1  0  2  2  0  0  1  0],[-2 -2 -2  0  1 -3 -2 -1 -1],[-2 -1 -2 -1  0 -2 -1 -1 -1],[ 1 -2  0  3  2  0 -1  1  1],[ 1 -2  0  2  1  1  0  1  1],[-1 -2 -1  1  1 -1 -1  0  0],[ 0 -1  0  1  1 -1 -1  0  0]]","[[ 0  2  2  1  0 -1 -1 -1 -2],[-2  0  1 -1 -1 -2 -2 -3 -2],[-2 -1  0 -1 -1 -1 -2 -2 -1],[-1  1  1  0  0 -1 -1 -1 -2],[ 0  1  1  0  0 -1  0 -1 -1],[ 1  2  1  1  1  0  0  1 -2],[ 1  2  2  1  0  0  0  0 -1],[ 1  3  2  1  1 -1  0  0 -2],[ 2  2  1  2  1  2  1  2  0]]",True,"[-2,-2,-1,0,1,1,1,2,-1,1,1,2,2,3,2,1,1,1,2,2,1,0,1,1,1,2,1,0,1,1,0,-1,2,0,1,2]","[-2,-2,-1,0,1,1,1,2,-1,0,1,1,1,2,3,0,1,0,1,1,2,1,1,1,1,1,0,1,0,1,0,-1,-1,0,0,-1]",t^8+56t^6+128t^4+17t^2,"[-2,-1,-1,-1,0,1,2,2,-1,-1,0,1,1,2,3,-1,0,0,1,1,2,0,0,1,0,1,1,1,1,1,1,1,1,0,0,-1]","[-2,-2,-1,0,1,1,1,2,-1,0,1,1,1,2,3,0,1,0,1,1,2,1,1,1,1,1,0,1,0,1,0,-1,-1,0,0,-1]","[-2,-1,-1,-1,0,1,2,2,1,2,2,1,2,1,2,0,0,0,1,2,2,-1,1,1,2,3,1,1,1,2,0,1,1,1,1,-1]",c,"[[{8, 1}, {2, 7}, {3, 6}, {4, 5}], [{8, 1}, {2, 7}, {4, 6}, {3, 5}], [{8, 1}, {2, 7}, {5, 6}, {3, 4}], [{8, 1}, {2, 7}, {5, 6}, {4}, {3}], [{8, 1}, {3, 7}, {2, 6}, {4, 5}], [{8, 1}, {3, 7}, {2, 6}, {5}, {4}], [{8, 1}, {3, 7}, {4, 6}, {2, 5}], [{8, 1}, {3, 7}, {5, 6}, {2, 4}], [{8, 1}, {3, 7}, {6}, {4, 5}, {2}], [{8, 1}, {4, 7}, {2, 6}, {3, 5}], [{8, 1}, {4, 7}, {3, 6}, {2, 5}], [{8, 1}, {4, 7}, {3, 6}, {5}, {2}], [{8, 1}, {4, 7}, {5, 6}, {2, 3}], [{8, 1}, {5, 7}, {2, 6}, {3, 4}], [{8, 1}, {5, 7}, {3, 6}, {2, 4}], [{8, 1}, {5, 7}, {4, 6}, {2, 3}], [{8, 1}, {6, 7}, {2, 5}, {3, 4}], [{8, 1}, {6, 7}, {2, 5}, {4}, {3}], [{8, 1}, {6, 7}, {3, 5}, {2, 4}], [{8, 1}, {6, 7}, {4, 5}, {2, 3}], [{8, 1}, {7}, {5, 6}, {3, 4}, {2}], [{8, 2}, {1, 7}, {3, 6}, {4, 5}], [{8, 2}, {1, 7}, {4, 6}, {3, 5}], [{8, 2}, {1, 7}, {5, 6}, {3, 4}], [{8, 2}, {3, 7}, {1, 6}, {4, 5}], [{8, 2}, {3, 7}, {4, 6}, {1, 5}], [{8, 2}, {3, 7}, {5, 6}, {1, 4}], [{8, 2}, {3, 7}, {6}, {4, 5}, {1}], [{8, 2}, {4, 7}, {1, 6}, {3, 5}], [{8, 2}, {4, 7}, {3, 6}, {1, 5}], [{8, 2}, {4, 7}, {5, 6}, {1, 3}], [{8, 2}, {4, 7}, {6}, {1, 5}, {3}], [{8, 2}, {5, 7}, {1, 6}, {3, 4}], [{8, 2}, {5, 7}, {3, 6}, {1, 4}], [{8, 2}, {5, 7}, {4, 6}, {1, 3}], [{8, 2}, {6, 7}, {1, 5}, {3, 4}], [{8, 2}, {6, 7}, {1, 5}, {4}, {3}], [{8, 2}, {6, 7}, {3, 5}, {1, 4}], [{8, 2}, {6, 7}, {4, 5}, {1, 3}], [{8, 2}, {7}, {1, 6}, {4, 5}, {3}], [{8, 2}, {7}, {4, 6}, {1, 5}, {3}], [{8, 3}, {1, 7}, {2, 6}, {4, 5}], [{8, 3}, {1, 7}, {4, 6}, {2, 5}], [{8, 3}, {1, 7}, {5, 6}, {2, 4}], [{8, 3}, {2, 7}, {1, 6}, {4, 5}], [{8, 3}, {2, 7}, {1, 6}, {5}, {4}], [{8, 3}, {2, 7}, {4, 6}, {1, 5}], [{8, 3}, {2, 7}, {5, 6}, {1, 4}], [{8, 3}, {2, 7}, {5, 6}, {4}, {1}], [{8, 3}, {2, 7}, {6}, {1, 5}, {4}], [{8, 3}, {4, 7}, {1, 6}, {2, 5}], [{8, 3}, {4, 7}, {1, 6}, {5}, {2}], [{8, 3}, {4, 7}, {2, 6}, {1, 5}], [{8, 3}, {4, 7}, {5, 6}, {1, 2}], [{8, 3}, {5, 7}, {1, 6}, {2, 4}], [{8, 3}, {5, 7}, {2, 6}, {1, 4}], [{8, 3}, {5, 7}, {4, 6}, {1, 2}], [{8, 3}, {6, 7}, {1, 5}, {2, 4}], [{8, 3}, {6, 7}, {1, 5}, {4}, {2}], [{8, 3}, {6, 7}, {2, 5}, {1, 4}], [{8, 3}, {6, 7}, {2, 5}, {4}, {1}], [{8, 3}, {6, 7}, {4, 5}, {1, 2}], [{8, 3}, {6, 7}, {5}, {4}, {1, 2}], [{8, 3}, {7}, {1, 6}, {5}, {2, 4}], [{8, 3}, {7}, {2, 6}, {1, 5}, {4}], [{8, 3}, {7}, {6}, {4, 5}, {1, 2}], [{8, 4}, {1, 7}, {2, 6}, {3, 5}], [{8, 4}, {1, 7}, {2, 6}, {5}, {3}], [{8, 4}, {1, 7}, {3, 6}, {2, 5}], [{8, 4}, {1, 7}, {5, 6}, {2, 3}], [{8, 4}, {1, 7}, {5, 6}, {3}, {2}], [{8, 4}, {1, 7}, {6}, {2, 5}, {3}], [{8, 4}, {2, 7}, {1, 6}, {3, 5}], [{8, 4}, {2, 7}, {1, 6}, {5}, {3}], [{8, 4}, {2, 7}, {3, 6}, {1, 5}], [{8, 4}, {2, 7}, {5, 6}, {1, 3}], [{8, 4}, {2, 7}, {5, 6}, {3}, {1}], [{8, 4}, {2, 7}, {6}, {1, 5}, {3}], [{8, 4}, {3, 7}, {1, 6}, {2, 5}], [{8, 4}, {3, 7}, {2, 6}, {1, 5}], [{8, 4}, {3, 7}, {5, 6}, {1, 2}], [{8, 4}, {3, 7}, {6}, {1, 5}, {2}], [{8, 4}, {5, 7}, {1, 6}, {2, 3}], [{8, 4}, {5, 7}, {1, 6}, {3}, {2}], [{8, 4}, {5, 7}, {2, 6}, {1, 3}], [{8, 4}, {5, 7}, {2, 6}, {3}, {1}], [{8, 4}, {5, 7}, {3, 6}, {1, 2}], [{8, 4}, {5, 7}, {6}, {3}, {1, 2}], [{8, 4}, {6, 7}, {1, 5}, {2, 3}], [{8, 4}, {6, 7}, {1, 5}, {3}, {2}], [{8, 4}, {6, 7}, {2, 5}, {1, 3}], [{8, 4}, {6, 7}, {2, 5}, {3}, {1}], [{8, 4}, {6, 7}, {3, 5}, {1, 2}], [{8, 4}, {6, 7}, {5}, {3}, {1, 2}], [{8, 4}, {7}, {1, 6}, {2, 5}, {3}], [{8, 4}, {7}, {2, 6}, {1, 5}, {3}], [{8, 4}, {7}, {3, 6}, {1, 5}, {2}], [{8, 4}, {7}, {5, 6}, {3}, {1, 2}], [{8, 4}, {7}, {6}, {1, 5}, {2, 3}], [{8, 4}, {7}, {6}, {1, 5}, {3}, {2}], [{8, 5}, {1, 7}, {2, 6}, {3, 4}], [{8, 5}, {1, 7}, {3, 6}, {2, 4}], [{8, 5}, {1, 7}, {4, 6}, {2, 3}], [{8, 5}, {2, 7}, {1, 6}, {3, 4}], [{8, 5}, {2, 7}, {1, 6}, {4}, {3}], [{8, 5}, {2, 7}, {3, 6}, {1, 4}], [{8, 5}, {2, 7}, {4, 6}, {1, 3}], [{8, 5}, {3, 7}, {1, 6}, {2, 4}], [{8, 5}, {3, 7}, {2, 6}, {1, 4}], [{8, 5}, {3, 7}, {2, 6}, {4}, {1}], [{8, 5}, {3, 7}, {4, 6}, {1, 2}], [{8, 5}, {4, 7}, {1, 6}, {2, 3}], [{8, 5}, {4, 7}, {2, 6}, {1, 3}], [{8, 5}, {4, 7}, {3, 6}, {1, 2}], [{8, 5}, {6, 7}, {1, 4}, {2, 3}], [{8, 5}, {6, 7}, {2, 4}, {1, 3}], [{8, 5}, {6, 7}, {3, 4}, {1, 2}], [{8, 5}, {6, 7}, {4}, {3}, {1, 2}], [{8, 5}, {7}, {4, 6}, {1, 3}, {2}], [{8, 6}, {1, 7}, {2, 5}, {3, 4}], [{8, 6}, {1, 7}, {3, 5}, {2, 4}], [{8, 6}, {1, 7}, {4, 5}, {2, 3}], [{8, 6}, {1, 7}, {5}, {2, 4}, {3}], [{8, 6}, {2, 7}, {1, 5}, {3, 4}], [{8, 6}, {2, 7}, {1, 5}, {4}, {3}], [{8, 6}, {2, 7}, {3, 5}, {1, 4}], [{8, 6}, {2, 7}, {4, 5}, {1, 3}], [{8, 6}, {3, 7}, {1, 5}, {2, 4}], [{8, 6}, {3, 7}, {2, 5}, {1, 4}], [{8, 6}, {3, 7}, {4, 5}, {1, 2}], [{8, 6}, {3, 7}, {5}, {4}, {1, 2}], [{8, 6}, {4, 7}, {1, 5}, {2, 3}], [{8, 6}, {4, 7}, {1, 5}, {3}, {2}], [{8, 6}, {4, 7}, {2, 5}, {1, 3}], [{8, 6}, {4, 7}, {3, 5}, {1, 2}], [{8, 6}, {4, 7}, {3, 5}, {2}, {1}], [{8, 6}, {4, 7}, {5}, {1, 3}, {2}], [{8, 6}, {5, 7}, {1, 4}, {2, 3}], [{8, 6}, {5, 7}, {2, 4}, {1, 3}], [{8, 6}, {5, 7}, {2, 4}, {3}, {1}], [{8, 6}, {5, 7}, {3, 4}, {1, 2}], [{8, 6}, {7}, {1, 5}, {2, 4}, {3}], [{8, 6}, {7}, {4, 5}, {3}, {1, 2}], [{8, 7}, {1, 6}, {2, 5}, {3, 4}], [{8, 7}, {1, 6}, {3, 5}, {2, 4}], [{8, 7}, {1, 6}, {4, 5}, {2, 3}], [{8, 7}, {1, 6}, {4, 5}, {3}, {2}], [{8, 7}, {2, 6}, {1, 5}, {3, 4}], [{8, 7}, {2, 6}, {1, 5}, {4}, {3}], [{8, 7}, {2, 6}, {3, 5}, {1, 4}], [{8, 7}, {2, 6}, {3, 5}, {4}, {1}], [{8, 7}, {2, 6}, {4, 5}, {1, 3}], [{8, 7}, {2, 6}, {4, 5}, {3}, {1}], [{8, 7}, {2, 6}, {5}, {1, 4}, {3}], [{8, 7}, {2, 6}, {5}, {3, 4}, {1}], [{8, 7}, {2, 6}, {5}, {4}, {1, 3}], [{8, 7}, {3, 6}, {1, 5}, {2, 4}], [{8, 7}, {3, 6}, {2, 5}, {1, 4}], [{8, 7}, {3, 6}, {4, 5}, {1, 2}], [{8, 7}, {3, 6}, {5}, {4}, {1, 2}], [{8, 7}, {4, 6}, {1, 5}, {2, 3}], [{8, 7}, {4, 6}, {1, 5}, {3}, {2}], [{8, 7}, {4, 6}, {2, 5}, {1, 3}], [{8, 7}, {4, 6}, {3, 5}, {1, 2}], [{8, 7}, {5, 6}, {1, 4}, {2, 3}], [{8, 7}, {5, 6}, {2, 4}, {1, 3}], [{8, 7}, {5, 6}, {3, 4}, {1, 2}], [{8, 7}, {6}, {1, 5}, {2, 4}, {3}], [{8, 7}, {6}, {4, 5}, {3}, {1, 2}], [{8}, {1, 7}, {3, 6}, {4, 5}, {2}], [{8}, {1, 7}, {4, 6}, {3, 5}, {2}], [{8}, {2, 7}, {1, 6}, {3, 5}, {4}], [{8}, {2, 7}, {1, 6}, {4, 5}, {3}], [{8}, {2, 7}, {1, 6}, {5}, {3, 4}], [{8}, {2, 7}, {1, 6}, {5}, {4}, {3}], [{8}, {2, 7}, {3, 6}, {1, 5}, {4}], [{8}, {2, 7}, {3, 6}, {4, 5}, {1}], [{8}, {2, 7}, {3, 6}, {5}, {1, 4}], [{8}, {2, 7}, {4, 6}, {1, 5}, {3}], [{8}, {2, 7}, {4, 6}, {3, 5}, {1}], [{8}, {2, 7}, {4, 6}, {5}, {1, 3}], [{8}, {2, 7}, {5, 6}, {1, 4}, {3}], [{8}, {2, 7}, {5, 6}, {3, 4}, {1}], [{8}, {2, 7}, {5, 6}, {4}, {1, 3}], [{8}, {2, 7}, {5, 6}, {4}, {3}, {1}], [{8}, {2, 7}, {6}, {1, 5}, {3, 4}], [{8}, {2, 7}, {6}, {1, 5}, {4}, {3}], [{8}, {2, 7}, {6}, {3, 5}, {1, 4}], [{8}, {2, 7}, {6}, {4, 5}, {1, 3}], [{8}, {3, 7}, {2, 6}, {1, 5}, {4}], [{8}, {3, 7}, {4, 6}, {2, 5}, {1}], [{8}, {3, 7}, {6}, {4, 5}, {1, 2}], [{8}, {4, 7}, {2, 6}, {1, 5}, {3}], [{8}, {4, 7}, {3, 6}, {2, 5}, {1}], [{8}, {4, 7}, {6}, {3, 5}, {1, 2}], [{8}, {6, 7}, {1, 5}, {2, 4}, {3}], [{8}, {6, 7}, {1, 5}, {3, 4}, {2}], [{8}, {6, 7}, {1, 5}, {4}, {2, 3}], [{8}, {6, 7}, {1, 5}, {4}, {3}, {2}], [{8}, {6, 7}, {2, 5}, {1, 4}, {3}], [{8}, {6, 7}, {2, 5}, {3, 4}, {1}], [{8}, {6, 7}, {2, 5}, {4}, {1, 3}], [{8}, {6, 7}, {2, 5}, {4}, {3}, {1}], [{8}, {6, 7}, {3, 5}, {1, 4}, {2}], [{8}, {6, 7}, {3, 5}, {2, 4}, {1}], [{8}, {6, 7}, {3, 5}, {4}, {1, 2}], [{8}, {6, 7}, {4, 5}, {1, 3}, {2}], [{8}, {6, 7}, {4, 5}, {2, 3}, {1}], [{8}, {6, 7}, {4, 5}, {3}, {1, 2}], [{8}, {6, 7}, {5}, {1, 4}, {2, 3}], [{8}, {6, 7}, {5}, {2, 4}, {1, 3}], [{8}, {6, 7}, {5}, {3, 4}, {1, 2}], [{8}, {6, 7}, {5}, {4}, {3}, {1, 2}], [{8}, {7}, {2, 6}, {1, 5}, {3, 4}], [{8}, {7}, {2, 6}, {1, 5}, {4}, {3}], [{8}, {7}, {2, 6}, {3, 5}, {1, 4}], [{8}, {7}, {2, 6}, {4, 5}, {1, 3}], [{8}, {7}, {3, 6}, {4, 5}, {1, 2}], [{8}, {7}, {4, 6}, {3, 5}, {1, 2}]]",2,12 K_1^3 + 4 K_1^2 K_2 - 14 K_1^2 - 20 K_1 K_2 - 4 K_1 K_3 + K_1 - 4 K_2^2 + 7 K_2 + 7 K_3 + 3 K_4 + 9,O1O2O3O4U2U5U3O6O7U1O5U6U4O8U7U8,O1O2O3U4U1U3U5O6O7U6O4O8U2O5U7U8,O1O2O3U4U5O6U2O4O7U8O5O8U6U1U3U7,c,"{'O1O2O3O4U5U6O5U1U7U3O8O6O7U2U4U8', 'O1O2O3O4U5U6O5U1U7O8U4O6O7U2U8U3'}",2,"<a href=""/flatknot/8.857802"">8.857802</a>",t^9-54t^7-216t^6-257t^5-32t^4+27t^3-110t^2-89t-14,-t^2+2t,,
8.857803,O1O2O3O4U5U6O5U1U7O8U4O6O7U3U2U8,4,2z^3+30z^2+101z+99,2w^4z^3+30w^3z^2-8w^3z+109w^2z+99w,False,False,"[[ 0 -2  0  0  2 -1 -1  1  1],[ 2  0  2  1  1  2  2  2  2],[ 0 -2  0  0  2 -1 -1  0  1],[ 0 -1  0  0  2 -1 -1  0  0],[-2 -1 -2 -2  0 -2 -1 -1 -1],[ 1 -2  1  1  2  0 -1  1  2],[ 1 -2  1  1  1  1  0  1  2],[-1 -2  0  0  1 -1 -1  0  1],[-1 -2 -1  0  1 -2 -2 -1  0]]","[[ 0  2  1  1  0  0 -1 -1 -2],[-2  0 -1 -1 -2 -2 -1 -2 -1],[-1  1  0  1  0  0 -1 -1 -2],[-1  1 -1  0  0 -1 -2 -2 -2],[ 0  2  0  0  0  0 -1 -1 -1],[ 0  2  0  1  0  0 -1 -1 -2],[ 1  1  1  2  1  1  0  1 -2],[ 1  2  1  2  1  1 -1  0 -2],[ 2  1  2  2  1  2  2  2  0]]",True,"[-2,-1,-1,0,0,1,1,2,1,1,2,2,1,2,1,-1,0,0,1,1,2,0,1,2,2,2,0,1,1,1,1,1,2,-1,2,2]","[-2,-1,-1,0,0,1,1,2,-1,-1,0,1,1,1,3,-1,0,0,0,1,2,0,0,0,1,1,0,0,1,0,1,1,0,1,0,0]",t^8+54t^6+143t^4+32t^2+1,"[-2,-1,-1,0,0,1,1,2,-1,-1,0,1,1,1,3,-1,0,0,0,1,2,0,0,0,1,1,0,0,1,0,1,1,0,1,0,0]","[-2,-1,-1,0,0,1,1,2,0,0,0,0,1,2,3,-1,0,1,0,0,1,1,1,1,1,1,0,0,0,0,0,0,1,-1,-1,-1]","[-2,-1,-1,0,0,1,1,2,2,2,1,2,2,2,1,-1,1,1,1,2,2,1,1,1,2,1,0,0,0,2,0,1,2,1,1,1]",c,"[[{8, 1}, {2, 7}, {3, 6}, {4, 5}], [{8, 1}, {2, 7}, {4, 6}, {3, 5}], [{8, 1}, {2, 7}, {5, 6}, {3, 4}], [{8, 1}, {2, 7}, {6}, {4, 5}, {3}], [{8, 1}, {3, 7}, {2, 6}, {4, 5}], [{8, 1}, {3, 7}, {4, 6}, {2, 5}], [{8, 1}, {3, 7}, {5, 6}, {2, 4}], [{8, 1}, {3, 7}, {6}, {4, 5}, {2}], [{8, 1}, {4, 7}, {2, 6}, {3, 5}], [{8, 1}, {4, 7}, {3, 6}, {2, 5}], [{8, 1}, {4, 7}, {5, 6}, {2, 3}], [{8, 1}, {4, 7}, {5, 6}, {3}, {2}], [{8, 1}, {5, 7}, {2, 6}, {3, 4}], [{8, 1}, {5, 7}, {3, 6}, {2, 4}], [{8, 1}, {5, 7}, {4, 6}, {2, 3}], [{8, 1}, {5, 7}, {4, 6}, {3}, {2}], [{8, 1}, {6, 7}, {2, 5}, {3, 4}], [{8, 1}, {6, 7}, {2, 5}, {4}, {3}], [{8, 1}, {6, 7}, {3, 5}, {2, 4}], [{8, 1}, {6, 7}, {3, 5}, {4}, {2}], [{8, 1}, {6, 7}, {4, 5}, {2, 3}], [{8, 1}, {6, 7}, {4, 5}, {3}, {2}], [{8, 1}, {6, 7}, {5}, {2, 4}, {3}], [{8, 1}, {6, 7}, {5}, {3, 4}, {2}], [{8, 1}, {6, 7}, {5}, {4}, {2, 3}], [{8, 1}, {6, 7}, {5}, {4}, {3}, {2}], [{8, 1}, {7}, {2, 6}, {4, 5}, {3}], [{8, 1}, {7}, {3, 6}, {4, 5}, {2}], [{8, 1}, {7}, {6}, {4, 5}, {2, 3}], [{8, 1}, {7}, {6}, {4, 5}, {3}, {2}], [{8, 2}, {1, 7}, {3, 6}, {4, 5}], [{8, 2}, {1, 7}, {4, 6}, {3, 5}], [{8, 2}, {1, 7}, {5, 6}, {3, 4}], [{8, 2}, {3, 7}, {1, 6}, {4, 5}], [{8, 2}, {3, 7}, {4, 6}, {1, 5}], [{8, 2}, {3, 7}, {5, 6}, {1, 4}], [{8, 2}, {4, 7}, {1, 6}, {3, 5}], [{8, 2}, {4, 7}, {1, 6}, {5}, {3}], [{8, 2}, {4, 7}, {3, 6}, {1, 5}], [{8, 2}, {4, 7}, {5, 6}, {1, 3}], [{8, 2}, {5, 7}, {1, 6}, {3, 4}], [{8, 2}, {5, 7}, {3, 6}, {1, 4}], [{8, 2}, {5, 7}, {4, 6}, {1, 3}], [{8, 2}, {6, 7}, {1, 5}, {3, 4}], [{8, 2}, {6, 7}, {3, 5}, {1, 4}], [{8, 2}, {6, 7}, {4, 5}, {1, 3}], [{8, 2}, {6, 7}, {5}, {3, 4}, {1}], [{8, 2}, {7}, {3, 6}, {5}, {1, 4}], [{8, 3}, {1, 7}, {2, 6}, {4, 5}], [{8, 3}, {1, 7}, {4, 6}, {2, 5}], [{8, 3}, {1, 7}, {5, 6}, {2, 4}], [{8, 3}, {1, 7}, {6}, {5}, {2, 4}], [{8, 3}, {2, 7}, {1, 6}, {4, 5}], [{8, 3}, {2, 7}, {4, 6}, {1, 5}], [{8, 3}, {2, 7}, {5, 6}, {1, 4}], [{8, 3}, {4, 7}, {1, 6}, {2, 5}], [{8, 3}, {4, 7}, {1, 6}, {5}, {2}], [{8, 3}, {4, 7}, {2, 6}, {1, 5}], [{8, 3}, {4, 7}, {5, 6}, {1, 2}], [{8, 3}, {5, 7}, {1, 6}, {2, 4}], [{8, 3}, {5, 7}, {2, 6}, {1, 4}], [{8, 3}, {5, 7}, {4, 6}, {1, 2}], [{8, 3}, {5, 7}, {4, 6}, {2}, {1}], [{8, 3}, {6, 7}, {1, 5}, {2, 4}], [{8, 3}, {6, 7}, {1, 5}, {4}, {2}], [{8, 3}, {6, 7}, {2, 5}, {1, 4}], [{8, 3}, {6, 7}, {4, 5}, {1, 2}], [{8, 3}, {6, 7}, {4, 5}, {2}, {1}], [{8, 3}, {6, 7}, {5}, {1, 4}, {2}], [{8, 4}, {1, 7}, {2, 6}, {3, 5}], [{8, 4}, {1, 7}, {3, 6}, {2, 5}], [{8, 4}, {1, 7}, {5, 6}, {2, 3}], [{8, 4}, {1, 7}, {6}, {2, 5}, {3}], [{8, 4}, {2, 7}, {1, 6}, {3, 5}], [{8, 4}, {2, 7}, {3, 6}, {1, 5}], [{8, 4}, {2, 7}, {5, 6}, {1, 3}], [{8, 4}, {3, 7}, {1, 6}, {2, 5}], [{8, 4}, {3, 7}, {2, 6}, {1, 5}], [{8, 4}, {3, 7}, {5, 6}, {1, 2}], [{8, 4}, {5, 7}, {1, 6}, {2, 3}], [{8, 4}, {5, 7}, {1, 6}, {3}, {2}], [{8, 4}, {5, 7}, {2, 6}, {1, 3}], [{8, 4}, {5, 7}, {3, 6}, {1, 2}], [{8, 4}, {6, 7}, {1, 5}, {2, 3}], [{8, 4}, {6, 7}, {1, 5}, {3}, {2}], [{8, 4}, {6, 7}, {2, 5}, {1, 3}], [{8, 4}, {6, 7}, {3, 5}, {1, 2}], [{8, 4}, {6, 7}, {3, 5}, {2}, {1}], [{8, 4}, {6, 7}, {5}, {1, 3}, {2}], [{8, 5}, {1, 7}, {2, 6}, {3, 4}], [{8, 5}, {1, 7}, {3, 6}, {2, 4}], [{8, 5}, {1, 7}, {4, 6}, {2, 3}], [{8, 5}, {2, 7}, {1, 6}, {3, 4}], [{8, 5}, {2, 7}, {3, 6}, {1, 4}], [{8, 5}, {2, 7}, {4, 6}, {1, 3}], [{8, 5}, {3, 7}, {1, 6}, {2, 4}], [{8, 5}, {3, 7}, {2, 6}, {1, 4}], [{8, 5}, {3, 7}, {4, 6}, {1, 2}], [{8, 5}, {4, 7}, {1, 6}, {2, 3}], [{8, 5}, {4, 7}, {2, 6}, {1, 3}], [{8, 5}, {4, 7}, {3, 6}, {1, 2}], [{8, 5}, {4, 7}, {3, 6}, {2}, {1}], [{8, 5}, {4, 7}, {6}, {3}, {1, 2}], [{8, 5}, {6, 7}, {1, 4}, {2, 3}], [{8, 5}, {6, 7}, {1, 4}, {3}, {2}], [{8, 5}, {6, 7}, {2, 4}, {1, 3}], [{8, 5}, {6, 7}, {3, 4}, {1, 2}], [{8, 5}, {6, 7}, {3, 4}, {2}, {1}], [{8, 5}, {6, 7}, {4}, {1, 3}, {2}], [{8, 5}, {7}, {3, 6}, {4}, {1, 2}], [{8, 6}, {1, 7}, {2, 5}, {3, 4}], [{8, 6}, {1, 7}, {3, 5}, {2, 4}], [{8, 6}, {1, 7}, {4, 5}, {2, 3}], [{8, 6}, {2, 7}, {1, 5}, {3, 4}], [{8, 6}, {2, 7}, {3, 5}, {1, 4}], [{8, 6}, {2, 7}, {4, 5}, {1, 3}], [{8, 6}, {2, 7}, {5}, {4}, {1, 3}], [{8, 6}, {3, 7}, {1, 5}, {2, 4}], [{8, 6}, {3, 7}, {2, 5}, {1, 4}], [{8, 6}, {3, 7}, {4, 5}, {1, 2}], [{8, 6}, {4, 7}, {1, 5}, {2, 3}], [{8, 6}, {4, 7}, {2, 5}, {1, 3}], [{8, 6}, {4, 7}, {3, 5}, {1, 2}], [{8, 6}, {5, 7}, {1, 4}, {2, 3}], [{8, 6}, {5, 7}, {1, 4}, {3}, {2}], [{8, 6}, {5, 7}, {2, 4}, {1, 3}], [{8, 6}, {5, 7}, {3, 4}, {1, 2}], [{8, 7}, {1, 6}, {2, 5}, {3, 4}], [{8, 7}, {1, 6}, {3, 5}, {2, 4}], [{8, 7}, {1, 6}, {3, 5}, {4}, {2}], [{8, 7}, {1, 6}, {4, 5}, {2, 3}], [{8, 7}, {2, 6}, {1, 5}, {3, 4}], [{8, 7}, {2, 6}, {3, 5}, {1, 4}], [{8, 7}, {2, 6}, {4, 5}, {1, 3}], [{8, 7}, {3, 6}, {1, 5}, {2, 4}], [{8, 7}, {3, 6}, {1, 5}, {4}, {2}], [{8, 7}, {3, 6}, {2, 5}, {1, 4}], [{8, 7}, {3, 6}, {4, 5}, {1, 2}], [{8, 7}, {3, 6}, {4, 5}, {2}, {1}], [{8, 7}, {3, 6}, {5}, {1, 4}, {2}], [{8, 7}, {4, 6}, {1, 5}, {2, 3}], [{8, 7}, {4, 6}, {2, 5}, {1, 3}], [{8, 7}, {4, 6}, {3, 5}, {1, 2}], [{8, 7}, {5, 6}, {1, 4}, {2, 3}], [{8, 7}, {5, 6}, {2, 4}, {1, 3}], [{8, 7}, {5, 6}, {3, 4}, {1, 2}], [{8}, {1, 7}, {2, 6}, {5}, {3, 4}], [{8}, {1, 7}, {3, 6}, {4, 5}, {2}], [{8}, {2, 7}, {1, 6}, {5}, {3, 4}], [{8}, {2, 7}, {3, 6}, {5}, {1, 4}], [{8}, {2, 7}, {4, 6}, {3, 5}, {1}], [{8}, {3, 7}, {2, 6}, {1, 5}, {4}], [{8}, {3, 7}, {4, 6}, {2, 5}, {1}], [{8}, {4, 7}, {1, 6}, {5}, {2, 3}], [{8}, {5, 7}, {3, 6}, {2, 4}, {1}], [{8}, {5, 7}, {4, 6}, {1, 3}, {2}], [{8}, {6, 7}, {1, 5}, {3, 4}, {2}], [{8}, {6, 7}, {2, 5}, {3, 4}, {1}], [{8}, {6, 7}, {3, 5}, {1, 4}, {2}], [{8}, {6, 7}, {4, 5}, {1, 3}, {2}], [{8}, {6, 7}, {5}, {3, 4}, {1, 2}], [{8}, {6, 7}, {5}, {3, 4}, {2}, {1}]]",2,4 K_1^2 K_2 - 2 K_1^2 - 4 K_1 K_2 - 6 K_1 K_3 + 2 K_1 - 2 K_2^2 + 2 K_2 + 2 K_3 + 3 K_4 + 2,O1O2O3O4U5U3U2O6O7U1O5U6U4O8U7U8,O1O2O3U4U2U1U5O6O7U6O4O8U3O5U7U8,O1O2O3U4U5O6U1O4O7U8O5O8U6U3U2U7,c,{'O1O2O3O4U5U6O5U1U7O8U4O6O7U3U2U8'},1,"<a href=""/flatknot/8.857803"">8.857803</a>",t^9-54t^7-218t^6-275t^5+14t^4+372t^3+426t^2+170t-6,0,,
8.857804,O1O2O3O4U5U6O5U1U7O8U4O6O7U3U8U2,4,2z^3+25z^2+102z+121,2w^4z^3-2w^4z^2+27w^3z^2+102w^2z+121w,False,False,"[[ 0 -2  1  0  2 -1 -1  1  0],[ 2  0  2  1  1  2  2  2  1],[-1 -2  0 -1  1 -2 -1  0  0],[ 0 -1  1  0  2 -1 -1  0  0],[-2 -1 -1 -2  0 -2 -1 -1 -1],[ 1 -2  2  1  2  0 -1  1  1],[ 1 -2  1  1  1  1  0  1  1],[-1 -2  0  0  1 -1 -1  0  0],[ 0 -1  0  0  1 -1 -1  0  0]]","[[ 0  2  1  1  0  0 -1 -1 -2],[-2  0 -1 -1 -1 -2 -1 -2 -1],[-1  1  0  0  0  0 -1 -1 -2],[-1  1  0  0  0 -1 -1 -2 -2],[ 0  1  0  0  0  0 -1 -1 -1],[ 0  2  0  1  0  0 -1 -1 -1],[ 1  1  1  1  1  1  0  1 -2],[ 1  2  1  2  1  1 -1  0 -2],[ 2  1  2  2  1  1  2  2  0]]",True,"[-2,-1,-1,0,0,1,1,2,1,1,1,2,1,2,1,0,0,0,1,1,2,0,1,1,2,2,0,1,1,1,1,1,1,-1,2,2]","[-2,-1,-1,0,0,1,1,2,-1,-1,1,1,1,1,3,-1,0,0,1,1,2,0,0,0,1,1,0,0,1,0,1,1,1,0,0,0]",t^8+44t^6+124t^4+37t^2+1,"[-2,-1,-1,0,0,1,1,2,-1,-1,1,1,1,1,3,-1,0,0,1,1,2,0,0,0,1,1,0,0,1,0,1,1,1,0,0,0]","[-2,-1,-1,0,0,1,1,2,0,0,0,1,1,2,3,0,0,1,0,1,1,1,1,1,1,1,0,0,0,1,0,0,1,-1,-1,-1]","[-2,-1,-1,0,0,1,1,2,2,2,1,1,2,2,1,-1,1,1,1,2,2,1,1,1,1,1,0,0,0,1,0,1,2,0,1,1]",c,"[[{8, 7}, {1, 6}, {4, 5}, {2, 3}]]",1,8 K_1^3 + 4 K_1^2 K_2 - 20 K_1^2 - 20 K_1 K_2 - 4 K_1 K_3 + 4 K_1 - 4 K_2^2 + 10 K_2 + 8 K_3 + 3 K_4 + 12,O1O2O3O4U3U5U2O6O7U1O5U6U4O8U7U8,O1O2O3U4U3U1U5O6O7U6O4O8U2O5U7U8,O1O2O3U4U5O6U2O4O7U8O5O8U6U3U1U7,c,{'O1O2O3O4U5U6O5U1U7O8U4O6O7U3U8U2'},1,"<a href=""/flatknot/8.857804"">8.857804</a>",t^9-44t^7-162t^6-186t^5+18t^4+219t^3+192t^2+12t-12,0,,
8.857805,O1O2O3O4U5U6O5U2U1O7U3O6O8U4U7U8,4,3z^3+34z^2+106z+101,3w^4z^3+34w^3z^2+106w^2z+101w,False,False,"[[ 0 -1 -1  1  1 -1 -1  0  2],[ 1  0  0  2  2  1  0  1  1],[ 1  0  0  1  1  1  1  1  1],[-1 -2 -1  0  0 -1  0  1  2],[-1 -2 -1  0  0 -2  0  0  2],[ 1 -1 -1  1  2  0 -1  1  2],[ 1  0 -1  0  0  1  0  0  1],[ 0 -1 -1 -1  0 -1  0  0  1],[-2 -1 -1 -2 -2 -2 -1 -1  0]]","[[ 0  2  1  1  0 -1 -1 -1 -1],[-2  0 -2 -2 -1 -1 -1 -1 -2],[-1  2  0  0  1  0 -1 -2 -1],[-1  2  0  0  0  0 -1 -2 -2],[ 0  1 -1  0  0  0 -1 -1 -1],[ 1  1  0  0  0  0 -1  0  1],[ 1  1  1  1  1  1  0  0  1],[ 1  1  2  2  1  0  0  0  1],[ 1  2  1  2  1 -1 -1 -1  0]]",True,"[-2,-1,-1,0,1,1,1,1,2,2,1,1,1,1,2,0,-1,0,1,2,1,0,0,1,2,2,0,1,1,1,1,0,-1,0,-1,-1]","[-2,-1,-1,0,1,1,1,1,-1,-1,1,1,2,2,2,0,1,0,0,1,2,2,1,0,1,2,0,0,0,1,-1,-1,-1,0,0,1]",t^8+39t^6+123t^4+59t^2+1,"[-1,-1,-1,-1,0,1,1,2,-1,-1,0,0,1,1,2,-1,0,1,2,2,2,1,0,0,1,1,0,0,0,2,1,2,1,0,-1,-1]","[-2,-1,-1,0,1,1,1,1,-1,-1,1,1,2,2,2,0,1,0,0,1,2,2,1,0,1,2,0,0,0,1,-1,-1,-1,0,0,1]","[-1,-1,-1,-1,0,1,1,2,-1,-1,-1,1,1,2,2,-1,0,0,0,0,1,0,1,1,1,1,1,2,2,1,-1,0,1,0,2,2]",c,"[[{8, 1}, {2, 7}, {3, 6}, {4, 5}], [{8, 2}, {1, 7}, {3, 6}, {4, 5}], [{8, 2}, {3, 7}, {1, 6}, {4, 5}], [{8, 7}, {3, 6}, {4, 5}, {1, 2}]]",1,- 2 K_1^2 - 4 K_1 K_2 + 2 K_1 + K_2 + 2 K_3 + 2,O1O2O3O4U5U6U1O5O7U2O6U4U3O8U7U8,O1O2O3U4U5U6U1O7O8U7O5O4U2O6U8U3,O1O2O3U1U4O5U2O6O7U8O4O8U3U5U7U6,c,{'O1O2O3O4U5U6O5U2U1O7U3O6O8U4U7U8'},1,"<a href=""/flatknot/8.857805"">8.857805</a>",t^9-37t^7-98t^6-22t^5+172t^4+214t^3+56t^2-79t-50,-t^2+2t,,
8.857806,O1O2O3O4U5U6O5U2U1O7U3O6O8U7U4U8,3,13z^2+48z+45,4w^5z^2-16w^4z^2+4w^4z+25w^3z^2-28w^3z+72w^2z+45w,False,False,"[[ 0 -1 -1  1  2 -1 -1 -1  2],[ 1  0  0  2  2  1  0  0  1],[ 1  0  0  1  1  1  1  0  1],[-1 -2 -1  0  1 -1  0  0  2],[-2 -2 -1 -1  0 -3  0 -1  2],[ 1 -1 -1  1  3  0 -1  0  2],[ 1  0 -1  0  0  1  0 -1  1],[ 1  0  0  0  1  0  1  0  1],[-2 -1 -1 -2 -2 -2 -1 -1  0]]","[[ 0  2  2  1 -1 -1 -1 -1 -1],[-2  0  2 -1  0 -1 -1 -2 -3],[-2 -2  0 -2 -1 -1 -1 -1 -2],[-1  1  2  0  0  0 -1 -2 -1],[ 1  0  1  0  0 -1 -1  0  1],[ 1  1  1  0  1  0  0  0  0],[ 1  1  1  1  1  0  0  0  1],[ 1  2  1  2  0  0  0  0  1],[ 1  3  2  1 -1  0 -1 -1  0]]",True,"[-2,-2,-1,1,1,1,1,1,-2,1,0,1,1,2,3,2,1,1,1,1,2,0,0,1,2,1,1,1,0,-1,0,0,0,0,-1,-1]","[-2,-2,-1,1,1,1,1,1,-2,-1,1,2,2,2,2,0,0,1,2,2,3,1,0,1,2,2,-1,-1,0,-1,0,0,0,0,1,1]",t^8+43t^6+184t^4+119t^2,"[-1,-1,-1,-1,-1,1,2,2,-1,-1,0,0,1,2,2,-1,0,1,2,2,3,1,0,1,1,0,0,0,2,1,2,2,2,-1,0,2]","[-2,-2,-1,1,1,1,1,1,-2,-1,1,2,2,2,2,0,0,1,2,2,3,1,0,1,2,2,-1,-1,0,-1,0,0,0,0,1,1]","[-1,-1,-1,-1,-1,1,2,2,-1,-1,-1,0,1,2,3,-1,0,-1,0,1,0,0,0,1,1,1,0,2,1,2,0,1,1,2,1,-2]",c,"[[{8, 1}, {2, 7}, {3, 6}, {4, 5}], [{8, 1}, {2, 7}, {3, 6}, {5}, {4}], [{8, 1}, {2, 7}, {4, 6}, {3, 5}], [{8, 1}, {2, 7}, {5, 6}, {3, 4}], [{8, 1}, {3, 7}, {2, 6}, {4, 5}], [{8, 1}, {3, 7}, {4, 6}, {2, 5}], [{8, 1}, {3, 7}, {5, 6}, {2, 4}], [{8, 1}, {3, 7}, {6}, {2, 5}, {4}], [{8, 1}, {3, 7}, {6}, {4, 5}, {2}], [{8, 1}, {3, 7}, {6}, {5}, {2, 4}], [{8, 1}, {4, 7}, {2, 6}, {3, 5}], [{8, 1}, {4, 7}, {3, 6}, {2, 5}], [{8, 1}, {4, 7}, {5, 6}, {2, 3}], [{8, 1}, {4, 7}, {6}, {2, 5}, {3}], [{8, 1}, {5, 7}, {2, 6}, {3, 4}], [{8, 1}, {5, 7}, {3, 6}, {2, 4}], [{8, 1}, {5, 7}, {3, 6}, {4}, {2}], [{8, 1}, {5, 7}, {4, 6}, {2, 3}], [{8, 1}, {6, 7}, {2, 5}, {3, 4}], [{8, 1}, {6, 7}, {2, 5}, {4}, {3}], [{8, 1}, {6, 7}, {3, 5}, {2, 4}], [{8, 1}, {6, 7}, {4, 5}, {2, 3}], [{8, 1}, {7}, {3, 6}, {2, 5}, {4}], [{8, 1}, {7}, {4, 6}, {2, 5}, {3}], [{8, 1}, {7}, {4, 6}, {3, 5}, {2}], [{8, 1}, {7}, {4, 6}, {5}, {2, 3}], [{8, 1}, {7}, {6}, {2, 5}, {3, 4}], [{8, 1}, {7}, {6}, {2, 5}, {4}, {3}], [{8, 2}, {1, 7}, {3, 6}, {4, 5}], [{8, 2}, {1, 7}, {4, 6}, {3, 5}], [{8, 2}, {1, 7}, {5, 6}, {3, 4}], [{8, 2}, {3, 7}, {1, 6}, {4, 5}], [{8, 2}, {3, 7}, {1, 6}, {5}, {4}], [{8, 2}, {3, 7}, {4, 6}, {1, 5}], [{8, 2}, {3, 7}, {5, 6}, {1, 4}], [{8, 2}, {3, 7}, {5, 6}, {4}, {1}], [{8, 2}, {3, 7}, {6}, {1, 5}, {4}], [{8, 2}, {4, 7}, {1, 6}, {3, 5}], [{8, 2}, {4, 7}, {3, 6}, {1, 5}], [{8, 2}, {4, 7}, {3, 6}, {5}, {1}], [{8, 2}, {4, 7}, {5, 6}, {1, 3}], [{8, 2}, {4, 7}, {6}, {1, 5}, {3}], [{8, 2}, {5, 7}, {1, 6}, {3, 4}], [{8, 2}, {5, 7}, {3, 6}, {1, 4}], [{8, 2}, {5, 7}, {4, 6}, {1, 3}], [{8, 2}, {6, 7}, {1, 5}, {3, 4}], [{8, 2}, {6, 7}, {1, 5}, {4}, {3}], [{8, 2}, {6, 7}, {3, 5}, {1, 4}], [{8, 2}, {6, 7}, {4, 5}, {1, 3}], [{8, 2}, {7}, {3, 6}, {1, 5}, {4}], [{8, 2}, {7}, {4, 6}, {1, 5}, {3}], [{8, 2}, {7}, {4, 6}, {3, 5}, {1}], [{8, 2}, {7}, {4, 6}, {5}, {1, 3}], [{8, 2}, {7}, {6}, {1, 5}, {3, 4}], [{8, 2}, {7}, {6}, {1, 5}, {4}, {3}], [{8, 3}, {1, 7}, {2, 6}, {4, 5}], [{8, 3}, {1, 7}, {4, 6}, {2, 5}], [{8, 3}, {1, 7}, {5, 6}, {2, 4}], [{8, 3}, {1, 7}, {6}, {4, 5}, {2}], [{8, 3}, {2, 7}, {1, 6}, {4, 5}], [{8, 3}, {2, 7}, {1, 6}, {5}, {4}], [{8, 3}, {2, 7}, {4, 6}, {1, 5}], [{8, 3}, {2, 7}, {5, 6}, {1, 4}], [{8, 3}, {2, 7}, {5, 6}, {4}, {1}], [{8, 3}, {2, 7}, {6}, {1, 5}, {4}], [{8, 3}, {4, 7}, {1, 6}, {2, 5}], [{8, 3}, {4, 7}, {2, 6}, {1, 5}], [{8, 3}, {4, 7}, {5, 6}, {1, 2}], [{8, 3}, {5, 7}, {1, 6}, {2, 4}], [{8, 3}, {5, 7}, {2, 6}, {1, 4}], [{8, 3}, {5, 7}, {4, 6}, {1, 2}], [{8, 3}, {6, 7}, {1, 5}, {2, 4}], [{8, 3}, {6, 7}, {2, 5}, {1, 4}], [{8, 3}, {6, 7}, {4, 5}, {1, 2}], [{8, 4}, {1, 7}, {2, 6}, {3, 5}], [{8, 4}, {1, 7}, {3, 6}, {2, 5}], [{8, 4}, {1, 7}, {5, 6}, {2, 3}], [{8, 4}, {2, 7}, {1, 6}, {3, 5}], [{8, 4}, {2, 7}, {3, 6}, {1, 5}], [{8, 4}, {2, 7}, {5, 6}, {1, 3}], [{8, 4}, {3, 7}, {1, 6}, {2, 5}], [{8, 4}, {3, 7}, {1, 6}, {5}, {2}], [{8, 4}, {3, 7}, {2, 6}, {1, 5}], [{8, 4}, {3, 7}, {5, 6}, {1, 2}], [{8, 4}, {5, 7}, {1, 6}, {2, 3}], [{8, 4}, {5, 7}, {2, 6}, {1, 3}], [{8, 4}, {5, 7}, {3, 6}, {1, 2}], [{8, 4}, {6, 7}, {1, 5}, {2, 3}], [{8, 4}, {6, 7}, {2, 5}, {1, 3}], [{8, 4}, {6, 7}, {3, 5}, {1, 2}], [{8, 5}, {1, 7}, {2, 6}, {3, 4}], [{8, 5}, {1, 7}, {3, 6}, {2, 4}], [{8, 5}, {1, 7}, {3, 6}, {4}, {2}], [{8, 5}, {1, 7}, {4, 6}, {2, 3}], [{8, 5}, {2, 7}, {1, 6}, {3, 4}], [{8, 5}, {2, 7}, {3, 6}, {1, 4}], [{8, 5}, {2, 7}, {4, 6}, {1, 3}], [{8, 5}, {3, 7}, {1, 6}, {2, 4}], [{8, 5}, {3, 7}, {1, 6}, {4}, {2}], [{8, 5}, {3, 7}, {2, 6}, {1, 4}], [{8, 5}, {3, 7}, {4, 6}, {1, 2}], [{8, 5}, {4, 7}, {1, 6}, {2, 3}], [{8, 5}, {4, 7}, {2, 6}, {1, 3}], [{8, 5}, {4, 7}, {3, 6}, {1, 2}], [{8, 5}, {6, 7}, {1, 4}, {2, 3}], [{8, 5}, {6, 7}, {1, 4}, {3}, {2}], [{8, 5}, {6, 7}, {2, 4}, {1, 3}], [{8, 5}, {6, 7}, {2, 4}, {3}, {1}], [{8, 5}, {6, 7}, {3, 4}, {1, 2}], [{8, 5}, {6, 7}, {3, 4}, {2}, {1}], [{8, 5}, {6, 7}, {4}, {1, 3}, {2}], [{8, 5}, {6, 7}, {4}, {2, 3}, {1}], [{8, 5}, {6, 7}, {4}, {3}, {1, 2}], [{8, 5}, {6, 7}, {4}, {3}, {2}, {1}], [{8, 6}, {1, 7}, {2, 5}, {3, 4}], [{8, 6}, {1, 7}, {3, 5}, {2, 4}], [{8, 6}, {1, 7}, {4, 5}, {2, 3}], [{8, 6}, {2, 7}, {1, 5}, {3, 4}], [{8, 6}, {2, 7}, {3, 5}, {1, 4}], [{8, 6}, {2, 7}, {4, 5}, {1, 3}], [{8, 6}, {3, 7}, {1, 5}, {2, 4}], [{8, 6}, {3, 7}, {2, 5}, {1, 4}], [{8, 6}, {3, 7}, {2, 5}, {4}, {1}], [{8, 6}, {3, 7}, {4, 5}, {1, 2}], [{8, 6}, {3, 7}, {4, 5}, {2}, {1}], [{8, 6}, {3, 7}, {5}, {2, 4}, {1}], [{8, 6}, {4, 7}, {1, 5}, {2, 3}], [{8, 6}, {4, 7}, {2, 5}, {1, 3}], [{8, 6}, {4, 7}, {3, 5}, {1, 2}], [{8, 6}, {5, 7}, {1, 4}, {2, 3}], [{8, 6}, {5, 7}, {2, 4}, {1, 3}], [{8, 6}, {5, 7}, {3, 4}, {1, 2}], [{8, 7}, {1, 6}, {2, 5}, {3, 4}], [{8, 7}, {1, 6}, {3, 5}, {2, 4}], [{8, 7}, {1, 6}, {4, 5}, {2, 3}], [{8, 7}, {1, 6}, {5}, {4}, {2, 3}], [{8, 7}, {2, 6}, {1, 5}, {3, 4}], [{8, 7}, {2, 6}, {3, 5}, {1, 4}], [{8, 7}, {2, 6}, {4, 5}, {1, 3}], [{8, 7}, {3, 6}, {1, 5}, {2, 4}], [{8, 7}, {3, 6}, {2, 5}, {1, 4}], [{8, 7}, {3, 6}, {4, 5}, {1, 2}], [{8, 7}, {3, 6}, {4, 5}, {2}, {1}], [{8, 7}, {4, 6}, {1, 5}, {2, 3}], [{8, 7}, {4, 6}, {2, 5}, {1, 3}], [{8, 7}, {4, 6}, {3, 5}, {1, 2}], [{8, 7}, {4, 6}, {3, 5}, {2}, {1}], [{8, 7}, {5, 6}, {1, 4}, {2, 3}], [{8, 7}, {5, 6}, {1, 4}, {3}, {2}], [{8, 7}, {5, 6}, {2, 4}, {1, 3}], [{8, 7}, {5, 6}, {2, 4}, {3}, {1}], [{8, 7}, {5, 6}, {3, 4}, {1, 2}], [{8, 7}, {5, 6}, {3, 4}, {2}, {1}], [{8, 7}, {5, 6}, {4}, {1, 3}, {2}], [{8, 7}, {5, 6}, {4}, {2, 3}, {1}], [{8, 7}, {5, 6}, {4}, {3}, {1, 2}], [{8, 7}, {5, 6}, {4}, {3}, {2}, {1}], [{8, 7}, {6}, {1, 5}, {4}, {2, 3}], [{8}, {1, 7}, {4, 6}, {3, 5}, {2}], [{8}, {2, 7}, {4, 6}, {3, 5}, {1}], [{8}, {3, 7}, {1, 6}, {2, 5}, {4}], [{8}, {3, 7}, {1, 6}, {4, 5}, {2}], [{8}, {3, 7}, {1, 6}, {5}, {2, 4}], [{8}, {3, 7}, {1, 6}, {5}, {4}, {2}], [{8}, {4, 7}, {3, 6}, {1, 5}, {2}], [{8}, {7}, {4, 6}, {3, 5}, {1, 2}], [{8}, {7}, {4, 6}, {3, 5}, {2}, {1}]]",2,12 K_1^3 - 4 K_1^2 - 8 K_1 K_2 - 5 K_1 + 2 K_2 + K_3 + 3,O1O2O3O4U5U1U6O5O7U2O6U4U3O8U7U8,O1O2O3U4U5U6U2O7O8U7O5O4U1O6U8U3,O1O2O3U1U4O5U3O6O7U8O4O8U2U5U7U6,c,{'O1O2O3O4U5U6O5U2U1O7U3O6O8U7U4U8'},1,"<a href=""/flatknot/8.857806"">8.857806</a>",t^9-39t^7-108t^6+22t^5+348t^4+379t^3+138t^2+8t,-2t^2+4t,,
8.857807,O1O2O3O4U5U6O5U2U1O7U3O6O8U7U8U4,4,3z^3+32z^2+108z+113,3w^4z^3+32w^3z^2+108w^2z+113w,False,False,"[[ 0 -1 -1  1  3 -1 -1 -1  1],[ 1  0  0  2  2  1  0  0  0],[ 1  0  0  1  1  1  1  0  0],[-1 -2 -1  0  1 -1  0  0  1],[-3 -2 -1 -1  0 -4 -1 -2  1],[ 1 -1 -1  1  4  0 -1  0  1],[ 1  0 -1  0  1  1  0 -1  0],[ 1  0  0  0  2  0  1  0  1],[-1  0  0 -1 -1 -1  0 -1  0]]","[[ 0  3  1  1 -1 -1 -1 -1 -1],[-3  0  1 -1 -1 -1 -2 -2 -4],[-1 -1  0 -1  0  0  0 -1 -1],[-1  1  1  0  0 -1 -2  0 -1],[ 1  1  0  0  0 -1  0 -1  1],[ 1  1  0  1  1  0  0  0  1],[ 1  2  0  2  0  0  0  0  1],[ 1  2  1  0  1  0  0  0  0],[ 1  4  1  1 -1 -1 -1  0  0]]",True,"[-3,-1,-1,1,1,1,1,1,-1,1,1,1,2,2,4,1,0,0,0,1,1,0,1,2,0,1,1,0,1,-1,0,0,-1,0,-1,0]","[-3,-1,-1,1,1,1,1,1,-1,1,1,1,2,2,4,1,0,0,0,1,1,0,1,2,0,1,1,0,1,-1,0,0,-1,0,-1,0]",t^8+42t^6+194t^4+227t^2+4,"[-1,-1,-1,-1,-1,1,1,3,-1,-1,0,0,1,2,3,-1,0,1,2,2,3,1,0,1,1,0,0,0,2,2,2,1,2,-1,1,3]","[-3,-1,-1,1,1,1,1,1,1,3,0,2,2,3,3,1,1,0,2,1,2,1,2,1,2,2,-1,0,-1,-1,0,0,0,0,1,1]","[-1,-1,-1,-1,-1,1,1,3,-1,-1,-1,0,1,1,4,-1,0,-1,0,0,1,0,0,0,1,1,0,0,2,2,1,0,2,-1,-1,1]",c,"[[{8, 1}, {2, 7}, {3, 6}, {4, 5}], [{8, 1}, {2, 7}, {4, 6}, {3, 5}], [{8, 1}, {2, 7}, {5, 6}, {3, 4}], [{8, 1}, {3, 7}, {2, 6}, {4, 5}], [{8, 1}, {3, 7}, {4, 6}, {2, 5}], [{8, 1}, {3, 7}, {4, 6}, {5}, {2}], [{8, 1}, {3, 7}, {5, 6}, {2, 4}], [{8, 1}, {4, 7}, {2, 6}, {3, 5}], [{8, 1}, {4, 7}, {3, 6}, {2, 5}], [{8, 1}, {4, 7}, {5, 6}, {2, 3}], [{8, 1}, {5, 7}, {2, 6}, {3, 4}], [{8, 1}, {5, 7}, {3, 6}, {2, 4}], [{8, 1}, {5, 7}, {3, 6}, {4}, {2}], [{8, 1}, {5, 7}, {4, 6}, {2, 3}], [{8, 1}, {6, 7}, {2, 5}, {3, 4}], [{8, 1}, {6, 7}, {3, 5}, {2, 4}], [{8, 1}, {6, 7}, {3, 5}, {4}, {2}], [{8, 1}, {6, 7}, {4, 5}, {2, 3}], [{8, 1}, {6, 7}, {5}, {2, 4}, {3}], [{8, 2}, {1, 7}, {3, 6}, {4, 5}], [{8, 2}, {1, 7}, {4, 6}, {3, 5}], [{8, 2}, {1, 7}, {5, 6}, {3, 4}], [{8, 2}, {1, 7}, {6}, {5}, {3, 4}], [{8, 2}, {3, 7}, {1, 6}, {4, 5}], [{8, 2}, {3, 7}, {4, 6}, {1, 5}], [{8, 2}, {3, 7}, {5, 6}, {1, 4}], [{8, 2}, {4, 7}, {1, 6}, {3, 5}], [{8, 2}, {4, 7}, {3, 6}, {1, 5}], [{8, 2}, {4, 7}, {5, 6}, {1, 3}], [{8, 2}, {5, 7}, {1, 6}, {3, 4}], [{8, 2}, {5, 7}, {3, 6}, {1, 4}], [{8, 2}, {5, 7}, {4, 6}, {1, 3}], [{8, 2}, {6, 7}, {1, 5}, {3, 4}], [{8, 2}, {6, 7}, {1, 5}, {4}, {3}], [{8, 2}, {6, 7}, {3, 5}, {1, 4}], [{8, 2}, {6, 7}, {3, 5}, {4}, {1}], [{8, 2}, {6, 7}, {4, 5}, {1, 3}], [{8, 2}, {6, 7}, {4, 5}, {3}, {1}], [{8, 2}, {6, 7}, {5}, {1, 4}, {3}], [{8, 2}, {6, 7}, {5}, {3, 4}, {1}], [{8, 2}, {6, 7}, {5}, {4}, {1, 3}], [{8, 2}, {7}, {1, 6}, {5}, {3, 4}], [{8, 3}, {1, 7}, {2, 6}, {4, 5}], [{8, 3}, {1, 7}, {4, 6}, {2, 5}], [{8, 3}, {1, 7}, {5, 6}, {2, 4}], [{8, 3}, {2, 7}, {1, 6}, {4, 5}], [{8, 3}, {2, 7}, {4, 6}, {1, 5}], [{8, 3}, {2, 7}, {5, 6}, {1, 4}], [{8, 3}, {2, 7}, {6}, {5}, {1, 4}], [{8, 3}, {4, 7}, {1, 6}, {2, 5}], [{8, 3}, {4, 7}, {2, 6}, {1, 5}], [{8, 3}, {4, 7}, {5, 6}, {1, 2}], [{8, 3}, {5, 7}, {1, 6}, {2, 4}], [{8, 3}, {5, 7}, {2, 6}, {1, 4}], [{8, 3}, {5, 7}, {4, 6}, {1, 2}], [{8, 3}, {5, 7}, {4, 6}, {2}, {1}], [{8, 3}, {6, 7}, {1, 5}, {2, 4}], [{8, 3}, {6, 7}, {2, 5}, {1, 4}], [{8, 3}, {6, 7}, {4, 5}, {1, 2}], [{8, 3}, {7}, {1, 6}, {4, 5}, {2}], [{8, 3}, {7}, {2, 6}, {1, 5}, {4}], [{8, 4}, {1, 7}, {2, 6}, {3, 5}], [{8, 4}, {1, 7}, {3, 6}, {2, 5}], [{8, 4}, {1, 7}, {5, 6}, {2, 3}], [{8, 4}, {2, 7}, {1, 6}, {3, 5}], [{8, 4}, {2, 7}, {3, 6}, {1, 5}], [{8, 4}, {2, 7}, {5, 6}, {1, 3}], [{8, 4}, {3, 7}, {1, 6}, {2, 5}], [{8, 4}, {3, 7}, {2, 6}, {1, 5}], [{8, 4}, {3, 7}, {5, 6}, {1, 2}], [{8, 4}, {3, 7}, {6}, {1, 5}, {2}], [{8, 4}, {5, 7}, {1, 6}, {2, 3}], [{8, 4}, {5, 7}, {2, 6}, {1, 3}], [{8, 4}, {5, 7}, {3, 6}, {1, 2}], [{8, 4}, {6, 7}, {1, 5}, {2, 3}], [{8, 4}, {6, 7}, {2, 5}, {1, 3}], [{8, 4}, {6, 7}, {2, 5}, {3}, {1}], [{8, 4}, {6, 7}, {3, 5}, {1, 2}], [{8, 4}, {6, 7}, {3, 5}, {2}, {1}], [{8, 4}, {6, 7}, {5}, {2, 3}, {1}], [{8, 5}, {1, 7}, {2, 6}, {3, 4}], [{8, 5}, {1, 7}, {3, 6}, {2, 4}], [{8, 5}, {1, 7}, {4, 6}, {2, 3}], [{8, 5}, {2, 7}, {1, 6}, {3, 4}], [{8, 5}, {2, 7}, {3, 6}, {1, 4}], [{8, 5}, {2, 7}, {4, 6}, {1, 3}], [{8, 5}, {3, 7}, {1, 6}, {2, 4}], [{8, 5}, {3, 7}, {2, 6}, {1, 4}], [{8, 5}, {3, 7}, {4, 6}, {1, 2}], [{8, 5}, {3, 7}, {4, 6}, {2}, {1}], [{8, 5}, {4, 7}, {1, 6}, {2, 3}], [{8, 5}, {4, 7}, {2, 6}, {1, 3}], [{8, 5}, {4, 7}, {3, 6}, {1, 2}], [{8, 5}, {6, 7}, {1, 4}, {2, 3}], [{8, 5}, {6, 7}, {2, 4}, {1, 3}], [{8, 5}, {6, 7}, {3, 4}, {1, 2}], [{8, 5}, {7}, {1, 6}, {3, 4}, {2}], [{8, 5}, {7}, {3, 6}, {2, 4}, {1}], [{8, 6}, {1, 7}, {2, 5}, {3, 4}], [{8, 6}, {1, 7}, {3, 5}, {2, 4}], [{8, 6}, {1, 7}, {4, 5}, {2, 3}], [{8, 6}, {2, 7}, {1, 5}, {3, 4}], [{8, 6}, {2, 7}, {1, 5}, {4}, {3}], [{8, 6}, {2, 7}, {3, 5}, {1, 4}], [{8, 6}, {2, 7}, {4, 5}, {1, 3}], [{8, 6}, {3, 7}, {1, 5}, {2, 4}], [{8, 6}, {3, 7}, {1, 5}, {4}, {2}], [{8, 6}, {3, 7}, {2, 5}, {1, 4}], [{8, 6}, {3, 7}, {4, 5}, {1, 2}], [{8, 6}, {4, 7}, {1, 5}, {2, 3}], [{8, 6}, {4, 7}, {2, 5}, {1, 3}], [{8, 6}, {4, 7}, {3, 5}, {1, 2}], [{8, 6}, {5, 7}, {1, 4}, {2, 3}], [{8, 6}, {5, 7}, {2, 4}, {1, 3}], [{8, 6}, {5, 7}, {3, 4}, {1, 2}], [{8, 6}, {7}, {1, 5}, {4}, {2, 3}], [{8, 7}, {1, 6}, {2, 5}, {3, 4}], [{8, 7}, {1, 6}, {2, 5}, {4}, {3}], [{8, 7}, {1, 6}, {3, 5}, {2, 4}], [{8, 7}, {1, 6}, {4, 5}, {2, 3}], [{8, 7}, {2, 6}, {1, 5}, {3, 4}], [{8, 7}, {2, 6}, {3, 5}, {1, 4}], [{8, 7}, {2, 6}, {4, 5}, {1, 3}], [{8, 7}, {3, 6}, {1, 5}, {2, 4}], [{8, 7}, {3, 6}, {2, 5}, {1, 4}], [{8, 7}, {3, 6}, {4, 5}, {1, 2}], [{8, 7}, {3, 6}, {4, 5}, {2}, {1}], [{8, 7}, {4, 6}, {1, 5}, {2, 3}], [{8, 7}, {4, 6}, {2, 5}, {1, 3}], [{8, 7}, {4, 6}, {3, 5}, {1, 2}], [{8, 7}, {5, 6}, {1, 4}, {2, 3}], [{8, 7}, {5, 6}, {2, 4}, {1, 3}], [{8, 7}, {5, 6}, {3, 4}, {1, 2}], [{8, 7}, {5, 6}, {3, 4}, {2}, {1}], [{8}, {1, 7}, {3, 6}, {5}, {2, 4}], [{8}, {1, 7}, {4, 6}, {2, 5}, {3}], [{8}, {3, 7}, {1, 6}, {5}, {2, 4}], [{8}, {3, 7}, {2, 6}, {5}, {1, 4}], [{8}, {3, 7}, {4, 6}, {1, 5}, {2}], [{8}, {4, 7}, {2, 6}, {1, 5}, {3}], [{8}, {4, 7}, {3, 6}, {1, 5}, {2}], [{8}, {4, 7}, {6}, {1, 5}, {2, 3}], [{8}, {4, 7}, {6}, {2, 5}, {1, 3}], [{8}, {6, 7}, {1, 5}, {3, 4}, {2}], [{8}, {6, 7}, {3, 5}, {1, 4}, {2}], [{8}, {6, 7}, {3, 5}, {2, 4}, {1}], [{8}, {6, 7}, {3, 5}, {4}, {1, 2}], [{8}, {6, 7}, {3, 5}, {4}, {2}, {1}], [{8}, {6, 7}, {4, 5}, {1, 3}, {2}], [{8}, {7}, {1, 6}, {2, 5}, {3, 4}]]",2,4 K_1^3 - 8 K_1^2 - 10 K_1 K_2 - 4 K_1 K_3 + 2 K_1 + 6 K_2 + 4 K_3 + 2 K_4 + 5,O1O2O3O4U1U5U6O5O7U2O6U4U3O8U7U8,O1O2O3U4U5U6U3O7O8U7O5O4U1O6U8U2,O1O2O3U2U4O5U3O6O7U8O4O8U1U5U7U6,c,{'O1O2O3O4U5U6O5U2U1O7U3O6O8U7U8U4'},1,"<a href=""/flatknot/8.857807"">8.857807</a>",t^9-36t^7-76t^6+88t^5+240t^4+11t^3-96t^2+20t+4,-t^3+3t,,
8.857808,O1O2O3O4U5U6O5U2U1O7U4O6O8U3U7U8,4,3z^3+32z^2+92z+81,3w^4z^3+32w^3z^2+92w^2z+81w,False,False,"[[ 0 -1 -1  0  2 -1 -1  0  2],[ 1  0  0  2  2  1  0  1  1],[ 1  0  0  1  1  1  1  1  1],[ 0 -2 -1  0  1 -1  0  1  2],[-2 -2 -1 -1  0 -2 -1  0  1],[ 1 -1 -1  1  2  0 -1  1  2],[ 1  0 -1  0  1  1  0  0  1],[ 0 -1 -1 -1  0 -1  0  0  1],[-2 -1 -1 -2 -1 -2 -1 -1  0]]","[[ 0  2  2  0  0 -1 -1 -1 -1],[-2  0  1  0 -1 -1 -1 -2 -2],[-2 -1  0 -1 -2 -1 -1 -1 -2],[ 0  0  1  0 -1  0 -1 -1 -1],[ 0  1  2  1  0  0 -1 -2 -1],[ 1  1  1  0  0  0 -1  0  1],[ 1  1  1  1  1  1  0  0  1],[ 1  2  1  1  2  0  0  0  1],[ 1  2  2  1  1 -1 -1 -1  0]]",True,"[-2,-2,0,0,1,1,1,1,-1,0,1,1,1,2,2,1,2,1,1,1,2,1,0,1,1,1,0,1,2,1,1,0,-1,0,-1,-1]","[-2,-2,0,0,1,1,1,1,-1,0,1,1,1,2,2,1,2,1,1,1,2,1,0,1,1,1,0,1,2,1,1,0,-1,0,-1,-1]",t^8+38t^6+93t^4+8t^2,"[-1,-1,-1,-1,0,0,2,2,-1,-1,0,0,0,2,2,-1,0,1,1,2,2,1,0,0,1,1,-1,0,1,2,-1,1,0,2,1,-1]","[-2,-2,0,0,1,1,1,1,-1,0,1,1,2,2,2,1,2,1,1,2,2,1,0,-1,0,1,0,0,0,1,-1,-1,-1,0,0,1]","[-1,-1,-1,-1,0,0,2,2,-1,-1,-1,1,1,2,2,-1,0,0,0,1,1,0,1,1,1,1,1,2,1,2,-1,1,0,2,1,-1]",c,"[[{8, 3}, {4, 7}, {1, 6}, {2, 5}], [{8}, {4, 7}, {1, 6}, {2, 5}, {3}]]",1,8 K_1^3 + 4 K_1^2 K_2 - 4 K_1^2 - 8 K_1 K_2 - 4 K_1 K_3 - 2 K_1 + 2 K_2 + 2 K_3 + K_4 + 2,O1O2O3O4U5U6U2O5O7U1O6U4U3O8U7U8,O1O2O3U4U5U1U6O7O8U7O5O4U2O6U8U3,O1O2O3U1U4O5U2O6O7U8O4O8U5U3U7U6,c,{'O1O2O3O4U5U6O5U2U1O7U4O6O8U3U7U8'},1,"<a href=""/flatknot/8.857808"">8.857808</a>",t^9-34t^7-118t^6-135t^5+48t^4+272t^3+242t^2+56t-12,-2t^2+4t,,
8.857809,O1O2O3O4U5U6O5U2U1O7U4O6O8U7U3U8,3,9z^2+42z+49,-6w^4z^2+4w^4z+15w^3z^2-12w^3z+50w^2z+49w,False,False,"[[ 0 -1 -1  1  2 -1 -1 -1  2],[ 1  0  0  2  2  1  0  0  1],[ 1  0  0  1  1  1  1  0  1],[-1 -2 -1  0  0 -2  0  0  2],[-2 -2 -1  0  0 -2 -1  0  1],[ 1 -1 -1  2  2  0 -1  0  2],[ 1  0 -1  0  1  1  0 -1  1],[ 1  0  0  0  0  0  1  0  1],[-2 -1 -1 -2 -1 -2 -1 -1  0]]","[[ 0  2  2  1 -1 -1 -1 -1 -1],[-2  0  1  0  0 -1 -1 -2 -2],[-2 -1  0 -2 -1 -1 -1 -1 -2],[-1  0  2  0  0  0 -1 -2 -2],[ 1  0  1  0  0  1  0  0  0],[ 1  1  1  0 -1  0 -1  0  1],[ 1  1  1  1  0  1  0  0  1],[ 1  2  1  2  0  0  0  0  1],[ 1  2  2  2  0 -1 -1 -1  0]]",True,"[-2,-2,-1,1,1,1,1,1,-1,0,0,1,1,2,2,2,1,1,1,1,2,0,0,1,2,2,-1,0,0,0,1,0,-1,0,-1,-1]","[-2,-2,-1,1,1,1,1,1,-1,-1,1,2,2,2,2,1,1,1,2,2,3,0,0,1,2,2,-1,-1,-1,0,0,0,0,1,0,-1]",t^8+37t^6+146t^4+26t^2,"[-1,-1,-1,-1,-1,1,2,2,-1,-1,0,0,1,2,2,-1,0,1,2,2,2,1,0,0,1,1,0,0,1,2,2,3,2,1,-1,-1]","[-2,-2,-1,1,1,1,1,1,-1,-1,1,2,2,2,2,1,1,1,2,2,3,0,0,1,2,2,-1,-1,-1,0,0,0,0,1,0,-1]","[-1,-1,-1,-1,-1,1,2,2,-1,-1,-1,0,2,2,2,-1,0,-1,0,1,1,0,0,1,1,1,0,2,1,2,0,1,0,2,0,-1]",c,"[[{8, 1}, {2, 7}, {3, 6}, {4, 5}], [{8, 1}, {2, 7}, {4, 6}, {3, 5}], [{8, 1}, {2, 7}, {5, 6}, {3, 4}], [{8, 1}, {2, 7}, {6}, {3, 5}, {4}], [{8, 1}, {3, 7}, {2, 6}, {4, 5}], [{8, 1}, {3, 7}, {4, 6}, {2, 5}], [{8, 1}, {3, 7}, {5, 6}, {2, 4}], [{8, 1}, {4, 7}, {2, 6}, {3, 5}], [{8, 1}, {4, 7}, {2, 6}, {5}, {3}], [{8, 1}, {4, 7}, {3, 6}, {2, 5}], [{8, 1}, {4, 7}, {5, 6}, {2, 3}], [{8, 1}, {4, 7}, {5, 6}, {3}, {2}], [{8, 1}, {4, 7}, {6}, {2, 5}, {3}], [{8, 1}, {5, 7}, {2, 6}, {3, 4}], [{8, 1}, {5, 7}, {3, 6}, {2, 4}], [{8, 1}, {5, 7}, {4, 6}, {2, 3}], [{8, 1}, {5, 7}, {4, 6}, {3}, {2}], [{8, 1}, {5, 7}, {6}, {4}, {2, 3}], [{8, 1}, {6, 7}, {2, 5}, {3, 4}], [{8, 1}, {6, 7}, {3, 5}, {2, 4}], [{8, 1}, {6, 7}, {4, 5}, {2, 3}], [{8, 1}, {7}, {3, 6}, {5}, {2, 4}], [{8, 1}, {7}, {4, 6}, {5}, {2, 3}], [{8, 2}, {1, 7}, {3, 6}, {4, 5}], [{8, 2}, {1, 7}, {4, 6}, {3, 5}], [{8, 2}, {1, 7}, {5, 6}, {3, 4}], [{8, 2}, {1, 7}, {6}, {5}, {3, 4}], [{8, 2}, {3, 7}, {1, 6}, {4, 5}], [{8, 2}, {3, 7}, {4, 6}, {1, 5}], [{8, 2}, {3, 7}, {5, 6}, {1, 4}], [{8, 2}, {4, 7}, {1, 6}, {3, 5}], [{8, 2}, {4, 7}, {1, 6}, {5}, {3}], [{8, 2}, {4, 7}, {3, 6}, {1, 5}], [{8, 2}, {4, 7}, {5, 6}, {1, 3}], [{8, 2}, {4, 7}, {5, 6}, {3}, {1}], [{8, 2}, {4, 7}, {6}, {1, 5}, {3}], [{8, 2}, {5, 7}, {1, 6}, {3, 4}], [{8, 2}, {5, 7}, {3, 6}, {1, 4}], [{8, 2}, {5, 7}, {4, 6}, {1, 3}], [{8, 2}, {6, 7}, {1, 5}, {3, 4}], [{8, 2}, {6, 7}, {3, 5}, {1, 4}], [{8, 2}, {6, 7}, {4, 5}, {1, 3}], [{8, 2}, {7}, {3, 6}, {5}, {1, 4}], [{8, 2}, {7}, {4, 6}, {5}, {1, 3}], [{8, 3}, {1, 7}, {2, 6}, {4, 5}], [{8, 3}, {1, 7}, {4, 6}, {2, 5}], [{8, 3}, {1, 7}, {5, 6}, {2, 4}], [{8, 3}, {2, 7}, {1, 6}, {4, 5}], [{8, 3}, {2, 7}, {4, 6}, {1, 5}], [{8, 3}, {2, 7}, {5, 6}, {1, 4}], [{8, 3}, {4, 7}, {1, 6}, {2, 5}], [{8, 3}, {4, 7}, {1, 6}, {5}, {2}], [{8, 3}, {4, 7}, {2, 6}, {1, 5}], [{8, 3}, {4, 7}, {5, 6}, {1, 2}], [{8, 3}, {5, 7}, {1, 6}, {2, 4}], [{8, 3}, {5, 7}, {2, 6}, {1, 4}], [{8, 3}, {5, 7}, {4, 6}, {1, 2}], [{8, 3}, {5, 7}, {6}, {2, 4}, {1}], [{8, 3}, {6, 7}, {1, 5}, {2, 4}], [{8, 3}, {6, 7}, {2, 5}, {1, 4}], [{8, 3}, {6, 7}, {4, 5}, {1, 2}], [{8, 3}, {6, 7}, {5}, {2, 4}, {1}], [{8, 3}, {7}, {5, 6}, {2, 4}, {1}], [{8, 4}, {1, 7}, {2, 6}, {3, 5}], [{8, 4}, {1, 7}, {3, 6}, {2, 5}], [{8, 4}, {1, 7}, {5, 6}, {2, 3}], [{8, 4}, {1, 7}, {5, 6}, {3}, {2}], [{8, 4}, {1, 7}, {6}, {5}, {2, 3}], [{8, 4}, {2, 7}, {1, 6}, {3, 5}], [{8, 4}, {2, 7}, {3, 6}, {1, 5}], [{8, 4}, {2, 7}, {5, 6}, {1, 3}], [{8, 4}, {3, 7}, {1, 6}, {2, 5}], [{8, 4}, {3, 7}, {2, 6}, {1, 5}], [{8, 4}, {3, 7}, {5, 6}, {1, 2}], [{8, 4}, {5, 7}, {1, 6}, {2, 3}], [{8, 4}, {5, 7}, {1, 6}, {3}, {2}], [{8, 4}, {5, 7}, {2, 6}, {1, 3}], [{8, 4}, {5, 7}, {3, 6}, {1, 2}], [{8, 4}, {6, 7}, {1, 5}, {2, 3}], [{8, 4}, {6, 7}, {2, 5}, {1, 3}], [{8, 4}, {6, 7}, {3, 5}, {1, 2}], [{8, 4}, {7}, {5, 6}, {2, 3}, {1}], [{8, 5}, {1, 7}, {2, 6}, {3, 4}], [{8, 5}, {1, 7}, {3, 6}, {2, 4}], [{8, 5}, {1, 7}, {4, 6}, {2, 3}], [{8, 5}, {1, 7}, {4, 6}, {3}, {2}], [{8, 5}, {2, 7}, {1, 6}, {3, 4}], [{8, 5}, {2, 7}, {1, 6}, {4}, {3}], [{8, 5}, {2, 7}, {3, 6}, {1, 4}], [{8, 5}, {2, 7}, {4, 6}, {1, 3}], [{8, 5}, {3, 7}, {1, 6}, {2, 4}], [{8, 5}, {3, 7}, {1, 6}, {4}, {2}], [{8, 5}, {3, 7}, {2, 6}, {1, 4}], [{8, 5}, {3, 7}, {4, 6}, {1, 2}], [{8, 5}, {4, 7}, {1, 6}, {2, 3}], [{8, 5}, {4, 7}, {1, 6}, {3}, {2}], [{8, 5}, {4, 7}, {2, 6}, {1, 3}], [{8, 5}, {4, 7}, {2, 6}, {3}, {1}], [{8, 5}, {4, 7}, {3, 6}, {1, 2}], [{8, 5}, {4, 7}, {3, 6}, {2}, {1}], [{8, 5}, {4, 7}, {6}, {1, 3}, {2}], [{8, 5}, {4, 7}, {6}, {2, 3}, {1}], [{8, 5}, {4, 7}, {6}, {3}, {1, 2}], [{8, 5}, {4, 7}, {6}, {3}, {2}, {1}], [{8, 5}, {6, 7}, {1, 4}, {2, 3}], [{8, 5}, {6, 7}, {1, 4}, {3}, {2}], [{8, 5}, {6, 7}, {2, 4}, {1, 3}], [{8, 5}, {6, 7}, {3, 4}, {1, 2}], [{8, 5}, {7}, {1, 6}, {2, 4}, {3}], [{8, 5}, {7}, {1, 6}, {3, 4}, {2}], [{8, 5}, {7}, {1, 6}, {4}, {2, 3}], [{8, 5}, {7}, {1, 6}, {4}, {3}, {2}], [{8, 6}, {1, 7}, {2, 5}, {3, 4}], [{8, 6}, {1, 7}, {3, 5}, {2, 4}], [{8, 6}, {1, 7}, {4, 5}, {2, 3}], [{8, 6}, {2, 7}, {1, 5}, {3, 4}], [{8, 6}, {2, 7}, {3, 5}, {1, 4}], [{8, 6}, {2, 7}, {4, 5}, {1, 3}], [{8, 6}, {3, 7}, {1, 5}, {2, 4}], [{8, 6}, {3, 7}, {2, 5}, {1, 4}], [{8, 6}, {3, 7}, {4, 5}, {1, 2}], [{8, 6}, {4, 7}, {1, 5}, {2, 3}], [{8, 6}, {4, 7}, {1, 5}, {3}, {2}], [{8, 6}, {4, 7}, {2, 5}, {1, 3}], [{8, 6}, {4, 7}, {2, 5}, {3}, {1}], [{8, 6}, {4, 7}, {3, 5}, {1, 2}], [{8, 6}, {4, 7}, {5}, {3}, {1, 2}], [{8, 6}, {5, 7}, {1, 4}, {2, 3}], [{8, 6}, {5, 7}, {2, 4}, {1, 3}], [{8, 6}, {5, 7}, {3, 4}, {1, 2}], [{8, 6}, {7}, {5}, {1, 4}, {2, 3}], [{8, 6}, {7}, {5}, {2, 4}, {1, 3}], [{8, 7}, {1, 6}, {2, 5}, {3, 4}], [{8, 7}, {1, 6}, {3, 5}, {2, 4}], [{8, 7}, {1, 6}, {4, 5}, {2, 3}], [{8, 7}, {1, 6}, {4, 5}, {3}, {2}], [{8, 7}, {2, 6}, {1, 5}, {3, 4}], [{8, 7}, {2, 6}, {3, 5}, {1, 4}], [{8, 7}, {2, 6}, {4, 5}, {1, 3}], [{8, 7}, {2, 6}, {4, 5}, {3}, {1}], [{8, 7}, {3, 6}, {1, 5}, {2, 4}], [{8, 7}, {3, 6}, {2, 5}, {1, 4}], [{8, 7}, {3, 6}, {4, 5}, {1, 2}], [{8, 7}, {3, 6}, {4, 5}, {2}, {1}], [{8, 7}, {4, 6}, {1, 5}, {2, 3}], [{8, 7}, {4, 6}, {2, 5}, {1, 3}], [{8, 7}, {4, 6}, {3, 5}, {1, 2}], [{8, 7}, {4, 6}, {3, 5}, {2}, {1}], [{8, 7}, {5, 6}, {1, 4}, {2, 3}], [{8, 7}, {5, 6}, {2, 4}, {1, 3}], [{8, 7}, {5, 6}, {3, 4}, {1, 2}], [{8, 7}, {5, 6}, {3, 4}, {2}, {1}], [{8, 7}, {6}, {1, 5}, {2, 4}, {3}], [{8, 7}, {6}, {2, 5}, {1, 4}, {3}], [{8, 7}, {6}, {4, 5}, {1, 3}, {2}], [{8, 7}, {6}, {4, 5}, {2, 3}, {1}], [{8, 7}, {6}, {4, 5}, {3}, {1, 2}], [{8, 7}, {6}, {4, 5}, {3}, {2}, {1}], [{8}, {1, 7}, {3, 6}, {2, 5}, {4}], [{8}, {1, 7}, {5, 6}, {4}, {2, 3}], [{8}, {2, 7}, {3, 6}, {1, 5}, {4}], [{8}, {2, 7}, {5, 6}, {4}, {1, 3}], [{8}, {3, 7}, {4, 6}, {1, 5}, {2}], [{8}, {3, 7}, {4, 6}, {2, 5}, {1}], [{8}, {3, 7}, {4, 6}, {5}, {1, 2}], [{8}, {4, 7}, {1, 6}, {2, 5}, {3}], [{8}, {4, 7}, {1, 6}, {3, 5}, {2}], [{8}, {4, 7}, {1, 6}, {5}, {2, 3}], [{8}, {4, 7}, {1, 6}, {5}, {3}, {2}], [{8}, {4, 7}, {2, 6}, {1, 5}, {3}], [{8}, {4, 7}, {5, 6}, {3}, {1, 2}], [{8}, {5, 7}, {3, 6}, {4}, {1, 2}], [{8}, {5, 7}, {4, 6}, {2, 3}, {1}], [{8}, {6, 7}, {1, 5}, {4}, {2, 3}], [{8}, {6, 7}, {2, 5}, {4}, {1, 3}], [{8}, {6, 7}, {3, 5}, {4}, {1, 2}]]",2,- 2 K_1^2 - 8 K_1 K_2 - 2 K_1 K_3 + 4 K_1 - 2 K_2^2 + 2 K_2 + 4 K_3 + 2 K_4 + 3,O1O2O3O4U5U2U6O5O7U1O6U4U3O8U7U8,O1O2O3U4U5U2U6O7O8U7O5O4U1O6U8U3,O1O2O3U1U4O5U3O6O7U8O4O8U5U2U7U6,c,"{'O1O2O3O4U5U6O5U2U1U3O7O6O8U4U7U8', 'O1O2O3O4U5U6O5U2U1O7U4O6O8U7U3U8'}",2,"<a href=""/flatknot/8.857809"">8.857809</a>",t^9-33t^7-86t^6+10t^5+270t^4+294t^3-88t,-2t^2+4t,,
8.857810,O1O2O3O4U5U6O5U2U1O7U4O6O8U7U8U3,4,2z^3+36z^2+107z+87,2w^4z^3-4w^4z^2+40w^3z^2-4w^3z+111w^2z+87w,False,False,"[[ 0 -1 -1  2  2 -1 -1 -1  1],[ 1  0  0  2  2  1  0  0  0],[ 1  0  0  1  1  1  1  0  0],[-2 -2 -1  0  0 -3 -1 -1  1],[-2 -2 -1  0  0 -2 -1  0  1],[ 1 -1 -1  3  2  0 -1  0  1],[ 1  0 -1  1  1  1  0 -1  0],[ 1  0  0  1  0  0  1  0  1],[-1  0  0 -1 -1 -1  0 -1  0]]","[[ 0  2  2  1 -1 -1 -1 -1 -1],[-2  0  0  1  0 -1 -1 -2 -2],[-2  0  0  1 -1 -1 -1 -2 -3],[-1 -1 -1  0 -1  0  0  0 -1],[ 1  0  1  1  0  1  0  0  0],[ 1  1  1  0 -1  0 -1  0  1],[ 1  1  1  0  0  1  0  0  1],[ 1  2  2  0  0  0  0  0  1],[ 1  2  3  1  0 -1 -1 -1  0]]",True,"[-2,-2,-1,1,1,1,1,1,0,-1,0,1,1,2,2,-1,1,1,1,2,3,1,0,0,0,1,-1,0,0,0,1,0,-1,0,-1,-1]","[-2,-2,-1,1,1,1,1,1,0,-1,0,1,1,2,2,-1,1,1,1,2,3,1,0,0,0,1,-1,0,0,0,1,0,-1,0,-1,-1]",t^8+35t^6+115t^4+69t^2+1,"[-1,-1,-1,-1,-1,1,2,2,-1,-1,0,0,2,2,2,-1,0,1,2,2,2,1,0,1,0,1,0,2,1,1,1,2,3,2,2,0]","[-2,-2,-1,1,1,1,1,1,0,2,0,1,2,2,2,2,1,1,2,2,3,1,2,2,2,1,-1,-1,-1,0,0,0,0,-1,-1,0]","[-1,-1,-1,-1,-1,1,2,2,-1,-1,-1,0,1,2,3,-1,0,-1,0,1,1,0,0,0,1,1,0,0,2,2,1,0,1,-1,-1,0]",c,"[[{8, 2}, {6, 7}, {4, 5}, {1, 3}]]",1,4 K_1^3 - 4 K_1^2 - 4 K_1 K_2 - K_1 + 2 K_2 + K_3 + 3,O1O2O3O4U2U5U6O5O7U1O6U4U3O8U7U8,O1O2O3U4U5U3U6O7O8U7O5O4U1O6U8U2,O1O2O3U2U4O5U3O6O7U8O4O8U5U1U7U6,c,{'O1O2O3O4U5U6O5U2U1O7U4O6O8U7U8U3'},1,"<a href=""/flatknot/8.857810"">8.857810</a>",t^9-31t^7-62t^6+47t^5+128t^4-t^3-26t^2-2t-10,-2t^2+4t,,
8.857811,O1O2O3O4U5U6O5U2U1O7U8O6O8U3U7U4,4,5z^3+43z^2+113z+95,5w^4z^3+43w^3z^2+113w^2z+95w,False,False,"[[ 0 -1 -1  0  3 -1 -1  0  1],[ 1  0  0  1  2  1  1  0  2],[ 1  0  0  0  1  1  2  0  2],[ 0 -1  0  0  2 -1  0  0  1],[-3 -2 -1 -2  0 -4 -2 -1 -2],[ 1 -1 -1  1  4  0 -1  1  1],[ 1 -1 -2  0  2  1  0  1  1],[ 0  0  0  0  1 -1 -1  0  0],[-1 -2 -2 -1  2 -1 -1  0  0]]","[[ 0  3  1  0  0 -1 -1 -1 -1],[-3  0 -2 -1 -2 -1 -2 -2 -4],[-1  2  0  0 -1 -2 -1 -2 -1],[ 0  1  0  0  0  0 -1  0 -1],[ 0  2  1  0  0  0  0 -1 -1],[ 1  1  2  0  0  0  2  0  1],[ 1  2  1  1  0 -2  0 -1  1],[ 1  2  2  0  1  0  1  0  1],[ 1  4  1  1  1 -1 -1 -1  0]]",True,"[-3,-1,0,0,1,1,1,1,2,1,2,1,2,2,4,0,1,2,1,2,1,0,0,1,0,1,0,0,1,1,-2,0,-1,1,-1,-1]","[-3,-1,0,0,1,1,1,1,0,1,2,0,2,2,3,0,1,1,0,1,0,0,0,0,1,1,0,1,0,1,-1,-1,-1,1,0,-2]",t^8+57t^6+315t^4+91t^2+4,"[-1,-1,-1,-1,0,0,1,3,-2,-1,0,1,1,0,3,-1,1,0,1,1,2,1,0,0,1,0,1,0,0,2,0,1,2,0,1,0]","[-3,-1,0,0,1,1,1,1,0,1,2,0,2,2,3,0,1,1,0,1,0,0,0,0,1,1,0,1,0,1,-1,-1,-1,1,0,-2]","[-1,-1,-1,-1,0,0,1,3,-2,-1,1,0,1,1,2,0,1,0,0,2,1,1,1,0,2,2,1,1,1,4,0,1,2,0,1,2]",c,"[[{8, 1}, {2, 7}, {3, 6}, {4, 5}], [{8, 1}, {2, 7}, {4, 6}, {3, 5}], [{8, 1}, {2, 7}, {5, 6}, {3, 4}], [{8, 1}, {3, 7}, {2, 6}, {4, 5}], [{8, 1}, {3, 7}, {4, 6}, {2, 5}], [{8, 1}, {3, 7}, {5, 6}, {2, 4}], [{8, 1}, {3, 7}, {6}, {2, 5}, {4}], [{8, 1}, {4, 7}, {2, 6}, {3, 5}], [{8, 1}, {4, 7}, {3, 6}, {2, 5}], [{8, 1}, {4, 7}, {5, 6}, {2, 3}], [{8, 1}, {4, 7}, {6}, {2, 5}, {3}], [{8, 1}, {5, 7}, {2, 6}, {3, 4}], [{8, 1}, {5, 7}, {3, 6}, {2, 4}], [{8, 1}, {5, 7}, {4, 6}, {2, 3}], [{8, 1}, {6, 7}, {2, 5}, {3, 4}], [{8, 1}, {6, 7}, {2, 5}, {4}, {3}], [{8, 1}, {6, 7}, {3, 5}, {2, 4}], [{8, 1}, {6, 7}, {4, 5}, {2, 3}], [{8, 1}, {7}, {2, 6}, {3, 5}, {4}], [{8, 1}, {7}, {2, 6}, {4, 5}, {3}], [{8, 1}, {7}, {2, 6}, {5}, {3, 4}], [{8, 1}, {7}, {3, 6}, {2, 5}, {4}], [{8, 1}, {7}, {3, 6}, {4, 5}, {2}], [{8, 1}, {7}, {3, 6}, {5}, {2, 4}], [{8, 1}, {7}, {4, 6}, {2, 5}, {3}], [{8, 1}, {7}, {4, 6}, {3, 5}, {2}], [{8, 1}, {7}, {4, 6}, {5}, {2, 3}], [{8, 1}, {7}, {5, 6}, {2, 4}, {3}], [{8, 1}, {7}, {5, 6}, {3, 4}, {2}], [{8, 1}, {7}, {5, 6}, {4}, {2, 3}], [{8, 1}, {7}, {6}, {2, 5}, {3, 4}], [{8, 1}, {7}, {6}, {2, 5}, {4}, {3}], [{8, 1}, {7}, {6}, {3, 5}, {2, 4}], [{8, 1}, {7}, {6}, {4, 5}, {2, 3}], [{8, 2}, {1, 7}, {3, 6}, {4, 5}], [{8, 2}, {1, 7}, {4, 6}, {3, 5}], [{8, 2}, {1, 7}, {4, 6}, {5}, {3}], [{8, 2}, {1, 7}, {5, 6}, {3, 4}], [{8, 2}, {3, 7}, {1, 6}, {4, 5}], [{8, 2}, {3, 7}, {4, 6}, {1, 5}], [{8, 2}, {3, 7}, {5, 6}, {1, 4}], [{8, 2}, {4, 7}, {1, 6}, {3, 5}], [{8, 2}, {4, 7}, {3, 6}, {1, 5}], [{8, 2}, {4, 7}, {5, 6}, {1, 3}], [{8, 2}, {5, 7}, {1, 6}, {3, 4}], [{8, 2}, {5, 7}, {3, 6}, {1, 4}], [{8, 2}, {5, 7}, {4, 6}, {1, 3}], [{8, 2}, {5, 7}, {6}, {3, 4}, {1}], [{8, 2}, {6, 7}, {1, 5}, {3, 4}], [{8, 2}, {6, 7}, {3, 5}, {1, 4}], [{8, 2}, {6, 7}, {4, 5}, {1, 3}], [{8, 2}, {7}, {1, 6}, {5}, {3, 4}], [{8, 2}, {7}, {3, 6}, {5}, {1, 4}], [{8, 2}, {7}, {4, 6}, {3, 5}, {1}], [{8, 3}, {1, 7}, {2, 6}, {4, 5}], [{8, 3}, {1, 7}, {4, 6}, {2, 5}], [{8, 3}, {1, 7}, {4, 6}, {5}, {2}], [{8, 3}, {1, 7}, {5, 6}, {2, 4}], [{8, 3}, {1, 7}, {5, 6}, {4}, {2}], [{8, 3}, {1, 7}, {6}, {4, 5}, {2}], [{8, 3}, {2, 7}, {1, 6}, {4, 5}], [{8, 3}, {2, 7}, {4, 6}, {1, 5}], [{8, 3}, {2, 7}, {5, 6}, {1, 4}], [{8, 3}, {2, 7}, {6}, {5}, {1, 4}], [{8, 3}, {4, 7}, {1, 6}, {2, 5}], [{8, 3}, {4, 7}, {2, 6}, {1, 5}], [{8, 3}, {4, 7}, {5, 6}, {1, 2}], [{8, 3}, {4, 7}, {5, 6}, {2}, {1}], [{8, 3}, {5, 7}, {1, 6}, {2, 4}], [{8, 3}, {5, 7}, {2, 6}, {1, 4}], [{8, 3}, {5, 7}, {4, 6}, {1, 2}], [{8, 3}, {6, 7}, {1, 5}, {2, 4}], [{8, 3}, {6, 7}, {2, 5}, {1, 4}], [{8, 3}, {6, 7}, {4, 5}, {1, 2}], [{8, 3}, {6, 7}, {4, 5}, {2}, {1}], [{8, 3}, {7}, {1, 6}, {4, 5}, {2}], [{8, 3}, {7}, {2, 6}, {1, 5}, {4}], [{8, 3}, {7}, {4, 6}, {2, 5}, {1}], [{8, 3}, {7}, {5, 6}, {1, 4}, {2}], [{8, 4}, {1, 7}, {2, 6}, {3, 5}], [{8, 4}, {1, 7}, {3, 6}, {2, 5}], [{8, 4}, {1, 7}, {5, 6}, {2, 3}], [{8, 4}, {2, 7}, {1, 6}, {3, 5}], [{8, 4}, {2, 7}, {3, 6}, {1, 5}], [{8, 4}, {2, 7}, {5, 6}, {1, 3}], [{8, 4}, {3, 7}, {1, 6}, {2, 5}], [{8, 4}, {3, 7}, {2, 6}, {1, 5}], [{8, 4}, {3, 7}, {5, 6}, {1, 2}], [{8, 4}, {3, 7}, {6}, {2, 5}, {1}], [{8, 4}, {5, 7}, {1, 6}, {2, 3}], [{8, 4}, {5, 7}, {2, 6}, {1, 3}], [{8, 4}, {5, 7}, {3, 6}, {1, 2}], [{8, 4}, {6, 7}, {1, 5}, {2, 3}], [{8, 4}, {6, 7}, {2, 5}, {1, 3}], [{8, 4}, {6, 7}, {3, 5}, {1, 2}], [{8, 4}, {7}, {1, 6}, {2, 5}, {3}], [{8, 5}, {1, 7}, {2, 6}, {3, 4}], [{8, 5}, {1, 7}, {3, 6}, {2, 4}], [{8, 5}, {1, 7}, {4, 6}, {2, 3}], [{8, 5}, {1, 7}, {4, 6}, {3}, {2}], [{8, 5}, {2, 7}, {1, 6}, {3, 4}], [{8, 5}, {2, 7}, {3, 6}, {1, 4}], [{8, 5}, {2, 7}, {4, 6}, {1, 3}], [{8, 5}, {2, 7}, {6}, {1, 4}, {3}], [{8, 5}, {3, 7}, {1, 6}, {2, 4}], [{8, 5}, {3, 7}, {2, 6}, {1, 4}], [{8, 5}, {3, 7}, {4, 6}, {1, 2}], [{8, 5}, {4, 7}, {1, 6}, {2, 3}], [{8, 5}, {4, 7}, {1, 6}, {3}, {2}], [{8, 5}, {4, 7}, {2, 6}, {1, 3}], [{8, 5}, {4, 7}, {3, 6}, {1, 2}], [{8, 5}, {6, 7}, {1, 4}, {2, 3}], [{8, 5}, {6, 7}, {2, 4}, {1, 3}], [{8, 5}, {6, 7}, {3, 4}, {1, 2}], [{8, 5}, {7}, {4, 6}, {2, 3}, {1}], [{8, 6}, {1, 7}, {2, 5}, {3, 4}], [{8, 6}, {1, 7}, {3, 5}, {2, 4}], [{8, 6}, {1, 7}, {4, 5}, {2, 3}], [{8, 6}, {1, 7}, {5}, {2, 4}, {3}], [{8, 6}, {2, 7}, {1, 5}, {3, 4}], [{8, 6}, {2, 7}, {3, 5}, {1, 4}], [{8, 6}, {2, 7}, {4, 5}, {1, 3}], [{8, 6}, {3, 7}, {1, 5}, {2, 4}], [{8, 6}, {3, 7}, {2, 5}, {1, 4}], [{8, 6}, {3, 7}, {2, 5}, {4}, {1}], [{8, 6}, {3, 7}, {4, 5}, {1, 2}], [{8, 6}, {4, 7}, {1, 5}, {2, 3}], [{8, 6}, {4, 7}, {2, 5}, {1, 3}], [{8, 6}, {4, 7}, {3, 5}, {1, 2}], [{8, 6}, {5, 7}, {1, 4}, {2, 3}], [{8, 6}, {5, 7}, {2, 4}, {1, 3}], [{8, 6}, {5, 7}, {2, 4}, {3}, {1}], [{8, 6}, {5, 7}, {3, 4}, {1, 2}], [{8, 6}, {7}, {1, 5}, {2, 4}, {3}], [{8, 6}, {7}, {2, 5}, {1, 4}, {3}], [{8, 6}, {7}, {4, 5}, {3}, {1, 2}], [{8, 7}, {1, 6}, {2, 5}, {3, 4}], [{8, 7}, {1, 6}, {3, 5}, {2, 4}], [{8, 7}, {1, 6}, {4, 5}, {2, 3}], [{8, 7}, {1, 6}, {5}, {2, 4}, {3}], [{8, 7}, {2, 6}, {1, 5}, {3, 4}], [{8, 7}, {2, 6}, {3, 5}, {1, 4}], [{8, 7}, {2, 6}, {4, 5}, {1, 3}], [{8, 7}, {3, 6}, {1, 5}, {2, 4}], [{8, 7}, {3, 6}, {2, 5}, {1, 4}], [{8, 7}, {3, 6}, {4, 5}, {1, 2}], [{8, 7}, {4, 6}, {1, 5}, {2, 3}], [{8, 7}, {4, 6}, {1, 5}, {3}, {2}], [{8, 7}, {4, 6}, {2, 5}, {1, 3}], [{8, 7}, {4, 6}, {2, 5}, {3}, {1}], [{8, 7}, {4, 6}, {3, 5}, {1, 2}], [{8, 7}, {4, 6}, {3, 5}, {2}, {1}], [{8, 7}, {4, 6}, {5}, {1, 3}, {2}], [{8, 7}, {4, 6}, {5}, {2, 3}, {1}], [{8, 7}, {4, 6}, {5}, {3}, {1, 2}], [{8, 7}, {5, 6}, {1, 4}, {2, 3}], [{8, 7}, {5, 6}, {2, 4}, {1, 3}], [{8, 7}, {5, 6}, {3, 4}, {1, 2}], [{8, 7}, {5, 6}, {4}, {1, 3}, {2}], [{8, 7}, {6}, {4, 5}, {1, 3}, {2}], [{8}, {1, 7}, {4, 6}, {2, 5}, {3}], [{8}, {1, 7}, {4, 6}, {3, 5}, {2}], [{8}, {1, 7}, {4, 6}, {5}, {2, 3}], [{8}, {2, 7}, {1, 6}, {3, 5}, {4}], [{8}, {2, 7}, {4, 6}, {3, 5}, {1}], [{8}, {2, 7}, {6}, {3, 5}, {1, 4}], [{8}, {3, 7}, {1, 6}, {2, 5}, {4}], [{8}, {3, 7}, {4, 6}, {2, 5}, {1}], [{8}, {3, 7}, {6}, {2, 5}, {1, 4}], [{8}, {5, 7}, {1, 6}, {3, 4}, {2}], [{8}, {5, 7}, {2, 6}, {1, 4}, {3}], [{8}, {5, 7}, {4, 6}, {2, 3}, {1}], [{8}, {7}, {4, 6}, {1, 5}, {2, 3}], [{8}, {7}, {4, 6}, {2, 5}, {1, 3}], [{8}, {7}, {4, 6}, {2, 5}, {3}, {1}], [{8}, {7}, {4, 6}, {3, 5}, {1, 2}], [{8}, {7}, {4, 6}, {3, 5}, {2}, {1}], [{8}, {7}, {4, 6}, {5}, {2, 3}, {1}]]",2,8 K_1^3 + 4 K_1^2 K_2 - 4 K_1^2 - 6 K_1 K_2 - 4 K_1 K_3 - 3 K_1 + 2 K_2 + K_3 + K_4 + 2,O1O2O3O4U1U5U2O6O7U6O5U4U3O8U7U8,O1O2O3U4U5U1U3O6O7U6O5O4U2O8U7U8,O1O2O3U4U5O4U2O6O7U8O5O8U1U3U7U6,c,{'O1O2O3O4U5U6O5U2U1O7U8O6O8U3U7U4'},1,"<a href=""/flatknot/8.857811"">8.857811</a>",t^9-51t^7-186t^6-93t^5+478t^4+647t^3-70t^2-452t-176,-t^3+3t,,
8.857812,O1O2O3O4U5U6O5U2U1O7U8O6O8U4U7U3,4,4z^3+38z^2+95z+71,4w^4z^3-6w^4z^2+44w^3z^2-10w^3z+105w^2z+71w,False,False,"[[ 0 -1 -1  2  1 -1 -1  0  1],[ 1  0  0  2  1  1  1  0  2],[ 1  0  0  1  0  1  2  0  2],[-2 -2 -1  0 -1 -3 -1  0 -1],[-1 -1  0  1  0 -2 -1  0  0],[ 1 -1 -1  3  2  0 -1  1  1],[ 1 -1 -2  1  1  1  0  1  1],[ 0  0  0  0  0 -1 -1  0  0],[-1 -2 -2  1  0 -1 -1  0  0]]","[[ 0  2  1  1  0 -1 -1 -1 -1],[-2  0 -1 -1  0 -1 -1 -2 -3],[-1  1  0  0  0  0 -1 -1 -2],[-1  1  0  0  0 -2 -1 -2 -1],[ 0  0  0  0  0  0 -1  0 -1],[ 1  1  0  2  0  0  2  0  1],[ 1  1  1  1  1 -2  0 -1  1],[ 1  2  1  2  0  0  1  0  1],[ 1  3  2  1  1 -1 -1 -1  0]]",True,"[-2,-1,-1,0,1,1,1,1,1,1,0,1,1,2,3,0,0,0,1,1,2,0,2,1,2,1,0,1,0,1,-2,0,-1,1,-1,-1]","[-2,-1,-1,0,1,1,1,1,0,0,2,0,1,2,2,0,1,0,1,1,2,1,1,0,1,0,0,1,0,1,-1,-1,-1,1,0,-2]",t^8+43t^6+236t^4+103t^2+1,"[-1,-1,-1,-1,0,1,1,2,-2,-1,0,1,0,2,2,-1,1,0,1,1,2,1,0,1,0,0,1,0,1,1,1,1,2,0,0,0]","[-2,-1,-1,0,1,1,1,1,0,0,2,0,1,2,2,0,1,0,1,1,2,1,1,0,1,0,0,1,0,1,-1,-1,-1,1,0,-2]","[-1,-1,-1,-1,0,1,1,2,-2,-1,1,1,1,1,1,0,1,0,0,2,1,1,0,1,2,2,1,2,1,3,0,0,0,0,1,1]",c,"[[{8, 1}, {2, 7}, {3, 6}, {4, 5}], [{8, 1}, {2, 7}, {4, 6}, {3, 5}], [{8, 1}, {2, 7}, {5, 6}, {3, 4}], [{8, 1}, {2, 7}, {6}, {3, 5}, {4}], [{8, 1}, {3, 7}, {2, 6}, {4, 5}], [{8, 1}, {3, 7}, {4, 6}, {2, 5}], [{8, 1}, {3, 7}, {5, 6}, {2, 4}], [{8, 1}, {4, 7}, {2, 6}, {3, 5}], [{8, 1}, {4, 7}, {3, 6}, {2, 5}], [{8, 1}, {4, 7}, {5, 6}, {2, 3}], [{8, 1}, {4, 7}, {6}, {2, 5}, {3}], [{8, 1}, {5, 7}, {2, 6}, {3, 4}], [{8, 1}, {5, 7}, {3, 6}, {2, 4}], [{8, 1}, {5, 7}, {4, 6}, {2, 3}], [{8, 1}, {6, 7}, {2, 5}, {3, 4}], [{8, 1}, {6, 7}, {2, 5}, {4}, {3}], [{8, 1}, {6, 7}, {3, 5}, {2, 4}], [{8, 1}, {6, 7}, {4, 5}, {2, 3}], [{8, 1}, {7}, {2, 6}, {4, 5}, {3}], [{8, 1}, {7}, {3, 6}, {4, 5}, {2}], [{8, 1}, {7}, {4, 6}, {2, 5}, {3}], [{8, 1}, {7}, {4, 6}, {3, 5}, {2}], [{8, 1}, {7}, {4, 6}, {5}, {2, 3}], [{8, 1}, {7}, {5, 6}, {4}, {2, 3}], [{8, 1}, {7}, {6}, {4, 5}, {2, 3}], [{8, 2}, {1, 7}, {3, 6}, {4, 5}], [{8, 2}, {1, 7}, {4, 6}, {3, 5}], [{8, 2}, {1, 7}, {5, 6}, {3, 4}], [{8, 2}, {1, 7}, {6}, {3, 5}, {4}], [{8, 2}, {3, 7}, {1, 6}, {4, 5}], [{8, 2}, {3, 7}, {4, 6}, {1, 5}], [{8, 2}, {3, 7}, {4, 6}, {5}, {1}], [{8, 2}, {3, 7}, {5, 6}, {1, 4}], [{8, 2}, {4, 7}, {1, 6}, {3, 5}], [{8, 2}, {4, 7}, {1, 6}, {5}, {3}], [{8, 2}, {4, 7}, {3, 6}, {1, 5}], [{8, 2}, {4, 7}, {5, 6}, {1, 3}], [{8, 2}, {5, 7}, {1, 6}, {3, 4}], [{8, 2}, {5, 7}, {3, 6}, {1, 4}], [{8, 2}, {5, 7}, {4, 6}, {1, 3}], [{8, 2}, {5, 7}, {6}, {4}, {1, 3}], [{8, 2}, {6, 7}, {1, 5}, {3, 4}], [{8, 2}, {6, 7}, {3, 5}, {1, 4}], [{8, 2}, {6, 7}, {4, 5}, {1, 3}], [{8, 2}, {6, 7}, {5}, {4}, {1, 3}], [{8, 2}, {7}, {5, 6}, {4}, {1, 3}], [{8, 3}, {1, 7}, {2, 6}, {4, 5}], [{8, 3}, {1, 7}, {4, 6}, {2, 5}], [{8, 3}, {1, 7}, {4, 6}, {5}, {2}], [{8, 3}, {1, 7}, {5, 6}, {2, 4}], [{8, 3}, {2, 7}, {1, 6}, {4, 5}], [{8, 3}, {2, 7}, {4, 6}, {1, 5}], [{8, 3}, {2, 7}, {5, 6}, {1, 4}], [{8, 3}, {4, 7}, {1, 6}, {2, 5}], [{8, 3}, {4, 7}, {2, 6}, {1, 5}], [{8, 3}, {4, 7}, {5, 6}, {1, 2}], [{8, 3}, {4, 7}, {6}, {2, 5}, {1}], [{8, 3}, {5, 7}, {1, 6}, {2, 4}], [{8, 3}, {5, 7}, {2, 6}, {1, 4}], [{8, 3}, {5, 7}, {4, 6}, {1, 2}], [{8, 3}, {6, 7}, {1, 5}, {2, 4}], [{8, 3}, {6, 7}, {2, 5}, {1, 4}], [{8, 3}, {6, 7}, {4, 5}, {1, 2}], [{8, 4}, {1, 7}, {2, 6}, {3, 5}], [{8, 4}, {1, 7}, {3, 6}, {2, 5}], [{8, 4}, {1, 7}, {5, 6}, {2, 3}], [{8, 4}, {1, 7}, {6}, {3, 5}, {2}], [{8, 4}, {2, 7}, {1, 6}, {3, 5}], [{8, 4}, {2, 7}, {3, 6}, {1, 5}], [{8, 4}, {2, 7}, {5, 6}, {1, 3}], [{8, 4}, {3, 7}, {1, 6}, {2, 5}], [{8, 4}, {3, 7}, {2, 6}, {1, 5}], [{8, 4}, {3, 7}, {5, 6}, {1, 2}], [{8, 4}, {5, 7}, {1, 6}, {2, 3}], [{8, 4}, {5, 7}, {2, 6}, {1, 3}], [{8, 4}, {5, 7}, {3, 6}, {1, 2}], [{8, 4}, {5, 7}, {6}, {1, 3}, {2}], [{8, 4}, {6, 7}, {1, 5}, {2, 3}], [{8, 4}, {6, 7}, {2, 5}, {1, 3}], [{8, 4}, {6, 7}, {3, 5}, {1, 2}], [{8, 4}, {7}, {3, 6}, {2, 5}, {1}], [{8, 4}, {7}, {5, 6}, {3}, {1, 2}], [{8, 5}, {1, 7}, {2, 6}, {3, 4}], [{8, 5}, {1, 7}, {3, 6}, {2, 4}], [{8, 5}, {1, 7}, {4, 6}, {2, 3}], [{8, 5}, {1, 7}, {4, 6}, {3}, {2}], [{8, 5}, {1, 7}, {6}, {4}, {2, 3}], [{8, 5}, {2, 7}, {1, 6}, {3, 4}], [{8, 5}, {2, 7}, {3, 6}, {1, 4}], [{8, 5}, {2, 7}, {4, 6}, {1, 3}], [{8, 5}, {2, 7}, {4, 6}, {3}, {1}], [{8, 5}, {2, 7}, {6}, {4}, {1, 3}], [{8, 5}, {3, 7}, {1, 6}, {2, 4}], [{8, 5}, {3, 7}, {1, 6}, {4}, {2}], [{8, 5}, {3, 7}, {2, 6}, {1, 4}], [{8, 5}, {3, 7}, {2, 6}, {4}, {1}], [{8, 5}, {3, 7}, {4, 6}, {1, 2}], [{8, 5}, {3, 7}, {4, 6}, {2}, {1}], [{8, 5}, {3, 7}, {6}, {1, 4}, {2}], [{8, 5}, {3, 7}, {6}, {2, 4}, {1}], [{8, 5}, {3, 7}, {6}, {4}, {1, 2}], [{8, 5}, {3, 7}, {6}, {4}, {2}, {1}], [{8, 5}, {4, 7}, {1, 6}, {2, 3}], [{8, 5}, {4, 7}, {1, 6}, {3}, {2}], [{8, 5}, {4, 7}, {2, 6}, {1, 3}], [{8, 5}, {4, 7}, {3, 6}, {1, 2}], [{8, 5}, {6, 7}, {1, 4}, {2, 3}], [{8, 5}, {6, 7}, {2, 4}, {1, 3}], [{8, 5}, {6, 7}, {3, 4}, {1, 2}], [{8, 5}, {7}, {1, 6}, {3, 4}, {2}], [{8, 5}, {7}, {4, 6}, {1, 3}, {2}], [{8, 5}, {7}, {4, 6}, {2, 3}, {1}], [{8, 5}, {7}, {4, 6}, {3}, {1, 2}], [{8, 6}, {1, 7}, {2, 5}, {3, 4}], [{8, 6}, {1, 7}, {2, 5}, {4}, {3}], [{8, 6}, {1, 7}, {3, 5}, {2, 4}], [{8, 6}, {1, 7}, {3, 5}, {4}, {2}], [{8, 6}, {1, 7}, {4, 5}, {2, 3}], [{8, 6}, {1, 7}, {5}, {4}, {2, 3}], [{8, 6}, {2, 7}, {1, 5}, {3, 4}], [{8, 6}, {2, 7}, {1, 5}, {4}, {3}], [{8, 6}, {2, 7}, {3, 5}, {1, 4}], [{8, 6}, {2, 7}, {4, 5}, {1, 3}], [{8, 6}, {3, 7}, {1, 5}, {2, 4}], [{8, 6}, {3, 7}, {2, 5}, {1, 4}], [{8, 6}, {3, 7}, {4, 5}, {1, 2}], [{8, 6}, {3, 7}, {5}, {2, 4}, {1}], [{8, 6}, {4, 7}, {1, 5}, {2, 3}], [{8, 6}, {4, 7}, {2, 5}, {1, 3}], [{8, 6}, {4, 7}, {2, 5}, {3}, {1}], [{8, 6}, {4, 7}, {3, 5}, {1, 2}], [{8, 6}, {4, 7}, {3, 5}, {2}, {1}], [{8, 6}, {4, 7}, {5}, {2, 3}, {1}], [{8, 6}, {5, 7}, {1, 4}, {2, 3}], [{8, 6}, {5, 7}, {2, 4}, {1, 3}], [{8, 6}, {5, 7}, {3, 4}, {1, 2}], [{8, 6}, {5, 7}, {4}, {1, 3}, {2}], [{8, 6}, {7}, {2, 5}, {1, 4}, {3}], [{8, 6}, {7}, {3, 5}, {1, 4}, {2}], [{8, 6}, {7}, {5}, {1, 4}, {2, 3}], [{8, 7}, {1, 6}, {2, 5}, {3, 4}], [{8, 7}, {1, 6}, {3, 5}, {2, 4}], [{8, 7}, {1, 6}, {3, 5}, {4}, {2}], [{8, 7}, {1, 6}, {4, 5}, {2, 3}], [{8, 7}, {2, 6}, {1, 5}, {3, 4}], [{8, 7}, {2, 6}, {3, 5}, {1, 4}], [{8, 7}, {2, 6}, {4, 5}, {1, 3}], [{8, 7}, {3, 6}, {1, 5}, {2, 4}], [{8, 7}, {3, 6}, {2, 5}, {1, 4}], [{8, 7}, {3, 6}, {2, 5}, {4}, {1}], [{8, 7}, {3, 6}, {4, 5}, {1, 2}], [{8, 7}, {3, 6}, {4, 5}, {2}, {1}], [{8, 7}, {3, 6}, {5}, {2, 4}, {1}], [{8, 7}, {4, 6}, {1, 5}, {2, 3}], [{8, 7}, {4, 6}, {1, 5}, {3}, {2}], [{8, 7}, {4, 6}, {2, 5}, {1, 3}], [{8, 7}, {4, 6}, {3, 5}, {1, 2}], [{8, 7}, {4, 6}, {3, 5}, {2}, {1}], [{8, 7}, {4, 6}, {5}, {1, 3}, {2}], [{8, 7}, {5, 6}, {1, 4}, {2, 3}], [{8, 7}, {5, 6}, {2, 4}, {1, 3}], [{8, 7}, {5, 6}, {3, 4}, {1, 2}], [{8, 7}, {5, 6}, {4}, {2, 3}, {1}], [{8, 7}, {6}, {3, 5}, {1, 4}, {2}], [{8, 7}, {6}, {5}, {3, 4}, {1, 2}], [{8}, {1, 7}, {2, 6}, {3, 5}, {4}], [{8}, {1, 7}, {3, 6}, {4, 5}, {2}], [{8}, {1, 7}, {4, 6}, {3, 5}, {2}], [{8}, {1, 7}, {5, 6}, {4}, {2, 3}], [{8}, {1, 7}, {6}, {3, 5}, {2, 4}], [{8}, {3, 7}, {4, 6}, {2, 5}, {1}], [{8}, {3, 7}, {5, 6}, {2, 4}, {1}], [{8}, {4, 7}, {1, 6}, {2, 5}, {3}], [{8}, {4, 7}, {3, 6}, {2, 5}, {1}], [{8}, {4, 7}, {6}, {2, 5}, {1, 3}], [{8}, {5, 7}, {2, 6}, {4}, {1, 3}], [{8}, {5, 7}, {4, 6}, {1, 3}, {2}], [{8}, {5, 7}, {6}, {2, 4}, {1, 3}], [{8}, {6, 7}, {3, 5}, {1, 4}, {2}], [{8}, {7}, {4, 6}, {1, 5}, {2, 3}]]",2,4 K_1^3 - 2 K_1^2 - 4 K_1 K_2 - K_1 + K_2 + K_3 + 2,O1O2O3O4U2U5U1O6O7U6O5U4U3O8U7U8,O1O2O3U4U5U3U1O6O7U6O5O4U2O8U7U8,O1O2O3U4U5O4U2O6O7U8O5O8U3U1U7U6,c,{'O1O2O3O4U5U6O5U2U1O7U8O6O8U4U7U3'},1,"<a href=""/flatknot/8.857812"">8.857812</a>",t^9-41t^7-114t^6+21t^5+270t^4+132t^3-30t^2-15t-2,-t^2+2t,,
8.857813,O1O2O3O4U5U6O5U2U3O7U1O6O8U7U4U8,4,4z^3+31z^2+72z+53,-2w^5z^3+6w^4z^3-14w^4z^2+45w^3z^2-16w^3z+88w^2z+53w,False,False,"[[ 0 -1 -1  1  2 -1 -1 -1  2],[ 1  0 -1  1  3  1  0  0  2],[ 1  1  0  1  1  1  1 -1  1],[-1 -1 -1  0  0 -1  0 -1  1],[-2 -3 -1  0  0 -3  0 -1  2],[ 1 -1 -1  1  3  0 -1  0  2],[ 1  0 -1  0  0  1  0 -1  1],[ 1  0  1  1  1  0  1  0  1],[-2 -2 -1 -1 -2 -2 -1 -1  0]]","[[ 0  2  2  1 -1 -1 -1 -1 -1],[-2  0  2  0  0 -1 -1 -3 -3],[-2 -2  0 -1 -1 -1 -1 -2 -2],[-1  0  1  0  0 -1 -1 -1 -1],[ 1  0  1  0  0 -1 -1  1  0],[ 1  1  1  1  1  0  1  0  0],[ 1  1  1  1  1 -1  0  1  1],[ 1  3  2  1 -1  0 -1  0 -1],[ 1  3  2  1  0  0 -1  1  0]]",True,"[-2,-2,-1,1,1,1,1,1,-2,0,0,1,1,3,3,1,1,1,1,2,2,0,1,1,1,1,1,1,-1,0,-1,0,0,-1,-1,1]","[-2,-2,-1,1,1,1,1,1,-2,0,0,1,1,3,3,1,1,1,1,2,2,0,1,1,1,1,1,1,-1,0,-1,0,0,-1,-1,1]",t^8+47t^6+250t^4+80t^2,"[-1,-1,-1,-1,-1,1,2,2,-1,-1,-1,1,1,2,2,-1,0,0,1,0,1,1,0,1,0,1,1,2,3,2,1,2,2,1,0,-2]","[-2,-2,-1,1,1,1,1,1,-2,0,1,1,2,2,2,1,0,0,2,2,3,1,1,1,1,2,-1,-1,0,-1,-1,0,0,-1,1,1]","[-1,-1,-1,-1,-1,1,2,2,-1,-1,-1,0,1,2,3,-1,0,-1,0,1,0,1,-1,1,1,1,0,1,2,3,1,1,1,1,0,-2]",c,"[[{8, 1}, {2, 7}, {3, 6}, {4, 5}], [{8, 1}, {2, 7}, {4, 6}, {3, 5}], [{8, 1}, {2, 7}, {5, 6}, {3, 4}], [{8, 1}, {3, 7}, {2, 6}, {4, 5}], [{8, 1}, {3, 7}, {4, 6}, {2, 5}], [{8, 1}, {3, 7}, {5, 6}, {2, 4}], [{8, 1}, {3, 7}, {6}, {5}, {2, 4}], [{8, 1}, {4, 7}, {2, 6}, {3, 5}], [{8, 1}, {4, 7}, {3, 6}, {2, 5}], [{8, 1}, {4, 7}, {5, 6}, {2, 3}], [{8, 1}, {5, 7}, {2, 6}, {3, 4}], [{8, 1}, {5, 7}, {3, 6}, {2, 4}], [{8, 1}, {5, 7}, {4, 6}, {2, 3}], [{8, 1}, {5, 7}, {6}, {2, 4}, {3}], [{8, 1}, {6, 7}, {2, 5}, {3, 4}], [{8, 1}, {6, 7}, {3, 5}, {2, 4}], [{8, 1}, {6, 7}, {4, 5}, {2, 3}], [{8, 1}, {6, 7}, {5}, {2, 4}, {3}], [{8, 1}, {7}, {3, 6}, {2, 5}, {4}], [{8, 1}, {7}, {3, 6}, {4, 5}, {2}], [{8, 1}, {7}, {3, 6}, {5}, {2, 4}], [{8, 1}, {7}, {5, 6}, {2, 4}, {3}], [{8, 1}, {7}, {6}, {3, 5}, {2, 4}], [{8, 1}, {7}, {6}, {5}, {2, 4}, {3}], [{8, 2}, {1, 7}, {3, 6}, {4, 5}], [{8, 2}, {1, 7}, {3, 6}, {5}, {4}], [{8, 2}, {1, 7}, {4, 6}, {3, 5}], [{8, 2}, {1, 7}, {5, 6}, {3, 4}], [{8, 2}, {3, 7}, {1, 6}, {4, 5}], [{8, 2}, {3, 7}, {4, 6}, {1, 5}], [{8, 2}, {3, 7}, {5, 6}, {1, 4}], [{8, 2}, {4, 7}, {1, 6}, {3, 5}], [{8, 2}, {4, 7}, {3, 6}, {1, 5}], [{8, 2}, {4, 7}, {5, 6}, {1, 3}], [{8, 2}, {5, 7}, {1, 6}, {3, 4}], [{8, 2}, {5, 7}, {3, 6}, {1, 4}], [{8, 2}, {5, 7}, {4, 6}, {1, 3}], [{8, 2}, {6, 7}, {1, 5}, {3, 4}], [{8, 2}, {6, 7}, {3, 5}, {1, 4}], [{8, 2}, {6, 7}, {4, 5}, {1, 3}], [{8, 2}, {6, 7}, {5}, {1, 4}, {3}], [{8, 2}, {7}, {1, 6}, {3, 5}, {4}], [{8, 2}, {7}, {4, 6}, {3, 5}, {1}], [{8, 2}, {7}, {6}, {3, 5}, {1, 4}], [{8, 3}, {1, 7}, {2, 6}, {4, 5}], [{8, 3}, {1, 7}, {4, 6}, {2, 5}], [{8, 3}, {1, 7}, {5, 6}, {2, 4}], [{8, 3}, {2, 7}, {1, 6}, {4, 5}], [{8, 3}, {2, 7}, {4, 6}, {1, 5}], [{8, 3}, {2, 7}, {5, 6}, {1, 4}], [{8, 3}, {4, 7}, {1, 6}, {2, 5}], [{8, 3}, {4, 7}, {1, 6}, {5}, {2}], [{8, 3}, {4, 7}, {2, 6}, {1, 5}], [{8, 3}, {4, 7}, {5, 6}, {1, 2}], [{8, 3}, {5, 7}, {1, 6}, {2, 4}], [{8, 3}, {5, 7}, {2, 6}, {1, 4}], [{8, 3}, {5, 7}, {4, 6}, {1, 2}], [{8, 3}, {6, 7}, {1, 5}, {2, 4}], [{8, 3}, {6, 7}, {2, 5}, {1, 4}], [{8, 3}, {6, 7}, {2, 5}, {4}, {1}], [{8, 3}, {6, 7}, {4, 5}, {1, 2}], [{8, 4}, {1, 7}, {2, 6}, {3, 5}], [{8, 4}, {1, 7}, {3, 6}, {2, 5}], [{8, 4}, {1, 7}, {5, 6}, {2, 3}], [{8, 4}, {2, 7}, {1, 6}, {3, 5}], [{8, 4}, {2, 7}, {3, 6}, {1, 5}], [{8, 4}, {2, 7}, {5, 6}, {1, 3}], [{8, 4}, {3, 7}, {1, 6}, {2, 5}], [{8, 4}, {3, 7}, {1, 6}, {5}, {2}], [{8, 4}, {3, 7}, {2, 6}, {1, 5}], [{8, 4}, {3, 7}, {5, 6}, {1, 2}], [{8, 4}, {5, 7}, {1, 6}, {2, 3}], [{8, 4}, {5, 7}, {2, 6}, {1, 3}], [{8, 4}, {5, 7}, {3, 6}, {1, 2}], [{8, 4}, {6, 7}, {1, 5}, {2, 3}], [{8, 4}, {6, 7}, {2, 5}, {1, 3}], [{8, 4}, {6, 7}, {3, 5}, {1, 2}], [{8, 4}, {7}, {1, 6}, {2, 5}, {3}], [{8, 5}, {1, 7}, {2, 6}, {3, 4}], [{8, 5}, {1, 7}, {3, 6}, {2, 4}], [{8, 5}, {1, 7}, {4, 6}, {2, 3}], [{8, 5}, {2, 7}, {1, 6}, {3, 4}], [{8, 5}, {2, 7}, {3, 6}, {1, 4}], [{8, 5}, {2, 7}, {4, 6}, {1, 3}], [{8, 5}, {3, 7}, {1, 6}, {2, 4}], [{8, 5}, {3, 7}, {2, 6}, {1, 4}], [{8, 5}, {3, 7}, {4, 6}, {1, 2}], [{8, 5}, {4, 7}, {1, 6}, {2, 3}], [{8, 5}, {4, 7}, {2, 6}, {1, 3}], [{8, 5}, {4, 7}, {3, 6}, {1, 2}], [{8, 5}, {6, 7}, {1, 4}, {2, 3}], [{8, 5}, {6, 7}, {2, 4}, {1, 3}], [{8, 5}, {6, 7}, {3, 4}, {1, 2}], [{8, 5}, {7}, {1, 6}, {2, 4}, {3}], [{8, 5}, {7}, {3, 6}, {1, 4}, {2}], [{8, 5}, {7}, {4, 6}, {2, 3}, {1}], [{8, 6}, {1, 7}, {2, 5}, {3, 4}], [{8, 6}, {1, 7}, {2, 5}, {4}, {3}], [{8, 6}, {1, 7}, {3, 5}, {2, 4}], [{8, 6}, {1, 7}, {4, 5}, {2, 3}], [{8, 6}, {2, 7}, {1, 5}, {3, 4}], [{8, 6}, {2, 7}, {3, 5}, {1, 4}], [{8, 6}, {2, 7}, {4, 5}, {1, 3}], [{8, 6}, {3, 7}, {1, 5}, {2, 4}], [{8, 6}, {3, 7}, {2, 5}, {1, 4}], [{8, 6}, {3, 7}, {4, 5}, {1, 2}], [{8, 6}, {3, 7}, {4, 5}, {2}, {1}], [{8, 6}, {4, 7}, {1, 5}, {2, 3}], [{8, 6}, {4, 7}, {2, 5}, {1, 3}], [{8, 6}, {4, 7}, {3, 5}, {1, 2}], [{8, 6}, {4, 7}, {3, 5}, {2}, {1}], [{8, 6}, {5, 7}, {1, 4}, {2, 3}], [{8, 6}, {5, 7}, {2, 4}, {1, 3}], [{8, 6}, {5, 7}, {3, 4}, {1, 2}], [{8, 6}, {5, 7}, {4}, {3}, {1, 2}], [{8, 6}, {7}, {1, 5}, {2, 4}, {3}], [{8, 7}, {1, 6}, {2, 5}, {3, 4}], [{8, 7}, {1, 6}, {3, 5}, {2, 4}], [{8, 7}, {1, 6}, {3, 5}, {4}, {2}], [{8, 7}, {1, 6}, {4, 5}, {2, 3}], [{8, 7}, {2, 6}, {1, 5}, {3, 4}], [{8, 7}, {2, 6}, {3, 5}, {1, 4}], [{8, 7}, {2, 6}, {4, 5}, {1, 3}], [{8, 7}, {2, 6}, {5}, {4}, {1, 3}], [{8, 7}, {3, 6}, {1, 5}, {2, 4}], [{8, 7}, {3, 6}, {2, 5}, {1, 4}], [{8, 7}, {3, 6}, {4, 5}, {1, 2}], [{8, 7}, {4, 6}, {1, 5}, {2, 3}], [{8, 7}, {4, 6}, {2, 5}, {1, 3}], [{8, 7}, {4, 6}, {3, 5}, {1, 2}], [{8, 7}, {4, 6}, {3, 5}, {2}, {1}], [{8, 7}, {5, 6}, {1, 4}, {2, 3}], [{8, 7}, {5, 6}, {2, 4}, {1, 3}], [{8, 7}, {5, 6}, {3, 4}, {1, 2}], [{8, 7}, {5, 6}, {4}, {1, 3}, {2}], [{8, 7}, {6}, {2, 5}, {4}, {1, 3}], [{8, 7}, {6}, {3, 5}, {1, 4}, {2}], [{8}, {1, 7}, {2, 6}, {3, 5}, {4}], [{8}, {1, 7}, {4, 6}, {5}, {2, 3}], [{8}, {2, 7}, {1, 6}, {3, 5}, {4}], [{8}, {2, 7}, {4, 6}, {1, 5}, {3}], [{8}, {2, 7}, {4, 6}, {3, 5}, {1}], [{8}, {2, 7}, {4, 6}, {5}, {1, 3}], [{8}, {2, 7}, {6}, {3, 5}, {1, 4}], [{8}, {3, 7}, {1, 6}, {2, 5}, {4}], [{8}, {3, 7}, {4, 6}, {2, 5}, {1}], [{8}, {3, 7}, {6}, {2, 5}, {1, 4}]]",2,24 K_1^3 - 4 K_1^2 - 12 K_1 K_2 - 12 K_1 + 2 K_2 + 3,O1O2O3O4U5U1U6O5O7U4O6U2U3O8U7U8,O1O2O3U4U5U6U2O7O8U7O5O6U1O4U8U3,O1O2O3U1U4O5U3O6O7U8O4O8U2U6U7U5,c,{'O1O2O3O4U5U6O5U2U3O7U1O6O8U7U4U8'},1,"<a href=""/flatknot/8.857813"">8.857813</a>",t^9-43t^7-134t^6-44t^5+350t^4+602t^3+366t^2+31t-30,-2t^2+4t,,
8.857814,O1O2O3O4U5U6O5U2U3O7U1O6O8U7U8U4,4,4z^3+34z^2+107z+111,4w^4z^3+34w^3z^2+107w^2z+111w,False,False,"[[ 0 -1 -1  1  3 -1 -1 -1  1],[ 1  0 -1  1  3  1  0  0  1],[ 1  1  0  1  1  1  1 -1  0],[-1 -1 -1  0  0 -1  0 -1  0],[-3 -3 -1  0  0 -4 -1 -2  1],[ 1 -1 -1  1  4  0 -1  0  1],[ 1  0 -1  0  1  1  0 -1  0],[ 1  0  1  1  2  0  1  0  1],[-1 -1  0  0 -1 -1  0 -1  0]]","[[ 0  3  1  1 -1 -1 -1 -1 -1],[-3  0  1  0 -1 -1 -2 -3 -4],[-1 -1  0  0  0  0 -1 -1 -1],[-1  0  0  0  0 -1 -1 -1 -1],[ 1  1  0  0  0 -1 -1  0  1],[ 1  1  0  1  1  0 -1  1  1],[ 1  2  1  1  1  1  0  0  0],[ 1  3  1  1  0 -1  0  0  1],[ 1  4  1  1 -1 -1  0 -1  0]]",True,"[-3,-1,-1,1,1,1,1,1,-1,0,1,1,2,3,4,0,0,0,1,1,1,0,1,1,1,1,1,1,0,-1,1,-1,-1,0,0,-1]","[-3,-1,-1,1,1,1,1,1,-1,0,1,1,2,3,4,0,0,0,1,1,1,0,1,1,1,1,1,1,0,-1,1,-1,-1,0,0,-1]",t^8+46t^6+234t^4+98t^2+9,"[-1,-1,-1,-1,-1,1,1,3,-1,-1,-1,1,1,2,3,-1,0,0,1,1,1,1,0,1,1,0,1,2,2,3,1,1,2,0,2,3]","[-3,-1,-1,1,1,1,1,1,2,3,0,1,2,3,3,0,1,1,1,1,2,1,1,1,2,2,-1,0,-1,-1,0,-1,0,1,1,1]","[-1,-1,-1,-1,-1,1,1,3,-1,-1,-1,0,1,1,4,-1,0,-1,0,0,1,1,-1,0,1,1,0,1,1,3,1,1,2,0,-1,0]",c,"[[{8, 1}, {2, 7}, {3, 6}, {4, 5}], [{8, 1}, {2, 7}, {4, 6}, {3, 5}], [{8, 1}, {2, 7}, {5, 6}, {3, 4}], [{8, 1}, {3, 7}, {2, 6}, {4, 5}], [{8, 1}, {3, 7}, {4, 6}, {2, 5}], [{8, 1}, {3, 7}, {5, 6}, {2, 4}], [{8, 1}, {4, 7}, {2, 6}, {3, 5}], [{8, 1}, {4, 7}, {3, 6}, {2, 5}], [{8, 1}, {4, 7}, {5, 6}, {2, 3}], [{8, 1}, {5, 7}, {2, 6}, {3, 4}], [{8, 1}, {5, 7}, {3, 6}, {2, 4}], [{8, 1}, {5, 7}, {4, 6}, {2, 3}], [{8, 1}, {5, 7}, {4, 6}, {3}, {2}], [{8, 1}, {6, 7}, {2, 5}, {3, 4}], [{8, 1}, {6, 7}, {2, 5}, {4}, {3}], [{8, 1}, {6, 7}, {3, 5}, {2, 4}], [{8, 1}, {6, 7}, {4, 5}, {2, 3}], [{8, 1}, {6, 7}, {5}, {3, 4}, {2}], [{8, 2}, {1, 7}, {3, 6}, {4, 5}], [{8, 2}, {1, 7}, {4, 6}, {3, 5}], [{8, 2}, {1, 7}, {5, 6}, {3, 4}], [{8, 2}, {3, 7}, {1, 6}, {4, 5}], [{8, 2}, {3, 7}, {4, 6}, {1, 5}], [{8, 2}, {3, 7}, {5, 6}, {1, 4}], [{8, 2}, {4, 7}, {1, 6}, {3, 5}], [{8, 2}, {4, 7}, {1, 6}, {5}, {3}], [{8, 2}, {4, 7}, {3, 6}, {1, 5}], [{8, 2}, {4, 7}, {5, 6}, {1, 3}], [{8, 2}, {5, 7}, {1, 6}, {3, 4}], [{8, 2}, {5, 7}, {3, 6}, {1, 4}], [{8, 2}, {5, 7}, {4, 6}, {1, 3}], [{8, 2}, {6, 7}, {1, 5}, {3, 4}], [{8, 2}, {6, 7}, {3, 5}, {1, 4}], [{8, 2}, {6, 7}, {4, 5}, {1, 3}], [{8, 3}, {1, 7}, {2, 6}, {4, 5}], [{8, 3}, {1, 7}, {4, 6}, {2, 5}], [{8, 3}, {1, 7}, {5, 6}, {2, 4}], [{8, 3}, {2, 7}, {1, 6}, {4, 5}], [{8, 3}, {2, 7}, {4, 6}, {1, 5}], [{8, 3}, {2, 7}, {5, 6}, {1, 4}], [{8, 3}, {4, 7}, {1, 6}, {2, 5}], [{8, 3}, {4, 7}, {2, 6}, {1, 5}], [{8, 3}, {4, 7}, {5, 6}, {1, 2}], [{8, 3}, {5, 7}, {1, 6}, {2, 4}], [{8, 3}, {5, 7}, {2, 6}, {1, 4}], [{8, 3}, {5, 7}, {4, 6}, {1, 2}], [{8, 3}, {6, 7}, {1, 5}, {2, 4}], [{8, 3}, {6, 7}, {2, 5}, {1, 4}], [{8, 3}, {6, 7}, {2, 5}, {4}, {1}], [{8, 3}, {6, 7}, {4, 5}, {1, 2}], [{8, 3}, {7}, {1, 6}, {5}, {2, 4}], [{8, 3}, {7}, {2, 6}, {1, 5}, {4}], [{8, 4}, {1, 7}, {2, 6}, {3, 5}], [{8, 4}, {1, 7}, {3, 6}, {2, 5}], [{8, 4}, {1, 7}, {5, 6}, {2, 3}], [{8, 4}, {2, 7}, {1, 6}, {3, 5}], [{8, 4}, {2, 7}, {1, 6}, {5}, {3}], [{8, 4}, {2, 7}, {3, 6}, {1, 5}], [{8, 4}, {2, 7}, {5, 6}, {1, 3}], [{8, 4}, {3, 7}, {1, 6}, {2, 5}], [{8, 4}, {3, 7}, {2, 6}, {1, 5}], [{8, 4}, {3, 7}, {5, 6}, {1, 2}], [{8, 4}, {5, 7}, {1, 6}, {2, 3}], [{8, 4}, {5, 7}, {2, 6}, {1, 3}], [{8, 4}, {5, 7}, {3, 6}, {1, 2}], [{8, 4}, {6, 7}, {1, 5}, {2, 3}], [{8, 4}, {6, 7}, {2, 5}, {1, 3}], [{8, 4}, {6, 7}, {3, 5}, {1, 2}], [{8, 4}, {6, 7}, {5}, {1, 3}, {2}], [{8, 5}, {1, 7}, {2, 6}, {3, 4}], [{8, 5}, {1, 7}, {3, 6}, {2, 4}], [{8, 5}, {1, 7}, {4, 6}, {2, 3}], [{8, 5}, {1, 7}, {4, 6}, {3}, {2}], [{8, 5}, {2, 7}, {1, 6}, {3, 4}], [{8, 5}, {2, 7}, {3, 6}, {1, 4}], [{8, 5}, {2, 7}, {4, 6}, {1, 3}], [{8, 5}, {3, 7}, {1, 6}, {2, 4}], [{8, 5}, {3, 7}, {2, 6}, {1, 4}], [{8, 5}, {3, 7}, {4, 6}, {1, 2}], [{8, 5}, {4, 7}, {1, 6}, {2, 3}], [{8, 5}, {4, 7}, {2, 6}, {1, 3}], [{8, 5}, {4, 7}, {3, 6}, {1, 2}], [{8, 5}, {6, 7}, {1, 4}, {2, 3}], [{8, 5}, {6, 7}, {2, 4}, {1, 3}], [{8, 5}, {6, 7}, {3, 4}, {1, 2}], [{8, 5}, {6, 7}, {3, 4}, {2}, {1}], [{8, 5}, {6, 7}, {4}, {3}, {1, 2}], [{8, 5}, {7}, {1, 6}, {2, 4}, {3}], [{8, 5}, {7}, {3, 6}, {1, 4}, {2}], [{8, 6}, {1, 7}, {2, 5}, {3, 4}], [{8, 6}, {1, 7}, {3, 5}, {2, 4}], [{8, 6}, {1, 7}, {4, 5}, {2, 3}], [{8, 6}, {2, 7}, {1, 5}, {3, 4}], [{8, 6}, {2, 7}, {3, 5}, {1, 4}], [{8, 6}, {2, 7}, {4, 5}, {1, 3}], [{8, 6}, {3, 7}, {1, 5}, {2, 4}], [{8, 6}, {3, 7}, {2, 5}, {1, 4}], [{8, 6}, {3, 7}, {2, 5}, {4}, {1}], [{8, 6}, {3, 7}, {4, 5}, {1, 2}], [{8, 6}, {4, 7}, {1, 5}, {2, 3}], [{8, 6}, {4, 7}, {2, 5}, {1, 3}], [{8, 6}, {4, 7}, {3, 5}, {1, 2}], [{8, 6}, {4, 7}, {3, 5}, {2}, {1}], [{8, 6}, {5, 7}, {1, 4}, {2, 3}], [{8, 6}, {5, 7}, {2, 4}, {1, 3}], [{8, 6}, {5, 7}, {3, 4}, {1, 2}], [{8, 6}, {7}, {2, 5}, {1, 4}, {3}], [{8, 7}, {1, 6}, {2, 5}, {3, 4}], [{8, 7}, {1, 6}, {2, 5}, {4}, {3}], [{8, 7}, {1, 6}, {3, 5}, {2, 4}], [{8, 7}, {1, 6}, {3, 5}, {4}, {2}], [{8, 7}, {1, 6}, {4, 5}, {2, 3}], [{8, 7}, {1, 6}, {4, 5}, {3}, {2}], [{8, 7}, {1, 6}, {5}, {2, 4}, {3}], [{8, 7}, {1, 6}, {5}, {3, 4}, {2}], [{8, 7}, {1, 6}, {5}, {4}, {2, 3}], [{8, 7}, {1, 6}, {5}, {4}, {3}, {2}], [{8, 7}, {2, 6}, {1, 5}, {3, 4}], [{8, 7}, {2, 6}, {3, 5}, {1, 4}], [{8, 7}, {2, 6}, {4, 5}, {1, 3}], [{8, 7}, {3, 6}, {1, 5}, {2, 4}], [{8, 7}, {3, 6}, {2, 5}, {1, 4}], [{8, 7}, {3, 6}, {4, 5}, {1, 2}], [{8, 7}, {4, 6}, {1, 5}, {2, 3}], [{8, 7}, {4, 6}, {2, 5}, {1, 3}], [{8, 7}, {4, 6}, {3, 5}, {1, 2}], [{8, 7}, {5, 6}, {1, 4}, {2, 3}], [{8, 7}, {5, 6}, {2, 4}, {1, 3}], [{8, 7}, {5, 6}, {3, 4}, {1, 2}], [{8}, {1, 7}, {5, 6}, {2, 4}, {3}], [{8}, {2, 7}, {4, 6}, {1, 5}, {3}], [{8}, {3, 7}, {1, 6}, {5}, {2, 4}], [{8}, {3, 7}, {4, 6}, {1, 5}, {2}], [{8}, {3, 7}, {6}, {2, 5}, {1, 4}], [{8}, {4, 7}, {2, 6}, {1, 5}, {3}], [{8}, {4, 7}, {3, 6}, {1, 5}, {2}], [{8}, {4, 7}, {6}, {1, 5}, {2, 3}], [{8}, {5, 7}, {1, 6}, {2, 4}, {3}], [{8}, {5, 7}, {2, 6}, {4}, {1, 3}], [{8}, {6, 7}, {1, 5}, {2, 4}, {3}], [{8}, {6, 7}, {1, 5}, {3, 4}, {2}], [{8}, {6, 7}, {1, 5}, {4}, {2, 3}], [{8}, {6, 7}, {2, 5}, {4}, {1, 3}], [{8}, {7}, {1, 6}, {3, 5}, {2, 4}], [{8}, {7}, {1, 6}, {5}, {2, 4}, {3}], [{8}, {7}, {4, 6}, {1, 5}, {2, 3}]]",2,16 K_1^3 + 8 K_1^2 K_2 - 20 K_1^2 - 10 K_1 K_2 - 4 K_1 K_3 - 7 K_1 + 8 K_2 + K_3 + 9,O1O2O3O4U1U5U6O5O7U4O6U2U3O8U7U8,O1O2O3U4U5U6U3O7O8U7O5O6U1O4U8U2,O1O2O3U2U4O5U3O6O7U8O4O8U1U6U7U5,c,{'O1O2O3O4U5U6O5U2U3O7U1O6O8U7U8U4'},1,"<a href=""/flatknot/8.857814"">8.857814</a>",t^9-40t^7-98t^6+2t^5+180t^4+124t^3-26t^2-31t,-t^3+3t,,
8.857815,O1O2O3O4U5U6O5U2U3O7U4O6O8U1U8U7,4,2z^3+30z^2+109z+115,2w^4z^3+30w^3z^2+109w^2z+115w,False,False,"[[ 0 -2 -1  1  2 -1 -1  1  1],[ 2  0 -1  1  3  1  0  2  1],[ 1  1  0  1  2  1  0  0  0],[-1 -1 -1  0  1 -1 -1  0  0],[-2 -3 -2 -1  0 -2 -1  0  0],[ 1 -1 -1  1  2  0 -1  2  1],[ 1  0  0  1  1  1  0  1  1],[-1 -2  0  0  0 -2 -1  0  0],[-1 -1  0  0  0 -1 -1  0  0]]","[[ 0  2  1  1  1 -1 -1 -1 -2],[-2  0  0  0 -1 -1 -2 -2 -3],[-1  0  0  0  0 -1  0 -1 -1],[-1  0  0  0  0 -1  0 -2 -2],[-1  1  0  0  0 -1 -1 -1 -1],[ 1  1  1  1  1  0  0  1  0],[ 1  2  0  0  1  0  0  1  1],[ 1  2  1  2  1 -1 -1  0 -1],[ 2  3  1  2  1  0 -1  1  0]]",True,"[-2,-1,-1,-1,1,1,1,2,0,0,1,1,2,2,3,0,0,1,0,1,1,0,1,0,2,2,1,1,1,1,0,-1,0,-1,-1,1]","[-2,-1,-1,-1,1,1,1,2,-1,0,1,1,1,2,3,0,1,0,1,0,2,1,1,1,1,1,1,1,2,2,0,0,0,0,1,0]",t^8+39t^6+112t^4+39t^2+1,"[-2,-1,-1,-1,1,1,1,2,0,1,2,1,2,2,1,1,1,0,1,1,1,0,1,1,1,2,2,1,2,1,0,0,1,0,0,1]","[-2,-1,-1,-1,1,1,1,2,0,1,1,1,1,2,1,0,0,1,1,1,2,0,0,2,1,1,1,2,1,2,-1,-1,0,0,2,1]","[-2,-1,-1,-1,1,1,1,2,-1,0,1,1,1,2,3,0,1,0,1,0,2,1,1,1,1,1,1,1,2,2,0,0,0,0,1,0]",c,"[[{8, 1}, {2, 7}, {4, 6}, {3, 5}], [{8, 1}, {2, 7}, {5, 6}, {3, 4}], [{8, 1}, {3, 7}, {4, 6}, {2, 5}], [{8, 1}, {6, 7}, {3, 5}, {2, 4}], [{8, 2}, {6, 7}, {3, 5}, {1, 4}], [{8, 4}, {2, 7}, {1, 6}, {3, 5}], [{8, 4}, {3, 7}, {1, 6}, {2, 5}], [{8, 4}, {6, 7}, {3, 5}, {1, 2}], [{8, 5}, {6, 7}, {1, 4}, {2, 3}], [{8, 5}, {6, 7}, {2, 4}, {1, 3}], [{8, 5}, {6, 7}, {3, 4}, {1, 2}], [{8, 6}, {2, 7}, {3, 5}, {1, 4}]]",1,12 K_1^3 + 8 K_1^2 K_2 - 24 K_1^2 - 12 K_1 K_2 - 4 K_1 K_3 - 3 K_1 + 10 K_2 + 3 K_3 + 11,O1O2O3O4U5U6U4O6O7U1O5U2U3O8U7U8,O1O2O3U1U4U5U6O7O8U7O4O5U3O6U8U2,O1O2O3U2U4O5U1O6O7U8O4O8U5U6U7U3,c,{'O1O2O3O4U5U6O5U2U3O7U4O6O8U1U8U7'},1,"<a href=""/flatknot/8.857815"">8.857815</a>",t^9-39t^7-86t^6+38t^5+190t^4+97t^3-14t^2-17t-4,0,,
8.857816,O1O2O3O4U5U6O5U2U3O7U4O6O8U7U1U8,4,2z^3+28z^2+103z+111,2w^4z^3+28w^3z^2-4w^3z+107w^2z+111w,False,False,"[[ 0 -1 -1  1  2 -1 -1 -1  2],[ 1  0 -1  1  2  0  0  0  2],[ 1  1  0  1  2  1  0  0  0],[-1 -1 -1  0  1 -1 -1  0  0],[-2 -2 -2 -1  0 -2 -1  0  1],[ 1  0 -1  1  2  0 -1  0  2],[ 1  0  0  1  1  1  0 -1  1],[ 1  0  0  0  0  0  1  0  1],[-2 -2  0  0 -1 -2 -1 -1  0]]","[[ 0  2  2  1 -1 -1 -1 -1 -1],[-2  0  1 -1  0 -1 -2 -2 -2],[-2 -1  0  0 -1 -1  0 -2 -2],[-1  1  0  0  0 -1 -1 -1 -1],[ 1  0  1  0  0  1  0  0  0],[ 1  1  1  1 -1  0  0  1  0],[ 1  2  0  1  0  0  0  1  1],[ 1  2  2  1  0 -1 -1  0  0],[ 1  2  2  1  0  0 -1  0  0]]",True,"[-2,-2,-1,1,1,1,1,1,-1,1,0,1,2,2,2,0,1,1,0,2,2,0,1,1,1,1,-1,0,0,0,0,-1,0,-1,-1,0]","[-2,-2,-1,1,1,1,1,1,-1,1,0,1,2,2,2,0,1,1,0,2,2,0,1,1,1,1,-1,0,0,0,0,-1,0,-1,-1,0]",t^8+33t^6+130t^4+72t^2+1,"[-1,-1,-1,-1,-1,1,2,2,-1,-1,0,0,1,1,3,0,0,0,1,1,1,0,1,1,1,1,-1,2,3,2,1,2,2,0,1,-1]","[-2,-2,-1,1,1,1,1,1,-1,1,1,1,2,2,3,0,1,1,2,3,1,1,1,1,2,1,0,-1,0,-1,0,0,-1,-1,0,0]","[-1,-1,-1,-1,-1,1,2,2,-1,-1,0,0,1,2,2,0,-1,0,1,1,1,0,1,1,0,2,0,0,1,0,1,2,2,0,1,-1]",c,"[[{8, 1}, {2, 7}, {3, 6}, {4, 5}], [{8, 1}, {2, 7}, {3, 6}, {5}, {4}], [{8, 1}, {2, 7}, {4, 6}, {3, 5}], [{8, 1}, {2, 7}, {4, 6}, {5}, {3}], [{8, 1}, {2, 7}, {5, 6}, {3, 4}], [{8, 1}, {2, 7}, {6}, {5}, {3, 4}], [{8, 1}, {3, 7}, {2, 6}, {4, 5}], [{8, 1}, {3, 7}, {4, 6}, {2, 5}], [{8, 1}, {3, 7}, {5, 6}, {2, 4}], [{8, 1}, {3, 7}, {6}, {2, 5}, {4}], [{8, 1}, {3, 7}, {6}, {4, 5}, {2}], [{8, 1}, {3, 7}, {6}, {5}, {2, 4}], [{8, 1}, {4, 7}, {2, 6}, {3, 5}], [{8, 1}, {4, 7}, {2, 6}, {5}, {3}], [{8, 1}, {4, 7}, {3, 6}, {2, 5}], [{8, 1}, {4, 7}, {3, 6}, {5}, {2}], [{8, 1}, {4, 7}, {5, 6}, {2, 3}], [{8, 1}, {4, 7}, {6}, {5}, {2, 3}], [{8, 1}, {5, 7}, {2, 6}, {3, 4}], [{8, 1}, {5, 7}, {3, 6}, {2, 4}], [{8, 1}, {5, 7}, {4, 6}, {2, 3}], [{8, 1}, {6, 7}, {2, 5}, {3, 4}], [{8, 1}, {6, 7}, {3, 5}, {2, 4}], [{8, 1}, {6, 7}, {4, 5}, {2, 3}], [{8, 1}, {6, 7}, {5}, {2, 4}, {3}], [{8, 1}, {7}, {2, 6}, {3, 5}, {4}], [{8, 1}, {7}, {3, 6}, {5}, {2, 4}], [{8, 1}, {7}, {5, 6}, {3, 4}, {2}], [{8, 2}, {1, 7}, {3, 6}, {4, 5}], [{8, 2}, {1, 7}, {4, 6}, {3, 5}], [{8, 2}, {1, 7}, {5, 6}, {3, 4}], [{8, 2}, {1, 7}, {6}, {4, 5}, {3}], [{8, 2}, {3, 7}, {1, 6}, {4, 5}], [{8, 2}, {3, 7}, {4, 6}, {1, 5}], [{8, 2}, {3, 7}, {5, 6}, {1, 4}], [{8, 2}, {3, 7}, {5, 6}, {4}, {1}], [{8, 2}, {3, 7}, {6}, {5}, {1, 4}], [{8, 2}, {4, 7}, {1, 6}, {3, 5}], [{8, 2}, {4, 7}, {1, 6}, {5}, {3}], [{8, 2}, {4, 7}, {3, 6}, {1, 5}], [{8, 2}, {4, 7}, {5, 6}, {1, 3}], [{8, 2}, {5, 7}, {1, 6}, {3, 4}], [{8, 2}, {5, 7}, {3, 6}, {1, 4}], [{8, 2}, {5, 7}, {4, 6}, {1, 3}], [{8, 2}, {5, 7}, {6}, {1, 4}, {3}], [{8, 2}, {5, 7}, {6}, {3, 4}, {1}], [{8, 2}, {5, 7}, {6}, {4}, {1, 3}], [{8, 2}, {6, 7}, {1, 5}, {3, 4}], [{8, 2}, {6, 7}, {3, 5}, {1, 4}], [{8, 2}, {6, 7}, {4, 5}, {1, 3}], [{8, 2}, {7}, {1, 6}, {3, 5}, {4}], [{8, 2}, {7}, {4, 6}, {1, 5}, {3}], [{8, 2}, {7}, {4, 6}, {3, 5}, {1}], [{8, 2}, {7}, {4, 6}, {5}, {1, 3}], [{8, 2}, {7}, {6}, {3, 5}, {1, 4}], [{8, 3}, {1, 7}, {2, 6}, {4, 5}], [{8, 3}, {1, 7}, {2, 6}, {5}, {4}], [{8, 3}, {1, 7}, {4, 6}, {2, 5}], [{8, 3}, {1, 7}, {5, 6}, {2, 4}], [{8, 3}, {2, 7}, {1, 6}, {4, 5}], [{8, 3}, {2, 7}, {4, 6}, {1, 5}], [{8, 3}, {2, 7}, {5, 6}, {1, 4}], [{8, 3}, {2, 7}, {6}, {1, 5}, {4}], [{8, 3}, {2, 7}, {6}, {4, 5}, {1}], [{8, 3}, {2, 7}, {6}, {5}, {1, 4}], [{8, 3}, {4, 7}, {1, 6}, {2, 5}], [{8, 3}, {4, 7}, {2, 6}, {1, 5}], [{8, 3}, {4, 7}, {5, 6}, {1, 2}], [{8, 3}, {5, 7}, {1, 6}, {2, 4}], [{8, 3}, {5, 7}, {2, 6}, {1, 4}], [{8, 3}, {5, 7}, {4, 6}, {1, 2}], [{8, 3}, {6, 7}, {1, 5}, {2, 4}], [{8, 3}, {6, 7}, {2, 5}, {1, 4}], [{8, 3}, {6, 7}, {4, 5}, {1, 2}], [{8, 3}, {7}, {1, 6}, {4, 5}, {2}], [{8, 3}, {7}, {4, 6}, {2, 5}, {1}], [{8, 3}, {7}, {5, 6}, {1, 4}, {2}], [{8, 3}, {7}, {5, 6}, {2, 4}, {1}], [{8, 3}, {7}, {5, 6}, {4}, {1, 2}], [{8, 4}, {1, 7}, {2, 6}, {3, 5}], [{8, 4}, {1, 7}, {3, 6}, {2, 5}], [{8, 4}, {1, 7}, {5, 6}, {2, 3}], [{8, 4}, {1, 7}, {6}, {2, 5}, {3}], [{8, 4}, {2, 7}, {1, 6}, {3, 5}], [{8, 4}, {2, 7}, {3, 6}, {1, 5}], [{8, 4}, {2, 7}, {5, 6}, {1, 3}], [{8, 4}, {2, 7}, {5, 6}, {3}, {1}], [{8, 4}, {3, 7}, {1, 6}, {2, 5}], [{8, 4}, {3, 7}, {2, 6}, {1, 5}], [{8, 4}, {3, 7}, {5, 6}, {1, 2}], [{8, 4}, {3, 7}, {5, 6}, {2}, {1}], [{8, 4}, {5, 7}, {1, 6}, {2, 3}], [{8, 4}, {5, 7}, {2, 6}, {1, 3}], [{8, 4}, {5, 7}, {3, 6}, {1, 2}], [{8, 4}, {5, 7}, {6}, {1, 3}, {2}], [{8, 4}, {6, 7}, {1, 5}, {2, 3}], [{8, 4}, {6, 7}, {2, 5}, {1, 3}], [{8, 4}, {6, 7}, {2, 5}, {3}, {1}], [{8, 4}, {6, 7}, {3, 5}, {1, 2}], [{8, 4}, {7}, {1, 6}, {2, 5}, {3}], [{8, 4}, {7}, {2, 6}, {1, 5}, {3}], [{8, 4}, {7}, {5, 6}, {2, 3}, {1}], [{8, 5}, {1, 7}, {2, 6}, {3, 4}], [{8, 5}, {1, 7}, {3, 6}, {2, 4}], [{8, 5}, {1, 7}, {3, 6}, {4}, {2}], [{8, 5}, {1, 7}, {4, 6}, {2, 3}], [{8, 5}, {1, 7}, {6}, {2, 4}, {3}], [{8, 5}, {2, 7}, {1, 6}, {3, 4}], [{8, 5}, {2, 7}, {3, 6}, {1, 4}], [{8, 5}, {2, 7}, {3, 6}, {4}, {1}], [{8, 5}, {2, 7}, {4, 6}, {1, 3}], [{8, 5}, {2, 7}, {6}, {1, 4}, {3}], [{8, 5}, {3, 7}, {1, 6}, {2, 4}], [{8, 5}, {3, 7}, {2, 6}, {1, 4}], [{8, 5}, {3, 7}, {2, 6}, {4}, {1}], [{8, 5}, {3, 7}, {4, 6}, {1, 2}], [{8, 5}, {4, 7}, {1, 6}, {2, 3}], [{8, 5}, {4, 7}, {1, 6}, {3}, {2}], [{8, 5}, {4, 7}, {2, 6}, {1, 3}], [{8, 5}, {4, 7}, {2, 6}, {3}, {1}], [{8, 5}, {4, 7}, {3, 6}, {1, 2}], [{8, 5}, {4, 7}, {3, 6}, {2}, {1}], [{8, 5}, {4, 7}, {6}, {1, 3}, {2}], [{8, 5}, {4, 7}, {6}, {2, 3}, {1}], [{8, 5}, {4, 7}, {6}, {3}, {1, 2}], [{8, 5}, {4, 7}, {6}, {3}, {2}, {1}], [{8, 5}, {6, 7}, {1, 4}, {2, 3}], [{8, 5}, {6, 7}, {2, 4}, {1, 3}], [{8, 5}, {6, 7}, {3, 4}, {1, 2}], [{8, 5}, {7}, {2, 6}, {3, 4}, {1}], [{8, 5}, {7}, {3, 6}, {1, 4}, {2}], [{8, 5}, {7}, {3, 6}, {2, 4}, {1}], [{8, 5}, {7}, {3, 6}, {4}, {1, 2}], [{8, 6}, {1, 7}, {2, 5}, {3, 4}], [{8, 6}, {1, 7}, {3, 5}, {2, 4}], [{8, 6}, {1, 7}, {4, 5}, {2, 3}], [{8, 6}, {1, 7}, {4, 5}, {3}, {2}], [{8, 6}, {2, 7}, {1, 5}, {3, 4}], [{8, 6}, {2, 7}, {1, 5}, {4}, {3}], [{8, 6}, {2, 7}, {3, 5}, {1, 4}], [{8, 6}, {2, 7}, {4, 5}, {1, 3}], [{8, 6}, {2, 7}, {5}, {3, 4}, {1}], [{8, 6}, {3, 7}, {1, 5}, {2, 4}], [{8, 6}, {3, 7}, {2, 5}, {1, 4}], [{8, 6}, {3, 7}, {4, 5}, {1, 2}], [{8, 6}, {3, 7}, {5}, {1, 4}, {2}], [{8, 6}, {4, 7}, {1, 5}, {2, 3}], [{8, 6}, {4, 7}, {2, 5}, {1, 3}], [{8, 6}, {4, 7}, {3, 5}, {1, 2}], [{8, 6}, {5, 7}, {1, 4}, {2, 3}], [{8, 6}, {5, 7}, {2, 4}, {1, 3}], [{8, 6}, {5, 7}, {3, 4}, {1, 2}], [{8, 6}, {5, 7}, {4}, {1, 3}, {2}], [{8, 6}, {7}, {5}, {2, 4}, {1, 3}], [{8, 7}, {1, 6}, {2, 5}, {3, 4}], [{8, 7}, {1, 6}, {2, 5}, {4}, {3}], [{8, 7}, {1, 6}, {3, 5}, {2, 4}], [{8, 7}, {1, 6}, {3, 5}, {4}, {2}], [{8, 7}, {1, 6}, {4, 5}, {2, 3}], [{8, 7}, {1, 6}, {5}, {4}, {2, 3}], [{8, 7}, {2, 6}, {1, 5}, {3, 4}], [{8, 7}, {2, 6}, {1, 5}, {4}, {3}], [{8, 7}, {2, 6}, {3, 5}, {1, 4}], [{8, 7}, {2, 6}, {4, 5}, {1, 3}], [{8, 7}, {3, 6}, {1, 5}, {2, 4}], [{8, 7}, {3, 6}, {2, 5}, {1, 4}], [{8, 7}, {3, 6}, {4, 5}, {1, 2}], [{8, 7}, {4, 6}, {1, 5}, {2, 3}], [{8, 7}, {4, 6}, {2, 5}, {1, 3}], [{8, 7}, {4, 6}, {2, 5}, {3}, {1}], [{8, 7}, {4, 6}, {3, 5}, {1, 2}], [{8, 7}, {4, 6}, {3, 5}, {2}, {1}], [{8, 7}, {4, 6}, {5}, {2, 3}, {1}], [{8, 7}, {5, 6}, {1, 4}, {2, 3}], [{8, 7}, {5, 6}, {2, 4}, {1, 3}], [{8, 7}, {5, 6}, {2, 4}, {3}, {1}], [{8, 7}, {5, 6}, {3, 4}, {1, 2}], [{8, 7}, {6}, {2, 5}, {1, 4}, {3}], [{8, 7}, {6}, {3, 5}, {1, 4}, {2}], [{8, 7}, {6}, {4, 5}, {1, 3}, {2}], [{8, 7}, {6}, {5}, {1, 4}, {2, 3}], [{8}, {1, 7}, {2, 6}, {4, 5}, {3}], [{8}, {2, 7}, {1, 6}, {3, 5}, {4}], [{8}, {2, 7}, {1, 6}, {4, 5}, {3}], [{8}, {2, 7}, {1, 6}, {5}, {3, 4}], [{8}, {2, 7}, {3, 6}, {1, 5}, {4}], [{8}, {2, 7}, {4, 6}, {3, 5}, {1}], [{8}, {2, 7}, {5, 6}, {4}, {1, 3}], [{8}, {2, 7}, {6}, {3, 5}, {1, 4}], [{8}, {3, 7}, {2, 6}, {5}, {1, 4}], [{8}, {3, 7}, {4, 6}, {2, 5}, {1}], [{8}, {3, 7}, {5, 6}, {2, 4}, {1}], [{8}, {4, 7}, {1, 6}, {2, 5}, {3}], [{8}, {4, 7}, {2, 6}, {1, 5}, {3}], [{8}, {4, 7}, {3, 6}, {1, 5}, {2}], [{8}, {4, 7}, {6}, {1, 5}, {2, 3}], [{8}, {5, 7}, {2, 6}, {4}, {1, 3}], [{8}, {5, 7}, {4, 6}, {1, 3}, {2}], [{8}, {5, 7}, {6}, {2, 4}, {1, 3}], [{8}, {5, 7}, {6}, {4}, {1, 3}, {2}], [{8}, {6, 7}, {2, 5}, {4}, {1, 3}], [{8}, {6, 7}, {3, 5}, {2, 4}, {1}], [{8}, {6, 7}, {5}, {3, 4}, {1, 2}], [{8}, {7}, {3, 6}, {1, 5}, {2, 4}]]",2,12 K_1^3 + 8 K_1^2 K_2 - 24 K_1^2 - 16 K_1 K_2 - 4 K_1 K_3 - K_1 + 10 K_2 + 5 K_3 + 11,O1O2O3O4U5U4U6O5O7U1O6U2U3O8U7U8,O1O2O3U2U4U5U6O7O8U7O4O5U1O6U8U3,O1O2O3U1U4O5U3O6O7U8O4O8U5U6U7U2,c,{'O1O2O3O4U5U6O5U2U3O7U4O6O8U7U1U8'},1,"<a href=""/flatknot/8.857816"">8.857816</a>",t^9-29t^7-60t^6+56t^5+192t^4+45t^3-76t^2+7t+12,-2t^2+4t,,
8.857817,O1O2O3O4U5U6O5U2U3O7U8O6O8U1U7U4,3,12z^2+49z+51,-12w^4z^2+24w^3z^2-20w^3z+69w^2z+51w,False,False,"[[ 0 -2 -1  1  3 -1 -1  0  1],[ 2  0  0  2  4  1  0  0  3],[ 1  0  0  1  1  1  1 -1  2],[-1 -2 -1  0  0 -1  0 -1  0],[-3 -4 -1  0  0 -4 -2 -1 -2],[ 1 -1 -1  1  4  0 -1  1  1],[ 1  0 -1  0  2  1  0  1  1],[ 0  0  1  1  1 -1 -1  0  0],[-1 -3 -2  0  2 -1 -1  0  0]]","[[ 0  3  1  1  0 -1 -1 -1 -2],[-3  0  0 -2 -1 -1 -2 -4 -4],[-1  0  0  0 -1 -1  0 -1 -2],[-1  2  0  0  0 -2 -1 -1 -3],[ 0  1  1  0  0  1 -1 -1  0],[ 1  1  1  2 -1  0  1  1  0],[ 1  2  0  1  1 -1  0  1  0],[ 1  4  1  1  1 -1 -1  0 -1],[ 2  4  2  3  0  0  0  1  0]]",True,"[-3,-1,-1,0,1,1,1,2,0,2,1,1,2,4,4,0,1,1,0,1,2,0,2,1,1,3,-1,1,1,0,-1,-1,0,-1,0,1]","[-3,-1,-1,0,1,1,1,2,0,2,1,1,2,4,4,0,1,1,0,1,2,0,2,1,1,3,-1,1,1,0,-1,-1,0,-1,0,1]",t^8+71t^6+498t^4+28t^2,"[-2,-1,-1,-1,0,1,1,3,0,1,1,2,0,1,1,1,1,0,1,1,0,-1,2,0,1,3,0,1,2,2,1,0,2,0,0,2]","[-3,-1,-1,0,1,1,1,2,0,2,2,0,2,3,1,0,1,1,1,0,0,0,1,2,1,1,0,0,2,2,-1,-1,0,-1,1,1]","[-2,-1,-1,-1,0,1,1,3,0,0,1,0,2,3,4,-1,1,1,0,1,2,1,-1,1,2,1,1,1,1,4,1,0,1,0,0,2]",c,"[[{8, 2}, {3, 7}, {5, 6}, {1, 4}], [{8, 2}, {3, 7}, {6}, {5}, {1, 4}]]",1,- 8 K_1^4 + 16 K_1^3 + 8 K_1^2 K_2 - 4 K_1^2 - 10 K_1 K_2 - 2 K_1 K_3 - 7 K_1 + 3 K_2 + K_3 + 4,O1O2O3O4U1U5U4O6O7U6O5U2U3O8U7U8,O1O2O3U1U4U5U3O6O7U6O4O5U2O8U7U8,O1O2O3U4U5O4U2O6O7U8O5O8U1U6U7U3,c,{'O1O2O3O4U5U6O5U2U3O7U8O6O8U1U7U4'},1,"<a href=""/flatknot/8.857817"">8.857817</a>",t^9-67t^7-186t^6+213t^5+626t^4-288t^3-414t^2+256t-72,-t^3+t^2+t,,
8.857818,O1O2O3O4U5U6O5U2U3O7U8O6O8U4U1U7,4,5z^3+44z^2+110z+85,5w^4z^3-4w^4z^2+48w^3z^2+110w^2z+85w,False,False,"[[ 0 -1 -1  1  1 -1 -1  1  1],[ 1  0 -1  1  2  0 -1  1  2],[ 1  1  0  1  1  1  1  0  2],[-1 -1 -1  0  0 -1  0  0  0],[-1 -2 -1  0  0 -2 -1  0  0],[ 1  0 -1  1  2  0 -1  2  1],[ 1  1 -1  0  1  1  0  2  1],[-1 -1  0  0  0 -2 -2  0 -1],[-1 -2 -2  0  0 -1 -1  1  0]]","[[ 0  1  1  1  1 -1 -1 -1 -1],[-1  0  1  0  0 -1 -1 -2 -2],[-1 -1  0  0  0 -2 -2  0 -1],[-1  0  0  0  0  0 -1 -1 -1],[-1  0  0  0  0 -1 -2 -1 -2],[ 1  1  2  0  1  0  1 -1  1],[ 1  1  2  1  2 -1  0 -1  0],[ 1  2  0  1  1  1  1  0  1],[ 1  2  1  1  2 -1  0 -1  0]]",True,"[-1,-1,-1,-1,1,1,1,1,-1,0,0,1,1,2,2,0,0,2,2,0,1,0,0,1,1,1,1,2,1,2,-1,1,-1,1,0,-1]","[-1,-1,-1,-1,1,1,1,1,-1,-1,-1,0,1,1,2,-1,-1,1,1,2,0,0,0,0,1,1,1,0,1,0,0,0,-1,0,0,0]",t^8+38t^6+165t^4+65t^2+4,"[-1,-1,-1,-1,1,1,1,1,-1,-1,-1,0,1,1,2,-1,-1,1,1,2,0,0,0,0,1,1,1,0,1,0,0,0,-1,0,0,0]","[-1,-1,-1,-1,1,1,1,1,-1,0,0,0,0,1,2,0,0,1,1,0,0,0,0,1,0,1,1,2,1,1,-1,0,-1,1,-1,-1]","[-1,-1,-1,-1,1,1,1,1,-1,-1,0,1,1,2,2,-1,1,0,1,1,2,1,1,2,1,0,1,2,2,1,0,0,0,0,1,0]",c,"[[{8, 1}, {5, 7}, {4, 6}, {2, 3}], [{8, 2}, {1, 7}, {4, 6}, {3, 5}], [{8, 2}, {5, 7}, {3, 6}, {1, 4}], [{8, 2}, {6, 7}, {3, 5}, {1, 4}], [{8, 5}, {1, 7}, {4, 6}, {2, 3}], [{8, 5}, {2, 7}, {4, 6}, {1, 3}], [{8, 5}, {6, 7}, {2, 4}, {1, 3}], [{8, 6}, {2, 7}, {3, 5}, {1, 4}]]",1,12 K_1^3 - 8 K_1^2 - 16 K_1 K_2 - K_1 + 4 K_2 + 5 K_3 + 5,O1O2O3O4U5U4U1O6O7U6O5U2U3O8U7U8,O1O2O3U2U4U5U1O6O7U6O4O5U3O8U7U8,O1O2O3U4U5O4U1O6O7U8O5O8U3U6U7U2,c,{'O1O2O3O4U5U6O5U2U3O7U8O6O8U4U1U7'},1,"<a href=""/flatknot/8.857818"">8.857818</a>",t^9-38t^7-80t^6+67t^5+150t^4-7t^3-22t^2-18t-2,0,,
8.857819,O1O2O3O4U5U6O5U2U4O7U1O6O8U3U7U8,4,22z^2+105z+123,22w^3z^2-2w^3z+107w^2z+123w,False,False,"[[ 0 -1 -1  0  2 -1 -1  0  2],[ 1  0 -1  1  1  1  0  1  2],[ 1  1  0  1  1  1  1  0  1],[ 0 -1 -1  0  1 -1  0  0  2],[-2 -1 -1 -1  0 -2 -1 -1  0],[ 1 -1 -1  1  2  0 -1  1  2],[ 1  0 -1  0  1  1  0  0  1],[ 0 -1  0  0  1 -1  0  0  1],[-2 -2 -1 -2  0 -2 -1 -1  0]]","[[ 0  2  2  0  0 -1 -1 -1 -1],[-2  0  0 -1 -1 -1 -1 -1 -2],[-2  0  0 -1 -2 -1 -1 -2 -2],[ 0  1  1  0  0  0  0 -1 -1],[ 0  1  2  0  0  0 -1 -1 -1],[ 1  1  1  0  0  0 -1  0  1],[ 1  1  1  0  1  1  0  1  1],[ 1  1  2  1  1  0 -1  0  1],[ 1  2  2  1  1 -1 -1 -1  0]]",True,"[-2,-2,0,0,1,1,1,1,0,1,1,1,1,1,2,1,2,1,1,2,2,0,0,0,1,1,0,1,1,1,1,0,-1,-1,-1,-1]","[-2,-2,0,0,1,1,1,1,0,0,1,1,1,2,2,1,1,1,2,2,2,0,0,0,0,1,0,0,1,1,-1,-1,-1,-1,0,1]",t^8+34t^6+97t^4+54t^2,"[-1,-1,-1,-1,0,0,2,2,-1,-1,-1,0,1,2,2,-1,0,0,0,1,2,1,0,0,1,1,1,1,2,2,0,0,1,1,1,0]","[-2,-2,0,0,1,1,1,1,0,0,1,1,1,2,2,1,1,1,2,2,2,0,0,0,0,1,0,0,1,1,-1,-1,-1,-1,0,1]","[-1,-1,-1,-1,0,0,2,2,-1,-1,-1,1,1,2,2,-1,0,0,0,1,1,1,0,1,1,1,1,1,1,2,0,1,1,1,2,0]",c,"[[{8, 1}, {2, 7}, {3, 6}, {4, 5}], [{8, 1}, {2, 7}, {4, 6}, {3, 5}], [{8, 1}, {2, 7}, {4, 6}, {5}, {3}], [{8, 1}, {2, 7}, {5, 6}, {3, 4}], [{8, 1}, {2, 7}, {6}, {3, 5}, {4}], [{8, 1}, {3, 7}, {2, 6}, {4, 5}], [{8, 1}, {3, 7}, {4, 6}, {2, 5}], [{8, 1}, {3, 7}, {5, 6}, {2, 4}], [{8, 1}, {3, 7}, {5, 6}, {4}, {2}], [{8, 1}, {4, 7}, {2, 6}, {3, 5}], [{8, 1}, {4, 7}, {3, 6}, {2, 5}], [{8, 1}, {4, 7}, {5, 6}, {2, 3}], [{8, 1}, {5, 7}, {2, 6}, {3, 4}], [{8, 1}, {5, 7}, {3, 6}, {2, 4}], [{8, 1}, {5, 7}, {4, 6}, {2, 3}], [{8, 1}, {5, 7}, {4, 6}, {3}, {2}], [{8, 1}, {6, 7}, {2, 5}, {3, 4}], [{8, 1}, {6, 7}, {3, 5}, {2, 4}], [{8, 1}, {6, 7}, {3, 5}, {4}, {2}], [{8, 1}, {6, 7}, {4, 5}, {2, 3}], [{8, 1}, {7}, {2, 6}, {3, 5}, {4}], [{8, 1}, {7}, {2, 6}, {4, 5}, {3}], [{8, 1}, {7}, {2, 6}, {5}, {3, 4}], [{8, 1}, {7}, {3, 6}, {4, 5}, {2}], [{8, 1}, {7}, {4, 6}, {2, 5}, {3}], [{8, 1}, {7}, {5, 6}, {2, 4}, {3}], [{8, 1}, {7}, {6}, {4, 5}, {2, 3}], [{8, 2}, {1, 7}, {3, 6}, {4, 5}], [{8, 2}, {1, 7}, {4, 6}, {3, 5}], [{8, 2}, {1, 7}, {4, 6}, {5}, {3}], [{8, 2}, {1, 7}, {5, 6}, {3, 4}], [{8, 2}, {3, 7}, {1, 6}, {4, 5}], [{8, 2}, {3, 7}, {1, 6}, {5}, {4}], [{8, 2}, {3, 7}, {4, 6}, {1, 5}], [{8, 2}, {3, 7}, {4, 6}, {5}, {1}], [{8, 2}, {3, 7}, {5, 6}, {1, 4}], [{8, 2}, {3, 7}, {6}, {5}, {1, 4}], [{8, 2}, {4, 7}, {1, 6}, {3, 5}], [{8, 2}, {4, 7}, {1, 6}, {5}, {3}], [{8, 2}, {4, 7}, {3, 6}, {1, 5}], [{8, 2}, {4, 7}, {5, 6}, {1, 3}], [{8, 2}, {5, 7}, {1, 6}, {3, 4}], [{8, 2}, {5, 7}, {1, 6}, {4}, {3}], [{8, 2}, {5, 7}, {3, 6}, {1, 4}], [{8, 2}, {5, 7}, {4, 6}, {1, 3}], [{8, 2}, {5, 7}, {4, 6}, {3}, {1}], [{8, 2}, {5, 7}, {6}, {1, 4}, {3}], [{8, 2}, {6, 7}, {1, 5}, {3, 4}], [{8, 2}, {6, 7}, {3, 5}, {1, 4}], [{8, 2}, {6, 7}, {4, 5}, {1, 3}], [{8, 2}, {6, 7}, {5}, {1, 4}, {3}], [{8, 2}, {7}, {1, 6}, {3, 5}, {4}], [{8, 2}, {7}, {1, 6}, {4, 5}, {3}], [{8, 2}, {7}, {1, 6}, {5}, {3, 4}], [{8, 2}, {7}, {1, 6}, {5}, {4}, {3}], [{8, 2}, {7}, {3, 6}, {5}, {1, 4}], [{8, 2}, {7}, {4, 6}, {1, 5}, {3}], [{8, 2}, {7}, {4, 6}, {3, 5}, {1}], [{8, 2}, {7}, {4, 6}, {5}, {1, 3}], [{8, 2}, {7}, {4, 6}, {5}, {3}, {1}], [{8, 2}, {7}, {5, 6}, {1, 4}, {3}], [{8, 2}, {7}, {6}, {3, 5}, {1, 4}], [{8, 2}, {7}, {6}, {5}, {1, 4}, {3}], [{8, 3}, {1, 7}, {2, 6}, {4, 5}], [{8, 3}, {1, 7}, {4, 6}, {2, 5}], [{8, 3}, {1, 7}, {5, 6}, {2, 4}], [{8, 3}, {2, 7}, {1, 6}, {4, 5}], [{8, 3}, {2, 7}, {4, 6}, {1, 5}], [{8, 3}, {2, 7}, {5, 6}, {1, 4}], [{8, 3}, {4, 7}, {1, 6}, {2, 5}], [{8, 3}, {4, 7}, {2, 6}, {1, 5}], [{8, 3}, {4, 7}, {5, 6}, {1, 2}], [{8, 3}, {4, 7}, {5, 6}, {2}, {1}], [{8, 3}, {4, 7}, {6}, {5}, {1, 2}], [{8, 3}, {5, 7}, {1, 6}, {2, 4}], [{8, 3}, {5, 7}, {2, 6}, {1, 4}], [{8, 3}, {5, 7}, {4, 6}, {1, 2}], [{8, 3}, {6, 7}, {1, 5}, {2, 4}], [{8, 3}, {6, 7}, {2, 5}, {1, 4}], [{8, 3}, {6, 7}, {4, 5}, {1, 2}], [{8, 3}, {6, 7}, {5}, {2, 4}, {1}], [{8, 3}, {7}, {1, 6}, {2, 5}, {4}], [{8, 3}, {7}, {2, 6}, {4, 5}, {1}], [{8, 3}, {7}, {4, 6}, {2, 5}, {1}], [{8, 3}, {7}, {5, 6}, {4}, {1, 2}], [{8, 3}, {7}, {6}, {2, 5}, {1, 4}], [{8, 4}, {1, 7}, {2, 6}, {3, 5}], [{8, 4}, {1, 7}, {3, 6}, {2, 5}], [{8, 4}, {1, 7}, {5, 6}, {2, 3}], [{8, 4}, {1, 7}, {6}, {3, 5}, {2}], [{8, 4}, {2, 7}, {1, 6}, {3, 5}], [{8, 4}, {2, 7}, {3, 6}, {1, 5}], [{8, 4}, {2, 7}, {5, 6}, {1, 3}], [{8, 4}, {3, 7}, {1, 6}, {2, 5}], [{8, 4}, {3, 7}, {2, 6}, {1, 5}], [{8, 4}, {3, 7}, {5, 6}, {1, 2}], [{8, 4}, {5, 7}, {1, 6}, {2, 3}], [{8, 4}, {5, 7}, {2, 6}, {1, 3}], [{8, 4}, {5, 7}, {3, 6}, {1, 2}], [{8, 4}, {6, 7}, {1, 5}, {2, 3}], [{8, 4}, {6, 7}, {2, 5}, {1, 3}], [{8, 4}, {6, 7}, {3, 5}, {1, 2}], [{8, 4}, {7}, {1, 6}, {2, 5}, {3}], [{8, 4}, {7}, {2, 6}, {1, 5}, {3}], [{8, 4}, {7}, {5, 6}, {3}, {1, 2}], [{8, 5}, {1, 7}, {2, 6}, {3, 4}], [{8, 5}, {1, 7}, {3, 6}, {2, 4}], [{8, 5}, {1, 7}, {4, 6}, {2, 3}], [{8, 5}, {1, 7}, {4, 6}, {3}, {2}], [{8, 5}, {2, 7}, {1, 6}, {3, 4}], [{8, 5}, {2, 7}, {1, 6}, {4}, {3}], [{8, 5}, {2, 7}, {3, 6}, {1, 4}], [{8, 5}, {2, 7}, {4, 6}, {1, 3}], [{8, 5}, {2, 7}, {4, 6}, {3}, {1}], [{8, 5}, {2, 7}, {6}, {1, 4}, {3}], [{8, 5}, {3, 7}, {1, 6}, {2, 4}], [{8, 5}, {3, 7}, {1, 6}, {4}, {2}], [{8, 5}, {3, 7}, {2, 6}, {1, 4}], [{8, 5}, {3, 7}, {4, 6}, {1, 2}], [{8, 5}, {3, 7}, {4, 6}, {2}, {1}], [{8, 5}, {3, 7}, {6}, {1, 4}, {2}], [{8, 5}, {4, 7}, {1, 6}, {2, 3}], [{8, 5}, {4, 7}, {1, 6}, {3}, {2}], [{8, 5}, {4, 7}, {2, 6}, {1, 3}], [{8, 5}, {4, 7}, {3, 6}, {1, 2}], [{8, 5}, {6, 7}, {1, 4}, {2, 3}], [{8, 5}, {6, 7}, {1, 4}, {3}, {2}], [{8, 5}, {6, 7}, {2, 4}, {1, 3}], [{8, 5}, {6, 7}, {3, 4}, {1, 2}], [{8, 5}, {7}, {1, 6}, {2, 4}, {3}], [{8, 5}, {7}, {1, 6}, {3, 4}, {2}], [{8, 5}, {7}, {1, 6}, {4}, {2, 3}], [{8, 5}, {7}, {1, 6}, {4}, {3}, {2}], [{8, 5}, {7}, {2, 6}, {1, 4}, {3}], [{8, 5}, {7}, {3, 6}, {1, 4}, {2}], [{8, 5}, {7}, {4, 6}, {1, 3}, {2}], [{8, 5}, {7}, {4, 6}, {2, 3}, {1}], [{8, 5}, {7}, {4, 6}, {3}, {1, 2}], [{8, 5}, {7}, {4, 6}, {3}, {2}, {1}], [{8, 5}, {7}, {6}, {1, 4}, {2, 3}], [{8, 5}, {7}, {6}, {1, 4}, {3}, {2}], [{8, 6}, {1, 7}, {2, 5}, {3, 4}], [{8, 6}, {1, 7}, {3, 5}, {2, 4}], [{8, 6}, {1, 7}, {4, 5}, {2, 3}], [{8, 6}, {1, 7}, {5}, {4}, {2, 3}], [{8, 6}, {2, 7}, {1, 5}, {3, 4}], [{8, 6}, {2, 7}, {3, 5}, {1, 4}], [{8, 6}, {2, 7}, {4, 5}, {1, 3}], [{8, 6}, {3, 7}, {1, 5}, {2, 4}], [{8, 6}, {3, 7}, {2, 5}, {1, 4}], [{8, 6}, {3, 7}, {4, 5}, {1, 2}], [{8, 6}, {4, 7}, {1, 5}, {2, 3}], [{8, 6}, {4, 7}, {2, 5}, {1, 3}], [{8, 6}, {4, 7}, {3, 5}, {1, 2}], [{8, 6}, {5, 7}, {1, 4}, {2, 3}], [{8, 6}, {5, 7}, {2, 4}, {1, 3}], [{8, 6}, {5, 7}, {3, 4}, {1, 2}], [{8, 6}, {7}, {1, 5}, {2, 4}, {3}], [{8, 6}, {7}, {2, 5}, {1, 4}, {3}], [{8, 6}, {7}, {3, 5}, {2, 4}, {1}], [{8, 6}, {7}, {4, 5}, {3}, {1, 2}], [{8, 6}, {7}, {5}, {2, 4}, {1, 3}], [{8, 7}, {1, 6}, {2, 5}, {3, 4}], [{8, 7}, {1, 6}, {2, 5}, {4}, {3}], [{8, 7}, {1, 6}, {3, 5}, {2, 4}], [{8, 7}, {1, 6}, {4, 5}, {2, 3}], [{8, 7}, {1, 6}, {5}, {3, 4}, {2}], [{8, 7}, {2, 6}, {1, 5}, {3, 4}], [{8, 7}, {2, 6}, {3, 5}, {1, 4}], [{8, 7}, {2, 6}, {4, 5}, {1, 3}], [{8, 7}, {3, 6}, {1, 5}, {2, 4}], [{8, 7}, {3, 6}, {2, 5}, {1, 4}], [{8, 7}, {3, 6}, {4, 5}, {1, 2}], [{8, 7}, {4, 6}, {1, 5}, {2, 3}], [{8, 7}, {4, 6}, {1, 5}, {3}, {2}], [{8, 7}, {4, 6}, {2, 5}, {1, 3}], [{8, 7}, {4, 6}, {2, 5}, {3}, {1}], [{8, 7}, {4, 6}, {3, 5}, {1, 2}], [{8, 7}, {4, 6}, {5}, {3}, {1, 2}], [{8, 7}, {5, 6}, {1, 4}, {2, 3}], [{8, 7}, {5, 6}, {2, 4}, {1, 3}], [{8, 7}, {5, 6}, {3, 4}, {1, 2}], [{8, 7}, {6}, {2, 5}, {1, 4}, {3}], [{8}, {1, 7}, {3, 6}, {5}, {2, 4}], [{8}, {1, 7}, {4, 6}, {2, 5}, {3}], [{8}, {2, 7}, {1, 6}, {5}, {3, 4}], [{8}, {2, 7}, {3, 6}, {4, 5}, {1}], [{8}, {2, 7}, {4, 6}, {1, 5}, {3}], [{8}, {3, 7}, {1, 6}, {2, 5}, {4}], [{8}, {3, 7}, {4, 6}, {2, 5}, {1}], [{8}, {3, 7}, {6}, {2, 5}, {1, 4}], [{8}, {4, 7}, {1, 6}, {2, 5}, {3}], [{8}, {4, 7}, {2, 6}, {5}, {1, 3}], [{8}, {5, 7}, {1, 6}, {3, 4}, {2}], [{8}, {5, 7}, {2, 6}, {4}, {1, 3}], [{8}, {5, 7}, {4, 6}, {3}, {1, 2}], [{8}, {6, 7}, {2, 5}, {1, 4}, {3}], [{8}, {7}, {1, 6}, {2, 5}, {3, 4}], [{8}, {7}, {1, 6}, {2, 5}, {4}, {3}], [{8}, {7}, {2, 6}, {4, 5}, {1, 3}], [{8}, {7}, {3, 6}, {2, 5}, {1, 4}], [{8}, {7}, {4, 6}, {2, 5}, {1, 3}], [{8}, {7}, {4, 6}, {2, 5}, {3}, {1}], [{8}, {7}, {5, 6}, {3, 4}, {1, 2}], [{8}, {7}, {6}, {2, 5}, {1, 4}, {3}]]",2,20 K_1^3 + 4 K_1^2 K_2 - 20 K_1^2 - 20 K_1 K_2 - 4 K_1 K_3 - 5 K_1 + 10 K_2 + 5 K_3 + K_4 + 10,O1O2O3O4U5U6U2O5O7U4O6U1U3O8U7U8,O1O2O3U4U5U1U6O7O8U7O5O6U2O4U8U3,O1O2O3U1U4O5U2O6O7U8O4O8U6U3U7U5,c,{'O1O2O3O4U5U6O5U2U4O7U1O6O8U3U7U8'},1,"<a href=""/flatknot/8.857819"">8.857819</a>",t^9-30t^7-102t^6-87t^5+106t^4+182t^3+18t^2-49t-12,-2t^2+4t,,
8.857820,O1O2O3O4U5U6O5U2U4O7U1O6O8U7U3U8,4,2z^3+34z^2+113z+107,2w^4z^3+34w^3z^2+113w^2z+107w,False,False,"[[ 0 -1 -1  1  2 -1 -1 -1  2],[ 1  0 -1  2  1  1  0  0  2],[ 1  1  0  1  1  1  1 -1  1],[-1 -2 -1  0  1 -2  0 -1  2],[-2 -1 -1 -1  0 -2 -1 -1  0],[ 1 -1 -1  2  2  0 -1  0  2],[ 1  0 -1  0  1  1  0 -1  1],[ 1  0  1  1  1  0  1  0  1],[-2 -2 -1 -2  0 -2 -1 -1  0]]","[[ 0  2  2  1 -1 -1 -1 -1 -1],[-2  0  0 -1 -1 -1 -1 -1 -2],[-2  0  0 -2 -1 -1 -1 -2 -2],[-1  1  2  0  0 -1 -1 -2 -2],[ 1  1  1  0  0 -1 -1  0  1],[ 1  1  1  1  1  0  1  0  0],[ 1  1  1  1  1 -1  0  1  1],[ 1  1  2  2  0  0 -1  0  1],[ 1  2  2  2 -1  0 -1 -1  0]]",True,"[-2,-2,-1,1,1,1,1,1,0,1,1,1,1,1,2,2,1,1,1,2,2,0,1,1,2,2,1,1,0,-1,-1,0,0,-1,-1,-1]","[-2,-2,-1,1,1,1,1,1,0,-1,1,1,2,2,2,0,1,2,2,2,2,0,0,1,1,2,-1,-1,0,-1,-1,0,0,-1,1,1]",t^8+41t^6+199t^4+142t^2+1,"[-1,-1,-1,-1,-1,1,2,2,-1,-1,-1,1,1,2,2,-1,0,0,0,1,2,1,0,0,1,1,1,2,2,2,1,2,2,-1,0,0]","[-2,-2,-1,1,1,1,1,1,0,-1,1,1,2,2,2,0,1,2,2,2,2,0,0,1,1,2,-1,-1,0,-1,-1,0,0,-1,1,1]","[-1,-1,-1,-1,-1,1,2,2,-1,-1,-1,0,2,2,2,-1,0,-1,0,1,1,1,-1,1,1,1,0,2,1,2,1,1,1,1,2,0]",c,"[[{8, 1}, {2, 7}, {3, 6}, {4, 5}], [{8, 1}, {2, 7}, {4, 6}, {3, 5}], [{8, 1}, {2, 7}, {5, 6}, {3, 4}], [{8, 1}, {3, 7}, {2, 6}, {4, 5}], [{8, 1}, {3, 7}, {4, 6}, {2, 5}], [{8, 1}, {3, 7}, {5, 6}, {2, 4}], [{8, 1}, {4, 7}, {2, 6}, {3, 5}], [{8, 1}, {4, 7}, {3, 6}, {2, 5}], [{8, 1}, {4, 7}, {5, 6}, {2, 3}], [{8, 1}, {4, 7}, {5, 6}, {3}, {2}], [{8, 1}, {5, 7}, {2, 6}, {3, 4}], [{8, 1}, {5, 7}, {2, 6}, {4}, {3}], [{8, 1}, {5, 7}, {3, 6}, {2, 4}], [{8, 1}, {5, 7}, {4, 6}, {2, 3}], [{8, 1}, {6, 7}, {2, 5}, {3, 4}], [{8, 1}, {6, 7}, {3, 5}, {2, 4}], [{8, 1}, {6, 7}, {4, 5}, {2, 3}], [{8, 1}, {7}, {3, 6}, {4, 5}, {2}], [{8, 1}, {7}, {4, 6}, {2, 5}, {3}], [{8, 1}, {7}, {6}, {3, 5}, {2, 4}], [{8, 2}, {1, 7}, {3, 6}, {4, 5}], [{8, 2}, {1, 7}, {4, 6}, {3, 5}], [{8, 2}, {1, 7}, {4, 6}, {5}, {3}], [{8, 2}, {1, 7}, {5, 6}, {3, 4}], [{8, 2}, {3, 7}, {1, 6}, {4, 5}], [{8, 2}, {3, 7}, {4, 6}, {1, 5}], [{8, 2}, {3, 7}, {4, 6}, {5}, {1}], [{8, 2}, {3, 7}, {5, 6}, {1, 4}], [{8, 2}, {4, 7}, {1, 6}, {3, 5}], [{8, 2}, {4, 7}, {1, 6}, {5}, {3}], [{8, 2}, {4, 7}, {3, 6}, {1, 5}], [{8, 2}, {4, 7}, {5, 6}, {1, 3}], [{8, 2}, {5, 7}, {1, 6}, {3, 4}], [{8, 2}, {5, 7}, {3, 6}, {1, 4}], [{8, 2}, {5, 7}, {4, 6}, {1, 3}], [{8, 2}, {5, 7}, {6}, {4}, {1, 3}], [{8, 2}, {6, 7}, {1, 5}, {3, 4}], [{8, 2}, {6, 7}, {3, 5}, {1, 4}], [{8, 2}, {6, 7}, {3, 5}, {4}, {1}], [{8, 2}, {6, 7}, {4, 5}, {1, 3}], [{8, 2}, {7}, {4, 6}, {5}, {1, 3}], [{8, 3}, {1, 7}, {2, 6}, {4, 5}], [{8, 3}, {1, 7}, {4, 6}, {2, 5}], [{8, 3}, {1, 7}, {5, 6}, {2, 4}], [{8, 3}, {2, 7}, {1, 6}, {4, 5}], [{8, 3}, {2, 7}, {4, 6}, {1, 5}], [{8, 3}, {2, 7}, {5, 6}, {1, 4}], [{8, 3}, {4, 7}, {1, 6}, {2, 5}], [{8, 3}, {4, 7}, {1, 6}, {5}, {2}], [{8, 3}, {4, 7}, {2, 6}, {1, 5}], [{8, 3}, {4, 7}, {5, 6}, {1, 2}], [{8, 3}, {5, 7}, {1, 6}, {2, 4}], [{8, 3}, {5, 7}, {2, 6}, {1, 4}], [{8, 3}, {5, 7}, {4, 6}, {1, 2}], [{8, 3}, {6, 7}, {1, 5}, {2, 4}], [{8, 3}, {6, 7}, {2, 5}, {1, 4}], [{8, 3}, {6, 7}, {4, 5}, {1, 2}], [{8, 3}, {7}, {1, 6}, {2, 5}, {4}], [{8, 4}, {1, 7}, {2, 6}, {3, 5}], [{8, 4}, {1, 7}, {3, 6}, {2, 5}], [{8, 4}, {1, 7}, {5, 6}, {2, 3}], [{8, 4}, {1, 7}, {6}, {3, 5}, {2}], [{8, 4}, {2, 7}, {1, 6}, {3, 5}], [{8, 4}, {2, 7}, {1, 6}, {5}, {3}], [{8, 4}, {2, 7}, {3, 6}, {1, 5}], [{8, 4}, {2, 7}, {5, 6}, {1, 3}], [{8, 4}, {3, 7}, {1, 6}, {2, 5}], [{8, 4}, {3, 7}, {2, 6}, {1, 5}], [{8, 4}, {3, 7}, {5, 6}, {1, 2}], [{8, 4}, {5, 7}, {1, 6}, {2, 3}], [{8, 4}, {5, 7}, {2, 6}, {1, 3}], [{8, 4}, {5, 7}, {3, 6}, {1, 2}], [{8, 4}, {6, 7}, {1, 5}, {2, 3}], [{8, 4}, {6, 7}, {2, 5}, {1, 3}], [{8, 4}, {6, 7}, {2, 5}, {3}, {1}], [{8, 4}, {6, 7}, {3, 5}, {1, 2}], [{8, 4}, {7}, {2, 6}, {1, 5}, {3}], [{8, 5}, {1, 7}, {2, 6}, {3, 4}], [{8, 5}, {1, 7}, {3, 6}, {2, 4}], [{8, 5}, {1, 7}, {3, 6}, {4}, {2}], [{8, 5}, {1, 7}, {4, 6}, {2, 3}], [{8, 5}, {2, 7}, {1, 6}, {3, 4}], [{8, 5}, {2, 7}, {3, 6}, {1, 4}], [{8, 5}, {2, 7}, {4, 6}, {1, 3}], [{8, 5}, {3, 7}, {1, 6}, {2, 4}], [{8, 5}, {3, 7}, {2, 6}, {1, 4}], [{8, 5}, {3, 7}, {4, 6}, {1, 2}], [{8, 5}, {4, 7}, {1, 6}, {2, 3}], [{8, 5}, {4, 7}, {1, 6}, {3}, {2}], [{8, 5}, {4, 7}, {2, 6}, {1, 3}], [{8, 5}, {4, 7}, {2, 6}, {3}, {1}], [{8, 5}, {4, 7}, {3, 6}, {1, 2}], [{8, 5}, {4, 7}, {3, 6}, {2}, {1}], [{8, 5}, {4, 7}, {6}, {1, 3}, {2}], [{8, 5}, {4, 7}, {6}, {2, 3}, {1}], [{8, 5}, {4, 7}, {6}, {3}, {1, 2}], [{8, 5}, {4, 7}, {6}, {3}, {2}, {1}], [{8, 5}, {6, 7}, {1, 4}, {2, 3}], [{8, 5}, {6, 7}, {2, 4}, {1, 3}], [{8, 5}, {6, 7}, {3, 4}, {1, 2}], [{8, 5}, {7}, {1, 6}, {4}, {2, 3}], [{8, 5}, {7}, {3, 6}, {1, 4}, {2}], [{8, 6}, {1, 7}, {2, 5}, {3, 4}], [{8, 6}, {1, 7}, {3, 5}, {2, 4}], [{8, 6}, {1, 7}, {3, 5}, {4}, {2}], [{8, 6}, {1, 7}, {4, 5}, {2, 3}], [{8, 6}, {2, 7}, {1, 5}, {3, 4}], [{8, 6}, {2, 7}, {3, 5}, {1, 4}], [{8, 6}, {2, 7}, {4, 5}, {1, 3}], [{8, 6}, {3, 7}, {1, 5}, {2, 4}], [{8, 6}, {3, 7}, {2, 5}, {1, 4}], [{8, 6}, {3, 7}, {4, 5}, {1, 2}], [{8, 6}, {3, 7}, {5}, {2, 4}, {1}], [{8, 6}, {4, 7}, {1, 5}, {2, 3}], [{8, 6}, {4, 7}, {1, 5}, {3}, {2}], [{8, 6}, {4, 7}, {2, 5}, {1, 3}], [{8, 6}, {4, 7}, {3, 5}, {1, 2}], [{8, 6}, {5, 7}, {1, 4}, {2, 3}], [{8, 6}, {5, 7}, {2, 4}, {1, 3}], [{8, 6}, {5, 7}, {3, 4}, {1, 2}], [{8, 7}, {1, 6}, {2, 5}, {3, 4}], [{8, 7}, {1, 6}, {3, 5}, {2, 4}], [{8, 7}, {1, 6}, {4, 5}, {2, 3}], [{8, 7}, {1, 6}, {5}, {2, 4}, {3}], [{8, 7}, {2, 6}, {1, 5}, {3, 4}], [{8, 7}, {2, 6}, {3, 5}, {1, 4}], [{8, 7}, {2, 6}, {4, 5}, {1, 3}], [{8, 7}, {2, 6}, {4, 5}, {3}, {1}], [{8, 7}, {3, 6}, {1, 5}, {2, 4}], [{8, 7}, {3, 6}, {2, 5}, {1, 4}], [{8, 7}, {3, 6}, {4, 5}, {1, 2}], [{8, 7}, {4, 6}, {1, 5}, {2, 3}], [{8, 7}, {4, 6}, {2, 5}, {1, 3}], [{8, 7}, {4, 6}, {3, 5}, {1, 2}], [{8, 7}, {5, 6}, {1, 4}, {2, 3}], [{8, 7}, {5, 6}, {2, 4}, {1, 3}], [{8, 7}, {5, 6}, {3, 4}, {1, 2}], [{8}, {1, 7}, {3, 6}, {5}, {2, 4}], [{8}, {1, 7}, {4, 6}, {3, 5}, {2}], [{8}, {2, 7}, {3, 6}, {4, 5}, {1}], [{8}, {3, 7}, {6}, {2, 5}, {1, 4}], [{8}, {4, 7}, {1, 6}, {2, 5}, {3}], [{8}, {4, 7}, {1, 6}, {3, 5}, {2}], [{8}, {4, 7}, {1, 6}, {5}, {2, 3}], [{8}, {4, 7}, {1, 6}, {5}, {3}, {2}], [{8}, {6, 7}, {2, 5}, {4}, {1, 3}], [{8}, {7}, {2, 6}, {4, 5}, {1, 3}]]",2,8 K_1^3 + 4 K_1^2 K_2 - 6 K_1^2 - 12 K_1 K_2 - 2 K_1 K_3 - 2 K_2^2 + 2 K_2 + 4 K_3 + K_4 + 4,O1O2O3O4U5U2U6O5O7U4O6U1U3O8U7U8,O1O2O3U4U5U2U6O7O8U7O5O6U1O4U8U3,O1O2O3U1U4O5U3O6O7U8O4O8U6U2U7U5,c,{'O1O2O3O4U5U6O5U2U4O7U1O6O8U7U3U8'},1,"<a href=""/flatknot/8.857820"">8.857820</a>",t^9-37t^7-128t^6-105t^5+196t^4+460t^3+320t^2+57t-8,-2t^2+4t,,
8.857821,O1O2O3O4U5U6O5U2U4O7U1O6O8U7U8U3,4,11z^2+96z+149,11w^3z^2+96w^2z+149w,False,False,"[[ 0 -1 -1  2  2 -1 -1 -1  1],[ 1  0 -1  2  1  1  0  0  1],[ 1  1  0  1  1  1  1 -1  0],[-2 -2 -1  0  1 -3 -1 -2  1],[-2 -1 -1 -1  0 -2 -1 -1  0],[ 1 -1 -1  3  2  0 -1  0  1],[ 1  0 -1  1  1  1  0 -1  0],[ 1  0  1  2  1  0  1  0  1],[-1 -1  0 -1  0 -1  0 -1  0]]","[[ 0  2  2  1 -1 -1 -1 -1 -1],[-2  0  1  1 -1 -1 -2 -2 -3],[-2 -1  0  0 -1 -1 -1 -1 -2],[-1 -1  0  0  0  0 -1 -1 -1],[ 1  1  1  0  0  1  1 -1  1],[ 1  1  1  0 -1  0  0 -1  1],[ 1  2  1  1 -1  0  0  0  1],[ 1  2  1  1  1  1  0  0  0],[ 1  3  2  1 -1 -1 -1  0  0]]",True,"[-2,-2,-1,1,1,1,1,1,-1,-1,1,1,2,2,3,0,1,1,1,1,2,0,0,1,1,1,-1,-1,1,-1,0,1,-1,0,-1,0]","[-2,-2,-1,1,1,1,1,1,-1,-1,1,1,2,2,3,0,1,1,1,1,2,0,0,1,1,1,-1,-1,1,-1,0,1,-1,0,-1,0]",t^8+39t^6+188t^4+86t^2+1,"[-1,-1,-1,-1,-1,1,2,2,-1,-1,-1,1,2,2,2,-1,0,0,1,1,2,1,0,1,0,1,1,2,2,2,1,1,2,2,1,-1]","[-2,-2,-1,1,1,1,1,1,-1,1,1,2,2,2,2,2,0,1,1,2,2,1,1,1,2,2,-1,0,-1,-1,0,-1,0,1,1,1]","[-1,-1,-1,-1,-1,1,2,2,-1,-1,-1,0,1,2,3,-1,0,-1,0,1,1,1,-1,0,1,1,0,1,1,2,1,1,2,0,-1,-1]",c,"[[{8, 1}, {6, 7}, {2, 5}, {3, 4}], [{8, 1}, {6, 7}, {2, 5}, {4}, {3}]]",1,- 32 K_1^2 - 16 K_1 K_2 + 8 K_1 + 16 K_2 + 8 K_3 + 17,O1O2O3O4U2U5U6O5O7U4O6U1U3O8U7U8,O1O2O3U4U5U3U6O7O8U7O5O6U1O4U8U2,O1O2O3U2U4O5U3O6O7U8O4O8U6U1U7U5,c,{'O1O2O3O4U5U6O5U2U4O7U1O6O8U7U8U3'},1,"<a href=""/flatknot/8.857821"">8.857821</a>",t^9-35t^7-106t^6-92t^5+58t^4+167t^3+86t^2-29t-20,-2t^2+4t,,
8.857822,O1O2O3O4U5U6O5U2U4O7U3O6O8U1U8U7,4,5z^2+82z+145,5w^3z^2+82w^2z+145w,False,False,"[[ 0 -2 -1  1  2 -1 -1  1  1],[ 2  0 -1  2  2  1  0  2  1],[ 1  1  0  2  1  1  0  0  0],[-1 -2 -2  0  0 -1 -1  0  0],[-2 -2 -1  0  0 -2 -1 -1  0],[ 1 -1 -1  1  2  0 -1  2  1],[ 1  0  0  1  1  1  0  1  1],[-1 -2  0  0  1 -2 -1  0  0],[-1 -1  0  0  0 -1 -1  0  0]]","[[ 0  2  1  1  1 -1 -1 -1 -2],[-2  0  0  0 -1 -1 -1 -2 -2],[-1  0  0  0  0  0 -1 -1 -1],[-1  0  0  0  0 -2 -1 -1 -2],[-1  1  0  0  0  0 -1 -2 -2],[ 1  1  0  2  0  0  0  1  1],[ 1  1  1  1  1  0  0  1  0],[ 1  2  1  1  2 -1 -1  0 -1],[ 2  2  1  2  2 -1  0  1  0]]",True,"[-2,-1,-1,-1,1,1,1,2,0,0,1,1,1,2,2,0,0,0,1,1,1,0,2,1,1,2,0,1,2,2,0,-1,-1,-1,0,1]","[-2,-1,-1,-1,1,1,1,2,-1,0,1,1,2,2,2,0,1,0,0,2,1,1,1,1,1,1,1,2,1,2,0,0,0,0,1,0]",t^8+37t^6+128t^4+59t^2+4,"[-2,-1,-1,-1,1,1,1,2,0,1,2,1,1,2,2,1,1,0,1,1,1,0,1,1,1,2,2,0,2,2,0,0,0,0,1,1]","[-2,-1,-1,-1,1,1,1,2,0,1,1,1,2,2,2,0,0,0,1,2,1,0,1,1,0,1,1,1,2,2,-1,-1,0,0,1,2]","[-2,-1,-1,-1,1,1,1,2,-1,0,1,1,2,2,2,0,1,0,0,2,1,1,1,1,1,1,1,2,1,2,0,0,0,0,1,0]",c,"[[{8, 5}, {2, 7}, {3, 6}, {1, 4}], [{8, 5}, {3, 7}, {2, 6}, {1, 4}], [{8, 5}, {6, 7}, {1, 4}, {2, 3}], [{8, 6}, {5, 7}, {1, 4}, {2, 3}]]",1,8 K_1^3 - 40 K_1^2 - 24 K_1 K_2 - 4 K_1 K_3 + 6 K_1 + 22 K_2 + 10 K_3 + 2 K_4 + 21,O1O2O3O4U5U6U4O6O7U2O5U1U3O8U7U8,O1O2O3U1U4U5U6O7O8U7O4O6U3O5U8U2,O1O2O3U2U4O5U1O6O7U8O4O8U6U5U7U3,c,{'O1O2O3O4U5U6O5U2U4O7U3O6O8U1U8U7'},1,"<a href=""/flatknot/8.857822"">8.857822</a>",t^9-37t^7-82t^6+40t^5+196t^4+138t^3-4t^2-47t-12,0,,
8.857823,O1O2O3O4U5U6O5U2U4O7U3O6O8U7U1U8,4,6z^2+87z+151,6w^3z^2+87w^2z+151w,False,False,"[[ 0 -1 -1  1  2 -1 -1 -1  2],[ 1  0 -1  1  2  0  0  0  2],[ 1  1  0  2  1  1  0  0  0],[-1 -1 -2  0  0 -1 -1  0  1],[-2 -2 -1  0  0 -2 -1 -1  0],[ 1  0 -1  1  2  0 -1  0  2],[ 1  0  0  1  1  1  0 -1  1],[ 1  0  0  0  1  0  1  0  1],[-2 -2  0 -1  0 -2 -1 -1  0]]","[[ 0  2  2  1 -1 -1 -1 -1 -1],[-2  0  0  0 -1 -1 -1 -2 -2],[-2  0  0 -1  0 -1 -1 -2 -2],[-1  0  1  0 -2  0 -1 -1 -1],[ 1  1  0  2  0  0  0  1  1],[ 1  1  1  0  0  0  1  0  0],[ 1  1  1  1  0 -1  0  1  0],[ 1  2  2  1 -1  0 -1  0  0],[ 1  2  2  1 -1  0  0  0  0]]",True,"[-2,-2,-1,1,1,1,1,1,0,0,1,1,1,2,2,1,0,1,1,2,2,2,0,1,1,1,0,0,-1,-1,-1,0,0,-1,0,0]","[-2,-2,-1,1,1,1,1,1,0,0,1,1,1,2,2,1,0,1,1,2,2,2,0,1,1,1,0,0,-1,-1,-1,0,0,-1,0,0]",t^8+33t^6+136t^4+105t^2,"[-1,-1,-1,-1,-1,1,2,2,-1,-1,0,0,0,2,3,0,0,0,1,1,1,0,1,1,1,1,-1,2,2,2,1,2,2,1,0,0]","[-2,-2,-1,1,1,1,1,1,0,0,1,1,2,2,3,1,1,1,2,2,2,1,1,1,2,0,0,-1,0,-1,0,0,-1,-1,0,0]","[-1,-1,-1,-1,-1,1,2,2,-1,-1,0,0,1,2,2,0,-1,0,1,1,1,0,1,2,0,1,0,0,1,1,1,2,2,1,0,0]",c,"[[{8, 5}, {4, 7}, {2, 6}, {1, 3}], [{8, 6}, {4, 7}, {2, 5}, {1, 3}]]",1,12 K_1^3 - 36 K_1^2 - 24 K_1 K_2 - 4 K_1 K_3 + 3 K_1 + 20 K_2 + 9 K_3 + 2 K_4 + 19,O1O2O3O4U5U4U6O5O7U2O6U1U3O8U7U8,O1O2O3U2U4U5U6O7O8U7O4O6U1O5U8U3,O1O2O3U1U4O5U3O6O7U8O4O8U6U5U7U2,c,{'O1O2O3O4U5U6O5U2U4O7U3O6O8U7U1U8'},1,"<a href=""/flatknot/8.857823"">8.857823</a>",t^9-29t^7-44t^6+80t^5+92t^4-52t^3-18t^2+16t-4,-2t^2+4t,,
8.857824,O1O2O3O4U5U6O5U2U4O7U8O6O8U1U3U7,4,4z^3+34z^2+91z+79,4w^4z^3+34w^3z^2+91w^2z+79w,False,False,"[[ 0 -2 -1  1  2 -1 -1  1  1],[ 2  0  0  2  2  1  0  1  3],[ 1  0  0  1  1  1  1  0  2],[-1 -2 -1  0  1 -2 -2  0  0],[-2 -2 -1 -1  0 -2 -1 -1 -1],[ 1 -1 -1  2  2  0 -1  2  1],[ 1  0 -1  2  1  1  0  2  1],[-1 -1  0  0  1 -2 -2  0 -1],[-1 -3 -2  0  1 -1 -1  1  0]]","[[ 0  2  1  1  1 -1 -1 -1 -2],[-2  0 -1 -1 -1 -1 -1 -2 -2],[-1  1  0  1  0 -1 -2 -1 -3],[-1  1 -1  0  0 -2  0 -2 -1],[-1  1  0  0  0 -2 -1 -2 -2],[ 1  1  1  2  2  0 -1  1  0],[ 1  1  2  0  1  1  0  1  0],[ 1  2  1  2  2 -1 -1  0 -1],[ 2  2  3  1  2  0  0  1  0]]",True,"[-2,-1,-1,-1,1,1,1,2,1,1,1,1,1,2,2,-1,0,1,2,1,3,0,2,0,2,1,2,1,2,2,1,-1,0,-1,0,1]","[-2,-1,-1,-1,1,1,1,2,0,0,0,1,2,2,2,-1,0,0,0,2,2,0,1,1,0,0,0,0,1,1,-1,-1,0,-1,1,1]",t^8+55t^6+280t^4+76t^2,"[-2,-1,-1,-1,1,1,1,2,0,1,1,0,1,2,2,1,1,1,0,0,1,-1,0,1,2,2,1,0,0,2,0,-1,0,0,0,0]","[-2,-1,-1,-1,1,1,1,2,0,0,0,1,2,2,2,-1,0,0,0,2,2,0,1,1,0,0,0,0,1,1,-1,-1,0,-1,1,1]","[-2,-1,-1,-1,1,1,1,2,0,0,1,1,2,3,2,-1,1,2,2,1,1,1,0,1,2,1,2,2,1,2,0,-1,1,0,1,1]",c,"[[{8, 2}, {5, 7}, {3, 6}, {1, 4}], [{8, 5}, {2, 7}, {3, 6}, {1, 4}], [{8, 5}, {6, 7}, {1, 4}, {2, 3}], [{8, 6}, {5, 7}, {1, 4}, {2, 3}], [{8, 7}, {1, 6}, {4, 5}, {2, 3}], [{8, 7}, {3, 6}, {2, 5}, {1, 4}], [{8, 7}, {5, 6}, {1, 4}, {2, 3}], [{8, 7}, {5, 6}, {3, 4}, {1, 2}]]",1,8 K_1^3 + 4 K_1^2 K_2 - 6 K_1^2 - 12 K_1 K_2 - 2 K_1 K_3 - 2 K_2^2 + 2 K_2 + 4 K_3 + K_4 + 4,O1O2O3O4U5U2U4O6O7U6O5U1U3O8U7U8,O1O2O3U1U4U2U5O6O7U6O4O5U3O8U7U8,O1O2O3U4U5O4U1O6O7U8O5O8U6U2U7U3,c,{'O1O2O3O4U5U6O5U2U4O7U8O6O8U1U3U7'},1,"<a href=""/flatknot/8.857824"">8.857824</a>",t^9-55t^7-144t^6+80t^5+294t^4+78t^3-44t^2-36t+10,0,,
8.857825,O1O2O3O4U5U6O5U2U4O7U8O6O8U1U7U3,4,28z^2+113z+115,28w^3z^2+113w^2z+115w,False,False,"[[ 0 -2 -1  2  2 -1 -1  0  1],[ 2  0  0  3  2  1  0  0  3],[ 1  0  0  1  1  1  1 -1  2],[-2 -3 -1  0  1 -3 -2 -1 -1],[-2 -2 -1 -1  0 -2 -1 -1 -1],[ 1 -1 -1  3  2  0 -1  1  1],[ 1  0 -1  2  1  1  0  1  1],[ 0  0  1  1  1 -1 -1  0  0],[-1 -3 -2  1  1 -1 -1  0  0]]","[[ 0  2  2  1  0 -1 -1 -1 -2],[-2  0  1 -1 -1 -1 -2 -3 -3],[-2 -1  0 -1 -1 -1 -1 -2 -2],[-1  1  1  0  0 -2 -1 -1 -3],[ 0  1  1  0  0  1 -1 -1  0],[ 1  1  1  2 -1  0  1  1  0],[ 1  2  1  1  1 -1  0  1  0],[ 1  3  2  1  1 -1 -1  0 -1],[ 2  3  2  3  0  0  0  1  0]]",True,"[-2,-2,-1,0,1,1,1,2,-1,1,1,1,2,3,3,1,1,1,1,2,2,0,2,1,1,3,-1,1,1,0,-1,-1,0,-1,0,1]","[-2,-2,-1,0,1,1,1,2,-1,0,1,1,2,2,2,0,1,0,1,2,1,1,1,1,0,0,0,0,2,2,-1,-1,0,-1,1,1]",t^8+60t^6+347t^4+56t^2,"[-2,-1,-1,-1,0,1,2,2,0,1,1,2,0,1,2,1,1,0,1,0,1,-1,2,0,2,2,0,1,1,2,1,1,1,0,0,-1]","[-2,-2,-1,0,1,1,1,2,-1,0,1,1,2,2,2,0,1,0,1,2,1,1,1,1,0,0,0,0,2,2,-1,-1,0,-1,1,1]","[-2,-1,-1,-1,0,1,2,2,0,0,1,0,3,2,3,-1,1,1,1,1,2,1,-1,2,1,1,1,1,2,3,0,1,1,1,1,-1]",c,"[[{8, 2}, {1, 7}, {3, 6}, {4, 5}], [{8}, {1, 7}, {3, 6}, {4, 5}, {2}]]",1,12 K_1^3 + 8 K_1^2 K_2 - 18 K_1^2 - 16 K_1 K_2 - 4 K_1 K_3 - K_1 + 7 K_2 + 5 K_3 + 8,O1O2O3O4U2U5U4O6O7U6O5U1U3O8U7U8,O1O2O3U1U4U3U5O6O7U6O4O5U2O8U7U8,O1O2O3U4U5O4U2O6O7U8O5O8U6U1U7U3,c,{'O1O2O3O4U5U6O5U2U4O7U8O6O8U1U7U3'},1,"<a href=""/flatknot/8.857825"">8.857825</a>",t^9-58t^7-184t^6-30t^5+402t^4+433t^3+140t^2-12,-t^2+2t,,
8.857826,O1O2O3O4U5U6O5U2U4O7U8O6O8U3U1U7,4,24z^2+105z+115,24w^3z^2+105w^2z+115w,False,False,"[[ 0 -1 -1  0  2 -1 -1  1  1],[ 1  0 -1  1  2  0 -1  1  2],[ 1  1  0  1  1  1  1  0  2],[ 0 -1 -1  0  1 -1 -1  0  1],[-2 -2 -1 -1  0 -2 -1 -1 -1],[ 1  0 -1  1  2  0 -1  2  1],[ 1  1 -1  1  1  1  0  2  1],[-1 -1  0  0  1 -2 -2  0 -1],[-1 -2 -2 -1  1 -1 -1  1  0]]","[[ 0  2  1  1  0 -1 -1 -1 -1],[-2  0 -1 -1 -1 -1 -1 -2 -2],[-1  1  0  1 -1 -1 -2 -1 -2],[-1  1 -1  0  0 -2  0 -2 -1],[ 0  1  1  0  0 -1 -1 -1 -1],[ 1  1  1  2  1  0 -1  1  1],[ 1  1  2  0  1  1  0  1  1],[ 1  2  1  2  1 -1 -1  0  0],[ 1  2  2  1  1 -1 -1  0  0]]",True,"[-2,-1,-1,0,1,1,1,1,1,1,1,1,1,2,2,-1,1,1,2,1,2,0,2,0,2,1,1,1,1,1,1,-1,-1,-1,-1,0]","[-2,-1,-1,0,1,1,1,1,0,0,1,1,1,2,2,-1,1,0,1,0,2,0,1,0,1,0,0,0,0,0,0,-1,-1,-1,-1,-1]",t^8+43t^6+192t^4+51t^2+1,"[-1,-1,-1,-1,0,1,1,2,-1,-1,-1,0,0,2,2,-1,-1,0,1,0,2,0,0,0,1,1,0,1,0,1,0,1,1,-1,0,0]","[-2,-1,-1,0,1,1,1,1,0,0,1,1,1,2,2,-1,1,0,1,0,2,0,1,0,1,0,0,0,0,0,0,-1,-1,-1,-1,-1]","[-1,-1,-1,-1,0,1,1,2,-1,-1,0,1,1,2,2,-1,1,1,1,2,1,1,1,2,0,1,1,2,1,2,1,0,1,1,1,1]",c,"[[{8, 7}, {1, 6}, {4, 5}, {2, 3}], [{8, 7}, {5, 6}, {1, 4}, {2, 3}]]",1,28 K_1^3 + 8 K_1^2 K_2 - 22 K_1^2 - 24 K_1 K_2 - 8 K_1 K_3 - 9 K_1 + 11 K_2 + 5 K_3 + 2 K_4 + 10,O1O2O3O4U5U4U2O6O7U6O5U1U3O8U7U8,O1O2O3U2U4U1U5O6O7U6O4O5U3O8U7U8,O1O2O3U4U5O4U1O6O7U8O5O8U6U3U7U2,c,{'O1O2O3O4U5U6O5U2U4O7U8O6O8U3U1U7'},1,"<a href=""/flatknot/8.857826"">8.857826</a>",t^9-41t^7-140t^6-131t^5+40t^4+170t^3+238t^2+121t+12,-t^2+2t,,
8.857827,O1O2O3O4U5U6O5U2U7O8U1O6O7U3U8U4,4,z^3+22z^2+104z+129,w^4z^3+22w^3z^2+104w^2z+129w,False,False,"[[ 0 -1 -1  0  3 -1 -1  1  0],[ 1  0  0  0  2  1  1  2  0],[ 1  0  0  0  1  1  2  2  0],[ 0  0  0  0  2 -1  0  1 -1],[-3 -2 -1 -2  0 -4 -2 -1 -2],[ 1 -1 -1  1  4  0 -1  1  1],[ 1 -1 -2  0  2  1  0  1  1],[-1 -2 -2 -1  1 -1 -1  0  0],[ 0  0  0  1  2 -1 -1  0  0]]","[[ 0  3  1  0  0 -1 -1 -1 -1],[-3  0 -1 -2 -2 -1 -2 -2 -4],[-1  1  0  0 -1 -2 -1 -2 -1],[ 0  2  0  0  1  0 -1  0 -1],[ 0  2  1 -1  0  0  0  0 -1],[ 1  1  2  0  0  0  2  0  1],[ 1  2  1  1  0 -2  0 -1  1],[ 1  2  2  0  0  0  1  0  1],[ 1  4  1  1  1 -1 -1 -1  0]]",True,"[-3,-1,0,0,1,1,1,1,1,2,2,1,2,2,4,0,1,2,1,2,1,-1,0,1,0,1,0,0,0,1,-2,0,-1,1,-1,-1]","[-3,-1,0,0,1,1,1,1,1,1,1,0,2,2,3,0,1,1,0,1,0,-1,0,1,1,1,0,1,0,1,-1,-1,-1,1,0,-2]",t^8+57t^6+462t^4+133t^2+1,"[-1,-1,-1,-1,0,0,1,3,-2,-1,0,1,1,0,3,-1,1,0,1,1,2,1,0,0,1,0,1,1,0,2,-1,1,1,0,1,1]","[-3,-1,0,0,1,1,1,1,1,1,1,0,2,2,3,0,1,1,0,1,0,-1,0,1,1,1,0,1,0,1,-1,-1,-1,1,0,-2]","[-1,-1,-1,-1,0,0,1,3,-2,-1,1,0,1,1,2,0,1,0,0,2,1,1,0,0,2,2,1,1,1,4,-1,1,2,0,2,1]",c,"[[{8, 1}, {2, 7}, {3, 6}, {4, 5}], [{8, 1}, {2, 7}, {4, 6}, {3, 5}], [{8, 1}, {2, 7}, {5, 6}, {3, 4}], [{8, 1}, {3, 7}, {2, 6}, {4, 5}], [{8, 1}, {3, 7}, {4, 6}, {2, 5}], [{8, 1}, {3, 7}, {4, 6}, {5}, {2}], [{8, 1}, {3, 7}, {5, 6}, {2, 4}], [{8, 1}, {3, 7}, {6}, {2, 5}, {4}], [{8, 1}, {4, 7}, {2, 6}, {3, 5}], [{8, 1}, {4, 7}, {3, 6}, {2, 5}], [{8, 1}, {4, 7}, {3, 6}, {5}, {2}], [{8, 1}, {4, 7}, {5, 6}, {2, 3}], [{8, 1}, {4, 7}, {6}, {2, 5}, {3}], [{8, 1}, {5, 7}, {2, 6}, {3, 4}], [{8, 1}, {5, 7}, {3, 6}, {2, 4}], [{8, 1}, {5, 7}, {4, 6}, {2, 3}], [{8, 1}, {6, 7}, {2, 5}, {3, 4}], [{8, 1}, {6, 7}, {2, 5}, {4}, {3}], [{8, 1}, {6, 7}, {3, 5}, {2, 4}], [{8, 1}, {6, 7}, {4, 5}, {2, 3}], [{8, 1}, {7}, {3, 6}, {2, 5}, {4}], [{8, 1}, {7}, {4, 6}, {2, 5}, {3}], [{8, 1}, {7}, {6}, {2, 5}, {3, 4}], [{8, 1}, {7}, {6}, {2, 5}, {4}, {3}], [{8, 2}, {1, 7}, {3, 6}, {4, 5}], [{8, 2}, {1, 7}, {4, 6}, {3, 5}], [{8, 2}, {1, 7}, {5, 6}, {3, 4}], [{8, 2}, {3, 7}, {1, 6}, {4, 5}], [{8, 2}, {3, 7}, {1, 6}, {5}, {4}], [{8, 2}, {3, 7}, {4, 6}, {1, 5}], [{8, 2}, {3, 7}, {4, 6}, {5}, {1}], [{8, 2}, {3, 7}, {5, 6}, {1, 4}], [{8, 2}, {3, 7}, {6}, {5}, {1, 4}], [{8, 2}, {4, 7}, {1, 6}, {3, 5}], [{8, 2}, {4, 7}, {3, 6}, {1, 5}], [{8, 2}, {4, 7}, {5, 6}, {1, 3}], [{8, 2}, {5, 7}, {1, 6}, {3, 4}], [{8, 2}, {5, 7}, {3, 6}, {1, 4}], [{8, 2}, {5, 7}, {4, 6}, {1, 3}], [{8, 2}, {6, 7}, {1, 5}, {3, 4}], [{8, 2}, {6, 7}, {3, 5}, {1, 4}], [{8, 2}, {6, 7}, {4, 5}, {1, 3}], [{8, 2}, {6, 7}, {5}, {1, 4}, {3}], [{8, 2}, {7}, {1, 6}, {4, 5}, {3}], [{8, 2}, {7}, {3, 6}, {5}, {1, 4}], [{8, 2}, {7}, {4, 6}, {1, 5}, {3}], [{8, 3}, {1, 7}, {2, 6}, {4, 5}], [{8, 3}, {1, 7}, {4, 6}, {2, 5}], [{8, 3}, {1, 7}, {5, 6}, {2, 4}], [{8, 3}, {1, 7}, {6}, {4, 5}, {2}], [{8, 3}, {2, 7}, {1, 6}, {4, 5}], [{8, 3}, {2, 7}, {4, 6}, {1, 5}], [{8, 3}, {2, 7}, {5, 6}, {1, 4}], [{8, 3}, {2, 7}, {6}, {5}, {1, 4}], [{8, 3}, {4, 7}, {1, 6}, {2, 5}], [{8, 3}, {4, 7}, {2, 6}, {1, 5}], [{8, 3}, {4, 7}, {5, 6}, {1, 2}], [{8, 3}, {4, 7}, {6}, {1, 5}, {2}], [{8, 3}, {5, 7}, {1, 6}, {2, 4}], [{8, 3}, {5, 7}, {2, 6}, {1, 4}], [{8, 3}, {5, 7}, {4, 6}, {1, 2}], [{8, 3}, {5, 7}, {4, 6}, {2}, {1}], [{8, 3}, {6, 7}, {1, 5}, {2, 4}], [{8, 3}, {6, 7}, {2, 5}, {1, 4}], [{8, 3}, {6, 7}, {4, 5}, {1, 2}], [{8, 3}, {6, 7}, {5}, {1, 4}, {2}], [{8, 3}, {7}, {1, 6}, {5}, {2, 4}], [{8, 3}, {7}, {2, 6}, {1, 5}, {4}], [{8, 3}, {7}, {2, 6}, {4, 5}, {1}], [{8, 3}, {7}, {2, 6}, {5}, {1, 4}], [{8, 4}, {1, 7}, {2, 6}, {3, 5}], [{8, 4}, {1, 7}, {3, 6}, {2, 5}], [{8, 4}, {1, 7}, {5, 6}, {2, 3}], [{8, 4}, {2, 7}, {1, 6}, {3, 5}], [{8, 4}, {2, 7}, {3, 6}, {1, 5}], [{8, 4}, {2, 7}, {5, 6}, {1, 3}], [{8, 4}, {3, 7}, {1, 6}, {2, 5}], [{8, 4}, {3, 7}, {1, 6}, {5}, {2}], [{8, 4}, {3, 7}, {2, 6}, {1, 5}], [{8, 4}, {3, 7}, {5, 6}, {1, 2}], [{8, 4}, {3, 7}, {6}, {2, 5}, {1}], [{8, 4}, {5, 7}, {1, 6}, {2, 3}], [{8, 4}, {5, 7}, {2, 6}, {1, 3}], [{8, 4}, {5, 7}, {3, 6}, {1, 2}], [{8, 4}, {6, 7}, {1, 5}, {2, 3}], [{8, 4}, {6, 7}, {2, 5}, {1, 3}], [{8, 4}, {6, 7}, {3, 5}, {1, 2}], [{8, 4}, {6, 7}, {5}, {1, 3}, {2}], [{8, 4}, {7}, {1, 6}, {2, 5}, {3}], [{8, 5}, {1, 7}, {2, 6}, {3, 4}], [{8, 5}, {1, 7}, {3, 6}, {2, 4}], [{8, 5}, {1, 7}, {4, 6}, {2, 3}], [{8, 5}, {2, 7}, {1, 6}, {3, 4}], [{8, 5}, {2, 7}, {3, 6}, {1, 4}], [{8, 5}, {2, 7}, {4, 6}, {1, 3}], [{8, 5}, {3, 7}, {1, 6}, {2, 4}], [{8, 5}, {3, 7}, {1, 6}, {4}, {2}], [{8, 5}, {3, 7}, {2, 6}, {1, 4}], [{8, 5}, {3, 7}, {2, 6}, {4}, {1}], [{8, 5}, {3, 7}, {4, 6}, {1, 2}], [{8, 5}, {3, 7}, {4, 6}, {2}, {1}], [{8, 5}, {3, 7}, {6}, {1, 4}, {2}], [{8, 5}, {3, 7}, {6}, {2, 4}, {1}], [{8, 5}, {3, 7}, {6}, {4}, {1, 2}], [{8, 5}, {4, 7}, {1, 6}, {2, 3}], [{8, 5}, {4, 7}, {2, 6}, {1, 3}], [{8, 5}, {4, 7}, {3, 6}, {1, 2}], [{8, 5}, {6, 7}, {1, 4}, {2, 3}], [{8, 5}, {6, 7}, {2, 4}, {1, 3}], [{8, 5}, {6, 7}, {3, 4}, {1, 2}], [{8, 6}, {1, 7}, {2, 5}, {3, 4}], [{8, 6}, {1, 7}, {3, 5}, {2, 4}], [{8, 6}, {1, 7}, {4, 5}, {2, 3}], [{8, 6}, {2, 7}, {1, 5}, {3, 4}], [{8, 6}, {2, 7}, {1, 5}, {4}, {3}], [{8, 6}, {2, 7}, {3, 5}, {1, 4}], [{8, 6}, {2, 7}, {3, 5}, {4}, {1}], [{8, 6}, {2, 7}, {4, 5}, {1, 3}], [{8, 6}, {2, 7}, {4, 5}, {3}, {1}], [{8, 6}, {2, 7}, {5}, {1, 4}, {3}], [{8, 6}, {2, 7}, {5}, {3, 4}, {1}], [{8, 6}, {2, 7}, {5}, {4}, {1, 3}], [{8, 6}, {3, 7}, {1, 5}, {2, 4}], [{8, 6}, {3, 7}, {2, 5}, {1, 4}], [{8, 6}, {3, 7}, {2, 5}, {4}, {1}], [{8, 6}, {3, 7}, {4, 5}, {1, 2}], [{8, 6}, {3, 7}, {5}, {1, 4}, {2}], [{8, 6}, {4, 7}, {1, 5}, {2, 3}], [{8, 6}, {4, 7}, {2, 5}, {1, 3}], [{8, 6}, {4, 7}, {3, 5}, {1, 2}], [{8, 6}, {5, 7}, {1, 4}, {2, 3}], [{8, 6}, {5, 7}, {1, 4}, {3}, {2}], [{8, 6}, {5, 7}, {2, 4}, {1, 3}], [{8, 6}, {5, 7}, {2, 4}, {3}, {1}], [{8, 6}, {5, 7}, {3, 4}, {1, 2}], [{8, 6}, {5, 7}, {4}, {3}, {1, 2}], [{8, 6}, {7}, {1, 5}, {3, 4}, {2}], [{8, 6}, {7}, {2, 5}, {1, 4}, {3}], [{8, 6}, {7}, {3, 5}, {1, 4}, {2}], [{8, 6}, {7}, {4, 5}, {1, 3}, {2}], [{8, 6}, {7}, {5}, {1, 4}, {2, 3}], [{8, 6}, {7}, {5}, {1, 4}, {3}, {2}], [{8, 7}, {1, 6}, {2, 5}, {3, 4}], [{8, 7}, {1, 6}, {3, 5}, {2, 4}], [{8, 7}, {1, 6}, {4, 5}, {2, 3}], [{8, 7}, {1, 6}, {5}, {2, 4}, {3}], [{8, 7}, {2, 6}, {1, 5}, {3, 4}], [{8, 7}, {2, 6}, {3, 5}, {1, 4}], [{8, 7}, {2, 6}, {4, 5}, {1, 3}], [{8, 7}, {2, 6}, {5}, {1, 4}, {3}], [{8, 7}, {3, 6}, {1, 5}, {2, 4}], [{8, 7}, {3, 6}, {2, 5}, {1, 4}], [{8, 7}, {3, 6}, {2, 5}, {4}, {1}], [{8, 7}, {3, 6}, {4, 5}, {1, 2}], [{8, 7}, {3, 6}, {5}, {1, 4}, {2}], [{8, 7}, {4, 6}, {1, 5}, {2, 3}], [{8, 7}, {4, 6}, {2, 5}, {1, 3}], [{8, 7}, {4, 6}, {3, 5}, {1, 2}], [{8, 7}, {4, 6}, {3, 5}, {2}, {1}], [{8, 7}, {5, 6}, {1, 4}, {2, 3}], [{8, 7}, {5, 6}, {2, 4}, {1, 3}], [{8, 7}, {5, 6}, {3, 4}, {1, 2}], [{8, 7}, {6}, {1, 5}, {4}, {2, 3}], [{8, 7}, {6}, {4, 5}, {2, 3}, {1}], [{8, 7}, {6}, {5}, {1, 4}, {2, 3}], [{8}, {1, 7}, {2, 6}, {3, 5}, {4}], [{8}, {1, 7}, {3, 6}, {2, 5}, {4}], [{8}, {2, 7}, {3, 6}, {5}, {1, 4}], [{8}, {3, 7}, {1, 6}, {2, 5}, {4}], [{8}, {3, 7}, {1, 6}, {4, 5}, {2}], [{8}, {3, 7}, {1, 6}, {5}, {2, 4}], [{8}, {3, 7}, {1, 6}, {5}, {4}, {2}], [{8}, {3, 7}, {2, 6}, {5}, {1, 4}], [{8}, {3, 7}, {4, 6}, {1, 5}, {2}], [{8}, {3, 7}, {4, 6}, {2, 5}, {1}], [{8}, {3, 7}, {4, 6}, {5}, {1, 2}], [{8}, {3, 7}, {4, 6}, {5}, {2}, {1}], [{8}, {3, 7}, {5, 6}, {1, 4}, {2}], [{8}, {3, 7}, {6}, {2, 5}, {1, 4}], [{8}, {3, 7}, {6}, {5}, {1, 4}, {2}], [{8}, {4, 7}, {2, 6}, {5}, {1, 3}], [{8}, {6, 7}, {2, 5}, {3, 4}, {1}], [{8}, {6, 7}, {5}, {1, 4}, {2, 3}]]",2,8 K_1^3 + 4 K_1^2 K_2 - 24 K_1^2 - 14 K_1 K_2 - 4 K_1 K_3 + K_1 + 12 K_2 + 5 K_3 + K_4 + 12,O1O2O3O4U1U5U2O6O7U4O5U6U3O8U7U8,O1O2O3U4U5U1U3O6O7U6O5O8U2O4U7U8,O1O2O3U4U5O6U2O4O7U8O5O8U1U3U7U6,c,{'O1O2O3O4U5U6O5U2U7O8U1O6O7U3U8U4'},1,"<a href=""/flatknot/8.857827"">8.857827</a>",t^9-51t^7-172t^6+26t^5+772t^4+885t^3+42t^2-199t+24,-t^3+3t,,
8.857828,O1O2O3O4U5U6O5U2U7O8U1O6O7U4U8U3,4,14z^2+99z+143,14w^3z^2+99w^2z+143w,False,False,"[[ 0 -1 -1  2  1 -1 -1  1  0],[ 1  0  0  2  0  1  1  2  0],[ 1  0  0  1  0  1  2  2  0],[-2 -2 -1  0 -1 -3 -1  0 -1],[-1  0  0  1  0 -2 -1  0 -1],[ 1 -1 -1  3  2  0 -1  1  1],[ 1 -1 -2  1  1  1  0  1  1],[-1 -2 -2  0  0 -1 -1  0  0],[ 0  0  0  1  1 -1 -1  0  0]]","[[ 0  2  1  1  0 -1 -1 -1 -1],[-2  0  0 -1 -1 -1 -1 -2 -3],[-1  0  0  0  0 -1 -2 -2 -1],[-1  1  0  0 -1 -1  0  0 -2],[ 0  1  0  1  0 -1  0  0 -1],[ 1  1  1  1  1  0 -2 -1  1],[ 1  1  2  0  0  2  0  0  1],[ 1  2  2  0  0  1  0  0  1],[ 1  3  1  2  1 -1 -1 -1  0]]",True,"[-2,-1,-1,0,1,1,1,1,0,1,1,1,1,2,3,0,0,1,2,2,1,1,1,0,0,2,1,0,0,1,2,1,-1,0,-1,-1]","[-2,-1,-1,0,1,1,1,1,0,1,1,0,1,2,2,0,0,0,2,1,2,1,1,0,1,0,0,1,0,1,-1,-1,-1,1,0,-2]",t^8+43t^6+329t^4+143t^2+4,"[-1,-1,-1,-1,0,1,1,2,-2,-1,0,1,0,2,2,-1,1,0,1,1,2,1,0,1,0,0,1,0,2,1,1,0,1,0,1,0]","[-2,-1,-1,0,1,1,1,1,0,1,1,0,1,2,2,0,0,0,2,1,2,1,1,0,1,0,0,1,0,1,-1,-1,-1,1,0,-2]","[-1,-1,-1,-1,0,1,1,2,-2,-1,1,1,1,1,1,0,1,0,0,2,1,1,0,0,2,2,1,2,1,3,1,0,1,0,1,0]",c,"[[{8, 4}, {1, 7}, {5, 6}, {2, 3}], [{8}, {1, 7}, {5, 6}, {4}, {2, 3}]]",1,- 22 K_1^2 - 12 K_1 K_2 + 6 K_1 + 11 K_2 + 6 K_3 + 12,O1O2O3O4U2U5U1O6O7U4O5U6U3O8U7U8,O1O2O3U4U5U3U1O6O7U6O5O8U2O4U7U8,O1O2O3U4U5O6U2O4O7U8O5O8U3U1U7U6,c,{'O1O2O3O4U5U6O5U2U7O8U1O6O7U4U8U3'},1,"<a href=""/flatknot/8.857828"">8.857828</a>",t^9-41t^7-104t^6+98t^5+520t^4+463t^3+46t^2-108t-48,-t^2+2t,,
8.857829,O1O2O3O4U5U6O5U2U7O8U3O6O7U1U4U8,4,3z^3+38z^2+106z+85,3w^4z^3-4w^4z^2+42w^3z^2-4w^3z+110w^2z+85w,False,False,"[[ 0 -2 -1  1  2 -1 -1  1  1],[ 2  0  0  3  3  1  0  2  1],[ 1  0  0  1  1  1  1  1  1],[-1 -3 -1  0 -1 -1  0  0  0],[-2 -3 -1  1  0 -3 -2 -1 -1],[ 1 -1 -1  1  3  0 -1  1  2],[ 1  0 -1  0  2  1  0  1  2],[-1 -2 -1  0  1 -1 -1  0  1],[-1 -1 -1  0  1 -2 -2 -1  0]]","[[ 0  2  1  1  1 -1 -1 -1 -2],[-2  0  1 -1 -1 -1 -2 -3 -3],[-1 -1  0  0  0 -1  0 -1 -3],[-1  1  0  0  1 -1 -1 -1 -2],[-1  1  0 -1  0 -1 -2 -2 -1],[ 1  1  1  1  1  0  1  1  0],[ 1  2  0  1  2 -1  0  1  0],[ 1  3  1  1  2 -1 -1  0 -1],[ 2  3  3  2  1  0  0  1  0]]",True,"[-2,-1,-1,-1,1,1,1,2,-1,1,1,1,2,3,3,0,0,1,0,1,3,-1,1,1,1,2,1,2,2,1,-1,-1,0,-1,0,1]","[-2,-1,-1,-1,1,1,1,2,-1,1,1,1,2,3,3,0,0,1,0,1,3,-1,1,1,1,2,1,2,2,1,-1,-1,0,-1,0,1]",t^8+59t^6+407t^4+62t^2,"[-2,-1,-1,-1,1,1,1,2,0,1,1,0,1,2,1,1,1,1,1,0,0,-1,1,1,1,2,2,1,0,1,0,0,2,-1,0,0]","[-2,-1,-1,-1,1,1,1,2,0,0,2,0,1,2,1,-1,0,0,0,1,2,0,1,1,1,1,1,2,1,0,-1,-1,0,-1,1,1]","[-2,-1,-1,-1,1,1,1,2,0,0,1,1,2,3,3,-1,1,2,1,0,2,1,1,1,1,1,2,1,1,3,-1,0,1,0,1,-1]",c,"[[{8, 1}, {2, 7}, {3, 6}, {4, 5}], [{8, 1}, {2, 7}, {4, 6}, {3, 5}], [{8, 1}, {2, 7}, {5, 6}, {3, 4}], [{8, 1}, {2, 7}, {6}, {5}, {3, 4}], [{8, 1}, {3, 7}, {2, 6}, {4, 5}], [{8, 1}, {3, 7}, {4, 6}, {2, 5}], [{8, 1}, {3, 7}, {5, 6}, {2, 4}], [{8, 1}, {3, 7}, {6}, {2, 5}, {4}], [{8, 1}, {3, 7}, {6}, {4, 5}, {2}], [{8, 1}, {3, 7}, {6}, {5}, {2, 4}], [{8, 1}, {4, 7}, {2, 6}, {3, 5}], [{8, 1}, {4, 7}, {3, 6}, {2, 5}], [{8, 1}, {4, 7}, {5, 6}, {2, 3}], [{8, 1}, {5, 7}, {2, 6}, {3, 4}], [{8, 1}, {5, 7}, {3, 6}, {2, 4}], [{8, 1}, {5, 7}, {4, 6}, {2, 3}], [{8, 1}, {6, 7}, {2, 5}, {3, 4}], [{8, 1}, {6, 7}, {3, 5}, {2, 4}], [{8, 1}, {6, 7}, {4, 5}, {2, 3}], [{8, 1}, {6, 7}, {5}, {2, 4}, {3}], [{8, 1}, {7}, {3, 6}, {5}, {2, 4}], [{8, 1}, {7}, {4, 6}, {3, 5}, {2}], [{8, 2}, {1, 7}, {3, 6}, {4, 5}], [{8, 2}, {1, 7}, {3, 6}, {5}, {4}], [{8, 2}, {1, 7}, {4, 6}, {3, 5}], [{8, 2}, {1, 7}, {4, 6}, {5}, {3}], [{8, 2}, {1, 7}, {5, 6}, {3, 4}], [{8, 2}, {1, 7}, {5, 6}, {4}, {3}], [{8, 2}, {1, 7}, {6}, {3, 5}, {4}], [{8, 2}, {1, 7}, {6}, {4, 5}, {3}], [{8, 2}, {1, 7}, {6}, {5}, {3, 4}], [{8, 2}, {3, 7}, {1, 6}, {4, 5}], [{8, 2}, {3, 7}, {4, 6}, {1, 5}], [{8, 2}, {3, 7}, {5, 6}, {1, 4}], [{8, 2}, {3, 7}, {6}, {1, 5}, {4}], [{8, 2}, {4, 7}, {1, 6}, {3, 5}], [{8, 2}, {4, 7}, {3, 6}, {1, 5}], [{8, 2}, {4, 7}, {5, 6}, {1, 3}], [{8, 2}, {5, 7}, {1, 6}, {3, 4}], [{8, 2}, {5, 7}, {3, 6}, {1, 4}], [{8, 2}, {5, 7}, {4, 6}, {1, 3}], [{8, 2}, {5, 7}, {6}, {4}, {1, 3}], [{8, 2}, {6, 7}, {1, 5}, {3, 4}], [{8, 2}, {6, 7}, {3, 5}, {1, 4}], [{8, 2}, {6, 7}, {4, 5}, {1, 3}], [{8, 2}, {6, 7}, {4, 5}, {3}, {1}], [{8, 2}, {7}, {1, 6}, {4, 5}, {3}], [{8, 3}, {1, 7}, {2, 6}, {4, 5}], [{8, 3}, {1, 7}, {2, 6}, {5}, {4}], [{8, 3}, {1, 7}, {4, 6}, {2, 5}], [{8, 3}, {1, 7}, {5, 6}, {2, 4}], [{8, 3}, {1, 7}, {5, 6}, {4}, {2}], [{8, 3}, {1, 7}, {6}, {2, 5}, {4}], [{8, 3}, {2, 7}, {1, 6}, {4, 5}], [{8, 3}, {2, 7}, {4, 6}, {1, 5}], [{8, 3}, {2, 7}, {5, 6}, {1, 4}], [{8, 3}, {2, 7}, {6}, {5}, {1, 4}], [{8, 3}, {4, 7}, {1, 6}, {2, 5}], [{8, 3}, {4, 7}, {2, 6}, {1, 5}], [{8, 3}, {4, 7}, {5, 6}, {1, 2}], [{8, 3}, {5, 7}, {1, 6}, {2, 4}], [{8, 3}, {5, 7}, {2, 6}, {1, 4}], [{8, 3}, {5, 7}, {4, 6}, {1, 2}], [{8, 3}, {5, 7}, {4, 6}, {2}, {1}], [{8, 3}, {5, 7}, {6}, {4}, {1, 2}], [{8, 3}, {6, 7}, {1, 5}, {2, 4}], [{8, 3}, {6, 7}, {2, 5}, {1, 4}], [{8, 3}, {6, 7}, {2, 5}, {4}, {1}], [{8, 3}, {6, 7}, {4, 5}, {1, 2}], [{8, 3}, {7}, {1, 6}, {2, 5}, {4}], [{8, 3}, {7}, {5, 6}, {2, 4}, {1}], [{8, 4}, {1, 7}, {2, 6}, {3, 5}], [{8, 4}, {1, 7}, {3, 6}, {2, 5}], [{8, 4}, {1, 7}, {5, 6}, {2, 3}], [{8, 4}, {1, 7}, {5, 6}, {3}, {2}], [{8, 4}, {2, 7}, {1, 6}, {3, 5}], [{8, 4}, {2, 7}, {3, 6}, {1, 5}], [{8, 4}, {2, 7}, {5, 6}, {1, 3}], [{8, 4}, {3, 7}, {1, 6}, {2, 5}], [{8, 4}, {3, 7}, {2, 6}, {1, 5}], [{8, 4}, {3, 7}, {5, 6}, {1, 2}], [{8, 4}, {5, 7}, {1, 6}, {2, 3}], [{8, 4}, {5, 7}, {2, 6}, {1, 3}], [{8, 4}, {5, 7}, {3, 6}, {1, 2}], [{8, 4}, {5, 7}, {6}, {1, 3}, {2}], [{8, 4}, {6, 7}, {1, 5}, {2, 3}], [{8, 4}, {6, 7}, {2, 5}, {1, 3}], [{8, 4}, {6, 7}, {3, 5}, {1, 2}], [{8, 5}, {1, 7}, {2, 6}, {3, 4}], [{8, 5}, {1, 7}, {3, 6}, {2, 4}], [{8, 5}, {1, 7}, {4, 6}, {2, 3}], [{8, 5}, {2, 7}, {1, 6}, {3, 4}], [{8, 5}, {2, 7}, {3, 6}, {1, 4}], [{8, 5}, {2, 7}, {4, 6}, {1, 3}], [{8, 5}, {3, 7}, {1, 6}, {2, 4}], [{8, 5}, {3, 7}, {2, 6}, {1, 4}], [{8, 5}, {3, 7}, {4, 6}, {1, 2}], [{8, 5}, {3, 7}, {6}, {1, 4}, {2}], [{8, 5}, {4, 7}, {1, 6}, {2, 3}], [{8, 5}, {4, 7}, {2, 6}, {1, 3}], [{8, 5}, {4, 7}, {3, 6}, {1, 2}], [{8, 5}, {6, 7}, {1, 4}, {2, 3}], [{8, 5}, {6, 7}, {2, 4}, {1, 3}], [{8, 5}, {6, 7}, {3, 4}, {1, 2}], [{8, 6}, {1, 7}, {2, 5}, {3, 4}], [{8, 6}, {1, 7}, {3, 5}, {2, 4}], [{8, 6}, {1, 7}, {4, 5}, {2, 3}], [{8, 6}, {2, 7}, {1, 5}, {3, 4}], [{8, 6}, {2, 7}, {3, 5}, {1, 4}], [{8, 6}, {2, 7}, {4, 5}, {1, 3}], [{8, 6}, {3, 7}, {1, 5}, {2, 4}], [{8, 6}, {3, 7}, {2, 5}, {1, 4}], [{8, 6}, {3, 7}, {2, 5}, {4}, {1}], [{8, 6}, {3, 7}, {4, 5}, {1, 2}], [{8, 6}, {3, 7}, {4, 5}, {2}, {1}], [{8, 6}, {3, 7}, {5}, {2, 4}, {1}], [{8, 6}, {4, 7}, {1, 5}, {2, 3}], [{8, 6}, {4, 7}, {2, 5}, {1, 3}], [{8, 6}, {4, 7}, {3, 5}, {1, 2}], [{8, 6}, {4, 7}, {5}, {1, 3}, {2}], [{8, 6}, {5, 7}, {1, 4}, {2, 3}], [{8, 6}, {5, 7}, {2, 4}, {1, 3}], [{8, 6}, {5, 7}, {3, 4}, {1, 2}], [{8, 7}, {1, 6}, {2, 5}, {3, 4}], [{8, 7}, {1, 6}, {2, 5}, {4}, {3}], [{8, 7}, {1, 6}, {3, 5}, {2, 4}], [{8, 7}, {1, 6}, {4, 5}, {2, 3}], [{8, 7}, {2, 6}, {1, 5}, {3, 4}], [{8, 7}, {2, 6}, {3, 5}, {1, 4}], [{8, 7}, {2, 6}, {4, 5}, {1, 3}], [{8, 7}, {3, 6}, {1, 5}, {2, 4}], [{8, 7}, {3, 6}, {2, 5}, {1, 4}], [{8, 7}, {3, 6}, {2, 5}, {4}, {1}], [{8, 7}, {3, 6}, {4, 5}, {1, 2}], [{8, 7}, {4, 6}, {1, 5}, {2, 3}], [{8, 7}, {4, 6}, {1, 5}, {3}, {2}], [{8, 7}, {4, 6}, {2, 5}, {1, 3}], [{8, 7}, {4, 6}, {3, 5}, {1, 2}], [{8, 7}, {4, 6}, {3, 5}, {2}, {1}], [{8, 7}, {4, 6}, {5}, {1, 3}, {2}], [{8, 7}, {5, 6}, {1, 4}, {2, 3}], [{8, 7}, {5, 6}, {2, 4}, {1, 3}], [{8, 7}, {5, 6}, {3, 4}, {1, 2}], [{8, 7}, {6}, {2, 5}, {4}, {1, 3}], [{8, 7}, {6}, {3, 5}, {4}, {1, 2}], [{8}, {1, 7}, {3, 6}, {4, 5}, {2}], [{8}, {1, 7}, {4, 6}, {3, 5}, {2}], [{8}, {1, 7}, {5, 6}, {2, 4}, {3}], [{8}, {1, 7}, {5, 6}, {3, 4}, {2}], [{8}, {1, 7}, {5, 6}, {4}, {2, 3}], [{8}, {1, 7}, {5, 6}, {4}, {3}, {2}], [{8}, {2, 7}, {6}, {4, 5}, {1, 3}], [{8}, {3, 7}, {1, 6}, {2, 5}, {4}], [{8}, {3, 7}, {1, 6}, {4, 5}, {2}], [{8}, {3, 7}, {1, 6}, {5}, {2, 4}], [{8}, {3, 7}, {4, 6}, {5}, {1, 2}], [{8}, {5, 7}, {6}, {2, 4}, {1, 3}], [{8}, {6, 7}, {4, 5}, {1, 3}, {2}], [{8}, {7}, {2, 6}, {4, 5}, {1, 3}], [{8}, {7}, {4, 6}, {1, 5}, {2, 3}], [{8}, {7}, {4, 6}, {2, 5}, {1, 3}]]",2,12 K_1^3 - 4 K_1^2 - 8 K_1 K_2 - 5 K_1 + 2 K_2 + K_3 + 3,O1O2O3O4U5U1U4O6O7U2O5U6U3O8U7U8,O1O2O3U1U4U5U2O6O7U6O4O8U3O5U7U8,O1O2O3U4U5O6U1O4O7U8O5O8U2U6U7U3,c,{'O1O2O3O4U5U6O5U2U7O8U3O6O7U1U4U8'},1,"<a href=""/flatknot/8.857829"">8.857829</a>",t^9-59t^7-170t^6+133t^5+840t^4+797t^3+174t^2-13t-4,0,,
8.857830,O1O2O3O4U5U6O5U2U7O8U3O6O7U1U8U4,4,2z^3+26z^2+97z+107,2w^4z^3+26w^3z^2+97w^2z+107w,False,False,"[[ 0 -2 -1  1  3 -1 -1  1  0],[ 2  0  0  3  4  1  0  2  0],[ 1  0  0  1  1  1  1  1  0],[-1 -3 -1  0  0 -1  0  0 -1],[-3 -4 -1  0  0 -4 -2 -1 -2],[ 1 -1 -1  1  4  0 -1  1  1],[ 1  0 -1  0  2  1  0  1  1],[-1 -2 -1  0  1 -1 -1  0  0],[ 0  0  0  1  2 -1 -1  0  0]]","[[ 0  3  1  1  0 -1 -1 -1 -2],[-3  0  0 -1 -2 -1 -2 -4 -4],[-1  0  0  0 -1 -1  0 -1 -3],[-1  1  0  0  0 -1 -1 -1 -2],[ 0  2  1  0  0  0 -1 -1  0],[ 1  1  1  1  0  0  1  1  0],[ 1  2  0  1  1 -1  0  1  0],[ 1  4  1  1  1 -1 -1  0 -1],[ 2  4  3  2  0  0  0  1  0]]",True,"[-3,-1,-1,0,1,1,1,2,0,1,2,1,2,4,4,0,1,1,0,1,3,0,1,1,1,2,0,1,1,0,-1,-1,0,-1,0,1]","[-3,-1,-1,0,1,1,1,2,0,1,2,1,2,4,4,0,1,1,0,1,3,0,1,1,1,2,0,1,1,0,-1,-1,0,-1,0,1]",t^8+67t^6+389t^4+65t^2+1,"[-2,-1,-1,-1,0,1,1,3,0,1,1,2,0,1,1,1,1,0,1,1,0,-1,1,1,1,3,0,2,1,2,0,1,1,0,2,1]","[-3,-1,-1,0,1,1,1,2,1,2,1,0,2,3,1,0,1,1,1,1,1,0,1,2,1,0,0,0,1,2,-1,-1,0,-1,1,1]","[-2,-1,-1,-1,0,1,1,3,0,0,1,0,2,3,4,-1,1,1,1,0,2,1,0,1,1,1,1,1,1,4,0,1,2,0,1,0]",c,"[[{8, 1}, {2, 7}, {3, 6}, {4, 5}], [{8, 1}, {2, 7}, {4, 6}, {3, 5}], [{8, 1}, {2, 7}, {5, 6}, {3, 4}], [{8, 1}, {3, 7}, {2, 6}, {4, 5}], [{8, 1}, {3, 7}, {4, 6}, {2, 5}], [{8, 1}, {3, 7}, {4, 6}, {5}, {2}], [{8, 1}, {3, 7}, {5, 6}, {2, 4}], [{8, 1}, {3, 7}, {6}, {2, 5}, {4}], [{8, 1}, {4, 7}, {2, 6}, {3, 5}], [{8, 1}, {4, 7}, {3, 6}, {2, 5}], [{8, 1}, {4, 7}, {5, 6}, {2, 3}], [{8, 1}, {5, 7}, {2, 6}, {3, 4}], [{8, 1}, {5, 7}, {3, 6}, {2, 4}], [{8, 1}, {5, 7}, {4, 6}, {2, 3}], [{8, 1}, {6, 7}, {2, 5}, {3, 4}], [{8, 1}, {6, 7}, {3, 5}, {2, 4}], [{8, 1}, {6, 7}, {4, 5}, {2, 3}], [{8, 2}, {1, 7}, {3, 6}, {4, 5}], [{8, 2}, {1, 7}, {4, 6}, {3, 5}], [{8, 2}, {1, 7}, {4, 6}, {5}, {3}], [{8, 2}, {1, 7}, {5, 6}, {3, 4}], [{8, 2}, {1, 7}, {5, 6}, {4}, {3}], [{8, 2}, {1, 7}, {6}, {4, 5}, {3}], [{8, 2}, {3, 7}, {1, 6}, {4, 5}], [{8, 2}, {3, 7}, {4, 6}, {1, 5}], [{8, 2}, {3, 7}, {5, 6}, {1, 4}], [{8, 2}, {3, 7}, {6}, {5}, {1, 4}], [{8, 2}, {4, 7}, {1, 6}, {3, 5}], [{8, 2}, {4, 7}, {3, 6}, {1, 5}], [{8, 2}, {4, 7}, {3, 6}, {5}, {1}], [{8, 2}, {4, 7}, {5, 6}, {1, 3}], [{8, 2}, {5, 7}, {1, 6}, {3, 4}], [{8, 2}, {5, 7}, {1, 6}, {4}, {3}], [{8, 2}, {5, 7}, {3, 6}, {1, 4}], [{8, 2}, {5, 7}, {3, 6}, {4}, {1}], [{8, 2}, {5, 7}, {4, 6}, {1, 3}], [{8, 2}, {5, 7}, {4, 6}, {3}, {1}], [{8, 2}, {5, 7}, {6}, {1, 4}, {3}], [{8, 2}, {5, 7}, {6}, {3, 4}, {1}], [{8, 2}, {5, 7}, {6}, {4}, {1, 3}], [{8, 2}, {6, 7}, {1, 5}, {3, 4}], [{8, 2}, {6, 7}, {3, 5}, {1, 4}], [{8, 2}, {6, 7}, {3, 5}, {4}, {1}], [{8, 2}, {6, 7}, {4, 5}, {1, 3}], [{8, 2}, {7}, {3, 6}, {4, 5}, {1}], [{8, 2}, {7}, {4, 6}, {1, 5}, {3}], [{8, 2}, {7}, {6}, {3, 5}, {1, 4}], [{8, 3}, {1, 7}, {2, 6}, {4, 5}], [{8, 3}, {1, 7}, {4, 6}, {2, 5}], [{8, 3}, {1, 7}, {5, 6}, {2, 4}], [{8, 3}, {1, 7}, {6}, {2, 5}, {4}], [{8, 3}, {1, 7}, {6}, {4, 5}, {2}], [{8, 3}, {1, 7}, {6}, {5}, {2, 4}], [{8, 3}, {2, 7}, {1, 6}, {4, 5}], [{8, 3}, {2, 7}, {1, 6}, {5}, {4}], [{8, 3}, {2, 7}, {4, 6}, {1, 5}], [{8, 3}, {2, 7}, {4, 6}, {5}, {1}], [{8, 3}, {2, 7}, {5, 6}, {1, 4}], [{8, 3}, {2, 7}, {6}, {5}, {1, 4}], [{8, 3}, {4, 7}, {1, 6}, {2, 5}], [{8, 3}, {4, 7}, {1, 6}, {5}, {2}], [{8, 3}, {4, 7}, {2, 6}, {1, 5}], [{8, 3}, {4, 7}, {5, 6}, {1, 2}], [{8, 3}, {4, 7}, {6}, {2, 5}, {1}], [{8, 3}, {5, 7}, {1, 6}, {2, 4}], [{8, 3}, {5, 7}, {1, 6}, {4}, {2}], [{8, 3}, {5, 7}, {2, 6}, {1, 4}], [{8, 3}, {5, 7}, {4, 6}, {1, 2}], [{8, 3}, {5, 7}, {4, 6}, {2}, {1}], [{8, 3}, {5, 7}, {6}, {1, 4}, {2}], [{8, 3}, {6, 7}, {1, 5}, {2, 4}], [{8, 3}, {6, 7}, {2, 5}, {1, 4}], [{8, 3}, {6, 7}, {2, 5}, {4}, {1}], [{8, 3}, {6, 7}, {4, 5}, {1, 2}], [{8, 3}, {6, 7}, {4, 5}, {2}, {1}], [{8, 3}, {6, 7}, {5}, {2, 4}, {1}], [{8, 3}, {7}, {1, 6}, {2, 5}, {4}], [{8, 3}, {7}, {1, 6}, {4, 5}, {2}], [{8, 3}, {7}, {1, 6}, {5}, {2, 4}], [{8, 3}, {7}, {1, 6}, {5}, {4}, {2}], [{8, 3}, {7}, {2, 6}, {1, 5}, {4}], [{8, 3}, {7}, {4, 6}, {2, 5}, {1}], [{8, 3}, {7}, {5, 6}, {4}, {1, 2}], [{8, 3}, {7}, {6}, {2, 5}, {1, 4}], [{8, 3}, {7}, {6}, {2, 5}, {4}, {1}], [{8, 4}, {1, 7}, {2, 6}, {3, 5}], [{8, 4}, {1, 7}, {2, 6}, {5}, {3}], [{8, 4}, {1, 7}, {3, 6}, {2, 5}], [{8, 4}, {1, 7}, {5, 6}, {2, 3}], [{8, 4}, {1, 7}, {5, 6}, {3}, {2}], [{8, 4}, {1, 7}, {6}, {2, 5}, {3}], [{8, 4}, {2, 7}, {1, 6}, {3, 5}], [{8, 4}, {2, 7}, {3, 6}, {1, 5}], [{8, 4}, {2, 7}, {5, 6}, {1, 3}], [{8, 4}, {3, 7}, {1, 6}, {2, 5}], [{8, 4}, {3, 7}, {1, 6}, {5}, {2}], [{8, 4}, {3, 7}, {2, 6}, {1, 5}], [{8, 4}, {3, 7}, {5, 6}, {1, 2}], [{8, 4}, {5, 7}, {1, 6}, {2, 3}], [{8, 4}, {5, 7}, {2, 6}, {1, 3}], [{8, 4}, {5, 7}, {3, 6}, {1, 2}], [{8, 4}, {5, 7}, {6}, {1, 3}, {2}], [{8, 4}, {6, 7}, {1, 5}, {2, 3}], [{8, 4}, {6, 7}, {2, 5}, {1, 3}], [{8, 4}, {6, 7}, {3, 5}, {1, 2}], [{8, 4}, {7}, {2, 6}, {3, 5}, {1}], [{8, 5}, {1, 7}, {2, 6}, {3, 4}], [{8, 5}, {1, 7}, {2, 6}, {4}, {3}], [{8, 5}, {1, 7}, {3, 6}, {2, 4}], [{8, 5}, {1, 7}, {4, 6}, {2, 3}], [{8, 5}, {1, 7}, {4, 6}, {3}, {2}], [{8, 5}, {1, 7}, {6}, {2, 4}, {3}], [{8, 5}, {2, 7}, {1, 6}, {3, 4}], [{8, 5}, {2, 7}, {3, 6}, {1, 4}], [{8, 5}, {2, 7}, {4, 6}, {1, 3}], [{8, 5}, {3, 7}, {1, 6}, {2, 4}], [{8, 5}, {3, 7}, {2, 6}, {1, 4}], [{8, 5}, {3, 7}, {4, 6}, {1, 2}], [{8, 5}, {3, 7}, {4, 6}, {2}, {1}], [{8, 5}, {4, 7}, {1, 6}, {2, 3}], [{8, 5}, {4, 7}, {2, 6}, {1, 3}], [{8, 5}, {4, 7}, {3, 6}, {1, 2}], [{8, 5}, {6, 7}, {1, 4}, {2, 3}], [{8, 5}, {6, 7}, {2, 4}, {1, 3}], [{8, 5}, {6, 7}, {3, 4}, {1, 2}], [{8, 5}, {6, 7}, {3, 4}, {2}, {1}], [{8, 5}, {7}, {4, 6}, {1, 3}, {2}], [{8, 5}, {7}, {6}, {1, 4}, {2, 3}], [{8, 6}, {1, 7}, {2, 5}, {3, 4}], [{8, 6}, {1, 7}, {2, 5}, {4}, {3}], [{8, 6}, {1, 7}, {3, 5}, {2, 4}], [{8, 6}, {1, 7}, {4, 5}, {2, 3}], [{8, 6}, {1, 7}, {4, 5}, {3}, {2}], [{8, 6}, {1, 7}, {5}, {2, 4}, {3}], [{8, 6}, {2, 7}, {1, 5}, {3, 4}], [{8, 6}, {2, 7}, {3, 5}, {1, 4}], [{8, 6}, {2, 7}, {4, 5}, {1, 3}], [{8, 6}, {3, 7}, {1, 5}, {2, 4}], [{8, 6}, {3, 7}, {2, 5}, {1, 4}], [{8, 6}, {3, 7}, {4, 5}, {1, 2}], [{8, 6}, {3, 7}, {4, 5}, {2}, {1}], [{8, 6}, {4, 7}, {1, 5}, {2, 3}], [{8, 6}, {4, 7}, {2, 5}, {1, 3}], [{8, 6}, {4, 7}, {3, 5}, {1, 2}], [{8, 6}, {5, 7}, {1, 4}, {2, 3}], [{8, 6}, {5, 7}, {2, 4}, {1, 3}], [{8, 6}, {5, 7}, {3, 4}, {1, 2}], [{8, 6}, {5, 7}, {3, 4}, {2}, {1}], [{8, 6}, {7}, {4, 5}, {1, 3}, {2}], [{8, 7}, {1, 6}, {2, 5}, {3, 4}], [{8, 7}, {1, 6}, {3, 5}, {2, 4}], [{8, 7}, {1, 6}, {4, 5}, {2, 3}], [{8, 7}, {1, 6}, {5}, {3, 4}, {2}], [{8, 7}, {2, 6}, {1, 5}, {3, 4}], [{8, 7}, {2, 6}, {1, 5}, {4}, {3}], [{8, 7}, {2, 6}, {3, 5}, {1, 4}], [{8, 7}, {2, 6}, {4, 5}, {1, 3}], [{8, 7}, {3, 6}, {1, 5}, {2, 4}], [{8, 7}, {3, 6}, {2, 5}, {1, 4}], [{8, 7}, {3, 6}, {4, 5}, {1, 2}], [{8, 7}, {4, 6}, {1, 5}, {2, 3}], [{8, 7}, {4, 6}, {2, 5}, {1, 3}], [{8, 7}, {4, 6}, {3, 5}, {1, 2}], [{8, 7}, {4, 6}, {3, 5}, {2}, {1}], [{8, 7}, {5, 6}, {1, 4}, {2, 3}], [{8, 7}, {5, 6}, {2, 4}, {1, 3}], [{8, 7}, {5, 6}, {3, 4}, {1, 2}], [{8, 7}, {6}, {2, 5}, {4}, {1, 3}], [{8, 7}, {6}, {5}, {1, 4}, {2, 3}], [{8}, {1, 7}, {2, 6}, {4, 5}, {3}], [{8}, {1, 7}, {3, 6}, {2, 5}, {4}], [{8}, {1, 7}, {3, 6}, {4, 5}, {2}], [{8}, {1, 7}, {3, 6}, {5}, {2, 4}], [{8}, {1, 7}, {4, 6}, {2, 5}, {3}], [{8}, {1, 7}, {5, 6}, {2, 4}, {3}], [{8}, {1, 7}, {6}, {2, 5}, {3, 4}], [{8}, {1, 7}, {6}, {2, 5}, {4}, {3}], [{8}, {1, 7}, {6}, {3, 5}, {2, 4}], [{8}, {1, 7}, {6}, {4, 5}, {2, 3}], [{8}, {1, 7}, {6}, {4, 5}, {3}, {2}], [{8}, {1, 7}, {6}, {5}, {2, 4}, {3}], [{8}, {3, 7}, {2, 6}, {1, 5}, {4}], [{8}, {3, 7}, {4, 6}, {1, 5}, {2}], [{8}, {3, 7}, {6}, {1, 5}, {2, 4}], [{8}, {4, 7}, {5, 6}, {2, 3}, {1}], [{8}, {5, 7}, {1, 6}, {4}, {2, 3}], [{8}, {5, 7}, {2, 6}, {3, 4}, {1}], [{8}, {5, 7}, {4, 6}, {2, 3}, {1}], [{8}, {5, 7}, {6}, {1, 4}, {2, 3}], [{8}, {5, 7}, {6}, {2, 4}, {1, 3}]]",2,12 K_1^3 + 4 K_1^2 K_2 - 20 K_1^2 - 18 K_1 K_2 - 2 K_1 K_3 - 2 K_2^2 + 9 K_2 + 6 K_3 + K_4 + 11,O1O2O3O4U1U5U4O6O7U2O5U6U3O8U7U8,O1O2O3U1U4U5U3O6O7U6O4O8U2O5U7U8,O1O2O3U4U5O6U2O4O7U8O5O8U1U6U7U3,c,{'O1O2O3O4U5U6O5U2U7O8U3O6O7U1U8U4'},1,"<a href=""/flatknot/8.857830"">8.857830</a>",t^9-63t^7-142t^6+232t^5+582t^4-136t^3-352t^2-42t-40,-t^3+t^2+t,,
8.857831,O1O2O3O4U5U6O5U2U7O8U3O6O7U4U1U8,4,12z^2+97z+147,12w^3z^2+97w^2z+147w,False,False,"[[ 0 -1 -1  1  1 -1 -1  1  1],[ 1  0 -1  2  2  0 -1  1  1],[ 1  1  0  1  1  1  1  1  1],[-1 -2 -1  0 -1 -1  0  0  0],[-1 -2 -1  1  0 -2 -1  0 -1],[ 1  0 -1  1  2  0 -1  1  2],[ 1  1 -1  0  1  1  0  1  2],[-1 -1 -1  0  0 -1 -1  0  1],[-1 -1 -1  0  1 -2 -2 -1  0]]","[[ 0  1  1  1  1 -1 -1 -1 -1],[-1  0  1  0  0 -1 -1 -1 -1],[-1 -1  0  1  0 -1 -1 -2 -2],[-1  0 -1  0  1 -1 -2 -1 -2],[-1  0  0 -1  0 -1 -2  0 -1],[ 1  1  1  1  1  0  1  1  1],[ 1  1  1  2  2 -1  0 -1  0],[ 1  1  2  1  0 -1  1  0  1],[ 1  1  2  2  1 -1  0 -1  0]]",True,"[-1,-1,-1,-1,1,1,1,1,-1,0,0,1,1,1,1,-1,0,1,1,2,2,-1,1,2,1,2,1,2,0,1,-1,-1,-1,1,0,-1]","[-1,-1,-1,-1,1,1,1,1,-1,-1,-1,1,1,1,1,-1,-1,0,1,1,2,0,0,0,1,1,1,0,1,0,-1,1,0,0,-1,0]",t^8+38t^6+173t^4+60t^2+4,"[-1,-1,-1,-1,1,1,1,1,-1,-1,-1,1,1,1,1,-1,-1,0,1,1,2,0,0,0,1,1,1,0,1,0,-1,1,0,0,-1,0]","[-1,-1,-1,-1,1,1,1,1,-1,0,0,0,1,1,2,-1,0,0,0,1,1,-1,1,0,1,0,1,1,1,1,0,-1,-1,-1,-1,1]","[-1,-1,-1,-1,1,1,1,1,-1,-1,0,1,1,2,2,-1,1,0,1,1,2,1,1,1,1,1,2,1,2,1,0,-1,0,0,1,-1]",c,"[[{8, 1}, {2, 7}, {4, 6}, {3, 5}], [{8, 2}, {1, 7}, {3, 6}, {4, 5}], [{8, 2}, {5, 7}, {4, 6}, {1, 3}], [{8, 5}, {2, 7}, {4, 6}, {1, 3}], [{8, 5}, {6, 7}, {1, 4}, {2, 3}], [{8, 6}, {1, 7}, {3, 5}, {2, 4}]]",1,4 K_1^3 - 28 K_1^2 - 16 K_1 K_2 + 5 K_1 + 14 K_2 + 7 K_3 + 15,O1O2O3O4U5U4U1O6O7U2O5U6U3O8U7U8,O1O2O3U2U4U5U1O6O7U6O4O8U3O5U7U8,O1O2O3U4U5O6U1O4O7U8O5O8U3U6U7U2,c,{'O1O2O3O4U5U6O5U2U7O8U3O6O7U4U1U8'},1,"<a href=""/flatknot/8.857831"">8.857831</a>",t^9-38t^7-108t^6-15t^5+242t^4+268t^3+80t^2-8t-6,0,,
8.857832,O1O2O3O4U5U6O5U2U7O8U4O6O7U1U3U8,4,2z^3+32z^2+107z+103,2w^4z^3-4w^4z^2+36w^3z^2+107w^2z+103w,False,False,"[[ 0 -2 -1  1  2 -1 -1  1  1],[ 2  0  0  2  3  1  0  2  1],[ 1  0  0  1  1  1  1  1  1],[-1 -2 -1  0  2 -2 -2 -1  0],[-2 -3 -1 -2  0 -2 -1 -1 -1],[ 1 -1 -1  2  2  0 -1  1  2],[ 1  0 -1  2  1  1  0  1  2],[-1 -2 -1  1  1 -1 -1  0  1],[-1 -1 -1  0  1 -2 -2 -1  0]]","[[ 0  2  1  1  1 -1 -1 -1 -2],[-2  0 -1 -1 -2 -1 -1 -2 -3],[-1  1  0  1  1 -1 -1 -1 -2],[-1  1 -1  0  0 -1 -2 -2 -1],[-1  2 -1  0  0 -1 -2 -2 -2],[ 1  1  1  1  1  0  1  1  0],[ 1  1  1  2  2 -1  0  1  0],[ 1  2  1  2  2 -1 -1  0 -1],[ 2  3  2  1  2  0  0  1  0]]",True,"[-2,-1,-1,-1,1,1,1,2,1,1,2,1,1,2,3,-1,-1,1,1,1,2,0,1,2,2,1,1,2,2,2,-1,-1,0,-1,0,1]","[-2,-1,-1,-1,1,1,1,2,-1,0,0,1,2,2,1,-1,0,0,0,1,1,1,1,1,1,1,0,0,1,2,-1,-1,0,-1,1,1]",t^8+57t^6+240t^4+82t^2+4,"[-2,-1,-1,-1,1,1,1,2,0,1,1,1,1,2,1,1,1,0,1,0,1,-1,1,1,1,2,0,1,0,2,1,0,-1,-1,0,0]","[-2,-1,-1,-1,1,1,1,2,-1,0,0,1,2,2,1,-1,0,0,0,1,1,1,1,1,1,1,0,0,1,2,-1,-1,0,-1,1,1]","[-2,-1,-1,-1,1,1,1,2,0,0,1,1,2,2,3,-1,1,2,1,2,1,1,1,1,1,1,2,1,2,2,-1,0,1,1,1,2]",c,"[[{8, 2}, {1, 7}, {3, 6}, {4, 5}], [{8, 2}, {4, 7}, {3, 6}, {1, 5}], [{8, 2}, {5, 7}, {3, 6}, {1, 4}], [{8, 5}, {2, 7}, {3, 6}, {1, 4}], [{8, 6}, {1, 7}, {4, 5}, {2, 3}], [{8, 6}, {2, 7}, {3, 5}, {1, 4}], [{8, 6}, {4, 7}, {1, 5}, {2, 3}], [{8, 6}, {5, 7}, {1, 4}, {2, 3}]]",1,- 2 K_1^2 - 8 K_1 K_2 - 2 K_1 K_3 + 4 K_1 - 2 K_2^2 + 2 K_2 + 4 K_3 + 2 K_4 + 3,O1O2O3O4U5U2U4O6O7U1O5U6U3O8U7U8,O1O2O3U1U4U2U5O6O7U6O4O8U3O5U7U8,O1O2O3U4U5O6U1O4O7U8O5O8U6U2U7U3,c,{'O1O2O3O4U5U6O5U2U7O8U4O6O7U1U3U8'},1,"<a href=""/flatknot/8.857832"">8.857832</a>",t^9-57t^7-198t^6-82t^5+350t^4+334t^3+16t^2-38t-2,0,,
8.857833,O1O2O3O4U5U6O5U2U7O8U4O6O7U1U8U3,4,z^3+16z^2+66z+77,w^4z^3+16w^3z^2+66w^2z+77w,False,False,"[[ 0 -2 -1  2  2 -1 -1  1  0],[ 2  0  0  3  3  1  0  2  0],[ 1  0  0  1  1  1  1  1  0],[-2 -3 -1  0  1 -3 -2 -1 -1],[-2 -3 -1 -1  0 -2 -1 -1 -1],[ 1 -1 -1  3  2  0 -1  1  1],[ 1  0 -1  2  1  1  0  1  1],[-1 -2 -1  1  1 -1 -1  0  0],[ 0  0  0  1  1 -1 -1  0  0]]","[[ 0  2  2  1  0 -1 -1 -1 -2],[-2  0  1 -1 -1 -1 -2 -3 -3],[-2 -1  0 -1 -1 -1 -1 -2 -3],[-1  1  1  0  0 -1 -1 -1 -2],[ 0  1  1  0  0  0 -1 -1  0],[ 1  1  1  1  0  0  1  1  0],[ 1  2  1  1  1 -1  0  1  0],[ 1  3  2  1  1 -1 -1  0 -1],[ 2  3  3  2  0  0  0  1  0]]",True,"[-2,-2,-1,0,1,1,1,2,-1,1,1,1,2,3,3,1,1,1,1,2,3,0,1,1,1,2,0,1,1,0,-1,-1,0,-1,0,1]","[-2,-2,-1,0,1,1,1,2,-1,0,1,1,2,2,1,0,1,0,1,2,1,1,1,1,1,1,0,0,1,2,-1,-1,0,-1,1,1]",t^8+56t^6+182t^4+17t^2,"[-2,-1,-1,-1,0,1,2,2,0,1,1,2,1,1,1,1,1,0,1,0,1,-1,1,1,2,2,0,1,1,2,1,1,1,0,0,-1]","[-2,-2,-1,0,1,1,1,2,-1,0,1,1,2,2,1,0,1,0,1,2,1,1,1,1,1,1,0,0,1,2,-1,-1,0,-1,1,1]","[-2,-1,-1,-1,0,1,2,2,0,0,1,0,2,3,3,-1,1,1,1,1,2,1,0,1,1,1,1,1,2,3,0,1,1,1,1,-1]",c,"[[{8, 1}, {2, 7}, {3, 6}, {4, 5}], [{8, 1}, {2, 7}, {4, 6}, {3, 5}], [{8, 1}, {2, 7}, {5, 6}, {3, 4}], [{8, 1}, {2, 7}, {6}, {5}, {3, 4}], [{8, 1}, {3, 7}, {2, 6}, {4, 5}], [{8, 1}, {3, 7}, {4, 6}, {2, 5}], [{8, 1}, {3, 7}, {5, 6}, {2, 4}], [{8, 1}, {4, 7}, {2, 6}, {3, 5}], [{8, 1}, {4, 7}, {3, 6}, {2, 5}], [{8, 1}, {4, 7}, {3, 6}, {5}, {2}], [{8, 1}, {4, 7}, {5, 6}, {2, 3}], [{8, 1}, {5, 7}, {2, 6}, {3, 4}], [{8, 1}, {5, 7}, {2, 6}, {4}, {3}], [{8, 1}, {5, 7}, {3, 6}, {2, 4}], [{8, 1}, {5, 7}, {4, 6}, {2, 3}], [{8, 1}, {6, 7}, {2, 5}, {3, 4}], [{8, 1}, {6, 7}, {3, 5}, {2, 4}], [{8, 1}, {6, 7}, {4, 5}, {2, 3}], [{8, 1}, {6, 7}, {5}, {4}, {2, 3}], [{8, 1}, {7}, {4, 6}, {2, 5}, {3}], [{8, 2}, {1, 7}, {3, 6}, {4, 5}], [{8, 2}, {1, 7}, {3, 6}, {5}, {4}], [{8, 2}, {1, 7}, {4, 6}, {3, 5}], [{8, 2}, {1, 7}, {5, 6}, {3, 4}], [{8, 2}, {1, 7}, {6}, {4, 5}, {3}], [{8, 2}, {3, 7}, {1, 6}, {4, 5}], [{8, 2}, {3, 7}, {4, 6}, {1, 5}], [{8, 2}, {3, 7}, {4, 6}, {5}, {1}], [{8, 2}, {3, 7}, {5, 6}, {1, 4}], [{8, 2}, {3, 7}, {5, 6}, {4}, {1}], [{8, 2}, {3, 7}, {6}, {4, 5}, {1}], [{8, 2}, {4, 7}, {1, 6}, {3, 5}], [{8, 2}, {4, 7}, {3, 6}, {1, 5}], [{8, 2}, {4, 7}, {5, 6}, {1, 3}], [{8, 2}, {4, 7}, {6}, {1, 5}, {3}], [{8, 2}, {5, 7}, {1, 6}, {3, 4}], [{8, 2}, {5, 7}, {3, 6}, {1, 4}], [{8, 2}, {5, 7}, {3, 6}, {4}, {1}], [{8, 2}, {5, 7}, {4, 6}, {1, 3}], [{8, 2}, {5, 7}, {6}, {1, 4}, {3}], [{8, 2}, {6, 7}, {1, 5}, {3, 4}], [{8, 2}, {6, 7}, {3, 5}, {1, 4}], [{8, 2}, {6, 7}, {4, 5}, {1, 3}], [{8, 2}, {6, 7}, {5}, {4}, {1, 3}], [{8, 2}, {7}, {3, 6}, {1, 5}, {4}], [{8, 2}, {7}, {6}, {4, 5}, {1, 3}], [{8, 3}, {1, 7}, {2, 6}, {4, 5}], [{8, 3}, {1, 7}, {2, 6}, {5}, {4}], [{8, 3}, {1, 7}, {4, 6}, {2, 5}], [{8, 3}, {1, 7}, {5, 6}, {2, 4}], [{8, 3}, {1, 7}, {6}, {4, 5}, {2}], [{8, 3}, {2, 7}, {1, 6}, {4, 5}], [{8, 3}, {2, 7}, {4, 6}, {1, 5}], [{8, 3}, {2, 7}, {5, 6}, {1, 4}], [{8, 3}, {2, 7}, {6}, {5}, {1, 4}], [{8, 3}, {4, 7}, {1, 6}, {2, 5}], [{8, 3}, {4, 7}, {1, 6}, {5}, {2}], [{8, 3}, {4, 7}, {2, 6}, {1, 5}], [{8, 3}, {4, 7}, {5, 6}, {1, 2}], [{8, 3}, {4, 7}, {5, 6}, {2}, {1}], [{8, 3}, {4, 7}, {6}, {1, 5}, {2}], [{8, 3}, {5, 7}, {1, 6}, {2, 4}], [{8, 3}, {5, 7}, {2, 6}, {1, 4}], [{8, 3}, {5, 7}, {2, 6}, {4}, {1}], [{8, 3}, {5, 7}, {4, 6}, {1, 2}], [{8, 3}, {5, 7}, {6}, {1, 4}, {2}], [{8, 3}, {6, 7}, {1, 5}, {2, 4}], [{8, 3}, {6, 7}, {2, 5}, {1, 4}], [{8, 3}, {6, 7}, {4, 5}, {1, 2}], [{8, 3}, {7}, {2, 6}, {1, 5}, {4}], [{8, 3}, {7}, {6}, {2, 5}, {1, 4}], [{8, 4}, {1, 7}, {2, 6}, {3, 5}], [{8, 4}, {1, 7}, {2, 6}, {5}, {3}], [{8, 4}, {1, 7}, {3, 6}, {2, 5}], [{8, 4}, {1, 7}, {5, 6}, {2, 3}], [{8, 4}, {1, 7}, {5, 6}, {3}, {2}], [{8, 4}, {1, 7}, {6}, {2, 5}, {3}], [{8, 4}, {2, 7}, {1, 6}, {3, 5}], [{8, 4}, {2, 7}, {1, 6}, {5}, {3}], [{8, 4}, {2, 7}, {3, 6}, {1, 5}], [{8, 4}, {2, 7}, {3, 6}, {5}, {1}], [{8, 4}, {2, 7}, {5, 6}, {1, 3}], [{8, 4}, {2, 7}, {5, 6}, {3}, {1}], [{8, 4}, {2, 7}, {6}, {1, 5}, {3}], [{8, 4}, {2, 7}, {6}, {3, 5}, {1}], [{8, 4}, {2, 7}, {6}, {5}, {1, 3}], [{8, 4}, {2, 7}, {6}, {5}, {3}, {1}], [{8, 4}, {3, 7}, {1, 6}, {2, 5}], [{8, 4}, {3, 7}, {1, 6}, {5}, {2}], [{8, 4}, {3, 7}, {2, 6}, {1, 5}], [{8, 4}, {3, 7}, {5, 6}, {1, 2}], [{8, 4}, {5, 7}, {1, 6}, {2, 3}], [{8, 4}, {5, 7}, {1, 6}, {3}, {2}], [{8, 4}, {5, 7}, {2, 6}, {1, 3}], [{8, 4}, {5, 7}, {2, 6}, {3}, {1}], [{8, 4}, {5, 7}, {3, 6}, {1, 2}], [{8, 4}, {5, 7}, {6}, {3}, {1, 2}], [{8, 4}, {6, 7}, {1, 5}, {2, 3}], [{8, 4}, {6, 7}, {1, 5}, {3}, {2}], [{8, 4}, {6, 7}, {2, 5}, {1, 3}], [{8, 4}, {6, 7}, {2, 5}, {3}, {1}], [{8, 4}, {6, 7}, {3, 5}, {1, 2}], [{8, 4}, {6, 7}, {5}, {3}, {1, 2}], [{8, 4}, {7}, {1, 6}, {2, 5}, {3}], [{8, 4}, {7}, {1, 6}, {3, 5}, {2}], [{8, 4}, {7}, {1, 6}, {5}, {2, 3}], [{8, 4}, {7}, {1, 6}, {5}, {3}, {2}], [{8, 4}, {7}, {2, 6}, {1, 5}, {3}], [{8, 4}, {7}, {5, 6}, {3}, {1, 2}], [{8, 5}, {1, 7}, {2, 6}, {3, 4}], [{8, 5}, {1, 7}, {2, 6}, {4}, {3}], [{8, 5}, {1, 7}, {3, 6}, {2, 4}], [{8, 5}, {1, 7}, {4, 6}, {2, 3}], [{8, 5}, {2, 7}, {1, 6}, {3, 4}], [{8, 5}, {2, 7}, {3, 6}, {1, 4}], [{8, 5}, {2, 7}, {3, 6}, {4}, {1}], [{8, 5}, {2, 7}, {4, 6}, {1, 3}], [{8, 5}, {3, 7}, {1, 6}, {2, 4}], [{8, 5}, {3, 7}, {2, 6}, {1, 4}], [{8, 5}, {3, 7}, {4, 6}, {1, 2}], [{8, 5}, {4, 7}, {1, 6}, {2, 3}], [{8, 5}, {4, 7}, {2, 6}, {1, 3}], [{8, 5}, {4, 7}, {3, 6}, {1, 2}], [{8, 5}, {4, 7}, {3, 6}, {2}, {1}], [{8, 5}, {6, 7}, {1, 4}, {2, 3}], [{8, 5}, {6, 7}, {2, 4}, {1, 3}], [{8, 5}, {6, 7}, {3, 4}, {1, 2}], [{8, 5}, {7}, {3, 6}, {2, 4}, {1}], [{8, 5}, {7}, {6}, {1, 4}, {2, 3}], [{8, 6}, {1, 7}, {2, 5}, {3, 4}], [{8, 6}, {1, 7}, {3, 5}, {2, 4}], [{8, 6}, {1, 7}, {4, 5}, {2, 3}], [{8, 6}, {1, 7}, {4, 5}, {3}, {2}], [{8, 6}, {1, 7}, {5}, {4}, {2, 3}], [{8, 6}, {2, 7}, {1, 5}, {3, 4}], [{8, 6}, {2, 7}, {3, 5}, {1, 4}], [{8, 6}, {2, 7}, {3, 5}, {4}, {1}], [{8, 6}, {2, 7}, {4, 5}, {1, 3}], [{8, 6}, {3, 7}, {1, 5}, {2, 4}], [{8, 6}, {3, 7}, {2, 5}, {1, 4}], [{8, 6}, {3, 7}, {4, 5}, {1, 2}], [{8, 6}, {3, 7}, {5}, {4}, {1, 2}], [{8, 6}, {4, 7}, {1, 5}, {2, 3}], [{8, 6}, {4, 7}, {1, 5}, {3}, {2}], [{8, 6}, {4, 7}, {2, 5}, {1, 3}], [{8, 6}, {4, 7}, {3, 5}, {1, 2}], [{8, 6}, {5, 7}, {1, 4}, {2, 3}], [{8, 6}, {5, 7}, {1, 4}, {3}, {2}], [{8, 6}, {5, 7}, {2, 4}, {1, 3}], [{8, 6}, {5, 7}, {3, 4}, {1, 2}], [{8, 6}, {5, 7}, {4}, {2, 3}, {1}], [{8, 6}, {7}, {1, 5}, {4}, {2, 3}], [{8, 6}, {7}, {5}, {2, 4}, {1, 3}], [{8, 7}, {1, 6}, {2, 5}, {3, 4}], [{8, 7}, {1, 6}, {3, 5}, {2, 4}], [{8, 7}, {1, 6}, {4, 5}, {2, 3}], [{8, 7}, {1, 6}, {5}, {3, 4}, {2}], [{8, 7}, {2, 6}, {1, 5}, {3, 4}], [{8, 7}, {2, 6}, {1, 5}, {4}, {3}], [{8, 7}, {2, 6}, {3, 5}, {1, 4}], [{8, 7}, {2, 6}, {4, 5}, {1, 3}], [{8, 7}, {3, 6}, {1, 5}, {2, 4}], [{8, 7}, {3, 6}, {2, 5}, {1, 4}], [{8, 7}, {3, 6}, {4, 5}, {1, 2}], [{8, 7}, {3, 6}, {5}, {4}, {1, 2}], [{8, 7}, {4, 6}, {1, 5}, {2, 3}], [{8, 7}, {4, 6}, {2, 5}, {1, 3}], [{8, 7}, {4, 6}, {3, 5}, {1, 2}], [{8, 7}, {5, 6}, {1, 4}, {2, 3}], [{8, 7}, {5, 6}, {2, 4}, {1, 3}], [{8, 7}, {5, 6}, {3, 4}, {1, 2}], [{8, 7}, {5, 6}, {4}, {2, 3}, {1}], [{8, 7}, {6}, {2, 5}, {1, 4}, {3}], [{8, 7}, {6}, {3, 5}, {1, 4}, {2}], [{8, 7}, {6}, {4, 5}, {3}, {1, 2}], [{8, 7}, {6}, {5}, {1, 4}, {2, 3}], [{8}, {1, 7}, {2, 6}, {3, 5}, {4}], [{8}, {1, 7}, {2, 6}, {4, 5}, {3}], [{8}, {1, 7}, {2, 6}, {5}, {3, 4}], [{8}, {1, 7}, {2, 6}, {5}, {4}, {3}], [{8}, {1, 7}, {3, 6}, {4, 5}, {2}], [{8}, {1, 7}, {4, 6}, {3, 5}, {2}], [{8}, {1, 7}, {6}, {3, 5}, {2, 4}], [{8}, {1, 7}, {6}, {4, 5}, {2, 3}], [{8}, {2, 7}, {3, 6}, {4, 5}, {1}], [{8}, {2, 7}, {4, 6}, {3, 5}, {1}], [{8}, {3, 7}, {2, 6}, {1, 5}, {4}], [{8}, {3, 7}, {4, 6}, {1, 5}, {2}], [{8}, {3, 7}, {6}, {1, 5}, {2, 4}], [{8}, {3, 7}, {6}, {2, 5}, {1, 4}], [{8}, {4, 7}, {2, 6}, {1, 5}, {3}], [{8}, {4, 7}, {3, 6}, {1, 5}, {2}], [{8}, {4, 7}, {6}, {1, 5}, {2, 3}], [{8}, {4, 7}, {6}, {2, 5}, {1, 3}], [{8}, {5, 7}, {2, 6}, {1, 4}, {3}], [{8}, {5, 7}, {2, 6}, {3, 4}, {1}], [{8}, {5, 7}, {2, 6}, {4}, {1, 3}], [{8}, {5, 7}, {2, 6}, {4}, {3}, {1}], [{8}, {5, 7}, {3, 6}, {1, 4}, {2}], [{8}, {5, 7}, {4, 6}, {1, 3}, {2}], [{8}, {5, 7}, {6}, {1, 4}, {2, 3}], [{8}, {5, 7}, {6}, {2, 4}, {1, 3}], [{8}, {7}, {2, 6}, {1, 5}, {3, 4}], [{8}, {7}, {2, 6}, {1, 5}, {4}, {3}], [{8}, {7}, {3, 6}, {4, 5}, {1, 2}], [{8}, {7}, {4, 6}, {3, 5}, {1, 2}]]",2,4 K_1^3 - 10 K_1^2 - 12 K_1 K_2 - 4 K_1 K_3 + 3 K_1 + 7 K_2 + 5 K_3 + 2 K_4 + 6,O1O2O3O4U2U5U4O6O7U1O5U6U3O8U7U8,O1O2O3U1U4U3U5O6O7U6O4O8U2O5U7U8,O1O2O3U4U5O6U2O4O7U8O5O8U6U1U7U3,c,"{'O1O2O3O4U5U6O5U2U7U3O8O6O7U1U4U8', 'O1O2O3O4U5U6O5U2U7O8U4O6O7U1U8U3'}",2,"<a href=""/flatknot/8.857833"">8.857833</a>",t^9-54t^7-170t^6-59t^5+262t^4+171t^3-112t^2-89t-6,-t^2+2t,,
8.857834,O1O2O3O4U5U6O5U2U7O8U4O6O7U3U1U8,4,14z^2+91z+127,-2w^4z^2+16w^3z^2-6w^3z+97w^2z+127w,False,False,"[[ 0 -1 -1  0  2 -1 -1  1  1],[ 1  0 -1  1  3  0 -1  1  1],[ 1  1  0  1  1  1  1  1  1],[ 0 -1 -1  0  2 -1 -1  0  0],[-2 -3 -1 -2  0 -2 -1 -1 -1],[ 1  0 -1  1  2  0 -1  1  2],[ 1  1 -1  1  1  1  0  1  2],[-1 -1 -1  0  1 -1 -1  0  1],[-1 -1 -1  0  1 -2 -2 -1  0]]","[[ 0  2  1  1  0 -1 -1 -1 -1],[-2  0 -1 -1 -2 -1 -1 -2 -3],[-1  1  0  1  0 -1 -1 -1 -1],[-1  1 -1  0  0 -1 -2 -2 -1],[ 0  2  0  0  0 -1 -1 -1 -1],[ 1  1  1  1  1  0  1  1  1],[ 1  1  1  2  1 -1  0  1  1],[ 1  2  1  2  1 -1 -1  0  0],[ 1  3  1  1  1 -1 -1  0  0]]",True,"[-2,-1,-1,0,1,1,1,1,1,1,2,1,1,2,3,-1,0,1,1,1,1,0,1,2,2,1,1,1,1,1,-1,-1,-1,-1,-1,0]","[-2,-1,-1,0,1,1,1,1,0,0,0,0,1,2,2,-1,1,1,0,0,1,1,1,1,1,1,0,0,0,0,0,-1,-1,-1,-1,-1]",t^8+45t^6+126t^4+32t^2,"[-1,-1,-1,-1,0,1,1,2,-1,-1,-1,0,1,1,2,-1,-1,0,0,1,2,0,0,0,1,1,0,1,1,0,1,1,0,1,0,0]","[-2,-1,-1,0,1,1,1,1,0,0,0,0,1,2,2,-1,1,1,0,0,1,1,1,1,1,1,0,0,0,0,0,-1,-1,-1,-1,-1]","[-1,-1,-1,-1,0,1,1,2,-1,-1,0,1,1,1,3,-1,1,1,1,2,1,1,1,1,1,1,1,1,2,2,0,0,2,1,1,1]",c,"[[{8, 1}, {2, 7}, {3, 6}, {4, 5}], [{8, 1}, {2, 7}, {4, 6}, {3, 5}], [{8, 1}, {2, 7}, {5, 6}, {3, 4}], [{8, 1}, {3, 7}, {2, 6}, {4, 5}], [{8, 1}, {3, 7}, {4, 6}, {2, 5}], [{8, 1}, {3, 7}, {5, 6}, {2, 4}], [{8, 1}, {3, 7}, {6}, {5}, {2, 4}], [{8, 1}, {4, 7}, {2, 6}, {3, 5}], [{8, 1}, {4, 7}, {3, 6}, {2, 5}], [{8, 1}, {4, 7}, {5, 6}, {2, 3}], [{8, 1}, {5, 7}, {2, 6}, {3, 4}], [{8, 1}, {5, 7}, {2, 6}, {4}, {3}], [{8, 1}, {5, 7}, {3, 6}, {2, 4}], [{8, 1}, {5, 7}, {4, 6}, {2, 3}], [{8, 1}, {5, 7}, {4, 6}, {3}, {2}], [{8, 1}, {5, 7}, {6}, {2, 4}, {3}], [{8, 1}, {6, 7}, {2, 5}, {3, 4}], [{8, 1}, {6, 7}, {2, 5}, {4}, {3}], [{8, 1}, {6, 7}, {3, 5}, {2, 4}], [{8, 1}, {6, 7}, {4, 5}, {2, 3}], [{8, 1}, {6, 7}, {4, 5}, {3}, {2}], [{8, 1}, {6, 7}, {5}, {2, 4}, {3}], [{8, 1}, {7}, {3, 6}, {5}, {2, 4}], [{8, 1}, {7}, {5, 6}, {2, 4}, {3}], [{8, 1}, {7}, {6}, {3, 5}, {2, 4}], [{8, 1}, {7}, {6}, {5}, {2, 4}, {3}], [{8, 2}, {1, 7}, {3, 6}, {4, 5}], [{8, 2}, {1, 7}, {4, 6}, {3, 5}], [{8, 2}, {1, 7}, {5, 6}, {3, 4}], [{8, 2}, {1, 7}, {6}, {3, 5}, {4}], [{8, 2}, {3, 7}, {1, 6}, {4, 5}], [{8, 2}, {3, 7}, {4, 6}, {1, 5}], [{8, 2}, {3, 7}, {4, 6}, {5}, {1}], [{8, 2}, {3, 7}, {5, 6}, {1, 4}], [{8, 2}, {3, 7}, {6}, {1, 5}, {4}], [{8, 2}, {4, 7}, {1, 6}, {3, 5}], [{8, 2}, {4, 7}, {3, 6}, {1, 5}], [{8, 2}, {4, 7}, {3, 6}, {5}, {1}], [{8, 2}, {4, 7}, {5, 6}, {1, 3}], [{8, 2}, {5, 7}, {1, 6}, {3, 4}], [{8, 2}, {5, 7}, {3, 6}, {1, 4}], [{8, 2}, {5, 7}, {3, 6}, {4}, {1}], [{8, 2}, {5, 7}, {4, 6}, {1, 3}], [{8, 2}, {6, 7}, {1, 5}, {3, 4}], [{8, 2}, {6, 7}, {3, 5}, {1, 4}], [{8, 2}, {6, 7}, {4, 5}, {1, 3}], [{8, 2}, {7}, {3, 6}, {4, 5}, {1}], [{8, 2}, {7}, {4, 6}, {1, 5}, {3}], [{8, 2}, {7}, {5, 6}, {1, 4}, {3}], [{8, 3}, {1, 7}, {2, 6}, {4, 5}], [{8, 3}, {1, 7}, {2, 6}, {5}, {4}], [{8, 3}, {1, 7}, {4, 6}, {2, 5}], [{8, 3}, {1, 7}, {5, 6}, {2, 4}], [{8, 3}, {2, 7}, {1, 6}, {4, 5}], [{8, 3}, {2, 7}, {4, 6}, {1, 5}], [{8, 3}, {2, 7}, {5, 6}, {1, 4}], [{8, 3}, {4, 7}, {1, 6}, {2, 5}], [{8, 3}, {4, 7}, {2, 6}, {1, 5}], [{8, 3}, {4, 7}, {5, 6}, {1, 2}], [{8, 3}, {5, 7}, {1, 6}, {2, 4}], [{8, 3}, {5, 7}, {2, 6}, {1, 4}], [{8, 3}, {5, 7}, {4, 6}, {1, 2}], [{8, 3}, {6, 7}, {1, 5}, {2, 4}], [{8, 3}, {6, 7}, {2, 5}, {1, 4}], [{8, 3}, {6, 7}, {4, 5}, {1, 2}], [{8, 3}, {6, 7}, {4, 5}, {2}, {1}], [{8, 4}, {1, 7}, {2, 6}, {3, 5}], [{8, 4}, {1, 7}, {3, 6}, {2, 5}], [{8, 4}, {1, 7}, {5, 6}, {2, 3}], [{8, 4}, {2, 7}, {1, 6}, {3, 5}], [{8, 4}, {2, 7}, {3, 6}, {1, 5}], [{8, 4}, {2, 7}, {3, 6}, {5}, {1}], [{8, 4}, {2, 7}, {5, 6}, {1, 3}], [{8, 4}, {3, 7}, {1, 6}, {2, 5}], [{8, 4}, {3, 7}, {2, 6}, {1, 5}], [{8, 4}, {3, 7}, {2, 6}, {5}, {1}], [{8, 4}, {3, 7}, {5, 6}, {1, 2}], [{8, 4}, {5, 7}, {1, 6}, {2, 3}], [{8, 4}, {5, 7}, {2, 6}, {1, 3}], [{8, 4}, {5, 7}, {3, 6}, {1, 2}], [{8, 4}, {6, 7}, {1, 5}, {2, 3}], [{8, 4}, {6, 7}, {2, 5}, {1, 3}], [{8, 4}, {6, 7}, {3, 5}, {1, 2}], [{8, 4}, {6, 7}, {5}, {2, 3}, {1}], [{8, 4}, {7}, {1, 6}, {2, 5}, {3}], [{8, 4}, {7}, {5, 6}, {3}, {1, 2}], [{8, 5}, {1, 7}, {2, 6}, {3, 4}], [{8, 5}, {1, 7}, {3, 6}, {2, 4}], [{8, 5}, {1, 7}, {4, 6}, {2, 3}], [{8, 5}, {2, 7}, {1, 6}, {3, 4}], [{8, 5}, {2, 7}, {3, 6}, {1, 4}], [{8, 5}, {2, 7}, {4, 6}, {1, 3}], [{8, 5}, {3, 7}, {1, 6}, {2, 4}], [{8, 5}, {3, 7}, {1, 6}, {4}, {2}], [{8, 5}, {3, 7}, {2, 6}, {1, 4}], [{8, 5}, {3, 7}, {4, 6}, {1, 2}], [{8, 5}, {4, 7}, {1, 6}, {2, 3}], [{8, 5}, {4, 7}, {2, 6}, {1, 3}], [{8, 5}, {4, 7}, {3, 6}, {1, 2}], [{8, 5}, {4, 7}, {6}, {2, 3}, {1}], [{8, 5}, {6, 7}, {1, 4}, {2, 3}], [{8, 5}, {6, 7}, {1, 4}, {3}, {2}], [{8, 5}, {6, 7}, {2, 4}, {1, 3}], [{8, 5}, {6, 7}, {2, 4}, {3}, {1}], [{8, 5}, {6, 7}, {3, 4}, {1, 2}], [{8, 5}, {6, 7}, {4}, {3}, {1, 2}], [{8, 6}, {1, 7}, {2, 5}, {3, 4}], [{8, 6}, {1, 7}, {3, 5}, {2, 4}], [{8, 6}, {1, 7}, {4, 5}, {2, 3}], [{8, 6}, {1, 7}, {5}, {4}, {2, 3}], [{8, 6}, {2, 7}, {1, 5}, {3, 4}], [{8, 6}, {2, 7}, {3, 5}, {1, 4}], [{8, 6}, {2, 7}, {4, 5}, {1, 3}], [{8, 6}, {3, 7}, {1, 5}, {2, 4}], [{8, 6}, {3, 7}, {2, 5}, {1, 4}], [{8, 6}, {3, 7}, {4, 5}, {1, 2}], [{8, 6}, {3, 7}, {5}, {1, 4}, {2}], [{8, 6}, {3, 7}, {5}, {2, 4}, {1}], [{8, 6}, {3, 7}, {5}, {4}, {1, 2}], [{8, 6}, {4, 7}, {1, 5}, {2, 3}], [{8, 6}, {4, 7}, {1, 5}, {3}, {2}], [{8, 6}, {4, 7}, {2, 5}, {1, 3}], [{8, 6}, {4, 7}, {3, 5}, {1, 2}], [{8, 6}, {5, 7}, {1, 4}, {2, 3}], [{8, 6}, {5, 7}, {1, 4}, {3}, {2}], [{8, 6}, {5, 7}, {2, 4}, {1, 3}], [{8, 6}, {5, 7}, {2, 4}, {3}, {1}], [{8, 6}, {5, 7}, {3, 4}, {1, 2}], [{8, 6}, {5, 7}, {4}, {3}, {1, 2}], [{8, 6}, {7}, {3, 5}, {1, 4}, {2}], [{8, 6}, {7}, {3, 5}, {2, 4}, {1}], [{8, 6}, {7}, {3, 5}, {4}, {1, 2}], [{8, 7}, {1, 6}, {2, 5}, {3, 4}], [{8, 7}, {1, 6}, {2, 5}, {4}, {3}], [{8, 7}, {1, 6}, {3, 5}, {2, 4}], [{8, 7}, {1, 6}, {4, 5}, {2, 3}], [{8, 7}, {2, 6}, {1, 5}, {3, 4}], [{8, 7}, {2, 6}, {3, 5}, {1, 4}], [{8, 7}, {2, 6}, {4, 5}, {1, 3}], [{8, 7}, {2, 6}, {4, 5}, {3}, {1}], [{8, 7}, {3, 6}, {1, 5}, {2, 4}], [{8, 7}, {3, 6}, {2, 5}, {1, 4}], [{8, 7}, {3, 6}, {4, 5}, {1, 2}], [{8, 7}, {3, 6}, {5}, {1, 4}, {2}], [{8, 7}, {3, 6}, {5}, {2, 4}, {1}], [{8, 7}, {3, 6}, {5}, {4}, {1, 2}], [{8, 7}, {4, 6}, {1, 5}, {2, 3}], [{8, 7}, {4, 6}, {2, 5}, {1, 3}], [{8, 7}, {4, 6}, {2, 5}, {3}, {1}], [{8, 7}, {4, 6}, {3, 5}, {1, 2}], [{8, 7}, {5, 6}, {1, 4}, {2, 3}], [{8, 7}, {5, 6}, {2, 4}, {1, 3}], [{8, 7}, {5, 6}, {3, 4}, {1, 2}], [{8, 7}, {6}, {2, 5}, {1, 4}, {3}], [{8}, {1, 7}, {3, 6}, {5}, {2, 4}], [{8}, {1, 7}, {4, 6}, {3, 5}, {2}], [{8}, {2, 7}, {1, 6}, {3, 5}, {4}], [{8}, {3, 7}, {1, 6}, {5}, {2, 4}], [{8}, {4, 7}, {1, 6}, {2, 5}, {3}], [{8}, {4, 7}, {1, 6}, {3, 5}, {2}], [{8}, {4, 7}, {1, 6}, {5}, {2, 3}], [{8}, {5, 7}, {1, 6}, {2, 4}, {3}], [{8}, {5, 7}, {2, 6}, {3, 4}, {1}], [{8}, {6, 7}, {1, 5}, {2, 4}, {3}], [{8}, {6, 7}, {4, 5}, {1, 3}, {2}], [{8}, {7}, {1, 6}, {3, 5}, {2, 4}], [{8}, {7}, {3, 6}, {2, 5}, {1, 4}]]",2,12 K_1^3 + 8 K_1^2 K_2 - 26 K_1^2 - 20 K_1 K_2 - 8 K_1 K_3 + K_1 + 13 K_2 + 7 K_3 + 2 K_4 + 12,O1O2O3O4U5U4U2O6O7U1O5U6U3O8U7U8,O1O2O3U2U4U1U5O6O7U6O4O8U3O5U7U8,O1O2O3U4U5O6U1O4O7U8O5O8U6U3U7U2,c,{'O1O2O3O4U5U6O5U2U7O8U4O6O7U3U1U8'},1,"<a href=""/flatknot/8.857834"">8.857834</a>",t^9-43t^7-144t^6-111t^5+96t^4+225t^3+228t^2+111t+16,-t^2+2t,,
8.857835,O1O2O3O4U5U6O5U3U1O7U2O6O8U4U7U8,4,8z^2+93z+155,8w^3z^2+93w^2z+155w,False,False,"[[ 0 -1  0  0  1 -1 -1  0  2],[ 1  0  1  0  2  1  0  1  1],[ 0 -1  0  0  1  0  0  1  2],[ 0  0  0  0  0  0  1  0  1],[-1 -2 -1  0  0 -2  0  0  2],[ 1 -1  0  0  2  0 -1  1  2],[ 1  0  0 -1  0  1  0  0  1],[ 0 -1 -1  0  0 -1  0  0  1],[-2 -1 -2 -1 -2 -2 -1 -1  0]]","[[ 0  2  1  0  0  0 -1 -1 -1],[-2  0 -2 -1 -1 -2 -1 -1 -2],[-1  2  0  0  0 -1  0 -2 -2],[ 0  1  0  0  0  0  1  0  0],[ 0  1  0  0  0 -1  0 -1 -1],[ 0  2  1  0  1  0  0 -1  0],[ 1  1  0 -1  0  0  0  0  1],[ 1  1  2  0  1  1  0  0  1],[ 1  2  2  0  1  0 -1 -1  0]]",True,"[-2,-1,0,0,0,1,1,1,2,1,1,2,1,1,2,0,0,1,0,2,2,0,0,-1,0,0,1,0,1,1,0,1,0,0,-1,-1]","[-2,-1,0,0,0,1,1,1,-1,0,1,1,1,2,2,0,1,1,0,0,2,0,1,1,0,1,0,1,1,2,0,0,1,-1,-1,0]",t^8+32t^6+96t^4+22t^2+1,"[-1,-1,-1,0,0,0,1,2,-1,0,0,0,1,0,2,1,0,1,1,0,1,1,1,2,2,2,1,0,1,1,0,0,0,1,1,-1]","[-2,-1,0,0,0,1,1,1,-1,0,1,1,1,2,2,0,1,1,0,0,2,0,1,1,0,1,0,1,1,2,0,0,1,-1,-1,0]","[-1,-1,-1,0,0,0,1,2,-1,-1,0,0,1,2,2,0,-1,0,0,0,1,0,1,1,2,1,0,0,0,1,1,1,2,0,1,2]",c,"[[{8, 3}, {1, 7}, {2, 6}, {4, 5}]]",1,- 34 K_1^2 - 16 K_1 K_2 + 8 K_1 + 17 K_2 + 8 K_3 + 18,O1O2O3O4U5U6U1O5O7U3O6U4U2O8U7U8,O1O2O3U4U5U6U1O7O8U7O6O4U2O5U8U3,O1O2O3U1U4O5U2O6O7U8O4O8U3U7U5U6,c,{'O1O2O3O4U5U6O5U3U1O7U2O6O8U4U7U8'},1,"<a href=""/flatknot/8.857835"">8.857835</a>",t^9-30t^7-68t^6+37t^5+186t^4+83t^3-56t^2-51t-10,-t^2+2t,,
8.857836,O1O2O3O4U5U6O5U3U1O7U2O6O8U7U4U8,4,z^3+18z^2+100z+137,w^4z^3+18w^3z^2+100w^2z+137w,False,False,"[[ 0 -1  0  0  2 -1 -1 -1  2],[ 1  0  1  0  2  1  0  0  1],[ 0 -1  0  0  2  0  0  0  2],[ 0  0  0  0  0  0  1 -1  1],[-2 -2 -2  0  0 -3  0 -1  2],[ 1 -1  0  0  3  0 -1  0  2],[ 1  0  0 -1  0  1  0 -1  1],[ 1  0  0  1  1  0  1  0  1],[-2 -1 -2 -1 -2 -2 -1 -1  0]]","[[ 0  2  2  0  0 -1 -1 -1 -1],[-2  0  2  0 -2  0 -1 -2 -3],[-2 -2  0 -1 -2 -1 -1 -1 -2],[ 0  0  1  0  0  1 -1  0  0],[ 0  2  2  0  0  0  0 -1  0],[ 1  0  1 -1  0  0 -1  0  1],[ 1  1  1  1  0  1  0  0  0],[ 1  2  1  0  1  0  0  0  1],[ 1  3  2  0  0 -1  0 -1  0]]",True,"[-2,-2,0,0,1,1,1,1,-2,0,2,0,1,2,3,1,2,1,1,1,2,0,-1,1,0,0,0,0,1,0,1,0,-1,0,0,-1]","[-2,-2,0,0,1,1,1,1,-2,0,1,1,2,2,2,0,2,0,1,2,3,0,1,0,1,1,1,1,0,2,-1,0,-1,0,0,1]",t^8+40t^6+188t^4+40t^2,"[-1,-1,-1,-1,0,0,2,2,-1,0,0,0,1,1,2,0,1,1,1,0,1,-1,1,0,2,2,1,2,3,2,0,0,0,2,1,-2]","[-2,-2,0,0,1,1,1,1,-2,0,1,1,2,2,2,0,2,0,1,2,3,0,1,0,1,1,1,1,0,2,-1,0,-1,0,0,1]","[-1,-1,-1,-1,0,0,2,2,-1,-1,0,0,0,2,3,0,-1,-1,0,1,0,0,0,1,1,2,1,0,1,1,0,1,0,2,2,-2]",c,"[[{8, 1}, {2, 7}, {3, 6}, {4, 5}], [{8, 1}, {2, 7}, {4, 6}, {3, 5}], [{8, 1}, {2, 7}, {5, 6}, {3, 4}], [{8, 1}, {3, 7}, {2, 6}, {4, 5}], [{8, 1}, {3, 7}, {4, 6}, {2, 5}], [{8, 1}, {3, 7}, {5, 6}, {2, 4}], [{8, 1}, {4, 7}, {2, 6}, {3, 5}], [{8, 1}, {4, 7}, {2, 6}, {5}, {3}], [{8, 1}, {4, 7}, {3, 6}, {2, 5}], [{8, 1}, {4, 7}, {5, 6}, {2, 3}], [{8, 1}, {5, 7}, {2, 6}, {3, 4}], [{8, 1}, {5, 7}, {3, 6}, {2, 4}], [{8, 1}, {5, 7}, {4, 6}, {2, 3}], [{8, 1}, {6, 7}, {2, 5}, {3, 4}], [{8, 1}, {6, 7}, {3, 5}, {2, 4}], [{8, 1}, {6, 7}, {4, 5}, {2, 3}], [{8, 1}, {7}, {2, 6}, {3, 5}, {4}], [{8, 1}, {7}, {3, 6}, {4, 5}, {2}], [{8, 1}, {7}, {4, 6}, {2, 5}, {3}], [{8, 1}, {7}, {4, 6}, {3, 5}, {2}], [{8, 1}, {7}, {4, 6}, {5}, {2, 3}], [{8, 1}, {7}, {6}, {3, 5}, {2, 4}], [{8, 2}, {1, 7}, {3, 6}, {4, 5}], [{8, 2}, {1, 7}, {4, 6}, {3, 5}], [{8, 2}, {1, 7}, {5, 6}, {3, 4}], [{8, 2}, {3, 7}, {1, 6}, {4, 5}], [{8, 2}, {3, 7}, {4, 6}, {1, 5}], [{8, 2}, {3, 7}, {5, 6}, {1, 4}], [{8, 2}, {4, 7}, {1, 6}, {3, 5}], [{8, 2}, {4, 7}, {3, 6}, {1, 5}], [{8, 2}, {4, 7}, {5, 6}, {1, 3}], [{8, 2}, {5, 7}, {1, 6}, {3, 4}], [{8, 2}, {5, 7}, {3, 6}, {1, 4}], [{8, 2}, {5, 7}, {4, 6}, {1, 3}], [{8, 2}, {6, 7}, {1, 5}, {3, 4}], [{8, 2}, {6, 7}, {3, 5}, {1, 4}], [{8, 2}, {6, 7}, {4, 5}, {1, 3}], [{8, 2}, {7}, {1, 6}, {3, 5}, {4}], [{8, 2}, {7}, {4, 6}, {3, 5}, {1}], [{8, 2}, {7}, {6}, {3, 5}, {1, 4}], [{8, 3}, {1, 7}, {2, 6}, {4, 5}], [{8, 3}, {1, 7}, {4, 6}, {2, 5}], [{8, 3}, {1, 7}, {4, 6}, {5}, {2}], [{8, 3}, {1, 7}, {5, 6}, {2, 4}], [{8, 3}, {2, 7}, {1, 6}, {4, 5}], [{8, 3}, {2, 7}, {1, 6}, {5}, {4}], [{8, 3}, {2, 7}, {4, 6}, {1, 5}], [{8, 3}, {2, 7}, {4, 6}, {5}, {1}], [{8, 3}, {2, 7}, {5, 6}, {1, 4}], [{8, 3}, {2, 7}, {6}, {5}, {1, 4}], [{8, 3}, {4, 7}, {1, 6}, {2, 5}], [{8, 3}, {4, 7}, {2, 6}, {1, 5}], [{8, 3}, {4, 7}, {5, 6}, {1, 2}], [{8, 3}, {5, 7}, {1, 6}, {2, 4}], [{8, 3}, {5, 7}, {1, 6}, {4}, {2}], [{8, 3}, {5, 7}, {2, 6}, {1, 4}], [{8, 3}, {5, 7}, {4, 6}, {1, 2}], [{8, 3}, {6, 7}, {1, 5}, {2, 4}], [{8, 3}, {6, 7}, {2, 5}, {1, 4}], [{8, 3}, {6, 7}, {4, 5}, {1, 2}], [{8, 3}, {7}, {1, 6}, {2, 5}, {4}], [{8, 3}, {7}, {4, 6}, {5}, {1, 2}], [{8, 4}, {1, 7}, {2, 6}, {3, 5}], [{8, 4}, {1, 7}, {2, 6}, {5}, {3}], [{8, 4}, {1, 7}, {3, 6}, {2, 5}], [{8, 4}, {1, 7}, {5, 6}, {2, 3}], [{8, 4}, {2, 7}, {1, 6}, {3, 5}], [{8, 4}, {2, 7}, {3, 6}, {1, 5}], [{8, 4}, {2, 7}, {5, 6}, {1, 3}], [{8, 4}, {3, 7}, {1, 6}, {2, 5}], [{8, 4}, {3, 7}, {2, 6}, {1, 5}], [{8, 4}, {3, 7}, {5, 6}, {1, 2}], [{8, 4}, {5, 7}, {1, 6}, {2, 3}], [{8, 4}, {5, 7}, {2, 6}, {1, 3}], [{8, 4}, {5, 7}, {3, 6}, {1, 2}], [{8, 4}, {6, 7}, {1, 5}, {2, 3}], [{8, 4}, {6, 7}, {2, 5}, {1, 3}], [{8, 4}, {6, 7}, {3, 5}, {1, 2}], [{8, 4}, {7}, {1, 6}, {3, 5}, {2}], [{8, 4}, {7}, {2, 6}, {3, 5}, {1}], [{8, 4}, {7}, {6}, {3, 5}, {1, 2}], [{8, 5}, {1, 7}, {2, 6}, {3, 4}], [{8, 5}, {1, 7}, {3, 6}, {2, 4}], [{8, 5}, {1, 7}, {4, 6}, {2, 3}], [{8, 5}, {1, 7}, {4, 6}, {3}, {2}], [{8, 5}, {2, 7}, {1, 6}, {3, 4}], [{8, 5}, {2, 7}, {3, 6}, {1, 4}], [{8, 5}, {2, 7}, {4, 6}, {1, 3}], [{8, 5}, {2, 7}, {4, 6}, {3}, {1}], [{8, 5}, {3, 7}, {1, 6}, {2, 4}], [{8, 5}, {3, 7}, {2, 6}, {1, 4}], [{8, 5}, {3, 7}, {4, 6}, {1, 2}], [{8, 5}, {4, 7}, {1, 6}, {2, 3}], [{8, 5}, {4, 7}, {2, 6}, {1, 3}], [{8, 5}, {4, 7}, {3, 6}, {1, 2}], [{8, 5}, {6, 7}, {1, 4}, {2, 3}], [{8, 5}, {6, 7}, {2, 4}, {1, 3}], [{8, 5}, {6, 7}, {3, 4}, {1, 2}], [{8, 5}, {7}, {4, 6}, {3}, {1, 2}], [{8, 6}, {1, 7}, {2, 5}, {3, 4}], [{8, 6}, {1, 7}, {3, 5}, {2, 4}], [{8, 6}, {1, 7}, {4, 5}, {2, 3}], [{8, 6}, {2, 7}, {1, 5}, {3, 4}], [{8, 6}, {2, 7}, {3, 5}, {1, 4}], [{8, 6}, {2, 7}, {4, 5}, {1, 3}], [{8, 6}, {3, 7}, {1, 5}, {2, 4}], [{8, 6}, {3, 7}, {2, 5}, {1, 4}], [{8, 6}, {3, 7}, {4, 5}, {1, 2}], [{8, 6}, {4, 7}, {1, 5}, {2, 3}], [{8, 6}, {4, 7}, {2, 5}, {1, 3}], [{8, 6}, {4, 7}, {3, 5}, {1, 2}], [{8, 6}, {5, 7}, {1, 4}, {2, 3}], [{8, 6}, {5, 7}, {2, 4}, {1, 3}], [{8, 6}, {5, 7}, {3, 4}, {1, 2}], [{8, 6}, {7}, {1, 5}, {3, 4}, {2}], [{8, 6}, {7}, {3, 5}, {1, 4}, {2}], [{8, 6}, {7}, {3, 5}, {2, 4}, {1}], [{8, 6}, {7}, {3, 5}, {4}, {1, 2}], [{8, 7}, {1, 6}, {2, 5}, {3, 4}], [{8, 7}, {1, 6}, {3, 5}, {2, 4}], [{8, 7}, {1, 6}, {4, 5}, {2, 3}], [{8, 7}, {1, 6}, {4, 5}, {3}, {2}], [{8, 7}, {2, 6}, {1, 5}, {3, 4}], [{8, 7}, {2, 6}, {3, 5}, {1, 4}], [{8, 7}, {2, 6}, {3, 5}, {4}, {1}], [{8, 7}, {2, 6}, {4, 5}, {1, 3}], [{8, 7}, {3, 6}, {1, 5}, {2, 4}], [{8, 7}, {3, 6}, {2, 5}, {1, 4}], [{8, 7}, {3, 6}, {4, 5}, {1, 2}], [{8, 7}, {3, 6}, {4, 5}, {2}, {1}], [{8, 7}, {4, 6}, {1, 5}, {2, 3}], [{8, 7}, {4, 6}, {2, 5}, {1, 3}], [{8, 7}, {4, 6}, {3, 5}, {1, 2}], [{8, 7}, {4, 6}, {3, 5}, {2}, {1}], [{8, 7}, {5, 6}, {1, 4}, {2, 3}], [{8, 7}, {5, 6}, {2, 4}, {1, 3}], [{8, 7}, {5, 6}, {3, 4}, {1, 2}], [{8, 7}, {5, 6}, {4}, {2, 3}, {1}], [{8, 7}, {6}, {3, 5}, {2, 4}, {1}], [{8, 7}, {6}, {4, 5}, {1, 3}, {2}], [{8}, {1, 7}, {2, 6}, {3, 5}, {4}], [{8}, {1, 7}, {3, 6}, {4, 5}, {2}], [{8}, {1, 7}, {4, 6}, {3, 5}, {2}], [{8}, {1, 7}, {6}, {3, 5}, {2, 4}], [{8}, {2, 7}, {3, 6}, {1, 5}, {4}], [{8}, {2, 7}, {4, 6}, {3, 5}, {1}], [{8}, {4, 7}, {2, 6}, {3, 5}, {1}], [{8}, {6, 7}, {3, 5}, {2, 4}, {1}], [{8}, {7}, {1, 6}, {3, 5}, {2, 4}], [{8}, {7}, {2, 6}, {3, 5}, {1, 4}], [{8}, {7}, {2, 6}, {3, 5}, {4}, {1}], [{8}, {7}, {4, 6}, {3, 5}, {1, 2}], [{8}, {7}, {4, 6}, {3, 5}, {2}, {1}], [{8}, {7}, {6}, {3, 5}, {2, 4}, {1}]]",2,- 16 K_1^2 - 8 K_1 K_2 + 4 K_1 + 8 K_2 + 4 K_3 + 9,O1O2O3O4U5U1U6O5O7U3O6U4U2O8U7U8,O1O2O3U4U5U6U2O7O8U7O6O4U1O5U8U3,O1O2O3U1U4O5U3O6O7U8O4O8U2U7U5U6,c,{'O1O2O3O4U5U6O5U3U1O7U2O6O8U7U4U8'},1,"<a href=""/flatknot/8.857836"">8.857836</a>",t^9-36t^7-82t^6+112t^5+474t^4+312t^3-178t^2-228t-50,-2t^2+4t,,
8.857837,O1O2O3O4U5U6O5U3U1O7U2O6O8U7U8U4,4,2z^3+22z^2+101z+131,2w^4z^3+22w^3z^2+101w^2z+131w,False,False,"[[ 0 -1  0  0  3 -1 -1 -1  1],[ 1  0  1  0  2  1  0  0  0],[ 0 -1  0  0  2  0  0  0  1],[ 0  0  0  0  0  0  1 -1  0],[-3 -2 -2  0  0 -4 -1 -2  1],[ 1 -1  0  0  4  0 -1  0  1],[ 1  0  0 -1  1  1  0 -1  0],[ 1  0  0  1  2  0  1  0  1],[-1  0 -1  0 -1 -1  0 -1  0]]","[[ 0  3  1  0  0 -1 -1 -1 -1],[-3  0  1  0 -2 -1 -2 -2 -4],[-1 -1  0  0 -1  0  0 -1 -1],[ 0  0  0  0  0  1  0 -1  0],[ 0  2  1  0  0  0 -1  0  0],[ 1  1  0 -1  0  0  0 -1  1],[ 1  2  0  0  1  0  0  0  1],[ 1  2  1  1  0  1  0  0  0],[ 1  4  1  0  0 -1 -1  0  0]]",True,"[-3,-1,0,0,1,1,1,1,-1,0,2,1,2,2,4,0,1,0,0,1,1,0,-1,0,1,0,0,1,0,0,0,1,-1,0,-1,0]","[-3,-1,0,0,1,1,1,1,-1,0,2,1,2,2,4,0,1,0,0,1,1,0,-1,0,1,0,0,1,0,0,0,1,-1,0,-1,0]",t^8+39t^6+161t^4+77t^2+1,"[-1,-1,-1,-1,0,0,1,3,-1,0,0,0,1,1,2,-1,0,2,1,2,3,1,1,1,1,0,1,0,2,2,0,1,3,0,1,3]","[-3,-1,0,0,1,1,1,1,3,1,3,0,2,2,3,0,1,1,1,2,2,0,1,1,0,1,1,0,1,2,0,-1,-1,0,1,0]","[-1,-1,-1,-1,0,0,1,3,-1,-1,0,0,0,1,4,0,-1,-1,0,0,1,0,0,1,0,2,1,0,1,2,0,0,0,1,2,-1]",c,"[[{8, 1}, {2, 7}, {3, 6}, {4, 5}], [{8, 1}, {2, 7}, {4, 6}, {3, 5}], [{8, 1}, {2, 7}, {4, 6}, {5}, {3}], [{8, 1}, {2, 7}, {5, 6}, {3, 4}], [{8, 1}, {2, 7}, {5, 6}, {4}, {3}], [{8, 1}, {2, 7}, {6}, {4, 5}, {3}], [{8, 1}, {3, 7}, {2, 6}, {4, 5}], [{8, 1}, {3, 7}, {4, 6}, {2, 5}], [{8, 1}, {3, 7}, {5, 6}, {2, 4}], [{8, 1}, {4, 7}, {2, 6}, {3, 5}], [{8, 1}, {4, 7}, {2, 6}, {5}, {3}], [{8, 1}, {4, 7}, {3, 6}, {2, 5}], [{8, 1}, {4, 7}, {3, 6}, {5}, {2}], [{8, 1}, {4, 7}, {5, 6}, {2, 3}], [{8, 1}, {4, 7}, {5, 6}, {3}, {2}], [{8, 1}, {4, 7}, {6}, {2, 5}, {3}], [{8, 1}, {4, 7}, {6}, {3, 5}, {2}], [{8, 1}, {4, 7}, {6}, {5}, {2, 3}], [{8, 1}, {5, 7}, {2, 6}, {3, 4}], [{8, 1}, {5, 7}, {2, 6}, {4}, {3}], [{8, 1}, {5, 7}, {3, 6}, {2, 4}], [{8, 1}, {5, 7}, {4, 6}, {2, 3}], [{8, 1}, {5, 7}, {4, 6}, {3}, {2}], [{8, 1}, {5, 7}, {6}, {2, 4}, {3}], [{8, 1}, {6, 7}, {2, 5}, {3, 4}], [{8, 1}, {6, 7}, {2, 5}, {4}, {3}], [{8, 1}, {6, 7}, {3, 5}, {2, 4}], [{8, 1}, {6, 7}, {4, 5}, {2, 3}], [{8, 1}, {6, 7}, {4, 5}, {3}, {2}], [{8, 1}, {6, 7}, {5}, {2, 4}, {3}], [{8, 1}, {7}, {2, 6}, {4, 5}, {3}], [{8, 1}, {7}, {4, 6}, {2, 5}, {3}], [{8, 1}, {7}, {5, 6}, {2, 4}, {3}], [{8, 2}, {1, 7}, {3, 6}, {4, 5}], [{8, 2}, {1, 7}, {4, 6}, {3, 5}], [{8, 2}, {1, 7}, {5, 6}, {3, 4}], [{8, 2}, {3, 7}, {1, 6}, {4, 5}], [{8, 2}, {3, 7}, {4, 6}, {1, 5}], [{8, 2}, {3, 7}, {5, 6}, {1, 4}], [{8, 2}, {3, 7}, {5, 6}, {4}, {1}], [{8, 2}, {4, 7}, {1, 6}, {3, 5}], [{8, 2}, {4, 7}, {3, 6}, {1, 5}], [{8, 2}, {4, 7}, {5, 6}, {1, 3}], [{8, 2}, {5, 7}, {1, 6}, {3, 4}], [{8, 2}, {5, 7}, {3, 6}, {1, 4}], [{8, 2}, {5, 7}, {3, 6}, {4}, {1}], [{8, 2}, {5, 7}, {4, 6}, {1, 3}], [{8, 2}, {6, 7}, {1, 5}, {3, 4}], [{8, 2}, {6, 7}, {1, 5}, {4}, {3}], [{8, 2}, {6, 7}, {3, 5}, {1, 4}], [{8, 2}, {6, 7}, {3, 5}, {4}, {1}], [{8, 2}, {6, 7}, {4, 5}, {1, 3}], [{8, 2}, {6, 7}, {4, 5}, {3}, {1}], [{8, 2}, {6, 7}, {5}, {1, 4}, {3}], [{8, 2}, {6, 7}, {5}, {3, 4}, {1}], [{8, 2}, {6, 7}, {5}, {4}, {1, 3}], [{8, 2}, {6, 7}, {5}, {4}, {3}, {1}], [{8, 2}, {7}, {6}, {4, 5}, {1, 3}], [{8, 3}, {1, 7}, {2, 6}, {4, 5}], [{8, 3}, {1, 7}, {4, 6}, {2, 5}], [{8, 3}, {1, 7}, {4, 6}, {5}, {2}], [{8, 3}, {1, 7}, {5, 6}, {2, 4}], [{8, 3}, {2, 7}, {1, 6}, {4, 5}], [{8, 3}, {2, 7}, {4, 6}, {1, 5}], [{8, 3}, {2, 7}, {5, 6}, {1, 4}], [{8, 3}, {2, 7}, {6}, {5}, {1, 4}], [{8, 3}, {4, 7}, {1, 6}, {2, 5}], [{8, 3}, {4, 7}, {2, 6}, {1, 5}], [{8, 3}, {4, 7}, {5, 6}, {1, 2}], [{8, 3}, {4, 7}, {6}, {5}, {1, 2}], [{8, 3}, {5, 7}, {1, 6}, {2, 4}], [{8, 3}, {5, 7}, {2, 6}, {1, 4}], [{8, 3}, {5, 7}, {4, 6}, {1, 2}], [{8, 3}, {6, 7}, {1, 5}, {2, 4}], [{8, 3}, {6, 7}, {2, 5}, {1, 4}], [{8, 3}, {6, 7}, {4, 5}, {1, 2}], [{8, 4}, {1, 7}, {2, 6}, {3, 5}], [{8, 4}, {1, 7}, {3, 6}, {2, 5}], [{8, 4}, {1, 7}, {5, 6}, {2, 3}], [{8, 4}, {2, 7}, {1, 6}, {3, 5}], [{8, 4}, {2, 7}, {3, 6}, {1, 5}], [{8, 4}, {2, 7}, {5, 6}, {1, 3}], [{8, 4}, {2, 7}, {6}, {1, 5}, {3}], [{8, 4}, {3, 7}, {1, 6}, {2, 5}], [{8, 4}, {3, 7}, {2, 6}, {1, 5}], [{8, 4}, {3, 7}, {5, 6}, {1, 2}], [{8, 4}, {5, 7}, {1, 6}, {2, 3}], [{8, 4}, {5, 7}, {2, 6}, {1, 3}], [{8, 4}, {5, 7}, {3, 6}, {1, 2}], [{8, 4}, {6, 7}, {1, 5}, {2, 3}], [{8, 4}, {6, 7}, {1, 5}, {3}, {2}], [{8, 4}, {6, 7}, {2, 5}, {1, 3}], [{8, 4}, {6, 7}, {2, 5}, {3}, {1}], [{8, 4}, {6, 7}, {3, 5}, {1, 2}], [{8, 4}, {6, 7}, {5}, {3}, {1, 2}], [{8, 4}, {7}, {2, 6}, {1, 5}, {3}], [{8, 4}, {7}, {2, 6}, {3, 5}, {1}], [{8, 4}, {7}, {2, 6}, {5}, {1, 3}], [{8, 5}, {1, 7}, {2, 6}, {3, 4}], [{8, 5}, {1, 7}, {3, 6}, {2, 4}], [{8, 5}, {1, 7}, {4, 6}, {2, 3}], [{8, 5}, {1, 7}, {4, 6}, {3}, {2}], [{8, 5}, {2, 7}, {1, 6}, {3, 4}], [{8, 5}, {2, 7}, {3, 6}, {1, 4}], [{8, 5}, {2, 7}, {4, 6}, {1, 3}], [{8, 5}, {3, 7}, {1, 6}, {2, 4}], [{8, 5}, {3, 7}, {2, 6}, {1, 4}], [{8, 5}, {3, 7}, {2, 6}, {4}, {1}], [{8, 5}, {3, 7}, {4, 6}, {1, 2}], [{8, 5}, {4, 7}, {1, 6}, {2, 3}], [{8, 5}, {4, 7}, {1, 6}, {3}, {2}], [{8, 5}, {4, 7}, {2, 6}, {1, 3}], [{8, 5}, {4, 7}, {3, 6}, {1, 2}], [{8, 5}, {6, 7}, {1, 4}, {2, 3}], [{8, 5}, {6, 7}, {1, 4}, {3}, {2}], [{8, 5}, {6, 7}, {2, 4}, {1, 3}], [{8, 5}, {6, 7}, {2, 4}, {3}, {1}], [{8, 5}, {6, 7}, {3, 4}, {1, 2}], [{8, 5}, {6, 7}, {4}, {3}, {1, 2}], [{8, 6}, {1, 7}, {2, 5}, {3, 4}], [{8, 6}, {1, 7}, {3, 5}, {2, 4}], [{8, 6}, {1, 7}, {4, 5}, {2, 3}], [{8, 6}, {2, 7}, {1, 5}, {3, 4}], [{8, 6}, {2, 7}, {3, 5}, {1, 4}], [{8, 6}, {2, 7}, {4, 5}, {1, 3}], [{8, 6}, {2, 7}, {5}, {1, 4}, {3}], [{8, 6}, {3, 7}, {1, 5}, {2, 4}], [{8, 6}, {3, 7}, {2, 5}, {1, 4}], [{8, 6}, {3, 7}, {4, 5}, {1, 2}], [{8, 6}, {4, 7}, {1, 5}, {2, 3}], [{8, 6}, {4, 7}, {2, 5}, {1, 3}], [{8, 6}, {4, 7}, {3, 5}, {1, 2}], [{8, 6}, {5, 7}, {1, 4}, {2, 3}], [{8, 6}, {5, 7}, {2, 4}, {1, 3}], [{8, 6}, {5, 7}, {3, 4}, {1, 2}], [{8, 6}, {5, 7}, {4}, {2, 3}, {1}], [{8, 6}, {7}, {3, 5}, {1, 4}, {2}], [{8, 7}, {1, 6}, {2, 5}, {3, 4}], [{8, 7}, {1, 6}, {3, 5}, {2, 4}], [{8, 7}, {1, 6}, {4, 5}, {2, 3}], [{8, 7}, {2, 6}, {1, 5}, {3, 4}], [{8, 7}, {2, 6}, {3, 5}, {1, 4}], [{8, 7}, {2, 6}, {3, 5}, {4}, {1}], [{8, 7}, {2, 6}, {4, 5}, {1, 3}], [{8, 7}, {2, 6}, {5}, {1, 4}, {3}], [{8, 7}, {3, 6}, {1, 5}, {2, 4}], [{8, 7}, {3, 6}, {2, 5}, {1, 4}], [{8, 7}, {3, 6}, {4, 5}, {1, 2}], [{8, 7}, {4, 6}, {1, 5}, {2, 3}], [{8, 7}, {4, 6}, {2, 5}, {1, 3}], [{8, 7}, {4, 6}, {3, 5}, {1, 2}], [{8, 7}, {5, 6}, {1, 4}, {2, 3}], [{8, 7}, {5, 6}, {2, 4}, {1, 3}], [{8, 7}, {5, 6}, {3, 4}, {1, 2}], [{8, 7}, {6}, {4, 5}, {2, 3}, {1}], [{8}, {1, 7}, {2, 6}, {5}, {3, 4}], [{8}, {1, 7}, {4, 6}, {3, 5}, {2}], [{8}, {2, 7}, {1, 6}, {5}, {3, 4}], [{8}, {2, 7}, {3, 6}, {5}, {1, 4}], [{8}, {3, 7}, {4, 6}, {1, 5}, {2}], [{8}, {4, 7}, {2, 6}, {3, 5}, {1}], [{8}, {4, 7}, {3, 6}, {2, 5}, {1}], [{8}, {4, 7}, {5, 6}, {2, 3}, {1}], [{8}, {5, 7}, {6}, {1, 4}, {2, 3}], [{8}, {5, 7}, {6}, {3, 4}, {1, 2}], [{8}, {6, 7}, {1, 5}, {2, 4}, {3}], [{8}, {6, 7}, {2, 5}, {1, 4}, {3}], [{8}, {6, 7}, {4, 5}, {3}, {1, 2}], [{8}, {7}, {1, 6}, {3, 5}, {2, 4}]]",2,12 K_1^3 + 4 K_1^2 K_2 - 30 K_1^2 - 18 K_1 K_2 - 2 K_1 K_3 - 2 K_2^2 + 14 K_2 + 6 K_3 + K_4 + 16,O1O2O3O4U1U5U6O5O7U3O6U4U2O8U7U8,O1O2O3U4U5U6U3O7O8U7O6O4U1O5U8U2,O1O2O3U2U4O5U3O6O7U8O4O8U1U7U5U6,c,{'O1O2O3O4U5U6O5U3U1O7U2O6O8U7U8U4'},1,"<a href=""/flatknot/8.857837"">8.857837</a>",t^9-33t^7-54t^6+101t^5+210t^4+32t^3-64t^2-25t-16,-t^3+3t,,
8.857838,O1O2O3O4U5U6O5U3U1O7U4O6O8U7U2U8,4,2z^3+32z^2+111z+111,2w^4z^3+32w^3z^2+111w^2z+111w,False,False,"[[ 0 -1  0  0  2 -1 -1 -1  2],[ 1  0  1  0  2  1  0  0  1],[ 0 -1  0  0  1 -1  0  0  2],[ 0  0  0  0  1  0  0  0  0],[-2 -2 -1 -1  0 -2 -1  0  1],[ 1 -1  1  0  2  0 -1  0  2],[ 1  0  0  0  1  1  0 -1  1],[ 1  0  0  0  0  0  1  0  1],[-2 -1 -2  0 -1 -2 -1 -1  0]]","[[ 0  2  2  0  0 -1 -1 -1 -1],[-2  0  1 -1 -1  0 -1 -2 -2],[-2 -1  0  0 -2 -1 -1 -1 -2],[ 0  1  0  0  0  0  0  0  0],[ 0  1  2  0  0  0  0 -1 -1],[ 1  0  1  0  0  0  1  0  0],[ 1  1  1  0  0 -1  0  0  1],[ 1  2  1  0  1  0  0  0  1],[ 1  2  2  0  1  0 -1 -1  0]]",True,"[-2,-2,0,0,1,1,1,1,-1,1,1,0,1,2,2,0,2,1,1,1,2,0,0,0,0,0,0,0,1,1,-1,0,0,0,-1,-1]","[-2,-2,0,0,1,1,1,1,-1,0,2,1,2,2,2,1,1,1,1,2,3,0,0,0,1,1,1,1,1,1,-1,-1,0,0,0,-1]",t^8+28t^6+86t^4+44t^2,"[-1,-1,-1,-1,0,0,2,2,-1,0,0,0,1,1,2,0,1,0,1,1,1,-1,1,1,3,2,1,1,2,2,0,1,0,1,2,-1]","[-2,-2,0,0,1,1,1,1,-1,0,2,1,2,2,2,1,1,1,1,2,3,0,0,0,1,1,1,1,1,1,-1,-1,0,0,0,-1]","[-1,-1,-1,-1,0,0,2,2,-1,-1,0,0,1,2,2,0,-1,0,0,1,1,0,0,1,1,2,0,0,1,0,0,0,1,2,1,-1]",c,"[[{8, 1}, {3, 7}, {2, 6}, {4, 5}]]",1,12 K_1^3 + 8 K_1^2 K_2 - 16 K_1^2 - 8 K_1 K_2 - 4 K_1 K_3 - 5 K_1 + 6 K_2 + K_3 + 7,O1O2O3O4U5U3U6O5O7U1O6U4U2O8U7U8,O1O2O3U4U2U5U6O7O8U7O5O4U1O6U8U3,O1O2O3U1U4O5U3O6O7U8O4O8U5U7U2U6,c,{'O1O2O3O4U5U6O5U3U1O7U4O6O8U7U2U8'},1,"<a href=""/flatknot/8.857838"">8.857838</a>",t^9-24t^7-60t^6+10t^5+180t^4+137t^3-62t^2-47t-2,-2t^2+4t,,
8.857839,O1O2O3O4U5U6O5U3U1O7U4O6O8U7U8U2,3,9z^2+62z+89,9w^3z^2+62w^2z+89w,False,False,"[[ 0 -1  1  0  2 -1 -1 -1  1],[ 1  0  1  0  2  1  0  0  0],[-1 -1  0  0  1 -2 -1 -1  1],[ 0  0  0  0  1  0  0  0  0],[-2 -2 -1 -1  0 -2 -1  0  1],[ 1 -1  2  0  2  0 -1  0  1],[ 1  0  1  0  1  1  0 -1  0],[ 1  0  1  0  0  0  1  0  1],[-1  0 -1  0 -1 -1  0 -1  0]]","[[ 0  2  1  1  0 -1 -1 -1 -1],[-2  0  1 -1 -1  0 -1 -2 -2],[-1 -1  0 -1  0 -1  0  0 -1],[-1  1  1  0  0 -1 -1 -1 -2],[ 0  1  0  0  0  0  0  0  0],[ 1  0  1  1  0  0  1  0  0],[ 1  1  0  1  0 -1  0  0  1],[ 1  2  0  1  0  0  0  0  1],[ 1  2  1  2  0  0 -1 -1  0]]",True,"[-2,-1,-1,0,1,1,1,1,-1,1,1,0,1,2,2,1,0,1,0,0,1,0,1,1,1,2,0,0,0,0,-1,0,0,0,-1,-1]","[-2,-1,-1,0,1,1,1,1,-1,1,1,0,1,2,2,1,0,1,0,0,1,0,1,1,1,2,0,0,0,0,-1,0,0,0,-1,-1]",t^8+25t^6+83t^4+55t^2,"[-1,-1,-1,-1,0,1,1,2,-1,0,0,1,1,1,3,-1,0,1,1,2,2,1,1,0,1,1,1,1,2,1,1,1,1,-1,0,2]","[-2,-1,-1,0,1,1,1,1,0,2,1,1,1,2,3,1,1,0,1,1,1,1,1,2,2,1,1,1,1,1,-1,-1,0,0,0,-1]","[-1,-1,-1,-1,0,1,1,2,-1,-1,0,0,1,2,2,0,-1,0,0,1,1,0,0,0,1,2,0,1,1,0,0,0,1,-1,-1,1]",c,"[[{8, 1}, {3, 7}, {4, 6}, {2, 5}], [{8, 1}, {4, 7}, {3, 6}, {2, 5}], [{8, 1}, {4, 7}, {3, 6}, {5}, {2}], [{8, 1}, {6, 7}, {2, 5}, {3, 4}], [{8, 3}, {4, 7}, {1, 6}, {2, 5}], [{8, 3}, {4, 7}, {1, 6}, {5}, {2}]]",1,4 K_1^3 - 14 K_1^2 - 8 K_1 K_2 + K_1 + 7 K_2 + 3 K_3 + 8,O1O2O3O4U3U5U6O5O7U1O6U4U2O8U7U8,O1O2O3U4U3U5U6O7O8U7O5O4U1O6U8U2,O1O2O3U2U4O5U3O6O7U8O4O8U5U7U1U6,c,"{'O1O2O3O4U5U6O5U3U1O7U4O6O8U7U8U2', 'O1O2O3U4U5O4U6U1O7U3O5O8U7U8O6U2'}",2,"<a href=""/flatknot/8.857839"">8.857839</a>",t^9-23t^7-44t^6+26t^5+94t^4+34t^3-12t^2+4t,-t^2+2t,,
8.857840,O1O2O3O4U5U6O5U3U1O7U8O6O8U4U7U2,3,16z^2+63z+63,16w^3z^2+63w^2z+63w,False,False,"[[ 0 -1  1  0  1 -1 -1  0  1],[ 1  0  1  0  1  1  1  0  2],[-1 -1  0  0  0 -2 -1  0  0],[ 0  0  0  0  0  0  1  0  1],[-1 -1  0  0  0 -2 -1  0  0],[ 1 -1  2  0  2  0 -1  1  1],[ 1 -1  1 -1  1  1  0  1  1],[ 0  0  0  0  0 -1 -1  0  0],[-1 -2  0 -1  0 -1 -1  0  0]]","[[ 0  1  1  1  0  0 -1 -1 -1],[-1  0  0  0  0  0 -1 -1 -2],[-1  0  0  0  0  0 -1 -1 -2],[-1  0  0  0  0 -1 -1 -2 -1],[ 0  0  0  0  0  0 -1  0 -1],[ 0  0  0  1  0  0  1  0  0],[ 1  1  1  1  1 -1  0 -1  1],[ 1  1  1  2  0  0  1  0  1],[ 1  2  2  1  1  0 -1 -1  0]]",True,"[-1,-1,-1,0,0,1,1,1,0,0,0,0,1,1,2,0,0,0,1,1,2,0,1,1,2,1,0,1,0,1,-1,0,0,1,-1,-1]","[-1,-1,-1,0,0,1,1,1,-1,-1,0,1,1,2,2,-1,-1,1,1,1,1,0,0,2,1,1,0,1,0,0,0,0,0,0,0,0]",t^8+25t^6+80t^4+22t^2,"[-1,-1,-1,0,0,1,1,1,-1,-1,1,1,0,1,1,-1,0,2,1,1,1,0,1,1,0,0,0,1,1,1,0,1,1,0,0,0]","[-1,-1,-1,0,0,1,1,1,0,0,0,1,0,1,1,0,1,1,1,0,1,1,1,1,0,1,0,1,1,2,1,0,0,1,1,-1]","[-1,-1,-1,0,0,1,1,1,-1,-1,0,1,1,2,2,-1,-1,1,1,1,1,0,0,2,1,1,0,1,0,0,0,0,0,0,0,0]",c,"[[{8, 5}, {3, 7}, {2, 6}, {1, 4}], [{8, 5}, {3, 7}, {4, 6}, {1, 2}], [{8, 5}, {7}, {2, 6}, {1, 4}, {3}], [{8, 5}, {7}, {4, 6}, {3}, {1, 2}]]",1,8 K_1^3 - 8 K_1^2 - 8 K_1 K_2 - 2 K_1 + 4 K_2 + 2 K_3 + 5,O1O2O3O4U3U5U1O6O7U6O5U4U2O8U7U8,O1O2O3U4U3U5U1O6O7U6O5O4U2O8U7U8,O1O2O3U4U5O4U2O6O7U8O5O8U3U7U1U6,c,"{'O1O2O3O4U5U6O5U3U1O7U8O6O8U4U7U2', 'O1O2O3U4U5O4U6U1O7U8O5O8U3U7O6U2'}",2,"<a href=""/flatknot/8.857840"">8.857840</a>",t^9-25t^7-42t^6+38t^5+74t^4-t^3-2t^2,0,,
8.857841,O1O2O3O4U5U6O5U3U2O7U1O6O8U4U7U8,4,27z^2+112z+117,27w^3z^2+112w^2z+117w,False,False,"[[ 0 -1  0  0  1 -1 -1  0  2],[ 1  0  0  0  2  1  0  1  2],[ 0  0  0  0  1  0  0  0  1],[ 0  0  0  0  0  0  1  0  1],[-1 -2 -1  0  0 -2  0  0  2],[ 1 -1  0  0  2  0 -1  1  2],[ 1  0  0 -1  0  1  0  0  1],[ 0 -1  0  0  0 -1  0  0  1],[-2 -2 -1 -1 -2 -2 -1 -1  0]]","[[ 0  2  1  0  0  0 -1 -1 -1],[-2  0 -2 -1 -1 -1 -1 -2 -2],[-1  2  0  0  0 -1  0 -2 -2],[ 0  1  0  0  0  0  1  0  0],[ 0  1  0  0  0  0  0 -1 -1],[ 0  1  1  0  0  0  0  0  0],[ 1  1  0 -1  0  0  0  1  0],[ 1  2  2  0  1  0 -1  0 -1],[ 1  2  2  0  1  0  0  1  0]]",True,"[-2,-1,0,0,0,1,1,1,2,1,1,1,1,2,2,0,0,1,0,2,2,0,0,-1,0,0,0,0,1,1,0,0,0,-1,0,1]","[-2,-1,0,0,0,1,1,1,-1,1,1,1,1,1,2,0,1,1,0,0,2,0,0,1,1,1,0,0,0,1,1,1,2,-1,-1,0]",t^8+30t^6+89t^4+20t^2,"[-1,-1,-1,0,0,0,1,2,-1,0,0,1,1,0,1,1,0,1,1,0,1,1,1,2,2,2,0,0,1,1,0,0,1,1,1,-1]","[-2,-1,0,0,0,1,1,1,-1,1,1,1,1,1,2,0,1,1,0,0,2,0,0,1,1,1,0,0,0,1,1,1,2,-1,-1,0]","[-1,-1,-1,0,0,0,1,2,-1,-1,0,0,1,2,2,0,-1,0,0,0,1,0,0,1,2,2,0,0,0,1,0,1,1,0,1,2]",c,"[[{8, 1}, {2, 7}, {3, 6}, {4, 5}], [{8, 1}, {2, 7}, {4, 6}, {3, 5}], [{8, 1}, {2, 7}, {5, 6}, {3, 4}], [{8, 1}, {2, 7}, {6}, {3, 5}, {4}], [{8, 1}, {2, 7}, {6}, {4, 5}, {3}], [{8, 1}, {2, 7}, {6}, {5}, {3, 4}], [{8, 1}, {3, 7}, {2, 6}, {4, 5}], [{8, 1}, {3, 7}, {2, 6}, {5}, {4}], [{8, 1}, {3, 7}, {4, 6}, {2, 5}], [{8, 1}, {3, 7}, {5, 6}, {2, 4}], [{8, 1}, {4, 7}, {2, 6}, {3, 5}], [{8, 1}, {4, 7}, {3, 6}, {2, 5}], [{8, 1}, {4, 7}, {5, 6}, {2, 3}], [{8, 1}, {5, 7}, {2, 6}, {3, 4}], [{8, 1}, {5, 7}, {3, 6}, {2, 4}], [{8, 1}, {5, 7}, {4, 6}, {2, 3}], [{8, 1}, {5, 7}, {4, 6}, {3}, {2}], [{8, 1}, {6, 7}, {2, 5}, {3, 4}], [{8, 1}, {6, 7}, {3, 5}, {2, 4}], [{8, 1}, {6, 7}, {4, 5}, {2, 3}], [{8, 1}, {7}, {5, 6}, {3, 4}, {2}], [{8, 2}, {1, 7}, {3, 6}, {4, 5}], [{8, 2}, {1, 7}, {4, 6}, {3, 5}], [{8, 2}, {1, 7}, {4, 6}, {5}, {3}], [{8, 2}, {1, 7}, {5, 6}, {3, 4}], [{8, 2}, {1, 7}, {6}, {3, 5}, {4}], [{8, 2}, {3, 7}, {1, 6}, {4, 5}], [{8, 2}, {3, 7}, {4, 6}, {1, 5}], [{8, 2}, {3, 7}, {5, 6}, {1, 4}], [{8, 2}, {4, 7}, {1, 6}, {3, 5}], [{8, 2}, {4, 7}, {3, 6}, {1, 5}], [{8, 2}, {4, 7}, {5, 6}, {1, 3}], [{8, 2}, {4, 7}, {6}, {3, 5}, {1}], [{8, 2}, {5, 7}, {1, 6}, {3, 4}], [{8, 2}, {5, 7}, {3, 6}, {1, 4}], [{8, 2}, {5, 7}, {4, 6}, {1, 3}], [{8, 2}, {6, 7}, {1, 5}, {3, 4}], [{8, 2}, {6, 7}, {3, 5}, {1, 4}], [{8, 2}, {6, 7}, {3, 5}, {4}, {1}], [{8, 2}, {6, 7}, {4, 5}, {1, 3}], [{8, 2}, {7}, {1, 6}, {3, 5}, {4}], [{8, 2}, {7}, {4, 6}, {3, 5}, {1}], [{8, 2}, {7}, {6}, {3, 5}, {1, 4}], [{8, 2}, {7}, {6}, {3, 5}, {4}, {1}], [{8, 3}, {1, 7}, {2, 6}, {4, 5}], [{8, 3}, {1, 7}, {2, 6}, {5}, {4}], [{8, 3}, {1, 7}, {4, 6}, {2, 5}], [{8, 3}, {1, 7}, {4, 6}, {5}, {2}], [{8, 3}, {1, 7}, {5, 6}, {2, 4}], [{8, 3}, {1, 7}, {6}, {5}, {2, 4}], [{8, 3}, {2, 7}, {1, 6}, {4, 5}], [{8, 3}, {2, 7}, {1, 6}, {5}, {4}], [{8, 3}, {2, 7}, {4, 6}, {1, 5}], [{8, 3}, {2, 7}, {5, 6}, {1, 4}], [{8, 3}, {2, 7}, {5, 6}, {4}, {1}], [{8, 3}, {2, 7}, {6}, {1, 5}, {4}], [{8, 3}, {4, 7}, {1, 6}, {2, 5}], [{8, 3}, {4, 7}, {2, 6}, {1, 5}], [{8, 3}, {4, 7}, {5, 6}, {1, 2}], [{8, 3}, {4, 7}, {5, 6}, {2}, {1}], [{8, 3}, {5, 7}, {1, 6}, {2, 4}], [{8, 3}, {5, 7}, {2, 6}, {1, 4}], [{8, 3}, {5, 7}, {4, 6}, {1, 2}], [{8, 3}, {6, 7}, {1, 5}, {2, 4}], [{8, 3}, {6, 7}, {2, 5}, {1, 4}], [{8, 3}, {6, 7}, {4, 5}, {1, 2}], [{8, 3}, {6, 7}, {4, 5}, {2}, {1}], [{8, 3}, {7}, {4, 6}, {2, 5}, {1}], [{8, 3}, {7}, {5, 6}, {2, 4}, {1}], [{8, 4}, {1, 7}, {2, 6}, {3, 5}], [{8, 4}, {1, 7}, {2, 6}, {5}, {3}], [{8, 4}, {1, 7}, {3, 6}, {2, 5}], [{8, 4}, {1, 7}, {5, 6}, {2, 3}], [{8, 4}, {1, 7}, {6}, {3, 5}, {2}], [{8, 4}, {2, 7}, {1, 6}, {3, 5}], [{8, 4}, {2, 7}, {3, 6}, {1, 5}], [{8, 4}, {2, 7}, {5, 6}, {1, 3}], [{8, 4}, {3, 7}, {1, 6}, {2, 5}], [{8, 4}, {3, 7}, {2, 6}, {1, 5}], [{8, 4}, {3, 7}, {5, 6}, {1, 2}], [{8, 4}, {5, 7}, {1, 6}, {2, 3}], [{8, 4}, {5, 7}, {2, 6}, {1, 3}], [{8, 4}, {5, 7}, {3, 6}, {1, 2}], [{8, 4}, {5, 7}, {6}, {1, 3}, {2}], [{8, 4}, {6, 7}, {1, 5}, {2, 3}], [{8, 4}, {6, 7}, {2, 5}, {1, 3}], [{8, 4}, {6, 7}, {3, 5}, {1, 2}], [{8, 4}, {7}, {2, 6}, {3, 5}, {1}], [{8, 5}, {1, 7}, {2, 6}, {3, 4}], [{8, 5}, {1, 7}, {2, 6}, {4}, {3}], [{8, 5}, {1, 7}, {3, 6}, {2, 4}], [{8, 5}, {1, 7}, {4, 6}, {2, 3}], [{8, 5}, {1, 7}, {4, 6}, {3}, {2}], [{8, 5}, {1, 7}, {6}, {2, 4}, {3}], [{8, 5}, {2, 7}, {1, 6}, {3, 4}], [{8, 5}, {2, 7}, {3, 6}, {1, 4}], [{8, 5}, {2, 7}, {4, 6}, {1, 3}], [{8, 5}, {2, 7}, {6}, {1, 4}, {3}], [{8, 5}, {3, 7}, {1, 6}, {2, 4}], [{8, 5}, {3, 7}, {2, 6}, {1, 4}], [{8, 5}, {3, 7}, {4, 6}, {1, 2}], [{8, 5}, {3, 7}, {6}, {4}, {1, 2}], [{8, 5}, {4, 7}, {1, 6}, {2, 3}], [{8, 5}, {4, 7}, {2, 6}, {1, 3}], [{8, 5}, {4, 7}, {3, 6}, {1, 2}], [{8, 5}, {6, 7}, {1, 4}, {2, 3}], [{8, 5}, {6, 7}, {2, 4}, {1, 3}], [{8, 5}, {6, 7}, {3, 4}, {1, 2}], [{8, 5}, {6, 7}, {4}, {1, 3}, {2}], [{8, 5}, {7}, {1, 6}, {3, 4}, {2}], [{8, 6}, {1, 7}, {2, 5}, {3, 4}], [{8, 6}, {1, 7}, {3, 5}, {2, 4}], [{8, 6}, {1, 7}, {3, 5}, {4}, {2}], [{8, 6}, {1, 7}, {4, 5}, {2, 3}], [{8, 6}, {1, 7}, {5}, {2, 4}, {3}], [{8, 6}, {2, 7}, {1, 5}, {3, 4}], [{8, 6}, {2, 7}, {1, 5}, {4}, {3}], [{8, 6}, {2, 7}, {3, 5}, {1, 4}], [{8, 6}, {2, 7}, {4, 5}, {1, 3}], [{8, 6}, {2, 7}, {4, 5}, {3}, {1}], [{8, 6}, {2, 7}, {5}, {1, 4}, {3}], [{8, 6}, {3, 7}, {1, 5}, {2, 4}], [{8, 6}, {3, 7}, {2, 5}, {1, 4}], [{8, 6}, {3, 7}, {4, 5}, {1, 2}], [{8, 6}, {4, 7}, {1, 5}, {2, 3}], [{8, 6}, {4, 7}, {2, 5}, {1, 3}], [{8, 6}, {4, 7}, {2, 5}, {3}, {1}], [{8, 6}, {4, 7}, {3, 5}, {1, 2}], [{8, 6}, {5, 7}, {1, 4}, {2, 3}], [{8, 6}, {5, 7}, {2, 4}, {1, 3}], [{8, 6}, {5, 7}, {3, 4}, {1, 2}], [{8, 6}, {5, 7}, {3, 4}, {2}, {1}], [{8, 6}, {7}, {3, 5}, {2, 4}, {1}], [{8, 7}, {1, 6}, {2, 5}, {3, 4}], [{8, 7}, {1, 6}, {3, 5}, {2, 4}], [{8, 7}, {1, 6}, {4, 5}, {2, 3}], [{8, 7}, {2, 6}, {1, 5}, {3, 4}], [{8, 7}, {2, 6}, {3, 5}, {1, 4}], [{8, 7}, {2, 6}, {4, 5}, {1, 3}], [{8, 7}, {2, 6}, {5}, {4}, {1, 3}], [{8, 7}, {3, 6}, {1, 5}, {2, 4}], [{8, 7}, {3, 6}, {2, 5}, {1, 4}], [{8, 7}, {3, 6}, {4, 5}, {1, 2}], [{8, 7}, {4, 6}, {1, 5}, {2, 3}], [{8, 7}, {4, 6}, {1, 5}, {3}, {2}], [{8, 7}, {4, 6}, {2, 5}, {1, 3}], [{8, 7}, {4, 6}, {3, 5}, {1, 2}], [{8, 7}, {5, 6}, {1, 4}, {2, 3}], [{8, 7}, {5, 6}, {2, 4}, {1, 3}], [{8, 7}, {5, 6}, {3, 4}, {1, 2}], [{8, 7}, {5, 6}, {3, 4}, {2}, {1}], [{8, 7}, {6}, {3, 5}, {4}, {1, 2}], [{8}, {1, 7}, {2, 6}, {3, 5}, {4}], [{8}, {1, 7}, {2, 6}, {4, 5}, {3}], [{8}, {1, 7}, {2, 6}, {5}, {3, 4}], [{8}, {1, 7}, {2, 6}, {5}, {4}, {3}], [{8}, {1, 7}, {3, 6}, {2, 5}, {4}], [{8}, {1, 7}, {3, 6}, {4, 5}, {2}], [{8}, {1, 7}, {3, 6}, {5}, {2, 4}], [{8}, {1, 7}, {4, 6}, {2, 5}, {3}], [{8}, {1, 7}, {4, 6}, {3, 5}, {2}], [{8}, {1, 7}, {4, 6}, {5}, {2, 3}], [{8}, {1, 7}, {4, 6}, {5}, {3}, {2}], [{8}, {1, 7}, {5, 6}, {2, 4}, {3}], [{8}, {1, 7}, {5, 6}, {3, 4}, {2}], [{8}, {1, 7}, {5, 6}, {4}, {2, 3}], [{8}, {1, 7}, {6}, {2, 5}, {3, 4}], [{8}, {1, 7}, {6}, {3, 5}, {2, 4}], [{8}, {1, 7}, {6}, {3, 5}, {4}, {2}], [{8}, {1, 7}, {6}, {4, 5}, {2, 3}], [{8}, {1, 7}, {6}, {5}, {2, 4}, {3}], [{8}, {2, 7}, {1, 6}, {4, 5}, {3}], [{8}, {2, 7}, {3, 6}, {1, 5}, {4}], [{8}, {2, 7}, {5, 6}, {1, 4}, {3}], [{8}, {3, 7}, {6}, {2, 5}, {1, 4}], [{8}, {5, 7}, {1, 6}, {4}, {2, 3}]]",2,4 K_1^3 - 6 K_1^2 - 8 K_1 K_2 + K_1 + 3 K_2 + 3 K_3 + 4,O1O2O3O4U5U6U1O5O7U4O6U3U2O8U7U8,O1O2O3U4U5U6U1O7O8U7O6O5U2O4U8U3,O1O2O3U1U4O5U2O6O7U8O4O8U3U7U6U5,c,{'O1O2O3O4U5U6O5U3U2O7U1O6O8U4U7U8'},1,"<a href=""/flatknot/8.857841"">8.857841</a>",t^9-28t^7-64t^6+22t^5+148t^4+53t^3-50t^2-12t+6,-t^2+2t,,
8.857842,O1O2O3O4U5U6O5U3U2O7U1O6O8U7U4U8,4,z^3+30z^2+104z+97,w^4z^3-2w^4z^2+32w^3z^2-6w^3z+110w^2z+97w,False,False,"[[ 0 -1  0  0  2 -1 -1 -1  2],[ 1  0  0  0  3  1  0  0  2],[ 0  0  0  0  1  0  0 -1  1],[ 0  0  0  0  0  0  1 -1  1],[-2 -3 -1  0  0 -3  0 -1  2],[ 1 -1  0  0  3  0 -1  0  2],[ 1  0  0 -1  0  1  0 -1  1],[ 1  0  1  1  1  0  1  0  1],[-2 -2 -1 -1 -2 -2 -1 -1  0]]","[[ 0  2  2  0  0 -1 -1 -1 -1],[-2  0  2  0 -1  0 -1 -3 -3],[-2 -2  0 -1 -1 -1 -1 -2 -2],[ 0  0  1  0  0  1 -1  0  0],[ 0  1  1  0  0  0 -1  0  0],[ 1  0  1 -1  0  0 -1  1  0],[ 1  1  1  1  1  1  0  0  0],[ 1  3  2  0  0 -1  0  0 -1],[ 1  3  2  0  0  0  0  1  0]]",True,"[-2,-2,0,0,1,1,1,1,-2,0,1,0,1,3,3,1,1,1,1,2,2,0,-1,1,0,0,0,1,0,0,1,-1,0,0,0,1]","[-2,-2,0,0,1,1,1,1,-2,0,1,0,1,3,3,1,1,1,1,2,2,0,-1,1,0,0,0,1,0,0,1,-1,0,0,0,1]",t^8+42t^6+223t^4+99t^2,"[-1,-1,-1,-1,0,0,2,2,-1,0,0,0,0,2,2,-1,0,1,2,2,3,1,1,1,1,0,1,1,1,0,0,1,1,1,2,2]","[-2,-2,0,0,1,1,1,1,-2,1,1,1,1,2,2,1,2,0,0,2,3,0,1,1,0,1,1,1,0,2,-1,0,-1,0,0,1]","[-1,-1,-1,-1,0,0,2,2,-1,-1,0,0,0,2,3,0,-1,-1,0,1,0,0,0,0,2,3,1,1,1,1,0,1,0,1,1,-2]",c,"[[{8, 1}, {2, 7}, {3, 6}, {4, 5}], [{8, 1}, {2, 7}, {4, 6}, {3, 5}], [{8, 1}, {2, 7}, {5, 6}, {3, 4}], [{8, 1}, {3, 7}, {2, 6}, {4, 5}], [{8, 1}, {3, 7}, {4, 6}, {2, 5}], [{8, 1}, {3, 7}, {5, 6}, {2, 4}], [{8, 1}, {3, 7}, {5, 6}, {4}, {2}], [{8, 1}, {4, 7}, {2, 6}, {3, 5}], [{8, 1}, {4, 7}, {3, 6}, {2, 5}], [{8, 1}, {4, 7}, {5, 6}, {2, 3}], [{8, 1}, {5, 7}, {2, 6}, {3, 4}], [{8, 1}, {5, 7}, {3, 6}, {2, 4}], [{8, 1}, {5, 7}, {4, 6}, {2, 3}], [{8, 1}, {5, 7}, {4, 6}, {3}, {2}], [{8, 1}, {6, 7}, {2, 5}, {3, 4}], [{8, 1}, {6, 7}, {3, 5}, {2, 4}], [{8, 1}, {6, 7}, {4, 5}, {2, 3}], [{8, 1}, {7}, {2, 6}, {3, 5}, {4}], [{8, 1}, {7}, {3, 6}, {4, 5}, {2}], [{8, 1}, {7}, {6}, {2, 5}, {3, 4}], [{8, 2}, {1, 7}, {3, 6}, {4, 5}], [{8, 2}, {1, 7}, {4, 6}, {3, 5}], [{8, 2}, {1, 7}, {4, 6}, {5}, {3}], [{8, 2}, {1, 7}, {5, 6}, {3, 4}], [{8, 2}, {3, 7}, {1, 6}, {4, 5}], [{8, 2}, {3, 7}, {4, 6}, {1, 5}], [{8, 2}, {3, 7}, {4, 6}, {5}, {1}], [{8, 2}, {3, 7}, {5, 6}, {1, 4}], [{8, 2}, {4, 7}, {1, 6}, {3, 5}], [{8, 2}, {4, 7}, {1, 6}, {5}, {3}], [{8, 2}, {4, 7}, {3, 6}, {1, 5}], [{8, 2}, {4, 7}, {5, 6}, {1, 3}], [{8, 2}, {5, 7}, {1, 6}, {3, 4}], [{8, 2}, {5, 7}, {3, 6}, {1, 4}], [{8, 2}, {5, 7}, {4, 6}, {1, 3}], [{8, 2}, {5, 7}, {6}, {4}, {1, 3}], [{8, 2}, {6, 7}, {1, 5}, {3, 4}], [{8, 2}, {6, 7}, {3, 5}, {1, 4}], [{8, 2}, {6, 7}, {4, 5}, {1, 3}], [{8, 2}, {7}, {4, 6}, {5}, {1, 3}], [{8, 2}, {7}, {6}, {1, 5}, {3, 4}], [{8, 3}, {1, 7}, {2, 6}, {4, 5}], [{8, 3}, {1, 7}, {2, 6}, {5}, {4}], [{8, 3}, {1, 7}, {4, 6}, {2, 5}], [{8, 3}, {1, 7}, {4, 6}, {5}, {2}], [{8, 3}, {1, 7}, {5, 6}, {2, 4}], [{8, 3}, {1, 7}, {6}, {5}, {2, 4}], [{8, 3}, {2, 7}, {1, 6}, {4, 5}], [{8, 3}, {2, 7}, {4, 6}, {1, 5}], [{8, 3}, {2, 7}, {4, 6}, {5}, {1}], [{8, 3}, {2, 7}, {5, 6}, {1, 4}], [{8, 3}, {4, 7}, {1, 6}, {2, 5}], [{8, 3}, {4, 7}, {2, 6}, {1, 5}], [{8, 3}, {4, 7}, {5, 6}, {1, 2}], [{8, 3}, {5, 7}, {1, 6}, {2, 4}], [{8, 3}, {5, 7}, {2, 6}, {1, 4}], [{8, 3}, {5, 7}, {2, 6}, {4}, {1}], [{8, 3}, {5, 7}, {4, 6}, {1, 2}], [{8, 3}, {6, 7}, {1, 5}, {2, 4}], [{8, 3}, {6, 7}, {2, 5}, {1, 4}], [{8, 3}, {6, 7}, {4, 5}, {1, 2}], [{8, 3}, {7}, {2, 6}, {1, 5}, {4}], [{8, 3}, {7}, {4, 6}, {5}, {1, 2}], [{8, 4}, {1, 7}, {2, 6}, {3, 5}], [{8, 4}, {1, 7}, {2, 6}, {5}, {3}], [{8, 4}, {1, 7}, {3, 6}, {2, 5}], [{8, 4}, {1, 7}, {5, 6}, {2, 3}], [{8, 4}, {2, 7}, {1, 6}, {3, 5}], [{8, 4}, {2, 7}, {1, 6}, {5}, {3}], [{8, 4}, {2, 7}, {3, 6}, {1, 5}], [{8, 4}, {2, 7}, {5, 6}, {1, 3}], [{8, 4}, {3, 7}, {1, 6}, {2, 5}], [{8, 4}, {3, 7}, {2, 6}, {1, 5}], [{8, 4}, {3, 7}, {5, 6}, {1, 2}], [{8, 4}, {5, 7}, {1, 6}, {2, 3}], [{8, 4}, {5, 7}, {2, 6}, {1, 3}], [{8, 4}, {5, 7}, {3, 6}, {1, 2}], [{8, 4}, {6, 7}, {1, 5}, {2, 3}], [{8, 4}, {6, 7}, {2, 5}, {1, 3}], [{8, 4}, {6, 7}, {2, 5}, {3}, {1}], [{8, 4}, {6, 7}, {3, 5}, {1, 2}], [{8, 5}, {1, 7}, {2, 6}, {3, 4}], [{8, 5}, {1, 7}, {2, 6}, {4}, {3}], [{8, 5}, {1, 7}, {3, 6}, {2, 4}], [{8, 5}, {1, 7}, {4, 6}, {2, 3}], [{8, 5}, {1, 7}, {4, 6}, {3}, {2}], [{8, 5}, {1, 7}, {6}, {2, 4}, {3}], [{8, 5}, {2, 7}, {1, 6}, {3, 4}], [{8, 5}, {2, 7}, {3, 6}, {1, 4}], [{8, 5}, {2, 7}, {4, 6}, {1, 3}], [{8, 5}, {2, 7}, {4, 6}, {3}, {1}], [{8, 5}, {3, 7}, {1, 6}, {2, 4}], [{8, 5}, {3, 7}, {2, 6}, {1, 4}], [{8, 5}, {3, 7}, {4, 6}, {1, 2}], [{8, 5}, {3, 7}, {4, 6}, {2}, {1}], [{8, 5}, {4, 7}, {1, 6}, {2, 3}], [{8, 5}, {4, 7}, {2, 6}, {1, 3}], [{8, 5}, {4, 7}, {3, 6}, {1, 2}], [{8, 5}, {6, 7}, {1, 4}, {2, 3}], [{8, 5}, {6, 7}, {2, 4}, {1, 3}], [{8, 5}, {6, 7}, {3, 4}, {1, 2}], [{8, 5}, {7}, {4, 6}, {1, 3}, {2}], [{8, 5}, {7}, {4, 6}, {2, 3}, {1}], [{8, 5}, {7}, {4, 6}, {3}, {1, 2}], [{8, 5}, {7}, {4, 6}, {3}, {2}, {1}], [{8, 6}, {1, 7}, {2, 5}, {3, 4}], [{8, 6}, {1, 7}, {3, 5}, {2, 4}], [{8, 6}, {1, 7}, {4, 5}, {2, 3}], [{8, 6}, {1, 7}, {5}, {2, 4}, {3}], [{8, 6}, {2, 7}, {1, 5}, {3, 4}], [{8, 6}, {2, 7}, {3, 5}, {1, 4}], [{8, 6}, {2, 7}, {4, 5}, {1, 3}], [{8, 6}, {3, 7}, {1, 5}, {2, 4}], [{8, 6}, {3, 7}, {2, 5}, {1, 4}], [{8, 6}, {3, 7}, {4, 5}, {1, 2}], [{8, 6}, {4, 7}, {1, 5}, {2, 3}], [{8, 6}, {4, 7}, {2, 5}, {1, 3}], [{8, 6}, {4, 7}, {3, 5}, {1, 2}], [{8, 6}, {4, 7}, {5}, {1, 3}, {2}], [{8, 6}, {5, 7}, {1, 4}, {2, 3}], [{8, 6}, {5, 7}, {2, 4}, {1, 3}], [{8, 6}, {5, 7}, {3, 4}, {1, 2}], [{8, 6}, {7}, {3, 5}, {2, 4}, {1}], [{8, 7}, {1, 6}, {2, 5}, {3, 4}], [{8, 7}, {1, 6}, {3, 5}, {2, 4}], [{8, 7}, {1, 6}, {4, 5}, {2, 3}], [{8, 7}, {1, 6}, {5}, {3, 4}, {2}], [{8, 7}, {2, 6}, {1, 5}, {3, 4}], [{8, 7}, {2, 6}, {3, 5}, {1, 4}], [{8, 7}, {2, 6}, {3, 5}, {4}, {1}], [{8, 7}, {2, 6}, {4, 5}, {1, 3}], [{8, 7}, {3, 6}, {1, 5}, {2, 4}], [{8, 7}, {3, 6}, {2, 5}, {1, 4}], [{8, 7}, {3, 6}, {4, 5}, {1, 2}], [{8, 7}, {4, 6}, {1, 5}, {2, 3}], [{8, 7}, {4, 6}, {1, 5}, {3}, {2}], [{8, 7}, {4, 6}, {2, 5}, {1, 3}], [{8, 7}, {4, 6}, {3, 5}, {1, 2}], [{8, 7}, {5, 6}, {1, 4}, {2, 3}], [{8, 7}, {5, 6}, {2, 4}, {1, 3}], [{8, 7}, {5, 6}, {3, 4}, {1, 2}], [{8, 7}, {6}, {2, 5}, {4}, {1, 3}], [{8, 7}, {6}, {4, 5}, {3}, {1, 2}], [{8}, {1, 7}, {2, 6}, {3, 5}, {4}], [{8}, {1, 7}, {2, 6}, {4, 5}, {3}], [{8}, {1, 7}, {2, 6}, {5}, {3, 4}], [{8}, {1, 7}, {2, 6}, {5}, {4}, {3}], [{8}, {1, 7}, {3, 6}, {5}, {2, 4}], [{8}, {1, 7}, {4, 6}, {2, 5}, {3}], [{8}, {1, 7}, {4, 6}, {3, 5}, {2}], [{8}, {1, 7}, {4, 6}, {5}, {2, 3}], [{8}, {1, 7}, {4, 6}, {5}, {3}, {2}], [{8}, {1, 7}, {5, 6}, {2, 4}, {3}], [{8}, {1, 7}, {6}, {3, 5}, {2, 4}], [{8}, {1, 7}, {6}, {5}, {2, 4}, {3}], [{8}, {2, 7}, {1, 6}, {3, 5}, {4}], [{8}, {2, 7}, {4, 6}, {3, 5}, {1}], [{8}, {2, 7}, {5, 6}, {3, 4}, {1}], [{8}, {2, 7}, {6}, {3, 5}, {1, 4}], [{8}, {3, 7}, {1, 6}, {2, 5}, {4}], [{8}, {3, 7}, {4, 6}, {2, 5}, {1}], [{8}, {3, 7}, {6}, {2, 5}, {1, 4}], [{8}, {7}, {4, 6}, {2, 5}, {1, 3}], [{8}, {7}, {4, 6}, {3, 5}, {1, 2}]]",2,4 K_1^3 - 4 K_1 K_2 - K_1 + K_3 + 1,O1O2O3O4U5U1U6O5O7U4O6U3U2O8U7U8,O1O2O3U4U5U6U2O7O8U7O6O5U1O4U8U3,O1O2O3U1U4O5U3O6O7U8O4O8U2U7U6U5,c,{'O1O2O3O4U5U6O5U3U2O7U1O6O8U7U4U8'},1,"<a href=""/flatknot/8.857842"">8.857842</a>",t^9-38t^7-88t^6+115t^5+482t^4+245t^3-270t^2-171t+2,-2t^2+4t,,
8.857843,O1O2O3O4U5U6O5U3U2O7U1O6O8U7U8U4,4,4z^3+35z^2+108z+109,4w^4z^3+35w^3z^2+108w^2z+109w,False,False,"[[ 0 -1  0  0  3 -1 -1 -1  1],[ 1  0  0  0  3  1  0  0  1],[ 0  0  0  0  1  0  0 -1  0],[ 0  0  0  0  0  0  1 -1  0],[-3 -3 -1  0  0 -4 -1 -2  1],[ 1 -1  0  0  4  0 -1  0  1],[ 1  0  0 -1  1  1  0 -1  0],[ 1  0  1  1  2  0  1  0  1],[-1 -1  0  0 -1 -1  0 -1  0]]","[[ 0  3  1  0  0 -1 -1 -1 -1],[-3  0  1  0 -1 -1 -2 -3 -4],[-1 -1  0  0  0  0 -1 -1 -1],[ 0  0  0  0  0  1 -1  0  0],[ 0  1  0  0  0  0 -1  0  0],[ 1  1  0 -1  0  0 -1  0  1],[ 1  2  1  1  1  1  0  0  0],[ 1  3  1  0  0  0  0  0  1],[ 1  4  1  0  0 -1  0 -1  0]]",True,"[-3,-1,0,0,1,1,1,1,-1,0,1,1,2,3,4,0,0,0,1,1,1,0,-1,1,0,0,0,1,0,0,1,0,-1,0,0,-1]","[-3,-1,0,0,1,1,1,1,-1,0,1,1,2,3,4,0,0,0,1,1,1,0,-1,1,0,0,0,1,0,0,1,0,-1,0,0,-1]",t^8+41t^6+184t^4+71t^2+4,"[-1,-1,-1,-1,0,0,1,3,-1,0,0,0,0,1,2,-1,0,1,2,2,3,1,1,1,1,0,1,1,1,1,0,1,2,1,3,3]","[-3,-1,0,0,1,1,1,1,3,2,3,0,1,2,3,1,1,1,1,1,2,0,1,1,0,1,1,1,0,2,-1,0,-1,0,0,1]","[-1,-1,-1,-1,0,0,1,3,-1,-1,0,0,0,1,4,0,-1,-1,0,0,1,0,0,0,1,3,1,1,1,2,0,0,0,0,1,-1]",c,"[[{8, 1}, {2, 7}, {3, 6}, {4, 5}], [{8, 1}, {2, 7}, {4, 6}, {3, 5}], [{8, 1}, {2, 7}, {5, 6}, {3, 4}], [{8, 1}, {3, 7}, {2, 6}, {4, 5}], [{8, 1}, {3, 7}, {4, 6}, {2, 5}], [{8, 1}, {3, 7}, {5, 6}, {2, 4}], [{8, 1}, {4, 7}, {2, 6}, {3, 5}], [{8, 1}, {4, 7}, {3, 6}, {2, 5}], [{8, 1}, {4, 7}, {3, 6}, {5}, {2}], [{8, 1}, {4, 7}, {5, 6}, {2, 3}], [{8, 1}, {4, 7}, {5, 6}, {3}, {2}], [{8, 1}, {4, 7}, {6}, {3, 5}, {2}], [{8, 1}, {5, 7}, {2, 6}, {3, 4}], [{8, 1}, {5, 7}, {3, 6}, {2, 4}], [{8, 1}, {5, 7}, {4, 6}, {2, 3}], [{8, 1}, {5, 7}, {4, 6}, {3}, {2}], [{8, 1}, {6, 7}, {2, 5}, {3, 4}], [{8, 1}, {6, 7}, {2, 5}, {4}, {3}], [{8, 1}, {6, 7}, {3, 5}, {2, 4}], [{8, 1}, {6, 7}, {4, 5}, {2, 3}], [{8, 1}, {6, 7}, {4, 5}, {3}, {2}], [{8, 1}, {6, 7}, {5}, {2, 4}, {3}], [{8, 2}, {1, 7}, {3, 6}, {4, 5}], [{8, 2}, {1, 7}, {4, 6}, {3, 5}], [{8, 2}, {1, 7}, {5, 6}, {3, 4}], [{8, 2}, {3, 7}, {1, 6}, {4, 5}], [{8, 2}, {3, 7}, {1, 6}, {5}, {4}], [{8, 2}, {3, 7}, {4, 6}, {1, 5}], [{8, 2}, {3, 7}, {4, 6}, {5}, {1}], [{8, 2}, {3, 7}, {5, 6}, {1, 4}], [{8, 2}, {3, 7}, {6}, {5}, {1, 4}], [{8, 2}, {4, 7}, {1, 6}, {3, 5}], [{8, 2}, {4, 7}, {3, 6}, {1, 5}], [{8, 2}, {4, 7}, {5, 6}, {1, 3}], [{8, 2}, {4, 7}, {6}, {1, 5}, {3}], [{8, 2}, {5, 7}, {1, 6}, {3, 4}], [{8, 2}, {5, 7}, {3, 6}, {1, 4}], [{8, 2}, {5, 7}, {4, 6}, {1, 3}], [{8, 2}, {6, 7}, {1, 5}, {3, 4}], [{8, 2}, {6, 7}, {1, 5}, {4}, {3}], [{8, 2}, {6, 7}, {3, 5}, {1, 4}], [{8, 2}, {6, 7}, {4, 5}, {1, 3}], [{8, 2}, {6, 7}, {4, 5}, {3}, {1}], [{8, 2}, {6, 7}, {5}, {1, 4}, {3}], [{8, 2}, {7}, {3, 6}, {5}, {1, 4}], [{8, 2}, {7}, {4, 6}, {1, 5}, {3}], [{8, 3}, {1, 7}, {2, 6}, {4, 5}], [{8, 3}, {1, 7}, {4, 6}, {2, 5}], [{8, 3}, {1, 7}, {5, 6}, {2, 4}], [{8, 3}, {2, 7}, {1, 6}, {4, 5}], [{8, 3}, {2, 7}, {4, 6}, {1, 5}], [{8, 3}, {2, 7}, {4, 6}, {5}, {1}], [{8, 3}, {2, 7}, {5, 6}, {1, 4}], [{8, 3}, {4, 7}, {1, 6}, {2, 5}], [{8, 3}, {4, 7}, {1, 6}, {5}, {2}], [{8, 3}, {4, 7}, {2, 6}, {1, 5}], [{8, 3}, {4, 7}, {5, 6}, {1, 2}], [{8, 3}, {4, 7}, {5, 6}, {2}, {1}], [{8, 3}, {4, 7}, {6}, {1, 5}, {2}], [{8, 3}, {5, 7}, {1, 6}, {2, 4}], [{8, 3}, {5, 7}, {2, 6}, {1, 4}], [{8, 3}, {5, 7}, {4, 6}, {1, 2}], [{8, 3}, {6, 7}, {1, 5}, {2, 4}], [{8, 3}, {6, 7}, {1, 5}, {4}, {2}], [{8, 3}, {6, 7}, {2, 5}, {1, 4}], [{8, 3}, {6, 7}, {4, 5}, {1, 2}], [{8, 3}, {7}, {4, 6}, {1, 5}, {2}], [{8, 4}, {1, 7}, {2, 6}, {3, 5}], [{8, 4}, {1, 7}, {3, 6}, {2, 5}], [{8, 4}, {1, 7}, {5, 6}, {2, 3}], [{8, 4}, {1, 7}, {5, 6}, {3}, {2}], [{8, 4}, {2, 7}, {1, 6}, {3, 5}], [{8, 4}, {2, 7}, {3, 6}, {1, 5}], [{8, 4}, {2, 7}, {5, 6}, {1, 3}], [{8, 4}, {3, 7}, {1, 6}, {2, 5}], [{8, 4}, {3, 7}, {2, 6}, {1, 5}], [{8, 4}, {3, 7}, {5, 6}, {1, 2}], [{8, 4}, {5, 7}, {1, 6}, {2, 3}], [{8, 4}, {5, 7}, {1, 6}, {3}, {2}], [{8, 4}, {5, 7}, {2, 6}, {1, 3}], [{8, 4}, {5, 7}, {3, 6}, {1, 2}], [{8, 4}, {6, 7}, {1, 5}, {2, 3}], [{8, 4}, {6, 7}, {1, 5}, {3}, {2}], [{8, 4}, {6, 7}, {2, 5}, {1, 3}], [{8, 4}, {6, 7}, {2, 5}, {3}, {1}], [{8, 4}, {6, 7}, {3, 5}, {1, 2}], [{8, 4}, {6, 7}, {5}, {3}, {1, 2}], [{8, 5}, {1, 7}, {2, 6}, {3, 4}], [{8, 5}, {1, 7}, {3, 6}, {2, 4}], [{8, 5}, {1, 7}, {4, 6}, {2, 3}], [{8, 5}, {1, 7}, {4, 6}, {3}, {2}], [{8, 5}, {2, 7}, {1, 6}, {3, 4}], [{8, 5}, {2, 7}, {3, 6}, {1, 4}], [{8, 5}, {2, 7}, {4, 6}, {1, 3}], [{8, 5}, {3, 7}, {1, 6}, {2, 4}], [{8, 5}, {3, 7}, {2, 6}, {1, 4}], [{8, 5}, {3, 7}, {4, 6}, {1, 2}], [{8, 5}, {4, 7}, {1, 6}, {2, 3}], [{8, 5}, {4, 7}, {1, 6}, {3}, {2}], [{8, 5}, {4, 7}, {2, 6}, {1, 3}], [{8, 5}, {4, 7}, {3, 6}, {1, 2}], [{8, 5}, {4, 7}, {3, 6}, {2}, {1}], [{8, 5}, {4, 7}, {6}, {1, 3}, {2}], [{8, 5}, {6, 7}, {1, 4}, {2, 3}], [{8, 5}, {6, 7}, {1, 4}, {3}, {2}], [{8, 5}, {6, 7}, {2, 4}, {1, 3}], [{8, 5}, {6, 7}, {2, 4}, {3}, {1}], [{8, 5}, {6, 7}, {3, 4}, {1, 2}], [{8, 5}, {6, 7}, {4}, {3}, {1, 2}], [{8, 6}, {1, 7}, {2, 5}, {3, 4}], [{8, 6}, {1, 7}, {3, 5}, {2, 4}], [{8, 6}, {1, 7}, {4, 5}, {2, 3}], [{8, 6}, {1, 7}, {4, 5}, {3}, {2}], [{8, 6}, {2, 7}, {1, 5}, {3, 4}], [{8, 6}, {2, 7}, {3, 5}, {1, 4}], [{8, 6}, {2, 7}, {4, 5}, {1, 3}], [{8, 6}, {3, 7}, {1, 5}, {2, 4}], [{8, 6}, {3, 7}, {2, 5}, {1, 4}], [{8, 6}, {3, 7}, {4, 5}, {1, 2}], [{8, 6}, {4, 7}, {1, 5}, {2, 3}], [{8, 6}, {4, 7}, {1, 5}, {3}, {2}], [{8, 6}, {4, 7}, {2, 5}, {1, 3}], [{8, 6}, {4, 7}, {3, 5}, {1, 2}], [{8, 6}, {4, 7}, {3, 5}, {2}, {1}], [{8, 6}, {4, 7}, {5}, {1, 3}, {2}], [{8, 6}, {5, 7}, {1, 4}, {2, 3}], [{8, 6}, {5, 7}, {1, 4}, {3}, {2}], [{8, 6}, {5, 7}, {2, 4}, {1, 3}], [{8, 6}, {5, 7}, {3, 4}, {1, 2}], [{8, 7}, {1, 6}, {2, 5}, {3, 4}], [{8, 7}, {1, 6}, {3, 5}, {2, 4}], [{8, 7}, {1, 6}, {4, 5}, {2, 3}], [{8, 7}, {1, 6}, {4, 5}, {3}, {2}], [{8, 7}, {1, 6}, {5}, {4}, {2, 3}], [{8, 7}, {2, 6}, {1, 5}, {3, 4}], [{8, 7}, {2, 6}, {3, 5}, {1, 4}], [{8, 7}, {2, 6}, {4, 5}, {1, 3}], [{8, 7}, {3, 6}, {1, 5}, {2, 4}], [{8, 7}, {3, 6}, {2, 5}, {1, 4}], [{8, 7}, {3, 6}, {4, 5}, {1, 2}], [{8, 7}, {4, 6}, {1, 5}, {2, 3}], [{8, 7}, {4, 6}, {1, 5}, {3}, {2}], [{8, 7}, {4, 6}, {2, 5}, {1, 3}], [{8, 7}, {4, 6}, {3, 5}, {1, 2}], [{8, 7}, {5, 6}, {1, 4}, {2, 3}], [{8, 7}, {5, 6}, {1, 4}, {3}, {2}], [{8, 7}, {5, 6}, {2, 4}, {1, 3}], [{8, 7}, {5, 6}, {3, 4}, {1, 2}], [{8, 7}, {6}, {2, 5}, {4}, {1, 3}], [{8}, {1, 7}, {2, 6}, {5}, {3, 4}], [{8}, {1, 7}, {3, 6}, {5}, {2, 4}], [{8}, {2, 7}, {1, 6}, {5}, {3, 4}], [{8}, {2, 7}, {4, 6}, {1, 5}, {3}], [{8}, {2, 7}, {6}, {3, 5}, {1, 4}], [{8}, {3, 7}, {4, 6}, {1, 5}, {2}], [{8}, {4, 7}, {1, 6}, {3, 5}, {2}], [{8}, {4, 7}, {2, 6}, {1, 5}, {3}], [{8}, {4, 7}, {3, 6}, {1, 5}, {2}], [{8}, {4, 7}, {5, 6}, {1, 3}, {2}], [{8}, {4, 7}, {6}, {1, 5}, {2, 3}], [{8}, {4, 7}, {6}, {1, 5}, {3}, {2}], [{8}, {5, 7}, {6}, {2, 4}, {1, 3}], [{8}, {6, 7}, {1, 5}, {2, 4}, {3}], [{8}, {6, 7}, {1, 5}, {3, 4}, {2}], [{8}, {6, 7}, {1, 5}, {4}, {2, 3}], [{8}, {6, 7}, {1, 5}, {4}, {3}, {2}], [{8}, {6, 7}, {2, 5}, {1, 4}, {3}], [{8}, {6, 7}, {4, 5}, {3}, {1, 2}], [{8}, {7}, {4, 6}, {1, 5}, {2, 3}], [{8}, {7}, {4, 6}, {1, 5}, {3}, {2}], [{8}, {7}, {4, 6}, {2, 5}, {1, 3}], [{8}, {7}, {4, 6}, {3, 5}, {1, 2}]]",2,- 6 K_1^2 - 10 K_1 K_2 - 2 K_1 K_3 + 5 K_1 - 2 K_2^2 + 4 K_2 + 5 K_3 + 2 K_4 + 5,O1O2O3O4U1U5U6O5O7U4O6U3U2O8U7U8,O1O2O3U4U5U6U3O7O8U7O6O5U1O4U8U2,O1O2O3U2U4O5U3O6O7U8O4O8U1U7U6U5,c,{'O1O2O3O4U5U6O5U3U2O7U1O6O8U7U8U4'},1,"<a href=""/flatknot/8.857843"">8.857843</a>",t^9-35t^7-62t^6+92t^5+220t^4+39t^3-66t^2-24t-4,-t^3+3t,,
8.857844,O1O2O3O4U5U6O5U3U2O7U4O6O8U1U8U7,4,6z^3+43z^2+110z+97,6w^4z^3+43w^3z^2+110w^2z+97w,False,False,"[[ 0 -2  0  0  2 -1 -1  1  1],[ 2  0  0  0  3  1  0  2  1],[ 0  0  0  0  2  0 -1  0  0],[ 0  0  0  0  1  0  0  0  0],[-2 -3 -2 -1  0 -2 -1  0  0],[ 1 -1  0  0  2  0 -1  2  1],[ 1  0  1  0  1  1  0  1  1],[-1 -2  0  0  0 -2 -1  0  0],[-1 -1  0  0  0 -1 -1  0  0]]","[[ 0  2  1  1  0  0 -1 -1 -2],[-2  0  0  0 -1 -2 -1 -2 -3],[-1  0  0  0  0  0 -1 -1 -1],[-1  0  0  0  0  0 -1 -2 -2],[ 0  1  0  0  0  0  0  0  0],[ 0  2  0  0  0  0 -1  0  0],[ 1  1  1  1  0  1  0  1  0],[ 1  2  1  2  0  0 -1  0 -1],[ 2  3  1  2  0  0  0  1  0]]",True,"[-2,-1,-1,0,0,1,1,2,0,0,1,2,1,2,3,0,0,0,1,1,1,0,0,1,2,2,0,0,0,0,1,0,0,-1,0,1]","[-2,-1,-1,0,0,1,1,2,0,0,1,2,1,2,3,0,0,0,1,1,1,0,0,1,2,2,0,0,0,0,1,0,0,-1,0,1]",t^8+34t^6+105t^4+40t^2,"[-2,-1,-1,0,0,1,1,2,0,1,2,2,1,2,1,1,1,1,0,1,1,0,1,1,1,2,0,1,1,0,1,1,1,0,1,1]","[-2,-1,-1,0,0,1,1,2,1,1,0,1,1,2,1,0,1,1,0,1,1,1,1,1,1,2,0,1,0,2,1,1,2,-1,0,1]","[-2,-1,-1,0,0,1,1,2,0,1,0,0,1,2,3,1,0,1,1,1,1,0,0,1,2,2,0,0,0,1,0,0,2,0,0,0]",c,"[[{8, 1}, {2, 7}, {4, 6}, {3, 5}], [{8, 1}, {3, 7}, {4, 6}, {2, 5}], [{8, 1}, {3, 7}, {5, 6}, {2, 4}], [{8, 1}, {6, 7}, {3, 5}, {2, 4}], [{8, 4}, {2, 7}, {1, 6}, {3, 5}], [{8, 4}, {3, 7}, {1, 6}, {2, 5}], [{8, 5}, {6, 7}, {1, 4}, {2, 3}], [{8, 5}, {6, 7}, {2, 4}, {1, 3}], [{8, 5}, {6, 7}, {3, 4}, {1, 2}], [{8, 7}, {1, 6}, {3, 5}, {2, 4}]]",1,- 2 K_1^2 - 8 K_1 K_2 - 2 K_1 K_3 + 4 K_1 - 2 K_2^2 + 2 K_2 + 4 K_3 + 2 K_4 + 3,O1O2O3O4U5U6U4O6O7U1O5U3U2O8U7U8,O1O2O3U1U4U5U6O7O8U7O5O4U3O6U8U2,O1O2O3U2U4O5U1O6O7U8O4O8U5U7U6U3,c,{'O1O2O3O4U5U6O5U3U2O7U4O6O8U1U8U7'},1,"<a href=""/flatknot/8.857844"">8.857844</a>",t^9-34t^7-42t^6+113t^5+110t^4-68t^3-18t^2-12t-2,0,,
8.857845,O1O2O3O4U5U6O5U3U2O7U4O6O8U7U1U8,4,6z^3+43z^2+110z+97,6w^4z^3+43w^3z^2+110w^2z+97w,False,False,"[[ 0 -1  0  0  2 -1 -1 -1  2],[ 1  0  0  0  2  0  0  0  2],[ 0  0  0  0  2  0 -1  0  0],[ 0  0  0  0  1  0  0  0  0],[-2 -2 -2 -1  0 -2 -1  0  1],[ 1  0  0  0  2  0 -1  0  2],[ 1  0  1  0  1  1  0 -1  1],[ 1  0  0  0  0  0  1  0  1],[-2 -2  0  0 -1 -2 -1 -1  0]]","[[ 0  2  2  0  0 -1 -1 -1 -1],[-2  0  1 -1 -2  0 -1 -2 -2],[-2 -1  0  0  0 -1 -1 -2 -2],[ 0  1  0  0  0  0  0  0  0],[ 0  2  0  0  0  0 -1  0  0],[ 1  0  1  0  0  0  1  0  0],[ 1  1  1  0  1 -1  0  1  0],[ 1  2  2  0  0  0 -1  0  0],[ 1  2  2  0  0  0  0  0  0]]",True,"[-2,-2,0,0,1,1,1,1,-1,1,2,0,1,2,2,0,0,1,1,2,2,0,0,0,0,0,0,1,0,0,-1,0,0,-1,0,0]","[-2,-2,0,0,1,1,1,1,-1,1,2,0,1,2,2,0,0,1,1,2,2,0,0,0,0,0,0,1,0,0,-1,0,0,-1,0,0]",t^8+28t^6+117t^4+66t^2,"[-1,-1,-1,-1,0,0,2,2,-1,0,0,1,1,2,3,-1,0,0,1,2,2,0,1,1,1,1,1,1,1,1,0,2,0,2,1,1]","[-2,-2,0,0,1,1,1,1,-1,2,2,1,1,2,2,0,1,1,1,2,3,0,1,1,0,1,1,1,1,1,0,-1,0,0,0,-1]","[-1,-1,-1,-1,0,0,2,2,-1,0,0,0,0,2,2,-1,0,0,1,1,1,0,0,0,0,1,0,0,2,2,0,1,0,2,0,1]",c,"[[{8, 1}, {3, 7}, {5, 6}, {2, 4}], [{8, 2}, {1, 7}, {5, 6}, {3, 4}], [{8, 2}, {3, 7}, {5, 6}, {1, 4}]]",1,- 6 K_1^2 - 8 K_1 K_2 - 2 K_1 K_3 + 4 K_1 - 2 K_2^2 + 4 K_2 + 4 K_3 + 2 K_4 + 5,O1O2O3O4U5U4U6O5O7U1O6U3U2O8U7U8,O1O2O3U2U4U5U6O7O8U7O5O4U1O6U8U3,O1O2O3U1U4O5U3O6O7U8O4O8U5U7U6U2,c,{'O1O2O3O4U5U6O5U3U2O7U4O6O8U7U1U8'},1,"<a href=""/flatknot/8.857845"">8.857845</a>",t^9-24t^7-28t^6+85t^5+86t^4-79t^3-44t^2+7t,-2t^2+4t,,
8.857846,O1O2O3O4U5U6O5U3U2O7U8O6O8U1U4U7,4,6z^3+47z^2+114z+89,6w^4z^3+47w^3z^2+114w^2z+89w,False,False,"[[ 0 -2  0  0  2 -1 -1  1  1],[ 2  0  1  1  3  1  0  1  3],[ 0 -1  0  0  1  0  0  0  1],[ 0 -1  0  0  0  0  1  0  1],[-2 -3 -1  0  0 -3 -2  0 -1],[ 1 -1  0  0  3  0 -1  2  1],[ 1  0  0 -1  2  1  0  2  1],[-1 -1  0  0  0 -2 -2  0 -1],[-1 -3 -1 -1  1 -1 -1  1  0]]","[[ 0  2  1  1  0  0 -1 -1 -2],[-2  0  0 -1  0 -1 -2 -3 -3],[-1  0  0 -1  0  0 -2 -2 -1],[-1  1  1  0 -1 -1 -1 -1 -3],[ 0  0  0  1  0  0  1  0 -1],[ 0  1  0  1  0  0  0  0 -1],[ 1  2  2  1 -1  0  0  1  0],[ 1  3  2  1  0  0 -1  0 -1],[ 2  3  1  3  1  1  0  1  0]]",True,"[-2,-1,-1,0,0,1,1,2,0,1,0,1,2,3,3,1,0,0,2,2,1,1,1,1,1,3,0,-1,0,1,0,0,1,-1,0,1]","[-2,-1,-1,0,0,1,1,2,0,1,0,1,2,3,3,1,0,0,2,2,1,1,1,1,1,3,0,-1,0,1,0,0,1,-1,0,1]",t^8+52t^6+288t^4+99t^2+4,"[-2,-1,-1,0,0,1,1,2,0,1,1,1,0,2,1,1,1,1,1,0,0,1,2,1,0,1,0,0,1,1,0,1,2,-1,0,1]","[-2,-1,-1,0,0,1,1,2,0,1,1,2,0,1,1,1,0,0,1,1,0,1,1,0,0,2,0,1,1,1,1,2,1,-1,0,1]","[-2,-1,-1,0,0,1,1,2,0,1,1,1,1,3,3,1,-1,0,2,1,2,0,0,2,1,3,0,0,1,0,0,1,1,-1,0,1]",c,"[[{8, 1}, {2, 7}, {4, 6}, {3, 5}], [{8, 1}, {3, 7}, {4, 6}, {2, 5}], [{8, 1}, {3, 7}, {6}, {2, 5}, {4}], [{8, 4}, {2, 7}, {1, 6}, {3, 5}], [{8, 4}, {3, 7}, {1, 6}, {2, 5}], [{8, 4}, {3, 7}, {6}, {2, 5}, {1}], [{8, 6}, {2, 7}, {3, 5}, {1, 4}], [{8, 6}, {3, 7}, {2, 5}, {1, 4}], [{8, 6}, {5, 7}, {1, 4}, {2, 3}], [{8}, {2, 7}, {1, 6}, {3, 5}, {4}], [{8}, {3, 7}, {6}, {2, 5}, {1, 4}]]",1,4 K_1^3 - 4 K_1 K_2 - K_1 + K_3 + 1,O1O2O3O4U5U1U4O6O7U6O5U3U2O8U7U8,O1O2O3U1U4U5U2O6O7U6O5O4U3O8U7U8,O1O2O3U4U5O4U1O6O7U8O5O8U2U7U6U3,c,{'O1O2O3O4U5U6O5U3U2O7U8O6O8U1U4U7'},1,"<a href=""/flatknot/8.857846"">8.857846</a>",t^9-52t^7-114t^6+178t^5+426t^4-75t^3-218t^2+22t+28,0,,
8.857847,O1O2O3O4U5U6O5U3U2O7U8O6O8U1U7U4,4,6z^3+46z^2+113z+91,6w^4z^3+46w^3z^2+113w^2z+91w,False,False,"[[ 0 -2  0  0  3 -1 -1  0  1],[ 2  0  1  1  4  1  0  0  3],[ 0 -1  0  0  1  0  0 -1  1],[ 0 -1  0  0  0  0  1 -1  1],[-3 -4 -1  0  0 -4 -2 -1 -2],[ 1 -1  0  0  4  0 -1  1  1],[ 1  0  0 -1  2  1  0  1  1],[ 0  0  1  1  1 -1 -1  0  0],[-1 -3 -1 -1  2 -1 -1  0  0]]","[[ 0  3  1  0  0  0 -1 -1 -2],[-3  0 -2  0 -1 -1 -2 -4 -4],[-1  2  0 -1  0 -1 -1 -1 -3],[ 0  0  1  0 -1  0  1  0 -1],[ 0  1  0  1  0  1 -1 -1  0],[ 0  1  1  0 -1  0  0  0 -1],[ 1  2  1 -1  1  0  0  1  0],[ 1  4  1  0  1  0 -1  0 -1],[ 2  4  3  1  0  1  0  1  0]]",True,"[-3,-1,0,0,0,1,1,2,2,0,1,1,2,4,4,1,0,1,1,1,3,1,0,-1,0,1,-1,1,1,0,0,0,1,-1,0,1]","[-3,-1,0,0,0,1,1,2,0,2,2,3,0,2,1,0,1,0,1,1,0,-1,0,1,1,1,1,0,0,2,1,2,1,-1,0,1]",t^8+64t^6+447t^4+126t^2+4,"[-2,-1,-1,0,0,0,1,3,0,1,1,1,2,0,1,1,1,1,0,1,0,1,2,0,1,2,0,1,0,2,1,0,3,1,2,0]","[-3,-1,0,0,0,1,1,2,0,2,2,3,0,2,1,0,1,0,1,1,0,-1,0,1,1,1,1,0,0,2,1,2,1,-1,0,1]","[-2,-1,-1,0,0,0,1,3,0,1,0,1,1,3,4,1,1,-1,0,1,2,1,0,0,1,4,1,1,0,1,0,1,0,1,1,2]",c,"[[{8, 7}, {2, 6}, {3, 5}, {1, 4}], [{8, 7}, {6}, {3, 5}, {1, 4}, {2}]]",1,4 K_1^3 + 4 K_1^2 K_2 - 2 K_1^2 - 6 K_1 K_2 - 4 K_1 K_3 + K_2 + 2 K_3 + K_4 + 1,O1O2O3O4U1U5U4O6O7U6O5U3U2O8U7U8,O1O2O3U1U4U5U3O6O7U6O5O4U2O8U7U8,O1O2O3U4U5O4U2O6O7U8O5O8U1U7U6U3,c,{'O1O2O3O4U5U6O5U3U2O7U8O6O8U1U7U4'},1,"<a href=""/flatknot/8.857847"">8.857847</a>",t^9-60t^7-166t^6+152t^5+546t^4-259t^3-384t^2+267t+36,-t^3+t^2+t,,
8.857848,O1O2O3O4U5U6O5U3U2O7U8O6O8U4U1U7,4,5z^3+45z^2+113z+87,5w^4z^3-2w^4z^2+47w^3z^2+113w^2z+87w,False,False,"[[ 0 -1  0  0  1 -1 -1  1  1],[ 1  0  0  0  2  0 -1  1  2],[ 0  0  0  0  1  0  0  0  1],[ 0  0  0  0  0  0  1  0  1],[-1 -2 -1  0  0 -2 -1  0  0],[ 1  0  0  0  2  0 -1  2  1],[ 1  1  0 -1  1  1  0  2  1],[-1 -1  0  0  0 -2 -2  0 -1],[-1 -2 -1 -1  0 -1 -1  1  0]]","[[ 0  1  1  1  0  0 -1 -1 -1],[-1  0  1  0 -1 -1 -1 -1 -2],[-1 -1  0  0  0  0 -2 -2 -1],[-1  0  0  0  0 -1 -1 -2 -2],[ 0  1  0  0  0  0  1  0  0],[ 0  1  0  1  0  0  0  0  0],[ 1  1  2  1 -1  0  0  1  1],[ 1  1  2  2  0  0 -1  0  0],[ 1  2  1  2  0  0 -1  0  0]]",True,"[-1,-1,-1,0,0,1,1,1,-1,0,1,1,1,1,2,0,0,0,2,2,1,0,1,1,2,2,0,-1,0,0,0,0,0,-1,-1,0]","[-1,-1,-1,0,0,1,1,1,-1,-1,1,2,0,1,1,0,1,1,0,0,1,1,1,1,0,0,0,1,0,0,1,1,0,0,1,0]",t^8+31t^6+127t^4+61t^2+4,"[-1,-1,-1,0,0,1,1,1,-1,-1,1,2,0,1,1,0,1,1,0,0,1,1,1,1,0,0,0,1,0,0,1,1,0,0,1,0]","[-1,-1,-1,0,0,1,1,1,-1,0,1,1,0,0,1,0,0,0,1,1,0,0,1,0,1,0,0,1,1,1,1,2,1,-1,0,1]","[-1,-1,-1,0,0,1,1,1,-1,0,0,0,1,2,2,1,-1,0,1,1,2,0,0,2,2,1,0,1,0,0,1,1,0,0,1,0]",c,"[[{8, 1}, {5, 7}, {4, 6}, {2, 3}], [{8, 1}, {5, 7}, {4, 6}, {3}, {2}], [{8, 5}, {1, 7}, {4, 6}, {2, 3}], [{8, 5}, {1, 7}, {4, 6}, {3}, {2}], [{8, 6}, {4, 7}, {3, 5}, {1, 2}]]",1,4 K_1^3 - 4 K_1^2 - 8 K_1 K_2 + K_1 + 2 K_2 + 3 K_3 + 3,O1O2O3O4U5U4U1O6O7U6O5U3U2O8U7U8,O1O2O3U2U4U5U1O6O7U6O5O4U3O8U7U8,O1O2O3U4U5O4U1O6O7U8O5O8U3U7U6U2,c,{'O1O2O3O4U5U6O5U3U2O7U8O6O8U4U1U7'},1,"<a href=""/flatknot/8.857848"">8.857848</a>",t^9-31t^7-42t^6+91t^5+80t^4-68t^3-36t^2+t+2,0,,
8.857849,O1O2O3O4U5U6O5U3U4O7U1O6O8U2U7U8,4,5z^3+41z^2+111z+99,5w^4z^3+41w^3z^2+111w^2z+99w,False,False,"[[ 0 -1 -1  0  2 -1 -1  0  2],[ 1  0  0 -1  1  1  0  1  2],[ 1  0  0  0  2  0  0  0  2],[ 0  1  0  0  1  0  0 -1  0],[-2 -1 -2 -1  0 -2 -1 -1  0],[ 1 -1  0  0  2  0 -1  1  2],[ 1  0  0  0  1  1  0  0  1],[ 0 -1  0  1  1 -1  0  0  1],[-2 -2 -2  0  0 -2 -1 -1  0]]","[[ 0  2  2  0  0 -1 -1 -1 -1],[-2  0  0  0 -1 -1 -2 -2 -2],[-2  0  0 -1 -1 -1 -1 -2 -2],[ 0  0  1  0 -1  0  1  0  0],[ 0  1  1  1  0  0 -1  0 -1],[ 1  1  1  0  0  0  0  0  1],[ 1  2  1 -1  1  0  0  0  1],[ 1  2  2  0  0  0  0  0  0],[ 1  2  2  0  1 -1 -1  0  0]]",True,"[-2,-2,0,0,1,1,1,1,0,0,1,1,2,2,2,1,1,1,1,2,2,1,0,-1,0,0,0,1,0,1,0,0,-1,0,-1,0]","[-2,-2,0,0,1,1,1,1,0,0,1,1,2,2,2,1,1,1,1,2,2,1,0,-1,0,0,0,1,0,1,0,0,-1,0,-1,0]",t^8+32t^6+136t^4+80t^2,"[-1,-1,-1,-1,0,0,2,2,-1,0,0,0,2,1,2,0,1,0,1,1,1,0,1,1,1,1,1,1,2,2,-1,1,1,2,1,0]","[-2,-2,0,0,1,1,1,1,0,1,1,1,1,2,2,1,2,1,1,1,2,1,0,1,0,1,1,1,2,1,0,-1,-1,0,0,0]","[-1,-1,-1,-1,0,0,2,2,-1,-1,0,0,1,2,2,0,0,-1,1,1,2,0,0,0,1,1,0,0,2,2,-1,1,0,1,1,0]",c,"[[{8, 1}, {6, 7}, {3, 5}, {2, 4}], [{8, 3}, {4, 7}, {1, 6}, {2, 5}]]",1,- 8 K_1^4 + 20 K_1^3 + 8 K_1^2 K_2 - 12 K_1^2 - 16 K_1 K_2 - 7 K_1 - 2 K_2^2 + 6 K_2 + 3 K_3 + 9,O1O2O3O4U5U6U3O5O7U4O6U1U2O8U7U8,O1O2O3U4U1U5U6O7O8U7O5O6U2O4U8U3,O1O2O3U1U4O5U2O6O7U8O4O8U6U7U3U5,c,{'O1O2O3O4U5U6O5U3U4O7U1O6O8U2U7U8'},1,"<a href=""/flatknot/8.857849"">8.857849</a>",t^9-28t^7-46t^6+56t^5+96t^4-38t^3-42t^2+17t,-2t^2+4t,,
8.857850,O1O2O3O4U5U6O5U3U4O7U1O6O8U7U2U8,4,4z^3+41z^2+106z+81,4w^4z^3-8w^4z^2+49w^3z^2+106w^2z+81w,False,False,"[[ 0 -1  0  0  2 -1 -1 -1  2],[ 1  0  1 -1  1  1  0  0  2],[ 0 -1  0  0  2 -1  0 -1  2],[ 0  1  0  0  1  0  0 -1  0],[-2 -1 -2 -1  0 -2 -1 -1  0],[ 1 -1  1  0  2  0 -1  0  2],[ 1  0  0  0  1  1  0 -1  1],[ 1  0  1  1  1  0  1  0  1],[-2 -2 -2  0  0 -2 -1 -1  0]]","[[ 0  2  2  0  0 -1 -1 -1 -1],[-2  0  0  0 -2 -1 -1 -2 -2],[-2  0  0 -1 -2 -1 -1 -1 -2],[ 0  0  1  0  0  0 -1  1  0],[ 0  2  2  0  0  0 -1 -1 -1],[ 1  1  1  0  0  0 -1  0  1],[ 1  1  1  1  1  1  0  0  0],[ 1  2  1 -1  1  0  0  0  1],[ 1  2  2  0  1 -1  0 -1  0]]",True,"[-2,-2,0,0,1,1,1,1,0,0,2,1,1,2,2,1,2,1,1,1,2,0,0,1,-1,0,0,1,1,1,1,0,-1,0,0,-1]","[-2,-2,0,0,1,1,1,1,0,0,1,1,2,2,2,0,2,1,1,2,2,0,0,0,0,1,1,2,0,1,-1,0,-1,0,0,1]",t^8+34t^6+155t^4+140t^2+1,"[-1,-1,-1,-1,0,0,2,2,-1,0,0,0,0,2,2,-1,0,1,1,2,2,1,0,1,1,1,0,2,1,2,0,0,0,2,1,0]","[-2,-2,0,0,1,1,1,1,0,0,1,1,2,2,2,0,2,1,1,2,2,0,0,0,0,1,1,2,0,1,-1,0,-1,0,0,1]","[-1,-1,-1,-1,0,0,2,2,-1,-1,0,0,1,2,2,0,-1,0,0,1,1,0,-1,1,1,2,1,1,1,1,0,1,0,2,2,0]",c,"[[{8, 1}, {2, 7}, {3, 6}, {4, 5}], [{8, 1}, {2, 7}, {4, 6}, {3, 5}], [{8, 1}, {2, 7}, {5, 6}, {3, 4}], [{8, 1}, {2, 7}, {6}, {3, 5}, {4}], [{8, 1}, {2, 7}, {6}, {4, 5}, {3}], [{8, 1}, {2, 7}, {6}, {5}, {3, 4}], [{8, 1}, {3, 7}, {2, 6}, {4, 5}], [{8, 1}, {3, 7}, {4, 6}, {2, 5}], [{8, 1}, {3, 7}, {5, 6}, {2, 4}], [{8, 1}, {3, 7}, {6}, {4, 5}, {2}], [{8, 1}, {4, 7}, {2, 6}, {3, 5}], [{8, 1}, {4, 7}, {3, 6}, {2, 5}], [{8, 1}, {4, 7}, {5, 6}, {2, 3}], [{8, 1}, {4, 7}, {6}, {3, 5}, {2}], [{8, 1}, {5, 7}, {2, 6}, {3, 4}], [{8, 1}, {5, 7}, {3, 6}, {2, 4}], [{8, 1}, {5, 7}, {4, 6}, {2, 3}], [{8, 1}, {5, 7}, {6}, {3, 4}, {2}], [{8, 1}, {6, 7}, {2, 5}, {3, 4}], [{8, 1}, {6, 7}, {3, 5}, {2, 4}], [{8, 1}, {6, 7}, {3, 5}, {4}, {2}], [{8, 1}, {6, 7}, {4, 5}, {2, 3}], [{8, 1}, {6, 7}, {4, 5}, {3}, {2}], [{8, 1}, {6, 7}, {5}, {3, 4}, {2}], [{8, 1}, {7}, {2, 6}, {3, 5}, {4}], [{8, 1}, {7}, {2, 6}, {4, 5}, {3}], [{8, 1}, {7}, {2, 6}, {5}, {3, 4}], [{8, 1}, {7}, {3, 6}, {4, 5}, {2}], [{8, 1}, {7}, {4, 6}, {3, 5}, {2}], [{8, 1}, {7}, {5, 6}, {3, 4}, {2}], [{8, 1}, {7}, {6}, {2, 5}, {3, 4}], [{8, 1}, {7}, {6}, {3, 5}, {2, 4}], [{8, 1}, {7}, {6}, {3, 5}, {4}, {2}], [{8, 1}, {7}, {6}, {4, 5}, {2, 3}], [{8, 1}, {7}, {6}, {4, 5}, {3}, {2}], [{8, 1}, {7}, {6}, {5}, {3, 4}, {2}], [{8, 2}, {1, 7}, {3, 6}, {4, 5}], [{8, 2}, {1, 7}, {4, 6}, {3, 5}], [{8, 2}, {1, 7}, {5, 6}, {3, 4}], [{8, 2}, {3, 7}, {1, 6}, {4, 5}], [{8, 2}, {3, 7}, {4, 6}, {1, 5}], [{8, 2}, {3, 7}, {5, 6}, {1, 4}], [{8, 2}, {4, 7}, {1, 6}, {3, 5}], [{8, 2}, {4, 7}, {3, 6}, {1, 5}], [{8, 2}, {4, 7}, {5, 6}, {1, 3}], [{8, 2}, {4, 7}, {5, 6}, {3}, {1}], [{8, 2}, {5, 7}, {1, 6}, {3, 4}], [{8, 2}, {5, 7}, {1, 6}, {4}, {3}], [{8, 2}, {5, 7}, {3, 6}, {1, 4}], [{8, 2}, {5, 7}, {4, 6}, {1, 3}], [{8, 2}, {6, 7}, {1, 5}, {3, 4}], [{8, 2}, {6, 7}, {3, 5}, {1, 4}], [{8, 2}, {6, 7}, {4, 5}, {1, 3}], [{8, 2}, {6, 7}, {5}, {1, 4}, {3}], [{8, 3}, {1, 7}, {2, 6}, {4, 5}], [{8, 3}, {1, 7}, {4, 6}, {2, 5}], [{8, 3}, {1, 7}, {5, 6}, {2, 4}], [{8, 3}, {1, 7}, {5, 6}, {4}, {2}], [{8, 3}, {2, 7}, {1, 6}, {4, 5}], [{8, 3}, {2, 7}, {4, 6}, {1, 5}], [{8, 3}, {2, 7}, {5, 6}, {1, 4}], [{8, 3}, {2, 7}, {6}, {5}, {1, 4}], [{8, 3}, {4, 7}, {1, 6}, {2, 5}], [{8, 3}, {4, 7}, {2, 6}, {1, 5}], [{8, 3}, {4, 7}, {5, 6}, {1, 2}], [{8, 3}, {4, 7}, {5, 6}, {2}, {1}], [{8, 3}, {5, 7}, {1, 6}, {2, 4}], [{8, 3}, {5, 7}, {1, 6}, {4}, {2}], [{8, 3}, {5, 7}, {2, 6}, {1, 4}], [{8, 3}, {5, 7}, {4, 6}, {1, 2}], [{8, 3}, {5, 7}, {4, 6}, {2}, {1}], [{8, 3}, {5, 7}, {6}, {1, 4}, {2}], [{8, 3}, {6, 7}, {1, 5}, {2, 4}], [{8, 3}, {6, 7}, {2, 5}, {1, 4}], [{8, 3}, {6, 7}, {4, 5}, {1, 2}], [{8, 3}, {6, 7}, {5}, {1, 4}, {2}], [{8, 3}, {7}, {2, 6}, {5}, {1, 4}], [{8, 3}, {7}, {5, 6}, {1, 4}, {2}], [{8, 3}, {7}, {6}, {2, 5}, {1, 4}], [{8, 3}, {7}, {6}, {5}, {1, 4}, {2}], [{8, 4}, {1, 7}, {2, 6}, {3, 5}], [{8, 4}, {1, 7}, {3, 6}, {2, 5}], [{8, 4}, {1, 7}, {5, 6}, {2, 3}], [{8, 4}, {1, 7}, {6}, {2, 5}, {3}], [{8, 4}, {2, 7}, {1, 6}, {3, 5}], [{8, 4}, {2, 7}, {3, 6}, {1, 5}], [{8, 4}, {2, 7}, {5, 6}, {1, 3}], [{8, 4}, {3, 7}, {1, 6}, {2, 5}], [{8, 4}, {3, 7}, {2, 6}, {1, 5}], [{8, 4}, {3, 7}, {5, 6}, {1, 2}], [{8, 4}, {5, 7}, {1, 6}, {2, 3}], [{8, 4}, {5, 7}, {2, 6}, {1, 3}], [{8, 4}, {5, 7}, {3, 6}, {1, 2}], [{8, 4}, {6, 7}, {1, 5}, {2, 3}], [{8, 4}, {6, 7}, {2, 5}, {1, 3}], [{8, 4}, {6, 7}, {3, 5}, {1, 2}], [{8, 5}, {1, 7}, {2, 6}, {3, 4}], [{8, 5}, {1, 7}, {3, 6}, {2, 4}], [{8, 5}, {1, 7}, {4, 6}, {2, 3}], [{8, 5}, {1, 7}, {4, 6}, {3}, {2}], [{8, 5}, {2, 7}, {1, 6}, {3, 4}], [{8, 5}, {2, 7}, {3, 6}, {1, 4}], [{8, 5}, {2, 7}, {4, 6}, {1, 3}], [{8, 5}, {3, 7}, {1, 6}, {2, 4}], [{8, 5}, {3, 7}, {2, 6}, {1, 4}], [{8, 5}, {3, 7}, {4, 6}, {1, 2}], [{8, 5}, {4, 7}, {1, 6}, {2, 3}], [{8, 5}, {4, 7}, {1, 6}, {3}, {2}], [{8, 5}, {4, 7}, {2, 6}, {1, 3}], [{8, 5}, {4, 7}, {3, 6}, {1, 2}], [{8, 5}, {4, 7}, {6}, {2, 3}, {1}], [{8, 5}, {6, 7}, {1, 4}, {2, 3}], [{8, 5}, {6, 7}, {2, 4}, {1, 3}], [{8, 5}, {6, 7}, {3, 4}, {1, 2}], [{8, 5}, {7}, {1, 6}, {4}, {2, 3}], [{8, 6}, {1, 7}, {2, 5}, {3, 4}], [{8, 6}, {1, 7}, {3, 5}, {2, 4}], [{8, 6}, {1, 7}, {4, 5}, {2, 3}], [{8, 6}, {1, 7}, {5}, {3, 4}, {2}], [{8, 6}, {2, 7}, {1, 5}, {3, 4}], [{8, 6}, {2, 7}, {3, 5}, {1, 4}], [{8, 6}, {2, 7}, {4, 5}, {1, 3}], [{8, 6}, {3, 7}, {1, 5}, {2, 4}], [{8, 6}, {3, 7}, {2, 5}, {1, 4}], [{8, 6}, {3, 7}, {4, 5}, {1, 2}], [{8, 6}, {4, 7}, {1, 5}, {2, 3}], [{8, 6}, {4, 7}, {2, 5}, {1, 3}], [{8, 6}, {4, 7}, {3, 5}, {1, 2}], [{8, 6}, {4, 7}, {5}, {1, 3}, {2}], [{8, 6}, {4, 7}, {5}, {2, 3}, {1}], [{8, 6}, {4, 7}, {5}, {3}, {1, 2}], [{8, 6}, {5, 7}, {1, 4}, {2, 3}], [{8, 6}, {5, 7}, {2, 4}, {1, 3}], [{8, 6}, {5, 7}, {3, 4}, {1, 2}], [{8, 7}, {1, 6}, {2, 5}, {3, 4}], [{8, 7}, {1, 6}, {3, 5}, {2, 4}], [{8, 7}, {1, 6}, {4, 5}, {2, 3}], [{8, 7}, {1, 6}, {5}, {2, 4}, {3}], [{8, 7}, {1, 6}, {5}, {3, 4}, {2}], [{8, 7}, {1, 6}, {5}, {4}, {2, 3}], [{8, 7}, {2, 6}, {1, 5}, {3, 4}], [{8, 7}, {2, 6}, {3, 5}, {1, 4}], [{8, 7}, {2, 6}, {4, 5}, {1, 3}], [{8, 7}, {3, 6}, {1, 5}, {2, 4}], [{8, 7}, {3, 6}, {2, 5}, {1, 4}], [{8, 7}, {3, 6}, {4, 5}, {1, 2}], [{8, 7}, {4, 6}, {1, 5}, {2, 3}], [{8, 7}, {4, 6}, {2, 5}, {1, 3}], [{8, 7}, {4, 6}, {3, 5}, {1, 2}], [{8, 7}, {4, 6}, {5}, {1, 3}, {2}], [{8, 7}, {5, 6}, {1, 4}, {2, 3}], [{8, 7}, {5, 6}, {2, 4}, {1, 3}], [{8, 7}, {5, 6}, {3, 4}, {1, 2}], [{8}, {1, 7}, {3, 6}, {2, 5}, {4}], [{8}, {2, 7}, {4, 6}, {3, 5}, {1}], [{8}, {2, 7}, {5, 6}, {4}, {1, 3}], [{8}, {3, 7}, {1, 6}, {2, 5}, {4}], [{8}, {3, 7}, {4, 6}, {1, 5}, {2}], [{8}, {4, 7}, {2, 6}, {3, 5}, {1}], [{8}, {4, 7}, {3, 6}, {1, 5}, {2}], [{8}, {4, 7}, {5, 6}, {2, 3}, {1}], [{8}, {5, 7}, {1, 6}, {4}, {2, 3}], [{8}, {5, 7}, {2, 6}, {4}, {1, 3}], [{8}, {5, 7}, {3, 6}, {4}, {1, 2}], [{8}, {6, 7}, {2, 5}, {4}, {1, 3}], [{8}, {6, 7}, {3, 5}, {2, 4}, {1}], [{8}, {6, 7}, {5}, {1, 4}, {2, 3}]]",2,- 8 K_1^4 + 16 K_1^3 + 8 K_1^2 K_2 - 6 K_1^2 - 8 K_1 K_2 - 2 K_1 K_3 - 8 K_1 + 4 K_2 + 5,O1O2O3O4U5U3U6O5O7U4O6U1U2O8U7U8,O1O2O3U4U2U5U6O7O8U7O5O6U1O4U8U3,O1O2O3U1U4O5U3O6O7U8O4O8U6U7U2U5,c,{'O1O2O3O4U5U6O5U3U4O7U1O6O8U7U2U8'},1,"<a href=""/flatknot/8.857850"">8.857850</a>",t^9-30t^7-72t^6+43t^5+192t^4-22t^3-140t^2+34t,-2t^2+4t,,
8.857851,O1O2O3O4U5U6O5U3U4O7U1O6O8U7U8U2,4,z^3+25z^2+107z+123,w^4z^3+25w^3z^2+107w^2z+123w,False,False,"[[ 0 -1  1  0  2 -1 -1 -1  1],[ 1  0  1 -1  1  1  0  0  1],[-1 -1  0  0  2 -2 -1 -2  1],[ 0  1  0  0  1  0  0 -1  0],[-2 -1 -2 -1  0 -2 -1 -1  0],[ 1 -1  2  0  2  0 -1  0  1],[ 1  0  1  0  1  1  0 -1  0],[ 1  0  2  1  1  0  1  0  1],[-1 -1 -1  0  0 -1  0 -1  0]]","[[ 0  2  1  1  0 -1 -1 -1 -1],[-2  0  0 -2 -1 -1 -1 -1 -2],[-1  0  0 -1  0  0 -1 -1 -1],[-1  2  1  0  0 -1 -1 -2 -2],[ 0  1  0  0  0  0  1 -1  0],[ 1  1  0  1  0  0  0 -1  1],[ 1  1  1  1 -1  0  0  0  1],[ 1  1  1  2  1  1  0  0  0],[ 1  2  1  2  0 -1 -1  0  0]]",True,"[-2,-1,-1,0,1,1,1,1,0,2,1,1,1,1,2,1,0,0,1,1,1,0,1,1,2,2,0,-1,1,0,0,1,-1,0,-1,0]","[-2,-1,-1,0,1,1,1,1,-1,1,1,1,2,2,2,1,1,0,0,1,1,1,1,1,1,2,1,0,2,1,0,-1,-1,0,1,0]",t^8+31t^6+140t^4+127t^2+4,"[-1,-1,-1,-1,0,1,1,2,-1,0,0,0,0,1,2,-1,0,1,1,2,2,1,1,0,1,1,2,1,1,2,1,1,1,-1,-1,1]","[-2,-1,-1,0,1,1,1,1,-1,1,1,1,2,2,2,1,1,0,0,1,1,1,1,1,1,2,1,0,2,1,0,-1,-1,0,1,0]","[-1,-1,-1,-1,0,1,1,2,-1,-1,0,0,1,2,2,0,-1,0,0,1,1,0,-1,1,1,1,1,1,2,1,0,0,1,-1,0,2]",c,"[[{8, 4}, {6, 7}, {2, 5}, {1, 3}], [{8}, {6, 7}, {2, 5}, {4}, {1, 3}]]",1,20 K_1^3 - 30 K_1^2 - 20 K_1 K_2 - 5 K_1 + 15 K_2 + 5 K_3 + 16,O1O2O3O4U3U5U6O5O7U4O6U1U2O8U7U8,O1O2O3U4U3U5U6O7O8U7O5O6U1O4U8U2,O1O2O3U2U4O5U3O6O7U8O4O8U6U7U1U5,c,{'O1O2O3O4U5U6O5U3U4O7U1O6O8U7U8U2'},1,"<a href=""/flatknot/8.857851"">8.857851</a>",t^9-29t^7-66t^6+15t^5+114t^4-3t^3-66t^2+20t,-t^2+2t,,
8.857852,O1O2O3O4U5U6O5U3U4O7U2O6O8U1U8U7,4,z^3+25z^2+99z+107,w^4z^3+25w^3z^2+99w^2z+107w,False,False,"[[ 0 -2  0  0  2 -1 -1  1  1],[ 2  0  1  0  2  1  0  2  1],[ 0 -1  0 -1  1  0 -1  0  0],[ 0  0  1  0  1  0  0 -1  0],[-2 -2 -1 -1  0 -2 -1 -1  0],[ 1 -1  0  0  2  0 -1  2  1],[ 1  0  1  0  1  1  0  1  1],[-1 -2  0  1  1 -2 -1  0  0],[-1 -1  0  0  0 -1 -1  0  0]]","[[ 0  2  1  1  0  0 -1 -1 -2],[-2  0  0 -1 -1 -1 -1 -2 -2],[-1  0  0  0  0  0 -1 -1 -1],[-1  1  0  0  1  0 -1 -2 -2],[ 0  1  0 -1  0  1  0  0  0],[ 0  1  0  0 -1  0 -1  0 -1],[ 1  1  1  1  0  1  0  1  0],[ 1  2  1  2  0  0 -1  0 -1],[ 2  2  1  2  0  1  0  1  0]]",True,"[-2,-1,-1,0,0,1,1,2,0,1,1,1,1,2,2,0,0,0,1,1,1,-1,0,1,2,2,-1,0,0,0,1,0,1,-1,0,1]","[-2,-1,-1,0,0,1,1,2,0,1,0,1,1,2,2,1,0,1,1,1,1,0,0,1,2,2,1,0,-1,1,0,0,1,0,0,1]",t^8+30t^6+110t^4+55t^2+4,"[-2,-1,-1,0,0,1,1,2,0,1,1,2,1,2,2,1,1,1,0,1,1,0,1,1,1,2,1,1,1,1,2,1,1,0,0,1]","[-2,-1,-1,0,0,1,1,2,0,1,1,1,1,2,2,0,1,2,0,1,1,1,1,1,1,2,-1,1,0,1,1,1,2,-1,0,1]","[-2,-1,-1,0,0,1,1,2,0,1,0,1,1,2,2,1,0,1,1,1,1,0,0,1,2,2,1,0,-1,1,0,0,1,0,0,1]",c,"[[{8, 5}, {6, 7}, {1, 4}, {2, 3}]]",1,20 K_1^3 + 4 K_1^2 K_2 - 26 K_1^2 - 28 K_1 K_2 - 2 K_1 K_3 - K_1 - 2 K_2^2 + 12 K_2 + 9 K_3 + K_4 + 14,O1O2O3O4U5U6U4O6O7U3O5U1U2O8U7U8,O1O2O3U1U4U5U6O7O8U7O5O6U3O4U8U2,O1O2O3U2U4O5U1O6O7U8O4O8U6U7U5U3,c,{'O1O2O3O4U5U6O5U3U4O7U2O6O8U1U8U7'},1,"<a href=""/flatknot/8.857852"">8.857852</a>",t^9-30t^7-58t^6+32t^5+120t^4+38t^3-46t^2-13t+4,0,,
8.857853,O1O2O3O4U5U6O5U3U4O7U2O6O8U7U1U8,4,z^3+17z^2+67z+75,w^4z^3+17w^3z^2+67w^2z+75w,False,False,"[[ 0 -1  0  0  2 -1 -1 -1  2],[ 1  0  0  0  2  0  0  0  2],[ 0  0  0 -1  1  0 -1  0  1],[ 0  0  1  0  1  0  0 -1  0],[-2 -2 -1 -1  0 -2 -1 -1  0],[ 1  0  0  0  2  0 -1  0  2],[ 1  0  1  0  1  1  0 -1  1],[ 1  0  0  1  1  0  1  0  1],[-2 -2 -1  0  0 -2 -1 -1  0]]","[[ 0  2  2  0  0 -1 -1 -1 -1],[-2  0  0  0 -1 -1 -1 -2 -2],[-2  0  0 -1 -1 -1 -1 -2 -2],[ 0  0  1  0  1  0 -1  0  0],[ 0  1  1 -1  0 -1  0  0  0],[ 1  1  1  0  1  0 -1  1  0],[ 1  1  1  1  0  1  0  0  0],[ 1  2  2  0  0 -1  0  0  0],[ 1  2  2  0  0  0  0  0  0]]",True,"[-2,-2,0,0,1,1,1,1,0,0,1,1,1,2,2,1,1,1,1,2,2,-1,0,1,0,0,1,0,0,0,1,-1,0,0,0,0]","[-2,-2,0,0,1,1,1,1,0,0,1,1,1,2,2,1,1,1,1,2,2,-1,0,1,0,0,1,0,0,0,1,-1,0,0,0,0]",t^8+28t^6+108t^4+50t^2,"[-1,-1,-1,-1,0,0,2,2,-1,0,0,0,1,2,2,-1,0,1,0,2,2,0,1,1,1,1,1,1,1,1,-1,1,2,1,1,0]","[-2,-2,0,0,1,1,1,1,0,1,1,1,1,2,2,1,2,1,1,2,2,-1,1,1,0,1,1,1,1,0,0,-1,0,0,0,-1]","[-1,-1,-1,-1,0,0,2,2,-1,0,0,0,0,2,2,-1,0,0,1,1,1,0,1,0,1,1,0,0,2,2,1,0,1,1,1,0]",c,"[[{8, 2}, {6, 7}, {1, 5}, {3, 4}], [{8, 5}, {2, 7}, {3, 6}, {1, 4}], [{8, 5}, {2, 7}, {3, 6}, {4}, {1}], [{8, 6}, {4, 7}, {3, 5}, {1, 2}]]",1,16 K_1^3 + 4 K_1^2 K_2 - 22 K_1^2 - 24 K_1 K_2 - 2 K_1 K_3 - 2 K_2^2 + 10 K_2 + 8 K_3 + K_4 + 12,O1O2O3O4U5U4U6O5O7U3O6U1U2O8U7U8,O1O2O3U2U4U5U6O7O8U7O5O6U1O4U8U3,O1O2O3U1U4O5U3O6O7U8O4O8U6U7U5U2,c,"{'O1O2O3O4U5U6O5U3U4O7U2O6O8U7U1U8', 'O1O2O3O4U5U6O5U3U4U1O7O6O8U2U7U8'}",2,"<a href=""/flatknot/8.857853"">8.857853</a>",t^9-24t^7-24t^6+64t^5+40t^4-62t^3-10t^2+15t,-2t^2+4t,,
8.857854,O1O2O3O4U5U6O5U3U4O7U8O6O8U1U2U7,4,7z^3+45z^2+93z+63,-4w^5z^3+11w^4z^3-16w^4z^2+61w^3z^2+93w^2z+63w,False,False,"[[ 0 -2  0  0  2 -1 -1  1  1],[ 2  0  1  0  2  1  0  1  3],[ 0 -1  0  0  2 -1 -2  0  1],[ 0  0  0  0  1  0  0 -1  1],[-2 -2 -2 -1  0 -2 -1 -1 -1],[ 1 -1  1  0  2  0 -1  2  1],[ 1  0  2  0  1  1  0  2  1],[-1 -1  0  1  1 -2 -2  0 -1],[-1 -3 -1 -1  1 -1 -1  1  0]]","[[ 0  2  1  1  0  0 -1 -1 -2],[-2  0 -1 -1 -1 -2 -1 -2 -2],[-1  1  0  1 -1 -1 -1 -1 -3],[-1  1 -1  0  1  0 -2 -2 -1],[ 0  1  1 -1  0  0  0  0  0],[ 0  2  1  0  0  0 -2 -1 -1],[ 1  1  1  2  0  2  0  1  0],[ 1  2  1  2  0  1 -1  0 -1],[ 2  2  3  1  0  1  0  1  0]]",True,"[-2,-1,-1,0,0,1,1,2,1,1,1,2,1,2,2,-1,1,1,1,1,3,-1,0,2,2,1,0,0,0,0,2,1,1,-1,0,1]","[-2,-1,-1,0,0,1,1,2,0,0,0,1,1,2,2,-1,1,2,0,0,2,0,0,1,1,0,0,0,-1,1,1,1,2,-1,0,1]",t^8+48t^6+320t^4+126t^2+9,"[-2,-1,-1,0,0,1,1,2,0,1,1,2,0,2,2,1,0,1,1,0,1,-1,1,1,0,2,0,0,1,0,0,2,1,-1,0,0]","[-2,-1,-1,0,0,1,1,2,0,0,0,1,1,2,2,-1,1,2,0,0,2,0,0,1,1,0,0,0,-1,1,1,1,2,-1,0,1]","[-2,-1,-1,0,0,1,1,2,0,1,0,1,1,3,2,1,0,2,2,1,1,0,1,2,1,2,0,-1,1,1,0,1,2,-1,1,1]",c,"[[{8, 5}, {6, 7}, {1, 4}, {2, 3}]]",1,- 8 K_1^4 + 16 K_1^3 + 8 K_1^2 K_2 - 6 K_1^2 - 8 K_1 K_2 - 2 K_1 K_3 - 8 K_1 + 4 K_2 + 5,O1O2O3O4U5U3U4O6O7U6O5U1U2O8U7U8,O1O2O3U1U2U4U5O6O7U6O4O5U3O8U7U8,O1O2O3U4U5O4U1O6O7U8O5O8U6U7U2U3,c,{'O1O2O3O4U5U6O5U3U4O7U8O6O8U1U2U7'},1,"<a href=""/flatknot/8.857854"">8.857854</a>",t^9-48t^7-130t^6+80t^5+376t^4-19t^3-246t^2-15t+54,0,,
8.857855,O1O2O3O4U5U6O5U3U4O7U8O6O8U1U7U2,4,6z^3+43z^2+106z+89,6w^4z^3+43w^3z^2+106w^2z+89w,False,False,"[[ 0 -2  1  0  2 -1 -1  0  1],[ 2  0  2  0  2  1  0  0  3],[-1 -2  0  0  2 -2 -2 -1  0],[ 0  0  0  0  1  0  0 -1  1],[-2 -2 -2 -1  0 -2 -1 -1 -1],[ 1 -1  2  0  2  0 -1  1  1],[ 1  0  2  0  1  1  0  1  1],[ 0  0  1  1  1 -1 -1  0  0],[-1 -3  0 -1  1 -1 -1  0  0]]","[[ 0  2  1  1  0  0 -1 -1 -2],[-2  0 -1 -2 -1 -1 -1 -2 -2],[-1  1  0  0  0 -1 -1 -1 -3],[-1  2  0  0 -1  0 -2 -2 -2],[ 0  1  0  1  0  1 -1 -1  0],[ 0  1  1  0 -1  0  0  0  0],[ 1  1  1  2  1  0  0  1  0],[ 1  2  1  2  1  0 -1  0 -1],[ 2  2  3  2  0  0  0  1  0]]",True,"[-2,-1,-1,0,0,1,1,2,1,2,1,1,1,2,2,0,0,1,1,1,3,1,0,2,2,2,-1,1,1,0,0,0,0,-1,0,1]","[-2,-1,-1,0,0,1,1,2,-1,0,1,1,1,2,2,0,0,1,0,0,1,1,0,1,1,0,1,0,0,2,1,1,2,-1,0,1]",t^8+46t^6+231t^4+48t^2+1,"[-2,-1,-1,0,0,1,1,2,0,1,2,2,0,1,2,1,0,1,1,0,1,0,1,1,0,2,-1,1,0,1,0,1,1,0,0,-1]","[-2,-1,-1,0,0,1,1,2,-1,0,1,1,1,2,2,0,0,1,0,0,1,1,0,1,1,0,1,0,0,2,1,1,2,-1,0,1]","[-2,-1,-1,0,0,1,1,2,0,1,0,0,2,3,2,1,0,1,2,1,1,0,1,2,1,2,-1,0,1,1,1,0,1,0,2,1]",c,"[[{8, 5}, {3, 7}, {2, 6}, {1, 4}]]",1,- 8 K_1^4 + 20 K_1^3 + 8 K_1^2 K_2 - 10 K_1^2 - 20 K_1 K_2 - 2 K_1 K_3 - 5 K_1 + 6 K_2 + 5 K_3 + 7,O1O2O3O4U3U5U4O6O7U6O5U1U2O8U7U8,O1O2O3U1U3U4U5O6O7U6O4O5U2O8U7U8,O1O2O3U4U5O4U2O6O7U8O5O8U6U7U1U3,c,{'O1O2O3O4U5U6O5U3U4O7U8O6O8U1U7U2'},1,"<a href=""/flatknot/8.857855"">8.857855</a>",t^9-46t^7-112t^6+105t^5+502t^4+298t^3-300t^2-401t-132,0,,
8.857856,O1O2O3O4U5U6O5U3U4O7U8O6O8U2U1U7,4,8z^3+53z^2+114z+81,8w^4z^3+53w^3z^2+114w^2z+81w,False,False,"[[ 0 -1 -1  0  2 -1 -1  1  1],[ 1  0  0  0  2  0 -1  1  2],[ 1  0  0  0  2  0 -1  0  2],[ 0  0  0  0  1  0  0 -1  1],[-2 -2 -2 -1  0 -2 -1 -1 -1],[ 1  0  0  0  2  0 -1  2  1],[ 1  1  1  0  1  1  0  2  1],[-1 -1  0  1  1 -2 -2  0 -1],[-1 -2 -2 -1  1 -1 -1  1  0]]","[[ 0  2  1  1  0 -1 -1 -1 -1],[-2  0 -1 -1 -1 -1 -2 -2 -2],[-1  1  0  1 -1 -1 -1 -2 -2],[-1  1 -1  0  1 -2 -2  0 -1],[ 0  1  1 -1  0  0  0  0  0],[ 1  1  1  2  0  0  1  1  1],[ 1  2  1  2  0 -1  0  0  0],[ 1  2  2  0  0 -1  0  0  0],[ 1  2  2  1  0 -1  0  0  0]]",True,"[-2,-1,-1,0,1,1,1,1,1,1,1,1,2,2,2,-1,1,1,1,2,2,-1,2,2,0,1,0,0,0,0,-1,-1,-1,0,0,0]","[-2,-1,-1,0,1,1,1,1,0,0,1,1,1,1,2,-1,2,0,1,2,0,0,1,0,0,1,1,1,1,1,0,0,-1,0,-1,-1]",t^8+41t^6+241t^4+49t^2+1,"[-1,-1,-1,-1,0,1,1,2,-1,-1,-1,1,0,1,2,0,0,1,0,1,1,0,1,1,0,1,1,2,0,1,2,0,1,1,0,0]","[-2,-1,-1,0,1,1,1,1,0,0,1,1,1,1,2,-1,2,0,1,2,0,0,1,0,0,1,1,1,1,1,0,0,-1,0,-1,-1]","[-1,-1,-1,-1,0,1,1,2,-1,0,0,0,0,2,2,1,1,0,2,1,1,0,0,1,2,2,0,2,1,2,-1,1,1,-1,1,1]",c,"[[{8, 1}, {2, 7}, {3, 6}, {4, 5}], [{8, 1}, {2, 7}, {4, 6}, {3, 5}], [{8, 1}, {2, 7}, {5, 6}, {3, 4}], [{8, 1}, {2, 7}, {6}, {5}, {3, 4}], [{8, 1}, {3, 7}, {2, 6}, {4, 5}], [{8, 1}, {3, 7}, {4, 6}, {2, 5}], [{8, 1}, {3, 7}, {5, 6}, {2, 4}], [{8, 1}, {3, 7}, {5, 6}, {4}, {2}], [{8, 1}, {4, 7}, {2, 6}, {3, 5}], [{8, 1}, {4, 7}, {2, 6}, {5}, {3}], [{8, 1}, {4, 7}, {3, 6}, {2, 5}], [{8, 1}, {4, 7}, {5, 6}, {2, 3}], [{8, 1}, {4, 7}, {6}, {3, 5}, {2}], [{8, 1}, {5, 7}, {2, 6}, {3, 4}], [{8, 1}, {5, 7}, {2, 6}, {4}, {3}], [{8, 1}, {5, 7}, {3, 6}, {2, 4}], [{8, 1}, {5, 7}, {4, 6}, {2, 3}], [{8, 1}, {5, 7}, {4, 6}, {3}, {2}], [{8, 1}, {5, 7}, {6}, {2, 4}, {3}], [{8, 1}, {6, 7}, {2, 5}, {3, 4}], [{8, 1}, {6, 7}, {3, 5}, {2, 4}], [{8, 1}, {6, 7}, {4, 5}, {2, 3}], [{8, 1}, {7}, {2, 6}, {4, 5}, {3}], [{8, 2}, {1, 7}, {3, 6}, {4, 5}], [{8, 2}, {1, 7}, {4, 6}, {3, 5}], [{8, 2}, {1, 7}, {5, 6}, {3, 4}], [{8, 2}, {3, 7}, {1, 6}, {4, 5}], [{8, 2}, {3, 7}, {4, 6}, {1, 5}], [{8, 2}, {3, 7}, {5, 6}, {1, 4}], [{8, 2}, {3, 7}, {6}, {5}, {1, 4}], [{8, 2}, {4, 7}, {1, 6}, {3, 5}], [{8, 2}, {4, 7}, {3, 6}, {1, 5}], [{8, 2}, {4, 7}, {5, 6}, {1, 3}], [{8, 2}, {4, 7}, {6}, {3, 5}, {1}], [{8, 2}, {5, 7}, {1, 6}, {3, 4}], [{8, 2}, {5, 7}, {3, 6}, {1, 4}], [{8, 2}, {5, 7}, {4, 6}, {1, 3}], [{8, 2}, {6, 7}, {1, 5}, {3, 4}], [{8, 2}, {6, 7}, {1, 5}, {4}, {3}], [{8, 2}, {6, 7}, {3, 5}, {1, 4}], [{8, 2}, {6, 7}, {4, 5}, {1, 3}], [{8, 2}, {6, 7}, {4, 5}, {3}, {1}], [{8, 2}, {6, 7}, {5}, {1, 4}, {3}], [{8, 2}, {7}, {1, 6}, {5}, {3, 4}], [{8, 2}, {7}, {3, 6}, {5}, {1, 4}], [{8, 3}, {1, 7}, {2, 6}, {4, 5}], [{8, 3}, {1, 7}, {2, 6}, {5}, {4}], [{8, 3}, {1, 7}, {4, 6}, {2, 5}], [{8, 3}, {1, 7}, {4, 6}, {5}, {2}], [{8, 3}, {1, 7}, {5, 6}, {2, 4}], [{8, 3}, {1, 7}, {6}, {5}, {2, 4}], [{8, 3}, {2, 7}, {1, 6}, {4, 5}], [{8, 3}, {2, 7}, {4, 6}, {1, 5}], [{8, 3}, {2, 7}, {5, 6}, {1, 4}], [{8, 3}, {4, 7}, {1, 6}, {2, 5}], [{8, 3}, {4, 7}, {2, 6}, {1, 5}], [{8, 3}, {4, 7}, {5, 6}, {1, 2}], [{8, 3}, {5, 7}, {1, 6}, {2, 4}], [{8, 3}, {5, 7}, {2, 6}, {1, 4}], [{8, 3}, {5, 7}, {2, 6}, {4}, {1}], [{8, 3}, {5, 7}, {4, 6}, {1, 2}], [{8, 3}, {5, 7}, {4, 6}, {2}, {1}], [{8, 3}, {5, 7}, {6}, {2, 4}, {1}], [{8, 3}, {6, 7}, {1, 5}, {2, 4}], [{8, 3}, {6, 7}, {2, 5}, {1, 4}], [{8, 3}, {6, 7}, {4, 5}, {1, 2}], [{8, 3}, {7}, {2, 6}, {1, 5}, {4}], [{8, 3}, {7}, {4, 6}, {1, 5}, {2}], [{8, 3}, {7}, {6}, {1, 5}, {2, 4}], [{8, 4}, {1, 7}, {2, 6}, {3, 5}], [{8, 4}, {1, 7}, {3, 6}, {2, 5}], [{8, 4}, {1, 7}, {5, 6}, {2, 3}], [{8, 4}, {2, 7}, {1, 6}, {3, 5}], [{8, 4}, {2, 7}, {3, 6}, {1, 5}], [{8, 4}, {2, 7}, {5, 6}, {1, 3}], [{8, 4}, {3, 7}, {1, 6}, {2, 5}], [{8, 4}, {3, 7}, {2, 6}, {1, 5}], [{8, 4}, {3, 7}, {5, 6}, {1, 2}], [{8, 4}, {3, 7}, {5, 6}, {2}, {1}], [{8, 4}, {5, 7}, {1, 6}, {2, 3}], [{8, 4}, {5, 7}, {2, 6}, {1, 3}], [{8, 4}, {5, 7}, {3, 6}, {1, 2}], [{8, 4}, {6, 7}, {1, 5}, {2, 3}], [{8, 4}, {6, 7}, {2, 5}, {1, 3}], [{8, 4}, {6, 7}, {3, 5}, {1, 2}], [{8, 4}, {6, 7}, {5}, {2, 3}, {1}], [{8, 5}, {1, 7}, {2, 6}, {3, 4}], [{8, 5}, {1, 7}, {2, 6}, {4}, {3}], [{8, 5}, {1, 7}, {3, 6}, {2, 4}], [{8, 5}, {1, 7}, {4, 6}, {2, 3}], [{8, 5}, {1, 7}, {4, 6}, {3}, {2}], [{8, 5}, {1, 7}, {6}, {2, 4}, {3}], [{8, 5}, {2, 7}, {1, 6}, {3, 4}], [{8, 5}, {2, 7}, {3, 6}, {1, 4}], [{8, 5}, {2, 7}, {4, 6}, {1, 3}], [{8, 5}, {3, 7}, {1, 6}, {2, 4}], [{8, 5}, {3, 7}, {2, 6}, {1, 4}], [{8, 5}, {3, 7}, {4, 6}, {1, 2}], [{8, 5}, {4, 7}, {1, 6}, {2, 3}], [{8, 5}, {4, 7}, {2, 6}, {1, 3}], [{8, 5}, {4, 7}, {3, 6}, {1, 2}], [{8, 5}, {6, 7}, {1, 4}, {2, 3}], [{8, 5}, {6, 7}, {2, 4}, {1, 3}], [{8, 5}, {6, 7}, {3, 4}, {1, 2}], [{8, 6}, {1, 7}, {2, 5}, {3, 4}], [{8, 6}, {1, 7}, {3, 5}, {2, 4}], [{8, 6}, {1, 7}, {4, 5}, {2, 3}], [{8, 6}, {2, 7}, {1, 5}, {3, 4}], [{8, 6}, {2, 7}, {3, 5}, {1, 4}], [{8, 6}, {2, 7}, {4, 5}, {1, 3}], [{8, 6}, {3, 7}, {1, 5}, {2, 4}], [{8, 6}, {3, 7}, {2, 5}, {1, 4}], [{8, 6}, {3, 7}, {4, 5}, {1, 2}], [{8, 6}, {4, 7}, {1, 5}, {2, 3}], [{8, 6}, {4, 7}, {2, 5}, {1, 3}], [{8, 6}, {4, 7}, {2, 5}, {3}, {1}], [{8, 6}, {4, 7}, {3, 5}, {1, 2}], [{8, 6}, {4, 7}, {3, 5}, {2}, {1}], [{8, 6}, {4, 7}, {5}, {2, 3}, {1}], [{8, 6}, {5, 7}, {1, 4}, {2, 3}], [{8, 6}, {5, 7}, {2, 4}, {1, 3}], [{8, 6}, {5, 7}, {3, 4}, {1, 2}], [{8, 7}, {1, 6}, {2, 5}, {3, 4}], [{8, 7}, {1, 6}, {3, 5}, {2, 4}], [{8, 7}, {1, 6}, {4, 5}, {2, 3}], [{8, 7}, {2, 6}, {1, 5}, {3, 4}], [{8, 7}, {2, 6}, {3, 5}, {1, 4}], [{8, 7}, {2, 6}, {4, 5}, {1, 3}], [{8, 7}, {2, 6}, {5}, {3, 4}, {1}], [{8, 7}, {3, 6}, {1, 5}, {2, 4}], [{8, 7}, {3, 6}, {2, 5}, {1, 4}], [{8, 7}, {3, 6}, {4, 5}, {1, 2}], [{8, 7}, {3, 6}, {5}, {2, 4}, {1}], [{8, 7}, {4, 6}, {1, 5}, {2, 3}], [{8, 7}, {4, 6}, {2, 5}, {1, 3}], [{8, 7}, {4, 6}, {3, 5}, {1, 2}], [{8, 7}, {4, 6}, {5}, {2, 3}, {1}], [{8, 7}, {5, 6}, {1, 4}, {2, 3}], [{8, 7}, {5, 6}, {2, 4}, {1, 3}], [{8, 7}, {5, 6}, {3, 4}, {1, 2}], [{8}, {1, 7}, {2, 6}, {3, 5}, {4}], [{8}, {1, 7}, {4, 6}, {3, 5}, {2}], [{8}, {1, 7}, {6}, {3, 5}, {2, 4}], [{8}, {2, 7}, {1, 6}, {3, 5}, {4}], [{8}, {2, 7}, {3, 6}, {4, 5}, {1}], [{8}, {2, 7}, {4, 6}, {3, 5}, {1}], [{8}, {2, 7}, {6}, {3, 5}, {1, 4}], [{8}, {3, 7}, {4, 6}, {2, 5}, {1}], [{8}, {3, 7}, {5, 6}, {1, 4}, {2}], [{8}, {4, 7}, {1, 6}, {3, 5}, {2}], [{8}, {4, 7}, {2, 6}, {3, 5}, {1}], [{8}, {4, 7}, {6}, {3, 5}, {1, 2}], [{8}, {4, 7}, {6}, {3, 5}, {2}, {1}], [{8}, {5, 7}, {2, 6}, {4}, {1, 3}], [{8}, {5, 7}, {4, 6}, {1, 3}, {2}], [{8}, {5, 7}, {6}, {2, 4}, {1, 3}], [{8}, {6, 7}, {3, 5}, {1, 4}, {2}], [{8}, {6, 7}, {3, 5}, {2, 4}, {1}], [{8}, {6, 7}, {3, 5}, {4}, {1, 2}], [{8}, {7}, {1, 6}, {3, 5}, {2, 4}], [{8}, {7}, {2, 6}, {3, 5}, {1, 4}], [{8}, {7}, {4, 6}, {3, 5}, {1, 2}]]",2,- 8 K_1^4 + 8 K_1^3 + 12 K_1^2 K_2 - 2 K_1^2 - 12 K_1 K_2 - 4 K_1 K_3 - 2 K_2^2 + K_2 + 4 K_3 + K_4 + 3,O1O2O3O4U5U4U3O6O7U6O5U1U2O8U7U8,O1O2O3U2U1U4U5O6O7U6O4O5U3O8U7U8,O1O2O3U4U5O4U1O6O7U8O5O8U6U7U3U2,c,{'O1O2O3O4U5U6O5U3U4O7U8O6O8U2U1U7'},1,"<a href=""/flatknot/8.857856"">8.857856</a>",t^9-39t^7-88t^6+50t^5+182t^4+52t^3-48t^2-46t+2,-t^2+2t,,
8.857857,O1O2O3O4U5U6O5U3U7O8U1O6O7U2U8U4,4,2z^3+24z^2+103z+127,2w^4z^3+24w^3z^2+103w^2z+127w,False,False,"[[ 0 -1 -1  0  3 -1 -1  1  0],[ 1  0 -1  0  2  1  1  2  0],[ 1  1  0  1  3  0  0  2 -1],[ 0  0 -1  0  0  0  1  1 -1],[-3 -2 -3  0  0 -4 -2 -1 -2],[ 1 -1  0  0  4  0 -1  1  1],[ 1 -1  0 -1  2  1  0  1  1],[-1 -2 -2 -1  1 -1 -1  0  0],[ 0  0  1  1  2 -1 -1  0  0]]","[[ 0  3  1  0  0 -1 -1 -1 -1],[-3  0 -1  0 -2 -2 -2 -3 -4],[-1  1  0 -1  0 -1 -2 -2 -1],[ 0  0  1  0 -1  1  0 -1  0],[ 0  2  0  1  0 -1  0  1 -1],[ 1  2  1 -1  1  0 -1  0  1],[ 1  2  2  0  0  1  0 -1  1],[ 1  3  2  1 -1  0  1  0  0],[ 1  4  1  0  1 -1 -1  0  0]]",True,"[-3,-1,0,0,1,1,1,1,1,0,2,2,2,3,4,1,0,1,2,2,1,1,-1,0,1,0,1,0,-1,1,1,0,-1,1,-1,0]","[-3,-1,0,0,1,1,1,1,1,0,2,2,2,3,4,1,0,1,2,2,1,1,-1,0,1,0,1,0,-1,1,1,0,-1,1,-1,0]",t^8+59t^6+569t^4+147t^2+1,"[-1,-1,-1,-1,0,0,1,3,-1,-1,1,1,1,0,2,-1,0,0,2,1,2,0,0,1,1,0,2,0,0,1,-1,1,1,0,3,1]","[-3,-1,0,0,1,1,1,1,1,1,3,0,1,2,2,1,0,1,0,0,1,1,0,2,1,0,1,0,1,2,0,-1,-1,1,0,1]","[-1,-1,-1,-1,0,0,1,3,-1,-1,0,0,1,1,4,-1,0,-1,1,1,2,-1,0,0,2,2,1,-1,2,3,-1,1,0,0,2,1]",c,"[[{8, 4}, {2, 7}, {1, 6}, {3, 5}]]",1,- 16 K_1^2 - 14 K_1 K_2 + 7 K_1 - 4 K_2^2 + 8 K_2 + 7 K_3 + 2 K_4 + 11,O1O2O3O4U1U5U3O6O7U4O5U6U2O8U7U8,O1O2O3U4U1U5U3O6O7U6O5O8U2O4U7U8,O1O2O3U4U5O6U2O4O7U8O5O8U1U7U3U6,c,{'O1O2O3O4U5U6O5U3U7O8U1O6O7U2U8U4'},1,"<a href=""/flatknot/8.857857"">8.857857</a>",t^9-53t^7-154t^6+53t^5+478t^4+167t^3-326t^2-130t-30,-t^3+3t,,
8.857858,O1O2O3O4U5U6O5U3U7O8U1O6O7U4U8U2,3,16z^2+97z+131,-2w^4z^2+18w^3z^2-2w^3z+99w^2z+131w,False,False,"[[ 0 -1  1  0  1 -1 -1  1  0],[ 1  0  1  0  0  1  1  2  0],[-1 -1  0  0  0 -2 -1  1 -1],[ 0  0  0  0  0  0  1  1  0],[-1  0  0  0  0 -2 -1  0 -1],[ 1 -1  2  0  2  0 -1  1  1],[ 1 -1  1 -1  1  1  0  1  1],[-1 -2 -1 -1  0 -1 -1  0  0],[ 0  0  1  0  1 -1 -1  0  0]]","[[ 0  1  1  1  0  0 -1 -1 -1],[-1  0  1  0  0 -1 -1 -1 -2],[-1 -1  0  0 -1  0 -1 -2 -1],[-1  0  0  0  0 -1 -1  0 -2],[ 0  0  1  0  0  0  1  0  0],[ 0  1  0  1  0  0 -1  0 -1],[ 1  1  1  1 -1  1  0 -1  1],[ 1  1  2  0  0  0  1  0  1],[ 1  2  1  2  0  1 -1 -1  0]]",True,"[-1,-1,-1,0,0,1,1,1,-1,0,0,1,1,1,2,0,1,0,1,2,1,0,1,1,0,2,0,-1,0,0,1,0,1,1,-1,-1]","[-1,-1,-1,0,0,1,1,1,-1,-1,0,1,1,2,2,-1,-1,1,1,1,1,0,0,2,0,1,0,1,0,0,0,1,1,0,-1,0]",t^8+27t^6+139t^4+49t^2,"[-1,-1,-1,0,0,1,1,1,-1,-1,1,1,0,1,2,-1,0,2,1,1,1,0,1,1,0,0,0,1,0,0,0,1,1,1,0,0]","[-1,-1,-1,0,0,1,1,1,-1,0,0,1,0,1,1,0,1,0,1,0,1,1,0,2,0,1,0,1,1,2,1,0,0,1,1,-1]","[-1,-1,-1,0,0,1,1,1,-1,-1,0,1,1,2,2,-1,-1,1,1,1,1,0,0,2,0,1,0,1,0,0,0,1,1,0,-1,0]",c,"[[{8, 1}, {4, 7}, {3, 6}, {2, 5}], [{8, 3}, {1, 7}, {2, 6}, {4, 5}], [{8, 3}, {1, 7}, {4, 6}, {2, 5}], [{8, 3}, {5, 7}, {2, 6}, {1, 4}], [{8, 3}, {6, 7}, {2, 5}, {1, 4}], [{8, 4}, {3, 7}, {1, 6}, {2, 5}], [{8}, {1, 7}, {2, 6}, {4, 5}, {3}], [{8}, {1, 7}, {4, 6}, {2, 5}, {3}]]",1,16 K_1^3 - 32 K_1^2 - 16 K_1 K_2 - 4 K_1 + 16 K_2 + 4 K_3 + 17,O1O2O3O4U3U5U1O6O7U4O5U6U2O8U7U8,O1O2O3U4U3U5U1O6O7U6O5O8U2O4U7U8,O1O2O3U4U5O6U2O4O7U8O5O8U3U7U1U6,c,{'O1O2O3O4U5U6O5U3U7O8U1O6O7U4U8U2'},1,"<a href=""/flatknot/8.857858"">8.857858</a>",t^9-27t^7-56t^6+51t^5+200t^4+99t^3-48t^2-28t,0,,
8.857859,O1O2O3O4U5U6O5U3U7O8U2O6O7U1U4U8,4,16z^2+101z+139,16w^3z^2+101w^2z+139w,False,False,"[[ 0 -2  0  0  2 -1 -1  1  1],[ 2  0  2  1  3  1  0  2  1],[ 0 -2  0  0  0  0  0  1  0],[ 0 -1  0  0  0  0  1  1  0],[-2 -3  0  0  0 -3 -2 -1 -1],[ 1 -1  0  0  3  0 -1  1  2],[ 1  0  0 -1  2  1  0  1  2],[-1 -2 -1 -1  1 -1 -1  0  1],[-1 -1  0  0  1 -2 -2 -1  0]]","[[ 0  2  1  1  0  0 -1 -1 -2],[-2  0 -1 -1  0  0 -2 -3 -3],[-1  1  0  1 -1 -1 -1 -1 -2],[-1  1 -1  0  0  0 -2 -2 -1],[ 0  0  1  0  0  0  1  0 -1],[ 0  0  1  0  0  0  0  0 -2],[ 1  2  1  2 -1  0  0  1  0],[ 1  3  1  2  0  0 -1  0 -1],[ 2  3  2  1  1  2  0  1  0]]",True,"[-2,-1,-1,0,0,1,1,2,1,1,0,0,2,3,3,-1,1,1,1,1,2,0,0,2,2,1,0,-1,0,1,0,0,2,-1,0,1]","[-2,-1,-1,0,0,1,1,2,0,0,2,2,0,1,1,-1,1,1,0,0,2,0,0,1,1,1,0,1,1,0,1,2,1,-1,0,1]",t^8+50t^6+351t^4+129t^2+1,"[-2,-1,-1,0,0,1,1,2,0,1,0,1,1,2,1,1,1,1,1,0,0,1,2,1,0,1,0,0,1,2,0,1,2,-1,0,0]","[-2,-1,-1,0,0,1,1,2,0,0,2,2,0,1,1,-1,1,1,0,0,2,0,0,1,1,1,0,1,1,0,1,2,1,-1,0,1]","[-2,-1,-1,0,0,1,1,2,0,1,1,2,1,2,3,1,-1,0,2,1,2,0,0,2,1,3,0,0,1,0,0,1,0,-1,1,1]",c,"[[{8, 2}, {1, 7}, {3, 6}, {4, 5}], [{8, 6}, {5, 7}, {1, 4}, {2, 3}]]",1,- 16 K_1^2 - 8 K_1 K_2 + 4 K_1 + 8 K_2 + 4 K_3 + 9,O1O2O3O4U5U1U4O6O7U3O5U6U2O8U7U8,O1O2O3U1U4U5U2O6O7U6O5O8U3O4U7U8,O1O2O3U4U5O6U1O4O7U8O5O8U2U7U6U3,c,{'O1O2O3O4U5U6O5U3U7O8U2O6O7U1U4U8'},1,"<a href=""/flatknot/8.857859"">8.857859</a>",t^9-50t^7-120t^6+145t^5+576t^4+239t^3-294t^2-122t+24,0,,
8.857860,O1O2O3O4U5U6O5U3U7O8U2O6O7U1U8U4,4,z^3+18z^2+100z+137,w^4z^3+18w^3z^2+100w^2z+137w,False,False,"[[ 0 -2  0  0  3 -1 -1  1  0],[ 2  0  2  1  4  1  0  2  0],[ 0 -2  0  0  1  0  0  1 -1],[ 0 -1  0  0  0  0  1  1 -1],[-3 -4 -1  0  0 -4 -2 -1 -2],[ 1 -1  0  0  4  0 -1  1  1],[ 1  0  0 -1  2  1  0  1  1],[-1 -2 -1 -1  1 -1 -1  0  0],[ 0  0  1  1  2 -1 -1  0  0]]","[[ 0  3  1  0  0  0 -1 -1 -2],[-3  0 -1  0 -1 -2 -2 -4 -4],[-1  1  0 -1 -1  0 -1 -1 -2],[ 0  0  1  0  0 -1  1  0 -1],[ 0  1  1  0  0 -1  0  0 -2],[ 0  2  0  1  1  0 -1 -1  0],[ 1  2  1 -1  0  1  0  1  0],[ 1  4  1  0  0  1 -1  0 -1],[ 2  4  2  1  2  0  0  1  0]]",True,"[-3,-1,0,0,0,1,1,2,1,0,1,2,2,4,4,1,1,0,1,1,2,0,1,-1,0,1,1,0,0,2,1,1,0,-1,0,1]","[-3,-1,0,0,0,1,1,2,1,0,1,2,2,4,4,1,1,0,1,1,2,0,1,-1,0,1,1,0,0,2,1,1,0,-1,0,1]",t^8+62t^6+466t^4+134t^2,"[-2,-1,-1,0,0,0,1,3,0,1,0,1,2,1,1,1,1,1,0,1,0,1,2,0,1,2,0,1,0,2,1,0,3,1,1,1]","[-3,-1,0,0,0,1,1,2,1,1,2,3,0,2,1,1,0,0,1,1,1,1,1,0,0,2,0,1,1,0,1,2,1,-1,0,1]","[-2,-1,-1,0,0,0,1,3,0,1,0,1,2,2,4,1,1,-1,0,1,2,1,0,0,1,4,1,1,0,2,0,1,0,1,1,1]",c,"[[{8, 1}, {2, 7}, {3, 6}, {4, 5}], [{8, 1}, {2, 7}, {4, 6}, {3, 5}], [{8, 1}, {2, 7}, {4, 6}, {5}, {3}], [{8, 1}, {2, 7}, {5, 6}, {3, 4}], [{8, 1}, {2, 7}, {5, 6}, {4}, {3}], [{8, 1}, {2, 7}, {6}, {4, 5}, {3}], [{8, 1}, {3, 7}, {2, 6}, {4, 5}], [{8, 1}, {3, 7}, {4, 6}, {2, 5}], [{8, 1}, {3, 7}, {5, 6}, {2, 4}], [{8, 1}, {4, 7}, {2, 6}, {3, 5}], [{8, 1}, {4, 7}, {3, 6}, {2, 5}], [{8, 1}, {4, 7}, {5, 6}, {2, 3}], [{8, 1}, {5, 7}, {2, 6}, {3, 4}], [{8, 1}, {5, 7}, {3, 6}, {2, 4}], [{8, 1}, {5, 7}, {4, 6}, {2, 3}], [{8, 1}, {5, 7}, {6}, {2, 4}, {3}], [{8, 1}, {6, 7}, {2, 5}, {3, 4}], [{8, 1}, {6, 7}, {3, 5}, {2, 4}], [{8, 1}, {6, 7}, {4, 5}, {2, 3}], [{8, 1}, {7}, {2, 6}, {3, 5}, {4}], [{8, 1}, {7}, {3, 6}, {4, 5}, {2}], [{8, 2}, {1, 7}, {3, 6}, {4, 5}], [{8, 2}, {1, 7}, {4, 6}, {3, 5}], [{8, 2}, {1, 7}, {5, 6}, {3, 4}], [{8, 2}, {1, 7}, {6}, {3, 5}, {4}], [{8, 2}, {1, 7}, {6}, {4, 5}, {3}], [{8, 2}, {1, 7}, {6}, {5}, {3, 4}], [{8, 2}, {3, 7}, {1, 6}, {4, 5}], [{8, 2}, {3, 7}, {1, 6}, {5}, {4}], [{8, 2}, {3, 7}, {4, 6}, {1, 5}], [{8, 2}, {3, 7}, {4, 6}, {5}, {1}], [{8, 2}, {3, 7}, {5, 6}, {1, 4}], [{8, 2}, {3, 7}, {6}, {5}, {1, 4}], [{8, 2}, {4, 7}, {1, 6}, {3, 5}], [{8, 2}, {4, 7}, {3, 6}, {1, 5}], [{8, 2}, {4, 7}, {3, 6}, {5}, {1}], [{8, 2}, {4, 7}, {5, 6}, {1, 3}], [{8, 2}, {4, 7}, {5, 6}, {3}, {1}], [{8, 2}, {4, 7}, {6}, {3, 5}, {1}], [{8, 2}, {5, 7}, {1, 6}, {3, 4}], [{8, 2}, {5, 7}, {1, 6}, {4}, {3}], [{8, 2}, {5, 7}, {3, 6}, {1, 4}], [{8, 2}, {5, 7}, {4, 6}, {1, 3}], [{8, 2}, {5, 7}, {4, 6}, {3}, {1}], [{8, 2}, {5, 7}, {6}, {1, 4}, {3}], [{8, 2}, {6, 7}, {1, 5}, {3, 4}], [{8, 2}, {6, 7}, {3, 5}, {1, 4}], [{8, 2}, {6, 7}, {3, 5}, {4}, {1}], [{8, 2}, {6, 7}, {4, 5}, {1, 3}], [{8, 2}, {7}, {1, 6}, {3, 5}, {4}], [{8, 2}, {7}, {4, 6}, {3, 5}, {1}], [{8, 2}, {7}, {6}, {3, 5}, {1, 4}], [{8, 2}, {7}, {6}, {3, 5}, {4}, {1}], [{8, 3}, {1, 7}, {2, 6}, {4, 5}], [{8, 3}, {1, 7}, {4, 6}, {2, 5}], [{8, 3}, {1, 7}, {4, 6}, {5}, {2}], [{8, 3}, {1, 7}, {5, 6}, {2, 4}], [{8, 3}, {2, 7}, {1, 6}, {4, 5}], [{8, 3}, {2, 7}, {4, 6}, {1, 5}], [{8, 3}, {2, 7}, {5, 6}, {1, 4}], [{8, 3}, {2, 7}, {6}, {5}, {1, 4}], [{8, 3}, {4, 7}, {1, 6}, {2, 5}], [{8, 3}, {4, 7}, {1, 6}, {5}, {2}], [{8, 3}, {4, 7}, {2, 6}, {1, 5}], [{8, 3}, {4, 7}, {5, 6}, {1, 2}], [{8, 3}, {5, 7}, {1, 6}, {2, 4}], [{8, 3}, {5, 7}, {2, 6}, {1, 4}], [{8, 3}, {5, 7}, {4, 6}, {1, 2}], [{8, 3}, {5, 7}, {6}, {4}, {1, 2}], [{8, 3}, {6, 7}, {1, 5}, {2, 4}], [{8, 3}, {6, 7}, {2, 5}, {1, 4}], [{8, 3}, {6, 7}, {4, 5}, {1, 2}], [{8, 3}, {7}, {4, 6}, {2, 5}, {1}], [{8, 3}, {7}, {5, 6}, {2, 4}, {1}], [{8, 4}, {1, 7}, {2, 6}, {3, 5}], [{8, 4}, {1, 7}, {3, 6}, {2, 5}], [{8, 4}, {1, 7}, {3, 6}, {5}, {2}], [{8, 4}, {1, 7}, {5, 6}, {2, 3}], [{8, 4}, {2, 7}, {1, 6}, {3, 5}], [{8, 4}, {2, 7}, {3, 6}, {1, 5}], [{8, 4}, {2, 7}, {3, 6}, {5}, {1}], [{8, 4}, {2, 7}, {5, 6}, {1, 3}], [{8, 4}, {3, 7}, {1, 6}, {2, 5}], [{8, 4}, {3, 7}, {2, 6}, {1, 5}], [{8, 4}, {3, 7}, {5, 6}, {1, 2}], [{8, 4}, {5, 7}, {1, 6}, {2, 3}], [{8, 4}, {5, 7}, {2, 6}, {1, 3}], [{8, 4}, {5, 7}, {3, 6}, {1, 2}], [{8, 4}, {5, 7}, {6}, {1, 3}, {2}], [{8, 4}, {6, 7}, {1, 5}, {2, 3}], [{8, 4}, {6, 7}, {2, 5}, {1, 3}], [{8, 4}, {6, 7}, {3, 5}, {1, 2}], [{8, 4}, {7}, {2, 6}, {3, 5}, {1}], [{8, 4}, {7}, {3, 6}, {5}, {1, 2}], [{8, 5}, {1, 7}, {2, 6}, {3, 4}], [{8, 5}, {1, 7}, {3, 6}, {2, 4}], [{8, 5}, {1, 7}, {4, 6}, {2, 3}], [{8, 5}, {1, 7}, {6}, {2, 4}, {3}], [{8, 5}, {1, 7}, {6}, {3, 4}, {2}], [{8, 5}, {1, 7}, {6}, {4}, {2, 3}], [{8, 5}, {2, 7}, {1, 6}, {3, 4}], [{8, 5}, {2, 7}, {1, 6}, {4}, {3}], [{8, 5}, {2, 7}, {3, 6}, {1, 4}], [{8, 5}, {2, 7}, {3, 6}, {4}, {1}], [{8, 5}, {2, 7}, {4, 6}, {1, 3}], [{8, 5}, {2, 7}, {4, 6}, {3}, {1}], [{8, 5}, {2, 7}, {6}, {1, 4}, {3}], [{8, 5}, {2, 7}, {6}, {3, 4}, {1}], [{8, 5}, {2, 7}, {6}, {4}, {1, 3}], [{8, 5}, {3, 7}, {1, 6}, {2, 4}], [{8, 5}, {3, 7}, {2, 6}, {1, 4}], [{8, 5}, {3, 7}, {4, 6}, {1, 2}], [{8, 5}, {3, 7}, {4, 6}, {2}, {1}], [{8, 5}, {4, 7}, {1, 6}, {2, 3}], [{8, 5}, {4, 7}, {2, 6}, {1, 3}], [{8, 5}, {4, 7}, {3, 6}, {1, 2}], [{8, 5}, {4, 7}, {3, 6}, {2}, {1}], [{8, 5}, {6, 7}, {1, 4}, {2, 3}], [{8, 5}, {6, 7}, {2, 4}, {1, 3}], [{8, 5}, {6, 7}, {3, 4}, {1, 2}], [{8, 5}, {7}, {3, 6}, {2, 4}, {1}], [{8, 5}, {7}, {4, 6}, {2, 3}, {1}], [{8, 5}, {7}, {6}, {3, 4}, {1, 2}], [{8, 6}, {1, 7}, {2, 5}, {3, 4}], [{8, 6}, {1, 7}, {2, 5}, {4}, {3}], [{8, 6}, {1, 7}, {3, 5}, {2, 4}], [{8, 6}, {1, 7}, {3, 5}, {4}, {2}], [{8, 6}, {1, 7}, {4, 5}, {2, 3}], [{8, 6}, {1, 7}, {4, 5}, {3}, {2}], [{8, 6}, {1, 7}, {5}, {2, 4}, {3}], [{8, 6}, {1, 7}, {5}, {3, 4}, {2}], [{8, 6}, {1, 7}, {5}, {4}, {2, 3}], [{8, 6}, {1, 7}, {5}, {4}, {3}, {2}], [{8, 6}, {2, 7}, {1, 5}, {3, 4}], [{8, 6}, {2, 7}, {3, 5}, {1, 4}], [{8, 6}, {2, 7}, {3, 5}, {4}, {1}], [{8, 6}, {2, 7}, {4, 5}, {1, 3}], [{8, 6}, {3, 7}, {1, 5}, {2, 4}], [{8, 6}, {3, 7}, {1, 5}, {4}, {2}], [{8, 6}, {3, 7}, {2, 5}, {1, 4}], [{8, 6}, {3, 7}, {4, 5}, {1, 2}], [{8, 6}, {4, 7}, {1, 5}, {2, 3}], [{8, 6}, {4, 7}, {2, 5}, {1, 3}], [{8, 6}, {4, 7}, {3, 5}, {1, 2}], [{8, 6}, {4, 7}, {3, 5}, {2}, {1}], [{8, 6}, {5, 7}, {1, 4}, {2, 3}], [{8, 6}, {5, 7}, {2, 4}, {1, 3}], [{8, 6}, {5, 7}, {3, 4}, {1, 2}], [{8, 6}, {5, 7}, {4}, {1, 3}, {2}], [{8, 6}, {7}, {3, 5}, {1, 4}, {2}], [{8, 6}, {7}, {3, 5}, {2, 4}, {1}], [{8, 6}, {7}, {3, 5}, {4}, {1, 2}], [{8, 6}, {7}, {3, 5}, {4}, {2}, {1}], [{8, 7}, {1, 6}, {2, 5}, {3, 4}], [{8, 7}, {1, 6}, {2, 5}, {4}, {3}], [{8, 7}, {1, 6}, {3, 5}, {2, 4}], [{8, 7}, {1, 6}, {4, 5}, {2, 3}], [{8, 7}, {1, 6}, {4, 5}, {3}, {2}], [{8, 7}, {1, 6}, {5}, {2, 4}, {3}], [{8, 7}, {2, 6}, {1, 5}, {3, 4}], [{8, 7}, {2, 6}, {3, 5}, {1, 4}], [{8, 7}, {2, 6}, {3, 5}, {4}, {1}], [{8, 7}, {2, 6}, {4, 5}, {1, 3}], [{8, 7}, {3, 6}, {1, 5}, {2, 4}], [{8, 7}, {3, 6}, {1, 5}, {4}, {2}], [{8, 7}, {3, 6}, {2, 5}, {1, 4}], [{8, 7}, {3, 6}, {4, 5}, {1, 2}], [{8, 7}, {4, 6}, {1, 5}, {2, 3}], [{8, 7}, {4, 6}, {2, 5}, {1, 3}], [{8, 7}, {4, 6}, {2, 5}, {3}, {1}], [{8, 7}, {4, 6}, {3, 5}, {1, 2}], [{8, 7}, {5, 6}, {1, 4}, {2, 3}], [{8, 7}, {5, 6}, {2, 4}, {1, 3}], [{8, 7}, {5, 6}, {3, 4}, {1, 2}], [{8, 7}, {6}, {2, 5}, {1, 4}, {3}], [{8, 7}, {6}, {3, 5}, {1, 4}, {2}], [{8, 7}, {6}, {5}, {1, 4}, {2, 3}], [{8}, {1, 7}, {2, 6}, {3, 5}, {4}], [{8}, {1, 7}, {2, 6}, {4, 5}, {3}], [{8}, {1, 7}, {2, 6}, {5}, {3, 4}], [{8}, {1, 7}, {5, 6}, {2, 4}, {3}], [{8}, {1, 7}, {5, 6}, {3, 4}, {2}], [{8}, {1, 7}, {5, 6}, {4}, {2, 3}], [{8}, {1, 7}, {6}, {2, 5}, {3, 4}], [{8}, {1, 7}, {6}, {5}, {3, 4}, {2}], [{8}, {2, 7}, {3, 6}, {4, 5}, {1}], [{8}, {2, 7}, {4, 6}, {1, 5}, {3}], [{8}, {2, 7}, {6}, {3, 5}, {1, 4}], [{8}, {3, 7}, {4, 6}, {2, 5}, {1}], [{8}, {4, 7}, {2, 6}, {3, 5}, {1}], [{8}, {4, 7}, {3, 6}, {2, 5}, {1}], [{8}, {5, 7}, {1, 6}, {3, 4}, {2}], [{8}, {5, 7}, {3, 6}, {1, 4}, {2}], [{8}, {5, 7}, {4, 6}, {1, 3}, {2}], [{8}, {6, 7}, {1, 5}, {3, 4}, {2}], [{8}, {6, 7}, {3, 5}, {1, 4}, {2}], [{8}, {6, 7}, {4, 5}, {1, 3}, {2}], [{8}, {7}, {2, 6}, {3, 5}, {1, 4}], [{8}, {7}, {2, 6}, {3, 5}, {4}, {1}]]",2,12 K_1^3 + 4 K_1^2 K_2 - 32 K_1^2 - 26 K_1 K_2 - 2 K_1 K_3 + 4 K_1 - 2 K_2^2 + 15 K_2 + 10 K_3 + K_4 + 17,O1O2O3O4U1U5U4O6O7U3O5U6U2O8U7U8,O1O2O3U1U4U5U3O6O7U6O5O8U2O4U7U8,O1O2O3U4U5O6U2O4O7U8O5O8U1U7U6U3,c,{'O1O2O3O4U5U6O5U3U7O8U2O6O7U1U8U4'},1,"<a href=""/flatknot/8.857860"">8.857860</a>",t^9-58t^7-146t^6+171t^5+532t^4-183t^3-372t^2+153t+32,-t^3+t^2+t,,
8.857861,O1O2O3O4U5U6O5U3U7O8U2O6O7U4U1U8,4,z^3+20z^2+102z+133,w^4z^3+20w^3z^2+102w^2z+133w,False,False,"[[ 0 -1  0  0  1 -1 -1  1  1],[ 1  0  1  0  2  0 -1  1  1],[ 0 -1  0  0  0  0  0  1  0],[ 0  0  0  0  0  0  1  1  0],[-1 -2  0  0  0 -2 -1  0 -1],[ 1  0  0  0  2  0 -1  1  2],[ 1  1  0 -1  1  1  0  1  2],[-1 -1 -1 -1  0 -1 -1  0  1],[-1 -1  0  0  1 -2 -2 -1  0]]","[[ 0  1  1  1  0  0 -1 -1 -1],[-1  0  1  0 -1 -1 -1 -1 -1],[-1 -1  0  1  0  0 -1 -2 -2],[-1  0 -1  0  0  0 -2 -1 -2],[ 0  1  0  0  0  0  0  1  0],[ 0  1  0  0  0  0 -1  0  0],[ 1  1  1  2  0  1  0 -1  0],[ 1  1  2  1 -1  0  1  0  1],[ 1  1  2  2  0  0  0 -1  0]]",True,"[-1,-1,-1,0,0,1,1,1,-1,0,1,1,1,1,1,-1,0,0,1,2,2,0,0,2,1,2,0,0,-1,0,1,0,0,1,0,-1]","[-1,-1,-1,0,0,1,1,1,-1,-1,1,2,0,1,1,0,0,1,1,0,1,1,1,0,0,1,0,1,1,0,1,1,0,-1,1,0]",t^8+29t^6+124t^4+54t^2,"[-1,-1,-1,0,0,1,1,1,-1,-1,1,2,0,1,1,0,0,1,1,0,1,1,1,0,0,1,0,1,1,0,1,1,0,-1,1,0]","[-1,-1,-1,0,0,1,1,1,-1,0,1,1,0,0,1,-1,1,1,0,1,0,0,0,1,1,1,0,1,0,1,1,1,2,0,-1,-1]","[-1,-1,-1,0,0,1,1,1,-1,0,0,0,1,2,2,1,-1,0,1,1,2,0,1,1,2,1,0,1,0,0,1,0,0,0,1,-1]",c,"[[{8, 6}, {1, 7}, {2, 5}, {3, 4}], [{8, 6}, {1, 7}, {3, 5}, {2, 4}], [{8, 6}, {1, 7}, {3, 5}, {4}, {2}], [{8, 6}, {1, 7}, {4, 5}, {2, 3}], [{8, 6}, {1, 7}, {4, 5}, {3}, {2}], [{8, 6}, {1, 7}, {5}, {3, 4}, {2}]]",1,12 K_1^3 - 32 K_1^2 - 24 K_1 K_2 + 3 K_1 + 16 K_2 + 9 K_3 + 17,O1O2O3O4U5U4U1O6O7U3O5U6U2O8U7U8,O1O2O3U2U4U5U1O6O7U6O5O8U3O4U7U8,O1O2O3U4U5O6U1O4O7U8O5O8U3U7U6U2,c,{'O1O2O3O4U5U6O5U3U7O8U2O6O7U4U1U8'},1,"<a href=""/flatknot/8.857861"">8.857861</a>",t^9-29t^7-54t^6+58t^5+138t^4-7t^3-74t^2-19t-2,0,,
8.857862,O1O2O3O4U5U6O5U3U7O8U4O6O7U1U2U8,4,6z^3+45z^2+112z+93,6w^4z^3+45w^3z^2+112w^2z+93w,False,False,"[[ 0 -2  0  0  2 -1 -1  1  1],[ 2  0  1  0  3  1  0  2  1],[ 0 -1  0  0  3 -1 -2  0  0],[ 0  0  0  0  1  0  0  0  0],[-2 -3 -3 -1  0 -2 -1 -1 -1],[ 1 -1  1  0  2  0 -1  1  2],[ 1  0  2  0  1  1  0  1  2],[-1 -2  0  0  1 -1 -1  0  1],[-1 -1  0  0  1 -2 -2 -1  0]]","[[ 0  2  1  1  0  0 -1 -1 -2],[-2  0 -1 -1 -1 -3 -1 -2 -3],[-1  1  0  1  0  0 -1 -1 -2],[-1  1 -1  0  0  0 -2 -2 -1],[ 0  1  0  0  0  0  0  0  0],[ 0  3  0  0  0  0 -2 -1 -1],[ 1  1  1  2  0  2  0  1  0],[ 1  2  1  2  0  1 -1  0 -1],[ 2  3  2  1  0  1  0  1  0]]",True,"[-2,-1,-1,0,0,1,1,2,1,1,1,3,1,2,3,-1,0,0,1,1,2,0,0,2,2,1,0,0,0,0,2,1,1,-1,0,1]","[-2,-1,-1,0,0,1,1,2,0,0,-1,1,1,2,1,-1,1,1,0,0,2,1,1,1,1,1,0,0,-1,1,1,1,2,-1,0,1]",t^8+50t^6+261t^4+68t^2+4,"[-2,-1,-1,0,0,1,1,2,0,1,1,2,1,2,1,1,0,1,1,0,1,-1,1,1,0,2,0,1,1,-1,1,1,1,-1,0,0]","[-2,-1,-1,0,0,1,1,2,0,0,-1,1,1,2,1,-1,1,1,0,0,2,1,1,1,1,1,0,0,-1,1,1,1,2,-1,0,1]","[-2,-1,-1,0,0,1,1,2,0,1,0,1,1,2,3,1,0,2,2,1,1,0,1,2,1,2,0,0,0,1,0,0,3,-1,1,1]",c,"[[{8, 1}, {2, 7}, {3, 6}, {4, 5}], [{8, 1}, {2, 7}, {4, 6}, {3, 5}], [{8, 1}, {2, 7}, {5, 6}, {3, 4}], [{8, 1}, {3, 7}, {2, 6}, {4, 5}], [{8, 1}, {3, 7}, {4, 6}, {2, 5}], [{8, 1}, {3, 7}, {4, 6}, {5}, {2}], [{8, 1}, {3, 7}, {5, 6}, {2, 4}], [{8, 1}, {3, 7}, {5, 6}, {4}, {2}], [{8, 1}, {3, 7}, {6}, {4, 5}, {2}], [{8, 1}, {4, 7}, {2, 6}, {3, 5}], [{8, 1}, {4, 7}, {2, 6}, {5}, {3}], [{8, 1}, {4, 7}, {3, 6}, {2, 5}], [{8, 1}, {4, 7}, {5, 6}, {2, 3}], [{8, 1}, {5, 7}, {2, 6}, {3, 4}], [{8, 1}, {5, 7}, {3, 6}, {2, 4}], [{8, 1}, {5, 7}, {4, 6}, {2, 3}], [{8, 1}, {5, 7}, {6}, {3, 4}, {2}], [{8, 1}, {6, 7}, {2, 5}, {3, 4}], [{8, 1}, {6, 7}, {3, 5}, {2, 4}], [{8, 1}, {6, 7}, {4, 5}, {2, 3}], [{8, 1}, {7}, {4, 6}, {2, 5}, {3}], [{8, 1}, {7}, {6}, {3, 5}, {2, 4}], [{8, 2}, {1, 7}, {3, 6}, {4, 5}], [{8, 2}, {1, 7}, {4, 6}, {3, 5}], [{8, 2}, {1, 7}, {4, 6}, {5}, {3}], [{8, 2}, {1, 7}, {5, 6}, {3, 4}], [{8, 2}, {3, 7}, {1, 6}, {4, 5}], [{8, 2}, {3, 7}, {4, 6}, {1, 5}], [{8, 2}, {3, 7}, {5, 6}, {1, 4}], [{8, 2}, {4, 7}, {1, 6}, {3, 5}], [{8, 2}, {4, 7}, {3, 6}, {1, 5}], [{8, 2}, {4, 7}, {5, 6}, {1, 3}], [{8, 2}, {5, 7}, {1, 6}, {3, 4}], [{8, 2}, {5, 7}, {3, 6}, {1, 4}], [{8, 2}, {5, 7}, {4, 6}, {1, 3}], [{8, 2}, {6, 7}, {1, 5}, {3, 4}], [{8, 2}, {6, 7}, {3, 5}, {1, 4}], [{8, 2}, {6, 7}, {4, 5}, {1, 3}], [{8, 3}, {1, 7}, {2, 6}, {4, 5}], [{8, 3}, {1, 7}, {2, 6}, {5}, {4}], [{8, 3}, {1, 7}, {4, 6}, {2, 5}], [{8, 3}, {1, 7}, {5, 6}, {2, 4}], [{8, 3}, {2, 7}, {1, 6}, {4, 5}], [{8, 3}, {2, 7}, {4, 6}, {1, 5}], [{8, 3}, {2, 7}, {5, 6}, {1, 4}], [{8, 3}, {4, 7}, {1, 6}, {2, 5}], [{8, 3}, {4, 7}, {2, 6}, {1, 5}], [{8, 3}, {4, 7}, {5, 6}, {1, 2}], [{8, 3}, {5, 7}, {1, 6}, {2, 4}], [{8, 3}, {5, 7}, {2, 6}, {1, 4}], [{8, 3}, {5, 7}, {4, 6}, {1, 2}], [{8, 3}, {5, 7}, {6}, {1, 4}, {2}], [{8, 3}, {6, 7}, {1, 5}, {2, 4}], [{8, 3}, {6, 7}, {2, 5}, {1, 4}], [{8, 3}, {6, 7}, {4, 5}, {1, 2}], [{8, 4}, {1, 7}, {2, 6}, {3, 5}], [{8, 4}, {1, 7}, {2, 6}, {5}, {3}], [{8, 4}, {1, 7}, {3, 6}, {2, 5}], [{8, 4}, {1, 7}, {5, 6}, {2, 3}], [{8, 4}, {2, 7}, {1, 6}, {3, 5}], [{8, 4}, {2, 7}, {3, 6}, {1, 5}], [{8, 4}, {2, 7}, {5, 6}, {1, 3}], [{8, 4}, {3, 7}, {1, 6}, {2, 5}], [{8, 4}, {3, 7}, {2, 6}, {1, 5}], [{8, 4}, {3, 7}, {5, 6}, {1, 2}], [{8, 4}, {5, 7}, {1, 6}, {2, 3}], [{8, 4}, {5, 7}, {2, 6}, {1, 3}], [{8, 4}, {5, 7}, {3, 6}, {1, 2}], [{8, 4}, {5, 7}, {6}, {2, 3}, {1}], [{8, 4}, {6, 7}, {1, 5}, {2, 3}], [{8, 4}, {6, 7}, {2, 5}, {1, 3}], [{8, 4}, {6, 7}, {3, 5}, {1, 2}], [{8, 4}, {6, 7}, {5}, {3}, {1, 2}], [{8, 4}, {7}, {3, 6}, {2, 5}, {1}], [{8, 5}, {1, 7}, {2, 6}, {3, 4}], [{8, 5}, {1, 7}, {2, 6}, {4}, {3}], [{8, 5}, {1, 7}, {3, 6}, {2, 4}], [{8, 5}, {1, 7}, {4, 6}, {2, 3}], [{8, 5}, {2, 7}, {1, 6}, {3, 4}], [{8, 5}, {2, 7}, {3, 6}, {1, 4}], [{8, 5}, {2, 7}, {4, 6}, {1, 3}], [{8, 5}, {2, 7}, {4, 6}, {3}, {1}], [{8, 5}, {3, 7}, {1, 6}, {2, 4}], [{8, 5}, {3, 7}, {2, 6}, {1, 4}], [{8, 5}, {3, 7}, {4, 6}, {1, 2}], [{8, 5}, {4, 7}, {1, 6}, {2, 3}], [{8, 5}, {4, 7}, {2, 6}, {1, 3}], [{8, 5}, {4, 7}, {3, 6}, {1, 2}], [{8, 5}, {6, 7}, {1, 4}, {2, 3}], [{8, 5}, {6, 7}, {1, 4}, {3}, {2}], [{8, 5}, {6, 7}, {2, 4}, {1, 3}], [{8, 5}, {6, 7}, {3, 4}, {1, 2}], [{8, 5}, {7}, {3, 6}, {2, 4}, {1}], [{8, 6}, {1, 7}, {2, 5}, {3, 4}], [{8, 6}, {1, 7}, {3, 5}, {2, 4}], [{8, 6}, {1, 7}, {4, 5}, {2, 3}], [{8, 6}, {1, 7}, {5}, {2, 4}, {3}], [{8, 6}, {2, 7}, {1, 5}, {3, 4}], [{8, 6}, {2, 7}, {3, 5}, {1, 4}], [{8, 6}, {2, 7}, {4, 5}, {1, 3}], [{8, 6}, {2, 7}, {5}, {4}, {1, 3}], [{8, 6}, {3, 7}, {1, 5}, {2, 4}], [{8, 6}, {3, 7}, {2, 5}, {1, 4}], [{8, 6}, {3, 7}, {4, 5}, {1, 2}], [{8, 6}, {4, 7}, {1, 5}, {2, 3}], [{8, 6}, {4, 7}, {2, 5}, {1, 3}], [{8, 6}, {4, 7}, {3, 5}, {1, 2}], [{8, 6}, {5, 7}, {1, 4}, {2, 3}], [{8, 6}, {5, 7}, {1, 4}, {3}, {2}], [{8, 6}, {5, 7}, {2, 4}, {1, 3}], [{8, 6}, {5, 7}, {3, 4}, {1, 2}], [{8, 7}, {1, 6}, {2, 5}, {3, 4}], [{8, 7}, {1, 6}, {3, 5}, {2, 4}], [{8, 7}, {1, 6}, {4, 5}, {2, 3}], [{8, 7}, {2, 6}, {1, 5}, {3, 4}], [{8, 7}, {2, 6}, {3, 5}, {1, 4}], [{8, 7}, {2, 6}, {4, 5}, {1, 3}], [{8, 7}, {2, 6}, {5}, {1, 4}, {3}], [{8, 7}, {3, 6}, {1, 5}, {2, 4}], [{8, 7}, {3, 6}, {2, 5}, {1, 4}], [{8, 7}, {3, 6}, {4, 5}, {1, 2}], [{8, 7}, {4, 6}, {1, 5}, {2, 3}], [{8, 7}, {4, 6}, {2, 5}, {1, 3}], [{8, 7}, {4, 6}, {3, 5}, {1, 2}], [{8, 7}, {4, 6}, {3, 5}, {2}, {1}], [{8, 7}, {5, 6}, {1, 4}, {2, 3}], [{8, 7}, {5, 6}, {2, 4}, {1, 3}], [{8, 7}, {5, 6}, {3, 4}, {1, 2}], [{8, 7}, {6}, {3, 5}, {4}, {1, 2}], [{8}, {1, 7}, {2, 6}, {3, 5}, {4}], [{8}, {1, 7}, {2, 6}, {4, 5}, {3}], [{8}, {1, 7}, {2, 6}, {5}, {3, 4}], [{8}, {1, 7}, {2, 6}, {5}, {4}, {3}], [{8}, {1, 7}, {3, 6}, {4, 5}, {2}], [{8}, {1, 7}, {6}, {4, 5}, {2, 3}], [{8}, {2, 7}, {1, 6}, {4, 5}, {3}], [{8}, {2, 7}, {6}, {3, 5}, {1, 4}], [{8}, {5, 7}, {3, 6}, {1, 4}, {2}], [{8}, {5, 7}, {4, 6}, {1, 3}, {2}], [{8}, {7}, {1, 6}, {2, 5}, {3, 4}]]",2,12 K_1^3 + 8 K_1^2 K_2 - 16 K_1^2 - 8 K_1 K_2 - 4 K_1 K_3 - 5 K_1 + 6 K_2 + K_3 + 7,O1O2O3O4U5U3U4O6O7U1O5U6U2O8U7U8,O1O2O3U1U2U4U5O6O7U6O4O8U3O5U7U8,O1O2O3U4U5O6U1O4O7U8O5O8U6U7U2U3,c,{'O1O2O3O4U5U6O5U3U7O8U4O6O7U1U2U8'},1,"<a href=""/flatknot/8.857862"">8.857862</a>",t^9-50t^7-128t^6+145t^5+398t^4-192t^3-234t^2+56t+4,0,,
8.857863,O1O2O3O4U5U6O5U3U7O8U4O6O7U1U8U2,4,22z^2+107z+127,22w^3z^2+107w^2z+127w,False,False,"[[ 0 -2  1  0  2 -1 -1  1  0],[ 2  0  2  0  3  1  0  2  0],[-1 -2  0  0  2 -2 -2  0 -1],[ 0  0  0  0  1  0  0  0  0],[-2 -3 -2 -1  0 -2 -1 -1 -1],[ 1 -1  2  0  2  0 -1  1  1],[ 1  0  2  0  1  1  0  1  1],[-1 -2  0  0  1 -1 -1  0  0],[ 0  0  1  0  1 -1 -1  0  0]]","[[ 0  2  1  1  0  0 -1 -1 -2],[-2  0 -1 -2 -1 -1 -1 -2 -3],[-1  1  0  0  0  0 -1 -1 -2],[-1  2  0  0  0 -1 -2 -2 -2],[ 0  1  0  0  0  0  0  0  0],[ 0  1  0  1  0  0 -1 -1  0],[ 1  1  1  2  0  1  0  1  0],[ 1  2  1  2  0  1 -1  0 -1],[ 2  3  2  2  0  0  0  1  0]]",True,"[-2,-1,-1,0,0,1,1,2,1,2,1,1,1,2,3,0,0,0,1,1,2,0,1,2,2,2,0,0,0,0,1,1,0,-1,0,1]","[-2,-1,-1,0,0,1,1,2,-1,0,1,1,1,2,1,0,0,1,0,0,1,1,1,1,1,1,0,0,0,2,1,1,2,-1,0,1]",t^8+44t^6+138t^4+44t^2+1,"[-2,-1,-1,0,0,1,1,2,0,1,2,2,1,1,1,1,0,1,0,1,1,0,1,0,1,2,0,0,1,1,1,1,1,0,-1,0]","[-2,-1,-1,0,0,1,1,2,-1,0,1,1,1,2,1,0,0,1,0,0,1,1,1,1,1,1,0,0,0,2,1,1,2,-1,0,1]","[-2,-1,-1,0,0,1,1,2,0,1,0,0,2,2,3,1,0,1,1,2,1,0,1,1,2,2,0,0,0,1,0,1,1,0,1,2]",c,"[[{8, 1}, {2, 7}, {3, 6}, {4, 5}], [{8, 1}, {2, 7}, {4, 6}, {3, 5}], [{8, 1}, {2, 7}, {5, 6}, {3, 4}], [{8, 1}, {3, 7}, {2, 6}, {4, 5}], [{8, 1}, {3, 7}, {2, 6}, {5}, {4}], [{8, 1}, {3, 7}, {4, 6}, {2, 5}], [{8, 1}, {3, 7}, {5, 6}, {2, 4}], [{8, 1}, {4, 7}, {2, 6}, {3, 5}], [{8, 1}, {4, 7}, {2, 6}, {5}, {3}], [{8, 1}, {4, 7}, {3, 6}, {2, 5}], [{8, 1}, {4, 7}, {5, 6}, {2, 3}], [{8, 1}, {5, 7}, {2, 6}, {3, 4}], [{8, 1}, {5, 7}, {2, 6}, {4}, {3}], [{8, 1}, {5, 7}, {3, 6}, {2, 4}], [{8, 1}, {5, 7}, {4, 6}, {2, 3}], [{8, 1}, {5, 7}, {6}, {3, 4}, {2}], [{8, 1}, {6, 7}, {2, 5}, {3, 4}], [{8, 1}, {6, 7}, {3, 5}, {2, 4}], [{8, 1}, {6, 7}, {4, 5}, {2, 3}], [{8, 1}, {7}, {2, 6}, {3, 5}, {4}], [{8, 1}, {7}, {2, 6}, {4, 5}, {3}], [{8, 1}, {7}, {2, 6}, {5}, {3, 4}], [{8, 1}, {7}, {2, 6}, {5}, {4}, {3}], [{8, 1}, {7}, {3, 6}, {4, 5}, {2}], [{8, 1}, {7}, {4, 6}, {3, 5}, {2}], [{8, 1}, {7}, {6}, {3, 5}, {2, 4}], [{8, 1}, {7}, {6}, {4, 5}, {2, 3}], [{8, 2}, {1, 7}, {3, 6}, {4, 5}], [{8, 2}, {1, 7}, {4, 6}, {3, 5}], [{8, 2}, {1, 7}, {5, 6}, {3, 4}], [{8, 2}, {3, 7}, {1, 6}, {4, 5}], [{8, 2}, {3, 7}, {4, 6}, {1, 5}], [{8, 2}, {3, 7}, {5, 6}, {1, 4}], [{8, 2}, {4, 7}, {1, 6}, {3, 5}], [{8, 2}, {4, 7}, {3, 6}, {1, 5}], [{8, 2}, {4, 7}, {5, 6}, {1, 3}], [{8, 2}, {5, 7}, {1, 6}, {3, 4}], [{8, 2}, {5, 7}, {3, 6}, {1, 4}], [{8, 2}, {5, 7}, {4, 6}, {1, 3}], [{8, 2}, {5, 7}, {6}, {4}, {1, 3}], [{8, 2}, {6, 7}, {1, 5}, {3, 4}], [{8, 2}, {6, 7}, {3, 5}, {1, 4}], [{8, 2}, {6, 7}, {4, 5}, {1, 3}], [{8, 2}, {7}, {3, 6}, {1, 5}, {4}], [{8, 2}, {7}, {6}, {3, 5}, {1, 4}], [{8, 3}, {1, 7}, {2, 6}, {4, 5}], [{8, 3}, {1, 7}, {4, 6}, {2, 5}], [{8, 3}, {1, 7}, {5, 6}, {2, 4}], [{8, 3}, {1, 7}, {6}, {4, 5}, {2}], [{8, 3}, {2, 7}, {1, 6}, {4, 5}], [{8, 3}, {2, 7}, {4, 6}, {1, 5}], [{8, 3}, {2, 7}, {4, 6}, {5}, {1}], [{8, 3}, {2, 7}, {5, 6}, {1, 4}], [{8, 3}, {4, 7}, {1, 6}, {2, 5}], [{8, 3}, {4, 7}, {2, 6}, {1, 5}], [{8, 3}, {4, 7}, {5, 6}, {1, 2}], [{8, 3}, {5, 7}, {1, 6}, {2, 4}], [{8, 3}, {5, 7}, {1, 6}, {4}, {2}], [{8, 3}, {5, 7}, {2, 6}, {1, 4}], [{8, 3}, {5, 7}, {4, 6}, {1, 2}], [{8, 3}, {6, 7}, {1, 5}, {2, 4}], [{8, 3}, {6, 7}, {2, 5}, {1, 4}], [{8, 3}, {6, 7}, {4, 5}, {1, 2}], [{8, 3}, {7}, {2, 6}, {4, 5}, {1}], [{8, 3}, {7}, {4, 6}, {1, 5}, {2}], [{8, 4}, {1, 7}, {2, 6}, {3, 5}], [{8, 4}, {1, 7}, {2, 6}, {5}, {3}], [{8, 4}, {1, 7}, {3, 6}, {2, 5}], [{8, 4}, {1, 7}, {5, 6}, {2, 3}], [{8, 4}, {1, 7}, {6}, {3, 5}, {2}], [{8, 4}, {2, 7}, {1, 6}, {3, 5}], [{8, 4}, {2, 7}, {3, 6}, {1, 5}], [{8, 4}, {2, 7}, {3, 6}, {5}, {1}], [{8, 4}, {2, 7}, {5, 6}, {1, 3}], [{8, 4}, {3, 7}, {1, 6}, {2, 5}], [{8, 4}, {3, 7}, {1, 6}, {5}, {2}], [{8, 4}, {3, 7}, {2, 6}, {1, 5}], [{8, 4}, {3, 7}, {5, 6}, {1, 2}], [{8, 4}, {5, 7}, {1, 6}, {2, 3}], [{8, 4}, {5, 7}, {2, 6}, {1, 3}], [{8, 4}, {5, 7}, {2, 6}, {3}, {1}], [{8, 4}, {5, 7}, {3, 6}, {1, 2}], [{8, 4}, {5, 7}, {3, 6}, {2}, {1}], [{8, 4}, {5, 7}, {6}, {2, 3}, {1}], [{8, 4}, {6, 7}, {1, 5}, {2, 3}], [{8, 4}, {6, 7}, {2, 5}, {1, 3}], [{8, 4}, {6, 7}, {3, 5}, {1, 2}], [{8, 4}, {6, 7}, {5}, {3}, {1, 2}], [{8, 4}, {7}, {2, 6}, {1, 5}, {3}], [{8, 4}, {7}, {3, 6}, {2, 5}, {1}], [{8, 5}, {1, 7}, {2, 6}, {3, 4}], [{8, 5}, {1, 7}, {2, 6}, {4}, {3}], [{8, 5}, {1, 7}, {3, 6}, {2, 4}], [{8, 5}, {1, 7}, {4, 6}, {2, 3}], [{8, 5}, {2, 7}, {1, 6}, {3, 4}], [{8, 5}, {2, 7}, {3, 6}, {1, 4}], [{8, 5}, {2, 7}, {4, 6}, {1, 3}], [{8, 5}, {3, 7}, {1, 6}, {2, 4}], [{8, 5}, {3, 7}, {2, 6}, {1, 4}], [{8, 5}, {3, 7}, {4, 6}, {1, 2}], [{8, 5}, {3, 7}, {6}, {1, 4}, {2}], [{8, 5}, {4, 7}, {1, 6}, {2, 3}], [{8, 5}, {4, 7}, {2, 6}, {1, 3}], [{8, 5}, {4, 7}, {2, 6}, {3}, {1}], [{8, 5}, {4, 7}, {3, 6}, {1, 2}], [{8, 5}, {6, 7}, {1, 4}, {2, 3}], [{8, 5}, {6, 7}, {2, 4}, {1, 3}], [{8, 5}, {6, 7}, {3, 4}, {1, 2}], [{8, 5}, {7}, {2, 6}, {1, 4}, {3}], [{8, 5}, {7}, {3, 6}, {2, 4}, {1}], [{8, 6}, {1, 7}, {2, 5}, {3, 4}], [{8, 6}, {1, 7}, {3, 5}, {2, 4}], [{8, 6}, {1, 7}, {3, 5}, {4}, {2}], [{8, 6}, {1, 7}, {4, 5}, {2, 3}], [{8, 6}, {2, 7}, {1, 5}, {3, 4}], [{8, 6}, {2, 7}, {3, 5}, {1, 4}], [{8, 6}, {2, 7}, {4, 5}, {1, 3}], [{8, 6}, {2, 7}, {5}, {3, 4}, {1}], [{8, 6}, {3, 7}, {1, 5}, {2, 4}], [{8, 6}, {3, 7}, {2, 5}, {1, 4}], [{8, 6}, {3, 7}, {4, 5}, {1, 2}], [{8, 6}, {3, 7}, {5}, {1, 4}, {2}], [{8, 6}, {4, 7}, {1, 5}, {2, 3}], [{8, 6}, {4, 7}, {2, 5}, {1, 3}], [{8, 6}, {4, 7}, {3, 5}, {1, 2}], [{8, 6}, {5, 7}, {1, 4}, {2, 3}], [{8, 6}, {5, 7}, {2, 4}, {1, 3}], [{8, 6}, {5, 7}, {3, 4}, {1, 2}], [{8, 6}, {5, 7}, {4}, {3}, {1, 2}], [{8, 6}, {7}, {1, 5}, {2, 4}, {3}], [{8, 7}, {1, 6}, {2, 5}, {3, 4}], [{8, 7}, {1, 6}, {3, 5}, {2, 4}], [{8, 7}, {1, 6}, {4, 5}, {2, 3}], [{8, 7}, {1, 6}, {5}, {2, 4}, {3}], [{8, 7}, {2, 6}, {1, 5}, {3, 4}], [{8, 7}, {2, 6}, {1, 5}, {4}, {3}], [{8, 7}, {2, 6}, {3, 5}, {1, 4}], [{8, 7}, {2, 6}, {4, 5}, {1, 3}], [{8, 7}, {2, 6}, {4, 5}, {3}, {1}], [{8, 7}, {2, 6}, {5}, {1, 4}, {3}], [{8, 7}, {3, 6}, {1, 5}, {2, 4}], [{8, 7}, {3, 6}, {2, 5}, {1, 4}], [{8, 7}, {3, 6}, {4, 5}, {1, 2}], [{8, 7}, {4, 6}, {1, 5}, {2, 3}], [{8, 7}, {4, 6}, {2, 5}, {1, 3}], [{8, 7}, {4, 6}, {3, 5}, {1, 2}], [{8, 7}, {4, 6}, {3, 5}, {2}, {1}], [{8, 7}, {5, 6}, {1, 4}, {2, 3}], [{8, 7}, {5, 6}, {2, 4}, {1, 3}], [{8, 7}, {5, 6}, {3, 4}, {1, 2}], [{8, 7}, {6}, {1, 5}, {3, 4}, {2}], [{8, 7}, {6}, {3, 5}, {4}, {1, 2}], [{8}, {1, 7}, {2, 6}, {4, 5}, {3}], [{8}, {1, 7}, {4, 6}, {2, 5}, {3}], [{8}, {1, 7}, {4, 6}, {3, 5}, {2}], [{8}, {1, 7}, {4, 6}, {5}, {2, 3}], [{8}, {1, 7}, {5, 6}, {3, 4}, {2}], [{8}, {3, 7}, {2, 6}, {4, 5}, {1}], [{8}, {3, 7}, {4, 6}, {2, 5}, {1}], [{8}, {3, 7}, {5, 6}, {1, 4}, {2}], [{8}, {4, 7}, {1, 6}, {2, 5}, {3}], [{8}, {4, 7}, {1, 6}, {3, 5}, {2}], [{8}, {4, 7}, {1, 6}, {5}, {2, 3}], [{8}, {4, 7}, {2, 6}, {1, 5}, {3}], [{8}, {4, 7}, {5, 6}, {1, 3}, {2}], [{8}, {5, 7}, {2, 6}, {1, 4}, {3}], [{8}, {6, 7}, {2, 5}, {1, 4}, {3}], [{8}, {6, 7}, {3, 5}, {1, 4}, {2}], [{8}, {6, 7}, {5}, {1, 4}, {2, 3}], [{8}, {7}, {2, 6}, {4, 5}, {1, 3}], [{8}, {7}, {2, 6}, {4, 5}, {3}, {1}], [{8}, {7}, {4, 6}, {2, 5}, {1, 3}]]",2,8 K_1^3 + 4 K_1^2 K_2 - 18 K_1^2 - 16 K_1 K_2 - 2 K_1 K_3 + 2 K_1 - 2 K_2^2 + 8 K_2 + 6 K_3 + K_4 + 10,O1O2O3O4U3U5U4O6O7U1O5U6U2O8U7U8,O1O2O3U1U3U4U5O6O7U6O4O8U2O5U7U8,O1O2O3U4U5O6U2O4O7U8O5O8U6U7U1U3,c,{'O1O2O3O4U5U6O5U3U7O8U4O6O7U1U8U2'},1,"<a href=""/flatknot/8.857863"">8.857863</a>",t^9-44t^7-118t^6+22t^5+242t^4+94t^3-84t^2-38t-2,0,,
8.857864,O1O2O3O4U5U6O5U3U7O8U4O6O7U2U1U8,4,4z^3+40z^2+113z+99,4w^4z^3+40w^3z^2+113w^2z+99w,False,False,"[[ 0 -1 -1  0  2 -1 -1  1  1],[ 1  0  0  0  3  0 -1  1  1],[ 1  0  0  0  3  0 -1  1  0],[ 0  0  0  0  1  0  0  0  0],[-2 -3 -3 -1  0 -2 -1 -1 -1],[ 1  0  0  0  2  0 -1  1  2],[ 1  1  1  0  1  1  0  1  2],[-1 -1 -1  0  1 -1 -1  0  1],[-1 -1  0  0  1 -2 -2 -1  0]]","[[ 0  2  1  1  0 -1 -1 -1 -1],[-2  0 -1 -1 -1 -1 -2 -3 -3],[-1  1  0  1  0 -1 -1 -1 -1],[-1  1 -1  0  0 -2 -2  0 -1],[ 0  1  0  0  0  0  0  0  0],[ 1  1  1  2  0  0  1  1  1],[ 1  2  1  2  0 -1  0  0  0],[ 1  3  1  0  0 -1  0  0  0],[ 1  3  1  1  0 -1  0  0  0]]",True,"[-2,-1,-1,0,1,1,1,1,1,1,1,1,2,3,3,-1,0,1,1,1,1,0,2,2,0,1,0,0,0,0,-1,-1,-1,0,0,0]","[-2,-1,-1,0,1,1,1,1,0,0,1,0,0,1,2,-1,1,1,2,0,0,1,1,1,1,1,1,1,1,1,0,0,-1,0,-1,-1]",t^8+43t^6+178t^4+31t^2,"[-1,-1,-1,-1,0,1,1,2,-1,-1,-1,1,0,1,2,0,0,1,0,1,1,0,1,1,1,0,1,2,1,0,1,1,1,1,0,0]","[-2,-1,-1,0,1,1,1,1,0,0,1,0,0,1,2,-1,1,1,2,0,0,1,1,1,1,1,1,1,1,1,0,0,-1,0,-1,-1]","[-1,-1,-1,-1,0,1,1,2,-1,0,0,0,0,1,3,1,1,0,2,1,1,0,0,1,1,3,0,2,1,2,0,0,1,-1,1,1]",c,"[[{8, 1}, {2, 7}, {3, 6}, {4, 5}], [{8, 1}, {2, 7}, {4, 6}, {3, 5}], [{8, 1}, {2, 7}, {4, 6}, {5}, {3}], [{8, 1}, {2, 7}, {5, 6}, {3, 4}], [{8, 1}, {2, 7}, {5, 6}, {4}, {3}], [{8, 1}, {2, 7}, {6}, {4, 5}, {3}], [{8, 1}, {3, 7}, {2, 6}, {4, 5}], [{8, 1}, {3, 7}, {4, 6}, {2, 5}], [{8, 1}, {3, 7}, {5, 6}, {2, 4}], [{8, 1}, {4, 7}, {2, 6}, {3, 5}], [{8, 1}, {4, 7}, {3, 6}, {2, 5}], [{8, 1}, {4, 7}, {5, 6}, {2, 3}], [{8, 1}, {5, 7}, {2, 6}, {3, 4}], [{8, 1}, {5, 7}, {3, 6}, {2, 4}], [{8, 1}, {5, 7}, {4, 6}, {2, 3}], [{8, 1}, {6, 7}, {2, 5}, {3, 4}], [{8, 1}, {6, 7}, {3, 5}, {2, 4}], [{8, 1}, {6, 7}, {4, 5}, {2, 3}], [{8, 1}, {7}, {6}, {3, 5}, {2, 4}], [{8, 2}, {1, 7}, {3, 6}, {4, 5}], [{8, 2}, {1, 7}, {3, 6}, {5}, {4}], [{8, 2}, {1, 7}, {4, 6}, {3, 5}], [{8, 2}, {1, 7}, {5, 6}, {3, 4}], [{8, 2}, {3, 7}, {1, 6}, {4, 5}], [{8, 2}, {3, 7}, {4, 6}, {1, 5}], [{8, 2}, {3, 7}, {5, 6}, {1, 4}], [{8, 2}, {4, 7}, {1, 6}, {3, 5}], [{8, 2}, {4, 7}, {1, 6}, {5}, {3}], [{8, 2}, {4, 7}, {3, 6}, {1, 5}], [{8, 2}, {4, 7}, {5, 6}, {1, 3}], [{8, 2}, {5, 7}, {1, 6}, {3, 4}], [{8, 2}, {5, 7}, {3, 6}, {1, 4}], [{8, 2}, {5, 7}, {4, 6}, {1, 3}], [{8, 2}, {5, 7}, {6}, {3, 4}, {1}], [{8, 2}, {6, 7}, {1, 5}, {3, 4}], [{8, 2}, {6, 7}, {3, 5}, {1, 4}], [{8, 2}, {6, 7}, {4, 5}, {1, 3}], [{8, 2}, {7}, {1, 6}, {3, 5}, {4}], [{8, 3}, {1, 7}, {2, 6}, {4, 5}], [{8, 3}, {1, 7}, {4, 6}, {2, 5}], [{8, 3}, {1, 7}, {5, 6}, {2, 4}], [{8, 3}, {2, 7}, {1, 6}, {4, 5}], [{8, 3}, {2, 7}, {1, 6}, {5}, {4}], [{8, 3}, {2, 7}, {4, 6}, {1, 5}], [{8, 3}, {2, 7}, {5, 6}, {1, 4}], [{8, 3}, {4, 7}, {1, 6}, {2, 5}], [{8, 3}, {4, 7}, {2, 6}, {1, 5}], [{8, 3}, {4, 7}, {5, 6}, {1, 2}], [{8, 3}, {4, 7}, {5, 6}, {2}, {1}], [{8, 3}, {5, 7}, {1, 6}, {2, 4}], [{8, 3}, {5, 7}, {2, 6}, {1, 4}], [{8, 3}, {5, 7}, {4, 6}, {1, 2}], [{8, 3}, {5, 7}, {4, 6}, {2}, {1}], [{8, 3}, {6, 7}, {1, 5}, {2, 4}], [{8, 3}, {6, 7}, {2, 5}, {1, 4}], [{8, 3}, {6, 7}, {4, 5}, {1, 2}], [{8, 3}, {7}, {2, 6}, {4, 5}, {1}], [{8, 3}, {7}, {6}, {2, 5}, {1, 4}], [{8, 4}, {1, 7}, {2, 6}, {3, 5}], [{8, 4}, {1, 7}, {3, 6}, {2, 5}], [{8, 4}, {1, 7}, {5, 6}, {2, 3}], [{8, 4}, {1, 7}, {6}, {5}, {2, 3}], [{8, 4}, {2, 7}, {1, 6}, {3, 5}], [{8, 4}, {2, 7}, {3, 6}, {1, 5}], [{8, 4}, {2, 7}, {3, 6}, {5}, {1}], [{8, 4}, {2, 7}, {5, 6}, {1, 3}], [{8, 4}, {3, 7}, {1, 6}, {2, 5}], [{8, 4}, {3, 7}, {2, 6}, {1, 5}], [{8, 4}, {3, 7}, {2, 6}, {5}, {1}], [{8, 4}, {3, 7}, {5, 6}, {1, 2}], [{8, 4}, {5, 7}, {1, 6}, {2, 3}], [{8, 4}, {5, 7}, {2, 6}, {1, 3}], [{8, 4}, {5, 7}, {3, 6}, {1, 2}], [{8, 4}, {5, 7}, {6}, {2, 3}, {1}], [{8, 4}, {6, 7}, {1, 5}, {2, 3}], [{8, 4}, {6, 7}, {1, 5}, {3}, {2}], [{8, 4}, {6, 7}, {2, 5}, {1, 3}], [{8, 4}, {6, 7}, {2, 5}, {3}, {1}], [{8, 4}, {6, 7}, {3, 5}, {1, 2}], [{8, 4}, {6, 7}, {3, 5}, {2}, {1}], [{8, 4}, {6, 7}, {5}, {1, 3}, {2}], [{8, 4}, {6, 7}, {5}, {2, 3}, {1}], [{8, 4}, {6, 7}, {5}, {3}, {1, 2}], [{8, 4}, {6, 7}, {5}, {3}, {2}, {1}], [{8, 4}, {7}, {1, 6}, {5}, {2, 3}], [{8, 4}, {7}, {5, 6}, {2, 3}, {1}], [{8, 4}, {7}, {6}, {1, 5}, {2, 3}], [{8, 4}, {7}, {6}, {5}, {2, 3}, {1}], [{8, 5}, {1, 7}, {2, 6}, {3, 4}], [{8, 5}, {1, 7}, {3, 6}, {2, 4}], [{8, 5}, {1, 7}, {4, 6}, {2, 3}], [{8, 5}, {2, 7}, {1, 6}, {3, 4}], [{8, 5}, {2, 7}, {1, 6}, {4}, {3}], [{8, 5}, {2, 7}, {3, 6}, {1, 4}], [{8, 5}, {2, 7}, {4, 6}, {1, 3}], [{8, 5}, {2, 7}, {4, 6}, {3}, {1}], [{8, 5}, {2, 7}, {6}, {1, 4}, {3}], [{8, 5}, {3, 7}, {1, 6}, {2, 4}], [{8, 5}, {3, 7}, {2, 6}, {1, 4}], [{8, 5}, {3, 7}, {4, 6}, {1, 2}], [{8, 5}, {4, 7}, {1, 6}, {2, 3}], [{8, 5}, {4, 7}, {2, 6}, {1, 3}], [{8, 5}, {4, 7}, {3, 6}, {1, 2}], [{8, 5}, {6, 7}, {1, 4}, {2, 3}], [{8, 5}, {6, 7}, {2, 4}, {1, 3}], [{8, 5}, {6, 7}, {3, 4}, {1, 2}], [{8, 6}, {1, 7}, {2, 5}, {3, 4}], [{8, 6}, {1, 7}, {2, 5}, {4}, {3}], [{8, 6}, {1, 7}, {3, 5}, {2, 4}], [{8, 6}, {1, 7}, {4, 5}, {2, 3}], [{8, 6}, {1, 7}, {4, 5}, {3}, {2}], [{8, 6}, {1, 7}, {5}, {2, 4}, {3}], [{8, 6}, {2, 7}, {1, 5}, {3, 4}], [{8, 6}, {2, 7}, {3, 5}, {1, 4}], [{8, 6}, {2, 7}, {4, 5}, {1, 3}], [{8, 6}, {2, 7}, {5}, {4}, {1, 3}], [{8, 6}, {3, 7}, {1, 5}, {2, 4}], [{8, 6}, {3, 7}, {2, 5}, {1, 4}], [{8, 6}, {3, 7}, {2, 5}, {4}, {1}], [{8, 6}, {3, 7}, {4, 5}, {1, 2}], [{8, 6}, {4, 7}, {1, 5}, {2, 3}], [{8, 6}, {4, 7}, {2, 5}, {1, 3}], [{8, 6}, {4, 7}, {2, 5}, {3}, {1}], [{8, 6}, {4, 7}, {3, 5}, {1, 2}], [{8, 6}, {4, 7}, {3, 5}, {2}, {1}], [{8, 6}, {4, 7}, {5}, {2, 3}, {1}], [{8, 6}, {5, 7}, {1, 4}, {2, 3}], [{8, 6}, {5, 7}, {2, 4}, {1, 3}], [{8, 6}, {5, 7}, {3, 4}, {1, 2}], [{8, 6}, {5, 7}, {4}, {1, 3}, {2}], [{8, 6}, {7}, {2, 5}, {1, 4}, {3}], [{8, 6}, {7}, {2, 5}, {3, 4}, {1}], [{8, 6}, {7}, {2, 5}, {4}, {1, 3}], [{8, 6}, {7}, {2, 5}, {4}, {3}, {1}], [{8, 7}, {1, 6}, {2, 5}, {3, 4}], [{8, 7}, {1, 6}, {3, 5}, {2, 4}], [{8, 7}, {1, 6}, {3, 5}, {4}, {2}], [{8, 7}, {1, 6}, {4, 5}, {2, 3}], [{8, 7}, {2, 6}, {1, 5}, {3, 4}], [{8, 7}, {2, 6}, {3, 5}, {1, 4}], [{8, 7}, {2, 6}, {3, 5}, {4}, {1}], [{8, 7}, {2, 6}, {4, 5}, {1, 3}], [{8, 7}, {2, 6}, {5}, {1, 4}, {3}], [{8, 7}, {3, 6}, {1, 5}, {2, 4}], [{8, 7}, {3, 6}, {2, 5}, {1, 4}], [{8, 7}, {3, 6}, {4, 5}, {1, 2}], [{8, 7}, {4, 6}, {1, 5}, {2, 3}], [{8, 7}, {4, 6}, {2, 5}, {1, 3}], [{8, 7}, {4, 6}, {2, 5}, {3}, {1}], [{8, 7}, {4, 6}, {3, 5}, {1, 2}], [{8, 7}, {4, 6}, {3, 5}, {2}, {1}], [{8, 7}, {4, 6}, {5}, {2, 3}, {1}], [{8, 7}, {5, 6}, {1, 4}, {2, 3}], [{8, 7}, {5, 6}, {2, 4}, {1, 3}], [{8, 7}, {5, 6}, {3, 4}, {1, 2}], [{8, 7}, {6}, {3, 5}, {1, 4}, {2}], [{8, 7}, {6}, {3, 5}, {2, 4}, {1}], [{8, 7}, {6}, {3, 5}, {4}, {1, 2}], [{8, 7}, {6}, {3, 5}, {4}, {2}, {1}], [{8}, {1, 7}, {6}, {3, 5}, {2, 4}], [{8}, {2, 7}, {1, 6}, {3, 5}, {4}], [{8}, {2, 7}, {4, 6}, {1, 5}, {3}], [{8}, {4, 7}, {2, 6}, {1, 5}, {3}], [{8}, {5, 7}, {1, 6}, {3, 4}, {2}], [{8}, {5, 7}, {6}, {2, 4}, {1, 3}], [{8}, {7}, {3, 6}, {2, 5}, {1, 4}]]",2,4 K_1^3 + 4 K_1^2 K_2 - 6 K_1^2 - 8 K_1 K_2 - 4 K_1 K_3 + K_1 - 4 K_2^2 + 3 K_2 + 3 K_3 + 3 K_4 + 5,O1O2O3O4U5U4U3O6O7U1O5U6U2O8U7U8,O1O2O3U2U1U4U5O6O7U6O4O8U3O5U7U8,O1O2O3U4U5O6U1O4O7U8O5O8U6U7U3U2,c,{'O1O2O3O4U5U6O5U3U7O8U4O6O7U2U1U8'},1,"<a href=""/flatknot/8.857864"">8.857864</a>",t^9-41t^7-78t^6+87t^5+188t^4+56t^3-20t^2-7t,-t^2+2t,,
8.857865,O1O2O3O4U5U6O5U7U1O7U2O6O8U3U4U8,4,z^3+23z^2+73z+63,w^4z^3+23w^3z^2+73w^2z+63w,False,False,"[[ 0 -1  0  0  2 -1 -1 -1  2],[ 1  0  0  0  1  1  2  1  2],[ 0  0  0  0  1  0  1  0  2],[ 0  0  0  0  1 -1  1  0  2],[-2 -1 -1 -1  0 -3 -1 -2  1],[ 1 -1  0  1  3  0 -1  0  2],[ 1 -2 -1 -1  1  1  0  0  2],[ 1 -1  0  0  2  0  0  0  2],[-2 -2 -2 -2 -1 -2 -2 -2  0]]","[[ 0  2  2  0  0 -1 -1 -1 -1],[-2  0  1 -1 -1 -1 -1 -2 -3],[-2 -1  0 -2 -2 -2 -2 -2 -2],[ 0  1  2  0  0  1  0  0  0],[ 0  1  2  0  0  1  0  0 -1],[ 1  1  2 -1 -1  0 -2  0  1],[ 1  1  2  0  0  2  0  1  1],[ 1  2  2  0  0  0 -1  0  0],[ 1  3  2  0  1 -1 -1  0  0]]",True,"[-2,-2,0,0,1,1,1,1,-1,1,1,1,1,2,3,2,2,2,2,2,2,0,-1,0,0,0,-1,0,0,1,2,0,-1,-1,-1,0]","[-2,-2,0,0,1,1,1,1,-1,0,0,1,1,1,1,1,1,0,1,2,2,0,0,1,1,2,1,1,1,2,0,-1,-1,-1,0,2]",t^8+52t^6+362t^4+55t^2+1,"[-1,-1,-1,-1,0,0,2,2,-2,-1,-1,1,1,1,2,-1,0,2,2,1,2,0,0,1,1,0,1,1,1,1,0,0,1,0,1,1]","[-2,-2,0,0,1,1,1,1,-1,0,0,1,1,1,1,1,1,0,1,2,2,0,0,1,1,2,1,1,1,2,0,-1,-1,-1,0,2]","[-1,-1,-1,-1,0,0,2,2,-2,0,1,-1,-1,1,2,1,1,0,0,1,2,0,0,0,2,2,0,1,3,2,0,1,2,1,2,1]",c,"[[{8, 1}, {2, 7}, {3, 6}, {4, 5}], [{8, 1}, {2, 7}, {4, 6}, {3, 5}], [{8, 1}, {2, 7}, {5, 6}, {3, 4}], [{8, 1}, {3, 7}, {2, 6}, {4, 5}], [{8, 1}, {3, 7}, {4, 6}, {2, 5}], [{8, 1}, {3, 7}, {4, 6}, {5}, {2}], [{8, 1}, {3, 7}, {5, 6}, {2, 4}], [{8, 1}, {4, 7}, {2, 6}, {3, 5}], [{8, 1}, {4, 7}, {3, 6}, {2, 5}], [{8, 1}, {4, 7}, {5, 6}, {2, 3}], [{8, 1}, {5, 7}, {2, 6}, {3, 4}], [{8, 1}, {5, 7}, {2, 6}, {4}, {3}], [{8, 1}, {5, 7}, {3, 6}, {2, 4}], [{8, 1}, {5, 7}, {4, 6}, {2, 3}], [{8, 1}, {5, 7}, {4, 6}, {3}, {2}], [{8, 1}, {5, 7}, {6}, {2, 4}, {3}], [{8, 1}, {6, 7}, {2, 5}, {3, 4}], [{8, 1}, {6, 7}, {3, 5}, {2, 4}], [{8, 1}, {6, 7}, {4, 5}, {2, 3}], [{8, 1}, {7}, {4, 6}, {3, 5}, {2}], [{8, 2}, {1, 7}, {3, 6}, {4, 5}], [{8, 2}, {1, 7}, {4, 6}, {3, 5}], [{8, 2}, {1, 7}, {5, 6}, {3, 4}], [{8, 2}, {1, 7}, {5, 6}, {4}, {3}], [{8, 2}, {3, 7}, {1, 6}, {4, 5}], [{8, 2}, {3, 7}, {4, 6}, {1, 5}], [{8, 2}, {3, 7}, {5, 6}, {1, 4}], [{8, 2}, {4, 7}, {1, 6}, {3, 5}], [{8, 2}, {4, 7}, {3, 6}, {1, 5}], [{8, 2}, {4, 7}, {5, 6}, {1, 3}], [{8, 2}, {5, 7}, {1, 6}, {3, 4}], [{8, 2}, {5, 7}, {3, 6}, {1, 4}], [{8, 2}, {5, 7}, {4, 6}, {1, 3}], [{8, 2}, {6, 7}, {1, 5}, {3, 4}], [{8, 2}, {6, 7}, {3, 5}, {1, 4}], [{8, 2}, {6, 7}, {4, 5}, {1, 3}], [{8, 2}, {6, 7}, {5}, {1, 4}, {3}], [{8, 2}, {7}, {4, 6}, {3, 5}, {1}], [{8, 3}, {1, 7}, {2, 6}, {4, 5}], [{8, 3}, {1, 7}, {4, 6}, {2, 5}], [{8, 3}, {1, 7}, {5, 6}, {2, 4}], [{8, 3}, {1, 7}, {5, 6}, {4}, {2}], [{8, 3}, {2, 7}, {1, 6}, {4, 5}], [{8, 3}, {2, 7}, {1, 6}, {5}, {4}], [{8, 3}, {2, 7}, {4, 6}, {1, 5}], [{8, 3}, {2, 7}, {4, 6}, {5}, {1}], [{8, 3}, {2, 7}, {5, 6}, {1, 4}], [{8, 3}, {2, 7}, {5, 6}, {4}, {1}], [{8, 3}, {2, 7}, {6}, {1, 5}, {4}], [{8, 3}, {2, 7}, {6}, {4, 5}, {1}], [{8, 3}, {2, 7}, {6}, {5}, {1, 4}], [{8, 3}, {2, 7}, {6}, {5}, {4}, {1}], [{8, 3}, {4, 7}, {1, 6}, {2, 5}], [{8, 3}, {4, 7}, {2, 6}, {1, 5}], [{8, 3}, {4, 7}, {5, 6}, {1, 2}], [{8, 3}, {4, 7}, {5, 6}, {2}, {1}], [{8, 3}, {5, 7}, {1, 6}, {2, 4}], [{8, 3}, {5, 7}, {2, 6}, {1, 4}], [{8, 3}, {5, 7}, {2, 6}, {4}, {1}], [{8, 3}, {5, 7}, {4, 6}, {1, 2}], [{8, 3}, {6, 7}, {1, 5}, {2, 4}], [{8, 3}, {6, 7}, {2, 5}, {1, 4}], [{8, 3}, {6, 7}, {2, 5}, {4}, {1}], [{8, 3}, {6, 7}, {4, 5}, {1, 2}], [{8, 3}, {7}, {5, 6}, {1, 4}, {2}], [{8, 3}, {7}, {5, 6}, {2, 4}, {1}], [{8, 3}, {7}, {5, 6}, {4}, {1, 2}], [{8, 3}, {7}, {5, 6}, {4}, {2}, {1}], [{8, 4}, {1, 7}, {2, 6}, {3, 5}], [{8, 4}, {1, 7}, {3, 6}, {2, 5}], [{8, 4}, {1, 7}, {5, 6}, {2, 3}], [{8, 4}, {2, 7}, {1, 6}, {3, 5}], [{8, 4}, {2, 7}, {3, 6}, {1, 5}], [{8, 4}, {2, 7}, {3, 6}, {5}, {1}], [{8, 4}, {2, 7}, {5, 6}, {1, 3}], [{8, 4}, {2, 7}, {5, 6}, {3}, {1}], [{8, 4}, {2, 7}, {6}, {3, 5}, {1}], [{8, 4}, {3, 7}, {1, 6}, {2, 5}], [{8, 4}, {3, 7}, {2, 6}, {1, 5}], [{8, 4}, {3, 7}, {5, 6}, {1, 2}], [{8, 4}, {5, 7}, {1, 6}, {2, 3}], [{8, 4}, {5, 7}, {2, 6}, {1, 3}], [{8, 4}, {5, 7}, {3, 6}, {1, 2}], [{8, 4}, {5, 7}, {6}, {2, 3}, {1}], [{8, 4}, {6, 7}, {1, 5}, {2, 3}], [{8, 4}, {6, 7}, {2, 5}, {1, 3}], [{8, 4}, {6, 7}, {3, 5}, {1, 2}], [{8, 5}, {1, 7}, {2, 6}, {3, 4}], [{8, 5}, {1, 7}, {3, 6}, {2, 4}], [{8, 5}, {1, 7}, {4, 6}, {2, 3}], [{8, 5}, {2, 7}, {1, 6}, {3, 4}], [{8, 5}, {2, 7}, {3, 6}, {1, 4}], [{8, 5}, {2, 7}, {3, 6}, {4}, {1}], [{8, 5}, {2, 7}, {4, 6}, {1, 3}], [{8, 5}, {2, 7}, {4, 6}, {3}, {1}], [{8, 5}, {2, 7}, {6}, {3, 4}, {1}], [{8, 5}, {3, 7}, {1, 6}, {2, 4}], [{8, 5}, {3, 7}, {2, 6}, {1, 4}], [{8, 5}, {3, 7}, {4, 6}, {1, 2}], [{8, 5}, {4, 7}, {1, 6}, {2, 3}], [{8, 5}, {4, 7}, {2, 6}, {1, 3}], [{8, 5}, {4, 7}, {3, 6}, {1, 2}], [{8, 5}, {6, 7}, {1, 4}, {2, 3}], [{8, 5}, {6, 7}, {2, 4}, {1, 3}], [{8, 5}, {6, 7}, {3, 4}, {1, 2}], [{8, 6}, {1, 7}, {2, 5}, {3, 4}], [{8, 6}, {1, 7}, {3, 5}, {2, 4}], [{8, 6}, {1, 7}, {4, 5}, {2, 3}], [{8, 6}, {2, 7}, {1, 5}, {3, 4}], [{8, 6}, {2, 7}, {3, 5}, {1, 4}], [{8, 6}, {2, 7}, {3, 5}, {4}, {1}], [{8, 6}, {2, 7}, {4, 5}, {1, 3}], [{8, 6}, {2, 7}, {4, 5}, {3}, {1}], [{8, 6}, {2, 7}, {5}, {3, 4}, {1}], [{8, 6}, {3, 7}, {1, 5}, {2, 4}], [{8, 6}, {3, 7}, {2, 5}, {1, 4}], [{8, 6}, {3, 7}, {4, 5}, {1, 2}], [{8, 6}, {4, 7}, {1, 5}, {2, 3}], [{8, 6}, {4, 7}, {2, 5}, {1, 3}], [{8, 6}, {4, 7}, {2, 5}, {3}, {1}], [{8, 6}, {4, 7}, {3, 5}, {1, 2}], [{8, 6}, {5, 7}, {1, 4}, {2, 3}], [{8, 6}, {5, 7}, {2, 4}, {1, 3}], [{8, 6}, {5, 7}, {3, 4}, {1, 2}], [{8, 7}, {1, 6}, {2, 5}, {3, 4}], [{8, 7}, {1, 6}, {3, 5}, {2, 4}], [{8, 7}, {1, 6}, {4, 5}, {2, 3}], [{8, 7}, {1, 6}, {5}, {4}, {2, 3}], [{8, 7}, {2, 6}, {1, 5}, {3, 4}], [{8, 7}, {2, 6}, {3, 5}, {1, 4}], [{8, 7}, {2, 6}, {4, 5}, {1, 3}], [{8, 7}, {2, 6}, {4, 5}, {3}, {1}], [{8, 7}, {3, 6}, {1, 5}, {2, 4}], [{8, 7}, {3, 6}, {2, 5}, {1, 4}], [{8, 7}, {3, 6}, {4, 5}, {1, 2}], [{8, 7}, {4, 6}, {1, 5}, {2, 3}], [{8, 7}, {4, 6}, {1, 5}, {3}, {2}], [{8, 7}, {4, 6}, {2, 5}, {1, 3}], [{8, 7}, {4, 6}, {3, 5}, {1, 2}], [{8, 7}, {4, 6}, {3, 5}, {2}, {1}], [{8, 7}, {4, 6}, {5}, {1, 3}, {2}], [{8, 7}, {5, 6}, {1, 4}, {2, 3}], [{8, 7}, {5, 6}, {2, 4}, {1, 3}], [{8, 7}, {5, 6}, {3, 4}, {1, 2}], [{8, 7}, {6}, {2, 5}, {3, 4}, {1}], [{8, 7}, {6}, {3, 5}, {4}, {1, 2}], [{8}, {1, 7}, {4, 6}, {2, 5}, {3}], [{8}, {1, 7}, {4, 6}, {3, 5}, {2}], [{8}, {1, 7}, {4, 6}, {5}, {2, 3}], [{8}, {1, 7}, {5, 6}, {4}, {2, 3}], [{8}, {1, 7}, {6}, {4, 5}, {2, 3}], [{8}, {2, 7}, {3, 6}, {4, 5}, {1}], [{8}, {2, 7}, {4, 6}, {3, 5}, {1}], [{8}, {2, 7}, {5, 6}, {3, 4}, {1}], [{8}, {4, 7}, {5, 6}, {3}, {1, 2}], [{8}, {5, 7}, {2, 6}, {4}, {1, 3}], [{8}, {7}, {4, 6}, {3, 5}, {1, 2}], [{8}, {7}, {4, 6}, {3, 5}, {2}, {1}]]",2,- 8 K_1^4 + 24 K_1^3 + 16 K_1^2 K_2 - 6 K_1^2 - 12 K_1 K_2 - 6 K_1 K_3 - 12 K_1 + 2 K_2 + 3,O1O2O3O4U5U1U2O5O6U3O7U4U7O8U6U8,O1O2O3U4U5U1U2O6O7U6O8O4U8O5U7U3,O1O2O3U1U4O5U6O7O6U8O4O8U2U3U5U7,c,"{'O1O2O3O4U5U6O5U7U1O7U2O6O8U3U4U8', 'O1O2O3O4U5U6O5U2U7U1O7O6O8U3U4U8'}",2,"<a href=""/flatknot/8.857865"">8.857865</a>",t^9-48t^7-138t^6+30t^5+292t^4-36t^3-184t^2+20t+18,-2t^2+4t,,
8.857866,O1O2O3O4U5U6O5U7U1O7U2O6O8U3U8U4,3,9z^2+58z+81,9w^3z^2+58w^2z+81w,False,False,"[[ 0 -1  0  0  3 -1 -1 -1  1],[ 1  0  0  0  1  1  2  1  1],[ 0  0  0  0  1  0  1  0  1],[ 0  0  0  0  2 -1  1  0  1],[-3 -1 -1 -2  0 -4 -2 -3  0],[ 1 -1  0  1  4  0 -1  0  1],[ 1 -2 -1 -1  2  1  0  0  1],[ 1 -1  0  0  3  0  0  0  1],[-1 -1 -1 -1  0 -1 -1 -1  0]]","[[ 0  3  1  0  0 -1 -1 -1 -1],[-3  0  0 -1 -2 -1 -2 -3 -4],[-1  0  0 -1 -1 -1 -1 -1 -1],[ 0  1  1  0  0  0  1  0  0],[ 0  2  1  0  0  0  1  0 -1],[ 1  1  1  0  0  0  2  1  1],[ 1  2  1 -1 -1 -2  0  0  1],[ 1  3  1  0  0 -1  0  0  0],[ 1  4  1  0  1 -1 -1  0  0]]",True,"[-3,-1,0,0,1,1,1,1,0,1,2,1,2,3,4,1,1,1,1,1,1,0,0,-1,0,0,0,-1,0,1,-2,-1,-1,0,-1,0]","[-3,-1,0,0,1,1,1,1,0,1,2,1,2,3,4,1,1,1,1,1,1,0,0,-1,0,0,0,-1,0,1,-2,-1,-1,0,-1,0]",t^8+51t^6+306t^4+49t^2,"[-1,-1,-1,-1,0,0,1,3,-2,-1,-1,1,1,1,3,-1,0,2,2,1,2,0,0,1,1,0,1,1,1,1,0,0,1,0,2,2]","[-3,-1,0,0,1,1,1,1,2,1,2,0,1,2,3,0,0,1,1,1,1,0,0,1,2,1,1,1,2,1,0,-1,-1,0,-1,-2]","[-1,-1,-1,-1,0,0,1,3,-2,0,1,-1,-1,1,2,1,1,0,0,1,1,0,0,0,1,3,0,1,1,4,0,1,1,1,2,0]",c,"[[{8, 1}, {2, 7}, {3, 6}, {4, 5}], [{8, 1}, {2, 7}, {4, 6}, {3, 5}], [{8, 1}, {2, 7}, {5, 6}, {3, 4}], [{8, 1}, {2, 7}, {6}, {4, 5}, {3}], [{8, 1}, {3, 7}, {2, 6}, {4, 5}], [{8, 1}, {3, 7}, {4, 6}, {2, 5}], [{8, 1}, {3, 7}, {5, 6}, {2, 4}], [{8, 1}, {3, 7}, {6}, {4, 5}, {2}], [{8, 1}, {4, 7}, {2, 6}, {3, 5}], [{8, 1}, {4, 7}, {3, 6}, {2, 5}], [{8, 1}, {4, 7}, {5, 6}, {2, 3}], [{8, 1}, {4, 7}, {5, 6}, {3}, {2}], [{8, 1}, {5, 7}, {2, 6}, {3, 4}], [{8, 1}, {5, 7}, {3, 6}, {2, 4}], [{8, 1}, {5, 7}, {4, 6}, {2, 3}], [{8, 1}, {5, 7}, {4, 6}, {3}, {2}], [{8, 1}, {6, 7}, {2, 5}, {3, 4}], [{8, 1}, {6, 7}, {3, 5}, {2, 4}], [{8, 1}, {6, 7}, {4, 5}, {2, 3}], [{8, 1}, {6, 7}, {4, 5}, {3}, {2}], [{8, 1}, {7}, {2, 6}, {3, 5}, {4}], [{8, 1}, {7}, {2, 6}, {4, 5}, {3}], [{8, 1}, {7}, {2, 6}, {5}, {3, 4}], [{8, 1}, {7}, {3, 6}, {2, 5}, {4}], [{8, 1}, {7}, {3, 6}, {4, 5}, {2}], [{8, 1}, {7}, {3, 6}, {5}, {2, 4}], [{8, 1}, {7}, {6}, {4, 5}, {2, 3}], [{8, 1}, {7}, {6}, {4, 5}, {3}, {2}], [{8, 2}, {1, 7}, {3, 6}, {4, 5}], [{8, 2}, {1, 7}, {4, 6}, {3, 5}], [{8, 2}, {1, 7}, {5, 6}, {3, 4}], [{8, 2}, {1, 7}, {6}, {4, 5}, {3}], [{8, 2}, {3, 7}, {1, 6}, {4, 5}], [{8, 2}, {3, 7}, {4, 6}, {1, 5}], [{8, 2}, {3, 7}, {5, 6}, {1, 4}], [{8, 2}, {3, 7}, {6}, {4, 5}, {1}], [{8, 2}, {4, 7}, {1, 6}, {3, 5}], [{8, 2}, {4, 7}, {3, 6}, {1, 5}], [{8, 2}, {4, 7}, {5, 6}, {1, 3}], [{8, 2}, {5, 7}, {1, 6}, {3, 4}], [{8, 2}, {5, 7}, {3, 6}, {1, 4}], [{8, 2}, {5, 7}, {4, 6}, {1, 3}], [{8, 2}, {6, 7}, {1, 5}, {3, 4}], [{8, 2}, {6, 7}, {3, 5}, {1, 4}], [{8, 2}, {6, 7}, {4, 5}, {1, 3}], [{8, 2}, {6, 7}, {4, 5}, {3}, {1}], [{8, 2}, {7}, {1, 6}, {3, 5}, {4}], [{8, 2}, {7}, {1, 6}, {4, 5}, {3}], [{8, 2}, {7}, {1, 6}, {5}, {3, 4}], [{8, 2}, {7}, {3, 6}, {1, 5}, {4}], [{8, 2}, {7}, {3, 6}, {4, 5}, {1}], [{8, 2}, {7}, {3, 6}, {5}, {1, 4}], [{8, 2}, {7}, {6}, {4, 5}, {1, 3}], [{8, 2}, {7}, {6}, {4, 5}, {3}, {1}], [{8, 3}, {1, 7}, {2, 6}, {4, 5}], [{8, 3}, {1, 7}, {4, 6}, {2, 5}], [{8, 3}, {1, 7}, {5, 6}, {2, 4}], [{8, 3}, {1, 7}, {6}, {4, 5}, {2}], [{8, 3}, {2, 7}, {1, 6}, {4, 5}], [{8, 3}, {2, 7}, {1, 6}, {5}, {4}], [{8, 3}, {2, 7}, {4, 6}, {1, 5}], [{8, 3}, {2, 7}, {4, 6}, {5}, {1}], [{8, 3}, {2, 7}, {5, 6}, {1, 4}], [{8, 3}, {2, 7}, {5, 6}, {4}, {1}], [{8, 3}, {2, 7}, {6}, {1, 5}, {4}], [{8, 3}, {2, 7}, {6}, {4, 5}, {1}], [{8, 3}, {2, 7}, {6}, {5}, {1, 4}], [{8, 3}, {2, 7}, {6}, {5}, {4}, {1}], [{8, 3}, {4, 7}, {1, 6}, {2, 5}], [{8, 3}, {4, 7}, {1, 6}, {5}, {2}], [{8, 3}, {4, 7}, {2, 6}, {1, 5}], [{8, 3}, {4, 7}, {5, 6}, {1, 2}], [{8, 3}, {4, 7}, {6}, {2, 5}, {1}], [{8, 3}, {5, 7}, {1, 6}, {2, 4}], [{8, 3}, {5, 7}, {1, 6}, {4}, {2}], [{8, 3}, {5, 7}, {2, 6}, {1, 4}], [{8, 3}, {5, 7}, {4, 6}, {1, 2}], [{8, 3}, {5, 7}, {6}, {2, 4}, {1}], [{8, 3}, {6, 7}, {1, 5}, {2, 4}], [{8, 3}, {6, 7}, {1, 5}, {4}, {2}], [{8, 3}, {6, 7}, {2, 5}, {1, 4}], [{8, 3}, {6, 7}, {4, 5}, {1, 2}], [{8, 3}, {6, 7}, {4, 5}, {2}, {1}], [{8, 3}, {6, 7}, {5}, {1, 4}, {2}], [{8, 3}, {7}, {1, 6}, {2, 5}, {4}], [{8, 3}, {7}, {1, 6}, {4, 5}, {2}], [{8, 3}, {7}, {1, 6}, {5}, {2, 4}], [{8, 3}, {7}, {2, 6}, {1, 5}, {4}], [{8, 3}, {7}, {2, 6}, {4, 5}, {1}], [{8, 3}, {7}, {2, 6}, {5}, {1, 4}], [{8, 3}, {7}, {6}, {4, 5}, {1, 2}], [{8, 3}, {7}, {6}, {4, 5}, {2}, {1}], [{8, 4}, {1, 7}, {2, 6}, {3, 5}], [{8, 4}, {1, 7}, {3, 6}, {2, 5}], [{8, 4}, {1, 7}, {5, 6}, {2, 3}], [{8, 4}, {2, 7}, {1, 6}, {3, 5}], [{8, 4}, {2, 7}, {3, 6}, {1, 5}], [{8, 4}, {2, 7}, {3, 6}, {5}, {1}], [{8, 4}, {2, 7}, {5, 6}, {1, 3}], [{8, 4}, {2, 7}, {5, 6}, {3}, {1}], [{8, 4}, {2, 7}, {6}, {3, 5}, {1}], [{8, 4}, {3, 7}, {1, 6}, {2, 5}], [{8, 4}, {3, 7}, {2, 6}, {1, 5}], [{8, 4}, {3, 7}, {5, 6}, {1, 2}], [{8, 4}, {5, 7}, {1, 6}, {2, 3}], [{8, 4}, {5, 7}, {2, 6}, {1, 3}], [{8, 4}, {5, 7}, {3, 6}, {1, 2}], [{8, 4}, {6, 7}, {1, 5}, {2, 3}], [{8, 4}, {6, 7}, {2, 5}, {1, 3}], [{8, 4}, {6, 7}, {3, 5}, {1, 2}], [{8, 5}, {1, 7}, {2, 6}, {3, 4}], [{8, 5}, {1, 7}, {3, 6}, {2, 4}], [{8, 5}, {1, 7}, {4, 6}, {2, 3}], [{8, 5}, {2, 7}, {1, 6}, {3, 4}], [{8, 5}, {2, 7}, {3, 6}, {1, 4}], [{8, 5}, {2, 7}, {3, 6}, {4}, {1}], [{8, 5}, {2, 7}, {4, 6}, {1, 3}], [{8, 5}, {2, 7}, {4, 6}, {3}, {1}], [{8, 5}, {2, 7}, {6}, {3, 4}, {1}], [{8, 5}, {3, 7}, {1, 6}, {2, 4}], [{8, 5}, {3, 7}, {2, 6}, {1, 4}], [{8, 5}, {3, 7}, {4, 6}, {1, 2}], [{8, 5}, {4, 7}, {1, 6}, {2, 3}], [{8, 5}, {4, 7}, {2, 6}, {1, 3}], [{8, 5}, {4, 7}, {3, 6}, {1, 2}], [{8, 5}, {6, 7}, {1, 4}, {2, 3}], [{8, 5}, {6, 7}, {2, 4}, {1, 3}], [{8, 5}, {6, 7}, {3, 4}, {1, 2}], [{8, 6}, {1, 7}, {2, 5}, {3, 4}], [{8, 6}, {1, 7}, {3, 5}, {2, 4}], [{8, 6}, {1, 7}, {4, 5}, {2, 3}], [{8, 6}, {1, 7}, {4, 5}, {3}, {2}], [{8, 6}, {2, 7}, {1, 5}, {3, 4}], [{8, 6}, {2, 7}, {3, 5}, {1, 4}], [{8, 6}, {2, 7}, {3, 5}, {4}, {1}], [{8, 6}, {2, 7}, {4, 5}, {1, 3}], [{8, 6}, {2, 7}, {4, 5}, {3}, {1}], [{8, 6}, {2, 7}, {5}, {3, 4}, {1}], [{8, 6}, {3, 7}, {1, 5}, {2, 4}], [{8, 6}, {3, 7}, {2, 5}, {1, 4}], [{8, 6}, {3, 7}, {4, 5}, {1, 2}], [{8, 6}, {3, 7}, {4, 5}, {2}, {1}], [{8, 6}, {4, 7}, {1, 5}, {2, 3}], [{8, 6}, {4, 7}, {1, 5}, {3}, {2}], [{8, 6}, {4, 7}, {2, 5}, {1, 3}], [{8, 6}, {4, 7}, {3, 5}, {1, 2}], [{8, 6}, {5, 7}, {1, 4}, {2, 3}], [{8, 6}, {5, 7}, {1, 4}, {3}, {2}], [{8, 6}, {5, 7}, {2, 4}, {1, 3}], [{8, 6}, {5, 7}, {3, 4}, {1, 2}], [{8, 6}, {7}, {4, 5}, {1, 3}, {2}], [{8, 6}, {7}, {4, 5}, {2, 3}, {1}], [{8, 6}, {7}, {4, 5}, {3}, {1, 2}], [{8, 6}, {7}, {4, 5}, {3}, {2}, {1}], [{8, 7}, {1, 6}, {2, 5}, {3, 4}], [{8, 7}, {1, 6}, {3, 5}, {2, 4}], [{8, 7}, {1, 6}, {4, 5}, {2, 3}], [{8, 7}, {1, 6}, {4, 5}, {3}, {2}], [{8, 7}, {2, 6}, {1, 5}, {3, 4}], [{8, 7}, {2, 6}, {3, 5}, {1, 4}], [{8, 7}, {2, 6}, {4, 5}, {1, 3}], [{8, 7}, {2, 6}, {4, 5}, {3}, {1}], [{8, 7}, {3, 6}, {1, 5}, {2, 4}], [{8, 7}, {3, 6}, {2, 5}, {1, 4}], [{8, 7}, {3, 6}, {2, 5}, {4}, {1}], [{8, 7}, {3, 6}, {4, 5}, {1, 2}], [{8, 7}, {3, 6}, {4, 5}, {2}, {1}], [{8, 7}, {3, 6}, {5}, {2, 4}, {1}], [{8, 7}, {4, 6}, {1, 5}, {2, 3}], [{8, 7}, {4, 6}, {1, 5}, {3}, {2}], [{8, 7}, {4, 6}, {2, 5}, {1, 3}], [{8, 7}, {4, 6}, {3, 5}, {1, 2}], [{8, 7}, {5, 6}, {1, 4}, {2, 3}], [{8, 7}, {5, 6}, {1, 4}, {3}, {2}], [{8, 7}, {5, 6}, {2, 4}, {1, 3}], [{8, 7}, {5, 6}, {3, 4}, {1, 2}], [{8, 7}, {6}, {4, 5}, {1, 3}, {2}], [{8, 7}, {6}, {4, 5}, {2, 3}, {1}], [{8, 7}, {6}, {4, 5}, {3}, {1, 2}], [{8, 7}, {6}, {4, 5}, {3}, {2}, {1}], [{8}, {1, 7}, {2, 6}, {4, 5}, {3}], [{8}, {1, 7}, {3, 6}, {2, 5}, {4}], [{8}, {1, 7}, {3, 6}, {4, 5}, {2}], [{8}, {1, 7}, {3, 6}, {5}, {2, 4}], [{8}, {1, 7}, {6}, {4, 5}, {2, 3}], [{8}, {1, 7}, {6}, {4, 5}, {3}, {2}], [{8}, {2, 7}, {1, 6}, {4, 5}, {3}], [{8}, {2, 7}, {3, 6}, {4, 5}, {1}], [{8}, {2, 7}, {4, 6}, {3, 5}, {1}], [{8}, {2, 7}, {5, 6}, {3, 4}, {1}], [{8}, {2, 7}, {6}, {4, 5}, {1, 3}], [{8}, {2, 7}, {6}, {4, 5}, {3}, {1}], [{8}, {3, 7}, {1, 6}, {4, 5}, {2}], [{8}, {3, 7}, {2, 6}, {4, 5}, {1}], [{8}, {3, 7}, {4, 6}, {2, 5}, {1}], [{8}, {3, 7}, {5, 6}, {2, 4}, {1}], [{8}, {3, 7}, {6}, {4, 5}, {1, 2}], [{8}, {3, 7}, {6}, {4, 5}, {2}, {1}], [{8}, {4, 7}, {1, 6}, {2, 5}, {3}], [{8}, {5, 7}, {1, 6}, {2, 4}, {3}], [{8}, {6, 7}, {2, 5}, {4}, {1, 3}], [{8}, {6, 7}, {4, 5}, {1, 3}, {2}], [{8}, {6, 7}, {4, 5}, {2, 3}, {1}], [{8}, {6, 7}, {4, 5}, {3}, {1, 2}], [{8}, {6, 7}, {4, 5}, {3}, {2}, {1}], [{8}, {6, 7}, {5}, {2, 4}, {1, 3}], [{8}, {7}, {1, 6}, {4, 5}, {2, 3}], [{8}, {7}, {1, 6}, {4, 5}, {3}, {2}], [{8}, {7}, {2, 6}, {4, 5}, {1, 3}], [{8}, {7}, {2, 6}, {4, 5}, {3}, {1}], [{8}, {7}, {3, 6}, {4, 5}, {1, 2}], [{8}, {7}, {3, 6}, {4, 5}, {2}, {1}], [{8}, {7}, {6}, {4, 5}, {1, 3}, {2}], [{8}, {7}, {6}, {4, 5}, {2, 3}, {1}], [{8}, {7}, {6}, {4, 5}, {3}, {1, 2}], [{8}, {7}, {6}, {4, 5}, {3}, {2}, {1}]]",2,4 K_1^3 - 16 K_1^2 - 14 K_1 K_2 + 4 K_1 + 8 K_2 + 6 K_3 + 9,O1O2O3O4U1U5U2O5O6U3O7U4U7O8U6U8,O1O2O3U4U5U1U3O6O7U6O8O4U8O5U7U2,O1O2O3U2U4O5U6O7O6U8O4O8U1U3U5U7,c,"{'O1O2O3O4U5U6O5U2U7U1O7O6O8U3U8U4', 'O1O2O3O4U5U6O5U7U1O7U2O6O8U3U8U4'}",2,"<a href=""/flatknot/8.857866"">8.857866</a>",t^9-45t^7-98t^6+76t^5+196t^4-44t^3-134t^2-4t+8,-t^3+3t,,
8.857867,O1O2O3O4U5U6O5U7U1O7U2O6O8U4U3U8,3,13z^2+50z+49,13w^3z^2-16w^3z+66w^2z+49w,False,False,"[[ 0 -1  0  1  1 -1 -1 -1  2],[ 1  0  0  1  0  1  2  1  2],[ 0  0  0  1  0  0  1  0  2],[-1 -1 -1  0  0 -2  0 -1  2],[-1  0  0  0  0 -2  0 -1  1],[ 1 -1  0  2  2  0 -1  0  2],[ 1 -2 -1  0  0  1  0  0  2],[ 1 -1  0  1  1  0  0  0  2],[-2 -2 -2 -2 -1 -2 -2 -2  0]]","[[ 0  2  1  1  0 -1 -1 -1 -1],[-2  0 -1 -2 -2 -2 -2 -2 -2],[-1  1  0  0  0  0  0 -1 -2],[-1  2  0  0 -1  0 -1 -1 -2],[ 0  2  0  1  0  1  0  0  0],[ 1  2  0  0 -1  0 -2  0  1],[ 1  2  0  1  0  2  0  1  1],[ 1  2  1  1  0  0 -1  0  0],[ 1  2  2  2  0 -1 -1  0  0]]",True,"[-2,-1,-1,0,1,1,1,1,1,2,2,2,2,2,2,0,0,0,0,1,2,1,0,1,1,2,-1,0,0,0,2,0,-1,-1,-1,0]","[-2,-1,-1,0,1,1,1,1,-1,0,0,1,1,1,1,0,0,0,1,1,2,1,0,1,2,2,1,1,1,2,0,-1,-1,-1,0,2]",t^8+45t^6+311t^4+64t^2,"[-1,-1,-1,-1,0,1,1,2,-2,-1,-1,1,1,2,1,-1,0,2,2,2,1,0,1,0,0,1,1,1,1,1,0,1,0,0,-1,0]","[-2,-1,-1,0,1,1,1,1,-1,0,0,1,1,1,1,0,0,0,1,1,2,1,0,1,2,2,1,1,1,2,0,-1,-1,-1,0,2]","[-1,-1,-1,-1,0,1,1,2,-2,0,1,-1,0,0,2,1,1,0,0,1,2,0,0,1,1,2,0,2,2,2,0,1,2,0,1,2]",c,"[[{8, 1}, {2, 7}, {3, 6}, {4, 5}], [{8, 1}, {2, 7}, {4, 6}, {3, 5}], [{8, 1}, {2, 7}, {5, 6}, {3, 4}], [{8, 1}, {3, 7}, {2, 6}, {4, 5}], [{8, 1}, {3, 7}, {4, 6}, {2, 5}], [{8, 1}, {3, 7}, {5, 6}, {2, 4}], [{8, 1}, {3, 7}, {5, 6}, {4}, {2}], [{8, 1}, {4, 7}, {2, 6}, {3, 5}], [{8, 1}, {4, 7}, {3, 6}, {2, 5}], [{8, 1}, {4, 7}, {5, 6}, {2, 3}], [{8, 1}, {5, 7}, {2, 6}, {3, 4}], [{8, 1}, {5, 7}, {3, 6}, {2, 4}], [{8, 1}, {5, 7}, {4, 6}, {2, 3}], [{8, 1}, {6, 7}, {2, 5}, {3, 4}], [{8, 1}, {6, 7}, {3, 5}, {2, 4}], [{8, 1}, {6, 7}, {4, 5}, {2, 3}], [{8, 1}, {7}, {3, 6}, {2, 5}, {4}], [{8, 1}, {7}, {3, 6}, {4, 5}, {2}], [{8, 1}, {7}, {3, 6}, {5}, {2, 4}], [{8, 1}, {7}, {4, 6}, {5}, {2, 3}], [{8, 2}, {1, 7}, {3, 6}, {4, 5}], [{8, 2}, {1, 7}, {4, 6}, {3, 5}], [{8, 2}, {1, 7}, {5, 6}, {3, 4}], [{8, 2}, {3, 7}, {1, 6}, {4, 5}], [{8, 2}, {3, 7}, {4, 6}, {1, 5}], [{8, 2}, {3, 7}, {5, 6}, {1, 4}], [{8, 2}, {3, 7}, {5, 6}, {4}, {1}], [{8, 2}, {4, 7}, {1, 6}, {3, 5}], [{8, 2}, {4, 7}, {3, 6}, {1, 5}], [{8, 2}, {4, 7}, {5, 6}, {1, 3}], [{8, 2}, {5, 7}, {1, 6}, {3, 4}], [{8, 2}, {5, 7}, {1, 6}, {4}, {3}], [{8, 2}, {5, 7}, {3, 6}, {1, 4}], [{8, 2}, {5, 7}, {4, 6}, {1, 3}], [{8, 2}, {6, 7}, {1, 5}, {3, 4}], [{8, 2}, {6, 7}, {3, 5}, {1, 4}], [{8, 2}, {6, 7}, {4, 5}, {1, 3}], [{8, 2}, {7}, {3, 6}, {1, 5}, {4}], [{8, 2}, {7}, {3, 6}, {4, 5}, {1}], [{8, 2}, {7}, {3, 6}, {5}, {1, 4}], [{8, 2}, {7}, {4, 6}, {5}, {1, 3}], [{8, 3}, {1, 7}, {2, 6}, {4, 5}], [{8, 3}, {1, 7}, {4, 6}, {2, 5}], [{8, 3}, {1, 7}, {5, 6}, {2, 4}], [{8, 3}, {2, 7}, {1, 6}, {4, 5}], [{8, 3}, {2, 7}, {4, 6}, {1, 5}], [{8, 3}, {2, 7}, {4, 6}, {5}, {1}], [{8, 3}, {2, 7}, {5, 6}, {1, 4}], [{8, 3}, {2, 7}, {5, 6}, {4}, {1}], [{8, 3}, {2, 7}, {6}, {4, 5}, {1}], [{8, 3}, {4, 7}, {1, 6}, {2, 5}], [{8, 3}, {4, 7}, {2, 6}, {1, 5}], [{8, 3}, {4, 7}, {5, 6}, {1, 2}], [{8, 3}, {5, 7}, {1, 6}, {2, 4}], [{8, 3}, {5, 7}, {2, 6}, {1, 4}], [{8, 3}, {5, 7}, {4, 6}, {1, 2}], [{8, 3}, {6, 7}, {1, 5}, {2, 4}], [{8, 3}, {6, 7}, {2, 5}, {1, 4}], [{8, 3}, {6, 7}, {4, 5}, {1, 2}], [{8, 4}, {1, 7}, {2, 6}, {3, 5}], [{8, 4}, {1, 7}, {3, 6}, {2, 5}], [{8, 4}, {1, 7}, {5, 6}, {2, 3}], [{8, 4}, {2, 7}, {1, 6}, {3, 5}], [{8, 4}, {2, 7}, {3, 6}, {1, 5}], [{8, 4}, {2, 7}, {3, 6}, {5}, {1}], [{8, 4}, {2, 7}, {5, 6}, {1, 3}], [{8, 4}, {2, 7}, {5, 6}, {3}, {1}], [{8, 4}, {2, 7}, {6}, {3, 5}, {1}], [{8, 4}, {3, 7}, {1, 6}, {2, 5}], [{8, 4}, {3, 7}, {2, 6}, {1, 5}], [{8, 4}, {3, 7}, {5, 6}, {1, 2}], [{8, 4}, {5, 7}, {1, 6}, {2, 3}], [{8, 4}, {5, 7}, {2, 6}, {1, 3}], [{8, 4}, {5, 7}, {3, 6}, {1, 2}], [{8, 4}, {6, 7}, {1, 5}, {2, 3}], [{8, 4}, {6, 7}, {2, 5}, {1, 3}], [{8, 4}, {6, 7}, {3, 5}, {1, 2}], [{8, 5}, {1, 7}, {2, 6}, {3, 4}], [{8, 5}, {1, 7}, {3, 6}, {2, 4}], [{8, 5}, {1, 7}, {4, 6}, {2, 3}], [{8, 5}, {2, 7}, {1, 6}, {3, 4}], [{8, 5}, {2, 7}, {1, 6}, {4}, {3}], [{8, 5}, {2, 7}, {3, 6}, {1, 4}], [{8, 5}, {2, 7}, {3, 6}, {4}, {1}], [{8, 5}, {2, 7}, {4, 6}, {1, 3}], [{8, 5}, {2, 7}, {4, 6}, {3}, {1}], [{8, 5}, {2, 7}, {6}, {1, 4}, {3}], [{8, 5}, {2, 7}, {6}, {3, 4}, {1}], [{8, 5}, {2, 7}, {6}, {4}, {1, 3}], [{8, 5}, {2, 7}, {6}, {4}, {3}, {1}], [{8, 5}, {3, 7}, {1, 6}, {2, 4}], [{8, 5}, {3, 7}, {2, 6}, {1, 4}], [{8, 5}, {3, 7}, {4, 6}, {1, 2}], [{8, 5}, {4, 7}, {1, 6}, {2, 3}], [{8, 5}, {4, 7}, {2, 6}, {1, 3}], [{8, 5}, {4, 7}, {3, 6}, {1, 2}], [{8, 5}, {6, 7}, {1, 4}, {2, 3}], [{8, 5}, {6, 7}, {2, 4}, {1, 3}], [{8, 5}, {6, 7}, {3, 4}, {1, 2}], [{8, 6}, {1, 7}, {2, 5}, {3, 4}], [{8, 6}, {1, 7}, {3, 5}, {2, 4}], [{8, 6}, {1, 7}, {4, 5}, {2, 3}], [{8, 6}, {2, 7}, {1, 5}, {3, 4}], [{8, 6}, {2, 7}, {3, 5}, {1, 4}], [{8, 6}, {2, 7}, {3, 5}, {4}, {1}], [{8, 6}, {2, 7}, {4, 5}, {1, 3}], [{8, 6}, {2, 7}, {4, 5}, {3}, {1}], [{8, 6}, {2, 7}, {5}, {3, 4}, {1}], [{8, 6}, {3, 7}, {1, 5}, {2, 4}], [{8, 6}, {3, 7}, {2, 5}, {1, 4}], [{8, 6}, {3, 7}, {4, 5}, {1, 2}], [{8, 6}, {4, 7}, {1, 5}, {2, 3}], [{8, 6}, {4, 7}, {2, 5}, {1, 3}], [{8, 6}, {4, 7}, {3, 5}, {1, 2}], [{8, 6}, {5, 7}, {1, 4}, {2, 3}], [{8, 6}, {5, 7}, {2, 4}, {1, 3}], [{8, 6}, {5, 7}, {3, 4}, {1, 2}], [{8, 6}, {7}, {5}, {1, 4}, {2, 3}], [{8, 6}, {7}, {5}, {2, 4}, {1, 3}], [{8, 7}, {1, 6}, {2, 5}, {3, 4}], [{8, 7}, {1, 6}, {2, 5}, {4}, {3}], [{8, 7}, {1, 6}, {3, 5}, {2, 4}], [{8, 7}, {1, 6}, {4, 5}, {2, 3}], [{8, 7}, {2, 6}, {1, 5}, {3, 4}], [{8, 7}, {2, 6}, {3, 5}, {1, 4}], [{8, 7}, {2, 6}, {4, 5}, {1, 3}], [{8, 7}, {2, 6}, {5}, {4}, {1, 3}], [{8, 7}, {3, 6}, {1, 5}, {2, 4}], [{8, 7}, {3, 6}, {2, 5}, {1, 4}], [{8, 7}, {3, 6}, {2, 5}, {4}, {1}], [{8, 7}, {3, 6}, {4, 5}, {1, 2}], [{8, 7}, {3, 6}, {4, 5}, {2}, {1}], [{8, 7}, {3, 6}, {5}, {2, 4}, {1}], [{8, 7}, {4, 6}, {1, 5}, {2, 3}], [{8, 7}, {4, 6}, {2, 5}, {1, 3}], [{8, 7}, {4, 6}, {2, 5}, {3}, {1}], [{8, 7}, {4, 6}, {3, 5}, {1, 2}], [{8, 7}, {5, 6}, {1, 4}, {2, 3}], [{8, 7}, {5, 6}, {2, 4}, {1, 3}], [{8, 7}, {5, 6}, {3, 4}, {1, 2}], [{8, 7}, {5, 6}, {4}, {1, 3}, {2}], [{8, 7}, {6}, {2, 5}, {1, 4}, {3}], [{8, 7}, {6}, {2, 5}, {3, 4}, {1}], [{8, 7}, {6}, {2, 5}, {4}, {1, 3}], [{8, 7}, {6}, {2, 5}, {4}, {3}, {1}], [{8}, {1, 7}, {3, 6}, {2, 5}, {4}], [{8}, {1, 7}, {3, 6}, {4, 5}, {2}], [{8}, {1, 7}, {3, 6}, {5}, {2, 4}], [{8}, {2, 7}, {3, 6}, {4, 5}, {1}], [{8}, {2, 7}, {4, 6}, {3, 5}, {1}], [{8}, {2, 7}, {5, 6}, {3, 4}, {1}], [{8}, {3, 7}, {5, 6}, {4}, {1, 2}], [{8}, {7}, {3, 6}, {4, 5}, {1, 2}], [{8}, {7}, {3, 6}, {4, 5}, {2}, {1}]]",2,12 K_1^3 + 8 K_1^2 K_2 - 6 K_1^2 - 12 K_1 K_2 - 8 K_1 K_3 - 3 K_1 + 3 K_2 + 3 K_3 + 2 K_4 + 2,O1O2O3O4U5U2U1O5O6U3O7U4U7O8U6U8,O1O2O3U4U5U2U1O6O7U6O8O4U8O5U7U3,O1O2O3U1U4O5U6O7O6U8O4O8U3U2U5U7,c,"{'O1O2O3O4U5U6O5U7U1O7U2O6O8U4U3U8', 'O1O2O3O4U5U6O5U2U7U1O7O6O8U4U3U8'}",2,"<a href=""/flatknot/8.857867"">8.857867</a>",t^9-43t^7-108t^6+104t^5+342t^4-156t^3-256t^2+24t+24,-t^2+2t,,
8.857868,O1O2O3O4U5U6O5U7U1O7U3O6O8U2U4U8,4,16z^2+101z+139,16w^3z^2+101w^2z+139w,False,False,"[[ 0 -1 -1  1  2 -1 -1 -1  2],[ 1  0  0  0  1  1  2  1  2],[ 1  0  0  1  2  0  1  1  2],[-1  0 -1  0  0 -1  0 -1  1],[-2 -1 -2  0  0 -3 -1 -2  1],[ 1 -1  0  1  3  0 -1  0  2],[ 1 -2 -1  0  1  1  0  0  2],[ 1 -1 -1  1  2  0  0  0  2],[-2 -2 -2 -1 -1 -2 -2 -2  0]]","[[ 0  2  2  1 -1 -1 -1 -1 -1],[-2  0  1  0 -1 -1 -2 -2 -3],[-2 -1  0 -1 -2 -2 -2 -2 -2],[-1  0  1  0  0  0 -1 -1 -1],[ 1  1  2  0  0  2  1  0  1],[ 1  1  2  0 -2  0  0 -1  1],[ 1  2  2  1 -1  0  0 -1  0],[ 1  2  2  1  0  1  1  0  0],[ 1  3  2  1 -1 -1  0  0  0]]",True,"[-2,-2,-1,1,1,1,1,1,-1,0,1,1,2,2,3,1,2,2,2,2,2,0,0,1,1,1,-2,-1,0,-1,0,1,-1,1,0,0]","[-2,-2,-1,1,1,1,1,1,-1,0,1,1,1,1,1,1,0,1,1,2,2,1,1,1,2,2,0,0,-1,-1,-1,-1,0,0,1,2]",t^8+53t^6+315t^4+132t^2+4,"[-1,-1,-1,-1,-1,1,2,2,-2,-1,-1,0,2,1,2,-1,0,1,2,1,2,0,0,1,1,0,1,1,1,1,1,1,1,0,1,1]","[-2,-2,-1,1,1,1,1,1,-1,0,1,1,1,1,1,1,0,1,1,2,2,1,1,1,2,2,0,0,-1,-1,-1,-1,0,0,1,2]","[-1,-1,-1,-1,-1,1,2,2,-2,-1,0,1,0,1,2,0,1,1,0,1,2,1,0,1,2,2,0,1,2,2,1,3,2,0,1,1]",c,"[[{8, 1}, {2, 7}, {3, 6}, {4, 5}], [{8, 1}, {2, 7}, {3, 6}, {5}, {4}], [{8, 1}, {2, 7}, {4, 6}, {3, 5}], [{8, 1}, {2, 7}, {4, 6}, {5}, {3}], [{8, 1}, {2, 7}, {5, 6}, {3, 4}], [{8, 1}, {2, 7}, {5, 6}, {4}, {3}], [{8, 1}, {2, 7}, {6}, {3, 5}, {4}], [{8, 1}, {2, 7}, {6}, {4, 5}, {3}], [{8, 1}, {2, 7}, {6}, {5}, {3, 4}], [{8, 1}, {3, 7}, {2, 6}, {4, 5}], [{8, 1}, {3, 7}, {4, 6}, {2, 5}], [{8, 1}, {3, 7}, {5, 6}, {2, 4}], [{8, 1}, {4, 7}, {2, 6}, {3, 5}], [{8, 1}, {4, 7}, {3, 6}, {2, 5}], [{8, 1}, {4, 7}, {5, 6}, {2, 3}], [{8, 1}, {4, 7}, {6}, {3, 5}, {2}], [{8, 1}, {5, 7}, {2, 6}, {3, 4}], [{8, 1}, {5, 7}, {3, 6}, {2, 4}], [{8, 1}, {5, 7}, {4, 6}, {2, 3}], [{8, 1}, {6, 7}, {2, 5}, {3, 4}], [{8, 1}, {6, 7}, {3, 5}, {2, 4}], [{8, 1}, {6, 7}, {3, 5}, {4}, {2}], [{8, 1}, {6, 7}, {4, 5}, {2, 3}], [{8, 1}, {7}, {2, 6}, {3, 5}, {4}], [{8, 1}, {7}, {3, 6}, {4, 5}, {2}], [{8, 1}, {7}, {4, 6}, {3, 5}, {2}], [{8, 1}, {7}, {5, 6}, {3, 4}, {2}], [{8, 1}, {7}, {6}, {3, 5}, {2, 4}], [{8, 1}, {7}, {6}, {3, 5}, {4}, {2}], [{8, 2}, {1, 7}, {3, 6}, {4, 5}], [{8, 2}, {1, 7}, {4, 6}, {3, 5}], [{8, 2}, {1, 7}, {5, 6}, {3, 4}], [{8, 2}, {3, 7}, {1, 6}, {4, 5}], [{8, 2}, {3, 7}, {1, 6}, {5}, {4}], [{8, 2}, {3, 7}, {4, 6}, {1, 5}], [{8, 2}, {3, 7}, {5, 6}, {1, 4}], [{8, 2}, {4, 7}, {1, 6}, {3, 5}], [{8, 2}, {4, 7}, {3, 6}, {1, 5}], [{8, 2}, {4, 7}, {5, 6}, {1, 3}], [{8, 2}, {4, 7}, {6}, {3, 5}, {1}], [{8, 2}, {5, 7}, {1, 6}, {3, 4}], [{8, 2}, {5, 7}, {3, 6}, {1, 4}], [{8, 2}, {5, 7}, {4, 6}, {1, 3}], [{8, 2}, {6, 7}, {1, 5}, {3, 4}], [{8, 2}, {6, 7}, {3, 5}, {1, 4}], [{8, 2}, {6, 7}, {3, 5}, {4}, {1}], [{8, 2}, {6, 7}, {4, 5}, {1, 3}], [{8, 2}, {7}, {1, 6}, {4, 5}, {3}], [{8, 2}, {7}, {3, 6}, {4, 5}, {1}], [{8, 2}, {7}, {4, 6}, {3, 5}, {1}], [{8, 2}, {7}, {6}, {4, 5}, {1, 3}], [{8, 3}, {1, 7}, {2, 6}, {4, 5}], [{8, 3}, {1, 7}, {4, 6}, {2, 5}], [{8, 3}, {1, 7}, {5, 6}, {2, 4}], [{8, 3}, {2, 7}, {1, 6}, {4, 5}], [{8, 3}, {2, 7}, {1, 6}, {5}, {4}], [{8, 3}, {2, 7}, {4, 6}, {1, 5}], [{8, 3}, {2, 7}, {5, 6}, {1, 4}], [{8, 3}, {4, 7}, {1, 6}, {2, 5}], [{8, 3}, {4, 7}, {2, 6}, {1, 5}], [{8, 3}, {4, 7}, {5, 6}, {1, 2}], [{8, 3}, {5, 7}, {1, 6}, {2, 4}], [{8, 3}, {5, 7}, {2, 6}, {1, 4}], [{8, 3}, {5, 7}, {4, 6}, {1, 2}], [{8, 3}, {5, 7}, {4, 6}, {2}, {1}], [{8, 3}, {6, 7}, {1, 5}, {2, 4}], [{8, 3}, {6, 7}, {2, 5}, {1, 4}], [{8, 3}, {6, 7}, {4, 5}, {1, 2}], [{8, 3}, {6, 7}, {5}, {1, 4}, {2}], [{8, 3}, {7}, {4, 6}, {5}, {1, 2}], [{8, 4}, {1, 7}, {2, 6}, {3, 5}], [{8, 4}, {1, 7}, {3, 6}, {2, 5}], [{8, 4}, {1, 7}, {5, 6}, {2, 3}], [{8, 4}, {2, 7}, {1, 6}, {3, 5}], [{8, 4}, {2, 7}, {3, 6}, {1, 5}], [{8, 4}, {2, 7}, {5, 6}, {1, 3}], [{8, 4}, {3, 7}, {1, 6}, {2, 5}], [{8, 4}, {3, 7}, {1, 6}, {5}, {2}], [{8, 4}, {3, 7}, {2, 6}, {1, 5}], [{8, 4}, {3, 7}, {5, 6}, {1, 2}], [{8, 4}, {5, 7}, {1, 6}, {2, 3}], [{8, 4}, {5, 7}, {1, 6}, {3}, {2}], [{8, 4}, {5, 7}, {2, 6}, {1, 3}], [{8, 4}, {5, 7}, {3, 6}, {1, 2}], [{8, 4}, {6, 7}, {1, 5}, {2, 3}], [{8, 4}, {6, 7}, {2, 5}, {1, 3}], [{8, 4}, {6, 7}, {3, 5}, {1, 2}], [{8, 4}, {7}, {1, 6}, {3, 5}, {2}], [{8, 5}, {1, 7}, {2, 6}, {3, 4}], [{8, 5}, {1, 7}, {3, 6}, {2, 4}], [{8, 5}, {1, 7}, {4, 6}, {2, 3}], [{8, 5}, {2, 7}, {1, 6}, {3, 4}], [{8, 5}, {2, 7}, {3, 6}, {1, 4}], [{8, 5}, {2, 7}, {4, 6}, {1, 3}], [{8, 5}, {3, 7}, {1, 6}, {2, 4}], [{8, 5}, {3, 7}, {2, 6}, {1, 4}], [{8, 5}, {3, 7}, {4, 6}, {1, 2}], [{8, 5}, {3, 7}, {4, 6}, {2}, {1}], [{8, 5}, {4, 7}, {1, 6}, {2, 3}], [{8, 5}, {4, 7}, {2, 6}, {1, 3}], [{8, 5}, {4, 7}, {3, 6}, {1, 2}], [{8, 5}, {6, 7}, {1, 4}, {2, 3}], [{8, 5}, {6, 7}, {2, 4}, {1, 3}], [{8, 5}, {6, 7}, {3, 4}, {1, 2}], [{8, 5}, {7}, {2, 6}, {1, 4}, {3}], [{8, 5}, {7}, {4, 6}, {3}, {1, 2}], [{8, 6}, {1, 7}, {2, 5}, {3, 4}], [{8, 6}, {1, 7}, {3, 5}, {2, 4}], [{8, 6}, {1, 7}, {4, 5}, {2, 3}], [{8, 6}, {2, 7}, {1, 5}, {3, 4}], [{8, 6}, {2, 7}, {3, 5}, {1, 4}], [{8, 6}, {2, 7}, {4, 5}, {1, 3}], [{8, 6}, {3, 7}, {1, 5}, {2, 4}], [{8, 6}, {3, 7}, {2, 5}, {1, 4}], [{8, 6}, {3, 7}, {4, 5}, {1, 2}], [{8, 6}, {4, 7}, {1, 5}, {2, 3}], [{8, 6}, {4, 7}, {1, 5}, {3}, {2}], [{8, 6}, {4, 7}, {2, 5}, {1, 3}], [{8, 6}, {4, 7}, {3, 5}, {1, 2}], [{8, 6}, {5, 7}, {1, 4}, {2, 3}], [{8, 6}, {5, 7}, {2, 4}, {1, 3}], [{8, 6}, {5, 7}, {2, 4}, {3}, {1}], [{8, 6}, {5, 7}, {3, 4}, {1, 2}], [{8, 6}, {5, 7}, {4}, {1, 3}, {2}], [{8, 6}, {7}, {3, 5}, {1, 4}, {2}], [{8, 7}, {1, 6}, {2, 5}, {3, 4}], [{8, 7}, {1, 6}, {3, 5}, {2, 4}], [{8, 7}, {1, 6}, {4, 5}, {2, 3}], [{8, 7}, {1, 6}, {5}, {4}, {2, 3}], [{8, 7}, {2, 6}, {1, 5}, {3, 4}], [{8, 7}, {2, 6}, {3, 5}, {1, 4}], [{8, 7}, {2, 6}, {3, 5}, {4}, {1}], [{8, 7}, {2, 6}, {4, 5}, {1, 3}], [{8, 7}, {3, 6}, {1, 5}, {2, 4}], [{8, 7}, {3, 6}, {2, 5}, {1, 4}], [{8, 7}, {3, 6}, {4, 5}, {1, 2}], [{8, 7}, {3, 6}, {4, 5}, {2}, {1}], [{8, 7}, {4, 6}, {1, 5}, {2, 3}], [{8, 7}, {4, 6}, {2, 5}, {1, 3}], [{8, 7}, {4, 6}, {3, 5}, {1, 2}], [{8, 7}, {4, 6}, {3, 5}, {2}, {1}], [{8, 7}, {4, 6}, {5}, {3}, {1, 2}], [{8, 7}, {5, 6}, {1, 4}, {2, 3}], [{8, 7}, {5, 6}, {2, 4}, {1, 3}], [{8, 7}, {5, 6}, {3, 4}, {1, 2}], [{8, 7}, {6}, {2, 5}, {4}, {1, 3}], [{8, 7}, {6}, {3, 5}, {2, 4}, {1}], [{8}, {1, 7}, {2, 6}, {3, 5}, {4}], [{8}, {1, 7}, {2, 6}, {4, 5}, {3}], [{8}, {1, 7}, {2, 6}, {5}, {3, 4}], [{8}, {1, 7}, {3, 6}, {4, 5}, {2}], [{8}, {1, 7}, {4, 6}, {2, 5}, {3}], [{8}, {1, 7}, {4, 6}, {3, 5}, {2}], [{8}, {1, 7}, {4, 6}, {5}, {2, 3}], [{8}, {1, 7}, {5, 6}, {4}, {2, 3}], [{8}, {1, 7}, {6}, {3, 5}, {2, 4}], [{8}, {1, 7}, {6}, {4, 5}, {2, 3}], [{8}, {2, 7}, {3, 6}, {4, 5}, {1}], [{8}, {2, 7}, {4, 6}, {3, 5}, {1}], [{8}, {2, 7}, {5, 6}, {3, 4}, {1}], [{8}, {3, 7}, {1, 6}, {5}, {2, 4}], [{8}, {3, 7}, {4, 6}, {5}, {1, 2}], [{8}, {3, 7}, {5, 6}, {4}, {1, 2}], [{8}, {3, 7}, {6}, {4, 5}, {1, 2}], [{8}, {4, 7}, {6}, {3, 5}, {1, 2}], [{8}, {5, 7}, {2, 6}, {3, 4}, {1}], [{8}, {5, 7}, {4, 6}, {3}, {1, 2}], [{8}, {6, 7}, {3, 5}, {4}, {1, 2}], [{8}, {6, 7}, {4, 5}, {3}, {1, 2}], [{8}, {6, 7}, {5}, {3, 4}, {1, 2}], [{8}, {7}, {2, 6}, {1, 5}, {3, 4}], [{8}, {7}, {3, 6}, {4, 5}, {1, 2}], [{8}, {7}, {3, 6}, {4, 5}, {2}, {1}], [{8}, {7}, {4, 6}, {3, 5}, {1, 2}], [{8}, {7}, {4, 6}, {3, 5}, {2}, {1}]]",2,12 K_1^3 + 4 K_1^2 K_2 - 22 K_1^2 - 16 K_1 K_2 - 6 K_1 K_3 - K_1 - 2 K_2^2 + 12 K_2 + 5 K_3 + 3 K_4 + 12,O1O2O3O4U5U1U3O5O6U2O7U4U7O8U6U8,O1O2O3U4U1U5U2O6O7U6O8O4U8O5U7U3,O1O2O3U1U4O5U6O7O6U8O4O8U2U5U3U7,c,{'O1O2O3O4U5U6O5U7U1O7U3O6O8U2U4U8'},1,"<a href=""/flatknot/8.857868"">8.857868</a>",t^9-49t^7-144t^6+5t^5+264t^4+44t^3-28t^2-14t-4,-2t^2+4t,,
8.857869,O1O2O3O4U5U6O5U7U1O7U3O6O8U2U8U4,4,12z^2+93z+139,12w^3z^2+93w^2z+139w,False,False,"[[ 0 -1 -1  1  3 -1 -1 -1  1],[ 1  0  0  0  1  1  2  1  1],[ 1  0  0  1  3  0  1  1  1],[-1  0 -1  0  0 -1  0 -1  0],[-3 -1 -3  0  0 -4 -2 -3  0],[ 1 -1  0  1  4  0 -1  0  1],[ 1 -2 -1  0  2  1  0  0  1],[ 1 -1 -1  1  3  0  0  0  1],[-1 -1 -1  0  0 -1 -1 -1  0]]","[[ 0  3  1  1 -1 -1 -1 -1 -1],[-3  0  0  0 -1 -2 -3 -3 -4],[-1  0  0  0  0  0 -1 -1 -1],[-1  0  0  0 -1 -1 -1 -1 -1],[ 1  1  0  1  0  2  1  0  1],[ 1  2  0  1 -2  0  0 -1  1],[ 1  3  1  1 -1  0  0 -1  0],[ 1  3  1  1  0  1  1  0  0],[ 1  4  1  1 -1 -1  0  0  0]]",True,"[-3,-1,-1,1,1,1,1,1,0,0,1,2,3,3,4,0,0,0,1,1,1,1,1,1,1,1,-2,-1,0,-1,0,1,-1,1,0,0]","[-3,-1,-1,1,1,1,1,1,0,0,1,2,3,3,4,0,0,0,1,1,1,1,1,1,1,1,-2,-1,0,-1,0,1,-1,1,0,0]",t^8+56t^6+267t^4+59t^2+1,"[-1,-1,-1,-1,-1,1,1,3,-2,-1,-1,0,1,2,3,-1,0,1,1,2,2,0,0,1,1,0,1,1,1,1,1,1,1,0,2,2]","[-3,-1,-1,1,1,1,1,1,2,2,0,1,1,2,3,0,1,1,1,1,1,1,1,1,2,2,0,0,-1,-1,-1,0,-1,1,0,-2]","[-1,-1,-1,-1,-1,1,1,3,-2,-1,0,1,0,1,2,0,1,1,0,1,1,1,0,1,1,3,0,1,1,3,1,1,4,0,0,0]",c,"[[{8, 1}, {2, 7}, {3, 6}, {4, 5}], [{8, 1}, {2, 7}, {4, 6}, {3, 5}], [{8, 1}, {2, 7}, {5, 6}, {3, 4}], [{8, 1}, {2, 7}, {5, 6}, {4}, {3}], [{8, 1}, {3, 7}, {2, 6}, {4, 5}], [{8, 1}, {3, 7}, {2, 6}, {5}, {4}], [{8, 1}, {3, 7}, {4, 6}, {2, 5}], [{8, 1}, {3, 7}, {5, 6}, {2, 4}], [{8, 1}, {4, 7}, {2, 6}, {3, 5}], [{8, 1}, {4, 7}, {2, 6}, {5}, {3}], [{8, 1}, {4, 7}, {3, 6}, {2, 5}], [{8, 1}, {4, 7}, {5, 6}, {2, 3}], [{8, 1}, {5, 7}, {2, 6}, {3, 4}], [{8, 1}, {5, 7}, {2, 6}, {4}, {3}], [{8, 1}, {5, 7}, {3, 6}, {2, 4}], [{8, 1}, {5, 7}, {3, 6}, {4}, {2}], [{8, 1}, {5, 7}, {4, 6}, {2, 3}], [{8, 1}, {5, 7}, {4, 6}, {3}, {2}], [{8, 1}, {5, 7}, {6}, {2, 4}, {3}], [{8, 1}, {5, 7}, {6}, {3, 4}, {2}], [{8, 1}, {5, 7}, {6}, {4}, {2, 3}], [{8, 1}, {5, 7}, {6}, {4}, {3}, {2}], [{8, 1}, {6, 7}, {2, 5}, {3, 4}], [{8, 1}, {6, 7}, {2, 5}, {4}, {3}], [{8, 1}, {6, 7}, {3, 5}, {2, 4}], [{8, 1}, {6, 7}, {4, 5}, {2, 3}], [{8, 1}, {7}, {2, 6}, {3, 5}, {4}], [{8, 1}, {7}, {2, 6}, {4, 5}, {3}], [{8, 1}, {7}, {2, 6}, {5}, {3, 4}], [{8, 1}, {7}, {2, 6}, {5}, {4}, {3}], [{8, 2}, {1, 7}, {3, 6}, {4, 5}], [{8, 2}, {1, 7}, {4, 6}, {3, 5}], [{8, 2}, {1, 7}, {5, 6}, {3, 4}], [{8, 2}, {3, 7}, {1, 6}, {4, 5}], [{8, 2}, {3, 7}, {4, 6}, {1, 5}], [{8, 2}, {3, 7}, {5, 6}, {1, 4}], [{8, 2}, {4, 7}, {1, 6}, {3, 5}], [{8, 2}, {4, 7}, {3, 6}, {1, 5}], [{8, 2}, {4, 7}, {5, 6}, {1, 3}], [{8, 2}, {4, 7}, {6}, {1, 5}, {3}], [{8, 2}, {5, 7}, {1, 6}, {3, 4}], [{8, 2}, {5, 7}, {3, 6}, {1, 4}], [{8, 2}, {5, 7}, {4, 6}, {1, 3}], [{8, 2}, {6, 7}, {1, 5}, {3, 4}], [{8, 2}, {6, 7}, {3, 5}, {1, 4}], [{8, 2}, {6, 7}, {4, 5}, {1, 3}], [{8, 2}, {6, 7}, {5}, {3, 4}, {1}], [{8, 2}, {7}, {3, 6}, {1, 5}, {4}], [{8, 2}, {7}, {6}, {3, 5}, {1, 4}], [{8, 3}, {1, 7}, {2, 6}, {4, 5}], [{8, 3}, {1, 7}, {4, 6}, {2, 5}], [{8, 3}, {1, 7}, {5, 6}, {2, 4}], [{8, 3}, {2, 7}, {1, 6}, {4, 5}], [{8, 3}, {2, 7}, {4, 6}, {1, 5}], [{8, 3}, {2, 7}, {5, 6}, {1, 4}], [{8, 3}, {2, 7}, {6}, {4, 5}, {1}], [{8, 3}, {4, 7}, {1, 6}, {2, 5}], [{8, 3}, {4, 7}, {2, 6}, {1, 5}], [{8, 3}, {4, 7}, {5, 6}, {1, 2}], [{8, 3}, {4, 7}, {6}, {1, 5}, {2}], [{8, 3}, {5, 7}, {1, 6}, {2, 4}], [{8, 3}, {5, 7}, {2, 6}, {1, 4}], [{8, 3}, {5, 7}, {4, 6}, {1, 2}], [{8, 3}, {6, 7}, {1, 5}, {2, 4}], [{8, 3}, {6, 7}, {2, 5}, {1, 4}], [{8, 3}, {6, 7}, {4, 5}, {1, 2}], [{8, 3}, {7}, {1, 6}, {2, 5}, {4}], [{8, 3}, {7}, {2, 6}, {1, 5}, {4}], [{8, 3}, {7}, {5, 6}, {1, 4}, {2}], [{8, 4}, {1, 7}, {2, 6}, {3, 5}], [{8, 4}, {1, 7}, {3, 6}, {2, 5}], [{8, 4}, {1, 7}, {5, 6}, {2, 3}], [{8, 4}, {2, 7}, {1, 6}, {3, 5}], [{8, 4}, {2, 7}, {3, 6}, {1, 5}], [{8, 4}, {2, 7}, {5, 6}, {1, 3}], [{8, 4}, {3, 7}, {1, 6}, {2, 5}], [{8, 4}, {3, 7}, {2, 6}, {1, 5}], [{8, 4}, {3, 7}, {2, 6}, {5}, {1}], [{8, 4}, {3, 7}, {5, 6}, {1, 2}], [{8, 4}, {5, 7}, {1, 6}, {2, 3}], [{8, 4}, {5, 7}, {2, 6}, {1, 3}], [{8, 4}, {5, 7}, {3, 6}, {1, 2}], [{8, 4}, {6, 7}, {1, 5}, {2, 3}], [{8, 4}, {6, 7}, {2, 5}, {1, 3}], [{8, 4}, {6, 7}, {3, 5}, {1, 2}], [{8, 4}, {7}, {1, 6}, {3, 5}, {2}], [{8, 4}, {7}, {2, 6}, {1, 5}, {3}], [{8, 5}, {1, 7}, {2, 6}, {3, 4}], [{8, 5}, {1, 7}, {2, 6}, {4}, {3}], [{8, 5}, {1, 7}, {3, 6}, {2, 4}], [{8, 5}, {1, 7}, {4, 6}, {2, 3}], [{8, 5}, {1, 7}, {6}, {3, 4}, {2}], [{8, 5}, {2, 7}, {1, 6}, {3, 4}], [{8, 5}, {2, 7}, {3, 6}, {1, 4}], [{8, 5}, {2, 7}, {4, 6}, {1, 3}], [{8, 5}, {3, 7}, {1, 6}, {2, 4}], [{8, 5}, {3, 7}, {2, 6}, {1, 4}], [{8, 5}, {3, 7}, {2, 6}, {4}, {1}], [{8, 5}, {3, 7}, {4, 6}, {1, 2}], [{8, 5}, {4, 7}, {1, 6}, {2, 3}], [{8, 5}, {4, 7}, {2, 6}, {1, 3}], [{8, 5}, {4, 7}, {2, 6}, {3}, {1}], [{8, 5}, {4, 7}, {3, 6}, {1, 2}], [{8, 5}, {6, 7}, {1, 4}, {2, 3}], [{8, 5}, {6, 7}, {2, 4}, {1, 3}], [{8, 5}, {6, 7}, {3, 4}, {1, 2}], [{8, 5}, {7}, {2, 6}, {1, 4}, {3}], [{8, 5}, {7}, {2, 6}, {3, 4}, {1}], [{8, 5}, {7}, {2, 6}, {4}, {1, 3}], [{8, 5}, {7}, {2, 6}, {4}, {3}, {1}], [{8, 6}, {1, 7}, {2, 5}, {3, 4}], [{8, 6}, {1, 7}, {3, 5}, {2, 4}], [{8, 6}, {1, 7}, {3, 5}, {4}, {2}], [{8, 6}, {1, 7}, {4, 5}, {2, 3}], [{8, 6}, {2, 7}, {1, 5}, {3, 4}], [{8, 6}, {2, 7}, {3, 5}, {1, 4}], [{8, 6}, {2, 7}, {4, 5}, {1, 3}], [{8, 6}, {3, 7}, {1, 5}, {2, 4}], [{8, 6}, {3, 7}, {2, 5}, {1, 4}], [{8, 6}, {3, 7}, {4, 5}, {1, 2}], [{8, 6}, {4, 7}, {1, 5}, {2, 3}], [{8, 6}, {4, 7}, {1, 5}, {3}, {2}], [{8, 6}, {4, 7}, {2, 5}, {1, 3}], [{8, 6}, {4, 7}, {3, 5}, {1, 2}], [{8, 6}, {5, 7}, {1, 4}, {2, 3}], [{8, 6}, {5, 7}, {2, 4}, {1, 3}], [{8, 6}, {5, 7}, {2, 4}, {3}, {1}], [{8, 6}, {5, 7}, {3, 4}, {1, 2}], [{8, 6}, {7}, {1, 5}, {4}, {2, 3}], [{8, 7}, {1, 6}, {2, 5}, {3, 4}], [{8, 7}, {1, 6}, {3, 5}, {2, 4}], [{8, 7}, {1, 6}, {4, 5}, {2, 3}], [{8, 7}, {2, 6}, {1, 5}, {3, 4}], [{8, 7}, {2, 6}, {1, 5}, {4}, {3}], [{8, 7}, {2, 6}, {3, 5}, {1, 4}], [{8, 7}, {2, 6}, {4, 5}, {1, 3}], [{8, 7}, {2, 6}, {5}, {3, 4}, {1}], [{8, 7}, {3, 6}, {1, 5}, {2, 4}], [{8, 7}, {3, 6}, {2, 5}, {1, 4}], [{8, 7}, {3, 6}, {4, 5}, {1, 2}], [{8, 7}, {3, 6}, {4, 5}, {2}, {1}], [{8, 7}, {4, 6}, {1, 5}, {2, 3}], [{8, 7}, {4, 6}, {2, 5}, {1, 3}], [{8, 7}, {4, 6}, {2, 5}, {3}, {1}], [{8, 7}, {4, 6}, {3, 5}, {1, 2}], [{8, 7}, {4, 6}, {3, 5}, {2}, {1}], [{8, 7}, {4, 6}, {5}, {2, 3}, {1}], [{8, 7}, {5, 6}, {1, 4}, {2, 3}], [{8, 7}, {5, 6}, {2, 4}, {1, 3}], [{8, 7}, {5, 6}, {3, 4}, {1, 2}], [{8, 7}, {6}, {1, 5}, {3, 4}, {2}], [{8}, {1, 7}, {2, 6}, {5}, {3, 4}], [{8}, {1, 7}, {3, 6}, {5}, {2, 4}], [{8}, {2, 7}, {1, 6}, {3, 5}, {4}], [{8}, {2, 7}, {1, 6}, {4, 5}, {3}], [{8}, {2, 7}, {1, 6}, {5}, {3, 4}], [{8}, {3, 7}, {2, 6}, {1, 5}, {4}], [{8}, {3, 7}, {2, 6}, {4, 5}, {1}], [{8}, {3, 7}, {2, 6}, {5}, {1, 4}], [{8}, {3, 7}, {4, 6}, {1, 5}, {2}], [{8}, {3, 7}, {6}, {1, 5}, {2, 4}], [{8}, {4, 7}, {2, 6}, {1, 5}, {3}], [{8}, {4, 7}, {3, 6}, {1, 5}, {2}], [{8}, {4, 7}, {5, 6}, {3}, {1, 2}], [{8}, {4, 7}, {6}, {1, 5}, {2, 3}], [{8}, {5, 7}, {1, 6}, {2, 4}, {3}], [{8}, {5, 7}, {2, 6}, {3, 4}, {1}], [{8}, {7}, {2, 6}, {1, 5}, {3, 4}], [{8}, {7}, {2, 6}, {1, 5}, {4}, {3}], [{8}, {7}, {3, 6}, {4, 5}, {1, 2}], [{8}, {7}, {4, 6}, {2, 5}, {1, 3}]]",2,- 32 K_1^2 - 14 K_1 K_2 + 7 K_1 + 16 K_2 + 7 K_3 + 17,O1O2O3O4U1U5U3O5O6U2O7U4U7O8U6U8,O1O2O3U4U1U5U3O6O7U6O8O4U8O5U7U2,O1O2O3U2U4O5U6O7O6U8O4O8U1U5U3U7,c,{'O1O2O3O4U5U6O5U7U1O7U3O6O8U2U8U4'},1,"<a href=""/flatknot/8.857869"">8.857869</a>",t^9-50t^7-102t^6+91t^5+178t^4+21t^3-38t^2-15t-2,-t^3+3t,,
8.857870,O1O2O3O4U5U6O5U7U1O7U3O6O8U4U2U8,4,6z^2+87z+151,6w^3z^2+87w^2z+151w,False,False,"[[ 0 -1  0  1  1 -1 -1 -1  2],[ 1  0  1  0  0  1  2  1  2],[ 0 -1  0  0  1 -1  0  0  2],[-1  0  0  0  0 -1  0 -1  1],[-1  0 -1  0  0 -2  0 -1  1],[ 1 -1  1  1  2  0 -1  0  2],[ 1 -2  0  0  0  1  0  0  2],[ 1 -1  0  1  1  0  0  0  2],[-2 -2 -2 -1 -1 -2 -2 -2  0]]","[[ 0  2  1  1  0 -1 -1 -1 -1],[-2  0 -1 -1 -2 -2 -2 -2 -2],[-1  1  0  0  0  0  0 -1 -1],[-1  1  0  0 -1  0  0 -1 -2],[ 0  2  0  1  0  0 -1  0 -1],[ 1  2  0  0  0  0 -2  0  1],[ 1  2  0  0  1  2  0  1  1],[ 1  2  1  1  0  0 -1  0  0],[ 1  2  1  2  1 -1 -1  0  0]]",True,"[-2,-1,-1,0,1,1,1,1,1,1,2,2,2,2,2,0,0,0,0,1,1,1,0,0,1,2,0,1,0,1,2,0,-1,-1,-1,0]","[-2,-1,-1,0,1,1,1,1,0,0,0,1,1,1,1,0,0,0,1,2,2,1,1,1,2,2,0,1,0,1,0,-1,-1,-1,0,2]",t^8+39t^6+235t^4+144t^2+1,"[-1,-1,-1,-1,0,1,1,2,-2,-1,-1,0,2,2,1,-1,0,1,2,2,1,0,0,0,1,1,1,1,1,1,0,1,0,0,0,0]","[-2,-1,-1,0,1,1,1,1,0,0,0,1,1,1,1,0,0,0,1,2,2,1,1,1,2,2,0,1,0,1,0,-1,-1,-1,0,2]","[-1,-1,-1,-1,0,1,1,2,-2,0,1,0,0,0,2,1,1,1,0,0,2,0,0,1,1,2,1,1,2,2,0,1,2,0,1,1]",c,"[[{8, 1}, {2, 7}, {3, 6}, {4, 5}], [{8, 1}, {2, 7}, {4, 6}, {3, 5}], [{8, 1}, {2, 7}, {5, 6}, {3, 4}], [{8, 1}, {2, 7}, {5, 6}, {4}, {3}], [{8, 1}, {3, 7}, {2, 6}, {4, 5}], [{8, 1}, {3, 7}, {4, 6}, {2, 5}], [{8, 1}, {3, 7}, {5, 6}, {2, 4}], [{8, 1}, {3, 7}, {6}, {4, 5}, {2}], [{8, 1}, {4, 7}, {2, 6}, {3, 5}], [{8, 1}, {4, 7}, {3, 6}, {2, 5}], [{8, 1}, {4, 7}, {5, 6}, {2, 3}], [{8, 1}, {5, 7}, {2, 6}, {3, 4}], [{8, 1}, {5, 7}, {2, 6}, {4}, {3}], [{8, 1}, {5, 7}, {3, 6}, {2, 4}], [{8, 1}, {5, 7}, {4, 6}, {2, 3}], [{8, 1}, {5, 7}, {6}, {3, 4}, {2}], [{8, 1}, {6, 7}, {2, 5}, {3, 4}], [{8, 1}, {6, 7}, {3, 5}, {2, 4}], [{8, 1}, {6, 7}, {4, 5}, {2, 3}], [{8, 1}, {6, 7}, {4, 5}, {3}, {2}], [{8, 1}, {7}, {2, 6}, {5}, {3, 4}], [{8, 1}, {7}, {3, 6}, {4, 5}, {2}], [{8, 1}, {7}, {4, 6}, {2, 5}, {3}], [{8, 1}, {7}, {4, 6}, {3, 5}, {2}], [{8, 1}, {7}, {4, 6}, {5}, {2, 3}], [{8, 2}, {1, 7}, {3, 6}, {4, 5}], [{8, 2}, {1, 7}, {4, 6}, {3, 5}], [{8, 2}, {1, 7}, {5, 6}, {3, 4}], [{8, 2}, {3, 7}, {1, 6}, {4, 5}], [{8, 2}, {3, 7}, {4, 6}, {1, 5}], [{8, 2}, {3, 7}, {5, 6}, {1, 4}], [{8, 2}, {4, 7}, {1, 6}, {3, 5}], [{8, 2}, {4, 7}, {3, 6}, {1, 5}], [{8, 2}, {4, 7}, {5, 6}, {1, 3}], [{8, 2}, {4, 7}, {5, 6}, {3}, {1}], [{8, 2}, {5, 7}, {1, 6}, {3, 4}], [{8, 2}, {5, 7}, {3, 6}, {1, 4}], [{8, 2}, {5, 7}, {4, 6}, {1, 3}], [{8, 2}, {6, 7}, {1, 5}, {3, 4}], [{8, 2}, {6, 7}, {3, 5}, {1, 4}], [{8, 2}, {6, 7}, {4, 5}, {1, 3}], [{8, 2}, {7}, {5, 6}, {4}, {1, 3}], [{8, 3}, {1, 7}, {2, 6}, {4, 5}], [{8, 3}, {1, 7}, {4, 6}, {2, 5}], [{8, 3}, {1, 7}, {5, 6}, {2, 4}], [{8, 3}, {2, 7}, {1, 6}, {4, 5}], [{8, 3}, {2, 7}, {4, 6}, {1, 5}], [{8, 3}, {2, 7}, {5, 6}, {1, 4}], [{8, 3}, {2, 7}, {6}, {4, 5}, {1}], [{8, 3}, {4, 7}, {1, 6}, {2, 5}], [{8, 3}, {4, 7}, {2, 6}, {1, 5}], [{8, 3}, {4, 7}, {5, 6}, {1, 2}], [{8, 3}, {5, 7}, {1, 6}, {2, 4}], [{8, 3}, {5, 7}, {2, 6}, {1, 4}], [{8, 3}, {5, 7}, {4, 6}, {1, 2}], [{8, 3}, {6, 7}, {1, 5}, {2, 4}], [{8, 3}, {6, 7}, {2, 5}, {1, 4}], [{8, 3}, {6, 7}, {4, 5}, {1, 2}], [{8, 3}, {7}, {4, 6}, {1, 5}, {2}], [{8, 3}, {7}, {4, 6}, {2, 5}, {1}], [{8, 3}, {7}, {4, 6}, {5}, {1, 2}], [{8, 4}, {1, 7}, {2, 6}, {3, 5}], [{8, 4}, {1, 7}, {3, 6}, {2, 5}], [{8, 4}, {1, 7}, {5, 6}, {2, 3}], [{8, 4}, {2, 7}, {1, 6}, {3, 5}], [{8, 4}, {2, 7}, {3, 6}, {1, 5}], [{8, 4}, {2, 7}, {5, 6}, {1, 3}], [{8, 4}, {3, 7}, {1, 6}, {2, 5}], [{8, 4}, {3, 7}, {2, 6}, {1, 5}], [{8, 4}, {3, 7}, {5, 6}, {1, 2}], [{8, 4}, {3, 7}, {6}, {2, 5}, {1}], [{8, 4}, {5, 7}, {1, 6}, {2, 3}], [{8, 4}, {5, 7}, {1, 6}, {3}, {2}], [{8, 4}, {5, 7}, {2, 6}, {1, 3}], [{8, 4}, {5, 7}, {3, 6}, {1, 2}], [{8, 4}, {6, 7}, {1, 5}, {2, 3}], [{8, 4}, {6, 7}, {2, 5}, {1, 3}], [{8, 4}, {6, 7}, {3, 5}, {1, 2}], [{8, 4}, {7}, {3, 6}, {1, 5}, {2}], [{8, 5}, {1, 7}, {2, 6}, {3, 4}], [{8, 5}, {1, 7}, {2, 6}, {4}, {3}], [{8, 5}, {1, 7}, {3, 6}, {2, 4}], [{8, 5}, {1, 7}, {4, 6}, {2, 3}], [{8, 5}, {1, 7}, {6}, {3, 4}, {2}], [{8, 5}, {2, 7}, {1, 6}, {3, 4}], [{8, 5}, {2, 7}, {3, 6}, {1, 4}], [{8, 5}, {2, 7}, {4, 6}, {1, 3}], [{8, 5}, {3, 7}, {1, 6}, {2, 4}], [{8, 5}, {3, 7}, {2, 6}, {1, 4}], [{8, 5}, {3, 7}, {2, 6}, {4}, {1}], [{8, 5}, {3, 7}, {4, 6}, {1, 2}], [{8, 5}, {3, 7}, {6}, {1, 4}, {2}], [{8, 5}, {4, 7}, {1, 6}, {2, 3}], [{8, 5}, {4, 7}, {2, 6}, {1, 3}], [{8, 5}, {4, 7}, {2, 6}, {3}, {1}], [{8, 5}, {4, 7}, {3, 6}, {1, 2}], [{8, 5}, {6, 7}, {1, 4}, {2, 3}], [{8, 5}, {6, 7}, {2, 4}, {1, 3}], [{8, 5}, {6, 7}, {3, 4}, {1, 2}], [{8, 5}, {7}, {2, 6}, {1, 4}, {3}], [{8, 5}, {7}, {2, 6}, {3, 4}, {1}], [{8, 5}, {7}, {2, 6}, {4}, {1, 3}], [{8, 5}, {7}, {2, 6}, {4}, {3}, {1}], [{8, 6}, {1, 7}, {2, 5}, {3, 4}], [{8, 6}, {1, 7}, {3, 5}, {2, 4}], [{8, 6}, {1, 7}, {4, 5}, {2, 3}], [{8, 6}, {2, 7}, {1, 5}, {3, 4}], [{8, 6}, {2, 7}, {3, 5}, {1, 4}], [{8, 6}, {2, 7}, {4, 5}, {1, 3}], [{8, 6}, {3, 7}, {1, 5}, {2, 4}], [{8, 6}, {3, 7}, {1, 5}, {4}, {2}], [{8, 6}, {3, 7}, {2, 5}, {1, 4}], [{8, 6}, {3, 7}, {4, 5}, {1, 2}], [{8, 6}, {3, 7}, {4, 5}, {2}, {1}], [{8, 6}, {3, 7}, {5}, {1, 4}, {2}], [{8, 6}, {4, 7}, {1, 5}, {2, 3}], [{8, 6}, {4, 7}, {2, 5}, {1, 3}], [{8, 6}, {4, 7}, {3, 5}, {1, 2}], [{8, 6}, {5, 7}, {1, 4}, {2, 3}], [{8, 6}, {5, 7}, {2, 4}, {1, 3}], [{8, 6}, {5, 7}, {3, 4}, {1, 2}], [{8, 6}, {7}, {4, 5}, {3}, {1, 2}], [{8, 7}, {1, 6}, {2, 5}, {3, 4}], [{8, 7}, {1, 6}, {3, 5}, {2, 4}], [{8, 7}, {1, 6}, {4, 5}, {2, 3}], [{8, 7}, {2, 6}, {1, 5}, {3, 4}], [{8, 7}, {2, 6}, {1, 5}, {4}, {3}], [{8, 7}, {2, 6}, {3, 5}, {1, 4}], [{8, 7}, {2, 6}, {4, 5}, {1, 3}], [{8, 7}, {2, 6}, {5}, {3, 4}, {1}], [{8, 7}, {3, 6}, {1, 5}, {2, 4}], [{8, 7}, {3, 6}, {2, 5}, {1, 4}], [{8, 7}, {3, 6}, {4, 5}, {1, 2}], [{8, 7}, {3, 6}, {4, 5}, {2}, {1}], [{8, 7}, {4, 6}, {1, 5}, {2, 3}], [{8, 7}, {4, 6}, {2, 5}, {1, 3}], [{8, 7}, {4, 6}, {3, 5}, {1, 2}], [{8, 7}, {4, 6}, {3, 5}, {2}, {1}], [{8, 7}, {4, 6}, {5}, {3}, {1, 2}], [{8, 7}, {5, 6}, {1, 4}, {2, 3}], [{8, 7}, {5, 6}, {2, 4}, {1, 3}], [{8, 7}, {5, 6}, {3, 4}, {1, 2}], [{8, 7}, {6}, {1, 5}, {3, 4}, {2}], [{8, 7}, {6}, {3, 5}, {4}, {1, 2}], [{8}, {1, 7}, {2, 6}, {5}, {3, 4}], [{8}, {1, 7}, {3, 6}, {4, 5}, {2}], [{8}, {1, 7}, {4, 6}, {3, 5}, {2}], [{8}, {2, 7}, {1, 6}, {4, 5}, {3}], [{8}, {2, 7}, {5, 6}, {3, 4}, {1}], [{8}, {3, 7}, {1, 6}, {4, 5}, {2}], [{8}, {3, 7}, {4, 6}, {5}, {1, 2}], [{8}, {3, 7}, {5, 6}, {1, 4}, {2}], [{8}, {5, 7}, {2, 6}, {3, 4}, {1}], [{8}, {6, 7}, {1, 5}, {4}, {2, 3}], [{8}, {6, 7}, {5}, {3, 4}, {1, 2}], [{8}, {7}, {1, 6}, {4, 5}, {2, 3}], [{8}, {7}, {2, 6}, {1, 5}, {3, 4}], [{8}, {7}, {4, 6}, {2, 5}, {1, 3}]]",2,4 K_1^3 + 4 K_1^2 K_2 - 30 K_1^2 - 16 K_1 K_2 - 4 K_1 K_3 + 5 K_1 - 4 K_2^2 + 15 K_2 + 7 K_3 + 3 K_4 + 17,O1O2O3O4U5U3U1O5O6U2O7U4U7O8U6U8,O1O2O3U4U2U5U1O6O7U6O8O4U8O5U7U3,O1O2O3U1U4O5U6O7O6U8O4O8U3U5U2U7,c,{'O1O2O3O4U5U6O5U7U1O7U3O6O8U4U2U8'},1,"<a href=""/flatknot/8.857870"">8.857870</a>",t^9-37t^7-92t^6+48t^5+238t^4+11t^3-122t^2+29t+6,-t^2+2t,,
8.857871,O1O2O3O4U5U6O5U7U1O7U3O6O8U4U8U2,4,28z^2+113z+115,28w^3z^2+113w^2z+115w,False,False,"[[ 0 -1  1  1  1 -1 -1 -1  1],[ 1  0  1  0  0  1  2  1  1],[-1 -1  0  0  0 -2 -1 -1  1],[-1  0  0  0  0 -1  0 -1  1],[-1  0  0  0  0 -2  0 -1  1],[ 1 -1  2  1  2  0 -1  0  1],[ 1 -2  1  0  0  1  0  0  1],[ 1 -1  1  1  1  0  0  0  1],[-1 -1 -1 -1 -1 -1 -1 -1  0]]","[[ 0  1  1  1  1 -1 -1 -1 -1],[-1  0  1  0  0  0  0 -1 -1],[-1 -1  0 -1 -1 -1 -1 -1 -1],[-1  0  1  0  0  0  0 -1 -2],[-1  0  1  0  0 -1 -1 -1 -2],[ 1  0  1  0  1  0  2  1  1],[ 1  0  1  0  1 -2  0  0  1],[ 1  1  1  1  1 -1  0  0  0],[ 1  1  1  2  2 -1 -1  0  0]]",True,"[-1,-1,-1,-1,1,1,1,1,-1,0,0,0,0,1,1,1,1,1,1,1,1,0,0,0,1,2,1,1,1,2,-2,-1,-1,0,-1,0]","[-1,-1,-1,-1,1,1,1,1,-2,-1,-1,1,1,2,2,-1,0,1,1,2,2,0,0,1,0,1,1,1,1,1,-1,0,0,1,1,0]",t^8+28t^6+138t^4+48t^2+1,"[-1,-1,-1,-1,1,1,1,1,-2,-1,-1,1,1,2,2,-1,0,1,1,2,2,0,0,1,0,1,1,1,1,1,-1,0,0,1,1,0]","[-1,-1,-1,-1,1,1,1,1,-1,-1,-1,1,1,1,1,0,0,0,1,1,1,0,0,1,2,2,1,1,2,2,0,-1,-1,-1,0,2]","[-1,-1,-1,-1,1,1,1,1,-2,0,1,0,0,1,1,1,1,0,0,1,1,0,1,1,1,1,1,2,1,2,0,1,0,1,0,-1]",c,"[[{8, 1}, {2, 7}, {3, 6}, {4, 5}], [{8, 1}, {2, 7}, {4, 6}, {3, 5}], [{8, 1}, {3, 7}, {2, 6}, {4, 5}], [{8, 1}, {3, 7}, {4, 6}, {2, 5}], [{8, 5}, {3, 7}, {4, 6}, {1, 2}], [{8, 6}, {3, 7}, {2, 5}, {1, 4}], [{8, 7}, {4, 6}, {3, 5}, {1, 2}]]",1,8 K_1^3 - 16 K_1^2 - 8 K_1 K_2 - 2 K_1 + 8 K_2 + 2 K_3 + 9,O1O2O3O4U3U5U1O5O6U2O7U4U7O8U6U8,O1O2O3U4U3U5U1O6O7U6O8O4U8O5U7U2,O1O2O3U2U4O5U6O7O6U8O4O8U3U5U1U7,c,{'O1O2O3O4U5U6O5U7U1O7U3O6O8U4U8U2'},1,"<a href=""/flatknot/8.857871"">8.857871</a>",t^9-28t^7-52t^6+42t^5+94t^4-24t^3-36t^2+t+2,0,,
8.857872,O1O2O3O4U5U6O5U7U1O7U4O6O8U2U3U8,4,4z^3+31z^2+72z+53,4w^4z^3+31w^3z^2+72w^2z+53w,False,False,"[[ 0 -1 -1  1  2 -1 -1 -1  2],[ 1  0  0  1  0  1  2  1  2],[ 1  0  0  1  1  0  1  1  2],[-1 -1 -1  0  1 -2 -1 -1  1],[-2  0 -1 -1  0 -2 -1 -2  0],[ 1 -1  0  2  2  0 -1  0  2],[ 1 -2 -1  1  1  1  0  0  2],[ 1 -1 -1  1  2  0  0  0  2],[-2 -2 -2 -1  0 -2 -2 -2  0]]","[[ 0  2  2  1 -1 -1 -1 -1 -1],[-2  0  0 -1  0 -1 -1 -2 -2],[-2  0  0 -1 -2 -2 -2 -2 -2],[-1  1  1  0 -1 -1 -1 -1 -2],[ 1  0  2  1  0  2  0  1  1],[ 1  1  2  1 -2  0 -1  0  1],[ 1  1  2  1  0  1  0  1  0],[ 1  2  2  1 -1  0 -1  0  0],[ 1  2  2  2 -1 -1  0  0  0]]",True,"[-2,-2,-1,1,1,1,1,1,0,1,0,1,1,2,2,1,2,2,2,2,2,1,1,1,1,2,-2,0,-1,-1,1,0,-1,-1,0,0]","[-2,-2,-1,1,1,1,1,1,0,0,1,1,1,1,1,0,1,1,2,2,3,0,1,1,1,1,0,-1,0,-1,0,-1,-1,-1,-2,0]",t^8+49t^6+239t^4+139t^2+4,"[-1,-1,-1,-1,-1,1,2,2,-2,-1,-1,0,1,1,3,-1,0,1,1,1,2,0,0,0,1,1,1,1,1,1,1,1,2,0,0,0]","[-2,-2,-1,1,1,1,1,1,0,0,1,1,1,1,1,0,1,1,2,2,3,0,1,1,1,1,0,-1,0,-1,0,-1,-1,-1,-2,0]","[-1,-1,-1,-1,-1,1,2,2,-2,-1,0,1,1,1,2,0,1,1,1,0,2,1,0,1,1,2,0,1,2,2,2,2,2,1,1,0]",c,"[[{8, 1}, {2, 7}, {3, 6}, {4, 5}], [{8, 1}, {2, 7}, {4, 6}, {3, 5}], [{8, 1}, {2, 7}, {5, 6}, {3, 4}], [{8, 1}, {2, 7}, {5, 6}, {4}, {3}], [{8, 1}, {3, 7}, {2, 6}, {4, 5}], [{8, 1}, {3, 7}, {4, 6}, {2, 5}], [{8, 1}, {3, 7}, {5, 6}, {2, 4}], [{8, 1}, {3, 7}, {5, 6}, {4}, {2}], [{8, 1}, {4, 7}, {2, 6}, {3, 5}], [{8, 1}, {4, 7}, {2, 6}, {5}, {3}], [{8, 1}, {4, 7}, {3, 6}, {2, 5}], [{8, 1}, {4, 7}, {3, 6}, {5}, {2}], [{8, 1}, {4, 7}, {5, 6}, {2, 3}], [{8, 1}, {4, 7}, {6}, {5}, {2, 3}], [{8, 1}, {5, 7}, {2, 6}, {3, 4}], [{8, 1}, {5, 7}, {2, 6}, {4}, {3}], [{8, 1}, {5, 7}, {3, 6}, {2, 4}], [{8, 1}, {5, 7}, {3, 6}, {4}, {2}], [{8, 1}, {5, 7}, {4, 6}, {2, 3}], [{8, 1}, {5, 7}, {6}, {4}, {2, 3}], [{8, 1}, {6, 7}, {2, 5}, {3, 4}], [{8, 1}, {6, 7}, {3, 5}, {2, 4}], [{8, 1}, {6, 7}, {4, 5}, {2, 3}], [{8, 1}, {6, 7}, {5}, {4}, {2, 3}], [{8, 1}, {7}, {2, 6}, {4, 5}, {3}], [{8, 1}, {7}, {3, 6}, {4, 5}, {2}], [{8, 1}, {7}, {4, 6}, {2, 5}, {3}], [{8, 1}, {7}, {4, 6}, {3, 5}, {2}], [{8, 1}, {7}, {4, 6}, {5}, {2, 3}], [{8, 1}, {7}, {5, 6}, {4}, {2, 3}], [{8, 1}, {7}, {6}, {4, 5}, {2, 3}], [{8, 1}, {7}, {6}, {5}, {4}, {2, 3}], [{8, 2}, {1, 7}, {3, 6}, {4, 5}], [{8, 2}, {1, 7}, {4, 6}, {3, 5}], [{8, 2}, {1, 7}, {5, 6}, {3, 4}], [{8, 2}, {1, 7}, {6}, {4, 5}, {3}], [{8, 2}, {3, 7}, {1, 6}, {4, 5}], [{8, 2}, {3, 7}, {4, 6}, {1, 5}], [{8, 2}, {3, 7}, {5, 6}, {1, 4}], [{8, 2}, {3, 7}, {6}, {4, 5}, {1}], [{8, 2}, {4, 7}, {1, 6}, {3, 5}], [{8, 2}, {4, 7}, {1, 6}, {5}, {3}], [{8, 2}, {4, 7}, {3, 6}, {1, 5}], [{8, 2}, {4, 7}, {3, 6}, {5}, {1}], [{8, 2}, {4, 7}, {5, 6}, {1, 3}], [{8, 2}, {4, 7}, {5, 6}, {3}, {1}], [{8, 2}, {4, 7}, {6}, {1, 5}, {3}], [{8, 2}, {4, 7}, {6}, {3, 5}, {1}], [{8, 2}, {4, 7}, {6}, {5}, {1, 3}], [{8, 2}, {4, 7}, {6}, {5}, {3}, {1}], [{8, 2}, {5, 7}, {1, 6}, {3, 4}], [{8, 2}, {5, 7}, {1, 6}, {4}, {3}], [{8, 2}, {5, 7}, {3, 6}, {1, 4}], [{8, 2}, {5, 7}, {3, 6}, {4}, {1}], [{8, 2}, {5, 7}, {4, 6}, {1, 3}], [{8, 2}, {5, 7}, {4, 6}, {3}, {1}], [{8, 2}, {5, 7}, {6}, {1, 4}, {3}], [{8, 2}, {5, 7}, {6}, {3, 4}, {1}], [{8, 2}, {5, 7}, {6}, {4}, {1, 3}], [{8, 2}, {5, 7}, {6}, {4}, {3}, {1}], [{8, 2}, {6, 7}, {1, 5}, {3, 4}], [{8, 2}, {6, 7}, {3, 5}, {1, 4}], [{8, 2}, {6, 7}, {4, 5}, {1, 3}], [{8, 2}, {6, 7}, {4, 5}, {3}, {1}], [{8, 2}, {7}, {1, 6}, {4, 5}, {3}], [{8, 2}, {7}, {3, 6}, {4, 5}, {1}], [{8, 2}, {7}, {6}, {4, 5}, {1, 3}], [{8, 2}, {7}, {6}, {4, 5}, {3}, {1}], [{8, 3}, {1, 7}, {2, 6}, {4, 5}], [{8, 3}, {1, 7}, {4, 6}, {2, 5}], [{8, 3}, {1, 7}, {5, 6}, {2, 4}], [{8, 3}, {2, 7}, {1, 6}, {4, 5}], [{8, 3}, {2, 7}, {4, 6}, {1, 5}], [{8, 3}, {2, 7}, {5, 6}, {1, 4}], [{8, 3}, {4, 7}, {1, 6}, {2, 5}], [{8, 3}, {4, 7}, {1, 6}, {5}, {2}], [{8, 3}, {4, 7}, {2, 6}, {1, 5}], [{8, 3}, {4, 7}, {2, 6}, {5}, {1}], [{8, 3}, {4, 7}, {5, 6}, {1, 2}], [{8, 3}, {4, 7}, {6}, {5}, {1, 2}], [{8, 3}, {5, 7}, {1, 6}, {2, 4}], [{8, 3}, {5, 7}, {1, 6}, {4}, {2}], [{8, 3}, {5, 7}, {2, 6}, {1, 4}], [{8, 3}, {5, 7}, {2, 6}, {4}, {1}], [{8, 3}, {5, 7}, {4, 6}, {1, 2}], [{8, 3}, {5, 7}, {6}, {4}, {1, 2}], [{8, 3}, {6, 7}, {1, 5}, {2, 4}], [{8, 3}, {6, 7}, {2, 5}, {1, 4}], [{8, 3}, {6, 7}, {2, 5}, {4}, {1}], [{8, 3}, {6, 7}, {4, 5}, {1, 2}], [{8, 3}, {7}, {1, 6}, {4, 5}, {2}], [{8, 3}, {7}, {2, 6}, {4, 5}, {1}], [{8, 3}, {7}, {6}, {4, 5}, {1, 2}], [{8, 4}, {1, 7}, {2, 6}, {3, 5}], [{8, 4}, {1, 7}, {3, 6}, {2, 5}], [{8, 4}, {1, 7}, {5, 6}, {2, 3}], [{8, 4}, {1, 7}, {5, 6}, {3}, {2}], [{8, 4}, {2, 7}, {1, 6}, {3, 5}], [{8, 4}, {2, 7}, {3, 6}, {1, 5}], [{8, 4}, {2, 7}, {5, 6}, {1, 3}], [{8, 4}, {3, 7}, {1, 6}, {2, 5}], [{8, 4}, {3, 7}, {2, 6}, {1, 5}], [{8, 4}, {3, 7}, {5, 6}, {1, 2}], [{8, 4}, {5, 7}, {1, 6}, {2, 3}], [{8, 4}, {5, 7}, {2, 6}, {1, 3}], [{8, 4}, {5, 7}, {3, 6}, {1, 2}], [{8, 4}, {5, 7}, {6}, {1, 3}, {2}], [{8, 4}, {6, 7}, {1, 5}, {2, 3}], [{8, 4}, {6, 7}, {2, 5}, {1, 3}], [{8, 4}, {6, 7}, {3, 5}, {1, 2}], [{8, 4}, {7}, {2, 6}, {1, 5}, {3}], [{8, 5}, {1, 7}, {2, 6}, {3, 4}], [{8, 5}, {1, 7}, {3, 6}, {2, 4}], [{8, 5}, {1, 7}, {3, 6}, {4}, {2}], [{8, 5}, {1, 7}, {4, 6}, {2, 3}], [{8, 5}, {2, 7}, {1, 6}, {3, 4}], [{8, 5}, {2, 7}, {3, 6}, {1, 4}], [{8, 5}, {2, 7}, {4, 6}, {1, 3}], [{8, 5}, {3, 7}, {1, 6}, {2, 4}], [{8, 5}, {3, 7}, {2, 6}, {1, 4}], [{8, 5}, {3, 7}, {4, 6}, {1, 2}], [{8, 5}, {3, 7}, {4, 6}, {2}, {1}], [{8, 5}, {4, 7}, {1, 6}, {2, 3}], [{8, 5}, {4, 7}, {2, 6}, {1, 3}], [{8, 5}, {4, 7}, {3, 6}, {1, 2}], [{8, 5}, {6, 7}, {1, 4}, {2, 3}], [{8, 5}, {6, 7}, {2, 4}, {1, 3}], [{8, 5}, {6, 7}, {3, 4}, {1, 2}], [{8, 5}, {7}, {2, 6}, {3, 4}, {1}], [{8, 5}, {7}, {3, 6}, {2, 4}, {1}], [{8, 6}, {1, 7}, {2, 5}, {3, 4}], [{8, 6}, {1, 7}, {3, 5}, {2, 4}], [{8, 6}, {1, 7}, {4, 5}, {2, 3}], [{8, 6}, {2, 7}, {1, 5}, {3, 4}], [{8, 6}, {2, 7}, {3, 5}, {1, 4}], [{8, 6}, {2, 7}, {4, 5}, {1, 3}], [{8, 6}, {3, 7}, {1, 5}, {2, 4}], [{8, 6}, {3, 7}, {2, 5}, {1, 4}], [{8, 6}, {3, 7}, {4, 5}, {1, 2}], [{8, 6}, {4, 7}, {1, 5}, {2, 3}], [{8, 6}, {4, 7}, {2, 5}, {1, 3}], [{8, 6}, {4, 7}, {3, 5}, {1, 2}], [{8, 6}, {4, 7}, {5}, {1, 3}, {2}], [{8, 6}, {4, 7}, {5}, {2, 3}, {1}], [{8, 6}, {4, 7}, {5}, {3}, {1, 2}], [{8, 6}, {5, 7}, {1, 4}, {2, 3}], [{8, 6}, {5, 7}, {2, 4}, {1, 3}], [{8, 6}, {5, 7}, {3, 4}, {1, 2}], [{8, 6}, {5, 7}, {4}, {1, 3}, {2}], [{8, 6}, {5, 7}, {4}, {2, 3}, {1}], [{8, 6}, {5, 7}, {4}, {3}, {1, 2}], [{8, 6}, {7}, {3, 5}, {1, 4}, {2}], [{8, 6}, {7}, {4, 5}, {1, 3}, {2}], [{8, 6}, {7}, {4, 5}, {2, 3}, {1}], [{8, 6}, {7}, {4, 5}, {3}, {1, 2}], [{8, 7}, {1, 6}, {2, 5}, {3, 4}], [{8, 7}, {1, 6}, {2, 5}, {4}, {3}], [{8, 7}, {1, 6}, {3, 5}, {2, 4}], [{8, 7}, {1, 6}, {4, 5}, {2, 3}], [{8, 7}, {1, 6}, {4, 5}, {3}, {2}], [{8, 7}, {1, 6}, {5}, {2, 4}, {3}], [{8, 7}, {2, 6}, {1, 5}, {3, 4}], [{8, 7}, {2, 6}, {3, 5}, {1, 4}], [{8, 7}, {2, 6}, {4, 5}, {1, 3}], [{8, 7}, {3, 6}, {1, 5}, {2, 4}], [{8, 7}, {3, 6}, {2, 5}, {1, 4}], [{8, 7}, {3, 6}, {4, 5}, {1, 2}], [{8, 7}, {3, 6}, {5}, {1, 4}, {2}], [{8, 7}, {4, 6}, {1, 5}, {2, 3}], [{8, 7}, {4, 6}, {2, 5}, {1, 3}], [{8, 7}, {4, 6}, {3, 5}, {1, 2}], [{8, 7}, {5, 6}, {1, 4}, {2, 3}], [{8, 7}, {5, 6}, {2, 4}, {1, 3}], [{8, 7}, {5, 6}, {3, 4}, {1, 2}], [{8, 7}, {6}, {1, 5}, {3, 4}, {2}], [{8, 7}, {6}, {3, 5}, {2, 4}, {1}], [{8}, {1, 7}, {2, 6}, {3, 5}, {4}], [{8}, {1, 7}, {3, 6}, {5}, {2, 4}], [{8}, {2, 7}, {1, 6}, {4, 5}, {3}], [{8}, {2, 7}, {3, 6}, {1, 5}, {4}], [{8}, {3, 7}, {1, 6}, {4, 5}, {2}], [{8}, {4, 7}, {1, 6}, {5}, {2, 3}], [{8}, {4, 7}, {2, 6}, {5}, {1, 3}], [{8}, {4, 7}, {3, 6}, {5}, {1, 2}], [{8}, {5, 7}, {1, 6}, {4}, {2, 3}], [{8}, {5, 7}, {2, 6}, {4}, {1, 3}], [{8}, {5, 7}, {3, 6}, {4}, {1, 2}], [{8}, {5, 7}, {4, 6}, {1, 3}, {2}], [{8}, {5, 7}, {6}, {2, 4}, {1, 3}], [{8}, {5, 7}, {6}, {4}, {1, 3}, {2}], [{8}, {6, 7}, {3, 5}, {4}, {1, 2}], [{8}, {6, 7}, {5}, {2, 4}, {1, 3}], [{8}, {7}, {1, 6}, {4, 5}, {2, 3}], [{8}, {7}, {1, 6}, {4, 5}, {3}, {2}], [{8}, {7}, {2, 6}, {4, 5}, {1, 3}], [{8}, {7}, {3, 6}, {4, 5}, {1, 2}], [{8}, {7}, {5, 6}, {2, 4}, {1, 3}], [{8}, {7}, {5, 6}, {3, 4}, {1, 2}]]",2,4 K_1^3 + 8 K_1^2 K_2 - 8 K_1^2 - 4 K_1 K_2 - 4 K_1 K_3 - K_1 + 2 K_2 + K_3 + 3,O1O2O3O4U5U2U3O5O6U1O7U4U7O8U6U8,O1O2O3U4U1U2U5O6O7U6O8O4U8O5U7U3,O1O2O3U1U4O5U6O7O6U8O4O8U5U2U3U7,c,"{'O1O2O3O4U5U6O5U7U1O7U4O6O8U2U3U8', 'O1O2O3U4O5U6U7O4U1U5O7O6O8U2U3U8'}",2,"<a href=""/flatknot/8.857872"">8.857872</a>",t^9-45t^7-134t^6-19t^5+224t^4+93t^3-114t^2-45t,-2t^2+4t,,
8.857873,O1O2O3O4U5U6O5U7U1O7U4O6O8U2U8U3,3,12z^2+57z+67,12w^3z^2+57w^2z+67w,False,False,"[[ 0 -1 -1  2  2 -1 -1 -1  1],[ 1  0  0  1  0  1  2  1  1],[ 1  0  0  2  1  0  1  1  1],[-2 -1 -2  0  1 -3 -2 -2  0],[-2  0 -1 -1  0 -2 -1 -2  0],[ 1 -1  0  3  2  0 -1  0  1],[ 1 -2 -1  2  1  1  0  0  1],[ 1 -1 -1  2  2  0  0  0  1],[-1 -1 -1  0  0 -1 -1 -1  0]]","[[ 0  2  2  1 -1 -1 -1 -1 -1],[-2  0  1  0 -1 -2 -2 -2 -3],[-2 -1  0  0  0 -1 -1 -2 -2],[-1  0  0  0 -1 -1 -1 -1 -1],[ 1  1  0  1  0  2  0  1  1],[ 1  2  1  1 -2  0 -1  0  1],[ 1  2  1  1  0  1  0  1  0],[ 1  2  2  1 -1  0 -1  0  0],[ 1  3  2  1 -1 -1  0  0  0]]",True,"[-2,-2,-1,1,1,1,1,1,-1,0,1,2,2,2,3,0,0,1,1,2,2,1,1,1,1,1,-2,0,-1,-1,1,0,-1,-1,0,0]","[-2,-2,-1,1,1,1,1,1,-1,0,1,2,2,2,3,0,0,1,1,2,2,1,1,1,1,1,-2,0,-1,-1,1,0,-1,-1,0,0]",t^8+47t^6+186t^4+84t^2,"[-1,-1,-1,-1,-1,1,2,2,-2,-1,-1,0,1,2,3,-1,0,1,1,1,2,0,0,1,0,1,1,1,1,1,1,1,2,1,1,-1]","[-2,-2,-1,1,1,1,1,1,-1,1,1,1,2,2,3,1,0,1,1,1,2,1,1,1,1,1,0,-1,0,-1,0,-1,-1,-1,-2,0]","[-1,-1,-1,-1,-1,1,2,2,-2,-1,0,1,1,1,2,0,1,1,1,0,1,1,0,1,1,2,0,1,2,2,1,2,3,0,0,-1]",c,"[[{8, 1}, {2, 7}, {3, 6}, {4, 5}], [{8, 1}, {2, 7}, {4, 6}, {3, 5}], [{8, 1}, {2, 7}, {5, 6}, {3, 4}], [{8, 1}, {2, 7}, {5, 6}, {4}, {3}], [{8, 1}, {3, 7}, {2, 6}, {4, 5}], [{8, 1}, {3, 7}, {2, 6}, {5}, {4}], [{8, 1}, {3, 7}, {4, 6}, {2, 5}], [{8, 1}, {3, 7}, {4, 6}, {5}, {2}], [{8, 1}, {3, 7}, {5, 6}, {2, 4}], [{8, 1}, {3, 7}, {6}, {5}, {2, 4}], [{8, 1}, {4, 7}, {2, 6}, {3, 5}], [{8, 1}, {4, 7}, {2, 6}, {5}, {3}], [{8, 1}, {4, 7}, {3, 6}, {2, 5}], [{8, 1}, {4, 7}, {3, 6}, {5}, {2}], [{8, 1}, {4, 7}, {5, 6}, {2, 3}], [{8, 1}, {4, 7}, {6}, {5}, {2, 3}], [{8, 1}, {5, 7}, {2, 6}, {3, 4}], [{8, 1}, {5, 7}, {2, 6}, {4}, {3}], [{8, 1}, {5, 7}, {3, 6}, {2, 4}], [{8, 1}, {5, 7}, {3, 6}, {4}, {2}], [{8, 1}, {5, 7}, {4, 6}, {2, 3}], [{8, 1}, {5, 7}, {4, 6}, {3}, {2}], [{8, 1}, {5, 7}, {6}, {2, 4}, {3}], [{8, 1}, {5, 7}, {6}, {3, 4}, {2}], [{8, 1}, {5, 7}, {6}, {4}, {2, 3}], [{8, 1}, {5, 7}, {6}, {4}, {3}, {2}], [{8, 1}, {6, 7}, {2, 5}, {3, 4}], [{8, 1}, {6, 7}, {2, 5}, {4}, {3}], [{8, 1}, {6, 7}, {3, 5}, {2, 4}], [{8, 1}, {6, 7}, {4, 5}, {2, 3}], [{8, 1}, {7}, {2, 6}, {3, 5}, {4}], [{8, 1}, {7}, {2, 6}, {4, 5}, {3}], [{8, 1}, {7}, {2, 6}, {5}, {3, 4}], [{8, 1}, {7}, {2, 6}, {5}, {4}, {3}], [{8, 1}, {7}, {3, 6}, {4, 5}, {2}], [{8, 1}, {7}, {4, 6}, {3, 5}, {2}], [{8, 1}, {7}, {6}, {3, 5}, {2, 4}], [{8, 1}, {7}, {6}, {4, 5}, {2, 3}], [{8, 2}, {1, 7}, {3, 6}, {4, 5}], [{8, 2}, {1, 7}, {4, 6}, {3, 5}], [{8, 2}, {1, 7}, {5, 6}, {3, 4}], [{8, 2}, {1, 7}, {6}, {5}, {3, 4}], [{8, 2}, {3, 7}, {1, 6}, {4, 5}], [{8, 2}, {3, 7}, {4, 6}, {1, 5}], [{8, 2}, {3, 7}, {5, 6}, {1, 4}], [{8, 2}, {3, 7}, {6}, {5}, {1, 4}], [{8, 2}, {4, 7}, {1, 6}, {3, 5}], [{8, 2}, {4, 7}, {1, 6}, {5}, {3}], [{8, 2}, {4, 7}, {3, 6}, {1, 5}], [{8, 2}, {4, 7}, {3, 6}, {5}, {1}], [{8, 2}, {4, 7}, {5, 6}, {1, 3}], [{8, 2}, {4, 7}, {5, 6}, {3}, {1}], [{8, 2}, {4, 7}, {6}, {1, 5}, {3}], [{8, 2}, {4, 7}, {6}, {3, 5}, {1}], [{8, 2}, {4, 7}, {6}, {5}, {1, 3}], [{8, 2}, {4, 7}, {6}, {5}, {3}, {1}], [{8, 2}, {5, 7}, {1, 6}, {3, 4}], [{8, 2}, {5, 7}, {1, 6}, {4}, {3}], [{8, 2}, {5, 7}, {3, 6}, {1, 4}], [{8, 2}, {5, 7}, {3, 6}, {4}, {1}], [{8, 2}, {5, 7}, {4, 6}, {1, 3}], [{8, 2}, {5, 7}, {6}, {4}, {1, 3}], [{8, 2}, {6, 7}, {1, 5}, {3, 4}], [{8, 2}, {6, 7}, {1, 5}, {4}, {3}], [{8, 2}, {6, 7}, {3, 5}, {1, 4}], [{8, 2}, {6, 7}, {3, 5}, {4}, {1}], [{8, 2}, {6, 7}, {4, 5}, {1, 3}], [{8, 2}, {6, 7}, {5}, {4}, {1, 3}], [{8, 2}, {7}, {1, 6}, {4, 5}, {3}], [{8, 2}, {7}, {3, 6}, {4, 5}, {1}], [{8, 2}, {7}, {4, 6}, {1, 5}, {3}], [{8, 2}, {7}, {4, 6}, {3, 5}, {1}], [{8, 2}, {7}, {4, 6}, {5}, {1, 3}], [{8, 2}, {7}, {5, 6}, {4}, {1, 3}], [{8, 2}, {7}, {6}, {4, 5}, {1, 3}], [{8, 2}, {7}, {6}, {5}, {4}, {1, 3}], [{8, 3}, {1, 7}, {2, 6}, {4, 5}], [{8, 3}, {1, 7}, {4, 6}, {2, 5}], [{8, 3}, {1, 7}, {5, 6}, {2, 4}], [{8, 3}, {2, 7}, {1, 6}, {4, 5}], [{8, 3}, {2, 7}, {4, 6}, {1, 5}], [{8, 3}, {2, 7}, {5, 6}, {1, 4}], [{8, 3}, {2, 7}, {5, 6}, {4}, {1}], [{8, 3}, {4, 7}, {1, 6}, {2, 5}], [{8, 3}, {4, 7}, {1, 6}, {5}, {2}], [{8, 3}, {4, 7}, {2, 6}, {1, 5}], [{8, 3}, {4, 7}, {2, 6}, {5}, {1}], [{8, 3}, {4, 7}, {5, 6}, {1, 2}], [{8, 3}, {4, 7}, {6}, {5}, {1, 2}], [{8, 3}, {5, 7}, {1, 6}, {2, 4}], [{8, 3}, {5, 7}, {1, 6}, {4}, {2}], [{8, 3}, {5, 7}, {2, 6}, {1, 4}], [{8, 3}, {5, 7}, {2, 6}, {4}, {1}], [{8, 3}, {5, 7}, {4, 6}, {1, 2}], [{8, 3}, {5, 7}, {6}, {4}, {1, 2}], [{8, 3}, {6, 7}, {1, 5}, {2, 4}], [{8, 3}, {6, 7}, {2, 5}, {1, 4}], [{8, 3}, {6, 7}, {4, 5}, {1, 2}], [{8, 3}, {7}, {1, 6}, {4, 5}, {2}], [{8, 3}, {7}, {2, 6}, {4, 5}, {1}], [{8, 3}, {7}, {6}, {4, 5}, {1, 2}], [{8, 4}, {1, 7}, {2, 6}, {3, 5}], [{8, 4}, {1, 7}, {3, 6}, {2, 5}], [{8, 4}, {1, 7}, {5, 6}, {2, 3}], [{8, 4}, {2, 7}, {1, 6}, {3, 5}], [{8, 4}, {2, 7}, {3, 6}, {1, 5}], [{8, 4}, {2, 7}, {5, 6}, {1, 3}], [{8, 4}, {2, 7}, {5, 6}, {3}, {1}], [{8, 4}, {2, 7}, {6}, {5}, {1, 3}], [{8, 4}, {3, 7}, {1, 6}, {2, 5}], [{8, 4}, {3, 7}, {2, 6}, {1, 5}], [{8, 4}, {3, 7}, {5, 6}, {1, 2}], [{8, 4}, {3, 7}, {6}, {1, 5}, {2}], [{8, 4}, {5, 7}, {1, 6}, {2, 3}], [{8, 4}, {5, 7}, {2, 6}, {1, 3}], [{8, 4}, {5, 7}, {2, 6}, {3}, {1}], [{8, 4}, {5, 7}, {3, 6}, {1, 2}], [{8, 4}, {6, 7}, {1, 5}, {2, 3}], [{8, 4}, {6, 7}, {2, 5}, {1, 3}], [{8, 4}, {6, 7}, {3, 5}, {1, 2}], [{8, 4}, {7}, {3, 6}, {5}, {1, 2}], [{8, 4}, {7}, {5, 6}, {1, 3}, {2}], [{8, 5}, {1, 7}, {2, 6}, {3, 4}], [{8, 5}, {1, 7}, {2, 6}, {4}, {3}], [{8, 5}, {1, 7}, {3, 6}, {2, 4}], [{8, 5}, {1, 7}, {4, 6}, {2, 3}], [{8, 5}, {1, 7}, {6}, {3, 4}, {2}], [{8, 5}, {2, 7}, {1, 6}, {3, 4}], [{8, 5}, {2, 7}, {3, 6}, {1, 4}], [{8, 5}, {2, 7}, {4, 6}, {1, 3}], [{8, 5}, {3, 7}, {1, 6}, {2, 4}], [{8, 5}, {3, 7}, {2, 6}, {1, 4}], [{8, 5}, {3, 7}, {4, 6}, {1, 2}], [{8, 5}, {4, 7}, {1, 6}, {2, 3}], [{8, 5}, {4, 7}, {2, 6}, {1, 3}], [{8, 5}, {4, 7}, {3, 6}, {1, 2}], [{8, 5}, {4, 7}, {6}, {1, 3}, {2}], [{8, 5}, {6, 7}, {1, 4}, {2, 3}], [{8, 5}, {6, 7}, {2, 4}, {1, 3}], [{8, 5}, {6, 7}, {2, 4}, {3}, {1}], [{8, 5}, {6, 7}, {3, 4}, {1, 2}], [{8, 5}, {7}, {2, 6}, {3, 4}, {1}], [{8, 5}, {7}, {3, 6}, {4}, {1, 2}], [{8, 6}, {1, 7}, {2, 5}, {3, 4}], [{8, 6}, {1, 7}, {3, 5}, {2, 4}], [{8, 6}, {1, 7}, {4, 5}, {2, 3}], [{8, 6}, {1, 7}, {5}, {3, 4}, {2}], [{8, 6}, {2, 7}, {1, 5}, {3, 4}], [{8, 6}, {2, 7}, {3, 5}, {1, 4}], [{8, 6}, {2, 7}, {4, 5}, {1, 3}], [{8, 6}, {3, 7}, {1, 5}, {2, 4}], [{8, 6}, {3, 7}, {2, 5}, {1, 4}], [{8, 6}, {3, 7}, {4, 5}, {1, 2}], [{8, 6}, {4, 7}, {1, 5}, {2, 3}], [{8, 6}, {4, 7}, {2, 5}, {1, 3}], [{8, 6}, {4, 7}, {3, 5}, {1, 2}], [{8, 6}, {4, 7}, {5}, {1, 3}, {2}], [{8, 6}, {4, 7}, {5}, {2, 3}, {1}], [{8, 6}, {4, 7}, {5}, {3}, {1, 2}], [{8, 6}, {5, 7}, {1, 4}, {2, 3}], [{8, 6}, {5, 7}, {2, 4}, {1, 3}], [{8, 6}, {5, 7}, {3, 4}, {1, 2}], [{8, 6}, {5, 7}, {4}, {1, 3}, {2}], [{8, 6}, {5, 7}, {4}, {2, 3}, {1}], [{8, 6}, {5, 7}, {4}, {3}, {1, 2}], [{8, 6}, {7}, {4, 5}, {1, 3}, {2}], [{8, 6}, {7}, {4, 5}, {2, 3}, {1}], [{8, 6}, {7}, {4, 5}, {3}, {1, 2}], [{8, 7}, {1, 6}, {2, 5}, {3, 4}], [{8, 7}, {1, 6}, {2, 5}, {4}, {3}], [{8, 7}, {1, 6}, {3, 5}, {2, 4}], [{8, 7}, {1, 6}, {4, 5}, {2, 3}], [{8, 7}, {2, 6}, {1, 5}, {3, 4}], [{8, 7}, {2, 6}, {1, 5}, {4}, {3}], [{8, 7}, {2, 6}, {3, 5}, {1, 4}], [{8, 7}, {2, 6}, {4, 5}, {1, 3}], [{8, 7}, {2, 6}, {5}, {3, 4}, {1}], [{8, 7}, {3, 6}, {1, 5}, {2, 4}], [{8, 7}, {3, 6}, {2, 5}, {1, 4}], [{8, 7}, {3, 6}, {4, 5}, {1, 2}], [{8, 7}, {3, 6}, {4, 5}, {2}, {1}], [{8, 7}, {3, 6}, {5}, {4}, {1, 2}], [{8, 7}, {4, 6}, {1, 5}, {2, 3}], [{8, 7}, {4, 6}, {2, 5}, {1, 3}], [{8, 7}, {4, 6}, {3, 5}, {1, 2}], [{8, 7}, {4, 6}, {3, 5}, {2}, {1}], [{8, 7}, {5, 6}, {1, 4}, {2, 3}], [{8, 7}, {5, 6}, {2, 4}, {1, 3}], [{8, 7}, {5, 6}, {2, 4}, {3}, {1}], [{8, 7}, {5, 6}, {3, 4}, {1, 2}], [{8, 7}, {5, 6}, {4}, {1, 3}, {2}], [{8, 7}, {6}, {1, 5}, {3, 4}, {2}], [{8, 7}, {6}, {4, 5}, {3}, {1, 2}], [{8, 7}, {6}, {5}, {1, 4}, {2, 3}], [{8, 7}, {6}, {5}, {2, 4}, {1, 3}], [{8}, {1, 7}, {2, 6}, {5}, {3, 4}], [{8}, {1, 7}, {3, 6}, {4, 5}, {2}], [{8}, {1, 7}, {4, 6}, {3, 5}, {2}], [{8}, {1, 7}, {5, 6}, {3, 4}, {2}], [{8}, {1, 7}, {6}, {2, 5}, {3, 4}], [{8}, {1, 7}, {6}, {5}, {3, 4}, {2}], [{8}, {2, 7}, {3, 6}, {4, 5}, {1}], [{8}, {2, 7}, {4, 6}, {3, 5}, {1}], [{8}, {2, 7}, {5, 6}, {1, 4}, {3}], [{8}, {2, 7}, {5, 6}, {3, 4}, {1}], [{8}, {2, 7}, {5, 6}, {4}, {1, 3}], [{8}, {2, 7}, {5, 6}, {4}, {3}, {1}], [{8}, {3, 7}, {6}, {4, 5}, {1, 2}], [{8}, {4, 7}, {1, 6}, {5}, {2, 3}], [{8}, {4, 7}, {2, 6}, {5}, {1, 3}], [{8}, {4, 7}, {3, 6}, {5}, {1, 2}], [{8}, {4, 7}, {5, 6}, {1, 3}, {2}], [{8}, {4, 7}, {6}, {2, 5}, {1, 3}], [{8}, {4, 7}, {6}, {5}, {1, 3}, {2}], [{8}, {5, 7}, {1, 6}, {4}, {2, 3}], [{8}, {5, 7}, {2, 6}, {1, 4}, {3}], [{8}, {5, 7}, {2, 6}, {3, 4}, {1}], [{8}, {5, 7}, {2, 6}, {4}, {1, 3}], [{8}, {5, 7}, {2, 6}, {4}, {3}, {1}], [{8}, {5, 7}, {3, 6}, {4}, {1, 2}], [{8}, {6, 7}, {4, 5}, {3}, {1, 2}], [{8}, {7}, {1, 6}, {4, 5}, {2, 3}], [{8}, {7}, {2, 6}, {1, 5}, {3, 4}], [{8}, {7}, {2, 6}, {4, 5}, {1, 3}], [{8}, {7}, {3, 6}, {1, 5}, {2, 4}], [{8}, {7}, {3, 6}, {2, 5}, {1, 4}], [{8}, {7}, {3, 6}, {4, 5}, {1, 2}], [{8}, {7}, {3, 6}, {4, 5}, {2}, {1}], [{8}, {7}, {3, 6}, {5}, {4}, {1, 2}], [{8}, {7}, {4, 6}, {3, 5}, {1, 2}], [{8}, {7}, {4, 6}, {3, 5}, {2}, {1}], [{8}, {7}, {5, 6}, {2, 4}, {1, 3}], [{8}, {7}, {5, 6}, {3, 4}, {1, 2}], [{8}, {7}, {6}, {4, 5}, {3}, {1, 2}]]",2,4 K_1^3 - 8 K_1^2 - 8 K_1 K_2 + K_1 + 4 K_2 + 3 K_3 + 5,O1O2O3O4U2U5U3O5O6U1O7U4U7O8U6U8,O1O2O3U4U1U3U5O6O7U6O8O4U8O5U7U2,O1O2O3U2U4O5U6O7O6U8O4O8U5U1U3U7,c,"{'O1O2O3U4O5U6U7O4U1U5O7O6O8U2U8U3', 'O1O2O3O4U5U6O5U7U1O7U4O6O8U2U8U3'}",2,"<a href=""/flatknot/8.857873"">8.857873</a>",t^9-43t^7-108t^6+14t^5+140t^4+44t^3-28t^2-32t-8,-2t^2+4t,,
8.857874,O1O2O3O4U5U6O5U7U1O7U4O6O8U3U2U8,3,13z^2+46z+41,-4w^4z^2+17w^3z^2-12w^3z+58w^2z+41w,False,False,"[[ 0 -1  0  0  2 -1 -1 -1  2],[ 1  0  1  0  0  1  2  1  2],[ 0 -1  0  0  1 -1  0  0  2],[ 0  0  0  0  1 -1  0  0  1],[-2  0 -1 -1  0 -2 -1 -2  0],[ 1 -1  1  1  2  0 -1  0  2],[ 1 -2  0  0  1  1  0  0  2],[ 1 -1  0  0  2  0  0  0  2],[-2 -2 -2 -1  0 -2 -2 -2  0]]","[[ 0  2  2  0  0 -1 -1 -1 -1],[-2  0  0 -1 -1  0 -1 -2 -2],[-2  0  0 -1 -2 -2 -2 -2 -2],[ 0  1  1  0  0  0  0  0 -1],[ 0  1  2  0  0 -1  0  0 -1],[ 1  0  2  0  1  0  2  1  1],[ 1  1  2  0  0 -2  0  0  1],[ 1  2  2  0  0 -1  0  0  0],[ 1  2  2  1  1 -1 -1  0  0]]",True,"[-2,-2,0,0,1,1,1,1,0,1,1,0,1,2,2,1,2,2,2,2,2,0,0,0,0,1,1,0,0,1,-2,-1,-1,0,-1,0]","[-2,-2,0,0,1,1,1,1,0,0,1,1,1,1,1,1,1,1,1,2,3,0,0,1,1,0,0,1,1,1,0,-1,-1,0,-1,-2]",t^8+42t^6+208t^4+132t^2,"[-1,-1,-1,-1,0,0,2,2,-2,-1,-1,0,1,1,3,-1,0,1,1,1,2,0,0,0,1,1,1,1,1,1,0,0,1,1,1,0]","[-2,-2,0,0,1,1,1,1,0,0,1,1,1,1,1,1,1,1,1,2,3,0,0,1,1,0,0,1,1,1,0,-1,-1,0,-1,-2]","[-1,-1,-1,-1,0,0,2,2,-2,0,1,0,0,1,2,1,1,0,1,0,2,0,0,0,2,2,1,1,2,2,0,1,1,1,2,0]",c,"[[{8, 1}, {2, 7}, {3, 6}, {4, 5}], [{8, 1}, {2, 7}, {3, 6}, {5}, {4}], [{8, 1}, {2, 7}, {4, 6}, {3, 5}], [{8, 1}, {2, 7}, {4, 6}, {5}, {3}], [{8, 1}, {2, 7}, {5, 6}, {3, 4}], [{8, 1}, {2, 7}, {5, 6}, {4}, {3}], [{8, 1}, {2, 7}, {6}, {3, 5}, {4}], [{8, 1}, {2, 7}, {6}, {4, 5}, {3}], [{8, 1}, {2, 7}, {6}, {5}, {3, 4}], [{8, 1}, {2, 7}, {6}, {5}, {4}, {3}], [{8, 1}, {3, 7}, {2, 6}, {4, 5}], [{8, 1}, {3, 7}, {2, 6}, {5}, {4}], [{8, 1}, {3, 7}, {4, 6}, {2, 5}], [{8, 1}, {3, 7}, {4, 6}, {5}, {2}], [{8, 1}, {3, 7}, {5, 6}, {2, 4}], [{8, 1}, {3, 7}, {5, 6}, {4}, {2}], [{8, 1}, {3, 7}, {6}, {2, 5}, {4}], [{8, 1}, {3, 7}, {6}, {4, 5}, {2}], [{8, 1}, {3, 7}, {6}, {5}, {2, 4}], [{8, 1}, {3, 7}, {6}, {5}, {4}, {2}], [{8, 1}, {4, 7}, {2, 6}, {3, 5}], [{8, 1}, {4, 7}, {2, 6}, {5}, {3}], [{8, 1}, {4, 7}, {3, 6}, {2, 5}], [{8, 1}, {4, 7}, {3, 6}, {5}, {2}], [{8, 1}, {4, 7}, {5, 6}, {2, 3}], [{8, 1}, {4, 7}, {5, 6}, {3}, {2}], [{8, 1}, {4, 7}, {6}, {2, 5}, {3}], [{8, 1}, {4, 7}, {6}, {3, 5}, {2}], [{8, 1}, {4, 7}, {6}, {5}, {2, 3}], [{8, 1}, {4, 7}, {6}, {5}, {3}, {2}], [{8, 1}, {5, 7}, {2, 6}, {3, 4}], [{8, 1}, {5, 7}, {2, 6}, {4}, {3}], [{8, 1}, {5, 7}, {3, 6}, {2, 4}], [{8, 1}, {5, 7}, {3, 6}, {4}, {2}], [{8, 1}, {5, 7}, {4, 6}, {2, 3}], [{8, 1}, {5, 7}, {4, 6}, {3}, {2}], [{8, 1}, {5, 7}, {6}, {2, 4}, {3}], [{8, 1}, {5, 7}, {6}, {3, 4}, {2}], [{8, 1}, {5, 7}, {6}, {4}, {2, 3}], [{8, 1}, {5, 7}, {6}, {4}, {3}, {2}], [{8, 1}, {6, 7}, {2, 5}, {3, 4}], [{8, 1}, {6, 7}, {2, 5}, {4}, {3}], [{8, 1}, {6, 7}, {3, 5}, {2, 4}], [{8, 1}, {6, 7}, {3, 5}, {4}, {2}], [{8, 1}, {6, 7}, {4, 5}, {2, 3}], [{8, 1}, {6, 7}, {4, 5}, {3}, {2}], [{8, 1}, {6, 7}, {5}, {2, 4}, {3}], [{8, 1}, {6, 7}, {5}, {3, 4}, {2}], [{8, 1}, {6, 7}, {5}, {4}, {2, 3}], [{8, 1}, {6, 7}, {5}, {4}, {3}, {2}], [{8, 1}, {7}, {2, 6}, {3, 5}, {4}], [{8, 1}, {7}, {2, 6}, {4, 5}, {3}], [{8, 1}, {7}, {2, 6}, {5}, {3, 4}], [{8, 1}, {7}, {2, 6}, {5}, {4}, {3}], [{8, 1}, {7}, {3, 6}, {2, 5}, {4}], [{8, 1}, {7}, {3, 6}, {4, 5}, {2}], [{8, 1}, {7}, {3, 6}, {5}, {2, 4}], [{8, 1}, {7}, {3, 6}, {5}, {4}, {2}], [{8, 1}, {7}, {4, 6}, {2, 5}, {3}], [{8, 1}, {7}, {4, 6}, {3, 5}, {2}], [{8, 1}, {7}, {4, 6}, {5}, {2, 3}], [{8, 1}, {7}, {4, 6}, {5}, {3}, {2}], [{8, 1}, {7}, {5, 6}, {2, 4}, {3}], [{8, 1}, {7}, {5, 6}, {3, 4}, {2}], [{8, 1}, {7}, {5, 6}, {4}, {2, 3}], [{8, 1}, {7}, {5, 6}, {4}, {3}, {2}], [{8, 1}, {7}, {6}, {2, 5}, {3, 4}], [{8, 1}, {7}, {6}, {2, 5}, {4}, {3}], [{8, 1}, {7}, {6}, {3, 5}, {2, 4}], [{8, 1}, {7}, {6}, {3, 5}, {4}, {2}], [{8, 1}, {7}, {6}, {4, 5}, {2, 3}], [{8, 1}, {7}, {6}, {4, 5}, {3}, {2}], [{8, 1}, {7}, {6}, {5}, {2, 4}, {3}], [{8, 1}, {7}, {6}, {5}, {3, 4}, {2}], [{8, 1}, {7}, {6}, {5}, {4}, {2, 3}], [{8, 1}, {7}, {6}, {5}, {4}, {3}, {2}], [{8, 2}, {1, 7}, {3, 6}, {4, 5}], [{8, 2}, {1, 7}, {4, 6}, {3, 5}], [{8, 2}, {1, 7}, {5, 6}, {3, 4}], [{8, 2}, {3, 7}, {1, 6}, {4, 5}], [{8, 2}, {3, 7}, {4, 6}, {1, 5}], [{8, 2}, {3, 7}, {5, 6}, {1, 4}], [{8, 2}, {4, 7}, {1, 6}, {3, 5}], [{8, 2}, {4, 7}, {1, 6}, {5}, {3}], [{8, 2}, {4, 7}, {3, 6}, {1, 5}], [{8, 2}, {4, 7}, {3, 6}, {5}, {1}], [{8, 2}, {4, 7}, {5, 6}, {1, 3}], [{8, 2}, {4, 7}, {6}, {5}, {1, 3}], [{8, 2}, {5, 7}, {1, 6}, {3, 4}], [{8, 2}, {5, 7}, {1, 6}, {4}, {3}], [{8, 2}, {5, 7}, {3, 6}, {1, 4}], [{8, 2}, {5, 7}, {3, 6}, {4}, {1}], [{8, 2}, {5, 7}, {4, 6}, {1, 3}], [{8, 2}, {5, 7}, {6}, {4}, {1, 3}], [{8, 2}, {6, 7}, {1, 5}, {3, 4}], [{8, 2}, {6, 7}, {3, 5}, {1, 4}], [{8, 2}, {6, 7}, {4, 5}, {1, 3}], [{8, 2}, {7}, {1, 6}, {4, 5}, {3}], [{8, 2}, {7}, {3, 6}, {4, 5}, {1}], [{8, 2}, {7}, {5, 6}, {3, 4}, {1}], [{8, 2}, {7}, {6}, {4, 5}, {1, 3}], [{8, 3}, {1, 7}, {2, 6}, {4, 5}], [{8, 3}, {1, 7}, {4, 6}, {2, 5}], [{8, 3}, {1, 7}, {5, 6}, {2, 4}], [{8, 3}, {2, 7}, {1, 6}, {4, 5}], [{8, 3}, {2, 7}, {4, 6}, {1, 5}], [{8, 3}, {2, 7}, {5, 6}, {1, 4}], [{8, 3}, {4, 7}, {1, 6}, {2, 5}], [{8, 3}, {4, 7}, {1, 6}, {5}, {2}], [{8, 3}, {4, 7}, {2, 6}, {1, 5}], [{8, 3}, {4, 7}, {2, 6}, {5}, {1}], [{8, 3}, {4, 7}, {5, 6}, {1, 2}], [{8, 3}, {4, 7}, {6}, {5}, {1, 2}], [{8, 3}, {5, 7}, {1, 6}, {2, 4}], [{8, 3}, {5, 7}, {1, 6}, {4}, {2}], [{8, 3}, {5, 7}, {2, 6}, {1, 4}], [{8, 3}, {5, 7}, {2, 6}, {4}, {1}], [{8, 3}, {5, 7}, {4, 6}, {1, 2}], [{8, 3}, {5, 7}, {6}, {4}, {1, 2}], [{8, 3}, {6, 7}, {1, 5}, {2, 4}], [{8, 3}, {6, 7}, {2, 5}, {1, 4}], [{8, 3}, {6, 7}, {4, 5}, {1, 2}], [{8, 3}, {7}, {1, 6}, {4, 5}, {2}], [{8, 3}, {7}, {2, 6}, {4, 5}, {1}], [{8, 3}, {7}, {5, 6}, {2, 4}, {1}], [{8, 3}, {7}, {6}, {4, 5}, {1, 2}], [{8, 4}, {1, 7}, {2, 6}, {3, 5}], [{8, 4}, {1, 7}, {3, 6}, {2, 5}], [{8, 4}, {1, 7}, {5, 6}, {2, 3}], [{8, 4}, {1, 7}, {6}, {3, 5}, {2}], [{8, 4}, {2, 7}, {1, 6}, {3, 5}], [{8, 4}, {2, 7}, {3, 6}, {1, 5}], [{8, 4}, {2, 7}, {5, 6}, {1, 3}], [{8, 4}, {2, 7}, {6}, {1, 5}, {3}], [{8, 4}, {3, 7}, {1, 6}, {2, 5}], [{8, 4}, {3, 7}, {2, 6}, {1, 5}], [{8, 4}, {3, 7}, {5, 6}, {1, 2}], [{8, 4}, {5, 7}, {1, 6}, {2, 3}], [{8, 4}, {5, 7}, {2, 6}, {1, 3}], [{8, 4}, {5, 7}, {2, 6}, {3}, {1}], [{8, 4}, {5, 7}, {3, 6}, {1, 2}], [{8, 4}, {6, 7}, {1, 5}, {2, 3}], [{8, 4}, {6, 7}, {2, 5}, {1, 3}], [{8, 4}, {6, 7}, {3, 5}, {1, 2}], [{8, 5}, {1, 7}, {2, 6}, {3, 4}], [{8, 5}, {1, 7}, {2, 6}, {4}, {3}], [{8, 5}, {1, 7}, {3, 6}, {2, 4}], [{8, 5}, {1, 7}, {4, 6}, {2, 3}], [{8, 5}, {1, 7}, {6}, {3, 4}, {2}], [{8, 5}, {2, 7}, {1, 6}, {3, 4}], [{8, 5}, {2, 7}, {3, 6}, {1, 4}], [{8, 5}, {2, 7}, {4, 6}, {1, 3}], [{8, 5}, {2, 7}, {6}, {1, 4}, {3}], [{8, 5}, {3, 7}, {1, 6}, {2, 4}], [{8, 5}, {3, 7}, {2, 6}, {1, 4}], [{8, 5}, {3, 7}, {4, 6}, {1, 2}], [{8, 5}, {4, 7}, {1, 6}, {2, 3}], [{8, 5}, {4, 7}, {2, 6}, {1, 3}], [{8, 5}, {4, 7}, {3, 6}, {1, 2}], [{8, 5}, {6, 7}, {1, 4}, {2, 3}], [{8, 5}, {6, 7}, {2, 4}, {1, 3}], [{8, 5}, {6, 7}, {3, 4}, {1, 2}], [{8, 5}, {7}, {2, 6}, {3, 4}, {1}], [{8, 5}, {7}, {3, 6}, {2, 4}, {1}], [{8, 6}, {1, 7}, {2, 5}, {3, 4}], [{8, 6}, {1, 7}, {3, 5}, {2, 4}], [{8, 6}, {1, 7}, {4, 5}, {2, 3}], [{8, 6}, {2, 7}, {1, 5}, {3, 4}], [{8, 6}, {2, 7}, {3, 5}, {1, 4}], [{8, 6}, {2, 7}, {4, 5}, {1, 3}], [{8, 6}, {3, 7}, {1, 5}, {2, 4}], [{8, 6}, {3, 7}, {2, 5}, {1, 4}], [{8, 6}, {3, 7}, {4, 5}, {1, 2}], [{8, 6}, {4, 7}, {1, 5}, {2, 3}], [{8, 6}, {4, 7}, {2, 5}, {1, 3}], [{8, 6}, {4, 7}, {3, 5}, {1, 2}], [{8, 6}, {4, 7}, {5}, {1, 3}, {2}], [{8, 6}, {4, 7}, {5}, {2, 3}, {1}], [{8, 6}, {4, 7}, {5}, {3}, {1, 2}], [{8, 6}, {5, 7}, {1, 4}, {2, 3}], [{8, 6}, {5, 7}, {2, 4}, {1, 3}], [{8, 6}, {5, 7}, {3, 4}, {1, 2}], [{8, 6}, {5, 7}, {4}, {1, 3}, {2}], [{8, 6}, {5, 7}, {4}, {2, 3}, {1}], [{8, 6}, {5, 7}, {4}, {3}, {1, 2}], [{8, 6}, {7}, {4, 5}, {1, 3}, {2}], [{8, 6}, {7}, {4, 5}, {2, 3}, {1}], [{8, 6}, {7}, {4, 5}, {3}, {1, 2}], [{8, 7}, {1, 6}, {2, 5}, {3, 4}], [{8, 7}, {1, 6}, {3, 5}, {2, 4}], [{8, 7}, {1, 6}, {4, 5}, {2, 3}], [{8, 7}, {2, 6}, {1, 5}, {3, 4}], [{8, 7}, {2, 6}, {1, 5}, {4}, {3}], [{8, 7}, {2, 6}, {3, 5}, {1, 4}], [{8, 7}, {2, 6}, {4, 5}, {1, 3}], [{8, 7}, {2, 6}, {5}, {3, 4}, {1}], [{8, 7}, {3, 6}, {1, 5}, {2, 4}], [{8, 7}, {3, 6}, {2, 5}, {1, 4}], [{8, 7}, {3, 6}, {2, 5}, {4}, {1}], [{8, 7}, {3, 6}, {4, 5}, {1, 2}], [{8, 7}, {4, 6}, {1, 5}, {2, 3}], [{8, 7}, {4, 6}, {2, 5}, {1, 3}], [{8, 7}, {4, 6}, {3, 5}, {1, 2}], [{8, 7}, {5, 6}, {1, 4}, {2, 3}], [{8, 7}, {5, 6}, {2, 4}, {1, 3}], [{8, 7}, {5, 6}, {3, 4}, {1, 2}], [{8, 7}, {6}, {1, 5}, {3, 4}, {2}], [{8, 7}, {6}, {3, 5}, {1, 4}, {2}], [{8}, {1, 7}, {2, 6}, {5}, {3, 4}], [{8}, {1, 7}, {3, 6}, {2, 5}, {4}], [{8}, {4, 7}, {1, 6}, {5}, {2, 3}], [{8}, {4, 7}, {2, 6}, {5}, {1, 3}], [{8}, {4, 7}, {3, 6}, {5}, {1, 2}], [{8}, {5, 7}, {1, 6}, {4}, {2, 3}], [{8}, {5, 7}, {2, 6}, {1, 4}, {3}], [{8}, {5, 7}, {2, 6}, {3, 4}, {1}], [{8}, {5, 7}, {2, 6}, {4}, {1, 3}], [{8}, {5, 7}, {2, 6}, {4}, {3}, {1}], [{8}, {5, 7}, {3, 6}, {4}, {1, 2}], [{8}, {7}, {1, 6}, {4, 5}, {2, 3}], [{8}, {7}, {2, 6}, {1, 5}, {3, 4}], [{8}, {7}, {2, 6}, {4, 5}, {1, 3}], [{8}, {7}, {3, 6}, {1, 5}, {2, 4}], [{8}, {7}, {3, 6}, {4, 5}, {1, 2}], [{8}, {7}, {5, 6}, {2, 4}, {1, 3}], [{8}, {7}, {5, 6}, {3, 4}, {1, 2}]]",2,4 K_1^3 + 4 K_1^2 K_2 - 2 K_1^2 - 4 K_1 K_2 - 2 K_1 K_3 - K_1 - 2 K_2^2 + K_3 + K_4 + 2,O1O2O3O4U5U3U2O5O6U1O7U4U7O8U6U8,O1O2O3U4U2U1U5O6O7U6O8O4U8O5U7U3,O1O2O3U1U4O5U6O7O6U8O4O8U5U3U2U7,c,"{'O1O2O3O4U5U6O5U7U1O7U4O6O8U3U2U8', 'O1O2O3U4O5U6U7O4U1U5O7O6O8U3U2U8'}",2,"<a href=""/flatknot/8.857874"">8.857874</a>",t^9-38t^7-88t^6+52t^5+218t^4-13t^3-160t^2+4t+24,-2t^2+4t,,
8.857875,O1O2O3O4U5U6O5U7U1O7U8O6O8U2U3U4,4,8z^2+29z+27,-4w^5z^3+4w^4z^3-26w^4z^2+34w^3z^2-34w^3z+63w^2z+27w,False,False,"[[ 0 -1 -1  1  3 -1 -1 -1  1],[ 1  0 -1  0  1  1  3  1  2],[ 1  1  0  1  2  0  1  1  2],[-1  0 -1  0  1 -2 -1 -1  0],[-3 -1 -2 -1  0 -4 -3 -3 -2],[ 1 -1  0  2  4  0 -1  0  1],[ 1 -3 -1  1  3  1  0  0  1],[ 1 -1 -1  1  3  0  0  0  2],[-1 -2 -2  0  2 -1 -1 -2  0]]","[[ 0  3  1  1 -1 -1 -1 -1 -1],[-3  0 -1 -2 -1 -2 -3 -3 -4],[-1  1  0  0  0 -1 -1 -1 -2],[-1  2  0  0 -2 -2 -1 -2 -1],[ 1  1  0  2  0 -1  3  1  1],[ 1  2  1  2  1  0  1  1  0],[ 1  3  1  1 -3 -1  0  0  1],[ 1  3  1  2 -1 -1  0  0  0],[ 1  4  2  1 -1  0 -1  0  0]]",True,"[-3,-1,-1,1,1,1,1,1,1,2,1,2,3,3,4,0,0,1,1,1,2,2,2,1,2,1,1,-3,-1,-1,-1,-1,0,0,-1,0]","[-3,-1,-1,1,1,1,1,1,0,1,0,1,1,2,3,0,1,0,1,0,0,0,1,1,1,2,0,-1,0,-1,0,-1,-1,-1,-3,1]",t^8+80t^6+715t^4+257t^2,"[-1,-1,-1,-1,-1,1,1,3,-3,-1,-1,1,0,2,3,-1,0,1,1,1,1,0,0,1,0,0,1,0,1,1,0,1,2,0,0,1]","[-3,-1,-1,1,1,1,1,1,0,1,0,1,1,2,3,0,1,0,1,0,0,0,1,1,1,2,0,-1,0,-1,0,-1,-1,-1,-3,1]","[-1,-1,-1,-1,-1,1,1,3,-3,-1,0,1,1,1,3,-1,1,1,0,2,1,1,0,1,2,2,0,1,2,3,2,1,4,0,1,2]",c,"[[{8, 1}, {2, 7}, {3, 6}, {4, 5}], [{8, 1}, {2, 7}, {4, 6}, {3, 5}], [{8, 1}, {2, 7}, {5, 6}, {3, 4}], [{8, 1}, {3, 7}, {2, 6}, {4, 5}], [{8, 1}, {3, 7}, {4, 6}, {2, 5}], [{8, 1}, {3, 7}, {5, 6}, {2, 4}], [{8, 1}, {4, 7}, {2, 6}, {3, 5}], [{8, 1}, {4, 7}, {3, 6}, {2, 5}], [{8, 1}, {4, 7}, {5, 6}, {2, 3}], [{8, 1}, {5, 7}, {2, 6}, {3, 4}], [{8, 1}, {5, 7}, {3, 6}, {2, 4}], [{8, 1}, {5, 7}, {4, 6}, {2, 3}], [{8, 1}, {5, 7}, {6}, {2, 4}, {3}], [{8, 1}, {6, 7}, {2, 5}, {3, 4}], [{8, 1}, {6, 7}, {3, 5}, {2, 4}], [{8, 1}, {6, 7}, {4, 5}, {2, 3}], [{8, 1}, {6, 7}, {5}, {2, 4}, {3}], [{8, 1}, {7}, {5, 6}, {2, 4}, {3}], [{8, 2}, {1, 7}, {3, 6}, {4, 5}], [{8, 2}, {1, 7}, {4, 6}, {3, 5}], [{8, 2}, {1, 7}, {5, 6}, {3, 4}], [{8, 2}, {3, 7}, {1, 6}, {4, 5}], [{8, 2}, {3, 7}, {4, 6}, {1, 5}], [{8, 2}, {3, 7}, {5, 6}, {1, 4}], [{8, 2}, {3, 7}, {6}, {4, 5}, {1}], [{8, 2}, {4, 7}, {1, 6}, {3, 5}], [{8, 2}, {4, 7}, {3, 6}, {1, 5}], [{8, 2}, {4, 7}, {5, 6}, {1, 3}], [{8, 2}, {4, 7}, {6}, {1, 5}, {3}], [{8, 2}, {5, 7}, {1, 6}, {3, 4}], [{8, 2}, {5, 7}, {3, 6}, {1, 4}], [{8, 2}, {5, 7}, {4, 6}, {1, 3}], [{8, 2}, {6, 7}, {1, 5}, {3, 4}], [{8, 2}, {6, 7}, {3, 5}, {1, 4}], [{8, 2}, {6, 7}, {4, 5}, {1, 3}], [{8, 2}, {7}, {1, 6}, {4, 5}, {3}], [{8, 2}, {7}, {3, 6}, {1, 5}, {4}], [{8, 2}, {7}, {4, 6}, {3, 5}, {1}], [{8, 3}, {1, 7}, {2, 6}, {4, 5}], [{8, 3}, {1, 7}, {4, 6}, {2, 5}], [{8, 3}, {1, 7}, {5, 6}, {2, 4}], [{8, 3}, {2, 7}, {1, 6}, {4, 5}], [{8, 3}, {2, 7}, {4, 6}, {1, 5}], [{8, 3}, {2, 7}, {5, 6}, {1, 4}], [{8, 3}, {2, 7}, {5, 6}, {4}, {1}], [{8, 3}, {4, 7}, {1, 6}, {2, 5}], [{8, 3}, {4, 7}, {2, 6}, {1, 5}], [{8, 3}, {4, 7}, {5, 6}, {1, 2}], [{8, 3}, {4, 7}, {6}, {1, 5}, {2}], [{8, 3}, {5, 7}, {1, 6}, {2, 4}], [{8, 3}, {5, 7}, {2, 6}, {1, 4}], [{8, 3}, {5, 7}, {4, 6}, {1, 2}], [{8, 3}, {5, 7}, {6}, {2, 4}, {1}], [{8, 3}, {6, 7}, {1, 5}, {2, 4}], [{8, 3}, {6, 7}, {2, 5}, {1, 4}], [{8, 3}, {6, 7}, {4, 5}, {1, 2}], [{8, 3}, {7}, {2, 6}, {1, 5}, {4}], [{8, 3}, {7}, {5, 6}, {1, 4}, {2}], [{8, 4}, {1, 7}, {2, 6}, {3, 5}], [{8, 4}, {1, 7}, {2, 6}, {5}, {3}], [{8, 4}, {1, 7}, {3, 6}, {2, 5}], [{8, 4}, {1, 7}, {5, 6}, {2, 3}], [{8, 4}, {2, 7}, {1, 6}, {3, 5}], [{8, 4}, {2, 7}, {3, 6}, {1, 5}], [{8, 4}, {2, 7}, {5, 6}, {1, 3}], [{8, 4}, {3, 7}, {1, 6}, {2, 5}], [{8, 4}, {3, 7}, {2, 6}, {1, 5}], [{8, 4}, {3, 7}, {5, 6}, {1, 2}], [{8, 4}, {5, 7}, {1, 6}, {2, 3}], [{8, 4}, {5, 7}, {2, 6}, {1, 3}], [{8, 4}, {5, 7}, {3, 6}, {1, 2}], [{8, 4}, {6, 7}, {1, 5}, {2, 3}], [{8, 4}, {6, 7}, {2, 5}, {1, 3}], [{8, 4}, {6, 7}, {3, 5}, {1, 2}], [{8, 5}, {1, 7}, {2, 6}, {3, 4}], [{8, 5}, {1, 7}, {3, 6}, {2, 4}], [{8, 5}, {1, 7}, {4, 6}, {2, 3}], [{8, 5}, {1, 7}, {6}, {2, 4}, {3}], [{8, 5}, {2, 7}, {1, 6}, {3, 4}], [{8, 5}, {2, 7}, {3, 6}, {1, 4}], [{8, 5}, {2, 7}, {4, 6}, {1, 3}], [{8, 5}, {3, 7}, {1, 6}, {2, 4}], [{8, 5}, {3, 7}, {2, 6}, {1, 4}], [{8, 5}, {3, 7}, {4, 6}, {1, 2}], [{8, 5}, {3, 7}, {6}, {2, 4}, {1}], [{8, 5}, {4, 7}, {1, 6}, {2, 3}], [{8, 5}, {4, 7}, {2, 6}, {1, 3}], [{8, 5}, {4, 7}, {3, 6}, {1, 2}], [{8, 5}, {6, 7}, {1, 4}, {2, 3}], [{8, 5}, {6, 7}, {2, 4}, {1, 3}], [{8, 5}, {6, 7}, {2, 4}, {3}, {1}], [{8, 5}, {6, 7}, {3, 4}, {1, 2}], [{8, 5}, {7}, {1, 6}, {2, 4}, {3}], [{8, 5}, {7}, {3, 6}, {2, 4}, {1}], [{8, 5}, {7}, {6}, {1, 4}, {2, 3}], [{8, 5}, {7}, {6}, {2, 4}, {1, 3}], [{8, 5}, {7}, {6}, {2, 4}, {3}, {1}], [{8, 5}, {7}, {6}, {3, 4}, {1, 2}], [{8, 6}, {1, 7}, {2, 5}, {3, 4}], [{8, 6}, {1, 7}, {3, 5}, {2, 4}], [{8, 6}, {1, 7}, {4, 5}, {2, 3}], [{8, 6}, {1, 7}, {5}, {2, 4}, {3}], [{8, 6}, {2, 7}, {1, 5}, {3, 4}], [{8, 6}, {2, 7}, {1, 5}, {4}, {3}], [{8, 6}, {2, 7}, {3, 5}, {1, 4}], [{8, 6}, {2, 7}, {4, 5}, {1, 3}], [{8, 6}, {3, 7}, {1, 5}, {2, 4}], [{8, 6}, {3, 7}, {1, 5}, {4}, {2}], [{8, 6}, {3, 7}, {2, 5}, {1, 4}], [{8, 6}, {3, 7}, {4, 5}, {1, 2}], [{8, 6}, {4, 7}, {1, 5}, {2, 3}], [{8, 6}, {4, 7}, {1, 5}, {3}, {2}], [{8, 6}, {4, 7}, {2, 5}, {1, 3}], [{8, 6}, {4, 7}, {3, 5}, {1, 2}], [{8, 6}, {5, 7}, {1, 4}, {2, 3}], [{8, 6}, {5, 7}, {2, 4}, {1, 3}], [{8, 6}, {5, 7}, {2, 4}, {3}, {1}], [{8, 6}, {5, 7}, {3, 4}, {1, 2}], [{8, 6}, {7}, {1, 5}, {2, 4}, {3}], [{8, 6}, {7}, {1, 5}, {3, 4}, {2}], [{8, 6}, {7}, {1, 5}, {4}, {2, 3}], [{8, 6}, {7}, {1, 5}, {4}, {3}, {2}], [{8, 7}, {1, 6}, {2, 5}, {3, 4}], [{8, 7}, {1, 6}, {2, 5}, {4}, {3}], [{8, 7}, {1, 6}, {3, 5}, {2, 4}], [{8, 7}, {1, 6}, {3, 5}, {4}, {2}], [{8, 7}, {1, 6}, {4, 5}, {2, 3}], [{8, 7}, {1, 6}, {4, 5}, {3}, {2}], [{8, 7}, {1, 6}, {5}, {2, 4}, {3}], [{8, 7}, {1, 6}, {5}, {3, 4}, {2}], [{8, 7}, {1, 6}, {5}, {4}, {2, 3}], [{8, 7}, {1, 6}, {5}, {4}, {3}, {2}], [{8, 7}, {2, 6}, {1, 5}, {3, 4}], [{8, 7}, {2, 6}, {3, 5}, {1, 4}], [{8, 7}, {2, 6}, {3, 5}, {4}, {1}], [{8, 7}, {2, 6}, {4, 5}, {1, 3}], [{8, 7}, {2, 6}, {5}, {1, 4}, {3}], [{8, 7}, {3, 6}, {1, 5}, {2, 4}], [{8, 7}, {3, 6}, {2, 5}, {1, 4}], [{8, 7}, {3, 6}, {4, 5}, {1, 2}], [{8, 7}, {3, 6}, {5}, {2, 4}, {1}], [{8, 7}, {4, 6}, {1, 5}, {2, 3}], [{8, 7}, {4, 6}, {2, 5}, {1, 3}], [{8, 7}, {4, 6}, {3, 5}, {1, 2}], [{8, 7}, {4, 6}, {3, 5}, {2}, {1}], [{8, 7}, {4, 6}, {5}, {3}, {1, 2}], [{8, 7}, {5, 6}, {1, 4}, {2, 3}], [{8, 7}, {5, 6}, {2, 4}, {1, 3}], [{8, 7}, {5, 6}, {2, 4}, {3}, {1}], [{8, 7}, {5, 6}, {3, 4}, {1, 2}], [{8, 7}, {6}, {1, 5}, {2, 4}, {3}], [{8, 7}, {6}, {3, 5}, {1, 4}, {2}], [{8, 7}, {6}, {3, 5}, {2, 4}, {1}], [{8, 7}, {6}, {3, 5}, {4}, {1, 2}], [{8, 7}, {6}, {5}, {2, 4}, {1, 3}], [{8, 7}, {6}, {5}, {2, 4}, {3}, {1}], [{8}, {1, 7}, {5, 6}, {2, 4}, {3}], [{8}, {2, 7}, {1, 6}, {4, 5}, {3}], [{8}, {2, 7}, {4, 6}, {3, 5}, {1}], [{8}, {2, 7}, {5, 6}, {1, 4}, {3}], [{8}, {4, 7}, {2, 6}, {1, 5}, {3}], [{8}, {4, 7}, {3, 6}, {1, 5}, {2}], [{8}, {4, 7}, {6}, {1, 5}, {2, 3}], [{8}, {5, 7}, {1, 6}, {2, 4}, {3}], [{8}, {5, 7}, {2, 6}, {4}, {1, 3}], [{8}, {5, 7}, {3, 6}, {2, 4}, {1}], [{8}, {5, 7}, {4, 6}, {1, 3}, {2}], [{8}, {5, 7}, {6}, {2, 4}, {1, 3}], [{8}, {5, 7}, {6}, {2, 4}, {3}, {1}], [{8}, {6, 7}, {1, 5}, {2, 4}, {3}], [{8}, {7}, {1, 6}, {2, 5}, {3, 4}]]",2,- 8 K_1^4 + 12 K_1^3 + 8 K_1^2 K_2 - 2 K_1^2 - 6 K_1 K_2 - 2 K_1 K_3 - 6 K_1 + 2 K_2 + 3,O1O2O3O4U1U2U3O5O6U5O7U4U7O8U6U8,O1O2O3U4U1U2U3O5O6U5O7O4U7O8U6U8,O1O2O3U4U5O4U6O7O6U8O5O8U1U2U3U7,c,{'O1O2O3O4U5U6O5U7U1O7U8O6O8U2U3U4'},1,"<a href=""/flatknot/8.857875"">8.857875</a>",t^9-74t^7-260t^6+13t^5+766t^4+439t^3-270t^2-64t+12,-t^3+3t,,
8.857876,O1O2O3O4U5U6O5U7U1O7U8O6O8U2U4U3,4,4z^3+42z^2+115z+95,4w^4z^3+42w^3z^2+115w^2z+95w,False,False,"[[ 0 -1 -1  2  2 -1 -1 -1  1],[ 1  0 -1  1  0  1  3  1  2],[ 1  1  0  2  1  0  1  1  2],[-2 -1 -2  0  0 -3 -2 -2 -1],[-2  0 -1  0  0 -3 -2 -2 -1],[ 1 -1  0  3  3  0 -1  0  1],[ 1 -3 -1  2  2  1  0  0  1],[ 1 -1 -1  2  2  0  0  0  2],[-1 -2 -2  1  1 -1 -1 -2  0]]","[[ 0  2  2  1 -1 -1 -1 -1 -1],[-2  0  0 -1  0 -1 -2 -2 -3],[-2  0  0 -1 -1 -2 -2 -2 -3],[-1  1  1  0 -2 -2 -1 -2 -1],[ 1  0  1  2  0 -1  3  1  1],[ 1  1  2  2  1  0  1  1  0],[ 1  2  2  1 -3 -1  0  0  1],[ 1  2  2  2 -1 -1  0  0  0],[ 1  3  3  1 -1  0 -1  0  0]]",True,"[-2,-2,-1,1,1,1,1,1,0,1,0,1,2,2,3,1,1,2,2,2,3,2,2,1,2,1,1,-3,-1,-1,-1,-1,0,0,-1,0]","[-2,-2,-1,1,1,1,1,1,0,0,0,1,1,1,2,0,0,1,1,2,3,1,0,1,0,0,0,-1,0,-1,0,-1,-1,-1,-3,1]",t^8+71t^6+644t^4+308t^2+16,"[-1,-1,-1,-1,-1,1,2,2,-3,-1,-1,1,0,2,3,-1,0,1,1,1,1,0,0,1,0,0,1,0,1,1,0,1,2,0,0,0]","[-2,-2,-1,1,1,1,1,1,0,0,0,1,1,1,2,0,0,1,1,2,3,1,0,1,0,0,0,-1,0,-1,0,-1,-1,-1,-3,1]","[-1,-1,-1,-1,-1,1,2,2,-3,-1,0,1,1,2,2,-1,1,1,2,0,1,1,0,2,1,2,0,2,2,2,1,3,3,1,1,0]",c,"[[{8, 1}, {2, 7}, {3, 6}, {4, 5}], [{8, 1}, {2, 7}, {4, 6}, {3, 5}], [{8, 1}, {2, 7}, {5, 6}, {3, 4}], [{8, 1}, {3, 7}, {2, 6}, {4, 5}], [{8, 1}, {3, 7}, {4, 6}, {2, 5}], [{8, 1}, {3, 7}, {5, 6}, {2, 4}], [{8, 1}, {4, 7}, {2, 6}, {3, 5}], [{8, 1}, {4, 7}, {3, 6}, {2, 5}], [{8, 1}, {4, 7}, {5, 6}, {2, 3}], [{8, 1}, {4, 7}, {6}, {5}, {2, 3}], [{8, 1}, {5, 7}, {2, 6}, {3, 4}], [{8, 1}, {5, 7}, {2, 6}, {4}, {3}], [{8, 1}, {5, 7}, {3, 6}, {2, 4}], [{8, 1}, {5, 7}, {4, 6}, {2, 3}], [{8, 1}, {6, 7}, {2, 5}, {3, 4}], [{8, 1}, {6, 7}, {3, 5}, {2, 4}], [{8, 1}, {6, 7}, {4, 5}, {2, 3}], [{8, 1}, {7}, {3, 6}, {4, 5}, {2}], [{8, 2}, {1, 7}, {3, 6}, {4, 5}], [{8, 2}, {1, 7}, {4, 6}, {3, 5}], [{8, 2}, {1, 7}, {5, 6}, {3, 4}], [{8, 2}, {1, 7}, {5, 6}, {4}, {3}], [{8, 2}, {3, 7}, {1, 6}, {4, 5}], [{8, 2}, {3, 7}, {4, 6}, {1, 5}], [{8, 2}, {3, 7}, {5, 6}, {1, 4}], [{8, 2}, {3, 7}, {6}, {1, 5}, {4}], [{8, 2}, {4, 7}, {1, 6}, {3, 5}], [{8, 2}, {4, 7}, {3, 6}, {1, 5}], [{8, 2}, {4, 7}, {5, 6}, {1, 3}], [{8, 2}, {4, 7}, {5, 6}, {3}, {1}], [{8, 2}, {4, 7}, {6}, {5}, {1, 3}], [{8, 2}, {5, 7}, {1, 6}, {3, 4}], [{8, 2}, {5, 7}, {1, 6}, {4}, {3}], [{8, 2}, {5, 7}, {3, 6}, {1, 4}], [{8, 2}, {5, 7}, {4, 6}, {1, 3}], [{8, 2}, {6, 7}, {1, 5}, {3, 4}], [{8, 2}, {6, 7}, {3, 5}, {1, 4}], [{8, 2}, {6, 7}, {4, 5}, {1, 3}], [{8, 2}, {7}, {3, 6}, {4, 5}, {1}], [{8, 2}, {7}, {4, 6}, {1, 5}, {3}], [{8, 2}, {7}, {5, 6}, {1, 4}, {3}], [{8, 3}, {1, 7}, {2, 6}, {4, 5}], [{8, 3}, {1, 7}, {2, 6}, {5}, {4}], [{8, 3}, {1, 7}, {4, 6}, {2, 5}], [{8, 3}, {1, 7}, {4, 6}, {5}, {2}], [{8, 3}, {1, 7}, {5, 6}, {2, 4}], [{8, 3}, {1, 7}, {6}, {5}, {2, 4}], [{8, 3}, {2, 7}, {1, 6}, {4, 5}], [{8, 3}, {2, 7}, {4, 6}, {1, 5}], [{8, 3}, {2, 7}, {4, 6}, {5}, {1}], [{8, 3}, {2, 7}, {5, 6}, {1, 4}], [{8, 3}, {4, 7}, {1, 6}, {2, 5}], [{8, 3}, {4, 7}, {2, 6}, {1, 5}], [{8, 3}, {4, 7}, {5, 6}, {1, 2}], [{8, 3}, {5, 7}, {1, 6}, {2, 4}], [{8, 3}, {5, 7}, {1, 6}, {4}, {2}], [{8, 3}, {5, 7}, {2, 6}, {1, 4}], [{8, 3}, {5, 7}, {4, 6}, {1, 2}], [{8, 3}, {6, 7}, {1, 5}, {2, 4}], [{8, 3}, {6, 7}, {2, 5}, {1, 4}], [{8, 3}, {6, 7}, {4, 5}, {1, 2}], [{8, 3}, {6, 7}, {5}, {1, 4}, {2}], [{8, 3}, {7}, {4, 6}, {5}, {1, 2}], [{8, 4}, {1, 7}, {2, 6}, {3, 5}], [{8, 4}, {1, 7}, {3, 6}, {2, 5}], [{8, 4}, {1, 7}, {5, 6}, {2, 3}], [{8, 4}, {2, 7}, {1, 6}, {3, 5}], [{8, 4}, {2, 7}, {3, 6}, {1, 5}], [{8, 4}, {2, 7}, {5, 6}, {1, 3}], [{8, 4}, {3, 7}, {1, 6}, {2, 5}], [{8, 4}, {3, 7}, {2, 6}, {1, 5}], [{8, 4}, {3, 7}, {5, 6}, {1, 2}], [{8, 4}, {5, 7}, {1, 6}, {2, 3}], [{8, 4}, {5, 7}, {2, 6}, {1, 3}], [{8, 4}, {5, 7}, {2, 6}, {3}, {1}], [{8, 4}, {5, 7}, {3, 6}, {1, 2}], [{8, 4}, {5, 7}, {3, 6}, {2}, {1}], [{8, 4}, {5, 7}, {6}, {2, 3}, {1}], [{8, 4}, {6, 7}, {1, 5}, {2, 3}], [{8, 4}, {6, 7}, {2, 5}, {1, 3}], [{8, 4}, {6, 7}, {3, 5}, {1, 2}], [{8, 4}, {7}, {3, 6}, {5}, {1, 2}], [{8, 5}, {1, 7}, {2, 6}, {3, 4}], [{8, 5}, {1, 7}, {3, 6}, {2, 4}], [{8, 5}, {1, 7}, {4, 6}, {2, 3}], [{8, 5}, {1, 7}, {4, 6}, {3}, {2}], [{8, 5}, {2, 7}, {1, 6}, {3, 4}], [{8, 5}, {2, 7}, {3, 6}, {1, 4}], [{8, 5}, {2, 7}, {4, 6}, {1, 3}], [{8, 5}, {2, 7}, {4, 6}, {3}, {1}], [{8, 5}, {3, 7}, {1, 6}, {2, 4}], [{8, 5}, {3, 7}, {2, 6}, {1, 4}], [{8, 5}, {3, 7}, {4, 6}, {1, 2}], [{8, 5}, {3, 7}, {6}, {4}, {1, 2}], [{8, 5}, {4, 7}, {1, 6}, {2, 3}], [{8, 5}, {4, 7}, {1, 6}, {3}, {2}], [{8, 5}, {4, 7}, {2, 6}, {1, 3}], [{8, 5}, {4, 7}, {2, 6}, {3}, {1}], [{8, 5}, {4, 7}, {3, 6}, {1, 2}], [{8, 5}, {4, 7}, {6}, {3}, {1, 2}], [{8, 5}, {6, 7}, {1, 4}, {2, 3}], [{8, 5}, {6, 7}, {2, 4}, {1, 3}], [{8, 5}, {6, 7}, {3, 4}, {1, 2}], [{8, 5}, {6, 7}, {4}, {3}, {1, 2}], [{8, 5}, {7}, {3, 6}, {4}, {1, 2}], [{8, 5}, {7}, {4, 6}, {3}, {1, 2}], [{8, 5}, {7}, {6}, {1, 4}, {2, 3}], [{8, 5}, {7}, {6}, {2, 4}, {1, 3}], [{8, 5}, {7}, {6}, {3, 4}, {1, 2}], [{8, 5}, {7}, {6}, {4}, {3}, {1, 2}], [{8, 6}, {1, 7}, {2, 5}, {3, 4}], [{8, 6}, {1, 7}, {3, 5}, {2, 4}], [{8, 6}, {1, 7}, {4, 5}, {2, 3}], [{8, 6}, {1, 7}, {4, 5}, {3}, {2}], [{8, 6}, {2, 7}, {1, 5}, {3, 4}], [{8, 6}, {2, 7}, {1, 5}, {4}, {3}], [{8, 6}, {2, 7}, {3, 5}, {1, 4}], [{8, 6}, {2, 7}, {4, 5}, {1, 3}], [{8, 6}, {3, 7}, {1, 5}, {2, 4}], [{8, 6}, {3, 7}, {2, 5}, {1, 4}], [{8, 6}, {3, 7}, {4, 5}, {1, 2}], [{8, 6}, {4, 7}, {1, 5}, {2, 3}], [{8, 6}, {4, 7}, {2, 5}, {1, 3}], [{8, 6}, {4, 7}, {3, 5}, {1, 2}], [{8, 6}, {4, 7}, {3, 5}, {2}, {1}], [{8, 6}, {5, 7}, {1, 4}, {2, 3}], [{8, 6}, {5, 7}, {2, 4}, {1, 3}], [{8, 6}, {5, 7}, {3, 4}, {1, 2}], [{8, 6}, {7}, {1, 5}, {3, 4}, {2}], [{8, 6}, {7}, {5}, {2, 4}, {1, 3}], [{8, 7}, {1, 6}, {2, 5}, {3, 4}], [{8, 7}, {1, 6}, {2, 5}, {4}, {3}], [{8, 7}, {1, 6}, {3, 5}, {2, 4}], [{8, 7}, {1, 6}, {4, 5}, {2, 3}], [{8, 7}, {1, 6}, {5}, {3, 4}, {2}], [{8, 7}, {2, 6}, {1, 5}, {3, 4}], [{8, 7}, {2, 6}, {1, 5}, {4}, {3}], [{8, 7}, {2, 6}, {3, 5}, {1, 4}], [{8, 7}, {2, 6}, {3, 5}, {4}, {1}], [{8, 7}, {2, 6}, {4, 5}, {1, 3}], [{8, 7}, {2, 6}, {5}, {4}, {1, 3}], [{8, 7}, {3, 6}, {1, 5}, {2, 4}], [{8, 7}, {3, 6}, {2, 5}, {1, 4}], [{8, 7}, {3, 6}, {4, 5}, {1, 2}], [{8, 7}, {3, 6}, {5}, {2, 4}, {1}], [{8, 7}, {4, 6}, {1, 5}, {2, 3}], [{8, 7}, {4, 6}, {2, 5}, {1, 3}], [{8, 7}, {4, 6}, {3, 5}, {1, 2}], [{8, 7}, {5, 6}, {1, 4}, {2, 3}], [{8, 7}, {5, 6}, {2, 4}, {1, 3}], [{8, 7}, {5, 6}, {3, 4}, {1, 2}], [{8, 7}, {6}, {4, 5}, {1, 3}, {2}], [{8}, {1, 7}, {4, 6}, {3, 5}, {2}], [{8}, {2, 7}, {1, 6}, {3, 5}, {4}], [{8}, {2, 7}, {4, 6}, {3, 5}, {1}], [{8}, {2, 7}, {5, 6}, {4}, {1, 3}], [{8}, {2, 7}, {6}, {3, 5}, {1, 4}], [{8}, {4, 7}, {3, 6}, {1, 5}, {2}], [{8}, {4, 7}, {5, 6}, {1, 3}, {2}], [{8}, {5, 7}, {1, 6}, {4}, {2, 3}], [{8}, {5, 7}, {2, 6}, {1, 4}, {3}], [{8}, {5, 7}, {4, 6}, {1, 3}, {2}], [{8}, {7}, {1, 6}, {2, 5}, {3, 4}], [{8}, {7}, {3, 6}, {4, 5}, {1, 2}], [{8}, {7}, {4, 6}, {3, 5}, {1, 2}], [{8}, {7}, {5, 6}, {2, 4}, {1, 3}]]",2,4 K_1^3 - 8 K_1 K_2 + K_1 + 3 K_3 + 1,O1O2O3O4U2U1U3O5O6U5O7U4U7O8U6U8,O1O2O3U4U1U3U2O5O6U5O7O4U7O8U6U8,O1O2O3U4U5O4U6O7O6U8O5O8U2U1U3U7,c,{'O1O2O3O4U5U6O5U7U1O7U8O6O8U2U4U3'},1,"<a href=""/flatknot/8.857876"">8.857876</a>",t^9-67t^7-196t^6+118t^5+492t^4-79t^3-142t^2+189t-18,-2t^2+4t,,
8.857877,O1O2O3O4U5U6O5U7U1O7U8O6O8U3U2U4,4,4z^3+42z^2+115z+95,4w^4z^3+42w^3z^2+115w^2z+95w,False,False,"[[ 0 -1  0  0  3 -1 -1 -1  1],[ 1  0  0 -1  1  1  3  1  2],[ 0  0  0  0  2 -1  0  0  1],[ 0  1  0  0  1 -1  0  0  1],[-3 -1 -2 -1  0 -4 -3 -3 -2],[ 1 -1  1  1  4  0 -1  0  1],[ 1 -3  0  0  3  1  0  0  1],[ 1 -1  0  0  3  0  0  0  2],[-1 -2 -1 -1  2 -1 -1 -2  0]]","[[ 0  3  1  0  0 -1 -1 -1 -1],[-3  0 -2 -1 -2 -1 -3 -3 -4],[-1  2  0 -1 -1 -2 -1 -2 -1],[ 0  1  1  0  0  1  0  0 -1],[ 0  2  1  0  0  0  0  0 -1],[ 1  1  2 -1  0  0  3  1  1],[ 1  3  1  0  0 -3  0  0  1],[ 1  3  2  0  0 -1  0  0  0],[ 1  4  1  1  1 -1 -1  0  0]]",True,"[-3,-1,0,0,1,1,1,1,2,1,2,1,3,3,4,1,1,2,1,2,1,0,-1,0,0,1,0,0,0,1,-3,-1,-1,0,-1,0]","[-3,-1,0,0,1,1,1,1,0,1,2,0,1,1,3,0,0,1,0,1,0,0,0,1,1,1,0,1,1,2,0,-1,-1,0,-1,-3]",t^8+71t^6+619t^4+265t^2,"[-1,-1,-1,-1,0,0,1,3,-3,-1,-1,1,2,0,3,-1,0,1,1,1,1,0,0,0,1,0,1,1,0,1,0,0,1,0,2,0]","[-3,-1,0,0,1,1,1,1,0,1,2,0,1,1,3,0,0,1,0,1,0,0,0,1,1,1,0,1,1,2,0,-1,-1,0,-1,-3]","[-1,-1,-1,-1,0,0,1,3,-3,0,1,0,0,1,3,1,1,-1,0,2,1,0,0,0,2,3,1,1,1,4,0,1,1,1,2,2]",c,"[[{8, 1}, {2, 7}, {3, 6}, {4, 5}], [{8, 1}, {2, 7}, {4, 6}, {3, 5}], [{8, 1}, {2, 7}, {5, 6}, {3, 4}], [{8, 1}, {2, 7}, {6}, {4, 5}, {3}], [{8, 1}, {3, 7}, {2, 6}, {4, 5}], [{8, 1}, {3, 7}, {4, 6}, {2, 5}], [{8, 1}, {3, 7}, {5, 6}, {2, 4}], [{8, 1}, {4, 7}, {2, 6}, {3, 5}], [{8, 1}, {4, 7}, {3, 6}, {2, 5}], [{8, 1}, {4, 7}, {5, 6}, {2, 3}], [{8, 1}, {5, 7}, {2, 6}, {3, 4}], [{8, 1}, {5, 7}, {3, 6}, {2, 4}], [{8, 1}, {5, 7}, {3, 6}, {4}, {2}], [{8, 1}, {5, 7}, {4, 6}, {2, 3}], [{8, 1}, {6, 7}, {2, 5}, {3, 4}], [{8, 1}, {6, 7}, {3, 5}, {2, 4}], [{8, 1}, {6, 7}, {3, 5}, {4}, {2}], [{8, 1}, {6, 7}, {4, 5}, {2, 3}], [{8, 2}, {1, 7}, {3, 6}, {4, 5}], [{8, 2}, {1, 7}, {4, 6}, {3, 5}], [{8, 2}, {1, 7}, {5, 6}, {3, 4}], [{8, 2}, {3, 7}, {1, 6}, {4, 5}], [{8, 2}, {3, 7}, {4, 6}, {1, 5}], [{8, 2}, {3, 7}, {5, 6}, {1, 4}], [{8, 2}, {3, 7}, {6}, {4, 5}, {1}], [{8, 2}, {4, 7}, {1, 6}, {3, 5}], [{8, 2}, {4, 7}, {3, 6}, {1, 5}], [{8, 2}, {4, 7}, {5, 6}, {1, 3}], [{8, 2}, {4, 7}, {6}, {1, 5}, {3}], [{8, 2}, {5, 7}, {1, 6}, {3, 4}], [{8, 2}, {5, 7}, {3, 6}, {1, 4}], [{8, 2}, {5, 7}, {4, 6}, {1, 3}], [{8, 2}, {6, 7}, {1, 5}, {3, 4}], [{8, 2}, {6, 7}, {3, 5}, {1, 4}], [{8, 2}, {6, 7}, {4, 5}, {1, 3}], [{8, 2}, {6, 7}, {4, 5}, {3}, {1}], [{8, 2}, {7}, {1, 6}, {5}, {3, 4}], [{8, 2}, {7}, {3, 6}, {1, 5}, {4}], [{8, 2}, {7}, {3, 6}, {4, 5}, {1}], [{8, 2}, {7}, {3, 6}, {5}, {1, 4}], [{8, 2}, {7}, {4, 6}, {3, 5}, {1}], [{8, 3}, {1, 7}, {2, 6}, {4, 5}], [{8, 3}, {1, 7}, {4, 6}, {2, 5}], [{8, 3}, {1, 7}, {5, 6}, {2, 4}], [{8, 3}, {2, 7}, {1, 6}, {4, 5}], [{8, 3}, {2, 7}, {4, 6}, {1, 5}], [{8, 3}, {2, 7}, {5, 6}, {1, 4}], [{8, 3}, {4, 7}, {1, 6}, {2, 5}], [{8, 3}, {4, 7}, {2, 6}, {1, 5}], [{8, 3}, {4, 7}, {5, 6}, {1, 2}], [{8, 3}, {4, 7}, {6}, {1, 5}, {2}], [{8, 3}, {5, 7}, {1, 6}, {2, 4}], [{8, 3}, {5, 7}, {2, 6}, {1, 4}], [{8, 3}, {5, 7}, {4, 6}, {1, 2}], [{8, 3}, {5, 7}, {6}, {2, 4}, {1}], [{8, 3}, {6, 7}, {1, 5}, {2, 4}], [{8, 3}, {6, 7}, {2, 5}, {1, 4}], [{8, 3}, {6, 7}, {4, 5}, {1, 2}], [{8, 3}, {7}, {2, 6}, {1, 5}, {4}], [{8, 3}, {7}, {2, 6}, {4, 5}, {1}], [{8, 3}, {7}, {2, 6}, {5}, {1, 4}], [{8, 4}, {1, 7}, {2, 6}, {3, 5}], [{8, 4}, {1, 7}, {2, 6}, {5}, {3}], [{8, 4}, {1, 7}, {3, 6}, {2, 5}], [{8, 4}, {1, 7}, {5, 6}, {2, 3}], [{8, 4}, {2, 7}, {1, 6}, {3, 5}], [{8, 4}, {2, 7}, {3, 6}, {1, 5}], [{8, 4}, {2, 7}, {5, 6}, {1, 3}], [{8, 4}, {2, 7}, {6}, {1, 5}, {3}], [{8, 4}, {3, 7}, {1, 6}, {2, 5}], [{8, 4}, {3, 7}, {2, 6}, {1, 5}], [{8, 4}, {3, 7}, {5, 6}, {1, 2}], [{8, 4}, {5, 7}, {1, 6}, {2, 3}], [{8, 4}, {5, 7}, {2, 6}, {1, 3}], [{8, 4}, {5, 7}, {3, 6}, {1, 2}], [{8, 4}, {5, 7}, {6}, {3}, {1, 2}], [{8, 4}, {6, 7}, {1, 5}, {2, 3}], [{8, 4}, {6, 7}, {2, 5}, {1, 3}], [{8, 4}, {6, 7}, {3, 5}, {1, 2}], [{8, 5}, {1, 7}, {2, 6}, {3, 4}], [{8, 5}, {1, 7}, {3, 6}, {2, 4}], [{8, 5}, {1, 7}, {4, 6}, {2, 3}], [{8, 5}, {1, 7}, {4, 6}, {3}, {2}], [{8, 5}, {2, 7}, {1, 6}, {3, 4}], [{8, 5}, {2, 7}, {3, 6}, {1, 4}], [{8, 5}, {2, 7}, {4, 6}, {1, 3}], [{8, 5}, {2, 7}, {6}, {1, 4}, {3}], [{8, 5}, {3, 7}, {1, 6}, {2, 4}], [{8, 5}, {3, 7}, {2, 6}, {1, 4}], [{8, 5}, {3, 7}, {4, 6}, {1, 2}], [{8, 5}, {3, 7}, {6}, {1, 4}, {2}], [{8, 5}, {4, 7}, {1, 6}, {2, 3}], [{8, 5}, {4, 7}, {1, 6}, {3}, {2}], [{8, 5}, {4, 7}, {2, 6}, {1, 3}], [{8, 5}, {4, 7}, {3, 6}, {1, 2}], [{8, 5}, {6, 7}, {1, 4}, {2, 3}], [{8, 5}, {6, 7}, {1, 4}, {3}, {2}], [{8, 5}, {6, 7}, {2, 4}, {1, 3}], [{8, 5}, {6, 7}, {3, 4}, {1, 2}], [{8, 5}, {7}, {2, 6}, {1, 4}, {3}], [{8, 5}, {7}, {3, 6}, {1, 4}, {2}], [{8, 5}, {7}, {6}, {1, 4}, {2, 3}], [{8, 5}, {7}, {6}, {1, 4}, {3}, {2}], [{8, 5}, {7}, {6}, {2, 4}, {1, 3}], [{8, 5}, {7}, {6}, {3, 4}, {1, 2}], [{8, 6}, {1, 7}, {2, 5}, {3, 4}], [{8, 6}, {1, 7}, {3, 5}, {2, 4}], [{8, 6}, {1, 7}, {4, 5}, {2, 3}], [{8, 6}, {1, 7}, {4, 5}, {3}, {2}], [{8, 6}, {2, 7}, {1, 5}, {3, 4}], [{8, 6}, {2, 7}, {3, 5}, {1, 4}], [{8, 6}, {2, 7}, {4, 5}, {1, 3}], [{8, 6}, {3, 7}, {1, 5}, {2, 4}], [{8, 6}, {3, 7}, {2, 5}, {1, 4}], [{8, 6}, {3, 7}, {4, 5}, {1, 2}], [{8, 6}, {4, 7}, {1, 5}, {2, 3}], [{8, 6}, {4, 7}, {1, 5}, {3}, {2}], [{8, 6}, {4, 7}, {2, 5}, {1, 3}], [{8, 6}, {4, 7}, {2, 5}, {3}, {1}], [{8, 6}, {4, 7}, {3, 5}, {1, 2}], [{8, 6}, {4, 7}, {5}, {3}, {1, 2}], [{8, 6}, {5, 7}, {1, 4}, {2, 3}], [{8, 6}, {5, 7}, {1, 4}, {3}, {2}], [{8, 6}, {5, 7}, {2, 4}, {1, 3}], [{8, 6}, {5, 7}, {3, 4}, {1, 2}], [{8, 6}, {7}, {1, 5}, {4}, {2, 3}], [{8, 7}, {1, 6}, {2, 5}, {3, 4}], [{8, 7}, {1, 6}, {3, 5}, {2, 4}], [{8, 7}, {1, 6}, {4, 5}, {2, 3}], [{8, 7}, {1, 6}, {4, 5}, {3}, {2}], [{8, 7}, {1, 6}, {5}, {4}, {2, 3}], [{8, 7}, {2, 6}, {1, 5}, {3, 4}], [{8, 7}, {2, 6}, {3, 5}, {1, 4}], [{8, 7}, {2, 6}, {4, 5}, {1, 3}], [{8, 7}, {2, 6}, {5}, {3, 4}, {1}], [{8, 7}, {3, 6}, {1, 5}, {2, 4}], [{8, 7}, {3, 6}, {2, 5}, {1, 4}], [{8, 7}, {3, 6}, {4, 5}, {1, 2}], [{8, 7}, {4, 6}, {1, 5}, {2, 3}], [{8, 7}, {4, 6}, {1, 5}, {3}, {2}], [{8, 7}, {4, 6}, {2, 5}, {1, 3}], [{8, 7}, {4, 6}, {3, 5}, {1, 2}], [{8, 7}, {4, 6}, {3, 5}, {2}, {1}], [{8, 7}, {4, 6}, {5}, {1, 3}, {2}], [{8, 7}, {5, 6}, {1, 4}, {2, 3}], [{8, 7}, {5, 6}, {1, 4}, {3}, {2}], [{8, 7}, {5, 6}, {2, 4}, {1, 3}], [{8, 7}, {5, 6}, {3, 4}, {1, 2}], [{8, 7}, {6}, {2, 5}, {4}, {1, 3}], [{8}, {2, 7}, {4, 6}, {3, 5}, {1}], [{8}, {3, 7}, {1, 6}, {5}, {2, 4}], [{8}, {4, 7}, {2, 6}, {1, 5}, {3}], [{8}, {4, 7}, {3, 6}, {1, 5}, {2}], [{8}, {4, 7}, {6}, {1, 5}, {2, 3}], [{8}, {5, 7}, {1, 6}, {2, 4}, {3}], [{8}, {6, 7}, {1, 5}, {3, 4}, {2}], [{8}, {7}, {1, 6}, {3, 5}, {2, 4}], [{8}, {7}, {2, 6}, {3, 5}, {1, 4}], [{8}, {7}, {3, 6}, {2, 5}, {1, 4}]]",2,4 K_1^3 + 4 K_1^2 K_2 - 2 K_1^2 - 6 K_1 K_2 - 2 K_1 K_3 - 2 K_2^2 + 2 K_3 + K_4 + 2,O1O2O3O4U1U3U2O5O6U5O7U4U7O8U6U8,O1O2O3U4U2U1U3O5O6U5O7O4U7O8U6U8,O1O2O3U4U5O4U6O7O6U8O5O8U1U3U2U7,c,{'O1O2O3O4U5U6O5U7U1O7U8O6O8U3U2U4'},1,"<a href=""/flatknot/8.857877"">8.857877</a>",t^9-65t^7-196t^6+97t^5+592t^4+14t^3-308t^2-53t+40,-t^3+3t,,
8.857878,O1O2O3O4U5U6O5U7U1O7U8O6O8U3U4U2,4,8z^3+53z^2+114z+81,8w^4z^3+53w^3z^2+114w^2z+81w,False,False,"[[ 0 -1  1  0  2 -1 -1 -1  1],[ 1  0  1 -1  0  1  3  1  2],[-1 -1  0 -1  1 -2 -1 -1  0],[ 0  1  1  0  1 -1  0  0  1],[-2  0 -1 -1  0 -3 -2 -2 -1],[ 1 -1  2  1  3  0 -1  0  1],[ 1 -3  1  0  2  1  0  0  1],[ 1 -1  1  0  2  0  0  0  2],[-1 -2  0 -1  1 -1 -1 -2  0]]","[[ 0  2  1  1  0 -1 -1 -1 -1],[-2  0 -1 -1 -1  0 -2 -2 -3],[-1  1  0  0 -1 -1 -1 -1 -2],[-1  1  0  0 -1 -2 -1 -2 -1],[ 0  1  1  1  0  1  0  0 -1],[ 1  0  1  2 -1  0  3  1  1],[ 1  2  1  1  0 -3  0  0  1],[ 1  2  1  2  0 -1  0  0  0],[ 1  3  2  1  1 -1 -1  0  0]]",True,"[-2,-1,-1,0,1,1,1,1,1,1,1,0,2,2,3,0,1,1,1,1,2,1,2,1,2,1,-1,0,0,1,-3,-1,-1,0,-1,0]","[-2,-1,-1,0,1,1,1,1,0,0,1,0,1,1,3,0,0,0,1,1,1,0,1,0,1,0,0,1,1,2,0,-1,-1,0,-1,-3]",t^8+53t^6+439t^4+226t^2+1,"[-1,-1,-1,-1,0,1,1,2,-3,-1,-1,2,0,1,3,-1,0,1,1,1,1,0,0,1,0,0,1,0,1,1,0,0,1,0,0,0]","[-2,-1,-1,0,1,1,1,1,0,0,1,0,1,1,3,0,0,0,1,1,1,0,1,0,1,0,0,1,1,2,0,-1,-1,0,-1,-3]","[-1,-1,-1,-1,0,1,1,2,-3,0,1,0,1,1,2,1,1,-1,1,2,0,0,0,1,2,2,1,2,1,3,1,1,1,0,1,1]",c,"[[{8, 1}, {2, 7}, {3, 6}, {4, 5}], [{8, 1}, {2, 7}, {3, 6}, {5}, {4}], [{8, 1}, {2, 7}, {4, 6}, {3, 5}], [{8, 1}, {2, 7}, {5, 6}, {3, 4}], [{8, 1}, {3, 7}, {2, 6}, {4, 5}], [{8, 1}, {3, 7}, {4, 6}, {2, 5}], [{8, 1}, {3, 7}, {5, 6}, {2, 4}], [{8, 1}, {4, 7}, {2, 6}, {3, 5}], [{8, 1}, {4, 7}, {3, 6}, {2, 5}], [{8, 1}, {4, 7}, {3, 6}, {5}, {2}], [{8, 1}, {4, 7}, {5, 6}, {2, 3}], [{8, 1}, {5, 7}, {2, 6}, {3, 4}], [{8, 1}, {5, 7}, {3, 6}, {2, 4}], [{8, 1}, {5, 7}, {3, 6}, {4}, {2}], [{8, 1}, {5, 7}, {4, 6}, {2, 3}], [{8, 1}, {5, 7}, {4, 6}, {3}, {2}], [{8, 1}, {5, 7}, {6}, {3, 4}, {2}], [{8, 1}, {6, 7}, {2, 5}, {3, 4}], [{8, 1}, {6, 7}, {3, 5}, {2, 4}], [{8, 1}, {6, 7}, {4, 5}, {2, 3}], [{8, 1}, {7}, {3, 6}, {2, 5}, {4}], [{8, 1}, {7}, {3, 6}, {4, 5}, {2}], [{8, 1}, {7}, {3, 6}, {5}, {2, 4}], [{8, 1}, {7}, {3, 6}, {5}, {4}, {2}], [{8, 2}, {1, 7}, {3, 6}, {4, 5}], [{8, 2}, {1, 7}, {3, 6}, {5}, {4}], [{8, 2}, {1, 7}, {4, 6}, {3, 5}], [{8, 2}, {1, 7}, {5, 6}, {3, 4}], [{8, 2}, {3, 7}, {1, 6}, {4, 5}], [{8, 2}, {3, 7}, {4, 6}, {1, 5}], [{8, 2}, {3, 7}, {5, 6}, {1, 4}], [{8, 2}, {3, 7}, {6}, {5}, {1, 4}], [{8, 2}, {4, 7}, {1, 6}, {3, 5}], [{8, 2}, {4, 7}, {3, 6}, {1, 5}], [{8, 2}, {4, 7}, {5, 6}, {1, 3}], [{8, 2}, {5, 7}, {1, 6}, {3, 4}], [{8, 2}, {5, 7}, {3, 6}, {1, 4}], [{8, 2}, {5, 7}, {4, 6}, {1, 3}], [{8, 2}, {5, 7}, {6}, {3, 4}, {1}], [{8, 2}, {6, 7}, {1, 5}, {3, 4}], [{8, 2}, {6, 7}, {1, 5}, {4}, {3}], [{8, 2}, {6, 7}, {3, 5}, {1, 4}], [{8, 2}, {6, 7}, {4, 5}, {1, 3}], [{8, 3}, {1, 7}, {2, 6}, {4, 5}], [{8, 3}, {1, 7}, {4, 6}, {2, 5}], [{8, 3}, {1, 7}, {5, 6}, {2, 4}], [{8, 3}, {2, 7}, {1, 6}, {4, 5}], [{8, 3}, {2, 7}, {4, 6}, {1, 5}], [{8, 3}, {2, 7}, {5, 6}, {1, 4}], [{8, 3}, {2, 7}, {5, 6}, {4}, {1}], [{8, 3}, {4, 7}, {1, 6}, {2, 5}], [{8, 3}, {4, 7}, {2, 6}, {1, 5}], [{8, 3}, {4, 7}, {5, 6}, {1, 2}], [{8, 3}, {5, 7}, {1, 6}, {2, 4}], [{8, 3}, {5, 7}, {2, 6}, {1, 4}], [{8, 3}, {5, 7}, {4, 6}, {1, 2}], [{8, 3}, {6, 7}, {1, 5}, {2, 4}], [{8, 3}, {6, 7}, {1, 5}, {4}, {2}], [{8, 3}, {6, 7}, {2, 5}, {1, 4}], [{8, 3}, {6, 7}, {4, 5}, {1, 2}], [{8, 3}, {7}, {1, 6}, {4, 5}, {2}], [{8, 3}, {7}, {2, 6}, {4, 5}, {1}], [{8, 3}, {7}, {5, 6}, {1, 4}, {2}], [{8, 3}, {7}, {6}, {4, 5}, {1, 2}], [{8, 4}, {1, 7}, {2, 6}, {3, 5}], [{8, 4}, {1, 7}, {3, 6}, {2, 5}], [{8, 4}, {1, 7}, {3, 6}, {5}, {2}], [{8, 4}, {1, 7}, {5, 6}, {2, 3}], [{8, 4}, {2, 7}, {1, 6}, {3, 5}], [{8, 4}, {2, 7}, {3, 6}, {1, 5}], [{8, 4}, {2, 7}, {5, 6}, {1, 3}], [{8, 4}, {3, 7}, {1, 6}, {2, 5}], [{8, 4}, {3, 7}, {2, 6}, {1, 5}], [{8, 4}, {3, 7}, {5, 6}, {1, 2}], [{8, 4}, {5, 7}, {1, 6}, {2, 3}], [{8, 4}, {5, 7}, {2, 6}, {1, 3}], [{8, 4}, {5, 7}, {3, 6}, {1, 2}], [{8, 4}, {6, 7}, {1, 5}, {2, 3}], [{8, 4}, {6, 7}, {2, 5}, {1, 3}], [{8, 4}, {6, 7}, {3, 5}, {1, 2}], [{8, 4}, {6, 7}, {5}, {3}, {1, 2}], [{8, 5}, {1, 7}, {2, 6}, {3, 4}], [{8, 5}, {1, 7}, {3, 6}, {2, 4}], [{8, 5}, {1, 7}, {3, 6}, {4}, {2}], [{8, 5}, {1, 7}, {4, 6}, {2, 3}], [{8, 5}, {1, 7}, {4, 6}, {3}, {2}], [{8, 5}, {1, 7}, {6}, {3, 4}, {2}], [{8, 5}, {2, 7}, {1, 6}, {3, 4}], [{8, 5}, {2, 7}, {3, 6}, {1, 4}], [{8, 5}, {2, 7}, {4, 6}, {1, 3}], [{8, 5}, {2, 7}, {6}, {3, 4}, {1}], [{8, 5}, {3, 7}, {1, 6}, {2, 4}], [{8, 5}, {3, 7}, {1, 6}, {4}, {2}], [{8, 5}, {3, 7}, {2, 6}, {1, 4}], [{8, 5}, {3, 7}, {4, 6}, {1, 2}], [{8, 5}, {4, 7}, {1, 6}, {2, 3}], [{8, 5}, {4, 7}, {1, 6}, {3}, {2}], [{8, 5}, {4, 7}, {2, 6}, {1, 3}], [{8, 5}, {4, 7}, {3, 6}, {1, 2}], [{8, 5}, {6, 7}, {1, 4}, {2, 3}], [{8, 5}, {6, 7}, {2, 4}, {1, 3}], [{8, 5}, {6, 7}, {3, 4}, {1, 2}], [{8, 5}, {6, 7}, {3, 4}, {2}, {1}], [{8, 5}, {7}, {1, 6}, {3, 4}, {2}], [{8, 5}, {7}, {2, 6}, {3, 4}, {1}], [{8, 5}, {7}, {6}, {1, 4}, {2, 3}], [{8, 5}, {7}, {6}, {2, 4}, {1, 3}], [{8, 5}, {7}, {6}, {3, 4}, {1, 2}], [{8, 5}, {7}, {6}, {3, 4}, {2}, {1}], [{8, 6}, {1, 7}, {2, 5}, {3, 4}], [{8, 6}, {1, 7}, {3, 5}, {2, 4}], [{8, 6}, {1, 7}, {4, 5}, {2, 3}], [{8, 6}, {2, 7}, {1, 5}, {3, 4}], [{8, 6}, {2, 7}, {1, 5}, {4}, {3}], [{8, 6}, {2, 7}, {3, 5}, {1, 4}], [{8, 6}, {2, 7}, {4, 5}, {1, 3}], [{8, 6}, {2, 7}, {4, 5}, {3}, {1}], [{8, 6}, {2, 7}, {5}, {1, 4}, {3}], [{8, 6}, {3, 7}, {1, 5}, {2, 4}], [{8, 6}, {3, 7}, {2, 5}, {1, 4}], [{8, 6}, {3, 7}, {4, 5}, {1, 2}], [{8, 6}, {3, 7}, {4, 5}, {2}, {1}], [{8, 6}, {4, 7}, {1, 5}, {2, 3}], [{8, 6}, {4, 7}, {2, 5}, {1, 3}], [{8, 6}, {4, 7}, {3, 5}, {1, 2}], [{8, 6}, {5, 7}, {1, 4}, {2, 3}], [{8, 6}, {5, 7}, {2, 4}, {1, 3}], [{8, 6}, {5, 7}, {3, 4}, {1, 2}], [{8, 6}, {5, 7}, {3, 4}, {2}, {1}], [{8, 6}, {7}, {4, 5}, {2, 3}, {1}], [{8, 7}, {1, 6}, {2, 5}, {3, 4}], [{8, 7}, {1, 6}, {2, 5}, {4}, {3}], [{8, 7}, {1, 6}, {3, 5}, {2, 4}], [{8, 7}, {1, 6}, {4, 5}, {2, 3}], [{8, 7}, {1, 6}, {5}, {3, 4}, {2}], [{8, 7}, {2, 6}, {1, 5}, {3, 4}], [{8, 7}, {2, 6}, {3, 5}, {1, 4}], [{8, 7}, {2, 6}, {4, 5}, {1, 3}], [{8, 7}, {2, 6}, {5}, {3, 4}, {1}], [{8, 7}, {3, 6}, {1, 5}, {2, 4}], [{8, 7}, {3, 6}, {1, 5}, {4}, {2}], [{8, 7}, {3, 6}, {2, 5}, {1, 4}], [{8, 7}, {3, 6}, {2, 5}, {4}, {1}], [{8, 7}, {3, 6}, {4, 5}, {1, 2}], [{8, 7}, {3, 6}, {4, 5}, {2}, {1}], [{8, 7}, {3, 6}, {5}, {1, 4}, {2}], [{8, 7}, {3, 6}, {5}, {2, 4}, {1}], [{8, 7}, {3, 6}, {5}, {4}, {1, 2}], [{8, 7}, {3, 6}, {5}, {4}, {2}, {1}], [{8, 7}, {4, 6}, {1, 5}, {2, 3}], [{8, 7}, {4, 6}, {1, 5}, {3}, {2}], [{8, 7}, {4, 6}, {2, 5}, {1, 3}], [{8, 7}, {4, 6}, {2, 5}, {3}, {1}], [{8, 7}, {4, 6}, {3, 5}, {1, 2}], [{8, 7}, {4, 6}, {3, 5}, {2}, {1}], [{8, 7}, {4, 6}, {5}, {1, 3}, {2}], [{8, 7}, {4, 6}, {5}, {2, 3}, {1}], [{8, 7}, {4, 6}, {5}, {3}, {1, 2}], [{8, 7}, {4, 6}, {5}, {3}, {2}, {1}], [{8, 7}, {5, 6}, {1, 4}, {2, 3}], [{8, 7}, {5, 6}, {2, 4}, {1, 3}], [{8, 7}, {5, 6}, {3, 4}, {1, 2}], [{8, 7}, {5, 6}, {3, 4}, {2}, {1}], [{8, 7}, {5, 6}, {4}, {3}, {1, 2}], [{8, 7}, {6}, {1, 5}, {3, 4}, {2}], [{8, 7}, {6}, {2, 5}, {1, 4}, {3}], [{8, 7}, {6}, {2, 5}, {3, 4}, {1}], [{8, 7}, {6}, {2, 5}, {4}, {1, 3}], [{8, 7}, {6}, {3, 5}, {4}, {1, 2}], [{8, 7}, {6}, {4, 5}, {3}, {1, 2}], [{8, 7}, {6}, {5}, {3, 4}, {1, 2}], [{8, 7}, {6}, {5}, {3, 4}, {2}, {1}], [{8}, {1, 7}, {3, 6}, {2, 5}, {4}], [{8}, {1, 7}, {3, 6}, {4, 5}, {2}], [{8}, {1, 7}, {3, 6}, {5}, {2, 4}], [{8}, {1, 7}, {3, 6}, {5}, {4}, {2}], [{8}, {3, 7}, {6}, {4, 5}, {1, 2}], [{8}, {5, 7}, {1, 6}, {3, 4}, {2}], [{8}, {5, 7}, {2, 6}, {1, 4}, {3}], [{8}, {5, 7}, {2, 6}, {3, 4}, {1}], [{8}, {5, 7}, {2, 6}, {4}, {1, 3}], [{8}, {5, 7}, {6}, {3, 4}, {1, 2}], [{8}, {5, 7}, {6}, {3, 4}, {2}, {1}], [{8}, {6, 7}, {1, 5}, {4}, {2, 3}], [{8}, {7}, {1, 6}, {3, 5}, {2, 4}]]",2,24 K_1^3 - 6 K_1^2 - 16 K_1 K_2 - 10 K_1 + 3 K_2 + 2 K_3 + 4,O1O2O3O4U3U1U2O5O6U5O7U4U7O8U6U8,O1O2O3U4U3U1U2O5O6U5O7O4U7O8U6U8,O1O2O3U4U5O4U6O7O6U8O5O8U2U3U1U7,c,{'O1O2O3O4U5U6O5U7U1O7U8O6O8U3U4U2'},1,"<a href=""/flatknot/8.857878"">8.857878</a>",t^9-51t^7-126t^6+132t^5+356t^4-131t^3-118t^2+87t+18,-t^2+2t,,
8.857879,O1O2O3O4U5U6O5U7U1O7U8O6O8U4U2U3,4,4z^3+33z^2+90z+81,4w^4z^3+33w^3z^2+90w^2z+81w,False,False,"[[ 0 -1  0  2  1 -1 -1 -1  1],[ 1  0  0  1 -1  1  3  1  2],[ 0  0  0  1  0 -1  0  0  1],[-2 -1 -1  0  0 -3 -2 -2 -1],[-1  1  0  0  0 -2 -1 -1  0],[ 1 -1  1  3  2  0 -1  0  1],[ 1 -3  0  2  1  1  0  0  1],[ 1 -1  0  2  1  0  0  0  2],[-1 -2 -1  1  0 -1 -1 -2  0]]","[[ 0  2  1  1  0 -1 -1 -1 -1],[-2  0  0 -1 -1 -1 -2 -2 -3],[-1  0  0  0  0  1 -1 -1 -2],[-1  1  0  0 -1 -2 -1 -2 -1],[ 0  1  0  1  0  0  0  0 -1],[ 1  1 -1  2  0  0  3  1  1],[ 1  2  1  1  0 -3  0  0  1],[ 1  2  1  2  0 -1  0  0  0],[ 1  3  2  1  1 -1 -1  0  0]]",True,"[-2,-1,-1,0,1,1,1,1,0,1,1,1,2,2,3,0,0,-1,1,1,2,1,2,1,2,1,0,0,0,1,-3,-1,-1,0,-1,0]","[-2,-1,-1,0,1,1,1,1,0,1,1,0,1,1,2,0,0,1,0,1,0,1,0,1,1,3,0,1,1,1,0,-1,-1,0,-1,-3]",t^8+51t^6+396t^4+215t^2+9,"[-1,-1,-1,-1,0,1,1,2,-3,-1,-1,1,0,3,2,-1,0,1,1,1,1,0,0,1,0,0,1,0,1,1,0,1,1,0,0,1]","[-2,-1,-1,0,1,1,1,1,0,1,1,0,1,1,2,0,0,1,0,1,0,1,0,1,1,3,0,1,1,1,0,-1,-1,0,-1,-3]","[-1,-1,-1,-1,0,1,1,2,-3,0,1,0,1,1,2,1,1,0,-1,2,1,0,0,1,2,2,1,2,1,3,0,1,1,0,0,1]",c,"[[{8, 4}, {5, 7}, {1, 6}, {2, 3}]]",1,16 K_1^3 - 14 K_1^2 - 12 K_1 K_2 - 6 K_1 + 7 K_2 + 2 K_3 + 8,O1O2O3O4U2U3U1O5O6U5O7U4U7O8U6U8,O1O2O3U4U2U3U1O5O6U5O7O4U7O8U6U8,O1O2O3U4U5O4U6O7O6U8O5O8U3U1U2U7,c,{'O1O2O3O4U5U6O5U7U1O7U8O6O8U4U2U3'},1,"<a href=""/flatknot/8.857879"">8.857879</a>",t^9-49t^7-122t^6+115t^5+330t^4-90t^3-122t^2-87t,-t^2+2t,,
8.857880,O1O2O3O4U5U6O5U7U1O7U8O6O8U4U3U2,3,8z^2+29z+27,8w^5z^2-32w^4z^2+32w^3z^2-20w^3z+49w^2z+27w,False,False,"[[ 0 -1  1  1  1 -1 -1 -1  1],[ 1  0  1  0 -1  1  3  1  2],[-1 -1  0  0  0 -2 -1 -1  0],[-1  0  0  0  0 -2 -1 -1  0],[-1  1  0  0  0 -2 -1 -1  0],[ 1 -1  2  2  2  0 -1  0  1],[ 1 -3  1  1  1  1  0  0  1],[ 1 -1  1  1  1  0  0  0  2],[-1 -2  0  0  0 -1 -1 -2  0]]","[[ 0  1  1  1  1 -1 -1 -1 -1],[-1  0  0  0  0  1 -1 -1 -2],[-1  0  0  0  0  0 -1 -1 -2],[-1  0  0  0  0 -1 -1 -1 -2],[-1  0  0  0  0 -2 -1 -2 -1],[ 1 -1  0  1  2  0  3  1  1],[ 1  1  1  1  1 -3  0  0  1],[ 1  1  1  1  2 -1  0  0  0],[ 1  2  2  2  1 -1 -1  0  0]]",True,"[-1,-1,-1,-1,1,1,1,1,0,0,0,-1,1,1,2,0,0,0,1,1,2,0,1,1,1,2,2,1,2,1,-3,-1,-1,0,-1,0]","[-1,-1,-1,-1,1,1,1,1,-3,-1,-1,0,1,2,3,-1,0,1,1,1,1,0,1,0,0,0,0,1,1,1,0,0,0,0,0,0]",t^8+42t^6+295t^4+155t^2,"[-1,-1,-1,-1,1,1,1,1,-3,-1,-1,0,1,2,3,-1,0,1,1,1,1,0,1,0,0,0,0,1,1,1,0,0,0,0,0,0]","[-1,-1,-1,-1,1,1,1,1,0,0,0,0,0,1,1,0,0,1,1,0,1,0,1,2,0,1,1,3,0,1,-1,0,0,1,3,-1]","[-1,-1,-1,-1,1,1,1,1,-3,0,1,1,1,1,1,1,1,-1,0,1,2,0,1,1,1,2,2,2,2,1,0,0,0,0,0,0]",c,"[[{8, 4}, {5, 7}, {1, 6}, {2, 3}], [{8, 5}, {2, 7}, {3, 6}, {1, 4}], [{8, 5}, {2, 7}, {4, 6}, {1, 3}], [{8, 5}, {3, 7}, {2, 6}, {1, 4}], [{8, 5}, {3, 7}, {4, 6}, {1, 2}], [{8, 5}, {4, 7}, {2, 6}, {1, 3}], [{8, 5}, {4, 7}, {3, 6}, {1, 2}], [{8, 7}, {2, 6}, {3, 5}, {1, 4}], [{8, 7}, {2, 6}, {4, 5}, {1, 3}], [{8, 7}, {3, 6}, {2, 5}, {1, 4}], [{8, 7}, {3, 6}, {4, 5}, {1, 2}], [{8, 7}, {4, 6}, {2, 5}, {1, 3}], [{8, 7}, {4, 6}, {3, 5}, {1, 2}]]",1,4 K_1^3 - 4 K_1^2 - 8 K_1 K_2 + K_1 + 2 K_2 + 3 K_3 + 3,O1O2O3O4U3U2U1O5O6U5O7U4U7O8U6U8,O1O2O3U4U3U2U1O5O6U5O7O4U7O8U6U8,O1O2O3U4U5O4U6O7O6U8O5O8U3U2U1U7,c,{'O1O2O3O4U5U6O5U7U1O7U8O6O8U4U3U2'},1,"<a href=""/flatknot/8.857880"">8.857880</a>",t^9-42t^7-80t^6+137t^5+178t^4-91t^3+20t^2,0,,
8.857881,O1O2O3O4U5U6O5U7U2O7U1O6O8U3U4U8,4,5z^3+42z^2+104z+81,5w^4z^3+42w^3z^2+104w^2z+81w,False,False,"[[ 0 -1  0  0  2 -1 -1 -1  2],[ 1  0  1  1  2  1  1  0  2],[ 0 -1  0 -1  0  0  2  0  2],[ 0 -1  1  0  1 -1  1  0  2],[-2 -2  0 -1  0 -3 -1 -2  1],[ 1 -1  0  1  3  0 -1  0  2],[ 1 -1 -2 -1  1  1  0  0  2],[ 1  0  0  0  2  0  0  0  2],[-2 -2 -2 -2 -1 -2 -2 -2  0]]","[[ 0  2  2  0  0 -1 -1 -1 -1],[-2  0  1  0 -1 -1 -2 -2 -3],[-2 -1  0 -2 -2 -2 -2 -2 -2],[ 0  0  2  0 -1  2  0 -1  0],[ 0  1  2  1  0  1  0 -1 -1],[ 1  1  2 -2 -1  0  0 -1  1],[ 1  2  2  0  0  0  0  0  0],[ 1  2  2  1  1  1  0  0  1],[ 1  3  2  0  1 -1  0 -1  0]]",True,"[-2,-2,0,0,1,1,1,1,-1,0,1,1,2,2,3,2,2,2,2,2,2,1,-2,0,1,0,-1,0,1,1,0,1,-1,0,0,-1]","[-2,-2,0,0,1,1,1,1,-1,0,0,1,1,1,1,1,2,0,1,1,2,1,0,0,1,2,1,0,1,3,-1,0,-1,0,1,0]",t^8+56t^6+529t^4+320t^2+4,"[-1,-1,-1,-1,0,0,2,2,-1,-1,0,0,0,1,1,-1,0,2,3,1,2,0,0,1,1,0,1,1,1,1,-1,0,1,0,2,1]","[-2,-2,0,0,1,1,1,1,-1,0,0,1,1,1,1,1,2,0,1,1,2,1,0,0,1,2,1,0,1,3,-1,0,-1,0,1,0]","[-1,-1,-1,-1,0,0,2,2,-1,-1,0,0,1,2,3,-1,0,-2,-1,2,1,0,1,1,2,2,0,0,2,2,-1,2,0,2,1,-1]",c,"[[{8, 1}, {2, 7}, {3, 6}, {4, 5}], [{8, 1}, {2, 7}, {4, 6}, {3, 5}], [{8, 1}, {2, 7}, {5, 6}, {3, 4}], [{8, 1}, {2, 7}, {6}, {4, 5}, {3}], [{8, 1}, {3, 7}, {2, 6}, {4, 5}], [{8, 1}, {3, 7}, {4, 6}, {2, 5}], [{8, 1}, {3, 7}, {4, 6}, {5}, {2}], [{8, 1}, {3, 7}, {5, 6}, {2, 4}], [{8, 1}, {3, 7}, {5, 6}, {4}, {2}], [{8, 1}, {3, 7}, {6}, {4, 5}, {2}], [{8, 1}, {4, 7}, {2, 6}, {3, 5}], [{8, 1}, {4, 7}, {3, 6}, {2, 5}], [{8, 1}, {4, 7}, {5, 6}, {2, 3}], [{8, 1}, {5, 7}, {2, 6}, {3, 4}], [{8, 1}, {5, 7}, {3, 6}, {2, 4}], [{8, 1}, {5, 7}, {4, 6}, {2, 3}], [{8, 1}, {6, 7}, {2, 5}, {3, 4}], [{8, 1}, {6, 7}, {3, 5}, {2, 4}], [{8, 1}, {6, 7}, {4, 5}, {2, 3}], [{8, 1}, {6, 7}, {4, 5}, {3}, {2}], [{8, 1}, {7}, {2, 6}, {4, 5}, {3}], [{8, 1}, {7}, {3, 6}, {4, 5}, {2}], [{8, 1}, {7}, {6}, {4, 5}, {2, 3}], [{8, 1}, {7}, {6}, {4, 5}, {3}, {2}], [{8, 2}, {1, 7}, {3, 6}, {4, 5}], [{8, 2}, {1, 7}, {4, 6}, {3, 5}], [{8, 2}, {1, 7}, {5, 6}, {3, 4}], [{8, 2}, {1, 7}, {6}, {3, 5}, {4}], [{8, 2}, {3, 7}, {1, 6}, {4, 5}], [{8, 2}, {3, 7}, {4, 6}, {1, 5}], [{8, 2}, {3, 7}, {5, 6}, {1, 4}], [{8, 2}, {4, 7}, {1, 6}, {3, 5}], [{8, 2}, {4, 7}, {3, 6}, {1, 5}], [{8, 2}, {4, 7}, {5, 6}, {1, 3}], [{8, 2}, {5, 7}, {1, 6}, {3, 4}], [{8, 2}, {5, 7}, {1, 6}, {4}, {3}], [{8, 2}, {5, 7}, {3, 6}, {1, 4}], [{8, 2}, {5, 7}, {4, 6}, {1, 3}], [{8, 2}, {6, 7}, {1, 5}, {3, 4}], [{8, 2}, {6, 7}, {3, 5}, {1, 4}], [{8, 2}, {6, 7}, {4, 5}, {1, 3}], [{8, 2}, {7}, {3, 6}, {5}, {1, 4}], [{8, 2}, {7}, {4, 6}, {5}, {1, 3}], [{8, 3}, {1, 7}, {2, 6}, {4, 5}], [{8, 3}, {1, 7}, {2, 6}, {5}, {4}], [{8, 3}, {1, 7}, {4, 6}, {2, 5}], [{8, 3}, {1, 7}, {4, 6}, {5}, {2}], [{8, 3}, {1, 7}, {5, 6}, {2, 4}], [{8, 3}, {1, 7}, {5, 6}, {4}, {2}], [{8, 3}, {1, 7}, {6}, {2, 5}, {4}], [{8, 3}, {1, 7}, {6}, {4, 5}, {2}], [{8, 3}, {1, 7}, {6}, {5}, {2, 4}], [{8, 3}, {1, 7}, {6}, {5}, {4}, {2}], [{8, 3}, {2, 7}, {1, 6}, {4, 5}], [{8, 3}, {2, 7}, {4, 6}, {1, 5}], [{8, 3}, {2, 7}, {5, 6}, {1, 4}], [{8, 3}, {2, 7}, {5, 6}, {4}, {1}], [{8, 3}, {4, 7}, {1, 6}, {2, 5}], [{8, 3}, {4, 7}, {2, 6}, {1, 5}], [{8, 3}, {4, 7}, {5, 6}, {1, 2}], [{8, 3}, {4, 7}, {5, 6}, {2}, {1}], [{8, 3}, {5, 7}, {1, 6}, {2, 4}], [{8, 3}, {5, 7}, {1, 6}, {4}, {2}], [{8, 3}, {5, 7}, {2, 6}, {1, 4}], [{8, 3}, {5, 7}, {4, 6}, {1, 2}], [{8, 3}, {6, 7}, {1, 5}, {2, 4}], [{8, 3}, {6, 7}, {1, 5}, {4}, {2}], [{8, 3}, {6, 7}, {2, 5}, {1, 4}], [{8, 3}, {6, 7}, {4, 5}, {1, 2}], [{8, 3}, {7}, {5, 6}, {1, 4}, {2}], [{8, 3}, {7}, {5, 6}, {2, 4}, {1}], [{8, 3}, {7}, {5, 6}, {4}, {1, 2}], [{8, 3}, {7}, {5, 6}, {4}, {2}, {1}], [{8, 4}, {1, 7}, {2, 6}, {3, 5}], [{8, 4}, {1, 7}, {3, 6}, {2, 5}], [{8, 4}, {1, 7}, {5, 6}, {2, 3}], [{8, 4}, {2, 7}, {1, 6}, {3, 5}], [{8, 4}, {2, 7}, {3, 6}, {1, 5}], [{8, 4}, {2, 7}, {5, 6}, {1, 3}], [{8, 4}, {3, 7}, {1, 6}, {2, 5}], [{8, 4}, {3, 7}, {2, 6}, {1, 5}], [{8, 4}, {3, 7}, {5, 6}, {1, 2}], [{8, 4}, {5, 7}, {1, 6}, {2, 3}], [{8, 4}, {5, 7}, {2, 6}, {1, 3}], [{8, 4}, {5, 7}, {3, 6}, {1, 2}], [{8, 4}, {5, 7}, {3, 6}, {2}, {1}], [{8, 4}, {6, 7}, {1, 5}, {2, 3}], [{8, 4}, {6, 7}, {2, 5}, {1, 3}], [{8, 4}, {6, 7}, {3, 5}, {1, 2}], [{8, 4}, {6, 7}, {5}, {1, 3}, {2}], [{8, 4}, {7}, {6}, {1, 5}, {2, 3}], [{8, 5}, {1, 7}, {2, 6}, {3, 4}], [{8, 5}, {1, 7}, {3, 6}, {2, 4}], [{8, 5}, {1, 7}, {4, 6}, {2, 3}], [{8, 5}, {1, 7}, {6}, {4}, {2, 3}], [{8, 5}, {2, 7}, {1, 6}, {3, 4}], [{8, 5}, {2, 7}, {3, 6}, {1, 4}], [{8, 5}, {2, 7}, {4, 6}, {1, 3}], [{8, 5}, {2, 7}, {6}, {3, 4}, {1}], [{8, 5}, {3, 7}, {1, 6}, {2, 4}], [{8, 5}, {3, 7}, {1, 6}, {4}, {2}], [{8, 5}, {3, 7}, {2, 6}, {1, 4}], [{8, 5}, {3, 7}, {4, 6}, {1, 2}], [{8, 5}, {4, 7}, {1, 6}, {2, 3}], [{8, 5}, {4, 7}, {2, 6}, {1, 3}], [{8, 5}, {4, 7}, {3, 6}, {1, 2}], [{8, 5}, {6, 7}, {1, 4}, {2, 3}], [{8, 5}, {6, 7}, {2, 4}, {1, 3}], [{8, 5}, {6, 7}, {3, 4}, {1, 2}], [{8, 5}, {7}, {3, 6}, {4}, {1, 2}], [{8, 5}, {7}, {4, 6}, {1, 3}, {2}], [{8, 6}, {1, 7}, {2, 5}, {3, 4}], [{8, 6}, {1, 7}, {3, 5}, {2, 4}], [{8, 6}, {1, 7}, {4, 5}, {2, 3}], [{8, 6}, {2, 7}, {1, 5}, {3, 4}], [{8, 6}, {2, 7}, {3, 5}, {1, 4}], [{8, 6}, {2, 7}, {4, 5}, {1, 3}], [{8, 6}, {2, 7}, {4, 5}, {3}, {1}], [{8, 6}, {3, 7}, {1, 5}, {2, 4}], [{8, 6}, {3, 7}, {2, 5}, {1, 4}], [{8, 6}, {3, 7}, {4, 5}, {1, 2}], [{8, 6}, {4, 7}, {1, 5}, {2, 3}], [{8, 6}, {4, 7}, {2, 5}, {1, 3}], [{8, 6}, {4, 7}, {3, 5}, {1, 2}], [{8, 6}, {4, 7}, {5}, {1, 3}, {2}], [{8, 6}, {4, 7}, {5}, {2, 3}, {1}], [{8, 6}, {4, 7}, {5}, {3}, {1, 2}], [{8, 6}, {5, 7}, {1, 4}, {2, 3}], [{8, 6}, {5, 7}, {2, 4}, {1, 3}], [{8, 6}, {5, 7}, {3, 4}, {1, 2}], [{8, 7}, {1, 6}, {2, 5}, {3, 4}], [{8, 7}, {1, 6}, {3, 5}, {2, 4}], [{8, 7}, {1, 6}, {4, 5}, {2, 3}], [{8, 7}, {2, 6}, {1, 5}, {3, 4}], [{8, 7}, {2, 6}, {3, 5}, {1, 4}], [{8, 7}, {2, 6}, {4, 5}, {1, 3}], [{8, 7}, {2, 6}, {5}, {4}, {1, 3}], [{8, 7}, {3, 6}, {1, 5}, {2, 4}], [{8, 7}, {3, 6}, {2, 5}, {1, 4}], [{8, 7}, {3, 6}, {4, 5}, {1, 2}], [{8, 7}, {4, 6}, {1, 5}, {2, 3}], [{8, 7}, {4, 6}, {2, 5}, {1, 3}], [{8, 7}, {4, 6}, {3, 5}, {1, 2}], [{8, 7}, {4, 6}, {5}, {1, 3}, {2}], [{8, 7}, {5, 6}, {1, 4}, {2, 3}], [{8, 7}, {5, 6}, {2, 4}, {1, 3}], [{8, 7}, {5, 6}, {3, 4}, {1, 2}], [{8, 7}, {5, 6}, {4}, {1, 3}, {2}], [{8, 7}, {6}, {1, 5}, {2, 4}, {3}], [{8, 7}, {6}, {2, 5}, {1, 4}, {3}], [{8, 7}, {6}, {2, 5}, {3, 4}, {1}], [{8, 7}, {6}, {2, 5}, {4}, {1, 3}], [{8, 7}, {6}, {3, 5}, {2, 4}, {1}], [{8, 7}, {6}, {4, 5}, {1, 3}, {2}], [{8, 7}, {6}, {5}, {2, 4}, {1, 3}], [{8, 7}, {6}, {5}, {4}, {1, 3}, {2}], [{8}, {2, 7}, {1, 6}, {4, 5}, {3}], [{8}, {2, 7}, {4, 6}, {5}, {1, 3}], [{8}, {4, 7}, {2, 6}, {1, 5}, {3}], [{8}, {5, 7}, {1, 6}, {4}, {2, 3}], [{8}, {5, 7}, {4, 6}, {1, 3}, {2}], [{8}, {7}, {4, 6}, {2, 5}, {1, 3}], [{8}, {7}, {4, 6}, {5}, {1, 3}, {2}]]",2,- 16 K_1^4 + 16 K_1^3 + 16 K_1^2 K_2 - 8 K_1^2 - 8 K_1 K_2 - 4 K_1 K_3 - 8 K_1 + 6 K_2 + 7,O1O2O3O4U5U1U2O5O6U4O7U3U7O8U6U8,O1O2O3U4U5U1U2O6O7U6O8O5U8O4U7U3,O1O2O3U1U4O5U6O7O6U8O4O8U2U3U7U5,c,{'O1O2O3O4U5U6O5U7U2O7U1O6O8U3U4U8'},1,"<a href=""/flatknot/8.857881"">8.857881</a>",t^9-52t^7-166t^6+27t^5+602t^4+495t^3-138t^2-75t+98,-2t^2+4t,,
8.857882,O1O2O3O4U5U6O5U7U2O7U1O6O8U3U8U4,4,18z^2+99z+127,18w^3z^2+99w^2z+127w,False,False,"[[ 0 -1  0  0  3 -1 -1 -1  1],[ 1  0  1  1  2  1  1  0  1],[ 0 -1  0 -1  0  0  2  0  1],[ 0 -1  1  0  2 -1  1  0  1],[-3 -2  0 -2  0 -4 -2 -3  0],[ 1 -1  0  1  4  0 -1  0  1],[ 1 -1 -2 -1  2  1  0  0  1],[ 1  0  0  0  3  0  0  0  1],[-1 -1 -1 -1  0 -1 -1 -1  0]]","[[ 0  3  1  0  0 -1 -1 -1 -1],[-3  0  0  0 -2 -2 -2 -3 -4],[-1  0  0 -1 -1 -1 -1 -1 -1],[ 0  0  1  0 -1  2 -1  0  0],[ 0  2  1  1  0  1 -1  0 -1],[ 1  2  1 -2 -1  0 -1  0  1],[ 1  2  1  1  1  1  0  0  1],[ 1  3  1  0  0  0  0  0  0],[ 1  4  1  0  1 -1 -1  0  0]]",True,"[-3,-1,0,0,1,1,1,1,0,0,2,2,2,3,4,1,1,1,1,1,1,1,-2,1,0,0,-1,1,0,1,1,0,-1,0,-1,0]","[-3,-1,0,0,1,1,1,1,0,0,2,2,2,3,4,1,1,1,1,1,1,1,-2,1,0,0,-1,1,0,1,1,0,-1,0,-1,0]",t^8+55t^6+486t^4+345t^2+1,"[-1,-1,-1,-1,0,0,1,3,-1,-1,0,0,0,1,2,-1,0,2,3,1,2,0,0,1,1,0,1,1,1,1,-1,0,1,0,3,2]","[-3,-1,0,0,1,1,1,1,2,1,3,0,1,2,2,0,0,1,1,1,1,1,0,1,0,2,1,1,0,3,0,-1,-1,0,0,1]","[-1,-1,-1,-1,0,0,1,3,-1,-1,0,0,1,1,4,-1,0,-2,-1,1,2,0,1,1,1,2,0,0,1,3,-1,1,0,1,2,0]",c,"[[{8, 1}, {2, 7}, {3, 6}, {4, 5}], [{8, 1}, {2, 7}, {4, 6}, {3, 5}], [{8, 1}, {2, 7}, {5, 6}, {3, 4}], [{8, 1}, {3, 7}, {2, 6}, {4, 5}], [{8, 1}, {3, 7}, {4, 6}, {2, 5}], [{8, 1}, {3, 7}, {4, 6}, {5}, {2}], [{8, 1}, {3, 7}, {5, 6}, {2, 4}], [{8, 1}, {4, 7}, {2, 6}, {3, 5}], [{8, 1}, {4, 7}, {3, 6}, {2, 5}], [{8, 1}, {4, 7}, {5, 6}, {2, 3}], [{8, 1}, {5, 7}, {2, 6}, {3, 4}], [{8, 1}, {5, 7}, {3, 6}, {2, 4}], [{8, 1}, {5, 7}, {4, 6}, {2, 3}], [{8, 1}, {5, 7}, {6}, {2, 4}, {3}], [{8, 1}, {6, 7}, {2, 5}, {3, 4}], [{8, 1}, {6, 7}, {3, 5}, {2, 4}], [{8, 1}, {6, 7}, {4, 5}, {2, 3}], [{8, 1}, {7}, {3, 6}, {4, 5}, {2}], [{8, 1}, {7}, {5, 6}, {3, 4}, {2}], [{8, 2}, {1, 7}, {3, 6}, {4, 5}], [{8, 2}, {1, 7}, {4, 6}, {3, 5}], [{8, 2}, {1, 7}, {5, 6}, {3, 4}], [{8, 2}, {1, 7}, {6}, {4, 5}, {3}], [{8, 2}, {3, 7}, {1, 6}, {4, 5}], [{8, 2}, {3, 7}, {1, 6}, {5}, {4}], [{8, 2}, {3, 7}, {4, 6}, {1, 5}], [{8, 2}, {3, 7}, {5, 6}, {1, 4}], [{8, 2}, {3, 7}, {5, 6}, {4}, {1}], [{8, 2}, {3, 7}, {6}, {1, 5}, {4}], [{8, 2}, {4, 7}, {1, 6}, {3, 5}], [{8, 2}, {4, 7}, {3, 6}, {1, 5}], [{8, 2}, {4, 7}, {5, 6}, {1, 3}], [{8, 2}, {5, 7}, {1, 6}, {3, 4}], [{8, 2}, {5, 7}, {3, 6}, {1, 4}], [{8, 2}, {5, 7}, {3, 6}, {4}, {1}], [{8, 2}, {5, 7}, {4, 6}, {1, 3}], [{8, 2}, {5, 7}, {6}, {1, 4}, {3}], [{8, 2}, {6, 7}, {1, 5}, {3, 4}], [{8, 2}, {6, 7}, {3, 5}, {1, 4}], [{8, 2}, {6, 7}, {4, 5}, {1, 3}], [{8, 2}, {7}, {3, 6}, {5}, {1, 4}], [{8, 2}, {7}, {4, 6}, {5}, {1, 3}], [{8, 3}, {1, 7}, {2, 6}, {4, 5}], [{8, 3}, {1, 7}, {2, 6}, {5}, {4}], [{8, 3}, {1, 7}, {4, 6}, {2, 5}], [{8, 3}, {1, 7}, {5, 6}, {2, 4}], [{8, 3}, {2, 7}, {1, 6}, {4, 5}], [{8, 3}, {2, 7}, {4, 6}, {1, 5}], [{8, 3}, {2, 7}, {5, 6}, {1, 4}], [{8, 3}, {2, 7}, {6}, {4, 5}, {1}], [{8, 3}, {4, 7}, {1, 6}, {2, 5}], [{8, 3}, {4, 7}, {2, 6}, {1, 5}], [{8, 3}, {4, 7}, {5, 6}, {1, 2}], [{8, 3}, {4, 7}, {6}, {2, 5}, {1}], [{8, 3}, {5, 7}, {1, 6}, {2, 4}], [{8, 3}, {5, 7}, {2, 6}, {1, 4}], [{8, 3}, {5, 7}, {4, 6}, {1, 2}], [{8, 3}, {5, 7}, {4, 6}, {2}, {1}], [{8, 3}, {6, 7}, {1, 5}, {2, 4}], [{8, 3}, {6, 7}, {2, 5}, {1, 4}], [{8, 3}, {6, 7}, {4, 5}, {1, 2}], [{8, 3}, {6, 7}, {5}, {1, 4}, {2}], [{8, 3}, {7}, {1, 6}, {2, 5}, {4}], [{8, 4}, {1, 7}, {2, 6}, {3, 5}], [{8, 4}, {1, 7}, {3, 6}, {2, 5}], [{8, 4}, {1, 7}, {5, 6}, {2, 3}], [{8, 4}, {2, 7}, {1, 6}, {3, 5}], [{8, 4}, {2, 7}, {3, 6}, {1, 5}], [{8, 4}, {2, 7}, {5, 6}, {1, 3}], [{8, 4}, {3, 7}, {1, 6}, {2, 5}], [{8, 4}, {3, 7}, {2, 6}, {1, 5}], [{8, 4}, {3, 7}, {5, 6}, {1, 2}], [{8, 4}, {3, 7}, {5, 6}, {2}, {1}], [{8, 4}, {5, 7}, {1, 6}, {2, 3}], [{8, 4}, {5, 7}, {2, 6}, {1, 3}], [{8, 4}, {5, 7}, {2, 6}, {3}, {1}], [{8, 4}, {5, 7}, {3, 6}, {1, 2}], [{8, 4}, {6, 7}, {1, 5}, {2, 3}], [{8, 4}, {6, 7}, {2, 5}, {1, 3}], [{8, 4}, {6, 7}, {3, 5}, {1, 2}], [{8, 4}, {7}, {3, 6}, {1, 5}, {2}], [{8, 5}, {1, 7}, {2, 6}, {3, 4}], [{8, 5}, {1, 7}, {3, 6}, {2, 4}], [{8, 5}, {1, 7}, {3, 6}, {4}, {2}], [{8, 5}, {1, 7}, {4, 6}, {2, 3}], [{8, 5}, {2, 7}, {1, 6}, {3, 4}], [{8, 5}, {2, 7}, {3, 6}, {1, 4}], [{8, 5}, {2, 7}, {3, 6}, {4}, {1}], [{8, 5}, {2, 7}, {4, 6}, {1, 3}], [{8, 5}, {2, 7}, {6}, {1, 4}, {3}], [{8, 5}, {3, 7}, {1, 6}, {2, 4}], [{8, 5}, {3, 7}, {2, 6}, {1, 4}], [{8, 5}, {3, 7}, {4, 6}, {1, 2}], [{8, 5}, {4, 7}, {1, 6}, {2, 3}], [{8, 5}, {4, 7}, {2, 6}, {1, 3}], [{8, 5}, {4, 7}, {3, 6}, {1, 2}], [{8, 5}, {4, 7}, {3, 6}, {2}, {1}], [{8, 5}, {6, 7}, {1, 4}, {2, 3}], [{8, 5}, {6, 7}, {2, 4}, {1, 3}], [{8, 5}, {6, 7}, {3, 4}, {1, 2}], [{8, 5}, {7}, {3, 6}, {1, 4}, {2}], [{8, 5}, {7}, {3, 6}, {2, 4}, {1}], [{8, 5}, {7}, {3, 6}, {4}, {1, 2}], [{8, 5}, {7}, {3, 6}, {4}, {2}, {1}], [{8, 6}, {1, 7}, {2, 5}, {3, 4}], [{8, 6}, {1, 7}, {3, 5}, {2, 4}], [{8, 6}, {1, 7}, {4, 5}, {2, 3}], [{8, 6}, {1, 7}, {5}, {3, 4}, {2}], [{8, 6}, {2, 7}, {1, 5}, {3, 4}], [{8, 6}, {2, 7}, {3, 5}, {1, 4}], [{8, 6}, {2, 7}, {4, 5}, {1, 3}], [{8, 6}, {3, 7}, {1, 5}, {2, 4}], [{8, 6}, {3, 7}, {2, 5}, {1, 4}], [{8, 6}, {3, 7}, {4, 5}, {1, 2}], [{8, 6}, {3, 7}, {5}, {1, 4}, {2}], [{8, 6}, {4, 7}, {1, 5}, {2, 3}], [{8, 6}, {4, 7}, {2, 5}, {1, 3}], [{8, 6}, {4, 7}, {3, 5}, {1, 2}], [{8, 6}, {4, 7}, {3, 5}, {2}, {1}], [{8, 6}, {5, 7}, {1, 4}, {2, 3}], [{8, 6}, {5, 7}, {2, 4}, {1, 3}], [{8, 6}, {5, 7}, {3, 4}, {1, 2}], [{8, 6}, {5, 7}, {4}, {2, 3}, {1}], [{8, 7}, {1, 6}, {2, 5}, {3, 4}], [{8, 7}, {1, 6}, {3, 5}, {2, 4}], [{8, 7}, {1, 6}, {4, 5}, {2, 3}], [{8, 7}, {1, 6}, {4, 5}, {3}, {2}], [{8, 7}, {2, 6}, {1, 5}, {3, 4}], [{8, 7}, {2, 6}, {3, 5}, {1, 4}], [{8, 7}, {2, 6}, {4, 5}, {1, 3}], [{8, 7}, {2, 6}, {5}, {1, 4}, {3}], [{8, 7}, {3, 6}, {1, 5}, {2, 4}], [{8, 7}, {3, 6}, {2, 5}, {1, 4}], [{8, 7}, {3, 6}, {2, 5}, {4}, {1}], [{8, 7}, {3, 6}, {4, 5}, {1, 2}], [{8, 7}, {3, 6}, {5}, {1, 4}, {2}], [{8, 7}, {4, 6}, {1, 5}, {2, 3}], [{8, 7}, {4, 6}, {1, 5}, {3}, {2}], [{8, 7}, {4, 6}, {2, 5}, {1, 3}], [{8, 7}, {4, 6}, {3, 5}, {1, 2}], [{8, 7}, {5, 6}, {1, 4}, {2, 3}], [{8, 7}, {5, 6}, {1, 4}, {3}, {2}], [{8, 7}, {5, 6}, {2, 4}, {1, 3}], [{8, 7}, {5, 6}, {3, 4}, {1, 2}], [{8, 7}, {6}, {2, 5}, {1, 4}, {3}], [{8, 7}, {6}, {3, 5}, {1, 4}, {2}], [{8, 7}, {6}, {5}, {1, 4}, {2, 3}], [{8, 7}, {6}, {5}, {1, 4}, {3}, {2}], [{8}, {1, 7}, {4, 6}, {2, 5}, {3}], [{8}, {1, 7}, {5, 6}, {2, 4}, {3}], [{8}, {2, 7}, {3, 6}, {5}, {1, 4}], [{8}, {2, 7}, {4, 6}, {3, 5}, {1}], [{8}, {3, 7}, {5, 6}, {2, 4}, {1}], [{8}, {3, 7}, {6}, {4, 5}, {1, 2}], [{8}, {4, 7}, {1, 6}, {2, 5}, {3}], [{8}, {4, 7}, {2, 6}, {1, 5}, {3}], [{8}, {5, 7}, {1, 6}, {3, 4}, {2}], [{8}, {5, 7}, {3, 6}, {1, 4}, {2}], [{8}, {6, 7}, {2, 5}, {4}, {1, 3}], [{8}, {7}, {1, 6}, {4, 5}, {2, 3}], [{8}, {7}, {3, 6}, {2, 5}, {1, 4}], [{8}, {7}, {3, 6}, {5}, {1, 4}, {2}], [{8}, {7}, {4, 6}, {1, 5}, {2, 3}], [{8}, {7}, {5, 6}, {2, 4}, {1, 3}]]",2,4 K_1^3 - 20 K_1^2 - 10 K_1 K_2 + 2 K_1 + 10 K_2 + 4 K_3 + 11,O1O2O3O4U1U5U2O5O6U4O7U3U7O8U6U8,O1O2O3U4U5U1U3O6O7U6O8O5U8O4U7U2,O1O2O3U2U4O5U6O7O6U8O4O8U1U3U7U5,c,{'O1O2O3O4U5U6O5U7U2O7U1O6O8U3U8U4'},1,"<a href=""/flatknot/8.857882"">8.857882</a>",t^9-49t^7-116t^6+110t^5+418t^4+143t^3-148t^2-15t+32,-t^3+3t,,
8.857883,O1O2O3O4U5U6O5U7U2O7U1O6O8U4U3U8,4,4z^3+42z^2+111z+87,4w^4z^3+42w^3z^2+111w^2z+87w,False,False,"[[ 0 -1  0  1  1 -1 -1 -1  2],[ 1  0  1  2  1  1  1  0  2],[ 0 -1  0  0 -1  0  2  0  2],[-1 -2  0  0  0 -2  0 -1  2],[-1 -1  1  0  0 -2  0 -1  1],[ 1 -1  0  2  2  0 -1  0  2],[ 1 -1 -2  0  0  1  0  0  2],[ 1  0  0  1  1  0  0  0  2],[-2 -2 -2 -2 -1 -2 -2 -2  0]]","[[ 0  2  1  1  0 -1 -1 -1 -1],[-2  0 -1 -2 -2 -2 -2 -2 -2],[-1  1  0  0  1  0 -1 -1 -2],[-1  2  0  0  0  0 -1 -2 -2],[ 0  2 -1  0  0  2  0 -1  0],[ 1  2  0  0 -2  0  0 -1  1],[ 1  2  1  1  0  0  0  0  0],[ 1  2  1  2  1  1  0  0  1],[ 1  2  2  2  0 -1  0 -1  0]]",True,"[-2,-1,-1,0,1,1,1,1,1,2,2,2,2,2,2,0,-1,0,1,1,2,0,0,1,2,2,-2,0,1,0,0,1,-1,0,0,-1]","[-2,-1,-1,0,1,1,1,1,-1,0,0,1,1,1,1,0,1,0,0,1,2,2,0,1,1,2,1,0,1,3,-1,0,-1,0,1,0]",t^8+49t^6+440t^4+235t^2+1,"[-1,-1,-1,-1,0,1,1,2,-1,-1,0,0,0,1,1,-1,0,3,2,2,1,0,1,0,0,1,1,1,1,1,1,2,0,0,-1,0]","[-2,-1,-1,0,1,1,1,1,-1,0,0,1,1,1,1,0,1,0,0,1,2,2,0,1,1,2,1,0,1,3,-1,0,-1,0,1,0]","[-1,-1,-1,-1,0,1,1,2,-1,-1,0,0,2,2,2,-1,0,-2,0,0,2,0,1,1,2,2,0,1,1,2,-1,0,2,0,1,2]",c,"[[{8, 1}, {2, 7}, {3, 6}, {4, 5}], [{8, 1}, {2, 7}, {4, 6}, {3, 5}], [{8, 1}, {2, 7}, {5, 6}, {3, 4}], [{8, 1}, {2, 7}, {5, 6}, {4}, {3}], [{8, 1}, {3, 7}, {2, 6}, {4, 5}], [{8, 1}, {3, 7}, {2, 6}, {5}, {4}], [{8, 1}, {3, 7}, {4, 6}, {2, 5}], [{8, 1}, {3, 7}, {5, 6}, {2, 4}], [{8, 1}, {3, 7}, {5, 6}, {4}, {2}], [{8, 1}, {3, 7}, {6}, {2, 5}, {4}], [{8, 1}, {4, 7}, {2, 6}, {3, 5}], [{8, 1}, {4, 7}, {3, 6}, {2, 5}], [{8, 1}, {4, 7}, {5, 6}, {2, 3}], [{8, 1}, {4, 7}, {6}, {5}, {2, 3}], [{8, 1}, {5, 7}, {2, 6}, {3, 4}], [{8, 1}, {5, 7}, {2, 6}, {4}, {3}], [{8, 1}, {5, 7}, {3, 6}, {2, 4}], [{8, 1}, {5, 7}, {4, 6}, {2, 3}], [{8, 1}, {6, 7}, {2, 5}, {3, 4}], [{8, 1}, {6, 7}, {3, 5}, {2, 4}], [{8, 1}, {6, 7}, {4, 5}, {2, 3}], [{8, 1}, {7}, {2, 6}, {3, 5}, {4}], [{8, 1}, {7}, {5, 6}, {4}, {2, 3}], [{8, 2}, {1, 7}, {3, 6}, {4, 5}], [{8, 2}, {1, 7}, {4, 6}, {3, 5}], [{8, 2}, {1, 7}, {5, 6}, {3, 4}], [{8, 2}, {3, 7}, {1, 6}, {4, 5}], [{8, 2}, {3, 7}, {4, 6}, {1, 5}], [{8, 2}, {3, 7}, {5, 6}, {1, 4}], [{8, 2}, {4, 7}, {1, 6}, {3, 5}], [{8, 2}, {4, 7}, {3, 6}, {1, 5}], [{8, 2}, {4, 7}, {5, 6}, {1, 3}], [{8, 2}, {5, 7}, {1, 6}, {3, 4}], [{8, 2}, {5, 7}, {3, 6}, {1, 4}], [{8, 2}, {5, 7}, {3, 6}, {4}, {1}], [{8, 2}, {5, 7}, {4, 6}, {1, 3}], [{8, 2}, {5, 7}, {6}, {1, 4}, {3}], [{8, 2}, {6, 7}, {1, 5}, {3, 4}], [{8, 2}, {6, 7}, {3, 5}, {1, 4}], [{8, 2}, {6, 7}, {4, 5}, {1, 3}], [{8, 2}, {7}, {3, 6}, {5}, {1, 4}], [{8, 2}, {7}, {4, 6}, {5}, {1, 3}], [{8, 3}, {1, 7}, {2, 6}, {4, 5}], [{8, 3}, {1, 7}, {4, 6}, {2, 5}], [{8, 3}, {1, 7}, {4, 6}, {5}, {2}], [{8, 3}, {1, 7}, {5, 6}, {2, 4}], [{8, 3}, {1, 7}, {6}, {2, 5}, {4}], [{8, 3}, {2, 7}, {1, 6}, {4, 5}], [{8, 3}, {2, 7}, {4, 6}, {1, 5}], [{8, 3}, {2, 7}, {5, 6}, {1, 4}], [{8, 3}, {4, 7}, {1, 6}, {2, 5}], [{8, 3}, {4, 7}, {2, 6}, {1, 5}], [{8, 3}, {4, 7}, {5, 6}, {1, 2}], [{8, 3}, {5, 7}, {1, 6}, {2, 4}], [{8, 3}, {5, 7}, {1, 6}, {4}, {2}], [{8, 3}, {5, 7}, {2, 6}, {1, 4}], [{8, 3}, {5, 7}, {4, 6}, {1, 2}], [{8, 3}, {5, 7}, {4, 6}, {2}, {1}], [{8, 3}, {5, 7}, {6}, {1, 4}, {2}], [{8, 3}, {6, 7}, {1, 5}, {2, 4}], [{8, 3}, {6, 7}, {2, 5}, {1, 4}], [{8, 3}, {6, 7}, {4, 5}, {1, 2}], [{8, 3}, {6, 7}, {5}, {1, 4}, {2}], [{8, 3}, {7}, {4, 6}, {1, 5}, {2}], [{8, 3}, {7}, {5, 6}, {1, 4}, {2}], [{8, 4}, {1, 7}, {2, 6}, {3, 5}], [{8, 4}, {1, 7}, {3, 6}, {2, 5}], [{8, 4}, {1, 7}, {5, 6}, {2, 3}], [{8, 4}, {2, 7}, {1, 6}, {3, 5}], [{8, 4}, {2, 7}, {3, 6}, {1, 5}], [{8, 4}, {2, 7}, {5, 6}, {1, 3}], [{8, 4}, {3, 7}, {1, 6}, {2, 5}], [{8, 4}, {3, 7}, {2, 6}, {1, 5}], [{8, 4}, {3, 7}, {5, 6}, {1, 2}], [{8, 4}, {3, 7}, {5, 6}, {2}, {1}], [{8, 4}, {5, 7}, {1, 6}, {2, 3}], [{8, 4}, {5, 7}, {2, 6}, {1, 3}], [{8, 4}, {5, 7}, {2, 6}, {3}, {1}], [{8, 4}, {5, 7}, {3, 6}, {1, 2}], [{8, 4}, {6, 7}, {1, 5}, {2, 3}], [{8, 4}, {6, 7}, {2, 5}, {1, 3}], [{8, 4}, {6, 7}, {3, 5}, {1, 2}], [{8, 4}, {7}, {6}, {1, 5}, {2, 3}], [{8, 5}, {1, 7}, {2, 6}, {3, 4}], [{8, 5}, {1, 7}, {3, 6}, {2, 4}], [{8, 5}, {1, 7}, {4, 6}, {2, 3}], [{8, 5}, {1, 7}, {6}, {2, 4}, {3}], [{8, 5}, {2, 7}, {1, 6}, {3, 4}], [{8, 5}, {2, 7}, {1, 6}, {4}, {3}], [{8, 5}, {2, 7}, {3, 6}, {1, 4}], [{8, 5}, {2, 7}, {3, 6}, {4}, {1}], [{8, 5}, {2, 7}, {4, 6}, {1, 3}], [{8, 5}, {2, 7}, {4, 6}, {3}, {1}], [{8, 5}, {2, 7}, {6}, {1, 4}, {3}], [{8, 5}, {2, 7}, {6}, {3, 4}, {1}], [{8, 5}, {2, 7}, {6}, {4}, {1, 3}], [{8, 5}, {2, 7}, {6}, {4}, {3}, {1}], [{8, 5}, {3, 7}, {1, 6}, {2, 4}], [{8, 5}, {3, 7}, {2, 6}, {1, 4}], [{8, 5}, {3, 7}, {4, 6}, {1, 2}], [{8, 5}, {3, 7}, {6}, {1, 4}, {2}], [{8, 5}, {4, 7}, {1, 6}, {2, 3}], [{8, 5}, {4, 7}, {2, 6}, {1, 3}], [{8, 5}, {4, 7}, {3, 6}, {1, 2}], [{8, 5}, {4, 7}, {6}, {3}, {1, 2}], [{8, 5}, {6, 7}, {1, 4}, {2, 3}], [{8, 5}, {6, 7}, {1, 4}, {3}, {2}], [{8, 5}, {6, 7}, {2, 4}, {1, 3}], [{8, 5}, {6, 7}, {3, 4}, {1, 2}], [{8, 5}, {7}, {2, 6}, {1, 4}, {3}], [{8, 5}, {7}, {3, 6}, {1, 4}, {2}], [{8, 5}, {7}, {6}, {1, 4}, {2, 3}], [{8, 5}, {7}, {6}, {1, 4}, {3}, {2}], [{8, 6}, {1, 7}, {2, 5}, {3, 4}], [{8, 6}, {1, 7}, {3, 5}, {2, 4}], [{8, 6}, {1, 7}, {4, 5}, {2, 3}], [{8, 6}, {1, 7}, {5}, {2, 4}, {3}], [{8, 6}, {2, 7}, {1, 5}, {3, 4}], [{8, 6}, {2, 7}, {1, 5}, {4}, {3}], [{8, 6}, {2, 7}, {3, 5}, {1, 4}], [{8, 6}, {2, 7}, {4, 5}, {1, 3}], [{8, 6}, {3, 7}, {1, 5}, {2, 4}], [{8, 6}, {3, 7}, {2, 5}, {1, 4}], [{8, 6}, {3, 7}, {4, 5}, {1, 2}], [{8, 6}, {3, 7}, {5}, {1, 4}, {2}], [{8, 6}, {4, 7}, {1, 5}, {2, 3}], [{8, 6}, {4, 7}, {2, 5}, {1, 3}], [{8, 6}, {4, 7}, {3, 5}, {1, 2}], [{8, 6}, {5, 7}, {1, 4}, {2, 3}], [{8, 6}, {5, 7}, {1, 4}, {3}, {2}], [{8, 6}, {5, 7}, {2, 4}, {1, 3}], [{8, 6}, {5, 7}, {3, 4}, {1, 2}], [{8, 6}, {5, 7}, {4}, {2, 3}, {1}], [{8, 6}, {7}, {3, 5}, {1, 4}, {2}], [{8, 7}, {1, 6}, {2, 5}, {3, 4}], [{8, 7}, {1, 6}, {2, 5}, {4}, {3}], [{8, 7}, {1, 6}, {3, 5}, {2, 4}], [{8, 7}, {1, 6}, {4, 5}, {2, 3}], [{8, 7}, {2, 6}, {1, 5}, {3, 4}], [{8, 7}, {2, 6}, {3, 5}, {1, 4}], [{8, 7}, {2, 6}, {4, 5}, {1, 3}], [{8, 7}, {2, 6}, {5}, {1, 4}, {3}], [{8, 7}, {3, 6}, {1, 5}, {2, 4}], [{8, 7}, {3, 6}, {2, 5}, {1, 4}], [{8, 7}, {3, 6}, {2, 5}, {4}, {1}], [{8, 7}, {3, 6}, {4, 5}, {1, 2}], [{8, 7}, {3, 6}, {5}, {1, 4}, {2}], [{8, 7}, {4, 6}, {1, 5}, {2, 3}], [{8, 7}, {4, 6}, {2, 5}, {1, 3}], [{8, 7}, {4, 6}, {2, 5}, {3}, {1}], [{8, 7}, {4, 6}, {3, 5}, {1, 2}], [{8, 7}, {5, 6}, {1, 4}, {2, 3}], [{8, 7}, {5, 6}, {1, 4}, {3}, {2}], [{8, 7}, {5, 6}, {2, 4}, {1, 3}], [{8, 7}, {5, 6}, {3, 4}, {1, 2}], [{8, 7}, {6}, {1, 5}, {2, 4}, {3}], [{8, 7}, {6}, {2, 5}, {1, 4}, {3}], [{8, 7}, {6}, {2, 5}, {3, 4}, {1}], [{8, 7}, {6}, {2, 5}, {4}, {1, 3}], [{8, 7}, {6}, {2, 5}, {4}, {3}, {1}], [{8, 7}, {6}, {3, 5}, {1, 4}, {2}], [{8, 7}, {6}, {4, 5}, {3}, {1, 2}], [{8, 7}, {6}, {5}, {1, 4}, {2, 3}], [{8, 7}, {6}, {5}, {1, 4}, {3}, {2}], [{8}, {1, 7}, {5, 6}, {2, 4}, {3}], [{8}, {2, 7}, {3, 6}, {5}, {1, 4}], [{8}, {3, 7}, {5, 6}, {1, 4}, {2}], [{8}, {5, 7}, {2, 6}, {1, 4}, {3}], [{8}, {5, 7}, {3, 6}, {1, 4}, {2}], [{8}, {5, 7}, {6}, {1, 4}, {2, 3}], [{8}, {5, 7}, {6}, {1, 4}, {3}, {2}], [{8}, {6, 7}, {3, 5}, {1, 4}, {2}], [{8}, {7}, {3, 6}, {2, 5}, {1, 4}], [{8}, {7}, {3, 6}, {5}, {1, 4}, {2}], [{8}, {7}, {4, 6}, {3, 5}, {1, 2}]]",2,- 8 K_1^4 + 8 K_1^3 + 12 K_1^2 K_2 - 2 K_1^2 - 8 K_1 K_2 - 4 K_1 K_3 - 2 K_1 - 2 K_2^2 + K_2 + 2 K_3 + K_4 + 3,O1O2O3O4U5U2U1O5O6U4O7U3U7O8U6U8,O1O2O3U4U5U2U1O6O7U6O8O5U8O4U7U3,O1O2O3U1U4O5U6O7O6U8O4O8U3U2U7U5,c,{'O1O2O3O4U5U6O5U7U2O7U1O6O8U4U3U8'},1,"<a href=""/flatknot/8.857883"">8.857883</a>",t^9-47t^7-122t^6+131t^5+444t^4-154t^3-208t^2+185t-38,-t^2+2t,,
8.857884,O1O2O3O4U5U6O5U7U2O7U3O6O8U1U8U4,3,3z^2+56z+101,3w^3z^2+56w^2z+101w,False,False,"[[ 0 -2  0  1  3 -1 -1 -1  1],[ 2  0  1  2  4  1  1  1  1],[ 0 -1  0  0  0  0  1  0  0],[-1 -2  0  0  0 -1  0 -1  0],[-3 -4  0  0  0 -4 -2 -3  0],[ 1 -1  0  1  4  0 -1  0  1],[ 1 -1 -1  0  2  1  0  0  1],[ 1 -1  0  1  3  0  0  0  1],[-1 -1  0  0  0 -1 -1 -1  0]]","[[ 0  3  1  0 -1 -1 -2],[-3  0  0  0 -2 -4 -4],[-1  0  0  0  0 -1 -2],[ 0  0  0  0  1  0 -1],[ 1  2  0 -1  0  1 -1],[ 1  4  1  0 -1  0 -1],[ 2  4  2  1  1  1  0]]",False,"[-3,-1,0,1,1,2,0,0,2,4,4,0,0,1,2,-1,0,1,-1,1,1]","[-3,-1,0,1,1,2,0,0,2,4,4,0,0,1,2,-1,0,1,-1,1,1]",t^6+46t^4+159t^2+4,"[-2,-1,-1,0,1,3,0,0,1,1,1,-1,2,2,2,1,1,0,1,3,2]","[-3,-1,0,1,1,2,2,3,0,2,1,1,1,2,1,1,2,1,-1,0,0]","[-2,-1,-1,0,1,3,1,1,1,2,4,-1,0,1,4,-1,0,2,0,0,0]",c,"[[{8, 5}, {3, 7}, {1, 6}, {2, 4}], [{8, 5}, {3, 7}, {1, 6}, {4}, {2}], [{8, 5}, {3, 7}, {2, 6}, {1, 4}], [{8, 5}, {3, 7}, {4, 6}, {1, 2}], [{8, 5}, {3, 7}, {4, 6}, {2}, {1}], [{8, 5}, {3, 7}, {6}, {1, 4}, {2}], [{8, 7}, {1, 6}, {3, 5}, {2, 4}], [{8, 7}, {1, 6}, {3, 5}, {4}, {2}], [{8, 7}, {2, 6}, {3, 5}, {1, 4}], [{8, 7}, {4, 6}, {3, 5}, {1, 2}], [{8, 7}, {4, 6}, {3, 5}, {2}, {1}], [{8, 7}, {6}, {3, 5}, {1, 4}, {2}]]",1,4 K_1^2 K_2 - 20 K_1^2 - 22 K_1 K_2 - 6 K_1 K_3 + 11 K_1 - 2 K_2^2 + 11 K_2 + 11 K_3 + 3 K_4 + 11,O1O2O3O4U1U5U4O5O6U2O7U3U7O8U6U8,O1O2O3U1U4U5U3O6O7U6O8O4U8O5U7U2,O1O2O3U2U4O5U6O7O6U8O4O8U1U5U7U3,c,"{'O1O2O3O4U5U6O5U3U7U2O7O6O8U1U8U4', 'O1O2O3O4U5U6O5U7U2O7U3O6O8U1U8U4'}",2,"<a href=""/flatknot/8.857884"">8.857884</a>",t^7-42t^5-82t^4+16t^3+56t^2-22t+2,-t^3+t^2+t,,
8.857885,O1O2O3O4U5U6O5U7U2O7U3O6O8U4U1U8,4,3z^2+56z+101,3w^3z^2+56w^2z+101w,False,False,"[[ 0 -1  0  1  1 -1 -1 -1  2],[ 1  0  0  1  2  0  0  0  2],[ 0  0  0  0  0  0  1  0  1],[-1 -1  0  0  0 -1  0 -1  1],[-1 -2  0  0  0 -2  0 -1  1],[ 1  0  0  1  2  0 -1  0  2],[ 1  0 -1  0  0  1  0  0  2],[ 1  0  0  1  1  0  0  0  2],[-2 -2 -1 -1 -1 -2 -2 -2  0]]","[[ 0  2  1  1  0 -1 -1 -1 -1],[-2  0 -1 -1 -1 -2 -2 -2 -2],[-1  1  0  0  0  0 -1 -1 -1],[-1  1  0  0  0  0 -1 -2 -2],[ 0  1  0  0  0  1  0  0  0],[ 1  2  0  0 -1  0  0  1  0],[ 1  2  1  1  0  0  0  0  0],[ 1  2  1  2  0 -1  0  0  0],[ 1  2  1  2  0  0  0  0  0]]",True,"[-2,-1,-1,0,1,1,1,1,1,1,1,2,2,2,2,0,0,0,1,1,1,0,0,1,2,2,-1,0,0,0,0,-1,0,0,0,0]","[-2,-1,-1,0,1,1,1,1,0,0,1,1,1,1,1,0,1,0,0,1,2,1,1,1,1,2,1,1,1,2,0,0,-1,0,0,0]",t^8+33t^6+132t^4+31t^2+1,"[-1,-1,-1,-1,0,1,1,2,-1,0,0,2,2,2,1,0,0,1,0,1,1,0,1,0,1,1,1,1,1,1,1,1,1,0,0,0]","[-2,-1,-1,0,1,1,1,1,0,0,1,1,1,1,1,0,1,0,0,1,2,1,1,1,1,2,1,1,1,2,0,0,-1,0,0,0]","[-1,-1,-1,-1,0,1,1,2,-1,0,0,0,1,2,2,0,0,-1,0,0,2,0,0,1,1,2,0,1,2,2,0,0,1,0,1,1]",c,"[[{8, 1}, {2, 7}, {3, 6}, {4, 5}], [{8, 2}, {1, 7}, {3, 6}, {4, 5}], [{8, 7}, {3, 6}, {4, 5}, {1, 2}]]",1,4 K_1^3 + 4 K_1^2 K_2 - 24 K_1^2 - 20 K_1 K_2 - 6 K_1 K_3 + 7 K_1 - 2 K_2^2 + 13 K_2 + 9 K_3 + 3 K_4 + 13,O1O2O3O4U5U4U1O5O6U2O7U3U7O8U6U8,O1O2O3U2U4U5U1O6O7U6O8O4U8O5U7U3,O1O2O3U1U4O5U6O7O6U8O4O8U3U5U7U2,c,"{'O1O2O3O4U5U6O5U7U2O7U3O6O8U4U1U8', 'O1O2O3O4U5U6O5U3U7U2O7O6O8U4U1U8'}",2,"<a href=""/flatknot/8.857885"">8.857885</a>",t^9-31t^7-38t^6+99t^5+74t^4-59t^3+4t^2+10t,-t^2+2t,,
8.857886,O1O2O3O4U5U6O5U7U2O7U4O6O8U1U8U3,3,10z^2+61z+83,10w^3z^2+61w^2z+83w,False,False,"[[ 0 -2  0  2  2 -1 -1 -1  1],[ 2  0  1  3  2  1  1  1  1],[ 0 -1  0  0  0  0  1  0  0],[-2 -3  0  0  1 -3 -2 -2  0],[-2 -2  0 -1  0 -2 -1 -2  0],[ 1 -1  0  3  2  0 -1  0  1],[ 1 -1 -1  2  1  1  0  0  1],[ 1 -1  0  2  2  0  0  0  1],[-1 -1  0  0  0 -1 -1 -1  0]]","[[ 0  2  2  0 -1 -1 -2],[-2  0  1  0 -2 -3 -3],[-2 -1  0  0 -1 -2 -2],[ 0  0  0  0  1  0 -1],[ 1  2  1 -1  0  1 -1],[ 1  3  2  0 -1  0 -1],[ 2  3  2  1  1  1  0]]",False,"[-2,-2,0,1,1,2,-1,0,2,3,3,0,1,2,2,-1,0,1,-1,1,1]","[-2,-2,0,1,1,2,-1,0,2,3,3,0,1,2,2,-1,0,1,-1,1,1]",t^6+37t^4+96t^2+1,"[-2,-1,-1,0,2,2,0,0,1,1,2,-1,2,1,2,1,0,1,2,2,-1]","[-2,-2,0,1,1,2,-1,2,1,2,2,2,0,1,1,1,2,1,-1,0,0]","[-2,-1,-1,0,2,2,1,1,1,2,3,-1,0,2,3,-1,1,2,0,0,-1]",c,"[[{8, 7}, {4, 6}, {3, 5}, {1, 2}]]",1,- 10 K_1^2 - 8 K_1 K_2 + 4 K_1 - 4 K_2^2 + 5 K_2 + 4 K_3 + 2 K_4 + 8,O1O2O3O4U2U5U4O5O6U1O7U3U7O8U6U8,O1O2O3U1U4U3U5O6O7U6O8O4U8O5U7U2,O1O2O3U2U4O5U6O7O6U8O4O8U5U1U7U3,c,"{'O1O2O3O4U5U6O5U7U2O7U4O6O8U1U8U3', 'O1O2O3U4O5U6U7O4U2U5O7O6O8U1U8U3'}",2,"<a href=""/flatknot/8.857886"">8.857886</a>",t^7-35t^5-92t^4-75t^3-22t^2-6t+2,-t^2+2t,,
8.857887,O1O2O3O4U5U6O5U7U2O7U4O6O8U3U1U8,4,11z^2+64z+85,11w^3z^2+64w^2z+85w,False,False,"[[ 0 -1  0  0  2 -1 -1 -1  2],[ 1  0  0  1  2  0  0  0  2],[ 0  0  0  0  0  0  1  0  1],[ 0 -1  0  0  1 -1  0  0  1],[-2 -2  0 -1  0 -2 -1 -2  0],[ 1  0  0  1  2  0 -1  0  2],[ 1  0 -1  0  1  1  0  0  2],[ 1  0  0  0  2  0  0  0  2],[-2 -2 -1 -1  0 -2 -2 -2  0]]","[[ 0  2  2  0  0 -1 -1 -1 -1],[-2  0  0  0 -1 -1 -2 -2 -2],[-2  0  0 -1 -1 -2 -2 -2 -2],[ 0  0  1  0  0  1  0  0  0],[ 0  1  1  0  0  0  0 -1 -1],[ 1  1  2 -1  0  0  0  1  0],[ 1  2  2  0  0  0  0  0  0],[ 1  2  2  0  1 -1  0  0  0],[ 1  2  2  0  1  0  0  0  0]]",True,"[-2,-2,0,0,1,1,1,1,0,0,1,1,2,2,2,1,1,2,2,2,2,0,-1,0,0,0,0,0,1,1,0,-1,0,0,0,0]","[-2,-2,0,0,1,1,1,1,0,0,1,1,2,2,2,1,1,2,2,2,2,0,-1,0,0,0,0,0,1,1,0,-1,0,0,0,0]",t^8+36t^6+113t^4+54t^2+4,"[-1,-1,-1,-1,0,0,2,2,-1,0,0,1,2,1,2,0,0,0,1,1,1,0,0,1,1,1,1,1,1,1,0,1,1,1,2,0]","[-2,-2,0,0,1,1,1,1,0,1,1,1,1,1,1,1,2,1,1,1,2,0,0,0,1,1,1,1,1,2,0,0,-1,0,0,0]","[-1,-1,-1,-1,0,0,2,2,-1,0,0,0,1,2,2,0,0,-1,0,1,2,0,0,0,2,2,0,1,2,2,0,0,1,1,1,0]",c,"[[{8, 2}, {5, 7}, {1, 6}, {3, 4}], [{8, 2}, {5, 7}, {1, 6}, {4}, {3}]]",1,- 8 K_1^2 - 8 K_1 K_2 + 4 K_1 - 4 K_2^2 + 4 K_2 + 4 K_3 + 2 K_4 + 7,O1O2O3O4U5U4U2O5O6U1O7U3U7O8U6U8,O1O2O3U2U4U1U5O6O7U6O8O4U8O5U7U3,O1O2O3U1U4O5U6O7O6U8O4O8U5U3U7U2,c,"{'O1O2O3O4U5U6O5U7U2O7U4O6O8U3U1U8', 'O1O2O3U4O5U6U7O4U2U5O7O6O8U3U1U8'}",2,"<a href=""/flatknot/8.857887"">8.857887</a>",t^9-32t^7-34t^6+77t^5+78t^4-27t^3-14t^2+7t,-2t^2+4t,,
8.857888,O1O2O3O4U5U6O5U7U2O7U8O6O8U1U3U4,4,10z^3+60z^2+115z+71,10w^4z^3+60w^3z^2+115w^2z+71w,False,False,"[[ 0 -2  0  1  3 -1 -1 -1  1],[ 2  0  2  2  3  1  1  1  3],[ 0 -2  0 -1  0  0  2  0  1],[-1 -2  1  0  1 -2 -1 -1  0],[-3 -3  0 -1  0 -4 -3 -3 -2],[ 1 -1  0  2  4  0 -1  0  1],[ 1 -1 -2  1  3  1  0  0  1],[ 1 -1  0  1  3  0  0  0  2],[-1 -3 -1  0  2 -1 -1 -2  0]]","[[ 0  3  1  1  0 -1 -1 -1 -2],[-3  0 -1 -2  0 -3 -3 -4 -3],[-1  1  0  0  1 -1 -1 -2 -2],[-1  2  0  0 -1 -1 -2 -1 -3],[ 0  0 -1  1  0  2  0  0 -2],[ 1  3  1  1 -2  0  0  1 -1],[ 1  3  1  2  0  0  0  0 -1],[ 1  4  2  1  0 -1  0  0 -1],[ 2  3  2  3  2  1  1  1  0]]",True,"[-3,-1,-1,0,1,1,1,2,1,2,0,3,3,4,3,0,-1,1,1,2,2,1,1,2,1,3,-2,0,0,2,0,-1,1,0,1,1]","[-3,-1,-1,0,1,1,1,2,0,1,3,0,1,1,2,0,0,1,0,1,0,2,0,1,1,1,1,1,3,0,0,-1,0,0,0,0]",t^8+87t^6+942t^4+439t^2+4,"[-2,-1,-1,-1,0,1,1,3,0,0,0,0,0,1,2,-1,0,3,1,1,1,0,1,1,0,0,1,0,1,1,0,2,3,0,0,1]","[-3,-1,-1,0,1,1,1,2,0,1,3,0,1,1,2,0,0,1,0,1,0,2,0,1,1,1,1,1,3,0,0,-1,0,0,0,0]","[-2,-1,-1,-1,0,1,1,3,1,1,1,2,2,3,3,-1,0,0,2,1,4,0,-2,1,1,3,0,1,2,3,-1,1,0,0,1,2]",c,"[[{8, 1}, {2, 7}, {3, 6}, {4, 5}], [{8, 1}, {2, 7}, {4, 6}, {3, 5}], [{8, 1}, {2, 7}, {5, 6}, {3, 4}], [{8, 1}, {2, 7}, {6}, {4, 5}, {3}], [{8, 1}, {3, 7}, {2, 6}, {4, 5}], [{8, 1}, {3, 7}, {4, 6}, {2, 5}], [{8, 1}, {3, 7}, {5, 6}, {2, 4}], [{8, 1}, {4, 7}, {2, 6}, {3, 5}], [{8, 1}, {4, 7}, {2, 6}, {5}, {3}], [{8, 1}, {4, 7}, {3, 6}, {2, 5}], [{8, 1}, {4, 7}, {5, 6}, {2, 3}], [{8, 1}, {4, 7}, {5, 6}, {3}, {2}], [{8, 1}, {4, 7}, {6}, {2, 5}, {3}], [{8, 1}, {5, 7}, {2, 6}, {3, 4}], [{8, 1}, {5, 7}, {2, 6}, {4}, {3}], [{8, 1}, {5, 7}, {3, 6}, {2, 4}], [{8, 1}, {5, 7}, {4, 6}, {2, 3}], [{8, 1}, {6, 7}, {2, 5}, {3, 4}], [{8, 1}, {6, 7}, {3, 5}, {2, 4}], [{8, 1}, {6, 7}, {4, 5}, {2, 3}], [{8, 1}, {6, 7}, {4, 5}, {3}, {2}], [{8, 1}, {7}, {2, 6}, {4, 5}, {3}], [{8, 1}, {7}, {3, 6}, {2, 5}, {4}], [{8, 2}, {1, 7}, {3, 6}, {4, 5}], [{8, 2}, {1, 7}, {4, 6}, {3, 5}], [{8, 2}, {1, 7}, {5, 6}, {3, 4}], [{8, 2}, {3, 7}, {1, 6}, {4, 5}], [{8, 2}, {3, 7}, {1, 6}, {5}, {4}], [{8, 2}, {3, 7}, {4, 6}, {1, 5}], [{8, 2}, {3, 7}, {4, 6}, {5}, {1}], [{8, 2}, {3, 7}, {5, 6}, {1, 4}], [{8, 2}, {3, 7}, {6}, {5}, {1, 4}], [{8, 2}, {4, 7}, {1, 6}, {3, 5}], [{8, 2}, {4, 7}, {3, 6}, {1, 5}], [{8, 2}, {4, 7}, {3, 6}, {5}, {1}], [{8, 2}, {4, 7}, {5, 6}, {1, 3}], [{8, 2}, {5, 7}, {1, 6}, {3, 4}], [{8, 2}, {5, 7}, {1, 6}, {4}, {3}], [{8, 2}, {5, 7}, {3, 6}, {1, 4}], [{8, 2}, {5, 7}, {4, 6}, {1, 3}], [{8, 2}, {5, 7}, {4, 6}, {3}, {1}], [{8, 2}, {5, 7}, {6}, {1, 4}, {3}], [{8, 2}, {6, 7}, {1, 5}, {3, 4}], [{8, 2}, {6, 7}, {1, 5}, {4}, {3}], [{8, 2}, {6, 7}, {3, 5}, {1, 4}], [{8, 2}, {6, 7}, {4, 5}, {1, 3}], [{8, 2}, {7}, {1, 6}, {3, 5}, {4}], [{8, 2}, {7}, {4, 6}, {3, 5}, {1}], [{8, 2}, {7}, {6}, {3, 5}, {1, 4}], [{8, 3}, {1, 7}, {2, 6}, {4, 5}], [{8, 3}, {1, 7}, {4, 6}, {2, 5}], [{8, 3}, {1, 7}, {4, 6}, {5}, {2}], [{8, 3}, {1, 7}, {5, 6}, {2, 4}], [{8, 3}, {2, 7}, {1, 6}, {4, 5}], [{8, 3}, {2, 7}, {1, 6}, {5}, {4}], [{8, 3}, {2, 7}, {4, 6}, {1, 5}], [{8, 3}, {2, 7}, {4, 6}, {5}, {1}], [{8, 3}, {2, 7}, {5, 6}, {1, 4}], [{8, 3}, {2, 7}, {6}, {5}, {1, 4}], [{8, 3}, {4, 7}, {1, 6}, {2, 5}], [{8, 3}, {4, 7}, {1, 6}, {5}, {2}], [{8, 3}, {4, 7}, {2, 6}, {1, 5}], [{8, 3}, {4, 7}, {5, 6}, {1, 2}], [{8, 3}, {5, 7}, {1, 6}, {2, 4}], [{8, 3}, {5, 7}, {1, 6}, {4}, {2}], [{8, 3}, {5, 7}, {2, 6}, {1, 4}], [{8, 3}, {5, 7}, {4, 6}, {1, 2}], [{8, 3}, {5, 7}, {4, 6}, {2}, {1}], [{8, 3}, {5, 7}, {6}, {1, 4}, {2}], [{8, 3}, {6, 7}, {1, 5}, {2, 4}], [{8, 3}, {6, 7}, {2, 5}, {1, 4}], [{8, 3}, {6, 7}, {4, 5}, {1, 2}], [{8, 3}, {6, 7}, {5}, {1, 4}, {2}], [{8, 3}, {7}, {1, 6}, {2, 5}, {4}], [{8, 3}, {7}, {1, 6}, {4, 5}, {2}], [{8, 3}, {7}, {1, 6}, {5}, {2, 4}], [{8, 3}, {7}, {1, 6}, {5}, {4}, {2}], [{8, 3}, {7}, {2, 6}, {5}, {1, 4}], [{8, 3}, {7}, {4, 6}, {1, 5}, {2}], [{8, 3}, {7}, {4, 6}, {2, 5}, {1}], [{8, 3}, {7}, {4, 6}, {5}, {1, 2}], [{8, 3}, {7}, {4, 6}, {5}, {2}, {1}], [{8, 3}, {7}, {5, 6}, {1, 4}, {2}], [{8, 3}, {7}, {6}, {2, 5}, {1, 4}], [{8, 3}, {7}, {6}, {5}, {1, 4}, {2}], [{8, 4}, {1, 7}, {2, 6}, {3, 5}], [{8, 4}, {1, 7}, {3, 6}, {2, 5}], [{8, 4}, {1, 7}, {5, 6}, {2, 3}], [{8, 4}, {1, 7}, {5, 6}, {3}, {2}], [{8, 4}, {2, 7}, {1, 6}, {3, 5}], [{8, 4}, {2, 7}, {3, 6}, {1, 5}], [{8, 4}, {2, 7}, {5, 6}, {1, 3}], [{8, 4}, {3, 7}, {1, 6}, {2, 5}], [{8, 4}, {3, 7}, {2, 6}, {1, 5}], [{8, 4}, {3, 7}, {5, 6}, {1, 2}], [{8, 4}, {5, 7}, {1, 6}, {2, 3}], [{8, 4}, {5, 7}, {2, 6}, {1, 3}], [{8, 4}, {5, 7}, {2, 6}, {3}, {1}], [{8, 4}, {5, 7}, {3, 6}, {1, 2}], [{8, 4}, {6, 7}, {1, 5}, {2, 3}], [{8, 4}, {6, 7}, {1, 5}, {3}, {2}], [{8, 4}, {6, 7}, {2, 5}, {1, 3}], [{8, 4}, {6, 7}, {3, 5}, {1, 2}], [{8, 4}, {7}, {3, 6}, {5}, {1, 2}], [{8, 4}, {7}, {6}, {2, 5}, {1, 3}], [{8, 5}, {1, 7}, {2, 6}, {3, 4}], [{8, 5}, {1, 7}, {2, 6}, {4}, {3}], [{8, 5}, {1, 7}, {3, 6}, {2, 4}], [{8, 5}, {1, 7}, {3, 6}, {4}, {2}], [{8, 5}, {1, 7}, {4, 6}, {2, 3}], [{8, 5}, {1, 7}, {6}, {4}, {2, 3}], [{8, 5}, {2, 7}, {1, 6}, {3, 4}], [{8, 5}, {2, 7}, {1, 6}, {4}, {3}], [{8, 5}, {2, 7}, {3, 6}, {1, 4}], [{8, 5}, {2, 7}, {4, 6}, {1, 3}], [{8, 5}, {2, 7}, {4, 6}, {3}, {1}], [{8, 5}, {2, 7}, {6}, {1, 4}, {3}], [{8, 5}, {3, 7}, {1, 6}, {2, 4}], [{8, 5}, {3, 7}, {1, 6}, {4}, {2}], [{8, 5}, {3, 7}, {2, 6}, {1, 4}], [{8, 5}, {3, 7}, {4, 6}, {1, 2}], [{8, 5}, {3, 7}, {4, 6}, {2}, {1}], [{8, 5}, {3, 7}, {6}, {1, 4}, {2}], [{8, 5}, {4, 7}, {1, 6}, {2, 3}], [{8, 5}, {4, 7}, {2, 6}, {1, 3}], [{8, 5}, {4, 7}, {2, 6}, {3}, {1}], [{8, 5}, {4, 7}, {3, 6}, {1, 2}], [{8, 5}, {4, 7}, {3, 6}, {2}, {1}], [{8, 5}, {4, 7}, {6}, {2, 3}, {1}], [{8, 5}, {6, 7}, {1, 4}, {2, 3}], [{8, 5}, {6, 7}, {1, 4}, {3}, {2}], [{8, 5}, {6, 7}, {2, 4}, {1, 3}], [{8, 5}, {6, 7}, {3, 4}, {1, 2}], [{8, 5}, {6, 7}, {4}, {2, 3}, {1}], [{8, 5}, {7}, {1, 6}, {4}, {2, 3}], [{8, 5}, {7}, {2, 6}, {1, 4}, {3}], [{8, 5}, {7}, {3, 6}, {1, 4}, {2}], [{8, 5}, {7}, {4, 6}, {2, 3}, {1}], [{8, 5}, {7}, {6}, {1, 4}, {2, 3}], [{8, 5}, {7}, {6}, {1, 4}, {3}, {2}], [{8, 5}, {7}, {6}, {2, 4}, {1, 3}], [{8, 5}, {7}, {6}, {3, 4}, {1, 2}], [{8, 5}, {7}, {6}, {4}, {2, 3}, {1}], [{8, 6}, {1, 7}, {2, 5}, {3, 4}], [{8, 6}, {1, 7}, {2, 5}, {4}, {3}], [{8, 6}, {1, 7}, {3, 5}, {2, 4}], [{8, 6}, {1, 7}, {3, 5}, {4}, {2}], [{8, 6}, {1, 7}, {4, 5}, {2, 3}], [{8, 6}, {1, 7}, {5}, {4}, {2, 3}], [{8, 6}, {2, 7}, {1, 5}, {3, 4}], [{8, 6}, {2, 7}, {3, 5}, {1, 4}], [{8, 6}, {2, 7}, {4, 5}, {1, 3}], [{8, 6}, {3, 7}, {1, 5}, {2, 4}], [{8, 6}, {3, 7}, {1, 5}, {4}, {2}], [{8, 6}, {3, 7}, {2, 5}, {1, 4}], [{8, 6}, {3, 7}, {4, 5}, {1, 2}], [{8, 6}, {3, 7}, {4, 5}, {2}, {1}], [{8, 6}, {3, 7}, {5}, {1, 4}, {2}], [{8, 6}, {4, 7}, {1, 5}, {2, 3}], [{8, 6}, {4, 7}, {2, 5}, {1, 3}], [{8, 6}, {4, 7}, {3, 5}, {1, 2}], [{8, 6}, {4, 7}, {3, 5}, {2}, {1}], [{8, 6}, {5, 7}, {1, 4}, {2, 3}], [{8, 6}, {5, 7}, {1, 4}, {3}, {2}], [{8, 6}, {5, 7}, {2, 4}, {1, 3}], [{8, 6}, {5, 7}, {3, 4}, {1, 2}], [{8, 6}, {7}, {3, 5}, {1, 4}, {2}], [{8, 6}, {7}, {4, 5}, {3}, {1, 2}], [{8, 7}, {1, 6}, {2, 5}, {3, 4}], [{8, 7}, {1, 6}, {2, 5}, {4}, {3}], [{8, 7}, {1, 6}, {3, 5}, {2, 4}], [{8, 7}, {1, 6}, {3, 5}, {4}, {2}], [{8, 7}, {1, 6}, {4, 5}, {2, 3}], [{8, 7}, {1, 6}, {5}, {4}, {2, 3}], [{8, 7}, {2, 6}, {1, 5}, {3, 4}], [{8, 7}, {2, 6}, {3, 5}, {1, 4}], [{8, 7}, {2, 6}, {4, 5}, {1, 3}], [{8, 7}, {2, 6}, {5}, {1, 4}, {3}], [{8, 7}, {3, 6}, {1, 5}, {2, 4}], [{8, 7}, {3, 6}, {1, 5}, {4}, {2}], [{8, 7}, {3, 6}, {2, 5}, {1, 4}], [{8, 7}, {3, 6}, {4, 5}, {1, 2}], [{8, 7}, {3, 6}, {4, 5}, {2}, {1}], [{8, 7}, {3, 6}, {5}, {1, 4}, {2}], [{8, 7}, {4, 6}, {1, 5}, {2, 3}], [{8, 7}, {4, 6}, {2, 5}, {1, 3}], [{8, 7}, {4, 6}, {2, 5}, {3}, {1}], [{8, 7}, {4, 6}, {3, 5}, {1, 2}], [{8, 7}, {4, 6}, {3, 5}, {2}, {1}], [{8, 7}, {4, 6}, {5}, {2, 3}, {1}], [{8, 7}, {5, 6}, {1, 4}, {2, 3}], [{8, 7}, {5, 6}, {1, 4}, {3}, {2}], [{8, 7}, {5, 6}, {2, 4}, {1, 3}], [{8, 7}, {5, 6}, {2, 4}, {3}, {1}], [{8, 7}, {5, 6}, {3, 4}, {1, 2}], [{8, 7}, {5, 6}, {4}, {3}, {1, 2}], [{8, 7}, {6}, {2, 5}, {1, 4}, {3}], [{8, 7}, {6}, {3, 5}, {1, 4}, {2}], [{8, 7}, {6}, {5}, {1, 4}, {2, 3}], [{8, 7}, {6}, {5}, {1, 4}, {3}, {2}], [{8}, {1, 7}, {5, 6}, {4}, {2, 3}], [{8}, {2, 7}, {1, 6}, {3, 5}, {4}], [{8}, {2, 7}, {4, 6}, {3, 5}, {1}], [{8}, {2, 7}, {6}, {3, 5}, {1, 4}], [{8}, {3, 7}, {1, 6}, {2, 5}, {4}], [{8}, {3, 7}, {2, 6}, {5}, {1, 4}], [{8}, {3, 7}, {4, 6}, {2, 5}, {1}], [{8}, {3, 7}, {5, 6}, {1, 4}, {2}], [{8}, {3, 7}, {6}, {2, 5}, {1, 4}], [{8}, {3, 7}, {6}, {5}, {1, 4}, {2}], [{8}, {4, 7}, {2, 6}, {1, 5}, {3}], [{8}, {4, 7}, {3, 6}, {2, 5}, {1}], [{8}, {5, 7}, {1, 6}, {4}, {2, 3}], [{8}, {5, 7}, {2, 6}, {1, 4}, {3}], [{8}, {5, 7}, {3, 6}, {1, 4}, {2}], [{8}, {5, 7}, {3, 6}, {2, 4}, {1}], [{8}, {5, 7}, {3, 6}, {4}, {1, 2}], [{8}, {5, 7}, {4, 6}, {2, 3}, {1}], [{8}, {5, 7}, {6}, {1, 4}, {2, 3}], [{8}, {5, 7}, {6}, {1, 4}, {3}, {2}], [{8}, {6, 7}, {1, 5}, {2, 4}, {3}], [{8}, {6, 7}, {3, 5}, {1, 4}, {2}], [{8}, {7}, {2, 6}, {3, 5}, {1, 4}], [{8}, {7}, {6}, {3, 5}, {1, 4}, {2}]]",2,- 8 K_1^4 + 12 K_1^3 + 16 K_1^2 K_2 - 6 K_1^2 - 10 K_1 K_2 - 4 K_1 K_3 - 4 K_1 - 2 K_2^2 + K_2 + 2 K_3 + 4,O1O2O3O4U1U2U4O5O6U5O7U3U7O8U6U8,O1O2O3U1U4U2U3O5O6U5O7O4U7O8U6U8,O1O2O3U4U5O4U6O7O6U8O5O8U1U2U7U3,c,{'O1O2O3O4U5U6O5U7U2O7U8O6O8U1U3U4'},1,"<a href=""/flatknot/8.857888"">8.857888</a>",t^9-83t^7-292t^6+163t^5+1110t^4-353t^3-972t^2+353t+82,-t^3+t^2+t,,
8.857889,O1O2O3O4U5U6O5U7U2O7U8O6O8U1U4U3,4,6z^3+49z^2+116z+85,6w^4z^3+49w^3z^2+116w^2z+85w,False,False,"[[ 0 -2  0  2  2 -1 -1 -1  1],[ 2  0  2  3  2  1  1  1  3],[ 0 -2  0  0 -1  0  2  0  1],[-2 -3  0  0  0 -3 -2 -2 -1],[-2 -2  1  0  0 -3 -2 -2 -1],[ 1 -1  0  3  3  0 -1  0  1],[ 1 -1 -2  2  2  1  0  0  1],[ 1 -1  0  2  2  0  0  0  2],[-1 -3 -1  1  1 -1 -1 -2  0]]","[[ 0  2  2  1  0 -1 -1 -1 -2],[-2  0  0 -1  1 -2 -2 -3 -2],[-2  0  0 -1  0 -2 -2 -3 -3],[-1  1  1  0 -1 -1 -2 -1 -3],[ 0 -1  0  1  0  2  0  0 -2],[ 1  2  2  1 -2  0  0  1 -1],[ 1  2  2  2  0  0  0  0 -1],[ 1  3  3  1  0 -1  0  0 -1],[ 2  2  3  3  2  1  1  1  0]]",True,"[-2,-2,-1,0,1,1,1,2,0,1,-1,2,2,3,2,1,0,2,2,3,3,1,1,2,1,3,-2,0,0,2,0,-1,1,0,1,1]","[-2,-2,-1,0,1,1,1,2,0,0,2,0,1,1,1,0,3,0,1,1,2,0,1,0,1,0,1,1,3,0,0,-1,0,0,0,0]",t^8+78t^6+836t^4+410t^2+16,"[-2,-1,-1,-1,0,1,2,2,0,0,0,0,0,1,2,-1,0,3,1,1,1,0,1,1,0,0,1,0,1,1,0,2,3,0,0,0]","[-2,-2,-1,0,1,1,1,2,0,0,2,0,1,1,1,0,3,0,1,1,2,0,1,0,1,0,1,1,3,0,0,-1,0,0,0,0]","[-2,-1,-1,-1,0,1,2,2,1,1,1,2,3,2,3,-1,0,0,1,3,3,0,-2,1,2,2,0,2,2,2,1,-1,0,1,1,0]",c,"[[{8, 1}, {2, 7}, {3, 6}, {4, 5}], [{8, 1}, {2, 7}, {4, 6}, {3, 5}], [{8, 1}, {2, 7}, {5, 6}, {3, 4}], [{8, 1}, {2, 7}, {5, 6}, {4}, {3}], [{8, 1}, {3, 7}, {2, 6}, {4, 5}], [{8, 1}, {3, 7}, {4, 6}, {2, 5}], [{8, 1}, {3, 7}, {5, 6}, {2, 4}], [{8, 1}, {3, 7}, {6}, {2, 5}, {4}], [{8, 1}, {4, 7}, {2, 6}, {3, 5}], [{8, 1}, {4, 7}, {3, 6}, {2, 5}], [{8, 1}, {4, 7}, {5, 6}, {2, 3}], [{8, 1}, {4, 7}, {5, 6}, {3}, {2}], [{8, 1}, {5, 7}, {2, 6}, {3, 4}], [{8, 1}, {5, 7}, {2, 6}, {4}, {3}], [{8, 1}, {5, 7}, {3, 6}, {2, 4}], [{8, 1}, {5, 7}, {4, 6}, {2, 3}], [{8, 1}, {6, 7}, {2, 5}, {3, 4}], [{8, 1}, {6, 7}, {3, 5}, {2, 4}], [{8, 1}, {6, 7}, {4, 5}, {2, 3}], [{8, 1}, {6, 7}, {4, 5}, {3}, {2}], [{8, 1}, {6, 7}, {5}, {4}, {2, 3}], [{8, 1}, {7}, {4, 6}, {2, 5}, {3}], [{8, 1}, {7}, {5, 6}, {2, 4}, {3}], [{8, 2}, {1, 7}, {3, 6}, {4, 5}], [{8, 2}, {1, 7}, {4, 6}, {3, 5}], [{8, 2}, {1, 7}, {5, 6}, {3, 4}], [{8, 2}, {3, 7}, {1, 6}, {4, 5}], [{8, 2}, {3, 7}, {4, 6}, {1, 5}], [{8, 2}, {3, 7}, {5, 6}, {1, 4}], [{8, 2}, {4, 7}, {1, 6}, {3, 5}], [{8, 2}, {4, 7}, {3, 6}, {1, 5}], [{8, 2}, {4, 7}, {5, 6}, {1, 3}], [{8, 2}, {4, 7}, {6}, {1, 5}, {3}], [{8, 2}, {5, 7}, {1, 6}, {3, 4}], [{8, 2}, {5, 7}, {1, 6}, {4}, {3}], [{8, 2}, {5, 7}, {3, 6}, {1, 4}], [{8, 2}, {5, 7}, {4, 6}, {1, 3}], [{8, 2}, {6, 7}, {1, 5}, {3, 4}], [{8, 2}, {6, 7}, {3, 5}, {1, 4}], [{8, 2}, {6, 7}, {3, 5}, {4}, {1}], [{8, 2}, {6, 7}, {4, 5}, {1, 3}], [{8, 2}, {7}, {6}, {4, 5}, {1, 3}], [{8, 3}, {1, 7}, {2, 6}, {4, 5}], [{8, 3}, {1, 7}, {4, 6}, {2, 5}], [{8, 3}, {1, 7}, {5, 6}, {2, 4}], [{8, 3}, {2, 7}, {1, 6}, {4, 5}], [{8, 3}, {2, 7}, {4, 6}, {1, 5}], [{8, 3}, {2, 7}, {5, 6}, {1, 4}], [{8, 3}, {4, 7}, {1, 6}, {2, 5}], [{8, 3}, {4, 7}, {2, 6}, {1, 5}], [{8, 3}, {4, 7}, {5, 6}, {1, 2}], [{8, 3}, {4, 7}, {5, 6}, {2}, {1}], [{8, 3}, {5, 7}, {1, 6}, {2, 4}], [{8, 3}, {5, 7}, {2, 6}, {1, 4}], [{8, 3}, {5, 7}, {4, 6}, {1, 2}], [{8, 3}, {6, 7}, {1, 5}, {2, 4}], [{8, 3}, {6, 7}, {2, 5}, {1, 4}], [{8, 3}, {6, 7}, {4, 5}, {1, 2}], [{8, 3}, {6, 7}, {4, 5}, {2}, {1}], [{8, 3}, {7}, {2, 6}, {1, 5}, {4}], [{8, 3}, {7}, {4, 6}, {5}, {1, 2}], [{8, 3}, {7}, {6}, {2, 5}, {1, 4}], [{8, 4}, {1, 7}, {2, 6}, {3, 5}], [{8, 4}, {1, 7}, {3, 6}, {2, 5}], [{8, 4}, {1, 7}, {3, 6}, {5}, {2}], [{8, 4}, {1, 7}, {5, 6}, {2, 3}], [{8, 4}, {1, 7}, {6}, {2, 5}, {3}], [{8, 4}, {2, 7}, {1, 6}, {3, 5}], [{8, 4}, {2, 7}, {1, 6}, {5}, {3}], [{8, 4}, {2, 7}, {3, 6}, {1, 5}], [{8, 4}, {2, 7}, {3, 6}, {5}, {1}], [{8, 4}, {2, 7}, {5, 6}, {1, 3}], [{8, 4}, {2, 7}, {6}, {5}, {1, 3}], [{8, 4}, {3, 7}, {1, 6}, {2, 5}], [{8, 4}, {3, 7}, {1, 6}, {5}, {2}], [{8, 4}, {3, 7}, {2, 6}, {1, 5}], [{8, 4}, {3, 7}, {5, 6}, {1, 2}], [{8, 4}, {3, 7}, {6}, {2, 5}, {1}], [{8, 4}, {5, 7}, {1, 6}, {2, 3}], [{8, 4}, {5, 7}, {1, 6}, {3}, {2}], [{8, 4}, {5, 7}, {2, 6}, {1, 3}], [{8, 4}, {5, 7}, {3, 6}, {1, 2}], [{8, 4}, {5, 7}, {3, 6}, {2}, {1}], [{8, 4}, {5, 7}, {6}, {1, 3}, {2}], [{8, 4}, {6, 7}, {1, 5}, {2, 3}], [{8, 4}, {6, 7}, {2, 5}, {1, 3}], [{8, 4}, {6, 7}, {2, 5}, {3}, {1}], [{8, 4}, {6, 7}, {3, 5}, {1, 2}], [{8, 4}, {6, 7}, {5}, {1, 3}, {2}], [{8, 4}, {7}, {1, 6}, {2, 5}, {3}], [{8, 4}, {7}, {1, 6}, {3, 5}, {2}], [{8, 4}, {7}, {1, 6}, {5}, {2, 3}], [{8, 4}, {7}, {1, 6}, {5}, {3}, {2}], [{8, 4}, {7}, {2, 6}, {5}, {1, 3}], [{8, 4}, {7}, {3, 6}, {1, 5}, {2}], [{8, 4}, {7}, {3, 6}, {2, 5}, {1}], [{8, 4}, {7}, {3, 6}, {5}, {1, 2}], [{8, 4}, {7}, {3, 6}, {5}, {2}, {1}], [{8, 4}, {7}, {5, 6}, {1, 3}, {2}], [{8, 4}, {7}, {6}, {2, 5}, {1, 3}], [{8, 4}, {7}, {6}, {5}, {1, 3}, {2}], [{8, 5}, {1, 7}, {2, 6}, {3, 4}], [{8, 5}, {1, 7}, {3, 6}, {2, 4}], [{8, 5}, {1, 7}, {4, 6}, {2, 3}], [{8, 5}, {1, 7}, {6}, {4}, {2, 3}], [{8, 5}, {2, 7}, {1, 6}, {3, 4}], [{8, 5}, {2, 7}, {3, 6}, {1, 4}], [{8, 5}, {2, 7}, {4, 6}, {1, 3}], [{8, 5}, {2, 7}, {6}, {4}, {1, 3}], [{8, 5}, {3, 7}, {1, 6}, {2, 4}], [{8, 5}, {3, 7}, {2, 6}, {1, 4}], [{8, 5}, {3, 7}, {4, 6}, {1, 2}], [{8, 5}, {3, 7}, {6}, {4}, {1, 2}], [{8, 5}, {4, 7}, {1, 6}, {2, 3}], [{8, 5}, {4, 7}, {2, 6}, {1, 3}], [{8, 5}, {4, 7}, {3, 6}, {1, 2}], [{8, 5}, {4, 7}, {6}, {1, 3}, {2}], [{8, 5}, {4, 7}, {6}, {2, 3}, {1}], [{8, 5}, {4, 7}, {6}, {3}, {1, 2}], [{8, 5}, {6, 7}, {1, 4}, {2, 3}], [{8, 5}, {6, 7}, {2, 4}, {1, 3}], [{8, 5}, {6, 7}, {3, 4}, {1, 2}], [{8, 5}, {6, 7}, {4}, {1, 3}, {2}], [{8, 5}, {6, 7}, {4}, {2, 3}, {1}], [{8, 5}, {6, 7}, {4}, {3}, {1, 2}], [{8, 5}, {7}, {1, 6}, {4}, {2, 3}], [{8, 5}, {7}, {2, 6}, {4}, {1, 3}], [{8, 5}, {7}, {3, 6}, {4}, {1, 2}], [{8, 5}, {7}, {4, 6}, {1, 3}, {2}], [{8, 5}, {7}, {4, 6}, {2, 3}, {1}], [{8, 5}, {7}, {4, 6}, {3}, {1, 2}], [{8, 5}, {7}, {6}, {1, 4}, {2, 3}], [{8, 5}, {7}, {6}, {2, 4}, {1, 3}], [{8, 5}, {7}, {6}, {3, 4}, {1, 2}], [{8, 5}, {7}, {6}, {4}, {1, 3}, {2}], [{8, 5}, {7}, {6}, {4}, {2, 3}, {1}], [{8, 5}, {7}, {6}, {4}, {3}, {1, 2}], [{8, 6}, {1, 7}, {2, 5}, {3, 4}], [{8, 6}, {1, 7}, {2, 5}, {4}, {3}], [{8, 6}, {1, 7}, {3, 5}, {2, 4}], [{8, 6}, {1, 7}, {4, 5}, {2, 3}], [{8, 6}, {2, 7}, {1, 5}, {3, 4}], [{8, 6}, {2, 7}, {3, 5}, {1, 4}], [{8, 6}, {2, 7}, {4, 5}, {1, 3}], [{8, 6}, {2, 7}, {4, 5}, {3}, {1}], [{8, 6}, {3, 7}, {1, 5}, {2, 4}], [{8, 6}, {3, 7}, {2, 5}, {1, 4}], [{8, 6}, {3, 7}, {4, 5}, {1, 2}], [{8, 6}, {4, 7}, {1, 5}, {2, 3}], [{8, 6}, {4, 7}, {2, 5}, {1, 3}], [{8, 6}, {4, 7}, {3, 5}, {1, 2}], [{8, 6}, {4, 7}, {5}, {1, 3}, {2}], [{8, 6}, {5, 7}, {1, 4}, {2, 3}], [{8, 6}, {5, 7}, {2, 4}, {1, 3}], [{8, 6}, {5, 7}, {3, 4}, {1, 2}], [{8, 6}, {5, 7}, {4}, {1, 3}, {2}], [{8, 6}, {7}, {4, 5}, {1, 3}, {2}], [{8, 7}, {1, 6}, {2, 5}, {3, 4}], [{8, 7}, {1, 6}, {2, 5}, {4}, {3}], [{8, 7}, {1, 6}, {3, 5}, {2, 4}], [{8, 7}, {1, 6}, {4, 5}, {2, 3}], [{8, 7}, {2, 6}, {1, 5}, {3, 4}], [{8, 7}, {2, 6}, {1, 5}, {4}, {3}], [{8, 7}, {2, 6}, {3, 5}, {1, 4}], [{8, 7}, {2, 6}, {4, 5}, {1, 3}], [{8, 7}, {3, 6}, {1, 5}, {2, 4}], [{8, 7}, {3, 6}, {2, 5}, {1, 4}], [{8, 7}, {3, 6}, {4, 5}, {1, 2}], [{8, 7}, {4, 6}, {1, 5}, {2, 3}], [{8, 7}, {4, 6}, {2, 5}, {1, 3}], [{8, 7}, {4, 6}, {2, 5}, {3}, {1}], [{8, 7}, {4, 6}, {3, 5}, {1, 2}], [{8, 7}, {4, 6}, {5}, {1, 3}, {2}], [{8, 7}, {5, 6}, {1, 4}, {2, 3}], [{8, 7}, {5, 6}, {2, 4}, {1, 3}], [{8, 7}, {5, 6}, {3, 4}, {1, 2}], [{8, 7}, {5, 6}, {4}, {1, 3}, {2}], [{8, 7}, {6}, {2, 5}, {1, 4}, {3}], [{8, 7}, {6}, {3, 5}, {2, 4}, {1}], [{8, 7}, {6}, {4, 5}, {1, 3}, {2}], [{8}, {1, 7}, {4, 6}, {2, 5}, {3}], [{8}, {1, 7}, {4, 6}, {3, 5}, {2}], [{8}, {1, 7}, {4, 6}, {5}, {2, 3}], [{8}, {2, 7}, {4, 6}, {3, 5}, {1}], [{8}, {2, 7}, {6}, {4, 5}, {1, 3}], [{8}, {3, 7}, {2, 6}, {1, 5}, {4}], [{8}, {3, 7}, {4, 6}, {1, 5}, {2}], [{8}, {3, 7}, {6}, {1, 5}, {2, 4}], [{8}, {3, 7}, {6}, {2, 5}, {1, 4}], [{8}, {4, 7}, {1, 6}, {2, 5}, {3}], [{8}, {4, 7}, {5, 6}, {1, 3}, {2}], [{8}, {5, 7}, {1, 6}, {2, 4}, {3}], [{8}, {5, 7}, {4, 6}, {1, 3}, {2}], [{8}, {6, 7}, {1, 5}, {4}, {2, 3}], [{8}, {6, 7}, {4, 5}, {1, 3}, {2}], [{8}, {7}, {1, 6}, {4, 5}, {2, 3}], [{8}, {7}, {2, 6}, {4, 5}, {1, 3}], [{8}, {7}, {3, 6}, {4, 5}, {1, 2}], [{8}, {7}, {4, 6}, {3, 5}, {1, 2}], [{8}, {7}, {6}, {4, 5}, {1, 3}, {2}]]",2,- 8 K_1^4 + 4 K_1^3 + 12 K_1^2 K_2 - 2 K_1^2 - 4 K_1 K_2 - 4 K_1 K_3 - K_1 - 2 K_2^2 + K_2 + K_3 + K_4 + 3,O1O2O3O4U2U1U4O5O6U5O7U3U7O8U6U8,O1O2O3U1U4U3U2O5O6U5O7O4U7O8U6U8,O1O2O3U4U5O4U6O7O6U8O5O8U2U1U7U3,c,{'O1O2O3O4U5U6O5U7U2O7U8O6O8U1U4U3'},1,"<a href=""/flatknot/8.857889"">8.857889</a>",t^9-76t^7-236t^6+173t^5+792t^4-290t^3-602t^2+271t-50,-t^2+2t,,
8.857890,O1O2O3O4U5U6O5U7U2O7U8O6O8U3U1U4,4,2z^3+35z^2+114z+105,2w^4z^3+35w^3z^2+114w^2z+105w,False,False,"[[ 0 -1  0  0  3 -1 -1 -1  1],[ 1  0  1  1  3  0  0  0  2],[ 0 -1  0 -1  0  0  2  0  1],[ 0 -1  1  0  1 -1  0  0  1],[-3 -3  0 -1  0 -4 -3 -3 -2],[ 1  0  0  1  4  0 -1  0  1],[ 1  0 -2  0  3  1  0  0  1],[ 1  0  0  0  3  0  0  0  2],[-1 -2 -1 -1  2 -1 -1 -2  0]]","[[ 0  3  1  0  0 -1 -1 -1 -1],[-3  0 -2  0 -1 -3 -3 -3 -4],[-1  2  0 -1 -1 -1 -2 -2 -1],[ 0  0  1  0 -1  2  0 -1  0],[ 0  1  1  1  0  0  0 -1 -1],[ 1  3  1 -2  0  0  0  0  1],[ 1  3  2  0  0  0  0  0  0],[ 1  3  2  1  1  0  0  0  0],[ 1  4  1  0  1 -1  0  0  0]]",True,"[-3,-1,0,0,1,1,1,1,2,0,1,3,3,3,4,1,1,1,2,2,1,1,-2,0,1,0,0,0,1,1,0,0,-1,0,0,0]","[-3,-1,0,0,1,1,1,1,0,2,3,0,1,1,1,0,0,1,0,0,1,1,0,0,1,1,1,0,1,3,0,0,-1,0,0,0]",t^8+69t^6+596t^4+303t^2+25,"[-1,-1,-1,-1,0,0,1,3,-1,0,0,1,3,1,1,0,0,0,1,1,0,0,0,0,0,1,1,1,0,1,-1,0,2,0,3,0]","[-3,-1,0,0,1,1,1,1,0,2,3,0,1,1,1,0,0,1,0,0,1,1,0,0,1,1,1,0,1,3,0,0,-1,0,0,0]","[-1,-1,-1,-1,0,0,1,3,-1,0,0,0,1,1,4,0,0,-2,0,1,3,0,0,0,2,3,1,1,2,3,-1,1,0,1,1,2]",c,"[[{8, 1}, {2, 7}, {3, 6}, {4, 5}], [{8, 1}, {2, 7}, {4, 6}, {3, 5}], [{8, 1}, {2, 7}, {5, 6}, {3, 4}], [{8, 1}, {3, 7}, {2, 6}, {4, 5}], [{8, 1}, {3, 7}, {4, 6}, {2, 5}], [{8, 1}, {3, 7}, {4, 6}, {5}, {2}], [{8, 1}, {3, 7}, {5, 6}, {2, 4}], [{8, 1}, {4, 7}, {2, 6}, {3, 5}], [{8, 1}, {4, 7}, {3, 6}, {2, 5}], [{8, 1}, {4, 7}, {5, 6}, {2, 3}], [{8, 1}, {4, 7}, {6}, {2, 5}, {3}], [{8, 1}, {5, 7}, {2, 6}, {3, 4}], [{8, 1}, {5, 7}, {3, 6}, {2, 4}], [{8, 1}, {5, 7}, {4, 6}, {2, 3}], [{8, 1}, {5, 7}, {6}, {2, 4}, {3}], [{8, 1}, {6, 7}, {2, 5}, {3, 4}], [{8, 1}, {6, 7}, {3, 5}, {2, 4}], [{8, 1}, {6, 7}, {4, 5}, {2, 3}], [{8, 1}, {7}, {2, 6}, {4, 5}, {3}], [{8, 1}, {7}, {3, 6}, {4, 5}, {2}], [{8, 1}, {7}, {5, 6}, {3, 4}, {2}], [{8, 1}, {7}, {6}, {4, 5}, {2, 3}], [{8, 2}, {1, 7}, {3, 6}, {4, 5}], [{8, 2}, {1, 7}, {4, 6}, {3, 5}], [{8, 2}, {1, 7}, {5, 6}, {3, 4}], [{8, 2}, {3, 7}, {1, 6}, {4, 5}], [{8, 2}, {3, 7}, {4, 6}, {1, 5}], [{8, 2}, {3, 7}, {5, 6}, {1, 4}], [{8, 2}, {4, 7}, {1, 6}, {3, 5}], [{8, 2}, {4, 7}, {3, 6}, {1, 5}], [{8, 2}, {4, 7}, {5, 6}, {1, 3}], [{8, 2}, {4, 7}, {6}, {3, 5}, {1}], [{8, 2}, {5, 7}, {1, 6}, {3, 4}], [{8, 2}, {5, 7}, {3, 6}, {1, 4}], [{8, 2}, {5, 7}, {4, 6}, {1, 3}], [{8, 2}, {5, 7}, {6}, {4}, {1, 3}], [{8, 2}, {6, 7}, {1, 5}, {3, 4}], [{8, 2}, {6, 7}, {3, 5}, {1, 4}], [{8, 2}, {6, 7}, {4, 5}, {1, 3}], [{8, 2}, {7}, {1, 6}, {5}, {3, 4}], [{8, 2}, {7}, {5, 6}, {1, 4}, {3}], [{8, 3}, {1, 7}, {2, 6}, {4, 5}], [{8, 3}, {1, 7}, {4, 6}, {2, 5}], [{8, 3}, {1, 7}, {5, 6}, {2, 4}], [{8, 3}, {2, 7}, {1, 6}, {4, 5}], [{8, 3}, {2, 7}, {4, 6}, {1, 5}], [{8, 3}, {2, 7}, {5, 6}, {1, 4}], [{8, 3}, {2, 7}, {6}, {1, 5}, {4}], [{8, 3}, {2, 7}, {6}, {4, 5}, {1}], [{8, 3}, {2, 7}, {6}, {5}, {1, 4}], [{8, 3}, {4, 7}, {1, 6}, {2, 5}], [{8, 3}, {4, 7}, {2, 6}, {1, 5}], [{8, 3}, {4, 7}, {5, 6}, {1, 2}], [{8, 3}, {4, 7}, {6}, {1, 5}, {2}], [{8, 3}, {5, 7}, {1, 6}, {2, 4}], [{8, 3}, {5, 7}, {2, 6}, {1, 4}], [{8, 3}, {5, 7}, {2, 6}, {4}, {1}], [{8, 3}, {5, 7}, {4, 6}, {1, 2}], [{8, 3}, {6, 7}, {1, 5}, {2, 4}], [{8, 3}, {6, 7}, {2, 5}, {1, 4}], [{8, 3}, {6, 7}, {4, 5}, {1, 2}], [{8, 3}, {6, 7}, {5}, {1, 4}, {2}], [{8, 3}, {7}, {1, 6}, {2, 5}, {4}], [{8, 3}, {7}, {1, 6}, {4, 5}, {2}], [{8, 3}, {7}, {1, 6}, {5}, {2, 4}], [{8, 3}, {7}, {2, 6}, {5}, {1, 4}], [{8, 3}, {7}, {4, 6}, {5}, {1, 2}], [{8, 3}, {7}, {5, 6}, {2, 4}, {1}], [{8, 3}, {7}, {6}, {1, 5}, {2, 4}], [{8, 4}, {1, 7}, {2, 6}, {3, 5}], [{8, 4}, {1, 7}, {3, 6}, {2, 5}], [{8, 4}, {1, 7}, {3, 6}, {5}, {2}], [{8, 4}, {1, 7}, {5, 6}, {2, 3}], [{8, 4}, {1, 7}, {6}, {2, 5}, {3}], [{8, 4}, {2, 7}, {1, 6}, {3, 5}], [{8, 4}, {2, 7}, {3, 6}, {1, 5}], [{8, 4}, {2, 7}, {3, 6}, {5}, {1}], [{8, 4}, {2, 7}, {5, 6}, {1, 3}], [{8, 4}, {3, 7}, {1, 6}, {2, 5}], [{8, 4}, {3, 7}, {2, 6}, {1, 5}], [{8, 4}, {3, 7}, {5, 6}, {1, 2}], [{8, 4}, {5, 7}, {1, 6}, {2, 3}], [{8, 4}, {5, 7}, {2, 6}, {1, 3}], [{8, 4}, {5, 7}, {3, 6}, {1, 2}], [{8, 4}, {5, 7}, {3, 6}, {2}, {1}], [{8, 4}, {5, 7}, {6}, {3}, {1, 2}], [{8, 4}, {6, 7}, {1, 5}, {2, 3}], [{8, 4}, {6, 7}, {2, 5}, {1, 3}], [{8, 4}, {6, 7}, {3, 5}, {1, 2}], [{8, 4}, {7}, {2, 6}, {1, 5}, {3}], [{8, 4}, {7}, {3, 6}, {1, 5}, {2}], [{8, 4}, {7}, {3, 6}, {2, 5}, {1}], [{8, 4}, {7}, {3, 6}, {5}, {1, 2}], [{8, 4}, {7}, {3, 6}, {5}, {2}, {1}], [{8, 4}, {7}, {6}, {1, 5}, {2, 3}], [{8, 5}, {1, 7}, {2, 6}, {3, 4}], [{8, 5}, {1, 7}, {3, 6}, {2, 4}], [{8, 5}, {1, 7}, {4, 6}, {2, 3}], [{8, 5}, {1, 7}, {4, 6}, {3}, {2}], [{8, 5}, {1, 7}, {6}, {4}, {2, 3}], [{8, 5}, {2, 7}, {1, 6}, {3, 4}], [{8, 5}, {2, 7}, {3, 6}, {1, 4}], [{8, 5}, {2, 7}, {4, 6}, {1, 3}], [{8, 5}, {2, 7}, {6}, {1, 4}, {3}], [{8, 5}, {3, 7}, {1, 6}, {2, 4}], [{8, 5}, {3, 7}, {2, 6}, {1, 4}], [{8, 5}, {3, 7}, {4, 6}, {1, 2}], [{8, 5}, {3, 7}, {6}, {1, 4}, {2}], [{8, 5}, {4, 7}, {1, 6}, {2, 3}], [{8, 5}, {4, 7}, {1, 6}, {3}, {2}], [{8, 5}, {4, 7}, {2, 6}, {1, 3}], [{8, 5}, {4, 7}, {3, 6}, {1, 2}], [{8, 5}, {4, 7}, {6}, {2, 3}, {1}], [{8, 5}, {6, 7}, {1, 4}, {2, 3}], [{8, 5}, {6, 7}, {1, 4}, {3}, {2}], [{8, 5}, {6, 7}, {2, 4}, {1, 3}], [{8, 5}, {6, 7}, {3, 4}, {1, 2}], [{8, 5}, {6, 7}, {4}, {2, 3}, {1}], [{8, 5}, {7}, {1, 6}, {4}, {2, 3}], [{8, 5}, {7}, {2, 6}, {1, 4}, {3}], [{8, 5}, {7}, {3, 6}, {1, 4}, {2}], [{8, 5}, {7}, {4, 6}, {2, 3}, {1}], [{8, 5}, {7}, {6}, {1, 4}, {2, 3}], [{8, 5}, {7}, {6}, {1, 4}, {3}, {2}], [{8, 5}, {7}, {6}, {2, 4}, {1, 3}], [{8, 5}, {7}, {6}, {3, 4}, {1, 2}], [{8, 5}, {7}, {6}, {4}, {2, 3}, {1}], [{8, 6}, {1, 7}, {2, 5}, {3, 4}], [{8, 6}, {1, 7}, {3, 5}, {2, 4}], [{8, 6}, {1, 7}, {4, 5}, {2, 3}], [{8, 6}, {1, 7}, {5}, {4}, {2, 3}], [{8, 6}, {2, 7}, {1, 5}, {3, 4}], [{8, 6}, {2, 7}, {3, 5}, {1, 4}], [{8, 6}, {2, 7}, {4, 5}, {1, 3}], [{8, 6}, {3, 7}, {1, 5}, {2, 4}], [{8, 6}, {3, 7}, {2, 5}, {1, 4}], [{8, 6}, {3, 7}, {2, 5}, {4}, {1}], [{8, 6}, {3, 7}, {4, 5}, {1, 2}], [{8, 6}, {4, 7}, {1, 5}, {2, 3}], [{8, 6}, {4, 7}, {2, 5}, {1, 3}], [{8, 6}, {4, 7}, {3, 5}, {1, 2}], [{8, 6}, {4, 7}, {5}, {1, 3}, {2}], [{8, 6}, {5, 7}, {1, 4}, {2, 3}], [{8, 6}, {5, 7}, {2, 4}, {1, 3}], [{8, 6}, {5, 7}, {3, 4}, {1, 2}], [{8, 6}, {7}, {2, 5}, {1, 4}, {3}], [{8, 6}, {7}, {4, 5}, {3}, {1, 2}], [{8, 7}, {1, 6}, {2, 5}, {3, 4}], [{8, 7}, {1, 6}, {3, 5}, {2, 4}], [{8, 7}, {1, 6}, {4, 5}, {2, 3}], [{8, 7}, {1, 6}, {5}, {2, 4}, {3}], [{8, 7}, {1, 6}, {5}, {3, 4}, {2}], [{8, 7}, {1, 6}, {5}, {4}, {2, 3}], [{8, 7}, {2, 6}, {1, 5}, {3, 4}], [{8, 7}, {2, 6}, {3, 5}, {1, 4}], [{8, 7}, {2, 6}, {3, 5}, {4}, {1}], [{8, 7}, {2, 6}, {4, 5}, {1, 3}], [{8, 7}, {2, 6}, {5}, {1, 4}, {3}], [{8, 7}, {3, 6}, {1, 5}, {2, 4}], [{8, 7}, {3, 6}, {2, 5}, {1, 4}], [{8, 7}, {3, 6}, {4, 5}, {1, 2}], [{8, 7}, {4, 6}, {1, 5}, {2, 3}], [{8, 7}, {4, 6}, {2, 5}, {1, 3}], [{8, 7}, {4, 6}, {2, 5}, {3}, {1}], [{8, 7}, {4, 6}, {3, 5}, {1, 2}], [{8, 7}, {5, 6}, {1, 4}, {2, 3}], [{8, 7}, {5, 6}, {2, 4}, {1, 3}], [{8, 7}, {5, 6}, {3, 4}, {1, 2}], [{8, 7}, {5, 6}, {3, 4}, {2}, {1}], [{8, 7}, {6}, {1, 5}, {3, 4}, {2}], [{8}, {1, 7}, {5, 6}, {2, 4}, {3}], [{8}, {1, 7}, {5, 6}, {3, 4}, {2}], [{8}, {1, 7}, {5, 6}, {4}, {2, 3}], [{8}, {2, 7}, {1, 6}, {3, 5}, {4}], [{8}, {2, 7}, {1, 6}, {4, 5}, {3}], [{8}, {2, 7}, {1, 6}, {5}, {3, 4}], [{8}, {2, 7}, {4, 6}, {3, 5}, {1}], [{8}, {2, 7}, {6}, {3, 5}, {1, 4}], [{8}, {3, 7}, {1, 6}, {5}, {2, 4}], [{8}, {3, 7}, {2, 6}, {5}, {1, 4}], [{8}, {4, 7}, {5, 6}, {3}, {1, 2}], [{8}, {5, 7}, {1, 6}, {4}, {2, 3}], [{8}, {5, 7}, {2, 6}, {1, 4}, {3}], [{8}, {5, 7}, {4, 6}, {1, 3}, {2}], [{8}, {6, 7}, {3, 5}, {1, 4}, {2}], [{8}, {7}, {2, 6}, {3, 5}, {1, 4}], [{8}, {7}, {2, 6}, {5}, {1, 4}, {3}]]",2,16 K_1^3 + 4 K_1^2 K_2 - 12 K_1^2 - 14 K_1 K_2 - 4 K_1 K_3 - 5 K_1 + 6 K_2 + 3 K_3 + K_4 + 6,O1O2O3O4U1U4U2O5O6U5O7U3U7O8U6U8,O1O2O3U2U4U1U3O5O6U5O7O4U7O8U6U8,O1O2O3U4U5O4U6O7O6U8O5O8U1U3U7U2,c,{'O1O2O3O4U5U6O5U7U2O7U8O6O8U3U1U4'},1,"<a href=""/flatknot/8.857890"">8.857890</a>",t^9-63t^7-128t^6+262t^5+388t^4-512t^3-124t^2+155t,-t^3+3t,,
8.857891,O1O2O3O4U5U6O5U7U2O7U8O6O8U4U1U3,3,10z^2+55z+71,10w^3z^2+55w^2z+71w,False,False,"[[ 0 -1  0  2  1 -1 -1 -1  1],[ 1  0  1  2  1  0  0  0  2],[ 0 -1  0  0 -1  0  2  0  1],[-2 -2  0  0  0 -3 -2 -2 -1],[-1 -1  1  0  0 -2 -1 -1  0],[ 1  0  0  3  2  0 -1  0  1],[ 1  0 -2  2  1  1  0  0  1],[ 1  0  0  2  1  0  0  0  2],[-1 -2 -1  1  0 -1 -1 -2  0]]","[[ 0  2  1  1  0 -1 -1 -1 -1],[-2  0  0 -1  0 -2 -2 -2 -3],[-1  0  0  0  1 -1 -1 -1 -2],[-1  1  0  0 -1 -1 -2 -2 -1],[ 0  0 -1  1  0  2  0 -1  0],[ 1  2  1  1 -2  0  0  0  1],[ 1  2  1  2  0  0  0  0  0],[ 1  2  1  2  1  0  0  0  0],[ 1  3  2  1  0 -1  0  0  0]]",True,"[-2,-1,-1,0,1,1,1,1,0,1,0,2,2,2,3,0,-1,1,1,1,2,1,1,2,2,1,-2,0,1,0,0,0,-1,0,0,0]","[-2,-1,-1,0,1,1,1,1,0,1,0,2,2,2,3,0,-1,1,1,1,2,1,1,2,2,1,-2,0,1,0,0,0,-1,0,0,0]",t^8+47t^6+348t^4+159t^2,"[-1,-1,-1,-1,0,1,1,2,-1,0,0,3,1,1,1,0,0,1,0,1,0,0,0,1,0,1,1,1,0,1,2,0,2,0,1,0]","[-2,-1,-1,0,1,1,1,1,0,1,2,0,1,1,1,0,0,1,0,0,1,2,0,1,1,1,1,0,1,3,0,0,-1,0,0,0]","[-1,-1,-1,-1,0,1,1,2,-1,0,0,0,1,2,3,0,0,-2,1,1,2,0,0,2,1,2,1,2,1,2,1,-1,0,0,1,0]",c,"[[{8, 1}, {2, 7}, {3, 6}, {4, 5}], [{8, 1}, {2, 7}, {4, 6}, {3, 5}], [{8, 1}, {2, 7}, {5, 6}, {3, 4}], [{8, 1}, {2, 7}, {5, 6}, {4}, {3}], [{8, 1}, {3, 7}, {2, 6}, {4, 5}], [{8, 1}, {3, 7}, {2, 6}, {5}, {4}], [{8, 1}, {3, 7}, {4, 6}, {2, 5}], [{8, 1}, {3, 7}, {4, 6}, {5}, {2}], [{8, 1}, {3, 7}, {5, 6}, {2, 4}], [{8, 1}, {3, 7}, {5, 6}, {4}, {2}], [{8, 1}, {3, 7}, {6}, {2, 5}, {4}], [{8, 1}, {3, 7}, {6}, {4, 5}, {2}], [{8, 1}, {3, 7}, {6}, {5}, {2, 4}], [{8, 1}, {3, 7}, {6}, {5}, {4}, {2}], [{8, 1}, {4, 7}, {2, 6}, {3, 5}], [{8, 1}, {4, 7}, {3, 6}, {2, 5}], [{8, 1}, {4, 7}, {5, 6}, {2, 3}], [{8, 1}, {5, 7}, {2, 6}, {3, 4}], [{8, 1}, {5, 7}, {2, 6}, {4}, {3}], [{8, 1}, {5, 7}, {3, 6}, {2, 4}], [{8, 1}, {5, 7}, {4, 6}, {2, 3}], [{8, 1}, {5, 7}, {4, 6}, {3}, {2}], [{8, 1}, {5, 7}, {6}, {2, 4}, {3}], [{8, 1}, {6, 7}, {2, 5}, {3, 4}], [{8, 1}, {6, 7}, {3, 5}, {2, 4}], [{8, 1}, {6, 7}, {4, 5}, {2, 3}], [{8, 1}, {6, 7}, {4, 5}, {3}, {2}], [{8, 1}, {7}, {2, 6}, {3, 5}, {4}], [{8, 1}, {7}, {3, 6}, {4, 5}, {2}], [{8, 1}, {7}, {4, 6}, {3, 5}, {2}], [{8, 1}, {7}, {5, 6}, {4}, {2, 3}], [{8, 1}, {7}, {6}, {3, 5}, {2, 4}], [{8, 2}, {1, 7}, {3, 6}, {4, 5}], [{8, 2}, {1, 7}, {4, 6}, {3, 5}], [{8, 2}, {1, 7}, {5, 6}, {3, 4}], [{8, 2}, {3, 7}, {1, 6}, {4, 5}], [{8, 2}, {3, 7}, {4, 6}, {1, 5}], [{8, 2}, {3, 7}, {5, 6}, {1, 4}], [{8, 2}, {3, 7}, {6}, {1, 5}, {4}], [{8, 2}, {4, 7}, {1, 6}, {3, 5}], [{8, 2}, {4, 7}, {3, 6}, {1, 5}], [{8, 2}, {4, 7}, {5, 6}, {1, 3}], [{8, 2}, {5, 7}, {1, 6}, {3, 4}], [{8, 2}, {5, 7}, {3, 6}, {1, 4}], [{8, 2}, {5, 7}, {4, 6}, {1, 3}], [{8, 2}, {5, 7}, {6}, {4}, {1, 3}], [{8, 2}, {6, 7}, {1, 5}, {3, 4}], [{8, 2}, {6, 7}, {3, 5}, {1, 4}], [{8, 2}, {6, 7}, {4, 5}, {1, 3}], [{8, 2}, {6, 7}, {5}, {4}, {1, 3}], [{8, 2}, {7}, {1, 6}, {3, 5}, {4}], [{8, 2}, {7}, {3, 6}, {4, 5}, {1}], [{8, 2}, {7}, {4, 6}, {3, 5}, {1}], [{8, 2}, {7}, {5, 6}, {4}, {1, 3}], [{8, 2}, {7}, {6}, {3, 5}, {1, 4}], [{8, 3}, {1, 7}, {2, 6}, {4, 5}], [{8, 3}, {1, 7}, {2, 6}, {5}, {4}], [{8, 3}, {1, 7}, {4, 6}, {2, 5}], [{8, 3}, {1, 7}, {4, 6}, {5}, {2}], [{8, 3}, {1, 7}, {5, 6}, {2, 4}], [{8, 3}, {1, 7}, {6}, {5}, {2, 4}], [{8, 3}, {2, 7}, {1, 6}, {4, 5}], [{8, 3}, {2, 7}, {4, 6}, {1, 5}], [{8, 3}, {2, 7}, {4, 6}, {5}, {1}], [{8, 3}, {2, 7}, {5, 6}, {1, 4}], [{8, 3}, {2, 7}, {5, 6}, {4}, {1}], [{8, 3}, {2, 7}, {6}, {4, 5}, {1}], [{8, 3}, {4, 7}, {1, 6}, {2, 5}], [{8, 3}, {4, 7}, {2, 6}, {1, 5}], [{8, 3}, {4, 7}, {5, 6}, {1, 2}], [{8, 3}, {5, 7}, {1, 6}, {2, 4}], [{8, 3}, {5, 7}, {2, 6}, {1, 4}], [{8, 3}, {5, 7}, {2, 6}, {4}, {1}], [{8, 3}, {5, 7}, {4, 6}, {1, 2}], [{8, 3}, {5, 7}, {4, 6}, {2}, {1}], [{8, 3}, {5, 7}, {6}, {2, 4}, {1}], [{8, 3}, {6, 7}, {1, 5}, {2, 4}], [{8, 3}, {6, 7}, {2, 5}, {1, 4}], [{8, 3}, {6, 7}, {4, 5}, {1, 2}], [{8, 3}, {7}, {1, 6}, {2, 5}, {4}], [{8, 3}, {7}, {2, 6}, {1, 5}, {4}], [{8, 3}, {7}, {4, 6}, {1, 5}, {2}], [{8, 3}, {7}, {4, 6}, {2, 5}, {1}], [{8, 3}, {7}, {4, 6}, {5}, {1, 2}], [{8, 3}, {7}, {4, 6}, {5}, {2}, {1}], [{8, 3}, {7}, {6}, {1, 5}, {2, 4}], [{8, 3}, {7}, {6}, {2, 5}, {1, 4}], [{8, 4}, {1, 7}, {2, 6}, {3, 5}], [{8, 4}, {1, 7}, {3, 6}, {2, 5}], [{8, 4}, {1, 7}, {3, 6}, {5}, {2}], [{8, 4}, {1, 7}, {5, 6}, {2, 3}], [{8, 4}, {2, 7}, {1, 6}, {3, 5}], [{8, 4}, {2, 7}, {3, 6}, {1, 5}], [{8, 4}, {2, 7}, {3, 6}, {5}, {1}], [{8, 4}, {2, 7}, {5, 6}, {1, 3}], [{8, 4}, {2, 7}, {5, 6}, {3}, {1}], [{8, 4}, {2, 7}, {6}, {3, 5}, {1}], [{8, 4}, {3, 7}, {1, 6}, {2, 5}], [{8, 4}, {3, 7}, {2, 6}, {1, 5}], [{8, 4}, {3, 7}, {5, 6}, {1, 2}], [{8, 4}, {3, 7}, {6}, {1, 5}, {2}], [{8, 4}, {5, 7}, {1, 6}, {2, 3}], [{8, 4}, {5, 7}, {1, 6}, {3}, {2}], [{8, 4}, {5, 7}, {2, 6}, {1, 3}], [{8, 4}, {5, 7}, {2, 6}, {3}, {1}], [{8, 4}, {5, 7}, {3, 6}, {1, 2}], [{8, 4}, {5, 7}, {3, 6}, {2}, {1}], [{8, 4}, {5, 7}, {6}, {1, 3}, {2}], [{8, 4}, {5, 7}, {6}, {2, 3}, {1}], [{8, 4}, {5, 7}, {6}, {3}, {1, 2}], [{8, 4}, {6, 7}, {1, 5}, {2, 3}], [{8, 4}, {6, 7}, {1, 5}, {3}, {2}], [{8, 4}, {6, 7}, {2, 5}, {1, 3}], [{8, 4}, {6, 7}, {3, 5}, {1, 2}], [{8, 4}, {7}, {1, 6}, {5}, {2, 3}], [{8, 4}, {7}, {2, 6}, {5}, {1, 3}], [{8, 4}, {7}, {3, 6}, {1, 5}, {2}], [{8, 4}, {7}, {3, 6}, {2, 5}, {1}], [{8, 4}, {7}, {3, 6}, {5}, {1, 2}], [{8, 4}, {7}, {3, 6}, {5}, {2}, {1}], [{8, 5}, {1, 7}, {2, 6}, {3, 4}], [{8, 5}, {1, 7}, {2, 6}, {4}, {3}], [{8, 5}, {1, 7}, {3, 6}, {2, 4}], [{8, 5}, {1, 7}, {3, 6}, {4}, {2}], [{8, 5}, {1, 7}, {4, 6}, {2, 3}], [{8, 5}, {1, 7}, {4, 6}, {3}, {2}], [{8, 5}, {1, 7}, {6}, {2, 4}, {3}], [{8, 5}, {1, 7}, {6}, {3, 4}, {2}], [{8, 5}, {1, 7}, {6}, {4}, {2, 3}], [{8, 5}, {1, 7}, {6}, {4}, {3}, {2}], [{8, 5}, {2, 7}, {1, 6}, {3, 4}], [{8, 5}, {2, 7}, {1, 6}, {4}, {3}], [{8, 5}, {2, 7}, {3, 6}, {1, 4}], [{8, 5}, {2, 7}, {3, 6}, {4}, {1}], [{8, 5}, {2, 7}, {4, 6}, {1, 3}], [{8, 5}, {2, 7}, {4, 6}, {3}, {1}], [{8, 5}, {2, 7}, {6}, {1, 4}, {3}], [{8, 5}, {2, 7}, {6}, {3, 4}, {1}], [{8, 5}, {2, 7}, {6}, {4}, {1, 3}], [{8, 5}, {2, 7}, {6}, {4}, {3}, {1}], [{8, 5}, {3, 7}, {1, 6}, {2, 4}], [{8, 5}, {3, 7}, {1, 6}, {4}, {2}], [{8, 5}, {3, 7}, {2, 6}, {1, 4}], [{8, 5}, {3, 7}, {2, 6}, {4}, {1}], [{8, 5}, {3, 7}, {4, 6}, {1, 2}], [{8, 5}, {3, 7}, {4, 6}, {2}, {1}], [{8, 5}, {3, 7}, {6}, {1, 4}, {2}], [{8, 5}, {3, 7}, {6}, {2, 4}, {1}], [{8, 5}, {3, 7}, {6}, {4}, {1, 2}], [{8, 5}, {3, 7}, {6}, {4}, {2}, {1}], [{8, 5}, {4, 7}, {1, 6}, {2, 3}], [{8, 5}, {4, 7}, {1, 6}, {3}, {2}], [{8, 5}, {4, 7}, {2, 6}, {1, 3}], [{8, 5}, {4, 7}, {2, 6}, {3}, {1}], [{8, 5}, {4, 7}, {3, 6}, {1, 2}], [{8, 5}, {4, 7}, {3, 6}, {2}, {1}], [{8, 5}, {4, 7}, {6}, {1, 3}, {2}], [{8, 5}, {4, 7}, {6}, {2, 3}, {1}], [{8, 5}, {4, 7}, {6}, {3}, {1, 2}], [{8, 5}, {4, 7}, {6}, {3}, {2}, {1}], [{8, 5}, {6, 7}, {1, 4}, {2, 3}], [{8, 5}, {6, 7}, {1, 4}, {3}, {2}], [{8, 5}, {6, 7}, {2, 4}, {1, 3}], [{8, 5}, {6, 7}, {2, 4}, {3}, {1}], [{8, 5}, {6, 7}, {3, 4}, {1, 2}], [{8, 5}, {6, 7}, {3, 4}, {2}, {1}], [{8, 5}, {6, 7}, {4}, {1, 3}, {2}], [{8, 5}, {6, 7}, {4}, {2, 3}, {1}], [{8, 5}, {6, 7}, {4}, {3}, {1, 2}], [{8, 5}, {6, 7}, {4}, {3}, {2}, {1}], [{8, 5}, {7}, {1, 6}, {2, 4}, {3}], [{8, 5}, {7}, {1, 6}, {3, 4}, {2}], [{8, 5}, {7}, {1, 6}, {4}, {2, 3}], [{8, 5}, {7}, {1, 6}, {4}, {3}, {2}], [{8, 5}, {7}, {2, 6}, {1, 4}, {3}], [{8, 5}, {7}, {2, 6}, {3, 4}, {1}], [{8, 5}, {7}, {2, 6}, {4}, {1, 3}], [{8, 5}, {7}, {2, 6}, {4}, {3}, {1}], [{8, 5}, {7}, {3, 6}, {1, 4}, {2}], [{8, 5}, {7}, {3, 6}, {2, 4}, {1}], [{8, 5}, {7}, {3, 6}, {4}, {1, 2}], [{8, 5}, {7}, {3, 6}, {4}, {2}, {1}], [{8, 5}, {7}, {4, 6}, {1, 3}, {2}], [{8, 5}, {7}, {4, 6}, {2, 3}, {1}], [{8, 5}, {7}, {4, 6}, {3}, {1, 2}], [{8, 5}, {7}, {4, 6}, {3}, {2}, {1}], [{8, 5}, {7}, {6}, {1, 4}, {2, 3}], [{8, 5}, {7}, {6}, {1, 4}, {3}, {2}], [{8, 5}, {7}, {6}, {2, 4}, {1, 3}], [{8, 5}, {7}, {6}, {2, 4}, {3}, {1}], [{8, 5}, {7}, {6}, {3, 4}, {1, 2}], [{8, 5}, {7}, {6}, {3, 4}, {2}, {1}], [{8, 5}, {7}, {6}, {4}, {1, 3}, {2}], [{8, 5}, {7}, {6}, {4}, {2, 3}, {1}], [{8, 5}, {7}, {6}, {4}, {3}, {1, 2}], [{8, 5}, {7}, {6}, {4}, {3}, {2}, {1}], [{8, 6}, {1, 7}, {2, 5}, {3, 4}], [{8, 6}, {1, 7}, {3, 5}, {2, 4}], [{8, 6}, {1, 7}, {4, 5}, {2, 3}], [{8, 6}, {2, 7}, {1, 5}, {3, 4}], [{8, 6}, {2, 7}, {1, 5}, {4}, {3}], [{8, 6}, {2, 7}, {3, 5}, {1, 4}], [{8, 6}, {2, 7}, {3, 5}, {4}, {1}], [{8, 6}, {2, 7}, {4, 5}, {1, 3}], [{8, 6}, {2, 7}, {4, 5}, {3}, {1}], [{8, 6}, {2, 7}, {5}, {1, 4}, {3}], [{8, 6}, {2, 7}, {5}, {3, 4}, {1}], [{8, 6}, {2, 7}, {5}, {4}, {1, 3}], [{8, 6}, {2, 7}, {5}, {4}, {3}, {1}], [{8, 6}, {3, 7}, {1, 5}, {2, 4}], [{8, 6}, {3, 7}, {1, 5}, {4}, {2}], [{8, 6}, {3, 7}, {2, 5}, {1, 4}], [{8, 6}, {3, 7}, {4, 5}, {1, 2}], [{8, 6}, {4, 7}, {1, 5}, {2, 3}], [{8, 6}, {4, 7}, {2, 5}, {1, 3}], [{8, 6}, {4, 7}, {3, 5}, {1, 2}], [{8, 6}, {5, 7}, {1, 4}, {2, 3}], [{8, 6}, {5, 7}, {2, 4}, {1, 3}], [{8, 6}, {5, 7}, {3, 4}, {1, 2}], [{8, 6}, {5, 7}, {4}, {1, 3}, {2}], [{8, 6}, {7}, {1, 5}, {4}, {2, 3}], [{8, 6}, {7}, {2, 5}, {4}, {1, 3}], [{8, 7}, {1, 6}, {2, 5}, {3, 4}], [{8, 7}, {1, 6}, {3, 5}, {2, 4}], [{8, 7}, {1, 6}, {4, 5}, {2, 3}], [{8, 7}, {1, 6}, {4, 5}, {3}, {2}], [{8, 7}, {1, 6}, {5}, {4}, {2, 3}], [{8, 7}, {2, 6}, {1, 5}, {3, 4}], [{8, 7}, {2, 6}, {1, 5}, {4}, {3}], [{8, 7}, {2, 6}, {3, 5}, {1, 4}], [{8, 7}, {2, 6}, {3, 5}, {4}, {1}], [{8, 7}, {2, 6}, {4, 5}, {1, 3}], [{8, 7}, {2, 6}, {4, 5}, {3}, {1}], [{8, 7}, {2, 6}, {5}, {1, 4}, {3}], [{8, 7}, {2, 6}, {5}, {3, 4}, {1}], [{8, 7}, {2, 6}, {5}, {4}, {1, 3}], [{8, 7}, {2, 6}, {5}, {4}, {3}, {1}], [{8, 7}, {3, 6}, {1, 5}, {2, 4}], [{8, 7}, {3, 6}, {2, 5}, {1, 4}], [{8, 7}, {3, 6}, {4, 5}, {1, 2}], [{8, 7}, {3, 6}, {4, 5}, {2}, {1}], [{8, 7}, {3, 6}, {5}, {4}, {1, 2}], [{8, 7}, {4, 6}, {1, 5}, {2, 3}], [{8, 7}, {4, 6}, {1, 5}, {3}, {2}], [{8, 7}, {4, 6}, {2, 5}, {1, 3}], [{8, 7}, {4, 6}, {3, 5}, {1, 2}], [{8, 7}, {4, 6}, {3, 5}, {2}, {1}], [{8, 7}, {4, 6}, {5}, {1, 3}, {2}], [{8, 7}, {5, 6}, {1, 4}, {2, 3}], [{8, 7}, {5, 6}, {2, 4}, {1, 3}], [{8, 7}, {5, 6}, {3, 4}, {1, 2}], [{8, 7}, {5, 6}, {4}, {1, 3}, {2}], [{8, 7}, {6}, {1, 5}, {2, 4}, {3}], [{8, 7}, {6}, {2, 5}, {4}, {1, 3}], [{8, 7}, {6}, {3, 5}, {2, 4}, {1}], [{8, 7}, {6}, {4, 5}, {1, 3}, {2}], [{8, 7}, {6}, {4, 5}, {2, 3}, {1}], [{8, 7}, {6}, {4, 5}, {3}, {1, 2}], [{8, 7}, {6}, {5}, {2, 4}, {1, 3}], [{8, 7}, {6}, {5}, {4}, {1, 3}, {2}], [{8}, {1, 7}, {2, 6}, {3, 5}, {4}], [{8}, {1, 7}, {3, 6}, {4, 5}, {2}], [{8}, {1, 7}, {4, 6}, {3, 5}, {2}], [{8}, {1, 7}, {6}, {3, 5}, {2, 4}], [{8}, {2, 7}, {3, 6}, {4, 5}, {1}], [{8}, {2, 7}, {4, 6}, {3, 5}, {1}], [{8}, {2, 7}, {5, 6}, {1, 4}, {3}], [{8}, {2, 7}, {5, 6}, {3, 4}, {1}], [{8}, {2, 7}, {5, 6}, {4}, {1, 3}], [{8}, {2, 7}, {5, 6}, {4}, {3}, {1}], [{8}, {3, 7}, {2, 6}, {1, 5}, {4}], [{8}, {3, 7}, {4, 6}, {1, 5}, {2}], [{8}, {3, 7}, {6}, {1, 5}, {2, 4}], [{8}, {3, 7}, {6}, {1, 5}, {4}, {2}], [{8}, {4, 7}, {1, 6}, {5}, {2, 3}], [{8}, {4, 7}, {2, 6}, {5}, {1, 3}], [{8}, {4, 7}, {3, 6}, {5}, {1, 2}], [{8}, {5, 7}, {1, 6}, {4}, {2, 3}], [{8}, {5, 7}, {2, 6}, {1, 4}, {3}], [{8}, {5, 7}, {2, 6}, {3, 4}, {1}], [{8}, {5, 7}, {2, 6}, {4}, {1, 3}], [{8}, {5, 7}, {2, 6}, {4}, {3}, {1}], [{8}, {5, 7}, {3, 6}, {4}, {1, 2}], [{8}, {5, 7}, {4, 6}, {1, 3}, {2}], [{8}, {5, 7}, {6}, {2, 4}, {1, 3}], [{8}, {5, 7}, {6}, {4}, {1, 3}, {2}], [{8}, {6, 7}, {2, 5}, {4}, {1, 3}], [{8}, {7}, {1, 6}, {4, 5}, {2, 3}], [{8}, {7}, {1, 6}, {5}, {4}, {2, 3}], [{8}, {7}, {2, 6}, {4, 5}, {1, 3}], [{8}, {7}, {2, 6}, {5}, {4}, {1, 3}], [{8}, {7}, {3, 6}, {4, 5}, {1, 2}], [{8}, {7}, {3, 6}, {4, 5}, {2}, {1}], [{8}, {7}, {4, 6}, {3, 5}, {1, 2}], [{8}, {7}, {4, 6}, {3, 5}, {2}, {1}]]",2,4 K_1^3 - 10 K_1^2 - 8 K_1 K_2 + K_1 + 5 K_2 + 3 K_3 + 6,O1O2O3O4U2U4U1O5O6U5O7U3U7O8U6U8,O1O2O3U2U4U3U1O5O6U5O7O4U7O8U6U8,O1O2O3U4U5O4U6O7O6U8O5O8U3U1U7U2,c,"{'O1O2O3O4U5U6O5U7U2O7U8O6O8U4U1U3', 'O1O2O3U4U5O4U6U1O6U7O5O7U8U2O8U3'}",2,"<a href=""/flatknot/8.857891"">8.857891</a>",t^9-45t^7-56t^6+217t^5+136t^4-319t^3+34t^2,-t^2+2t,,
8.857892,O1O2O3O4U5U6O5U7U3O7U1O6O8U2U4U8,4,22z^2+103z+119,22w^3z^2+103w^2z+119w,False,False,"[[ 0 -1 -1  1  2 -1 -1 -1  2],[ 1  0  0  1  2  1  1  0  2],[ 1  0  0  2  2  0  1  0  2],[-1 -1 -2  0 -1 -1  1 -1  1],[-2 -2 -2  1  0 -3 -1 -2  1],[ 1 -1  0  1  3  0 -1  0  2],[ 1 -1 -1 -1  1  1  0  0  2],[ 1  0  0  1  2  0  0  0  2],[-2 -2 -2 -1 -1 -2 -2 -2  0]]","[[ 0  2  2  1 -1 -1 -1 -1 -1],[-2  0  1  1 -1 -2 -2 -2 -3],[-2 -1  0 -1 -2 -2 -2 -2 -2],[-1 -1  1  0  1 -1 -1 -2 -1],[ 1  1  2 -1  0  0 -1 -1  1],[ 1  2  2  1  0  0  0  0  0],[ 1  2  2  1  1  0  0  0  1],[ 1  2  2  2  1  0  0  0  0],[ 1  3  2  1 -1  0 -1  0  0]]",True,"[-2,-2,-1,1,1,1,1,1,-1,-1,1,2,2,2,3,1,2,2,2,2,2,-1,1,1,2,1,0,1,1,-1,0,0,0,0,-1,0]","[-2,-2,-1,1,1,1,1,1,-1,-1,1,2,2,2,3,1,2,2,2,2,2,-1,1,1,2,1,0,1,1,-1,0,0,0,0,-1,0]",t^8+57t^6+407t^4+102t^2+1,"[-1,-1,-1,-1,-1,1,2,2,-1,-1,0,0,1,1,1,-1,0,1,3,1,2,0,0,1,1,0,0,1,1,1,0,1,1,0,2,1]","[-2,-2,-1,1,1,1,1,1,-1,0,1,1,1,1,1,2,0,1,1,1,2,1,0,1,1,3,0,-1,0,-1,0,0,1,0,1,0]","[-1,-1,-1,-1,-1,1,2,2,-1,-1,0,0,1,2,3,-1,-1,0,-1,2,1,0,0,1,2,2,0,2,2,2,1,2,2,1,-1,-1]",c,"[[{8, 7}, {4, 6}, {3, 5}, {1, 2}], [{8, 7}, {4, 6}, {3, 5}, {2}, {1}]]",1,16 K_1^3 + 8 K_1^2 K_2 - 24 K_1^2 - 16 K_1 K_2 - 4 K_1 K_3 - 4 K_1 - 4 K_2^2 + 10 K_2 + 4 K_3 + 2 K_4 + 13,O1O2O3O4U5U1U3O5O6U4O7U2U7O8U6U8,O1O2O3U4U1U5U2O6O7U6O8O5U8O4U7U3,O1O2O3U1U4O5U6O7O6U8O4O8U2U7U3U5,c,{'O1O2O3O4U5U6O5U7U3O7U1O6O8U2U4U8'},1,"<a href=""/flatknot/8.857892"">8.857892</a>",t^9-53t^7-152t^6-53t^5+158t^4+77t^3-36t^2+5t+8,-2t^2+4t,,
8.857893,O1O2O3O4U5U6O5U7U3O7U1O6O8U2U8U4,3,14z^2+91z+127,14w^3z^2-4w^3z+95w^2z+127w,False,False,"[[ 0 -1 -1  1  3 -1 -1 -1  1],[ 1  0  0  1  2  1  1  0  1],[ 1  0  0  2  3  0  1  0  1],[-1 -1 -2  0 -1 -1  1 -1  0],[-3 -2 -3  1  0 -4 -2 -3  0],[ 1 -1  0  1  4  0 -1  0  1],[ 1 -1 -1 -1  2  1  0  0  1],[ 1  0  0  1  3  0  0  0  1],[-1 -1 -1  0  0 -1 -1 -1  0]]","[[ 0  3  1 -1 -1 -1 -1],[-3  0  1 -2 -2 -3 -4],[-1 -1  0  1 -1 -2 -1],[ 1  2 -1  0 -1 -1  1],[ 1  2  1  1  0  0  1],[ 1  3  2  1  0  0  0],[ 1  4  1 -1 -1  0  0]]",False,"[-3,-1,1,1,1,1,-1,2,2,3,4,-1,1,2,1,1,1,-1,0,-1,0]","[-3,-1,1,1,1,1,-1,2,2,3,4,-1,1,2,1,1,1,-1,0,-1,0]",t^6+45t^4+248t^2+16,"[-1,-1,-1,-1,1,3,-1,-1,0,1,2,-1,1,3,2,0,1,0,0,1,3]","[-3,-1,1,1,1,1,3,0,1,2,2,1,0,1,3,0,-1,-1,0,1,1]","[-1,-1,-1,-1,1,3,-1,-1,0,1,4,-1,-1,-1,2,0,1,2,2,3,-1]",c,"[[{8, 1}, {2, 7}, {3, 6}, {4, 5}], [{8, 1}, {2, 7}, {4, 6}, {3, 5}], [{8, 1}, {2, 7}, {5, 6}, {3, 4}], [{8, 1}, {3, 7}, {2, 6}, {4, 5}], [{8, 1}, {3, 7}, {4, 6}, {2, 5}], [{8, 1}, {3, 7}, {5, 6}, {2, 4}], [{8, 1}, {4, 7}, {2, 6}, {3, 5}], [{8, 1}, {4, 7}, {3, 6}, {2, 5}], [{8, 1}, {4, 7}, {5, 6}, {2, 3}], [{8, 1}, {4, 7}, {6}, {2, 5}, {3}], [{8, 1}, {5, 7}, {2, 6}, {3, 4}], [{8, 1}, {5, 7}, {2, 6}, {4}, {3}], [{8, 1}, {5, 7}, {3, 6}, {2, 4}], [{8, 1}, {5, 7}, {4, 6}, {2, 3}], [{8, 1}, {5, 7}, {4, 6}, {3}, {2}], [{8, 1}, {5, 7}, {6}, {2, 4}, {3}], [{8, 1}, {6, 7}, {2, 5}, {3, 4}], [{8, 1}, {6, 7}, {3, 5}, {2, 4}], [{8, 1}, {6, 7}, {4, 5}, {2, 3}], [{8, 1}, {7}, {3, 6}, {4, 5}, {2}], [{8, 2}, {1, 7}, {3, 6}, {4, 5}], [{8, 2}, {1, 7}, {3, 6}, {5}, {4}], [{8, 2}, {1, 7}, {4, 6}, {3, 5}], [{8, 2}, {1, 7}, {5, 6}, {3, 4}], [{8, 2}, {1, 7}, {6}, {4, 5}, {3}], [{8, 2}, {3, 7}, {1, 6}, {4, 5}], [{8, 2}, {3, 7}, {4, 6}, {1, 5}], [{8, 2}, {3, 7}, {5, 6}, {1, 4}], [{8, 2}, {3, 7}, {6}, {1, 5}, {4}], [{8, 2}, {4, 7}, {1, 6}, {3, 5}], [{8, 2}, {4, 7}, {1, 6}, {5}, {3}], [{8, 2}, {4, 7}, {3, 6}, {1, 5}], [{8, 2}, {4, 7}, {3, 6}, {5}, {1}], [{8, 2}, {4, 7}, {5, 6}, {1, 3}], [{8, 2}, {4, 7}, {5, 6}, {3}, {1}], [{8, 2}, {4, 7}, {6}, {1, 5}, {3}], [{8, 2}, {4, 7}, {6}, {3, 5}, {1}], [{8, 2}, {4, 7}, {6}, {5}, {1, 3}], [{8, 2}, {4, 7}, {6}, {5}, {3}, {1}], [{8, 2}, {5, 7}, {1, 6}, {3, 4}], [{8, 2}, {5, 7}, {3, 6}, {1, 4}], [{8, 2}, {5, 7}, {3, 6}, {4}, {1}], [{8, 2}, {5, 7}, {4, 6}, {1, 3}], [{8, 2}, {5, 7}, {6}, {1, 4}, {3}], [{8, 2}, {6, 7}, {1, 5}, {3, 4}], [{8, 2}, {6, 7}, {1, 5}, {4}, {3}], [{8, 2}, {6, 7}, {3, 5}, {1, 4}], [{8, 2}, {6, 7}, {4, 5}, {1, 3}], [{8, 2}, {7}, {3, 6}, {1, 5}, {4}], [{8, 2}, {7}, {3, 6}, {4, 5}, {1}], [{8, 2}, {7}, {3, 6}, {5}, {1, 4}], [{8, 2}, {7}, {4, 6}, {1, 5}, {3}], [{8, 2}, {7}, {6}, {1, 5}, {3, 4}], [{8, 2}, {7}, {6}, {1, 5}, {4}, {3}], [{8, 3}, {1, 7}, {2, 6}, {4, 5}], [{8, 3}, {1, 7}, {4, 6}, {2, 5}], [{8, 3}, {1, 7}, {5, 6}, {2, 4}], [{8, 3}, {1, 7}, {5, 6}, {4}, {2}], [{8, 3}, {2, 7}, {1, 6}, {4, 5}], [{8, 3}, {2, 7}, {4, 6}, {1, 5}], [{8, 3}, {2, 7}, {5, 6}, {1, 4}], [{8, 3}, {2, 7}, {6}, {1, 5}, {4}], [{8, 3}, {4, 7}, {1, 6}, {2, 5}], [{8, 3}, {4, 7}, {2, 6}, {1, 5}], [{8, 3}, {4, 7}, {5, 6}, {1, 2}], [{8, 3}, {4, 7}, {6}, {1, 5}, {2}], [{8, 3}, {5, 7}, {1, 6}, {2, 4}], [{8, 3}, {5, 7}, {1, 6}, {4}, {2}], [{8, 3}, {5, 7}, {2, 6}, {1, 4}], [{8, 3}, {5, 7}, {4, 6}, {1, 2}], [{8, 3}, {6, 7}, {1, 5}, {2, 4}], [{8, 3}, {6, 7}, {1, 5}, {4}, {2}], [{8, 3}, {6, 7}, {2, 5}, {1, 4}], [{8, 3}, {6, 7}, {4, 5}, {1, 2}], [{8, 3}, {7}, {2, 6}, {1, 5}, {4}], [{8, 3}, {7}, {4, 6}, {1, 5}, {2}], [{8, 3}, {7}, {6}, {1, 5}, {2, 4}], [{8, 3}, {7}, {6}, {1, 5}, {4}, {2}], [{8, 4}, {1, 7}, {2, 6}, {3, 5}], [{8, 4}, {1, 7}, {3, 6}, {2, 5}], [{8, 4}, {1, 7}, {5, 6}, {2, 3}], [{8, 4}, {2, 7}, {1, 6}, {3, 5}], [{8, 4}, {2, 7}, {3, 6}, {1, 5}], [{8, 4}, {2, 7}, {5, 6}, {1, 3}], [{8, 4}, {2, 7}, {6}, {1, 5}, {3}], [{8, 4}, {3, 7}, {1, 6}, {2, 5}], [{8, 4}, {3, 7}, {2, 6}, {1, 5}], [{8, 4}, {3, 7}, {5, 6}, {1, 2}], [{8, 4}, {3, 7}, {6}, {1, 5}, {2}], [{8, 4}, {5, 7}, {1, 6}, {2, 3}], [{8, 4}, {5, 7}, {2, 6}, {1, 3}], [{8, 4}, {5, 7}, {3, 6}, {1, 2}], [{8, 4}, {6, 7}, {1, 5}, {2, 3}], [{8, 4}, {6, 7}, {1, 5}, {3}, {2}], [{8, 4}, {6, 7}, {2, 5}, {1, 3}], [{8, 4}, {6, 7}, {3, 5}, {1, 2}], [{8, 4}, {7}, {2, 6}, {1, 5}, {3}], [{8, 4}, {7}, {3, 6}, {1, 5}, {2}], [{8, 4}, {7}, {6}, {1, 5}, {2, 3}], [{8, 4}, {7}, {6}, {1, 5}, {3}, {2}], [{8, 5}, {1, 7}, {2, 6}, {3, 4}], [{8, 5}, {1, 7}, {2, 6}, {4}, {3}], [{8, 5}, {1, 7}, {3, 6}, {2, 4}], [{8, 5}, {1, 7}, {4, 6}, {2, 3}], [{8, 5}, {1, 7}, {4, 6}, {3}, {2}], [{8, 5}, {1, 7}, {6}, {2, 4}, {3}], [{8, 5}, {2, 7}, {1, 6}, {3, 4}], [{8, 5}, {2, 7}, {3, 6}, {1, 4}], [{8, 5}, {2, 7}, {4, 6}, {1, 3}], [{8, 5}, {3, 7}, {1, 6}, {2, 4}], [{8, 5}, {3, 7}, {2, 6}, {1, 4}], [{8, 5}, {3, 7}, {4, 6}, {1, 2}], [{8, 5}, {4, 7}, {1, 6}, {2, 3}], [{8, 5}, {4, 7}, {2, 6}, {1, 3}], [{8, 5}, {4, 7}, {3, 6}, {1, 2}], [{8, 5}, {4, 7}, {6}, {3}, {1, 2}], [{8, 5}, {6, 7}, {1, 4}, {2, 3}], [{8, 5}, {6, 7}, {2, 4}, {1, 3}], [{8, 5}, {6, 7}, {3, 4}, {1, 2}], [{8, 5}, {7}, {3, 6}, {1, 4}, {2}], [{8, 6}, {1, 7}, {2, 5}, {3, 4}], [{8, 6}, {1, 7}, {3, 5}, {2, 4}], [{8, 6}, {1, 7}, {3, 5}, {4}, {2}], [{8, 6}, {1, 7}, {4, 5}, {2, 3}], [{8, 6}, {2, 7}, {1, 5}, {3, 4}], [{8, 6}, {2, 7}, {1, 5}, {4}, {3}], [{8, 6}, {2, 7}, {3, 5}, {1, 4}], [{8, 6}, {2, 7}, {4, 5}, {1, 3}], [{8, 6}, {3, 7}, {1, 5}, {2, 4}], [{8, 6}, {3, 7}, {1, 5}, {4}, {2}], [{8, 6}, {3, 7}, {2, 5}, {1, 4}], [{8, 6}, {3, 7}, {4, 5}, {1, 2}], [{8, 6}, {4, 7}, {1, 5}, {2, 3}], [{8, 6}, {4, 7}, {1, 5}, {3}, {2}], [{8, 6}, {4, 7}, {2, 5}, {1, 3}], [{8, 6}, {4, 7}, {3, 5}, {1, 2}], [{8, 6}, {5, 7}, {1, 4}, {2, 3}], [{8, 6}, {5, 7}, {2, 4}, {1, 3}], [{8, 6}, {5, 7}, {3, 4}, {1, 2}], [{8, 6}, {5, 7}, {4}, {1, 3}, {2}], [{8, 6}, {7}, {1, 5}, {2, 4}, {3}], [{8, 6}, {7}, {1, 5}, {3, 4}, {2}], [{8, 6}, {7}, {1, 5}, {4}, {2, 3}], [{8, 6}, {7}, {1, 5}, {4}, {3}, {2}], [{8, 7}, {1, 6}, {2, 5}, {3, 4}], [{8, 7}, {1, 6}, {2, 5}, {4}, {3}], [{8, 7}, {1, 6}, {3, 5}, {2, 4}], [{8, 7}, {1, 6}, {3, 5}, {4}, {2}], [{8, 7}, {1, 6}, {4, 5}, {2, 3}], [{8, 7}, {1, 6}, {4, 5}, {3}, {2}], [{8, 7}, {1, 6}, {5}, {2, 4}, {3}], [{8, 7}, {1, 6}, {5}, {3, 4}, {2}], [{8, 7}, {1, 6}, {5}, {4}, {2, 3}], [{8, 7}, {2, 6}, {1, 5}, {3, 4}], [{8, 7}, {2, 6}, {1, 5}, {4}, {3}], [{8, 7}, {2, 6}, {3, 5}, {1, 4}], [{8, 7}, {2, 6}, {3, 5}, {4}, {1}], [{8, 7}, {2, 6}, {4, 5}, {1, 3}], [{8, 7}, {2, 6}, {4, 5}, {3}, {1}], [{8, 7}, {2, 6}, {5}, {1, 4}, {3}], [{8, 7}, {2, 6}, {5}, {3, 4}, {1}], [{8, 7}, {2, 6}, {5}, {4}, {1, 3}], [{8, 7}, {2, 6}, {5}, {4}, {3}, {1}], [{8, 7}, {3, 6}, {1, 5}, {2, 4}], [{8, 7}, {3, 6}, {1, 5}, {4}, {2}], [{8, 7}, {3, 6}, {2, 5}, {1, 4}], [{8, 7}, {3, 6}, {2, 5}, {4}, {1}], [{8, 7}, {3, 6}, {4, 5}, {1, 2}], [{8, 7}, {3, 6}, {4, 5}, {2}, {1}], [{8, 7}, {3, 6}, {5}, {1, 4}, {2}], [{8, 7}, {3, 6}, {5}, {2, 4}, {1}], [{8, 7}, {3, 6}, {5}, {4}, {1, 2}], [{8, 7}, {4, 6}, {1, 5}, {2, 3}], [{8, 7}, {4, 6}, {1, 5}, {3}, {2}], [{8, 7}, {4, 6}, {2, 5}, {1, 3}], [{8, 7}, {4, 6}, {2, 5}, {3}, {1}], [{8, 7}, {4, 6}, {3, 5}, {1, 2}], [{8, 7}, {4, 6}, {3, 5}, {2}, {1}], [{8, 7}, {4, 6}, {5}, {1, 3}, {2}], [{8, 7}, {4, 6}, {5}, {2, 3}, {1}], [{8, 7}, {4, 6}, {5}, {3}, {1, 2}], [{8, 7}, {4, 6}, {5}, {3}, {2}, {1}], [{8, 7}, {5, 6}, {1, 4}, {2, 3}], [{8, 7}, {5, 6}, {1, 4}, {3}, {2}], [{8, 7}, {5, 6}, {2, 4}, {1, 3}], [{8, 7}, {5, 6}, {2, 4}, {3}, {1}], [{8, 7}, {5, 6}, {3, 4}, {1, 2}], [{8, 7}, {5, 6}, {3, 4}, {2}, {1}], [{8, 7}, {5, 6}, {4}, {1, 3}, {2}], [{8, 7}, {5, 6}, {4}, {2, 3}, {1}], [{8, 7}, {5, 6}, {4}, {3}, {1, 2}], [{8, 7}, {6}, {1, 5}, {2, 4}, {3}], [{8, 7}, {6}, {1, 5}, {3, 4}, {2}], [{8, 7}, {6}, {1, 5}, {4}, {2, 3}], [{8, 7}, {6}, {1, 5}, {4}, {3}, {2}], [{8, 7}, {6}, {2, 5}, {1, 4}, {3}], [{8, 7}, {6}, {2, 5}, {3, 4}, {1}], [{8, 7}, {6}, {2, 5}, {4}, {1, 3}], [{8, 7}, {6}, {3, 5}, {1, 4}, {2}], [{8, 7}, {6}, {3, 5}, {2, 4}, {1}], [{8, 7}, {6}, {3, 5}, {4}, {1, 2}], [{8, 7}, {6}, {4, 5}, {1, 3}, {2}], [{8, 7}, {6}, {4, 5}, {2, 3}, {1}], [{8, 7}, {6}, {4, 5}, {3}, {1, 2}], [{8, 7}, {6}, {5}, {1, 4}, {2, 3}], [{8, 7}, {6}, {5}, {2, 4}, {1, 3}], [{8, 7}, {6}, {5}, {2, 4}, {3}, {1}], [{8, 7}, {6}, {5}, {3, 4}, {1, 2}], [{8}, {1, 7}, {3, 6}, {4, 5}, {2}], [{8}, {2, 7}, {3, 6}, {1, 5}, {4}], [{8}, {2, 7}, {3, 6}, {4, 5}, {1}], [{8}, {2, 7}, {3, 6}, {5}, {1, 4}], [{8}, {2, 7}, {4, 6}, {1, 5}, {3}], [{8}, {2, 7}, {6}, {1, 5}, {3, 4}], [{8}, {2, 7}, {6}, {1, 5}, {4}, {3}], [{8}, {3, 7}, {2, 6}, {1, 5}, {4}], [{8}, {3, 7}, {4, 6}, {1, 5}, {2}], [{8}, {3, 7}, {6}, {1, 5}, {2, 4}], [{8}, {3, 7}, {6}, {1, 5}, {4}, {2}], [{8}, {4, 7}, {2, 6}, {1, 5}, {3}], [{8}, {4, 7}, {3, 6}, {1, 5}, {2}], [{8}, {4, 7}, {6}, {1, 5}, {2, 3}], [{8}, {4, 7}, {6}, {1, 5}, {3}, {2}], [{8}, {5, 7}, {3, 6}, {1, 4}, {2}], [{8}, {6, 7}, {1, 5}, {2, 4}, {3}], [{8}, {6, 7}, {1, 5}, {3, 4}, {2}], [{8}, {6, 7}, {1, 5}, {4}, {2, 3}], [{8}, {6, 7}, {1, 5}, {4}, {3}, {2}], [{8}, {7}, {1, 6}, {2, 5}, {3, 4}], [{8}, {7}, {1, 6}, {3, 5}, {2, 4}], [{8}, {7}, {1, 6}, {4, 5}, {2, 3}], [{8}, {7}, {2, 6}, {1, 5}, {3, 4}], [{8}, {7}, {2, 6}, {1, 5}, {4}, {3}], [{8}, {7}, {2, 6}, {3, 5}, {1, 4}], [{8}, {7}, {2, 6}, {4, 5}, {1, 3}], [{8}, {7}, {3, 6}, {1, 5}, {2, 4}], [{8}, {7}, {3, 6}, {1, 5}, {4}, {2}], [{8}, {7}, {3, 6}, {2, 5}, {1, 4}], [{8}, {7}, {3, 6}, {4, 5}, {1, 2}], [{8}, {7}, {3, 6}, {4, 5}, {2}, {1}], [{8}, {7}, {3, 6}, {5}, {1, 4}, {2}], [{8}, {7}, {4, 6}, {1, 5}, {2, 3}], [{8}, {7}, {4, 6}, {1, 5}, {3}, {2}], [{8}, {7}, {4, 6}, {2, 5}, {1, 3}], [{8}, {7}, {4, 6}, {3, 5}, {1, 2}], [{8}, {7}, {5, 6}, {1, 4}, {2, 3}], [{8}, {7}, {5, 6}, {2, 4}, {1, 3}], [{8}, {7}, {5, 6}, {3, 4}, {1, 2}], [{8}, {7}, {6}, {1, 5}, {2, 4}, {3}], [{8}, {7}, {6}, {1, 5}, {3, 4}, {2}], [{8}, {7}, {6}, {1, 5}, {4}, {2, 3}], [{8}, {7}, {6}, {1, 5}, {4}, {3}, {2}]]",2,- 8 K_1^2 - 10 K_1 K_2 + 5 K_1 + 4 K_2 + 5 K_3 + 5,O1O2O3O4U1U5U3O5O6U4O7U2U7O8U6U8,O1O2O3U4U1U5U3O6O7U6O8O5U8O4U7U2,O1O2O3U2U4O5U6O7O6U8O4O8U1U7U3U5,c,{'O1O2O3O4U5U6O5U7U3O7U1O6O8U2U8U4'},1,"<a href=""/flatknot/8.857893"">8.857893</a>",t^7-39t^5-94t^4-44t^3+44t^2+48t+16,-t^3+3t,,
8.857894,O1O2O3O4U5U6O5U7U3O7U1O6O8U4U2U8,4,23z^2+100z+109,23w^3z^2+100w^2z+109w,False,False,"[[ 0 -1  0  1  1 -1 -1 -1  2],[ 1  0  1  1  1  1  1  0  2],[ 0 -1  0  1  1 -1  0 -1  2],[-1 -1 -1  0 -1 -1  1 -1  1],[-1 -1 -1  1  0 -2  0 -1  1],[ 1 -1  1  1  2  0 -1  0  2],[ 1 -1  0 -1  0  1  0  0  2],[ 1  0  1  1  1  0  0  0  2],[-2 -2 -2 -1 -1 -2 -2 -2  0]]","[[ 0  2  1  1  0 -1 -1 -1 -1],[-2  0 -1 -1 -2 -2 -2 -2 -2],[-1  1  0  1 -1  0 -1 -1 -2],[-1  1 -1  0 -1  1 -1 -1 -1],[ 0  2  1  1  0  0 -1 -1 -1],[ 1  2  0 -1  0  0  0 -1  1],[ 1  2  1  1  1  0  0  0  0],[ 1  2  1  1  1  1  0  0  1],[ 1  2  2  1  1 -1  0 -1  0]]",True,"[-2,-1,-1,0,1,1,1,1,1,1,2,2,2,2,2,-1,1,0,1,1,2,1,-1,1,1,1,0,1,1,1,0,1,-1,0,0,-1]","[-2,-1,-1,0,1,1,1,1,0,0,0,1,1,1,1,-1,0,1,1,1,3,0,0,1,1,2,0,0,0,1,-1,0,-1,0,1,0]",t^8+41t^6+244t^4+88t^2+4,"[-1,-1,-1,-1,0,1,1,2,-1,-1,0,0,1,1,1,-1,0,1,2,3,1,0,0,0,1,1,0,1,1,1,0,0,0,-1,0,0]","[-2,-1,-1,0,1,1,1,1,0,0,0,1,1,1,1,-1,0,1,1,1,3,0,0,1,1,2,0,0,0,1,-1,0,-1,0,1,0]","[-1,-1,-1,-1,0,1,1,2,-1,-1,0,1,1,2,2,-1,0,0,-1,0,2,0,1,1,1,2,1,1,1,2,1,1,2,-1,1,1]",c,"[[{8, 1}, {2, 7}, {3, 6}, {4, 5}], [{8, 1}, {2, 7}, {4, 6}, {3, 5}], [{8, 1}, {2, 7}, {5, 6}, {3, 4}], [{8, 1}, {3, 7}, {2, 6}, {4, 5}], [{8, 1}, {3, 7}, {4, 6}, {2, 5}], [{8, 1}, {3, 7}, {5, 6}, {2, 4}], [{8, 1}, {4, 7}, {2, 6}, {3, 5}], [{8, 1}, {4, 7}, {2, 6}, {5}, {3}], [{8, 1}, {4, 7}, {3, 6}, {2, 5}], [{8, 1}, {4, 7}, {3, 6}, {5}, {2}], [{8, 1}, {4, 7}, {5, 6}, {2, 3}], [{8, 1}, {4, 7}, {5, 6}, {3}, {2}], [{8, 1}, {4, 7}, {6}, {2, 5}, {3}], [{8, 1}, {4, 7}, {6}, {3, 5}, {2}], [{8, 1}, {4, 7}, {6}, {5}, {2, 3}], [{8, 1}, {4, 7}, {6}, {5}, {3}, {2}], [{8, 1}, {5, 7}, {2, 6}, {3, 4}], [{8, 1}, {5, 7}, {3, 6}, {2, 4}], [{8, 1}, {5, 7}, {3, 6}, {4}, {2}], [{8, 1}, {5, 7}, {4, 6}, {2, 3}], [{8, 1}, {6, 7}, {2, 5}, {3, 4}], [{8, 1}, {6, 7}, {3, 5}, {2, 4}], [{8, 1}, {6, 7}, {3, 5}, {4}, {2}], [{8, 1}, {6, 7}, {4, 5}, {2, 3}], [{8, 1}, {7}, {3, 6}, {4, 5}, {2}], [{8, 1}, {7}, {4, 6}, {3, 5}, {2}], [{8, 2}, {1, 7}, {3, 6}, {4, 5}], [{8, 2}, {1, 7}, {4, 6}, {3, 5}], [{8, 2}, {1, 7}, {5, 6}, {3, 4}], [{8, 2}, {3, 7}, {1, 6}, {4, 5}], [{8, 2}, {3, 7}, {1, 6}, {5}, {4}], [{8, 2}, {3, 7}, {4, 6}, {1, 5}], [{8, 2}, {3, 7}, {5, 6}, {1, 4}], [{8, 2}, {4, 7}, {1, 6}, {3, 5}], [{8, 2}, {4, 7}, {3, 6}, {1, 5}], [{8, 2}, {4, 7}, {5, 6}, {1, 3}], [{8, 2}, {5, 7}, {1, 6}, {3, 4}], [{8, 2}, {5, 7}, {3, 6}, {1, 4}], [{8, 2}, {5, 7}, {4, 6}, {1, 3}], [{8, 2}, {5, 7}, {4, 6}, {3}, {1}], [{8, 2}, {6, 7}, {1, 5}, {3, 4}], [{8, 2}, {6, 7}, {3, 5}, {1, 4}], [{8, 2}, {6, 7}, {4, 5}, {1, 3}], [{8, 2}, {6, 7}, {5}, {1, 4}, {3}], [{8, 2}, {7}, {3, 6}, {1, 5}, {4}], [{8, 2}, {7}, {4, 6}, {5}, {1, 3}], [{8, 3}, {1, 7}, {2, 6}, {4, 5}], [{8, 3}, {1, 7}, {4, 6}, {2, 5}], [{8, 3}, {1, 7}, {5, 6}, {2, 4}], [{8, 3}, {2, 7}, {1, 6}, {4, 5}], [{8, 3}, {2, 7}, {4, 6}, {1, 5}], [{8, 3}, {2, 7}, {5, 6}, {1, 4}], [{8, 3}, {4, 7}, {1, 6}, {2, 5}], [{8, 3}, {4, 7}, {2, 6}, {1, 5}], [{8, 3}, {4, 7}, {5, 6}, {1, 2}], [{8, 3}, {5, 7}, {1, 6}, {2, 4}], [{8, 3}, {5, 7}, {2, 6}, {1, 4}], [{8, 3}, {5, 7}, {4, 6}, {1, 2}], [{8, 3}, {6, 7}, {1, 5}, {2, 4}], [{8, 3}, {6, 7}, {2, 5}, {1, 4}], [{8, 3}, {6, 7}, {4, 5}, {1, 2}], [{8, 3}, {7}, {1, 6}, {2, 5}, {4}], [{8, 3}, {7}, {4, 6}, {1, 5}, {2}], [{8, 3}, {7}, {4, 6}, {2, 5}, {1}], [{8, 3}, {7}, {4, 6}, {5}, {1, 2}], [{8, 3}, {7}, {6}, {2, 5}, {1, 4}], [{8, 4}, {1, 7}, {2, 6}, {3, 5}], [{8, 4}, {1, 7}, {2, 6}, {5}, {3}], [{8, 4}, {1, 7}, {3, 6}, {2, 5}], [{8, 4}, {1, 7}, {5, 6}, {2, 3}], [{8, 4}, {1, 7}, {5, 6}, {3}, {2}], [{8, 4}, {1, 7}, {6}, {2, 5}, {3}], [{8, 4}, {2, 7}, {1, 6}, {3, 5}], [{8, 4}, {2, 7}, {3, 6}, {1, 5}], [{8, 4}, {2, 7}, {5, 6}, {1, 3}], [{8, 4}, {2, 7}, {5, 6}, {3}, {1}], [{8, 4}, {3, 7}, {1, 6}, {2, 5}], [{8, 4}, {3, 7}, {1, 6}, {5}, {2}], [{8, 4}, {3, 7}, {2, 6}, {1, 5}], [{8, 4}, {3, 7}, {5, 6}, {1, 2}], [{8, 4}, {3, 7}, {5, 6}, {2}, {1}], [{8, 4}, {3, 7}, {6}, {1, 5}, {2}], [{8, 4}, {5, 7}, {1, 6}, {2, 3}], [{8, 4}, {5, 7}, {2, 6}, {1, 3}], [{8, 4}, {5, 7}, {3, 6}, {1, 2}], [{8, 4}, {6, 7}, {1, 5}, {2, 3}], [{8, 4}, {6, 7}, {2, 5}, {1, 3}], [{8, 4}, {6, 7}, {3, 5}, {1, 2}], [{8, 4}, {7}, {5, 6}, {1, 3}, {2}], [{8, 4}, {7}, {5, 6}, {2, 3}, {1}], [{8, 4}, {7}, {5, 6}, {3}, {1, 2}], [{8, 4}, {7}, {5, 6}, {3}, {2}, {1}], [{8, 5}, {1, 7}, {2, 6}, {3, 4}], [{8, 5}, {1, 7}, {3, 6}, {2, 4}], [{8, 5}, {1, 7}, {4, 6}, {2, 3}], [{8, 5}, {2, 7}, {1, 6}, {3, 4}], [{8, 5}, {2, 7}, {3, 6}, {1, 4}], [{8, 5}, {2, 7}, {4, 6}, {1, 3}], [{8, 5}, {3, 7}, {1, 6}, {2, 4}], [{8, 5}, {3, 7}, {2, 6}, {1, 4}], [{8, 5}, {3, 7}, {4, 6}, {1, 2}], [{8, 5}, {4, 7}, {1, 6}, {2, 3}], [{8, 5}, {4, 7}, {2, 6}, {1, 3}], [{8, 5}, {4, 7}, {3, 6}, {1, 2}], [{8, 5}, {4, 7}, {3, 6}, {2}, {1}], [{8, 5}, {6, 7}, {1, 4}, {2, 3}], [{8, 5}, {6, 7}, {1, 4}, {3}, {2}], [{8, 5}, {6, 7}, {2, 4}, {1, 3}], [{8, 5}, {6, 7}, {3, 4}, {1, 2}], [{8, 5}, {7}, {1, 6}, {2, 4}, {3}], [{8, 6}, {1, 7}, {2, 5}, {3, 4}], [{8, 6}, {1, 7}, {3, 5}, {2, 4}], [{8, 6}, {1, 7}, {4, 5}, {2, 3}], [{8, 6}, {1, 7}, {5}, {3, 4}, {2}], [{8, 6}, {2, 7}, {1, 5}, {3, 4}], [{8, 6}, {2, 7}, {3, 5}, {1, 4}], [{8, 6}, {2, 7}, {4, 5}, {1, 3}], [{8, 6}, {3, 7}, {1, 5}, {2, 4}], [{8, 6}, {3, 7}, {2, 5}, {1, 4}], [{8, 6}, {3, 7}, {4, 5}, {1, 2}], [{8, 6}, {4, 7}, {1, 5}, {2, 3}], [{8, 6}, {4, 7}, {2, 5}, {1, 3}], [{8, 6}, {4, 7}, {3, 5}, {1, 2}], [{8, 6}, {4, 7}, {3, 5}, {2}, {1}], [{8, 6}, {5, 7}, {1, 4}, {2, 3}], [{8, 6}, {5, 7}, {2, 4}, {1, 3}], [{8, 6}, {5, 7}, {2, 4}, {3}, {1}], [{8, 6}, {5, 7}, {3, 4}, {1, 2}], [{8, 6}, {7}, {2, 5}, {1, 4}, {3}], [{8, 6}, {7}, {4, 5}, {1, 3}, {2}], [{8, 7}, {1, 6}, {2, 5}, {3, 4}], [{8, 7}, {1, 6}, {3, 5}, {2, 4}], [{8, 7}, {1, 6}, {4, 5}, {2, 3}], [{8, 7}, {1, 6}, {4, 5}, {3}, {2}], [{8, 7}, {2, 6}, {1, 5}, {3, 4}], [{8, 7}, {2, 6}, {3, 5}, {1, 4}], [{8, 7}, {2, 6}, {4, 5}, {1, 3}], [{8, 7}, {2, 6}, {5}, {1, 4}, {3}], [{8, 7}, {3, 6}, {1, 5}, {2, 4}], [{8, 7}, {3, 6}, {2, 5}, {1, 4}], [{8, 7}, {3, 6}, {4, 5}, {1, 2}], [{8, 7}, {3, 6}, {4, 5}, {2}, {1}], [{8, 7}, {4, 6}, {1, 5}, {2, 3}], [{8, 7}, {4, 6}, {2, 5}, {1, 3}], [{8, 7}, {4, 6}, {3, 5}, {1, 2}], [{8, 7}, {4, 6}, {3, 5}, {2}, {1}], [{8, 7}, {4, 6}, {5}, {3}, {1, 2}], [{8, 7}, {5, 6}, {1, 4}, {2, 3}], [{8, 7}, {5, 6}, {1, 4}, {3}, {2}], [{8, 7}, {5, 6}, {2, 4}, {1, 3}], [{8, 7}, {5, 6}, {3, 4}, {1, 2}], [{8, 7}, {6}, {1, 5}, {4}, {2, 3}], [{8, 7}, {6}, {2, 5}, {1, 4}, {3}], [{8, 7}, {6}, {3, 5}, {4}, {1, 2}], [{8, 7}, {6}, {4, 5}, {1, 3}, {2}], [{8}, {1, 7}, {3, 6}, {4, 5}, {2}], [{8}, {1, 7}, {4, 6}, {3, 5}, {2}], [{8}, {3, 7}, {1, 6}, {5}, {2, 4}], [{8}, {3, 7}, {4, 6}, {5}, {1, 2}], [{8}, {3, 7}, {6}, {2, 5}, {1, 4}], [{8}, {4, 7}, {1, 6}, {3, 5}, {2}], [{8}, {4, 7}, {3, 6}, {1, 5}, {2}], [{8}, {5, 7}, {1, 6}, {4}, {2, 3}], [{8}, {6, 7}, {2, 5}, {1, 4}, {3}], [{8}, {6, 7}, {4, 5}, {1, 3}, {2}], [{8}, {7}, {2, 6}, {1, 5}, {3, 4}], [{8}, {7}, {3, 6}, {2, 5}, {1, 4}], [{8}, {7}, {6}, {2, 5}, {1, 4}, {3}]]",2,8 K_1^3 + 4 K_1^2 K_2 - 16 K_1^2 - 12 K_1 K_2 - 6 K_1 K_3 - 2 K_2^2 + 9 K_2 + 4 K_3 + 3 K_4 + 9,O1O2O3O4U5U3U1O5O6U4O7U2U7O8U6U8,O1O2O3U4U2U5U1O6O7U6O8O5U8O4U7U3,O1O2O3U1U4O5U6O7O6U8O4O8U3U7U2U5,c,{'O1O2O3O4U5U6O5U7U3O7U1O6O8U4U2U8'},1,"<a href=""/flatknot/8.857894"">8.857894</a>",t^9-39t^7-124t^6-75t^5+136t^4+163t^3+26t^2-19t-6,-t^2+2t,,
8.857895,O1O2O3O4U5U6O5U7U3O7U1O6O8U4U8U2,3,10z^2+91z+143,10w^3z^2+91w^2z+143w,False,False,"[[ 0 -1  1  1  1 -1 -1 -1  1],[ 1  0  1  1  1  1  1  0  1],[-1 -1  0  1  0 -2 -1 -2  1],[-1 -1 -1  0 -1 -1  1 -1  1],[-1 -1  0  1  0 -2  0 -1  1],[ 1 -1  2  1  2  0 -1  0  1],[ 1 -1  1 -1  0  1  0  0  1],[ 1  0  2  1  1  0  0  0  1],[-1 -1 -1 -1 -1 -1 -1 -1  0]]","[[ 0  1  1  1  1 -1 -1 -1 -1],[-1  0  1  1  0  0 -1 -1 -2],[-1 -1  0  1 -1  1 -1 -1 -1],[-1 -1 -1  0 -1 -1 -1 -1 -1],[-1  0  1  1  0 -1 -1 -2 -2],[ 1  0 -1  1  1  0 -1  0  1],[ 1  1  1  1  1  1  0  0  1],[ 1  1  1  1  2  0  0  0  0],[ 1  2  1  1  2 -1 -1  0  0]]",True,"[-1,-1,-1,-1,1,1,1,1,-1,-1,0,0,1,1,2,-1,1,-1,1,1,1,1,1,1,1,1,1,1,2,2,1,0,-1,0,-1,0]","[-1,-1,-1,-1,1,1,1,1,-1,-1,-1,1,1,1,1,-1,-1,1,1,1,3,0,0,0,1,1,0,1,1,2,0,-1,-1,0,0,1]",t^8+32t^6+166t^4+95t^2,"[-1,-1,-1,-1,1,1,1,1,-1,-1,0,1,1,1,1,-1,0,1,1,2,3,0,0,1,0,1,0,1,1,1,-1,0,-1,1,1,-1]","[-1,-1,-1,-1,1,1,1,1,-1,-1,-1,1,1,1,1,-1,-1,1,1,1,3,0,0,0,1,1,0,1,1,2,0,-1,-1,0,0,1]","[-1,-1,-1,-1,1,1,1,1,-1,-1,0,1,1,2,2,-1,0,-1,1,0,1,0,1,1,1,1,1,1,1,2,1,-1,-1,-1,-1,0]",c,"[[{8, 1}, {3, 7}, {4, 6}, {2, 5}], [{8, 1}, {4, 7}, {3, 6}, {2, 5}], [{8, 5}, {3, 7}, {4, 6}, {1, 2}], [{8, 5}, {4, 7}, {3, 6}, {1, 2}], [{8, 6}, {3, 7}, {2, 5}, {1, 4}], [{8, 6}, {4, 7}, {2, 5}, {1, 3}], [{8, 7}, {3, 6}, {2, 5}, {1, 4}], [{8, 7}, {4, 6}, {2, 5}, {1, 3}], [{8, 7}, {4, 6}, {3, 5}, {1, 2}]]",1,8 K_1^3 - 36 K_1^2 - 16 K_1 K_2 + 2 K_1 + 18 K_2 + 6 K_3 + 19,O1O2O3O4U3U5U1O5O6U4O7U2U7O8U6U8,O1O2O3U4U3U5U1O6O7U6O8O5U8O4U7U2,O1O2O3U2U4O5U6O7O6U8O4O8U3U7U1U5,c,{'O1O2O3O4U5U6O5U7U3O7U1O6O8U4U8U2'},1,"<a href=""/flatknot/8.857895"">8.857895</a>",t^9-32t^7-76t^6-10t^5+78t^4+27t^3-20t^2-4t,0,,
8.857896,O1O2O3O4U5U6O5U7U3O7U2O6O8U1U8U4,4,12z^2+95z+143,12w^3z^2+95w^2z+143w,False,False,"[[ 0 -2  0  1  3 -1 -1 -1  1],[ 2  0  1  2  4  1  1  1  1],[ 0 -1  0  1  1  0  0 -1  0],[-1 -2 -1  0 -1 -1  1 -1  0],[-3 -4 -1  1  0 -4 -2 -3  0],[ 1 -1  0  1  4  0 -1  0  1],[ 1 -1  0 -1  2  1  0  0  1],[ 1 -1  1  1  3  0  0  0  1],[-1 -1  0  0  0 -1 -1 -1  0]]","[[ 0  3  1  1  0 -1 -1 -1 -2],[-3  0  1  0 -1 -2 -3 -4 -4],[-1 -1  0  0 -1  1 -1 -1 -2],[-1  0  0  0  0 -1 -1 -1 -1],[ 0  1  1  0  0  0 -1  0 -1],[ 1  2 -1  1  0  0  0  1 -1],[ 1  3  1  1  1  0  0  0 -1],[ 1  4  1  1  0 -1  0  0 -1],[ 2  4  2  1  1  1  1  1  0]]",True,"[-3,-1,-1,0,1,1,1,2,-1,0,1,2,3,4,4,0,1,-1,1,1,2,0,1,1,1,1,0,1,0,1,0,-1,1,0,1,1]","[-3,-1,-1,0,1,1,1,2,-1,0,1,2,3,4,4,0,1,-1,1,1,2,0,1,1,1,1,0,1,0,1,0,-1,1,0,1,1]",t^8+65t^6+353t^4+243t^2,"[-2,-1,-1,-1,0,1,1,3,0,0,0,1,1,2,1,-1,0,1,3,1,2,0,1,1,1,0,0,1,1,1,0,1,2,0,3,2]","[-3,-1,-1,0,1,1,1,2,2,3,2,0,1,2,1,0,1,1,1,1,2,0,1,1,3,1,1,0,1,1,0,-1,0,0,0,0]","[-2,-1,-1,-1,0,1,1,3,1,1,1,1,1,2,4,-1,0,0,1,1,4,0,0,1,-1,2,1,1,1,3,0,1,1,0,0,-1]",c,"[[{8, 5}, {3, 7}, {1, 6}, {2, 4}], [{8, 5}, {3, 7}, {1, 6}, {4}, {2}], [{8, 5}, {3, 7}, {2, 6}, {1, 4}], [{8, 5}, {3, 7}, {4, 6}, {1, 2}], [{8, 5}, {3, 7}, {4, 6}, {2}, {1}], [{8, 5}, {3, 7}, {6}, {1, 4}, {2}]]",1,8 K_1^3 + 8 K_1^2 K_2 - 40 K_1^2 - 22 K_1 K_2 - 6 K_1 K_3 + 5 K_1 - 2 K_2^2 + 19 K_2 + 9 K_3 + 2 K_4 + 20,O1O2O3O4U1U5U4O5O6U3O7U2U7O8U6U8,O1O2O3U1U4U5U3O6O7U6O8O5U8O4U7U2,O1O2O3U2U4O5U6O7O6U8O4O8U1U7U5U3,c,{'O1O2O3O4U5U6O5U7U3O7U2O6O8U1U8U4'},1,"<a href=""/flatknot/8.857896"">8.857896</a>",t^9-61t^7-178t^6-42t^5+266t^4+191t^3-2t^2+3t-2,-t^3+t^2+t,,
8.857897,O1O2O3O4U5U6O5U7U3O7U2O6O8U4U1U8,4,13z^2+98z+145,13w^3z^2+98w^2z+145w,False,False,"[[ 0 -1  0  1  1 -1 -1 -1  2],[ 1  0  0  1  2  0  0  0  2],[ 0  0  0  1  1  0  0 -1  1],[-1 -1 -1  0 -1 -1  1 -1  1],[-1 -2 -1  1  0 -2  0 -1  1],[ 1  0  0  1  2  0 -1  0  2],[ 1  0  0 -1  0  1  0  0  2],[ 1  0  1  1  1  0  0  0  2],[-2 -2 -1 -1 -1 -2 -2 -2  0]]","[[ 0  2  1  1  0 -1 -1 -1 -1],[-2  0 -1 -1 -1 -2 -2 -2 -2],[-1  1  0  1 -1  0 -1 -2 -2],[-1  1 -1  0 -1  1 -1 -1 -1],[ 0  1  1  1  0  0 -1  0  0],[ 1  2  0 -1  0  0  0  1  0],[ 1  2  1  1  1  0  0  0  0],[ 1  2  2  1  0 -1  0  0  0],[ 1  2  2  1  0  0  0  0  0]]",True,"[-2,-1,-1,0,1,1,1,1,1,1,1,2,2,2,2,-1,1,0,1,2,2,1,-1,1,1,1,0,1,0,0,0,-1,0,0,0,0]","[-2,-1,-1,0,1,1,1,1,0,0,1,1,1,1,1,-1,0,1,1,1,3,0,0,0,1,2,1,1,0,1,0,0,-1,0,0,0]",t^8+37t^6+219t^4+207t^2+16,"[-1,-1,-1,-1,0,1,1,2,-1,0,0,1,2,3,1,0,0,1,0,1,1,0,0,1,1,1,1,0,1,1,0,0,1,-1,0,0]","[-2,-1,-1,0,1,1,1,1,0,0,1,1,1,1,1,-1,0,1,1,1,3,0,0,0,1,2,1,1,0,1,0,0,-1,0,0,0]","[-1,-1,-1,-1,0,1,1,2,-1,0,0,0,1,2,2,0,0,0,-1,0,2,0,0,1,2,2,1,1,1,2,1,1,1,-1,1,1]",c,"[[{8, 1}, {2, 7}, {3, 6}, {4, 5}], [{8, 1}, {2, 7}, {4, 6}, {3, 5}], [{8, 1}, {2, 7}, {4, 6}, {5}, {3}], [{8, 1}, {2, 7}, {5, 6}, {3, 4}], [{8, 1}, {3, 7}, {2, 6}, {4, 5}], [{8, 1}, {3, 7}, {2, 6}, {5}, {4}], [{8, 1}, {3, 7}, {4, 6}, {2, 5}], [{8, 1}, {3, 7}, {4, 6}, {5}, {2}], [{8, 1}, {3, 7}, {5, 6}, {2, 4}], [{8, 1}, {3, 7}, {6}, {5}, {2, 4}], [{8, 1}, {4, 7}, {2, 6}, {3, 5}], [{8, 1}, {4, 7}, {3, 6}, {2, 5}], [{8, 1}, {4, 7}, {5, 6}, {2, 3}], [{8, 1}, {5, 7}, {2, 6}, {3, 4}], [{8, 1}, {5, 7}, {3, 6}, {2, 4}], [{8, 1}, {5, 7}, {4, 6}, {2, 3}], [{8, 1}, {6, 7}, {2, 5}, {3, 4}], [{8, 1}, {6, 7}, {3, 5}, {2, 4}], [{8, 1}, {6, 7}, {3, 5}, {4}, {2}], [{8, 1}, {6, 7}, {4, 5}, {2, 3}], [{8, 1}, {6, 7}, {5}, {2, 4}, {3}], [{8, 1}, {7}, {3, 6}, {5}, {2, 4}], [{8, 1}, {7}, {4, 6}, {5}, {2, 3}], [{8, 1}, {7}, {5, 6}, {4}, {2, 3}], [{8, 1}, {7}, {6}, {2, 5}, {3, 4}], [{8, 1}, {7}, {6}, {4, 5}, {2, 3}], [{8, 2}, {1, 7}, {3, 6}, {4, 5}], [{8, 2}, {1, 7}, {4, 6}, {3, 5}], [{8, 2}, {1, 7}, {5, 6}, {3, 4}], [{8, 2}, {3, 7}, {1, 6}, {4, 5}], [{8, 2}, {3, 7}, {4, 6}, {1, 5}], [{8, 2}, {3, 7}, {5, 6}, {1, 4}], [{8, 2}, {4, 7}, {1, 6}, {3, 5}], [{8, 2}, {4, 7}, {3, 6}, {1, 5}], [{8, 2}, {4, 7}, {5, 6}, {1, 3}], [{8, 2}, {5, 7}, {1, 6}, {3, 4}], [{8, 2}, {5, 7}, {3, 6}, {1, 4}], [{8, 2}, {5, 7}, {3, 6}, {4}, {1}], [{8, 2}, {5, 7}, {4, 6}, {1, 3}], [{8, 2}, {6, 7}, {1, 5}, {3, 4}], [{8, 2}, {6, 7}, {3, 5}, {1, 4}], [{8, 2}, {6, 7}, {4, 5}, {1, 3}], [{8, 2}, {7}, {6}, {3, 5}, {1, 4}], [{8, 2}, {7}, {6}, {4, 5}, {1, 3}], [{8, 3}, {1, 7}, {2, 6}, {4, 5}], [{8, 3}, {1, 7}, {2, 6}, {5}, {4}], [{8, 3}, {1, 7}, {4, 6}, {2, 5}], [{8, 3}, {1, 7}, {5, 6}, {2, 4}], [{8, 3}, {2, 7}, {1, 6}, {4, 5}], [{8, 3}, {2, 7}, {4, 6}, {1, 5}], [{8, 3}, {2, 7}, {5, 6}, {1, 4}], [{8, 3}, {4, 7}, {1, 6}, {2, 5}], [{8, 3}, {4, 7}, {2, 6}, {1, 5}], [{8, 3}, {4, 7}, {5, 6}, {1, 2}], [{8, 3}, {5, 7}, {1, 6}, {2, 4}], [{8, 3}, {5, 7}, {2, 6}, {1, 4}], [{8, 3}, {5, 7}, {2, 6}, {4}, {1}], [{8, 3}, {5, 7}, {4, 6}, {1, 2}], [{8, 3}, {5, 7}, {6}, {1, 4}, {2}], [{8, 3}, {6, 7}, {1, 5}, {2, 4}], [{8, 3}, {6, 7}, {2, 5}, {1, 4}], [{8, 3}, {6, 7}, {4, 5}, {1, 2}], [{8, 3}, {7}, {2, 6}, {1, 5}, {4}], [{8, 3}, {7}, {4, 6}, {5}, {1, 2}], [{8, 3}, {7}, {5, 6}, {2, 4}, {1}], [{8, 4}, {1, 7}, {2, 6}, {3, 5}], [{8, 4}, {1, 7}, {3, 6}, {2, 5}], [{8, 4}, {1, 7}, {5, 6}, {2, 3}], [{8, 4}, {1, 7}, {5, 6}, {3}, {2}], [{8, 4}, {2, 7}, {1, 6}, {3, 5}], [{8, 4}, {2, 7}, {3, 6}, {1, 5}], [{8, 4}, {2, 7}, {5, 6}, {1, 3}], [{8, 4}, {2, 7}, {5, 6}, {3}, {1}], [{8, 4}, {3, 7}, {1, 6}, {2, 5}], [{8, 4}, {3, 7}, {2, 6}, {1, 5}], [{8, 4}, {3, 7}, {2, 6}, {5}, {1}], [{8, 4}, {3, 7}, {5, 6}, {1, 2}], [{8, 4}, {5, 7}, {1, 6}, {2, 3}], [{8, 4}, {5, 7}, {2, 6}, {1, 3}], [{8, 4}, {5, 7}, {3, 6}, {1, 2}], [{8, 4}, {5, 7}, {3, 6}, {2}, {1}], [{8, 4}, {6, 7}, {1, 5}, {2, 3}], [{8, 4}, {6, 7}, {2, 5}, {1, 3}], [{8, 4}, {6, 7}, {3, 5}, {1, 2}], [{8, 4}, {6, 7}, {3, 5}, {2}, {1}], [{8, 4}, {7}, {1, 6}, {2, 5}, {3}], [{8, 4}, {7}, {5, 6}, {3}, {1, 2}], [{8, 5}, {1, 7}, {2, 6}, {3, 4}], [{8, 5}, {1, 7}, {3, 6}, {2, 4}], [{8, 5}, {1, 7}, {4, 6}, {2, 3}], [{8, 5}, {1, 7}, {4, 6}, {3}, {2}], [{8, 5}, {2, 7}, {1, 6}, {3, 4}], [{8, 5}, {2, 7}, {3, 6}, {1, 4}], [{8, 5}, {2, 7}, {4, 6}, {1, 3}], [{8, 5}, {2, 7}, {6}, {4}, {1, 3}], [{8, 5}, {3, 7}, {1, 6}, {2, 4}], [{8, 5}, {3, 7}, {2, 6}, {1, 4}], [{8, 5}, {3, 7}, {4, 6}, {1, 2}], [{8, 5}, {3, 7}, {4, 6}, {2}, {1}], [{8, 5}, {4, 7}, {1, 6}, {2, 3}], [{8, 5}, {4, 7}, {2, 6}, {1, 3}], [{8, 5}, {4, 7}, {3, 6}, {1, 2}], [{8, 5}, {6, 7}, {1, 4}, {2, 3}], [{8, 5}, {6, 7}, {2, 4}, {1, 3}], [{8, 5}, {6, 7}, {3, 4}, {1, 2}], [{8, 5}, {7}, {3, 6}, {2, 4}, {1}], [{8, 5}, {7}, {4, 6}, {1, 3}, {2}], [{8, 5}, {7}, {6}, {3, 4}, {1, 2}], [{8, 6}, {1, 7}, {2, 5}, {3, 4}], [{8, 6}, {1, 7}, {3, 5}, {2, 4}], [{8, 6}, {1, 7}, {4, 5}, {2, 3}], [{8, 6}, {2, 7}, {1, 5}, {3, 4}], [{8, 6}, {2, 7}, {3, 5}, {1, 4}], [{8, 6}, {2, 7}, {4, 5}, {1, 3}], [{8, 6}, {2, 7}, {4, 5}, {3}, {1}], [{8, 6}, {2, 7}, {5}, {4}, {1, 3}], [{8, 6}, {3, 7}, {1, 5}, {2, 4}], [{8, 6}, {3, 7}, {2, 5}, {1, 4}], [{8, 6}, {3, 7}, {4, 5}, {1, 2}], [{8, 6}, {4, 7}, {1, 5}, {2, 3}], [{8, 6}, {4, 7}, {2, 5}, {1, 3}], [{8, 6}, {4, 7}, {3, 5}, {1, 2}], [{8, 6}, {4, 7}, {5}, {2, 3}, {1}], [{8, 6}, {5, 7}, {1, 4}, {2, 3}], [{8, 6}, {5, 7}, {2, 4}, {1, 3}], [{8, 6}, {5, 7}, {3, 4}, {1, 2}], [{8, 6}, {7}, {3, 5}, {1, 4}, {2}], [{8, 6}, {7}, {3, 5}, {2, 4}, {1}], [{8, 6}, {7}, {3, 5}, {4}, {1, 2}], [{8, 7}, {1, 6}, {2, 5}, {3, 4}], [{8, 7}, {1, 6}, {3, 5}, {2, 4}], [{8, 7}, {1, 6}, {4, 5}, {2, 3}], [{8, 7}, {1, 6}, {5}, {2, 4}, {3}], [{8, 7}, {2, 6}, {1, 5}, {3, 4}], [{8, 7}, {2, 6}, {3, 5}, {1, 4}], [{8, 7}, {2, 6}, {4, 5}, {1, 3}], [{8, 7}, {2, 6}, {4, 5}, {3}, {1}], [{8, 7}, {2, 6}, {5}, {4}, {1, 3}], [{8, 7}, {3, 6}, {1, 5}, {2, 4}], [{8, 7}, {3, 6}, {2, 5}, {1, 4}], [{8, 7}, {3, 6}, {4, 5}, {1, 2}], [{8, 7}, {3, 6}, {5}, {2, 4}, {1}], [{8, 7}, {4, 6}, {1, 5}, {2, 3}], [{8, 7}, {4, 6}, {2, 5}, {1, 3}], [{8, 7}, {4, 6}, {2, 5}, {3}, {1}], [{8, 7}, {4, 6}, {3, 5}, {1, 2}], [{8, 7}, {4, 6}, {5}, {1, 3}, {2}], [{8, 7}, {5, 6}, {1, 4}, {2, 3}], [{8, 7}, {5, 6}, {2, 4}, {1, 3}], [{8, 7}, {5, 6}, {3, 4}, {1, 2}], [{8, 7}, {5, 6}, {3, 4}, {2}, {1}], [{8, 7}, {6}, {3, 5}, {1, 4}, {2}], [{8, 7}, {6}, {5}, {2, 4}, {1, 3}], [{8}, {1, 7}, {3, 6}, {5}, {2, 4}], [{8}, {2, 7}, {1, 6}, {3, 5}, {4}], [{8}, {2, 7}, {4, 6}, {3, 5}, {1}], [{8}, {2, 7}, {5, 6}, {4}, {1, 3}], [{8}, {2, 7}, {6}, {3, 5}, {1, 4}], [{8}, {3, 7}, {2, 6}, {5}, {1, 4}], [{8}, {3, 7}, {4, 6}, {1, 5}, {2}], [{8}, {4, 7}, {6}, {3, 5}, {1, 2}], [{8}, {5, 7}, {1, 6}, {3, 4}, {2}], [{8}, {5, 7}, {2, 6}, {1, 4}, {3}], [{8}, {5, 7}, {3, 6}, {2, 4}, {1}], [{8}, {5, 7}, {4, 6}, {1, 3}, {2}], [{8}, {6, 7}, {3, 5}, {1, 4}, {2}], [{8}, {7}, {2, 6}, {3, 5}, {1, 4}], [{8}, {7}, {3, 6}, {1, 5}, {2, 4}], [{8}, {7}, {3, 6}, {2, 5}, {1, 4}], [{8}, {7}, {3, 6}, {4, 5}, {1, 2}], [{8}, {7}, {3, 6}, {5}, {2, 4}, {1}]]",2,8 K_1^3 + 8 K_1^2 K_2 - 36 K_1^2 - 20 K_1 K_2 - 6 K_1 K_3 + 4 K_1 - 2 K_2^2 + 17 K_2 + 8 K_3 + 2 K_4 + 18,O1O2O3O4U5U4U1O5O6U3O7U2U7O8U6U8,O1O2O3U2U4U5U1O6O7U6O8O5U8O4U7U3,O1O2O3U1U4O5U6O7O6U8O4O8U3U7U5U2,c,{'O1O2O3O4U5U6O5U7U3O7U2O6O8U4U1U8'},1,"<a href=""/flatknot/8.857897"">8.857897</a>",t^9-35t^7-64t^6+74t^5+150t^4-24t^3-74t^2-6t+2,-t^2+2t,,
8.857898,O1O2O3O4U5U6O5U7U3O7U8O6O8U1U2U4,4,8z^3+53z^2+114z+81,8w^4z^3+53w^3z^2+114w^2z+81w,False,False,"[[ 0 -2  0  1  3 -1 -1 -1  1],[ 2  0  1  2  3  1  1  1  3],[ 0 -1  0  2  2 -1 -1 -1  1],[-1 -2 -2  0 -1 -1  1 -1  0],[-3 -3 -2  1  0 -4 -3 -3 -2],[ 1 -1  1  1  4  0 -1  0  1],[ 1 -1  1 -1  3  1  0  0  1],[ 1 -1  1  1  3  0  0  0  2],[-1 -3 -1  0  2 -1 -1 -2  0]]","[[ 0  3  1  1  0 -1 -1 -1 -2],[-3  0  1 -2 -2 -3 -3 -4 -3],[-1 -1  0  0 -2  1 -1 -1 -2],[-1  2  0  0 -1 -1 -2 -1 -3],[ 0  2  2  1  0 -1 -1 -1 -1],[ 1  3 -1  1  1  0  0  1 -1],[ 1  3  1  2  1  0  0  0 -1],[ 1  4  1  1  1 -1  0  0 -1],[ 2  3  2  3  1  1  1  1  0]]",True,"[-3,-1,-1,0,1,1,1,2,-1,2,2,3,3,4,3,0,2,-1,1,1,2,1,1,2,1,3,1,1,1,1,0,-1,1,0,1,1]","[-3,-1,-1,0,1,1,1,2,-1,2,2,3,3,4,3,0,2,-1,1,1,2,1,1,2,1,3,1,1,1,1,0,-1,1,0,1,1]",t^8+87t^6+761t^4+283t^2+4,"[-2,-1,-1,-1,0,1,1,3,0,0,0,1,0,1,2,-1,0,0,1,3,1,0,0,1,1,0,0,0,1,1,0,-1,1,0,0,3]","[-3,-1,-1,0,1,1,1,2,0,3,1,0,1,1,2,0,0,1,0,1,0,-1,1,1,3,1,0,0,0,1,0,-1,0,0,0,0]","[-2,-1,-1,-1,0,1,1,3,1,1,1,1,2,3,3,-1,0,1,1,1,4,0,1,-1,1,3,1,1,2,3,2,1,2,0,-1,2]",c,"[[{8, 1}, {2, 7}, {3, 6}, {4, 5}], [{8, 1}, {2, 7}, {4, 6}, {3, 5}], [{8, 1}, {2, 7}, {5, 6}, {3, 4}], [{8, 1}, {2, 7}, {6}, {3, 5}, {4}], [{8, 1}, {3, 7}, {2, 6}, {4, 5}], [{8, 1}, {3, 7}, {4, 6}, {2, 5}], [{8, 1}, {3, 7}, {5, 6}, {2, 4}], [{8, 1}, {3, 7}, {6}, {4, 5}, {2}], [{8, 1}, {4, 7}, {2, 6}, {3, 5}], [{8, 1}, {4, 7}, {2, 6}, {5}, {3}], [{8, 1}, {4, 7}, {3, 6}, {2, 5}], [{8, 1}, {4, 7}, {5, 6}, {2, 3}], [{8, 1}, {5, 7}, {2, 6}, {3, 4}], [{8, 1}, {5, 7}, {2, 6}, {4}, {3}], [{8, 1}, {5, 7}, {3, 6}, {2, 4}], [{8, 1}, {5, 7}, {4, 6}, {2, 3}], [{8, 1}, {6, 7}, {2, 5}, {3, 4}], [{8, 1}, {6, 7}, {3, 5}, {2, 4}], [{8, 1}, {6, 7}, {4, 5}, {2, 3}], [{8, 1}, {6, 7}, {5}, {3, 4}, {2}], [{8, 1}, {7}, {2, 6}, {4, 5}, {3}], [{8, 1}, {7}, {3, 6}, {2, 5}, {4}], [{8, 1}, {7}, {4, 6}, {2, 5}, {3}], [{8, 1}, {7}, {4, 6}, {3, 5}, {2}], [{8, 1}, {7}, {4, 6}, {5}, {2, 3}], [{8, 1}, {7}, {5, 6}, {2, 4}, {3}], [{8, 1}, {7}, {6}, {2, 5}, {3, 4}], [{8, 2}, {1, 7}, {3, 6}, {4, 5}], [{8, 2}, {1, 7}, {4, 6}, {3, 5}], [{8, 2}, {1, 7}, {5, 6}, {3, 4}], [{8, 2}, {3, 7}, {1, 6}, {4, 5}], [{8, 2}, {3, 7}, {1, 6}, {5}, {4}], [{8, 2}, {3, 7}, {4, 6}, {1, 5}], [{8, 2}, {3, 7}, {4, 6}, {5}, {1}], [{8, 2}, {3, 7}, {5, 6}, {1, 4}], [{8, 2}, {3, 7}, {6}, {5}, {1, 4}], [{8, 2}, {4, 7}, {1, 6}, {3, 5}], [{8, 2}, {4, 7}, {3, 6}, {1, 5}], [{8, 2}, {4, 7}, {5, 6}, {1, 3}], [{8, 2}, {4, 7}, {5, 6}, {3}, {1}], [{8, 2}, {5, 7}, {1, 6}, {3, 4}], [{8, 2}, {5, 7}, {1, 6}, {4}, {3}], [{8, 2}, {5, 7}, {3, 6}, {1, 4}], [{8, 2}, {5, 7}, {4, 6}, {1, 3}], [{8, 2}, {5, 7}, {4, 6}, {3}, {1}], [{8, 2}, {5, 7}, {6}, {1, 4}, {3}], [{8, 2}, {6, 7}, {1, 5}, {3, 4}], [{8, 2}, {6, 7}, {1, 5}, {4}, {3}], [{8, 2}, {6, 7}, {3, 5}, {1, 4}], [{8, 2}, {6, 7}, {4, 5}, {1, 3}], [{8, 2}, {7}, {1, 6}, {3, 5}, {4}], [{8, 2}, {7}, {4, 6}, {3, 5}, {1}], [{8, 2}, {7}, {6}, {3, 5}, {1, 4}], [{8, 2}, {7}, {6}, {4, 5}, {1, 3}], [{8, 3}, {1, 7}, {2, 6}, {4, 5}], [{8, 3}, {1, 7}, {4, 6}, {2, 5}], [{8, 3}, {1, 7}, {5, 6}, {2, 4}], [{8, 3}, {1, 7}, {6}, {4, 5}, {2}], [{8, 3}, {2, 7}, {1, 6}, {4, 5}], [{8, 3}, {2, 7}, {1, 6}, {5}, {4}], [{8, 3}, {2, 7}, {4, 6}, {1, 5}], [{8, 3}, {2, 7}, {4, 6}, {5}, {1}], [{8, 3}, {2, 7}, {5, 6}, {1, 4}], [{8, 3}, {2, 7}, {6}, {5}, {1, 4}], [{8, 3}, {4, 7}, {1, 6}, {2, 5}], [{8, 3}, {4, 7}, {1, 6}, {5}, {2}], [{8, 3}, {4, 7}, {2, 6}, {1, 5}], [{8, 3}, {4, 7}, {2, 6}, {5}, {1}], [{8, 3}, {4, 7}, {5, 6}, {1, 2}], [{8, 3}, {4, 7}, {6}, {5}, {1, 2}], [{8, 3}, {5, 7}, {1, 6}, {2, 4}], [{8, 3}, {5, 7}, {1, 6}, {4}, {2}], [{8, 3}, {5, 7}, {2, 6}, {1, 4}], [{8, 3}, {5, 7}, {4, 6}, {1, 2}], [{8, 3}, {5, 7}, {4, 6}, {2}, {1}], [{8, 3}, {5, 7}, {6}, {1, 4}, {2}], [{8, 3}, {6, 7}, {1, 5}, {2, 4}], [{8, 3}, {6, 7}, {2, 5}, {1, 4}], [{8, 3}, {6, 7}, {4, 5}, {1, 2}], [{8, 3}, {6, 7}, {4, 5}, {2}, {1}], [{8, 3}, {7}, {1, 6}, {2, 5}, {4}], [{8, 3}, {7}, {1, 6}, {4, 5}, {2}], [{8, 3}, {7}, {1, 6}, {5}, {2, 4}], [{8, 3}, {7}, {1, 6}, {5}, {4}, {2}], [{8, 3}, {7}, {4, 6}, {2, 5}, {1}], [{8, 3}, {7}, {6}, {2, 5}, {1, 4}], [{8, 4}, {1, 7}, {2, 6}, {3, 5}], [{8, 4}, {1, 7}, {3, 6}, {2, 5}], [{8, 4}, {1, 7}, {5, 6}, {2, 3}], [{8, 4}, {2, 7}, {1, 6}, {3, 5}], [{8, 4}, {2, 7}, {3, 6}, {1, 5}], [{8, 4}, {2, 7}, {3, 6}, {5}, {1}], [{8, 4}, {2, 7}, {5, 6}, {1, 3}], [{8, 4}, {2, 7}, {5, 6}, {3}, {1}], [{8, 4}, {2, 7}, {6}, {3, 5}, {1}], [{8, 4}, {3, 7}, {1, 6}, {2, 5}], [{8, 4}, {3, 7}, {2, 6}, {1, 5}], [{8, 4}, {3, 7}, {5, 6}, {1, 2}], [{8, 4}, {3, 7}, {5, 6}, {2}, {1}], [{8, 4}, {5, 7}, {1, 6}, {2, 3}], [{8, 4}, {5, 7}, {2, 6}, {1, 3}], [{8, 4}, {5, 7}, {2, 6}, {3}, {1}], [{8, 4}, {5, 7}, {3, 6}, {1, 2}], [{8, 4}, {6, 7}, {1, 5}, {2, 3}], [{8, 4}, {6, 7}, {2, 5}, {1, 3}], [{8, 4}, {6, 7}, {3, 5}, {1, 2}], [{8, 4}, {7}, {2, 6}, {5}, {1, 3}], [{8, 4}, {7}, {5, 6}, {2, 3}, {1}], [{8, 5}, {1, 7}, {2, 6}, {3, 4}], [{8, 5}, {1, 7}, {2, 6}, {4}, {3}], [{8, 5}, {1, 7}, {3, 6}, {2, 4}], [{8, 5}, {1, 7}, {3, 6}, {4}, {2}], [{8, 5}, {1, 7}, {4, 6}, {2, 3}], [{8, 5}, {1, 7}, {6}, {4}, {2, 3}], [{8, 5}, {2, 7}, {1, 6}, {3, 4}], [{8, 5}, {2, 7}, {1, 6}, {4}, {3}], [{8, 5}, {2, 7}, {3, 6}, {1, 4}], [{8, 5}, {2, 7}, {4, 6}, {1, 3}], [{8, 5}, {2, 7}, {4, 6}, {3}, {1}], [{8, 5}, {2, 7}, {6}, {1, 4}, {3}], [{8, 5}, {3, 7}, {1, 6}, {2, 4}], [{8, 5}, {3, 7}, {1, 6}, {4}, {2}], [{8, 5}, {3, 7}, {2, 6}, {1, 4}], [{8, 5}, {3, 7}, {4, 6}, {1, 2}], [{8, 5}, {3, 7}, {4, 6}, {2}, {1}], [{8, 5}, {3, 7}, {6}, {1, 4}, {2}], [{8, 5}, {4, 7}, {1, 6}, {2, 3}], [{8, 5}, {4, 7}, {2, 6}, {1, 3}], [{8, 5}, {4, 7}, {2, 6}, {3}, {1}], [{8, 5}, {4, 7}, {3, 6}, {1, 2}], [{8, 5}, {4, 7}, {3, 6}, {2}, {1}], [{8, 5}, {4, 7}, {6}, {2, 3}, {1}], [{8, 5}, {6, 7}, {1, 4}, {2, 3}], [{8, 5}, {6, 7}, {1, 4}, {3}, {2}], [{8, 5}, {6, 7}, {2, 4}, {1, 3}], [{8, 5}, {6, 7}, {3, 4}, {1, 2}], [{8, 5}, {6, 7}, {4}, {2, 3}, {1}], [{8, 5}, {7}, {1, 6}, {4}, {2, 3}], [{8, 5}, {7}, {2, 6}, {1, 4}, {3}], [{8, 5}, {7}, {3, 6}, {1, 4}, {2}], [{8, 5}, {7}, {4, 6}, {2, 3}, {1}], [{8, 5}, {7}, {6}, {1, 4}, {2, 3}], [{8, 5}, {7}, {6}, {1, 4}, {3}, {2}], [{8, 5}, {7}, {6}, {2, 4}, {1, 3}], [{8, 5}, {7}, {6}, {3, 4}, {1, 2}], [{8, 5}, {7}, {6}, {4}, {2, 3}, {1}], [{8, 6}, {1, 7}, {2, 5}, {3, 4}], [{8, 6}, {1, 7}, {3, 5}, {2, 4}], [{8, 6}, {1, 7}, {4, 5}, {2, 3}], [{8, 6}, {2, 7}, {1, 5}, {3, 4}], [{8, 6}, {2, 7}, {3, 5}, {1, 4}], [{8, 6}, {2, 7}, {3, 5}, {4}, {1}], [{8, 6}, {2, 7}, {4, 5}, {1, 3}], [{8, 6}, {3, 7}, {1, 5}, {2, 4}], [{8, 6}, {3, 7}, {2, 5}, {1, 4}], [{8, 6}, {3, 7}, {4, 5}, {1, 2}], [{8, 6}, {4, 7}, {1, 5}, {2, 3}], [{8, 6}, {4, 7}, {2, 5}, {1, 3}], [{8, 6}, {4, 7}, {3, 5}, {1, 2}], [{8, 6}, {5, 7}, {1, 4}, {2, 3}], [{8, 6}, {5, 7}, {1, 4}, {3}, {2}], [{8, 6}, {5, 7}, {2, 4}, {1, 3}], [{8, 6}, {5, 7}, {3, 4}, {1, 2}], [{8, 6}, {5, 7}, {3, 4}, {2}, {1}], [{8, 6}, {5, 7}, {4}, {1, 3}, {2}], [{8, 6}, {7}, {4, 5}, {2, 3}, {1}], [{8, 7}, {1, 6}, {2, 5}, {3, 4}], [{8, 7}, {1, 6}, {2, 5}, {4}, {3}], [{8, 7}, {1, 6}, {3, 5}, {2, 4}], [{8, 7}, {1, 6}, {3, 5}, {4}, {2}], [{8, 7}, {1, 6}, {4, 5}, {2, 3}], [{8, 7}, {1, 6}, {5}, {4}, {2, 3}], [{8, 7}, {2, 6}, {1, 5}, {3, 4}], [{8, 7}, {2, 6}, {3, 5}, {1, 4}], [{8, 7}, {2, 6}, {4, 5}, {1, 3}], [{8, 7}, {2, 6}, {5}, {1, 4}, {3}], [{8, 7}, {2, 6}, {5}, {3, 4}, {1}], [{8, 7}, {2, 6}, {5}, {4}, {1, 3}], [{8, 7}, {3, 6}, {1, 5}, {2, 4}], [{8, 7}, {3, 6}, {1, 5}, {4}, {2}], [{8, 7}, {3, 6}, {2, 5}, {1, 4}], [{8, 7}, {3, 6}, {4, 5}, {1, 2}], [{8, 7}, {3, 6}, {4, 5}, {2}, {1}], [{8, 7}, {3, 6}, {5}, {1, 4}, {2}], [{8, 7}, {4, 6}, {1, 5}, {2, 3}], [{8, 7}, {4, 6}, {2, 5}, {1, 3}], [{8, 7}, {4, 6}, {2, 5}, {3}, {1}], [{8, 7}, {4, 6}, {3, 5}, {1, 2}], [{8, 7}, {4, 6}, {3, 5}, {2}, {1}], [{8, 7}, {4, 6}, {5}, {2, 3}, {1}], [{8, 7}, {5, 6}, {1, 4}, {2, 3}], [{8, 7}, {5, 6}, {1, 4}, {3}, {2}], [{8, 7}, {5, 6}, {2, 4}, {1, 3}], [{8, 7}, {5, 6}, {3, 4}, {1, 2}], [{8, 7}, {6}, {2, 5}, {1, 4}, {3}], [{8, 7}, {6}, {3, 5}, {1, 4}, {2}], [{8, 7}, {6}, {5}, {1, 4}, {2, 3}], [{8, 7}, {6}, {5}, {1, 4}, {3}, {2}], [{8}, {1, 7}, {4, 6}, {2, 5}, {3}], [{8}, {1, 7}, {4, 6}, {3, 5}, {2}], [{8}, {1, 7}, {4, 6}, {5}, {2, 3}], [{8}, {2, 7}, {1, 6}, {3, 5}, {4}], [{8}, {2, 7}, {4, 6}, {3, 5}, {1}], [{8}, {2, 7}, {6}, {3, 5}, {1, 4}], [{8}, {2, 7}, {6}, {3, 5}, {4}, {1}], [{8}, {3, 7}, {1, 6}, {2, 5}, {4}], [{8}, {3, 7}, {2, 6}, {1, 5}, {4}], [{8}, {3, 7}, {4, 6}, {2, 5}, {1}], [{8}, {3, 7}, {6}, {2, 5}, {1, 4}], [{8}, {4, 7}, {2, 6}, {1, 5}, {3}], [{8}, {4, 7}, {2, 6}, {3, 5}, {1}], [{8}, {4, 7}, {2, 6}, {5}, {1, 3}], [{8}, {4, 7}, {5, 6}, {1, 3}, {2}], [{8}, {4, 7}, {6}, {2, 5}, {1, 3}], [{8}, {5, 7}, {1, 6}, {4}, {2, 3}], [{8}, {5, 7}, {2, 6}, {1, 4}, {3}], [{8}, {5, 7}, {3, 6}, {1, 4}, {2}], [{8}, {5, 7}, {4, 6}, {2, 3}, {1}], [{8}, {5, 7}, {6}, {1, 4}, {2, 3}], [{8}, {5, 7}, {6}, {1, 4}, {3}, {2}], [{8}, {6, 7}, {2, 5}, {4}, {1, 3}], [{8}, {6, 7}, {3, 5}, {2, 4}, {1}], [{8}, {7}, {2, 6}, {1, 5}, {3, 4}], [{8}, {7}, {3, 6}, {4, 5}, {1, 2}], [{8}, {7}, {4, 6}, {1, 5}, {2, 3}], [{8}, {7}, {4, 6}, {2, 5}, {1, 3}], [{8}, {7}, {4, 6}, {2, 5}, {3}, {1}], [{8}, {7}, {4, 6}, {3, 5}, {1, 2}], [{8}, {7}, {4, 6}, {3, 5}, {2}, {1}], [{8}, {7}, {4, 6}, {5}, {2, 3}, {1}]]",2,20 K_1^3 + 12 K_1^2 K_2 - 16 K_1^2 - 10 K_1 K_2 - 6 K_1 K_3 - 10 K_1 - 2 K_2^2 + 5 K_2 + K_4 + 7,O1O2O3O4U1U3U4O5O6U5O7U2U7O8U6U8,O1O2O3U1U2U4U3O5O6U5O7O4U7O8U6U8,O1O2O3U4U5O4U6O7O6U8O5O8U1U7U2U3,c,{'O1O2O3O4U5U6O5U7U3O7U8O6O8U1U2U4'},1,"<a href=""/flatknot/8.857898"">8.857898</a>",t^9-83t^7-352t^6-236t^5+622t^4+585t^3-256t^2-195t+54,-t^3+t^2+t,,
8.857899,O1O2O3O4U5U6O5U7U3O7U8O6O8U1U4U2,4,28z^2+113z+115,28w^3z^2+113w^2z+115w,False,False,"[[ 0 -2  1  1  2 -1 -1 -1  1],[ 2  0  2  2  2  1  1  1  3],[-1 -2  0  1  1 -2 -2 -2  0],[-1 -2 -1  0 -1 -1  1 -1  0],[-2 -2 -1  1  0 -3 -2 -2 -1],[ 1 -1  2  1  3  0 -1  0  1],[ 1 -1  2 -1  2  1  0  0  1],[ 1 -1  2  1  2  0  0  0  2],[-1 -3  0  0  1 -1 -1 -2  0]]","[[ 0  2  1  1  1 -1 -1 -1 -2],[-2  0  1 -1 -1 -2 -2 -3 -2],[-1 -1  0  0 -1  1 -1 -1 -2],[-1  1  0  0  0 -1 -2 -1 -3],[-1  1  1  0  0 -2 -2 -2 -2],[ 1  2 -1  1  2  0  0  1 -1],[ 1  2  1  2  2  0  0  0 -1],[ 1  3  1  1  2 -1  0  0 -1],[ 2  2  2  3  2  1  1  1  0]]",True,"[-2,-1,-1,-1,1,1,1,2,-1,1,1,2,2,3,2,0,1,-1,1,1,2,0,1,2,1,3,2,2,2,2,0,-1,1,0,1,1]","[-2,-1,-1,-1,1,1,1,2,-1,1,1,2,2,3,2,0,1,-1,1,1,2,0,1,2,1,3,2,2,2,2,0,-1,1,0,1,1]",t^8+67t^6+489t^4+201t^2+1,"[-2,-1,-1,-1,1,1,1,2,0,0,0,0,1,1,2,-1,0,1,0,3,1,0,1,0,1,0,0,0,1,1,0,0,0,-1,0,2]","[-2,-1,-1,-1,1,1,1,2,0,0,2,0,1,1,2,0,0,1,0,1,0,1,0,0,0,1,1,1,3,1,0,-1,0,0,0,0]","[-2,-1,-1,-1,1,1,1,2,1,1,1,2,2,3,2,-1,0,1,2,1,3,0,-1,2,1,2,1,2,2,2,-1,0,-1,0,1,1]",c,"[[{8, 1}, {2, 7}, {4, 6}, {3, 5}], [{8, 4}, {2, 7}, {1, 6}, {3, 5}], [{8, 5}, {2, 7}, {3, 6}, {1, 4}], [{8, 5}, {3, 7}, {2, 6}, {1, 4}], [{8, 6}, {2, 7}, {3, 5}, {1, 4}], [{8, 7}, {1, 6}, {3, 5}, {2, 4}], [{8, 7}, {2, 6}, {3, 5}, {1, 4}], [{8, 7}, {4, 6}, {3, 5}, {1, 2}]]",1,16 K_1^3 + 8 K_1^2 K_2 - 10 K_1^2 - 12 K_1 K_2 - 6 K_1 K_3 - 6 K_1 - 2 K_2^2 + 4 K_2 + 2 K_3 + 2 K_4 + 5,O1O2O3O4U3U1U4O5O6U5O7U2U7O8U6U8,O1O2O3U1U3U4U2O5O6U5O7O4U7O8U6U8,O1O2O3U4U5O4U6O7O6U8O5O8U2U7U1U3,c,{'O1O2O3O4U5U6O5U7U3O7U8O6O8U1U4U2'},1,"<a href=""/flatknot/8.857899"">8.857899</a>",t^9-67t^7-224t^6-63t^5+382t^4+376t^3+108t^2-5t,0,,
8.857900,O1O2O3O4U5U6O5U7U3O7U8O6O8U2U1U4,4,4z^3+42z^2+115z+95,4w^4z^3+42w^3z^2+115w^2z+95w,False,False,"[[ 0 -1 -1  1  3 -1 -1 -1  1],[ 1  0  0  2  3  0  0  0  2],[ 1  0  0  2  2  0  0  0  2],[-1 -2 -2  0 -1 -1  1 -1  0],[-3 -3 -2  1  0 -4 -3 -3 -2],[ 1  0  0  1  4  0 -1  0  1],[ 1  0  0 -1  3  1  0  0  1],[ 1  0  0  1  3  0  0  0  2],[-1 -2 -2  0  2 -1 -1 -2  0]]","[[ 0  3  1  1 -1 -1 -1 -1 -1],[-3  0  1 -2 -2 -3 -3 -3 -4],[-1 -1  0  0 -2  1 -1 -2 -1],[-1  2  0  0 -2 -1 -2 -2 -1],[ 1  2  2  2  0  0  0  0  0],[ 1  3 -1  1  0  0  0  0  1],[ 1  3  1  2  0  0  0  0  0],[ 1  3  2  2  0  0  0  0  0],[ 1  4  1  1  0 -1  0  0  0]]",True,"[-3,-1,-1,1,1,1,1,1,-1,2,2,3,3,3,4,0,2,-1,1,2,1,2,1,2,2,1,0,0,0,0,0,0,-1,0,0,0]","[-3,-1,-1,1,1,1,1,1,-1,2,2,3,3,3,4,0,2,-1,1,2,1,2,1,2,2,1,0,0,0,0,0,0,-1,0,0,0]",t^8+78t^6+632t^4+212t^2+4,"[-1,-1,-1,-1,-1,1,1,3,-1,0,0,0,1,3,1,0,0,0,1,1,0,0,0,0,0,1,0,0,0,2,0,1,1,0,0,3]","[-3,-1,-1,1,1,1,1,1,0,3,0,1,1,1,2,0,1,0,0,1,0,1,0,1,3,0,0,0,-1,0,0,0,0,0,0,0]","[-1,-1,-1,-1,-1,1,1,3,-1,0,0,0,1,1,4,0,0,0,-1,1,3,0,0,1,2,3,0,2,2,2,2,2,3,0,-1,2]",c,"[[{8, 2}, {3, 7}, {1, 6}, {4, 5}], [{8, 2}, {3, 7}, {4, 6}, {1, 5}], [{8, 2}, {3, 7}, {5, 6}, {1, 4}], [{8, 2}, {5, 7}, {1, 6}, {3, 4}], [{8, 7}, {1, 6}, {2, 5}, {3, 4}]]",1,8 K_1^3 + 4 K_1^2 K_2 - 2 K_1^2 - 10 K_1 K_2 - 2 K_1 K_3 - K_1 - 2 K_2^2 + 3 K_3 + K_4 + 2,O1O2O3O4U1U4U3O5O6U5O7U2U7O8U6U8,O1O2O3U2U1U4U3O5O6U5O7O4U7O8U6U8,O1O2O3U4U5O4U6O7O6U8O5O8U1U7U3U2,c,{'O1O2O3O4U5U6O5U7U3O7U8O6O8U2U1U4'},1,"<a href=""/flatknot/8.857900"">8.857900</a>",t^9-72t^7-144t^6+248t^5+310t^4-124t^3-122t^2+4t+2,-t^3+3t,,
8.857901,O1O2O3O4U5U6O5U7U3O7U8O6O8U4U1U2,4,4z^3+33z^2+90z+81,4w^4z^3+33w^3z^2+90w^2z+81w,False,False,"[[ 0 -1  1  1  1 -1 -1 -1  1],[ 1  0  1  1  1  0  0  0  2],[-1 -1  0  1  1 -2 -2 -2  0],[-1 -1 -1  0 -1 -1  1 -1  0],[-1 -1 -1  1  0 -2 -1 -1  0],[ 1  0  2  1  2  0 -1  0  1],[ 1  0  2 -1  1  1  0  0  1],[ 1  0  2  1  1  0  0  0  2],[-1 -2  0  0  0 -1 -1 -2  0]]","[[ 0  1  1  1  1 -1 -1 -1 -1],[-1  0  1  1  0 -1 -2 -2 -2],[-1 -1  0  1  0 -1 -1 -1 -2],[-1 -1 -1  0  0 -1  1 -1 -1],[-1  0  0  0  0 -2 -1 -2 -1],[ 1  1  1  1  2  0  0  0  0],[ 1  2  1 -1  1  0  0  0  1],[ 1  2  1  1  2  0  0  0  0],[ 1  2  2  1  1  0 -1  0  0]]",True,"[-1,-1,-1,-1,1,1,1,1,-1,-1,0,1,2,2,2,-1,0,1,1,1,2,0,1,-1,1,1,2,1,2,1,0,0,0,0,-1,0]","[-1,-1,-1,-1,1,1,1,1,-1,-1,0,1,1,1,3,-1,0,0,1,1,1,0,0,0,1,0,1,0,0,1,0,0,-1,0,0,0]",t^8+38t^6+185t^4+85t^2+9,"[-1,-1,-1,-1,1,1,1,1,-1,0,0,0,1,1,3,0,0,0,0,1,1,0,0,1,0,1,1,1,0,1,-1,0,-1,0,-1,0]","[-1,-1,-1,-1,1,1,1,1,-1,-1,0,1,1,1,3,-1,0,0,1,1,1,0,0,0,1,0,1,0,0,1,0,0,-1,0,0,0]","[-1,-1,-1,-1,1,1,1,1,-1,0,0,1,1,2,2,0,0,-1,1,1,2,0,1,2,1,1,1,2,1,2,0,-1,-1,0,0,-1]",c,"[[{8, 7}, {3, 6}, {4, 5}, {1, 2}]]",0,8 K_1^3 - 16 K_1^2 - 8 K_1 K_2 - 2 K_1 + 8 K_2 + 2 K_3 + 9,O1O2O3O4U3U4U1O5O6U5O7U2U7O8U6U8,O1O2O3U2U3U4U1O5O6U5O7O4U7O8U6U8,O1O2O3U4U5O4U6O7O6U8O5O8U3U7U1U2,c,{'O1O2O3O4U5U6O5U7U3O7U8O6O8U4U1U2'},1,"<a href=""/flatknot/8.857901"">8.857901</a>",t^9-38t^7-56t^6+83t^5+160t^4+43t^3-8t^2-t,0,,
8.857902,O1O2O3O4U5U6O5U7U4O7U1O6O8U2U3U8,4,4z^3+42z^2+115z+95,4w^4z^3+42w^3z^2+115w^2z+95w,False,False,"[[ 0 -1 -1  1  2 -1 -1 -1  2],[ 1  0  0  1  1  1  1  0  2],[ 1  0  0  1  2  0  1  0  2],[-1 -1 -1  0  2 -2 -1 -2  1],[-2 -1 -2 -2  0 -2  0 -2  0],[ 1 -1  0  2  2  0 -1  0  2],[ 1 -1 -1  1  0  1  0  0  2],[ 1  0  0  2  2  0  0  0  2],[-2 -2 -2 -1  0 -2 -2 -2  0]]","[[ 0  2  2  1 -1 -1 -1 -1 -1],[-2  0  0 -1 -2 -2 -2 -2 -2],[-2  0  0 -2  0 -1 -2 -2 -2],[-1  1  2  0 -1 -1 -1 -2 -2],[ 1  2  0  1  0 -1 -1  1  0],[ 1  2  1  1  1  0  0  1  0],[ 1  2  2  1  1  0  0  0  0],[ 1  2  2  2 -1 -1  0  0  0],[ 1  2  2  2  0  0  0  0  0]]",True,"[-2,-2,-1,1,1,1,1,1,0,1,2,2,2,2,2,2,0,1,2,2,2,1,1,1,2,2,1,1,-1,0,0,-1,0,0,0,0]","[-2,-2,-1,1,1,1,1,1,0,-1,1,1,1,2,3,0,1,1,1,1,1,0,0,1,1,1,0,0,-1,-1,0,0,0,0,1,1]",t^8+53t^6+296t^4+64t^2,"[-1,-1,-1,-1,-1,1,2,2,-1,-1,0,0,1,1,2,-1,0,1,1,1,3,0,0,0,1,1,0,0,1,1,1,1,1,0,-1,0]","[-2,-2,-1,1,1,1,1,1,0,-1,1,1,1,2,3,0,1,1,1,1,1,0,0,1,1,1,0,0,-1,-1,0,0,0,0,1,1]","[-1,-1,-1,-1,-1,1,2,2,-1,-1,0,0,2,2,2,-1,-1,0,1,0,2,0,0,1,1,2,0,1,2,2,2,2,2,2,1,0]",c,"[[{8, 1}, {2, 7}, {3, 6}, {4, 5}], [{8, 1}, {2, 7}, {4, 6}, {3, 5}], [{8, 1}, {2, 7}, {5, 6}, {3, 4}], [{8, 1}, {2, 7}, {6}, {4, 5}, {3}], [{8, 1}, {3, 7}, {2, 6}, {4, 5}], [{8, 1}, {3, 7}, {4, 6}, {2, 5}], [{8, 1}, {3, 7}, {5, 6}, {2, 4}], [{8, 1}, {3, 7}, {6}, {4, 5}, {2}], [{8, 1}, {4, 7}, {2, 6}, {3, 5}], [{8, 1}, {4, 7}, {3, 6}, {2, 5}], [{8, 1}, {4, 7}, {5, 6}, {2, 3}], [{8, 1}, {4, 7}, {5, 6}, {3}, {2}], [{8, 1}, {4, 7}, {6}, {5}, {2, 3}], [{8, 1}, {5, 7}, {2, 6}, {3, 4}], [{8, 1}, {5, 7}, {3, 6}, {2, 4}], [{8, 1}, {5, 7}, {4, 6}, {2, 3}], [{8, 1}, {5, 7}, {6}, {4}, {2, 3}], [{8, 1}, {6, 7}, {2, 5}, {3, 4}], [{8, 1}, {6, 7}, {2, 5}, {4}, {3}], [{8, 1}, {6, 7}, {3, 5}, {2, 4}], [{8, 1}, {6, 7}, {4, 5}, {2, 3}], [{8, 1}, {6, 7}, {4, 5}, {3}, {2}], [{8, 1}, {6, 7}, {5}, {2, 4}, {3}], [{8, 1}, {7}, {2, 6}, {4, 5}, {3}], [{8, 1}, {7}, {3, 6}, {4, 5}, {2}], [{8, 1}, {7}, {6}, {4, 5}, {2, 3}], [{8, 2}, {1, 7}, {3, 6}, {4, 5}], [{8, 2}, {1, 7}, {3, 6}, {5}, {4}], [{8, 2}, {1, 7}, {4, 6}, {3, 5}], [{8, 2}, {1, 7}, {4, 6}, {5}, {3}], [{8, 2}, {1, 7}, {5, 6}, {3, 4}], [{8, 2}, {1, 7}, {5, 6}, {4}, {3}], [{8, 2}, {1, 7}, {6}, {3, 5}, {4}], [{8, 2}, {1, 7}, {6}, {4, 5}, {3}], [{8, 2}, {1, 7}, {6}, {5}, {3, 4}], [{8, 2}, {1, 7}, {6}, {5}, {4}, {3}], [{8, 2}, {3, 7}, {1, 6}, {4, 5}], [{8, 2}, {3, 7}, {1, 6}, {5}, {4}], [{8, 2}, {3, 7}, {4, 6}, {1, 5}], [{8, 2}, {3, 7}, {5, 6}, {1, 4}], [{8, 2}, {3, 7}, {6}, {4, 5}, {1}], [{8, 2}, {4, 7}, {1, 6}, {3, 5}], [{8, 2}, {4, 7}, {1, 6}, {5}, {3}], [{8, 2}, {4, 7}, {3, 6}, {1, 5}], [{8, 2}, {4, 7}, {5, 6}, {1, 3}], [{8, 2}, {4, 7}, {6}, {3, 5}, {1}], [{8, 2}, {5, 7}, {1, 6}, {3, 4}], [{8, 2}, {5, 7}, {1, 6}, {4}, {3}], [{8, 2}, {5, 7}, {3, 6}, {1, 4}], [{8, 2}, {5, 7}, {4, 6}, {1, 3}], [{8, 2}, {6, 7}, {1, 5}, {3, 4}], [{8, 2}, {6, 7}, {1, 5}, {4}, {3}], [{8, 2}, {6, 7}, {3, 5}, {1, 4}], [{8, 2}, {6, 7}, {3, 5}, {4}, {1}], [{8, 2}, {6, 7}, {4, 5}, {1, 3}], [{8, 2}, {6, 7}, {4, 5}, {3}, {1}], [{8, 2}, {6, 7}, {5}, {1, 4}, {3}], [{8, 2}, {6, 7}, {5}, {3, 4}, {1}], [{8, 2}, {6, 7}, {5}, {4}, {1, 3}], [{8, 2}, {6, 7}, {5}, {4}, {3}, {1}], [{8, 2}, {7}, {1, 6}, {3, 5}, {4}], [{8, 2}, {7}, {1, 6}, {4, 5}, {3}], [{8, 2}, {7}, {1, 6}, {5}, {3, 4}], [{8, 2}, {7}, {1, 6}, {5}, {4}, {3}], [{8, 2}, {7}, {3, 6}, {4, 5}, {1}], [{8, 2}, {7}, {4, 6}, {3, 5}, {1}], [{8, 2}, {7}, {6}, {3, 5}, {1, 4}], [{8, 2}, {7}, {6}, {4, 5}, {1, 3}], [{8, 3}, {1, 7}, {2, 6}, {4, 5}], [{8, 3}, {1, 7}, {4, 6}, {2, 5}], [{8, 3}, {1, 7}, {5, 6}, {2, 4}], [{8, 3}, {2, 7}, {1, 6}, {4, 5}], [{8, 3}, {2, 7}, {4, 6}, {1, 5}], [{8, 3}, {2, 7}, {5, 6}, {1, 4}], [{8, 3}, {4, 7}, {1, 6}, {2, 5}], [{8, 3}, {4, 7}, {2, 6}, {1, 5}], [{8, 3}, {4, 7}, {5, 6}, {1, 2}], [{8, 3}, {5, 7}, {1, 6}, {2, 4}], [{8, 3}, {5, 7}, {2, 6}, {1, 4}], [{8, 3}, {5, 7}, {4, 6}, {1, 2}], [{8, 3}, {6, 7}, {1, 5}, {2, 4}], [{8, 3}, {6, 7}, {2, 5}, {1, 4}], [{8, 3}, {6, 7}, {4, 5}, {1, 2}], [{8, 3}, {6, 7}, {4, 5}, {2}, {1}], [{8, 3}, {7}, {2, 6}, {1, 5}, {4}], [{8, 3}, {7}, {5, 6}, {2, 4}, {1}], [{8, 4}, {1, 7}, {2, 6}, {3, 5}], [{8, 4}, {1, 7}, {3, 6}, {2, 5}], [{8, 4}, {1, 7}, {5, 6}, {2, 3}], [{8, 4}, {2, 7}, {1, 6}, {3, 5}], [{8, 4}, {2, 7}, {1, 6}, {5}, {3}], [{8, 4}, {2, 7}, {3, 6}, {1, 5}], [{8, 4}, {2, 7}, {5, 6}, {1, 3}], [{8, 4}, {2, 7}, {5, 6}, {3}, {1}], [{8, 4}, {2, 7}, {6}, {1, 5}, {3}], [{8, 4}, {3, 7}, {1, 6}, {2, 5}], [{8, 4}, {3, 7}, {2, 6}, {1, 5}], [{8, 4}, {3, 7}, {5, 6}, {1, 2}], [{8, 4}, {3, 7}, {6}, {1, 5}, {2}], [{8, 4}, {5, 7}, {1, 6}, {2, 3}], [{8, 4}, {5, 7}, {2, 6}, {1, 3}], [{8, 4}, {5, 7}, {3, 6}, {1, 2}], [{8, 4}, {5, 7}, {6}, {1, 3}, {2}], [{8, 4}, {6, 7}, {1, 5}, {2, 3}], [{8, 4}, {6, 7}, {1, 5}, {3}, {2}], [{8, 4}, {6, 7}, {2, 5}, {1, 3}], [{8, 4}, {6, 7}, {2, 5}, {3}, {1}], [{8, 4}, {6, 7}, {3, 5}, {1, 2}], [{8, 4}, {6, 7}, {5}, {3}, {1, 2}], [{8, 4}, {7}, {2, 6}, {1, 5}, {3}], [{8, 4}, {7}, {2, 6}, {3, 5}, {1}], [{8, 4}, {7}, {2, 6}, {5}, {1, 3}], [{8, 4}, {7}, {3, 6}, {1, 5}, {2}], [{8, 4}, {7}, {6}, {1, 5}, {2, 3}], [{8, 5}, {1, 7}, {2, 6}, {3, 4}], [{8, 5}, {1, 7}, {3, 6}, {2, 4}], [{8, 5}, {1, 7}, {4, 6}, {2, 3}], [{8, 5}, {2, 7}, {1, 6}, {3, 4}], [{8, 5}, {2, 7}, {3, 6}, {1, 4}], [{8, 5}, {2, 7}, {4, 6}, {1, 3}], [{8, 5}, {3, 7}, {1, 6}, {2, 4}], [{8, 5}, {3, 7}, {2, 6}, {1, 4}], [{8, 5}, {3, 7}, {4, 6}, {1, 2}], [{8, 5}, {3, 7}, {6}, {1, 4}, {2}], [{8, 5}, {4, 7}, {1, 6}, {2, 3}], [{8, 5}, {4, 7}, {2, 6}, {1, 3}], [{8, 5}, {4, 7}, {3, 6}, {1, 2}], [{8, 5}, {4, 7}, {6}, {3}, {1, 2}], [{8, 5}, {6, 7}, {1, 4}, {2, 3}], [{8, 5}, {6, 7}, {1, 4}, {3}, {2}], [{8, 5}, {6, 7}, {2, 4}, {1, 3}], [{8, 5}, {6, 7}, {2, 4}, {3}, {1}], [{8, 5}, {6, 7}, {3, 4}, {1, 2}], [{8, 5}, {6, 7}, {4}, {3}, {1, 2}], [{8, 5}, {7}, {3, 6}, {1, 4}, {2}], [{8, 5}, {7}, {4, 6}, {3}, {1, 2}], [{8, 5}, {7}, {6}, {2, 4}, {1, 3}], [{8, 6}, {1, 7}, {2, 5}, {3, 4}], [{8, 6}, {1, 7}, {3, 5}, {2, 4}], [{8, 6}, {1, 7}, {4, 5}, {2, 3}], [{8, 6}, {2, 7}, {1, 5}, {3, 4}], [{8, 6}, {2, 7}, {1, 5}, {4}, {3}], [{8, 6}, {2, 7}, {3, 5}, {1, 4}], [{8, 6}, {2, 7}, {4, 5}, {1, 3}], [{8, 6}, {3, 7}, {1, 5}, {2, 4}], [{8, 6}, {3, 7}, {2, 5}, {1, 4}], [{8, 6}, {3, 7}, {4, 5}, {1, 2}], [{8, 6}, {3, 7}, {4, 5}, {2}, {1}], [{8, 6}, {3, 7}, {5}, {4}, {1, 2}], [{8, 6}, {4, 7}, {1, 5}, {2, 3}], [{8, 6}, {4, 7}, {2, 5}, {1, 3}], [{8, 6}, {4, 7}, {3, 5}, {1, 2}], [{8, 6}, {4, 7}, {5}, {1, 3}, {2}], [{8, 6}, {5, 7}, {1, 4}, {2, 3}], [{8, 6}, {5, 7}, {2, 4}, {1, 3}], [{8, 6}, {5, 7}, {3, 4}, {1, 2}], [{8, 6}, {7}, {3, 5}, {2, 4}, {1}], [{8, 6}, {7}, {5}, {1, 4}, {2, 3}], [{8, 7}, {1, 6}, {2, 5}, {3, 4}], [{8, 7}, {1, 6}, {3, 5}, {2, 4}], [{8, 7}, {1, 6}, {4, 5}, {2, 3}], [{8, 7}, {1, 6}, {5}, {2, 4}, {3}], [{8, 7}, {2, 6}, {1, 5}, {3, 4}], [{8, 7}, {2, 6}, {3, 5}, {1, 4}], [{8, 7}, {2, 6}, {4, 5}, {1, 3}], [{8, 7}, {3, 6}, {1, 5}, {2, 4}], [{8, 7}, {3, 6}, {2, 5}, {1, 4}], [{8, 7}, {3, 6}, {4, 5}, {1, 2}], [{8, 7}, {3, 6}, {4, 5}, {2}, {1}], [{8, 7}, {3, 6}, {5}, {4}, {1, 2}], [{8, 7}, {4, 6}, {1, 5}, {2, 3}], [{8, 7}, {4, 6}, {2, 5}, {1, 3}], [{8, 7}, {4, 6}, {3, 5}, {1, 2}], [{8, 7}, {4, 6}, {5}, {1, 3}, {2}], [{8, 7}, {5, 6}, {1, 4}, {2, 3}], [{8, 7}, {5, 6}, {2, 4}, {1, 3}], [{8, 7}, {5, 6}, {3, 4}, {1, 2}], [{8, 7}, {6}, {1, 5}, {3, 4}, {2}], [{8, 7}, {6}, {2, 5}, {4}, {1, 3}], [{8}, {1, 7}, {3, 6}, {4, 5}, {2}], [{8}, {1, 7}, {5, 6}, {3, 4}, {2}], [{8}, {2, 7}, {3, 6}, {4, 5}, {1}], [{8}, {2, 7}, {4, 6}, {1, 5}, {3}], [{8}, {2, 7}, {5, 6}, {4}, {1, 3}], [{8}, {3, 7}, {1, 6}, {4, 5}, {2}], [{8}, {3, 7}, {2, 6}, {4, 5}, {1}], [{8}, {3, 7}, {6}, {4, 5}, {1, 2}], [{8}, {3, 7}, {6}, {4, 5}, {2}, {1}], [{8}, {5, 7}, {1, 6}, {3, 4}, {2}], [{8}, {5, 7}, {2, 6}, {4}, {1, 3}], [{8}, {6, 7}, {1, 5}, {2, 4}, {3}], [{8}, {6, 7}, {2, 5}, {1, 4}, {3}], [{8}, {6, 7}, {4, 5}, {1, 3}, {2}], [{8}, {6, 7}, {4, 5}, {2, 3}, {1}], [{8}, {6, 7}, {4, 5}, {3}, {1, 2}], [{8}, {6, 7}, {4, 5}, {3}, {2}, {1}], [{8}, {7}, {2, 6}, {1, 5}, {3, 4}], [{8}, {7}, {3, 6}, {4, 5}, {1, 2}], [{8}, {7}, {3, 6}, {4, 5}, {2}, {1}], [{8}, {7}, {4, 6}, {2, 5}, {1, 3}]]",2,12 K_1^3 + 8 K_1^2 K_2 - 12 K_1^2 - 8 K_1 K_2 - 4 K_1 K_3 - 5 K_1 + 4 K_2 + K_3 + 5,O1O2O3O4U5U2U3O5O6U4O7U1U7O8U6U8,O1O2O3U4U1U2U5O6O7U6O8O5U8O4U7U3,O1O2O3U1U4O5U6O7O6U8O4O8U7U2U3U5,c,{'O1O2O3O4U5U6O5U7U4O7U1O6O8U2U3U8'},1,"<a href=""/flatknot/8.857902"">8.857902</a>",t^9-49t^7-118t^6+104t^5+400t^4+164t^3-70t^2-24t,-2t^2+4t,,
8.857903,O1O2O3O4U5U6O5U7U4O7U1O6O8U2U8U3,4,2z^3+23z^2+102z+129,2w^4z^3+23w^3z^2+102w^2z+129w,False,False,"[[ 0 -1 -1  2  2 -1 -1 -1  1],[ 1  0  0  1  1  1  1  0  1],[ 1  0  0  2  2  0  1  0  1],[-2 -1 -2  0  2 -3 -2 -3  0],[-2 -1 -2 -2  0 -2  0 -2  0],[ 1 -1  0  3  2  0 -1  0  1],[ 1 -1 -1  2  0  1  0  0  1],[ 1  0  0  3  2  0  0  0  1],[-1 -1 -1  0  0 -1 -1 -1  0]]","[[ 0  2  2  1 -1 -1 -1 -1 -1],[-2  0  2  0 -1 -2 -2 -3 -3],[-2 -2  0  0 -1  0 -2 -2 -2],[-1  0  0  0 -1 -1 -1 -1 -1],[ 1  1  1  1  0  1  0  1  0],[ 1  2  0  1 -1  0 -1  1  0],[ 1  2  2  1  0  1  0  0  0],[ 1  3  2  1 -1 -1  0  0  0],[ 1  3  2  1  0  0  0  0  0]]",True,"[-2,-2,-1,1,1,1,1,1,-2,0,1,2,2,3,3,0,1,0,2,2,2,1,1,1,1,1,-1,0,-1,0,1,-1,0,0,0,0]","[-2,-2,-1,1,1,1,1,1,-2,0,1,2,2,3,3,0,1,0,2,2,2,1,1,1,1,1,-1,0,-1,0,1,-1,0,0,0,0]",t^8+53t^6+267t^4+103t^2+1,"[-1,-1,-1,-1,-1,1,2,2,-1,-1,0,0,1,2,2,-1,0,1,1,1,3,0,0,1,0,1,0,1,0,1,1,1,1,1,1,-2]","[-2,-2,-1,1,1,1,1,1,-2,1,1,1,1,2,3,1,0,0,1,2,1,1,1,1,1,1,0,0,-1,-1,0,0,0,0,1,1]","[-1,-1,-1,-1,-1,1,2,2,-1,-1,0,0,1,2,3,-1,-1,0,1,0,2,0,0,1,1,1,0,1,2,2,1,2,3,0,0,-2]",c,"[[{8, 1}, {3, 7}, {5, 6}, {2, 4}], [{8, 1}, {4, 7}, {5, 6}, {2, 3}]]",1,4 K_1^3 - 20 K_1^2 - 12 K_1 K_2 + 3 K_1 + 10 K_2 + 5 K_3 + 11,O1O2O3O4U2U5U3O5O6U4O7U1U7O8U6U8,O1O2O3U4U1U3U5O6O7U6O8O5U8O4U7U2,O1O2O3U2U4O5U6O7O6U8O4O8U7U1U3U5,c,{'O1O2O3O4U5U6O5U7U4O7U1O6O8U2U8U3'},1,"<a href=""/flatknot/8.857903"">8.857903</a>",t^9-49t^7-104t^6+107t^5+212t^4+25t^3+4t^2-14t,-2t^2+4t,,
8.857904,O1O2O3O4U5U6O5U7U4O7U1O6O8U3U2U8,4,6z^3+49z^2+116z+85,6w^4z^3+49w^3z^2+116w^2z+85w,False,False,"[[ 0 -1  0  0  2 -1 -1 -1  2],[ 1  0  1  0  1  1  1  0  2],[ 0 -1  0  0  2 -1  0 -1  2],[ 0  0  0  0  2 -1  0 -1  1],[-2 -1 -2 -2  0 -2  0 -2  0],[ 1 -1  1  1  2  0 -1  0  2],[ 1 -1  0  0  0  1  0  0  2],[ 1  0  1  1  2  0  0  0  2],[-2 -2 -2 -1  0 -2 -2 -2  0]]","[[ 0  2  2  0  0 -1 -1 -1 -1],[-2  0  0 -1 -2 -2 -2 -2 -2],[-2  0  0 -2 -2  0 -1 -2 -2],[ 0  1  2  0  0  0  0 -1 -1],[ 0  2  2  0  0  0 -1 -1 -1],[ 1  2  0  0  0  0 -1  1  0],[ 1  2  1  0  1  1  0  1  0],[ 1  2  2  1  1 -1 -1  0  0],[ 1  2  2  1  1  0  0  0  0]]",True,"[-2,-2,0,0,1,1,1,1,0,1,2,2,2,2,2,2,2,0,1,2,2,0,0,0,1,1,0,1,1,1,1,-1,0,-1,0,0]","[-2,-2,0,0,1,1,1,1,0,0,0,1,1,2,3,0,1,1,1,1,1,0,0,0,0,1,0,0,1,1,0,-1,-1,0,0,1]",t^8+46t^6+237t^4+45t^2+1,"[-1,-1,-1,-1,0,0,2,2,-1,-1,0,0,1,1,2,-1,0,1,1,1,3,0,0,0,1,1,0,0,1,1,0,0,0,1,0,0]","[-2,-2,0,0,1,1,1,1,0,0,0,1,1,2,3,0,1,1,1,1,1,0,0,0,0,1,0,0,1,1,0,-1,-1,0,0,1]","[-1,-1,-1,-1,0,0,2,2,-1,-1,0,1,1,2,2,-1,0,0,0,0,2,0,0,1,1,2,1,1,2,2,0,2,1,2,2,0]",c,"[[{8, 5}, {2, 7}, {4, 6}, {1, 3}]]",1,4 K_1^3 + 4 K_1^2 K_2 - 6 K_1^2 - 8 K_1 K_2 - 2 K_1 K_3 + K_1 - 2 K_2^2 + 2 K_2 + 3 K_3 + K_4 + 4,O1O2O3O4U5U3U2O5O6U4O7U1U7O8U6U8,O1O2O3U4U2U1U5O6O7U6O8O5U8O4U7U3,O1O2O3U1U4O5U6O7O6U8O4O8U7U3U2U5,c,{'O1O2O3O4U5U6O5U7U4O7U1O6O8U3U2U8'},1,"<a href=""/flatknot/8.857904"">8.857904</a>",t^9-42t^7-106t^6+127t^5+580t^4+389t^3-80t^2-47t+4,-2t^2+4t,,
8.857905,O1O2O3O4U5U6O5U7U4O7U2O6O8U1U8U3,4,10z^2+95z+151,10w^3z^2+95w^2z+151w,False,False,"[[ 0 -2  0  2  2 -1 -1 -1  1],[ 2  0  1  3  2  1  1  1  1],[ 0 -1  0  0  1  0  0 -1  0],[-2 -3  0  0  2 -3 -2 -3  0],[-2 -2 -1 -2  0 -2  0 -2  0],[ 1 -1  0  3  2  0 -1  0  1],[ 1 -1  0  2  0  1  0  0  1],[ 1 -1  1  3  2  0  0  0  1],[-1 -1  0  0  0 -1 -1 -1  0]]","[[ 0  2  2  1  0 -1 -1 -1 -2],[-2  0  2  0  0 -2 -3 -3 -3],[-2 -2  0  0 -1  0 -2 -2 -2],[-1  0  0  0  0 -1 -1 -1 -1],[ 0  0  1  0  0  0  0 -1 -1],[ 1  2  0  1  0  0  1  0 -1],[ 1  3  2  1  0 -1  0  0 -1],[ 1  3  2  1  1  0  0  0 -1],[ 2  3  2  1  1  1  1  1  0]]",True,"[-2,-2,-1,0,1,1,1,2,-2,0,0,2,3,3,3,0,1,0,2,2,2,0,1,1,1,1,0,0,1,1,-1,0,1,0,1,1]","[-2,-2,-1,0,1,1,1,2,-2,0,0,2,3,3,3,0,1,0,2,2,2,0,1,1,1,1,0,0,1,1,-1,0,1,0,1,1]",t^8+58t^6+209t^4+119t^2,"[-2,-1,-1,-1,0,1,2,2,0,0,0,1,2,1,2,-1,0,1,1,1,3,0,1,1,0,1,0,1,0,1,1,2,1,1,1,-2]","[-2,-2,-1,0,1,1,1,2,-2,1,1,1,1,3,2,1,2,0,0,1,1,1,1,1,1,2,0,1,1,1,0,0,0,-1,0,0]","[-2,-1,-1,-1,0,1,2,2,1,1,1,1,1,2,3,-1,0,0,1,2,3,0,0,1,0,2,1,1,2,3,0,1,0,0,0,-2]",c,"[[{8, 1}, {2, 7}, {3, 6}, {4, 5}], [{8, 1}, {2, 7}, {4, 6}, {3, 5}], [{8, 1}, {2, 7}, {5, 6}, {3, 4}], [{8, 1}, {2, 7}, {6}, {5}, {3, 4}], [{8, 1}, {3, 7}, {2, 6}, {4, 5}], [{8, 1}, {3, 7}, {2, 6}, {5}, {4}], [{8, 1}, {3, 7}, {4, 6}, {2, 5}], [{8, 1}, {3, 7}, {5, 6}, {2, 4}], [{8, 1}, {4, 7}, {2, 6}, {3, 5}], [{8, 1}, {4, 7}, {2, 6}, {5}, {3}], [{8, 1}, {4, 7}, {3, 6}, {2, 5}], [{8, 1}, {4, 7}, {5, 6}, {2, 3}], [{8, 1}, {5, 7}, {2, 6}, {3, 4}], [{8, 1}, {5, 7}, {2, 6}, {4}, {3}], [{8, 1}, {5, 7}, {3, 6}, {2, 4}], [{8, 1}, {5, 7}, {4, 6}, {2, 3}], [{8, 1}, {5, 7}, {6}, {3, 4}, {2}], [{8, 1}, {6, 7}, {2, 5}, {3, 4}], [{8, 1}, {6, 7}, {3, 5}, {2, 4}], [{8, 1}, {6, 7}, {4, 5}, {2, 3}], [{8, 1}, {6, 7}, {5}, {3, 4}, {2}], [{8, 1}, {7}, {2, 6}, {3, 5}, {4}], [{8, 1}, {7}, {2, 6}, {4, 5}, {3}], [{8, 1}, {7}, {2, 6}, {5}, {3, 4}], [{8, 1}, {7}, {2, 6}, {5}, {4}, {3}], [{8, 1}, {7}, {3, 6}, {2, 5}, {4}], [{8, 1}, {7}, {3, 6}, {4, 5}, {2}], [{8, 1}, {7}, {3, 6}, {5}, {2, 4}], [{8, 1}, {7}, {4, 6}, {2, 5}, {3}], [{8, 1}, {7}, {4, 6}, {3, 5}, {2}], [{8, 1}, {7}, {4, 6}, {5}, {2, 3}], [{8, 1}, {7}, {5, 6}, {2, 4}, {3}], [{8, 1}, {7}, {5, 6}, {3, 4}, {2}], [{8, 1}, {7}, {5, 6}, {4}, {2, 3}], [{8, 1}, {7}, {6}, {2, 5}, {3, 4}], [{8, 1}, {7}, {6}, {3, 5}, {2, 4}], [{8, 1}, {7}, {6}, {4, 5}, {2, 3}], [{8, 1}, {7}, {6}, {5}, {3, 4}, {2}], [{8, 2}, {1, 7}, {3, 6}, {4, 5}], [{8, 2}, {1, 7}, {4, 6}, {3, 5}], [{8, 2}, {1, 7}, {5, 6}, {3, 4}], [{8, 2}, {3, 7}, {1, 6}, {4, 5}], [{8, 2}, {3, 7}, {4, 6}, {1, 5}], [{8, 2}, {3, 7}, {4, 6}, {5}, {1}], [{8, 2}, {3, 7}, {5, 6}, {1, 4}], [{8, 2}, {4, 7}, {1, 6}, {3, 5}], [{8, 2}, {4, 7}, {3, 6}, {1, 5}], [{8, 2}, {4, 7}, {5, 6}, {1, 3}], [{8, 2}, {4, 7}, {6}, {1, 5}, {3}], [{8, 2}, {4, 7}, {6}, {3, 5}, {1}], [{8, 2}, {4, 7}, {6}, {5}, {1, 3}], [{8, 2}, {5, 7}, {1, 6}, {3, 4}], [{8, 2}, {5, 7}, {1, 6}, {4}, {3}], [{8, 2}, {5, 7}, {3, 6}, {1, 4}], [{8, 2}, {5, 7}, {3, 6}, {4}, {1}], [{8, 2}, {5, 7}, {4, 6}, {1, 3}], [{8, 2}, {5, 7}, {4, 6}, {3}, {1}], [{8, 2}, {5, 7}, {6}, {1, 4}, {3}], [{8, 2}, {5, 7}, {6}, {3, 4}, {1}], [{8, 2}, {5, 7}, {6}, {4}, {1, 3}], [{8, 2}, {6, 7}, {1, 5}, {3, 4}], [{8, 2}, {6, 7}, {3, 5}, {1, 4}], [{8, 2}, {6, 7}, {3, 5}, {4}, {1}], [{8, 2}, {6, 7}, {4, 5}, {1, 3}], [{8, 2}, {6, 7}, {5}, {1, 4}, {3}], [{8, 2}, {7}, {4, 6}, {3, 5}, {1}], [{8, 2}, {7}, {5, 6}, {1, 4}, {3}], [{8, 2}, {7}, {6}, {4, 5}, {1, 3}], [{8, 3}, {1, 7}, {2, 6}, {4, 5}], [{8, 3}, {1, 7}, {4, 6}, {2, 5}], [{8, 3}, {1, 7}, {5, 6}, {2, 4}], [{8, 3}, {2, 7}, {1, 6}, {4, 5}], [{8, 3}, {2, 7}, {4, 6}, {1, 5}], [{8, 3}, {2, 7}, {4, 6}, {5}, {1}], [{8, 3}, {2, 7}, {5, 6}, {1, 4}], [{8, 3}, {4, 7}, {1, 6}, {2, 5}], [{8, 3}, {4, 7}, {1, 6}, {5}, {2}], [{8, 3}, {4, 7}, {2, 6}, {1, 5}], [{8, 3}, {4, 7}, {5, 6}, {1, 2}], [{8, 3}, {5, 7}, {1, 6}, {2, 4}], [{8, 3}, {5, 7}, {2, 6}, {1, 4}], [{8, 3}, {5, 7}, {4, 6}, {1, 2}], [{8, 3}, {5, 7}, {6}, {2, 4}, {1}], [{8, 3}, {6, 7}, {1, 5}, {2, 4}], [{8, 3}, {6, 7}, {2, 5}, {1, 4}], [{8, 3}, {6, 7}, {4, 5}, {1, 2}], [{8, 4}, {1, 7}, {2, 6}, {3, 5}], [{8, 4}, {1, 7}, {3, 6}, {2, 5}], [{8, 4}, {1, 7}, {5, 6}, {2, 3}], [{8, 4}, {2, 7}, {1, 6}, {3, 5}], [{8, 4}, {2, 7}, {1, 6}, {5}, {3}], [{8, 4}, {2, 7}, {3, 6}, {1, 5}], [{8, 4}, {2, 7}, {5, 6}, {1, 3}], [{8, 4}, {2, 7}, {6}, {3, 5}, {1}], [{8, 4}, {3, 7}, {1, 6}, {2, 5}], [{8, 4}, {3, 7}, {2, 6}, {1, 5}], [{8, 4}, {3, 7}, {5, 6}, {1, 2}], [{8, 4}, {3, 7}, {6}, {5}, {1, 2}], [{8, 4}, {5, 7}, {1, 6}, {2, 3}], [{8, 4}, {5, 7}, {2, 6}, {1, 3}], [{8, 4}, {5, 7}, {3, 6}, {1, 2}], [{8, 4}, {5, 7}, {3, 6}, {2}, {1}], [{8, 4}, {6, 7}, {1, 5}, {2, 3}], [{8, 4}, {6, 7}, {2, 5}, {1, 3}], [{8, 4}, {6, 7}, {3, 5}, {1, 2}], [{8, 4}, {6, 7}, {5}, {2, 3}, {1}], [{8, 4}, {7}, {6}, {2, 5}, {1, 3}], [{8, 5}, {1, 7}, {2, 6}, {3, 4}], [{8, 5}, {1, 7}, {3, 6}, {2, 4}], [{8, 5}, {1, 7}, {3, 6}, {4}, {2}], [{8, 5}, {1, 7}, {4, 6}, {2, 3}], [{8, 5}, {2, 7}, {1, 6}, {3, 4}], [{8, 5}, {2, 7}, {3, 6}, {1, 4}], [{8, 5}, {2, 7}, {3, 6}, {4}, {1}], [{8, 5}, {2, 7}, {4, 6}, {1, 3}], [{8, 5}, {2, 7}, {4, 6}, {3}, {1}], [{8, 5}, {2, 7}, {6}, {3, 4}, {1}], [{8, 5}, {3, 7}, {1, 6}, {2, 4}], [{8, 5}, {3, 7}, {2, 6}, {1, 4}], [{8, 5}, {3, 7}, {4, 6}, {1, 2}], [{8, 5}, {3, 7}, {6}, {1, 4}, {2}], [{8, 5}, {3, 7}, {6}, {2, 4}, {1}], [{8, 5}, {3, 7}, {6}, {4}, {1, 2}], [{8, 5}, {4, 7}, {1, 6}, {2, 3}], [{8, 5}, {4, 7}, {2, 6}, {1, 3}], [{8, 5}, {4, 7}, {3, 6}, {1, 2}], [{8, 5}, {4, 7}, {3, 6}, {2}, {1}], [{8, 5}, {6, 7}, {1, 4}, {2, 3}], [{8, 5}, {6, 7}, {1, 4}, {3}, {2}], [{8, 5}, {6, 7}, {2, 4}, {1, 3}], [{8, 5}, {6, 7}, {2, 4}, {3}, {1}], [{8, 5}, {6, 7}, {3, 4}, {1, 2}], [{8, 5}, {6, 7}, {4}, {3}, {1, 2}], [{8, 5}, {7}, {3, 6}, {1, 4}, {2}], [{8, 5}, {7}, {3, 6}, {2, 4}, {1}], [{8, 5}, {7}, {3, 6}, {4}, {1, 2}], [{8, 6}, {1, 7}, {2, 5}, {3, 4}], [{8, 6}, {1, 7}, {3, 5}, {2, 4}], [{8, 6}, {1, 7}, {4, 5}, {2, 3}], [{8, 6}, {2, 7}, {1, 5}, {3, 4}], [{8, 6}, {2, 7}, {1, 5}, {4}, {3}], [{8, 6}, {2, 7}, {3, 5}, {1, 4}], [{8, 6}, {2, 7}, {3, 5}, {4}, {1}], [{8, 6}, {2, 7}, {4, 5}, {1, 3}], [{8, 6}, {2, 7}, {5}, {4}, {1, 3}], [{8, 6}, {3, 7}, {1, 5}, {2, 4}], [{8, 6}, {3, 7}, {2, 5}, {1, 4}], [{8, 6}, {3, 7}, {4, 5}, {1, 2}], [{8, 6}, {4, 7}, {1, 5}, {2, 3}], [{8, 6}, {4, 7}, {2, 5}, {1, 3}], [{8, 6}, {4, 7}, {3, 5}, {1, 2}], [{8, 6}, {4, 7}, {5}, {2, 3}, {1}], [{8, 6}, {5, 7}, {1, 4}, {2, 3}], [{8, 6}, {5, 7}, {2, 4}, {1, 3}], [{8, 6}, {5, 7}, {2, 4}, {3}, {1}], [{8, 6}, {5, 7}, {3, 4}, {1, 2}], [{8, 7}, {1, 6}, {2, 5}, {3, 4}], [{8, 7}, {1, 6}, {3, 5}, {2, 4}], [{8, 7}, {1, 6}, {4, 5}, {2, 3}], [{8, 7}, {1, 6}, {5}, {4}, {2, 3}], [{8, 7}, {2, 6}, {1, 5}, {3, 4}], [{8, 7}, {2, 6}, {3, 5}, {1, 4}], [{8, 7}, {2, 6}, {4, 5}, {1, 3}], [{8, 7}, {3, 6}, {1, 5}, {2, 4}], [{8, 7}, {3, 6}, {2, 5}, {1, 4}], [{8, 7}, {3, 6}, {4, 5}, {1, 2}], [{8, 7}, {3, 6}, {5}, {2, 4}, {1}], [{8, 7}, {4, 6}, {1, 5}, {2, 3}], [{8, 7}, {4, 6}, {1, 5}, {3}, {2}], [{8, 7}, {4, 6}, {2, 5}, {1, 3}], [{8, 7}, {4, 6}, {3, 5}, {1, 2}], [{8, 7}, {4, 6}, {3, 5}, {2}, {1}], [{8, 7}, {4, 6}, {5}, {1, 3}, {2}], [{8, 7}, {5, 6}, {1, 4}, {2, 3}], [{8, 7}, {5, 6}, {2, 4}, {1, 3}], [{8, 7}, {5, 6}, {3, 4}, {1, 2}], [{8, 7}, {5, 6}, {4}, {1, 3}, {2}], [{8, 7}, {6}, {4, 5}, {1, 3}, {2}], [{8}, {1, 7}, {3, 6}, {5}, {2, 4}], [{8}, {1, 7}, {4, 6}, {3, 5}, {2}], [{8}, {2, 7}, {3, 6}, {5}, {1, 4}], [{8}, {2, 7}, {4, 6}, {3, 5}, {1}], [{8}, {2, 7}, {6}, {1, 5}, {3, 4}], [{8}, {2, 7}, {6}, {4, 5}, {1, 3}], [{8}, {3, 7}, {6}, {4, 5}, {1, 2}], [{8}, {4, 7}, {1, 6}, {2, 5}, {3}], [{8}, {4, 7}, {3, 6}, {5}, {1, 2}], [{8}, {5, 7}, {3, 6}, {2, 4}, {1}], [{8}, {5, 7}, {6}, {3, 4}, {1, 2}], [{8}, {6, 7}, {2, 5}, {1, 4}, {3}], [{8}, {7}, {3, 6}, {1, 5}, {2, 4}], [{8}, {7}, {3, 6}, {5}, {2, 4}, {1}], [{8}, {7}, {4, 6}, {3, 5}, {1, 2}], [{8}, {7}, {4, 6}, {3, 5}, {2}, {1}]]",2,- 30 K_1^2 - 16 K_1 K_2 + 8 K_1 - 4 K_2^2 + 15 K_2 + 8 K_3 + 2 K_4 + 18,O1O2O3O4U2U5U4O5O6U3O7U1U7O8U6U8,O1O2O3U1U4U3U5O6O7U6O8O5U8O4U7U2,O1O2O3U2U4O5U6O7O6U8O4O8U7U1U5U3,c,{'O1O2O3O4U5U6O5U7U4O7U2O6O8U1U8U3'},1,"<a href=""/flatknot/8.857905"">8.857905</a>",t^9-56t^7-166t^6+398t^4+330t^3+58t^2-39t-18,-t^2+2t,,
8.857906,O1O2O3O4U5U6O5U7U4O7U2O6O8U3U1U8,4,10z^2+95z+151,10w^3z^2+95w^2z+151w,False,False,"[[ 0 -1  0  0  2 -1 -1 -1  2],[ 1  0  0  1  2  0  0  0  2],[ 0  0  0  0  1  0  0 -1  1],[ 0 -1  0  0  2 -1  0 -1  1],[-2 -2 -1 -2  0 -2  0 -2  0],[ 1  0  0  1  2  0 -1  0  2],[ 1  0  0  0  0  1  0  0  2],[ 1  0  1  1  2  0  0  0  2],[-2 -2 -1 -1  0 -2 -2 -2  0]]","[[ 0  2  2  0  0 -1 -1 -1 -1],[-2  0  0 -1 -1 -2 -2 -2 -2],[-2  0  0 -1 -2  0 -2 -2 -2],[ 0  1  1  0  0  0  0  0 -1],[ 0  1  2  0  0  0 -1 -1 -1],[ 1  2  0  0  0  0  1  0  0],[ 1  2  2  0  1 -1  0  0  0],[ 1  2  2  0  1  0  0  0  0],[ 1  2  2  1  1  0  0  0  0]]",True,"[-2,-2,0,0,1,1,1,1,0,1,1,2,2,2,2,1,2,0,2,2,2,0,0,0,0,1,0,1,1,1,-1,0,0,0,0,0]","[-2,-2,0,0,1,1,1,1,0,0,1,1,1,1,3,1,1,1,1,1,1,0,0,0,0,1,0,1,1,1,0,0,0,0,-1,0]",t^8+40t^6+150t^4+77t^2+4,"[-1,-1,-1,-1,0,0,2,2,-1,0,0,1,1,1,3,0,0,0,1,1,1,0,0,0,1,1,0,1,1,1,0,1,0,1,1,0]","[-2,-2,0,0,1,1,1,1,0,0,1,1,1,1,3,1,1,1,1,1,1,0,0,0,0,1,0,1,1,1,0,0,0,0,-1,0]","[-1,-1,-1,-1,0,0,2,2,-1,0,0,0,1,2,2,0,0,0,0,0,2,0,0,1,2,2,1,1,2,2,0,1,1,2,1,0]",c,"[[{8, 1}, {2, 7}, {3, 6}, {4, 5}], [{8, 1}, {2, 7}, {3, 6}, {5}, {4}], [{8, 1}, {2, 7}, {4, 6}, {3, 5}], [{8, 1}, {2, 7}, {5, 6}, {3, 4}], [{8, 1}, {3, 7}, {2, 6}, {4, 5}], [{8, 1}, {3, 7}, {4, 6}, {2, 5}], [{8, 1}, {3, 7}, {5, 6}, {2, 4}], [{8, 1}, {4, 7}, {2, 6}, {3, 5}], [{8, 1}, {4, 7}, {3, 6}, {2, 5}], [{8, 1}, {4, 7}, {5, 6}, {2, 3}], [{8, 1}, {4, 7}, {6}, {5}, {2, 3}], [{8, 1}, {5, 7}, {2, 6}, {3, 4}], [{8, 1}, {5, 7}, {3, 6}, {2, 4}], [{8, 1}, {5, 7}, {4, 6}, {2, 3}], [{8, 1}, {6, 7}, {2, 5}, {3, 4}], [{8, 1}, {6, 7}, {3, 5}, {2, 4}], [{8, 1}, {6, 7}, {4, 5}, {2, 3}], [{8, 1}, {6, 7}, {5}, {2, 4}, {3}], [{8, 1}, {7}, {3, 6}, {4, 5}, {2}], [{8, 1}, {7}, {4, 6}, {3, 5}, {2}], [{8, 1}, {7}, {6}, {2, 5}, {3, 4}], [{8, 2}, {1, 7}, {3, 6}, {4, 5}], [{8, 2}, {1, 7}, {4, 6}, {3, 5}], [{8, 2}, {1, 7}, {5, 6}, {3, 4}], [{8, 2}, {3, 7}, {1, 6}, {4, 5}], [{8, 2}, {3, 7}, {4, 6}, {1, 5}], [{8, 2}, {3, 7}, {4, 6}, {5}, {1}], [{8, 2}, {3, 7}, {5, 6}, {1, 4}], [{8, 2}, {4, 7}, {1, 6}, {3, 5}], [{8, 2}, {4, 7}, {3, 6}, {1, 5}], [{8, 2}, {4, 7}, {3, 6}, {5}, {1}], [{8, 2}, {4, 7}, {5, 6}, {1, 3}], [{8, 2}, {5, 7}, {1, 6}, {3, 4}], [{8, 2}, {5, 7}, {3, 6}, {1, 4}], [{8, 2}, {5, 7}, {4, 6}, {1, 3}], [{8, 2}, {5, 7}, {4, 6}, {3}, {1}], [{8, 2}, {6, 7}, {1, 5}, {3, 4}], [{8, 2}, {6, 7}, {1, 5}, {4}, {3}], [{8, 2}, {6, 7}, {3, 5}, {1, 4}], [{8, 2}, {6, 7}, {4, 5}, {1, 3}], [{8, 2}, {6, 7}, {4, 5}, {3}, {1}], [{8, 2}, {6, 7}, {5}, {1, 4}, {3}], [{8, 2}, {7}, {4, 6}, {3, 5}, {1}], [{8, 3}, {1, 7}, {2, 6}, {4, 5}], [{8, 3}, {1, 7}, {2, 6}, {5}, {4}], [{8, 3}, {1, 7}, {4, 6}, {2, 5}], [{8, 3}, {1, 7}, {5, 6}, {2, 4}], [{8, 3}, {1, 7}, {5, 6}, {4}, {2}], [{8, 3}, {1, 7}, {6}, {2, 5}, {4}], [{8, 3}, {2, 7}, {1, 6}, {4, 5}], [{8, 3}, {2, 7}, {4, 6}, {1, 5}], [{8, 3}, {2, 7}, {5, 6}, {1, 4}], [{8, 3}, {2, 7}, {6}, {4, 5}, {1}], [{8, 3}, {4, 7}, {1, 6}, {2, 5}], [{8, 3}, {4, 7}, {2, 6}, {1, 5}], [{8, 3}, {4, 7}, {2, 6}, {5}, {1}], [{8, 3}, {4, 7}, {5, 6}, {1, 2}], [{8, 3}, {5, 7}, {1, 6}, {2, 4}], [{8, 3}, {5, 7}, {1, 6}, {4}, {2}], [{8, 3}, {5, 7}, {2, 6}, {1, 4}], [{8, 3}, {5, 7}, {2, 6}, {4}, {1}], [{8, 3}, {5, 7}, {4, 6}, {1, 2}], [{8, 3}, {5, 7}, {4, 6}, {2}, {1}], [{8, 3}, {5, 7}, {6}, {1, 4}, {2}], [{8, 3}, {5, 7}, {6}, {2, 4}, {1}], [{8, 3}, {5, 7}, {6}, {4}, {1, 2}], [{8, 3}, {6, 7}, {1, 5}, {2, 4}], [{8, 3}, {6, 7}, {2, 5}, {1, 4}], [{8, 3}, {6, 7}, {4, 5}, {1, 2}], [{8, 3}, {6, 7}, {4, 5}, {2}, {1}], [{8, 3}, {7}, {1, 6}, {5}, {2, 4}], [{8, 3}, {7}, {2, 6}, {1, 5}, {4}], [{8, 3}, {7}, {2, 6}, {4, 5}, {1}], [{8, 3}, {7}, {2, 6}, {5}, {1, 4}], [{8, 3}, {7}, {2, 6}, {5}, {4}, {1}], [{8, 3}, {7}, {4, 6}, {5}, {1, 2}], [{8, 4}, {1, 7}, {2, 6}, {3, 5}], [{8, 4}, {1, 7}, {3, 6}, {2, 5}], [{8, 4}, {1, 7}, {5, 6}, {2, 3}], [{8, 4}, {1, 7}, {6}, {5}, {2, 3}], [{8, 4}, {2, 7}, {1, 6}, {3, 5}], [{8, 4}, {2, 7}, {3, 6}, {1, 5}], [{8, 4}, {2, 7}, {5, 6}, {1, 3}], [{8, 4}, {2, 7}, {6}, {3, 5}, {1}], [{8, 4}, {3, 7}, {1, 6}, {2, 5}], [{8, 4}, {3, 7}, {2, 6}, {1, 5}], [{8, 4}, {3, 7}, {5, 6}, {1, 2}], [{8, 4}, {5, 7}, {1, 6}, {2, 3}], [{8, 4}, {5, 7}, {2, 6}, {1, 3}], [{8, 4}, {5, 7}, {2, 6}, {3}, {1}], [{8, 4}, {5, 7}, {3, 6}, {1, 2}], [{8, 4}, {6, 7}, {1, 5}, {2, 3}], [{8, 4}, {6, 7}, {2, 5}, {1, 3}], [{8, 4}, {6, 7}, {2, 5}, {3}, {1}], [{8, 4}, {6, 7}, {3, 5}, {1, 2}], [{8, 4}, {7}, {1, 6}, {3, 5}, {2}], [{8, 4}, {7}, {5, 6}, {3}, {1, 2}], [{8, 5}, {1, 7}, {2, 6}, {3, 4}], [{8, 5}, {1, 7}, {3, 6}, {2, 4}], [{8, 5}, {1, 7}, {4, 6}, {2, 3}], [{8, 5}, {2, 7}, {1, 6}, {3, 4}], [{8, 5}, {2, 7}, {3, 6}, {1, 4}], [{8, 5}, {2, 7}, {4, 6}, {1, 3}], [{8, 5}, {3, 7}, {1, 6}, {2, 4}], [{8, 5}, {3, 7}, {2, 6}, {1, 4}], [{8, 5}, {3, 7}, {4, 6}, {1, 2}], [{8, 5}, {4, 7}, {1, 6}, {2, 3}], [{8, 5}, {4, 7}, {2, 6}, {1, 3}], [{8, 5}, {4, 7}, {3, 6}, {1, 2}], [{8, 5}, {4, 7}, {6}, {2, 3}, {1}], [{8, 5}, {6, 7}, {1, 4}, {2, 3}], [{8, 5}, {6, 7}, {2, 4}, {1, 3}], [{8, 5}, {6, 7}, {3, 4}, {1, 2}], [{8, 5}, {7}, {3, 6}, {1, 4}, {2}], [{8, 5}, {7}, {3, 6}, {2, 4}, {1}], [{8, 5}, {7}, {3, 6}, {4}, {1, 2}], [{8, 5}, {7}, {4, 6}, {3}, {1, 2}], [{8, 5}, {7}, {6}, {3, 4}, {1, 2}], [{8, 6}, {1, 7}, {2, 5}, {3, 4}], [{8, 6}, {1, 7}, {2, 5}, {4}, {3}], [{8, 6}, {1, 7}, {3, 5}, {2, 4}], [{8, 6}, {1, 7}, {4, 5}, {2, 3}], [{8, 6}, {1, 7}, {4, 5}, {3}, {2}], [{8, 6}, {1, 7}, {5}, {2, 4}, {3}], [{8, 6}, {2, 7}, {1, 5}, {3, 4}], [{8, 6}, {2, 7}, {1, 5}, {4}, {3}], [{8, 6}, {2, 7}, {3, 5}, {1, 4}], [{8, 6}, {2, 7}, {4, 5}, {1, 3}], [{8, 6}, {2, 7}, {4, 5}, {3}, {1}], [{8, 6}, {2, 7}, {5}, {1, 4}, {3}], [{8, 6}, {3, 7}, {1, 5}, {2, 4}], [{8, 6}, {3, 7}, {2, 5}, {1, 4}], [{8, 6}, {3, 7}, {4, 5}, {1, 2}], [{8, 6}, {4, 7}, {1, 5}, {2, 3}], [{8, 6}, {4, 7}, {1, 5}, {3}, {2}], [{8, 6}, {4, 7}, {2, 5}, {1, 3}], [{8, 6}, {4, 7}, {2, 5}, {3}, {1}], [{8, 6}, {4, 7}, {3, 5}, {1, 2}], [{8, 6}, {4, 7}, {3, 5}, {2}, {1}], [{8, 6}, {4, 7}, {5}, {1, 3}, {2}], [{8, 6}, {4, 7}, {5}, {2, 3}, {1}], [{8, 6}, {4, 7}, {5}, {3}, {1, 2}], [{8, 6}, {4, 7}, {5}, {3}, {2}, {1}], [{8, 6}, {5, 7}, {1, 4}, {2, 3}], [{8, 6}, {5, 7}, {1, 4}, {3}, {2}], [{8, 6}, {5, 7}, {2, 4}, {1, 3}], [{8, 6}, {5, 7}, {2, 4}, {3}, {1}], [{8, 6}, {5, 7}, {3, 4}, {1, 2}], [{8, 6}, {5, 7}, {4}, {3}, {1, 2}], [{8, 6}, {7}, {1, 5}, {2, 4}, {3}], [{8, 6}, {7}, {2, 5}, {1, 4}, {3}], [{8, 6}, {7}, {4, 5}, {3}, {1, 2}], [{8, 7}, {1, 6}, {2, 5}, {3, 4}], [{8, 7}, {1, 6}, {3, 5}, {2, 4}], [{8, 7}, {1, 6}, {4, 5}, {2, 3}], [{8, 7}, {1, 6}, {5}, {2, 4}, {3}], [{8, 7}, {2, 6}, {1, 5}, {3, 4}], [{8, 7}, {2, 6}, {1, 5}, {4}, {3}], [{8, 7}, {2, 6}, {3, 5}, {1, 4}], [{8, 7}, {2, 6}, {4, 5}, {1, 3}], [{8, 7}, {2, 6}, {4, 5}, {3}, {1}], [{8, 7}, {2, 6}, {5}, {1, 4}, {3}], [{8, 7}, {3, 6}, {1, 5}, {2, 4}], [{8, 7}, {3, 6}, {2, 5}, {1, 4}], [{8, 7}, {3, 6}, {4, 5}, {1, 2}], [{8, 7}, {3, 6}, {5}, {1, 4}, {2}], [{8, 7}, {3, 6}, {5}, {2, 4}, {1}], [{8, 7}, {3, 6}, {5}, {4}, {1, 2}], [{8, 7}, {4, 6}, {1, 5}, {2, 3}], [{8, 7}, {4, 6}, {2, 5}, {1, 3}], [{8, 7}, {4, 6}, {2, 5}, {3}, {1}], [{8, 7}, {4, 6}, {3, 5}, {1, 2}], [{8, 7}, {5, 6}, {1, 4}, {2, 3}], [{8, 7}, {5, 6}, {2, 4}, {1, 3}], [{8, 7}, {5, 6}, {3, 4}, {1, 2}], [{8, 7}, {5, 6}, {3, 4}, {2}, {1}], [{8, 7}, {6}, {2, 5}, {4}, {1, 3}], [{8, 7}, {6}, {4, 5}, {1, 3}, {2}], [{8, 7}, {6}, {5}, {1, 4}, {2, 3}], [{8, 7}, {6}, {5}, {2, 4}, {1, 3}], [{8}, {1, 7}, {3, 6}, {2, 5}, {4}], [{8}, {2, 7}, {3, 6}, {4, 5}, {1}], [{8}, {3, 7}, {1, 6}, {2, 5}, {4}], [{8}, {3, 7}, {1, 6}, {4, 5}, {2}], [{8}, {3, 7}, {1, 6}, {5}, {2, 4}], [{8}, {3, 7}, {2, 6}, {1, 5}, {4}], [{8}, {3, 7}, {2, 6}, {4, 5}, {1}], [{8}, {3, 7}, {2, 6}, {5}, {1, 4}], [{8}, {3, 7}, {6}, {4, 5}, {1, 2}], [{8}, {4, 7}, {1, 6}, {5}, {2, 3}], [{8}, {4, 7}, {5, 6}, {2, 3}, {1}], [{8}, {4, 7}, {6}, {1, 5}, {2, 3}], [{8}, {4, 7}, {6}, {5}, {2, 3}, {1}], [{8}, {5, 7}, {2, 6}, {3, 4}, {1}], [{8}, {5, 7}, {3, 6}, {1, 4}, {2}], [{8}, {5, 7}, {3, 6}, {2, 4}, {1}], [{8}, {5, 7}, {3, 6}, {4}, {1, 2}], [{8}, {5, 7}, {4, 6}, {2, 3}, {1}], [{8}, {6, 7}, {4, 5}, {2, 3}, {1}], [{8}, {7}, {4, 6}, {3, 5}, {1, 2}]]",2,- 28 K_1^2 - 16 K_1 K_2 + 8 K_1 - 4 K_2^2 + 14 K_2 + 8 K_3 + 2 K_4 + 17,O1O2O3O4U5U4U2O5O6U3O7U1U7O8U6U8,O1O2O3U2U4U1U5O6O7U6O8O5U8O4U7U3,O1O2O3U1U4O5U6O7O6U8O4O8U7U3U5U2,c,{'O1O2O3O4U5U6O5U7U4O7U2O6O8U3U1U8'},1,"<a href=""/flatknot/8.857906"">8.857906</a>",t^9-36t^7-54t^6+130t^5+240t^4-21t^3-134t^2-37t,-2t^2+4t,,
8.857907,O1O2O3O4U5U6O5U7U4O7U3O6O8U1U8U2,4,6z^3+49z^2+116z+85,6w^4z^3+49w^3z^2+116w^2z+85w,False,False,"[[ 0 -2  1  1  2 -1 -1 -1  1],[ 2  0  2  1  2  1  1  1  1],[-1 -2  0  1  2 -2 -2 -2  0],[-1 -1 -1  0  1 -1 -1 -2  0],[-2 -2 -2 -1  0 -2  0 -2  0],[ 1 -1  2  1  2  0 -1  0  1],[ 1 -1  2  1  0  1  0  0  1],[ 1 -1  2  2  2  0  0  0  1],[-1 -1  0  0  0 -1 -1 -1  0]]","[[ 0  2  1  1  1 -1 -1 -1 -2],[-2  0  0 -1 -2  0 -2 -2 -2],[-1  0  0  0  0 -1 -1 -1 -1],[-1  1  0  0 -1 -1 -1 -2 -1],[-1  2  0  1  0 -2 -2 -2 -2],[ 1  0  1  1  2  0  1  0 -1],[ 1  2  1  1  2 -1  0  0 -1],[ 1  2  1  2  2  0  0  0 -1],[ 2  2  1  1  2  1  1  1  0]]",True,"[-2,-1,-1,-1,1,1,1,2,0,1,2,0,2,2,2,0,0,1,1,1,1,1,1,1,2,1,2,2,2,2,-1,0,1,0,1,1]","[-2,-1,-1,-1,1,1,1,2,-1,0,1,1,1,3,2,1,0,0,0,0,1,0,0,1,1,2,1,1,1,2,0,0,0,-1,0,0]",t^8+49t^6+193t^4+123t^2+4,"[-2,-1,-1,-1,1,1,1,2,0,0,0,1,2,2,2,-1,0,0,1,1,3,0,0,1,1,1,0,0,1,1,-1,0,-1,0,0,1]","[-2,-1,-1,-1,1,1,1,2,-1,0,1,1,1,3,2,1,0,0,0,0,1,0,0,1,1,2,1,1,1,2,0,0,0,-1,0,0]","[-2,-1,-1,-1,1,1,1,2,1,1,1,1,1,2,2,-1,0,1,1,2,2,0,1,1,2,0,1,2,2,2,0,0,0,-1,1,2]",c,"[[{8, 5}, {2, 7}, {3, 6}, {1, 4}], [{8, 5}, {3, 7}, {2, 6}, {1, 4}], [{8, 5}, {6, 7}, {1, 4}, {2, 3}]]",1,12 K_1^3 + 4 K_1^2 K_2 - 8 K_1^2 - 12 K_1 K_2 - 4 K_1 K_3 - 3 K_1 + 4 K_2 + 3 K_3 + K_4 + 4,O1O2O3O4U3U5U4O5O6U2O7U1U7O8U6U8,O1O2O3U1U3U4U5O6O7U6O8O5U8O4U7U2,O1O2O3U2U4O5U6O7O6U8O4O8U7U5U1U3,c,{'O1O2O3O4U5U6O5U7U4O7U3O6O8U1U8U2'},1,"<a href=""/flatknot/8.857907"">8.857907</a>",t^9-49t^7-156t^6-43t^5+266t^4+145t^3-40t^2+22t-6,0,,
8.857908,O1O2O3O4U5U6O5U7U4O7U3O6O8U2U1U8,4,6z^3+49z^2+116z+85,6w^4z^3+49w^3z^2+116w^2z+85w,False,False,"[[ 0 -1 -1  1  2 -1 -1 -1  2],[ 1  0  0  1  2  0  0  0  2],[ 1  0  0  1  2  0  0  0  1],[-1 -1 -1  0  1 -1 -1 -2  0],[-2 -2 -2 -1  0 -2  0 -2  0],[ 1  0  0  1  2  0 -1  0  2],[ 1  0  0  1  0  1  0  0  2],[ 1  0  0  2  2  0  0  0  2],[-2 -2 -1  0  0 -2 -2 -2  0]]","[[ 0  2  2  1 -1 -1 -1 -1 -1],[-2  0  0  0 -1 -2 -2 -2 -2],[-2  0  0 -1 -2  0 -2 -2 -2],[-1  0  1  0 -1 -1 -1 -1 -2],[ 1  1  2  1  0  0  0  0  0],[ 1  2  0  1  0  0  1  0  0],[ 1  2  2  1  0 -1  0  0  0],[ 1  2  2  1  0  0  0  0  0],[ 1  2  2  2  0  0  0  0  0]]",True,"[-2,-2,-1,1,1,1,1,1,0,0,1,2,2,2,2,1,2,0,2,2,2,1,1,1,1,2,0,0,0,0,-1,0,0,0,0,0]","[-2,-2,-1,1,1,1,1,1,0,0,1,1,1,1,3,1,1,1,1,2,1,0,1,1,1,1,0,0,0,0,0,0,-1,0,0,0]",t^8+43t^6+160t^4+102t^2+4,"[-1,-1,-1,-1,-1,1,2,2,-1,0,0,0,1,1,3,0,0,0,1,1,1,0,0,0,1,1,0,1,1,1,1,2,1,1,0,0]","[-2,-2,-1,1,1,1,1,1,0,0,1,1,1,1,3,1,1,1,1,2,1,0,1,1,1,1,0,0,0,0,0,0,-1,0,0,0]","[-1,-1,-1,-1,-1,1,2,2,-1,0,0,0,1,2,2,0,0,0,1,0,2,0,0,1,2,1,0,1,2,2,2,2,2,1,0,0]",c,"[[{8, 1}, {2, 7}, {3, 6}, {4, 5}], [{8, 1}, {2, 7}, {4, 6}, {3, 5}], [{8, 1}, {2, 7}, {5, 6}, {3, 4}], [{8, 1}, {3, 7}, {2, 6}, {4, 5}], [{8, 1}, {3, 7}, {2, 6}, {5}, {4}], [{8, 1}, {3, 7}, {4, 6}, {2, 5}], [{8, 1}, {3, 7}, {5, 6}, {2, 4}], [{8, 1}, {4, 7}, {2, 6}, {3, 5}], [{8, 1}, {4, 7}, {2, 6}, {5}, {3}], [{8, 1}, {4, 7}, {3, 6}, {2, 5}], [{8, 1}, {4, 7}, {5, 6}, {2, 3}], [{8, 1}, {5, 7}, {2, 6}, {3, 4}], [{8, 1}, {5, 7}, {3, 6}, {2, 4}], [{8, 1}, {5, 7}, {4, 6}, {2, 3}], [{8, 1}, {5, 7}, {4, 6}, {3}, {2}], [{8, 1}, {6, 7}, {2, 5}, {3, 4}], [{8, 1}, {6, 7}, {3, 5}, {2, 4}], [{8, 1}, {6, 7}, {4, 5}, {2, 3}], [{8, 1}, {6, 7}, {4, 5}, {3}, {2}], [{8, 1}, {7}, {2, 6}, {5}, {3, 4}], [{8, 1}, {7}, {5, 6}, {2, 4}, {3}], [{8, 2}, {1, 7}, {3, 6}, {4, 5}], [{8, 2}, {1, 7}, {3, 6}, {5}, {4}], [{8, 2}, {1, 7}, {4, 6}, {3, 5}], [{8, 2}, {1, 7}, {5, 6}, {3, 4}], [{8, 2}, {3, 7}, {1, 6}, {4, 5}], [{8, 2}, {3, 7}, {4, 6}, {1, 5}], [{8, 2}, {3, 7}, {4, 6}, {5}, {1}], [{8, 2}, {3, 7}, {5, 6}, {1, 4}], [{8, 2}, {3, 7}, {5, 6}, {4}, {1}], [{8, 2}, {3, 7}, {6}, {4, 5}, {1}], [{8, 2}, {4, 7}, {1, 6}, {3, 5}], [{8, 2}, {4, 7}, {1, 6}, {5}, {3}], [{8, 2}, {4, 7}, {3, 6}, {1, 5}], [{8, 2}, {4, 7}, {3, 6}, {5}, {1}], [{8, 2}, {4, 7}, {5, 6}, {1, 3}], [{8, 2}, {4, 7}, {5, 6}, {3}, {1}], [{8, 2}, {4, 7}, {6}, {1, 5}, {3}], [{8, 2}, {4, 7}, {6}, {3, 5}, {1}], [{8, 2}, {4, 7}, {6}, {5}, {1, 3}], [{8, 2}, {4, 7}, {6}, {5}, {3}, {1}], [{8, 2}, {5, 7}, {1, 6}, {3, 4}], [{8, 2}, {5, 7}, {3, 6}, {1, 4}], [{8, 2}, {5, 7}, {3, 6}, {4}, {1}], [{8, 2}, {5, 7}, {4, 6}, {1, 3}], [{8, 2}, {5, 7}, {4, 6}, {3}, {1}], [{8, 2}, {5, 7}, {6}, {3, 4}, {1}], [{8, 2}, {6, 7}, {1, 5}, {3, 4}], [{8, 2}, {6, 7}, {3, 5}, {1, 4}], [{8, 2}, {6, 7}, {3, 5}, {4}, {1}], [{8, 2}, {6, 7}, {4, 5}, {1, 3}], [{8, 2}, {6, 7}, {4, 5}, {3}, {1}], [{8, 2}, {6, 7}, {5}, {3, 4}, {1}], [{8, 2}, {7}, {3, 6}, {1, 5}, {4}], [{8, 2}, {7}, {3, 6}, {4, 5}, {1}], [{8, 2}, {7}, {3, 6}, {5}, {1, 4}], [{8, 2}, {7}, {3, 6}, {5}, {4}, {1}], [{8, 2}, {7}, {4, 6}, {3, 5}, {1}], [{8, 2}, {7}, {5, 6}, {3, 4}, {1}], [{8, 3}, {1, 7}, {2, 6}, {4, 5}], [{8, 3}, {1, 7}, {4, 6}, {2, 5}], [{8, 3}, {1, 7}, {5, 6}, {2, 4}], [{8, 3}, {2, 7}, {1, 6}, {4, 5}], [{8, 3}, {2, 7}, {4, 6}, {1, 5}], [{8, 3}, {2, 7}, {4, 6}, {5}, {1}], [{8, 3}, {2, 7}, {5, 6}, {1, 4}], [{8, 3}, {2, 7}, {5, 6}, {4}, {1}], [{8, 3}, {2, 7}, {6}, {4, 5}, {1}], [{8, 3}, {4, 7}, {1, 6}, {2, 5}], [{8, 3}, {4, 7}, {2, 6}, {1, 5}], [{8, 3}, {4, 7}, {2, 6}, {5}, {1}], [{8, 3}, {4, 7}, {5, 6}, {1, 2}], [{8, 3}, {5, 7}, {1, 6}, {2, 4}], [{8, 3}, {5, 7}, {2, 6}, {1, 4}], [{8, 3}, {5, 7}, {4, 6}, {1, 2}], [{8, 3}, {5, 7}, {6}, {2, 4}, {1}], [{8, 3}, {6, 7}, {1, 5}, {2, 4}], [{8, 3}, {6, 7}, {2, 5}, {1, 4}], [{8, 3}, {6, 7}, {4, 5}, {1, 2}], [{8, 3}, {6, 7}, {5}, {1, 4}, {2}], [{8, 4}, {1, 7}, {2, 6}, {3, 5}], [{8, 4}, {1, 7}, {3, 6}, {2, 5}], [{8, 4}, {1, 7}, {5, 6}, {2, 3}], [{8, 4}, {1, 7}, {5, 6}, {3}, {2}], [{8, 4}, {2, 7}, {1, 6}, {3, 5}], [{8, 4}, {2, 7}, {3, 6}, {1, 5}], [{8, 4}, {2, 7}, {5, 6}, {1, 3}], [{8, 4}, {2, 7}, {6}, {5}, {1, 3}], [{8, 4}, {3, 7}, {1, 6}, {2, 5}], [{8, 4}, {3, 7}, {2, 6}, {1, 5}], [{8, 4}, {3, 7}, {5, 6}, {1, 2}], [{8, 4}, {3, 7}, {5, 6}, {2}, {1}], [{8, 4}, {5, 7}, {1, 6}, {2, 3}], [{8, 4}, {5, 7}, {1, 6}, {3}, {2}], [{8, 4}, {5, 7}, {2, 6}, {1, 3}], [{8, 4}, {5, 7}, {3, 6}, {1, 2}], [{8, 4}, {5, 7}, {3, 6}, {2}, {1}], [{8, 4}, {5, 7}, {6}, {1, 3}, {2}], [{8, 4}, {6, 7}, {1, 5}, {2, 3}], [{8, 4}, {6, 7}, {2, 5}, {1, 3}], [{8, 4}, {6, 7}, {3, 5}, {1, 2}], [{8, 4}, {6, 7}, {5}, {1, 3}, {2}], [{8, 4}, {6, 7}, {5}, {2, 3}, {1}], [{8, 4}, {6, 7}, {5}, {3}, {1, 2}], [{8, 4}, {7}, {2, 6}, {5}, {1, 3}], [{8, 4}, {7}, {5, 6}, {1, 3}, {2}], [{8, 4}, {7}, {6}, {1, 5}, {2, 3}], [{8, 4}, {7}, {6}, {2, 5}, {1, 3}], [{8, 5}, {1, 7}, {2, 6}, {3, 4}], [{8, 5}, {1, 7}, {3, 6}, {2, 4}], [{8, 5}, {1, 7}, {4, 6}, {2, 3}], [{8, 5}, {1, 7}, {6}, {2, 4}, {3}], [{8, 5}, {2, 7}, {1, 6}, {3, 4}], [{8, 5}, {2, 7}, {3, 6}, {1, 4}], [{8, 5}, {2, 7}, {4, 6}, {1, 3}], [{8, 5}, {2, 7}, {4, 6}, {3}, {1}], [{8, 5}, {3, 7}, {1, 6}, {2, 4}], [{8, 5}, {3, 7}, {2, 6}, {1, 4}], [{8, 5}, {3, 7}, {2, 6}, {4}, {1}], [{8, 5}, {3, 7}, {4, 6}, {1, 2}], [{8, 5}, {4, 7}, {1, 6}, {2, 3}], [{8, 5}, {4, 7}, {2, 6}, {1, 3}], [{8, 5}, {4, 7}, {2, 6}, {3}, {1}], [{8, 5}, {4, 7}, {3, 6}, {1, 2}], [{8, 5}, {4, 7}, {6}, {1, 3}, {2}], [{8, 5}, {6, 7}, {1, 4}, {2, 3}], [{8, 5}, {6, 7}, {1, 4}, {3}, {2}], [{8, 5}, {6, 7}, {2, 4}, {1, 3}], [{8, 5}, {6, 7}, {2, 4}, {3}, {1}], [{8, 5}, {6, 7}, {3, 4}, {1, 2}], [{8, 5}, {6, 7}, {4}, {3}, {1, 2}], [{8, 5}, {7}, {1, 6}, {2, 4}, {3}], [{8, 5}, {7}, {2, 6}, {3, 4}, {1}], [{8, 6}, {1, 7}, {2, 5}, {3, 4}], [{8, 6}, {1, 7}, {3, 5}, {2, 4}], [{8, 6}, {1, 7}, {4, 5}, {2, 3}], [{8, 6}, {1, 7}, {5}, {3, 4}, {2}], [{8, 6}, {2, 7}, {1, 5}, {3, 4}], [{8, 6}, {2, 7}, {3, 5}, {1, 4}], [{8, 6}, {2, 7}, {4, 5}, {1, 3}], [{8, 6}, {2, 7}, {4, 5}, {3}, {1}], [{8, 6}, {3, 7}, {1, 5}, {2, 4}], [{8, 6}, {3, 7}, {2, 5}, {1, 4}], [{8, 6}, {3, 7}, {4, 5}, {1, 2}], [{8, 6}, {3, 7}, {5}, {1, 4}, {2}], [{8, 6}, {4, 7}, {1, 5}, {2, 3}], [{8, 6}, {4, 7}, {1, 5}, {3}, {2}], [{8, 6}, {4, 7}, {2, 5}, {1, 3}], [{8, 6}, {4, 7}, {2, 5}, {3}, {1}], [{8, 6}, {4, 7}, {3, 5}, {1, 2}], [{8, 6}, {4, 7}, {3, 5}, {2}, {1}], [{8, 6}, {4, 7}, {5}, {1, 3}, {2}], [{8, 6}, {4, 7}, {5}, {2, 3}, {1}], [{8, 6}, {4, 7}, {5}, {3}, {1, 2}], [{8, 6}, {4, 7}, {5}, {3}, {2}, {1}], [{8, 6}, {5, 7}, {1, 4}, {2, 3}], [{8, 6}, {5, 7}, {2, 4}, {1, 3}], [{8, 6}, {5, 7}, {2, 4}, {3}, {1}], [{8, 6}, {5, 7}, {3, 4}, {1, 2}], [{8, 7}, {1, 6}, {2, 5}, {3, 4}], [{8, 7}, {1, 6}, {3, 5}, {2, 4}], [{8, 7}, {1, 6}, {4, 5}, {2, 3}], [{8, 7}, {1, 6}, {4, 5}, {3}, {2}], [{8, 7}, {2, 6}, {1, 5}, {3, 4}], [{8, 7}, {2, 6}, {3, 5}, {1, 4}], [{8, 7}, {2, 6}, {4, 5}, {1, 3}], [{8, 7}, {2, 6}, {5}, {4}, {1, 3}], [{8, 7}, {3, 6}, {1, 5}, {2, 4}], [{8, 7}, {3, 6}, {1, 5}, {4}, {2}], [{8, 7}, {3, 6}, {2, 5}, {1, 4}], [{8, 7}, {3, 6}, {4, 5}, {1, 2}], [{8, 7}, {3, 6}, {4, 5}, {2}, {1}], [{8, 7}, {3, 6}, {5}, {1, 4}, {2}], [{8, 7}, {4, 6}, {1, 5}, {2, 3}], [{8, 7}, {4, 6}, {1, 5}, {3}, {2}], [{8, 7}, {4, 6}, {2, 5}, {1, 3}], [{8, 7}, {4, 6}, {3, 5}, {1, 2}], [{8, 7}, {4, 6}, {3, 5}, {2}, {1}], [{8, 7}, {4, 6}, {5}, {1, 3}, {2}], [{8, 7}, {5, 6}, {1, 4}, {2, 3}], [{8, 7}, {5, 6}, {2, 4}, {1, 3}], [{8, 7}, {5, 6}, {3, 4}, {1, 2}], [{8, 7}, {5, 6}, {4}, {1, 3}, {2}], [{8, 7}, {6}, {1, 5}, {3, 4}, {2}], [{8, 7}, {6}, {2, 5}, {4}, {1, 3}], [{8, 7}, {6}, {4, 5}, {1, 3}, {2}], [{8, 7}, {6}, {5}, {2, 4}, {1, 3}], [{8}, {2, 7}, {3, 6}, {1, 5}, {4}], [{8}, {2, 7}, {3, 6}, {4, 5}, {1}], [{8}, {2, 7}, {3, 6}, {5}, {1, 4}], [{8}, {2, 7}, {4, 6}, {3, 5}, {1}], [{8}, {3, 7}, {2, 6}, {1, 5}, {4}], [{8}, {3, 7}, {5, 6}, {2, 4}, {1}], [{8}, {4, 7}, {2, 6}, {1, 5}, {3}], [{8}, {4, 7}, {2, 6}, {3, 5}, {1}], [{8}, {4, 7}, {2, 6}, {5}, {1, 3}], [{8}, {4, 7}, {2, 6}, {5}, {3}, {1}], [{8}, {4, 7}, {5, 6}, {1, 3}, {2}], [{8}, {4, 7}, {6}, {2, 5}, {1, 3}], [{8}, {5, 7}, {3, 6}, {2, 4}, {1}], [{8}, {5, 7}, {4, 6}, {3}, {1, 2}], [{8}, {6, 7}, {1, 5}, {4}, {2, 3}], [{8}, {6, 7}, {3, 5}, {1, 4}, {2}], [{8}, {6, 7}, {4, 5}, {3}, {1, 2}], [{8}, {7}, {2, 6}, {1, 5}, {3, 4}]]",2,8 K_1^3 + 4 K_1^2 K_2 - 8 K_1 K_2 - 4 K_1 K_3 - 2 K_1 + 2 K_3 + K_4,O1O2O3O4U5U4U3O5O6U2O7U1U7O8U6U8,O1O2O3U2U1U4U5O6O7U6O8O5U8O4U7U3,O1O2O3U1U4O5U6O7O6U8O4O8U7U5U3U2,c,{'O1O2O3O4U5U6O5U7U4O7U3O6O8U2U1U8'},1,"<a href=""/flatknot/8.857908"">8.857908</a>",t^9-39t^7-28t^6+146t^5+76t^4-47t^3-16t^2+7t,-2t^2+4t,,
8.857909,O1O2O3O4U5U6O5U7U4O7U8O6O8U1U2U3,4,2z^3+15z^2+30z+17,-4w^5z^3+6w^4z^3-26w^4z^2+41w^3z^2-34w^3z+64w^2z+17w,False,False,"[[ 0 -2  0  2  2 -1 -1 -1  1],[ 2  0  1  2  2  1  1  1  3],[ 0 -1  0  1  2 -1 -1 -1  1],[-2 -2 -1  0  2 -3 -3 -3 -1],[-2 -2 -2 -2  0 -2  0 -2 -1],[ 1 -1  1  3  2  0 -1  0  1],[ 1 -1  1  3  0  1  0  0  1],[ 1 -1  1  3  2  0  0  0  2],[-1 -3 -1  1  1 -1 -1 -2  0]]","[[ 0  2  2  1  0 -1 -1 -1 -2],[-2  0  2 -1 -1 -3 -3 -3 -2],[-2 -2  0 -1 -2  0 -2 -2 -2],[-1  1  1  0 -1 -1 -1 -2 -3],[ 0  1  2  1  0 -1 -1 -1 -1],[ 1  3  0  1  1  0  1  0 -1],[ 1  3  2  1  1 -1  0  0 -1],[ 1  3  2  2  1  0  0  0 -1],[ 2  2  2  3  1  1  1  1  0]]",True,"[-2,-2,-1,0,1,1,1,2,-2,1,1,3,3,3,2,1,2,0,2,2,2,1,1,1,2,3,1,1,1,1,-1,0,1,0,1,1]","[-2,-2,-1,0,1,1,1,2,-2,0,0,1,1,3,2,0,1,0,0,0,2,0,0,1,1,0,0,0,0,1,0,0,0,-1,0,0]",t^8+78t^6+506t^4+161t^2,"[-2,-1,-1,-1,0,1,2,2,0,0,0,1,0,2,2,-1,0,0,1,0,3,0,0,1,0,1,0,0,0,1,0,1,0,0,0,-2]","[-2,-2,-1,0,1,1,1,2,-2,0,0,1,1,3,2,0,1,0,0,0,2,0,0,1,1,0,0,0,0,1,0,0,0,-1,0,0]","[-2,-1,-1,-1,0,1,2,2,1,1,1,1,3,2,2,-1,0,1,1,2,3,0,1,1,0,3,1,2,2,3,1,2,1,1,1,-2]",c,"[[{8, 2}, {5, 7}, {3, 6}, {1, 4}], [{8, 2}, {5, 7}, {4, 6}, {1, 3}], [{8, 2}, {6, 7}, {4, 5}, {1, 3}], [{8}, {5, 7}, {4, 6}, {1, 3}, {2}], [{8}, {6, 7}, {4, 5}, {1, 3}, {2}]]",1,- 8 K_1^4 + 8 K_1^3 + 8 K_1^2 K_2 + 4 K_1^2 - 4 K_1 K_2 - 2 K_1 K_3 - 4 K_1 - K_2,O1O2O3O4U2U3U4O5O6U5O7U1U7O8U6U8,O1O2O3U1U2U3U4O5O6U5O7O4U7O8U6U8,O1O2O3U4U5O4U6O7O6U8O5O8U7U1U2U3,c,{'O1O2O3O4U5U6O5U7U4O7U8O6O8U1U2U3'},1,"<a href=""/flatknot/8.857909"">8.857909</a>",t^9-76t^7-298t^6-117t^5+656t^4+424t^3-176t^2-190t-44,-t^2+2t,,
8.857910,O1O2O3O4U5U6O5U7U4O7U8O6O8U1U3U2,4,6z^3+49z^2+116z+85,6w^4z^3+49w^3z^2+116w^2z+85w,False,False,"[[ 0 -2  1  1  2 -1 -1 -1  1],[ 2  0  2  1  2  1  1  1  3],[-1 -2  0  0  2 -2 -2 -2  0],[-1 -1  0  0  2 -2 -2 -2  0],[-2 -2 -2 -2  0 -2  0 -2 -1],[ 1 -1  2  2  2  0 -1  0  1],[ 1 -1  2  2  0  1  0  0  1],[ 1 -1  2  2  2  0  0  0  2],[-1 -3  0  0  1 -1 -1 -2  0]]","[[ 0  2  1  1  1 -1 -1 -1 -2],[-2  0 -1 -2 -2  0 -2 -2 -2],[-1  1  0  0  0 -1 -1 -2 -3],[-1  2  0  0  0 -2 -2 -2 -1],[-1  2  0  0  0 -2 -2 -2 -2],[ 1  0  1  2  2  0  1  0 -1],[ 1  2  1  2  2 -1  0  0 -1],[ 1  2  2  2  2  0  0  0 -1],[ 2  2  3  1  2  1  1  1  0]]",True,"[-2,-1,-1,-1,1,1,1,2,1,2,2,0,2,2,2,0,0,1,1,2,3,0,2,2,2,1,2,2,2,2,-1,0,1,0,1,1]","[-2,-1,-1,-1,1,1,1,2,-1,-1,0,1,1,3,2,0,0,0,0,0,1,0,0,0,0,2,0,1,1,0,0,0,0,-1,0,0]",t^8+69t^6+416t^4+166t^2+4,"[-2,-1,-1,-1,1,1,1,2,0,0,0,0,1,2,2,-1,0,1,0,0,3,0,1,0,0,1,0,0,0,1,0,0,0,0,-1,-1]","[-2,-1,-1,-1,1,1,1,2,-1,-1,0,1,1,3,2,0,0,0,0,0,1,0,0,0,0,2,0,1,1,0,0,0,0,-1,0,0]","[-2,-1,-1,-1,1,1,1,2,1,1,1,1,2,3,2,-1,0,2,2,1,2,0,2,2,1,0,2,2,2,2,0,0,2,0,2,1]",c,"[[{8, 2}, {5, 7}, {3, 6}, {1, 4}], [{8, 5}, {2, 7}, {3, 6}, {1, 4}], [{8, 5}, {3, 7}, {2, 6}, {1, 4}], [{8, 7}, {3, 6}, {2, 5}, {1, 4}]]",1,4 K_1^3 + 4 K_1^2 K_2 - 4 K_1 K_2 - 4 K_1 K_3 - K_1 + K_3 + K_4,O1O2O3O4U3U2U4O5O6U5O7U1U7O8U6U8,O1O2O3U1U3U2U4O5O6U5O7O4U7O8U6U8,O1O2O3U4U5O4U6O7O6U8O5O8U7U2U1U3,c,{'O1O2O3O4U5U6O5U7U4O7U8O6O8U1U3U2'},1,"<a href=""/flatknot/8.857910"">8.857910</a>",t^9-69t^7-202t^6+148t^5+616t^4-54t^3-170t^2-54t,0,,
8.857911,O1O2O3O4U5U6O5U7U4O7U8O6O8U2U1U3,4,6z^3+49z^2+116z+85,6w^4z^3+49w^3z^2+116w^2z+85w,False,False,"[[ 0 -1 -1  2  2 -1 -1 -1  1],[ 1  0  0  2  2  0  0  0  2],[ 1  0  0  1  2  0  0  0  2],[-2 -2 -1  0  2 -3 -3 -3 -1],[-2 -2 -2 -2  0 -2  0 -2 -1],[ 1  0  0  3  2  0 -1  0  1],[ 1  0  0  3  0  1  0  0  1],[ 1  0  0  3  2  0  0  0  2],[-1 -2 -2  1  1 -1 -1 -2  0]]","[[ 0  2  2  1 -1 -1 -1 -1 -1],[-2  0  2 -1 -1 -2 -3 -3 -3],[-2 -2  0 -1 -2 -2  0 -2 -2],[-1  1  1  0 -2 -2 -1 -1 -2],[ 1  1  2  2  0  0  0  0  0],[ 1  2  2  2  0  0  0  0  0],[ 1  3  0  1  0  0  0  1  0],[ 1  3  2  1  0  0 -1  0  0],[ 1  3  2  2  0  0  0  0  0]]",True,"[-2,-2,-1,1,1,1,1,1,-2,1,1,2,3,3,3,1,2,2,0,2,2,2,2,1,1,2,0,0,0,0,0,0,0,-1,0,0]","[-2,-2,-1,1,1,1,1,1,-2,0,1,1,1,1,3,0,0,0,1,2,0,0,1,0,0,1,0,0,0,0,0,0,-1,0,0,0]",t^8+69t^6+408t^4+146t^2,"[-1,-1,-1,-1,-1,1,2,2,-1,0,0,0,1,0,3,0,0,0,1,0,1,0,0,0,0,1,0,0,1,1,0,2,1,0,0,-2]","[-2,-2,-1,1,1,1,1,1,-2,0,1,1,1,1,3,0,0,0,1,2,0,0,1,0,0,1,0,0,0,0,0,0,-1,0,0,0]","[-1,-1,-1,-1,-1,1,2,2,-1,0,0,0,1,2,3,0,0,0,1,0,3,0,0,2,2,1,0,2,2,2,2,2,3,1,1,-2]",c,"[[{8, 1}, {2, 7}, {3, 6}, {4, 5}], [{8, 1}, {2, 7}, {4, 6}, {3, 5}], [{8}, {2, 7}, {3, 6}, {4, 5}, {1}], [{8}, {2, 7}, {4, 6}, {3, 5}, {1}]]",1,4 K_1^3 - 4 K_1 K_2 - K_1 + K_3 + 1,O1O2O3O4U2U4U3O5O6U5O7U1U7O8U6U8,O1O2O3U2U1U3U4O5O6U5O7O4U7O8U6U8,O1O2O3U4U5O4U6O7O6U8O5O8U7U1U3U2,c,{'O1O2O3O4U5U6O5U7U4O7U8O6O8U2U1U3'},1,"<a href=""/flatknot/8.857911"">8.857911</a>",t^9-65t^7-138t^6+278t^5+436t^4-112t^3+58t^2-18t,-2t^2+4t,,
8.857912,O1O2O3O4U5U6O5U7U4O7U8O6O8U3U1U2,4,4z^3+32z^2+73z+51,4w^4z^3+32w^3z^2+73w^2z+51w,False,False,"[[ 0 -1  1  0  2 -1 -1 -1  1],[ 1  0  1  0  2  0  0  0  2],[-1 -1  0  0  2 -2 -2 -2  0],[ 0  0  0  0  2 -1 -1 -1  1],[-2 -2 -2 -2  0 -2  0 -2 -1],[ 1  0  2  1  2  0 -1  0  1],[ 1  0  2  1  0  1  0  0  1],[ 1  0  2  1  2  0  0  0  2],[-1 -2  0 -1  1 -1 -1 -2  0]]","[[ 0  2  1  1  0 -1 -1 -1 -1],[-2  0 -1 -2 -2  0 -2 -2 -2],[-1  1  0  0 -1 -1 -1 -2 -2],[-1  2  0  0  0 -2 -2 -1 -2],[ 0  2  1  0  0 -1 -1  0 -1],[ 1  0  1  2  1  0  1  0  0],[ 1  2  1  2  1 -1  0  0  0],[ 1  2  2  1  0  0  0  0  0],[ 1  2  2  2  1  0  0  0  0]]",True,"[-2,-1,-1,0,1,1,1,1,1,2,2,0,2,2,2,0,1,1,1,2,2,0,2,2,1,2,1,1,0,1,-1,0,0,0,0,0]","[-2,-1,-1,0,1,1,1,1,-1,0,0,1,1,1,3,0,1,0,0,1,0,0,0,1,0,1,0,0,1,0,0,0,0,0,-1,0]",t^8+49t^6+200t^4+81t^2+1,"[-1,-1,-1,-1,0,1,1,2,-1,0,0,0,0,1,3,0,0,0,0,1,1,0,0,0,0,1,1,1,0,1,1,0,0,0,-1,0]","[-2,-1,-1,0,1,1,1,1,-1,0,0,1,1,1,3,0,1,0,0,1,0,0,0,1,0,1,0,0,1,0,0,0,0,0,-1,0]","[-1,-1,-1,-1,0,1,1,2,-1,0,0,1,1,2,2,0,0,1,1,2,0,0,0,2,1,2,1,2,2,2,1,0,2,0,1,2]",c,"[[{8, 3}, {5, 7}, {4, 6}, {1, 2}], [{8, 3}, {6, 7}, {4, 5}, {1, 2}], [{8}, {5, 7}, {4, 6}, {3}, {1, 2}], [{8}, {6, 7}, {4, 5}, {3}, {1, 2}]]",1,4 K_1^3 - 2 K_1^2 - 4 K_1 K_2 - K_1 + K_2 + K_3 + 2,O1O2O3O4U3U4U2O5O6U5O7U1U7O8U6U8,O1O2O3U2U3U1U4O5O6U5O7O4U7O8U6U8,O1O2O3U4U5O4U6O7O6U8O5O8U7U3U1U2,c,"{'O1O2O3U4U5O4U6U3O6U7O5O7U8U1O8U2', 'O1O2O3O4U5U6O5U7U4O7U8O6O8U3U1U2'}",2,"<a href=""/flatknot/8.857912"">8.857912</a>",t^9-47t^7-90t^6+175t^5+182t^4-151t^3+12t^2-2t,-t^2+2t,,
8.857913,O1O2O3O4U5U6O5U7U8O7U1O6O8U2U3U4,4,z^2+22z+41,-2w^5z^3+2w^4z^3-24w^4z^2+25w^3z^2-38w^3z+60w^2z+41w,False,False,"[[ 0 -1 -1  1  3 -1 -1 -1  1],[ 1  0 -1  0  1  1  2  1  3],[ 1  1  0  1  2  0  1  0  3],[-1  0 -1  0  1 -2 -1 -2  1],[-3 -1 -2 -1  0 -4 -3 -4 -1],[ 1 -1  0  2  4  0 -1  0  1],[ 1 -2 -1  1  3  1  0  0  0],[ 1 -1  0  2  4  0  0  0  1],[-1 -3 -3 -1  1 -1  0 -1  0]]","[[ 0  3  1  1 -1 -1 -1 -1 -1],[-3  0 -1 -1 -1 -2 -3 -4 -4],[-1  1  0  1  0 -1 -1 -2 -2],[-1  1 -1  0 -3 -3  0 -1 -1],[ 1  1  0  3  0 -1  2  1  1],[ 1  2  1  3  1  0  1  0  0],[ 1  3  1  0 -2 -1  0  1  0],[ 1  4  2  1 -1  0 -1  0  0],[ 1  4  2  1 -1  0  0  0  0]]",True,"[-3,-1,-1,1,1,1,1,1,1,1,1,2,3,4,4,-1,0,1,1,2,2,3,3,0,1,1,1,-2,-1,-1,-1,0,0,-1,0,0]","[-3,-1,-1,1,1,1,1,1,1,1,0,0,1,2,3,-1,1,1,2,-1,-1,0,0,1,1,2,0,-1,0,-1,0,0,-1,-1,-2,1]",t^8+88t^6+1247t^4+429t^2,"[-1,-1,-1,-1,-1,1,1,3,-2,-1,-1,1,-1,2,3,-1,0,1,2,1,1,0,0,1,0,0,0,1,0,0,-1,1,2,1,1,1]","[-3,-1,-1,1,1,1,1,1,1,1,0,0,1,2,3,-1,1,1,2,-1,-1,0,0,1,1,2,0,-1,0,-1,0,0,-1,-1,-2,1]","[-1,-1,-1,-1,-1,1,1,3,-2,-1,0,1,0,1,3,-1,1,1,3,0,1,0,0,3,1,2,0,1,2,4,1,2,4,-1,1,1]",c,"[[{8, 1}, {2, 7}, {3, 6}, {4, 5}], [{8, 1}, {2, 7}, {4, 6}, {3, 5}], [{8, 1}, {2, 7}, {5, 6}, {3, 4}], [{8, 1}, {3, 7}, {2, 6}, {4, 5}], [{8, 1}, {3, 7}, {4, 6}, {2, 5}], [{8, 1}, {3, 7}, {5, 6}, {2, 4}], [{8, 1}, {4, 7}, {2, 6}, {3, 5}], [{8, 1}, {4, 7}, {3, 6}, {2, 5}], [{8, 1}, {4, 7}, {5, 6}, {2, 3}], [{8, 1}, {5, 7}, {2, 6}, {3, 4}], [{8, 1}, {5, 7}, {3, 6}, {2, 4}], [{8, 1}, {5, 7}, {4, 6}, {2, 3}], [{8, 1}, {5, 7}, {6}, {2, 4}, {3}], [{8, 1}, {6, 7}, {2, 5}, {3, 4}], [{8, 1}, {6, 7}, {2, 5}, {4}, {3}], [{8, 1}, {6, 7}, {3, 5}, {2, 4}], [{8, 1}, {6, 7}, {3, 5}, {4}, {2}], [{8, 1}, {6, 7}, {4, 5}, {2, 3}], [{8, 1}, {6, 7}, {4, 5}, {3}, {2}], [{8, 1}, {6, 7}, {5}, {2, 4}, {3}], [{8, 1}, {6, 7}, {5}, {3, 4}, {2}], [{8, 1}, {6, 7}, {5}, {4}, {2, 3}], [{8, 1}, {6, 7}, {5}, {4}, {3}, {2}], [{8, 1}, {7}, {5, 6}, {2, 4}, {3}], [{8, 2}, {1, 7}, {3, 6}, {4, 5}], [{8, 2}, {1, 7}, {4, 6}, {3, 5}], [{8, 2}, {1, 7}, {5, 6}, {3, 4}], [{8, 2}, {3, 7}, {1, 6}, {4, 5}], [{8, 2}, {3, 7}, {4, 6}, {1, 5}], [{8, 2}, {3, 7}, {4, 6}, {5}, {1}], [{8, 2}, {3, 7}, {5, 6}, {1, 4}], [{8, 2}, {4, 7}, {1, 6}, {3, 5}], [{8, 2}, {4, 7}, {1, 6}, {5}, {3}], [{8, 2}, {4, 7}, {3, 6}, {1, 5}], [{8, 2}, {4, 7}, {3, 6}, {5}, {1}], [{8, 2}, {4, 7}, {5, 6}, {1, 3}], [{8, 2}, {4, 7}, {6}, {5}, {1, 3}], [{8, 2}, {5, 7}, {1, 6}, {3, 4}], [{8, 2}, {5, 7}, {3, 6}, {1, 4}], [{8, 2}, {5, 7}, {4, 6}, {1, 3}], [{8, 2}, {5, 7}, {4, 6}, {3}, {1}], [{8, 2}, {6, 7}, {1, 5}, {3, 4}], [{8, 2}, {6, 7}, {1, 5}, {4}, {3}], [{8, 2}, {6, 7}, {3, 5}, {1, 4}], [{8, 2}, {6, 7}, {4, 5}, {1, 3}], [{8, 2}, {6, 7}, {4, 5}, {3}, {1}], [{8, 2}, {6, 7}, {5}, {1, 4}, {3}], [{8, 2}, {7}, {4, 6}, {3, 5}, {1}], [{8, 3}, {1, 7}, {2, 6}, {4, 5}], [{8, 3}, {1, 7}, {4, 6}, {2, 5}], [{8, 3}, {1, 7}, {5, 6}, {2, 4}], [{8, 3}, {1, 7}, {6}, {5}, {2, 4}], [{8, 3}, {2, 7}, {1, 6}, {4, 5}], [{8, 3}, {2, 7}, {4, 6}, {1, 5}], [{8, 3}, {2, 7}, {5, 6}, {1, 4}], [{8, 3}, {4, 7}, {1, 6}, {2, 5}], [{8, 3}, {4, 7}, {2, 6}, {1, 5}], [{8, 3}, {4, 7}, {5, 6}, {1, 2}], [{8, 3}, {5, 7}, {1, 6}, {2, 4}], [{8, 3}, {5, 7}, {2, 6}, {1, 4}], [{8, 3}, {5, 7}, {4, 6}, {1, 2}], [{8, 3}, {6, 7}, {1, 5}, {2, 4}], [{8, 3}, {6, 7}, {1, 5}, {4}, {2}], [{8, 3}, {6, 7}, {2, 5}, {1, 4}], [{8, 3}, {6, 7}, {4, 5}, {1, 2}], [{8, 3}, {6, 7}, {5}, {2, 4}, {1}], [{8, 3}, {7}, {1, 6}, {5}, {2, 4}], [{8, 4}, {1, 7}, {2, 6}, {3, 5}], [{8, 4}, {1, 7}, {3, 6}, {2, 5}], [{8, 4}, {1, 7}, {5, 6}, {2, 3}], [{8, 4}, {2, 7}, {1, 6}, {3, 5}], [{8, 4}, {2, 7}, {1, 6}, {5}, {3}], [{8, 4}, {2, 7}, {3, 6}, {1, 5}], [{8, 4}, {2, 7}, {5, 6}, {1, 3}], [{8, 4}, {3, 7}, {1, 6}, {2, 5}], [{8, 4}, {3, 7}, {2, 6}, {1, 5}], [{8, 4}, {3, 7}, {5, 6}, {1, 2}], [{8, 4}, {5, 7}, {1, 6}, {2, 3}], [{8, 4}, {5, 7}, {2, 6}, {1, 3}], [{8, 4}, {5, 7}, {3, 6}, {1, 2}], [{8, 4}, {6, 7}, {1, 5}, {2, 3}], [{8, 4}, {6, 7}, {1, 5}, {3}, {2}], [{8, 4}, {6, 7}, {2, 5}, {1, 3}], [{8, 4}, {6, 7}, {2, 5}, {3}, {1}], [{8, 4}, {6, 7}, {3, 5}, {1, 2}], [{8, 4}, {6, 7}, {5}, {3}, {1, 2}], [{8, 5}, {1, 7}, {2, 6}, {3, 4}], [{8, 5}, {1, 7}, {3, 6}, {2, 4}], [{8, 5}, {1, 7}, {4, 6}, {2, 3}], [{8, 5}, {1, 7}, {6}, {2, 4}, {3}], [{8, 5}, {2, 7}, {1, 6}, {3, 4}], [{8, 5}, {2, 7}, {3, 6}, {1, 4}], [{8, 5}, {2, 7}, {4, 6}, {1, 3}], [{8, 5}, {3, 7}, {1, 6}, {2, 4}], [{8, 5}, {3, 7}, {2, 6}, {1, 4}], [{8, 5}, {3, 7}, {4, 6}, {1, 2}], [{8, 5}, {4, 7}, {1, 6}, {2, 3}], [{8, 5}, {4, 7}, {2, 6}, {1, 3}], [{8, 5}, {4, 7}, {3, 6}, {1, 2}], [{8, 5}, {6, 7}, {1, 4}, {2, 3}], [{8, 5}, {6, 7}, {1, 4}, {3}, {2}], [{8, 5}, {6, 7}, {2, 4}, {1, 3}], [{8, 5}, {6, 7}, {2, 4}, {3}, {1}], [{8, 5}, {6, 7}, {3, 4}, {1, 2}], [{8, 5}, {6, 7}, {3, 4}, {2}, {1}], [{8, 5}, {6, 7}, {4}, {1, 3}, {2}], [{8, 5}, {6, 7}, {4}, {2, 3}, {1}], [{8, 5}, {6, 7}, {4}, {3}, {1, 2}], [{8, 5}, {6, 7}, {4}, {3}, {2}, {1}], [{8, 5}, {7}, {1, 6}, {2, 4}, {3}], [{8, 6}, {1, 7}, {2, 5}, {3, 4}], [{8, 6}, {1, 7}, {3, 5}, {2, 4}], [{8, 6}, {1, 7}, {4, 5}, {2, 3}], [{8, 6}, {1, 7}, {5}, {2, 4}, {3}], [{8, 6}, {2, 7}, {1, 5}, {3, 4}], [{8, 6}, {2, 7}, {3, 5}, {1, 4}], [{8, 6}, {2, 7}, {4, 5}, {1, 3}], [{8, 6}, {3, 7}, {1, 5}, {2, 4}], [{8, 6}, {3, 7}, {2, 5}, {1, 4}], [{8, 6}, {3, 7}, {4, 5}, {1, 2}], [{8, 6}, {4, 7}, {1, 5}, {2, 3}], [{8, 6}, {4, 7}, {2, 5}, {1, 3}], [{8, 6}, {4, 7}, {3, 5}, {1, 2}], [{8, 6}, {5, 7}, {1, 4}, {2, 3}], [{8, 6}, {5, 7}, {2, 4}, {1, 3}], [{8, 6}, {5, 7}, {2, 4}, {3}, {1}], [{8, 6}, {5, 7}, {3, 4}, {1, 2}], [{8, 6}, {7}, {1, 5}, {2, 4}, {3}], [{8, 6}, {7}, {5}, {1, 4}, {2, 3}], [{8, 7}, {1, 6}, {2, 5}, {3, 4}], [{8, 7}, {1, 6}, {2, 5}, {4}, {3}], [{8, 7}, {1, 6}, {3, 5}, {2, 4}], [{8, 7}, {1, 6}, {3, 5}, {4}, {2}], [{8, 7}, {1, 6}, {4, 5}, {2, 3}], [{8, 7}, {1, 6}, {4, 5}, {3}, {2}], [{8, 7}, {1, 6}, {5}, {2, 4}, {3}], [{8, 7}, {1, 6}, {5}, {3, 4}, {2}], [{8, 7}, {1, 6}, {5}, {4}, {2, 3}], [{8, 7}, {1, 6}, {5}, {4}, {3}, {2}], [{8, 7}, {2, 6}, {1, 5}, {3, 4}], [{8, 7}, {2, 6}, {3, 5}, {1, 4}], [{8, 7}, {2, 6}, {4, 5}, {1, 3}], [{8, 7}, {3, 6}, {1, 5}, {2, 4}], [{8, 7}, {3, 6}, {2, 5}, {1, 4}], [{8, 7}, {3, 6}, {4, 5}, {1, 2}], [{8, 7}, {4, 6}, {1, 5}, {2, 3}], [{8, 7}, {4, 6}, {2, 5}, {1, 3}], [{8, 7}, {4, 6}, {3, 5}, {1, 2}], [{8, 7}, {5, 6}, {1, 4}, {2, 3}], [{8, 7}, {5, 6}, {2, 4}, {1, 3}], [{8, 7}, {5, 6}, {2, 4}, {3}, {1}], [{8, 7}, {5, 6}, {3, 4}, {1, 2}], [{8, 7}, {6}, {1, 5}, {2, 4}, {3}], [{8}, {1, 7}, {2, 6}, {3, 5}, {4}], [{8}, {1, 7}, {3, 6}, {5}, {2, 4}], [{8}, {1, 7}, {4, 6}, {3, 5}, {2}], [{8}, {1, 7}, {5, 6}, {2, 4}, {3}], [{8}, {1, 7}, {6}, {3, 5}, {2, 4}], [{8}, {1, 7}, {6}, {5}, {2, 4}, {3}], [{8}, {3, 7}, {1, 6}, {5}, {2, 4}], [{8}, {4, 7}, {5, 6}, {1, 3}, {2}], [{8}, {5, 7}, {1, 6}, {2, 4}, {3}], [{8}, {5, 7}, {6}, {1, 4}, {2, 3}], [{8}, {6, 7}, {1, 5}, {2, 4}, {3}], [{8}, {6, 7}, {1, 5}, {3, 4}, {2}], [{8}, {6, 7}, {1, 5}, {4}, {2, 3}], [{8}, {6, 7}, {1, 5}, {4}, {3}, {2}], [{8}, {6, 7}, {2, 5}, {1, 4}, {3}], [{8}, {6, 7}, {3, 5}, {2, 4}, {1}], [{8}, {6, 7}, {4, 5}, {3}, {1, 2}], [{8}, {6, 7}, {5}, {2, 4}, {1, 3}], [{8}, {6, 7}, {5}, {2, 4}, {3}, {1}], [{8}, {7}, {1, 6}, {3, 5}, {2, 4}], [{8}, {7}, {1, 6}, {5}, {2, 4}, {3}]]",2,- 8 K_1^4 + 16 K_1^3 + 8 K_1^2 K_2 - 6 K_1^2 - 10 K_1 K_2 - 2 K_1 K_3 - 7 K_1 + 4 K_2 + K_3 + 5,O1O2O3O4U1U2U3O5O6U4O7U5U7O8U6U8,O1O2O3U4U1U2U3O5O6U5O7O8U7O4U6U8,O1O2O3U4U5O6U7O4O7U8O5O8U1U2U3U6,c,{'O1O2O3O4U5U6O5U7U8O7U1O6O8U2U3U4'},1,"<a href=""/flatknot/8.857913"">8.857913</a>",t^9-82t^7-204t^6+559t^5+1146t^4+173t^3-684t^2-356t+4,-t^3+3t,,
8.857914,O1O2O3O4U5U6O5U7U8O7U1O6O8U2U4U3,4,z^3+23z^2+97z+111,w^4z^3-2w^4z^2+25w^3z^2-6w^3z+103w^2z+111w,False,False,"[[ 0 -1 -1  2  2 -1 -1 -1  1],[ 1  0 -1  1  0  1  2  1  3],[ 1  1  0  2  1  0  1  0  3],[-2 -1 -2  0  0 -3 -2 -3  0],[-2  0 -1  0  0 -3 -2 -3  0],[ 1 -1  0  3  3  0 -1  0  1],[ 1 -2 -1  2  2  1  0  0  0],[ 1 -1  0  3  3  0  0  0  1],[-1 -3 -3  0  0 -1  0 -1  0]]","[[ 0  2  2  1 -1 -1 -1 -1 -1],[-2  0  0  0  0 -1 -2 -3 -3],[-2  0  0  0 -1 -2 -2 -3 -3],[-1  0  0  0 -3 -3  0 -1 -1],[ 1  0  1  3  0 -1  2  1  1],[ 1  1  2  3  1  0  1  0  0],[ 1  2  2  0 -2 -1  0  1  0],[ 1  3  3  1 -1  0 -1  0  0],[ 1  3  3  1 -1  0  0  0  0]]",True,"[-2,-2,-1,1,1,1,1,1,0,0,0,1,2,3,3,0,1,2,2,3,3,3,3,0,1,1,1,-2,-1,-1,-1,0,0,-1,0,0]","[-2,-2,-1,1,1,1,1,1,0,0,0,1,2,3,3,0,1,2,2,3,3,3,3,0,1,1,1,-2,-1,-1,-1,0,0,-1,0,0]",t^8+79t^6+1102t^4+398t^2+1,"[-1,-1,-1,-1,-1,1,2,2,-2,-1,-1,1,-1,2,3,-1,0,1,2,1,1,0,0,1,0,0,0,1,0,0,-1,1,2,1,1,0]","[-2,-2,-1,1,1,1,1,1,0,1,0,0,1,1,2,1,0,0,1,2,3,1,1,2,-1,-1,0,-1,0,-1,0,0,-1,-1,-2,1]","[-1,-1,-1,-1,-1,1,2,2,-2,-1,0,1,0,2,2,-1,1,1,3,0,1,0,0,3,1,2,0,1,3,3,1,3,3,0,0,0]",c,"[[{8, 2}, {6, 7}, {4, 5}, {1, 3}]]",1,- 8 K_1^2 - 12 K_1 K_2 + 6 K_1 + 4 K_2 + 6 K_3 + 5,O1O2O3O4U2U1U3O5O6U4O7U5U7O8U6U8,O1O2O3U4U1U3U2O5O6U5O7O8U7O4U6U8,O1O2O3U4U5O6U7O4O7U8O5O8U2U1U3U6,c,{'O1O2O3O4U5U6O5U7U8O7U1O6O8U2U4U3'},1,"<a href=""/flatknot/8.857914"">8.857914</a>",t^9-75t^7-112t^6+738t^5+736t^4+97t^3-90t^2-56t,-2t^2+4t,,
8.857915,O1O2O3O4U5U6O5U7U8O7U1O6O8U3U2U4,4,2z^3+25z^2+96z+109,2w^4z^3+25w^3z^2-8w^3z+104w^2z+109w,False,False,"[[ 0 -1  0  0  3 -1 -1 -1  1],[ 1  0  0 -1  1  1  2  1  3],[ 0  0  0  0  2 -1  0 -1  2],[ 0  1  0  0  1 -1  0 -1  2],[-3 -1 -2 -1  0 -4 -3 -4 -1],[ 1 -1  1  1  4  0 -1  0  1],[ 1 -2  0  0  3  1  0  0  0],[ 1 -1  1  1  4  0  0  0  1],[-1 -3 -2 -2  1 -1  0 -1  0]]","[[ 0  3  1  0  0 -1 -1 -1 -1],[-3  0 -1 -1 -2 -1 -3 -4 -4],[-1  1  0 -2 -2 -3  0 -1 -1],[ 0  1  2  0  0  1  0 -1 -1],[ 0  2  2  0  0  0  0 -1 -1],[ 1  1  3 -1  0  0  2  1  1],[ 1  3  0  0  0 -2  0  1  0],[ 1  4  1  1  1 -1 -1  0  0],[ 1  4  1  1  1 -1  0  0  0]]",True,"[-3,-1,0,0,1,1,1,1,1,1,2,1,3,4,4,2,2,3,0,1,1,0,-1,0,1,1,0,0,1,1,-2,-1,-1,-1,0,0]","[-3,-1,0,0,1,1,1,1,1,1,2,0,0,1,3,-1,-1,1,1,2,-1,0,0,0,1,1,0,0,1,2,0,-1,-1,0,-1,-2]",t^8+79t^6+1083t^4+397t^2+4,"[-1,-1,-1,-1,0,0,1,3,-2,-1,-1,1,2,-1,3,-1,0,1,1,2,1,0,0,0,1,0,0,0,1,0,0,-1,1,-1,2,1]","[-3,-1,0,0,1,1,1,1,1,1,2,0,0,1,3,-1,-1,1,1,2,-1,0,0,0,1,1,0,0,1,2,0,-1,-1,0,-1,-2]","[-1,-1,-1,-1,0,0,1,3,-2,0,1,0,0,0,3,1,1,-1,0,3,1,0,1,1,1,4,1,1,1,4,0,2,1,2,2,1]",c,"[[{8, 1}, {2, 7}, {3, 6}, {4, 5}], [{8, 1}, {2, 7}, {4, 6}, {3, 5}], [{8, 1}, {2, 7}, {5, 6}, {3, 4}], [{8, 1}, {3, 7}, {2, 6}, {4, 5}], [{8, 1}, {3, 7}, {4, 6}, {2, 5}], [{8, 1}, {3, 7}, {4, 6}, {5}, {2}], [{8, 1}, {3, 7}, {5, 6}, {2, 4}], [{8, 1}, {3, 7}, {6}, {2, 5}, {4}], [{8, 1}, {4, 7}, {2, 6}, {3, 5}], [{8, 1}, {4, 7}, {3, 6}, {2, 5}], [{8, 1}, {4, 7}, {5, 6}, {2, 3}], [{8, 1}, {5, 7}, {2, 6}, {3, 4}], [{8, 1}, {5, 7}, {3, 6}, {2, 4}], [{8, 1}, {5, 7}, {4, 6}, {2, 3}], [{8, 1}, {6, 7}, {2, 5}, {3, 4}], [{8, 1}, {6, 7}, {3, 5}, {2, 4}], [{8, 1}, {6, 7}, {4, 5}, {2, 3}], [{8, 1}, {6, 7}, {5}, {4}, {2, 3}], [{8, 1}, {7}, {3, 6}, {5}, {2, 4}], [{8, 2}, {1, 7}, {3, 6}, {4, 5}], [{8, 2}, {1, 7}, {4, 6}, {3, 5}], [{8, 2}, {1, 7}, {5, 6}, {3, 4}], [{8, 2}, {1, 7}, {6}, {5}, {3, 4}], [{8, 2}, {3, 7}, {1, 6}, {4, 5}], [{8, 2}, {3, 7}, {1, 6}, {5}, {4}], [{8, 2}, {3, 7}, {4, 6}, {1, 5}], [{8, 2}, {3, 7}, {5, 6}, {1, 4}], [{8, 2}, {4, 7}, {1, 6}, {3, 5}], [{8, 2}, {4, 7}, {1, 6}, {5}, {3}], [{8, 2}, {4, 7}, {3, 6}, {1, 5}], [{8, 2}, {4, 7}, {5, 6}, {1, 3}], [{8, 2}, {5, 7}, {1, 6}, {3, 4}], [{8, 2}, {5, 7}, {3, 6}, {1, 4}], [{8, 2}, {5, 7}, {4, 6}, {1, 3}], [{8, 2}, {5, 7}, {6}, {1, 4}, {3}], [{8, 2}, {6, 7}, {1, 5}, {3, 4}], [{8, 2}, {6, 7}, {1, 5}, {4}, {3}], [{8, 2}, {6, 7}, {3, 5}, {1, 4}], [{8, 2}, {6, 7}, {4, 5}, {1, 3}], [{8, 2}, {6, 7}, {5}, {3, 4}, {1}], [{8, 2}, {7}, {1, 6}, {5}, {3, 4}], [{8, 3}, {1, 7}, {2, 6}, {4, 5}], [{8, 3}, {1, 7}, {4, 6}, {2, 5}], [{8, 3}, {1, 7}, {5, 6}, {2, 4}], [{8, 3}, {2, 7}, {1, 6}, {4, 5}], [{8, 3}, {2, 7}, {4, 6}, {1, 5}], [{8, 3}, {2, 7}, {4, 6}, {5}, {1}], [{8, 3}, {2, 7}, {5, 6}, {1, 4}], [{8, 3}, {2, 7}, {5, 6}, {4}, {1}], [{8, 3}, {2, 7}, {6}, {4, 5}, {1}], [{8, 3}, {4, 7}, {1, 6}, {2, 5}], [{8, 3}, {4, 7}, {2, 6}, {1, 5}], [{8, 3}, {4, 7}, {2, 6}, {5}, {1}], [{8, 3}, {4, 7}, {5, 6}, {1, 2}], [{8, 3}, {5, 7}, {1, 6}, {2, 4}], [{8, 3}, {5, 7}, {1, 6}, {4}, {2}], [{8, 3}, {5, 7}, {2, 6}, {1, 4}], [{8, 3}, {5, 7}, {4, 6}, {1, 2}], [{8, 3}, {5, 7}, {4, 6}, {2}, {1}], [{8, 3}, {5, 7}, {6}, {1, 4}, {2}], [{8, 3}, {6, 7}, {1, 5}, {2, 4}], [{8, 3}, {6, 7}, {1, 5}, {4}, {2}], [{8, 3}, {6, 7}, {2, 5}, {1, 4}], [{8, 3}, {6, 7}, {4, 5}, {1, 2}], [{8, 3}, {7}, {4, 6}, {2, 5}, {1}], [{8, 4}, {1, 7}, {2, 6}, {3, 5}], [{8, 4}, {1, 7}, {3, 6}, {2, 5}], [{8, 4}, {1, 7}, {5, 6}, {2, 3}], [{8, 4}, {2, 7}, {1, 6}, {3, 5}], [{8, 4}, {2, 7}, {3, 6}, {1, 5}], [{8, 4}, {2, 7}, {5, 6}, {1, 3}], [{8, 4}, {3, 7}, {1, 6}, {2, 5}], [{8, 4}, {3, 7}, {2, 6}, {1, 5}], [{8, 4}, {3, 7}, {5, 6}, {1, 2}], [{8, 4}, {3, 7}, {5, 6}, {2}, {1}], [{8, 4}, {5, 7}, {1, 6}, {2, 3}], [{8, 4}, {5, 7}, {2, 6}, {1, 3}], [{8, 4}, {5, 7}, {3, 6}, {1, 2}], [{8, 4}, {6, 7}, {1, 5}, {2, 3}], [{8, 4}, {6, 7}, {2, 5}, {1, 3}], [{8, 4}, {6, 7}, {3, 5}, {1, 2}], [{8, 4}, {6, 7}, {5}, {1, 3}, {2}], [{8, 5}, {1, 7}, {2, 6}, {3, 4}], [{8, 5}, {1, 7}, {3, 6}, {2, 4}], [{8, 5}, {1, 7}, {3, 6}, {4}, {2}], [{8, 5}, {1, 7}, {4, 6}, {2, 3}], [{8, 5}, {1, 7}, {4, 6}, {3}, {2}], [{8, 5}, {1, 7}, {6}, {3, 4}, {2}], [{8, 5}, {2, 7}, {1, 6}, {3, 4}], [{8, 5}, {2, 7}, {1, 6}, {4}, {3}], [{8, 5}, {2, 7}, {3, 6}, {1, 4}], [{8, 5}, {2, 7}, {4, 6}, {1, 3}], [{8, 5}, {3, 7}, {1, 6}, {2, 4}], [{8, 5}, {3, 7}, {2, 6}, {1, 4}], [{8, 5}, {3, 7}, {4, 6}, {1, 2}], [{8, 5}, {4, 7}, {1, 6}, {2, 3}], [{8, 5}, {4, 7}, {1, 6}, {3}, {2}], [{8, 5}, {4, 7}, {2, 6}, {1, 3}], [{8, 5}, {4, 7}, {3, 6}, {1, 2}], [{8, 5}, {6, 7}, {1, 4}, {2, 3}], [{8, 5}, {6, 7}, {1, 4}, {3}, {2}], [{8, 5}, {6, 7}, {2, 4}, {1, 3}], [{8, 5}, {6, 7}, {3, 4}, {1, 2}], [{8, 5}, {6, 7}, {4}, {2, 3}, {1}], [{8, 5}, {7}, {1, 6}, {2, 4}, {3}], [{8, 6}, {1, 7}, {2, 5}, {3, 4}], [{8, 6}, {1, 7}, {3, 5}, {2, 4}], [{8, 6}, {1, 7}, {3, 5}, {4}, {2}], [{8, 6}, {1, 7}, {4, 5}, {2, 3}], [{8, 6}, {1, 7}, {4, 5}, {3}, {2}], [{8, 6}, {1, 7}, {5}, {3, 4}, {2}], [{8, 6}, {2, 7}, {1, 5}, {3, 4}], [{8, 6}, {2, 7}, {3, 5}, {1, 4}], [{8, 6}, {2, 7}, {4, 5}, {1, 3}], [{8, 6}, {2, 7}, {5}, {1, 4}, {3}], [{8, 6}, {3, 7}, {1, 5}, {2, 4}], [{8, 6}, {3, 7}, {1, 5}, {4}, {2}], [{8, 6}, {3, 7}, {2, 5}, {1, 4}], [{8, 6}, {3, 7}, {4, 5}, {1, 2}], [{8, 6}, {3, 7}, {4, 5}, {2}, {1}], [{8, 6}, {3, 7}, {5}, {1, 4}, {2}], [{8, 6}, {4, 7}, {1, 5}, {2, 3}], [{8, 6}, {4, 7}, {1, 5}, {3}, {2}], [{8, 6}, {4, 7}, {2, 5}, {1, 3}], [{8, 6}, {4, 7}, {3, 5}, {1, 2}], [{8, 6}, {4, 7}, {3, 5}, {2}, {1}], [{8, 6}, {4, 7}, {5}, {1, 3}, {2}], [{8, 6}, {5, 7}, {1, 4}, {2, 3}], [{8, 6}, {5, 7}, {1, 4}, {3}, {2}], [{8, 6}, {5, 7}, {2, 4}, {1, 3}], [{8, 6}, {5, 7}, {3, 4}, {1, 2}], [{8, 6}, {5, 7}, {3, 4}, {2}, {1}], [{8, 6}, {5, 7}, {4}, {1, 3}, {2}], [{8, 6}, {7}, {1, 5}, {3, 4}, {2}], [{8, 6}, {7}, {2, 5}, {1, 4}, {3}], [{8, 6}, {7}, {3, 5}, {1, 4}, {2}], [{8, 6}, {7}, {4, 5}, {1, 3}, {2}], [{8, 6}, {7}, {5}, {1, 4}, {2, 3}], [{8, 6}, {7}, {5}, {1, 4}, {3}, {2}], [{8, 7}, {1, 6}, {2, 5}, {3, 4}], [{8, 7}, {1, 6}, {3, 5}, {2, 4}], [{8, 7}, {1, 6}, {4, 5}, {2, 3}], [{8, 7}, {1, 6}, {4, 5}, {3}, {2}], [{8, 7}, {1, 6}, {5}, {4}, {2, 3}], [{8, 7}, {2, 6}, {1, 5}, {3, 4}], [{8, 7}, {2, 6}, {3, 5}, {1, 4}], [{8, 7}, {2, 6}, {4, 5}, {1, 3}], [{8, 7}, {2, 6}, {5}, {4}, {1, 3}], [{8, 7}, {3, 6}, {1, 5}, {2, 4}], [{8, 7}, {3, 6}, {2, 5}, {1, 4}], [{8, 7}, {3, 6}, {4, 5}, {1, 2}], [{8, 7}, {4, 6}, {1, 5}, {2, 3}], [{8, 7}, {4, 6}, {1, 5}, {3}, {2}], [{8, 7}, {4, 6}, {2, 5}, {1, 3}], [{8, 7}, {4, 6}, {2, 5}, {3}, {1}], [{8, 7}, {4, 6}, {3, 5}, {1, 2}], [{8, 7}, {4, 6}, {5}, {3}, {1, 2}], [{8, 7}, {5, 6}, {1, 4}, {2, 3}], [{8, 7}, {5, 6}, {1, 4}, {3}, {2}], [{8, 7}, {5, 6}, {2, 4}, {1, 3}], [{8, 7}, {5, 6}, {3, 4}, {1, 2}], [{8}, {1, 7}, {2, 6}, {5}, {3, 4}], [{8}, {1, 7}, {5, 6}, {3, 4}, {2}], [{8}, {1, 7}, {6}, {2, 5}, {3, 4}], [{8}, {1, 7}, {6}, {5}, {3, 4}, {2}], [{8}, {3, 7}, {4, 6}, {2, 5}, {1}], [{8}, {4, 7}, {1, 6}, {2, 5}, {3}], [{8}, {5, 7}, {2, 6}, {1, 4}, {3}], [{8}, {5, 7}, {3, 6}, {1, 4}, {2}], [{8}, {5, 7}, {6}, {1, 4}, {2, 3}], [{8}, {5, 7}, {6}, {1, 4}, {3}, {2}], [{8}, {6, 7}, {1, 5}, {4}, {2, 3}]]",2,- 4 K_1^2 - 6 K_1 K_2 - 4 K_1 K_3 + 3 K_1 + 4 K_2 + 3 K_3 + 2 K_4 + 3,O1O2O3O4U1U3U2O5O6U4O7U5U7O8U6U8,O1O2O3U4U2U1U3O5O6U5O7O8U7O4U6U8,O1O2O3U4U5O6U7O4O7U8O5O8U1U3U2U6,c,{'O1O2O3O4U5U6O5U7U8O7U1O6O8U3U2U4'},1,"<a href=""/flatknot/8.857915"">8.857915</a>",t^9-73t^7-188t^6+451t^5+1128t^4-766t^3-1430t^2-175t+38,-t^3+3t,,
8.857916,O1O2O3O4U5U6O5U7U8O7U1O6O8U3U4U2,3,15z^2+84z+109,-2w^4z^2+17w^3z^2-14w^3z+98w^2z+109w,False,False,"[[ 0 -1  1  0  2 -1 -1 -1  1],[ 1  0  1 -1  0  1  2  1  3],[-1 -1  0 -1  1 -2 -1 -2  1],[ 0  1  1  0  1 -1  0 -1  2],[-2  0 -1 -1  0 -3 -2 -3  0],[ 1 -1  2  1  3  0 -1  0  1],[ 1 -2  1  0  2  1  0  0  0],[ 1 -1  2  1  3  0  0  0  1],[-1 -3 -1 -2  0 -1  0 -1  0]]","[[ 0  2  1  1  0 -1 -1 -1 -1],[-2  0  0 -1 -1  0 -2 -3 -3],[-1  0  0 -1 -2 -3  0 -1 -1],[-1  1  1  0 -1 -1 -1 -2 -2],[ 0  1  2  1  0  1  0 -1 -1],[ 1  0  3  1 -1  0  2  1  1],[ 1  2  0  1  0 -2  0  1  0],[ 1  3  1  2  1 -1 -1  0  0],[ 1  3  1  2  1 -1  0  0  0]]",True,"[-2,-1,-1,0,1,1,1,1,0,1,1,0,2,3,3,1,2,3,0,1,1,1,1,1,2,2,-1,0,1,1,-2,-1,-1,-1,0,0]","[-2,-1,-1,0,1,1,1,1,0,1,1,0,0,1,3,1,0,0,0,1,1,-1,1,1,2,-1,0,0,1,2,0,-1,-1,0,-1,-2]",t^8+61t^6+745t^4+274t^2,"[-1,-1,-1,-1,0,1,1,2,-2,-1,-1,2,-1,1,3,-1,0,1,2,1,1,0,0,1,0,0,0,1,0,0,-1,0,1,1,1,0]","[-2,-1,-1,0,1,1,1,1,0,1,1,0,0,1,3,1,0,0,0,1,1,-1,1,1,2,-1,0,0,1,2,0,-1,-1,0,-1,-2]","[-1,-1,-1,-1,0,1,1,2,-2,0,1,0,0,1,2,1,1,-1,3,1,0,0,1,1,2,3,1,1,2,3,2,1,1,-1,0,1]",c,"[[{8, 1}, {2, 7}, {3, 6}, {4, 5}], [{8, 1}, {2, 7}, {3, 6}, {5}, {4}], [{8, 1}, {2, 7}, {4, 6}, {3, 5}], [{8, 1}, {2, 7}, {5, 6}, {3, 4}], [{8, 1}, {3, 7}, {2, 6}, {4, 5}], [{8, 1}, {3, 7}, {4, 6}, {2, 5}], [{8, 1}, {3, 7}, {4, 6}, {5}, {2}], [{8, 1}, {3, 7}, {5, 6}, {2, 4}], [{8, 1}, {3, 7}, {6}, {2, 5}, {4}], [{8, 1}, {4, 7}, {2, 6}, {3, 5}], [{8, 1}, {4, 7}, {3, 6}, {2, 5}], [{8, 1}, {4, 7}, {3, 6}, {5}, {2}], [{8, 1}, {4, 7}, {5, 6}, {2, 3}], [{8, 1}, {4, 7}, {6}, {2, 5}, {3}], [{8, 1}, {5, 7}, {2, 6}, {3, 4}], [{8, 1}, {5, 7}, {3, 6}, {2, 4}], [{8, 1}, {5, 7}, {3, 6}, {4}, {2}], [{8, 1}, {5, 7}, {4, 6}, {2, 3}], [{8, 1}, {6, 7}, {2, 5}, {3, 4}], [{8, 1}, {6, 7}, {2, 5}, {4}, {3}], [{8, 1}, {6, 7}, {3, 5}, {2, 4}], [{8, 1}, {6, 7}, {4, 5}, {2, 3}], [{8, 1}, {6, 7}, {5}, {3, 4}, {2}], [{8, 1}, {7}, {3, 6}, {2, 5}, {4}], [{8, 1}, {7}, {3, 6}, {4, 5}, {2}], [{8, 1}, {7}, {3, 6}, {5}, {2, 4}], [{8, 1}, {7}, {3, 6}, {5}, {4}, {2}], [{8, 1}, {7}, {4, 6}, {2, 5}, {3}], [{8, 1}, {7}, {6}, {2, 5}, {3, 4}], [{8, 2}, {1, 7}, {3, 6}, {4, 5}], [{8, 2}, {1, 7}, {3, 6}, {5}, {4}], [{8, 2}, {1, 7}, {4, 6}, {3, 5}], [{8, 2}, {1, 7}, {4, 6}, {5}, {3}], [{8, 2}, {1, 7}, {5, 6}, {3, 4}], [{8, 2}, {1, 7}, {5, 6}, {4}, {3}], [{8, 2}, {1, 7}, {6}, {3, 5}, {4}], [{8, 2}, {1, 7}, {6}, {4, 5}, {3}], [{8, 2}, {1, 7}, {6}, {5}, {3, 4}], [{8, 2}, {1, 7}, {6}, {5}, {4}, {3}], [{8, 2}, {3, 7}, {1, 6}, {4, 5}], [{8, 2}, {3, 7}, {4, 6}, {1, 5}], [{8, 2}, {3, 7}, {5, 6}, {1, 4}], [{8, 2}, {4, 7}, {1, 6}, {3, 5}], [{8, 2}, {4, 7}, {3, 6}, {1, 5}], [{8, 2}, {4, 7}, {5, 6}, {1, 3}], [{8, 2}, {4, 7}, {6}, {3, 5}, {1}], [{8, 2}, {5, 7}, {1, 6}, {3, 4}], [{8, 2}, {5, 7}, {3, 6}, {1, 4}], [{8, 2}, {5, 7}, {4, 6}, {1, 3}], [{8, 2}, {6, 7}, {1, 5}, {3, 4}], [{8, 2}, {6, 7}, {3, 5}, {1, 4}], [{8, 2}, {6, 7}, {4, 5}, {1, 3}], [{8, 2}, {6, 7}, {5}, {3, 4}, {1}], [{8, 2}, {7}, {1, 6}, {5}, {3, 4}], [{8, 2}, {7}, {6}, {3, 5}, {1, 4}], [{8, 3}, {1, 7}, {2, 6}, {4, 5}], [{8, 3}, {1, 7}, {2, 6}, {5}, {4}], [{8, 3}, {1, 7}, {4, 6}, {2, 5}], [{8, 3}, {1, 7}, {4, 6}, {5}, {2}], [{8, 3}, {1, 7}, {5, 6}, {2, 4}], [{8, 3}, {1, 7}, {5, 6}, {4}, {2}], [{8, 3}, {1, 7}, {6}, {2, 5}, {4}], [{8, 3}, {1, 7}, {6}, {4, 5}, {2}], [{8, 3}, {1, 7}, {6}, {5}, {2, 4}], [{8, 3}, {1, 7}, {6}, {5}, {4}, {2}], [{8, 3}, {2, 7}, {1, 6}, {4, 5}], [{8, 3}, {2, 7}, {1, 6}, {5}, {4}], [{8, 3}, {2, 7}, {4, 6}, {1, 5}], [{8, 3}, {2, 7}, {5, 6}, {1, 4}], [{8, 3}, {4, 7}, {1, 6}, {2, 5}], [{8, 3}, {4, 7}, {1, 6}, {5}, {2}], [{8, 3}, {4, 7}, {2, 6}, {1, 5}], [{8, 3}, {4, 7}, {5, 6}, {1, 2}], [{8, 3}, {4, 7}, {6}, {2, 5}, {1}], [{8, 3}, {5, 7}, {1, 6}, {2, 4}], [{8, 3}, {5, 7}, {1, 6}, {4}, {2}], [{8, 3}, {5, 7}, {2, 6}, {1, 4}], [{8, 3}, {5, 7}, {4, 6}, {1, 2}], [{8, 3}, {6, 7}, {1, 5}, {2, 4}], [{8, 3}, {6, 7}, {1, 5}, {4}, {2}], [{8, 3}, {6, 7}, {2, 5}, {1, 4}], [{8, 3}, {6, 7}, {2, 5}, {4}, {1}], [{8, 3}, {6, 7}, {4, 5}, {1, 2}], [{8, 3}, {6, 7}, {4, 5}, {2}, {1}], [{8, 3}, {6, 7}, {5}, {1, 4}, {2}], [{8, 3}, {6, 7}, {5}, {2, 4}, {1}], [{8, 3}, {6, 7}, {5}, {4}, {1, 2}], [{8, 3}, {6, 7}, {5}, {4}, {2}, {1}], [{8, 3}, {7}, {1, 6}, {2, 5}, {4}], [{8, 3}, {7}, {1, 6}, {4, 5}, {2}], [{8, 3}, {7}, {1, 6}, {5}, {2, 4}], [{8, 3}, {7}, {1, 6}, {5}, {4}, {2}], [{8, 3}, {7}, {4, 6}, {2, 5}, {1}], [{8, 3}, {7}, {6}, {2, 5}, {1, 4}], [{8, 4}, {1, 7}, {2, 6}, {3, 5}], [{8, 4}, {1, 7}, {2, 6}, {5}, {3}], [{8, 4}, {1, 7}, {3, 6}, {2, 5}], [{8, 4}, {1, 7}, {3, 6}, {5}, {2}], [{8, 4}, {1, 7}, {5, 6}, {2, 3}], [{8, 4}, {1, 7}, {5, 6}, {3}, {2}], [{8, 4}, {1, 7}, {6}, {2, 5}, {3}], [{8, 4}, {1, 7}, {6}, {3, 5}, {2}], [{8, 4}, {1, 7}, {6}, {5}, {2, 3}], [{8, 4}, {1, 7}, {6}, {5}, {3}, {2}], [{8, 4}, {2, 7}, {1, 6}, {3, 5}], [{8, 4}, {2, 7}, {1, 6}, {5}, {3}], [{8, 4}, {2, 7}, {3, 6}, {1, 5}], [{8, 4}, {2, 7}, {5, 6}, {1, 3}], [{8, 4}, {3, 7}, {1, 6}, {2, 5}], [{8, 4}, {3, 7}, {1, 6}, {5}, {2}], [{8, 4}, {3, 7}, {2, 6}, {1, 5}], [{8, 4}, {3, 7}, {5, 6}, {1, 2}], [{8, 4}, {3, 7}, {6}, {2, 5}, {1}], [{8, 4}, {5, 7}, {1, 6}, {2, 3}], [{8, 4}, {5, 7}, {1, 6}, {3}, {2}], [{8, 4}, {5, 7}, {2, 6}, {1, 3}], [{8, 4}, {5, 7}, {3, 6}, {1, 2}], [{8, 4}, {6, 7}, {1, 5}, {2, 3}], [{8, 4}, {6, 7}, {1, 5}, {3}, {2}], [{8, 4}, {6, 7}, {2, 5}, {1, 3}], [{8, 4}, {6, 7}, {2, 5}, {3}, {1}], [{8, 4}, {6, 7}, {3, 5}, {1, 2}], [{8, 4}, {6, 7}, {3, 5}, {2}, {1}], [{8, 4}, {6, 7}, {5}, {1, 3}, {2}], [{8, 4}, {6, 7}, {5}, {2, 3}, {1}], [{8, 4}, {6, 7}, {5}, {3}, {1, 2}], [{8, 4}, {6, 7}, {5}, {3}, {2}, {1}], [{8, 4}, {7}, {1, 6}, {2, 5}, {3}], [{8, 4}, {7}, {1, 6}, {3, 5}, {2}], [{8, 4}, {7}, {1, 6}, {5}, {2, 3}], [{8, 4}, {7}, {1, 6}, {5}, {3}, {2}], [{8, 4}, {7}, {3, 6}, {2, 5}, {1}], [{8, 4}, {7}, {6}, {2, 5}, {1, 3}], [{8, 5}, {1, 7}, {2, 6}, {3, 4}], [{8, 5}, {1, 7}, {2, 6}, {4}, {3}], [{8, 5}, {1, 7}, {3, 6}, {2, 4}], [{8, 5}, {1, 7}, {3, 6}, {4}, {2}], [{8, 5}, {1, 7}, {4, 6}, {2, 3}], [{8, 5}, {1, 7}, {4, 6}, {3}, {2}], [{8, 5}, {1, 7}, {6}, {2, 4}, {3}], [{8, 5}, {1, 7}, {6}, {3, 4}, {2}], [{8, 5}, {1, 7}, {6}, {4}, {2, 3}], [{8, 5}, {1, 7}, {6}, {4}, {3}, {2}], [{8, 5}, {2, 7}, {1, 6}, {3, 4}], [{8, 5}, {2, 7}, {3, 6}, {1, 4}], [{8, 5}, {2, 7}, {4, 6}, {1, 3}], [{8, 5}, {3, 7}, {1, 6}, {2, 4}], [{8, 5}, {3, 7}, {2, 6}, {1, 4}], [{8, 5}, {3, 7}, {4, 6}, {1, 2}], [{8, 5}, {4, 7}, {1, 6}, {2, 3}], [{8, 5}, {4, 7}, {2, 6}, {1, 3}], [{8, 5}, {4, 7}, {2, 6}, {3}, {1}], [{8, 5}, {4, 7}, {3, 6}, {1, 2}], [{8, 5}, {6, 7}, {1, 4}, {2, 3}], [{8, 5}, {6, 7}, {2, 4}, {1, 3}], [{8, 5}, {6, 7}, {3, 4}, {1, 2}], [{8, 5}, {6, 7}, {3, 4}, {2}, {1}], [{8, 5}, {7}, {1, 6}, {3, 4}, {2}], [{8, 5}, {7}, {2, 6}, {1, 4}, {3}], [{8, 6}, {1, 7}, {2, 5}, {3, 4}], [{8, 6}, {1, 7}, {2, 5}, {4}, {3}], [{8, 6}, {1, 7}, {3, 5}, {2, 4}], [{8, 6}, {1, 7}, {3, 5}, {4}, {2}], [{8, 6}, {1, 7}, {4, 5}, {2, 3}], [{8, 6}, {1, 7}, {4, 5}, {3}, {2}], [{8, 6}, {1, 7}, {5}, {2, 4}, {3}], [{8, 6}, {1, 7}, {5}, {3, 4}, {2}], [{8, 6}, {1, 7}, {5}, {4}, {2, 3}], [{8, 6}, {1, 7}, {5}, {4}, {3}, {2}], [{8, 6}, {2, 7}, {1, 5}, {3, 4}], [{8, 6}, {2, 7}, {3, 5}, {1, 4}], [{8, 6}, {2, 7}, {4, 5}, {1, 3}], [{8, 6}, {3, 7}, {1, 5}, {2, 4}], [{8, 6}, {3, 7}, {2, 5}, {1, 4}], [{8, 6}, {3, 7}, {2, 5}, {4}, {1}], [{8, 6}, {3, 7}, {4, 5}, {1, 2}], [{8, 6}, {3, 7}, {5}, {1, 4}, {2}], [{8, 6}, {4, 7}, {1, 5}, {2, 3}], [{8, 6}, {4, 7}, {2, 5}, {1, 3}], [{8, 6}, {4, 7}, {2, 5}, {3}, {1}], [{8, 6}, {4, 7}, {3, 5}, {1, 2}], [{8, 6}, {4, 7}, {5}, {1, 3}, {2}], [{8, 6}, {5, 7}, {1, 4}, {2, 3}], [{8, 6}, {5, 7}, {2, 4}, {1, 3}], [{8, 6}, {5, 7}, {3, 4}, {1, 2}], [{8, 6}, {5, 7}, {4}, {2, 3}, {1}], [{8, 6}, {7}, {1, 5}, {4}, {2, 3}], [{8, 6}, {7}, {2, 5}, {1, 4}, {3}], [{8, 6}, {7}, {2, 5}, {3, 4}, {1}], [{8, 6}, {7}, {2, 5}, {4}, {1, 3}], [{8, 7}, {1, 6}, {2, 5}, {3, 4}], [{8, 7}, {1, 6}, {2, 5}, {4}, {3}], [{8, 7}, {1, 6}, {3, 5}, {2, 4}], [{8, 7}, {1, 6}, {4, 5}, {2, 3}], [{8, 7}, {1, 6}, {5}, {3, 4}, {2}], [{8, 7}, {2, 6}, {1, 5}, {3, 4}], [{8, 7}, {2, 6}, {3, 5}, {1, 4}], [{8, 7}, {2, 6}, {4, 5}, {1, 3}], [{8, 7}, {3, 6}, {1, 5}, {2, 4}], [{8, 7}, {3, 6}, {1, 5}, {4}, {2}], [{8, 7}, {3, 6}, {2, 5}, {1, 4}], [{8, 7}, {3, 6}, {2, 5}, {4}, {1}], [{8, 7}, {3, 6}, {4, 5}, {1, 2}], [{8, 7}, {3, 6}, {4, 5}, {2}, {1}], [{8, 7}, {3, 6}, {5}, {1, 4}, {2}], [{8, 7}, {3, 6}, {5}, {2, 4}, {1}], [{8, 7}, {3, 6}, {5}, {4}, {1, 2}], [{8, 7}, {3, 6}, {5}, {4}, {2}, {1}], [{8, 7}, {4, 6}, {1, 5}, {2, 3}], [{8, 7}, {4, 6}, {2, 5}, {1, 3}], [{8, 7}, {4, 6}, {2, 5}, {3}, {1}], [{8, 7}, {4, 6}, {3, 5}, {1, 2}], [{8, 7}, {4, 6}, {5}, {1, 3}, {2}], [{8, 7}, {5, 6}, {1, 4}, {2, 3}], [{8, 7}, {5, 6}, {2, 4}, {1, 3}], [{8, 7}, {5, 6}, {3, 4}, {1, 2}], [{8, 7}, {6}, {2, 5}, {1, 4}, {3}], [{8, 7}, {6}, {2, 5}, {3, 4}, {1}], [{8, 7}, {6}, {2, 5}, {4}, {1, 3}], [{8}, {1, 7}, {2, 6}, {3, 5}, {4}], [{8}, {1, 7}, {2, 6}, {4, 5}, {3}], [{8}, {1, 7}, {2, 6}, {5}, {3, 4}], [{8}, {1, 7}, {2, 6}, {5}, {4}, {3}], [{8}, {1, 7}, {3, 6}, {2, 5}, {4}], [{8}, {1, 7}, {3, 6}, {4, 5}, {2}], [{8}, {1, 7}, {3, 6}, {5}, {2, 4}], [{8}, {1, 7}, {3, 6}, {5}, {4}, {2}], [{8}, {1, 7}, {4, 6}, {2, 5}, {3}], [{8}, {1, 7}, {4, 6}, {3, 5}, {2}], [{8}, {1, 7}, {4, 6}, {5}, {2, 3}], [{8}, {1, 7}, {4, 6}, {5}, {3}, {2}], [{8}, {1, 7}, {5, 6}, {2, 4}, {3}], [{8}, {1, 7}, {5, 6}, {3, 4}, {2}], [{8}, {1, 7}, {5, 6}, {4}, {2, 3}], [{8}, {1, 7}, {5, 6}, {4}, {3}, {2}], [{8}, {1, 7}, {6}, {2, 5}, {3, 4}], [{8}, {1, 7}, {6}, {2, 5}, {4}, {3}], [{8}, {1, 7}, {6}, {3, 5}, {2, 4}], [{8}, {1, 7}, {6}, {3, 5}, {4}, {2}], [{8}, {1, 7}, {6}, {4, 5}, {2, 3}], [{8}, {1, 7}, {6}, {4, 5}, {3}, {2}], [{8}, {1, 7}, {6}, {5}, {2, 4}, {3}], [{8}, {1, 7}, {6}, {5}, {3, 4}, {2}], [{8}, {1, 7}, {6}, {5}, {4}, {2, 3}], [{8}, {1, 7}, {6}, {5}, {4}, {3}, {2}], [{8}, {2, 7}, {1, 6}, {5}, {3, 4}], [{8}, {2, 7}, {4, 6}, {3, 5}, {1}], [{8}, {2, 7}, {5, 6}, {1, 4}, {3}], [{8}, {3, 7}, {1, 6}, {2, 5}, {4}], [{8}, {3, 7}, {4, 6}, {2, 5}, {1}], [{8}, {3, 7}, {6}, {2, 5}, {1, 4}], [{8}, {4, 7}, {1, 6}, {2, 5}, {3}], [{8}, {4, 7}, {3, 6}, {2, 5}, {1}], [{8}, {4, 7}, {5, 6}, {3}, {1, 2}], [{8}, {4, 7}, {6}, {2, 5}, {1, 3}], [{8}, {5, 7}, {1, 6}, {3, 4}, {2}], [{8}, {6, 7}, {1, 5}, {3, 4}, {2}], [{8}, {6, 7}, {2, 5}, {1, 4}, {3}], [{8}, {6, 7}, {2, 5}, {3, 4}, {1}], [{8}, {6, 7}, {2, 5}, {4}, {1, 3}], [{8}, {6, 7}, {5}, {3, 4}, {1, 2}], [{8}, {6, 7}, {5}, {3, 4}, {2}, {1}], [{8}, {7}, {1, 6}, {2, 5}, {3, 4}], [{8}, {7}, {1, 6}, {5}, {3, 4}, {2}], [{8}, {7}, {3, 6}, {2, 5}, {1, 4}], [{8}, {7}, {4, 6}, {2, 5}, {1, 3}], [{8}, {7}, {4, 6}, {3, 5}, {1, 2}]]",2,20 K_1^3 - 26 K_1^2 - 20 K_1 K_2 - 5 K_1 + 13 K_2 + 5 K_3 + 14,O1O2O3O4U3U1U2O5O6U4O7U5U7O8U6U8,O1O2O3U4U3U1U2O5O6U5O7O8U7O4U6U8,O1O2O3U4U5O6U7O4O7U8O5O8U2U3U1U6,c,{'O1O2O3O4U5U6O5U7U8O7U1O6O8U3U4U2'},1,"<a href=""/flatknot/8.857916"">8.857916</a>",t^9-59t^7-142t^6+338t^5+1018t^4-21t^3-1312t^2-636t+56,-t^2+2t,,
8.857917,O1O2O3O4U5U6O5U7U8O7U1O6O8U4U2U3,4,z^3+25z^2+107z+123,w^4z^3+25w^3z^2+107w^2z+123w,False,False,"[[ 0 -1  0  2  1 -1 -1 -1  1],[ 1  0  0  1 -1  1  2  1  3],[ 0  0  0  1  0 -1  0 -1  2],[-2 -1 -1  0  0 -3 -2 -3  0],[-1  1  0  0  0 -2 -1 -2  1],[ 1 -1  1  3  2  0 -1  0  1],[ 1 -2  0  2  1  1  0  0  0],[ 1 -1  1  3  2  0  0  0  1],[-1 -3 -2  0 -1 -1  0 -1  0]]","[[ 0  2  1  1  0 -1 -1 -1 -1],[-2  0  0  0 -1 -1 -2 -3 -3],[-1  0  0  1  0  1 -1 -2 -2],[-1  0 -1  0 -2 -3  0 -1 -1],[ 0  1  0  2  0  0  0 -1 -1],[ 1  1 -1  3  0  0  2  1  1],[ 1  2  1  0  0 -2  0  1  0],[ 1  3  2  1  1 -1 -1  0  0],[ 1  3  2  1  1 -1  0  0  0]]",True,"[-2,-1,-1,0,1,1,1,1,0,0,1,1,2,3,3,-1,0,-1,1,2,2,2,3,0,1,1,0,0,1,1,-2,-1,-1,-1,0,0]","[-2,-1,-1,0,1,1,1,1,0,0,1,1,2,3,3,-1,0,-1,1,2,2,2,3,0,1,1,0,0,1,1,-2,-1,-1,-1,0,0]",t^8+59t^6+720t^4+243t^2+1,"[-1,-1,-1,-1,0,1,1,2,-2,-1,-1,1,-1,3,2,-1,0,1,2,1,1,0,0,1,0,0,0,1,0,0,-1,1,1,1,1,1]","[-2,-1,-1,0,1,1,1,1,1,1,1,0,0,1,2,-1,-1,1,1,2,-1,1,0,0,1,3,0,0,1,1,0,-1,-1,0,-1,-2]","[-1,-1,-1,-1,0,1,1,2,-2,0,1,0,0,1,2,1,1,0,3,-1,1,0,1,1,2,3,1,1,2,3,2,0,1,-1,0,0]",c,"[[{8, 1}, {2, 7}, {3, 6}, {4, 5}], [{8, 1}, {2, 7}, {4, 6}, {3, 5}], [{8, 1}, {2, 7}, {5, 6}, {3, 4}], [{8, 1}, {2, 7}, {6}, {5}, {3, 4}], [{8, 1}, {3, 7}, {2, 6}, {4, 5}], [{8, 1}, {3, 7}, {4, 6}, {2, 5}], [{8, 1}, {3, 7}, {5, 6}, {2, 4}], [{8, 1}, {4, 7}, {2, 6}, {3, 5}], [{8, 1}, {4, 7}, {3, 6}, {2, 5}], [{8, 1}, {4, 7}, {5, 6}, {2, 3}], [{8, 1}, {5, 7}, {2, 6}, {3, 4}], [{8, 1}, {5, 7}, {3, 6}, {2, 4}], [{8, 1}, {5, 7}, {4, 6}, {2, 3}], [{8, 1}, {6, 7}, {2, 5}, {3, 4}], [{8, 1}, {6, 7}, {3, 5}, {2, 4}], [{8, 1}, {6, 7}, {4, 5}, {2, 3}], [{8, 1}, {6, 7}, {5}, {4}, {2, 3}], [{8, 2}, {1, 7}, {3, 6}, {4, 5}], [{8, 2}, {1, 7}, {4, 6}, {3, 5}], [{8, 2}, {1, 7}, {4, 6}, {5}, {3}], [{8, 2}, {1, 7}, {5, 6}, {3, 4}], [{8, 2}, {3, 7}, {1, 6}, {4, 5}], [{8, 2}, {3, 7}, {4, 6}, {1, 5}], [{8, 2}, {3, 7}, {5, 6}, {1, 4}], [{8, 2}, {4, 7}, {1, 6}, {3, 5}], [{8, 2}, {4, 7}, {3, 6}, {1, 5}], [{8, 2}, {4, 7}, {3, 6}, {5}, {1}], [{8, 2}, {4, 7}, {5, 6}, {1, 3}], [{8, 2}, {4, 7}, {5, 6}, {3}, {1}], [{8, 2}, {4, 7}, {6}, {3, 5}, {1}], [{8, 2}, {5, 7}, {1, 6}, {3, 4}], [{8, 2}, {5, 7}, {3, 6}, {1, 4}], [{8, 2}, {5, 7}, {4, 6}, {1, 3}], [{8, 2}, {6, 7}, {1, 5}, {3, 4}], [{8, 2}, {6, 7}, {3, 5}, {1, 4}], [{8, 2}, {6, 7}, {4, 5}, {1, 3}], [{8, 2}, {6, 7}, {5}, {4}, {1, 3}], [{8, 2}, {7}, {1, 6}, {3, 5}, {4}], [{8, 2}, {7}, {6}, {4, 5}, {1, 3}], [{8, 3}, {1, 7}, {2, 6}, {4, 5}], [{8, 3}, {1, 7}, {4, 6}, {2, 5}], [{8, 3}, {1, 7}, {4, 6}, {5}, {2}], [{8, 3}, {1, 7}, {5, 6}, {2, 4}], [{8, 3}, {2, 7}, {1, 6}, {4, 5}], [{8, 3}, {2, 7}, {4, 6}, {1, 5}], [{8, 3}, {2, 7}, {5, 6}, {1, 4}], [{8, 3}, {4, 7}, {1, 6}, {2, 5}], [{8, 3}, {4, 7}, {2, 6}, {1, 5}], [{8, 3}, {4, 7}, {5, 6}, {1, 2}], [{8, 3}, {5, 7}, {1, 6}, {2, 4}], [{8, 3}, {5, 7}, {2, 6}, {1, 4}], [{8, 3}, {5, 7}, {4, 6}, {1, 2}], [{8, 3}, {6, 7}, {1, 5}, {2, 4}], [{8, 3}, {6, 7}, {2, 5}, {1, 4}], [{8, 3}, {6, 7}, {4, 5}, {1, 2}], [{8, 3}, {6, 7}, {5}, {4}, {1, 2}], [{8, 3}, {7}, {1, 6}, {2, 5}, {4}], [{8, 3}, {7}, {4, 6}, {2, 5}, {1}], [{8, 3}, {7}, {6}, {2, 5}, {1, 4}], [{8, 4}, {1, 7}, {2, 6}, {3, 5}], [{8, 4}, {1, 7}, {2, 6}, {5}, {3}], [{8, 4}, {1, 7}, {3, 6}, {2, 5}], [{8, 4}, {1, 7}, {3, 6}, {5}, {2}], [{8, 4}, {1, 7}, {5, 6}, {2, 3}], [{8, 4}, {1, 7}, {6}, {5}, {2, 3}], [{8, 4}, {2, 7}, {1, 6}, {3, 5}], [{8, 4}, {2, 7}, {3, 6}, {1, 5}], [{8, 4}, {2, 7}, {5, 6}, {1, 3}], [{8, 4}, {2, 7}, {6}, {1, 5}, {3}], [{8, 4}, {3, 7}, {1, 6}, {2, 5}], [{8, 4}, {3, 7}, {2, 6}, {1, 5}], [{8, 4}, {3, 7}, {5, 6}, {1, 2}], [{8, 4}, {3, 7}, {6}, {5}, {1, 2}], [{8, 4}, {5, 7}, {1, 6}, {2, 3}], [{8, 4}, {5, 7}, {1, 6}, {3}, {2}], [{8, 4}, {5, 7}, {2, 6}, {1, 3}], [{8, 4}, {5, 7}, {3, 6}, {1, 2}], [{8, 4}, {6, 7}, {1, 5}, {2, 3}], [{8, 4}, {6, 7}, {2, 5}, {1, 3}], [{8, 4}, {6, 7}, {3, 5}, {1, 2}], [{8, 4}, {6, 7}, {5}, {2, 3}, {1}], [{8, 4}, {7}, {1, 6}, {5}, {2, 3}], [{8, 4}, {7}, {6}, {2, 5}, {1, 3}], [{8, 5}, {1, 7}, {2, 6}, {3, 4}], [{8, 5}, {1, 7}, {3, 6}, {2, 4}], [{8, 5}, {1, 7}, {4, 6}, {2, 3}], [{8, 5}, {1, 7}, {6}, {4}, {2, 3}], [{8, 5}, {2, 7}, {1, 6}, {3, 4}], [{8, 5}, {2, 7}, {1, 6}, {4}, {3}], [{8, 5}, {2, 7}, {3, 6}, {1, 4}], [{8, 5}, {2, 7}, {4, 6}, {1, 3}], [{8, 5}, {3, 7}, {1, 6}, {2, 4}], [{8, 5}, {3, 7}, {1, 6}, {4}, {2}], [{8, 5}, {3, 7}, {2, 6}, {1, 4}], [{8, 5}, {3, 7}, {4, 6}, {1, 2}], [{8, 5}, {4, 7}, {1, 6}, {2, 3}], [{8, 5}, {4, 7}, {1, 6}, {3}, {2}], [{8, 5}, {4, 7}, {2, 6}, {1, 3}], [{8, 5}, {4, 7}, {3, 6}, {1, 2}], [{8, 5}, {4, 7}, {3, 6}, {2}, {1}], [{8, 5}, {4, 7}, {6}, {1, 3}, {2}], [{8, 5}, {6, 7}, {1, 4}, {2, 3}], [{8, 5}, {6, 7}, {2, 4}, {1, 3}], [{8, 5}, {6, 7}, {3, 4}, {1, 2}], [{8, 5}, {6, 7}, {4}, {2, 3}, {1}], [{8, 5}, {7}, {1, 6}, {2, 4}, {3}], [{8, 5}, {7}, {1, 6}, {3, 4}, {2}], [{8, 5}, {7}, {1, 6}, {4}, {2, 3}], [{8, 5}, {7}, {1, 6}, {4}, {3}, {2}], [{8, 6}, {1, 7}, {2, 5}, {3, 4}], [{8, 6}, {1, 7}, {3, 5}, {2, 4}], [{8, 6}, {1, 7}, {4, 5}, {2, 3}], [{8, 6}, {1, 7}, {5}, {4}, {2, 3}], [{8, 6}, {2, 7}, {1, 5}, {3, 4}], [{8, 6}, {2, 7}, {3, 5}, {1, 4}], [{8, 6}, {2, 7}, {4, 5}, {1, 3}], [{8, 6}, {2, 7}, {5}, {4}, {1, 3}], [{8, 6}, {3, 7}, {1, 5}, {2, 4}], [{8, 6}, {3, 7}, {2, 5}, {1, 4}], [{8, 6}, {3, 7}, {4, 5}, {1, 2}], [{8, 6}, {4, 7}, {1, 5}, {2, 3}], [{8, 6}, {4, 7}, {2, 5}, {1, 3}], [{8, 6}, {4, 7}, {3, 5}, {1, 2}], [{8, 6}, {4, 7}, {5}, {3}, {1, 2}], [{8, 6}, {5, 7}, {1, 4}, {2, 3}], [{8, 6}, {5, 7}, {2, 4}, {1, 3}], [{8, 6}, {5, 7}, {3, 4}, {1, 2}], [{8, 7}, {1, 6}, {2, 5}, {3, 4}], [{8, 7}, {1, 6}, {3, 5}, {2, 4}], [{8, 7}, {1, 6}, {4, 5}, {2, 3}], [{8, 7}, {1, 6}, {4, 5}, {3}, {2}], [{8, 7}, {1, 6}, {5}, {4}, {2, 3}], [{8, 7}, {2, 6}, {1, 5}, {3, 4}], [{8, 7}, {2, 6}, {3, 5}, {1, 4}], [{8, 7}, {2, 6}, {3, 5}, {4}, {1}], [{8, 7}, {2, 6}, {4, 5}, {1, 3}], [{8, 7}, {3, 6}, {1, 5}, {2, 4}], [{8, 7}, {3, 6}, {2, 5}, {1, 4}], [{8, 7}, {3, 6}, {4, 5}, {1, 2}], [{8, 7}, {3, 6}, {4, 5}, {2}, {1}], [{8, 7}, {4, 6}, {1, 5}, {2, 3}], [{8, 7}, {4, 6}, {1, 5}, {3}, {2}], [{8, 7}, {4, 6}, {2, 5}, {1, 3}], [{8, 7}, {4, 6}, {3, 5}, {1, 2}], [{8, 7}, {4, 6}, {3, 5}, {2}, {1}], [{8, 7}, {4, 6}, {5}, {1, 3}, {2}], [{8, 7}, {5, 6}, {1, 4}, {2, 3}], [{8, 7}, {5, 6}, {2, 4}, {1, 3}], [{8, 7}, {5, 6}, {3, 4}, {1, 2}], [{8, 7}, {5, 6}, {4}, {1, 3}, {2}], [{8, 7}, {6}, {2, 5}, {1, 4}, {3}], [{8, 7}, {6}, {3, 5}, {2, 4}, {1}], [{8, 7}, {6}, {4, 5}, {1, 3}, {2}], [{8}, {1, 7}, {4, 6}, {5}, {2, 3}], [{8}, {1, 7}, {5, 6}, {4}, {2, 3}], [{8}, {1, 7}, {6}, {4, 5}, {2, 3}], [{8}, {1, 7}, {6}, {5}, {4}, {2, 3}], [{8}, {2, 7}, {6}, {4, 5}, {1, 3}], [{8}, {3, 7}, {6}, {2, 5}, {1, 4}], [{8}, {4, 7}, {1, 6}, {5}, {2, 3}], [{8}, {4, 7}, {3, 6}, {2, 5}, {1}], [{8}, {5, 7}, {1, 6}, {4}, {2, 3}], [{8}, {6, 7}, {1, 5}, {4}, {2, 3}], [{8}, {6, 7}, {4, 5}, {2, 3}, {1}], [{8}, {6, 7}, {5}, {1, 4}, {2, 3}], [{8}, {6, 7}, {5}, {4}, {2, 3}, {1}], [{8}, {7}, {1, 6}, {4, 5}, {2, 3}], [{8}, {7}, {1, 6}, {5}, {4}, {2, 3}]]",2,20 K_1^3 - 18 K_1^2 - 16 K_1 K_2 - 7 K_1 + 9 K_2 + 3 K_3 + 10,O1O2O3O4U2U3U1O5O6U4O7U5U7O8U6U8,O1O2O3U4U2U3U1O5O6U5O7O8U7O4U6U8,O1O2O3U4U5O6U7O4O7U8O5O8U3U1U2U6,c,{'O1O2O3O4U5U6O5U7U8O7U1O6O8U4U2U3'},1,"<a href=""/flatknot/8.857917"">8.857917</a>",t^9-57t^7-106t^6+367t^5+442t^4-592t^3-382t^2+123t+2,-t^2+2t,,
8.857918,O1O2O3O4U5U6O5U7U8O7U1O6O8U4U3U2,3,z^2+22z+41,-20w^4z^2+21w^3z^2-44w^3z+66w^2z+41w,False,False,"[[ 0 -1  1  1  1 -1 -1 -1  1],[ 1  0  1  0 -1  1  2  1  3],[-1 -1  0  0  0 -2 -1 -2  1],[-1  0  0  0  0 -2 -1 -2  1],[-1  1  0  0  0 -2 -1 -2  1],[ 1 -1  2  2  2  0 -1  0  1],[ 1 -2  1  1  1  1  0  0  0],[ 1 -1  2  2  2  0  0  0  1],[-1 -3 -1 -1 -1 -1  0 -1  0]]","[[ 0  1  1  1  1 -1 -1 -1 -1],[-1  0  1  0  0  1 -1 -2 -2],[-1 -1  0 -1 -1 -3  0 -1 -1],[-1  0  1  0  0  0 -1 -2 -2],[-1  0  1  0  0 -1 -1 -2 -2],[ 1 -1  3  0  1  0  2  1  1],[ 1  1  0  1  1 -2  0  1  0],[ 1  2  1  2  2 -1 -1  0  0],[ 1  2  1  2  2 -1  0  0  0]]",True,"[-1,-1,-1,-1,1,1,1,1,-1,0,0,-1,1,2,2,1,1,3,0,1,1,0,0,1,2,2,1,1,2,2,-2,-1,-1,-1,0,0]","[-1,-1,-1,-1,1,1,1,1,-2,-1,-1,-1,1,2,3,-1,0,2,1,1,1,0,1,0,0,0,1,0,0,0,1,1,1,0,0,0]",t^8+50t^6+535t^4+179t^2,"[-1,-1,-1,-1,1,1,1,1,-2,-1,-1,-1,1,2,3,-1,0,2,1,1,1,0,1,0,0,0,1,0,0,0,1,1,1,0,0,0]","[-1,-1,-1,-1,1,1,1,1,-1,-1,-1,-1,1,1,2,0,0,1,0,0,1,0,2,0,0,1,3,0,0,1,1,1,2,0,-1,0]","[-1,-1,-1,-1,1,1,1,1,-2,0,1,0,1,1,1,1,1,3,-1,0,1,0,1,2,2,2,1,2,2,2,-1,-1,-1,0,0,0]",c,"[[{8, 1}, {3, 7}, {4, 6}, {2, 5}], [{8, 1}, {4, 7}, {3, 6}, {2, 5}], [{8, 6}, {3, 7}, {2, 5}, {1, 4}], [{8, 6}, {4, 7}, {2, 5}, {1, 3}], [{8, 7}, {3, 6}, {2, 5}, {1, 4}], [{8, 7}, {4, 6}, {2, 5}, {1, 3}]]",1,- 8 K_1^2 - 8 K_1 K_2 + 4 K_1 + 4 K_2 + 4 K_3 + 5,O1O2O3O4U3U2U1O5O6U4O7U5U7O8U6U8,O1O2O3U4U3U2U1O5O6U5O7O8U7O4U6U8,O1O2O3U4U5O6U7O4O7U8O5O8U3U2U1U6,c,{'O1O2O3O4U5U6O5U7U8O7U1O6O8U4U3U2'},1,"<a href=""/flatknot/8.857918"">8.857918</a>",t^9-50t^7-92t^6+171t^5+86t^4-97t^3-10t^2,0,,
8.857919,O1O2O3O4U5U6O5U7U8O7U2O6O8U1U3U4,3,17z^2+70z+73,17w^3z^2-16w^3z+86w^2z+73w,False,False,"[[ 0 -2  0  1  3 -1 -1 -1  1],[ 2  0  2  2  3  1  1  1  3],[ 0 -2  0 -1  0  0  1  0  2],[-1 -2  1  0  1 -2 -1 -2  1],[-3 -3  0 -1  0 -4 -3 -4 -1],[ 1 -1  0  2  4  0 -1  0  1],[ 1 -1 -1  1  3  1  0  0  0],[ 1 -1  0  2  4  0  0  0  1],[-1 -3 -2 -1  1 -1  0 -1  0]]","[[ 0  3  1  1  0 -1 -1 -1 -2],[-3  0 -1 -1  0 -3 -4 -4 -3],[-1  1  0  1  1 -1 -2 -2 -2],[-1  1 -1  0 -2  0 -1 -1 -3],[ 0  0 -1  2  0  1  0  0 -2],[ 1  3  1  0 -1  0  1  0 -1],[ 1  4  2  1  0 -1  0  0 -1],[ 1  4  2  1  0  0  0  0 -1],[ 2  3  2  3  2  1  1  1  0]]",True,"[-3,-1,-1,0,1,1,1,2,1,1,0,3,4,4,3,-1,-1,1,2,2,2,2,0,1,1,3,-1,0,0,2,-1,0,1,0,1,1]","[-3,-1,-1,0,1,1,1,2,1,1,0,3,4,4,3,-1,-1,1,2,2,2,2,0,1,1,3,-1,0,0,2,-1,0,1,0,1,1]",t^8+91t^6+1140t^4+440t^2,"[-2,-1,-1,-1,0,1,1,3,0,0,0,0,0,1,2,-1,0,2,2,1,1,0,1,1,0,0,1,1,0,0,-1,2,3,1,1,1]","[-3,-1,-1,0,1,1,1,2,1,1,3,0,0,1,2,-1,-1,1,1,2,0,2,0,0,1,1,1,1,2,0,0,-1,0,0,0,0]","[-2,-1,-1,-1,0,1,1,3,1,1,1,2,2,3,3,-1,0,0,2,1,4,0,-1,1,0,3,0,2,1,4,-1,2,0,1,1,1]",c,"[[{8, 1}, {2, 7}, {3, 6}, {4, 5}], [{8, 1}, {2, 7}, {3, 6}, {5}, {4}], [{8, 1}, {2, 7}, {4, 6}, {3, 5}], [{8, 1}, {2, 7}, {4, 6}, {5}, {3}], [{8, 1}, {2, 7}, {5, 6}, {3, 4}], [{8, 1}, {2, 7}, {5, 6}, {4}, {3}], [{8, 1}, {2, 7}, {6}, {3, 5}, {4}], [{8, 1}, {2, 7}, {6}, {4, 5}, {3}], [{8, 1}, {2, 7}, {6}, {5}, {3, 4}], [{8, 1}, {2, 7}, {6}, {5}, {4}, {3}], [{8, 1}, {3, 7}, {2, 6}, {4, 5}], [{8, 1}, {3, 7}, {2, 6}, {5}, {4}], [{8, 1}, {3, 7}, {4, 6}, {2, 5}], [{8, 1}, {3, 7}, {5, 6}, {2, 4}], [{8, 1}, {4, 7}, {2, 6}, {3, 5}], [{8, 1}, {4, 7}, {3, 6}, {2, 5}], [{8, 1}, {4, 7}, {3, 6}, {5}, {2}], [{8, 1}, {4, 7}, {5, 6}, {2, 3}], [{8, 1}, {5, 7}, {2, 6}, {3, 4}], [{8, 1}, {5, 7}, {3, 6}, {2, 4}], [{8, 1}, {5, 7}, {3, 6}, {4}, {2}], [{8, 1}, {5, 7}, {4, 6}, {2, 3}], [{8, 1}, {6, 7}, {2, 5}, {3, 4}], [{8, 1}, {6, 7}, {3, 5}, {2, 4}], [{8, 1}, {6, 7}, {4, 5}, {2, 3}], [{8, 1}, {6, 7}, {5}, {4}, {2, 3}], [{8, 1}, {7}, {3, 6}, {2, 5}, {4}], [{8, 1}, {7}, {3, 6}, {4, 5}, {2}], [{8, 1}, {7}, {3, 6}, {5}, {2, 4}], [{8, 1}, {7}, {3, 6}, {5}, {4}, {2}], [{8, 1}, {7}, {4, 6}, {3, 5}, {2}], [{8, 1}, {7}, {5, 6}, {3, 4}, {2}], [{8, 2}, {1, 7}, {3, 6}, {4, 5}], [{8, 2}, {1, 7}, {3, 6}, {5}, {4}], [{8, 2}, {1, 7}, {4, 6}, {3, 5}], [{8, 2}, {1, 7}, {5, 6}, {3, 4}], [{8, 2}, {3, 7}, {1, 6}, {4, 5}], [{8, 2}, {3, 7}, {4, 6}, {1, 5}], [{8, 2}, {3, 7}, {5, 6}, {1, 4}], [{8, 2}, {4, 7}, {1, 6}, {3, 5}], [{8, 2}, {4, 7}, {1, 6}, {5}, {3}], [{8, 2}, {4, 7}, {3, 6}, {1, 5}], [{8, 2}, {4, 7}, {5, 6}, {1, 3}], [{8, 2}, {5, 7}, {1, 6}, {3, 4}], [{8, 2}, {5, 7}, {3, 6}, {1, 4}], [{8, 2}, {5, 7}, {4, 6}, {1, 3}], [{8, 2}, {6, 7}, {1, 5}, {3, 4}], [{8, 2}, {6, 7}, {3, 5}, {1, 4}], [{8, 2}, {6, 7}, {4, 5}, {1, 3}], [{8, 2}, {6, 7}, {5}, {1, 4}, {3}], [{8, 3}, {1, 7}, {2, 6}, {4, 5}], [{8, 3}, {1, 7}, {4, 6}, {2, 5}], [{8, 3}, {1, 7}, {5, 6}, {2, 4}], [{8, 3}, {2, 7}, {1, 6}, {4, 5}], [{8, 3}, {2, 7}, {1, 6}, {5}, {4}], [{8, 3}, {2, 7}, {4, 6}, {1, 5}], [{8, 3}, {2, 7}, {4, 6}, {5}, {1}], [{8, 3}, {2, 7}, {5, 6}, {1, 4}], [{8, 3}, {2, 7}, {5, 6}, {4}, {1}], [{8, 3}, {2, 7}, {6}, {1, 5}, {4}], [{8, 3}, {2, 7}, {6}, {4, 5}, {1}], [{8, 3}, {2, 7}, {6}, {5}, {1, 4}], [{8, 3}, {2, 7}, {6}, {5}, {4}, {1}], [{8, 3}, {4, 7}, {1, 6}, {2, 5}], [{8, 3}, {4, 7}, {1, 6}, {5}, {2}], [{8, 3}, {4, 7}, {2, 6}, {1, 5}], [{8, 3}, {4, 7}, {5, 6}, {1, 2}], [{8, 3}, {5, 7}, {1, 6}, {2, 4}], [{8, 3}, {5, 7}, {2, 6}, {1, 4}], [{8, 3}, {5, 7}, {4, 6}, {1, 2}], [{8, 3}, {6, 7}, {1, 5}, {2, 4}], [{8, 3}, {6, 7}, {2, 5}, {1, 4}], [{8, 3}, {6, 7}, {4, 5}, {1, 2}], [{8, 3}, {6, 7}, {5}, {1, 4}, {2}], [{8, 3}, {7}, {1, 6}, {5}, {2, 4}], [{8, 3}, {7}, {2, 6}, {5}, {1, 4}], [{8, 4}, {1, 7}, {2, 6}, {3, 5}], [{8, 4}, {1, 7}, {3, 6}, {2, 5}], [{8, 4}, {1, 7}, {5, 6}, {2, 3}], [{8, 4}, {2, 7}, {1, 6}, {3, 5}], [{8, 4}, {2, 7}, {1, 6}, {5}, {3}], [{8, 4}, {2, 7}, {3, 6}, {1, 5}], [{8, 4}, {2, 7}, {3, 6}, {5}, {1}], [{8, 4}, {2, 7}, {5, 6}, {1, 3}], [{8, 4}, {2, 7}, {5, 6}, {3}, {1}], [{8, 4}, {2, 7}, {6}, {1, 5}, {3}], [{8, 4}, {2, 7}, {6}, {3, 5}, {1}], [{8, 4}, {2, 7}, {6}, {5}, {1, 3}], [{8, 4}, {2, 7}, {6}, {5}, {3}, {1}], [{8, 4}, {3, 7}, {1, 6}, {2, 5}], [{8, 4}, {3, 7}, {2, 6}, {1, 5}], [{8, 4}, {3, 7}, {2, 6}, {5}, {1}], [{8, 4}, {3, 7}, {5, 6}, {1, 2}], [{8, 4}, {5, 7}, {1, 6}, {2, 3}], [{8, 4}, {5, 7}, {2, 6}, {1, 3}], [{8, 4}, {5, 7}, {3, 6}, {1, 2}], [{8, 4}, {6, 7}, {1, 5}, {2, 3}], [{8, 4}, {6, 7}, {2, 5}, {1, 3}], [{8, 4}, {6, 7}, {3, 5}, {1, 2}], [{8, 4}, {6, 7}, {5}, {2, 3}, {1}], [{8, 5}, {1, 7}, {2, 6}, {3, 4}], [{8, 5}, {1, 7}, {3, 6}, {2, 4}], [{8, 5}, {1, 7}, {4, 6}, {2, 3}], [{8, 5}, {2, 7}, {1, 6}, {3, 4}], [{8, 5}, {2, 7}, {1, 6}, {4}, {3}], [{8, 5}, {2, 7}, {3, 6}, {1, 4}], [{8, 5}, {2, 7}, {3, 6}, {4}, {1}], [{8, 5}, {2, 7}, {4, 6}, {1, 3}], [{8, 5}, {2, 7}, {4, 6}, {3}, {1}], [{8, 5}, {2, 7}, {6}, {1, 4}, {3}], [{8, 5}, {2, 7}, {6}, {3, 4}, {1}], [{8, 5}, {2, 7}, {6}, {4}, {1, 3}], [{8, 5}, {2, 7}, {6}, {4}, {3}, {1}], [{8, 5}, {3, 7}, {1, 6}, {2, 4}], [{8, 5}, {3, 7}, {2, 6}, {1, 4}], [{8, 5}, {3, 7}, {4, 6}, {1, 2}], [{8, 5}, {4, 7}, {1, 6}, {2, 3}], [{8, 5}, {4, 7}, {1, 6}, {3}, {2}], [{8, 5}, {4, 7}, {2, 6}, {1, 3}], [{8, 5}, {4, 7}, {3, 6}, {1, 2}], [{8, 5}, {6, 7}, {1, 4}, {2, 3}], [{8, 5}, {6, 7}, {1, 4}, {3}, {2}], [{8, 5}, {6, 7}, {2, 4}, {1, 3}], [{8, 5}, {6, 7}, {3, 4}, {1, 2}], [{8, 5}, {7}, {1, 6}, {2, 4}, {3}], [{8, 5}, {7}, {2, 6}, {1, 4}, {3}], [{8, 5}, {7}, {4, 6}, {1, 3}, {2}], [{8, 6}, {1, 7}, {2, 5}, {3, 4}], [{8, 6}, {1, 7}, {2, 5}, {4}, {3}], [{8, 6}, {1, 7}, {3, 5}, {2, 4}], [{8, 6}, {1, 7}, {4, 5}, {2, 3}], [{8, 6}, {2, 7}, {1, 5}, {3, 4}], [{8, 6}, {2, 7}, {1, 5}, {4}, {3}], [{8, 6}, {2, 7}, {3, 5}, {1, 4}], [{8, 6}, {2, 7}, {3, 5}, {4}, {1}], [{8, 6}, {2, 7}, {4, 5}, {1, 3}], [{8, 6}, {2, 7}, {4, 5}, {3}, {1}], [{8, 6}, {2, 7}, {5}, {1, 4}, {3}], [{8, 6}, {2, 7}, {5}, {3, 4}, {1}], [{8, 6}, {2, 7}, {5}, {4}, {1, 3}], [{8, 6}, {2, 7}, {5}, {4}, {3}, {1}], [{8, 6}, {3, 7}, {1, 5}, {2, 4}], [{8, 6}, {3, 7}, {2, 5}, {1, 4}], [{8, 6}, {3, 7}, {4, 5}, {1, 2}], [{8, 6}, {4, 7}, {1, 5}, {2, 3}], [{8, 6}, {4, 7}, {2, 5}, {1, 3}], [{8, 6}, {4, 7}, {3, 5}, {1, 2}], [{8, 6}, {4, 7}, {5}, {1, 3}, {2}], [{8, 6}, {5, 7}, {1, 4}, {2, 3}], [{8, 6}, {5, 7}, {2, 4}, {1, 3}], [{8, 6}, {5, 7}, {3, 4}, {1, 2}], [{8, 6}, {5, 7}, {4}, {3}, {1, 2}], [{8, 6}, {7}, {5}, {2, 4}, {1, 3}], [{8, 7}, {1, 6}, {2, 5}, {3, 4}], [{8, 7}, {1, 6}, {3, 5}, {2, 4}], [{8, 7}, {1, 6}, {4, 5}, {2, 3}], [{8, 7}, {1, 6}, {5}, {2, 4}, {3}], [{8, 7}, {2, 6}, {1, 5}, {3, 4}], [{8, 7}, {2, 6}, {3, 5}, {1, 4}], [{8, 7}, {2, 6}, {4, 5}, {1, 3}], [{8, 7}, {2, 6}, {5}, {1, 4}, {3}], [{8, 7}, {3, 6}, {1, 5}, {2, 4}], [{8, 7}, {3, 6}, {2, 5}, {1, 4}], [{8, 7}, {3, 6}, {4, 5}, {1, 2}], [{8, 7}, {3, 6}, {5}, {4}, {1, 2}], [{8, 7}, {4, 6}, {1, 5}, {2, 3}], [{8, 7}, {4, 6}, {2, 5}, {1, 3}], [{8, 7}, {4, 6}, {3, 5}, {1, 2}], [{8, 7}, {5, 6}, {1, 4}, {2, 3}], [{8, 7}, {5, 6}, {2, 4}, {1, 3}], [{8, 7}, {5, 6}, {3, 4}, {1, 2}], [{8}, {2, 7}, {1, 6}, {3, 5}, {4}], [{8}, {2, 7}, {1, 6}, {4, 5}, {3}], [{8}, {2, 7}, {1, 6}, {5}, {3, 4}], [{8}, {2, 7}, {1, 6}, {5}, {4}, {3}], [{8}, {2, 7}, {3, 6}, {1, 5}, {4}], [{8}, {2, 7}, {3, 6}, {4, 5}, {1}], [{8}, {2, 7}, {3, 6}, {5}, {1, 4}], [{8}, {2, 7}, {3, 6}, {5}, {4}, {1}], [{8}, {2, 7}, {4, 6}, {1, 5}, {3}], [{8}, {2, 7}, {4, 6}, {3, 5}, {1}], [{8}, {2, 7}, {4, 6}, {5}, {1, 3}], [{8}, {2, 7}, {4, 6}, {5}, {3}, {1}], [{8}, {2, 7}, {5, 6}, {1, 4}, {3}], [{8}, {2, 7}, {5, 6}, {3, 4}, {1}], [{8}, {2, 7}, {5, 6}, {4}, {1, 3}], [{8}, {2, 7}, {5, 6}, {4}, {3}, {1}], [{8}, {2, 7}, {6}, {1, 5}, {3, 4}], [{8}, {2, 7}, {6}, {1, 5}, {4}, {3}], [{8}, {2, 7}, {6}, {3, 5}, {1, 4}], [{8}, {2, 7}, {6}, {3, 5}, {4}, {1}], [{8}, {2, 7}, {6}, {4, 5}, {1, 3}], [{8}, {2, 7}, {6}, {4, 5}, {3}, {1}], [{8}, {2, 7}, {6}, {5}, {1, 4}, {3}], [{8}, {2, 7}, {6}, {5}, {3, 4}, {1}], [{8}, {2, 7}, {6}, {5}, {4}, {1, 3}], [{8}, {2, 7}, {6}, {5}, {4}, {3}, {1}], [{8}, {3, 7}, {1, 6}, {5}, {2, 4}], [{8}, {3, 7}, {2, 6}, {5}, {1, 4}], [{8}, {4, 7}, {1, 6}, {2, 5}, {3}], [{8}, {4, 7}, {1, 6}, {3, 5}, {2}], [{8}, {4, 7}, {1, 6}, {5}, {2, 3}], [{8}, {4, 7}, {1, 6}, {5}, {3}, {2}], [{8}, {5, 7}, {1, 6}, {2, 4}, {3}], [{8}, {5, 7}, {2, 6}, {1, 4}, {3}], [{8}, {6, 7}, {2, 5}, {1, 4}, {3}], [{8}, {6, 7}, {3, 5}, {1, 4}, {2}], [{8}, {6, 7}, {5}, {1, 4}, {2, 3}], [{8}, {6, 7}, {5}, {1, 4}, {3}, {2}], [{8}, {7}, {1, 6}, {3, 5}, {2, 4}], [{8}, {7}, {1, 6}, {5}, {2, 4}, {3}], [{8}, {7}, {2, 6}, {3, 5}, {1, 4}], [{8}, {7}, {2, 6}, {5}, {1, 4}, {3}]]",2,16 K_1^3 + 12 K_1^2 K_2 - 14 K_1^2 - 14 K_1 K_2 - 8 K_1 K_3 - 5 K_1 + 5 K_2 + 3 K_3 + K_4 + 5,O1O2O3O4U1U2U4O5O6U3O7U5U7O8U6U8,O1O2O3U1U4U2U3O5O6U5O7O8U7O4U6U8,O1O2O3U4U5O6U7O4O7U8O5O8U1U2U6U3,c,{'O1O2O3O4U5U6O5U7U8O7U2O6O8U1U3U4'},1,"<a href=""/flatknot/8.857919"">8.857919</a>",t^9-87t^7-276t^6+413t^5+1900t^4+661t^3-824t^2-240t+96,-t^3+t^2+t,,
8.857920,O1O2O3O4U5U6O5U7U8O7U2O6O8U1U4U3,4,z^3+29z^2+95z+83,w^4z^3+29w^3z^2+95w^2z+83w,False,False,"[[ 0 -2  0  2  2 -1 -1 -1  1],[ 2  0  2  3  2  1  1  1  3],[ 0 -2  0  0 -1  0  1  0  2],[-2 -3  0  0  0 -3 -2 -3  0],[-2 -2  1  0  0 -3 -2 -3  0],[ 1 -1  0  3  3  0 -1  0  1],[ 1 -1 -1  2  2  1  0  0  0],[ 1 -1  0  3  3  0  0  0  1],[-1 -3 -2  0  0 -1  0 -1  0]]","[[ 0  2  2  1  0 -1 -1 -1 -2],[-2  0  0  0  1 -2 -3 -3 -2],[-2  0  0  0  0 -2 -3 -3 -3],[-1  0  0  0 -2  0 -1 -1 -3],[ 0 -1  0  2  0  1  0  0 -2],[ 1  2  2  0 -1  0  1  0 -1],[ 1  3  3  1  0 -1  0  0 -1],[ 1  3  3  1  0  0  0  0 -1],[ 2  2  3  3  2  1  1  1  0]]",True,"[-2,-2,-1,0,1,1,1,2,0,0,-1,2,3,3,2,0,0,2,3,3,3,2,0,1,1,3,-1,0,0,2,-1,0,1,0,1,1]","[-2,-2,-1,0,1,1,1,2,0,0,-1,2,3,3,2,0,0,2,3,3,3,2,0,1,1,3,-1,0,0,2,-1,0,1,0,1,1]",t^8+82t^6+982t^4+383t^2,"[-2,-1,-1,-1,0,1,2,2,0,0,0,0,0,1,2,-1,0,2,2,1,1,0,1,1,0,0,1,1,0,0,-1,2,3,1,1,0]","[-2,-2,-1,0,1,1,1,2,0,1,2,0,0,1,1,1,3,0,0,1,2,-1,1,1,2,0,1,1,2,0,0,-1,0,0,0,0]","[-2,-1,-1,-1,0,1,2,2,1,1,1,2,3,2,3,-1,0,0,1,3,3,0,-1,0,2,2,0,1,3,3,2,-1,0,0,0,0]",c,"[[{8, 1}, {2, 7}, {4, 6}, {3, 5}], [{8, 1}, {7}, {4, 6}, {3, 5}, {2}]]",1,12 K_1^3 + 8 K_1^2 K_2 - 8 K_1^2 - 12 K_1 K_2 - 6 K_1 K_3 - 3 K_1 - 2 K_2^2 + 3 K_2 + 3 K_3 + 2 K_4 + 4,O1O2O3O4U2U1U4O5O6U3O7U5U7O8U6U8,O1O2O3U1U4U3U2O5O6U5O7O8U7O4U6U8,O1O2O3U4U5O6U7O4O7U8O5O8U2U1U6U3,c,{'O1O2O3O4U5U6O5U7U8O7U2O6O8U1U4U3'},1,"<a href=""/flatknot/8.857920"">8.857920</a>",t^9-80t^7-172t^6+609t^5+1262t^4-692t^3-436t^2+154t+18,-t^2+2t,,
8.857921,O1O2O3O4U5U6O5U7U8O7U2O6O8U3U1U4,4,z^3+17z^2+99z+139,w^4z^3+17w^3z^2+99w^2z+139w,False,False,"[[ 0 -1  0  0  3 -1 -1 -1  1],[ 1  0  1  1  3  0  0  0  2],[ 0 -1  0 -1  0  0  1  0  2],[ 0 -1  1  0  1 -1  0 -1  2],[-3 -3  0 -1  0 -4 -3 -4 -1],[ 1  0  0  1  4  0 -1  0  1],[ 1  0 -1  0  3  1  0  0  0],[ 1  0  0  1  4  0  0  0  1],[-1 -2 -2 -2  1 -1  0 -1  0]]","[[ 0  3  1  0  0 -1 -1 -1 -1],[-3  0 -1  0 -1 -3 -3 -4 -4],[-1  1  0 -2 -2  0 -2 -1 -1],[ 0  0  2  0 -1  1 -1  0  0],[ 0  1  2  1  0  0 -1 -1 -1],[ 1  3  0 -1  0  0  0  1  0],[ 1  3  2  1  1  0  0  0  0],[ 1  4  1  0  1 -1  0  0  0],[ 1  4  1  0  1  0  0  0  0]]",True,"[-3,-1,0,0,1,1,1,1,1,0,1,3,3,4,4,2,2,0,2,1,1,1,-1,1,0,0,0,1,1,1,0,-1,0,0,0,0]","[-3,-1,0,0,1,1,1,1,1,0,1,3,3,4,4,2,2,0,2,1,1,1,-1,1,0,0,0,1,1,1,0,-1,0,0,0,0]",t^8+73t^6+784t^4+266t^2+1,"[-1,-1,-1,-1,0,0,1,3,-1,0,0,1,2,2,1,0,0,0,1,1,0,0,0,0,0,1,0,1,1,0,-1,-1,2,-1,3,1]","[-3,-1,0,0,1,1,1,1,1,2,3,0,0,1,1,-1,-1,1,1,0,2,1,0,0,0,1,1,1,0,2,0,0,-1,0,0,0]","[-1,-1,-1,-1,0,0,1,3,-1,0,0,0,1,1,4,0,0,-1,0,0,3,0,0,1,1,4,1,1,2,3,-1,2,0,2,1,1]",c,"[[{8, 1}, {2, 7}, {3, 6}, {4, 5}], [{8, 1}, {2, 7}, {4, 6}, {3, 5}], [{8, 1}, {2, 7}, {5, 6}, {3, 4}], [{8, 1}, {2, 7}, {6}, {5}, {3, 4}], [{8, 1}, {3, 7}, {2, 6}, {4, 5}], [{8, 1}, {3, 7}, {4, 6}, {2, 5}], [{8, 1}, {3, 7}, {5, 6}, {2, 4}], [{8, 1}, {3, 7}, {6}, {5}, {2, 4}], [{8, 1}, {4, 7}, {2, 6}, {3, 5}], [{8, 1}, {4, 7}, {3, 6}, {2, 5}], [{8, 1}, {4, 7}, {5, 6}, {2, 3}], [{8, 1}, {4, 7}, {5, 6}, {3}, {2}], [{8, 1}, {5, 7}, {2, 6}, {3, 4}], [{8, 1}, {5, 7}, {3, 6}, {2, 4}], [{8, 1}, {5, 7}, {4, 6}, {2, 3}], [{8, 1}, {5, 7}, {4, 6}, {3}, {2}], [{8, 1}, {6, 7}, {2, 5}, {3, 4}], [{8, 1}, {6, 7}, {2, 5}, {4}, {3}], [{8, 1}, {6, 7}, {3, 5}, {2, 4}], [{8, 1}, {6, 7}, {3, 5}, {4}, {2}], [{8, 1}, {6, 7}, {4, 5}, {2, 3}], [{8, 1}, {6, 7}, {4, 5}, {3}, {2}], [{8, 1}, {6, 7}, {5}, {2, 4}, {3}], [{8, 1}, {6, 7}, {5}, {3, 4}, {2}], [{8, 1}, {6, 7}, {5}, {4}, {2, 3}], [{8, 1}, {7}, {2, 6}, {5}, {3, 4}], [{8, 1}, {7}, {3, 6}, {5}, {2, 4}], [{8, 2}, {1, 7}, {3, 6}, {4, 5}], [{8, 2}, {1, 7}, {4, 6}, {3, 5}], [{8, 2}, {1, 7}, {5, 6}, {3, 4}], [{8, 2}, {3, 7}, {1, 6}, {4, 5}], [{8, 2}, {3, 7}, {1, 6}, {5}, {4}], [{8, 2}, {3, 7}, {4, 6}, {1, 5}], [{8, 2}, {3, 7}, {4, 6}, {5}, {1}], [{8, 2}, {3, 7}, {5, 6}, {1, 4}], [{8, 2}, {3, 7}, {6}, {5}, {1, 4}], [{8, 2}, {4, 7}, {1, 6}, {3, 5}], [{8, 2}, {4, 7}, {1, 6}, {5}, {3}], [{8, 2}, {4, 7}, {3, 6}, {1, 5}], [{8, 2}, {4, 7}, {5, 6}, {1, 3}], [{8, 2}, {5, 7}, {1, 6}, {3, 4}], [{8, 2}, {5, 7}, {3, 6}, {1, 4}], [{8, 2}, {5, 7}, {4, 6}, {1, 3}], [{8, 2}, {6, 7}, {1, 5}, {3, 4}], [{8, 2}, {6, 7}, {3, 5}, {1, 4}], [{8, 2}, {6, 7}, {4, 5}, {1, 3}], [{8, 2}, {6, 7}, {5}, {1, 4}, {3}], [{8, 2}, {7}, {1, 6}, {5}, {3, 4}], [{8, 2}, {7}, {3, 6}, {5}, {1, 4}], [{8, 3}, {1, 7}, {2, 6}, {4, 5}], [{8, 3}, {1, 7}, {4, 6}, {2, 5}], [{8, 3}, {1, 7}, {5, 6}, {2, 4}], [{8, 3}, {1, 7}, {6}, {4, 5}, {2}], [{8, 3}, {2, 7}, {1, 6}, {4, 5}], [{8, 3}, {2, 7}, {4, 6}, {1, 5}], [{8, 3}, {2, 7}, {5, 6}, {1, 4}], [{8, 3}, {4, 7}, {1, 6}, {2, 5}], [{8, 3}, {4, 7}, {1, 6}, {5}, {2}], [{8, 3}, {4, 7}, {2, 6}, {1, 5}], [{8, 3}, {4, 7}, {5, 6}, {1, 2}], [{8, 3}, {4, 7}, {6}, {2, 5}, {1}], [{8, 3}, {5, 7}, {1, 6}, {2, 4}], [{8, 3}, {5, 7}, {2, 6}, {1, 4}], [{8, 3}, {5, 7}, {2, 6}, {4}, {1}], [{8, 3}, {5, 7}, {4, 6}, {1, 2}], [{8, 3}, {5, 7}, {4, 6}, {2}, {1}], [{8, 3}, {5, 7}, {6}, {2, 4}, {1}], [{8, 3}, {6, 7}, {1, 5}, {2, 4}], [{8, 3}, {6, 7}, {2, 5}, {1, 4}], [{8, 3}, {6, 7}, {4, 5}, {1, 2}], [{8, 4}, {1, 7}, {2, 6}, {3, 5}], [{8, 4}, {1, 7}, {3, 6}, {2, 5}], [{8, 4}, {1, 7}, {5, 6}, {2, 3}], [{8, 4}, {1, 7}, {6}, {5}, {2, 3}], [{8, 4}, {2, 7}, {1, 6}, {3, 5}], [{8, 4}, {2, 7}, {3, 6}, {1, 5}], [{8, 4}, {2, 7}, {5, 6}, {1, 3}], [{8, 4}, {3, 7}, {1, 6}, {2, 5}], [{8, 4}, {3, 7}, {2, 6}, {1, 5}], [{8, 4}, {3, 7}, {5, 6}, {1, 2}], [{8, 4}, {5, 7}, {1, 6}, {2, 3}], [{8, 4}, {5, 7}, {2, 6}, {1, 3}], [{8, 4}, {5, 7}, {3, 6}, {1, 2}], [{8, 4}, {6, 7}, {1, 5}, {2, 3}], [{8, 4}, {6, 7}, {2, 5}, {1, 3}], [{8, 4}, {6, 7}, {3, 5}, {1, 2}], [{8, 4}, {7}, {2, 6}, {1, 5}, {3}], [{8, 5}, {1, 7}, {2, 6}, {3, 4}], [{8, 5}, {1, 7}, {2, 6}, {4}, {3}], [{8, 5}, {1, 7}, {3, 6}, {2, 4}], [{8, 5}, {1, 7}, {4, 6}, {2, 3}], [{8, 5}, {2, 7}, {1, 6}, {3, 4}], [{8, 5}, {2, 7}, {3, 6}, {1, 4}], [{8, 5}, {2, 7}, {4, 6}, {1, 3}], [{8, 5}, {2, 7}, {6}, {3, 4}, {1}], [{8, 5}, {3, 7}, {1, 6}, {2, 4}], [{8, 5}, {3, 7}, {2, 6}, {1, 4}], [{8, 5}, {3, 7}, {4, 6}, {1, 2}], [{8, 5}, {3, 7}, {4, 6}, {2}, {1}], [{8, 5}, {4, 7}, {1, 6}, {2, 3}], [{8, 5}, {4, 7}, {2, 6}, {1, 3}], [{8, 5}, {4, 7}, {2, 6}, {3}, {1}], [{8, 5}, {4, 7}, {3, 6}, {1, 2}], [{8, 5}, {6, 7}, {1, 4}, {2, 3}], [{8, 5}, {6, 7}, {2, 4}, {1, 3}], [{8, 5}, {6, 7}, {3, 4}, {1, 2}], [{8, 5}, {6, 7}, {4}, {1, 3}, {2}], [{8, 5}, {7}, {2, 6}, {1, 4}, {3}], [{8, 6}, {1, 7}, {2, 5}, {3, 4}], [{8, 6}, {1, 7}, {3, 5}, {2, 4}], [{8, 6}, {1, 7}, {4, 5}, {2, 3}], [{8, 6}, {2, 7}, {1, 5}, {3, 4}], [{8, 6}, {2, 7}, {3, 5}, {1, 4}], [{8, 6}, {2, 7}, {4, 5}, {1, 3}], [{8, 6}, {2, 7}, {5}, {3, 4}, {1}], [{8, 6}, {3, 7}, {1, 5}, {2, 4}], [{8, 6}, {3, 7}, {2, 5}, {1, 4}], [{8, 6}, {3, 7}, {4, 5}, {1, 2}], [{8, 6}, {4, 7}, {1, 5}, {2, 3}], [{8, 6}, {4, 7}, {2, 5}, {1, 3}], [{8, 6}, {4, 7}, {3, 5}, {1, 2}], [{8, 6}, {5, 7}, {1, 4}, {2, 3}], [{8, 6}, {5, 7}, {2, 4}, {1, 3}], [{8, 6}, {5, 7}, {3, 4}, {1, 2}], [{8, 6}, {7}, {1, 5}, {2, 4}, {3}], [{8, 7}, {1, 6}, {2, 5}, {3, 4}], [{8, 7}, {1, 6}, {3, 5}, {2, 4}], [{8, 7}, {1, 6}, {3, 5}, {4}, {2}], [{8, 7}, {1, 6}, {4, 5}, {2, 3}], [{8, 7}, {1, 6}, {4, 5}, {3}, {2}], [{8, 7}, {1, 6}, {5}, {3, 4}, {2}], [{8, 7}, {2, 6}, {1, 5}, {3, 4}], [{8, 7}, {2, 6}, {3, 5}, {1, 4}], [{8, 7}, {2, 6}, {3, 5}, {4}, {1}], [{8, 7}, {2, 6}, {4, 5}, {1, 3}], [{8, 7}, {2, 6}, {5}, {1, 4}, {3}], [{8, 7}, {3, 6}, {1, 5}, {2, 4}], [{8, 7}, {3, 6}, {2, 5}, {1, 4}], [{8, 7}, {3, 6}, {4, 5}, {1, 2}], [{8, 7}, {3, 6}, {5}, {2, 4}, {1}], [{8, 7}, {4, 6}, {1, 5}, {2, 3}], [{8, 7}, {4, 6}, {1, 5}, {3}, {2}], [{8, 7}, {4, 6}, {2, 5}, {1, 3}], [{8, 7}, {4, 6}, {3, 5}, {1, 2}], [{8, 7}, {5, 6}, {1, 4}, {2, 3}], [{8, 7}, {5, 6}, {1, 4}, {3}, {2}], [{8, 7}, {5, 6}, {2, 4}, {1, 3}], [{8, 7}, {5, 6}, {3, 4}, {1, 2}], [{8, 7}, {6}, {2, 5}, {1, 4}, {3}], [{8, 7}, {6}, {3, 5}, {4}, {1, 2}], [{8}, {1, 7}, {3, 6}, {5}, {2, 4}], [{8}, {2, 7}, {1, 6}, {5}, {3, 4}], [{8}, {2, 7}, {3, 6}, {4, 5}, {1}], [{8}, {2, 7}, {4, 6}, {3, 5}, {1}], [{8}, {2, 7}, {5, 6}, {3, 4}, {1}], [{8}, {2, 7}, {6}, {1, 5}, {3, 4}], [{8}, {2, 7}, {6}, {5}, {3, 4}, {1}], [{8}, {3, 7}, {2, 6}, {4, 5}, {1}], [{8}, {3, 7}, {4, 6}, {2, 5}, {1}], [{8}, {3, 7}, {5, 6}, {2, 4}, {1}], [{8}, {4, 7}, {1, 6}, {5}, {2, 3}], [{8}, {4, 7}, {2, 6}, {5}, {1, 3}], [{8}, {5, 7}, {1, 6}, {2, 4}, {3}], [{8}, {5, 7}, {2, 6}, {1, 4}, {3}], [{8}, {5, 7}, {4, 6}, {1, 3}, {2}]]",2,16 K_1^3 + 4 K_1^2 K_2 - 28 K_1^2 - 22 K_1 K_2 - 4 K_1 K_3 - K_1 + 14 K_2 + 7 K_3 + K_4 + 14,O1O2O3O4U1U4U2O5O6U3O7U5U7O8U6U8,O1O2O3U2U4U1U3O5O6U5O7O8U7O4U6U8,O1O2O3U4U5O6U7O4O7U8O5O8U1U3U6U2,c,{'O1O2O3O4U5U6O5U7U8O7U2O6O8U3U1U4'},1,"<a href=""/flatknot/8.857921"">8.857921</a>",t^9-67t^7-108t^6+466t^5+914t^4+28t^3-374t^2-188t-24,-t^3+3t,,
8.857922,O1O2O3O4U5U6O5U7U8O7U2O6O8U4U1U3,4,3z^2+56z+101,3w^3z^2+56w^2z+101w,False,False,"[[ 0 -1  0  2  1 -1 -1 -1  1],[ 1  0  1  2  1  0  0  0  2],[ 0 -1  0  0 -1  0  1  0  2],[-2 -2  0  0  0 -3 -2 -3  0],[-1 -1  1  0  0 -2 -1 -2  1],[ 1  0  0  3  2  0 -1  0  1],[ 1  0 -1  2  1  1  0  0  0],[ 1  0  0  3  2  0  0  0  1],[-1 -2 -2  0 -1 -1  0 -1  0]]","[[ 0  2  1  1  0 -1 -1 -1 -1],[-2  0  0  0  0 -2 -2 -3 -3],[-1  0  0  1  1 -1 -1 -2 -2],[-1  0 -1  0 -2  0 -2 -1 -1],[ 0  0 -1  2  0  1 -1  0  0],[ 1  2  1  0 -1  0  0  1  0],[ 1  2  1  2  1  0  0  0  0],[ 1  3  2  1  0 -1  0  0  0],[ 1  3  2  1  0  0  0  0  0]]",True,"[-2,-1,-1,0,1,1,1,1,0,0,0,2,2,3,3,-1,-1,1,1,2,2,2,0,2,1,1,-1,1,0,0,0,-1,0,0,0,0]","[-2,-1,-1,0,1,1,1,1,0,0,0,2,2,3,3,-1,-1,1,1,2,2,2,0,2,1,1,-1,1,0,0,0,-1,0,0,0,0]",t^8+51t^6+416t^4+144t^2+1,"[-1,-1,-1,-1,0,1,1,2,-1,0,0,2,1,2,1,0,0,1,0,1,0,0,0,1,0,1,1,0,1,0,2,-1,2,-1,1,1]","[-2,-1,-1,0,1,1,1,1,1,1,2,0,0,1,1,-1,-1,1,1,0,2,2,0,0,1,1,1,1,0,2,0,0,-1,0,0,0]","[-1,-1,-1,-1,0,1,1,2,-1,0,0,0,1,2,3,0,0,-1,0,1,2,0,0,1,2,3,1,2,1,2,2,-1,0,-1,0,0]",c,"[[{8, 1}, {2, 7}, {3, 6}, {4, 5}], [{8, 1}, {2, 7}, {4, 6}, {3, 5}], [{8, 1}, {2, 7}, {4, 6}, {5}, {3}], [{8, 1}, {2, 7}, {5, 6}, {3, 4}], [{8, 1}, {3, 7}, {2, 6}, {4, 5}], [{8, 1}, {3, 7}, {2, 6}, {5}, {4}], [{8, 1}, {3, 7}, {4, 6}, {2, 5}], [{8, 1}, {3, 7}, {5, 6}, {2, 4}], [{8, 1}, {4, 7}, {2, 6}, {3, 5}], [{8, 1}, {4, 7}, {3, 6}, {2, 5}], [{8, 1}, {4, 7}, {3, 6}, {5}, {2}], [{8, 1}, {4, 7}, {5, 6}, {2, 3}], [{8, 1}, {4, 7}, {5, 6}, {3}, {2}], [{8, 1}, {4, 7}, {6}, {3, 5}, {2}], [{8, 1}, {5, 7}, {2, 6}, {3, 4}], [{8, 1}, {5, 7}, {2, 6}, {4}, {3}], [{8, 1}, {5, 7}, {3, 6}, {2, 4}], [{8, 1}, {5, 7}, {4, 6}, {2, 3}], [{8, 1}, {6, 7}, {2, 5}, {3, 4}], [{8, 1}, {6, 7}, {3, 5}, {2, 4}], [{8, 1}, {6, 7}, {4, 5}, {2, 3}], [{8, 1}, {6, 7}, {5}, {4}, {2, 3}], [{8, 1}, {7}, {2, 6}, {3, 5}, {4}], [{8, 2}, {1, 7}, {3, 6}, {4, 5}], [{8, 2}, {1, 7}, {4, 6}, {3, 5}], [{8, 2}, {1, 7}, {5, 6}, {3, 4}], [{8, 2}, {1, 7}, {6}, {5}, {3, 4}], [{8, 2}, {3, 7}, {1, 6}, {4, 5}], [{8, 2}, {3, 7}, {4, 6}, {1, 5}], [{8, 2}, {3, 7}, {5, 6}, {1, 4}], [{8, 2}, {4, 7}, {1, 6}, {3, 5}], [{8, 2}, {4, 7}, {3, 6}, {1, 5}], [{8, 2}, {4, 7}, {5, 6}, {1, 3}], [{8, 2}, {5, 7}, {1, 6}, {3, 4}], [{8, 2}, {5, 7}, {3, 6}, {1, 4}], [{8, 2}, {5, 7}, {4, 6}, {1, 3}], [{8, 2}, {5, 7}, {6}, {4}, {1, 3}], [{8, 2}, {6, 7}, {1, 5}, {3, 4}], [{8, 2}, {6, 7}, {1, 5}, {4}, {3}], [{8, 2}, {6, 7}, {3, 5}, {1, 4}], [{8, 2}, {6, 7}, {3, 5}, {4}, {1}], [{8, 2}, {6, 7}, {4, 5}, {1, 3}], [{8, 2}, {6, 7}, {4, 5}, {3}, {1}], [{8, 2}, {6, 7}, {5}, {1, 4}, {3}], [{8, 2}, {6, 7}, {5}, {3, 4}, {1}], [{8, 2}, {6, 7}, {5}, {4}, {1, 3}], [{8, 2}, {6, 7}, {5}, {4}, {3}, {1}], [{8, 2}, {7}, {1, 6}, {5}, {3, 4}], [{8, 2}, {7}, {5, 6}, {4}, {1, 3}], [{8, 3}, {1, 7}, {2, 6}, {4, 5}], [{8, 3}, {1, 7}, {2, 6}, {5}, {4}], [{8, 3}, {1, 7}, {4, 6}, {2, 5}], [{8, 3}, {1, 7}, {5, 6}, {2, 4}], [{8, 3}, {2, 7}, {1, 6}, {4, 5}], [{8, 3}, {2, 7}, {4, 6}, {1, 5}], [{8, 3}, {2, 7}, {4, 6}, {5}, {1}], [{8, 3}, {2, 7}, {5, 6}, {1, 4}], [{8, 3}, {4, 7}, {1, 6}, {2, 5}], [{8, 3}, {4, 7}, {2, 6}, {1, 5}], [{8, 3}, {4, 7}, {5, 6}, {1, 2}], [{8, 3}, {4, 7}, {6}, {1, 5}, {2}], [{8, 3}, {5, 7}, {1, 6}, {2, 4}], [{8, 3}, {5, 7}, {2, 6}, {1, 4}], [{8, 3}, {5, 7}, {2, 6}, {4}, {1}], [{8, 3}, {5, 7}, {4, 6}, {1, 2}], [{8, 3}, {6, 7}, {1, 5}, {2, 4}], [{8, 3}, {6, 7}, {2, 5}, {1, 4}], [{8, 3}, {6, 7}, {4, 5}, {1, 2}], [{8, 3}, {6, 7}, {5}, {4}, {1, 2}], [{8, 3}, {7}, {2, 6}, {1, 5}, {4}], [{8, 3}, {7}, {5, 6}, {2, 4}, {1}], [{8, 4}, {1, 7}, {2, 6}, {3, 5}], [{8, 4}, {1, 7}, {3, 6}, {2, 5}], [{8, 4}, {1, 7}, {5, 6}, {2, 3}], [{8, 4}, {1, 7}, {5, 6}, {3}, {2}], [{8, 4}, {2, 7}, {1, 6}, {3, 5}], [{8, 4}, {2, 7}, {1, 6}, {5}, {3}], [{8, 4}, {2, 7}, {3, 6}, {1, 5}], [{8, 4}, {2, 7}, {3, 6}, {5}, {1}], [{8, 4}, {2, 7}, {5, 6}, {1, 3}], [{8, 4}, {2, 7}, {6}, {5}, {1, 3}], [{8, 4}, {3, 7}, {1, 6}, {2, 5}], [{8, 4}, {3, 7}, {2, 6}, {1, 5}], [{8, 4}, {3, 7}, {5, 6}, {1, 2}], [{8, 4}, {3, 7}, {6}, {5}, {1, 2}], [{8, 4}, {5, 7}, {1, 6}, {2, 3}], [{8, 4}, {5, 7}, {2, 6}, {1, 3}], [{8, 4}, {5, 7}, {2, 6}, {3}, {1}], [{8, 4}, {5, 7}, {3, 6}, {1, 2}], [{8, 4}, {6, 7}, {1, 5}, {2, 3}], [{8, 4}, {6, 7}, {2, 5}, {1, 3}], [{8, 4}, {6, 7}, {3, 5}, {1, 2}], [{8, 4}, {6, 7}, {5}, {1, 3}, {2}], [{8, 4}, {7}, {2, 6}, {5}, {1, 3}], [{8, 4}, {7}, {3, 6}, {1, 5}, {2}], [{8, 4}, {7}, {5, 6}, {2, 3}, {1}], [{8, 5}, {1, 7}, {2, 6}, {3, 4}], [{8, 5}, {1, 7}, {2, 6}, {4}, {3}], [{8, 5}, {1, 7}, {3, 6}, {2, 4}], [{8, 5}, {1, 7}, {4, 6}, {2, 3}], [{8, 5}, {2, 7}, {1, 6}, {3, 4}], [{8, 5}, {2, 7}, {3, 6}, {1, 4}], [{8, 5}, {2, 7}, {4, 6}, {1, 3}], [{8, 5}, {2, 7}, {6}, {4}, {1, 3}], [{8, 5}, {3, 7}, {1, 6}, {2, 4}], [{8, 5}, {3, 7}, {2, 6}, {1, 4}], [{8, 5}, {3, 7}, {2, 6}, {4}, {1}], [{8, 5}, {3, 7}, {4, 6}, {1, 2}], [{8, 5}, {4, 7}, {1, 6}, {2, 3}], [{8, 5}, {4, 7}, {2, 6}, {1, 3}], [{8, 5}, {4, 7}, {2, 6}, {3}, {1}], [{8, 5}, {4, 7}, {3, 6}, {1, 2}], [{8, 5}, {6, 7}, {1, 4}, {2, 3}], [{8, 5}, {6, 7}, {2, 4}, {1, 3}], [{8, 5}, {6, 7}, {3, 4}, {1, 2}], [{8, 5}, {6, 7}, {4}, {1, 3}, {2}], [{8, 5}, {7}, {2, 6}, {1, 4}, {3}], [{8, 5}, {7}, {2, 6}, {3, 4}, {1}], [{8, 5}, {7}, {2, 6}, {4}, {1, 3}], [{8, 5}, {7}, {2, 6}, {4}, {3}, {1}], [{8, 6}, {1, 7}, {2, 5}, {3, 4}], [{8, 6}, {1, 7}, {3, 5}, {2, 4}], [{8, 6}, {1, 7}, {4, 5}, {2, 3}], [{8, 6}, {1, 7}, {5}, {2, 4}, {3}], [{8, 6}, {2, 7}, {1, 5}, {3, 4}], [{8, 6}, {2, 7}, {3, 5}, {1, 4}], [{8, 6}, {2, 7}, {4, 5}, {1, 3}], [{8, 6}, {2, 7}, {5}, {4}, {1, 3}], [{8, 6}, {3, 7}, {1, 5}, {2, 4}], [{8, 6}, {3, 7}, {2, 5}, {1, 4}], [{8, 6}, {3, 7}, {4, 5}, {1, 2}], [{8, 6}, {4, 7}, {1, 5}, {2, 3}], [{8, 6}, {4, 7}, {2, 5}, {1, 3}], [{8, 6}, {4, 7}, {3, 5}, {1, 2}], [{8, 6}, {4, 7}, {5}, {3}, {1, 2}], [{8, 6}, {5, 7}, {1, 4}, {2, 3}], [{8, 6}, {5, 7}, {2, 4}, {1, 3}], [{8, 6}, {5, 7}, {3, 4}, {1, 2}], [{8, 6}, {5, 7}, {4}, {1, 3}, {2}], [{8, 6}, {7}, {2, 5}, {4}, {1, 3}], [{8, 6}, {7}, {5}, {1, 4}, {2, 3}], [{8, 7}, {1, 6}, {2, 5}, {3, 4}], [{8, 7}, {1, 6}, {3, 5}, {2, 4}], [{8, 7}, {1, 6}, {3, 5}, {4}, {2}], [{8, 7}, {1, 6}, {4, 5}, {2, 3}], [{8, 7}, {2, 6}, {1, 5}, {3, 4}], [{8, 7}, {2, 6}, {1, 5}, {4}, {3}], [{8, 7}, {2, 6}, {3, 5}, {1, 4}], [{8, 7}, {2, 6}, {3, 5}, {4}, {1}], [{8, 7}, {2, 6}, {4, 5}, {1, 3}], [{8, 7}, {2, 6}, {4, 5}, {3}, {1}], [{8, 7}, {2, 6}, {5}, {1, 4}, {3}], [{8, 7}, {2, 6}, {5}, {3, 4}, {1}], [{8, 7}, {2, 6}, {5}, {4}, {1, 3}], [{8, 7}, {2, 6}, {5}, {4}, {3}, {1}], [{8, 7}, {3, 6}, {1, 5}, {2, 4}], [{8, 7}, {3, 6}, {2, 5}, {1, 4}], [{8, 7}, {3, 6}, {4, 5}, {1, 2}], [{8, 7}, {3, 6}, {5}, {2, 4}, {1}], [{8, 7}, {4, 6}, {1, 5}, {2, 3}], [{8, 7}, {4, 6}, {2, 5}, {1, 3}], [{8, 7}, {4, 6}, {3, 5}, {1, 2}], [{8, 7}, {4, 6}, {5}, {2, 3}, {1}], [{8, 7}, {5, 6}, {1, 4}, {2, 3}], [{8, 7}, {5, 6}, {2, 4}, {1, 3}], [{8, 7}, {5, 6}, {3, 4}, {1, 2}], [{8, 7}, {5, 6}, {4}, {1, 3}, {2}], [{8, 7}, {6}, {2, 5}, {4}, {1, 3}], [{8, 7}, {6}, {3, 5}, {4}, {1, 2}], [{8}, {1, 7}, {2, 6}, {3, 5}, {4}], [{8}, {1, 7}, {3, 6}, {4, 5}, {2}], [{8}, {1, 7}, {5, 6}, {4}, {2, 3}], [{8}, {2, 7}, {4, 6}, {5}, {1, 3}], [{8}, {2, 7}, {5, 6}, {4}, {1, 3}], [{8}, {2, 7}, {6}, {4, 5}, {1, 3}], [{8}, {2, 7}, {6}, {5}, {4}, {1, 3}], [{8}, {3, 7}, {2, 6}, {1, 5}, {4}], [{8}, {3, 7}, {4, 6}, {2, 5}, {1}], [{8}, {4, 7}, {2, 6}, {5}, {1, 3}], [{8}, {4, 7}, {3, 6}, {2, 5}, {1}], [{8}, {5, 7}, {2, 6}, {1, 4}, {3}], [{8}, {5, 7}, {2, 6}, {3, 4}, {1}], [{8}, {5, 7}, {2, 6}, {4}, {1, 3}], [{8}, {5, 7}, {2, 6}, {4}, {3}, {1}], [{8}, {5, 7}, {3, 6}, {1, 4}, {2}], [{8}, {5, 7}, {6}, {1, 4}, {2, 3}], [{8}, {6, 7}, {2, 5}, {4}, {1, 3}], [{8}, {6, 7}, {4, 5}, {1, 3}, {2}], [{8}, {6, 7}, {5}, {2, 4}, {1, 3}], [{8}, {6, 7}, {5}, {4}, {1, 3}, {2}], [{8}, {7}, {2, 6}, {4, 5}, {1, 3}], [{8}, {7}, {2, 6}, {5}, {4}, {1, 3}]]",2,- 14 K_1^2 - 8 K_1 K_2 + 4 K_1 + 7 K_2 + 4 K_3 + 8,O1O2O3O4U2U4U1O5O6U3O7U5U7O8U6U8,O1O2O3U2U4U3U1O5O6U5O7O8U7O4U6U8,O1O2O3U4U5O6U7O4O7U8O5O8U3U1U6U2,c,"{'O1O2O3O4U5U6O5U7U8O7U2O6O8U4U1U3', 'O1O2O3U4U5O4U6U7O6U1O5O7U8U2O8U3'}",2,"<a href=""/flatknot/8.857922"">8.857922</a>",t^9-49t^7-44t^6+319t^5+304t^4-253t^3-54t^2+38t,-t^2+2t,,
8.857923,O1O2O3O4U5U6O5U7U8O7U3O6O8U1U2U4,4,z^3+25z^2+107z+123,w^4z^3+25w^3z^2+107w^2z+123w,False,False,"[[ 0 -2  0  1  3 -1 -1 -1  1],[ 2  0  1  2  3  1  1  1  3],[ 0 -1  0  2  2 -1 -1 -1  1],[-1 -2 -2  0 -1 -1  0 -1  1],[-3 -3 -2  1  0 -4 -3 -4 -1],[ 1 -1  1  1  4  0 -1  0  1],[ 1 -1  1  0  3  1  0  0  0],[ 1 -1  1  1  4  0  0  0  1],[-1 -3 -1 -1  1 -1  0 -1  0]]","[[ 0  3  1  1  0 -1 -1 -1 -2],[-3  0  1 -1 -2 -3 -4 -4 -3],[-1 -1  0  1 -2  0 -1 -1 -2],[-1  1 -1  0 -1  0 -1 -1 -3],[ 0  2  2  1  0 -1 -1 -1 -1],[ 1  3  0  0  1  0  1  0 -1],[ 1  4  1  1  1 -1  0  0 -1],[ 1  4  1  1  1  0  0  0 -1],[ 2  3  2  3  1  1  1  1  0]]",True,"[-3,-1,-1,0,1,1,1,2,-1,1,2,3,4,4,3,-1,2,0,1,1,2,1,0,1,1,3,1,1,1,1,-1,0,1,0,1,1]","[-3,-1,-1,0,1,1,1,2,-1,1,2,3,4,4,3,-1,2,0,1,1,2,1,0,1,1,3,1,1,1,1,-1,0,1,0,1,1]",t^8+87t^6+823t^4+364t^2+16,"[-2,-1,-1,-1,0,1,1,3,0,0,0,1,0,1,2,-1,0,0,2,2,1,0,0,1,1,0,0,1,1,0,0,-1,1,1,1,3]","[-3,-1,-1,0,1,1,1,2,1,3,1,0,0,1,2,-1,0,1,1,2,0,-1,1,1,2,1,0,0,0,1,0,-1,0,0,0,0]","[-2,-1,-1,-1,0,1,1,3,1,1,1,1,2,3,3,-1,0,1,1,1,4,0,1,0,0,3,1,1,1,4,2,1,2,1,-1,1]",c,"[[{8, 1}, {2, 7}, {3, 6}, {4, 5}], [{8, 1}, {2, 7}, {3, 6}, {5}, {4}], [{8, 1}, {2, 7}, {4, 6}, {3, 5}], [{8, 1}, {2, 7}, {5, 6}, {3, 4}], [{8, 1}, {3, 7}, {2, 6}, {4, 5}], [{8, 1}, {3, 7}, {2, 6}, {5}, {4}], [{8, 1}, {3, 7}, {4, 6}, {2, 5}], [{8, 1}, {3, 7}, {5, 6}, {2, 4}], [{8, 1}, {4, 7}, {2, 6}, {3, 5}], [{8, 1}, {4, 7}, {2, 6}, {5}, {3}], [{8, 1}, {4, 7}, {3, 6}, {2, 5}], [{8, 1}, {4, 7}, {5, 6}, {2, 3}], [{8, 1}, {5, 7}, {2, 6}, {3, 4}], [{8, 1}, {5, 7}, {2, 6}, {4}, {3}], [{8, 1}, {5, 7}, {3, 6}, {2, 4}], [{8, 1}, {5, 7}, {4, 6}, {2, 3}], [{8, 1}, {5, 7}, {6}, {3, 4}, {2}], [{8, 1}, {6, 7}, {2, 5}, {3, 4}], [{8, 1}, {6, 7}, {3, 5}, {2, 4}], [{8, 1}, {6, 7}, {4, 5}, {2, 3}], [{8, 1}, {6, 7}, {5}, {4}, {2, 3}], [{8, 1}, {7}, {2, 6}, {3, 5}, {4}], [{8, 1}, {7}, {2, 6}, {4, 5}, {3}], [{8, 1}, {7}, {2, 6}, {5}, {3, 4}], [{8, 1}, {7}, {2, 6}, {5}, {4}, {3}], [{8, 1}, {7}, {4, 6}, {2, 5}, {3}], [{8, 1}, {7}, {5, 6}, {2, 4}, {3}], [{8, 2}, {1, 7}, {3, 6}, {4, 5}], [{8, 2}, {1, 7}, {4, 6}, {3, 5}], [{8, 2}, {1, 7}, {5, 6}, {3, 4}], [{8, 2}, {3, 7}, {1, 6}, {4, 5}], [{8, 2}, {3, 7}, {1, 6}, {5}, {4}], [{8, 2}, {3, 7}, {4, 6}, {1, 5}], [{8, 2}, {3, 7}, {4, 6}, {5}, {1}], [{8, 2}, {3, 7}, {5, 6}, {1, 4}], [{8, 2}, {3, 7}, {6}, {5}, {1, 4}], [{8, 2}, {4, 7}, {1, 6}, {3, 5}], [{8, 2}, {4, 7}, {3, 6}, {1, 5}], [{8, 2}, {4, 7}, {5, 6}, {1, 3}], [{8, 2}, {5, 7}, {1, 6}, {3, 4}], [{8, 2}, {5, 7}, {3, 6}, {1, 4}], [{8, 2}, {5, 7}, {4, 6}, {1, 3}], [{8, 2}, {6, 7}, {1, 5}, {3, 4}], [{8, 2}, {6, 7}, {3, 5}, {1, 4}], [{8, 2}, {6, 7}, {4, 5}, {1, 3}], [{8, 2}, {6, 7}, {5}, {1, 4}, {3}], [{8, 2}, {6, 7}, {5}, {3, 4}, {1}], [{8, 2}, {6, 7}, {5}, {4}, {1, 3}], [{8, 2}, {7}, {1, 6}, {4, 5}, {3}], [{8, 2}, {7}, {3, 6}, {5}, {1, 4}], [{8, 3}, {1, 7}, {2, 6}, {4, 5}], [{8, 3}, {1, 7}, {4, 6}, {2, 5}], [{8, 3}, {1, 7}, {5, 6}, {2, 4}], [{8, 3}, {2, 7}, {1, 6}, {4, 5}], [{8, 3}, {2, 7}, {4, 6}, {1, 5}], [{8, 3}, {2, 7}, {5, 6}, {1, 4}], [{8, 3}, {4, 7}, {1, 6}, {2, 5}], [{8, 3}, {4, 7}, {1, 6}, {5}, {2}], [{8, 3}, {4, 7}, {2, 6}, {1, 5}], [{8, 3}, {4, 7}, {2, 6}, {5}, {1}], [{8, 3}, {4, 7}, {5, 6}, {1, 2}], [{8, 3}, {4, 7}, {6}, {5}, {1, 2}], [{8, 3}, {5, 7}, {1, 6}, {2, 4}], [{8, 3}, {5, 7}, {2, 6}, {1, 4}], [{8, 3}, {5, 7}, {4, 6}, {1, 2}], [{8, 3}, {6, 7}, {1, 5}, {2, 4}], [{8, 3}, {6, 7}, {2, 5}, {1, 4}], [{8, 3}, {6, 7}, {4, 5}, {1, 2}], [{8, 3}, {6, 7}, {5}, {1, 4}, {2}], [{8, 3}, {7}, {4, 6}, {2, 5}, {1}], [{8, 4}, {1, 7}, {2, 6}, {3, 5}], [{8, 4}, {1, 7}, {3, 6}, {2, 5}], [{8, 4}, {1, 7}, {5, 6}, {2, 3}], [{8, 4}, {1, 7}, {6}, {5}, {2, 3}], [{8, 4}, {2, 7}, {1, 6}, {3, 5}], [{8, 4}, {2, 7}, {3, 6}, {1, 5}], [{8, 4}, {2, 7}, {3, 6}, {5}, {1}], [{8, 4}, {2, 7}, {5, 6}, {1, 3}], [{8, 4}, {3, 7}, {1, 6}, {2, 5}], [{8, 4}, {3, 7}, {2, 6}, {1, 5}], [{8, 4}, {3, 7}, {2, 6}, {5}, {1}], [{8, 4}, {3, 7}, {5, 6}, {1, 2}], [{8, 4}, {5, 7}, {1, 6}, {2, 3}], [{8, 4}, {5, 7}, {2, 6}, {1, 3}], [{8, 4}, {5, 7}, {3, 6}, {1, 2}], [{8, 4}, {5, 7}, {6}, {2, 3}, {1}], [{8, 4}, {6, 7}, {1, 5}, {2, 3}], [{8, 4}, {6, 7}, {2, 5}, {1, 3}], [{8, 4}, {6, 7}, {3, 5}, {1, 2}], [{8, 4}, {6, 7}, {5}, {2, 3}, {1}], [{8, 4}, {7}, {1, 6}, {5}, {2, 3}], [{8, 4}, {7}, {5, 6}, {2, 3}, {1}], [{8, 4}, {7}, {6}, {1, 5}, {2, 3}], [{8, 4}, {7}, {6}, {5}, {2, 3}, {1}], [{8, 5}, {1, 7}, {2, 6}, {3, 4}], [{8, 5}, {1, 7}, {3, 6}, {2, 4}], [{8, 5}, {1, 7}, {3, 6}, {4}, {2}], [{8, 5}, {1, 7}, {4, 6}, {2, 3}], [{8, 5}, {2, 7}, {1, 6}, {3, 4}], [{8, 5}, {2, 7}, {3, 6}, {1, 4}], [{8, 5}, {2, 7}, {4, 6}, {1, 3}], [{8, 5}, {3, 7}, {1, 6}, {2, 4}], [{8, 5}, {3, 7}, {1, 6}, {4}, {2}], [{8, 5}, {3, 7}, {2, 6}, {1, 4}], [{8, 5}, {3, 7}, {4, 6}, {1, 2}], [{8, 5}, {3, 7}, {4, 6}, {2}, {1}], [{8, 5}, {3, 7}, {6}, {1, 4}, {2}], [{8, 5}, {4, 7}, {1, 6}, {2, 3}], [{8, 5}, {4, 7}, {2, 6}, {1, 3}], [{8, 5}, {4, 7}, {3, 6}, {1, 2}], [{8, 5}, {4, 7}, {3, 6}, {2}, {1}], [{8, 5}, {6, 7}, {1, 4}, {2, 3}], [{8, 5}, {6, 7}, {1, 4}, {3}, {2}], [{8, 5}, {6, 7}, {2, 4}, {1, 3}], [{8, 5}, {6, 7}, {3, 4}, {1, 2}], [{8, 5}, {7}, {3, 6}, {1, 4}, {2}], [{8, 6}, {1, 7}, {2, 5}, {3, 4}], [{8, 6}, {1, 7}, {3, 5}, {2, 4}], [{8, 6}, {1, 7}, {4, 5}, {2, 3}], [{8, 6}, {1, 7}, {4, 5}, {3}, {2}], [{8, 6}, {2, 7}, {1, 5}, {3, 4}], [{8, 6}, {2, 7}, {3, 5}, {1, 4}], [{8, 6}, {2, 7}, {4, 5}, {1, 3}], [{8, 6}, {3, 7}, {1, 5}, {2, 4}], [{8, 6}, {3, 7}, {1, 5}, {4}, {2}], [{8, 6}, {3, 7}, {2, 5}, {1, 4}], [{8, 6}, {3, 7}, {4, 5}, {1, 2}], [{8, 6}, {3, 7}, {4, 5}, {2}, {1}], [{8, 6}, {3, 7}, {5}, {1, 4}, {2}], [{8, 6}, {4, 7}, {1, 5}, {2, 3}], [{8, 6}, {4, 7}, {2, 5}, {1, 3}], [{8, 6}, {4, 7}, {3, 5}, {1, 2}], [{8, 6}, {5, 7}, {1, 4}, {2, 3}], [{8, 6}, {5, 7}, {2, 4}, {1, 3}], [{8, 6}, {5, 7}, {3, 4}, {1, 2}], [{8, 6}, {5, 7}, {4}, {2, 3}, {1}], [{8, 6}, {7}, {3, 5}, {2, 4}, {1}], [{8, 6}, {7}, {4, 5}, {1, 3}, {2}], [{8, 7}, {1, 6}, {2, 5}, {3, 4}], [{8, 7}, {1, 6}, {3, 5}, {2, 4}], [{8, 7}, {1, 6}, {4, 5}, {2, 3}], [{8, 7}, {2, 6}, {1, 5}, {3, 4}], [{8, 7}, {2, 6}, {3, 5}, {1, 4}], [{8, 7}, {2, 6}, {4, 5}, {1, 3}], [{8, 7}, {3, 6}, {1, 5}, {2, 4}], [{8, 7}, {3, 6}, {1, 5}, {4}, {2}], [{8, 7}, {3, 6}, {2, 5}, {1, 4}], [{8, 7}, {3, 6}, {4, 5}, {1, 2}], [{8, 7}, {3, 6}, {4, 5}, {2}, {1}], [{8, 7}, {3, 6}, {5}, {1, 4}, {2}], [{8, 7}, {4, 6}, {1, 5}, {2, 3}], [{8, 7}, {4, 6}, {2, 5}, {1, 3}], [{8, 7}, {4, 6}, {2, 5}, {3}, {1}], [{8, 7}, {4, 6}, {3, 5}, {1, 2}], [{8, 7}, {5, 6}, {1, 4}, {2, 3}], [{8, 7}, {5, 6}, {2, 4}, {1, 3}], [{8, 7}, {5, 6}, {3, 4}, {1, 2}], [{8}, {1, 7}, {4, 6}, {2, 5}, {3}], [{8}, {2, 7}, {3, 6}, {5}, {1, 4}], [{8}, {2, 7}, {4, 6}, {3, 5}, {1}], [{8}, {3, 7}, {1, 6}, {2, 5}, {4}], [{8}, {3, 7}, {2, 6}, {5}, {1, 4}], [{8}, {3, 7}, {4, 6}, {2, 5}, {1}], [{8}, {3, 7}, {5, 6}, {1, 4}, {2}], [{8}, {3, 7}, {6}, {2, 5}, {1, 4}], [{8}, {3, 7}, {6}, {5}, {1, 4}, {2}], [{8}, {4, 7}, {1, 6}, {2, 5}, {3}], [{8}, {4, 7}, {2, 6}, {5}, {1, 3}], [{8}, {5, 7}, {1, 6}, {2, 4}, {3}], [{8}, {5, 7}, {3, 6}, {1, 4}, {2}], [{8}, {5, 7}, {4, 6}, {2, 3}, {1}], [{8}, {6, 7}, {2, 5}, {1, 4}, {3}], [{8}, {6, 7}, {3, 5}, {1, 4}, {2}], [{8}, {6, 7}, {5}, {1, 4}, {2, 3}], [{8}, {6, 7}, {5}, {1, 4}, {3}, {2}], [{8}, {7}, {1, 6}, {2, 5}, {3, 4}], [{8}, {7}, {3, 6}, {2, 5}, {1, 4}], [{8}, {7}, {3, 6}, {5}, {1, 4}, {2}], [{8}, {7}, {4, 6}, {2, 5}, {1, 3}]]",2,20 K_1^3 + 8 K_1^2 K_2 - 24 K_1^2 - 18 K_1 K_2 - 6 K_1 K_3 - 6 K_1 - 2 K_2^2 + 11 K_2 + 4 K_3 + 2 K_4 + 12,O1O2O3O4U1U3U4O5O6U2O7U5U7O8U6U8,O1O2O3U1U2U4U3O5O6U5O7O8U7O4U6U8,O1O2O3U4U5O6U7O4O7U8O5O8U1U6U2U3,c,{'O1O2O3O4U5U6O5U7U8O7U3O6O8U1U2U4'},1,"<a href=""/flatknot/8.857923"">8.857923</a>",t^9-83t^7-298t^6+100t^5+1154t^4+488t^3-658t^2-233t+90,-t^3+t^2+t,,
8.857924,O1O2O3O4U5U6O5U7U8O7U3O6O8U1U4U2,4,5z^2+90z+161,5w^3z^2+90w^2z+161w,False,False,"[[ 0 -2  1  1  2 -1 -1 -1  1],[ 2  0  2  2  2  1  1  1  3],[-1 -2  0  1  1 -2 -2 -2  0],[-1 -2 -1  0 -1 -1  0 -1  1],[-2 -2 -1  1  0 -3 -2 -3  0],[ 1 -1  2  1  3  0 -1  0  1],[ 1 -1  2  0  2  1  0  0  0],[ 1 -1  2  1  3  0  0  0  1],[-1 -3  0 -1  0 -1  0 -1  0]]","[[ 0  2  1  1  1 -1 -1 -1 -2],[-2  0  1  0 -1 -2 -3 -3 -2],[-1 -1  0  1 -1  0 -1 -1 -2],[-1  0 -1  0  0  0 -1 -1 -3],[-1  1  1  0  0 -2 -2 -2 -2],[ 1  2  0  0  2  0  1  0 -1],[ 1  3  1  1  2 -1  0  0 -1],[ 1  3  1  1  2  0  0  0 -1],[ 2  2  2  3  2  1  1  1  0]]",True,"[-2,-1,-1,-1,1,1,1,2,-1,0,1,2,3,3,2,-1,1,0,1,1,2,0,0,1,1,3,2,2,2,2,-1,0,1,0,1,1]","[-2,-1,-1,-1,1,1,1,2,-1,0,1,2,3,3,2,-1,1,0,1,1,2,0,0,1,1,3,2,2,2,2,-1,0,1,0,1,1]",t^8+67t^6+545t^4+245t^2+9,"[-2,-1,-1,-1,1,1,1,2,0,0,0,0,1,1,2,-1,0,2,0,2,1,0,1,0,1,0,1,0,1,0,0,1,1,-1,0,2]","[-2,-1,-1,-1,1,1,1,2,0,1,2,0,0,1,2,0,1,0,0,0,1,-1,1,1,2,0,1,1,2,1,0,-1,0,0,0,0]","[-2,-1,-1,-1,1,1,1,2,1,1,1,2,2,3,2,-1,0,1,2,1,3,0,0,2,0,2,1,2,1,3,-1,1,-1,0,1,0]",c,"[[{8, 1}, {2, 7}, {4, 6}, {3, 5}], [{8, 1}, {7}, {4, 6}, {3, 5}, {2}], [{8, 4}, {2, 7}, {1, 6}, {3, 5}], [{8, 5}, {3, 7}, {2, 6}, {1, 4}], [{8, 6}, {2, 7}, {3, 5}, {1, 4}], [{8, 6}, {3, 7}, {2, 5}, {1, 4}]]",1,- 28 K_1^2 - 20 K_1 K_2 - 4 K_1 K_3 + 10 K_1 - 4 K_2^2 + 16 K_2 + 10 K_3 + 4 K_4 + 17,O1O2O3O4U3U1U4O5O6U2O7U5U7O8U6U8,O1O2O3U1U3U4U2O5O6U5O7O8U7O4U6U8,O1O2O3U4U5O6U7O4O7U8O5O8U2U6U1U3,c,{'O1O2O3O4U5U6O5U7U8O7U3O6O8U1U4U2'},1,"<a href=""/flatknot/8.857924"">8.857924</a>",t^9-67t^7-194t^6+177t^5+860t^4+464t^3-214t^2-115t+2,0,,
8.857925,O1O2O3O4U5U6O5U7U8O7U3O6O8U2U1U4,4,17z^2+86z+105,17w^3z^2+86w^2z+105w,False,False,"[[ 0 -1 -1  1  3 -1 -1 -1  1],[ 1  0  0  2  3  0  0  0  2],[ 1  0  0  2  2  0  0  0  2],[-1 -2 -2  0 -1 -1  0 -1  1],[-3 -3 -2  1  0 -4 -3 -4 -1],[ 1  0  0  1  4  0 -1  0  1],[ 1  0  0  0  3  1  0  0  0],[ 1  0  0  1  4  0  0  0  1],[-1 -2 -2 -1  1 -1  0 -1  0]]","[[ 0  3  1  1 -1 -1 -1 -1 -1],[-3  0  1 -1 -2 -3 -3 -4 -4],[-1 -1  0  1 -2  0 -2 -1 -1],[-1  1 -1  0 -2  0 -2 -1 -1],[ 1  2  2  2  0  0  0  0  0],[ 1  3  0  0  0  0  0  1  0],[ 1  3  2  2  0  0  0  0  0],[ 1  4  1  1  0 -1  0  0  0],[ 1  4  1  1  0  0  0  0  0]]",True,"[-3,-1,-1,1,1,1,1,1,-1,1,2,3,3,4,4,-1,2,0,2,1,1,2,0,2,1,1,0,0,0,0,0,-1,0,0,0,0]","[-3,-1,-1,1,1,1,1,1,-1,1,2,3,3,4,4,-1,2,0,2,1,1,2,0,2,1,1,0,0,0,0,0,-1,0,0,0,0]",t^8+78t^6+648t^4+251t^2,"[-1,-1,-1,-1,-1,1,1,3,-1,0,0,0,2,2,1,0,0,0,1,1,0,0,0,0,0,1,0,0,0,2,1,1,0,-1,3,1]","[-3,-1,-1,1,1,1,1,1,1,3,0,0,1,1,2,-1,1,1,0,2,0,1,1,0,2,0,0,0,-1,0,0,0,0,0,0,0]","[-1,-1,-1,-1,-1,1,1,3,-1,0,0,0,1,1,4,0,0,0,0,0,3,0,0,1,1,4,0,2,2,2,2,2,3,-1,1,-1]",c,"[[{8, 2}, {3, 7}, {1, 6}, {4, 5}], [{8, 2}, {3, 7}, {4, 6}, {1, 5}], [{8, 2}, {3, 7}, {5, 6}, {1, 4}], [{8, 2}, {5, 7}, {1, 6}, {3, 4}], [{8, 3}, {2, 7}, {4, 6}, {1, 5}], [{8, 4}, {5, 7}, {1, 6}, {2, 3}]]",1,- 10 K_1^2 - 10 K_1 K_2 - 2 K_1 K_3 + 5 K_1 - 2 K_2^2 + 6 K_2 + 5 K_3 + 2 K_4 + 7,O1O2O3O4U1U4U3O5O6U2O7U5U7O8U6U8,O1O2O3U2U1U4U3O5O6U5O7O8U7O4U6U8,O1O2O3U4U5O6U7O4O7U8O5O8U1U6U3U2,c,{'O1O2O3O4U5U6O5U7U8O7U3O6O8U2U1U4'},1,"<a href=""/flatknot/8.857925"">8.857925</a>",t^9-72t^7-106t^6+432t^5+726t^4+69t^3-180t^2+12t+2,-t^3+3t,,
8.857926,O1O2O3O4U5U6O5U7U8O7U3O6O8U4U1U2,4,z^3+25z^2+107z+123,w^4z^3+25w^3z^2+107w^2z+123w,False,False,"[[ 0 -1  1  1  1 -1 -1 -1  1],[ 1  0  1  1  1  0  0  0  2],[-1 -1  0  1  1 -2 -2 -2  0],[-1 -1 -1  0 -1 -1  0 -1  1],[-1 -1 -1  1  0 -2 -1 -2  1],[ 1  0  2  1  2  0 -1  0  1],[ 1  0  2  0  1  1  0  0  0],[ 1  0  2  1  2  0  0  0  1],[-1 -2  0 -1 -1 -1  0 -1  0]]","[[ 0  1  1  1  1 -1 -1 -1 -1],[-1  0  1  1  0 -1 -2 -2 -2],[-1 -1  0  1  1 -1 -1 -2 -2],[-1 -1 -1  0  1 -1  0 -1 -1],[-1  0 -1 -1  0 -2  0 -1 -1],[ 1  1  1  1  2  0  0  0  0],[ 1  2  1  0  0  0  0  1  0],[ 1  2  2  1  1  0 -1  0  0],[ 1  2  2  1  1  0  0  0  0]]",True,"[-1,-1,-1,-1,1,1,1,1,-1,-1,0,1,2,2,2,-1,-1,1,1,2,2,-1,1,0,1,1,2,0,1,1,0,0,0,-1,0,0]","[-1,-1,-1,-1,1,1,1,1,-1,-1,0,0,1,1,2,-1,-1,1,1,1,2,-1,1,0,0,1,1,0,0,0,0,0,0,0,-1,0]",t^8+38t^6+185t^4+64t^2,"[-1,-1,-1,-1,1,1,1,1,-1,0,0,0,1,2,2,0,0,0,0,1,1,0,0,0,1,1,1,1,0,1,-1,0,-1,-1,-1,1]","[-1,-1,-1,-1,1,1,1,1,-1,-1,0,0,1,1,2,-1,-1,1,1,1,2,-1,1,0,0,1,1,0,0,0,0,0,0,0,-1,0]","[-1,-1,-1,-1,1,1,1,1,-1,0,0,1,1,2,2,0,0,0,0,1,2,0,1,1,2,2,1,2,1,1,1,-1,-1,-1,0,-1]",c,"[[{8, 7}, {3, 6}, {4, 5}, {1, 2}]]",0,8 K_1^3 - 24 K_1^2 - 8 K_1 K_2 - 2 K_1 + 12 K_2 + 2 K_3 + 13,O1O2O3O4U3U4U1O5O6U2O7U5U7O8U6U8,O1O2O3U2U3U4U1O5O6U5O7O8U7O4U6U8,O1O2O3U4U5O6U7O4O7U8O5O8U3U6U1U2,c,{'O1O2O3O4U5U6O5U7U8O7U3O6O8U4U1U2'},1,"<a href=""/flatknot/8.857926"">8.857926</a>",t^9-38t^7-70t^6+105t^5+270t^4+48t^3-122t^2-40t+6,0,,
8.857927,O1O2O3O4U5U6O5U7U8O7U4O6O8U1U2U3,3,3z^2+8z+5,-12w^4z^2+15w^3z^2-28w^3z+36w^2z+5w,False,False,"[[ 0 -2  0  2  2 -1 -1 -1  1],[ 2  0  1  2  2  1  1  1  3],[ 0 -1  0  1  2 -1 -1 -1  1],[-2 -2 -1  0  2 -3 -3 -3 -1],[-2 -2 -2 -2  0 -2 -1 -2  0],[ 1 -1  1  3  2  0 -1  0  1],[ 1 -1  1  3  1  1  0  0  0],[ 1 -1  1  3  2  0  0  0  1],[-1 -3 -1  1  0 -1  0 -1  0]]","[[ 0  2  2  1  0 -1 -1 -1 -2],[-2  0  2 -1 -1 -3 -3 -3 -2],[-2 -2  0  0 -2 -1 -2 -2 -2],[-1  1  0  0 -1  0 -1 -1 -3],[ 0  1  2  1  0 -1 -1 -1 -1],[ 1  3  1  0  1  0  1  0 -1],[ 1  3  2  1  1 -1  0  0 -1],[ 1  3  2  1  1  0  0  0 -1],[ 2  2  2  3  1  1  1  1  0]]",True,"[-2,-2,-1,0,1,1,1,2,-2,1,1,3,3,3,2,0,2,1,2,2,2,1,0,1,1,3,1,1,1,1,-1,0,1,0,1,1]","[-2,-2,-1,0,1,1,1,2,-2,1,0,1,1,2,2,0,1,0,0,0,2,0,1,1,2,0,0,0,0,1,0,-1,0,0,0,0]",t^8+74t^6+566t^4+170t^2,"[-2,-1,-1,-1,0,1,2,2,0,0,0,1,0,2,2,-1,0,0,2,0,2,0,0,1,0,1,0,1,0,1,0,1,0,0,1,-2]","[-2,-2,-1,0,1,1,1,2,-2,1,0,1,1,2,2,0,1,0,0,0,2,0,1,1,2,0,0,0,0,1,0,-1,0,0,0,0]","[-2,-1,-1,-1,0,1,2,2,1,1,1,1,3,2,2,-1,0,1,1,2,3,0,1,0,1,3,1,1,2,3,1,2,1,0,1,-2]",c,"[[{8, 1}, {2, 7}, {4, 6}, {3, 5}], [{8, 2}, {4, 7}, {5, 6}, {1, 3}], [{8, 2}, {4, 7}, {6}, {5}, {1, 3}], [{8, 5}, {2, 7}, {4, 6}, {1, 3}], [{8, 5}, {4, 7}, {2, 6}, {1, 3}], [{8, 5}, {4, 7}, {6}, {1, 3}, {2}], [{8, 5}, {6, 7}, {2, 4}, {1, 3}], [{8, 5}, {6, 7}, {4}, {1, 3}, {2}], [{8, 5}, {7}, {4, 6}, {1, 3}, {2}], [{8, 6}, {2, 7}, {4, 5}, {1, 3}], [{8, 6}, {4, 7}, {2, 5}, {1, 3}], [{8, 6}, {4, 7}, {5}, {1, 3}, {2}], [{8, 6}, {5, 7}, {2, 4}, {1, 3}], [{8, 6}, {5, 7}, {4}, {1, 3}, {2}], [{8, 6}, {7}, {4, 5}, {1, 3}, {2}], [{8}, {4, 7}, {2, 6}, {5}, {1, 3}], [{8}, {4, 7}, {5, 6}, {1, 3}, {2}], [{8}, {4, 7}, {6}, {2, 5}, {1, 3}], [{8}, {4, 7}, {6}, {5}, {1, 3}, {2}]]",1,- 8 K_1^4 + 8 K_1^3 + 8 K_1^2 K_2 + 4 K_1^2 - 4 K_1 K_2 - 2 K_1 K_3 - 4 K_1 - K_2,O1O2O3O4U2U3U4O5O6U1O7U5U7O8U6U8,O1O2O3U1U2U3U4O5O6U5O7O8U7O4U6U8,O1O2O3U4U5O6U7O4O7U8O5O8U6U1U2U3,c,"{'O1O2O3U4O5U6U7O4U8U5O7O6O8U1U2U3', 'O1O2O3O4U5U6O5U7U8O7U4O6O8U1U2U3'}",2,"<a href=""/flatknot/8.857927"">8.857927</a>",t^9-72t^7-264t^6-7t^5+766t^4+488t^3-208t^2-192t,-t^2+2t,,
8.857928,O1O2O3O4U5U6O5U7U8O7U4O6O8U1U3U2,4,3z^3+29z^2+73z+55,3w^4z^3+29w^3z^2+73w^2z+55w,False,False,"[[ 0 -2  1  1  2 -1 -1 -1  1],[ 2  0  2  1  2  1  1  1  3],[-1 -2  0  0  2 -2 -2 -2  0],[-1 -1  0  0  2 -2 -2 -2  0],[-2 -2 -2 -2  0 -2 -1 -2  0],[ 1 -1  2  2  2  0 -1  0  1],[ 1 -1  2  2  1  1  0  0  0],[ 1 -1  2  2  2  0  0  0  1],[-1 -3  0  0  0 -1  0 -1  0]]","[[ 0  2  1  1  1 -1 -1 -1 -2],[-2  0  0 -2 -2 -1 -2 -2 -2],[-1  0  0  0  0  0 -1 -1 -3],[-1  2  0  0  0 -2 -2 -2 -1],[-1  2  0  0  0 -2 -2 -2 -2],[ 1  1  0  2  2  0  1  0 -1],[ 1  2  1  2  2 -1  0  0 -1],[ 1  2  1  2  2  0  0  0 -1],[ 2  2  3  1  2  1  1  1  0]]",True,"[-2,-1,-1,-1,1,1,1,2,0,2,2,1,2,2,2,0,0,0,1,1,3,0,2,2,2,1,2,2,2,2,-1,0,1,0,1,1]","[-2,-1,-1,-1,1,1,1,2,-1,-1,1,1,1,2,2,0,0,0,0,0,1,0,0,0,0,2,1,1,2,0,0,-1,0,0,0,0]",t^8+65t^6+452t^4+155t^2+4,"[-2,-1,-1,-1,1,1,1,2,0,0,0,0,1,2,2,-1,0,2,0,0,2,0,1,0,0,1,1,0,0,1,0,0,1,0,-1,-1]","[-2,-1,-1,-1,1,1,1,2,-1,-1,1,1,1,2,2,0,0,0,0,0,1,0,0,0,0,2,1,1,2,0,0,-1,0,0,0,0]","[-2,-1,-1,-1,1,1,1,2,1,1,1,1,2,3,2,-1,0,2,2,1,2,0,2,2,0,1,2,2,1,2,0,0,2,0,2,0]",c,"[[{8, 1}, {2, 7}, {3, 6}, {4, 5}], [{8, 1}, {2, 7}, {4, 6}, {3, 5}], [{8, 1}, {7}, {3, 6}, {4, 5}, {2}], [{8, 4}, {2, 7}, {1, 6}, {3, 5}], [{8, 4}, {2, 7}, {3, 6}, {1, 5}], [{8, 5}, {2, 7}, {3, 6}, {1, 4}], [{8, 6}, {2, 7}, {3, 5}, {1, 4}]]",1,4 K_1^3 + 4 K_1^2 K_2 - 4 K_1 K_2 - 4 K_1 K_3 - K_1 + K_3 + K_4,O1O2O3O4U3U2U4O5O6U1O7U5U7O8U6U8,O1O2O3U1U3U2U4O5O6U5O7O8U7O4U6U8,O1O2O3U4U5O6U7O4O7U8O5O8U6U2U1U3,c,"{'O1O2O3O4U5U6O5U7U8O7U4O6O8U1U3U2', 'O1O2O3U4O5U6U7O4U8U5O7O6O8U1U3U2'}",2,"<a href=""/flatknot/8.857928"">8.857928</a>",t^9-65t^7-192t^6+182t^5+860t^4+404t^3-174t^2-55t,0,,
8.857929,O1O2O3O4U5U6O5U7U8O7U4O6O8U2U1U3,4,3z^3+29z^2+73z+55,3w^4z^3+29w^3z^2+73w^2z+55w,False,False,"[[ 0 -1 -1  2  2 -1 -1 -1  1],[ 1  0  0  2  2  0  0  0  2],[ 1  0  0  1  2  0  0  0  2],[-2 -2 -1  0  2 -3 -3 -3 -1],[-2 -2 -2 -2  0 -2 -1 -2  0],[ 1  0  0  3  2  0 -1  0  1],[ 1  0  0  3  1  1  0  0  0],[ 1  0  0  3  2  0  0  0  1],[-1 -2 -2  1  0 -1  0 -1  0]]","[[ 0  2  2  1 -1 -1 -1 -1 -1],[-2  0  2 -1 -1 -2 -3 -3 -3],[-2 -2  0  0 -2 -2 -1 -2 -2],[-1  1  0  0 -2 -2  0 -1 -1],[ 1  1  2  2  0  0  0  0  0],[ 1  2  2  2  0  0  0  0  0],[ 1  3  1  0  0  0  0  1  0],[ 1  3  2  1  0  0 -1  0  0],[ 1  3  2  1  0  0  0  0  0]]",True,"[-2,-2,-1,1,1,1,1,1,-2,1,1,2,3,3,3,0,2,2,1,2,2,2,2,0,1,1,0,0,0,0,0,0,0,-1,0,0]","[-2,-2,-1,1,1,1,1,1,-2,1,1,1,1,1,2,0,0,0,1,2,0,1,1,0,0,2,0,0,0,-1,0,0,0,0,0,0]",t^8+65t^6+444t^4+151t^2+4,"[-1,-1,-1,-1,-1,1,2,2,-1,0,0,0,2,0,2,0,0,0,1,0,1,0,0,0,1,1,0,0,2,1,1,0,1,0,1,-2]","[-2,-2,-1,1,1,1,1,1,-2,1,1,1,1,1,2,0,0,0,1,2,0,1,1,0,0,2,0,0,0,-1,0,0,0,0,0,0]","[-1,-1,-1,-1,-1,1,2,2,-1,0,0,0,1,2,3,0,0,0,0,1,3,0,0,1,2,3,0,2,2,1,2,2,2,0,1,-2]",c,"[[{8, 2}, {5, 7}, {1, 6}, {3, 4}], [{8, 2}, {5, 7}, {1, 6}, {4}, {3}], [{8, 5}, {2, 7}, {1, 6}, {3, 4}]]",1,4 K_1^3 - 4 K_1 K_2 - K_1 + K_3 + 1,O1O2O3O4U2U4U3O5O6U1O7U5U7O8U6U8,O1O2O3U2U1U3U4O5O6U5O7O8U7O4U6U8,O1O2O3U4U5O6U7O4O7U8O5O8U6U1U3U2,c,"{'O1O2O3O4U5U6O5U7U8O7U4O6O8U2U1U3', 'O1O2O3U4O5U6U7O4U8U5O7O6O8U2U1U3'}",2,"<a href=""/flatknot/8.857929"">8.857929</a>",t^9-61t^7-112t^6+304t^5+328t^4-42t^3-30t^2+3t,-2t^2+4t,,
8.857930,O1O2O3O4U5U6O5U7U8O7U4O6O8U3U1U2,3,9z^2+34z+33,9w^3z^2+34w^2z+33w,False,False,"[[ 0 -1  1  0  2 -1 -1 -1  1],[ 1  0  1  0  2  0  0  0  2],[-1 -1  0  0  2 -2 -2 -2  0],[ 0  0  0  0  2 -1 -1 -1  1],[-2 -2 -2 -2  0 -2 -1 -2  0],[ 1  0  2  1  2  0 -1  0  1],[ 1  0  2  1  1  1  0  0  0],[ 1  0  2  1  2  0  0  0  1],[-1 -2  0 -1  0 -1  0 -1  0]]","[[ 0  2  1  1  0 -1 -1 -1 -1],[-2  0  0 -2 -2 -1 -2 -2 -2],[-1  0  0  0 -1  0 -1 -1 -2],[-1  2  0  0  0 -2 -2 -2 -1],[ 0  2  1  0  0 -1 -1 -1  0],[ 1  1  0  2  1  0  1  0  0],[ 1  2  1  2  1 -1  0  0  0],[ 1  2  1  2  1  0  0  0  0],[ 1  2  2  1  0  0  0  0  0]]",True,"[-2,-1,-1,0,1,1,1,1,0,2,2,1,2,2,2,0,1,0,1,1,2,0,2,2,2,1,1,1,1,0,-1,0,0,0,0,0]","[-2,-1,-1,0,1,1,1,1,-1,1,0,1,1,1,2,0,1,0,0,1,0,0,1,1,0,2,0,0,1,0,0,0,-1,0,0,0]",t^8+45t^6+188t^4+60t^2,"[-1,-1,-1,-1,0,1,1,2,-1,0,0,0,0,2,2,0,0,0,0,1,1,0,0,0,1,1,1,1,0,1,1,0,0,0,-1,1]","[-2,-1,-1,0,1,1,1,1,-1,1,0,1,1,1,2,0,1,0,0,1,0,0,1,1,0,2,0,0,1,0,0,0,-1,0,0,0]","[-1,-1,-1,-1,0,1,1,2,-1,0,0,1,1,2,2,0,0,1,0,2,1,0,0,2,1,2,1,1,2,2,1,0,2,0,0,2]",c,"[[{8, 1}, {3, 7}, {4, 6}, {2, 5}], [{8, 1}, {4, 7}, {3, 6}, {2, 5}], [{8, 1}, {4, 7}, {3, 6}, {5}, {2}], [{8, 1}, {6, 7}, {2, 5}, {3, 4}], [{8, 2}, {4, 7}, {3, 6}, {1, 5}], [{8, 2}, {4, 7}, {3, 6}, {5}, {1}], [{8, 3}, {4, 7}, {1, 6}, {2, 5}], [{8, 3}, {4, 7}, {1, 6}, {5}, {2}], [{8, 3}, {4, 7}, {2, 6}, {1, 5}], [{8, 3}, {4, 7}, {2, 6}, {5}, {1}], [{8, 3}, {4, 7}, {5, 6}, {1, 2}], [{8, 3}, {4, 7}, {6}, {5}, {1, 2}], [{8, 5}, {3, 7}, {4, 6}, {1, 2}], [{8, 5}, {4, 7}, {3, 6}, {1, 2}], [{8, 5}, {4, 7}, {6}, {3}, {1, 2}], [{8, 5}, {6, 7}, {3, 4}, {1, 2}], [{8, 5}, {6, 7}, {4}, {3}, {1, 2}], [{8, 5}, {7}, {4, 6}, {3}, {1, 2}], [{8, 6}, {3, 7}, {4, 5}, {1, 2}], [{8, 6}, {4, 7}, {3, 5}, {1, 2}], [{8, 6}, {4, 7}, {5}, {3}, {1, 2}], [{8, 6}, {5, 7}, {3, 4}, {1, 2}], [{8, 6}, {5, 7}, {4}, {3}, {1, 2}], [{8, 6}, {7}, {4, 5}, {3}, {1, 2}], [{8}, {4, 7}, {3, 6}, {5}, {1, 2}], [{8}, {4, 7}, {5, 6}, {3}, {1, 2}], [{8}, {4, 7}, {6}, {3, 5}, {1, 2}], [{8}, {4, 7}, {6}, {5}, {3}, {1, 2}]]",1,4 K_1^3 - 2 K_1^2 - 4 K_1 K_2 - K_1 + K_2 + K_3 + 2,O1O2O3O4U3U4U2O5O6U1O7U5U7O8U6U8,O1O2O3U2U3U1U4O5O6U5O7O8U7O4U6U8,O1O2O3U4U5O6U7O4O7U8O5O8U6U3U1U2,c,"{'O1O2O3U4U5O4U6O5O6U7O8U2U1O7U3U8', 'O1O2O3O4U5U6O5U7U8O7U4O6O8U3U1U2', 'O1O2O3U4O5U6U7O4U8U5O7O6O8U3U1U2', 'O1O2O3U4U5O4U6U7O6U3O5O7U8U1O8U2', 'O1O2U3O4O5U6U7U8O3U5O7O6U4O8U1U2'}",5,"<a href=""/flatknot/8.857930"">8.857930</a>",t^9-43t^7-80t^6+157t^5+198t^4-75t^3-66t^2+16t,-t^2+2t,,
8.857931,O1O2O3O4U5U6O5U7U1O8U2O6O7U3U8U4,3,9z^2+54z+73,9w^3z^2+54w^2z+73w,False,False,"[[ 0 -1  0  0  3 -1 -1  0  0],[ 1  0  1  0  1  1  1  1  0],[ 0 -1  0 -1  1  0  1  1  0],[ 0  0  1  0  2 -1  0  1 -1],[-3 -1 -1 -2  0 -4 -2 -1 -2],[ 1 -1  0  1  4  0 -1  0  1],[ 1 -1 -1  0  2  1  0  0  1],[ 0 -1 -1 -1  1  0  0  0  0],[ 0  0  0  1  2 -1 -1  0  0]]","[[ 0  3  0  0  0  0 -1 -1 -1],[-3  0 -1 -1 -2 -2 -1 -2 -4],[ 0  1  0  1  0 -1 -1  1  0],[ 0  1 -1  0  0 -1 -1  0  0],[ 0  2  0  0  0  1  0 -1 -1],[ 0  2  1  1 -1  0  0  0 -1],[ 1  1  1  1  0  0  0  1  1],[ 1  2 -1  0  1  0 -1  0  1],[ 1  4  0  0  1  1 -1 -1  0]]",True,"[-3,0,0,0,0,1,1,1,1,1,2,2,1,2,4,-1,0,1,1,-1,0,0,1,1,0,0,-1,0,1,1,0,0,1,-1,-1,-1]","[-3,0,0,0,0,1,1,1,1,1,2,2,0,2,3,-1,1,1,0,1,1,0,0,0,0,1,-1,1,1,0,1,2,0,-1,-1,-1]",t^8+44t^6+310t^4+80t^2,"[-1,-1,-1,0,0,0,0,3,-1,-1,0,0,1,1,3,-1,1,2,0,1,2,1,1,0,0,0,1,0,1,2,0,1,2,-1,1,1]","[-3,0,0,0,0,1,1,1,1,1,2,2,0,2,3,-1,1,1,0,1,1,0,0,0,0,1,-1,1,1,0,1,2,0,-1,-1,-1]","[-1,-1,-1,0,0,0,0,3,-1,-1,0,0,1,1,4,-1,-1,0,0,1,2,1,1,0,0,1,1,-1,0,1,-1,0,1,-1,2,2]",c,"[[{8, 1}, {2, 7}, {3, 6}, {4, 5}], [{8, 1}, {2, 7}, {4, 6}, {3, 5}], [{8, 1}, {2, 7}, {4, 6}, {5}, {3}], [{8, 1}, {2, 7}, {5, 6}, {3, 4}], [{8, 1}, {2, 7}, {6}, {3, 5}, {4}], [{8, 1}, {3, 7}, {2, 6}, {4, 5}], [{8, 1}, {3, 7}, {4, 6}, {2, 5}], [{8, 1}, {3, 7}, {5, 6}, {2, 4}], [{8, 1}, {3, 7}, {6}, {5}, {2, 4}], [{8, 1}, {4, 7}, {2, 6}, {3, 5}], [{8, 1}, {4, 7}, {2, 6}, {5}, {3}], [{8, 1}, {4, 7}, {3, 6}, {2, 5}], [{8, 1}, {4, 7}, {5, 6}, {2, 3}], [{8, 1}, {4, 7}, {6}, {3, 5}, {2}], [{8, 1}, {5, 7}, {2, 6}, {3, 4}], [{8, 1}, {5, 7}, {3, 6}, {2, 4}], [{8, 1}, {5, 7}, {4, 6}, {2, 3}], [{8, 1}, {5, 7}, {6}, {2, 4}, {3}], [{8, 1}, {5, 7}, {6}, {3, 4}, {2}], [{8, 1}, {5, 7}, {6}, {4}, {2, 3}], [{8, 1}, {6, 7}, {2, 5}, {3, 4}], [{8, 1}, {6, 7}, {3, 5}, {2, 4}], [{8, 1}, {6, 7}, {3, 5}, {4}, {2}], [{8, 1}, {6, 7}, {4, 5}, {2, 3}], [{8, 1}, {6, 7}, {5}, {2, 4}, {3}], [{8, 1}, {7}, {2, 6}, {3, 5}, {4}], [{8, 1}, {7}, {3, 6}, {2, 5}, {4}], [{8, 1}, {7}, {3, 6}, {4, 5}, {2}], [{8, 1}, {7}, {3, 6}, {5}, {2, 4}], [{8, 1}, {7}, {4, 6}, {3, 5}, {2}], [{8, 1}, {7}, {5, 6}, {2, 4}, {3}], [{8, 1}, {7}, {6}, {3, 5}, {2, 4}], [{8, 1}, {7}, {6}, {5}, {2, 4}, {3}], [{8, 2}, {1, 7}, {3, 6}, {4, 5}], [{8, 2}, {1, 7}, {4, 6}, {3, 5}], [{8, 2}, {1, 7}, {5, 6}, {3, 4}], [{8, 2}, {3, 7}, {1, 6}, {4, 5}], [{8, 2}, {3, 7}, {4, 6}, {1, 5}], [{8, 2}, {3, 7}, {5, 6}, {1, 4}], [{8, 2}, {3, 7}, {6}, {5}, {1, 4}], [{8, 2}, {4, 7}, {1, 6}, {3, 5}], [{8, 2}, {4, 7}, {3, 6}, {1, 5}], [{8, 2}, {4, 7}, {5, 6}, {1, 3}], [{8, 2}, {5, 7}, {1, 6}, {3, 4}], [{8, 2}, {5, 7}, {3, 6}, {1, 4}], [{8, 2}, {5, 7}, {4, 6}, {1, 3}], [{8, 2}, {5, 7}, {6}, {1, 4}, {3}], [{8, 2}, {5, 7}, {6}, {3, 4}, {1}], [{8, 2}, {5, 7}, {6}, {4}, {1, 3}], [{8, 2}, {6, 7}, {1, 5}, {3, 4}], [{8, 2}, {6, 7}, {3, 5}, {1, 4}], [{8, 2}, {6, 7}, {4, 5}, {1, 3}], [{8, 2}, {6, 7}, {5}, {1, 4}, {3}], [{8, 2}, {7}, {1, 6}, {4, 5}, {3}], [{8, 2}, {7}, {3, 6}, {5}, {1, 4}], [{8, 2}, {7}, {4, 6}, {1, 5}, {3}], [{8, 2}, {7}, {5, 6}, {1, 4}, {3}], [{8, 2}, {7}, {6}, {3, 5}, {1, 4}], [{8, 2}, {7}, {6}, {5}, {1, 4}, {3}], [{8, 3}, {1, 7}, {2, 6}, {4, 5}], [{8, 3}, {1, 7}, {4, 6}, {2, 5}], [{8, 3}, {1, 7}, {5, 6}, {2, 4}], [{8, 3}, {2, 7}, {1, 6}, {4, 5}], [{8, 3}, {2, 7}, {4, 6}, {1, 5}], [{8, 3}, {2, 7}, {5, 6}, {1, 4}], [{8, 3}, {2, 7}, {6}, {5}, {1, 4}], [{8, 3}, {4, 7}, {1, 6}, {2, 5}], [{8, 3}, {4, 7}, {2, 6}, {1, 5}], [{8, 3}, {4, 7}, {5, 6}, {1, 2}], [{8, 3}, {5, 7}, {1, 6}, {2, 4}], [{8, 3}, {5, 7}, {2, 6}, {1, 4}], [{8, 3}, {5, 7}, {4, 6}, {1, 2}], [{8, 3}, {5, 7}, {6}, {1, 4}, {2}], [{8, 3}, {5, 7}, {6}, {2, 4}, {1}], [{8, 3}, {5, 7}, {6}, {4}, {1, 2}], [{8, 3}, {6, 7}, {1, 5}, {2, 4}], [{8, 3}, {6, 7}, {2, 5}, {1, 4}], [{8, 3}, {6, 7}, {4, 5}, {1, 2}], [{8, 3}, {6, 7}, {5}, {1, 4}, {2}], [{8, 3}, {7}, {1, 6}, {4, 5}, {2}], [{8, 3}, {7}, {2, 6}, {5}, {1, 4}], [{8, 3}, {7}, {4, 6}, {1, 5}, {2}], [{8, 3}, {7}, {5, 6}, {1, 4}, {2}], [{8, 3}, {7}, {6}, {2, 5}, {1, 4}], [{8, 3}, {7}, {6}, {5}, {1, 4}, {2}], [{8, 4}, {1, 7}, {2, 6}, {3, 5}], [{8, 4}, {1, 7}, {3, 6}, {2, 5}], [{8, 4}, {1, 7}, {5, 6}, {2, 3}], [{8, 4}, {2, 7}, {1, 6}, {3, 5}], [{8, 4}, {2, 7}, {3, 6}, {1, 5}], [{8, 4}, {2, 7}, {5, 6}, {1, 3}], [{8, 4}, {3, 7}, {1, 6}, {2, 5}], [{8, 4}, {3, 7}, {2, 6}, {1, 5}], [{8, 4}, {3, 7}, {5, 6}, {1, 2}], [{8, 4}, {3, 7}, {6}, {2, 5}, {1}], [{8, 4}, {5, 7}, {1, 6}, {2, 3}], [{8, 4}, {5, 7}, {2, 6}, {1, 3}], [{8, 4}, {5, 7}, {3, 6}, {1, 2}], [{8, 4}, {5, 7}, {6}, {1, 3}, {2}], [{8, 4}, {5, 7}, {6}, {2, 3}, {1}], [{8, 4}, {5, 7}, {6}, {3}, {1, 2}], [{8, 4}, {6, 7}, {1, 5}, {2, 3}], [{8, 4}, {6, 7}, {2, 5}, {1, 3}], [{8, 4}, {6, 7}, {3, 5}, {1, 2}], [{8, 4}, {7}, {1, 6}, {3, 5}, {2}], [{8, 4}, {7}, {3, 6}, {1, 5}, {2}], [{8, 5}, {1, 7}, {2, 6}, {3, 4}], [{8, 5}, {1, 7}, {3, 6}, {2, 4}], [{8, 5}, {1, 7}, {4, 6}, {2, 3}], [{8, 5}, {2, 7}, {1, 6}, {3, 4}], [{8, 5}, {2, 7}, {3, 6}, {1, 4}], [{8, 5}, {2, 7}, {4, 6}, {1, 3}], [{8, 5}, {3, 7}, {1, 6}, {2, 4}], [{8, 5}, {3, 7}, {2, 6}, {1, 4}], [{8, 5}, {3, 7}, {4, 6}, {1, 2}], [{8, 5}, {4, 7}, {1, 6}, {2, 3}], [{8, 5}, {4, 7}, {2, 6}, {1, 3}], [{8, 5}, {4, 7}, {3, 6}, {1, 2}], [{8, 5}, {6, 7}, {1, 4}, {2, 3}], [{8, 5}, {6, 7}, {2, 4}, {1, 3}], [{8, 5}, {6, 7}, {3, 4}, {1, 2}], [{8, 5}, {7}, {6}, {1, 4}, {2, 3}], [{8, 5}, {7}, {6}, {3, 4}, {1, 2}], [{8, 6}, {1, 7}, {2, 5}, {3, 4}], [{8, 6}, {1, 7}, {3, 5}, {2, 4}], [{8, 6}, {1, 7}, {4, 5}, {2, 3}], [{8, 6}, {2, 7}, {1, 5}, {3, 4}], [{8, 6}, {2, 7}, {3, 5}, {1, 4}], [{8, 6}, {2, 7}, {4, 5}, {1, 3}], [{8, 6}, {2, 7}, {5}, {1, 4}, {3}], [{8, 6}, {3, 7}, {1, 5}, {2, 4}], [{8, 6}, {3, 7}, {1, 5}, {4}, {2}], [{8, 6}, {3, 7}, {2, 5}, {1, 4}], [{8, 6}, {3, 7}, {2, 5}, {4}, {1}], [{8, 6}, {3, 7}, {4, 5}, {1, 2}], [{8, 6}, {3, 7}, {4, 5}, {2}, {1}], [{8, 6}, {3, 7}, {5}, {1, 4}, {2}], [{8, 6}, {3, 7}, {5}, {2, 4}, {1}], [{8, 6}, {3, 7}, {5}, {4}, {1, 2}], [{8, 6}, {3, 7}, {5}, {4}, {2}, {1}], [{8, 6}, {4, 7}, {1, 5}, {2, 3}], [{8, 6}, {4, 7}, {2, 5}, {1, 3}], [{8, 6}, {4, 7}, {3, 5}, {1, 2}], [{8, 6}, {4, 7}, {5}, {3}, {1, 2}], [{8, 6}, {5, 7}, {1, 4}, {2, 3}], [{8, 6}, {5, 7}, {2, 4}, {1, 3}], [{8, 6}, {5, 7}, {3, 4}, {1, 2}], [{8, 6}, {7}, {5}, {1, 4}, {2, 3}], [{8, 6}, {7}, {5}, {3, 4}, {1, 2}], [{8, 7}, {1, 6}, {2, 5}, {3, 4}], [{8, 7}, {1, 6}, {3, 5}, {2, 4}], [{8, 7}, {1, 6}, {4, 5}, {2, 3}], [{8, 7}, {2, 6}, {1, 5}, {3, 4}], [{8, 7}, {2, 6}, {3, 5}, {1, 4}], [{8, 7}, {2, 6}, {4, 5}, {1, 3}], [{8, 7}, {2, 6}, {5}, {1, 4}, {3}], [{8, 7}, {3, 6}, {1, 5}, {2, 4}], [{8, 7}, {3, 6}, {1, 5}, {4}, {2}], [{8, 7}, {3, 6}, {2, 5}, {1, 4}], [{8, 7}, {3, 6}, {2, 5}, {4}, {1}], [{8, 7}, {3, 6}, {4, 5}, {1, 2}], [{8, 7}, {3, 6}, {4, 5}, {2}, {1}], [{8, 7}, {3, 6}, {5}, {1, 4}, {2}], [{8, 7}, {3, 6}, {5}, {2, 4}, {1}], [{8, 7}, {3, 6}, {5}, {4}, {1, 2}], [{8, 7}, {3, 6}, {5}, {4}, {2}, {1}], [{8, 7}, {4, 6}, {1, 5}, {2, 3}], [{8, 7}, {4, 6}, {2, 5}, {1, 3}], [{8, 7}, {4, 6}, {3, 5}, {1, 2}], [{8, 7}, {4, 6}, {5}, {3}, {1, 2}], [{8, 7}, {5, 6}, {1, 4}, {2, 3}], [{8, 7}, {5, 6}, {2, 4}, {1, 3}], [{8, 7}, {5, 6}, {3, 4}, {1, 2}], [{8, 7}, {6}, {5}, {1, 4}, {2, 3}], [{8, 7}, {6}, {5}, {3, 4}, {1, 2}], [{8}, {1, 7}, {2, 6}, {5}, {3, 4}], [{8}, {1, 7}, {3, 6}, {2, 5}, {4}], [{8}, {1, 7}, {3, 6}, {4, 5}, {2}], [{8}, {1, 7}, {3, 6}, {5}, {2, 4}], [{8}, {2, 7}, {1, 6}, {5}, {3, 4}], [{8}, {2, 7}, {3, 6}, {5}, {1, 4}], [{8}, {2, 7}, {4, 6}, {3, 5}, {1}], [{8}, {3, 7}, {1, 6}, {5}, {2, 4}], [{8}, {3, 7}, {2, 6}, {5}, {1, 4}], [{8}, {3, 7}, {4, 6}, {2, 5}, {1}], [{8}, {4, 7}, {2, 6}, {3, 5}, {1}], [{8}, {4, 7}, {3, 6}, {1, 5}, {2}], [{8}, {5, 7}, {6}, {1, 4}, {2, 3}], [{8}, {5, 7}, {6}, {2, 4}, {1, 3}], [{8}, {5, 7}, {6}, {3, 4}, {1, 2}], [{8}, {6, 7}, {3, 5}, {2, 4}, {1}], [{8}, {6, 7}, {5}, {1, 4}, {2, 3}], [{8}, {6, 7}, {5}, {3, 4}, {1, 2}], [{8}, {7}, {1, 6}, {4, 5}, {2, 3}], [{8}, {7}, {4, 6}, {1, 5}, {2, 3}], [{8}, {7}, {5, 6}, {1, 4}, {2, 3}], [{8}, {7}, {5, 6}, {3, 4}, {1, 2}], [{8}, {7}, {6}, {5}, {1, 4}, {2, 3}], [{8}, {7}, {6}, {5}, {3, 4}, {1, 2}]]",2,4 K_1^3 - 16 K_1^2 - 10 K_1 K_2 + 2 K_1 + 8 K_2 + 4 K_3 + 9,O1O2O3O4U1U5U2O6O7U3O5U4U6O8U7U8,O1O2O3U4U5U1U3O6O7U6O8O4U2O5U7U8,O1O2O3U4U5O6U2O7O4U8O5O8U1U3U6U7,c,"{'O1O2O3O4U5U6O5U7U1O8U2O6O7U3U8U4', 'O1O2O3O4U5U6U7O6U1O8U2O7O5U3U8U4'}",2,"<a href=""/flatknot/8.857931"">8.857931</a>",t^9-38t^7-112t^6+14t^5+394t^4+321t^3-328t^2-464t-112,-t^3+3t,,
8.857932,O1O2O3O4U5U6O5U7U1O8U2O6O7U8U3U4,3,8z^2+37z+43,-4w^4z^2+12w^3z^2-16w^3z+53w^2z+43w,False,False,"[[ 0 -1  0  1  3 -1 -1  0 -1],[ 1  0  1  0  1  1  1  1 -1],[ 0 -1  0  0  1  0  1  1 -1],[-1  0  0  0  1 -2  0  1 -2],[-3 -1 -1 -1  0 -4 -2 -1 -2],[ 1 -1  0  2  4  0 -1  0  0],[ 1 -1 -1  0  2  1  0  0  0],[ 0 -1 -1 -1  1  0  0  0 -1],[ 1  1  1  2  2  0  0  1  0]]","[[ 0  3  1  0  0 -1 -1 -1 -1],[-3  0 -1 -1 -1 -1 -2 -2 -4],[-1  1  0  1  0  0  0 -2 -2],[ 0  1 -1  0 -1 -1  0 -1  0],[ 0  1  0  1  0 -1  1 -1  0],[ 1  1  0  1  1  0  1 -1  1],[ 1  2  0  0 -1 -1  0  0  1],[ 1  2  2  1  1  1  0  0  0],[ 1  4  2  0  0 -1 -1  0  0]]",True,"[-3,-1,0,0,1,1,1,1,1,1,1,1,2,2,4,-1,0,0,0,2,2,1,1,0,1,0,1,-1,1,0,-1,1,-1,0,-1,0]","[-3,-1,0,0,1,1,1,1,1,1,1,1,2,2,4,-1,0,0,0,2,2,1,1,0,1,0,1,-1,1,0,-1,1,-1,0,-1,0]",t^8+47t^6+406t^4+251t^2,"[-1,-1,-1,-1,0,0,1,3,-1,-1,1,0,0,2,3,-1,0,1,2,2,2,0,1,1,0,0,0,0,0,2,1,2,2,1,2,1]","[-3,-1,0,0,1,1,1,1,1,2,2,0,2,2,3,1,2,0,0,2,2,1,1,0,2,0,1,0,1,0,0,-1,-1,0,1,-1]","[-1,-1,-1,-1,0,0,1,3,-1,-1,0,0,0,2,4,-1,0,-1,0,0,2,-1,1,1,0,1,1,1,2,2,1,0,1,-1,1,1]",c,"[[{8, 1}, {2, 7}, {3, 6}, {4, 5}], [{8, 1}, {2, 7}, {4, 6}, {3, 5}], [{8, 1}, {2, 7}, {5, 6}, {3, 4}], [{8, 1}, {2, 7}, {6}, {4, 5}, {3}], [{8, 1}, {3, 7}, {2, 6}, {4, 5}], [{8, 1}, {3, 7}, {4, 6}, {2, 5}], [{8, 1}, {3, 7}, {4, 6}, {5}, {2}], [{8, 1}, {3, 7}, {5, 6}, {2, 4}], [{8, 1}, {4, 7}, {2, 6}, {3, 5}], [{8, 1}, {4, 7}, {3, 6}, {2, 5}], [{8, 1}, {4, 7}, {3, 6}, {5}, {2}], [{8, 1}, {4, 7}, {5, 6}, {2, 3}], [{8, 1}, {5, 7}, {2, 6}, {3, 4}], [{8, 1}, {5, 7}, {3, 6}, {2, 4}], [{8, 1}, {5, 7}, {4, 6}, {2, 3}], [{8, 1}, {5, 7}, {6}, {2, 4}, {3}], [{8, 1}, {5, 7}, {6}, {3, 4}, {2}], [{8, 1}, {5, 7}, {6}, {4}, {2, 3}], [{8, 1}, {6, 7}, {2, 5}, {3, 4}], [{8, 1}, {6, 7}, {3, 5}, {2, 4}], [{8, 1}, {6, 7}, {4, 5}, {2, 3}], [{8, 2}, {1, 7}, {3, 6}, {4, 5}], [{8, 2}, {1, 7}, {4, 6}, {3, 5}], [{8, 2}, {1, 7}, {5, 6}, {3, 4}], [{8, 2}, {3, 7}, {1, 6}, {4, 5}], [{8, 2}, {3, 7}, {4, 6}, {1, 5}], [{8, 2}, {3, 7}, {5, 6}, {1, 4}], [{8, 2}, {3, 7}, {6}, {5}, {1, 4}], [{8, 2}, {4, 7}, {1, 6}, {3, 5}], [{8, 2}, {4, 7}, {3, 6}, {1, 5}], [{8, 2}, {4, 7}, {5, 6}, {1, 3}], [{8, 2}, {5, 7}, {1, 6}, {3, 4}], [{8, 2}, {5, 7}, {3, 6}, {1, 4}], [{8, 2}, {5, 7}, {4, 6}, {1, 3}], [{8, 2}, {5, 7}, {6}, {1, 4}, {3}], [{8, 2}, {5, 7}, {6}, {3, 4}, {1}], [{8, 2}, {5, 7}, {6}, {4}, {1, 3}], [{8, 2}, {6, 7}, {1, 5}, {3, 4}], [{8, 2}, {6, 7}, {3, 5}, {1, 4}], [{8, 2}, {6, 7}, {4, 5}, {1, 3}], [{8, 2}, {6, 7}, {5}, {1, 4}, {3}], [{8, 2}, {7}, {1, 6}, {4, 5}, {3}], [{8, 2}, {7}, {3, 6}, {5}, {1, 4}], [{8, 2}, {7}, {4, 6}, {1, 5}, {3}], [{8, 2}, {7}, {5, 6}, {1, 4}, {3}], [{8, 2}, {7}, {6}, {3, 5}, {1, 4}], [{8, 2}, {7}, {6}, {5}, {1, 4}, {3}], [{8, 3}, {1, 7}, {2, 6}, {4, 5}], [{8, 3}, {1, 7}, {4, 6}, {2, 5}], [{8, 3}, {1, 7}, {5, 6}, {2, 4}], [{8, 3}, {2, 7}, {1, 6}, {4, 5}], [{8, 3}, {2, 7}, {4, 6}, {1, 5}], [{8, 3}, {2, 7}, {5, 6}, {1, 4}], [{8, 3}, {2, 7}, {6}, {5}, {1, 4}], [{8, 3}, {4, 7}, {1, 6}, {2, 5}], [{8, 3}, {4, 7}, {2, 6}, {1, 5}], [{8, 3}, {4, 7}, {5, 6}, {1, 2}], [{8, 3}, {5, 7}, {1, 6}, {2, 4}], [{8, 3}, {5, 7}, {2, 6}, {1, 4}], [{8, 3}, {5, 7}, {4, 6}, {1, 2}], [{8, 3}, {5, 7}, {6}, {1, 4}, {2}], [{8, 3}, {5, 7}, {6}, {2, 4}, {1}], [{8, 3}, {5, 7}, {6}, {4}, {1, 2}], [{8, 3}, {6, 7}, {1, 5}, {2, 4}], [{8, 3}, {6, 7}, {2, 5}, {1, 4}], [{8, 3}, {6, 7}, {4, 5}, {1, 2}], [{8, 3}, {6, 7}, {5}, {1, 4}, {2}], [{8, 3}, {7}, {1, 6}, {4, 5}, {2}], [{8, 3}, {7}, {2, 6}, {5}, {1, 4}], [{8, 3}, {7}, {4, 6}, {1, 5}, {2}], [{8, 3}, {7}, {5, 6}, {1, 4}, {2}], [{8, 3}, {7}, {6}, {2, 5}, {1, 4}], [{8, 3}, {7}, {6}, {5}, {1, 4}, {2}], [{8, 4}, {1, 7}, {2, 6}, {3, 5}], [{8, 4}, {1, 7}, {3, 6}, {2, 5}], [{8, 4}, {1, 7}, {5, 6}, {2, 3}], [{8, 4}, {1, 7}, {6}, {2, 5}, {3}], [{8, 4}, {2, 7}, {1, 6}, {3, 5}], [{8, 4}, {2, 7}, {3, 6}, {1, 5}], [{8, 4}, {2, 7}, {5, 6}, {1, 3}], [{8, 4}, {2, 7}, {6}, {1, 5}, {3}], [{8, 4}, {3, 7}, {1, 6}, {2, 5}], [{8, 4}, {3, 7}, {2, 6}, {1, 5}], [{8, 4}, {3, 7}, {5, 6}, {1, 2}], [{8, 4}, {3, 7}, {6}, {5}, {1, 2}], [{8, 4}, {5, 7}, {1, 6}, {2, 3}], [{8, 4}, {5, 7}, {1, 6}, {3}, {2}], [{8, 4}, {5, 7}, {2, 6}, {1, 3}], [{8, 4}, {5, 7}, {2, 6}, {3}, {1}], [{8, 4}, {5, 7}, {3, 6}, {1, 2}], [{8, 4}, {5, 7}, {3, 6}, {2}, {1}], [{8, 4}, {5, 7}, {6}, {1, 3}, {2}], [{8, 4}, {5, 7}, {6}, {2, 3}, {1}], [{8, 4}, {5, 7}, {6}, {3}, {1, 2}], [{8, 4}, {5, 7}, {6}, {3}, {2}, {1}], [{8, 4}, {6, 7}, {1, 5}, {2, 3}], [{8, 4}, {6, 7}, {2, 5}, {1, 3}], [{8, 4}, {6, 7}, {3, 5}, {1, 2}], [{8, 4}, {6, 7}, {5}, {3}, {1, 2}], [{8, 4}, {7}, {3, 6}, {5}, {1, 2}], [{8, 4}, {7}, {5, 6}, {3}, {1, 2}], [{8, 4}, {7}, {6}, {3, 5}, {1, 2}], [{8, 4}, {7}, {6}, {5}, {3}, {1, 2}], [{8, 5}, {1, 7}, {2, 6}, {3, 4}], [{8, 5}, {1, 7}, {3, 6}, {2, 4}], [{8, 5}, {1, 7}, {4, 6}, {2, 3}], [{8, 5}, {2, 7}, {1, 6}, {3, 4}], [{8, 5}, {2, 7}, {3, 6}, {1, 4}], [{8, 5}, {2, 7}, {4, 6}, {1, 3}], [{8, 5}, {3, 7}, {1, 6}, {2, 4}], [{8, 5}, {3, 7}, {1, 6}, {4}, {2}], [{8, 5}, {3, 7}, {2, 6}, {1, 4}], [{8, 5}, {3, 7}, {4, 6}, {1, 2}], [{8, 5}, {4, 7}, {1, 6}, {2, 3}], [{8, 5}, {4, 7}, {2, 6}, {1, 3}], [{8, 5}, {4, 7}, {3, 6}, {1, 2}], [{8, 5}, {4, 7}, {6}, {3}, {1, 2}], [{8, 5}, {6, 7}, {1, 4}, {2, 3}], [{8, 5}, {6, 7}, {2, 4}, {1, 3}], [{8, 5}, {6, 7}, {3, 4}, {1, 2}], [{8, 5}, {7}, {6}, {1, 4}, {2, 3}], [{8, 6}, {1, 7}, {2, 5}, {3, 4}], [{8, 6}, {1, 7}, {3, 5}, {2, 4}], [{8, 6}, {1, 7}, {4, 5}, {2, 3}], [{8, 6}, {2, 7}, {1, 5}, {3, 4}], [{8, 6}, {2, 7}, {3, 5}, {1, 4}], [{8, 6}, {2, 7}, {4, 5}, {1, 3}], [{8, 6}, {2, 7}, {5}, {1, 4}, {3}], [{8, 6}, {3, 7}, {1, 5}, {2, 4}], [{8, 6}, {3, 7}, {2, 5}, {1, 4}], [{8, 6}, {3, 7}, {4, 5}, {1, 2}], [{8, 6}, {3, 7}, {5}, {1, 4}, {2}], [{8, 6}, {4, 7}, {1, 5}, {2, 3}], [{8, 6}, {4, 7}, {2, 5}, {1, 3}], [{8, 6}, {4, 7}, {3, 5}, {1, 2}], [{8, 6}, {4, 7}, {5}, {1, 3}, {2}], [{8, 6}, {5, 7}, {1, 4}, {2, 3}], [{8, 6}, {5, 7}, {2, 4}, {1, 3}], [{8, 6}, {5, 7}, {3, 4}, {1, 2}], [{8, 6}, {5, 7}, {4}, {3}, {1, 2}], [{8, 6}, {7}, {5}, {1, 4}, {2, 3}], [{8, 7}, {1, 6}, {2, 5}, {3, 4}], [{8, 7}, {1, 6}, {3, 5}, {2, 4}], [{8, 7}, {1, 6}, {3, 5}, {4}, {2}], [{8, 7}, {1, 6}, {4, 5}, {2, 3}], [{8, 7}, {2, 6}, {1, 5}, {3, 4}], [{8, 7}, {2, 6}, {3, 5}, {1, 4}], [{8, 7}, {2, 6}, {4, 5}, {1, 3}], [{8, 7}, {2, 6}, {5}, {1, 4}, {3}], [{8, 7}, {3, 6}, {1, 5}, {2, 4}], [{8, 7}, {3, 6}, {2, 5}, {1, 4}], [{8, 7}, {3, 6}, {4, 5}, {1, 2}], [{8, 7}, {3, 6}, {5}, {1, 4}, {2}], [{8, 7}, {4, 6}, {1, 5}, {2, 3}], [{8, 7}, {4, 6}, {2, 5}, {1, 3}], [{8, 7}, {4, 6}, {3, 5}, {1, 2}], [{8, 7}, {4, 6}, {5}, {1, 3}, {2}], [{8, 7}, {5, 6}, {1, 4}, {2, 3}], [{8, 7}, {5, 6}, {2, 4}, {1, 3}], [{8, 7}, {5, 6}, {3, 4}, {1, 2}], [{8, 7}, {6}, {1, 5}, {2, 4}, {3}], [{8, 7}, {6}, {4, 5}, {3}, {1, 2}], [{8, 7}, {6}, {5}, {1, 4}, {2, 3}], [{8}, {1, 7}, {2, 6}, {3, 5}, {4}], [{8}, {1, 7}, {4, 6}, {3, 5}, {2}], [{8}, {1, 7}, {6}, {3, 5}, {2, 4}], [{8}, {2, 7}, {3, 6}, {5}, {1, 4}], [{8}, {3, 7}, {2, 6}, {5}, {1, 4}], [{8}, {5, 7}, {3, 6}, {4}, {1, 2}], [{8}, {5, 7}, {4, 6}, {3}, {1, 2}], [{8}, {5, 7}, {6}, {1, 4}, {2, 3}], [{8}, {5, 7}, {6}, {2, 4}, {1, 3}], [{8}, {5, 7}, {6}, {3, 4}, {1, 2}], [{8}, {5, 7}, {6}, {4}, {3}, {1, 2}], [{8}, {6, 7}, {5}, {1, 4}, {2, 3}], [{8}, {7}, {1, 6}, {4, 5}, {2, 3}], [{8}, {7}, {4, 6}, {1, 5}, {2, 3}], [{8}, {7}, {5, 6}, {1, 4}, {2, 3}], [{8}, {7}, {6}, {5}, {1, 4}, {2, 3}]]",2,12 K_1^3 + 4 K_1^2 K_2 - 8 K_1^2 - 10 K_1 K_2 - 4 K_1 K_3 - 4 K_1 + 4 K_2 + 2 K_3 + K_4 + 4,O1O2O3O4U1U2U5O6O7U3O5U4U6O8U7U8,O1O2O3U4U5U2U3O6O7U6O8O4U1O5U7U8,O1O2O3U4U5O6U3O7O4U8O5O8U1U2U6U7,c,"{'O1O2O3O4U5U6O5U7U1O8U2O6O7U8U3U4', 'O1O2O3O4U5U6U7O6U1O8U2O7O5U8U3U4'}",2,"<a href=""/flatknot/8.857932"">8.857932</a>",t^9-41t^7-94t^6+100t^5+388t^4+44t^3-418t^2-160t+48,-t^3+3t,,
8.857933,O1O2O3O4U5U6O5U7U1O8U2O6O7U8U4U3,4,18z^2+71z+71,18w^3z^2+71w^2z+71w,False,False,"[[ 0 -1  0  2  2 -1 -1  0 -1],[ 1  0  1  1  0  1  1  1 -1],[ 0 -1  0  1  0  0  1  1 -1],[-2 -1 -1  0  0 -3 -1  0 -2],[-2  0  0  0  0 -3 -1  0 -2],[ 1 -1  0  3  3  0 -1  0  0],[ 1 -1 -1  1  1  1  0  0  0],[ 0 -1 -1  0  0  0  0  0 -1],[ 1  1  1  2  2  0  0  1  0]]","[[ 0  2  2  0  0 -1 -1 -1 -1],[-2  0  0  0  0  0 -1 -2 -3],[-2  0  0  0 -1 -1 -1 -2 -3],[ 0  0  0  0 -1 -1  0 -1  0],[ 0  0  1  1  0 -1  1 -1  0],[ 1  0  1  1  1  0  1 -1  1],[ 1  1  1  0 -1 -1  0  0  1],[ 1  2  2  1  1  1  0  0  0],[ 1  3  3  0  0 -1 -1  0  0]]",True,"[-2,-2,0,0,1,1,1,1,0,0,0,0,1,2,3,0,1,1,1,2,3,1,1,0,1,0,1,-1,1,0,-1,1,-1,0,-1,0]","[-2,-2,0,0,1,1,1,1,0,0,0,0,1,2,3,0,1,1,1,2,3,1,1,0,1,0,1,-1,1,0,-1,1,-1,0,-1,0]",t^8+40t^6+286t^4+138t^2+1,"[-1,-1,-1,-1,0,0,2,2,-1,-1,1,0,0,2,3,-1,0,1,2,2,2,0,1,1,0,0,0,0,1,1,1,2,2,1,2,0]","[-2,-2,0,0,1,1,1,1,0,1,2,0,1,2,2,2,2,0,1,2,3,1,1,0,2,0,1,0,1,0,0,-1,-1,0,1,-1]","[-1,-1,-1,-1,0,0,2,2,-1,-1,0,0,0,3,3,-1,0,-1,0,1,1,-1,1,1,0,1,1,1,2,2,1,0,1,0,0,0]",c,"[[{8, 1}, {2, 7}, {3, 6}, {4, 5}], [{8, 1}, {2, 7}, {4, 6}, {3, 5}], [{8, 1}, {2, 7}, {5, 6}, {3, 4}], [{8, 1}, {3, 7}, {2, 6}, {4, 5}], [{8, 1}, {3, 7}, {4, 6}, {2, 5}], [{8, 1}, {3, 7}, {5, 6}, {2, 4}], [{8, 1}, {4, 7}, {2, 6}, {3, 5}], [{8, 1}, {4, 7}, {3, 6}, {2, 5}], [{8, 1}, {4, 7}, {5, 6}, {2, 3}], [{8, 1}, {5, 7}, {2, 6}, {3, 4}], [{8, 1}, {5, 7}, {2, 6}, {4}, {3}], [{8, 1}, {5, 7}, {3, 6}, {2, 4}], [{8, 1}, {5, 7}, {3, 6}, {4}, {2}], [{8, 1}, {5, 7}, {4, 6}, {2, 3}], [{8, 1}, {5, 7}, {4, 6}, {3}, {2}], [{8, 1}, {5, 7}, {6}, {2, 4}, {3}], [{8, 1}, {5, 7}, {6}, {3, 4}, {2}], [{8, 1}, {5, 7}, {6}, {4}, {2, 3}], [{8, 1}, {5, 7}, {6}, {4}, {3}, {2}], [{8, 1}, {6, 7}, {2, 5}, {3, 4}], [{8, 1}, {6, 7}, {3, 5}, {2, 4}], [{8, 1}, {6, 7}, {4, 5}, {2, 3}], [{8, 2}, {1, 7}, {3, 6}, {4, 5}], [{8, 2}, {1, 7}, {4, 6}, {3, 5}], [{8, 2}, {1, 7}, {4, 6}, {5}, {3}], [{8, 2}, {1, 7}, {5, 6}, {3, 4}], [{8, 2}, {3, 7}, {1, 6}, {4, 5}], [{8, 2}, {3, 7}, {4, 6}, {1, 5}], [{8, 2}, {3, 7}, {5, 6}, {1, 4}], [{8, 2}, {3, 7}, {6}, {5}, {1, 4}], [{8, 2}, {4, 7}, {1, 6}, {3, 5}], [{8, 2}, {4, 7}, {1, 6}, {5}, {3}], [{8, 2}, {4, 7}, {3, 6}, {1, 5}], [{8, 2}, {4, 7}, {5, 6}, {1, 3}], [{8, 2}, {5, 7}, {1, 6}, {3, 4}], [{8, 2}, {5, 7}, {3, 6}, {1, 4}], [{8, 2}, {5, 7}, {4, 6}, {1, 3}], [{8, 2}, {5, 7}, {6}, {1, 4}, {3}], [{8, 2}, {5, 7}, {6}, {3, 4}, {1}], [{8, 2}, {5, 7}, {6}, {4}, {1, 3}], [{8, 2}, {6, 7}, {1, 5}, {3, 4}], [{8, 2}, {6, 7}, {3, 5}, {1, 4}], [{8, 2}, {6, 7}, {4, 5}, {1, 3}], [{8, 2}, {6, 7}, {5}, {1, 4}, {3}], [{8, 2}, {7}, {3, 6}, {5}, {1, 4}], [{8, 2}, {7}, {5, 6}, {1, 4}, {3}], [{8, 2}, {7}, {6}, {3, 5}, {1, 4}], [{8, 2}, {7}, {6}, {5}, {1, 4}, {3}], [{8, 3}, {1, 7}, {2, 6}, {4, 5}], [{8, 3}, {1, 7}, {2, 6}, {5}, {4}], [{8, 3}, {1, 7}, {4, 6}, {2, 5}], [{8, 3}, {1, 7}, {5, 6}, {2, 4}], [{8, 3}, {2, 7}, {1, 6}, {4, 5}], [{8, 3}, {2, 7}, {1, 6}, {5}, {4}], [{8, 3}, {2, 7}, {4, 6}, {1, 5}], [{8, 3}, {2, 7}, {5, 6}, {1, 4}], [{8, 3}, {2, 7}, {6}, {4, 5}, {1}], [{8, 3}, {4, 7}, {1, 6}, {2, 5}], [{8, 3}, {4, 7}, {2, 6}, {1, 5}], [{8, 3}, {4, 7}, {5, 6}, {1, 2}], [{8, 3}, {5, 7}, {1, 6}, {2, 4}], [{8, 3}, {5, 7}, {2, 6}, {1, 4}], [{8, 3}, {5, 7}, {4, 6}, {1, 2}], [{8, 3}, {5, 7}, {6}, {1, 4}, {2}], [{8, 3}, {5, 7}, {6}, {2, 4}, {1}], [{8, 3}, {5, 7}, {6}, {4}, {1, 2}], [{8, 3}, {6, 7}, {1, 5}, {2, 4}], [{8, 3}, {6, 7}, {2, 5}, {1, 4}], [{8, 3}, {6, 7}, {4, 5}, {1, 2}], [{8, 3}, {7}, {1, 6}, {4, 5}, {2}], [{8, 3}, {7}, {4, 6}, {1, 5}, {2}], [{8, 4}, {1, 7}, {2, 6}, {3, 5}], [{8, 4}, {1, 7}, {3, 6}, {2, 5}], [{8, 4}, {1, 7}, {5, 6}, {2, 3}], [{8, 4}, {2, 7}, {1, 6}, {3, 5}], [{8, 4}, {2, 7}, {3, 6}, {1, 5}], [{8, 4}, {2, 7}, {5, 6}, {1, 3}], [{8, 4}, {3, 7}, {1, 6}, {2, 5}], [{8, 4}, {3, 7}, {2, 6}, {1, 5}], [{8, 4}, {3, 7}, {5, 6}, {1, 2}], [{8, 4}, {5, 7}, {1, 6}, {2, 3}], [{8, 4}, {5, 7}, {2, 6}, {1, 3}], [{8, 4}, {5, 7}, {3, 6}, {1, 2}], [{8, 4}, {5, 7}, {6}, {1, 3}, {2}], [{8, 4}, {5, 7}, {6}, {2, 3}, {1}], [{8, 4}, {5, 7}, {6}, {3}, {1, 2}], [{8, 4}, {6, 7}, {1, 5}, {2, 3}], [{8, 4}, {6, 7}, {2, 5}, {1, 3}], [{8, 4}, {6, 7}, {3, 5}, {1, 2}], [{8, 5}, {1, 7}, {2, 6}, {3, 4}], [{8, 5}, {1, 7}, {3, 6}, {2, 4}], [{8, 5}, {1, 7}, {4, 6}, {2, 3}], [{8, 5}, {2, 7}, {1, 6}, {3, 4}], [{8, 5}, {2, 7}, {3, 6}, {1, 4}], [{8, 5}, {2, 7}, {4, 6}, {1, 3}], [{8, 5}, {3, 7}, {1, 6}, {2, 4}], [{8, 5}, {3, 7}, {2, 6}, {1, 4}], [{8, 5}, {3, 7}, {4, 6}, {1, 2}], [{8, 5}, {4, 7}, {1, 6}, {2, 3}], [{8, 5}, {4, 7}, {2, 6}, {1, 3}], [{8, 5}, {4, 7}, {3, 6}, {1, 2}], [{8, 5}, {6, 7}, {1, 4}, {2, 3}], [{8, 5}, {6, 7}, {2, 4}, {1, 3}], [{8, 5}, {6, 7}, {3, 4}, {1, 2}], [{8, 5}, {7}, {1, 6}, {2, 4}, {3}], [{8, 5}, {7}, {3, 6}, {2, 4}, {1}], [{8, 5}, {7}, {6}, {2, 4}, {1, 3}], [{8, 6}, {1, 7}, {2, 5}, {3, 4}], [{8, 6}, {1, 7}, {3, 5}, {2, 4}], [{8, 6}, {1, 7}, {4, 5}, {2, 3}], [{8, 6}, {2, 7}, {1, 5}, {3, 4}], [{8, 6}, {2, 7}, {1, 5}, {4}, {3}], [{8, 6}, {2, 7}, {3, 5}, {1, 4}], [{8, 6}, {2, 7}, {3, 5}, {4}, {1}], [{8, 6}, {2, 7}, {4, 5}, {1, 3}], [{8, 6}, {2, 7}, {5}, {4}, {1, 3}], [{8, 6}, {3, 7}, {1, 5}, {2, 4}], [{8, 6}, {3, 7}, {2, 5}, {1, 4}], [{8, 6}, {3, 7}, {4, 5}, {1, 2}], [{8, 6}, {3, 7}, {5}, {1, 4}, {2}], [{8, 6}, {4, 7}, {1, 5}, {2, 3}], [{8, 6}, {4, 7}, {1, 5}, {3}, {2}], [{8, 6}, {4, 7}, {2, 5}, {1, 3}], [{8, 6}, {4, 7}, {3, 5}, {1, 2}], [{8, 6}, {4, 7}, {3, 5}, {2}, {1}], [{8, 6}, {4, 7}, {5}, {1, 3}, {2}], [{8, 6}, {5, 7}, {1, 4}, {2, 3}], [{8, 6}, {5, 7}, {2, 4}, {1, 3}], [{8, 6}, {5, 7}, {3, 4}, {1, 2}], [{8, 6}, {7}, {1, 5}, {2, 4}, {3}], [{8, 6}, {7}, {3, 5}, {2, 4}, {1}], [{8, 6}, {7}, {5}, {2, 4}, {1, 3}], [{8, 7}, {1, 6}, {2, 5}, {3, 4}], [{8, 7}, {1, 6}, {3, 5}, {2, 4}], [{8, 7}, {1, 6}, {4, 5}, {2, 3}], [{8, 7}, {2, 6}, {1, 5}, {3, 4}], [{8, 7}, {2, 6}, {1, 5}, {4}, {3}], [{8, 7}, {2, 6}, {3, 5}, {1, 4}], [{8, 7}, {2, 6}, {3, 5}, {4}, {1}], [{8, 7}, {2, 6}, {4, 5}, {1, 3}], [{8, 7}, {2, 6}, {5}, {4}, {1, 3}], [{8, 7}, {3, 6}, {1, 5}, {2, 4}], [{8, 7}, {3, 6}, {2, 5}, {1, 4}], [{8, 7}, {3, 6}, {4, 5}, {1, 2}], [{8, 7}, {3, 6}, {5}, {1, 4}, {2}], [{8, 7}, {4, 6}, {1, 5}, {2, 3}], [{8, 7}, {4, 6}, {1, 5}, {3}, {2}], [{8, 7}, {4, 6}, {2, 5}, {1, 3}], [{8, 7}, {4, 6}, {3, 5}, {1, 2}], [{8, 7}, {4, 6}, {3, 5}, {2}, {1}], [{8, 7}, {4, 6}, {5}, {1, 3}, {2}], [{8, 7}, {5, 6}, {1, 4}, {2, 3}], [{8, 7}, {5, 6}, {2, 4}, {1, 3}], [{8, 7}, {5, 6}, {3, 4}, {1, 2}], [{8, 7}, {5, 6}, {4}, {3}, {1, 2}], [{8, 7}, {6}, {1, 5}, {2, 4}, {3}], [{8, 7}, {6}, {3, 5}, {2, 4}, {1}], [{8, 7}, {6}, {5}, {2, 4}, {1, 3}], [{8}, {2, 7}, {3, 6}, {5}, {1, 4}], [{8}, {3, 7}, {2, 6}, {5}, {1, 4}], [{8}, {3, 7}, {4, 6}, {1, 5}, {2}], [{8}, {3, 7}, {4, 6}, {2, 5}, {1}], [{8}, {3, 7}, {4, 6}, {5}, {1, 2}], [{8}, {4, 7}, {3, 6}, {5}, {1, 2}], [{8}, {5, 7}, {6}, {1, 4}, {2, 3}], [{8}, {5, 7}, {6}, {2, 4}, {1, 3}], [{8}, {5, 7}, {6}, {3, 4}, {1, 2}], [{8}, {6, 7}, {1, 5}, {2, 4}, {3}], [{8}, {6, 7}, {3, 5}, {2, 4}, {1}], [{8}, {6, 7}, {4, 5}, {3}, {1, 2}], [{8}, {6, 7}, {5}, {2, 4}, {1, 3}], [{8}, {7}, {5, 6}, {2, 4}, {1, 3}], [{8}, {7}, {6}, {5}, {2, 4}, {1, 3}]]",2,4 K_1^3 - 4 K_1^2 - 8 K_1 K_2 + K_1 + 2 K_2 + 3 K_3 + 3,O1O2O3O4U2U1U5O6O7U3O5U4U6O8U7U8,O1O2O3U4U5U3U2O6O7U6O8O4U1O5U7U8,O1O2O3U4U5O6U3O7O4U8O5O8U2U1U6U7,c,"{'O1O2O3O4U5U6O5U7U1O8U2O6O7U8U4U3', 'O1O2O3O4U5U6U7O6U1O8U2O7O5U8U4U3'}",2,"<a href=""/flatknot/8.857933"">8.857933</a>",t^9-36t^7-52t^6+118t^5+174t^4-50t^3-28t^2+28t+2,-2t^2+4t,,
8.857934,O1O2O3O4U5U6O5U7U1O8U3O6O7U8U2U4,3,4z^2+32z+49,4w^3z^2+32w^2z+49w,False,False,"[[ 0 -1  0  1  3 -1 -1  0 -1],[ 1  0  0  1  1  1  1  1 -1],[ 0  0  0  1  2 -1  0  1 -1],[-1 -1 -1  0  0 -1  0  0 -1],[-3 -1 -2  0  0 -4 -2 -1 -2],[ 1 -1  1  1  4  0 -1  0  0],[ 1 -1  0  0  2  1  0  0  0],[ 0 -1 -1  0  1  0  0  0 -1],[ 1  1  1  1  2  0  0  1  0]]","[[ 0  3  1  0  0 -1 -1 -1 -1],[-3  0  0 -1 -2 -1 -2 -2 -4],[-1  0  0  0 -1 -1  0 -1 -1],[ 0  1  0  0 -1 -1  0 -1  0],[ 0  2  1  1  0  0  0 -1 -1],[ 1  1  1  1  0  0  1 -1  1],[ 1  2  0  0  0 -1  0  0  1],[ 1  2  1  1  1  1  0  0  0],[ 1  4  1  0  1 -1 -1  0  0]]",True,"[-3,-1,0,0,1,1,1,1,0,1,2,1,2,2,4,0,1,1,0,1,1,1,1,0,1,0,0,0,1,1,-1,1,-1,0,-1,0]","[-3,-1,0,0,1,1,1,1,0,1,2,1,2,2,4,0,1,1,0,1,1,1,1,0,1,0,0,0,1,1,-1,1,-1,0,-1,0]",t^8+43t^6+246t^4+63t^2,"[-1,-1,-1,-1,0,0,1,3,-1,-1,1,0,1,1,3,-1,0,1,1,2,2,0,1,0,1,0,0,0,1,2,1,1,2,0,1,2]","[-3,-1,0,0,1,1,1,1,2,1,2,0,2,2,3,0,1,1,1,2,1,1,0,0,1,1,1,0,1,0,0,-1,-1,0,1,-1]","[-1,-1,-1,-1,0,0,1,3,-1,-1,0,0,1,1,4,-1,0,0,0,0,2,-1,1,0,1,1,1,1,1,2,-1,0,1,1,2,0]",c,"[[{8, 1}, {2, 7}, {4, 6}, {3, 5}], [{8, 4}, {2, 7}, {1, 6}, {3, 5}], [{8, 4}, {2, 7}, {5, 6}, {1, 3}], [{8, 5}, {2, 7}, {4, 6}, {1, 3}], [{8, 6}, {2, 7}, {1, 5}, {3, 4}], [{8, 6}, {2, 7}, {3, 5}, {1, 4}], [{8, 6}, {2, 7}, {4, 5}, {1, 3}], [{8, 6}, {2, 7}, {5}, {1, 4}, {3}], [{8, 7}, {2, 6}, {3, 5}, {1, 4}], [{8, 7}, {2, 6}, {5}, {1, 4}, {3}]]",1,8 K_1^3 + 4 K_1^2 K_2 - 14 K_1^2 - 10 K_1 K_2 - 2 K_1 K_3 - K_1 - 2 K_2^2 + 6 K_2 + 3 K_3 + K_4 + 8,O1O2O3O4U1U3U5O6O7U2O5U4U6O8U7U8,O1O2O3U4U2U5U3O6O7U6O8O4U1O5U7U8,O1O2O3U4U5O6U3O7O4U8O5O8U1U6U2U7,c,"{'O1O2O3O4U5U6U7O6U1U2O8O7O5U3U8U4', 'O1O2O3O4U5U6O5U7U1O8U3O6O7U8U2U4', 'O1O2O3O4U5U6U7O6U1O8U3O7O5U8U2U4', 'O1O2O3O4U5U6O5U7U1U2O8O6O7U3U8U4'}",4,"<a href=""/flatknot/8.857934"">8.857934</a>",t^9-37t^7-88t^6+60t^5+300t^4+79t^3-250t^2-92t+40,-t^3+3t,,
8.857935,O1O2O3O4U5U6O5U7U1O8U3O6O7U8U4U2,4,7z^2+60z+93,7w^3z^2+60w^2z+93w,False,False,"[[ 0 -1  1  1  2 -1 -1  0 -1],[ 1  0  1  1  0  1  1  1 -1],[-1 -1  0  0  1 -2 -1  0 -1],[-1 -1  0  0  0 -1  0  0 -1],[-2  0 -1  0  0 -3 -1  0 -2],[ 1 -1  2  1  3  0 -1  0  0],[ 1 -1  1  0  1  1  0  0  0],[ 0 -1  0  0  0  0  0  0 -1],[ 1  1  1  1  2  0  0  1  0]]","[[ 0  2  1  1  0 -1 -1 -1 -1],[-2  0  0 -1  0  0 -1 -2 -3],[-1  0  0  0  0 -1  0 -1 -1],[-1  1  0  0  0 -1 -1 -1 -2],[ 0  0  0  0  0 -1  0 -1  0],[ 1  0  1  1  1  0  1 -1  1],[ 1  1  0  1  0 -1  0  0  1],[ 1  2  1  1  1  1  0  0  0],[ 1  3  1  2  0 -1 -1  0  0]]",True,"[-2,-1,-1,0,1,1,1,1,0,1,0,0,1,2,3,0,0,1,0,1,1,0,1,1,1,2,1,0,1,0,-1,1,-1,0,-1,0]","[-2,-1,-1,0,1,1,1,1,0,1,0,0,1,2,3,0,0,1,0,1,1,0,1,1,1,2,1,0,1,0,-1,1,-1,0,-1,0]",t^8+31t^6+153t^4+38t^2+1,"[-1,-1,-1,-1,0,1,1,2,-1,-1,1,0,1,1,3,-1,0,1,1,2,2,0,1,0,1,0,0,1,1,1,1,1,2,0,0,1]","[-2,-1,-1,0,1,1,1,1,0,1,2,0,1,2,3,0,1,0,1,1,1,1,1,1,2,1,1,0,1,0,0,-1,-1,0,1,-1]","[-1,-1,-1,-1,0,1,1,2,-1,-1,0,0,1,2,3,-1,0,0,0,1,1,-1,1,1,1,0,1,1,1,2,0,0,0,0,0,1]",c,"[[{8, 1}, {2, 7}, {3, 6}, {4, 5}], [{8, 1}, {2, 7}, {4, 6}, {3, 5}], [{8, 1}, {2, 7}, {5, 6}, {3, 4}], [{8, 1}, {3, 7}, {2, 6}, {4, 5}], [{8, 1}, {3, 7}, {4, 6}, {2, 5}], [{8, 1}, {3, 7}, {5, 6}, {2, 4}], [{8, 1}, {3, 7}, {5, 6}, {4}, {2}], [{8, 1}, {4, 7}, {2, 6}, {3, 5}], [{8, 1}, {4, 7}, {3, 6}, {2, 5}], [{8, 1}, {4, 7}, {5, 6}, {2, 3}], [{8, 1}, {5, 7}, {2, 6}, {3, 4}], [{8, 1}, {5, 7}, {3, 6}, {2, 4}], [{8, 1}, {5, 7}, {4, 6}, {2, 3}], [{8, 1}, {5, 7}, {6}, {2, 4}, {3}], [{8, 1}, {5, 7}, {6}, {3, 4}, {2}], [{8, 1}, {5, 7}, {6}, {4}, {2, 3}], [{8, 1}, {6, 7}, {2, 5}, {3, 4}], [{8, 1}, {6, 7}, {3, 5}, {2, 4}], [{8, 1}, {6, 7}, {4, 5}, {2, 3}], [{8, 1}, {7}, {3, 6}, {4, 5}, {2}], [{8, 1}, {7}, {4, 6}, {3, 5}, {2}], [{8, 2}, {1, 7}, {3, 6}, {4, 5}], [{8, 2}, {1, 7}, {4, 6}, {3, 5}], [{8, 2}, {1, 7}, {5, 6}, {3, 4}], [{8, 2}, {3, 7}, {1, 6}, {4, 5}], [{8, 2}, {3, 7}, {4, 6}, {1, 5}], [{8, 2}, {3, 7}, {5, 6}, {1, 4}], [{8, 2}, {4, 7}, {1, 6}, {3, 5}], [{8, 2}, {4, 7}, {3, 6}, {1, 5}], [{8, 2}, {4, 7}, {5, 6}, {1, 3}], [{8, 2}, {5, 7}, {1, 6}, {3, 4}], [{8, 2}, {5, 7}, {3, 6}, {1, 4}], [{8, 2}, {5, 7}, {4, 6}, {1, 3}], [{8, 2}, {5, 7}, {6}, {1, 4}, {3}], [{8, 2}, {5, 7}, {6}, {3, 4}, {1}], [{8, 2}, {5, 7}, {6}, {4}, {1, 3}], [{8, 2}, {6, 7}, {1, 5}, {3, 4}], [{8, 2}, {6, 7}, {3, 5}, {1, 4}], [{8, 2}, {6, 7}, {4, 5}, {1, 3}], [{8, 2}, {7}, {1, 6}, {4, 5}, {3}], [{8, 2}, {7}, {4, 6}, {1, 5}, {3}], [{8, 3}, {1, 7}, {2, 6}, {4, 5}], [{8, 3}, {1, 7}, {4, 6}, {2, 5}], [{8, 3}, {1, 7}, {4, 6}, {5}, {2}], [{8, 3}, {1, 7}, {5, 6}, {2, 4}], [{8, 3}, {1, 7}, {6}, {2, 5}, {4}], [{8, 3}, {2, 7}, {1, 6}, {4, 5}], [{8, 3}, {2, 7}, {4, 6}, {1, 5}], [{8, 3}, {2, 7}, {5, 6}, {1, 4}], [{8, 3}, {2, 7}, {6}, {5}, {1, 4}], [{8, 3}, {4, 7}, {1, 6}, {2, 5}], [{8, 3}, {4, 7}, {1, 6}, {5}, {2}], [{8, 3}, {4, 7}, {2, 6}, {1, 5}], [{8, 3}, {4, 7}, {5, 6}, {1, 2}], [{8, 3}, {4, 7}, {6}, {2, 5}, {1}], [{8, 3}, {5, 7}, {1, 6}, {2, 4}], [{8, 3}, {5, 7}, {2, 6}, {1, 4}], [{8, 3}, {5, 7}, {4, 6}, {1, 2}], [{8, 3}, {5, 7}, {6}, {1, 4}, {2}], [{8, 3}, {5, 7}, {6}, {2, 4}, {1}], [{8, 3}, {5, 7}, {6}, {4}, {1, 2}], [{8, 3}, {6, 7}, {1, 5}, {2, 4}], [{8, 3}, {6, 7}, {2, 5}, {1, 4}], [{8, 3}, {6, 7}, {2, 5}, {4}, {1}], [{8, 3}, {6, 7}, {4, 5}, {1, 2}], [{8, 3}, {6, 7}, {5}, {1, 4}, {2}], [{8, 3}, {7}, {1, 6}, {2, 5}, {4}], [{8, 3}, {7}, {2, 6}, {1, 5}, {4}], [{8, 3}, {7}, {2, 6}, {4, 5}, {1}], [{8, 3}, {7}, {2, 6}, {5}, {1, 4}], [{8, 3}, {7}, {4, 6}, {2, 5}, {1}], [{8, 3}, {7}, {5, 6}, {1, 4}, {2}], [{8, 3}, {7}, {6}, {2, 5}, {1, 4}], [{8, 3}, {7}, {6}, {5}, {1, 4}, {2}], [{8, 4}, {1, 7}, {2, 6}, {3, 5}], [{8, 4}, {1, 7}, {3, 6}, {2, 5}], [{8, 4}, {1, 7}, {5, 6}, {2, 3}], [{8, 4}, {1, 7}, {6}, {2, 5}, {3}], [{8, 4}, {2, 7}, {1, 6}, {3, 5}], [{8, 4}, {2, 7}, {3, 6}, {1, 5}], [{8, 4}, {2, 7}, {5, 6}, {1, 3}], [{8, 4}, {3, 7}, {1, 6}, {2, 5}], [{8, 4}, {3, 7}, {2, 6}, {1, 5}], [{8, 4}, {3, 7}, {5, 6}, {1, 2}], [{8, 4}, {5, 7}, {1, 6}, {2, 3}], [{8, 4}, {5, 7}, {2, 6}, {1, 3}], [{8, 4}, {5, 7}, {3, 6}, {1, 2}], [{8, 4}, {5, 7}, {6}, {1, 3}, {2}], [{8, 4}, {5, 7}, {6}, {2, 3}, {1}], [{8, 4}, {5, 7}, {6}, {3}, {1, 2}], [{8, 4}, {6, 7}, {1, 5}, {2, 3}], [{8, 4}, {6, 7}, {2, 5}, {1, 3}], [{8, 4}, {6, 7}, {3, 5}, {1, 2}], [{8, 5}, {1, 7}, {2, 6}, {3, 4}], [{8, 5}, {1, 7}, {3, 6}, {2, 4}], [{8, 5}, {1, 7}, {4, 6}, {2, 3}], [{8, 5}, {1, 7}, {4, 6}, {3}, {2}], [{8, 5}, {2, 7}, {1, 6}, {3, 4}], [{8, 5}, {2, 7}, {3, 6}, {1, 4}], [{8, 5}, {2, 7}, {4, 6}, {1, 3}], [{8, 5}, {3, 7}, {1, 6}, {2, 4}], [{8, 5}, {3, 7}, {2, 6}, {1, 4}], [{8, 5}, {3, 7}, {4, 6}, {1, 2}], [{8, 5}, {4, 7}, {1, 6}, {2, 3}], [{8, 5}, {4, 7}, {2, 6}, {1, 3}], [{8, 5}, {4, 7}, {3, 6}, {1, 2}], [{8, 5}, {6, 7}, {1, 4}, {2, 3}], [{8, 5}, {6, 7}, {2, 4}, {1, 3}], [{8, 5}, {6, 7}, {3, 4}, {1, 2}], [{8, 5}, {6, 7}, {3, 4}, {2}, {1}], [{8, 5}, {7}, {6}, {3, 4}, {1, 2}], [{8, 6}, {1, 7}, {2, 5}, {3, 4}], [{8, 6}, {1, 7}, {3, 5}, {2, 4}], [{8, 6}, {1, 7}, {4, 5}, {2, 3}], [{8, 6}, {1, 7}, {5}, {4}, {2, 3}], [{8, 6}, {2, 7}, {1, 5}, {3, 4}], [{8, 6}, {2, 7}, {3, 5}, {1, 4}], [{8, 6}, {2, 7}, {4, 5}, {1, 3}], [{8, 6}, {2, 7}, {5}, {1, 4}, {3}], [{8, 6}, {3, 7}, {1, 5}, {2, 4}], [{8, 6}, {3, 7}, {2, 5}, {1, 4}], [{8, 6}, {3, 7}, {4, 5}, {1, 2}], [{8, 6}, {3, 7}, {4, 5}, {2}, {1}], [{8, 6}, {3, 7}, {5}, {4}, {1, 2}], [{8, 6}, {4, 7}, {1, 5}, {2, 3}], [{8, 6}, {4, 7}, {2, 5}, {1, 3}], [{8, 6}, {4, 7}, {3, 5}, {1, 2}], [{8, 6}, {4, 7}, {3, 5}, {2}, {1}], [{8, 6}, {4, 7}, {5}, {3}, {1, 2}], [{8, 6}, {5, 7}, {1, 4}, {2, 3}], [{8, 6}, {5, 7}, {2, 4}, {1, 3}], [{8, 6}, {5, 7}, {3, 4}, {1, 2}], [{8, 6}, {5, 7}, {3, 4}, {2}, {1}], [{8, 6}, {7}, {5}, {3, 4}, {1, 2}], [{8, 7}, {1, 6}, {2, 5}, {3, 4}], [{8, 7}, {1, 6}, {3, 5}, {2, 4}], [{8, 7}, {1, 6}, {4, 5}, {2, 3}], [{8, 7}, {1, 6}, {4, 5}, {3}, {2}], [{8, 7}, {1, 6}, {5}, {4}, {2, 3}], [{8, 7}, {2, 6}, {1, 5}, {3, 4}], [{8, 7}, {2, 6}, {3, 5}, {1, 4}], [{8, 7}, {2, 6}, {4, 5}, {1, 3}], [{8, 7}, {2, 6}, {5}, {1, 4}, {3}], [{8, 7}, {3, 6}, {1, 5}, {2, 4}], [{8, 7}, {3, 6}, {2, 5}, {1, 4}], [{8, 7}, {3, 6}, {4, 5}, {1, 2}], [{8, 7}, {3, 6}, {4, 5}, {2}, {1}], [{8, 7}, {3, 6}, {5}, {4}, {1, 2}], [{8, 7}, {4, 6}, {1, 5}, {2, 3}], [{8, 7}, {4, 6}, {2, 5}, {1, 3}], [{8, 7}, {4, 6}, {3, 5}, {1, 2}], [{8, 7}, {4, 6}, {3, 5}, {2}, {1}], [{8, 7}, {4, 6}, {5}, {3}, {1, 2}], [{8, 7}, {5, 6}, {1, 4}, {2, 3}], [{8, 7}, {5, 6}, {2, 4}, {1, 3}], [{8, 7}, {5, 6}, {3, 4}, {1, 2}], [{8, 7}, {5, 6}, {3, 4}, {2}, {1}], [{8, 7}, {6}, {1, 5}, {2, 4}, {3}], [{8, 7}, {6}, {4, 5}, {1, 3}, {2}], [{8, 7}, {6}, {5}, {3, 4}, {1, 2}], [{8}, {1, 7}, {3, 6}, {4, 5}, {2}], [{8}, {1, 7}, {4, 6}, {3, 5}, {2}], [{8}, {1, 7}, {6}, {2, 5}, {3, 4}], [{8}, {2, 7}, {1, 6}, {4, 5}, {3}], [{8}, {2, 7}, {3, 6}, {5}, {1, 4}], [{8}, {2, 7}, {4, 6}, {5}, {1, 3}], [{8}, {2, 7}, {6}, {1, 5}, {3, 4}], [{8}, {3, 7}, {2, 6}, {5}, {1, 4}], [{8}, {3, 7}, {4, 6}, {1, 5}, {2}], [{8}, {4, 7}, {2, 6}, {5}, {1, 3}], [{8}, {4, 7}, {3, 6}, {1, 5}, {2}], [{8}, {5, 7}, {1, 6}, {3, 4}, {2}], [{8}, {5, 7}, {2, 6}, {3, 4}, {1}], [{8}, {5, 7}, {6}, {1, 4}, {2, 3}], [{8}, {5, 7}, {6}, {2, 4}, {1, 3}], [{8}, {5, 7}, {6}, {3, 4}, {1, 2}], [{8}, {5, 7}, {6}, {3, 4}, {2}, {1}], [{8}, {6, 7}, {5}, {3, 4}, {1, 2}], [{8}, {7}, {5, 6}, {3, 4}, {1, 2}], [{8}, {7}, {6}, {5}, {3, 4}, {1, 2}]]",2,12 K_1^3 - 18 K_1^2 - 12 K_1 K_2 - 3 K_1 + 9 K_2 + 3 K_3 + 10,O1O2O3O4U3U1U5O6O7U2O5U4U6O8U7U8,O1O2O3U4U3U5U2O6O7U6O8O4U1O5U7U8,O1O2O3U4U5O6U3O7O4U8O5O8U2U6U1U7,c,"{'O1O2O3O4U5U6O5U7U1O8U3O6O7U8U4U2', 'O1O2O3O4U5U6U7O6U1O8U3O7O5U8U4U2'}",2,"<a href=""/flatknot/8.857935"">8.857935</a>",t^9-29t^7-48t^6+58t^5+114t^4+13t^3+10t^2+22t-10,-t^2+2t,,
8.857936,O1O2O3O4U5U6O5U7U1O8U4O6O7U3U8U2,4,2z^3+19z^2+66z+73,2w^4z^3+19w^3z^2+66w^2z+73w,False,False,"[[ 0 -1  1  0  2 -1 -1  0  0],[ 1  0  1  0  1  1  1  1  0],[-1 -1  0 -1  1 -2 -1  0  0],[ 0  0  1  0  2 -1 -1  0  0],[-2 -1 -1 -2  0 -2 -1 -1 -1],[ 1 -1  2  1  2  0 -1  0  1],[ 1 -1  1  1  1  1  0  0  1],[ 0 -1  0  0  1  0  0  0  0],[ 0  0  0  0  1 -1 -1  0  0]]","[[ 0  2  1  0  0  0 -1 -1 -1],[-2  0 -1 -1 -1 -2 -1 -1 -2],[-1  1  0  0  0 -1 -1 -1 -2],[ 0  1  0  0  0  0  0 -1  0],[ 0  1  0  0  0  0 -1  0 -1],[ 0  2  1  0  0  0 -1  0 -1],[ 1  1  1  0  1  1  0 -1  1],[ 1  1  1  1  0  0  1  0  1],[ 1  2  2  0  1  1 -1 -1  0]]",True,"[-2,-1,0,0,0,1,1,1,1,1,1,2,1,1,2,0,0,1,1,1,2,0,0,0,1,0,0,1,0,1,1,0,1,1,-1,-1]","[-2,-1,0,0,0,1,1,1,0,0,1,1,1,2,2,0,1,1,0,1,1,0,0,0,0,1,0,0,0,1,1,1,0,-1,-1,-1]",t^8+28t^6+86t^4+40t^2+1,"[-1,-1,-1,0,0,0,1,2,-1,-1,0,1,1,1,2,-1,1,0,0,1,2,1,0,0,0,1,0,0,1,1,0,0,0,1,1,0]","[-2,-1,0,0,0,1,1,1,0,0,1,1,1,2,2,0,1,1,0,1,1,0,0,0,0,1,0,0,0,1,1,1,0,-1,-1,-1]","[-1,-1,-1,0,0,0,1,2,-1,-1,0,1,1,2,2,-1,0,1,1,1,1,1,0,0,1,1,0,0,0,1,0,0,1,1,2,1]",c,"[[{8, 1}, {5, 7}, {2, 6}, {3, 4}], [{8, 1}, {5, 7}, {6}, {3, 4}, {2}], [{8, 4}, {1, 7}, {3, 6}, {2, 5}]]",1,8 K_1^3 - 14 K_1^2 - 8 K_1 K_2 - 2 K_1 + 7 K_2 + 2 K_3 + 8,O1O2O3O4U3U5U2O6O7U1O5U4U6O8U7U8,O1O2O3U4U3U1U5O6O7U6O8O4U2O5U7U8,O1O2O3U4U5O6U2O7O4U8O5O8U6U3U1U7,c,"{'O1O2O3O4U5U6O5U7U1O8U4O6O7U3U8U2', 'O1O2O3O4U5U6U7O6U1O8U4O7O5U3U8U2'}",2,"<a href=""/flatknot/8.857936"">8.857936</a>",t^9-26t^7-70t^6-27t^5+86t^4+61t^3-30t^2-16t+6,-t^2+2t,,
8.857937,O1O2O3O4U5U6O5U7U1O8U4O6O7U8U2U3,3,11z^2+44z+45,11w^3z^2+44w^2z+45w,False,False,"[[ 0 -1  0  2  2 -1 -1  0 -1],[ 1  0  0  1  1  1  1  1 -1],[ 0  0  0  1  1 -1  0  1 -1],[-2 -1 -1  0  1 -3 -2 -1 -1],[-2 -1 -1 -1  0 -2 -1 -1 -1],[ 1 -1  1  3  2  0 -1  0  0],[ 1 -1  0  2  1  1  0  0  0],[ 0 -1 -1  1  1  0  0  0 -1],[ 1  1  1  1  1  0  0  1  0]]","[[ 0  2  2  0  0 -1 -1 -1 -1],[-2  0  1 -1 -1 -1 -1 -2 -3],[-2 -1  0 -1 -1 -1 -1 -1 -2],[ 0  1  1  0  1  0 -1  0 -1],[ 0  1  1 -1  0 -1 -1  0  0],[ 1  1  1  0  1  0 -1  1  1],[ 1  1  1  1  1  1  0  0  0],[ 1  2  1  0  0 -1  0  0  1],[ 1  3  2  1  0 -1  0 -1  0]]",True,"[-2,-2,0,0,1,1,1,1,-1,1,1,1,1,2,3,1,1,1,1,1,2,-1,0,1,0,1,1,1,0,0,1,-1,-1,0,0,-1]","[-2,-2,0,0,1,1,1,1,-1,1,1,1,1,2,3,1,1,1,1,1,2,-1,0,1,0,1,1,1,0,0,1,-1,-1,0,0,-1]",t^8+36t^6+178t^4+39t^2,"[-1,-1,-1,-1,0,0,2,2,-1,-1,1,0,1,2,2,-1,0,1,1,1,2,0,1,0,0,1,0,0,2,2,1,1,1,1,1,-1]","[-2,-2,0,0,1,1,1,1,-1,1,1,1,2,2,2,1,1,0,1,2,2,-1,1,1,0,0,0,1,0,1,-1,0,-1,0,-1,1]","[-1,-1,-1,-1,0,0,2,2,-1,-1,0,0,1,2,3,-1,0,0,0,1,2,-1,1,0,1,1,1,1,1,1,-1,1,1,1,1,-1]",c,"[[{8, 6}, {2, 7}, {1, 5}, {3, 4}], [{8, 6}, {2, 7}, {1, 5}, {4}, {3}], [{8, 6}, {2, 7}, {3, 5}, {1, 4}], [{8, 6}, {2, 7}, {3, 5}, {4}, {1}], [{8, 6}, {2, 7}, {4, 5}, {1, 3}], [{8, 6}, {2, 7}, {5}, {4}, {1, 3}], [{8, 7}, {2, 6}, {4, 5}, {1, 3}], [{8, 7}, {2, 6}, {5}, {4}, {1, 3}]]",1,16 K_1^3 - 8 K_1^2 - 8 K_1 K_2 - 8 K_1 + 4 K_2 + 5,O1O2O3O4U2U3U5O6O7U1O5U4U6O8U7U8,O1O2O3U4U2U3U5O6O7U6O8O4U1O5U7U8,O1O2O3U4U5O6U3O7O4U8O5O8U6U1U2U7,c,"{'O1O2O3U4O5U6U7O6U1U5O8O7U8O4U2U3', 'O1O2O3O4U5U6U7O6U1O8U4O7O5U8U2U3', 'O1O2O3O4U5U6O5U7U1O8U4O6O7U8U2U3'}",3,"<a href=""/flatknot/8.857937"">8.857937</a>",t^9-32t^7-92t^6-34t^5+198t^4+276t^3+40t^2-120t-56,-2t^2+4t,,
8.857938,O1O2O3O4U5U6O5U7U2O8U1O6O7U8U3U4,4,4z^3+28z^2+69z+59,4w^4z^3+28w^3z^2+69w^2z+59w,False,False,"[[ 0 -1  0  1  3 -1 -1  0 -1],[ 1  0  0  1  2  1  1  1 -1],[ 0  0  0 -1  0  0  1  1 -2],[-1 -1  1  0  1 -2  0  1 -2],[-3 -2  0 -1  0 -4 -2 -1 -2],[ 1 -1  0  2  4  0 -1  0  0],[ 1 -1 -1  0  2  1  0  0  0],[ 0 -1 -1 -1  1  0  0  0 -1],[ 1  1  2  2  2  0  0  1  0]]","[[ 0  3  1  0  0 -1 -1 -1 -1],[-3  0 -1  0 -1 -2 -2 -2 -4],[-1  1  0  1  1  0 -1 -2 -2],[ 0  0 -1  0  1  1  0 -2  0],[ 0  1 -1 -1  0  0 -1 -1  0],[ 1  2  0 -1  0  0 -1  0  1],[ 1  2  1  0  1  1  0 -1  1],[ 1  2  2  2  1  0  1  0  0],[ 1  4  2  0  0 -1 -1  0  0]]",True,"[-3,-1,0,0,1,1,1,1,1,0,1,2,2,2,4,-1,-1,0,1,2,2,-1,-1,0,2,0,0,1,1,0,1,0,-1,1,-1,0]","[-3,-1,0,0,1,1,1,1,1,0,1,2,2,2,4,-1,-1,0,1,2,2,-1,-1,0,2,0,0,1,1,0,1,0,-1,1,-1,0]",t^8+53t^6+535t^4+175t^2+1,"[-1,-1,-1,-1,0,0,1,3,-1,-1,1,0,1,1,2,-1,0,1,2,2,2,0,1,1,0,0,0,-1,0,2,1,2,2,2,3,1]","[-3,-1,0,0,1,1,1,1,1,2,3,0,2,2,2,2,2,0,0,1,2,-1,1,0,0,1,1,-1,1,2,0,-1,-1,1,0,1]","[-1,-1,-1,-1,0,0,1,3,-1,-1,0,0,0,2,4,-1,0,-1,0,0,2,-1,0,1,1,2,2,1,2,2,1,-1,0,-1,1,1]",c,"[[{8, 1}, {2, 7}, {3, 6}, {4, 5}], [{8, 1}, {2, 7}, {4, 6}, {3, 5}], [{8, 1}, {2, 7}, {5, 6}, {3, 4}], [{8, 1}, {3, 7}, {2, 6}, {4, 5}], [{8, 1}, {3, 7}, {4, 6}, {2, 5}], [{8, 1}, {3, 7}, {4, 6}, {5}, {2}], [{8, 1}, {3, 7}, {5, 6}, {2, 4}], [{8, 1}, {4, 7}, {2, 6}, {3, 5}], [{8, 1}, {4, 7}, {3, 6}, {2, 5}], [{8, 1}, {4, 7}, {3, 6}, {5}, {2}], [{8, 1}, {4, 7}, {5, 6}, {2, 3}], [{8, 1}, {5, 7}, {2, 6}, {3, 4}], [{8, 1}, {5, 7}, {2, 6}, {4}, {3}], [{8, 1}, {5, 7}, {3, 6}, {2, 4}], [{8, 1}, {5, 7}, {3, 6}, {4}, {2}], [{8, 1}, {5, 7}, {4, 6}, {2, 3}], [{8, 1}, {5, 7}, {4, 6}, {3}, {2}], [{8, 1}, {5, 7}, {6}, {2, 4}, {3}], [{8, 1}, {5, 7}, {6}, {3, 4}, {2}], [{8, 1}, {5, 7}, {6}, {4}, {2, 3}], [{8, 1}, {5, 7}, {6}, {4}, {3}, {2}], [{8, 1}, {6, 7}, {2, 5}, {3, 4}], [{8, 1}, {6, 7}, {3, 5}, {2, 4}], [{8, 1}, {6, 7}, {4, 5}, {2, 3}], [{8, 1}, {7}, {3, 6}, {4, 5}, {2}], [{8, 1}, {7}, {4, 6}, {3, 5}, {2}], [{8, 2}, {1, 7}, {3, 6}, {4, 5}], [{8, 2}, {1, 7}, {4, 6}, {3, 5}], [{8, 2}, {1, 7}, {5, 6}, {3, 4}], [{8, 2}, {3, 7}, {1, 6}, {4, 5}], [{8, 2}, {3, 7}, {4, 6}, {1, 5}], [{8, 2}, {3, 7}, {4, 6}, {5}, {1}], [{8, 2}, {3, 7}, {5, 6}, {1, 4}], [{8, 2}, {3, 7}, {6}, {1, 5}, {4}], [{8, 2}, {4, 7}, {1, 6}, {3, 5}], [{8, 2}, {4, 7}, {3, 6}, {1, 5}], [{8, 2}, {4, 7}, {3, 6}, {5}, {1}], [{8, 2}, {4, 7}, {5, 6}, {1, 3}], [{8, 2}, {5, 7}, {1, 6}, {3, 4}], [{8, 2}, {5, 7}, {3, 6}, {1, 4}], [{8, 2}, {5, 7}, {4, 6}, {1, 3}], [{8, 2}, {5, 7}, {6}, {1, 4}, {3}], [{8, 2}, {5, 7}, {6}, {3, 4}, {1}], [{8, 2}, {5, 7}, {6}, {4}, {1, 3}], [{8, 2}, {6, 7}, {1, 5}, {3, 4}], [{8, 2}, {6, 7}, {3, 5}, {1, 4}], [{8, 2}, {6, 7}, {4, 5}, {1, 3}], [{8, 2}, {7}, {1, 6}, {4, 5}, {3}], [{8, 2}, {7}, {4, 6}, {1, 5}, {3}], [{8, 3}, {1, 7}, {2, 6}, {4, 5}], [{8, 3}, {1, 7}, {4, 6}, {2, 5}], [{8, 3}, {1, 7}, {5, 6}, {2, 4}], [{8, 3}, {2, 7}, {1, 6}, {4, 5}], [{8, 3}, {2, 7}, {4, 6}, {1, 5}], [{8, 3}, {2, 7}, {5, 6}, {1, 4}], [{8, 3}, {4, 7}, {1, 6}, {2, 5}], [{8, 3}, {4, 7}, {2, 6}, {1, 5}], [{8, 3}, {4, 7}, {5, 6}, {1, 2}], [{8, 3}, {5, 7}, {1, 6}, {2, 4}], [{8, 3}, {5, 7}, {2, 6}, {1, 4}], [{8, 3}, {5, 7}, {4, 6}, {1, 2}], [{8, 3}, {5, 7}, {6}, {1, 4}, {2}], [{8, 3}, {5, 7}, {6}, {2, 4}, {1}], [{8, 3}, {5, 7}, {6}, {4}, {1, 2}], [{8, 3}, {6, 7}, {1, 5}, {2, 4}], [{8, 3}, {6, 7}, {2, 5}, {1, 4}], [{8, 3}, {6, 7}, {4, 5}, {1, 2}], [{8, 3}, {7}, {1, 6}, {2, 5}, {4}], [{8, 3}, {7}, {2, 6}, {1, 5}, {4}], [{8, 4}, {1, 7}, {2, 6}, {3, 5}], [{8, 4}, {1, 7}, {2, 6}, {5}, {3}], [{8, 4}, {1, 7}, {3, 6}, {2, 5}], [{8, 4}, {1, 7}, {5, 6}, {2, 3}], [{8, 4}, {1, 7}, {5, 6}, {3}, {2}], [{8, 4}, {1, 7}, {6}, {2, 5}, {3}], [{8, 4}, {2, 7}, {1, 6}, {3, 5}], [{8, 4}, {2, 7}, {1, 6}, {5}, {3}], [{8, 4}, {2, 7}, {3, 6}, {1, 5}], [{8, 4}, {2, 7}, {5, 6}, {1, 3}], [{8, 4}, {2, 7}, {6}, {3, 5}, {1}], [{8, 4}, {3, 7}, {1, 6}, {2, 5}], [{8, 4}, {3, 7}, {2, 6}, {1, 5}], [{8, 4}, {3, 7}, {5, 6}, {1, 2}], [{8, 4}, {5, 7}, {1, 6}, {2, 3}], [{8, 4}, {5, 7}, {2, 6}, {1, 3}], [{8, 4}, {5, 7}, {3, 6}, {1, 2}], [{8, 4}, {5, 7}, {6}, {1, 3}, {2}], [{8, 4}, {5, 7}, {6}, {2, 3}, {1}], [{8, 4}, {5, 7}, {6}, {3}, {1, 2}], [{8, 4}, {6, 7}, {1, 5}, {2, 3}], [{8, 4}, {6, 7}, {2, 5}, {1, 3}], [{8, 4}, {6, 7}, {3, 5}, {1, 2}], [{8, 4}, {7}, {1, 6}, {3, 5}, {2}], [{8, 4}, {7}, {3, 6}, {1, 5}, {2}], [{8, 5}, {1, 7}, {2, 6}, {3, 4}], [{8, 5}, {1, 7}, {3, 6}, {2, 4}], [{8, 5}, {1, 7}, {4, 6}, {2, 3}], [{8, 5}, {2, 7}, {1, 6}, {3, 4}], [{8, 5}, {2, 7}, {3, 6}, {1, 4}], [{8, 5}, {2, 7}, {4, 6}, {1, 3}], [{8, 5}, {3, 7}, {1, 6}, {2, 4}], [{8, 5}, {3, 7}, {2, 6}, {1, 4}], [{8, 5}, {3, 7}, {4, 6}, {1, 2}], [{8, 5}, {3, 7}, {6}, {4}, {1, 2}], [{8, 5}, {4, 7}, {1, 6}, {2, 3}], [{8, 5}, {4, 7}, {2, 6}, {1, 3}], [{8, 5}, {4, 7}, {3, 6}, {1, 2}], [{8, 5}, {6, 7}, {1, 4}, {2, 3}], [{8, 5}, {6, 7}, {2, 4}, {1, 3}], [{8, 5}, {6, 7}, {3, 4}, {1, 2}], [{8, 5}, {7}, {3, 6}, {1, 4}, {2}], [{8, 5}, {7}, {4, 6}, {3}, {1, 2}], [{8, 6}, {1, 7}, {2, 5}, {3, 4}], [{8, 6}, {1, 7}, {3, 5}, {2, 4}], [{8, 6}, {1, 7}, {4, 5}, {2, 3}], [{8, 6}, {1, 7}, {5}, {4}, {2, 3}], [{8, 6}, {2, 7}, {1, 5}, {3, 4}], [{8, 6}, {2, 7}, {3, 5}, {1, 4}], [{8, 6}, {2, 7}, {4, 5}, {1, 3}], [{8, 6}, {3, 7}, {1, 5}, {2, 4}], [{8, 6}, {3, 7}, {2, 5}, {1, 4}], [{8, 6}, {3, 7}, {4, 5}, {1, 2}], [{8, 6}, {3, 7}, {5}, {2, 4}, {1}], [{8, 6}, {4, 7}, {1, 5}, {2, 3}], [{8, 6}, {4, 7}, {2, 5}, {1, 3}], [{8, 6}, {4, 7}, {3, 5}, {1, 2}], [{8, 6}, {5, 7}, {1, 4}, {2, 3}], [{8, 6}, {5, 7}, {2, 4}, {1, 3}], [{8, 6}, {5, 7}, {3, 4}, {1, 2}], [{8, 6}, {7}, {3, 5}, {1, 4}, {2}], [{8, 6}, {7}, {4, 5}, {3}, {1, 2}], [{8, 7}, {1, 6}, {2, 5}, {3, 4}], [{8, 7}, {1, 6}, {3, 5}, {2, 4}], [{8, 7}, {1, 6}, {4, 5}, {2, 3}], [{8, 7}, {1, 6}, {5}, {4}, {2, 3}], [{8, 7}, {2, 6}, {1, 5}, {3, 4}], [{8, 7}, {2, 6}, {3, 5}, {1, 4}], [{8, 7}, {2, 6}, {4, 5}, {1, 3}], [{8, 7}, {2, 6}, {4, 5}, {3}, {1}], [{8, 7}, {3, 6}, {1, 5}, {2, 4}], [{8, 7}, {3, 6}, {2, 5}, {1, 4}], [{8, 7}, {3, 6}, {4, 5}, {1, 2}], [{8, 7}, {3, 6}, {5}, {2, 4}, {1}], [{8, 7}, {4, 6}, {1, 5}, {2, 3}], [{8, 7}, {4, 6}, {2, 5}, {1, 3}], [{8, 7}, {4, 6}, {2, 5}, {3}, {1}], [{8, 7}, {4, 6}, {3, 5}, {1, 2}], [{8, 7}, {5, 6}, {1, 4}, {2, 3}], [{8, 7}, {5, 6}, {2, 4}, {1, 3}], [{8, 7}, {5, 6}, {3, 4}, {1, 2}], [{8, 7}, {6}, {3, 5}, {1, 4}, {2}], [{8}, {3, 7}, {1, 6}, {4, 5}, {2}], [{8}, {3, 7}, {4, 6}, {5}, {1, 2}], [{8}, {3, 7}, {6}, {2, 5}, {1, 4}], [{8}, {4, 7}, {3, 6}, {5}, {1, 2}], [{8}, {5, 7}, {6}, {1, 4}, {2, 3}], [{8}, {5, 7}, {6}, {2, 4}, {1, 3}], [{8}, {5, 7}, {6}, {3, 4}, {1, 2}], [{8}, {6, 7}, {3, 5}, {1, 4}, {2}]]",2,- 8 K_1^4 + 12 K_1^3 + 8 K_1^2 K_2 - 4 K_1^2 - 10 K_1 K_2 - 4 K_1 - 2 K_2^2 + 2 K_2 + 2 K_3 + 5,O1O2O3O4U1U2U5O6O7U4O5U3U6O8U7U8,O1O2O3U4U5U2U3O6O7U6O8O5U1O4U7U8,O1O2O3U4U5O6U3O7O4U8O5O8U1U2U7U6,c,"{'O1O2O3O4U5U6U7O6U2O8U1O7O5U8U3U4', 'O1O2O3O4U5U6O5U7U2O8U1O6O7U8U3U4'}",2,"<a href=""/flatknot/8.857938"">8.857938</a>",t^9-47t^7-120t^6+129t^5+658t^4+565t^3-20t^2-100t-22,-t^3+3t,,
8.857939,O1O2O3O4U5U6O5U7U2O8U1O6O7U8U4U3,4,17z^2+70z+73,17w^3z^2+70w^2z+73w,False,False,"[[ 0 -1  0  2  2 -1 -1  0 -1],[ 1  0  0  2  1  1  1  1 -1],[ 0  0  0  0 -1  0  1  1 -2],[-2 -2  0  0  0 -3 -1  0 -2],[-2 -1  1  0  0 -3 -1  0 -2],[ 1 -1  0  3  3  0 -1  0  0],[ 1 -1 -1  1  1  1  0  0  0],[ 0 -1 -1  0  0  0  0  0 -1],[ 1  1  2  2  2  0  0  1  0]]","[[ 0  2  2  0  0 -1 -1 -1 -1],[-2  0  0  1  0 -1 -1 -2 -3],[-2  0  0  0  0 -1 -2 -2 -3],[ 0 -1  0  0  1  1  0 -2  0],[ 0  0  0 -1  0  0 -1 -1  0],[ 1  1  1 -1  0  0 -1  0  1],[ 1  1  2  0  1  1  0 -1  1],[ 1  2  2  2  1  0  1  0  0],[ 1  3  3  0  0 -1 -1  0  0]]",True,"[-2,-2,0,0,1,1,1,1,0,-1,0,1,1,2,3,0,0,1,2,2,3,-1,-1,0,2,0,0,1,1,0,1,0,-1,1,-1,0]","[-2,-2,0,0,1,1,1,1,0,-1,0,1,1,2,3,0,0,1,2,2,3,-1,-1,0,2,0,0,1,1,0,1,0,-1,1,-1,0]",t^8+46t^6+385t^4+59t^2+1,"[-1,-1,-1,-1,0,0,2,2,-1,-1,1,0,1,1,2,-1,0,1,2,2,2,0,1,1,0,0,0,-1,1,1,1,2,2,2,3,0]","[-2,-2,0,0,1,1,1,1,0,2,2,0,1,1,2,2,3,0,1,2,2,-1,1,0,0,1,1,-1,1,2,0,-1,-1,1,0,1]","[-1,-1,-1,-1,0,0,2,2,-1,-1,0,0,0,3,3,-1,0,-1,0,1,1,-1,0,1,1,2,2,1,2,2,1,-1,0,0,0,0]",c,"[[{8, 6}, {4, 7}, {1, 5}, {2, 3}]]",1,4 K_1^3 - 8 K_1^2 - 8 K_1 K_2 + K_1 + 4 K_2 + 3 K_3 + 5,O1O2O3O4U2U1U5O6O7U4O5U3U6O8U7U8,O1O2O3U4U5U3U2O6O7U6O8O5U1O4U7U8,O1O2O3U4U5O6U3O7O4U8O5O8U2U1U7U6,c,"{'O1O2O3O4U5U6O5U7U2O8U1O6O7U8U4U3', 'O1O2O3O4U5U6U7O6U2O8U1O7O5U8U4U3'}",2,"<a href=""/flatknot/8.857939"">8.857939</a>",t^9-42t^7-74t^6+165t^5+332t^4+33t^3-68t^2-56t-30,-2t^2+4t,,
8.857940,O1O2O3O4U5U6O5U7U2O8U3O6O7U1U4U8,3,11z^2+60z+77,11w^3z^2+60w^2z+77w,False,False,"[[ 0 -2  0  1  2 -1 -1  0  1],[ 2  0  1  3  3  1  0  1  1],[ 0 -1  0  1  0  0  0  0  0],[-1 -3 -1  0 -1 -1  0  0  0],[-2 -3  0  1  0 -3 -2 -1 -1],[ 1 -1  0  1  3  0 -1  0  2],[ 1  0  0  0  2  1  0  0  2],[ 0 -1  0  0  1  0  0  0  1],[-1 -1  0  0  1 -2 -2 -1  0]]","[[ 0  2  1  1  0  0 -1 -1 -2],[-2  0  1 -1  0 -1 -2 -3 -3],[-1 -1  0  0 -1  0  0 -1 -3],[-1  1  0  0  0 -1 -2 -2 -1],[ 0  0  1  0  0  0  0  0 -1],[ 0  1  0  1  0  0  0  0 -1],[ 1  2  0  2  0  0  0  1  0],[ 1  3  1  2  0  0 -1  0 -1],[ 2  3  3  1  1  1  0  1  0]]",True,"[-2,-1,-1,0,0,1,1,2,-1,1,0,1,2,3,3,0,1,0,0,1,3,0,1,2,2,1,0,0,0,1,0,0,1,-1,0,1]","[-2,-1,-1,0,0,1,1,2,-1,1,0,1,2,3,3,0,1,0,0,1,3,0,1,2,2,1,0,0,0,1,0,0,1,-1,0,1]",t^8+50t^6+335t^4+56t^2,"[-2,-1,-1,0,0,1,1,2,0,1,1,1,0,2,1,1,1,1,1,0,0,1,1,2,0,1,0,0,1,2,1,0,1,0,2,0]","[-2,-1,-1,0,0,1,1,2,0,2,1,2,0,1,1,0,0,1,0,0,2,1,0,1,2,0,0,1,1,1,1,1,1,-1,0,1]","[-2,-1,-1,0,0,1,1,2,0,1,1,1,1,3,3,1,0,0,2,0,2,0,0,2,1,3,0,0,1,0,1,0,1,0,1,-1]",c,"[[{8, 2}, {3, 7}, {1, 6}, {4, 5}], [{8, 6}, {4, 7}, {2, 5}, {1, 3}], [{8, 6}, {4, 7}, {5}, {1, 3}, {2}], [{8, 7}, {4, 6}, {2, 5}, {1, 3}], [{8, 7}, {4, 6}, {5}, {1, 3}, {2}]]",1,8 K_1^3 - 16 K_1^2 - 12 K_1 K_2 + 8 K_2 + 4 K_3 + 9,O1O2O3O4U5U1U4O6O7U2O5U3U6O8U7U8,O1O2O3U1U4U5U2O6O7U6O8O4U3O5U7U8,O1O2O3U4U5O6U1O7O4U8O5O8U2U6U7U3,c,"{'O1O2O3O4U5U6O5U7U2O8U3O6O7U1U4U8', 'O1O2O3O4U5U6U7O6U2O8U3O7O5U1U4U8'}",2,"<a href=""/flatknot/8.857940"">8.857940</a>",t^9-50t^7-112t^6+229t^5+752t^4+395t^3-140t^2-32t-8,0,,
8.857941,O1O2O3O4U5U6O5U7U2O8U3O6O7U1U8U4,3,11z^2+54z+65,-4w^4z^2+15w^3z^2-6w^3z+60w^2z+65w,False,False,"[[ 0 -2  0  1  3 -1 -1  0  0],[ 2  0  1  3  4  1  0  1  0],[ 0 -1  0  1  0  0  0  0 -1],[-1 -3 -1  0  0 -1  0  0 -1],[-3 -4  0  0  0 -4 -2 -1 -2],[ 1 -1  0  1  4  0 -1  0  1],[ 1  0  0  0  2  1  0  0  1],[ 0 -1  0  0  1  0  0  0  0],[ 0  0  1  1  2 -1 -1  0  0]]","[[ 0  3  1  0  0  0 -1 -1 -2],[-3  0  0  0 -1 -2 -2 -4 -4],[-1  0  0 -1  0 -1  0 -1 -3],[ 0  0  1  0  0 -1  0  0 -1],[ 0  1  0  0  0  0  0  0 -1],[ 0  2  1  1  0  0 -1 -1  0],[ 1  2  0  0  0  1  0  1  0],[ 1  4  1  0  0  1 -1  0 -1],[ 2  4  3  1  1  0  0  1  0]]",True,"[-3,-1,0,0,0,1,1,2,0,0,1,2,2,4,4,1,0,1,0,1,3,0,1,0,0,1,0,0,0,1,1,1,0,-1,0,1]","[-3,-1,0,0,0,1,1,2,0,0,1,2,2,4,4,1,0,1,0,1,3,0,1,0,0,1,0,0,0,1,1,1,0,-1,0,1]",t^8+60t^6+349t^4+79t^2,"[-2,-1,-1,0,0,0,1,3,0,1,1,1,2,0,1,1,1,1,0,1,0,1,1,0,2,2,0,0,1,2,1,0,3,0,1,2]","[-3,-1,0,0,0,1,1,2,2,1,2,3,0,2,1,0,1,0,1,2,0,0,1,0,0,2,0,1,1,1,1,1,1,-1,0,1]","[-2,-1,-1,0,0,0,1,3,0,1,0,1,1,3,4,1,1,0,0,0,2,1,0,0,1,4,0,1,1,2,0,0,1,1,0,0]",c,"[[{8, 1}, {2, 7}, {3, 6}, {4, 5}], [{8, 1}, {2, 7}, {4, 6}, {3, 5}], [{8, 1}, {2, 7}, {4, 6}, {5}, {3}], [{8, 1}, {2, 7}, {5, 6}, {3, 4}], [{8, 1}, {2, 7}, {6}, {3, 5}, {4}], [{8, 1}, {3, 7}, {2, 6}, {4, 5}], [{8, 1}, {3, 7}, {4, 6}, {2, 5}], [{8, 1}, {3, 7}, {5, 6}, {2, 4}], [{8, 1}, {4, 7}, {2, 6}, {3, 5}], [{8, 1}, {4, 7}, {2, 6}, {5}, {3}], [{8, 1}, {4, 7}, {3, 6}, {2, 5}], [{8, 1}, {4, 7}, {5, 6}, {2, 3}], [{8, 1}, {5, 7}, {2, 6}, {3, 4}], [{8, 1}, {5, 7}, {3, 6}, {2, 4}], [{8, 1}, {5, 7}, {4, 6}, {2, 3}], [{8, 1}, {5, 7}, {6}, {2, 4}, {3}], [{8, 1}, {5, 7}, {6}, {3, 4}, {2}], [{8, 1}, {5, 7}, {6}, {4}, {2, 3}], [{8, 1}, {6, 7}, {2, 5}, {3, 4}], [{8, 1}, {6, 7}, {3, 5}, {2, 4}], [{8, 1}, {6, 7}, {4, 5}, {2, 3}], [{8, 1}, {7}, {3, 6}, {4, 5}, {2}], [{8, 1}, {7}, {4, 6}, {3, 5}, {2}], [{8, 2}, {1, 7}, {3, 6}, {4, 5}], [{8, 2}, {1, 7}, {4, 6}, {3, 5}], [{8, 2}, {1, 7}, {5, 6}, {3, 4}], [{8, 2}, {3, 7}, {1, 6}, {4, 5}], [{8, 2}, {3, 7}, {4, 6}, {1, 5}], [{8, 2}, {3, 7}, {5, 6}, {1, 4}], [{8, 2}, {3, 7}, {6}, {1, 5}, {4}], [{8, 2}, {3, 7}, {6}, {4, 5}, {1}], [{8, 2}, {3, 7}, {6}, {5}, {1, 4}], [{8, 2}, {4, 7}, {1, 6}, {3, 5}], [{8, 2}, {4, 7}, {3, 6}, {1, 5}], [{8, 2}, {4, 7}, {5, 6}, {1, 3}], [{8, 2}, {5, 7}, {1, 6}, {3, 4}], [{8, 2}, {5, 7}, {3, 6}, {1, 4}], [{8, 2}, {5, 7}, {4, 6}, {1, 3}], [{8, 2}, {5, 7}, {6}, {1, 4}, {3}], [{8, 2}, {5, 7}, {6}, {3, 4}, {1}], [{8, 2}, {5, 7}, {6}, {4}, {1, 3}], [{8, 2}, {6, 7}, {1, 5}, {3, 4}], [{8, 2}, {6, 7}, {1, 5}, {4}, {3}], [{8, 2}, {6, 7}, {3, 5}, {1, 4}], [{8, 2}, {6, 7}, {4, 5}, {1, 3}], [{8, 2}, {6, 7}, {4, 5}, {3}, {1}], [{8, 2}, {6, 7}, {5}, {1, 4}, {3}], [{8, 2}, {7}, {1, 6}, {3, 5}, {4}], [{8, 2}, {7}, {3, 6}, {1, 5}, {4}], [{8, 2}, {7}, {3, 6}, {4, 5}, {1}], [{8, 2}, {7}, {3, 6}, {5}, {1, 4}], [{8, 2}, {7}, {4, 6}, {3, 5}, {1}], [{8, 2}, {7}, {5, 6}, {1, 4}, {3}], [{8, 2}, {7}, {6}, {3, 5}, {1, 4}], [{8, 2}, {7}, {6}, {5}, {1, 4}, {3}], [{8, 3}, {1, 7}, {2, 6}, {4, 5}], [{8, 3}, {1, 7}, {2, 6}, {5}, {4}], [{8, 3}, {1, 7}, {4, 6}, {2, 5}], [{8, 3}, {1, 7}, {4, 6}, {5}, {2}], [{8, 3}, {1, 7}, {5, 6}, {2, 4}], [{8, 3}, {1, 7}, {6}, {5}, {2, 4}], [{8, 3}, {2, 7}, {1, 6}, {4, 5}], [{8, 3}, {2, 7}, {1, 6}, {5}, {4}], [{8, 3}, {2, 7}, {4, 6}, {1, 5}], [{8, 3}, {2, 7}, {4, 6}, {5}, {1}], [{8, 3}, {2, 7}, {5, 6}, {1, 4}], [{8, 3}, {2, 7}, {6}, {5}, {1, 4}], [{8, 3}, {4, 7}, {1, 6}, {2, 5}], [{8, 3}, {4, 7}, {1, 6}, {5}, {2}], [{8, 3}, {4, 7}, {2, 6}, {1, 5}], [{8, 3}, {4, 7}, {2, 6}, {5}, {1}], [{8, 3}, {4, 7}, {5, 6}, {1, 2}], [{8, 3}, {4, 7}, {6}, {5}, {1, 2}], [{8, 3}, {5, 7}, {1, 6}, {2, 4}], [{8, 3}, {5, 7}, {2, 6}, {1, 4}], [{8, 3}, {5, 7}, {4, 6}, {1, 2}], [{8, 3}, {5, 7}, {6}, {1, 4}, {2}], [{8, 3}, {5, 7}, {6}, {2, 4}, {1}], [{8, 3}, {5, 7}, {6}, {4}, {1, 2}], [{8, 3}, {6, 7}, {1, 5}, {2, 4}], [{8, 3}, {6, 7}, {2, 5}, {1, 4}], [{8, 3}, {6, 7}, {4, 5}, {1, 2}], [{8, 3}, {6, 7}, {5}, {1, 4}, {2}], [{8, 3}, {6, 7}, {5}, {2, 4}, {1}], [{8, 3}, {6, 7}, {5}, {4}, {1, 2}], [{8, 3}, {7}, {1, 6}, {5}, {2, 4}], [{8, 3}, {7}, {2, 6}, {5}, {1, 4}], [{8, 3}, {7}, {4, 6}, {5}, {1, 2}], [{8, 3}, {7}, {5, 6}, {1, 4}, {2}], [{8, 3}, {7}, {5, 6}, {2, 4}, {1}], [{8, 3}, {7}, {5, 6}, {4}, {1, 2}], [{8, 3}, {7}, {6}, {1, 5}, {2, 4}], [{8, 3}, {7}, {6}, {2, 5}, {1, 4}], [{8, 3}, {7}, {6}, {4, 5}, {1, 2}], [{8, 3}, {7}, {6}, {5}, {1, 4}, {2}], [{8, 3}, {7}, {6}, {5}, {2, 4}, {1}], [{8, 3}, {7}, {6}, {5}, {4}, {1, 2}], [{8, 4}, {1, 7}, {2, 6}, {3, 5}], [{8, 4}, {1, 7}, {2, 6}, {5}, {3}], [{8, 4}, {1, 7}, {3, 6}, {2, 5}], [{8, 4}, {1, 7}, {5, 6}, {2, 3}], [{8, 4}, {2, 7}, {1, 6}, {3, 5}], [{8, 4}, {2, 7}, {1, 6}, {5}, {3}], [{8, 4}, {2, 7}, {3, 6}, {1, 5}], [{8, 4}, {2, 7}, {5, 6}, {1, 3}], [{8, 4}, {2, 7}, {6}, {3, 5}, {1}], [{8, 4}, {3, 7}, {1, 6}, {2, 5}], [{8, 4}, {3, 7}, {2, 6}, {1, 5}], [{8, 4}, {3, 7}, {5, 6}, {1, 2}], [{8, 4}, {5, 7}, {1, 6}, {2, 3}], [{8, 4}, {5, 7}, {2, 6}, {1, 3}], [{8, 4}, {5, 7}, {3, 6}, {1, 2}], [{8, 4}, {5, 7}, {6}, {1, 3}, {2}], [{8, 4}, {5, 7}, {6}, {2, 3}, {1}], [{8, 4}, {5, 7}, {6}, {3}, {1, 2}], [{8, 4}, {6, 7}, {1, 5}, {2, 3}], [{8, 4}, {6, 7}, {2, 5}, {1, 3}], [{8, 4}, {6, 7}, {3, 5}, {1, 2}], [{8, 4}, {7}, {1, 6}, {3, 5}, {2}], [{8, 4}, {7}, {3, 6}, {1, 5}, {2}], [{8, 5}, {1, 7}, {2, 6}, {3, 4}], [{8, 5}, {1, 7}, {2, 6}, {4}, {3}], [{8, 5}, {1, 7}, {3, 6}, {2, 4}], [{8, 5}, {1, 7}, {4, 6}, {2, 3}], [{8, 5}, {1, 7}, {4, 6}, {3}, {2}], [{8, 5}, {1, 7}, {6}, {2, 4}, {3}], [{8, 5}, {2, 7}, {1, 6}, {3, 4}], [{8, 5}, {2, 7}, {1, 6}, {4}, {3}], [{8, 5}, {2, 7}, {3, 6}, {1, 4}], [{8, 5}, {2, 7}, {4, 6}, {1, 3}], [{8, 5}, {2, 7}, {4, 6}, {3}, {1}], [{8, 5}, {2, 7}, {6}, {1, 4}, {3}], [{8, 5}, {3, 7}, {1, 6}, {2, 4}], [{8, 5}, {3, 7}, {2, 6}, {1, 4}], [{8, 5}, {3, 7}, {4, 6}, {1, 2}], [{8, 5}, {3, 7}, {6}, {1, 4}, {2}], [{8, 5}, {4, 7}, {1, 6}, {2, 3}], [{8, 5}, {4, 7}, {1, 6}, {3}, {2}], [{8, 5}, {4, 7}, {2, 6}, {1, 3}], [{8, 5}, {4, 7}, {2, 6}, {3}, {1}], [{8, 5}, {4, 7}, {3, 6}, {1, 2}], [{8, 5}, {4, 7}, {6}, {3}, {1, 2}], [{8, 5}, {6, 7}, {1, 4}, {2, 3}], [{8, 5}, {6, 7}, {1, 4}, {3}, {2}], [{8, 5}, {6, 7}, {2, 4}, {1, 3}], [{8, 5}, {6, 7}, {2, 4}, {3}, {1}], [{8, 5}, {6, 7}, {3, 4}, {1, 2}], [{8, 5}, {6, 7}, {4}, {3}, {1, 2}], [{8, 5}, {7}, {1, 6}, {2, 4}, {3}], [{8, 5}, {7}, {2, 6}, {1, 4}, {3}], [{8, 5}, {7}, {3, 6}, {1, 4}, {2}], [{8, 5}, {7}, {4, 6}, {3}, {1, 2}], [{8, 5}, {7}, {6}, {1, 4}, {2, 3}], [{8, 5}, {7}, {6}, {1, 4}, {3}, {2}], [{8, 6}, {1, 7}, {2, 5}, {3, 4}], [{8, 6}, {1, 7}, {3, 5}, {2, 4}], [{8, 6}, {1, 7}, {4, 5}, {2, 3}], [{8, 6}, {2, 7}, {1, 5}, {3, 4}], [{8, 6}, {2, 7}, {3, 5}, {1, 4}], [{8, 6}, {2, 7}, {3, 5}, {4}, {1}], [{8, 6}, {2, 7}, {4, 5}, {1, 3}], [{8, 6}, {2, 7}, {5}, {1, 4}, {3}], [{8, 6}, {3, 7}, {1, 5}, {2, 4}], [{8, 6}, {3, 7}, {2, 5}, {1, 4}], [{8, 6}, {3, 7}, {4, 5}, {1, 2}], [{8, 6}, {3, 7}, {5}, {1, 4}, {2}], [{8, 6}, {4, 7}, {1, 5}, {2, 3}], [{8, 6}, {4, 7}, {2, 5}, {1, 3}], [{8, 6}, {4, 7}, {3, 5}, {1, 2}], [{8, 6}, {5, 7}, {1, 4}, {2, 3}], [{8, 6}, {5, 7}, {1, 4}, {3}, {2}], [{8, 6}, {5, 7}, {2, 4}, {1, 3}], [{8, 6}, {5, 7}, {3, 4}, {1, 2}], [{8, 6}, {5, 7}, {4}, {2, 3}, {1}], [{8, 6}, {7}, {1, 5}, {2, 4}, {3}], [{8, 6}, {7}, {2, 5}, {1, 4}, {3}], [{8, 6}, {7}, {3, 5}, {1, 4}, {2}], [{8, 6}, {7}, {4, 5}, {3}, {1, 2}], [{8, 6}, {7}, {5}, {1, 4}, {2, 3}], [{8, 6}, {7}, {5}, {1, 4}, {3}, {2}], [{8, 7}, {1, 6}, {2, 5}, {3, 4}], [{8, 7}, {1, 6}, {3, 5}, {2, 4}], [{8, 7}, {1, 6}, {3, 5}, {4}, {2}], [{8, 7}, {1, 6}, {4, 5}, {2, 3}], [{8, 7}, {2, 6}, {1, 5}, {3, 4}], [{8, 7}, {2, 6}, {3, 5}, {1, 4}], [{8, 7}, {2, 6}, {4, 5}, {1, 3}], [{8, 7}, {2, 6}, {5}, {1, 4}, {3}], [{8, 7}, {3, 6}, {1, 5}, {2, 4}], [{8, 7}, {3, 6}, {1, 5}, {4}, {2}], [{8, 7}, {3, 6}, {2, 5}, {1, 4}], [{8, 7}, {3, 6}, {4, 5}, {1, 2}], [{8, 7}, {3, 6}, {4, 5}, {2}, {1}], [{8, 7}, {3, 6}, {5}, {1, 4}, {2}], [{8, 7}, {4, 6}, {1, 5}, {2, 3}], [{8, 7}, {4, 6}, {2, 5}, {1, 3}], [{8, 7}, {4, 6}, {3, 5}, {1, 2}], [{8, 7}, {4, 6}, {3, 5}, {2}, {1}], [{8, 7}, {5, 6}, {1, 4}, {2, 3}], [{8, 7}, {5, 6}, {1, 4}, {3}, {2}], [{8, 7}, {5, 6}, {2, 4}, {1, 3}], [{8, 7}, {5, 6}, {3, 4}, {1, 2}], [{8, 7}, {6}, {2, 5}, {1, 4}, {3}], [{8, 7}, {6}, {3, 5}, {1, 4}, {2}], [{8, 7}, {6}, {5}, {1, 4}, {2, 3}], [{8, 7}, {6}, {5}, {1, 4}, {3}, {2}], [{8}, {1, 7}, {2, 6}, {3, 5}, {4}], [{8}, {1, 7}, {2, 6}, {4, 5}, {3}], [{8}, {1, 7}, {2, 6}, {5}, {3, 4}], [{8}, {1, 7}, {2, 6}, {5}, {4}, {3}], [{8}, {1, 7}, {3, 6}, {4, 5}, {2}], [{8}, {1, 7}, {4, 6}, {3, 5}, {2}], [{8}, {1, 7}, {6}, {3, 5}, {2, 4}], [{8}, {1, 7}, {6}, {4, 5}, {2, 3}], [{8}, {2, 7}, {1, 6}, {3, 5}, {4}], [{8}, {2, 7}, {1, 6}, {4, 5}, {3}], [{8}, {2, 7}, {1, 6}, {5}, {3, 4}], [{8}, {2, 7}, {1, 6}, {5}, {4}, {3}], [{8}, {2, 7}, {3, 6}, {1, 5}, {4}], [{8}, {2, 7}, {3, 6}, {4, 5}, {1}], [{8}, {2, 7}, {3, 6}, {5}, {1, 4}], [{8}, {2, 7}, {4, 6}, {1, 5}, {3}], [{8}, {2, 7}, {4, 6}, {3, 5}, {1}], [{8}, {2, 7}, {4, 6}, {5}, {1, 3}], [{8}, {2, 7}, {4, 6}, {5}, {3}, {1}], [{8}, {2, 7}, {5, 6}, {1, 4}, {3}], [{8}, {2, 7}, {5, 6}, {3, 4}, {1}], [{8}, {2, 7}, {5, 6}, {4}, {1, 3}], [{8}, {2, 7}, {6}, {1, 5}, {3, 4}], [{8}, {2, 7}, {6}, {3, 5}, {1, 4}], [{8}, {2, 7}, {6}, {3, 5}, {4}, {1}], [{8}, {2, 7}, {6}, {4, 5}, {1, 3}], [{8}, {2, 7}, {6}, {5}, {1, 4}, {3}], [{8}, {3, 7}, {1, 6}, {2, 5}, {4}], [{8}, {3, 7}, {2, 6}, {5}, {1, 4}], [{8}, {3, 7}, {4, 6}, {2, 5}, {1}], [{8}, {3, 7}, {5, 6}, {1, 4}, {2}], [{8}, {3, 7}, {6}, {2, 5}, {1, 4}], [{8}, {3, 7}, {6}, {5}, {1, 4}, {2}], [{8}, {4, 7}, {1, 6}, {3, 5}, {2}], [{8}, {4, 7}, {2, 6}, {1, 5}, {3}], [{8}, {4, 7}, {2, 6}, {3, 5}, {1}], [{8}, {4, 7}, {2, 6}, {5}, {1, 3}], [{8}, {4, 7}, {2, 6}, {5}, {3}, {1}], [{8}, {4, 7}, {3, 6}, {1, 5}, {2}], [{8}, {4, 7}, {6}, {1, 5}, {2, 3}], [{8}, {4, 7}, {6}, {3, 5}, {1, 2}], [{8}, {5, 7}, {1, 6}, {4}, {2, 3}], [{8}, {5, 7}, {2, 6}, {1, 4}, {3}], [{8}, {5, 7}, {3, 6}, {1, 4}, {2}], [{8}, {5, 7}, {4, 6}, {2, 3}, {1}], [{8}, {5, 7}, {6}, {1, 4}, {2, 3}], [{8}, {5, 7}, {6}, {1, 4}, {3}, {2}], [{8}, {5, 7}, {6}, {2, 4}, {1, 3}], [{8}, {5, 7}, {6}, {3, 4}, {1, 2}], [{8}, {5, 7}, {6}, {4}, {2, 3}, {1}], [{8}, {6, 7}, {2, 5}, {1, 4}, {3}], [{8}, {6, 7}, {3, 5}, {1, 4}, {2}], [{8}, {6, 7}, {3, 5}, {2, 4}, {1}], [{8}, {6, 7}, {3, 5}, {4}, {1, 2}], [{8}, {6, 7}, {5}, {1, 4}, {2, 3}], [{8}, {6, 7}, {5}, {1, 4}, {3}, {2}], [{8}, {7}, {1, 6}, {3, 5}, {2, 4}], [{8}, {7}, {1, 6}, {3, 5}, {4}, {2}], [{8}, {7}, {2, 6}, {3, 5}, {1, 4}], [{8}, {7}, {2, 6}, {5}, {1, 4}, {3}], [{8}, {7}, {3, 6}, {1, 5}, {2, 4}], [{8}, {7}, {3, 6}, {1, 5}, {4}, {2}], [{8}, {7}, {3, 6}, {2, 5}, {1, 4}], [{8}, {7}, {3, 6}, {4, 5}, {1, 2}], [{8}, {7}, {3, 6}, {4, 5}, {2}, {1}], [{8}, {7}, {3, 6}, {5}, {1, 4}, {2}], [{8}, {7}, {4, 6}, {3, 5}, {1, 2}], [{8}, {7}, {4, 6}, {3, 5}, {2}, {1}], [{8}, {7}, {5, 6}, {1, 4}, {2, 3}], [{8}, {7}, {5, 6}, {1, 4}, {3}, {2}], [{8}, {7}, {6}, {2, 5}, {1, 4}, {3}], [{8}, {7}, {6}, {3, 5}, {1, 4}, {2}], [{8}, {7}, {6}, {5}, {1, 4}, {2, 3}], [{8}, {7}, {6}, {5}, {1, 4}, {3}, {2}]]",2,12 K_1^3 - 14 K_1^2 - 10 K_1 K_2 - 4 K_1 + 7 K_2 + 2 K_3 + 8,O1O2O3O4U1U5U4O6O7U2O5U3U6O8U7U8,O1O2O3U1U4U5U3O6O7U6O8O4U2O5U7U8,O1O2O3U4U5O6U2O7O4U8O5O8U1U6U7U3,c,"{'O1O2O3O4U5U6U7O6U2O8U3O7O5U1U8U4', 'O1O2O3O4U5U6O5U7U2O8U3O6O7U1U8U4'}",2,"<a href=""/flatknot/8.857941"">8.857941</a>",t^9-56t^7-104t^6+262t^5+578t^4-148t^3-500t^2+16t+32,-t^3+t^2+t,,
8.857942,O1O2O3O4U5U6O5U7U2O8U3O6O7U8U1U4,4,11z^2+64z+85,11w^3z^2+64w^2z+85w,False,False,"[[ 0 -1  0  1  3 -1 -1  0 -1],[ 1  0  1  2  3  0  0  1 -1],[ 0 -1  0  1  0  0  0  0 -1],[-1 -2 -1  0  0 -1  0  0 -1],[-3 -3  0  0  0 -4 -2 -1 -2],[ 1  0  0  1  4  0 -1  0  0],[ 1  0  0  0  2  1  0  0  0],[ 0 -1  0  0  1  0  0  0 -1],[ 1  1  1  1  2  0  0  1  0]]","[[ 0  3  1  0  0 -1 -1 -1 -1],[-3  0  0  0 -1 -2 -2 -3 -4],[-1  0  0 -1  0  0 -1 -2 -1],[ 0  0  1  0  0  0 -1 -1  0],[ 0  1  0  0  0  0 -1 -1  0],[ 1  2  0  0  0  0  0  0  1],[ 1  2  1  1  1  0  0  1  0],[ 1  3  2  1  1  0 -1  0  0],[ 1  4  1  0  0 -1  0  0  0]]",True,"[-3,-1,0,0,1,1,1,1,0,0,1,2,2,3,4,1,0,0,1,2,1,0,0,1,1,0,0,1,1,0,0,0,-1,-1,0,0]","[-3,-1,0,0,1,1,1,1,0,0,1,2,2,3,4,1,0,0,1,2,1,0,0,1,1,0,0,1,1,0,0,0,-1,-1,0,0]",t^8+47t^6+230t^4+138t^2+1,"[-1,-1,-1,-1,0,0,1,3,-1,0,0,0,0,1,2,0,0,0,0,0,1,-1,1,1,2,2,1,1,1,0,0,0,3,1,2,2]","[-3,-1,0,0,1,1,1,1,2,2,3,0,1,2,2,1,0,1,0,1,2,0,1,0,0,1,1,0,0,1,0,0,-1,-1,0,0]","[-1,-1,-1,-1,0,0,1,3,-1,0,0,0,0,1,4,0,0,0,0,0,2,-1,1,1,2,3,1,1,1,2,0,0,1,1,0,0]",c,"[[{8, 1}, {2, 7}, {3, 6}, {4, 5}], [{8, 1}, {2, 7}, {4, 6}, {3, 5}], [{8, 1}, {2, 7}, {5, 6}, {3, 4}], [{8, 1}, {2, 7}, {6}, {5}, {3, 4}], [{8, 1}, {3, 7}, {2, 6}, {4, 5}], [{8, 1}, {3, 7}, {4, 6}, {2, 5}], [{8, 1}, {3, 7}, {5, 6}, {2, 4}], [{8, 1}, {4, 7}, {2, 6}, {3, 5}], [{8, 1}, {4, 7}, {3, 6}, {2, 5}], [{8, 1}, {4, 7}, {5, 6}, {2, 3}], [{8, 1}, {5, 7}, {2, 6}, {3, 4}], [{8, 1}, {5, 7}, {3, 6}, {2, 4}], [{8, 1}, {5, 7}, {4, 6}, {2, 3}], [{8, 1}, {5, 7}, {6}, {2, 4}, {3}], [{8, 1}, {5, 7}, {6}, {3, 4}, {2}], [{8, 1}, {5, 7}, {6}, {4}, {2, 3}], [{8, 1}, {6, 7}, {2, 5}, {3, 4}], [{8, 1}, {6, 7}, {3, 5}, {2, 4}], [{8, 1}, {6, 7}, {4, 5}, {2, 3}], [{8, 1}, {6, 7}, {5}, {3, 4}, {2}], [{8, 1}, {7}, {2, 6}, {5}, {3, 4}], [{8, 1}, {7}, {5, 6}, {3, 4}, {2}], [{8, 1}, {7}, {6}, {2, 5}, {3, 4}], [{8, 1}, {7}, {6}, {5}, {3, 4}, {2}], [{8, 2}, {1, 7}, {3, 6}, {4, 5}], [{8, 2}, {1, 7}, {4, 6}, {3, 5}], [{8, 2}, {1, 7}, {5, 6}, {3, 4}], [{8, 2}, {3, 7}, {1, 6}, {4, 5}], [{8, 2}, {3, 7}, {4, 6}, {1, 5}], [{8, 2}, {3, 7}, {5, 6}, {1, 4}], [{8, 2}, {3, 7}, {6}, {5}, {1, 4}], [{8, 2}, {4, 7}, {1, 6}, {3, 5}], [{8, 2}, {4, 7}, {3, 6}, {1, 5}], [{8, 2}, {4, 7}, {5, 6}, {1, 3}], [{8, 2}, {5, 7}, {1, 6}, {3, 4}], [{8, 2}, {5, 7}, {3, 6}, {1, 4}], [{8, 2}, {5, 7}, {4, 6}, {1, 3}], [{8, 2}, {5, 7}, {6}, {1, 4}, {3}], [{8, 2}, {5, 7}, {6}, {3, 4}, {1}], [{8, 2}, {5, 7}, {6}, {4}, {1, 3}], [{8, 2}, {6, 7}, {1, 5}, {3, 4}], [{8, 2}, {6, 7}, {3, 5}, {1, 4}], [{8, 2}, {6, 7}, {4, 5}, {1, 3}], [{8, 2}, {6, 7}, {5}, {1, 4}, {3}], [{8, 2}, {7}, {1, 6}, {3, 5}, {4}], [{8, 2}, {7}, {3, 6}, {1, 5}, {4}], [{8, 2}, {7}, {3, 6}, {4, 5}, {1}], [{8, 2}, {7}, {3, 6}, {5}, {1, 4}], [{8, 2}, {7}, {4, 6}, {3, 5}, {1}], [{8, 2}, {7}, {5, 6}, {1, 4}, {3}], [{8, 2}, {7}, {6}, {3, 5}, {1, 4}], [{8, 2}, {7}, {6}, {5}, {1, 4}, {3}], [{8, 3}, {1, 7}, {2, 6}, {4, 5}], [{8, 3}, {1, 7}, {4, 6}, {2, 5}], [{8, 3}, {1, 7}, {4, 6}, {5}, {2}], [{8, 3}, {1, 7}, {5, 6}, {2, 4}], [{8, 3}, {2, 7}, {1, 6}, {4, 5}], [{8, 3}, {2, 7}, {4, 6}, {1, 5}], [{8, 3}, {2, 7}, {4, 6}, {5}, {1}], [{8, 3}, {2, 7}, {5, 6}, {1, 4}], [{8, 3}, {4, 7}, {1, 6}, {2, 5}], [{8, 3}, {4, 7}, {1, 6}, {5}, {2}], [{8, 3}, {4, 7}, {2, 6}, {1, 5}], [{8, 3}, {4, 7}, {2, 6}, {5}, {1}], [{8, 3}, {4, 7}, {5, 6}, {1, 2}], [{8, 3}, {4, 7}, {6}, {5}, {1, 2}], [{8, 3}, {5, 7}, {1, 6}, {2, 4}], [{8, 3}, {5, 7}, {2, 6}, {1, 4}], [{8, 3}, {5, 7}, {4, 6}, {1, 2}], [{8, 3}, {5, 7}, {6}, {1, 4}, {2}], [{8, 3}, {5, 7}, {6}, {2, 4}, {1}], [{8, 3}, {5, 7}, {6}, {4}, {1, 2}], [{8, 3}, {6, 7}, {1, 5}, {2, 4}], [{8, 3}, {6, 7}, {2, 5}, {1, 4}], [{8, 3}, {6, 7}, {4, 5}, {1, 2}], [{8, 3}, {6, 7}, {5}, {4}, {1, 2}], [{8, 3}, {7}, {4, 6}, {5}, {1, 2}], [{8, 3}, {7}, {5, 6}, {4}, {1, 2}], [{8, 3}, {7}, {6}, {4, 5}, {1, 2}], [{8, 3}, {7}, {6}, {5}, {4}, {1, 2}], [{8, 4}, {1, 7}, {2, 6}, {3, 5}], [{8, 4}, {1, 7}, {3, 6}, {2, 5}], [{8, 4}, {1, 7}, {5, 6}, {2, 3}], [{8, 4}, {1, 7}, {6}, {5}, {2, 3}], [{8, 4}, {2, 7}, {1, 6}, {3, 5}], [{8, 4}, {2, 7}, {3, 6}, {1, 5}], [{8, 4}, {2, 7}, {5, 6}, {1, 3}], [{8, 4}, {3, 7}, {1, 6}, {2, 5}], [{8, 4}, {3, 7}, {2, 6}, {1, 5}], [{8, 4}, {3, 7}, {5, 6}, {1, 2}], [{8, 4}, {5, 7}, {1, 6}, {2, 3}], [{8, 4}, {5, 7}, {2, 6}, {1, 3}], [{8, 4}, {5, 7}, {3, 6}, {1, 2}], [{8, 4}, {5, 7}, {6}, {1, 3}, {2}], [{8, 4}, {5, 7}, {6}, {2, 3}, {1}], [{8, 4}, {5, 7}, {6}, {3}, {1, 2}], [{8, 4}, {6, 7}, {1, 5}, {2, 3}], [{8, 4}, {6, 7}, {2, 5}, {1, 3}], [{8, 4}, {6, 7}, {3, 5}, {1, 2}], [{8, 4}, {6, 7}, {5}, {2, 3}, {1}], [{8, 4}, {7}, {1, 6}, {5}, {2, 3}], [{8, 4}, {7}, {5, 6}, {2, 3}, {1}], [{8, 4}, {7}, {6}, {1, 5}, {2, 3}], [{8, 4}, {7}, {6}, {5}, {2, 3}, {1}], [{8, 5}, {1, 7}, {2, 6}, {3, 4}], [{8, 5}, {1, 7}, {2, 6}, {4}, {3}], [{8, 5}, {1, 7}, {3, 6}, {2, 4}], [{8, 5}, {1, 7}, {4, 6}, {2, 3}], [{8, 5}, {1, 7}, {4, 6}, {3}, {2}], [{8, 5}, {1, 7}, {6}, {2, 4}, {3}], [{8, 5}, {2, 7}, {1, 6}, {3, 4}], [{8, 5}, {2, 7}, {1, 6}, {4}, {3}], [{8, 5}, {2, 7}, {3, 6}, {1, 4}], [{8, 5}, {2, 7}, {4, 6}, {1, 3}], [{8, 5}, {3, 7}, {1, 6}, {2, 4}], [{8, 5}, {3, 7}, {2, 6}, {1, 4}], [{8, 5}, {3, 7}, {4, 6}, {1, 2}], [{8, 5}, {3, 7}, {6}, {2, 4}, {1}], [{8, 5}, {4, 7}, {1, 6}, {2, 3}], [{8, 5}, {4, 7}, {2, 6}, {1, 3}], [{8, 5}, {4, 7}, {3, 6}, {1, 2}], [{8, 5}, {4, 7}, {6}, {2, 3}, {1}], [{8, 5}, {6, 7}, {1, 4}, {2, 3}], [{8, 5}, {6, 7}, {2, 4}, {1, 3}], [{8, 5}, {6, 7}, {3, 4}, {1, 2}], [{8, 5}, {6, 7}, {4}, {2, 3}, {1}], [{8, 5}, {7}, {1, 6}, {3, 4}, {2}], [{8, 5}, {7}, {4, 6}, {2, 3}, {1}], [{8, 5}, {7}, {6}, {2, 4}, {1, 3}], [{8, 6}, {1, 7}, {2, 5}, {3, 4}], [{8, 6}, {1, 7}, {3, 5}, {2, 4}], [{8, 6}, {1, 7}, {4, 5}, {2, 3}], [{8, 6}, {1, 7}, {5}, {2, 4}, {3}], [{8, 6}, {2, 7}, {1, 5}, {3, 4}], [{8, 6}, {2, 7}, {3, 5}, {1, 4}], [{8, 6}, {2, 7}, {4, 5}, {1, 3}], [{8, 6}, {3, 7}, {1, 5}, {2, 4}], [{8, 6}, {3, 7}, {2, 5}, {1, 4}], [{8, 6}, {3, 7}, {4, 5}, {1, 2}], [{8, 6}, {3, 7}, {5}, {1, 4}, {2}], [{8, 6}, {3, 7}, {5}, {2, 4}, {1}], [{8, 6}, {3, 7}, {5}, {4}, {1, 2}], [{8, 6}, {4, 7}, {1, 5}, {2, 3}], [{8, 6}, {4, 7}, {2, 5}, {1, 3}], [{8, 6}, {4, 7}, {3, 5}, {1, 2}], [{8, 6}, {4, 7}, {5}, {2, 3}, {1}], [{8, 6}, {5, 7}, {1, 4}, {2, 3}], [{8, 6}, {5, 7}, {2, 4}, {1, 3}], [{8, 6}, {5, 7}, {3, 4}, {1, 2}], [{8, 6}, {5, 7}, {4}, {2, 3}, {1}], [{8, 6}, {7}, {1, 5}, {3, 4}, {2}], [{8, 6}, {7}, {4, 5}, {2, 3}, {1}], [{8, 6}, {7}, {5}, {2, 4}, {1, 3}], [{8, 7}, {1, 6}, {2, 5}, {3, 4}], [{8, 7}, {1, 6}, {2, 5}, {4}, {3}], [{8, 7}, {1, 6}, {3, 5}, {2, 4}], [{8, 7}, {1, 6}, {4, 5}, {2, 3}], [{8, 7}, {1, 6}, {4, 5}, {3}, {2}], [{8, 7}, {1, 6}, {5}, {2, 4}, {3}], [{8, 7}, {2, 6}, {1, 5}, {3, 4}], [{8, 7}, {2, 6}, {3, 5}, {1, 4}], [{8, 7}, {2, 6}, {4, 5}, {1, 3}], [{8, 7}, {3, 6}, {1, 5}, {2, 4}], [{8, 7}, {3, 6}, {2, 5}, {1, 4}], [{8, 7}, {3, 6}, {4, 5}, {1, 2}], [{8, 7}, {3, 6}, {5}, {1, 4}, {2}], [{8, 7}, {3, 6}, {5}, {2, 4}, {1}], [{8, 7}, {3, 6}, {5}, {4}, {1, 2}], [{8, 7}, {4, 6}, {1, 5}, {2, 3}], [{8, 7}, {4, 6}, {2, 5}, {1, 3}], [{8, 7}, {4, 6}, {3, 5}, {1, 2}], [{8, 7}, {4, 6}, {5}, {2, 3}, {1}], [{8, 7}, {5, 6}, {1, 4}, {2, 3}], [{8, 7}, {5, 6}, {2, 4}, {1, 3}], [{8, 7}, {5, 6}, {3, 4}, {1, 2}], [{8, 7}, {5, 6}, {4}, {2, 3}, {1}], [{8, 7}, {6}, {2, 5}, {3, 4}, {1}], [{8, 7}, {6}, {4, 5}, {2, 3}, {1}], [{8, 7}, {6}, {5}, {2, 4}, {1, 3}], [{8}, {1, 7}, {3, 6}, {4, 5}, {2}], [{8}, {1, 7}, {4, 6}, {3, 5}, {2}], [{8}, {1, 7}, {5, 6}, {2, 4}, {3}], [{8}, {1, 7}, {6}, {2, 5}, {3, 4}], [{8}, {2, 7}, {3, 6}, {5}, {1, 4}], [{8}, {2, 7}, {4, 6}, {1, 5}, {3}], [{8}, {3, 7}, {2, 6}, {1, 5}, {4}], [{8}, {3, 7}, {2, 6}, {4, 5}, {1}], [{8}, {3, 7}, {2, 6}, {5}, {1, 4}], [{8}, {3, 7}, {4, 6}, {2, 5}, {1}], [{8}, {3, 7}, {5, 6}, {2, 4}, {1}], [{8}, {4, 7}, {3, 6}, {1, 5}, {2}], [{8}, {4, 7}, {5, 6}, {2, 3}, {1}], [{8}, {5, 7}, {1, 6}, {4}, {2, 3}], [{8}, {5, 7}, {4, 6}, {2, 3}, {1}], [{8}, {5, 7}, {6}, {1, 4}, {2, 3}], [{8}, {5, 7}, {6}, {2, 4}, {1, 3}], [{8}, {5, 7}, {6}, {3, 4}, {1, 2}], [{8}, {5, 7}, {6}, {4}, {2, 3}, {1}], [{8}, {6, 7}, {4, 5}, {2, 3}, {1}], [{8}, {6, 7}, {5}, {2, 4}, {1, 3}], [{8}, {7}, {5, 6}, {2, 4}, {1, 3}], [{8}, {7}, {6}, {5}, {2, 4}, {1, 3}]]",2,8 K_1^3 - 14 K_1^2 - 14 K_1 K_2 - 2 K_1 K_3 + K_1 - 2 K_2^2 + 8 K_2 + 5 K_3 + 2 K_4 + 9,O1O2O3O4U1U4U5O6O7U2O5U3U6O8U7U8,O1O2O3U2U4U5U3O6O7U6O8O4U1O5U7U8,O1O2O3U4U5O6U3O7O4U8O5O8U1U6U7U2,c,"{'O1O2O3O4U5U6O5U7U2O8U3O6O7U8U1U4', 'O1O2O3O4U5U6U7O6U2O8U3O7O5U8U1U4'}",2,"<a href=""/flatknot/8.857942"">8.857942</a>",t^9-41t^7-56t^6+172t^5+378t^4+153t^3-84t^2-54t-6,-t^3+3t,,
8.857943,O1O2O3O4U5U6O5U7U2O8U4O6O7U1U8U3,3,6z^2+29z+35,-4w^4z^2+10w^3z^2-6w^3z+35w^2z+35w,False,False,"[[ 0 -2  0  2  2 -1 -1  0  0],[ 2  0  1  3  3  1  0  1  0],[ 0 -1  0  0  1  0  0  0 -1],[-2 -3  0  0  1 -3 -2 -1 -1],[-2 -3 -1 -1  0 -2 -1 -1 -1],[ 1 -1  0  3  2  0 -1  0  1],[ 1  0  0  2  1  1  0  0  1],[ 0 -1  0  1  1  0  0  0  0],[ 0  0  1  1  1 -1 -1  0  0]]","[[ 0  2  2  0  0  0 -1 -1 -2],[-2  0  1  0 -1 -1 -2 -3 -3],[-2 -1  0 -1 -1 -1 -1 -2 -3],[ 0  0  1  0  0 -1  0  0 -1],[ 0  1  1  0  0  0  0  0 -1],[ 0  1  1  1  0  0 -1 -1  0],[ 1  2  1  0  0  1  0  1  0],[ 1  3  2  0  0  1 -1  0 -1],[ 2  3  3  1  1  0  0  1  0]]",True,"[-2,-2,0,0,0,1,1,2,-1,0,1,1,2,3,3,1,1,1,1,2,3,0,1,0,0,1,0,0,0,1,1,1,0,-1,0,1]","[-2,-2,0,0,0,1,1,2,-1,0,1,1,2,3,3,1,1,1,1,2,3,0,1,0,0,1,0,0,0,1,1,1,0,-1,0,1]",t^8+49t^6+184t^4+17t^2,"[-2,-1,-1,0,0,0,2,2,0,1,1,1,2,1,1,1,1,1,0,0,1,1,1,0,1,2,0,0,1,1,1,2,1,1,1,-1]","[-2,-2,0,0,0,1,1,2,-1,1,1,1,1,2,1,1,1,2,0,1,1,0,0,1,1,1,1,0,0,2,1,1,1,-1,0,1]","[-2,-1,-1,0,0,0,2,2,0,1,0,1,1,3,3,1,1,0,0,1,2,1,0,0,2,3,0,1,1,1,0,1,1,1,0,-1]",c,"[[{8, 1}, {5, 7}, {4, 6}, {2, 3}], [{8, 1}, {5, 7}, {6}, {4}, {2, 3}], [{8, 2}, {4, 7}, {5, 6}, {1, 3}], [{8, 2}, {5, 7}, {4, 6}, {1, 3}], [{8, 2}, {5, 7}, {6}, {4}, {1, 3}], [{8, 2}, {6, 7}, {4, 5}, {1, 3}]]",1,- 8 K_1^4 + 12 K_1^3 + 8 K_1^2 K_2 - 8 K_1^2 - 8 K_1 K_2 - 2 K_1 K_3 - 5 K_1 + 5 K_2 + K_3 + 6,O1O2O3O4U2U5U4O6O7U1O5U3U6O8U7U8,O1O2O3U1U4U3U5O6O7U6O8O4U2O5U7U8,O1O2O3U4U5O6U2O7O4U8O5O8U6U1U7U3,c,"{'O1O2O3O4U5U6U7O6U2O8U4O7O5U1U8U3', 'O1O2O3O4U5U6U7O6U2U3O8O7O5U1U4U8', 'O1O2O3O4U5U6O5U7U2O8U4O6O7U1U8U3', 'O1O2O3O4U5U6O5U7U2U3O8O6O7U1U4U8'}",4,"<a href=""/flatknot/8.857943"">8.857943</a>",t^9-47t^7-120t^6+61t^5+352t^4+87t^3-256t^2-76t+32,-t^2+2t,,
8.857944,O1O2O3O4U5U6O5U7U2O8U4O6O7U8U1U3,3,10z^2+47z+55,10w^3z^2+47w^2z+55w,False,False,"[[ 0 -1  0  2  2 -1 -1  0 -1],[ 1  0  1  2  2  0  0  1 -1],[ 0 -1  0  0  1  0  0  0 -1],[-2 -2  0  0  1 -3 -2 -1 -1],[-2 -2 -1 -1  0 -2 -1 -1 -1],[ 1  0  0  3  2  0 -1  0  0],[ 1  0  0  2  1  1  0  0  0],[ 0 -1  0  1  1  0  0  0 -1],[ 1  1  1  1  1  0  0  1  0]]","[[ 0  2  2  0  0 -1 -1 -1 -1],[-2  0  1  0 -1 -1 -2 -2 -3],[-2 -1  0 -1 -1 -1 -1 -2 -2],[ 0  0  1  0  0 -1  0 -1  0],[ 0  1  1  0  0 -1  0 -1  0],[ 1  1  1  1  1  0  0  1  0],[ 1  2  1  0  0  0  0  0  1],[ 1  2  2  1  1 -1  0  0  0],[ 1  3  2  0  0  0 -1  0  0]]",True,"[-2,-2,0,0,1,1,1,1,-1,0,1,1,2,2,3,1,1,1,1,2,2,0,1,0,1,0,1,0,1,0,0,-1,0,0,-1,0]","[-2,-2,0,0,1,1,1,1,-1,0,1,1,2,2,3,1,1,1,1,2,2,0,1,0,1,0,1,0,1,0,0,-1,0,0,-1,0]",t^8+38t^6+141t^4+24t^2,"[-1,-1,-1,-1,0,0,2,2,-1,0,0,0,0,2,2,0,0,0,0,1,1,-1,1,1,1,2,1,1,0,1,0,1,1,2,1,-1]","[-2,-2,0,0,1,1,1,1,-1,1,1,1,1,2,2,1,2,0,1,1,2,0,1,0,1,0,1,0,1,0,0,-1,0,0,-1,0]","[-1,-1,-1,-1,0,0,2,2,-1,0,0,0,0,2,3,0,0,0,0,1,2,-1,1,1,2,2,1,1,1,1,0,1,0,1,1,-1]",c,"[[{8, 4}, {5, 7}, {3, 6}, {1, 2}], [{8, 4}, {5, 7}, {6}, {3}, {1, 2}], [{8, 5}, {4, 7}, {1, 6}, {2, 3}], [{8, 5}, {7}, {1, 6}, {4}, {2, 3}], [{8, 6}, {4, 7}, {1, 5}, {2, 3}], [{8, 6}, {7}, {1, 5}, {4}, {2, 3}]]",1,4 K_1^3 - 4 K_1^2 - 4 K_1 K_2 - K_1 + 2 K_2 + K_3 + 3,O1O2O3O4U2U4U5O6O7U1O5U3U6O8U7U8,O1O2O3U2U4U3U5O6O7U6O8O4U1O5U7U8,O1O2O3U4U5O6U3O7O4U8O5O8U6U1U7U2,c,"{'O1O2O3U4O5U6U7O6U2U5O8O7U8O4U1U3', 'O1O2O3O4U5U6U7O6U2O8U4O7O5U8U1U3', 'O1O2O3O4U5U6O5U7U2O8U4O6O7U8U1U3'}",3,"<a href=""/flatknot/8.857944"">8.857944</a>",t^9-34t^7-70t^6+77t^5+316t^4+264t^3+46t^2-16t,-2t^2+4t,,
8.857945,O1O2O3O4U5U6O5U7U3O8U1O6O7U2U8U4,3,10z^2+47z+55,-4w^4z^2+14w^3z^2-16w^3z+63w^2z+55w,False,False,"[[ 0 -1 -1  1  3 -1 -1  0  0],[ 1  0 -1  0  2  1  1  1  0],[ 1  1  0  2  3  0  0  1 -1],[-1  0 -2  0 -1 -1  0  0 -2],[-3 -2 -3  1  0 -4 -2 -1 -2],[ 1 -1  0  1  4  0 -1  0  1],[ 1 -1  0  0  2  1  0  0  1],[ 0 -1 -1  0  1  0  0  0  0],[ 0  0  1  2  2 -1 -1  0  0]]","[[ 0  3  1  0  0 -1 -1 -1 -1],[-3  0  1 -1 -2 -2 -2 -3 -4],[-1 -1  0  0 -2  0  0 -2 -1],[ 0  1  0  0  0  0 -1 -1  0],[ 0  2  2  0  0 -1  0  1 -1],[ 1  2  0  0  1  0 -1  0  1],[ 1  2  0  1  0  1  0 -1  1],[ 1  3  2  1 -1  0  1  0  0],[ 1  4  1  0  1 -1 -1  0  0]]",True,"[-3,-1,0,0,1,1,1,1,-1,1,2,2,2,3,4,0,2,0,0,2,1,0,0,1,1,0,1,0,-1,1,1,0,-1,1,-1,0]","[-3,-1,0,0,1,1,1,1,-1,1,2,2,2,3,4,0,2,0,0,2,1,0,0,1,1,0,1,0,-1,1,1,0,-1,1,-1,0]",t^8+57t^6+483t^4+108t^2,"[-1,-1,-1,-1,0,0,1,3,-1,-1,1,0,1,2,2,-1,0,1,0,2,2,0,1,0,1,0,0,2,0,1,0,1,2,-1,1,3]","[-3,-1,0,0,1,1,1,1,3,1,2,0,1,2,2,-1,1,1,0,2,2,0,0,2,0,1,1,0,1,0,0,-1,-1,0,1,-1]","[-1,-1,-1,-1,0,0,1,3,-1,-1,0,0,1,1,4,-1,0,0,1,0,2,-1,1,0,0,2,1,-1,2,3,0,0,1,2,2,-1]",c,"[[{8, 1}, {2, 7}, {3, 6}, {4, 5}], [{8, 1}, {2, 7}, {4, 6}, {3, 5}], [{8, 1}, {2, 7}, {4, 6}, {5}, {3}], [{8, 1}, {2, 7}, {5, 6}, {3, 4}], [{8, 1}, {2, 7}, {6}, {3, 5}, {4}], [{8, 1}, {3, 7}, {2, 6}, {4, 5}], [{8, 1}, {3, 7}, {4, 6}, {2, 5}], [{8, 1}, {3, 7}, {5, 6}, {2, 4}], [{8, 1}, {4, 7}, {2, 6}, {3, 5}], [{8, 1}, {4, 7}, {2, 6}, {5}, {3}], [{8, 1}, {4, 7}, {3, 6}, {2, 5}], [{8, 1}, {4, 7}, {5, 6}, {2, 3}], [{8, 1}, {5, 7}, {2, 6}, {3, 4}], [{8, 1}, {5, 7}, {3, 6}, {2, 4}], [{8, 1}, {5, 7}, {4, 6}, {2, 3}], [{8, 1}, {5, 7}, {6}, {2, 4}, {3}], [{8, 1}, {5, 7}, {6}, {3, 4}, {2}], [{8, 1}, {5, 7}, {6}, {4}, {2, 3}], [{8, 1}, {6, 7}, {2, 5}, {3, 4}], [{8, 1}, {6, 7}, {3, 5}, {2, 4}], [{8, 1}, {6, 7}, {4, 5}, {2, 3}], [{8, 1}, {7}, {3, 6}, {4, 5}, {2}], [{8, 1}, {7}, {4, 6}, {3, 5}, {2}], [{8, 2}, {1, 7}, {3, 6}, {4, 5}], [{8, 2}, {1, 7}, {4, 6}, {3, 5}], [{8, 2}, {1, 7}, {5, 6}, {3, 4}], [{8, 2}, {3, 7}, {1, 6}, {4, 5}], [{8, 2}, {3, 7}, {4, 6}, {1, 5}], [{8, 2}, {3, 7}, {5, 6}, {1, 4}], [{8, 2}, {3, 7}, {6}, {5}, {1, 4}], [{8, 2}, {4, 7}, {1, 6}, {3, 5}], [{8, 2}, {4, 7}, {3, 6}, {1, 5}], [{8, 2}, {4, 7}, {5, 6}, {1, 3}], [{8, 2}, {5, 7}, {1, 6}, {3, 4}], [{8, 2}, {5, 7}, {3, 6}, {1, 4}], [{8, 2}, {5, 7}, {4, 6}, {1, 3}], [{8, 2}, {5, 7}, {6}, {1, 4}, {3}], [{8, 2}, {5, 7}, {6}, {3, 4}, {1}], [{8, 2}, {5, 7}, {6}, {4}, {1, 3}], [{8, 2}, {6, 7}, {1, 5}, {3, 4}], [{8, 2}, {6, 7}, {3, 5}, {1, 4}], [{8, 2}, {6, 7}, {4, 5}, {1, 3}], [{8, 2}, {6, 7}, {5}, {1, 4}, {3}], [{8, 2}, {7}, {1, 6}, {4, 5}, {3}], [{8, 2}, {7}, {3, 6}, {5}, {1, 4}], [{8, 2}, {7}, {4, 6}, {1, 5}, {3}], [{8, 2}, {7}, {5, 6}, {1, 4}, {3}], [{8, 2}, {7}, {6}, {3, 5}, {1, 4}], [{8, 2}, {7}, {6}, {5}, {1, 4}, {3}], [{8, 3}, {1, 7}, {2, 6}, {4, 5}], [{8, 3}, {1, 7}, {2, 6}, {5}, {4}], [{8, 3}, {1, 7}, {4, 6}, {2, 5}], [{8, 3}, {1, 7}, {4, 6}, {5}, {2}], [{8, 3}, {1, 7}, {5, 6}, {2, 4}], [{8, 3}, {1, 7}, {5, 6}, {4}, {2}], [{8, 3}, {1, 7}, {6}, {2, 5}, {4}], [{8, 3}, {1, 7}, {6}, {4, 5}, {2}], [{8, 3}, {1, 7}, {6}, {5}, {2, 4}], [{8, 3}, {1, 7}, {6}, {5}, {4}, {2}], [{8, 3}, {2, 7}, {1, 6}, {4, 5}], [{8, 3}, {2, 7}, {1, 6}, {5}, {4}], [{8, 3}, {2, 7}, {4, 6}, {1, 5}], [{8, 3}, {2, 7}, {4, 6}, {5}, {1}], [{8, 3}, {2, 7}, {5, 6}, {1, 4}], [{8, 3}, {2, 7}, {5, 6}, {4}, {1}], [{8, 3}, {2, 7}, {6}, {1, 5}, {4}], [{8, 3}, {2, 7}, {6}, {4, 5}, {1}], [{8, 3}, {2, 7}, {6}, {5}, {1, 4}], [{8, 3}, {2, 7}, {6}, {5}, {4}, {1}], [{8, 3}, {4, 7}, {1, 6}, {2, 5}], [{8, 3}, {4, 7}, {1, 6}, {5}, {2}], [{8, 3}, {4, 7}, {2, 6}, {1, 5}], [{8, 3}, {4, 7}, {2, 6}, {5}, {1}], [{8, 3}, {4, 7}, {5, 6}, {1, 2}], [{8, 3}, {4, 7}, {5, 6}, {2}, {1}], [{8, 3}, {4, 7}, {6}, {1, 5}, {2}], [{8, 3}, {4, 7}, {6}, {2, 5}, {1}], [{8, 3}, {4, 7}, {6}, {5}, {1, 2}], [{8, 3}, {4, 7}, {6}, {5}, {2}, {1}], [{8, 3}, {5, 7}, {1, 6}, {2, 4}], [{8, 3}, {5, 7}, {1, 6}, {4}, {2}], [{8, 3}, {5, 7}, {2, 6}, {1, 4}], [{8, 3}, {5, 7}, {2, 6}, {4}, {1}], [{8, 3}, {5, 7}, {4, 6}, {1, 2}], [{8, 3}, {5, 7}, {4, 6}, {2}, {1}], [{8, 3}, {5, 7}, {6}, {1, 4}, {2}], [{8, 3}, {5, 7}, {6}, {2, 4}, {1}], [{8, 3}, {5, 7}, {6}, {4}, {1, 2}], [{8, 3}, {5, 7}, {6}, {4}, {2}, {1}], [{8, 3}, {6, 7}, {1, 5}, {2, 4}], [{8, 3}, {6, 7}, {1, 5}, {4}, {2}], [{8, 3}, {6, 7}, {2, 5}, {1, 4}], [{8, 3}, {6, 7}, {2, 5}, {4}, {1}], [{8, 3}, {6, 7}, {4, 5}, {1, 2}], [{8, 3}, {6, 7}, {4, 5}, {2}, {1}], [{8, 3}, {6, 7}, {5}, {1, 4}, {2}], [{8, 3}, {6, 7}, {5}, {2, 4}, {1}], [{8, 3}, {6, 7}, {5}, {4}, {1, 2}], [{8, 3}, {6, 7}, {5}, {4}, {2}, {1}], [{8, 3}, {7}, {1, 6}, {2, 5}, {4}], [{8, 3}, {7}, {1, 6}, {4, 5}, {2}], [{8, 3}, {7}, {1, 6}, {5}, {2, 4}], [{8, 3}, {7}, {1, 6}, {5}, {4}, {2}], [{8, 3}, {7}, {2, 6}, {1, 5}, {4}], [{8, 3}, {7}, {2, 6}, {4, 5}, {1}], [{8, 3}, {7}, {2, 6}, {5}, {1, 4}], [{8, 3}, {7}, {2, 6}, {5}, {4}, {1}], [{8, 3}, {7}, {4, 6}, {1, 5}, {2}], [{8, 3}, {7}, {4, 6}, {2, 5}, {1}], [{8, 3}, {7}, {4, 6}, {5}, {1, 2}], [{8, 3}, {7}, {4, 6}, {5}, {2}, {1}], [{8, 3}, {7}, {5, 6}, {1, 4}, {2}], [{8, 3}, {7}, {5, 6}, {2, 4}, {1}], [{8, 3}, {7}, {5, 6}, {4}, {1, 2}], [{8, 3}, {7}, {5, 6}, {4}, {2}, {1}], [{8, 3}, {7}, {6}, {1, 5}, {2, 4}], [{8, 3}, {7}, {6}, {1, 5}, {4}, {2}], [{8, 3}, {7}, {6}, {2, 5}, {1, 4}], [{8, 3}, {7}, {6}, {2, 5}, {4}, {1}], [{8, 3}, {7}, {6}, {4, 5}, {1, 2}], [{8, 3}, {7}, {6}, {4, 5}, {2}, {1}], [{8, 3}, {7}, {6}, {5}, {1, 4}, {2}], [{8, 3}, {7}, {6}, {5}, {2, 4}, {1}], [{8, 3}, {7}, {6}, {5}, {4}, {1, 2}], [{8, 3}, {7}, {6}, {5}, {4}, {2}, {1}], [{8, 4}, {1, 7}, {2, 6}, {3, 5}], [{8, 4}, {1, 7}, {3, 6}, {2, 5}], [{8, 4}, {1, 7}, {5, 6}, {2, 3}], [{8, 4}, {2, 7}, {1, 6}, {3, 5}], [{8, 4}, {2, 7}, {3, 6}, {1, 5}], [{8, 4}, {2, 7}, {5, 6}, {1, 3}], [{8, 4}, {3, 7}, {1, 6}, {2, 5}], [{8, 4}, {3, 7}, {2, 6}, {1, 5}], [{8, 4}, {3, 7}, {5, 6}, {1, 2}], [{8, 4}, {5, 7}, {1, 6}, {2, 3}], [{8, 4}, {5, 7}, {2, 6}, {1, 3}], [{8, 4}, {5, 7}, {3, 6}, {1, 2}], [{8, 4}, {5, 7}, {6}, {1, 3}, {2}], [{8, 4}, {5, 7}, {6}, {2, 3}, {1}], [{8, 4}, {5, 7}, {6}, {3}, {1, 2}], [{8, 4}, {6, 7}, {1, 5}, {2, 3}], [{8, 4}, {6, 7}, {2, 5}, {1, 3}], [{8, 4}, {6, 7}, {3, 5}, {1, 2}], [{8, 4}, {7}, {1, 6}, {3, 5}, {2}], [{8, 4}, {7}, {3, 6}, {1, 5}, {2}], [{8, 5}, {1, 7}, {2, 6}, {3, 4}], [{8, 5}, {1, 7}, {2, 6}, {4}, {3}], [{8, 5}, {1, 7}, {3, 6}, {2, 4}], [{8, 5}, {1, 7}, {4, 6}, {2, 3}], [{8, 5}, {2, 7}, {1, 6}, {3, 4}], [{8, 5}, {2, 7}, {3, 6}, {1, 4}], [{8, 5}, {2, 7}, {4, 6}, {1, 3}], [{8, 5}, {2, 7}, {4, 6}, {3}, {1}], [{8, 5}, {2, 7}, {6}, {4}, {1, 3}], [{8, 5}, {3, 7}, {1, 6}, {2, 4}], [{8, 5}, {3, 7}, {2, 6}, {1, 4}], [{8, 5}, {3, 7}, {4, 6}, {1, 2}], [{8, 5}, {4, 7}, {1, 6}, {2, 3}], [{8, 5}, {4, 7}, {2, 6}, {1, 3}], [{8, 5}, {4, 7}, {3, 6}, {1, 2}], [{8, 5}, {6, 7}, {1, 4}, {2, 3}], [{8, 5}, {6, 7}, {2, 4}, {1, 3}], [{8, 5}, {6, 7}, {3, 4}, {1, 2}], [{8, 5}, {7}, {1, 6}, {3, 4}, {2}], [{8, 5}, {7}, {4, 6}, {1, 3}, {2}], [{8, 5}, {7}, {6}, {1, 4}, {2, 3}], [{8, 6}, {1, 7}, {2, 5}, {3, 4}], [{8, 6}, {1, 7}, {3, 5}, {2, 4}], [{8, 6}, {1, 7}, {4, 5}, {2, 3}], [{8, 6}, {2, 7}, {1, 5}, {3, 4}], [{8, 6}, {2, 7}, {3, 5}, {1, 4}], [{8, 6}, {2, 7}, {4, 5}, {1, 3}], [{8, 6}, {3, 7}, {1, 5}, {2, 4}], [{8, 6}, {3, 7}, {2, 5}, {1, 4}], [{8, 6}, {3, 7}, {4, 5}, {1, 2}], [{8, 6}, {4, 7}, {1, 5}, {2, 3}], [{8, 6}, {4, 7}, {2, 5}, {1, 3}], [{8, 6}, {4, 7}, {3, 5}, {1, 2}], [{8, 6}, {5, 7}, {1, 4}, {2, 3}], [{8, 6}, {5, 7}, {2, 4}, {1, 3}], [{8, 6}, {5, 7}, {3, 4}, {1, 2}], [{8, 6}, {7}, {1, 5}, {3, 4}, {2}], [{8, 6}, {7}, {4, 5}, {1, 3}, {2}], [{8, 6}, {7}, {5}, {1, 4}, {2, 3}], [{8, 7}, {1, 6}, {2, 5}, {3, 4}], [{8, 7}, {1, 6}, {3, 5}, {2, 4}], [{8, 7}, {1, 6}, {4, 5}, {2, 3}], [{8, 7}, {1, 6}, {4, 5}, {3}, {2}], [{8, 7}, {2, 6}, {1, 5}, {3, 4}], [{8, 7}, {2, 6}, {1, 5}, {4}, {3}], [{8, 7}, {2, 6}, {3, 5}, {1, 4}], [{8, 7}, {2, 6}, {4, 5}, {1, 3}], [{8, 7}, {3, 6}, {1, 5}, {2, 4}], [{8, 7}, {3, 6}, {2, 5}, {1, 4}], [{8, 7}, {3, 6}, {4, 5}, {1, 2}], [{8, 7}, {4, 6}, {1, 5}, {2, 3}], [{8, 7}, {4, 6}, {1, 5}, {3}, {2}], [{8, 7}, {4, 6}, {2, 5}, {1, 3}], [{8, 7}, {4, 6}, {3, 5}, {1, 2}], [{8, 7}, {5, 6}, {1, 4}, {2, 3}], [{8, 7}, {5, 6}, {2, 4}, {1, 3}], [{8, 7}, {5, 6}, {3, 4}, {1, 2}], [{8, 7}, {6}, {1, 5}, {2, 4}, {3}], [{8, 7}, {6}, {5}, {1, 4}, {2, 3}], [{8}, {1, 7}, {2, 6}, {3, 5}, {4}], [{8}, {2, 7}, {1, 6}, {4, 5}, {3}], [{8}, {2, 7}, {4, 6}, {1, 5}, {3}], [{8}, {2, 7}, {4, 6}, {3, 5}, {1}], [{8}, {2, 7}, {4, 6}, {5}, {1, 3}], [{8}, {3, 7}, {1, 6}, {4, 5}, {2}], [{8}, {3, 7}, {2, 6}, {1, 5}, {4}], [{8}, {3, 7}, {4, 6}, {1, 5}, {2}], [{8}, {3, 7}, {6}, {1, 5}, {2, 4}], [{8}, {4, 7}, {2, 6}, {5}, {1, 3}], [{8}, {5, 7}, {6}, {1, 4}, {2, 3}], [{8}, {5, 7}, {6}, {2, 4}, {1, 3}], [{8}, {5, 7}, {6}, {3, 4}, {1, 2}], [{8}, {6, 7}, {5}, {1, 4}, {2, 3}], [{8}, {7}, {1, 6}, {4, 5}, {2, 3}], [{8}, {7}, {1, 6}, {4, 5}, {3}, {2}], [{8}, {7}, {4, 6}, {1, 5}, {2, 3}], [{8}, {7}, {4, 6}, {1, 5}, {3}, {2}], [{8}, {7}, {5, 6}, {1, 4}, {2, 3}], [{8}, {7}, {6}, {5}, {1, 4}, {2, 3}]]",2,12 K_1^3 - 12 K_1^2 - 10 K_1 K_2 - 4 K_1 + 6 K_2 + 2 K_3 + 7,O1O2O3O4U1U5U3O6O7U4O5U2U6O8U7U8,O1O2O3U4U1U5U3O6O7U6O8O5U2O4U7U8,O1O2O3U4U5O6U2O7O4U8O5O8U1U7U3U6,c,"{'O1O2O3O4U5U6O5U7U3O8U1O6O7U2U8U4', 'O1O2O3O4U5U6U7O6U3O8U1O7O5U2U8U4'}",2,"<a href=""/flatknot/8.857945"">8.857945</a>",t^9-51t^7-146t^6+93t^5+682t^4+472t^3-498t^2-676t-240,-t^3+3t,,
8.857946,O1O2O3O4U5U6O5U7U3O8U1O6O7U8U2U4,3,11z^2+55z+67,11w^3z^2-8w^3z+63w^2z+67w,False,False,"[[ 0 -1  0  1  3 -1 -1  0 -1],[ 1  0  0  0  2  1  1  1 -1],[ 0  0  0  2  2 -1  0  1 -2],[-1  0 -2  0 -1 -1  0  0 -2],[-3 -2 -2  1  0 -4 -2 -1 -2],[ 1 -1  1  1  4  0 -1  0  0],[ 1 -1  0  0  2  1  0  0  0],[ 0 -1 -1  0  1  0  0  0 -1],[ 1  1  2  2  2  0  0  1  0]]","[[ 0  3  1  0  0 -1 -1 -1 -1],[-3  0  1 -1 -2 -2 -2 -2 -4],[-1 -1  0  0 -2  0  0 -2 -1],[ 0  1  0  0 -1  0 -1 -1  0],[ 0  2  2  1  0  0  0 -2 -1],[ 1  2  0  0  0  0 -1  0  1],[ 1  2  0  1  0  1  0 -1  1],[ 1  2  2  1  2  0  1  0  0],[ 1  4  1  0  1 -1 -1  0  0]]",True,"[-3,-1,0,0,1,1,1,1,-1,1,2,2,2,2,4,0,2,0,0,2,1,1,0,1,1,0,0,0,2,1,1,0,-1,1,-1,0]","[-3,-1,0,0,1,1,1,1,-1,1,2,2,2,2,4,0,2,0,0,2,1,1,0,1,1,0,0,0,2,1,1,0,-1,1,-1,0]",t^8+55t^6+466t^4+119t^2,"[-1,-1,-1,-1,0,0,1,3,-1,-1,1,0,1,2,2,-1,0,1,1,2,2,0,1,0,1,0,0,-1,0,2,1,1,2,-1,1,3]","[-3,-1,0,0,1,1,1,1,3,1,2,0,2,2,2,-1,1,1,0,2,2,1,0,-1,1,1,1,0,0,1,0,-1,-1,1,0,1]","[-1,-1,-1,-1,0,0,1,3,-1,-1,0,0,1,1,4,-1,0,0,0,0,2,-1,1,0,0,2,1,2,2,2,-1,0,1,2,2,-1]",c,"[[{8, 1}, {2, 7}, {3, 6}, {4, 5}], [{8, 1}, {2, 7}, {3, 6}, {5}, {4}], [{8, 1}, {2, 7}, {4, 6}, {3, 5}], [{8, 1}, {2, 7}, {4, 6}, {5}, {3}], [{8, 1}, {2, 7}, {5, 6}, {3, 4}], [{8, 1}, {2, 7}, {5, 6}, {4}, {3}], [{8, 1}, {2, 7}, {6}, {3, 5}, {4}], [{8, 1}, {2, 7}, {6}, {4, 5}, {3}], [{8, 1}, {2, 7}, {6}, {5}, {3, 4}], [{8, 1}, {3, 7}, {2, 6}, {4, 5}], [{8, 1}, {3, 7}, {2, 6}, {5}, {4}], [{8, 1}, {3, 7}, {4, 6}, {2, 5}], [{8, 1}, {3, 7}, {5, 6}, {2, 4}], [{8, 1}, {4, 7}, {2, 6}, {3, 5}], [{8, 1}, {4, 7}, {2, 6}, {5}, {3}], [{8, 1}, {4, 7}, {3, 6}, {2, 5}], [{8, 1}, {4, 7}, {5, 6}, {2, 3}], [{8, 1}, {5, 7}, {2, 6}, {3, 4}], [{8, 1}, {5, 7}, {3, 6}, {2, 4}], [{8, 1}, {5, 7}, {4, 6}, {2, 3}], [{8, 1}, {5, 7}, {6}, {2, 4}, {3}], [{8, 1}, {5, 7}, {6}, {3, 4}, {2}], [{8, 1}, {5, 7}, {6}, {4}, {2, 3}], [{8, 1}, {6, 7}, {2, 5}, {3, 4}], [{8, 1}, {6, 7}, {3, 5}, {2, 4}], [{8, 1}, {6, 7}, {4, 5}, {2, 3}], [{8, 1}, {6, 7}, {5}, {3, 4}, {2}], [{8, 1}, {7}, {2, 6}, {5}, {3, 4}], [{8, 1}, {7}, {3, 6}, {4, 5}, {2}], [{8, 1}, {7}, {4, 6}, {3, 5}, {2}], [{8, 1}, {7}, {5, 6}, {3, 4}, {2}], [{8, 1}, {7}, {6}, {2, 5}, {3, 4}], [{8, 1}, {7}, {6}, {5}, {3, 4}, {2}], [{8, 2}, {1, 7}, {3, 6}, {4, 5}], [{8, 2}, {1, 7}, {4, 6}, {3, 5}], [{8, 2}, {1, 7}, {5, 6}, {3, 4}], [{8, 2}, {1, 7}, {6}, {5}, {3, 4}], [{8, 2}, {3, 7}, {1, 6}, {4, 5}], [{8, 2}, {3, 7}, {4, 6}, {1, 5}], [{8, 2}, {3, 7}, {5, 6}, {1, 4}], [{8, 2}, {3, 7}, {6}, {5}, {1, 4}], [{8, 2}, {4, 7}, {1, 6}, {3, 5}], [{8, 2}, {4, 7}, {3, 6}, {1, 5}], [{8, 2}, {4, 7}, {5, 6}, {1, 3}], [{8, 2}, {4, 7}, {6}, {5}, {1, 3}], [{8, 2}, {5, 7}, {1, 6}, {3, 4}], [{8, 2}, {5, 7}, {3, 6}, {1, 4}], [{8, 2}, {5, 7}, {4, 6}, {1, 3}], [{8, 2}, {5, 7}, {6}, {1, 4}, {3}], [{8, 2}, {5, 7}, {6}, {3, 4}, {1}], [{8, 2}, {5, 7}, {6}, {4}, {1, 3}], [{8, 2}, {6, 7}, {1, 5}, {3, 4}], [{8, 2}, {6, 7}, {3, 5}, {1, 4}], [{8, 2}, {6, 7}, {4, 5}, {1, 3}], [{8, 2}, {6, 7}, {5}, {1, 4}, {3}], [{8, 2}, {6, 7}, {5}, {3, 4}, {1}], [{8, 2}, {6, 7}, {5}, {4}, {1, 3}], [{8, 2}, {7}, {1, 6}, {5}, {3, 4}], [{8, 2}, {7}, {3, 6}, {5}, {1, 4}], [{8, 2}, {7}, {4, 6}, {5}, {1, 3}], [{8, 2}, {7}, {5, 6}, {1, 4}, {3}], [{8, 2}, {7}, {5, 6}, {3, 4}, {1}], [{8, 2}, {7}, {5, 6}, {4}, {1, 3}], [{8, 2}, {7}, {6}, {1, 5}, {3, 4}], [{8, 2}, {7}, {6}, {3, 5}, {1, 4}], [{8, 2}, {7}, {6}, {4, 5}, {1, 3}], [{8, 2}, {7}, {6}, {5}, {1, 4}, {3}], [{8, 2}, {7}, {6}, {5}, {3, 4}, {1}], [{8, 2}, {7}, {6}, {5}, {4}, {1, 3}], [{8, 3}, {1, 7}, {2, 6}, {4, 5}], [{8, 3}, {1, 7}, {2, 6}, {5}, {4}], [{8, 3}, {1, 7}, {4, 6}, {2, 5}], [{8, 3}, {1, 7}, {5, 6}, {2, 4}], [{8, 3}, {2, 7}, {1, 6}, {4, 5}], [{8, 3}, {2, 7}, {1, 6}, {5}, {4}], [{8, 3}, {2, 7}, {4, 6}, {1, 5}], [{8, 3}, {2, 7}, {4, 6}, {5}, {1}], [{8, 3}, {2, 7}, {5, 6}, {1, 4}], [{8, 3}, {2, 7}, {5, 6}, {4}, {1}], [{8, 3}, {2, 7}, {6}, {1, 5}, {4}], [{8, 3}, {2, 7}, {6}, {4, 5}, {1}], [{8, 3}, {2, 7}, {6}, {5}, {1, 4}], [{8, 3}, {4, 7}, {1, 6}, {2, 5}], [{8, 3}, {4, 7}, {2, 6}, {1, 5}], [{8, 3}, {4, 7}, {2, 6}, {5}, {1}], [{8, 3}, {4, 7}, {5, 6}, {1, 2}], [{8, 3}, {5, 7}, {1, 6}, {2, 4}], [{8, 3}, {5, 7}, {2, 6}, {1, 4}], [{8, 3}, {5, 7}, {4, 6}, {1, 2}], [{8, 3}, {5, 7}, {6}, {1, 4}, {2}], [{8, 3}, {5, 7}, {6}, {2, 4}, {1}], [{8, 3}, {5, 7}, {6}, {4}, {1, 2}], [{8, 3}, {6, 7}, {1, 5}, {2, 4}], [{8, 3}, {6, 7}, {2, 5}, {1, 4}], [{8, 3}, {6, 7}, {4, 5}, {1, 2}], [{8, 3}, {6, 7}, {5}, {1, 4}, {2}], [{8, 3}, {7}, {1, 6}, {4, 5}, {2}], [{8, 3}, {7}, {2, 6}, {5}, {1, 4}], [{8, 3}, {7}, {4, 6}, {1, 5}, {2}], [{8, 3}, {7}, {5, 6}, {1, 4}, {2}], [{8, 3}, {7}, {6}, {2, 5}, {1, 4}], [{8, 3}, {7}, {6}, {5}, {1, 4}, {2}], [{8, 4}, {1, 7}, {2, 6}, {3, 5}], [{8, 4}, {1, 7}, {2, 6}, {5}, {3}], [{8, 4}, {1, 7}, {3, 6}, {2, 5}], [{8, 4}, {1, 7}, {5, 6}, {2, 3}], [{8, 4}, {2, 7}, {1, 6}, {3, 5}], [{8, 4}, {2, 7}, {1, 6}, {5}, {3}], [{8, 4}, {2, 7}, {3, 6}, {1, 5}], [{8, 4}, {2, 7}, {3, 6}, {5}, {1}], [{8, 4}, {2, 7}, {5, 6}, {1, 3}], [{8, 4}, {2, 7}, {5, 6}, {3}, {1}], [{8, 4}, {2, 7}, {6}, {1, 5}, {3}], [{8, 4}, {2, 7}, {6}, {3, 5}, {1}], [{8, 4}, {2, 7}, {6}, {5}, {1, 3}], [{8, 4}, {3, 7}, {1, 6}, {2, 5}], [{8, 4}, {3, 7}, {2, 6}, {1, 5}], [{8, 4}, {3, 7}, {2, 6}, {5}, {1}], [{8, 4}, {3, 7}, {5, 6}, {1, 2}], [{8, 4}, {5, 7}, {1, 6}, {2, 3}], [{8, 4}, {5, 7}, {2, 6}, {1, 3}], [{8, 4}, {5, 7}, {3, 6}, {1, 2}], [{8, 4}, {5, 7}, {6}, {1, 3}, {2}], [{8, 4}, {5, 7}, {6}, {2, 3}, {1}], [{8, 4}, {5, 7}, {6}, {3}, {1, 2}], [{8, 4}, {6, 7}, {1, 5}, {2, 3}], [{8, 4}, {6, 7}, {2, 5}, {1, 3}], [{8, 4}, {6, 7}, {3, 5}, {1, 2}], [{8, 4}, {6, 7}, {5}, {1, 3}, {2}], [{8, 4}, {7}, {1, 6}, {3, 5}, {2}], [{8, 4}, {7}, {2, 6}, {5}, {1, 3}], [{8, 4}, {7}, {3, 6}, {1, 5}, {2}], [{8, 4}, {7}, {5, 6}, {1, 3}, {2}], [{8, 4}, {7}, {6}, {2, 5}, {1, 3}], [{8, 4}, {7}, {6}, {5}, {1, 3}, {2}], [{8, 5}, {1, 7}, {2, 6}, {3, 4}], [{8, 5}, {1, 7}, {3, 6}, {2, 4}], [{8, 5}, {1, 7}, {4, 6}, {2, 3}], [{8, 5}, {1, 7}, {6}, {3, 4}, {2}], [{8, 5}, {2, 7}, {1, 6}, {3, 4}], [{8, 5}, {2, 7}, {1, 6}, {4}, {3}], [{8, 5}, {2, 7}, {3, 6}, {1, 4}], [{8, 5}, {2, 7}, {3, 6}, {4}, {1}], [{8, 5}, {2, 7}, {4, 6}, {1, 3}], [{8, 5}, {2, 7}, {4, 6}, {3}, {1}], [{8, 5}, {2, 7}, {6}, {1, 4}, {3}], [{8, 5}, {2, 7}, {6}, {3, 4}, {1}], [{8, 5}, {2, 7}, {6}, {4}, {1, 3}], [{8, 5}, {3, 7}, {1, 6}, {2, 4}], [{8, 5}, {3, 7}, {2, 6}, {1, 4}], [{8, 5}, {3, 7}, {4, 6}, {1, 2}], [{8, 5}, {3, 7}, {6}, {1, 4}, {2}], [{8, 5}, {4, 7}, {1, 6}, {2, 3}], [{8, 5}, {4, 7}, {2, 6}, {1, 3}], [{8, 5}, {4, 7}, {3, 6}, {1, 2}], [{8, 5}, {4, 7}, {6}, {1, 3}, {2}], [{8, 5}, {6, 7}, {1, 4}, {2, 3}], [{8, 5}, {6, 7}, {1, 4}, {3}, {2}], [{8, 5}, {6, 7}, {2, 4}, {1, 3}], [{8, 5}, {6, 7}, {3, 4}, {1, 2}], [{8, 5}, {6, 7}, {3, 4}, {2}, {1}], [{8, 5}, {6, 7}, {4}, {1, 3}, {2}], [{8, 5}, {7}, {1, 6}, {3, 4}, {2}], [{8, 5}, {7}, {2, 6}, {1, 4}, {3}], [{8, 5}, {7}, {2, 6}, {3, 4}, {1}], [{8, 5}, {7}, {2, 6}, {4}, {1, 3}], [{8, 5}, {7}, {3, 6}, {1, 4}, {2}], [{8, 5}, {7}, {4, 6}, {1, 3}, {2}], [{8, 5}, {7}, {6}, {1, 4}, {2, 3}], [{8, 5}, {7}, {6}, {1, 4}, {3}, {2}], [{8, 5}, {7}, {6}, {2, 4}, {1, 3}], [{8, 5}, {7}, {6}, {3, 4}, {1, 2}], [{8, 5}, {7}, {6}, {3, 4}, {2}, {1}], [{8, 5}, {7}, {6}, {4}, {1, 3}, {2}], [{8, 6}, {1, 7}, {2, 5}, {3, 4}], [{8, 6}, {1, 7}, {3, 5}, {2, 4}], [{8, 6}, {1, 7}, {4, 5}, {2, 3}], [{8, 6}, {1, 7}, {5}, {3, 4}, {2}], [{8, 6}, {2, 7}, {1, 5}, {3, 4}], [{8, 6}, {2, 7}, {1, 5}, {4}, {3}], [{8, 6}, {2, 7}, {3, 5}, {1, 4}], [{8, 6}, {2, 7}, {3, 5}, {4}, {1}], [{8, 6}, {2, 7}, {4, 5}, {1, 3}], [{8, 6}, {2, 7}, {4, 5}, {3}, {1}], [{8, 6}, {2, 7}, {5}, {1, 4}, {3}], [{8, 6}, {2, 7}, {5}, {3, 4}, {1}], [{8, 6}, {2, 7}, {5}, {4}, {1, 3}], [{8, 6}, {3, 7}, {1, 5}, {2, 4}], [{8, 6}, {3, 7}, {2, 5}, {1, 4}], [{8, 6}, {3, 7}, {4, 5}, {1, 2}], [{8, 6}, {3, 7}, {5}, {1, 4}, {2}], [{8, 6}, {4, 7}, {1, 5}, {2, 3}], [{8, 6}, {4, 7}, {2, 5}, {1, 3}], [{8, 6}, {4, 7}, {3, 5}, {1, 2}], [{8, 6}, {4, 7}, {5}, {1, 3}, {2}], [{8, 6}, {5, 7}, {1, 4}, {2, 3}], [{8, 6}, {5, 7}, {1, 4}, {3}, {2}], [{8, 6}, {5, 7}, {2, 4}, {1, 3}], [{8, 6}, {5, 7}, {3, 4}, {1, 2}], [{8, 6}, {5, 7}, {3, 4}, {2}, {1}], [{8, 6}, {5, 7}, {4}, {1, 3}, {2}], [{8, 6}, {7}, {1, 5}, {3, 4}, {2}], [{8, 6}, {7}, {2, 5}, {1, 4}, {3}], [{8, 6}, {7}, {2, 5}, {3, 4}, {1}], [{8, 6}, {7}, {2, 5}, {4}, {1, 3}], [{8, 6}, {7}, {3, 5}, {1, 4}, {2}], [{8, 6}, {7}, {4, 5}, {1, 3}, {2}], [{8, 6}, {7}, {5}, {1, 4}, {2, 3}], [{8, 6}, {7}, {5}, {1, 4}, {3}, {2}], [{8, 6}, {7}, {5}, {2, 4}, {1, 3}], [{8, 6}, {7}, {5}, {3, 4}, {1, 2}], [{8, 6}, {7}, {5}, {3, 4}, {2}, {1}], [{8, 6}, {7}, {5}, {4}, {1, 3}, {2}], [{8, 7}, {1, 6}, {2, 5}, {3, 4}], [{8, 7}, {1, 6}, {2, 5}, {4}, {3}], [{8, 7}, {1, 6}, {3, 5}, {2, 4}], [{8, 7}, {1, 6}, {4, 5}, {2, 3}], [{8, 7}, {1, 6}, {5}, {3, 4}, {2}], [{8, 7}, {2, 6}, {1, 5}, {3, 4}], [{8, 7}, {2, 6}, {3, 5}, {1, 4}], [{8, 7}, {2, 6}, {4, 5}, {1, 3}], [{8, 7}, {2, 6}, {5}, {1, 4}, {3}], [{8, 7}, {2, 6}, {5}, {3, 4}, {1}], [{8, 7}, {2, 6}, {5}, {4}, {1, 3}], [{8, 7}, {3, 6}, {1, 5}, {2, 4}], [{8, 7}, {3, 6}, {2, 5}, {1, 4}], [{8, 7}, {3, 6}, {2, 5}, {4}, {1}], [{8, 7}, {3, 6}, {4, 5}, {1, 2}], [{8, 7}, {3, 6}, {5}, {1, 4}, {2}], [{8, 7}, {4, 6}, {1, 5}, {2, 3}], [{8, 7}, {4, 6}, {2, 5}, {1, 3}], [{8, 7}, {4, 6}, {2, 5}, {3}, {1}], [{8, 7}, {4, 6}, {3, 5}, {1, 2}], [{8, 7}, {4, 6}, {5}, {1, 3}, {2}], [{8, 7}, {5, 6}, {1, 4}, {2, 3}], [{8, 7}, {5, 6}, {1, 4}, {3}, {2}], [{8, 7}, {5, 6}, {2, 4}, {1, 3}], [{8, 7}, {5, 6}, {3, 4}, {1, 2}], [{8, 7}, {5, 6}, {3, 4}, {2}, {1}], [{8, 7}, {5, 6}, {4}, {1, 3}, {2}], [{8, 7}, {6}, {1, 5}, {3, 4}, {2}], [{8, 7}, {6}, {2, 5}, {1, 4}, {3}], [{8, 7}, {6}, {2, 5}, {3, 4}, {1}], [{8, 7}, {6}, {2, 5}, {4}, {1, 3}], [{8, 7}, {6}, {3, 5}, {1, 4}, {2}], [{8, 7}, {6}, {4, 5}, {1, 3}, {2}], [{8, 7}, {6}, {5}, {1, 4}, {2, 3}], [{8, 7}, {6}, {5}, {1, 4}, {3}, {2}], [{8, 7}, {6}, {5}, {2, 4}, {1, 3}], [{8, 7}, {6}, {5}, {3, 4}, {1, 2}], [{8, 7}, {6}, {5}, {3, 4}, {2}, {1}], [{8, 7}, {6}, {5}, {4}, {1, 3}, {2}], [{8}, {1, 7}, {2, 6}, {5}, {3, 4}], [{8}, {1, 7}, {5, 6}, {3, 4}, {2}], [{8}, {1, 7}, {6}, {2, 5}, {3, 4}], [{8}, {1, 7}, {6}, {5}, {3, 4}, {2}], [{8}, {2, 7}, {1, 6}, {3, 5}, {4}], [{8}, {2, 7}, {1, 6}, {4, 5}, {3}], [{8}, {2, 7}, {1, 6}, {5}, {3, 4}], [{8}, {2, 7}, {3, 6}, {1, 5}, {4}], [{8}, {2, 7}, {3, 6}, {4, 5}, {1}], [{8}, {2, 7}, {3, 6}, {5}, {1, 4}], [{8}, {2, 7}, {4, 6}, {1, 5}, {3}], [{8}, {2, 7}, {4, 6}, {3, 5}, {1}], [{8}, {2, 7}, {4, 6}, {5}, {1, 3}], [{8}, {2, 7}, {5, 6}, {1, 4}, {3}], [{8}, {2, 7}, {5, 6}, {3, 4}, {1}], [{8}, {2, 7}, {5, 6}, {4}, {1, 3}], [{8}, {2, 7}, {6}, {1, 5}, {3, 4}], [{8}, {2, 7}, {6}, {3, 5}, {1, 4}], [{8}, {2, 7}, {6}, {4, 5}, {1, 3}], [{8}, {2, 7}, {6}, {5}, {1, 4}, {3}], [{8}, {2, 7}, {6}, {5}, {3, 4}, {1}], [{8}, {2, 7}, {6}, {5}, {4}, {1, 3}], [{8}, {3, 7}, {2, 6}, {5}, {1, 4}], [{8}, {3, 7}, {5, 6}, {1, 4}, {2}], [{8}, {3, 7}, {6}, {2, 5}, {1, 4}], [{8}, {3, 7}, {6}, {5}, {1, 4}, {2}], [{8}, {4, 7}, {2, 6}, {5}, {1, 3}], [{8}, {4, 7}, {5, 6}, {1, 3}, {2}], [{8}, {4, 7}, {6}, {2, 5}, {1, 3}], [{8}, {4, 7}, {6}, {5}, {1, 3}, {2}], [{8}, {5, 7}, {1, 6}, {3, 4}, {2}], [{8}, {5, 7}, {2, 6}, {1, 4}, {3}], [{8}, {5, 7}, {2, 6}, {3, 4}, {1}], [{8}, {5, 7}, {2, 6}, {4}, {1, 3}], [{8}, {5, 7}, {3, 6}, {1, 4}, {2}], [{8}, {5, 7}, {4, 6}, {1, 3}, {2}], [{8}, {5, 7}, {6}, {1, 4}, {2, 3}], [{8}, {5, 7}, {6}, {1, 4}, {3}, {2}], [{8}, {5, 7}, {6}, {2, 4}, {1, 3}], [{8}, {5, 7}, {6}, {3, 4}, {1, 2}], [{8}, {5, 7}, {6}, {3, 4}, {2}, {1}], [{8}, {5, 7}, {6}, {4}, {1, 3}, {2}], [{8}, {6, 7}, {1, 5}, {3, 4}, {2}], [{8}, {6, 7}, {2, 5}, {1, 4}, {3}], [{8}, {6, 7}, {2, 5}, {3, 4}, {1}], [{8}, {6, 7}, {2, 5}, {4}, {1, 3}], [{8}, {6, 7}, {3, 5}, {1, 4}, {2}], [{8}, {6, 7}, {4, 5}, {1, 3}, {2}], [{8}, {6, 7}, {5}, {1, 4}, {2, 3}], [{8}, {6, 7}, {5}, {1, 4}, {3}, {2}], [{8}, {6, 7}, {5}, {2, 4}, {1, 3}], [{8}, {6, 7}, {5}, {3, 4}, {1, 2}], [{8}, {6, 7}, {5}, {3, 4}, {2}, {1}], [{8}, {6, 7}, {5}, {4}, {1, 3}, {2}], [{8}, {7}, {1, 6}, {2, 5}, {3, 4}], [{8}, {7}, {1, 6}, {5}, {3, 4}, {2}], [{8}, {7}, {2, 6}, {1, 5}, {3, 4}], [{8}, {7}, {2, 6}, {3, 5}, {1, 4}], [{8}, {7}, {2, 6}, {4, 5}, {1, 3}], [{8}, {7}, {2, 6}, {5}, {1, 4}, {3}], [{8}, {7}, {2, 6}, {5}, {3, 4}, {1}], [{8}, {7}, {2, 6}, {5}, {4}, {1, 3}], [{8}, {7}, {3, 6}, {2, 5}, {1, 4}], [{8}, {7}, {3, 6}, {5}, {1, 4}, {2}], [{8}, {7}, {4, 6}, {2, 5}, {1, 3}], [{8}, {7}, {4, 6}, {5}, {1, 3}, {2}], [{8}, {7}, {5, 6}, {1, 4}, {2, 3}], [{8}, {7}, {5, 6}, {1, 4}, {3}, {2}], [{8}, {7}, {5, 6}, {2, 4}, {1, 3}], [{8}, {7}, {5, 6}, {3, 4}, {1, 2}], [{8}, {7}, {5, 6}, {3, 4}, {2}, {1}], [{8}, {7}, {5, 6}, {4}, {1, 3}, {2}], [{8}, {7}, {6}, {1, 5}, {3, 4}, {2}], [{8}, {7}, {6}, {2, 5}, {1, 4}, {3}], [{8}, {7}, {6}, {2, 5}, {3, 4}, {1}], [{8}, {7}, {6}, {2, 5}, {4}, {1, 3}], [{8}, {7}, {6}, {3, 5}, {1, 4}, {2}], [{8}, {7}, {6}, {4, 5}, {1, 3}, {2}], [{8}, {7}, {6}, {5}, {1, 4}, {2, 3}], [{8}, {7}, {6}, {5}, {1, 4}, {3}, {2}], [{8}, {7}, {6}, {5}, {2, 4}, {1, 3}], [{8}, {7}, {6}, {5}, {3, 4}, {1, 2}], [{8}, {7}, {6}, {5}, {3, 4}, {2}, {1}], [{8}, {7}, {6}, {5}, {4}, {1, 3}, {2}]]",2,12 K_1^3 + 4 K_1^2 K_2 - 12 K_1^2 - 10 K_1 K_2 - 4 K_1 K_3 - 4 K_1 + 6 K_2 + 2 K_3 + K_4 + 6,O1O2O3O4U1U3U5O6O7U4O5U2U6O8U7U8,O1O2O3U4U2U5U3O6O7U6O8O5U1O4U7U8,O1O2O3U4U5O6U3O7O4U8O5O8U1U7U2U6,c,"{'O1O2O3O4U5U6O5U7U3O8U1O6O7U8U2U4', 'O1O2O3O4U5U6U7O6U3O8U1O7O5U8U2U4'}",2,"<a href=""/flatknot/8.857946"">8.857946</a>",t^9-49t^7-146t^6+140t^5+1018t^4+1063t^3-148t^2-396t+72,-t^3+3t,,
8.857947,O1O2O3O4U5U6O5U7U3O8U1O6O7U8U4U2,3,4z^2+53z+91,4w^3z^2+53w^2z+91w,False,False,"[[ 0 -1  1  1  2 -1 -1  0 -1],[ 1  0  1  0  1  1  1  1 -1],[-1 -1  0  1  1 -2 -1  0 -2],[-1  0 -1  0 -1 -1  0  0 -2],[-2 -1 -1  1  0 -3 -1  0 -2],[ 1 -1  2  1  3  0 -1  0  0],[ 1 -1  1  0  1  1  0  0  0],[ 0 -1  0  0  0  0  0  0 -1],[ 1  1  2  2  2  0  0  1  0]]","[[ 0  2  1  1  0 -1 -1 -1 -1],[-2  0  1 -1  0 -1 -1 -2 -3],[-1 -1  0 -1  0  0  0 -2 -1],[-1  1  1  0  0 -1 -1 -2 -2],[ 0  0  0  0  0  0 -1 -1  0],[ 1  1  0  1  0  0 -1  0  1],[ 1  1  0  1  1  1  0 -1  1],[ 1  2  2  2  1  0  1  0  0],[ 1  3  1  2  0 -1 -1  0  0]]",True,"[-2,-1,-1,0,1,1,1,1,-1,1,0,1,1,2,3,1,0,0,0,2,1,0,1,1,2,2,0,1,1,0,1,0,-1,1,-1,0]","[-2,-1,-1,0,1,1,1,1,-1,1,0,1,1,2,3,1,0,0,0,2,1,0,1,1,2,2,0,1,1,0,1,0,-1,1,-1,0]",t^8+39t^6+205t^4+61t^2,"[-1,-1,-1,-1,0,1,1,2,-1,-1,1,0,1,2,2,-1,0,1,1,2,2,0,1,0,1,0,0,0,0,1,1,1,2,-1,0,2]","[-2,-1,-1,0,1,1,1,1,0,2,2,0,1,2,2,1,1,0,0,1,1,1,1,0,2,2,1,0,0,1,0,-1,-1,1,0,1]","[-1,-1,-1,-1,0,1,1,2,-1,-1,0,0,1,2,3,-1,0,0,0,1,1,-1,1,0,1,1,1,2,2,2,0,0,0,-1,-1,1]",c,"[[{8, 1}, {2, 7}, {3, 6}, {4, 5}], [{8, 1}, {2, 7}, {3, 6}, {5}, {4}], [{8, 1}, {2, 7}, {4, 6}, {3, 5}], [{8, 1}, {2, 7}, {4, 6}, {5}, {3}], [{8, 1}, {2, 7}, {5, 6}, {3, 4}], [{8, 1}, {2, 7}, {5, 6}, {4}, {3}], [{8, 1}, {2, 7}, {6}, {3, 5}, {4}], [{8, 1}, {2, 7}, {6}, {4, 5}, {3}], [{8, 1}, {2, 7}, {6}, {5}, {3, 4}], [{8, 1}, {2, 7}, {6}, {5}, {4}, {3}], [{8, 1}, {3, 7}, {2, 6}, {4, 5}], [{8, 1}, {3, 7}, {2, 6}, {5}, {4}], [{8, 1}, {3, 7}, {4, 6}, {2, 5}], [{8, 1}, {3, 7}, {4, 6}, {5}, {2}], [{8, 1}, {3, 7}, {5, 6}, {2, 4}], [{8, 1}, {3, 7}, {5, 6}, {4}, {2}], [{8, 1}, {3, 7}, {6}, {2, 5}, {4}], [{8, 1}, {3, 7}, {6}, {4, 5}, {2}], [{8, 1}, {3, 7}, {6}, {5}, {2, 4}], [{8, 1}, {3, 7}, {6}, {5}, {4}, {2}], [{8, 1}, {4, 7}, {2, 6}, {3, 5}], [{8, 1}, {4, 7}, {2, 6}, {5}, {3}], [{8, 1}, {4, 7}, {3, 6}, {2, 5}], [{8, 1}, {4, 7}, {3, 6}, {5}, {2}], [{8, 1}, {4, 7}, {5, 6}, {2, 3}], [{8, 1}, {4, 7}, {5, 6}, {3}, {2}], [{8, 1}, {4, 7}, {6}, {2, 5}, {3}], [{8, 1}, {4, 7}, {6}, {3, 5}, {2}], [{8, 1}, {4, 7}, {6}, {5}, {2, 3}], [{8, 1}, {4, 7}, {6}, {5}, {3}, {2}], [{8, 1}, {5, 7}, {2, 6}, {3, 4}], [{8, 1}, {5, 7}, {2, 6}, {4}, {3}], [{8, 1}, {5, 7}, {3, 6}, {2, 4}], [{8, 1}, {5, 7}, {3, 6}, {4}, {2}], [{8, 1}, {5, 7}, {4, 6}, {2, 3}], [{8, 1}, {5, 7}, {4, 6}, {3}, {2}], [{8, 1}, {5, 7}, {6}, {2, 4}, {3}], [{8, 1}, {5, 7}, {6}, {3, 4}, {2}], [{8, 1}, {5, 7}, {6}, {4}, {2, 3}], [{8, 1}, {5, 7}, {6}, {4}, {3}, {2}], [{8, 1}, {6, 7}, {2, 5}, {3, 4}], [{8, 1}, {6, 7}, {2, 5}, {4}, {3}], [{8, 1}, {6, 7}, {3, 5}, {2, 4}], [{8, 1}, {6, 7}, {3, 5}, {4}, {2}], [{8, 1}, {6, 7}, {4, 5}, {2, 3}], [{8, 1}, {6, 7}, {4, 5}, {3}, {2}], [{8, 1}, {6, 7}, {5}, {2, 4}, {3}], [{8, 1}, {6, 7}, {5}, {3, 4}, {2}], [{8, 1}, {6, 7}, {5}, {4}, {2, 3}], [{8, 1}, {6, 7}, {5}, {4}, {3}, {2}], [{8, 1}, {7}, {2, 6}, {3, 5}, {4}], [{8, 1}, {7}, {2, 6}, {4, 5}, {3}], [{8, 1}, {7}, {2, 6}, {5}, {3, 4}], [{8, 1}, {7}, {2, 6}, {5}, {4}, {3}], [{8, 1}, {7}, {3, 6}, {2, 5}, {4}], [{8, 1}, {7}, {3, 6}, {4, 5}, {2}], [{8, 1}, {7}, {3, 6}, {5}, {2, 4}], [{8, 1}, {7}, {3, 6}, {5}, {4}, {2}], [{8, 1}, {7}, {4, 6}, {2, 5}, {3}], [{8, 1}, {7}, {4, 6}, {3, 5}, {2}], [{8, 1}, {7}, {4, 6}, {5}, {2, 3}], [{8, 1}, {7}, {4, 6}, {5}, {3}, {2}], [{8, 1}, {7}, {5, 6}, {2, 4}, {3}], [{8, 1}, {7}, {5, 6}, {3, 4}, {2}], [{8, 1}, {7}, {5, 6}, {4}, {2, 3}], [{8, 1}, {7}, {5, 6}, {4}, {3}, {2}], [{8, 1}, {7}, {6}, {2, 5}, {3, 4}], [{8, 1}, {7}, {6}, {2, 5}, {4}, {3}], [{8, 1}, {7}, {6}, {3, 5}, {2, 4}], [{8, 1}, {7}, {6}, {3, 5}, {4}, {2}], [{8, 1}, {7}, {6}, {4, 5}, {2, 3}], [{8, 1}, {7}, {6}, {4, 5}, {3}, {2}], [{8, 1}, {7}, {6}, {5}, {2, 4}, {3}], [{8, 1}, {7}, {6}, {5}, {3, 4}, {2}], [{8, 1}, {7}, {6}, {5}, {4}, {2, 3}], [{8, 1}, {7}, {6}, {5}, {4}, {3}, {2}], [{8, 2}, {1, 7}, {3, 6}, {4, 5}], [{8, 2}, {1, 7}, {4, 6}, {3, 5}], [{8, 2}, {1, 7}, {5, 6}, {3, 4}], [{8, 2}, {1, 7}, {6}, {5}, {3, 4}], [{8, 2}, {3, 7}, {1, 6}, {4, 5}], [{8, 2}, {3, 7}, {4, 6}, {1, 5}], [{8, 2}, {3, 7}, {5, 6}, {1, 4}], [{8, 2}, {4, 7}, {1, 6}, {3, 5}], [{8, 2}, {4, 7}, {3, 6}, {1, 5}], [{8, 2}, {4, 7}, {5, 6}, {1, 3}], [{8, 2}, {5, 7}, {1, 6}, {3, 4}], [{8, 2}, {5, 7}, {3, 6}, {1, 4}], [{8, 2}, {5, 7}, {4, 6}, {1, 3}], [{8, 2}, {5, 7}, {6}, {1, 4}, {3}], [{8, 2}, {5, 7}, {6}, {3, 4}, {1}], [{8, 2}, {5, 7}, {6}, {4}, {1, 3}], [{8, 2}, {6, 7}, {1, 5}, {3, 4}], [{8, 2}, {6, 7}, {3, 5}, {1, 4}], [{8, 2}, {6, 7}, {4, 5}, {1, 3}], [{8, 2}, {6, 7}, {5}, {3, 4}, {1}], [{8, 2}, {7}, {1, 6}, {5}, {3, 4}], [{8, 2}, {7}, {5, 6}, {3, 4}, {1}], [{8, 2}, {7}, {6}, {1, 5}, {3, 4}], [{8, 2}, {7}, {6}, {5}, {3, 4}, {1}], [{8, 3}, {1, 7}, {2, 6}, {4, 5}], [{8, 3}, {1, 7}, {4, 6}, {2, 5}], [{8, 3}, {1, 7}, {4, 6}, {5}, {2}], [{8, 3}, {1, 7}, {5, 6}, {2, 4}], [{8, 3}, {1, 7}, {6}, {2, 5}, {4}], [{8, 3}, {2, 7}, {1, 6}, {4, 5}], [{8, 3}, {2, 7}, {4, 6}, {1, 5}], [{8, 3}, {2, 7}, {5, 6}, {1, 4}], [{8, 3}, {2, 7}, {6}, {5}, {1, 4}], [{8, 3}, {4, 7}, {1, 6}, {2, 5}], [{8, 3}, {4, 7}, {1, 6}, {5}, {2}], [{8, 3}, {4, 7}, {2, 6}, {1, 5}], [{8, 3}, {4, 7}, {5, 6}, {1, 2}], [{8, 3}, {4, 7}, {6}, {2, 5}, {1}], [{8, 3}, {5, 7}, {1, 6}, {2, 4}], [{8, 3}, {5, 7}, {2, 6}, {1, 4}], [{8, 3}, {5, 7}, {4, 6}, {1, 2}], [{8, 3}, {5, 7}, {6}, {1, 4}, {2}], [{8, 3}, {5, 7}, {6}, {2, 4}, {1}], [{8, 3}, {5, 7}, {6}, {4}, {1, 2}], [{8, 3}, {6, 7}, {1, 5}, {2, 4}], [{8, 3}, {6, 7}, {2, 5}, {1, 4}], [{8, 3}, {6, 7}, {2, 5}, {4}, {1}], [{8, 3}, {6, 7}, {4, 5}, {1, 2}], [{8, 3}, {6, 7}, {5}, {1, 4}, {2}], [{8, 3}, {7}, {1, 6}, {2, 5}, {4}], [{8, 3}, {7}, {2, 6}, {1, 5}, {4}], [{8, 3}, {7}, {2, 6}, {4, 5}, {1}], [{8, 3}, {7}, {2, 6}, {5}, {1, 4}], [{8, 3}, {7}, {4, 6}, {2, 5}, {1}], [{8, 3}, {7}, {5, 6}, {1, 4}, {2}], [{8, 3}, {7}, {6}, {2, 5}, {1, 4}], [{8, 3}, {7}, {6}, {5}, {1, 4}, {2}], [{8, 4}, {1, 7}, {2, 6}, {3, 5}], [{8, 4}, {1, 7}, {3, 6}, {2, 5}], [{8, 4}, {1, 7}, {3, 6}, {5}, {2}], [{8, 4}, {1, 7}, {5, 6}, {2, 3}], [{8, 4}, {1, 7}, {6}, {2, 5}, {3}], [{8, 4}, {2, 7}, {1, 6}, {3, 5}], [{8, 4}, {2, 7}, {3, 6}, {1, 5}], [{8, 4}, {2, 7}, {5, 6}, {1, 3}], [{8, 4}, {2, 7}, {6}, {5}, {1, 3}], [{8, 4}, {3, 7}, {1, 6}, {2, 5}], [{8, 4}, {3, 7}, {1, 6}, {5}, {2}], [{8, 4}, {3, 7}, {2, 6}, {1, 5}], [{8, 4}, {3, 7}, {5, 6}, {1, 2}], [{8, 4}, {3, 7}, {6}, {2, 5}, {1}], [{8, 4}, {5, 7}, {1, 6}, {2, 3}], [{8, 4}, {5, 7}, {2, 6}, {1, 3}], [{8, 4}, {5, 7}, {3, 6}, {1, 2}], [{8, 4}, {5, 7}, {6}, {1, 3}, {2}], [{8, 4}, {5, 7}, {6}, {2, 3}, {1}], [{8, 4}, {5, 7}, {6}, {3}, {1, 2}], [{8, 4}, {6, 7}, {1, 5}, {2, 3}], [{8, 4}, {6, 7}, {2, 5}, {1, 3}], [{8, 4}, {6, 7}, {2, 5}, {3}, {1}], [{8, 4}, {6, 7}, {3, 5}, {1, 2}], [{8, 4}, {6, 7}, {5}, {1, 3}, {2}], [{8, 4}, {7}, {1, 6}, {2, 5}, {3}], [{8, 4}, {7}, {2, 6}, {1, 5}, {3}], [{8, 4}, {7}, {2, 6}, {3, 5}, {1}], [{8, 4}, {7}, {2, 6}, {5}, {1, 3}], [{8, 4}, {7}, {3, 6}, {2, 5}, {1}], [{8, 4}, {7}, {5, 6}, {1, 3}, {2}], [{8, 4}, {7}, {6}, {2, 5}, {1, 3}], [{8, 4}, {7}, {6}, {5}, {1, 3}, {2}], [{8, 5}, {1, 7}, {2, 6}, {3, 4}], [{8, 5}, {1, 7}, {3, 6}, {2, 4}], [{8, 5}, {1, 7}, {4, 6}, {2, 3}], [{8, 5}, {1, 7}, {6}, {3, 4}, {2}], [{8, 5}, {2, 7}, {1, 6}, {3, 4}], [{8, 5}, {2, 7}, {3, 6}, {1, 4}], [{8, 5}, {2, 7}, {4, 6}, {1, 3}], [{8, 5}, {2, 7}, {6}, {3, 4}, {1}], [{8, 5}, {3, 7}, {1, 6}, {2, 4}], [{8, 5}, {3, 7}, {2, 6}, {1, 4}], [{8, 5}, {3, 7}, {4, 6}, {1, 2}], [{8, 5}, {4, 7}, {1, 6}, {2, 3}], [{8, 5}, {4, 7}, {2, 6}, {1, 3}], [{8, 5}, {4, 7}, {3, 6}, {1, 2}], [{8, 5}, {6, 7}, {1, 4}, {2, 3}], [{8, 5}, {6, 7}, {2, 4}, {1, 3}], [{8, 5}, {6, 7}, {3, 4}, {1, 2}], [{8, 5}, {6, 7}, {3, 4}, {2}, {1}], [{8, 5}, {7}, {1, 6}, {3, 4}, {2}], [{8, 5}, {7}, {2, 6}, {1, 4}, {3}], [{8, 5}, {7}, {2, 6}, {3, 4}, {1}], [{8, 5}, {7}, {2, 6}, {4}, {1, 3}], [{8, 5}, {7}, {6}, {3, 4}, {1, 2}], [{8, 5}, {7}, {6}, {3, 4}, {2}, {1}], [{8, 6}, {1, 7}, {2, 5}, {3, 4}], [{8, 6}, {1, 7}, {2, 5}, {4}, {3}], [{8, 6}, {1, 7}, {3, 5}, {2, 4}], [{8, 6}, {1, 7}, {3, 5}, {4}, {2}], [{8, 6}, {1, 7}, {4, 5}, {2, 3}], [{8, 6}, {1, 7}, {4, 5}, {3}, {2}], [{8, 6}, {1, 7}, {5}, {2, 4}, {3}], [{8, 6}, {1, 7}, {5}, {3, 4}, {2}], [{8, 6}, {1, 7}, {5}, {4}, {2, 3}], [{8, 6}, {1, 7}, {5}, {4}, {3}, {2}], [{8, 6}, {2, 7}, {1, 5}, {3, 4}], [{8, 6}, {2, 7}, {3, 5}, {1, 4}], [{8, 6}, {2, 7}, {4, 5}, {1, 3}], [{8, 6}, {2, 7}, {5}, {3, 4}, {1}], [{8, 6}, {3, 7}, {1, 5}, {2, 4}], [{8, 6}, {3, 7}, {2, 5}, {1, 4}], [{8, 6}, {3, 7}, {2, 5}, {4}, {1}], [{8, 6}, {3, 7}, {4, 5}, {1, 2}], [{8, 6}, {3, 7}, {5}, {1, 4}, {2}], [{8, 6}, {4, 7}, {1, 5}, {2, 3}], [{8, 6}, {4, 7}, {2, 5}, {1, 3}], [{8, 6}, {4, 7}, {2, 5}, {3}, {1}], [{8, 6}, {4, 7}, {3, 5}, {1, 2}], [{8, 6}, {4, 7}, {5}, {1, 3}, {2}], [{8, 6}, {5, 7}, {1, 4}, {2, 3}], [{8, 6}, {5, 7}, {2, 4}, {1, 3}], [{8, 6}, {5, 7}, {3, 4}, {1, 2}], [{8, 6}, {5, 7}, {3, 4}, {2}, {1}], [{8, 6}, {7}, {1, 5}, {3, 4}, {2}], [{8, 6}, {7}, {2, 5}, {1, 4}, {3}], [{8, 6}, {7}, {2, 5}, {3, 4}, {1}], [{8, 6}, {7}, {2, 5}, {4}, {1, 3}], [{8, 6}, {7}, {5}, {3, 4}, {1, 2}], [{8, 6}, {7}, {5}, {3, 4}, {2}, {1}], [{8, 7}, {1, 6}, {2, 5}, {3, 4}], [{8, 7}, {1, 6}, {2, 5}, {4}, {3}], [{8, 7}, {1, 6}, {3, 5}, {2, 4}], [{8, 7}, {1, 6}, {3, 5}, {4}, {2}], [{8, 7}, {1, 6}, {4, 5}, {2, 3}], [{8, 7}, {1, 6}, {4, 5}, {3}, {2}], [{8, 7}, {1, 6}, {5}, {2, 4}, {3}], [{8, 7}, {1, 6}, {5}, {3, 4}, {2}], [{8, 7}, {1, 6}, {5}, {4}, {2, 3}], [{8, 7}, {1, 6}, {5}, {4}, {3}, {2}], [{8, 7}, {2, 6}, {1, 5}, {3, 4}], [{8, 7}, {2, 6}, {3, 5}, {1, 4}], [{8, 7}, {2, 6}, {4, 5}, {1, 3}], [{8, 7}, {2, 6}, {5}, {3, 4}, {1}], [{8, 7}, {3, 6}, {1, 5}, {2, 4}], [{8, 7}, {3, 6}, {2, 5}, {1, 4}], [{8, 7}, {3, 6}, {2, 5}, {4}, {1}], [{8, 7}, {3, 6}, {4, 5}, {1, 2}], [{8, 7}, {3, 6}, {5}, {1, 4}, {2}], [{8, 7}, {4, 6}, {1, 5}, {2, 3}], [{8, 7}, {4, 6}, {2, 5}, {1, 3}], [{8, 7}, {4, 6}, {2, 5}, {3}, {1}], [{8, 7}, {4, 6}, {3, 5}, {1, 2}], [{8, 7}, {4, 6}, {5}, {1, 3}, {2}], [{8, 7}, {5, 6}, {1, 4}, {2, 3}], [{8, 7}, {5, 6}, {2, 4}, {1, 3}], [{8, 7}, {5, 6}, {3, 4}, {1, 2}], [{8, 7}, {5, 6}, {3, 4}, {2}, {1}], [{8, 7}, {6}, {1, 5}, {3, 4}, {2}], [{8, 7}, {6}, {2, 5}, {1, 4}, {3}], [{8, 7}, {6}, {2, 5}, {3, 4}, {1}], [{8, 7}, {6}, {2, 5}, {4}, {1, 3}], [{8, 7}, {6}, {5}, {3, 4}, {1, 2}], [{8, 7}, {6}, {5}, {3, 4}, {2}, {1}], [{8}, {1, 7}, {2, 6}, {5}, {3, 4}], [{8}, {1, 7}, {3, 6}, {2, 5}, {4}], [{8}, {1, 7}, {4, 6}, {2, 5}, {3}], [{8}, {1, 7}, {5, 6}, {3, 4}, {2}], [{8}, {1, 7}, {6}, {2, 5}, {3, 4}], [{8}, {1, 7}, {6}, {5}, {3, 4}, {2}], [{8}, {2, 7}, {1, 6}, {5}, {3, 4}], [{8}, {2, 7}, {3, 6}, {4, 5}, {1}], [{8}, {2, 7}, {4, 6}, {3, 5}, {1}], [{8}, {2, 7}, {5, 6}, {3, 4}, {1}], [{8}, {2, 7}, {6}, {1, 5}, {3, 4}], [{8}, {2, 7}, {6}, {5}, {3, 4}, {1}], [{8}, {3, 7}, {1, 6}, {2, 5}, {4}], [{8}, {3, 7}, {4, 6}, {2, 5}, {1}], [{8}, {3, 7}, {6}, {2, 5}, {1, 4}], [{8}, {4, 7}, {1, 6}, {2, 5}, {3}], [{8}, {4, 7}, {3, 6}, {2, 5}, {1}], [{8}, {4, 7}, {6}, {2, 5}, {1, 3}], [{8}, {5, 7}, {1, 6}, {3, 4}, {2}], [{8}, {5, 7}, {2, 6}, {3, 4}, {1}], [{8}, {5, 7}, {6}, {1, 4}, {2, 3}], [{8}, {5, 7}, {6}, {2, 4}, {1, 3}], [{8}, {5, 7}, {6}, {3, 4}, {1, 2}], [{8}, {5, 7}, {6}, {3, 4}, {2}, {1}], [{8}, {6, 7}, {1, 5}, {3, 4}, {2}], [{8}, {6, 7}, {2, 5}, {1, 4}, {3}], [{8}, {6, 7}, {2, 5}, {3, 4}, {1}], [{8}, {6, 7}, {2, 5}, {4}, {1, 3}], [{8}, {6, 7}, {5}, {3, 4}, {1, 2}], [{8}, {6, 7}, {5}, {3, 4}, {2}, {1}], [{8}, {7}, {1, 6}, {2, 5}, {3, 4}], [{8}, {7}, {1, 6}, {5}, {3, 4}, {2}], [{8}, {7}, {2, 6}, {1, 5}, {3, 4}], [{8}, {7}, {2, 6}, {3, 5}, {1, 4}], [{8}, {7}, {2, 6}, {4, 5}, {1, 3}], [{8}, {7}, {2, 6}, {5}, {3, 4}, {1}], [{8}, {7}, {3, 6}, {2, 5}, {1, 4}], [{8}, {7}, {4, 6}, {2, 5}, {1, 3}], [{8}, {7}, {5, 6}, {3, 4}, {1, 2}], [{8}, {7}, {5, 6}, {3, 4}, {2}, {1}], [{8}, {7}, {6}, {1, 5}, {3, 4}, {2}], [{8}, {7}, {6}, {2, 5}, {3, 4}, {1}], [{8}, {7}, {6}, {5}, {3, 4}, {1, 2}], [{8}, {7}, {6}, {5}, {3, 4}, {2}, {1}]]",2,8 K_1^3 - 22 K_1^2 - 12 K_1 K_2 + 11 K_2 + 4 K_3 + 12,O1O2O3O4U3U1U5O6O7U4O5U2U6O8U7U8,O1O2O3U4U3U5U2O6O7U6O8O5U1O4U7U8,O1O2O3U4U5O6U3O7O4U8O5O8U2U7U1U6,c,"{'O1O2O3O4U5U6O5U7U3O8U1O6O7U8U4U2', 'O1O2O3O4U5U6U7O6U3O8U1O7O5U8U4U2'}",2,"<a href=""/flatknot/8.857947"">8.857947</a>",t^9-37t^7-86t^6+44t^5+240t^4+97t^3-114t^2-60t,-t^2+2t,,
8.857948,O1O2O3O4U5U6O5U7U3O8U2O6O7U1U8U4,3,6z^2+37z+51,-4w^4z^2+10w^3z^2-12w^3z+49w^2z+51w,False,False,"[[ 0 -2  0  1  3 -1 -1  0  0],[ 2  0  2  2  4  1  0  1  0],[ 0 -2  0  0  1  0  0  0 -1],[-1 -2  0  0 -1 -1  0  0 -2],[-3 -4 -1  1  0 -4 -2 -1 -2],[ 1 -1  0  1  4  0 -1  0  1],[ 1  0  0  0  2  1  0  0  1],[ 0 -1  0  0  1  0  0  0  0],[ 0  0  1  2  2 -1 -1  0  0]]","[[ 0  3  1  0  0  0 -1 -1 -2],[-3  0  1 -1 -1 -2 -2 -4 -4],[-1 -1  0  0  0 -2  0 -1 -2],[ 0  1  0  0  0  0  0  0 -1],[ 0  1  0  0  0 -1  0  0 -2],[ 0  2  2  0  1  0 -1 -1  0],[ 1  2  0  0  0  1  0  1  0],[ 1  4  1  0  0  1 -1  0 -1],[ 2  4  2  1  2  0  0  1  0]]",True,"[-3,-1,0,0,0,1,1,2,-1,1,1,2,2,4,4,0,0,2,0,1,2,0,0,0,0,1,1,0,0,2,1,1,0,-1,0,1]","[-3,-1,0,0,0,1,1,2,-1,1,1,2,2,4,4,0,0,2,0,1,2,0,0,0,0,1,1,0,0,2,1,1,0,-1,0,1]",t^8+62t^6+372t^4+21t^2,"[-2,-1,-1,0,0,0,1,3,0,1,0,1,2,1,1,1,1,1,0,1,0,1,1,0,2,2,0,1,1,2,0,1,2,-1,1,3]","[-3,-1,0,0,0,1,1,2,3,1,2,2,0,2,1,-1,1,1,1,2,1,0,1,0,0,2,0,1,1,1,1,1,0,-1,0,1]","[-2,-1,-1,0,0,0,1,3,0,1,0,1,2,2,4,1,1,0,0,0,2,1,0,0,1,4,0,1,2,2,0,0,1,0,1,-1]",c,"[[{8, 1}, {2, 7}, {3, 6}, {4, 5}], [{8, 1}, {2, 7}, {4, 6}, {3, 5}], [{8, 1}, {2, 7}, {5, 6}, {3, 4}], [{8, 1}, {3, 7}, {2, 6}, {4, 5}], [{8, 1}, {3, 7}, {4, 6}, {2, 5}], [{8, 1}, {3, 7}, {4, 6}, {5}, {2}], [{8, 1}, {3, 7}, {5, 6}, {2, 4}], [{8, 1}, {4, 7}, {2, 6}, {3, 5}], [{8, 1}, {4, 7}, {3, 6}, {2, 5}], [{8, 1}, {4, 7}, {3, 6}, {5}, {2}], [{8, 1}, {4, 7}, {5, 6}, {2, 3}], [{8, 1}, {5, 7}, {2, 6}, {3, 4}], [{8, 1}, {5, 7}, {2, 6}, {4}, {3}], [{8, 1}, {5, 7}, {3, 6}, {2, 4}], [{8, 1}, {5, 7}, {3, 6}, {4}, {2}], [{8, 1}, {5, 7}, {4, 6}, {2, 3}], [{8, 1}, {5, 7}, {4, 6}, {3}, {2}], [{8, 1}, {5, 7}, {6}, {2, 4}, {3}], [{8, 1}, {5, 7}, {6}, {3, 4}, {2}], [{8, 1}, {5, 7}, {6}, {4}, {2, 3}], [{8, 1}, {5, 7}, {6}, {4}, {3}, {2}], [{8, 1}, {6, 7}, {2, 5}, {3, 4}], [{8, 1}, {6, 7}, {3, 5}, {2, 4}], [{8, 1}, {6, 7}, {4, 5}, {2, 3}], [{8, 1}, {7}, {3, 6}, {4, 5}, {2}], [{8, 1}, {7}, {4, 6}, {3, 5}, {2}], [{8, 2}, {1, 7}, {3, 6}, {4, 5}], [{8, 2}, {1, 7}, {3, 6}, {5}, {4}], [{8, 2}, {1, 7}, {4, 6}, {3, 5}], [{8, 2}, {1, 7}, {5, 6}, {3, 4}], [{8, 2}, {1, 7}, {6}, {4, 5}, {3}], [{8, 2}, {3, 7}, {1, 6}, {4, 5}], [{8, 2}, {3, 7}, {1, 6}, {5}, {4}], [{8, 2}, {3, 7}, {4, 6}, {1, 5}], [{8, 2}, {3, 7}, {4, 6}, {5}, {1}], [{8, 2}, {3, 7}, {5, 6}, {1, 4}], [{8, 2}, {3, 7}, {6}, {5}, {1, 4}], [{8, 2}, {4, 7}, {1, 6}, {3, 5}], [{8, 2}, {4, 7}, {3, 6}, {1, 5}], [{8, 2}, {4, 7}, {3, 6}, {5}, {1}], [{8, 2}, {4, 7}, {5, 6}, {1, 3}], [{8, 2}, {4, 7}, {6}, {1, 5}, {3}], [{8, 2}, {5, 7}, {1, 6}, {3, 4}], [{8, 2}, {5, 7}, {1, 6}, {4}, {3}], [{8, 2}, {5, 7}, {3, 6}, {1, 4}], [{8, 2}, {5, 7}, {3, 6}, {4}, {1}], [{8, 2}, {5, 7}, {4, 6}, {1, 3}], [{8, 2}, {5, 7}, {4, 6}, {3}, {1}], [{8, 2}, {5, 7}, {6}, {1, 4}, {3}], [{8, 2}, {5, 7}, {6}, {3, 4}, {1}], [{8, 2}, {5, 7}, {6}, {4}, {1, 3}], [{8, 2}, {5, 7}, {6}, {4}, {3}, {1}], [{8, 2}, {6, 7}, {1, 5}, {3, 4}], [{8, 2}, {6, 7}, {3, 5}, {1, 4}], [{8, 2}, {6, 7}, {4, 5}, {1, 3}], [{8, 2}, {6, 7}, {5}, {1, 4}, {3}], [{8, 2}, {7}, {1, 6}, {3, 5}, {4}], [{8, 2}, {7}, {3, 6}, {1, 5}, {4}], [{8, 2}, {7}, {3, 6}, {4, 5}, {1}], [{8, 2}, {7}, {3, 6}, {5}, {1, 4}], [{8, 2}, {7}, {4, 6}, {3, 5}, {1}], [{8, 2}, {7}, {5, 6}, {1, 4}, {3}], [{8, 2}, {7}, {6}, {3, 5}, {1, 4}], [{8, 2}, {7}, {6}, {5}, {1, 4}, {3}], [{8, 3}, {1, 7}, {2, 6}, {4, 5}], [{8, 3}, {1, 7}, {4, 6}, {2, 5}], [{8, 3}, {1, 7}, {5, 6}, {2, 4}], [{8, 3}, {1, 7}, {6}, {4, 5}, {2}], [{8, 3}, {2, 7}, {1, 6}, {4, 5}], [{8, 3}, {2, 7}, {4, 6}, {1, 5}], [{8, 3}, {2, 7}, {5, 6}, {1, 4}], [{8, 3}, {2, 7}, {5, 6}, {4}, {1}], [{8, 3}, {2, 7}, {6}, {5}, {1, 4}], [{8, 3}, {4, 7}, {1, 6}, {2, 5}], [{8, 3}, {4, 7}, {2, 6}, {1, 5}], [{8, 3}, {4, 7}, {5, 6}, {1, 2}], [{8, 3}, {4, 7}, {6}, {1, 5}, {2}], [{8, 3}, {5, 7}, {1, 6}, {2, 4}], [{8, 3}, {5, 7}, {1, 6}, {4}, {2}], [{8, 3}, {5, 7}, {2, 6}, {1, 4}], [{8, 3}, {5, 7}, {2, 6}, {4}, {1}], [{8, 3}, {5, 7}, {4, 6}, {1, 2}], [{8, 3}, {5, 7}, {4, 6}, {2}, {1}], [{8, 3}, {5, 7}, {6}, {1, 4}, {2}], [{8, 3}, {5, 7}, {6}, {2, 4}, {1}], [{8, 3}, {5, 7}, {6}, {4}, {1, 2}], [{8, 3}, {5, 7}, {6}, {4}, {2}, {1}], [{8, 3}, {6, 7}, {1, 5}, {2, 4}], [{8, 3}, {6, 7}, {2, 5}, {1, 4}], [{8, 3}, {6, 7}, {2, 5}, {4}, {1}], [{8, 3}, {6, 7}, {4, 5}, {1, 2}], [{8, 3}, {6, 7}, {5}, {1, 4}, {2}], [{8, 3}, {7}, {2, 6}, {5}, {1, 4}], [{8, 3}, {7}, {5, 6}, {1, 4}, {2}], [{8, 3}, {7}, {6}, {2, 5}, {1, 4}], [{8, 3}, {7}, {6}, {5}, {1, 4}, {2}], [{8, 4}, {1, 7}, {2, 6}, {3, 5}], [{8, 4}, {1, 7}, {3, 6}, {2, 5}], [{8, 4}, {1, 7}, {3, 6}, {5}, {2}], [{8, 4}, {1, 7}, {5, 6}, {2, 3}], [{8, 4}, {2, 7}, {1, 6}, {3, 5}], [{8, 4}, {2, 7}, {3, 6}, {1, 5}], [{8, 4}, {2, 7}, {5, 6}, {1, 3}], [{8, 4}, {3, 7}, {1, 6}, {2, 5}], [{8, 4}, {3, 7}, {1, 6}, {5}, {2}], [{8, 4}, {3, 7}, {2, 6}, {1, 5}], [{8, 4}, {3, 7}, {5, 6}, {1, 2}], [{8, 4}, {5, 7}, {1, 6}, {2, 3}], [{8, 4}, {5, 7}, {1, 6}, {3}, {2}], [{8, 4}, {5, 7}, {2, 6}, {1, 3}], [{8, 4}, {5, 7}, {2, 6}, {3}, {1}], [{8, 4}, {5, 7}, {3, 6}, {1, 2}], [{8, 4}, {5, 7}, {3, 6}, {2}, {1}], [{8, 4}, {5, 7}, {6}, {1, 3}, {2}], [{8, 4}, {5, 7}, {6}, {2, 3}, {1}], [{8, 4}, {5, 7}, {6}, {3}, {1, 2}], [{8, 4}, {5, 7}, {6}, {3}, {2}, {1}], [{8, 4}, {6, 7}, {1, 5}, {2, 3}], [{8, 4}, {6, 7}, {2, 5}, {1, 3}], [{8, 4}, {6, 7}, {3, 5}, {1, 2}], [{8, 4}, {7}, {1, 6}, {3, 5}, {2}], [{8, 4}, {7}, {3, 6}, {1, 5}, {2}], [{8, 5}, {1, 7}, {2, 6}, {3, 4}], [{8, 5}, {1, 7}, {3, 6}, {2, 4}], [{8, 5}, {1, 7}, {3, 6}, {4}, {2}], [{8, 5}, {1, 7}, {4, 6}, {2, 3}], [{8, 5}, {2, 7}, {1, 6}, {3, 4}], [{8, 5}, {2, 7}, {3, 6}, {1, 4}], [{8, 5}, {2, 7}, {4, 6}, {1, 3}], [{8, 5}, {2, 7}, {6}, {1, 4}, {3}], [{8, 5}, {3, 7}, {1, 6}, {2, 4}], [{8, 5}, {3, 7}, {1, 6}, {4}, {2}], [{8, 5}, {3, 7}, {2, 6}, {1, 4}], [{8, 5}, {3, 7}, {4, 6}, {1, 2}], [{8, 5}, {3, 7}, {4, 6}, {2}, {1}], [{8, 5}, {3, 7}, {6}, {1, 4}, {2}], [{8, 5}, {4, 7}, {1, 6}, {2, 3}], [{8, 5}, {4, 7}, {2, 6}, {1, 3}], [{8, 5}, {4, 7}, {3, 6}, {1, 2}], [{8, 5}, {4, 7}, {3, 6}, {2}, {1}], [{8, 5}, {6, 7}, {1, 4}, {2, 3}], [{8, 5}, {6, 7}, {1, 4}, {3}, {2}], [{8, 5}, {6, 7}, {2, 4}, {1, 3}], [{8, 5}, {6, 7}, {3, 4}, {1, 2}], [{8, 5}, {7}, {2, 6}, {1, 4}, {3}], [{8, 5}, {7}, {3, 6}, {1, 4}, {2}], [{8, 5}, {7}, {6}, {1, 4}, {2, 3}], [{8, 5}, {7}, {6}, {1, 4}, {3}, {2}], [{8, 6}, {1, 7}, {2, 5}, {3, 4}], [{8, 6}, {1, 7}, {3, 5}, {2, 4}], [{8, 6}, {1, 7}, {4, 5}, {2, 3}], [{8, 6}, {1, 7}, {4, 5}, {3}, {2}], [{8, 6}, {2, 7}, {1, 5}, {3, 4}], [{8, 6}, {2, 7}, {3, 5}, {1, 4}], [{8, 6}, {2, 7}, {4, 5}, {1, 3}], [{8, 6}, {2, 7}, {5}, {1, 4}, {3}], [{8, 6}, {3, 7}, {1, 5}, {2, 4}], [{8, 6}, {3, 7}, {2, 5}, {1, 4}], [{8, 6}, {3, 7}, {4, 5}, {1, 2}], [{8, 6}, {3, 7}, {5}, {1, 4}, {2}], [{8, 6}, {4, 7}, {1, 5}, {2, 3}], [{8, 6}, {4, 7}, {1, 5}, {3}, {2}], [{8, 6}, {4, 7}, {2, 5}, {1, 3}], [{8, 6}, {4, 7}, {3, 5}, {1, 2}], [{8, 6}, {5, 7}, {1, 4}, {2, 3}], [{8, 6}, {5, 7}, {1, 4}, {3}, {2}], [{8, 6}, {5, 7}, {2, 4}, {1, 3}], [{8, 6}, {5, 7}, {2, 4}, {3}, {1}], [{8, 6}, {5, 7}, {3, 4}, {1, 2}], [{8, 6}, {5, 7}, {3, 4}, {2}, {1}], [{8, 6}, {5, 7}, {4}, {1, 3}, {2}], [{8, 6}, {5, 7}, {4}, {2, 3}, {1}], [{8, 6}, {5, 7}, {4}, {3}, {1, 2}], [{8, 6}, {5, 7}, {4}, {3}, {2}, {1}], [{8, 6}, {7}, {2, 5}, {1, 4}, {3}], [{8, 6}, {7}, {3, 5}, {1, 4}, {2}], [{8, 6}, {7}, {5}, {1, 4}, {2, 3}], [{8, 6}, {7}, {5}, {1, 4}, {3}, {2}], [{8, 7}, {1, 6}, {2, 5}, {3, 4}], [{8, 7}, {1, 6}, {3, 5}, {2, 4}], [{8, 7}, {1, 6}, {3, 5}, {4}, {2}], [{8, 7}, {1, 6}, {4, 5}, {2, 3}], [{8, 7}, {2, 6}, {1, 5}, {3, 4}], [{8, 7}, {2, 6}, {3, 5}, {1, 4}], [{8, 7}, {2, 6}, {4, 5}, {1, 3}], [{8, 7}, {2, 6}, {5}, {1, 4}, {3}], [{8, 7}, {3, 6}, {1, 5}, {2, 4}], [{8, 7}, {3, 6}, {1, 5}, {4}, {2}], [{8, 7}, {3, 6}, {2, 5}, {1, 4}], [{8, 7}, {3, 6}, {4, 5}, {1, 2}], [{8, 7}, {3, 6}, {4, 5}, {2}, {1}], [{8, 7}, {3, 6}, {5}, {1, 4}, {2}], [{8, 7}, {4, 6}, {1, 5}, {2, 3}], [{8, 7}, {4, 6}, {2, 5}, {1, 3}], [{8, 7}, {4, 6}, {3, 5}, {1, 2}], [{8, 7}, {4, 6}, {3, 5}, {2}, {1}], [{8, 7}, {5, 6}, {1, 4}, {2, 3}], [{8, 7}, {5, 6}, {1, 4}, {3}, {2}], [{8, 7}, {5, 6}, {2, 4}, {1, 3}], [{8, 7}, {5, 6}, {3, 4}, {1, 2}], [{8, 7}, {6}, {2, 5}, {1, 4}, {3}], [{8, 7}, {6}, {3, 5}, {1, 4}, {2}], [{8, 7}, {6}, {5}, {1, 4}, {2, 3}], [{8, 7}, {6}, {5}, {1, 4}, {3}, {2}], [{8}, {1, 7}, {2, 6}, {4, 5}, {3}], [{8}, {1, 7}, {3, 6}, {2, 5}, {4}], [{8}, {1, 7}, {3, 6}, {4, 5}, {2}], [{8}, {1, 7}, {3, 6}, {5}, {2, 4}], [{8}, {1, 7}, {3, 6}, {5}, {4}, {2}], [{8}, {1, 7}, {4, 6}, {3, 5}, {2}], [{8}, {1, 7}, {5, 6}, {3, 4}, {2}], [{8}, {1, 7}, {6}, {4, 5}, {2, 3}], [{8}, {1, 7}, {6}, {4, 5}, {3}, {2}], [{8}, {2, 7}, {1, 6}, {3, 5}, {4}], [{8}, {2, 7}, {3, 6}, {1, 5}, {4}], [{8}, {2, 7}, {3, 6}, {4, 5}, {1}], [{8}, {2, 7}, {3, 6}, {5}, {1, 4}], [{8}, {2, 7}, {4, 6}, {3, 5}, {1}], [{8}, {2, 7}, {5, 6}, {1, 4}, {3}], [{8}, {2, 7}, {6}, {3, 5}, {1, 4}], [{8}, {2, 7}, {6}, {5}, {1, 4}, {3}], [{8}, {3, 7}, {1, 6}, {2, 5}, {4}], [{8}, {3, 7}, {1, 6}, {4, 5}, {2}], [{8}, {3, 7}, {1, 6}, {5}, {2, 4}], [{8}, {3, 7}, {1, 6}, {5}, {4}, {2}], [{8}, {3, 7}, {2, 6}, {5}, {1, 4}], [{8}, {3, 7}, {4, 6}, {1, 5}, {2}], [{8}, {3, 7}, {4, 6}, {2, 5}, {1}], [{8}, {3, 7}, {4, 6}, {5}, {1, 2}], [{8}, {3, 7}, {4, 6}, {5}, {2}, {1}], [{8}, {3, 7}, {5, 6}, {1, 4}, {2}], [{8}, {3, 7}, {6}, {2, 5}, {1, 4}], [{8}, {3, 7}, {6}, {5}, {1, 4}, {2}], [{8}, {4, 7}, {1, 6}, {3, 5}, {2}], [{8}, {4, 7}, {2, 6}, {1, 5}, {3}], [{8}, {4, 7}, {3, 6}, {1, 5}, {2}], [{8}, {4, 7}, {3, 6}, {2, 5}, {1}], [{8}, {4, 7}, {3, 6}, {5}, {1, 2}], [{8}, {4, 7}, {3, 6}, {5}, {2}, {1}], [{8}, {4, 7}, {5, 6}, {1, 3}, {2}], [{8}, {4, 7}, {6}, {1, 5}, {2, 3}], [{8}, {4, 7}, {6}, {1, 5}, {3}, {2}], [{8}, {5, 7}, {1, 6}, {2, 4}, {3}], [{8}, {5, 7}, {1, 6}, {3, 4}, {2}], [{8}, {5, 7}, {1, 6}, {4}, {2, 3}], [{8}, {5, 7}, {1, 6}, {4}, {3}, {2}], [{8}, {5, 7}, {2, 6}, {1, 4}, {3}], [{8}, {5, 7}, {2, 6}, {3, 4}, {1}], [{8}, {5, 7}, {2, 6}, {4}, {1, 3}], [{8}, {5, 7}, {2, 6}, {4}, {3}, {1}], [{8}, {5, 7}, {3, 6}, {1, 4}, {2}], [{8}, {5, 7}, {3, 6}, {2, 4}, {1}], [{8}, {5, 7}, {3, 6}, {4}, {1, 2}], [{8}, {5, 7}, {3, 6}, {4}, {2}, {1}], [{8}, {5, 7}, {4, 6}, {1, 3}, {2}], [{8}, {5, 7}, {4, 6}, {2, 3}, {1}], [{8}, {5, 7}, {4, 6}, {3}, {1, 2}], [{8}, {5, 7}, {4, 6}, {3}, {2}, {1}], [{8}, {5, 7}, {6}, {1, 4}, {2, 3}], [{8}, {5, 7}, {6}, {1, 4}, {3}, {2}], [{8}, {5, 7}, {6}, {2, 4}, {1, 3}], [{8}, {5, 7}, {6}, {2, 4}, {3}, {1}], [{8}, {5, 7}, {6}, {3, 4}, {1, 2}], [{8}, {5, 7}, {6}, {3, 4}, {2}, {1}], [{8}, {5, 7}, {6}, {4}, {1, 3}, {2}], [{8}, {5, 7}, {6}, {4}, {2, 3}, {1}], [{8}, {5, 7}, {6}, {4}, {3}, {1, 2}], [{8}, {5, 7}, {6}, {4}, {3}, {2}, {1}], [{8}, {6, 7}, {1, 5}, {3, 4}, {2}], [{8}, {6, 7}, {2, 5}, {1, 4}, {3}], [{8}, {6, 7}, {3, 5}, {1, 4}, {2}], [{8}, {6, 7}, {4, 5}, {1, 3}, {2}], [{8}, {6, 7}, {5}, {1, 4}, {2, 3}], [{8}, {6, 7}, {5}, {1, 4}, {3}, {2}], [{8}, {7}, {1, 6}, {3, 5}, {2, 4}], [{8}, {7}, {1, 6}, {3, 5}, {4}, {2}], [{8}, {7}, {2, 6}, {3, 5}, {1, 4}], [{8}, {7}, {2, 6}, {5}, {1, 4}, {3}], [{8}, {7}, {3, 6}, {1, 5}, {2, 4}], [{8}, {7}, {3, 6}, {1, 5}, {4}, {2}], [{8}, {7}, {3, 6}, {2, 5}, {1, 4}], [{8}, {7}, {3, 6}, {4, 5}, {1, 2}], [{8}, {7}, {3, 6}, {4, 5}, {2}, {1}], [{8}, {7}, {3, 6}, {5}, {1, 4}, {2}], [{8}, {7}, {4, 6}, {3, 5}, {1, 2}], [{8}, {7}, {4, 6}, {3, 5}, {2}, {1}], [{8}, {7}, {5, 6}, {1, 4}, {2, 3}], [{8}, {7}, {5, 6}, {1, 4}, {3}, {2}], [{8}, {7}, {6}, {2, 5}, {1, 4}, {3}], [{8}, {7}, {6}, {3, 5}, {1, 4}, {2}], [{8}, {7}, {6}, {5}, {1, 4}, {2, 3}], [{8}, {7}, {6}, {5}, {1, 4}, {3}, {2}]]",2,4 K_1^3 - 10 K_1^2 - 6 K_1 K_2 + 5 K_2 + 2 K_3 + 6,O1O2O3O4U1U5U4O6O7U3O5U2U6O8U7U8,O1O2O3U1U4U5U3O6O7U6O8O5U2O4U7U8,O1O2O3U4U5O6U2O7O4U8O5O8U1U7U6U3,c,"{'O1O2O3O4U5U6U7O6U3O8U2O7O5U1U8U4', 'O1O2O3O4U5U6O5U7U3O8U2O6O7U1U8U4'}",2,"<a href=""/flatknot/8.857948"">8.857948</a>",t^9-58t^7-142t^6+193t^5+474t^4-236t^3-216t^2-32t-16,-t^3+t^2+t,,
8.857949,O1O2O3O4U5U6O5U7U3O8U2O6O7U8U1U4,3,4z^2+37z+59,4w^3z^2+37w^2z+59w,False,False,"[[ 0 -1  0  1  3 -1 -1  0 -1],[ 1  0  1  2  3  0  0  1 -1],[ 0 -1  0  0  1  0  0  0 -1],[-1 -2  0  0 -1 -1  0  0 -2],[-3 -3 -1  1  0 -4 -2 -1 -2],[ 1  0  0  1  4  0 -1  0  0],[ 1  0  0  0  2  1  0  0  0],[ 0 -1  0  0  1  0  0  0 -1],[ 1  1  1  2  2  0  0  1  0]]","[[ 0  3  1  0  0 -1 -1 -1 -1],[-3  0  1 -1 -1 -2 -2 -3 -4],[-1 -1  0  0  0  0 -2 -2 -1],[ 0  1  0  0  0  0 -1 -1  0],[ 0  1  0  0  0  0 -1 -1  0],[ 1  2  0  0  0  0  0  0  1],[ 1  2  2  1  1  0  0  1  0],[ 1  3  2  1  1  0 -1  0  0],[ 1  4  1  0  0 -1  0  0  0]]",True,"[-3,-1,0,0,1,1,1,1,-1,1,1,2,2,3,4,0,0,0,2,2,1,0,0,1,1,0,0,1,1,0,0,0,-1,-1,0,0]","[-3,-1,0,0,1,1,1,1,-1,1,1,2,2,3,4,0,0,0,2,2,1,0,0,1,1,0,0,1,1,0,0,0,-1,-1,0,0]",t^8+51t^6+274t^4+5t^2,"[-1,-1,-1,-1,0,0,1,3,-1,0,0,0,0,0,2,0,0,0,0,0,1,-1,1,1,2,2,1,1,1,0,0,1,2,1,2,3]","[-3,-1,0,0,1,1,1,1,3,2,2,0,1,2,2,1,1,1,0,0,2,0,1,0,0,1,1,0,0,1,0,0,-1,-1,0,0]","[-1,-1,-1,-1,0,0,1,3,-1,0,0,0,0,1,4,0,0,0,0,0,2,-1,1,1,2,3,1,1,2,2,0,0,1,0,1,-1]",c,"[[{8, 1}, {2, 7}, {3, 6}, {4, 5}], [{8, 1}, {2, 7}, {4, 6}, {3, 5}], [{8, 1}, {2, 7}, {5, 6}, {3, 4}], [{8, 1}, {2, 7}, {6}, {5}, {3, 4}], [{8, 1}, {3, 7}, {2, 6}, {4, 5}], [{8, 1}, {3, 7}, {4, 6}, {2, 5}], [{8, 1}, {3, 7}, {5, 6}, {2, 4}], [{8, 1}, {3, 7}, {6}, {2, 5}, {4}], [{8, 1}, {4, 7}, {2, 6}, {3, 5}], [{8, 1}, {4, 7}, {3, 6}, {2, 5}], [{8, 1}, {4, 7}, {5, 6}, {2, 3}], [{8, 1}, {4, 7}, {6}, {2, 5}, {3}], [{8, 1}, {5, 7}, {2, 6}, {3, 4}], [{8, 1}, {5, 7}, {3, 6}, {2, 4}], [{8, 1}, {5, 7}, {4, 6}, {2, 3}], [{8, 1}, {5, 7}, {6}, {2, 4}, {3}], [{8, 1}, {5, 7}, {6}, {3, 4}, {2}], [{8, 1}, {5, 7}, {6}, {4}, {2, 3}], [{8, 1}, {6, 7}, {2, 5}, {3, 4}], [{8, 1}, {6, 7}, {3, 5}, {2, 4}], [{8, 1}, {6, 7}, {4, 5}, {2, 3}], [{8, 1}, {6, 7}, {5}, {3, 4}, {2}], [{8, 1}, {7}, {2, 6}, {5}, {3, 4}], [{8, 1}, {7}, {3, 6}, {4, 5}, {2}], [{8, 1}, {7}, {4, 6}, {3, 5}, {2}], [{8, 1}, {7}, {5, 6}, {3, 4}, {2}], [{8, 1}, {7}, {6}, {2, 5}, {3, 4}], [{8, 1}, {7}, {6}, {5}, {3, 4}, {2}], [{8, 2}, {1, 7}, {3, 6}, {4, 5}], [{8, 2}, {1, 7}, {4, 6}, {3, 5}], [{8, 2}, {1, 7}, {5, 6}, {3, 4}], [{8, 2}, {1, 7}, {6}, {5}, {3, 4}], [{8, 2}, {3, 7}, {1, 6}, {4, 5}], [{8, 2}, {3, 7}, {4, 6}, {1, 5}], [{8, 2}, {3, 7}, {4, 6}, {5}, {1}], [{8, 2}, {3, 7}, {5, 6}, {1, 4}], [{8, 2}, {3, 7}, {5, 6}, {4}, {1}], [{8, 2}, {3, 7}, {6}, {4, 5}, {1}], [{8, 2}, {4, 7}, {1, 6}, {3, 5}], [{8, 2}, {4, 7}, {3, 6}, {1, 5}], [{8, 2}, {4, 7}, {3, 6}, {5}, {1}], [{8, 2}, {4, 7}, {5, 6}, {1, 3}], [{8, 2}, {4, 7}, {5, 6}, {3}, {1}], [{8, 2}, {4, 7}, {6}, {3, 5}, {1}], [{8, 2}, {5, 7}, {1, 6}, {3, 4}], [{8, 2}, {5, 7}, {1, 6}, {4}, {3}], [{8, 2}, {5, 7}, {3, 6}, {1, 4}], [{8, 2}, {5, 7}, {3, 6}, {4}, {1}], [{8, 2}, {5, 7}, {4, 6}, {1, 3}], [{8, 2}, {5, 7}, {4, 6}, {3}, {1}], [{8, 2}, {5, 7}, {6}, {1, 4}, {3}], [{8, 2}, {5, 7}, {6}, {3, 4}, {1}], [{8, 2}, {5, 7}, {6}, {4}, {1, 3}], [{8, 2}, {5, 7}, {6}, {4}, {3}, {1}], [{8, 2}, {6, 7}, {1, 5}, {3, 4}], [{8, 2}, {6, 7}, {3, 5}, {1, 4}], [{8, 2}, {6, 7}, {3, 5}, {4}, {1}], [{8, 2}, {6, 7}, {4, 5}, {1, 3}], [{8, 2}, {6, 7}, {4, 5}, {3}, {1}], [{8, 2}, {6, 7}, {5}, {3, 4}, {1}], [{8, 2}, {7}, {1, 6}, {5}, {3, 4}], [{8, 2}, {7}, {3, 6}, {4, 5}, {1}], [{8, 2}, {7}, {4, 6}, {3, 5}, {1}], [{8, 2}, {7}, {5, 6}, {3, 4}, {1}], [{8, 2}, {7}, {6}, {1, 5}, {3, 4}], [{8, 2}, {7}, {6}, {5}, {3, 4}, {1}], [{8, 3}, {1, 7}, {2, 6}, {4, 5}], [{8, 3}, {1, 7}, {4, 6}, {2, 5}], [{8, 3}, {1, 7}, {5, 6}, {2, 4}], [{8, 3}, {1, 7}, {6}, {2, 5}, {4}], [{8, 3}, {2, 7}, {1, 6}, {4, 5}], [{8, 3}, {2, 7}, {4, 6}, {1, 5}], [{8, 3}, {2, 7}, {5, 6}, {1, 4}], [{8, 3}, {2, 7}, {6}, {5}, {1, 4}], [{8, 3}, {4, 7}, {1, 6}, {2, 5}], [{8, 3}, {4, 7}, {2, 6}, {1, 5}], [{8, 3}, {4, 7}, {5, 6}, {1, 2}], [{8, 3}, {4, 7}, {6}, {2, 5}, {1}], [{8, 3}, {5, 7}, {1, 6}, {2, 4}], [{8, 3}, {5, 7}, {2, 6}, {1, 4}], [{8, 3}, {5, 7}, {4, 6}, {1, 2}], [{8, 3}, {5, 7}, {6}, {1, 4}, {2}], [{8, 3}, {5, 7}, {6}, {2, 4}, {1}], [{8, 3}, {5, 7}, {6}, {4}, {1, 2}], [{8, 3}, {6, 7}, {1, 5}, {2, 4}], [{8, 3}, {6, 7}, {2, 5}, {1, 4}], [{8, 3}, {6, 7}, {4, 5}, {1, 2}], [{8, 3}, {6, 7}, {5}, {1, 4}, {2}], [{8, 3}, {7}, {1, 6}, {4, 5}, {2}], [{8, 3}, {7}, {2, 6}, {5}, {1, 4}], [{8, 3}, {7}, {4, 6}, {1, 5}, {2}], [{8, 3}, {7}, {5, 6}, {1, 4}, {2}], [{8, 3}, {7}, {6}, {2, 5}, {1, 4}], [{8, 3}, {7}, {6}, {5}, {1, 4}, {2}], [{8, 4}, {1, 7}, {2, 6}, {3, 5}], [{8, 4}, {1, 7}, {3, 6}, {2, 5}], [{8, 4}, {1, 7}, {5, 6}, {2, 3}], [{8, 4}, {1, 7}, {6}, {2, 5}, {3}], [{8, 4}, {2, 7}, {1, 6}, {3, 5}], [{8, 4}, {2, 7}, {3, 6}, {1, 5}], [{8, 4}, {2, 7}, {5, 6}, {1, 3}], [{8, 4}, {2, 7}, {6}, {5}, {1, 3}], [{8, 4}, {3, 7}, {1, 6}, {2, 5}], [{8, 4}, {3, 7}, {2, 6}, {1, 5}], [{8, 4}, {3, 7}, {5, 6}, {1, 2}], [{8, 4}, {3, 7}, {6}, {2, 5}, {1}], [{8, 4}, {5, 7}, {1, 6}, {2, 3}], [{8, 4}, {5, 7}, {2, 6}, {1, 3}], [{8, 4}, {5, 7}, {3, 6}, {1, 2}], [{8, 4}, {5, 7}, {6}, {1, 3}, {2}], [{8, 4}, {5, 7}, {6}, {2, 3}, {1}], [{8, 4}, {5, 7}, {6}, {3}, {1, 2}], [{8, 4}, {6, 7}, {1, 5}, {2, 3}], [{8, 4}, {6, 7}, {2, 5}, {1, 3}], [{8, 4}, {6, 7}, {3, 5}, {1, 2}], [{8, 4}, {6, 7}, {5}, {1, 3}, {2}], [{8, 4}, {7}, {1, 6}, {3, 5}, {2}], [{8, 4}, {7}, {2, 6}, {5}, {1, 3}], [{8, 4}, {7}, {3, 6}, {1, 5}, {2}], [{8, 4}, {7}, {5, 6}, {1, 3}, {2}], [{8, 4}, {7}, {6}, {2, 5}, {1, 3}], [{8, 4}, {7}, {6}, {5}, {1, 3}, {2}], [{8, 5}, {1, 7}, {2, 6}, {3, 4}], [{8, 5}, {1, 7}, {3, 6}, {2, 4}], [{8, 5}, {1, 7}, {4, 6}, {2, 3}], [{8, 5}, {1, 7}, {6}, {3, 4}, {2}], [{8, 5}, {2, 7}, {1, 6}, {3, 4}], [{8, 5}, {2, 7}, {1, 6}, {4}, {3}], [{8, 5}, {2, 7}, {3, 6}, {1, 4}], [{8, 5}, {2, 7}, {4, 6}, {1, 3}], [{8, 5}, {2, 7}, {6}, {3, 4}, {1}], [{8, 5}, {3, 7}, {1, 6}, {2, 4}], [{8, 5}, {3, 7}, {1, 6}, {4}, {2}], [{8, 5}, {3, 7}, {2, 6}, {1, 4}], [{8, 5}, {3, 7}, {4, 6}, {1, 2}], [{8, 5}, {4, 7}, {1, 6}, {2, 3}], [{8, 5}, {4, 7}, {1, 6}, {3}, {2}], [{8, 5}, {4, 7}, {2, 6}, {1, 3}], [{8, 5}, {4, 7}, {3, 6}, {1, 2}], [{8, 5}, {6, 7}, {1, 4}, {2, 3}], [{8, 5}, {6, 7}, {2, 4}, {1, 3}], [{8, 5}, {6, 7}, {3, 4}, {1, 2}], [{8, 5}, {6, 7}, {3, 4}, {2}, {1}], [{8, 5}, {7}, {1, 6}, {2, 4}, {3}], [{8, 5}, {7}, {1, 6}, {3, 4}, {2}], [{8, 5}, {7}, {1, 6}, {4}, {2, 3}], [{8, 5}, {7}, {1, 6}, {4}, {3}, {2}], [{8, 5}, {7}, {2, 6}, {3, 4}, {1}], [{8, 5}, {7}, {3, 6}, {1, 4}, {2}], [{8, 5}, {7}, {4, 6}, {1, 3}, {2}], [{8, 5}, {7}, {6}, {3, 4}, {1, 2}], [{8, 5}, {7}, {6}, {3, 4}, {2}, {1}], [{8, 6}, {1, 7}, {2, 5}, {3, 4}], [{8, 6}, {1, 7}, {3, 5}, {2, 4}], [{8, 6}, {1, 7}, {4, 5}, {2, 3}], [{8, 6}, {1, 7}, {5}, {3, 4}, {2}], [{8, 6}, {2, 7}, {1, 5}, {3, 4}], [{8, 6}, {2, 7}, {1, 5}, {4}, {3}], [{8, 6}, {2, 7}, {3, 5}, {1, 4}], [{8, 6}, {2, 7}, {4, 5}, {1, 3}], [{8, 6}, {2, 7}, {5}, {3, 4}, {1}], [{8, 6}, {3, 7}, {1, 5}, {2, 4}], [{8, 6}, {3, 7}, {1, 5}, {4}, {2}], [{8, 6}, {3, 7}, {2, 5}, {1, 4}], [{8, 6}, {3, 7}, {4, 5}, {1, 2}], [{8, 6}, {3, 7}, {5}, {2, 4}, {1}], [{8, 6}, {4, 7}, {1, 5}, {2, 3}], [{8, 6}, {4, 7}, {1, 5}, {3}, {2}], [{8, 6}, {4, 7}, {2, 5}, {1, 3}], [{8, 6}, {4, 7}, {3, 5}, {1, 2}], [{8, 6}, {4, 7}, {5}, {2, 3}, {1}], [{8, 6}, {5, 7}, {1, 4}, {2, 3}], [{8, 6}, {5, 7}, {2, 4}, {1, 3}], [{8, 6}, {5, 7}, {3, 4}, {1, 2}], [{8, 6}, {5, 7}, {3, 4}, {2}, {1}], [{8, 6}, {7}, {1, 5}, {2, 4}, {3}], [{8, 6}, {7}, {1, 5}, {3, 4}, {2}], [{8, 6}, {7}, {1, 5}, {4}, {2, 3}], [{8, 6}, {7}, {1, 5}, {4}, {3}, {2}], [{8, 6}, {7}, {2, 5}, {3, 4}, {1}], [{8, 6}, {7}, {3, 5}, {1, 4}, {2}], [{8, 6}, {7}, {4, 5}, {1, 3}, {2}], [{8, 6}, {7}, {5}, {3, 4}, {1, 2}], [{8, 6}, {7}, {5}, {3, 4}, {2}, {1}], [{8, 7}, {1, 6}, {2, 5}, {3, 4}], [{8, 7}, {1, 6}, {2, 5}, {4}, {3}], [{8, 7}, {1, 6}, {3, 5}, {2, 4}], [{8, 7}, {1, 6}, {4, 5}, {2, 3}], [{8, 7}, {1, 6}, {5}, {3, 4}, {2}], [{8, 7}, {2, 6}, {1, 5}, {3, 4}], [{8, 7}, {2, 6}, {3, 5}, {1, 4}], [{8, 7}, {2, 6}, {3, 5}, {4}, {1}], [{8, 7}, {2, 6}, {4, 5}, {1, 3}], [{8, 7}, {2, 6}, {4, 5}, {3}, {1}], [{8, 7}, {2, 6}, {5}, {3, 4}, {1}], [{8, 7}, {3, 6}, {1, 5}, {2, 4}], [{8, 7}, {3, 6}, {2, 5}, {1, 4}], [{8, 7}, {3, 6}, {2, 5}, {4}, {1}], [{8, 7}, {3, 6}, {4, 5}, {1, 2}], [{8, 7}, {3, 6}, {4, 5}, {2}, {1}], [{8, 7}, {3, 6}, {5}, {2, 4}, {1}], [{8, 7}, {4, 6}, {1, 5}, {2, 3}], [{8, 7}, {4, 6}, {2, 5}, {1, 3}], [{8, 7}, {4, 6}, {2, 5}, {3}, {1}], [{8, 7}, {4, 6}, {3, 5}, {1, 2}], [{8, 7}, {4, 6}, {3, 5}, {2}, {1}], [{8, 7}, {4, 6}, {5}, {2, 3}, {1}], [{8, 7}, {5, 6}, {1, 4}, {2, 3}], [{8, 7}, {5, 6}, {2, 4}, {1, 3}], [{8, 7}, {5, 6}, {2, 4}, {3}, {1}], [{8, 7}, {5, 6}, {3, 4}, {1, 2}], [{8, 7}, {5, 6}, {3, 4}, {2}, {1}], [{8, 7}, {5, 6}, {4}, {2, 3}, {1}], [{8, 7}, {6}, {1, 5}, {3, 4}, {2}], [{8, 7}, {6}, {2, 5}, {1, 4}, {3}], [{8, 7}, {6}, {2, 5}, {3, 4}, {1}], [{8, 7}, {6}, {2, 5}, {4}, {1, 3}], [{8, 7}, {6}, {2, 5}, {4}, {3}, {1}], [{8, 7}, {6}, {3, 5}, {2, 4}, {1}], [{8, 7}, {6}, {4, 5}, {2, 3}, {1}], [{8, 7}, {6}, {5}, {3, 4}, {1, 2}], [{8, 7}, {6}, {5}, {3, 4}, {2}, {1}], [{8}, {1, 7}, {2, 6}, {5}, {3, 4}], [{8}, {1, 7}, {3, 6}, {4, 5}, {2}], [{8}, {1, 7}, {4, 6}, {3, 5}, {2}], [{8}, {1, 7}, {5, 6}, {3, 4}, {2}], [{8}, {1, 7}, {6}, {2, 5}, {3, 4}], [{8}, {1, 7}, {6}, {5}, {3, 4}, {2}], [{8}, {2, 7}, {1, 6}, {5}, {3, 4}], [{8}, {2, 7}, {3, 6}, {4, 5}, {1}], [{8}, {2, 7}, {4, 6}, {3, 5}, {1}], [{8}, {2, 7}, {5, 6}, {3, 4}, {1}], [{8}, {2, 7}, {6}, {1, 5}, {3, 4}], [{8}, {2, 7}, {6}, {5}, {3, 4}, {1}], [{8}, {3, 7}, {6}, {1, 5}, {2, 4}], [{8}, {3, 7}, {6}, {2, 5}, {1, 4}], [{8}, {4, 7}, {6}, {1, 5}, {2, 3}], [{8}, {4, 7}, {6}, {2, 5}, {1, 3}], [{8}, {5, 7}, {1, 6}, {3, 4}, {2}], [{8}, {5, 7}, {2, 6}, {3, 4}, {1}], [{8}, {5, 7}, {6}, {1, 4}, {2, 3}], [{8}, {5, 7}, {6}, {2, 4}, {1, 3}], [{8}, {5, 7}, {6}, {3, 4}, {1, 2}], [{8}, {5, 7}, {6}, {3, 4}, {2}, {1}], [{8}, {6, 7}, {1, 5}, {3, 4}, {2}], [{8}, {6, 7}, {2, 5}, {3, 4}, {1}], [{8}, {6, 7}, {5}, {3, 4}, {1, 2}], [{8}, {6, 7}, {5}, {3, 4}, {2}, {1}], [{8}, {7}, {1, 6}, {2, 5}, {3, 4}], [{8}, {7}, {1, 6}, {5}, {3, 4}, {2}], [{8}, {7}, {2, 6}, {1, 5}, {3, 4}], [{8}, {7}, {2, 6}, {5}, {3, 4}, {1}], [{8}, {7}, {3, 6}, {4, 5}, {1, 2}], [{8}, {7}, {3, 6}, {4, 5}, {2}, {1}], [{8}, {7}, {4, 6}, {3, 5}, {1, 2}], [{8}, {7}, {4, 6}, {3, 5}, {2}, {1}], [{8}, {7}, {5, 6}, {3, 4}, {1, 2}], [{8}, {7}, {5, 6}, {3, 4}, {2}, {1}], [{8}, {7}, {6}, {1, 5}, {3, 4}, {2}], [{8}, {7}, {6}, {2, 5}, {3, 4}, {1}], [{8}, {7}, {6}, {5}, {3, 4}, {1, 2}], [{8}, {7}, {6}, {5}, {3, 4}, {2}, {1}]]",2,8 K_1^3 + 4 K_1^2 K_2 - 18 K_1^2 - 14 K_1 K_2 - 2 K_1 K_3 + K_1 - 2 K_2^2 + 8 K_2 + 5 K_3 + K_4 + 10,O1O2O3O4U1U4U5O6O7U3O5U2U6O8U7U8,O1O2O3U2U4U5U3O6O7U6O8O5U1O4U7U8,O1O2O3U4U5O6U3O7O4U8O5O8U1U7U6U2,c,"{'O1O2O3O4U5U6U7O6U3O8U2O7O5U8U1U4', 'O1O2O3O4U5U6O5U7U3O8U2O6O7U8U1U4', 'O1O2O3O4U5U6O5U7U3U1O8O6O7U2U8U4', 'O1O2O3O4U5U6U7O6U3U1O8O7O5U2U8U4'}",4,"<a href=""/flatknot/8.857949"">8.857949</a>",t^9-45t^7-86t^6+156t^5+378t^4+147t^3-8t^2+24t,-t^3+3t,,
8.857950,O1O2O3O4U5U6O5U7U3O8U4O6O7U1U2U8,3,11z^2+44z+45,-4w^4z^2+15w^3z^2-16w^3z+60w^2z+45w,False,False,"[[ 0 -2  0  1  2 -1 -1  0  1],[ 2  0  1  1  3  1  0  1  1],[ 0 -1  0  1  3 -1 -2 -1  0],[-1 -1 -1  0  1 -1 -1 -1 -1],[-2 -3 -3 -1  0 -2 -1 -1 -1],[ 1 -1  1  1  2  0 -1  0  2],[ 1  0  2  1  1  1  0  0  2],[ 0 -1  1  1  1  0  0  0  1],[-1 -1  0  1  1 -2 -2 -1  0]]","[[ 0  2  1  1  0  0 -1 -1 -2],[-2  0 -1 -1 -1 -3 -1 -2 -3],[-1  1  0  1 -1  0 -2 -2 -1],[-1  1 -1  0 -1 -1 -1 -1 -1],[ 0  1  1  1  0  1  0  0 -1],[ 0  3  0  1 -1  0 -2 -1 -1],[ 1  1  2  1  0  2  0  1  0],[ 1  2  2  1  0  1 -1  0 -1],[ 2  3  1  1  1  1  0  1  0]]",True,"[-2,-1,-1,0,0,1,1,2,1,1,1,3,1,2,3,-1,1,0,2,2,1,1,1,1,1,1,-1,0,0,1,2,1,1,-1,0,1]","[-2,-1,-1,0,0,1,1,2,0,0,-1,1,1,2,1,-1,0,0,1,1,2,1,0,0,0,2,-1,0,-1,1,1,1,1,-1,0,1]",t^8+52t^6+268t^4+147t^2,"[-2,-1,-1,0,0,1,1,2,0,1,1,1,2,2,1,1,0,1,0,1,1,-1,1,0,1,2,1,1,0,-1,0,0,1,-1,0,0]","[-2,-1,-1,0,0,1,1,2,0,0,-1,1,1,2,1,-1,0,0,1,1,2,1,0,0,0,2,-1,0,-1,1,1,1,1,-1,0,1]","[-2,-1,-1,0,0,1,1,2,0,1,1,1,1,1,3,1,0,2,1,2,1,0,1,1,2,2,1,1,1,1,1,0,3,-1,1,1]",c,"[[{8, 6}, {2, 7}, {3, 5}, {1, 4}]]",1,20 K_1^3 + 4 K_1^2 K_2 - 8 K_1^2 - 12 K_1 K_2 - 4 K_1 K_3 - 9 K_1 + 4 K_2 + K_3 + K_4 + 4,O1O2O3O4U5U3U4O6O7U1O5U2U6O8U7U8,O1O2O3U1U2U4U5O6O7U6O8O4U3O5U7U8,O1O2O3U4U5O6U1O7O4U8O5O8U6U7U2U3,c,"{'O1O2O3O4U5U6O5U7U3O8U4O6O7U1U2U8', 'O1O2O3O4U5U6U7O6U3O8U4O7O5U1U2U8'}",2,"<a href=""/flatknot/8.857950"">8.857950</a>",t^9-52t^7-158t^6+60t^5+476t^4+54t^3-362t^2-56t+72,0,,
8.857951,O1O2O3O4U5U6O5U7U3O8U4O6O7U1U8U2,4,16z^2+69z+75,16w^3z^2+69w^2z+75w,False,False,"[[ 0 -2  1  1  2 -1 -1  0  0],[ 2  0  2  1  3  1  0  1  0],[-1 -2  0  1  2 -2 -2 -1 -1],[-1 -1 -1  0  1 -1 -1 -1 -1],[-2 -3 -2 -1  0 -2 -1 -1 -1],[ 1 -1  2  1  2  0 -1  0  1],[ 1  0  2  1  1  1  0  0  1],[ 0 -1  1  1  1  0  0  0  0],[ 0  0  1  1  1 -1 -1  0  0]]","[[ 0  2  1  1  0  0 -1 -1 -2],[-2  0 -1 -2 -1 -1 -1 -2 -3],[-1  1  0 -1 -1 -1 -1 -1 -1],[-1  2  1  0 -1 -1 -2 -2 -2],[ 0  1  1  1  0  0  0  0 -1],[ 0  1  1  1  0  0 -1 -1  0],[ 1  1  1  2  0  1  0  1  0],[ 1  2  1  2  0  1 -1  0 -1],[ 2  3  1  2  1  0  0  1  0]]",True,"[-2,-1,-1,0,0,1,1,2,1,2,1,1,1,2,3,1,1,1,1,1,1,1,1,2,2,2,0,0,0,1,1,1,0,-1,0,1]","[-2,-1,-1,0,0,1,1,2,-1,0,1,1,1,2,1,1,0,0,0,0,1,0,0,1,1,2,0,0,0,2,1,1,1,-1,0,1]",t^8+46t^6+167t^4+97t^2+1,"[-2,-1,-1,0,0,1,1,2,0,1,1,2,1,2,1,1,1,0,0,1,1,1,0,0,1,2,0,0,0,1,0,0,1,-1,-1,0]","[-2,-1,-1,0,0,1,1,2,-1,0,1,1,1,2,1,1,0,0,0,0,1,0,0,1,1,2,0,0,0,2,1,1,1,-1,0,1]","[-2,-1,-1,0,0,1,1,2,0,1,0,1,1,2,3,1,1,0,1,2,1,1,0,1,2,2,0,1,1,1,1,1,1,-1,1,2]",c,"[[{8, 4}, {1, 7}, {5, 6}, {2, 3}]]",1,12 K_1^3 + 4 K_1^2 K_2 - 8 K_1^2 - 12 K_1 K_2 - 4 K_1 K_3 - 3 K_1 + 4 K_2 + 3 K_3 + K_4 + 4,O1O2O3O4U3U5U4O6O7U1O5U2U6O8U7U8,O1O2O3U1U3U4U5O6O7U6O8O4U2O5U7U8,O1O2O3U4U5O6U2O7O4U8O5O8U6U7U1U3,c,"{'O1O2O3O4U5U6O5U7U3O8U4O6O7U1U8U2', 'O1O2O3O4U5U6U7O6U3O8U4O7O5U1U8U2'}",2,"<a href=""/flatknot/8.857951"">8.857951</a>",t^9-46t^7-152t^6-59t^5+324t^4+357t^3-60t^2-196t-58,0,,
8.857952,O1O2O3O4U5U6O5U7U3O8U4O6O7U2U1U8,4,4z^3+30z^2+71z+55,4w^4z^3+30w^3z^2+71w^2z+55w,False,False,"[[ 0 -1 -1  1  2 -1 -1  0  1],[ 1  0  0  1  3  0 -1  0  1],[ 1  0  0  1  3  0 -1  0  0],[-1 -1 -1  0  1 -1 -1 -1 -1],[-2 -3 -3 -1  0 -2 -1 -1 -1],[ 1  0  0  1  2  0 -1  0  2],[ 1  1  1  1  1  1  0  0  2],[ 0  0  0  1  1  0  0  0  1],[-1 -1  0  1  1 -2 -2 -1  0]]","[[ 0  2  1  1  0 -1 -1 -1 -1],[-2  0 -1 -1 -1 -1 -2 -3 -3],[-1  1  0  1 -1 -2 -2  0 -1],[-1  1 -1  0 -1 -1 -1 -1 -1],[ 0  1  1  1  0  0  0  0  0],[ 1  1  2  1  0  0  1  1  1],[ 1  2  2  1  0 -1  0  0  0],[ 1  3  0  1  0 -1  0  0  0],[ 1  3  1  1  0 -1  0  0  0]]",True,"[-2,-1,-1,0,1,1,1,1,1,1,1,1,2,3,3,-1,1,2,2,0,1,1,1,1,1,1,0,0,0,0,-1,-1,-1,0,0,0]","[-2,-1,-1,0,1,1,1,1,0,0,1,0,0,1,2,-1,0,1,1,1,1,0,1,2,0,0,1,1,1,1,0,0,-1,0,-1,-1]",t^8+45t^6+185t^4+66t^2+1,"[-1,-1,-1,-1,0,1,1,2,-1,-1,-1,1,0,1,2,0,0,1,0,1,1,0,1,1,1,0,1,2,1,0,0,0,1,-1,0,0]","[-2,-1,-1,0,1,1,1,1,0,0,1,0,0,1,2,-1,0,1,1,1,1,0,1,2,0,0,1,1,1,1,0,0,-1,0,-1,-1]","[-1,-1,-1,-1,0,1,1,2,-1,0,0,0,0,1,3,1,1,0,2,1,1,0,0,1,1,3,0,2,1,2,1,1,1,1,1,1]",c,"[[{8, 1}, {2, 7}, {3, 6}, {4, 5}], [{8, 1}, {2, 7}, {4, 6}, {3, 5}], [{8, 1}, {2, 7}, {5, 6}, {3, 4}], [{8, 1}, {3, 7}, {2, 6}, {4, 5}], [{8, 1}, {3, 7}, {4, 6}, {2, 5}], [{8, 1}, {3, 7}, {5, 6}, {2, 4}], [{8, 1}, {4, 7}, {2, 6}, {3, 5}], [{8, 1}, {4, 7}, {3, 6}, {2, 5}], [{8, 1}, {4, 7}, {5, 6}, {2, 3}], [{8, 1}, {4, 7}, {5, 6}, {3}, {2}], [{8, 1}, {5, 7}, {2, 6}, {3, 4}], [{8, 1}, {5, 7}, {3, 6}, {2, 4}], [{8, 1}, {5, 7}, {4, 6}, {2, 3}], [{8, 1}, {5, 7}, {6}, {2, 4}, {3}], [{8, 1}, {5, 7}, {6}, {3, 4}, {2}], [{8, 1}, {5, 7}, {6}, {4}, {2, 3}], [{8, 1}, {6, 7}, {2, 5}, {3, 4}], [{8, 1}, {6, 7}, {3, 5}, {2, 4}], [{8, 1}, {6, 7}, {4, 5}, {2, 3}], [{8, 2}, {1, 7}, {3, 6}, {4, 5}], [{8, 2}, {1, 7}, {4, 6}, {3, 5}], [{8, 2}, {1, 7}, {5, 6}, {3, 4}], [{8, 2}, {3, 7}, {1, 6}, {4, 5}], [{8, 2}, {3, 7}, {4, 6}, {1, 5}], [{8, 2}, {3, 7}, {5, 6}, {1, 4}], [{8, 2}, {3, 7}, {6}, {5}, {1, 4}], [{8, 2}, {4, 7}, {1, 6}, {3, 5}], [{8, 2}, {4, 7}, {3, 6}, {1, 5}], [{8, 2}, {4, 7}, {5, 6}, {1, 3}], [{8, 2}, {5, 7}, {1, 6}, {3, 4}], [{8, 2}, {5, 7}, {3, 6}, {1, 4}], [{8, 2}, {5, 7}, {4, 6}, {1, 3}], [{8, 2}, {5, 7}, {6}, {1, 4}, {3}], [{8, 2}, {5, 7}, {6}, {3, 4}, {1}], [{8, 2}, {5, 7}, {6}, {4}, {1, 3}], [{8, 2}, {6, 7}, {1, 5}, {3, 4}], [{8, 2}, {6, 7}, {3, 5}, {1, 4}], [{8, 2}, {6, 7}, {4, 5}, {1, 3}], [{8, 2}, {6, 7}, {5}, {1, 4}, {3}], [{8, 2}, {7}, {1, 6}, {3, 5}, {4}], [{8, 2}, {7}, {3, 6}, {1, 5}, {4}], [{8, 2}, {7}, {3, 6}, {4, 5}, {1}], [{8, 2}, {7}, {3, 6}, {5}, {1, 4}], [{8, 2}, {7}, {4, 6}, {3, 5}, {1}], [{8, 2}, {7}, {5, 6}, {1, 4}, {3}], [{8, 2}, {7}, {6}, {3, 5}, {1, 4}], [{8, 2}, {7}, {6}, {5}, {1, 4}, {3}], [{8, 3}, {1, 7}, {2, 6}, {4, 5}], [{8, 3}, {1, 7}, {4, 6}, {2, 5}], [{8, 3}, {1, 7}, {5, 6}, {2, 4}], [{8, 3}, {2, 7}, {1, 6}, {4, 5}], [{8, 3}, {2, 7}, {4, 6}, {1, 5}], [{8, 3}, {2, 7}, {5, 6}, {1, 4}], [{8, 3}, {4, 7}, {1, 6}, {2, 5}], [{8, 3}, {4, 7}, {2, 6}, {1, 5}], [{8, 3}, {4, 7}, {5, 6}, {1, 2}], [{8, 3}, {5, 7}, {1, 6}, {2, 4}], [{8, 3}, {5, 7}, {1, 6}, {4}, {2}], [{8, 3}, {5, 7}, {2, 6}, {1, 4}], [{8, 3}, {5, 7}, {2, 6}, {4}, {1}], [{8, 3}, {5, 7}, {4, 6}, {1, 2}], [{8, 3}, {5, 7}, {4, 6}, {2}, {1}], [{8, 3}, {5, 7}, {6}, {1, 4}, {2}], [{8, 3}, {5, 7}, {6}, {2, 4}, {1}], [{8, 3}, {5, 7}, {6}, {4}, {1, 2}], [{8, 3}, {5, 7}, {6}, {4}, {2}, {1}], [{8, 3}, {6, 7}, {1, 5}, {2, 4}], [{8, 3}, {6, 7}, {2, 5}, {1, 4}], [{8, 3}, {6, 7}, {4, 5}, {1, 2}], [{8, 4}, {1, 7}, {2, 6}, {3, 5}], [{8, 4}, {1, 7}, {3, 6}, {2, 5}], [{8, 4}, {1, 7}, {5, 6}, {2, 3}], [{8, 4}, {1, 7}, {6}, {2, 5}, {3}], [{8, 4}, {1, 7}, {6}, {3, 5}, {2}], [{8, 4}, {1, 7}, {6}, {5}, {2, 3}], [{8, 4}, {2, 7}, {1, 6}, {3, 5}], [{8, 4}, {2, 7}, {3, 6}, {1, 5}], [{8, 4}, {2, 7}, {3, 6}, {5}, {1}], [{8, 4}, {2, 7}, {5, 6}, {1, 3}], [{8, 4}, {3, 7}, {1, 6}, {2, 5}], [{8, 4}, {3, 7}, {2, 6}, {1, 5}], [{8, 4}, {3, 7}, {2, 6}, {5}, {1}], [{8, 4}, {3, 7}, {5, 6}, {1, 2}], [{8, 4}, {5, 7}, {1, 6}, {2, 3}], [{8, 4}, {5, 7}, {2, 6}, {1, 3}], [{8, 4}, {5, 7}, {3, 6}, {1, 2}], [{8, 4}, {5, 7}, {6}, {1, 3}, {2}], [{8, 4}, {5, 7}, {6}, {2, 3}, {1}], [{8, 4}, {5, 7}, {6}, {3}, {1, 2}], [{8, 4}, {6, 7}, {1, 5}, {2, 3}], [{8, 4}, {6, 7}, {2, 5}, {1, 3}], [{8, 4}, {6, 7}, {3, 5}, {1, 2}], [{8, 4}, {6, 7}, {5}, {2, 3}, {1}], [{8, 4}, {7}, {1, 6}, {5}, {2, 3}], [{8, 4}, {7}, {5, 6}, {2, 3}, {1}], [{8, 4}, {7}, {6}, {1, 5}, {2, 3}], [{8, 4}, {7}, {6}, {5}, {2, 3}, {1}], [{8, 5}, {1, 7}, {2, 6}, {3, 4}], [{8, 5}, {1, 7}, {3, 6}, {2, 4}], [{8, 5}, {1, 7}, {3, 6}, {4}, {2}], [{8, 5}, {1, 7}, {4, 6}, {2, 3}], [{8, 5}, {2, 7}, {1, 6}, {3, 4}], [{8, 5}, {2, 7}, {3, 6}, {1, 4}], [{8, 5}, {2, 7}, {4, 6}, {1, 3}], [{8, 5}, {3, 7}, {1, 6}, {2, 4}], [{8, 5}, {3, 7}, {2, 6}, {1, 4}], [{8, 5}, {3, 7}, {4, 6}, {1, 2}], [{8, 5}, {4, 7}, {1, 6}, {2, 3}], [{8, 5}, {4, 7}, {2, 6}, {1, 3}], [{8, 5}, {4, 7}, {3, 6}, {1, 2}], [{8, 5}, {6, 7}, {1, 4}, {2, 3}], [{8, 5}, {6, 7}, {2, 4}, {1, 3}], [{8, 5}, {6, 7}, {3, 4}, {1, 2}], [{8, 6}, {1, 7}, {2, 5}, {3, 4}], [{8, 6}, {1, 7}, {3, 5}, {2, 4}], [{8, 6}, {1, 7}, {4, 5}, {2, 3}], [{8, 6}, {1, 7}, {5}, {2, 4}, {3}], [{8, 6}, {2, 7}, {1, 5}, {3, 4}], [{8, 6}, {2, 7}, {3, 5}, {1, 4}], [{8, 6}, {2, 7}, {4, 5}, {1, 3}], [{8, 6}, {2, 7}, {5}, {1, 4}, {3}], [{8, 6}, {3, 7}, {1, 5}, {2, 4}], [{8, 6}, {3, 7}, {2, 5}, {1, 4}], [{8, 6}, {3, 7}, {4, 5}, {1, 2}], [{8, 6}, {4, 7}, {1, 5}, {2, 3}], [{8, 6}, {4, 7}, {1, 5}, {3}, {2}], [{8, 6}, {4, 7}, {2, 5}, {1, 3}], [{8, 6}, {4, 7}, {3, 5}, {1, 2}], [{8, 6}, {4, 7}, {3, 5}, {2}, {1}], [{8, 6}, {4, 7}, {5}, {1, 3}, {2}], [{8, 6}, {5, 7}, {1, 4}, {2, 3}], [{8, 6}, {5, 7}, {2, 4}, {1, 3}], [{8, 6}, {5, 7}, {3, 4}, {1, 2}], [{8, 7}, {1, 6}, {2, 5}, {3, 4}], [{8, 7}, {1, 6}, {3, 5}, {2, 4}], [{8, 7}, {1, 6}, {4, 5}, {2, 3}], [{8, 7}, {1, 6}, {5}, {2, 4}, {3}], [{8, 7}, {2, 6}, {1, 5}, {3, 4}], [{8, 7}, {2, 6}, {1, 5}, {4}, {3}], [{8, 7}, {2, 6}, {3, 5}, {1, 4}], [{8, 7}, {2, 6}, {4, 5}, {1, 3}], [{8, 7}, {2, 6}, {4, 5}, {3}, {1}], [{8, 7}, {2, 6}, {5}, {1, 4}, {3}], [{8, 7}, {3, 6}, {1, 5}, {2, 4}], [{8, 7}, {3, 6}, {2, 5}, {1, 4}], [{8, 7}, {3, 6}, {2, 5}, {4}, {1}], [{8, 7}, {3, 6}, {4, 5}, {1, 2}], [{8, 7}, {4, 6}, {1, 5}, {2, 3}], [{8, 7}, {4, 6}, {1, 5}, {3}, {2}], [{8, 7}, {4, 6}, {2, 5}, {1, 3}], [{8, 7}, {4, 6}, {3, 5}, {1, 2}], [{8, 7}, {4, 6}, {3, 5}, {2}, {1}], [{8, 7}, {4, 6}, {5}, {1, 3}, {2}], [{8, 7}, {5, 6}, {1, 4}, {2, 3}], [{8, 7}, {5, 6}, {2, 4}, {1, 3}], [{8, 7}, {5, 6}, {2, 4}, {3}, {1}], [{8, 7}, {5, 6}, {3, 4}, {1, 2}], [{8, 7}, {5, 6}, {3, 4}, {2}, {1}], [{8, 7}, {5, 6}, {4}, {2, 3}, {1}], [{8, 7}, {6}, {1, 5}, {2, 4}, {3}], [{8}, {1, 7}, {2, 6}, {3, 5}, {4}], [{8}, {2, 7}, {4, 6}, {3, 5}, {1}], [{8}, {2, 7}, {6}, {4, 5}, {1, 3}], [{8}, {3, 7}, {4, 6}, {2, 5}, {1}], [{8}, {4, 7}, {5, 6}, {2, 3}, {1}], [{8}, {5, 7}, {6}, {1, 4}, {2, 3}], [{8}, {5, 7}, {6}, {2, 4}, {1, 3}], [{8}, {5, 7}, {6}, {3, 4}, {1, 2}]]",2,8 K_1^3 - 2 K_1^2 - 8 K_1 K_2 - 2 K_1 + K_2 + 2 K_3 + 2,O1O2O3O4U5U4U3O6O7U1O5U2U6O8U7U8,O1O2O3U2U1U4U5O6O7U6O8O4U3O5U7U8,O1O2O3U4U5O6U1O7O4U8O5O8U6U7U3U2,c,"{'O1O2O3O4U5U6U7O6U3O8U4O7O5U2U1U8', 'O1O2O3O4U5U6O5U7U3O8U4O6O7U2U1U8'}",2,"<a href=""/flatknot/8.857952"">8.857952</a>",t^9-43t^7-84t^6+110t^5+230t^4+10t^3-110t^2-40t+2,-t^2+2t,,
8.857953,O1O2O3O4U5U6O5U7U3O8U4O6O7U8U1U2,3,9z^2+40z+45,9w^3z^2+40w^2z+45w,False,False,"[[ 0 -1  1  1  2 -1 -1  0 -1],[ 1  0  1  1  2  0  0  1 -1],[-1 -1  0  1  2 -2 -2 -1 -1],[-1 -1 -1  0  1 -1 -1 -1 -1],[-2 -2 -2 -1  0 -2 -1 -1 -1],[ 1  0  2  1  2  0 -1  0  0],[ 1  0  2  1  1  1  0  0  0],[ 0 -1  1  1  1  0  0  0 -1],[ 1  1  1  1  1  0  0  1  0]]","[[ 0  2  1  1  0 -1 -1 -1 -1],[-2  0 -1 -2 -1 -1 -1 -2 -2],[-1  1  0 -1 -1 -1 -1 -1 -1],[-1  2  1  0 -1 -1 -2 -1 -2],[ 0  1  1  1  0 -1  0 -1  0],[ 1  1  1  1  1  0  0  1  0],[ 1  1  1  2  0  0  0  0  1],[ 1  2  1  1  1 -1  0  0  0],[ 1  2  1  2  0  0 -1  0  0]]",True,"[-2,-1,-1,0,1,1,1,1,1,2,1,1,1,2,2,1,1,1,1,1,1,1,1,2,1,2,1,0,1,0,0,-1,0,0,-1,0]","[-2,-1,-1,0,1,1,1,1,-1,0,1,1,1,2,2,1,0,0,1,0,1,0,1,1,1,1,1,0,1,0,0,-1,0,0,-1,0]",t^8+37t^6+115t^4+47t^2,"[-1,-1,-1,-1,0,1,1,2,-1,0,0,0,1,1,2,0,0,0,1,1,1,-1,1,0,1,2,1,0,1,1,0,0,1,-1,-1,0]","[-2,-1,-1,0,1,1,1,1,-1,0,1,1,1,2,2,1,0,0,1,0,1,0,1,1,1,1,1,0,1,0,0,-1,0,0,-1,0]","[-1,-1,-1,-1,0,1,1,2,-1,0,0,0,1,2,2,0,0,0,1,2,1,-1,1,1,1,2,1,1,1,1,1,1,1,-1,1,2]",c,"[[{8, 3}, {4, 7}, {5, 6}, {1, 2}], [{8, 3}, {5, 7}, {4, 6}, {1, 2}], [{8, 3}, {5, 7}, {6}, {4}, {1, 2}], [{8, 3}, {6, 7}, {4, 5}, {1, 2}], [{8, 4}, {5, 7}, {3, 6}, {1, 2}], [{8, 4}, {5, 7}, {6}, {3}, {1, 2}], [{8, 5}, {4, 7}, {1, 6}, {2, 3}], [{8, 5}, {4, 7}, {3, 6}, {1, 2}], [{8, 6}, {1, 7}, {2, 5}, {3, 4}], [{8, 6}, {1, 7}, {2, 5}, {4}, {3}], [{8, 6}, {5, 7}, {3, 4}, {1, 2}], [{8, 6}, {5, 7}, {4}, {3}, {1, 2}], [{8, 7}, {3, 6}, {4, 5}, {1, 2}], [{8}, {5, 7}, {3, 6}, {4}, {1, 2}], [{8}, {5, 7}, {4, 6}, {3}, {1, 2}], [{8}, {5, 7}, {6}, {3, 4}, {1, 2}], [{8}, {5, 7}, {6}, {4}, {3}, {1, 2}]]",1,4 K_1^3 - 14 K_1^2 - 4 K_1 K_2 - K_1 + 7 K_2 + K_3 + 8,O1O2O3O4U3U4U5O6O7U1O5U2U6O8U7U8,O1O2O3U2U3U4U5O6O7U6O8O4U1O5U7U8,O1O2O3U4U5O6U3O7O4U8O5O8U6U7U1U2,c,"{'O1O2O3O4U5U6U7O6U3O8U4O7O5U8U1U2', 'O1O2O3U4O5U6U7O6U3U5O8O7U8O4U1U2', 'O1O2O3O4U5U6O5U7U3O8U4O6O7U8U1U2'}",3,"<a href=""/flatknot/8.857953"">8.857953</a>",t^9-35t^7-100t^6-10t^5+262t^4+322t^3+116t^2,-t^2+2t,,
8.857954,O1O2O3O4U5U6O5U7U4O8U1O6O7U2U8U3,4,2z^3+19z^2+66z+73,2w^4z^3+19w^3z^2+66w^2z+73w,False,False,"[[ 0 -1 -1  2  2 -1 -1  0  0],[ 1  0 -1  1  0  1  1  1  0],[ 1  1  0  2  2  0  0  1 -1],[-2 -1 -2  0  2 -3 -2 -1 -2],[-2  0 -2 -2  0 -2 -1 -1 -2],[ 1 -1  0  3  2  0 -1  0  1],[ 1 -1  0  2  1  1  0  0  1],[ 0 -1 -1  1  1  0  0  0  0],[ 0  0  1  2  2 -1 -1  0  0]]","[[ 0  2  2  0  0 -1 -1 -1 -1],[-2  0  2 -1 -2 -1 -2 -2 -3],[-2 -2  0 -1 -2  0 -1 -2 -2],[ 0  1  1  0  0 -1  0 -1  0],[ 0  2  2  0  0  0 -1  1 -1],[ 1  1  0  1  0  0  1 -1  1],[ 1  2  1  0  1 -1  0  0  1],[ 1  2  2  1 -1  1  0  0  0],[ 1  3  2  0  1 -1 -1  0  0]]",True,"[-2,-2,0,0,1,1,1,1,-2,1,2,1,2,2,3,1,2,0,1,2,2,0,1,0,1,0,0,1,-1,1,-1,1,-1,0,-1,0]","[-2,-2,0,0,1,1,1,1,-2,0,1,1,1,2,3,0,1,0,1,1,2,0,0,2,0,1,1,0,1,0,0,-1,-1,0,1,-1]",t^8+50t^6+307t^4+74t^2+1,"[-1,-1,-1,-1,0,0,2,2,-1,-1,1,0,1,2,3,-1,0,1,0,1,2,0,1,0,0,1,0,2,1,1,0,1,1,0,0,-2]","[-2,-2,0,0,1,1,1,1,-2,0,1,1,1,2,3,0,1,0,1,1,2,0,0,2,0,1,1,0,1,0,0,-1,-1,0,1,-1]","[-1,-1,-1,-1,0,0,2,2,-1,-1,0,0,1,2,3,-1,0,0,1,1,2,-1,1,0,0,1,1,-1,2,2,0,1,1,2,2,-2]",c,"[[{8, 1}, {2, 7}, {3, 6}, {4, 5}], [{8, 1}, {2, 7}, {3, 6}, {5}, {4}], [{8, 1}, {2, 7}, {4, 6}, {3, 5}], [{8, 1}, {2, 7}, {5, 6}, {3, 4}], [{8, 1}, {2, 7}, {6}, {4, 5}, {3}], [{8, 1}, {3, 7}, {2, 6}, {4, 5}], [{8, 1}, {3, 7}, {2, 6}, {5}, {4}], [{8, 1}, {3, 7}, {4, 6}, {2, 5}], [{8, 1}, {3, 7}, {5, 6}, {2, 4}], [{8, 1}, {3, 7}, {6}, {4, 5}, {2}], [{8, 1}, {4, 7}, {2, 6}, {3, 5}], [{8, 1}, {4, 7}, {3, 6}, {2, 5}], [{8, 1}, {4, 7}, {5, 6}, {2, 3}], [{8, 1}, {4, 7}, {6}, {5}, {2, 3}], [{8, 1}, {5, 7}, {2, 6}, {3, 4}], [{8, 1}, {5, 7}, {3, 6}, {2, 4}], [{8, 1}, {5, 7}, {4, 6}, {2, 3}], [{8, 1}, {5, 7}, {6}, {2, 4}, {3}], [{8, 1}, {5, 7}, {6}, {3, 4}, {2}], [{8, 1}, {5, 7}, {6}, {4}, {2, 3}], [{8, 1}, {6, 7}, {2, 5}, {3, 4}], [{8, 1}, {6, 7}, {3, 5}, {2, 4}], [{8, 1}, {6, 7}, {4, 5}, {2, 3}], [{8, 1}, {6, 7}, {4, 5}, {3}, {2}], [{8, 1}, {6, 7}, {5}, {4}, {2, 3}], [{8, 1}, {7}, {2, 6}, {4, 5}, {3}], [{8, 1}, {7}, {3, 6}, {4, 5}, {2}], [{8, 1}, {7}, {4, 6}, {2, 5}, {3}], [{8, 1}, {7}, {4, 6}, {3, 5}, {2}], [{8, 1}, {7}, {4, 6}, {5}, {2, 3}], [{8, 1}, {7}, {5, 6}, {4}, {2, 3}], [{8, 1}, {7}, {6}, {4, 5}, {2, 3}], [{8, 1}, {7}, {6}, {5}, {4}, {2, 3}], [{8, 2}, {1, 7}, {3, 6}, {4, 5}], [{8, 2}, {1, 7}, {4, 6}, {3, 5}], [{8, 2}, {1, 7}, {5, 6}, {3, 4}], [{8, 2}, {3, 7}, {1, 6}, {4, 5}], [{8, 2}, {3, 7}, {4, 6}, {1, 5}], [{8, 2}, {3, 7}, {5, 6}, {1, 4}], [{8, 2}, {4, 7}, {1, 6}, {3, 5}], [{8, 2}, {4, 7}, {3, 6}, {1, 5}], [{8, 2}, {4, 7}, {5, 6}, {1, 3}], [{8, 2}, {5, 7}, {1, 6}, {3, 4}], [{8, 2}, {5, 7}, {3, 6}, {1, 4}], [{8, 2}, {5, 7}, {4, 6}, {1, 3}], [{8, 2}, {5, 7}, {6}, {1, 4}, {3}], [{8, 2}, {5, 7}, {6}, {3, 4}, {1}], [{8, 2}, {5, 7}, {6}, {4}, {1, 3}], [{8, 2}, {6, 7}, {1, 5}, {3, 4}], [{8, 2}, {6, 7}, {1, 5}, {4}, {3}], [{8, 2}, {6, 7}, {3, 5}, {1, 4}], [{8, 2}, {6, 7}, {4, 5}, {1, 3}], [{8, 2}, {7}, {3, 6}, {4, 5}, {1}], [{8, 2}, {7}, {4, 6}, {3, 5}, {1}], [{8, 3}, {1, 7}, {2, 6}, {4, 5}], [{8, 3}, {1, 7}, {4, 6}, {2, 5}], [{8, 3}, {1, 7}, {5, 6}, {2, 4}], [{8, 3}, {2, 7}, {1, 6}, {4, 5}], [{8, 3}, {2, 7}, {4, 6}, {1, 5}], [{8, 3}, {2, 7}, {5, 6}, {1, 4}], [{8, 3}, {2, 7}, {5, 6}, {4}, {1}], [{8, 3}, {4, 7}, {1, 6}, {2, 5}], [{8, 3}, {4, 7}, {2, 6}, {1, 5}], [{8, 3}, {4, 7}, {5, 6}, {1, 2}], [{8, 3}, {5, 7}, {1, 6}, {2, 4}], [{8, 3}, {5, 7}, {2, 6}, {1, 4}], [{8, 3}, {5, 7}, {4, 6}, {1, 2}], [{8, 3}, {5, 7}, {6}, {1, 4}, {2}], [{8, 3}, {5, 7}, {6}, {2, 4}, {1}], [{8, 3}, {5, 7}, {6}, {4}, {1, 2}], [{8, 3}, {6, 7}, {1, 5}, {2, 4}], [{8, 3}, {6, 7}, {2, 5}, {1, 4}], [{8, 3}, {6, 7}, {4, 5}, {1, 2}], [{8, 3}, {7}, {1, 6}, {2, 5}, {4}], [{8, 3}, {7}, {2, 6}, {1, 5}, {4}], [{8, 4}, {1, 7}, {2, 6}, {3, 5}], [{8, 4}, {1, 7}, {3, 6}, {2, 5}], [{8, 4}, {1, 7}, {5, 6}, {2, 3}], [{8, 4}, {1, 7}, {6}, {5}, {2, 3}], [{8, 4}, {2, 7}, {1, 6}, {3, 5}], [{8, 4}, {2, 7}, {3, 6}, {1, 5}], [{8, 4}, {2, 7}, {5, 6}, {1, 3}], [{8, 4}, {2, 7}, {5, 6}, {3}, {1}], [{8, 4}, {3, 7}, {1, 6}, {2, 5}], [{8, 4}, {3, 7}, {2, 6}, {1, 5}], [{8, 4}, {3, 7}, {5, 6}, {1, 2}], [{8, 4}, {3, 7}, {5, 6}, {2}, {1}], [{8, 4}, {5, 7}, {1, 6}, {2, 3}], [{8, 4}, {5, 7}, {2, 6}, {1, 3}], [{8, 4}, {5, 7}, {3, 6}, {1, 2}], [{8, 4}, {5, 7}, {6}, {1, 3}, {2}], [{8, 4}, {5, 7}, {6}, {2, 3}, {1}], [{8, 4}, {5, 7}, {6}, {3}, {1, 2}], [{8, 4}, {6, 7}, {1, 5}, {2, 3}], [{8, 4}, {6, 7}, {2, 5}, {1, 3}], [{8, 4}, {6, 7}, {3, 5}, {1, 2}], [{8, 4}, {6, 7}, {5}, {2, 3}, {1}], [{8, 4}, {7}, {1, 6}, {2, 5}, {3}], [{8, 4}, {7}, {1, 6}, {3, 5}, {2}], [{8, 4}, {7}, {1, 6}, {5}, {2, 3}], [{8, 4}, {7}, {2, 6}, {1, 5}, {3}], [{8, 4}, {7}, {3, 6}, {1, 5}, {2}], [{8, 4}, {7}, {5, 6}, {2, 3}, {1}], [{8, 4}, {7}, {6}, {1, 5}, {2, 3}], [{8, 4}, {7}, {6}, {5}, {2, 3}, {1}], [{8, 5}, {1, 7}, {2, 6}, {3, 4}], [{8, 5}, {1, 7}, {3, 6}, {2, 4}], [{8, 5}, {1, 7}, {4, 6}, {2, 3}], [{8, 5}, {2, 7}, {1, 6}, {3, 4}], [{8, 5}, {2, 7}, {3, 6}, {1, 4}], [{8, 5}, {2, 7}, {3, 6}, {4}, {1}], [{8, 5}, {2, 7}, {4, 6}, {1, 3}], [{8, 5}, {3, 7}, {1, 6}, {2, 4}], [{8, 5}, {3, 7}, {2, 6}, {1, 4}], [{8, 5}, {3, 7}, {4, 6}, {1, 2}], [{8, 5}, {4, 7}, {1, 6}, {2, 3}], [{8, 5}, {4, 7}, {2, 6}, {1, 3}], [{8, 5}, {4, 7}, {3, 6}, {1, 2}], [{8, 5}, {6, 7}, {1, 4}, {2, 3}], [{8, 5}, {6, 7}, {2, 4}, {1, 3}], [{8, 5}, {6, 7}, {3, 4}, {1, 2}], [{8, 5}, {6, 7}, {4}, {1, 3}, {2}], [{8, 5}, {7}, {2, 6}, {1, 4}, {3}], [{8, 5}, {7}, {3, 6}, {1, 4}, {2}], [{8, 5}, {7}, {6}, {1, 4}, {2, 3}], [{8, 5}, {7}, {6}, {2, 4}, {1, 3}], [{8, 6}, {1, 7}, {2, 5}, {3, 4}], [{8, 6}, {1, 7}, {2, 5}, {4}, {3}], [{8, 6}, {1, 7}, {3, 5}, {2, 4}], [{8, 6}, {1, 7}, {4, 5}, {2, 3}], [{8, 6}, {2, 7}, {1, 5}, {3, 4}], [{8, 6}, {2, 7}, {3, 5}, {1, 4}], [{8, 6}, {2, 7}, {4, 5}, {1, 3}], [{8, 6}, {2, 7}, {4, 5}, {3}, {1}], [{8, 6}, {2, 7}, {5}, {4}, {1, 3}], [{8, 6}, {3, 7}, {1, 5}, {2, 4}], [{8, 6}, {3, 7}, {2, 5}, {1, 4}], [{8, 6}, {3, 7}, {4, 5}, {1, 2}], [{8, 6}, {4, 7}, {1, 5}, {2, 3}], [{8, 6}, {4, 7}, {2, 5}, {1, 3}], [{8, 6}, {4, 7}, {2, 5}, {3}, {1}], [{8, 6}, {4, 7}, {3, 5}, {1, 2}], [{8, 6}, {4, 7}, {5}, {1, 3}, {2}], [{8, 6}, {5, 7}, {1, 4}, {2, 3}], [{8, 6}, {5, 7}, {2, 4}, {1, 3}], [{8, 6}, {5, 7}, {3, 4}, {1, 2}], [{8, 6}, {5, 7}, {4}, {3}, {1, 2}], [{8, 6}, {7}, {2, 5}, {1, 4}, {3}], [{8, 6}, {7}, {3, 5}, {1, 4}, {2}], [{8, 6}, {7}, {5}, {1, 4}, {2, 3}], [{8, 6}, {7}, {5}, {2, 4}, {1, 3}], [{8, 7}, {1, 6}, {2, 5}, {3, 4}], [{8, 7}, {1, 6}, {3, 5}, {2, 4}], [{8, 7}, {1, 6}, {4, 5}, {2, 3}], [{8, 7}, {2, 6}, {1, 5}, {3, 4}], [{8, 7}, {2, 6}, {3, 5}, {1, 4}], [{8, 7}, {2, 6}, {4, 5}, {1, 3}], [{8, 7}, {2, 6}, {4, 5}, {3}, {1}], [{8, 7}, {2, 6}, {5}, {4}, {1, 3}], [{8, 7}, {3, 6}, {1, 5}, {2, 4}], [{8, 7}, {3, 6}, {2, 5}, {1, 4}], [{8, 7}, {3, 6}, {4, 5}, {1, 2}], [{8, 7}, {4, 6}, {1, 5}, {2, 3}], [{8, 7}, {4, 6}, {2, 5}, {1, 3}], [{8, 7}, {4, 6}, {3, 5}, {1, 2}], [{8, 7}, {4, 6}, {5}, {1, 3}, {2}], [{8, 7}, {5, 6}, {1, 4}, {2, 3}], [{8, 7}, {5, 6}, {2, 4}, {1, 3}], [{8, 7}, {5, 6}, {3, 4}, {1, 2}], [{8, 7}, {6}, {5}, {1, 4}, {2, 3}], [{8, 7}, {6}, {5}, {2, 4}, {1, 3}], [{8}, {1, 7}, {2, 6}, {4, 5}, {3}], [{8}, {2, 7}, {1, 6}, {4, 5}, {3}], [{8}, {2, 7}, {3, 6}, {1, 5}, {4}], [{8}, {2, 7}, {5, 6}, {3, 4}, {1}], [{8}, {3, 7}, {4, 6}, {1, 5}, {2}], [{8}, {3, 7}, {4, 6}, {2, 5}, {1}], [{8}, {3, 7}, {4, 6}, {5}, {1, 2}], [{8}, {4, 7}, {2, 6}, {3, 5}, {1}], [{8}, {4, 7}, {3, 6}, {5}, {1, 2}], [{8}, {5, 7}, {3, 6}, {4}, {1, 2}], [{8}, {5, 7}, {4, 6}, {3}, {1, 2}], [{8}, {5, 7}, {6}, {1, 4}, {2, 3}], [{8}, {5, 7}, {6}, {2, 4}, {1, 3}], [{8}, {5, 7}, {6}, {3, 4}, {1, 2}], [{8}, {5, 7}, {6}, {4}, {3}, {1, 2}], [{8}, {6, 7}, {5}, {1, 4}, {2, 3}], [{8}, {6, 7}, {5}, {2, 4}, {1, 3}], [{8}, {7}, {1, 6}, {2, 5}, {3, 4}], [{8}, {7}, {2, 6}, {1, 5}, {3, 4}], [{8}, {7}, {3, 6}, {4, 5}, {1, 2}], [{8}, {7}, {4, 6}, {3, 5}, {1, 2}], [{8}, {7}, {5, 6}, {1, 4}, {2, 3}], [{8}, {7}, {5, 6}, {2, 4}, {1, 3}], [{8}, {7}, {6}, {5}, {1, 4}, {2, 3}], [{8}, {7}, {6}, {5}, {2, 4}, {1, 3}]]",2,- 8 K_1^2 - 8 K_1 K_2 + 4 K_1 + 4 K_2 + 4 K_3 + 5,O1O2O3O4U2U5U3O6O7U4O5U1U6O8U7U8,O1O2O3U4U1U3U5O6O7U6O8O5U2O4U7U8,O1O2O3U4U5O6U2O7O4U8O5O8U7U1U3U6,c,"{'O1O2O3O4U5U6O5U7U4O8U1O6O7U2U8U3', 'O1O2O3O4U5U6U7O6U4O8U1O7O5U2U8U3'}",2,"<a href=""/flatknot/8.857954"">8.857954</a>",t^9-46t^7-154t^6-53t^5+386t^4+429t^3-148t^2-364t-126,-2t^2+4t,,
8.857955,O1O2O3O4U5U6O5U7U4O8U1O6O7U3U8U2,3,8z^2+51z+71,-2w^4z^2+10w^3z^2-8w^3z+59w^2z+71w,False,False,"[[ 0 -1  1  0  2 -1 -1  0  0],[ 1  0  1 -1  0  1  1  1  0],[-1 -1  0 -1  2 -2 -1  0 -1],[ 0  1  1  0  2 -1 -1  0 -1],[-2  0 -2 -2  0 -2 -1 -1 -2],[ 1 -1  2  1  2  0 -1  0  1],[ 1 -1  1  1  1  1  0  0  1],[ 0 -1  0  0  1  0  0  0  0],[ 0  0  1  1  2 -1 -1  0  0]]","[[ 0  2  1  0  0  0 -1 -1 -1],[-2  0 -2 -1 -2 -2  0 -1 -2],[-1  2  0  0 -1 -1 -1 -1 -2],[ 0  1  0  0  0  0 -1  0  0],[ 0  2  1  0  0  1  0 -1 -1],[ 0  2  1  0 -1  0  1 -1 -1],[ 1  0  1  1  0 -1  0  1  1],[ 1  1  1  0  1  1 -1  0  1],[ 1  2  2  0  1  1 -1 -1  0]]",True,"[-2,-1,0,0,0,1,1,1,2,1,2,2,0,1,2,0,1,1,1,1,2,0,0,1,0,0,-1,0,1,1,-1,1,1,-1,-1,-1]","[-2,-1,0,0,0,1,1,1,-1,0,0,1,1,2,3,0,0,1,0,1,1,-1,0,0,0,2,0,0,0,1,1,1,0,-1,-1,-1]",t^8+36t^6+165t^4+79t^2,"[-1,-1,-1,0,0,0,1,2,-1,-1,0,1,2,1,3,-1,1,0,0,1,2,1,0,0,0,1,0,0,1,1,-1,0,0,0,0,-1]","[-2,-1,0,0,0,1,1,1,-1,0,0,1,1,2,3,0,0,1,0,1,1,-1,0,0,0,2,0,0,0,1,1,1,0,-1,-1,-1]","[-1,-1,-1,0,0,0,1,2,-1,-1,0,1,1,2,2,-1,0,1,1,1,1,1,-1,0,1,0,0,0,0,1,-1,1,2,1,2,2]",c,"[[{8, 1}, {4, 7}, {3, 6}, {2, 5}], [{8, 4}, {6, 7}, {2, 5}, {1, 3}]]",1,12 K_1^3 - 18 K_1^2 - 12 K_1 K_2 - 3 K_1 + 9 K_2 + 3 K_3 + 10,O1O2O3O4U3U5U2O6O7U4O5U1U6O8U7U8,O1O2O3U4U3U1U5O6O7U6O8O5U2O4U7U8,O1O2O3U4U5O6U2O7O4U8O5O8U7U3U1U6,c,"{'O1O2O3O4U5U6U7O6U4O8U1O7O5U3U8U2', 'O1O2O3O4U5U6O5U7U4O8U1O6O7U3U8U2'}",2,"<a href=""/flatknot/8.857955"">8.857955</a>",t^9-34t^7-110t^6-86t^5+112t^4+218t^3+98t^2-12t-16,-t^2+2t,,
8.857956,O1O2O3O4U5U6O5U7U4O8U1O6O7U8U2U3,4,3z^3+25z^2+69z+63,3w^4z^3+25w^3z^2+69w^2z+63w,False,False,"[[ 0 -1  0  2  2 -1 -1  0 -1],[ 1  0  0  1  0  1  1  1 -1],[ 0  0  0  1  2 -1  0  1 -2],[-2 -1 -1  0  2 -3 -2 -1 -2],[-2  0 -2 -2  0 -2 -1 -1 -2],[ 1 -1  1  3  2  0 -1  0  0],[ 1 -1  0  2  1  1  0  0  0],[ 0 -1 -1  1  1  0  0  0 -1],[ 1  1  2  2  2  0  0  1  0]]","[[ 0  2  2  0  0 -1 -1 -1 -1],[-2  0  2 -1 -1 -1 -2 -2 -3],[-2 -2  0 -1 -2  0 -1 -2 -2],[ 0  1  1  0 -1 -1  0 -1  0],[ 0  1  2  1  0  0  0 -2 -1],[ 1  1  0  1  0  0  1 -1  1],[ 1  2  1  0  0 -1  0  0  1],[ 1  2  2  1  2  1  0  0  0],[ 1  3  2  0  1 -1 -1  0  0]]",True,"[-2,-2,0,0,1,1,1,1,-2,1,1,1,2,2,3,1,2,0,1,2,2,1,1,0,1,0,0,0,2,1,-1,1,-1,0,-1,0]","[-2,-2,0,0,1,1,1,1,-2,0,1,1,1,2,3,1,1,0,1,1,2,1,0,-1,1,1,1,0,1,0,0,-1,-1,0,1,-1]",t^8+50t^6+335t^4+97t^2+1,"[-1,-1,-1,-1,0,0,2,2,-1,-1,1,0,1,2,3,-1,0,1,1,1,2,0,1,0,0,1,0,-1,1,1,1,1,1,1,0,-2]","[-2,-2,0,0,1,1,1,1,-2,0,1,1,1,2,3,1,1,0,1,1,2,1,0,-1,1,1,1,0,1,0,0,-1,-1,0,1,-1]","[-1,-1,-1,-1,0,0,2,2,-1,-1,0,0,1,2,3,-1,0,0,0,1,2,-1,1,0,0,1,1,2,2,2,-1,1,1,2,1,-2]",c,"[[{8, 1}, {2, 7}, {3, 6}, {4, 5}], [{8, 1}, {2, 7}, {4, 6}, {3, 5}], [{8, 1}, {2, 7}, {4, 6}, {5}, {3}], [{8, 1}, {2, 7}, {5, 6}, {3, 4}], [{8, 1}, {3, 7}, {2, 6}, {4, 5}], [{8, 1}, {3, 7}, {4, 6}, {2, 5}], [{8, 1}, {3, 7}, {5, 6}, {2, 4}], [{8, 1}, {3, 7}, {5, 6}, {4}, {2}], [{8, 1}, {4, 7}, {2, 6}, {3, 5}], [{8, 1}, {4, 7}, {2, 6}, {5}, {3}], [{8, 1}, {4, 7}, {3, 6}, {2, 5}], [{8, 1}, {4, 7}, {5, 6}, {2, 3}], [{8, 1}, {5, 7}, {2, 6}, {3, 4}], [{8, 1}, {5, 7}, {2, 6}, {4}, {3}], [{8, 1}, {5, 7}, {3, 6}, {2, 4}], [{8, 1}, {5, 7}, {3, 6}, {4}, {2}], [{8, 1}, {5, 7}, {4, 6}, {2, 3}], [{8, 1}, {5, 7}, {4, 6}, {3}, {2}], [{8, 1}, {5, 7}, {6}, {2, 4}, {3}], [{8, 1}, {5, 7}, {6}, {3, 4}, {2}], [{8, 1}, {5, 7}, {6}, {4}, {2, 3}], [{8, 1}, {5, 7}, {6}, {4}, {3}, {2}], [{8, 1}, {6, 7}, {2, 5}, {3, 4}], [{8, 1}, {6, 7}, {3, 5}, {2, 4}], [{8, 1}, {6, 7}, {3, 5}, {4}, {2}], [{8, 1}, {6, 7}, {4, 5}, {2, 3}], [{8, 1}, {7}, {2, 6}, {4, 5}, {3}], [{8, 1}, {7}, {4, 6}, {2, 5}, {3}], [{8, 2}, {1, 7}, {3, 6}, {4, 5}], [{8, 2}, {1, 7}, {4, 6}, {3, 5}], [{8, 2}, {1, 7}, {5, 6}, {3, 4}], [{8, 2}, {3, 7}, {1, 6}, {4, 5}], [{8, 2}, {3, 7}, {4, 6}, {1, 5}], [{8, 2}, {3, 7}, {5, 6}, {1, 4}], [{8, 2}, {4, 7}, {1, 6}, {3, 5}], [{8, 2}, {4, 7}, {3, 6}, {1, 5}], [{8, 2}, {4, 7}, {5, 6}, {1, 3}], [{8, 2}, {4, 7}, {5, 6}, {3}, {1}], [{8, 2}, {5, 7}, {1, 6}, {3, 4}], [{8, 2}, {5, 7}, {3, 6}, {1, 4}], [{8, 2}, {5, 7}, {4, 6}, {1, 3}], [{8, 2}, {5, 7}, {6}, {1, 4}, {3}], [{8, 2}, {5, 7}, {6}, {3, 4}, {1}], [{8, 2}, {5, 7}, {6}, {4}, {1, 3}], [{8, 2}, {6, 7}, {1, 5}, {3, 4}], [{8, 2}, {6, 7}, {1, 5}, {4}, {3}], [{8, 2}, {6, 7}, {3, 5}, {1, 4}], [{8, 2}, {6, 7}, {4, 5}, {1, 3}], [{8, 2}, {7}, {3, 6}, {4, 5}, {1}], [{8, 2}, {7}, {4, 6}, {3, 5}, {1}], [{8, 3}, {1, 7}, {2, 6}, {4, 5}], [{8, 3}, {1, 7}, {2, 6}, {5}, {4}], [{8, 3}, {1, 7}, {4, 6}, {2, 5}], [{8, 3}, {1, 7}, {5, 6}, {2, 4}], [{8, 3}, {2, 7}, {1, 6}, {4, 5}], [{8, 3}, {2, 7}, {1, 6}, {5}, {4}], [{8, 3}, {2, 7}, {4, 6}, {1, 5}], [{8, 3}, {2, 7}, {5, 6}, {1, 4}], [{8, 3}, {4, 7}, {1, 6}, {2, 5}], [{8, 3}, {4, 7}, {2, 6}, {1, 5}], [{8, 3}, {4, 7}, {5, 6}, {1, 2}], [{8, 3}, {5, 7}, {1, 6}, {2, 4}], [{8, 3}, {5, 7}, {2, 6}, {1, 4}], [{8, 3}, {5, 7}, {4, 6}, {1, 2}], [{8, 3}, {5, 7}, {6}, {1, 4}, {2}], [{8, 3}, {5, 7}, {6}, {2, 4}, {1}], [{8, 3}, {5, 7}, {6}, {4}, {1, 2}], [{8, 3}, {6, 7}, {1, 5}, {2, 4}], [{8, 3}, {6, 7}, {2, 5}, {1, 4}], [{8, 3}, {6, 7}, {4, 5}, {1, 2}], [{8, 4}, {1, 7}, {2, 6}, {3, 5}], [{8, 4}, {1, 7}, {2, 6}, {5}, {3}], [{8, 4}, {1, 7}, {3, 6}, {2, 5}], [{8, 4}, {1, 7}, {3, 6}, {5}, {2}], [{8, 4}, {1, 7}, {5, 6}, {2, 3}], [{8, 4}, {1, 7}, {5, 6}, {3}, {2}], [{8, 4}, {1, 7}, {6}, {2, 5}, {3}], [{8, 4}, {1, 7}, {6}, {3, 5}, {2}], [{8, 4}, {1, 7}, {6}, {5}, {2, 3}], [{8, 4}, {2, 7}, {1, 6}, {3, 5}], [{8, 4}, {2, 7}, {1, 6}, {5}, {3}], [{8, 4}, {2, 7}, {3, 6}, {1, 5}], [{8, 4}, {2, 7}, {5, 6}, {1, 3}], [{8, 4}, {3, 7}, {1, 6}, {2, 5}], [{8, 4}, {3, 7}, {1, 6}, {5}, {2}], [{8, 4}, {3, 7}, {2, 6}, {1, 5}], [{8, 4}, {3, 7}, {5, 6}, {1, 2}], [{8, 4}, {5, 7}, {1, 6}, {2, 3}], [{8, 4}, {5, 7}, {2, 6}, {1, 3}], [{8, 4}, {5, 7}, {3, 6}, {1, 2}], [{8, 4}, {5, 7}, {6}, {1, 3}, {2}], [{8, 4}, {5, 7}, {6}, {2, 3}, {1}], [{8, 4}, {5, 7}, {6}, {3}, {1, 2}], [{8, 4}, {6, 7}, {1, 5}, {2, 3}], [{8, 4}, {6, 7}, {2, 5}, {1, 3}], [{8, 4}, {6, 7}, {3, 5}, {1, 2}], [{8, 4}, {6, 7}, {5}, {2, 3}, {1}], [{8, 4}, {7}, {1, 6}, {5}, {2, 3}], [{8, 4}, {7}, {2, 6}, {3, 5}, {1}], [{8, 4}, {7}, {3, 6}, {2, 5}, {1}], [{8, 4}, {7}, {5, 6}, {2, 3}, {1}], [{8, 4}, {7}, {6}, {1, 5}, {2, 3}], [{8, 4}, {7}, {6}, {5}, {2, 3}, {1}], [{8, 5}, {1, 7}, {2, 6}, {3, 4}], [{8, 5}, {1, 7}, {3, 6}, {2, 4}], [{8, 5}, {1, 7}, {4, 6}, {2, 3}], [{8, 5}, {2, 7}, {1, 6}, {3, 4}], [{8, 5}, {2, 7}, {1, 6}, {4}, {3}], [{8, 5}, {2, 7}, {3, 6}, {1, 4}], [{8, 5}, {2, 7}, {4, 6}, {1, 3}], [{8, 5}, {3, 7}, {1, 6}, {2, 4}], [{8, 5}, {3, 7}, {2, 6}, {1, 4}], [{8, 5}, {3, 7}, {4, 6}, {1, 2}], [{8, 5}, {4, 7}, {1, 6}, {2, 3}], [{8, 5}, {4, 7}, {2, 6}, {1, 3}], [{8, 5}, {4, 7}, {3, 6}, {1, 2}], [{8, 5}, {4, 7}, {3, 6}, {2}, {1}], [{8, 5}, {6, 7}, {1, 4}, {2, 3}], [{8, 5}, {6, 7}, {2, 4}, {1, 3}], [{8, 5}, {6, 7}, {3, 4}, {1, 2}], [{8, 5}, {7}, {2, 6}, {4}, {1, 3}], [{8, 5}, {7}, {3, 6}, {4}, {1, 2}], [{8, 5}, {7}, {4, 6}, {1, 3}, {2}], [{8, 5}, {7}, {6}, {2, 4}, {1, 3}], [{8, 6}, {1, 7}, {2, 5}, {3, 4}], [{8, 6}, {1, 7}, {2, 5}, {4}, {3}], [{8, 6}, {1, 7}, {3, 5}, {2, 4}], [{8, 6}, {1, 7}, {4, 5}, {2, 3}], [{8, 6}, {2, 7}, {1, 5}, {3, 4}], [{8, 6}, {2, 7}, {3, 5}, {1, 4}], [{8, 6}, {2, 7}, {4, 5}, {1, 3}], [{8, 6}, {2, 7}, {5}, {1, 4}, {3}], [{8, 6}, {3, 7}, {1, 5}, {2, 4}], [{8, 6}, {3, 7}, {2, 5}, {1, 4}], [{8, 6}, {3, 7}, {2, 5}, {4}, {1}], [{8, 6}, {3, 7}, {4, 5}, {1, 2}], [{8, 6}, {4, 7}, {1, 5}, {2, 3}], [{8, 6}, {4, 7}, {2, 5}, {1, 3}], [{8, 6}, {4, 7}, {3, 5}, {1, 2}], [{8, 6}, {5, 7}, {1, 4}, {2, 3}], [{8, 6}, {5, 7}, {2, 4}, {1, 3}], [{8, 6}, {5, 7}, {3, 4}, {1, 2}], [{8, 6}, {7}, {2, 5}, {4}, {1, 3}], [{8, 6}, {7}, {3, 5}, {4}, {1, 2}], [{8, 6}, {7}, {4, 5}, {1, 3}, {2}], [{8, 6}, {7}, {5}, {2, 4}, {1, 3}], [{8, 7}, {1, 6}, {2, 5}, {3, 4}], [{8, 7}, {1, 6}, {3, 5}, {2, 4}], [{8, 7}, {1, 6}, {4, 5}, {2, 3}], [{8, 7}, {2, 6}, {1, 5}, {3, 4}], [{8, 7}, {2, 6}, {3, 5}, {1, 4}], [{8, 7}, {2, 6}, {4, 5}, {1, 3}], [{8, 7}, {2, 6}, {5}, {1, 4}, {3}], [{8, 7}, {3, 6}, {1, 5}, {2, 4}], [{8, 7}, {3, 6}, {1, 5}, {4}, {2}], [{8, 7}, {3, 6}, {2, 5}, {1, 4}], [{8, 7}, {3, 6}, {4, 5}, {1, 2}], [{8, 7}, {4, 6}, {1, 5}, {2, 3}], [{8, 7}, {4, 6}, {2, 5}, {1, 3}], [{8, 7}, {4, 6}, {2, 5}, {3}, {1}], [{8, 7}, {4, 6}, {3, 5}, {1, 2}], [{8, 7}, {5, 6}, {1, 4}, {2, 3}], [{8, 7}, {5, 6}, {2, 4}, {1, 3}], [{8, 7}, {5, 6}, {3, 4}, {1, 2}], [{8, 7}, {5, 6}, {4}, {3}, {1, 2}], [{8, 7}, {6}, {2, 5}, {4}, {1, 3}], [{8, 7}, {6}, {4, 5}, {1, 3}, {2}], [{8, 7}, {6}, {5}, {2, 4}, {1, 3}], [{8}, {1, 7}, {2, 6}, {5}, {3, 4}], [{8}, {1, 7}, {4, 6}, {2, 5}, {3}], [{8}, {2, 7}, {1, 6}, {3, 5}, {4}], [{8}, {2, 7}, {1, 6}, {4, 5}, {3}], [{8}, {2, 7}, {1, 6}, {5}, {3, 4}], [{8}, {3, 7}, {4, 6}, {1, 5}, {2}], [{8}, {3, 7}, {6}, {2, 5}, {1, 4}], [{8}, {5, 7}, {6}, {1, 4}, {2, 3}], [{8}, {5, 7}, {6}, {2, 4}, {1, 3}], [{8}, {5, 7}, {6}, {3, 4}, {1, 2}], [{8}, {6, 7}, {2, 5}, {4}, {1, 3}], [{8}, {6, 7}, {4, 5}, {1, 3}, {2}], [{8}, {6, 7}, {5}, {2, 4}, {1, 3}], [{8}, {7}, {5, 6}, {2, 4}, {1, 3}], [{8}, {7}, {6}, {5}, {2, 4}, {1, 3}]]",2,12 K_1^3 - 8 K_1^2 - 8 K_1 K_2 - 5 K_1 + 4 K_2 + K_3 + 5,O1O2O3O4U2U3U5O6O7U4O5U1U6O8U7U8,O1O2O3U4U2U3U5O6O7U6O8O5U1O4U7U8,O1O2O3U4U5O6U3O7O4U8O5O8U7U1U2U6,c,"{'O1O2O3O4U5U6O5U7U4O8U1O6O7U8U2U3', 'O1O2O3O4U5U6U7O6U4O8U1O7O5U8U2U3'}",2,"<a href=""/flatknot/8.857956"">8.857956</a>",t^9-46t^7-144t^6+7t^5+572t^4+777t^3+170t^2-232t-86,-2t^2+4t,,
8.857957,O1O2O3O4U5U6O5U7U4O8U1O6O7U8U3U2,3,9z^2+42z+49,-4w^4z^2+13w^3z^2-16w^3z+58w^2z+49w,False,False,"[[ 0 -1  1  1  2 -1 -1  0 -1],[ 1  0  1  0  0  1  1  1 -1],[-1 -1  0  0  2 -2 -1  0 -2],[-1  0  0  0  2 -2 -1  0 -2],[-2  0 -2 -2  0 -2 -1 -1 -2],[ 1 -1  2  2  2  0 -1  0  0],[ 1 -1  1  1  1  1  0  0  0],[ 0 -1  0  0  1  0  0  0 -1],[ 1  1  2  2  2  0  0  1  0]]","[[ 0  2  1  1  0 -1 -1 -1 -1],[-2  0 -2 -2 -1  0 -1 -2 -2],[-1  2  0  0  0  0 -1 -2 -2],[-1  2  0  0  0 -1 -1 -2 -2],[ 0  1  0  0  0 -1  0  0 -1],[ 1  0  0  1  1  0  1  1 -1],[ 1  1  1  1  0 -1  0  1  0],[ 1  2  2  2  0 -1 -1  0  0],[ 1  2  2  2  1  1  0  0  0]]",True,"[-2,-1,-1,0,1,1,1,1,2,2,1,0,1,2,2,0,0,0,1,2,2,0,1,1,2,2,1,0,0,1,-1,-1,1,-1,0,0]","[-2,-1,-1,0,1,1,1,1,-1,-1,1,1,1,2,3,0,1,0,0,1,1,1,0,0,1,2,0,1,1,0,0,0,1,-1,-1,-1]",t^8+43t^6+204t^4+69t^2,"[-1,-1,-1,-1,0,1,1,2,-1,-1,1,0,1,2,3,-1,0,1,1,1,2,0,1,0,0,1,0,0,0,1,1,1,1,0,-1,-1]","[-2,-1,-1,0,1,1,1,1,-1,-1,1,1,1,2,3,0,1,0,0,1,1,1,0,0,1,2,0,1,1,0,0,0,1,-1,-1,-1]","[-1,-1,-1,-1,0,1,1,2,-1,-1,0,0,2,2,2,-1,0,0,1,1,1,-1,1,0,1,0,1,2,2,2,0,0,1,0,2,2]",c,"[[{8, 1}, {4, 7}, {3, 6}, {2, 5}], [{8, 4}, {1, 7}, {3, 6}, {2, 5}], [{8, 4}, {6, 7}, {2, 5}, {1, 3}], [{8, 6}, {4, 7}, {2, 5}, {1, 3}], [{8, 7}, {3, 6}, {2, 5}, {1, 4}], [{8, 7}, {4, 6}, {2, 5}, {1, 3}]]",1,- 2 K_1^2 - 4 K_1 K_2 + 2 K_1 + K_2 + 2 K_3 + 2,O1O2O3O4U3U2U5O6O7U4O5U1U6O8U7U8,O1O2O3U4U3U2U5O6O7U6O8O5U1O4U7U8,O1O2O3U4U5O6U3O7O4U8O5O8U7U2U1U6,c,"{'O1O2O3O4U5U6U7O6U4O8U1O7O5U8U3U2', 'O1O2O3O4U5U6O5U7U4O8U1O6O7U8U3U2'}",2,"<a href=""/flatknot/8.857957"">8.857957</a>",t^9-41t^7-94t^6+71t^5+232t^4+3t^3-154t^2-44t,-t^2+2t,,
8.857958,O1O2O3O4U5U6O5U7U4O8U2O6O7U1U3U8,3,5z^2+38z+57,-4w^4z^2+9w^3z^2-16w^3z+54w^2z+57w,False,False,"[[ 0 -2  0  1  2 -1 -1  0  1],[ 2  0  2  2  2  1  0  1  1],[ 0 -2  0 -1  0  0  0  0  0],[-1 -2  1  0  2 -2 -2 -1 -1],[-2 -2  0 -2  0 -2 -1 -1 -2],[ 1 -1  0  2  2  0 -1  0  2],[ 1  0  0  2  1  1  0  0  2],[ 0 -1  0  1  1  0  0  0  1],[-1 -1  0  1  2 -2 -2 -1  0]]","[[ 0  2  1  1  0  0 -1 -1 -2],[-2  0 -2 -2  0 -1 -1 -2 -2],[-1  2  0  1  0 -1 -2 -2 -1],[-1  2 -1  0  1 -1 -2 -2 -2],[ 0  0  0 -1  0  0  0  0 -2],[ 0  1  1  1  0  0  0  0 -1],[ 1  1  2  2  0  0  0  1  0],[ 1  2  2  2  0  0 -1  0 -1],[ 2  2  1  2  2  1  0  1  0]]",True,"[-2,-1,-1,0,0,1,1,2,2,2,0,1,1,2,2,-1,0,1,2,2,1,-1,1,2,2,2,0,0,0,2,0,0,1,-1,0,1]","[-2,-1,-1,0,0,1,1,2,-1,-1,1,2,1,2,2,-1,0,2,0,0,1,0,1,0,0,2,0,1,1,1,1,1,0,-1,0,1]",t^8+50t^6+253t^4+47t^2,"[-2,-1,-1,0,0,1,1,2,0,1,0,1,1,2,2,1,1,1,0,0,1,1,1,0,0,2,0,2,1,2,0,0,1,1,-1,-1]","[-2,-1,-1,0,0,1,1,2,-1,-1,1,2,1,2,2,-1,0,2,0,0,1,0,1,0,0,2,0,1,1,1,1,1,0,-1,0,1]","[-2,-1,-1,0,0,1,1,2,0,1,1,2,1,2,2,1,0,0,2,2,1,0,0,2,2,2,0,1,1,1,0,-1,0,1,2,2]",c,"[[{8, 1}, {2, 7}, {3, 6}, {4, 5}], [{8, 1}, {2, 7}, {4, 6}, {3, 5}], [{8, 1}, {2, 7}, {5, 6}, {3, 4}], [{8, 1}, {3, 7}, {2, 6}, {4, 5}], [{8, 1}, {3, 7}, {4, 6}, {2, 5}], [{8, 1}, {3, 7}, {4, 6}, {5}, {2}], [{8, 1}, {3, 7}, {5, 6}, {2, 4}], [{8, 1}, {4, 7}, {2, 6}, {3, 5}], [{8, 1}, {4, 7}, {3, 6}, {2, 5}], [{8, 1}, {4, 7}, {3, 6}, {5}, {2}], [{8, 1}, {4, 7}, {5, 6}, {2, 3}], [{8, 1}, {5, 7}, {2, 6}, {3, 4}], [{8, 1}, {5, 7}, {3, 6}, {2, 4}], [{8, 1}, {5, 7}, {4, 6}, {2, 3}], [{8, 1}, {5, 7}, {6}, {2, 4}, {3}], [{8, 1}, {5, 7}, {6}, {3, 4}, {2}], [{8, 1}, {5, 7}, {6}, {4}, {2, 3}], [{8, 1}, {6, 7}, {2, 5}, {3, 4}], [{8, 1}, {6, 7}, {3, 5}, {2, 4}], [{8, 1}, {6, 7}, {4, 5}, {2, 3}], [{8, 2}, {1, 7}, {3, 6}, {4, 5}], [{8, 2}, {1, 7}, {3, 6}, {5}, {4}], [{8, 2}, {1, 7}, {4, 6}, {3, 5}], [{8, 2}, {1, 7}, {5, 6}, {3, 4}], [{8, 2}, {1, 7}, {6}, {4, 5}, {3}], [{8, 2}, {3, 7}, {1, 6}, {4, 5}], [{8, 2}, {3, 7}, {1, 6}, {5}, {4}], [{8, 2}, {3, 7}, {4, 6}, {1, 5}], [{8, 2}, {3, 7}, {5, 6}, {1, 4}], [{8, 2}, {3, 7}, {6}, {4, 5}, {1}], [{8, 2}, {4, 7}, {1, 6}, {3, 5}], [{8, 2}, {4, 7}, {3, 6}, {1, 5}], [{8, 2}, {4, 7}, {5, 6}, {1, 3}], [{8, 2}, {4, 7}, {6}, {5}, {1, 3}], [{8, 2}, {5, 7}, {1, 6}, {3, 4}], [{8, 2}, {5, 7}, {3, 6}, {1, 4}], [{8, 2}, {5, 7}, {4, 6}, {1, 3}], [{8, 2}, {5, 7}, {6}, {1, 4}, {3}], [{8, 2}, {5, 7}, {6}, {3, 4}, {1}], [{8, 2}, {5, 7}, {6}, {4}, {1, 3}], [{8, 2}, {6, 7}, {1, 5}, {3, 4}], [{8, 2}, {6, 7}, {3, 5}, {1, 4}], [{8, 2}, {6, 7}, {4, 5}, {1, 3}], [{8, 2}, {6, 7}, {4, 5}, {3}, {1}], [{8, 2}, {6, 7}, {5}, {4}, {1, 3}], [{8, 2}, {7}, {1, 6}, {4, 5}, {3}], [{8, 2}, {7}, {3, 6}, {4, 5}, {1}], [{8, 2}, {7}, {4, 6}, {1, 5}, {3}], [{8, 2}, {7}, {4, 6}, {3, 5}, {1}], [{8, 2}, {7}, {4, 6}, {5}, {1, 3}], [{8, 2}, {7}, {5, 6}, {4}, {1, 3}], [{8, 2}, {7}, {6}, {4, 5}, {1, 3}], [{8, 2}, {7}, {6}, {5}, {4}, {1, 3}], [{8, 3}, {1, 7}, {2, 6}, {4, 5}], [{8, 3}, {1, 7}, {4, 6}, {2, 5}], [{8, 3}, {1, 7}, {5, 6}, {2, 4}], [{8, 3}, {1, 7}, {6}, {4, 5}, {2}], [{8, 3}, {2, 7}, {1, 6}, {4, 5}], [{8, 3}, {2, 7}, {4, 6}, {1, 5}], [{8, 3}, {2, 7}, {5, 6}, {1, 4}], [{8, 3}, {2, 7}, {6}, {1, 5}, {4}], [{8, 3}, {4, 7}, {1, 6}, {2, 5}], [{8, 3}, {4, 7}, {2, 6}, {1, 5}], [{8, 3}, {4, 7}, {5, 6}, {1, 2}], [{8, 3}, {5, 7}, {1, 6}, {2, 4}], [{8, 3}, {5, 7}, {2, 6}, {1, 4}], [{8, 3}, {5, 7}, {4, 6}, {1, 2}], [{8, 3}, {5, 7}, {6}, {1, 4}, {2}], [{8, 3}, {5, 7}, {6}, {2, 4}, {1}], [{8, 3}, {5, 7}, {6}, {4}, {1, 2}], [{8, 3}, {6, 7}, {1, 5}, {2, 4}], [{8, 3}, {6, 7}, {2, 5}, {1, 4}], [{8, 3}, {6, 7}, {4, 5}, {1, 2}], [{8, 4}, {1, 7}, {2, 6}, {3, 5}], [{8, 4}, {1, 7}, {3, 6}, {2, 5}], [{8, 4}, {1, 7}, {5, 6}, {2, 3}], [{8, 4}, {2, 7}, {1, 6}, {3, 5}], [{8, 4}, {2, 7}, {3, 6}, {1, 5}], [{8, 4}, {2, 7}, {5, 6}, {1, 3}], [{8, 4}, {2, 7}, {6}, {1, 5}, {3}], [{8, 4}, {3, 7}, {1, 6}, {2, 5}], [{8, 4}, {3, 7}, {2, 6}, {1, 5}], [{8, 4}, {3, 7}, {5, 6}, {1, 2}], [{8, 4}, {5, 7}, {1, 6}, {2, 3}], [{8, 4}, {5, 7}, {2, 6}, {1, 3}], [{8, 4}, {5, 7}, {3, 6}, {1, 2}], [{8, 4}, {5, 7}, {6}, {1, 3}, {2}], [{8, 4}, {5, 7}, {6}, {2, 3}, {1}], [{8, 4}, {5, 7}, {6}, {3}, {1, 2}], [{8, 4}, {6, 7}, {1, 5}, {2, 3}], [{8, 4}, {6, 7}, {2, 5}, {1, 3}], [{8, 4}, {6, 7}, {2, 5}, {3}, {1}], [{8, 4}, {6, 7}, {3, 5}, {1, 2}], [{8, 5}, {1, 7}, {2, 6}, {3, 4}], [{8, 5}, {1, 7}, {3, 6}, {2, 4}], [{8, 5}, {1, 7}, {4, 6}, {2, 3}], [{8, 5}, {2, 7}, {1, 6}, {3, 4}], [{8, 5}, {2, 7}, {3, 6}, {1, 4}], [{8, 5}, {2, 7}, {4, 6}, {1, 3}], [{8, 5}, {3, 7}, {1, 6}, {2, 4}], [{8, 5}, {3, 7}, {2, 6}, {1, 4}], [{8, 5}, {3, 7}, {4, 6}, {1, 2}], [{8, 5}, {4, 7}, {1, 6}, {2, 3}], [{8, 5}, {4, 7}, {2, 6}, {1, 3}], [{8, 5}, {4, 7}, {3, 6}, {1, 2}], [{8, 5}, {6, 7}, {1, 4}, {2, 3}], [{8, 5}, {6, 7}, {2, 4}, {1, 3}], [{8, 5}, {6, 7}, {3, 4}, {1, 2}], [{8, 5}, {7}, {3, 6}, {1, 4}, {2}], [{8, 5}, {7}, {3, 6}, {2, 4}, {1}], [{8, 5}, {7}, {3, 6}, {4}, {1, 2}], [{8, 5}, {7}, {4, 6}, {2, 3}, {1}], [{8, 6}, {1, 7}, {2, 5}, {3, 4}], [{8, 6}, {1, 7}, {3, 5}, {2, 4}], [{8, 6}, {1, 7}, {4, 5}, {2, 3}], [{8, 6}, {1, 7}, {4, 5}, {3}, {2}], [{8, 6}, {1, 7}, {5}, {4}, {2, 3}], [{8, 6}, {2, 7}, {1, 5}, {3, 4}], [{8, 6}, {2, 7}, {1, 5}, {4}, {3}], [{8, 6}, {2, 7}, {3, 5}, {1, 4}], [{8, 6}, {2, 7}, {4, 5}, {1, 3}], [{8, 6}, {3, 7}, {1, 5}, {2, 4}], [{8, 6}, {3, 7}, {2, 5}, {1, 4}], [{8, 6}, {3, 7}, {4, 5}, {1, 2}], [{8, 6}, {3, 7}, {5}, {1, 4}, {2}], [{8, 6}, {3, 7}, {5}, {2, 4}, {1}], [{8, 6}, {3, 7}, {5}, {4}, {1, 2}], [{8, 6}, {4, 7}, {1, 5}, {2, 3}], [{8, 6}, {4, 7}, {2, 5}, {1, 3}], [{8, 6}, {4, 7}, {3, 5}, {1, 2}], [{8, 6}, {4, 7}, {5}, {1, 3}, {2}], [{8, 6}, {5, 7}, {1, 4}, {2, 3}], [{8, 6}, {5, 7}, {1, 4}, {3}, {2}], [{8, 6}, {5, 7}, {2, 4}, {1, 3}], [{8, 6}, {5, 7}, {2, 4}, {3}, {1}], [{8, 6}, {5, 7}, {3, 4}, {1, 2}], [{8, 6}, {5, 7}, {4}, {3}, {1, 2}], [{8, 6}, {7}, {3, 5}, {1, 4}, {2}], [{8, 6}, {7}, {3, 5}, {2, 4}, {1}], [{8, 6}, {7}, {3, 5}, {4}, {1, 2}], [{8, 6}, {7}, {4, 5}, {2, 3}, {1}], [{8, 7}, {1, 6}, {2, 5}, {3, 4}], [{8, 7}, {1, 6}, {3, 5}, {2, 4}], [{8, 7}, {1, 6}, {4, 5}, {2, 3}], [{8, 7}, {1, 6}, {5}, {4}, {2, 3}], [{8, 7}, {2, 6}, {1, 5}, {3, 4}], [{8, 7}, {2, 6}, {3, 5}, {1, 4}], [{8, 7}, {2, 6}, {4, 5}, {1, 3}], [{8, 7}, {3, 6}, {1, 5}, {2, 4}], [{8, 7}, {3, 6}, {2, 5}, {1, 4}], [{8, 7}, {3, 6}, {4, 5}, {1, 2}], [{8, 7}, {3, 6}, {5}, {1, 4}, {2}], [{8, 7}, {3, 6}, {5}, {2, 4}, {1}], [{8, 7}, {3, 6}, {5}, {4}, {1, 2}], [{8, 7}, {4, 6}, {1, 5}, {2, 3}], [{8, 7}, {4, 6}, {1, 5}, {3}, {2}], [{8, 7}, {4, 6}, {2, 5}, {1, 3}], [{8, 7}, {4, 6}, {3, 5}, {1, 2}], [{8, 7}, {4, 6}, {3, 5}, {2}, {1}], [{8, 7}, {4, 6}, {5}, {1, 3}, {2}], [{8, 7}, {5, 6}, {1, 4}, {2, 3}], [{8, 7}, {5, 6}, {2, 4}, {1, 3}], [{8, 7}, {5, 6}, {3, 4}, {1, 2}], [{8}, {1, 7}, {2, 6}, {4, 5}, {3}], [{8}, {1, 7}, {3, 6}, {4, 5}, {2}], [{8}, {1, 7}, {6}, {4, 5}, {2, 3}], [{8}, {1, 7}, {6}, {4, 5}, {3}, {2}], [{8}, {2, 7}, {3, 6}, {1, 5}, {4}], [{8}, {2, 7}, {4, 6}, {1, 5}, {3}], [{8}, {2, 7}, {4, 6}, {3, 5}, {1}], [{8}, {2, 7}, {4, 6}, {5}, {1, 3}], [{8}, {2, 7}, {6}, {1, 5}, {3, 4}], [{8}, {2, 7}, {6}, {1, 5}, {4}, {3}], [{8}, {3, 7}, {1, 6}, {4, 5}, {2}], [{8}, {4, 7}, {2, 6}, {5}, {1, 3}], [{8}, {5, 7}, {1, 6}, {2, 4}, {3}], [{8}, {5, 7}, {2, 6}, {1, 4}, {3}], [{8}, {5, 7}, {3, 6}, {1, 4}, {2}], [{8}, {5, 7}, {3, 6}, {2, 4}, {1}], [{8}, {5, 7}, {3, 6}, {4}, {1, 2}], [{8}, {5, 7}, {4, 6}, {3}, {1, 2}], [{8}, {5, 7}, {6}, {1, 4}, {2, 3}], [{8}, {5, 7}, {6}, {1, 4}, {3}, {2}], [{8}, {5, 7}, {6}, {2, 4}, {1, 3}], [{8}, {5, 7}, {6}, {2, 4}, {3}, {1}], [{8}, {5, 7}, {6}, {3, 4}, {1, 2}], [{8}, {5, 7}, {6}, {4}, {3}, {1, 2}], [{8}, {6, 7}, {4, 5}, {1, 3}, {2}]]",2,4 K_1^3 + 4 K_1^2 K_2 - 8 K_1^2 - 8 K_1 K_2 - 4 K_1 K_3 + K_1 + 4 K_2 + 3 K_3 + K_4 + 4,O1O2O3O4U5U2U4O6O7U3O5U1U6O8U7U8,O1O2O3U1U4U2U5O6O7U6O8O5U3O4U7U8,O1O2O3U4U5O6U1O7O4U8O5O8U7U2U6U3,c,"{'O1O2O3O4U5U6U7O6U4O8U2O7O5U1U3U8', 'O1O2O3O4U5U6O5U7U4O8U2O6O7U1U3U8'}",2,"<a href=""/flatknot/8.857958"">8.857958</a>",t^9-50t^7-156t^6+33t^5+554t^4+478t^3-30t^2-80t-16,0,,
8.857959,O1O2O3O4U5U6O5U7U4O8U2O6O7U1U8U3,4,3z^3+27z^2+71z+59,3w^4z^3+27w^3z^2+71w^2z+59w,False,False,"[[ 0 -2  0  2  2 -1 -1  0  0],[ 2  0  2  3  2  1  0  1  0],[ 0 -2  0  0  0  0  0  0 -1],[-2 -3  0  0  2 -3 -2 -1 -2],[-2 -2  0 -2  0 -2 -1 -1 -2],[ 1 -1  0  3  2  0 -1  0  1],[ 1  0  0  2  1  1  0  0  1],[ 0 -1  0  1  1  0  0  0  0],[ 0  0  1  2  2 -1 -1  0  0]]","[[ 0  2  2  0  0  0 -1 -1 -2],[-2  0  2  0 -1 -2 -2 -3 -3],[-2 -2  0  0 -1 -2 -1 -2 -2],[ 0  0  0  0  0 -1  0  0 -2],[ 0  1  1  0  0  0  0  0 -1],[ 0  2  2  1  0  0 -1 -1  0],[ 1  2  1  0  0  1  0  1  0],[ 1  3  2  0  0  1 -1  0 -1],[ 2  3  2  2  1  0  0  1  0]]",True,"[-2,-2,0,0,0,1,1,2,-2,0,1,2,2,3,3,0,1,2,1,2,2,0,1,0,0,2,0,0,0,1,1,1,0,-1,0,1]","[-2,-2,0,0,0,1,1,2,-2,0,1,2,1,2,2,0,1,2,0,1,1,0,1,0,0,2,0,1,1,1,1,1,0,-1,0,1]",t^8+55t^6+243t^4+48t^2+1,"[-2,-1,-1,0,0,0,2,2,0,1,0,1,2,1,2,1,1,1,0,0,1,1,1,0,1,2,0,1,2,2,0,1,1,0,0,-2]","[-2,-2,0,0,0,1,1,2,-2,0,1,2,1,2,2,0,1,2,0,1,1,0,1,0,0,2,0,1,1,1,1,1,0,-1,0,1]","[-2,-1,-1,0,0,0,2,2,0,1,0,1,2,2,3,1,1,0,0,1,2,1,0,0,2,3,0,1,2,2,0,1,1,0,0,-2]",c,"[[{8, 2}, {1, 7}, {4, 6}, {3, 5}], [{8, 2}, {4, 7}, {5, 6}, {1, 3}], [{8, 2}, {5, 7}, {4, 6}, {1, 3}], [{8, 2}, {5, 7}, {6}, {4}, {1, 3}], [{8, 2}, {6, 7}, {4, 5}, {1, 3}]]",1,12 K_1^3 + 8 K_1^2 K_2 - 14 K_1^2 - 8 K_1 K_2 - 4 K_1 K_3 - 5 K_1 + 5 K_2 + K_3 + 6,O1O2O3O4U2U5U4O6O7U3O5U1U6O8U7U8,O1O2O3U1U4U3U5O6O7U6O8O5U2O4U7U8,O1O2O3U4U5O6U2O7O4U8O5O8U7U1U6U3,c,"{'O1O2O3O4U5U6O5U7U4O8U2O6O7U1U8U3', 'O1O2O3O4U5U6U7O6U4O8U2O7O5U1U8U3'}",2,"<a href=""/flatknot/8.857959"">8.857959</a>",t^9-53t^7-152t^6+68t^5+538t^4+230t^3-374t^2-52t+138,-t^2+2t,,
8.857960,O1O2O3O4U5U6O5U7U4O8U2O6O7U3U1U8,4,z^3+15z^2+65z+79,w^4z^3+15w^3z^2+65w^2z+79w,False,False,"[[ 0 -1  0  0  2 -1 -1  0  1],[ 1  0  1  1  2  0 -1  0  1],[ 0 -1  0 -1  0  0  0  0  0],[ 0 -1  1  0  2 -1 -1  0 -1],[-2 -2  0 -2  0 -2 -1 -1 -2],[ 1  0  0  1  2  0 -1  0  2],[ 1  1  0  1  1  1  0  0  2],[ 0  0  0  0  1  0  0  0  1],[-1 -1  0  1  2 -2 -2 -1  0]]","[[ 0  2  1  0  0  0 -1 -1 -1],[-2  0 -2  0 -1 -2 -1 -2 -2],[-1  2  0  0 -1  1 -2 -1 -2],[ 0  0  0  0  0 -1  0 -1  0],[ 0  1  1  0  0  0  0  0  0],[ 0  2 -1  1  0  0 -1 -1 -1],[ 1  1  2  0  0  1  0  1  1],[ 1  2  1  1  0  1 -1  0  0],[ 1  2  2  0  0  1 -1  0  0]]",True,"[-2,-1,0,0,0,1,1,1,2,0,1,2,1,2,2,0,1,-1,2,1,2,0,1,0,1,0,0,0,0,0,1,1,1,-1,-1,0]","[-2,-1,0,0,0,1,1,1,-1,0,1,2,1,1,2,2,0,1,0,1,0,0,1,0,0,0,0,1,1,1,1,0,1,0,-1,-1]",t^8+36t^6+105t^4+29t^2+1,"[-1,-1,-1,0,0,0,1,2,-1,-1,0,1,1,0,2,0,0,0,1,1,1,0,1,1,0,1,-1,0,2,0,0,1,2,0,1,-1]","[-2,-1,0,0,0,1,1,1,-1,0,1,2,1,1,2,2,0,1,0,1,0,0,1,0,0,0,0,1,1,1,1,0,1,0,-1,-1]","[-1,-1,-1,0,0,0,1,2,-1,0,0,0,1,2,2,1,0,0,1,2,1,0,1,1,1,2,0,0,1,1,-1,0,0,-1,2,2]",c,"[[{8, 3}, {4, 7}, {2, 6}, {1, 5}]]",1,12 K_1^3 - 18 K_1^2 - 16 K_1 K_2 - K_1 + 9 K_2 + 5 K_3 + 10,O1O2O3O4U5U4U2O6O7U3O5U1U6O8U7U8,O1O2O3U2U4U1U5O6O7U6O8O5U3O4U7U8,O1O2O3U4U5O6U1O7O4U8O5O8U7U3U6U2,c,"{'O1O2O3O4U5U6O5U7U4O8U2O6O7U3U1U8', 'O1O2O3O4U5U6U7O6U4O8U2O7O5U3U1U8'}",2,"<a href=""/flatknot/8.857960"">8.857960</a>",t^9-34t^7-96t^6-30t^5+128t^4+104t^3-8t^2-28t-2,-t^2+2t,,
8.857961,O1O2O3O4U5U6O5U7U4O8U2O6O7U8U1U3,3,3z^2+26z+41,3w^3z^2+26w^2z+41w,False,False,"[[ 0 -1  0  2  2 -1 -1  0 -1],[ 1  0  1  2  2  0  0  1 -1],[ 0 -1  0  0  0  0  0  0 -1],[-2 -2  0  0  2 -3 -2 -1 -2],[-2 -2  0 -2  0 -2 -1 -1 -2],[ 1  0  0  3  2  0 -1  0  0],[ 1  0  0  2  1  1  0  0  0],[ 0 -1  0  1  1  0  0  0 -1],[ 1  1  1  2  2  0  0  1  0]]","[[ 0  2  2  0  0 -1 -1 -1 -1],[-2  0  2  0 -1 -2 -2 -2 -3],[-2 -2  0  0 -1 -1 -2 -2 -2],[ 0  0  0  0  0  0 -1 -1  0],[ 0  1  1  0  0  0 -1 -1  0],[ 1  2  1  0  0  0  0  0  1],[ 1  2  2  1  1  0  0  1  0],[ 1  2  2  1  1  0 -1  0  0],[ 1  3  2  0  0 -1  0  0  0]]",True,"[-2,-2,0,0,1,1,1,1,-2,0,1,2,2,2,3,0,1,1,2,2,2,0,0,1,1,0,0,1,1,0,0,0,-1,-1,0,0]","[-2,-2,0,0,1,1,1,1,-2,0,1,2,2,2,3,0,1,1,2,2,2,0,0,1,1,0,0,1,1,0,0,0,-1,-1,0,0]",t^8+46t^6+158t^4+17t^2,"[-1,-1,-1,-1,0,0,2,2,-1,0,0,0,0,1,1,0,0,0,0,1,1,-1,1,1,1,2,1,1,0,1,0,1,1,2,2,-2]","[-2,-2,0,0,1,1,1,1,-2,1,2,1,1,1,2,1,2,0,1,1,1,0,1,0,0,1,1,0,0,1,0,0,-1,-1,0,0]","[-1,-1,-1,-1,0,0,2,2,-1,0,0,0,0,2,3,0,0,0,0,1,2,-1,1,1,2,2,1,1,2,2,0,0,0,1,1,-2]",c,"[[{8, 1}, {2, 7}, {3, 6}, {4, 5}], [{8, 1}, {2, 7}, {4, 6}, {3, 5}], [{8, 1}, {2, 7}, {4, 6}, {5}, {3}], [{8, 1}, {2, 7}, {5, 6}, {3, 4}], [{8, 1}, {2, 7}, {6}, {3, 5}, {4}], [{8, 1}, {3, 7}, {2, 6}, {4, 5}], [{8, 1}, {3, 7}, {4, 6}, {2, 5}], [{8, 1}, {3, 7}, {4, 6}, {5}, {2}], [{8, 1}, {3, 7}, {5, 6}, {2, 4}], [{8, 1}, {3, 7}, {6}, {2, 5}, {4}], [{8, 1}, {4, 7}, {2, 6}, {3, 5}], [{8, 1}, {4, 7}, {2, 6}, {5}, {3}], [{8, 1}, {4, 7}, {3, 6}, {2, 5}], [{8, 1}, {4, 7}, {3, 6}, {5}, {2}], [{8, 1}, {4, 7}, {5, 6}, {2, 3}], [{8, 1}, {4, 7}, {6}, {5}, {2, 3}], [{8, 1}, {5, 7}, {2, 6}, {3, 4}], [{8, 1}, {5, 7}, {2, 6}, {4}, {3}], [{8, 1}, {5, 7}, {3, 6}, {2, 4}], [{8, 1}, {5, 7}, {3, 6}, {4}, {2}], [{8, 1}, {5, 7}, {4, 6}, {2, 3}], [{8, 1}, {5, 7}, {4, 6}, {3}, {2}], [{8, 1}, {5, 7}, {6}, {2, 4}, {3}], [{8, 1}, {5, 7}, {6}, {3, 4}, {2}], [{8, 1}, {5, 7}, {6}, {4}, {2, 3}], [{8, 1}, {5, 7}, {6}, {4}, {3}, {2}], [{8, 1}, {6, 7}, {2, 5}, {3, 4}], [{8, 1}, {6, 7}, {3, 5}, {2, 4}], [{8, 1}, {6, 7}, {4, 5}, {2, 3}], [{8, 1}, {6, 7}, {5}, {4}, {2, 3}], [{8, 1}, {7}, {2, 6}, {4, 5}, {3}], [{8, 1}, {7}, {3, 6}, {4, 5}, {2}], [{8, 1}, {7}, {4, 6}, {2, 5}, {3}], [{8, 1}, {7}, {4, 6}, {3, 5}, {2}], [{8, 1}, {7}, {4, 6}, {5}, {2, 3}], [{8, 1}, {7}, {5, 6}, {4}, {2, 3}], [{8, 1}, {7}, {6}, {4, 5}, {2, 3}], [{8, 1}, {7}, {6}, {5}, {4}, {2, 3}], [{8, 2}, {1, 7}, {3, 6}, {4, 5}], [{8, 2}, {1, 7}, {4, 6}, {3, 5}], [{8, 2}, {1, 7}, {5, 6}, {3, 4}], [{8, 2}, {1, 7}, {6}, {5}, {3, 4}], [{8, 2}, {3, 7}, {1, 6}, {4, 5}], [{8, 2}, {3, 7}, {4, 6}, {1, 5}], [{8, 2}, {3, 7}, {4, 6}, {5}, {1}], [{8, 2}, {3, 7}, {5, 6}, {1, 4}], [{8, 2}, {3, 7}, {5, 6}, {4}, {1}], [{8, 2}, {3, 7}, {6}, {4, 5}, {1}], [{8, 2}, {4, 7}, {1, 6}, {3, 5}], [{8, 2}, {4, 7}, {3, 6}, {1, 5}], [{8, 2}, {4, 7}, {3, 6}, {5}, {1}], [{8, 2}, {4, 7}, {5, 6}, {1, 3}], [{8, 2}, {4, 7}, {5, 6}, {3}, {1}], [{8, 2}, {4, 7}, {6}, {3, 5}, {1}], [{8, 2}, {5, 7}, {1, 6}, {3, 4}], [{8, 2}, {5, 7}, {1, 6}, {4}, {3}], [{8, 2}, {5, 7}, {3, 6}, {1, 4}], [{8, 2}, {5, 7}, {3, 6}, {4}, {1}], [{8, 2}, {5, 7}, {4, 6}, {1, 3}], [{8, 2}, {5, 7}, {4, 6}, {3}, {1}], [{8, 2}, {5, 7}, {6}, {1, 4}, {3}], [{8, 2}, {5, 7}, {6}, {3, 4}, {1}], [{8, 2}, {5, 7}, {6}, {4}, {1, 3}], [{8, 2}, {5, 7}, {6}, {4}, {3}, {1}], [{8, 2}, {6, 7}, {1, 5}, {3, 4}], [{8, 2}, {6, 7}, {3, 5}, {1, 4}], [{8, 2}, {6, 7}, {3, 5}, {4}, {1}], [{8, 2}, {6, 7}, {4, 5}, {1, 3}], [{8, 2}, {6, 7}, {4, 5}, {3}, {1}], [{8, 2}, {6, 7}, {5}, {3, 4}, {1}], [{8, 2}, {7}, {1, 6}, {5}, {3, 4}], [{8, 2}, {7}, {3, 6}, {4, 5}, {1}], [{8, 2}, {7}, {4, 6}, {3, 5}, {1}], [{8, 2}, {7}, {5, 6}, {3, 4}, {1}], [{8, 2}, {7}, {6}, {1, 5}, {3, 4}], [{8, 2}, {7}, {6}, {5}, {3, 4}, {1}], [{8, 3}, {1, 7}, {2, 6}, {4, 5}], [{8, 3}, {1, 7}, {4, 6}, {2, 5}], [{8, 3}, {1, 7}, {5, 6}, {2, 4}], [{8, 3}, {1, 7}, {6}, {4, 5}, {2}], [{8, 3}, {2, 7}, {1, 6}, {4, 5}], [{8, 3}, {2, 7}, {4, 6}, {1, 5}], [{8, 3}, {2, 7}, {5, 6}, {1, 4}], [{8, 3}, {2, 7}, {6}, {5}, {1, 4}], [{8, 3}, {4, 7}, {1, 6}, {2, 5}], [{8, 3}, {4, 7}, {2, 6}, {1, 5}], [{8, 3}, {4, 7}, {5, 6}, {1, 2}], [{8, 3}, {4, 7}, {6}, {1, 5}, {2}], [{8, 3}, {5, 7}, {1, 6}, {2, 4}], [{8, 3}, {5, 7}, {1, 6}, {4}, {2}], [{8, 3}, {5, 7}, {2, 6}, {1, 4}], [{8, 3}, {5, 7}, {2, 6}, {4}, {1}], [{8, 3}, {5, 7}, {4, 6}, {1, 2}], [{8, 3}, {5, 7}, {4, 6}, {2}, {1}], [{8, 3}, {5, 7}, {6}, {1, 4}, {2}], [{8, 3}, {5, 7}, {6}, {2, 4}, {1}], [{8, 3}, {5, 7}, {6}, {4}, {1, 2}], [{8, 3}, {5, 7}, {6}, {4}, {2}, {1}], [{8, 3}, {6, 7}, {1, 5}, {2, 4}], [{8, 3}, {6, 7}, {2, 5}, {1, 4}], [{8, 3}, {6, 7}, {4, 5}, {1, 2}], [{8, 3}, {6, 7}, {5}, {1, 4}, {2}], [{8, 3}, {7}, {2, 6}, {5}, {1, 4}], [{8, 3}, {7}, {5, 6}, {1, 4}, {2}], [{8, 3}, {7}, {6}, {2, 5}, {1, 4}], [{8, 3}, {7}, {6}, {5}, {1, 4}, {2}], [{8, 4}, {1, 7}, {2, 6}, {3, 5}], [{8, 4}, {1, 7}, {3, 6}, {2, 5}], [{8, 4}, {1, 7}, {5, 6}, {2, 3}], [{8, 4}, {1, 7}, {6}, {3, 5}, {2}], [{8, 4}, {2, 7}, {1, 6}, {3, 5}], [{8, 4}, {2, 7}, {3, 6}, {1, 5}], [{8, 4}, {2, 7}, {5, 6}, {1, 3}], [{8, 4}, {2, 7}, {5, 6}, {3}, {1}], [{8, 4}, {2, 7}, {6}, {5}, {1, 3}], [{8, 4}, {3, 7}, {1, 6}, {2, 5}], [{8, 4}, {3, 7}, {2, 6}, {1, 5}], [{8, 4}, {3, 7}, {5, 6}, {1, 2}], [{8, 4}, {3, 7}, {6}, {1, 5}, {2}], [{8, 4}, {5, 7}, {1, 6}, {2, 3}], [{8, 4}, {5, 7}, {1, 6}, {3}, {2}], [{8, 4}, {5, 7}, {2, 6}, {1, 3}], [{8, 4}, {5, 7}, {2, 6}, {3}, {1}], [{8, 4}, {5, 7}, {3, 6}, {1, 2}], [{8, 4}, {5, 7}, {3, 6}, {2}, {1}], [{8, 4}, {5, 7}, {6}, {1, 3}, {2}], [{8, 4}, {5, 7}, {6}, {2, 3}, {1}], [{8, 4}, {5, 7}, {6}, {3}, {1, 2}], [{8, 4}, {5, 7}, {6}, {3}, {2}, {1}], [{8, 4}, {6, 7}, {1, 5}, {2, 3}], [{8, 4}, {6, 7}, {2, 5}, {1, 3}], [{8, 4}, {6, 7}, {2, 5}, {3}, {1}], [{8, 4}, {6, 7}, {3, 5}, {1, 2}], [{8, 4}, {6, 7}, {5}, {1, 3}, {2}], [{8, 4}, {7}, {2, 6}, {5}, {1, 3}], [{8, 4}, {7}, {5, 6}, {1, 3}, {2}], [{8, 4}, {7}, {6}, {2, 5}, {1, 3}], [{8, 4}, {7}, {6}, {5}, {1, 3}, {2}], [{8, 5}, {1, 7}, {2, 6}, {3, 4}], [{8, 5}, {1, 7}, {3, 6}, {2, 4}], [{8, 5}, {1, 7}, {4, 6}, {2, 3}], [{8, 5}, {1, 7}, {6}, {4}, {2, 3}], [{8, 5}, {2, 7}, {1, 6}, {3, 4}], [{8, 5}, {2, 7}, {1, 6}, {4}, {3}], [{8, 5}, {2, 7}, {3, 6}, {1, 4}], [{8, 5}, {2, 7}, {4, 6}, {1, 3}], [{8, 5}, {2, 7}, {6}, {3, 4}, {1}], [{8, 5}, {3, 7}, {1, 6}, {2, 4}], [{8, 5}, {3, 7}, {1, 6}, {4}, {2}], [{8, 5}, {3, 7}, {2, 6}, {1, 4}], [{8, 5}, {3, 7}, {4, 6}, {1, 2}], [{8, 5}, {3, 7}, {4, 6}, {2}, {1}], [{8, 5}, {3, 7}, {6}, {1, 4}, {2}], [{8, 5}, {4, 7}, {1, 6}, {2, 3}], [{8, 5}, {4, 7}, {1, 6}, {3}, {2}], [{8, 5}, {4, 7}, {2, 6}, {1, 3}], [{8, 5}, {4, 7}, {3, 6}, {1, 2}], [{8, 5}, {4, 7}, {3, 6}, {2}, {1}], [{8, 5}, {4, 7}, {6}, {1, 3}, {2}], [{8, 5}, {6, 7}, {1, 4}, {2, 3}], [{8, 5}, {6, 7}, {2, 4}, {1, 3}], [{8, 5}, {6, 7}, {3, 4}, {1, 2}], [{8, 5}, {6, 7}, {4}, {2, 3}, {1}], [{8, 5}, {7}, {1, 6}, {2, 4}, {3}], [{8, 5}, {7}, {1, 6}, {3, 4}, {2}], [{8, 5}, {7}, {1, 6}, {4}, {2, 3}], [{8, 5}, {7}, {1, 6}, {4}, {3}, {2}], [{8, 6}, {1, 7}, {2, 5}, {3, 4}], [{8, 6}, {1, 7}, {2, 5}, {4}, {3}], [{8, 6}, {1, 7}, {3, 5}, {2, 4}], [{8, 6}, {1, 7}, {3, 5}, {4}, {2}], [{8, 6}, {1, 7}, {4, 5}, {2, 3}], [{8, 6}, {1, 7}, {4, 5}, {3}, {2}], [{8, 6}, {1, 7}, {5}, {2, 4}, {3}], [{8, 6}, {1, 7}, {5}, {3, 4}, {2}], [{8, 6}, {1, 7}, {5}, {4}, {2, 3}], [{8, 6}, {1, 7}, {5}, {4}, {3}, {2}], [{8, 6}, {2, 7}, {1, 5}, {3, 4}], [{8, 6}, {2, 7}, {1, 5}, {4}, {3}], [{8, 6}, {2, 7}, {3, 5}, {1, 4}], [{8, 6}, {2, 7}, {4, 5}, {1, 3}], [{8, 6}, {3, 7}, {1, 5}, {2, 4}], [{8, 6}, {3, 7}, {1, 5}, {4}, {2}], [{8, 6}, {3, 7}, {2, 5}, {1, 4}], [{8, 6}, {3, 7}, {4, 5}, {1, 2}], [{8, 6}, {4, 7}, {1, 5}, {2, 3}], [{8, 6}, {4, 7}, {1, 5}, {3}, {2}], [{8, 6}, {4, 7}, {2, 5}, {1, 3}], [{8, 6}, {4, 7}, {3, 5}, {1, 2}], [{8, 6}, {5, 7}, {1, 4}, {2, 3}], [{8, 6}, {5, 7}, {1, 4}, {3}, {2}], [{8, 6}, {5, 7}, {2, 4}, {1, 3}], [{8, 6}, {5, 7}, {2, 4}, {3}, {1}], [{8, 6}, {5, 7}, {3, 4}, {1, 2}], [{8, 6}, {5, 7}, {3, 4}, {2}, {1}], [{8, 6}, {5, 7}, {4}, {1, 3}, {2}], [{8, 6}, {5, 7}, {4}, {2, 3}, {1}], [{8, 6}, {5, 7}, {4}, {3}, {1, 2}], [{8, 6}, {5, 7}, {4}, {3}, {2}, {1}], [{8, 6}, {7}, {1, 5}, {2, 4}, {3}], [{8, 6}, {7}, {1, 5}, {3, 4}, {2}], [{8, 6}, {7}, {1, 5}, {4}, {2, 3}], [{8, 6}, {7}, {1, 5}, {4}, {3}, {2}], [{8, 7}, {1, 6}, {2, 5}, {3, 4}], [{8, 7}, {1, 6}, {2, 5}, {4}, {3}], [{8, 7}, {1, 6}, {3, 5}, {2, 4}], [{8, 7}, {1, 6}, {3, 5}, {4}, {2}], [{8, 7}, {1, 6}, {4, 5}, {2, 3}], [{8, 7}, {1, 6}, {4, 5}, {3}, {2}], [{8, 7}, {1, 6}, {5}, {2, 4}, {3}], [{8, 7}, {1, 6}, {5}, {3, 4}, {2}], [{8, 7}, {1, 6}, {5}, {4}, {2, 3}], [{8, 7}, {1, 6}, {5}, {4}, {3}, {2}], [{8, 7}, {2, 6}, {1, 5}, {3, 4}], [{8, 7}, {2, 6}, {3, 5}, {1, 4}], [{8, 7}, {2, 6}, {4, 5}, {1, 3}], [{8, 7}, {3, 6}, {1, 5}, {2, 4}], [{8, 7}, {3, 6}, {2, 5}, {1, 4}], [{8, 7}, {3, 6}, {4, 5}, {1, 2}], [{8, 7}, {3, 6}, {4, 5}, {2}, {1}], [{8, 7}, {4, 6}, {1, 5}, {2, 3}], [{8, 7}, {4, 6}, {2, 5}, {1, 3}], [{8, 7}, {4, 6}, {3, 5}, {1, 2}], [{8, 7}, {4, 6}, {3, 5}, {2}, {1}], [{8, 7}, {5, 6}, {1, 4}, {2, 3}], [{8, 7}, {5, 6}, {2, 4}, {1, 3}], [{8, 7}, {5, 6}, {3, 4}, {1, 2}], [{8, 7}, {5, 6}, {4}, {2, 3}, {1}], [{8, 7}, {6}, {1, 5}, {4}, {2, 3}], [{8, 7}, {6}, {2, 5}, {3, 4}, {1}], [{8, 7}, {6}, {3, 5}, {1, 4}, {2}], [{8, 7}, {6}, {4, 5}, {1, 3}, {2}], [{8}, {1, 7}, {2, 6}, {5}, {3, 4}], [{8}, {1, 7}, {3, 6}, {4, 5}, {2}], [{8}, {1, 7}, {4, 6}, {3, 5}, {2}], [{8}, {1, 7}, {5, 6}, {4}, {2, 3}], [{8}, {2, 7}, {1, 6}, {5}, {3, 4}], [{8}, {2, 7}, {3, 6}, {4, 5}, {1}], [{8}, {2, 7}, {4, 6}, {3, 5}, {1}], [{8}, {2, 7}, {5, 6}, {4}, {1, 3}], [{8}, {3, 7}, {4, 6}, {1, 5}, {2}], [{8}, {3, 7}, {4, 6}, {2, 5}, {1}], [{8}, {3, 7}, {4, 6}, {5}, {1, 2}], [{8}, {3, 7}, {4, 6}, {5}, {2}, {1}], [{8}, {4, 7}, {3, 6}, {1, 5}, {2}], [{8}, {4, 7}, {3, 6}, {2, 5}, {1}], [{8}, {4, 7}, {3, 6}, {5}, {1, 2}], [{8}, {4, 7}, {3, 6}, {5}, {2}, {1}], [{8}, {5, 7}, {1, 6}, {2, 4}, {3}], [{8}, {5, 7}, {1, 6}, {3, 4}, {2}], [{8}, {5, 7}, {1, 6}, {4}, {2, 3}], [{8}, {5, 7}, {1, 6}, {4}, {3}, {2}], [{8}, {5, 7}, {2, 6}, {1, 4}, {3}], [{8}, {5, 7}, {2, 6}, {3, 4}, {1}], [{8}, {5, 7}, {2, 6}, {4}, {1, 3}], [{8}, {5, 7}, {2, 6}, {4}, {3}, {1}], [{8}, {5, 7}, {3, 6}, {1, 4}, {2}], [{8}, {5, 7}, {3, 6}, {2, 4}, {1}], [{8}, {5, 7}, {3, 6}, {4}, {1, 2}], [{8}, {5, 7}, {3, 6}, {4}, {2}, {1}], [{8}, {5, 7}, {4, 6}, {1, 3}, {2}], [{8}, {5, 7}, {4, 6}, {2, 3}, {1}], [{8}, {5, 7}, {4, 6}, {3}, {1, 2}], [{8}, {5, 7}, {4, 6}, {3}, {2}, {1}], [{8}, {5, 7}, {6}, {1, 4}, {2, 3}], [{8}, {5, 7}, {6}, {1, 4}, {3}, {2}], [{8}, {5, 7}, {6}, {2, 4}, {1, 3}], [{8}, {5, 7}, {6}, {2, 4}, {3}, {1}], [{8}, {5, 7}, {6}, {3, 4}, {1, 2}], [{8}, {5, 7}, {6}, {3, 4}, {2}, {1}], [{8}, {5, 7}, {6}, {4}, {1, 3}, {2}], [{8}, {5, 7}, {6}, {4}, {2, 3}, {1}], [{8}, {5, 7}, {6}, {4}, {3}, {1, 2}], [{8}, {5, 7}, {6}, {4}, {3}, {2}, {1}], [{8}, {6, 7}, {1, 5}, {4}, {2, 3}], [{8}, {6, 7}, {2, 5}, {4}, {1, 3}], [{8}, {7}, {1, 6}, {2, 5}, {3, 4}], [{8}, {7}, {2, 6}, {1, 5}, {3, 4}], [{8}, {7}, {3, 6}, {4, 5}, {1, 2}], [{8}, {7}, {3, 6}, {4, 5}, {2}, {1}], [{8}, {7}, {4, 6}, {3, 5}, {1, 2}], [{8}, {7}, {4, 6}, {3, 5}, {2}, {1}]]",2,- 4 K_1^2 - 4 K_1 K_2 + 2 K_1 + 2 K_2 + 2 K_3 + 3,O1O2O3O4U2U4U5O6O7U3O5U1U6O8U7U8,O1O2O3U2U4U3U5O6O7U6O8O5U1O4U7U8,O1O2O3U4U5O6U3O7O4U8O5O8U7U1U6U2,c,"{'O1O2O3O4U5U6U7O6U4O8U2O7O5U8U1U3', 'O1O2O3U4U1O5U6O4O7O6U8U2O8U3U5U7', 'O1O2O3O4U5U6O5U7U4O8U2O6O7U8U1U3', 'O1O2O3O4U5U6O5U7U4U1O8O6O7U2U8U3', 'O1O2O3O4U5U6U7O6U4U1O8O7O5U2U8U3', 'O1O2O3U4U1O5U6O4O7O6U3U8U2O8U5U7'}",6,"<a href=""/flatknot/8.857961"">8.857961</a>",t^9-42t^7-108t^6+40t^5+366t^4+383t^3+116t^2-24t-16,-2t^2+4t,,
8.857962,O1O2O3O4U5U6O5U7U4O8U3O6O7U1U2U8,4,3z^3+25z^2+69z+63,3w^4z^3+25w^3z^2+69w^2z+63w,False,False,"[[ 0 -2  0  1  2 -1 -1  0  1],[ 2  0  1  2  2  1  0  1  1],[ 0 -1  0  2  2 -1 -2 -1  0],[-1 -2 -2  0  0 -1 -1 -1 -1],[-2 -2 -2  0  0 -2 -1 -1 -2],[ 1 -1  1  1  2  0 -1  0  2],[ 1  0  2  1  1  1  0  0  2],[ 0 -1  1  1  1  0  0  0  1],[-1 -1  0  1  2 -2 -2 -1  0]]","[[ 0  2  1  1  0  0 -1 -1 -2],[-2  0  0 -2 -1 -2 -1 -2 -2],[-1  0  0 -1 -1 -2 -1 -1 -2],[-1  2  1  0 -1  0 -2 -2 -1],[ 0  1  1  1  0  1  0  0 -1],[ 0  2  2  0 -1  0 -2 -1 -1],[ 1  1  1  2  0  2  0  1  0],[ 1  2  1  2  0  1 -1  0 -1],[ 2  2  2  1  1  1  0  1  0]]",True,"[-2,-1,-1,0,0,1,1,2,0,2,1,2,1,2,2,1,1,2,1,1,2,1,0,2,2,1,-1,0,0,1,2,1,1,-1,0,1]","[-2,-1,-1,0,0,1,1,2,-1,1,0,1,1,2,2,1,1,0,0,0,2,-1,0,1,1,1,-1,0,-1,1,1,1,1,-1,0,1]",t^8+50t^6+187t^4+121t^2+1,"[-2,-1,-1,0,0,1,1,2,0,1,1,1,1,2,2,1,0,1,1,0,1,-1,1,1,0,2,1,-1,1,0,0,0,1,1,1,-1]","[-2,-1,-1,0,0,1,1,2,-1,1,0,1,1,2,2,1,1,0,0,0,2,-1,0,1,1,1,-1,0,-1,1,1,1,1,-1,0,1]","[-2,-1,-1,0,0,1,1,2,0,1,1,1,1,2,2,1,0,2,2,1,1,0,1,2,1,2,1,1,1,1,0,2,2,1,2,0]",c,"[[{8, 3}, {1, 7}, {5, 6}, {2, 4}]]",1,16 K_1^3 + 4 K_1^2 K_2 - 10 K_1^2 - 12 K_1 K_2 - 2 K_1 K_3 - 6 K_1 - 2 K_2^2 + 4 K_2 + 2 K_3 + K_4 + 6,O1O2O3O4U5U3U4O6O7U2O5U1U6O8U7U8,O1O2O3U1U2U4U5O6O7U6O8O5U3O4U7U8,O1O2O3U4U5O6U1O7O4U8O5O8U7U6U2U3,c,"{'O1O2O3O4U5U6U7O6U4O8U3O7O5U1U2U8', 'O1O2O3O4U5U6O5U7U4O8U3O6O7U1U2U8'}",2,"<a href=""/flatknot/8.857962"">8.857962</a>",t^9-50t^7-146t^6+55t^5+362t^4-69t^3-272t^2+72t+74,0,,
8.857963,O1O2O3O4U5U6O5U7U4O8U3O6O7U1U8U2,3,5z^2+38z+57,5w^3z^2+38w^2z+57w,False,False,"[[ 0 -2  1  1  2 -1 -1  0  0],[ 2  0  2  2  2  1  0  1  0],[-1 -2  0  1  2 -2 -2 -1 -1],[-1 -2 -1  0  0 -1 -1 -1 -1],[-2 -2 -2  0  0 -2 -1 -1 -2],[ 1 -1  2  1  2  0 -1  0  1],[ 1  0  2  1  1  1  0  0  1],[ 0 -1  1  1  1  0  0  0  0],[ 0  0  1  1  2 -1 -1  0  0]]","[[ 0  2  1  1  0  0 -1 -1 -2],[-2  0  0 -2 -1 -2 -1 -2 -2],[-1  0  0 -1 -1 -1 -1 -1 -2],[-1  2  1  0 -1 -1 -2 -2 -2],[ 0  1  1  1  0  0  0  0 -1],[ 0  2  1  1  0  0 -1 -1  0],[ 1  1  1  2  0  1  0  1  0],[ 1  2  1  2  0  1 -1  0 -1],[ 2  2  2  2  1  0  0  1  0]]",True,"[-2,-1,-1,0,0,1,1,2,0,2,1,2,1,2,2,1,1,1,1,1,2,1,1,2,2,2,0,0,0,1,1,1,0,-1,0,1]","[-2,-1,-1,0,0,1,1,2,-1,1,0,1,1,2,2,1,0,0,0,0,1,0,0,1,1,1,0,0,0,2,1,1,1,-1,0,1]",t^8+46t^6+132t^4+27t^2,"[-2,-1,-1,0,0,1,1,2,0,1,1,2,1,1,2,1,1,0,0,1,1,1,0,0,1,2,0,0,0,1,0,0,0,-1,-1,1]","[-2,-1,-1,0,0,1,1,2,-1,1,0,1,1,2,2,1,0,0,0,0,1,0,0,1,1,1,0,0,0,2,1,1,1,-1,0,1]","[-2,-1,-1,0,0,1,1,2,0,1,0,1,2,2,2,1,1,0,1,2,1,1,0,1,2,2,0,1,1,2,1,1,1,-1,0,2]",c,"[[{8, 7}, {2, 6}, {3, 5}, {1, 4}]]",1,4 K_1^3 - 8 K_1^2 - 12 K_1 K_2 + 3 K_1 - 4 K_2^2 + 4 K_2 + 5 K_3 + 2 K_4 + 7,O1O2O3O4U3U5U4O6O7U2O5U1U6O8U7U8,O1O2O3U1U3U4U5O6O7U6O8O5U2O4U7U8,O1O2O3U4U5O6U2O7O4U8O5O8U7U6U1U3,c,"{'O1O2O3O4U5U6O5U7U4U2O8O6O7U1U3U8', 'O1O2O3O4U5U6U7O6U4O8U3O7O5U1U8U2', 'O1O2O3O4U5U6O5U7U4O8U3O6O7U1U8U2', 'O1O2O3O4U5U6U7O6U4U2O8O7O5U1U3U8'}",4,"<a href=""/flatknot/8.857963"">8.857963</a>",t^9-46t^7-140t^6+4t^5+362t^4+227t^3-128t^2-64t+16,0,,
8.857964,O1O2O3O4U5U6O5U7U4O8U3O6O7U2U1U8,4,2z^3+23z^2+70z+65,2w^4z^3+23w^3z^2+70w^2z+65w,False,False,"[[ 0 -1 -1  1  2 -1 -1  0  1],[ 1  0  0  2  2  0 -1  0  1],[ 1  0  0  2  2  0 -1  0  0],[-1 -2 -2  0  0 -1 -1 -1 -1],[-2 -2 -2  0  0 -2 -1 -1 -2],[ 1  0  0  1  2  0 -1  0  2],[ 1  1  1  1  1  1  0  0  2],[ 0  0  0  1  1  0  0  0  1],[-1 -1  0  1  2 -2 -2 -1  0]]","[[ 0  2  1  1  0 -1 -1 -1 -1],[-2  0  0 -2 -1 -1 -2 -2 -2],[-1  0  0 -1 -1 -1 -1 -2 -2],[-1  2  1  0 -1 -2 -2  0 -1],[ 0  1  1  1  0  0  0  0  0],[ 1  1  1  2  0  0  1  1  1],[ 1  2  1  2  0 -1  0  0  0],[ 1  2  2  0  0 -1  0  0  0],[ 1  2  2  1  0 -1  0  0  0]]",True,"[-2,-1,-1,0,1,1,1,1,0,2,1,1,2,2,2,1,1,1,1,2,2,1,2,2,0,1,0,0,0,0,-1,-1,-1,0,0,0]","[-2,-1,-1,0,1,1,1,1,-1,1,1,1,1,1,2,1,0,0,1,2,0,0,1,0,0,1,1,1,1,1,0,0,-1,0,-1,-1]",t^8+43t^6+122t^4+39t^2+1,"[-1,-1,-1,-1,0,1,1,2,-1,-1,-1,1,0,1,2,0,0,1,0,1,1,0,1,1,0,1,1,2,0,1,0,0,1,-1,-1,1]","[-2,-1,-1,0,1,1,1,1,-1,1,1,1,1,1,2,1,0,0,1,2,0,0,1,0,0,1,1,1,1,1,0,0,-1,0,-1,-1]","[-1,-1,-1,-1,0,1,1,2,-1,0,0,0,0,2,2,1,1,0,2,1,1,0,0,1,2,2,0,2,1,2,1,1,1,1,2,0]",c,"[[{8, 1}, {2, 7}, {3, 6}, {4, 5}], [{8, 1}, {2, 7}, {4, 6}, {3, 5}], [{8, 1}, {2, 7}, {5, 6}, {3, 4}], [{8, 1}, {3, 7}, {2, 6}, {4, 5}], [{8, 1}, {3, 7}, {4, 6}, {2, 5}], [{8, 1}, {3, 7}, {5, 6}, {2, 4}], [{8, 1}, {3, 7}, {6}, {2, 5}, {4}], [{8, 1}, {4, 7}, {2, 6}, {3, 5}], [{8, 1}, {4, 7}, {3, 6}, {2, 5}], [{8, 1}, {4, 7}, {5, 6}, {2, 3}], [{8, 1}, {5, 7}, {2, 6}, {3, 4}], [{8, 1}, {5, 7}, {3, 6}, {2, 4}], [{8, 1}, {5, 7}, {4, 6}, {2, 3}], [{8, 1}, {5, 7}, {6}, {2, 4}, {3}], [{8, 1}, {5, 7}, {6}, {3, 4}, {2}], [{8, 1}, {5, 7}, {6}, {4}, {2, 3}], [{8, 1}, {6, 7}, {2, 5}, {3, 4}], [{8, 1}, {6, 7}, {3, 5}, {2, 4}], [{8, 1}, {6, 7}, {4, 5}, {2, 3}], [{8, 1}, {6, 7}, {4, 5}, {3}, {2}], [{8, 2}, {1, 7}, {3, 6}, {4, 5}], [{8, 2}, {1, 7}, {3, 6}, {5}, {4}], [{8, 2}, {1, 7}, {4, 6}, {3, 5}], [{8, 2}, {1, 7}, {5, 6}, {3, 4}], [{8, 2}, {3, 7}, {1, 6}, {4, 5}], [{8, 2}, {3, 7}, {1, 6}, {5}, {4}], [{8, 2}, {3, 7}, {4, 6}, {1, 5}], [{8, 2}, {3, 7}, {5, 6}, {1, 4}], [{8, 2}, {3, 7}, {5, 6}, {4}, {1}], [{8, 2}, {3, 7}, {6}, {1, 5}, {4}], [{8, 2}, {4, 7}, {1, 6}, {3, 5}], [{8, 2}, {4, 7}, {3, 6}, {1, 5}], [{8, 2}, {4, 7}, {5, 6}, {1, 3}], [{8, 2}, {5, 7}, {1, 6}, {3, 4}], [{8, 2}, {5, 7}, {3, 6}, {1, 4}], [{8, 2}, {5, 7}, {4, 6}, {1, 3}], [{8, 2}, {5, 7}, {6}, {1, 4}, {3}], [{8, 2}, {5, 7}, {6}, {3, 4}, {1}], [{8, 2}, {5, 7}, {6}, {4}, {1, 3}], [{8, 2}, {6, 7}, {1, 5}, {3, 4}], [{8, 2}, {6, 7}, {3, 5}, {1, 4}], [{8, 2}, {6, 7}, {4, 5}, {1, 3}], [{8, 2}, {6, 7}, {4, 5}, {3}, {1}], [{8, 3}, {1, 7}, {2, 6}, {4, 5}], [{8, 3}, {1, 7}, {4, 6}, {2, 5}], [{8, 3}, {1, 7}, {5, 6}, {2, 4}], [{8, 3}, {1, 7}, {6}, {2, 5}, {4}], [{8, 3}, {1, 7}, {6}, {4, 5}, {2}], [{8, 3}, {1, 7}, {6}, {5}, {2, 4}], [{8, 3}, {2, 7}, {1, 6}, {4, 5}], [{8, 3}, {2, 7}, {4, 6}, {1, 5}], [{8, 3}, {2, 7}, {4, 6}, {5}, {1}], [{8, 3}, {2, 7}, {5, 6}, {1, 4}], [{8, 3}, {4, 7}, {1, 6}, {2, 5}], [{8, 3}, {4, 7}, {2, 6}, {1, 5}], [{8, 3}, {4, 7}, {2, 6}, {5}, {1}], [{8, 3}, {4, 7}, {5, 6}, {1, 2}], [{8, 3}, {5, 7}, {1, 6}, {2, 4}], [{8, 3}, {5, 7}, {2, 6}, {1, 4}], [{8, 3}, {5, 7}, {4, 6}, {1, 2}], [{8, 3}, {5, 7}, {6}, {1, 4}, {2}], [{8, 3}, {5, 7}, {6}, {2, 4}, {1}], [{8, 3}, {5, 7}, {6}, {4}, {1, 2}], [{8, 3}, {6, 7}, {1, 5}, {2, 4}], [{8, 3}, {6, 7}, {2, 5}, {1, 4}], [{8, 3}, {6, 7}, {4, 5}, {1, 2}], [{8, 3}, {6, 7}, {5}, {2, 4}, {1}], [{8, 3}, {7}, {1, 6}, {5}, {2, 4}], [{8, 3}, {7}, {5, 6}, {2, 4}, {1}], [{8, 3}, {7}, {6}, {1, 5}, {2, 4}], [{8, 3}, {7}, {6}, {5}, {2, 4}, {1}], [{8, 4}, {1, 7}, {2, 6}, {3, 5}], [{8, 4}, {1, 7}, {3, 6}, {2, 5}], [{8, 4}, {1, 7}, {5, 6}, {2, 3}], [{8, 4}, {2, 7}, {1, 6}, {3, 5}], [{8, 4}, {2, 7}, {3, 6}, {1, 5}], [{8, 4}, {2, 7}, {5, 6}, {1, 3}], [{8, 4}, {3, 7}, {1, 6}, {2, 5}], [{8, 4}, {3, 7}, {2, 6}, {1, 5}], [{8, 4}, {3, 7}, {5, 6}, {1, 2}], [{8, 4}, {5, 7}, {1, 6}, {2, 3}], [{8, 4}, {5, 7}, {1, 6}, {3}, {2}], [{8, 4}, {5, 7}, {2, 6}, {1, 3}], [{8, 4}, {5, 7}, {2, 6}, {3}, {1}], [{8, 4}, {5, 7}, {3, 6}, {1, 2}], [{8, 4}, {5, 7}, {3, 6}, {2}, {1}], [{8, 4}, {5, 7}, {6}, {1, 3}, {2}], [{8, 4}, {5, 7}, {6}, {2, 3}, {1}], [{8, 4}, {5, 7}, {6}, {3}, {1, 2}], [{8, 4}, {5, 7}, {6}, {3}, {2}, {1}], [{8, 4}, {6, 7}, {1, 5}, {2, 3}], [{8, 4}, {6, 7}, {2, 5}, {1, 3}], [{8, 4}, {6, 7}, {3, 5}, {1, 2}], [{8, 5}, {1, 7}, {2, 6}, {3, 4}], [{8, 5}, {1, 7}, {3, 6}, {2, 4}], [{8, 5}, {1, 7}, {4, 6}, {2, 3}], [{8, 5}, {1, 7}, {6}, {2, 4}, {3}], [{8, 5}, {2, 7}, {1, 6}, {3, 4}], [{8, 5}, {2, 7}, {3, 6}, {1, 4}], [{8, 5}, {2, 7}, {4, 6}, {1, 3}], [{8, 5}, {3, 7}, {1, 6}, {2, 4}], [{8, 5}, {3, 7}, {2, 6}, {1, 4}], [{8, 5}, {3, 7}, {4, 6}, {1, 2}], [{8, 5}, {4, 7}, {1, 6}, {2, 3}], [{8, 5}, {4, 7}, {2, 6}, {1, 3}], [{8, 5}, {4, 7}, {3, 6}, {1, 2}], [{8, 5}, {6, 7}, {1, 4}, {2, 3}], [{8, 5}, {6, 7}, {2, 4}, {1, 3}], [{8, 5}, {6, 7}, {3, 4}, {1, 2}], [{8, 5}, {7}, {1, 6}, {4}, {2, 3}], [{8, 5}, {7}, {4, 6}, {2, 3}, {1}], [{8, 5}, {7}, {6}, {1, 4}, {2, 3}], [{8, 6}, {1, 7}, {2, 5}, {3, 4}], [{8, 6}, {1, 7}, {3, 5}, {2, 4}], [{8, 6}, {1, 7}, {4, 5}, {2, 3}], [{8, 6}, {2, 7}, {1, 5}, {3, 4}], [{8, 6}, {2, 7}, {3, 5}, {1, 4}], [{8, 6}, {2, 7}, {4, 5}, {1, 3}], [{8, 6}, {2, 7}, {4, 5}, {3}, {1}], [{8, 6}, {2, 7}, {5}, {4}, {1, 3}], [{8, 6}, {3, 7}, {1, 5}, {2, 4}], [{8, 6}, {3, 7}, {2, 5}, {1, 4}], [{8, 6}, {3, 7}, {4, 5}, {1, 2}], [{8, 6}, {3, 7}, {4, 5}, {2}, {1}], [{8, 6}, {4, 7}, {1, 5}, {2, 3}], [{8, 6}, {4, 7}, {2, 5}, {1, 3}], [{8, 6}, {4, 7}, {3, 5}, {1, 2}], [{8, 6}, {5, 7}, {1, 4}, {2, 3}], [{8, 6}, {5, 7}, {2, 4}, {1, 3}], [{8, 6}, {5, 7}, {3, 4}, {1, 2}], [{8, 6}, {7}, {1, 5}, {4}, {2, 3}], [{8, 6}, {7}, {4, 5}, {2, 3}, {1}], [{8, 6}, {7}, {5}, {1, 4}, {2, 3}], [{8, 7}, {1, 6}, {2, 5}, {3, 4}], [{8, 7}, {1, 6}, {3, 5}, {2, 4}], [{8, 7}, {1, 6}, {4, 5}, {2, 3}], [{8, 7}, {1, 6}, {4, 5}, {3}, {2}], [{8, 7}, {2, 6}, {1, 5}, {3, 4}], [{8, 7}, {2, 6}, {1, 5}, {4}, {3}], [{8, 7}, {2, 6}, {3, 5}, {1, 4}], [{8, 7}, {2, 6}, {3, 5}, {4}, {1}], [{8, 7}, {2, 6}, {4, 5}, {1, 3}], [{8, 7}, {2, 6}, {5}, {4}, {1, 3}], [{8, 7}, {3, 6}, {1, 5}, {2, 4}], [{8, 7}, {3, 6}, {2, 5}, {1, 4}], [{8, 7}, {3, 6}, {4, 5}, {1, 2}], [{8, 7}, {3, 6}, {4, 5}, {2}, {1}], [{8, 7}, {4, 6}, {1, 5}, {2, 3}], [{8, 7}, {4, 6}, {2, 5}, {1, 3}], [{8, 7}, {4, 6}, {3, 5}, {1, 2}], [{8, 7}, {5, 6}, {1, 4}, {2, 3}], [{8, 7}, {5, 6}, {2, 4}, {1, 3}], [{8, 7}, {5, 6}, {3, 4}, {1, 2}], [{8, 7}, {5, 6}, {3, 4}, {2}, {1}], [{8, 7}, {6}, {4, 5}, {1, 3}, {2}], [{8, 7}, {6}, {5}, {1, 4}, {2, 3}], [{8}, {1, 7}, {4, 6}, {2, 5}, {3}], [{8}, {1, 7}, {6}, {3, 5}, {2, 4}], [{8}, {2, 7}, {5, 6}, {1, 4}, {3}], [{8}, {3, 7}, {4, 6}, {2, 5}, {1}], [{8}, {3, 7}, {5, 6}, {1, 4}, {2}], [{8}, {5, 7}, {6}, {1, 4}, {2, 3}], [{8}, {5, 7}, {6}, {2, 4}, {1, 3}], [{8}, {5, 7}, {6}, {3, 4}, {1, 2}], [{8}, {6, 7}, {4, 5}, {3}, {1, 2}], [{8}, {6, 7}, {5}, {1, 4}, {2, 3}], [{8}, {7}, {2, 6}, {4, 5}, {1, 3}], [{8}, {7}, {4, 6}, {2, 5}, {1, 3}], [{8}, {7}, {5, 6}, {1, 4}, {2, 3}], [{8}, {7}, {6}, {5}, {1, 4}, {2, 3}]]",2,4 K_1^3 - 2 K_1^2 - 4 K_1 K_2 - K_1 + K_2 + K_3 + 2,O1O2O3O4U5U4U3O6O7U2O5U1U6O8U7U8,O1O2O3U2U1U4U5O6O7U6O8O5U3O4U7U8,O1O2O3U4U5O6U1O7O4U8O5O8U7U6U3U2,c,"{'O1O2O3O4U5U6U7O6U4O8U3O7O5U2U1U8', 'O1O2O3O4U5U6O5U7U4O8U3O6O7U2U1U8'}",2,"<a href=""/flatknot/8.857964"">8.857964</a>",t^9-41t^7-80t^6+83t^5+146t^4+23t^3-32t^2-30t+2,-t^2+2t,,
8.857965,O1O2O3O4U5U6O5U7U4O8U3O6O7U8U1U2,3,12z^2+55z+63,12w^3z^2+55w^2z+63w,False,False,"[[ 0 -1  1  1  2 -1 -1  0 -1],[ 1  0  1  1  2  0  0  1 -1],[-1 -1  0  1  2 -2 -2 -1 -1],[-1 -1 -1  0  0 -1 -1 -1 -1],[-2 -2 -2  0  0 -2 -1 -1 -2],[ 1  0  2  1  2  0 -1  0  0],[ 1  0  2  1  1  1  0  0  0],[ 0 -1  1  1  1  0  0  0 -1],[ 1  1  1  1  2  0  0  1  0]]","[[ 0  2  1  1  0 -1 -1 -1 -1],[-2  0  0 -2 -1 -1 -2 -2 -2],[-1  0  0 -1 -1 -1 -1 -1 -1],[-1  2  1  0 -1 -2 -1 -1 -2],[ 0  1  1  1  0  0 -1 -1  0],[ 1  1  1  2  0  0  0  0  1],[ 1  2  1  1  1  0  0  1  0],[ 1  2  1  1  1  0 -1  0  0],[ 1  2  1  2  0 -1  0  0  0]]",True,"[-2,-1,-1,0,1,1,1,1,0,2,1,1,2,2,2,1,1,1,1,1,1,1,2,1,1,2,0,1,1,0,0,0,-1,-1,0,0]","[-2,-1,-1,0,1,1,1,1,-1,1,1,1,1,1,2,1,0,0,1,1,0,0,1,1,1,1,1,0,0,1,0,0,-1,-1,0,0]",t^8+39t^6+133t^4+19t^2,"[-1,-1,-1,-1,0,1,1,2,-1,0,0,0,1,1,1,0,0,0,1,1,1,-1,1,0,1,2,1,0,1,1,0,0,1,-1,-1,1]","[-2,-1,-1,0,1,1,1,1,-1,1,1,1,1,1,2,1,0,0,1,1,0,0,1,1,1,1,1,0,0,1,0,0,-1,-1,0,0]","[-1,-1,-1,-1,0,1,1,2,-1,0,0,0,1,2,2,0,0,0,1,2,1,-1,1,1,1,2,1,1,1,2,1,1,1,-1,0,2]",c,"[[{8, 1}, {3, 7}, {4, 6}, {2, 5}], [{8, 3}, {4, 7}, {5, 6}, {1, 2}], [{8, 3}, {5, 7}, {4, 6}, {1, 2}], [{8, 3}, {5, 7}, {6}, {4}, {1, 2}], [{8, 3}, {6, 7}, {4, 5}, {1, 2}], [{8, 5}, {3, 7}, {4, 6}, {1, 2}], [{8, 5}, {3, 7}, {6}, {4}, {1, 2}], [{8}, {6, 7}, {4, 5}, {3}, {1, 2}]]",1,4 K_1^3 - 14 K_1^2 - 4 K_1 K_2 - K_1 + 7 K_2 + K_3 + 8,O1O2O3O4U3U4U5O6O7U2O5U1U6O8U7U8,O1O2O3U2U3U4U5O6O7U6O8O5U1O4U7U8,O1O2O3U4U5O6U3O7O4U8O5O8U7U6U1U2,c,"{'O1O2O3O4U5U6O5U7U4O8U3O6O7U8U1U2', 'O1O2O3O4U5U6U7O6U4O8U3O7O5U8U1U2'}",2,"<a href=""/flatknot/8.857965"">8.857965</a>",t^9-37t^7-96t^6+38t^5+306t^4+232t^3-20t^2-28t+16,-t^2+2t,,
8.857966,O1O2O3O4U5U6O5U1U2O7U3O8O6U4U7U8,4,4z^3+34z^2+91z+79,-2w^5z^3+6w^4z^3-8w^4z^2+42w^3z^2-6w^3z+97w^2z+79w,False,False,"[[ 0 -2  0  1  1 -1  0  0  1],[ 2  0  1  2  2  2  1  1  0],[ 0 -1  0  1  1  0  0  1  0],[-1 -2 -1  0  0 -1  0  1  1],[-1 -2 -1  0  0 -2  0  0  1],[ 1 -2  0  1  2  0  0  1  2],[ 0 -1  0  0  0  0  0  0  0],[ 0 -1 -1 -1  0 -1  0  0  1],[-1  0  0 -1 -1 -2  0 -1  0]]","[[ 0  1  1  1  0  0  0 -1 -2],[-1  0  1  0  1  0 -1 -1 -2],[-1 -1  0 -1 -1  0  0 -2  0],[-1  0  1  0  0  0 -1 -2 -2],[ 0 -1  1  0  0  0 -1 -1 -1],[ 0  0  0  0  0  0  0  0 -1],[ 0  1  0  1  1  0  0  0 -1],[ 1  1  2  2  1  0  0  0 -2],[ 2  2  0  2  1  1  1  2  0]]",True,"[-1,-1,-1,0,0,0,1,2,-1,0,-1,0,1,1,2,1,1,0,0,2,0,0,0,1,2,2,0,1,1,1,0,0,1,0,1,2]","[-2,-1,0,0,0,1,1,1,-1,1,1,1,1,1,3,0,1,1,0,1,0,0,1,1,2,0,0,1,1,1,0,0,1,0,-1,-1]",t^8+32t^6+72t^4+35t^2+4,"[-2,-1,0,0,0,1,1,1,-1,1,1,1,1,1,3,0,1,1,0,1,0,0,1,1,2,0,0,1,1,1,0,0,1,0,-1,-1]","[-1,-1,-1,0,0,0,1,2,-1,-1,0,1,1,0,3,0,1,0,1,0,1,2,0,1,1,1,-1,0,0,1,0,1,1,1,1,-1]","[-2,-1,0,0,0,1,1,1,2,1,1,1,0,2,2,0,0,1,2,1,2,0,0,0,0,0,1,0,1,1,1,-1,0,-1,-1,0]",c,"[[{8, 1}, {2, 7}, {3, 6}, {4, 5}], [{8, 1}, {2, 7}, {4, 6}, {3, 5}], [{8, 1}, {2, 7}, {4, 6}, {5}, {3}], [{8, 1}, {2, 7}, {5, 6}, {3, 4}], [{8, 1}, {2, 7}, {5, 6}, {4}, {3}], [{8, 1}, {2, 7}, {6}, {4, 5}, {3}], [{8, 1}, {3, 7}, {2, 6}, {4, 5}], [{8, 1}, {3, 7}, {4, 6}, {2, 5}], [{8, 1}, {3, 7}, {5, 6}, {2, 4}], [{8, 1}, {3, 7}, {5, 6}, {4}, {2}], [{8, 1}, {4, 7}, {2, 6}, {3, 5}], [{8, 1}, {4, 7}, {3, 6}, {2, 5}], [{8, 1}, {4, 7}, {5, 6}, {2, 3}], [{8, 1}, {4, 7}, {5, 6}, {3}, {2}], [{8, 1}, {5, 7}, {2, 6}, {3, 4}], [{8, 1}, {5, 7}, {3, 6}, {2, 4}], [{8, 1}, {5, 7}, {4, 6}, {2, 3}], [{8, 1}, {5, 7}, {6}, {2, 4}, {3}], [{8, 1}, {6, 7}, {2, 5}, {3, 4}], [{8, 1}, {6, 7}, {3, 5}, {2, 4}], [{8, 1}, {6, 7}, {4, 5}, {2, 3}], [{8, 1}, {6, 7}, {5}, {2, 4}, {3}], [{8, 1}, {7}, {5, 6}, {2, 4}, {3}], [{8, 1}, {7}, {5, 6}, {3, 4}, {2}], [{8, 1}, {7}, {5, 6}, {4}, {2, 3}], [{8, 1}, {7}, {5, 6}, {4}, {3}, {2}], [{8, 2}, {1, 7}, {3, 6}, {4, 5}], [{8, 2}, {1, 7}, {4, 6}, {3, 5}], [{8, 2}, {1, 7}, {5, 6}, {3, 4}], [{8, 2}, {1, 7}, {6}, {3, 5}, {4}], [{8, 2}, {3, 7}, {1, 6}, {4, 5}], [{8, 2}, {3, 7}, {1, 6}, {5}, {4}], [{8, 2}, {3, 7}, {4, 6}, {1, 5}], [{8, 2}, {3, 7}, {4, 6}, {5}, {1}], [{8, 2}, {3, 7}, {5, 6}, {1, 4}], [{8, 2}, {3, 7}, {5, 6}, {4}, {1}], [{8, 2}, {3, 7}, {6}, {1, 5}, {4}], [{8, 2}, {3, 7}, {6}, {4, 5}, {1}], [{8, 2}, {3, 7}, {6}, {5}, {1, 4}], [{8, 2}, {3, 7}, {6}, {5}, {4}, {1}], [{8, 2}, {4, 7}, {1, 6}, {3, 5}], [{8, 2}, {4, 7}, {3, 6}, {1, 5}], [{8, 2}, {4, 7}, {5, 6}, {1, 3}], [{8, 2}, {5, 7}, {1, 6}, {3, 4}], [{8, 2}, {5, 7}, {3, 6}, {1, 4}], [{8, 2}, {5, 7}, {4, 6}, {1, 3}], [{8, 2}, {5, 7}, {6}, {4}, {1, 3}], [{8, 2}, {6, 7}, {1, 5}, {3, 4}], [{8, 2}, {6, 7}, {3, 5}, {1, 4}], [{8, 2}, {6, 7}, {4, 5}, {1, 3}], [{8, 3}, {1, 7}, {2, 6}, {4, 5}], [{8, 3}, {1, 7}, {4, 6}, {2, 5}], [{8, 3}, {1, 7}, {5, 6}, {2, 4}], [{8, 3}, {1, 7}, {5, 6}, {4}, {2}], [{8, 3}, {2, 7}, {1, 6}, {4, 5}], [{8, 3}, {2, 7}, {1, 6}, {5}, {4}], [{8, 3}, {2, 7}, {4, 6}, {1, 5}], [{8, 3}, {2, 7}, {5, 6}, {1, 4}], [{8, 3}, {2, 7}, {6}, {4, 5}, {1}], [{8, 3}, {4, 7}, {1, 6}, {2, 5}], [{8, 3}, {4, 7}, {2, 6}, {1, 5}], [{8, 3}, {4, 7}, {5, 6}, {1, 2}], [{8, 3}, {5, 7}, {1, 6}, {2, 4}], [{8, 3}, {5, 7}, {2, 6}, {1, 4}], [{8, 3}, {5, 7}, {4, 6}, {1, 2}], [{8, 3}, {5, 7}, {6}, {4}, {1, 2}], [{8, 3}, {6, 7}, {1, 5}, {2, 4}], [{8, 3}, {6, 7}, {2, 5}, {1, 4}], [{8, 3}, {6, 7}, {4, 5}, {1, 2}], [{8, 3}, {7}, {4, 6}, {1, 5}, {2}], [{8, 4}, {1, 7}, {2, 6}, {3, 5}], [{8, 4}, {1, 7}, {2, 6}, {5}, {3}], [{8, 4}, {1, 7}, {3, 6}, {2, 5}], [{8, 4}, {1, 7}, {5, 6}, {2, 3}], [{8, 4}, {2, 7}, {1, 6}, {3, 5}], [{8, 4}, {2, 7}, {3, 6}, {1, 5}], [{8, 4}, {2, 7}, {5, 6}, {1, 3}], [{8, 4}, {2, 7}, {5, 6}, {3}, {1}], [{8, 4}, {2, 7}, {6}, {5}, {1, 3}], [{8, 4}, {3, 7}, {1, 6}, {2, 5}], [{8, 4}, {3, 7}, {2, 6}, {1, 5}], [{8, 4}, {3, 7}, {5, 6}, {1, 2}], [{8, 4}, {3, 7}, {5, 6}, {2}, {1}], [{8, 4}, {5, 7}, {1, 6}, {2, 3}], [{8, 4}, {5, 7}, {2, 6}, {1, 3}], [{8, 4}, {5, 7}, {3, 6}, {1, 2}], [{8, 4}, {6, 7}, {1, 5}, {2, 3}], [{8, 4}, {6, 7}, {2, 5}, {1, 3}], [{8, 4}, {6, 7}, {3, 5}, {1, 2}], [{8, 4}, {7}, {3, 6}, {1, 5}, {2}], [{8, 4}, {7}, {5, 6}, {2, 3}, {1}], [{8, 5}, {1, 7}, {2, 6}, {3, 4}], [{8, 5}, {1, 7}, {3, 6}, {2, 4}], [{8, 5}, {1, 7}, {4, 6}, {2, 3}], [{8, 5}, {1, 7}, {6}, {3, 4}, {2}], [{8, 5}, {2, 7}, {1, 6}, {3, 4}], [{8, 5}, {2, 7}, {1, 6}, {4}, {3}], [{8, 5}, {2, 7}, {3, 6}, {1, 4}], [{8, 5}, {2, 7}, {3, 6}, {4}, {1}], [{8, 5}, {2, 7}, {4, 6}, {1, 3}], [{8, 5}, {2, 7}, {4, 6}, {3}, {1}], [{8, 5}, {2, 7}, {6}, {1, 4}, {3}], [{8, 5}, {2, 7}, {6}, {3, 4}, {1}], [{8, 5}, {2, 7}, {6}, {4}, {1, 3}], [{8, 5}, {3, 7}, {1, 6}, {2, 4}], [{8, 5}, {3, 7}, {2, 6}, {1, 4}], [{8, 5}, {3, 7}, {2, 6}, {4}, {1}], [{8, 5}, {3, 7}, {4, 6}, {1, 2}], [{8, 5}, {3, 7}, {6}, {1, 4}, {2}], [{8, 5}, {4, 7}, {1, 6}, {2, 3}], [{8, 5}, {4, 7}, {2, 6}, {1, 3}], [{8, 5}, {4, 7}, {3, 6}, {1, 2}], [{8, 5}, {4, 7}, {6}, {1, 3}, {2}], [{8, 5}, {6, 7}, {1, 4}, {2, 3}], [{8, 5}, {6, 7}, {2, 4}, {1, 3}], [{8, 5}, {6, 7}, {3, 4}, {1, 2}], [{8, 5}, {7}, {6}, {1, 4}, {2, 3}], [{8, 5}, {7}, {6}, {2, 4}, {1, 3}], [{8, 5}, {7}, {6}, {3, 4}, {1, 2}], [{8, 6}, {1, 7}, {2, 5}, {3, 4}], [{8, 6}, {1, 7}, {3, 5}, {2, 4}], [{8, 6}, {1, 7}, {4, 5}, {2, 3}], [{8, 6}, {1, 7}, {4, 5}, {3}, {2}], [{8, 6}, {1, 7}, {5}, {4}, {2, 3}], [{8, 6}, {2, 7}, {1, 5}, {3, 4}], [{8, 6}, {2, 7}, {3, 5}, {1, 4}], [{8, 6}, {2, 7}, {4, 5}, {1, 3}], [{8, 6}, {2, 7}, {5}, {1, 4}, {3}], [{8, 6}, {3, 7}, {1, 5}, {2, 4}], [{8, 6}, {3, 7}, {2, 5}, {1, 4}], [{8, 6}, {3, 7}, {2, 5}, {4}, {1}], [{8, 6}, {3, 7}, {4, 5}, {1, 2}], [{8, 6}, {3, 7}, {5}, {1, 4}, {2}], [{8, 6}, {4, 7}, {1, 5}, {2, 3}], [{8, 6}, {4, 7}, {2, 5}, {1, 3}], [{8, 6}, {4, 7}, {3, 5}, {1, 2}], [{8, 6}, {4, 7}, {5}, {2, 3}, {1}], [{8, 6}, {5, 7}, {1, 4}, {2, 3}], [{8, 6}, {5, 7}, {2, 4}, {1, 3}], [{8, 6}, {5, 7}, {3, 4}, {1, 2}], [{8, 6}, {5, 7}, {4}, {3}, {1, 2}], [{8, 6}, {7}, {5}, {1, 4}, {2, 3}], [{8, 7}, {1, 6}, {2, 5}, {3, 4}], [{8, 7}, {1, 6}, {3, 5}, {2, 4}], [{8, 7}, {1, 6}, {4, 5}, {2, 3}], [{8, 7}, {1, 6}, {4, 5}, {3}, {2}], [{8, 7}, {1, 6}, {5}, {4}, {2, 3}], [{8, 7}, {2, 6}, {1, 5}, {3, 4}], [{8, 7}, {2, 6}, {3, 5}, {1, 4}], [{8, 7}, {2, 6}, {4, 5}, {1, 3}], [{8, 7}, {3, 6}, {1, 5}, {2, 4}], [{8, 7}, {3, 6}, {2, 5}, {1, 4}], [{8, 7}, {3, 6}, {4, 5}, {1, 2}], [{8, 7}, {4, 6}, {1, 5}, {2, 3}], [{8, 7}, {4, 6}, {2, 5}, {1, 3}], [{8, 7}, {4, 6}, {3, 5}, {1, 2}], [{8, 7}, {5, 6}, {1, 4}, {2, 3}], [{8, 7}, {5, 6}, {2, 4}, {1, 3}], [{8, 7}, {5, 6}, {3, 4}, {1, 2}], [{8, 7}, {5, 6}, {4}, {1, 3}, {2}], [{8, 7}, {6}, {1, 5}, {3, 4}, {2}], [{8}, {1, 7}, {4, 6}, {2, 5}, {3}], [{8}, {2, 7}, {1, 6}, {3, 5}, {4}], [{8}, {2, 7}, {4, 6}, {1, 5}, {3}], [{8}, {2, 7}, {5, 6}, {1, 4}, {3}], [{8}, {2, 7}, {6}, {4, 5}, {1, 3}], [{8}, {3, 7}, {2, 6}, {5}, {1, 4}], [{8}, {3, 7}, {5, 6}, {1, 4}, {2}], [{8}, {3, 7}, {5, 6}, {2, 4}, {1}], [{8}, {3, 7}, {5, 6}, {4}, {1, 2}], [{8}, {3, 7}, {5, 6}, {4}, {2}, {1}], [{8}, {3, 7}, {6}, {2, 5}, {1, 4}], [{8}, {5, 7}, {1, 6}, {3, 4}, {2}], [{8}, {5, 7}, {3, 6}, {4}, {1, 2}], [{8}, {5, 7}, {4, 6}, {1, 3}, {2}], [{8}, {6, 7}, {2, 5}, {4}, {1, 3}], [{8}, {7}, {5, 6}, {1, 4}, {2, 3}]]",2,12 K_1^3 - 14 K_1^2 - 12 K_1 K_2 - 3 K_1 + 7 K_2 + 3 K_3 + 8,O1O2O3O4U5U6U1O7O5U2O6U3U4O8U7U8,O1O2O3U4U5U6U1O7O8U7O4O5U2O6U3U8,O1O2O3U4U1O5U2O6O7U8O4O8U3U5U6U7,c,{'O1O2O3O4U5U6O5U1U2O7U3O8O6U4U7U8'},1,"<a href=""/flatknot/8.857966"">8.857966</a>",t^9-34t^7-68t^6+69t^5+158t^4-44t^3-108t^2+6t+2,t^2-2t,,
8.857967,O1O2O3O4U5U6O5U1U2O7U3O8O6U7U8U4,4,7z^3+46z^2+110z+93,7w^4z^3+46w^3z^2+110w^2z+93w,False,False,"[[ 0 -2  0  1  3 -1  0 -1  0],[ 2  0  1  2  2  2  1  0 -1],[ 0 -1  0  1  1  0  0  0 -1],[-1 -2 -1  0  1 -1  0  0  0],[-3 -2 -1 -1  0 -4  0 -2  0],[ 1 -2  0  1  4  0  0  0  1],[ 0 -1  0  0  0  0  0 -1 -1],[ 1  0  0  0  2  0  1  0  1],[ 0  1  1  0  0 -1  1 -1  0]]","[[ 0  3  1  0  0  0 -1 -1 -2],[-3  0 -1  0  0 -1 -2 -4 -2],[-1  1  0  0  0 -1  0 -1 -2],[ 0  0  0  0  1  1 -1 -1  1],[ 0  0  0 -1  0  0 -1  0 -1],[ 0  1  1 -1  0  0  0  0 -1],[ 1  2  0  1  1  0  0  0  0],[ 1  4  1  1  0  0  0  0 -2],[ 2  2  2 -1  1  1  0  2  0]]",True,"[-3,-1,0,0,0,1,1,2,1,0,0,1,2,4,2,0,0,1,0,1,2,-1,-1,1,1,-1,0,1,0,1,0,0,1,0,0,2]","[-3,-1,0,0,0,1,1,2,1,0,0,1,2,4,2,0,0,1,0,1,2,-1,-1,1,1,-1,0,1,0,1,0,0,1,0,0,2]",t^8+44t^6+300t^4+207t^2+9,"[-2,-1,-1,0,0,0,1,3,-1,1,1,1,3,1,3,0,1,1,0,1,0,0,1,0,2,2,0,1,1,3,1,0,2,1,3,1]","[-3,-1,0,0,0,1,1,2,1,2,3,3,0,2,3,0,1,1,1,2,1,-1,0,1,1,1,1,0,0,3,1,0,1,0,-1,1]","[-2,-1,-1,0,0,0,1,3,0,2,-1,1,1,2,2,0,1,0,1,0,2,1,0,0,1,4,1,1,0,0,0,1,1,0,0,1]",c,"[[{8, 1}, {2, 7}, {3, 6}, {4, 5}], [{8, 1}, {2, 7}, {3, 6}, {5}, {4}], [{8, 1}, {2, 7}, {4, 6}, {3, 5}], [{8, 1}, {2, 7}, {4, 6}, {5}, {3}], [{8, 1}, {2, 7}, {5, 6}, {3, 4}], [{8, 1}, {2, 7}, {6}, {5}, {3, 4}], [{8, 1}, {3, 7}, {2, 6}, {4, 5}], [{8, 1}, {3, 7}, {4, 6}, {2, 5}], [{8, 1}, {3, 7}, {5, 6}, {2, 4}], [{8, 1}, {4, 7}, {2, 6}, {3, 5}], [{8, 1}, {4, 7}, {3, 6}, {2, 5}], [{8, 1}, {4, 7}, {5, 6}, {2, 3}], [{8, 1}, {5, 7}, {2, 6}, {3, 4}], [{8, 1}, {5, 7}, {3, 6}, {2, 4}], [{8, 1}, {5, 7}, {4, 6}, {2, 3}], [{8, 1}, {6, 7}, {2, 5}, {3, 4}], [{8, 1}, {6, 7}, {3, 5}, {2, 4}], [{8, 1}, {6, 7}, {4, 5}, {2, 3}], [{8, 2}, {1, 7}, {3, 6}, {4, 5}], [{8, 2}, {1, 7}, {3, 6}, {5}, {4}], [{8, 2}, {1, 7}, {4, 6}, {3, 5}], [{8, 2}, {1, 7}, {5, 6}, {3, 4}], [{8, 2}, {3, 7}, {1, 6}, {4, 5}], [{8, 2}, {3, 7}, {4, 6}, {1, 5}], [{8, 2}, {3, 7}, {5, 6}, {1, 4}], [{8, 2}, {3, 7}, {6}, {1, 5}, {4}], [{8, 2}, {3, 7}, {6}, {4, 5}, {1}], [{8, 2}, {3, 7}, {6}, {5}, {1, 4}], [{8, 2}, {4, 7}, {1, 6}, {3, 5}], [{8, 2}, {4, 7}, {3, 6}, {1, 5}], [{8, 2}, {4, 7}, {3, 6}, {5}, {1}], [{8, 2}, {4, 7}, {5, 6}, {1, 3}], [{8, 2}, {5, 7}, {1, 6}, {3, 4}], [{8, 2}, {5, 7}, {3, 6}, {1, 4}], [{8, 2}, {5, 7}, {4, 6}, {1, 3}], [{8, 2}, {6, 7}, {1, 5}, {3, 4}], [{8, 2}, {6, 7}, {3, 5}, {1, 4}], [{8, 2}, {6, 7}, {4, 5}, {1, 3}], [{8, 2}, {6, 7}, {5}, {1, 4}, {3}], [{8, 2}, {7}, {3, 6}, {5}, {1, 4}], [{8, 3}, {1, 7}, {2, 6}, {4, 5}], [{8, 3}, {1, 7}, {4, 6}, {2, 5}], [{8, 3}, {1, 7}, {5, 6}, {2, 4}], [{8, 3}, {2, 7}, {1, 6}, {4, 5}], [{8, 3}, {2, 7}, {1, 6}, {5}, {4}], [{8, 3}, {2, 7}, {4, 6}, {1, 5}], [{8, 3}, {2, 7}, {5, 6}, {1, 4}], [{8, 3}, {2, 7}, {6}, {4, 5}, {1}], [{8, 3}, {4, 7}, {1, 6}, {2, 5}], [{8, 3}, {4, 7}, {2, 6}, {1, 5}], [{8, 3}, {4, 7}, {5, 6}, {1, 2}], [{8, 3}, {4, 7}, {6}, {5}, {1, 2}], [{8, 3}, {5, 7}, {1, 6}, {2, 4}], [{8, 3}, {5, 7}, {2, 6}, {1, 4}], [{8, 3}, {5, 7}, {4, 6}, {1, 2}], [{8, 3}, {5, 7}, {6}, {1, 4}, {2}], [{8, 3}, {6, 7}, {1, 5}, {2, 4}], [{8, 3}, {6, 7}, {2, 5}, {1, 4}], [{8, 3}, {6, 7}, {4, 5}, {1, 2}], [{8, 3}, {6, 7}, {5}, {1, 4}, {2}], [{8, 3}, {7}, {2, 6}, {1, 5}, {4}], [{8, 3}, {7}, {5, 6}, {1, 4}, {2}], [{8, 3}, {7}, {5, 6}, {2, 4}, {1}], [{8, 3}, {7}, {5, 6}, {4}, {1, 2}], [{8, 4}, {1, 7}, {2, 6}, {3, 5}], [{8, 4}, {1, 7}, {3, 6}, {2, 5}], [{8, 4}, {1, 7}, {5, 6}, {2, 3}], [{8, 4}, {2, 7}, {1, 6}, {3, 5}], [{8, 4}, {2, 7}, {3, 6}, {1, 5}], [{8, 4}, {2, 7}, {5, 6}, {1, 3}], [{8, 4}, {3, 7}, {1, 6}, {2, 5}], [{8, 4}, {3, 7}, {2, 6}, {1, 5}], [{8, 4}, {3, 7}, {5, 6}, {1, 2}], [{8, 4}, {5, 7}, {1, 6}, {2, 3}], [{8, 4}, {5, 7}, {2, 6}, {1, 3}], [{8, 4}, {5, 7}, {3, 6}, {1, 2}], [{8, 4}, {5, 7}, {6}, {1, 3}, {2}], [{8, 4}, {6, 7}, {1, 5}, {2, 3}], [{8, 4}, {6, 7}, {2, 5}, {1, 3}], [{8, 4}, {6, 7}, {3, 5}, {1, 2}], [{8, 4}, {6, 7}, {5}, {1, 3}, {2}], [{8, 4}, {7}, {5, 6}, {1, 3}, {2}], [{8, 5}, {1, 7}, {2, 6}, {3, 4}], [{8, 5}, {1, 7}, {3, 6}, {2, 4}], [{8, 5}, {1, 7}, {4, 6}, {2, 3}], [{8, 5}, {2, 7}, {1, 6}, {3, 4}], [{8, 5}, {2, 7}, {1, 6}, {4}, {3}], [{8, 5}, {2, 7}, {3, 6}, {1, 4}], [{8, 5}, {2, 7}, {3, 6}, {4}, {1}], [{8, 5}, {2, 7}, {4, 6}, {1, 3}], [{8, 5}, {2, 7}, {6}, {4}, {1, 3}], [{8, 5}, {3, 7}, {1, 6}, {2, 4}], [{8, 5}, {3, 7}, {2, 6}, {1, 4}], [{8, 5}, {3, 7}, {4, 6}, {1, 2}], [{8, 5}, {4, 7}, {1, 6}, {2, 3}], [{8, 5}, {4, 7}, {2, 6}, {1, 3}], [{8, 5}, {4, 7}, {3, 6}, {1, 2}], [{8, 5}, {6, 7}, {1, 4}, {2, 3}], [{8, 5}, {6, 7}, {2, 4}, {1, 3}], [{8, 5}, {6, 7}, {3, 4}, {1, 2}], [{8, 5}, {7}, {4, 6}, {1, 3}, {2}], [{8, 6}, {1, 7}, {2, 5}, {3, 4}], [{8, 6}, {1, 7}, {2, 5}, {4}, {3}], [{8, 6}, {1, 7}, {3, 5}, {2, 4}], [{8, 6}, {1, 7}, {4, 5}, {2, 3}], [{8, 6}, {2, 7}, {1, 5}, {3, 4}], [{8, 6}, {2, 7}, {3, 5}, {1, 4}], [{8, 6}, {2, 7}, {4, 5}, {1, 3}], [{8, 6}, {2, 7}, {5}, {1, 4}, {3}], [{8, 6}, {3, 7}, {1, 5}, {2, 4}], [{8, 6}, {3, 7}, {2, 5}, {1, 4}], [{8, 6}, {3, 7}, {4, 5}, {1, 2}], [{8, 6}, {3, 7}, {5}, {2, 4}, {1}], [{8, 6}, {4, 7}, {1, 5}, {2, 3}], [{8, 6}, {4, 7}, {2, 5}, {1, 3}], [{8, 6}, {4, 7}, {3, 5}, {1, 2}], [{8, 6}, {4, 7}, {5}, {1, 3}, {2}], [{8, 6}, {5, 7}, {1, 4}, {2, 3}], [{8, 6}, {5, 7}, {2, 4}, {1, 3}], [{8, 6}, {5, 7}, {3, 4}, {1, 2}], [{8, 6}, {5, 7}, {4}, {1, 3}, {2}], [{8, 6}, {7}, {4, 5}, {1, 3}, {2}], [{8, 7}, {1, 6}, {2, 5}, {3, 4}], [{8, 7}, {1, 6}, {3, 5}, {2, 4}], [{8, 7}, {1, 6}, {4, 5}, {2, 3}], [{8, 7}, {2, 6}, {1, 5}, {3, 4}], [{8, 7}, {2, 6}, {3, 5}, {1, 4}], [{8, 7}, {2, 6}, {4, 5}, {1, 3}], [{8, 7}, {3, 6}, {1, 5}, {2, 4}], [{8, 7}, {3, 6}, {2, 5}, {1, 4}], [{8, 7}, {3, 6}, {4, 5}, {1, 2}], [{8, 7}, {4, 6}, {1, 5}, {2, 3}], [{8, 7}, {4, 6}, {2, 5}, {1, 3}], [{8, 7}, {4, 6}, {3, 5}, {1, 2}], [{8, 7}, {4, 6}, {5}, {1, 3}, {2}], [{8, 7}, {5, 6}, {1, 4}, {2, 3}], [{8, 7}, {5, 6}, {2, 4}, {1, 3}], [{8, 7}, {5, 6}, {3, 4}, {1, 2}], [{8, 7}, {6}, {4, 5}, {2, 3}, {1}], [{8}, {1, 7}, {2, 6}, {3, 5}, {4}], [{8}, {2, 7}, {1, 6}, {3, 5}, {4}], [{8}, {2, 7}, {3, 6}, {1, 5}, {4}], [{8}, {4, 7}, {2, 6}, {3, 5}, {1}], [{8}, {4, 7}, {5, 6}, {3}, {1, 2}], [{8}, {5, 7}, {4, 6}, {1, 3}, {2}], [{8}, {6, 7}, {4, 5}, {3}, {1, 2}], [{8}, {6, 7}, {5}, {1, 4}, {2, 3}], [{8}, {7}, {2, 6}, {3, 5}, {1, 4}]]",2,24 K_1^3 + 4 K_1^2 K_2 - 22 K_1^2 - 18 K_1 K_2 - 4 K_1 K_3 - 9 K_1 + 11 K_2 + 3 K_3 + K_4 + 11,O1O2O3O4U1U5U6O7O5U2O6U3U4O8U7U8,O1O2O3U4U5U6U3O7O8U7O4O5U1O6U2U8,O1O2O3U4U2O5U3O6O7U8O4O8U1U5U6U7,c,{'O1O2O3O4U5U6O5U1U2O7U3O8O6U7U8U4'},1,"<a href=""/flatknot/8.857967"">8.857967</a>",t^9-40t^7-78t^6+117t^5+126t^4-98t^3+128t^2+52t+10,-t^3+t^2+t,,
8.857968,O1O2O3O4U5U6O5U1U2O7U3O8O6U8U4U7,4,9z^3+56z^2+114z+77,9w^4z^3+56w^3z^2+114w^2z+77w,False,False,"[[ 0 -2  0  1  2 -1  0  1 -1],[ 2  0  1  2  2  2  1  1 -1],[ 0 -1  0  1  1  0  0  1 -1],[-1 -2 -1  0  0 -1  0  1 -1],[-2 -2 -1  0  0 -3  0  0 -1],[ 1 -2  0  1  3  0  0  2  0],[ 0 -1  0  0  0  0  0  0 -1],[-1 -1 -1 -1  0 -2  0  0  0],[ 1  1  1  1  1  0  1  0  0]]","[[ 0  2  1  1  0  0 -1 -1 -2],[-2  0  0  0  0 -1 -1 -3 -2],[-1  0  0  1  0 -1 -1 -1 -2],[-1  0 -1  0  0 -1  0 -2 -1],[ 0  0  0  0  0  0 -1  0 -1],[ 0  1  1  1  0  0 -1  0 -1],[ 1  1  1  0  1  1  0  0  1],[ 1  3  1  2  0  0  0  0 -2],[ 2  2  2  1  1  1 -1  2  0]]",True,"[-2,-1,-1,0,0,1,1,2,0,0,0,1,1,3,2,-1,0,1,1,1,2,0,1,0,2,1,0,1,0,1,1,0,1,0,-1,2]","[-2,-1,-1,0,0,1,1,2,-1,2,1,1,1,2,2,0,1,1,0,1,1,0,0,2,1,3,0,0,0,0,1,1,1,-1,0,0]",t^8+38t^6+155t^4+66t^2+4,"[-2,-1,-1,0,0,1,1,2,-1,2,1,1,1,2,2,0,1,1,1,0,0,0,0,1,2,2,0,0,0,1,1,1,2,-1,1,1]","[-2,-1,-1,0,0,1,1,2,1,1,1,2,0,2,2,-1,0,1,0,2,2,0,1,1,1,1,0,1,0,1,1,0,1,0,-1,2]","[-2,-1,-1,0,0,1,1,2,-1,2,1,1,1,2,2,0,1,1,0,1,1,0,0,2,1,3,0,0,0,0,1,1,1,-1,0,0]",c,"[[{8, 3}, {5, 7}, {2, 6}, {1, 4}], [{8, 6}, {1, 7}, {3, 5}, {2, 4}]]",1,- 8 K_1^4 + 16 K_1^3 + 12 K_1^2 K_2 - 4 K_1^2 - 20 K_1 K_2 - 4 K_1 K_3 - 2 K_1 - 2 K_2^2 + 2 K_2 + 6 K_3 + K_4 + 4,O1O2O3O4U5U1U6O7O6U2O5U3U4O8U7U8,O1O2O3U4U5U6U2O7O8U7O4O5U3O6U1U8,O1O2O3U4U3O5U1O6O7U8O4O8U2U5U6U7,c,{'O1O2O3O4U5U6O5U1U2O7U3O8O6U8U4U7'},1,"<a href=""/flatknot/8.857968"">8.857968</a>",t^9-38t^7-86t^6+97t^5+264t^4-49t^3-186t^2-13t,0,,
8.857969,O1O2O3O4U5U6O5U1U2O7U3O8O6U8U7U4,4,6z^3+40z^2+91z+71,6w^4z^3+40w^3z^2+91w^2z+71w,False,False,"[[ 0 -2  0  1  3 -1  0  0 -1],[ 2  0  1  2  2  2  1  0 -1],[ 0 -1  0  1  1  0  0  0 -1],[-1 -2 -1  0  1 -1  0  0 -1],[-3 -2 -1 -1  0 -4  0 -1 -1],[ 1 -2  0  1  4  0  0  1  0],[ 0 -1  0  0  0  0  0 -1 -1],[ 0  0  0  0  1 -1  1  0  0],[ 1  1  1  1  1  0  1  0  0]]","[[ 0  3  1  0  0  0 -1 -1 -2],[-3  0 -1  0 -1 -1 -1 -4 -2],[-1  1  0  0  0 -1 -1 -1 -2],[ 0  0  0  0 -1  0 -1  0 -1],[ 0  1  0  1  0  0  0 -1  0],[ 0  1  1  0  0  0 -1  0 -1],[ 1  1  1  1  0  1  0  0  1],[ 1  4  1  0  1  0  0  0 -2],[ 2  2  2  1  0  1 -1  2  0]]",True,"[-3,-1,0,0,0,1,1,2,1,0,1,1,1,4,2,0,0,1,1,1,2,1,0,1,0,1,0,0,1,0,1,0,1,0,-1,2]","[-3,-1,0,0,0,1,1,2,1,0,1,1,1,4,2,0,0,1,1,1,2,1,0,1,0,1,0,0,1,0,1,0,1,0,-1,2]",t^8+42t^6+229t^4+108t^2,"[-2,-1,-1,0,0,0,1,3,-1,2,1,1,2,1,3,0,1,1,0,1,0,0,0,1,1,3,0,0,0,2,1,1,3,1,2,1]","[-3,-1,0,0,0,1,1,2,1,2,2,3,0,3,3,0,1,1,1,1,1,0,0,1,0,1,1,0,1,2,1,0,1,0,-1,2]","[-2,-1,-1,0,0,0,1,3,-1,2,0,1,1,2,2,0,0,1,1,1,1,1,0,0,1,4,0,1,0,1,0,1,1,0,0,1]",c,"[[{8, 1}, {2, 7}, {3, 6}, {4, 5}], [{8, 1}, {2, 7}, {4, 6}, {3, 5}], [{8, 1}, {2, 7}, {5, 6}, {3, 4}], [{8, 1}, {2, 7}, {6}, {3, 5}, {4}], [{8, 1}, {3, 7}, {2, 6}, {4, 5}], [{8, 1}, {3, 7}, {4, 6}, {2, 5}], [{8, 1}, {3, 7}, {5, 6}, {2, 4}], [{8, 1}, {4, 7}, {2, 6}, {3, 5}], [{8, 1}, {4, 7}, {3, 6}, {2, 5}], [{8, 1}, {4, 7}, {5, 6}, {2, 3}], [{8, 1}, {5, 7}, {2, 6}, {3, 4}], [{8, 1}, {5, 7}, {3, 6}, {2, 4}], [{8, 1}, {5, 7}, {4, 6}, {2, 3}], [{8, 1}, {6, 7}, {2, 5}, {3, 4}], [{8, 1}, {6, 7}, {3, 5}, {2, 4}], [{8, 1}, {6, 7}, {4, 5}, {2, 3}], [{8, 2}, {1, 7}, {3, 6}, {4, 5}], [{8, 2}, {1, 7}, {3, 6}, {5}, {4}], [{8, 2}, {1, 7}, {4, 6}, {3, 5}], [{8, 2}, {1, 7}, {5, 6}, {3, 4}], [{8, 2}, {3, 7}, {1, 6}, {4, 5}], [{8, 2}, {3, 7}, {4, 6}, {1, 5}], [{8, 2}, {3, 7}, {5, 6}, {1, 4}], [{8, 2}, {3, 7}, {5, 6}, {4}, {1}], [{8, 2}, {3, 7}, {6}, {5}, {1, 4}], [{8, 2}, {4, 7}, {1, 6}, {3, 5}], [{8, 2}, {4, 7}, {3, 6}, {1, 5}], [{8, 2}, {4, 7}, {5, 6}, {1, 3}], [{8, 2}, {4, 7}, {6}, {3, 5}, {1}], [{8, 2}, {5, 7}, {1, 6}, {3, 4}], [{8, 2}, {5, 7}, {3, 6}, {1, 4}], [{8, 2}, {5, 7}, {4, 6}, {1, 3}], [{8, 2}, {6, 7}, {1, 5}, {3, 4}], [{8, 2}, {6, 7}, {3, 5}, {1, 4}], [{8, 2}, {6, 7}, {4, 5}, {1, 3}], [{8, 2}, {7}, {3, 6}, {4, 5}, {1}], [{8, 3}, {1, 7}, {2, 6}, {4, 5}], [{8, 3}, {1, 7}, {2, 6}, {5}, {4}], [{8, 3}, {1, 7}, {4, 6}, {2, 5}], [{8, 3}, {1, 7}, {5, 6}, {2, 4}], [{8, 3}, {1, 7}, {6}, {4, 5}, {2}], [{8, 3}, {2, 7}, {1, 6}, {4, 5}], [{8, 3}, {2, 7}, {1, 6}, {5}, {4}], [{8, 3}, {2, 7}, {4, 6}, {1, 5}], [{8, 3}, {2, 7}, {4, 6}, {5}, {1}], [{8, 3}, {2, 7}, {5, 6}, {1, 4}], [{8, 3}, {2, 7}, {5, 6}, {4}, {1}], [{8, 3}, {2, 7}, {6}, {1, 5}, {4}], [{8, 3}, {2, 7}, {6}, {4, 5}, {1}], [{8, 3}, {2, 7}, {6}, {5}, {1, 4}], [{8, 3}, {4, 7}, {1, 6}, {2, 5}], [{8, 3}, {4, 7}, {2, 6}, {1, 5}], [{8, 3}, {4, 7}, {2, 6}, {5}, {1}], [{8, 3}, {4, 7}, {5, 6}, {1, 2}], [{8, 3}, {4, 7}, {6}, {1, 5}, {2}], [{8, 3}, {5, 7}, {1, 6}, {2, 4}], [{8, 3}, {5, 7}, {2, 6}, {1, 4}], [{8, 3}, {5, 7}, {2, 6}, {4}, {1}], [{8, 3}, {5, 7}, {4, 6}, {1, 2}], [{8, 3}, {5, 7}, {6}, {1, 4}, {2}], [{8, 3}, {6, 7}, {1, 5}, {2, 4}], [{8, 3}, {6, 7}, {1, 5}, {4}, {2}], [{8, 3}, {6, 7}, {2, 5}, {1, 4}], [{8, 3}, {6, 7}, {4, 5}, {1, 2}], [{8, 3}, {6, 7}, {4, 5}, {2}, {1}], [{8, 3}, {6, 7}, {5}, {1, 4}, {2}], [{8, 3}, {7}, {1, 6}, {4, 5}, {2}], [{8, 3}, {7}, {2, 6}, {1, 5}, {4}], [{8, 3}, {7}, {2, 6}, {4, 5}, {1}], [{8, 3}, {7}, {2, 6}, {5}, {1, 4}], [{8, 3}, {7}, {4, 6}, {1, 5}, {2}], [{8, 3}, {7}, {5, 6}, {1, 4}, {2}], [{8, 3}, {7}, {6}, {1, 5}, {2, 4}], [{8, 3}, {7}, {6}, {1, 5}, {4}, {2}], [{8, 3}, {7}, {6}, {2, 5}, {1, 4}], [{8, 3}, {7}, {6}, {4, 5}, {1, 2}], [{8, 3}, {7}, {6}, {4, 5}, {2}, {1}], [{8, 3}, {7}, {6}, {5}, {1, 4}, {2}], [{8, 4}, {1, 7}, {2, 6}, {3, 5}], [{8, 4}, {1, 7}, {3, 6}, {2, 5}], [{8, 4}, {1, 7}, {5, 6}, {2, 3}], [{8, 4}, {1, 7}, {6}, {2, 5}, {3}], [{8, 4}, {2, 7}, {1, 6}, {3, 5}], [{8, 4}, {2, 7}, {3, 6}, {1, 5}], [{8, 4}, {2, 7}, {5, 6}, {1, 3}], [{8, 4}, {2, 7}, {6}, {3, 5}, {1}], [{8, 4}, {3, 7}, {1, 6}, {2, 5}], [{8, 4}, {3, 7}, {2, 6}, {1, 5}], [{8, 4}, {3, 7}, {5, 6}, {1, 2}], [{8, 4}, {5, 7}, {1, 6}, {2, 3}], [{8, 4}, {5, 7}, {2, 6}, {1, 3}], [{8, 4}, {5, 7}, {3, 6}, {1, 2}], [{8, 4}, {5, 7}, {6}, {1, 3}, {2}], [{8, 4}, {6, 7}, {1, 5}, {2, 3}], [{8, 4}, {6, 7}, {2, 5}, {1, 3}], [{8, 4}, {6, 7}, {3, 5}, {1, 2}], [{8, 4}, {6, 7}, {5}, {1, 3}, {2}], [{8, 4}, {7}, {5, 6}, {1, 3}, {2}], [{8, 5}, {1, 7}, {2, 6}, {3, 4}], [{8, 5}, {1, 7}, {3, 6}, {2, 4}], [{8, 5}, {1, 7}, {4, 6}, {2, 3}], [{8, 5}, {1, 7}, {6}, {3, 4}, {2}], [{8, 5}, {2, 7}, {1, 6}, {3, 4}], [{8, 5}, {2, 7}, {3, 6}, {1, 4}], [{8, 5}, {2, 7}, {3, 6}, {4}, {1}], [{8, 5}, {2, 7}, {4, 6}, {1, 3}], [{8, 5}, {2, 7}, {6}, {1, 4}, {3}], [{8, 5}, {3, 7}, {1, 6}, {2, 4}], [{8, 5}, {3, 7}, {2, 6}, {1, 4}], [{8, 5}, {3, 7}, {4, 6}, {1, 2}], [{8, 5}, {4, 7}, {1, 6}, {2, 3}], [{8, 5}, {4, 7}, {2, 6}, {1, 3}], [{8, 5}, {4, 7}, {3, 6}, {1, 2}], [{8, 5}, {6, 7}, {1, 4}, {2, 3}], [{8, 5}, {6, 7}, {2, 4}, {1, 3}], [{8, 5}, {6, 7}, {3, 4}, {1, 2}], [{8, 5}, {6, 7}, {3, 4}, {2}, {1}], [{8, 5}, {7}, {1, 6}, {3, 4}, {2}], [{8, 5}, {7}, {2, 6}, {4}, {1, 3}], [{8, 5}, {7}, {4, 6}, {2, 3}, {1}], [{8, 6}, {1, 7}, {2, 5}, {3, 4}], [{8, 6}, {1, 7}, {2, 5}, {4}, {3}], [{8, 6}, {1, 7}, {3, 5}, {2, 4}], [{8, 6}, {1, 7}, {4, 5}, {2, 3}], [{8, 6}, {2, 7}, {1, 5}, {3, 4}], [{8, 6}, {2, 7}, {3, 5}, {1, 4}], [{8, 6}, {2, 7}, {4, 5}, {1, 3}], [{8, 6}, {2, 7}, {5}, {1, 4}, {3}], [{8, 6}, {3, 7}, {1, 5}, {2, 4}], [{8, 6}, {3, 7}, {2, 5}, {1, 4}], [{8, 6}, {3, 7}, {4, 5}, {1, 2}], [{8, 6}, {3, 7}, {5}, {2, 4}, {1}], [{8, 6}, {4, 7}, {1, 5}, {2, 3}], [{8, 6}, {4, 7}, {2, 5}, {1, 3}], [{8, 6}, {4, 7}, {3, 5}, {1, 2}], [{8, 6}, {5, 7}, {1, 4}, {2, 3}], [{8, 6}, {5, 7}, {2, 4}, {1, 3}], [{8, 6}, {5, 7}, {3, 4}, {1, 2}], [{8, 6}, {5, 7}, {3, 4}, {2}, {1}], [{8, 6}, {7}, {4, 5}, {2, 3}, {1}], [{8, 7}, {1, 6}, {2, 5}, {3, 4}], [{8, 7}, {1, 6}, {3, 5}, {2, 4}], [{8, 7}, {1, 6}, {4, 5}, {2, 3}], [{8, 7}, {1, 6}, {5}, {2, 4}, {3}], [{8, 7}, {2, 6}, {1, 5}, {3, 4}], [{8, 7}, {2, 6}, {1, 5}, {4}, {3}], [{8, 7}, {2, 6}, {3, 5}, {1, 4}], [{8, 7}, {2, 6}, {4, 5}, {1, 3}], [{8, 7}, {3, 6}, {1, 5}, {2, 4}], [{8, 7}, {3, 6}, {2, 5}, {1, 4}], [{8, 7}, {3, 6}, {4, 5}, {1, 2}], [{8, 7}, {4, 6}, {1, 5}, {2, 3}], [{8, 7}, {4, 6}, {2, 5}, {1, 3}], [{8, 7}, {4, 6}, {3, 5}, {1, 2}], [{8, 7}, {5, 6}, {1, 4}, {2, 3}], [{8, 7}, {5, 6}, {2, 4}, {1, 3}], [{8, 7}, {5, 6}, {3, 4}, {1, 2}], [{8, 7}, {5, 6}, {3, 4}, {2}, {1}], [{8, 7}, {6}, {5}, {1, 4}, {2, 3}], [{8}, {1, 7}, {4, 6}, {2, 5}, {3}], [{8}, {1, 7}, {5, 6}, {2, 4}, {3}], [{8}, {2, 7}, {1, 6}, {4, 5}, {3}], [{8}, {2, 7}, {3, 6}, {5}, {1, 4}], [{8}, {2, 7}, {4, 6}, {1, 5}, {3}], [{8}, {2, 7}, {5, 6}, {1, 4}, {3}], [{8}, {2, 7}, {6}, {3, 5}, {1, 4}], [{8}, {2, 7}, {6}, {5}, {1, 4}, {3}], [{8}, {3, 7}, {2, 6}, {1, 5}, {4}], [{8}, {3, 7}, {4, 6}, {2, 5}, {1}], [{8}, {4, 7}, {5, 6}, {2, 3}, {1}], [{8}, {6, 7}, {4, 5}, {3}, {1, 2}], [{8}, {7}, {4, 6}, {2, 5}, {1, 3}], [{8}, {7}, {4, 6}, {3, 5}, {1, 2}]]",2,12 K_1^3 + 4 K_1^2 K_2 - 12 K_1^2 - 18 K_1 K_2 - 2 K_1 K_3 - 2 K_2^2 + 5 K_2 + 6 K_3 + K_4 + 7,O1O2O3O4U1U5U6O7O6U2O5U3U4O8U7U8,O1O2O3U4U5U6U3O7O8U7O4O5U2O6U1U8,O1O2O3U4U3O5U2O6O7U8O4O8U1U5U6U7,c,{'O1O2O3O4U5U6O5U1U2O7U3O8O6U8U7U4'},1,"<a href=""/flatknot/8.857969"">8.857969</a>",t^9-38t^7-98t^6+72t^5+348t^4+86t^3-260t^2-44t+82,-t^3+t^2+t,,
8.857970,O1O2O3O4U5U6O5U1U2O7U4O8O6U3U8U7,4,3z^3+30z^2+102z+109,3w^4z^3+30w^3z^2+102w^2z+109w,False,False,"[[ 0 -2  0  0  2 -1  0  1  0],[ 2  0  1  2  2  2  1  1  0],[ 0 -1  0  1  1  0  0  1  0],[ 0 -2 -1  0  1 -1  0  2  0],[-2 -2 -1 -1  0 -2 -1  0 -1],[ 1 -2  0  1  2  0  0  2  1],[ 0 -1  0  0  1  0  0  0  0],[-1 -1 -1 -2  0 -2  0  0  0],[ 0  0  0  0  1 -1  0  0  0]]","[[ 0  2  1  0  0  0  0 -1 -2],[-2  0  0 -1 -1 -1 -1 -2 -2],[-1  0  0  0  0 -1 -2 -2 -1],[ 0  1  0  0  0  0  0  0 -1],[ 0  1  0  0  0  0  0 -1  0],[ 0  1  1  0  0  0  1  0 -1],[ 0  1  2  0  0 -1  0 -1 -2],[ 1  2  2  0  1  0  1  0 -2],[ 2  2  1  1  0  1  2  2  0]]",True,"[-2,-1,0,0,0,0,1,2,0,1,1,1,1,2,2,0,0,1,2,2,1,0,0,0,0,1,0,0,1,0,-1,0,1,1,2,2]","[-2,-1,0,0,0,0,1,2,-1,0,1,1,2,2,2,0,1,1,0,0,1,0,1,0,-1,1,0,0,1,1,0,0,1,1,1,1]",t^8+35t^6+97t^4+58t^2+1,"[-2,-1,0,0,0,0,1,2,-1,0,1,1,2,2,2,0,1,1,0,0,1,0,1,0,-1,1,0,0,1,1,0,0,1,1,1,1]","[-2,-1,0,0,0,0,1,2,1,1,1,1,1,1,2,-1,0,1,1,0,2,-1,0,0,0,0,0,0,1,1,0,0,2,1,1,-1]","[-2,-1,0,0,0,0,1,2,2,0,1,1,2,1,2,1,0,0,1,2,2,0,0,0,0,1,0,0,0,1,1,1,1,2,1,0]",c,"[[{8, 2}, {5, 7}, {3, 6}, {1, 4}], [{8, 2}, {5, 7}, {6}, {1, 4}, {3}], [{8, 5}, {2, 7}, {4, 6}, {1, 3}], [{8, 6}, {1, 7}, {3, 5}, {2, 4}]]",1,- 8 K_1^4 + 20 K_1^3 + 12 K_1^2 K_2 - 28 K_1^2 - 28 K_1 K_2 - 4 K_1 K_3 - K_1 - 2 K_2^2 + 14 K_2 + 9 K_3 + K_4 + 16,O1O2O3O4U5U6U2O7O6U1O5U3U4O8U7U8,O1O2O3U4U5U1U6O7O8U7O4O5U3O6U2U8,O1O2O3U4U2O5U1O6O7U8O4O8U5U3U6U7,c,{'O1O2O3O4U5U6O5U1U2O7U4O8O6U3U8U7'},1,"<a href=""/flatknot/8.857970"">8.857970</a>",t^9-35t^7-92t^6+21t^5+220t^4+62t^3-138t^2-15t+20,0,,
8.857971,O1O2O3O4U5U6O5U1U2O7U4O8O6U7U3U8,3,4z^2+21z+27,4w^5z^2-18w^4z^2+4w^4z+18w^3z^2-22w^3z+39w^2z+27w,False,False,"[[ 0 -2  0  1  2 -1  0 -1  1],[ 2  0  1  2  2  2  1  0  0],[ 0 -1  0  1  1  0  0  0  0],[-1 -2 -1  0  0 -2  0  0  1],[-2 -2 -1  0  0 -2 -1  0  0],[ 1 -2  0  2  2  0  0  0  2],[ 0 -1  0  0  1  0  0 -1  0],[ 1  0  0  0  0  0  1  0  1],[-1  0  0 -1  0 -2  0 -1  0]]","[[ 0  2  1  1  0  0 -1 -1 -2],[-2  0  0  0 -1 -1  0 -2 -2],[-1  0  0  1  0 -1  0 -2 -2],[-1  0 -1  0  0  0 -1 -2  0],[ 0  1  0  0  0  0 -1  0 -1],[ 0  1  1  0  0  0  0  0 -1],[ 1  0  0  1  1  0  0  0  0],[ 1  2  2  2  0  0  0  0 -2],[ 2  2  2  0  1  1  0  2  0]]",True,"[-2,-1,-1,0,0,1,1,2,0,0,1,1,0,2,2,-1,0,1,0,2,2,0,0,1,2,0,0,1,0,1,0,0,1,0,0,2]","[-2,-1,-1,0,0,1,1,2,-1,1,1,1,1,3,2,0,1,1,0,0,1,0,1,2,1,3,0,1,1,1,0,1,1,-1,1,1]",t^8+32t^6+119t^4+68t^2,"[-2,-1,-1,0,0,1,1,2,-1,1,1,1,1,3,2,0,1,1,0,0,1,0,1,2,1,3,0,1,1,1,0,1,1,-1,1,1]","[-2,-1,-1,0,0,1,1,2,1,1,1,1,1,3,2,-1,1,1,0,1,3,0,1,0,2,1,0,1,1,1,1,0,1,0,-1,1]","[-2,-1,-1,0,0,1,1,2,0,2,1,1,0,2,2,0,0,1,1,0,0,0,0,2,2,2,0,0,1,1,0,0,1,-1,0,0]",c,"[[{8, 5}, {1, 7}, {2, 6}, {3, 4}], [{8, 5}, {3, 7}, {2, 6}, {1, 4}], [{8, 5}, {3, 7}, {6}, {1, 4}, {2}], [{8, 5}, {4, 7}, {2, 6}, {1, 3}], [{8, 5}, {4, 7}, {2, 6}, {3}, {1}]]",1,- 16 K_1^4 + 8 K_1^3 + 16 K_1^2 K_2 - 4 K_1^2 - 4 K_1 K_2 - 4 K_1 K_3 - 4 K_1 + 4 K_2 + 5,O1O2O3O4U5U2U6O7O5U1O6U3U4O8U7U8,O1O2O3U4U5U2U6O7O8U7O4O5U1O6U3U8,O1O2O3U4U1O5U3O6O7U8O4O8U5U2U6U7,c,"{'O1O2O3O4U5U6O5U1U2U3O7O8O6U4U7U8', 'O1O2O3O4U5U6O5U1U2O7U4O8O6U7U3U8'}",2,"<a href=""/flatknot/8.857971"">8.857971</a>",t^9-32t^7-58t^6+121t^5+218t^4-142t^3-120t^2-56t-16,0,,
8.857972,O1O2O3O4U5U6O5U1U2O7U4O8O6U7U8U3,4,4z^3+42z^2+115z+95,4w^4z^3+42w^3z^2+115w^2z+95w,False,False,"[[ 0 -2  0  2  2 -1  0 -1  0],[ 2  0  1  2  2  2  1  0 -1],[ 0 -1  0  1  1  0  0  0 -1],[-2 -2 -1  0  0 -3  0 -1  0],[-2 -2 -1  0  0 -2 -1  0  0],[ 1 -2  0  3  2  0  0  0  1],[ 0 -1  0  0  1  0  0 -1 -1],[ 1  0  0  1  0  0  1  0  1],[ 0  1  1  0  0 -1  1 -1  0]]","[[ 0  2  2  0  0  0 -1 -1 -2],[-2  0  0  0  0 -1 -1 -3 -2],[-2  0  0  0 -1 -1  0 -2 -2],[ 0  0  0  0  1  1 -1 -1  1],[ 0  0  1 -1  0  0 -1  0 -1],[ 0  1  1 -1  0  0  0  0 -1],[ 1  1  0  1  1  0  0  0  0],[ 1  3  2  1  0  0  0  0 -2],[ 2  2  2 -1  1  1  0  2  0]]",True,"[-2,-2,0,0,0,1,1,2,0,0,0,1,1,3,2,0,1,1,0,2,2,-1,-1,1,1,-1,0,1,0,1,0,0,1,0,0,2]","[-2,-2,0,0,0,1,1,2,0,0,0,1,1,3,2,0,1,1,0,2,2,-1,-1,1,1,-1,0,1,0,1,0,0,1,0,0,2]",t^8+37t^6+219t^4+126t^2+1,"[-2,-1,-1,0,0,0,2,2,-1,1,1,1,3,2,2,0,1,1,0,0,1,0,1,0,2,3,0,1,2,1,1,1,1,2,2,0]","[-2,-2,0,0,0,1,1,2,0,1,1,2,1,3,2,1,2,2,0,2,2,0,-1,1,1,1,-1,1,0,1,0,0,3,0,-1,1]","[-2,-1,-1,0,0,0,2,2,0,2,-1,1,1,2,2,0,1,0,1,0,1,1,0,0,2,3,1,1,0,0,0,1,1,1,0,0]",c,"[[{8, 1}, {2, 7}, {3, 6}, {4, 5}], [{8, 1}, {2, 7}, {3, 6}, {5}, {4}], [{8, 1}, {2, 7}, {4, 6}, {3, 5}], [{8, 1}, {2, 7}, {5, 6}, {3, 4}], [{8, 1}, {3, 7}, {2, 6}, {4, 5}], [{8, 1}, {3, 7}, {4, 6}, {2, 5}], [{8, 1}, {3, 7}, {4, 6}, {5}, {2}], [{8, 1}, {3, 7}, {5, 6}, {2, 4}], [{8, 1}, {3, 7}, {5, 6}, {4}, {2}], [{8, 1}, {3, 7}, {6}, {4, 5}, {2}], [{8, 1}, {4, 7}, {2, 6}, {3, 5}], [{8, 1}, {4, 7}, {2, 6}, {5}, {3}], [{8, 1}, {4, 7}, {3, 6}, {2, 5}], [{8, 1}, {4, 7}, {5, 6}, {2, 3}], [{8, 1}, {4, 7}, {6}, {3, 5}, {2}], [{8, 1}, {5, 7}, {2, 6}, {3, 4}], [{8, 1}, {5, 7}, {3, 6}, {2, 4}], [{8, 1}, {5, 7}, {4, 6}, {2, 3}], [{8, 1}, {6, 7}, {2, 5}, {3, 4}], [{8, 1}, {6, 7}, {3, 5}, {2, 4}], [{8, 1}, {6, 7}, {4, 5}, {2, 3}], [{8, 1}, {6, 7}, {5}, {4}, {2, 3}], [{8, 1}, {7}, {2, 6}, {3, 5}, {4}], [{8, 2}, {1, 7}, {3, 6}, {4, 5}], [{8, 2}, {1, 7}, {4, 6}, {3, 5}], [{8, 2}, {1, 7}, {5, 6}, {3, 4}], [{8, 2}, {1, 7}, {6}, {5}, {3, 4}], [{8, 2}, {3, 7}, {1, 6}, {4, 5}], [{8, 2}, {3, 7}, {4, 6}, {1, 5}], [{8, 2}, {3, 7}, {5, 6}, {1, 4}], [{8, 2}, {4, 7}, {1, 6}, {3, 5}], [{8, 2}, {4, 7}, {1, 6}, {5}, {3}], [{8, 2}, {4, 7}, {3, 6}, {1, 5}], [{8, 2}, {4, 7}, {5, 6}, {1, 3}], [{8, 2}, {4, 7}, {6}, {3, 5}, {1}], [{8, 2}, {5, 7}, {1, 6}, {3, 4}], [{8, 2}, {5, 7}, {3, 6}, {1, 4}], [{8, 2}, {5, 7}, {4, 6}, {1, 3}], [{8, 2}, {5, 7}, {4, 6}, {3}, {1}], [{8, 2}, {6, 7}, {1, 5}, {3, 4}], [{8, 2}, {6, 7}, {3, 5}, {1, 4}], [{8, 2}, {6, 7}, {4, 5}, {1, 3}], [{8, 2}, {7}, {1, 6}, {3, 5}, {4}], [{8, 2}, {7}, {5, 6}, {4}, {1, 3}], [{8, 3}, {1, 7}, {2, 6}, {4, 5}], [{8, 3}, {1, 7}, {4, 6}, {2, 5}], [{8, 3}, {1, 7}, {5, 6}, {2, 4}], [{8, 3}, {1, 7}, {6}, {2, 5}, {4}], [{8, 3}, {2, 7}, {1, 6}, {4, 5}], [{8, 3}, {2, 7}, {4, 6}, {1, 5}], [{8, 3}, {2, 7}, {5, 6}, {1, 4}], [{8, 3}, {4, 7}, {1, 6}, {2, 5}], [{8, 3}, {4, 7}, {2, 6}, {1, 5}], [{8, 3}, {4, 7}, {5, 6}, {1, 2}], [{8, 3}, {5, 7}, {1, 6}, {2, 4}], [{8, 3}, {5, 7}, {2, 6}, {1, 4}], [{8, 3}, {5, 7}, {4, 6}, {1, 2}], [{8, 3}, {5, 7}, {6}, {1, 4}, {2}], [{8, 3}, {6, 7}, {1, 5}, {2, 4}], [{8, 3}, {6, 7}, {2, 5}, {1, 4}], [{8, 3}, {6, 7}, {4, 5}, {1, 2}], [{8, 3}, {6, 7}, {5}, {1, 4}, {2}], [{8, 3}, {7}, {1, 6}, {4, 5}, {2}], [{8, 3}, {7}, {4, 6}, {1, 5}, {2}], [{8, 3}, {7}, {5, 6}, {1, 4}, {2}], [{8, 4}, {1, 7}, {2, 6}, {3, 5}], [{8, 4}, {1, 7}, {3, 6}, {2, 5}], [{8, 4}, {1, 7}, {5, 6}, {2, 3}], [{8, 4}, {1, 7}, {6}, {5}, {2, 3}], [{8, 4}, {2, 7}, {1, 6}, {3, 5}], [{8, 4}, {2, 7}, {3, 6}, {1, 5}], [{8, 4}, {2, 7}, {5, 6}, {1, 3}], [{8, 4}, {2, 7}, {6}, {1, 5}, {3}], [{8, 4}, {3, 7}, {1, 6}, {2, 5}], [{8, 4}, {3, 7}, {2, 6}, {1, 5}], [{8, 4}, {3, 7}, {5, 6}, {1, 2}], [{8, 4}, {5, 7}, {1, 6}, {2, 3}], [{8, 4}, {5, 7}, {2, 6}, {1, 3}], [{8, 4}, {5, 7}, {2, 6}, {3}, {1}], [{8, 4}, {5, 7}, {3, 6}, {1, 2}], [{8, 4}, {5, 7}, {6}, {1, 3}, {2}], [{8, 4}, {6, 7}, {1, 5}, {2, 3}], [{8, 4}, {6, 7}, {2, 5}, {1, 3}], [{8, 4}, {6, 7}, {3, 5}, {1, 2}], [{8, 4}, {6, 7}, {5}, {1, 3}, {2}], [{8, 4}, {7}, {5, 6}, {1, 3}, {2}], [{8, 4}, {7}, {5, 6}, {2, 3}, {1}], [{8, 4}, {7}, {5, 6}, {3}, {1, 2}], [{8, 5}, {1, 7}, {2, 6}, {3, 4}], [{8, 5}, {1, 7}, {3, 6}, {2, 4}], [{8, 5}, {1, 7}, {4, 6}, {2, 3}], [{8, 5}, {2, 7}, {1, 6}, {3, 4}], [{8, 5}, {2, 7}, {3, 6}, {1, 4}], [{8, 5}, {2, 7}, {4, 6}, {1, 3}], [{8, 5}, {2, 7}, {6}, {4}, {1, 3}], [{8, 5}, {3, 7}, {1, 6}, {2, 4}], [{8, 5}, {3, 7}, {2, 6}, {1, 4}], [{8, 5}, {3, 7}, {4, 6}, {1, 2}], [{8, 5}, {3, 7}, {6}, {1, 4}, {2}], [{8, 5}, {4, 7}, {1, 6}, {2, 3}], [{8, 5}, {4, 7}, {2, 6}, {1, 3}], [{8, 5}, {4, 7}, {3, 6}, {1, 2}], [{8, 5}, {4, 7}, {6}, {1, 3}, {2}], [{8, 5}, {6, 7}, {1, 4}, {2, 3}], [{8, 5}, {6, 7}, {2, 4}, {1, 3}], [{8, 5}, {6, 7}, {3, 4}, {1, 2}], [{8, 5}, {6, 7}, {4}, {1, 3}, {2}], [{8, 5}, {7}, {2, 6}, {4}, {1, 3}], [{8, 5}, {7}, {4, 6}, {1, 3}, {2}], [{8, 5}, {7}, {4, 6}, {2, 3}, {1}], [{8, 5}, {7}, {4, 6}, {3}, {1, 2}], [{8, 5}, {7}, {6}, {2, 4}, {1, 3}], [{8, 6}, {1, 7}, {2, 5}, {3, 4}], [{8, 6}, {1, 7}, {3, 5}, {2, 4}], [{8, 6}, {1, 7}, {4, 5}, {2, 3}], [{8, 6}, {1, 7}, {5}, {4}, {2, 3}], [{8, 6}, {2, 7}, {1, 5}, {3, 4}], [{8, 6}, {2, 7}, {3, 5}, {1, 4}], [{8, 6}, {2, 7}, {4, 5}, {1, 3}], [{8, 6}, {2, 7}, {4, 5}, {3}, {1}], [{8, 6}, {2, 7}, {5}, {4}, {1, 3}], [{8, 6}, {3, 7}, {1, 5}, {2, 4}], [{8, 6}, {3, 7}, {2, 5}, {1, 4}], [{8, 6}, {3, 7}, {4, 5}, {1, 2}], [{8, 6}, {4, 7}, {1, 5}, {2, 3}], [{8, 6}, {4, 7}, {1, 5}, {3}, {2}], [{8, 6}, {4, 7}, {2, 5}, {1, 3}], [{8, 6}, {4, 7}, {2, 5}, {3}, {1}], [{8, 6}, {4, 7}, {3, 5}, {1, 2}], [{8, 6}, {4, 7}, {3, 5}, {2}, {1}], [{8, 6}, {4, 7}, {5}, {1, 3}, {2}], [{8, 6}, {4, 7}, {5}, {2, 3}, {1}], [{8, 6}, {4, 7}, {5}, {3}, {1, 2}], [{8, 6}, {4, 7}, {5}, {3}, {2}, {1}], [{8, 6}, {5, 7}, {1, 4}, {2, 3}], [{8, 6}, {5, 7}, {2, 4}, {1, 3}], [{8, 6}, {5, 7}, {2, 4}, {3}, {1}], [{8, 6}, {5, 7}, {3, 4}, {1, 2}], [{8, 6}, {5, 7}, {4}, {1, 3}, {2}], [{8, 6}, {7}, {2, 5}, {4}, {1, 3}], [{8, 6}, {7}, {3, 5}, {4}, {1, 2}], [{8, 6}, {7}, {4, 5}, {1, 3}, {2}], [{8, 6}, {7}, {5}, {1, 4}, {2, 3}], [{8, 6}, {7}, {5}, {2, 4}, {1, 3}], [{8, 7}, {1, 6}, {2, 5}, {3, 4}], [{8, 7}, {1, 6}, {3, 5}, {2, 4}], [{8, 7}, {1, 6}, {4, 5}, {2, 3}], [{8, 7}, {2, 6}, {1, 5}, {3, 4}], [{8, 7}, {2, 6}, {3, 5}, {1, 4}], [{8, 7}, {2, 6}, {4, 5}, {1, 3}], [{8, 7}, {3, 6}, {1, 5}, {2, 4}], [{8, 7}, {3, 6}, {2, 5}, {1, 4}], [{8, 7}, {3, 6}, {4, 5}, {1, 2}], [{8, 7}, {4, 6}, {1, 5}, {2, 3}], [{8, 7}, {4, 6}, {2, 5}, {1, 3}], [{8, 7}, {4, 6}, {3, 5}, {1, 2}], [{8, 7}, {4, 6}, {5}, {1, 3}, {2}], [{8, 7}, {5, 6}, {1, 4}, {2, 3}], [{8, 7}, {5, 6}, {2, 4}, {1, 3}], [{8, 7}, {5, 6}, {3, 4}, {1, 2}], [{8, 7}, {5, 6}, {4}, {1, 3}, {2}], [{8, 7}, {6}, {3, 5}, {1, 4}, {2}], [{8, 7}, {6}, {4, 5}, {1, 3}, {2}], [{8}, {1, 7}, {4, 6}, {5}, {2, 3}], [{8}, {2, 7}, {5, 6}, {4}, {1, 3}], [{8}, {4, 7}, {1, 6}, {3, 5}, {2}], [{8}, {4, 7}, {2, 6}, {3, 5}, {1}], [{8}, {4, 7}, {5, 6}, {1, 3}, {2}], [{8}, {4, 7}, {6}, {3, 5}, {1, 2}], [{8}, {5, 7}, {4, 6}, {1, 3}, {2}], [{8}, {6, 7}, {4, 5}, {1, 3}, {2}], [{8}, {7}, {3, 6}, {2, 5}, {1, 4}], [{8}, {7}, {5, 6}, {2, 4}, {1, 3}]]",2,16 K_1^3 + 8 K_1^2 K_2 - 14 K_1^2 - 16 K_1 K_2 - 4 K_1 K_3 - 4 K_1 - 4 K_2^2 + 5 K_2 + 4 K_3 + 2 K_4 + 8,O1O2O3O4U2U5U6O7O5U1O6U3U4O8U7U8,O1O2O3U4U5U3U6O7O8U7O4O5U1O6U2U8,O1O2O3U4U2O5U3O6O7U8O4O8U5U1U6U7,c,{'O1O2O3O4U5U6O5U1U2O7U4O8O6U7U8U3'},1,"<a href=""/flatknot/8.857972"">8.857972</a>",t^9-35t^7-70t^6+84t^5+160t^4-11t^3-56t^2-67t+16,-t^2+2t,,
8.857973,O1O2O3O4U5U6O5U1U2O7U4O8O6U8U7U3,3,8z^2+27z+23,-10w^4z^2+18w^3z^2-16w^3z+43w^2z+23w,False,False,"[[ 0 -2  0  2  2 -1  0  0 -1],[ 2  0  1  2  2  2  1  0 -1],[ 0 -1  0  1  1  0  0  0 -1],[-2 -2 -1  0  0 -3  0  0 -1],[-2 -2 -1  0  0 -2 -1  0 -1],[ 1 -2  0  3  2  0  0  1  0],[ 0 -1  0  0  1  0  0 -1 -1],[ 0  0  0  0  0 -1  1  0  0],[ 1  1  1  1  1  0  1  0  0]]","[[ 0  2  2  0  0  0 -1 -1 -2],[-2  0  0  0  0 -1 -1 -3 -2],[-2  0  0  0 -1 -1 -1 -2 -2],[ 0  0  0  0  1  0  0 -1  0],[ 0  0  1 -1  0  0 -1  0 -1],[ 0  1  1  0  0  0 -1  0 -1],[ 1  1  1  0  1  1  0  0  1],[ 1  3  2  1  0  0  0  0 -2],[ 2  2  2  0  1  1 -1  2  0]]",True,"[-2,-2,0,0,0,1,1,2,0,0,0,1,1,3,2,0,1,1,1,2,2,-1,0,0,1,0,0,1,0,1,1,0,1,0,-1,2]","[-2,-2,0,0,0,1,1,2,0,0,0,1,1,3,2,0,1,1,1,2,2,-1,0,0,1,0,0,1,0,1,1,0,1,0,-1,2]",t^8+37t^6+167t^4+68t^2,"[-2,-1,-1,0,0,0,2,2,-1,2,1,1,2,2,2,0,1,1,0,0,1,0,0,1,2,2,0,0,1,1,1,2,1,2,2,0]","[-2,-2,0,0,0,1,1,2,0,1,1,2,1,2,2,1,2,2,0,2,2,0,0,1,0,1,-1,1,0,1,0,1,2,0,-1,2]","[-2,-1,-1,0,0,0,2,2,-1,2,0,1,1,2,2,0,0,1,1,1,1,1,0,0,2,3,0,1,0,0,0,1,1,1,0,0]",c,"[[{8, 3}, {2, 7}, {5, 6}, {1, 4}], [{8, 3}, {7}, {5, 6}, {1, 4}, {2}], [{8, 4}, {2, 7}, {5, 6}, {1, 3}], [{8, 4}, {7}, {5, 6}, {1, 3}, {2}], [{8, 5}, {2, 7}, {3, 6}, {1, 4}], [{8, 5}, {2, 7}, {4, 6}, {1, 3}], [{8, 5}, {7}, {3, 6}, {1, 4}, {2}], [{8, 5}, {7}, {4, 6}, {1, 3}, {2}], [{8, 6}, {2, 7}, {3, 5}, {1, 4}], [{8, 6}, {2, 7}, {4, 5}, {1, 3}], [{8, 6}, {7}, {3, 5}, {1, 4}, {2}], [{8, 6}, {7}, {4, 5}, {1, 3}, {2}]]",1,- 16 K_1^4 + 12 K_1^3 + 16 K_1^2 K_2 + 6 K_1^2 - 8 K_1 K_2 - 4 K_1 K_3 - 5 K_1 - K_2 + K_3,O1O2O3O4U2U5U6O7O6U1O5U3U4O8U7U8,O1O2O3U4U5U3U6O7O8U7O4O5U2O6U1U8,O1O2O3U4U3O5U2O6O7U8O4O8U5U1U6U7,c,"{'O1O2O3O4U5U6O5U1U2U3O7O8O6U8U4U7', 'O1O2O3O4U5U6O5U1U2O7U4O8O6U8U7U3'}",2,"<a href=""/flatknot/8.857973"">8.857973</a>",t^9-35t^7-82t^6+64t^5+224t^4+11t^3-118t^2-28t-16,-t^2+2t,,
8.857974,O1O2O3O4U5U6O5U1U3O7U2O8O6U4U8U7,4,17z^2+102z+137,17w^3z^2+102w^2z+137w,False,False,"[[ 0 -2  0  1  1 -1  0  1  0],[ 2  0  2  1  2  2  1  1  0],[ 0 -2  0  0  1  0  0  1  0],[-1 -1  0  0  0 -1  0  0  0],[-1 -2 -1  0  0 -2  0  1  0],[ 1 -2  0  1  2  0  0  2  1],[ 0 -1  0  0  0  0  0  0  0],[-1 -1 -1  0 -1 -2  0  0  0],[ 0  0  0  0  0 -1  0  0  0]]","[[ 0  1  1  1  0  0  0 -1 -2],[-1  0  1  0  0  0 -1 -2 -2],[-1 -1  0  0  0  0 -1 -2 -1],[-1  0  0  0  0  0  0 -1 -1],[ 0  0  0  0  0  0  0  0 -1],[ 0  0  0  0  0  0  0 -1  0],[ 0  1  1  0  0  0  0  0 -2],[ 1  2  2  1  0  1  0  0 -2],[ 2  2  1  1  1  0  2  2  0]]",True,"[-1,-1,-1,0,0,0,1,2,-1,0,0,0,1,2,2,0,0,0,1,2,1,0,0,0,1,1,0,0,0,1,0,1,0,0,2,2]","[-2,-1,0,0,0,1,1,1,-1,0,1,2,1,2,2,1,1,0,0,0,1,0,0,0,0,1,0,1,1,1,1,1,1,-1,0,0]",t^8+28t^6+46t^4+11t^2,"[-2,-1,0,0,0,1,1,1,-1,0,1,2,1,2,2,1,1,0,0,0,1,0,0,0,0,1,0,1,1,1,1,1,1,-1,0,0]","[-1,-1,-1,0,0,0,1,2,-1,0,0,1,1,0,2,0,0,1,1,0,1,1,1,1,1,2,0,0,1,0,0,0,2,1,1,-1]","[-2,-1,0,0,0,1,1,1,2,0,1,2,1,1,2,1,0,0,1,2,2,0,0,0,0,0,0,0,0,0,0,1,1,0,0,-1]",c,"[[{8, 1}, {2, 7}, {3, 6}, {4, 5}], [{8, 1}, {2, 7}, {4, 6}, {3, 5}], [{8, 1}, {2, 7}, {4, 6}, {5}, {3}], [{8, 1}, {2, 7}, {5, 6}, {3, 4}], [{8, 1}, {2, 7}, {6}, {3, 5}, {4}], [{8, 1}, {3, 7}, {2, 6}, {4, 5}], [{8, 1}, {3, 7}, {4, 6}, {2, 5}], [{8, 1}, {3, 7}, {5, 6}, {2, 4}], [{8, 1}, {3, 7}, {5, 6}, {4}, {2}], [{8, 1}, {4, 7}, {2, 6}, {3, 5}], [{8, 1}, {4, 7}, {3, 6}, {2, 5}], [{8, 1}, {4, 7}, {5, 6}, {2, 3}], [{8, 1}, {4, 7}, {6}, {3, 5}, {2}], [{8, 1}, {5, 7}, {2, 6}, {3, 4}], [{8, 1}, {5, 7}, {3, 6}, {2, 4}], [{8, 1}, {5, 7}, {3, 6}, {4}, {2}], [{8, 1}, {5, 7}, {4, 6}, {2, 3}], [{8, 1}, {6, 7}, {2, 5}, {3, 4}], [{8, 1}, {6, 7}, {3, 5}, {2, 4}], [{8, 1}, {6, 7}, {3, 5}, {4}, {2}], [{8, 1}, {6, 7}, {4, 5}, {2, 3}], [{8, 1}, {7}, {2, 6}, {3, 5}, {4}], [{8, 1}, {7}, {4, 6}, {3, 5}, {2}], [{8, 1}, {7}, {6}, {3, 5}, {2, 4}], [{8, 1}, {7}, {6}, {3, 5}, {4}, {2}], [{8, 2}, {1, 7}, {3, 6}, {4, 5}], [{8, 2}, {1, 7}, {4, 6}, {3, 5}], [{8, 2}, {1, 7}, {4, 6}, {5}, {3}], [{8, 2}, {1, 7}, {5, 6}, {3, 4}], [{8, 2}, {1, 7}, {5, 6}, {4}, {3}], [{8, 2}, {1, 7}, {6}, {4, 5}, {3}], [{8, 2}, {3, 7}, {1, 6}, {4, 5}], [{8, 2}, {3, 7}, {1, 6}, {5}, {4}], [{8, 2}, {3, 7}, {4, 6}, {1, 5}], [{8, 2}, {3, 7}, {5, 6}, {1, 4}], [{8, 2}, {3, 7}, {6}, {4, 5}, {1}], [{8, 2}, {4, 7}, {1, 6}, {3, 5}], [{8, 2}, {4, 7}, {3, 6}, {1, 5}], [{8, 2}, {4, 7}, {5, 6}, {1, 3}], [{8, 2}, {4, 7}, {6}, {5}, {1, 3}], [{8, 2}, {5, 7}, {1, 6}, {3, 4}], [{8, 2}, {5, 7}, {3, 6}, {1, 4}], [{8, 2}, {5, 7}, {4, 6}, {1, 3}], [{8, 2}, {5, 7}, {6}, {1, 4}, {3}], [{8, 2}, {5, 7}, {6}, {3, 4}, {1}], [{8, 2}, {5, 7}, {6}, {4}, {1, 3}], [{8, 2}, {6, 7}, {1, 5}, {3, 4}], [{8, 2}, {6, 7}, {3, 5}, {1, 4}], [{8, 2}, {6, 7}, {4, 5}, {1, 3}], [{8, 2}, {6, 7}, {5}, {3, 4}, {1}], [{8, 2}, {7}, {3, 6}, {5}, {1, 4}], [{8, 2}, {7}, {4, 6}, {3, 5}, {1}], [{8, 2}, {7}, {5, 6}, {3, 4}, {1}], [{8, 2}, {7}, {6}, {4, 5}, {1, 3}], [{8, 3}, {1, 7}, {2, 6}, {4, 5}], [{8, 3}, {1, 7}, {4, 6}, {2, 5}], [{8, 3}, {1, 7}, {5, 6}, {2, 4}], [{8, 3}, {1, 7}, {5, 6}, {4}, {2}], [{8, 3}, {1, 7}, {6}, {5}, {2, 4}], [{8, 3}, {2, 7}, {1, 6}, {4, 5}], [{8, 3}, {2, 7}, {1, 6}, {5}, {4}], [{8, 3}, {2, 7}, {4, 6}, {1, 5}], [{8, 3}, {2, 7}, {4, 6}, {5}, {1}], [{8, 3}, {2, 7}, {5, 6}, {1, 4}], [{8, 3}, {2, 7}, {5, 6}, {4}, {1}], [{8, 3}, {2, 7}, {6}, {1, 5}, {4}], [{8, 3}, {2, 7}, {6}, {4, 5}, {1}], [{8, 3}, {2, 7}, {6}, {5}, {1, 4}], [{8, 3}, {2, 7}, {6}, {5}, {4}, {1}], [{8, 3}, {4, 7}, {1, 6}, {2, 5}], [{8, 3}, {4, 7}, {2, 6}, {1, 5}], [{8, 3}, {4, 7}, {5, 6}, {1, 2}], [{8, 3}, {4, 7}, {5, 6}, {2}, {1}], [{8, 3}, {4, 7}, {6}, {5}, {1, 2}], [{8, 3}, {5, 7}, {1, 6}, {2, 4}], [{8, 3}, {5, 7}, {1, 6}, {4}, {2}], [{8, 3}, {5, 7}, {2, 6}, {1, 4}], [{8, 3}, {5, 7}, {4, 6}, {1, 2}], [{8, 3}, {6, 7}, {1, 5}, {2, 4}], [{8, 3}, {6, 7}, {2, 5}, {1, 4}], [{8, 3}, {6, 7}, {4, 5}, {1, 2}], [{8, 3}, {7}, {1, 6}, {2, 5}, {4}], [{8, 3}, {7}, {4, 6}, {1, 5}, {2}], [{8, 3}, {7}, {5, 6}, {1, 4}, {2}], [{8, 3}, {7}, {5, 6}, {2, 4}, {1}], [{8, 3}, {7}, {5, 6}, {4}, {1, 2}], [{8, 4}, {1, 7}, {2, 6}, {3, 5}], [{8, 4}, {1, 7}, {3, 6}, {2, 5}], [{8, 4}, {1, 7}, {5, 6}, {2, 3}], [{8, 4}, {1, 7}, {6}, {3, 5}, {2}], [{8, 4}, {2, 7}, {1, 6}, {3, 5}], [{8, 4}, {2, 7}, {3, 6}, {1, 5}], [{8, 4}, {2, 7}, {5, 6}, {1, 3}], [{8, 4}, {2, 7}, {6}, {1, 5}, {3}], [{8, 4}, {3, 7}, {1, 6}, {2, 5}], [{8, 4}, {3, 7}, {2, 6}, {1, 5}], [{8, 4}, {3, 7}, {5, 6}, {1, 2}], [{8, 4}, {5, 7}, {1, 6}, {2, 3}], [{8, 4}, {5, 7}, {2, 6}, {1, 3}], [{8, 4}, {5, 7}, {3, 6}, {1, 2}], [{8, 4}, {6, 7}, {1, 5}, {2, 3}], [{8, 4}, {6, 7}, {2, 5}, {1, 3}], [{8, 4}, {6, 7}, {3, 5}, {1, 2}], [{8, 4}, {6, 7}, {3, 5}, {2}, {1}], [{8, 4}, {7}, {1, 6}, {3, 5}, {2}], [{8, 4}, {7}, {2, 6}, {5}, {1, 3}], [{8, 4}, {7}, {3, 6}, {1, 5}, {2}], [{8, 4}, {7}, {5, 6}, {1, 3}, {2}], [{8, 4}, {7}, {6}, {2, 5}, {1, 3}], [{8, 5}, {1, 7}, {2, 6}, {3, 4}], [{8, 5}, {1, 7}, {3, 6}, {2, 4}], [{8, 5}, {1, 7}, {3, 6}, {4}, {2}], [{8, 5}, {1, 7}, {4, 6}, {2, 3}], [{8, 5}, {2, 7}, {1, 6}, {3, 4}], [{8, 5}, {2, 7}, {3, 6}, {1, 4}], [{8, 5}, {2, 7}, {4, 6}, {1, 3}], [{8, 5}, {2, 7}, {4, 6}, {3}, {1}], [{8, 5}, {2, 7}, {6}, {4}, {1, 3}], [{8, 5}, {3, 7}, {1, 6}, {2, 4}], [{8, 5}, {3, 7}, {1, 6}, {4}, {2}], [{8, 5}, {3, 7}, {2, 6}, {1, 4}], [{8, 5}, {3, 7}, {2, 6}, {4}, {1}], [{8, 5}, {3, 7}, {4, 6}, {1, 2}], [{8, 5}, {3, 7}, {6}, {4}, {1, 2}], [{8, 5}, {4, 7}, {1, 6}, {2, 3}], [{8, 5}, {4, 7}, {2, 6}, {1, 3}], [{8, 5}, {4, 7}, {3, 6}, {1, 2}], [{8, 5}, {4, 7}, {3, 6}, {2}, {1}], [{8, 5}, {6, 7}, {1, 4}, {2, 3}], [{8, 5}, {6, 7}, {2, 4}, {1, 3}], [{8, 5}, {6, 7}, {2, 4}, {3}, {1}], [{8, 5}, {6, 7}, {3, 4}, {1, 2}], [{8, 5}, {7}, {3, 6}, {1, 4}, {2}], [{8, 5}, {7}, {4, 6}, {1, 3}, {2}], [{8, 6}, {1, 7}, {2, 5}, {3, 4}], [{8, 6}, {1, 7}, {3, 5}, {2, 4}], [{8, 6}, {1, 7}, {3, 5}, {4}, {2}], [{8, 6}, {1, 7}, {4, 5}, {2, 3}], [{8, 6}, {1, 7}, {5}, {2, 4}, {3}], [{8, 6}, {2, 7}, {1, 5}, {3, 4}], [{8, 6}, {2, 7}, {1, 5}, {4}, {3}], [{8, 6}, {2, 7}, {3, 5}, {1, 4}], [{8, 6}, {2, 7}, {4, 5}, {1, 3}], [{8, 6}, {3, 7}, {1, 5}, {2, 4}], [{8, 6}, {3, 7}, {2, 5}, {1, 4}], [{8, 6}, {3, 7}, {4, 5}, {1, 2}], [{8, 6}, {4, 7}, {1, 5}, {2, 3}], [{8, 6}, {4, 7}, {2, 5}, {1, 3}], [{8, 6}, {4, 7}, {3, 5}, {1, 2}], [{8, 6}, {4, 7}, {3, 5}, {2}, {1}], [{8, 6}, {5, 7}, {1, 4}, {2, 3}], [{8, 6}, {5, 7}, {2, 4}, {1, 3}], [{8, 6}, {5, 7}, {3, 4}, {1, 2}], [{8, 6}, {5, 7}, {4}, {2, 3}, {1}], [{8, 6}, {7}, {3, 5}, {1, 4}, {2}], [{8, 6}, {7}, {5}, {3, 4}, {1, 2}], [{8, 7}, {1, 6}, {2, 5}, {3, 4}], [{8, 7}, {1, 6}, {2, 5}, {4}, {3}], [{8, 7}, {1, 6}, {3, 5}, {2, 4}], [{8, 7}, {1, 6}, {3, 5}, {4}, {2}], [{8, 7}, {1, 6}, {4, 5}, {2, 3}], [{8, 7}, {1, 6}, {5}, {4}, {2, 3}], [{8, 7}, {2, 6}, {1, 5}, {3, 4}], [{8, 7}, {2, 6}, {3, 5}, {1, 4}], [{8, 7}, {2, 6}, {4, 5}, {1, 3}], [{8, 7}, {3, 6}, {1, 5}, {2, 4}], [{8, 7}, {3, 6}, {2, 5}, {1, 4}], [{8, 7}, {3, 6}, {4, 5}, {1, 2}], [{8, 7}, {3, 6}, {5}, {4}, {1, 2}], [{8, 7}, {4, 6}, {1, 5}, {2, 3}], [{8, 7}, {4, 6}, {2, 5}, {1, 3}], [{8, 7}, {4, 6}, {3, 5}, {1, 2}], [{8, 7}, {4, 6}, {3, 5}, {2}, {1}], [{8, 7}, {5, 6}, {1, 4}, {2, 3}], [{8, 7}, {5, 6}, {2, 4}, {1, 3}], [{8, 7}, {5, 6}, {3, 4}, {1, 2}], [{8, 7}, {6}, {3, 5}, {1, 4}, {2}], [{8}, {1, 7}, {3, 6}, {5}, {2, 4}], [{8}, {1, 7}, {4, 6}, {3, 5}, {2}], [{8}, {1, 7}, {5, 6}, {4}, {2, 3}], [{8}, {2, 7}, {3, 6}, {1, 5}, {4}], [{8}, {2, 7}, {4, 6}, {1, 5}, {3}], [{8}, {2, 7}, {4, 6}, {3, 5}, {1}], [{8}, {2, 7}, {4, 6}, {5}, {1, 3}], [{8}, {2, 7}, {6}, {1, 5}, {3, 4}], [{8}, {2, 7}, {6}, {1, 5}, {4}, {3}], [{8}, {3, 7}, {1, 6}, {2, 5}, {4}], [{8}, {3, 7}, {6}, {1, 5}, {2, 4}], [{8}, {4, 7}, {1, 6}, {3, 5}, {2}], [{8}, {4, 7}, {6}, {1, 5}, {2, 3}], [{8}, {6, 7}, {3, 5}, {1, 4}, {2}], [{8}, {6, 7}, {5}, {2, 4}, {1, 3}], [{8}, {7}, {1, 6}, {4, 5}, {2, 3}], [{8}, {7}, {3, 6}, {2, 5}, {1, 4}], [{8}, {7}, {3, 6}, {4, 5}, {1, 2}], [{8}, {7}, {4, 6}, {3, 5}, {1, 2}], [{8}, {7}, {4, 6}, {3, 5}, {2}, {1}]]",2,4 K_1^3 - 22 K_1^2 - 12 K_1 K_2 + 3 K_1 + 11 K_2 + 5 K_3 + 12,O1O2O3O4U5U6U1O7O6U3O5U2U4O8U7U8,O1O2O3U4U5U6U1O7O8U7O4O6U3O5U2U8,O1O2O3U4U2O5U1O6O7U8O4O8U3U6U5U7,c,{'O1O2O3O4U5U6O5U1U3O7U2O8O6U4U8U7'},1,"<a href=""/flatknot/8.857974"">8.857974</a>",t^9-30t^7-60t^6+23t^5+42t^4-3t^3+2t^2-4t-2,t^2-2t,,
8.857975,O1O2O3O4U5U6O5U1U3O7U2O8O6U7U4U8,4,z^3+18z^2+92z+121,w^4z^3+18w^3z^2+92w^2z+121w,False,False,"[[ 0 -2  0  1  2 -1  0 -1  1],[ 2  0  2  1  2  2  1  0  0],[ 0 -2  0  0  2  0  0  0  1],[-1 -1  0  0  0 -1  0 -1  0],[-2 -2 -2  0  0 -3  0 -1  1],[ 1 -2  0  1  3  0  0  0  2],[ 0 -1  0  0  0  0  0 -1  0],[ 1  0  0  1  1  0  1  0  1],[-1  0 -1  0 -1 -2  0 -1  0]]","[[ 0  2  1  1  0  0 -1 -1 -2],[-2  0  1  0  0 -2 -1 -3 -2],[-1 -1  0  0  0 -1 -1 -2  0],[-1  0  0  0  0  0 -1 -1 -1],[ 0  0  0  0  0  0 -1  0 -1],[ 0  2  1  0  0  0  0  0 -2],[ 1  1  1  1  1  0  0  0  0],[ 1  3  2  1  0  0  0  0 -2],[ 2  2  0  1  1  2  0  2  0]]",True,"[-2,-1,-1,0,0,1,1,2,-1,0,0,2,1,3,2,0,0,1,1,2,0,0,0,1,1,1,0,1,0,1,0,0,2,0,0,2]","[-2,-1,-1,0,0,1,1,2,-1,0,0,2,1,3,2,0,0,1,1,2,0,0,0,1,1,1,0,1,0,1,0,0,2,0,0,2]",t^8+38t^6+127t^4+41t^2+1,"[-2,-1,-1,0,0,1,1,2,-1,1,0,1,2,3,2,0,1,1,1,0,0,1,0,1,1,2,0,1,0,0,1,1,2,0,1,2]","[-2,-1,-1,0,0,1,1,2,1,2,0,2,0,2,2,0,1,1,1,1,2,0,1,0,1,3,0,1,1,0,1,0,1,0,-1,1]","[-2,-1,-1,0,0,1,1,2,0,2,1,2,0,1,2,0,1,0,1,1,1,0,0,2,1,3,0,0,0,0,1,0,2,0,-1,0]",c,"[[{8, 5}, {3, 7}, {2, 6}, {1, 4}]]",1,20 K_1^3 + 8 K_1^2 K_2 - 32 K_1^2 - 28 K_1 K_2 - 8 K_1 K_3 - K_1 + 16 K_2 + 9 K_3 + 2 K_4 + 15,O1O2O3O4U5U1U6O7O5U3O6U2U4O8U7U8,O1O2O3U4U5U6U2O7O8U7O4O6U1O5U3U8,O1O2O3U4U1O5U3O6O7U8O4O8U2U6U5U7,c,{'O1O2O3O4U5U6O5U1U3O7U2O8O6U7U4U8'},1,"<a href=""/flatknot/8.857975"">8.857975</a>",t^9-38t^7-66t^6+145t^5+138t^4-160t^3-36t^2+24t+8,0,,
8.857976,O1O2O3O4U5U6O5U1U3O7U2O8O6U7U8U4,3,14z^2+75z+95,14w^3z^2+75w^2z+95w,False,False,"[[ 0 -2  0  1  3 -1  0 -1  0],[ 2  0  2  1  2  2  1  0 -1],[ 0 -2  0  0  2  0  0  0  0],[-1 -1  0  0  0 -1  0 -1 -1],[-3 -2 -2  0  0 -4  0 -2  0],[ 1 -2  0  1  4  0  0  0  1],[ 0 -1  0  0  0  0  0 -1 -1],[ 1  0  0  1  2  0  1  0  1],[ 0  1  0  1  0 -1  1 -1  0]]","[[ 0  3  1  0  0  0 -1 -1 -2],[-3  0  0  0  0 -2 -2 -4 -2],[-1  0  0  0 -1  0 -1 -1 -1],[ 0  0  0  0 -1  0 -1  0 -1],[ 0  0  1  1  0  0 -1 -1  1],[ 0  2  0  0  0  0  0  0 -2],[ 1  2  1  1  1  0  0  0  0],[ 1  4  1  0  1  0  0  0 -2],[ 2  2  1  1 -1  2  0  2  0]]",True,"[-3,-1,0,0,0,1,1,2,0,0,0,2,2,4,2,0,1,0,1,1,1,1,0,1,0,1,0,1,1,-1,0,0,2,0,0,2]","[-3,-1,0,0,0,1,1,2,0,0,0,2,2,4,2,0,1,0,1,1,1,1,0,1,0,1,0,1,1,-1,0,0,2,0,0,2]",t^8+46t^6+309t^4+76t^2,"[-2,-1,-1,0,0,0,1,3,-1,1,0,1,3,2,3,0,1,1,0,1,0,1,0,0,1,2,0,0,1,1,1,1,3,0,3,2]","[-3,-1,0,0,0,1,1,2,2,1,3,3,0,2,3,1,0,1,1,1,2,0,0,1,1,0,1,0,0,3,1,0,1,0,-1,1]","[-2,-1,-1,0,0,0,1,3,0,2,-1,1,2,1,2,0,1,1,0,1,2,1,0,0,1,4,1,0,1,0,0,0,0,0,2,0]",c,"[[{8, 1}, {2, 7}, {3, 6}, {4, 5}], [{8, 1}, {2, 7}, {4, 6}, {3, 5}], [{8, 1}, {2, 7}, {5, 6}, {3, 4}], [{8, 1}, {3, 7}, {2, 6}, {4, 5}], [{8, 1}, {3, 7}, {4, 6}, {2, 5}], [{8, 1}, {3, 7}, {5, 6}, {2, 4}], [{8, 1}, {3, 7}, {6}, {4, 5}, {2}], [{8, 1}, {4, 7}, {2, 6}, {3, 5}], [{8, 1}, {4, 7}, {3, 6}, {2, 5}], [{8, 1}, {4, 7}, {5, 6}, {2, 3}], [{8, 1}, {4, 7}, {6}, {3, 5}, {2}], [{8, 1}, {5, 7}, {2, 6}, {3, 4}], [{8, 1}, {5, 7}, {3, 6}, {2, 4}], [{8, 1}, {5, 7}, {4, 6}, {2, 3}], [{8, 1}, {6, 7}, {2, 5}, {3, 4}], [{8, 1}, {6, 7}, {3, 5}, {2, 4}], [{8, 1}, {6, 7}, {3, 5}, {4}, {2}], [{8, 1}, {6, 7}, {4, 5}, {2, 3}], [{8, 1}, {7}, {4, 6}, {3, 5}, {2}], [{8, 1}, {7}, {5, 6}, {2, 4}, {3}], [{8, 2}, {1, 7}, {3, 6}, {4, 5}], [{8, 2}, {1, 7}, {3, 6}, {5}, {4}], [{8, 2}, {1, 7}, {4, 6}, {3, 5}], [{8, 2}, {1, 7}, {5, 6}, {3, 4}], [{8, 2}, {1, 7}, {5, 6}, {4}, {3}], [{8, 2}, {1, 7}, {6}, {3, 5}, {4}], [{8, 2}, {3, 7}, {1, 6}, {4, 5}], [{8, 2}, {3, 7}, {1, 6}, {5}, {4}], [{8, 2}, {3, 7}, {4, 6}, {1, 5}], [{8, 2}, {3, 7}, {4, 6}, {5}, {1}], [{8, 2}, {3, 7}, {5, 6}, {1, 4}], [{8, 2}, {3, 7}, {5, 6}, {4}, {1}], [{8, 2}, {3, 7}, {6}, {1, 5}, {4}], [{8, 2}, {3, 7}, {6}, {4, 5}, {1}], [{8, 2}, {3, 7}, {6}, {5}, {1, 4}], [{8, 2}, {4, 7}, {1, 6}, {3, 5}], [{8, 2}, {4, 7}, {3, 6}, {1, 5}], [{8, 2}, {4, 7}, {3, 6}, {5}, {1}], [{8, 2}, {4, 7}, {5, 6}, {1, 3}], [{8, 2}, {4, 7}, {5, 6}, {3}, {1}], [{8, 2}, {4, 7}, {6}, {3, 5}, {1}], [{8, 2}, {5, 7}, {1, 6}, {3, 4}], [{8, 2}, {5, 7}, {3, 6}, {1, 4}], [{8, 2}, {5, 7}, {4, 6}, {1, 3}], [{8, 2}, {5, 7}, {6}, {1, 4}, {3}], [{8, 2}, {6, 7}, {1, 5}, {3, 4}], [{8, 2}, {6, 7}, {3, 5}, {1, 4}], [{8, 2}, {6, 7}, {4, 5}, {1, 3}], [{8, 2}, {6, 7}, {5}, {1, 4}, {3}], [{8, 2}, {7}, {1, 6}, {4, 5}, {3}], [{8, 2}, {7}, {3, 6}, {5}, {1, 4}], [{8, 2}, {7}, {4, 6}, {1, 5}, {3}], [{8, 2}, {7}, {5, 6}, {1, 4}, {3}], [{8, 2}, {7}, {5, 6}, {3, 4}, {1}], [{8, 2}, {7}, {5, 6}, {4}, {1, 3}], [{8, 2}, {7}, {5, 6}, {4}, {3}, {1}], [{8, 2}, {7}, {6}, {3, 5}, {1, 4}], [{8, 2}, {7}, {6}, {5}, {1, 4}, {3}], [{8, 3}, {1, 7}, {2, 6}, {4, 5}], [{8, 3}, {1, 7}, {4, 6}, {2, 5}], [{8, 3}, {1, 7}, {5, 6}, {2, 4}], [{8, 3}, {2, 7}, {1, 6}, {4, 5}], [{8, 3}, {2, 7}, {4, 6}, {1, 5}], [{8, 3}, {2, 7}, {5, 6}, {1, 4}], [{8, 3}, {2, 7}, {6}, {5}, {1, 4}], [{8, 3}, {4, 7}, {1, 6}, {2, 5}], [{8, 3}, {4, 7}, {2, 6}, {1, 5}], [{8, 3}, {4, 7}, {5, 6}, {1, 2}], [{8, 3}, {5, 7}, {1, 6}, {2, 4}], [{8, 3}, {5, 7}, {2, 6}, {1, 4}], [{8, 3}, {5, 7}, {4, 6}, {1, 2}], [{8, 3}, {5, 7}, {6}, {1, 4}, {2}], [{8, 3}, {6, 7}, {1, 5}, {2, 4}], [{8, 3}, {6, 7}, {2, 5}, {1, 4}], [{8, 3}, {6, 7}, {4, 5}, {1, 2}], [{8, 3}, {6, 7}, {5}, {1, 4}, {2}], [{8, 3}, {7}, {1, 6}, {5}, {2, 4}], [{8, 3}, {7}, {2, 6}, {5}, {1, 4}], [{8, 3}, {7}, {4, 6}, {5}, {1, 2}], [{8, 3}, {7}, {5, 6}, {1, 4}, {2}], [{8, 3}, {7}, {6}, {2, 5}, {1, 4}], [{8, 3}, {7}, {6}, {5}, {1, 4}, {2}], [{8, 4}, {1, 7}, {2, 6}, {3, 5}], [{8, 4}, {1, 7}, {3, 6}, {2, 5}], [{8, 4}, {1, 7}, {5, 6}, {2, 3}], [{8, 4}, {1, 7}, {6}, {3, 5}, {2}], [{8, 4}, {2, 7}, {1, 6}, {3, 5}], [{8, 4}, {2, 7}, {3, 6}, {1, 5}], [{8, 4}, {2, 7}, {5, 6}, {1, 3}], [{8, 4}, {3, 7}, {1, 6}, {2, 5}], [{8, 4}, {3, 7}, {2, 6}, {1, 5}], [{8, 4}, {3, 7}, {5, 6}, {1, 2}], [{8, 4}, {3, 7}, {6}, {1, 5}, {2}], [{8, 4}, {5, 7}, {1, 6}, {2, 3}], [{8, 4}, {5, 7}, {2, 6}, {1, 3}], [{8, 4}, {5, 7}, {3, 6}, {1, 2}], [{8, 4}, {6, 7}, {1, 5}, {2, 3}], [{8, 4}, {6, 7}, {2, 5}, {1, 3}], [{8, 4}, {6, 7}, {3, 5}, {1, 2}], [{8, 4}, {6, 7}, {3, 5}, {2}, {1}], [{8, 4}, {7}, {1, 6}, {3, 5}, {2}], [{8, 4}, {7}, {5, 6}, {3}, {1, 2}], [{8, 5}, {1, 7}, {2, 6}, {3, 4}], [{8, 5}, {1, 7}, {3, 6}, {2, 4}], [{8, 5}, {1, 7}, {4, 6}, {2, 3}], [{8, 5}, {2, 7}, {1, 6}, {3, 4}], [{8, 5}, {2, 7}, {3, 6}, {1, 4}], [{8, 5}, {2, 7}, {4, 6}, {1, 3}], [{8, 5}, {2, 7}, {6}, {1, 4}, {3}], [{8, 5}, {3, 7}, {1, 6}, {2, 4}], [{8, 5}, {3, 7}, {2, 6}, {1, 4}], [{8, 5}, {3, 7}, {4, 6}, {1, 2}], [{8, 5}, {3, 7}, {6}, {1, 4}, {2}], [{8, 5}, {4, 7}, {1, 6}, {2, 3}], [{8, 5}, {4, 7}, {2, 6}, {1, 3}], [{8, 5}, {4, 7}, {3, 6}, {1, 2}], [{8, 5}, {6, 7}, {1, 4}, {2, 3}], [{8, 5}, {6, 7}, {1, 4}, {3}, {2}], [{8, 5}, {6, 7}, {2, 4}, {1, 3}], [{8, 5}, {6, 7}, {3, 4}, {1, 2}], [{8, 5}, {7}, {1, 6}, {3, 4}, {2}], [{8, 5}, {7}, {2, 6}, {1, 4}, {3}], [{8, 5}, {7}, {3, 6}, {1, 4}, {2}], [{8, 5}, {7}, {4, 6}, {1, 3}, {2}], [{8, 5}, {7}, {6}, {1, 4}, {2, 3}], [{8, 5}, {7}, {6}, {1, 4}, {3}, {2}], [{8, 6}, {1, 7}, {2, 5}, {3, 4}], [{8, 6}, {1, 7}, {3, 5}, {2, 4}], [{8, 6}, {1, 7}, {3, 5}, {4}, {2}], [{8, 6}, {1, 7}, {4, 5}, {2, 3}], [{8, 6}, {2, 7}, {1, 5}, {3, 4}], [{8, 6}, {2, 7}, {3, 5}, {1, 4}], [{8, 6}, {2, 7}, {4, 5}, {1, 3}], [{8, 6}, {2, 7}, {5}, {1, 4}, {3}], [{8, 6}, {3, 7}, {1, 5}, {2, 4}], [{8, 6}, {3, 7}, {1, 5}, {4}, {2}], [{8, 6}, {3, 7}, {2, 5}, {1, 4}], [{8, 6}, {3, 7}, {4, 5}, {1, 2}], [{8, 6}, {3, 7}, {4, 5}, {2}, {1}], [{8, 6}, {3, 7}, {5}, {1, 4}, {2}], [{8, 6}, {4, 7}, {1, 5}, {2, 3}], [{8, 6}, {4, 7}, {2, 5}, {1, 3}], [{8, 6}, {4, 7}, {3, 5}, {1, 2}], [{8, 6}, {4, 7}, {3, 5}, {2}, {1}], [{8, 6}, {5, 7}, {1, 4}, {2, 3}], [{8, 6}, {5, 7}, {1, 4}, {3}, {2}], [{8, 6}, {5, 7}, {2, 4}, {1, 3}], [{8, 6}, {5, 7}, {3, 4}, {1, 2}], [{8, 6}, {7}, {2, 5}, {1, 4}, {3}], [{8, 6}, {7}, {3, 5}, {1, 4}, {2}], [{8, 6}, {7}, {5}, {1, 4}, {2, 3}], [{8, 6}, {7}, {5}, {1, 4}, {3}, {2}], [{8, 7}, {1, 6}, {2, 5}, {3, 4}], [{8, 7}, {1, 6}, {3, 5}, {2, 4}], [{8, 7}, {1, 6}, {3, 5}, {4}, {2}], [{8, 7}, {1, 6}, {4, 5}, {2, 3}], [{8, 7}, {2, 6}, {1, 5}, {3, 4}], [{8, 7}, {2, 6}, {3, 5}, {1, 4}], [{8, 7}, {2, 6}, {4, 5}, {1, 3}], [{8, 7}, {2, 6}, {5}, {1, 4}, {3}], [{8, 7}, {3, 6}, {1, 5}, {2, 4}], [{8, 7}, {3, 6}, {2, 5}, {1, 4}], [{8, 7}, {3, 6}, {4, 5}, {1, 2}], [{8, 7}, {3, 6}, {5}, {1, 4}, {2}], [{8, 7}, {4, 6}, {1, 5}, {2, 3}], [{8, 7}, {4, 6}, {2, 5}, {1, 3}], [{8, 7}, {4, 6}, {3, 5}, {1, 2}], [{8, 7}, {4, 6}, {3, 5}, {2}, {1}], [{8, 7}, {5, 6}, {1, 4}, {2, 3}], [{8, 7}, {5, 6}, {1, 4}, {3}, {2}], [{8, 7}, {5, 6}, {2, 4}, {1, 3}], [{8, 7}, {5, 6}, {3, 4}, {1, 2}], [{8, 7}, {6}, {2, 5}, {1, 4}, {3}], [{8, 7}, {6}, {3, 5}, {1, 4}, {2}], [{8, 7}, {6}, {5}, {1, 4}, {2, 3}], [{8, 7}, {6}, {5}, {1, 4}, {3}, {2}], [{8}, {1, 7}, {2, 6}, {3, 5}, {4}], [{8}, {1, 7}, {4, 6}, {3, 5}, {2}], [{8}, {1, 7}, {6}, {3, 5}, {2, 4}], [{8}, {1, 7}, {6}, {3, 5}, {4}, {2}], [{8}, {2, 7}, {3, 6}, {5}, {1, 4}], [{8}, {2, 7}, {5, 6}, {1, 4}, {3}], [{8}, {2, 7}, {6}, {3, 5}, {1, 4}], [{8}, {2, 7}, {6}, {5}, {1, 4}, {3}], [{8}, {3, 7}, {1, 6}, {4, 5}, {2}], [{8}, {3, 7}, {2, 6}, {1, 5}, {4}], [{8}, {3, 7}, {2, 6}, {4, 5}, {1}], [{8}, {3, 7}, {2, 6}, {5}, {1, 4}], [{8}, {3, 7}, {4, 6}, {1, 5}, {2}], [{8}, {3, 7}, {5, 6}, {1, 4}, {2}], [{8}, {3, 7}, {6}, {1, 5}, {2, 4}], [{8}, {3, 7}, {6}, {1, 5}, {4}, {2}], [{8}, {3, 7}, {6}, {2, 5}, {1, 4}], [{8}, {3, 7}, {6}, {4, 5}, {1, 2}], [{8}, {3, 7}, {6}, {4, 5}, {2}, {1}], [{8}, {3, 7}, {6}, {5}, {1, 4}, {2}], [{8}, {4, 7}, {1, 6}, {3, 5}, {2}], [{8}, {4, 7}, {2, 6}, {3, 5}, {1}], [{8}, {4, 7}, {6}, {3, 5}, {1, 2}], [{8}, {4, 7}, {6}, {3, 5}, {2}, {1}], [{8}, {5, 7}, {2, 6}, {1, 4}, {3}], [{8}, {5, 7}, {3, 6}, {1, 4}, {2}], [{8}, {5, 7}, {6}, {1, 4}, {2, 3}], [{8}, {5, 7}, {6}, {1, 4}, {3}, {2}], [{8}, {6, 7}, {2, 5}, {1, 4}, {3}], [{8}, {6, 7}, {3, 5}, {1, 4}, {2}], [{8}, {6, 7}, {5}, {1, 4}, {2, 3}], [{8}, {6, 7}, {5}, {1, 4}, {3}, {2}], [{8}, {7}, {2, 6}, {3, 5}, {1, 4}], [{8}, {7}, {2, 6}, {5}, {1, 4}, {3}], [{8}, {7}, {3, 6}, {2, 5}, {1, 4}], [{8}, {7}, {3, 6}, {5}, {1, 4}, {2}], [{8}, {7}, {5, 6}, {1, 4}, {2, 3}], [{8}, {7}, {5, 6}, {1, 4}, {3}, {2}], [{8}, {7}, {6}, {2, 5}, {1, 4}, {3}], [{8}, {7}, {6}, {3, 5}, {1, 4}, {2}], [{8}, {7}, {6}, {5}, {1, 4}, {2, 3}], [{8}, {7}, {6}, {5}, {1, 4}, {3}, {2}]]",2,- 8 K_1^2 - 10 K_1 K_2 - 2 K_1 K_3 + 5 K_1 - 2 K_2^2 + 5 K_2 + 5 K_3 + 2 K_4 + 6,O1O2O3O4U1U5U6O7O5U3O6U2U4O8U7U8,O1O2O3U4U5U6U3O7O8U7O4O6U1O5U2U8,O1O2O3U4U2O5U3O6O7U8O4O8U1U6U5U7,c,{'O1O2O3O4U5U6O5U1U3O7U2O8O6U7U8U4'},1,"<a href=""/flatknot/8.857976"">8.857976</a>",t^9-42t^7-74t^6+168t^5+130t^4+24t^3+298t^2-28t-32,-t^3+t^2+t,,
8.857977,O1O2O3O4U5U6O5U1U3O7U2O8O6U8U7U4,4,6z^3+43z^2+102z+81,6w^4z^3+43w^3z^2+102w^2z+81w,False,False,"[[ 0 -2  0  1  3 -1  0  0 -1],[ 2  0  2  1  2  2  1  0 -1],[ 0 -2  0  0  2  0  0  0 -1],[-1 -1  0  0  0 -1  0 -1 -1],[-3 -2 -2  0  0 -4  0 -1 -1],[ 1 -2  0  1  4  0  0  1  0],[ 0 -1  0  0  0  0  0 -1 -1],[ 0  0  0  1  1 -1  1  0  0],[ 1  1  1  1  1  0  1  0  0]]","[[ 0  3  1  0  0  0 -1 -1 -2],[-3  0  0  0 -1 -2 -1 -4 -2],[-1  0  0  0 -1  0 -1 -1 -1],[ 0  0  0  0 -1  0 -1  0 -1],[ 0  1  1  1  0  0  0 -1  0],[ 0  2  0  0  0  0 -1  0 -2],[ 1  1  1  1  0  1  0  0  1],[ 1  4  1  0  1  0  0  0 -2],[ 2  2  1  1  0  2 -1  2  0]]",True,"[-3,-1,0,0,0,1,1,2,0,0,1,2,1,4,2,0,1,0,1,1,1,1,0,1,0,1,0,0,1,0,1,0,2,0,-1,2]","[-3,-1,0,0,0,1,1,2,0,0,1,2,1,4,2,0,1,0,1,1,1,1,0,1,0,1,0,0,1,0,1,0,2,0,-1,2]",t^8+44t^6+266t^4+51t^2+1,"[-2,-1,-1,0,0,0,1,3,-1,2,0,1,2,2,3,0,1,1,0,1,0,0,0,1,1,3,0,0,1,1,1,1,3,0,2,2]","[-3,-1,0,0,0,1,1,2,2,1,2,3,0,3,3,1,0,1,1,1,2,0,0,1,0,0,1,0,1,2,1,0,1,0,-1,2]","[-2,-1,-1,0,0,0,1,3,-1,2,0,1,2,1,2,0,0,1,1,1,1,1,0,0,1,4,1,0,1,1,0,0,0,0,2,0]",c,"[[{8, 1}, {2, 7}, {3, 6}, {4, 5}], [{8, 1}, {2, 7}, {4, 6}, {3, 5}], [{8, 1}, {2, 7}, {5, 6}, {3, 4}], [{8, 1}, {2, 7}, {6}, {3, 5}, {4}], [{8, 1}, {3, 7}, {2, 6}, {4, 5}], [{8, 1}, {3, 7}, {4, 6}, {2, 5}], [{8, 1}, {3, 7}, {5, 6}, {2, 4}], [{8, 1}, {3, 7}, {5, 6}, {4}, {2}], [{8, 1}, {4, 7}, {2, 6}, {3, 5}], [{8, 1}, {4, 7}, {3, 6}, {2, 5}], [{8, 1}, {4, 7}, {5, 6}, {2, 3}], [{8, 1}, {4, 7}, {6}, {3, 5}, {2}], [{8, 1}, {5, 7}, {2, 6}, {3, 4}], [{8, 1}, {5, 7}, {3, 6}, {2, 4}], [{8, 1}, {5, 7}, {4, 6}, {2, 3}], [{8, 1}, {6, 7}, {2, 5}, {3, 4}], [{8, 1}, {6, 7}, {3, 5}, {2, 4}], [{8, 1}, {6, 7}, {3, 5}, {4}, {2}], [{8, 1}, {6, 7}, {4, 5}, {2, 3}], [{8, 1}, {7}, {2, 6}, {3, 5}, {4}], [{8, 1}, {7}, {3, 6}, {4, 5}, {2}], [{8, 1}, {7}, {4, 6}, {3, 5}, {2}], [{8, 1}, {7}, {6}, {3, 5}, {2, 4}], [{8, 2}, {1, 7}, {3, 6}, {4, 5}], [{8, 2}, {1, 7}, {4, 6}, {3, 5}], [{8, 2}, {1, 7}, {4, 6}, {5}, {3}], [{8, 2}, {1, 7}, {5, 6}, {3, 4}], [{8, 2}, {3, 7}, {1, 6}, {4, 5}], [{8, 2}, {3, 7}, {1, 6}, {5}, {4}], [{8, 2}, {3, 7}, {4, 6}, {1, 5}], [{8, 2}, {3, 7}, {5, 6}, {1, 4}], [{8, 2}, {3, 7}, {6}, {4, 5}, {1}], [{8, 2}, {4, 7}, {1, 6}, {3, 5}], [{8, 2}, {4, 7}, {1, 6}, {5}, {3}], [{8, 2}, {4, 7}, {3, 6}, {1, 5}], [{8, 2}, {4, 7}, {5, 6}, {1, 3}], [{8, 2}, {5, 7}, {1, 6}, {3, 4}], [{8, 2}, {5, 7}, {3, 6}, {1, 4}], [{8, 2}, {5, 7}, {4, 6}, {1, 3}], [{8, 2}, {5, 7}, {6}, {4}, {1, 3}], [{8, 2}, {6, 7}, {1, 5}, {3, 4}], [{8, 2}, {6, 7}, {1, 5}, {4}, {3}], [{8, 2}, {6, 7}, {3, 5}, {1, 4}], [{8, 2}, {6, 7}, {4, 5}, {1, 3}], [{8, 2}, {6, 7}, {4, 5}, {3}, {1}], [{8, 2}, {6, 7}, {5}, {1, 4}, {3}], [{8, 2}, {7}, {1, 6}, {5}, {3, 4}], [{8, 2}, {7}, {3, 6}, {4, 5}, {1}], [{8, 2}, {7}, {5, 6}, {3, 4}, {1}], [{8, 2}, {7}, {6}, {1, 5}, {3, 4}], [{8, 2}, {7}, {6}, {3, 5}, {1, 4}], [{8, 3}, {1, 7}, {2, 6}, {4, 5}], [{8, 3}, {1, 7}, {4, 6}, {2, 5}], [{8, 3}, {1, 7}, {4, 6}, {5}, {2}], [{8, 3}, {1, 7}, {5, 6}, {2, 4}], [{8, 3}, {2, 7}, {1, 6}, {4, 5}], [{8, 3}, {2, 7}, {4, 6}, {1, 5}], [{8, 3}, {2, 7}, {5, 6}, {1, 4}], [{8, 3}, {2, 7}, {6}, {1, 5}, {4}], [{8, 3}, {2, 7}, {6}, {4, 5}, {1}], [{8, 3}, {2, 7}, {6}, {5}, {1, 4}], [{8, 3}, {4, 7}, {1, 6}, {2, 5}], [{8, 3}, {4, 7}, {2, 6}, {1, 5}], [{8, 3}, {4, 7}, {5, 6}, {1, 2}], [{8, 3}, {4, 7}, {6}, {2, 5}, {1}], [{8, 3}, {5, 7}, {1, 6}, {2, 4}], [{8, 3}, {5, 7}, {2, 6}, {1, 4}], [{8, 3}, {5, 7}, {4, 6}, {1, 2}], [{8, 3}, {6, 7}, {1, 5}, {2, 4}], [{8, 3}, {6, 7}, {2, 5}, {1, 4}], [{8, 3}, {6, 7}, {4, 5}, {1, 2}], [{8, 4}, {1, 7}, {2, 6}, {3, 5}], [{8, 4}, {1, 7}, {3, 6}, {2, 5}], [{8, 4}, {1, 7}, {5, 6}, {2, 3}], [{8, 4}, {1, 7}, {6}, {3, 5}, {2}], [{8, 4}, {2, 7}, {1, 6}, {3, 5}], [{8, 4}, {2, 7}, {3, 6}, {1, 5}], [{8, 4}, {2, 7}, {5, 6}, {1, 3}], [{8, 4}, {2, 7}, {6}, {3, 5}, {1}], [{8, 4}, {3, 7}, {1, 6}, {2, 5}], [{8, 4}, {3, 7}, {2, 6}, {1, 5}], [{8, 4}, {3, 7}, {5, 6}, {1, 2}], [{8, 4}, {3, 7}, {5, 6}, {2}, {1}], [{8, 4}, {5, 7}, {1, 6}, {2, 3}], [{8, 4}, {5, 7}, {2, 6}, {1, 3}], [{8, 4}, {5, 7}, {3, 6}, {1, 2}], [{8, 4}, {6, 7}, {1, 5}, {2, 3}], [{8, 4}, {6, 7}, {2, 5}, {1, 3}], [{8, 4}, {6, 7}, {3, 5}, {1, 2}], [{8, 4}, {6, 7}, {3, 5}, {2}, {1}], [{8, 4}, {7}, {1, 6}, {3, 5}, {2}], [{8, 4}, {7}, {2, 6}, {3, 5}, {1}], [{8, 4}, {7}, {3, 6}, {5}, {1, 2}], [{8, 4}, {7}, {5, 6}, {3}, {1, 2}], [{8, 4}, {7}, {6}, {1, 5}, {2, 3}], [{8, 4}, {7}, {6}, {3, 5}, {1, 2}], [{8, 5}, {1, 7}, {2, 6}, {3, 4}], [{8, 5}, {1, 7}, {3, 6}, {2, 4}], [{8, 5}, {1, 7}, {4, 6}, {2, 3}], [{8, 5}, {2, 7}, {1, 6}, {3, 4}], [{8, 5}, {2, 7}, {3, 6}, {1, 4}], [{8, 5}, {2, 7}, {4, 6}, {1, 3}], [{8, 5}, {2, 7}, {6}, {1, 4}, {3}], [{8, 5}, {3, 7}, {1, 6}, {2, 4}], [{8, 5}, {3, 7}, {2, 6}, {1, 4}], [{8, 5}, {3, 7}, {4, 6}, {1, 2}], [{8, 5}, {3, 7}, {6}, {1, 4}, {2}], [{8, 5}, {4, 7}, {1, 6}, {2, 3}], [{8, 5}, {4, 7}, {2, 6}, {1, 3}], [{8, 5}, {4, 7}, {3, 6}, {1, 2}], [{8, 5}, {6, 7}, {1, 4}, {2, 3}], [{8, 5}, {6, 7}, {2, 4}, {1, 3}], [{8, 5}, {6, 7}, {3, 4}, {1, 2}], [{8, 5}, {7}, {1, 6}, {3, 4}, {2}], [{8, 5}, {7}, {2, 6}, {3, 4}, {1}], [{8, 5}, {7}, {3, 6}, {4}, {1, 2}], [{8, 5}, {7}, {4, 6}, {3}, {1, 2}], [{8, 5}, {7}, {6}, {1, 4}, {2, 3}], [{8, 5}, {7}, {6}, {3, 4}, {1, 2}], [{8, 6}, {1, 7}, {2, 5}, {3, 4}], [{8, 6}, {1, 7}, {3, 5}, {2, 4}], [{8, 6}, {1, 7}, {4, 5}, {2, 3}], [{8, 6}, {2, 7}, {1, 5}, {3, 4}], [{8, 6}, {2, 7}, {1, 5}, {4}, {3}], [{8, 6}, {2, 7}, {3, 5}, {1, 4}], [{8, 6}, {2, 7}, {4, 5}, {1, 3}], [{8, 6}, {2, 7}, {4, 5}, {3}, {1}], [{8, 6}, {2, 7}, {5}, {1, 4}, {3}], [{8, 6}, {3, 7}, {1, 5}, {2, 4}], [{8, 6}, {3, 7}, {2, 5}, {1, 4}], [{8, 6}, {3, 7}, {4, 5}, {1, 2}], [{8, 6}, {3, 7}, {5}, {1, 4}, {2}], [{8, 6}, {4, 7}, {1, 5}, {2, 3}], [{8, 6}, {4, 7}, {2, 5}, {1, 3}], [{8, 6}, {4, 7}, {3, 5}, {1, 2}], [{8, 6}, {5, 7}, {1, 4}, {2, 3}], [{8, 6}, {5, 7}, {1, 4}, {3}, {2}], [{8, 6}, {5, 7}, {2, 4}, {1, 3}], [{8, 6}, {5, 7}, {3, 4}, {1, 2}], [{8, 6}, {7}, {2, 5}, {1, 4}, {3}], [{8, 6}, {7}, {3, 5}, {1, 4}, {2}], [{8, 6}, {7}, {5}, {1, 4}, {2, 3}], [{8, 6}, {7}, {5}, {1, 4}, {3}, {2}], [{8, 7}, {1, 6}, {2, 5}, {3, 4}], [{8, 7}, {1, 6}, {3, 5}, {2, 4}], [{8, 7}, {1, 6}, {4, 5}, {2, 3}], [{8, 7}, {2, 6}, {1, 5}, {3, 4}], [{8, 7}, {2, 6}, {3, 5}, {1, 4}], [{8, 7}, {2, 6}, {4, 5}, {1, 3}], [{8, 7}, {2, 6}, {5}, {1, 4}, {3}], [{8, 7}, {3, 6}, {1, 5}, {2, 4}], [{8, 7}, {3, 6}, {2, 5}, {1, 4}], [{8, 7}, {3, 6}, {4, 5}, {1, 2}], [{8, 7}, {3, 6}, {4, 5}, {2}, {1}], [{8, 7}, {4, 6}, {1, 5}, {2, 3}], [{8, 7}, {4, 6}, {2, 5}, {1, 3}], [{8, 7}, {4, 6}, {3, 5}, {1, 2}], [{8, 7}, {5, 6}, {1, 4}, {2, 3}], [{8, 7}, {5, 6}, {2, 4}, {1, 3}], [{8, 7}, {5, 6}, {3, 4}, {1, 2}], [{8, 7}, {6}, {3, 5}, {1, 4}, {2}], [{8}, {1, 7}, {3, 6}, {4, 5}, {2}], [{8}, {1, 7}, {4, 6}, {5}, {2, 3}], [{8}, {2, 7}, {3, 6}, {1, 5}, {4}], [{8}, {2, 7}, {3, 6}, {4, 5}, {1}], [{8}, {2, 7}, {3, 6}, {5}, {1, 4}], [{8}, {2, 7}, {5, 6}, {1, 4}, {3}], [{8}, {2, 7}, {6}, {3, 5}, {1, 4}], [{8}, {2, 7}, {6}, {5}, {1, 4}, {3}], [{8}, {3, 7}, {4, 6}, {1, 5}, {2}], [{8}, {3, 7}, {5, 6}, {1, 4}, {2}], [{8}, {5, 7}, {1, 6}, {2, 4}, {3}], [{8}, {6, 7}, {1, 5}, {3, 4}, {2}], [{8}, {6, 7}, {3, 5}, {1, 4}, {2}], [{8}, {7}, {1, 6}, {2, 5}, {3, 4}], [{8}, {7}, {1, 6}, {4, 5}, {2, 3}], [{8}, {7}, {2, 6}, {3, 5}, {1, 4}], [{8}, {7}, {2, 6}, {4, 5}, {1, 3}], [{8}, {7}, {3, 6}, {4, 5}, {1, 2}], [{8}, {7}, {3, 6}, {4, 5}, {2}, {1}], [{8}, {7}, {5, 6}, {1, 4}, {2, 3}]]",2,4 K_1^3 + 8 K_1^2 K_2 - 14 K_1^2 - 10 K_1 K_2 - 4 K_1 K_3 + 2 K_1 + 5 K_2 + 4 K_3 + 6,O1O2O3O4U1U5U6O7O6U3O5U2U4O8U7U8,O1O2O3U4U5U6U3O7O8U7O4O6U2O5U1U8,O1O2O3U4U3O5U2O6O7U8O4O8U1U6U5U7,c,{'O1O2O3O4U5U6O5U1U3O7U2O8O6U8U7U4'},1,"<a href=""/flatknot/8.857977"">8.857977</a>",t^9-40t^7-90t^6+127t^5+312t^4-119t^3-282t^2+34t-2,-t^3+t^2+t,,
8.857978,O1O2O3O4U5U6O5U1U3O7U4O8O6U2U7U8,4,z^3+24z^2+106z+125,w^4z^3+24w^3z^2+106w^2z+125w,False,False,"[[ 0 -2 -1  1  2 -1  0  0  1],[ 2  0  2  1  2  2  1  1  0],[ 1 -2  0  0  2  0  0  1  1],[-1 -1  0  0  1 -1 -1  0 -1],[-2 -2 -2 -1  0 -2 -1  0  0],[ 1 -2  0  1  2  0  0  1  2],[ 0 -1  0  1  1  0  0  0  0],[ 0 -1 -1  0  0 -1  0  0  1],[-1  0 -1  1  0 -2  0 -1  0]]","[[ 0  2  1  1  0  0 -1 -1 -2],[-2  0  0 -1  0 -1 -2 -2 -2],[-1  0  0  1 -1  0 -1 -2  0],[-1  1 -1  0  0 -1  0 -1 -1],[ 0  0  1  0  0  0 -1 -1 -1],[ 0  1  0  1  0  0  0  0 -1],[ 1  2  1  0  1  0  0  0 -2],[ 1  2  2  1  1  0  0  0 -2],[ 2  2  0  1  1  1  2  2  0]]",True,"[-2,-1,-1,0,0,1,1,2,0,1,0,1,2,2,2,-1,1,0,1,2,0,0,1,0,1,1,0,1,1,1,0,0,1,0,2,2]","[-2,-1,-1,0,0,1,1,2,-1,-1,1,1,2,3,2,0,0,1,1,0,1,0,1,2,1,1,0,1,0,2,0,1,1,1,0,1]",t^8+36t^6+166t^4+61t^2+1,"[-2,-1,-1,0,0,1,1,2,-1,-1,1,1,2,3,2,0,0,1,1,0,1,0,1,2,1,1,0,1,0,2,0,1,1,1,0,1]","[-2,-1,-1,0,0,1,1,2,0,1,1,2,1,1,2,-1,0,1,1,2,2,1,0,0,1,3,0,1,1,1,0,0,1,0,-1,-1]","[-2,-1,-1,0,0,1,1,2,2,2,1,1,0,1,2,0,0,1,1,0,2,0,1,2,1,2,0,0,1,1,1,0,0,1,0,1]",c,"[[{8, 1}, {2, 7}, {3, 6}, {4, 5}], [{8, 1}, {2, 7}, {4, 6}, {3, 5}], [{8, 1}, {2, 7}, {4, 6}, {5}, {3}], [{8, 1}, {2, 7}, {5, 6}, {3, 4}], [{8, 1}, {2, 7}, {5, 6}, {4}, {3}], [{8, 1}, {2, 7}, {6}, {4, 5}, {3}], [{8, 1}, {3, 7}, {2, 6}, {4, 5}], [{8, 1}, {3, 7}, {4, 6}, {2, 5}], [{8, 1}, {3, 7}, {5, 6}, {2, 4}], [{8, 1}, {3, 7}, {6}, {2, 5}, {4}], [{8, 1}, {4, 7}, {2, 6}, {3, 5}], [{8, 1}, {4, 7}, {3, 6}, {2, 5}], [{8, 1}, {4, 7}, {5, 6}, {2, 3}], [{8, 1}, {5, 7}, {2, 6}, {3, 4}], [{8, 1}, {5, 7}, {2, 6}, {4}, {3}], [{8, 1}, {5, 7}, {3, 6}, {2, 4}], [{8, 1}, {5, 7}, {3, 6}, {4}, {2}], [{8, 1}, {5, 7}, {4, 6}, {2, 3}], [{8, 1}, {5, 7}, {6}, {4}, {2, 3}], [{8, 1}, {6, 7}, {2, 5}, {3, 4}], [{8, 1}, {6, 7}, {3, 5}, {2, 4}], [{8, 1}, {6, 7}, {4, 5}, {2, 3}], [{8, 1}, {7}, {3, 6}, {5}, {2, 4}], [{8, 2}, {1, 7}, {3, 6}, {4, 5}], [{8, 2}, {1, 7}, {4, 6}, {3, 5}], [{8, 2}, {1, 7}, {5, 6}, {3, 4}], [{8, 2}, {1, 7}, {6}, {3, 5}, {4}], [{8, 2}, {3, 7}, {1, 6}, {4, 5}], [{8, 2}, {3, 7}, {4, 6}, {1, 5}], [{8, 2}, {3, 7}, {5, 6}, {1, 4}], [{8, 2}, {3, 7}, {5, 6}, {4}, {1}], [{8, 2}, {3, 7}, {6}, {5}, {1, 4}], [{8, 2}, {4, 7}, {1, 6}, {3, 5}], [{8, 2}, {4, 7}, {3, 6}, {1, 5}], [{8, 2}, {4, 7}, {5, 6}, {1, 3}], [{8, 2}, {4, 7}, {6}, {3, 5}, {1}], [{8, 2}, {5, 7}, {1, 6}, {3, 4}], [{8, 2}, {5, 7}, {3, 6}, {1, 4}], [{8, 2}, {5, 7}, {4, 6}, {1, 3}], [{8, 2}, {5, 7}, {6}, {1, 4}, {3}], [{8, 2}, {6, 7}, {1, 5}, {3, 4}], [{8, 2}, {6, 7}, {3, 5}, {1, 4}], [{8, 2}, {6, 7}, {4, 5}, {1, 3}], [{8, 2}, {6, 7}, {4, 5}, {3}, {1}], [{8, 2}, {7}, {3, 6}, {1, 5}, {4}], [{8, 2}, {7}, {4, 6}, {1, 5}, {3}], [{8, 2}, {7}, {6}, {1, 5}, {3, 4}], [{8, 2}, {7}, {6}, {3, 5}, {1, 4}], [{8, 2}, {7}, {6}, {4, 5}, {1, 3}], [{8, 3}, {1, 7}, {2, 6}, {4, 5}], [{8, 3}, {1, 7}, {4, 6}, {2, 5}], [{8, 3}, {1, 7}, {5, 6}, {2, 4}], [{8, 3}, {2, 7}, {1, 6}, {4, 5}], [{8, 3}, {2, 7}, {4, 6}, {1, 5}], [{8, 3}, {2, 7}, {5, 6}, {1, 4}], [{8, 3}, {2, 7}, {6}, {4, 5}, {1}], [{8, 3}, {4, 7}, {1, 6}, {2, 5}], [{8, 3}, {4, 7}, {2, 6}, {1, 5}], [{8, 3}, {4, 7}, {2, 6}, {5}, {1}], [{8, 3}, {4, 7}, {5, 6}, {1, 2}], [{8, 3}, {4, 7}, {6}, {1, 5}, {2}], [{8, 3}, {5, 7}, {1, 6}, {2, 4}], [{8, 3}, {5, 7}, {2, 6}, {1, 4}], [{8, 3}, {5, 7}, {4, 6}, {1, 2}], [{8, 3}, {6, 7}, {1, 5}, {2, 4}], [{8, 3}, {6, 7}, {2, 5}, {1, 4}], [{8, 3}, {6, 7}, {4, 5}, {1, 2}], [{8, 3}, {7}, {1, 6}, {2, 5}, {4}], [{8, 4}, {1, 7}, {2, 6}, {3, 5}], [{8, 4}, {1, 7}, {3, 6}, {2, 5}], [{8, 4}, {1, 7}, {5, 6}, {2, 3}], [{8, 4}, {1, 7}, {6}, {2, 5}, {3}], [{8, 4}, {2, 7}, {1, 6}, {3, 5}], [{8, 4}, {2, 7}, {3, 6}, {1, 5}], [{8, 4}, {2, 7}, {5, 6}, {1, 3}], [{8, 4}, {3, 7}, {1, 6}, {2, 5}], [{8, 4}, {3, 7}, {1, 6}, {5}, {2}], [{8, 4}, {3, 7}, {2, 6}, {1, 5}], [{8, 4}, {3, 7}, {5, 6}, {1, 2}], [{8, 4}, {3, 7}, {6}, {2, 5}, {1}], [{8, 4}, {5, 7}, {1, 6}, {2, 3}], [{8, 4}, {5, 7}, {2, 6}, {1, 3}], [{8, 4}, {5, 7}, {3, 6}, {1, 2}], [{8, 4}, {5, 7}, {3, 6}, {2}, {1}], [{8, 4}, {6, 7}, {1, 5}, {2, 3}], [{8, 4}, {6, 7}, {2, 5}, {1, 3}], [{8, 4}, {6, 7}, {3, 5}, {1, 2}], [{8, 4}, {6, 7}, {5}, {3}, {1, 2}], [{8, 4}, {7}, {2, 6}, {1, 5}, {3}], [{8, 4}, {7}, {5, 6}, {2, 3}, {1}], [{8, 4}, {7}, {6}, {2, 5}, {1, 3}], [{8, 5}, {1, 7}, {2, 6}, {3, 4}], [{8, 5}, {1, 7}, {2, 6}, {4}, {3}], [{8, 5}, {1, 7}, {3, 6}, {2, 4}], [{8, 5}, {1, 7}, {3, 6}, {4}, {2}], [{8, 5}, {1, 7}, {4, 6}, {2, 3}], [{8, 5}, {1, 7}, {6}, {4}, {2, 3}], [{8, 5}, {2, 7}, {1, 6}, {3, 4}], [{8, 5}, {2, 7}, {3, 6}, {1, 4}], [{8, 5}, {2, 7}, {4, 6}, {1, 3}], [{8, 5}, {2, 7}, {6}, {1, 4}, {3}], [{8, 5}, {3, 7}, {1, 6}, {2, 4}], [{8, 5}, {3, 7}, {2, 6}, {1, 4}], [{8, 5}, {3, 7}, {4, 6}, {1, 2}], [{8, 5}, {3, 7}, {6}, {1, 4}, {2}], [{8, 5}, {4, 7}, {1, 6}, {2, 3}], [{8, 5}, {4, 7}, {2, 6}, {1, 3}], [{8, 5}, {4, 7}, {3, 6}, {1, 2}], [{8, 5}, {4, 7}, {6}, {2, 3}, {1}], [{8, 5}, {6, 7}, {1, 4}, {2, 3}], [{8, 5}, {6, 7}, {2, 4}, {1, 3}], [{8, 5}, {6, 7}, {3, 4}, {1, 2}], [{8, 5}, {6, 7}, {3, 4}, {2}, {1}], [{8, 5}, {7}, {6}, {1, 4}, {2, 3}], [{8, 5}, {7}, {6}, {2, 4}, {1, 3}], [{8, 5}, {7}, {6}, {3, 4}, {1, 2}], [{8, 6}, {1, 7}, {2, 5}, {3, 4}], [{8, 6}, {1, 7}, {2, 5}, {4}, {3}], [{8, 6}, {1, 7}, {3, 5}, {2, 4}], [{8, 6}, {1, 7}, {4, 5}, {2, 3}], [{8, 6}, {2, 7}, {1, 5}, {3, 4}], [{8, 6}, {2, 7}, {3, 5}, {1, 4}], [{8, 6}, {2, 7}, {4, 5}, {1, 3}], [{8, 6}, {3, 7}, {1, 5}, {2, 4}], [{8, 6}, {3, 7}, {2, 5}, {1, 4}], [{8, 6}, {3, 7}, {4, 5}, {1, 2}], [{8, 6}, {4, 7}, {1, 5}, {2, 3}], [{8, 6}, {4, 7}, {2, 5}, {1, 3}], [{8, 6}, {4, 7}, {3, 5}, {1, 2}], [{8, 6}, {5, 7}, {1, 4}, {2, 3}], [{8, 6}, {5, 7}, {2, 4}, {1, 3}], [{8, 6}, {5, 7}, {3, 4}, {1, 2}], [{8, 6}, {7}, {3, 5}, {1, 4}, {2}], [{8, 6}, {7}, {3, 5}, {2, 4}, {1}], [{8, 6}, {7}, {3, 5}, {4}, {1, 2}], [{8, 6}, {7}, {4, 5}, {1, 3}, {2}], [{8, 7}, {1, 6}, {2, 5}, {3, 4}], [{8, 7}, {1, 6}, {3, 5}, {2, 4}], [{8, 7}, {1, 6}, {4, 5}, {2, 3}], [{8, 7}, {2, 6}, {1, 5}, {3, 4}], [{8, 7}, {2, 6}, {3, 5}, {1, 4}], [{8, 7}, {2, 6}, {4, 5}, {1, 3}], [{8, 7}, {2, 6}, {5}, {1, 4}, {3}], [{8, 7}, {3, 6}, {1, 5}, {2, 4}], [{8, 7}, {3, 6}, {2, 5}, {1, 4}], [{8, 7}, {3, 6}, {4, 5}, {1, 2}], [{8, 7}, {4, 6}, {1, 5}, {2, 3}], [{8, 7}, {4, 6}, {2, 5}, {1, 3}], [{8, 7}, {4, 6}, {3, 5}, {1, 2}], [{8, 7}, {5, 6}, {1, 4}, {2, 3}], [{8, 7}, {5, 6}, {2, 4}, {1, 3}], [{8, 7}, {5, 6}, {3, 4}, {1, 2}], [{8, 7}, {6}, {2, 5}, {3, 4}, {1}], [{8, 7}, {6}, {3, 5}, {4}, {1, 2}], [{8, 7}, {6}, {4, 5}, {1, 3}, {2}], [{8}, {1, 7}, {2, 6}, {5}, {3, 4}], [{8}, {1, 7}, {4, 6}, {2, 5}, {3}], [{8}, {2, 7}, {3, 6}, {5}, {1, 4}], [{8}, {2, 7}, {6}, {4, 5}, {1, 3}], [{8}, {3, 7}, {2, 6}, {1, 5}, {4}], [{8}, {3, 7}, {4, 6}, {1, 5}, {2}], [{8}, {3, 7}, {6}, {1, 5}, {2, 4}], [{8}, {3, 7}, {6}, {2, 5}, {1, 4}], [{8}, {4, 7}, {1, 6}, {2, 5}, {3}], [{8}, {5, 7}, {1, 6}, {2, 4}, {3}], [{8}, {5, 7}, {3, 6}, {1, 4}, {2}], [{8}, {6, 7}, {2, 5}, {1, 4}, {3}], [{8}, {6, 7}, {3, 5}, {4}, {1, 2}], [{8}, {6, 7}, {4, 5}, {1, 3}, {2}], [{8}, {7}, {2, 6}, {3, 5}, {1, 4}], [{8}, {7}, {2, 6}, {4, 5}, {1, 3}], [{8}, {7}, {3, 6}, {2, 5}, {1, 4}], [{8}, {7}, {6}, {4, 5}, {1, 3}, {2}]]",2,12 K_1^3 + 8 K_1^2 K_2 - 28 K_1^2 - 20 K_1 K_2 - 8 K_1 K_3 + K_1 + 14 K_2 + 7 K_3 + 2 K_4 + 13,O1O2O3O4U5U6U3O7O5U1O6U2U4O8U7U8,O1O2O3U4U1U5U6O7O8U7O4O5U2O6U3U8,O1O2O3U4U1O5U2O6O7U8O4O8U5U6U3U7,c,{'O1O2O3O4U5U6O5U1U3O7U4O8O6U2U7U8'},1,"<a href=""/flatknot/8.857978"">8.857978</a>",t^9-36t^7-80t^6+56t^5+212t^4+95t^3-64t^2-131t-48,0,,
8.857979,O1O2O3O4U5U6O5U1U3O7U4O8O6U2U8U7,4,10z^2+79z+119,10w^3z^2+79w^2z+119w,False,False,"[[ 0 -2 -1  1  2 -1  0  1  0],[ 2  0  2  1  2  2  1  1  0],[ 1 -2  0  0  2  0  0  2  0],[-1 -1  0  0  1 -1 -1  0 -1],[-2 -2 -2 -1  0 -2 -1  0 -1],[ 1 -2  0  1  2  0  0  2  1],[ 0 -1  0  1  1  0  0  0  0],[-1 -1 -2  0  0 -2  0  0  0],[ 0  0  0  1  1 -1  0  0  0]]","[[ 0  2  1  1  0  0 -1 -1 -2],[-2  0  0 -1 -1 -1 -2 -2 -2],[-1  0  0  0  0  0 -2 -2 -1],[-1  1  0  0 -1 -1  0 -1 -1],[ 0  1  0  1  0  0  0  0 -1],[ 0  1  0  1  0  0  0 -1  0],[ 1  2  2  0  0  0  0  0 -2],[ 1  2  2  1  0  1  0  0 -2],[ 2  2  1  1  1  0  2  2  0]]",True,"[-2,-1,-1,0,0,1,1,2,0,1,1,1,2,2,2,0,0,0,2,2,1,1,1,0,1,1,0,0,0,1,0,1,0,0,2,2]","[-2,-1,-1,0,0,1,1,2,-1,-1,1,2,2,2,2,0,1,0,0,1,1,1,1,0,2,1,0,1,0,1,1,0,1,0,1,0]",t^8+38t^6+156t^4+96t^2,"[-2,-1,-1,0,0,1,1,2,-1,-1,1,2,2,2,2,0,1,0,0,1,1,1,1,0,2,1,0,1,0,1,1,0,1,0,1,0]","[-2,-1,-1,0,0,1,1,2,0,1,1,1,1,1,2,0,0,0,1,2,2,1,1,0,0,2,0,0,1,2,1,1,1,0,-1,-1]","[-2,-1,-1,0,0,1,1,2,2,2,0,1,1,1,2,0,0,0,0,2,2,1,0,1,2,2,0,1,0,1,1,0,1,0,1,0]",c,"[[{8, 1}, {2, 7}, {3, 6}, {4, 5}], [{8, 1}, {2, 7}, {3, 6}, {5}, {4}], [{8, 1}, {2, 7}, {4, 6}, {3, 5}], [{8, 1}, {2, 7}, {5, 6}, {3, 4}], [{8, 1}, {2, 7}, {6}, {4, 5}, {3}], [{8, 1}, {3, 7}, {2, 6}, {4, 5}], [{8, 1}, {3, 7}, {4, 6}, {2, 5}], [{8, 1}, {3, 7}, {5, 6}, {2, 4}], [{8, 1}, {4, 7}, {2, 6}, {3, 5}], [{8, 1}, {4, 7}, {3, 6}, {2, 5}], [{8, 1}, {4, 7}, {5, 6}, {2, 3}], [{8, 1}, {4, 7}, {5, 6}, {3}, {2}], [{8, 1}, {5, 7}, {2, 6}, {3, 4}], [{8, 1}, {5, 7}, {3, 6}, {2, 4}], [{8, 1}, {5, 7}, {4, 6}, {2, 3}], [{8, 1}, {5, 7}, {4, 6}, {3}, {2}], [{8, 1}, {5, 7}, {6}, {4}, {2, 3}], [{8, 1}, {6, 7}, {2, 5}, {3, 4}], [{8, 1}, {6, 7}, {3, 5}, {2, 4}], [{8, 1}, {6, 7}, {3, 5}, {4}, {2}], [{8, 1}, {6, 7}, {4, 5}, {2, 3}], [{8, 2}, {1, 7}, {3, 6}, {4, 5}], [{8, 2}, {1, 7}, {4, 6}, {3, 5}], [{8, 2}, {1, 7}, {5, 6}, {3, 4}], [{8, 2}, {1, 7}, {6}, {5}, {3, 4}], [{8, 2}, {3, 7}, {1, 6}, {4, 5}], [{8, 2}, {3, 7}, {4, 6}, {1, 5}], [{8, 2}, {3, 7}, {5, 6}, {1, 4}], [{8, 2}, {3, 7}, {6}, {1, 5}, {4}], [{8, 2}, {4, 7}, {1, 6}, {3, 5}], [{8, 2}, {4, 7}, {3, 6}, {1, 5}], [{8, 2}, {4, 7}, {5, 6}, {1, 3}], [{8, 2}, {5, 7}, {1, 6}, {3, 4}], [{8, 2}, {5, 7}, {3, 6}, {1, 4}], [{8, 2}, {5, 7}, {4, 6}, {1, 3}], [{8, 2}, {6, 7}, {1, 5}, {3, 4}], [{8, 2}, {6, 7}, {3, 5}, {1, 4}], [{8, 2}, {6, 7}, {3, 5}, {4}, {1}], [{8, 2}, {6, 7}, {4, 5}, {1, 3}], [{8, 2}, {7}, {1, 6}, {4, 5}, {3}], [{8, 2}, {7}, {3, 6}, {4, 5}, {1}], [{8, 2}, {7}, {4, 6}, {1, 5}, {3}], [{8, 2}, {7}, {6}, {3, 5}, {1, 4}], [{8, 2}, {7}, {6}, {4, 5}, {1, 3}], [{8, 3}, {1, 7}, {2, 6}, {4, 5}], [{8, 3}, {1, 7}, {4, 6}, {2, 5}], [{8, 3}, {1, 7}, {5, 6}, {2, 4}], [{8, 3}, {2, 7}, {1, 6}, {4, 5}], [{8, 3}, {2, 7}, {4, 6}, {1, 5}], [{8, 3}, {2, 7}, {5, 6}, {1, 4}], [{8, 3}, {2, 7}, {6}, {4, 5}, {1}], [{8, 3}, {4, 7}, {1, 6}, {2, 5}], [{8, 3}, {4, 7}, {2, 6}, {1, 5}], [{8, 3}, {4, 7}, {2, 6}, {5}, {1}], [{8, 3}, {4, 7}, {5, 6}, {1, 2}], [{8, 3}, {5, 7}, {1, 6}, {2, 4}], [{8, 3}, {5, 7}, {2, 6}, {1, 4}], [{8, 3}, {5, 7}, {4, 6}, {1, 2}], [{8, 3}, {6, 7}, {1, 5}, {2, 4}], [{8, 3}, {6, 7}, {2, 5}, {1, 4}], [{8, 3}, {6, 7}, {4, 5}, {1, 2}], [{8, 3}, {7}, {1, 6}, {4, 5}, {2}], [{8, 4}, {1, 7}, {2, 6}, {3, 5}], [{8, 4}, {1, 7}, {3, 6}, {2, 5}], [{8, 4}, {1, 7}, {5, 6}, {2, 3}], [{8, 4}, {1, 7}, {5, 6}, {3}, {2}], [{8, 4}, {2, 7}, {1, 6}, {3, 5}], [{8, 4}, {2, 7}, {3, 6}, {1, 5}], [{8, 4}, {2, 7}, {5, 6}, {1, 3}], [{8, 4}, {2, 7}, {5, 6}, {3}, {1}], [{8, 4}, {3, 7}, {1, 6}, {2, 5}], [{8, 4}, {3, 7}, {1, 6}, {5}, {2}], [{8, 4}, {3, 7}, {2, 6}, {1, 5}], [{8, 4}, {3, 7}, {2, 6}, {5}, {1}], [{8, 4}, {3, 7}, {5, 6}, {1, 2}], [{8, 4}, {3, 7}, {5, 6}, {2}, {1}], [{8, 4}, {3, 7}, {6}, {1, 5}, {2}], [{8, 4}, {3, 7}, {6}, {2, 5}, {1}], [{8, 4}, {3, 7}, {6}, {5}, {1, 2}], [{8, 4}, {5, 7}, {1, 6}, {2, 3}], [{8, 4}, {5, 7}, {2, 6}, {1, 3}], [{8, 4}, {5, 7}, {3, 6}, {1, 2}], [{8, 4}, {5, 7}, {6}, {1, 3}, {2}], [{8, 4}, {5, 7}, {6}, {2, 3}, {1}], [{8, 4}, {5, 7}, {6}, {3}, {1, 2}], [{8, 4}, {6, 7}, {1, 5}, {2, 3}], [{8, 4}, {6, 7}, {2, 5}, {1, 3}], [{8, 4}, {6, 7}, {3, 5}, {1, 2}], [{8, 4}, {6, 7}, {5}, {1, 3}, {2}], [{8, 4}, {6, 7}, {5}, {2, 3}, {1}], [{8, 4}, {6, 7}, {5}, {3}, {1, 2}], [{8, 4}, {7}, {1, 6}, {2, 5}, {3}], [{8, 4}, {7}, {2, 6}, {1, 5}, {3}], [{8, 4}, {7}, {3, 6}, {5}, {1, 2}], [{8, 4}, {7}, {5, 6}, {1, 3}, {2}], [{8, 4}, {7}, {5, 6}, {2, 3}, {1}], [{8, 4}, {7}, {5, 6}, {3}, {1, 2}], [{8, 4}, {7}, {5, 6}, {3}, {2}, {1}], [{8, 4}, {7}, {6}, {3, 5}, {1, 2}], [{8, 4}, {7}, {6}, {5}, {3}, {1, 2}], [{8, 5}, {1, 7}, {2, 6}, {3, 4}], [{8, 5}, {1, 7}, {3, 6}, {2, 4}], [{8, 5}, {1, 7}, {4, 6}, {2, 3}], [{8, 5}, {2, 7}, {1, 6}, {3, 4}], [{8, 5}, {2, 7}, {3, 6}, {1, 4}], [{8, 5}, {2, 7}, {4, 6}, {1, 3}], [{8, 5}, {3, 7}, {1, 6}, {2, 4}], [{8, 5}, {3, 7}, {2, 6}, {1, 4}], [{8, 5}, {3, 7}, {4, 6}, {1, 2}], [{8, 5}, {4, 7}, {1, 6}, {2, 3}], [{8, 5}, {4, 7}, {1, 6}, {3}, {2}], [{8, 5}, {4, 7}, {2, 6}, {1, 3}], [{8, 5}, {4, 7}, {3, 6}, {1, 2}], [{8, 5}, {6, 7}, {1, 4}, {2, 3}], [{8, 5}, {6, 7}, {2, 4}, {1, 3}], [{8, 5}, {6, 7}, {2, 4}, {3}, {1}], [{8, 5}, {6, 7}, {3, 4}, {1, 2}], [{8, 5}, {6, 7}, {3, 4}, {2}, {1}], [{8, 5}, {6, 7}, {4}, {2, 3}, {1}], [{8, 5}, {7}, {2, 6}, {1, 4}, {3}], [{8, 5}, {7}, {3, 6}, {1, 4}, {2}], [{8, 5}, {7}, {6}, {1, 4}, {2, 3}], [{8, 6}, {1, 7}, {2, 5}, {3, 4}], [{8, 6}, {1, 7}, {3, 5}, {2, 4}], [{8, 6}, {1, 7}, {4, 5}, {2, 3}], [{8, 6}, {1, 7}, {5}, {2, 4}, {3}], [{8, 6}, {1, 7}, {5}, {3, 4}, {2}], [{8, 6}, {1, 7}, {5}, {4}, {2, 3}], [{8, 6}, {2, 7}, {1, 5}, {3, 4}], [{8, 6}, {2, 7}, {3, 5}, {1, 4}], [{8, 6}, {2, 7}, {4, 5}, {1, 3}], [{8, 6}, {3, 7}, {1, 5}, {2, 4}], [{8, 6}, {3, 7}, {1, 5}, {4}, {2}], [{8, 6}, {3, 7}, {2, 5}, {1, 4}], [{8, 6}, {3, 7}, {4, 5}, {1, 2}], [{8, 6}, {3, 7}, {5}, {2, 4}, {1}], [{8, 6}, {4, 7}, {1, 5}, {2, 3}], [{8, 6}, {4, 7}, {2, 5}, {1, 3}], [{8, 6}, {4, 7}, {3, 5}, {1, 2}], [{8, 6}, {4, 7}, {3, 5}, {2}, {1}], [{8, 6}, {5, 7}, {1, 4}, {2, 3}], [{8, 6}, {5, 7}, {2, 4}, {1, 3}], [{8, 6}, {5, 7}, {3, 4}, {1, 2}], [{8, 6}, {7}, {2, 5}, {1, 4}, {3}], [{8, 6}, {7}, {5}, {2, 4}, {1, 3}], [{8, 7}, {1, 6}, {2, 5}, {3, 4}], [{8, 7}, {1, 6}, {3, 5}, {2, 4}], [{8, 7}, {1, 6}, {4, 5}, {2, 3}], [{8, 7}, {2, 6}, {1, 5}, {3, 4}], [{8, 7}, {2, 6}, {3, 5}, {1, 4}], [{8, 7}, {2, 6}, {4, 5}, {1, 3}], [{8, 7}, {2, 6}, {5}, {1, 4}, {3}], [{8, 7}, {3, 6}, {1, 5}, {2, 4}], [{8, 7}, {3, 6}, {2, 5}, {1, 4}], [{8, 7}, {3, 6}, {4, 5}, {1, 2}], [{8, 7}, {3, 6}, {5}, {1, 4}, {2}], [{8, 7}, {4, 6}, {1, 5}, {2, 3}], [{8, 7}, {4, 6}, {2, 5}, {1, 3}], [{8, 7}, {4, 6}, {3, 5}, {1, 2}], [{8, 7}, {5, 6}, {1, 4}, {2, 3}], [{8, 7}, {5, 6}, {1, 4}, {3}, {2}], [{8, 7}, {5, 6}, {2, 4}, {1, 3}], [{8, 7}, {5, 6}, {3, 4}, {1, 2}], [{8, 7}, {6}, {2, 5}, {1, 4}, {3}], [{8, 7}, {6}, {3, 5}, {1, 4}, {2}], [{8, 7}, {6}, {4, 5}, {1, 3}, {2}], [{8, 7}, {6}, {5}, {1, 4}, {2, 3}], [{8}, {1, 7}, {2, 6}, {3, 5}, {4}], [{8}, {1, 7}, {2, 6}, {4, 5}, {3}], [{8}, {1, 7}, {2, 6}, {5}, {3, 4}], [{8}, {1, 7}, {3, 6}, {4, 5}, {2}], [{8}, {1, 7}, {4, 6}, {2, 5}, {3}], [{8}, {1, 7}, {6}, {4, 5}, {2, 3}], [{8}, {2, 7}, {6}, {1, 5}, {3, 4}], [{8}, {2, 7}, {6}, {3, 5}, {1, 4}], [{8}, {2, 7}, {6}, {4, 5}, {1, 3}], [{8}, {3, 7}, {1, 6}, {2, 5}, {4}], [{8}, {3, 7}, {2, 6}, {1, 5}, {4}], [{8}, {3, 7}, {4, 6}, {1, 5}, {2}], [{8}, {3, 7}, {5, 6}, {4}, {1, 2}], [{8}, {3, 7}, {6}, {1, 5}, {2, 4}], [{8}, {3, 7}, {6}, {1, 5}, {4}, {2}], [{8}, {4, 7}, {6}, {1, 5}, {2, 3}], [{8}, {5, 7}, {2, 6}, {1, 4}, {3}], [{8}, {5, 7}, {3, 6}, {1, 4}, {2}], [{8}, {5, 7}, {6}, {1, 4}, {2, 3}], [{8}, {6, 7}, {2, 5}, {1, 4}, {3}], [{8}, {6, 7}, {3, 5}, {4}, {1, 2}], [{8}, {6, 7}, {4, 5}, {2, 3}, {1}], [{8}, {7}, {1, 6}, {3, 5}, {2, 4}], [{8}, {7}, {1, 6}, {4, 5}, {2, 3}]]",2,4 K_1^3 + 4 K_1^2 K_2 - 20 K_1^2 - 20 K_1 K_2 - 4 K_1 K_3 + 7 K_1 - 4 K_2^2 + 10 K_2 + 9 K_3 + 3 K_4 + 12,O1O2O3O4U5U6U3O7O6U1O5U2U4O8U7U8,O1O2O3U4U1U5U6O7O8U7O4O5U3O6U2U8,O1O2O3U4U2O5U1O6O7U8O4O8U5U6U3U7,c,{'O1O2O3O4U5U6O5U1U3O7U4O8O6U2U8U7'},1,"<a href=""/flatknot/8.857979"">8.857979</a>",t^9-38t^7-88t^6+82t^5+346t^4+155t^3-144t^2-84t-14,0,,
8.857980,O1O2O3O4U5U6O5U1U3O7U4O8O6U7U2U8,4,2z^3+26z^2+105z+123,2w^4z^3+26w^3z^2+105w^2z+123w,False,False,"[[ 0 -2  0  1  2 -1  0 -1  1],[ 2  0  2  1  2  2  1  0  0],[ 0 -2  0  0  1 -1  0  0  1],[-1 -1  0  0  1 -1 -1  0 -1],[-2 -2 -1 -1  0 -2 -1  0  0],[ 1 -2  1  1  2  0  0  0  2],[ 0 -1  0  1  1  0  0 -1  0],[ 1  0  0  0  0  0  1  0  1],[-1  0 -1  1  0 -2  0 -1  0]]","[[ 0  2  1  1  0  0 -1 -1 -2],[-2  0  0 -1 -1 -1  0 -2 -2],[-1  0  0  1  0 -1 -1 -2  0],[-1  1 -1  0 -1  0  0 -1 -1],[ 0  1  0  1  0  0 -1  0 -1],[ 0  1  1  0  0  0  0 -1 -2],[ 1  0  1  0  1  0  0  0  0],[ 1  2  2  1  0  1  0  0 -2],[ 2  2  0  1  1  2  0  2  0]]",True,"[-2,-1,-1,0,0,1,1,2,0,1,1,1,0,2,2,-1,0,1,1,2,0,1,0,0,1,1,0,1,0,1,0,1,2,0,0,2]","[-2,-1,-1,0,0,1,1,2,-1,1,0,1,2,3,2,0,0,1,1,0,1,1,0,2,1,3,0,1,0,1,0,1,1,1,0,1]",t^8+32t^6+164t^4+102t^2+1,"[-2,-1,-1,0,0,1,1,2,-1,1,0,1,2,3,2,0,0,1,1,0,1,1,0,2,1,3,0,1,0,1,0,1,1,1,0,1]","[-2,-1,-1,0,0,1,1,2,0,1,1,1,1,3,2,-1,0,1,1,2,2,1,0,0,1,3,0,1,0,1,0,1,0,0,-1,1]","[-2,-1,-1,0,0,1,1,2,0,2,1,2,0,1,2,0,1,0,1,0,0,0,1,2,1,2,0,0,1,1,1,0,1,1,0,1]",c,"[[{8, 1}, {2, 7}, {3, 6}, {4, 5}], [{8, 1}, {2, 7}, {4, 6}, {3, 5}], [{8, 1}, {2, 7}, {4, 6}, {5}, {3}], [{8, 1}, {2, 7}, {5, 6}, {3, 4}], [{8, 1}, {2, 7}, {5, 6}, {4}, {3}], [{8, 1}, {2, 7}, {6}, {4, 5}, {3}], [{8, 1}, {3, 7}, {2, 6}, {4, 5}], [{8, 1}, {3, 7}, {4, 6}, {2, 5}], [{8, 1}, {3, 7}, {4, 6}, {5}, {2}], [{8, 1}, {3, 7}, {5, 6}, {2, 4}], [{8, 1}, {3, 7}, {5, 6}, {4}, {2}], [{8, 1}, {3, 7}, {6}, {4, 5}, {2}], [{8, 1}, {4, 7}, {2, 6}, {3, 5}], [{8, 1}, {4, 7}, {3, 6}, {2, 5}], [{8, 1}, {4, 7}, {5, 6}, {2, 3}], [{8, 1}, {4, 7}, {5, 6}, {3}, {2}], [{8, 1}, {5, 7}, {2, 6}, {3, 4}], [{8, 1}, {5, 7}, {3, 6}, {2, 4}], [{8, 1}, {5, 7}, {4, 6}, {2, 3}], [{8, 1}, {5, 7}, {4, 6}, {3}, {2}], [{8, 1}, {6, 7}, {2, 5}, {3, 4}], [{8, 1}, {6, 7}, {3, 5}, {2, 4}], [{8, 1}, {6, 7}, {4, 5}, {2, 3}], [{8, 1}, {6, 7}, {4, 5}, {3}, {2}], [{8, 1}, {7}, {2, 6}, {4, 5}, {3}], [{8, 1}, {7}, {3, 6}, {4, 5}, {2}], [{8, 1}, {7}, {4, 6}, {2, 5}, {3}], [{8, 1}, {7}, {4, 6}, {3, 5}, {2}], [{8, 1}, {7}, {4, 6}, {5}, {2, 3}], [{8, 1}, {7}, {4, 6}, {5}, {3}, {2}], [{8, 1}, {7}, {5, 6}, {2, 4}, {3}], [{8, 1}, {7}, {5, 6}, {3, 4}, {2}], [{8, 1}, {7}, {5, 6}, {4}, {2, 3}], [{8, 1}, {7}, {5, 6}, {4}, {3}, {2}], [{8, 1}, {7}, {6}, {4, 5}, {2, 3}], [{8, 1}, {7}, {6}, {4, 5}, {3}, {2}], [{8, 2}, {1, 7}, {3, 6}, {4, 5}], [{8, 2}, {1, 7}, {4, 6}, {3, 5}], [{8, 2}, {1, 7}, {5, 6}, {3, 4}], [{8, 2}, {1, 7}, {6}, {3, 5}, {4}], [{8, 2}, {1, 7}, {6}, {4, 5}, {3}], [{8, 2}, {1, 7}, {6}, {5}, {3, 4}], [{8, 2}, {3, 7}, {1, 6}, {4, 5}], [{8, 2}, {3, 7}, {4, 6}, {1, 5}], [{8, 2}, {3, 7}, {5, 6}, {1, 4}], [{8, 2}, {3, 7}, {6}, {5}, {1, 4}], [{8, 2}, {4, 7}, {1, 6}, {3, 5}], [{8, 2}, {4, 7}, {3, 6}, {1, 5}], [{8, 2}, {4, 7}, {5, 6}, {1, 3}], [{8, 2}, {4, 7}, {6}, {5}, {1, 3}], [{8, 2}, {5, 7}, {1, 6}, {3, 4}], [{8, 2}, {5, 7}, {3, 6}, {1, 4}], [{8, 2}, {5, 7}, {4, 6}, {1, 3}], [{8, 2}, {5, 7}, {4, 6}, {3}, {1}], [{8, 2}, {6, 7}, {1, 5}, {3, 4}], [{8, 2}, {6, 7}, {3, 5}, {1, 4}], [{8, 2}, {6, 7}, {4, 5}, {1, 3}], [{8, 2}, {6, 7}, {5}, {1, 4}, {3}], [{8, 2}, {7}, {3, 6}, {5}, {1, 4}], [{8, 3}, {1, 7}, {2, 6}, {4, 5}], [{8, 3}, {1, 7}, {4, 6}, {2, 5}], [{8, 3}, {1, 7}, {5, 6}, {2, 4}], [{8, 3}, {2, 7}, {1, 6}, {4, 5}], [{8, 3}, {2, 7}, {4, 6}, {1, 5}], [{8, 3}, {2, 7}, {5, 6}, {1, 4}], [{8, 3}, {4, 7}, {1, 6}, {2, 5}], [{8, 3}, {4, 7}, {1, 6}, {5}, {2}], [{8, 3}, {4, 7}, {2, 6}, {1, 5}], [{8, 3}, {4, 7}, {5, 6}, {1, 2}], [{8, 3}, {5, 7}, {1, 6}, {2, 4}], [{8, 3}, {5, 7}, {2, 6}, {1, 4}], [{8, 3}, {5, 7}, {4, 6}, {1, 2}], [{8, 3}, {5, 7}, {6}, {1, 4}, {2}], [{8, 3}, {5, 7}, {6}, {2, 4}, {1}], [{8, 3}, {5, 7}, {6}, {4}, {1, 2}], [{8, 3}, {6, 7}, {1, 5}, {2, 4}], [{8, 3}, {6, 7}, {1, 5}, {4}, {2}], [{8, 3}, {6, 7}, {2, 5}, {1, 4}], [{8, 3}, {6, 7}, {4, 5}, {1, 2}], [{8, 4}, {1, 7}, {2, 6}, {3, 5}], [{8, 4}, {1, 7}, {3, 6}, {2, 5}], [{8, 4}, {1, 7}, {5, 6}, {2, 3}], [{8, 4}, {1, 7}, {5, 6}, {3}, {2}], [{8, 4}, {2, 7}, {1, 6}, {3, 5}], [{8, 4}, {2, 7}, {3, 6}, {1, 5}], [{8, 4}, {2, 7}, {5, 6}, {1, 3}], [{8, 4}, {3, 7}, {1, 6}, {2, 5}], [{8, 4}, {3, 7}, {2, 6}, {1, 5}], [{8, 4}, {3, 7}, {5, 6}, {1, 2}], [{8, 4}, {3, 7}, {6}, {1, 5}, {2}], [{8, 4}, {5, 7}, {1, 6}, {2, 3}], [{8, 4}, {5, 7}, {2, 6}, {1, 3}], [{8, 4}, {5, 7}, {3, 6}, {1, 2}], [{8, 4}, {5, 7}, {3, 6}, {2}, {1}], [{8, 4}, {6, 7}, {1, 5}, {2, 3}], [{8, 4}, {6, 7}, {2, 5}, {1, 3}], [{8, 4}, {6, 7}, {3, 5}, {1, 2}], [{8, 4}, {6, 7}, {5}, {3}, {1, 2}], [{8, 4}, {7}, {5, 6}, {2, 3}, {1}], [{8, 5}, {1, 7}, {2, 6}, {3, 4}], [{8, 5}, {1, 7}, {3, 6}, {2, 4}], [{8, 5}, {1, 7}, {4, 6}, {2, 3}], [{8, 5}, {1, 7}, {6}, {3, 4}, {2}], [{8, 5}, {2, 7}, {1, 6}, {3, 4}], [{8, 5}, {2, 7}, {3, 6}, {1, 4}], [{8, 5}, {2, 7}, {4, 6}, {1, 3}], [{8, 5}, {2, 7}, {6}, {1, 4}, {3}], [{8, 5}, {3, 7}, {1, 6}, {2, 4}], [{8, 5}, {3, 7}, {2, 6}, {1, 4}], [{8, 5}, {3, 7}, {4, 6}, {1, 2}], [{8, 5}, {3, 7}, {6}, {1, 4}, {2}], [{8, 5}, {3, 7}, {6}, {2, 4}, {1}], [{8, 5}, {3, 7}, {6}, {4}, {1, 2}], [{8, 5}, {4, 7}, {1, 6}, {2, 3}], [{8, 5}, {4, 7}, {1, 6}, {3}, {2}], [{8, 5}, {4, 7}, {2, 6}, {1, 3}], [{8, 5}, {4, 7}, {3, 6}, {1, 2}], [{8, 5}, {4, 7}, {3, 6}, {2}, {1}], [{8, 5}, {4, 7}, {6}, {1, 3}, {2}], [{8, 5}, {6, 7}, {1, 4}, {2, 3}], [{8, 5}, {6, 7}, {2, 4}, {1, 3}], [{8, 5}, {6, 7}, {3, 4}, {1, 2}], [{8, 5}, {7}, {2, 6}, {4}, {1, 3}], [{8, 5}, {7}, {6}, {1, 4}, {2, 3}], [{8, 6}, {1, 7}, {2, 5}, {3, 4}], [{8, 6}, {1, 7}, {2, 5}, {4}, {3}], [{8, 6}, {1, 7}, {3, 5}, {2, 4}], [{8, 6}, {1, 7}, {4, 5}, {2, 3}], [{8, 6}, {2, 7}, {1, 5}, {3, 4}], [{8, 6}, {2, 7}, {3, 5}, {1, 4}], [{8, 6}, {2, 7}, {4, 5}, {1, 3}], [{8, 6}, {3, 7}, {1, 5}, {2, 4}], [{8, 6}, {3, 7}, {2, 5}, {1, 4}], [{8, 6}, {3, 7}, {4, 5}, {1, 2}], [{8, 6}, {4, 7}, {1, 5}, {2, 3}], [{8, 6}, {4, 7}, {2, 5}, {1, 3}], [{8, 6}, {4, 7}, {2, 5}, {3}, {1}], [{8, 6}, {4, 7}, {3, 5}, {1, 2}], [{8, 6}, {5, 7}, {1, 4}, {2, 3}], [{8, 6}, {5, 7}, {2, 4}, {1, 3}], [{8, 6}, {5, 7}, {3, 4}, {1, 2}], [{8, 6}, {7}, {1, 5}, {3, 4}, {2}], [{8, 6}, {7}, {2, 5}, {1, 4}, {3}], [{8, 6}, {7}, {3, 5}, {1, 4}, {2}], [{8, 6}, {7}, {3, 5}, {2, 4}, {1}], [{8, 6}, {7}, {3, 5}, {4}, {1, 2}], [{8, 6}, {7}, {5}, {1, 4}, {2, 3}], [{8, 7}, {1, 6}, {2, 5}, {3, 4}], [{8, 7}, {1, 6}, {2, 5}, {4}, {3}], [{8, 7}, {1, 6}, {3, 5}, {2, 4}], [{8, 7}, {1, 6}, {4, 5}, {2, 3}], [{8, 7}, {2, 6}, {1, 5}, {3, 4}], [{8, 7}, {2, 6}, {3, 5}, {1, 4}], [{8, 7}, {2, 6}, {4, 5}, {1, 3}], [{8, 7}, {3, 6}, {1, 5}, {2, 4}], [{8, 7}, {3, 6}, {2, 5}, {1, 4}], [{8, 7}, {3, 6}, {4, 5}, {1, 2}], [{8, 7}, {3, 6}, {5}, {1, 4}, {2}], [{8, 7}, {4, 6}, {1, 5}, {2, 3}], [{8, 7}, {4, 6}, {2, 5}, {1, 3}], [{8, 7}, {4, 6}, {3, 5}, {1, 2}], [{8, 7}, {5, 6}, {1, 4}, {2, 3}], [{8, 7}, {5, 6}, {1, 4}, {3}, {2}], [{8, 7}, {5, 6}, {2, 4}, {1, 3}], [{8, 7}, {5, 6}, {3, 4}, {1, 2}], [{8, 7}, {5, 6}, {4}, {2, 3}, {1}], [{8, 7}, {6}, {3, 5}, {1, 4}, {2}], [{8, 7}, {6}, {3, 5}, {2, 4}, {1}], [{8, 7}, {6}, {3, 5}, {4}, {1, 2}], [{8, 7}, {6}, {4, 5}, {3}, {1, 2}], [{8, 7}, {6}, {5}, {3, 4}, {1, 2}], [{8}, {1, 7}, {5, 6}, {4}, {2, 3}], [{8}, {1, 7}, {6}, {2, 5}, {3, 4}], [{8}, {2, 7}, {3, 6}, {5}, {1, 4}], [{8}, {3, 7}, {2, 6}, {4, 5}, {1}], [{8}, {3, 7}, {6}, {2, 5}, {1, 4}], [{8}, {4, 7}, {1, 6}, {3, 5}, {2}], [{8}, {4, 7}, {5, 6}, {2, 3}, {1}], [{8}, {4, 7}, {6}, {2, 5}, {1, 3}], [{8}, {5, 7}, {1, 6}, {2, 4}, {3}], [{8}, {5, 7}, {2, 6}, {1, 4}, {3}], [{8}, {5, 7}, {4, 6}, {3}, {1, 2}], [{8}, {6, 7}, {3, 5}, {1, 4}, {2}], [{8}, {6, 7}, {3, 5}, {2, 4}, {1}], [{8}, {6, 7}, {3, 5}, {4}, {1, 2}], [{8}, {7}, {5, 6}, {1, 4}, {2, 3}]]",2,4 K_1^3 - 10 K_1^2 - 12 K_1 K_2 - 6 K_1 K_3 + 3 K_1 - 2 K_2^2 + 8 K_2 + 5 K_3 + 4 K_4 + 7,O1O2O3O4U5U3U6O7O5U1O6U2U4O8U7U8,O1O2O3U4U2U5U6O7O8U7O4O5U1O6U3U8,O1O2O3U4U1O5U3O6O7U8O4O8U5U6U2U7,c,{'O1O2O3O4U5U6O5U1U3O7U4O8O6U7U2U8'},1,"<a href=""/flatknot/8.857980"">8.857980</a>",t^9-32t^7-66t^6+72t^5+182t^4-69t^3-98t^2+37t-34,0,,
8.857981,O1O2O3O4U5U6O5U1U3O7U4O8O6U7U8U2,4,z^3+18z^2+100z+137,w^4z^3+18w^3z^2+100w^2z+137w,False,False,"[[ 0 -2  1  1  2 -1  0 -1  0],[ 2  0  2  1  2  2  1  0 -1],[-1 -2  0  0  1 -2  0 -1  0],[-1 -1  0  0  1 -1 -1  0 -1],[-2 -2 -1 -1  0 -2 -1  0  0],[ 1 -2  2  1  2  0  0  0  1],[ 0 -1  0  1  1  0  0 -1 -1],[ 1  0  1  0  0  0  1  0  1],[ 0  1  0  1  0 -1  1 -1  0]]","[[ 0  2  1  1  0  0 -1 -1 -2],[-2  0 -1 -1  0 -1  0 -2 -2],[-1  1  0  0  0  0 -1 -2 -2],[-1  1  0  0 -1 -1  0 -1 -1],[ 0  0  0  1  0  1 -1 -1  1],[ 0  1  0  1 -1  0 -1  0 -1],[ 1  0  1  0  1  1  0  0  0],[ 1  2  2  1  1  0  0  0 -2],[ 2  2  2  1 -1  1  0  2  0]]",True,"[-2,-1,-1,0,0,1,1,2,1,1,0,1,0,2,2,0,0,0,1,2,2,1,1,0,1,1,-1,1,1,-1,1,0,1,0,0,2]","[-2,-1,-1,0,0,1,1,2,-1,1,1,3,1,2,2,0,1,0,0,1,1,0,0,1,2,3,1,1,0,1,1,0,2,0,0,0]",t^8+34t^6+206t^4+163t^2+4,"[-2,-1,-1,0,0,1,1,2,-1,1,1,3,1,2,2,0,1,0,0,1,1,0,0,1,2,3,1,1,0,1,1,0,2,0,0,0]","[-2,-1,-1,0,0,1,1,2,0,0,1,2,1,3,2,0,0,0,1,2,2,1,1,0,1,1,-1,1,0,1,0,0,3,0,-1,1]","[-2,-1,-1,0,0,1,1,2,0,2,-1,1,1,2,2,0,1,1,0,1,0,1,0,1,2,2,1,1,0,0,1,0,1,0,1,1]",c,"[[{8, 1}, {3, 7}, {4, 6}, {2, 5}], [{8, 2}, {3, 7}, {5, 6}, {1, 4}], [{8, 4}, {3, 7}, {1, 6}, {2, 5}], [{8, 5}, {3, 7}, {2, 6}, {1, 4}], [{8, 6}, {3, 7}, {1, 5}, {2, 4}], [{8, 6}, {3, 7}, {2, 5}, {1, 4}], [{8, 6}, {3, 7}, {4, 5}, {1, 2}]]",1,12 K_1^3 + 8 K_1^2 K_2 - 28 K_1^2 - 16 K_1 K_2 - 8 K_1 K_3 - K_1 + 14 K_2 + 5 K_3 + 2 K_4 + 13,O1O2O3O4U3U5U6O7O5U1O6U2U4O8U7U8,O1O2O3U4U3U5U6O7O8U7O4O5U1O6U2U8,O1O2O3U4U2O5U3O6O7U8O4O8U5U6U1U7,c,{'O1O2O3O4U5U6O5U1U3O7U4O8O6U7U8U2'},1,"<a href=""/flatknot/8.857981"">8.857981</a>",t^9-34t^7-82t^6+36t^5+224t^4+149t^3+2t^2-85t-76,0,,
8.857982,O1O2O3O4U5U6O5U1U3O7U4O8O6U8U2U7,4,4z^3+34z^2+91z+79,4w^4z^3+34w^3z^2+91w^2z+79w,False,False,"[[ 0 -2  0  1  2 -1  0  1 -1],[ 2  0  2  1  2  2  1  1 -1],[ 0 -2  0  0  2 -1  0  1 -1],[-1 -1  0  0  1 -1 -1  0 -1],[-2 -2 -2 -1  0 -2 -1  0 -1],[ 1 -2  1  1  2  0  0  2  0],[ 0 -1  0  1  1  0  0  0 -1],[-1 -1 -1  0  0 -2  0  0  0],[ 1  1  1  1  1  0  1  0  0]]","[[ 0  2  1  1  0  0 -1 -1 -2],[-2  0  0 -1 -1 -2 -1 -2 -2],[-1  0  0  0  0 -1  0 -2 -1],[-1  1  0  0 -1  0 -1 -1 -1],[ 0  1  0  1  0  0 -1  0 -1],[ 0  2  1  0  0  0 -1 -1 -2],[ 1  1  0  1  1  1  0  0  1],[ 1  2  2  1  0  1  0  0 -2],[ 2  2  1  1  1  2 -1  2  0]]",True,"[-2,-1,-1,0,0,1,1,2,0,1,1,2,1,2,2,0,0,1,0,2,1,1,0,1,1,1,0,1,0,1,1,1,2,0,-1,2]","[-2,-1,-1,0,0,1,1,2,-1,2,0,1,2,2,2,0,0,1,0,1,1,0,0,2,1,2,0,0,1,0,1,0,1,0,1,0]",t^8+38t^6+145t^4+107t^2+4,"[-2,-1,-1,0,0,1,1,2,-1,2,0,1,2,2,2,0,0,1,0,1,1,0,0,2,1,2,0,0,1,0,1,0,1,0,1,0]","[-2,-1,-1,0,0,1,1,2,0,1,0,1,1,2,2,0,1,0,1,1,2,0,1,0,2,2,0,0,0,0,1,0,1,0,-1,2]","[-2,-1,-1,0,0,1,1,2,-1,2,1,2,1,1,2,0,1,1,0,1,1,0,1,2,1,2,0,0,1,1,1,0,2,0,0,1]",c,"[[{8, 2}, {6, 7}, {1, 5}, {3, 4}], [{8, 4}, {1, 7}, {5, 6}, {2, 3}], [{8, 4}, {7}, {5, 6}, {2, 3}, {1}], [{8, 6}, {2, 7}, {4, 5}, {1, 3}], [{8, 7}, {2, 6}, {3, 5}, {1, 4}]]",1,8 K_1^3 + 4 K_1^2 K_2 - 8 K_1^2 - 12 K_1 K_2 - 4 K_1 K_3 - 4 K_2^2 + 4 K_2 + 4 K_3 + 3 K_4 + 6,O1O2O3O4U5U3U6O7O6U1O5U2U4O8U7U8,O1O2O3U4U2U5U6O7O8U7O4O5U3O6U1U8,O1O2O3U4U3O5U1O6O7U8O4O8U5U6U2U7,c,{'O1O2O3O4U5U6O5U1U3O7U4O8O6U8U2U7'},1,"<a href=""/flatknot/8.857982"">8.857982</a>",t^9-38t^7-114t^6-5t^5+314t^4+343t^3+156t^2+72t+18,0,,
8.857983,O1O2O3O4U5U6O5U1U3O7U4O8O6U8U7U2,3,19z^2+72z+69,19w^3z^2+72w^2z+69w,False,False,"[[ 0 -2  1  1  2 -1  0  0 -1],[ 2  0  2  1  2  2  1  0 -1],[-1 -2  0  0  1 -2  0  0 -1],[-1 -1  0  0  1 -1 -1  0 -1],[-2 -2 -1 -1  0 -2 -1  0 -1],[ 1 -2  2  1  2  0  0  1  0],[ 0 -1  0  1  1  0  0 -1 -1],[ 0  0  0  0  0 -1  1  0  0],[ 1  1  1  1  1  0  1  0  0]]","[[ 0  2  1  1  0  0 -1 -1 -2],[-2  0 -1 -1  0 -1 -1 -2 -2],[-1  1  0  0  0  0 -1 -2 -2],[-1  1  0  0  0 -1 -1 -1 -1],[ 0  0  0  0  0  1  0 -1  0],[ 0  1  0  1 -1  0 -1  0 -1],[ 1  1  1  1  0  1  0  0  1],[ 1  2  2  1  1  0  0  0 -2],[ 2  2  2  1  0  1 -1  2  0]]",True,"[-2,-1,-1,0,0,1,1,2,1,1,0,1,1,2,2,0,0,0,1,2,2,0,1,1,1,1,-1,0,1,0,1,0,1,0,-1,2]","[-2,-1,-1,0,0,1,1,2,-1,2,0,1,1,2,2,0,0,1,1,1,1,1,0,1,2,2,1,0,0,0,1,0,1,0,1,1]",t^8+34t^6+153t^4+124t^2,"[-2,-1,-1,0,0,1,1,2,-1,2,1,2,1,2,2,0,1,0,0,1,1,0,1,1,1,2,1,1,0,1,1,1,2,0,0,0]","[-2,-1,-1,0,0,1,1,2,0,0,1,2,1,2,2,0,0,1,1,1,2,1,1,0,1,1,-1,1,0,1,0,1,2,0,-1,2]","[-2,-1,-1,0,0,1,1,2,-1,2,0,1,1,2,2,0,0,1,1,1,1,1,0,1,2,2,1,0,0,0,1,0,1,0,1,1]",c,"[[{8, 1}, {5, 7}, {3, 6}, {2, 4}], [{8, 2}, {6, 7}, {3, 5}, {1, 4}], [{8, 4}, {3, 7}, {1, 6}, {2, 5}], [{8, 4}, {3, 7}, {5, 6}, {1, 2}], [{8, 4}, {7}, {5, 6}, {3}, {1, 2}], [{8, 6}, {2, 7}, {4, 5}, {1, 3}]]",1,12 K_1^3 + 8 K_1^2 K_2 - 8 K_1^2 - 16 K_1 K_2 - 8 K_1 K_3 - K_1 + 4 K_2 + 5 K_3 + 2 K_4 + 3,O1O2O3O4U3U5U6O7O6U1O5U2U4O8U7U8,O1O2O3U4U3U5U6O7O8U7O4O5U2O6U1U8,O1O2O3U4U3O5U2O6O7U8O4O8U5U6U1U7,c,{'O1O2O3O4U5U6O5U1U3O7U4O8O6U8U7U2'},1,"<a href=""/flatknot/8.857983"">8.857983</a>",t^9-34t^7-92t^6-5t^5+174t^4+134t^3+14t^2-20t-24,0,,
8.857984,O1O2O3O4U5U6O5U1U4O7U2O8O6U3U7U8,4,23z^2+108z+125,23w^3z^2+108w^2z+125w,False,False,"[[ 0 -2  0  0  2 -1  0  0  1],[ 2  0  2  2  1  2  1  1  0],[ 0 -2  0  0  0  0  0  1  1],[ 0 -2  0  0  1 -1  0  0  1],[-2 -1  0 -1  0 -2 -1 -1 -1],[ 1 -2  0  1  2  0  0  1  2],[ 0 -1  0  0  1  0  0  0  0],[ 0 -1 -1  0  1 -1  0  0  1],[-1  0 -1 -1  1 -2  0 -1  0]]","[[ 0  2  1  0  0  0  0 -1 -2],[-2  0 -1  0 -1 -1 -1 -2 -1],[-1  1  0 -1  0 -1 -1 -2  0],[ 0  0  1  0  0  1  0  0 -2],[ 0  1  0  0  0  0  0  0 -1],[ 0  1  1 -1  0  0  0 -1 -1],[ 0  1  1  0  0  0  0 -1 -2],[ 1  2  2  0  0  1  1  0 -2],[ 2  1  0  2  1  1  2  2  0]]",True,"[-2,-1,0,0,0,0,1,2,1,0,1,1,1,2,1,1,0,1,1,2,0,0,-1,0,0,2,0,0,0,1,0,1,1,1,2,2]","[-2,-1,0,0,0,0,1,2,-1,0,0,1,1,3,3,0,1,0,1,0,1,0,0,0,0,1,-1,0,0,2,0,0,1,1,1,0]",t^8+33t^6+131t^4+57t^2+4,"[-2,-1,0,0,0,0,1,2,-1,0,0,1,1,3,3,0,1,0,1,0,1,0,0,0,0,1,-1,0,0,2,0,0,1,1,1,0]","[-2,-1,0,0,0,0,1,2,0,1,1,1,2,1,3,0,0,1,0,0,3,0,0,-1,0,1,0,0,0,0,0,1,1,1,0,-1]","[-2,-1,0,0,0,0,1,2,2,1,1,2,2,0,1,0,1,0,1,2,2,0,0,0,0,1,-1,0,1,1,0,1,0,1,1,1]",c,"[[{8, 2}, {1, 7}, {5, 6}, {3, 4}]]",1,20 K_1^3 + 8 K_1^2 K_2 - 22 K_1^2 - 32 K_1 K_2 - 6 K_1 K_3 + K_1 - 2 K_2^2 + 10 K_2 + 11 K_3 + 2 K_4 + 11,O1O2O3O4U5U6U2O7O5U3O6U1U4O8U7U8,O1O2O3U4U5U1U6O7O8U7O4O6U2O5U3U8,O1O2O3U4U1O5U2O6O7U8O4O8U6U3U5U7,c,{'O1O2O3O4U5U6O5U1U4O7U2O8O6U3U7U8'},1,"<a href=""/flatknot/8.857984"">8.857984</a>",t^9-33t^7-66t^6+29t^5+90t^4-50t^3-28t^2+33t-16,0,,
8.857985,O1O2O3O4U5U6O5U1U4O7U2O8O6U7U8U3,4,z^3+15z^2+81z+111,w^4z^3+15w^3z^2+81w^2z+111w,False,False,"[[ 0 -2  0  2  2 -1  0 -1  0],[ 2  0  2  2  1  2  1  0 -1],[ 0 -2  0  1  0  0  0  0  0],[-2 -2 -1  0  1 -3  0 -2  0],[-2 -1  0 -1  0 -2 -1 -1 -1],[ 1 -2  0  3  2  0  0  0  1],[ 0 -1  0  0  1  0  0 -1 -1],[ 1  0  0  2  1  0  1  0  1],[ 0  1  0  0  1 -1  1 -1  0]]","[[ 0  2  2  0  0  0 -1 -1 -2],[-2  0  1  0  0 -1 -2 -3 -2],[-2 -1  0 -1 -1  0 -1 -2 -1],[ 0  0  1  0  1  0 -1 -1  1],[ 0  0  1 -1  0  0 -1  0 -1],[ 0  1  0  0  0  0  0  0 -2],[ 1  2  1  1  1  0  0  0  0],[ 1  3  2  1  0  0  0  0 -2],[ 2  2  1 -1  1  2  0  2  0]]",True,"[-2,-2,0,0,0,1,1,2,-1,0,0,1,2,3,2,1,1,0,1,2,1,-1,0,1,1,-1,0,1,0,1,0,0,2,0,0,2]","[-2,-2,0,0,0,1,1,2,-1,0,0,1,2,3,2,1,1,0,1,2,1,-1,0,1,1,-1,0,1,0,1,0,0,2,0,0,2]",t^8+41t^6+290t^4+239t^2+4,"[-2,-1,-1,0,0,0,2,2,-1,1,0,1,3,2,3,0,1,1,0,0,1,1,0,0,1,2,0,0,1,2,1,2,1,2,1,-1]","[-2,-2,0,0,0,1,1,2,-1,1,1,2,1,2,3,2,2,1,0,1,2,-1,0,1,0,1,0,0,0,3,1,1,0,0,-1,1]","[-2,-1,-1,0,0,0,2,2,0,2,-1,1,2,1,2,0,1,1,0,1,2,1,0,0,2,3,1,0,1,0,0,1,0,0,1,-1]",c,"[[{8, 2}, {3, 7}, {5, 6}, {1, 4}], [{8, 2}, {4, 7}, {5, 6}, {1, 3}], [{8, 2}, {5, 7}, {3, 6}, {1, 4}], [{8, 2}, {5, 7}, {4, 6}, {1, 3}], [{8, 2}, {6, 7}, {3, 5}, {1, 4}], [{8, 2}, {6, 7}, {4, 5}, {1, 3}], [{8, 3}, {6, 7}, {4, 5}, {1, 2}]]",1,24 K_1^3 + 4 K_1^2 K_2 - 28 K_1^2 - 28 K_1 K_2 - 6 K_1 K_3 - 4 K_1 - 2 K_2^2 + 15 K_2 + 8 K_3 + 3 K_4 + 15,O1O2O3O4U2U5U6O7O5U3O6U1U4O8U7U8,O1O2O3U4U5U3U6O7O8U7O4O6U1O5U2U8,O1O2O3U4U2O5U3O6O7U8O4O8U6U1U5U7,c,{'O1O2O3O4U5U6O5U1U4O7U2O8O6U7U8U3'},1,"<a href=""/flatknot/8.857985"">8.857985</a>",t^9-39t^7-82t^6+89t^5+174t^4+112t^3+186t^2+24t-18,-t^2+2t,,
8.857986,O1O2O3O4U5U6O5U1U4O7U2O8O6U8U3U7,4,8z^3+51z^2+110z+81,8w^4z^3+51w^3z^2+110w^2z+81w,False,False,"[[ 0 -2  0  1  2 -1  0  1 -1],[ 2  0  2  2  1  2  1  1 -1],[ 0 -2  0  0  0  0  0  1 -1],[-1 -2  0  0  1 -2  0  0 -1],[-2 -1  0 -1  0 -2 -1 -1 -1],[ 1 -2  0  2  2  0  0  2  0],[ 0 -1  0  0  1  0  0  0 -1],[-1 -1 -1  0  1 -2  0  0  0],[ 1  1  1  1  1  0  1  0  0]]","[[ 0  2  1  1  0  0 -1 -1 -2],[-2  0 -1 -1  0 -1 -1 -2 -1],[-1  1  0  0  0  0 -1 -2 -2],[-1  1  0  0 -1  0  0 -2 -1],[ 0  0  0  1  0  0 -1  0 -2],[ 0  1  0  0  0  0 -1  0 -1],[ 1  1  1  0  1  1  0  0  1],[ 1  2  2  2  0  0  0  0 -2],[ 2  1  2  1  2  1 -1  2  0]]",True,"[-2,-1,-1,0,0,1,1,2,1,1,0,1,1,2,1,0,0,0,1,2,2,1,0,0,2,1,0,1,0,2,1,0,1,0,-1,2]","[-2,-1,-1,0,0,1,1,2,-1,2,0,1,1,2,3,0,1,1,0,0,1,0,0,1,2,2,0,1,0,2,1,1,1,0,0,0]",t^8+36t^6+194t^4+126t^2+4,"[-2,-1,-1,0,0,1,1,2,-1,2,0,1,1,2,3,0,1,1,0,0,1,0,0,1,2,2,0,1,0,2,1,1,1,0,0,0]","[-2,-1,-1,0,0,1,1,2,0,0,1,2,1,2,3,0,1,0,0,2,2,1,1,0,1,1,0,1,0,1,1,0,0,0,-1,2]","[-2,-1,-1,0,0,1,1,2,-1,2,1,2,1,2,1,0,1,1,0,1,1,0,0,2,2,2,0,0,0,1,1,0,0,0,1,1]",c,"[[{8, 1}, {2, 7}, {3, 6}, {4, 5}], [{8, 1}, {2, 7}, {4, 6}, {3, 5}], [{8, 1}, {2, 7}, {5, 6}, {3, 4}], [{8, 1}, {2, 7}, {5, 6}, {4}, {3}], [{8, 1}, {3, 7}, {2, 6}, {4, 5}], [{8, 1}, {3, 7}, {4, 6}, {2, 5}], [{8, 1}, {3, 7}, {5, 6}, {2, 4}], [{8, 1}, {4, 7}, {2, 6}, {3, 5}], [{8, 1}, {4, 7}, {3, 6}, {2, 5}], [{8, 1}, {4, 7}, {5, 6}, {2, 3}], [{8, 1}, {4, 7}, {6}, {3, 5}, {2}], [{8, 1}, {5, 7}, {2, 6}, {3, 4}], [{8, 1}, {5, 7}, {3, 6}, {2, 4}], [{8, 1}, {5, 7}, {4, 6}, {2, 3}], [{8, 1}, {6, 7}, {2, 5}, {3, 4}], [{8, 1}, {6, 7}, {3, 5}, {2, 4}], [{8, 1}, {6, 7}, {4, 5}, {2, 3}], [{8, 1}, {6, 7}, {5}, {2, 4}, {3}], [{8, 1}, {7}, {2, 6}, {4, 5}, {3}], [{8, 2}, {1, 7}, {3, 6}, {4, 5}], [{8, 2}, {1, 7}, {4, 6}, {3, 5}], [{8, 2}, {1, 7}, {5, 6}, {3, 4}], [{8, 2}, {1, 7}, {5, 6}, {4}, {3}], [{8, 2}, {3, 7}, {1, 6}, {4, 5}], [{8, 2}, {3, 7}, {4, 6}, {1, 5}], [{8, 2}, {3, 7}, {5, 6}, {1, 4}], [{8, 2}, {3, 7}, {5, 6}, {4}, {1}], [{8, 2}, {4, 7}, {1, 6}, {3, 5}], [{8, 2}, {4, 7}, {3, 6}, {1, 5}], [{8, 2}, {4, 7}, {5, 6}, {1, 3}], [{8, 2}, {4, 7}, {5, 6}, {3}, {1}], [{8, 2}, {5, 7}, {1, 6}, {3, 4}], [{8, 2}, {5, 7}, {1, 6}, {4}, {3}], [{8, 2}, {5, 7}, {3, 6}, {1, 4}], [{8, 2}, {5, 7}, {3, 6}, {4}, {1}], [{8, 2}, {5, 7}, {4, 6}, {1, 3}], [{8, 2}, {5, 7}, {4, 6}, {3}, {1}], [{8, 2}, {5, 7}, {6}, {1, 4}, {3}], [{8, 2}, {5, 7}, {6}, {3, 4}, {1}], [{8, 2}, {5, 7}, {6}, {4}, {1, 3}], [{8, 2}, {5, 7}, {6}, {4}, {3}, {1}], [{8, 2}, {6, 7}, {1, 5}, {3, 4}], [{8, 2}, {6, 7}, {1, 5}, {4}, {3}], [{8, 2}, {6, 7}, {3, 5}, {1, 4}], [{8, 2}, {6, 7}, {3, 5}, {4}, {1}], [{8, 2}, {6, 7}, {4, 5}, {1, 3}], [{8, 2}, {6, 7}, {4, 5}, {3}, {1}], [{8, 2}, {6, 7}, {5}, {1, 4}, {3}], [{8, 2}, {6, 7}, {5}, {3, 4}, {1}], [{8, 2}, {6, 7}, {5}, {4}, {1, 3}], [{8, 2}, {6, 7}, {5}, {4}, {3}, {1}], [{8, 2}, {7}, {5, 6}, {1, 4}, {3}], [{8, 2}, {7}, {5, 6}, {3, 4}, {1}], [{8, 2}, {7}, {5, 6}, {4}, {1, 3}], [{8, 2}, {7}, {5, 6}, {4}, {3}, {1}], [{8, 3}, {1, 7}, {2, 6}, {4, 5}], [{8, 3}, {1, 7}, {4, 6}, {2, 5}], [{8, 3}, {1, 7}, {5, 6}, {2, 4}], [{8, 3}, {2, 7}, {1, 6}, {4, 5}], [{8, 3}, {2, 7}, {4, 6}, {1, 5}], [{8, 3}, {2, 7}, {5, 6}, {1, 4}], [{8, 3}, {2, 7}, {5, 6}, {4}, {1}], [{8, 3}, {4, 7}, {1, 6}, {2, 5}], [{8, 3}, {4, 7}, {2, 6}, {1, 5}], [{8, 3}, {4, 7}, {5, 6}, {1, 2}], [{8, 3}, {5, 7}, {1, 6}, {2, 4}], [{8, 3}, {5, 7}, {2, 6}, {1, 4}], [{8, 3}, {5, 7}, {4, 6}, {1, 2}], [{8, 3}, {5, 7}, {6}, {1, 4}, {2}], [{8, 3}, {6, 7}, {1, 5}, {2, 4}], [{8, 3}, {6, 7}, {2, 5}, {1, 4}], [{8, 3}, {6, 7}, {4, 5}, {1, 2}], [{8, 3}, {6, 7}, {5}, {2, 4}, {1}], [{8, 3}, {7}, {1, 6}, {2, 5}, {4}], [{8, 3}, {7}, {2, 6}, {4, 5}, {1}], [{8, 3}, {7}, {4, 6}, {5}, {1, 2}], [{8, 4}, {1, 7}, {2, 6}, {3, 5}], [{8, 4}, {1, 7}, {2, 6}, {5}, {3}], [{8, 4}, {1, 7}, {3, 6}, {2, 5}], [{8, 4}, {1, 7}, {5, 6}, {2, 3}], [{8, 4}, {1, 7}, {6}, {3, 5}, {2}], [{8, 4}, {2, 7}, {1, 6}, {3, 5}], [{8, 4}, {2, 7}, {1, 6}, {5}, {3}], [{8, 4}, {2, 7}, {3, 6}, {1, 5}], [{8, 4}, {2, 7}, {3, 6}, {5}, {1}], [{8, 4}, {2, 7}, {5, 6}, {1, 3}], [{8, 4}, {2, 7}, {5, 6}, {3}, {1}], [{8, 4}, {2, 7}, {6}, {1, 5}, {3}], [{8, 4}, {2, 7}, {6}, {3, 5}, {1}], [{8, 4}, {2, 7}, {6}, {5}, {1, 3}], [{8, 4}, {2, 7}, {6}, {5}, {3}, {1}], [{8, 4}, {3, 7}, {1, 6}, {2, 5}], [{8, 4}, {3, 7}, {2, 6}, {1, 5}], [{8, 4}, {3, 7}, {2, 6}, {5}, {1}], [{8, 4}, {3, 7}, {5, 6}, {1, 2}], [{8, 4}, {5, 7}, {1, 6}, {2, 3}], [{8, 4}, {5, 7}, {2, 6}, {1, 3}], [{8, 4}, {5, 7}, {2, 6}, {3}, {1}], [{8, 4}, {5, 7}, {3, 6}, {1, 2}], [{8, 4}, {6, 7}, {1, 5}, {2, 3}], [{8, 4}, {6, 7}, {1, 5}, {3}, {2}], [{8, 4}, {6, 7}, {2, 5}, {1, 3}], [{8, 4}, {6, 7}, {2, 5}, {3}, {1}], [{8, 4}, {6, 7}, {3, 5}, {1, 2}], [{8, 4}, {6, 7}, {3, 5}, {2}, {1}], [{8, 4}, {6, 7}, {5}, {1, 3}, {2}], [{8, 4}, {6, 7}, {5}, {2, 3}, {1}], [{8, 4}, {6, 7}, {5}, {3}, {1, 2}], [{8, 4}, {6, 7}, {5}, {3}, {2}, {1}], [{8, 4}, {7}, {1, 6}, {3, 5}, {2}], [{8, 4}, {7}, {2, 6}, {1, 5}, {3}], [{8, 4}, {7}, {2, 6}, {3, 5}, {1}], [{8, 4}, {7}, {2, 6}, {5}, {1, 3}], [{8, 4}, {7}, {2, 6}, {5}, {3}, {1}], [{8, 4}, {7}, {6}, {3, 5}, {1, 2}], [{8, 5}, {1, 7}, {2, 6}, {3, 4}], [{8, 5}, {1, 7}, {2, 6}, {4}, {3}], [{8, 5}, {1, 7}, {3, 6}, {2, 4}], [{8, 5}, {1, 7}, {4, 6}, {2, 3}], [{8, 5}, {1, 7}, {4, 6}, {3}, {2}], [{8, 5}, {1, 7}, {6}, {2, 4}, {3}], [{8, 5}, {2, 7}, {1, 6}, {3, 4}], [{8, 5}, {2, 7}, {3, 6}, {1, 4}], [{8, 5}, {2, 7}, {4, 6}, {1, 3}], [{8, 5}, {2, 7}, {4, 6}, {3}, {1}], [{8, 5}, {3, 7}, {1, 6}, {2, 4}], [{8, 5}, {3, 7}, {2, 6}, {1, 4}], [{8, 5}, {3, 7}, {2, 6}, {4}, {1}], [{8, 5}, {3, 7}, {4, 6}, {1, 2}], [{8, 5}, {3, 7}, {4, 6}, {2}, {1}], [{8, 5}, {3, 7}, {6}, {2, 4}, {1}], [{8, 5}, {4, 7}, {1, 6}, {2, 3}], [{8, 5}, {4, 7}, {2, 6}, {1, 3}], [{8, 5}, {4, 7}, {2, 6}, {3}, {1}], [{8, 5}, {4, 7}, {3, 6}, {1, 2}], [{8, 5}, {6, 7}, {1, 4}, {2, 3}], [{8, 5}, {6, 7}, {2, 4}, {1, 3}], [{8, 5}, {6, 7}, {2, 4}, {3}, {1}], [{8, 5}, {6, 7}, {3, 4}, {1, 2}], [{8, 5}, {7}, {1, 6}, {2, 4}, {3}], [{8, 5}, {7}, {2, 6}, {1, 4}, {3}], [{8, 5}, {7}, {2, 6}, {3, 4}, {1}], [{8, 5}, {7}, {2, 6}, {4}, {1, 3}], [{8, 5}, {7}, {2, 6}, {4}, {3}, {1}], [{8, 5}, {7}, {3, 6}, {2, 4}, {1}], [{8, 5}, {7}, {4, 6}, {1, 3}, {2}], [{8, 5}, {7}, {4, 6}, {2, 3}, {1}], [{8, 5}, {7}, {4, 6}, {3}, {1, 2}], [{8, 5}, {7}, {4, 6}, {3}, {2}, {1}], [{8, 5}, {7}, {6}, {2, 4}, {1, 3}], [{8, 5}, {7}, {6}, {2, 4}, {3}, {1}], [{8, 6}, {1, 7}, {2, 5}, {3, 4}], [{8, 6}, {1, 7}, {3, 5}, {2, 4}], [{8, 6}, {1, 7}, {4, 5}, {2, 3}], [{8, 6}, {1, 7}, {5}, {4}, {2, 3}], [{8, 6}, {2, 7}, {1, 5}, {3, 4}], [{8, 6}, {2, 7}, {3, 5}, {1, 4}], [{8, 6}, {2, 7}, {4, 5}, {1, 3}], [{8, 6}, {2, 7}, {4, 5}, {3}, {1}], [{8, 6}, {3, 7}, {1, 5}, {2, 4}], [{8, 6}, {3, 7}, {2, 5}, {1, 4}], [{8, 6}, {3, 7}, {4, 5}, {1, 2}], [{8, 6}, {4, 7}, {1, 5}, {2, 3}], [{8, 6}, {4, 7}, {2, 5}, {1, 3}], [{8, 6}, {4, 7}, {2, 5}, {3}, {1}], [{8, 6}, {4, 7}, {3, 5}, {1, 2}], [{8, 6}, {5, 7}, {1, 4}, {2, 3}], [{8, 6}, {5, 7}, {2, 4}, {1, 3}], [{8, 6}, {5, 7}, {2, 4}, {3}, {1}], [{8, 6}, {5, 7}, {3, 4}, {1, 2}], [{8, 6}, {7}, {3, 5}, {4}, {1, 2}], [{8, 7}, {1, 6}, {2, 5}, {3, 4}], [{8, 7}, {1, 6}, {3, 5}, {2, 4}], [{8, 7}, {1, 6}, {4, 5}, {2, 3}], [{8, 7}, {2, 6}, {1, 5}, {3, 4}], [{8, 7}, {2, 6}, {3, 5}, {1, 4}], [{8, 7}, {2, 6}, {4, 5}, {1, 3}], [{8, 7}, {2, 6}, {4, 5}, {3}, {1}], [{8, 7}, {3, 6}, {1, 5}, {2, 4}], [{8, 7}, {3, 6}, {2, 5}, {1, 4}], [{8, 7}, {3, 6}, {4, 5}, {1, 2}], [{8, 7}, {3, 6}, {5}, {1, 4}, {2}], [{8, 7}, {4, 6}, {1, 5}, {2, 3}], [{8, 7}, {4, 6}, {2, 5}, {1, 3}], [{8, 7}, {4, 6}, {2, 5}, {3}, {1}], [{8, 7}, {4, 6}, {3, 5}, {1, 2}], [{8, 7}, {5, 6}, {1, 4}, {2, 3}], [{8, 7}, {5, 6}, {1, 4}, {3}, {2}], [{8, 7}, {5, 6}, {2, 4}, {1, 3}], [{8, 7}, {5, 6}, {2, 4}, {3}, {1}], [{8, 7}, {5, 6}, {3, 4}, {1, 2}], [{8, 7}, {5, 6}, {3, 4}, {2}, {1}], [{8, 7}, {5, 6}, {4}, {1, 3}, {2}], [{8, 7}, {5, 6}, {4}, {2, 3}, {1}], [{8, 7}, {5, 6}, {4}, {3}, {1, 2}], [{8, 7}, {5, 6}, {4}, {3}, {2}, {1}], [{8, 7}, {6}, {3, 5}, {1, 4}, {2}], [{8, 7}, {6}, {5}, {3, 4}, {1, 2}], [{8}, {1, 7}, {2, 6}, {4, 5}, {3}], [{8}, {1, 7}, {3, 6}, {2, 5}, {4}], [{8}, {1, 7}, {3, 6}, {4, 5}, {2}], [{8}, {1, 7}, {3, 6}, {5}, {2, 4}], [{8}, {1, 7}, {6}, {4, 5}, {2, 3}], [{8}, {2, 7}, {5, 6}, {1, 4}, {3}], [{8}, {2, 7}, {5, 6}, {3, 4}, {1}], [{8}, {2, 7}, {5, 6}, {4}, {1, 3}], [{8}, {2, 7}, {5, 6}, {4}, {3}, {1}], [{8}, {3, 7}, {1, 6}, {5}, {2, 4}], [{8}, {3, 7}, {2, 6}, {4, 5}, {1}], [{8}, {5, 7}, {6}, {1, 4}, {2, 3}], [{8}, {6, 7}, {1, 5}, {2, 4}, {3}], [{8}, {6, 7}, {3, 5}, {2, 4}, {1}], [{8}, {6, 7}, {5}, {2, 4}, {1, 3}], [{8}, {6, 7}, {5}, {2, 4}, {3}, {1}], [{8}, {7}, {2, 6}, {4, 5}, {1, 3}], [{8}, {7}, {2, 6}, {4, 5}, {3}, {1}], [{8}, {7}, {4, 6}, {3, 5}, {1, 2}]]",2,- 8 K_1^4 + 8 K_1^3 + 20 K_1^2 K_2 - 12 K_1^2 - 12 K_1 K_2 - 8 K_1 K_3 - 6 K_2^2 + 4 K_2 + 4 K_3 + 3 K_4 + 8,O1O2O3O4U5U2U6O7O6U3O5U1U4O8U7U8,O1O2O3U4U5U2U6O7O8U7O4O6U3O5U1U8,O1O2O3U4U3O5U1O6O7U8O4O8U6U2U5U7,c,{'O1O2O3O4U5U6O5U1U4O7U2O8O6U8U3U7'},1,"<a href=""/flatknot/8.857986"">8.857986</a>",t^9-36t^7-80t^6+64t^5+174t^4-15t^3+4t^2-25t-12,0,,
8.857987,O1O2O3O4U5U6O5U1U4O7U2O8O6U8U7U3,4,3z^3+41z^2+117z+95,3w^4z^3+41w^3z^2+117w^2z+95w,False,False,"[[ 0 -2  0  2  2 -1  0  0 -1],[ 2  0  2  2  1  2  1  0 -1],[ 0 -2  0  1  0  0  0  0 -1],[-2 -2 -1  0  1 -3  0 -1 -1],[-2 -1  0 -1  0 -2 -1 -1 -1],[ 1 -2  0  3  2  0  0  1  0],[ 0 -1  0  0  1  0  0 -1 -1],[ 0  0  0  1  1 -1  1  0  0],[ 1  1  1  1  1  0  1  0  0]]","[[ 0  2  2  0  0  0 -1 -1 -2],[-2  0  1  0 -1 -1 -1 -3 -2],[-2 -1  0 -1  0 -1 -1 -2 -1],[ 0  0  1  0  0 -1 -1  0 -1],[ 0  1  0  0  0  0 -1  0 -2],[ 0  1  1  1  0  0  0 -1  0],[ 1  1  1  1  1  0  0  0  1],[ 1  3  2  0  0  1  0  0 -2],[ 2  2  1  1  2  0 -1  2  0]]",True,"[-2,-2,0,0,0,1,1,2,-1,0,1,1,1,3,2,1,0,1,1,2,1,0,1,1,0,1,0,1,0,2,0,1,0,0,-1,2]","[-2,-2,0,0,0,1,1,2,-1,0,1,1,1,3,2,1,0,1,1,2,1,0,1,1,0,1,0,1,0,2,0,1,0,0,-1,2]",t^8+39t^6+246t^4+215t^2,"[-2,-1,-1,0,0,0,2,2,-1,2,0,1,2,2,3,0,1,1,0,0,1,0,0,1,2,2,0,0,1,2,1,2,1,1,1,-1]","[-2,-2,0,0,0,1,1,2,-1,1,1,2,1,2,3,1,2,1,0,2,2,1,0,0,1,2,0,1,0,1,1,0,0,0,-1,2]","[-2,-1,-1,0,0,0,2,2,-1,2,0,1,2,1,2,0,0,1,1,1,1,1,0,0,2,3,1,0,1,1,0,1,0,0,1,-1]",c,"[[{8, 2}, {6, 7}, {4, 5}, {1, 3}], [{8, 4}, {2, 7}, {5, 6}, {1, 3}], [{8, 4}, {6, 7}, {2, 5}, {1, 3}], [{8, 5}, {1, 7}, {3, 6}, {2, 4}], [{8, 5}, {1, 7}, {4, 6}, {2, 3}], [{8, 5}, {2, 7}, {4, 6}, {1, 3}], [{8, 5}, {6, 7}, {2, 4}, {1, 3}], [{8, 6}, {2, 7}, {4, 5}, {1, 3}]]",1,- 8 K_1^4 + 20 K_1^3 + 24 K_1^2 K_2 - 8 K_1^2 - 16 K_1 K_2 - 14 K_1 K_3 - 7 K_1 + 3 K_2 + 3 K_3 + 2 K_4 + 2,O1O2O3O4U2U5U6O7O6U3O5U1U4O8U7U8,O1O2O3U4U5U3U6O7O8U7O4O6U2O5U1U8,O1O2O3U4U3O5U2O6O7U8O4O8U6U1U5U7,c,{'O1O2O3O4U5U6O5U1U4O7U2O8O6U8U7U3'},1,"<a href=""/flatknot/8.857987"">8.857987</a>",t^9-37t^7-94t^6+55t^5+318t^4+188t^3-154t^2-264t-130,-t^2+2t,,
8.857988,O1O2O3O4U5U6O5U1U4O7U3O8O6U2U7U8,3,11z^2+72z+101,-2w^4z^2+13w^3z^2-6w^3z+78w^2z+101w,False,False,"[[ 0 -2 -1  1  2 -1  0  0  1],[ 2  0  2  2  1  2  1  1  0],[ 1 -2  0  1  1  0  0  1  1],[-1 -2 -1  0  0 -1 -1  0  0],[-2 -1 -1  0  0 -2 -1 -1 -1],[ 1 -2  0  1  2  0  0  1  2],[ 0 -1  0  1  1  0  0  0  0],[ 0 -1 -1  0  1 -1  0  0  1],[-1  0 -1  0  1 -2  0 -1  0]]","[[ 0  2  1  1 -1 -1 -2],[-2  0  0 -1 -1 -2 -1],[-1  0  0  0 -1 -1 -2],[-1  1  0  0 -1 -2  0],[ 1  1  1  1  0  0 -2],[ 1  2  1  2  0  0 -2],[ 2  1  2  0  2  2  0]]",False,"[-2,-1,-1,1,1,2,0,1,1,2,1,0,1,1,2,1,2,0,0,2,2]","[-2,-1,-1,1,1,2,-1,-1,1,3,3,0,1,0,1,1,1,2,0,1,0]",t^6+26t^4+71t^2+1,"[-2,-1,-1,1,1,2,-1,-1,1,3,3,0,1,0,1,1,1,2,0,1,0]","[-2,-1,-1,1,1,2,0,1,1,2,3,0,0,1,3,1,1,1,0,-1,-1]","[-2,-1,-1,1,1,2,2,2,0,2,1,0,1,1,1,2,1,2,0,1,0]",c,"[[{8, 2}, {6, 7}, {3, 5}, {1, 4}], [{8, 2}, {7}, {6}, {3, 5}, {1, 4}], [{8, 5}, {6, 7}, {1, 4}, {2, 3}]]",1,24 K_1^3 + 8 K_1^2 K_2 - 28 K_1^2 - 32 K_1 K_2 - 4 K_1 K_3 - 2 K_1 - 4 K_2^2 + 12 K_2 + 10 K_3 + 2 K_4 + 15,O1O2O3O4U5U6U3O7O5U2O6U1U4O8U7U8,O1O2O3U4U1U5U6O7O8U7O4O6U2O5U3U8,O1O2O3U4U1O5U2O6O7U8O4O8U6U5U3U7,c,{'O1O2O3O4U5U6O5U1U4O7U3O8O6U2U7U8'},1,"<a href=""/flatknot/8.857988"">8.857988</a>",t^7-26t^5-50t^4+15t^3+96t^2+68t+12,0,,
8.857989,O1O2O3O4U5U6O5U1U4O7U3O8O6U2U8U7,4,z^3+20z^2+98z+125,w^4z^3+20w^3z^2+98w^2z+125w,False,False,"[[ 0 -2 -1  1  2 -1  0  1  0],[ 2  0  2  2  1  2  1  1  0],[ 1 -2  0  1  1  0  0  2  0],[-1 -2 -1  0  0 -1 -1  0 -1],[-2 -1 -1  0  0 -2 -1 -1 -1],[ 1 -2  0  1  2  0  0  2  1],[ 0 -1  0  1  1  0  0  0  0],[-1 -1 -2  0  1 -2  0  0  0],[ 0  0  0  1  1 -1  0  0  0]]","[[ 0  2  1  1  0  0 -1 -1 -2],[-2  0  0 -1 -1 -1 -1 -2 -1],[-1  0  0  0 -1 -1 -1 -1 -2],[-1  1  0  0  0  0 -2 -2 -1],[ 0  1  1  0  0  0  0  0 -1],[ 0  1  1  0  0  0  0 -1  0],[ 1  1  1  2  0  0  0  0 -2],[ 1  2  1  2  0  1  0  0 -2],[ 2  1  2  1  1  0  2  2  0]]",True,"[-2,-1,-1,0,0,1,1,2,0,1,1,1,1,2,1,0,1,1,1,1,2,0,0,2,2,1,0,0,0,1,0,1,0,0,2,2]","[-2,-1,-1,0,0,1,1,2,-1,-1,1,2,1,2,3,0,1,0,1,0,1,1,1,1,0,2,0,0,1,1,0,1,1,0,1,0]",t^8+36t^6+154t^4+81t^2+1,"[-2,-1,-1,0,0,1,1,2,-1,-1,1,2,1,2,3,0,1,0,1,0,1,1,1,1,0,2,0,0,1,1,0,1,1,0,1,0]","[-2,-1,-1,0,0,1,1,2,0,1,1,1,1,2,3,0,1,1,0,0,2,0,0,1,1,1,0,0,1,2,1,1,1,0,-1,-1]","[-2,-1,-1,0,0,1,1,2,2,2,0,1,1,2,1,0,0,0,2,1,1,1,0,2,1,2,0,0,1,1,0,1,1,0,1,0]",c,"[[{8, 1}, {3, 7}, {5, 6}, {2, 4}], [{8, 1}, {5, 7}, {3, 6}, {2, 4}], [{8, 3}, {1, 7}, {5, 6}, {2, 4}], [{8, 4}, {5, 7}, {2, 6}, {1, 3}], [{8, 4}, {6, 7}, {2, 5}, {1, 3}], [{8, 5}, {3, 7}, {1, 6}, {2, 4}], [{8, 6}, {2, 7}, {3, 5}, {1, 4}]]",1,- 8 K_1^4 + 12 K_1^3 + 16 K_1^2 K_2 - 38 K_1^2 - 24 K_1 K_2 - 6 K_1 K_3 + 3 K_1 + 18 K_2 + 9 K_3 + 19,O1O2O3O4U5U6U3O7O6U2O5U1U4O8U7U8,O1O2O3U4U1U5U6O7O8U7O4O6U3O5U2U8,O1O2O3U4U2O5U1O6O7U8O4O8U6U5U3U7,c,{'O1O2O3O4U5U6O5U1U4O7U3O8O6U2U8U7'},1,"<a href=""/flatknot/8.857989"">8.857989</a>",t^9-36t^7-82t^6+70t^5+248t^4-15t^3-152t^2-49t-18,0,,
8.857990,O1O2O3O4U5U6O5U1U4O7U3O8O6U7U2U8,3,10z^2+55z+71,10w^3z^2+55w^2z+71w,False,False,"[[ 0 -2  0  1  2 -1  0 -1  1],[ 2  0  2  2  1  2  1  0  0],[ 0 -2  0  0  1 -1  0  0  1],[-1 -2  0  0  0 -1 -1  0  0],[-2 -1 -1  0  0 -2 -1 -1 -1],[ 1 -2  1  1  2  0  0  0  2],[ 0 -1  0  1  1  0  0 -1  0],[ 1  0  0  0  1  0  1  0  1],[-1  0 -1  0  1 -2  0 -1  0]]","[[ 0  2  1  1  0  0 -1 -1 -2],[-2  0  0 -1 -1 -1 -1 -2 -1],[-1  0  0  0  0 -1  0 -1 -2],[-1  1  0  0 -1  0 -1 -2  0],[ 0  1  0  1  0  0  0 -1 -2],[ 0  1  1  0  0  0 -1  0 -1],[ 1  1  0  1  0  1  0  0  0],[ 1  2  1  2  1  0  0  0 -2],[ 2  1  2  0  2  1  0  2  0]]",True,"[-2,-1,-1,0,0,1,1,2,0,1,1,1,1,2,1,0,0,1,0,1,2,1,0,1,2,0,0,0,1,2,1,0,1,0,0,2]","[-2,-1,-1,0,0,1,1,2,-1,1,0,1,1,3,3,0,0,1,1,0,1,1,0,2,1,2,0,1,0,1,0,1,1,0,1,0]",t^8+32t^6+156t^4+59t^2,"[-2,-1,-1,0,0,1,1,2,-1,1,0,1,1,3,3,0,0,1,1,0,1,1,0,2,1,2,0,1,0,1,0,1,1,0,1,0]","[-2,-1,-1,0,0,1,1,2,0,1,1,1,1,2,3,0,0,1,0,1,3,1,0,1,2,1,0,0,1,0,1,0,1,0,-1,1]","[-2,-1,-1,0,0,1,1,2,0,2,1,2,0,2,1,0,1,0,1,0,1,0,1,2,1,2,0,0,1,1,1,0,1,0,1,0]",c,"[[{8, 2}, {4, 7}, {5, 6}, {1, 3}], [{8, 2}, {4, 7}, {6}, {5}, {1, 3}], [{8, 3}, {5, 7}, {4, 6}, {1, 2}], [{8, 3}, {5, 7}, {6}, {4}, {1, 2}], [{8, 5}, {3, 7}, {2, 6}, {1, 4}], [{8, 5}, {3, 7}, {6}, {1, 4}, {2}]]",1,16 K_1^3 + 16 K_1^2 K_2 - 28 K_1^2 - 16 K_1 K_2 - 8 K_1 K_3 - 4 K_1 + 10 K_2 + 4 K_3 + 11,O1O2O3O4U5U3U6O7O5U2O6U1U4O8U7U8,O1O2O3U4U2U5U6O7O8U7O4O6U1O5U3U8,O1O2O3U4U1O5U3O6O7U8O4O8U6U5U2U7,c,"{'O1O2O3O4U5U6O5U1U4U2O7O8O6U3U7U8', 'O1O2O3O4U5U6O5U1U4O7U3O8O6U7U2U8'}",2,"<a href=""/flatknot/8.857990"">8.857990</a>",t^9-32t^7-60t^6+100t^5+228t^4-39t^3-134t^2-68t-40,0,,
8.857991,O1O2O3O4U5U6O5U1U4O7U3O8O6U7U8U2,3,11z^2+64z+85,11w^3z^2+64w^2z+85w,False,False,"[[ 0 -2  1  1  2 -1  0 -1  0],[ 2  0  2  2  1  2  1  0 -1],[-1 -2  0  0  1 -2  0 -1  0],[-1 -2  0  0  0 -1 -1  0  0],[-2 -1 -1  0  0 -2 -1 -1 -1],[ 1 -2  2  1  2  0  0  0  1],[ 0 -1  0  1  1  0  0 -1 -1],[ 1  0  1  0  1  0  1  0  1],[ 0  1  0  0  1 -1  1 -1  0]]","[[ 0  2  1  1  0  0 -1 -1 -2],[-2  0  0 -1 -1 -1 -1 -2 -1],[-1  0  0  0  0 -1  0 -1 -2],[-1  1  0  0  0  0 -1 -2 -2],[ 0  1  0  0  0  1 -1 -1  1],[ 0  1  1  0 -1  0 -1  0 -1],[ 1  1  0  1  1  1  0  0  0],[ 1  2  1  2  1  0  0  0 -2],[ 2  1  2  2 -1  1  0  2  0]]",True,"[-2,-1,-1,0,0,1,1,2,0,1,1,1,1,2,1,0,0,1,0,1,2,0,0,1,2,2,-1,1,1,-1,1,0,1,0,0,2]","[-2,-1,-1,0,0,1,1,2,-1,1,1,3,1,1,3,0,1,0,0,1,1,0,0,1,2,2,1,1,0,1,1,1,1,0,0,1]",t^8+34t^6+209t^4+76t^2,"[-2,-1,-1,0,0,1,1,2,-1,1,1,3,1,1,3,0,1,0,0,1,1,0,0,1,2,2,1,1,0,1,1,1,1,0,0,1]","[-2,-1,-1,0,0,1,1,2,0,1,1,1,1,2,3,0,1,1,0,1,1,0,1,1,2,1,-1,1,0,1,0,0,3,0,-1,1]","[-2,-1,-1,0,0,1,1,2,0,2,-1,1,2,2,1,0,1,1,0,1,1,1,0,1,2,2,1,0,0,1,1,0,1,0,0,1]",c,"[[{8, 1}, {3, 7}, {4, 6}, {2, 5}], [{8, 1}, {5, 7}, {4, 6}, {2, 3}], [{8, 2}, {4, 7}, {5, 6}, {1, 3}], [{8, 2}, {6, 7}, {4, 5}, {1, 3}], [{8, 3}, {2, 7}, {5, 6}, {1, 4}], [{8, 3}, {4, 7}, {1, 6}, {2, 5}], [{8, 3}, {4, 7}, {5, 6}, {1, 2}], [{8, 3}, {6, 7}, {4, 5}, {1, 2}], [{8, 4}, {3, 7}, {1, 6}, {2, 5}], [{8, 4}, {3, 7}, {5, 6}, {1, 2}], [{8, 5}, {2, 7}, {3, 6}, {1, 4}], [{8, 6}, {1, 7}, {3, 5}, {2, 4}], [{8, 6}, {2, 7}, {3, 5}, {1, 4}], [{8, 6}, {3, 7}, {2, 5}, {1, 4}], [{8, 6}, {4, 7}, {3, 5}, {1, 2}]]",1,- 6 K_1^2 - 16 K_1 K_2 - 2 K_1 K_3 + 8 K_1 - 6 K_2^2 + 4 K_2 + 8 K_3 + 4 K_4 + 7,O1O2O3O4U3U5U6O7O5U2O6U1U4O8U7U8,O1O2O3U4U3U5U6O7O8U7O4O6U1O5U2U8,O1O2O3U4U2O5U3O6O7U8O4O8U6U5U1U7,c,{'O1O2O3O4U5U6O5U1U4O7U3O8O6U7U8U2'},1,"<a href=""/flatknot/8.857991"">8.857991</a>",t^9-34t^7-76t^6+53t^5+228t^4+140t^3-84t^2-188t-40,0,,
8.857992,O1O2O3O4U5U6O5U1U4O7U3O8O6U8U2U7,4,6z^3+44z^2+111z+95,6w^4z^3+44w^3z^2+111w^2z+95w,False,False,"[[ 0 -2  0  1  2 -1  0  1 -1],[ 2  0  2  2  1  2  1  1 -1],[ 0 -2  0  1  1 -1  0  1 -1],[-1 -2 -1  0  0 -1 -1  0 -1],[-2 -1 -1  0  0 -2 -1 -1 -1],[ 1 -2  1  1  2  0  0  2  0],[ 0 -1  0  1  1  0  0  0 -1],[-1 -1 -1  0  1 -2  0  0  0],[ 1  1  1  1  1  0  1  0  0]]","[[ 0  2  1  1  0  0 -1 -1 -2],[-2  0  0 -1 -1 -1 -1 -2 -1],[-1  0  0  0 -1 -1 -1 -1 -2],[-1  1  0  0  0 -1  0 -2 -1],[ 0  1  1  0  0  0 -1  0 -1],[ 0  1  1  1  0  0 -1 -1 -2],[ 1  1  1  0  1  1  0  0  1],[ 1  2  1  2  0  1  0  0 -2],[ 2  1  2  1  1  2 -1  2  0]]",True,"[-2,-1,-1,0,0,1,1,2,0,1,1,1,1,2,1,0,1,1,1,1,2,0,1,0,2,1,0,1,0,1,1,1,2,0,-1,2]","[-2,-1,-1,0,0,1,1,2,-1,2,0,1,1,2,3,0,0,1,1,0,1,0,0,1,2,2,0,0,0,1,0,1,1,0,1,0]",t^8+36t^6+156t^4+55t^2,"[-2,-1,-1,0,0,1,1,2,-1,2,0,1,1,2,3,0,0,1,1,0,1,0,0,1,2,2,0,0,0,1,0,1,1,0,1,0]","[-2,-1,-1,0,0,1,1,2,0,1,1,1,1,2,3,0,0,1,0,2,2,0,0,1,1,1,0,0,0,0,1,0,1,0,-1,2]","[-2,-1,-1,0,0,1,1,2,-1,2,1,2,1,2,1,0,1,1,0,1,1,0,1,2,1,2,0,0,1,1,1,1,1,0,1,0]",c,"[[{8, 1}, {2, 7}, {3, 6}, {4, 5}], [{8, 1}, {2, 7}, {4, 6}, {3, 5}], [{8, 1}, {2, 7}, {5, 6}, {3, 4}], [{8, 1}, {2, 7}, {6}, {5}, {3, 4}], [{8, 1}, {3, 7}, {2, 6}, {4, 5}], [{8, 1}, {3, 7}, {4, 6}, {2, 5}], [{8, 1}, {3, 7}, {5, 6}, {2, 4}], [{8, 1}, {3, 7}, {5, 6}, {4}, {2}], [{8, 1}, {4, 7}, {2, 6}, {3, 5}], [{8, 1}, {4, 7}, {3, 6}, {2, 5}], [{8, 1}, {4, 7}, {5, 6}, {2, 3}], [{8, 1}, {5, 7}, {2, 6}, {3, 4}], [{8, 1}, {5, 7}, {3, 6}, {2, 4}], [{8, 1}, {5, 7}, {3, 6}, {4}, {2}], [{8, 1}, {5, 7}, {4, 6}, {2, 3}], [{8, 1}, {5, 7}, {4, 6}, {3}, {2}], [{8, 1}, {5, 7}, {6}, {3, 4}, {2}], [{8, 1}, {6, 7}, {2, 5}, {3, 4}], [{8, 1}, {6, 7}, {3, 5}, {2, 4}], [{8, 1}, {6, 7}, {4, 5}, {2, 3}], [{8, 1}, {6, 7}, {5}, {2, 4}, {3}], [{8, 1}, {7}, {2, 6}, {4, 5}, {3}], [{8, 1}, {7}, {6}, {2, 5}, {3, 4}], [{8, 1}, {7}, {6}, {3, 5}, {2, 4}], [{8, 2}, {1, 7}, {3, 6}, {4, 5}], [{8, 2}, {1, 7}, {4, 6}, {3, 5}], [{8, 2}, {1, 7}, {5, 6}, {3, 4}], [{8, 2}, {1, 7}, {6}, {4, 5}, {3}], [{8, 2}, {3, 7}, {1, 6}, {4, 5}], [{8, 2}, {3, 7}, {4, 6}, {1, 5}], [{8, 2}, {3, 7}, {5, 6}, {1, 4}], [{8, 2}, {4, 7}, {1, 6}, {3, 5}], [{8, 2}, {4, 7}, {3, 6}, {1, 5}], [{8, 2}, {4, 7}, {5, 6}, {1, 3}], [{8, 2}, {5, 7}, {1, 6}, {3, 4}], [{8, 2}, {5, 7}, {3, 6}, {1, 4}], [{8, 2}, {5, 7}, {4, 6}, {1, 3}], [{8, 2}, {5, 7}, {6}, {1, 4}, {3}], [{8, 2}, {6, 7}, {1, 5}, {3, 4}], [{8, 2}, {6, 7}, {3, 5}, {1, 4}], [{8, 2}, {6, 7}, {3, 5}, {4}, {1}], [{8, 2}, {6, 7}, {4, 5}, {1, 3}], [{8, 2}, {7}, {5, 6}, {4}, {1, 3}], [{8, 3}, {1, 7}, {2, 6}, {4, 5}], [{8, 3}, {1, 7}, {4, 6}, {2, 5}], [{8, 3}, {1, 7}, {4, 6}, {5}, {2}], [{8, 3}, {1, 7}, {5, 6}, {2, 4}], [{8, 3}, {1, 7}, {5, 6}, {4}, {2}], [{8, 3}, {1, 7}, {6}, {4, 5}, {2}], [{8, 3}, {2, 7}, {1, 6}, {4, 5}], [{8, 3}, {2, 7}, {4, 6}, {1, 5}], [{8, 3}, {2, 7}, {5, 6}, {1, 4}], [{8, 3}, {2, 7}, {5, 6}, {4}, {1}], [{8, 3}, {2, 7}, {6}, {5}, {1, 4}], [{8, 3}, {4, 7}, {1, 6}, {2, 5}], [{8, 3}, {4, 7}, {2, 6}, {1, 5}], [{8, 3}, {4, 7}, {5, 6}, {1, 2}], [{8, 3}, {4, 7}, {6}, {1, 5}, {2}], [{8, 3}, {5, 7}, {1, 6}, {2, 4}], [{8, 3}, {5, 7}, {2, 6}, {1, 4}], [{8, 3}, {5, 7}, {4, 6}, {1, 2}], [{8, 3}, {5, 7}, {6}, {1, 4}, {2}], [{8, 3}, {5, 7}, {6}, {2, 4}, {1}], [{8, 3}, {5, 7}, {6}, {4}, {1, 2}], [{8, 3}, {6, 7}, {1, 5}, {2, 4}], [{8, 3}, {6, 7}, {2, 5}, {1, 4}], [{8, 3}, {6, 7}, {4, 5}, {1, 2}], [{8, 3}, {6, 7}, {5}, {4}, {1, 2}], [{8, 3}, {7}, {2, 6}, {4, 5}, {1}], [{8, 3}, {7}, {5, 6}, {4}, {1, 2}], [{8, 3}, {7}, {6}, {2, 5}, {1, 4}], [{8, 4}, {1, 7}, {2, 6}, {3, 5}], [{8, 4}, {1, 7}, {2, 6}, {5}, {3}], [{8, 4}, {1, 7}, {3, 6}, {2, 5}], [{8, 4}, {1, 7}, {5, 6}, {2, 3}], [{8, 4}, {2, 7}, {1, 6}, {3, 5}], [{8, 4}, {2, 7}, {3, 6}, {1, 5}], [{8, 4}, {2, 7}, {5, 6}, {1, 3}], [{8, 4}, {2, 7}, {5, 6}, {3}, {1}], [{8, 4}, {2, 7}, {6}, {5}, {1, 3}], [{8, 4}, {3, 7}, {1, 6}, {2, 5}], [{8, 4}, {3, 7}, {2, 6}, {1, 5}], [{8, 4}, {3, 7}, {2, 6}, {5}, {1}], [{8, 4}, {3, 7}, {5, 6}, {1, 2}], [{8, 4}, {5, 7}, {1, 6}, {2, 3}], [{8, 4}, {5, 7}, {2, 6}, {1, 3}], [{8, 4}, {5, 7}, {2, 6}, {3}, {1}], [{8, 4}, {5, 7}, {3, 6}, {1, 2}], [{8, 4}, {5, 7}, {6}, {1, 3}, {2}], [{8, 4}, {6, 7}, {1, 5}, {2, 3}], [{8, 4}, {6, 7}, {2, 5}, {1, 3}], [{8, 4}, {6, 7}, {2, 5}, {3}, {1}], [{8, 4}, {6, 7}, {3, 5}, {1, 2}], [{8, 4}, {6, 7}, {5}, {1, 3}, {2}], [{8, 4}, {7}, {1, 6}, {5}, {2, 3}], [{8, 4}, {7}, {2, 6}, {1, 5}, {3}], [{8, 4}, {7}, {2, 6}, {3, 5}, {1}], [{8, 4}, {7}, {2, 6}, {5}, {1, 3}], [{8, 4}, {7}, {2, 6}, {5}, {3}, {1}], [{8, 4}, {7}, {3, 6}, {5}, {1, 2}], [{8, 4}, {7}, {5, 6}, {1, 3}, {2}], [{8, 4}, {7}, {6}, {2, 5}, {1, 3}], [{8, 4}, {7}, {6}, {5}, {1, 3}, {2}], [{8, 5}, {1, 7}, {2, 6}, {3, 4}], [{8, 5}, {1, 7}, {2, 6}, {4}, {3}], [{8, 5}, {1, 7}, {3, 6}, {2, 4}], [{8, 5}, {1, 7}, {4, 6}, {2, 3}], [{8, 5}, {2, 7}, {1, 6}, {3, 4}], [{8, 5}, {2, 7}, {3, 6}, {1, 4}], [{8, 5}, {2, 7}, {3, 6}, {4}, {1}], [{8, 5}, {2, 7}, {4, 6}, {1, 3}], [{8, 5}, {3, 7}, {1, 6}, {2, 4}], [{8, 5}, {3, 7}, {1, 6}, {4}, {2}], [{8, 5}, {3, 7}, {2, 6}, {1, 4}], [{8, 5}, {3, 7}, {2, 6}, {4}, {1}], [{8, 5}, {3, 7}, {4, 6}, {1, 2}], [{8, 5}, {3, 7}, {4, 6}, {2}, {1}], [{8, 5}, {3, 7}, {6}, {1, 4}, {2}], [{8, 5}, {3, 7}, {6}, {2, 4}, {1}], [{8, 5}, {3, 7}, {6}, {4}, {1, 2}], [{8, 5}, {3, 7}, {6}, {4}, {2}, {1}], [{8, 5}, {4, 7}, {1, 6}, {2, 3}], [{8, 5}, {4, 7}, {2, 6}, {1, 3}], [{8, 5}, {4, 7}, {2, 6}, {3}, {1}], [{8, 5}, {4, 7}, {3, 6}, {1, 2}], [{8, 5}, {6, 7}, {1, 4}, {2, 3}], [{8, 5}, {6, 7}, {2, 4}, {1, 3}], [{8, 5}, {6, 7}, {3, 4}, {1, 2}], [{8, 5}, {6, 7}, {4}, {2, 3}, {1}], [{8, 5}, {7}, {1, 6}, {2, 4}, {3}], [{8, 5}, {7}, {2, 6}, {1, 4}, {3}], [{8, 5}, {7}, {2, 6}, {3, 4}, {1}], [{8, 5}, {7}, {2, 6}, {4}, {1, 3}], [{8, 5}, {7}, {2, 6}, {4}, {3}, {1}], [{8, 5}, {7}, {4, 6}, {3}, {1, 2}], [{8, 6}, {1, 7}, {2, 5}, {3, 4}], [{8, 6}, {1, 7}, {2, 5}, {4}, {3}], [{8, 6}, {1, 7}, {3, 5}, {2, 4}], [{8, 6}, {1, 7}, {3, 5}, {4}, {2}], [{8, 6}, {1, 7}, {4, 5}, {2, 3}], [{8, 6}, {1, 7}, {4, 5}, {3}, {2}], [{8, 6}, {1, 7}, {5}, {2, 4}, {3}], [{8, 6}, {1, 7}, {5}, {3, 4}, {2}], [{8, 6}, {1, 7}, {5}, {4}, {2, 3}], [{8, 6}, {2, 7}, {1, 5}, {3, 4}], [{8, 6}, {2, 7}, {3, 5}, {1, 4}], [{8, 6}, {2, 7}, {4, 5}, {1, 3}], [{8, 6}, {3, 7}, {1, 5}, {2, 4}], [{8, 6}, {3, 7}, {1, 5}, {4}, {2}], [{8, 6}, {3, 7}, {2, 5}, {1, 4}], [{8, 6}, {3, 7}, {4, 5}, {1, 2}], [{8, 6}, {4, 7}, {1, 5}, {2, 3}], [{8, 6}, {4, 7}, {2, 5}, {1, 3}], [{8, 6}, {4, 7}, {3, 5}, {1, 2}], [{8, 6}, {4, 7}, {3, 5}, {2}, {1}], [{8, 6}, {5, 7}, {1, 4}, {2, 3}], [{8, 6}, {5, 7}, {2, 4}, {1, 3}], [{8, 6}, {5, 7}, {3, 4}, {1, 2}], [{8, 6}, {7}, {3, 5}, {1, 4}, {2}], [{8, 7}, {1, 6}, {2, 5}, {3, 4}], [{8, 7}, {1, 6}, {3, 5}, {2, 4}], [{8, 7}, {1, 6}, {4, 5}, {2, 3}], [{8, 7}, {2, 6}, {1, 5}, {3, 4}], [{8, 7}, {2, 6}, {3, 5}, {1, 4}], [{8, 7}, {2, 6}, {4, 5}, {1, 3}], [{8, 7}, {2, 6}, {4, 5}, {3}, {1}], [{8, 7}, {3, 6}, {1, 5}, {2, 4}], [{8, 7}, {3, 6}, {2, 5}, {1, 4}], [{8, 7}, {3, 6}, {4, 5}, {1, 2}], [{8, 7}, {3, 6}, {5}, {1, 4}, {2}], [{8, 7}, {4, 6}, {1, 5}, {2, 3}], [{8, 7}, {4, 6}, {2, 5}, {1, 3}], [{8, 7}, {4, 6}, {3, 5}, {1, 2}], [{8, 7}, {5, 6}, {1, 4}, {2, 3}], [{8, 7}, {5, 6}, {1, 4}, {3}, {2}], [{8, 7}, {5, 6}, {2, 4}, {1, 3}], [{8, 7}, {5, 6}, {3, 4}, {1, 2}], [{8, 7}, {6}, {2, 5}, {3, 4}, {1}], [{8, 7}, {6}, {3, 5}, {1, 4}, {2}], [{8, 7}, {6}, {3, 5}, {2, 4}, {1}], [{8, 7}, {6}, {3, 5}, {4}, {1, 2}], [{8}, {1, 7}, {2, 6}, {4, 5}, {3}], [{8}, {1, 7}, {3, 6}, {4, 5}, {2}], [{8}, {1, 7}, {6}, {2, 5}, {3, 4}], [{8}, {1, 7}, {6}, {3, 5}, {2, 4}], [{8}, {1, 7}, {6}, {4, 5}, {2, 3}], [{8}, {1, 7}, {6}, {4, 5}, {3}, {2}], [{8}, {2, 7}, {1, 6}, {4, 5}, {3}], [{8}, {2, 7}, {4, 6}, {3, 5}, {1}], [{8}, {2, 7}, {5, 6}, {3, 4}, {1}], [{8}, {3, 7}, {2, 6}, {4, 5}, {1}], [{8}, {5, 7}, {6}, {1, 4}, {2, 3}], [{8}, {6, 7}, {1, 5}, {3, 4}, {2}], [{8}, {6, 7}, {3, 5}, {1, 4}, {2}], [{8}, {6, 7}, {4, 5}, {3}, {1, 2}], [{8}, {7}, {2, 6}, {4, 5}, {1, 3}], [{8}, {7}, {2, 6}, {4, 5}, {3}, {1}], [{8}, {7}, {5, 6}, {2, 4}, {1, 3}]]",2,4 K_1^3 + 16 K_1^2 K_2 - 16 K_1^2 - 12 K_1 K_2 - 12 K_1 K_3 + 3 K_1 - 4 K_2^2 + 6 K_2 + 5 K_3 + 4 K_4 + 7,O1O2O3O4U5U3U6O7O6U2O5U1U4O8U7U8,O1O2O3U4U2U5U6O7O8U7O4O6U3O5U1U8,O1O2O3U4U3O5U1O6O7U8O4O8U6U5U2U7,c,{'O1O2O3O4U5U6O5U1U4O7U3O8O6U8U2U7'},1,"<a href=""/flatknot/8.857992"">8.857992</a>",t^9-36t^7-104t^6-10t^5+240t^4+256t^3+168t^2+163t+50,0,,
8.857993,O1O2O3O4U5U6O5U1U4O7U3O8O6U8U7U2,4,15z^2+68z+77,15w^3z^2+68w^2z+77w,False,False,"[[ 0 -2  1  1  2 -1  0  0 -1],[ 2  0  2  2  1  2  1  0 -1],[-1 -2  0  0  1 -2  0  0 -1],[-1 -2  0  0  0 -1 -1  0 -1],[-2 -1 -1  0  0 -2 -1 -1 -1],[ 1 -2  2  1  2  0  0  1  0],[ 0 -1  0  1  1  0  0 -1 -1],[ 0  0  0  0  1 -1  1  0  0],[ 1  1  1  1  1  0  1  0  0]]","[[ 0  2  1  1  0  0 -1 -1 -2],[-2  0  0 -1 -1 -1 -1 -2 -1],[-1  0  0  0  0 -1 -1 -1 -2],[-1  1  0  0  0  0 -1 -2 -2],[ 0  1  0  0  0  1  0 -1  0],[ 0  1  1  0 -1  0 -1  0 -1],[ 1  1  1  1  0  1  0  0  1],[ 1  2  1  2  1  0  0  0 -2],[ 2  1  2  2  0  1 -1  2  0]]",True,"[-2,-1,-1,0,0,1,1,2,0,1,1,1,1,2,1,0,0,1,1,1,2,0,0,1,2,2,-1,0,1,0,1,0,1,0,-1,2]","[-2,-1,-1,0,0,1,1,2,-1,2,0,1,2,2,1,0,0,1,1,1,1,1,0,1,2,2,1,0,0,1,1,0,1,0,0,1]",t^8+34t^6+178t^4+107t^2,"[-2,-1,-1,0,0,1,1,2,-1,2,1,2,1,1,3,0,1,0,0,1,1,0,1,1,1,2,1,1,0,1,1,1,1,0,0,1]","[-2,-1,-1,0,0,1,1,2,0,1,1,1,1,2,3,0,1,1,0,1,1,0,1,1,1,1,-1,1,0,1,0,1,2,0,-1,2]","[-2,-1,-1,0,0,1,1,2,-1,2,0,1,2,2,1,0,0,1,1,1,1,1,0,1,2,2,1,0,0,1,1,0,1,0,0,1]",c,"[[{8, 3}, {1, 7}, {4, 6}, {2, 5}], [{8, 3}, {2, 7}, {5, 6}, {1, 4}], [{8, 3}, {4, 7}, {1, 6}, {2, 5}], [{8, 3}, {5, 7}, {2, 6}, {1, 4}], [{8, 3}, {6, 7}, {1, 5}, {2, 4}], [{8, 3}, {6, 7}, {2, 5}, {1, 4}], [{8, 3}, {6, 7}, {4, 5}, {1, 2}]]",1,8 K_1^3 + 8 K_1^2 K_2 - 10 K_1^2 - 20 K_1 K_2 - 10 K_1 K_3 + 4 K_1 - 6 K_2^2 + 6 K_2 + 8 K_3 + 6 K_4 + 7,O1O2O3O4U3U5U6O7O6U2O5U1U4O8U7U8,O1O2O3U4U3U5U6O7O8U7O4O6U2O5U1U8,O1O2O3U4U3O5U2O6O7U8O4O8U6U5U1U7,c,"{'O1O2O3O4U5U6O5U1U4O7U3O8O6U8U7U2', 'O1O2O3O4U5U6O5U1U4U2O7O8O6U8U3U7'}",2,"<a href=""/flatknot/8.857993"">8.857993</a>",t^9-34t^7-82t^6+48t^5+260t^4+137t^3-178t^2-227t-40,0,,
8.857994,O1O2O3O4U5U6O5U1U7O8U2O7O6U3U4U8,4,z^3+25z^2+103z+115,w^4z^3+25w^3z^2+103w^2z+115w,False,False,"[[ 0 -2  0  0  2 -1  0  0  1],[ 2  0  1  1  2  2  2  1  2],[ 0 -1  0 -1  0  0  2  0  1],[ 0 -1  1  0  1 -1  1  0  0],[-2 -2  0 -1  0 -3 -1 -2 -1],[ 1 -2  0  1  3  0  0  1  2],[ 0 -2 -2 -1  1  0  0  0  2],[ 0 -1  0  0  2 -1  0  0  1],[-1 -2 -1  0  1 -2 -2 -1  0]]","[[ 0  2  1  0  0  0  0 -1 -2],[-2  0 -1  0 -1 -1 -2 -3 -2],[-1  1  0 -1  0 -2 -1 -2 -2],[ 0  0  1  0 -1  2  0  0 -1],[ 0  1  0  1  0  1  0 -1 -1],[ 0  1  2 -2 -1  0  0  0 -2],[ 0  2  1  0  0  0  0 -1 -1],[ 1  3  2  0  1  0  1  0 -2],[ 2  2  2  1  1  2  1  2  0]]",True,"[-2,-1,0,0,0,0,1,2,1,0,1,1,2,3,2,1,0,2,1,2,2,1,-2,0,0,1,-1,0,1,1,0,0,2,1,1,2]","[-2,-1,0,0,0,0,1,2,-1,0,1,1,1,1,2,1,0,0,1,0,0,0,1,2,-1,1,0,0,0,0,-1,1,1,0,2,0]",t^8+53t^6+424t^4+218t^2+4,"[-2,-1,0,0,0,0,1,2,-1,0,1,1,1,1,2,1,0,0,1,0,0,0,1,2,-1,1,0,0,0,0,-1,1,1,0,2,0]","[-2,-1,0,0,0,0,1,2,0,0,1,1,2,0,2,0,-1,1,0,0,1,0,0,0,0,1,-1,-2,1,0,1,0,1,1,1,-1]","[-2,-1,0,0,0,0,1,2,2,1,1,1,2,2,2,0,1,1,0,2,3,-1,0,2,1,0,0,1,0,1,0,1,2,2,1,1]",c,"[[{8, 2}, {1, 7}, {4, 6}, {3, 5}], [{8, 2}, {5, 7}, {4, 6}, {1, 3}], [{8, 3}, {1, 7}, {4, 6}, {2, 5}], [{8, 7}, {4, 6}, {3, 5}, {1, 2}]]",1,36 K_1^3 - 32 K_1^2 - 28 K_1 K_2 - 13 K_1 + 16 K_2 + 5 K_3 + 17,O1O2O3O4U5U1U2O6O7U3O5U7U4O8U6U8,O1O2O3U4U5U1U2O6O7U6O4O8U3O5U8U7,O1O2O3U4U5O6U1O5O7U8O4O8U2U3U6U7,c,{'O1O2O3O4U5U6O5U1U7O8U2O7O6U3U4U8'},1,"<a href=""/flatknot/8.857994"">8.857994</a>",t^9-53t^7-174t^6+100t^5+1020t^4+968t^3-378t^2-450t+116,0,,
8.857995,O1O2O3O4U5U6O5U1U7O8U2O7O6U3U8U4,4,3z^3+30z^2+98z+101,3w^4z^3+30w^3z^2+98w^2z+101w,False,False,"[[ 0 -2  0  0  3 -1  0  0  0],[ 2  0  1  1  2  2  2  1  1],[ 0 -1  0 -1  1  0  2  0  0],[ 0 -1  1  0  2 -1  1  0 -1],[-3 -2 -1 -2  0 -4 -1 -2 -2],[ 1 -2  0  1  4  0  0  1  1],[ 0 -2 -2 -1  1  0  0  0  1],[ 0 -1  0  0  2 -1  0  0  0],[ 0 -1  0  1  2 -1 -1  0  0]]","[[ 0  3  0  0  0  0  0 -1 -2],[-3  0 -1 -1 -2 -2 -2 -4 -2],[ 0  1  0  2  0  0 -1  0 -1],[ 0  1 -2  0  1  0 -1  0 -2],[ 0  2  0 -1  0  0  1 -1 -1],[ 0  2  0  0  0  0  0 -1 -1],[ 0  2  1  1 -1  0  0 -1 -1],[ 1  4  0  0  1  1  1  0 -2],[ 2  2  1  2  1  1  1  2  0]]",True,"[-3,0,0,0,0,0,1,2,1,1,2,2,2,4,2,-2,0,0,1,0,1,-1,0,1,0,2,0,-1,1,1,0,1,1,1,1,2]","[-3,0,0,0,0,0,1,2,1,1,1,2,2,0,3,-1,0,1,1,0,1,0,-1,0,0,1,0,0,0,1,-2,1,0,1,1,-1]",t^8+57t^6+471t^4+75t^2+1,"[-2,-1,0,0,0,0,0,3,-1,0,1,1,1,1,3,1,0,0,0,1,0,-1,0,1,2,2,0,-1,0,1,0,0,1,-1,1,2]","[-3,0,0,0,0,0,1,2,1,1,1,2,2,0,3,-1,0,1,1,0,1,0,-1,0,0,1,0,0,0,1,-2,1,0,1,1,-1]","[-2,-1,0,0,0,0,0,3,2,1,1,1,1,2,2,0,1,1,1,0,4,-1,0,0,2,1,-1,0,1,2,0,-1,2,0,2,1]",c,"[[{8, 1}, {2, 7}, {3, 6}, {4, 5}], [{8, 1}, {2, 7}, {4, 6}, {3, 5}], [{8, 1}, {2, 7}, {4, 6}, {5}, {3}], [{8, 1}, {2, 7}, {5, 6}, {3, 4}], [{8, 1}, {3, 7}, {2, 6}, {4, 5}], [{8, 1}, {3, 7}, {2, 6}, {5}, {4}], [{8, 1}, {3, 7}, {4, 6}, {2, 5}], [{8, 1}, {3, 7}, {5, 6}, {2, 4}], [{8, 1}, {4, 7}, {2, 6}, {3, 5}], [{8, 1}, {4, 7}, {3, 6}, {2, 5}], [{8, 1}, {4, 7}, {5, 6}, {2, 3}], [{8, 1}, {4, 7}, {6}, {3, 5}, {2}], [{8, 1}, {5, 7}, {2, 6}, {3, 4}], [{8, 1}, {5, 7}, {3, 6}, {2, 4}], [{8, 1}, {5, 7}, {4, 6}, {2, 3}], [{8, 1}, {6, 7}, {2, 5}, {3, 4}], [{8, 1}, {6, 7}, {3, 5}, {2, 4}], [{8, 1}, {6, 7}, {4, 5}, {2, 3}], [{8, 1}, {6, 7}, {5}, {2, 4}, {3}], [{8, 1}, {7}, {2, 6}, {4, 5}, {3}], [{8, 1}, {7}, {3, 6}, {4, 5}, {2}], [{8, 1}, {7}, {6}, {4, 5}, {2, 3}], [{8, 2}, {1, 7}, {3, 6}, {4, 5}], [{8, 2}, {1, 7}, {4, 6}, {3, 5}], [{8, 2}, {1, 7}, {5, 6}, {3, 4}], [{8, 2}, {1, 7}, {6}, {4, 5}, {3}], [{8, 2}, {3, 7}, {1, 6}, {4, 5}], [{8, 2}, {3, 7}, {4, 6}, {1, 5}], [{8, 2}, {3, 7}, {5, 6}, {1, 4}], [{8, 2}, {3, 7}, {6}, {1, 5}, {4}], [{8, 2}, {3, 7}, {6}, {4, 5}, {1}], [{8, 2}, {3, 7}, {6}, {5}, {1, 4}], [{8, 2}, {4, 7}, {1, 6}, {3, 5}], [{8, 2}, {4, 7}, {3, 6}, {1, 5}], [{8, 2}, {4, 7}, {5, 6}, {1, 3}], [{8, 2}, {4, 7}, {6}, {1, 5}, {3}], [{8, 2}, {5, 7}, {1, 6}, {3, 4}], [{8, 2}, {5, 7}, {3, 6}, {1, 4}], [{8, 2}, {5, 7}, {4, 6}, {1, 3}], [{8, 2}, {5, 7}, {6}, {1, 4}, {3}], [{8, 2}, {6, 7}, {1, 5}, {3, 4}], [{8, 2}, {6, 7}, {1, 5}, {4}, {3}], [{8, 2}, {6, 7}, {3, 5}, {1, 4}], [{8, 2}, {6, 7}, {4, 5}, {1, 3}], [{8, 2}, {6, 7}, {4, 5}, {3}, {1}], [{8, 2}, {6, 7}, {5}, {1, 4}, {3}], [{8, 2}, {7}, {1, 6}, {4, 5}, {3}], [{8, 2}, {7}, {3, 6}, {1, 5}, {4}], [{8, 2}, {7}, {3, 6}, {4, 5}, {1}], [{8, 2}, {7}, {3, 6}, {5}, {1, 4}], [{8, 2}, {7}, {4, 6}, {1, 5}, {3}], [{8, 2}, {7}, {5, 6}, {1, 4}, {3}], [{8, 2}, {7}, {6}, {1, 5}, {3, 4}], [{8, 2}, {7}, {6}, {1, 5}, {4}, {3}], [{8, 2}, {7}, {6}, {3, 5}, {1, 4}], [{8, 2}, {7}, {6}, {4, 5}, {1, 3}], [{8, 2}, {7}, {6}, {4, 5}, {3}, {1}], [{8, 2}, {7}, {6}, {5}, {1, 4}, {3}], [{8, 3}, {1, 7}, {2, 6}, {4, 5}], [{8, 3}, {1, 7}, {4, 6}, {2, 5}], [{8, 3}, {1, 7}, {5, 6}, {2, 4}], [{8, 3}, {2, 7}, {1, 6}, {4, 5}], [{8, 3}, {2, 7}, {4, 6}, {1, 5}], [{8, 3}, {2, 7}, {5, 6}, {1, 4}], [{8, 3}, {2, 7}, {5, 6}, {4}, {1}], [{8, 3}, {4, 7}, {1, 6}, {2, 5}], [{8, 3}, {4, 7}, {2, 6}, {1, 5}], [{8, 3}, {4, 7}, {5, 6}, {1, 2}], [{8, 3}, {5, 7}, {1, 6}, {2, 4}], [{8, 3}, {5, 7}, {2, 6}, {1, 4}], [{8, 3}, {5, 7}, {4, 6}, {1, 2}], [{8, 3}, {6, 7}, {1, 5}, {2, 4}], [{8, 3}, {6, 7}, {2, 5}, {1, 4}], [{8, 3}, {6, 7}, {4, 5}, {1, 2}], [{8, 3}, {7}, {1, 6}, {4, 5}, {2}], [{8, 3}, {7}, {2, 6}, {1, 5}, {4}], [{8, 3}, {7}, {2, 6}, {4, 5}, {1}], [{8, 3}, {7}, {2, 6}, {5}, {1, 4}], [{8, 3}, {7}, {4, 6}, {1, 5}, {2}], [{8, 3}, {7}, {5, 6}, {1, 4}, {2}], [{8, 3}, {7}, {6}, {1, 5}, {2, 4}], [{8, 3}, {7}, {6}, {2, 5}, {1, 4}], [{8, 3}, {7}, {6}, {4, 5}, {1, 2}], [{8, 4}, {1, 7}, {2, 6}, {3, 5}], [{8, 4}, {1, 7}, {3, 6}, {2, 5}], [{8, 4}, {1, 7}, {5, 6}, {2, 3}], [{8, 4}, {2, 7}, {1, 6}, {3, 5}], [{8, 4}, {2, 7}, {3, 6}, {1, 5}], [{8, 4}, {2, 7}, {5, 6}, {1, 3}], [{8, 4}, {3, 7}, {1, 6}, {2, 5}], [{8, 4}, {3, 7}, {2, 6}, {1, 5}], [{8, 4}, {3, 7}, {5, 6}, {1, 2}], [{8, 4}, {3, 7}, {6}, {2, 5}, {1}], [{8, 4}, {5, 7}, {1, 6}, {2, 3}], [{8, 4}, {5, 7}, {2, 6}, {1, 3}], [{8, 4}, {5, 7}, {3, 6}, {1, 2}], [{8, 4}, {6, 7}, {1, 5}, {2, 3}], [{8, 4}, {6, 7}, {2, 5}, {1, 3}], [{8, 4}, {6, 7}, {3, 5}, {1, 2}], [{8, 4}, {6, 7}, {3, 5}, {2}, {1}], [{8, 4}, {7}, {2, 6}, {1, 5}, {3}], [{8, 4}, {7}, {3, 6}, {1, 5}, {2}], [{8, 4}, {7}, {6}, {1, 5}, {2, 3}], [{8, 5}, {1, 7}, {2, 6}, {3, 4}], [{8, 5}, {1, 7}, {3, 6}, {2, 4}], [{8, 5}, {1, 7}, {4, 6}, {2, 3}], [{8, 5}, {2, 7}, {1, 6}, {3, 4}], [{8, 5}, {2, 7}, {3, 6}, {1, 4}], [{8, 5}, {2, 7}, {4, 6}, {1, 3}], [{8, 5}, {3, 7}, {1, 6}, {2, 4}], [{8, 5}, {3, 7}, {2, 6}, {1, 4}], [{8, 5}, {3, 7}, {4, 6}, {1, 2}], [{8, 5}, {4, 7}, {1, 6}, {2, 3}], [{8, 5}, {4, 7}, {2, 6}, {1, 3}], [{8, 5}, {4, 7}, {3, 6}, {1, 2}], [{8, 5}, {6, 7}, {1, 4}, {2, 3}], [{8, 5}, {6, 7}, {2, 4}, {1, 3}], [{8, 5}, {6, 7}, {3, 4}, {1, 2}], [{8, 5}, {6, 7}, {4}, {2, 3}, {1}], [{8, 5}, {7}, {2, 6}, {1, 4}, {3}], [{8, 5}, {7}, {3, 6}, {1, 4}, {2}], [{8, 5}, {7}, {6}, {1, 4}, {2, 3}], [{8, 6}, {1, 7}, {2, 5}, {3, 4}], [{8, 6}, {1, 7}, {2, 5}, {4}, {3}], [{8, 6}, {1, 7}, {3, 5}, {2, 4}], [{8, 6}, {1, 7}, {4, 5}, {2, 3}], [{8, 6}, {2, 7}, {1, 5}, {3, 4}], [{8, 6}, {2, 7}, {3, 5}, {1, 4}], [{8, 6}, {2, 7}, {4, 5}, {1, 3}], [{8, 6}, {3, 7}, {1, 5}, {2, 4}], [{8, 6}, {3, 7}, {2, 5}, {1, 4}], [{8, 6}, {3, 7}, {4, 5}, {1, 2}], [{8, 6}, {4, 7}, {1, 5}, {2, 3}], [{8, 6}, {4, 7}, {2, 5}, {1, 3}], [{8, 6}, {4, 7}, {2, 5}, {3}, {1}], [{8, 6}, {4, 7}, {3, 5}, {1, 2}], [{8, 6}, {5, 7}, {1, 4}, {2, 3}], [{8, 6}, {5, 7}, {2, 4}, {1, 3}], [{8, 6}, {5, 7}, {3, 4}, {1, 2}], [{8, 6}, {7}, {1, 5}, {2, 4}, {3}], [{8, 6}, {7}, {1, 5}, {3, 4}, {2}], [{8, 6}, {7}, {1, 5}, {4}, {2, 3}], [{8, 6}, {7}, {2, 5}, {1, 4}, {3}], [{8, 6}, {7}, {3, 5}, {1, 4}, {2}], [{8, 6}, {7}, {4, 5}, {1, 3}, {2}], [{8, 6}, {7}, {4, 5}, {2, 3}, {1}], [{8, 6}, {7}, {4, 5}, {3}, {1, 2}], [{8, 6}, {7}, {5}, {1, 4}, {2, 3}], [{8, 7}, {1, 6}, {2, 5}, {3, 4}], [{8, 7}, {1, 6}, {3, 5}, {2, 4}], [{8, 7}, {1, 6}, {4, 5}, {2, 3}], [{8, 7}, {2, 6}, {1, 5}, {3, 4}], [{8, 7}, {2, 6}, {3, 5}, {1, 4}], [{8, 7}, {2, 6}, {4, 5}, {1, 3}], [{8, 7}, {3, 6}, {1, 5}, {2, 4}], [{8, 7}, {3, 6}, {1, 5}, {4}, {2}], [{8, 7}, {3, 6}, {2, 5}, {1, 4}], [{8, 7}, {3, 6}, {4, 5}, {1, 2}], [{8, 7}, {3, 6}, {4, 5}, {2}, {1}], [{8, 7}, {3, 6}, {5}, {1, 4}, {2}], [{8, 7}, {4, 6}, {1, 5}, {2, 3}], [{8, 7}, {4, 6}, {2, 5}, {1, 3}], [{8, 7}, {4, 6}, {3, 5}, {1, 2}], [{8, 7}, {4, 6}, {3, 5}, {2}, {1}], [{8, 7}, {5, 6}, {1, 4}, {2, 3}], [{8, 7}, {5, 6}, {2, 4}, {1, 3}], [{8, 7}, {5, 6}, {3, 4}, {1, 2}], [{8}, {1, 7}, {2, 6}, {3, 5}, {4}], [{8}, {1, 7}, {3, 6}, {4, 5}, {2}], [{8}, {1, 7}, {5, 6}, {4}, {2, 3}], [{8}, {2, 7}, {1, 6}, {5}, {3, 4}], [{8}, {2, 7}, {3, 6}, {1, 5}, {4}], [{8}, {2, 7}, {3, 6}, {4, 5}, {1}], [{8}, {2, 7}, {3, 6}, {5}, {1, 4}], [{8}, {3, 7}, {4, 6}, {5}, {1, 2}], [{8}, {4, 7}, {2, 6}, {3, 5}, {1}], [{8}, {4, 7}, {3, 6}, {1, 5}, {2}], [{8}, {4, 7}, {5, 6}, {2, 3}, {1}], [{8}, {5, 7}, {1, 6}, {3, 4}, {2}], [{8}, {5, 7}, {3, 6}, {1, 4}, {2}], [{8}, {5, 7}, {4, 6}, {3}, {1, 2}], [{8}, {7}, {1, 6}, {2, 5}, {3, 4}], [{8}, {7}, {1, 6}, {3, 5}, {2, 4}], [{8}, {7}, {1, 6}, {4, 5}, {2, 3}], [{8}, {7}, {2, 6}, {1, 5}, {3, 4}], [{8}, {7}, {2, 6}, {3, 5}, {1, 4}], [{8}, {7}, {2, 6}, {4, 5}, {1, 3}], [{8}, {7}, {3, 6}, {1, 5}, {2, 4}], [{8}, {7}, {3, 6}, {1, 5}, {4}, {2}], [{8}, {7}, {3, 6}, {2, 5}, {1, 4}], [{8}, {7}, {3, 6}, {4, 5}, {1, 2}], [{8}, {7}, {3, 6}, {4, 5}, {2}, {1}], [{8}, {7}, {3, 6}, {5}, {1, 4}, {2}], [{8}, {7}, {4, 6}, {1, 5}, {2, 3}], [{8}, {7}, {4, 6}, {2, 5}, {1, 3}], [{8}, {7}, {4, 6}, {3, 5}, {1, 2}], [{8}, {7}, {5, 6}, {1, 4}, {2, 3}], [{8}, {7}, {5, 6}, {2, 4}, {1, 3}], [{8}, {7}, {5, 6}, {3, 4}, {1, 2}]]",2,- 10 K_1^2 - 10 K_1 K_2 + 5 K_1 + 5 K_2 + 5 K_3 + 6,O1O2O3O4U1U5U2O6O7U3O5U7U4O8U6U8,O1O2O3U4U5U1U3O6O7U6O4O8U2O5U8U7,O1O2O3U4U5O6U2O5O7U8O4O8U1U3U6U7,c,{'O1O2O3O4U5U6O5U1U7O8U2O7O6U3U8U4'},1,"<a href=""/flatknot/8.857995"">8.857995</a>",t^9-53t^7-188t^6+22t^5+844t^4+735t^3-510t^2-468t+14,-t^3+t^2+t,,
8.857996,O1O2O3O4U5U6O5U1U7O8U2O7O6U4U3U8,3,8z^2+41z+51,4w^5z^2-14w^4z^2+12w^4z+18w^3z^2-34w^3z+63w^2z+51w,False,False,"[[ 0 -2  0  1  1 -1  0  0  1],[ 2  0  1  2  1  2  2  1  2],[ 0 -1  0  0 -1  0  2  0  1],[-1 -2  0  0  0 -2  0 -1  0],[-1 -1  1  0  0 -2  0 -1 -1],[ 1 -2  0  2  2  0  0  1  2],[ 0 -2 -2  0  0  0  0  0  2],[ 0 -1  0  1  1 -1  0  0  1],[-1 -2 -1  0  1 -2 -2 -1  0]]","[[ 0  1  1  1  0  0  0 -1 -2],[-1  0  1  0 -1 -1 -2 -2 -2],[-1 -1  0  0  1 -1  0 -2 -1],[-1  0  0  0  0 -1  0 -2 -2],[ 0  1 -1  0  0  0  2  0 -1],[ 0  1  1  1  0  0  0 -1 -1],[ 0  2  0  0 -2  0  0  0 -2],[ 1  2  2  2  0  1  0  0 -2],[ 2  2  1  2  1  1  2  2  0]]",True,"[-1,-1,-1,0,0,0,1,2,-1,0,1,1,2,2,2,0,-1,1,0,2,1,0,1,0,2,2,0,-2,0,1,0,1,1,0,2,2]","[-2,-1,0,0,0,1,1,1,-1,0,1,1,1,1,2,1,0,1,0,0,0,0,2,-1,1,1,0,0,0,0,0,1,2,0,-1,0]",t^8+46t^6+358t^4+108t^2,"[-2,-1,0,0,0,1,1,1,-1,0,1,1,1,1,2,1,0,1,0,0,0,0,2,-1,1,1,0,0,0,0,0,1,2,0,-1,0]","[-1,-1,-1,0,0,0,1,2,-1,0,0,1,2,0,2,0,0,-1,0,0,1,0,1,1,0,1,0,0,0,1,-2,1,0,1,1,-1]","[-2,-1,0,0,0,1,1,1,2,1,1,2,1,2,2,0,1,0,2,2,2,0,2,-1,0,1,0,1,1,1,0,0,2,0,-1,0]",c,"[[{8, 2}, {1, 7}, {4, 6}, {3, 5}], [{8, 2}, {5, 7}, {4, 6}, {1, 3}], [{8, 3}, {1, 7}, {4, 6}, {2, 5}], [{8, 7}, {4, 6}, {3, 5}, {1, 2}]]",1,4 K_1^3 - 6 K_1^2 - 12 K_1 K_2 + 3 K_1 + 3 K_2 + 5 K_3 + 4,O1O2O3O4U5U2U1O6O7U3O5U7U4O8U6U8,O1O2O3U4U5U2U1O6O7U6O4O8U3O5U8U7,O1O2O3U4U5O6U1O5O7U8O4O8U3U2U6U7,c,{'O1O2O3O4U5U6O5U1U7O8U2O7O6U4U3U8'},1,"<a href=""/flatknot/8.857996"">8.857996</a>",t^9-48t^7-126t^6+201t^5+854t^4+394t^3-484t^2-304t,t^2-2t,,
8.857997,O1O2O3O4U5U6O5U1U7O8U2O7O6U4U8U3,4,2z^3+27z^2+90z+89,2w^4z^3+27w^3z^2+90w^2z+89w,False,False,"[[ 0 -2  0  2  1 -1  0  0  0],[ 2  0  1  2  1  2  2  1  1],[ 0 -1  0  1 -1  0  2  0  0],[-2 -2 -1  0 -1 -3  0 -1 -1],[-1 -1  1  1  0 -2  0 -1 -1],[ 1 -2  0  3  2  0  0  1  1],[ 0 -2 -2  0  0  0  0  0  1],[ 0 -1  0  1  1 -1  0  0  0],[ 0 -1  0  1  1 -1 -1  0  0]]","[[ 0  2  1  0  0  0  0 -1 -2],[-2  0 -1  0 -1 -1 -1 -3 -2],[-1  1  0  0  1 -1 -1 -2 -1],[ 0  0  0  0 -2  1  0  0 -2],[ 0  1 -1  2  0  0  0  0 -1],[ 0  1  1 -1  0  0  0 -1 -1],[ 0  1  1  0  0  0  0 -1 -1],[ 1  3  2  0  0  1  1  0 -2],[ 2  2  1  2  1  1  1  2  0]]",True,"[-2,-1,0,0,0,0,1,2,1,0,1,1,1,3,2,0,-1,1,1,2,1,2,-1,0,0,2,0,0,0,1,0,1,1,1,1,2]","[-2,-1,0,0,0,0,1,2,-1,0,1,1,1,2,2,1,0,0,1,0,0,-1,0,2,1,2,0,0,0,1,0,0,1,2,1,0]",t^8+43t^6+339t^4+92t^2,"[-2,-1,0,0,0,0,1,2,-1,0,1,1,1,2,2,1,0,0,1,0,0,-1,0,2,1,2,0,0,0,1,0,0,1,2,1,0]","[-2,-1,0,0,0,0,1,2,0,1,1,1,2,0,2,0,0,2,1,0,2,0,0,-1,0,1,0,0,0,1,2,1,1,1,0,-1]","[-2,-1,0,0,0,0,1,2,2,1,1,1,2,1,2,0,1,1,0,2,3,0,0,2,-1,1,0,-1,1,1,0,1,1,0,0,1]",c,"[[{8, 6}, {2, 7}, {4, 5}, {1, 3}], [{8, 6}, {7}, {4, 5}, {1, 3}, {2}]]",1,20 K_1^3 - 12 K_1^2 - 12 K_1 K_2 - 9 K_1 + 6 K_2 + K_3 + 7,O1O2O3O4U2U5U1O6O7U3O5U7U4O8U6U8,O1O2O3U4U5U3U1O6O7U6O4O8U2O5U8U7,O1O2O3U4U5O6U2O5O7U8O4O8U3U1U6U7,c,{'O1O2O3O4U5U6O5U1U7O8U2O7O6U4U8U3'},1,"<a href=""/flatknot/8.857997"">8.857997</a>",t^9-43t^7-116t^6+97t^5+516t^4+281t^3-118t^2-88t+4,0,,
8.857998,O1O2O3O4U5U6O5U1U7O8U2O7O6U8U3U4,4,10z^3+50z^2+97z+75,-4w^5z^3+14w^4z^3-8w^4z^2+58w^3z^2+97w^2z+75w,False,False,"[[ 0 -2  0  1  3 -1  0  0 -1],[ 2  0  1  1  2  2  2  1  0],[ 0 -1  0  0  1  0  2  0 -1],[-1 -1  0  0  1 -2  1  0 -2],[-3 -2 -1 -1  0 -4 -1 -2 -2],[ 1 -2  0  2  4  0  0  1  0],[ 0 -2 -2 -1  1  0  0  0  0],[ 0 -1  0  0  2 -1  0  0 -1],[ 1  0  1  2  2  0  0  1  0]]","[[ 0  3  1  0  0  0 -1 -1 -2],[-3  0 -1 -1 -1 -2 -2 -4 -2],[-1  1  0  1  0  0 -2 -2 -1],[ 0  1 -1  0 -2  0  0  0 -2],[ 0  1  0  2  0  0 -1  0 -1],[ 0  2  0  0  0  0 -1 -1 -1],[ 1  2  2  0  1  1  0  0  0],[ 1  4  2  0  0  1  0  0 -2],[ 2  2  1  2  1  1  0  2  0]]",True,"[-3,-1,0,0,0,1,1,2,1,1,1,2,2,4,2,-1,0,0,2,2,1,2,0,0,0,2,0,1,0,1,1,1,1,0,0,2]","[-3,-1,0,0,0,1,1,2,1,1,1,2,2,4,2,-1,0,0,2,2,1,2,0,0,0,2,0,1,0,1,1,1,1,0,0,2]",t^8+58t^6+488t^4+277t^2+1,"[-2,-1,-1,0,0,0,1,3,-1,1,0,1,1,2,3,0,1,0,1,0,0,1,0,0,0,2,0,2,2,2,0,1,1,1,2,1]","[-3,-1,0,0,0,1,1,2,1,1,2,2,0,2,3,1,1,2,0,0,2,0,0,0,0,1,2,1,0,1,1,1,0,0,-1,1]","[-2,-1,-1,0,0,0,1,3,0,2,1,1,2,1,2,0,1,1,0,2,2,0,1,0,2,4,0,2,0,1,0,0,2,-1,1,1]",c,"[[{8, 1}, {2, 7}, {3, 6}, {4, 5}], [{8, 1}, {2, 7}, {4, 6}, {3, 5}], [{8, 1}, {2, 7}, {5, 6}, {3, 4}], [{8, 1}, {2, 7}, {6}, {3, 5}, {4}], [{8, 1}, {3, 7}, {2, 6}, {4, 5}], [{8, 1}, {3, 7}, {4, 6}, {2, 5}], [{8, 1}, {3, 7}, {5, 6}, {2, 4}], [{8, 1}, {4, 7}, {2, 6}, {3, 5}], [{8, 1}, {4, 7}, {3, 6}, {2, 5}], [{8, 1}, {4, 7}, {5, 6}, {2, 3}], [{8, 1}, {5, 7}, {2, 6}, {3, 4}], [{8, 1}, {5, 7}, {3, 6}, {2, 4}], [{8, 1}, {5, 7}, {4, 6}, {2, 3}], [{8, 1}, {6, 7}, {2, 5}, {3, 4}], [{8, 1}, {6, 7}, {3, 5}, {2, 4}], [{8, 1}, {6, 7}, {4, 5}, {2, 3}], [{8, 1}, {7}, {6}, {2, 5}, {3, 4}], [{8, 2}, {1, 7}, {3, 6}, {4, 5}], [{8, 2}, {1, 7}, {4, 6}, {3, 5}], [{8, 2}, {1, 7}, {5, 6}, {3, 4}], [{8, 2}, {3, 7}, {1, 6}, {4, 5}], [{8, 2}, {3, 7}, {4, 6}, {1, 5}], [{8, 2}, {3, 7}, {5, 6}, {1, 4}], [{8, 2}, {3, 7}, {6}, {5}, {1, 4}], [{8, 2}, {4, 7}, {1, 6}, {3, 5}], [{8, 2}, {4, 7}, {3, 6}, {1, 5}], [{8, 2}, {4, 7}, {5, 6}, {1, 3}], [{8, 2}, {4, 7}, {6}, {5}, {1, 3}], [{8, 2}, {5, 7}, {1, 6}, {3, 4}], [{8, 2}, {5, 7}, {3, 6}, {1, 4}], [{8, 2}, {5, 7}, {4, 6}, {1, 3}], [{8, 2}, {6, 7}, {1, 5}, {3, 4}], [{8, 2}, {6, 7}, {3, 5}, {1, 4}], [{8, 2}, {6, 7}, {4, 5}, {1, 3}], [{8, 2}, {6, 7}, {5}, {1, 4}, {3}], [{8, 2}, {7}, {1, 6}, {4, 5}, {3}], [{8, 2}, {7}, {3, 6}, {5}, {1, 4}], [{8, 2}, {7}, {6}, {1, 5}, {3, 4}], [{8, 3}, {1, 7}, {2, 6}, {4, 5}], [{8, 3}, {1, 7}, {4, 6}, {2, 5}], [{8, 3}, {1, 7}, {5, 6}, {2, 4}], [{8, 3}, {2, 7}, {1, 6}, {4, 5}], [{8, 3}, {2, 7}, {4, 6}, {1, 5}], [{8, 3}, {2, 7}, {5, 6}, {1, 4}], [{8, 3}, {4, 7}, {1, 6}, {2, 5}], [{8, 3}, {4, 7}, {2, 6}, {1, 5}], [{8, 3}, {4, 7}, {5, 6}, {1, 2}], [{8, 3}, {5, 7}, {1, 6}, {2, 4}], [{8, 3}, {5, 7}, {2, 6}, {1, 4}], [{8, 3}, {5, 7}, {4, 6}, {1, 2}], [{8, 3}, {6, 7}, {1, 5}, {2, 4}], [{8, 3}, {6, 7}, {2, 5}, {1, 4}], [{8, 3}, {6, 7}, {4, 5}, {1, 2}], [{8, 4}, {1, 7}, {2, 6}, {3, 5}], [{8, 4}, {1, 7}, {3, 6}, {2, 5}], [{8, 4}, {1, 7}, {5, 6}, {2, 3}], [{8, 4}, {1, 7}, {5, 6}, {3}, {2}], [{8, 4}, {2, 7}, {1, 6}, {3, 5}], [{8, 4}, {2, 7}, {3, 6}, {1, 5}], [{8, 4}, {2, 7}, {5, 6}, {1, 3}], [{8, 4}, {2, 7}, {6}, {3, 5}, {1}], [{8, 4}, {3, 7}, {1, 6}, {2, 5}], [{8, 4}, {3, 7}, {2, 6}, {1, 5}], [{8, 4}, {3, 7}, {5, 6}, {1, 2}], [{8, 4}, {5, 7}, {1, 6}, {2, 3}], [{8, 4}, {5, 7}, {1, 6}, {3}, {2}], [{8, 4}, {5, 7}, {2, 6}, {1, 3}], [{8, 4}, {5, 7}, {3, 6}, {1, 2}], [{8, 4}, {6, 7}, {1, 5}, {2, 3}], [{8, 4}, {6, 7}, {2, 5}, {1, 3}], [{8, 4}, {6, 7}, {3, 5}, {1, 2}], [{8, 4}, {7}, {2, 6}, {1, 5}, {3}], [{8, 5}, {1, 7}, {2, 6}, {3, 4}], [{8, 5}, {1, 7}, {3, 6}, {2, 4}], [{8, 5}, {1, 7}, {4, 6}, {2, 3}], [{8, 5}, {2, 7}, {1, 6}, {3, 4}], [{8, 5}, {2, 7}, {3, 6}, {1, 4}], [{8, 5}, {2, 7}, {4, 6}, {1, 3}], [{8, 5}, {2, 7}, {6}, {3, 4}, {1}], [{8, 5}, {3, 7}, {1, 6}, {2, 4}], [{8, 5}, {3, 7}, {2, 6}, {1, 4}], [{8, 5}, {3, 7}, {4, 6}, {1, 2}], [{8, 5}, {3, 7}, {6}, {1, 4}, {2}], [{8, 5}, {4, 7}, {1, 6}, {2, 3}], [{8, 5}, {4, 7}, {2, 6}, {1, 3}], [{8, 5}, {4, 7}, {3, 6}, {1, 2}], [{8, 5}, {6, 7}, {1, 4}, {2, 3}], [{8, 5}, {6, 7}, {2, 4}, {1, 3}], [{8, 5}, {6, 7}, {3, 4}, {1, 2}], [{8, 6}, {1, 7}, {2, 5}, {3, 4}], [{8, 6}, {1, 7}, {3, 5}, {2, 4}], [{8, 6}, {1, 7}, {4, 5}, {2, 3}], [{8, 6}, {2, 7}, {1, 5}, {3, 4}], [{8, 6}, {2, 7}, {3, 5}, {1, 4}], [{8, 6}, {2, 7}, {4, 5}, {1, 3}], [{8, 6}, {3, 7}, {1, 5}, {2, 4}], [{8, 6}, {3, 7}, {2, 5}, {1, 4}], [{8, 6}, {3, 7}, {4, 5}, {1, 2}], [{8, 6}, {3, 7}, {5}, {1, 4}, {2}], [{8, 6}, {4, 7}, {1, 5}, {2, 3}], [{8, 6}, {4, 7}, {2, 5}, {1, 3}], [{8, 6}, {4, 7}, {3, 5}, {1, 2}], [{8, 6}, {5, 7}, {1, 4}, {2, 3}], [{8, 6}, {5, 7}, {2, 4}, {1, 3}], [{8, 6}, {5, 7}, {3, 4}, {1, 2}], [{8, 7}, {1, 6}, {2, 5}, {3, 4}], [{8, 7}, {1, 6}, {3, 5}, {2, 4}], [{8, 7}, {1, 6}, {4, 5}, {2, 3}], [{8, 7}, {2, 6}, {1, 5}, {3, 4}], [{8, 7}, {2, 6}, {3, 5}, {1, 4}], [{8, 7}, {2, 6}, {4, 5}, {1, 3}], [{8, 7}, {3, 6}, {1, 5}, {2, 4}], [{8, 7}, {3, 6}, {2, 5}, {1, 4}], [{8, 7}, {3, 6}, {4, 5}, {1, 2}], [{8, 7}, {4, 6}, {1, 5}, {2, 3}], [{8, 7}, {4, 6}, {2, 5}, {1, 3}], [{8, 7}, {4, 6}, {3, 5}, {1, 2}], [{8, 7}, {5, 6}, {1, 4}, {2, 3}], [{8, 7}, {5, 6}, {2, 4}, {1, 3}], [{8, 7}, {5, 6}, {3, 4}, {1, 2}], [{8, 7}, {6}, {5}, {1, 4}, {2, 3}], [{8}, {1, 7}, {2, 6}, {3, 5}, {4}], [{8}, {1, 7}, {4, 6}, {3, 5}, {2}], [{8}, {1, 7}, {6}, {3, 5}, {2, 4}], [{8}, {1, 7}, {6}, {4, 5}, {2, 3}], [{8}, {2, 7}, {4, 6}, {5}, {1, 3}], [{8}, {2, 7}, {5, 6}, {4}, {1, 3}], [{8}, {2, 7}, {6}, {3, 5}, {1, 4}], [{8}, {2, 7}, {6}, {4, 5}, {1, 3}], [{8}, {3, 7}, {2, 6}, {5}, {1, 4}], [{8}, {3, 7}, {5, 6}, {1, 4}, {2}], [{8}, {3, 7}, {6}, {2, 5}, {1, 4}], [{8}, {4, 7}, {6}, {1, 5}, {2, 3}], [{8}, {5, 7}, {2, 6}, {4}, {1, 3}], [{8}, {5, 7}, {3, 6}, {1, 4}, {2}], [{8}, {5, 7}, {3, 6}, {2, 4}, {1}], [{8}, {5, 7}, {3, 6}, {4}, {1, 2}], [{8}, {5, 7}, {4, 6}, {3}, {1, 2}], [{8}, {5, 7}, {6}, {3, 4}, {1, 2}]]",2,- 8 K_1^4 + 16 K_1^3 + 8 K_1^2 K_2 - 8 K_1^2 - 10 K_1 K_2 - 2 K_1 K_3 - 7 K_1 + 5 K_2 + K_3 + 6,O1O2O3O4U1U2U5O6O7U3O5U7U4O8U6U8,O1O2O3U4U5U2U3O6O7U6O4O8U1O5U8U7,O1O2O3U4U5O6U3O5O7U8O4O8U1U2U6U7,c,{'O1O2O3O4U5U6O5U1U7O8U2O7O6U8U3U4'},1,"<a href=""/flatknot/8.857998"">8.857998</a>",t^9-54t^7-140t^6+255t^5+756t^4-408t^3-706t^2+190t+42,-t^3+t^2+t,,
8.857999,O1O2O3O4U5U6O5U1U7O8U2O7O6U8U4U3,3,17z^2+74z+81,-6w^4z^2+23w^3z^2-2w^3z+76w^2z+81w,False,False,"[[ 0 -2  0  2  2 -1  0  0 -1],[ 2  0  1  2  1  2  2  1  0],[ 0 -1  0  1  0  0  2  0 -1],[-2 -2 -1  0  0 -3  0 -1 -2],[-2 -1  0  0  0 -3  0 -1 -2],[ 1 -2  0  3  3  0  0  1  0],[ 0 -2 -2  0  0  0  0  0  0],[ 0 -1  0  1  1 -1  0  0 -1],[ 1  0  1  2  2  0  0  1  0]]","[[ 0  2  2  0  0  0 -1 -1 -2],[-2  0  0  0  0 -1 -2 -3 -1],[-2  0  0  0 -1 -1 -2 -3 -2],[ 0  0  0  0 -2  0  0  0 -2],[ 0  0  1  2  0  0 -1  0 -1],[ 0  1  1  0  0  0 -1 -1 -1],[ 1  2  2  0  1  1  0  0  0],[ 1  3  3  0  0  1  0  0 -2],[ 2  1  2  2  1  1  0  2  0]]",True,"[-2,-2,0,0,0,1,1,2,0,0,0,1,2,3,1,0,1,1,2,3,2,2,0,0,0,2,0,1,0,1,1,1,1,0,0,2]","[-2,-2,0,0,0,1,1,2,0,0,0,1,2,3,1,0,1,1,2,3,2,2,0,0,0,2,0,1,0,1,1,1,1,0,0,2]",t^8+51t^6+379t^4+32t^2,"[-2,-1,-1,0,0,0,2,2,-1,1,0,1,1,2,3,0,1,0,1,0,0,1,0,0,1,1,0,2,2,2,0,1,1,1,2,0]","[-2,-2,0,0,0,1,1,2,0,1,1,2,0,1,2,1,2,2,0,1,3,0,0,0,0,1,2,1,0,1,1,1,0,0,-1,1]","[-2,-1,-1,0,0,0,2,2,0,2,1,1,2,1,2,0,1,1,0,2,2,0,1,0,3,3,0,2,0,1,0,1,1,0,0,0]",c,"[[{8, 4}, {2, 7}, {5, 6}, {1, 3}], [{8, 5}, {2, 7}, {4, 6}, {1, 3}], [{8, 6}, {2, 7}, {4, 5}, {1, 3}]]",1,8 K_1^2 K_2 - 10 K_1^2 - 8 K_1 K_2 - 8 K_1 K_3 + 4 K_1 + 5 K_2 + 4 K_3 + 2 K_4 + 4,O1O2O3O4U2U1U5O6O7U3O5U7U4O8U6U8,O1O2O3U4U5U3U2O6O7U6O4O8U1O5U8U7,O1O2O3U4U5O6U3O5O7U8O4O8U2U1U6U7,c,{'O1O2O3O4U5U6O5U1U7O8U2O7O6U8U4U3'},1,"<a href=""/flatknot/8.857999"">8.857999</a>",t^9-49t^7-90t^6+326t^5+556t^4-376t^3-160t^2-180t,-t^2+2t,,
8.858000,O1O2O3O4U5U6O5U1U7O8U3O7O6U2U4U8,4,19z^2+100z+125,19w^3z^2+100w^2z+125w,False,False,"[[ 0 -2 -1  1  2 -1  0  0  1],[ 2  0  1  1  2  2  2  1  2],[ 1 -1  0  2  2  0  1  0  1],[-1 -1 -2  0 -1 -1  1 -1  0],[-2 -2 -2  1  0 -3 -1 -2 -1],[ 1 -2  0  1  3  0  0  1  2],[ 0 -2 -1 -1  1  0  0  0  2],[ 0 -1  0  1  2 -1  0  0  1],[-1 -2 -1  0  1 -2 -2 -1  0]]","[[ 0  2  1  1  0  0 -1 -1 -2],[-2  0  1 -1 -1 -2 -2 -3 -2],[-1 -1  0  0  1 -1 -2 -1 -1],[-1  1  0  0 -2 -1 -1 -2 -2],[ 0  1 -1  2  0  0 -1  0 -2],[ 0  2  1  1  0  0  0 -1 -1],[ 1  2  2  1  1  0  0  0 -1],[ 1  3  1  2  0  1  0  0 -2],[ 2  2  1  2  2  1  1  2  0]]",True,"[-2,-1,-1,0,0,1,1,2,-1,1,1,2,2,3,2,0,-1,1,2,1,1,2,1,1,2,2,0,1,0,2,0,1,1,0,1,2]","[-2,-1,-1,0,0,1,1,2,-1,0,0,1,1,2,2,0,1,0,0,1,0,0,1,1,0,1,0,-1,2,1,0,0,0,0,0,2]",t^8+58t^6+430t^4+150t^2+1,"[-2,-1,-1,0,0,1,1,2,-1,0,0,1,1,2,2,0,1,0,0,1,0,0,1,1,0,1,0,-1,2,1,0,0,0,0,0,2]","[-2,-1,-1,0,0,1,1,2,0,2,0,1,0,1,2,0,0,-1,0,1,1,0,2,1,0,2,0,0,1,1,1,0,0,0,-1,0]","[-2,-1,-1,0,0,1,1,2,1,2,1,2,1,2,2,0,0,1,2,1,2,1,0,1,2,3,0,1,1,2,-1,2,1,0,-1,1]",c,"[[{8, 1}, {4, 7}, {2, 6}, {3, 5}], [{8, 7}, {1, 6}, {4, 5}, {2, 3}]]",1,- 12 K_1^2 - 12 K_1 K_2 + 6 K_1 + 6 K_2 + 6 K_3 + 7,O1O2O3O4U5U1U3O6O7U2O5U7U4O8U6U8,O1O2O3U4U1U5U2O6O7U6O4O8U3O5U8U7,O1O2O3U4U5O6U1O5O7U8O4O8U2U6U3U7,c,{'O1O2O3O4U5U6O5U1U7O8U3O7O6U2U4U8'},1,"<a href=""/flatknot/8.858000"">8.858000</a>",t^9-58t^7-200t^6+20t^5+676t^4+242t^3-744t^2-117t+372,0,,
