name,gcode,vgenus,jk_poly_normed,en_poly_normed,is_cc,is_ac,bsMtxNoSrt,primMatrix,isPrim,phi,phi_sym,inPoly,inv_phi,bar_phi,invbar_phi,matrix_sym_type,fillings,alg_genus,arrowpoly,reverse,mirror_img,rev_mir_img,diag_sym_type,r3_orbit,r3_orbit_length,namelink,outPoly,uPoly,cable_arr_poly,slice
8.733501,O1O2O3O4U3O5U1U6U4U7O8O6U5O7U2U8,3,13z^2+78z+105,13w^3z^2-4w^3z+82w^2z+105w,False,False,"[[ 0 -3  0 -1  2  2 -1  1  0],[ 3  0  3  0  2  2  2  2  2],[ 0 -3  0 -1  1  2 -2  0  0],[ 1  0  1  0  1  1  0  1  0],[-2 -2 -1 -1  0  0 -2 -2  0],[-2 -2 -2 -1  0  0 -2 -1 -1],[ 1 -2  2  0  2  2  0  1  1],[-1 -2  0 -1  2  1 -1  0  0],[ 0 -2  0  0  0  1 -1  0  0]]","[[ 0  2  2  1  0  0 -1 -1 -3],[-2  0  0 -1 -1 -2 -1 -2 -2],[-2  0  0 -2  0 -1 -1 -2 -2],[-1  1  2  0  0  0 -1 -1 -2],[ 0  1  0  0  0  0  0 -1 -2],[ 0  2  1  0  0  0 -1 -2 -3],[ 1  1  1  1  0  1  0  0  0],[ 1  2  2  1  1  2  0  0 -2],[ 3  2  2  2  2  3  0  2  0]]",True,"[-2,-2,-1,0,0,1,1,3,0,1,1,2,1,2,2,2,0,1,1,2,2,0,0,1,1,2,0,0,1,2,1,2,3,0,0,2]","[-3,-1,-1,0,0,1,2,2,0,2,0,1,2,3,3,0,-1,0,1,1,1,0,1,1,2,2,0,1,0,1,1,1,2,0,-1,0]",t^8+58t^6+153t^4+60t^2,"[-3,-1,-1,0,0,1,2,2,0,2,0,1,2,3,3,0,-1,0,1,1,1,0,1,1,2,2,0,1,0,1,1,1,2,0,-1,0]","[-2,-2,-1,0,0,1,1,3,0,-1,1,2,1,2,3,0,0,1,1,2,3,1,1,1,1,2,0,-1,0,0,0,1,1,0,0,2]","[-3,-1,-1,0,0,1,2,2,0,2,2,3,2,2,2,0,0,1,1,1,1,1,2,1,2,2,0,0,0,1,0,1,2,2,1,0]",c,"[[{8, 6}, {2, 7}, {1, 5}, {3, 4}]]",1,8 K_1^3 + 4 K_1^2 K_2 - 24 K_1^2 - 18 K_1 K_2 - 4 K_1 K_3 + 3 K_1 + 12 K_2 + 7 K_3 + K_4 + 12,O1O2O3O4U5U3O6U7O8O5U6U1U8U4O7U2,O1O2O3O4U5U2O6U4O7O5U1U7U8U3O8U6,O1O2O3O4U5O6U2U6U7U4O8O7U1O5U3U8,c,{'O1O2O3O4U3O5U1U6U4U7O8O6U5O7U2U8'},1,"<a href=""/flatknot/8.733501"">8.733501</a>",t^9-60t^7-192t^6-63t^5+180t^4-66t^3-124t^2+48t,t^3-2t^2+t,,
8.733502,O1O2O3O4U3O5U1U6U7U2O7O6U4O8U5U8,4,3z^3+36z^2+112z+105,3w^4z^3+36w^3z^2+112w^2z+105w,False,False,"[[ 0 -3  1 -1  2  2 -1 -1  1],[ 3  0  1  0  3  3  2  2  1],[-1 -1  0  0  0  0  0 -1  1],[ 1  0  0  0  1  1  1  1  0],[-2 -3  0 -1  0  1 -2 -2  1],[-2 -3  0 -1 -1  0 -2 -2  1],[ 1 -2  0 -1  2  2  0  0  1],[ 1 -2  1 -1  2  2  0  0  1],[-1 -1 -1  0 -1 -1 -1 -1  0]]","[[ 0  2  2  1  1 -1 -1 -1 -3],[-2  0  1  1  0 -1 -2 -2 -3],[-2 -1  0  1  0 -1 -2 -2 -3],[-1 -1 -1  0 -1  0 -1 -1 -1],[-1  0  0  1  0  0  0 -1 -1],[ 1  1  1  0  0  0  1  1  0],[ 1  2  2  1  0 -1  0  0 -2],[ 1  2  2  1  1 -1  0  0 -2],[ 3  3  3  1  1  0  2  2  0]]",True,"[-2,-2,-1,-1,1,1,1,3,-1,-1,0,1,2,2,3,-1,0,1,2,2,3,1,0,1,1,1,0,0,1,1,-1,-1,0,0,2,2]","[-3,-1,-1,-1,1,1,2,2,0,0,2,3,3,2,2,0,1,1,1,1,1,1,1,2,1,1,2,2,2,2,1,2,2,1,1,-1]",t^8+55t^6+85t^4+24t^2+1,"[-3,-1,-1,-1,1,1,2,2,0,0,2,3,3,2,2,0,1,1,1,1,1,1,1,2,1,1,2,2,2,2,1,2,2,1,1,-1]","[-2,-2,-1,-1,1,1,1,3,-1,1,2,1,1,2,2,1,2,1,1,2,2,1,1,2,2,3,1,1,2,3,0,-1,0,-1,0,2]","[-3,-1,-1,-1,1,1,2,2,0,2,2,1,1,3,3,1,1,0,0,1,1,0,0,1,2,2,1,1,2,2,1,0,0,-1,-1,-1]",c,"[[{8, 2}, {3, 7}, {1, 6}, {4, 5}]]",1,- 4 K_1^2 - 6 K_1 K_2 + 3 K_1 + 2 K_2 + 3 K_3 + 3,O1O2O3O4U5U6O5U1O7O8U3U8U7U4O6U2,O1O2O3O4U3U2O5U6O7O6U1U4U8U5O8U7,O1O2O3O4U5O6U7U6U1U4O8O5U8O7U3U2,c,{'O1O2O3O4U3O5U1U6U7U2O7O6U4O8U5U8'},1,"<a href=""/flatknot/8.733502"">8.733502</a>",t^9-57t^7-204t^6-131t^5+192t^4+138t^3-74t^2-31t+6,t^3-2t^2+t,,
8.733503,O1O2O3O4U3O5U1U6U7U2O7O6U5O8U4U8,4,6z^3+48z^2+115z+87,6w^4z^3+48w^3z^2+115w^2z+87w,False,False,"[[ 0 -3  1 -1  2  2 -1 -1  1],[ 3  0  1  0  4  2  2  2  1],[-1 -1  0  0  1 -1  0 -1  1],[ 1  0  0  0  1  0  1  1  1],[-2 -4 -1 -1  0  0 -2 -2  1],[-2 -2  1  0  0  0 -2 -2  0],[ 1 -2  0 -1  2  2  0  0  1],[ 1 -2  1 -1  2  2  0  0  1],[-1 -1 -1 -1 -1  0 -1 -1  0]]","[[ 0  2  2  1  1 -1 -1 -1 -3],[-2  0  0  1  0  0 -2 -2 -2],[-2  0  0 -1  1 -1 -2 -2 -4],[-1 -1  1  0  1  0  0 -1 -1],[-1  0 -1 -1  0 -1 -1 -1 -1],[ 1  0  1  0  1  0  1  1  0],[ 1  2  2  0  1 -1  0  0 -2],[ 1  2  2  1  1 -1  0  0 -2],[ 3  2  4  1  1  0  2  2  0]]",True,"[-2,-2,-1,-1,1,1,1,3,0,-1,0,0,2,2,2,1,-1,1,2,2,4,-1,0,0,1,1,1,1,1,1,-1,-1,0,0,2,2]","[-3,-1,-1,-1,1,1,2,2,0,0,2,3,3,1,3,0,1,1,1,1,1,1,1,2,1,1,1,2,2,3,1,2,1,0,2,0]",t^8+57t^6+277t^4+125t^2+4,"[-3,-1,-1,-1,1,1,2,2,0,0,2,3,3,1,3,0,1,1,1,1,1,1,1,2,1,1,1,2,2,3,1,2,1,0,2,0]","[-2,-2,-1,-1,1,1,1,3,0,0,2,1,1,2,1,2,1,1,1,3,3,1,1,2,2,3,1,1,1,3,0,-1,0,-1,0,2]","[-3,-1,-1,-1,1,1,2,2,0,2,2,1,1,2,4,1,1,0,1,0,1,0,0,1,2,2,1,1,2,2,1,-1,1,0,-1,0]",c,"[[{8, 1}, {2, 7}, {3, 6}, {4, 5}], [{8, 1}, {2, 7}, {3, 6}, {5}, {4}], [{8, 1}, {2, 7}, {4, 6}, {3, 5}], [{8, 1}, {2, 7}, {5, 6}, {3, 4}], [{8, 1}, {2, 7}, {6}, {4, 5}, {3}], [{8, 1}, {3, 7}, {2, 6}, {4, 5}], [{8, 1}, {3, 7}, {4, 6}, {2, 5}], [{8, 1}, {3, 7}, {5, 6}, {2, 4}], [{8, 1}, {3, 7}, {6}, {5}, {2, 4}], [{8, 1}, {4, 7}, {2, 6}, {3, 5}], [{8, 1}, {4, 7}, {3, 6}, {2, 5}], [{8, 1}, {4, 7}, {3, 6}, {5}, {2}], [{8, 1}, {4, 7}, {5, 6}, {2, 3}], [{8, 1}, {4, 7}, {6}, {2, 5}, {3}], [{8, 1}, {5, 7}, {2, 6}, {3, 4}], [{8, 1}, {5, 7}, {2, 6}, {4}, {3}], [{8, 1}, {5, 7}, {3, 6}, {2, 4}], [{8, 1}, {5, 7}, {3, 6}, {4}, {2}], [{8, 1}, {5, 7}, {4, 6}, {2, 3}], [{8, 1}, {5, 7}, {4, 6}, {3}, {2}], [{8, 1}, {5, 7}, {6}, {2, 4}, {3}], [{8, 1}, {5, 7}, {6}, {3, 4}, {2}], [{8, 1}, {5, 7}, {6}, {4}, {2, 3}], [{8, 1}, {5, 7}, {6}, {4}, {3}, {2}], [{8, 1}, {6, 7}, {2, 5}, {3, 4}], [{8, 1}, {6, 7}, {3, 5}, {2, 4}], [{8, 1}, {6, 7}, {4, 5}, {2, 3}], [{8, 1}, {6, 7}, {5}, {2, 4}, {3}], [{8, 1}, {6, 7}, {5}, {3, 4}, {2}], [{8, 1}, {6, 7}, {5}, {4}, {2, 3}], [{8, 1}, {7}, {3, 6}, {2, 5}, {4}], [{8, 1}, {7}, {3, 6}, {4, 5}, {2}], [{8, 1}, {7}, {3, 6}, {5}, {2, 4}], [{8, 1}, {7}, {5, 6}, {2, 4}, {3}], [{8, 1}, {7}, {5, 6}, {3, 4}, {2}], [{8, 1}, {7}, {5, 6}, {4}, {2, 3}], [{8, 1}, {7}, {6}, {3, 5}, {2, 4}], [{8, 1}, {7}, {6}, {5}, {2, 4}, {3}], [{8, 2}, {1, 7}, {3, 6}, {4, 5}], [{8, 2}, {1, 7}, {4, 6}, {3, 5}], [{8, 2}, {1, 7}, {5, 6}, {3, 4}], [{8, 2}, {1, 7}, {6}, {3, 5}, {4}], [{8, 2}, {3, 7}, {1, 6}, {4, 5}], [{8, 2}, {3, 7}, {4, 6}, {1, 5}], [{8, 2}, {3, 7}, {5, 6}, {1, 4}], [{8, 2}, {3, 7}, {6}, {5}, {1, 4}], [{8, 2}, {4, 7}, {1, 6}, {3, 5}], [{8, 2}, {4, 7}, {3, 6}, {1, 5}], [{8, 2}, {4, 7}, {5, 6}, {1, 3}], [{8, 2}, {4, 7}, {6}, {3, 5}, {1}], [{8, 2}, {5, 7}, {1, 6}, {3, 4}], [{8, 2}, {5, 7}, {3, 6}, {1, 4}], [{8, 2}, {5, 7}, {4, 6}, {1, 3}], [{8, 2}, {5, 7}, {6}, {1, 4}, {3}], [{8, 2}, {5, 7}, {6}, {3, 4}, {1}], [{8, 2}, {5, 7}, {6}, {4}, {1, 3}], [{8, 2}, {6, 7}, {1, 5}, {3, 4}], [{8, 2}, {6, 7}, {3, 5}, {1, 4}], [{8, 2}, {6, 7}, {4, 5}, {1, 3}], [{8, 2}, {6, 7}, {5}, {1, 4}, {3}], [{8, 2}, {6, 7}, {5}, {3, 4}, {1}], [{8, 2}, {6, 7}, {5}, {4}, {1, 3}], [{8, 2}, {7}, {3, 6}, {5}, {1, 4}], [{8, 2}, {7}, {5, 6}, {1, 4}, {3}], [{8, 2}, {7}, {5, 6}, {3, 4}, {1}], [{8, 2}, {7}, {5, 6}, {4}, {1, 3}], [{8, 2}, {7}, {6}, {3, 5}, {1, 4}], [{8, 2}, {7}, {6}, {5}, {1, 4}, {3}], [{8, 3}, {1, 7}, {2, 6}, {4, 5}], [{8, 3}, {1, 7}, {2, 6}, {5}, {4}], [{8, 3}, {1, 7}, {4, 6}, {2, 5}], [{8, 3}, {1, 7}, {5, 6}, {2, 4}], [{8, 3}, {2, 7}, {1, 6}, {4, 5}], [{8, 3}, {2, 7}, {1, 6}, {5}, {4}], [{8, 3}, {2, 7}, {4, 6}, {1, 5}], [{8, 3}, {2, 7}, {5, 6}, {1, 4}], [{8, 3}, {4, 7}, {1, 6}, {2, 5}], [{8, 3}, {4, 7}, {2, 6}, {1, 5}], [{8, 3}, {4, 7}, {5, 6}, {1, 2}], [{8, 3}, {4, 7}, {6}, {1, 5}, {2}], [{8, 3}, {4, 7}, {6}, {2, 5}, {1}], [{8, 3}, {4, 7}, {6}, {5}, {1, 2}], [{8, 3}, {5, 7}, {1, 6}, {2, 4}], [{8, 3}, {5, 7}, {2, 6}, {1, 4}], [{8, 3}, {5, 7}, {4, 6}, {1, 2}], [{8, 3}, {5, 7}, {6}, {1, 4}, {2}], [{8, 3}, {5, 7}, {6}, {2, 4}, {1}], [{8, 3}, {5, 7}, {6}, {4}, {1, 2}], [{8, 3}, {6, 7}, {1, 5}, {2, 4}], [{8, 3}, {6, 7}, {1, 5}, {4}, {2}], [{8, 3}, {6, 7}, {2, 5}, {1, 4}], [{8, 3}, {6, 7}, {2, 5}, {4}, {1}], [{8, 3}, {6, 7}, {4, 5}, {1, 2}], [{8, 3}, {6, 7}, {4, 5}, {2}, {1}], [{8, 3}, {6, 7}, {5}, {1, 4}, {2}], [{8, 3}, {6, 7}, {5}, {2, 4}, {1}], [{8, 3}, {6, 7}, {5}, {4}, {1, 2}], [{8, 3}, {6, 7}, {5}, {4}, {2}, {1}], [{8, 3}, {7}, {4, 6}, {1, 5}, {2}], [{8, 3}, {7}, {4, 6}, {2, 5}, {1}], [{8, 3}, {7}, {4, 6}, {5}, {1, 2}], [{8, 3}, {7}, {5, 6}, {1, 4}, {2}], [{8, 3}, {7}, {5, 6}, {2, 4}, {1}], [{8, 3}, {7}, {5, 6}, {4}, {1, 2}], [{8, 3}, {7}, {6}, {4, 5}, {1, 2}], [{8, 3}, {7}, {6}, {5}, {4}, {1, 2}], [{8, 4}, {1, 7}, {2, 6}, {3, 5}], [{8, 4}, {1, 7}, {3, 6}, {2, 5}], [{8, 4}, {1, 7}, {5, 6}, {2, 3}], [{8, 4}, {2, 7}, {1, 6}, {3, 5}], [{8, 4}, {2, 7}, {3, 6}, {1, 5}], [{8, 4}, {2, 7}, {5, 6}, {1, 3}], [{8, 4}, {3, 7}, {1, 6}, {2, 5}], [{8, 4}, {3, 7}, {2, 6}, {1, 5}], [{8, 4}, {3, 7}, {5, 6}, {1, 2}], [{8, 4}, {5, 7}, {1, 6}, {2, 3}], [{8, 4}, {5, 7}, {2, 6}, {1, 3}], [{8, 4}, {5, 7}, {3, 6}, {1, 2}], [{8, 4}, {5, 7}, {6}, {1, 3}, {2}], [{8, 4}, {5, 7}, {6}, {2, 3}, {1}], [{8, 4}, {5, 7}, {6}, {3}, {1, 2}], [{8, 4}, {6, 7}, {1, 5}, {2, 3}], [{8, 4}, {6, 7}, {2, 5}, {1, 3}], [{8, 4}, {6, 7}, {3, 5}, {1, 2}], [{8, 4}, {6, 7}, {5}, {1, 3}, {2}], [{8, 4}, {6, 7}, {5}, {2, 3}, {1}], [{8, 4}, {6, 7}, {5}, {3}, {1, 2}], [{8, 4}, {7}, {2, 6}, {1, 5}, {3}], [{8, 4}, {7}, {3, 6}, {2, 5}, {1}], [{8, 4}, {7}, {5, 6}, {1, 3}, {2}], [{8, 4}, {7}, {5, 6}, {2, 3}, {1}], [{8, 4}, {7}, {5, 6}, {3}, {1, 2}], [{8, 5}, {1, 7}, {2, 6}, {3, 4}], [{8, 5}, {1, 7}, {3, 6}, {2, 4}], [{8, 5}, {1, 7}, {4, 6}, {2, 3}], [{8, 5}, {2, 7}, {1, 6}, {3, 4}], [{8, 5}, {2, 7}, {3, 6}, {1, 4}], [{8, 5}, {2, 7}, {4, 6}, {1, 3}], [{8, 5}, {2, 7}, {4, 6}, {3}, {1}], [{8, 5}, {3, 7}, {1, 6}, {2, 4}], [{8, 5}, {3, 7}, {2, 6}, {1, 4}], [{8, 5}, {3, 7}, {2, 6}, {4}, {1}], [{8, 5}, {3, 7}, {4, 6}, {1, 2}], [{8, 5}, {4, 7}, {1, 6}, {2, 3}], [{8, 5}, {4, 7}, {2, 6}, {1, 3}], [{8, 5}, {4, 7}, {2, 6}, {3}, {1}], [{8, 5}, {4, 7}, {3, 6}, {1, 2}], [{8, 5}, {6, 7}, {1, 4}, {2, 3}], [{8, 5}, {6, 7}, {2, 4}, {1, 3}], [{8, 5}, {6, 7}, {3, 4}, {1, 2}], [{8, 5}, {7}, {1, 6}, {2, 4}, {3}], [{8, 5}, {7}, {2, 6}, {3, 4}, {1}], [{8, 5}, {7}, {3, 6}, {1, 4}, {2}], [{8, 6}, {1, 7}, {2, 5}, {3, 4}], [{8, 6}, {1, 7}, {3, 5}, {2, 4}], [{8, 6}, {1, 7}, {4, 5}, {2, 3}], [{8, 6}, {2, 7}, {1, 5}, {3, 4}], [{8, 6}, {2, 7}, {3, 5}, {1, 4}], [{8, 6}, {2, 7}, {3, 5}, {4}, {1}], [{8, 6}, {2, 7}, {4, 5}, {1, 3}], [{8, 6}, {3, 7}, {1, 5}, {2, 4}], [{8, 6}, {3, 7}, {2, 5}, {1, 4}], [{8, 6}, {3, 7}, {4, 5}, {1, 2}], [{8, 6}, {4, 7}, {1, 5}, {2, 3}], [{8, 6}, {4, 7}, {2, 5}, {1, 3}], [{8, 6}, {4, 7}, {3, 5}, {1, 2}], [{8, 6}, {5, 7}, {1, 4}, {2, 3}], [{8, 6}, {5, 7}, {2, 4}, {1, 3}], [{8, 6}, {5, 7}, {3, 4}, {1, 2}], [{8, 6}, {5, 7}, {3, 4}, {2}, {1}], [{8, 6}, {7}, {1, 5}, {2, 4}, {3}], [{8, 7}, {1, 6}, {2, 5}, {3, 4}], [{8, 7}, {1, 6}, {3, 5}, {2, 4}], [{8, 7}, {1, 6}, {4, 5}, {2, 3}], [{8, 7}, {2, 6}, {1, 5}, {3, 4}], [{8, 7}, {2, 6}, {3, 5}, {1, 4}], [{8, 7}, {2, 6}, {4, 5}, {1, 3}], [{8, 7}, {2, 6}, {5}, {3, 4}, {1}], [{8, 7}, {3, 6}, {1, 5}, {2, 4}], [{8, 7}, {3, 6}, {2, 5}, {1, 4}], [{8, 7}, {3, 6}, {4, 5}, {1, 2}], [{8, 7}, {4, 6}, {1, 5}, {2, 3}], [{8, 7}, {4, 6}, {2, 5}, {1, 3}], [{8, 7}, {4, 6}, {3, 5}, {1, 2}], [{8, 7}, {5, 6}, {1, 4}, {2, 3}], [{8, 7}, {5, 6}, {2, 4}, {1, 3}], [{8, 7}, {5, 6}, {2, 4}, {3}, {1}], [{8, 7}, {5, 6}, {3, 4}, {1, 2}], [{8, 7}, {6}, {3, 5}, {1, 4}, {2}], [{8, 7}, {6}, {4, 5}, {2, 3}, {1}], [{8}, {1, 7}, {5, 6}, {2, 4}, {3}], [{8}, {2, 7}, {4, 6}, {5}, {1, 3}], [{8}, {2, 7}, {6}, {3, 5}, {1, 4}], [{8}, {3, 7}, {5, 6}, {2, 4}, {1}], [{8}, {4, 7}, {1, 6}, {3, 5}, {2}], [{8}, {4, 7}, {6}, {2, 5}, {1, 3}], [{8}, {5, 7}, {1, 6}, {3, 4}, {2}], [{8}, {5, 7}, {2, 6}, {3, 4}, {1}], [{8}, {5, 7}, {6}, {1, 4}, {2, 3}], [{8}, {5, 7}, {6}, {2, 4}, {1, 3}], [{8}, {5, 7}, {6}, {3, 4}, {1, 2}], [{8}, {5, 7}, {6}, {3, 4}, {2}, {1}], [{8}, {6, 7}, {5}, {1, 4}, {2, 3}], [{8}, {6, 7}, {5}, {2, 4}, {1, 3}], [{8}, {6, 7}, {5}, {3, 4}, {1, 2}], [{8}, {7}, {3, 6}, {2, 5}, {1, 4}], [{8}, {7}, {5, 6}, {1, 4}, {2, 3}], [{8}, {7}, {5, 6}, {2, 4}, {1, 3}], [{8}, {7}, {5, 6}, {2, 4}, {3}, {1}], [{8}, {7}, {5, 6}, {3, 4}, {1, 2}]]",2,4 K_1^3 - 6 K_1 K_2 + 2 K_3 + 1,O1O2O3O4U5U1O5U6O7O8U3U8U7U4O6U2,O1O2O3O4U3U2O5U6O7O6U1U4U8U7O8U5,O1O2O3O4U5O6U7U6U1U4O8O7U8O5U3U2,c,{'O1O2O3O4U3O5U1U6U7U2O7O6U5O8U4U8'},1,"<a href=""/flatknot/8.733503"">8.733503</a>",t^9-59t^7-178t^6+33t^5+258t^4-35t^3-62t^2-9t,t^3-2t^2+t,,
8.733504,O1O2O3O4U3O5U1U6U7U4O7O6U2O8U5U8,4,8z^3+44z^2+89z+67,8w^4z^3+44w^3z^2+89w^2z+67w,False,False,"[[ 0 -3  0 -1  3  2 -1 -1  1],[ 3  0  2  0  2  3  2  2  1],[ 0 -2  0 -1  3  2 -1 -1  1],[ 1  0  1  0  1  1  0  0  0],[-3 -2 -3 -1  0 -1 -2 -3  1],[-2 -3 -2 -1  1  0 -2 -2  1],[ 1 -2  1  0  2  2  0  0  1],[ 1 -2  1  0  3  2  0  0  1],[-1 -1 -1  0 -1 -1 -1 -1  0]]","[[ 0  3  2  1  0 -1 -1 -1 -3],[-3  0 -1  1 -3 -1 -2 -3 -2],[-2  1  0  1 -2 -1 -2 -2 -3],[-1 -1 -1  0 -1  0 -1 -1 -1],[ 0  3  2  1  0 -1 -1 -1 -2],[ 1  1  1  0  1  0  0  0  0],[ 1  2  2  1  1  0  0  0 -2],[ 1  3  2  1  1  0  0  0 -2],[ 3  2  3  1  2  0  2  2  0]]",True,"[-3,-2,-1,0,1,1,1,3,1,-1,3,1,2,3,2,-1,2,1,2,2,3,1,0,1,1,1,1,1,1,2,0,0,0,0,2,2]","[-3,-2,-1,0,1,1,1,3,0,3,0,1,2,3,4,2,0,1,1,2,2,0,1,1,2,3,0,0,0,1,0,0,0,0,0,2]",t^8+71t^6+150t^4+43t^2,"[-3,-1,-1,-1,0,1,2,3,0,0,2,1,3,2,4,0,0,0,1,1,1,0,0,1,1,2,0,2,2,3,0,0,0,2,3,0]","[-3,-2,-1,0,1,1,1,3,0,3,0,1,2,3,4,2,0,1,1,2,2,0,1,1,2,3,0,0,0,1,0,0,0,0,0,2]","[-3,-1,-1,-1,0,1,2,3,0,2,2,2,1,3,2,0,0,1,0,1,1,0,1,1,2,2,1,1,2,3,1,2,3,-1,-1,1]",c,"[[{8, 1}, {2, 7}, {3, 6}, {4, 5}], [{8, 1}, {2, 7}, {3, 6}, {5}, {4}], [{8, 1}, {2, 7}, {4, 6}, {3, 5}], [{8, 1}, {2, 7}, {4, 6}, {5}, {3}], [{8, 1}, {2, 7}, {5, 6}, {3, 4}], [{8, 1}, {2, 7}, {6}, {5}, {3, 4}], [{8, 1}, {3, 7}, {2, 6}, {4, 5}], [{8, 1}, {3, 7}, {4, 6}, {2, 5}], [{8, 1}, {3, 7}, {4, 6}, {5}, {2}], [{8, 1}, {3, 7}, {5, 6}, {2, 4}], [{8, 1}, {4, 7}, {2, 6}, {3, 5}], [{8, 1}, {4, 7}, {2, 6}, {5}, {3}], [{8, 1}, {4, 7}, {3, 6}, {2, 5}], [{8, 1}, {4, 7}, {5, 6}, {2, 3}], [{8, 1}, {4, 7}, {5, 6}, {3}, {2}], [{8, 1}, {4, 7}, {6}, {2, 5}, {3}], [{8, 1}, {5, 7}, {2, 6}, {3, 4}], [{8, 1}, {5, 7}, {3, 6}, {2, 4}], [{8, 1}, {5, 7}, {4, 6}, {2, 3}], [{8, 1}, {5, 7}, {6}, {4}, {2, 3}], [{8, 1}, {6, 7}, {2, 5}, {3, 4}], [{8, 1}, {6, 7}, {3, 5}, {2, 4}], [{8, 1}, {6, 7}, {4, 5}, {2, 3}], [{8, 1}, {7}, {2, 6}, {3, 5}, {4}], [{8, 1}, {7}, {4, 6}, {5}, {2, 3}], [{8, 2}, {1, 7}, {3, 6}, {4, 5}], [{8, 2}, {1, 7}, {3, 6}, {5}, {4}], [{8, 2}, {1, 7}, {4, 6}, {3, 5}], [{8, 2}, {1, 7}, {4, 6}, {5}, {3}], [{8, 2}, {1, 7}, {5, 6}, {3, 4}], [{8, 2}, {1, 7}, {5, 6}, {4}, {3}], [{8, 2}, {1, 7}, {6}, {3, 5}, {4}], [{8, 2}, {1, 7}, {6}, {4, 5}, {3}], [{8, 2}, {1, 7}, {6}, {5}, {3, 4}], [{8, 2}, {1, 7}, {6}, {5}, {4}, {3}], [{8, 2}, {3, 7}, {1, 6}, {4, 5}], [{8, 2}, {3, 7}, {4, 6}, {1, 5}], [{8, 2}, {3, 7}, {5, 6}, {1, 4}], [{8, 2}, {4, 7}, {1, 6}, {3, 5}], [{8, 2}, {4, 7}, {1, 6}, {5}, {3}], [{8, 2}, {4, 7}, {3, 6}, {1, 5}], [{8, 2}, {4, 7}, {5, 6}, {1, 3}], [{8, 2}, {4, 7}, {6}, {3, 5}, {1}], [{8, 2}, {5, 7}, {1, 6}, {3, 4}], [{8, 2}, {5, 7}, {3, 6}, {1, 4}], [{8, 2}, {5, 7}, {4, 6}, {1, 3}], [{8, 2}, {5, 7}, {6}, {3, 4}, {1}], [{8, 2}, {6, 7}, {1, 5}, {3, 4}], [{8, 2}, {6, 7}, {3, 5}, {1, 4}], [{8, 2}, {6, 7}, {3, 5}, {4}, {1}], [{8, 2}, {6, 7}, {4, 5}, {1, 3}], [{8, 2}, {6, 7}, {5}, {1, 4}, {3}], [{8, 2}, {7}, {1, 6}, {3, 5}, {4}], [{8, 2}, {7}, {3, 6}, {4, 5}, {1}], [{8, 2}, {7}, {4, 6}, {3, 5}, {1}], [{8, 2}, {7}, {6}, {1, 5}, {3, 4}], [{8, 2}, {7}, {6}, {3, 5}, {1, 4}], [{8, 3}, {1, 7}, {2, 6}, {4, 5}], [{8, 3}, {1, 7}, {4, 6}, {2, 5}], [{8, 3}, {1, 7}, {5, 6}, {2, 4}], [{8, 3}, {2, 7}, {1, 6}, {4, 5}], [{8, 3}, {2, 7}, {4, 6}, {1, 5}], [{8, 3}, {2, 7}, {5, 6}, {1, 4}], [{8, 3}, {4, 7}, {1, 6}, {2, 5}], [{8, 3}, {4, 7}, {2, 6}, {1, 5}], [{8, 3}, {4, 7}, {5, 6}, {1, 2}], [{8, 3}, {5, 7}, {1, 6}, {2, 4}], [{8, 3}, {5, 7}, {2, 6}, {1, 4}], [{8, 3}, {5, 7}, {4, 6}, {1, 2}], [{8, 3}, {6, 7}, {1, 5}, {2, 4}], [{8, 3}, {6, 7}, {2, 5}, {1, 4}], [{8, 3}, {6, 7}, {4, 5}, {1, 2}], [{8, 3}, {7}, {2, 6}, {5}, {1, 4}], [{8, 3}, {7}, {4, 6}, {2, 5}, {1}], [{8, 3}, {7}, {6}, {1, 5}, {2, 4}], [{8, 4}, {1, 7}, {2, 6}, {3, 5}], [{8, 4}, {1, 7}, {3, 6}, {2, 5}], [{8, 4}, {1, 7}, {3, 6}, {5}, {2}], [{8, 4}, {1, 7}, {5, 6}, {2, 3}], [{8, 4}, {2, 7}, {1, 6}, {3, 5}], [{8, 4}, {2, 7}, {3, 6}, {1, 5}], [{8, 4}, {2, 7}, {5, 6}, {1, 3}], [{8, 4}, {2, 7}, {6}, {5}, {1, 3}], [{8, 4}, {3, 7}, {1, 6}, {2, 5}], [{8, 4}, {3, 7}, {2, 6}, {1, 5}], [{8, 4}, {3, 7}, {5, 6}, {1, 2}], [{8, 4}, {5, 7}, {1, 6}, {2, 3}], [{8, 4}, {5, 7}, {2, 6}, {1, 3}], [{8, 4}, {5, 7}, {3, 6}, {1, 2}], [{8, 4}, {6, 7}, {1, 5}, {2, 3}], [{8, 4}, {6, 7}, {2, 5}, {1, 3}], [{8, 4}, {6, 7}, {3, 5}, {1, 2}], [{8, 4}, {6, 7}, {5}, {3}, {1, 2}], [{8, 4}, {7}, {2, 6}, {3, 5}, {1}], [{8, 5}, {1, 7}, {2, 6}, {3, 4}], [{8, 5}, {1, 7}, {3, 6}, {2, 4}], [{8, 5}, {1, 7}, {4, 6}, {2, 3}], [{8, 5}, {2, 7}, {1, 6}, {3, 4}], [{8, 5}, {2, 7}, {3, 6}, {1, 4}], [{8, 5}, {2, 7}, {4, 6}, {1, 3}], [{8, 5}, {2, 7}, {6}, {3, 4}, {1}], [{8, 5}, {3, 7}, {1, 6}, {2, 4}], [{8, 5}, {3, 7}, {1, 6}, {4}, {2}], [{8, 5}, {3, 7}, {2, 6}, {1, 4}], [{8, 5}, {3, 7}, {4, 6}, {1, 2}], [{8, 5}, {4, 7}, {1, 6}, {2, 3}], [{8, 5}, {4, 7}, {2, 6}, {1, 3}], [{8, 5}, {4, 7}, {3, 6}, {1, 2}], [{8, 5}, {6, 7}, {1, 4}, {2, 3}], [{8, 5}, {6, 7}, {2, 4}, {1, 3}], [{8, 5}, {6, 7}, {3, 4}, {1, 2}], [{8, 5}, {7}, {2, 6}, {1, 4}, {3}], [{8, 5}, {7}, {4, 6}, {1, 3}, {2}], [{8, 6}, {1, 7}, {2, 5}, {3, 4}], [{8, 6}, {1, 7}, {3, 5}, {2, 4}], [{8, 6}, {1, 7}, {4, 5}, {2, 3}], [{8, 6}, {1, 7}, {5}, {3, 4}, {2}], [{8, 6}, {2, 7}, {1, 5}, {3, 4}], [{8, 6}, {2, 7}, {3, 5}, {1, 4}], [{8, 6}, {2, 7}, {4, 5}, {1, 3}], [{8, 6}, {3, 7}, {1, 5}, {2, 4}], [{8, 6}, {3, 7}, {2, 5}, {1, 4}], [{8, 6}, {3, 7}, {4, 5}, {1, 2}], [{8, 6}, {3, 7}, {5}, {1, 4}, {2}], [{8, 6}, {4, 7}, {1, 5}, {2, 3}], [{8, 6}, {4, 7}, {1, 5}, {3}, {2}], [{8, 6}, {4, 7}, {2, 5}, {1, 3}], [{8, 6}, {4, 7}, {3, 5}, {1, 2}], [{8, 6}, {5, 7}, {1, 4}, {2, 3}], [{8, 6}, {5, 7}, {1, 4}, {3}, {2}], [{8, 6}, {5, 7}, {2, 4}, {1, 3}], [{8, 6}, {5, 7}, {3, 4}, {1, 2}], [{8, 6}, {7}, {2, 5}, {4}, {1, 3}], [{8, 6}, {7}, {3, 5}, {1, 4}, {2}], [{8, 7}, {1, 6}, {2, 5}, {3, 4}], [{8, 7}, {1, 6}, {2, 5}, {4}, {3}], [{8, 7}, {1, 6}, {3, 5}, {2, 4}], [{8, 7}, {1, 6}, {4, 5}, {2, 3}], [{8, 7}, {2, 6}, {1, 5}, {3, 4}], [{8, 7}, {2, 6}, {3, 5}, {1, 4}], [{8, 7}, {2, 6}, {4, 5}, {1, 3}], [{8, 7}, {3, 6}, {1, 5}, {2, 4}], [{8, 7}, {3, 6}, {2, 5}, {1, 4}], [{8, 7}, {3, 6}, {4, 5}, {1, 2}], [{8, 7}, {3, 6}, {5}, {1, 4}, {2}], [{8, 7}, {4, 6}, {1, 5}, {2, 3}], [{8, 7}, {4, 6}, {2, 5}, {1, 3}], [{8, 7}, {4, 6}, {3, 5}, {1, 2}], [{8, 7}, {4, 6}, {5}, {1, 3}, {2}], [{8, 7}, {5, 6}, {1, 4}, {2, 3}], [{8, 7}, {5, 6}, {1, 4}, {3}, {2}], [{8, 7}, {5, 6}, {2, 4}, {1, 3}], [{8, 7}, {5, 6}, {3, 4}, {1, 2}], [{8, 7}, {6}, {1, 5}, {3, 4}, {2}], [{8, 7}, {6}, {2, 5}, {3, 4}, {1}], [{8, 7}, {6}, {3, 5}, {1, 4}, {2}], [{8, 7}, {6}, {5}, {3, 4}, {1, 2}], [{8}, {1, 7}, {2, 6}, {5}, {3, 4}], [{8}, {1, 7}, {3, 6}, {5}, {2, 4}], [{8}, {1, 7}, {4, 6}, {3, 5}, {2}], [{8}, {2, 7}, {6}, {1, 5}, {3, 4}], [{8}, {2, 7}, {6}, {3, 5}, {1, 4}], [{8}, {3, 7}, {2, 6}, {1, 5}, {4}], [{8}, {4, 7}, {1, 6}, {3, 5}, {2}], [{8}, {5, 7}, {1, 6}, {3, 4}, {2}], [{8}, {5, 7}, {2, 6}, {4}, {1, 3}], [{8}, {5, 7}, {4, 6}, {1, 3}, {2}], [{8}, {5, 7}, {6}, {2, 4}, {1, 3}], [{8}, {6, 7}, {3, 5}, {1, 4}, {2}], [{8}, {7}, {2, 6}, {3, 5}, {1, 4}], [{8}, {7}, {6}, {3, 5}, {1, 4}, {2}]]",2,4 K_1^2 K_2 - 6 K_1^2 - 8 K_1 K_2 - 4 K_1 K_3 + 4 K_1 + 3 K_2 + 4 K_3 + K_4 + 3,O1O2O3O4U5U6O5U3O7O8U1U8U7U4O6U2,O1O2O3O4U3U2O5U6O7O6U1U5U8U4O8U7,O1O2O3O4U5O6U1U6U7U4O8O5U8O7U3U2,c,{'O1O2O3O4U3O5U1U6U7U4O7O6U2O8U5U8'},1,"<a href=""/flatknot/8.733504"">8.733504</a>",t^9-69t^7-312t^6-309t^5+328t^4+459t^3-80t^2-122t+20,-t^2+2t,,
8.733505,O1O2O3O4U3O5U1U6U7U4O7O6U5O8U2U8,4,10z^3+55z^2+110z+81,10w^4z^3+55w^3z^2+110w^2z+81w,False,False,"[[ 0 -3  0 -1  3  2 -1 -1  1],[ 3  0  3  0  2  2  2  2  1],[ 0 -3  0 -1  2  1 -1 -1  1],[ 1  0  1  0  1  1  0  0  0],[-3 -2 -2 -1  0 -1 -2 -3  0],[-2 -2 -1 -1  1  0 -2 -2  0],[ 1 -2  1  0  2  2  0  0  1],[ 1 -2  1  0  3  2  0  0  1],[-1 -1 -1  0  0  0 -1 -1  0]]","[[ 0  3  2  1  0 -1 -1 -1 -3],[-3  0 -1  0 -2 -1 -2 -3 -2],[-2  1  0  0 -1 -1 -2 -2 -2],[-1  0  0  0 -1  0 -1 -1 -1],[ 0  2  1  1  0 -1 -1 -1 -3],[ 1  1  1  0  1  0  0  0  0],[ 1  2  2  1  1  0  0  0 -2],[ 1  3  2  1  1  0  0  0 -2],[ 3  2  2  1  3  0  2  2  0]]",True,"[-3,-2,-1,0,1,1,1,3,1,0,2,1,2,3,2,0,1,1,2,2,2,1,0,1,1,1,1,1,1,3,0,0,0,0,2,2]","[-3,-2,-1,0,1,1,1,3,0,2,1,1,2,3,4,1,1,1,1,2,3,0,1,1,2,3,0,0,0,0,0,0,0,0,0,2]",t^8+61t^6+87t^4+21t^2,"[-3,-1,-1,-1,0,1,2,3,0,0,2,0,3,3,4,0,0,0,1,1,1,0,0,1,1,2,0,2,2,3,0,1,1,1,2,0]","[-3,-2,-1,0,1,1,1,3,0,2,1,1,2,3,4,1,1,1,1,2,3,0,1,1,2,3,0,0,0,0,0,0,0,0,0,2]","[-3,-1,-1,-1,0,1,2,3,0,2,2,3,1,2,2,0,0,1,0,1,1,0,1,1,2,2,1,1,2,3,1,1,2,0,0,1]",c,"[[{8, 1}, {2, 7}, {3, 6}, {4, 5}], [{8, 1}, {2, 7}, {4, 6}, {3, 5}], [{8, 1}, {2, 7}, {5, 6}, {3, 4}], [{8, 1}, {2, 7}, {5, 6}, {4}, {3}], [{8, 1}, {2, 7}, {6}, {5}, {3, 4}], [{8, 1}, {3, 7}, {2, 6}, {4, 5}], [{8, 1}, {3, 7}, {4, 6}, {2, 5}], [{8, 1}, {3, 7}, {4, 6}, {5}, {2}], [{8, 1}, {3, 7}, {5, 6}, {2, 4}], [{8, 1}, {4, 7}, {2, 6}, {3, 5}], [{8, 1}, {4, 7}, {3, 6}, {2, 5}], [{8, 1}, {4, 7}, {5, 6}, {2, 3}], [{8, 1}, {4, 7}, {5, 6}, {3}, {2}], [{8, 1}, {5, 7}, {2, 6}, {3, 4}], [{8, 1}, {5, 7}, {3, 6}, {2, 4}], [{8, 1}, {5, 7}, {3, 6}, {4}, {2}], [{8, 1}, {5, 7}, {4, 6}, {2, 3}], [{8, 1}, {5, 7}, {4, 6}, {3}, {2}], [{8, 1}, {5, 7}, {6}, {3, 4}, {2}], [{8, 1}, {6, 7}, {2, 5}, {3, 4}], [{8, 1}, {6, 7}, {3, 5}, {2, 4}], [{8, 1}, {6, 7}, {4, 5}, {2, 3}], [{8, 1}, {6, 7}, {5}, {4}, {2, 3}], [{8, 1}, {7}, {4, 6}, {3, 5}, {2}], [{8, 1}, {7}, {5, 6}, {2, 4}, {3}], [{8, 1}, {7}, {6}, {2, 5}, {3, 4}], [{8, 2}, {1, 7}, {3, 6}, {4, 5}], [{8, 2}, {1, 7}, {4, 6}, {3, 5}], [{8, 2}, {1, 7}, {5, 6}, {3, 4}], [{8, 2}, {3, 7}, {1, 6}, {4, 5}], [{8, 2}, {3, 7}, {4, 6}, {1, 5}], [{8, 2}, {3, 7}, {5, 6}, {1, 4}], [{8, 2}, {4, 7}, {1, 6}, {3, 5}], [{8, 2}, {4, 7}, {3, 6}, {1, 5}], [{8, 2}, {4, 7}, {5, 6}, {1, 3}], [{8, 2}, {4, 7}, {5, 6}, {3}, {1}], [{8, 2}, {5, 7}, {1, 6}, {3, 4}], [{8, 2}, {5, 7}, {3, 6}, {1, 4}], [{8, 2}, {5, 7}, {4, 6}, {1, 3}], [{8, 2}, {5, 7}, {6}, {3, 4}, {1}], [{8, 2}, {6, 7}, {1, 5}, {3, 4}], [{8, 2}, {6, 7}, {3, 5}, {1, 4}], [{8, 2}, {6, 7}, {4, 5}, {1, 3}], [{8, 2}, {7}, {6}, {3, 5}, {1, 4}], [{8, 3}, {1, 7}, {2, 6}, {4, 5}], [{8, 3}, {1, 7}, {4, 6}, {2, 5}], [{8, 3}, {1, 7}, {5, 6}, {2, 4}], [{8, 3}, {1, 7}, {5, 6}, {4}, {2}], [{8, 3}, {2, 7}, {1, 6}, {4, 5}], [{8, 3}, {2, 7}, {4, 6}, {1, 5}], [{8, 3}, {2, 7}, {5, 6}, {1, 4}], [{8, 3}, {2, 7}, {5, 6}, {4}, {1}], [{8, 3}, {2, 7}, {6}, {5}, {1, 4}], [{8, 3}, {4, 7}, {1, 6}, {2, 5}], [{8, 3}, {4, 7}, {2, 6}, {1, 5}], [{8, 3}, {4, 7}, {5, 6}, {1, 2}], [{8, 3}, {5, 7}, {1, 6}, {2, 4}], [{8, 3}, {5, 7}, {1, 6}, {4}, {2}], [{8, 3}, {5, 7}, {2, 6}, {1, 4}], [{8, 3}, {5, 7}, {4, 6}, {1, 2}], [{8, 3}, {6, 7}, {1, 5}, {2, 4}], [{8, 3}, {6, 7}, {2, 5}, {1, 4}], [{8, 3}, {6, 7}, {4, 5}, {1, 2}], [{8, 3}, {7}, {5, 6}, {4}, {1, 2}], [{8, 4}, {1, 7}, {2, 6}, {3, 5}], [{8, 4}, {1, 7}, {3, 6}, {2, 5}], [{8, 4}, {1, 7}, {5, 6}, {2, 3}], [{8, 4}, {2, 7}, {1, 6}, {3, 5}], [{8, 4}, {2, 7}, {3, 6}, {1, 5}], [{8, 4}, {2, 7}, {5, 6}, {1, 3}], [{8, 4}, {2, 7}, {5, 6}, {3}, {1}], [{8, 4}, {2, 7}, {6}, {5}, {1, 3}], [{8, 4}, {3, 7}, {1, 6}, {2, 5}], [{8, 4}, {3, 7}, {1, 6}, {5}, {2}], [{8, 4}, {3, 7}, {2, 6}, {1, 5}], [{8, 4}, {3, 7}, {2, 6}, {5}, {1}], [{8, 4}, {3, 7}, {5, 6}, {1, 2}], [{8, 4}, {3, 7}, {6}, {5}, {1, 2}], [{8, 4}, {5, 7}, {1, 6}, {2, 3}], [{8, 4}, {5, 7}, {1, 6}, {3}, {2}], [{8, 4}, {5, 7}, {2, 6}, {1, 3}], [{8, 4}, {5, 7}, {3, 6}, {1, 2}], [{8, 4}, {6, 7}, {1, 5}, {2, 3}], [{8, 4}, {6, 7}, {2, 5}, {1, 3}], [{8, 4}, {6, 7}, {3, 5}, {1, 2}], [{8, 4}, {7}, {1, 6}, {3, 5}, {2}], [{8, 4}, {7}, {6}, {1, 5}, {2, 3}], [{8, 5}, {1, 7}, {2, 6}, {3, 4}], [{8, 5}, {1, 7}, {3, 6}, {2, 4}], [{8, 5}, {1, 7}, {4, 6}, {2, 3}], [{8, 5}, {2, 7}, {1, 6}, {3, 4}], [{8, 5}, {2, 7}, {1, 6}, {4}, {3}], [{8, 5}, {2, 7}, {3, 6}, {1, 4}], [{8, 5}, {2, 7}, {4, 6}, {1, 3}], [{8, 5}, {2, 7}, {6}, {3, 4}, {1}], [{8, 5}, {3, 7}, {1, 6}, {2, 4}], [{8, 5}, {3, 7}, {2, 6}, {1, 4}], [{8, 5}, {3, 7}, {4, 6}, {1, 2}], [{8, 5}, {3, 7}, {4, 6}, {2}, {1}], [{8, 5}, {4, 7}, {1, 6}, {2, 3}], [{8, 5}, {4, 7}, {1, 6}, {3}, {2}], [{8, 5}, {4, 7}, {2, 6}, {1, 3}], [{8, 5}, {4, 7}, {3, 6}, {1, 2}], [{8, 5}, {6, 7}, {1, 4}, {2, 3}], [{8, 5}, {6, 7}, {2, 4}, {1, 3}], [{8, 5}, {6, 7}, {3, 4}, {1, 2}], [{8, 5}, {7}, {1, 6}, {2, 4}, {3}], [{8, 5}, {7}, {4, 6}, {3}, {1, 2}], [{8, 6}, {1, 7}, {2, 5}, {3, 4}], [{8, 6}, {1, 7}, {3, 5}, {2, 4}], [{8, 6}, {1, 7}, {4, 5}, {2, 3}], [{8, 6}, {1, 7}, {5}, {3, 4}, {2}], [{8, 6}, {2, 7}, {1, 5}, {3, 4}], [{8, 6}, {2, 7}, {3, 5}, {1, 4}], [{8, 6}, {2, 7}, {4, 5}, {1, 3}], [{8, 6}, {2, 7}, {5}, {3, 4}, {1}], [{8, 6}, {3, 7}, {1, 5}, {2, 4}], [{8, 6}, {3, 7}, {2, 5}, {1, 4}], [{8, 6}, {3, 7}, {4, 5}, {1, 2}], [{8, 6}, {4, 7}, {1, 5}, {2, 3}], [{8, 6}, {4, 7}, {2, 5}, {1, 3}], [{8, 6}, {4, 7}, {3, 5}, {1, 2}], [{8, 6}, {5, 7}, {1, 4}, {2, 3}], [{8, 6}, {5, 7}, {2, 4}, {1, 3}], [{8, 6}, {5, 7}, {3, 4}, {1, 2}], [{8, 6}, {5, 7}, {3, 4}, {2}, {1}], [{8, 6}, {7}, {1, 5}, {2, 4}, {3}], [{8, 6}, {7}, {1, 5}, {3, 4}, {2}], [{8, 6}, {7}, {1, 5}, {4}, {2, 3}], [{8, 6}, {7}, {2, 5}, {3, 4}, {1}], [{8, 6}, {7}, {5}, {3, 4}, {1, 2}], [{8, 7}, {1, 6}, {2, 5}, {3, 4}], [{8, 7}, {1, 6}, {3, 5}, {2, 4}], [{8, 7}, {1, 6}, {4, 5}, {2, 3}], [{8, 7}, {1, 6}, {5}, {4}, {2, 3}], [{8, 7}, {2, 6}, {1, 5}, {3, 4}], [{8, 7}, {2, 6}, {3, 5}, {1, 4}], [{8, 7}, {2, 6}, {4, 5}, {1, 3}], [{8, 7}, {2, 6}, {5}, {4}, {1, 3}], [{8, 7}, {3, 6}, {1, 5}, {2, 4}], [{8, 7}, {3, 6}, {2, 5}, {1, 4}], [{8, 7}, {3, 6}, {4, 5}, {1, 2}], [{8, 7}, {4, 6}, {1, 5}, {2, 3}], [{8, 7}, {4, 6}, {2, 5}, {1, 3}], [{8, 7}, {4, 6}, {3, 5}, {1, 2}], [{8, 7}, {4, 6}, {5}, {1, 3}, {2}], [{8, 7}, {5, 6}, {1, 4}, {2, 3}], [{8, 7}, {5, 6}, {2, 4}, {1, 3}], [{8, 7}, {5, 6}, {3, 4}, {1, 2}], [{8, 7}, {6}, {2, 5}, {3, 4}, {1}], [{8, 7}, {6}, {4, 5}, {3}, {1, 2}], [{8, 7}, {6}, {5}, {2, 4}, {1, 3}], [{8}, {1, 7}, {6}, {2, 5}, {3, 4}], [{8}, {2, 7}, {1, 6}, {5}, {3, 4}], [{8}, {2, 7}, {3, 6}, {1, 5}, {4}], [{8}, {2, 7}, {4, 6}, {1, 5}, {3}], [{8}, {2, 7}, {5, 6}, {1, 4}, {3}], [{8}, {2, 7}, {5, 6}, {3, 4}, {1}], [{8}, {2, 7}, {5, 6}, {4}, {1, 3}], [{8}, {2, 7}, {6}, {1, 5}, {3, 4}], [{8}, {2, 7}, {6}, {5}, {3, 4}, {1}], [{8}, {3, 7}, {4, 6}, {1, 5}, {2}], [{8}, {3, 7}, {5, 6}, {1, 4}, {2}], [{8}, {4, 7}, {2, 6}, {1, 5}, {3}], [{8}, {4, 7}, {5, 6}, {3}, {1, 2}], [{8}, {5, 7}, {1, 6}, {3, 4}, {2}], [{8}, {5, 7}, {2, 6}, {3, 4}, {1}], [{8}, {5, 7}, {6}, {3, 4}, {1, 2}], [{8}, {5, 7}, {6}, {3, 4}, {2}, {1}], [{8}, {6, 7}, {2, 5}, {3, 4}, {1}], [{8}, {7}, {1, 6}, {2, 5}, {3, 4}], [{8}, {7}, {3, 6}, {2, 5}, {1, 4}], [{8}, {7}, {4, 6}, {1, 5}, {2, 3}], [{8}, {7}, {4, 6}, {2, 5}, {1, 3}], [{8}, {7}, {5, 6}, {1, 4}, {2, 3}], [{8}, {7}, {6}, {2, 5}, {3, 4}, {1}]]",2,- 4 K_1^2 - 8 K_1 K_2 - 2 K_1 K_3 + 4 K_1 - 2 K_2^2 + 3 K_2 + 4 K_3 + 2 K_4 + 4,O1O2O3O4U5U3O5U6O7O8U1U8U7U4O6U2,O1O2O3O4U3U2O5U6O7O6U1U7U8U4O8U5,O1O2O3O4U5O6U1U6U7U4O8O7U8O5U3U2,c,{'O1O2O3O4U3O5U1U6U7U4O7O6U5O8U2U8'},1,"<a href=""/flatknot/8.733505"">8.733505</a>",t^9-59t^7-230t^6-224t^5-146t^4-31t^3+90t^2+6t-4,-t^2+2t,,
8.733506,O1O2O3O4U3O5U1U6U7U8O7O6U2O8U5U4,4,8z^3+50z^2+111z+87,8w^4z^3+50w^3z^2+111w^2z+87w,False,False,"[[ 0 -3  0 -1  3  2 -1 -1  1],[ 3  0  1  0  4  2  3  3  2],[ 0 -1  0  0  2  0  0  0  2],[ 1  0  0  0  1  0  1  1  1],[-3 -4 -2 -1  0  0 -4 -4 -1],[-2 -2  0  0  0  0 -3 -3  0],[ 1 -3  0 -1  4  3  0  0  0],[ 1 -3  0 -1  4  3  0  0  1],[-1 -2 -2 -1  1  0  0 -1  0]]","[[ 0  3  2  1  0 -1 -1 -1 -3],[-3  0  0 -1 -2 -1 -4 -4 -4],[-2  0  0  0  0  0 -3 -3 -2],[-1  1  0  0 -2 -1  0 -1 -2],[ 0  2  0  2  0  0  0  0 -1],[ 1  1  0  1  0  0  1  1  0],[ 1  4  3  0  0 -1  0  0 -3],[ 1  4  3  1  0 -1  0  0 -3],[ 3  4  2  2  1  0  3  3  0]]",True,"[-3,-2,-1,0,1,1,1,3,0,1,2,1,4,4,4,0,0,0,3,3,2,2,1,0,1,2,0,0,0,1,-1,-1,0,0,3,3]","[-3,-2,-1,0,1,1,1,3,0,1,2,1,4,4,4,0,0,0,3,3,2,2,1,0,1,2,0,0,0,1,-1,-1,0,0,3,3]",t^8+107t^6+648t^4+107t^2+1,"[-3,-1,-1,-1,0,1,2,3,-1,-1,2,2,2,3,2,0,1,1,1,0,0,1,1,2,0,0,1,1,3,3,-1,2,1,1,1,1]","[-3,-2,-1,0,1,1,1,3,1,1,1,0,0,3,2,1,2,0,0,3,3,-1,1,2,1,2,1,1,1,2,0,-1,-1,-1,-1,2]","[-3,-1,-1,-1,0,1,2,3,0,3,3,1,2,2,4,1,1,0,1,0,1,0,0,0,3,4,0,1,3,4,2,0,2,0,1,0]",c,"[[{8, 1}, {2, 7}, {3, 6}, {4, 5}], [{8, 1}, {2, 7}, {4, 6}, {3, 5}], [{8, 1}, {2, 7}, {5, 6}, {3, 4}], [{8, 1}, {3, 7}, {2, 6}, {4, 5}], [{8, 1}, {3, 7}, {4, 6}, {2, 5}], [{8, 1}, {3, 7}, {4, 6}, {5}, {2}], [{8, 1}, {3, 7}, {5, 6}, {2, 4}], [{8, 1}, {4, 7}, {2, 6}, {3, 5}], [{8, 1}, {4, 7}, {3, 6}, {2, 5}], [{8, 1}, {4, 7}, {5, 6}, {2, 3}], [{8, 1}, {5, 7}, {2, 6}, {3, 4}], [{8, 1}, {5, 7}, {2, 6}, {4}, {3}], [{8, 1}, {5, 7}, {3, 6}, {2, 4}], [{8, 1}, {5, 7}, {4, 6}, {2, 3}], [{8, 1}, {6, 7}, {2, 5}, {3, 4}], [{8, 1}, {6, 7}, {3, 5}, {2, 4}], [{8, 1}, {6, 7}, {4, 5}, {2, 3}], [{8, 1}, {7}, {2, 6}, {5}, {3, 4}], [{8, 2}, {1, 7}, {3, 6}, {4, 5}], [{8, 2}, {1, 7}, {4, 6}, {3, 5}], [{8, 2}, {1, 7}, {5, 6}, {3, 4}], [{8, 2}, {3, 7}, {1, 6}, {4, 5}], [{8, 2}, {3, 7}, {4, 6}, {1, 5}], [{8, 2}, {3, 7}, {5, 6}, {1, 4}], [{8, 2}, {4, 7}, {1, 6}, {3, 5}], [{8, 2}, {4, 7}, {3, 6}, {1, 5}], [{8, 2}, {4, 7}, {5, 6}, {1, 3}], [{8, 2}, {5, 7}, {1, 6}, {3, 4}], [{8, 2}, {5, 7}, {3, 6}, {1, 4}], [{8, 2}, {5, 7}, {3, 6}, {4}, {1}], [{8, 2}, {5, 7}, {4, 6}, {1, 3}], [{8, 2}, {6, 7}, {1, 5}, {3, 4}], [{8, 2}, {6, 7}, {3, 5}, {1, 4}], [{8, 2}, {6, 7}, {4, 5}, {1, 3}], [{8, 2}, {7}, {6}, {3, 5}, {1, 4}], [{8, 3}, {1, 7}, {2, 6}, {4, 5}], [{8, 3}, {1, 7}, {4, 6}, {2, 5}], [{8, 3}, {1, 7}, {5, 6}, {2, 4}], [{8, 3}, {2, 7}, {1, 6}, {4, 5}], [{8, 3}, {2, 7}, {4, 6}, {1, 5}], [{8, 3}, {2, 7}, {5, 6}, {1, 4}], [{8, 3}, {4, 7}, {1, 6}, {2, 5}], [{8, 3}, {4, 7}, {1, 6}, {5}, {2}], [{8, 3}, {4, 7}, {2, 6}, {1, 5}], [{8, 3}, {4, 7}, {5, 6}, {1, 2}], [{8, 3}, {5, 7}, {1, 6}, {2, 4}], [{8, 3}, {5, 7}, {1, 6}, {4}, {2}], [{8, 3}, {5, 7}, {2, 6}, {1, 4}], [{8, 3}, {5, 7}, {4, 6}, {1, 2}], [{8, 3}, {5, 7}, {6}, {2, 4}, {1}], [{8, 3}, {6, 7}, {1, 5}, {2, 4}], [{8, 3}, {6, 7}, {2, 5}, {1, 4}], [{8, 3}, {6, 7}, {4, 5}, {1, 2}], [{8, 3}, {6, 7}, {5}, {2, 4}, {1}], [{8, 3}, {7}, {1, 6}, {4, 5}, {2}], [{8, 3}, {7}, {2, 6}, {5}, {1, 4}], [{8, 3}, {7}, {4, 6}, {2, 5}, {1}], [{8, 3}, {7}, {5, 6}, {2, 4}, {1}], [{8, 4}, {1, 7}, {2, 6}, {3, 5}], [{8, 4}, {1, 7}, {3, 6}, {2, 5}], [{8, 4}, {1, 7}, {5, 6}, {2, 3}], [{8, 4}, {2, 7}, {1, 6}, {3, 5}], [{8, 4}, {2, 7}, {3, 6}, {1, 5}], [{8, 4}, {2, 7}, {5, 6}, {1, 3}], [{8, 4}, {3, 7}, {1, 6}, {2, 5}], [{8, 4}, {3, 7}, {2, 6}, {1, 5}], [{8, 4}, {3, 7}, {5, 6}, {1, 2}], [{8, 4}, {5, 7}, {1, 6}, {2, 3}], [{8, 4}, {5, 7}, {2, 6}, {1, 3}], [{8, 4}, {5, 7}, {3, 6}, {1, 2}], [{8, 4}, {6, 7}, {1, 5}, {2, 3}], [{8, 4}, {6, 7}, {2, 5}, {1, 3}], [{8, 4}, {6, 7}, {3, 5}, {1, 2}], [{8, 5}, {1, 7}, {2, 6}, {3, 4}], [{8, 5}, {1, 7}, {2, 6}, {4}, {3}], [{8, 5}, {1, 7}, {3, 6}, {2, 4}], [{8, 5}, {1, 7}, {4, 6}, {2, 3}], [{8, 5}, {2, 7}, {1, 6}, {3, 4}], [{8, 5}, {2, 7}, {3, 6}, {1, 4}], [{8, 5}, {2, 7}, {3, 6}, {4}, {1}], [{8, 5}, {2, 7}, {4, 6}, {1, 3}], [{8, 5}, {3, 7}, {1, 6}, {2, 4}], [{8, 5}, {3, 7}, {2, 6}, {1, 4}], [{8, 5}, {3, 7}, {2, 6}, {4}, {1}], [{8, 5}, {3, 7}, {4, 6}, {1, 2}], [{8, 5}, {4, 7}, {1, 6}, {2, 3}], [{8, 5}, {4, 7}, {2, 6}, {1, 3}], [{8, 5}, {4, 7}, {2, 6}, {3}, {1}], [{8, 5}, {4, 7}, {3, 6}, {1, 2}], [{8, 5}, {6, 7}, {1, 4}, {2, 3}], [{8, 5}, {6, 7}, {2, 4}, {1, 3}], [{8, 5}, {6, 7}, {3, 4}, {1, 2}], [{8, 5}, {6, 7}, {4}, {2, 3}, {1}], [{8, 5}, {7}, {1, 6}, {2, 4}, {3}], [{8, 5}, {7}, {2, 6}, {1, 4}, {3}], [{8, 5}, {7}, {2, 6}, {3, 4}, {1}], [{8, 5}, {7}, {2, 6}, {4}, {1, 3}], [{8, 5}, {7}, {2, 6}, {4}, {3}, {1}], [{8, 5}, {7}, {4, 6}, {3}, {1, 2}], [{8, 6}, {1, 7}, {2, 5}, {3, 4}], [{8, 6}, {1, 7}, {3, 5}, {2, 4}], [{8, 6}, {1, 7}, {4, 5}, {2, 3}], [{8, 6}, {2, 7}, {1, 5}, {3, 4}], [{8, 6}, {2, 7}, {3, 5}, {1, 4}], [{8, 6}, {2, 7}, {3, 5}, {4}, {1}], [{8, 6}, {2, 7}, {4, 5}, {1, 3}], [{8, 6}, {3, 7}, {1, 5}, {2, 4}], [{8, 6}, {3, 7}, {2, 5}, {1, 4}], [{8, 6}, {3, 7}, {4, 5}, {1, 2}], [{8, 6}, {3, 7}, {5}, {1, 4}, {2}], [{8, 6}, {4, 7}, {1, 5}, {2, 3}], [{8, 6}, {4, 7}, {2, 5}, {1, 3}], [{8, 6}, {4, 7}, {3, 5}, {1, 2}], [{8, 6}, {5, 7}, {1, 4}, {2, 3}], [{8, 6}, {5, 7}, {1, 4}, {3}, {2}], [{8, 6}, {5, 7}, {2, 4}, {1, 3}], [{8, 6}, {5, 7}, {3, 4}, {1, 2}], [{8, 6}, {7}, {3, 5}, {1, 4}, {2}], [{8, 7}, {1, 6}, {2, 5}, {3, 4}], [{8, 7}, {1, 6}, {3, 5}, {2, 4}], [{8, 7}, {1, 6}, {3, 5}, {4}, {2}], [{8, 7}, {1, 6}, {4, 5}, {2, 3}], [{8, 7}, {2, 6}, {1, 5}, {3, 4}], [{8, 7}, {2, 6}, {1, 5}, {4}, {3}], [{8, 7}, {2, 6}, {3, 5}, {1, 4}], [{8, 7}, {2, 6}, {4, 5}, {1, 3}], [{8, 7}, {2, 6}, {5}, {3, 4}, {1}], [{8, 7}, {3, 6}, {1, 5}, {2, 4}], [{8, 7}, {3, 6}, {2, 5}, {1, 4}], [{8, 7}, {3, 6}, {4, 5}, {1, 2}], [{8, 7}, {4, 6}, {1, 5}, {2, 3}], [{8, 7}, {4, 6}, {2, 5}, {1, 3}], [{8, 7}, {4, 6}, {3, 5}, {1, 2}], [{8, 7}, {5, 6}, {1, 4}, {2, 3}], [{8, 7}, {5, 6}, {2, 4}, {1, 3}], [{8, 7}, {5, 6}, {3, 4}, {1, 2}], [{8, 7}, {6}, {3, 5}, {2, 4}, {1}], [{8}, {1, 7}, {2, 6}, {5}, {3, 4}], [{8}, {2, 7}, {4, 6}, {1, 5}, {3}], [{8}, {2, 7}, {5, 6}, {1, 4}, {3}], [{8}, {3, 7}, {1, 6}, {5}, {2, 4}], [{8}, {4, 7}, {6}, {3, 5}, {1, 2}], [{8}, {5, 7}, {2, 6}, {3, 4}, {1}], [{8}, {7}, {2, 6}, {1, 5}, {3, 4}], [{8}, {7}, {2, 6}, {3, 5}, {1, 4}], [{8}, {7}, {3, 6}, {1, 5}, {2, 4}], [{8}, {7}, {3, 6}, {2, 5}, {1, 4}]]",2,8 K_1^2 K_2 - 8 K_1^2 - 8 K_1 K_2 - 6 K_1 K_3 + 4 K_1 - 2 K_2^2 + 3 K_2 + 4 K_3 + 2 K_4 + 4,O1O2O3O4U1U5O6U3O7O8U6U8U7U4O5U2,O1O2O3O4U3U2O5U4O6O7U1U5U8U7O8U6,O1O2O3O4U5O6U7U6U8U4O7O5U1O8U3U2,c,{'O1O2O3O4U3O5U1U6U7U8O7O6U2O8U5U4'},1,"<a href=""/flatknot/8.733506"">8.733506</a>",t^9-105t^7-386t^6+551t^5+2366t^4+376t^3-842t^2-52t+32,-t^2+2t,,
8.733507,O1O2O3O4U3O5U1U6U7U8O7O6U4O8U5U2,4,2z^3+35z^2+114z+105,2w^4z^3+35w^3z^2+114w^2z+105w,False,False,"[[ 0 -3  1 -1  2  2 -1 -1  1],[ 3  0  3  0  2  2  3  3  2],[-1 -3  0 -1  1  1 -2 -2  0],[ 1  0  1  0  1  1  1  1  0],[-2 -2 -1 -1  0  0 -2 -2  0],[-2 -2 -1 -1  0  0 -3 -3  0],[ 1 -3  2 -1  2  3  0  0  0],[ 1 -3  2 -1  2  3  0  0  1],[-1 -2  0  0  0  0  0 -1  0]]","[[ 0  2  2  1  1 -1 -1 -1 -3],[-2  0  0  0 -1 -1 -2 -2 -2],[-2  0  0  0 -1 -1 -3 -3 -2],[-1  0  0  0  0  0  0 -1 -2],[-1  1  1  0  0 -1 -2 -2 -3],[ 1  1  1  0  1  0  1  1  0],[ 1  2  3  0  2 -1  0  0 -3],[ 1  2  3  1  2 -1  0  0 -3],[ 3  2  2  2  3  0  3  3  0]]",True,"[-2,-2,-1,-1,1,1,1,3,0,0,1,1,2,2,2,0,1,1,3,3,2,0,0,0,1,2,1,2,2,3,-1,-1,0,0,3,3]","[-3,-1,-1,-1,1,1,2,2,-1,-1,2,1,2,3,3,0,1,0,1,0,1,1,0,2,0,1,1,2,2,2,0,0,0,1,1,0]",t^8+81t^6+179t^4+38t^2+1,"[-3,-1,-1,-1,1,1,2,2,-1,-1,2,1,2,3,3,0,1,0,1,0,1,1,0,2,0,1,1,2,2,2,0,0,0,1,1,0]","[-2,-2,-1,-1,1,1,1,3,0,0,1,0,0,2,3,0,1,1,1,2,3,0,0,0,1,1,1,2,2,2,0,-1,-1,-1,-1,2]","[-3,-1,-1,-1,1,1,2,2,0,3,3,2,3,2,2,1,1,0,1,1,1,0,0,2,2,3,1,2,2,3,0,0,0,1,1,0]",c,"[[{8, 1}, {2, 7}, {3, 6}, {4, 5}], [{8, 1}, {2, 7}, {3, 6}, {5}, {4}], [{8, 1}, {2, 7}, {4, 6}, {3, 5}], [{8, 1}, {2, 7}, {4, 6}, {5}, {3}], [{8, 1}, {2, 7}, {5, 6}, {3, 4}], [{8, 1}, {2, 7}, {5, 6}, {4}, {3}], [{8, 1}, {2, 7}, {6}, {3, 5}, {4}], [{8, 1}, {2, 7}, {6}, {4, 5}, {3}], [{8, 1}, {2, 7}, {6}, {5}, {3, 4}], [{8, 1}, {2, 7}, {6}, {5}, {4}, {3}], [{8, 1}, {3, 7}, {2, 6}, {4, 5}], [{8, 1}, {3, 7}, {4, 6}, {2, 5}], [{8, 1}, {3, 7}, {5, 6}, {2, 4}], [{8, 1}, {3, 7}, {6}, {4, 5}, {2}], [{8, 1}, {4, 7}, {2, 6}, {3, 5}], [{8, 1}, {4, 7}, {2, 6}, {5}, {3}], [{8, 1}, {4, 7}, {3, 6}, {2, 5}], [{8, 1}, {4, 7}, {5, 6}, {2, 3}], [{8, 1}, {5, 7}, {2, 6}, {3, 4}], [{8, 1}, {5, 7}, {3, 6}, {2, 4}], [{8, 1}, {5, 7}, {4, 6}, {2, 3}], [{8, 1}, {6, 7}, {2, 5}, {3, 4}], [{8, 1}, {6, 7}, {3, 5}, {2, 4}], [{8, 1}, {6, 7}, {4, 5}, {2, 3}], [{8, 1}, {6, 7}, {5}, {2, 4}, {3}], [{8, 1}, {7}, {6}, {4, 5}, {2, 3}], [{8, 2}, {1, 7}, {3, 6}, {4, 5}], [{8, 2}, {1, 7}, {4, 6}, {3, 5}], [{8, 2}, {1, 7}, {4, 6}, {5}, {3}], [{8, 2}, {1, 7}, {5, 6}, {3, 4}], [{8, 2}, {3, 7}, {1, 6}, {4, 5}], [{8, 2}, {3, 7}, {4, 6}, {1, 5}], [{8, 2}, {3, 7}, {5, 6}, {1, 4}], [{8, 2}, {4, 7}, {1, 6}, {3, 5}], [{8, 2}, {4, 7}, {3, 6}, {1, 5}], [{8, 2}, {4, 7}, {5, 6}, {1, 3}], [{8, 2}, {5, 7}, {1, 6}, {3, 4}], [{8, 2}, {5, 7}, {3, 6}, {1, 4}], [{8, 2}, {5, 7}, {4, 6}, {1, 3}], [{8, 2}, {6, 7}, {1, 5}, {3, 4}], [{8, 2}, {6, 7}, {3, 5}, {1, 4}], [{8, 2}, {6, 7}, {4, 5}, {1, 3}], [{8, 2}, {7}, {1, 6}, {3, 5}, {4}], [{8, 2}, {7}, {4, 6}, {3, 5}, {1}], [{8, 2}, {7}, {6}, {1, 5}, {3, 4}], [{8, 2}, {7}, {6}, {3, 5}, {1, 4}], [{8, 3}, {1, 7}, {2, 6}, {4, 5}], [{8, 3}, {1, 7}, {4, 6}, {2, 5}], [{8, 3}, {1, 7}, {5, 6}, {2, 4}], [{8, 3}, {2, 7}, {1, 6}, {4, 5}], [{8, 3}, {2, 7}, {1, 6}, {5}, {4}], [{8, 3}, {2, 7}, {4, 6}, {1, 5}], [{8, 3}, {2, 7}, {5, 6}, {1, 4}], [{8, 3}, {4, 7}, {1, 6}, {2, 5}], [{8, 3}, {4, 7}, {2, 6}, {1, 5}], [{8, 3}, {4, 7}, {5, 6}, {1, 2}], [{8, 3}, {4, 7}, {5, 6}, {2}, {1}], [{8, 3}, {5, 7}, {1, 6}, {2, 4}], [{8, 3}, {5, 7}, {2, 6}, {1, 4}], [{8, 3}, {5, 7}, {4, 6}, {1, 2}], [{8, 3}, {5, 7}, {6}, {1, 4}, {2}], [{8, 3}, {6, 7}, {1, 5}, {2, 4}], [{8, 3}, {6, 7}, {2, 5}, {1, 4}], [{8, 3}, {6, 7}, {4, 5}, {1, 2}], [{8, 3}, {6, 7}, {5}, {4}, {1, 2}], [{8, 3}, {7}, {1, 6}, {4, 5}, {2}], [{8, 3}, {7}, {2, 6}, {4, 5}, {1}], [{8, 3}, {7}, {4, 6}, {2, 5}, {1}], [{8, 3}, {7}, {6}, {1, 5}, {2, 4}], [{8, 3}, {7}, {6}, {4, 5}, {1, 2}], [{8, 4}, {1, 7}, {2, 6}, {3, 5}], [{8, 4}, {1, 7}, {3, 6}, {2, 5}], [{8, 4}, {1, 7}, {5, 6}, {2, 3}], [{8, 4}, {2, 7}, {1, 6}, {3, 5}], [{8, 4}, {2, 7}, {3, 6}, {1, 5}], [{8, 4}, {2, 7}, {5, 6}, {1, 3}], [{8, 4}, {2, 7}, {6}, {1, 5}, {3}], [{8, 4}, {3, 7}, {1, 6}, {2, 5}], [{8, 4}, {3, 7}, {2, 6}, {1, 5}], [{8, 4}, {3, 7}, {5, 6}, {1, 2}], [{8, 4}, {3, 7}, {6}, {1, 5}, {2}], [{8, 4}, {5, 7}, {1, 6}, {2, 3}], [{8, 4}, {5, 7}, {2, 6}, {1, 3}], [{8, 4}, {5, 7}, {3, 6}, {1, 2}], [{8, 4}, {6, 7}, {1, 5}, {2, 3}], [{8, 4}, {6, 7}, {1, 5}, {3}, {2}], [{8, 4}, {6, 7}, {2, 5}, {1, 3}], [{8, 4}, {6, 7}, {3, 5}, {1, 2}], [{8, 4}, {7}, {2, 6}, {1, 5}, {3}], [{8, 4}, {7}, {3, 6}, {1, 5}, {2}], [{8, 4}, {7}, {3, 6}, {2, 5}, {1}], [{8, 4}, {7}, {3, 6}, {5}, {1, 2}], [{8, 4}, {7}, {6}, {1, 5}, {2, 3}], [{8, 4}, {7}, {6}, {1, 5}, {3}, {2}], [{8, 5}, {1, 7}, {2, 6}, {3, 4}], [{8, 5}, {1, 7}, {3, 6}, {2, 4}], [{8, 5}, {1, 7}, {4, 6}, {2, 3}], [{8, 5}, {2, 7}, {1, 6}, {3, 4}], [{8, 5}, {2, 7}, {3, 6}, {1, 4}], [{8, 5}, {2, 7}, {4, 6}, {1, 3}], [{8, 5}, {2, 7}, {6}, {1, 4}, {3}], [{8, 5}, {3, 7}, {1, 6}, {2, 4}], [{8, 5}, {3, 7}, {1, 6}, {4}, {2}], [{8, 5}, {3, 7}, {2, 6}, {1, 4}], [{8, 5}, {3, 7}, {2, 6}, {4}, {1}], [{8, 5}, {3, 7}, {4, 6}, {1, 2}], [{8, 5}, {3, 7}, {4, 6}, {2}, {1}], [{8, 5}, {3, 7}, {6}, {1, 4}, {2}], [{8, 5}, {3, 7}, {6}, {2, 4}, {1}], [{8, 5}, {3, 7}, {6}, {4}, {1, 2}], [{8, 5}, {3, 7}, {6}, {4}, {2}, {1}], [{8, 5}, {4, 7}, {1, 6}, {2, 3}], [{8, 5}, {4, 7}, {2, 6}, {1, 3}], [{8, 5}, {4, 7}, {3, 6}, {1, 2}], [{8, 5}, {6, 7}, {1, 4}, {2, 3}], [{8, 5}, {6, 7}, {2, 4}, {1, 3}], [{8, 5}, {6, 7}, {3, 4}, {1, 2}], [{8, 5}, {7}, {1, 6}, {2, 4}, {3}], [{8, 5}, {7}, {4, 6}, {3}, {1, 2}], [{8, 5}, {7}, {6}, {1, 4}, {2, 3}], [{8, 6}, {1, 7}, {2, 5}, {3, 4}], [{8, 6}, {1, 7}, {3, 5}, {2, 4}], [{8, 6}, {1, 7}, {4, 5}, {2, 3}], [{8, 6}, {2, 7}, {1, 5}, {3, 4}], [{8, 6}, {2, 7}, {3, 5}, {1, 4}], [{8, 6}, {2, 7}, {4, 5}, {1, 3}], [{8, 6}, {2, 7}, {5}, {4}, {1, 3}], [{8, 6}, {3, 7}, {1, 5}, {2, 4}], [{8, 6}, {3, 7}, {2, 5}, {1, 4}], [{8, 6}, {3, 7}, {4, 5}, {1, 2}], [{8, 6}, {4, 7}, {1, 5}, {2, 3}], [{8, 6}, {4, 7}, {2, 5}, {1, 3}], [{8, 6}, {4, 7}, {3, 5}, {1, 2}], [{8, 6}, {4, 7}, {5}, {1, 3}, {2}], [{8, 6}, {5, 7}, {1, 4}, {2, 3}], [{8, 6}, {5, 7}, {1, 4}, {3}, {2}], [{8, 6}, {5, 7}, {2, 4}, {1, 3}], [{8, 6}, {5, 7}, {3, 4}, {1, 2}], [{8, 6}, {5, 7}, {3, 4}, {2}, {1}], [{8, 6}, {5, 7}, {4}, {1, 3}, {2}], [{8, 6}, {7}, {1, 5}, {4}, {2, 3}], [{8, 6}, {7}, {2, 5}, {4}, {1, 3}], [{8, 6}, {7}, {3, 5}, {4}, {1, 2}], [{8, 6}, {7}, {4, 5}, {1, 3}, {2}], [{8, 6}, {7}, {5}, {2, 4}, {1, 3}], [{8, 7}, {1, 6}, {2, 5}, {3, 4}], [{8, 7}, {1, 6}, {3, 5}, {2, 4}], [{8, 7}, {1, 6}, {4, 5}, {2, 3}], [{8, 7}, {2, 6}, {1, 5}, {3, 4}], [{8, 7}, {2, 6}, {3, 5}, {1, 4}], [{8, 7}, {2, 6}, {4, 5}, {1, 3}], [{8, 7}, {2, 6}, {5}, {4}, {1, 3}], [{8, 7}, {3, 6}, {1, 5}, {2, 4}], [{8, 7}, {3, 6}, {2, 5}, {1, 4}], [{8, 7}, {3, 6}, {4, 5}, {1, 2}], [{8, 7}, {3, 6}, {5}, {2, 4}, {1}], [{8, 7}, {4, 6}, {1, 5}, {2, 3}], [{8, 7}, {4, 6}, {2, 5}, {1, 3}], [{8, 7}, {4, 6}, {3, 5}, {1, 2}], [{8, 7}, {4, 6}, {3, 5}, {2}, {1}], [{8, 7}, {4, 6}, {5}, {3}, {1, 2}], [{8, 7}, {5, 6}, {1, 4}, {2, 3}], [{8, 7}, {5, 6}, {1, 4}, {3}, {2}], [{8, 7}, {5, 6}, {2, 4}, {1, 3}], [{8, 7}, {5, 6}, {3, 4}, {1, 2}], [{8, 7}, {6}, {1, 5}, {4}, {2, 3}], [{8}, {1, 7}, {5, 6}, {3, 4}, {2}], [{8}, {2, 7}, {4, 6}, {3, 5}, {1}], [{8}, {2, 7}, {5, 6}, {3, 4}, {1}], [{8}, {4, 7}, {1, 6}, {3, 5}, {2}], [{8}, {4, 7}, {2, 6}, {3, 5}, {1}], [{8}, {4, 7}, {6}, {1, 5}, {2, 3}], [{8}, {4, 7}, {6}, {3, 5}, {1, 2}], [{8}, {5, 7}, {3, 6}, {1, 4}, {2}], [{8}, {5, 7}, {4, 6}, {3}, {1, 2}], [{8}, {6, 7}, {1, 5}, {4}, {2, 3}], [{8}, {7}, {4, 6}, {1, 5}, {2, 3}], [{8}, {7}, {5, 6}, {3, 4}, {1, 2}], [{8}, {7}, {6}, {1, 5}, {4}, {2, 3}]]",2,4 K_1^2 K_2 - 4 K_1^2 - 2 K_1 K_2 - 4 K_1 K_3 + K_1 + 2 K_2 + K_3 + K_4 + 2,O1O2O3O4U3U5O6U1O7O8U6U8U7U4O5U2,O1O2O3O4U3U2O5U4O6O7U1U7U8U5O8U6,O1O2O3O4U5O6U7U6U8U4O8O5U1O7U3U2,c,{'O1O2O3O4U3O5U1U6U7U8O7O6U4O8U5U2'},1,"<a href=""/flatknot/8.733507"">8.733507</a>",t^9-83t^7-332t^6-133t^5+392t^4+439t^3+104t^2-15t,t^3-2t^2+t,,
8.733508,O1O2O3O4U3O5U1U6U7U8O7O6U5O8U2U4,4,23z^2+100z+109,-4w^4z^2+27w^3z^2-4w^3z+104w^2z+109w,False,False,"[[ 0 -3  0 -1  3  2 -1 -1  1],[ 3  0  2  0  4  1  3  3  2],[ 0 -2  0  0  2  1 -1 -1  1],[ 1  0  0  0  1  0  1  1  1],[-3 -4 -2 -1  0  1 -4 -4 -2],[-2 -1 -1  0 -1  0 -2 -2  0],[ 1 -3  1 -1  4  2  0  0  0],[ 1 -3  1 -1  4  2  0  0  1],[-1 -2 -1 -1  2  0  0 -1  0]]","[[ 0  3  2  1  0 -1 -1 -1 -3],[-3  0  1 -2 -2 -1 -4 -4 -4],[-2 -1  0  0 -1  0 -2 -2 -1],[-1  2  0  0 -1 -1  0 -1 -2],[ 0  2  1  1  0  0 -1 -1 -2],[ 1  1  0  1  0  0  1  1  0],[ 1  4  2  0  1 -1  0  0 -3],[ 1  4  2  1  1 -1  0  0 -3],[ 3  4  1  2  2  0  3  3  0]]",True,"[-3,-2,-1,0,1,1,1,3,-1,2,2,1,4,4,4,0,1,0,2,2,1,1,1,0,1,2,0,1,1,2,-1,-1,0,0,3,3]","[-3,-2,-1,0,1,1,1,3,-1,2,2,1,4,4,4,0,1,0,2,2,1,1,1,0,1,2,0,1,1,2,-1,-1,0,0,3,3]",t^8+101t^6+325t^4+56t^2,"[-3,-1,-1,-1,0,1,2,3,-1,-1,2,1,2,4,2,0,1,0,1,1,0,1,0,2,1,0,1,1,3,3,0,1,1,1,0,2]","[-3,-2,-1,0,1,1,1,3,2,0,1,0,0,3,2,1,1,1,1,3,4,0,1,2,1,2,0,0,1,1,0,-1,-1,-1,-1,2]","[-3,-1,-1,-1,0,1,2,3,0,3,3,2,2,1,4,1,1,0,1,0,1,0,1,0,2,4,1,1,2,4,1,1,2,0,2,-1]",c,"[[{8, 1}, {2, 7}, {3, 6}, {4, 5}], [{8, 1}, {2, 7}, {4, 6}, {3, 5}], [{8, 1}, {2, 7}, {5, 6}, {3, 4}], [{8, 1}, {2, 7}, {5, 6}, {4}, {3}], [{8, 1}, {3, 7}, {2, 6}, {4, 5}], [{8, 1}, {3, 7}, {4, 6}, {2, 5}], [{8, 1}, {3, 7}, {4, 6}, {5}, {2}], [{8, 1}, {3, 7}, {5, 6}, {2, 4}], [{8, 1}, {4, 7}, {2, 6}, {3, 5}], [{8, 1}, {4, 7}, {3, 6}, {2, 5}], [{8, 1}, {4, 7}, {3, 6}, {5}, {2}], [{8, 1}, {4, 7}, {5, 6}, {2, 3}], [{8, 1}, {4, 7}, {5, 6}, {3}, {2}], [{8, 1}, {4, 7}, {6}, {3, 5}, {2}], [{8, 1}, {5, 7}, {2, 6}, {3, 4}], [{8, 1}, {5, 7}, {3, 6}, {2, 4}], [{8, 1}, {5, 7}, {4, 6}, {2, 3}], [{8, 1}, {6, 7}, {2, 5}, {3, 4}], [{8, 1}, {6, 7}, {3, 5}, {2, 4}], [{8, 1}, {6, 7}, {4, 5}, {2, 3}], [{8, 1}, {7}, {2, 6}, {3, 5}, {4}], [{8, 1}, {7}, {5, 6}, {2, 4}, {3}], [{8, 2}, {1, 7}, {3, 6}, {4, 5}], [{8, 2}, {1, 7}, {4, 6}, {3, 5}], [{8, 2}, {1, 7}, {5, 6}, {3, 4}], [{8, 2}, {1, 7}, {6}, {3, 5}, {4}], [{8, 2}, {3, 7}, {1, 6}, {4, 5}], [{8, 2}, {3, 7}, {4, 6}, {1, 5}], [{8, 2}, {3, 7}, {5, 6}, {1, 4}], [{8, 2}, {3, 7}, {6}, {5}, {1, 4}], [{8, 2}, {4, 7}, {1, 6}, {3, 5}], [{8, 2}, {4, 7}, {3, 6}, {1, 5}], [{8, 2}, {4, 7}, {5, 6}, {1, 3}], [{8, 2}, {4, 7}, {6}, {3, 5}, {1}], [{8, 2}, {5, 7}, {1, 6}, {3, 4}], [{8, 2}, {5, 7}, {3, 6}, {1, 4}], [{8, 2}, {5, 7}, {4, 6}, {1, 3}], [{8, 2}, {5, 7}, {6}, {1, 4}, {3}], [{8, 2}, {5, 7}, {6}, {3, 4}, {1}], [{8, 2}, {5, 7}, {6}, {4}, {1, 3}], [{8, 2}, {6, 7}, {1, 5}, {3, 4}], [{8, 2}, {6, 7}, {3, 5}, {1, 4}], [{8, 2}, {6, 7}, {4, 5}, {1, 3}], [{8, 2}, {6, 7}, {5}, {1, 4}, {3}], [{8, 2}, {7}, {1, 6}, {4, 5}, {3}], [{8, 2}, {7}, {3, 6}, {5}, {1, 4}], [{8, 2}, {7}, {4, 6}, {1, 5}, {3}], [{8, 2}, {7}, {5, 6}, {1, 4}, {3}], [{8, 2}, {7}, {6}, {3, 5}, {1, 4}], [{8, 2}, {7}, {6}, {5}, {1, 4}, {3}], [{8, 3}, {1, 7}, {2, 6}, {4, 5}], [{8, 3}, {1, 7}, {4, 6}, {2, 5}], [{8, 3}, {1, 7}, {5, 6}, {2, 4}], [{8, 3}, {2, 7}, {1, 6}, {4, 5}], [{8, 3}, {2, 7}, {4, 6}, {1, 5}], [{8, 3}, {2, 7}, {5, 6}, {1, 4}], [{8, 3}, {4, 7}, {1, 6}, {2, 5}], [{8, 3}, {4, 7}, {2, 6}, {1, 5}], [{8, 3}, {4, 7}, {5, 6}, {1, 2}], [{8, 3}, {5, 7}, {1, 6}, {2, 4}], [{8, 3}, {5, 7}, {2, 6}, {1, 4}], [{8, 3}, {5, 7}, {4, 6}, {1, 2}], [{8, 3}, {6, 7}, {1, 5}, {2, 4}], [{8, 3}, {6, 7}, {2, 5}, {1, 4}], [{8, 3}, {6, 7}, {2, 5}, {4}, {1}], [{8, 3}, {6, 7}, {4, 5}, {1, 2}], [{8, 3}, {7}, {1, 6}, {5}, {2, 4}], [{8, 3}, {7}, {6}, {2, 5}, {1, 4}], [{8, 3}, {7}, {6}, {4, 5}, {1, 2}], [{8, 4}, {1, 7}, {2, 6}, {3, 5}], [{8, 4}, {1, 7}, {3, 6}, {2, 5}], [{8, 4}, {1, 7}, {3, 6}, {5}, {2}], [{8, 4}, {1, 7}, {5, 6}, {2, 3}], [{8, 4}, {1, 7}, {5, 6}, {3}, {2}], [{8, 4}, {1, 7}, {6}, {3, 5}, {2}], [{8, 4}, {2, 7}, {1, 6}, {3, 5}], [{8, 4}, {2, 7}, {3, 6}, {1, 5}], [{8, 4}, {2, 7}, {5, 6}, {1, 3}], [{8, 4}, {2, 7}, {5, 6}, {3}, {1}], [{8, 4}, {3, 7}, {1, 6}, {2, 5}], [{8, 4}, {3, 7}, {2, 6}, {1, 5}], [{8, 4}, {3, 7}, {5, 6}, {1, 2}], [{8, 4}, {5, 7}, {1, 6}, {2, 3}], [{8, 4}, {5, 7}, {2, 6}, {1, 3}], [{8, 4}, {5, 7}, {3, 6}, {1, 2}], [{8, 4}, {5, 7}, {6}, {3}, {1, 2}], [{8, 4}, {6, 7}, {1, 5}, {2, 3}], [{8, 4}, {6, 7}, {2, 5}, {1, 3}], [{8, 4}, {6, 7}, {3, 5}, {1, 2}], [{8, 4}, {6, 7}, {5}, {3}, {1, 2}], [{8, 4}, {7}, {2, 6}, {3, 5}, {1}], [{8, 4}, {7}, {5, 6}, {3}, {1, 2}], [{8, 4}, {7}, {6}, {1, 5}, {2, 3}], [{8, 5}, {1, 7}, {2, 6}, {3, 4}], [{8, 5}, {1, 7}, {3, 6}, {2, 4}], [{8, 5}, {1, 7}, {4, 6}, {2, 3}], [{8, 5}, {2, 7}, {1, 6}, {3, 4}], [{8, 5}, {2, 7}, {3, 6}, {1, 4}], [{8, 5}, {2, 7}, {4, 6}, {1, 3}], [{8, 5}, {3, 7}, {1, 6}, {2, 4}], [{8, 5}, {3, 7}, {2, 6}, {1, 4}], [{8, 5}, {3, 7}, {4, 6}, {1, 2}], [{8, 5}, {4, 7}, {1, 6}, {2, 3}], [{8, 5}, {4, 7}, {2, 6}, {1, 3}], [{8, 5}, {4, 7}, {3, 6}, {1, 2}], [{8, 5}, {6, 7}, {1, 4}, {2, 3}], [{8, 5}, {6, 7}, {2, 4}, {1, 3}], [{8, 5}, {6, 7}, {3, 4}, {1, 2}], [{8, 5}, {7}, {6}, {1, 4}, {2, 3}], [{8, 6}, {1, 7}, {2, 5}, {3, 4}], [{8, 6}, {1, 7}, {3, 5}, {2, 4}], [{8, 6}, {1, 7}, {3, 5}, {4}, {2}], [{8, 6}, {1, 7}, {4, 5}, {2, 3}], [{8, 6}, {1, 7}, {4, 5}, {3}, {2}], [{8, 6}, {1, 7}, {5}, {3, 4}, {2}], [{8, 6}, {2, 7}, {1, 5}, {3, 4}], [{8, 6}, {2, 7}, {3, 5}, {1, 4}], [{8, 6}, {2, 7}, {4, 5}, {1, 3}], [{8, 6}, {3, 7}, {1, 5}, {2, 4}], [{8, 6}, {3, 7}, {1, 5}, {4}, {2}], [{8, 6}, {3, 7}, {2, 5}, {1, 4}], [{8, 6}, {3, 7}, {4, 5}, {1, 2}], [{8, 6}, {3, 7}, {4, 5}, {2}, {1}], [{8, 6}, {3, 7}, {5}, {1, 4}, {2}], [{8, 6}, {4, 7}, {1, 5}, {2, 3}], [{8, 6}, {4, 7}, {1, 5}, {3}, {2}], [{8, 6}, {4, 7}, {2, 5}, {1, 3}], [{8, 6}, {4, 7}, {3, 5}, {1, 2}], [{8, 6}, {4, 7}, {3, 5}, {2}, {1}], [{8, 6}, {4, 7}, {5}, {1, 3}, {2}], [{8, 6}, {5, 7}, {1, 4}, {2, 3}], [{8, 6}, {5, 7}, {1, 4}, {3}, {2}], [{8, 6}, {5, 7}, {2, 4}, {1, 3}], [{8, 6}, {5, 7}, {3, 4}, {1, 2}], [{8, 6}, {5, 7}, {3, 4}, {2}, {1}], [{8, 6}, {5, 7}, {4}, {1, 3}, {2}], [{8, 6}, {7}, {1, 5}, {3, 4}, {2}], [{8, 6}, {7}, {3, 5}, {1, 4}, {2}], [{8, 6}, {7}, {4, 5}, {1, 3}, {2}], [{8, 7}, {1, 6}, {2, 5}, {3, 4}], [{8, 7}, {1, 6}, {3, 5}, {2, 4}], [{8, 7}, {1, 6}, {4, 5}, {2, 3}], [{8, 7}, {2, 6}, {1, 5}, {3, 4}], [{8, 7}, {2, 6}, {3, 5}, {1, 4}], [{8, 7}, {2, 6}, {3, 5}, {4}, {1}], [{8, 7}, {2, 6}, {4, 5}, {1, 3}], [{8, 7}, {3, 6}, {1, 5}, {2, 4}], [{8, 7}, {3, 6}, {2, 5}, {1, 4}], [{8, 7}, {3, 6}, {4, 5}, {1, 2}], [{8, 7}, {3, 6}, {5}, {1, 4}, {2}], [{8, 7}, {4, 6}, {1, 5}, {2, 3}], [{8, 7}, {4, 6}, {2, 5}, {1, 3}], [{8, 7}, {4, 6}, {3, 5}, {1, 2}], [{8, 7}, {4, 6}, {5}, {1, 3}, {2}], [{8, 7}, {5, 6}, {1, 4}, {2, 3}], [{8, 7}, {5, 6}, {1, 4}, {3}, {2}], [{8, 7}, {5, 6}, {2, 4}, {1, 3}], [{8, 7}, {5, 6}, {3, 4}, {1, 2}], [{8, 7}, {6}, {1, 5}, {3, 4}, {2}], [{8, 7}, {6}, {3, 5}, {1, 4}, {2}], [{8}, {1, 7}, {2, 6}, {3, 5}, {4}], [{8}, {1, 7}, {4, 6}, {3, 5}, {2}], [{8}, {1, 7}, {6}, {3, 5}, {2, 4}], [{8}, {1, 7}, {6}, {3, 5}, {4}, {2}], [{8}, {2, 7}, {3, 6}, {5}, {1, 4}], [{8}, {2, 7}, {5, 6}, {1, 4}, {3}], [{8}, {2, 7}, {6}, {3, 5}, {1, 4}], [{8}, {2, 7}, {6}, {4, 5}, {1, 3}], [{8}, {3, 7}, {2, 6}, {5}, {1, 4}], [{8}, {4, 7}, {1, 6}, {3, 5}, {2}], [{8}, {4, 7}, {2, 6}, {3, 5}, {1}], [{8}, {4, 7}, {6}, {3, 5}, {1, 2}], [{8}, {4, 7}, {6}, {3, 5}, {2}, {1}], [{8}, {5, 7}, {2, 6}, {1, 4}, {3}], [{8}, {5, 7}, {2, 6}, {3, 4}, {1}], [{8}, {5, 7}, {2, 6}, {4}, {1, 3}], [{8}, {6, 7}, {1, 5}, {3, 4}, {2}], [{8}, {6, 7}, {3, 5}, {1, 4}, {2}], [{8}, {7}, {2, 6}, {3, 5}, {1, 4}], [{8}, {7}, {6}, {3, 5}, {1, 4}, {2}]]",2,4 K_1^3 + 4 K_1^2 K_2 - 6 K_1^2 - 8 K_1 K_2 - 4 K_1 K_3 + K_1 - 4 K_2^2 + 3 K_2 + 3 K_3 + 3 K_4 + 5,O1O2O3O4U1U3O5U6O7O8U5U8U7U4O6U2,O1O2O3O4U3U2O5U4O6O7U1U6U8U7O8U5,O1O2O3O4U5O6U7U6U8U4O7O8U1O5U3U2,c,{'O1O2O3O4U3O5U1U6U7U8O7O6U5O8U2U4'},1,"<a href=""/flatknot/8.733508"">8.733508</a>",t^9-99t^7-476t^6-480t^5+322t^4+661t^3+130t^2-23t-70,-t^2+2t,,
8.733509,O1O2O3O4U3O5U1U6U7U8O7O6U5O8U4U2,3,14z^2+67z+79,14w^3z^2+67w^2z+79w,False,False,"[[ 0 -3  1 -1  2  2 -1 -1  1],[ 3  0  3  0  3  1  3  3  2],[-1 -3  0 -1  1  1 -2 -2  0],[ 1  0  1  0  1  0  1  1  1],[-2 -3 -1 -1  0  1 -3 -3 -1],[-2 -1 -1  0 -1  0 -2 -2  0],[ 1 -3  2 -1  3  2  0  0  0],[ 1 -3  2 -1  3  2  0  0  1],[-1 -2  0 -1  1  0  0 -1  0]]","[[ 0  2  2  1  1 -1 -1 -1 -3],[-2  0  1 -1 -1 -1 -3 -3 -3],[-2 -1  0  0 -1  0 -2 -2 -1],[-1  1  0  0  0 -1  0 -1 -2],[-1  1  1  0  0 -1 -2 -2 -3],[ 1  1  0  1  1  0  1  1  0],[ 1  3  2  0  2 -1  0  0 -3],[ 1  3  2  1  2 -1  0  0 -3],[ 3  3  1  2  3  0  3  3  0]]",True,"[-2,-2,-1,-1,1,1,1,3,-1,1,1,1,3,3,3,0,1,0,2,2,1,0,1,0,1,2,1,2,2,3,-1,-1,0,0,3,3]","[-3,-1,-1,-1,1,1,2,2,-1,-1,2,1,2,2,4,0,1,0,1,0,1,1,0,2,0,1,1,1,2,3,0,0,0,0,1,-1]",t^8+85t^6+150t^4+8t^2,"[-3,-1,-1,-1,1,1,2,2,-1,-1,2,1,2,2,4,0,1,0,1,0,1,1,0,2,0,1,1,1,2,3,0,0,0,0,1,-1]","[-2,-2,-1,-1,1,1,1,3,-1,0,1,1,1,3,4,0,0,0,0,2,2,0,0,0,1,1,1,2,1,2,0,-1,-1,-1,-1,2]","[-3,-1,-1,-1,1,1,2,2,0,3,3,2,3,1,3,1,1,1,1,0,1,0,0,2,2,3,1,2,2,3,0,0,1,1,1,-1]",c,"[[{8, 6}, {3, 7}, {4, 5}, {1, 2}]]",1,- 2 K_1^2 - 10 K_1 K_2 - 2 K_1 K_3 + 5 K_1 - 2 K_2^2 + 2 K_2 + 5 K_3 + 2 K_4 + 3,O1O2O3O4U3U1O5U6O7O8U5U8U7U4O6U2,O1O2O3O4U3U2O5U4O6O7U1U7U8U6O8U5,O1O2O3O4U5O6U7U6U8U4O8O7U1O5U3U2,c,"{'O1O2O3U2O4O5U1U6U7U8O7O6U5O8U3U4', 'O1O2O3O4U3O5U1U6U7U8O7O6U5O8U4U2'}",2,"<a href=""/flatknot/8.733509"">8.733509</a>",t^9-87t^7-376t^6-322t^5+92t^4+409t^3+540t^2+148t,t^3-2t^2+t,,
8.733510,O1O2O3O4U3O5U1U6U7U2O8O6U4O7U5U8,4,3z^3+25z^2+85z+95,3w^4z^3+25w^3z^2+85w^2z+95w,False,False,"[[ 0 -3  1 -1  2  2 -1  0  0],[ 3  0  1  0  3  3  2  1  2],[-1 -1  0  0  1  0 -1 -1  0],[ 1  0  0  0  1  1  1  0  1],[-2 -3 -1 -1  0  0 -2 -1  0],[-2 -3  0 -1  0  0 -3 -1 -1],[ 1 -2  1 -1  2  3  0  0  1],[ 0 -1  1  0  1  1  0  0  0],[ 0 -2  0 -1  0  1 -1  0  0]]","[[ 0  2  2  1  0  0 -1 -1 -3],[-2  0  0  0 -1 -1 -1 -3 -3],[-2  0  0 -1  0 -1 -1 -2 -3],[-1  0  1  0  0 -1  0 -1 -1],[ 0  1  0  0  0  0 -1 -1 -2],[ 0  1  1  1  0  0  0  0 -1],[ 1  1  1  0  1  0  0  1  0],[ 1  3  2  1  1  0 -1  0 -2],[ 3  3  3  1  2  1  0  2  0]]",True,"[-2,-2,-1,0,0,1,1,3,0,0,1,1,1,3,3,1,0,1,1,2,3,0,1,0,1,1,0,1,1,2,0,0,1,-1,0,2]","[-3,-1,-1,0,0,1,2,2,0,2,1,2,1,3,3,1,0,1,0,1,1,0,1,1,2,3,0,1,1,1,0,0,1,1,0,0]",t^8+52t^6+129t^4+28t^2,"[-3,-1,-1,0,0,1,2,2,0,2,1,2,3,2,2,1,0,1,1,0,1,0,1,2,2,2,0,1,1,2,0,1,1,1,0,0]","[-2,-2,-1,0,0,1,1,3,0,0,1,2,1,2,2,1,1,1,0,2,2,0,1,1,2,3,0,1,1,2,0,0,1,-1,0,2]","[-3,-1,-1,0,0,1,2,2,0,2,1,2,1,3,3,1,0,1,0,1,1,0,1,1,2,3,0,1,1,1,0,0,1,1,0,0]",c,"[[{8, 1}, {2, 7}, {3, 6}, {4, 5}], [{8, 1}, {2, 7}, {4, 6}, {3, 5}], [{8, 1}, {2, 7}, {5, 6}, {3, 4}], [{8, 1}, {3, 7}, {2, 6}, {4, 5}], [{8, 1}, {3, 7}, {4, 6}, {2, 5}], [{8, 1}, {3, 7}, {5, 6}, {2, 4}], [{8, 1}, {4, 7}, {2, 6}, {3, 5}], [{8, 1}, {4, 7}, {2, 6}, {5}, {3}], [{8, 1}, {4, 7}, {3, 6}, {2, 5}], [{8, 1}, {4, 7}, {5, 6}, {2, 3}], [{8, 1}, {5, 7}, {2, 6}, {3, 4}], [{8, 1}, {5, 7}, {3, 6}, {2, 4}], [{8, 1}, {5, 7}, {4, 6}, {2, 3}], [{8, 1}, {5, 7}, {4, 6}, {3}, {2}], [{8, 1}, {6, 7}, {2, 5}, {3, 4}], [{8, 1}, {6, 7}, {3, 5}, {2, 4}], [{8, 1}, {6, 7}, {4, 5}, {2, 3}], [{8, 1}, {7}, {3, 6}, {2, 5}, {4}], [{8, 1}, {7}, {3, 6}, {4, 5}, {2}], [{8, 1}, {7}, {3, 6}, {5}, {2, 4}], [{8, 1}, {7}, {5, 6}, {2, 4}, {3}], [{8, 1}, {7}, {6}, {3, 5}, {2, 4}], [{8, 2}, {1, 7}, {3, 6}, {4, 5}], [{8, 2}, {1, 7}, {4, 6}, {3, 5}], [{8, 2}, {1, 7}, {4, 6}, {5}, {3}], [{8, 2}, {1, 7}, {5, 6}, {3, 4}], [{8, 2}, {1, 7}, {6}, {3, 5}, {4}], [{8, 2}, {3, 7}, {1, 6}, {4, 5}], [{8, 2}, {3, 7}, {4, 6}, {1, 5}], [{8, 2}, {3, 7}, {5, 6}, {1, 4}], [{8, 2}, {3, 7}, {6}, {1, 5}, {4}], [{8, 2}, {3, 7}, {6}, {4, 5}, {1}], [{8, 2}, {3, 7}, {6}, {5}, {1, 4}], [{8, 2}, {4, 7}, {1, 6}, {3, 5}], [{8, 2}, {4, 7}, {1, 6}, {5}, {3}], [{8, 2}, {4, 7}, {3, 6}, {1, 5}], [{8, 2}, {4, 7}, {5, 6}, {1, 3}], [{8, 2}, {4, 7}, {6}, {3, 5}, {1}], [{8, 2}, {5, 7}, {1, 6}, {3, 4}], [{8, 2}, {5, 7}, {3, 6}, {1, 4}], [{8, 2}, {5, 7}, {4, 6}, {1, 3}], [{8, 2}, {5, 7}, {6}, {1, 4}, {3}], [{8, 2}, {6, 7}, {1, 5}, {3, 4}], [{8, 2}, {6, 7}, {1, 5}, {4}, {3}], [{8, 2}, {6, 7}, {3, 5}, {1, 4}], [{8, 2}, {6, 7}, {3, 5}, {4}, {1}], [{8, 2}, {6, 7}, {4, 5}, {1, 3}], [{8, 2}, {6, 7}, {4, 5}, {3}, {1}], [{8, 2}, {6, 7}, {5}, {1, 4}, {3}], [{8, 2}, {6, 7}, {5}, {3, 4}, {1}], [{8, 2}, {6, 7}, {5}, {4}, {1, 3}], [{8, 2}, {6, 7}, {5}, {4}, {3}, {1}], [{8, 2}, {7}, {1, 6}, {3, 5}, {4}], [{8, 2}, {7}, {3, 6}, {1, 5}, {4}], [{8, 2}, {7}, {3, 6}, {4, 5}, {1}], [{8, 2}, {7}, {3, 6}, {5}, {1, 4}], [{8, 2}, {7}, {4, 6}, {3, 5}, {1}], [{8, 2}, {7}, {5, 6}, {1, 4}, {3}], [{8, 2}, {7}, {6}, {3, 5}, {1, 4}], [{8, 2}, {7}, {6}, {5}, {1, 4}, {3}], [{8, 3}, {1, 7}, {2, 6}, {4, 5}], [{8, 3}, {1, 7}, {4, 6}, {2, 5}], [{8, 3}, {1, 7}, {5, 6}, {2, 4}], [{8, 3}, {2, 7}, {1, 6}, {4, 5}], [{8, 3}, {2, 7}, {4, 6}, {1, 5}], [{8, 3}, {2, 7}, {5, 6}, {1, 4}], [{8, 3}, {4, 7}, {1, 6}, {2, 5}], [{8, 3}, {4, 7}, {2, 6}, {1, 5}], [{8, 3}, {4, 7}, {5, 6}, {1, 2}], [{8, 3}, {4, 7}, {6}, {1, 5}, {2}], [{8, 3}, {5, 7}, {1, 6}, {2, 4}], [{8, 3}, {5, 7}, {2, 6}, {1, 4}], [{8, 3}, {5, 7}, {4, 6}, {1, 2}], [{8, 3}, {6, 7}, {1, 5}, {2, 4}], [{8, 3}, {6, 7}, {1, 5}, {4}, {2}], [{8, 3}, {6, 7}, {2, 5}, {1, 4}], [{8, 3}, {6, 7}, {4, 5}, {1, 2}], [{8, 3}, {7}, {4, 6}, {1, 5}, {2}], [{8, 4}, {1, 7}, {2, 6}, {3, 5}], [{8, 4}, {1, 7}, {3, 6}, {2, 5}], [{8, 4}, {1, 7}, {5, 6}, {2, 3}], [{8, 4}, {1, 7}, {5, 6}, {3}, {2}], [{8, 4}, {2, 7}, {1, 6}, {3, 5}], [{8, 4}, {2, 7}, {3, 6}, {1, 5}], [{8, 4}, {2, 7}, {5, 6}, {1, 3}], [{8, 4}, {3, 7}, {1, 6}, {2, 5}], [{8, 4}, {3, 7}, {2, 6}, {1, 5}], [{8, 4}, {3, 7}, {5, 6}, {1, 2}], [{8, 4}, {5, 7}, {1, 6}, {2, 3}], [{8, 4}, {5, 7}, {2, 6}, {1, 3}], [{8, 4}, {5, 7}, {3, 6}, {1, 2}], [{8, 4}, {6, 7}, {1, 5}, {2, 3}], [{8, 4}, {6, 7}, {2, 5}, {1, 3}], [{8, 4}, {6, 7}, {3, 5}, {1, 2}], [{8, 4}, {7}, {2, 6}, {5}, {1, 3}], [{8, 4}, {7}, {3, 6}, {1, 5}, {2}], [{8, 5}, {1, 7}, {2, 6}, {3, 4}], [{8, 5}, {1, 7}, {2, 6}, {4}, {3}], [{8, 5}, {1, 7}, {3, 6}, {2, 4}], [{8, 5}, {1, 7}, {3, 6}, {4}, {2}], [{8, 5}, {1, 7}, {4, 6}, {2, 3}], [{8, 5}, {1, 7}, {6}, {4}, {2, 3}], [{8, 5}, {2, 7}, {1, 6}, {3, 4}], [{8, 5}, {2, 7}, {3, 6}, {1, 4}], [{8, 5}, {2, 7}, {4, 6}, {1, 3}], [{8, 5}, {2, 7}, {6}, {1, 4}, {3}], [{8, 5}, {3, 7}, {1, 6}, {2, 4}], [{8, 5}, {3, 7}, {2, 6}, {1, 4}], [{8, 5}, {3, 7}, {4, 6}, {1, 2}], [{8, 5}, {3, 7}, {6}, {4}, {1, 2}], [{8, 5}, {4, 7}, {1, 6}, {2, 3}], [{8, 5}, {4, 7}, {2, 6}, {1, 3}], [{8, 5}, {4, 7}, {3, 6}, {1, 2}], [{8, 5}, {6, 7}, {1, 4}, {2, 3}], [{8, 5}, {6, 7}, {2, 4}, {1, 3}], [{8, 5}, {6, 7}, {3, 4}, {1, 2}], [{8, 5}, {7}, {3, 6}, {2, 4}, {1}], [{8, 5}, {7}, {4, 6}, {3}, {1, 2}], [{8, 6}, {1, 7}, {2, 5}, {3, 4}], [{8, 6}, {1, 7}, {3, 5}, {2, 4}], [{8, 6}, {1, 7}, {4, 5}, {2, 3}], [{8, 6}, {1, 7}, {4, 5}, {3}, {2}], [{8, 6}, {2, 7}, {1, 5}, {3, 4}], [{8, 6}, {2, 7}, {3, 5}, {1, 4}], [{8, 6}, {2, 7}, {4, 5}, {1, 3}], [{8, 6}, {3, 7}, {1, 5}, {2, 4}], [{8, 6}, {3, 7}, {2, 5}, {1, 4}], [{8, 6}, {3, 7}, {4, 5}, {1, 2}], [{8, 6}, {4, 7}, {1, 5}, {2, 3}], [{8, 6}, {4, 7}, {2, 5}, {1, 3}], [{8, 6}, {4, 7}, {3, 5}, {1, 2}], [{8, 6}, {5, 7}, {1, 4}, {2, 3}], [{8, 6}, {5, 7}, {2, 4}, {1, 3}], [{8, 6}, {5, 7}, {3, 4}, {1, 2}], [{8, 6}, {5, 7}, {4}, {3}, {1, 2}], [{8, 6}, {7}, {1, 5}, {4}, {2, 3}], [{8, 7}, {1, 6}, {2, 5}, {3, 4}], [{8, 7}, {1, 6}, {3, 5}, {2, 4}], [{8, 7}, {1, 6}, {4, 5}, {2, 3}], [{8, 7}, {1, 6}, {5}, {2, 4}, {3}], [{8, 7}, {2, 6}, {1, 5}, {3, 4}], [{8, 7}, {2, 6}, {3, 5}, {1, 4}], [{8, 7}, {2, 6}, {4, 5}, {1, 3}], [{8, 7}, {2, 6}, {4, 5}, {3}, {1}], [{8, 7}, {3, 6}, {1, 5}, {2, 4}], [{8, 7}, {3, 6}, {2, 5}, {1, 4}], [{8, 7}, {3, 6}, {4, 5}, {1, 2}], [{8, 7}, {3, 6}, {5}, {4}, {1, 2}], [{8, 7}, {4, 6}, {1, 5}, {2, 3}], [{8, 7}, {4, 6}, {1, 5}, {3}, {2}], [{8, 7}, {4, 6}, {2, 5}, {1, 3}], [{8, 7}, {4, 6}, {3, 5}, {1, 2}], [{8, 7}, {5, 6}, {1, 4}, {2, 3}], [{8, 7}, {5, 6}, {2, 4}, {1, 3}], [{8, 7}, {5, 6}, {3, 4}, {1, 2}], [{8, 7}, {5, 6}, {4}, {3}, {1, 2}], [{8, 7}, {6}, {1, 5}, {4}, {2, 3}], [{8, 7}, {6}, {2, 5}, {1, 4}, {3}], [{8, 7}, {6}, {3, 5}, {4}, {1, 2}], [{8, 7}, {6}, {4, 5}, {1, 3}, {2}], [{8}, {1, 7}, {4, 6}, {3, 5}, {2}], [{8}, {2, 7}, {5, 6}, {4}, {1, 3}], [{8}, {3, 7}, {4, 6}, {1, 5}, {2}], [{8}, {3, 7}, {5, 6}, {1, 4}, {2}], [{8}, {4, 7}, {1, 6}, {3, 5}, {2}], [{8}, {5, 7}, {2, 6}, {4}, {1, 3}], [{8}, {6, 7}, {1, 5}, {4}, {2, 3}], [{8}, {6, 7}, {3, 5}, {1, 4}, {2}], [{8}, {7}, {3, 6}, {1, 5}, {2, 4}], [{8}, {7}, {3, 6}, {4, 5}, {1, 2}]]",2,12 K_1^3 - 16 K_1^2 - 18 K_1 K_2 + 8 K_2 + 6 K_3 + 9,O1O2O3O4U5U6O7U1O8O5U3U7U8U4O6U2,O1O2O3O4U5U2O6U3O7O5U1U4U8U6O8U7,O1O2O3O4U5O6U7U6U1U4O8O5U2O7U3U8,c,{'O1O2O3O4U3O5U1U6U7U2O8O6U4O7U5U8'},1,"<a href=""/flatknot/8.733510"">8.733510</a>",t^9-54t^7-140t^6+49t^5+202t^4+49t^3-28t^2-4t+2,t^3-2t^2+t,,
8.733511,O1O2O3O4U3O5U1U6U7U2O8O6U5O7U4U8,4,z^3+22z^2+96z+113,w^4z^3+22w^3z^2+96w^2z+113w,False,False,"[[ 0 -3  1 -1  2  2 -1  0  0],[ 3  0  1  0  4  2  2  1  2],[-1 -1  0  0  1  0 -1 -1  0],[ 1  0  0  0  1  0  1  1  1],[-2 -4 -1 -1  0  1 -3 -2  0],[-2 -2  0  0 -1  0 -2 -1 -1],[ 1 -2  1 -1  3  2  0  0  1],[ 0 -1  1 -1  2  1  0  0  0],[ 0 -2  0 -1  0  1 -1  0  0]]","[[ 0  2  2  1  0  0 -1 -1 -3],[-2  0  1 -1  0 -2 -1 -3 -4],[-2 -1  0  0 -1 -1  0 -2 -2],[-1  1  0  0  0 -1  0 -1 -1],[ 0  0  1  0  0  0 -1 -1 -2],[ 0  2  1  1  0  0 -1  0 -1],[ 1  1  0  0  1  1  0  1  0],[ 1  3  2  1  1  0 -1  0 -2],[ 3  4  2  1  2  1  0  2  0]]",True,"[-2,-2,-1,0,0,1,1,3,-1,1,0,2,1,3,4,0,1,1,0,2,2,0,1,0,1,1,0,1,1,2,1,0,1,-1,0,2]","[-3,-1,-1,0,0,1,2,2,0,2,1,2,1,2,4,1,1,1,0,0,1,0,1,1,2,3,0,1,1,2,0,1,0,0,1,-1]",t^8+58t^6+164t^4+73t^2+1,"[-3,-1,-1,0,0,1,2,2,0,2,1,2,3,1,3,1,0,1,1,0,1,0,0,2,2,3,0,1,2,1,0,0,1,0,1,-1]","[-2,-2,-1,0,0,1,1,3,-1,1,1,1,1,3,3,0,0,2,0,2,1,0,1,1,2,3,0,1,0,2,0,0,1,-1,0,2]","[-3,-1,-1,0,0,1,2,2,0,2,1,2,1,2,4,1,1,1,0,0,1,0,1,1,2,3,0,1,1,2,0,1,0,0,1,-1]",c,"[[{8, 1}, {2, 7}, {3, 6}, {4, 5}], [{8, 1}, {2, 7}, {4, 6}, {3, 5}], [{8, 1}, {2, 7}, {5, 6}, {3, 4}], [{8, 1}, {2, 7}, {6}, {3, 5}, {4}], [{8, 1}, {3, 7}, {2, 6}, {4, 5}], [{8, 1}, {3, 7}, {4, 6}, {2, 5}], [{8, 1}, {3, 7}, {5, 6}, {2, 4}], [{8, 1}, {4, 7}, {2, 6}, {3, 5}], [{8, 1}, {4, 7}, {3, 6}, {2, 5}], [{8, 1}, {4, 7}, {5, 6}, {2, 3}], [{8, 1}, {4, 7}, {5, 6}, {3}, {2}], [{8, 1}, {5, 7}, {2, 6}, {3, 4}], [{8, 1}, {5, 7}, {3, 6}, {2, 4}], [{8, 1}, {5, 7}, {4, 6}, {2, 3}], [{8, 1}, {5, 7}, {6}, {2, 4}, {3}], [{8, 1}, {5, 7}, {6}, {3, 4}, {2}], [{8, 1}, {5, 7}, {6}, {4}, {2, 3}], [{8, 1}, {6, 7}, {2, 5}, {3, 4}], [{8, 1}, {6, 7}, {3, 5}, {2, 4}], [{8, 1}, {6, 7}, {4, 5}, {2, 3}], [{8, 2}, {1, 7}, {3, 6}, {4, 5}], [{8, 2}, {1, 7}, {4, 6}, {3, 5}], [{8, 2}, {1, 7}, {5, 6}, {3, 4}], [{8, 2}, {1, 7}, {6}, {4, 5}, {3}], [{8, 2}, {3, 7}, {1, 6}, {4, 5}], [{8, 2}, {3, 7}, {4, 6}, {1, 5}], [{8, 2}, {3, 7}, {5, 6}, {1, 4}], [{8, 2}, {3, 7}, {6}, {1, 5}, {4}], [{8, 2}, {3, 7}, {6}, {4, 5}, {1}], [{8, 2}, {3, 7}, {6}, {5}, {1, 4}], [{8, 2}, {4, 7}, {1, 6}, {3, 5}], [{8, 2}, {4, 7}, {3, 6}, {1, 5}], [{8, 2}, {4, 7}, {5, 6}, {1, 3}], [{8, 2}, {4, 7}, {6}, {3, 5}, {1}], [{8, 2}, {5, 7}, {1, 6}, {3, 4}], [{8, 2}, {5, 7}, {3, 6}, {1, 4}], [{8, 2}, {5, 7}, {4, 6}, {1, 3}], [{8, 2}, {5, 7}, {4, 6}, {3}, {1}], [{8, 2}, {6, 7}, {1, 5}, {3, 4}], [{8, 2}, {6, 7}, {1, 5}, {4}, {3}], [{8, 2}, {6, 7}, {3, 5}, {1, 4}], [{8, 2}, {6, 7}, {4, 5}, {1, 3}], [{8, 2}, {7}, {3, 6}, {1, 5}, {4}], [{8, 2}, {7}, {5, 6}, {3, 4}, {1}], [{8, 2}, {7}, {6}, {4, 5}, {1, 3}], [{8, 3}, {1, 7}, {2, 6}, {4, 5}], [{8, 3}, {1, 7}, {4, 6}, {2, 5}], [{8, 3}, {1, 7}, {5, 6}, {2, 4}], [{8, 3}, {1, 7}, {6}, {5}, {2, 4}], [{8, 3}, {2, 7}, {1, 6}, {4, 5}], [{8, 3}, {2, 7}, {4, 6}, {1, 5}], [{8, 3}, {2, 7}, {5, 6}, {1, 4}], [{8, 3}, {4, 7}, {1, 6}, {2, 5}], [{8, 3}, {4, 7}, {2, 6}, {1, 5}], [{8, 3}, {4, 7}, {5, 6}, {1, 2}], [{8, 3}, {4, 7}, {6}, {2, 5}, {1}], [{8, 3}, {5, 7}, {1, 6}, {2, 4}], [{8, 3}, {5, 7}, {2, 6}, {1, 4}], [{8, 3}, {5, 7}, {4, 6}, {1, 2}], [{8, 3}, {5, 7}, {6}, {1, 4}, {2}], [{8, 3}, {6, 7}, {1, 5}, {2, 4}], [{8, 3}, {6, 7}, {2, 5}, {1, 4}], [{8, 3}, {6, 7}, {4, 5}, {1, 2}], [{8, 3}, {6, 7}, {5}, {1, 4}, {2}], [{8, 3}, {7}, {2, 6}, {1, 5}, {4}], [{8, 3}, {7}, {5, 6}, {1, 4}, {2}], [{8, 4}, {1, 7}, {2, 6}, {3, 5}], [{8, 4}, {1, 7}, {3, 6}, {2, 5}], [{8, 4}, {1, 7}, {5, 6}, {2, 3}], [{8, 4}, {1, 7}, {6}, {2, 5}, {3}], [{8, 4}, {2, 7}, {1, 6}, {3, 5}], [{8, 4}, {2, 7}, {3, 6}, {1, 5}], [{8, 4}, {2, 7}, {5, 6}, {1, 3}], [{8, 4}, {3, 7}, {1, 6}, {2, 5}], [{8, 4}, {3, 7}, {2, 6}, {1, 5}], [{8, 4}, {3, 7}, {5, 6}, {1, 2}], [{8, 4}, {5, 7}, {1, 6}, {2, 3}], [{8, 4}, {5, 7}, {2, 6}, {1, 3}], [{8, 4}, {5, 7}, {2, 6}, {3}, {1}], [{8, 4}, {5, 7}, {3, 6}, {1, 2}], [{8, 4}, {6, 7}, {1, 5}, {2, 3}], [{8, 4}, {6, 7}, {2, 5}, {1, 3}], [{8, 4}, {6, 7}, {3, 5}, {1, 2}], [{8, 5}, {1, 7}, {2, 6}, {3, 4}], [{8, 5}, {1, 7}, {2, 6}, {4}, {3}], [{8, 5}, {1, 7}, {3, 6}, {2, 4}], [{8, 5}, {1, 7}, {3, 6}, {4}, {2}], [{8, 5}, {1, 7}, {4, 6}, {2, 3}], [{8, 5}, {1, 7}, {4, 6}, {3}, {2}], [{8, 5}, {1, 7}, {6}, {2, 4}, {3}], [{8, 5}, {1, 7}, {6}, {3, 4}, {2}], [{8, 5}, {1, 7}, {6}, {4}, {2, 3}], [{8, 5}, {1, 7}, {6}, {4}, {3}, {2}], [{8, 5}, {2, 7}, {1, 6}, {3, 4}], [{8, 5}, {2, 7}, {1, 6}, {4}, {3}], [{8, 5}, {2, 7}, {3, 6}, {1, 4}], [{8, 5}, {2, 7}, {3, 6}, {4}, {1}], [{8, 5}, {2, 7}, {4, 6}, {1, 3}], [{8, 5}, {2, 7}, {6}, {4}, {1, 3}], [{8, 5}, {3, 7}, {1, 6}, {2, 4}], [{8, 5}, {3, 7}, {1, 6}, {4}, {2}], [{8, 5}, {3, 7}, {2, 6}, {1, 4}], [{8, 5}, {3, 7}, {2, 6}, {4}, {1}], [{8, 5}, {3, 7}, {4, 6}, {1, 2}], [{8, 5}, {3, 7}, {6}, {4}, {1, 2}], [{8, 5}, {4, 7}, {1, 6}, {2, 3}], [{8, 5}, {4, 7}, {2, 6}, {1, 3}], [{8, 5}, {4, 7}, {3, 6}, {1, 2}], [{8, 5}, {4, 7}, {6}, {2, 3}, {1}], [{8, 5}, {6, 7}, {1, 4}, {2, 3}], [{8, 5}, {6, 7}, {2, 4}, {1, 3}], [{8, 5}, {6, 7}, {3, 4}, {1, 2}], [{8, 5}, {6, 7}, {4}, {1, 3}, {2}], [{8, 5}, {6, 7}, {4}, {2, 3}, {1}], [{8, 5}, {6, 7}, {4}, {3}, {1, 2}], [{8, 5}, {7}, {1, 6}, {4}, {2, 3}], [{8, 5}, {7}, {2, 6}, {4}, {1, 3}], [{8, 5}, {7}, {3, 6}, {4}, {1, 2}], [{8, 5}, {7}, {4, 6}, {2, 3}, {1}], [{8, 5}, {7}, {6}, {1, 4}, {2, 3}], [{8, 5}, {7}, {6}, {4}, {2, 3}, {1}], [{8, 6}, {1, 7}, {2, 5}, {3, 4}], [{8, 6}, {1, 7}, {3, 5}, {2, 4}], [{8, 6}, {1, 7}, {4, 5}, {2, 3}], [{8, 6}, {1, 7}, {5}, {2, 4}, {3}], [{8, 6}, {2, 7}, {1, 5}, {3, 4}], [{8, 6}, {2, 7}, {3, 5}, {1, 4}], [{8, 6}, {2, 7}, {4, 5}, {1, 3}], [{8, 6}, {3, 7}, {1, 5}, {2, 4}], [{8, 6}, {3, 7}, {2, 5}, {1, 4}], [{8, 6}, {3, 7}, {4, 5}, {1, 2}], [{8, 6}, {4, 7}, {1, 5}, {2, 3}], [{8, 6}, {4, 7}, {1, 5}, {3}, {2}], [{8, 6}, {4, 7}, {2, 5}, {1, 3}], [{8, 6}, {4, 7}, {3, 5}, {1, 2}], [{8, 6}, {5, 7}, {1, 4}, {2, 3}], [{8, 6}, {5, 7}, {2, 4}, {1, 3}], [{8, 6}, {5, 7}, {3, 4}, {1, 2}], [{8, 7}, {1, 6}, {2, 5}, {3, 4}], [{8, 7}, {1, 6}, {3, 5}, {2, 4}], [{8, 7}, {1, 6}, {4, 5}, {2, 3}], [{8, 7}, {1, 6}, {5}, {3, 4}, {2}], [{8, 7}, {2, 6}, {1, 5}, {3, 4}], [{8, 7}, {2, 6}, {3, 5}, {1, 4}], [{8, 7}, {2, 6}, {4, 5}, {1, 3}], [{8, 7}, {2, 6}, {5}, {3, 4}, {1}], [{8, 7}, {3, 6}, {1, 5}, {2, 4}], [{8, 7}, {3, 6}, {2, 5}, {1, 4}], [{8, 7}, {3, 6}, {4, 5}, {1, 2}], [{8, 7}, {4, 6}, {1, 5}, {2, 3}], [{8, 7}, {4, 6}, {2, 5}, {1, 3}], [{8, 7}, {4, 6}, {3, 5}, {1, 2}], [{8, 7}, {5, 6}, {1, 4}, {2, 3}], [{8, 7}, {5, 6}, {2, 4}, {1, 3}], [{8, 7}, {5, 6}, {3, 4}, {1, 2}], [{8, 7}, {5, 6}, {3, 4}, {2}, {1}], [{8, 7}, {6}, {1, 5}, {2, 4}, {3}], [{8, 7}, {6}, {1, 5}, {3, 4}, {2}], [{8, 7}, {6}, {1, 5}, {4}, {2, 3}], [{8, 7}, {6}, {2, 5}, {3, 4}, {1}], [{8, 7}, {6}, {5}, {3, 4}, {1, 2}], [{8, 7}, {6}, {5}, {3, 4}, {2}, {1}], [{8}, {1, 7}, {3, 6}, {5}, {2, 4}], [{8}, {1, 7}, {5, 6}, {2, 4}, {3}], [{8}, {1, 7}, {6}, {3, 5}, {2, 4}], [{8}, {1, 7}, {6}, {5}, {2, 4}, {3}], [{8}, {2, 7}, {5, 6}, {3, 4}, {1}], [{8}, {3, 7}, {5, 6}, {2, 4}, {1}], [{8}, {4, 7}, {1, 6}, {3, 5}, {2}], [{8}, {4, 7}, {2, 6}, {5}, {1, 3}], [{8}, {7}, {5, 6}, {2, 4}, {1, 3}]]",2,12 K_1^3 - 16 K_1^2 - 18 K_1 K_2 + 8 K_2 + 6 K_3 + 9,O1O2O3O4U5U1O6U7O8O5U3U6U8U4O7U2,O1O2O3O4U5U2O6U3O7O5U1U4U8U7O8U6,O1O2O3O4U5O6U7U6U1U4O8O7U2O5U3U8,c,{'O1O2O3O4U3O5U1U6U7U2O8O6U5O7U4U8'},1,"<a href=""/flatknot/8.733511"">8.733511</a>",t^9-60t^7-174t^6+18t^5+216t^4+37t^3+10t^2+68t+24,t^3-2t^2+t,,
8.733512,O1O2O3O4U3O5U1U6U7U2O8O6U5O7U8U4,4,17z^2+98z+129,-2w^4z^2+19w^3z^2-2w^3z+100w^2z+129w,False,False,"[[ 0 -3  1 -1  3  2 -1  0 -1],[ 3  0  1  0  4  2  2  1  1],[-1 -1  0  0  1  0 -1 -1 -1],[ 1  0  0  0  1  0  1  1  0],[-3 -4 -1 -1  0  0 -3 -2 -1],[-2 -2  0  0  0  0 -2 -1 -1],[ 1 -2  1 -1  3  2  0  0  0],[ 0 -1  1 -1  2  1  0  0 -1],[ 1 -1  1  0  1  1  0  1  0]]","[[ 0  3  2  1  0 -1 -1 -1 -3],[-3  0  0 -1 -2 -1 -1 -3 -4],[-2  0  0  0 -1  0 -1 -2 -2],[-1  1  0  0 -1  0 -1 -1 -1],[ 0  2  1  1  0 -1 -1  0 -1],[ 1  1  0  0  1  0  0  1  0],[ 1  1  1  1  1  0  0  0 -1],[ 1  3  2  1  0 -1  0  0 -2],[ 3  4  2  1  1  0  1  2  0]]",True,"[-3,-2,-1,0,1,1,1,3,0,1,2,1,1,3,4,0,1,0,1,2,2,1,0,1,1,1,1,1,0,1,0,-1,0,0,1,2]","[-3,-2,-1,0,1,1,1,3,0,1,2,1,1,3,4,0,1,0,1,2,2,1,0,1,1,1,1,1,0,1,0,-1,0,0,1,2]",t^8+55t^6+171t^4+119t^2,"[-3,-1,-1,-1,0,1,2,3,0,1,2,2,3,3,2,0,1,1,1,1,1,0,0,1,2,3,0,2,3,3,0,1,1,1,1,1]","[-3,-2,-1,0,1,1,1,3,1,1,1,1,3,3,2,1,1,1,2,3,3,0,1,1,2,3,1,0,0,2,0,-1,0,0,1,2]","[-3,-1,-1,-1,0,1,2,3,0,1,2,1,1,2,4,0,1,1,0,0,1,0,1,1,1,1,0,1,2,3,1,1,2,0,1,0]",c,"[[{8, 1}, {2, 7}, {3, 6}, {4, 5}], [{8, 1}, {2, 7}, {4, 6}, {3, 5}], [{8, 1}, {2, 7}, {5, 6}, {3, 4}], [{8, 1}, {3, 7}, {2, 6}, {4, 5}], [{8, 1}, {3, 7}, {4, 6}, {2, 5}], [{8, 1}, {3, 7}, {5, 6}, {2, 4}], [{8, 1}, {4, 7}, {2, 6}, {3, 5}], [{8, 1}, {4, 7}, {2, 6}, {5}, {3}], [{8, 1}, {4, 7}, {3, 6}, {2, 5}], [{8, 1}, {4, 7}, {3, 6}, {5}, {2}], [{8, 1}, {4, 7}, {5, 6}, {2, 3}], [{8, 1}, {4, 7}, {5, 6}, {3}, {2}], [{8, 1}, {4, 7}, {6}, {2, 5}, {3}], [{8, 1}, {4, 7}, {6}, {3, 5}, {2}], [{8, 1}, {4, 7}, {6}, {5}, {2, 3}], [{8, 1}, {4, 7}, {6}, {5}, {3}, {2}], [{8, 1}, {5, 7}, {2, 6}, {3, 4}], [{8, 1}, {5, 7}, {3, 6}, {2, 4}], [{8, 1}, {5, 7}, {3, 6}, {4}, {2}], [{8, 1}, {5, 7}, {4, 6}, {2, 3}], [{8, 1}, {6, 7}, {2, 5}, {3, 4}], [{8, 1}, {6, 7}, {3, 5}, {2, 4}], [{8, 1}, {6, 7}, {4, 5}, {2, 3}], [{8, 1}, {7}, {3, 6}, {4, 5}, {2}], [{8, 2}, {1, 7}, {3, 6}, {4, 5}], [{8, 2}, {1, 7}, {3, 6}, {5}, {4}], [{8, 2}, {1, 7}, {4, 6}, {3, 5}], [{8, 2}, {1, 7}, {5, 6}, {3, 4}], [{8, 2}, {1, 7}, {5, 6}, {4}, {3}], [{8, 2}, {1, 7}, {6}, {3, 5}, {4}], [{8, 2}, {3, 7}, {1, 6}, {4, 5}], [{8, 2}, {3, 7}, {4, 6}, {1, 5}], [{8, 2}, {3, 7}, {5, 6}, {1, 4}], [{8, 2}, {4, 7}, {1, 6}, {3, 5}], [{8, 2}, {4, 7}, {3, 6}, {1, 5}], [{8, 2}, {4, 7}, {3, 6}, {5}, {1}], [{8, 2}, {4, 7}, {5, 6}, {1, 3}], [{8, 2}, {4, 7}, {5, 6}, {3}, {1}], [{8, 2}, {4, 7}, {6}, {3, 5}, {1}], [{8, 2}, {5, 7}, {1, 6}, {3, 4}], [{8, 2}, {5, 7}, {3, 6}, {1, 4}], [{8, 2}, {5, 7}, {4, 6}, {1, 3}], [{8, 2}, {6, 7}, {1, 5}, {3, 4}], [{8, 2}, {6, 7}, {3, 5}, {1, 4}], [{8, 2}, {6, 7}, {4, 5}, {1, 3}], [{8, 2}, {6, 7}, {4, 5}, {3}, {1}], [{8, 2}, {7}, {3, 6}, {5}, {1, 4}], [{8, 2}, {7}, {4, 6}, {5}, {1, 3}], [{8, 2}, {7}, {5, 6}, {1, 4}, {3}], [{8, 2}, {7}, {6}, {1, 5}, {3, 4}], [{8, 2}, {7}, {6}, {3, 5}, {1, 4}], [{8, 3}, {1, 7}, {2, 6}, {4, 5}], [{8, 3}, {1, 7}, {2, 6}, {5}, {4}], [{8, 3}, {1, 7}, {4, 6}, {2, 5}], [{8, 3}, {1, 7}, {5, 6}, {2, 4}], [{8, 3}, {1, 7}, {6}, {4, 5}, {2}], [{8, 3}, {2, 7}, {1, 6}, {4, 5}], [{8, 3}, {2, 7}, {4, 6}, {1, 5}], [{8, 3}, {2, 7}, {5, 6}, {1, 4}], [{8, 3}, {4, 7}, {1, 6}, {2, 5}], [{8, 3}, {4, 7}, {2, 6}, {1, 5}], [{8, 3}, {4, 7}, {2, 6}, {5}, {1}], [{8, 3}, {4, 7}, {5, 6}, {1, 2}], [{8, 3}, {4, 7}, {6}, {1, 5}, {2}], [{8, 3}, {5, 7}, {1, 6}, {2, 4}], [{8, 3}, {5, 7}, {2, 6}, {1, 4}], [{8, 3}, {5, 7}, {4, 6}, {1, 2}], [{8, 3}, {5, 7}, {6}, {1, 4}, {2}], [{8, 3}, {6, 7}, {1, 5}, {2, 4}], [{8, 3}, {6, 7}, {2, 5}, {1, 4}], [{8, 3}, {6, 7}, {4, 5}, {1, 2}], [{8, 3}, {6, 7}, {4, 5}, {2}, {1}], [{8, 3}, {7}, {1, 6}, {4, 5}, {2}], [{8, 3}, {7}, {2, 6}, {5}, {1, 4}], [{8, 4}, {1, 7}, {2, 6}, {3, 5}], [{8, 4}, {1, 7}, {2, 6}, {5}, {3}], [{8, 4}, {1, 7}, {3, 6}, {2, 5}], [{8, 4}, {1, 7}, {3, 6}, {5}, {2}], [{8, 4}, {1, 7}, {5, 6}, {2, 3}], [{8, 4}, {1, 7}, {5, 6}, {3}, {2}], [{8, 4}, {1, 7}, {6}, {2, 5}, {3}], [{8, 4}, {1, 7}, {6}, {3, 5}, {2}], [{8, 4}, {1, 7}, {6}, {5}, {2, 3}], [{8, 4}, {1, 7}, {6}, {5}, {3}, {2}], [{8, 4}, {2, 7}, {1, 6}, {3, 5}], [{8, 4}, {2, 7}, {3, 6}, {1, 5}], [{8, 4}, {2, 7}, {5, 6}, {1, 3}], [{8, 4}, {3, 7}, {1, 6}, {2, 5}], [{8, 4}, {3, 7}, {2, 6}, {1, 5}], [{8, 4}, {3, 7}, {5, 6}, {1, 2}], [{8, 4}, {3, 7}, {5, 6}, {2}, {1}], [{8, 4}, {5, 7}, {1, 6}, {2, 3}], [{8, 4}, {5, 7}, {2, 6}, {1, 3}], [{8, 4}, {5, 7}, {3, 6}, {1, 2}], [{8, 4}, {6, 7}, {1, 5}, {2, 3}], [{8, 4}, {6, 7}, {2, 5}, {1, 3}], [{8, 4}, {6, 7}, {3, 5}, {1, 2}], [{8, 4}, {7}, {5, 6}, {1, 3}, {2}], [{8, 5}, {1, 7}, {2, 6}, {3, 4}], [{8, 5}, {1, 7}, {2, 6}, {4}, {3}], [{8, 5}, {1, 7}, {3, 6}, {2, 4}], [{8, 5}, {1, 7}, {4, 6}, {2, 3}], [{8, 5}, {1, 7}, {6}, {3, 4}, {2}], [{8, 5}, {2, 7}, {1, 6}, {3, 4}], [{8, 5}, {2, 7}, {3, 6}, {1, 4}], [{8, 5}, {2, 7}, {4, 6}, {1, 3}], [{8, 5}, {3, 7}, {1, 6}, {2, 4}], [{8, 5}, {3, 7}, {2, 6}, {1, 4}], [{8, 5}, {3, 7}, {4, 6}, {1, 2}], [{8, 5}, {3, 7}, {6}, {1, 4}, {2}], [{8, 5}, {4, 7}, {1, 6}, {2, 3}], [{8, 5}, {4, 7}, {2, 6}, {1, 3}], [{8, 5}, {4, 7}, {2, 6}, {3}, {1}], [{8, 5}, {4, 7}, {3, 6}, {1, 2}], [{8, 5}, {4, 7}, {6}, {1, 3}, {2}], [{8, 5}, {6, 7}, {1, 4}, {2, 3}], [{8, 5}, {6, 7}, {2, 4}, {1, 3}], [{8, 5}, {6, 7}, {3, 4}, {1, 2}], [{8, 5}, {6, 7}, {4}, {1, 3}, {2}], [{8, 5}, {7}, {2, 6}, {1, 4}, {3}], [{8, 5}, {7}, {4, 6}, {1, 3}, {2}], [{8, 6}, {1, 7}, {2, 5}, {3, 4}], [{8, 6}, {1, 7}, {3, 5}, {2, 4}], [{8, 6}, {1, 7}, {3, 5}, {4}, {2}], [{8, 6}, {1, 7}, {4, 5}, {2, 3}], [{8, 6}, {2, 7}, {1, 5}, {3, 4}], [{8, 6}, {2, 7}, {3, 5}, {1, 4}], [{8, 6}, {2, 7}, {4, 5}, {1, 3}], [{8, 6}, {2, 7}, {4, 5}, {3}, {1}], [{8, 6}, {3, 7}, {1, 5}, {2, 4}], [{8, 6}, {3, 7}, {1, 5}, {4}, {2}], [{8, 6}, {3, 7}, {2, 5}, {1, 4}], [{8, 6}, {3, 7}, {4, 5}, {1, 2}], [{8, 6}, {4, 7}, {1, 5}, {2, 3}], [{8, 6}, {4, 7}, {2, 5}, {1, 3}], [{8, 6}, {4, 7}, {3, 5}, {1, 2}], [{8, 6}, {4, 7}, {3, 5}, {2}, {1}], [{8, 6}, {5, 7}, {1, 4}, {2, 3}], [{8, 6}, {5, 7}, {2, 4}, {1, 3}], [{8, 6}, {5, 7}, {2, 4}, {3}, {1}], [{8, 6}, {5, 7}, {3, 4}, {1, 2}], [{8, 6}, {7}, {3, 5}, {1, 4}, {2}], [{8, 6}, {7}, {5}, {2, 4}, {1, 3}], [{8, 6}, {7}, {5}, {3, 4}, {1, 2}], [{8, 7}, {1, 6}, {2, 5}, {3, 4}], [{8, 7}, {1, 6}, {3, 5}, {2, 4}], [{8, 7}, {1, 6}, {4, 5}, {2, 3}], [{8, 7}, {2, 6}, {1, 5}, {3, 4}], [{8, 7}, {2, 6}, {3, 5}, {1, 4}], [{8, 7}, {2, 6}, {4, 5}, {1, 3}], [{8, 7}, {2, 6}, {5}, {1, 4}, {3}], [{8, 7}, {3, 6}, {1, 5}, {2, 4}], [{8, 7}, {3, 6}, {2, 5}, {1, 4}], [{8, 7}, {3, 6}, {4, 5}, {1, 2}], [{8, 7}, {3, 6}, {5}, {1, 4}, {2}], [{8, 7}, {4, 6}, {1, 5}, {2, 3}], [{8, 7}, {4, 6}, {2, 5}, {1, 3}], [{8, 7}, {4, 6}, {3, 5}, {1, 2}], [{8, 7}, {5, 6}, {1, 4}, {2, 3}], [{8, 7}, {5, 6}, {1, 4}, {3}, {2}], [{8, 7}, {5, 6}, {2, 4}, {1, 3}], [{8, 7}, {5, 6}, {3, 4}, {1, 2}], [{8, 7}, {6}, {2, 5}, {1, 4}, {3}], [{8, 7}, {6}, {3, 5}, {1, 4}, {2}], [{8, 7}, {6}, {5}, {1, 4}, {2, 3}], [{8, 7}, {6}, {5}, {1, 4}, {3}, {2}], [{8, 7}, {6}, {5}, {2, 4}, {1, 3}], [{8, 7}, {6}, {5}, {3, 4}, {1, 2}], [{8}, {1, 7}, {2, 6}, {3, 5}, {4}], [{8}, {1, 7}, {2, 6}, {4, 5}, {3}], [{8}, {1, 7}, {2, 6}, {5}, {3, 4}], [{8}, {1, 7}, {3, 6}, {5}, {2, 4}], [{8}, {1, 7}, {4, 6}, {3, 5}, {2}], [{8}, {1, 7}, {5, 6}, {2, 4}, {3}], [{8}, {1, 7}, {6}, {3, 5}, {2, 4}], [{8}, {1, 7}, {6}, {3, 5}, {4}, {2}], [{8}, {2, 7}, {3, 6}, {5}, {1, 4}], [{8}, {2, 7}, {5, 6}, {1, 4}, {3}], [{8}, {2, 7}, {6}, {3, 5}, {1, 4}], [{8}, {2, 7}, {6}, {4, 5}, {1, 3}], [{8}, {3, 7}, {2, 6}, {5}, {1, 4}], [{8}, {4, 7}, {1, 6}, {3, 5}, {2}], [{8}, {4, 7}, {2, 6}, {1, 5}, {3}], [{8}, {4, 7}, {2, 6}, {3, 5}, {1}], [{8}, {4, 7}, {2, 6}, {5}, {1, 3}], [{8}, {4, 7}, {3, 6}, {5}, {1, 2}], [{8}, {4, 7}, {5, 6}, {3}, {1, 2}], [{8}, {4, 7}, {6}, {3, 5}, {1, 2}], [{8}, {4, 7}, {6}, {3, 5}, {2}, {1}], [{8}, {5, 7}, {2, 6}, {1, 4}, {3}], [{8}, {6, 7}, {1, 5}, {3, 4}, {2}], [{8}, {6, 7}, {2, 5}, {3, 4}, {1}], [{8}, {6, 7}, {3, 5}, {1, 4}, {2}], [{8}, {6, 7}, {4, 5}, {2, 3}, {1}], [{8}, {6, 7}, {5}, {2, 4}, {1, 3}], [{8}, {6, 7}, {5}, {3, 4}, {1, 2}], [{8}, {7}, {2, 6}, {3, 5}, {1, 4}], [{8}, {7}, {4, 6}, {1, 5}, {2, 3}], [{8}, {7}, {4, 6}, {2, 5}, {1, 3}], [{8}, {7}, {6}, {3, 5}, {1, 4}, {2}]]",2,4 K_1^2 K_2 - 20 K_1^2 - 20 K_1 K_2 - 2 K_1 K_3 + 10 K_1 - 6 K_2^2 + 9 K_2 + 10 K_3 + 3 K_4 + 13,O1O2O3O4U1U5O6U7O8O5U3U6U8U4O7U2,O1O2O3O4U5U2O6U3O5O7U1U4U8U7O8U6,O1O2O3O4U5O6U7U6U1U4O7O8U2O5U3U8,c,{'O1O2O3O4U3O5U1U6U7U2O8O6U5O7U8U4'},1,"<a href=""/flatknot/8.733512"">8.733512</a>",t^9-53t^7-158t^6+74t^5+344t^4-118t^3-144t^2+68t-4,-t^2+2t,,
8.733513,O1O2O3O4U3O5U1U6U7U4O8O6U2O7U5U8,4,z^3+21z^2+95z+115,w^4z^3+21w^3z^2+95w^2z+115w,False,False,"[[ 0 -3  0 -1  3  2 -1  0  0],[ 3  0  2  0  2  3  2  1  2],[ 0 -2  0 -1  2  1 -1  0  0],[ 1  0  1  0  1  1  0  0  0],[-3 -2 -2 -1  0 -1 -3 -2 -1],[-2 -3 -1 -1  1  0 -3 -1 -1],[ 1 -2  1  0  3  3  0  0  1],[ 0 -1  0  0  2  1  0  0  0],[ 0 -2  0  0  1  1 -1  0  0]]","[[ 0  3  2  0  0  0 -1 -1 -3],[-3  0 -1 -1 -2 -2 -1 -3 -2],[-2  1  0 -1 -1 -1 -1 -3 -3],[ 0  1  1  0  0  0  0 -1 -2],[ 0  2  1  0  0  0  0  0 -1],[ 0  2  1  0  0  0 -1 -1 -2],[ 1  1  1  0  0  1  0  0  0],[ 1  3  3  1  0  1  0  0 -2],[ 3  2  3  2  1  2  0  2  0]]",True,"[-3,-2,0,0,0,1,1,3,1,1,2,2,1,3,2,1,1,1,1,3,3,0,0,0,1,2,0,0,0,1,1,1,2,0,0,2]","[-3,-2,0,0,0,1,1,3,0,1,1,2,1,3,4,1,1,1,0,2,2,0,0,0,0,1,0,1,1,2,0,1,1,0,0,2]",t^8+62t^6+119t^4+56t^2,"[-3,-1,-1,0,0,0,2,3,0,2,1,1,2,2,4,0,0,0,1,0,1,0,1,1,2,3,0,0,1,1,0,1,2,1,1,0]","[-3,-2,0,0,0,1,1,3,0,1,1,2,1,3,4,1,1,1,0,2,2,0,0,0,0,1,0,1,1,2,0,1,1,0,0,2]","[-3,-1,-1,0,0,0,2,3,0,2,1,2,2,3,2,0,0,0,1,1,1,0,1,1,3,3,0,0,1,2,0,1,1,1,2,1]",c,"[[{8, 1}, {2, 7}, {3, 6}, {4, 5}], [{8, 1}, {2, 7}, {4, 6}, {3, 5}], [{8, 1}, {2, 7}, {5, 6}, {3, 4}], [{8, 1}, {3, 7}, {2, 6}, {4, 5}], [{8, 1}, {3, 7}, {4, 6}, {2, 5}], [{8, 1}, {3, 7}, {5, 6}, {2, 4}], [{8, 1}, {4, 7}, {2, 6}, {3, 5}], [{8, 1}, {4, 7}, {2, 6}, {5}, {3}], [{8, 1}, {4, 7}, {3, 6}, {2, 5}], [{8, 1}, {4, 7}, {5, 6}, {2, 3}], [{8, 1}, {4, 7}, {5, 6}, {3}, {2}], [{8, 1}, {4, 7}, {6}, {2, 5}, {3}], [{8, 1}, {5, 7}, {2, 6}, {3, 4}], [{8, 1}, {5, 7}, {3, 6}, {2, 4}], [{8, 1}, {5, 7}, {4, 6}, {2, 3}], [{8, 1}, {5, 7}, {6}, {3, 4}, {2}], [{8, 1}, {6, 7}, {2, 5}, {3, 4}], [{8, 1}, {6, 7}, {3, 5}, {2, 4}], [{8, 1}, {6, 7}, {4, 5}, {2, 3}], [{8, 1}, {7}, {6}, {4, 5}, {2, 3}], [{8, 2}, {1, 7}, {3, 6}, {4, 5}], [{8, 2}, {1, 7}, {4, 6}, {3, 5}], [{8, 2}, {1, 7}, {5, 6}, {3, 4}], [{8, 2}, {1, 7}, {6}, {5}, {3, 4}], [{8, 2}, {3, 7}, {1, 6}, {4, 5}], [{8, 2}, {3, 7}, {4, 6}, {1, 5}], [{8, 2}, {3, 7}, {5, 6}, {1, 4}], [{8, 2}, {4, 7}, {1, 6}, {3, 5}], [{8, 2}, {4, 7}, {3, 6}, {1, 5}], [{8, 2}, {4, 7}, {5, 6}, {1, 3}], [{8, 2}, {5, 7}, {1, 6}, {3, 4}], [{8, 2}, {5, 7}, {3, 6}, {1, 4}], [{8, 2}, {5, 7}, {4, 6}, {1, 3}], [{8, 2}, {5, 7}, {6}, {3, 4}, {1}], [{8, 2}, {6, 7}, {1, 5}, {3, 4}], [{8, 2}, {6, 7}, {3, 5}, {1, 4}], [{8, 2}, {6, 7}, {4, 5}, {1, 3}], [{8, 2}, {7}, {3, 6}, {5}, {1, 4}], [{8, 2}, {7}, {4, 6}, {5}, {1, 3}], [{8, 2}, {7}, {5, 6}, {1, 4}, {3}], [{8, 2}, {7}, {6}, {1, 5}, {3, 4}], [{8, 2}, {7}, {6}, {3, 5}, {1, 4}], [{8, 3}, {1, 7}, {2, 6}, {4, 5}], [{8, 3}, {1, 7}, {2, 6}, {5}, {4}], [{8, 3}, {1, 7}, {4, 6}, {2, 5}], [{8, 3}, {1, 7}, {5, 6}, {2, 4}], [{8, 3}, {2, 7}, {1, 6}, {4, 5}], [{8, 3}, {2, 7}, {4, 6}, {1, 5}], [{8, 3}, {2, 7}, {5, 6}, {1, 4}], [{8, 3}, {2, 7}, {6}, {1, 5}, {4}], [{8, 3}, {4, 7}, {1, 6}, {2, 5}], [{8, 3}, {4, 7}, {2, 6}, {1, 5}], [{8, 3}, {4, 7}, {5, 6}, {1, 2}], [{8, 3}, {4, 7}, {6}, {1, 5}, {2}], [{8, 3}, {4, 7}, {6}, {2, 5}, {1}], [{8, 3}, {4, 7}, {6}, {5}, {1, 2}], [{8, 3}, {5, 7}, {1, 6}, {2, 4}], [{8, 3}, {5, 7}, {2, 6}, {1, 4}], [{8, 3}, {5, 7}, {2, 6}, {4}, {1}], [{8, 3}, {5, 7}, {4, 6}, {1, 2}], [{8, 3}, {6, 7}, {1, 5}, {2, 4}], [{8, 3}, {6, 7}, {1, 5}, {4}, {2}], [{8, 3}, {6, 7}, {2, 5}, {1, 4}], [{8, 3}, {6, 7}, {2, 5}, {4}, {1}], [{8, 3}, {6, 7}, {4, 5}, {1, 2}], [{8, 3}, {6, 7}, {5}, {4}, {1, 2}], [{8, 3}, {7}, {2, 6}, {1, 5}, {4}], [{8, 3}, {7}, {4, 6}, {1, 5}, {2}], [{8, 3}, {7}, {4, 6}, {2, 5}, {1}], [{8, 3}, {7}, {4, 6}, {5}, {1, 2}], [{8, 3}, {7}, {6}, {1, 5}, {2, 4}], [{8, 3}, {7}, {6}, {1, 5}, {4}, {2}], [{8, 4}, {1, 7}, {2, 6}, {3, 5}], [{8, 4}, {1, 7}, {2, 6}, {5}, {3}], [{8, 4}, {1, 7}, {3, 6}, {2, 5}], [{8, 4}, {1, 7}, {5, 6}, {2, 3}], [{8, 4}, {2, 7}, {1, 6}, {3, 5}], [{8, 4}, {2, 7}, {3, 6}, {1, 5}], [{8, 4}, {2, 7}, {5, 6}, {1, 3}], [{8, 4}, {2, 7}, {6}, {1, 5}, {3}], [{8, 4}, {3, 7}, {1, 6}, {2, 5}], [{8, 4}, {3, 7}, {2, 6}, {1, 5}], [{8, 4}, {3, 7}, {2, 6}, {5}, {1}], [{8, 4}, {3, 7}, {5, 6}, {1, 2}], [{8, 4}, {3, 7}, {6}, {1, 5}, {2}], [{8, 4}, {5, 7}, {1, 6}, {2, 3}], [{8, 4}, {5, 7}, {2, 6}, {1, 3}], [{8, 4}, {5, 7}, {2, 6}, {3}, {1}], [{8, 4}, {5, 7}, {3, 6}, {1, 2}], [{8, 4}, {6, 7}, {1, 5}, {2, 3}], [{8, 4}, {6, 7}, {1, 5}, {3}, {2}], [{8, 4}, {6, 7}, {2, 5}, {1, 3}], [{8, 4}, {6, 7}, {3, 5}, {1, 2}], [{8, 4}, {7}, {1, 6}, {2, 5}, {3}], [{8, 4}, {7}, {2, 6}, {1, 5}, {3}], [{8, 4}, {7}, {2, 6}, {3, 5}, {1}], [{8, 4}, {7}, {2, 6}, {5}, {1, 3}], [{8, 4}, {7}, {2, 6}, {5}, {3}, {1}], [{8, 4}, {7}, {3, 6}, {1, 5}, {2}], [{8, 4}, {7}, {5, 6}, {3}, {1, 2}], [{8, 4}, {7}, {6}, {1, 5}, {2, 3}], [{8, 4}, {7}, {6}, {1, 5}, {3}, {2}], [{8, 5}, {1, 7}, {2, 6}, {3, 4}], [{8, 5}, {1, 7}, {2, 6}, {4}, {3}], [{8, 5}, {1, 7}, {3, 6}, {2, 4}], [{8, 5}, {1, 7}, {4, 6}, {2, 3}], [{8, 5}, {1, 7}, {6}, {3, 4}, {2}], [{8, 5}, {2, 7}, {1, 6}, {3, 4}], [{8, 5}, {2, 7}, {3, 6}, {1, 4}], [{8, 5}, {2, 7}, {4, 6}, {1, 3}], [{8, 5}, {3, 7}, {1, 6}, {2, 4}], [{8, 5}, {3, 7}, {2, 6}, {1, 4}], [{8, 5}, {3, 7}, {4, 6}, {1, 2}], [{8, 5}, {4, 7}, {1, 6}, {2, 3}], [{8, 5}, {4, 7}, {2, 6}, {1, 3}], [{8, 5}, {4, 7}, {3, 6}, {1, 2}], [{8, 5}, {6, 7}, {1, 4}, {2, 3}], [{8, 5}, {6, 7}, {2, 4}, {1, 3}], [{8, 5}, {6, 7}, {3, 4}, {1, 2}], [{8, 6}, {1, 7}, {2, 5}, {3, 4}], [{8, 6}, {1, 7}, {3, 5}, {2, 4}], [{8, 6}, {1, 7}, {4, 5}, {2, 3}], [{8, 6}, {1, 7}, {5}, {3, 4}, {2}], [{8, 6}, {2, 7}, {1, 5}, {3, 4}], [{8, 6}, {2, 7}, {3, 5}, {1, 4}], [{8, 6}, {2, 7}, {4, 5}, {1, 3}], [{8, 6}, {3, 7}, {1, 5}, {2, 4}], [{8, 6}, {3, 7}, {2, 5}, {1, 4}], [{8, 6}, {3, 7}, {4, 5}, {1, 2}], [{8, 6}, {4, 7}, {1, 5}, {2, 3}], [{8, 6}, {4, 7}, {2, 5}, {1, 3}], [{8, 6}, {4, 7}, {3, 5}, {1, 2}], [{8, 6}, {4, 7}, {5}, {1, 3}, {2}], [{8, 6}, {5, 7}, {1, 4}, {2, 3}], [{8, 6}, {5, 7}, {2, 4}, {1, 3}], [{8, 6}, {5, 7}, {3, 4}, {1, 2}], [{8, 6}, {5, 7}, {3, 4}, {2}, {1}], [{8, 6}, {7}, {1, 5}, {3, 4}, {2}], [{8, 7}, {1, 6}, {2, 5}, {3, 4}], [{8, 7}, {1, 6}, {3, 5}, {2, 4}], [{8, 7}, {1, 6}, {4, 5}, {2, 3}], [{8, 7}, {2, 6}, {1, 5}, {3, 4}], [{8, 7}, {2, 6}, {3, 5}, {1, 4}], [{8, 7}, {2, 6}, {4, 5}, {1, 3}], [{8, 7}, {2, 6}, {5}, {1, 4}, {3}], [{8, 7}, {3, 6}, {1, 5}, {2, 4}], [{8, 7}, {3, 6}, {2, 5}, {1, 4}], [{8, 7}, {3, 6}, {4, 5}, {1, 2}], [{8, 7}, {3, 6}, {5}, {1, 4}, {2}], [{8, 7}, {4, 6}, {1, 5}, {2, 3}], [{8, 7}, {4, 6}, {2, 5}, {1, 3}], [{8, 7}, {4, 6}, {3, 5}, {1, 2}], [{8, 7}, {4, 6}, {5}, {1, 3}, {2}], [{8, 7}, {5, 6}, {1, 4}, {2, 3}], [{8, 7}, {5, 6}, {1, 4}, {3}, {2}], [{8, 7}, {5, 6}, {2, 4}, {1, 3}], [{8, 7}, {5, 6}, {3, 4}, {1, 2}], [{8, 7}, {6}, {1, 5}, {3, 4}, {2}], [{8, 7}, {6}, {2, 5}, {1, 4}, {3}], [{8, 7}, {6}, {3, 5}, {1, 4}, {2}], [{8, 7}, {6}, {5}, {1, 4}, {2, 3}], [{8}, {1, 7}, {2, 6}, {3, 5}, {4}], [{8}, {1, 7}, {2, 6}, {4, 5}, {3}], [{8}, {1, 7}, {2, 6}, {5}, {3, 4}], [{8}, {1, 7}, {2, 6}, {5}, {4}, {3}], [{8}, {1, 7}, {3, 6}, {5}, {2, 4}], [{8}, {1, 7}, {4, 6}, {5}, {2, 3}], [{8}, {1, 7}, {5, 6}, {3, 4}, {2}], [{8}, {1, 7}, {6}, {2, 5}, {3, 4}], [{8}, {1, 7}, {6}, {5}, {3, 4}, {2}], [{8}, {2, 7}, {3, 6}, {5}, {1, 4}], [{8}, {2, 7}, {4, 6}, {5}, {1, 3}], [{8}, {2, 7}, {5, 6}, {1, 4}, {3}], [{8}, {2, 7}, {6}, {1, 5}, {3, 4}], [{8}, {2, 7}, {6}, {3, 5}, {1, 4}], [{8}, {4, 7}, {6}, {2, 5}, {1, 3}], [{8}, {5, 7}, {1, 6}, {3, 4}, {2}], [{8}, {5, 7}, {2, 6}, {3, 4}, {1}], [{8}, {5, 7}, {3, 6}, {4}, {1, 2}], [{8}, {5, 7}, {4, 6}, {3}, {1, 2}], [{8}, {5, 7}, {6}, {3, 4}, {1, 2}], [{8}, {5, 7}, {6}, {3, 4}, {2}, {1}], [{8}, {6, 7}, {1, 5}, {3, 4}, {2}], [{8}, {7}, {2, 6}, {1, 5}, {3, 4}], [{8}, {7}, {6}, {1, 5}, {3, 4}, {2}]]",2,28 K_1^3 + 8 K_1^2 K_2 - 38 K_1^2 - 36 K_1 K_2 - 8 K_1 K_3 - 3 K_1 + 19 K_2 + 11 K_3 + 2 K_4 + 18,O1O2O3O4U5U6O7U3O8O5U1U7U8U4O6U2,O1O2O3O4U5U2O6U3O7O5U1U6U8U4O8U7,O1O2O3O4U5O6U1U6U7U4O8O5U2O7U3U8,c,{'O1O2O3O4U3O5U1U6U7U4O8O6U2O7U5U8'},1,"<a href=""/flatknot/8.733513"">8.733513</a>",t^9-60t^7-216t^6-88t^5+166t^4+65t^3-50t^2-17t+4,-t^2+2t,,
8.733514,O1O2O3O4U3O5U1U6U7U4O8O6U5O7U2U8,4,z^3+21z^2+95z+115,w^4z^3+21w^3z^2+95w^2z+115w,False,False,"[[ 0 -3  0 -1  3  2 -1  0  0],[ 3  0  3  0  2  2  2  1  2],[ 0 -3  0 -1  2  2 -2 -1  0],[ 1  0  1  0  1  1  0  0  0],[-3 -2 -2 -1  0  0 -3 -3 -1],[-2 -2 -2 -1  0  0 -2 -1 -1],[ 1 -2  2  0  3  2  0  0  1],[ 0 -1  1  0  3  1  0  0  0],[ 0 -2  0  0  1  1 -1  0  0]]","[[ 0  3  2  0  0  0 -1 -1 -3],[-3  0  0 -1 -2 -3 -1 -3 -2],[-2  0  0 -1 -2 -1 -1 -2 -2],[ 0  1  1  0  0  0  0 -1 -2],[ 0  2  2  0  0 -1 -1 -2 -3],[ 0  3  1  0  1  0  0  0 -1],[ 1  1  1  0  1  0  0  0  0],[ 1  3  2  1  2  0  0  0 -2],[ 3  2  2  2  3  1  0  2  0]]",True,"[-3,-2,0,0,0,1,1,3,0,1,2,3,1,3,2,1,2,1,1,2,2,0,0,0,1,2,1,1,2,3,0,0,1,0,0,2]","[-3,-2,0,0,0,1,1,3,0,1,2,3,1,3,2,1,2,1,1,2,2,0,0,0,1,2,1,1,2,3,0,0,1,0,0,2]",t^8+68t^6+198t^4+89t^2+1,"[-3,-1,-1,0,0,0,2,3,0,2,0,1,2,3,4,0,-1,0,1,1,1,0,1,1,2,3,0,1,0,1,0,1,2,1,0,1]","[-3,-2,0,0,0,1,1,3,1,0,1,2,1,3,4,1,0,1,1,2,3,1,0,1,1,2,0,-1,0,0,0,1,1,0,0,2]","[-3,-1,-1,0,0,0,2,3,0,2,1,2,3,2,2,0,0,0,1,1,1,0,1,2,2,3,0,1,1,3,0,1,1,2,2,0]",c,"[[{8, 1}, {2, 7}, {3, 6}, {4, 5}], [{8, 1}, {2, 7}, {4, 6}, {3, 5}], [{8, 1}, {2, 7}, {5, 6}, {3, 4}], [{8, 1}, {2, 7}, {6}, {4, 5}, {3}], [{8, 1}, {3, 7}, {2, 6}, {4, 5}], [{8, 1}, {3, 7}, {4, 6}, {2, 5}], [{8, 1}, {3, 7}, {5, 6}, {2, 4}], [{8, 1}, {4, 7}, {2, 6}, {3, 5}], [{8, 1}, {4, 7}, {3, 6}, {2, 5}], [{8, 1}, {4, 7}, {5, 6}, {2, 3}], [{8, 1}, {5, 7}, {2, 6}, {3, 4}], [{8, 1}, {5, 7}, {3, 6}, {2, 4}], [{8, 1}, {5, 7}, {4, 6}, {2, 3}], [{8, 1}, {5, 7}, {6}, {2, 4}, {3}], [{8, 1}, {5, 7}, {6}, {3, 4}, {2}], [{8, 1}, {5, 7}, {6}, {4}, {2, 3}], [{8, 1}, {6, 7}, {2, 5}, {3, 4}], [{8, 1}, {6, 7}, {3, 5}, {2, 4}], [{8, 1}, {6, 7}, {4, 5}, {2, 3}], [{8, 1}, {7}, {2, 6}, {3, 5}, {4}], [{8, 1}, {7}, {3, 6}, {2, 5}, {4}], [{8, 2}, {1, 7}, {3, 6}, {4, 5}], [{8, 2}, {1, 7}, {4, 6}, {3, 5}], [{8, 2}, {1, 7}, {5, 6}, {3, 4}], [{8, 2}, {3, 7}, {1, 6}, {4, 5}], [{8, 2}, {3, 7}, {4, 6}, {1, 5}], [{8, 2}, {3, 7}, {5, 6}, {1, 4}], [{8, 2}, {4, 7}, {1, 6}, {3, 5}], [{8, 2}, {4, 7}, {3, 6}, {1, 5}], [{8, 2}, {4, 7}, {5, 6}, {1, 3}], [{8, 2}, {5, 7}, {1, 6}, {3, 4}], [{8, 2}, {5, 7}, {3, 6}, {1, 4}], [{8, 2}, {5, 7}, {4, 6}, {1, 3}], [{8, 2}, {5, 7}, {6}, {3, 4}, {1}], [{8, 2}, {6, 7}, {1, 5}, {3, 4}], [{8, 2}, {6, 7}, {3, 5}, {1, 4}], [{8, 2}, {6, 7}, {4, 5}, {1, 3}], [{8, 2}, {7}, {3, 6}, {5}, {1, 4}], [{8, 2}, {7}, {5, 6}, {1, 4}, {3}], [{8, 2}, {7}, {6}, {3, 5}, {1, 4}], [{8, 3}, {1, 7}, {2, 6}, {4, 5}], [{8, 3}, {1, 7}, {4, 6}, {2, 5}], [{8, 3}, {1, 7}, {5, 6}, {2, 4}], [{8, 3}, {2, 7}, {1, 6}, {4, 5}], [{8, 3}, {2, 7}, {4, 6}, {1, 5}], [{8, 3}, {2, 7}, {5, 6}, {1, 4}], [{8, 3}, {4, 7}, {1, 6}, {2, 5}], [{8, 3}, {4, 7}, {2, 6}, {1, 5}], [{8, 3}, {4, 7}, {5, 6}, {1, 2}], [{8, 3}, {5, 7}, {1, 6}, {2, 4}], [{8, 3}, {5, 7}, {2, 6}, {1, 4}], [{8, 3}, {5, 7}, {4, 6}, {1, 2}], [{8, 3}, {6, 7}, {1, 5}, {2, 4}], [{8, 3}, {6, 7}, {2, 5}, {1, 4}], [{8, 3}, {6, 7}, {4, 5}, {1, 2}], [{8, 3}, {6, 7}, {4, 5}, {2}, {1}], [{8, 3}, {7}, {1, 6}, {2, 5}, {4}], [{8, 4}, {1, 7}, {2, 6}, {3, 5}], [{8, 4}, {1, 7}, {3, 6}, {2, 5}], [{8, 4}, {1, 7}, {5, 6}, {2, 3}], [{8, 4}, {1, 7}, {6}, {5}, {2, 3}], [{8, 4}, {2, 7}, {1, 6}, {3, 5}], [{8, 4}, {2, 7}, {1, 6}, {5}, {3}], [{8, 4}, {2, 7}, {3, 6}, {1, 5}], [{8, 4}, {2, 7}, {5, 6}, {1, 3}], [{8, 4}, {3, 7}, {1, 6}, {2, 5}], [{8, 4}, {3, 7}, {2, 6}, {1, 5}], [{8, 4}, {3, 7}, {2, 6}, {5}, {1}], [{8, 4}, {3, 7}, {5, 6}, {1, 2}], [{8, 4}, {5, 7}, {1, 6}, {2, 3}], [{8, 4}, {5, 7}, {2, 6}, {1, 3}], [{8, 4}, {5, 7}, {3, 6}, {1, 2}], [{8, 4}, {6, 7}, {1, 5}, {2, 3}], [{8, 4}, {6, 7}, {2, 5}, {1, 3}], [{8, 4}, {6, 7}, {3, 5}, {1, 2}], [{8, 4}, {6, 7}, {3, 5}, {2}, {1}], [{8, 4}, {7}, {5, 6}, {3}, {1, 2}], [{8, 5}, {1, 7}, {2, 6}, {3, 4}], [{8, 5}, {1, 7}, {3, 6}, {2, 4}], [{8, 5}, {1, 7}, {4, 6}, {2, 3}], [{8, 5}, {1, 7}, {6}, {2, 4}, {3}], [{8, 5}, {1, 7}, {6}, {3, 4}, {2}], [{8, 5}, {1, 7}, {6}, {4}, {2, 3}], [{8, 5}, {2, 7}, {1, 6}, {3, 4}], [{8, 5}, {2, 7}, {3, 6}, {1, 4}], [{8, 5}, {2, 7}, {4, 6}, {1, 3}], [{8, 5}, {3, 7}, {1, 6}, {2, 4}], [{8, 5}, {3, 7}, {2, 6}, {1, 4}], [{8, 5}, {3, 7}, {4, 6}, {1, 2}], [{8, 5}, {4, 7}, {1, 6}, {2, 3}], [{8, 5}, {4, 7}, {2, 6}, {1, 3}], [{8, 5}, {4, 7}, {3, 6}, {1, 2}], [{8, 5}, {6, 7}, {1, 4}, {2, 3}], [{8, 5}, {6, 7}, {2, 4}, {1, 3}], [{8, 5}, {6, 7}, {3, 4}, {1, 2}], [{8, 6}, {1, 7}, {2, 5}, {3, 4}], [{8, 6}, {1, 7}, {3, 5}, {2, 4}], [{8, 6}, {1, 7}, {4, 5}, {2, 3}], [{8, 6}, {1, 7}, {5}, {4}, {2, 3}], [{8, 6}, {2, 7}, {1, 5}, {3, 4}], [{8, 6}, {2, 7}, {3, 5}, {1, 4}], [{8, 6}, {2, 7}, {4, 5}, {1, 3}], [{8, 6}, {2, 7}, {5}, {3, 4}, {1}], [{8, 6}, {3, 7}, {1, 5}, {2, 4}], [{8, 6}, {3, 7}, {2, 5}, {1, 4}], [{8, 6}, {3, 7}, {4, 5}, {1, 2}], [{8, 6}, {4, 7}, {1, 5}, {2, 3}], [{8, 6}, {4, 7}, {2, 5}, {1, 3}], [{8, 6}, {4, 7}, {3, 5}, {1, 2}], [{8, 6}, {5, 7}, {1, 4}, {2, 3}], [{8, 6}, {5, 7}, {2, 4}, {1, 3}], [{8, 6}, {5, 7}, {3, 4}, {1, 2}], [{8, 6}, {5, 7}, {3, 4}, {2}, {1}], [{8, 6}, {7}, {2, 5}, {3, 4}, {1}], [{8, 6}, {7}, {5}, {2, 4}, {1, 3}], [{8, 7}, {1, 6}, {2, 5}, {3, 4}], [{8, 7}, {1, 6}, {3, 5}, {2, 4}], [{8, 7}, {1, 6}, {4, 5}, {2, 3}], [{8, 7}, {1, 6}, {5}, {2, 4}, {3}], [{8, 7}, {2, 6}, {1, 5}, {3, 4}], [{8, 7}, {2, 6}, {3, 5}, {1, 4}], [{8, 7}, {2, 6}, {4, 5}, {1, 3}], [{8, 7}, {2, 6}, {5}, {4}, {1, 3}], [{8, 7}, {3, 6}, {1, 5}, {2, 4}], [{8, 7}, {3, 6}, {2, 5}, {1, 4}], [{8, 7}, {3, 6}, {4, 5}, {1, 2}], [{8, 7}, {3, 6}, {5}, {1, 4}, {2}], [{8, 7}, {3, 6}, {5}, {2, 4}, {1}], [{8, 7}, {3, 6}, {5}, {4}, {1, 2}], [{8, 7}, {4, 6}, {1, 5}, {2, 3}], [{8, 7}, {4, 6}, {2, 5}, {1, 3}], [{8, 7}, {4, 6}, {3, 5}, {1, 2}], [{8, 7}, {4, 6}, {5}, {1, 3}, {2}], [{8, 7}, {5, 6}, {1, 4}, {2, 3}], [{8, 7}, {5, 6}, {1, 4}, {3}, {2}], [{8, 7}, {5, 6}, {2, 4}, {1, 3}], [{8, 7}, {5, 6}, {2, 4}, {3}, {1}], [{8, 7}, {5, 6}, {3, 4}, {1, 2}], [{8, 7}, {5, 6}, {4}, {3}, {1, 2}], [{8, 7}, {6}, {1, 5}, {2, 4}, {3}], [{8, 7}, {6}, {1, 5}, {3, 4}, {2}], [{8, 7}, {6}, {1, 5}, {4}, {2, 3}], [{8, 7}, {6}, {3, 5}, {1, 4}, {2}], [{8, 7}, {6}, {3, 5}, {2, 4}, {1}], [{8, 7}, {6}, {3, 5}, {4}, {1, 2}], [{8, 7}, {6}, {5}, {2, 4}, {1, 3}], [{8, 7}, {6}, {5}, {2, 4}, {3}, {1}], [{8}, {1, 7}, {4, 6}, {5}, {2, 3}], [{8}, {1, 7}, {5, 6}, {4}, {2, 3}], [{8}, {1, 7}, {6}, {4, 5}, {2, 3}], [{8}, {1, 7}, {6}, {5}, {4}, {2, 3}], [{8}, {2, 7}, {3, 6}, {1, 5}, {4}], [{8}, {2, 7}, {3, 6}, {4, 5}, {1}], [{8}, {2, 7}, {3, 6}, {5}, {1, 4}], [{8}, {2, 7}, {5, 6}, {1, 4}, {3}], [{8}, {2, 7}, {6}, {3, 5}, {1, 4}], [{8}, {3, 7}, {2, 6}, {1, 5}, {4}], [{8}, {4, 7}, {5, 6}, {3}, {1, 2}], [{8}, {5, 7}, {1, 6}, {3, 4}, {2}], [{8}, {5, 7}, {2, 6}, {3, 4}, {1}], [{8}, {5, 7}, {6}, {3, 4}, {1, 2}], [{8}, {5, 7}, {6}, {3, 4}, {2}, {1}], [{8}, {6, 7}, {5}, {2, 4}, {1, 3}]]",2,- 8 K_1^4 + 20 K_1^3 + 12 K_1^2 K_2 - 34 K_1^2 - 20 K_1 K_2 - 4 K_1 K_3 - 5 K_1 - 2 K_2^2 + 17 K_2 + 5 K_3 + K_4 + 19,O1O2O3O4U5U3O6U7O8O5U1U6U8U4O7U2,O1O2O3O4U5U2O6U3O7O5U1U7U8U4O8U6,O1O2O3O4U5O6U1U6U7U4O8O7U2O5U3U8,c,{'O1O2O3O4U3O5U1U6U7U4O8O6U5O7U2U8'},1,"<a href=""/flatknot/8.733514"">8.733514</a>",t^9-66t^7-244t^6-13t^5+526t^4+281t^3-122t^2-100t-20,-t^2+2t,,
8.733515,O1O2O3O4U3O5U1U6U7U4O8O6U5O7U8U2,4,2z^3+31z^2+110z+113,2w^4z^3+31w^3z^2+110w^2z+113w,False,False,"[[ 0 -3  1 -1  3  2 -1  0 -1],[ 3  0  3  0  2  2  2  1  1],[-1 -3  0 -1  2  1 -2 -1 -1],[ 1  0  1  0  1  1  0  0  0],[-3 -2 -2 -1  0  0 -3 -3 -1],[-2 -2 -1 -1  0  0 -2 -1 -1],[ 1 -2  2  0  3  2  0  0  0],[ 0 -1  1  0  3  1  0  0 -1],[ 1 -1  1  0  1  1  0  1  0]]","[[ 0  3  2  1  0 -1 -1 -1 -3],[-3  0  0 -2 -3 -1 -1 -3 -2],[-2  0  0 -1 -1 -1 -1 -2 -2],[-1  2  1  0 -1 -1 -1 -2 -3],[ 0  3  1  1  0  0 -1  0 -1],[ 1  1  1  1  0  0  0  0  0],[ 1  1  1  1  1  0  0  0 -1],[ 1  3  2  2  0  0  0  0 -2],[ 3  2  2  3  1  0  1  2  0]]",True,"[-3,-2,-1,0,1,1,1,3,0,2,3,1,1,3,2,1,1,1,1,2,2,1,1,1,2,3,0,1,0,1,0,0,0,0,1,2]","[-3,-2,-1,0,1,1,1,3,0,2,3,1,1,3,2,1,1,1,1,2,2,1,1,1,2,3,0,1,0,1,0,0,0,0,1,2]",t^8+63t^6+173t^4+54t^2+1,"[-3,-1,-1,-1,0,1,2,3,0,1,2,2,1,3,4,0,0,1,0,1,1,0,0,1,2,3,1,1,2,3,0,1,0,0,0,1]","[-3,-2,-1,0,1,1,1,3,1,0,0,1,3,3,4,0,1,1,2,2,3,0,0,1,1,1,1,0,1,2,0,0,0,0,1,2]","[-3,-1,-1,-1,0,1,2,3,0,1,2,1,3,2,2,0,0,0,1,1,1,0,1,1,1,1,0,2,2,3,1,1,3,1,2,0]",c,"[[{8, 1}, {2, 7}, {3, 6}, {4, 5}], [{8, 1}, {2, 7}, {4, 6}, {3, 5}], [{8, 1}, {2, 7}, {5, 6}, {3, 4}], [{8, 1}, {2, 7}, {6}, {4, 5}, {3}], [{8, 1}, {3, 7}, {2, 6}, {4, 5}], [{8, 1}, {3, 7}, {4, 6}, {2, 5}], [{8, 1}, {3, 7}, {5, 6}, {2, 4}], [{8, 1}, {4, 7}, {2, 6}, {3, 5}], [{8, 1}, {4, 7}, {3, 6}, {2, 5}], [{8, 1}, {4, 7}, {3, 6}, {5}, {2}], [{8, 1}, {4, 7}, {5, 6}, {2, 3}], [{8, 1}, {4, 7}, {5, 6}, {3}, {2}], [{8, 1}, {4, 7}, {6}, {3, 5}, {2}], [{8, 1}, {5, 7}, {2, 6}, {3, 4}], [{8, 1}, {5, 7}, {3, 6}, {2, 4}], [{8, 1}, {5, 7}, {4, 6}, {2, 3}], [{8, 1}, {5, 7}, {4, 6}, {3}, {2}], [{8, 1}, {5, 7}, {6}, {4}, {2, 3}], [{8, 1}, {6, 7}, {2, 5}, {3, 4}], [{8, 1}, {6, 7}, {3, 5}, {2, 4}], [{8, 1}, {6, 7}, {4, 5}, {2, 3}], [{8, 1}, {7}, {2, 6}, {3, 5}, {4}], [{8, 1}, {7}, {3, 6}, {2, 5}, {4}], [{8, 2}, {1, 7}, {3, 6}, {4, 5}], [{8, 2}, {1, 7}, {4, 6}, {3, 5}], [{8, 2}, {1, 7}, {5, 6}, {3, 4}], [{8, 2}, {1, 7}, {6}, {5}, {3, 4}], [{8, 2}, {3, 7}, {1, 6}, {4, 5}], [{8, 2}, {3, 7}, {4, 6}, {1, 5}], [{8, 2}, {3, 7}, {4, 6}, {5}, {1}], [{8, 2}, {3, 7}, {5, 6}, {1, 4}], [{8, 2}, {4, 7}, {1, 6}, {3, 5}], [{8, 2}, {4, 7}, {3, 6}, {1, 5}], [{8, 2}, {4, 7}, {3, 6}, {5}, {1}], [{8, 2}, {4, 7}, {5, 6}, {1, 3}], [{8, 2}, {4, 7}, {5, 6}, {3}, {1}], [{8, 2}, {4, 7}, {6}, {3, 5}, {1}], [{8, 2}, {5, 7}, {1, 6}, {3, 4}], [{8, 2}, {5, 7}, {3, 6}, {1, 4}], [{8, 2}, {5, 7}, {4, 6}, {1, 3}], [{8, 2}, {5, 7}, {6}, {3, 4}, {1}], [{8, 2}, {6, 7}, {1, 5}, {3, 4}], [{8, 2}, {6, 7}, {3, 5}, {1, 4}], [{8, 2}, {6, 7}, {4, 5}, {1, 3}], [{8, 2}, {7}, {1, 6}, {3, 5}, {4}], [{8, 2}, {7}, {6}, {1, 5}, {3, 4}], [{8, 3}, {1, 7}, {2, 6}, {4, 5}], [{8, 3}, {1, 7}, {4, 6}, {2, 5}], [{8, 3}, {1, 7}, {5, 6}, {2, 4}], [{8, 3}, {1, 7}, {6}, {2, 5}, {4}], [{8, 3}, {2, 7}, {1, 6}, {4, 5}], [{8, 3}, {2, 7}, {4, 6}, {1, 5}], [{8, 3}, {2, 7}, {4, 6}, {5}, {1}], [{8, 3}, {2, 7}, {5, 6}, {1, 4}], [{8, 3}, {4, 7}, {1, 6}, {2, 5}], [{8, 3}, {4, 7}, {2, 6}, {1, 5}], [{8, 3}, {4, 7}, {5, 6}, {1, 2}], [{8, 3}, {5, 7}, {1, 6}, {2, 4}], [{8, 3}, {5, 7}, {2, 6}, {1, 4}], [{8, 3}, {5, 7}, {4, 6}, {1, 2}], [{8, 3}, {6, 7}, {1, 5}, {2, 4}], [{8, 3}, {6, 7}, {2, 5}, {1, 4}], [{8, 3}, {6, 7}, {4, 5}, {1, 2}], [{8, 3}, {6, 7}, {5}, {2, 4}, {1}], [{8, 4}, {1, 7}, {2, 6}, {3, 5}], [{8, 4}, {1, 7}, {3, 6}, {2, 5}], [{8, 4}, {1, 7}, {5, 6}, {2, 3}], [{8, 4}, {1, 7}, {6}, {2, 5}, {3}], [{8, 4}, {1, 7}, {6}, {3, 5}, {2}], [{8, 4}, {1, 7}, {6}, {5}, {2, 3}], [{8, 4}, {2, 7}, {1, 6}, {3, 5}], [{8, 4}, {2, 7}, {1, 6}, {5}, {3}], [{8, 4}, {2, 7}, {3, 6}, {1, 5}], [{8, 4}, {2, 7}, {5, 6}, {1, 3}], [{8, 4}, {3, 7}, {1, 6}, {2, 5}], [{8, 4}, {3, 7}, {2, 6}, {1, 5}], [{8, 4}, {3, 7}, {5, 6}, {1, 2}], [{8, 4}, {3, 7}, {6}, {1, 5}, {2}], [{8, 4}, {5, 7}, {1, 6}, {2, 3}], [{8, 4}, {5, 7}, {2, 6}, {1, 3}], [{8, 4}, {5, 7}, {3, 6}, {1, 2}], [{8, 4}, {6, 7}, {1, 5}, {2, 3}], [{8, 4}, {6, 7}, {2, 5}, {1, 3}], [{8, 4}, {6, 7}, {3, 5}, {1, 2}], [{8, 4}, {7}, {3, 6}, {2, 5}, {1}], [{8, 4}, {7}, {5, 6}, {3}, {1, 2}], [{8, 5}, {1, 7}, {2, 6}, {3, 4}], [{8, 5}, {1, 7}, {3, 6}, {2, 4}], [{8, 5}, {1, 7}, {4, 6}, {2, 3}], [{8, 5}, {1, 7}, {6}, {3, 4}, {2}], [{8, 5}, {2, 7}, {1, 6}, {3, 4}], [{8, 5}, {2, 7}, {3, 6}, {1, 4}], [{8, 5}, {2, 7}, {4, 6}, {1, 3}], [{8, 5}, {3, 7}, {1, 6}, {2, 4}], [{8, 5}, {3, 7}, {2, 6}, {1, 4}], [{8, 5}, {3, 7}, {4, 6}, {1, 2}], [{8, 5}, {3, 7}, {6}, {1, 4}, {2}], [{8, 5}, {4, 7}, {1, 6}, {2, 3}], [{8, 5}, {4, 7}, {1, 6}, {3}, {2}], [{8, 5}, {4, 7}, {2, 6}, {1, 3}], [{8, 5}, {4, 7}, {3, 6}, {1, 2}], [{8, 5}, {4, 7}, {3, 6}, {2}, {1}], [{8, 5}, {4, 7}, {6}, {1, 3}, {2}], [{8, 5}, {6, 7}, {1, 4}, {2, 3}], [{8, 5}, {6, 7}, {2, 4}, {1, 3}], [{8, 5}, {6, 7}, {3, 4}, {1, 2}], [{8, 5}, {7}, {2, 6}, {4}, {1, 3}], [{8, 5}, {7}, {4, 6}, {3}, {1, 2}], [{8, 6}, {1, 7}, {2, 5}, {3, 4}], [{8, 6}, {1, 7}, {2, 5}, {4}, {3}], [{8, 6}, {1, 7}, {3, 5}, {2, 4}], [{8, 6}, {1, 7}, {4, 5}, {2, 3}], [{8, 6}, {2, 7}, {1, 5}, {3, 4}], [{8, 6}, {2, 7}, {3, 5}, {1, 4}], [{8, 6}, {2, 7}, {4, 5}, {1, 3}], [{8, 6}, {3, 7}, {1, 5}, {2, 4}], [{8, 6}, {3, 7}, {2, 5}, {1, 4}], [{8, 6}, {3, 7}, {4, 5}, {1, 2}], [{8, 6}, {4, 7}, {1, 5}, {2, 3}], [{8, 6}, {4, 7}, {2, 5}, {1, 3}], [{8, 6}, {4, 7}, {3, 5}, {1, 2}], [{8, 6}, {5, 7}, {1, 4}, {2, 3}], [{8, 6}, {5, 7}, {2, 4}, {1, 3}], [{8, 6}, {5, 7}, {3, 4}, {1, 2}], [{8, 6}, {7}, {3, 5}, {1, 4}, {2}], [{8, 6}, {7}, {5}, {2, 4}, {1, 3}], [{8, 6}, {7}, {5}, {3, 4}, {1, 2}], [{8, 7}, {1, 6}, {2, 5}, {3, 4}], [{8, 7}, {1, 6}, {3, 5}, {2, 4}], [{8, 7}, {1, 6}, {4, 5}, {2, 3}], [{8, 7}, {1, 6}, {5}, {2, 4}, {3}], [{8, 7}, {2, 6}, {1, 5}, {3, 4}], [{8, 7}, {2, 6}, {3, 5}, {1, 4}], [{8, 7}, {2, 6}, {4, 5}, {1, 3}], [{8, 7}, {3, 6}, {1, 5}, {2, 4}], [{8, 7}, {3, 6}, {2, 5}, {1, 4}], [{8, 7}, {3, 6}, {2, 5}, {4}, {1}], [{8, 7}, {3, 6}, {4, 5}, {1, 2}], [{8, 7}, {4, 6}, {1, 5}, {2, 3}], [{8, 7}, {4, 6}, {2, 5}, {1, 3}], [{8, 7}, {4, 6}, {3, 5}, {1, 2}], [{8, 7}, {5, 6}, {1, 4}, {2, 3}], [{8, 7}, {5, 6}, {2, 4}, {1, 3}], [{8, 7}, {5, 6}, {3, 4}, {1, 2}], [{8, 7}, {5, 6}, {4}, {3}, {1, 2}], [{8, 7}, {6}, {1, 5}, {3, 4}, {2}], [{8, 7}, {6}, {3, 5}, {1, 4}, {2}], [{8}, {1, 7}, {2, 6}, {4, 5}, {3}], [{8}, {1, 7}, {3, 6}, {2, 5}, {4}], [{8}, {1, 7}, {4, 6}, {2, 5}, {3}], [{8}, {1, 7}, {5, 6}, {2, 4}, {3}], [{8}, {1, 7}, {6}, {2, 5}, {3, 4}], [{8}, {1, 7}, {6}, {2, 5}, {4}, {3}], [{8}, {2, 7}, {3, 6}, {4, 5}, {1}], [{8}, {2, 7}, {5, 6}, {1, 4}, {3}], [{8}, {2, 7}, {6}, {1, 5}, {3, 4}], [{8}, {3, 7}, {1, 6}, {2, 5}, {4}], [{8}, {4, 7}, {2, 6}, {1, 5}, {3}], [{8}, {4, 7}, {3, 6}, {1, 5}, {2}], [{8}, {4, 7}, {3, 6}, {2, 5}, {1}], [{8}, {4, 7}, {3, 6}, {5}, {1, 2}], [{8}, {4, 7}, {3, 6}, {5}, {2}, {1}], [{8}, {4, 7}, {5, 6}, {3}, {1, 2}], [{8}, {4, 7}, {6}, {1, 5}, {2, 3}], [{8}, {4, 7}, {6}, {3, 5}, {1, 2}], [{8}, {5, 7}, {1, 6}, {3, 4}, {2}], [{8}, {5, 7}, {2, 6}, {1, 4}, {3}], [{8}, {5, 7}, {3, 6}, {2, 4}, {1}], [{8}, {6, 7}, {2, 5}, {4}, {1, 3}], [{8}, {6, 7}, {3, 5}, {1, 4}, {2}], [{8}, {7}, {3, 6}, {2, 5}, {1, 4}], [{8}, {7}, {3, 6}, {2, 5}, {4}, {1}]]",2,4 K_1^3 + 12 K_1^2 K_2 - 14 K_1^2 - 12 K_1 K_2 - 8 K_1 K_3 + 3 K_1 - 4 K_2^2 + 5 K_2 + 5 K_3 + 3 K_4 + 7,O1O2O3O4U3U5O6U7O8O5U1U6U8U4O7U2,O1O2O3O4U5U2O6U3O5O7U1U7U8U4O8U6,O1O2O3O4U5O6U1U6U7U4O7O8U2O5U3U8,c,{'O1O2O3O4U3O5U1U6U7U4O8O6U5O7U8U2'},1,"<a href=""/flatknot/8.733515"">8.733515</a>",t^9-61t^7-208t^6+66t^5+578t^4+194t^3-186t^2-20t+2,-t^2+2t,,
8.733516,O1O2O3O4U3O5U1U6U2U4O7O8U5O6U7U8,4,6z^3+43z^2+102z+81,6w^4z^3+43w^3z^2+102w^2z+81w,False,False,"[[ 0 -3  0 -1  3  2 -1 -1  1],[ 3  0  1  0  3  3  0  1  1],[ 0 -1  0  0  2  2 -2  0  0],[ 1  0  0  0  1  1  0  0  0],[-3 -3 -2 -1  0  1 -4  0  0],[-2 -3 -2 -1 -1  0 -2  0  1],[ 1  0  2  0  4  2  0 -1  0],[ 1 -1  0  0  0  0  1  0  1],[-1 -1  0  0  0 -1  0 -1  0]]","[[ 0  3  2  1  0 -1 -1 -1 -3],[-3  0  1  0 -2  0 -1 -4 -3],[-2 -1  0  1 -2  0 -1 -2 -3],[-1  0 -1  0  0 -1  0  0 -1],[ 0  2  2  0  0  0  0 -2 -1],[ 1  0  0  1  0  0  0  1 -1],[ 1  1  1  0  0  0  0  0  0],[ 1  4  2  0  2 -1  0  0  0],[ 3  3  3  1  1  1  0  0  0]]",True,"[-3,-2,-1,0,1,1,1,3,-1,0,2,0,1,4,3,-1,2,0,1,2,3,0,1,0,0,1,0,0,2,1,0,-1,1,0,0,0]","[-3,-2,-1,0,1,1,1,3,-1,0,2,0,1,4,3,-1,2,0,1,2,3,0,1,0,0,1,0,0,2,1,0,-1,1,0,0,0]",t^8+59t^6+315t^4+64t^2+1,"[-3,-1,-1,-1,0,1,2,3,1,2,2,2,3,2,3,-1,0,1,1,3,4,0,-1,2,1,0,1,2,2,3,1,0,1,2,2,2]","[-3,-2,-1,0,1,1,1,3,2,2,1,0,3,4,3,2,0,1,2,3,2,1,2,2,1,3,-1,1,1,2,0,-1,2,0,2,1]","[-3,-1,-1,-1,0,1,2,3,0,0,1,1,1,3,3,0,-1,2,0,2,4,0,0,0,1,1,0,1,0,0,0,2,2,-1,0,-1]",c,"[[{8, 1}, {2, 7}, {3, 6}, {4, 5}], [{8, 1}, {2, 7}, {4, 6}, {3, 5}], [{8, 1}, {2, 7}, {5, 6}, {3, 4}], [{8, 1}, {2, 7}, {6}, {5}, {3, 4}], [{8, 1}, {3, 7}, {2, 6}, {4, 5}], [{8, 1}, {3, 7}, {4, 6}, {2, 5}], [{8, 1}, {3, 7}, {4, 6}, {5}, {2}], [{8, 1}, {3, 7}, {5, 6}, {2, 4}], [{8, 1}, {4, 7}, {2, 6}, {3, 5}], [{8, 1}, {4, 7}, {3, 6}, {2, 5}], [{8, 1}, {4, 7}, {3, 6}, {5}, {2}], [{8, 1}, {4, 7}, {5, 6}, {2, 3}], [{8, 1}, {5, 7}, {2, 6}, {3, 4}], [{8, 1}, {5, 7}, {3, 6}, {2, 4}], [{8, 1}, {5, 7}, {4, 6}, {2, 3}], [{8, 1}, {5, 7}, {6}, {2, 4}, {3}], [{8, 1}, {5, 7}, {6}, {3, 4}, {2}], [{8, 1}, {5, 7}, {6}, {4}, {2, 3}], [{8, 1}, {6, 7}, {2, 5}, {3, 4}], [{8, 1}, {6, 7}, {2, 5}, {4}, {3}], [{8, 1}, {6, 7}, {3, 5}, {2, 4}], [{8, 1}, {6, 7}, {3, 5}, {4}, {2}], [{8, 1}, {6, 7}, {4, 5}, {2, 3}], [{8, 1}, {6, 7}, {4, 5}, {3}, {2}], [{8, 1}, {6, 7}, {5}, {2, 4}, {3}], [{8, 1}, {6, 7}, {5}, {3, 4}, {2}], [{8, 1}, {6, 7}, {5}, {4}, {2, 3}], [{8, 1}, {6, 7}, {5}, {4}, {3}, {2}], [{8, 1}, {7}, {2, 6}, {5}, {3, 4}], [{8, 1}, {7}, {5, 6}, {2, 4}, {3}], [{8, 1}, {7}, {5, 6}, {3, 4}, {2}], [{8, 1}, {7}, {5, 6}, {4}, {2, 3}], [{8, 1}, {7}, {6}, {2, 5}, {3, 4}], [{8, 1}, {7}, {6}, {5}, {3, 4}, {2}], [{8, 2}, {1, 7}, {3, 6}, {4, 5}], [{8, 2}, {1, 7}, {4, 6}, {3, 5}], [{8, 2}, {1, 7}, {5, 6}, {3, 4}], [{8, 2}, {3, 7}, {1, 6}, {4, 5}], [{8, 2}, {3, 7}, {4, 6}, {1, 5}], [{8, 2}, {3, 7}, {5, 6}, {1, 4}], [{8, 2}, {3, 7}, {6}, {4, 5}, {1}], [{8, 2}, {4, 7}, {1, 6}, {3, 5}], [{8, 2}, {4, 7}, {1, 6}, {5}, {3}], [{8, 2}, {4, 7}, {3, 6}, {1, 5}], [{8, 2}, {4, 7}, {5, 6}, {1, 3}], [{8, 2}, {5, 7}, {1, 6}, {3, 4}], [{8, 2}, {5, 7}, {3, 6}, {1, 4}], [{8, 2}, {5, 7}, {3, 6}, {4}, {1}], [{8, 2}, {5, 7}, {4, 6}, {1, 3}], [{8, 2}, {6, 7}, {1, 5}, {3, 4}], [{8, 2}, {6, 7}, {3, 5}, {1, 4}], [{8, 2}, {6, 7}, {4, 5}, {1, 3}], [{8, 2}, {7}, {3, 6}, {5}, {1, 4}], [{8, 3}, {1, 7}, {2, 6}, {4, 5}], [{8, 3}, {1, 7}, {4, 6}, {2, 5}], [{8, 3}, {1, 7}, {5, 6}, {2, 4}], [{8, 3}, {2, 7}, {1, 6}, {4, 5}], [{8, 3}, {2, 7}, {4, 6}, {1, 5}], [{8, 3}, {2, 7}, {5, 6}, {1, 4}], [{8, 3}, {4, 7}, {1, 6}, {2, 5}], [{8, 3}, {4, 7}, {1, 6}, {5}, {2}], [{8, 3}, {4, 7}, {2, 6}, {1, 5}], [{8, 3}, {4, 7}, {5, 6}, {1, 2}], [{8, 3}, {5, 7}, {1, 6}, {2, 4}], [{8, 3}, {5, 7}, {1, 6}, {4}, {2}], [{8, 3}, {5, 7}, {2, 6}, {1, 4}], [{8, 3}, {5, 7}, {4, 6}, {1, 2}], [{8, 3}, {6, 7}, {1, 5}, {2, 4}], [{8, 3}, {6, 7}, {2, 5}, {1, 4}], [{8, 3}, {6, 7}, {4, 5}, {1, 2}], [{8, 3}, {7}, {1, 6}, {4, 5}, {2}], [{8, 4}, {1, 7}, {2, 6}, {3, 5}], [{8, 4}, {1, 7}, {3, 6}, {2, 5}], [{8, 4}, {1, 7}, {5, 6}, {2, 3}], [{8, 4}, {2, 7}, {1, 6}, {3, 5}], [{8, 4}, {2, 7}, {3, 6}, {1, 5}], [{8, 4}, {2, 7}, {5, 6}, {1, 3}], [{8, 4}, {3, 7}, {1, 6}, {2, 5}], [{8, 4}, {3, 7}, {2, 6}, {1, 5}], [{8, 4}, {3, 7}, {2, 6}, {5}, {1}], [{8, 4}, {3, 7}, {5, 6}, {1, 2}], [{8, 4}, {3, 7}, {5, 6}, {2}, {1}], [{8, 4}, {3, 7}, {6}, {2, 5}, {1}], [{8, 4}, {5, 7}, {1, 6}, {2, 3}], [{8, 4}, {5, 7}, {1, 6}, {3}, {2}], [{8, 4}, {5, 7}, {2, 6}, {1, 3}], [{8, 4}, {5, 7}, {3, 6}, {1, 2}], [{8, 4}, {6, 7}, {1, 5}, {2, 3}], [{8, 4}, {6, 7}, {2, 5}, {1, 3}], [{8, 4}, {6, 7}, {3, 5}, {1, 2}], [{8, 4}, {7}, {3, 6}, {5}, {1, 2}], [{8, 5}, {1, 7}, {2, 6}, {3, 4}], [{8, 5}, {1, 7}, {3, 6}, {2, 4}], [{8, 5}, {1, 7}, {3, 6}, {4}, {2}], [{8, 5}, {1, 7}, {4, 6}, {2, 3}], [{8, 5}, {2, 7}, {1, 6}, {3, 4}], [{8, 5}, {2, 7}, {3, 6}, {1, 4}], [{8, 5}, {2, 7}, {3, 6}, {4}, {1}], [{8, 5}, {2, 7}, {4, 6}, {1, 3}], [{8, 5}, {3, 7}, {1, 6}, {2, 4}], [{8, 5}, {3, 7}, {2, 6}, {1, 4}], [{8, 5}, {3, 7}, {4, 6}, {1, 2}], [{8, 5}, {3, 7}, {4, 6}, {2}, {1}], [{8, 5}, {4, 7}, {1, 6}, {2, 3}], [{8, 5}, {4, 7}, {2, 6}, {1, 3}], [{8, 5}, {4, 7}, {3, 6}, {1, 2}], [{8, 5}, {4, 7}, {3, 6}, {2}, {1}], [{8, 5}, {6, 7}, {1, 4}, {2, 3}], [{8, 5}, {6, 7}, {2, 4}, {1, 3}], [{8, 5}, {6, 7}, {3, 4}, {1, 2}], [{8, 5}, {6, 7}, {3, 4}, {2}, {1}], [{8, 5}, {7}, {3, 6}, {1, 4}, {2}], [{8, 5}, {7}, {3, 6}, {2, 4}, {1}], [{8, 5}, {7}, {3, 6}, {4}, {1, 2}], [{8, 5}, {7}, {3, 6}, {4}, {2}, {1}], [{8, 6}, {1, 7}, {2, 5}, {3, 4}], [{8, 6}, {1, 7}, {3, 5}, {2, 4}], [{8, 6}, {1, 7}, {4, 5}, {2, 3}], [{8, 6}, {2, 7}, {1, 5}, {3, 4}], [{8, 6}, {2, 7}, {3, 5}, {1, 4}], [{8, 6}, {2, 7}, {4, 5}, {1, 3}], [{8, 6}, {3, 7}, {1, 5}, {2, 4}], [{8, 6}, {3, 7}, {2, 5}, {1, 4}], [{8, 6}, {3, 7}, {4, 5}, {1, 2}], [{8, 6}, {4, 7}, {1, 5}, {2, 3}], [{8, 6}, {4, 7}, {2, 5}, {1, 3}], [{8, 6}, {4, 7}, {3, 5}, {1, 2}], [{8, 6}, {4, 7}, {3, 5}, {2}, {1}], [{8, 6}, {4, 7}, {5}, {3}, {1, 2}], [{8, 6}, {5, 7}, {1, 4}, {2, 3}], [{8, 6}, {5, 7}, {2, 4}, {1, 3}], [{8, 6}, {5, 7}, {3, 4}, {1, 2}], [{8, 6}, {5, 7}, {3, 4}, {2}, {1}], [{8, 6}, {7}, {2, 5}, {4}, {1, 3}], [{8, 7}, {1, 6}, {2, 5}, {3, 4}], [{8, 7}, {1, 6}, {3, 5}, {2, 4}], [{8, 7}, {1, 6}, {4, 5}, {2, 3}], [{8, 7}, {2, 6}, {1, 5}, {3, 4}], [{8, 7}, {2, 6}, {3, 5}, {1, 4}], [{8, 7}, {2, 6}, {4, 5}, {1, 3}], [{8, 7}, {3, 6}, {1, 5}, {2, 4}], [{8, 7}, {3, 6}, {2, 5}, {1, 4}], [{8, 7}, {3, 6}, {2, 5}, {4}, {1}], [{8, 7}, {3, 6}, {4, 5}, {1, 2}], [{8, 7}, {3, 6}, {5}, {1, 4}, {2}], [{8, 7}, {4, 6}, {1, 5}, {2, 3}], [{8, 7}, {4, 6}, {2, 5}, {1, 3}], [{8, 7}, {4, 6}, {3, 5}, {1, 2}], [{8, 7}, {5, 6}, {1, 4}, {2, 3}], [{8, 7}, {5, 6}, {1, 4}, {3}, {2}], [{8, 7}, {5, 6}, {2, 4}, {1, 3}], [{8, 7}, {5, 6}, {3, 4}, {1, 2}], [{8, 7}, {6}, {3, 5}, {1, 4}, {2}], [{8}, {2, 7}, {1, 6}, {3, 5}, {4}], [{8}, {2, 7}, {3, 6}, {5}, {1, 4}], [{8}, {3, 7}, {4, 6}, {1, 5}, {2}], [{8}, {4, 7}, {1, 6}, {5}, {2, 3}], [{8}, {4, 7}, {3, 6}, {1, 5}, {2}], [{8}, {4, 7}, {6}, {2, 5}, {1, 3}], [{8}, {4, 7}, {6}, {3, 5}, {1, 2}], [{8}, {5, 7}, {1, 6}, {3, 4}, {2}], [{8}, {5, 7}, {3, 6}, {1, 4}, {2}], [{8}, {6, 7}, {1, 5}, {3, 4}, {2}], [{8}, {7}, {3, 6}, {2, 5}, {1, 4}], [{8}, {7}, {3, 6}, {4, 5}, {1, 2}]]",2,- 8 K_1^4 + 8 K_1^3 + 8 K_1^2 K_2 - 10 K_1^2 - 12 K_1 K_2 - 4 K_1 K_3 - 2 K_2^2 + 7 K_2 + 4 K_3 + 2 K_4 + 8,O1O2O3O4U5U6O7U8O5O6U1U3U7U4O8U2,O1O2O3O4U5U6O7U2O5O6U1U3U8U4O8U7,O1O2O3O4U5O6U1U6U2U4O7O8U3O5U7U8,c,{'O1O2O3O4U3O5U1U6U2U4O7O8U5O6U7U8'},1,"<a href=""/flatknot/8.733516"">8.733516</a>",t^9-57t^7-116t^6+296t^5+830t^4+93t^3-602t^2+92t+62,-t^2+2t,,
8.733517,O1O2O3O4U3O5U1U6U2U4O7O8U5O6U8U7,4,3z^3+38z^2+114z+101,3w^4z^3+38w^3z^2+114w^2z+101w,False,False,"[[ 0 -3  0 -1  3  2 -1  0  0],[ 3  0  1  0  3  3  0  1  1],[ 0 -1  0  0  2  2 -2  0  0],[ 1  0  0  0  1  1  0  0  0],[-3 -3 -2 -1  0  1 -4  0  0],[-2 -3 -2 -1 -1  0 -2  1  0],[ 1  0  2  0  4  2  0 -1  0],[ 0 -1  0  0  0 -1  1  0  0],[ 0 -1  0  0  0  0  0  0  0]]","[[ 0  3  2  0  0  0 -1 -1 -3],[-3  0  1  0  0 -2 -1 -4 -3],[-2 -1  0  1  0 -2 -1 -2 -3],[ 0  0 -1  0  0  0  0  1 -1],[ 0  0  0  0  0  0  0  0 -1],[ 0  2  2  0  0  0  0 -2 -1],[ 1  1  1  0  0  0  0  0  0],[ 1  4  2 -1  0  2  0  0  0],[ 3  3  3  1  1  1  0  0  0]]",True,"[-3,-2,0,0,0,1,1,3,-1,0,0,2,1,4,3,-1,0,2,1,2,3,0,0,0,-1,1,0,0,0,1,0,2,1,0,0,0]","[-3,-2,0,0,0,1,1,3,-1,0,0,2,1,4,3,-1,0,2,1,2,3,0,0,0,-1,1,0,0,0,1,0,2,1,0,0,0]",t^8+58t^6+246t^4+68t^2+4,"[-3,-1,-1,0,0,0,2,3,2,2,2,2,2,2,3,0,-1,1,2,1,0,1,1,1,2,3,0,0,0,1,0,2,3,3,3,2]","[-3,-2,0,0,0,1,1,3,2,1,3,3,0,3,3,0,2,3,1,2,2,0,0,-1,1,2,0,1,1,2,2,1,2,0,2,2]","[-3,-1,-1,0,0,0,2,3,0,0,1,1,1,3,3,0,-1,0,2,2,4,0,0,0,1,1,0,0,-1,0,0,0,0,2,2,-1]",c,"[[{8, 2}, {3, 7}, {4, 6}, {1, 5}], [{8, 2}, {3, 7}, {5, 6}, {1, 4}], [{8, 2}, {5, 7}, {3, 6}, {1, 4}], [{8, 2}, {6, 7}, {3, 5}, {1, 4}], [{8, 3}, {2, 7}, {5, 6}, {1, 4}], [{8, 5}, {2, 7}, {3, 6}, {1, 4}], [{8, 6}, {2, 7}, {3, 5}, {1, 4}]]",1,- 8 K_1^4 + 8 K_1^3 + 12 K_1^2 K_2 - 2 K_1^2 - 4 K_1 K_2 - 4 K_1 K_3 - 4 K_1 - 2 K_2^2 + K_2 + K_4 + 3,O1O2O3O4U5U6O7U8O6O5U1U3U7U4O8U2,O1O2O3O4U5U6O7U2O6O5U1U3U8U4O8U7,O1O2O3O4U5O6U1U6U2U4O7O8U3O5U8U7,c,{'O1O2O3O4U3O5U1U6U2U4O7O8U5O6U8U7'},1,"<a href=""/flatknot/8.733517"">8.733517</a>",t^9-56t^7-114t^6+207t^5+538t^4+107t^3-126t^2-22t+8,-t^2+2t,,
8.733518,O1O2O3O4U3O5U1U6U2U4O7O8U7O6U5U8,4,15z^2+84z+109,15w^3z^2+84w^2z+109w,False,False,"[[ 0 -3  0 -1  3  2 -1 -1  1],[ 3  0  1  0  3  3  1  0  1],[ 0 -1  0  0  2  1 -1  0  0],[ 1  0  0  0  1  1  0  0  0],[-3 -3 -2 -1  0  0 -3  0  0],[-2 -3 -1 -1  0  0 -2  0  1],[ 1 -1  1  0  3  2  0 -1  0],[ 1  0  0  0  0  0  1  0  1],[-1 -1  0  0  0 -1  0 -1  0]]","[[ 0  3  2  1  0 -1 -1 -1 -3],[-3  0  0  0 -2  0 -1 -3 -3],[-2  0  0  1 -1  0 -1 -2 -3],[-1  0 -1  0  0 -1  0  0 -1],[ 0  2  1  0  0  0  0 -1 -1],[ 1  0  0  1  0  0  0  1  0],[ 1  1  1  0  0  0  0  0  0],[ 1  3  2  0  1 -1  0  0 -1],[ 3  3  3  1  1  0  0  1  0]]",True,"[-3,-2,-1,0,1,1,1,3,0,0,2,0,1,3,3,-1,1,0,1,2,3,0,1,0,0,1,0,0,1,1,0,-1,0,0,0,1]","[-3,-2,-1,0,1,1,1,3,0,0,2,0,1,3,3,-1,1,0,1,2,3,0,1,0,0,1,0,0,1,1,0,-1,0,0,0,1]",t^8+45t^6+159t^4+47t^2,"[-3,-1,-1,-1,0,1,2,3,1,2,2,2,3,2,3,0,1,0,2,1,1,0,1,2,2,3,1,1,3,4,1,1,1,2,2,1]","[-3,-2,-1,0,1,1,1,3,1,2,1,1,3,4,3,2,1,1,2,3,2,1,2,2,1,3,0,1,1,2,0,-1,1,0,2,2]","[-3,-1,-1,-1,0,1,2,3,0,0,1,1,1,3,3,0,0,0,0,1,1,1,0,1,0,0,1,0,2,3,0,1,2,-1,0,0]",c,"[[{8, 1}, {6, 7}, {4, 5}, {2, 3}], [{8, 1}, {6, 7}, {5}, {4}, {2, 3}]]",1,12 K_1^3 + 12 K_1^2 K_2 - 22 K_1^2 - 16 K_1 K_2 - 12 K_1 K_3 - K_1 - 4 K_2^2 + 11 K_2 + 5 K_3 + 5 K_4 + 11,O1O2O3O4U5U6O7U8O5O8U1U3U7U4O6U2,O1O2O3O4U5U6O5U2O7O6U1U3U8U4O8U7,O1O2O3O4U5O6U1U6U2U4O7O5U3O8U7U8,c,{'O1O2O3O4U3O5U1U6U2U4O7O8U7O6U5U8'},1,"<a href=""/flatknot/8.733518"">8.733518</a>",t^9-43t^7-76t^6+170t^5+226t^4-120t^3-108t^2+30t+12,-t^2+2t,,
8.733519,O1O2O3O4U3O5U1U6U2U7O8O7U4O6U5U8,4,20z^2+105z+131,20w^3z^2+105w^2z+131w,False,False,"[[ 0 -3  0 -1  2  2 -1  1  0],[ 3  0  1  0  3  3  1  3  2],[ 0 -1  0  0  2  1 -1  0  1],[ 1  0  0  0  1  1  0  1  1],[-2 -3 -2 -1  0  0 -2 -2  0],[-2 -3 -1 -1  0  0 -2 -2 -1],[ 1 -1  1  0  2  2  0  2  1],[-1 -3  0 -1  2  2 -2  0  0],[ 0 -2 -1 -1  0  1 -1  0  0]]","[[ 0  2  2  1  0  0 -1 -1 -3],[-2  0  0 -2  0 -2 -1 -2 -3],[-2  0  0 -2 -1 -1 -1 -2 -3],[-1  2  2  0  0  0 -1 -2 -3],[ 0  0  1  0  0 -1 -1 -1 -2],[ 0  2  1  0  1  0  0 -1 -1],[ 1  1  1  1  1  0  0  0  0],[ 1  2  2  2  1  1  0  0 -1],[ 3  3  3  3  2  1  0  1  0]]",True,"[-2,-2,-1,0,0,1,1,3,0,2,0,2,1,2,3,2,1,1,1,2,3,0,0,1,2,3,1,1,1,2,0,1,1,0,0,1]","[-3,-1,-1,0,0,1,2,2,0,1,1,2,3,3,3,0,0,1,1,1,1,1,1,2,2,2,1,0,1,2,0,1,0,2,2,0]",t^8+66t^6+170t^4+34t^2,"[-3,-1,-1,0,0,1,2,2,1,2,1,2,1,2,2,0,0,0,0,1,1,0,1,1,2,2,1,1,1,2,1,1,0,-1,-1,0]","[-2,-2,-1,0,0,1,1,3,0,-1,0,2,1,2,2,-1,1,1,1,2,2,1,1,0,1,1,1,0,1,2,0,0,1,0,1,2]","[-3,-1,-1,0,0,1,2,2,0,1,1,2,3,3,3,0,0,1,1,1,1,1,1,2,2,2,1,0,1,2,0,1,0,2,2,0]",c,"[[{8, 1}, {2, 7}, {3, 6}, {4, 5}], [{8, 1}, {2, 7}, {4, 6}, {3, 5}], [{8, 1}, {2, 7}, {4, 6}, {5}, {3}], [{8, 1}, {2, 7}, {5, 6}, {3, 4}], [{8, 1}, {3, 7}, {2, 6}, {4, 5}], [{8, 1}, {3, 7}, {4, 6}, {2, 5}], [{8, 1}, {3, 7}, {5, 6}, {2, 4}], [{8, 1}, {3, 7}, {6}, {5}, {2, 4}], [{8, 1}, {4, 7}, {2, 6}, {3, 5}], [{8, 1}, {4, 7}, {3, 6}, {2, 5}], [{8, 1}, {4, 7}, {5, 6}, {2, 3}], [{8, 1}, {4, 7}, {5, 6}, {3}, {2}], [{8, 1}, {5, 7}, {2, 6}, {3, 4}], [{8, 1}, {5, 7}, {3, 6}, {2, 4}], [{8, 1}, {5, 7}, {4, 6}, {2, 3}], [{8, 1}, {5, 7}, {6}, {2, 4}, {3}], [{8, 1}, {6, 7}, {2, 5}, {3, 4}], [{8, 1}, {6, 7}, {3, 5}, {2, 4}], [{8, 1}, {6, 7}, {4, 5}, {2, 3}], [{8, 1}, {7}, {6}, {3, 5}, {2, 4}], [{8, 2}, {1, 7}, {3, 6}, {4, 5}], [{8, 2}, {1, 7}, {3, 6}, {5}, {4}], [{8, 2}, {1, 7}, {4, 6}, {3, 5}], [{8, 2}, {1, 7}, {4, 6}, {5}, {3}], [{8, 2}, {1, 7}, {5, 6}, {3, 4}], [{8, 2}, {1, 7}, {5, 6}, {4}, {3}], [{8, 2}, {1, 7}, {6}, {3, 5}, {4}], [{8, 2}, {1, 7}, {6}, {4, 5}, {3}], [{8, 2}, {1, 7}, {6}, {5}, {3, 4}], [{8, 2}, {1, 7}, {6}, {5}, {4}, {3}], [{8, 2}, {3, 7}, {1, 6}, {4, 5}], [{8, 2}, {3, 7}, {1, 6}, {5}, {4}], [{8, 2}, {3, 7}, {4, 6}, {1, 5}], [{8, 2}, {3, 7}, {5, 6}, {1, 4}], [{8, 2}, {4, 7}, {1, 6}, {3, 5}], [{8, 2}, {4, 7}, {1, 6}, {5}, {3}], [{8, 2}, {4, 7}, {3, 6}, {1, 5}], [{8, 2}, {4, 7}, {5, 6}, {1, 3}], [{8, 2}, {5, 7}, {1, 6}, {3, 4}], [{8, 2}, {5, 7}, {1, 6}, {4}, {3}], [{8, 2}, {5, 7}, {3, 6}, {1, 4}], [{8, 2}, {5, 7}, {4, 6}, {1, 3}], [{8, 2}, {6, 7}, {1, 5}, {3, 4}], [{8, 2}, {6, 7}, {1, 5}, {4}, {3}], [{8, 2}, {6, 7}, {3, 5}, {1, 4}], [{8, 2}, {6, 7}, {3, 5}, {4}, {1}], [{8, 2}, {6, 7}, {4, 5}, {1, 3}], [{8, 2}, {6, 7}, {4, 5}, {3}, {1}], [{8, 2}, {6, 7}, {5}, {1, 4}, {3}], [{8, 2}, {6, 7}, {5}, {3, 4}, {1}], [{8, 2}, {6, 7}, {5}, {4}, {1, 3}], [{8, 2}, {6, 7}, {5}, {4}, {3}, {1}], [{8, 2}, {7}, {1, 6}, {3, 5}, {4}], [{8, 2}, {7}, {1, 6}, {4, 5}, {3}], [{8, 2}, {7}, {1, 6}, {5}, {3, 4}], [{8, 2}, {7}, {1, 6}, {5}, {4}, {3}], [{8, 3}, {1, 7}, {2, 6}, {4, 5}], [{8, 3}, {1, 7}, {4, 6}, {2, 5}], [{8, 3}, {1, 7}, {5, 6}, {2, 4}], [{8, 3}, {2, 7}, {1, 6}, {4, 5}], [{8, 3}, {2, 7}, {1, 6}, {5}, {4}], [{8, 3}, {2, 7}, {4, 6}, {1, 5}], [{8, 3}, {2, 7}, {5, 6}, {1, 4}], [{8, 3}, {4, 7}, {1, 6}, {2, 5}], [{8, 3}, {4, 7}, {2, 6}, {1, 5}], [{8, 3}, {4, 7}, {5, 6}, {1, 2}], [{8, 3}, {5, 7}, {1, 6}, {2, 4}], [{8, 3}, {5, 7}, {2, 6}, {1, 4}], [{8, 3}, {5, 7}, {4, 6}, {1, 2}], [{8, 3}, {6, 7}, {1, 5}, {2, 4}], [{8, 3}, {6, 7}, {2, 5}, {1, 4}], [{8, 3}, {6, 7}, {4, 5}, {1, 2}], [{8, 3}, {7}, {1, 6}, {4, 5}, {2}], [{8, 3}, {7}, {5, 6}, {2, 4}, {1}], [{8, 4}, {1, 7}, {2, 6}, {3, 5}], [{8, 4}, {1, 7}, {3, 6}, {2, 5}], [{8, 4}, {1, 7}, {3, 6}, {5}, {2}], [{8, 4}, {1, 7}, {5, 6}, {2, 3}], [{8, 4}, {1, 7}, {6}, {2, 5}, {3}], [{8, 4}, {2, 7}, {1, 6}, {3, 5}], [{8, 4}, {2, 7}, {3, 6}, {1, 5}], [{8, 4}, {2, 7}, {5, 6}, {1, 3}], [{8, 4}, {3, 7}, {1, 6}, {2, 5}], [{8, 4}, {3, 7}, {2, 6}, {1, 5}], [{8, 4}, {3, 7}, {5, 6}, {1, 2}], [{8, 4}, {5, 7}, {1, 6}, {2, 3}], [{8, 4}, {5, 7}, {1, 6}, {3}, {2}], [{8, 4}, {5, 7}, {2, 6}, {1, 3}], [{8, 4}, {5, 7}, {3, 6}, {1, 2}], [{8, 4}, {6, 7}, {1, 5}, {2, 3}], [{8, 4}, {6, 7}, {2, 5}, {1, 3}], [{8, 4}, {6, 7}, {3, 5}, {1, 2}], [{8, 5}, {1, 7}, {2, 6}, {3, 4}], [{8, 5}, {1, 7}, {3, 6}, {2, 4}], [{8, 5}, {1, 7}, {3, 6}, {4}, {2}], [{8, 5}, {1, 7}, {4, 6}, {2, 3}], [{8, 5}, {1, 7}, {6}, {2, 4}, {3}], [{8, 5}, {2, 7}, {1, 6}, {3, 4}], [{8, 5}, {2, 7}, {3, 6}, {1, 4}], [{8, 5}, {2, 7}, {4, 6}, {1, 3}], [{8, 5}, {3, 7}, {1, 6}, {2, 4}], [{8, 5}, {3, 7}, {2, 6}, {1, 4}], [{8, 5}, {3, 7}, {2, 6}, {4}, {1}], [{8, 5}, {3, 7}, {4, 6}, {1, 2}], [{8, 5}, {3, 7}, {6}, {1, 4}, {2}], [{8, 5}, {4, 7}, {1, 6}, {2, 3}], [{8, 5}, {4, 7}, {2, 6}, {1, 3}], [{8, 5}, {4, 7}, {3, 6}, {1, 2}], [{8, 5}, {4, 7}, {6}, {3}, {1, 2}], [{8, 5}, {6, 7}, {1, 4}, {2, 3}], [{8, 5}, {6, 7}, {2, 4}, {1, 3}], [{8, 5}, {6, 7}, {3, 4}, {1, 2}], [{8, 6}, {1, 7}, {2, 5}, {3, 4}], [{8, 6}, {1, 7}, {3, 5}, {2, 4}], [{8, 6}, {1, 7}, {3, 5}, {4}, {2}], [{8, 6}, {1, 7}, {4, 5}, {2, 3}], [{8, 6}, {2, 7}, {1, 5}, {3, 4}], [{8, 6}, {2, 7}, {3, 5}, {1, 4}], [{8, 6}, {2, 7}, {4, 5}, {1, 3}], [{8, 6}, {3, 7}, {1, 5}, {2, 4}], [{8, 6}, {3, 7}, {2, 5}, {1, 4}], [{8, 6}, {3, 7}, {4, 5}, {1, 2}], [{8, 6}, {3, 7}, {5}, {1, 4}, {2}], [{8, 6}, {4, 7}, {1, 5}, {2, 3}], [{8, 6}, {4, 7}, {1, 5}, {3}, {2}], [{8, 6}, {4, 7}, {2, 5}, {1, 3}], [{8, 6}, {4, 7}, {3, 5}, {1, 2}], [{8, 6}, {4, 7}, {5}, {2, 3}, {1}], [{8, 6}, {5, 7}, {1, 4}, {2, 3}], [{8, 6}, {5, 7}, {2, 4}, {1, 3}], [{8, 6}, {5, 7}, {2, 4}, {3}, {1}], [{8, 6}, {5, 7}, {3, 4}, {1, 2}], [{8, 6}, {7}, {4, 5}, {3}, {1, 2}], [{8, 7}, {1, 6}, {2, 5}, {3, 4}], [{8, 7}, {1, 6}, {3, 5}, {2, 4}], [{8, 7}, {1, 6}, {4, 5}, {2, 3}], [{8, 7}, {1, 6}, {4, 5}, {3}, {2}], [{8, 7}, {1, 6}, {5}, {4}, {2, 3}], [{8, 7}, {2, 6}, {1, 5}, {3, 4}], [{8, 7}, {2, 6}, {3, 5}, {1, 4}], [{8, 7}, {2, 6}, {4, 5}, {1, 3}], [{8, 7}, {2, 6}, {5}, {1, 4}, {3}], [{8, 7}, {3, 6}, {1, 5}, {2, 4}], [{8, 7}, {3, 6}, {2, 5}, {1, 4}], [{8, 7}, {3, 6}, {4, 5}, {1, 2}], [{8, 7}, {4, 6}, {1, 5}, {2, 3}], [{8, 7}, {4, 6}, {2, 5}, {1, 3}], [{8, 7}, {4, 6}, {3, 5}, {1, 2}], [{8, 7}, {5, 6}, {1, 4}, {2, 3}], [{8, 7}, {5, 6}, {2, 4}, {1, 3}], [{8, 7}, {5, 6}, {2, 4}, {3}, {1}], [{8, 7}, {5, 6}, {3, 4}, {1, 2}], [{8, 7}, {6}, {3, 5}, {1, 4}, {2}], [{8}, {1, 7}, {2, 6}, {3, 5}, {4}], [{8}, {1, 7}, {3, 6}, {2, 5}, {4}], [{8}, {1, 7}, {3, 6}, {4, 5}, {2}], [{8}, {1, 7}, {3, 6}, {5}, {2, 4}], [{8}, {2, 7}, {1, 6}, {4, 5}, {3}], [{8}, {3, 7}, {1, 6}, {4, 5}, {2}], [{8}, {3, 7}, {4, 6}, {1, 5}, {2}], [{8}, {3, 7}, {5, 6}, {1, 4}, {2}], [{8}, {3, 7}, {5, 6}, {2, 4}, {1}], [{8}, {3, 7}, {5, 6}, {4}, {1, 2}], [{8}, {4, 7}, {2, 6}, {3, 5}, {1}], [{8}, {4, 7}, {3, 6}, {2, 5}, {1}], [{8}, {4, 7}, {6}, {1, 5}, {2, 3}], [{8}, {5, 7}, {1, 6}, {2, 4}, {3}], [{8}, {7}, {1, 6}, {4, 5}, {2, 3}], [{8}, {7}, {2, 6}, {3, 5}, {1, 4}], [{8}, {7}, {3, 6}, {2, 5}, {1, 4}]]",2,12 K_1^3 + 12 K_1^2 K_2 - 22 K_1^2 - 18 K_1 K_2 - 14 K_1 K_3 - 6 K_2^2 + 12 K_2 + 6 K_3 + 7 K_4 + 12,O1O2O3O4U5U6O7U1O8O5U8U3U7U4O6U2,O1O2O3O4U5U4O6U2O7O5U1U3U8U6O8U7,O1O2O3O4U5O6U7U6U2U4O8O5U3O7U1U8,c,{'O1O2O3O4U3O5U1U6U2U7O8O7U4O6U5U8'},1,"<a href=""/flatknot/8.733519"">8.733519</a>",t^9-68t^7-200t^6+70t^5+318t^4-169t^3-174t^2+173t-10,t^3-2t^2+t,,
8.733520,O1O2O3O4U3O5U1U6U2U7O8O7U5O6U4U8,3,8z^2+69z+107,8w^3z^2-16w^3z+85w^2z+107w,False,False,"[[ 0 -3  0 -1  2  2 -1  1  0],[ 3  0  1  0  4  2  1  3  2],[ 0 -1  0  0  2  1 -1  0  1],[ 1  0  0  0  1  0  1  1  1],[-2 -4 -2 -1  0  1 -3 -2  0],[-2 -2 -1  0 -1  0 -2 -2 -1],[ 1 -1  1 -1  3  2  0  2  1],[-1 -3  0 -1  2  2 -2  0  0],[ 0 -2 -1 -1  0  1 -1  0  0]]","[[ 0  2  2  1  0  0 -1 -1 -3],[-2  0  1 -2  0 -2 -1 -3 -4],[-2 -1  0 -2 -1 -1  0 -2 -2],[-1  2  2  0  0  0 -1 -2 -3],[ 0  0  1  0  0 -1 -1 -1 -2],[ 0  2  1  0  1  0  0 -1 -1],[ 1  1  0  1  1  0  0  1  0],[ 1  3  2  2  1  1 -1  0 -1],[ 3  4  2  3  2  1  0  1  0]]",True,"[-2,-2,-1,0,0,1,1,3,-1,2,0,2,1,3,4,2,1,1,0,2,2,0,0,1,2,3,1,1,1,2,0,1,1,-1,0,1]","[-3,-1,-1,0,0,1,2,2,0,1,1,2,3,2,4,1,0,1,1,0,1,1,1,2,2,3,1,0,1,2,0,1,0,2,2,-1]",t^8+74t^6+193t^4+44t^2,"[-3,-1,-1,0,0,1,2,2,1,2,1,2,1,1,3,1,0,0,0,0,1,0,1,1,2,3,1,1,2,1,1,0,1,-1,-1,-1]","[-2,-2,-1,0,0,1,1,3,-1,-1,1,1,1,3,3,-1,0,2,0,2,1,1,1,0,1,1,1,0,1,2,0,0,1,-1,1,2]","[-3,-1,-1,0,0,1,2,2,0,1,1,2,3,2,4,1,0,1,1,0,1,1,1,2,2,3,1,0,1,2,0,1,0,2,2,-1]",c,"[[{8, 1}, {2, 7}, {3, 6}, {4, 5}], [{8, 1}, {2, 7}, {4, 6}, {3, 5}], [{8, 1}, {2, 7}, {5, 6}, {3, 4}], [{8, 1}, {3, 7}, {2, 6}, {4, 5}], [{8, 1}, {3, 7}, {4, 6}, {2, 5}], [{8, 1}, {3, 7}, {5, 6}, {2, 4}], [{8, 1}, {4, 7}, {2, 6}, {3, 5}], [{8, 1}, {4, 7}, {3, 6}, {2, 5}], [{8, 1}, {4, 7}, {5, 6}, {2, 3}], [{8, 1}, {5, 7}, {2, 6}, {3, 4}], [{8, 1}, {5, 7}, {3, 6}, {2, 4}], [{8, 1}, {5, 7}, {4, 6}, {2, 3}], [{8, 1}, {6, 7}, {2, 5}, {3, 4}], [{8, 1}, {6, 7}, {3, 5}, {2, 4}], [{8, 1}, {6, 7}, {4, 5}, {2, 3}], [{8, 1}, {7}, {5, 6}, {2, 4}, {3}], [{8, 1}, {7}, {5, 6}, {3, 4}, {2}], [{8, 1}, {7}, {5, 6}, {4}, {2, 3}], [{8, 2}, {1, 7}, {3, 6}, {4, 5}], [{8, 2}, {1, 7}, {3, 6}, {5}, {4}], [{8, 2}, {1, 7}, {4, 6}, {3, 5}], [{8, 2}, {1, 7}, {5, 6}, {3, 4}], [{8, 2}, {3, 7}, {1, 6}, {4, 5}], [{8, 2}, {3, 7}, {1, 6}, {5}, {4}], [{8, 2}, {3, 7}, {4, 6}, {1, 5}], [{8, 2}, {3, 7}, {5, 6}, {1, 4}], [{8, 2}, {4, 7}, {1, 6}, {3, 5}], [{8, 2}, {4, 7}, {3, 6}, {1, 5}], [{8, 2}, {4, 7}, {5, 6}, {1, 3}], [{8, 2}, {5, 7}, {1, 6}, {3, 4}], [{8, 2}, {5, 7}, {3, 6}, {1, 4}], [{8, 2}, {5, 7}, {4, 6}, {1, 3}], [{8, 2}, {6, 7}, {1, 5}, {3, 4}], [{8, 2}, {6, 7}, {3, 5}, {1, 4}], [{8, 2}, {6, 7}, {3, 5}, {4}, {1}], [{8, 2}, {6, 7}, {4, 5}, {1, 3}], [{8, 2}, {7}, {4, 6}, {1, 5}, {3}], [{8, 2}, {7}, {5, 6}, {1, 4}, {3}], [{8, 2}, {7}, {5, 6}, {3, 4}, {1}], [{8, 2}, {7}, {5, 6}, {4}, {1, 3}], [{8, 3}, {1, 7}, {2, 6}, {4, 5}], [{8, 3}, {1, 7}, {4, 6}, {2, 5}], [{8, 3}, {1, 7}, {5, 6}, {2, 4}], [{8, 3}, {2, 7}, {1, 6}, {4, 5}], [{8, 3}, {2, 7}, {4, 6}, {1, 5}], [{8, 3}, {2, 7}, {5, 6}, {1, 4}], [{8, 3}, {4, 7}, {1, 6}, {2, 5}], [{8, 3}, {4, 7}, {2, 6}, {1, 5}], [{8, 3}, {4, 7}, {5, 6}, {1, 2}], [{8, 3}, {4, 7}, {6}, {5}, {1, 2}], [{8, 3}, {5, 7}, {1, 6}, {2, 4}], [{8, 3}, {5, 7}, {1, 6}, {4}, {2}], [{8, 3}, {5, 7}, {2, 6}, {1, 4}], [{8, 3}, {5, 7}, {2, 6}, {4}, {1}], [{8, 3}, {5, 7}, {4, 6}, {1, 2}], [{8, 3}, {5, 7}, {6}, {4}, {1, 2}], [{8, 3}, {6, 7}, {1, 5}, {2, 4}], [{8, 3}, {6, 7}, {2, 5}, {1, 4}], [{8, 3}, {6, 7}, {4, 5}, {1, 2}], [{8, 3}, {6, 7}, {5}, {4}, {1, 2}], [{8, 3}, {7}, {4, 6}, {1, 5}, {2}], [{8, 3}, {7}, {4, 6}, {2, 5}, {1}], [{8, 3}, {7}, {4, 6}, {5}, {1, 2}], [{8, 3}, {7}, {5, 6}, {1, 4}, {2}], [{8, 3}, {7}, {5, 6}, {2, 4}, {1}], [{8, 3}, {7}, {5, 6}, {4}, {1, 2}], [{8, 3}, {7}, {6}, {4, 5}, {1, 2}], [{8, 3}, {7}, {6}, {5}, {4}, {1, 2}], [{8, 4}, {1, 7}, {2, 6}, {3, 5}], [{8, 4}, {1, 7}, {3, 6}, {2, 5}], [{8, 4}, {1, 7}, {3, 6}, {5}, {2}], [{8, 4}, {1, 7}, {5, 6}, {2, 3}], [{8, 4}, {2, 7}, {1, 6}, {3, 5}], [{8, 4}, {2, 7}, {3, 6}, {1, 5}], [{8, 4}, {2, 7}, {5, 6}, {1, 3}], [{8, 4}, {2, 7}, {6}, {5}, {1, 3}], [{8, 4}, {3, 7}, {1, 6}, {2, 5}], [{8, 4}, {3, 7}, {1, 6}, {5}, {2}], [{8, 4}, {3, 7}, {2, 6}, {1, 5}], [{8, 4}, {3, 7}, {5, 6}, {1, 2}], [{8, 4}, {5, 7}, {1, 6}, {2, 3}], [{8, 4}, {5, 7}, {2, 6}, {1, 3}], [{8, 4}, {5, 7}, {3, 6}, {1, 2}], [{8, 4}, {5, 7}, {6}, {1, 3}, {2}], [{8, 4}, {6, 7}, {1, 5}, {2, 3}], [{8, 4}, {6, 7}, {2, 5}, {1, 3}], [{8, 4}, {6, 7}, {3, 5}, {1, 2}], [{8, 4}, {6, 7}, {5}, {1, 3}, {2}], [{8, 4}, {7}, {2, 6}, {5}, {1, 3}], [{8, 4}, {7}, {5, 6}, {1, 3}, {2}], [{8, 4}, {7}, {5, 6}, {2, 3}, {1}], [{8, 4}, {7}, {5, 6}, {3}, {1, 2}], [{8, 4}, {7}, {6}, {2, 5}, {1, 3}], [{8, 4}, {7}, {6}, {5}, {1, 3}, {2}], [{8, 5}, {1, 7}, {2, 6}, {3, 4}], [{8, 5}, {1, 7}, {3, 6}, {2, 4}], [{8, 5}, {1, 7}, {3, 6}, {4}, {2}], [{8, 5}, {1, 7}, {4, 6}, {2, 3}], [{8, 5}, {2, 7}, {1, 6}, {3, 4}], [{8, 5}, {2, 7}, {3, 6}, {1, 4}], [{8, 5}, {2, 7}, {4, 6}, {1, 3}], [{8, 5}, {3, 7}, {1, 6}, {2, 4}], [{8, 5}, {3, 7}, {1, 6}, {4}, {2}], [{8, 5}, {3, 7}, {2, 6}, {1, 4}], [{8, 5}, {3, 7}, {2, 6}, {4}, {1}], [{8, 5}, {3, 7}, {4, 6}, {1, 2}], [{8, 5}, {3, 7}, {6}, {4}, {1, 2}], [{8, 5}, {4, 7}, {1, 6}, {2, 3}], [{8, 5}, {4, 7}, {2, 6}, {1, 3}], [{8, 5}, {4, 7}, {3, 6}, {1, 2}], [{8, 5}, {6, 7}, {1, 4}, {2, 3}], [{8, 5}, {6, 7}, {2, 4}, {1, 3}], [{8, 5}, {6, 7}, {3, 4}, {1, 2}], [{8, 6}, {1, 7}, {2, 5}, {3, 4}], [{8, 6}, {1, 7}, {3, 5}, {2, 4}], [{8, 6}, {1, 7}, {4, 5}, {2, 3}], [{8, 6}, {2, 7}, {1, 5}, {3, 4}], [{8, 6}, {2, 7}, {3, 5}, {1, 4}], [{8, 6}, {2, 7}, {4, 5}, {1, 3}], [{8, 6}, {3, 7}, {1, 5}, {2, 4}], [{8, 6}, {3, 7}, {2, 5}, {1, 4}], [{8, 6}, {3, 7}, {4, 5}, {1, 2}], [{8, 6}, {4, 7}, {1, 5}, {2, 3}], [{8, 6}, {4, 7}, {2, 5}, {1, 3}], [{8, 6}, {4, 7}, {3, 5}, {1, 2}], [{8, 6}, {5, 7}, {1, 4}, {2, 3}], [{8, 6}, {5, 7}, {2, 4}, {1, 3}], [{8, 6}, {5, 7}, {3, 4}, {1, 2}], [{8, 7}, {1, 6}, {2, 5}, {3, 4}], [{8, 7}, {1, 6}, {3, 5}, {2, 4}], [{8, 7}, {1, 6}, {3, 5}, {4}, {2}], [{8, 7}, {1, 6}, {4, 5}, {2, 3}], [{8, 7}, {2, 6}, {1, 5}, {3, 4}], [{8, 7}, {2, 6}, {3, 5}, {1, 4}], [{8, 7}, {2, 6}, {3, 5}, {4}, {1}], [{8, 7}, {2, 6}, {4, 5}, {1, 3}], [{8, 7}, {3, 6}, {1, 5}, {2, 4}], [{8, 7}, {3, 6}, {2, 5}, {1, 4}], [{8, 7}, {3, 6}, {4, 5}, {1, 2}], [{8, 7}, {4, 6}, {1, 5}, {2, 3}], [{8, 7}, {4, 6}, {1, 5}, {3}, {2}], [{8, 7}, {4, 6}, {2, 5}, {1, 3}], [{8, 7}, {4, 6}, {3, 5}, {1, 2}], [{8, 7}, {5, 6}, {1, 4}, {2, 3}], [{8, 7}, {5, 6}, {1, 4}, {3}, {2}], [{8, 7}, {5, 6}, {2, 4}, {1, 3}], [{8, 7}, {5, 6}, {3, 4}, {1, 2}], [{8, 7}, {6}, {3, 5}, {4}, {1, 2}], [{8}, {1, 7}, {3, 6}, {2, 5}, {4}], [{8}, {1, 7}, {3, 6}, {4, 5}, {2}], [{8}, {1, 7}, {3, 6}, {5}, {2, 4}], [{8}, {1, 7}, {3, 6}, {5}, {4}, {2}], [{8}, {2, 7}, {4, 6}, {1, 5}, {3}], [{8}, {2, 7}, {5, 6}, {1, 4}, {3}], [{8}, {3, 7}, {1, 6}, {2, 5}, {4}], [{8}, {3, 7}, {1, 6}, {4, 5}, {2}], [{8}, {3, 7}, {1, 6}, {5}, {2, 4}], [{8}, {3, 7}, {1, 6}, {5}, {4}, {2}], [{8}, {3, 7}, {4, 6}, {1, 5}, {2}], [{8}, {3, 7}, {5, 6}, {1, 4}, {2}], [{8}, {7}, {4, 6}, {1, 5}, {2, 3}], [{8}, {7}, {4, 6}, {1, 5}, {3}, {2}], [{8}, {7}, {5, 6}, {1, 4}, {2, 3}], [{8}, {7}, {5, 6}, {1, 4}, {3}, {2}], [{8}, {7}, {5, 6}, {2, 4}, {1, 3}], [{8}, {7}, {5, 6}, {3, 4}, {1, 2}]]",2,12 K_1^3 + 4 K_1^2 K_2 - 20 K_1^2 - 18 K_1 K_2 - 4 K_1 K_3 + 10 K_2 + 6 K_3 + K_4 + 10,O1O2O3O4U5U1O6U7O8O5U8U3U6U4O7U2,O1O2O3O4U5U4O6U2O7O5U1U3U8U7O8U6,O1O2O3O4U5O6U7U6U2U4O8O7U3O5U1U8,c,{'O1O2O3O4U3O5U1U6U2U7O8O7U5O6U4U8'},1,"<a href=""/flatknot/8.733520"">8.733520</a>",t^9-76t^7-258t^6-39t^5+386t^4-190t^3-360t^2+192t,t^3-2t^2+t,,
8.733521,O1O2O3O4U3O5U1U6U2U7O8O7U5O6U8U4,3,5z^2+66z+113,5w^3z^2-16w^3z+82w^2z+113w,False,False,"[[ 0 -3  0 -1  3  2 -1  1 -1],[ 3  0  1  0  4  2  1  3  1],[ 0 -1  0  0  2  1 -1  0  0],[ 1  0  0  0  1  0  1  1  0],[-3 -4 -2 -1  0  0 -3 -2 -1],[-2 -2 -1  0  0  0 -2 -2 -1],[ 1 -1  1 -1  3  2  0  2  0],[-1 -3  0 -1  2  2 -2  0 -1],[ 1 -1  0  0  1  1  0  1  0]]","[[ 0  3  2  0 -1 -1 -3],[-3  0  0 -2 -1 -3 -4],[-2  0  0 -1 -1 -2 -2],[ 0  2  1  0  0 -1 -1],[ 1  1  1  0  0  0 -1],[ 1  3  2  1  0  0 -1],[ 3  4  2  1  1  1  0]]",False,"[-3,-2,0,1,1,3,0,2,1,3,4,1,1,2,2,0,1,1,0,1,1]","[-3,-2,0,1,1,3,0,2,1,3,4,1,1,2,2,0,1,1,0,1,1]",t^6+44t^4+30t^2+1,"[-3,-1,-1,0,2,3,1,1,2,3,2,0,0,1,1,1,2,3,1,1,1]","[-3,-2,0,1,1,3,1,1,1,3,2,1,1,2,3,0,1,2,0,1,1]","[-3,-1,-1,0,2,3,1,1,1,2,4,0,0,1,1,1,2,3,1,2,0]",c,"[[{8, 1}, {3, 7}, {4, 6}, {2, 5}], [{8, 6}, {3, 7}, {1, 5}, {2, 4}]]",1,12 K_1^3 + 4 K_1^2 K_2 - 18 K_1^2 - 24 K_1 K_2 - 12 K_1 K_3 + 3 K_1 - 4 K_2^2 + 13 K_2 + 9 K_3 + 7 K_4 + 11,O1O2O3O4U1U5O6U7O8O5U8U3U6U4O7U2,O1O2O3O4U5U4O6U2O5O7U1U3U8U7O8U6,O1O2O3O4U5O6U7U6U2U4O7O8U3O5U1U8,c,{'O1O2O3O4U3O5U1U6U2U7O8O7U5O6U8U4'},1,"<a href=""/flatknot/8.733521"">8.733521</a>",t^7-42t^5-94t^4+41t^3+164t^2+47t-18,-t^2+2t,,
8.733522,O1O2O3O4U3O5U1U6U4U2O7O8U5O6U7U8,3,16z^2+60z+57,-6w^4z^2+22w^3z^2-4w^3z+64w^2z+57w,False,False,"[[ 0 -3  1 -1  2  2 -1 -1  1],[ 3  0  2  0  2  3  0  1  1],[-1 -2  0 -1  1  2 -3  0  0],[ 1  0  1  0  1  1  0  0  0],[-2 -2 -1 -1  0  1 -3  0  0],[-2 -3 -2 -1 -1  0 -2  0  1],[ 1  0  3  0  3  2  0 -1  0],[ 1 -1  0  0  0  0  1  0  1],[-1 -1  0  0  0 -1  0 -1  0]]","[[ 0  2  2  1  1 -1 -1 -1 -3],[-2  0  1  0 -1  0 -1 -3 -2],[-2 -1  0  1 -2  0 -1 -2 -3],[-1  0 -1  0  0 -1  0  0 -1],[-1  1  2  0  0  0 -1 -3 -2],[ 1  0  0  1  0  0  0  1 -1],[ 1  1  1  0  1  0  0  0  0],[ 1  3  2  0  3 -1  0  0  0],[ 3  2  3  1  2  1  0  0  0]]",True,"[-2,-2,-1,-1,1,1,1,3,-1,0,1,0,1,3,2,-1,2,0,1,2,3,0,1,0,0,1,0,1,3,2,0,-1,1,0,0,0]","[-3,-1,-1,-1,1,1,2,2,0,0,1,1,2,2,3,0,-1,0,3,3,2,0,0,1,1,1,1,0,0,0,0,0,-1,1,2,1]",t^8+53t^6+270t^4+12t^2,"[-3,-1,-1,-1,1,1,2,2,1,2,2,2,3,2,3,-1,0,2,1,3,3,0,-1,2,1,0,1,2,2,2,0,-1,0,2,1,1]","[-2,-2,-1,-1,1,1,1,3,-1,-1,2,1,2,3,2,0,1,0,2,3,3,0,-1,1,2,2,2,2,1,3,0,-1,2,0,2,1]","[-3,-1,-1,-1,1,1,2,2,0,0,1,1,2,2,3,0,-1,0,3,3,2,0,0,1,1,1,1,0,0,0,0,0,-1,1,2,1]",c,"[[{8, 1}, {2, 7}, {3, 6}, {4, 5}], [{8, 1}, {2, 7}, {3, 6}, {5}, {4}], [{8, 1}, {2, 7}, {4, 6}, {3, 5}], [{8, 1}, {2, 7}, {4, 6}, {5}, {3}], [{8, 1}, {2, 7}, {5, 6}, {3, 4}], [{8, 1}, {2, 7}, {5, 6}, {4}, {3}], [{8, 1}, {2, 7}, {6}, {3, 5}, {4}], [{8, 1}, {2, 7}, {6}, {4, 5}, {3}], [{8, 1}, {2, 7}, {6}, {5}, {3, 4}], [{8, 1}, {2, 7}, {6}, {5}, {4}, {3}], [{8, 1}, {3, 7}, {2, 6}, {4, 5}], [{8, 1}, {3, 7}, {2, 6}, {5}, {4}], [{8, 1}, {3, 7}, {4, 6}, {2, 5}], [{8, 1}, {3, 7}, {4, 6}, {5}, {2}], [{8, 1}, {3, 7}, {5, 6}, {2, 4}], [{8, 1}, {3, 7}, {5, 6}, {4}, {2}], [{8, 1}, {3, 7}, {6}, {2, 5}, {4}], [{8, 1}, {3, 7}, {6}, {4, 5}, {2}], [{8, 1}, {3, 7}, {6}, {5}, {2, 4}], [{8, 1}, {3, 7}, {6}, {5}, {4}, {2}], [{8, 1}, {4, 7}, {2, 6}, {3, 5}], [{8, 1}, {4, 7}, {2, 6}, {5}, {3}], [{8, 1}, {4, 7}, {3, 6}, {2, 5}], [{8, 1}, {4, 7}, {3, 6}, {5}, {2}], [{8, 1}, {4, 7}, {5, 6}, {2, 3}], [{8, 1}, {4, 7}, {5, 6}, {3}, {2}], [{8, 1}, {4, 7}, {6}, {2, 5}, {3}], [{8, 1}, {4, 7}, {6}, {3, 5}, {2}], [{8, 1}, {4, 7}, {6}, {5}, {2, 3}], [{8, 1}, {4, 7}, {6}, {5}, {3}, {2}], [{8, 1}, {5, 7}, {2, 6}, {3, 4}], [{8, 1}, {5, 7}, {2, 6}, {4}, {3}], [{8, 1}, {5, 7}, {3, 6}, {2, 4}], [{8, 1}, {5, 7}, {3, 6}, {4}, {2}], [{8, 1}, {5, 7}, {4, 6}, {2, 3}], [{8, 1}, {5, 7}, {4, 6}, {3}, {2}], [{8, 1}, {5, 7}, {6}, {2, 4}, {3}], [{8, 1}, {5, 7}, {6}, {3, 4}, {2}], [{8, 1}, {5, 7}, {6}, {4}, {2, 3}], [{8, 1}, {5, 7}, {6}, {4}, {3}, {2}], [{8, 1}, {6, 7}, {2, 5}, {3, 4}], [{8, 1}, {6, 7}, {2, 5}, {4}, {3}], [{8, 1}, {6, 7}, {3, 5}, {2, 4}], [{8, 1}, {6, 7}, {3, 5}, {4}, {2}], [{8, 1}, {6, 7}, {4, 5}, {2, 3}], [{8, 1}, {6, 7}, {4, 5}, {3}, {2}], [{8, 1}, {6, 7}, {5}, {2, 4}, {3}], [{8, 1}, {6, 7}, {5}, {3, 4}, {2}], [{8, 1}, {6, 7}, {5}, {4}, {2, 3}], [{8, 1}, {6, 7}, {5}, {4}, {3}, {2}], [{8, 1}, {7}, {2, 6}, {3, 5}, {4}], [{8, 1}, {7}, {2, 6}, {4, 5}, {3}], [{8, 1}, {7}, {2, 6}, {5}, {3, 4}], [{8, 1}, {7}, {2, 6}, {5}, {4}, {3}], [{8, 1}, {7}, {3, 6}, {2, 5}, {4}], [{8, 1}, {7}, {3, 6}, {4, 5}, {2}], [{8, 1}, {7}, {3, 6}, {5}, {2, 4}], [{8, 1}, {7}, {3, 6}, {5}, {4}, {2}], [{8, 1}, {7}, {4, 6}, {2, 5}, {3}], [{8, 1}, {7}, {4, 6}, {3, 5}, {2}], [{8, 1}, {7}, {4, 6}, {5}, {2, 3}], [{8, 1}, {7}, {4, 6}, {5}, {3}, {2}], [{8, 1}, {7}, {5, 6}, {2, 4}, {3}], [{8, 1}, {7}, {5, 6}, {3, 4}, {2}], [{8, 1}, {7}, {5, 6}, {4}, {2, 3}], [{8, 1}, {7}, {5, 6}, {4}, {3}, {2}], [{8, 1}, {7}, {6}, {2, 5}, {3, 4}], [{8, 1}, {7}, {6}, {2, 5}, {4}, {3}], [{8, 1}, {7}, {6}, {3, 5}, {2, 4}], [{8, 1}, {7}, {6}, {3, 5}, {4}, {2}], [{8, 1}, {7}, {6}, {4, 5}, {2, 3}], [{8, 1}, {7}, {6}, {4, 5}, {3}, {2}], [{8, 1}, {7}, {6}, {5}, {2, 4}, {3}], [{8, 1}, {7}, {6}, {5}, {3, 4}, {2}], [{8, 1}, {7}, {6}, {5}, {4}, {2, 3}], [{8, 1}, {7}, {6}, {5}, {4}, {3}, {2}], [{8, 2}, {1, 7}, {3, 6}, {4, 5}], [{8, 2}, {1, 7}, {4, 6}, {3, 5}], [{8, 2}, {1, 7}, {5, 6}, {3, 4}], [{8, 2}, {3, 7}, {1, 6}, {4, 5}], [{8, 2}, {3, 7}, {4, 6}, {1, 5}], [{8, 2}, {3, 7}, {5, 6}, {1, 4}], [{8, 2}, {4, 7}, {1, 6}, {3, 5}], [{8, 2}, {4, 7}, {1, 6}, {5}, {3}], [{8, 2}, {4, 7}, {3, 6}, {1, 5}], [{8, 2}, {4, 7}, {3, 6}, {5}, {1}], [{8, 2}, {4, 7}, {5, 6}, {1, 3}], [{8, 2}, {4, 7}, {5, 6}, {3}, {1}], [{8, 2}, {4, 7}, {6}, {1, 5}, {3}], [{8, 2}, {4, 7}, {6}, {3, 5}, {1}], [{8, 2}, {4, 7}, {6}, {5}, {1, 3}], [{8, 2}, {4, 7}, {6}, {5}, {3}, {1}], [{8, 2}, {5, 7}, {1, 6}, {3, 4}], [{8, 2}, {5, 7}, {3, 6}, {1, 4}], [{8, 2}, {5, 7}, {4, 6}, {1, 3}], [{8, 2}, {5, 7}, {4, 6}, {3}, {1}], [{8, 2}, {6, 7}, {1, 5}, {3, 4}], [{8, 2}, {6, 7}, {3, 5}, {1, 4}], [{8, 2}, {6, 7}, {4, 5}, {1, 3}], [{8, 2}, {6, 7}, {4, 5}, {3}, {1}], [{8, 2}, {7}, {1, 6}, {3, 5}, {4}], [{8, 2}, {7}, {3, 6}, {1, 5}, {4}], [{8, 3}, {1, 7}, {2, 6}, {4, 5}], [{8, 3}, {1, 7}, {4, 6}, {2, 5}], [{8, 3}, {1, 7}, {5, 6}, {2, 4}], [{8, 3}, {2, 7}, {1, 6}, {4, 5}], [{8, 3}, {2, 7}, {4, 6}, {1, 5}], [{8, 3}, {2, 7}, {5, 6}, {1, 4}], [{8, 3}, {2, 7}, {6}, {5}, {1, 4}], [{8, 3}, {4, 7}, {1, 6}, {2, 5}], [{8, 3}, {4, 7}, {2, 6}, {1, 5}], [{8, 3}, {4, 7}, {5, 6}, {1, 2}], [{8, 3}, {4, 7}, {6}, {5}, {1, 2}], [{8, 3}, {5, 7}, {1, 6}, {2, 4}], [{8, 3}, {5, 7}, {2, 6}, {1, 4}], [{8, 3}, {5, 7}, {4, 6}, {1, 2}], [{8, 3}, {6, 7}, {1, 5}, {2, 4}], [{8, 3}, {6, 7}, {2, 5}, {1, 4}], [{8, 3}, {6, 7}, {4, 5}, {1, 2}], [{8, 3}, {7}, {1, 6}, {2, 5}, {4}], [{8, 3}, {7}, {2, 6}, {1, 5}, {4}], [{8, 3}, {7}, {4, 6}, {1, 5}, {2}], [{8, 3}, {7}, {6}, {1, 5}, {2, 4}], [{8, 4}, {1, 7}, {2, 6}, {3, 5}], [{8, 4}, {1, 7}, {3, 6}, {2, 5}], [{8, 4}, {1, 7}, {5, 6}, {2, 3}], [{8, 4}, {2, 7}, {1, 6}, {3, 5}], [{8, 4}, {2, 7}, {1, 6}, {5}, {3}], [{8, 4}, {2, 7}, {3, 6}, {1, 5}], [{8, 4}, {2, 7}, {3, 6}, {5}, {1}], [{8, 4}, {2, 7}, {5, 6}, {1, 3}], [{8, 4}, {2, 7}, {5, 6}, {3}, {1}], [{8, 4}, {2, 7}, {6}, {1, 5}, {3}], [{8, 4}, {2, 7}, {6}, {3, 5}, {1}], [{8, 4}, {2, 7}, {6}, {5}, {1, 3}], [{8, 4}, {2, 7}, {6}, {5}, {3}, {1}], [{8, 4}, {3, 7}, {1, 6}, {2, 5}], [{8, 4}, {3, 7}, {2, 6}, {1, 5}], [{8, 4}, {3, 7}, {2, 6}, {5}, {1}], [{8, 4}, {3, 7}, {5, 6}, {1, 2}], [{8, 4}, {3, 7}, {5, 6}, {2}, {1}], [{8, 4}, {3, 7}, {6}, {2, 5}, {1}], [{8, 4}, {5, 7}, {1, 6}, {2, 3}], [{8, 4}, {5, 7}, {2, 6}, {1, 3}], [{8, 4}, {5, 7}, {2, 6}, {3}, {1}], [{8, 4}, {5, 7}, {3, 6}, {1, 2}], [{8, 4}, {5, 7}, {3, 6}, {2}, {1}], [{8, 4}, {5, 7}, {6}, {2, 3}, {1}], [{8, 4}, {6, 7}, {1, 5}, {2, 3}], [{8, 4}, {6, 7}, {2, 5}, {1, 3}], [{8, 4}, {6, 7}, {2, 5}, {3}, {1}], [{8, 4}, {6, 7}, {3, 5}, {1, 2}], [{8, 4}, {6, 7}, {3, 5}, {2}, {1}], [{8, 4}, {6, 7}, {5}, {2, 3}, {1}], [{8, 4}, {7}, {2, 6}, {3, 5}, {1}], [{8, 4}, {7}, {3, 6}, {2, 5}, {1}], [{8, 4}, {7}, {5, 6}, {2, 3}, {1}], [{8, 5}, {1, 7}, {2, 6}, {3, 4}], [{8, 5}, {1, 7}, {3, 6}, {2, 4}], [{8, 5}, {1, 7}, {4, 6}, {2, 3}], [{8, 5}, {1, 7}, {6}, {3, 4}, {2}], [{8, 5}, {2, 7}, {1, 6}, {3, 4}], [{8, 5}, {2, 7}, {3, 6}, {1, 4}], [{8, 5}, {2, 7}, {4, 6}, {1, 3}], [{8, 5}, {2, 7}, {6}, {1, 4}, {3}], [{8, 5}, {3, 7}, {1, 6}, {2, 4}], [{8, 5}, {3, 7}, {2, 6}, {1, 4}], [{8, 5}, {3, 7}, {4, 6}, {1, 2}], [{8, 5}, {4, 7}, {1, 6}, {2, 3}], [{8, 5}, {4, 7}, {2, 6}, {1, 3}], [{8, 5}, {4, 7}, {3, 6}, {1, 2}], [{8, 5}, {4, 7}, {3, 6}, {2}, {1}], [{8, 5}, {4, 7}, {6}, {3}, {1, 2}], [{8, 5}, {6, 7}, {1, 4}, {2, 3}], [{8, 5}, {6, 7}, {2, 4}, {1, 3}], [{8, 5}, {6, 7}, {3, 4}, {1, 2}], [{8, 5}, {6, 7}, {3, 4}, {2}, {1}], [{8, 5}, {7}, {1, 6}, {3, 4}, {2}], [{8, 5}, {7}, {2, 6}, {4}, {1, 3}], [{8, 5}, {7}, {3, 6}, {4}, {1, 2}], [{8, 5}, {7}, {4, 6}, {1, 3}, {2}], [{8, 5}, {7}, {6}, {2, 4}, {1, 3}], [{8, 6}, {1, 7}, {2, 5}, {3, 4}], [{8, 6}, {1, 7}, {3, 5}, {2, 4}], [{8, 6}, {1, 7}, {4, 5}, {2, 3}], [{8, 6}, {1, 7}, {5}, {3, 4}, {2}], [{8, 6}, {2, 7}, {1, 5}, {3, 4}], [{8, 6}, {2, 7}, {3, 5}, {1, 4}], [{8, 6}, {2, 7}, {4, 5}, {1, 3}], [{8, 6}, {2, 7}, {5}, {1, 4}, {3}], [{8, 6}, {3, 7}, {1, 5}, {2, 4}], [{8, 6}, {3, 7}, {2, 5}, {1, 4}], [{8, 6}, {3, 7}, {4, 5}, {1, 2}], [{8, 6}, {4, 7}, {1, 5}, {2, 3}], [{8, 6}, {4, 7}, {2, 5}, {1, 3}], [{8, 6}, {4, 7}, {3, 5}, {1, 2}], [{8, 6}, {4, 7}, {3, 5}, {2}, {1}], [{8, 6}, {4, 7}, {5}, {3}, {1, 2}], [{8, 6}, {5, 7}, {1, 4}, {2, 3}], [{8, 6}, {5, 7}, {2, 4}, {1, 3}], [{8, 6}, {5, 7}, {3, 4}, {1, 2}], [{8, 6}, {5, 7}, {3, 4}, {2}, {1}], [{8, 6}, {7}, {1, 5}, {3, 4}, {2}], [{8, 6}, {7}, {2, 5}, {4}, {1, 3}], [{8, 6}, {7}, {3, 5}, {4}, {1, 2}], [{8, 7}, {1, 6}, {2, 5}, {3, 4}], [{8, 7}, {1, 6}, {3, 5}, {2, 4}], [{8, 7}, {1, 6}, {4, 5}, {2, 3}], [{8, 7}, {1, 6}, {5}, {3, 4}, {2}], [{8, 7}, {2, 6}, {1, 5}, {3, 4}], [{8, 7}, {2, 6}, {3, 5}, {1, 4}], [{8, 7}, {2, 6}, {3, 5}, {4}, {1}], [{8, 7}, {2, 6}, {4, 5}, {1, 3}], [{8, 7}, {3, 6}, {1, 5}, {2, 4}], [{8, 7}, {3, 6}, {2, 5}, {1, 4}], [{8, 7}, {3, 6}, {2, 5}, {4}, {1}], [{8, 7}, {3, 6}, {4, 5}, {1, 2}], [{8, 7}, {4, 6}, {1, 5}, {2, 3}], [{8, 7}, {4, 6}, {2, 5}, {1, 3}], [{8, 7}, {4, 6}, {3, 5}, {1, 2}], [{8, 7}, {5, 6}, {1, 4}, {2, 3}], [{8, 7}, {5, 6}, {2, 4}, {1, 3}], [{8, 7}, {5, 6}, {3, 4}, {1, 2}], [{8, 7}, {5, 6}, {3, 4}, {2}, {1}], [{8, 7}, {6}, {1, 5}, {3, 4}, {2}], [{8}, {1, 7}, {2, 6}, {3, 5}, {4}], [{8}, {1, 7}, {3, 6}, {2, 5}, {4}], [{8}, {1, 7}, {5, 6}, {3, 4}, {2}], [{8}, {2, 7}, {3, 6}, {5}, {1, 4}], [{8}, {2, 7}, {5, 6}, {1, 4}, {3}], [{8}, {2, 7}, {6}, {3, 5}, {1, 4}], [{8}, {2, 7}, {6}, {5}, {1, 4}, {3}], [{8}, {3, 7}, {2, 6}, {5}, {1, 4}], [{8}, {3, 7}, {5, 6}, {1, 4}, {2}], [{8}, {3, 7}, {6}, {2, 5}, {1, 4}], [{8}, {4, 7}, {1, 6}, {3, 5}, {2}], [{8}, {4, 7}, {2, 6}, {3, 5}, {1}], [{8}, {4, 7}, {3, 6}, {1, 5}, {2}], [{8}, {4, 7}, {3, 6}, {2, 5}, {1}], [{8}, {4, 7}, {3, 6}, {5}, {1, 2}], [{8}, {4, 7}, {5, 6}, {3}, {1, 2}], [{8}, {4, 7}, {6}, {3, 5}, {1, 2}], [{8}, {4, 7}, {6}, {5}, {3}, {1, 2}], [{8}, {5, 7}, {1, 6}, {3, 4}, {2}], [{8}, {5, 7}, {2, 6}, {1, 4}, {3}], [{8}, {5, 7}, {3, 6}, {1, 4}, {2}], [{8}, {5, 7}, {4, 6}, {3}, {1, 2}], [{8}, {5, 7}, {6}, {1, 4}, {2, 3}], [{8}, {6, 7}, {1, 5}, {3, 4}, {2}], [{8}, {6, 7}, {2, 5}, {1, 4}, {3}], [{8}, {6, 7}, {3, 5}, {1, 4}, {2}], [{8}, {6, 7}, {4, 5}, {3}, {1, 2}], [{8}, {6, 7}, {5}, {1, 4}, {2, 3}], [{8}, {7}, {2, 6}, {3, 5}, {1, 4}], [{8}, {7}, {2, 6}, {3, 5}, {4}, {1}], [{8}, {7}, {3, 6}, {2, 5}, {1, 4}], [{8}, {7}, {3, 6}, {2, 5}, {4}, {1}], [{8}, {7}, {5, 6}, {1, 4}, {2, 3}]]",2,8 K_1^3 - 8 K_1^2 - 14 K_1 K_2 - 4 K_1 K_3 + K_1 + 6 K_2 + 5 K_3 + 2 K_4 + 5,O1O2O3O4U5U6O7U8O5O6U3U1U7U4O8U2,O1O2O3O4U5U6O7U2O5O6U1U4U8U3O8U7,O1O2O3O4U5O6U2U6U1U4O7O8U3O5U7U8,c,"{'O1O2O3O4U3O5U1U6U4U2O7O8U5O6U7U8', 'O1O2O3U2O4O5U1U6U3U4O7O8U5O6U7U8'}",2,"<a href=""/flatknot/8.733522"">8.733522</a>",t^9-55t^7-102t^6+280t^5+604t^4-32t^3-272t^2+40t+32,t^3-2t^2+t,,
8.733523,O1O2O3O4U3O5U1U6U4U2O7O8U5O6U8U7,4,18z^2+71z+71,18w^3z^2+71w^2z+71w,False,False,"[[ 0 -3  1 -1  2  2 -1  0  0],[ 3  0  2  0  2  3  0  1  1],[-1 -2  0 -1  1  2 -3  0  0],[ 1  0  1  0  1  1  0  0  0],[-2 -2 -1 -1  0  1 -3  0  0],[-2 -3 -2 -1 -1  0 -2  1  0],[ 1  0  3  0  3  2  0 -1  0],[ 0 -1  0  0  0 -1  1  0  0],[ 0 -1  0  0  0  0  0  0  0]]","[[ 0  2  2  1  0  0 -1 -1 -3],[-2  0  1 -1  0  0 -1 -3 -2],[-2 -1  0 -2  1  0 -1 -2 -3],[-1  1  2  0  0  0 -1 -3 -2],[ 0  0 -1  0  0  0  0  1 -1],[ 0  0  0  0  0  0  0  0 -1],[ 1  1  1  1  0  0  0  0  0],[ 1  3  2  3 -1  0  0  0  0],[ 3  2  3  2  1  1  0  0  0]]",True,"[-2,-2,-1,0,0,1,1,3,-1,1,0,0,1,3,2,2,-1,0,1,2,3,0,0,1,3,2,0,0,-1,1,0,0,1,0,0,0]","[-3,-1,-1,0,0,1,2,2,0,0,1,1,2,2,3,0,-1,0,3,3,2,0,0,1,1,1,0,0,0,-1,0,0,0,1,2,1]",t^8+52t^6+205t^4+15t^2,"[-3,-1,-1,0,0,1,2,2,2,2,2,2,2,2,3,0,1,1,1,2,2,1,2,-1,1,0,0,1,2,2,1,3,2,-1,0,1]","[-2,-2,-1,0,0,1,1,3,-1,-1,2,3,1,2,2,0,2,2,0,2,3,1,1,-1,1,2,0,1,1,2,2,1,2,0,2,2]","[-3,-1,-1,0,0,1,2,2,0,0,1,1,2,2,3,0,-1,0,3,3,2,0,0,1,1,1,0,0,0,-1,0,0,0,1,2,1]",c,"[[{8, 1}, {2, 7}, {3, 6}, {4, 5}], [{8, 1}, {2, 7}, {4, 6}, {3, 5}], [{8, 1}, {2, 7}, {4, 6}, {5}, {3}], [{8, 1}, {2, 7}, {5, 6}, {3, 4}], [{8, 1}, {3, 7}, {2, 6}, {4, 5}], [{8, 1}, {3, 7}, {4, 6}, {2, 5}], [{8, 1}, {3, 7}, {5, 6}, {2, 4}], [{8, 1}, {4, 7}, {2, 6}, {3, 5}], [{8, 1}, {4, 7}, {2, 6}, {5}, {3}], [{8, 1}, {4, 7}, {3, 6}, {2, 5}], [{8, 1}, {4, 7}, {5, 6}, {2, 3}], [{8, 1}, {5, 7}, {2, 6}, {3, 4}], [{8, 1}, {5, 7}, {3, 6}, {2, 4}], [{8, 1}, {5, 7}, {4, 6}, {2, 3}], [{8, 1}, {5, 7}, {6}, {3, 4}, {2}], [{8, 1}, {6, 7}, {2, 5}, {3, 4}], [{8, 1}, {6, 7}, {3, 5}, {2, 4}], [{8, 1}, {6, 7}, {4, 5}, {2, 3}], [{8, 1}, {6, 7}, {5}, {3, 4}, {2}], [{8, 1}, {7}, {5, 6}, {3, 4}, {2}], [{8, 2}, {1, 7}, {3, 6}, {4, 5}], [{8, 2}, {1, 7}, {3, 6}, {5}, {4}], [{8, 2}, {1, 7}, {4, 6}, {3, 5}], [{8, 2}, {1, 7}, {5, 6}, {3, 4}], [{8, 2}, {3, 7}, {1, 6}, {4, 5}], [{8, 2}, {3, 7}, {4, 6}, {1, 5}], [{8, 2}, {3, 7}, {5, 6}, {1, 4}], [{8, 2}, {3, 7}, {5, 6}, {4}, {1}], [{8, 2}, {4, 7}, {1, 6}, {3, 5}], [{8, 2}, {4, 7}, {3, 6}, {1, 5}], [{8, 2}, {4, 7}, {5, 6}, {1, 3}], [{8, 2}, {4, 7}, {5, 6}, {3}, {1}], [{8, 2}, {5, 7}, {1, 6}, {3, 4}], [{8, 2}, {5, 7}, {3, 6}, {1, 4}], [{8, 2}, {5, 7}, {4, 6}, {1, 3}], [{8, 2}, {6, 7}, {1, 5}, {3, 4}], [{8, 2}, {6, 7}, {3, 5}, {1, 4}], [{8, 2}, {6, 7}, {4, 5}, {1, 3}], [{8, 2}, {7}, {5, 6}, {3, 4}, {1}], [{8, 3}, {1, 7}, {2, 6}, {4, 5}], [{8, 3}, {1, 7}, {2, 6}, {5}, {4}], [{8, 3}, {1, 7}, {4, 6}, {2, 5}], [{8, 3}, {1, 7}, {5, 6}, {2, 4}], [{8, 3}, {2, 7}, {1, 6}, {4, 5}], [{8, 3}, {2, 7}, {4, 6}, {1, 5}], [{8, 3}, {2, 7}, {4, 6}, {5}, {1}], [{8, 3}, {2, 7}, {5, 6}, {1, 4}], [{8, 3}, {2, 7}, {5, 6}, {4}, {1}], [{8, 3}, {2, 7}, {6}, {4, 5}, {1}], [{8, 3}, {4, 7}, {1, 6}, {2, 5}], [{8, 3}, {4, 7}, {2, 6}, {1, 5}], [{8, 3}, {4, 7}, {5, 6}, {1, 2}], [{8, 3}, {5, 7}, {1, 6}, {2, 4}], [{8, 3}, {5, 7}, {2, 6}, {1, 4}], [{8, 3}, {5, 7}, {4, 6}, {1, 2}], [{8, 3}, {6, 7}, {1, 5}, {2, 4}], [{8, 3}, {6, 7}, {2, 5}, {1, 4}], [{8, 3}, {6, 7}, {4, 5}, {1, 2}], [{8, 4}, {1, 7}, {2, 6}, {3, 5}], [{8, 4}, {1, 7}, {3, 6}, {2, 5}], [{8, 4}, {1, 7}, {5, 6}, {2, 3}], [{8, 4}, {1, 7}, {6}, {3, 5}, {2}], [{8, 4}, {2, 7}, {1, 6}, {3, 5}], [{8, 4}, {2, 7}, {3, 6}, {1, 5}], [{8, 4}, {2, 7}, {5, 6}, {1, 3}], [{8, 4}, {2, 7}, {5, 6}, {3}, {1}], [{8, 4}, {3, 7}, {1, 6}, {2, 5}], [{8, 4}, {3, 7}, {2, 6}, {1, 5}], [{8, 4}, {3, 7}, {5, 6}, {1, 2}], [{8, 4}, {5, 7}, {1, 6}, {2, 3}], [{8, 4}, {5, 7}, {2, 6}, {1, 3}], [{8, 4}, {5, 7}, {3, 6}, {1, 2}], [{8, 4}, {5, 7}, {3, 6}, {2}, {1}], [{8, 4}, {6, 7}, {1, 5}, {2, 3}], [{8, 4}, {6, 7}, {2, 5}, {1, 3}], [{8, 4}, {6, 7}, {3, 5}, {1, 2}], [{8, 4}, {6, 7}, {3, 5}, {2}, {1}], [{8, 4}, {7}, {1, 6}, {3, 5}, {2}], [{8, 5}, {1, 7}, {2, 6}, {3, 4}], [{8, 5}, {1, 7}, {3, 6}, {2, 4}], [{8, 5}, {1, 7}, {4, 6}, {2, 3}], [{8, 5}, {1, 7}, {6}, {3, 4}, {2}], [{8, 5}, {2, 7}, {1, 6}, {3, 4}], [{8, 5}, {2, 7}, {3, 6}, {1, 4}], [{8, 5}, {2, 7}, {4, 6}, {1, 3}], [{8, 5}, {3, 7}, {1, 6}, {2, 4}], [{8, 5}, {3, 7}, {2, 6}, {1, 4}], [{8, 5}, {3, 7}, {4, 6}, {1, 2}], [{8, 5}, {4, 7}, {1, 6}, {2, 3}], [{8, 5}, {4, 7}, {2, 6}, {1, 3}], [{8, 5}, {4, 7}, {3, 6}, {1, 2}], [{8, 5}, {4, 7}, {3, 6}, {2}, {1}], [{8, 5}, {6, 7}, {1, 4}, {2, 3}], [{8, 5}, {6, 7}, {2, 4}, {1, 3}], [{8, 5}, {6, 7}, {3, 4}, {1, 2}], [{8, 5}, {6, 7}, {3, 4}, {2}, {1}], [{8, 5}, {7}, {1, 6}, {3, 4}, {2}], [{8, 6}, {1, 7}, {2, 5}, {3, 4}], [{8, 6}, {1, 7}, {3, 5}, {2, 4}], [{8, 6}, {1, 7}, {4, 5}, {2, 3}], [{8, 6}, {1, 7}, {5}, {3, 4}, {2}], [{8, 6}, {2, 7}, {1, 5}, {3, 4}], [{8, 6}, {2, 7}, {3, 5}, {1, 4}], [{8, 6}, {2, 7}, {4, 5}, {1, 3}], [{8, 6}, {3, 7}, {1, 5}, {2, 4}], [{8, 6}, {3, 7}, {2, 5}, {1, 4}], [{8, 6}, {3, 7}, {4, 5}, {1, 2}], [{8, 6}, {4, 7}, {1, 5}, {2, 3}], [{8, 6}, {4, 7}, {2, 5}, {1, 3}], [{8, 6}, {4, 7}, {3, 5}, {1, 2}], [{8, 6}, {4, 7}, {3, 5}, {2}, {1}], [{8, 6}, {5, 7}, {1, 4}, {2, 3}], [{8, 6}, {5, 7}, {2, 4}, {1, 3}], [{8, 6}, {5, 7}, {3, 4}, {1, 2}], [{8, 6}, {5, 7}, {3, 4}, {2}, {1}], [{8, 6}, {7}, {1, 5}, {3, 4}, {2}], [{8, 7}, {1, 6}, {2, 5}, {3, 4}], [{8, 7}, {1, 6}, {3, 5}, {2, 4}], [{8, 7}, {1, 6}, {4, 5}, {2, 3}], [{8, 7}, {1, 6}, {5}, {3, 4}, {2}], [{8, 7}, {2, 6}, {1, 5}, {3, 4}], [{8, 7}, {2, 6}, {3, 5}, {1, 4}], [{8, 7}, {2, 6}, {3, 5}, {4}, {1}], [{8, 7}, {2, 6}, {4, 5}, {1, 3}], [{8, 7}, {3, 6}, {1, 5}, {2, 4}], [{8, 7}, {3, 6}, {2, 5}, {1, 4}], [{8, 7}, {3, 6}, {2, 5}, {4}, {1}], [{8, 7}, {3, 6}, {4, 5}, {1, 2}], [{8, 7}, {4, 6}, {1, 5}, {2, 3}], [{8, 7}, {4, 6}, {2, 5}, {1, 3}], [{8, 7}, {4, 6}, {3, 5}, {1, 2}], [{8, 7}, {5, 6}, {1, 4}, {2, 3}], [{8, 7}, {5, 6}, {2, 4}, {1, 3}], [{8, 7}, {5, 6}, {3, 4}, {1, 2}], [{8, 7}, {5, 6}, {3, 4}, {2}, {1}], [{8, 7}, {6}, {1, 5}, {3, 4}, {2}], [{8}, {1, 7}, {5, 6}, {3, 4}, {2}], [{8}, {2, 7}, {1, 6}, {4, 5}, {3}], [{8}, {2, 7}, {3, 6}, {1, 5}, {4}], [{8}, {2, 7}, {4, 6}, {5}, {1, 3}], [{8}, {2, 7}, {5, 6}, {3, 4}, {1}], [{8}, {2, 7}, {6}, {3, 5}, {1, 4}], [{8}, {3, 7}, {1, 6}, {4, 5}, {2}], [{8}, {3, 7}, {2, 6}, {1, 5}, {4}], [{8}, {3, 7}, {2, 6}, {4, 5}, {1}], [{8}, {3, 7}, {2, 6}, {5}, {1, 4}], [{8}, {3, 7}, {4, 6}, {2, 5}, {1}], [{8}, {3, 7}, {6}, {4, 5}, {1, 2}], [{8}, {4, 7}, {1, 6}, {2, 5}, {3}], [{8}, {4, 7}, {3, 6}, {5}, {1, 2}], [{8}, {5, 7}, {1, 6}, {3, 4}, {2}], [{8}, {6, 7}, {1, 5}, {3, 4}, {2}], [{8}, {7}, {1, 6}, {4, 5}, {2, 3}], [{8}, {7}, {4, 6}, {1, 5}, {2, 3}], [{8}, {7}, {5, 6}, {1, 4}, {2, 3}], [{8}, {7}, {5, 6}, {2, 4}, {1, 3}], [{8}, {7}, {5, 6}, {3, 4}, {1, 2}], [{8}, {7}, {5, 6}, {3, 4}, {2}, {1}]]",2,4 K_1^3 - 2 K_1 K_2 - 2 K_1 + 1,O1O2O3O4U5U6O7U8O6O5U3U1U7U4O8U2,O1O2O3O4U5U6O7U2O6O5U1U4U8U3O8U7,O1O2O3O4U5O6U2U6U1U4O7O8U3O5U8U7,c,"{'O1O2O3U2O4O5U1U6U3U4O7O8U5O6U8U7', 'O1O2O3O4U3O5U1U6U4U2O7O8U5O6U8U7'}",2,"<a href=""/flatknot/8.733523"">8.733523</a>",t^9-54t^7-100t^6+195t^5+388t^4+74t^3-106t^2-35t+2,t^3-2t^2+t,,
8.733524,O1O2O3O4U3O5U1U6U4U2O7O8U7O6U5U8,3,6z^2+49z+75,6w^3z^2+49w^2z+75w,False,False,"[[ 0 -3  1 -1  2  2 -1 -1  1],[ 3  0  2  0  2  3  1  0  1],[-1 -2  0 -1  1  1 -2  0  0],[ 1  0  1  0  1  1  0  0  0],[-2 -2 -1 -1  0  0 -2  0  0],[-2 -3 -1 -1  0  0 -2  0  1],[ 1 -1  2  0  2  2  0 -1  0],[ 1  0  0  0  0  0  1  0  1],[-1 -1  0  0  0 -1  0 -1  0]]","[[ 0  2  2  1  1 -1 -1 -1 -3],[-2  0  0  1 -1  0 -1 -2 -3],[-2  0  0  0 -1  0 -1 -2 -2],[-1 -1  0  0  0 -1  0  0 -1],[-1  1  1  0  0  0 -1 -2 -2],[ 1  0  0  1  0  0  0  1  0],[ 1  1  1  0  1  0  0  0  0],[ 1  2  2  0  2 -1  0  0 -1],[ 3  3  2  1  2  0  0  1  0]]",True,"[-2,-2,-1,-1,1,1,1,3,0,-1,1,0,1,2,3,0,1,0,1,2,2,0,1,0,0,1,0,1,2,2,0,-1,0,0,0,1]","[-3,-1,-1,-1,1,1,2,2,0,0,1,1,2,2,3,0,0,0,1,1,1,1,1,0,0,0,0,2,2,2,0,0,-1,1,1,0]",t^8+39t^6+126t^4+12t^2,"[-3,-1,-1,-1,1,1,2,2,1,2,2,2,3,2,3,0,1,0,2,1,1,0,1,2,2,2,2,1,3,3,0,0,0,2,1,0]","[-2,-2,-1,-1,1,1,1,3,0,0,1,1,2,3,3,0,2,1,2,3,2,0,0,1,2,2,2,2,1,3,0,-1,1,0,2,2]","[-3,-1,-1,-1,1,1,2,2,0,0,1,1,2,2,3,0,0,0,1,1,1,1,1,0,0,0,0,2,2,2,0,0,-1,1,1,0]",c,"[[{8, 1}, {6, 7}, {2, 5}, {3, 4}], [{8, 1}, {6, 7}, {2, 5}, {4}, {3}], [{8, 1}, {6, 7}, {3, 5}, {2, 4}], [{8, 1}, {6, 7}, {3, 5}, {4}, {2}], [{8, 1}, {6, 7}, {4, 5}, {2, 3}], [{8, 1}, {6, 7}, {4, 5}, {3}, {2}], [{8, 1}, {6, 7}, {5}, {2, 4}, {3}], [{8, 1}, {6, 7}, {5}, {3, 4}, {2}], [{8, 1}, {6, 7}, {5}, {4}, {2, 3}], [{8, 1}, {6, 7}, {5}, {4}, {3}, {2}]]",1,8 K_1^3 - 12 K_1^2 - 18 K_1 K_2 - 4 K_1 K_3 + 3 K_1 + 8 K_2 + 7 K_3 + 2 K_4 + 7,O1O2O3O4U5U6O7U8O5O8U3U1U7U4O6U2,O1O2O3O4U5U6O5U2O7O6U1U4U8U3O8U7,O1O2O3O4U5O6U2U6U1U4O7O5U3O8U7U8,c,"{'O1O2O3U2O4O5U1U6U3U4O7O8U7O6U5U8', 'O1O2O3O4U3O5U1U6U4U2O7O8U7O6U5U8'}",2,"<a href=""/flatknot/8.733524"">8.733524</a>",t^9-41t^7-70t^6+120t^5+142t^4-92t^3-4t^2+8t,t^3-2t^2+t,,
8.733525,O1O2O3O4U3O5U1U6U4U7O8O7U2O6U5U8,4,15z^2+84z+109,15w^3z^2+84w^2z+109w,False,False,"[[ 0 -3  0 -1  2  2 -1  1  0],[ 3  0  2  0  2  3  1  3  2],[ 0 -2  0 -1  1  1 -1  0  0],[ 1  0  1  0  1  1  0  1  0],[-2 -2 -1 -1  0  0 -2 -2  0],[-2 -3 -1 -1  0  0 -2 -2 -1],[ 1 -1  1  0  2  2  0  2  1],[-1 -3  0 -1  2  2 -2  0  0],[ 0 -2  0  0  0  1 -1  0  0]]","[[ 0  2  2  1  0  0 -1 -1 -3],[-2  0  0 -2  0 -1 -1 -2 -2],[-2  0  0 -2 -1 -1 -1 -2 -3],[-1  2  2  0  0  0 -1 -2 -3],[ 0  0  1  0  0  0  0 -1 -2],[ 0  1  1  0  0  0 -1 -1 -2],[ 1  1  1  1  0  1  0  0  0],[ 1  2  2  2  1  1  0  0 -1],[ 3  2  3  3  2  2  0  1  0]]",True,"[-2,-2,-1,0,0,1,1,3,0,2,0,1,1,2,2,2,1,1,1,2,3,0,0,1,2,3,0,0,1,2,1,1,2,0,0,1]","[-3,-1,-1,0,0,1,2,2,0,1,2,2,3,2,3,0,0,1,1,1,1,1,1,2,2,2,0,0,0,1,0,1,1,2,2,0]",t^8+60t^6+97t^4+29t^2+1,"[-3,-1,-1,0,0,1,2,2,1,2,1,1,1,2,3,0,0,0,0,1,1,0,1,1,2,2,0,1,1,1,1,1,2,-1,-1,0]","[-2,-2,-1,0,0,1,1,3,0,-1,1,1,1,2,2,-1,1,2,1,2,3,1,1,0,1,1,0,0,0,1,0,1,1,0,1,2]","[-3,-1,-1,0,0,1,2,2,0,1,2,2,3,2,3,0,0,1,1,1,1,1,1,2,2,2,0,0,0,1,0,1,1,2,2,0]",c,"[[{8, 1}, {2, 7}, {3, 6}, {4, 5}], [{8, 1}, {2, 7}, {4, 6}, {3, 5}], [{8, 1}, {2, 7}, {5, 6}, {3, 4}], [{8, 1}, {2, 7}, {5, 6}, {4}, {3}], [{8, 1}, {2, 7}, {6}, {5}, {3, 4}], [{8, 1}, {3, 7}, {2, 6}, {4, 5}], [{8, 1}, {3, 7}, {4, 6}, {2, 5}], [{8, 1}, {3, 7}, {5, 6}, {2, 4}], [{8, 1}, {3, 7}, {6}, {2, 5}, {4}], [{8, 1}, {4, 7}, {2, 6}, {3, 5}], [{8, 1}, {4, 7}, {3, 6}, {2, 5}], [{8, 1}, {4, 7}, {5, 6}, {2, 3}], [{8, 1}, {5, 7}, {2, 6}, {3, 4}], [{8, 1}, {5, 7}, {3, 6}, {2, 4}], [{8, 1}, {5, 7}, {4, 6}, {2, 3}], [{8, 1}, {6, 7}, {2, 5}, {3, 4}], [{8, 1}, {6, 7}, {3, 5}, {2, 4}], [{8, 1}, {6, 7}, {4, 5}, {2, 3}], [{8, 1}, {7}, {4, 6}, {3, 5}, {2}], [{8, 1}, {7}, {5, 6}, {3, 4}, {2}], [{8, 1}, {7}, {6}, {4, 5}, {2, 3}], [{8, 2}, {1, 7}, {3, 6}, {4, 5}], [{8, 2}, {1, 7}, {4, 6}, {3, 5}], [{8, 2}, {1, 7}, {4, 6}, {5}, {3}], [{8, 2}, {1, 7}, {5, 6}, {3, 4}], [{8, 2}, {3, 7}, {1, 6}, {4, 5}], [{8, 2}, {3, 7}, {1, 6}, {5}, {4}], [{8, 2}, {3, 7}, {4, 6}, {1, 5}], [{8, 2}, {3, 7}, {5, 6}, {1, 4}], [{8, 2}, {4, 7}, {1, 6}, {3, 5}], [{8, 2}, {4, 7}, {1, 6}, {5}, {3}], [{8, 2}, {4, 7}, {3, 6}, {1, 5}], [{8, 2}, {4, 7}, {5, 6}, {1, 3}], [{8, 2}, {5, 7}, {1, 6}, {3, 4}], [{8, 2}, {5, 7}, {3, 6}, {1, 4}], [{8, 2}, {5, 7}, {4, 6}, {1, 3}], [{8, 2}, {6, 7}, {1, 5}, {3, 4}], [{8, 2}, {6, 7}, {3, 5}, {1, 4}], [{8, 2}, {6, 7}, {4, 5}, {1, 3}], [{8, 2}, {7}, {1, 6}, {5}, {3, 4}], [{8, 2}, {7}, {3, 6}, {5}, {1, 4}], [{8, 2}, {7}, {5, 6}, {3, 4}, {1}], [{8, 2}, {7}, {6}, {1, 5}, {3, 4}], [{8, 3}, {1, 7}, {2, 6}, {4, 5}], [{8, 3}, {1, 7}, {4, 6}, {2, 5}], [{8, 3}, {1, 7}, {5, 6}, {2, 4}], [{8, 3}, {1, 7}, {6}, {4, 5}, {2}], [{8, 3}, {2, 7}, {1, 6}, {4, 5}], [{8, 3}, {2, 7}, {1, 6}, {5}, {4}], [{8, 3}, {2, 7}, {4, 6}, {1, 5}], [{8, 3}, {2, 7}, {5, 6}, {1, 4}], [{8, 3}, {4, 7}, {1, 6}, {2, 5}], [{8, 3}, {4, 7}, {1, 6}, {5}, {2}], [{8, 3}, {4, 7}, {2, 6}, {1, 5}], [{8, 3}, {4, 7}, {5, 6}, {1, 2}], [{8, 3}, {4, 7}, {5, 6}, {2}, {1}], [{8, 3}, {4, 7}, {6}, {1, 5}, {2}], [{8, 3}, {5, 7}, {1, 6}, {2, 4}], [{8, 3}, {5, 7}, {2, 6}, {1, 4}], [{8, 3}, {5, 7}, {4, 6}, {1, 2}], [{8, 3}, {6, 7}, {1, 5}, {2, 4}], [{8, 3}, {6, 7}, {2, 5}, {1, 4}], [{8, 3}, {6, 7}, {4, 5}, {1, 2}], [{8, 3}, {7}, {1, 6}, {5}, {2, 4}], [{8, 3}, {7}, {2, 6}, {5}, {1, 4}], [{8, 4}, {1, 7}, {2, 6}, {3, 5}], [{8, 4}, {1, 7}, {3, 6}, {2, 5}], [{8, 4}, {1, 7}, {3, 6}, {5}, {2}], [{8, 4}, {1, 7}, {5, 6}, {2, 3}], [{8, 4}, {1, 7}, {6}, {2, 5}, {3}], [{8, 4}, {2, 7}, {1, 6}, {3, 5}], [{8, 4}, {2, 7}, {1, 6}, {5}, {3}], [{8, 4}, {2, 7}, {3, 6}, {1, 5}], [{8, 4}, {2, 7}, {5, 6}, {1, 3}], [{8, 4}, {3, 7}, {1, 6}, {2, 5}], [{8, 4}, {3, 7}, {1, 6}, {5}, {2}], [{8, 4}, {3, 7}, {2, 6}, {1, 5}], [{8, 4}, {3, 7}, {5, 6}, {1, 2}], [{8, 4}, {3, 7}, {5, 6}, {2}, {1}], [{8, 4}, {3, 7}, {6}, {1, 5}, {2}], [{8, 4}, {5, 7}, {1, 6}, {2, 3}], [{8, 4}, {5, 7}, {2, 6}, {1, 3}], [{8, 4}, {5, 7}, {2, 6}, {3}, {1}], [{8, 4}, {5, 7}, {3, 6}, {1, 2}], [{8, 4}, {6, 7}, {1, 5}, {2, 3}], [{8, 4}, {6, 7}, {2, 5}, {1, 3}], [{8, 4}, {6, 7}, {3, 5}, {1, 2}], [{8, 4}, {7}, {1, 6}, {5}, {2, 3}], [{8, 5}, {1, 7}, {2, 6}, {3, 4}], [{8, 5}, {1, 7}, {2, 6}, {4}, {3}], [{8, 5}, {1, 7}, {3, 6}, {2, 4}], [{8, 5}, {1, 7}, {4, 6}, {2, 3}], [{8, 5}, {2, 7}, {1, 6}, {3, 4}], [{8, 5}, {2, 7}, {1, 6}, {4}, {3}], [{8, 5}, {2, 7}, {3, 6}, {1, 4}], [{8, 5}, {2, 7}, {4, 6}, {1, 3}], [{8, 5}, {2, 7}, {6}, {3, 4}, {1}], [{8, 5}, {3, 7}, {1, 6}, {2, 4}], [{8, 5}, {3, 7}, {2, 6}, {1, 4}], [{8, 5}, {3, 7}, {2, 6}, {4}, {1}], [{8, 5}, {3, 7}, {4, 6}, {1, 2}], [{8, 5}, {4, 7}, {1, 6}, {2, 3}], [{8, 5}, {4, 7}, {2, 6}, {1, 3}], [{8, 5}, {4, 7}, {3, 6}, {1, 2}], [{8, 5}, {6, 7}, {1, 4}, {2, 3}], [{8, 5}, {6, 7}, {2, 4}, {1, 3}], [{8, 5}, {6, 7}, {3, 4}, {1, 2}], [{8, 5}, {7}, {1, 6}, {3, 4}, {2}], [{8, 5}, {7}, {2, 6}, {4}, {1, 3}], [{8, 5}, {7}, {3, 6}, {4}, {1, 2}], [{8, 6}, {1, 7}, {2, 5}, {3, 4}], [{8, 6}, {1, 7}, {3, 5}, {2, 4}], [{8, 6}, {1, 7}, {4, 5}, {2, 3}], [{8, 6}, {1, 7}, {5}, {4}, {2, 3}], [{8, 6}, {2, 7}, {1, 5}, {3, 4}], [{8, 6}, {2, 7}, {1, 5}, {4}, {3}], [{8, 6}, {2, 7}, {3, 5}, {1, 4}], [{8, 6}, {2, 7}, {4, 5}, {1, 3}], [{8, 6}, {2, 7}, {5}, {3, 4}, {1}], [{8, 6}, {3, 7}, {1, 5}, {2, 4}], [{8, 6}, {3, 7}, {2, 5}, {1, 4}], [{8, 6}, {3, 7}, {4, 5}, {1, 2}], [{8, 6}, {4, 7}, {1, 5}, {2, 3}], [{8, 6}, {4, 7}, {2, 5}, {1, 3}], [{8, 6}, {4, 7}, {3, 5}, {1, 2}], [{8, 6}, {5, 7}, {1, 4}, {2, 3}], [{8, 6}, {5, 7}, {2, 4}, {1, 3}], [{8, 6}, {5, 7}, {3, 4}, {1, 2}], [{8, 6}, {7}, {1, 5}, {3, 4}, {2}], [{8, 6}, {7}, {3, 5}, {1, 4}, {2}], [{8, 7}, {1, 6}, {2, 5}, {3, 4}], [{8, 7}, {1, 6}, {3, 5}, {2, 4}], [{8, 7}, {1, 6}, {4, 5}, {2, 3}], [{8, 7}, {1, 6}, {5}, {2, 4}, {3}], [{8, 7}, {1, 6}, {5}, {3, 4}, {2}], [{8, 7}, {1, 6}, {5}, {4}, {2, 3}], [{8, 7}, {2, 6}, {1, 5}, {3, 4}], [{8, 7}, {2, 6}, {3, 5}, {1, 4}], [{8, 7}, {2, 6}, {4, 5}, {1, 3}], [{8, 7}, {2, 6}, {5}, {1, 4}, {3}], [{8, 7}, {2, 6}, {5}, {3, 4}, {1}], [{8, 7}, {2, 6}, {5}, {4}, {1, 3}], [{8, 7}, {3, 6}, {1, 5}, {2, 4}], [{8, 7}, {3, 6}, {2, 5}, {1, 4}], [{8, 7}, {3, 6}, {4, 5}, {1, 2}], [{8, 7}, {4, 6}, {1, 5}, {2, 3}], [{8, 7}, {4, 6}, {2, 5}, {1, 3}], [{8, 7}, {4, 6}, {3, 5}, {1, 2}], [{8, 7}, {5, 6}, {1, 4}, {2, 3}], [{8, 7}, {5, 6}, {2, 4}, {1, 3}], [{8, 7}, {5, 6}, {3, 4}, {1, 2}], [{8, 7}, {5, 6}, {3, 4}, {2}, {1}], [{8, 7}, {6}, {1, 5}, {3, 4}, {2}], [{8, 7}, {6}, {2, 5}, {3, 4}, {1}], [{8, 7}, {6}, {3, 5}, {1, 4}, {2}], [{8, 7}, {6}, {5}, {3, 4}, {1, 2}], [{8}, {1, 7}, {5, 6}, {3, 4}, {2}], [{8}, {2, 7}, {1, 6}, {3, 5}, {4}], [{8}, {2, 7}, {1, 6}, {4, 5}, {3}], [{8}, {2, 7}, {1, 6}, {5}, {3, 4}], [{8}, {2, 7}, {1, 6}, {5}, {4}, {3}], [{8}, {2, 7}, {5, 6}, {3, 4}, {1}], [{8}, {2, 7}, {6}, {1, 5}, {3, 4}], [{8}, {3, 7}, {1, 6}, {5}, {2, 4}], [{8}, {3, 7}, {2, 6}, {5}, {1, 4}], [{8}, {4, 7}, {1, 6}, {5}, {2, 3}], [{8}, {5, 7}, {1, 6}, {3, 4}, {2}], [{8}, {5, 7}, {2, 6}, {4}, {1, 3}], [{8}, {6, 7}, {1, 5}, {3, 4}, {2}], [{8}, {6, 7}, {3, 5}, {1, 4}, {2}], [{8}, {6, 7}, {4, 5}, {1, 3}, {2}], [{8}, {7}, {1, 6}, {2, 5}, {3, 4}], [{8}, {7}, {1, 6}, {5}, {3, 4}, {2}], [{8}, {7}, {2, 6}, {1, 5}, {3, 4}], [{8}, {7}, {3, 6}, {1, 5}, {2, 4}], [{8}, {7}, {4, 6}, {1, 5}, {2, 3}], [{8}, {7}, {5, 6}, {1, 4}, {2, 3}], [{8}, {7}, {5, 6}, {2, 4}, {1, 3}], [{8}, {7}, {5, 6}, {3, 4}, {1, 2}], [{8}, {7}, {5, 6}, {3, 4}, {2}, {1}], [{8}, {7}, {6}, {1, 5}, {3, 4}, {2}]]",2,20 K_1^3 - 20 K_1^2 - 30 K_1 K_2 - 4 K_1 K_3 + 12 K_2 + 10 K_3 + 2 K_4 + 11,O1O2O3O4U5U6O7U3O8O5U8U1U7U4O6U2,O1O2O3O4U5U4O6U2O7O5U1U6U8U3O8U7,O1O2O3O4U5O6U2U6U7U4O8O5U3O7U1U8,c,{'O1O2O3O4U3O5U1U6U4U7O8O7U2O6U5U8'},1,"<a href=""/flatknot/8.733525"">8.733525</a>",t^9-62t^7-178t^6-t^5+192t^4-24t^3-38t^2+53t+6,t^3-2t^2+t,,
8.733526,O1O2O3O4U3O5U1U6U4U7O8O7U5O6U2U8,4,z^3+21z^2+103z+131,w^4z^3+21w^3z^2+103w^2z+131w,False,False,"[[ 0 -3  0 -1  2  2 -1  1  0],[ 3  0  3  0  2  2  1  3  2],[ 0 -3  0 -1  1  2 -2  0  0],[ 1  0  1  0  1  1  0  1  0],[-2 -2 -1 -1  0  1 -3 -2  0],[-2 -2 -2 -1 -1  0 -2 -2 -1],[ 1 -1  2  0  3  2  0  2  1],[-1 -3  0 -1  2  2 -2  0  0],[ 0 -2  0  0  0  1 -1  0  0]]","[[ 0  2  2  1  0  0 -1 -1 -3],[-2  0  1 -2  0 -1 -1 -3 -2],[-2 -1  0 -2 -1 -2 -1 -2 -2],[-1  2  2  0  0  0 -1 -2 -3],[ 0  0  1  0  0  0  0 -1 -2],[ 0  1  2  0  0  0 -1 -2 -3],[ 1  1  1  1  0  1  0  0  0],[ 1  3  2  2  1  2  0  0 -1],[ 3  2  2  3  2  3  0  1  0]]",True,"[-2,-2,-1,0,0,1,1,3,-1,2,0,1,1,3,2,2,1,2,1,2,2,0,0,1,2,3,0,0,1,2,1,2,3,0,0,1]","[-3,-1,-1,0,0,1,2,2,0,1,2,3,3,2,2,0,0,1,1,1,1,1,2,2,2,3,0,0,1,0,0,2,1,2,2,-1]",t^8+72t^6+156t^4+50t^2,"[-3,-1,-1,0,0,1,2,2,1,2,0,1,1,3,3,0,-1,0,0,0,1,0,1,1,2,2,0,1,1,0,1,2,1,-1,-1,-1]","[-2,-2,-1,0,0,1,1,3,-1,-1,0,1,1,2,3,-1,1,2,0,2,3,1,1,0,1,1,0,-1,0,0,0,1,1,0,1,2]","[-3,-1,-1,0,0,1,2,2,0,1,2,3,3,2,2,0,0,1,1,1,1,1,2,2,2,3,0,0,1,0,0,2,1,2,2,-1]",c,"[[{8, 1}, {2, 7}, {3, 6}, {4, 5}], [{8, 1}, {2, 7}, {4, 6}, {3, 5}], [{8, 1}, {2, 7}, {5, 6}, {3, 4}], [{8, 1}, {2, 7}, {6}, {3, 5}, {4}], [{8, 1}, {3, 7}, {2, 6}, {4, 5}], [{8, 1}, {3, 7}, {4, 6}, {2, 5}], [{8, 1}, {3, 7}, {5, 6}, {2, 4}], [{8, 1}, {3, 7}, {6}, {2, 5}, {4}], [{8, 1}, {4, 7}, {2, 6}, {3, 5}], [{8, 1}, {4, 7}, {3, 6}, {2, 5}], [{8, 1}, {4, 7}, {5, 6}, {2, 3}], [{8, 1}, {5, 7}, {2, 6}, {3, 4}], [{8, 1}, {5, 7}, {3, 6}, {2, 4}], [{8, 1}, {5, 7}, {4, 6}, {2, 3}], [{8, 1}, {6, 7}, {2, 5}, {3, 4}], [{8, 1}, {6, 7}, {3, 5}, {2, 4}], [{8, 1}, {6, 7}, {4, 5}, {2, 3}], [{8, 1}, {7}, {2, 6}, {4, 5}, {3}], [{8, 1}, {7}, {5, 6}, {2, 4}, {3}], [{8, 1}, {7}, {5, 6}, {3, 4}, {2}], [{8, 1}, {7}, {5, 6}, {4}, {2, 3}], [{8, 2}, {1, 7}, {3, 6}, {4, 5}], [{8, 2}, {1, 7}, {4, 6}, {3, 5}], [{8, 2}, {1, 7}, {5, 6}, {3, 4}], [{8, 2}, {3, 7}, {1, 6}, {4, 5}], [{8, 2}, {3, 7}, {4, 6}, {1, 5}], [{8, 2}, {3, 7}, {5, 6}, {1, 4}], [{8, 2}, {4, 7}, {1, 6}, {3, 5}], [{8, 2}, {4, 7}, {3, 6}, {1, 5}], [{8, 2}, {4, 7}, {5, 6}, {1, 3}], [{8, 2}, {4, 7}, {6}, {5}, {1, 3}], [{8, 2}, {5, 7}, {1, 6}, {3, 4}], [{8, 2}, {5, 7}, {3, 6}, {1, 4}], [{8, 2}, {5, 7}, {4, 6}, {1, 3}], [{8, 2}, {5, 7}, {6}, {4}, {1, 3}], [{8, 2}, {6, 7}, {1, 5}, {3, 4}], [{8, 2}, {6, 7}, {3, 5}, {1, 4}], [{8, 2}, {6, 7}, {4, 5}, {1, 3}], [{8, 2}, {6, 7}, {5}, {4}, {1, 3}], [{8, 2}, {7}, {4, 6}, {5}, {1, 3}], [{8, 2}, {7}, {5, 6}, {1, 4}, {3}], [{8, 2}, {7}, {5, 6}, {3, 4}, {1}], [{8, 2}, {7}, {5, 6}, {4}, {1, 3}], [{8, 2}, {7}, {6}, {4, 5}, {1, 3}], [{8, 2}, {7}, {6}, {5}, {4}, {1, 3}], [{8, 3}, {1, 7}, {2, 6}, {4, 5}], [{8, 3}, {1, 7}, {4, 6}, {2, 5}], [{8, 3}, {1, 7}, {5, 6}, {2, 4}], [{8, 3}, {1, 7}, {6}, {2, 5}, {4}], [{8, 3}, {1, 7}, {6}, {4, 5}, {2}], [{8, 3}, {1, 7}, {6}, {5}, {2, 4}], [{8, 3}, {2, 7}, {1, 6}, {4, 5}], [{8, 3}, {2, 7}, {4, 6}, {1, 5}], [{8, 3}, {2, 7}, {4, 6}, {5}, {1}], [{8, 3}, {2, 7}, {5, 6}, {1, 4}], [{8, 3}, {2, 7}, {6}, {1, 5}, {4}], [{8, 3}, {4, 7}, {1, 6}, {2, 5}], [{8, 3}, {4, 7}, {2, 6}, {1, 5}], [{8, 3}, {4, 7}, {2, 6}, {5}, {1}], [{8, 3}, {4, 7}, {5, 6}, {1, 2}], [{8, 3}, {4, 7}, {6}, {1, 5}, {2}], [{8, 3}, {5, 7}, {1, 6}, {2, 4}], [{8, 3}, {5, 7}, {2, 6}, {1, 4}], [{8, 3}, {5, 7}, {4, 6}, {1, 2}], [{8, 3}, {5, 7}, {6}, {2, 4}, {1}], [{8, 3}, {6, 7}, {1, 5}, {2, 4}], [{8, 3}, {6, 7}, {1, 5}, {4}, {2}], [{8, 3}, {6, 7}, {2, 5}, {1, 4}], [{8, 3}, {6, 7}, {4, 5}, {1, 2}], [{8, 3}, {6, 7}, {5}, {2, 4}, {1}], [{8, 3}, {7}, {1, 6}, {5}, {2, 4}], [{8, 3}, {7}, {2, 6}, {1, 5}, {4}], [{8, 3}, {7}, {4, 6}, {1, 5}, {2}], [{8, 3}, {7}, {5, 6}, {1, 4}, {2}], [{8, 3}, {7}, {5, 6}, {2, 4}, {1}], [{8, 3}, {7}, {5, 6}, {4}, {1, 2}], [{8, 3}, {7}, {6}, {1, 5}, {2, 4}], [{8, 3}, {7}, {6}, {5}, {2, 4}, {1}], [{8, 4}, {1, 7}, {2, 6}, {3, 5}], [{8, 4}, {1, 7}, {2, 6}, {5}, {3}], [{8, 4}, {1, 7}, {3, 6}, {2, 5}], [{8, 4}, {1, 7}, {5, 6}, {2, 3}], [{8, 4}, {2, 7}, {1, 6}, {3, 5}], [{8, 4}, {2, 7}, {1, 6}, {5}, {3}], [{8, 4}, {2, 7}, {3, 6}, {1, 5}], [{8, 4}, {2, 7}, {5, 6}, {1, 3}], [{8, 4}, {3, 7}, {1, 6}, {2, 5}], [{8, 4}, {3, 7}, {2, 6}, {1, 5}], [{8, 4}, {3, 7}, {5, 6}, {1, 2}], [{8, 4}, {5, 7}, {1, 6}, {2, 3}], [{8, 4}, {5, 7}, {2, 6}, {1, 3}], [{8, 4}, {5, 7}, {3, 6}, {1, 2}], [{8, 4}, {6, 7}, {1, 5}, {2, 3}], [{8, 4}, {6, 7}, {2, 5}, {1, 3}], [{8, 4}, {6, 7}, {3, 5}, {1, 2}], [{8, 4}, {7}, {3, 6}, {1, 5}, {2}], [{8, 4}, {7}, {5, 6}, {1, 3}, {2}], [{8, 4}, {7}, {5, 6}, {2, 3}, {1}], [{8, 4}, {7}, {5, 6}, {3}, {1, 2}], [{8, 5}, {1, 7}, {2, 6}, {3, 4}], [{8, 5}, {1, 7}, {3, 6}, {2, 4}], [{8, 5}, {1, 7}, {4, 6}, {2, 3}], [{8, 5}, {2, 7}, {1, 6}, {3, 4}], [{8, 5}, {2, 7}, {3, 6}, {1, 4}], [{8, 5}, {2, 7}, {4, 6}, {1, 3}], [{8, 5}, {3, 7}, {1, 6}, {2, 4}], [{8, 5}, {3, 7}, {2, 6}, {1, 4}], [{8, 5}, {3, 7}, {4, 6}, {1, 2}], [{8, 5}, {4, 7}, {1, 6}, {2, 3}], [{8, 5}, {4, 7}, {2, 6}, {1, 3}], [{8, 5}, {4, 7}, {3, 6}, {1, 2}], [{8, 5}, {6, 7}, {1, 4}, {2, 3}], [{8, 5}, {6, 7}, {2, 4}, {1, 3}], [{8, 5}, {6, 7}, {3, 4}, {1, 2}], [{8, 6}, {1, 7}, {2, 5}, {3, 4}], [{8, 6}, {1, 7}, {3, 5}, {2, 4}], [{8, 6}, {1, 7}, {4, 5}, {2, 3}], [{8, 6}, {1, 7}, {5}, {2, 4}, {3}], [{8, 6}, {2, 7}, {1, 5}, {3, 4}], [{8, 6}, {2, 7}, {3, 5}, {1, 4}], [{8, 6}, {2, 7}, {3, 5}, {4}, {1}], [{8, 6}, {2, 7}, {4, 5}, {1, 3}], [{8, 6}, {3, 7}, {1, 5}, {2, 4}], [{8, 6}, {3, 7}, {2, 5}, {1, 4}], [{8, 6}, {3, 7}, {4, 5}, {1, 2}], [{8, 6}, {4, 7}, {1, 5}, {2, 3}], [{8, 6}, {4, 7}, {2, 5}, {1, 3}], [{8, 6}, {4, 7}, {3, 5}, {1, 2}], [{8, 6}, {5, 7}, {1, 4}, {2, 3}], [{8, 6}, {5, 7}, {2, 4}, {1, 3}], [{8, 6}, {5, 7}, {3, 4}, {1, 2}], [{8, 6}, {5, 7}, {4}, {1, 3}, {2}], [{8, 7}, {1, 6}, {2, 5}, {3, 4}], [{8, 7}, {1, 6}, {3, 5}, {2, 4}], [{8, 7}, {1, 6}, {4, 5}, {2, 3}], [{8, 7}, {1, 6}, {5}, {2, 4}, {3}], [{8, 7}, {2, 6}, {1, 5}, {3, 4}], [{8, 7}, {2, 6}, {3, 5}, {1, 4}], [{8, 7}, {2, 6}, {4, 5}, {1, 3}], [{8, 7}, {3, 6}, {1, 5}, {2, 4}], [{8, 7}, {3, 6}, {2, 5}, {1, 4}], [{8, 7}, {3, 6}, {4, 5}, {1, 2}], [{8, 7}, {4, 6}, {1, 5}, {2, 3}], [{8, 7}, {4, 6}, {2, 5}, {1, 3}], [{8, 7}, {4, 6}, {3, 5}, {1, 2}], [{8, 7}, {5, 6}, {1, 4}, {2, 3}], [{8, 7}, {5, 6}, {2, 4}, {1, 3}], [{8, 7}, {5, 6}, {3, 4}, {1, 2}], [{8, 7}, {5, 6}, {3, 4}, {2}, {1}], [{8}, {1, 7}, {3, 6}, {5}, {2, 4}], [{8}, {1, 7}, {5, 6}, {3, 4}, {2}], [{8}, {2, 7}, {1, 6}, {3, 5}, {4}], [{8}, {2, 7}, {3, 6}, {5}, {1, 4}], [{8}, {2, 7}, {5, 6}, {3, 4}, {1}], [{8}, {3, 7}, {1, 6}, {5}, {2, 4}], [{8}, {3, 7}, {2, 6}, {5}, {1, 4}], [{8}, {5, 7}, {2, 6}, {4}, {1, 3}], [{8}, {7}, {4, 6}, {3, 5}, {1, 2}], [{8}, {7}, {5, 6}, {1, 4}, {2, 3}], [{8}, {7}, {5, 6}, {2, 4}, {1, 3}], [{8}, {7}, {5, 6}, {3, 4}, {1, 2}], [{8}, {7}, {5, 6}, {3, 4}, {2}, {1}]]",2,8 K_1^3 + 4 K_1^2 K_2 - 24 K_1^2 - 18 K_1 K_2 - 4 K_1 K_3 + 3 K_1 + 12 K_2 + 7 K_3 + K_4 + 12,O1O2O3O4U5U3O6U7O8O5U8U1U6U4O7U2,O1O2O3O4U5U4O6U2O7O5U1U7U8U3O8U6,O1O2O3O4U5O6U2U6U7U4O8O7U3O5U1U8,c,{'O1O2O3O4U3O5U1U6U4U7O8O7U5O6U2U8'},1,"<a href=""/flatknot/8.733526"">8.733526</a>",t^9-74t^7-242t^6-78t^5+258t^4-120t^3-246t^2+55t+24,t^3-2t^2+t,,
8.733527,O1O2O3O4U3O5U1U6U4U7O8O7U5O6U8U2,4,19z^2+104z+133,19w^3z^2+104w^2z+133w,False,False,"[[ 0 -3  1 -1  2  2 -1  1 -1],[ 3  0  3  0  2  2  1  3  1],[-1 -3  0 -1  1  1 -2  0 -1],[ 1  0  1  0  1  1  0  1  0],[-2 -2 -1 -1  0  1 -3 -2  0],[-2 -2 -1 -1 -1  0 -2 -2 -1],[ 1 -1  2  0  3  2  0  2  0],[-1 -3  0 -1  2  2 -2  0 -1],[ 1 -1  1  0  0  1  0  1  0]]","[[ 0  2  2  1  1 -1 -1 -1 -3],[-2  0  1 -1 -2  0 -1 -3 -2],[-2 -1  0 -1 -2 -1 -1 -2 -2],[-1  1  1  0  0 -1 -1 -2 -3],[-1  2  2  0  0 -1 -1 -2 -3],[ 1  0  1  1  1  0  0  0 -1],[ 1  1  1  1  1  0  0  0  0],[ 1  3  2  2  2  0  0  0 -1],[ 3  2  2  3  3  1  0  1  0]]",True,"[-2,-2,-1,-1,1,1,1,3,-1,1,2,0,1,3,2,1,2,1,1,2,2,0,1,1,2,3,1,1,2,3,0,0,1,0,0,1]","[-3,-1,-1,-1,1,1,2,2,0,1,1,3,3,2,2,0,0,1,1,1,1,0,1,1,0,1,2,2,3,2,0,1,1,2,2,1]",t^8+67t^6+183t^4+59t^2+4,"[-3,-1,-1,-1,1,1,2,2,1,1,2,1,1,3,3,0,0,0,0,0,1,0,1,1,3,2,1,1,2,2,0,-1,-1,0,0,-1]","[-2,-2,-1,-1,1,1,1,3,-1,-1,0,1,2,2,3,-1,0,0,2,3,3,0,0,1,1,1,0,1,1,1,0,0,1,0,2,1]","[-3,-1,-1,-1,1,1,2,2,0,1,1,3,3,2,2,0,0,1,1,1,1,0,1,1,0,1,2,2,3,2,0,1,1,2,2,1]",c,"[[{8, 1}, {2, 7}, {3, 6}, {4, 5}], [{8, 1}, {2, 7}, {4, 6}, {3, 5}], [{8, 1}, {2, 7}, {5, 6}, {3, 4}], [{8, 1}, {3, 7}, {2, 6}, {4, 5}], [{8, 1}, {3, 7}, {4, 6}, {2, 5}], [{8, 1}, {3, 7}, {5, 6}, {2, 4}], [{8, 1}, {4, 7}, {2, 6}, {3, 5}], [{8, 1}, {4, 7}, {3, 6}, {2, 5}], [{8, 1}, {4, 7}, {5, 6}, {2, 3}], [{8, 1}, {5, 7}, {2, 6}, {3, 4}], [{8, 1}, {5, 7}, {3, 6}, {2, 4}], [{8, 1}, {5, 7}, {4, 6}, {2, 3}], [{8, 1}, {6, 7}, {2, 5}, {3, 4}], [{8, 1}, {6, 7}, {3, 5}, {2, 4}], [{8, 1}, {6, 7}, {4, 5}, {2, 3}], [{8, 1}, {7}, {2, 6}, {3, 5}, {4}], [{8, 1}, {7}, {5, 6}, {2, 4}, {3}], [{8, 2}, {1, 7}, {3, 6}, {4, 5}], [{8, 2}, {1, 7}, {3, 6}, {5}, {4}], [{8, 2}, {1, 7}, {4, 6}, {3, 5}], [{8, 2}, {1, 7}, {5, 6}, {3, 4}], [{8, 2}, {3, 7}, {1, 6}, {4, 5}], [{8, 2}, {3, 7}, {4, 6}, {1, 5}], [{8, 2}, {3, 7}, {5, 6}, {1, 4}], [{8, 2}, {4, 7}, {1, 6}, {3, 5}], [{8, 2}, {4, 7}, {3, 6}, {1, 5}], [{8, 2}, {4, 7}, {5, 6}, {1, 3}], [{8, 2}, {5, 7}, {1, 6}, {3, 4}], [{8, 2}, {5, 7}, {3, 6}, {1, 4}], [{8, 2}, {5, 7}, {4, 6}, {1, 3}], [{8, 2}, {6, 7}, {1, 5}, {3, 4}], [{8, 2}, {6, 7}, {3, 5}, {1, 4}], [{8, 2}, {6, 7}, {4, 5}, {1, 3}], [{8, 2}, {6, 7}, {5}, {4}, {1, 3}], [{8, 2}, {7}, {6}, {1, 5}, {3, 4}], [{8, 2}, {7}, {6}, {3, 5}, {1, 4}], [{8, 3}, {1, 7}, {2, 6}, {4, 5}], [{8, 3}, {1, 7}, {2, 6}, {5}, {4}], [{8, 3}, {1, 7}, {4, 6}, {2, 5}], [{8, 3}, {1, 7}, {4, 6}, {5}, {2}], [{8, 3}, {1, 7}, {5, 6}, {2, 4}], [{8, 3}, {1, 7}, {6}, {5}, {2, 4}], [{8, 3}, {2, 7}, {1, 6}, {4, 5}], [{8, 3}, {2, 7}, {4, 6}, {1, 5}], [{8, 3}, {2, 7}, {5, 6}, {1, 4}], [{8, 3}, {2, 7}, {6}, {4, 5}, {1}], [{8, 3}, {4, 7}, {1, 6}, {2, 5}], [{8, 3}, {4, 7}, {2, 6}, {1, 5}], [{8, 3}, {4, 7}, {5, 6}, {1, 2}], [{8, 3}, {5, 7}, {1, 6}, {2, 4}], [{8, 3}, {5, 7}, {2, 6}, {1, 4}], [{8, 3}, {5, 7}, {4, 6}, {1, 2}], [{8, 3}, {5, 7}, {6}, {1, 4}, {2}], [{8, 3}, {6, 7}, {1, 5}, {2, 4}], [{8, 3}, {6, 7}, {2, 5}, {1, 4}], [{8, 3}, {6, 7}, {4, 5}, {1, 2}], [{8, 3}, {6, 7}, {5}, {1, 4}, {2}], [{8, 3}, {7}, {4, 6}, {2, 5}, {1}], [{8, 3}, {7}, {5, 6}, {1, 4}, {2}], [{8, 4}, {1, 7}, {2, 6}, {3, 5}], [{8, 4}, {1, 7}, {3, 6}, {2, 5}], [{8, 4}, {1, 7}, {5, 6}, {2, 3}], [{8, 4}, {1, 7}, {6}, {5}, {2, 3}], [{8, 4}, {2, 7}, {1, 6}, {3, 5}], [{8, 4}, {2, 7}, {1, 6}, {5}, {3}], [{8, 4}, {2, 7}, {3, 6}, {1, 5}], [{8, 4}, {2, 7}, {5, 6}, {1, 3}], [{8, 4}, {2, 7}, {5, 6}, {3}, {1}], [{8, 4}, {2, 7}, {6}, {1, 5}, {3}], [{8, 4}, {3, 7}, {1, 6}, {2, 5}], [{8, 4}, {3, 7}, {2, 6}, {1, 5}], [{8, 4}, {3, 7}, {5, 6}, {1, 2}], [{8, 4}, {3, 7}, {6}, {5}, {1, 2}], [{8, 4}, {5, 7}, {1, 6}, {2, 3}], [{8, 4}, {5, 7}, {1, 6}, {3}, {2}], [{8, 4}, {5, 7}, {2, 6}, {1, 3}], [{8, 4}, {5, 7}, {3, 6}, {1, 2}], [{8, 4}, {6, 7}, {1, 5}, {2, 3}], [{8, 4}, {6, 7}, {2, 5}, {1, 3}], [{8, 4}, {6, 7}, {3, 5}, {1, 2}], [{8, 4}, {7}, {1, 6}, {2, 5}, {3}], [{8, 4}, {7}, {2, 6}, {3, 5}, {1}], [{8, 4}, {7}, {3, 6}, {1, 5}, {2}], [{8, 5}, {1, 7}, {2, 6}, {3, 4}], [{8, 5}, {1, 7}, {3, 6}, {2, 4}], [{8, 5}, {1, 7}, {4, 6}, {2, 3}], [{8, 5}, {2, 7}, {1, 6}, {3, 4}], [{8, 5}, {2, 7}, {3, 6}, {1, 4}], [{8, 5}, {2, 7}, {4, 6}, {1, 3}], [{8, 5}, {2, 7}, {4, 6}, {3}, {1}], [{8, 5}, {3, 7}, {1, 6}, {2, 4}], [{8, 5}, {3, 7}, {2, 6}, {1, 4}], [{8, 5}, {3, 7}, {4, 6}, {1, 2}], [{8, 5}, {3, 7}, {6}, {1, 4}, {2}], [{8, 5}, {4, 7}, {1, 6}, {2, 3}], [{8, 5}, {4, 7}, {2, 6}, {1, 3}], [{8, 5}, {4, 7}, {3, 6}, {1, 2}], [{8, 5}, {6, 7}, {1, 4}, {2, 3}], [{8, 5}, {6, 7}, {2, 4}, {1, 3}], [{8, 5}, {6, 7}, {3, 4}, {1, 2}], [{8, 5}, {7}, {1, 6}, {3, 4}, {2}], [{8, 5}, {7}, {3, 6}, {4}, {1, 2}], [{8, 6}, {1, 7}, {2, 5}, {3, 4}], [{8, 6}, {1, 7}, {3, 5}, {2, 4}], [{8, 6}, {1, 7}, {4, 5}, {2, 3}], [{8, 6}, {1, 7}, {4, 5}, {3}, {2}], [{8, 6}, {2, 7}, {1, 5}, {3, 4}], [{8, 6}, {2, 7}, {3, 5}, {1, 4}], [{8, 6}, {2, 7}, {4, 5}, {1, 3}], [{8, 6}, {2, 7}, {4, 5}, {3}, {1}], [{8, 6}, {3, 7}, {1, 5}, {2, 4}], [{8, 6}, {3, 7}, {2, 5}, {1, 4}], [{8, 6}, {3, 7}, {4, 5}, {1, 2}], [{8, 6}, {4, 7}, {1, 5}, {2, 3}], [{8, 6}, {4, 7}, {2, 5}, {1, 3}], [{8, 6}, {4, 7}, {3, 5}, {1, 2}], [{8, 6}, {5, 7}, {1, 4}, {2, 3}], [{8, 6}, {5, 7}, {2, 4}, {1, 3}], [{8, 6}, {5, 7}, {2, 4}, {3}, {1}], [{8, 6}, {5, 7}, {3, 4}, {1, 2}], [{8, 6}, {5, 7}, {4}, {1, 3}, {2}], [{8, 6}, {7}, {1, 5}, {3, 4}, {2}], [{8, 6}, {7}, {3, 5}, {1, 4}, {2}], [{8, 6}, {7}, {4, 5}, {3}, {1, 2}], [{8, 6}, {7}, {5}, {2, 4}, {1, 3}], [{8, 7}, {1, 6}, {2, 5}, {3, 4}], [{8, 7}, {1, 6}, {3, 5}, {2, 4}], [{8, 7}, {1, 6}, {4, 5}, {2, 3}], [{8, 7}, {1, 6}, {5}, {2, 4}, {3}], [{8, 7}, {2, 6}, {1, 5}, {3, 4}], [{8, 7}, {2, 6}, {3, 5}, {1, 4}], [{8, 7}, {2, 6}, {4, 5}, {1, 3}], [{8, 7}, {2, 6}, {5}, {4}, {1, 3}], [{8, 7}, {3, 6}, {1, 5}, {2, 4}], [{8, 7}, {3, 6}, {2, 5}, {1, 4}], [{8, 7}, {3, 6}, {4, 5}, {1, 2}], [{8, 7}, {4, 6}, {1, 5}, {2, 3}], [{8, 7}, {4, 6}, {1, 5}, {3}, {2}], [{8, 7}, {4, 6}, {2, 5}, {1, 3}], [{8, 7}, {4, 6}, {3, 5}, {1, 2}], [{8, 7}, {5, 6}, {1, 4}, {2, 3}], [{8, 7}, {5, 6}, {2, 4}, {1, 3}], [{8, 7}, {5, 6}, {3, 4}, {1, 2}], [{8, 7}, {5, 6}, {3, 4}, {2}, {1}], [{8, 7}, {6}, {1, 5}, {4}, {2, 3}], [{8, 7}, {6}, {5}, {3, 4}, {1, 2}], [{8}, {2, 7}, {1, 6}, {3, 5}, {4}], [{8}, {2, 7}, {3, 6}, {1, 5}, {4}], [{8}, {2, 7}, {3, 6}, {4, 5}, {1}], [{8}, {2, 7}, {3, 6}, {5}, {1, 4}], [{8}, {2, 7}, {4, 6}, {5}, {1, 3}], [{8}, {3, 7}, {5, 6}, {4}, {1, 2}], [{8}, {4, 7}, {5, 6}, {3}, {1, 2}], [{8}, {6, 7}, {4, 5}, {1, 3}, {2}], [{8}, {7}, {2, 6}, {1, 5}, {3, 4}], [{8}, {7}, {2, 6}, {3, 5}, {1, 4}], [{8}, {7}, {4, 6}, {1, 5}, {2, 3}], [{8}, {7}, {5, 6}, {3, 4}, {1, 2}]]",2,12 K_1^3 + 4 K_1^2 K_2 - 28 K_1^2 - 30 K_1 K_2 - 4 K_1 K_3 + 6 K_1 - 4 K_2^2 + 14 K_2 + 12 K_3 + 3 K_4 + 16,O1O2O3O4U3U5O6U7O8O5U8U1U6U4O7U2,O1O2O3O4U5U4O6U2O5O7U1U7U8U3O8U6,O1O2O3O4U5O6U2U6U7U4O7O8U3O5U1U8,c,{'O1O2O3O4U3O5U1U6U4U7O8O7U5O6U8U2'},1,"<a href=""/flatknot/8.733527"">8.733527</a>",t^9-69t^7-222t^6+19t^5+636t^4+443t^3-90t^2+2,t^3-2t^2+t,,
8.733528,O1O2O3O4U3O5U1U6U7U2O7O8U4O6U5U8,3,9z^2+92z+149,9w^3z^2+92w^2z+149w,False,False,"[[ 0 -3  1 -1  2  2 -1 -1  1],[ 3  0  1  0  3  3  1  2  2],[-1 -1  0  0  1  0 -1 -1  1],[ 1  0  0  0  1  1  0  1  1],[-2 -3 -1 -1  0  0 -2 -2  1],[-2 -3  0 -1  0  0 -2 -2  0],[ 1 -1  1  0  2  2  0  0  1],[ 1 -2  1 -1  2  2  0  0  1],[-1 -2 -1 -1 -1  0 -1 -1  0]]","[[ 0  2  2  1  1 -1 -1 -1 -3],[-2  0  0  1 -1 -1 -2 -2 -3],[-2  0  0  0  0 -1 -2 -2 -3],[-1 -1  0  0 -1 -1 -1 -1 -2],[-1  1  0  1  0  0 -1 -1 -1],[ 1  1  1  1  0  0  1  0  0],[ 1  2  2  1  1 -1  0  0 -2],[ 1  2  2  1  1  0  0  0 -1],[ 3  3  3  2  1  0  2  1  0]]",True,"[-2,-2,-1,-1,1,1,1,3,0,-1,1,1,2,2,3,0,0,1,2,2,3,1,1,1,1,2,0,1,1,1,-1,0,0,0,2,1]","[-3,-1,-1,-1,1,1,2,2,0,1,2,1,2,3,3,0,1,0,1,1,1,0,1,1,2,2,1,1,2,2,1,0,1,0,-1,0]",t^8+55t^6+148t^4+33t^2,"[-3,-1,-1,-1,1,1,2,2,0,1,2,2,3,2,2,0,1,1,1,1,1,0,1,1,1,1,1,2,2,2,1,1,2,1,0,0]","[-2,-2,-1,-1,1,1,1,3,0,0,2,1,1,2,2,1,1,1,1,2,2,1,1,1,2,3,1,1,1,2,0,-1,0,0,1,2]","[-3,-1,-1,-1,1,1,2,2,0,1,2,1,2,3,3,0,1,0,1,1,1,0,1,1,2,2,1,1,2,2,1,0,1,0,-1,0]",c,"[[{8, 2}, {6, 7}, {1, 5}, {3, 4}], [{8, 2}, {6, 7}, {1, 5}, {4}, {3}], [{8, 2}, {6, 7}, {3, 5}, {1, 4}], [{8, 2}, {6, 7}, {3, 5}, {4}, {1}], [{8, 2}, {6, 7}, {4, 5}, {1, 3}], [{8, 2}, {6, 7}, {4, 5}, {3}, {1}], [{8, 2}, {6, 7}, {5}, {1, 4}, {3}], [{8, 2}, {6, 7}, {5}, {3, 4}, {1}], [{8, 2}, {6, 7}, {5}, {4}, {1, 3}], [{8, 2}, {6, 7}, {5}, {4}, {3}, {1}]]",1,4 K_1^3 - 32 K_1^2 - 30 K_1 K_2 + 12 K_1 + 16 K_2 + 14 K_3 + 17,O1O2O3O4U5U6O7U1O5O8U3U8U7U4O6U2,O1O2O3O4U3U5O6U2O7O5U1U4U8U6O8U7,O1O2O3O4U5O6U7U6U1U4O8O5U3O7U8U2,c,{'O1O2O3O4U3O5U1U6U7U2O7O8U4O6U5U8'},1,"<a href=""/flatknot/8.733528"">8.733528</a>",t^9-57t^7-156t^6+24t^5+262t^4+87t^3-74t^2-24t,t^3-2t^2+t,,
8.733529,O1O2O3O4U3O5U1U6U7U2O7O8U5O6U4U8,4,15z^2+92z+125,15w^3z^2+92w^2z+125w,False,False,"[[ 0 -3  1 -1  2  2 -1 -1  1],[ 3  0  1  0  4  2  1  2  2],[-1 -1  0  0  1  0 -1 -1  1],[ 1  0  0  0  1  0  1  1  1],[-2 -4 -1 -1  0  1 -3 -2  1],[-2 -2  0  0 -1  0 -2 -2  0],[ 1 -1  1 -1  3  2  0  0  1],[ 1 -2  1 -1  2  2  0  0  1],[-1 -2 -1 -1 -1  0 -1 -1  0]]","[[ 0  2  2  1  1 -1 -1 -1 -3],[-2  0  1  1 -1 -1 -2 -3 -4],[-2 -1  0  0  0  0 -2 -2 -2],[-1 -1  0  0 -1 -1 -1 -1 -2],[-1  1  0  1  0  0 -1 -1 -1],[ 1  1  0  1  0  0  1  1  0],[ 1  2  2  1  1 -1  0  0 -2],[ 1  3  2  1  1 -1  0  0 -1],[ 3  4  2  2  1  0  2  1  0]]",True,"[-2,-2,-1,-1,1,1,1,3,-1,-1,1,1,2,3,4,0,0,0,2,2,2,1,1,1,1,2,0,1,1,1,-1,-1,0,0,2,1]","[-3,-1,-1,-1,1,1,2,2,0,1,2,1,2,2,4,1,1,0,1,0,1,0,1,1,2,3,1,1,2,2,1,0,1,0,-1,-1]",t^8+63t^6+211t^4+111t^2,"[-3,-1,-1,-1,1,1,2,2,0,1,2,2,3,1,3,0,1,1,1,1,1,1,1,1,0,1,1,2,2,3,1,2,1,0,1,-1]","[-2,-2,-1,-1,1,1,1,3,-1,1,1,1,1,3,3,0,2,0,1,2,1,1,1,1,2,3,1,1,1,2,0,-1,1,-1,0,2]","[-3,-1,-1,-1,1,1,2,2,0,1,2,1,2,2,4,1,1,0,1,0,1,0,1,1,2,3,1,1,2,2,1,0,1,0,-1,-1]",c,"[[{8, 1}, {2, 7}, {3, 6}, {4, 5}], [{8, 1}, {2, 7}, {3, 6}, {5}, {4}], [{8, 1}, {2, 7}, {4, 6}, {3, 5}], [{8, 1}, {2, 7}, {5, 6}, {3, 4}], [{8, 1}, {2, 7}, {5, 6}, {4}, {3}], [{8, 1}, {2, 7}, {6}, {3, 5}, {4}], [{8, 1}, {3, 7}, {2, 6}, {4, 5}], [{8, 1}, {3, 7}, {2, 6}, {5}, {4}], [{8, 1}, {3, 7}, {4, 6}, {2, 5}], [{8, 1}, {3, 7}, {4, 6}, {5}, {2}], [{8, 1}, {3, 7}, {5, 6}, {2, 4}], [{8, 1}, {3, 7}, {6}, {5}, {2, 4}], [{8, 1}, {4, 7}, {2, 6}, {3, 5}], [{8, 1}, {4, 7}, {3, 6}, {2, 5}], [{8, 1}, {4, 7}, {5, 6}, {2, 3}], [{8, 1}, {4, 7}, {6}, {3, 5}, {2}], [{8, 1}, {5, 7}, {2, 6}, {3, 4}], [{8, 1}, {5, 7}, {2, 6}, {4}, {3}], [{8, 1}, {5, 7}, {3, 6}, {2, 4}], [{8, 1}, {5, 7}, {4, 6}, {2, 3}], [{8, 1}, {5, 7}, {4, 6}, {3}, {2}], [{8, 1}, {5, 7}, {6}, {2, 4}, {3}], [{8, 1}, {6, 7}, {2, 5}, {3, 4}], [{8, 1}, {6, 7}, {3, 5}, {2, 4}], [{8, 1}, {6, 7}, {3, 5}, {4}, {2}], [{8, 1}, {6, 7}, {4, 5}, {2, 3}], [{8, 1}, {7}, {2, 6}, {3, 5}, {4}], [{8, 1}, {7}, {4, 6}, {3, 5}, {2}], [{8, 1}, {7}, {6}, {3, 5}, {2, 4}], [{8, 1}, {7}, {6}, {3, 5}, {4}, {2}], [{8, 2}, {1, 7}, {3, 6}, {4, 5}], [{8, 2}, {1, 7}, {4, 6}, {3, 5}], [{8, 2}, {1, 7}, {5, 6}, {3, 4}], [{8, 2}, {3, 7}, {1, 6}, {4, 5}], [{8, 2}, {3, 7}, {4, 6}, {1, 5}], [{8, 2}, {3, 7}, {5, 6}, {1, 4}], [{8, 2}, {3, 7}, {6}, {4, 5}, {1}], [{8, 2}, {4, 7}, {1, 6}, {3, 5}], [{8, 2}, {4, 7}, {3, 6}, {1, 5}], [{8, 2}, {4, 7}, {5, 6}, {1, 3}], [{8, 2}, {4, 7}, {5, 6}, {3}, {1}], [{8, 2}, {5, 7}, {1, 6}, {3, 4}], [{8, 2}, {5, 7}, {3, 6}, {1, 4}], [{8, 2}, {5, 7}, {4, 6}, {1, 3}], [{8, 2}, {5, 7}, {4, 6}, {3}, {1}], [{8, 2}, {6, 7}, {1, 5}, {3, 4}], [{8, 2}, {6, 7}, {3, 5}, {1, 4}], [{8, 2}, {6, 7}, {3, 5}, {4}, {1}], [{8, 2}, {6, 7}, {4, 5}, {1, 3}], [{8, 2}, {6, 7}, {4, 5}, {3}, {1}], [{8, 2}, {6, 7}, {5}, {3, 4}, {1}], [{8, 2}, {7}, {3, 6}, {4, 5}, {1}], [{8, 2}, {7}, {5, 6}, {4}, {1, 3}], [{8, 2}, {7}, {6}, {1, 5}, {3, 4}], [{8, 3}, {1, 7}, {2, 6}, {4, 5}], [{8, 3}, {1, 7}, {4, 6}, {2, 5}], [{8, 3}, {1, 7}, {5, 6}, {2, 4}], [{8, 3}, {1, 7}, {6}, {5}, {2, 4}], [{8, 3}, {2, 7}, {1, 6}, {4, 5}], [{8, 3}, {2, 7}, {4, 6}, {1, 5}], [{8, 3}, {2, 7}, {5, 6}, {1, 4}], [{8, 3}, {4, 7}, {1, 6}, {2, 5}], [{8, 3}, {4, 7}, {2, 6}, {1, 5}], [{8, 3}, {4, 7}, {5, 6}, {1, 2}], [{8, 3}, {5, 7}, {1, 6}, {2, 4}], [{8, 3}, {5, 7}, {2, 6}, {1, 4}], [{8, 3}, {5, 7}, {4, 6}, {1, 2}], [{8, 3}, {5, 7}, {6}, {4}, {1, 2}], [{8, 3}, {6, 7}, {1, 5}, {2, 4}], [{8, 3}, {6, 7}, {2, 5}, {1, 4}], [{8, 3}, {6, 7}, {4, 5}, {1, 2}], [{8, 3}, {6, 7}, {5}, {4}, {1, 2}], [{8, 3}, {7}, {5, 6}, {4}, {1, 2}], [{8, 4}, {1, 7}, {2, 6}, {3, 5}], [{8, 4}, {1, 7}, {3, 6}, {2, 5}], [{8, 4}, {1, 7}, {3, 6}, {5}, {2}], [{8, 4}, {1, 7}, {5, 6}, {2, 3}], [{8, 4}, {2, 7}, {1, 6}, {3, 5}], [{8, 4}, {2, 7}, {3, 6}, {1, 5}], [{8, 4}, {2, 7}, {3, 6}, {5}, {1}], [{8, 4}, {2, 7}, {5, 6}, {1, 3}], [{8, 4}, {2, 7}, {5, 6}, {3}, {1}], [{8, 4}, {2, 7}, {6}, {3, 5}, {1}], [{8, 4}, {3, 7}, {1, 6}, {2, 5}], [{8, 4}, {3, 7}, {2, 6}, {1, 5}], [{8, 4}, {3, 7}, {5, 6}, {1, 2}], [{8, 4}, {5, 7}, {1, 6}, {2, 3}], [{8, 4}, {5, 7}, {2, 6}, {1, 3}], [{8, 4}, {5, 7}, {3, 6}, {1, 2}], [{8, 4}, {5, 7}, {3, 6}, {2}, {1}], [{8, 4}, {6, 7}, {1, 5}, {2, 3}], [{8, 4}, {6, 7}, {2, 5}, {1, 3}], [{8, 4}, {6, 7}, {3, 5}, {1, 2}], [{8, 4}, {7}, {3, 6}, {1, 5}, {2}], [{8, 4}, {7}, {3, 6}, {2, 5}, {1}], [{8, 4}, {7}, {3, 6}, {5}, {1, 2}], [{8, 4}, {7}, {3, 6}, {5}, {2}, {1}], [{8, 5}, {1, 7}, {2, 6}, {3, 4}], [{8, 5}, {1, 7}, {3, 6}, {2, 4}], [{8, 5}, {1, 7}, {4, 6}, {2, 3}], [{8, 5}, {2, 7}, {1, 6}, {3, 4}], [{8, 5}, {2, 7}, {3, 6}, {1, 4}], [{8, 5}, {2, 7}, {4, 6}, {1, 3}], [{8, 5}, {3, 7}, {1, 6}, {2, 4}], [{8, 5}, {3, 7}, {2, 6}, {1, 4}], [{8, 5}, {3, 7}, {4, 6}, {1, 2}], [{8, 5}, {4, 7}, {1, 6}, {2, 3}], [{8, 5}, {4, 7}, {1, 6}, {3}, {2}], [{8, 5}, {4, 7}, {2, 6}, {1, 3}], [{8, 5}, {4, 7}, {3, 6}, {1, 2}], [{8, 5}, {6, 7}, {1, 4}, {2, 3}], [{8, 5}, {6, 7}, {2, 4}, {1, 3}], [{8, 5}, {6, 7}, {3, 4}, {1, 2}], [{8, 5}, {6, 7}, {4}, {3}, {1, 2}], [{8, 5}, {7}, {3, 6}, {2, 4}, {1}], [{8, 5}, {7}, {4, 6}, {1, 3}, {2}], [{8, 6}, {1, 7}, {2, 5}, {3, 4}], [{8, 6}, {1, 7}, {3, 5}, {2, 4}], [{8, 6}, {1, 7}, {4, 5}, {2, 3}], [{8, 6}, {1, 7}, {5}, {4}, {2, 3}], [{8, 6}, {2, 7}, {1, 5}, {3, 4}], [{8, 6}, {2, 7}, {3, 5}, {1, 4}], [{8, 6}, {2, 7}, {4, 5}, {1, 3}], [{8, 6}, {2, 7}, {5}, {4}, {1, 3}], [{8, 6}, {3, 7}, {1, 5}, {2, 4}], [{8, 6}, {3, 7}, {2, 5}, {1, 4}], [{8, 6}, {3, 7}, {4, 5}, {1, 2}], [{8, 6}, {4, 7}, {1, 5}, {2, 3}], [{8, 6}, {4, 7}, {2, 5}, {1, 3}], [{8, 6}, {4, 7}, {3, 5}, {1, 2}], [{8, 6}, {5, 7}, {1, 4}, {2, 3}], [{8, 6}, {5, 7}, {2, 4}, {1, 3}], [{8, 6}, {5, 7}, {3, 4}, {1, 2}], [{8, 6}, {5, 7}, {3, 4}, {2}, {1}], [{8, 6}, {7}, {1, 5}, {2, 4}, {3}], [{8, 6}, {7}, {2, 5}, {1, 4}, {3}], [{8, 7}, {1, 6}, {2, 5}, {3, 4}], [{8, 7}, {1, 6}, {3, 5}, {2, 4}], [{8, 7}, {1, 6}, {4, 5}, {2, 3}], [{8, 7}, {2, 6}, {1, 5}, {3, 4}], [{8, 7}, {2, 6}, {3, 5}, {1, 4}], [{8, 7}, {2, 6}, {4, 5}, {1, 3}], [{8, 7}, {3, 6}, {1, 5}, {2, 4}], [{8, 7}, {3, 6}, {2, 5}, {1, 4}], [{8, 7}, {3, 6}, {4, 5}, {1, 2}], [{8, 7}, {3, 6}, {5}, {4}, {1, 2}], [{8, 7}, {4, 6}, {1, 5}, {2, 3}], [{8, 7}, {4, 6}, {2, 5}, {1, 3}], [{8, 7}, {4, 6}, {3, 5}, {1, 2}], [{8, 7}, {5, 6}, {1, 4}, {2, 3}], [{8, 7}, {5, 6}, {2, 4}, {1, 3}], [{8, 7}, {5, 6}, {3, 4}, {1, 2}], [{8, 7}, {6}, {1, 5}, {3, 4}, {2}], [{8}, {1, 7}, {5, 6}, {3, 4}, {2}], [{8}, {2, 7}, {3, 6}, {5}, {1, 4}], [{8}, {2, 7}, {5, 6}, {1, 4}, {3}], [{8}, {2, 7}, {6}, {1, 5}, {3, 4}], [{8}, {2, 7}, {6}, {3, 5}, {1, 4}], [{8}, {4, 7}, {2, 6}, {1, 5}, {3}], [{8}, {4, 7}, {3, 6}, {5}, {1, 2}], [{8}, {4, 7}, {5, 6}, {1, 3}, {2}], [{8}, {5, 7}, {4, 6}, {3}, {1, 2}], [{8}, {6, 7}, {3, 5}, {4}, {1, 2}], [{8}, {7}, {2, 6}, {4, 5}, {1, 3}]]",2,4 K_1^3 - 16 K_1^2 - 10 K_1 K_2 + 2 K_1 + 8 K_2 + 4 K_3 + 9,O1O2O3O4U5U1O6U7O5O8U3U8U6U4O7U2,O1O2O3O4U3U5O6U2O7O5U1U4U8U7O8U6,O1O2O3O4U5O6U7U6U1U4O8O7U3O5U8U2,c,{'O1O2O3O4U3O5U1U6U7U2O7O8U5O6U4U8'},1,"<a href=""/flatknot/8.733529"">8.733529</a>",t^9-65t^7-208t^6-15t^5+276t^4-4t^3-130t^2+23t+4,t^3-2t^2+t,,
8.733530,O1O2O3O4U3O5U1U6U7U4O7O8U2O6U5U8,4,2z^3+35z^2+114z+105,2w^4z^3+35w^3z^2+114w^2z+105w,False,False,"[[ 0 -3  0 -1  3  2 -1 -1  1],[ 3  0  2  0  2  3  1  2  2],[ 0 -2  0 -1  2  1 -1 -1  1],[ 1  0  1  0  1  1  0  0  0],[-3 -2 -2 -1  0 -1 -2 -3  0],[-2 -3 -1 -1  1  0 -2 -2  0],[ 1 -1  1  0  2  2  0  0  1],[ 1 -2  1  0  3  2  0  0  1],[-1 -2 -1  0  0  0 -1 -1  0]]","[[ 0  3  2  1  0 -1 -1 -1 -3],[-3  0 -1  0 -2 -1 -2 -3 -2],[-2  1  0  0 -1 -1 -2 -2 -3],[-1  0  0  0 -1  0 -1 -1 -2],[ 0  2  1  1  0 -1 -1 -1 -2],[ 1  1  1  0  1  0  0  0  0],[ 1  2  2  1  1  0  0  0 -1],[ 1  3  2  1  1  0  0  0 -2],[ 3  2  3  2  2  0  1  2  0]]",True,"[-3,-2,-1,0,1,1,1,3,1,0,2,1,2,3,2,0,1,1,2,2,3,1,0,1,1,2,1,1,1,2,0,0,0,0,1,2]","[-3,-2,-1,0,1,1,1,3,0,2,1,1,2,3,4,1,1,1,1,2,2,0,1,1,2,2,0,0,0,1,0,0,0,0,1,2]",t^8+61t^6+116t^4+41t^2,"[-3,-1,-1,-1,0,1,2,3,0,1,2,1,2,2,4,0,0,0,1,1,1,0,0,1,1,2,0,2,2,3,0,1,1,1,2,0]","[-3,-2,-1,0,1,1,1,3,0,2,1,1,2,3,4,1,1,1,1,2,2,0,1,1,2,2,0,0,0,1,0,0,0,0,1,2]","[-3,-1,-1,-1,0,1,2,3,0,1,2,2,2,3,2,0,0,1,0,1,1,0,1,1,2,2,1,1,2,3,1,1,2,0,0,1]",c,"[[{8, 6}, {2, 7}, {1, 5}, {3, 4}]]",1,24 K_1^3 + 12 K_1^2 K_2 - 20 K_1^2 - 24 K_1 K_2 - 10 K_1 K_3 - 6 K_1 - 2 K_2^2 + 9 K_2 + 6 K_3 + 3 K_4 + 9,O1O2O3O4U5U6O7U3O5O8U1U8U7U4O6U2,O1O2O3O4U3U5O6U2O7O5U1U6U8U4O8U7,O1O2O3O4U5O6U1U6U7U4O8O5U3O7U8U2,c,{'O1O2O3O4U3O5U1U6U7U4O7O8U2O6U5U8'},1,"<a href=""/flatknot/8.733530"">8.733530</a>",t^9-59t^7-210t^6-109t^5+154t^4+41t^3-68t^2+35t-4,-t^2+2t,,
8.733531,O1O2O3O4U3O5U1U6U7U4O7O8U5O6U2U8,4,5z^3+43z^2+113z+95,5w^4z^3+43w^3z^2+113w^2z+95w,False,False,"[[ 0 -3  0 -1  3  2 -1 -1  1],[ 3  0  3  0  2  2  1  2  2],[ 0 -3  0 -1  2  2 -2 -1  1],[ 1  0  1  0  1  1  0  0  0],[-3 -2 -2 -1  0  0 -3 -3  0],[-2 -2 -2 -1  0  0 -2 -2  0],[ 1 -1  2  0  3  2  0  0  1],[ 1 -2  1  0  3  2  0  0  1],[-1 -2 -1  0  0  0 -1 -1  0]]","[[ 0  3  2  1  0 -1 -1 -1 -3],[-3  0  0  0 -2 -1 -3 -3 -2],[-2  0  0  0 -2 -1 -2 -2 -2],[-1  0  0  0 -1  0 -1 -1 -2],[ 0  2  2  1  0 -1 -1 -2 -3],[ 1  1  1  0  1  0  0  0  0],[ 1  3  2  1  1  0  0  0 -2],[ 1  3  2  1  2  0  0  0 -1],[ 3  2  2  2  3  0  2  1  0]]",True,"[-3,-2,-1,0,1,1,1,3,0,0,2,1,3,3,2,0,2,1,2,2,2,1,0,1,1,2,1,1,2,3,0,0,0,0,2,1]","[-3,-2,-1,0,1,1,1,3,0,0,2,1,3,3,2,0,2,1,2,2,2,1,0,1,1,2,1,1,2,3,0,0,0,0,2,1]",t^8+71t^6+171t^4+55t^2+1,"[-3,-1,-1,-1,0,1,2,3,0,1,2,0,2,3,4,0,0,0,1,1,1,0,-1,1,1,1,0,2,2,3,0,0,1,1,2,1]","[-3,-2,-1,0,1,1,1,3,1,2,1,1,1,3,4,1,0,1,1,2,3,0,1,1,2,2,-1,0,0,0,0,0,1,0,0,2]","[-3,-1,-1,-1,0,1,2,3,0,1,2,3,2,2,2,0,0,1,0,1,1,0,2,1,2,3,1,1,2,3,1,2,2,0,0,0]",c,"[[{8, 1}, {2, 7}, {3, 6}, {4, 5}], [{8, 1}, {2, 7}, {4, 6}, {3, 5}], [{8, 1}, {2, 7}, {5, 6}, {3, 4}], [{8, 1}, {3, 7}, {2, 6}, {4, 5}], [{8, 1}, {3, 7}, {2, 6}, {5}, {4}], [{8, 1}, {3, 7}, {4, 6}, {2, 5}], [{8, 1}, {3, 7}, {4, 6}, {5}, {2}], [{8, 1}, {3, 7}, {5, 6}, {2, 4}], [{8, 1}, {3, 7}, {5, 6}, {4}, {2}], [{8, 1}, {3, 7}, {6}, {2, 5}, {4}], [{8, 1}, {3, 7}, {6}, {4, 5}, {2}], [{8, 1}, {3, 7}, {6}, {5}, {2, 4}], [{8, 1}, {3, 7}, {6}, {5}, {4}, {2}], [{8, 1}, {4, 7}, {2, 6}, {3, 5}], [{8, 1}, {4, 7}, {3, 6}, {2, 5}], [{8, 1}, {4, 7}, {3, 6}, {5}, {2}], [{8, 1}, {4, 7}, {5, 6}, {2, 3}], [{8, 1}, {5, 7}, {2, 6}, {3, 4}], [{8, 1}, {5, 7}, {3, 6}, {2, 4}], [{8, 1}, {5, 7}, {4, 6}, {2, 3}], [{8, 1}, {6, 7}, {2, 5}, {3, 4}], [{8, 1}, {6, 7}, {3, 5}, {2, 4}], [{8, 1}, {6, 7}, {4, 5}, {2, 3}], [{8, 1}, {6, 7}, {5}, {3, 4}, {2}], [{8, 2}, {1, 7}, {3, 6}, {4, 5}], [{8, 2}, {1, 7}, {4, 6}, {3, 5}], [{8, 2}, {1, 7}, {5, 6}, {3, 4}], [{8, 2}, {3, 7}, {1, 6}, {4, 5}], [{8, 2}, {3, 7}, {4, 6}, {1, 5}], [{8, 2}, {3, 7}, {5, 6}, {1, 4}], [{8, 2}, {4, 7}, {1, 6}, {3, 5}], [{8, 2}, {4, 7}, {3, 6}, {1, 5}], [{8, 2}, {4, 7}, {5, 6}, {1, 3}], [{8, 2}, {5, 7}, {1, 6}, {3, 4}], [{8, 2}, {5, 7}, {3, 6}, {1, 4}], [{8, 2}, {5, 7}, {4, 6}, {1, 3}], [{8, 2}, {5, 7}, {6}, {3, 4}, {1}], [{8, 2}, {6, 7}, {1, 5}, {3, 4}], [{8, 2}, {6, 7}, {3, 5}, {1, 4}], [{8, 2}, {6, 7}, {4, 5}, {1, 3}], [{8, 3}, {1, 7}, {2, 6}, {4, 5}], [{8, 3}, {1, 7}, {4, 6}, {2, 5}], [{8, 3}, {1, 7}, {5, 6}, {2, 4}], [{8, 3}, {2, 7}, {1, 6}, {4, 5}], [{8, 3}, {2, 7}, {1, 6}, {5}, {4}], [{8, 3}, {2, 7}, {4, 6}, {1, 5}], [{8, 3}, {2, 7}, {4, 6}, {5}, {1}], [{8, 3}, {2, 7}, {5, 6}, {1, 4}], [{8, 3}, {2, 7}, {5, 6}, {4}, {1}], [{8, 3}, {2, 7}, {6}, {1, 5}, {4}], [{8, 3}, {2, 7}, {6}, {4, 5}, {1}], [{8, 3}, {2, 7}, {6}, {5}, {1, 4}], [{8, 3}, {2, 7}, {6}, {5}, {4}, {1}], [{8, 3}, {4, 7}, {1, 6}, {2, 5}], [{8, 3}, {4, 7}, {1, 6}, {5}, {2}], [{8, 3}, {4, 7}, {2, 6}, {1, 5}], [{8, 3}, {4, 7}, {5, 6}, {1, 2}], [{8, 3}, {5, 7}, {1, 6}, {2, 4}], [{8, 3}, {5, 7}, {2, 6}, {1, 4}], [{8, 3}, {5, 7}, {2, 6}, {4}, {1}], [{8, 3}, {5, 7}, {4, 6}, {1, 2}], [{8, 3}, {5, 7}, {6}, {1, 4}, {2}], [{8, 3}, {6, 7}, {1, 5}, {2, 4}], [{8, 3}, {6, 7}, {2, 5}, {1, 4}], [{8, 3}, {6, 7}, {2, 5}, {4}, {1}], [{8, 3}, {6, 7}, {4, 5}, {1, 2}], [{8, 3}, {6, 7}, {5}, {1, 4}, {2}], [{8, 3}, {7}, {1, 6}, {5}, {2, 4}], [{8, 3}, {7}, {2, 6}, {5}, {1, 4}], [{8, 3}, {7}, {4, 6}, {1, 5}, {2}], [{8, 3}, {7}, {5, 6}, {1, 4}, {2}], [{8, 3}, {7}, {6}, {2, 5}, {1, 4}], [{8, 4}, {1, 7}, {2, 6}, {3, 5}], [{8, 4}, {1, 7}, {3, 6}, {2, 5}], [{8, 4}, {1, 7}, {5, 6}, {2, 3}], [{8, 4}, {2, 7}, {1, 6}, {3, 5}], [{8, 4}, {2, 7}, {3, 6}, {1, 5}], [{8, 4}, {2, 7}, {5, 6}, {1, 3}], [{8, 4}, {3, 7}, {1, 6}, {2, 5}], [{8, 4}, {3, 7}, {2, 6}, {1, 5}], [{8, 4}, {3, 7}, {5, 6}, {1, 2}], [{8, 4}, {3, 7}, {6}, {1, 5}, {2}], [{8, 4}, {5, 7}, {1, 6}, {2, 3}], [{8, 4}, {5, 7}, {2, 6}, {1, 3}], [{8, 4}, {5, 7}, {2, 6}, {3}, {1}], [{8, 4}, {5, 7}, {3, 6}, {1, 2}], [{8, 4}, {5, 7}, {3, 6}, {2}, {1}], [{8, 4}, {5, 7}, {6}, {2, 3}, {1}], [{8, 4}, {6, 7}, {1, 5}, {2, 3}], [{8, 4}, {6, 7}, {2, 5}, {1, 3}], [{8, 4}, {6, 7}, {2, 5}, {3}, {1}], [{8, 4}, {6, 7}, {3, 5}, {1, 2}], [{8, 4}, {7}, {1, 6}, {5}, {2, 3}], [{8, 5}, {1, 7}, {2, 6}, {3, 4}], [{8, 5}, {1, 7}, {3, 6}, {2, 4}], [{8, 5}, {1, 7}, {4, 6}, {2, 3}], [{8, 5}, {2, 7}, {1, 6}, {3, 4}], [{8, 5}, {2, 7}, {3, 6}, {1, 4}], [{8, 5}, {2, 7}, {4, 6}, {1, 3}], [{8, 5}, {3, 7}, {1, 6}, {2, 4}], [{8, 5}, {3, 7}, {2, 6}, {1, 4}], [{8, 5}, {3, 7}, {4, 6}, {1, 2}], [{8, 5}, {3, 7}, {6}, {1, 4}, {2}], [{8, 5}, {4, 7}, {1, 6}, {2, 3}], [{8, 5}, {4, 7}, {2, 6}, {1, 3}], [{8, 5}, {4, 7}, {3, 6}, {1, 2}], [{8, 5}, {6, 7}, {1, 4}, {2, 3}], [{8, 5}, {6, 7}, {2, 4}, {1, 3}], [{8, 5}, {6, 7}, {3, 4}, {1, 2}], [{8, 5}, {7}, {2, 6}, {1, 4}, {3}], [{8, 6}, {1, 7}, {2, 5}, {3, 4}], [{8, 6}, {1, 7}, {3, 5}, {2, 4}], [{8, 6}, {1, 7}, {4, 5}, {2, 3}], [{8, 6}, {2, 7}, {1, 5}, {3, 4}], [{8, 6}, {2, 7}, {3, 5}, {1, 4}], [{8, 6}, {2, 7}, {4, 5}, {1, 3}], [{8, 6}, {3, 7}, {1, 5}, {2, 4}], [{8, 6}, {3, 7}, {2, 5}, {1, 4}], [{8, 6}, {3, 7}, {4, 5}, {1, 2}], [{8, 6}, {4, 7}, {1, 5}, {2, 3}], [{8, 6}, {4, 7}, {2, 5}, {1, 3}], [{8, 6}, {4, 7}, {3, 5}, {1, 2}], [{8, 6}, {4, 7}, {3, 5}, {2}, {1}], [{8, 6}, {5, 7}, {1, 4}, {2, 3}], [{8, 6}, {5, 7}, {2, 4}, {1, 3}], [{8, 6}, {5, 7}, {3, 4}, {1, 2}], [{8, 6}, {5, 7}, {3, 4}, {2}, {1}], [{8, 6}, {7}, {1, 5}, {2, 4}, {3}], [{8, 6}, {7}, {3, 5}, {4}, {1, 2}], [{8, 6}, {7}, {5}, {1, 4}, {2, 3}], [{8, 7}, {1, 6}, {2, 5}, {3, 4}], [{8, 7}, {1, 6}, {3, 5}, {2, 4}], [{8, 7}, {1, 6}, {4, 5}, {2, 3}], [{8, 7}, {2, 6}, {1, 5}, {3, 4}], [{8, 7}, {2, 6}, {3, 5}, {1, 4}], [{8, 7}, {2, 6}, {4, 5}, {1, 3}], [{8, 7}, {2, 6}, {5}, {4}, {1, 3}], [{8, 7}, {3, 6}, {1, 5}, {2, 4}], [{8, 7}, {3, 6}, {2, 5}, {1, 4}], [{8, 7}, {3, 6}, {4, 5}, {1, 2}], [{8, 7}, {4, 6}, {1, 5}, {2, 3}], [{8, 7}, {4, 6}, {2, 5}, {1, 3}], [{8, 7}, {4, 6}, {3, 5}, {1, 2}], [{8, 7}, {4, 6}, {5}, {1, 3}, {2}], [{8, 7}, {5, 6}, {1, 4}, {2, 3}], [{8, 7}, {5, 6}, {2, 4}, {1, 3}], [{8, 7}, {5, 6}, {3, 4}, {1, 2}], [{8, 7}, {5, 6}, {4}, {1, 3}, {2}], [{8, 7}, {6}, {2, 5}, {4}, {1, 3}], [{8, 7}, {6}, {4, 5}, {1, 3}, {2}], [{8, 7}, {6}, {5}, {2, 4}, {1, 3}], [{8, 7}, {6}, {5}, {4}, {1, 3}, {2}], [{8}, {1, 7}, {2, 6}, {5}, {3, 4}], [{8}, {1, 7}, {3, 6}, {5}, {2, 4}], [{8}, {4, 7}, {5, 6}, {3}, {1, 2}], [{8}, {5, 7}, {1, 6}, {4}, {2, 3}], [{8}, {5, 7}, {2, 6}, {3, 4}, {1}], [{8}, {5, 7}, {4, 6}, {3}, {1, 2}], [{8}, {6, 7}, {2, 5}, {3, 4}, {1}], [{8}, {7}, {2, 6}, {1, 5}, {3, 4}], [{8}, {7}, {2, 6}, {3, 5}, {1, 4}], [{8}, {7}, {2, 6}, {4, 5}, {1, 3}], [{8}, {7}, {4, 6}, {2, 5}, {1, 3}], [{8}, {7}, {5, 6}, {2, 4}, {1, 3}]]",2,8 K_1^3 + 4 K_1^2 K_2 - 8 K_1^2 - 12 K_1 K_2 - 2 K_1 K_3 - 2 K_2^2 + 3 K_2 + 4 K_3 + K_4 + 5,O1O2O3O4U5U3O6U7O5O8U1U8U6U4O7U2,O1O2O3O4U3U5O6U2O7O5U1U7U8U4O8U6,O1O2O3O4U5O6U1U6U7U4O8O7U3O5U8U2,c,{'O1O2O3O4U3O5U1U6U7U4O7O8U5O6U2U8'},1,"<a href=""/flatknot/8.733531"">8.733531</a>",t^9-69t^7-248t^6-26t^5+262t^4-16t^3-52t^2+53t,-t^2+2t,,
8.733532,O1O2O3O4U3O5U1U6U7U8O7O8U2O6U5U4,4,4z^3+37z^2+110z+105,4w^4z^3+37w^3z^2+110w^2z+105w,False,False,"[[ 0 -3  0 -1  3  2 -1 -1  1],[ 3  0  1  0  4  2  2  3  3],[ 0 -1  0  0  2  0  0 -1  1],[ 1  0  0  0  1  0  1  1  1],[-3 -4 -2 -1  0  0 -3 -4 -2],[-2 -2  0  0  0  0 -2 -3 -1],[ 1 -2  0 -1  3  2  0  1  1],[ 1 -3  1 -1  4  3 -1  0  1],[-1 -3 -1 -1  2  1 -1 -1  0]]","[[ 0  3  2  1  0 -1 -1 -1 -3],[-3  0  0 -2 -2 -1 -3 -4 -4],[-2  0  0 -1  0  0 -2 -3 -2],[-1  2  1  0 -1 -1 -1 -1 -3],[ 0  2  0  1  0  0  0 -1 -1],[ 1  1  0  1  0  0  1  1  0],[ 1  3  2  1  0 -1  0  1 -2],[ 1  4  3  1  1 -1 -1  0 -3],[ 3  4  2  3  1  0  2  3  0]]",True,"[-3,-2,-1,0,1,1,1,3,0,2,2,1,3,4,4,1,0,0,2,3,2,1,1,1,1,3,0,0,1,1,-1,-1,0,-1,2,3]","[-3,-2,-1,0,1,1,1,3,0,2,2,1,3,4,4,1,0,0,2,3,2,1,1,1,1,3,0,0,1,1,-1,-1,0,-1,2,3]",t^8+99t^6+371t^4+33t^2,"[-3,-1,-1,-1,0,1,2,3,-1,0,2,2,1,3,2,1,1,0,1,0,0,1,1,1,1,1,1,1,3,3,0,2,1,0,0,1]","[-3,-2,-1,0,1,1,1,3,1,0,1,0,1,3,2,0,2,0,1,3,3,0,1,1,1,1,0,1,1,2,-1,-1,-1,-1,0,2]","[-3,-1,-1,-1,0,1,2,3,0,2,3,1,3,2,4,1,1,0,1,0,1,1,0,1,2,3,1,1,3,4,1,0,2,1,2,0]",c,"[[{8, 1}, {2, 7}, {3, 6}, {4, 5}], [{8, 1}, {2, 7}, {4, 6}, {3, 5}], [{8, 1}, {2, 7}, {5, 6}, {3, 4}], [{8, 1}, {3, 7}, {2, 6}, {4, 5}], [{8, 1}, {3, 7}, {4, 6}, {2, 5}], [{8, 1}, {3, 7}, {5, 6}, {2, 4}], [{8, 1}, {4, 7}, {2, 6}, {3, 5}], [{8, 1}, {4, 7}, {3, 6}, {2, 5}], [{8, 1}, {4, 7}, {5, 6}, {2, 3}], [{8, 1}, {4, 7}, {6}, {2, 5}, {3}], [{8, 1}, {5, 7}, {2, 6}, {3, 4}], [{8, 1}, {5, 7}, {3, 6}, {2, 4}], [{8, 1}, {5, 7}, {4, 6}, {2, 3}], [{8, 1}, {6, 7}, {2, 5}, {3, 4}], [{8, 1}, {6, 7}, {3, 5}, {2, 4}], [{8, 1}, {6, 7}, {4, 5}, {2, 3}], [{8, 1}, {7}, {3, 6}, {5}, {2, 4}], [{8, 1}, {7}, {5, 6}, {2, 4}, {3}], [{8, 1}, {7}, {6}, {3, 5}, {2, 4}], [{8, 2}, {1, 7}, {3, 6}, {4, 5}], [{8, 2}, {1, 7}, {4, 6}, {3, 5}], [{8, 2}, {1, 7}, {5, 6}, {3, 4}], [{8, 2}, {3, 7}, {1, 6}, {4, 5}], [{8, 2}, {3, 7}, {4, 6}, {1, 5}], [{8, 2}, {3, 7}, {5, 6}, {1, 4}], [{8, 2}, {4, 7}, {1, 6}, {3, 5}], [{8, 2}, {4, 7}, {3, 6}, {1, 5}], [{8, 2}, {4, 7}, {5, 6}, {1, 3}], [{8, 2}, {5, 7}, {1, 6}, {3, 4}], [{8, 2}, {5, 7}, {3, 6}, {1, 4}], [{8, 2}, {5, 7}, {3, 6}, {4}, {1}], [{8, 2}, {5, 7}, {4, 6}, {1, 3}], [{8, 2}, {6, 7}, {1, 5}, {3, 4}], [{8, 2}, {6, 7}, {3, 5}, {1, 4}], [{8, 2}, {6, 7}, {3, 5}, {4}, {1}], [{8, 2}, {6, 7}, {4, 5}, {1, 3}], [{8, 2}, {7}, {1, 6}, {5}, {3, 4}], [{8, 2}, {7}, {3, 6}, {5}, {1, 4}], [{8, 2}, {7}, {5, 6}, {1, 4}, {3}], [{8, 2}, {7}, {6}, {3, 5}, {1, 4}], [{8, 3}, {1, 7}, {2, 6}, {4, 5}], [{8, 3}, {1, 7}, {4, 6}, {2, 5}], [{8, 3}, {1, 7}, {5, 6}, {2, 4}], [{8, 3}, {1, 7}, {6}, {4, 5}, {2}], [{8, 3}, {2, 7}, {1, 6}, {4, 5}], [{8, 3}, {2, 7}, {4, 6}, {1, 5}], [{8, 3}, {2, 7}, {4, 6}, {5}, {1}], [{8, 3}, {2, 7}, {5, 6}, {1, 4}], [{8, 3}, {2, 7}, {5, 6}, {4}, {1}], [{8, 3}, {2, 7}, {6}, {4, 5}, {1}], [{8, 3}, {4, 7}, {1, 6}, {2, 5}], [{8, 3}, {4, 7}, {2, 6}, {1, 5}], [{8, 3}, {4, 7}, {2, 6}, {5}, {1}], [{8, 3}, {4, 7}, {5, 6}, {1, 2}], [{8, 3}, {5, 7}, {1, 6}, {2, 4}], [{8, 3}, {5, 7}, {2, 6}, {1, 4}], [{8, 3}, {5, 7}, {2, 6}, {4}, {1}], [{8, 3}, {5, 7}, {4, 6}, {1, 2}], [{8, 3}, {6, 7}, {1, 5}, {2, 4}], [{8, 3}, {6, 7}, {2, 5}, {1, 4}], [{8, 3}, {6, 7}, {4, 5}, {1, 2}], [{8, 3}, {6, 7}, {4, 5}, {2}, {1}], [{8, 3}, {7}, {1, 6}, {4, 5}, {2}], [{8, 3}, {7}, {2, 6}, {4, 5}, {1}], [{8, 3}, {7}, {6}, {1, 5}, {2, 4}], [{8, 3}, {7}, {6}, {2, 5}, {1, 4}], [{8, 3}, {7}, {6}, {4, 5}, {1, 2}], [{8, 4}, {1, 7}, {2, 6}, {3, 5}], [{8, 4}, {1, 7}, {3, 6}, {2, 5}], [{8, 4}, {1, 7}, {5, 6}, {2, 3}], [{8, 4}, {2, 7}, {1, 6}, {3, 5}], [{8, 4}, {2, 7}, {3, 6}, {1, 5}], [{8, 4}, {2, 7}, {5, 6}, {1, 3}], [{8, 4}, {3, 7}, {1, 6}, {2, 5}], [{8, 4}, {3, 7}, {2, 6}, {1, 5}], [{8, 4}, {3, 7}, {5, 6}, {1, 2}], [{8, 4}, {5, 7}, {1, 6}, {2, 3}], [{8, 4}, {5, 7}, {2, 6}, {1, 3}], [{8, 4}, {5, 7}, {3, 6}, {1, 2}], [{8, 4}, {5, 7}, {6}, {1, 3}, {2}], [{8, 4}, {6, 7}, {1, 5}, {2, 3}], [{8, 4}, {6, 7}, {2, 5}, {1, 3}], [{8, 4}, {6, 7}, {3, 5}, {1, 2}], [{8, 4}, {7}, {3, 6}, {5}, {1, 2}], [{8, 4}, {7}, {5, 6}, {3}, {1, 2}], [{8, 4}, {7}, {6}, {3, 5}, {1, 2}], [{8, 5}, {1, 7}, {2, 6}, {3, 4}], [{8, 5}, {1, 7}, {3, 6}, {2, 4}], [{8, 5}, {1, 7}, {4, 6}, {2, 3}], [{8, 5}, {2, 7}, {1, 6}, {3, 4}], [{8, 5}, {2, 7}, {3, 6}, {1, 4}], [{8, 5}, {2, 7}, {4, 6}, {1, 3}], [{8, 5}, {3, 7}, {1, 6}, {2, 4}], [{8, 5}, {3, 7}, {2, 6}, {1, 4}], [{8, 5}, {3, 7}, {4, 6}, {1, 2}], [{8, 5}, {4, 7}, {1, 6}, {2, 3}], [{8, 5}, {4, 7}, {2, 6}, {1, 3}], [{8, 5}, {4, 7}, {3, 6}, {1, 2}], [{8, 5}, {4, 7}, {6}, {1, 3}, {2}], [{8, 5}, {6, 7}, {1, 4}, {2, 3}], [{8, 5}, {6, 7}, {2, 4}, {1, 3}], [{8, 5}, {6, 7}, {3, 4}, {1, 2}], [{8, 5}, {7}, {1, 6}, {2, 4}, {3}], [{8, 5}, {7}, {2, 6}, {1, 4}, {3}], [{8, 5}, {7}, {4, 6}, {3}, {1, 2}], [{8, 6}, {1, 7}, {2, 5}, {3, 4}], [{8, 6}, {1, 7}, {3, 5}, {2, 4}], [{8, 6}, {1, 7}, {4, 5}, {2, 3}], [{8, 6}, {2, 7}, {1, 5}, {3, 4}], [{8, 6}, {2, 7}, {3, 5}, {1, 4}], [{8, 6}, {2, 7}, {4, 5}, {1, 3}], [{8, 6}, {3, 7}, {1, 5}, {2, 4}], [{8, 6}, {3, 7}, {2, 5}, {1, 4}], [{8, 6}, {3, 7}, {4, 5}, {1, 2}], [{8, 6}, {4, 7}, {1, 5}, {2, 3}], [{8, 6}, {4, 7}, {2, 5}, {1, 3}], [{8, 6}, {4, 7}, {3, 5}, {1, 2}], [{8, 6}, {5, 7}, {1, 4}, {2, 3}], [{8, 6}, {5, 7}, {2, 4}, {1, 3}], [{8, 6}, {5, 7}, {3, 4}, {1, 2}], [{8, 7}, {1, 6}, {2, 5}, {3, 4}], [{8, 7}, {1, 6}, {2, 5}, {4}, {3}], [{8, 7}, {1, 6}, {3, 5}, {2, 4}], [{8, 7}, {1, 6}, {3, 5}, {4}, {2}], [{8, 7}, {1, 6}, {4, 5}, {2, 3}], [{8, 7}, {1, 6}, {4, 5}, {3}, {2}], [{8, 7}, {1, 6}, {5}, {2, 4}, {3}], [{8, 7}, {1, 6}, {5}, {3, 4}, {2}], [{8, 7}, {1, 6}, {5}, {4}, {2, 3}], [{8, 7}, {2, 6}, {1, 5}, {3, 4}], [{8, 7}, {2, 6}, {1, 5}, {4}, {3}], [{8, 7}, {2, 6}, {3, 5}, {1, 4}], [{8, 7}, {2, 6}, {3, 5}, {4}, {1}], [{8, 7}, {2, 6}, {4, 5}, {1, 3}], [{8, 7}, {2, 6}, {4, 5}, {3}, {1}], [{8, 7}, {2, 6}, {5}, {1, 4}, {3}], [{8, 7}, {2, 6}, {5}, {3, 4}, {1}], [{8, 7}, {2, 6}, {5}, {4}, {1, 3}], [{8, 7}, {3, 6}, {1, 5}, {2, 4}], [{8, 7}, {3, 6}, {1, 5}, {4}, {2}], [{8, 7}, {3, 6}, {2, 5}, {1, 4}], [{8, 7}, {3, 6}, {2, 5}, {4}, {1}], [{8, 7}, {3, 6}, {4, 5}, {1, 2}], [{8, 7}, {3, 6}, {4, 5}, {2}, {1}], [{8, 7}, {3, 6}, {5}, {1, 4}, {2}], [{8, 7}, {3, 6}, {5}, {2, 4}, {1}], [{8, 7}, {3, 6}, {5}, {4}, {1, 2}], [{8, 7}, {4, 6}, {1, 5}, {2, 3}], [{8, 7}, {4, 6}, {1, 5}, {3}, {2}], [{8, 7}, {4, 6}, {2, 5}, {1, 3}], [{8, 7}, {4, 6}, {2, 5}, {3}, {1}], [{8, 7}, {4, 6}, {3, 5}, {1, 2}], [{8, 7}, {4, 6}, {3, 5}, {2}, {1}], [{8, 7}, {4, 6}, {5}, {1, 3}, {2}], [{8, 7}, {4, 6}, {5}, {2, 3}, {1}], [{8, 7}, {4, 6}, {5}, {3}, {1, 2}], [{8, 7}, {5, 6}, {1, 4}, {2, 3}], [{8, 7}, {5, 6}, {1, 4}, {3}, {2}], [{8, 7}, {5, 6}, {2, 4}, {1, 3}], [{8, 7}, {5, 6}, {2, 4}, {3}, {1}], [{8, 7}, {5, 6}, {3, 4}, {1, 2}], [{8, 7}, {5, 6}, {3, 4}, {2}, {1}], [{8, 7}, {5, 6}, {4}, {1, 3}, {2}], [{8, 7}, {5, 6}, {4}, {2, 3}, {1}], [{8, 7}, {5, 6}, {4}, {3}, {1, 2}], [{8, 7}, {6}, {1, 5}, {2, 4}, {3}], [{8, 7}, {6}, {1, 5}, {3, 4}, {2}], [{8, 7}, {6}, {1, 5}, {4}, {2, 3}], [{8, 7}, {6}, {2, 5}, {1, 4}, {3}], [{8, 7}, {6}, {2, 5}, {3, 4}, {1}], [{8, 7}, {6}, {2, 5}, {4}, {1, 3}], [{8, 7}, {6}, {3, 5}, {1, 4}, {2}], [{8, 7}, {6}, {3, 5}, {2, 4}, {1}], [{8, 7}, {6}, {3, 5}, {4}, {1, 2}], [{8, 7}, {6}, {4, 5}, {1, 3}, {2}], [{8, 7}, {6}, {4, 5}, {2, 3}, {1}], [{8, 7}, {6}, {4, 5}, {3}, {1, 2}], [{8, 7}, {6}, {5}, {1, 4}, {2, 3}], [{8, 7}, {6}, {5}, {1, 4}, {3}, {2}], [{8, 7}, {6}, {5}, {2, 4}, {1, 3}], [{8, 7}, {6}, {5}, {2, 4}, {3}, {1}], [{8, 7}, {6}, {5}, {3, 4}, {1, 2}], [{8, 7}, {6}, {5}, {3, 4}, {2}, {1}], [{8, 7}, {6}, {5}, {4}, {1, 3}, {2}], [{8, 7}, {6}, {5}, {4}, {2, 3}, {1}], [{8, 7}, {6}, {5}, {4}, {3}, {1, 2}], [{8}, {1, 7}, {3, 6}, {5}, {2, 4}], [{8}, {1, 7}, {5, 6}, {2, 4}, {3}], [{8}, {1, 7}, {6}, {3, 5}, {2, 4}], [{8}, {2, 7}, {1, 6}, {5}, {3, 4}], [{8}, {2, 7}, {3, 6}, {5}, {1, 4}], [{8}, {2, 7}, {5, 6}, {1, 4}, {3}], [{8}, {2, 7}, {6}, {3, 5}, {1, 4}], [{8}, {3, 7}, {1, 6}, {4, 5}, {2}], [{8}, {3, 7}, {2, 6}, {4, 5}, {1}], [{8}, {3, 7}, {6}, {1, 5}, {2, 4}], [{8}, {3, 7}, {6}, {2, 5}, {1, 4}], [{8}, {3, 7}, {6}, {4, 5}, {1, 2}], [{8}, {4, 7}, {3, 6}, {5}, {1, 2}], [{8}, {4, 7}, {5, 6}, {3}, {1, 2}], [{8}, {4, 7}, {6}, {3, 5}, {1, 2}], [{8}, {5, 7}, {1, 6}, {2, 4}, {3}], [{8}, {5, 7}, {2, 6}, {1, 4}, {3}], [{8}, {5, 7}, {4, 6}, {3}, {1, 2}]]",2,36 K_1^3 + 8 K_1^2 K_2 - 26 K_1^2 - 36 K_1 K_2 - 8 K_1 K_3 - 9 K_1 + 13 K_2 + 9 K_3 + 2 K_4 + 12,O1O2O3O4U1U5O6U3O7O8U7U8U6U4O5U2,O1O2O3O4U3U4O5U2O6O7U1U5U8U7O8U6,O1O2O3O4U5O6U7U6U8U4O7O5U3O8U1U2,c,{'O1O2O3O4U3O5U1U6U7U8O7O8U2O6U5U4'},1,"<a href=""/flatknot/8.733532"">8.733532</a>",t^9-97t^7-472t^6-402t^5+744t^4+873t^3-130t^2-287t-38,-t^2+2t,,
8.733533,O1O2O3O4U3O5U1U6U7U8O7O8U4O6U5U2,4,7z^3+49z^2+113z+87,7w^4z^3+49w^3z^2+113w^2z+87w,False,False,"[[ 0 -3  1 -1  2  2 -1 -1  1],[ 3  0  3  0  2  2  2  3  3],[-1 -3  0 -1  1  1 -2 -2  0],[ 1  0  1  0  1  1  0  1  1],[-2 -2 -1 -1  0  0 -2 -3 -1],[-2 -2 -1 -1  0  0 -2 -3 -1],[ 1 -2  2  0  2  2  0  1  1],[ 1 -3  2 -1  3  3 -1  0  1],[-1 -3  0 -1  1  1 -1 -1  0]]","[[ 0  2  2  1  1 -1 -1 -1 -3],[-2  0  0 -1 -1 -1 -2 -3 -2],[-2  0  0 -1 -1 -1 -2 -3 -2],[-1  1  1  0  0 -1 -1 -1 -3],[-1  1  1  0  0 -1 -2 -2 -3],[ 1  1  1  1  1  0  0  1  0],[ 1  2  2  1  2  0  0  1 -2],[ 1  3  3  1  2 -1 -1  0 -3],[ 3  2  2  3  3  0  2  3  0]]",True,"[-2,-2,-1,-1,1,1,1,3,0,1,1,1,2,3,2,1,1,1,2,3,2,0,1,1,1,3,1,2,2,3,0,-1,0,-1,2,3]","[-3,-1,-1,-1,1,1,2,2,-1,0,2,1,1,3,3,1,1,0,1,0,0,0,0,1,1,1,1,1,2,2,0,0,0,0,0,0]",t^8+85t^6+120t^4+26t^2,"[-3,-1,-1,-1,1,1,2,2,-1,0,2,1,1,3,3,1,1,0,1,0,0,0,0,1,1,1,1,1,2,2,0,0,0,0,0,0]","[-2,-2,-1,-1,1,1,1,3,0,0,0,0,1,2,3,0,0,0,1,2,3,0,0,0,1,1,1,1,1,1,-1,-1,-1,0,0,2]","[-3,-1,-1,-1,1,1,2,2,0,2,3,3,3,2,2,0,1,1,1,1,1,1,1,2,2,2,1,2,3,3,0,1,1,1,1,0]",c,"[[{8, 7}, {2, 6}, {1, 5}, {3, 4}], [{8, 7}, {2, 6}, {3, 5}, {1, 4}], [{8, 7}, {2, 6}, {4, 5}, {1, 3}], [{8, 7}, {2, 6}, {5}, {4}, {1, 3}]]",1,- 16 K_1^4 + 24 K_1^3 + 28 K_1^2 K_2 - 10 K_1^2 - 26 K_1 K_2 - 10 K_1 K_3 - 5 K_1 - 6 K_2^2 + 4 K_2 + 7 K_3 + 3 K_4 + 8,O1O2O3O4U3U5O6U1O7O8U7U8U6U4O5U2,O1O2O3O4U3U4O5U2O6O7U1U7U8U5O8U6,O1O2O3O4U5O6U7U6U8U4O8O5U3O7U1U2,c,{'O1O2O3O4U3O5U1U6U7U8O7O8U4O6U5U2'},1,"<a href=""/flatknot/8.733533"">8.733533</a>",t^9-87t^7-392t^6-396t^5+46t^4+114t^3-24t^2-10t,t^3-2t^2+t,,
8.733534,O1O2O3O4U3O5U1U6U7U8O7O8U5O6U2U4,4,2z^3+28z^2+103z+111,2w^4z^3+28w^3z^2+103w^2z+111w,False,False,"[[ 0 -3  0 -1  3  2 -1 -1  1],[ 3  0  2  0  4  1  2  3  3],[ 0 -2  0  0  2  1 -1 -1  1],[ 1  0  0  0  1  0  1  1  1],[-3 -4 -2 -1  0  1 -4 -4 -2],[-2 -1 -1  0 -1  0 -2 -3 -1],[ 1 -2  1 -1  4  2  0  1  1],[ 1 -3  1 -1  4  3 -1  0  1],[-1 -3 -1 -1  2  1 -1 -1  0]]","[[ 0  3  2  1  0 -1 -1 -1 -3],[-3  0  1 -2 -2 -1 -4 -4 -4],[-2 -1  0 -1 -1  0 -2 -3 -1],[-1  2  1  0 -1 -1 -1 -1 -3],[ 0  2  1  1  0  0 -1 -1 -2],[ 1  1  0  1  0  0  1  1  0],[ 1  4  2  1  1 -1  0  1 -2],[ 1  4  3  1  1 -1 -1  0 -3],[ 3  4  1  3  2  0  2  3  0]]",True,"[-3,-2,-1,0,1,1,1,3,-1,2,2,1,4,4,4,1,1,0,2,3,1,1,1,1,1,3,0,1,1,2,-1,-1,0,-1,2,3]","[-3,-2,-1,0,1,1,1,3,-1,2,2,1,4,4,4,1,1,0,2,3,1,1,1,1,1,3,0,1,1,2,-1,-1,0,-1,2,3]",t^8+109t^6+286t^4+63t^2+1,"[-3,-1,-1,-1,0,1,2,3,-1,0,2,1,1,4,2,1,1,0,1,0,0,1,0,1,1,0,1,1,3,3,0,1,1,0,0,2]","[-3,-2,-1,0,1,1,1,3,2,0,1,0,0,3,2,0,1,0,1,3,4,0,1,1,1,1,0,0,1,1,-1,-1,-1,-1,0,2]","[-3,-1,-1,-1,0,1,2,3,0,2,3,2,3,1,4,1,1,0,1,0,1,1,1,1,2,4,1,1,3,4,1,1,2,1,2,-1]",c,"[[{8, 7}, {2, 6}, {1, 5}, {3, 4}], [{8, 7}, {3, 6}, {4, 5}, {1, 2}], [{8, 7}, {4, 6}, {3, 5}, {1, 2}], [{8, 7}, {6}, {1, 5}, {3, 4}, {2}]]",1,- 8 K_1^4 + 32 K_1^3 + 12 K_1^2 K_2 - 24 K_1^2 - 32 K_1 K_2 - 6 K_1 K_3 - 8 K_1 + 13 K_2 + 8 K_3 + K_4 + 13,O1O2O3O4U1U3O5U6O7O8U7U8U5U4O6U2,O1O2O3O4U3U4O5U2O6O7U1U6U8U7O8U5,O1O2O3O4U5O6U7U6U8U4O7O8U3O5U1U2,c,{'O1O2O3O4U3O5U1U6U7U8O7O8U5O6U2U4'},1,"<a href=""/flatknot/8.733534"">8.733534</a>",t^9-107t^7-586t^6-879t^5-104t^4+470t^3+76t^2-65t+10,-t^2+2t,,
8.733535,O1O2O3O4U3O5U1U6U7U8O7O8U5O6U4U2,4,13z^2+66z+81,13w^3z^2+66w^2z+81w,False,False,"[[ 0 -3  1 -1  2  2 -1 -1  1],[ 3  0  3  0  3  1  2  3  3],[-1 -3  0 -1  1  1 -2 -2  0],[ 1  0  1  0  1  0  1  1  1],[-2 -3 -1 -1  0  1 -3 -3 -1],[-2 -1 -1  0 -1  0 -2 -3 -1],[ 1 -2  2 -1  3  2  0  1  1],[ 1 -3  2 -1  3  3 -1  0  1],[-1 -3  0 -1  1  1 -1 -1  0]]","[[ 0  2  2  1  1 -1 -1 -1 -3],[-2  0  1 -1 -1 -1 -3 -3 -3],[-2 -1  0 -1 -1  0 -2 -3 -1],[-1  1  1  0  0 -1 -1 -1 -3],[-1  1  1  0  0 -1 -2 -2 -3],[ 1  1  0  1  1  0  1  1  0],[ 1  3  2  1  2 -1  0  1 -2],[ 1  3  3  1  2 -1 -1  0 -3],[ 3  3  1  3  3  0  2  3  0]]",True,"[-2,-2,-1,-1,1,1,1,3,-1,1,1,1,3,3,3,1,1,0,2,3,1,0,1,1,1,3,1,2,2,3,-1,-1,0,-1,2,3]","[-3,-1,-1,-1,1,1,2,2,-1,0,2,1,1,2,4,1,1,0,1,0,0,1,0,1,0,1,1,1,2,3,0,0,0,0,0,-1]",t^8+93t^6+165t^4+29t^2,"[-3,-1,-1,-1,1,1,2,2,-1,0,2,1,1,2,4,1,1,0,1,0,0,1,0,1,0,1,1,1,2,3,0,0,0,0,0,-1]","[-2,-2,-1,-1,1,1,1,3,-1,0,0,0,1,3,4,0,0,0,0,2,2,0,0,0,1,1,1,1,1,1,-1,-1,-1,-1,0,2]","[-3,-1,-1,-1,1,1,2,2,0,2,3,3,3,1,3,1,1,1,1,0,1,1,1,2,2,3,1,2,3,3,0,1,1,1,1,-1]",c,"[[{8, 7}, {2, 6}, {1, 5}, {3, 4}], [{8, 7}, {2, 6}, {3, 5}, {1, 4}], [{8, 7}, {2, 6}, {4, 5}, {1, 3}], [{8, 7}, {4, 6}, {2, 5}, {1, 3}], [{8, 7}, {6}, {1, 5}, {3, 4}, {2}]]",1,16 K_1^3 + 4 K_1^2 K_2 - 30 K_1^2 - 22 K_1 K_2 - 2 K_1 K_3 - K_1 - 2 K_2^2 + 14 K_2 + 7 K_3 + K_4 + 16,O1O2O3O4U3U1O5U6O7O8U7U8U5U4O6U2,O1O2O3O4U3U4O5U2O6O7U1U7U8U6O8U5,O1O2O3O4U5O6U7U6U8U4O8O7U3O5U1U2,c,"{'O1O2O3O4U3O5U1U6U7U8O7O8U5O6U4U2', 'O1O2O3U2O4O5U1U6U7U8O7O8U5O6U3U4'}",2,"<a href=""/flatknot/8.733535"">8.733535</a>",t^9-95t^7-454t^6-537t^5-6t^4+224t^3+96t^2+21t-6,t^3-2t^2+t,,
8.733536,O1O2O3O4U3O5U1U6U7U2O8O7U4O6U5U8,4,15z^2+84z+109,15w^3z^2+84w^2z+109w,False,False,"[[ 0 -3  1 -1  2  2 -1  0  0],[ 3  0  1  0  3  3  1  2  2],[-1 -1  0  0  1  0 -1 -1  0],[ 1  0  0  0  1  1  0  1  1],[-2 -3 -1 -1  0  0 -2 -2  0],[-2 -3  0 -1  0  0 -2 -2 -1],[ 1 -1  1  0  2  2  0  1  1],[ 0 -2  1 -1  2  2 -1  0  0],[ 0 -2  0 -1  0  1 -1  0  0]]","[[ 0  2  2  1  0  0 -1 -1 -3],[-2  0  0  0 -1 -2 -1 -2 -3],[-2  0  0 -1  0 -2 -1 -2 -3],[-1  0  1  0  0 -1  0 -1 -1],[ 0  1  0  0  0  0 -1 -1 -2],[ 0  2  2  1  0  0 -1 -1 -2],[ 1  1  1  0  1  1  0  0  0],[ 1  2  2  1  1  1  0  0 -1],[ 3  3  3  1  2  2  0  1  0]]",True,"[-2,-2,-1,0,0,1,1,3,0,0,1,2,1,2,3,1,0,2,1,2,3,0,1,0,1,1,0,1,1,2,1,1,2,0,0,1]","[-3,-1,-1,0,0,1,2,2,0,1,2,2,1,3,3,0,1,1,0,1,1,1,1,1,2,2,0,0,0,1,1,2,2,1,0,0]",t^8+54t^6+127t^4+27t^2,"[-3,-1,-1,0,0,1,2,2,1,2,1,1,3,2,2,0,0,0,1,1,1,0,0,2,2,2,0,0,0,0,1,1,2,1,0,0]","[-2,-2,-1,0,0,1,1,3,0,0,0,2,1,2,2,1,0,1,1,2,2,0,1,1,2,3,0,0,0,1,0,0,1,0,1,2]","[-3,-1,-1,0,0,1,2,2,0,1,2,2,1,3,3,0,1,1,0,1,1,1,1,1,2,2,0,0,0,1,1,2,2,1,0,0]",c,"[[{8, 1}, {2, 7}, {3, 6}, {4, 5}], [{8, 1}, {2, 7}, {4, 6}, {3, 5}], [{8, 1}, {2, 7}, {5, 6}, {3, 4}], [{8, 1}, {3, 7}, {2, 6}, {4, 5}], [{8, 1}, {3, 7}, {4, 6}, {2, 5}], [{8, 1}, {3, 7}, {5, 6}, {2, 4}], [{8, 1}, {3, 7}, {6}, {2, 5}, {4}], [{8, 1}, {4, 7}, {2, 6}, {3, 5}], [{8, 1}, {4, 7}, {3, 6}, {2, 5}], [{8, 1}, {4, 7}, {5, 6}, {2, 3}], [{8, 1}, {4, 7}, {5, 6}, {3}, {2}], [{8, 1}, {5, 7}, {2, 6}, {3, 4}], [{8, 1}, {5, 7}, {3, 6}, {2, 4}], [{8, 1}, {5, 7}, {4, 6}, {2, 3}], [{8, 1}, {6, 7}, {2, 5}, {3, 4}], [{8, 1}, {6, 7}, {3, 5}, {2, 4}], [{8, 1}, {6, 7}, {4, 5}, {2, 3}], [{8, 1}, {6, 7}, {5}, {2, 4}, {3}], [{8, 1}, {7}, {4, 6}, {2, 5}, {3}], [{8, 2}, {1, 7}, {3, 6}, {4, 5}], [{8, 2}, {1, 7}, {3, 6}, {5}, {4}], [{8, 2}, {1, 7}, {4, 6}, {3, 5}], [{8, 2}, {1, 7}, {4, 6}, {5}, {3}], [{8, 2}, {1, 7}, {5, 6}, {3, 4}], [{8, 2}, {1, 7}, {5, 6}, {4}, {3}], [{8, 2}, {1, 7}, {6}, {3, 5}, {4}], [{8, 2}, {1, 7}, {6}, {4, 5}, {3}], [{8, 2}, {1, 7}, {6}, {5}, {3, 4}], [{8, 2}, {1, 7}, {6}, {5}, {4}, {3}], [{8, 2}, {3, 7}, {1, 6}, {4, 5}], [{8, 2}, {3, 7}, {1, 6}, {5}, {4}], [{8, 2}, {3, 7}, {4, 6}, {1, 5}], [{8, 2}, {3, 7}, {5, 6}, {1, 4}], [{8, 2}, {4, 7}, {1, 6}, {3, 5}], [{8, 2}, {4, 7}, {1, 6}, {5}, {3}], [{8, 2}, {4, 7}, {3, 6}, {1, 5}], [{8, 2}, {4, 7}, {5, 6}, {1, 3}], [{8, 2}, {4, 7}, {6}, {3, 5}, {1}], [{8, 2}, {5, 7}, {1, 6}, {3, 4}], [{8, 2}, {5, 7}, {1, 6}, {4}, {3}], [{8, 2}, {5, 7}, {3, 6}, {1, 4}], [{8, 2}, {5, 7}, {4, 6}, {1, 3}], [{8, 2}, {5, 7}, {6}, {3, 4}, {1}], [{8, 2}, {6, 7}, {1, 5}, {3, 4}], [{8, 2}, {6, 7}, {1, 5}, {4}, {3}], [{8, 2}, {6, 7}, {3, 5}, {1, 4}], [{8, 2}, {6, 7}, {3, 5}, {4}, {1}], [{8, 2}, {6, 7}, {4, 5}, {1, 3}], [{8, 2}, {6, 7}, {4, 5}, {3}, {1}], [{8, 2}, {6, 7}, {5}, {1, 4}, {3}], [{8, 2}, {6, 7}, {5}, {3, 4}, {1}], [{8, 2}, {6, 7}, {5}, {4}, {1, 3}], [{8, 2}, {6, 7}, {5}, {4}, {3}, {1}], [{8, 2}, {7}, {1, 6}, {3, 5}, {4}], [{8, 2}, {7}, {1, 6}, {4, 5}, {3}], [{8, 2}, {7}, {1, 6}, {5}, {3, 4}], [{8, 2}, {7}, {1, 6}, {5}, {4}, {3}], [{8, 2}, {7}, {4, 6}, {3, 5}, {1}], [{8, 2}, {7}, {5, 6}, {3, 4}, {1}], [{8, 2}, {7}, {6}, {1, 5}, {3, 4}], [{8, 2}, {7}, {6}, {3, 5}, {1, 4}], [{8, 3}, {1, 7}, {2, 6}, {4, 5}], [{8, 3}, {1, 7}, {4, 6}, {2, 5}], [{8, 3}, {1, 7}, {4, 6}, {5}, {2}], [{8, 3}, {1, 7}, {5, 6}, {2, 4}], [{8, 3}, {2, 7}, {1, 6}, {4, 5}], [{8, 3}, {2, 7}, {1, 6}, {5}, {4}], [{8, 3}, {2, 7}, {4, 6}, {1, 5}], [{8, 3}, {2, 7}, {5, 6}, {1, 4}], [{8, 3}, {4, 7}, {1, 6}, {2, 5}], [{8, 3}, {4, 7}, {2, 6}, {1, 5}], [{8, 3}, {4, 7}, {5, 6}, {1, 2}], [{8, 3}, {4, 7}, {6}, {2, 5}, {1}], [{8, 3}, {5, 7}, {1, 6}, {2, 4}], [{8, 3}, {5, 7}, {1, 6}, {4}, {2}], [{8, 3}, {5, 7}, {2, 6}, {1, 4}], [{8, 3}, {5, 7}, {4, 6}, {1, 2}], [{8, 3}, {5, 7}, {4, 6}, {2}, {1}], [{8, 3}, {5, 7}, {6}, {1, 4}, {2}], [{8, 3}, {6, 7}, {1, 5}, {2, 4}], [{8, 3}, {6, 7}, {2, 5}, {1, 4}], [{8, 3}, {6, 7}, {4, 5}, {1, 2}], [{8, 3}, {6, 7}, {5}, {1, 4}, {2}], [{8, 3}, {7}, {1, 6}, {2, 5}, {4}], [{8, 3}, {7}, {4, 6}, {1, 5}, {2}], [{8, 3}, {7}, {5, 6}, {1, 4}, {2}], [{8, 4}, {1, 7}, {2, 6}, {3, 5}], [{8, 4}, {1, 7}, {2, 6}, {5}, {3}], [{8, 4}, {1, 7}, {3, 6}, {2, 5}], [{8, 4}, {1, 7}, {5, 6}, {2, 3}], [{8, 4}, {2, 7}, {1, 6}, {3, 5}], [{8, 4}, {2, 7}, {3, 6}, {1, 5}], [{8, 4}, {2, 7}, {5, 6}, {1, 3}], [{8, 4}, {3, 7}, {1, 6}, {2, 5}], [{8, 4}, {3, 7}, {2, 6}, {1, 5}], [{8, 4}, {3, 7}, {5, 6}, {1, 2}], [{8, 4}, {3, 7}, {5, 6}, {2}, {1}], [{8, 4}, {5, 7}, {1, 6}, {2, 3}], [{8, 4}, {5, 7}, {2, 6}, {1, 3}], [{8, 4}, {5, 7}, {3, 6}, {1, 2}], [{8, 4}, {6, 7}, {1, 5}, {2, 3}], [{8, 4}, {6, 7}, {2, 5}, {1, 3}], [{8, 4}, {6, 7}, {3, 5}, {1, 2}], [{8, 4}, {6, 7}, {5}, {3}, {1, 2}], [{8, 4}, {7}, {1, 6}, {3, 5}, {2}], [{8, 4}, {7}, {2, 6}, {3, 5}, {1}], [{8, 4}, {7}, {6}, {3, 5}, {1, 2}], [{8, 5}, {1, 7}, {2, 6}, {3, 4}], [{8, 5}, {1, 7}, {3, 6}, {2, 4}], [{8, 5}, {1, 7}, {4, 6}, {2, 3}], [{8, 5}, {1, 7}, {4, 6}, {3}, {2}], [{8, 5}, {2, 7}, {1, 6}, {3, 4}], [{8, 5}, {2, 7}, {1, 6}, {4}, {3}], [{8, 5}, {2, 7}, {3, 6}, {1, 4}], [{8, 5}, {2, 7}, {4, 6}, {1, 3}], [{8, 5}, {3, 7}, {1, 6}, {2, 4}], [{8, 5}, {3, 7}, {1, 6}, {4}, {2}], [{8, 5}, {3, 7}, {2, 6}, {1, 4}], [{8, 5}, {3, 7}, {4, 6}, {1, 2}], [{8, 5}, {4, 7}, {1, 6}, {2, 3}], [{8, 5}, {4, 7}, {2, 6}, {1, 3}], [{8, 5}, {4, 7}, {3, 6}, {1, 2}], [{8, 5}, {4, 7}, {3, 6}, {2}, {1}], [{8, 5}, {4, 7}, {6}, {3}, {1, 2}], [{8, 5}, {6, 7}, {1, 4}, {2, 3}], [{8, 5}, {6, 7}, {1, 4}, {3}, {2}], [{8, 5}, {6, 7}, {2, 4}, {1, 3}], [{8, 5}, {6, 7}, {3, 4}, {1, 2}], [{8, 5}, {7}, {1, 6}, {4}, {2, 3}], [{8, 5}, {7}, {2, 6}, {4}, {1, 3}], [{8, 5}, {7}, {4, 6}, {2, 3}, {1}], [{8, 5}, {7}, {6}, {1, 4}, {2, 3}], [{8, 6}, {1, 7}, {2, 5}, {3, 4}], [{8, 6}, {1, 7}, {3, 5}, {2, 4}], [{8, 6}, {1, 7}, {4, 5}, {2, 3}], [{8, 6}, {1, 7}, {5}, {2, 4}, {3}], [{8, 6}, {2, 7}, {1, 5}, {3, 4}], [{8, 6}, {2, 7}, {3, 5}, {1, 4}], [{8, 6}, {2, 7}, {4, 5}, {1, 3}], [{8, 6}, {2, 7}, {4, 5}, {3}, {1}], [{8, 6}, {3, 7}, {1, 5}, {2, 4}], [{8, 6}, {3, 7}, {2, 5}, {1, 4}], [{8, 6}, {3, 7}, {2, 5}, {4}, {1}], [{8, 6}, {3, 7}, {4, 5}, {1, 2}], [{8, 6}, {4, 7}, {1, 5}, {2, 3}], [{8, 6}, {4, 7}, {1, 5}, {3}, {2}], [{8, 6}, {4, 7}, {2, 5}, {1, 3}], [{8, 6}, {4, 7}, {3, 5}, {1, 2}], [{8, 6}, {4, 7}, {5}, {2, 3}, {1}], [{8, 6}, {5, 7}, {1, 4}, {2, 3}], [{8, 6}, {5, 7}, {2, 4}, {1, 3}], [{8, 6}, {5, 7}, {3, 4}, {1, 2}], [{8, 6}, {5, 7}, {4}, {3}, {1, 2}], [{8, 6}, {7}, {2, 5}, {1, 4}, {3}], [{8, 7}, {1, 6}, {2, 5}, {3, 4}], [{8, 7}, {1, 6}, {2, 5}, {4}, {3}], [{8, 7}, {1, 6}, {3, 5}, {2, 4}], [{8, 7}, {1, 6}, {3, 5}, {4}, {2}], [{8, 7}, {1, 6}, {4, 5}, {2, 3}], [{8, 7}, {1, 6}, {5}, {4}, {2, 3}], [{8, 7}, {2, 6}, {1, 5}, {3, 4}], [{8, 7}, {2, 6}, {3, 5}, {1, 4}], [{8, 7}, {2, 6}, {4, 5}, {1, 3}], [{8, 7}, {3, 6}, {1, 5}, {2, 4}], [{8, 7}, {3, 6}, {2, 5}, {1, 4}], [{8, 7}, {3, 6}, {4, 5}, {1, 2}], [{8, 7}, {3, 6}, {5}, {2, 4}, {1}], [{8, 7}, {4, 6}, {1, 5}, {2, 3}], [{8, 7}, {4, 6}, {2, 5}, {1, 3}], [{8, 7}, {4, 6}, {2, 5}, {3}, {1}], [{8, 7}, {4, 6}, {3, 5}, {1, 2}], [{8, 7}, {5, 6}, {1, 4}, {2, 3}], [{8, 7}, {5, 6}, {2, 4}, {1, 3}], [{8, 7}, {5, 6}, {2, 4}, {3}, {1}], [{8, 7}, {5, 6}, {3, 4}, {1, 2}], [{8, 7}, {6}, {2, 5}, {1, 4}, {3}], [{8, 7}, {6}, {3, 5}, {2, 4}, {1}], [{8}, {1, 7}, {4, 6}, {2, 5}, {3}], [{8}, {1, 7}, {4, 6}, {3, 5}, {2}], [{8}, {1, 7}, {4, 6}, {5}, {2, 3}], [{8}, {1, 7}, {4, 6}, {5}, {3}, {2}], [{8}, {2, 7}, {1, 6}, {3, 5}, {4}], [{8}, {3, 7}, {1, 6}, {2, 5}, {4}], [{8}, {3, 7}, {5, 6}, {4}, {1, 2}], [{8}, {4, 7}, {1, 6}, {3, 5}, {2}], [{8}, {4, 7}, {2, 6}, {5}, {1, 3}], [{8}, {4, 7}, {3, 6}, {5}, {1, 2}], [{8}, {4, 7}, {6}, {1, 5}, {2, 3}], [{8}, {5, 7}, {1, 6}, {4}, {2, 3}], [{8}, {6, 7}, {2, 5}, {1, 4}, {3}], [{8}, {6, 7}, {3, 5}, {1, 4}, {2}], [{8}, {6, 7}, {5}, {1, 4}, {2, 3}], [{8}, {6, 7}, {5}, {1, 4}, {3}, {2}], [{8}, {7}, {1, 6}, {3, 5}, {2, 4}], [{8}, {7}, {1, 6}, {3, 5}, {4}, {2}], [{8}, {7}, {5, 6}, {2, 4}, {1, 3}]]",2,16 K_1^3 - 24 K_1^2 - 26 K_1 K_2 + K_1 + 12 K_2 + 9 K_3 + 13,O1O2O3O4U5U6O7U1O8O5U3U8U7U4O6U2,O1O2O3O4U5U3O6U2O7O5U1U4U8U6O8U7,O1O2O3O4U5O6U7U6U1U4O8O5U3O7U2U8,c,{'O1O2O3O4U3O5U1U6U7U2O8O7U4O6U5U8'},1,"<a href=""/flatknot/8.733536"">8.733536</a>",t^9-56t^7-146t^6+37t^5+256t^4+45t^3-102t^2-14t+6,t^3-2t^2+t,,
8.733537,O1O2O3O4U3O5U1U6U7U2O8O7U5O6U4U8,4,16z^2+101z+139,16w^3z^2+101w^2z+139w,False,False,"[[ 0 -3  1 -1  2  2 -1  0  0],[ 3  0  1  0  4  2  1  2  2],[-1 -1  0  0  1  0 -1 -1  0],[ 1  0  0  0  1  0  1  1  1],[-2 -4 -1 -1  0  1 -3 -2  0],[-2 -2  0  0 -1  0 -2 -2 -1],[ 1 -1  1 -1  3  2  0  1  1],[ 0 -2  1 -1  2  2 -1  0  0],[ 0 -2  0 -1  0  1 -1  0  0]]","[[ 0  2  2  1  0  0 -1 -1 -3],[-2  0  1 -1  0 -2 -1 -3 -4],[-2 -1  0  0 -1 -2  0 -2 -2],[-1  1  0  0  0 -1  0 -1 -1],[ 0  0  1  0  0  0 -1 -1 -2],[ 0  2  2  1  0  0 -1 -1 -2],[ 1  1  0  0  1  1  0  1  0],[ 1  3  2  1  1  1 -1  0 -1],[ 3  4  2  1  2  2  0  1  0]]",True,"[-2,-2,-1,0,0,1,1,3,-1,1,0,2,1,3,4,0,1,2,0,2,2,0,1,0,1,1,0,1,1,2,1,1,2,-1,0,1]","[-3,-1,-1,0,0,1,2,2,0,1,2,2,1,2,4,1,1,1,0,0,1,1,1,1,2,3,0,0,1,0,1,2,2,0,1,-1]",t^8+62t^6+176t^4+52t^2+1,"[-3,-1,-1,0,0,1,2,2,1,2,1,1,3,1,3,1,0,0,1,0,1,0,0,2,2,3,0,0,0,0,1,2,1,0,1,-1]","[-2,-2,-1,0,0,1,1,3,-1,1,0,1,1,3,3,0,0,2,0,2,1,0,1,1,2,3,0,0,0,1,0,0,1,-1,1,2]","[-3,-1,-1,0,0,1,2,2,0,1,2,2,1,2,4,1,1,1,0,0,1,1,1,1,2,3,0,0,1,0,1,2,2,0,1,-1]",c,"[[{8, 1}, {2, 7}, {3, 6}, {4, 5}], [{8, 1}, {2, 7}, {3, 6}, {5}, {4}], [{8, 1}, {2, 7}, {4, 6}, {3, 5}], [{8, 1}, {2, 7}, {5, 6}, {3, 4}], [{8, 1}, {3, 7}, {2, 6}, {4, 5}], [{8, 1}, {3, 7}, {2, 6}, {5}, {4}], [{8, 1}, {3, 7}, {4, 6}, {2, 5}], [{8, 1}, {3, 7}, {5, 6}, {2, 4}], [{8, 1}, {4, 7}, {2, 6}, {3, 5}], [{8, 1}, {4, 7}, {3, 6}, {2, 5}], [{8, 1}, {4, 7}, {5, 6}, {2, 3}], [{8, 1}, {4, 7}, {6}, {3, 5}, {2}], [{8, 1}, {5, 7}, {2, 6}, {3, 4}], [{8, 1}, {5, 7}, {3, 6}, {2, 4}], [{8, 1}, {5, 7}, {4, 6}, {2, 3}], [{8, 1}, {5, 7}, {4, 6}, {3}, {2}], [{8, 1}, {6, 7}, {2, 5}, {3, 4}], [{8, 1}, {6, 7}, {3, 5}, {2, 4}], [{8, 1}, {6, 7}, {4, 5}, {2, 3}], [{8, 2}, {1, 7}, {3, 6}, {4, 5}], [{8, 2}, {1, 7}, {3, 6}, {5}, {4}], [{8, 2}, {1, 7}, {4, 6}, {3, 5}], [{8, 2}, {1, 7}, {5, 6}, {3, 4}], [{8, 2}, {3, 7}, {1, 6}, {4, 5}], [{8, 2}, {3, 7}, {1, 6}, {5}, {4}], [{8, 2}, {3, 7}, {4, 6}, {1, 5}], [{8, 2}, {3, 7}, {5, 6}, {1, 4}], [{8, 2}, {3, 7}, {5, 6}, {4}, {1}], [{8, 2}, {3, 7}, {6}, {1, 5}, {4}], [{8, 2}, {4, 7}, {1, 6}, {3, 5}], [{8, 2}, {4, 7}, {1, 6}, {5}, {3}], [{8, 2}, {4, 7}, {3, 6}, {1, 5}], [{8, 2}, {4, 7}, {5, 6}, {1, 3}], [{8, 2}, {4, 7}, {5, 6}, {3}, {1}], [{8, 2}, {4, 7}, {6}, {1, 5}, {3}], [{8, 2}, {5, 7}, {1, 6}, {3, 4}], [{8, 2}, {5, 7}, {3, 6}, {1, 4}], [{8, 2}, {5, 7}, {3, 6}, {4}, {1}], [{8, 2}, {5, 7}, {4, 6}, {1, 3}], [{8, 2}, {6, 7}, {1, 5}, {3, 4}], [{8, 2}, {6, 7}, {1, 5}, {4}, {3}], [{8, 2}, {6, 7}, {3, 5}, {1, 4}], [{8, 2}, {6, 7}, {4, 5}, {1, 3}], [{8, 2}, {7}, {1, 6}, {5}, {3, 4}], [{8, 2}, {7}, {3, 6}, {1, 5}, {4}], [{8, 2}, {7}, {4, 6}, {1, 5}, {3}], [{8, 2}, {7}, {4, 6}, {3, 5}, {1}], [{8, 2}, {7}, {4, 6}, {5}, {1, 3}], [{8, 2}, {7}, {5, 6}, {3, 4}, {1}], [{8, 2}, {7}, {6}, {1, 5}, {3, 4}], [{8, 2}, {7}, {6}, {1, 5}, {4}, {3}], [{8, 3}, {1, 7}, {2, 6}, {4, 5}], [{8, 3}, {1, 7}, {4, 6}, {2, 5}], [{8, 3}, {1, 7}, {5, 6}, {2, 4}], [{8, 3}, {2, 7}, {1, 6}, {4, 5}], [{8, 3}, {2, 7}, {4, 6}, {1, 5}], [{8, 3}, {2, 7}, {5, 6}, {1, 4}], [{8, 3}, {4, 7}, {1, 6}, {2, 5}], [{8, 3}, {4, 7}, {2, 6}, {1, 5}], [{8, 3}, {4, 7}, {5, 6}, {1, 2}], [{8, 3}, {4, 7}, {6}, {5}, {1, 2}], [{8, 3}, {5, 7}, {1, 6}, {2, 4}], [{8, 3}, {5, 7}, {2, 6}, {1, 4}], [{8, 3}, {5, 7}, {2, 6}, {4}, {1}], [{8, 3}, {5, 7}, {4, 6}, {1, 2}], [{8, 3}, {6, 7}, {1, 5}, {2, 4}], [{8, 3}, {6, 7}, {2, 5}, {1, 4}], [{8, 3}, {6, 7}, {4, 5}, {1, 2}], [{8, 3}, {7}, {5, 6}, {1, 4}, {2}], [{8, 4}, {1, 7}, {2, 6}, {3, 5}], [{8, 4}, {1, 7}, {3, 6}, {2, 5}], [{8, 4}, {1, 7}, {3, 6}, {5}, {2}], [{8, 4}, {1, 7}, {5, 6}, {2, 3}], [{8, 4}, {2, 7}, {1, 6}, {3, 5}], [{8, 4}, {2, 7}, {3, 6}, {1, 5}], [{8, 4}, {2, 7}, {5, 6}, {1, 3}], [{8, 4}, {2, 7}, {5, 6}, {3}, {1}], [{8, 4}, {3, 7}, {1, 6}, {2, 5}], [{8, 4}, {3, 7}, {1, 6}, {5}, {2}], [{8, 4}, {3, 7}, {2, 6}, {1, 5}], [{8, 4}, {3, 7}, {5, 6}, {1, 2}], [{8, 4}, {5, 7}, {1, 6}, {2, 3}], [{8, 4}, {5, 7}, {2, 6}, {1, 3}], [{8, 4}, {5, 7}, {3, 6}, {1, 2}], [{8, 4}, {6, 7}, {1, 5}, {2, 3}], [{8, 4}, {6, 7}, {2, 5}, {1, 3}], [{8, 4}, {6, 7}, {3, 5}, {1, 2}], [{8, 5}, {1, 7}, {2, 6}, {3, 4}], [{8, 5}, {1, 7}, {2, 6}, {4}, {3}], [{8, 5}, {1, 7}, {3, 6}, {2, 4}], [{8, 5}, {1, 7}, {4, 6}, {2, 3}], [{8, 5}, {2, 7}, {1, 6}, {3, 4}], [{8, 5}, {2, 7}, {3, 6}, {1, 4}], [{8, 5}, {2, 7}, {4, 6}, {1, 3}], [{8, 5}, {3, 7}, {1, 6}, {2, 4}], [{8, 5}, {3, 7}, {2, 6}, {1, 4}], [{8, 5}, {3, 7}, {4, 6}, {1, 2}], [{8, 5}, {3, 7}, {4, 6}, {2}, {1}], [{8, 5}, {4, 7}, {1, 6}, {2, 3}], [{8, 5}, {4, 7}, {2, 6}, {1, 3}], [{8, 5}, {4, 7}, {3, 6}, {1, 2}], [{8, 5}, {4, 7}, {3, 6}, {2}, {1}], [{8, 5}, {6, 7}, {1, 4}, {2, 3}], [{8, 5}, {6, 7}, {2, 4}, {1, 3}], [{8, 5}, {6, 7}, {3, 4}, {1, 2}], [{8, 6}, {1, 7}, {2, 5}, {3, 4}], [{8, 6}, {1, 7}, {3, 5}, {2, 4}], [{8, 6}, {1, 7}, {4, 5}, {2, 3}], [{8, 6}, {2, 7}, {1, 5}, {3, 4}], [{8, 6}, {2, 7}, {3, 5}, {1, 4}], [{8, 6}, {2, 7}, {4, 5}, {1, 3}], [{8, 6}, {3, 7}, {1, 5}, {2, 4}], [{8, 6}, {3, 7}, {2, 5}, {1, 4}], [{8, 6}, {3, 7}, {4, 5}, {1, 2}], [{8, 6}, {4, 7}, {1, 5}, {2, 3}], [{8, 6}, {4, 7}, {2, 5}, {1, 3}], [{8, 6}, {4, 7}, {3, 5}, {1, 2}], [{8, 6}, {4, 7}, {5}, {1, 3}, {2}], [{8, 6}, {4, 7}, {5}, {2, 3}, {1}], [{8, 6}, {4, 7}, {5}, {3}, {1, 2}], [{8, 6}, {5, 7}, {1, 4}, {2, 3}], [{8, 6}, {5, 7}, {2, 4}, {1, 3}], [{8, 6}, {5, 7}, {3, 4}, {1, 2}], [{8, 6}, {7}, {3, 5}, {1, 4}, {2}], [{8, 7}, {1, 6}, {2, 5}, {3, 4}], [{8, 7}, {1, 6}, {3, 5}, {2, 4}], [{8, 7}, {1, 6}, {4, 5}, {2, 3}], [{8, 7}, {1, 6}, {5}, {4}, {2, 3}], [{8, 7}, {2, 6}, {1, 5}, {3, 4}], [{8, 7}, {2, 6}, {3, 5}, {1, 4}], [{8, 7}, {2, 6}, {4, 5}, {1, 3}], [{8, 7}, {3, 6}, {1, 5}, {2, 4}], [{8, 7}, {3, 6}, {2, 5}, {1, 4}], [{8, 7}, {3, 6}, {4, 5}, {1, 2}], [{8, 7}, {4, 6}, {1, 5}, {2, 3}], [{8, 7}, {4, 6}, {1, 5}, {3}, {2}], [{8, 7}, {4, 6}, {2, 5}, {1, 3}], [{8, 7}, {4, 6}, {3, 5}, {1, 2}], [{8, 7}, {4, 6}, {3, 5}, {2}, {1}], [{8, 7}, {4, 6}, {5}, {1, 3}, {2}], [{8, 7}, {5, 6}, {1, 4}, {2, 3}], [{8, 7}, {5, 6}, {1, 4}, {3}, {2}], [{8, 7}, {5, 6}, {2, 4}, {1, 3}], [{8, 7}, {5, 6}, {3, 4}, {1, 2}], [{8, 7}, {6}, {3, 5}, {4}, {1, 2}], [{8}, {1, 7}, {3, 6}, {5}, {2, 4}], [{8}, {1, 7}, {5, 6}, {4}, {2, 3}], [{8}, {2, 7}, {4, 6}, {1, 5}, {3}], [{8}, {2, 7}, {4, 6}, {3, 5}, {1}], [{8}, {2, 7}, {4, 6}, {5}, {1, 3}], [{8}, {3, 7}, {1, 6}, {5}, {2, 4}], [{8}, {3, 7}, {4, 6}, {5}, {1, 2}], [{8}, {3, 7}, {5, 6}, {1, 4}, {2}], [{8}, {4, 7}, {3, 6}, {5}, {1, 2}], [{8}, {5, 7}, {1, 6}, {2, 4}, {3}], [{8}, {5, 7}, {3, 6}, {1, 4}, {2}], [{8}, {7}, {1, 6}, {3, 5}, {2, 4}], [{8}, {7}, {5, 6}, {2, 4}, {1, 3}]]",2,8 K_1^3 - 28 K_1^2 - 18 K_1 K_2 + 3 K_1 + 14 K_2 + 7 K_3 + 15,O1O2O3O4U5U1O6U7O8O5U3U8U6U4O7U2,O1O2O3O4U5U3O6U2O7O5U1U4U8U7O8U6,O1O2O3O4U5O6U7U6U1U4O8O7U3O5U2U8,c,{'O1O2O3O4U3O5U1U6U7U2O8O7U5O6U4U8'},1,"<a href=""/flatknot/8.733537"">8.733537</a>",t^9-64t^7-192t^6-18t^5+226t^4-17t^3-126t^2+7t+18,t^3-2t^2+t,,
8.733538,O1O2O3O4U3O5U1U6U7U2O8O7U5O6U8U4,4,z^3+24z^2+106z+125,w^4z^3+24w^3z^2+106w^2z+125w,False,False,"[[ 0 -3  1 -1  3  2 -1  0 -1],[ 3  0  1  0  4  2  1  2  1],[-1 -1  0  0  1  0 -1 -1 -1],[ 1  0  0  0  1  0  1  1  0],[-3 -4 -1 -1  0  0 -3 -2 -1],[-2 -2  0  0  0  0 -2 -2 -1],[ 1 -1  1 -1  3  2  0  1  0],[ 0 -2  1 -1  2  2 -1  0 -1],[ 1 -1  1  0  1  1  0  1  0]]","[[ 0  3  2  1  0 -1 -1 -1 -3],[-3  0  0 -1 -2 -1 -1 -3 -4],[-2  0  0  0 -2  0 -1 -2 -2],[-1  1  0  0 -1  0 -1 -1 -1],[ 0  2  2  1  0 -1 -1 -1 -2],[ 1  1  0  0  1  0  0  1  0],[ 1  1  1  1  1  0  0  0 -1],[ 1  3  2  1  1 -1  0  0 -1],[ 3  4  2  1  2  0  1  1  0]]",True,"[-3,-2,-1,0,1,1,1,3,0,1,2,1,1,3,4,0,2,0,1,2,2,1,0,1,1,1,1,1,1,2,0,-1,0,0,1,1]","[-3,-2,-1,0,1,1,1,3,0,1,2,1,1,3,4,0,2,0,1,2,2,1,0,1,1,1,1,1,1,2,0,-1,0,0,1,1]",t^8+59t^6+175t^4+113t^2+4,"[-3,-1,-1,-1,0,1,2,3,1,1,2,1,3,3,2,0,0,0,1,2,3,1,0,1,1,1,0,2,3,3,0,0,1,1,1,1]","[-3,-2,-1,0,1,1,1,3,1,1,1,1,3,3,2,1,0,1,2,3,3,0,1,1,2,3,0,0,0,1,0,-1,1,0,1,2]","[-3,-1,-1,-1,0,1,2,3,0,1,1,2,1,2,4,0,1,1,0,0,1,0,1,1,1,1,1,1,2,3,1,2,2,0,1,0]",c,"[[{8, 2}, {5, 7}, {4, 6}, {1, 3}], [{8, 5}, {4, 7}, {3, 6}, {1, 2}], [{8, 6}, {4, 7}, {3, 5}, {1, 2}]]",1,20 K_1^3 + 8 K_1^2 K_2 - 32 K_1^2 - 24 K_1 K_2 - 6 K_1 K_3 - 3 K_1 - 2 K_2^2 + 15 K_2 + 7 K_3 + 2 K_4 + 16,O1O2O3O4U1U5O6U7O8O5U3U8U6U4O7U2,O1O2O3O4U5U3O6U2O5O7U1U4U8U7O8U6,O1O2O3O4U5O6U7U6U1U4O7O8U3O5U2U8,c,{'O1O2O3O4U3O5U1U6U7U2O8O7U5O6U8U4'},1,"<a href=""/flatknot/8.733538"">8.733538</a>",t^9-57t^7-180t^6+12t^5+298t^4-13t^3-116t^2+27t-2,-t^2+2t,,
8.733539,O1O2O3O4U3O5U1U6U7U2O8O7U8O6U5U4,4,22z^2+107z+127,22w^3z^2+107w^2z+127w,False,False,"[[ 0 -3  1 -1  3  2 -1  0 -1],[ 3  0  1  0  4  2  2  2  0],[-1 -1  0  0  1 -1  0 -1 -1],[ 1  0  0  0  1  0  1  1  0],[-3 -4 -1 -1  0  0 -3 -2 -1],[-2 -2  1  0  0  0 -2 -1 -1],[ 1 -2  0 -1  3  2  0  0  0],[ 0 -2  1 -1  2  1  0  0 -1],[ 1  0  1  0  1  1  0  1  0]]","[[ 0  3  2  1  0 -1 -1 -1 -3],[-3  0  0 -1 -2 -1 -1 -3 -4],[-2  0  0  1 -1  0 -1 -2 -2],[-1  1 -1  0 -1  0 -1  0 -1],[ 0  2  1  1  0 -1 -1  0 -2],[ 1  1  0  0  1  0  0  1  0],[ 1  1  1  1  1  0  0  0  0],[ 1  3  2  0  0 -1  0  0 -2],[ 3  4  2  1  2  0  0  2  0]]",True,"[-3,-2,-1,0,1,1,1,3,0,1,2,1,1,3,4,-1,1,0,1,2,2,1,0,1,0,1,1,1,0,2,0,-1,0,0,0,2]","[-3,-2,-1,0,1,1,1,3,0,1,2,1,1,3,4,-1,1,0,1,2,2,1,0,1,0,1,1,1,0,2,0,-1,0,0,0,2]",t^8+57t^6+249t^4+148t^2+4,"[-3,-1,-1,-1,0,1,2,3,0,2,2,1,3,3,2,0,1,1,2,1,1,0,0,1,2,3,0,2,3,3,0,1,1,2,1,1]","[-3,-2,-1,0,1,1,1,3,1,1,1,1,3,3,2,2,1,1,2,3,3,0,2,1,2,3,1,0,0,1,0,-1,0,0,2,2]","[-3,-1,-1,-1,0,1,2,3,0,0,2,2,1,2,4,0,0,1,1,1,1,1,1,0,0,1,0,0,2,3,1,1,2,-1,1,0]",c,"[[{8, 1}, {2, 7}, {3, 6}, {4, 5}], [{8, 1}, {2, 7}, {4, 6}, {3, 5}], [{8, 1}, {2, 7}, {5, 6}, {3, 4}], [{8, 1}, {2, 7}, {5, 6}, {4}, {3}], [{8, 1}, {3, 7}, {2, 6}, {4, 5}], [{8, 1}, {3, 7}, {4, 6}, {2, 5}], [{8, 1}, {3, 7}, {5, 6}, {2, 4}], [{8, 1}, {3, 7}, {5, 6}, {4}, {2}], [{8, 1}, {4, 7}, {2, 6}, {3, 5}], [{8, 1}, {4, 7}, {2, 6}, {5}, {3}], [{8, 1}, {4, 7}, {3, 6}, {2, 5}], [{8, 1}, {4, 7}, {5, 6}, {2, 3}], [{8, 1}, {4, 7}, {5, 6}, {3}, {2}], [{8, 1}, {4, 7}, {6}, {2, 5}, {3}], [{8, 1}, {5, 7}, {2, 6}, {3, 4}], [{8, 1}, {5, 7}, {3, 6}, {2, 4}], [{8, 1}, {5, 7}, {4, 6}, {2, 3}], [{8, 1}, {6, 7}, {2, 5}, {3, 4}], [{8, 1}, {6, 7}, {3, 5}, {2, 4}], [{8, 1}, {6, 7}, {4, 5}, {2, 3}], [{8, 1}, {7}, {3, 6}, {5}, {2, 4}], [{8, 1}, {7}, {4, 6}, {5}, {2, 3}], [{8, 1}, {7}, {5, 6}, {2, 4}, {3}], [{8, 1}, {7}, {5, 6}, {3, 4}, {2}], [{8, 1}, {7}, {5, 6}, {4}, {2, 3}], [{8, 1}, {7}, {5, 6}, {4}, {3}, {2}], [{8, 1}, {7}, {6}, {3, 5}, {2, 4}], [{8, 1}, {7}, {6}, {4, 5}, {2, 3}], [{8, 2}, {1, 7}, {3, 6}, {4, 5}], [{8, 2}, {1, 7}, {4, 6}, {3, 5}], [{8, 2}, {1, 7}, {4, 6}, {5}, {3}], [{8, 2}, {1, 7}, {5, 6}, {3, 4}], [{8, 2}, {3, 7}, {1, 6}, {4, 5}], [{8, 2}, {3, 7}, {4, 6}, {1, 5}], [{8, 2}, {3, 7}, {5, 6}, {1, 4}], [{8, 2}, {3, 7}, {5, 6}, {4}, {1}], [{8, 2}, {4, 7}, {1, 6}, {3, 5}], [{8, 2}, {4, 7}, {3, 6}, {1, 5}], [{8, 2}, {4, 7}, {5, 6}, {1, 3}], [{8, 2}, {4, 7}, {6}, {1, 5}, {3}], [{8, 2}, {5, 7}, {1, 6}, {3, 4}], [{8, 2}, {5, 7}, {3, 6}, {1, 4}], [{8, 2}, {5, 7}, {4, 6}, {1, 3}], [{8, 2}, {5, 7}, {4, 6}, {3}, {1}], [{8, 2}, {6, 7}, {1, 5}, {3, 4}], [{8, 2}, {6, 7}, {1, 5}, {4}, {3}], [{8, 2}, {6, 7}, {3, 5}, {1, 4}], [{8, 2}, {6, 7}, {4, 5}, {1, 3}], [{8, 2}, {7}, {1, 6}, {5}, {3, 4}], [{8, 2}, {7}, {3, 6}, {5}, {1, 4}], [{8, 2}, {7}, {4, 6}, {1, 5}, {3}], [{8, 2}, {7}, {5, 6}, {1, 4}, {3}], [{8, 2}, {7}, {6}, {3, 5}, {1, 4}], [{8, 3}, {1, 7}, {2, 6}, {4, 5}], [{8, 3}, {1, 7}, {4, 6}, {2, 5}], [{8, 3}, {1, 7}, {5, 6}, {2, 4}], [{8, 3}, {2, 7}, {1, 6}, {4, 5}], [{8, 3}, {2, 7}, {4, 6}, {1, 5}], [{8, 3}, {2, 7}, {5, 6}, {1, 4}], [{8, 3}, {4, 7}, {1, 6}, {2, 5}], [{8, 3}, {4, 7}, {2, 6}, {1, 5}], [{8, 3}, {4, 7}, {2, 6}, {5}, {1}], [{8, 3}, {4, 7}, {5, 6}, {1, 2}], [{8, 3}, {5, 7}, {1, 6}, {2, 4}], [{8, 3}, {5, 7}, {2, 6}, {1, 4}], [{8, 3}, {5, 7}, {4, 6}, {1, 2}], [{8, 3}, {5, 7}, {6}, {2, 4}, {1}], [{8, 3}, {6, 7}, {1, 5}, {2, 4}], [{8, 3}, {6, 7}, {2, 5}, {1, 4}], [{8, 3}, {6, 7}, {4, 5}, {1, 2}], [{8, 3}, {7}, {4, 6}, {1, 5}, {2}], [{8, 3}, {7}, {5, 6}, {1, 4}, {2}], [{8, 4}, {1, 7}, {2, 6}, {3, 5}], [{8, 4}, {1, 7}, {2, 6}, {5}, {3}], [{8, 4}, {1, 7}, {3, 6}, {2, 5}], [{8, 4}, {1, 7}, {5, 6}, {2, 3}], [{8, 4}, {1, 7}, {5, 6}, {3}, {2}], [{8, 4}, {1, 7}, {6}, {2, 5}, {3}], [{8, 4}, {2, 7}, {1, 6}, {3, 5}], [{8, 4}, {2, 7}, {3, 6}, {1, 5}], [{8, 4}, {2, 7}, {5, 6}, {1, 3}], [{8, 4}, {2, 7}, {5, 6}, {3}, {1}], [{8, 4}, {3, 7}, {1, 6}, {2, 5}], [{8, 4}, {3, 7}, {2, 6}, {1, 5}], [{8, 4}, {3, 7}, {5, 6}, {1, 2}], [{8, 4}, {3, 7}, {5, 6}, {2}, {1}], [{8, 4}, {5, 7}, {1, 6}, {2, 3}], [{8, 4}, {5, 7}, {2, 6}, {1, 3}], [{8, 4}, {5, 7}, {3, 6}, {1, 2}], [{8, 4}, {6, 7}, {1, 5}, {2, 3}], [{8, 4}, {6, 7}, {2, 5}, {1, 3}], [{8, 4}, {6, 7}, {3, 5}, {1, 2}], [{8, 4}, {7}, {1, 6}, {5}, {2, 3}], [{8, 4}, {7}, {3, 6}, {5}, {1, 2}], [{8, 4}, {7}, {5, 6}, {1, 3}, {2}], [{8, 4}, {7}, {5, 6}, {2, 3}, {1}], [{8, 4}, {7}, {5, 6}, {3}, {1, 2}], [{8, 4}, {7}, {5, 6}, {3}, {2}, {1}], [{8, 4}, {7}, {6}, {1, 5}, {2, 3}], [{8, 4}, {7}, {6}, {3, 5}, {1, 2}], [{8, 5}, {1, 7}, {2, 6}, {3, 4}], [{8, 5}, {1, 7}, {3, 6}, {2, 4}], [{8, 5}, {1, 7}, {3, 6}, {4}, {2}], [{8, 5}, {1, 7}, {4, 6}, {2, 3}], [{8, 5}, {2, 7}, {1, 6}, {3, 4}], [{8, 5}, {2, 7}, {3, 6}, {1, 4}], [{8, 5}, {2, 7}, {4, 6}, {1, 3}], [{8, 5}, {3, 7}, {1, 6}, {2, 4}], [{8, 5}, {3, 7}, {2, 6}, {1, 4}], [{8, 5}, {3, 7}, {4, 6}, {1, 2}], [{8, 5}, {3, 7}, {6}, {2, 4}, {1}], [{8, 5}, {4, 7}, {1, 6}, {2, 3}], [{8, 5}, {4, 7}, {2, 6}, {1, 3}], [{8, 5}, {4, 7}, {2, 6}, {3}, {1}], [{8, 5}, {4, 7}, {3, 6}, {1, 2}], [{8, 5}, {6, 7}, {1, 4}, {2, 3}], [{8, 5}, {6, 7}, {1, 4}, {3}, {2}], [{8, 5}, {6, 7}, {2, 4}, {1, 3}], [{8, 5}, {6, 7}, {3, 4}, {1, 2}], [{8, 5}, {7}, {1, 6}, {4}, {2, 3}], [{8, 5}, {7}, {4, 6}, {2, 3}, {1}], [{8, 5}, {7}, {6}, {1, 4}, {2, 3}], [{8, 6}, {1, 7}, {2, 5}, {3, 4}], [{8, 6}, {1, 7}, {3, 5}, {2, 4}], [{8, 6}, {1, 7}, {3, 5}, {4}, {2}], [{8, 6}, {1, 7}, {4, 5}, {2, 3}], [{8, 6}, {1, 7}, {4, 5}, {3}, {2}], [{8, 6}, {1, 7}, {5}, {3, 4}, {2}], [{8, 6}, {2, 7}, {1, 5}, {3, 4}], [{8, 6}, {2, 7}, {3, 5}, {1, 4}], [{8, 6}, {2, 7}, {4, 5}, {1, 3}], [{8, 6}, {2, 7}, {5}, {3, 4}, {1}], [{8, 6}, {3, 7}, {1, 5}, {2, 4}], [{8, 6}, {3, 7}, {2, 5}, {1, 4}], [{8, 6}, {3, 7}, {4, 5}, {1, 2}], [{8, 6}, {3, 7}, {5}, {2, 4}, {1}], [{8, 6}, {4, 7}, {1, 5}, {2, 3}], [{8, 6}, {4, 7}, {1, 5}, {3}, {2}], [{8, 6}, {4, 7}, {2, 5}, {1, 3}], [{8, 6}, {4, 7}, {3, 5}, {1, 2}], [{8, 6}, {5, 7}, {1, 4}, {2, 3}], [{8, 6}, {5, 7}, {1, 4}, {3}, {2}], [{8, 6}, {5, 7}, {2, 4}, {1, 3}], [{8, 6}, {5, 7}, {3, 4}, {1, 2}], [{8, 6}, {7}, {1, 5}, {4}, {2, 3}], [{8, 6}, {7}, {4, 5}, {2, 3}, {1}], [{8, 6}, {7}, {5}, {1, 4}, {2, 3}], [{8, 6}, {7}, {5}, {3, 4}, {1, 2}], [{8, 7}, {1, 6}, {2, 5}, {3, 4}], [{8, 7}, {1, 6}, {3, 5}, {2, 4}], [{8, 7}, {1, 6}, {4, 5}, {2, 3}], [{8, 7}, {2, 6}, {1, 5}, {3, 4}], [{8, 7}, {2, 6}, {3, 5}, {1, 4}], [{8, 7}, {2, 6}, {4, 5}, {1, 3}], [{8, 7}, {2, 6}, {5}, {1, 4}, {3}], [{8, 7}, {3, 6}, {1, 5}, {2, 4}], [{8, 7}, {3, 6}, {2, 5}, {1, 4}], [{8, 7}, {3, 6}, {4, 5}, {1, 2}], [{8, 7}, {3, 6}, {5}, {1, 4}, {2}], [{8, 7}, {4, 6}, {1, 5}, {2, 3}], [{8, 7}, {4, 6}, {2, 5}, {1, 3}], [{8, 7}, {4, 6}, {3, 5}, {1, 2}], [{8, 7}, {5, 6}, {1, 4}, {2, 3}], [{8, 7}, {5, 6}, {1, 4}, {3}, {2}], [{8, 7}, {5, 6}, {2, 4}, {1, 3}], [{8, 7}, {5, 6}, {3, 4}, {1, 2}], [{8, 7}, {6}, {2, 5}, {1, 4}, {3}], [{8, 7}, {6}, {3, 5}, {1, 4}, {2}], [{8, 7}, {6}, {5}, {1, 4}, {2, 3}], [{8, 7}, {6}, {5}, {1, 4}, {3}, {2}], [{8, 7}, {6}, {5}, {2, 4}, {1, 3}], [{8, 7}, {6}, {5}, {3, 4}, {1, 2}], [{8}, {2, 7}, {3, 6}, {5}, {1, 4}], [{8}, {2, 7}, {5, 6}, {1, 4}, {3}], [{8}, {2, 7}, {6}, {3, 5}, {1, 4}], [{8}, {3, 7}, {2, 6}, {4, 5}, {1}], [{8}, {3, 7}, {5, 6}, {1, 4}, {2}], [{8}, {3, 7}, {5, 6}, {2, 4}, {1}], [{8}, {3, 7}, {5, 6}, {4}, {1, 2}], [{8}, {4, 7}, {2, 6}, {1, 5}, {3}], [{8}, {4, 7}, {2, 6}, {3, 5}, {1}], [{8}, {4, 7}, {2, 6}, {5}, {1, 3}], [{8}, {4, 7}, {2, 6}, {5}, {3}, {1}], [{8}, {5, 7}, {2, 6}, {3, 4}, {1}], [{8}, {5, 7}, {3, 6}, {4}, {1, 2}], [{8}, {5, 7}, {6}, {1, 4}, {2, 3}], [{8}, {6, 7}, {2, 5}, {4}, {1, 3}], [{8}, {6, 7}, {3, 5}, {4}, {1, 2}], [{8}, {6, 7}, {4, 5}, {3}, {1, 2}], [{8}, {6, 7}, {5}, {1, 4}, {2, 3}], [{8}, {6, 7}, {5}, {3, 4}, {1, 2}], [{8}, {7}, {1, 6}, {4, 5}, {2, 3}], [{8}, {7}, {4, 6}, {1, 5}, {2, 3}], [{8}, {7}, {5, 6}, {1, 4}, {2, 3}], [{8}, {7}, {5, 6}, {1, 4}, {3}, {2}]]",2,20 K_1^3 + 8 K_1^2 K_2 - 38 K_1^2 - 32 K_1 K_2 - 8 K_1 K_3 + K_1 + 19 K_2 + 11 K_3 + 2 K_4 + 18,O1O2O3O4U1U5O6U7O8O7U3U8U6U4O5U2,O1O2O3O4U5U3O5U2O6O7U1U4U8U7O8U6,O1O2O3O4U5O6U7U6U1U4O7O5U3O8U2U8,c,{'O1O2O3O4U3O5U1U6U7U2O8O7U8O6U5U4'},1,"<a href=""/flatknot/8.733539"">8.733539</a>",t^9-55t^7-152t^6+106t^5+312t^4+67t^3-18t^2+43t+8,-t^2+2t,,
8.733540,O1O2O3O4U3O5U1U6U7U4O8O7U2O6U5U8,4,z^3+19z^2+101z+135,w^4z^3+19w^3z^2+101w^2z+135w,False,False,"[[ 0 -3  0 -1  3  2 -1  0  0],[ 3  0  2  0  2  3  1  2  2],[ 0 -2  0 -1  2  1 -1 -1  0],[ 1  0  1  0  1  1  0  0  0],[-3 -2 -2 -1  0 -1 -2 -3 -1],[-2 -3 -1 -1  1  0 -2 -2 -1],[ 1 -1  1  0  2  2  0  1  1],[ 0 -2  1  0  3  2 -1  0  0],[ 0 -2  0  0  1  1 -1  0  0]]","[[ 0  3  2  0  0  0 -1 -1 -3],[-3  0 -1 -1 -2 -3 -1 -2 -2],[-2  1  0 -1 -1 -2 -1 -2 -3],[ 0  1  1  0  0  0  0 -1 -2],[ 0  2  1  0  0 -1 -1 -1 -2],[ 0  3  2  0  1  0  0 -1 -2],[ 1  1  1  0  1  0  0  0  0],[ 1  2  2  1  1  1  0  0 -1],[ 3  2  3  2  2  2  0  1  0]]",True,"[-3,-2,0,0,0,1,1,3,1,1,2,3,1,2,2,1,1,2,1,2,3,0,0,0,1,2,1,1,1,2,0,1,2,0,0,1]","[-3,-2,0,0,0,1,1,3,0,0,1,2,2,3,4,0,1,1,1,2,2,1,0,0,1,1,0,0,0,1,0,1,1,0,1,2]",t^8+62t^6+109t^4+24t^2,"[-3,-1,-1,0,0,0,2,3,1,2,1,1,1,2,4,0,0,0,0,1,2,0,1,1,2,3,0,1,1,1,0,1,2,0,0,0]","[-3,-2,0,0,0,1,1,3,0,0,1,2,2,3,4,0,1,1,1,2,2,1,0,0,1,1,0,0,0,1,0,1,1,0,1,2]","[-3,-1,-1,0,0,0,2,3,0,1,2,2,2,3,2,0,0,0,1,1,1,1,1,1,2,2,0,0,1,1,1,2,3,1,2,1]",c,"[[{8, 1}, {2, 7}, {3, 6}, {4, 5}], [{8, 1}, {2, 7}, {4, 6}, {3, 5}], [{8, 1}, {2, 7}, {5, 6}, {3, 4}], [{8, 1}, {3, 7}, {2, 6}, {4, 5}], [{8, 1}, {3, 7}, {4, 6}, {2, 5}], [{8, 1}, {3, 7}, {5, 6}, {2, 4}], [{8, 1}, {4, 7}, {2, 6}, {3, 5}], [{8, 1}, {4, 7}, {3, 6}, {2, 5}], [{8, 1}, {4, 7}, {5, 6}, {2, 3}], [{8, 1}, {4, 7}, {5, 6}, {3}, {2}], [{8, 1}, {5, 7}, {2, 6}, {3, 4}], [{8, 1}, {5, 7}, {3, 6}, {2, 4}], [{8, 1}, {5, 7}, {4, 6}, {2, 3}], [{8, 1}, {6, 7}, {2, 5}, {3, 4}], [{8, 1}, {6, 7}, {3, 5}, {2, 4}], [{8, 1}, {6, 7}, {4, 5}, {2, 3}], [{8, 2}, {1, 7}, {3, 6}, {4, 5}], [{8, 2}, {1, 7}, {3, 6}, {5}, {4}], [{8, 2}, {1, 7}, {4, 6}, {3, 5}], [{8, 2}, {1, 7}, {4, 6}, {5}, {3}], [{8, 2}, {1, 7}, {5, 6}, {3, 4}], [{8, 2}, {1, 7}, {5, 6}, {4}, {3}], [{8, 2}, {1, 7}, {6}, {3, 5}, {4}], [{8, 2}, {1, 7}, {6}, {4, 5}, {3}], [{8, 2}, {1, 7}, {6}, {5}, {3, 4}], [{8, 2}, {1, 7}, {6}, {5}, {4}, {3}], [{8, 2}, {3, 7}, {1, 6}, {4, 5}], [{8, 2}, {3, 7}, {4, 6}, {1, 5}], [{8, 2}, {3, 7}, {4, 6}, {5}, {1}], [{8, 2}, {3, 7}, {5, 6}, {1, 4}], [{8, 2}, {4, 7}, {1, 6}, {3, 5}], [{8, 2}, {4, 7}, {3, 6}, {1, 5}], [{8, 2}, {4, 7}, {3, 6}, {5}, {1}], [{8, 2}, {4, 7}, {5, 6}, {1, 3}], [{8, 2}, {4, 7}, {5, 6}, {3}, {1}], [{8, 2}, {4, 7}, {6}, {3, 5}, {1}], [{8, 2}, {5, 7}, {1, 6}, {3, 4}], [{8, 2}, {5, 7}, {3, 6}, {1, 4}], [{8, 2}, {5, 7}, {4, 6}, {1, 3}], [{8, 2}, {5, 7}, {6}, {3, 4}, {1}], [{8, 2}, {6, 7}, {1, 5}, {3, 4}], [{8, 2}, {6, 7}, {3, 5}, {1, 4}], [{8, 2}, {6, 7}, {4, 5}, {1, 3}], [{8, 2}, {7}, {3, 6}, {5}, {1, 4}], [{8, 2}, {7}, {4, 6}, {5}, {1, 3}], [{8, 2}, {7}, {5, 6}, {1, 4}, {3}], [{8, 2}, {7}, {6}, {1, 5}, {3, 4}], [{8, 2}, {7}, {6}, {3, 5}, {1, 4}], [{8, 3}, {1, 7}, {2, 6}, {4, 5}], [{8, 3}, {1, 7}, {4, 6}, {2, 5}], [{8, 3}, {1, 7}, {5, 6}, {2, 4}], [{8, 3}, {2, 7}, {1, 6}, {4, 5}], [{8, 3}, {2, 7}, {4, 6}, {1, 5}], [{8, 3}, {2, 7}, {4, 6}, {5}, {1}], [{8, 3}, {2, 7}, {5, 6}, {1, 4}], [{8, 3}, {4, 7}, {1, 6}, {2, 5}], [{8, 3}, {4, 7}, {2, 6}, {1, 5}], [{8, 3}, {4, 7}, {5, 6}, {1, 2}], [{8, 3}, {4, 7}, {6}, {1, 5}, {2}], [{8, 3}, {5, 7}, {1, 6}, {2, 4}], [{8, 3}, {5, 7}, {2, 6}, {1, 4}], [{8, 3}, {5, 7}, {4, 6}, {1, 2}], [{8, 3}, {6, 7}, {1, 5}, {2, 4}], [{8, 3}, {6, 7}, {2, 5}, {1, 4}], [{8, 3}, {6, 7}, {4, 5}, {1, 2}], [{8, 3}, {7}, {2, 6}, {1, 5}, {4}], [{8, 4}, {1, 7}, {2, 6}, {3, 5}], [{8, 4}, {1, 7}, {3, 6}, {2, 5}], [{8, 4}, {1, 7}, {5, 6}, {2, 3}], [{8, 4}, {1, 7}, {6}, {2, 5}, {3}], [{8, 4}, {2, 7}, {1, 6}, {3, 5}], [{8, 4}, {2, 7}, {3, 6}, {1, 5}], [{8, 4}, {2, 7}, {5, 6}, {1, 3}], [{8, 4}, {2, 7}, {6}, {1, 5}, {3}], [{8, 4}, {3, 7}, {1, 6}, {2, 5}], [{8, 4}, {3, 7}, {2, 6}, {1, 5}], [{8, 4}, {3, 7}, {5, 6}, {1, 2}], [{8, 4}, {3, 7}, {5, 6}, {2}, {1}], [{8, 4}, {5, 7}, {1, 6}, {2, 3}], [{8, 4}, {5, 7}, {2, 6}, {1, 3}], [{8, 4}, {5, 7}, {3, 6}, {1, 2}], [{8, 4}, {5, 7}, {3, 6}, {2}, {1}], [{8, 4}, {6, 7}, {1, 5}, {2, 3}], [{8, 4}, {6, 7}, {1, 5}, {3}, {2}], [{8, 4}, {6, 7}, {2, 5}, {1, 3}], [{8, 4}, {6, 7}, {3, 5}, {1, 2}], [{8, 4}, {7}, {2, 6}, {1, 5}, {3}], [{8, 5}, {1, 7}, {2, 6}, {3, 4}], [{8, 5}, {1, 7}, {3, 6}, {2, 4}], [{8, 5}, {1, 7}, {4, 6}, {2, 3}], [{8, 5}, {1, 7}, {6}, {2, 4}, {3}], [{8, 5}, {2, 7}, {1, 6}, {3, 4}], [{8, 5}, {2, 7}, {3, 6}, {1, 4}], [{8, 5}, {2, 7}, {4, 6}, {1, 3}], [{8, 5}, {3, 7}, {1, 6}, {2, 4}], [{8, 5}, {3, 7}, {2, 6}, {1, 4}], [{8, 5}, {3, 7}, {4, 6}, {1, 2}], [{8, 5}, {4, 7}, {1, 6}, {2, 3}], [{8, 5}, {4, 7}, {2, 6}, {1, 3}], [{8, 5}, {4, 7}, {3, 6}, {1, 2}], [{8, 5}, {6, 7}, {1, 4}, {2, 3}], [{8, 5}, {6, 7}, {2, 4}, {1, 3}], [{8, 5}, {6, 7}, {3, 4}, {1, 2}], [{8, 5}, {7}, {2, 6}, {4}, {1, 3}], [{8, 5}, {7}, {3, 6}, {4}, {1, 2}], [{8, 6}, {1, 7}, {2, 5}, {3, 4}], [{8, 6}, {1, 7}, {3, 5}, {2, 4}], [{8, 6}, {1, 7}, {4, 5}, {2, 3}], [{8, 6}, {1, 7}, {5}, {3, 4}, {2}], [{8, 6}, {2, 7}, {1, 5}, {3, 4}], [{8, 6}, {2, 7}, {3, 5}, {1, 4}], [{8, 6}, {2, 7}, {4, 5}, {1, 3}], [{8, 6}, {3, 7}, {1, 5}, {2, 4}], [{8, 6}, {3, 7}, {2, 5}, {1, 4}], [{8, 6}, {3, 7}, {4, 5}, {1, 2}], [{8, 6}, {4, 7}, {1, 5}, {2, 3}], [{8, 6}, {4, 7}, {2, 5}, {1, 3}], [{8, 6}, {4, 7}, {3, 5}, {1, 2}], [{8, 6}, {4, 7}, {5}, {1, 3}, {2}], [{8, 6}, {5, 7}, {1, 4}, {2, 3}], [{8, 6}, {5, 7}, {2, 4}, {1, 3}], [{8, 6}, {5, 7}, {3, 4}, {1, 2}], [{8, 6}, {5, 7}, {3, 4}, {2}, {1}], [{8, 6}, {7}, {1, 5}, {3, 4}, {2}], [{8, 7}, {1, 6}, {2, 5}, {3, 4}], [{8, 7}, {1, 6}, {3, 5}, {2, 4}], [{8, 7}, {1, 6}, {3, 5}, {4}, {2}], [{8, 7}, {1, 6}, {4, 5}, {2, 3}], [{8, 7}, {2, 6}, {1, 5}, {3, 4}], [{8, 7}, {2, 6}, {3, 5}, {1, 4}], [{8, 7}, {2, 6}, {4, 5}, {1, 3}], [{8, 7}, {2, 6}, {5}, {1, 4}, {3}], [{8, 7}, {3, 6}, {1, 5}, {2, 4}], [{8, 7}, {3, 6}, {2, 5}, {1, 4}], [{8, 7}, {3, 6}, {4, 5}, {1, 2}], [{8, 7}, {3, 6}, {5}, {1, 4}, {2}], [{8, 7}, {4, 6}, {1, 5}, {2, 3}], [{8, 7}, {4, 6}, {2, 5}, {1, 3}], [{8, 7}, {4, 6}, {3, 5}, {1, 2}], [{8, 7}, {4, 6}, {3, 5}, {2}, {1}], [{8, 7}, {5, 6}, {1, 4}, {2, 3}], [{8, 7}, {5, 6}, {1, 4}, {3}, {2}], [{8, 7}, {5, 6}, {2, 4}, {1, 3}], [{8, 7}, {5, 6}, {3, 4}, {1, 2}], [{8, 7}, {6}, {2, 5}, {1, 4}, {3}], [{8, 7}, {6}, {3, 5}, {1, 4}, {2}], [{8, 7}, {6}, {5}, {1, 4}, {2, 3}], [{8}, {1, 7}, {2, 6}, {5}, {3, 4}], [{8}, {2, 7}, {3, 6}, {1, 5}, {4}], [{8}, {2, 7}, {3, 6}, {4, 5}, {1}], [{8}, {2, 7}, {3, 6}, {5}, {1, 4}], [{8}, {2, 7}, {5, 6}, {1, 4}, {3}], [{8}, {2, 7}, {6}, {3, 5}, {1, 4}], [{8}, {3, 7}, {2, 6}, {4, 5}, {1}], [{8}, {4, 7}, {5, 6}, {3}, {1, 2}], [{8}, {5, 7}, {2, 6}, {3, 4}, {1}], [{8}, {7}, {1, 6}, {2, 5}, {3, 4}], [{8}, {7}, {2, 6}, {1, 5}, {3, 4}]]",2,- 8 K_1^4 + 12 K_1^3 + 12 K_1^2 K_2 - 34 K_1^2 - 20 K_1 K_2 - 4 K_1 K_3 + K_1 - 2 K_2^2 + 17 K_2 + 7 K_3 + K_4 + 19,O1O2O3O4U5U6O7U3O8O5U1U8U7U4O6U2,O1O2O3O4U5U3O6U2O7O5U1U6U8U4O8U7,O1O2O3O4U5O6U1U6U7U4O8O5U3O7U2U8,c,{'O1O2O3O4U3O5U1U6U7U4O8O7U2O6U5U8'},1,"<a href=""/flatknot/8.733540"">8.733540</a>",t^9-60t^7-234t^6-184t^5+240t^4+380t^3+26t^2-161t-60,-t^2+2t,,
8.733541,O1O2O3O4U3O5U1U6U7U4O8O7U5O6U2U8,3,8z^2+73z+115,-2w^4z^2+10w^3z^2-6w^3z+79w^2z+115w,False,False,"[[ 0 -3  0 -1  3  2 -1  0  0],[ 3  0  3  0  2  2  1  2  2],[ 0 -3  0 -1  2  2 -2 -1  0],[ 1  0  1  0  1  1  0  0  0],[-3 -2 -2 -1  0  0 -3 -3 -1],[-2 -2 -2 -1  0  0 -2 -2 -1],[ 1 -1  2  0  3  2  0  1  1],[ 0 -2  1  0  3  2 -1  0  0],[ 0 -2  0  0  1  1 -1  0  0]]","[[ 0  3  2  0  0  0 -1 -1 -3],[-3  0  0 -1 -2 -3 -1 -3 -2],[-2  0  0 -1 -2 -2 -1 -2 -2],[ 0  1  1  0  0  0  0 -1 -2],[ 0  2  2  0  0 -1 -1 -2 -3],[ 0  3  2  0  1  0  0 -1 -2],[ 1  1  1  0  1  0  0  0  0],[ 1  3  2  1  2  1  0  0 -1],[ 3  2  2  2  3  2  0  1  0]]",True,"[-3,-2,0,0,0,1,1,3,0,1,2,3,1,3,2,1,2,2,1,2,2,0,0,0,1,2,1,1,2,3,0,1,2,0,0,1]","[-3,-2,0,0,0,1,1,3,0,1,2,3,1,3,2,1,2,2,1,2,2,0,0,0,1,2,1,1,2,3,0,1,2,0,0,1]",t^8+72t^6+128t^4+30t^2,"[-3,-1,-1,0,0,0,2,3,1,2,0,1,1,3,4,0,-1,0,0,1,1,0,1,1,2,3,0,1,0,1,0,1,2,0,0,1]","[-3,-2,0,0,0,1,1,3,1,0,1,2,1,3,4,0,0,1,1,2,3,1,0,0,1,1,0,-1,0,0,0,1,1,0,1,2]","[-3,-1,-1,0,0,0,2,3,0,1,2,2,3,2,2,0,0,0,1,1,1,1,1,2,2,3,0,0,1,1,1,2,3,2,2,0]",c,"[[{8, 3}, {2, 7}, {4, 6}, {1, 5}], [{8, 3}, {2, 7}, {5, 6}, {1, 4}], [{8, 5}, {2, 7}, {3, 6}, {1, 4}], [{8, 6}, {2, 7}, {3, 5}, {1, 4}]]",1,- 8 K_1^4 + 16 K_1^3 + 12 K_1^2 K_2 - 34 K_1^2 - 20 K_1 K_2 - 4 K_1 K_3 - 2 K_1 - 2 K_2^2 + 17 K_2 + 6 K_3 + K_4 + 19,O1O2O3O4U5U3O6U7O8O5U1U8U6U4O7U2,O1O2O3O4U5U3O6U2O7O5U1U7U8U4O8U6,O1O2O3O4U5O6U1U6U7U4O8O7U3O5U2U8,c,{'O1O2O3O4U3O5U1U6U7U4O8O7U5O6U2U8'},1,"<a href=""/flatknot/8.733541"">8.733541</a>",t^9-70t^7-270t^6-97t^5+296t^4+95t^3-100t^2-12t,-t^2+2t,,
8.733542,O1O2O3O4U3O5U1U6U7U4O8O7U5O6U8U2,4,2z^3+22z^2+101z+131,2w^4z^3+22w^3z^2+101w^2z+131w,False,False,"[[ 0 -3  1 -1  3  2 -1  0 -1],[ 3  0  3  0  2  2  1  2  1],[-1 -3  0 -1  2  1 -2 -1 -1],[ 1  0  1  0  1  1  0  0  0],[-3 -2 -2 -1  0  0 -3 -3 -1],[-2 -2 -1 -1  0  0 -2 -2 -1],[ 1 -1  2  0  3  2  0  1  0],[ 0 -2  1  0  3  2 -1  0 -1],[ 1 -1  1  0  1  1  0  1  0]]","[[ 0  3  2  1  0 -1 -1 -1 -3],[-3  0  0 -2 -3 -1 -1 -3 -2],[-2  0  0 -1 -2 -1 -1 -2 -2],[-1  2  1  0 -1 -1 -1 -2 -3],[ 0  3  2  1  0  0 -1 -1 -2],[ 1  1  1  1  0  0  0  0  0],[ 1  1  1  1  1  0  0  0 -1],[ 1  3  2  2  1  0  0  0 -1],[ 3  2  2  3  2  0  1  1  0]]",True,"[-3,-2,-1,0,1,1,1,3,0,2,3,1,1,3,2,1,2,1,1,2,2,1,1,1,2,3,0,1,1,2,0,0,0,0,1,1]","[-3,-2,-1,0,1,1,1,3,0,2,3,1,1,3,2,1,2,1,1,2,2,1,1,1,2,3,0,1,1,2,0,0,0,0,1,1]",t^8+67t^6+109t^4+20t^2,"[-3,-1,-1,-1,0,1,2,3,1,1,2,1,1,3,4,0,0,0,0,1,1,0,0,1,2,3,1,1,2,3,0,0,0,0,0,1]","[-3,-2,-1,0,1,1,1,3,1,0,0,1,3,3,4,0,0,1,2,2,3,0,0,1,1,1,0,0,1,1,0,0,1,0,1,2]","[-3,-1,-1,-1,0,1,2,3,0,1,1,2,3,2,2,0,0,0,1,1,1,0,1,1,1,1,1,2,2,3,1,2,3,1,2,0]",c,"[[{8, 1}, {2, 7}, {3, 6}, {4, 5}], [{8, 1}, {2, 7}, {4, 6}, {3, 5}], [{8, 1}, {2, 7}, {5, 6}, {3, 4}], [{8, 1}, {3, 7}, {2, 6}, {4, 5}], [{8, 1}, {3, 7}, {4, 6}, {2, 5}], [{8, 1}, {3, 7}, {5, 6}, {2, 4}], [{8, 1}, {4, 7}, {2, 6}, {3, 5}], [{8, 1}, {4, 7}, {3, 6}, {2, 5}], [{8, 1}, {4, 7}, {5, 6}, {2, 3}], [{8, 1}, {5, 7}, {2, 6}, {3, 4}], [{8, 1}, {5, 7}, {3, 6}, {2, 4}], [{8, 1}, {5, 7}, {4, 6}, {2, 3}], [{8, 1}, {6, 7}, {2, 5}, {3, 4}], [{8, 1}, {6, 7}, {3, 5}, {2, 4}], [{8, 1}, {6, 7}, {4, 5}, {2, 3}], [{8, 1}, {6, 7}, {5}, {2, 4}, {3}], [{8, 1}, {7}, {2, 6}, {5}, {3, 4}], [{8, 1}, {7}, {3, 6}, {4, 5}, {2}], [{8, 1}, {7}, {5, 6}, {4}, {2, 3}], [{8, 2}, {1, 7}, {3, 6}, {4, 5}], [{8, 2}, {1, 7}, {4, 6}, {3, 5}], [{8, 2}, {1, 7}, {5, 6}, {3, 4}], [{8, 2}, {1, 7}, {6}, {4, 5}, {3}], [{8, 2}, {3, 7}, {1, 6}, {4, 5}], [{8, 2}, {3, 7}, {4, 6}, {1, 5}], [{8, 2}, {3, 7}, {5, 6}, {1, 4}], [{8, 2}, {4, 7}, {1, 6}, {3, 5}], [{8, 2}, {4, 7}, {3, 6}, {1, 5}], [{8, 2}, {4, 7}, {5, 6}, {1, 3}], [{8, 2}, {5, 7}, {1, 6}, {3, 4}], [{8, 2}, {5, 7}, {3, 6}, {1, 4}], [{8, 2}, {5, 7}, {4, 6}, {1, 3}], [{8, 2}, {5, 7}, {6}, {3, 4}, {1}], [{8, 2}, {6, 7}, {1, 5}, {3, 4}], [{8, 2}, {6, 7}, {3, 5}, {1, 4}], [{8, 2}, {6, 7}, {4, 5}, {1, 3}], [{8, 2}, {7}, {3, 6}, {1, 5}, {4}], [{8, 2}, {7}, {3, 6}, {4, 5}, {1}], [{8, 2}, {7}, {3, 6}, {5}, {1, 4}], [{8, 2}, {7}, {5, 6}, {1, 4}, {3}], [{8, 2}, {7}, {6}, {3, 5}, {1, 4}], [{8, 3}, {1, 7}, {2, 6}, {4, 5}], [{8, 3}, {1, 7}, {4, 6}, {2, 5}], [{8, 3}, {1, 7}, {5, 6}, {2, 4}], [{8, 3}, {1, 7}, {6}, {2, 5}, {4}], [{8, 3}, {1, 7}, {6}, {4, 5}, {2}], [{8, 3}, {1, 7}, {6}, {5}, {2, 4}], [{8, 3}, {2, 7}, {1, 6}, {4, 5}], [{8, 3}, {2, 7}, {4, 6}, {1, 5}], [{8, 3}, {2, 7}, {5, 6}, {1, 4}], [{8, 3}, {2, 7}, {5, 6}, {4}, {1}], [{8, 3}, {4, 7}, {1, 6}, {2, 5}], [{8, 3}, {4, 7}, {2, 6}, {1, 5}], [{8, 3}, {4, 7}, {5, 6}, {1, 2}], [{8, 3}, {5, 7}, {1, 6}, {2, 4}], [{8, 3}, {5, 7}, {2, 6}, {1, 4}], [{8, 3}, {5, 7}, {2, 6}, {4}, {1}], [{8, 3}, {5, 7}, {4, 6}, {1, 2}], [{8, 3}, {5, 7}, {6}, {1, 4}, {2}], [{8, 3}, {6, 7}, {1, 5}, {2, 4}], [{8, 3}, {6, 7}, {2, 5}, {1, 4}], [{8, 3}, {6, 7}, {4, 5}, {1, 2}], [{8, 3}, {7}, {2, 6}, {5}, {1, 4}], [{8, 3}, {7}, {4, 6}, {5}, {1, 2}], [{8, 4}, {1, 7}, {2, 6}, {3, 5}], [{8, 4}, {1, 7}, {3, 6}, {2, 5}], [{8, 4}, {1, 7}, {5, 6}, {2, 3}], [{8, 4}, {1, 7}, {6}, {2, 5}, {3}], [{8, 4}, {2, 7}, {1, 6}, {3, 5}], [{8, 4}, {2, 7}, {1, 6}, {5}, {3}], [{8, 4}, {2, 7}, {3, 6}, {1, 5}], [{8, 4}, {2, 7}, {5, 6}, {1, 3}], [{8, 4}, {3, 7}, {1, 6}, {2, 5}], [{8, 4}, {3, 7}, {1, 6}, {5}, {2}], [{8, 4}, {3, 7}, {2, 6}, {1, 5}], [{8, 4}, {3, 7}, {5, 6}, {1, 2}], [{8, 4}, {5, 7}, {1, 6}, {2, 3}], [{8, 4}, {5, 7}, {2, 6}, {1, 3}], [{8, 4}, {5, 7}, {3, 6}, {1, 2}], [{8, 4}, {5, 7}, {6}, {3}, {1, 2}], [{8, 4}, {6, 7}, {1, 5}, {2, 3}], [{8, 4}, {6, 7}, {2, 5}, {1, 3}], [{8, 4}, {6, 7}, {3, 5}, {1, 2}], [{8, 4}, {7}, {1, 6}, {5}, {2, 3}], [{8, 4}, {7}, {2, 6}, {1, 5}, {3}], [{8, 4}, {7}, {3, 6}, {5}, {1, 2}], [{8, 5}, {1, 7}, {2, 6}, {3, 4}], [{8, 5}, {1, 7}, {3, 6}, {2, 4}], [{8, 5}, {1, 7}, {4, 6}, {2, 3}], [{8, 5}, {1, 7}, {6}, {2, 4}, {3}], [{8, 5}, {2, 7}, {1, 6}, {3, 4}], [{8, 5}, {2, 7}, {3, 6}, {1, 4}], [{8, 5}, {2, 7}, {4, 6}, {1, 3}], [{8, 5}, {3, 7}, {1, 6}, {2, 4}], [{8, 5}, {3, 7}, {1, 6}, {4}, {2}], [{8, 5}, {3, 7}, {2, 6}, {1, 4}], [{8, 5}, {3, 7}, {4, 6}, {1, 2}], [{8, 5}, {4, 7}, {1, 6}, {2, 3}], [{8, 5}, {4, 7}, {2, 6}, {1, 3}], [{8, 5}, {4, 7}, {3, 6}, {1, 2}], [{8, 5}, {4, 7}, {6}, {3}, {1, 2}], [{8, 5}, {6, 7}, {1, 4}, {2, 3}], [{8, 5}, {6, 7}, {2, 4}, {1, 3}], [{8, 5}, {6, 7}, {3, 4}, {1, 2}], [{8, 5}, {7}, {2, 6}, {1, 4}, {3}], [{8, 5}, {7}, {3, 6}, {4}, {1, 2}], [{8, 6}, {1, 7}, {2, 5}, {3, 4}], [{8, 6}, {1, 7}, {2, 5}, {4}, {3}], [{8, 6}, {1, 7}, {3, 5}, {2, 4}], [{8, 6}, {1, 7}, {4, 5}, {2, 3}], [{8, 6}, {1, 7}, {4, 5}, {3}, {2}], [{8, 6}, {1, 7}, {5}, {2, 4}, {3}], [{8, 6}, {2, 7}, {1, 5}, {3, 4}], [{8, 6}, {2, 7}, {3, 5}, {1, 4}], [{8, 6}, {2, 7}, {4, 5}, {1, 3}], [{8, 6}, {3, 7}, {1, 5}, {2, 4}], [{8, 6}, {3, 7}, {2, 5}, {1, 4}], [{8, 6}, {3, 7}, {4, 5}, {1, 2}], [{8, 6}, {3, 7}, {5}, {2, 4}, {1}], [{8, 6}, {4, 7}, {1, 5}, {2, 3}], [{8, 6}, {4, 7}, {2, 5}, {1, 3}], [{8, 6}, {4, 7}, {3, 5}, {1, 2}], [{8, 6}, {5, 7}, {1, 4}, {2, 3}], [{8, 6}, {5, 7}, {2, 4}, {1, 3}], [{8, 6}, {5, 7}, {2, 4}, {3}, {1}], [{8, 6}, {5, 7}, {3, 4}, {1, 2}], [{8, 6}, {5, 7}, {4}, {1, 3}, {2}], [{8, 6}, {7}, {1, 5}, {2, 4}, {3}], [{8, 6}, {7}, {1, 5}, {3, 4}, {2}], [{8, 6}, {7}, {1, 5}, {4}, {2, 3}], [{8, 6}, {7}, {3, 5}, {1, 4}, {2}], [{8, 6}, {7}, {3, 5}, {2, 4}, {1}], [{8, 6}, {7}, {3, 5}, {4}, {1, 2}], [{8, 6}, {7}, {5}, {2, 4}, {1, 3}], [{8, 6}, {7}, {5}, {2, 4}, {3}, {1}], [{8, 7}, {1, 6}, {2, 5}, {3, 4}], [{8, 7}, {1, 6}, {3, 5}, {2, 4}], [{8, 7}, {1, 6}, {4, 5}, {2, 3}], [{8, 7}, {1, 6}, {5}, {2, 4}, {3}], [{8, 7}, {2, 6}, {1, 5}, {3, 4}], [{8, 7}, {2, 6}, {3, 5}, {1, 4}], [{8, 7}, {2, 6}, {4, 5}, {1, 3}], [{8, 7}, {3, 6}, {1, 5}, {2, 4}], [{8, 7}, {3, 6}, {1, 5}, {4}, {2}], [{8, 7}, {3, 6}, {2, 5}, {1, 4}], [{8, 7}, {3, 6}, {4, 5}, {1, 2}], [{8, 7}, {3, 6}, {4, 5}, {2}, {1}], [{8, 7}, {3, 6}, {5}, {1, 4}, {2}], [{8, 7}, {4, 6}, {1, 5}, {2, 3}], [{8, 7}, {4, 6}, {2, 5}, {1, 3}], [{8, 7}, {4, 6}, {3, 5}, {1, 2}], [{8, 7}, {5, 6}, {1, 4}, {2, 3}], [{8, 7}, {5, 6}, {2, 4}, {1, 3}], [{8, 7}, {5, 6}, {3, 4}, {1, 2}], [{8}, {1, 7}, {2, 6}, {4, 5}, {3}], [{8}, {1, 7}, {3, 6}, {2, 5}, {4}], [{8}, {1, 7}, {3, 6}, {4, 5}, {2}], [{8}, {1, 7}, {3, 6}, {5}, {2, 4}], [{8}, {1, 7}, {4, 6}, {2, 5}, {3}], [{8}, {1, 7}, {5, 6}, {2, 4}, {3}], [{8}, {1, 7}, {6}, {2, 5}, {3, 4}], [{8}, {1, 7}, {6}, {2, 5}, {4}, {3}], [{8}, {1, 7}, {6}, {3, 5}, {2, 4}], [{8}, {1, 7}, {6}, {4, 5}, {2, 3}], [{8}, {1, 7}, {6}, {4, 5}, {3}, {2}], [{8}, {1, 7}, {6}, {5}, {2, 4}, {3}], [{8}, {2, 7}, {3, 6}, {1, 5}, {4}], [{8}, {2, 7}, {3, 6}, {4, 5}, {1}], [{8}, {2, 7}, {3, 6}, {5}, {1, 4}], [{8}, {3, 7}, {1, 6}, {4, 5}, {2}], [{8}, {4, 7}, {5, 6}, {2, 3}, {1}], [{8}, {5, 7}, {1, 6}, {3, 4}, {2}], [{8}, {6, 7}, {4, 5}, {1, 3}, {2}], [{8}, {6, 7}, {5}, {3, 4}, {1, 2}], [{8}, {7}, {2, 6}, {3, 5}, {1, 4}], [{8}, {7}, {3, 6}, {4, 5}, {1, 2}], [{8}, {7}, {3, 6}, {4, 5}, {2}, {1}]]",2,16 K_1^3 + 8 K_1^2 K_2 - 28 K_1^2 - 20 K_1 K_2 - 10 K_1 K_3 - 2 K_1 - 2 K_2^2 + 15 K_2 + 6 K_3 + 4 K_4 + 14,O1O2O3O4U3U5O6U7O8O5U1U8U6U4O7U2,O1O2O3O4U5U3O6U2O5O7U1U7U8U4O8U6,O1O2O3O4U5O6U1U6U7U4O7O8U3O5U2U8,c,{'O1O2O3O4U3O5U1U6U7U4O8O7U5O6U8U2'},1,"<a href=""/flatknot/8.733542"">8.733542</a>",t^9-65t^7-240t^6-38t^5+426t^4+211t^3-120t^2-37t+4,-t^2+2t,,
8.733543,O1O2O3O4U3O5U1U6U7U4O8O7U8O6U5U2,4,6z^3+43z^2+110z+97,6w^4z^3+43w^3z^2+110w^2z+97w,False,False,"[[ 0 -3  1 -1  3  2 -1  0 -1],[ 3  0  3  0  2  2  2  2  0],[-1 -3  0 -1  2  1 -2 -1 -1],[ 1  0  1  0  1  1  0  0  0],[-3 -2 -2 -1  0 -1 -2 -3 -1],[-2 -2 -1 -1  1  0 -2 -1 -1],[ 1 -2  2  0  2  2  0  0  0],[ 0 -2  1  0  3  1  0  0 -1],[ 1  0  1  0  1  1  0  1  0]]","[[ 0  3  2  1  0 -1 -1 -1 -3],[-3  0 -1 -2 -3 -1 -1 -2 -2],[-2  1  0 -1 -1 -1 -1 -2 -2],[-1  2  1  0 -1 -1 -1 -2 -3],[ 0  3  1  1  0  0 -1  0 -2],[ 1  1  1  1  0  0  0  0  0],[ 1  1  1  1  1  0  0  0  0],[ 1  2  2  2  0  0  0  0 -2],[ 3  2  2  3  2  0  0  2  0]]",True,"[-3,-2,-1,0,1,1,1,3,1,2,3,1,1,2,2,1,1,1,1,2,2,1,1,1,2,3,0,1,0,2,0,0,0,0,0,2]","[-3,-2,-1,0,1,1,1,3,0,0,0,2,3,3,4,0,1,1,2,2,3,0,0,1,1,1,1,0,1,1,0,0,0,0,2,2]",t^8+61t^6+141t^4+59t^2,"[-3,-1,-1,-1,0,1,2,3,0,2,2,1,1,3,4,0,0,1,0,1,2,0,0,1,2,3,1,1,2,3,0,1,0,0,0,0]","[-3,-2,-1,0,1,1,1,3,0,0,0,2,3,3,4,0,1,1,2,2,3,0,0,1,1,1,1,0,1,1,0,0,0,0,2,2]","[-3,-1,-1,-1,0,1,2,3,0,0,2,2,3,2,2,0,0,0,1,1,1,0,1,1,1,1,0,2,2,2,1,1,3,1,2,1]",c,"[[{8, 1}, {2, 7}, {3, 6}, {4, 5}], [{8, 1}, {2, 7}, {4, 6}, {3, 5}], [{8, 1}, {2, 7}, {4, 6}, {5}, {3}], [{8, 1}, {2, 7}, {5, 6}, {3, 4}], [{8, 1}, {2, 7}, {5, 6}, {4}, {3}], [{8, 1}, {2, 7}, {6}, {4, 5}, {3}], [{8, 1}, {3, 7}, {2, 6}, {4, 5}], [{8, 1}, {3, 7}, {2, 6}, {5}, {4}], [{8, 1}, {3, 7}, {4, 6}, {2, 5}], [{8, 1}, {3, 7}, {5, 6}, {2, 4}], [{8, 1}, {4, 7}, {2, 6}, {3, 5}], [{8, 1}, {4, 7}, {2, 6}, {5}, {3}], [{8, 1}, {4, 7}, {3, 6}, {2, 5}], [{8, 1}, {4, 7}, {5, 6}, {2, 3}], [{8, 1}, {5, 7}, {2, 6}, {3, 4}], [{8, 1}, {5, 7}, {3, 6}, {2, 4}], [{8, 1}, {5, 7}, {4, 6}, {2, 3}], [{8, 1}, {6, 7}, {2, 5}, {3, 4}], [{8, 1}, {6, 7}, {2, 5}, {4}, {3}], [{8, 1}, {6, 7}, {3, 5}, {2, 4}], [{8, 1}, {6, 7}, {4, 5}, {2, 3}], [{8, 1}, {7}, {2, 6}, {5}, {3, 4}], [{8, 2}, {1, 7}, {3, 6}, {4, 5}], [{8, 2}, {1, 7}, {4, 6}, {3, 5}], [{8, 2}, {1, 7}, {4, 6}, {5}, {3}], [{8, 2}, {1, 7}, {5, 6}, {3, 4}], [{8, 2}, {3, 7}, {1, 6}, {4, 5}], [{8, 2}, {3, 7}, {4, 6}, {1, 5}], [{8, 2}, {3, 7}, {4, 6}, {5}, {1}], [{8, 2}, {3, 7}, {5, 6}, {1, 4}], [{8, 2}, {4, 7}, {1, 6}, {3, 5}], [{8, 2}, {4, 7}, {3, 6}, {1, 5}], [{8, 2}, {4, 7}, {5, 6}, {1, 3}], [{8, 2}, {4, 7}, {6}, {1, 5}, {3}], [{8, 2}, {5, 7}, {1, 6}, {3, 4}], [{8, 2}, {5, 7}, {3, 6}, {1, 4}], [{8, 2}, {5, 7}, {4, 6}, {1, 3}], [{8, 2}, {6, 7}, {1, 5}, {3, 4}], [{8, 2}, {6, 7}, {3, 5}, {1, 4}], [{8, 2}, {6, 7}, {4, 5}, {1, 3}], [{8, 2}, {6, 7}, {5}, {3, 4}, {1}], [{8, 2}, {7}, {1, 6}, {3, 5}, {4}], [{8, 2}, {7}, {3, 6}, {1, 5}, {4}], [{8, 2}, {7}, {4, 6}, {5}, {1, 3}], [{8, 3}, {1, 7}, {2, 6}, {4, 5}], [{8, 3}, {1, 7}, {4, 6}, {2, 5}], [{8, 3}, {1, 7}, {5, 6}, {2, 4}], [{8, 3}, {1, 7}, {5, 6}, {4}, {2}], [{8, 3}, {2, 7}, {1, 6}, {4, 5}], [{8, 3}, {2, 7}, {1, 6}, {5}, {4}], [{8, 3}, {2, 7}, {4, 6}, {1, 5}], [{8, 3}, {2, 7}, {5, 6}, {1, 4}], [{8, 3}, {4, 7}, {1, 6}, {2, 5}], [{8, 3}, {4, 7}, {1, 6}, {5}, {2}], [{8, 3}, {4, 7}, {2, 6}, {1, 5}], [{8, 3}, {4, 7}, {5, 6}, {1, 2}], [{8, 3}, {5, 7}, {1, 6}, {2, 4}], [{8, 3}, {5, 7}, {2, 6}, {1, 4}], [{8, 3}, {5, 7}, {4, 6}, {1, 2}], [{8, 3}, {6, 7}, {1, 5}, {2, 4}], [{8, 3}, {6, 7}, {2, 5}, {1, 4}], [{8, 3}, {6, 7}, {2, 5}, {4}, {1}], [{8, 3}, {6, 7}, {4, 5}, {1, 2}], [{8, 3}, {7}, {1, 6}, {5}, {2, 4}], [{8, 4}, {1, 7}, {2, 6}, {3, 5}], [{8, 4}, {1, 7}, {3, 6}, {2, 5}], [{8, 4}, {1, 7}, {5, 6}, {2, 3}], [{8, 4}, {1, 7}, {5, 6}, {3}, {2}], [{8, 4}, {2, 7}, {1, 6}, {3, 5}], [{8, 4}, {2, 7}, {1, 6}, {5}, {3}], [{8, 4}, {2, 7}, {3, 6}, {1, 5}], [{8, 4}, {2, 7}, {5, 6}, {1, 3}], [{8, 4}, {2, 7}, {5, 6}, {3}, {1}], [{8, 4}, {2, 7}, {6}, {1, 5}, {3}], [{8, 4}, {3, 7}, {1, 6}, {2, 5}], [{8, 4}, {3, 7}, {2, 6}, {1, 5}], [{8, 4}, {3, 7}, {5, 6}, {1, 2}], [{8, 4}, {3, 7}, {6}, {1, 5}, {2}], [{8, 4}, {5, 7}, {1, 6}, {2, 3}], [{8, 4}, {5, 7}, {2, 6}, {1, 3}], [{8, 4}, {5, 7}, {3, 6}, {1, 2}], [{8, 4}, {6, 7}, {1, 5}, {2, 3}], [{8, 4}, {6, 7}, {2, 5}, {1, 3}], [{8, 4}, {6, 7}, {3, 5}, {1, 2}], [{8, 4}, {6, 7}, {5}, {2, 3}, {1}], [{8, 4}, {7}, {1, 6}, {3, 5}, {2}], [{8, 4}, {7}, {2, 6}, {5}, {1, 3}], [{8, 4}, {7}, {3, 6}, {2, 5}, {1}], [{8, 4}, {7}, {5, 6}, {3}, {1, 2}], [{8, 4}, {7}, {6}, {1, 5}, {2, 3}], [{8, 5}, {1, 7}, {2, 6}, {3, 4}], [{8, 5}, {1, 7}, {3, 6}, {2, 4}], [{8, 5}, {1, 7}, {4, 6}, {2, 3}], [{8, 5}, {2, 7}, {1, 6}, {3, 4}], [{8, 5}, {2, 7}, {1, 6}, {4}, {3}], [{8, 5}, {2, 7}, {3, 6}, {1, 4}], [{8, 5}, {2, 7}, {4, 6}, {1, 3}], [{8, 5}, {2, 7}, {4, 6}, {3}, {1}], [{8, 5}, {2, 7}, {6}, {1, 4}, {3}], [{8, 5}, {3, 7}, {1, 6}, {2, 4}], [{8, 5}, {3, 7}, {2, 6}, {1, 4}], [{8, 5}, {3, 7}, {4, 6}, {1, 2}], [{8, 5}, {4, 7}, {1, 6}, {2, 3}], [{8, 5}, {4, 7}, {1, 6}, {3}, {2}], [{8, 5}, {4, 7}, {2, 6}, {1, 3}], [{8, 5}, {4, 7}, {3, 6}, {1, 2}], [{8, 5}, {6, 7}, {1, 4}, {2, 3}], [{8, 5}, {6, 7}, {2, 4}, {1, 3}], [{8, 5}, {6, 7}, {3, 4}, {1, 2}], [{8, 5}, {7}, {1, 6}, {2, 4}, {3}], [{8, 6}, {1, 7}, {2, 5}, {3, 4}], [{8, 6}, {1, 7}, {3, 5}, {2, 4}], [{8, 6}, {1, 7}, {4, 5}, {2, 3}], [{8, 6}, {1, 7}, {4, 5}, {3}, {2}], [{8, 6}, {2, 7}, {1, 5}, {3, 4}], [{8, 6}, {2, 7}, {1, 5}, {4}, {3}], [{8, 6}, {2, 7}, {3, 5}, {1, 4}], [{8, 6}, {2, 7}, {4, 5}, {1, 3}], [{8, 6}, {2, 7}, {4, 5}, {3}, {1}], [{8, 6}, {2, 7}, {5}, {1, 4}, {3}], [{8, 6}, {3, 7}, {1, 5}, {2, 4}], [{8, 6}, {3, 7}, {1, 5}, {4}, {2}], [{8, 6}, {3, 7}, {2, 5}, {1, 4}], [{8, 6}, {3, 7}, {4, 5}, {1, 2}], [{8, 6}, {4, 7}, {1, 5}, {2, 3}], [{8, 6}, {4, 7}, {2, 5}, {1, 3}], [{8, 6}, {4, 7}, {2, 5}, {3}, {1}], [{8, 6}, {4, 7}, {3, 5}, {1, 2}], [{8, 6}, {5, 7}, {1, 4}, {2, 3}], [{8, 6}, {5, 7}, {2, 4}, {1, 3}], [{8, 6}, {5, 7}, {3, 4}, {1, 2}], [{8, 6}, {7}, {1, 5}, {4}, {2, 3}], [{8, 6}, {7}, {4, 5}, {3}, {1, 2}], [{8, 7}, {1, 6}, {2, 5}, {3, 4}], [{8, 7}, {1, 6}, {3, 5}, {2, 4}], [{8, 7}, {1, 6}, {3, 5}, {4}, {2}], [{8, 7}, {1, 6}, {4, 5}, {2, 3}], [{8, 7}, {2, 6}, {1, 5}, {3, 4}], [{8, 7}, {2, 6}, {3, 5}, {1, 4}], [{8, 7}, {2, 6}, {4, 5}, {1, 3}], [{8, 7}, {3, 6}, {1, 5}, {2, 4}], [{8, 7}, {3, 6}, {2, 5}, {1, 4}], [{8, 7}, {3, 6}, {4, 5}, {1, 2}], [{8, 7}, {3, 6}, {4, 5}, {2}, {1}], [{8, 7}, {4, 6}, {1, 5}, {2, 3}], [{8, 7}, {4, 6}, {2, 5}, {1, 3}], [{8, 7}, {4, 6}, {3, 5}, {1, 2}], [{8, 7}, {4, 6}, {3, 5}, {2}, {1}], [{8, 7}, {5, 6}, {1, 4}, {2, 3}], [{8, 7}, {5, 6}, {2, 4}, {1, 3}], [{8, 7}, {5, 6}, {3, 4}, {1, 2}], [{8, 7}, {5, 6}, {4}, {3}, {1, 2}], [{8, 7}, {6}, {1, 5}, {3, 4}, {2}], [{8, 7}, {6}, {3, 5}, {1, 4}, {2}], [{8}, {1, 7}, {2, 6}, {3, 5}, {4}], [{8}, {1, 7}, {3, 6}, {2, 5}, {4}], [{8}, {1, 7}, {5, 6}, {3, 4}, {2}], [{8}, {2, 7}, {1, 6}, {3, 5}, {4}], [{8}, {2, 7}, {1, 6}, {4, 5}, {3}], [{8}, {2, 7}, {1, 6}, {5}, {3, 4}], [{8}, {2, 7}, {1, 6}, {5}, {4}, {3}], [{8}, {2, 7}, {4, 6}, {1, 5}, {3}], [{8}, {2, 7}, {5, 6}, {1, 4}, {3}], [{8}, {3, 7}, {1, 6}, {2, 5}, {4}], [{8}, {3, 7}, {4, 6}, {1, 5}, {2}], [{8}, {4, 7}, {1, 6}, {3, 5}, {2}], [{8}, {4, 7}, {5, 6}, {3}, {1, 2}], [{8}, {5, 7}, {1, 6}, {4}, {2, 3}], [{8}, {5, 7}, {4, 6}, {3}, {1, 2}], [{8}, {6, 7}, {2, 5}, {4}, {1, 3}], [{8}, {6, 7}, {3, 5}, {4}, {1, 2}], [{8}, {7}, {1, 6}, {3, 5}, {2, 4}], [{8}, {7}, {1, 6}, {3, 5}, {4}, {2}], [{8}, {7}, {4, 6}, {1, 5}, {2, 3}]]",2,- 8 K_1^4 + 20 K_1^3 + 12 K_1^2 K_2 - 14 K_1^2 - 28 K_1 K_2 - 4 K_1 K_3 - K_1 - 6 K_2^2 + 7 K_2 + 9 K_3 + 3 K_4 + 11,O1O2O3O4U3U5O6U7O8O7U1U8U6U4O5U2,O1O2O3O4U5U3O5U2O6O7U1U7U8U4O8U6,O1O2O3O4U5O6U1U6U7U4O7O5U3O8U2U8,c,{'O1O2O3O4U3O5U1U6U7U4O8O7U8O6U5U2'},1,"<a href=""/flatknot/8.733543"">8.733543</a>",t^9-59t^7-210t^6-82t^5+308t^4+236t^3+60t^2+39t+10,-t^2+2t,,
8.733544,O1O2O3O4U3O5U2U1U4U6O7O6U5O8U7U8,4,2z^3+32z^2+103z+95,2w^4z^3+32w^3z^2+103w^2z+95w,False,False,"[[ 0 -2 -2 -1  2  2  1 -1  1],[ 2  0  0  0  3  3  2  1  0],[ 2  0  0  0  2  2  2  1  0],[ 1  0  0  0  1  1  1  0  0],[-2 -3 -2 -1  0  1 -2  1  0],[-2 -3 -2 -1 -1  0 -2  0  1],[-1 -2 -2 -1  2  2  0 -1  0],[ 1 -1 -1  0 -1  0  1  0  1],[-1  0  0  0  0 -1  0 -1  0]]","[[ 0  2  2  1  1 -1 -1 -2 -2],[-2  0  1  0 -2  1 -1 -2 -3],[-2 -1  0  1 -2  0 -1 -2 -3],[-1  0 -1  0  0 -1  0  0  0],[-1  2  2  0  0 -1 -1 -2 -2],[ 1 -1  0  1  1  0  0 -1 -1],[ 1  1  1  0  1  0  0  0  0],[ 2  2  2  0  2  1  0  0  0],[ 2  3  3  0  2  1  0  0  0]]",True,"[-2,-2,-1,-1,1,1,2,2,-1,0,2,-1,1,2,3,-1,2,0,1,2,3,0,1,0,0,0,1,1,2,2,0,1,1,0,0,0]","[-2,-2,-1,-1,1,1,2,2,-1,-1,2,2,3,1,2,-1,1,2,4,1,2,0,1,1,1,1,2,1,3,3,0,1,1,0,0,0]",t^8+52t^6+242t^4+67t^2+1,"[-2,-2,-1,-1,1,1,2,2,0,0,1,1,3,1,1,0,1,1,3,2,2,0,1,1,3,4,1,2,2,2,0,-1,-1,2,1,1]","[-2,-2,-1,-1,1,1,2,2,-1,-1,2,2,3,1,2,-1,1,2,4,1,2,0,1,1,1,1,2,1,3,3,0,1,1,0,0,0]","[-2,-2,-1,-1,1,1,2,2,0,0,1,0,2,2,2,0,1,0,2,3,3,0,0,1,1,1,1,1,-1,0,0,0,-1,2,2,1]",c,"[[{8, 7}, {3, 6}, {1, 5}, {2, 4}]]",1,4 K_1^3 + 4 K_1^2 K_2 - 2 K_1^2 - 12 K_1 K_2 - 6 K_1 K_3 + 3 K_1 - 2 K_2^2 + 2 K_2 + 5 K_3 + 3 K_4 + 2,O1O2O3O4U5U6O5U7O8O6U8U1U4U3O7U2,O1O2O3O4U5U4O6U7O5O7U2U1U8U3O8U6,O1O2O3O4U5O6U2U6U4U3O7O8U7O5U1U8,c,{'O1O2O3O4U3O5U2U1U4U6O7O6U5O8U7U8'},1,"<a href=""/flatknot/8.733544"">8.733544</a>",t^9-52t^7-126t^6+44t^5+108t^4-122t^3+56t^2+18t-2,0,,
8.733545,O1O2O3O4U3O5U2U1U4U6O7O8U5O6U8U7,4,3z^3+36z^2+108z+97,3w^4z^3+36w^3z^2+108w^2z+97w,False,False,"[[ 0 -2 -2 -1  2  2  1  0  0],[ 2  0  0  0  3  3  1  1  1],[ 2  0  0  0  2  2  1  1  1],[ 1  0  0  0  1  1  1  0  0],[-2 -3 -2 -1  0  1 -3  1  1],[-2 -3 -2 -1 -1  0 -2  1  0],[-1 -1 -1 -1  3  2  0 -1  0],[ 0 -1 -1  0 -1 -1  1  0  0],[ 0 -1 -1  0 -1  0  0  0  0]]","[[ 0  2  2  1  0  0 -1 -2 -2],[-2  0  1 -3  1  1 -1 -2 -3],[-2 -1  0 -2  1  0 -1 -2 -3],[-1  3  2  0 -1  0 -1 -1 -1],[ 0 -1 -1  1  0  0  0 -1 -1],[ 0 -1  0  0  0  0  0 -1 -1],[ 1  1  1  1  0  0  0  0  0],[ 2  2  2  1  1  1  0  0  0],[ 2  3  3  1  1  1  0  0  0]]",True,"[-2,-2,-1,0,0,1,2,2,-1,3,-1,-1,1,2,3,2,-1,0,1,2,3,1,0,1,1,1,0,0,1,1,0,1,1,0,0,0]","[-2,-2,-1,0,0,1,2,2,-1,-1,2,3,2,1,2,-2,3,3,2,1,2,1,0,1,2,2,0,1,1,1,1,1,1,1,1,0]",t^8+53t^6+270t^4+98t^2+1,"[-2,-2,-1,0,0,1,2,2,0,1,1,1,2,1,1,1,1,1,2,2,2,1,1,1,2,2,0,0,3,3,1,2,3,-1,-2,1]","[-2,-2,-1,0,0,1,2,2,-1,-1,2,3,2,1,2,-2,3,3,2,1,2,1,0,1,2,2,0,1,1,1,1,1,1,1,1,0]","[-2,-2,-1,0,0,1,2,2,0,0,1,1,1,2,2,0,1,1,1,3,3,0,0,1,1,1,0,0,-1,0,1,-1,-1,3,2,1]",c,"[[{8, 1}, {2, 7}, {3, 6}, {4, 5}], [{8, 1}, {2, 7}, {4, 6}, {3, 5}], [{8, 1}, {2, 7}, {5, 6}, {3, 4}], [{8, 1}, {2, 7}, {5, 6}, {4}, {3}], [{8, 1}, {3, 7}, {2, 6}, {4, 5}], [{8, 1}, {3, 7}, {4, 6}, {2, 5}], [{8, 1}, {3, 7}, {5, 6}, {2, 4}], [{8, 1}, {4, 7}, {2, 6}, {3, 5}], [{8, 1}, {4, 7}, {3, 6}, {2, 5}], [{8, 1}, {4, 7}, {5, 6}, {2, 3}], [{8, 1}, {5, 7}, {2, 6}, {3, 4}], [{8, 1}, {5, 7}, {2, 6}, {4}, {3}], [{8, 1}, {5, 7}, {3, 6}, {2, 4}], [{8, 1}, {5, 7}, {4, 6}, {2, 3}], [{8, 1}, {6, 7}, {2, 5}, {3, 4}], [{8, 1}, {6, 7}, {2, 5}, {4}, {3}], [{8, 1}, {6, 7}, {3, 5}, {2, 4}], [{8, 1}, {6, 7}, {3, 5}, {4}, {2}], [{8, 1}, {6, 7}, {4, 5}, {2, 3}], [{8, 1}, {6, 7}, {5}, {4}, {2, 3}], [{8, 1}, {7}, {3, 6}, {5}, {2, 4}], [{8, 1}, {7}, {5, 6}, {3, 4}, {2}], [{8, 2}, {1, 7}, {3, 6}, {4, 5}], [{8, 2}, {1, 7}, {3, 6}, {5}, {4}], [{8, 2}, {1, 7}, {4, 6}, {3, 5}], [{8, 2}, {1, 7}, {4, 6}, {5}, {3}], [{8, 2}, {1, 7}, {5, 6}, {3, 4}], [{8, 2}, {1, 7}, {5, 6}, {4}, {3}], [{8, 2}, {1, 7}, {6}, {3, 5}, {4}], [{8, 2}, {1, 7}, {6}, {4, 5}, {3}], [{8, 2}, {1, 7}, {6}, {5}, {3, 4}], [{8, 2}, {1, 7}, {6}, {5}, {4}, {3}], [{8, 2}, {3, 7}, {1, 6}, {4, 5}], [{8, 2}, {3, 7}, {4, 6}, {1, 5}], [{8, 2}, {3, 7}, {5, 6}, {1, 4}], [{8, 2}, {4, 7}, {1, 6}, {3, 5}], [{8, 2}, {4, 7}, {1, 6}, {5}, {3}], [{8, 2}, {4, 7}, {3, 6}, {1, 5}], [{8, 2}, {4, 7}, {5, 6}, {1, 3}], [{8, 2}, {5, 7}, {1, 6}, {3, 4}], [{8, 2}, {5, 7}, {3, 6}, {1, 4}], [{8, 2}, {5, 7}, {4, 6}, {1, 3}], [{8, 2}, {6, 7}, {1, 5}, {3, 4}], [{8, 2}, {6, 7}, {3, 5}, {1, 4}], [{8, 2}, {6, 7}, {4, 5}, {1, 3}], [{8, 2}, {6, 7}, {5}, {1, 4}, {3}], [{8, 2}, {7}, {5, 6}, {3, 4}, {1}], [{8, 3}, {1, 7}, {2, 6}, {4, 5}], [{8, 3}, {1, 7}, {4, 6}, {2, 5}], [{8, 3}, {1, 7}, {5, 6}, {2, 4}], [{8, 3}, {2, 7}, {1, 6}, {4, 5}], [{8, 3}, {2, 7}, {4, 6}, {1, 5}], [{8, 3}, {2, 7}, {5, 6}, {1, 4}], [{8, 3}, {4, 7}, {1, 6}, {2, 5}], [{8, 3}, {4, 7}, {2, 6}, {1, 5}], [{8, 3}, {4, 7}, {5, 6}, {1, 2}], [{8, 3}, {5, 7}, {1, 6}, {2, 4}], [{8, 3}, {5, 7}, {2, 6}, {1, 4}], [{8, 3}, {5, 7}, {4, 6}, {1, 2}], [{8, 3}, {6, 7}, {1, 5}, {2, 4}], [{8, 3}, {6, 7}, {2, 5}, {1, 4}], [{8, 3}, {6, 7}, {4, 5}, {1, 2}], [{8, 3}, {7}, {6}, {1, 5}, {2, 4}], [{8, 4}, {1, 7}, {2, 6}, {3, 5}], [{8, 4}, {1, 7}, {3, 6}, {2, 5}], [{8, 4}, {1, 7}, {5, 6}, {2, 3}], [{8, 4}, {1, 7}, {6}, {3, 5}, {2}], [{8, 4}, {2, 7}, {1, 6}, {3, 5}], [{8, 4}, {2, 7}, {3, 6}, {1, 5}], [{8, 4}, {2, 7}, {5, 6}, {1, 3}], [{8, 4}, {3, 7}, {1, 6}, {2, 5}], [{8, 4}, {3, 7}, {2, 6}, {1, 5}], [{8, 4}, {3, 7}, {5, 6}, {1, 2}], [{8, 4}, {5, 7}, {1, 6}, {2, 3}], [{8, 4}, {5, 7}, {1, 6}, {3}, {2}], [{8, 4}, {5, 7}, {2, 6}, {1, 3}], [{8, 4}, {5, 7}, {3, 6}, {1, 2}], [{8, 4}, {6, 7}, {1, 5}, {2, 3}], [{8, 4}, {6, 7}, {1, 5}, {3}, {2}], [{8, 4}, {6, 7}, {2, 5}, {1, 3}], [{8, 4}, {6, 7}, {3, 5}, {1, 2}], [{8, 5}, {1, 7}, {2, 6}, {3, 4}], [{8, 5}, {1, 7}, {2, 6}, {4}, {3}], [{8, 5}, {1, 7}, {3, 6}, {2, 4}], [{8, 5}, {1, 7}, {4, 6}, {2, 3}], [{8, 5}, {1, 7}, {6}, {3, 4}, {2}], [{8, 5}, {2, 7}, {1, 6}, {3, 4}], [{8, 5}, {2, 7}, {3, 6}, {1, 4}], [{8, 5}, {2, 7}, {3, 6}, {4}, {1}], [{8, 5}, {2, 7}, {4, 6}, {1, 3}], [{8, 5}, {3, 7}, {1, 6}, {2, 4}], [{8, 5}, {3, 7}, {1, 6}, {4}, {2}], [{8, 5}, {3, 7}, {2, 6}, {1, 4}], [{8, 5}, {3, 7}, {4, 6}, {1, 2}], [{8, 5}, {4, 7}, {1, 6}, {2, 3}], [{8, 5}, {4, 7}, {2, 6}, {1, 3}], [{8, 5}, {4, 7}, {3, 6}, {1, 2}], [{8, 5}, {4, 7}, {3, 6}, {2}, {1}], [{8, 5}, {6, 7}, {1, 4}, {2, 3}], [{8, 5}, {6, 7}, {2, 4}, {1, 3}], [{8, 5}, {6, 7}, {3, 4}, {1, 2}], [{8, 5}, {6, 7}, {4}, {1, 3}, {2}], [{8, 5}, {7}, {2, 6}, {3, 4}, {1}], [{8, 5}, {7}, {3, 6}, {2, 4}, {1}], [{8, 6}, {1, 7}, {2, 5}, {3, 4}], [{8, 6}, {1, 7}, {2, 5}, {4}, {3}], [{8, 6}, {1, 7}, {3, 5}, {2, 4}], [{8, 6}, {1, 7}, {4, 5}, {2, 3}], [{8, 6}, {1, 7}, {5}, {3, 4}, {2}], [{8, 6}, {2, 7}, {1, 5}, {3, 4}], [{8, 6}, {2, 7}, {3, 5}, {1, 4}], [{8, 6}, {2, 7}, {4, 5}, {1, 3}], [{8, 6}, {3, 7}, {1, 5}, {2, 4}], [{8, 6}, {3, 7}, {1, 5}, {4}, {2}], [{8, 6}, {3, 7}, {2, 5}, {1, 4}], [{8, 6}, {3, 7}, {4, 5}, {1, 2}], [{8, 6}, {3, 7}, {5}, {2, 4}, {1}], [{8, 6}, {4, 7}, {1, 5}, {2, 3}], [{8, 6}, {4, 7}, {2, 5}, {1, 3}], [{8, 6}, {4, 7}, {3, 5}, {1, 2}], [{8, 6}, {4, 7}, {5}, {1, 3}, {2}], [{8, 6}, {5, 7}, {1, 4}, {2, 3}], [{8, 6}, {5, 7}, {2, 4}, {1, 3}], [{8, 6}, {5, 7}, {3, 4}, {1, 2}], [{8, 6}, {5, 7}, {4}, {1, 3}, {2}], [{8, 6}, {7}, {1, 5}, {2, 4}, {3}], [{8, 6}, {7}, {2, 5}, {3, 4}, {1}], [{8, 6}, {7}, {4, 5}, {1, 3}, {2}], [{8, 7}, {1, 6}, {2, 5}, {3, 4}], [{8, 7}, {1, 6}, {3, 5}, {2, 4}], [{8, 7}, {1, 6}, {4, 5}, {2, 3}], [{8, 7}, {1, 6}, {5}, {4}, {2, 3}], [{8, 7}, {2, 6}, {1, 5}, {3, 4}], [{8, 7}, {2, 6}, {3, 5}, {1, 4}], [{8, 7}, {2, 6}, {4, 5}, {1, 3}], [{8, 7}, {3, 6}, {1, 5}, {2, 4}], [{8, 7}, {3, 6}, {2, 5}, {1, 4}], [{8, 7}, {3, 6}, {4, 5}, {1, 2}], [{8, 7}, {3, 6}, {5}, {4}, {1, 2}], [{8, 7}, {4, 6}, {1, 5}, {2, 3}], [{8, 7}, {4, 6}, {2, 5}, {1, 3}], [{8, 7}, {4, 6}, {3, 5}, {1, 2}], [{8, 7}, {5, 6}, {1, 4}, {2, 3}], [{8, 7}, {5, 6}, {2, 4}, {1, 3}], [{8, 7}, {5, 6}, {3, 4}, {1, 2}], [{8, 7}, {5, 6}, {3, 4}, {2}, {1}], [{8, 7}, {6}, {3, 5}, {1, 4}, {2}], [{8}, {1, 7}, {2, 6}, {5}, {3, 4}], [{8}, {1, 7}, {5, 6}, {3, 4}, {2}], [{8}, {1, 7}, {6}, {2, 5}, {3, 4}], [{8}, {1, 7}, {6}, {3, 5}, {2, 4}], [{8}, {2, 7}, {5, 6}, {3, 4}, {1}], [{8}, {6, 7}, {3, 5}, {2, 4}, {1}], [{8}, {7}, {1, 6}, {3, 5}, {2, 4}], [{8}, {7}, {2, 6}, {3, 5}, {1, 4}], [{8}, {7}, {3, 6}, {1, 5}, {2, 4}], [{8}, {7}, {3, 6}, {2, 5}, {1, 4}], [{8}, {7}, {5, 6}, {1, 4}, {2, 3}], [{8}, {7}, {5, 6}, {2, 4}, {1, 3}], [{8}, {7}, {5, 6}, {3, 4}, {1, 2}], [{8}, {7}, {5, 6}, {3, 4}, {2}, {1}]]",2,1,O1O2O3O4U5U6O7U8O6O5U7U1U4U3O8U2,O1O2O3O4U5U6O7U4O6O5U2U1U8U3O8U7,O1O2O3O4U5O6U2U6U4U3O7O8U1O5U8U7,c,{'O1O2O3O4U3O5U2U1U4U6O7O8U5O6U8U7'},1,"<a href=""/flatknot/8.733545"">8.733545</a>",t^9-53t^7-118t^6+104t^5+198t^4-93t^3-112t^2+31t-2,0,,
8.733546,O1O2O3O4U3O5U2U1U6U4O6O7U5O8U7U8,4,24z^2+93z+91,-8w^4z^2+32w^3z^2-8w^3z+101w^2z+91w,False,False,"[[ 0 -2 -2 -1  3  2 -1  0  1],[ 2  0  0  0  3  3  1  1  0],[ 2  0  0  0  2  2  1  1  0],[ 1  0  0  0  1  1  0  0  0],[-3 -3 -2 -1  0  0 -3  1  0],[-2 -3 -2 -1  0  0 -2  1  1],[ 1 -1 -1  0  3  2  0  0  1],[ 0 -1 -1  0 -1 -1  0  0  1],[-1  0  0  0  0 -1 -1 -1  0]]","[[ 0  3  2  1  0 -1 -1 -2 -2],[-3  0  0  0  1 -1 -3 -2 -3],[-2  0  0  1  1 -1 -2 -2 -3],[-1  0 -1  0 -1  0 -1  0  0],[ 0 -1 -1  1  0  0  0 -1 -1],[ 1  1  1  0  0  0  0  0  0],[ 1  3  2  1  0  0  0 -1 -1],[ 2  2  2  0  1  0  1  0  0],[ 2  3  3  0  1  0  1  0  0]]",True,"[-3,-2,-1,0,1,1,2,2,0,0,-1,1,3,2,3,-1,-1,1,2,2,3,1,0,1,0,0,0,0,1,1,0,0,0,1,1,0]","[-3,-2,-1,0,1,1,2,2,0,0,-1,1,3,2,3,-1,-1,1,2,2,3,1,0,1,0,0,0,0,1,1,0,0,0,1,1,0]",t^8+50t^6+166t^4+15t^2,"[-2,-2,-1,-1,0,1,2,3,0,0,1,1,3,1,2,0,1,1,3,2,3,0,1,1,1,1,1,2,2,3,0,3,4,2,2,1]","[-3,-2,-1,0,1,1,2,2,1,2,4,1,3,2,3,2,3,1,2,1,2,0,1,2,3,3,1,1,1,1,0,0,0,1,1,0]","[-2,-2,-1,-1,0,1,2,3,0,0,1,1,0,2,2,0,1,1,0,3,3,0,0,0,1,1,0,1,2,3,1,-1,-1,-1,0,0]",c,"[[{8, 1}, {2, 7}, {3, 6}, {4, 5}], [{8, 1}, {2, 7}, {4, 6}, {3, 5}], [{8, 1}, {2, 7}, {5, 6}, {3, 4}], [{8, 1}, {3, 7}, {2, 6}, {4, 5}], [{8, 1}, {3, 7}, {4, 6}, {2, 5}], [{8, 1}, {3, 7}, {4, 6}, {5}, {2}], [{8, 1}, {3, 7}, {5, 6}, {2, 4}], [{8, 1}, {4, 7}, {2, 6}, {3, 5}], [{8, 1}, {4, 7}, {3, 6}, {2, 5}], [{8, 1}, {4, 7}, {3, 6}, {5}, {2}], [{8, 1}, {4, 7}, {5, 6}, {2, 3}], [{8, 1}, {5, 7}, {2, 6}, {3, 4}], [{8, 1}, {5, 7}, {3, 6}, {2, 4}], [{8, 1}, {5, 7}, {4, 6}, {2, 3}], [{8, 1}, {5, 7}, {6}, {3, 4}, {2}], [{8, 1}, {6, 7}, {2, 5}, {3, 4}], [{8, 1}, {6, 7}, {3, 5}, {2, 4}], [{8, 1}, {6, 7}, {4, 5}, {2, 3}], [{8, 1}, {7}, {2, 6}, {3, 5}, {4}], [{8, 1}, {7}, {5, 6}, {2, 4}, {3}], [{8, 2}, {1, 7}, {3, 6}, {4, 5}], [{8, 2}, {1, 7}, {4, 6}, {3, 5}], [{8, 2}, {1, 7}, {4, 6}, {5}, {3}], [{8, 2}, {1, 7}, {5, 6}, {3, 4}], [{8, 2}, {3, 7}, {1, 6}, {4, 5}], [{8, 2}, {3, 7}, {4, 6}, {1, 5}], [{8, 2}, {3, 7}, {5, 6}, {1, 4}], [{8, 2}, {4, 7}, {1, 6}, {3, 5}], [{8, 2}, {4, 7}, {3, 6}, {1, 5}], [{8, 2}, {4, 7}, {5, 6}, {1, 3}], [{8, 2}, {4, 7}, {6}, {1, 5}, {3}], [{8, 2}, {4, 7}, {6}, {3, 5}, {1}], [{8, 2}, {4, 7}, {6}, {5}, {1, 3}], [{8, 2}, {5, 7}, {1, 6}, {3, 4}], [{8, 2}, {5, 7}, {3, 6}, {1, 4}], [{8, 2}, {5, 7}, {4, 6}, {1, 3}], [{8, 2}, {6, 7}, {1, 5}, {3, 4}], [{8, 2}, {6, 7}, {3, 5}, {1, 4}], [{8, 2}, {6, 7}, {3, 5}, {4}, {1}], [{8, 2}, {6, 7}, {4, 5}, {1, 3}], [{8, 2}, {6, 7}, {5}, {1, 4}, {3}], [{8, 2}, {7}, {3, 6}, {1, 5}, {4}], [{8, 2}, {7}, {4, 6}, {3, 5}, {1}], [{8, 3}, {1, 7}, {2, 6}, {4, 5}], [{8, 3}, {1, 7}, {4, 6}, {2, 5}], [{8, 3}, {1, 7}, {5, 6}, {2, 4}], [{8, 3}, {2, 7}, {1, 6}, {4, 5}], [{8, 3}, {2, 7}, {4, 6}, {1, 5}], [{8, 3}, {2, 7}, {5, 6}, {1, 4}], [{8, 3}, {4, 7}, {1, 6}, {2, 5}], [{8, 3}, {4, 7}, {2, 6}, {1, 5}], [{8, 3}, {4, 7}, {5, 6}, {1, 2}], [{8, 3}, {5, 7}, {1, 6}, {2, 4}], [{8, 3}, {5, 7}, {2, 6}, {1, 4}], [{8, 3}, {5, 7}, {4, 6}, {1, 2}], [{8, 3}, {6, 7}, {1, 5}, {2, 4}], [{8, 3}, {6, 7}, {2, 5}, {1, 4}], [{8, 3}, {6, 7}, {4, 5}, {1, 2}], [{8, 3}, {7}, {2, 6}, {1, 5}, {4}], [{8, 3}, {7}, {4, 6}, {1, 5}, {2}], [{8, 3}, {7}, {6}, {1, 5}, {2, 4}], [{8, 4}, {1, 7}, {2, 6}, {3, 5}], [{8, 4}, {1, 7}, {3, 6}, {2, 5}], [{8, 4}, {1, 7}, {3, 6}, {5}, {2}], [{8, 4}, {1, 7}, {5, 6}, {2, 3}], [{8, 4}, {2, 7}, {1, 6}, {3, 5}], [{8, 4}, {2, 7}, {3, 6}, {1, 5}], [{8, 4}, {2, 7}, {5, 6}, {1, 3}], [{8, 4}, {2, 7}, {6}, {3, 5}, {1}], [{8, 4}, {3, 7}, {1, 6}, {2, 5}], [{8, 4}, {3, 7}, {2, 6}, {1, 5}], [{8, 4}, {3, 7}, {5, 6}, {1, 2}], [{8, 4}, {3, 7}, {5, 6}, {2}, {1}], [{8, 4}, {5, 7}, {1, 6}, {2, 3}], [{8, 4}, {5, 7}, {2, 6}, {1, 3}], [{8, 4}, {5, 7}, {3, 6}, {1, 2}], [{8, 4}, {6, 7}, {1, 5}, {2, 3}], [{8, 4}, {6, 7}, {1, 5}, {3}, {2}], [{8, 4}, {6, 7}, {2, 5}, {1, 3}], [{8, 4}, {6, 7}, {3, 5}, {1, 2}], [{8, 4}, {6, 7}, {3, 5}, {2}, {1}], [{8, 4}, {6, 7}, {5}, {1, 3}, {2}], [{8, 4}, {7}, {2, 6}, {3, 5}, {1}], [{8, 5}, {1, 7}, {2, 6}, {3, 4}], [{8, 5}, {1, 7}, {3, 6}, {2, 4}], [{8, 5}, {1, 7}, {4, 6}, {2, 3}], [{8, 5}, {1, 7}, {6}, {3, 4}, {2}], [{8, 5}, {2, 7}, {1, 6}, {3, 4}], [{8, 5}, {2, 7}, {3, 6}, {1, 4}], [{8, 5}, {2, 7}, {4, 6}, {1, 3}], [{8, 5}, {3, 7}, {1, 6}, {2, 4}], [{8, 5}, {3, 7}, {2, 6}, {1, 4}], [{8, 5}, {3, 7}, {4, 6}, {1, 2}], [{8, 5}, {3, 7}, {6}, {2, 4}, {1}], [{8, 5}, {4, 7}, {1, 6}, {2, 3}], [{8, 5}, {4, 7}, {2, 6}, {1, 3}], [{8, 5}, {4, 7}, {3, 6}, {1, 2}], [{8, 5}, {6, 7}, {1, 4}, {2, 3}], [{8, 5}, {6, 7}, {2, 4}, {1, 3}], [{8, 5}, {6, 7}, {3, 4}, {1, 2}], [{8, 5}, {6, 7}, {3, 4}, {2}, {1}], [{8, 5}, {7}, {1, 6}, {3, 4}, {2}], [{8, 5}, {7}, {2, 6}, {4}, {1, 3}], [{8, 5}, {7}, {3, 6}, {4}, {1, 2}], [{8, 5}, {7}, {4, 6}, {2, 3}, {1}], [{8, 6}, {1, 7}, {2, 5}, {3, 4}], [{8, 6}, {1, 7}, {3, 5}, {2, 4}], [{8, 6}, {1, 7}, {4, 5}, {2, 3}], [{8, 6}, {2, 7}, {1, 5}, {3, 4}], [{8, 6}, {2, 7}, {3, 5}, {1, 4}], [{8, 6}, {2, 7}, {3, 5}, {4}, {1}], [{8, 6}, {2, 7}, {4, 5}, {1, 3}], [{8, 6}, {3, 7}, {1, 5}, {2, 4}], [{8, 6}, {3, 7}, {2, 5}, {1, 4}], [{8, 6}, {3, 7}, {4, 5}, {1, 2}], [{8, 6}, {4, 7}, {1, 5}, {2, 3}], [{8, 6}, {4, 7}, {2, 5}, {1, 3}], [{8, 6}, {4, 7}, {3, 5}, {1, 2}], [{8, 6}, {4, 7}, {3, 5}, {2}, {1}], [{8, 6}, {5, 7}, {1, 4}, {2, 3}], [{8, 6}, {5, 7}, {2, 4}, {1, 3}], [{8, 6}, {5, 7}, {3, 4}, {1, 2}], [{8, 6}, {5, 7}, {4}, {1, 3}, {2}], [{8, 6}, {7}, {3, 5}, {2, 4}, {1}], [{8, 6}, {7}, {5}, {1, 4}, {2, 3}], [{8, 7}, {1, 6}, {2, 5}, {3, 4}], [{8, 7}, {1, 6}, {3, 5}, {2, 4}], [{8, 7}, {1, 6}, {3, 5}, {4}, {2}], [{8, 7}, {1, 6}, {4, 5}, {2, 3}], [{8, 7}, {2, 6}, {1, 5}, {3, 4}], [{8, 7}, {2, 6}, {3, 5}, {1, 4}], [{8, 7}, {2, 6}, {3, 5}, {4}, {1}], [{8, 7}, {2, 6}, {4, 5}, {1, 3}], [{8, 7}, {2, 6}, {4, 5}, {3}, {1}], [{8, 7}, {2, 6}, {5}, {3, 4}, {1}], [{8, 7}, {3, 6}, {1, 5}, {2, 4}], [{8, 7}, {3, 6}, {2, 5}, {1, 4}], [{8, 7}, {3, 6}, {4, 5}, {1, 2}], [{8, 7}, {3, 6}, {5}, {1, 4}, {2}], [{8, 7}, {3, 6}, {5}, {2, 4}, {1}], [{8, 7}, {3, 6}, {5}, {4}, {1, 2}], [{8, 7}, {4, 6}, {1, 5}, {2, 3}], [{8, 7}, {4, 6}, {2, 5}, {1, 3}], [{8, 7}, {4, 6}, {3, 5}, {1, 2}], [{8, 7}, {4, 6}, {3, 5}, {2}, {1}], [{8, 7}, {5, 6}, {1, 4}, {2, 3}], [{8, 7}, {5, 6}, {1, 4}, {3}, {2}], [{8, 7}, {5, 6}, {2, 4}, {1, 3}], [{8, 7}, {5, 6}, {2, 4}, {3}, {1}], [{8, 7}, {5, 6}, {3, 4}, {1, 2}], [{8, 7}, {5, 6}, {4}, {3}, {1, 2}], [{8, 7}, {6}, {3, 5}, {1, 4}, {2}], [{8, 7}, {6}, {3, 5}, {2, 4}, {1}], [{8, 7}, {6}, {3, 5}, {4}, {1, 2}], [{8, 7}, {6}, {3, 5}, {4}, {2}, {1}], [{8}, {1, 7}, {2, 6}, {3, 5}, {4}], [{8}, {1, 7}, {3, 6}, {2, 5}, {4}], [{8}, {1, 7}, {5, 6}, {2, 4}, {3}], [{8}, {2, 7}, {4, 6}, {1, 5}, {3}], [{8}, {2, 7}, {4, 6}, {3, 5}, {1}], [{8}, {2, 7}, {4, 6}, {5}, {1, 3}], [{8}, {3, 7}, {4, 6}, {2, 5}, {1}], [{8}, {4, 7}, {1, 6}, {5}, {2, 3}], [{8}, {4, 7}, {2, 6}, {3, 5}, {1}], [{8}, {4, 7}, {3, 6}, {2, 5}, {1}], [{8}, {5, 7}, {3, 6}, {4}, {1, 2}], [{8}, {6, 7}, {2, 5}, {4}, {1, 3}], [{8}, {6, 7}, {3, 5}, {2, 4}, {1}], [{8}, {7}, {2, 6}, {3, 5}, {1, 4}], [{8}, {7}, {2, 6}, {3, 5}, {4}, {1}], [{8}, {7}, {3, 6}, {2, 5}, {1, 4}]]",2,8 K_1^3 - 2 K_1^2 - 10 K_1 K_2 - K_1 - 4 K_2^2 + K_2 + 3 K_3 + 2 K_4 + 4,O1O2O3O4U5U6O5U7O6O8U1U8U4U3O7U2,O1O2O3O4U3U5O6U7O5O7U2U1U8U4O8U6,O1O2O3O4U5O6U1U6U4U3O7O8U7O5U8U2,c,{'O1O2O3O4U3O5U2U1U6U4O6O7U5O8U7U8'},1,"<a href=""/flatknot/8.733546"">8.733546</a>",t^9-46t^7-80t^6+93t^5+110t^4-34t^3-14t^2+2t,-t^3+t^2+t,,
8.733547,O1O2O3O4U3O5U2U1U6U7O6O7U4O8U5U8,4,6z^3+45z^2+112z+93,6w^4z^3+45w^3z^2+112w^2z+93w,False,False,"[[ 0 -2 -2 -1  2  2 -1  1  1],[ 2  0  0  0  3  3  2  2  1],[ 2  0  0  0  2  2  2  2  1],[ 1  0  0  0  1  1  1  1  0],[-2 -3 -2 -1  0  1 -3 -1  1],[-2 -3 -2 -1 -1  0 -3 -1  1],[ 1 -2 -2 -1  3  3  0  1  1],[-1 -2 -2 -1  1  1 -1  0  1],[-1 -1 -1  0 -1 -1 -1 -1  0]]","[[ 0  2  2  1  1 -1 -1 -2 -2],[-2  0  1  1 -1 -1 -3 -2 -3],[-2 -1  0  1 -1 -1 -3 -2 -3],[-1 -1 -1  0 -1  0 -1 -1 -1],[-1  1  1  1  0 -1 -1 -2 -2],[ 1  1  1  0  1  0  1  0  0],[ 1  3  3  1  1 -1  0 -2 -2],[ 2  2  2  1  2  0  2  0  0],[ 2  3  3  1  2  0  2  0  0]]",True,"[-2,-2,-1,-1,1,1,2,2,-1,-1,1,1,3,2,3,-1,1,1,3,2,3,1,0,1,1,1,1,1,2,2,-1,0,0,2,2,0]","[-2,-2,-1,-1,1,1,2,2,-1,-1,1,1,3,2,3,-1,1,1,3,2,3,1,0,1,1,1,1,1,2,2,-1,0,0,2,2,0]",t^8+74t^6+97t^4+16t^2,"[-2,-2,-1,-1,1,1,2,2,0,-1,1,1,2,1,1,-1,1,1,2,2,2,1,1,1,0,0,1,2,2,2,-1,0,0,2,2,-1]","[-2,-2,-1,-1,1,1,2,2,-1,0,2,0,2,1,2,0,2,0,2,1,2,1,1,1,1,1,1,2,2,2,-1,-1,-1,1,1,0]","[-2,-2,-1,-1,1,1,2,2,0,0,2,1,2,2,2,0,2,1,2,3,3,1,0,1,1,1,1,1,3,3,-1,-1,-1,1,1,-1]",c,"[[{8, 3}, {6, 7}, {1, 5}, {2, 4}], [{8, 3}, {6, 7}, {2, 5}, {1, 4}], [{8, 6}, {3, 7}, {1, 5}, {2, 4}]]",1,8 K_1^3 + 8 K_1^2 K_2 - 16 K_1^2 - 12 K_1 K_2 - 8 K_1 K_3 + 8 K_2 + 4 K_3 + 2 K_4 + 7,O1O2O3O4U5U6O5U1O7O8U7U8U4U3O6U2,O1O2O3O4U3U4O5U6O7O6U2U1U8U5O8U7,O1O2O3O4U5O6U7U6U4U3O8O5U8O7U1U2,c,{'O1O2O3O4U3O5U2U1U6U7O6O7U4O8U5U8'},1,"<a href=""/flatknot/8.733547"">8.733547</a>",t^9-74t^7-302t^6-325t^5-12t^4+110t^3+20t^2-8t-2,0,,
8.733548,O1O2O3O4U3O5U2U1U6U7O6O7U5O8U4U8,4,9z^3+57z^2+115z+75,9w^4z^3+57w^3z^2+115w^2z+75w,False,False,"[[ 0 -2 -2 -1  2  2 -1  1  1],[ 2  0  0  0  4  2  2  2  1],[ 2  0  0  0  3  1  2  2  1],[ 1  0  0  0  1  0  1  1  1],[-2 -4 -3 -1  0  0 -3 -1  1],[-2 -2 -1  0  0  0 -3 -1  0],[ 1 -2 -2 -1  3  3  0  1  1],[-1 -2 -2 -1  1  1 -1  0  1],[-1 -1 -1 -1 -1  0 -1 -1  0]]","[[ 0  2  2  1  1 -1 -1 -2 -2],[-2  0  0  1 -1 -1 -3 -3 -4],[-2  0  0  0 -1  0 -3 -1 -2],[-1 -1  0  0 -1 -1 -1 -1 -1],[-1  1  1  1  0 -1 -1 -2 -2],[ 1  1  0  1  1  0  1  0  0],[ 1  3  3  1  1 -1  0 -2 -2],[ 2  3  1  1  2  0  2  0  0],[ 2  4  2  1  2  0  2  0  0]]",True,"[-2,-2,-1,-1,1,1,2,2,0,-1,1,1,3,3,4,0,1,0,3,1,2,1,1,1,1,1,1,1,2,2,-1,0,0,2,2,0]","[-2,-2,-1,-1,1,1,2,2,0,-1,1,1,2,0,2,-1,1,1,2,1,3,1,1,1,0,0,1,1,2,3,-1,0,0,2,1,0]",t^8+76t^6+233t^4+43t^2+1,"[-2,-2,-1,-1,1,1,2,2,0,-1,1,1,2,0,2,-1,1,1,2,1,3,1,1,1,0,0,1,1,2,3,-1,0,0,2,1,0]","[-2,-2,-1,-1,1,1,2,2,0,0,1,0,3,2,3,0,2,0,2,0,1,1,1,1,1,1,1,1,2,2,-1,-1,-1,1,1,0]","[-2,-2,-1,-1,1,1,2,2,0,0,2,1,2,1,3,0,2,1,2,2,4,1,1,1,0,1,1,1,3,3,-1,0,-1,1,1,0]",c,"[[{8, 2}, {6, 7}, {3, 5}, {1, 4}], [{8, 3}, {6, 7}, {1, 5}, {2, 4}], [{8, 3}, {6, 7}, {2, 5}, {1, 4}], [{8, 5}, {6, 7}, {1, 4}, {2, 3}]]",1,- 8 K_1^4 + 4 K_1^3 + 12 K_1^2 K_2 + 4 K_1^2 - 4 K_1 K_2 - 4 K_1 K_3 - K_1 - 2 K_2^2 - 2 K_2 + K_3 + K_4,O1O2O3O4U5U1O5U6O7O8U7U8U4U3O6U2,O1O2O3O4U3U4O5U6O7O6U2U1U8U7O8U5,O1O2O3O4U5O6U7U6U4U3O8O7U8O5U1U2,c,{'O1O2O3O4U3O5U2U1U6U7O6O7U5O8U4U8'},1,"<a href=""/flatknot/8.733548"">8.733548</a>",t^9-76t^7-248t^6+11t^5+316t^4+137t^3+24t^2+11t,0,,
8.733549,O1O2O3O4U3O5U2U1U6U7O6O8U4O7U5U8,4,4z^3+38z^2+111z+103,4w^4z^3+38w^3z^2+111w^2z+103w,False,False,"[[ 0 -2 -2 -1  2  2 -1  1  1],[ 2  0  0  0  3  3  2  1  2],[ 2  0  0  0  2  2  2  1  2],[ 1  0  0  0  1  1  1  0  1],[-2 -3 -2 -1  0  0 -2 -1  1],[-2 -3 -2 -1  0  0 -3 -1  0],[ 1 -2 -2 -1  2  3  0  1  2],[-1 -1 -1  0  1  1 -1  0  1],[-1 -2 -2 -1 -1  0 -2 -1  0]]","[[ 0  2  2  1  1 -1 -1 -2 -2],[-2  0  0  1 -1 -1 -2 -2 -3],[-2  0  0  0 -1 -1 -3 -2 -3],[-1 -1  0  0 -1 -1 -2 -2 -2],[-1  1  1  1  0  0 -1 -1 -1],[ 1  1  1  1  0  0  1  0  0],[ 1  2  3  2  1 -1  0 -2 -2],[ 2  2  2  2  1  0  2  0  0],[ 2  3  3  2  1  0  2  0  0]]",True,"[-2,-2,-1,-1,1,1,2,2,0,-1,1,1,2,2,3,0,1,1,3,2,3,1,1,2,2,2,0,1,1,1,-1,0,0,2,2,0]","[-2,-2,-1,-1,1,1,2,2,0,-1,1,1,2,1,1,-1,1,1,2,2,2,1,0,1,0,1,1,2,2,2,1,1,2,0,0,0]",t^8+70t^6+121t^4+36t^2,"[-2,-2,-1,-1,1,1,2,2,0,-1,1,1,2,1,1,-1,1,1,2,2,2,1,0,1,0,1,1,2,2,2,1,1,2,0,0,0]","[-2,-2,-1,-1,1,1,2,2,0,0,1,0,2,1,2,0,2,1,2,1,2,1,1,2,2,2,0,1,1,1,-1,-1,-1,1,1,0]","[-2,-2,-1,-1,1,1,2,2,0,0,2,1,2,2,2,0,2,1,2,3,3,1,0,1,1,1,1,2,2,3,1,1,1,-1,0,0]",c,"[[{8, 3}, {6, 7}, {2, 5}, {1, 4}], [{8, 6}, {3, 7}, {2, 5}, {1, 4}]]",1,8 K_1^2 K_2 - 8 K_1^2 - 4 K_1 K_2 - 8 K_1 K_3 + 2 K_1 + 4 K_2 + 2 K_3 + 2 K_4 + 3,O1O2O3O4U5U6O7U1O5O8U7U8U4U3O6U2,O1O2O3O4U3U5O6U4O7O5U2U1U8U6O8U7,O1O2O3O4U5O6U7U6U4U3O8O5U1O7U8U2,c,{'O1O2O3O4U3O5U2U1U6U7O6O8U4O7U5U8'},1,"<a href=""/flatknot/8.733549"">8.733549</a>",t^9-70t^7-232t^6-121t^5+126t^4+70t^3-22t^2,0,,
8.733550,O1O2O3O4U3O5U2U1U6U7O6O8U4O7U8U5,4,2z^3+35z^2+114z+105,2w^4z^3+35w^3z^2+114w^2z+105w,False,False,"[[ 0 -2 -2 -1  2  3 -1  1  0],[ 2  0  0  0  3  3  2  1  1],[ 2  0  0  0  2  2  2  1  1],[ 1  0  0  0  1  1  1  0  1],[-2 -3 -2 -1  0  1 -2 -1  0],[-3 -3 -2 -1 -1  0 -4 -1 -1],[ 1 -2 -2 -1  2  4  0  1  1],[-1 -1 -1  0  1  1 -1  0  0],[ 0 -1 -1 -1  0  1 -1  0  0]]","[[ 0  3  2  1  0 -1 -1 -2 -2],[-3  0 -1 -1 -1 -1 -4 -2 -3],[-2  1  0 -1  0 -1 -2 -2 -3],[-1  1  1  0  0  0 -1 -1 -1],[ 0  1  0  0  0 -1 -1 -1 -1],[ 1  1  1  0  1  0  1  0  0],[ 1  4  2  1  1 -1  0 -2 -2],[ 2  2  2  1  1  0  2  0  0],[ 2  3  3  1  1  0  2  0  0]]",True,"[-3,-2,-1,0,1,1,2,2,1,1,1,1,4,2,3,1,0,1,2,2,3,0,0,1,1,1,1,1,1,1,-1,0,0,2,2,0]","[-3,-2,-1,0,1,1,2,2,0,1,2,0,3,2,3,0,2,1,2,1,2,1,1,2,2,2,0,0,1,1,-1,-1,-1,1,1,0]",t^8+68t^6+108t^4+26t^2+1,"[-2,-2,-1,-1,0,1,2,3,0,-1,1,1,2,1,2,-1,1,1,2,2,3,1,0,1,1,0,0,2,2,3,1,2,2,0,1,0]","[-3,-2,-1,0,1,1,2,2,0,1,2,0,3,2,3,0,2,1,2,1,2,1,1,2,2,2,0,0,1,1,-1,-1,-1,1,1,0]","[-2,-2,-1,-1,0,1,2,3,0,0,2,1,1,2,2,0,2,1,1,3,3,1,1,0,1,1,1,1,2,4,0,0,1,1,1,1]",c,"[[{8, 1}, {2, 7}, {3, 6}, {4, 5}], [{8, 1}, {2, 7}, {4, 6}, {3, 5}], [{8, 1}, {2, 7}, {4, 6}, {5}, {3}], [{8, 1}, {2, 7}, {5, 6}, {3, 4}], [{8, 1}, {3, 7}, {2, 6}, {4, 5}], [{8, 1}, {3, 7}, {4, 6}, {2, 5}], [{8, 1}, {3, 7}, {5, 6}, {2, 4}], [{8, 1}, {4, 7}, {2, 6}, {3, 5}], [{8, 1}, {4, 7}, {3, 6}, {2, 5}], [{8, 1}, {4, 7}, {5, 6}, {2, 3}], [{8, 1}, {4, 7}, {6}, {2, 5}, {3}], [{8, 1}, {5, 7}, {2, 6}, {3, 4}], [{8, 1}, {5, 7}, {2, 6}, {4}, {3}], [{8, 1}, {5, 7}, {3, 6}, {2, 4}], [{8, 1}, {5, 7}, {4, 6}, {2, 3}], [{8, 1}, {6, 7}, {2, 5}, {3, 4}], [{8, 1}, {6, 7}, {3, 5}, {2, 4}], [{8, 1}, {6, 7}, {3, 5}, {4}, {2}], [{8, 1}, {6, 7}, {4, 5}, {2, 3}], [{8, 1}, {6, 7}, {5}, {2, 4}, {3}], [{8, 1}, {7}, {3, 6}, {2, 5}, {4}], [{8, 1}, {7}, {5, 6}, {3, 4}, {2}], [{8, 2}, {1, 7}, {3, 6}, {4, 5}], [{8, 2}, {1, 7}, {4, 6}, {3, 5}], [{8, 2}, {1, 7}, {4, 6}, {5}, {3}], [{8, 2}, {1, 7}, {5, 6}, {3, 4}], [{8, 2}, {3, 7}, {1, 6}, {4, 5}], [{8, 2}, {3, 7}, {4, 6}, {1, 5}], [{8, 2}, {3, 7}, {4, 6}, {5}, {1}], [{8, 2}, {3, 7}, {5, 6}, {1, 4}], [{8, 2}, {4, 7}, {1, 6}, {3, 5}], [{8, 2}, {4, 7}, {3, 6}, {1, 5}], [{8, 2}, {4, 7}, {5, 6}, {1, 3}], [{8, 2}, {5, 7}, {1, 6}, {3, 4}], [{8, 2}, {5, 7}, {3, 6}, {1, 4}], [{8, 2}, {5, 7}, {4, 6}, {1, 3}], [{8, 2}, {5, 7}, {4, 6}, {3}, {1}], [{8, 2}, {6, 7}, {1, 5}, {3, 4}], [{8, 2}, {6, 7}, {3, 5}, {1, 4}], [{8, 2}, {6, 7}, {4, 5}, {1, 3}], [{8, 2}, {7}, {1, 6}, {4, 5}, {3}], [{8, 2}, {7}, {4, 6}, {1, 5}, {3}], [{8, 2}, {7}, {4, 6}, {3, 5}, {1}], [{8, 2}, {7}, {4, 6}, {5}, {1, 3}], [{8, 2}, {7}, {4, 6}, {5}, {3}, {1}], [{8, 2}, {7}, {5, 6}, {1, 4}, {3}], [{8, 3}, {1, 7}, {2, 6}, {4, 5}], [{8, 3}, {1, 7}, {4, 6}, {2, 5}], [{8, 3}, {1, 7}, {5, 6}, {2, 4}], [{8, 3}, {2, 7}, {1, 6}, {4, 5}], [{8, 3}, {2, 7}, {4, 6}, {1, 5}], [{8, 3}, {2, 7}, {4, 6}, {5}, {1}], [{8, 3}, {2, 7}, {5, 6}, {1, 4}], [{8, 3}, {4, 7}, {1, 6}, {2, 5}], [{8, 3}, {4, 7}, {2, 6}, {1, 5}], [{8, 3}, {4, 7}, {5, 6}, {1, 2}], [{8, 3}, {4, 7}, {6}, {2, 5}, {1}], [{8, 3}, {5, 7}, {1, 6}, {2, 4}], [{8, 3}, {5, 7}, {2, 6}, {1, 4}], [{8, 3}, {5, 7}, {4, 6}, {1, 2}], [{8, 3}, {5, 7}, {4, 6}, {2}, {1}], [{8, 3}, {6, 7}, {1, 5}, {2, 4}], [{8, 3}, {6, 7}, {2, 5}, {1, 4}], [{8, 3}, {6, 7}, {2, 5}, {4}, {1}], [{8, 3}, {6, 7}, {4, 5}, {1, 2}], [{8, 3}, {7}, {1, 6}, {5}, {2, 4}], [{8, 3}, {7}, {4, 6}, {2, 5}, {1}], [{8, 3}, {7}, {5, 6}, {2, 4}, {1}], [{8, 3}, {7}, {6}, {1, 5}, {2, 4}], [{8, 4}, {1, 7}, {2, 6}, {3, 5}], [{8, 4}, {1, 7}, {3, 6}, {2, 5}], [{8, 4}, {1, 7}, {5, 6}, {2, 3}], [{8, 4}, {2, 7}, {1, 6}, {3, 5}], [{8, 4}, {2, 7}, {3, 6}, {1, 5}], [{8, 4}, {2, 7}, {3, 6}, {5}, {1}], [{8, 4}, {2, 7}, {5, 6}, {1, 3}], [{8, 4}, {3, 7}, {1, 6}, {2, 5}], [{8, 4}, {3, 7}, {2, 6}, {1, 5}], [{8, 4}, {3, 7}, {5, 6}, {1, 2}], [{8, 4}, {5, 7}, {1, 6}, {2, 3}], [{8, 4}, {5, 7}, {2, 6}, {1, 3}], [{8, 4}, {5, 7}, {3, 6}, {1, 2}], [{8, 4}, {6, 7}, {1, 5}, {2, 3}], [{8, 4}, {6, 7}, {2, 5}, {1, 3}], [{8, 4}, {6, 7}, {3, 5}, {1, 2}], [{8, 4}, {6, 7}, {3, 5}, {2}, {1}], [{8, 4}, {6, 7}, {5}, {3}, {1, 2}], [{8, 4}, {7}, {2, 6}, {1, 5}, {3}], [{8, 4}, {7}, {5, 6}, {1, 3}, {2}], [{8, 5}, {1, 7}, {2, 6}, {3, 4}], [{8, 5}, {1, 7}, {3, 6}, {2, 4}], [{8, 5}, {1, 7}, {4, 6}, {2, 3}], [{8, 5}, {2, 7}, {1, 6}, {3, 4}], [{8, 5}, {2, 7}, {3, 6}, {1, 4}], [{8, 5}, {2, 7}, {4, 6}, {1, 3}], [{8, 5}, {2, 7}, {4, 6}, {3}, {1}], [{8, 5}, {3, 7}, {1, 6}, {2, 4}], [{8, 5}, {3, 7}, {2, 6}, {1, 4}], [{8, 5}, {3, 7}, {4, 6}, {1, 2}], [{8, 5}, {3, 7}, {4, 6}, {2}, {1}], [{8, 5}, {4, 7}, {1, 6}, {2, 3}], [{8, 5}, {4, 7}, {2, 6}, {1, 3}], [{8, 5}, {4, 7}, {3, 6}, {1, 2}], [{8, 5}, {6, 7}, {1, 4}, {2, 3}], [{8, 5}, {6, 7}, {2, 4}, {1, 3}], [{8, 5}, {6, 7}, {3, 4}, {1, 2}], [{8, 5}, {6, 7}, {4}, {3}, {1, 2}], [{8, 5}, {7}, {3, 6}, {1, 4}, {2}], [{8, 5}, {7}, {4, 6}, {2, 3}, {1}], [{8, 6}, {1, 7}, {2, 5}, {3, 4}], [{8, 6}, {1, 7}, {3, 5}, {2, 4}], [{8, 6}, {1, 7}, {4, 5}, {2, 3}], [{8, 6}, {2, 7}, {1, 5}, {3, 4}], [{8, 6}, {2, 7}, {3, 5}, {1, 4}], [{8, 6}, {2, 7}, {4, 5}, {1, 3}], [{8, 6}, {2, 7}, {5}, {3, 4}, {1}], [{8, 6}, {3, 7}, {1, 5}, {2, 4}], [{8, 6}, {3, 7}, {2, 5}, {1, 4}], [{8, 6}, {3, 7}, {4, 5}, {1, 2}], [{8, 6}, {4, 7}, {1, 5}, {2, 3}], [{8, 6}, {4, 7}, {2, 5}, {1, 3}], [{8, 6}, {4, 7}, {3, 5}, {1, 2}], [{8, 6}, {5, 7}, {1, 4}, {2, 3}], [{8, 6}, {5, 7}, {2, 4}, {1, 3}], [{8, 6}, {5, 7}, {2, 4}, {3}, {1}], [{8, 6}, {5, 7}, {3, 4}, {1, 2}], [{8, 6}, {5, 7}, {4}, {1, 3}, {2}], [{8, 6}, {7}, {2, 5}, {1, 4}, {3}], [{8, 6}, {7}, {3, 5}, {1, 4}, {2}], [{8, 6}, {7}, {4, 5}, {3}, {1, 2}], [{8, 6}, {7}, {5}, {1, 4}, {2, 3}], [{8, 7}, {1, 6}, {2, 5}, {3, 4}], [{8, 7}, {1, 6}, {2, 5}, {4}, {3}], [{8, 7}, {1, 6}, {3, 5}, {2, 4}], [{8, 7}, {1, 6}, {3, 5}, {4}, {2}], [{8, 7}, {1, 6}, {4, 5}, {2, 3}], [{8, 7}, {1, 6}, {4, 5}, {3}, {2}], [{8, 7}, {1, 6}, {5}, {2, 4}, {3}], [{8, 7}, {1, 6}, {5}, {3, 4}, {2}], [{8, 7}, {1, 6}, {5}, {4}, {2, 3}], [{8, 7}, {1, 6}, {5}, {4}, {3}, {2}], [{8, 7}, {2, 6}, {1, 5}, {3, 4}], [{8, 7}, {2, 6}, {1, 5}, {4}, {3}], [{8, 7}, {2, 6}, {3, 5}, {1, 4}], [{8, 7}, {2, 6}, {4, 5}, {1, 3}], [{8, 7}, {2, 6}, {4, 5}, {3}, {1}], [{8, 7}, {2, 6}, {5}, {1, 4}, {3}], [{8, 7}, {3, 6}, {1, 5}, {2, 4}], [{8, 7}, {3, 6}, {1, 5}, {4}, {2}], [{8, 7}, {3, 6}, {2, 5}, {1, 4}], [{8, 7}, {3, 6}, {4, 5}, {1, 2}], [{8, 7}, {3, 6}, {4, 5}, {2}, {1}], [{8, 7}, {3, 6}, {5}, {1, 4}, {2}], [{8, 7}, {4, 6}, {1, 5}, {2, 3}], [{8, 7}, {4, 6}, {1, 5}, {3}, {2}], [{8, 7}, {4, 6}, {2, 5}, {1, 3}], [{8, 7}, {4, 6}, {2, 5}, {3}, {1}], [{8, 7}, {4, 6}, {3, 5}, {1, 2}], [{8, 7}, {4, 6}, {3, 5}, {2}, {1}], [{8, 7}, {4, 6}, {5}, {1, 3}, {2}], [{8, 7}, {4, 6}, {5}, {2, 3}, {1}], [{8, 7}, {4, 6}, {5}, {3}, {1, 2}], [{8, 7}, {4, 6}, {5}, {3}, {2}, {1}], [{8, 7}, {5, 6}, {1, 4}, {2, 3}], [{8, 7}, {5, 6}, {1, 4}, {3}, {2}], [{8, 7}, {5, 6}, {2, 4}, {1, 3}], [{8, 7}, {5, 6}, {2, 4}, {3}, {1}], [{8, 7}, {5, 6}, {3, 4}, {1, 2}], [{8, 7}, {5, 6}, {3, 4}, {2}, {1}], [{8, 7}, {5, 6}, {4}, {1, 3}, {2}], [{8, 7}, {5, 6}, {4}, {2, 3}, {1}], [{8, 7}, {5, 6}, {4}, {3}, {1, 2}], [{8, 7}, {5, 6}, {4}, {3}, {2}, {1}], [{8, 7}, {6}, {1, 5}, {2, 4}, {3}], [{8, 7}, {6}, {1, 5}, {3, 4}, {2}], [{8, 7}, {6}, {1, 5}, {4}, {2, 3}], [{8, 7}, {6}, {1, 5}, {4}, {3}, {2}], [{8, 7}, {6}, {2, 5}, {1, 4}, {3}], [{8, 7}, {6}, {3, 5}, {1, 4}, {2}], [{8, 7}, {6}, {4, 5}, {1, 3}, {2}], [{8, 7}, {6}, {4, 5}, {2, 3}, {1}], [{8, 7}, {6}, {4, 5}, {3}, {1, 2}], [{8, 7}, {6}, {4, 5}, {3}, {2}, {1}], [{8, 7}, {6}, {5}, {1, 4}, {2, 3}], [{8, 7}, {6}, {5}, {1, 4}, {3}, {2}], [{8}, {1, 7}, {2, 6}, {5}, {3, 4}], [{8}, {1, 7}, {5, 6}, {3, 4}, {2}], [{8}, {1, 7}, {6}, {2, 5}, {3, 4}], [{8}, {2, 7}, {1, 6}, {4, 5}, {3}], [{8}, {2, 7}, {4, 6}, {1, 5}, {3}], [{8}, {2, 7}, {4, 6}, {3, 5}, {1}], [{8}, {2, 7}, {4, 6}, {5}, {1, 3}], [{8}, {2, 7}, {4, 6}, {5}, {3}, {1}], [{8}, {2, 7}, {5, 6}, {1, 4}, {3}], [{8}, {3, 7}, {1, 6}, {5}, {2, 4}], [{8}, {3, 7}, {4, 6}, {2, 5}, {1}], [{8}, {3, 7}, {5, 6}, {2, 4}, {1}], [{8}, {3, 7}, {6}, {1, 5}, {2, 4}], [{8}, {4, 7}, {2, 6}, {1, 5}, {3}], [{8}, {4, 7}, {2, 6}, {3, 5}, {1}], [{8}, {4, 7}, {2, 6}, {5}, {1, 3}], [{8}, {4, 7}, {3, 6}, {5}, {1, 2}], [{8}, {4, 7}, {5, 6}, {1, 3}, {2}], [{8}, {4, 7}, {6}, {2, 5}, {1, 3}], [{8}, {5, 7}, {3, 6}, {1, 4}, {2}], [{8}, {5, 7}, {4, 6}, {2, 3}, {1}], [{8}, {6, 7}, {2, 5}, {1, 4}, {3}], [{8}, {6, 7}, {3, 5}, {1, 4}, {2}], [{8}, {6, 7}, {4, 5}, {3}, {1, 2}], [{8}, {6, 7}, {5}, {1, 4}, {2, 3}]]",2,12 K_1^3 + 4 K_1^2 K_2 - 6 K_1^2 - 14 K_1 K_2 - 4 K_1 K_3 - 2 K_1 + 3 K_2 + 4 K_3 + K_4 + 3,O1O2O3O4U5U6O7U1O6O8U7U8U4U3O5U2,O1O2O3O4U3U5O6U4O5O7U2U1U8U6O8U7,O1O2O3O4U5O6U7U6U4U3O5O8U1O7U8U2,c,{'O1O2O3O4U3O5U2U1U6U7O6O8U4O7U8U5'},1,"<a href=""/flatknot/8.733550"">8.733550</a>",t^9-64t^7-244t^6-215t^5+16t^4+17t^3-60t^2-19t+4,-t^3+t^2+t,,
8.733551,O1O2O3O4U3O5U2U1U6U7O6O8U5O7U4U8,3,21z^2+90z+97,-4w^4z^2+25w^3z^2-8w^3z+98w^2z+97w,False,False,"[[ 0 -2 -2 -1  2  2 -1  1  1],[ 2  0  0  0  4  2  2  1  2],[ 2  0  0  0  3  1  2  1  2],[ 1  0  0  0  1  0  1  1  1],[-2 -4 -3 -1  0  1 -3 -2  1],[-2 -2 -1  0 -1  0 -2 -1  0],[ 1 -2 -2 -1  3  2  0  1  2],[-1 -1 -1 -1  2  1 -1  0  1],[-1 -2 -2 -1 -1  0 -2 -1  0]]","[[ 0  2  2  1  1 -1 -1 -2 -2],[-2  0  1  1 -2 -1 -3 -3 -4],[-2 -1  0  0 -1  0 -2 -1 -2],[-1 -1  0  0 -1 -1 -2 -2 -2],[-1  2  1  1  0 -1 -1 -1 -1],[ 1  1  0  1  1  0  1  0  0],[ 1  3  2  2  1 -1  0 -2 -2],[ 2  3  1  2  1  0  2  0  0],[ 2  4  2  2  1  0  2  0  0]]",True,"[-2,-2,-1,-1,1,1,2,2,-1,-1,2,1,3,3,4,0,1,0,2,1,2,1,1,2,2,2,1,1,1,1,-1,0,0,2,2,0]","[-2,-2,-1,-1,1,1,2,2,-1,-1,2,1,3,3,4,0,1,0,2,1,2,1,1,2,2,2,1,1,1,1,-1,0,0,2,2,0]",t^8+78t^6+164t^4+61t^2,"[-2,-2,-1,-1,1,1,2,2,0,-1,1,1,2,0,2,-1,1,1,2,1,3,1,0,1,0,1,1,1,2,3,1,2,1,-1,0,-1]","[-2,-2,-1,-1,1,1,2,2,-1,0,1,1,3,2,3,-1,2,0,2,0,1,1,1,1,2,2,0,1,1,1,-1,-1,-1,1,1,0]","[-2,-2,-1,-1,1,1,2,2,0,0,2,1,2,1,3,0,2,1,2,2,4,1,1,1,0,1,1,2,2,3,1,1,2,0,-1,-1]",c,"[[{8, 6}, {3, 7}, {1, 5}, {2, 4}]]",1,4 K_1^3 + 4 K_1^2 K_2 - 8 K_1^2 - 12 K_1 K_2 - 4 K_1 K_3 + 3 K_1 - 4 K_2^2 + 4 K_2 + 5 K_3 + 3 K_4 + 6,O1O2O3O4U5U1O6U7O5O8U6U8U4U3O7U2,O1O2O3O4U3U5O6U4O7O5U2U1U8U7O8U6,O1O2O3O4U5O6U7U6U4U3O8O7U1O5U8U2,c,{'O1O2O3O4U3O5U2U1U6U7O6O8U5O7U4U8'},1,"<a href=""/flatknot/8.733551"">8.733551</a>",t^9-78t^7-304t^6-304t^5-18t^4-13t^3+68t,0,,
8.733552,O1O2O3O4U3O5U2U1U6U7O6O8U5O7U8U4,4,3z^3+37z^2+113z+103,3w^4z^3+37w^3z^2+113w^2z+103w,False,False,"[[ 0 -2 -2 -1  3  2 -1  1  0],[ 2  0  0  0  4  2  2  1  1],[ 2  0  0  0  3  1  2  1  1],[ 1  0  0  0  1  0  1  1  0],[-3 -4 -3 -1  0  0 -4 -2  0],[-2 -2 -1  0  0  0 -2 -1  0],[ 1 -2 -2 -1  4  2  0  1  1],[-1 -1 -1 -1  2  1 -1  0  0],[ 0 -1 -1  0  0  0 -1  0  0]]","[[ 0  3  2  1  0 -1 -1 -2 -2],[-3  0  0 -2  0 -1 -4 -3 -4],[-2  0  0 -1  0  0 -2 -1 -2],[-1  2  1  0  0 -1 -1 -1 -1],[ 0  0  0  0  0  0 -1 -1 -1],[ 1  1  0  1  0  0  1  0  0],[ 1  4  2  1  1 -1  0 -2 -2],[ 2  3  1  1  1  0  2  0  0],[ 2  4  2  1  1  0  2  0  0]]",True,"[-3,-2,-1,0,1,1,2,2,0,2,0,1,4,3,4,1,0,0,2,1,2,0,1,1,1,1,0,1,1,1,-1,0,0,2,2,0]","[-3,-2,-1,0,1,1,2,2,0,2,0,1,4,3,4,1,0,0,2,1,2,0,1,1,1,1,0,1,1,1,-1,0,0,2,2,0]",t^8+72t^6+118t^4+32t^2+1,"[-2,-2,-1,-1,0,1,2,3,0,-1,1,1,2,2,1,-1,1,1,2,3,2,1,0,1,1,0,1,1,3,3,1,2,3,0,0,1]","[-3,-2,-1,0,1,1,2,2,1,0,3,0,3,1,2,0,2,1,3,2,3,1,1,1,2,2,0,1,1,1,-1,-1,-1,1,1,0]","[-2,-2,-1,-1,0,1,2,3,0,0,2,1,1,1,3,0,2,1,1,2,4,1,0,1,0,1,1,1,2,4,0,0,0,1,2,0]",c,"[[{8, 1}, {2, 7}, {3, 6}, {4, 5}], [{8, 1}, {2, 7}, {4, 6}, {3, 5}], [{8, 1}, {2, 7}, {5, 6}, {3, 4}], [{8, 1}, {3, 7}, {2, 6}, {4, 5}], [{8, 1}, {3, 7}, {4, 6}, {2, 5}], [{8, 1}, {3, 7}, {4, 6}, {5}, {2}], [{8, 1}, {3, 7}, {5, 6}, {2, 4}], [{8, 1}, {3, 7}, {6}, {2, 5}, {4}], [{8, 1}, {4, 7}, {2, 6}, {3, 5}], [{8, 1}, {4, 7}, {3, 6}, {2, 5}], [{8, 1}, {4, 7}, {5, 6}, {2, 3}], [{8, 1}, {5, 7}, {2, 6}, {3, 4}], [{8, 1}, {5, 7}, {3, 6}, {2, 4}], [{8, 1}, {5, 7}, {3, 6}, {4}, {2}], [{8, 1}, {5, 7}, {4, 6}, {2, 3}], [{8, 1}, {6, 7}, {2, 5}, {3, 4}], [{8, 1}, {6, 7}, {3, 5}, {2, 4}], [{8, 1}, {6, 7}, {4, 5}, {2, 3}], [{8, 1}, {7}, {5, 6}, {3, 4}, {2}], [{8, 2}, {1, 7}, {3, 6}, {4, 5}], [{8, 2}, {1, 7}, {4, 6}, {3, 5}], [{8, 2}, {1, 7}, {5, 6}, {3, 4}], [{8, 2}, {3, 7}, {1, 6}, {4, 5}], [{8, 2}, {3, 7}, {4, 6}, {1, 5}], [{8, 2}, {3, 7}, {5, 6}, {1, 4}], [{8, 2}, {4, 7}, {1, 6}, {3, 5}], [{8, 2}, {4, 7}, {3, 6}, {1, 5}], [{8, 2}, {4, 7}, {5, 6}, {1, 3}], [{8, 2}, {5, 7}, {1, 6}, {3, 4}], [{8, 2}, {5, 7}, {3, 6}, {1, 4}], [{8, 2}, {5, 7}, {3, 6}, {4}, {1}], [{8, 2}, {5, 7}, {4, 6}, {1, 3}], [{8, 2}, {6, 7}, {1, 5}, {3, 4}], [{8, 2}, {6, 7}, {3, 5}, {1, 4}], [{8, 2}, {6, 7}, {4, 5}, {1, 3}], [{8, 2}, {6, 7}, {5}, {3, 4}, {1}], [{8, 2}, {7}, {3, 6}, {5}, {1, 4}], [{8, 2}, {7}, {5, 6}, {1, 4}, {3}], [{8, 2}, {7}, {6}, {1, 5}, {3, 4}], [{8, 2}, {7}, {6}, {3, 5}, {1, 4}], [{8, 3}, {1, 7}, {2, 6}, {4, 5}], [{8, 3}, {1, 7}, {4, 6}, {2, 5}], [{8, 3}, {1, 7}, {5, 6}, {2, 4}], [{8, 3}, {2, 7}, {1, 6}, {4, 5}], [{8, 3}, {2, 7}, {4, 6}, {1, 5}], [{8, 3}, {2, 7}, {5, 6}, {1, 4}], [{8, 3}, {4, 7}, {1, 6}, {2, 5}], [{8, 3}, {4, 7}, {2, 6}, {1, 5}], [{8, 3}, {4, 7}, {2, 6}, {5}, {1}], [{8, 3}, {4, 7}, {5, 6}, {1, 2}], [{8, 3}, {4, 7}, {5, 6}, {2}, {1}], [{8, 3}, {4, 7}, {6}, {2, 5}, {1}], [{8, 3}, {5, 7}, {1, 6}, {2, 4}], [{8, 3}, {5, 7}, {2, 6}, {1, 4}], [{8, 3}, {5, 7}, {4, 6}, {1, 2}], [{8, 3}, {5, 7}, {6}, {1, 4}, {2}], [{8, 3}, {6, 7}, {1, 5}, {2, 4}], [{8, 3}, {6, 7}, {2, 5}, {1, 4}], [{8, 3}, {6, 7}, {4, 5}, {1, 2}], [{8, 4}, {1, 7}, {2, 6}, {3, 5}], [{8, 4}, {1, 7}, {3, 6}, {2, 5}], [{8, 4}, {1, 7}, {5, 6}, {2, 3}], [{8, 4}, {1, 7}, {6}, {5}, {2, 3}], [{8, 4}, {2, 7}, {1, 6}, {3, 5}], [{8, 4}, {2, 7}, {3, 6}, {1, 5}], [{8, 4}, {2, 7}, {5, 6}, {1, 3}], [{8, 4}, {2, 7}, {6}, {5}, {1, 3}], [{8, 4}, {3, 7}, {1, 6}, {2, 5}], [{8, 4}, {3, 7}, {2, 6}, {1, 5}], [{8, 4}, {3, 7}, {5, 6}, {1, 2}], [{8, 4}, {3, 7}, {6}, {5}, {1, 2}], [{8, 4}, {5, 7}, {1, 6}, {2, 3}], [{8, 4}, {5, 7}, {1, 6}, {3}, {2}], [{8, 4}, {5, 7}, {2, 6}, {1, 3}], [{8, 4}, {5, 7}, {3, 6}, {1, 2}], [{8, 4}, {5, 7}, {3, 6}, {2}, {1}], [{8, 4}, {5, 7}, {6}, {1, 3}, {2}], [{8, 4}, {6, 7}, {1, 5}, {2, 3}], [{8, 4}, {6, 7}, {2, 5}, {1, 3}], [{8, 4}, {6, 7}, {3, 5}, {1, 2}], [{8, 4}, {6, 7}, {5}, {1, 3}, {2}], [{8, 4}, {7}, {2, 6}, {5}, {1, 3}], [{8, 4}, {7}, {5, 6}, {1, 3}, {2}], [{8, 4}, {7}, {6}, {2, 5}, {1, 3}], [{8, 4}, {7}, {6}, {5}, {1, 3}, {2}], [{8, 5}, {1, 7}, {2, 6}, {3, 4}], [{8, 5}, {1, 7}, {3, 6}, {2, 4}], [{8, 5}, {1, 7}, {4, 6}, {2, 3}], [{8, 5}, {2, 7}, {1, 6}, {3, 4}], [{8, 5}, {2, 7}, {3, 6}, {1, 4}], [{8, 5}, {2, 7}, {4, 6}, {1, 3}], [{8, 5}, {3, 7}, {1, 6}, {2, 4}], [{8, 5}, {3, 7}, {2, 6}, {1, 4}], [{8, 5}, {3, 7}, {4, 6}, {1, 2}], [{8, 5}, {4, 7}, {1, 6}, {2, 3}], [{8, 5}, {4, 7}, {1, 6}, {3}, {2}], [{8, 5}, {4, 7}, {2, 6}, {1, 3}], [{8, 5}, {4, 7}, {3, 6}, {1, 2}], [{8, 5}, {4, 7}, {3, 6}, {2}, {1}], [{8, 5}, {4, 7}, {6}, {1, 3}, {2}], [{8, 5}, {6, 7}, {1, 4}, {2, 3}], [{8, 5}, {6, 7}, {2, 4}, {1, 3}], [{8, 5}, {6, 7}, {3, 4}, {1, 2}], [{8, 5}, {6, 7}, {3, 4}, {2}, {1}], [{8, 5}, {7}, {6}, {1, 4}, {2, 3}], [{8, 6}, {1, 7}, {2, 5}, {3, 4}], [{8, 6}, {1, 7}, {3, 5}, {2, 4}], [{8, 6}, {1, 7}, {3, 5}, {4}, {2}], [{8, 6}, {1, 7}, {4, 5}, {2, 3}], [{8, 6}, {2, 7}, {1, 5}, {3, 4}], [{8, 6}, {2, 7}, {3, 5}, {1, 4}], [{8, 6}, {2, 7}, {4, 5}, {1, 3}], [{8, 6}, {2, 7}, {5}, {1, 4}, {3}], [{8, 6}, {2, 7}, {5}, {3, 4}, {1}], [{8, 6}, {2, 7}, {5}, {4}, {1, 3}], [{8, 6}, {3, 7}, {1, 5}, {2, 4}], [{8, 6}, {3, 7}, {2, 5}, {1, 4}], [{8, 6}, {3, 7}, {4, 5}, {1, 2}], [{8, 6}, {4, 7}, {1, 5}, {2, 3}], [{8, 6}, {4, 7}, {2, 5}, {1, 3}], [{8, 6}, {4, 7}, {3, 5}, {1, 2}], [{8, 6}, {5, 7}, {1, 4}, {2, 3}], [{8, 6}, {5, 7}, {1, 4}, {3}, {2}], [{8, 6}, {5, 7}, {2, 4}, {1, 3}], [{8, 6}, {5, 7}, {3, 4}, {1, 2}], [{8, 6}, {7}, {2, 5}, {1, 4}, {3}], [{8, 7}, {1, 6}, {2, 5}, {3, 4}], [{8, 7}, {1, 6}, {3, 5}, {2, 4}], [{8, 7}, {1, 6}, {4, 5}, {2, 3}], [{8, 7}, {1, 6}, {4, 5}, {3}, {2}], [{8, 7}, {2, 6}, {1, 5}, {3, 4}], [{8, 7}, {2, 6}, {3, 5}, {1, 4}], [{8, 7}, {2, 6}, {4, 5}, {1, 3}], [{8, 7}, {2, 6}, {4, 5}, {3}, {1}], [{8, 7}, {3, 6}, {1, 5}, {2, 4}], [{8, 7}, {3, 6}, {2, 5}, {1, 4}], [{8, 7}, {3, 6}, {4, 5}, {1, 2}], [{8, 7}, {3, 6}, {4, 5}, {2}, {1}], [{8, 7}, {4, 6}, {1, 5}, {2, 3}], [{8, 7}, {4, 6}, {2, 5}, {1, 3}], [{8, 7}, {4, 6}, {3, 5}, {1, 2}], [{8, 7}, {5, 6}, {1, 4}, {2, 3}], [{8, 7}, {5, 6}, {2, 4}, {1, 3}], [{8, 7}, {5, 6}, {3, 4}, {1, 2}], [{8, 7}, {6}, {1, 5}, {2, 4}, {3}], [{8, 7}, {6}, {2, 5}, {1, 4}, {3}], [{8, 7}, {6}, {4, 5}, {1, 3}, {2}], [{8, 7}, {6}, {4, 5}, {2, 3}, {1}], [{8, 7}, {6}, {4, 5}, {3}, {1, 2}], [{8, 7}, {6}, {4, 5}, {3}, {2}, {1}], [{8}, {1, 7}, {3, 6}, {5}, {2, 4}], [{8}, {1, 7}, {5, 6}, {2, 4}, {3}], [{8}, {1, 7}, {6}, {2, 5}, {3, 4}], [{8}, {1, 7}, {6}, {3, 5}, {2, 4}], [{8}, {2, 7}, {4, 6}, {5}, {1, 3}], [{8}, {5, 7}, {3, 6}, {1, 4}, {2}], [{8}, {5, 7}, {3, 6}, {2, 4}, {1}], [{8}, {5, 7}, {3, 6}, {4}, {1, 2}], [{8}, {5, 7}, {3, 6}, {4}, {2}, {1}], [{8}, {6, 7}, {2, 5}, {1, 4}, {3}], [{8}, {6, 7}, {2, 5}, {3, 4}, {1}], [{8}, {6, 7}, {2, 5}, {4}, {1, 3}], [{8}, {7}, {1, 6}, {2, 5}, {3, 4}], [{8}, {7}, {3, 6}, {1, 5}, {2, 4}]]",2,- 8 K_1^4 + 8 K_1^3 + 8 K_1^2 K_2 - 6 K_1^2 - 14 K_1 K_2 + K_1 - 2 K_2^2 + 3 K_2 + 5 K_3 + 6,O1O2O3O4U1U5O6U7O5O8U6U8U4U3O7U2,O1O2O3O4U3U5O6U4O5O7U2U1U8U7O8U6,O1O2O3O4U5O6U7U6U4U3O7O8U1O5U8U2,c,{'O1O2O3O4U3O5U2U1U6U7O6O8U5O7U8U4'},1,"<a href=""/flatknot/8.733552"">8.733552</a>",t^9-68t^7-222t^6-83t^5-20t^4-92t^3+120t^2+58t+2,-t^3+t^2+t,,
8.733553,O1O2O3O4U3O5U2U1U6U4O7O6U5O8U7U8,4,2z^3+33z^2+108z+101,2w^4z^3+33w^3z^2-4w^3z+112w^2z+101w,False,False,"[[ 0 -2 -2 -1  3  2  0 -1  1],[ 2  0  0  0  3  3  1  1  0],[ 2  0  0  0  2  2  1  1  0],[ 1  0  0  0  1  1  0  0  0],[-3 -3 -2 -1  0  0 -3  0  0],[-2 -3 -2 -1  0  0 -2  0  1],[ 0 -1 -1  0  3  2  0 -1  0],[ 1 -1 -1  0  0  0  1  0  1],[-1  0  0  0  0 -1  0 -1  0]]","[[ 0  3  2  1  0 -1 -1 -2 -2],[-3  0  0  0 -3  0 -1 -2 -3],[-2  0  0  1 -2  0 -1 -2 -3],[-1  0 -1  0  0 -1  0  0  0],[ 0  3  2  0  0 -1  0 -1 -1],[ 1  0  0  1  1  0  0 -1 -1],[ 1  1  1  0  0  0  0  0  0],[ 2  2  2  0  1  1  0  0  0],[ 2  3  3  0  1  1  0  0  0]]",True,"[-3,-2,-1,0,1,1,2,2,0,0,3,0,1,2,3,-1,2,0,1,2,3,0,1,0,0,0,1,0,1,1,0,1,1,0,0,0]","[-3,-2,-1,0,1,1,2,2,0,0,3,0,1,2,3,-1,2,0,1,2,3,0,1,0,0,0,1,0,1,1,0,1,1,0,0,0]",t^8+48t^6+195t^4+33t^2,"[-2,-2,-1,-1,0,1,2,3,0,0,1,1,3,1,2,0,1,1,3,2,3,0,0,1,3,4,1,2,2,3,1,0,0,2,2,1]","[-3,-2,-1,0,1,1,2,2,1,2,0,3,4,2,3,2,0,2,3,1,2,1,2,1,3,3,1,0,1,1,0,1,1,0,0,0]","[-2,-2,-1,-1,0,1,2,3,0,0,1,1,0,2,2,0,1,1,0,3,3,0,0,0,1,1,1,1,0,0,0,2,3,-1,0,0]",c,"[[{8, 1}, {2, 7}, {3, 6}, {4, 5}], [{8, 1}, {2, 7}, {4, 6}, {3, 5}], [{8, 1}, {2, 7}, {5, 6}, {3, 4}], [{8, 1}, {3, 7}, {2, 6}, {4, 5}], [{8, 1}, {3, 7}, {4, 6}, {2, 5}], [{8, 1}, {3, 7}, {5, 6}, {2, 4}], [{8, 1}, {4, 7}, {2, 6}, {3, 5}], [{8, 1}, {4, 7}, {3, 6}, {2, 5}], [{8, 1}, {4, 7}, {5, 6}, {2, 3}], [{8, 1}, {4, 7}, {5, 6}, {3}, {2}], [{8, 1}, {5, 7}, {2, 6}, {3, 4}], [{8, 1}, {5, 7}, {3, 6}, {2, 4}], [{8, 1}, {5, 7}, {4, 6}, {2, 3}], [{8, 1}, {6, 7}, {2, 5}, {3, 4}], [{8, 1}, {6, 7}, {3, 5}, {2, 4}], [{8, 1}, {6, 7}, {4, 5}, {2, 3}], [{8, 1}, {7}, {6}, {2, 5}, {3, 4}], [{8, 2}, {1, 7}, {3, 6}, {4, 5}], [{8, 2}, {1, 7}, {4, 6}, {3, 5}], [{8, 2}, {1, 7}, {4, 6}, {5}, {3}], [{8, 2}, {1, 7}, {5, 6}, {3, 4}], [{8, 2}, {3, 7}, {1, 6}, {4, 5}], [{8, 2}, {3, 7}, {4, 6}, {1, 5}], [{8, 2}, {3, 7}, {5, 6}, {1, 4}], [{8, 2}, {4, 7}, {1, 6}, {3, 5}], [{8, 2}, {4, 7}, {3, 6}, {1, 5}], [{8, 2}, {4, 7}, {5, 6}, {1, 3}], [{8, 2}, {4, 7}, {5, 6}, {3}, {1}], [{8, 2}, {5, 7}, {1, 6}, {3, 4}], [{8, 2}, {5, 7}, {3, 6}, {1, 4}], [{8, 2}, {5, 7}, {4, 6}, {1, 3}], [{8, 2}, {6, 7}, {1, 5}, {3, 4}], [{8, 2}, {6, 7}, {3, 5}, {1, 4}], [{8, 2}, {6, 7}, {4, 5}, {1, 3}], [{8, 2}, {6, 7}, {4, 5}, {3}, {1}], [{8, 2}, {7}, {3, 6}, {5}, {1, 4}], [{8, 2}, {7}, {6}, {1, 5}, {3, 4}], [{8, 3}, {1, 7}, {2, 6}, {4, 5}], [{8, 3}, {1, 7}, {4, 6}, {2, 5}], [{8, 3}, {1, 7}, {5, 6}, {2, 4}], [{8, 3}, {1, 7}, {6}, {2, 5}, {4}], [{8, 3}, {2, 7}, {1, 6}, {4, 5}], [{8, 3}, {2, 7}, {4, 6}, {1, 5}], [{8, 3}, {2, 7}, {5, 6}, {1, 4}], [{8, 3}, {2, 7}, {6}, {1, 5}, {4}], [{8, 3}, {4, 7}, {1, 6}, {2, 5}], [{8, 3}, {4, 7}, {1, 6}, {5}, {2}], [{8, 3}, {4, 7}, {2, 6}, {1, 5}], [{8, 3}, {4, 7}, {2, 6}, {5}, {1}], [{8, 3}, {4, 7}, {5, 6}, {1, 2}], [{8, 3}, {4, 7}, {5, 6}, {2}, {1}], [{8, 3}, {4, 7}, {6}, {1, 5}, {2}], [{8, 3}, {4, 7}, {6}, {2, 5}, {1}], [{8, 3}, {4, 7}, {6}, {5}, {1, 2}], [{8, 3}, {4, 7}, {6}, {5}, {2}, {1}], [{8, 3}, {5, 7}, {1, 6}, {2, 4}], [{8, 3}, {5, 7}, {2, 6}, {1, 4}], [{8, 3}, {5, 7}, {2, 6}, {4}, {1}], [{8, 3}, {5, 7}, {4, 6}, {1, 2}], [{8, 3}, {6, 7}, {1, 5}, {2, 4}], [{8, 3}, {6, 7}, {2, 5}, {1, 4}], [{8, 3}, {6, 7}, {4, 5}, {1, 2}], [{8, 3}, {6, 7}, {5}, {4}, {1, 2}], [{8, 3}, {7}, {2, 6}, {4, 5}, {1}], [{8, 3}, {7}, {4, 6}, {5}, {1, 2}], [{8, 3}, {7}, {6}, {1, 5}, {2, 4}], [{8, 3}, {7}, {6}, {2, 5}, {1, 4}], [{8, 4}, {1, 7}, {2, 6}, {3, 5}], [{8, 4}, {1, 7}, {3, 6}, {2, 5}], [{8, 4}, {1, 7}, {5, 6}, {2, 3}], [{8, 4}, {2, 7}, {1, 6}, {3, 5}], [{8, 4}, {2, 7}, {3, 6}, {1, 5}], [{8, 4}, {2, 7}, {5, 6}, {1, 3}], [{8, 4}, {3, 7}, {1, 6}, {2, 5}], [{8, 4}, {3, 7}, {1, 6}, {5}, {2}], [{8, 4}, {3, 7}, {2, 6}, {1, 5}], [{8, 4}, {3, 7}, {2, 6}, {5}, {1}], [{8, 4}, {3, 7}, {5, 6}, {1, 2}], [{8, 4}, {3, 7}, {5, 6}, {2}, {1}], [{8, 4}, {3, 7}, {6}, {1, 5}, {2}], [{8, 4}, {3, 7}, {6}, {2, 5}, {1}], [{8, 4}, {3, 7}, {6}, {5}, {1, 2}], [{8, 4}, {3, 7}, {6}, {5}, {2}, {1}], [{8, 4}, {5, 7}, {1, 6}, {2, 3}], [{8, 4}, {5, 7}, {2, 6}, {1, 3}], [{8, 4}, {5, 7}, {3, 6}, {1, 2}], [{8, 4}, {6, 7}, {1, 5}, {2, 3}], [{8, 4}, {6, 7}, {1, 5}, {3}, {2}], [{8, 4}, {6, 7}, {2, 5}, {1, 3}], [{8, 4}, {6, 7}, {3, 5}, {1, 2}], [{8, 4}, {7}, {3, 6}, {1, 5}, {2}], [{8, 5}, {1, 7}, {2, 6}, {3, 4}], [{8, 5}, {1, 7}, {3, 6}, {2, 4}], [{8, 5}, {1, 7}, {3, 6}, {4}, {2}], [{8, 5}, {1, 7}, {4, 6}, {2, 3}], [{8, 5}, {2, 7}, {1, 6}, {3, 4}], [{8, 5}, {2, 7}, {3, 6}, {1, 4}], [{8, 5}, {2, 7}, {4, 6}, {1, 3}], [{8, 5}, {3, 7}, {1, 6}, {2, 4}], [{8, 5}, {3, 7}, {1, 6}, {4}, {2}], [{8, 5}, {3, 7}, {2, 6}, {1, 4}], [{8, 5}, {3, 7}, {4, 6}, {1, 2}], [{8, 5}, {4, 7}, {1, 6}, {2, 3}], [{8, 5}, {4, 7}, {2, 6}, {1, 3}], [{8, 5}, {4, 7}, {3, 6}, {1, 2}], [{8, 5}, {4, 7}, {3, 6}, {2}, {1}], [{8, 5}, {6, 7}, {1, 4}, {2, 3}], [{8, 5}, {6, 7}, {2, 4}, {1, 3}], [{8, 5}, {6, 7}, {3, 4}, {1, 2}], [{8, 5}, {6, 7}, {4}, {1, 3}, {2}], [{8, 5}, {6, 7}, {4}, {2, 3}, {1}], [{8, 5}, {6, 7}, {4}, {3}, {1, 2}], [{8, 5}, {7}, {3, 6}, {1, 4}, {2}], [{8, 5}, {7}, {6}, {2, 4}, {1, 3}], [{8, 6}, {1, 7}, {2, 5}, {3, 4}], [{8, 6}, {1, 7}, {3, 5}, {2, 4}], [{8, 6}, {1, 7}, {4, 5}, {2, 3}], [{8, 6}, {2, 7}, {1, 5}, {3, 4}], [{8, 6}, {2, 7}, {3, 5}, {1, 4}], [{8, 6}, {2, 7}, {4, 5}, {1, 3}], [{8, 6}, {3, 7}, {1, 5}, {2, 4}], [{8, 6}, {3, 7}, {2, 5}, {1, 4}], [{8, 6}, {3, 7}, {4, 5}, {1, 2}], [{8, 6}, {4, 7}, {1, 5}, {2, 3}], [{8, 6}, {4, 7}, {2, 5}, {1, 3}], [{8, 6}, {4, 7}, {3, 5}, {1, 2}], [{8, 6}, {4, 7}, {3, 5}, {2}, {1}], [{8, 6}, {5, 7}, {1, 4}, {2, 3}], [{8, 6}, {5, 7}, {2, 4}, {1, 3}], [{8, 6}, {5, 7}, {3, 4}, {1, 2}], [{8, 6}, {7}, {2, 5}, {1, 4}, {3}], [{8, 7}, {1, 6}, {2, 5}, {3, 4}], [{8, 7}, {1, 6}, {3, 5}, {2, 4}], [{8, 7}, {1, 6}, {4, 5}, {2, 3}], [{8, 7}, {1, 6}, {5}, {2, 4}, {3}], [{8, 7}, {2, 6}, {1, 5}, {3, 4}], [{8, 7}, {2, 6}, {3, 5}, {1, 4}], [{8, 7}, {2, 6}, {4, 5}, {1, 3}], [{8, 7}, {2, 6}, {5}, {1, 4}, {3}], [{8, 7}, {3, 6}, {1, 5}, {2, 4}], [{8, 7}, {3, 6}, {2, 5}, {1, 4}], [{8, 7}, {3, 6}, {4, 5}, {1, 2}], [{8, 7}, {4, 6}, {1, 5}, {2, 3}], [{8, 7}, {4, 6}, {2, 5}, {1, 3}], [{8, 7}, {4, 6}, {3, 5}, {1, 2}], [{8, 7}, {5, 6}, {1, 4}, {2, 3}], [{8, 7}, {5, 6}, {2, 4}, {1, 3}], [{8, 7}, {5, 6}, {3, 4}, {1, 2}], [{8, 7}, {5, 6}, {3, 4}, {2}, {1}], [{8}, {1, 7}, {5, 6}, {4}, {2, 3}], [{8}, {1, 7}, {6}, {3, 5}, {2, 4}], [{8}, {3, 7}, {1, 6}, {4, 5}, {2}], [{8}, {4, 7}, {1, 6}, {2, 5}, {3}], [{8}, {4, 7}, {2, 6}, {1, 5}, {3}], [{8}, {4, 7}, {5, 6}, {1, 3}, {2}], [{8}, {4, 7}, {5, 6}, {2, 3}, {1}], [{8}, {4, 7}, {5, 6}, {3}, {1, 2}], [{8}, {4, 7}, {5, 6}, {3}, {2}, {1}], [{8}, {6, 7}, {3, 5}, {1, 4}, {2}], [{8}, {6, 7}, {3, 5}, {2, 4}, {1}], [{8}, {6, 7}, {3, 5}, {4}, {1, 2}], [{8}, {7}, {1, 6}, {3, 5}, {2, 4}], [{8}, {7}, {3, 6}, {2, 5}, {1, 4}], [{8}, {7}, {5, 6}, {1, 4}, {2, 3}]]",2,8 K_1^3 + 4 K_1^2 K_2 - 8 K_1^2 - 14 K_1 K_2 - 2 K_1 K_3 + K_1 - 2 K_2^2 + 3 K_2 + 5 K_3 + K_4 + 5,O1O2O3O4U5U6O5U7O8O6U1U8U4U3O7U2,O1O2O3O4U5U3O6U7O5O7U2U1U8U4O8U6,O1O2O3O4U5O6U1U6U4U3O7O8U7O5U2U8,c,{'O1O2O3O4U3O5U2U1U6U4O7O6U5O8U7U8'},1,"<a href=""/flatknot/8.733553"">8.733553</a>",t^9-44t^7-58t^6+134t^5+104t^4-102t^3-10t^2+18t+4,-t^3+t^2+t,,
8.733554,O1O2O3O4U3O5U2U1U6U4O7O6U7O8U5U8,4,4z^3+36z^2+109z+107,4w^4z^3+36w^3z^2+109w^2z+107w,False,False,"[[ 0 -2 -2 -1  3  2  0 -1  1],[ 2  0  0  0  3  3  1  0  1],[ 2  0  0  0  2  2  1  0  1],[ 1  0  0  0  1  1  0  0  0],[-3 -3 -2 -1  0  0 -3 -1  1],[-2 -3 -2 -1  0  0 -1 -1  1],[ 0 -1 -1  0  3  1  0 -1  1],[ 1  0  0  0  1  1  1  0  0],[-1 -1 -1  0 -1 -1 -1  0  0]]","[[ 0  3  2  1  0 -1 -1 -2 -2],[-3  0  0  1 -3 -1 -1 -2 -3],[-2  0  0  1 -1 -1 -1 -2 -3],[-1 -1 -1  0 -1  0  0 -1 -1],[ 0  3  1  1  0  0 -1 -1 -1],[ 1  1  1  0  0  0  0  0  0],[ 1  1  1  0  1  0  0  0  0],[ 2  2  2  1  1  0  0  0  0],[ 2  3  3  1  1  0  0  0  0]]",True,"[-3,-2,-1,0,1,1,2,2,0,-1,3,1,1,2,3,-1,1,1,1,2,3,1,0,0,1,1,0,1,1,1,0,0,0,0,0,0]","[-3,-2,-1,0,1,1,2,2,0,-1,3,1,1,2,3,-1,1,1,1,2,3,1,0,0,1,1,0,1,1,1,0,0,0,0,0,0]",t^8+48t^6+102t^4+26t^2,"[-2,-2,-1,-1,0,1,2,3,0,1,1,1,2,1,2,1,1,1,2,2,3,0,0,2,2,3,1,2,2,3,0,1,0,2,3,1]","[-3,-2,-1,0,1,1,2,2,1,3,0,3,3,2,3,2,1,2,2,1,2,0,2,2,2,2,0,1,1,1,0,1,1,1,1,0]","[-2,-2,-1,-1,0,1,2,3,0,0,0,1,1,2,2,0,0,1,1,3,3,0,0,0,1,1,1,0,1,1,1,1,3,-1,-1,0]",c,"[[{8, 1}, {2, 7}, {3, 6}, {4, 5}], [{8, 1}, {2, 7}, {3, 6}, {5}, {4}], [{8, 1}, {2, 7}, {4, 6}, {3, 5}], [{8, 1}, {2, 7}, {4, 6}, {5}, {3}], [{8, 1}, {2, 7}, {5, 6}, {3, 4}], [{8, 1}, {2, 7}, {5, 6}, {4}, {3}], [{8, 1}, {2, 7}, {6}, {3, 5}, {4}], [{8, 1}, {2, 7}, {6}, {4, 5}, {3}], [{8, 1}, {2, 7}, {6}, {5}, {3, 4}], [{8, 1}, {3, 7}, {2, 6}, {4, 5}], [{8, 1}, {3, 7}, {2, 6}, {5}, {4}], [{8, 1}, {3, 7}, {4, 6}, {2, 5}], [{8, 1}, {3, 7}, {5, 6}, {2, 4}], [{8, 1}, {4, 7}, {2, 6}, {3, 5}], [{8, 1}, {4, 7}, {2, 6}, {5}, {3}], [{8, 1}, {4, 7}, {3, 6}, {2, 5}], [{8, 1}, {4, 7}, {3, 6}, {5}, {2}], [{8, 1}, {4, 7}, {5, 6}, {2, 3}], [{8, 1}, {4, 7}, {5, 6}, {3}, {2}], [{8, 1}, {4, 7}, {6}, {2, 5}, {3}], [{8, 1}, {4, 7}, {6}, {3, 5}, {2}], [{8, 1}, {4, 7}, {6}, {5}, {2, 3}], [{8, 1}, {5, 7}, {2, 6}, {3, 4}], [{8, 1}, {5, 7}, {3, 6}, {2, 4}], [{8, 1}, {5, 7}, {4, 6}, {2, 3}], [{8, 1}, {5, 7}, {4, 6}, {3}, {2}], [{8, 1}, {6, 7}, {2, 5}, {3, 4}], [{8, 1}, {6, 7}, {2, 5}, {4}, {3}], [{8, 1}, {6, 7}, {3, 5}, {2, 4}], [{8, 1}, {6, 7}, {4, 5}, {2, 3}], [{8, 1}, {6, 7}, {5}, {3, 4}, {2}], [{8, 1}, {7}, {2, 6}, {5}, {3, 4}], [{8, 1}, {7}, {3, 6}, {5}, {2, 4}], [{8, 1}, {7}, {4, 6}, {2, 5}, {3}], [{8, 1}, {7}, {5, 6}, {2, 4}, {3}], [{8, 1}, {7}, {6}, {3, 5}, {2, 4}], [{8, 2}, {1, 7}, {3, 6}, {4, 5}], [{8, 2}, {1, 7}, {4, 6}, {3, 5}], [{8, 2}, {1, 7}, {5, 6}, {3, 4}], [{8, 2}, {3, 7}, {1, 6}, {4, 5}], [{8, 2}, {3, 7}, {4, 6}, {1, 5}], [{8, 2}, {3, 7}, {5, 6}, {1, 4}], [{8, 2}, {3, 7}, {5, 6}, {4}, {1}], [{8, 2}, {4, 7}, {1, 6}, {3, 5}], [{8, 2}, {4, 7}, {3, 6}, {1, 5}], [{8, 2}, {4, 7}, {5, 6}, {1, 3}], [{8, 2}, {5, 7}, {1, 6}, {3, 4}], [{8, 2}, {5, 7}, {3, 6}, {1, 4}], [{8, 2}, {5, 7}, {4, 6}, {1, 3}], [{8, 2}, {5, 7}, {6}, {1, 4}, {3}], [{8, 2}, {6, 7}, {1, 5}, {3, 4}], [{8, 2}, {6, 7}, {3, 5}, {1, 4}], [{8, 2}, {6, 7}, {4, 5}, {1, 3}], [{8, 2}, {7}, {1, 6}, {4, 5}, {3}], [{8, 2}, {7}, {3, 6}, {1, 5}, {4}], [{8, 2}, {7}, {4, 6}, {3, 5}, {1}], [{8, 3}, {1, 7}, {2, 6}, {4, 5}], [{8, 3}, {1, 7}, {4, 6}, {2, 5}], [{8, 3}, {1, 7}, {5, 6}, {2, 4}], [{8, 3}, {1, 7}, {5, 6}, {4}, {2}], [{8, 3}, {2, 7}, {1, 6}, {4, 5}], [{8, 3}, {2, 7}, {4, 6}, {1, 5}], [{8, 3}, {2, 7}, {5, 6}, {1, 4}], [{8, 3}, {4, 7}, {1, 6}, {2, 5}], [{8, 3}, {4, 7}, {2, 6}, {1, 5}], [{8, 3}, {4, 7}, {5, 6}, {1, 2}], [{8, 3}, {5, 7}, {1, 6}, {2, 4}], [{8, 3}, {5, 7}, {2, 6}, {1, 4}], [{8, 3}, {5, 7}, {4, 6}, {1, 2}], [{8, 3}, {6, 7}, {1, 5}, {2, 4}], [{8, 3}, {6, 7}, {2, 5}, {1, 4}], [{8, 3}, {6, 7}, {4, 5}, {1, 2}], [{8, 3}, {7}, {2, 6}, {1, 5}, {4}], [{8, 3}, {7}, {4, 6}, {2, 5}, {1}], [{8, 4}, {1, 7}, {2, 6}, {3, 5}], [{8, 4}, {1, 7}, {3, 6}, {2, 5}], [{8, 4}, {1, 7}, {5, 6}, {2, 3}], [{8, 4}, {2, 7}, {1, 6}, {3, 5}], [{8, 4}, {2, 7}, {1, 6}, {5}, {3}], [{8, 4}, {2, 7}, {3, 6}, {1, 5}], [{8, 4}, {2, 7}, {5, 6}, {1, 3}], [{8, 4}, {3, 7}, {1, 6}, {2, 5}], [{8, 4}, {3, 7}, {2, 6}, {1, 5}], [{8, 4}, {3, 7}, {5, 6}, {1, 2}], [{8, 4}, {3, 7}, {6}, {1, 5}, {2}], [{8, 4}, {5, 7}, {1, 6}, {2, 3}], [{8, 4}, {5, 7}, {1, 6}, {3}, {2}], [{8, 4}, {5, 7}, {2, 6}, {1, 3}], [{8, 4}, {5, 7}, {3, 6}, {1, 2}], [{8, 4}, {6, 7}, {1, 5}, {2, 3}], [{8, 4}, {6, 7}, {2, 5}, {1, 3}], [{8, 4}, {6, 7}, {3, 5}, {1, 2}], [{8, 4}, {7}, {1, 6}, {2, 5}, {3}], [{8, 4}, {7}, {2, 6}, {3, 5}, {1}], [{8, 4}, {7}, {3, 6}, {2, 5}, {1}], [{8, 4}, {7}, {6}, {2, 5}, {1, 3}], [{8, 5}, {1, 7}, {2, 6}, {3, 4}], [{8, 5}, {1, 7}, {3, 6}, {2, 4}], [{8, 5}, {1, 7}, {4, 6}, {2, 3}], [{8, 5}, {2, 7}, {1, 6}, {3, 4}], [{8, 5}, {2, 7}, {3, 6}, {1, 4}], [{8, 5}, {2, 7}, {4, 6}, {1, 3}], [{8, 5}, {3, 7}, {1, 6}, {2, 4}], [{8, 5}, {3, 7}, {2, 6}, {1, 4}], [{8, 5}, {3, 7}, {4, 6}, {1, 2}], [{8, 5}, {4, 7}, {1, 6}, {2, 3}], [{8, 5}, {4, 7}, {2, 6}, {1, 3}], [{8, 5}, {4, 7}, {3, 6}, {1, 2}], [{8, 5}, {6, 7}, {1, 4}, {2, 3}], [{8, 5}, {6, 7}, {2, 4}, {1, 3}], [{8, 5}, {6, 7}, {3, 4}, {1, 2}], [{8, 6}, {1, 7}, {2, 5}, {3, 4}], [{8, 6}, {1, 7}, {3, 5}, {2, 4}], [{8, 6}, {1, 7}, {3, 5}, {4}, {2}], [{8, 6}, {1, 7}, {4, 5}, {2, 3}], [{8, 6}, {2, 7}, {1, 5}, {3, 4}], [{8, 6}, {2, 7}, {1, 5}, {4}, {3}], [{8, 6}, {2, 7}, {3, 5}, {1, 4}], [{8, 6}, {2, 7}, {3, 5}, {4}, {1}], [{8, 6}, {2, 7}, {4, 5}, {1, 3}], [{8, 6}, {2, 7}, {5}, {4}, {1, 3}], [{8, 6}, {3, 7}, {1, 5}, {2, 4}], [{8, 6}, {3, 7}, {1, 5}, {4}, {2}], [{8, 6}, {3, 7}, {2, 5}, {1, 4}], [{8, 6}, {3, 7}, {4, 5}, {1, 2}], [{8, 6}, {4, 7}, {1, 5}, {2, 3}], [{8, 6}, {4, 7}, {1, 5}, {3}, {2}], [{8, 6}, {4, 7}, {2, 5}, {1, 3}], [{8, 6}, {4, 7}, {3, 5}, {1, 2}], [{8, 6}, {4, 7}, {3, 5}, {2}, {1}], [{8, 6}, {4, 7}, {5}, {1, 3}, {2}], [{8, 6}, {5, 7}, {1, 4}, {2, 3}], [{8, 6}, {5, 7}, {2, 4}, {1, 3}], [{8, 6}, {5, 7}, {3, 4}, {1, 2}], [{8, 6}, {5, 7}, {4}, {1, 3}, {2}], [{8, 6}, {7}, {1, 5}, {2, 4}, {3}], [{8, 6}, {7}, {1, 5}, {3, 4}, {2}], [{8, 6}, {7}, {1, 5}, {4}, {2, 3}], [{8, 6}, {7}, {1, 5}, {4}, {3}, {2}], [{8, 6}, {7}, {2, 5}, {4}, {1, 3}], [{8, 6}, {7}, {3, 5}, {1, 4}, {2}], [{8, 6}, {7}, {3, 5}, {2, 4}, {1}], [{8, 6}, {7}, {3, 5}, {4}, {1, 2}], [{8, 6}, {7}, {3, 5}, {4}, {2}, {1}], [{8, 6}, {7}, {4, 5}, {1, 3}, {2}], [{8, 6}, {7}, {5}, {2, 4}, {1, 3}], [{8, 6}, {7}, {5}, {4}, {1, 3}, {2}], [{8, 7}, {1, 6}, {2, 5}, {3, 4}], [{8, 7}, {1, 6}, {3, 5}, {2, 4}], [{8, 7}, {1, 6}, {4, 5}, {2, 3}], [{8, 7}, {2, 6}, {1, 5}, {3, 4}], [{8, 7}, {2, 6}, {3, 5}, {1, 4}], [{8, 7}, {2, 6}, {4, 5}, {1, 3}], [{8, 7}, {3, 6}, {1, 5}, {2, 4}], [{8, 7}, {3, 6}, {2, 5}, {1, 4}], [{8, 7}, {3, 6}, {4, 5}, {1, 2}], [{8, 7}, {4, 6}, {1, 5}, {2, 3}], [{8, 7}, {4, 6}, {2, 5}, {1, 3}], [{8, 7}, {4, 6}, {3, 5}, {1, 2}], [{8, 7}, {5, 6}, {1, 4}, {2, 3}], [{8, 7}, {5, 6}, {2, 4}, {1, 3}], [{8, 7}, {5, 6}, {3, 4}, {1, 2}], [{8, 7}, {5, 6}, {3, 4}, {2}, {1}], [{8, 7}, {6}, {3, 5}, {1, 4}, {2}], [{8, 7}, {6}, {3, 5}, {2, 4}, {1}], [{8, 7}, {6}, {3, 5}, {4}, {1, 2}], [{8}, {1, 7}, {2, 6}, {4, 5}, {3}], [{8}, {1, 7}, {6}, {3, 5}, {2, 4}], [{8}, {2, 7}, {1, 6}, {3, 5}, {4}], [{8}, {3, 7}, {4, 6}, {1, 5}, {2}], [{8}, {4, 7}, {1, 6}, {3, 5}, {2}], [{8}, {6, 7}, {3, 5}, {1, 4}, {2}], [{8}, {6, 7}, {3, 5}, {2, 4}, {1}], [{8}, {6, 7}, {3, 5}, {4}, {1, 2}], [{8}, {7}, {1, 6}, {3, 5}, {2, 4}], [{8}, {7}, {4, 6}, {2, 5}, {1, 3}], [{8}, {7}, {5, 6}, {3, 4}, {1, 2}], [{8}, {7}, {6}, {3, 5}, {2, 4}, {1}]]",2,4 K_1^3 - 10 K_1^2 - 14 K_1 K_2 - 4 K_1 K_3 + 4 K_1 + 7 K_2 + 6 K_3 + 2 K_4 + 6,O1O2O3O4U5U6O5U7O8O7U1U8U4U3O6U2,O1O2O3O4U5U3O5U6O7O6U2U1U8U4O8U7,O1O2O3O4U5O6U1U6U4U3O7O5U7O8U2U8,c,{'O1O2O3O4U3O5U2U1U6U4O7O6U7O8U5U8'},1,"<a href=""/flatknot/8.733554"">8.733554</a>",t^9-44t^7-70t^6+147t^5+150t^4-90t^3-26t^2+7t,-t^3+t^2+t,,
8.733555,O1O2O3O4U3O5U2U1U6U7O8O6U4O7U5U8,4,6z^3+43z^2+110z+97,6w^4z^3+43w^3z^2+110w^2z+97w,False,False,"[[ 0 -2 -2 -1  2  2  0  1  0],[ 2  0  0  0  3  3  2  1  2],[ 2  0  0  0  2  2  2  1  2],[ 1  0  0  0  1  1  1  0  1],[-2 -3 -2 -1  0  0 -2 -1  0],[-2 -3 -2 -1  0  0 -3 -1 -1],[ 0 -2 -2 -1  2  3  0  0  1],[-1 -1 -1  0  1  1  0  0  0],[ 0 -2 -2 -1  0  1 -1  0  0]]","[[ 0  2  2  1  0  0 -1 -2 -2],[-2  0  0 -1  0 -2 -1 -2 -3],[-2  0  0 -1 -1 -3 -1 -2 -3],[-1  1  1  0  0  0  0 -1 -1],[ 0  0  1  0  0 -1 -1 -2 -2],[ 0  2  3  0  1  0 -1 -2 -2],[ 1  1  1  0  1  1  0  0  0],[ 2  2  2  1  2  2  0  0  0],[ 2  3  3  1  2  2  0  0  0]]",True,"[-2,-2,-1,0,0,1,2,2,0,1,0,2,1,2,3,1,1,3,1,2,3,0,0,0,1,1,1,1,2,2,1,2,2,0,0,0]","[-2,-2,-1,0,0,1,2,2,0,0,-1,1,2,1,2,0,0,2,2,1,2,1,1,2,2,2,1,0,0,0,0,0,0,1,1,0]",t^8+65t^6+96t^4+24t^2,"[-2,-2,-1,0,0,1,2,2,0,1,0,0,2,1,1,1,0,0,2,2,2,0,0,2,2,2,-1,1,-1,0,1,1,2,0,0,0]","[-2,-2,-1,0,0,1,2,2,0,0,-1,1,2,1,2,0,0,2,2,1,2,1,1,2,2,2,1,0,0,0,0,0,0,1,1,0]","[-2,-2,-1,0,0,1,2,2,0,0,2,2,1,2,2,0,2,2,1,3,3,1,1,0,1,1,-1,0,0,1,0,2,3,1,1,0]",c,"[[{8, 6}, {3, 7}, {2, 5}, {1, 4}]]",1,4 K_1^3 - 12 K_1^2 - 12 K_1 K_2 + 3 K_1 + 6 K_2 + 5 K_3 + 7,O1O2O3O4U5U6O7U1O8O5U7U8U4U3O6U2,O1O2O3O4U5U3O6U4O7O5U2U1U8U6O8U7,O1O2O3O4U5O6U7U6U4U3O8O5U1O7U2U8,c,{'O1O2O3O4U3O5U2U1U6U7O8O6U4O7U5U8'},1,"<a href=""/flatknot/8.733555"">8.733555</a>",t^9-65t^7-168t^6+20t^5-188t^4-180t^3-18t^2+8t+2,0,,
8.733556,O1O2O3O4U3O5U2U1U6U7O8O6U5O7U4U8,4,6z^3+46z^2+113z+91,6w^4z^3+46w^3z^2+113w^2z+91w,False,False,"[[ 0 -2 -2 -1  2  2  0  1  0],[ 2  0  0  0  4  2  2  1  2],[ 2  0  0  0  3  1  2  1  2],[ 1  0  0  0  1  0  1  1  1],[-2 -4 -3 -1  0  1 -3 -2  0],[-2 -2 -1  0 -1  0 -2 -1 -1],[ 0 -2 -2 -1  3  2  0  0  1],[-1 -1 -1 -1  2  1  0  0  0],[ 0 -2 -2 -1  0  1 -1  0  0]]","[[ 0  2  2  1  0  0 -1 -2 -2],[-2  0  1 -2  0 -3 -1 -3 -4],[-2 -1  0 -1 -1 -2  0 -1 -2],[-1  2  1  0  0  0 -1 -1 -1],[ 0  0  1  0  0 -1 -1 -2 -2],[ 0  3  2  0  1  0 -1 -2 -2],[ 1  1  0  1  1  1  0  0  0],[ 2  3  1  1  2  2  0  0  0],[ 2  4  2  1  2  2  0  0  0]]",True,"[-2,-2,-1,0,0,1,2,2,-1,2,0,3,1,3,4,1,1,2,0,1,2,0,0,1,1,1,1,1,2,2,1,2,2,0,0,0]","[-2,-2,-1,0,0,1,2,2,-1,0,0,1,3,2,3,-1,-1,2,2,0,1,1,1,1,2,2,1,0,0,0,0,0,0,1,1,0]",t^8+73t^6+155t^4+55t^2+1,"[-2,-2,-1,0,0,1,2,2,0,1,0,0,2,0,2,1,0,0,2,1,3,0,0,1,2,3,-1,1,-1,0,1,2,1,-1,0,-1]","[-2,-2,-1,0,0,1,2,2,-1,0,0,1,3,2,3,-1,-1,2,2,0,1,1,1,1,2,2,1,0,0,0,0,0,0,1,1,0]","[-2,-2,-1,0,0,1,2,2,0,0,2,2,1,1,3,0,2,2,1,2,4,1,1,1,0,1,-1,0,1,0,0,2,3,1,2,-1]",c,"[[{8, 1}, {2, 7}, {3, 6}, {4, 5}], [{8, 1}, {2, 7}, {4, 6}, {3, 5}], [{8, 1}, {2, 7}, {5, 6}, {3, 4}], [{8, 1}, {3, 7}, {2, 6}, {4, 5}], [{8, 1}, {3, 7}, {2, 6}, {5}, {4}], [{8, 1}, {3, 7}, {4, 6}, {2, 5}], [{8, 1}, {3, 7}, {5, 6}, {2, 4}], [{8, 1}, {3, 7}, {6}, {4, 5}, {2}], [{8, 1}, {4, 7}, {2, 6}, {3, 5}], [{8, 1}, {4, 7}, {3, 6}, {2, 5}], [{8, 1}, {4, 7}, {5, 6}, {2, 3}], [{8, 1}, {5, 7}, {2, 6}, {3, 4}], [{8, 1}, {5, 7}, {2, 6}, {4}, {3}], [{8, 1}, {5, 7}, {3, 6}, {2, 4}], [{8, 1}, {5, 7}, {4, 6}, {2, 3}], [{8, 1}, {6, 7}, {2, 5}, {3, 4}], [{8, 1}, {6, 7}, {3, 5}, {2, 4}], [{8, 1}, {6, 7}, {4, 5}, {2, 3}], [{8, 1}, {7}, {2, 6}, {3, 5}, {4}], [{8, 1}, {7}, {6}, {2, 5}, {3, 4}], [{8, 2}, {1, 7}, {3, 6}, {4, 5}], [{8, 2}, {1, 7}, {4, 6}, {3, 5}], [{8, 2}, {1, 7}, {5, 6}, {3, 4}], [{8, 2}, {1, 7}, {6}, {5}, {3, 4}], [{8, 2}, {3, 7}, {1, 6}, {4, 5}], [{8, 2}, {3, 7}, {4, 6}, {1, 5}], [{8, 2}, {3, 7}, {5, 6}, {1, 4}], [{8, 2}, {4, 7}, {1, 6}, {3, 5}], [{8, 2}, {4, 7}, {3, 6}, {1, 5}], [{8, 2}, {4, 7}, {5, 6}, {1, 3}], [{8, 2}, {5, 7}, {1, 6}, {3, 4}], [{8, 2}, {5, 7}, {3, 6}, {1, 4}], [{8, 2}, {5, 7}, {4, 6}, {1, 3}], [{8, 2}, {6, 7}, {1, 5}, {3, 4}], [{8, 2}, {6, 7}, {3, 5}, {1, 4}], [{8, 2}, {6, 7}, {4, 5}, {1, 3}], [{8, 2}, {6, 7}, {5}, {3, 4}, {1}], [{8, 2}, {7}, {1, 6}, {5}, {3, 4}], [{8, 2}, {7}, {6}, {3, 5}, {1, 4}], [{8, 3}, {1, 7}, {2, 6}, {4, 5}], [{8, 3}, {1, 7}, {4, 6}, {2, 5}], [{8, 3}, {1, 7}, {5, 6}, {2, 4}], [{8, 3}, {1, 7}, {6}, {5}, {2, 4}], [{8, 3}, {2, 7}, {1, 6}, {4, 5}], [{8, 3}, {2, 7}, {4, 6}, {1, 5}], [{8, 3}, {2, 7}, {5, 6}, {1, 4}], [{8, 3}, {4, 7}, {1, 6}, {2, 5}], [{8, 3}, {4, 7}, {2, 6}, {1, 5}], [{8, 3}, {4, 7}, {5, 6}, {1, 2}], [{8, 3}, {5, 7}, {1, 6}, {2, 4}], [{8, 3}, {5, 7}, {2, 6}, {1, 4}], [{8, 3}, {5, 7}, {4, 6}, {1, 2}], [{8, 3}, {6, 7}, {1, 5}, {2, 4}], [{8, 3}, {6, 7}, {2, 5}, {1, 4}], [{8, 3}, {6, 7}, {4, 5}, {1, 2}], [{8, 4}, {1, 7}, {2, 6}, {3, 5}], [{8, 4}, {1, 7}, {3, 6}, {2, 5}], [{8, 4}, {1, 7}, {5, 6}, {2, 3}], [{8, 4}, {2, 7}, {1, 6}, {3, 5}], [{8, 4}, {2, 7}, {3, 6}, {1, 5}], [{8, 4}, {2, 7}, {5, 6}, {1, 3}], [{8, 4}, {3, 7}, {1, 6}, {2, 5}], [{8, 4}, {3, 7}, {2, 6}, {1, 5}], [{8, 4}, {3, 7}, {5, 6}, {1, 2}], [{8, 4}, {5, 7}, {1, 6}, {2, 3}], [{8, 4}, {5, 7}, {1, 6}, {3}, {2}], [{8, 4}, {5, 7}, {2, 6}, {1, 3}], [{8, 4}, {5, 7}, {3, 6}, {1, 2}], [{8, 4}, {6, 7}, {1, 5}, {2, 3}], [{8, 4}, {6, 7}, {2, 5}, {1, 3}], [{8, 4}, {6, 7}, {3, 5}, {1, 2}], [{8, 5}, {1, 7}, {2, 6}, {3, 4}], [{8, 5}, {1, 7}, {2, 6}, {4}, {3}], [{8, 5}, {1, 7}, {3, 6}, {2, 4}], [{8, 5}, {1, 7}, {3, 6}, {4}, {2}], [{8, 5}, {1, 7}, {4, 6}, {2, 3}], [{8, 5}, {1, 7}, {4, 6}, {3}, {2}], [{8, 5}, {1, 7}, {6}, {2, 4}, {3}], [{8, 5}, {1, 7}, {6}, {3, 4}, {2}], [{8, 5}, {1, 7}, {6}, {4}, {2, 3}], [{8, 5}, {1, 7}, {6}, {4}, {3}, {2}], [{8, 5}, {2, 7}, {1, 6}, {3, 4}], [{8, 5}, {2, 7}, {3, 6}, {1, 4}], [{8, 5}, {2, 7}, {4, 6}, {1, 3}], [{8, 5}, {2, 7}, {6}, {4}, {1, 3}], [{8, 5}, {3, 7}, {1, 6}, {2, 4}], [{8, 5}, {3, 7}, {2, 6}, {1, 4}], [{8, 5}, {3, 7}, {4, 6}, {1, 2}], [{8, 5}, {3, 7}, {6}, {4}, {1, 2}], [{8, 5}, {4, 7}, {1, 6}, {2, 3}], [{8, 5}, {4, 7}, {2, 6}, {1, 3}], [{8, 5}, {4, 7}, {3, 6}, {1, 2}], [{8, 5}, {6, 7}, {1, 4}, {2, 3}], [{8, 5}, {6, 7}, {2, 4}, {1, 3}], [{8, 5}, {6, 7}, {3, 4}, {1, 2}], [{8, 5}, {7}, {2, 6}, {3, 4}, {1}], [{8, 5}, {7}, {3, 6}, {2, 4}, {1}], [{8, 6}, {1, 7}, {2, 5}, {3, 4}], [{8, 6}, {1, 7}, {3, 5}, {2, 4}], [{8, 6}, {1, 7}, {4, 5}, {2, 3}], [{8, 6}, {1, 7}, {5}, {4}, {2, 3}], [{8, 6}, {2, 7}, {1, 5}, {3, 4}], [{8, 6}, {2, 7}, {3, 5}, {1, 4}], [{8, 6}, {2, 7}, {4, 5}, {1, 3}], [{8, 6}, {2, 7}, {5}, {4}, {1, 3}], [{8, 6}, {3, 7}, {1, 5}, {2, 4}], [{8, 6}, {3, 7}, {2, 5}, {1, 4}], [{8, 6}, {3, 7}, {4, 5}, {1, 2}], [{8, 6}, {3, 7}, {5}, {4}, {1, 2}], [{8, 6}, {4, 7}, {1, 5}, {2, 3}], [{8, 6}, {4, 7}, {2, 5}, {1, 3}], [{8, 6}, {4, 7}, {3, 5}, {1, 2}], [{8, 6}, {5, 7}, {1, 4}, {2, 3}], [{8, 6}, {5, 7}, {2, 4}, {1, 3}], [{8, 6}, {5, 7}, {3, 4}, {1, 2}], [{8, 7}, {1, 6}, {2, 5}, {3, 4}], [{8, 7}, {1, 6}, {3, 5}, {2, 4}], [{8, 7}, {1, 6}, {4, 5}, {2, 3}], [{8, 7}, {2, 6}, {1, 5}, {3, 4}], [{8, 7}, {2, 6}, {3, 5}, {1, 4}], [{8, 7}, {2, 6}, {4, 5}, {1, 3}], [{8, 7}, {3, 6}, {1, 5}, {2, 4}], [{8, 7}, {3, 6}, {2, 5}, {1, 4}], [{8, 7}, {3, 6}, {4, 5}, {1, 2}], [{8, 7}, {3, 6}, {5}, {1, 4}, {2}], [{8, 7}, {4, 6}, {1, 5}, {2, 3}], [{8, 7}, {4, 6}, {2, 5}, {1, 3}], [{8, 7}, {4, 6}, {3, 5}, {1, 2}], [{8, 7}, {4, 6}, {5}, {1, 3}, {2}], [{8, 7}, {5, 6}, {1, 4}, {2, 3}], [{8, 7}, {5, 6}, {2, 4}, {1, 3}], [{8, 7}, {5, 6}, {3, 4}, {1, 2}], [{8, 7}, {6}, {2, 5}, {3, 4}, {1}], [{8}, {1, 7}, {5, 6}, {4}, {2, 3}], [{8}, {1, 7}, {6}, {2, 5}, {3, 4}], [{8}, {1, 7}, {6}, {3, 5}, {2, 4}], [{8}, {2, 7}, {5, 6}, {4}, {1, 3}], [{8}, {3, 7}, {2, 6}, {4, 5}, {1}], [{8}, {3, 7}, {5, 6}, {4}, {1, 2}], [{8}, {3, 7}, {6}, {1, 5}, {2, 4}], [{8}, {3, 7}, {6}, {2, 5}, {1, 4}], [{8}, {4, 7}, {3, 6}, {1, 5}, {2}], [{8}, {4, 7}, {6}, {2, 5}, {1, 3}], [{8}, {4, 7}, {6}, {3, 5}, {1, 2}], [{8}, {5, 7}, {6}, {2, 4}, {1, 3}], [{8}, {5, 7}, {6}, {3, 4}, {1, 2}]]",2,8 K_1^3 - 8 K_1^2 - 12 K_1 K_2 + 4 K_2 + 4 K_3 + 5,O1O2O3O4U5U1O6U7O8O5U6U8U4U3O7U2,O1O2O3O4U5U3O6U4O7O5U2U1U8U7O8U6,O1O2O3O4U5O6U7U6U4U3O8O7U1O5U2U8,c,{'O1O2O3O4U3O5U2U1U6U7O8O6U5O7U4U8'},1,"<a href=""/flatknot/8.733556"">8.733556</a>",t^9-73t^7-204t^6+11t^5-192t^4-131t^3+170t^2+5t,0,,
8.733557,O1O2O3O4U3O5U2U1U6U4O7O8U5O6U7U8,4,8z^3+50z^2+103z+71,8w^4z^3-4w^4z^2+54w^3z^2-8w^3z+111w^2z+71w,False,False,"[[ 0 -2 -2 -1  3  2  0 -1  1],[ 2  0  0  0  3  3  0  1  1],[ 2  0  0  0  2  2  0  1  1],[ 1  0  0  0  1  1  0  0  0],[-3 -3 -2 -1  0  1 -4  0  0],[-2 -3 -2 -1 -1  0 -2  0  1],[ 0  0  0  0  4  2  0 -1  0],[ 1 -1 -1  0  0  0  1  0  1],[-1 -1 -1  0  0 -1  0 -1  0]]","[[ 0  3  2  1  0 -1 -1 -2 -2],[-3  0  1  0 -4  0 -1 -2 -3],[-2 -1  0  1 -2  0 -1 -2 -3],[-1  0 -1  0  0 -1  0 -1 -1],[ 0  4  2  0  0 -1  0  0  0],[ 1  0  0  1  1  0  0 -1 -1],[ 1  1  1  0  0  0  0  0  0],[ 2  2  2  1  0  1  0  0  0],[ 2  3  3  1  0  1  0  0  0]]",True,"[-3,-2,-1,0,1,1,2,2,-1,0,4,0,1,2,3,-1,2,0,1,2,3,0,1,0,1,1,1,0,0,0,0,1,1,0,0,0]","[-3,-2,-1,0,1,1,2,2,-1,0,4,0,1,2,3,-1,2,0,1,2,3,0,1,0,1,1,1,0,0,0,0,1,1,0,0,0]",t^8+56t^6+329t^4+47t^2,"[-2,-2,-1,-1,0,1,2,3,0,0,1,2,2,1,2,0,1,2,2,2,3,0,0,1,3,4,1,2,2,3,1,0,-1,2,2,2]","[-3,-2,-1,0,1,1,2,2,2,2,-1,3,4,2,3,2,0,2,3,1,2,1,2,1,2,2,1,0,2,2,0,1,1,0,0,0]","[-2,-2,-1,-1,0,1,2,3,0,0,1,0,1,2,2,0,1,0,1,3,3,0,0,0,1,1,1,1,0,0,0,2,4,-1,0,-1]",c,"[[{8, 1}, {2, 7}, {3, 6}, {4, 5}], [{8, 1}, {2, 7}, {3, 6}, {5}, {4}], [{8, 1}, {2, 7}, {4, 6}, {3, 5}], [{8, 1}, {2, 7}, {5, 6}, {3, 4}], [{8, 1}, {3, 7}, {2, 6}, {4, 5}], [{8, 1}, {3, 7}, {4, 6}, {2, 5}], [{8, 1}, {3, 7}, {5, 6}, {2, 4}], [{8, 1}, {4, 7}, {2, 6}, {3, 5}], [{8, 1}, {4, 7}, {3, 6}, {2, 5}], [{8, 1}, {4, 7}, {5, 6}, {2, 3}], [{8, 1}, {5, 7}, {2, 6}, {3, 4}], [{8, 1}, {5, 7}, {3, 6}, {2, 4}], [{8, 1}, {5, 7}, {4, 6}, {2, 3}], [{8, 1}, {6, 7}, {2, 5}, {3, 4}], [{8, 1}, {6, 7}, {2, 5}, {4}, {3}], [{8, 1}, {6, 7}, {3, 5}, {2, 4}], [{8, 1}, {6, 7}, {4, 5}, {2, 3}], [{8, 1}, {6, 7}, {5}, {3, 4}, {2}], [{8, 1}, {7}, {2, 6}, {3, 5}, {4}], [{8, 1}, {7}, {4, 6}, {3, 5}, {2}], [{8, 1}, {7}, {5, 6}, {4}, {2, 3}], [{8, 1}, {7}, {6}, {2, 5}, {3, 4}], [{8, 1}, {7}, {6}, {3, 5}, {2, 4}], [{8, 2}, {1, 7}, {3, 6}, {4, 5}], [{8, 2}, {1, 7}, {4, 6}, {3, 5}], [{8, 2}, {1, 7}, {5, 6}, {3, 4}], [{8, 2}, {3, 7}, {1, 6}, {4, 5}], [{8, 2}, {3, 7}, {4, 6}, {1, 5}], [{8, 2}, {3, 7}, {5, 6}, {1, 4}], [{8, 2}, {4, 7}, {1, 6}, {3, 5}], [{8, 2}, {4, 7}, {3, 6}, {1, 5}], [{8, 2}, {4, 7}, {5, 6}, {1, 3}], [{8, 2}, {5, 7}, {1, 6}, {3, 4}], [{8, 2}, {5, 7}, {3, 6}, {1, 4}], [{8, 2}, {5, 7}, {4, 6}, {1, 3}], [{8, 2}, {5, 7}, {6}, {1, 4}, {3}], [{8, 2}, {6, 7}, {1, 5}, {3, 4}], [{8, 2}, {6, 7}, {3, 5}, {1, 4}], [{8, 2}, {6, 7}, {4, 5}, {1, 3}], [{8, 2}, {6, 7}, {5}, {1, 4}, {3}], [{8, 2}, {7}, {4, 6}, {3, 5}, {1}], [{8, 2}, {7}, {5, 6}, {1, 4}, {3}], [{8, 3}, {1, 7}, {2, 6}, {4, 5}], [{8, 3}, {1, 7}, {4, 6}, {2, 5}], [{8, 3}, {1, 7}, {5, 6}, {2, 4}], [{8, 3}, {2, 7}, {1, 6}, {4, 5}], [{8, 3}, {2, 7}, {4, 6}, {1, 5}], [{8, 3}, {2, 7}, {5, 6}, {1, 4}], [{8, 3}, {4, 7}, {1, 6}, {2, 5}], [{8, 3}, {4, 7}, {2, 6}, {1, 5}], [{8, 3}, {4, 7}, {5, 6}, {1, 2}], [{8, 3}, {4, 7}, {5, 6}, {2}, {1}], [{8, 3}, {5, 7}, {1, 6}, {2, 4}], [{8, 3}, {5, 7}, {2, 6}, {1, 4}], [{8, 3}, {5, 7}, {4, 6}, {1, 2}], [{8, 3}, {6, 7}, {1, 5}, {2, 4}], [{8, 3}, {6, 7}, {2, 5}, {1, 4}], [{8, 3}, {6, 7}, {4, 5}, {1, 2}], [{8, 4}, {1, 7}, {2, 6}, {3, 5}], [{8, 4}, {1, 7}, {3, 6}, {2, 5}], [{8, 4}, {1, 7}, {5, 6}, {2, 3}], [{8, 4}, {2, 7}, {1, 6}, {3, 5}], [{8, 4}, {2, 7}, {3, 6}, {1, 5}], [{8, 4}, {2, 7}, {5, 6}, {1, 3}], [{8, 4}, {3, 7}, {1, 6}, {2, 5}], [{8, 4}, {3, 7}, {1, 6}, {5}, {2}], [{8, 4}, {3, 7}, {2, 6}, {1, 5}], [{8, 4}, {3, 7}, {5, 6}, {1, 2}], [{8, 4}, {5, 7}, {1, 6}, {2, 3}], [{8, 4}, {5, 7}, {2, 6}, {1, 3}], [{8, 4}, {5, 7}, {3, 6}, {1, 2}], [{8, 4}, {6, 7}, {1, 5}, {2, 3}], [{8, 4}, {6, 7}, {1, 5}, {3}, {2}], [{8, 4}, {6, 7}, {2, 5}, {1, 3}], [{8, 4}, {6, 7}, {3, 5}, {1, 2}], [{8, 4}, {7}, {2, 6}, {3, 5}, {1}], [{8, 5}, {1, 7}, {2, 6}, {3, 4}], [{8, 5}, {1, 7}, {3, 6}, {2, 4}], [{8, 5}, {1, 7}, {4, 6}, {2, 3}], [{8, 5}, {1, 7}, {6}, {3, 4}, {2}], [{8, 5}, {2, 7}, {1, 6}, {3, 4}], [{8, 5}, {2, 7}, {3, 6}, {1, 4}], [{8, 5}, {2, 7}, {4, 6}, {1, 3}], [{8, 5}, {2, 7}, {6}, {4}, {1, 3}], [{8, 5}, {3, 7}, {1, 6}, {2, 4}], [{8, 5}, {3, 7}, {2, 6}, {1, 4}], [{8, 5}, {3, 7}, {4, 6}, {1, 2}], [{8, 5}, {4, 7}, {1, 6}, {2, 3}], [{8, 5}, {4, 7}, {2, 6}, {1, 3}], [{8, 5}, {4, 7}, {3, 6}, {1, 2}], [{8, 5}, {6, 7}, {1, 4}, {2, 3}], [{8, 5}, {6, 7}, {2, 4}, {1, 3}], [{8, 5}, {6, 7}, {3, 4}, {1, 2}], [{8, 6}, {1, 7}, {2, 5}, {3, 4}], [{8, 6}, {1, 7}, {3, 5}, {2, 4}], [{8, 6}, {1, 7}, {4, 5}, {2, 3}], [{8, 6}, {2, 7}, {1, 5}, {3, 4}], [{8, 6}, {2, 7}, {3, 5}, {1, 4}], [{8, 6}, {2, 7}, {4, 5}, {1, 3}], [{8, 6}, {3, 7}, {1, 5}, {2, 4}], [{8, 6}, {3, 7}, {2, 5}, {1, 4}], [{8, 6}, {3, 7}, {4, 5}, {1, 2}], [{8, 6}, {4, 7}, {1, 5}, {2, 3}], [{8, 6}, {4, 7}, {2, 5}, {1, 3}], [{8, 6}, {4, 7}, {3, 5}, {1, 2}], [{8, 6}, {5, 7}, {1, 4}, {2, 3}], [{8, 6}, {5, 7}, {2, 4}, {1, 3}], [{8, 6}, {5, 7}, {3, 4}, {1, 2}], [{8, 6}, {7}, {2, 5}, {1, 4}, {3}], [{8, 6}, {7}, {3, 5}, {2, 4}, {1}], [{8, 7}, {1, 6}, {2, 5}, {3, 4}], [{8, 7}, {1, 6}, {3, 5}, {2, 4}], [{8, 7}, {1, 6}, {4, 5}, {2, 3}], [{8, 7}, {2, 6}, {1, 5}, {3, 4}], [{8, 7}, {2, 6}, {3, 5}, {1, 4}], [{8, 7}, {2, 6}, {3, 5}, {4}, {1}], [{8, 7}, {2, 6}, {4, 5}, {1, 3}], [{8, 7}, {3, 6}, {1, 5}, {2, 4}], [{8, 7}, {3, 6}, {2, 5}, {1, 4}], [{8, 7}, {3, 6}, {4, 5}, {1, 2}], [{8, 7}, {3, 6}, {5}, {1, 4}, {2}], [{8, 7}, {4, 6}, {1, 5}, {2, 3}], [{8, 7}, {4, 6}, {2, 5}, {1, 3}], [{8, 7}, {4, 6}, {3, 5}, {1, 2}], [{8, 7}, {4, 6}, {3, 5}, {2}, {1}], [{8, 7}, {5, 6}, {1, 4}, {2, 3}], [{8, 7}, {5, 6}, {2, 4}, {1, 3}], [{8, 7}, {5, 6}, {3, 4}, {1, 2}], [{8, 7}, {5, 6}, {3, 4}, {2}, {1}], [{8, 7}, {6}, {3, 5}, {2, 4}, {1}], [{8}, {1, 7}, {2, 6}, {3, 5}, {4}], [{8}, {1, 7}, {4, 6}, {3, 5}, {2}], [{8}, {1, 7}, {6}, {3, 5}, {2, 4}], [{8}, {2, 7}, {4, 6}, {3, 5}, {1}], [{8}, {4, 7}, {2, 6}, {3, 5}, {1}], [{8}, {6, 7}, {3, 5}, {2, 4}, {1}], [{8}, {7}, {1, 6}, {3, 5}, {2, 4}], [{8}, {7}, {2, 6}, {3, 5}, {1, 4}], [{8}, {7}, {2, 6}, {3, 5}, {4}, {1}], [{8}, {7}, {4, 6}, {1, 5}, {2, 3}], [{8}, {7}, {4, 6}, {2, 5}, {1, 3}], [{8}, {7}, {4, 6}, {3, 5}, {1, 2}], [{8}, {7}, {4, 6}, {3, 5}, {2}, {1}], [{8}, {7}, {6}, {3, 5}, {2, 4}, {1}]]",2,- 8 K_1^4 + 4 K_1^3 + 16 K_1^2 K_2 - 6 K_1^2 - 6 K_1 K_2 - 8 K_1 K_3 - 2 K_2^2 + 3 K_2 + 2 K_3 + 2 K_4 + 4,O1O2O3O4U5U6O7U8O5O6U1U7U4U3O8U2,O1O2O3O4U5U6O7U3O5O6U2U1U8U4O8U7,O1O2O3O4U5O6U1U6U4U3O7O8U2O5U7U8,c,{'O1O2O3O4U3O5U2U1U6U4O7O8U5O6U7U8'},1,"<a href=""/flatknot/8.733557"">8.733557</a>",t^9-52t^7-50t^6+354t^5+362t^4-325t^3-92t^2+53t+14,-t^3+t^2+t,,
8.733558,O1O2O3O4U3O5U2U1U6U4O7O8U5O6U8U7,4,5z^3+39z^2+93z+71,5w^4z^3-6w^4z^2+45w^3z^2-16w^3z+109w^2z+71w,False,False,"[[ 0 -2 -2 -1  3  2  0  0  0],[ 2  0  0  0  3  3  0  1  1],[ 2  0  0  0  2  2  0  1  1],[ 1  0  0  0  1  1  0  0  0],[-3 -3 -2 -1  0  1 -4  0  0],[-2 -3 -2 -1 -1  0 -2  1  0],[ 0  0  0  0  4  2  0 -1  0],[ 0 -1 -1  0  0 -1  1  0  0],[ 0 -1 -1  0  0  0  0  0  0]]","[[ 0  3  2  0  0  0 -1 -2 -2],[-3  0  1  0  0 -4 -1 -2 -3],[-2 -1  0  1  0 -2 -1 -2 -3],[ 0  0 -1  0  0  1  0 -1 -1],[ 0  0  0  0  0  0  0 -1 -1],[ 0  4  2 -1  0  0  0  0  0],[ 1  1  1  0  0  0  0  0  0],[ 2  2  2  1  1  0  0  0  0],[ 2  3  3  1  1  0  0  0  0]]",True,"[-3,-2,0,0,0,1,2,2,-1,0,0,4,1,2,3,-1,0,2,1,2,3,0,-1,0,1,1,0,0,1,1,0,0,0,0,0,0]","[-3,-2,0,0,0,1,2,2,-1,0,0,4,1,2,3,-1,0,2,1,2,3,0,-1,0,1,1,0,0,1,1,0,0,0,0,0,0]",t^8+55t^6+277t^4+51t^2,"[-2,-2,-1,0,0,0,2,3,0,1,1,1,2,1,2,1,1,1,2,2,3,1,1,1,2,3,0,-1,3,3,0,2,3,0,-1,2]","[-3,-2,0,0,0,1,2,2,2,-1,3,3,3,2,3,0,2,3,2,1,2,0,-1,1,2,2,0,1,1,1,1,1,1,1,1,0]","[-2,-2,-1,0,0,0,2,3,0,0,0,1,1,2,2,0,0,1,1,3,3,0,0,0,1,1,-1,0,2,4,0,-1,0,0,0,-1]",c,"[[{8, 1}, {2, 7}, {3, 6}, {4, 5}], [{8, 1}, {2, 7}, {4, 6}, {3, 5}], [{8, 1}, {2, 7}, {5, 6}, {3, 4}], [{8, 1}, {2, 7}, {5, 6}, {4}, {3}], [{8, 1}, {3, 7}, {2, 6}, {4, 5}], [{8, 1}, {3, 7}, {4, 6}, {2, 5}], [{8, 1}, {3, 7}, {5, 6}, {2, 4}], [{8, 1}, {4, 7}, {2, 6}, {3, 5}], [{8, 1}, {4, 7}, {3, 6}, {2, 5}], [{8, 1}, {4, 7}, {5, 6}, {2, 3}], [{8, 1}, {5, 7}, {2, 6}, {3, 4}], [{8, 1}, {5, 7}, {3, 6}, {2, 4}], [{8, 1}, {5, 7}, {4, 6}, {2, 3}], [{8, 1}, {5, 7}, {6}, {3, 4}, {2}], [{8, 1}, {6, 7}, {2, 5}, {3, 4}], [{8, 1}, {6, 7}, {3, 5}, {2, 4}], [{8, 1}, {6, 7}, {4, 5}, {2, 3}], [{8, 1}, {6, 7}, {5}, {3, 4}, {2}], [{8, 1}, {7}, {5, 6}, {3, 4}, {2}], [{8, 2}, {1, 7}, {3, 6}, {4, 5}], [{8, 2}, {1, 7}, {3, 6}, {5}, {4}], [{8, 2}, {1, 7}, {4, 6}, {3, 5}], [{8, 2}, {1, 7}, {4, 6}, {5}, {3}], [{8, 2}, {1, 7}, {5, 6}, {3, 4}], [{8, 2}, {1, 7}, {5, 6}, {4}, {3}], [{8, 2}, {1, 7}, {6}, {3, 5}, {4}], [{8, 2}, {1, 7}, {6}, {4, 5}, {3}], [{8, 2}, {1, 7}, {6}, {5}, {3, 4}], [{8, 2}, {1, 7}, {6}, {5}, {4}, {3}], [{8, 2}, {3, 7}, {1, 6}, {4, 5}], [{8, 2}, {3, 7}, {4, 6}, {1, 5}], [{8, 2}, {3, 7}, {5, 6}, {1, 4}], [{8, 2}, {4, 7}, {1, 6}, {3, 5}], [{8, 2}, {4, 7}, {3, 6}, {1, 5}], [{8, 2}, {4, 7}, {3, 6}, {5}, {1}], [{8, 2}, {4, 7}, {5, 6}, {1, 3}], [{8, 2}, {5, 7}, {1, 6}, {3, 4}], [{8, 2}, {5, 7}, {3, 6}, {1, 4}], [{8, 2}, {5, 7}, {4, 6}, {1, 3}], [{8, 2}, {6, 7}, {1, 5}, {3, 4}], [{8, 2}, {6, 7}, {3, 5}, {1, 4}], [{8, 2}, {6, 7}, {4, 5}, {1, 3}], [{8, 2}, {7}, {3, 6}, {5}, {1, 4}], [{8, 2}, {7}, {5, 6}, {3, 4}, {1}], [{8, 3}, {1, 7}, {2, 6}, {4, 5}], [{8, 3}, {1, 7}, {4, 6}, {2, 5}], [{8, 3}, {1, 7}, {5, 6}, {2, 4}], [{8, 3}, {2, 7}, {1, 6}, {4, 5}], [{8, 3}, {2, 7}, {4, 6}, {1, 5}], [{8, 3}, {2, 7}, {5, 6}, {1, 4}], [{8, 3}, {4, 7}, {1, 6}, {2, 5}], [{8, 3}, {4, 7}, {2, 6}, {1, 5}], [{8, 3}, {4, 7}, {5, 6}, {1, 2}], [{8, 3}, {5, 7}, {1, 6}, {2, 4}], [{8, 3}, {5, 7}, {2, 6}, {1, 4}], [{8, 3}, {5, 7}, {4, 6}, {1, 2}], [{8, 3}, {5, 7}, {4, 6}, {2}, {1}], [{8, 3}, {6, 7}, {1, 5}, {2, 4}], [{8, 3}, {6, 7}, {2, 5}, {1, 4}], [{8, 3}, {6, 7}, {4, 5}, {1, 2}], [{8, 4}, {1, 7}, {2, 6}, {3, 5}], [{8, 4}, {1, 7}, {3, 6}, {2, 5}], [{8, 4}, {1, 7}, {5, 6}, {2, 3}], [{8, 4}, {2, 7}, {1, 6}, {3, 5}], [{8, 4}, {2, 7}, {3, 6}, {1, 5}], [{8, 4}, {2, 7}, {5, 6}, {1, 3}], [{8, 4}, {3, 7}, {1, 6}, {2, 5}], [{8, 4}, {3, 7}, {2, 6}, {1, 5}], [{8, 4}, {3, 7}, {5, 6}, {1, 2}], [{8, 4}, {5, 7}, {1, 6}, {2, 3}], [{8, 4}, {5, 7}, {2, 6}, {1, 3}], [{8, 4}, {5, 7}, {3, 6}, {1, 2}], [{8, 4}, {6, 7}, {1, 5}, {2, 3}], [{8, 4}, {6, 7}, {1, 5}, {3}, {2}], [{8, 4}, {6, 7}, {2, 5}, {1, 3}], [{8, 4}, {6, 7}, {3, 5}, {1, 2}], [{8, 4}, {7}, {3, 6}, {2, 5}, {1}], [{8, 5}, {1, 7}, {2, 6}, {3, 4}], [{8, 5}, {1, 7}, {3, 6}, {2, 4}], [{8, 5}, {1, 7}, {4, 6}, {2, 3}], [{8, 5}, {2, 7}, {1, 6}, {3, 4}], [{8, 5}, {2, 7}, {1, 6}, {4}, {3}], [{8, 5}, {2, 7}, {3, 6}, {1, 4}], [{8, 5}, {2, 7}, {4, 6}, {1, 3}], [{8, 5}, {3, 7}, {1, 6}, {2, 4}], [{8, 5}, {3, 7}, {2, 6}, {1, 4}], [{8, 5}, {3, 7}, {4, 6}, {1, 2}], [{8, 5}, {4, 7}, {1, 6}, {2, 3}], [{8, 5}, {4, 7}, {2, 6}, {1, 3}], [{8, 5}, {4, 7}, {3, 6}, {1, 2}], [{8, 5}, {6, 7}, {1, 4}, {2, 3}], [{8, 5}, {6, 7}, {2, 4}, {1, 3}], [{8, 5}, {6, 7}, {3, 4}, {1, 2}], [{8, 5}, {7}, {3, 6}, {4}, {1, 2}], [{8, 6}, {1, 7}, {2, 5}, {3, 4}], [{8, 6}, {1, 7}, {3, 5}, {2, 4}], [{8, 6}, {1, 7}, {4, 5}, {2, 3}], [{8, 6}, {2, 7}, {1, 5}, {3, 4}], [{8, 6}, {2, 7}, {3, 5}, {1, 4}], [{8, 6}, {2, 7}, {4, 5}, {1, 3}], [{8, 6}, {3, 7}, {1, 5}, {2, 4}], [{8, 6}, {3, 7}, {2, 5}, {1, 4}], [{8, 6}, {3, 7}, {4, 5}, {1, 2}], [{8, 6}, {4, 7}, {1, 5}, {2, 3}], [{8, 6}, {4, 7}, {2, 5}, {1, 3}], [{8, 6}, {4, 7}, {3, 5}, {1, 2}], [{8, 6}, {4, 7}, {3, 5}, {2}, {1}], [{8, 6}, {5, 7}, {1, 4}, {2, 3}], [{8, 6}, {5, 7}, {2, 4}, {1, 3}], [{8, 6}, {5, 7}, {3, 4}, {1, 2}], [{8, 7}, {1, 6}, {2, 5}, {3, 4}], [{8, 7}, {1, 6}, {3, 5}, {2, 4}], [{8, 7}, {1, 6}, {4, 5}, {2, 3}], [{8, 7}, {2, 6}, {1, 5}, {3, 4}], [{8, 7}, {2, 6}, {3, 5}, {1, 4}], [{8, 7}, {2, 6}, {3, 5}, {4}, {1}], [{8, 7}, {2, 6}, {4, 5}, {1, 3}], [{8, 7}, {3, 6}, {1, 5}, {2, 4}], [{8, 7}, {3, 6}, {2, 5}, {1, 4}], [{8, 7}, {3, 6}, {4, 5}, {1, 2}], [{8, 7}, {3, 6}, {5}, {1, 4}, {2}], [{8, 7}, {4, 6}, {1, 5}, {2, 3}], [{8, 7}, {4, 6}, {2, 5}, {1, 3}], [{8, 7}, {4, 6}, {3, 5}, {1, 2}], [{8, 7}, {4, 6}, {3, 5}, {2}, {1}], [{8, 7}, {5, 6}, {1, 4}, {2, 3}], [{8, 7}, {5, 6}, {2, 4}, {1, 3}], [{8, 7}, {5, 6}, {3, 4}, {1, 2}], [{8, 7}, {5, 6}, {3, 4}, {2}, {1}], [{8, 7}, {6}, {3, 5}, {2, 4}, {1}], [{8}, {1, 7}, {5, 6}, {3, 4}, {2}], [{8}, {2, 7}, {3, 6}, {5}, {1, 4}], [{8}, {2, 7}, {5, 6}, {3, 4}, {1}], [{8}, {3, 7}, {2, 6}, {5}, {1, 4}], [{8}, {3, 7}, {4, 6}, {2, 5}, {1}], [{8}, {4, 7}, {1, 6}, {5}, {2, 3}], [{8}, {4, 7}, {3, 6}, {1, 5}, {2}], [{8}, {5, 7}, {1, 6}, {2, 4}, {3}], [{8}, {7}, {5, 6}, {1, 4}, {2, 3}], [{8}, {7}, {5, 6}, {2, 4}, {1, 3}], [{8}, {7}, {5, 6}, {3, 4}, {1, 2}], [{8}, {7}, {5, 6}, {3, 4}, {2}, {1}]]",2,4 K_1^3 - 2 K_1^2 - 2 K_1 K_2 - 2 K_1 + K_2 + 2,O1O2O3O4U5U6O7U8O6O5U1U7U4U3O8U2,O1O2O3O4U5U6O7U3O6O5U2U1U8U4O8U7,O1O2O3O4U5O6U1U6U4U3O7O8U2O5U8U7,c,{'O1O2O3O4U3O5U2U1U6U4O7O8U5O6U8U7'},1,"<a href=""/flatknot/8.733558"">8.733558</a>",t^9-51t^7-46t^6+266t^5+190t^4-145t^3-64t^2+26t-2,-t^3+t^2+t,,
8.733559,O1O2O3O4U3O5U2U1U6U4O7O8U7O6U5U8,3,21z^2+86z+89,21w^3z^2-4w^3z+90w^2z+89w,False,False,"[[ 0 -2 -2 -1  3  2  0 -1  1],[ 2  0  0  0  3  3  1  0  1],[ 2  0  0  0  2  2  1  0  1],[ 1  0  0  0  1  1  0  0  0],[-3 -3 -2 -1  0  0 -3  0  0],[-2 -3 -2 -1  0  0 -2  0  1],[ 0 -1 -1  0  3  2  0 -1  0],[ 1  0  0  0  0  0  1  0  1],[-1 -1 -1  0  0 -1  0 -1  0]]","[[ 0  3  2  1  0 -1 -1 -2 -2],[-3  0  0  0 -3  0 -1 -2 -3],[-2  0  0  1 -2  0 -1 -2 -3],[-1  0 -1  0  0 -1  0 -1 -1],[ 0  3  2  0  0 -1  0 -1 -1],[ 1  0  0  1  1  0  0  0  0],[ 1  1  1  0  0  0  0  0  0],[ 2  2  2  1  1  0  0  0  0],[ 2  3  3  1  1  0  0  0  0]]",True,"[-3,-2,-1,0,1,1,2,2,0,0,3,0,1,2,3,-1,2,0,1,2,3,0,1,0,1,1,1,0,1,1,0,0,0,0,0,0]","[-3,-2,-1,0,1,1,2,2,0,0,3,0,1,2,3,-1,2,0,1,2,3,0,1,0,1,1,1,0,1,1,0,0,0,0,0,0]",t^8+48t^6+159t^4,"[-2,-2,-1,-1,0,1,2,3,0,1,1,1,2,1,2,1,1,1,2,2,3,0,0,1,3,4,1,2,2,3,1,0,0,2,2,1]","[-3,-2,-1,0,1,1,2,2,1,2,0,3,4,2,3,2,0,2,3,1,2,1,2,1,2,2,1,0,1,1,0,1,1,1,1,0]","[-2,-2,-1,-1,0,1,2,3,0,0,0,1,1,2,2,0,0,1,1,3,3,0,0,0,1,1,1,1,0,0,0,2,3,-1,0,0]",c,"[[{8, 1}, {2, 7}, {3, 6}, {4, 5}], [{8, 1}, {2, 7}, {4, 6}, {3, 5}], [{8, 1}, {2, 7}, {5, 6}, {3, 4}], [{8, 1}, {2, 7}, {5, 6}, {4}, {3}], [{8, 1}, {3, 7}, {2, 6}, {4, 5}], [{8, 1}, {3, 7}, {4, 6}, {2, 5}], [{8, 1}, {3, 7}, {5, 6}, {2, 4}], [{8, 1}, {3, 7}, {5, 6}, {4}, {2}], [{8, 1}, {4, 7}, {2, 6}, {3, 5}], [{8, 1}, {4, 7}, {2, 6}, {5}, {3}], [{8, 1}, {4, 7}, {3, 6}, {2, 5}], [{8, 1}, {4, 7}, {3, 6}, {5}, {2}], [{8, 1}, {4, 7}, {5, 6}, {2, 3}], [{8, 1}, {4, 7}, {6}, {5}, {2, 3}], [{8, 1}, {5, 7}, {2, 6}, {3, 4}], [{8, 1}, {5, 7}, {3, 6}, {2, 4}], [{8, 1}, {5, 7}, {4, 6}, {2, 3}], [{8, 1}, {5, 7}, {6}, {4}, {2, 3}], [{8, 1}, {6, 7}, {2, 5}, {3, 4}], [{8, 1}, {6, 7}, {2, 5}, {4}, {3}], [{8, 1}, {6, 7}, {3, 5}, {2, 4}], [{8, 1}, {6, 7}, {3, 5}, {4}, {2}], [{8, 1}, {6, 7}, {4, 5}, {2, 3}], [{8, 1}, {6, 7}, {4, 5}, {3}, {2}], [{8, 1}, {6, 7}, {5}, {2, 4}, {3}], [{8, 1}, {6, 7}, {5}, {3, 4}, {2}], [{8, 1}, {6, 7}, {5}, {4}, {2, 3}], [{8, 1}, {7}, {4, 6}, {5}, {2, 3}], [{8, 1}, {7}, {5, 6}, {4}, {2, 3}], [{8, 1}, {7}, {6}, {2, 5}, {3, 4}], [{8, 1}, {7}, {6}, {3, 5}, {2, 4}], [{8, 1}, {7}, {6}, {4, 5}, {2, 3}], [{8, 1}, {7}, {6}, {5}, {4}, {2, 3}], [{8, 2}, {1, 7}, {3, 6}, {4, 5}], [{8, 2}, {1, 7}, {4, 6}, {3, 5}], [{8, 2}, {1, 7}, {5, 6}, {3, 4}], [{8, 2}, {3, 7}, {1, 6}, {4, 5}], [{8, 2}, {3, 7}, {4, 6}, {1, 5}], [{8, 2}, {3, 7}, {5, 6}, {1, 4}], [{8, 2}, {3, 7}, {5, 6}, {4}, {1}], [{8, 2}, {4, 7}, {1, 6}, {3, 5}], [{8, 2}, {4, 7}, {1, 6}, {5}, {3}], [{8, 2}, {4, 7}, {3, 6}, {1, 5}], [{8, 2}, {4, 7}, {3, 6}, {5}, {1}], [{8, 2}, {4, 7}, {5, 6}, {1, 3}], [{8, 2}, {4, 7}, {6}, {5}, {1, 3}], [{8, 2}, {5, 7}, {1, 6}, {3, 4}], [{8, 2}, {5, 7}, {3, 6}, {1, 4}], [{8, 2}, {5, 7}, {4, 6}, {1, 3}], [{8, 2}, {6, 7}, {1, 5}, {3, 4}], [{8, 2}, {6, 7}, {3, 5}, {1, 4}], [{8, 2}, {6, 7}, {3, 5}, {4}, {1}], [{8, 2}, {6, 7}, {4, 5}, {1, 3}], [{8, 2}, {6, 7}, {5}, {1, 4}, {3}], [{8, 2}, {7}, {6}, {1, 5}, {3, 4}], [{8, 2}, {7}, {6}, {3, 5}, {1, 4}], [{8, 3}, {1, 7}, {2, 6}, {4, 5}], [{8, 3}, {1, 7}, {4, 6}, {2, 5}], [{8, 3}, {1, 7}, {5, 6}, {2, 4}], [{8, 3}, {1, 7}, {6}, {2, 5}, {4}], [{8, 3}, {2, 7}, {1, 6}, {4, 5}], [{8, 3}, {2, 7}, {4, 6}, {1, 5}], [{8, 3}, {2, 7}, {5, 6}, {1, 4}], [{8, 3}, {2, 7}, {6}, {1, 5}, {4}], [{8, 3}, {4, 7}, {1, 6}, {2, 5}], [{8, 3}, {4, 7}, {1, 6}, {5}, {2}], [{8, 3}, {4, 7}, {2, 6}, {1, 5}], [{8, 3}, {4, 7}, {2, 6}, {5}, {1}], [{8, 3}, {4, 7}, {5, 6}, {1, 2}], [{8, 3}, {4, 7}, {5, 6}, {2}, {1}], [{8, 3}, {4, 7}, {6}, {1, 5}, {2}], [{8, 3}, {4, 7}, {6}, {2, 5}, {1}], [{8, 3}, {4, 7}, {6}, {5}, {1, 2}], [{8, 3}, {4, 7}, {6}, {5}, {2}, {1}], [{8, 3}, {5, 7}, {1, 6}, {2, 4}], [{8, 3}, {5, 7}, {2, 6}, {1, 4}], [{8, 3}, {5, 7}, {4, 6}, {1, 2}], [{8, 3}, {6, 7}, {1, 5}, {2, 4}], [{8, 3}, {6, 7}, {2, 5}, {1, 4}], [{8, 3}, {6, 7}, {4, 5}, {1, 2}], [{8, 3}, {7}, {6}, {1, 5}, {2, 4}], [{8, 3}, {7}, {6}, {2, 5}, {1, 4}], [{8, 4}, {1, 7}, {2, 6}, {3, 5}], [{8, 4}, {1, 7}, {3, 6}, {2, 5}], [{8, 4}, {1, 7}, {5, 6}, {2, 3}], [{8, 4}, {1, 7}, {5, 6}, {3}, {2}], [{8, 4}, {2, 7}, {1, 6}, {3, 5}], [{8, 4}, {2, 7}, {3, 6}, {1, 5}], [{8, 4}, {2, 7}, {5, 6}, {1, 3}], [{8, 4}, {2, 7}, {5, 6}, {3}, {1}], [{8, 4}, {3, 7}, {1, 6}, {2, 5}], [{8, 4}, {3, 7}, {1, 6}, {5}, {2}], [{8, 4}, {3, 7}, {2, 6}, {1, 5}], [{8, 4}, {3, 7}, {2, 6}, {5}, {1}], [{8, 4}, {3, 7}, {5, 6}, {1, 2}], [{8, 4}, {3, 7}, {5, 6}, {2}, {1}], [{8, 4}, {3, 7}, {6}, {1, 5}, {2}], [{8, 4}, {3, 7}, {6}, {2, 5}, {1}], [{8, 4}, {3, 7}, {6}, {5}, {1, 2}], [{8, 4}, {3, 7}, {6}, {5}, {2}, {1}], [{8, 4}, {5, 7}, {1, 6}, {2, 3}], [{8, 4}, {5, 7}, {2, 6}, {1, 3}], [{8, 4}, {5, 7}, {3, 6}, {1, 2}], [{8, 4}, {5, 7}, {3, 6}, {2}, {1}], [{8, 4}, {6, 7}, {1, 5}, {2, 3}], [{8, 4}, {6, 7}, {2, 5}, {1, 3}], [{8, 4}, {6, 7}, {3, 5}, {1, 2}], [{8, 4}, {6, 7}, {3, 5}, {2}, {1}], [{8, 4}, {7}, {5, 6}, {1, 3}, {2}], [{8, 4}, {7}, {5, 6}, {2, 3}, {1}], [{8, 4}, {7}, {5, 6}, {3}, {1, 2}], [{8, 4}, {7}, {5, 6}, {3}, {2}, {1}], [{8, 5}, {1, 7}, {2, 6}, {3, 4}], [{8, 5}, {1, 7}, {3, 6}, {2, 4}], [{8, 5}, {1, 7}, {4, 6}, {2, 3}], [{8, 5}, {1, 7}, {4, 6}, {3}, {2}], [{8, 5}, {2, 7}, {1, 6}, {3, 4}], [{8, 5}, {2, 7}, {3, 6}, {1, 4}], [{8, 5}, {2, 7}, {4, 6}, {1, 3}], [{8, 5}, {2, 7}, {4, 6}, {3}, {1}], [{8, 5}, {3, 7}, {1, 6}, {2, 4}], [{8, 5}, {3, 7}, {2, 6}, {1, 4}], [{8, 5}, {3, 7}, {4, 6}, {1, 2}], [{8, 5}, {3, 7}, {4, 6}, {2}, {1}], [{8, 5}, {4, 7}, {1, 6}, {2, 3}], [{8, 5}, {4, 7}, {2, 6}, {1, 3}], [{8, 5}, {4, 7}, {3, 6}, {1, 2}], [{8, 5}, {6, 7}, {1, 4}, {2, 3}], [{8, 5}, {6, 7}, {2, 4}, {1, 3}], [{8, 5}, {6, 7}, {3, 4}, {1, 2}], [{8, 5}, {7}, {4, 6}, {1, 3}, {2}], [{8, 5}, {7}, {4, 6}, {2, 3}, {1}], [{8, 5}, {7}, {4, 6}, {3}, {1, 2}], [{8, 5}, {7}, {4, 6}, {3}, {2}, {1}], [{8, 6}, {1, 7}, {2, 5}, {3, 4}], [{8, 6}, {1, 7}, {3, 5}, {2, 4}], [{8, 6}, {1, 7}, {4, 5}, {2, 3}], [{8, 6}, {1, 7}, {4, 5}, {3}, {2}], [{8, 6}, {2, 7}, {1, 5}, {3, 4}], [{8, 6}, {2, 7}, {3, 5}, {1, 4}], [{8, 6}, {2, 7}, {4, 5}, {1, 3}], [{8, 6}, {2, 7}, {5}, {4}, {1, 3}], [{8, 6}, {3, 7}, {1, 5}, {2, 4}], [{8, 6}, {3, 7}, {2, 5}, {1, 4}], [{8, 6}, {3, 7}, {4, 5}, {1, 2}], [{8, 6}, {3, 7}, {4, 5}, {2}, {1}], [{8, 6}, {4, 7}, {1, 5}, {2, 3}], [{8, 6}, {4, 7}, {2, 5}, {1, 3}], [{8, 6}, {4, 7}, {3, 5}, {1, 2}], [{8, 6}, {4, 7}, {5}, {1, 3}, {2}], [{8, 6}, {4, 7}, {5}, {2, 3}, {1}], [{8, 6}, {4, 7}, {5}, {3}, {1, 2}], [{8, 6}, {5, 7}, {1, 4}, {2, 3}], [{8, 6}, {5, 7}, {2, 4}, {1, 3}], [{8, 6}, {5, 7}, {3, 4}, {1, 2}], [{8, 6}, {5, 7}, {4}, {1, 3}, {2}], [{8, 6}, {7}, {2, 5}, {4}, {1, 3}], [{8, 6}, {7}, {4, 5}, {1, 3}, {2}], [{8, 6}, {7}, {5}, {2, 4}, {1, 3}], [{8, 6}, {7}, {5}, {4}, {1, 3}, {2}], [{8, 7}, {1, 6}, {2, 5}, {3, 4}], [{8, 7}, {1, 6}, {3, 5}, {2, 4}], [{8, 7}, {1, 6}, {4, 5}, {2, 3}], [{8, 7}, {1, 6}, {5}, {2, 4}, {3}], [{8, 7}, {2, 6}, {1, 5}, {3, 4}], [{8, 7}, {2, 6}, {3, 5}, {1, 4}], [{8, 7}, {2, 6}, {4, 5}, {1, 3}], [{8, 7}, {2, 6}, {5}, {1, 4}, {3}], [{8, 7}, {3, 6}, {1, 5}, {2, 4}], [{8, 7}, {3, 6}, {2, 5}, {1, 4}], [{8, 7}, {3, 6}, {4, 5}, {1, 2}], [{8, 7}, {4, 6}, {1, 5}, {2, 3}], [{8, 7}, {4, 6}, {2, 5}, {1, 3}], [{8, 7}, {4, 6}, {3, 5}, {1, 2}], [{8, 7}, {5, 6}, {1, 4}, {2, 3}], [{8, 7}, {5, 6}, {2, 4}, {1, 3}], [{8, 7}, {5, 6}, {3, 4}, {1, 2}], [{8, 7}, {5, 6}, {3, 4}, {2}, {1}], [{8}, {1, 7}, {3, 6}, {5}, {2, 4}], [{8}, {2, 7}, {5, 6}, {1, 4}, {3}], [{8}, {3, 7}, {5, 6}, {1, 4}, {2}], [{8}, {3, 7}, {5, 6}, {2, 4}, {1}], [{8}, {3, 7}, {5, 6}, {4}, {1, 2}], [{8}, {3, 7}, {5, 6}, {4}, {2}, {1}], [{8}, {4, 7}, {1, 6}, {5}, {2, 3}], [{8}, {4, 7}, {2, 6}, {5}, {1, 3}], [{8}, {4, 7}, {3, 6}, {5}, {1, 2}], [{8}, {6, 7}, {2, 5}, {3, 4}, {1}], [{8}, {6, 7}, {3, 5}, {1, 4}, {2}], [{8}, {6, 7}, {3, 5}, {2, 4}, {1}], [{8}, {6, 7}, {3, 5}, {4}, {1, 2}], [{8}, {6, 7}, {3, 5}, {4}, {2}, {1}], [{8}, {6, 7}, {4, 5}, {2, 3}, {1}], [{8}, {7}, {4, 6}, {1, 5}, {2, 3}], [{8}, {7}, {5, 6}, {1, 4}, {2, 3}]]",2,4 K_1^3 + 8 K_1^2 K_2 - 10 K_1^2 - 6 K_1 K_2 - 4 K_1 K_3 + 3 K_2 + 2 K_3 + 4,O1O2O3O4U5U6O7U8O5O8U1U7U4U3O6U2,O1O2O3O4U5U6O5U3O7O6U2U1U8U4O8U7,O1O2O3O4U5O6U1U6U4U3O7O5U2O8U7U8,c,{'O1O2O3O4U3O5U2U1U6U4O7O8U7O6U5U8'},1,"<a href=""/flatknot/8.733559"">8.733559</a>",t^9-44t^7-56t^6+228t^5+14t^4-135t^3-8t^2+28t,-t^3+t^2+t,,
8.733560,O1O2O3O4U3O5U2U1U6U4O7O8U7O6U8U5,4,26z^2+107z+111,26w^3z^2+107w^2z+111w,False,False,"[[ 0 -2 -2 -1  3  3  0 -1  0],[ 2  0  0  0  3  3  1  0  0],[ 2  0  0  0  2  2  1  0  0],[ 1  0  0  0  1  1  0  0  0],[-3 -3 -2 -1  0  0 -3  0 -1],[-3 -3 -2 -1  0  0 -2 -1  0],[ 0 -1 -1  0  3  2  0 -1 -1],[ 1  0  0  0  0  1  1  0  1],[ 0  0  0  0  1  0  1 -1  0]]","[[ 0  3  3  0  0 -1 -1 -2 -2],[-3  0  0  0 -2 -1 -1 -2 -3],[-3  0  0 -1 -3  0 -1 -2 -3],[ 0  0  1  0  1 -1  0  0  0],[ 0  2  3 -1  0 -1  0 -1 -1],[ 1  1  0  1  1  0  0  0  0],[ 1  1  1  0  0  0  0  0  0],[ 2  2  2  0  1  0  0  0  0],[ 2  3  3  0  1  0  0  0  0]]",True,"[-3,-3,0,0,1,1,2,2,0,0,2,1,1,2,3,1,3,0,1,2,3,-1,1,0,0,0,1,0,1,1,0,0,0,0,0,0]","[-3,-3,0,0,1,1,2,2,0,0,2,1,1,2,3,1,3,0,1,2,3,-1,1,0,0,0,1,0,1,1,0,0,0,0,0,0]",t^8+48t^6+145t^4+18t^2,"[-2,-2,-1,-1,0,0,3,3,0,1,1,1,2,2,2,1,1,1,2,3,3,0,0,0,3,4,1,1,3,3,1,1,0,3,2,0]","[-3,-3,0,0,1,1,2,2,0,0,2,3,4,2,3,1,3,3,3,2,3,-1,1,0,1,1,1,0,2,2,0,1,1,1,1,0]","[-2,-2,-1,-1,0,0,3,3,0,0,0,0,1,2,2,0,0,0,1,3,3,0,0,0,1,1,1,1,0,1,1,1,0,3,2,0]",c,"[[{8, 1}, {6, 7}, {2, 5}, {3, 4}], [{8, 7}, {1, 6}, {2, 5}, {3, 4}]]",1,8 K_1^3 + 4 K_1^2 K_2 - 4 K_1^2 - 12 K_1 K_2 - 4 K_1 K_3 + 2 K_2 + 4 K_3 + K_4 + 2,O1O2O3O4U5U6O7U8O6O8U1U7U4U3O5U2,O1O2O3O4U5U6O5U3O6O7U2U1U8U4O8U7,O1O2O3O4U5O6U1U6U4U3O5O7U2O8U7U8,c,{'O1O2O3O4U3O5U2U1U6U4O7O8U7O6U8U5'},1,"<a href=""/flatknot/8.733560"">8.733560</a>",t^9-40t^7-62t^6+209t^5+106t^4-305t^3+24t^2+34t-2,-2t^3+2t^2+2t,,
8.733561,O1O2O3O4U3O5U2U1U6U7O8O7U4O6U5U8,4,28z^2+113z+115,28w^3z^2+113w^2z+115w,False,False,"[[ 0 -2 -2 -1  2  2  0  1  0],[ 2  0  0  0  3  3  1  2  2],[ 2  0  0  0  2  2  1  2  2],[ 1  0  0  0  1  1  0  1  1],[-2 -3 -2 -1  0  0 -2 -2  0],[-2 -3 -2 -1  0  0 -2 -2 -1],[ 0 -1 -1  0  2  2  0  1  1],[-1 -2 -2 -1  2  2 -1  0  0],[ 0 -2 -2 -1  0  1 -1  0  0]]","[[ 0  2  2  1  0  0 -1 -2 -2],[-2  0  0 -2  0 -2 -1 -2 -3],[-2  0  0 -2 -1 -2 -1 -2 -3],[-1  2  2  0  0 -1 -1 -2 -2],[ 0  0  1  0  0 -1 -1 -2 -2],[ 0  2  2  1  1  0  0 -1 -1],[ 1  1  1  1  1  0  0  0  0],[ 2  2  2  2  2  1  0  0  0],[ 2  3  3  2  2  1  0  0  0]]",True,"[-2,-2,-1,0,0,1,2,2,0,2,0,2,1,2,3,2,1,2,1,2,3,0,1,1,2,2,1,1,2,2,0,1,1,0,0,0]","[-2,-2,-1,0,0,1,2,2,0,-1,0,1,2,1,2,-1,0,2,2,1,2,0,1,1,1,1,1,1,1,1,0,0,0,1,1,0]",t^8+67t^6+114t^4+24t^2+1,"[-2,-2,-1,0,0,1,2,2,0,1,0,1,1,1,1,1,0,1,1,2,2,0,1,1,2,2,1,1,1,2,0,0,0,-1,-1,0]","[-2,-2,-1,0,0,1,2,2,0,-1,0,1,2,1,2,-1,0,2,2,1,2,0,1,1,1,1,1,1,1,1,0,0,0,1,1,0]","[-2,-2,-1,0,0,1,2,2,0,0,1,2,2,2,2,0,1,2,2,3,3,0,1,1,1,1,1,1,2,2,0,0,1,2,2,0]",c,"[[{8, 1}, {2, 7}, {3, 6}, {4, 5}], [{8, 1}, {2, 7}, {4, 6}, {3, 5}], [{8, 1}, {2, 7}, {5, 6}, {3, 4}], [{8, 1}, {2, 7}, {6}, {5}, {3, 4}], [{8, 1}, {3, 7}, {2, 6}, {4, 5}], [{8, 1}, {3, 7}, {2, 6}, {5}, {4}], [{8, 1}, {3, 7}, {4, 6}, {2, 5}], [{8, 1}, {3, 7}, {5, 6}, {2, 4}], [{8, 1}, {3, 7}, {5, 6}, {4}, {2}], [{8, 1}, {3, 7}, {6}, {2, 5}, {4}], [{8, 1}, {4, 7}, {2, 6}, {3, 5}], [{8, 1}, {4, 7}, {3, 6}, {2, 5}], [{8, 1}, {4, 7}, {5, 6}, {2, 3}], [{8, 1}, {5, 7}, {2, 6}, {3, 4}], [{8, 1}, {5, 7}, {3, 6}, {2, 4}], [{8, 1}, {5, 7}, {4, 6}, {2, 3}], [{8, 1}, {6, 7}, {2, 5}, {3, 4}], [{8, 1}, {6, 7}, {3, 5}, {2, 4}], [{8, 1}, {6, 7}, {4, 5}, {2, 3}], [{8, 1}, {7}, {4, 6}, {2, 5}, {3}], [{8, 1}, {7}, {6}, {3, 5}, {2, 4}], [{8, 2}, {1, 7}, {3, 6}, {4, 5}], [{8, 2}, {1, 7}, {3, 6}, {5}, {4}], [{8, 2}, {1, 7}, {4, 6}, {3, 5}], [{8, 2}, {1, 7}, {4, 6}, {5}, {3}], [{8, 2}, {1, 7}, {5, 6}, {3, 4}], [{8, 2}, {1, 7}, {6}, {5}, {3, 4}], [{8, 2}, {3, 7}, {1, 6}, {4, 5}], [{8, 2}, {3, 7}, {1, 6}, {5}, {4}], [{8, 2}, {3, 7}, {4, 6}, {1, 5}], [{8, 2}, {3, 7}, {5, 6}, {1, 4}], [{8, 2}, {4, 7}, {1, 6}, {3, 5}], [{8, 2}, {4, 7}, {3, 6}, {1, 5}], [{8, 2}, {4, 7}, {5, 6}, {1, 3}], [{8, 2}, {4, 7}, {6}, {1, 5}, {3}], [{8, 2}, {5, 7}, {1, 6}, {3, 4}], [{8, 2}, {5, 7}, {3, 6}, {1, 4}], [{8, 2}, {5, 7}, {4, 6}, {1, 3}], [{8, 2}, {6, 7}, {1, 5}, {3, 4}], [{8, 2}, {6, 7}, {3, 5}, {1, 4}], [{8, 2}, {6, 7}, {4, 5}, {1, 3}], [{8, 2}, {7}, {5, 6}, {4}, {1, 3}], [{8, 3}, {1, 7}, {2, 6}, {4, 5}], [{8, 3}, {1, 7}, {4, 6}, {2, 5}], [{8, 3}, {1, 7}, {5, 6}, {2, 4}], [{8, 3}, {2, 7}, {1, 6}, {4, 5}], [{8, 3}, {2, 7}, {4, 6}, {1, 5}], [{8, 3}, {2, 7}, {5, 6}, {1, 4}], [{8, 3}, {2, 7}, {6}, {1, 5}, {4}], [{8, 3}, {4, 7}, {1, 6}, {2, 5}], [{8, 3}, {4, 7}, {2, 6}, {1, 5}], [{8, 3}, {4, 7}, {5, 6}, {1, 2}], [{8, 3}, {5, 7}, {1, 6}, {2, 4}], [{8, 3}, {5, 7}, {2, 6}, {1, 4}], [{8, 3}, {5, 7}, {4, 6}, {1, 2}], [{8, 3}, {6, 7}, {1, 5}, {2, 4}], [{8, 3}, {6, 7}, {2, 5}, {1, 4}], [{8, 3}, {6, 7}, {2, 5}, {4}, {1}], [{8, 3}, {6, 7}, {4, 5}, {1, 2}], [{8, 3}, {7}, {5, 6}, {2, 4}, {1}], [{8, 4}, {1, 7}, {2, 6}, {3, 5}], [{8, 4}, {1, 7}, {2, 6}, {5}, {3}], [{8, 4}, {1, 7}, {3, 6}, {2, 5}], [{8, 4}, {1, 7}, {5, 6}, {2, 3}], [{8, 4}, {1, 7}, {6}, {3, 5}, {2}], [{8, 4}, {2, 7}, {1, 6}, {3, 5}], [{8, 4}, {2, 7}, {3, 6}, {1, 5}], [{8, 4}, {2, 7}, {5, 6}, {1, 3}], [{8, 4}, {3, 7}, {1, 6}, {2, 5}], [{8, 4}, {3, 7}, {1, 6}, {5}, {2}], [{8, 4}, {3, 7}, {2, 6}, {1, 5}], [{8, 4}, {3, 7}, {5, 6}, {1, 2}], [{8, 4}, {3, 7}, {6}, {2, 5}, {1}], [{8, 4}, {5, 7}, {1, 6}, {2, 3}], [{8, 4}, {5, 7}, {2, 6}, {1, 3}], [{8, 4}, {5, 7}, {3, 6}, {1, 2}], [{8, 4}, {6, 7}, {1, 5}, {2, 3}], [{8, 4}, {6, 7}, {2, 5}, {1, 3}], [{8, 4}, {6, 7}, {3, 5}, {1, 2}], [{8, 4}, {6, 7}, {5}, {3}, {1, 2}], [{8, 5}, {1, 7}, {2, 6}, {3, 4}], [{8, 5}, {1, 7}, {2, 6}, {4}, {3}], [{8, 5}, {1, 7}, {3, 6}, {2, 4}], [{8, 5}, {1, 7}, {4, 6}, {2, 3}], [{8, 5}, {2, 7}, {1, 6}, {3, 4}], [{8, 5}, {2, 7}, {3, 6}, {1, 4}], [{8, 5}, {2, 7}, {4, 6}, {1, 3}], [{8, 5}, {2, 7}, {6}, {4}, {1, 3}], [{8, 5}, {3, 7}, {1, 6}, {2, 4}], [{8, 5}, {3, 7}, {2, 6}, {1, 4}], [{8, 5}, {3, 7}, {4, 6}, {1, 2}], [{8, 5}, {4, 7}, {1, 6}, {2, 3}], [{8, 5}, {4, 7}, {2, 6}, {1, 3}], [{8, 5}, {4, 7}, {3, 6}, {1, 2}], [{8, 5}, {6, 7}, {1, 4}, {2, 3}], [{8, 5}, {6, 7}, {2, 4}, {1, 3}], [{8, 5}, {6, 7}, {3, 4}, {1, 2}], [{8, 5}, {7}, {1, 6}, {4}, {2, 3}], [{8, 5}, {7}, {6}, {3, 4}, {1, 2}], [{8, 6}, {1, 7}, {2, 5}, {3, 4}], [{8, 6}, {1, 7}, {2, 5}, {4}, {3}], [{8, 6}, {1, 7}, {3, 5}, {2, 4}], [{8, 6}, {1, 7}, {4, 5}, {2, 3}], [{8, 6}, {2, 7}, {1, 5}, {3, 4}], [{8, 6}, {2, 7}, {3, 5}, {1, 4}], [{8, 6}, {2, 7}, {4, 5}, {1, 3}], [{8, 6}, {2, 7}, {4, 5}, {3}, {1}], [{8, 6}, {3, 7}, {1, 5}, {2, 4}], [{8, 6}, {3, 7}, {2, 5}, {1, 4}], [{8, 6}, {3, 7}, {4, 5}, {1, 2}], [{8, 6}, {3, 7}, {4, 5}, {2}, {1}], [{8, 6}, {4, 7}, {1, 5}, {2, 3}], [{8, 6}, {4, 7}, {1, 5}, {3}, {2}], [{8, 6}, {4, 7}, {2, 5}, {1, 3}], [{8, 6}, {4, 7}, {3, 5}, {1, 2}], [{8, 6}, {5, 7}, {1, 4}, {2, 3}], [{8, 6}, {5, 7}, {1, 4}, {3}, {2}], [{8, 6}, {5, 7}, {2, 4}, {1, 3}], [{8, 6}, {5, 7}, {3, 4}, {1, 2}], [{8, 6}, {5, 7}, {3, 4}, {2}, {1}], [{8, 6}, {5, 7}, {4}, {1, 3}, {2}], [{8, 6}, {7}, {4, 5}, {2, 3}, {1}], [{8, 7}, {1, 6}, {2, 5}, {3, 4}], [{8, 7}, {1, 6}, {3, 5}, {2, 4}], [{8, 7}, {1, 6}, {4, 5}, {2, 3}], [{8, 7}, {2, 6}, {1, 5}, {3, 4}], [{8, 7}, {2, 6}, {3, 5}, {1, 4}], [{8, 7}, {2, 6}, {4, 5}, {1, 3}], [{8, 7}, {2, 6}, {5}, {1, 4}, {3}], [{8, 7}, {3, 6}, {1, 5}, {2, 4}], [{8, 7}, {3, 6}, {2, 5}, {1, 4}], [{8, 7}, {3, 6}, {4, 5}, {1, 2}], [{8, 7}, {4, 6}, {1, 5}, {2, 3}], [{8, 7}, {4, 6}, {1, 5}, {3}, {2}], [{8, 7}, {4, 6}, {2, 5}, {1, 3}], [{8, 7}, {4, 6}, {3, 5}, {1, 2}], [{8, 7}, {5, 6}, {1, 4}, {2, 3}], [{8, 7}, {5, 6}, {2, 4}, {1, 3}], [{8, 7}, {5, 6}, {2, 4}, {3}, {1}], [{8, 7}, {5, 6}, {3, 4}, {1, 2}], [{8, 7}, {6}, {2, 5}, {4}, {1, 3}], [{8, 7}, {6}, {3, 5}, {1, 4}, {2}], [{8}, {1, 7}, {2, 6}, {4, 5}, {3}], [{8}, {2, 7}, {5, 6}, {1, 4}, {3}], [{8}, {3, 7}, {1, 6}, {5}, {2, 4}], [{8}, {3, 7}, {5, 6}, {2, 4}, {1}], [{8}, {3, 7}, {6}, {1, 5}, {2, 4}], [{8}, {3, 7}, {6}, {2, 5}, {1, 4}], [{8}, {4, 7}, {2, 6}, {1, 5}, {3}], [{8}, {6, 7}, {2, 5}, {1, 4}, {3}], [{8}, {7}, {2, 6}, {3, 5}, {1, 4}], [{8}, {7}, {3, 6}, {2, 5}, {1, 4}]]",2,4 K_1^3 - 8 K_1^2 - 8 K_1 K_2 + K_1 + 4 K_2 + 3 K_3 + 5,O1O2O3O4U5U6O7U1O8O5U8U7U4U3O6U2,O1O2O3O4U5U4O6U3O7O5U2U1U8U6O8U7,O1O2O3O4U5O6U7U6U4U3O8O5U2O7U1U8,c,{'O1O2O3O4U3O5U2U1U6U7O8O7U4O6U5U8'},1,"<a href=""/flatknot/8.733561"">8.733561</a>",t^9-67t^7-170t^6+72t^5+86t^4-196t^3-34t^2+6t,0,,
8.733562,O1O2O3O4U3O5U2U1U6U7O8O7U4O6U8U5,4,2z^3+35z^2+114z+105,2w^4z^3+35w^3z^2+114w^2z+105w,False,False,"[[ 0 -2 -2 -1  2  3  0  1 -1],[ 2  0  0  0  3  3  1  2  1],[ 2  0  0  0  2  2  1  2  1],[ 1  0  0  0  1  1  0  1  1],[-2 -3 -2 -1  0  1 -2 -2 -1],[-3 -3 -2 -1 -1  0 -2 -2 -2],[ 0 -1 -1  0  2  2  0  1  0],[-1 -2 -2 -1  2  2 -1  0 -1],[ 1 -1 -1 -1  1  2  0  1  0]]","[[ 0  3  2  1  0 -1 -1 -2 -2],[-3  0 -1 -2 -2 -1 -2 -2 -3],[-2  1  0 -2 -2 -1 -1 -2 -3],[-1  2  2  0 -1 -1 -1 -2 -2],[ 0  2  2  1  0  0  0 -1 -1],[ 1  1  1  1  0  0  1  0  0],[ 1  2  1  1  0 -1  0 -1 -1],[ 2  2  2  2  1  0  1  0  0],[ 2  3  3  2  1  0  1  0  0]]",True,"[-3,-2,-1,0,1,1,2,2,1,2,2,1,2,2,3,2,2,1,1,2,3,1,1,1,2,2,0,0,1,1,-1,0,0,1,1,0]","[-3,-2,-1,0,1,1,2,2,0,0,1,2,3,2,3,-1,0,2,2,1,2,0,1,1,1,1,1,1,1,1,-1,0,0,1,1,0]",t^8+66t^6+99t^4+29t^2+1,"[-2,-2,-1,-1,0,1,2,3,0,0,1,1,1,1,2,0,1,1,1,2,3,1,1,1,2,2,1,1,2,3,0,0,1,-1,0,0]","[-3,-2,-1,0,1,1,2,2,0,0,1,2,3,2,3,-1,0,2,2,1,2,0,1,1,1,1,1,1,1,1,-1,0,0,1,1,0]","[-2,-2,-1,-1,0,1,2,3,0,0,1,1,2,2,2,0,1,1,2,3,3,1,0,1,1,1,0,1,1,2,1,2,2,2,2,1]",c,"[[{8, 6}, {5, 7}, {1, 4}, {2, 3}], [{8, 6}, {5, 7}, {1, 4}, {3}, {2}]]",1,8 K_1^3 + 8 K_1^2 K_2 - 6 K_1^2 - 14 K_1 K_2 - 8 K_1 K_3 + K_1 + 3 K_2 + 5 K_3 + 2 K_4 + 2,O1O2O3O4U5U6O7U1O8O6U8U7U4U3O5U2,O1O2O3O4U5U4O6U3O5O7U2U1U8U6O8U7,O1O2O3O4U5O6U7U6U4U3O5O8U2O7U1U8,c,{'O1O2O3O4U3O5U2U1U6U7O8O7U4O6U8U5'},1,"<a href=""/flatknot/8.733562"">8.733562</a>",t^9-62t^7-236t^6-170t^5+330t^4+489t^3+156t^2-2t-2,-t^3+t^2+t,,
8.733563,O1O2O3O4U3O5U2U1U6U7O8O7U5O6U4U8,4,24z^2+101z+107,24w^3z^2+101w^2z+107w,False,False,"[[ 0 -2 -2 -1  2  2  0  1  0],[ 2  0  0  0  4  2  1  2  2],[ 2  0  0  0  3  1  1  2  2],[ 1  0  0  0  1  0  1  1  1],[-2 -4 -3 -1  0  1 -3 -2  0],[-2 -2 -1  0 -1  0 -2 -2 -1],[ 0 -1 -1 -1  3  2  0  1  1],[-1 -2 -2 -1  2  2 -1  0  0],[ 0 -2 -2 -1  0  1 -1  0  0]]","[[ 0  2  2  1  0  0 -1 -2 -2],[-2  0  1 -2  0 -3 -1 -3 -4],[-2 -1  0 -2 -1 -2  0 -1 -2],[-1  2  2  0  0 -1 -1 -2 -2],[ 0  0  1  0  0 -1 -1 -2 -2],[ 0  3  2  1  1  0 -1 -1 -1],[ 1  1  0  1  1  1  0  0  0],[ 2  3  1  2  2  1  0  0  0],[ 2  4  2  2  2  1  0  0  0]]",True,"[-2,-2,-1,0,0,1,2,2,-1,2,0,3,1,3,4,2,1,2,0,1,2,0,1,1,2,2,1,1,2,2,1,1,1,0,0,0]","[-2,-2,-1,0,0,1,2,2,-1,-1,0,1,3,2,3,-1,-1,2,2,0,1,0,1,1,1,1,1,0,1,1,0,0,0,1,1,0]",t^8+77t^6+173t^4+33t^2+1,"[-2,-2,-1,0,0,1,2,2,0,1,0,1,1,0,2,1,0,1,1,1,3,0,0,1,2,3,1,1,2,1,0,-1,0,-1,-1,-1]","[-2,-2,-1,0,0,1,2,2,-1,-1,0,1,3,2,3,-1,-1,2,2,0,1,0,1,1,1,1,1,0,1,1,0,0,0,1,1,0]","[-2,-2,-1,0,0,1,2,2,0,0,1,2,2,1,3,0,1,2,2,2,4,1,1,1,0,1,1,1,2,3,0,1,0,2,2,-1]",c,"[[{8, 6}, {3, 7}, {2, 5}, {1, 4}]]",1,4 K_1^3 - 8 K_1^2 - 8 K_1 K_2 + K_1 + 4 K_2 + 3 K_3 + 5,O1O2O3O4U5U1O6U7O8O5U8U6U4U3O7U2,O1O2O3O4U5U4O6U3O7O5U2U1U8U7O8U6,O1O2O3O4U5O6U7U6U4U3O8O7U2O5U1U8,c,{'O1O2O3O4U3O5U2U1U6U7O8O7U5O6U4U8'},1,"<a href=""/flatknot/8.733563"">8.733563</a>",t^9-77t^7-218t^6+51t^5+94t^4-216t^3-58t^2+26t,0,,
8.733564,O1O2O3O4U3O5U2U1U6U7O8O7U5O6U8U4,4,3z^3+37z^2+113z+103,3w^4z^3+37w^3z^2+113w^2z+103w,False,False,"[[ 0 -2 -2 -1  3  2  0  1 -1],[ 2  0  0  0  4  2  1  2  1],[ 2  0  0  0  3  1  1  2  1],[ 1  0  0  0  1  0  1  1  0],[-3 -4 -3 -1  0  0 -3 -2 -1],[-2 -2 -1  0  0  0 -2 -2 -1],[ 0 -1 -1 -1  3  2  0  1  0],[-1 -2 -2 -1  2  2 -1  0 -1],[ 1 -1 -1  0  1  1  0  1  0]]","[[ 0  3  2  0 -1 -2 -2],[-3  0  0 -3 -1 -3 -4],[-2  0  0 -2 -1 -1 -2],[ 0  3  2  0  0 -1 -1],[ 1  1  1  0  0 -1 -1],[ 2  3  1  1  1  0  0],[ 2  4  2  1  1  0  0]]",False,"[-3,-2,0,1,2,2,0,3,1,3,4,2,1,1,2,0,1,1,1,1,0]","[-3,-2,0,1,2,2,0,3,1,3,4,2,1,1,2,0,1,1,1,1,0]",t^6+49t^4+40t^2+1,"[-2,-2,-1,0,2,3,0,0,1,2,1,0,1,3,2,1,2,3,0,0,1]","[-3,-2,0,1,2,2,1,0,3,1,2,0,2,2,3,1,1,1,0,0,0]","[-2,-2,-1,0,2,3,0,1,1,1,3,1,1,2,4,0,1,1,2,3,0]",c,"[[{8, 1}, {3, 7}, {4, 6}, {2, 5}], [{8, 4}, {3, 7}, {1, 6}, {2, 5}], [{8, 6}, {3, 7}, {2, 5}, {1, 4}]]",1,- 8 K_1^4 + 8 K_1^3 + 12 K_1^2 K_2 - 8 K_1^2 - 10 K_1 K_2 - 6 K_1 K_3 - K_1 + 5 K_2 + 3 K_3 + K_4 + 5,O1O2O3O4U1U5O6U7O8O5U8U6U4U3O7U2,O1O2O3O4U5U4O6U3O5O7U2U1U8U7O8U6,O1O2O3O4U5O6U7U6U4U3O7O8U2O5U1U8,c,{'O1O2O3O4U3O5U2U1U6U7O8O7U5O6U8U4'},1,"<a href=""/flatknot/8.733564"">8.733564</a>",t^7-45t^5-82t^4+107t^3+138t^2-48t-8,-t^3+t^2+t,,
8.733565,O1O2O3O4U3O5U2U4U1U6O7O6U5O8U7U8,4,2z^3+34z^2+111z+103,2w^4z^3+34w^3z^2+111w^2z+103w,False,False,"[[ 0 -1 -2 -1  1  2  1 -1  1],[ 1  0 -1 -1  2  3  1  1  0],[ 2  1  0  0  2  2  2  1  0],[ 1  1  0  0  1  1  1  0  0],[-1 -2 -2 -1  0  1 -1  1  0],[-2 -3 -2 -1 -1  0 -2  0  1],[-1 -1 -2 -1  1  2  0 -1  0],[ 1 -1 -1  0 -1  0  1  0  1],[-1  0  0  0  0 -1  0 -1  0]]","[[ 0  2  1  1  1 -1 -1 -1 -2],[-2  0  1 -1 -2  0 -1 -3 -2],[-1 -1  0  0  0 -1  0  0  0],[-1  1  0  0 -1  1 -1 -2 -2],[-1  2  0  1  0 -1 -1 -1 -2],[ 1  0  1 -1  1  0  0 -1 -1],[ 1  1  0  1  1  0  0  1  0],[ 1  3  0  2  1  1 -1  0 -1],[ 2  2  0  2  2  1  0  1  0]]",True,"[-2,-1,-1,-1,1,1,1,2,-1,1,2,0,1,3,2,0,0,1,0,0,0,1,-1,1,2,2,1,1,1,2,0,1,1,-1,0,1]","[-2,-1,-1,-1,1,1,1,2,-1,0,2,0,2,3,2,1,0,1,1,1,1,0,0,1,3,1,2,2,1,3,-1,1,0,0,1,0]",t^8+43t^6+177t^4+76t^2+4,"[-2,-1,-1,-1,1,1,1,2,0,0,1,1,1,3,2,-1,1,0,1,2,0,0,3,1,1,3,1,1,2,2,1,0,0,0,-1,2]","[-2,-1,-1,-1,1,1,1,2,-1,0,2,0,2,3,2,1,0,1,1,1,1,0,0,1,3,1,2,2,1,3,-1,1,0,0,1,0]","[-2,-1,-1,-1,1,1,1,2,0,1,1,0,2,2,2,0,1,0,1,1,1,-1,1,-1,1,0,0,2,1,3,0,0,-1,-1,1,2]",c,"[[{8, 1}, {6, 7}, {2, 5}, {3, 4}], [{8, 6}, {1, 7}, {2, 5}, {3, 4}], [{8, 7}, {1, 6}, {2, 5}, {3, 4}]]",1,24 K_1^3 + 4 K_1^2 K_2 - 16 K_1^2 - 28 K_1 K_2 - 4 K_1 K_3 - 4 K_1 - 4 K_2^2 + 8 K_2 + 8 K_3 + 3 K_4 + 10,O1O2O3O4U5U6O5U7O8O6U8U4U1U3O7U2,O1O2O3O4U5U4O6U7O5O7U3U1U8U2O8U6,O1O2O3O4U5O6U3U6U4U2O7O8U7O5U1U8,c,{'O1O2O3O4U3O5U2U4U1U6O7O6U5O8U7U8'},1,"<a href=""/flatknot/8.733565"">8.733565</a>",t^9-43t^7-120t^6-31t^5+32t^4-49t^3+46t^2+53t+2,0,,
8.733566,O1O2O3O4U3O5U2U4U1U6O7O8U5O6U8U7,4,z^3+32z^2+112z+105,w^4z^3+32w^3z^2+112w^2z+105w,False,False,"[[ 0 -1 -2 -1  1  2  1  0  0],[ 1  0 -1 -1  2  3  0  1  1],[ 2  1  0  0  2  2  1  1  1],[ 1  1  0  0  1  1  1  0  0],[-1 -2 -2 -1  0  1 -2  1  1],[-2 -3 -2 -1 -1  0 -2  1  0],[-1  0 -1 -1  2  2  0 -1  0],[ 0 -1 -1  0 -1 -1  1  0  0],[ 0 -1 -1  0 -1  0  0  0  0]]","[[ 0  2  1  1  0  0 -1 -1 -2],[-2  0 -1 -2  1  0 -1 -3 -2],[-1  1  0 -2  1  1 -1 -2 -2],[-1  2  2  0 -1  0 -1  0 -1],[ 0 -1 -1  1  0  0  0 -1 -1],[ 0  0 -1  0  0  0  0 -1 -1],[ 1  1  1  1  0  0  0  1  0],[ 1  3  2  0  1  1 -1  0 -1],[ 2  2  2  1  1  1  0  1  0]]",True,"[-2,-1,-1,0,0,1,1,2,1,2,-1,0,1,3,2,2,-1,-1,1,2,2,1,0,1,0,1,0,0,1,1,0,1,1,-1,0,1]","[-2,-1,-1,0,0,1,1,2,-1,0,2,3,0,2,2,2,1,0,2,1,2,2,2,0,1,1,0,0,1,1,0,1,1,-1,0,1]",t^8+44t^6+178t^4+72t^2+4,"[-2,-1,-1,0,0,1,1,2,0,1,1,1,1,2,2,1,0,0,0,2,0,1,1,1,1,2,0,2,0,3,2,1,2,2,0,-1]","[-2,-1,-1,0,0,1,1,2,-1,0,2,3,0,2,2,2,1,0,2,1,2,2,2,0,1,1,0,0,1,1,0,1,1,-1,0,1]","[-2,-1,-1,0,0,1,1,2,0,1,1,1,1,2,2,1,0,0,1,1,1,1,1,0,2,3,0,0,-1,0,1,-1,-1,2,2,1]",c,"[[{8, 1}, {6, 7}, {2, 5}, {3, 4}], [{8, 6}, {1, 7}, {2, 5}, {3, 4}], [{8, 7}, {1, 6}, {2, 5}, {3, 4}]]",1,12 K_1^3 - 8 K_1^2 - 12 K_1 K_2 - 3 K_1 + 4 K_2 + 3 K_3 + 5,O1O2O3O4U5U6O7U8O6O5U7U4U1U3O8U2,O1O2O3O4U5U6O7U4O6O5U3U1U8U2O8U7,O1O2O3O4U5O6U3U6U4U2O7O8U1O5U8U7,c,{'O1O2O3O4U3O5U2U4U1U6O7O8U5O6U8U7'},1,"<a href=""/flatknot/8.733566"">8.733566</a>",t^9-44t^7-116t^6+6t^5+134t^4-79t^3-86t^2+21t,0,,
8.733567,O1O2O3O4U3O5U2U4U6U1O6O7U5O8U7U8,4,14z^2+95z+135,14w^3z^2+95w^2z+135w,False,False,"[[ 0  0 -2 -1  1  2 -1  0  1],[ 0  0 -1 -1  2  2  0  1  0],[ 2  1  0  0  2  2  2  1  0],[ 1  1  0  0  1  1  1  0  0],[-1 -2 -2 -1  0  1 -1  1  0],[-2 -2 -2 -1 -1  0 -2  1  1],[ 1  0 -2 -1  1  2  0  0  1],[ 0 -1 -1  0 -1 -1  0  0  1],[-1  0  0  0  0 -1 -1 -1  0]]","[[ 0  2  1  1  0  0 -1 -1 -2],[-2  0  1 -1  1 -2 -1 -2 -2],[-1 -1  0  0 -1  0  0 -1  0],[-1  1  0  0  1 -2 -1 -1 -2],[ 0 -1  1 -1  0 -1  0  0 -1],[ 0  2  0  2  1  0 -1  0 -1],[ 1  1  0  1  0  1  0  1  0],[ 1  2  1  1  0  0 -1  0 -2],[ 2  2  0  2  1  1  0  2  0]]",True,"[-2,-1,-1,0,0,1,1,2,-1,1,-1,2,1,2,2,0,1,0,0,1,0,-1,2,1,1,2,1,0,0,1,1,0,1,-1,0,2]","[-2,-1,-1,0,0,1,1,2,-1,1,-1,2,1,2,2,0,1,0,0,1,0,-1,2,1,1,2,1,0,0,1,1,0,1,-1,0,2]",t^8+38t^6+129t^4+62t^2+1,"[-2,-1,-1,0,0,1,1,2,-1,1,1,1,1,3,2,1,1,1,1,1,1,0,1,1,2,2,-1,-1,1,0,2,0,3,0,0,2]","[-2,-1,-1,0,0,1,1,2,0,2,0,3,1,2,2,0,-1,2,1,1,1,1,0,1,2,3,1,1,0,1,1,1,1,-1,-1,1]","[-2,-1,-1,0,0,1,1,2,0,2,1,1,0,2,2,1,0,1,0,1,1,0,0,1,1,2,-1,1,-1,-1,0,2,2,0,-1,1]",c,"[[{8, 2}, {1, 7}, {5, 6}, {3, 4}], [{8, 5}, {1, 7}, {2, 6}, {3, 4}], [{8, 6}, {1, 7}, {2, 5}, {3, 4}]]",1,12 K_1^3 - 32 K_1^2 - 20 K_1 K_2 + K_1 + 16 K_2 + 7 K_3 + 17,O1O2O3O4U5U6O5U7O6O8U4U8U1U3O7U2,O1O2O3O4U3U5O6U7O5O7U4U1U8U2O8U6,O1O2O3O4U5O6U3U6U4U1O7O8U7O5U8U2,c,{'O1O2O3O4U3O5U2U4U6U1O6O7U5O8U7U8'},1,"<a href=""/flatknot/8.733567"">8.733567</a>",t^9-38t^7-104t^6+29t^5+294t^4+109t^3-234t^2-121t+24,0,,
8.733568,O1O2O3O4U3O5U2U4U6U7O6O8U1O7U8U5,4,z^3+21z^2+103z+131,w^4z^3+21w^3z^2+103w^2z+131w,False,False,"[[ 0 -1 -2 -1  1  3 -1  1  0],[ 1  0 -1 -1  2  3  1  2  0],[ 2  1  0  0  2  2  2  2  0],[ 1  1  0  0  1  1  1  1  0],[-1 -2 -2 -1  0  1 -1 -1  0],[-3 -3 -2 -1 -1  0 -4 -1 -1],[ 1 -1 -2 -1  1  4  0  1  1],[-1 -2 -2 -1  1  1 -1  0  0],[ 0  0  0  0  0  1 -1  0  0]]","[[ 0  3  1  1  0 -1 -1 -1 -2],[-3  0 -1 -1 -1 -1 -3 -4 -2],[-1  1  0  1  0 -1 -2 -1 -2],[-1  1 -1  0  0 -1 -2 -1 -2],[ 0  1  0  0  0  0  0 -1  0],[ 1  1  1  1  0  0  1  1  0],[ 1  3  2  2  0 -1  0  1 -1],[ 1  4  1  1  1 -1 -1  0 -2],[ 2  2  2  2  0  0  1  2  0]]",True,"[-3,-1,-1,0,1,1,1,2,1,1,1,1,3,4,2,-1,0,1,2,1,2,0,1,2,1,2,0,0,1,0,-1,-1,0,-1,1,2]","[-3,-1,-1,0,1,1,1,2,1,1,1,1,3,4,2,-1,0,1,2,1,2,0,1,2,1,2,0,0,1,0,-1,-1,0,-1,1,2]",t^8+63t^6+200t^4+62t^2+4,"[-2,-1,-1,-1,0,1,1,3,-1,0,1,2,1,1,3,1,1,0,1,1,0,1,1,0,0,1,1,1,1,3,1,1,2,-1,1,1]","[-3,-1,-1,0,1,1,1,2,1,1,2,0,1,3,3,-1,1,1,0,1,1,1,1,0,1,1,0,1,1,2,-1,-1,-1,-1,0,1]","[-2,-1,-1,-1,0,1,1,3,0,1,2,0,2,2,2,1,1,0,1,1,1,1,0,2,2,3,1,1,1,4,0,0,1,-1,1,1]",c,"[[{8, 3}, {2, 7}, {5, 6}, {1, 4}], [{8, 3}, {4, 7}, {5, 6}, {1, 2}], [{8, 7}, {2, 6}, {3, 5}, {1, 4}], [{8, 7}, {3, 6}, {2, 5}, {1, 4}], [{8}, {2, 7}, {5, 6}, {1, 4}, {3}], [{8}, {4, 7}, {5, 6}, {3}, {1, 2}]]",1,20 K_1^3 + 4 K_1^2 K_2 - 30 K_1^2 - 22 K_1 K_2 - 4 K_1 K_3 - 4 K_1 + 15 K_2 + 6 K_3 + K_4 + 15,O1O2O3O4U5U6O7U4O6O8U7U8U1U3O5U2,O1O2O3O4U3U5O6U4O5O7U6U1U8U2O8U7,O1O2O3O4U5O6U3U6U4U7O5O8U1O7U8U2,c,{'O1O2O3O4U3O5U2U4U6U7O6O8U1O7U8U5'},1,"<a href=""/flatknot/8.733568"">8.733568</a>",t^9-59t^7-234t^6-183t^5+304t^4+479t^3+146t^2-30t-8,-t^3+t^2+t,,
8.733569,O1O2O3O4U3O5U2U4U6U7O6O8U5O7U1U8,4,z^3+16z^2+96z+137,w^4z^3+16w^3z^2+96w^2z+137w,False,False,"[[ 0 -1 -2 -1  1  2 -1  1  1],[ 1  0 -2 -1  1  3  0  1  1],[ 2  2  0  0  2  2  2  1  1],[ 1  1  0  0  1  1  1  1  0],[-1 -1 -2 -1  0  1 -1 -2  1],[-2 -3 -2 -1 -1  0 -2 -1  0],[ 1  0 -2 -1  1  2  0  1  2],[-1 -1 -1 -1  2  1 -1  0  1],[-1 -1 -1  0 -1  0 -2 -1  0]]","[[ 0  2  1  1  1 -1 -1 -1 -2],[-2  0  0 -1 -1 -1 -2 -3 -2],[-1  0  0 -1 -1  0 -2 -1 -1],[-1  1  1  0  2 -1 -1 -1 -1],[-1  1  1 -2  0 -1 -1 -1 -2],[ 1  1  0  1  1  0  1  1  0],[ 1  2  2  1  1 -1  0  0 -2],[ 1  3  1  1  1 -1  0  0 -2],[ 2  2  1  1  2  0  2  2  0]]",True,"[-2,-1,-1,-1,1,1,1,2,0,1,1,1,2,3,2,1,1,0,2,1,1,-2,1,1,1,1,1,1,1,2,-1,-1,0,0,2,2]","[-2,-1,-1,-1,1,1,1,2,-1,-1,1,1,2,2,2,0,1,1,0,1,1,1,1,1,1,0,1,2,1,2,-1,2,0,1,1,0]",t^8+53t^6+225t^4+193t^2+9,"[-2,-1,-1,-1,1,1,1,2,-1,-1,1,1,2,2,2,0,1,1,0,1,1,1,1,1,1,0,1,2,1,2,-1,2,0,1,1,0]","[-2,-1,-1,-1,1,1,1,2,0,0,1,0,1,2,2,-2,1,1,1,1,1,1,1,1,1,2,1,0,2,2,0,-1,-1,-1,-1,1]","[-2,-1,-1,-1,1,1,1,2,0,2,2,1,1,2,2,1,1,0,1,1,1,0,1,1,1,3,2,1,1,2,-1,-1,0,2,1,1]",c,"[[{8, 1}, {6, 7}, {2, 5}, {3, 4}], [{8, 3}, {6, 7}, {2, 5}, {1, 4}], [{8, 6}, {1, 7}, {2, 5}, {3, 4}], [{8, 7}, {1, 6}, {2, 5}, {3, 4}]]",1,16 K_1^3 + 4 K_1^2 K_2 - 32 K_1^2 - 28 K_1 K_2 - 4 K_1 K_3 + 2 K_1 - 4 K_2^2 + 16 K_2 + 10 K_3 + 3 K_4 + 18,O1O2O3O4U5U4O6U7O5O8U6U8U1U3O7U2,O1O2O3O4U3U5O6U4O7O5U7U1U8U2O8U6,O1O2O3O4U5O6U3U6U4U7O8O7U1O5U8U2,c,{'O1O2O3O4U3O5U2U4U6U7O6O8U5O7U1U8'},1,"<a href=""/flatknot/8.733569"">8.733569</a>",t^9-53t^7-180t^6-49t^5+368t^4+234t^3-148t^2-76t+8,0,,
8.733570,O1O2O3O4U3O5U2U4U6U1O7O6U5O8U7U8,4,3z^3+27z^2+95z+107,3w^4z^3+27w^3z^2+95w^2z+107w,False,False,"[[ 0  0 -2 -1  1  2  0 -1  1],[ 0  0 -1 -1  2  2  0  0  0],[ 2  1  0  0  2  2  2  1  0],[ 1  1  0  0  1  1  1  0  0],[-1 -2 -2 -1  0  1 -1  1  0],[-2 -2 -2 -1 -1  0 -2  0  1],[ 0  0 -2 -1  1  2  0 -1  0],[ 1  0 -1  0 -1  0  1  0  1],[-1  0  0  0  0 -1  0 -1  0]]","[[ 0  2  1  1  0  0 -1 -1 -2],[-2  0  1 -1 -2 -2  0 -1 -2],[-1 -1  0  0  0  0 -1  0  0],[-1  1  0  0 -1 -2  1 -1 -2],[ 0  2  0  1  0  0 -1 -1 -2],[ 0  2  0  2  0  0  0 -1 -1],[ 1  0  1 -1  1  0  0  0 -1],[ 1  1  0  1  1  1  0  0  0],[ 2  2  0  2  2  1  1  0  0]]",True,"[-2,-1,-1,0,0,1,1,2,-1,1,2,2,0,1,2,0,0,0,1,0,0,1,2,-1,1,2,0,1,1,2,0,1,1,0,1,0]","[-2,-1,-1,0,0,1,1,2,-1,1,2,2,0,1,2,0,0,0,1,0,0,1,2,-1,1,2,0,1,1,2,0,1,1,0,1,0]",t^8+36t^6+161t^4+81t^2+1,"[-2,-1,-1,0,0,1,1,2,0,1,0,1,1,3,2,0,0,1,3,1,3,0,0,1,2,2,0,0,1,0,-1,1,0,0,0,2]","[-2,-1,-1,0,0,1,1,2,0,2,0,0,2,3,2,0,-1,0,1,3,1,1,1,2,1,3,0,0,1,1,0,0,0,0,1,0]","[-2,-1,-1,0,0,1,1,2,0,1,1,2,0,2,2,0,1,1,0,1,1,0,1,1,-1,0,0,0,2,2,0,1,2,0,-1,1]",c,"[[{8, 1}, {2, 7}, {3, 6}, {4, 5}], [{8, 1}, {2, 7}, {4, 6}, {3, 5}], [{8, 1}, {2, 7}, {5, 6}, {3, 4}], [{8, 1}, {2, 7}, {5, 6}, {4}, {3}], [{8, 1}, {3, 7}, {2, 6}, {4, 5}], [{8, 1}, {3, 7}, {4, 6}, {2, 5}], [{8, 1}, {3, 7}, {5, 6}, {2, 4}], [{8, 1}, {3, 7}, {5, 6}, {4}, {2}], [{8, 1}, {4, 7}, {2, 6}, {3, 5}], [{8, 1}, {4, 7}, {3, 6}, {2, 5}], [{8, 1}, {4, 7}, {5, 6}, {2, 3}], [{8, 1}, {4, 7}, {5, 6}, {3}, {2}], [{8, 1}, {5, 7}, {2, 6}, {3, 4}], [{8, 1}, {5, 7}, {3, 6}, {2, 4}], [{8, 1}, {5, 7}, {4, 6}, {2, 3}], [{8, 1}, {6, 7}, {2, 5}, {3, 4}], [{8, 1}, {6, 7}, {3, 5}, {2, 4}], [{8, 1}, {6, 7}, {4, 5}, {2, 3}], [{8, 1}, {7}, {2, 6}, {5}, {3, 4}], [{8, 1}, {7}, {5, 6}, {2, 4}, {3}], [{8, 1}, {7}, {5, 6}, {3, 4}, {2}], [{8, 1}, {7}, {5, 6}, {4}, {2, 3}], [{8, 1}, {7}, {5, 6}, {4}, {3}, {2}], [{8, 1}, {7}, {6}, {2, 5}, {3, 4}], [{8, 2}, {1, 7}, {3, 6}, {4, 5}], [{8, 2}, {1, 7}, {3, 6}, {5}, {4}], [{8, 2}, {1, 7}, {4, 6}, {3, 5}], [{8, 2}, {1, 7}, {5, 6}, {3, 4}], [{8, 2}, {1, 7}, {5, 6}, {4}, {3}], [{8, 2}, {1, 7}, {6}, {3, 5}, {4}], [{8, 2}, {3, 7}, {1, 6}, {4, 5}], [{8, 2}, {3, 7}, {4, 6}, {1, 5}], [{8, 2}, {3, 7}, {5, 6}, {1, 4}], [{8, 2}, {3, 7}, {6}, {1, 5}, {4}], [{8, 2}, {4, 7}, {1, 6}, {3, 5}], [{8, 2}, {4, 7}, {3, 6}, {1, 5}], [{8, 2}, {4, 7}, {5, 6}, {1, 3}], [{8, 2}, {5, 7}, {1, 6}, {3, 4}], [{8, 2}, {5, 7}, {3, 6}, {1, 4}], [{8, 2}, {5, 7}, {4, 6}, {1, 3}], [{8, 2}, {6, 7}, {1, 5}, {3, 4}], [{8, 2}, {6, 7}, {3, 5}, {1, 4}], [{8, 2}, {6, 7}, {4, 5}, {1, 3}], [{8, 2}, {6, 7}, {4, 5}, {3}, {1}], [{8, 2}, {6, 7}, {5}, {4}, {1, 3}], [{8, 2}, {7}, {5, 6}, {3, 4}, {1}], [{8, 3}, {1, 7}, {2, 6}, {4, 5}], [{8, 3}, {1, 7}, {4, 6}, {2, 5}], [{8, 3}, {1, 7}, {5, 6}, {2, 4}], [{8, 3}, {1, 7}, {5, 6}, {4}, {2}], [{8, 3}, {2, 7}, {1, 6}, {4, 5}], [{8, 3}, {2, 7}, {1, 6}, {5}, {4}], [{8, 3}, {2, 7}, {4, 6}, {1, 5}], [{8, 3}, {2, 7}, {5, 6}, {1, 4}], [{8, 3}, {4, 7}, {1, 6}, {2, 5}], [{8, 3}, {4, 7}, {2, 6}, {1, 5}], [{8, 3}, {4, 7}, {2, 6}, {5}, {1}], [{8, 3}, {4, 7}, {5, 6}, {1, 2}], [{8, 3}, {4, 7}, {5, 6}, {2}, {1}], [{8, 3}, {4, 7}, {6}, {2, 5}, {1}], [{8, 3}, {5, 7}, {1, 6}, {2, 4}], [{8, 3}, {5, 7}, {2, 6}, {1, 4}], [{8, 3}, {5, 7}, {4, 6}, {1, 2}], [{8, 3}, {6, 7}, {1, 5}, {2, 4}], [{8, 3}, {6, 7}, {1, 5}, {4}, {2}], [{8, 3}, {6, 7}, {2, 5}, {1, 4}], [{8, 3}, {6, 7}, {4, 5}, {1, 2}], [{8, 3}, {7}, {5, 6}, {1, 4}, {2}], [{8, 4}, {1, 7}, {2, 6}, {3, 5}], [{8, 4}, {1, 7}, {3, 6}, {2, 5}], [{8, 4}, {1, 7}, {5, 6}, {2, 3}], [{8, 4}, {1, 7}, {5, 6}, {3}, {2}], [{8, 4}, {2, 7}, {1, 6}, {3, 5}], [{8, 4}, {2, 7}, {3, 6}, {1, 5}], [{8, 4}, {2, 7}, {5, 6}, {1, 3}], [{8, 4}, {3, 7}, {1, 6}, {2, 5}], [{8, 4}, {3, 7}, {2, 6}, {1, 5}], [{8, 4}, {3, 7}, {5, 6}, {1, 2}], [{8, 4}, {3, 7}, {5, 6}, {2}, {1}], [{8, 4}, {5, 7}, {1, 6}, {2, 3}], [{8, 4}, {5, 7}, {2, 6}, {1, 3}], [{8, 4}, {5, 7}, {2, 6}, {3}, {1}], [{8, 4}, {5, 7}, {3, 6}, {1, 2}], [{8, 4}, {6, 7}, {1, 5}, {2, 3}], [{8, 4}, {6, 7}, {2, 5}, {1, 3}], [{8, 4}, {6, 7}, {3, 5}, {1, 2}], [{8, 4}, {6, 7}, {3, 5}, {2}, {1}], [{8, 4}, {6, 7}, {5}, {3}, {1, 2}], [{8, 4}, {7}, {3, 6}, {2, 5}, {1}], [{8, 4}, {7}, {5, 6}, {1, 3}, {2}], [{8, 5}, {1, 7}, {2, 6}, {3, 4}], [{8, 5}, {1, 7}, {3, 6}, {2, 4}], [{8, 5}, {1, 7}, {4, 6}, {2, 3}], [{8, 5}, {1, 7}, {4, 6}, {3}, {2}], [{8, 5}, {2, 7}, {1, 6}, {3, 4}], [{8, 5}, {2, 7}, {3, 6}, {1, 4}], [{8, 5}, {2, 7}, {4, 6}, {1, 3}], [{8, 5}, {3, 7}, {1, 6}, {2, 4}], [{8, 5}, {3, 7}, {2, 6}, {1, 4}], [{8, 5}, {3, 7}, {4, 6}, {1, 2}], [{8, 5}, {4, 7}, {1, 6}, {2, 3}], [{8, 5}, {4, 7}, {2, 6}, {1, 3}], [{8, 5}, {4, 7}, {2, 6}, {3}, {1}], [{8, 5}, {4, 7}, {3, 6}, {1, 2}], [{8, 5}, {6, 7}, {1, 4}, {2, 3}], [{8, 5}, {6, 7}, {2, 4}, {1, 3}], [{8, 5}, {6, 7}, {3, 4}, {1, 2}], [{8, 5}, {7}, {4, 6}, {2, 3}, {1}], [{8, 6}, {1, 7}, {2, 5}, {3, 4}], [{8, 6}, {1, 7}, {3, 5}, {2, 4}], [{8, 6}, {1, 7}, {4, 5}, {2, 3}], [{8, 6}, {1, 7}, {4, 5}, {3}, {2}], [{8, 6}, {2, 7}, {1, 5}, {3, 4}], [{8, 6}, {2, 7}, {3, 5}, {1, 4}], [{8, 6}, {2, 7}, {4, 5}, {1, 3}], [{8, 6}, {2, 7}, {4, 5}, {3}, {1}], [{8, 6}, {3, 7}, {1, 5}, {2, 4}], [{8, 6}, {3, 7}, {2, 5}, {1, 4}], [{8, 6}, {3, 7}, {4, 5}, {1, 2}], [{8, 6}, {4, 7}, {1, 5}, {2, 3}], [{8, 6}, {4, 7}, {2, 5}, {1, 3}], [{8, 6}, {4, 7}, {3, 5}, {1, 2}], [{8, 6}, {5, 7}, {1, 4}, {2, 3}], [{8, 6}, {5, 7}, {2, 4}, {1, 3}], [{8, 6}, {5, 7}, {2, 4}, {3}, {1}], [{8, 6}, {5, 7}, {3, 4}, {1, 2}], [{8, 6}, {7}, {4, 5}, {3}, {1, 2}], [{8, 7}, {1, 6}, {2, 5}, {3, 4}], [{8, 7}, {1, 6}, {3, 5}, {2, 4}], [{8, 7}, {1, 6}, {4, 5}, {2, 3}], [{8, 7}, {2, 6}, {1, 5}, {3, 4}], [{8, 7}, {2, 6}, {3, 5}, {1, 4}], [{8, 7}, {2, 6}, {4, 5}, {1, 3}], [{8, 7}, {2, 6}, {5}, {3, 4}, {1}], [{8, 7}, {3, 6}, {1, 5}, {2, 4}], [{8, 7}, {3, 6}, {2, 5}, {1, 4}], [{8, 7}, {3, 6}, {4, 5}, {1, 2}], [{8, 7}, {4, 6}, {1, 5}, {2, 3}], [{8, 7}, {4, 6}, {2, 5}, {1, 3}], [{8, 7}, {4, 6}, {3, 5}, {1, 2}], [{8, 7}, {5, 6}, {1, 4}, {2, 3}], [{8, 7}, {5, 6}, {1, 4}, {3}, {2}], [{8, 7}, {5, 6}, {2, 4}, {1, 3}], [{8, 7}, {5, 6}, {2, 4}, {3}, {1}], [{8, 7}, {5, 6}, {3, 4}, {1, 2}], [{8, 7}, {5, 6}, {3, 4}, {2}, {1}], [{8, 7}, {5, 6}, {4}, {1, 3}, {2}], [{8, 7}, {5, 6}, {4}, {2, 3}, {1}], [{8, 7}, {5, 6}, {4}, {3}, {1, 2}], [{8, 7}, {5, 6}, {4}, {3}, {2}, {1}], [{8, 7}, {6}, {2, 5}, {3, 4}, {1}], [{8}, {1, 7}, {2, 6}, {5}, {3, 4}], [{8}, {1, 7}, {5, 6}, {2, 4}, {3}], [{8}, {1, 7}, {5, 6}, {3, 4}, {2}], [{8}, {1, 7}, {5, 6}, {4}, {2, 3}], [{8}, {1, 7}, {5, 6}, {4}, {3}, {2}], [{8}, {1, 7}, {6}, {2, 5}, {3, 4}], [{8}, {2, 7}, {5, 6}, {3, 4}, {1}], [{8}, {3, 7}, {2, 6}, {5}, {1, 4}], [{8}, {3, 7}, {5, 6}, {1, 4}, {2}], [{8}, {3, 7}, {6}, {2, 5}, {1, 4}], [{8}, {4, 7}, {2, 6}, {3, 5}, {1}], [{8}, {4, 7}, {5, 6}, {1, 3}, {2}], [{8}, {5, 7}, {6}, {2, 4}, {1, 3}], [{8}, {7}, {5, 6}, {3, 4}, {1, 2}], [{8}, {7}, {5, 6}, {3, 4}, {2}, {1}]]",2,- 12 K_1^2 - 4 K_1 K_2 + 2 K_1 + 6 K_2 + 2 K_3 + 7,O1O2O3O4U5U6O5U7O8O6U4U8U1U3O7U2,O1O2O3O4U5U3O6U7O5O7U4U1U8U2O8U6,O1O2O3O4U5O6U3U6U4U1O7O8U7O5U2U8,c,{'O1O2O3O4U3O5U2U4U6U1O7O6U5O8U7U8'},1,"<a href=""/flatknot/8.733570"">8.733570</a>",t^9-36t^7-82t^6+51t^5+110t^4-49t^3+194t^2+36t-4,0,,
8.733571,O1O2O3O4U3O5U2U4U6U1O7O6U7O8U5U8,4,11z^2+64z+85,11w^3z^2+64w^2z+85w,False,False,"[[ 0  0 -2 -1  1  2  0 -1  1],[ 0  0 -1 -1  2  2  0 -1  1],[ 2  1  0  0  2  2  2  0  1],[ 1  1  0  0  1  1  1  0  0],[-1 -2 -2 -1  0  1 -1  0  1],[-2 -2 -2 -1 -1  0 -1 -1  1],[ 0  0 -2 -1  1  1  0 -1  1],[ 1  1  0  0  0  1  1  0  0],[-1 -1 -1  0 -1 -1 -1  0  0]]","[[ 0  2  1  1  0  0 -1 -1 -2],[-2  0  1 -1 -1 -2 -1 -1 -2],[-1 -1  0 -1 -1 -1  0  0 -1],[-1  1  1  0 -1 -2  0 -1 -2],[ 0  1  1  1  0  0 -1 -1 -2],[ 0  2  1  2  0  0 -1 -1 -1],[ 1  1  0  0  1  1  0  0  0],[ 1  1  0  1  1  1  0  0  0],[ 2  2  1  2  2  1  0  0  0]]",True,"[-2,-1,-1,0,0,1,1,2,-1,1,1,2,1,1,2,1,1,1,0,0,1,1,2,0,1,2,0,1,1,2,1,1,1,0,0,0]","[-2,-1,-1,0,0,1,1,2,-1,1,1,2,1,1,2,1,1,1,0,0,1,1,2,0,1,2,0,1,1,2,1,1,1,0,0,0]",t^8+36t^6+82t^4+38t^2+1,"[-2,-1,-1,0,0,1,1,2,1,1,0,1,1,2,2,0,0,0,1,2,2,0,0,2,2,2,0,0,0,1,-1,0,0,-1,0,2]","[-2,-1,-1,0,0,1,1,2,0,2,0,1,2,2,2,1,-1,0,1,2,1,0,0,2,2,2,0,0,0,1,0,0,0,0,1,1]","[-2,-1,-1,0,0,1,1,2,0,0,1,2,1,2,2,0,1,1,0,0,1,1,1,0,1,1,0,1,2,2,1,1,1,-1,-1,1]",c,"[[{8, 1}, {2, 7}, {3, 6}, {4, 5}], [{8, 1}, {2, 7}, {4, 6}, {3, 5}], [{8, 1}, {2, 7}, {4, 6}, {5}, {3}], [{8, 1}, {2, 7}, {5, 6}, {3, 4}], [{8, 1}, {2, 7}, {5, 6}, {4}, {3}], [{8, 1}, {2, 7}, {6}, {4, 5}, {3}], [{8, 1}, {3, 7}, {2, 6}, {4, 5}], [{8, 1}, {3, 7}, {4, 6}, {2, 5}], [{8, 1}, {3, 7}, {4, 6}, {5}, {2}], [{8, 1}, {3, 7}, {5, 6}, {2, 4}], [{8, 1}, {3, 7}, {5, 6}, {4}, {2}], [{8, 1}, {3, 7}, {6}, {4, 5}, {2}], [{8, 1}, {4, 7}, {2, 6}, {3, 5}], [{8, 1}, {4, 7}, {3, 6}, {2, 5}], [{8, 1}, {4, 7}, {5, 6}, {2, 3}], [{8, 1}, {4, 7}, {5, 6}, {3}, {2}], [{8, 1}, {5, 7}, {2, 6}, {3, 4}], [{8, 1}, {5, 7}, {3, 6}, {2, 4}], [{8, 1}, {5, 7}, {4, 6}, {2, 3}], [{8, 1}, {5, 7}, {4, 6}, {3}, {2}], [{8, 1}, {6, 7}, {2, 5}, {3, 4}], [{8, 1}, {6, 7}, {3, 5}, {2, 4}], [{8, 1}, {6, 7}, {4, 5}, {2, 3}], [{8, 1}, {6, 7}, {4, 5}, {3}, {2}], [{8, 1}, {7}, {2, 6}, {3, 5}, {4}], [{8, 1}, {7}, {2, 6}, {4, 5}, {3}], [{8, 1}, {7}, {2, 6}, {5}, {3, 4}], [{8, 1}, {7}, {3, 6}, {2, 5}, {4}], [{8, 1}, {7}, {3, 6}, {4, 5}, {2}], [{8, 1}, {7}, {3, 6}, {5}, {2, 4}], [{8, 1}, {7}, {4, 6}, {2, 5}, {3}], [{8, 1}, {7}, {4, 6}, {3, 5}, {2}], [{8, 1}, {7}, {4, 6}, {5}, {2, 3}], [{8, 1}, {7}, {4, 6}, {5}, {3}, {2}], [{8, 1}, {7}, {5, 6}, {2, 4}, {3}], [{8, 1}, {7}, {5, 6}, {3, 4}, {2}], [{8, 1}, {7}, {5, 6}, {4}, {2, 3}], [{8, 1}, {7}, {5, 6}, {4}, {3}, {2}], [{8, 1}, {7}, {6}, {2, 5}, {3, 4}], [{8, 1}, {7}, {6}, {3, 5}, {2, 4}], [{8, 1}, {7}, {6}, {4, 5}, {2, 3}], [{8, 1}, {7}, {6}, {4, 5}, {3}, {2}], [{8, 2}, {1, 7}, {3, 6}, {4, 5}], [{8, 2}, {1, 7}, {4, 6}, {3, 5}], [{8, 2}, {1, 7}, {5, 6}, {3, 4}], [{8, 2}, {1, 7}, {5, 6}, {4}, {3}], [{8, 2}, {1, 7}, {6}, {5}, {3, 4}], [{8, 2}, {3, 7}, {1, 6}, {4, 5}], [{8, 2}, {3, 7}, {4, 6}, {1, 5}], [{8, 2}, {3, 7}, {4, 6}, {5}, {1}], [{8, 2}, {3, 7}, {5, 6}, {1, 4}], [{8, 2}, {4, 7}, {1, 6}, {3, 5}], [{8, 2}, {4, 7}, {1, 6}, {5}, {3}], [{8, 2}, {4, 7}, {3, 6}, {1, 5}], [{8, 2}, {4, 7}, {5, 6}, {1, 3}], [{8, 2}, {4, 7}, {5, 6}, {3}, {1}], [{8, 2}, {4, 7}, {6}, {1, 5}, {3}], [{8, 2}, {5, 7}, {1, 6}, {3, 4}], [{8, 2}, {5, 7}, {3, 6}, {1, 4}], [{8, 2}, {5, 7}, {4, 6}, {1, 3}], [{8, 2}, {5, 7}, {4, 6}, {3}, {1}], [{8, 2}, {6, 7}, {1, 5}, {3, 4}], [{8, 2}, {6, 7}, {3, 5}, {1, 4}], [{8, 2}, {6, 7}, {4, 5}, {1, 3}], [{8, 2}, {6, 7}, {5}, {4}, {1, 3}], [{8, 2}, {7}, {1, 6}, {3, 5}, {4}], [{8, 2}, {7}, {3, 6}, {1, 5}, {4}], [{8, 2}, {7}, {3, 6}, {4, 5}, {1}], [{8, 2}, {7}, {3, 6}, {5}, {1, 4}], [{8, 2}, {7}, {4, 6}, {3, 5}, {1}], [{8, 2}, {7}, {5, 6}, {1, 4}, {3}], [{8, 2}, {7}, {6}, {3, 5}, {1, 4}], [{8, 3}, {1, 7}, {2, 6}, {4, 5}], [{8, 3}, {1, 7}, {2, 6}, {5}, {4}], [{8, 3}, {1, 7}, {4, 6}, {2, 5}], [{8, 3}, {1, 7}, {5, 6}, {2, 4}], [{8, 3}, {1, 7}, {5, 6}, {4}, {2}], [{8, 3}, {1, 7}, {6}, {2, 5}, {4}], [{8, 3}, {2, 7}, {1, 6}, {4, 5}], [{8, 3}, {2, 7}, {4, 6}, {1, 5}], [{8, 3}, {2, 7}, {5, 6}, {1, 4}], [{8, 3}, {2, 7}, {6}, {4, 5}, {1}], [{8, 3}, {4, 7}, {1, 6}, {2, 5}], [{8, 3}, {4, 7}, {2, 6}, {1, 5}], [{8, 3}, {4, 7}, {5, 6}, {1, 2}], [{8, 3}, {4, 7}, {6}, {1, 5}, {2}], [{8, 3}, {4, 7}, {6}, {2, 5}, {1}], [{8, 3}, {4, 7}, {6}, {5}, {1, 2}], [{8, 3}, {5, 7}, {1, 6}, {2, 4}], [{8, 3}, {5, 7}, {2, 6}, {1, 4}], [{8, 3}, {5, 7}, {4, 6}, {1, 2}], [{8, 3}, {5, 7}, {6}, {2, 4}, {1}], [{8, 3}, {6, 7}, {1, 5}, {2, 4}], [{8, 3}, {6, 7}, {1, 5}, {4}, {2}], [{8, 3}, {6, 7}, {2, 5}, {1, 4}], [{8, 3}, {6, 7}, {4, 5}, {1, 2}], [{8, 3}, {6, 7}, {5}, {2, 4}, {1}], [{8, 3}, {7}, {1, 6}, {4, 5}, {2}], [{8, 3}, {7}, {4, 6}, {1, 5}, {2}], [{8, 3}, {7}, {5, 6}, {2, 4}, {1}], [{8, 3}, {7}, {6}, {2, 5}, {1, 4}], [{8, 4}, {1, 7}, {2, 6}, {3, 5}], [{8, 4}, {1, 7}, {2, 6}, {5}, {3}], [{8, 4}, {1, 7}, {3, 6}, {2, 5}], [{8, 4}, {1, 7}, {5, 6}, {2, 3}], [{8, 4}, {1, 7}, {5, 6}, {3}, {2}], [{8, 4}, {1, 7}, {6}, {2, 5}, {3}], [{8, 4}, {2, 7}, {1, 6}, {3, 5}], [{8, 4}, {2, 7}, {1, 6}, {5}, {3}], [{8, 4}, {2, 7}, {3, 6}, {1, 5}], [{8, 4}, {2, 7}, {5, 6}, {1, 3}], [{8, 4}, {2, 7}, {5, 6}, {3}, {1}], [{8, 4}, {2, 7}, {6}, {1, 5}, {3}], [{8, 4}, {3, 7}, {1, 6}, {2, 5}], [{8, 4}, {3, 7}, {2, 6}, {1, 5}], [{8, 4}, {3, 7}, {5, 6}, {1, 2}], [{8, 4}, {5, 7}, {1, 6}, {2, 3}], [{8, 4}, {5, 7}, {1, 6}, {3}, {2}], [{8, 4}, {5, 7}, {2, 6}, {1, 3}], [{8, 4}, {5, 7}, {3, 6}, {1, 2}], [{8, 4}, {6, 7}, {1, 5}, {2, 3}], [{8, 4}, {6, 7}, {2, 5}, {1, 3}], [{8, 4}, {6, 7}, {2, 5}, {3}, {1}], [{8, 4}, {6, 7}, {3, 5}, {1, 2}], [{8, 4}, {7}, {1, 6}, {2, 5}, {3}], [{8, 4}, {7}, {5, 6}, {3}, {1, 2}], [{8, 5}, {1, 7}, {2, 6}, {3, 4}], [{8, 5}, {1, 7}, {2, 6}, {4}, {3}], [{8, 5}, {1, 7}, {3, 6}, {2, 4}], [{8, 5}, {1, 7}, {4, 6}, {2, 3}], [{8, 5}, {1, 7}, {6}, {3, 4}, {2}], [{8, 5}, {2, 7}, {1, 6}, {3, 4}], [{8, 5}, {2, 7}, {1, 6}, {4}, {3}], [{8, 5}, {2, 7}, {3, 6}, {1, 4}], [{8, 5}, {2, 7}, {4, 6}, {1, 3}], [{8, 5}, {3, 7}, {1, 6}, {2, 4}], [{8, 5}, {3, 7}, {2, 6}, {1, 4}], [{8, 5}, {3, 7}, {4, 6}, {1, 2}], [{8, 5}, {3, 7}, {6}, {1, 4}, {2}], [{8, 5}, {4, 7}, {1, 6}, {2, 3}], [{8, 5}, {4, 7}, {2, 6}, {1, 3}], [{8, 5}, {4, 7}, {2, 6}, {3}, {1}], [{8, 5}, {4, 7}, {3, 6}, {1, 2}], [{8, 5}, {6, 7}, {1, 4}, {2, 3}], [{8, 5}, {6, 7}, {2, 4}, {1, 3}], [{8, 5}, {6, 7}, {3, 4}, {1, 2}], [{8, 5}, {6, 7}, {3, 4}, {2}, {1}], [{8, 5}, {6, 7}, {4}, {3}, {1, 2}], [{8, 5}, {7}, {1, 6}, {3, 4}, {2}], [{8, 5}, {7}, {2, 6}, {1, 4}, {3}], [{8, 5}, {7}, {4, 6}, {1, 3}, {2}], [{8, 6}, {1, 7}, {2, 5}, {3, 4}], [{8, 6}, {1, 7}, {2, 5}, {4}, {3}], [{8, 6}, {1, 7}, {3, 5}, {2, 4}], [{8, 6}, {1, 7}, {4, 5}, {2, 3}], [{8, 6}, {1, 7}, {5}, {3, 4}, {2}], [{8, 6}, {2, 7}, {1, 5}, {3, 4}], [{8, 6}, {2, 7}, {3, 5}, {1, 4}], [{8, 6}, {2, 7}, {4, 5}, {1, 3}], [{8, 6}, {2, 7}, {4, 5}, {3}, {1}], [{8, 6}, {3, 7}, {1, 5}, {2, 4}], [{8, 6}, {3, 7}, {2, 5}, {1, 4}], [{8, 6}, {3, 7}, {4, 5}, {1, 2}], [{8, 6}, {4, 7}, {1, 5}, {2, 3}], [{8, 6}, {4, 7}, {2, 5}, {1, 3}], [{8, 6}, {4, 7}, {3, 5}, {1, 2}], [{8, 6}, {5, 7}, {1, 4}, {2, 3}], [{8, 6}, {5, 7}, {1, 4}, {3}, {2}], [{8, 6}, {5, 7}, {2, 4}, {1, 3}], [{8, 6}, {5, 7}, {3, 4}, {1, 2}], [{8, 6}, {7}, {4, 5}, {1, 3}, {2}], [{8, 7}, {1, 6}, {2, 5}, {3, 4}], [{8, 7}, {1, 6}, {3, 5}, {2, 4}], [{8, 7}, {1, 6}, {4, 5}, {2, 3}], [{8, 7}, {2, 6}, {1, 5}, {3, 4}], [{8, 7}, {2, 6}, {3, 5}, {1, 4}], [{8, 7}, {2, 6}, {3, 5}, {4}, {1}], [{8, 7}, {2, 6}, {4, 5}, {1, 3}], [{8, 7}, {2, 6}, {4, 5}, {3}, {1}], [{8, 7}, {2, 6}, {5}, {3, 4}, {1}], [{8, 7}, {3, 6}, {1, 5}, {2, 4}], [{8, 7}, {3, 6}, {2, 5}, {1, 4}], [{8, 7}, {3, 6}, {2, 5}, {4}, {1}], [{8, 7}, {3, 6}, {4, 5}, {1, 2}], [{8, 7}, {3, 6}, {4, 5}, {2}, {1}], [{8, 7}, {3, 6}, {5}, {2, 4}, {1}], [{8, 7}, {4, 6}, {1, 5}, {2, 3}], [{8, 7}, {4, 6}, {2, 5}, {1, 3}], [{8, 7}, {4, 6}, {2, 5}, {3}, {1}], [{8, 7}, {4, 6}, {3, 5}, {1, 2}], [{8, 7}, {4, 6}, {3, 5}, {2}, {1}], [{8, 7}, {4, 6}, {5}, {2, 3}, {1}], [{8, 7}, {5, 6}, {1, 4}, {2, 3}], [{8, 7}, {5, 6}, {1, 4}, {3}, {2}], [{8, 7}, {5, 6}, {2, 4}, {1, 3}], [{8, 7}, {5, 6}, {2, 4}, {3}, {1}], [{8, 7}, {5, 6}, {3, 4}, {1, 2}], [{8, 7}, {5, 6}, {3, 4}, {2}, {1}], [{8, 7}, {5, 6}, {4}, {1, 3}, {2}], [{8, 7}, {5, 6}, {4}, {2, 3}, {1}], [{8, 7}, {5, 6}, {4}, {3}, {1, 2}], [{8, 7}, {5, 6}, {4}, {3}, {2}, {1}], [{8, 7}, {6}, {2, 5}, {3, 4}, {1}], [{8, 7}, {6}, {3, 5}, {2, 4}, {1}], [{8, 7}, {6}, {4, 5}, {2, 3}, {1}], [{8}, {1, 7}, {2, 6}, {3, 5}, {4}], [{8}, {1, 7}, {2, 6}, {4, 5}, {3}], [{8}, {1, 7}, {2, 6}, {5}, {3, 4}], [{8}, {1, 7}, {2, 6}, {5}, {4}, {3}], [{8}, {1, 7}, {3, 6}, {2, 5}, {4}], [{8}, {1, 7}, {3, 6}, {4, 5}, {2}], [{8}, {1, 7}, {3, 6}, {5}, {2, 4}], [{8}, {1, 7}, {4, 6}, {2, 5}, {3}], [{8}, {1, 7}, {4, 6}, {3, 5}, {2}], [{8}, {1, 7}, {4, 6}, {5}, {2, 3}], [{8}, {1, 7}, {5, 6}, {2, 4}, {3}], [{8}, {1, 7}, {5, 6}, {3, 4}, {2}], [{8}, {1, 7}, {5, 6}, {4}, {2, 3}], [{8}, {1, 7}, {5, 6}, {4}, {3}, {2}], [{8}, {1, 7}, {6}, {2, 5}, {3, 4}], [{8}, {1, 7}, {6}, {2, 5}, {4}, {3}], [{8}, {1, 7}, {6}, {3, 5}, {2, 4}], [{8}, {1, 7}, {6}, {4, 5}, {2, 3}], [{8}, {1, 7}, {6}, {5}, {3, 4}, {2}], [{8}, {2, 7}, {1, 6}, {4, 5}, {3}], [{8}, {2, 7}, {3, 6}, {4, 5}, {1}], [{8}, {2, 7}, {4, 6}, {3, 5}, {1}], [{8}, {2, 7}, {5, 6}, {1, 4}, {3}], [{8}, {2, 7}, {6}, {4, 5}, {1, 3}], [{8}, {3, 7}, {4, 6}, {5}, {1, 2}], [{8}, {3, 7}, {5, 6}, {2, 4}, {1}], [{8}, {4, 7}, {5, 6}, {3}, {1, 2}], [{8}, {4, 7}, {6}, {1, 5}, {2, 3}], [{8}, {5, 7}, {4, 6}, {3}, {1, 2}], [{8}, {6, 7}, {5}, {1, 4}, {2, 3}], [{8}, {7}, {3, 6}, {4, 5}, {1, 2}], [{8}, {7}, {3, 6}, {4, 5}, {2}, {1}], [{8}, {7}, {4, 6}, {3, 5}, {1, 2}], [{8}, {7}, {4, 6}, {3, 5}, {2}, {1}], [{8}, {7}, {5, 6}, {2, 4}, {1, 3}], [{8}, {7}, {5, 6}, {2, 4}, {3}, {1}]]",2,- 12 K_1^2 - 4 K_1 K_2 + 2 K_1 + 6 K_2 + 2 K_3 + 7,O1O2O3O4U5U6O5U7O8O7U4U8U1U3O6U2,O1O2O3O4U5U3O5U6O7O6U4U1U8U2O8U7,O1O2O3O4U5O6U3U6U4U1O7O5U7O8U2U8,c,"{'O1O2O3U2O4U1U3U5O6U7O5O8U6U4O7U8', 'O1O2O3O4U3O5U2U4U6U1O7O6U7O8U5U8'}",2,"<a href=""/flatknot/8.733571"">8.733571</a>",t^9-36t^7-88t^6+6t^5+102t^4+23t^3-30t^2-4t-2,0,,
8.733572,O1O2O3O4U3O5U2U4U6U7O8O6U1O7U5U8,4,11z^2+64z+85,11w^3z^2+64w^2z+85w,False,False,"[[ 0 -1 -2 -1  1  2  0  1  0],[ 1  0 -1 -1  2  2  1  2  0],[ 2  1  0  0  2  2  2  2  1],[ 1  1  0  0  1  1  1  1  0],[-1 -2 -2 -1  0  1 -1 -1  1],[-2 -2 -2 -1 -1  0 -3 -1 -1],[ 0 -1 -2 -1  1  3  0  0  1],[-1 -2 -2 -1  1  1  0  0  0],[ 0  0 -1  0 -1  1 -1  0  0]]","[[ 0  2  1  1  0  0 -1 -1 -2],[-2  0 -1 -1 -1 -3 -1 -2 -2],[-1  1  0  1  0  0 -1 -2 -2],[-1  1 -1  0  1 -1 -1 -2 -2],[ 0  1  0 -1  0 -1  0  0 -1],[ 0  3  0  1  1  0 -1 -1 -2],[ 1  1  1  1  0  1  0  1  0],[ 1  2  2  2  0  1 -1  0 -1],[ 2  2  2  2  1  2  0  1  0]]",True,"[-2,-1,-1,0,0,1,1,2,1,1,1,3,1,2,2,-1,0,0,1,2,2,-1,1,1,2,2,1,0,0,1,1,1,2,-1,0,1]","[-2,-1,-1,0,0,1,1,2,0,0,-1,1,1,2,2,-1,0,2,0,1,1,1,1,0,1,1,1,0,0,0,1,1,1,-1,0,1]",t^8+52t^6+209t^4+76t^2+4,"[-2,-1,-1,0,0,1,1,2,0,1,0,1,1,1,2,1,0,1,0,0,1,0,1,1,1,2,-1,0,1,-1,2,1,1,1,0,0]","[-2,-1,-1,0,0,1,1,2,0,0,-1,1,1,2,2,-1,0,2,0,1,1,1,1,0,1,1,1,0,0,0,1,1,1,-1,0,1]","[-2,-1,-1,0,0,1,1,2,0,1,1,2,2,2,2,1,0,1,1,1,1,0,1,2,2,2,-1,-1,0,1,1,0,3,-1,1,1]",c,"[[{8, 7}, {5, 6}, {3, 4}, {1, 2}], [{8, 7}, {5, 6}, {3, 4}, {2}, {1}]]",1,- 12 K_1^2 - 4 K_1 K_2 + 2 K_1 + 6 K_2 + 2 K_3 + 7,O1O2O3O4U5U6O7U4O8O5U7U8U1U3O6U2,O1O2O3O4U5U3O6U4O7O5U6U1U8U2O8U7,O1O2O3O4U5O6U3U6U4U7O8O5U1O7U2U8,c,"{'O1O2O3O4U3O5U2U4U6U7O8O6U1O7U5U8', 'O1O2O3U2O4U1U3U5O6U7O5O7U8U4O8U6'}",2,"<a href=""/flatknot/8.733572"">8.733572</a>",t^9-52t^7-178t^6-57t^5+400t^4+396t^3+10t^2-37t-4,0,,
8.733573,O1O2O3O4U3O5U2U4U6U7O8O6U5O7U1U8,4,2z^3+25z^2+96z+109,2w^4z^3+25w^3z^2+96w^2z+109w,False,False,"[[ 0 -1 -2 -1  1  2  0  1  0],[ 1  0 -2 -1  1  3  0  1  0],[ 2  2  0  0  2  2  2  1  1],[ 1  1  0  0  1  1  1  1  0],[-1 -1 -2 -1  0  1 -1 -2  1],[-2 -3 -2 -1 -1  0 -2 -1 -1],[ 0  0 -2 -1  1  2  0  0  1],[-1 -1 -1 -1  2  1  0  0  0],[ 0  0 -1  0 -1  1 -1  0  0]]","[[ 0  2  1  1  0  0 -1 -1 -2],[-2  0 -1 -1 -1 -2 -1 -3 -2],[-1  1  0  2  0  0 -1 -1 -1],[-1  1 -2  0  1 -1 -1 -1 -2],[ 0  1  0 -1  0 -1  0  0 -1],[ 0  2  0  1  1  0 -1  0 -2],[ 1  1  1  1  0  1  0  1  0],[ 1  3  1  1  0  0 -1  0 -2],[ 2  2  1  2  1  2  0  2  0]]",True,"[-2,-1,-1,0,0,1,1,2,1,1,1,2,1,3,2,-2,0,0,1,1,1,-1,1,1,1,2,1,0,0,1,1,0,2,-1,0,2]","[-2,-1,-1,0,0,1,1,2,-1,1,0,1,1,2,2,1,1,1,1,1,0,0,1,1,1,2,-1,0,1,0,2,1,1,2,0,0]",t^8+48t^6+230t^4+47t^2+1,"[-2,-1,-1,0,0,1,1,2,-1,1,0,1,1,2,2,1,1,1,1,1,0,0,1,1,1,2,-1,0,1,0,2,1,1,2,0,0]","[-2,-1,-1,0,0,1,1,2,0,0,0,1,0,2,2,-2,0,2,1,1,1,1,1,1,1,2,1,1,0,0,1,1,1,-1,-1,1]","[-2,-1,-1,0,0,1,1,2,0,2,1,2,1,2,2,1,0,1,1,1,1,0,0,1,1,3,-1,0,-1,1,0,1,2,2,1,1]",c,"[[{8, 6}, {3, 7}, {2, 5}, {1, 4}]]",1,- 12 K_1^2 - 4 K_1 K_2 + 2 K_1 + 6 K_2 + 2 K_3 + 7,O1O2O3O4U5U4O6U7O8O5U6U8U1U3O7U2,O1O2O3O4U5U3O6U4O7O5U7U1U8U2O8U6,O1O2O3O4U5O6U3U6U4U7O8O7U1O5U2U8,c,{'O1O2O3O4U3O5U2U4U6U7O8O6U5O7U1U8'},1,"<a href=""/flatknot/8.733573"">8.733573</a>",t^9-48t^7-146t^6+14t^5+320t^4+6t^3-204t^2+2t-4,0,,
8.733574,O1O2O3O4U3O5U2U4U6U1O7O8U5O6U7U8,4,4z^3+38z^2+110z+101,4w^4z^3+38w^3z^2+110w^2z+101w,False,False,"[[ 0  0 -2 -1  1  2  0 -1  1],[ 0  0 -1 -1  2  3 -1  0  0],[ 2  1  0  0  2  2  1  1  1],[ 1  1  0  0  1  1  1  0  0],[-1 -2 -2 -1  0  1 -2  1  1],[-2 -3 -2 -1 -1  0 -2  0  1],[ 0  1 -1 -1  2  2  0 -1  0],[ 1  0 -1  0 -1  0  1  0  1],[-1  0 -1  0 -1 -1  0 -1  0]]","[[ 0  2  1  1  0  0 -1 -1 -2],[-2  0  1 -1 -2 -3  0 -1 -2],[-1 -1  0 -1  0  0 -1  0 -1],[-1  1  1  0 -2 -2  1 -1 -2],[ 0  2  0  2  0  1 -1 -1 -1],[ 0  3  0  2 -1  0  0 -1 -1],[ 1  0  1 -1  1  0  0  0 -1],[ 1  1  0  1  1  1  0  0  0],[ 2  2  1  2  1  1  1  0  0]]",True,"[-2,-1,-1,0,0,1,1,2,-1,1,2,3,0,1,2,1,0,0,1,0,1,2,2,-1,1,2,-1,1,1,1,0,1,1,0,1,0]","[-2,-1,-1,0,0,1,1,2,-1,1,2,3,0,1,2,1,0,0,1,0,1,2,2,-1,1,2,-1,1,1,1,0,1,1,0,1,0]",t^8+44t^6+228t^4+92t^2+4,"[-2,-1,-1,0,0,1,1,2,0,1,1,1,1,2,2,0,0,1,3,1,3,0,0,1,2,2,-1,-1,1,0,-1,1,-1,-1,0,2]","[-2,-1,-1,0,0,1,1,2,0,2,-1,0,2,3,2,1,-1,-1,1,3,1,1,1,2,1,2,-1,0,1,1,0,0,1,0,1,0]","[-2,-1,-1,0,0,1,1,2,0,1,1,1,1,2,2,0,1,1,0,1,1,0,1,1,-1,0,-1,0,2,3,0,2,2,-1,-1,1]",c,"[[{8, 1}, {3, 7}, {4, 6}, {2, 5}], [{8, 1}, {6, 7}, {2, 5}, {3, 4}], [{8, 6}, {1, 7}, {2, 5}, {3, 4}], [{8, 7}, {1, 6}, {2, 5}, {3, 4}]]",1,20 K_1^3 + 8 K_1^2 K_2 - 24 K_1^2 - 24 K_1 K_2 - 4 K_1 K_3 - 3 K_1 - 4 K_2^2 + 10 K_2 + 7 K_3 + 2 K_4 + 13,O1O2O3O4U5U6O7U8O5O6U4U7U1U3O8U2,O1O2O3O4U5U6O7U3O5O6U4U1U8U2O8U7,O1O2O3O4U5O6U3U6U4U1O7O8U2O5U7U8,c,{'O1O2O3O4U3O5U2U4U6U1O7O8U5O6U7U8'},1,"<a href=""/flatknot/8.733574"">8.733574</a>",t^9-44t^7-126t^6+48t^5+418t^4+308t^3+84t^2+164t+72,0,,
8.733575,O1O2O3O4U3O5U2U4U6U1O7O8U7O6U5U8,4,3z^3+27z^2+95z+107,3w^4z^3+27w^3z^2+95w^2z+107w,False,False,"[[ 0  0 -2 -1  1  2  0 -1  1],[ 0  0 -1 -1  2  2  0  0  0],[ 2  1  0  0  2  2  2  0  1],[ 1  1  0  0  1  1  1  0  0],[-1 -2 -2 -1  0  1 -1  0  1],[-2 -2 -2 -1 -1  0 -2  0  1],[ 0  0 -2 -1  1  2  0 -1  0],[ 1  0  0  0  0  0  1  0  1],[-1  0 -1  0 -1 -1  0 -1  0]]","[[ 0  2  1  1  0  0 -1 -1 -2],[-2  0  1 -1 -2 -2  0 -1 -2],[-1 -1  0 -1  0  0 -1  0 -1],[-1  1  1  0 -1 -2  0 -1 -2],[ 0  2  0  1  0  0 -1 -1 -2],[ 0  2  0  2  0  0  0 -1 -1],[ 1  0  1  0  1  0  0  0  0],[ 1  1  0  1  1  1  0  0  0],[ 2  2  1  2  2  1  0  0  0]]",True,"[-2,-1,-1,0,0,1,1,2,-1,1,2,2,0,1,2,1,0,0,1,0,1,1,2,0,1,2,0,1,1,2,0,1,1,0,0,0]","[-2,-1,-1,0,0,1,1,2,-1,1,2,2,0,1,2,1,0,0,1,0,1,1,2,0,1,2,0,1,1,2,0,1,1,0,0,0]",t^8+36t^6+133t^4+29t^2+1,"[-2,-1,-1,0,0,1,1,2,1,1,0,1,1,2,2,0,0,0,1,2,2,0,1,2,1,3,0,0,1,0,-1,1,0,-1,0,2]","[-2,-1,-1,0,0,1,1,2,0,2,0,0,2,3,2,1,-1,0,1,2,1,1,1,2,1,2,0,0,1,1,0,0,0,0,1,1]","[-2,-1,-1,0,0,1,1,2,0,0,1,2,1,2,2,0,0,1,1,0,0,1,1,0,1,1,0,0,2,2,0,1,2,-1,-1,1]",c,"[[{8, 2}, {1, 7}, {5, 6}, {3, 4}], [{8}, {1, 7}, {5, 6}, {3, 4}, {2}]]",1,- 16 K_1^2 - 4 K_1 K_2 + 2 K_1 + 8 K_2 + 2 K_3 + 9,O1O2O3O4U5U6O7U8O5O8U4U7U1U3O6U2,O1O2O3O4U5U6O5U3O7O6U4U1U8U2O8U7,O1O2O3O4U5O6U3U6U4U1O7O5U2O8U7U8,c,{'O1O2O3O4U3O5U2U4U6U1O7O8U7O6U5U8'},1,"<a href=""/flatknot/8.733575"">8.733575</a>",t^9-36t^7-76t^6+67t^5+132t^4+21t^3+24t^2+24t,0,,
8.733576,O1O2O3O4U3O5U2U4U6U1O7O8U7O6U8U5,4,9z^2+90z+145,9w^3z^2+90w^2z+145w,False,False,"[[ 0  0 -2 -1  1  3  0 -1  0],[ 0  0 -1 -1  2  2  0  0 -1],[ 2  1  0  0  2  2  2  0  0],[ 1  1  0  0  1  1  1  0  0],[-1 -2 -2 -1  0  1 -1  0  0],[-3 -2 -2 -1 -1  0 -2 -1  0],[ 0  0 -2 -1  1  2  0 -1 -1],[ 1  0  0  0  0  1  1  0  1],[ 0  1  0  0  0  0  1 -1  0]]","[[ 0  3  1  0  0  0 -1 -1 -2],[-3  0 -1  0 -2 -2 -1 -1 -2],[-1  1  0  0 -1 -2  0 -1 -2],[ 0  0  0  0  1  1 -1  0  0],[ 0  2  1 -1  0  0 -1 -1 -2],[ 0  2  2 -1  0  0  0 -1 -1],[ 1  1  0  1  1  0  0  0  0],[ 1  1  1  0  1  1  0  0  0],[ 2  2  2  0  2  1  0  0  0]]",True,"[-3,-1,0,0,0,1,1,2,1,0,2,2,1,1,2,0,1,2,0,1,2,-1,-1,1,0,0,0,1,1,2,0,1,1,0,0,0]","[-3,-1,0,0,0,1,1,2,1,0,2,2,1,1,2,0,1,2,0,1,2,-1,-1,1,0,0,0,1,1,2,0,1,1,0,0,0]",t^8+36t^6+119t^4+26t^2+1,"[-2,-1,-1,0,0,0,1,3,1,1,0,1,2,1,3,0,0,0,1,1,3,0,1,0,2,3,0,1,0,1,1,-1,1,1,3,1]","[-3,-1,0,0,0,1,1,2,1,1,1,3,3,3,3,-1,0,1,1,2,1,0,-1,0,1,1,-1,0,0,0,1,0,2,0,1,1]","[-2,-1,-1,0,0,0,1,3,0,0,0,1,2,2,2,0,0,1,1,1,1,1,0,1,0,1,1,1,0,0,0,2,2,1,2,1]",c,"[[{8, 1}, {2, 7}, {3, 6}, {4, 5}], [{8, 1}, {2, 7}, {4, 6}, {3, 5}], [{8, 1}, {2, 7}, {5, 6}, {3, 4}], [{8, 1}, {2, 7}, {6}, {4, 5}, {3}], [{8, 1}, {3, 7}, {2, 6}, {4, 5}], [{8, 1}, {3, 7}, {4, 6}, {2, 5}], [{8, 1}, {3, 7}, {5, 6}, {2, 4}], [{8, 1}, {4, 7}, {2, 6}, {3, 5}], [{8, 1}, {4, 7}, {3, 6}, {2, 5}], [{8, 1}, {4, 7}, {5, 6}, {2, 3}], [{8, 1}, {4, 7}, {6}, {2, 5}, {3}], [{8, 1}, {4, 7}, {6}, {3, 5}, {2}], [{8, 1}, {4, 7}, {6}, {5}, {2, 3}], [{8, 1}, {5, 7}, {2, 6}, {3, 4}], [{8, 1}, {5, 7}, {3, 6}, {2, 4}], [{8, 1}, {5, 7}, {4, 6}, {2, 3}], [{8, 1}, {6, 7}, {2, 5}, {3, 4}], [{8, 1}, {6, 7}, {2, 5}, {4}, {3}], [{8, 1}, {6, 7}, {3, 5}, {2, 4}], [{8, 1}, {6, 7}, {4, 5}, {2, 3}], [{8, 1}, {6, 7}, {5}, {3, 4}, {2}], [{8, 1}, {7}, {4, 6}, {2, 5}, {3}], [{8, 1}, {7}, {5, 6}, {2, 4}, {3}], [{8, 2}, {1, 7}, {3, 6}, {4, 5}], [{8, 2}, {1, 7}, {4, 6}, {3, 5}], [{8, 2}, {1, 7}, {5, 6}, {3, 4}], [{8, 2}, {3, 7}, {1, 6}, {4, 5}], [{8, 2}, {3, 7}, {4, 6}, {1, 5}], [{8, 2}, {3, 7}, {5, 6}, {1, 4}], [{8, 2}, {4, 7}, {1, 6}, {3, 5}], [{8, 2}, {4, 7}, {3, 6}, {1, 5}], [{8, 2}, {4, 7}, {5, 6}, {1, 3}], [{8, 2}, {5, 7}, {1, 6}, {3, 4}], [{8, 2}, {5, 7}, {3, 6}, {1, 4}], [{8, 2}, {5, 7}, {4, 6}, {1, 3}], [{8, 2}, {5, 7}, {6}, {1, 4}, {3}], [{8, 2}, {6, 7}, {1, 5}, {3, 4}], [{8, 2}, {6, 7}, {1, 5}, {4}, {3}], [{8, 2}, {6, 7}, {3, 5}, {1, 4}], [{8, 2}, {6, 7}, {4, 5}, {1, 3}], [{8, 2}, {6, 7}, {4, 5}, {3}, {1}], [{8, 2}, {6, 7}, {5}, {1, 4}, {3}], [{8, 2}, {7}, {5, 6}, {1, 4}, {3}], [{8, 3}, {1, 7}, {2, 6}, {4, 5}], [{8, 3}, {1, 7}, {4, 6}, {2, 5}], [{8, 3}, {1, 7}, {5, 6}, {2, 4}], [{8, 3}, {1, 7}, {5, 6}, {4}, {2}], [{8, 3}, {2, 7}, {1, 6}, {4, 5}], [{8, 3}, {2, 7}, {4, 6}, {1, 5}], [{8, 3}, {2, 7}, {5, 6}, {1, 4}], [{8, 3}, {2, 7}, {5, 6}, {4}, {1}], [{8, 3}, {4, 7}, {1, 6}, {2, 5}], [{8, 3}, {4, 7}, {2, 6}, {1, 5}], [{8, 3}, {4, 7}, {5, 6}, {1, 2}], [{8, 3}, {5, 7}, {1, 6}, {2, 4}], [{8, 3}, {5, 7}, {2, 6}, {1, 4}], [{8, 3}, {5, 7}, {4, 6}, {1, 2}], [{8, 3}, {6, 7}, {1, 5}, {2, 4}], [{8, 3}, {6, 7}, {2, 5}, {1, 4}], [{8, 3}, {6, 7}, {4, 5}, {1, 2}], [{8, 3}, {7}, {5, 6}, {4}, {1, 2}], [{8, 4}, {1, 7}, {2, 6}, {3, 5}], [{8, 4}, {1, 7}, {2, 6}, {5}, {3}], [{8, 4}, {1, 7}, {3, 6}, {2, 5}], [{8, 4}, {1, 7}, {5, 6}, {2, 3}], [{8, 4}, {1, 7}, {5, 6}, {3}, {2}], [{8, 4}, {1, 7}, {6}, {2, 5}, {3}], [{8, 4}, {2, 7}, {1, 6}, {3, 5}], [{8, 4}, {2, 7}, {3, 6}, {1, 5}], [{8, 4}, {2, 7}, {5, 6}, {1, 3}], [{8, 4}, {2, 7}, {5, 6}, {3}, {1}], [{8, 4}, {3, 7}, {1, 6}, {2, 5}], [{8, 4}, {3, 7}, {1, 6}, {5}, {2}], [{8, 4}, {3, 7}, {2, 6}, {1, 5}], [{8, 4}, {3, 7}, {2, 6}, {5}, {1}], [{8, 4}, {3, 7}, {5, 6}, {1, 2}], [{8, 4}, {3, 7}, {5, 6}, {2}, {1}], [{8, 4}, {3, 7}, {6}, {1, 5}, {2}], [{8, 4}, {3, 7}, {6}, {2, 5}, {1}], [{8, 4}, {3, 7}, {6}, {5}, {1, 2}], [{8, 4}, {3, 7}, {6}, {5}, {2}, {1}], [{8, 4}, {5, 7}, {1, 6}, {2, 3}], [{8, 4}, {5, 7}, {2, 6}, {1, 3}], [{8, 4}, {5, 7}, {3, 6}, {1, 2}], [{8, 4}, {5, 7}, {3, 6}, {2}, {1}], [{8, 4}, {5, 7}, {6}, {3}, {1, 2}], [{8, 4}, {6, 7}, {1, 5}, {2, 3}], [{8, 4}, {6, 7}, {2, 5}, {1, 3}], [{8, 4}, {6, 7}, {3, 5}, {1, 2}], [{8, 4}, {6, 7}, {3, 5}, {2}, {1}], [{8, 4}, {6, 7}, {5}, {3}, {1, 2}], [{8, 4}, {7}, {2, 6}, {5}, {1, 3}], [{8, 4}, {7}, {3, 6}, {5}, {1, 2}], [{8, 4}, {7}, {5, 6}, {1, 3}, {2}], [{8, 4}, {7}, {5, 6}, {2, 3}, {1}], [{8, 4}, {7}, {5, 6}, {3}, {1, 2}], [{8, 4}, {7}, {5, 6}, {3}, {2}, {1}], [{8, 4}, {7}, {6}, {2, 5}, {1, 3}], [{8, 4}, {7}, {6}, {3, 5}, {1, 2}], [{8, 5}, {1, 7}, {2, 6}, {3, 4}], [{8, 5}, {1, 7}, {3, 6}, {2, 4}], [{8, 5}, {1, 7}, {4, 6}, {2, 3}], [{8, 5}, {1, 7}, {6}, {3, 4}, {2}], [{8, 5}, {2, 7}, {1, 6}, {3, 4}], [{8, 5}, {2, 7}, {3, 6}, {1, 4}], [{8, 5}, {2, 7}, {4, 6}, {1, 3}], [{8, 5}, {3, 7}, {1, 6}, {2, 4}], [{8, 5}, {3, 7}, {2, 6}, {1, 4}], [{8, 5}, {3, 7}, {4, 6}, {1, 2}], [{8, 5}, {4, 7}, {1, 6}, {2, 3}], [{8, 5}, {4, 7}, {1, 6}, {3}, {2}], [{8, 5}, {4, 7}, {2, 6}, {1, 3}], [{8, 5}, {4, 7}, {3, 6}, {1, 2}], [{8, 5}, {6, 7}, {1, 4}, {2, 3}], [{8, 5}, {6, 7}, {2, 4}, {1, 3}], [{8, 5}, {6, 7}, {3, 4}, {1, 2}], [{8, 6}, {1, 7}, {2, 5}, {3, 4}], [{8, 6}, {1, 7}, {2, 5}, {4}, {3}], [{8, 6}, {1, 7}, {3, 5}, {2, 4}], [{8, 6}, {1, 7}, {4, 5}, {2, 3}], [{8, 6}, {1, 7}, {5}, {3, 4}, {2}], [{8, 6}, {2, 7}, {1, 5}, {3, 4}], [{8, 6}, {2, 7}, {3, 5}, {1, 4}], [{8, 6}, {2, 7}, {4, 5}, {1, 3}], [{8, 6}, {3, 7}, {1, 5}, {2, 4}], [{8, 6}, {3, 7}, {2, 5}, {1, 4}], [{8, 6}, {3, 7}, {4, 5}, {1, 2}], [{8, 6}, {4, 7}, {1, 5}, {2, 3}], [{8, 6}, {4, 7}, {2, 5}, {1, 3}], [{8, 6}, {4, 7}, {3, 5}, {1, 2}], [{8, 6}, {5, 7}, {1, 4}, {2, 3}], [{8, 6}, {5, 7}, {2, 4}, {1, 3}], [{8, 6}, {5, 7}, {3, 4}, {1, 2}], [{8, 7}, {1, 6}, {2, 5}, {3, 4}], [{8, 7}, {1, 6}, {3, 5}, {2, 4}], [{8, 7}, {1, 6}, {4, 5}, {2, 3}], [{8, 7}, {2, 6}, {1, 5}, {3, 4}], [{8, 7}, {2, 6}, {3, 5}, {1, 4}], [{8, 7}, {2, 6}, {4, 5}, {1, 3}], [{8, 7}, {3, 6}, {1, 5}, {2, 4}], [{8, 7}, {3, 6}, {2, 5}, {1, 4}], [{8, 7}, {3, 6}, {4, 5}, {1, 2}], [{8, 7}, {4, 6}, {1, 5}, {2, 3}], [{8, 7}, {4, 6}, {1, 5}, {3}, {2}], [{8, 7}, {4, 6}, {2, 5}, {1, 3}], [{8, 7}, {4, 6}, {2, 5}, {3}, {1}], [{8, 7}, {4, 6}, {3, 5}, {1, 2}], [{8, 7}, {4, 6}, {5}, {3}, {1, 2}], [{8, 7}, {5, 6}, {1, 4}, {2, 3}], [{8, 7}, {5, 6}, {2, 4}, {1, 3}], [{8, 7}, {5, 6}, {3, 4}, {1, 2}], [{8, 7}, {5, 6}, {4}, {3}, {1, 2}], [{8, 7}, {6}, {4, 5}, {3}, {1, 2}], [{8}, {1, 7}, {4, 6}, {2, 5}, {3}], [{8}, {1, 7}, {4, 6}, {3, 5}, {2}], [{8}, {1, 7}, {4, 6}, {5}, {2, 3}], [{8}, {1, 7}, {5, 6}, {3, 4}, {2}], [{8}, {2, 7}, {5, 6}, {3, 4}, {1}], [{8}, {3, 7}, {5, 6}, {4}, {1, 2}], [{8}, {4, 7}, {5, 6}, {3}, {1, 2}], [{8}, {5, 7}, {2, 6}, {3, 4}, {1}], [{8}, {5, 7}, {3, 6}, {4}, {1, 2}], [{8}, {6, 7}, {2, 5}, {3, 4}, {1}], [{8}, {6, 7}, {3, 5}, {4}, {1, 2}], [{8}, {7}, {1, 6}, {3, 5}, {2, 4}], [{8}, {7}, {2, 6}, {3, 5}, {1, 4}], [{8}, {7}, {3, 6}, {1, 5}, {2, 4}], [{8}, {7}, {3, 6}, {2, 5}, {1, 4}], [{8}, {7}, {5, 6}, {3, 4}, {1, 2}], [{8}, {7}, {5, 6}, {4}, {3}, {1, 2}]]",2,8 K_1^3 - 30 K_1^2 - 18 K_1 K_2 - 4 K_1 K_3 + 3 K_1 + 17 K_2 + 7 K_3 + 2 K_4 + 16,O1O2O3O4U5U6O7U8O6O8U4U7U1U3O5U2,O1O2O3O4U5U6O5U3O6O7U4U1U8U2O8U7,O1O2O3O4U5O6U3U6U4U1O5O7U2O8U7U8,c,{'O1O2O3O4U3O5U2U4U6U1O7O8U7O6U8U5'},1,"<a href=""/flatknot/8.733576"">8.733576</a>",t^9-32t^7-76t^6+16t^5+120t^4+162t^3+72t^2-119t-14,-t^3+t^2+t,,
8.733577,O1O2O3O4U3O5U2U4U6U7O8O7U1O6U5U8,4,2z^3+25z^2+96z+109,2w^4z^3+25w^3z^2+96w^2z+109w,False,False,"[[ 0 -1 -2 -1  1  2  0  1  0],[ 1  0 -1 -1  2  2  1  1  0],[ 2  1  0  0  2  2  2  2  1],[ 1  1  0  0  1  1  1  1  0],[-1 -2 -2 -1  0  1 -1 -1  1],[-2 -2 -2 -1 -1  0 -2 -2 -1],[ 0 -1 -2 -1  1  2  0  1  1],[-1 -1 -2 -1  1  2 -1  0  0],[ 0  0 -1  0 -1  1 -1  0  0]]","[[ 0  2  1  1  0  0 -1 -1 -2],[-2  0 -1 -2 -1 -2 -1 -2 -2],[-1  1  0 -1  1 -1 -1 -2 -2],[-1  2  1  0  0 -1 -1 -1 -2],[ 0  1 -1  0  0 -1  0  0 -1],[ 0  2  1  1  1  0 -1 -1 -2],[ 1  1  1  1  0  1  0  1  0],[ 1  2  2  1  0  1 -1  0 -1],[ 2  2  2  2  1  2  0  1  0]]",True,"[-2,-1,-1,0,0,1,1,2,1,2,1,2,1,2,2,1,-1,1,1,2,2,0,1,1,1,2,1,0,0,1,1,1,2,-1,0,1]","[-2,-1,-1,0,0,1,1,2,-1,0,0,1,1,2,2,1,0,1,1,1,1,0,2,0,1,1,1,0,0,0,1,1,1,-1,0,1]",t^8+48t^6+138t^4+39t^2+1,"[-2,-1,-1,0,0,1,1,2,0,1,0,1,1,1,2,1,0,1,0,1,1,0,1,1,1,2,-1,0,0,0,2,1,1,1,0,-1]","[-2,-1,-1,0,0,1,1,2,-1,0,0,1,1,2,2,1,0,1,1,1,1,0,2,0,1,1,1,0,0,0,1,1,1,-1,0,1]","[-2,-1,-1,0,0,1,1,2,0,1,1,2,2,2,2,1,0,1,1,1,1,0,1,1,2,2,-1,0,-1,1,1,1,2,1,2,1]",c,"[[{8, 1}, {2, 7}, {3, 6}, {4, 5}], [{8, 1}, {2, 7}, {3, 6}, {5}, {4}], [{8, 1}, {2, 7}, {4, 6}, {3, 5}], [{8, 1}, {2, 7}, {5, 6}, {3, 4}], [{8, 1}, {2, 7}, {5, 6}, {4}, {3}], [{8, 1}, {2, 7}, {6}, {3, 5}, {4}], [{8, 1}, {3, 7}, {2, 6}, {4, 5}], [{8, 1}, {3, 7}, {4, 6}, {2, 5}], [{8, 1}, {3, 7}, {5, 6}, {2, 4}], [{8, 1}, {3, 7}, {5, 6}, {4}, {2}], [{8, 1}, {4, 7}, {2, 6}, {3, 5}], [{8, 1}, {4, 7}, {3, 6}, {2, 5}], [{8, 1}, {4, 7}, {5, 6}, {2, 3}], [{8, 1}, {4, 7}, {5, 6}, {3}, {2}], [{8, 1}, {5, 7}, {2, 6}, {3, 4}], [{8, 1}, {5, 7}, {3, 6}, {2, 4}], [{8, 1}, {5, 7}, {4, 6}, {2, 3}], [{8, 1}, {5, 7}, {4, 6}, {3}, {2}], [{8, 1}, {6, 7}, {2, 5}, {3, 4}], [{8, 1}, {6, 7}, {3, 5}, {2, 4}], [{8, 1}, {6, 7}, {4, 5}, {2, 3}], [{8, 1}, {6, 7}, {4, 5}, {3}, {2}], [{8, 1}, {7}, {2, 6}, {5}, {3, 4}], [{8, 1}, {7}, {5, 6}, {2, 4}, {3}], [{8, 1}, {7}, {5, 6}, {3, 4}, {2}], [{8, 1}, {7}, {5, 6}, {4}, {2, 3}], [{8, 1}, {7}, {5, 6}, {4}, {3}, {2}], [{8, 1}, {7}, {6}, {2, 5}, {3, 4}], [{8, 2}, {1, 7}, {3, 6}, {4, 5}], [{8, 2}, {1, 7}, {4, 6}, {3, 5}], [{8, 2}, {1, 7}, {5, 6}, {3, 4}], [{8, 2}, {1, 7}, {5, 6}, {4}, {3}], [{8, 2}, {3, 7}, {1, 6}, {4, 5}], [{8, 2}, {3, 7}, {4, 6}, {1, 5}], [{8, 2}, {3, 7}, {5, 6}, {1, 4}], [{8, 2}, {4, 7}, {1, 6}, {3, 5}], [{8, 2}, {4, 7}, {3, 6}, {1, 5}], [{8, 2}, {4, 7}, {5, 6}, {1, 3}], [{8, 2}, {4, 7}, {6}, {3, 5}, {1}], [{8, 2}, {5, 7}, {1, 6}, {3, 4}], [{8, 2}, {5, 7}, {1, 6}, {4}, {3}], [{8, 2}, {5, 7}, {3, 6}, {1, 4}], [{8, 2}, {5, 7}, {4, 6}, {1, 3}], [{8, 2}, {6, 7}, {1, 5}, {3, 4}], [{8, 2}, {6, 7}, {3, 5}, {1, 4}], [{8, 2}, {6, 7}, {4, 5}, {1, 3}], [{8, 3}, {1, 7}, {2, 6}, {4, 5}], [{8, 3}, {1, 7}, {4, 6}, {2, 5}], [{8, 3}, {1, 7}, {5, 6}, {2, 4}], [{8, 3}, {1, 7}, {5, 6}, {4}, {2}], [{8, 3}, {2, 7}, {1, 6}, {4, 5}], [{8, 3}, {2, 7}, {4, 6}, {1, 5}], [{8, 3}, {2, 7}, {5, 6}, {1, 4}], [{8, 3}, {2, 7}, {6}, {1, 5}, {4}], [{8, 3}, {4, 7}, {1, 6}, {2, 5}], [{8, 3}, {4, 7}, {1, 6}, {5}, {2}], [{8, 3}, {4, 7}, {2, 6}, {1, 5}], [{8, 3}, {4, 7}, {5, 6}, {1, 2}], [{8, 3}, {5, 7}, {1, 6}, {2, 4}], [{8, 3}, {5, 7}, {2, 6}, {1, 4}], [{8, 3}, {5, 7}, {4, 6}, {1, 2}], [{8, 3}, {6, 7}, {1, 5}, {2, 4}], [{8, 3}, {6, 7}, {2, 5}, {1, 4}], [{8, 3}, {6, 7}, {4, 5}, {1, 2}], [{8, 3}, {7}, {6}, {2, 5}, {1, 4}], [{8, 4}, {1, 7}, {2, 6}, {3, 5}], [{8, 4}, {1, 7}, {3, 6}, {2, 5}], [{8, 4}, {1, 7}, {5, 6}, {2, 3}], [{8, 4}, {1, 7}, {5, 6}, {3}, {2}], [{8, 4}, {2, 7}, {1, 6}, {3, 5}], [{8, 4}, {2, 7}, {3, 6}, {1, 5}], [{8, 4}, {2, 7}, {3, 6}, {5}, {1}], [{8, 4}, {2, 7}, {5, 6}, {1, 3}], [{8, 4}, {3, 7}, {1, 6}, {2, 5}], [{8, 4}, {3, 7}, {2, 6}, {1, 5}], [{8, 4}, {3, 7}, {5, 6}, {1, 2}], [{8, 4}, {5, 7}, {1, 6}, {2, 3}], [{8, 4}, {5, 7}, {2, 6}, {1, 3}], [{8, 4}, {5, 7}, {3, 6}, {1, 2}], [{8, 4}, {6, 7}, {1, 5}, {2, 3}], [{8, 4}, {6, 7}, {2, 5}, {1, 3}], [{8, 4}, {6, 7}, {2, 5}, {3}, {1}], [{8, 4}, {6, 7}, {3, 5}, {1, 2}], [{8, 4}, {7}, {3, 6}, {1, 5}, {2}], [{8, 4}, {7}, {5, 6}, {2, 3}, {1}], [{8, 5}, {1, 7}, {2, 6}, {3, 4}], [{8, 5}, {1, 7}, {3, 6}, {2, 4}], [{8, 5}, {1, 7}, {4, 6}, {2, 3}], [{8, 5}, {2, 7}, {1, 6}, {3, 4}], [{8, 5}, {2, 7}, {1, 6}, {4}, {3}], [{8, 5}, {2, 7}, {3, 6}, {1, 4}], [{8, 5}, {2, 7}, {4, 6}, {1, 3}], [{8, 5}, {3, 7}, {1, 6}, {2, 4}], [{8, 5}, {3, 7}, {2, 6}, {1, 4}], [{8, 5}, {3, 7}, {4, 6}, {1, 2}], [{8, 5}, {3, 7}, {6}, {2, 4}, {1}], [{8, 5}, {4, 7}, {1, 6}, {2, 3}], [{8, 5}, {4, 7}, {2, 6}, {1, 3}], [{8, 5}, {4, 7}, {3, 6}, {1, 2}], [{8, 5}, {4, 7}, {6}, {1, 3}, {2}], [{8, 5}, {6, 7}, {1, 4}, {2, 3}], [{8, 5}, {6, 7}, {2, 4}, {1, 3}], [{8, 5}, {6, 7}, {3, 4}, {1, 2}], [{8, 5}, {7}, {1, 6}, {3, 4}, {2}], [{8, 5}, {7}, {3, 6}, {1, 4}, {2}], [{8, 6}, {1, 7}, {2, 5}, {3, 4}], [{8, 6}, {1, 7}, {3, 5}, {2, 4}], [{8, 6}, {1, 7}, {4, 5}, {2, 3}], [{8, 6}, {2, 7}, {1, 5}, {3, 4}], [{8, 6}, {2, 7}, {3, 5}, {1, 4}], [{8, 6}, {2, 7}, {4, 5}, {1, 3}], [{8, 6}, {3, 7}, {1, 5}, {2, 4}], [{8, 6}, {3, 7}, {2, 5}, {1, 4}], [{8, 6}, {3, 7}, {4, 5}, {1, 2}], [{8, 6}, {4, 7}, {1, 5}, {2, 3}], [{8, 6}, {4, 7}, {2, 5}, {1, 3}], [{8, 6}, {4, 7}, {2, 5}, {3}, {1}], [{8, 6}, {4, 7}, {3, 5}, {1, 2}], [{8, 6}, {5, 7}, {1, 4}, {2, 3}], [{8, 6}, {5, 7}, {2, 4}, {1, 3}], [{8, 6}, {5, 7}, {3, 4}, {1, 2}], [{8, 7}, {1, 6}, {2, 5}, {3, 4}], [{8, 7}, {1, 6}, {2, 5}, {4}, {3}], [{8, 7}, {1, 6}, {3, 5}, {2, 4}], [{8, 7}, {1, 6}, {4, 5}, {2, 3}], [{8, 7}, {1, 6}, {5}, {3, 4}, {2}], [{8, 7}, {2, 6}, {1, 5}, {3, 4}], [{8, 7}, {2, 6}, {1, 5}, {4}, {3}], [{8, 7}, {2, 6}, {3, 5}, {1, 4}], [{8, 7}, {2, 6}, {3, 5}, {4}, {1}], [{8, 7}, {2, 6}, {4, 5}, {1, 3}], [{8, 7}, {2, 6}, {4, 5}, {3}, {1}], [{8, 7}, {2, 6}, {5}, {1, 4}, {3}], [{8, 7}, {2, 6}, {5}, {3, 4}, {1}], [{8, 7}, {2, 6}, {5}, {4}, {1, 3}], [{8, 7}, {2, 6}, {5}, {4}, {3}, {1}], [{8, 7}, {3, 6}, {1, 5}, {2, 4}], [{8, 7}, {3, 6}, {2, 5}, {1, 4}], [{8, 7}, {3, 6}, {2, 5}, {4}, {1}], [{8, 7}, {3, 6}, {4, 5}, {1, 2}], [{8, 7}, {3, 6}, {4, 5}, {2}, {1}], [{8, 7}, {3, 6}, {5}, {2, 4}, {1}], [{8, 7}, {4, 6}, {1, 5}, {2, 3}], [{8, 7}, {4, 6}, {2, 5}, {1, 3}], [{8, 7}, {4, 6}, {2, 5}, {3}, {1}], [{8, 7}, {4, 6}, {3, 5}, {1, 2}], [{8, 7}, {4, 6}, {3, 5}, {2}, {1}], [{8, 7}, {4, 6}, {5}, {2, 3}, {1}], [{8, 7}, {5, 6}, {1, 4}, {2, 3}], [{8, 7}, {5, 6}, {1, 4}, {3}, {2}], [{8, 7}, {5, 6}, {2, 4}, {1, 3}], [{8, 7}, {5, 6}, {2, 4}, {3}, {1}], [{8, 7}, {5, 6}, {3, 4}, {1, 2}], [{8, 7}, {5, 6}, {3, 4}, {2}, {1}], [{8, 7}, {5, 6}, {4}, {1, 3}, {2}], [{8, 7}, {5, 6}, {4}, {2, 3}, {1}], [{8, 7}, {5, 6}, {4}, {3}, {1, 2}], [{8, 7}, {5, 6}, {4}, {3}, {2}, {1}], [{8, 7}, {6}, {1, 5}, {3, 4}, {2}], [{8, 7}, {6}, {2, 5}, {1, 4}, {3}], [{8, 7}, {6}, {2, 5}, {3, 4}, {1}], [{8, 7}, {6}, {2, 5}, {4}, {1, 3}], [{8, 7}, {6}, {2, 5}, {4}, {3}, {1}], [{8, 7}, {6}, {3, 5}, {2, 4}, {1}], [{8, 7}, {6}, {4, 5}, {2, 3}, {1}], [{8, 7}, {6}, {5}, {3, 4}, {1, 2}], [{8, 7}, {6}, {5}, {3, 4}, {2}, {1}], [{8}, {1, 7}, {2, 6}, {5}, {3, 4}], [{8}, {1, 7}, {5, 6}, {2, 4}, {3}], [{8}, {1, 7}, {5, 6}, {3, 4}, {2}], [{8}, {1, 7}, {5, 6}, {4}, {2, 3}], [{8}, {1, 7}, {5, 6}, {4}, {3}, {2}], [{8}, {1, 7}, {6}, {2, 5}, {3, 4}], [{8}, {2, 7}, {3, 6}, {5}, {1, 4}], [{8}, {3, 7}, {6}, {2, 5}, {1, 4}], [{8}, {4, 7}, {3, 6}, {5}, {1, 2}], [{8}, {4, 7}, {5, 6}, {2, 3}, {1}], [{8}, {5, 7}, {1, 6}, {3, 4}, {2}], [{8}, {7}, {5, 6}, {1, 4}, {2, 3}]]",2,- 16 K_1^2 - 4 K_1 K_2 + 2 K_1 + 8 K_2 + 2 K_3 + 9,O1O2O3O4U5U6O7U4O8O5U8U7U1U3O6U2,O1O2O3O4U5U4O6U3O7O5U6U1U8U2O8U7,O1O2O3O4U5O6U3U6U4U7O8O5U2O7U1U8,c,{'O1O2O3O4U3O5U2U4U6U7O8O7U1O6U5U8'},1,"<a href=""/flatknot/8.733577"">8.733577</a>",t^9-48t^7-180t^6-198t^5+4t^4+102t^3+44t^2+22t+8,0,,
8.733578,O1O2O3O4U3O5U2U4U6U7O8O7U1O6U8U5,4,z^3+21z^2+103z+131,w^4z^3+21w^3z^2+103w^2z+131w,False,False,"[[ 0 -1 -2 -1  1  3  0  1 -1],[ 1  0 -1 -1  2  3  1  1 -1],[ 2  1  0  0  2  2  2  2  0],[ 1  1  0  0  1  1  1  1  0],[-1 -2 -2 -1  0  1 -1 -1  0],[-3 -3 -2 -1 -1  0 -2 -2 -2],[ 0 -1 -2 -1  1  2  0  1  0],[-1 -1 -2 -1  1  2 -1  0 -1],[ 1  1  0  0  0  2  0  1  0]]","[[ 0  3  1  1  0 -1 -1 -1 -2],[-3  0 -1 -2 -2 -1 -2 -3 -2],[-1  1  0 -1 -1 -1  0 -2 -2],[-1  2  1  0 -1 -1 -1 -1 -2],[ 0  2  1  1  0 -1  0 -1 -2],[ 1  1  1  1  1  0  0  1  0],[ 1  2  0  1  0  0  0  1  0],[ 1  3  2  1  1 -1 -1  0 -1],[ 2  2  2  2  2  0  0  1  0]]",True,"[-3,-1,-1,0,1,1,1,2,1,2,2,1,2,3,2,1,1,1,0,2,2,1,1,1,1,2,1,0,1,2,0,-1,0,-1,0,1]","[-3,-1,-1,0,1,1,1,2,0,1,1,1,2,3,3,1,0,1,1,1,1,0,0,2,1,1,0,1,0,0,-1,-1,0,0,1,1]",t^8+55t^6+170t^4+79t^2+4,"[-2,-1,-1,-1,0,1,1,3,0,1,1,0,1,1,3,1,1,0,0,1,1,0,0,1,1,3,1,2,1,2,0,0,1,1,1,0]","[-3,-1,-1,0,1,1,1,2,0,1,1,1,2,3,3,1,0,1,1,1,1,0,0,2,1,1,0,1,0,0,-1,-1,0,0,1,1]","[-2,-1,-1,-1,0,1,1,3,0,0,1,2,2,2,2,0,1,0,0,1,2,1,1,1,1,1,1,2,1,3,1,1,2,-1,1,2]",c,"[[{8, 5}, {4, 7}, {2, 6}, {1, 3}], [{8, 5}, {4, 7}, {6}, {1, 3}, {2}]]",1,20 K_1^3 + 4 K_1^2 K_2 - 30 K_1^2 - 30 K_1 K_2 - 4 K_1 K_3 - 4 K_2^2 + 15 K_2 + 10 K_3 + 3 K_4 + 17,O1O2O3O4U5U6O7U4O8O6U8U7U1U3O5U2,O1O2O3O4U5U4O6U3O5O7U6U1U8U2O8U7,O1O2O3O4U5O6U3U6U4U7O5O8U2O7U1U8,c,{'O1O2O3O4U3O5U2U4U6U7O8O7U1O6U8U5'},1,"<a href=""/flatknot/8.733578"">8.733578</a>",t^9-51t^7-196t^6-179t^5+124t^4+132t^3-44t^2-14t+8,-t^3+t^2+t,,
8.733579,O1O2O3O4U3O5U2U4U6U7O8O7U5O6U1U8,4,3z^3+37z^2+113z+103,3w^4z^3+37w^3z^2+113w^2z+103w,False,False,"[[ 0 -1 -2 -1  1  2  0  1  0],[ 1  0 -2 -1  1  3  0  1  0],[ 2  2  0  0  2  2  1  2  1],[ 1  1  0  0  1  1  1  1  0],[-1 -1 -2 -1  0  1 -2 -1  1],[-2 -3 -2 -1 -1  0 -2 -2 -1],[ 0  0 -1 -1  2  2  0  1  1],[-1 -1 -2 -1  1  2 -1  0  0],[ 0  0 -1  0 -1  1 -1  0  0]]","[[ 0  2  1  1  0  0 -1 -1 -2],[-2  0 -1 -2 -1 -2 -1 -3 -2],[-1  1  0 -1  1 -2 -1 -1 -2],[-1  2  1  0  0 -1 -1 -1 -2],[ 0  1 -1  0  0 -1  0  0 -1],[ 0  2  2  1  1  0 -1  0 -1],[ 1  1  1  1  0  1  0  1  0],[ 1  3  1  1  0  0 -1  0 -2],[ 2  2  2  2  1  1  0  2  0]]",True,"[-2,-1,-1,0,0,1,1,2,1,2,1,2,1,3,2,1,-1,2,1,1,2,0,1,1,1,2,1,0,0,1,1,0,1,-1,0,2]","[-2,-1,-1,0,0,1,1,2,-1,0,0,1,0,2,2,1,0,1,1,1,1,-1,2,1,1,1,1,1,0,1,1,1,1,-1,-1,1]",t^8+52t^6+161t^4+23t^2,"[-2,-1,-1,0,0,1,1,2,-1,1,1,1,1,1,2,1,1,1,1,1,0,0,1,1,1,2,-1,-1,0,0,2,1,1,1,0,-1]","[-2,-1,-1,0,0,1,1,2,-1,0,0,1,0,2,2,1,0,1,1,1,1,-1,2,1,1,1,1,1,0,1,1,1,1,-1,-1,1]","[-2,-1,-1,0,0,1,1,2,0,2,1,1,2,2,2,1,0,1,1,1,1,0,0,1,1,3,-1,-1,0,1,2,1,2,-1,1,2]",c,"[[{8, 2}, {1, 7}, {5, 6}, {3, 4}], [{8, 5}, {1, 7}, {2, 6}, {3, 4}], [{8, 6}, {1, 7}, {2, 5}, {3, 4}]]",1,20 K_1^3 + 8 K_1^2 K_2 - 16 K_1^2 - 20 K_1 K_2 - 4 K_1 K_3 - 5 K_1 - 4 K_2^2 + 6 K_2 + 5 K_3 + 2 K_4 + 9,O1O2O3O4U5U4O6U7O8O5U8U6U1U3O7U2,O1O2O3O4U5U4O6U3O7O5U7U1U8U2O8U6,O1O2O3O4U5O6U3U6U4U7O8O7U2O5U1U8,c,{'O1O2O3O4U3O5U2U4U6U7O8O7U5O6U1U8'},1,"<a href=""/flatknot/8.733579"">8.733579</a>",t^9-52t^7-180t^6-49t^5+434t^4+399t^3-60t^2-81t+6,0,,
8.733580,O1O2O3O4U3O5U2U5U1U6O7O6U4O8U7U8,4,18z^2+71z+71,18w^3z^2+71w^2z+71w,False,False,"[[ 0 -1 -2 -1  2  1  1 -1  1],[ 1  0 -1  0  3  1  1  1  0],[ 2  1  0  0  3  1  2  1  0],[ 1  0  0  0  1  0  1  1  0],[-2 -3 -3 -1  0  0 -2  0  1],[-1 -1 -1  0  0  0 -1  0  0],[-1 -1 -2 -1  2  1  0 -1  0],[ 1 -1 -1 -1  0  0  1  0  1],[-1  0  0  0 -1  0  0 -1  0]]","[[ 0  2  1  1  1 -1 -1 -1 -2],[-2  0  1  0 -2  0 -1 -3 -3],[-1 -1  0  0  0 -1  0  0  0],[-1  0  0  0 -1  0  0 -1 -1],[-1  2  0  1  0 -1 -1 -1 -2],[ 1  0  1  0  1  0 -1 -1 -1],[ 1  1  0  0  1  1  0  0  0],[ 1  3  0  1  1  1  0  0 -1],[ 2  3  0  1  2  1  0  1  0]]",True,"[-2,-1,-1,-1,1,1,1,2,-1,0,2,0,1,3,3,0,0,1,0,0,0,1,0,0,1,1,1,1,1,2,1,1,1,0,0,1]","[-2,-1,-1,-1,1,1,1,2,-1,0,2,0,1,3,3,0,0,1,0,0,0,1,0,0,1,1,1,1,1,2,1,1,1,0,0,1]",t^8+39t^6+136t^4+20t^2,"[-2,-1,-1,-1,1,1,1,2,0,0,1,1,2,3,1,-1,0,1,1,2,0,1,1,2,1,3,1,2,2,2,-1,0,-1,0,1,2]","[-2,-1,-1,-1,1,1,1,2,-1,1,2,0,2,3,1,1,0,1,1,1,1,0,1,2,2,2,2,2,1,3,0,1,0,1,1,0]","[-2,-1,-1,-1,1,1,1,2,0,1,1,0,1,2,3,0,1,0,0,1,1,1,0,1,1,3,1,0,1,0,0,0,-1,-1,0,2]",c,"[[{8, 1}, {6, 7}, {3, 5}, {2, 4}], [{8, 6}, {1, 7}, {3, 5}, {2, 4}], [{8, 7}, {1, 6}, {3, 5}, {2, 4}]]",1,16 K_1^3 + 4 K_1^2 K_2 - 6 K_1^2 - 24 K_1 K_2 - 6 K_1 K_3 - 2 K_2^2 + 4 K_2 + 8 K_3 + 3 K_4 + 4,O1O2O3O4U5U6O5U1O7O6U7U4U8U3O8U2,O1O2O3O4U5U4O6U7O5O7U3U1U8U6O8U2,O1O2O3O4U3O5U6U5U4U2O7O8U7O6U1U8,c,"{'O1O2O3O4U3U1O5U2U5U6O7O6U4O8U7U8', 'O1O2O3O4U3O5U2U5U1U6O7O6U4O8U7U8'}",2,"<a href=""/flatknot/8.733580"">8.733580</a>",t^9-39t^7-78t^6+36t^5+76t^4+63t^3+32t^2-7t-2,0,,
8.733581,O1O2O3O4U3O5U2U5U1U6O7O8U4O6U8U7,4,18z^2+71z+71,18w^3z^2+71w^2z+71w,False,False,"[[ 0 -1 -2 -1  2  1  1  0  0],[ 1  0 -1  0  3  1  0  1  1],[ 2  1  0  0  3  1  1  1  1],[ 1  0  0  0  1  0  0  1  1],[-2 -3 -3 -1  0  0 -2  1  0],[-1 -1 -1  0  0  0 -1  0  0],[-1  0 -1  0  2  1  0 -1  0],[ 0 -1 -1 -1 -1  0  1  0  0],[ 0 -1 -1 -1  0  0  0  0  0]]","[[ 0  2  1  1  0  0 -1 -1 -2],[-2  0  0 -2  1  0 -1 -3 -3],[-1  0  0 -1  0  0  0 -1 -1],[-1  2  1  0 -1  0  0  0 -1],[ 0 -1  0  1  0  0 -1 -1 -1],[ 0  0  0  0  0  0 -1 -1 -1],[ 1  1  0  0  1  1  0  0  0],[ 1  3  1  0  1  1  0  0 -1],[ 2  3  1  1  1  1  0  1  0]]",True,"[-2,-1,-1,0,0,1,1,2,0,2,-1,0,1,3,3,1,0,0,0,1,1,1,0,0,0,1,0,1,1,1,1,1,1,0,0,1]","[-2,-1,-1,0,0,1,1,2,-1,1,2,3,0,2,1,1,1,0,2,2,2,1,1,1,2,2,0,0,0,1,0,0,1,0,0,1]",t^8+36t^6+141t^4+26t^2,"[-2,-1,-1,0,0,1,1,2,0,1,1,1,2,2,1,0,0,0,1,2,0,0,0,2,2,2,0,1,0,3,1,1,2,1,1,-1]","[-2,-1,-1,0,0,1,1,2,-1,1,2,3,0,2,1,1,1,0,2,2,2,1,1,1,2,2,0,0,0,1,0,0,1,0,0,1]","[-2,-1,-1,0,0,1,1,2,0,1,1,1,1,1,3,0,1,1,0,0,1,1,1,0,1,3,0,0,0,0,1,0,-1,1,2,0]",c,"[[{8, 1}, {6, 7}, {3, 5}, {2, 4}], [{8, 6}, {1, 7}, {3, 5}, {2, 4}], [{8, 7}, {1, 6}, {3, 5}, {2, 4}], [{8, 7}, {3, 6}, {1, 5}, {2, 4}]]",1,4 K_1^3 - 4 K_1 K_2 - K_1 + K_3 + 1,O1O2O3O4U5U6O7U1O6O5U7U4U8U3O8U2,O1O2O3O4U5U6O7U4O6O5U3U1U8U7O8U2,O1O2O3O4U3O5U6U5U4U2O7O8U1O6U8U7,c,"{'O1O2O3O4U3O5U2U5U1U6O7O8U4O6U8U7', 'O1O2O3O4U3U1O5U2U5U6O7O8U4O6U8U7'}",2,"<a href=""/flatknot/8.733581"">8.733581</a>",t^9-36t^7-52t^6+47t^5+30t^4-57t^3-8t^2+11t-2,0,,
8.733582,O1O2O3O4U3O5U2U5U4U6O7O8U1O6U8U7,3,8z^2+43z+55,8w^3z^2+43w^2z+55w,False,False,"[[ 0 -1 -2 -1  2  1  1  0  0],[ 1  0 -2 -1  2  1  1  1  0],[ 2  2  0  0  3  1  2  0  0],[ 1  1  0  0  1  0  1  0  0],[-2 -2 -3 -1  0  0 -2  0  0],[-1 -1 -1  0  0  0 -1  0  0],[-1 -1 -2 -1  2  1  0 -1  0],[ 0 -1  0  0  0  0  1  0  0],[ 0  0  0  0  0  0  0  0  0]]","[[ 0  2  1  1  0 -1 -1 -2],[-2  0  0 -2  0 -1 -2 -3],[-1  0  0 -1  0  0 -1 -1],[-1  2  1  0 -1 -1 -1 -2],[ 0  0  0  1  0  0 -1  0],[ 1  1  0  1  0  0  1  0],[ 1  2  1  1  1 -1  0 -2],[ 2  3  1  2  0  0  2  0]]",False,"[-2,-1,-1,0,1,1,2,0,2,0,1,2,3,1,0,0,1,1,1,1,1,2,0,1,0,-1,0,2]","[-2,-1,-1,0,1,1,2,-1,1,2,1,2,1,1,0,1,1,1,1,1,2,2,0,1,2,-1,-1,1]",t^7+34t^5+82t^3+19t,"[-2,-1,-1,0,1,1,2,-1,1,2,1,2,1,1,0,1,1,1,1,1,2,2,0,1,2,-1,-1,1]","[-2,-1,-1,0,1,1,2,-1,1,2,1,2,1,1,0,1,1,1,1,1,2,2,0,1,2,-1,-1,1]","[-2,-1,-1,0,1,1,2,0,2,0,1,2,3,1,0,0,1,1,1,1,1,2,0,1,0,-1,0,2]",-,"[[{8, 7}, {1, 6}, {3, 5}, {2, 4}], [{8}, {7}, {1, 6}, {3, 5}, {2, 4}]]",0,8 K_1^3 - 16 K_1^2 - 8 K_1 K_2 - 2 K_1 + 8 K_2 + 2 K_3 + 9,O1O2O3O4U5U6O7U4O6O5U7U1U8U3O8U2,O1O2O3O4U5U6O7U4O6O5U7U1U8U3O8U2,Same,-,"{'O1O2O3U2O4U1U4U3O5U6O7O6U8U7O8U5', 'O1O2O3O4U3O5U2U5U4U6O7O8U1O6U8U7'}",2,"<a href=""/flatknot/8.733582"">8.733582</a>",t^8-34t^6-86t^5-22t^4+34t^3+t^2-2t,0,,
8.733583,O1O2O3O4U3O5U2U5U6U1O6O7U4O8U7U8,4,2z^3+20z^2+99z+135,2w^4z^3+20w^3z^2+99w^2z+135w,False,False,"[[ 0  0 -2 -1  2  1 -1  0  1],[ 0  0 -1  0  2  1  0  1  0],[ 2  1  0  0  3  1  2  1  0],[ 1  0  0  0  1  0  1  1  0],[-2 -2 -3 -1  0  0 -2  1  1],[-1 -1 -1  0  0  0 -1  0  0],[ 1  0 -2 -1  2  1  0  0  1],[ 0 -1 -1 -1 -1  0  0  0  1],[-1  0  0  0 -1  0 -1 -1  0]]","[[ 0  2  1  1  0  0 -1 -1 -2],[-2  0  1  0  1 -2 -1 -2 -3],[-1 -1  0  0 -1  0  0 -1  0],[-1  0  0  0  0 -1  0 -1 -1],[ 0 -1  1  0  0 -1 -1  0 -1],[ 0  2  0  1  1  0  0  0 -1],[ 1  1  0  0  1  0  0  1  0],[ 1  2  1  1  0  0 -1  0 -2],[ 2  3  0  1  1  1  0  2  0]]",True,"[-2,-1,-1,0,0,1,1,2,-1,0,-1,2,1,2,3,0,1,0,0,1,0,0,1,0,1,1,1,1,0,1,0,0,1,-1,0,2]","[-2,-1,-1,0,0,1,1,2,-1,0,-1,2,1,2,3,0,1,0,0,1,0,0,1,0,1,1,1,1,0,1,0,0,1,-1,0,2]",t^8+34t^6+100t^4+18t^2,"[-2,-1,-1,0,0,1,1,2,-1,1,1,1,2,3,1,1,1,1,1,1,1,0,1,2,2,2,1,1,0,3,0,1,0,0,1,2]","[-2,-1,-1,0,0,1,1,2,1,2,0,3,1,2,1,0,0,1,1,2,2,1,0,1,2,3,1,1,1,1,1,0,1,-1,-1,1]","[-2,-1,-1,0,0,1,1,2,0,2,1,1,0,1,3,1,0,1,0,0,1,0,0,1,1,2,1,0,1,2,1,0,-1,0,-1,0]",c,"[[{8, 2}, {1, 7}, {4, 6}, {3, 5}], [{8, 3}, {1, 7}, {2, 6}, {4, 5}], [{8, 3}, {1, 7}, {4, 6}, {2, 5}], [{8, 3}, {1, 7}, {5, 6}, {2, 4}], [{8, 4}, {1, 7}, {2, 6}, {3, 5}], [{8, 6}, {1, 7}, {3, 5}, {2, 4}]]",1,8 K_1^3 - 36 K_1^2 - 12 K_1 K_2 + 18 K_2 + 4 K_3 + 19,O1O2O3O4U5U6O5U1O6O7U4U7U8U3O8U2,O1O2O3O4U3U5O6U7O5O7U4U1U8U6O8U2,O1O2O3O4U3O5U6U5U4U1O7O8U7O6U8U2,c,{'O1O2O3O4U3O5U2U5U6U1O6O7U4O8U7U8'},1,"<a href=""/flatknot/8.733583"">8.733583</a>",t^9-34t^7-72t^6+54t^5+176t^4+5t^3-104t^2-26t,0,,
8.733584,O1O2O3O4U3O5U2U5U6U7O6O8U1O7U8U4,4,2z^3+23z^2+102z+129,2w^4z^3+23w^3z^2+102w^2z+129w,False,False,"[[ 0 -1 -2 -1  3  1 -1  1  0],[ 1  0 -1  0  3  1  1  2  0],[ 2  1  0  0  3  1  2  2  0],[ 1  0  0  0  1  0  1  1  0],[-3 -3 -3 -1  0  0 -4 -1 -1],[-1 -1 -1  0  0  0 -1 -1  0],[ 1 -1 -2 -1  4  1  0  1  1],[-1 -2 -2 -1  1  1 -1  0  0],[ 0  0  0  0  1  0 -1  0  0]]","[[ 0  3  1  1  0 -1 -1 -1 -2],[-3  0  0 -1 -1 -1 -3 -4 -3],[-1  0  0 -1  0  0 -1 -1 -1],[-1  1  1  0  0 -1 -2 -1 -2],[ 0  1  0  0  0  0  0 -1  0],[ 1  1  0  1  0  0  0  1  0],[ 1  3  1  2  0  0  0  1 -1],[ 1  4  1  1  1 -1 -1  0 -2],[ 2  3  1  2  0  0  1  2  0]]",True,"[-3,-1,-1,0,1,1,1,2,0,1,1,1,3,4,3,1,0,0,1,1,1,0,1,2,1,2,0,0,1,0,0,-1,0,-1,1,2]","[-3,-1,-1,0,1,1,1,2,0,1,1,1,3,4,3,1,0,0,1,1,1,0,1,2,1,2,0,0,1,0,0,-1,0,-1,1,2]",t^8+59t^6+144t^4+56t^2+4,"[-2,-1,-1,-1,0,1,1,3,-1,0,1,2,1,2,2,1,1,0,1,1,0,0,1,0,1,1,1,1,2,3,1,1,2,-1,1,2]","[-3,-1,-1,0,1,1,1,2,1,2,2,0,1,3,2,1,1,1,0,1,1,1,1,1,2,2,0,1,1,2,-1,-1,-1,0,0,1]","[-2,-1,-1,-1,0,1,1,3,0,1,2,0,1,2,3,0,1,0,0,1,1,1,0,1,2,3,1,1,1,4,0,0,1,-1,0,1]",c,"[[{8, 1}, {2, 7}, {3, 6}, {4, 5}], [{8, 1}, {2, 7}, {4, 6}, {3, 5}], [{8, 1}, {2, 7}, {5, 6}, {3, 4}], [{8, 1}, {3, 7}, {2, 6}, {4, 5}], [{8, 1}, {3, 7}, {4, 6}, {2, 5}], [{8, 1}, {3, 7}, {5, 6}, {2, 4}], [{8, 1}, {3, 7}, {5, 6}, {4}, {2}], [{8, 1}, {4, 7}, {2, 6}, {3, 5}], [{8, 1}, {4, 7}, {3, 6}, {2, 5}], [{8, 1}, {4, 7}, {5, 6}, {2, 3}], [{8, 1}, {5, 7}, {2, 6}, {3, 4}], [{8, 1}, {5, 7}, {3, 6}, {2, 4}], [{8, 1}, {5, 7}, {4, 6}, {2, 3}], [{8, 1}, {6, 7}, {2, 5}, {3, 4}], [{8, 1}, {6, 7}, {2, 5}, {4}, {3}], [{8, 1}, {6, 7}, {3, 5}, {2, 4}], [{8, 1}, {6, 7}, {4, 5}, {2, 3}], [{8, 1}, {6, 7}, {5}, {3, 4}, {2}], [{8, 1}, {7}, {2, 6}, {3, 5}, {4}], [{8, 1}, {7}, {3, 6}, {4, 5}, {2}], [{8, 1}, {7}, {4, 6}, {3, 5}, {2}], [{8, 1}, {7}, {6}, {2, 5}, {3, 4}], [{8, 1}, {7}, {6}, {3, 5}, {2, 4}], [{8, 2}, {1, 7}, {3, 6}, {4, 5}], [{8, 2}, {1, 7}, {4, 6}, {3, 5}], [{8, 2}, {1, 7}, {4, 6}, {5}, {3}], [{8, 2}, {1, 7}, {5, 6}, {3, 4}], [{8, 2}, {3, 7}, {1, 6}, {4, 5}], [{8, 2}, {3, 7}, {1, 6}, {5}, {4}], [{8, 2}, {3, 7}, {4, 6}, {1, 5}], [{8, 2}, {3, 7}, {5, 6}, {1, 4}], [{8, 2}, {4, 7}, {1, 6}, {3, 5}], [{8, 2}, {4, 7}, {1, 6}, {5}, {3}], [{8, 2}, {4, 7}, {3, 6}, {1, 5}], [{8, 2}, {4, 7}, {3, 6}, {5}, {1}], [{8, 2}, {4, 7}, {5, 6}, {1, 3}], [{8, 2}, {4, 7}, {6}, {5}, {1, 3}], [{8, 2}, {5, 7}, {1, 6}, {3, 4}], [{8, 2}, {5, 7}, {1, 6}, {4}, {3}], [{8, 2}, {5, 7}, {3, 6}, {1, 4}], [{8, 2}, {5, 7}, {4, 6}, {1, 3}], [{8, 2}, {6, 7}, {1, 5}, {3, 4}], [{8, 2}, {6, 7}, {3, 5}, {1, 4}], [{8, 2}, {6, 7}, {4, 5}, {1, 3}], [{8, 2}, {7}, {1, 6}, {3, 5}, {4}], [{8, 2}, {7}, {1, 6}, {4, 5}, {3}], [{8, 2}, {7}, {1, 6}, {5}, {3, 4}], [{8, 2}, {7}, {3, 6}, {1, 5}, {4}], [{8, 2}, {7}, {4, 6}, {3, 5}, {1}], [{8, 2}, {7}, {6}, {3, 5}, {1, 4}], [{8, 3}, {1, 7}, {2, 6}, {4, 5}], [{8, 3}, {1, 7}, {4, 6}, {2, 5}], [{8, 3}, {1, 7}, {4, 6}, {5}, {2}], [{8, 3}, {1, 7}, {5, 6}, {2, 4}], [{8, 3}, {1, 7}, {6}, {2, 5}, {4}], [{8, 3}, {2, 7}, {1, 6}, {4, 5}], [{8, 3}, {2, 7}, {4, 6}, {1, 5}], [{8, 3}, {2, 7}, {5, 6}, {1, 4}], [{8, 3}, {2, 7}, {6}, {5}, {1, 4}], [{8, 3}, {4, 7}, {1, 6}, {2, 5}], [{8, 3}, {4, 7}, {1, 6}, {5}, {2}], [{8, 3}, {4, 7}, {2, 6}, {1, 5}], [{8, 3}, {4, 7}, {5, 6}, {1, 2}], [{8, 3}, {5, 7}, {1, 6}, {2, 4}], [{8, 3}, {5, 7}, {1, 6}, {4}, {2}], [{8, 3}, {5, 7}, {2, 6}, {1, 4}], [{8, 3}, {5, 7}, {2, 6}, {4}, {1}], [{8, 3}, {5, 7}, {4, 6}, {1, 2}], [{8, 3}, {5, 7}, {6}, {4}, {1, 2}], [{8, 3}, {6, 7}, {1, 5}, {2, 4}], [{8, 3}, {6, 7}, {2, 5}, {1, 4}], [{8, 3}, {6, 7}, {4, 5}, {1, 2}], [{8, 3}, {7}, {1, 6}, {4, 5}, {2}], [{8, 3}, {7}, {6}, {1, 5}, {2, 4}], [{8, 4}, {1, 7}, {2, 6}, {3, 5}], [{8, 4}, {1, 7}, {3, 6}, {2, 5}], [{8, 4}, {1, 7}, {5, 6}, {2, 3}], [{8, 4}, {1, 7}, {6}, {5}, {2, 3}], [{8, 4}, {2, 7}, {1, 6}, {3, 5}], [{8, 4}, {2, 7}, {3, 6}, {1, 5}], [{8, 4}, {2, 7}, {5, 6}, {1, 3}], [{8, 4}, {2, 7}, {6}, {3, 5}, {1}], [{8, 4}, {3, 7}, {1, 6}, {2, 5}], [{8, 4}, {3, 7}, {2, 6}, {1, 5}], [{8, 4}, {3, 7}, {5, 6}, {1, 2}], [{8, 4}, {5, 7}, {1, 6}, {2, 3}], [{8, 4}, {5, 7}, {2, 6}, {1, 3}], [{8, 4}, {5, 7}, {3, 6}, {1, 2}], [{8, 4}, {6, 7}, {1, 5}, {2, 3}], [{8, 4}, {6, 7}, {2, 5}, {1, 3}], [{8, 4}, {6, 7}, {3, 5}, {1, 2}], [{8, 4}, {6, 7}, {5}, {1, 3}, {2}], [{8, 4}, {7}, {1, 6}, {2, 5}, {3}], [{8, 5}, {1, 7}, {2, 6}, {3, 4}], [{8, 5}, {1, 7}, {3, 6}, {2, 4}], [{8, 5}, {1, 7}, {4, 6}, {2, 3}], [{8, 5}, {1, 7}, {4, 6}, {3}, {2}], [{8, 5}, {2, 7}, {1, 6}, {3, 4}], [{8, 5}, {2, 7}, {1, 6}, {4}, {3}], [{8, 5}, {2, 7}, {3, 6}, {1, 4}], [{8, 5}, {2, 7}, {4, 6}, {1, 3}], [{8, 5}, {3, 7}, {1, 6}, {2, 4}], [{8, 5}, {3, 7}, {2, 6}, {1, 4}], [{8, 5}, {3, 7}, {4, 6}, {1, 2}], [{8, 5}, {3, 7}, {6}, {1, 4}, {2}], [{8, 5}, {4, 7}, {1, 6}, {2, 3}], [{8, 5}, {4, 7}, {2, 6}, {1, 3}], [{8, 5}, {4, 7}, {3, 6}, {1, 2}], [{8, 5}, {6, 7}, {1, 4}, {2, 3}], [{8, 5}, {6, 7}, {2, 4}, {1, 3}], [{8, 5}, {6, 7}, {3, 4}, {1, 2}], [{8, 5}, {6, 7}, {4}, {1, 3}, {2}], [{8, 6}, {1, 7}, {2, 5}, {3, 4}], [{8, 6}, {1, 7}, {3, 5}, {2, 4}], [{8, 6}, {1, 7}, {4, 5}, {2, 3}], [{8, 6}, {1, 7}, {5}, {4}, {2, 3}], [{8, 6}, {2, 7}, {1, 5}, {3, 4}], [{8, 6}, {2, 7}, {3, 5}, {1, 4}], [{8, 6}, {2, 7}, {3, 5}, {4}, {1}], [{8, 6}, {2, 7}, {4, 5}, {1, 3}], [{8, 6}, {3, 7}, {1, 5}, {2, 4}], [{8, 6}, {3, 7}, {2, 5}, {1, 4}], [{8, 6}, {3, 7}, {4, 5}, {1, 2}], [{8, 6}, {4, 7}, {1, 5}, {2, 3}], [{8, 6}, {4, 7}, {1, 5}, {3}, {2}], [{8, 6}, {4, 7}, {2, 5}, {1, 3}], [{8, 6}, {4, 7}, {2, 5}, {3}, {1}], [{8, 6}, {4, 7}, {3, 5}, {1, 2}], [{8, 6}, {4, 7}, {5}, {3}, {1, 2}], [{8, 6}, {5, 7}, {1, 4}, {2, 3}], [{8, 6}, {5, 7}, {2, 4}, {1, 3}], [{8, 6}, {5, 7}, {3, 4}, {1, 2}], [{8, 7}, {1, 6}, {2, 5}, {3, 4}], [{8, 7}, {1, 6}, {3, 5}, {2, 4}], [{8, 7}, {1, 6}, {4, 5}, {2, 3}], [{8, 7}, {1, 6}, {5}, {2, 4}, {3}], [{8, 7}, {2, 6}, {1, 5}, {3, 4}], [{8, 7}, {2, 6}, {3, 5}, {1, 4}], [{8, 7}, {2, 6}, {3, 5}, {4}, {1}], [{8, 7}, {2, 6}, {4, 5}, {1, 3}], [{8, 7}, {3, 6}, {1, 5}, {2, 4}], [{8, 7}, {3, 6}, {2, 5}, {1, 4}], [{8, 7}, {3, 6}, {4, 5}, {1, 2}], [{8, 7}, {3, 6}, {5}, {2, 4}, {1}], [{8, 7}, {4, 6}, {1, 5}, {2, 3}], [{8, 7}, {4, 6}, {2, 5}, {1, 3}], [{8, 7}, {4, 6}, {3, 5}, {1, 2}], [{8, 7}, {4, 6}, {3, 5}, {2}, {1}], [{8, 7}, {5, 6}, {1, 4}, {2, 3}], [{8, 7}, {5, 6}, {2, 4}, {1, 3}], [{8, 7}, {5, 6}, {2, 4}, {3}, {1}], [{8, 7}, {5, 6}, {3, 4}, {1, 2}], [{8, 7}, {5, 6}, {3, 4}, {2}, {1}], [{8, 7}, {5, 6}, {4}, {2, 3}, {1}], [{8, 7}, {6}, {1, 5}, {2, 4}, {3}], [{8, 7}, {6}, {2, 5}, {1, 4}, {3}], [{8, 7}, {6}, {3, 5}, {2, 4}, {1}], [{8, 7}, {6}, {4, 5}, {3}, {1, 2}], [{8, 7}, {6}, {5}, {2, 4}, {1, 3}], [{8, 7}, {6}, {5}, {2, 4}, {3}, {1}], [{8}, {1, 7}, {2, 6}, {3, 5}, {4}], [{8}, {1, 7}, {4, 6}, {2, 5}, {3}], [{8}, {1, 7}, {4, 6}, {3, 5}, {2}], [{8}, {1, 7}, {4, 6}, {5}, {2, 3}], [{8}, {1, 7}, {4, 6}, {5}, {3}, {2}], [{8}, {1, 7}, {6}, {3, 5}, {2, 4}], [{8}, {2, 7}, {4, 6}, {1, 5}, {3}], [{8}, {2, 7}, {4, 6}, {3, 5}, {1}], [{8}, {2, 7}, {4, 6}, {5}, {1, 3}], [{8}, {3, 7}, {2, 6}, {1, 5}, {4}], [{8}, {3, 7}, {4, 6}, {1, 5}, {2}], [{8}, {3, 7}, {4, 6}, {2, 5}, {1}], [{8}, {3, 7}, {4, 6}, {5}, {1, 2}], [{8}, {3, 7}, {6}, {1, 5}, {2, 4}], [{8}, {4, 7}, {1, 6}, {5}, {2, 3}], [{8}, {4, 7}, {5, 6}, {1, 3}, {2}], [{8}, {5, 7}, {1, 6}, {4}, {2, 3}], [{8}, {5, 7}, {4, 6}, {1, 3}, {2}], [{8}, {5, 7}, {4, 6}, {2, 3}, {1}], [{8}, {5, 7}, {4, 6}, {3}, {1, 2}], [{8}, {5, 7}, {6}, {1, 4}, {2, 3}], [{8}, {6, 7}, {4, 5}, {1, 3}, {2}], [{8}, {6, 7}, {5}, {1, 4}, {2, 3}], [{8}, {7}, {1, 6}, {4, 5}, {2, 3}], [{8}, {7}, {4, 6}, {1, 5}, {2, 3}], [{8}, {7}, {4, 6}, {2, 5}, {1, 3}], [{8}, {7}, {4, 6}, {3, 5}, {1, 2}], [{8}, {7}, {4, 6}, {3, 5}, {2}, {1}], [{8}, {7}, {5, 6}, {1, 4}, {2, 3}]]",2,20 K_1^3 + 4 K_1^2 K_2 - 40 K_1^2 - 22 K_1 K_2 - 2 K_1 K_3 - 4 K_1 - 2 K_2^2 + 19 K_2 + 6 K_3 + K_4 + 21,O1O2O3O4U1U5O6U4O5O7U6U7U8U3O8U2,O1O2O3O4U3U5O6U4O5O7U6U1U8U7O8U2,O1O2O3O4U3O5U6U5U4U7O6O8U1O7U8U2,c,{'O1O2O3O4U3O5U2U5U6U7O6O8U1O7U8U4'},1,"<a href=""/flatknot/8.733584"">8.733584</a>",t^9-55t^7-192t^6-81t^5+292t^4+238t^3-54t^2-53t-6,-t^3+t^2+t,,
8.733585,O1O2O3O4U3O5U2U5U6U7O6O8U4O7U1U8,4,13z^2+98z+145,13w^3z^2+98w^2z+145w,False,False,"[[ 0 -1 -2 -1  2  1 -1  1  1],[ 1  0 -2 -1  3  1  0  1  1],[ 2  2  0  0  3  1  2  1  1],[ 1  1  0  0  1  0  1  0  1],[-2 -3 -3 -1  0  0 -2 -1  0],[-1 -1 -1  0  0  0 -1 -1  0],[ 1  0 -2 -1  2  1  0  1  2],[-1 -1 -1  0  1  1 -1  0  1],[-1 -1 -1 -1  0  0 -2 -1  0]]","[[ 0  2  1  1  1 -1 -1 -1 -2],[-2  0  0  0 -1 -1 -2 -3 -3],[-1  0  0  0 -1  0 -1 -1 -1],[-1  0  0  0 -1 -1 -2 -1 -1],[-1  1  1  1  0  0 -1 -1 -1],[ 1  1  0  1  0  0  1  1  0],[ 1  2  1  2  1 -1  0  0 -2],[ 1  3  1  1  1 -1  0  0 -2],[ 2  3  1  1  1  0  2  2  0]]",True,"[-2,-1,-1,-1,1,1,1,2,0,0,1,1,2,3,3,0,1,0,1,1,1,1,1,2,1,1,0,1,1,1,-1,-1,0,0,2,2]","[-2,-1,-1,-1,1,1,1,2,-1,-1,1,2,2,2,1,0,1,0,1,1,1,1,1,1,1,0,1,2,2,2,0,1,1,1,1,0]",t^8+49t^6+136t^4+98t^2+4,"[-2,-1,-1,-1,1,1,1,2,-1,-1,1,2,2,2,1,0,1,0,1,1,1,1,1,1,1,0,1,2,2,2,0,1,1,1,1,0]","[-2,-1,-1,-1,1,1,1,2,0,1,1,0,1,2,1,1,1,1,1,2,2,0,1,0,1,2,1,1,2,2,0,-1,-1,-1,-1,1]","[-2,-1,-1,-1,1,1,1,2,0,2,2,1,1,1,3,1,1,0,0,1,1,0,1,1,1,3,1,1,2,2,-1,0,0,1,1,0]",c,"[[{8, 1}, {6, 7}, {3, 5}, {2, 4}], [{8, 3}, {6, 7}, {1, 5}, {2, 4}], [{8, 6}, {1, 7}, {3, 5}, {2, 4}], [{8, 7}, {1, 6}, {3, 5}, {2, 4}]]",1,20 K_1^3 + 4 K_1^2 K_2 - 42 K_1^2 - 36 K_1 K_2 - 6 K_1 K_3 + 3 K_1 - 2 K_2^2 + 22 K_2 + 13 K_3 + 3 K_4 + 22,O1O2O3O4U5U4O6U1O5O7U6U7U8U3O8U2,O1O2O3O4U3U5O6U4O7O5U7U1U8U6O8U2,O1O2O3O4U3O5U6U5U4U7O8O7U1O6U8U2,c,{'O1O2O3O4U3O5U2U5U6U7O6O8U4O7U1U8'},1,"<a href=""/flatknot/8.733585"">8.733585</a>",t^9-49t^7-146t^6+12t^5+282t^4+93t^3-108t^2-31t-2,0,,
8.733586,O1O2O3O4U3O5U2U5U6U1O7O6U4O8U7U8,4,19z^2+104z+133,19w^3z^2+104w^2z+133w,False,False,"[[ 0  0 -2 -1  2  1  0 -1  1],[ 0  0 -1  0  2  1  0  0  0],[ 2  1  0  0  3  1  2  1  0],[ 1  0  0  0  1  0  1  1  0],[-2 -2 -3 -1  0  0 -2  0  1],[-1 -1 -1  0  0  0 -1  0  0],[ 0  0 -2 -1  2  1  0 -1  0],[ 1  0 -1 -1  0  0  1  0  1],[-1  0  0  0 -1  0  0 -1  0]]","[[ 0  2  1  1  0  0 -1 -1 -2],[-2  0  1  0 -2 -2  0 -1 -3],[-1 -1  0  0  0  0 -1  0  0],[-1  0  0  0 -1 -1  0  0 -1],[ 0  2  0  1  0  0  0  0 -1],[ 0  2  0  1  0  0 -1 -1 -2],[ 1  0  1  0  0  1  0 -1 -1],[ 1  1  0  0  0  1  1  0  0],[ 2  3  0  1  1  2  1  0  0]]",True,"[-2,-1,-1,0,0,1,1,2,-1,0,2,2,0,1,3,0,0,0,1,0,0,1,1,0,0,1,0,0,0,1,1,1,2,1,1,0]","[-2,-1,-1,0,0,1,1,2,-1,0,2,2,0,1,3,0,0,0,1,0,0,1,1,0,0,1,0,0,0,1,1,1,2,1,1,0]",t^8+32t^6+116t^4+23t^2,"[-2,-1,-1,0,0,1,1,2,0,1,0,1,2,3,1,1,0,1,2,1,3,0,1,2,2,2,0,0,1,0,0,1,0,0,1,2]","[-2,-1,-1,0,0,1,1,2,1,2,0,0,2,3,1,0,0,0,2,2,2,1,1,2,1,3,0,0,0,0,1,1,1,1,1,0]","[-2,-1,-1,0,0,1,1,2,0,1,1,2,0,1,3,1,0,1,0,0,1,0,1,1,0,0,0,0,1,2,0,1,2,0,-1,0]",c,"[[{8, 1}, {2, 7}, {3, 6}, {4, 5}], [{8, 1}, {2, 7}, {3, 6}, {5}, {4}], [{8, 1}, {2, 7}, {4, 6}, {3, 5}], [{8, 1}, {2, 7}, {5, 6}, {3, 4}], [{8, 1}, {3, 7}, {2, 6}, {4, 5}], [{8, 1}, {3, 7}, {4, 6}, {2, 5}], [{8, 1}, {3, 7}, {5, 6}, {2, 4}], [{8, 1}, {4, 7}, {2, 6}, {3, 5}], [{8, 1}, {4, 7}, {3, 6}, {2, 5}], [{8, 1}, {4, 7}, {5, 6}, {2, 3}], [{8, 1}, {4, 7}, {5, 6}, {3}, {2}], [{8, 1}, {5, 7}, {2, 6}, {3, 4}], [{8, 1}, {5, 7}, {3, 6}, {2, 4}], [{8, 1}, {5, 7}, {4, 6}, {2, 3}], [{8, 1}, {6, 7}, {2, 5}, {3, 4}], [{8, 1}, {6, 7}, {3, 5}, {2, 4}], [{8, 1}, {6, 7}, {4, 5}, {2, 3}], [{8, 1}, {7}, {2, 6}, {3, 5}, {4}], [{8, 1}, {7}, {4, 6}, {2, 5}, {3}], [{8, 1}, {7}, {4, 6}, {3, 5}, {2}], [{8, 1}, {7}, {4, 6}, {5}, {2, 3}], [{8, 1}, {7}, {6}, {3, 5}, {2, 4}], [{8, 2}, {1, 7}, {3, 6}, {4, 5}], [{8, 2}, {1, 7}, {4, 6}, {3, 5}], [{8, 2}, {1, 7}, {5, 6}, {3, 4}], [{8, 2}, {1, 7}, {6}, {5}, {3, 4}], [{8, 2}, {3, 7}, {1, 6}, {4, 5}], [{8, 2}, {3, 7}, {4, 6}, {1, 5}], [{8, 2}, {3, 7}, {5, 6}, {1, 4}], [{8, 2}, {4, 7}, {1, 6}, {3, 5}], [{8, 2}, {4, 7}, {3, 6}, {1, 5}], [{8, 2}, {4, 7}, {5, 6}, {1, 3}], [{8, 2}, {5, 7}, {1, 6}, {3, 4}], [{8, 2}, {5, 7}, {3, 6}, {1, 4}], [{8, 2}, {5, 7}, {4, 6}, {1, 3}], [{8, 2}, {5, 7}, {4, 6}, {3}, {1}], [{8, 2}, {6, 7}, {1, 5}, {3, 4}], [{8, 2}, {6, 7}, {3, 5}, {1, 4}], [{8, 2}, {6, 7}, {4, 5}, {1, 3}], [{8, 2}, {7}, {3, 6}, {1, 5}, {4}], [{8, 3}, {1, 7}, {2, 6}, {4, 5}], [{8, 3}, {1, 7}, {2, 6}, {5}, {4}], [{8, 3}, {1, 7}, {4, 6}, {2, 5}], [{8, 3}, {1, 7}, {5, 6}, {2, 4}], [{8, 3}, {2, 7}, {1, 6}, {4, 5}], [{8, 3}, {2, 7}, {4, 6}, {1, 5}], [{8, 3}, {2, 7}, {5, 6}, {1, 4}], [{8, 3}, {4, 7}, {1, 6}, {2, 5}], [{8, 3}, {4, 7}, {2, 6}, {1, 5}], [{8, 3}, {4, 7}, {5, 6}, {1, 2}], [{8, 3}, {5, 7}, {1, 6}, {2, 4}], [{8, 3}, {5, 7}, {2, 6}, {1, 4}], [{8, 3}, {5, 7}, {4, 6}, {1, 2}], [{8, 3}, {5, 7}, {6}, {2, 4}, {1}], [{8, 3}, {6, 7}, {1, 5}, {2, 4}], [{8, 3}, {6, 7}, {2, 5}, {1, 4}], [{8, 3}, {6, 7}, {4, 5}, {1, 2}], [{8, 3}, {6, 7}, {5}, {1, 4}, {2}], [{8, 3}, {7}, {4, 6}, {2, 5}, {1}], [{8, 4}, {1, 7}, {2, 6}, {3, 5}], [{8, 4}, {1, 7}, {3, 6}, {2, 5}], [{8, 4}, {1, 7}, {3, 6}, {5}, {2}], [{8, 4}, {1, 7}, {5, 6}, {2, 3}], [{8, 4}, {1, 7}, {6}, {2, 5}, {3}], [{8, 4}, {2, 7}, {1, 6}, {3, 5}], [{8, 4}, {2, 7}, {3, 6}, {1, 5}], [{8, 4}, {2, 7}, {5, 6}, {1, 3}], [{8, 4}, {3, 7}, {1, 6}, {2, 5}], [{8, 4}, {3, 7}, {2, 6}, {1, 5}], [{8, 4}, {3, 7}, {5, 6}, {1, 2}], [{8, 4}, {3, 7}, {6}, {2, 5}, {1}], [{8, 4}, {5, 7}, {1, 6}, {2, 3}], [{8, 4}, {5, 7}, {2, 6}, {1, 3}], [{8, 4}, {5, 7}, {3, 6}, {1, 2}], [{8, 4}, {6, 7}, {1, 5}, {2, 3}], [{8, 4}, {6, 7}, {2, 5}, {1, 3}], [{8, 4}, {6, 7}, {2, 5}, {3}, {1}], [{8, 4}, {6, 7}, {3, 5}, {1, 2}], [{8, 4}, {6, 7}, {5}, {1, 3}, {2}], [{8, 4}, {7}, {1, 6}, {2, 5}, {3}], [{8, 4}, {7}, {3, 6}, {2, 5}, {1}], [{8, 4}, {7}, {6}, {2, 5}, {1, 3}], [{8, 4}, {7}, {6}, {2, 5}, {3}, {1}], [{8, 5}, {1, 7}, {2, 6}, {3, 4}], [{8, 5}, {1, 7}, {2, 6}, {4}, {3}], [{8, 5}, {1, 7}, {3, 6}, {2, 4}], [{8, 5}, {1, 7}, {4, 6}, {2, 3}], [{8, 5}, {2, 7}, {1, 6}, {3, 4}], [{8, 5}, {2, 7}, {3, 6}, {1, 4}], [{8, 5}, {2, 7}, {4, 6}, {1, 3}], [{8, 5}, {2, 7}, {4, 6}, {3}, {1}], [{8, 5}, {3, 7}, {1, 6}, {2, 4}], [{8, 5}, {3, 7}, {2, 6}, {1, 4}], [{8, 5}, {3, 7}, {4, 6}, {1, 2}], [{8, 5}, {4, 7}, {1, 6}, {2, 3}], [{8, 5}, {4, 7}, {1, 6}, {3}, {2}], [{8, 5}, {4, 7}, {2, 6}, {1, 3}], [{8, 5}, {4, 7}, {3, 6}, {1, 2}], [{8, 5}, {6, 7}, {1, 4}, {2, 3}], [{8, 5}, {6, 7}, {2, 4}, {1, 3}], [{8, 5}, {6, 7}, {2, 4}, {3}, {1}], [{8, 5}, {6, 7}, {3, 4}, {1, 2}], [{8, 6}, {1, 7}, {2, 5}, {3, 4}], [{8, 6}, {1, 7}, {2, 5}, {4}, {3}], [{8, 6}, {1, 7}, {3, 5}, {2, 4}], [{8, 6}, {1, 7}, {4, 5}, {2, 3}], [{8, 6}, {1, 7}, {4, 5}, {3}, {2}], [{8, 6}, {1, 7}, {5}, {2, 4}, {3}], [{8, 6}, {2, 7}, {1, 5}, {3, 4}], [{8, 6}, {2, 7}, {1, 5}, {4}, {3}], [{8, 6}, {2, 7}, {3, 5}, {1, 4}], [{8, 6}, {2, 7}, {4, 5}, {1, 3}], [{8, 6}, {2, 7}, {4, 5}, {3}, {1}], [{8, 6}, {2, 7}, {5}, {1, 4}, {3}], [{8, 6}, {3, 7}, {1, 5}, {2, 4}], [{8, 6}, {3, 7}, {2, 5}, {1, 4}], [{8, 6}, {3, 7}, {2, 5}, {4}, {1}], [{8, 6}, {3, 7}, {4, 5}, {1, 2}], [{8, 6}, {4, 7}, {1, 5}, {2, 3}], [{8, 6}, {4, 7}, {1, 5}, {3}, {2}], [{8, 6}, {4, 7}, {2, 5}, {1, 3}], [{8, 6}, {4, 7}, {2, 5}, {3}, {1}], [{8, 6}, {4, 7}, {3, 5}, {1, 2}], [{8, 6}, {4, 7}, {3, 5}, {2}, {1}], [{8, 6}, {4, 7}, {5}, {1, 3}, {2}], [{8, 6}, {4, 7}, {5}, {2, 3}, {1}], [{8, 6}, {4, 7}, {5}, {3}, {1, 2}], [{8, 6}, {4, 7}, {5}, {3}, {2}, {1}], [{8, 6}, {5, 7}, {1, 4}, {2, 3}], [{8, 6}, {5, 7}, {1, 4}, {3}, {2}], [{8, 6}, {5, 7}, {2, 4}, {1, 3}], [{8, 6}, {5, 7}, {2, 4}, {3}, {1}], [{8, 6}, {5, 7}, {3, 4}, {1, 2}], [{8, 6}, {5, 7}, {4}, {3}, {1, 2}], [{8, 6}, {7}, {1, 5}, {2, 4}, {3}], [{8, 6}, {7}, {2, 5}, {1, 4}, {3}], [{8, 6}, {7}, {2, 5}, {3, 4}, {1}], [{8, 6}, {7}, {2, 5}, {4}, {1, 3}], [{8, 6}, {7}, {2, 5}, {4}, {3}, {1}], [{8, 6}, {7}, {4, 5}, {3}, {1, 2}], [{8, 7}, {1, 6}, {2, 5}, {3, 4}], [{8, 7}, {1, 6}, {3, 5}, {2, 4}], [{8, 7}, {1, 6}, {4, 5}, {2, 3}], [{8, 7}, {1, 6}, {5}, {4}, {2, 3}], [{8, 7}, {2, 6}, {1, 5}, {3, 4}], [{8, 7}, {2, 6}, {3, 5}, {1, 4}], [{8, 7}, {2, 6}, {3, 5}, {4}, {1}], [{8, 7}, {2, 6}, {4, 5}, {1, 3}], [{8, 7}, {3, 6}, {1, 5}, {2, 4}], [{8, 7}, {3, 6}, {2, 5}, {1, 4}], [{8, 7}, {3, 6}, {4, 5}, {1, 2}], [{8, 7}, {4, 6}, {1, 5}, {2, 3}], [{8, 7}, {4, 6}, {1, 5}, {3}, {2}], [{8, 7}, {4, 6}, {2, 5}, {1, 3}], [{8, 7}, {4, 6}, {2, 5}, {3}, {1}], [{8, 7}, {4, 6}, {3, 5}, {1, 2}], [{8, 7}, {4, 6}, {3, 5}, {2}, {1}], [{8, 7}, {4, 6}, {5}, {1, 3}, {2}], [{8, 7}, {4, 6}, {5}, {2, 3}, {1}], [{8, 7}, {4, 6}, {5}, {3}, {1, 2}], [{8, 7}, {4, 6}, {5}, {3}, {2}, {1}], [{8, 7}, {5, 6}, {1, 4}, {2, 3}], [{8, 7}, {5, 6}, {2, 4}, {1, 3}], [{8, 7}, {5, 6}, {3, 4}, {1, 2}], [{8, 7}, {6}, {2, 5}, {4}, {1, 3}], [{8, 7}, {6}, {3, 5}, {2, 4}, {1}], [{8, 7}, {6}, {5}, {1, 4}, {2, 3}], [{8}, {1, 7}, {2, 6}, {3, 5}, {4}], [{8}, {1, 7}, {4, 6}, {2, 5}, {3}], [{8}, {1, 7}, {4, 6}, {3, 5}, {2}], [{8}, {1, 7}, {4, 6}, {5}, {2, 3}], [{8}, {1, 7}, {6}, {3, 5}, {2, 4}], [{8}, {2, 7}, {1, 6}, {5}, {3, 4}], [{8}, {2, 7}, {6}, {3, 5}, {1, 4}], [{8}, {3, 7}, {4, 6}, {2, 5}, {1}], [{8}, {3, 7}, {6}, {1, 5}, {2, 4}], [{8}, {4, 7}, {6}, {2, 5}, {1, 3}], [{8}, {5, 7}, {2, 6}, {3, 4}, {1}], [{8}, {5, 7}, {3, 6}, {2, 4}, {1}], [{8}, {6, 7}, {2, 5}, {4}, {1, 3}], [{8}, {6, 7}, {3, 5}, {4}, {1, 2}], [{8}, {7}, {4, 6}, {2, 5}, {1, 3}], [{8}, {7}, {4, 6}, {2, 5}, {3}, {1}]]",2,4 K_1^3 - 20 K_1^2 - 8 K_1 K_2 + K_1 + 10 K_2 + 3 K_3 + 11,O1O2O3O4U5U6O5U1O7O6U4U7U8U3O8U2,O1O2O3O4U5U3O6U7O5O7U4U1U8U6O8U2,O1O2O3O4U3O5U6U5U4U1O7O8U7O6U2U8,c,{'O1O2O3O4U3O5U2U5U6U1O7O6U4O8U7U8'},1,"<a href=""/flatknot/8.733586"">8.733586</a>",t^9-32t^7-54t^6+76t^5+96t^4+59t^3+72t^2+18t-2,0,,
8.733587,O1O2O3O4U3O5U2U5U6U1O7O6U7O8U4U8,4,2z^3+16z^2+63z+79,2w^4z^3+16w^3z^2+63w^2z+79w,False,False,"[[ 0  0 -2 -1  2  1  0 -1  1],[ 0  0 -1  0  2  1  0 -1  1],[ 2  1  0  0  3  1  2  0  1],[ 1  0  0  0  1  0  1  0  1],[-2 -2 -3 -1  0  0 -1 -1  1],[-1 -1 -1  0  0  0 -1  0  0],[ 0  0 -2 -1  1  1  0 -1  1],[ 1  1  0  0  1  0  1  0  0],[-1 -1 -1 -1 -1  0 -1  0  0]]","[[ 0  2  1  1  0  0 -1 -1 -2],[-2  0  1  0 -1 -2 -1 -1 -3],[-1 -1  0  0 -1 -1  0 -1 -1],[-1  0  0  0 -1 -1  0  0 -1],[ 0  1  1  1  0  0 -1 -1 -2],[ 0  2  1  1  0  0 -1  0 -1],[ 1  1  0  0  1  1  0  0  0],[ 1  1  1  0  1  0  0  0  0],[ 2  3  1  1  2  1  0  0  0]]",True,"[-2,-1,-1,0,0,1,1,2,-1,0,1,2,1,1,3,0,1,1,0,1,1,1,1,0,0,1,0,1,1,2,1,0,1,0,0,0]","[-2,-1,-1,0,0,1,1,2,-1,0,1,2,1,1,3,0,1,1,0,1,1,1,1,0,0,1,0,1,1,2,1,0,1,0,0,0]",t^8+32t^6+65t^4+27t^2+1,"[-2,-1,-1,0,0,1,1,2,1,1,0,1,2,2,1,0,0,0,2,2,2,0,1,1,2,2,0,0,0,1,0,0,0,0,2,1]","[-2,-1,-1,0,0,1,1,2,1,2,0,1,2,2,1,0,0,0,2,2,2,0,0,1,2,2,0,1,0,1,0,0,0,0,1,1]","[-2,-1,-1,0,0,1,1,2,0,0,1,2,1,1,3,0,0,1,0,1,1,1,1,0,0,1,0,1,1,2,1,1,1,0,0,-1]",c,"[[{8, 3}, {5, 7}, {1, 6}, {2, 4}]]",1,4 K_1^3 - 20 K_1^2 - 8 K_1 K_2 + K_1 + 10 K_2 + 3 K_3 + 11,O1O2O3O4U5U1O5U6O7O6U4U7U8U3O8U2,O1O2O3O4U5U3O5U6O7O6U4U1U8U7O8U2,O1O2O3O4U3O5U6U5U4U1O7O6U7O8U2U8,c,"{'O1O2O3O4U3O5U2U5U6U1O7O6U7O8U4U8', 'O1O2O3U2O4U1U4U5O6U7O5O8U6U3O7U8'}",2,"<a href=""/flatknot/8.733587"">8.733587</a>",t^9-32t^7-56t^6+57t^5+72t^4-46t^3-6t^2+8t-2,0,,
8.733588,O1O2O3O4U3O5U2U5U6U7O8O6U1O7U4U8,3,8z^2+53z+75,8w^3z^2+53w^2z+75w,False,False,"[[ 0 -1 -2 -1  2  1  0  1  0],[ 1  0 -1  0  2  1  1  2  0],[ 2  1  0  0  3  1  2  2  1],[ 1  0  0  0  1  0  1  1  1],[-2 -2 -3 -1  0  0 -3 -1 -1],[-1 -1 -1  0  0  0 -1 -1  0],[ 0 -1 -2 -1  3  1  0  0  1],[-1 -2 -2 -1  1  1  0  0  0],[ 0  0 -1 -1  1  0 -1  0  0]]","[[ 0  2  1  1  0  0 -1 -1 -2],[-2  0  0 -1 -1 -3 -1 -2 -3],[-1  0  0 -1  0 -1  0 -1 -1],[-1  1  1  0  0  0 -1 -2 -2],[ 0  1  0  0  0 -1 -1  0 -1],[ 0  3  1  0  1  0 -1 -1 -2],[ 1  1  0  1  1  1  0  0  0],[ 1  2  1  2  0  1  0  0 -1],[ 2  3  1  2  1  2  0  1  0]]",True,"[-2,-1,-1,0,0,1,1,2,0,1,1,3,1,2,3,1,0,1,0,1,1,0,0,1,2,2,1,1,0,1,1,1,2,0,0,1]","[-2,-1,-1,0,0,1,1,2,0,1,-1,1,1,2,1,1,1,1,0,1,1,0,1,1,2,2,1,0,0,0,1,0,1,0,0,1]",t^8+48t^6+156t^4+75t^2,"[-2,-1,-1,0,0,1,1,2,0,1,0,1,1,2,1,0,0,1,0,1,1,0,0,1,2,2,-1,1,0,-1,1,1,1,-1,0,1]","[-2,-1,-1,0,0,1,1,2,0,1,-1,1,1,2,1,1,1,1,0,1,1,0,1,1,2,2,1,0,0,0,1,0,1,0,0,1]","[-2,-1,-1,0,0,1,1,2,0,1,1,2,1,2,3,0,1,1,0,1,1,0,1,1,2,2,-1,0,0,1,1,0,3,-1,0,1]",c,"[[{8, 1}, {2, 7}, {3, 6}, {4, 5}], [{8, 1}, {2, 7}, {3, 6}, {5}, {4}], [{8, 1}, {2, 7}, {4, 6}, {3, 5}], [{8, 1}, {2, 7}, {5, 6}, {3, 4}], [{8, 1}, {3, 7}, {2, 6}, {4, 5}], [{8, 1}, {3, 7}, {4, 6}, {2, 5}], [{8, 1}, {3, 7}, {5, 6}, {2, 4}], [{8, 1}, {3, 7}, {6}, {5}, {2, 4}], [{8, 1}, {4, 7}, {2, 6}, {3, 5}], [{8, 1}, {4, 7}, {3, 6}, {2, 5}], [{8, 1}, {4, 7}, {3, 6}, {5}, {2}], [{8, 1}, {4, 7}, {5, 6}, {2, 3}], [{8, 1}, {5, 7}, {2, 6}, {3, 4}], [{8, 1}, {5, 7}, {3, 6}, {2, 4}], [{8, 1}, {5, 7}, {3, 6}, {4}, {2}], [{8, 1}, {5, 7}, {4, 6}, {2, 3}], [{8, 1}, {5, 7}, {6}, {2, 4}, {3}], [{8, 1}, {6, 7}, {2, 5}, {3, 4}], [{8, 1}, {6, 7}, {3, 5}, {2, 4}], [{8, 1}, {6, 7}, {4, 5}, {2, 3}], [{8, 1}, {6, 7}, {5}, {2, 4}, {3}], [{8, 1}, {7}, {2, 6}, {3, 5}, {4}], [{8, 1}, {7}, {2, 6}, {4, 5}, {3}], [{8, 1}, {7}, {2, 6}, {5}, {3, 4}], [{8, 1}, {7}, {3, 6}, {2, 5}, {4}], [{8, 1}, {7}, {3, 6}, {4, 5}, {2}], [{8, 1}, {7}, {3, 6}, {5}, {2, 4}], [{8, 1}, {7}, {3, 6}, {5}, {4}, {2}], [{8, 1}, {7}, {4, 6}, {2, 5}, {3}], [{8, 1}, {7}, {4, 6}, {3, 5}, {2}], [{8, 1}, {7}, {4, 6}, {5}, {2, 3}], [{8, 1}, {7}, {5, 6}, {2, 4}, {3}], [{8, 1}, {7}, {5, 6}, {3, 4}, {2}], [{8, 1}, {7}, {5, 6}, {4}, {2, 3}], [{8, 1}, {7}, {6}, {2, 5}, {3, 4}], [{8, 1}, {7}, {6}, {3, 5}, {2, 4}], [{8, 1}, {7}, {6}, {4, 5}, {2, 3}], [{8, 1}, {7}, {6}, {5}, {2, 4}, {3}], [{8, 2}, {1, 7}, {3, 6}, {4, 5}], [{8, 2}, {1, 7}, {4, 6}, {3, 5}], [{8, 2}, {1, 7}, {4, 6}, {5}, {3}], [{8, 2}, {1, 7}, {5, 6}, {3, 4}], [{8, 2}, {3, 7}, {1, 6}, {4, 5}], [{8, 2}, {3, 7}, {4, 6}, {1, 5}], [{8, 2}, {3, 7}, {5, 6}, {1, 4}], [{8, 2}, {3, 7}, {6}, {5}, {1, 4}], [{8, 2}, {4, 7}, {1, 6}, {3, 5}], [{8, 2}, {4, 7}, {1, 6}, {5}, {3}], [{8, 2}, {4, 7}, {3, 6}, {1, 5}], [{8, 2}, {4, 7}, {5, 6}, {1, 3}], [{8, 2}, {5, 7}, {1, 6}, {3, 4}], [{8, 2}, {5, 7}, {3, 6}, {1, 4}], [{8, 2}, {5, 7}, {4, 6}, {1, 3}], [{8, 2}, {5, 7}, {6}, {1, 4}, {3}], [{8, 2}, {5, 7}, {6}, {3, 4}, {1}], [{8, 2}, {5, 7}, {6}, {4}, {1, 3}], [{8, 2}, {6, 7}, {1, 5}, {3, 4}], [{8, 2}, {6, 7}, {3, 5}, {1, 4}], [{8, 2}, {6, 7}, {4, 5}, {1, 3}], [{8, 2}, {6, 7}, {5}, {1, 4}, {3}], [{8, 2}, {7}, {3, 6}, {5}, {1, 4}], [{8, 2}, {7}, {5, 6}, {1, 4}, {3}], [{8, 2}, {7}, {6}, {3, 5}, {1, 4}], [{8, 2}, {7}, {6}, {5}, {1, 4}, {3}], [{8, 3}, {1, 7}, {2, 6}, {4, 5}], [{8, 3}, {1, 7}, {4, 6}, {2, 5}], [{8, 3}, {1, 7}, {4, 6}, {5}, {2}], [{8, 3}, {1, 7}, {5, 6}, {2, 4}], [{8, 3}, {2, 7}, {1, 6}, {4, 5}], [{8, 3}, {2, 7}, {1, 6}, {5}, {4}], [{8, 3}, {2, 7}, {4, 6}, {1, 5}], [{8, 3}, {2, 7}, {5, 6}, {1, 4}], [{8, 3}, {4, 7}, {1, 6}, {2, 5}], [{8, 3}, {4, 7}, {1, 6}, {5}, {2}], [{8, 3}, {4, 7}, {2, 6}, {1, 5}], [{8, 3}, {4, 7}, {2, 6}, {5}, {1}], [{8, 3}, {4, 7}, {5, 6}, {1, 2}], [{8, 3}, {4, 7}, {5, 6}, {2}, {1}], [{8, 3}, {4, 7}, {6}, {1, 5}, {2}], [{8, 3}, {4, 7}, {6}, {2, 5}, {1}], [{8, 3}, {4, 7}, {6}, {5}, {1, 2}], [{8, 3}, {4, 7}, {6}, {5}, {2}, {1}], [{8, 3}, {5, 7}, {1, 6}, {2, 4}], [{8, 3}, {5, 7}, {1, 6}, {4}, {2}], [{8, 3}, {5, 7}, {2, 6}, {1, 4}], [{8, 3}, {5, 7}, {4, 6}, {1, 2}], [{8, 3}, {6, 7}, {1, 5}, {2, 4}], [{8, 3}, {6, 7}, {2, 5}, {1, 4}], [{8, 3}, {6, 7}, {4, 5}, {1, 2}], [{8, 3}, {6, 7}, {5}, {1, 4}, {2}], [{8, 3}, {7}, {1, 6}, {2, 5}, {4}], [{8, 3}, {7}, {1, 6}, {4, 5}, {2}], [{8, 3}, {7}, {1, 6}, {5}, {2, 4}], [{8, 3}, {7}, {1, 6}, {5}, {4}, {2}], [{8, 4}, {1, 7}, {2, 6}, {3, 5}], [{8, 4}, {1, 7}, {3, 6}, {2, 5}], [{8, 4}, {1, 7}, {5, 6}, {2, 3}], [{8, 4}, {1, 7}, {6}, {5}, {2, 3}], [{8, 4}, {2, 7}, {1, 6}, {3, 5}], [{8, 4}, {2, 7}, {3, 6}, {1, 5}], [{8, 4}, {2, 7}, {5, 6}, {1, 3}], [{8, 4}, {2, 7}, {6}, {1, 5}, {3}], [{8, 4}, {2, 7}, {6}, {3, 5}, {1}], [{8, 4}, {2, 7}, {6}, {5}, {1, 3}], [{8, 4}, {3, 7}, {1, 6}, {2, 5}], [{8, 4}, {3, 7}, {1, 6}, {5}, {2}], [{8, 4}, {3, 7}, {2, 6}, {1, 5}], [{8, 4}, {3, 7}, {5, 6}, {1, 2}], [{8, 4}, {3, 7}, {6}, {2, 5}, {1}], [{8, 4}, {5, 7}, {1, 6}, {2, 3}], [{8, 4}, {5, 7}, {2, 6}, {1, 3}], [{8, 4}, {5, 7}, {3, 6}, {1, 2}], [{8, 4}, {6, 7}, {1, 5}, {2, 3}], [{8, 4}, {6, 7}, {2, 5}, {1, 3}], [{8, 4}, {6, 7}, {3, 5}, {1, 2}], [{8, 4}, {7}, {1, 6}, {2, 5}, {3}], [{8, 4}, {7}, {3, 6}, {5}, {1, 2}], [{8, 5}, {1, 7}, {2, 6}, {3, 4}], [{8, 5}, {1, 7}, {3, 6}, {2, 4}], [{8, 5}, {1, 7}, {4, 6}, {2, 3}], [{8, 5}, {1, 7}, {4, 6}, {3}, {2}], [{8, 5}, {1, 7}, {6}, {4}, {2, 3}], [{8, 5}, {2, 7}, {1, 6}, {3, 4}], [{8, 5}, {2, 7}, {3, 6}, {1, 4}], [{8, 5}, {2, 7}, {4, 6}, {1, 3}], [{8, 5}, {2, 7}, {6}, {1, 4}, {3}], [{8, 5}, {2, 7}, {6}, {3, 4}, {1}], [{8, 5}, {2, 7}, {6}, {4}, {1, 3}], [{8, 5}, {3, 7}, {1, 6}, {2, 4}], [{8, 5}, {3, 7}, {2, 6}, {1, 4}], [{8, 5}, {3, 7}, {4, 6}, {1, 2}], [{8, 5}, {3, 7}, {6}, {2, 4}, {1}], [{8, 5}, {4, 7}, {1, 6}, {2, 3}], [{8, 5}, {4, 7}, {1, 6}, {3}, {2}], [{8, 5}, {4, 7}, {2, 6}, {1, 3}], [{8, 5}, {4, 7}, {3, 6}, {1, 2}], [{8, 5}, {6, 7}, {1, 4}, {2, 3}], [{8, 5}, {6, 7}, {2, 4}, {1, 3}], [{8, 5}, {6, 7}, {2, 4}, {3}, {1}], [{8, 5}, {6, 7}, {3, 4}, {1, 2}], [{8, 5}, {7}, {3, 6}, {2, 4}, {1}], [{8, 5}, {7}, {4, 6}, {2, 3}, {1}], [{8, 6}, {1, 7}, {2, 5}, {3, 4}], [{8, 6}, {1, 7}, {3, 5}, {2, 4}], [{8, 6}, {1, 7}, {4, 5}, {2, 3}], [{8, 6}, {1, 7}, {5}, {4}, {2, 3}], [{8, 6}, {2, 7}, {1, 5}, {3, 4}], [{8, 6}, {2, 7}, {3, 5}, {1, 4}], [{8, 6}, {2, 7}, {4, 5}, {1, 3}], [{8, 6}, {2, 7}, {5}, {4}, {1, 3}], [{8, 6}, {3, 7}, {1, 5}, {2, 4}], [{8, 6}, {3, 7}, {2, 5}, {1, 4}], [{8, 6}, {3, 7}, {4, 5}, {1, 2}], [{8, 6}, {4, 7}, {1, 5}, {2, 3}], [{8, 6}, {4, 7}, {2, 5}, {1, 3}], [{8, 6}, {4, 7}, {3, 5}, {1, 2}], [{8, 6}, {4, 7}, {5}, {1, 3}, {2}], [{8, 6}, {5, 7}, {1, 4}, {2, 3}], [{8, 6}, {5, 7}, {2, 4}, {1, 3}], [{8, 6}, {5, 7}, {3, 4}, {1, 2}], [{8, 6}, {7}, {2, 5}, {3, 4}, {1}], [{8, 6}, {7}, {5}, {2, 4}, {1, 3}], [{8, 7}, {1, 6}, {2, 5}, {3, 4}], [{8, 7}, {1, 6}, {2, 5}, {4}, {3}], [{8, 7}, {1, 6}, {3, 5}, {2, 4}], [{8, 7}, {1, 6}, {4, 5}, {2, 3}], [{8, 7}, {1, 6}, {5}, {3, 4}, {2}], [{8, 7}, {2, 6}, {1, 5}, {3, 4}], [{8, 7}, {2, 6}, {3, 5}, {1, 4}], [{8, 7}, {2, 6}, {3, 5}, {4}, {1}], [{8, 7}, {2, 6}, {4, 5}, {1, 3}], [{8, 7}, {2, 6}, {4, 5}, {3}, {1}], [{8, 7}, {2, 6}, {5}, {3, 4}, {1}], [{8, 7}, {3, 6}, {1, 5}, {2, 4}], [{8, 7}, {3, 6}, {2, 5}, {1, 4}], [{8, 7}, {3, 6}, {2, 5}, {4}, {1}], [{8, 7}, {3, 6}, {4, 5}, {1, 2}], [{8, 7}, {3, 6}, {4, 5}, {2}, {1}], [{8, 7}, {3, 6}, {5}, {2, 4}, {1}], [{8, 7}, {4, 6}, {1, 5}, {2, 3}], [{8, 7}, {4, 6}, {2, 5}, {1, 3}], [{8, 7}, {4, 6}, {2, 5}, {3}, {1}], [{8, 7}, {4, 6}, {3, 5}, {1, 2}], [{8, 7}, {4, 6}, {3, 5}, {2}, {1}], [{8, 7}, {4, 6}, {5}, {2, 3}, {1}], [{8, 7}, {5, 6}, {1, 4}, {2, 3}], [{8, 7}, {5, 6}, {2, 4}, {1, 3}], [{8, 7}, {5, 6}, {2, 4}, {3}, {1}], [{8, 7}, {5, 6}, {3, 4}, {1, 2}], [{8, 7}, {5, 6}, {3, 4}, {2}, {1}], [{8, 7}, {5, 6}, {4}, {2, 3}, {1}], [{8, 7}, {6}, {1, 5}, {3, 4}, {2}], [{8, 7}, {6}, {2, 5}, {1, 4}, {3}], [{8, 7}, {6}, {2, 5}, {3, 4}, {1}], [{8, 7}, {6}, {2, 5}, {4}, {1, 3}], [{8, 7}, {6}, {2, 5}, {4}, {3}, {1}], [{8, 7}, {6}, {3, 5}, {2, 4}, {1}], [{8, 7}, {6}, {4, 5}, {2, 3}, {1}], [{8, 7}, {6}, {5}, {3, 4}, {1, 2}], [{8, 7}, {6}, {5}, {3, 4}, {2}, {1}], [{8}, {1, 7}, {2, 6}, {3, 5}, {4}], [{8}, {1, 7}, {2, 6}, {4, 5}, {3}], [{8}, {1, 7}, {2, 6}, {5}, {3, 4}], [{8}, {1, 7}, {3, 6}, {2, 5}, {4}], [{8}, {1, 7}, {3, 6}, {4, 5}, {2}], [{8}, {1, 7}, {3, 6}, {5}, {2, 4}], [{8}, {1, 7}, {4, 6}, {2, 5}, {3}], [{8}, {1, 7}, {4, 6}, {3, 5}, {2}], [{8}, {1, 7}, {4, 6}, {5}, {2, 3}], [{8}, {1, 7}, {4, 6}, {5}, {3}, {2}], [{8}, {1, 7}, {5, 6}, {2, 4}, {3}], [{8}, {1, 7}, {5, 6}, {3, 4}, {2}], [{8}, {1, 7}, {5, 6}, {4}, {2, 3}], [{8}, {1, 7}, {6}, {2, 5}, {3, 4}], [{8}, {1, 7}, {6}, {3, 5}, {2, 4}], [{8}, {1, 7}, {6}, {4, 5}, {2, 3}], [{8}, {1, 7}, {6}, {5}, {4}, {2, 3}], [{8}, {2, 7}, {4, 6}, {5}, {1, 3}], [{8}, {2, 7}, {5, 6}, {4}, {1, 3}], [{8}, {2, 7}, {6}, {4, 5}, {1, 3}], [{8}, {2, 7}, {6}, {5}, {4}, {1, 3}], [{8}, {3, 7}, {1, 6}, {2, 5}, {4}], [{8}, {3, 7}, {4, 6}, {5}, {1, 2}], [{8}, {3, 7}, {6}, {1, 5}, {2, 4}], [{8}, {4, 7}, {1, 6}, {2, 5}, {3}], [{8}, {4, 7}, {1, 6}, {3, 5}, {2}], [{8}, {4, 7}, {1, 6}, {5}, {2, 3}], [{8}, {4, 7}, {1, 6}, {5}, {3}, {2}], [{8}, {5, 7}, {3, 6}, {2, 4}, {1}], [{8}, {5, 7}, {4, 6}, {2, 3}, {1}], [{8}, {6, 7}, {1, 5}, {2, 4}, {3}], [{8}, {6, 7}, {2, 5}, {3, 4}, {1}], [{8}, {6, 7}, {5}, {1, 4}, {2, 3}], [{8}, {7}, {1, 6}, {2, 5}, {3, 4}], [{8}, {7}, {3, 6}, {1, 5}, {2, 4}], [{8}, {7}, {3, 6}, {5}, {2, 4}, {1}], [{8}, {7}, {4, 6}, {1, 5}, {2, 3}], [{8}, {7}, {4, 6}, {5}, {2, 3}, {1}], [{8}, {7}, {6}, {2, 5}, {3, 4}, {1}]]",2,4 K_1^3 - 20 K_1^2 - 8 K_1 K_2 + K_1 + 10 K_2 + 3 K_3 + 11,O1O2O3O4U5U1O6U4O7O5U6U7U8U3O8U2,O1O2O3O4U5U3O6U4O7O5U6U1U8U7O8U2,O1O2O3O4U3O5U6U5U4U7O8O6U1O7U2U8,c,"{'O1O2O3O4U3O5U2U5U6U7O8O6U1O7U4U8', 'O1O2O3U2O4U1U4U5O6U7O5O7U8U3O8U6'}",2,"<a href=""/flatknot/8.733588"">8.733588</a>",t^9-48t^7-134t^6+58t^5+354t^4+117t^3-140t^2-56t,0,,
8.733589,O1O2O3O4U3O5U2U5U6U7O8O6U4O7U1U8,4,2z^3+26z^2+105z+123,2w^4z^3+26w^3z^2+105w^2z+123w,False,False,"[[ 0 -1 -2 -1  2  1  0  1  0],[ 1  0 -2 -1  3  1  0  1  0],[ 2  2  0  0  3  1  2  1  1],[ 1  1  0  0  1  0  1  0  1],[-2 -3 -3 -1  0  0 -2 -1 -1],[-1 -1 -1  0  0  0 -1 -1  0],[ 0  0 -2 -1  2  1  0  0  1],[-1 -1 -1  0  1  1  0  0  0],[ 0  0 -1 -1  1  0 -1  0  0]]","[[ 0  2  1  1  0  0 -1 -1 -2],[-2  0  0 -1 -1 -2 -1 -3 -3],[-1  0  0 -1  0 -1  0 -1 -1],[-1  1  1  0  0  0  0 -1 -1],[ 0  1  0  0  0 -1 -1  0 -1],[ 0  2  1  0  1  0 -1  0 -2],[ 1  1  0  0  1  1  0  1  0],[ 1  3  1  1  0  0 -1  0 -2],[ 2  3  1  1  1  2  0  2  0]]",True,"[-2,-1,-1,0,0,1,1,2,0,1,1,2,1,3,3,1,0,1,0,1,1,0,0,0,1,1,1,1,0,1,1,0,2,-1,0,2]","[-2,-1,-1,0,0,1,1,2,-1,1,0,1,2,2,1,1,1,1,1,1,0,0,0,2,2,2,-1,0,1,0,1,1,1,1,1,0]",t^8+44t^6+107t^4+38t^2+1,"[-2,-1,-1,0,0,1,1,2,-1,1,0,1,2,2,1,1,1,1,1,1,0,0,0,2,2,2,-1,0,1,0,1,1,1,1,1,0]","[-2,-1,-1,0,0,1,1,2,0,1,0,1,0,2,1,1,1,1,1,2,2,0,1,1,2,2,1,1,0,0,1,0,1,-1,-1,1]","[-2,-1,-1,0,0,1,1,2,0,2,1,2,1,1,3,1,1,1,0,0,1,0,0,1,1,3,-1,0,0,1,0,1,2,1,1,0]",c,"[[{8, 1}, {2, 7}, {3, 6}, {4, 5}], [{8, 1}, {2, 7}, {4, 6}, {3, 5}], [{8, 1}, {2, 7}, {5, 6}, {3, 4}], [{8, 1}, {3, 7}, {2, 6}, {4, 5}], [{8, 1}, {3, 7}, {4, 6}, {2, 5}], [{8, 1}, {3, 7}, {4, 6}, {5}, {2}], [{8, 1}, {3, 7}, {5, 6}, {2, 4}], [{8, 1}, {4, 7}, {2, 6}, {3, 5}], [{8, 1}, {4, 7}, {3, 6}, {2, 5}], [{8, 1}, {4, 7}, {3, 6}, {5}, {2}], [{8, 1}, {4, 7}, {5, 6}, {2, 3}], [{8, 1}, {5, 7}, {2, 6}, {3, 4}], [{8, 1}, {5, 7}, {3, 6}, {2, 4}], [{8, 1}, {5, 7}, {4, 6}, {2, 3}], [{8, 1}, {5, 7}, {4, 6}, {3}, {2}], [{8, 1}, {6, 7}, {2, 5}, {3, 4}], [{8, 1}, {6, 7}, {3, 5}, {2, 4}], [{8, 1}, {6, 7}, {4, 5}, {2, 3}], [{8, 1}, {7}, {2, 6}, {3, 5}, {4}], [{8, 1}, {7}, {4, 6}, {3, 5}, {2}], [{8, 1}, {7}, {6}, {3, 5}, {2, 4}], [{8, 2}, {1, 7}, {3, 6}, {4, 5}], [{8, 2}, {1, 7}, {4, 6}, {3, 5}], [{8, 2}, {1, 7}, {4, 6}, {5}, {3}], [{8, 2}, {1, 7}, {5, 6}, {3, 4}], [{8, 2}, {3, 7}, {1, 6}, {4, 5}], [{8, 2}, {3, 7}, {4, 6}, {1, 5}], [{8, 2}, {3, 7}, {4, 6}, {5}, {1}], [{8, 2}, {3, 7}, {5, 6}, {1, 4}], [{8, 2}, {3, 7}, {5, 6}, {4}, {1}], [{8, 2}, {3, 7}, {6}, {4, 5}, {1}], [{8, 2}, {4, 7}, {1, 6}, {3, 5}], [{8, 2}, {4, 7}, {1, 6}, {5}, {3}], [{8, 2}, {4, 7}, {3, 6}, {1, 5}], [{8, 2}, {4, 7}, {5, 6}, {1, 3}], [{8, 2}, {4, 7}, {6}, {3, 5}, {1}], [{8, 2}, {5, 7}, {1, 6}, {3, 4}], [{8, 2}, {5, 7}, {1, 6}, {4}, {3}], [{8, 2}, {5, 7}, {3, 6}, {1, 4}], [{8, 2}, {5, 7}, {4, 6}, {1, 3}], [{8, 2}, {6, 7}, {1, 5}, {3, 4}], [{8, 2}, {6, 7}, {3, 5}, {1, 4}], [{8, 2}, {6, 7}, {4, 5}, {1, 3}], [{8, 2}, {6, 7}, {5}, {1, 4}, {3}], [{8, 2}, {7}, {1, 6}, {4, 5}, {3}], [{8, 2}, {7}, {4, 6}, {5}, {1, 3}], [{8, 3}, {1, 7}, {2, 6}, {4, 5}], [{8, 3}, {1, 7}, {4, 6}, {2, 5}], [{8, 3}, {1, 7}, {4, 6}, {5}, {2}], [{8, 3}, {1, 7}, {5, 6}, {2, 4}], [{8, 3}, {2, 7}, {1, 6}, {4, 5}], [{8, 3}, {2, 7}, {4, 6}, {1, 5}], [{8, 3}, {2, 7}, {5, 6}, {1, 4}], [{8, 3}, {4, 7}, {1, 6}, {2, 5}], [{8, 3}, {4, 7}, {2, 6}, {1, 5}], [{8, 3}, {4, 7}, {5, 6}, {1, 2}], [{8, 3}, {4, 7}, {6}, {5}, {1, 2}], [{8, 3}, {5, 7}, {1, 6}, {2, 4}], [{8, 3}, {5, 7}, {2, 6}, {1, 4}], [{8, 3}, {5, 7}, {2, 6}, {4}, {1}], [{8, 3}, {5, 7}, {4, 6}, {1, 2}], [{8, 3}, {5, 7}, {4, 6}, {2}, {1}], [{8, 3}, {5, 7}, {6}, {2, 4}, {1}], [{8, 3}, {6, 7}, {1, 5}, {2, 4}], [{8, 3}, {6, 7}, {2, 5}, {1, 4}], [{8, 3}, {6, 7}, {4, 5}, {1, 2}], [{8, 3}, {6, 7}, {5}, {2, 4}, {1}], [{8, 3}, {7}, {1, 6}, {4, 5}, {2}], [{8, 3}, {7}, {4, 6}, {1, 5}, {2}], [{8, 3}, {7}, {5, 6}, {2, 4}, {1}], [{8, 4}, {1, 7}, {2, 6}, {3, 5}], [{8, 4}, {1, 7}, {3, 6}, {2, 5}], [{8, 4}, {1, 7}, {5, 6}, {2, 3}], [{8, 4}, {1, 7}, {6}, {2, 5}, {3}], [{8, 4}, {2, 7}, {1, 6}, {3, 5}], [{8, 4}, {2, 7}, {3, 6}, {1, 5}], [{8, 4}, {2, 7}, {5, 6}, {1, 3}], [{8, 4}, {2, 7}, {5, 6}, {3}, {1}], [{8, 4}, {2, 7}, {6}, {5}, {1, 3}], [{8, 4}, {3, 7}, {1, 6}, {2, 5}], [{8, 4}, {3, 7}, {2, 6}, {1, 5}], [{8, 4}, {3, 7}, {5, 6}, {1, 2}], [{8, 4}, {3, 7}, {6}, {2, 5}, {1}], [{8, 4}, {5, 7}, {1, 6}, {2, 3}], [{8, 4}, {5, 7}, {1, 6}, {3}, {2}], [{8, 4}, {5, 7}, {2, 6}, {1, 3}], [{8, 4}, {5, 7}, {3, 6}, {1, 2}], [{8, 4}, {5, 7}, {3, 6}, {2}, {1}], [{8, 4}, {5, 7}, {6}, {1, 3}, {2}], [{8, 4}, {6, 7}, {1, 5}, {2, 3}], [{8, 4}, {6, 7}, {2, 5}, {1, 3}], [{8, 4}, {6, 7}, {3, 5}, {1, 2}], [{8, 4}, {6, 7}, {5}, {1, 3}, {2}], [{8, 4}, {7}, {2, 6}, {5}, {1, 3}], [{8, 4}, {7}, {5, 6}, {1, 3}, {2}], [{8, 4}, {7}, {6}, {2, 5}, {1, 3}], [{8, 4}, {7}, {6}, {5}, {1, 3}, {2}], [{8, 5}, {1, 7}, {2, 6}, {3, 4}], [{8, 5}, {1, 7}, {3, 6}, {2, 4}], [{8, 5}, {1, 7}, {4, 6}, {2, 3}], [{8, 5}, {1, 7}, {4, 6}, {3}, {2}], [{8, 5}, {2, 7}, {1, 6}, {3, 4}], [{8, 5}, {2, 7}, {1, 6}, {4}, {3}], [{8, 5}, {2, 7}, {3, 6}, {1, 4}], [{8, 5}, {2, 7}, {4, 6}, {1, 3}], [{8, 5}, {3, 7}, {1, 6}, {2, 4}], [{8, 5}, {3, 7}, {2, 6}, {1, 4}], [{8, 5}, {3, 7}, {4, 6}, {1, 2}], [{8, 5}, {3, 7}, {4, 6}, {2}, {1}], [{8, 5}, {4, 7}, {1, 6}, {2, 3}], [{8, 5}, {4, 7}, {1, 6}, {3}, {2}], [{8, 5}, {4, 7}, {2, 6}, {1, 3}], [{8, 5}, {4, 7}, {3, 6}, {1, 2}], [{8, 5}, {6, 7}, {1, 4}, {2, 3}], [{8, 5}, {6, 7}, {2, 4}, {1, 3}], [{8, 5}, {6, 7}, {3, 4}, {1, 2}], [{8, 5}, {6, 7}, {3, 4}, {2}, {1}], [{8, 5}, {7}, {1, 6}, {2, 4}, {3}], [{8, 5}, {7}, {4, 6}, {1, 3}, {2}], [{8, 6}, {1, 7}, {2, 5}, {3, 4}], [{8, 6}, {1, 7}, {2, 5}, {4}, {3}], [{8, 6}, {1, 7}, {3, 5}, {2, 4}], [{8, 6}, {1, 7}, {4, 5}, {2, 3}], [{8, 6}, {2, 7}, {1, 5}, {3, 4}], [{8, 6}, {2, 7}, {3, 5}, {1, 4}], [{8, 6}, {2, 7}, {4, 5}, {1, 3}], [{8, 6}, {2, 7}, {5}, {4}, {1, 3}], [{8, 6}, {3, 7}, {1, 5}, {2, 4}], [{8, 6}, {3, 7}, {2, 5}, {1, 4}], [{8, 6}, {3, 7}, {2, 5}, {4}, {1}], [{8, 6}, {3, 7}, {4, 5}, {1, 2}], [{8, 6}, {4, 7}, {1, 5}, {2, 3}], [{8, 6}, {4, 7}, {2, 5}, {1, 3}], [{8, 6}, {4, 7}, {3, 5}, {1, 2}], [{8, 6}, {4, 7}, {5}, {1, 3}, {2}], [{8, 6}, {5, 7}, {1, 4}, {2, 3}], [{8, 6}, {5, 7}, {2, 4}, {1, 3}], [{8, 6}, {5, 7}, {3, 4}, {1, 2}], [{8, 6}, {5, 7}, {4}, {1, 3}, {2}], [{8, 6}, {7}, {2, 5}, {4}, {1, 3}], [{8, 6}, {7}, {4, 5}, {1, 3}, {2}], [{8, 6}, {7}, {5}, {2, 4}, {1, 3}], [{8, 6}, {7}, {5}, {4}, {1, 3}, {2}], [{8, 7}, {1, 6}, {2, 5}, {3, 4}], [{8, 7}, {1, 6}, {3, 5}, {2, 4}], [{8, 7}, {1, 6}, {4, 5}, {2, 3}], [{8, 7}, {1, 6}, {5}, {2, 4}, {3}], [{8, 7}, {2, 6}, {1, 5}, {3, 4}], [{8, 7}, {2, 6}, {3, 5}, {1, 4}], [{8, 7}, {2, 6}, {3, 5}, {4}, {1}], [{8, 7}, {2, 6}, {4, 5}, {1, 3}], [{8, 7}, {3, 6}, {1, 5}, {2, 4}], [{8, 7}, {3, 6}, {2, 5}, {1, 4}], [{8, 7}, {3, 6}, {4, 5}, {1, 2}], [{8, 7}, {4, 6}, {1, 5}, {2, 3}], [{8, 7}, {4, 6}, {1, 5}, {3}, {2}], [{8, 7}, {4, 6}, {2, 5}, {1, 3}], [{8, 7}, {4, 6}, {3, 5}, {1, 2}], [{8, 7}, {4, 6}, {3, 5}, {2}, {1}], [{8, 7}, {4, 6}, {5}, {1, 3}, {2}], [{8, 7}, {5, 6}, {1, 4}, {2, 3}], [{8, 7}, {5, 6}, {2, 4}, {1, 3}], [{8, 7}, {5, 6}, {3, 4}, {1, 2}], [{8, 7}, {6}, {2, 5}, {1, 4}, {3}], [{8, 7}, {6}, {3, 5}, {2, 4}, {1}], [{8, 7}, {6}, {5}, {3, 4}, {1, 2}], [{8}, {1, 7}, {2, 6}, {3, 5}, {4}], [{8}, {1, 7}, {4, 6}, {2, 5}, {3}], [{8}, {1, 7}, {4, 6}, {3, 5}, {2}], [{8}, {1, 7}, {4, 6}, {5}, {2, 3}], [{8}, {1, 7}, {4, 6}, {5}, {3}, {2}], [{8}, {1, 7}, {6}, {3, 5}, {2, 4}], [{8}, {2, 7}, {4, 6}, {5}, {1, 3}], [{8}, {2, 7}, {6}, {1, 5}, {3, 4}], [{8}, {3, 7}, {2, 6}, {1, 5}, {4}], [{8}, {3, 7}, {4, 6}, {1, 5}, {2}], [{8}, {3, 7}, {4, 6}, {2, 5}, {1}], [{8}, {3, 7}, {4, 6}, {5}, {1, 2}], [{8}, {3, 7}, {4, 6}, {5}, {2}, {1}], [{8}, {3, 7}, {6}, {1, 5}, {2, 4}], [{8}, {4, 7}, {1, 6}, {2, 5}, {3}], [{8}, {4, 7}, {6}, {1, 5}, {2, 3}], [{8}, {5, 7}, {1, 6}, {2, 4}, {3}], [{8}, {5, 7}, {4, 6}, {1, 3}, {2}], [{8}, {6, 7}, {1, 5}, {2, 4}, {3}], [{8}, {7}, {1, 6}, {4, 5}, {2, 3}], [{8}, {7}, {3, 6}, {1, 5}, {2, 4}], [{8}, {7}, {4, 6}, {2, 5}, {1, 3}], [{8}, {7}, {4, 6}, {5}, {1, 3}, {2}]]",2,4 K_1^3 - 20 K_1^2 - 8 K_1 K_2 + K_1 + 10 K_2 + 3 K_3 + 11,O1O2O3O4U5U4O6U1O7O5U6U7U8U3O8U2,O1O2O3O4U5U3O6U4O7O5U7U1U8U6O8U2,O1O2O3O4U3O5U6U5U4U7O8O7U1O6U2U8,c,{'O1O2O3O4U3O5U2U5U6U7O8O6U4O7U1U8'},1,"<a href=""/flatknot/8.733589"">8.733589</a>",t^9-44t^7-120t^6+33t^5+196t^4-27t^3-118t^2-28t-4,0,,
8.733590,O1O2O3O4U3O5U2U5U6U1O7O8U4O6U7U8,4,2z^3+32z^2+111z+111,2w^4z^3+32w^3z^2+111w^2z+111w,False,False,"[[ 0  0 -2 -1  2  1  0 -1  1],[ 0  0 -1  0  3  1 -1  0  0],[ 2  1  0  0  3  1  1  1  1],[ 1  0  0  0  1  0  0  1  1],[-2 -3 -3 -1  0  0 -2  0  1],[-1 -1 -1  0  0  0 -1  0  0],[ 0  1 -1  0  2  1  0 -1  0],[ 1  0 -1 -1  0  0  1  0  1],[-1  0 -1 -1 -1  0  0 -1  0]]","[[ 0  2  1  1  0  0 -1 -1 -2],[-2  0  1  0 -2 -3  0 -1 -3],[-1 -1  0  0  0  0 -1 -1 -1],[-1  0  0  0 -1 -1  0  0 -1],[ 0  2  0  1  0  1 -1  0 -1],[ 0  3  0  1 -1  0  0  0 -1],[ 1  0  1  0  1  0  0 -1 -1],[ 1  1  1  0  0  0  1  0  0],[ 2  3  1  1  1  1  1  0  0]]",True,"[-2,-1,-1,0,0,1,1,2,-1,0,2,3,0,1,3,0,0,0,1,1,1,1,1,0,0,1,-1,1,0,1,0,0,1,1,1,0]","[-2,-1,-1,0,0,1,1,2,-1,0,2,3,0,1,3,0,0,0,1,1,1,1,1,0,0,1,-1,1,0,1,0,0,1,1,1,0]",t^8+36t^6+189t^4+40t^2+1,"[-2,-1,-1,0,0,1,1,2,0,1,1,1,2,2,1,1,0,1,1,2,3,1,1,1,2,2,-1,1,0,0,1,0,-1,0,2,1]","[-2,-1,-1,0,0,1,1,2,1,2,-1,0,2,3,1,0,0,0,2,2,2,1,1,1,1,2,-1,1,1,1,1,0,1,1,1,0]","[-2,-1,-1,0,0,1,1,2,0,1,1,1,1,1,3,1,0,0,0,1,1,0,1,0,1,0,-1,1,0,3,1,0,2,0,0,-1]",c,"[[{8, 1}, {6, 7}, {3, 5}, {2, 4}], [{8, 6}, {1, 7}, {3, 5}, {2, 4}], [{8, 7}, {1, 6}, {3, 5}, {2, 4}]]",1,44 K_1^3 + 8 K_1^2 K_2 - 36 K_1^2 - 44 K_1 K_2 - 8 K_1 K_3 - 11 K_1 + 18 K_2 + 11 K_3 + 2 K_4 + 17,O1O2O3O4U5U6O7U1O5O6U4U7U8U3O8U2,O1O2O3O4U5U6O7U3O5O6U4U1U8U7O8U2,O1O2O3O4U3O5U6U5U4U1O7O8U2O6U7U8,c,{'O1O2O3O4U3O5U2U5U6U1O7O8U4O6U7U8'},1,"<a href=""/flatknot/8.733590"">8.733590</a>",t^9-36t^7-66t^6+141t^5+358t^4+182t^3+30t^2-19t-12,0,,
8.733591,O1O2O3O4U3O5U2U5U6U1O7O8U7O6U4U8,4,19z^2+104z+133,19w^3z^2+104w^2z+133w,False,False,"[[ 0  0 -2 -1  2  1  0 -1  1],[ 0  0 -1  0  2  1  0  0  0],[ 2  1  0  0  3  1  2  0  1],[ 1  0  0  0  1  0  1  0  1],[-2 -2 -3 -1  0  0 -2  0  1],[-1 -1 -1  0  0  0 -1  0  0],[ 0  0 -2 -1  2  1  0 -1  0],[ 1  0  0  0  0  0  1  0  1],[-1  0 -1 -1 -1  0  0 -1  0]]","[[ 0  2  1  1  0  0 -1 -1 -2],[-2  0  1  0 -2 -2  0 -1 -3],[-1 -1  0  0  0  0 -1 -1 -1],[-1  0  0  0 -1 -1  0  0 -1],[ 0  2  0  1  0  0  0  0 -1],[ 0  2  0  1  0  0 -1 -1 -2],[ 1  0  1  0  0  1  0  0  0],[ 1  1  1  0  0  1  0  0  0],[ 2  3  1  1  1  2  0  0  0]]",True,"[-2,-1,-1,0,0,1,1,2,-1,0,2,2,0,1,3,0,0,0,1,1,1,1,1,0,0,1,0,0,0,1,1,1,2,0,0,0]","[-2,-1,-1,0,0,1,1,2,-1,0,2,2,0,1,3,0,0,0,1,1,1,1,1,0,0,1,0,0,0,1,1,1,2,0,0,0]",t^8+32t^6+116t^4+16t^2,"[-2,-1,-1,0,0,1,1,2,1,1,0,1,2,2,1,0,0,1,1,2,2,0,1,1,2,3,0,1,0,0,1,0,0,0,2,1]","[-2,-1,-1,0,0,1,1,2,1,2,0,0,2,3,1,0,0,0,2,2,2,1,1,1,1,2,0,0,0,0,1,1,1,0,1,1]","[-2,-1,-1,0,0,1,1,2,0,0,1,2,1,1,3,0,0,1,0,1,0,0,1,0,1,1,0,1,0,2,1,0,2,0,0,-1]",c,"[[{8, 6}, {4, 7}, {2, 5}, {1, 3}], [{8, 6}, {4, 7}, {3, 5}, {1, 2}]]",1,8 K_1^3 - 28 K_1^2 - 8 K_1 K_2 - 2 K_1 + 14 K_2 + 2 K_3 + 15,O1O2O3O4U5U1O6U7O5O7U4U6U8U3O8U2,O1O2O3O4U5U6O5U3O7O6U4U1U8U7O8U2,O1O2O3O4U3O5U6U5U4U1O7O6U2O8U7U8,c,{'O1O2O3O4U3O5U2U5U6U1O7O8U7O6U4U8'},1,"<a href=""/flatknot/8.733591"">8.733591</a>",t^9-32t^7-50t^6+96t^5+72t^4+28t^3+18t^2-8t-2,0,,
8.733592,O1O2O3O4U3O5U2U5U6U1O7O8U7O6U8U4,4,10z^2+95z+151,10w^3z^2+95w^2z+151w,False,False,"[[ 0  0 -2 -1  3  1  0 -1  0],[ 0  0 -1  0  2  1  0  0 -1],[ 2  1  0  0  3  1  2  0  0],[ 1  0  0  0  1  0  1  0  0],[-3 -2 -3 -1  0  0 -2 -1  0],[-1 -1 -1  0  0  0 -1  0  0],[ 0  0 -2 -1  2  1  0 -1 -1],[ 1  0  0  0  1  0  1  0  1],[ 0  1  0  0  0  0  1 -1  0]]","[[ 0  3  1  0  0  0 -1 -1 -2],[-3  0  0  0 -2 -2 -1 -1 -3],[-1  0  0  0 -1 -1  0  0 -1],[ 0  0  0  0  1  1  0 -1  0],[ 0  2  1 -1  0  0  0  0 -1],[ 0  2  1 -1  0  0 -1 -1 -2],[ 1  1  0  0  0  1  0  0  0],[ 1  1  0  1  0  1  0  0  0],[ 2  3  1  0  1  2  0  0  0]]",True,"[-3,-1,0,0,0,1,1,2,0,0,2,2,1,1,3,0,1,1,0,0,1,-1,-1,0,1,0,0,0,0,1,1,1,2,0,0,0]","[-3,-1,0,0,0,1,1,2,0,0,2,2,1,1,3,0,1,1,0,0,1,-1,-1,0,1,0,0,0,0,1,1,1,2,0,0,0]",t^8+32t^6+93t^4+19t^2,"[-2,-1,-1,0,0,0,1,3,1,1,0,1,2,2,2,0,0,1,0,2,3,0,1,1,2,3,0,1,0,1,1,0,1,1,3,2]","[-3,-1,0,0,0,1,1,2,2,1,1,3,3,3,2,0,0,1,2,2,2,0,-1,0,0,0,-1,1,1,1,0,1,2,0,1,1]","[-2,-1,-1,0,0,0,1,3,0,0,0,1,2,1,3,0,0,0,1,0,1,1,0,1,0,1,1,1,0,0,0,1,2,1,2,0]",c,"[[{8, 1}, {2, 7}, {3, 6}, {4, 5}], [{8, 1}, {2, 7}, {4, 6}, {3, 5}], [{8, 1}, {2, 7}, {4, 6}, {5}, {3}], [{8, 1}, {2, 7}, {5, 6}, {3, 4}], [{8, 1}, {2, 7}, {5, 6}, {4}, {3}], [{8, 1}, {2, 7}, {6}, {4, 5}, {3}], [{8, 1}, {3, 7}, {2, 6}, {4, 5}], [{8, 1}, {3, 7}, {4, 6}, {2, 5}], [{8, 1}, {3, 7}, {5, 6}, {2, 4}], [{8, 1}, {4, 7}, {2, 6}, {3, 5}], [{8, 1}, {4, 7}, {3, 6}, {2, 5}], [{8, 1}, {4, 7}, {5, 6}, {2, 3}], [{8, 1}, {5, 7}, {2, 6}, {3, 4}], [{8, 1}, {5, 7}, {3, 6}, {2, 4}], [{8, 1}, {5, 7}, {4, 6}, {2, 3}], [{8, 1}, {5, 7}, {6}, {2, 4}, {3}], [{8, 1}, {5, 7}, {6}, {3, 4}, {2}], [{8, 1}, {5, 7}, {6}, {4}, {2, 3}], [{8, 1}, {6, 7}, {2, 5}, {3, 4}], [{8, 1}, {6, 7}, {2, 5}, {4}, {3}], [{8, 1}, {6, 7}, {3, 5}, {2, 4}], [{8, 1}, {6, 7}, {4, 5}, {2, 3}], [{8, 1}, {7}, {3, 6}, {5}, {2, 4}], [{8, 1}, {7}, {4, 6}, {3, 5}, {2}], [{8, 2}, {1, 7}, {3, 6}, {4, 5}], [{8, 2}, {1, 7}, {3, 6}, {5}, {4}], [{8, 2}, {1, 7}, {4, 6}, {3, 5}], [{8, 2}, {1, 7}, {5, 6}, {3, 4}], [{8, 2}, {3, 7}, {1, 6}, {4, 5}], [{8, 2}, {3, 7}, {4, 6}, {1, 5}], [{8, 2}, {3, 7}, {5, 6}, {1, 4}], [{8, 2}, {4, 7}, {1, 6}, {3, 5}], [{8, 2}, {4, 7}, {3, 6}, {1, 5}], [{8, 2}, {4, 7}, {3, 6}, {5}, {1}], [{8, 2}, {4, 7}, {5, 6}, {1, 3}], [{8, 2}, {5, 7}, {1, 6}, {3, 4}], [{8, 2}, {5, 7}, {3, 6}, {1, 4}], [{8, 2}, {5, 7}, {4, 6}, {1, 3}], [{8, 2}, {5, 7}, {6}, {1, 4}, {3}], [{8, 2}, {6, 7}, {1, 5}, {3, 4}], [{8, 2}, {6, 7}, {3, 5}, {1, 4}], [{8, 2}, {6, 7}, {4, 5}, {1, 3}], [{8, 2}, {6, 7}, {5}, {4}, {1, 3}], [{8, 2}, {7}, {1, 6}, {3, 5}, {4}], [{8, 2}, {7}, {3, 6}, {5}, {1, 4}], [{8, 3}, {1, 7}, {2, 6}, {4, 5}], [{8, 3}, {1, 7}, {4, 6}, {2, 5}], [{8, 3}, {1, 7}, {4, 6}, {5}, {2}], [{8, 3}, {1, 7}, {5, 6}, {2, 4}], [{8, 3}, {1, 7}, {6}, {2, 5}, {4}], [{8, 3}, {2, 7}, {1, 6}, {4, 5}], [{8, 3}, {2, 7}, {4, 6}, {1, 5}], [{8, 3}, {2, 7}, {5, 6}, {1, 4}], [{8, 3}, {4, 7}, {1, 6}, {2, 5}], [{8, 3}, {4, 7}, {1, 6}, {5}, {2}], [{8, 3}, {4, 7}, {2, 6}, {1, 5}], [{8, 3}, {4, 7}, {2, 6}, {5}, {1}], [{8, 3}, {4, 7}, {5, 6}, {1, 2}], [{8, 3}, {4, 7}, {6}, {5}, {1, 2}], [{8, 3}, {5, 7}, {1, 6}, {2, 4}], [{8, 3}, {5, 7}, {2, 6}, {1, 4}], [{8, 3}, {5, 7}, {4, 6}, {1, 2}], [{8, 3}, {6, 7}, {1, 5}, {2, 4}], [{8, 3}, {6, 7}, {2, 5}, {1, 4}], [{8, 3}, {6, 7}, {4, 5}, {1, 2}], [{8, 3}, {6, 7}, {5}, {2, 4}, {1}], [{8, 3}, {7}, {4, 6}, {2, 5}, {1}], [{8, 4}, {1, 7}, {2, 6}, {3, 5}], [{8, 4}, {1, 7}, {3, 6}, {2, 5}], [{8, 4}, {1, 7}, {3, 6}, {5}, {2}], [{8, 4}, {1, 7}, {5, 6}, {2, 3}], [{8, 4}, {1, 7}, {6}, {2, 5}, {3}], [{8, 4}, {2, 7}, {1, 6}, {3, 5}], [{8, 4}, {2, 7}, {3, 6}, {1, 5}], [{8, 4}, {2, 7}, {5, 6}, {1, 3}], [{8, 4}, {2, 7}, {5, 6}, {3}, {1}], [{8, 4}, {3, 7}, {1, 6}, {2, 5}], [{8, 4}, {3, 7}, {2, 6}, {1, 5}], [{8, 4}, {3, 7}, {5, 6}, {1, 2}], [{8, 4}, {3, 7}, {6}, {2, 5}, {1}], [{8, 4}, {5, 7}, {1, 6}, {2, 3}], [{8, 4}, {5, 7}, {2, 6}, {1, 3}], [{8, 4}, {5, 7}, {2, 6}, {3}, {1}], [{8, 4}, {5, 7}, {3, 6}, {1, 2}], [{8, 4}, {6, 7}, {1, 5}, {2, 3}], [{8, 4}, {6, 7}, {2, 5}, {1, 3}], [{8, 4}, {6, 7}, {2, 5}, {3}, {1}], [{8, 4}, {6, 7}, {3, 5}, {1, 2}], [{8, 4}, {7}, {1, 6}, {2, 5}, {3}], [{8, 4}, {7}, {3, 6}, {2, 5}, {1}], [{8, 4}, {7}, {6}, {2, 5}, {1, 3}], [{8, 4}, {7}, {6}, {2, 5}, {3}, {1}], [{8, 5}, {1, 7}, {2, 6}, {3, 4}], [{8, 5}, {1, 7}, {3, 6}, {2, 4}], [{8, 5}, {1, 7}, {3, 6}, {4}, {2}], [{8, 5}, {1, 7}, {4, 6}, {2, 3}], [{8, 5}, {1, 7}, {6}, {2, 4}, {3}], [{8, 5}, {2, 7}, {1, 6}, {3, 4}], [{8, 5}, {2, 7}, {3, 6}, {1, 4}], [{8, 5}, {2, 7}, {4, 6}, {1, 3}], [{8, 5}, {2, 7}, {6}, {1, 4}, {3}], [{8, 5}, {3, 7}, {1, 6}, {2, 4}], [{8, 5}, {3, 7}, {2, 6}, {1, 4}], [{8, 5}, {3, 7}, {4, 6}, {1, 2}], [{8, 5}, {4, 7}, {1, 6}, {2, 3}], [{8, 5}, {4, 7}, {2, 6}, {1, 3}], [{8, 5}, {4, 7}, {2, 6}, {3}, {1}], [{8, 5}, {4, 7}, {3, 6}, {1, 2}], [{8, 5}, {6, 7}, {1, 4}, {2, 3}], [{8, 5}, {6, 7}, {2, 4}, {1, 3}], [{8, 5}, {6, 7}, {2, 4}, {3}, {1}], [{8, 5}, {6, 7}, {3, 4}, {1, 2}], [{8, 5}, {7}, {1, 6}, {2, 4}, {3}], [{8, 5}, {7}, {4, 6}, {1, 3}, {2}], [{8, 6}, {1, 7}, {2, 5}, {3, 4}], [{8, 6}, {1, 7}, {2, 5}, {4}, {3}], [{8, 6}, {1, 7}, {3, 5}, {2, 4}], [{8, 6}, {1, 7}, {4, 5}, {2, 3}], [{8, 6}, {1, 7}, {5}, {3, 4}, {2}], [{8, 6}, {2, 7}, {1, 5}, {3, 4}], [{8, 6}, {2, 7}, {3, 5}, {1, 4}], [{8, 6}, {2, 7}, {4, 5}, {1, 3}], [{8, 6}, {2, 7}, {5}, {1, 4}, {3}], [{8, 6}, {2, 7}, {5}, {3, 4}, {1}], [{8, 6}, {2, 7}, {5}, {4}, {1, 3}], [{8, 6}, {3, 7}, {1, 5}, {2, 4}], [{8, 6}, {3, 7}, {2, 5}, {1, 4}], [{8, 6}, {3, 7}, {4, 5}, {1, 2}], [{8, 6}, {4, 7}, {1, 5}, {2, 3}], [{8, 6}, {4, 7}, {2, 5}, {1, 3}], [{8, 6}, {4, 7}, {3, 5}, {1, 2}], [{8, 6}, {5, 7}, {1, 4}, {2, 3}], [{8, 6}, {5, 7}, {2, 4}, {1, 3}], [{8, 6}, {5, 7}, {2, 4}, {3}, {1}], [{8, 6}, {5, 7}, {3, 4}, {1, 2}], [{8, 6}, {5, 7}, {3, 4}, {2}, {1}], [{8, 6}, {5, 7}, {4}, {2, 3}, {1}], [{8, 6}, {7}, {1, 5}, {3, 4}, {2}], [{8, 6}, {7}, {2, 5}, {3, 4}, {1}], [{8, 6}, {7}, {5}, {3, 4}, {1, 2}], [{8, 6}, {7}, {5}, {3, 4}, {2}, {1}], [{8, 7}, {1, 6}, {2, 5}, {3, 4}], [{8, 7}, {1, 6}, {3, 5}, {2, 4}], [{8, 7}, {1, 6}, {4, 5}, {2, 3}], [{8, 7}, {1, 6}, {5}, {2, 4}, {3}], [{8, 7}, {2, 6}, {1, 5}, {3, 4}], [{8, 7}, {2, 6}, {3, 5}, {1, 4}], [{8, 7}, {2, 6}, {4, 5}, {1, 3}], [{8, 7}, {2, 6}, {5}, {4}, {1, 3}], [{8, 7}, {3, 6}, {1, 5}, {2, 4}], [{8, 7}, {3, 6}, {2, 5}, {1, 4}], [{8, 7}, {3, 6}, {4, 5}, {1, 2}], [{8, 7}, {3, 6}, {5}, {2, 4}, {1}], [{8, 7}, {4, 6}, {1, 5}, {2, 3}], [{8, 7}, {4, 6}, {2, 5}, {1, 3}], [{8, 7}, {4, 6}, {3, 5}, {1, 2}], [{8, 7}, {4, 6}, {5}, {1, 3}, {2}], [{8, 7}, {5, 6}, {1, 4}, {2, 3}], [{8, 7}, {5, 6}, {2, 4}, {1, 3}], [{8, 7}, {5, 6}, {3, 4}, {1, 2}], [{8, 7}, {6}, {5}, {2, 4}, {1, 3}], [{8, 7}, {6}, {5}, {3, 4}, {1, 2}], [{8}, {1, 7}, {3, 6}, {2, 5}, {4}], [{8}, {1, 7}, {3, 6}, {4, 5}, {2}], [{8}, {1, 7}, {3, 6}, {5}, {2, 4}], [{8}, {1, 7}, {3, 6}, {5}, {4}, {2}], [{8}, {1, 7}, {4, 6}, {2, 5}, {3}], [{8}, {1, 7}, {6}, {2, 5}, {3, 4}], [{8}, {2, 7}, {4, 6}, {3, 5}, {1}], [{8}, {2, 7}, {5, 6}, {1, 4}, {3}], [{8}, {3, 7}, {2, 6}, {5}, {1, 4}], [{8}, {4, 7}, {2, 6}, {3, 5}, {1}], [{8}, {5, 7}, {1, 6}, {2, 4}, {3}], [{8}, {5, 7}, {1, 6}, {3, 4}, {2}], [{8}, {5, 7}, {1, 6}, {4}, {2, 3}], [{8}, {5, 7}, {4, 6}, {1, 3}, {2}], [{8}, {6, 7}, {2, 5}, {1, 4}, {3}], [{8}, {6, 7}, {3, 5}, {2, 4}, {1}], [{8}, {6, 7}, {5}, {3, 4}, {1, 2}]]",2,4 K_1^3 - 46 K_1^2 - 22 K_1 K_2 + 8 K_1 - 4 K_2^2 + 23 K_2 + 10 K_3 + 2 K_4 + 26,O1O2O3O4U1U5O6U7O5O7U4U6U8U3O8U2,O1O2O3O4U5U6O5U3O6O7U4U1U8U7O8U2,O1O2O3O4U3O5U6U5U4U1O6O7U2O8U7U8,c,{'O1O2O3O4U3O5U2U5U6U1O7O8U7O6U8U4'},1,"<a href=""/flatknot/8.733592"">8.733592</a>",t^9-28t^7-52t^6+56t^5+66t^4-14t^3-38t^2-14t-2,-t^3+t^2+t,,
8.733593,O1O2O3O4U3O5U2U5U6U7O8O7U1O6U4U8,4,2z^3+26z^2+105z+123,2w^4z^3+26w^3z^2+105w^2z+123w,False,False,"[[ 0 -1 -2 -1  2  1  0  1  0],[ 1  0 -1  0  2  1  1  1  0],[ 2  1  0  0  3  1  2  2  1],[ 1  0  0  0  1  0  1  1  1],[-2 -2 -3 -1  0  0 -2 -2 -1],[-1 -1 -1  0  0  0 -1 -1  0],[ 0 -1 -2 -1  2  1  0  1  1],[-1 -1 -2 -1  2  1 -1  0  0],[ 0  0 -1 -1  1  0 -1  0  0]]","[[ 0  2  1  1  0  0 -1 -1 -2],[-2  0  0 -2 -1 -2 -1 -2 -3],[-1  0  0 -1  0 -1  0 -1 -1],[-1  2  1  0  0 -1 -1 -1 -2],[ 0  1  0  0  0 -1 -1  0 -1],[ 0  2  1  1  1  0 -1 -1 -2],[ 1  1  0  1  1  1  0  0  0],[ 1  2  1  1  0  1  0  0 -1],[ 2  3  1  2  1  2  0  1  0]]",True,"[-2,-1,-1,0,0,1,1,2,0,2,1,2,1,2,3,1,0,1,0,1,1,0,1,1,1,2,1,1,0,1,1,1,2,0,0,1]","[-2,-1,-1,0,0,1,1,2,-1,1,0,1,1,2,1,1,0,1,1,1,1,0,1,1,2,2,1,0,0,0,1,0,1,0,0,1]",t^8+44t^6+91t^4+33t^2+1,"[-2,-1,-1,0,0,1,1,2,0,1,0,1,1,2,1,0,0,1,1,1,1,0,0,1,2,2,-1,0,0,0,1,1,1,-1,-1,1]","[-2,-1,-1,0,0,1,1,2,-1,1,0,1,1,2,1,1,0,1,1,1,1,0,1,1,2,2,1,0,0,0,1,0,1,0,0,1]","[-2,-1,-1,0,0,1,1,2,0,1,1,2,1,2,3,0,1,1,0,1,1,0,1,1,1,2,-1,0,0,1,1,1,2,-1,0,2]",c,"[[{8, 6}, {3, 7}, {1, 5}, {2, 4}]]",1,8 K_1^3 - 28 K_1^2 - 8 K_1 K_2 - 2 K_1 + 14 K_2 + 2 K_3 + 15,O1O2O3O4U5U1O6U4O7O5U7U6U8U3O8U2,O1O2O3O4U5U4O6U3O7O5U6U1U8U7O8U2,O1O2O3O4U3O5U6U5U4U7O8O6U2O7U1U8,c,{'O1O2O3O4U3O5U2U5U6U7O8O7U1O6U4U8'},1,"<a href=""/flatknot/8.733593"">8.733593</a>",t^9-44t^7-140t^6-77t^5+110t^4+76t^3-6t^2,0,,
8.733594,O1O2O3O4U3O5U2U5U6U7O8O7U1O6U8U4,4,2z^3+23z^2+102z+129,2w^4z^3+23w^3z^2+102w^2z+129w,False,False,"[[ 0 -1 -2 -1  3  1  0  1 -1],[ 1  0 -1  0  3  1  1  1 -1],[ 2  1  0  0  3  1  2  2  0],[ 1  0  0  0  1  0  1  1  0],[-3 -3 -3 -1  0  0 -2 -2 -2],[-1 -1 -1  0  0  0 -1 -1  0],[ 0 -1 -2 -1  2  1  0  1  0],[-1 -1 -2 -1  2  1 -1  0 -1],[ 1  1  0  0  2  0  0  1  0]]","[[ 0  3  0 -1 -2],[-3  0 -2 -2 -3],[ 0  2  0  0 -2],[ 1  2  0  0  0],[ 2  3  2  0  0]]",False,"[-3,0,1,2,2,2,3,0,2,0]","[-3,0,1,2,1,2,2,1,0,1]",t^4+21t^2+16,"[-2,-1,0,3,1,0,2,1,2,1]","[-3,0,1,2,1,2,2,1,0,1]","[-2,-1,0,3,0,2,3,0,2,2]",c,"[[{8, 1}, {3, 7}, {5, 6}, {2, 4}], [{8, 2}, {3, 7}, {4, 6}, {1, 5}], [{8, 2}, {3, 7}, {6}, {1, 5}, {4}], [{8, 4}, {3, 7}, {2, 6}, {1, 5}], [{8, 4}, {3, 7}, {6}, {1, 5}, {2}], [{8, 5}, {3, 7}, {1, 6}, {2, 4}], [{8, 5}, {3, 7}, {2, 6}, {1, 4}], [{8, 5}, {3, 7}, {4, 6}, {1, 2}], [{8, 6}, {3, 7}, {1, 5}, {2, 4}], [{8, 6}, {3, 7}, {5}, {2, 4}, {1}], [{8}, {3, 7}, {6}, {1, 5}, {2, 4}]]",1,16 K_1^3 + 4 K_1^2 K_2 - 32 K_1^2 - 34 K_1 K_2 - 6 K_1 K_3 + 5 K_1 - 2 K_2^2 + 17 K_2 + 13 K_3 + 3 K_4 + 17,O1O2O3O4U1U5O6U4O7O5U7U6U8U3O8U2,O1O2O3O4U5U4O6U3O5O7U6U1U8U7O8U2,O1O2O3O4U3O5U6U5U4U7O6O8U2O7U1U8,c,{'O1O2O3O4U3O5U2U5U6U7O8O7U1O6U8U4'},1,"<a href=""/flatknot/8.733594"">8.733594</a>",t^5-17t^3-24t^2+5t-8,-t^3+t^2+t,,
8.733595,O1O2O3O4U3O5U2U5U6U7O8O7U4O6U1U8,3,23z^2+91z+91,23w^3z^2+91w^2z+91w,False,False,"[[ 0 -1 -2 -1  2  1  0  1  0],[ 1  0 -2 -1  3  1  0  1  0],[ 2  2  0  0  3  1  1  2  1],[ 1  1  0  0  1  0  0  1  1],[-2 -3 -3 -1  0  0 -2 -2 -1],[-1 -1 -1  0  0  0 -1 -1  0],[ 0  0 -1  0  2  1  0  1  1],[-1 -1 -2 -1  2  1 -1  0  0],[ 0  0 -1 -1  1  0 -1  0  0]]","[[ 0  2  1  1  0  0 -1 -1 -2],[-2  0  0 -2 -1 -2 -1 -3 -3],[-1  0  0 -1  0 -1  0 -1 -1],[-1  2  1  0  0 -1 -1 -1 -2],[ 0  1  0  0  0 -1 -1  0 -1],[ 0  2  1  1  1  0  0  0 -1],[ 1  1  0  1  1  0  0  1  0],[ 1  3  1  1  0  0 -1  0 -2],[ 2  3  1  2  1  1  0  2  0]]",True,"[-2,-1,-1,0,0,1,1,2,0,2,1,2,1,3,3,1,0,1,0,1,1,0,1,1,1,2,1,1,0,1,0,0,1,-1,0,2]","[-2,-1,-1,0,0,1,1,2,-1,1,0,1,0,2,1,1,0,1,1,1,1,0,1,1,2,2,1,1,1,1,1,0,1,-1,-1,1]",t^8+48t^6+80t^4+16t^2,"[-2,-1,-1,0,0,1,1,2,-1,1,1,1,1,2,1,1,1,1,1,1,0,0,1,1,2,2,1,1,1,1,0,0,0,-1,-1,1]","[-2,-1,-1,0,0,1,1,2,-1,1,0,1,0,2,1,1,0,1,1,1,1,0,1,1,2,2,1,1,1,1,1,0,1,-1,-1,1]","[-2,-1,-1,0,0,1,1,2,0,2,1,1,1,2,3,1,0,1,0,1,1,0,0,1,1,3,1,1,1,2,0,0,1,-1,0,2]",c,"[[{8, 2}, {1, 7}, {4, 6}, {3, 5}], [{8, 2}, {1, 7}, {4, 6}, {5}, {3}], [{8, 4}, {1, 7}, {2, 6}, {3, 5}], [{8, 6}, {1, 7}, {3, 5}, {2, 4}], [{8, 6}, {3, 7}, {1, 5}, {2, 4}], [{8}, {3, 7}, {6}, {1, 5}, {2, 4}]]",1,28 K_1^3 + 8 K_1^2 K_2 - 20 K_1^2 - 28 K_1 K_2 - 8 K_1 K_3 - 7 K_1 + 10 K_2 + 7 K_3 + 2 K_4 + 9,O1O2O3O4U5U4O6U1O7O5U7U6U8U3O8U2,O1O2O3O4U5U4O6U3O7O5U7U1U8U6O8U2,O1O2O3O4U3O5U6U5U4U7O8O7U2O6U1U8,c,{'O1O2O3O4U3O5U2U5U6U7O8O7U4O6U1U8'},1,"<a href=""/flatknot/8.733595"">8.733595</a>",t^9-48t^7-144t^6+12t^5+284t^4+72t^3-132t^2-44t-8,0,,
8.733596,O1O2O3O4U3O5U2U6U1U4O6O7U5O8U7U8,4,8z^2+89z+147,8w^3z^2+89w^2z+147w,False,False,"[[ 0 -1 -2 -1  3  2 -2  0  1],[ 1  0  0  0  3  2  0  1  0],[ 2  0  0  0  2  2  1  1  0],[ 1  0  0  0  1  1  0  0  0],[-3 -3 -2 -1  0  0 -3  1  0],[-2 -2 -2 -1  0  0 -2  1  1],[ 2  0 -1  0  3  2  0  0  1],[ 0 -1 -1  0 -1 -1  0  0  1],[-1  0  0  0  0 -1 -1 -1  0]]","[[ 0  3  2  1  0 -1 -1 -2 -2],[-3  0  0  0  1 -1 -3 -2 -3],[-2  0  0  1  1 -1 -2 -2 -2],[-1  0 -1  0 -1  0  0  0 -1],[ 0 -1 -1  1  0  0 -1 -1  0],[ 1  1  1  0  0  0  0  0  0],[ 1  3  2  0  1  0  0  0  0],[ 2  2  2  0  1  0  0  0  1],[ 2  3  2  1  0  0  0 -1  0]]",True,"[-3,-2,-1,0,1,1,2,2,0,0,-1,1,3,2,3,-1,-1,1,2,2,2,1,0,0,0,1,0,1,1,0,0,0,0,0,0,-1]","[-3,-2,-1,0,1,1,2,2,0,0,-1,1,3,2,3,-1,-1,1,2,2,2,1,0,0,0,1,0,1,1,0,0,0,0,0,0,-1]",t^8+44t^6+158t^4+52t^2+1,"[-2,-2,-1,-1,0,1,2,3,-1,1,1,1,3,2,3,1,1,2,2,2,2,0,0,2,1,1,1,2,2,3,0,3,4,2,2,1]","[-3,-2,-1,0,1,1,2,2,1,2,4,1,3,2,3,2,3,1,2,2,2,0,2,2,2,3,0,1,2,1,0,1,1,1,1,-1]","[-2,-2,-1,-1,0,1,2,3,-1,0,0,0,1,2,3,0,0,1,0,2,2,0,0,0,1,1,1,0,2,3,1,-1,-1,-1,0,0]",c,"[[{8, 2}, {1, 7}, {4, 6}, {3, 5}], [{8, 2}, {1, 7}, {5, 6}, {3, 4}]]",1,12 K_1^3 + 4 K_1^2 K_2 - 42 K_1^2 - 22 K_1 K_2 - 4 K_1 K_3 + 2 K_1 + 21 K_2 + 8 K_3 + K_4 + 21,O1O2O3O4U5U6O5U7O6O8U1U4U8U3O7U2,O1O2O3O4U2U5O6U7O5O7U3U1U8U4O8U6,O1O2O3O4U5O6U1U6U4U2O7O8U7O5U8U3,c,{'O1O2O3O4U3O5U2U6U1U4O6O7U5O8U7U8'},1,"<a href=""/flatknot/8.733596"">8.733596</a>",t^9-40t^7-48t^6+135t^5+142t^4-115t^3-100t^2+5t+4,-t^3+t^2+t,,
8.733597,O1O2O3O4U3O5U2U6U1U7O6O7U4O8U5U8,4,20z^2+105z+131,20w^3z^2+105w^2z+131w,False,False,"[[ 0 -1 -2 -1  2  2 -2  1  1],[ 1  0  0  0  2  2  1  2  1],[ 2  0  0  0  2  2  2  2  1],[ 1  0  0  0  1  1  1  1  0],[-2 -2 -2 -1  0  1 -3 -1  1],[-2 -2 -2 -1 -1  0 -3 -1  1],[ 2 -1 -2 -1  3  3  0  2  1],[-1 -2 -2 -1  1  1 -2  0  1],[-1 -1 -1  0 -1 -1 -1 -1  0]]","[[ 0  2  2  1  1 -1 -1 -2 -2],[-2  0  1  1 -1 -1 -2 -2 -3],[-2 -1  0  1 -1 -1 -2 -2 -3],[-1 -1 -1  0 -1  0 -1 -1 -1],[-1  1  1  1  0 -1 -2 -2 -2],[ 1  1  1  0  1  0  0  0  1],[ 1  2  2  1  2  0  0  0  1],[ 2  2  2  1  2  0  0  0  2],[ 2  3  3  1  2 -1 -1 -2  0]]",True,"[-2,-2,-1,-1,1,1,2,2,-1,-1,1,1,2,2,3,-1,1,1,2,2,3,1,0,1,1,1,1,2,2,2,0,0,-1,0,-1,-2]","[-2,-2,-1,-1,1,1,2,2,-2,-1,-1,1,2,3,3,0,0,1,2,2,2,0,0,1,1,1,1,2,2,2,-1,-1,-1,1,1,-1]",t^8+64t^6+84t^4+20t^2+1,"[-2,-2,-1,-1,1,1,2,2,-2,1,1,1,2,2,2,2,2,1,2,1,1,0,0,1,1,1,1,2,2,2,-1,0,0,2,2,-1]","[-2,-2,-1,-1,1,1,2,2,-1,0,2,1,2,1,2,0,2,1,2,1,2,1,0,1,1,1,1,2,2,2,0,2,1,2,1,-2]","[-2,-2,-1,-1,1,1,2,2,-2,-1,-1,1,2,3,3,0,0,1,2,2,2,0,0,1,1,1,1,2,2,2,-1,-1,-1,1,1,-1]",c,"[[{8, 1}, {3, 7}, {4, 6}, {2, 5}], [{8, 3}, {1, 7}, {5, 6}, {2, 4}], [{8, 4}, {3, 7}, {1, 6}, {2, 5}], [{8, 4}, {5, 7}, {1, 6}, {2, 3}], [{8, 6}, {3, 7}, {2, 5}, {1, 4}]]",1,20 K_1^3 + 4 K_1^2 K_2 - 28 K_1^2 - 36 K_1 K_2 - 4 K_1 K_3 + 3 K_1 - 4 K_2^2 + 14 K_2 + 13 K_3 + 3 K_4 + 16,O1O2O3O4U5U6O5U1O7O8U7U4U8U3O6U2,O1O2O3O4U2U4O5U6O7O6U3U1U8U5O8U7,O1O2O3O4U5O6U7U6U4U2O8O5U8O7U1U3,c,{'O1O2O3O4U3O5U2U6U1U7O6O7U4O8U5U8'},1,"<a href=""/flatknot/8.733597"">8.733597</a>",t^9-64t^7-260t^6-318t^5+10t^4+314t^3+228t^2+33t-12,0,,
8.733598,O1O2O3O4U3O5U2U6U1U7O6O7U5O8U4U8,4,29z^2+112z+109,29w^3z^2+112w^2z+109w,False,False,"[[ 0 -1 -2 -1  2  2 -2  1  1],[ 1  0  0  0  3  1  1  2  1],[ 2  0  0  0  3  1  2  2  1],[ 1  0  0  0  1  0  1  1  1],[-2 -3 -3 -1  0  0 -3 -1  1],[-2 -1 -1  0  0  0 -3 -1  0],[ 2 -1 -2 -1  3  3  0  2  1],[-1 -2 -2 -1  1  1 -2  0  1],[-1 -1 -1 -1 -1  0 -1 -1  0]]","[[ 0  2  2  1  1 -1 -1 -2 -2],[-2  0  0  1 -1 -1 -3 -3 -3],[-2  0  0  0 -1  0 -1 -1 -3],[-1 -1  0  0 -1 -1 -1 -1 -1],[-1  1  1  1  0 -1 -2 -2 -2],[ 1  1  0  1  1  0  0  0  1],[ 1  3  1  1  2  0  0  0  1],[ 2  3  1  1  2  0  0  0  2],[ 2  3  3  1  2 -1 -1 -2  0]]",True,"[-2,-2,-1,-1,1,1,2,2,0,-1,1,1,3,3,3,0,1,0,1,1,3,1,1,1,1,1,1,2,2,2,0,0,-1,0,-1,-2]","[-2,-2,-1,-1,1,1,2,2,-2,-1,-1,1,2,3,3,0,0,1,2,1,3,0,1,1,0,1,1,2,1,3,-1,0,-1,1,1,0]",t^8+66t^6+212t^4+50t^2+1,"[-2,-2,-1,-1,1,1,2,2,-2,1,1,1,2,1,3,2,2,1,2,1,1,0,0,1,0,2,1,1,2,3,-1,0,0,2,1,0]","[-2,-2,-1,-1,1,1,2,2,0,0,1,2,3,1,3,0,2,0,2,1,1,1,0,1,1,1,1,1,2,2,0,2,1,2,1,-2]","[-2,-2,-1,-1,1,1,2,2,-2,-1,-1,1,2,3,3,0,0,1,2,1,3,0,1,1,0,1,1,2,1,3,-1,0,-1,1,1,0]",c,"[[{8, 1}, {3, 7}, {5, 6}, {2, 4}]]",1,16 K_1^3 + 8 K_1^2 K_2 - 12 K_1^2 - 12 K_1 K_2 - 8 K_1 K_3 - 6 K_1 + 6 K_2 + 2 K_3 + 2 K_4 + 5,O1O2O3O4U5U1O5U6O7O8U7U4U8U3O6U2,O1O2O3O4U2U4O5U6O7O6U3U1U8U7O8U5,O1O2O3O4U5O6U7U6U4U2O8O7U8O5U1U3,c,{'O1O2O3O4U3O5U2U6U1U7O6O7U5O8U4U8'},1,"<a href=""/flatknot/8.733598"">8.733598</a>",t^9-66t^7-218t^6-32t^5+376t^4+182t^3-204t^2-86t+20,0,,
8.733599,O1O2O3O4U3O5U2U6U1U7O6O8U4O7U5U8,4,z^3+18z^2+92z+121,w^4z^3+18w^3z^2+92w^2z+121w,False,False,"[[ 0 -1 -2 -1  2  2 -2  1  1],[ 1  0  0  0  2  2  1  1  2],[ 2  0  0  0  2  2  2  1  2],[ 1  0  0  0  1  1  1  0  1],[-2 -2 -2 -1  0  0 -2 -1  1],[-2 -2 -2 -1  0  0 -3 -1  0],[ 2 -1 -2 -1  2  3  0  2  2],[-1 -1 -1  0  1  1 -2  0  1],[-1 -2 -2 -1 -1  0 -2 -1  0]]","[[ 0  2  2  1  1 -1 -1 -2 -2],[-2  0  0  1 -1 -1 -2 -2 -2],[-2  0  0  0 -1 -1 -2 -2 -3],[-1 -1  0  0 -1 -1 -2 -2 -2],[-1  1  1  1  0  0 -1 -1 -2],[ 1  1  1  1  0  0  0  0  1],[ 1  2  2  2  1  0  0  0  1],[ 2  2  2  2  1  0  0  0  2],[ 2  2  3  2  2 -1 -1 -2  0]]",True,"[-2,-2,-1,-1,1,1,2,2,0,-1,1,1,2,2,2,0,1,1,2,2,3,1,1,2,2,2,0,1,1,2,0,0,-1,0,-1,-2]","[-2,-2,-1,-1,1,1,2,2,-2,-1,-1,2,2,2,3,0,0,1,2,2,2,0,0,1,1,1,1,2,2,2,1,1,1,-1,0,0]",t^8+60t^6+165t^4+39t^2+1,"[-2,-2,-1,-1,1,1,2,2,-2,1,1,1,2,2,2,2,2,1,1,1,2,0,0,1,1,1,1,2,2,2,1,1,2,0,0,0]","[-2,-2,-1,-1,1,1,2,2,0,0,1,1,2,1,2,0,2,1,2,2,2,1,1,2,1,2,0,1,1,1,0,2,1,2,1,-2]","[-2,-2,-1,-1,1,1,2,2,-2,-1,-1,2,2,2,3,0,0,1,2,2,2,0,0,1,1,1,1,2,2,2,1,1,1,-1,0,0]",c,"[[{8, 1}, {3, 7}, {5, 6}, {2, 4}]]",1,- 8 K_1^4 + 20 K_1^3 + 12 K_1^2 K_2 - 32 K_1^2 - 28 K_1 K_2 - 4 K_1 K_3 - K_1 - 2 K_2^2 + 16 K_2 + 9 K_3 + K_4 + 18,O1O2O3O4U5U6O7U1O5O8U7U4U8U3O6U2,O1O2O3O4U2U5O6U4O7O5U3U1U8U6O8U7,O1O2O3O4U5O6U7U6U4U2O8O5U1O7U8U3,c,{'O1O2O3O4U3O5U2U6U1U7O6O8U4O7U5U8'},1,"<a href=""/flatknot/8.733599"">8.733599</a>",t^9-60t^7-200t^6-109t^5+198t^4+199t^3-34t^2-52t+6,0,,
8.733600,O1O2O3O4U3O5U2U6U1U7O6O8U4O7U8U5,4,10z^2+95z+151,10w^3z^2+95w^2z+151w,False,False,"[[ 0 -1 -2 -1  2  3 -2  1  0],[ 1  0  0  0  2  2  1  1  1],[ 2  0  0  0  2  2  2  1  1],[ 1  0  0  0  1  1  1  0  1],[-2 -2 -2 -1  0  1 -2 -1  0],[-3 -2 -2 -1 -1  0 -4 -1 -1],[ 2 -1 -2 -1  2  4  0  2  1],[-1 -1 -1  0  1  1 -2  0  0],[ 0 -1 -1 -1  0  1 -1  0  0]]","[[ 0  3  2  1  0 -1 -1 -2 -2],[-3  0 -1 -1 -1 -1 -2 -2 -4],[-2  1  0 -1  0 -1 -2 -2 -2],[-1  1  1  0  0  0 -1 -1 -2],[ 0  1  0  0  0 -1 -1 -1 -1],[ 1  1  1  0  1  0  0  0  1],[ 1  2  2  1  1  0  0  0  1],[ 2  2  2  1  1  0  0  0  2],[ 2  4  2  2  1 -1 -1 -2  0]]",True,"[-3,-2,-1,0,1,1,2,2,1,1,1,1,2,2,4,1,0,1,2,2,2,0,0,1,1,2,1,1,1,1,0,0,-1,0,-1,-2]","[-3,-2,-1,0,1,1,2,2,0,1,2,2,3,1,3,0,2,1,2,2,2,1,1,2,1,2,0,0,1,1,0,2,1,2,1,-2]",t^8+58t^6+127t^4+20t^2,"[-2,-2,-1,-1,0,1,2,3,-2,1,1,1,2,2,3,2,2,1,1,2,1,0,0,1,1,2,0,2,2,3,1,2,2,0,1,0]","[-3,-2,-1,0,1,1,2,2,0,1,2,2,3,1,3,0,2,1,2,2,2,1,1,2,1,2,0,0,1,1,0,2,1,2,1,-2]","[-2,-2,-1,-1,0,1,2,3,-2,-1,-1,1,2,2,4,0,0,1,1,2,2,0,1,0,1,1,1,1,2,2,0,0,1,1,1,1]",c,"[[{8, 1}, {2, 7}, {3, 6}, {4, 5}], [{8, 1}, {2, 7}, {4, 6}, {3, 5}], [{8, 1}, {2, 7}, {5, 6}, {3, 4}], [{8, 1}, {3, 7}, {2, 6}, {4, 5}], [{8, 1}, {3, 7}, {2, 6}, {5}, {4}], [{8, 1}, {3, 7}, {4, 6}, {2, 5}], [{8, 1}, {3, 7}, {5, 6}, {2, 4}], [{8, 1}, {4, 7}, {2, 6}, {3, 5}], [{8, 1}, {4, 7}, {3, 6}, {2, 5}], [{8, 1}, {4, 7}, {5, 6}, {2, 3}], [{8, 1}, {4, 7}, {6}, {2, 5}, {3}], [{8, 1}, {4, 7}, {6}, {3, 5}, {2}], [{8, 1}, {4, 7}, {6}, {5}, {2, 3}], [{8, 1}, {5, 7}, {2, 6}, {3, 4}], [{8, 1}, {5, 7}, {3, 6}, {2, 4}], [{8, 1}, {5, 7}, {4, 6}, {2, 3}], [{8, 1}, {6, 7}, {2, 5}, {3, 4}], [{8, 1}, {6, 7}, {2, 5}, {4}, {3}], [{8, 1}, {6, 7}, {3, 5}, {2, 4}], [{8, 1}, {6, 7}, {3, 5}, {4}, {2}], [{8, 1}, {6, 7}, {4, 5}, {2, 3}], [{8, 1}, {6, 7}, {5}, {4}, {2, 3}], [{8, 1}, {7}, {4, 6}, {2, 5}, {3}], [{8, 1}, {7}, {4, 6}, {3, 5}, {2}], [{8, 1}, {7}, {4, 6}, {5}, {2, 3}], [{8, 1}, {7}, {5, 6}, {2, 4}, {3}], [{8, 2}, {1, 7}, {3, 6}, {4, 5}], [{8, 2}, {1, 7}, {4, 6}, {3, 5}], [{8, 2}, {1, 7}, {5, 6}, {3, 4}], [{8, 2}, {3, 7}, {1, 6}, {4, 5}], [{8, 2}, {3, 7}, {4, 6}, {1, 5}], [{8, 2}, {3, 7}, {5, 6}, {1, 4}], [{8, 2}, {3, 7}, {6}, {1, 5}, {4}], [{8, 2}, {4, 7}, {1, 6}, {3, 5}], [{8, 2}, {4, 7}, {1, 6}, {5}, {3}], [{8, 2}, {4, 7}, {3, 6}, {1, 5}], [{8, 2}, {4, 7}, {5, 6}, {1, 3}], [{8, 2}, {4, 7}, {5, 6}, {3}, {1}], [{8, 2}, {4, 7}, {6}, {1, 5}, {3}], [{8, 2}, {5, 7}, {1, 6}, {3, 4}], [{8, 2}, {5, 7}, {3, 6}, {1, 4}], [{8, 2}, {5, 7}, {4, 6}, {1, 3}], [{8, 2}, {5, 7}, {4, 6}, {3}, {1}], [{8, 2}, {6, 7}, {1, 5}, {3, 4}], [{8, 2}, {6, 7}, {3, 5}, {1, 4}], [{8, 2}, {6, 7}, {4, 5}, {1, 3}], [{8, 2}, {7}, {4, 6}, {5}, {1, 3}], [{8, 2}, {7}, {6}, {1, 5}, {3, 4}], [{8, 3}, {1, 7}, {2, 6}, {4, 5}], [{8, 3}, {1, 7}, {4, 6}, {2, 5}], [{8, 3}, {1, 7}, {5, 6}, {2, 4}], [{8, 3}, {1, 7}, {6}, {2, 5}, {4}], [{8, 3}, {2, 7}, {1, 6}, {4, 5}], [{8, 3}, {2, 7}, {4, 6}, {1, 5}], [{8, 3}, {2, 7}, {4, 6}, {5}, {1}], [{8, 3}, {2, 7}, {5, 6}, {1, 4}], [{8, 3}, {4, 7}, {1, 6}, {2, 5}], [{8, 3}, {4, 7}, {1, 6}, {5}, {2}], [{8, 3}, {4, 7}, {2, 6}, {1, 5}], [{8, 3}, {4, 7}, {5, 6}, {1, 2}], [{8, 3}, {4, 7}, {5, 6}, {2}, {1}], [{8, 3}, {4, 7}, {6}, {1, 5}, {2}], [{8, 3}, {5, 7}, {1, 6}, {2, 4}], [{8, 3}, {5, 7}, {2, 6}, {1, 4}], [{8, 3}, {5, 7}, {4, 6}, {1, 2}], [{8, 3}, {6, 7}, {1, 5}, {2, 4}], [{8, 3}, {6, 7}, {2, 5}, {1, 4}], [{8, 3}, {6, 7}, {4, 5}, {1, 2}], [{8, 3}, {7}, {2, 6}, {1, 5}, {4}], [{8, 4}, {1, 7}, {2, 6}, {3, 5}], [{8, 4}, {1, 7}, {3, 6}, {2, 5}], [{8, 4}, {1, 7}, {5, 6}, {2, 3}], [{8, 4}, {2, 7}, {1, 6}, {3, 5}], [{8, 4}, {2, 7}, {1, 6}, {5}, {3}], [{8, 4}, {2, 7}, {3, 6}, {1, 5}], [{8, 4}, {2, 7}, {5, 6}, {1, 3}], [{8, 4}, {2, 7}, {6}, {3, 5}, {1}], [{8, 4}, {3, 7}, {1, 6}, {2, 5}], [{8, 4}, {3, 7}, {1, 6}, {5}, {2}], [{8, 4}, {3, 7}, {2, 6}, {1, 5}], [{8, 4}, {3, 7}, {5, 6}, {1, 2}], [{8, 4}, {5, 7}, {1, 6}, {2, 3}], [{8, 4}, {5, 7}, {1, 6}, {3}, {2}], [{8, 4}, {5, 7}, {2, 6}, {1, 3}], [{8, 4}, {5, 7}, {3, 6}, {1, 2}], [{8, 4}, {5, 7}, {3, 6}, {2}, {1}], [{8, 4}, {5, 7}, {6}, {1, 3}, {2}], [{8, 4}, {6, 7}, {1, 5}, {2, 3}], [{8, 4}, {6, 7}, {2, 5}, {1, 3}], [{8, 4}, {6, 7}, {3, 5}, {1, 2}], [{8, 4}, {7}, {1, 6}, {2, 5}, {3}], [{8, 4}, {7}, {1, 6}, {3, 5}, {2}], [{8, 4}, {7}, {1, 6}, {5}, {2, 3}], [{8, 4}, {7}, {1, 6}, {5}, {3}, {2}], [{8, 5}, {1, 7}, {2, 6}, {3, 4}], [{8, 5}, {1, 7}, {3, 6}, {2, 4}], [{8, 5}, {1, 7}, {4, 6}, {2, 3}], [{8, 5}, {2, 7}, {1, 6}, {3, 4}], [{8, 5}, {2, 7}, {3, 6}, {1, 4}], [{8, 5}, {2, 7}, {4, 6}, {1, 3}], [{8, 5}, {3, 7}, {1, 6}, {2, 4}], [{8, 5}, {3, 7}, {2, 6}, {1, 4}], [{8, 5}, {3, 7}, {4, 6}, {1, 2}], [{8, 5}, {3, 7}, {4, 6}, {2}, {1}], [{8, 5}, {4, 7}, {1, 6}, {2, 3}], [{8, 5}, {4, 7}, {1, 6}, {3}, {2}], [{8, 5}, {4, 7}, {2, 6}, {1, 3}], [{8, 5}, {4, 7}, {3, 6}, {1, 2}], [{8, 5}, {4, 7}, {6}, {2, 3}, {1}], [{8, 5}, {6, 7}, {1, 4}, {2, 3}], [{8, 5}, {6, 7}, {2, 4}, {1, 3}], [{8, 5}, {6, 7}, {3, 4}, {1, 2}], [{8, 5}, {6, 7}, {3, 4}, {2}, {1}], [{8, 5}, {7}, {3, 6}, {4}, {1, 2}], [{8, 6}, {1, 7}, {2, 5}, {3, 4}], [{8, 6}, {1, 7}, {3, 5}, {2, 4}], [{8, 6}, {1, 7}, {4, 5}, {2, 3}], [{8, 6}, {2, 7}, {1, 5}, {3, 4}], [{8, 6}, {2, 7}, {3, 5}, {1, 4}], [{8, 6}, {2, 7}, {4, 5}, {1, 3}], [{8, 6}, {3, 7}, {1, 5}, {2, 4}], [{8, 6}, {3, 7}, {2, 5}, {1, 4}], [{8, 6}, {3, 7}, {4, 5}, {1, 2}], [{8, 6}, {3, 7}, {5}, {1, 4}, {2}], [{8, 6}, {4, 7}, {1, 5}, {2, 3}], [{8, 6}, {4, 7}, {2, 5}, {1, 3}], [{8, 6}, {4, 7}, {2, 5}, {3}, {1}], [{8, 6}, {4, 7}, {3, 5}, {1, 2}], [{8, 6}, {4, 7}, {3, 5}, {2}, {1}], [{8, 6}, {4, 7}, {5}, {2, 3}, {1}], [{8, 6}, {5, 7}, {1, 4}, {2, 3}], [{8, 6}, {5, 7}, {2, 4}, {1, 3}], [{8, 6}, {5, 7}, {3, 4}, {1, 2}], [{8, 6}, {7}, {1, 5}, {2, 4}, {3}], [{8, 6}, {7}, {2, 5}, {4}, {1, 3}], [{8, 7}, {1, 6}, {2, 5}, {3, 4}], [{8, 7}, {1, 6}, {2, 5}, {4}, {3}], [{8, 7}, {1, 6}, {3, 5}, {2, 4}], [{8, 7}, {1, 6}, {3, 5}, {4}, {2}], [{8, 7}, {1, 6}, {4, 5}, {2, 3}], [{8, 7}, {1, 6}, {4, 5}, {3}, {2}], [{8, 7}, {1, 6}, {5}, {2, 4}, {3}], [{8, 7}, {1, 6}, {5}, {3, 4}, {2}], [{8, 7}, {1, 6}, {5}, {4}, {2, 3}], [{8, 7}, {1, 6}, {5}, {4}, {3}, {2}], [{8, 7}, {2, 6}, {1, 5}, {3, 4}], [{8, 7}, {2, 6}, {3, 5}, {1, 4}], [{8, 7}, {2, 6}, {4, 5}, {1, 3}], [{8, 7}, {3, 6}, {1, 5}, {2, 4}], [{8, 7}, {3, 6}, {2, 5}, {1, 4}], [{8, 7}, {3, 6}, {4, 5}, {1, 2}], [{8, 7}, {4, 6}, {1, 5}, {2, 3}], [{8, 7}, {4, 6}, {1, 5}, {3}, {2}], [{8, 7}, {4, 6}, {2, 5}, {1, 3}], [{8, 7}, {4, 6}, {3, 5}, {1, 2}], [{8, 7}, {5, 6}, {1, 4}, {2, 3}], [{8, 7}, {5, 6}, {1, 4}, {3}, {2}], [{8, 7}, {5, 6}, {2, 4}, {1, 3}], [{8, 7}, {5, 6}, {3, 4}, {1, 2}], [{8, 7}, {6}, {2, 5}, {3, 4}, {1}], [{8}, {2, 7}, {3, 6}, {5}, {1, 4}], [{8}, {4, 7}, {1, 6}, {2, 5}, {3}], [{8}, {4, 7}, {1, 6}, {3, 5}, {2}], [{8}, {4, 7}, {1, 6}, {5}, {2, 3}], [{8}, {4, 7}, {1, 6}, {5}, {3}, {2}], [{8}, {4, 7}, {2, 6}, {5}, {1, 3}], [{8}, {4, 7}, {3, 6}, {5}, {1, 2}], [{8}, {4, 7}, {5, 6}, {2, 3}, {1}], [{8}, {4, 7}, {6}, {1, 5}, {2, 3}], [{8}, {4, 7}, {6}, {5}, {2, 3}, {1}]]",2,- 34 K_1^2 - 18 K_1 K_2 + 9 K_1 - 4 K_2^2 + 17 K_2 + 9 K_3 + 2 K_4 + 20,O1O2O3O4U5U6O7U1O6O8U7U4U8U3O5U2,O1O2O3O4U2U5O6U4O5O7U3U1U8U6O8U7,O1O2O3O4U5O6U7U6U4U2O5O8U1O7U8U3,c,{'O1O2O3O4U3O5U2U6U1U7O6O8U4O7U8U5'},1,"<a href=""/flatknot/8.733600"">8.733600</a>",t^9-54t^7-200t^6-190t^5+34t^4+127t^3+2t^2-43t-10,-t^3+t^2+t,,
8.733601,O1O2O3O4U3O5U2U6U1U7O6O8U5O7U4U8,3,9z^2+78z+121,-2w^4z^2+11w^3z^2-6w^3z+84w^2z+121w,False,False,"[[ 0 -1 -2 -1  2  2 -2  1  1],[ 1  0  0  0  3  1  1  1  2],[ 2  0  0  0  3  1  2  1  2],[ 1  0  0  0  1  0  1  1  1],[-2 -3 -3 -1  0  1 -3 -2  1],[-2 -1 -1  0 -1  0 -2 -1  0],[ 2 -1 -2 -1  3  2  0  2  2],[-1 -1 -1 -1  2  1 -2  0  1],[-1 -2 -2 -1 -1  0 -2 -1  0]]","[[ 0  2  2  1  1 -1 -1 -2 -2],[-2  0  1  1 -2 -1 -3 -3 -3],[-2 -1  0  0 -1  0 -1 -1 -2],[-1 -1  0  0 -1 -1 -2 -2 -2],[-1  2  1  1  0 -1 -1 -1 -2],[ 1  1  0  1  1  0  0  0  1],[ 1  3  1  2  1  0  0  0  1],[ 2  3  1  2  1  0  0  0  2],[ 2  3  2  2  2 -1 -1 -2  0]]",True,"[-2,-2,-1,-1,1,1,2,2,-1,-1,2,1,3,3,3,0,1,0,1,1,2,1,1,2,2,2,1,1,1,2,0,0,-1,0,-1,-2]","[-2,-2,-1,-1,1,1,2,2,-2,-1,-1,2,2,2,3,0,0,1,2,1,3,0,1,1,0,1,1,2,1,3,1,1,2,0,-1,-1]",t^8+68t^6+212t^4+84t^2,"[-2,-2,-1,-1,1,1,2,2,-2,1,1,1,2,1,3,2,2,1,1,1,2,0,0,1,0,2,1,1,2,3,1,2,1,-1,0,-1]","[-2,-2,-1,-1,1,1,2,2,-1,0,1,2,3,2,3,-1,2,0,2,1,1,1,1,1,1,2,0,1,1,1,0,2,1,2,1,-2]","[-2,-2,-1,-1,1,1,2,2,-2,-1,-1,2,2,2,3,0,0,1,2,1,3,0,1,1,0,1,1,2,1,3,1,1,2,0,-1,-1]",c,"[[{8, 1}, {3, 7}, {4, 6}, {2, 5}]]",1,12 K_1^3 + 8 K_1^2 K_2 - 32 K_1^2 - 20 K_1 K_2 - 8 K_1 K_3 + K_1 + 16 K_2 + 7 K_3 + 2 K_4 + 15,O1O2O3O4U5U1O6U7O5O8U6U4U8U3O7U2,O1O2O3O4U2U5O6U4O7O5U3U1U8U7O8U6,O1O2O3O4U5O6U7U6U4U2O8O7U1O5U8U3,c,{'O1O2O3O4U3O5U2U6U1U7O6O8U5O7U4U8'},1,"<a href=""/flatknot/8.733601"">8.733601</a>",t^9-68t^7-266t^6-272t^5+24t^4-48t^3-160t^2+16t,0,,
8.733602,O1O2O3O4U3O5U2U6U1U7O6O8U5O7U8U4,4,17z^2+102z+137,17w^3z^2+102w^2z+137w,False,False,"[[ 0 -1 -2 -1  3  2 -2  1  0],[ 1  0  0  0  3  1  1  1  1],[ 2  0  0  0  3  1  2  1  1],[ 1  0  0  0  1  0  1  1  0],[-3 -3 -3 -1  0  0 -4 -2  0],[-2 -1 -1  0  0  0 -2 -1  0],[ 2 -1 -2 -1  4  2  0  2  1],[-1 -1 -1 -1  2  1 -2  0  0],[ 0 -1 -1  0  0  0 -1  0  0]]","[[ 0  3  2  1  0 -1 -1 -2 -2],[-3  0  0 -2  0 -1 -3 -3 -4],[-2  0  0 -1  0  0 -1 -1 -2],[-1  2  1  0  0 -1 -1 -1 -2],[ 0  0  0  0  0  0 -1 -1 -1],[ 1  1  0  1  0  0  0  0  1],[ 1  3  1  1  1  0  0  0  1],[ 2  3  1  1  1  0  0  0  2],[ 2  4  2  2  1 -1 -1 -2  0]]",True,"[-3,-2,-1,0,1,1,2,2,0,2,0,1,3,3,4,1,0,0,1,1,2,0,1,1,1,2,0,1,1,1,0,0,-1,0,-1,-2]","[-3,-2,-1,0,1,1,2,2,0,2,0,1,3,3,4,1,0,0,1,1,2,0,1,1,1,2,0,1,1,1,0,0,-1,0,-1,-2]",t^8+62t^6+134t^4+42t^2+1,"[-2,-2,-1,-1,0,1,2,3,-2,1,1,1,2,3,2,2,2,1,1,2,1,0,0,1,2,1,1,1,3,3,1,2,3,0,0,1]","[-3,-2,-1,0,1,1,2,2,1,0,3,1,3,1,2,0,2,2,3,2,3,1,1,1,1,2,0,1,1,1,0,2,1,2,1,-2]","[-2,-2,-1,-1,0,1,2,3,-2,-1,-1,1,2,2,4,0,0,1,1,1,3,0,0,1,0,1,1,1,1,3,0,0,0,1,2,0]",c,"[[{8, 1}, {2, 7}, {3, 6}, {4, 5}], [{8, 1}, {2, 7}, {4, 6}, {3, 5}], [{8, 1}, {2, 7}, {5, 6}, {3, 4}], [{8, 1}, {3, 7}, {2, 6}, {4, 5}], [{8, 1}, {3, 7}, {4, 6}, {2, 5}], [{8, 1}, {3, 7}, {5, 6}, {2, 4}], [{8, 1}, {3, 7}, {6}, {5}, {2, 4}], [{8, 1}, {4, 7}, {2, 6}, {3, 5}], [{8, 1}, {4, 7}, {3, 6}, {2, 5}], [{8, 1}, {4, 7}, {5, 6}, {2, 3}], [{8, 1}, {4, 7}, {6}, {3, 5}, {2}], [{8, 1}, {5, 7}, {2, 6}, {3, 4}], [{8, 1}, {5, 7}, {3, 6}, {2, 4}], [{8, 1}, {5, 7}, {4, 6}, {2, 3}], [{8, 1}, {6, 7}, {2, 5}, {3, 4}], [{8, 1}, {6, 7}, {3, 5}, {2, 4}], [{8, 1}, {6, 7}, {3, 5}, {4}, {2}], [{8, 1}, {6, 7}, {4, 5}, {2, 3}], [{8, 1}, {7}, {3, 6}, {2, 5}, {4}], [{8, 1}, {7}, {4, 6}, {2, 5}, {3}], [{8, 1}, {7}, {4, 6}, {3, 5}, {2}], [{8, 1}, {7}, {4, 6}, {5}, {2, 3}], [{8, 1}, {7}, {5, 6}, {2, 4}, {3}], [{8, 1}, {7}, {6}, {2, 5}, {3, 4}], [{8, 2}, {1, 7}, {3, 6}, {4, 5}], [{8, 2}, {1, 7}, {4, 6}, {3, 5}], [{8, 2}, {1, 7}, {5, 6}, {3, 4}], [{8, 2}, {1, 7}, {6}, {5}, {3, 4}], [{8, 2}, {3, 7}, {1, 6}, {4, 5}], [{8, 2}, {3, 7}, {4, 6}, {1, 5}], [{8, 2}, {3, 7}, {5, 6}, {1, 4}], [{8, 2}, {3, 7}, {6}, {5}, {1, 4}], [{8, 2}, {4, 7}, {1, 6}, {3, 5}], [{8, 2}, {4, 7}, {3, 6}, {1, 5}], [{8, 2}, {4, 7}, {5, 6}, {1, 3}], [{8, 2}, {4, 7}, {6}, {5}, {1, 3}], [{8, 2}, {5, 7}, {1, 6}, {3, 4}], [{8, 2}, {5, 7}, {3, 6}, {1, 4}], [{8, 2}, {5, 7}, {4, 6}, {1, 3}], [{8, 2}, {6, 7}, {1, 5}, {3, 4}], [{8, 2}, {6, 7}, {3, 5}, {1, 4}], [{8, 2}, {6, 7}, {4, 5}, {1, 3}], [{8, 2}, {7}, {4, 6}, {3, 5}, {1}], [{8, 2}, {7}, {5, 6}, {1, 4}, {3}], [{8, 3}, {1, 7}, {2, 6}, {4, 5}], [{8, 3}, {1, 7}, {4, 6}, {2, 5}], [{8, 3}, {1, 7}, {5, 6}, {2, 4}], [{8, 3}, {2, 7}, {1, 6}, {4, 5}], [{8, 3}, {2, 7}, {4, 6}, {1, 5}], [{8, 3}, {2, 7}, {5, 6}, {1, 4}], [{8, 3}, {4, 7}, {1, 6}, {2, 5}], [{8, 3}, {4, 7}, {2, 6}, {1, 5}], [{8, 3}, {4, 7}, {5, 6}, {1, 2}], [{8, 3}, {5, 7}, {1, 6}, {2, 4}], [{8, 3}, {5, 7}, {2, 6}, {1, 4}], [{8, 3}, {5, 7}, {4, 6}, {1, 2}], [{8, 3}, {6, 7}, {1, 5}, {2, 4}], [{8, 3}, {6, 7}, {2, 5}, {1, 4}], [{8, 3}, {6, 7}, {4, 5}, {1, 2}], [{8, 3}, {7}, {4, 6}, {2, 5}, {1}], [{8, 4}, {1, 7}, {2, 6}, {3, 5}], [{8, 4}, {1, 7}, {3, 6}, {2, 5}], [{8, 4}, {1, 7}, {5, 6}, {2, 3}], [{8, 4}, {2, 7}, {1, 6}, {3, 5}], [{8, 4}, {2, 7}, {3, 6}, {1, 5}], [{8, 4}, {2, 7}, {5, 6}, {1, 3}], [{8, 4}, {3, 7}, {1, 6}, {2, 5}], [{8, 4}, {3, 7}, {2, 6}, {1, 5}], [{8, 4}, {3, 7}, {2, 6}, {5}, {1}], [{8, 4}, {3, 7}, {5, 6}, {1, 2}], [{8, 4}, {5, 7}, {1, 6}, {2, 3}], [{8, 4}, {5, 7}, {1, 6}, {3}, {2}], [{8, 4}, {5, 7}, {2, 6}, {1, 3}], [{8, 4}, {5, 7}, {3, 6}, {1, 2}], [{8, 4}, {6, 7}, {1, 5}, {2, 3}], [{8, 4}, {6, 7}, {2, 5}, {1, 3}], [{8, 4}, {6, 7}, {2, 5}, {3}, {1}], [{8, 4}, {6, 7}, {3, 5}, {1, 2}], [{8, 4}, {7}, {1, 6}, {5}, {2, 3}], [{8, 4}, {7}, {5, 6}, {2, 3}, {1}], [{8, 4}, {7}, {6}, {1, 5}, {2, 3}], [{8, 5}, {1, 7}, {2, 6}, {3, 4}], [{8, 5}, {1, 7}, {3, 6}, {2, 4}], [{8, 5}, {1, 7}, {4, 6}, {2, 3}], [{8, 5}, {2, 7}, {1, 6}, {3, 4}], [{8, 5}, {2, 7}, {3, 6}, {1, 4}], [{8, 5}, {2, 7}, {4, 6}, {1, 3}], [{8, 5}, {2, 7}, {6}, {3, 4}, {1}], [{8, 5}, {3, 7}, {1, 6}, {2, 4}], [{8, 5}, {3, 7}, {1, 6}, {4}, {2}], [{8, 5}, {3, 7}, {2, 6}, {1, 4}], [{8, 5}, {3, 7}, {4, 6}, {1, 2}], [{8, 5}, {4, 7}, {1, 6}, {2, 3}], [{8, 5}, {4, 7}, {1, 6}, {3}, {2}], [{8, 5}, {4, 7}, {2, 6}, {1, 3}], [{8, 5}, {4, 7}, {3, 6}, {1, 2}], [{8, 5}, {6, 7}, {1, 4}, {2, 3}], [{8, 5}, {6, 7}, {2, 4}, {1, 3}], [{8, 5}, {6, 7}, {2, 4}, {3}, {1}], [{8, 5}, {6, 7}, {3, 4}, {1, 2}], [{8, 5}, {6, 7}, {4}, {1, 3}, {2}], [{8, 5}, {7}, {1, 6}, {3, 4}, {2}], [{8, 5}, {7}, {2, 6}, {1, 4}, {3}], [{8, 5}, {7}, {3, 6}, {1, 4}, {2}], [{8, 5}, {7}, {6}, {1, 4}, {2, 3}], [{8, 6}, {1, 7}, {2, 5}, {3, 4}], [{8, 6}, {1, 7}, {3, 5}, {2, 4}], [{8, 6}, {1, 7}, {4, 5}, {2, 3}], [{8, 6}, {1, 7}, {5}, {4}, {2, 3}], [{8, 6}, {2, 7}, {1, 5}, {3, 4}], [{8, 6}, {2, 7}, {3, 5}, {1, 4}], [{8, 6}, {2, 7}, {4, 5}, {1, 3}], [{8, 6}, {3, 7}, {1, 5}, {2, 4}], [{8, 6}, {3, 7}, {2, 5}, {1, 4}], [{8, 6}, {3, 7}, {2, 5}, {4}, {1}], [{8, 6}, {3, 7}, {4, 5}, {1, 2}], [{8, 6}, {4, 7}, {1, 5}, {2, 3}], [{8, 6}, {4, 7}, {2, 5}, {1, 3}], [{8, 6}, {4, 7}, {3, 5}, {1, 2}], [{8, 6}, {5, 7}, {1, 4}, {2, 3}], [{8, 6}, {5, 7}, {1, 4}, {3}, {2}], [{8, 6}, {5, 7}, {2, 4}, {1, 3}], [{8, 6}, {5, 7}, {3, 4}, {1, 2}], [{8, 6}, {7}, {1, 5}, {2, 4}, {3}], [{8, 7}, {1, 6}, {2, 5}, {3, 4}], [{8, 7}, {1, 6}, {3, 5}, {2, 4}], [{8, 7}, {1, 6}, {4, 5}, {2, 3}], [{8, 7}, {1, 6}, {5}, {2, 4}, {3}], [{8, 7}, {2, 6}, {1, 5}, {3, 4}], [{8, 7}, {2, 6}, {1, 5}, {4}, {3}], [{8, 7}, {2, 6}, {3, 5}, {1, 4}], [{8, 7}, {2, 6}, {4, 5}, {1, 3}], [{8, 7}, {2, 6}, {5}, {3, 4}, {1}], [{8, 7}, {3, 6}, {1, 5}, {2, 4}], [{8, 7}, {3, 6}, {2, 5}, {1, 4}], [{8, 7}, {3, 6}, {4, 5}, {1, 2}], [{8, 7}, {4, 6}, {1, 5}, {2, 3}], [{8, 7}, {4, 6}, {2, 5}, {1, 3}], [{8, 7}, {4, 6}, {3, 5}, {1, 2}], [{8, 7}, {5, 6}, {1, 4}, {2, 3}], [{8, 7}, {5, 6}, {1, 4}, {3}, {2}], [{8, 7}, {5, 6}, {2, 4}, {1, 3}], [{8, 7}, {5, 6}, {3, 4}, {1, 2}], [{8}, {2, 7}, {1, 6}, {4, 5}, {3}], [{8}, {2, 7}, {3, 6}, {5}, {1, 4}], [{8}, {2, 7}, {4, 6}, {5}, {1, 3}], [{8}, {2, 7}, {5, 6}, {1, 4}, {3}], [{8}, {2, 7}, {6}, {3, 5}, {1, 4}], [{8}, {4, 7}, {5, 6}, {3}, {1, 2}], [{8}, {5, 7}, {3, 6}, {4}, {1, 2}], [{8}, {5, 7}, {4, 6}, {1, 3}, {2}], [{8}, {6, 7}, {5}, {1, 4}, {2, 3}], [{8}, {6, 7}, {5}, {2, 4}, {1, 3}], [{8}, {7}, {2, 6}, {1, 5}, {3, 4}], [{8}, {7}, {4, 6}, {2, 5}, {1, 3}], [{8}, {7}, {4, 6}, {3, 5}, {1, 2}]]",2,28 K_1^3 + 4 K_1^2 K_2 - 30 K_1^2 - 26 K_1 K_2 - 4 K_1 K_3 - 8 K_1 + 15 K_2 + 6 K_3 + K_4 + 15,O1O2O3O4U1U5O6U7O5O8U6U4U8U3O7U2,O1O2O3O4U2U5O6U4O5O7U3U1U8U7O8U6,O1O2O3O4U5O6U7U6U4U2O7O8U1O5U8U3,c,{'O1O2O3O4U3O5U2U6U1U7O6O8U5O7U8U4'},1,"<a href=""/flatknot/8.733602"">8.733602</a>",t^9-58t^7-194t^6-123t^5+62t^4-51t^3+60t^2+11t,-t^3+t^2+t,,
8.733603,O1O2O3O4U3O5U2U6U4U7O6O8U1O7U8U5,4,13z^2+98z+145,13w^3z^2+98w^2z+145w,False,False,"[[ 0 -1 -2 -1  2  3 -2  1  0],[ 1  0 -1 -1  3  3  0  2  0],[ 2  1  0  0  2  2  1  2  0],[ 1  1  0  0  1  1  0  1  0],[-2 -3 -2 -1  0  0 -2 -1  0],[-3 -3 -2 -1  0  0 -4 -1 -1],[ 2  0 -1  0  2  4  0  2  1],[-1 -2 -2 -1  1  1 -2  0  0],[ 0  0  0  0  0  1 -1  0  0]]","[[ 0  3  2  1  0 -1 -1 -2 -2],[-3  0  0 -1 -1 -1 -3 -2 -4],[-2  0  0 -1  0 -1 -3 -2 -2],[-1  1  1  0  0 -1 -2 -2 -2],[ 0  1  0  0  0  0  0  0 -1],[ 1  1  1  1  0  0  1  0  0],[ 1  3  3  2  0 -1  0 -1  0],[ 2  2  2  2  0  0  1  0  1],[ 2  4  2  2  1  0  0 -1  0]]",True,"[-3,-2,-1,0,1,1,2,2,0,1,1,1,3,2,4,1,0,1,3,2,2,0,1,2,2,2,0,0,0,1,-1,0,0,1,0,-1]","[-3,-2,-1,0,1,1,2,2,0,1,1,1,3,2,4,1,0,1,3,2,2,0,1,2,2,2,0,0,0,1,-1,0,0,1,0,-1]",t^8+68t^6+193t^4+39t^2,"[-2,-2,-1,-1,0,1,2,3,-1,0,1,2,1,2,3,1,1,1,1,2,1,1,1,0,0,1,1,1,2,3,1,2,2,0,1,1]","[-3,-2,-1,0,1,1,2,2,1,1,2,1,3,1,3,0,2,0,2,2,2,1,0,1,1,1,1,1,1,2,-1,1,0,1,1,-1]","[-2,-2,-1,-1,0,1,2,3,-1,0,0,1,2,2,4,0,1,0,2,2,2,1,0,1,1,1,0,2,3,3,0,0,1,1,1,0]",c,"[[{8, 1}, {2, 7}, {3, 6}, {4, 5}], [{8, 1}, {2, 7}, {4, 6}, {3, 5}], [{8, 1}, {2, 7}, {5, 6}, {3, 4}], [{8, 1}, {3, 7}, {2, 6}, {4, 5}], [{8, 1}, {3, 7}, {4, 6}, {2, 5}], [{8, 1}, {3, 7}, {5, 6}, {2, 4}], [{8, 1}, {4, 7}, {2, 6}, {3, 5}], [{8, 1}, {4, 7}, {3, 6}, {2, 5}], [{8, 1}, {4, 7}, {5, 6}, {2, 3}], [{8, 1}, {5, 7}, {2, 6}, {3, 4}], [{8, 1}, {5, 7}, {3, 6}, {2, 4}], [{8, 1}, {5, 7}, {4, 6}, {2, 3}], [{8, 1}, {6, 7}, {2, 5}, {3, 4}], [{8, 1}, {6, 7}, {3, 5}, {2, 4}], [{8, 1}, {6, 7}, {4, 5}, {2, 3}], [{8, 1}, {7}, {2, 6}, {5}, {3, 4}], [{8, 1}, {7}, {3, 6}, {4, 5}, {2}], [{8, 1}, {7}, {5, 6}, {3, 4}, {2}], [{8, 1}, {7}, {6}, {2, 5}, {3, 4}], [{8, 1}, {7}, {6}, {3, 5}, {2, 4}], [{8, 2}, {1, 7}, {3, 6}, {4, 5}], [{8, 2}, {1, 7}, {4, 6}, {3, 5}], [{8, 2}, {1, 7}, {5, 6}, {3, 4}], [{8, 2}, {1, 7}, {6}, {4, 5}, {3}], [{8, 2}, {3, 7}, {1, 6}, {4, 5}], [{8, 2}, {3, 7}, {4, 6}, {1, 5}], [{8, 2}, {3, 7}, {5, 6}, {1, 4}], [{8, 2}, {3, 7}, {6}, {1, 5}, {4}], [{8, 2}, {4, 7}, {1, 6}, {3, 5}], [{8, 2}, {4, 7}, {3, 6}, {1, 5}], [{8, 2}, {4, 7}, {5, 6}, {1, 3}], [{8, 2}, {4, 7}, {6}, {1, 5}, {3}], [{8, 2}, {5, 7}, {1, 6}, {3, 4}], [{8, 2}, {5, 7}, {3, 6}, {1, 4}], [{8, 2}, {5, 7}, {4, 6}, {1, 3}], [{8, 2}, {5, 7}, {6}, {1, 4}, {3}], [{8, 2}, {6, 7}, {1, 5}, {3, 4}], [{8, 2}, {6, 7}, {1, 5}, {4}, {3}], [{8, 2}, {6, 7}, {3, 5}, {1, 4}], [{8, 2}, {6, 7}, {4, 5}, {1, 3}], [{8, 2}, {7}, {1, 6}, {5}, {3, 4}], [{8, 2}, {7}, {3, 6}, {1, 5}, {4}], [{8, 2}, {7}, {4, 6}, {1, 5}, {3}], [{8, 2}, {7}, {5, 6}, {3, 4}, {1}], [{8, 2}, {7}, {6}, {1, 5}, {3, 4}], [{8, 2}, {7}, {6}, {1, 5}, {4}, {3}], [{8, 3}, {1, 7}, {2, 6}, {4, 5}], [{8, 3}, {1, 7}, {4, 6}, {2, 5}], [{8, 3}, {1, 7}, {5, 6}, {2, 4}], [{8, 3}, {1, 7}, {6}, {2, 5}, {4}], [{8, 3}, {2, 7}, {1, 6}, {4, 5}], [{8, 3}, {2, 7}, {4, 6}, {1, 5}], [{8, 3}, {2, 7}, {5, 6}, {1, 4}], [{8, 3}, {4, 7}, {1, 6}, {2, 5}], [{8, 3}, {4, 7}, {2, 6}, {1, 5}], [{8, 3}, {4, 7}, {5, 6}, {1, 2}], [{8, 3}, {4, 7}, {6}, {2, 5}, {1}], [{8, 3}, {5, 7}, {1, 6}, {2, 4}], [{8, 3}, {5, 7}, {2, 6}, {1, 4}], [{8, 3}, {5, 7}, {2, 6}, {4}, {1}], [{8, 3}, {5, 7}, {4, 6}, {1, 2}], [{8, 3}, {6, 7}, {1, 5}, {2, 4}], [{8, 3}, {6, 7}, {2, 5}, {1, 4}], [{8, 3}, {6, 7}, {4, 5}, {1, 2}], [{8, 3}, {7}, {5, 6}, {4}, {1, 2}], [{8, 3}, {7}, {6}, {2, 5}, {1, 4}], [{8, 4}, {1, 7}, {2, 6}, {3, 5}], [{8, 4}, {1, 7}, {3, 6}, {2, 5}], [{8, 4}, {1, 7}, {5, 6}, {2, 3}], [{8, 4}, {2, 7}, {1, 6}, {3, 5}], [{8, 4}, {2, 7}, {3, 6}, {1, 5}], [{8, 4}, {2, 7}, {5, 6}, {1, 3}], [{8, 4}, {3, 7}, {1, 6}, {2, 5}], [{8, 4}, {3, 7}, {2, 6}, {1, 5}], [{8, 4}, {3, 7}, {5, 6}, {1, 2}], [{8, 4}, {3, 7}, {6}, {1, 5}, {2}], [{8, 4}, {5, 7}, {1, 6}, {2, 3}], [{8, 4}, {5, 7}, {1, 6}, {3}, {2}], [{8, 4}, {5, 7}, {2, 6}, {1, 3}], [{8, 4}, {5, 7}, {3, 6}, {1, 2}], [{8, 4}, {5, 7}, {3, 6}, {2}, {1}], [{8, 4}, {5, 7}, {6}, {1, 3}, {2}], [{8, 4}, {6, 7}, {1, 5}, {2, 3}], [{8, 4}, {6, 7}, {2, 5}, {1, 3}], [{8, 4}, {6, 7}, {2, 5}, {3}, {1}], [{8, 4}, {6, 7}, {3, 5}, {1, 2}], [{8, 4}, {6, 7}, {3, 5}, {2}, {1}], [{8, 4}, {6, 7}, {5}, {2, 3}, {1}], [{8, 4}, {7}, {5, 6}, {3}, {1, 2}], [{8, 5}, {1, 7}, {2, 6}, {3, 4}], [{8, 5}, {1, 7}, {3, 6}, {2, 4}], [{8, 5}, {1, 7}, {4, 6}, {2, 3}], [{8, 5}, {1, 7}, {4, 6}, {3}, {2}], [{8, 5}, {2, 7}, {1, 6}, {3, 4}], [{8, 5}, {2, 7}, {1, 6}, {4}, {3}], [{8, 5}, {2, 7}, {3, 6}, {1, 4}], [{8, 5}, {2, 7}, {4, 6}, {1, 3}], [{8, 5}, {3, 7}, {1, 6}, {2, 4}], [{8, 5}, {3, 7}, {1, 6}, {4}, {2}], [{8, 5}, {3, 7}, {2, 6}, {1, 4}], [{8, 5}, {3, 7}, {4, 6}, {1, 2}], [{8, 5}, {4, 7}, {1, 6}, {2, 3}], [{8, 5}, {4, 7}, {1, 6}, {3}, {2}], [{8, 5}, {4, 7}, {2, 6}, {1, 3}], [{8, 5}, {4, 7}, {3, 6}, {1, 2}], [{8, 5}, {6, 7}, {1, 4}, {2, 3}], [{8, 5}, {6, 7}, {1, 4}, {3}, {2}], [{8, 5}, {6, 7}, {2, 4}, {1, 3}], [{8, 5}, {6, 7}, {3, 4}, {1, 2}], [{8, 5}, {7}, {1, 6}, {2, 4}, {3}], [{8, 5}, {7}, {1, 6}, {3, 4}, {2}], [{8, 5}, {7}, {1, 6}, {4}, {2, 3}], [{8, 5}, {7}, {1, 6}, {4}, {3}, {2}], [{8, 5}, {7}, {2, 6}, {3, 4}, {1}], [{8, 5}, {7}, {3, 6}, {2, 4}, {1}], [{8, 5}, {7}, {6}, {2, 4}, {1, 3}], [{8, 5}, {7}, {6}, {3, 4}, {1, 2}], [{8, 6}, {1, 7}, {2, 5}, {3, 4}], [{8, 6}, {1, 7}, {3, 5}, {2, 4}], [{8, 6}, {1, 7}, {4, 5}, {2, 3}], [{8, 6}, {2, 7}, {1, 5}, {3, 4}], [{8, 6}, {2, 7}, {3, 5}, {1, 4}], [{8, 6}, {2, 7}, {4, 5}, {1, 3}], [{8, 6}, {3, 7}, {1, 5}, {2, 4}], [{8, 6}, {3, 7}, {2, 5}, {1, 4}], [{8, 6}, {3, 7}, {4, 5}, {1, 2}], [{8, 6}, {4, 7}, {1, 5}, {2, 3}], [{8, 6}, {4, 7}, {2, 5}, {1, 3}], [{8, 6}, {4, 7}, {3, 5}, {1, 2}], [{8, 6}, {5, 7}, {1, 4}, {2, 3}], [{8, 6}, {5, 7}, {2, 4}, {1, 3}], [{8, 6}, {5, 7}, {3, 4}, {1, 2}], [{8, 6}, {7}, {1, 5}, {3, 4}, {2}], [{8, 6}, {7}, {2, 5}, {3, 4}, {1}], [{8, 6}, {7}, {5}, {2, 4}, {1, 3}], [{8, 6}, {7}, {5}, {3, 4}, {1, 2}], [{8, 7}, {1, 6}, {2, 5}, {3, 4}], [{8, 7}, {1, 6}, {3, 5}, {2, 4}], [{8, 7}, {1, 6}, {4, 5}, {2, 3}], [{8, 7}, {1, 6}, {4, 5}, {3}, {2}], [{8, 7}, {2, 6}, {1, 5}, {3, 4}], [{8, 7}, {2, 6}, {3, 5}, {1, 4}], [{8, 7}, {2, 6}, {3, 5}, {4}, {1}], [{8, 7}, {2, 6}, {4, 5}, {1, 3}], [{8, 7}, {3, 6}, {1, 5}, {2, 4}], [{8, 7}, {3, 6}, {2, 5}, {1, 4}], [{8, 7}, {3, 6}, {4, 5}, {1, 2}], [{8, 7}, {4, 6}, {1, 5}, {2, 3}], [{8, 7}, {4, 6}, {2, 5}, {1, 3}], [{8, 7}, {4, 6}, {2, 5}, {3}, {1}], [{8, 7}, {4, 6}, {3, 5}, {1, 2}], [{8, 7}, {4, 6}, {3, 5}, {2}, {1}], [{8, 7}, {4, 6}, {5}, {2, 3}, {1}], [{8, 7}, {5, 6}, {1, 4}, {2, 3}], [{8, 7}, {5, 6}, {2, 4}, {1, 3}], [{8, 7}, {5, 6}, {3, 4}, {1, 2}], [{8, 7}, {5, 6}, {3, 4}, {2}, {1}], [{8, 7}, {5, 6}, {4}, {3}, {1, 2}], [{8, 7}, {6}, {2, 5}, {4}, {1, 3}], [{8, 7}, {6}, {3, 5}, {2, 4}, {1}], [{8}, {1, 7}, {3, 6}, {5}, {2, 4}], [{8}, {1, 7}, {5, 6}, {2, 4}, {3}], [{8}, {1, 7}, {5, 6}, {3, 4}, {2}], [{8}, {1, 7}, {5, 6}, {4}, {2, 3}], [{8}, {1, 7}, {6}, {3, 5}, {2, 4}], [{8}, {2, 7}, {3, 6}, {5}, {1, 4}], [{8}, {2, 7}, {5, 6}, {1, 4}, {3}], [{8}, {2, 7}, {5, 6}, {3, 4}, {1}], [{8}, {2, 7}, {5, 6}, {4}, {1, 3}], [{8}, {2, 7}, {6}, {3, 5}, {1, 4}], [{8}, {3, 7}, {1, 6}, {5}, {2, 4}], [{8}, {3, 7}, {5, 6}, {1, 4}, {2}], [{8}, {3, 7}, {5, 6}, {2, 4}, {1}], [{8}, {3, 7}, {5, 6}, {4}, {1, 2}], [{8}, {3, 7}, {6}, {1, 5}, {2, 4}], [{8}, {4, 7}, {3, 6}, {5}, {1, 2}], [{8}, {4, 7}, {5, 6}, {1, 3}, {2}], [{8}, {4, 7}, {5, 6}, {2, 3}, {1}], [{8}, {4, 7}, {5, 6}, {3}, {1, 2}], [{8}, {4, 7}, {6}, {3, 5}, {1, 2}], [{8}, {7}, {1, 6}, {2, 5}, {3, 4}], [{8}, {7}, {2, 6}, {1, 5}, {3, 4}], [{8}, {7}, {2, 6}, {4, 5}, {1, 3}], [{8}, {7}, {4, 6}, {2, 5}, {1, 3}], [{8}, {7}, {5, 6}, {1, 4}, {2, 3}], [{8}, {7}, {5, 6}, {2, 4}, {1, 3}], [{8}, {7}, {5, 6}, {3, 4}, {1, 2}], [{8}, {7}, {5, 6}, {3, 4}, {2}, {1}], [{8}, {7}, {5, 6}, {4}, {3}, {1, 2}]]",2,4 K_1^3 + 4 K_1^2 K_2 - 36 K_1^2 - 18 K_1 K_2 - 2 K_1 K_3 + 6 K_1 - 2 K_2^2 + 17 K_2 + 8 K_3 + K_4 + 19,O1O2O3O4U5U6O7U4O6O8U7U1U8U3O5U2,O1O2O3O4U2U5O6U4O5O7U6U1U8U3O8U7,O1O2O3O4U5O6U2U6U4U7O5O8U1O7U8U3,c,{'O1O2O3O4U3O5U2U6U4U7O6O8U1O7U8U5'},1,"<a href=""/flatknot/8.733603"">8.733603</a>",t^9-64t^7-160t^6+114t^5+530t^4+316t^3-70t^2-81t-6,-t^3+t^2+t,,
8.733604,O1O2O3O4U3O5U2U6U4U7O6O8U5O7U1U8,4,13z^2+98z+145,13w^3z^2+98w^2z+145w,False,False,"[[ 0 -1 -2 -1  2  2 -2  1  1],[ 1  0 -2 -1  2  3 -1  1  1],[ 2  2  0  0  2  2  1  1  1],[ 1  1  0  0  1  1  0  1  0],[-2 -2 -2 -1  0  0 -2 -2  1],[-2 -3 -2 -1  0  0 -2 -1  0],[ 2  1 -1  0  2  2  0  2  2],[-1 -1 -1 -1  2  1 -2  0  1],[-1 -1 -1  0 -1  0 -2 -1  0]]","[[ 0  2  2  1  1 -1 -1 -2 -2],[-2  0  0  1 -2 -1 -2 -2 -2],[-2  0  0  0 -1 -1 -3 -2 -2],[-1 -1  0  0 -1  0 -1 -1 -2],[-1  2  1  1  0 -1 -1 -1 -2],[ 1  1  1  0  1  0  1  0  0],[ 1  2  3  1  1 -1  0 -2 -1],[ 2  2  2  1  1  0  2  0  1],[ 2  2  2  2  2  0  1 -1  0]]",True,"[-2,-2,-1,-1,1,1,2,2,0,-1,2,1,2,2,2,0,1,1,3,2,2,1,0,1,1,2,1,1,1,2,-1,0,0,2,1,-1]","[-2,-2,-1,-1,1,1,2,2,-1,-1,1,2,2,2,2,0,1,1,1,2,2,1,1,1,0,1,1,2,2,2,-1,0,-1,1,2,0]",t^8+58t^6+211t^4+198t^2+9,"[-2,-2,-1,-1,1,1,2,2,-1,-1,1,2,2,2,2,0,1,1,1,2,2,1,1,1,0,1,1,2,2,2,-1,0,-1,1,2,0]","[-2,-2,-1,-1,1,1,2,2,0,-1,2,1,2,2,2,0,1,0,2,2,2,1,1,1,1,2,1,2,1,2,-1,0,-1,1,1,-1]","[-2,-2,-1,-1,1,1,2,2,-1,0,1,2,2,2,2,0,2,1,1,2,2,1,0,1,1,1,1,1,2,3,-1,-1,0,2,1,0]",c,"[[{8, 3}, {1, 7}, {5, 6}, {2, 4}]]",1,4 K_1^3 + 4 K_1^2 K_2 - 30 K_1^2 - 24 K_1 K_2 - 6 K_1 K_3 + 9 K_1 - 2 K_2^2 + 16 K_2 + 11 K_3 + 3 K_4 + 16,O1O2O3O4U5U4O6U7O5O8U6U1U8U3O7U2,O1O2O3O4U2U5O6U4O7O5U7U1U8U3O8U6,O1O2O3O4U5O6U2U6U4U7O8O7U1O5U8U3,c,{'O1O2O3O4U3O5U2U6U4U7O6O8U5O7U1U8'},1,"<a href=""/flatknot/8.733604"">8.733604</a>",t^9-58t^7-208t^6-53t^5+514t^4+357t^3-182t^2-86t+18,0,,
8.733605,O1O2O3O4U3O5U2U6U7U8O6O7U1O8U5U4,4,2z^3+30z^2+107z+111,2w^4z^3+30w^3z^2+107w^2z+111w,False,False,"[[ 0 -1 -2 -1  3  2 -2  0  1],[ 1  0  0  0  3  1  0  2  3],[ 2  0  0  0  3  1  2  2  2],[ 1  0  0  0  1  0  1  1  1],[-3 -3 -3 -1  0  0 -5 -3 -1],[-2 -1 -1  0  0  0 -4 -2  0],[ 2  0 -2 -1  5  4  0  1  1],[ 0 -2 -2 -1  3  2 -1  0  0],[-1 -3 -2 -1  1  0 -1  0  0]]","[[ 0  3  2  1  0 -1 -1 -2 -2],[-3  0  0 -1 -3 -1 -3 -3 -5],[-2  0  0  0 -2  0 -1 -1 -4],[-1  1  0  0  0 -1 -3 -2 -1],[ 0  3  2  0  0 -1 -2 -2 -1],[ 1  1  0  1  1  0  0  0  1],[ 1  3  1  3  2  0  0  0  0],[ 2  3  1  2  2  0  0  0  2],[ 2  5  4  1  1 -1  0 -2  0]]",True,"[-3,-2,-1,0,1,1,2,2,0,1,3,1,3,3,5,0,2,0,1,1,4,0,1,3,2,1,1,2,2,1,0,0,-1,0,0,-2]","[-3,-2,-1,0,1,1,2,2,0,1,3,1,3,3,5,0,2,0,1,1,4,0,1,3,2,1,1,2,2,1,0,0,-1,0,0,-2]",t^8+106t^6+914t^4+238t^2+1,"[-2,-2,-1,-1,0,1,2,3,-2,1,1,0,1,3,2,1,2,1,2,0,0,0,-1,-1,2,1,0,1,3,3,1,0,0,1,1,1]","[-3,-2,-1,0,1,1,2,2,1,1,0,1,3,0,2,1,0,2,3,0,3,1,-1,1,2,1,-1,0,1,0,0,1,1,2,1,-2]","[-2,-2,-1,-1,0,1,2,3,-2,-1,0,1,1,4,5,0,0,2,2,1,3,0,1,1,0,1,2,3,1,3,0,2,3,0,1,0]",c,"[[{8, 1}, {2, 7}, {3, 6}, {4, 5}], [{8, 1}, {2, 7}, {4, 6}, {3, 5}], [{8, 1}, {2, 7}, {5, 6}, {3, 4}], [{8, 1}, {2, 7}, {6}, {5}, {3, 4}], [{8, 1}, {3, 7}, {2, 6}, {4, 5}], [{8, 1}, {3, 7}, {4, 6}, {2, 5}], [{8, 1}, {3, 7}, {5, 6}, {2, 4}], [{8, 1}, {3, 7}, {6}, {5}, {2, 4}], [{8, 1}, {4, 7}, {2, 6}, {3, 5}], [{8, 1}, {4, 7}, {3, 6}, {2, 5}], [{8, 1}, {4, 7}, {5, 6}, {2, 3}], [{8, 1}, {5, 7}, {2, 6}, {3, 4}], [{8, 1}, {5, 7}, {3, 6}, {2, 4}], [{8, 1}, {5, 7}, {4, 6}, {2, 3}], [{8, 1}, {6, 7}, {2, 5}, {3, 4}], [{8, 1}, {6, 7}, {3, 5}, {2, 4}], [{8, 1}, {6, 7}, {4, 5}, {2, 3}], [{8, 2}, {1, 7}, {3, 6}, {4, 5}], [{8, 2}, {1, 7}, {4, 6}, {3, 5}], [{8, 2}, {1, 7}, {5, 6}, {3, 4}], [{8, 2}, {1, 7}, {6}, {5}, {3, 4}], [{8, 2}, {3, 7}, {1, 6}, {4, 5}], [{8, 2}, {3, 7}, {4, 6}, {1, 5}], [{8, 2}, {3, 7}, {5, 6}, {1, 4}], [{8, 2}, {3, 7}, {6}, {5}, {1, 4}], [{8, 2}, {4, 7}, {1, 6}, {3, 5}], [{8, 2}, {4, 7}, {3, 6}, {1, 5}], [{8, 2}, {4, 7}, {5, 6}, {1, 3}], [{8, 2}, {4, 7}, {6}, {5}, {1, 3}], [{8, 2}, {5, 7}, {1, 6}, {3, 4}], [{8, 2}, {5, 7}, {1, 6}, {4}, {3}], [{8, 2}, {5, 7}, {3, 6}, {1, 4}], [{8, 2}, {5, 7}, {4, 6}, {1, 3}], [{8, 2}, {6, 7}, {1, 5}, {3, 4}], [{8, 2}, {6, 7}, {3, 5}, {1, 4}], [{8, 2}, {6, 7}, {4, 5}, {1, 3}], [{8, 3}, {1, 7}, {2, 6}, {4, 5}], [{8, 3}, {1, 7}, {4, 6}, {2, 5}], [{8, 3}, {1, 7}, {5, 6}, {2, 4}], [{8, 3}, {1, 7}, {6}, {5}, {2, 4}], [{8, 3}, {2, 7}, {1, 6}, {4, 5}], [{8, 3}, {2, 7}, {4, 6}, {1, 5}], [{8, 3}, {2, 7}, {5, 6}, {1, 4}], [{8, 3}, {2, 7}, {6}, {5}, {1, 4}], [{8, 3}, {4, 7}, {1, 6}, {2, 5}], [{8, 3}, {4, 7}, {2, 6}, {1, 5}], [{8, 3}, {4, 7}, {5, 6}, {1, 2}], [{8, 3}, {4, 7}, {6}, {1, 5}, {2}], [{8, 3}, {5, 7}, {1, 6}, {2, 4}], [{8, 3}, {5, 7}, {2, 6}, {1, 4}], [{8, 3}, {5, 7}, {4, 6}, {1, 2}], [{8, 3}, {5, 7}, {6}, {1, 4}, {2}], [{8, 3}, {6, 7}, {1, 5}, {2, 4}], [{8, 3}, {6, 7}, {2, 5}, {1, 4}], [{8, 3}, {6, 7}, {4, 5}, {1, 2}], [{8, 3}, {6, 7}, {5}, {4}, {1, 2}], [{8, 3}, {7}, {1, 6}, {2, 5}, {4}], [{8, 3}, {7}, {4, 6}, {2, 5}, {1}], [{8, 3}, {7}, {6}, {2, 5}, {1, 4}], [{8, 4}, {1, 7}, {2, 6}, {3, 5}], [{8, 4}, {1, 7}, {3, 6}, {2, 5}], [{8, 4}, {1, 7}, {5, 6}, {2, 3}], [{8, 4}, {2, 7}, {1, 6}, {3, 5}], [{8, 4}, {2, 7}, {3, 6}, {1, 5}], [{8, 4}, {2, 7}, {5, 6}, {1, 3}], [{8, 4}, {3, 7}, {1, 6}, {2, 5}], [{8, 4}, {3, 7}, {2, 6}, {1, 5}], [{8, 4}, {3, 7}, {2, 6}, {5}, {1}], [{8, 4}, {3, 7}, {5, 6}, {1, 2}], [{8, 4}, {5, 7}, {1, 6}, {2, 3}], [{8, 4}, {5, 7}, {2, 6}, {1, 3}], [{8, 4}, {5, 7}, {3, 6}, {1, 2}], [{8, 4}, {6, 7}, {1, 5}, {2, 3}], [{8, 4}, {6, 7}, {2, 5}, {1, 3}], [{8, 4}, {6, 7}, {3, 5}, {1, 2}], [{8, 5}, {1, 7}, {2, 6}, {3, 4}], [{8, 5}, {1, 7}, {2, 6}, {4}, {3}], [{8, 5}, {1, 7}, {3, 6}, {2, 4}], [{8, 5}, {1, 7}, {3, 6}, {4}, {2}], [{8, 5}, {1, 7}, {4, 6}, {2, 3}], [{8, 5}, {1, 7}, {4, 6}, {3}, {2}], [{8, 5}, {1, 7}, {6}, {2, 4}, {3}], [{8, 5}, {1, 7}, {6}, {3, 4}, {2}], [{8, 5}, {1, 7}, {6}, {4}, {2, 3}], [{8, 5}, {1, 7}, {6}, {4}, {3}, {2}], [{8, 5}, {2, 7}, {1, 6}, {3, 4}], [{8, 5}, {2, 7}, {3, 6}, {1, 4}], [{8, 5}, {2, 7}, {4, 6}, {1, 3}], [{8, 5}, {2, 7}, {6}, {4}, {1, 3}], [{8, 5}, {3, 7}, {1, 6}, {2, 4}], [{8, 5}, {3, 7}, {1, 6}, {4}, {2}], [{8, 5}, {3, 7}, {2, 6}, {1, 4}], [{8, 5}, {3, 7}, {2, 6}, {4}, {1}], [{8, 5}, {3, 7}, {4, 6}, {1, 2}], [{8, 5}, {3, 7}, {4, 6}, {2}, {1}], [{8, 5}, {3, 7}, {6}, {1, 4}, {2}], [{8, 5}, {3, 7}, {6}, {2, 4}, {1}], [{8, 5}, {3, 7}, {6}, {4}, {1, 2}], [{8, 5}, {3, 7}, {6}, {4}, {2}, {1}], [{8, 5}, {4, 7}, {1, 6}, {2, 3}], [{8, 5}, {4, 7}, {2, 6}, {1, 3}], [{8, 5}, {4, 7}, {3, 6}, {1, 2}], [{8, 5}, {4, 7}, {6}, {1, 3}, {2}], [{8, 5}, {6, 7}, {1, 4}, {2, 3}], [{8, 5}, {6, 7}, {2, 4}, {1, 3}], [{8, 5}, {6, 7}, {3, 4}, {1, 2}], [{8, 5}, {6, 7}, {4}, {1, 3}, {2}], [{8, 5}, {7}, {2, 6}, {4}, {1, 3}], [{8, 5}, {7}, {4, 6}, {1, 3}, {2}], [{8, 5}, {7}, {6}, {2, 4}, {1, 3}], [{8, 5}, {7}, {6}, {4}, {1, 3}, {2}], [{8, 6}, {1, 7}, {2, 5}, {3, 4}], [{8, 6}, {1, 7}, {3, 5}, {2, 4}], [{8, 6}, {1, 7}, {4, 5}, {2, 3}], [{8, 6}, {2, 7}, {1, 5}, {3, 4}], [{8, 6}, {2, 7}, {3, 5}, {1, 4}], [{8, 6}, {2, 7}, {4, 5}, {1, 3}], [{8, 6}, {3, 7}, {1, 5}, {2, 4}], [{8, 6}, {3, 7}, {2, 5}, {1, 4}], [{8, 6}, {3, 7}, {4, 5}, {1, 2}], [{8, 6}, {4, 7}, {1, 5}, {2, 3}], [{8, 6}, {4, 7}, {1, 5}, {3}, {2}], [{8, 6}, {4, 7}, {2, 5}, {1, 3}], [{8, 6}, {4, 7}, {3, 5}, {1, 2}], [{8, 6}, {5, 7}, {1, 4}, {2, 3}], [{8, 6}, {5, 7}, {2, 4}, {1, 3}], [{8, 6}, {5, 7}, {3, 4}, {1, 2}], [{8, 6}, {7}, {2, 5}, {1, 4}, {3}], [{8, 6}, {7}, {3, 5}, {2, 4}, {1}], [{8, 6}, {7}, {5}, {3, 4}, {1, 2}], [{8, 7}, {1, 6}, {2, 5}, {3, 4}], [{8, 7}, {1, 6}, {3, 5}, {2, 4}], [{8, 7}, {1, 6}, {3, 5}, {4}, {2}], [{8, 7}, {1, 6}, {4, 5}, {2, 3}], [{8, 7}, {1, 6}, {4, 5}, {3}, {2}], [{8, 7}, {1, 6}, {5}, {3, 4}, {2}], [{8, 7}, {2, 6}, {1, 5}, {3, 4}], [{8, 7}, {2, 6}, {3, 5}, {1, 4}], [{8, 7}, {2, 6}, {4, 5}, {1, 3}], [{8, 7}, {3, 6}, {1, 5}, {2, 4}], [{8, 7}, {3, 6}, {2, 5}, {1, 4}], [{8, 7}, {3, 6}, {4, 5}, {1, 2}], [{8, 7}, {4, 6}, {1, 5}, {2, 3}], [{8, 7}, {4, 6}, {2, 5}, {1, 3}], [{8, 7}, {4, 6}, {3, 5}, {1, 2}], [{8, 7}, {5, 6}, {1, 4}, {2, 3}], [{8, 7}, {5, 6}, {2, 4}, {1, 3}], [{8, 7}, {5, 6}, {3, 4}, {1, 2}], [{8, 7}, {6}, {2, 5}, {1, 4}, {3}], [{8}, {1, 7}, {6}, {2, 5}, {3, 4}], [{8}, {1, 7}, {6}, {3, 5}, {2, 4}], [{8}, {3, 7}, {2, 6}, {4, 5}, {1}], [{8}, {3, 7}, {4, 6}, {5}, {1, 2}], [{8}, {3, 7}, {6}, {1, 5}, {2, 4}], [{8}, {3, 7}, {6}, {2, 5}, {1, 4}], [{8}, {4, 7}, {3, 6}, {1, 5}, {2}], [{8}, {4, 7}, {6}, {2, 5}, {1, 3}], [{8}, {5, 7}, {4, 6}, {2, 3}, {1}], [{8}, {6, 7}, {2, 5}, {1, 4}, {3}], [{8}, {7}, {3, 6}, {2, 5}, {1, 4}], [{8}, {7}, {6}, {2, 5}, {1, 4}, {3}]]",2,- 8 K_1^4 + 24 K_1^3 + 8 K_1^2 K_2 - 28 K_1^2 - 22 K_1 K_2 - 2 K_1 K_3 - 7 K_1 + 15 K_2 + 5 K_3 + 16,O1O2O3O4U1U5O6U4O7O8U6U7U8U3O5U2,O1O2O3O4U2U3O5U4O6O7U5U1U8U7O8U6,O1O2O3O4U5O6U7U6U4U8O7O5U1O8U2U3,c,{'O1O2O3O4U3O5U2U6U7U8O6O7U1O8U5U4'},1,"<a href=""/flatknot/8.733605"">8.733605</a>",t^9-102t^7-302t^6+751t^5+1614t^4-50t^3-1374t^2-276t,-t^3+t^2+t,,
8.733606,O1O2O3O4U3O5U2U6U7U8O6O7U4O8U1U5,4,7z^3+49z^2+113z+87,7w^4z^3+49w^3z^2+113w^2z+87w,False,False,"[[ 0 -1 -2 -1  2  3 -2  0  1],[ 1  0 -1 -1  3  3 -1  1  2],[ 2  1  0  0  2  2  2  2  1],[ 1  1  0  0  1  1  1  1  0],[-2 -3 -2 -1  0  0 -3 -1  0],[-3 -3 -2 -1  0  0 -5 -3 -1],[ 2  1 -2 -1  3  5  0  1  1],[ 0 -1 -2 -1  1  3 -1  0  0],[-1 -2 -1  0  0  1 -1  0  0]]","[[ 0  3  2  1  0 -1 -1 -2 -2],[-3  0  0 -1 -3 -1 -3 -2 -5],[-2  0  0  0 -1 -1 -3 -2 -3],[-1  1  0  0  0  0 -2 -1 -1],[ 0  3  1  0  0 -1 -1 -2 -1],[ 1  1  1  0  1  0  1  0  1],[ 1  3  3  2  1 -1  0 -1 -1],[ 2  2  2  1  2  0  1  0  2],[ 2  5  3  1  1 -1  1 -2  0]]",True,"[-3,-2,-1,0,1,1,2,2,0,1,3,1,3,2,5,0,1,1,3,2,3,0,0,2,1,1,1,1,2,1,-1,0,-1,1,1,-2]","[-3,-2,-1,0,1,1,2,2,0,1,3,1,3,2,5,0,1,1,3,2,3,0,0,2,1,1,1,1,2,1,-1,0,-1,1,1,-2]",t^8+94t^6+423t^4+203t^2+9,"[-2,-2,-1,-1,0,1,2,3,-2,0,1,0,2,2,3,0,2,1,2,1,0,1,0,0,0,1,0,2,2,3,1,1,0,1,1,1]","[-3,-2,-1,0,1,1,2,2,1,1,0,1,3,0,3,1,1,0,2,1,2,1,0,2,2,2,0,0,1,0,-1,0,0,2,1,-2]","[-2,-2,-1,-1,0,1,2,3,-2,-1,1,1,1,3,5,0,1,2,1,2,2,1,1,0,1,1,1,2,3,3,0,1,3,0,1,0]",c,"[[{8, 6}, {1, 7}, {2, 5}, {3, 4}]]",1,- 8 K_1^4 + 28 K_1^3 + 8 K_1^2 K_2 - 12 K_1^2 - 18 K_1 K_2 - 2 K_1 K_3 - 12 K_1 + 7 K_2 + 2 K_3 + 8,O1O2O3O4U5U4O6U1O7O8U6U7U8U3O5U2,O1O2O3O4U2U3O5U4O6O7U6U1U8U5O8U7,O1O2O3O4U5O6U7U6U4U8O5O8U1O7U2U3,c,{'O1O2O3O4U3O5U2U6U7U8O6O7U4O8U1U5'},1,"<a href=""/flatknot/8.733606"">8.733606</a>",t^9-90t^7-350t^6-58t^5+664t^4-88t^3-208t^2+34t+20,-t^3+t^2+t,,
8.733607,O1O2O3O4U3O5U2U6U7U8O6O7U5O8U1U4,4,4z^3+37z^2+102z+89,4w^4z^3-4w^4z^2+41w^3z^2-4w^3z+106w^2z+89w,False,False,"[[ 0 -1 -2 -1  3  2 -2  0  1],[ 1  0 -1  0  3  2 -1  1  2],[ 2  1  0  0  3  1  2  2  1],[ 1  0  0  0  1  0  1  1  1],[-3 -3 -3 -1  0  1 -5 -3 -2],[-2 -2 -1  0 -1  0 -3 -1  0],[ 2  1 -2 -1  5  3  0  1  1],[ 0 -1 -2 -1  3  1 -1  0  0],[-1 -2 -1 -1  2  0 -1  0  0]]","[[ 0  3  2  1  0 -1 -1 -2 -2],[-3  0  1 -2 -3 -1 -3 -3 -5],[-2 -1  0  0 -1  0 -2 -1 -3],[-1  2  0  0  0 -1 -2 -1 -1],[ 0  3  1  0  0 -1 -1 -2 -1],[ 1  1  0  1  1  0  0  0  1],[ 1  3  2  2  1  0  0 -1 -1],[ 2  3  1  1  2  0  1  0  2],[ 2  5  3  1  1 -1  1 -2  0]]",True,"[-3,-2,-1,0,1,1,2,2,-1,2,3,1,3,3,5,0,1,0,2,1,3,0,1,2,1,1,1,1,2,1,0,0,-1,1,1,-2]","[-3,-2,-1,0,1,1,2,2,-1,2,3,1,3,3,5,0,1,0,2,1,3,0,1,2,1,1,1,1,2,1,0,0,-1,1,1,-2]",t^8+94t^6+496t^4+121t^2+4,"[-2,-2,-1,-1,0,1,2,3,-2,0,1,0,2,3,2,0,2,1,2,1,0,0,0,0,1,1,0,1,3,3,1,1,0,1,0,2]","[-3,-2,-1,0,1,1,2,2,2,0,0,1,3,0,2,1,1,1,3,1,3,1,0,1,2,2,0,0,1,0,0,0,0,2,1,-2]","[-2,-2,-1,-1,0,1,2,3,-2,-1,1,1,1,3,5,0,1,2,1,1,3,0,1,1,0,1,1,2,2,3,0,1,3,0,2,-1]",c,"[[{8, 1}, {2, 7}, {3, 6}, {4, 5}], [{8, 1}, {2, 7}, {3, 6}, {5}, {4}], [{8, 1}, {2, 7}, {4, 6}, {3, 5}], [{8, 1}, {2, 7}, {4, 6}, {5}, {3}], [{8, 1}, {2, 7}, {5, 6}, {3, 4}], [{8, 1}, {2, 7}, {6}, {5}, {3, 4}], [{8, 1}, {3, 7}, {2, 6}, {4, 5}], [{8, 1}, {3, 7}, {4, 6}, {2, 5}], [{8, 1}, {3, 7}, {5, 6}, {2, 4}], [{8, 1}, {4, 7}, {2, 6}, {3, 5}], [{8, 1}, {4, 7}, {3, 6}, {2, 5}], [{8, 1}, {4, 7}, {5, 6}, {2, 3}], [{8, 1}, {4, 7}, {6}, {3, 5}, {2}], [{8, 1}, {5, 7}, {2, 6}, {3, 4}], [{8, 1}, {5, 7}, {3, 6}, {2, 4}], [{8, 1}, {5, 7}, {4, 6}, {2, 3}], [{8, 1}, {5, 7}, {6}, {2, 4}, {3}], [{8, 1}, {6, 7}, {2, 5}, {3, 4}], [{8, 1}, {6, 7}, {3, 5}, {2, 4}], [{8, 1}, {6, 7}, {4, 5}, {2, 3}], [{8, 1}, {6, 7}, {5}, {2, 4}, {3}], [{8, 1}, {7}, {3, 6}, {4, 5}, {2}], [{8, 1}, {7}, {5, 6}, {2, 4}, {3}], [{8, 1}, {7}, {5, 6}, {3, 4}, {2}], [{8, 1}, {7}, {5, 6}, {4}, {2, 3}], [{8, 2}, {1, 7}, {3, 6}, {4, 5}], [{8, 2}, {1, 7}, {3, 6}, {5}, {4}], [{8, 2}, {1, 7}, {4, 6}, {3, 5}], [{8, 2}, {1, 7}, {5, 6}, {3, 4}], [{8, 2}, {3, 7}, {1, 6}, {4, 5}], [{8, 2}, {3, 7}, {4, 6}, {1, 5}], [{8, 2}, {3, 7}, {5, 6}, {1, 4}], [{8, 2}, {4, 7}, {1, 6}, {3, 5}], [{8, 2}, {4, 7}, {3, 6}, {1, 5}], [{8, 2}, {4, 7}, {5, 6}, {1, 3}], [{8, 2}, {5, 7}, {1, 6}, {3, 4}], [{8, 2}, {5, 7}, {3, 6}, {1, 4}], [{8, 2}, {5, 7}, {4, 6}, {1, 3}], [{8, 2}, {6, 7}, {1, 5}, {3, 4}], [{8, 2}, {6, 7}, {3, 5}, {1, 4}], [{8, 2}, {6, 7}, {4, 5}, {1, 3}], [{8, 2}, {7}, {6}, {1, 5}, {3, 4}], [{8, 3}, {1, 7}, {2, 6}, {4, 5}], [{8, 3}, {1, 7}, {4, 6}, {2, 5}], [{8, 3}, {1, 7}, {5, 6}, {2, 4}], [{8, 3}, {2, 7}, {1, 6}, {4, 5}], [{8, 3}, {2, 7}, {4, 6}, {1, 5}], [{8, 3}, {2, 7}, {5, 6}, {1, 4}], [{8, 3}, {2, 7}, {6}, {5}, {1, 4}], [{8, 3}, {4, 7}, {1, 6}, {2, 5}], [{8, 3}, {4, 7}, {2, 6}, {1, 5}], [{8, 3}, {4, 7}, {5, 6}, {1, 2}], [{8, 3}, {5, 7}, {1, 6}, {2, 4}], [{8, 3}, {5, 7}, {2, 6}, {1, 4}], [{8, 3}, {5, 7}, {4, 6}, {1, 2}], [{8, 3}, {5, 7}, {6}, {1, 4}, {2}], [{8, 3}, {5, 7}, {6}, {2, 4}, {1}], [{8, 3}, {5, 7}, {6}, {4}, {1, 2}], [{8, 3}, {6, 7}, {1, 5}, {2, 4}], [{8, 3}, {6, 7}, {2, 5}, {1, 4}], [{8, 3}, {6, 7}, {4, 5}, {1, 2}], [{8, 3}, {6, 7}, {5}, {1, 4}, {2}], [{8, 3}, {6, 7}, {5}, {2, 4}, {1}], [{8, 3}, {6, 7}, {5}, {4}, {1, 2}], [{8, 3}, {7}, {1, 6}, {2, 5}, {4}], [{8, 3}, {7}, {2, 6}, {5}, {1, 4}], [{8, 3}, {7}, {4, 6}, {2, 5}, {1}], [{8, 3}, {7}, {5, 6}, {1, 4}, {2}], [{8, 3}, {7}, {5, 6}, {2, 4}, {1}], [{8, 3}, {7}, {5, 6}, {4}, {1, 2}], [{8, 3}, {7}, {6}, {2, 5}, {1, 4}], [{8, 3}, {7}, {6}, {5}, {1, 4}, {2}], [{8, 4}, {1, 7}, {2, 6}, {3, 5}], [{8, 4}, {1, 7}, {2, 6}, {5}, {3}], [{8, 4}, {1, 7}, {3, 6}, {2, 5}], [{8, 4}, {1, 7}, {5, 6}, {2, 3}], [{8, 4}, {1, 7}, {6}, {3, 5}, {2}], [{8, 4}, {2, 7}, {1, 6}, {3, 5}], [{8, 4}, {2, 7}, {3, 6}, {1, 5}], [{8, 4}, {2, 7}, {5, 6}, {1, 3}], [{8, 4}, {3, 7}, {1, 6}, {2, 5}], [{8, 4}, {3, 7}, {2, 6}, {1, 5}], [{8, 4}, {3, 7}, {5, 6}, {1, 2}], [{8, 4}, {5, 7}, {1, 6}, {2, 3}], [{8, 4}, {5, 7}, {2, 6}, {1, 3}], [{8, 4}, {5, 7}, {3, 6}, {1, 2}], [{8, 4}, {5, 7}, {6}, {2, 3}, {1}], [{8, 4}, {6, 7}, {1, 5}, {2, 3}], [{8, 4}, {6, 7}, {2, 5}, {1, 3}], [{8, 4}, {6, 7}, {3, 5}, {1, 2}], [{8, 4}, {7}, {1, 6}, {5}, {2, 3}], [{8, 4}, {7}, {3, 6}, {1, 5}, {2}], [{8, 4}, {7}, {6}, {2, 5}, {1, 3}], [{8, 5}, {1, 7}, {2, 6}, {3, 4}], [{8, 5}, {1, 7}, {3, 6}, {2, 4}], [{8, 5}, {1, 7}, {4, 6}, {2, 3}], [{8, 5}, {2, 7}, {1, 6}, {3, 4}], [{8, 5}, {2, 7}, {3, 6}, {1, 4}], [{8, 5}, {2, 7}, {4, 6}, {1, 3}], [{8, 5}, {2, 7}, {6}, {1, 4}, {3}], [{8, 5}, {3, 7}, {1, 6}, {2, 4}], [{8, 5}, {3, 7}, {2, 6}, {1, 4}], [{8, 5}, {3, 7}, {4, 6}, {1, 2}], [{8, 5}, {4, 7}, {1, 6}, {2, 3}], [{8, 5}, {4, 7}, {2, 6}, {1, 3}], [{8, 5}, {4, 7}, {3, 6}, {1, 2}], [{8, 5}, {6, 7}, {1, 4}, {2, 3}], [{8, 5}, {6, 7}, {2, 4}, {1, 3}], [{8, 5}, {6, 7}, {3, 4}, {1, 2}], [{8, 6}, {1, 7}, {2, 5}, {3, 4}], [{8, 6}, {1, 7}, {3, 5}, {2, 4}], [{8, 6}, {1, 7}, {3, 5}, {4}, {2}], [{8, 6}, {1, 7}, {4, 5}, {2, 3}], [{8, 6}, {1, 7}, {4, 5}, {3}, {2}], [{8, 6}, {1, 7}, {5}, {3, 4}, {2}], [{8, 6}, {2, 7}, {1, 5}, {3, 4}], [{8, 6}, {2, 7}, {3, 5}, {1, 4}], [{8, 6}, {2, 7}, {4, 5}, {1, 3}], [{8, 6}, {2, 7}, {5}, {4}, {1, 3}], [{8, 6}, {3, 7}, {1, 5}, {2, 4}], [{8, 6}, {3, 7}, {2, 5}, {1, 4}], [{8, 6}, {3, 7}, {4, 5}, {1, 2}], [{8, 6}, {4, 7}, {1, 5}, {2, 3}], [{8, 6}, {4, 7}, {2, 5}, {1, 3}], [{8, 6}, {4, 7}, {3, 5}, {1, 2}], [{8, 6}, {5, 7}, {1, 4}, {2, 3}], [{8, 6}, {5, 7}, {2, 4}, {1, 3}], [{8, 6}, {5, 7}, {3, 4}, {1, 2}], [{8, 6}, {7}, {2, 5}, {3, 4}, {1}], [{8, 7}, {1, 6}, {2, 5}, {3, 4}], [{8, 7}, {1, 6}, {3, 5}, {2, 4}], [{8, 7}, {1, 6}, {3, 5}, {4}, {2}], [{8, 7}, {1, 6}, {4, 5}, {2, 3}], [{8, 7}, {2, 6}, {1, 5}, {3, 4}], [{8, 7}, {2, 6}, {3, 5}, {1, 4}], [{8, 7}, {2, 6}, {4, 5}, {1, 3}], [{8, 7}, {3, 6}, {1, 5}, {2, 4}], [{8, 7}, {3, 6}, {2, 5}, {1, 4}], [{8, 7}, {3, 6}, {4, 5}, {1, 2}], [{8, 7}, {4, 6}, {1, 5}, {2, 3}], [{8, 7}, {4, 6}, {2, 5}, {1, 3}], [{8, 7}, {4, 6}, {3, 5}, {1, 2}], [{8, 7}, {5, 6}, {1, 4}, {2, 3}], [{8, 7}, {5, 6}, {1, 4}, {3}, {2}], [{8, 7}, {5, 6}, {2, 4}, {1, 3}], [{8, 7}, {5, 6}, {2, 4}, {3}, {1}], [{8, 7}, {5, 6}, {3, 4}, {1, 2}], [{8, 7}, {5, 6}, {4}, {3}, {1, 2}], [{8, 7}, {6}, {2, 5}, {3, 4}, {1}], [{8}, {1, 7}, {4, 6}, {3, 5}, {2}], [{8}, {1, 7}, {5, 6}, {2, 4}, {3}], [{8}, {2, 7}, {6}, {3, 5}, {1, 4}], [{8}, {3, 7}, {5, 6}, {1, 4}, {2}], [{8}, {3, 7}, {5, 6}, {2, 4}, {1}], [{8}, {3, 7}, {5, 6}, {4}, {1, 2}], [{8}, {4, 7}, {3, 6}, {2, 5}, {1}], [{8}, {5, 7}, {2, 6}, {1, 4}, {3}], [{8}, {5, 7}, {6}, {2, 4}, {1, 3}], [{8}, {6, 7}, {2, 5}, {3, 4}, {1}], [{8}, {6, 7}, {5}, {2, 4}, {1, 3}], [{8}, {7}, {5, 6}, {2, 4}, {1, 3}]]",2,28 K_1^3 + 8 K_1^2 K_2 - 18 K_1^2 - 26 K_1 K_2 - 4 K_1 K_3 - 8 K_1 + 7 K_2 + 6 K_3 + 8,O1O2O3O4U1U4O5U6O7O8U5U7U8U3O6U2,O1O2O3O4U2U3O5U4O6O7U6U1U8U7O8U5,O1O2O3O4U5O6U7U6U4U8O7O8U1O5U2U3,c,{'O1O2O3O4U3O5U2U6U7U8O6O7U5O8U1U4'},1,"<a href=""/flatknot/8.733607"">8.733607</a>",t^9-90t^7-402t^6-291t^5+608t^4+95t^3-450t^2+339t+10,-t^3+t^2+t,,
8.733608,O1O2O3O4U3O5U2U6U7U4O6O8U1O7U8U5,4,z^3+17z^2+99z+139,w^4z^3+17w^3z^2+99w^2z+139w,False,False,"[[ 0 -1 -2 -1  3  3 -2  0  0],[ 1  0 -1 -1  3  3  0  1  0],[ 2  1  0  0  2  2  1  1  0],[ 1  1  0  0  1  1  0  0  0],[-3 -3 -2 -1  0 -1 -3 -2 -1],[-3 -3 -2 -1  1  0 -4 -1 -1],[ 2  0 -1  0  3  4  0  1  1],[ 0 -1 -1  0  2  1 -1  0  0],[ 0  0  0  0  1  1 -1  0  0]]","[[ 0  3  3  0  0 -1 -1 -2 -2],[-3  0  1 -1 -1 -1 -3 -2 -4],[-3 -1  0 -1 -2 -1 -3 -2 -3],[ 0  1  1  0  0  0  0  0 -1],[ 0  1  2  0  0  0 -1 -1 -1],[ 1  1  1  0  0  0  1  0  0],[ 1  3  3  0  1 -1  0 -1  0],[ 2  2  2  0  1  0  1  0  1],[ 2  4  3  1  1  0  0 -1  0]]",True,"[-3,-3,0,0,1,1,2,2,-1,1,1,1,3,2,4,1,2,1,3,2,3,0,0,0,0,1,0,1,1,1,-1,0,0,1,0,-1]","[-3,-3,0,0,1,1,2,2,-1,1,1,1,3,2,4,1,2,1,3,2,3,0,0,0,0,1,0,1,1,1,-1,0,0,1,0,-1]",t^8+68t^6+149t^4+76t^2+4,"[-2,-2,-1,-1,0,0,3,3,-1,0,1,1,2,3,3,1,1,1,1,1,2,1,0,1,1,1,1,1,3,3,0,2,1,2,2,-1]","[-3,-3,0,0,1,1,2,2,-1,1,2,1,3,2,3,2,2,1,3,1,3,0,0,1,1,1,1,1,1,2,-1,1,0,1,1,-1]","[-2,-2,-1,-1,0,0,3,3,-1,0,0,1,1,3,4,0,1,0,1,2,2,1,0,0,1,1,0,1,3,3,0,1,1,2,1,-1]",c,"[[{8, 3}, {6, 7}, {2, 5}, {1, 4}]]",1,- 8 K_1^4 + 12 K_1^3 + 8 K_1^2 K_2 - 38 K_1^2 - 20 K_1 K_2 - 2 K_1 K_3 + K_1 + 20 K_2 + 7 K_3 + 21,O1O2O3O4U5U6O7U4O6O8U1U7U8U3O5U2,O1O2O3O4U2U5O6U3O5O7U6U1U8U4O8U7,O1O2O3O4U5O6U1U6U4U7O5O8U2O7U8U3,c,{'O1O2O3O4U3O5U2U6U7U4O6O8U1O7U8U5'},1,"<a href=""/flatknot/8.733608"">8.733608</a>",t^9-60t^7-186t^6-7t^5+418t^4+127t^3-288t^2-51t+66,-2t^3+2t^2+2t,,
8.733609,O1O2O3O4U3O5U2U6U7U4O6O8U5O7U1U8,4,13z^2+94z+137,-2w^4z^2+15w^3z^2-2w^3z+96w^2z+137w,False,False,"[[ 0 -1 -2 -1  3  2 -2  0  1],[ 1  0 -2 -1  3  3 -1  0  1],[ 2  2  0  0  2  2  1  0  1],[ 1  1  0  0  1  1  0  0  0],[-3 -3 -2 -1  0  0 -3 -3  0],[-2 -3 -2 -1  0  0 -2 -1  0],[ 2  1 -1  0  3  2  0  1  2],[ 0  0  0  0  3  1 -1  0  1],[-1 -1 -1  0  0  0 -2 -1  0]]","[[ 0  3  2  1  0 -1 -1 -2 -2],[-3  0  0  0 -3 -1 -3 -2 -3],[-2  0  0  0 -1 -1 -3 -2 -2],[-1  0  0  0 -1  0 -1 -1 -2],[ 0  3  1  1  0  0  0  0 -1],[ 1  1  1  0  0  0  1  0  0],[ 1  3  3  1  0 -1  0 -2 -1],[ 2  2  2  1  0  0  2  0  1],[ 2  3  2  2  1  0  1 -1  0]]",True,"[-3,-2,-1,0,1,1,2,2,0,0,3,1,3,2,3,0,1,1,3,2,2,1,0,1,1,2,0,0,0,1,-1,0,0,2,1,-1]","[-3,-2,-1,0,1,1,2,2,0,0,3,1,3,2,3,0,1,1,3,2,2,1,0,1,1,2,0,0,0,1,-1,0,0,2,1,-1]",t^8+66t^6+263t^4+184t^2+1,"[-2,-2,-1,-1,0,1,2,3,-1,-1,1,2,2,2,3,0,1,1,1,2,2,1,1,1,0,1,1,2,2,3,0,1,0,1,2,1]","[-3,-2,-1,0,1,1,2,2,1,2,0,1,3,2,3,1,1,0,2,2,2,0,1,2,1,2,1,1,1,2,-1,0,-1,1,1,-1]","[-2,-2,-1,-1,0,1,2,3,-1,0,1,1,2,2,3,0,2,0,1,2,2,1,0,0,1,1,0,1,3,3,1,1,3,0,0,0]",c,"[[{8, 1}, {2, 7}, {3, 6}, {4, 5}], [{8, 1}, {2, 7}, {4, 6}, {3, 5}], [{8, 1}, {2, 7}, {5, 6}, {3, 4}], [{8, 1}, {2, 7}, {5, 6}, {4}, {3}], [{8, 1}, {3, 7}, {2, 6}, {4, 5}], [{8, 1}, {3, 7}, {4, 6}, {2, 5}], [{8, 1}, {3, 7}, {5, 6}, {2, 4}], [{8, 1}, {4, 7}, {2, 6}, {3, 5}], [{8, 1}, {4, 7}, {3, 6}, {2, 5}], [{8, 1}, {4, 7}, {5, 6}, {2, 3}], [{8, 1}, {5, 7}, {2, 6}, {3, 4}], [{8, 1}, {5, 7}, {3, 6}, {2, 4}], [{8, 1}, {5, 7}, {4, 6}, {2, 3}], [{8, 1}, {5, 7}, {6}, {3, 4}, {2}], [{8, 1}, {6, 7}, {2, 5}, {3, 4}], [{8, 1}, {6, 7}, {3, 5}, {2, 4}], [{8, 1}, {6, 7}, {4, 5}, {2, 3}], [{8, 1}, {6, 7}, {5}, {4}, {2, 3}], [{8, 1}, {7}, {2, 6}, {5}, {3, 4}], [{8, 2}, {1, 7}, {3, 6}, {4, 5}], [{8, 2}, {1, 7}, {4, 6}, {3, 5}], [{8, 2}, {1, 7}, {5, 6}, {3, 4}], [{8, 2}, {3, 7}, {1, 6}, {4, 5}], [{8, 2}, {3, 7}, {4, 6}, {1, 5}], [{8, 2}, {3, 7}, {5, 6}, {1, 4}], [{8, 2}, {4, 7}, {1, 6}, {3, 5}], [{8, 2}, {4, 7}, {3, 6}, {1, 5}], [{8, 2}, {4, 7}, {5, 6}, {1, 3}], [{8, 2}, {4, 7}, {5, 6}, {3}, {1}], [{8, 2}, {5, 7}, {1, 6}, {3, 4}], [{8, 2}, {5, 7}, {3, 6}, {1, 4}], [{8, 2}, {5, 7}, {4, 6}, {1, 3}], [{8, 2}, {5, 7}, {4, 6}, {3}, {1}], [{8, 2}, {6, 7}, {1, 5}, {3, 4}], [{8, 2}, {6, 7}, {1, 5}, {4}, {3}], [{8, 2}, {6, 7}, {3, 5}, {1, 4}], [{8, 2}, {6, 7}, {4, 5}, {1, 3}], [{8, 2}, {6, 7}, {4, 5}, {3}, {1}], [{8, 2}, {6, 7}, {5}, {1, 4}, {3}], [{8, 2}, {7}, {1, 6}, {3, 5}, {4}], [{8, 3}, {1, 7}, {2, 6}, {4, 5}], [{8, 3}, {1, 7}, {4, 6}, {2, 5}], [{8, 3}, {1, 7}, {5, 6}, {2, 4}], [{8, 3}, {2, 7}, {1, 6}, {4, 5}], [{8, 3}, {2, 7}, {4, 6}, {1, 5}], [{8, 3}, {2, 7}, {5, 6}, {1, 4}], [{8, 3}, {4, 7}, {1, 6}, {2, 5}], [{8, 3}, {4, 7}, {2, 6}, {1, 5}], [{8, 3}, {4, 7}, {5, 6}, {1, 2}], [{8, 3}, {5, 7}, {1, 6}, {2, 4}], [{8, 3}, {5, 7}, {2, 6}, {1, 4}], [{8, 3}, {5, 7}, {4, 6}, {1, 2}], [{8, 3}, {5, 7}, {6}, {2, 4}, {1}], [{8, 3}, {6, 7}, {1, 5}, {2, 4}], [{8, 3}, {6, 7}, {2, 5}, {1, 4}], [{8, 3}, {6, 7}, {4, 5}, {1, 2}], [{8, 4}, {1, 7}, {2, 6}, {3, 5}], [{8, 4}, {1, 7}, {3, 6}, {2, 5}], [{8, 4}, {1, 7}, {5, 6}, {2, 3}], [{8, 4}, {2, 7}, {1, 6}, {3, 5}], [{8, 4}, {2, 7}, {3, 6}, {1, 5}], [{8, 4}, {2, 7}, {5, 6}, {1, 3}], [{8, 4}, {3, 7}, {1, 6}, {2, 5}], [{8, 4}, {3, 7}, {2, 6}, {1, 5}], [{8, 4}, {3, 7}, {5, 6}, {1, 2}], [{8, 4}, {5, 7}, {1, 6}, {2, 3}], [{8, 4}, {5, 7}, {2, 6}, {1, 3}], [{8, 4}, {5, 7}, {3, 6}, {1, 2}], [{8, 4}, {5, 7}, {6}, {1, 3}, {2}], [{8, 4}, {6, 7}, {1, 5}, {2, 3}], [{8, 4}, {6, 7}, {2, 5}, {1, 3}], [{8, 4}, {6, 7}, {3, 5}, {1, 2}], [{8, 4}, {6, 7}, {5}, {1, 3}, {2}], [{8, 4}, {7}, {5, 6}, {1, 3}, {2}], [{8, 5}, {1, 7}, {2, 6}, {3, 4}], [{8, 5}, {1, 7}, {3, 6}, {2, 4}], [{8, 5}, {1, 7}, {4, 6}, {2, 3}], [{8, 5}, {1, 7}, {4, 6}, {3}, {2}], [{8, 5}, {2, 7}, {1, 6}, {3, 4}], [{8, 5}, {2, 7}, {3, 6}, {1, 4}], [{8, 5}, {2, 7}, {4, 6}, {1, 3}], [{8, 5}, {2, 7}, {4, 6}, {3}, {1}], [{8, 5}, {3, 7}, {1, 6}, {2, 4}], [{8, 5}, {3, 7}, {2, 6}, {1, 4}], [{8, 5}, {3, 7}, {4, 6}, {1, 2}], [{8, 5}, {3, 7}, {4, 6}, {2}, {1}], [{8, 5}, {4, 7}, {1, 6}, {2, 3}], [{8, 5}, {4, 7}, {2, 6}, {1, 3}], [{8, 5}, {4, 7}, {3, 6}, {1, 2}], [{8, 5}, {6, 7}, {1, 4}, {2, 3}], [{8, 5}, {6, 7}, {2, 4}, {1, 3}], [{8, 5}, {6, 7}, {3, 4}, {1, 2}], [{8, 5}, {7}, {1, 6}, {3, 4}, {2}], [{8, 5}, {7}, {3, 6}, {1, 4}, {2}], [{8, 5}, {7}, {4, 6}, {1, 3}, {2}], [{8, 5}, {7}, {4, 6}, {2, 3}, {1}], [{8, 5}, {7}, {4, 6}, {3}, {1, 2}], [{8, 5}, {7}, {4, 6}, {3}, {2}, {1}], [{8, 6}, {1, 7}, {2, 5}, {3, 4}], [{8, 6}, {1, 7}, {3, 5}, {2, 4}], [{8, 6}, {1, 7}, {4, 5}, {2, 3}], [{8, 6}, {2, 7}, {1, 5}, {3, 4}], [{8, 6}, {2, 7}, {3, 5}, {1, 4}], [{8, 6}, {2, 7}, {3, 5}, {4}, {1}], [{8, 6}, {2, 7}, {4, 5}, {1, 3}], [{8, 6}, {2, 7}, {5}, {1, 4}, {3}], [{8, 6}, {3, 7}, {1, 5}, {2, 4}], [{8, 6}, {3, 7}, {1, 5}, {4}, {2}], [{8, 6}, {3, 7}, {2, 5}, {1, 4}], [{8, 6}, {3, 7}, {4, 5}, {1, 2}], [{8, 6}, {4, 7}, {1, 5}, {2, 3}], [{8, 6}, {4, 7}, {2, 5}, {1, 3}], [{8, 6}, {4, 7}, {3, 5}, {1, 2}], [{8, 6}, {4, 7}, {3, 5}, {2}, {1}], [{8, 6}, {5, 7}, {1, 4}, {2, 3}], [{8, 6}, {5, 7}, {2, 4}, {1, 3}], [{8, 6}, {5, 7}, {3, 4}, {1, 2}], [{8, 6}, {7}, {1, 5}, {2, 4}, {3}], [{8, 6}, {7}, {3, 5}, {2, 4}, {1}], [{8, 6}, {7}, {5}, {2, 4}, {1, 3}], [{8, 7}, {1, 6}, {2, 5}, {3, 4}], [{8, 7}, {1, 6}, {3, 5}, {2, 4}], [{8, 7}, {1, 6}, {4, 5}, {2, 3}], [{8, 7}, {2, 6}, {1, 5}, {3, 4}], [{8, 7}, {2, 6}, {3, 5}, {1, 4}], [{8, 7}, {2, 6}, {4, 5}, {1, 3}], [{8, 7}, {3, 6}, {1, 5}, {2, 4}], [{8, 7}, {3, 6}, {2, 5}, {1, 4}], [{8, 7}, {3, 6}, {4, 5}, {1, 2}], [{8, 7}, {3, 6}, {4, 5}, {2}, {1}], [{8, 7}, {4, 6}, {1, 5}, {2, 3}], [{8, 7}, {4, 6}, {2, 5}, {1, 3}], [{8, 7}, {4, 6}, {2, 5}, {3}, {1}], [{8, 7}, {4, 6}, {3, 5}, {1, 2}], [{8, 7}, {5, 6}, {1, 4}, {2, 3}], [{8, 7}, {5, 6}, {2, 4}, {1, 3}], [{8, 7}, {5, 6}, {3, 4}, {1, 2}], [{8, 7}, {6}, {1, 5}, {4}, {2, 3}], [{8, 7}, {6}, {3, 5}, {2, 4}, {1}], [{8}, {1, 7}, {6}, {2, 5}, {3, 4}], [{8}, {2, 7}, {6}, {1, 5}, {3, 4}], [{8}, {5, 7}, {2, 6}, {3, 4}, {1}], [{8}, {6, 7}, {3, 5}, {2, 4}, {1}]]",2,- 8 K_1^4 + 8 K_1^3 + 12 K_1^2 K_2 - 40 K_1^2 - 30 K_1 K_2 - 2 K_1 K_3 + 9 K_1 - 4 K_2^2 + 19 K_2 + 13 K_3 + K_4 + 23,O1O2O3O4U5U4O6U7O5O8U1U6U8U3O7U2,O1O2O3O4U2U5O6U3O7O5U7U1U8U4O8U6,O1O2O3O4U5O6U1U6U4U7O8O7U2O5U8U3,c,{'O1O2O3O4U3O5U2U6U7U4O6O8U5O7U1U8'},1,"<a href=""/flatknot/8.733609"">8.733609</a>",t^9-62t^7-174t^6+214t^5+812t^4+102t^3-546t^2-77t+40,-t^3+t^2+t,,
8.733610,O1O2O3O4U3O5U2U6U7U8O6O8U1O7U5U4,4,15z^2+100z+141,15w^3z^2+100w^2z+141w,False,False,"[[ 0 -1 -2 -1  3  2 -2  0  1],[ 1  0  0  0  3  1  0  2  2],[ 2  0  0  0  3  1  2  2  2],[ 1  0  0  0  1  0  1  1  1],[-3 -3 -3 -1  0  0 -5 -2 -2],[-2 -1 -1  0  0  0 -4 -1 -1],[ 2  0 -2 -1  5  4  0  0  2],[ 0 -2 -2 -1  2  1  0  0  1],[-1 -2 -2 -1  2  1 -2 -1  0]]","[[ 0  3  2  1  0 -1 -1 -2 -2],[-3  0  0 -2 -2 -1 -3 -3 -5],[-2  0  0 -1 -1  0 -1 -1 -4],[-1  2  1  0 -1 -1 -2 -2 -2],[ 0  2  1  1  0 -1 -2 -2  0],[ 1  1  0  1  1  0  0  0  1],[ 1  3  1  2  2  0  0  0  0],[ 2  3  1  2  2  0  0  0  2],[ 2  5  4  2  0 -1  0 -2  0]]",True,"[-3,-2,-1,0,1,1,2,2,0,2,2,1,3,3,5,1,1,0,1,1,4,1,1,2,2,2,1,2,2,0,0,0,-1,0,0,-2]","[-3,-2,-1,0,1,1,2,2,0,2,2,1,3,3,5,1,1,0,1,1,4,1,1,2,2,2,1,2,2,0,0,0,-1,0,0,-2]",t^8+100t^6+619t^4+136t^2+4,"[-2,-2,-1,-1,0,1,2,3,-2,1,1,0,1,3,2,1,2,2,1,0,0,0,-1,0,2,1,0,1,3,3,0,1,1,0,0,1]","[-3,-2,-1,0,1,1,2,2,1,0,1,1,3,0,2,0,1,2,3,0,3,0,0,1,1,1,-1,0,2,0,0,1,1,2,1,-2]","[-2,-2,-1,-1,0,1,2,3,-2,-1,0,0,2,4,5,0,0,2,2,1,3,0,1,1,0,1,2,2,1,3,1,1,2,1,2,0]",c,"[[{8, 1}, {2, 7}, {3, 6}, {4, 5}], [{8, 1}, {2, 7}, {3, 6}, {5}, {4}], [{8, 1}, {2, 7}, {4, 6}, {3, 5}], [{8, 1}, {2, 7}, {4, 6}, {5}, {3}], [{8, 1}, {2, 7}, {5, 6}, {3, 4}], [{8, 1}, {2, 7}, {6}, {5}, {3, 4}], [{8, 1}, {3, 7}, {2, 6}, {4, 5}], [{8, 1}, {3, 7}, {4, 6}, {2, 5}], [{8, 1}, {3, 7}, {5, 6}, {2, 4}], [{8, 1}, {3, 7}, {6}, {5}, {2, 4}], [{8, 1}, {4, 7}, {2, 6}, {3, 5}], [{8, 1}, {4, 7}, {3, 6}, {2, 5}], [{8, 1}, {4, 7}, {5, 6}, {2, 3}], [{8, 1}, {5, 7}, {2, 6}, {3, 4}], [{8, 1}, {5, 7}, {3, 6}, {2, 4}], [{8, 1}, {5, 7}, {4, 6}, {2, 3}], [{8, 1}, {5, 7}, {6}, {2, 4}, {3}], [{8, 1}, {6, 7}, {2, 5}, {3, 4}], [{8, 1}, {6, 7}, {3, 5}, {2, 4}], [{8, 1}, {6, 7}, {4, 5}, {2, 3}], [{8, 1}, {7}, {6}, {3, 5}, {2, 4}], [{8, 2}, {1, 7}, {3, 6}, {4, 5}], [{8, 2}, {1, 7}, {3, 6}, {5}, {4}], [{8, 2}, {1, 7}, {4, 6}, {3, 5}], [{8, 2}, {1, 7}, {4, 6}, {5}, {3}], [{8, 2}, {1, 7}, {5, 6}, {3, 4}], [{8, 2}, {1, 7}, {6}, {5}, {3, 4}], [{8, 2}, {3, 7}, {1, 6}, {4, 5}], [{8, 2}, {3, 7}, {4, 6}, {1, 5}], [{8, 2}, {3, 7}, {5, 6}, {1, 4}], [{8, 2}, {3, 7}, {6}, {5}, {1, 4}], [{8, 2}, {4, 7}, {1, 6}, {3, 5}], [{8, 2}, {4, 7}, {3, 6}, {1, 5}], [{8, 2}, {4, 7}, {5, 6}, {1, 3}], [{8, 2}, {5, 7}, {1, 6}, {3, 4}], [{8, 2}, {5, 7}, {3, 6}, {1, 4}], [{8, 2}, {5, 7}, {4, 6}, {1, 3}], [{8, 2}, {6, 7}, {1, 5}, {3, 4}], [{8, 2}, {6, 7}, {3, 5}, {1, 4}], [{8, 2}, {6, 7}, {4, 5}, {1, 3}], [{8, 2}, {6, 7}, {5}, {3, 4}, {1}], [{8, 2}, {7}, {1, 6}, {5}, {3, 4}], [{8, 2}, {7}, {4, 6}, {3, 5}, {1}], [{8, 2}, {7}, {5, 6}, {4}, {1, 3}], [{8, 3}, {1, 7}, {2, 6}, {4, 5}], [{8, 3}, {1, 7}, {4, 6}, {2, 5}], [{8, 3}, {1, 7}, {5, 6}, {2, 4}], [{8, 3}, {1, 7}, {6}, {5}, {2, 4}], [{8, 3}, {2, 7}, {1, 6}, {4, 5}], [{8, 3}, {2, 7}, {4, 6}, {1, 5}], [{8, 3}, {2, 7}, {5, 6}, {1, 4}], [{8, 3}, {2, 7}, {6}, {5}, {1, 4}], [{8, 3}, {4, 7}, {1, 6}, {2, 5}], [{8, 3}, {4, 7}, {2, 6}, {1, 5}], [{8, 3}, {4, 7}, {5, 6}, {1, 2}], [{8, 3}, {5, 7}, {1, 6}, {2, 4}], [{8, 3}, {5, 7}, {2, 6}, {1, 4}], [{8, 3}, {5, 7}, {4, 6}, {1, 2}], [{8, 3}, {5, 7}, {6}, {1, 4}, {2}], [{8, 3}, {6, 7}, {1, 5}, {2, 4}], [{8, 3}, {6, 7}, {2, 5}, {1, 4}], [{8, 3}, {6, 7}, {4, 5}, {1, 2}], [{8, 3}, {6, 7}, {4, 5}, {2}, {1}], [{8, 3}, {7}, {1, 6}, {2, 5}, {4}], [{8, 3}, {7}, {4, 6}, {1, 5}, {2}], [{8, 3}, {7}, {4, 6}, {2, 5}, {1}], [{8, 3}, {7}, {4, 6}, {5}, {1, 2}], [{8, 3}, {7}, {6}, {2, 5}, {1, 4}], [{8, 4}, {1, 7}, {2, 6}, {3, 5}], [{8, 4}, {1, 7}, {3, 6}, {2, 5}], [{8, 4}, {1, 7}, {5, 6}, {2, 3}], [{8, 4}, {2, 7}, {1, 6}, {3, 5}], [{8, 4}, {2, 7}, {3, 6}, {1, 5}], [{8, 4}, {2, 7}, {5, 6}, {1, 3}], [{8, 4}, {3, 7}, {1, 6}, {2, 5}], [{8, 4}, {3, 7}, {2, 6}, {1, 5}], [{8, 4}, {3, 7}, {5, 6}, {1, 2}], [{8, 4}, {5, 7}, {1, 6}, {2, 3}], [{8, 4}, {5, 7}, {1, 6}, {3}, {2}], [{8, 4}, {5, 7}, {2, 6}, {1, 3}], [{8, 4}, {5, 7}, {3, 6}, {1, 2}], [{8, 4}, {6, 7}, {1, 5}, {2, 3}], [{8, 4}, {6, 7}, {2, 5}, {1, 3}], [{8, 4}, {6, 7}, {3, 5}, {1, 2}], [{8, 4}, {6, 7}, {5}, {1, 3}, {2}], [{8, 5}, {1, 7}, {2, 6}, {3, 4}], [{8, 5}, {1, 7}, {3, 6}, {2, 4}], [{8, 5}, {1, 7}, {4, 6}, {2, 3}], [{8, 5}, {2, 7}, {1, 6}, {3, 4}], [{8, 5}, {2, 7}, {3, 6}, {1, 4}], [{8, 5}, {2, 7}, {4, 6}, {1, 3}], [{8, 5}, {3, 7}, {1, 6}, {2, 4}], [{8, 5}, {3, 7}, {2, 6}, {1, 4}], [{8, 5}, {3, 7}, {4, 6}, {1, 2}], [{8, 5}, {4, 7}, {1, 6}, {2, 3}], [{8, 5}, {4, 7}, {2, 6}, {1, 3}], [{8, 5}, {4, 7}, {3, 6}, {1, 2}], [{8, 5}, {4, 7}, {6}, {1, 3}, {2}], [{8, 5}, {6, 7}, {1, 4}, {2, 3}], [{8, 5}, {6, 7}, {2, 4}, {1, 3}], [{8, 5}, {6, 7}, {3, 4}, {1, 2}], [{8, 5}, {7}, {1, 6}, {2, 4}, {3}], [{8, 6}, {1, 7}, {2, 5}, {3, 4}], [{8, 6}, {1, 7}, {3, 5}, {2, 4}], [{8, 6}, {1, 7}, {4, 5}, {2, 3}], [{8, 6}, {2, 7}, {1, 5}, {3, 4}], [{8, 6}, {2, 7}, {3, 5}, {1, 4}], [{8, 6}, {2, 7}, {4, 5}, {1, 3}], [{8, 6}, {3, 7}, {1, 5}, {2, 4}], [{8, 6}, {3, 7}, {2, 5}, {1, 4}], [{8, 6}, {3, 7}, {4, 5}, {1, 2}], [{8, 6}, {3, 7}, {5}, {1, 4}, {2}], [{8, 6}, {4, 7}, {1, 5}, {2, 3}], [{8, 6}, {4, 7}, {2, 5}, {1, 3}], [{8, 6}, {4, 7}, {3, 5}, {1, 2}], [{8, 6}, {5, 7}, {1, 4}, {2, 3}], [{8, 6}, {5, 7}, {2, 4}, {1, 3}], [{8, 6}, {5, 7}, {3, 4}, {1, 2}], [{8, 7}, {1, 6}, {2, 5}, {3, 4}], [{8, 7}, {1, 6}, {3, 5}, {2, 4}], [{8, 7}, {1, 6}, {4, 5}, {2, 3}], [{8, 7}, {2, 6}, {1, 5}, {3, 4}], [{8, 7}, {2, 6}, {3, 5}, {1, 4}], [{8, 7}, {2, 6}, {4, 5}, {1, 3}], [{8, 7}, {3, 6}, {1, 5}, {2, 4}], [{8, 7}, {3, 6}, {2, 5}, {1, 4}], [{8, 7}, {3, 6}, {4, 5}, {1, 2}], [{8, 7}, {4, 6}, {1, 5}, {2, 3}], [{8, 7}, {4, 6}, {2, 5}, {1, 3}], [{8, 7}, {4, 6}, {3, 5}, {1, 2}], [{8, 7}, {5, 6}, {1, 4}, {2, 3}], [{8, 7}, {5, 6}, {2, 4}, {1, 3}], [{8, 7}, {5, 6}, {3, 4}, {1, 2}], [{8, 7}, {6}, {3, 5}, {4}, {1, 2}], [{8, 7}, {6}, {5}, {1, 4}, {2, 3}], [{8}, {1, 7}, {4, 6}, {3, 5}, {2}], [{8}, {3, 7}, {1, 6}, {4, 5}, {2}], [{8}, {3, 7}, {2, 6}, {5}, {1, 4}], [{8}, {5, 7}, {2, 6}, {1, 4}, {3}], [{8}, {5, 7}, {4, 6}, {1, 3}, {2}], [{8}, {5, 7}, {6}, {3, 4}, {1, 2}], [{8}, {6, 7}, {2, 5}, {1, 4}, {3}], [{8}, {6, 7}, {3, 5}, {2, 4}, {1}], [{8}, {7}, {2, 6}, {3, 5}, {1, 4}], [{8}, {7}, {5, 6}, {1, 4}, {2, 3}]]",2,12 K_1^3 + 4 K_1^2 K_2 - 32 K_1^2 - 30 K_1 K_2 - 2 K_1 K_3 + 6 K_1 - 2 K_2^2 + 15 K_2 + 12 K_3 + K_4 + 17,O1O2O3O4U1U5O6U4O7O8U7U6U8U3O5U2,O1O2O3O4U2U4O5U3O6O7U5U1U8U7O8U6,O1O2O3O4U5O6U7U6U4U8O7O5U2O8U1U3,c,{'O1O2O3O4U3O5U2U6U7U8O6O8U1O7U5U4'},1,"<a href=""/flatknot/8.733610"">8.733610</a>",t^9-96t^7-314t^6+364t^5+1166t^4+373t^3-266t^2-240t-18,-t^3+t^2+t,,
8.733611,O1O2O3O4U3O5U2U6U7U8O6O8U4O7U1U5,4,23z^2+108z+125,23w^3z^2+108w^2z+125w,False,False,"[[ 0 -1 -2 -1  2  3 -2  0  1],[ 1  0 -1 -1  3  3 -1  1  2],[ 2  1  0  0  2  2  2  1  2],[ 1  1  0  0  1  1  1  0  1],[-2 -3 -2 -1  0  0 -3 -1 -1],[-3 -3 -2 -1  0  0 -5 -2 -2],[ 2  1 -2 -1  3  5  0  0  2],[ 0 -1 -1  0  1  2  0  0  1],[-1 -2 -2 -1  1  2 -2 -1  0]]","[[ 0  3  2  1  0 -1 -1 -2 -2],[-3  0  0 -2 -2 -1 -3 -2 -5],[-2  0  0 -1 -1 -1 -3 -2 -3],[-1  2  1  0 -1 -1 -2 -2 -2],[ 0  2  1  1  0  0 -1 -1  0],[ 1  1  1  1  0  0  1  0  1],[ 1  3  3  2  1 -1  0 -1 -1],[ 2  2  2  2  1  0  1  0  2],[ 2  5  3  2  0 -1  1 -2  0]]",True,"[-3,-2,-1,0,1,1,2,2,0,2,2,1,3,2,5,1,1,1,3,2,3,1,1,2,2,2,0,1,1,0,-1,0,-1,1,1,-2]","[-3,-2,-1,0,1,1,2,2,0,2,2,1,3,2,5,1,1,1,3,2,3,1,1,2,2,2,0,1,1,0,-1,0,-1,1,1,-2]",t^8+96t^6+312t^4+111t^2+4,"[-2,-2,-1,-1,0,1,2,3,-2,0,1,1,1,2,3,0,2,2,1,1,0,1,0,0,0,1,1,1,2,3,0,1,1,0,0,1]","[-3,-2,-1,0,1,1,2,2,1,0,1,1,3,0,3,0,1,0,2,1,2,0,0,1,1,1,0,1,2,1,-1,0,0,2,1,-2]","[-2,-2,-1,-1,0,1,2,3,-2,-1,1,0,2,3,5,0,1,1,2,2,2,1,0,1,1,1,1,2,3,3,1,1,2,1,2,0]",c,"[[{8, 2}, {6, 7}, {3, 5}, {1, 4}], [{8, 3}, {6, 7}, {2, 5}, {1, 4}]]",1,20 K_1^3 + 12 K_1^2 K_2 - 28 K_1^2 - 22 K_1 K_2 - 10 K_1 K_3 - 4 K_1 - 2 K_2^2 + 13 K_2 + 6 K_3 + 3 K_4 + 13,O1O2O3O4U5U4O6U1O7O8U7U6U8U3O5U2,O1O2O3O4U2U4O5U3O6O7U6U1U8U5O8U7,O1O2O3O4U5O6U7U6U4U8O5O8U2O7U1U3,c,{'O1O2O3O4U3O5U2U6U7U8O6O8U4O7U1U5'},1,"<a href=""/flatknot/8.733611"">8.733611</a>",t^9-92t^7-392t^6-301t^5+538t^4+558t^3-194t^2-192t+38,-t^3+t^2+t,,
8.733612,O1O2O3O4U3O5U2U6U7U8O6O8U5O7U1U4,3,20z^2+99z+119,20w^3z^2+99w^2z+119w,False,False,"[[ 0 -1 -2 -1  3  2 -2  0  1],[ 1  0 -1  0  3  2 -1  1  2],[ 2  1  0  0  3  1  2  1  2],[ 1  0  0  0  1  0  1  1  1],[-3 -3 -3 -1  0  1 -5 -3 -2],[-2 -2 -1  0 -1  0 -3 -1 -1],[ 2  1 -2 -1  5  3  0  0  2],[ 0 -1 -1 -1  3  1  0  0  1],[-1 -2 -2 -1  2  1 -2 -1  0]]","[[ 0  3  2  1  0 -1 -1 -2 -2],[-3  0  1 -2 -3 -1 -3 -3 -5],[-2 -1  0 -1 -1  0 -2 -1 -3],[-1  2  1  0 -1 -1 -2 -2 -2],[ 0  3  1  1  0 -1 -1 -1  0],[ 1  1  0  1  1  0  0  0  1],[ 1  3  2  2  1  0  0 -1 -1],[ 2  3  1  2  1  0  1  0  2],[ 2  5  3  2  0 -1  1 -2  0]]",True,"[-3,-2,-1,0,1,1,2,2,-1,2,3,1,3,3,5,1,1,0,2,1,3,1,1,2,2,2,1,1,1,0,0,0,-1,1,1,-2]","[-3,-2,-1,0,1,1,2,2,-1,2,3,1,3,3,5,1,1,0,2,1,3,1,1,2,2,2,1,1,1,0,0,0,-1,1,1,-2]",t^8+98t^6+350t^4+48t^2,"[-2,-2,-1,-1,0,1,2,3,-2,0,1,1,1,3,2,0,2,2,1,1,0,0,0,0,1,1,0,1,3,3,0,1,0,0,0,2]","[-3,-2,-1,0,1,1,2,2,2,0,0,1,3,0,2,0,1,1,3,1,3,0,0,1,1,1,0,0,2,1,0,0,0,2,1,-2]","[-2,-2,-1,-1,0,1,2,3,-2,-1,1,0,2,3,5,0,1,1,2,1,3,0,1,1,0,1,1,2,2,3,1,1,3,1,2,-1]",c,"[[{8, 2}, {6, 7}, {3, 5}, {1, 4}]]",1,16 K_1^3 + 8 K_1^2 K_2 - 20 K_1^2 - 26 K_1 K_2 - 6 K_1 K_3 + K_1 - 6 K_2^2 + 9 K_2 + 9 K_3 + 4 K_4 + 12,O1O2O3O4U1U4O5U6O7O8U7U5U8U3O6U2,O1O2O3O4U2U4O5U3O6O7U6U1U8U7O8U5,O1O2O3O4U5O6U7U6U4U8O7O8U2O5U1U3,c,{'O1O2O3O4U3O5U2U6U7U8O6O8U5O7U1U4'},1,"<a href=""/flatknot/8.733612"">8.733612</a>",t^9-94t^7-434t^6-445t^5+458t^4+719t^3-122t^2-404t-104,-t^3+t^2+t,,
8.733613,O1O2O3O4U3O5U2U6U1U4O7O6U5O8U7U8,4,11z^2+94z+145,11w^3z^2-2w^3z+96w^2z+145w,False,False,"[[ 0 -1 -2 -1  3  2 -1 -1  1],[ 1  0  0  0  3  2  0  0  0],[ 2  0  0  0  2  2  1  1  0],[ 1  0  0  0  1  1  0  0  0],[-3 -3 -2 -1  0  0 -3  0  0],[-2 -2 -2 -1  0  0 -2  0  1],[ 1  0 -1  0  3  2  0 -1  0],[ 1  0 -1  0  0  0  1  0  1],[-1  0  0  0  0 -1  0 -1  0]]","[[ 0  3  2  1 -1 -1 -1 -1 -2],[-3  0  0  0  0 -1 -3 -3 -2],[-2  0  0  1  0 -1 -2 -2 -2],[-1  0 -1  0 -1  0  0  0  0],[ 1  0  0  1  0  0  1  0 -1],[ 1  1  1  0  0  0  0  0  0],[ 1  3  2  0 -1  0  0  0 -1],[ 1  3  2  0  0  0  0  0  0],[ 2  2  2  0  1  0  1  0  0]]",True,"[-3,-2,-1,1,1,1,1,2,0,0,0,1,3,3,2,-1,0,1,2,2,2,1,0,0,0,0,0,-1,0,1,0,0,0,0,1,0]","[-3,-2,-1,1,1,1,1,2,0,0,0,1,3,3,2,-1,0,1,2,2,2,1,0,0,0,0,0,-1,0,1,0,0,0,0,1,0]",t^8+41t^6+159t^4+54t^2+1,"[-2,-1,-1,-1,-1,1,2,3,0,0,1,1,3,2,3,-1,0,0,1,3,4,0,0,2,1,1,0,2,1,1,2,2,3,2,2,1]","[-3,-2,-1,1,1,1,1,2,1,2,1,1,3,4,3,2,1,1,2,3,2,2,2,2,1,3,0,0,-1,0,0,0,1,0,1,0]","[-2,-1,-1,-1,-1,1,2,3,0,0,1,1,0,2,2,0,0,0,0,1,1,0,0,0,2,3,-1,0,2,3,1,0,0,-1,0,0]",c,"[[{8, 3}, {1, 7}, {4, 6}, {2, 5}], [{8, 3}, {4, 7}, {1, 6}, {2, 5}], [{8, 3}, {6, 7}, {2, 5}, {1, 4}]]",1,4 K_1^3 - 30 K_1^2 - 18 K_1 K_2 - 2 K_1 K_3 + 6 K_1 - 2 K_2^2 + 16 K_2 + 8 K_3 + 2 K_4 + 17,O1O2O3O4U5U6O5U7O8O6U1U4U8U3O7U2,O1O2O3O4U5U2O6U7O5O7U3U1U8U4O8U6,O1O2O3O4U5O6U1U6U4U2O7O8U7O5U3U8,c,{'O1O2O3O4U3O5U2U6U1U4O7O6U5O8U7U8'},1,"<a href=""/flatknot/8.733613"">8.733613</a>",t^9-35t^7-28t^6+109t^5+106t^4-70t^3+4t^2+14t+2,-t^3+3t,,
8.733614,O1O2O3O4U3O5U2U6U1U4O7O6U7O8U5U8,4,19z^2+104z+133,19w^3z^2+104w^2z+133w,False,False,"[[ 0 -1 -2 -1  3  2 -1 -1  1],[ 1  0  0  0  3  2  0 -1  1],[ 2  0  0  0  2  2  1  0  1],[ 1  0  0  0  1  1  0  0  0],[-3 -3 -2 -1  0  0 -3 -1  1],[-2 -2 -2 -1  0  0 -1 -1  1],[ 1  0 -1  0  3  1  0 -1  1],[ 1  1  0  0  1  1  1  0  0],[-1 -1 -1  0 -1 -1 -1  0  0]]","[[ 0  3  2  1 -1 -1 -1 -1 -2],[-3  0  0  1 -1 -1 -3 -3 -2],[-2  0  0  1 -1 -1 -1 -2 -2],[-1 -1 -1  0  0  0 -1 -1 -1],[ 1  1  1  0  0  0  1  1  0],[ 1  1  1  0  0  0  0  0  0],[ 1  3  1  1 -1  0  0  0 -1],[ 1  3  2  1 -1  0  0  0  0],[ 2  2  2  1  0  0  1  0  0]]",True,"[-3,-2,-1,1,1,1,1,2,0,-1,1,1,3,3,2,-1,1,1,1,2,2,0,0,1,1,1,0,-1,-1,0,0,0,0,0,1,0]","[-3,-2,-1,1,1,1,1,2,0,-1,1,1,3,3,2,-1,1,1,1,2,2,0,0,1,1,1,0,-1,-1,0,0,0,0,0,1,0]",t^8+43t^6+92t^4+31t^2+1,"[-2,-1,-1,-1,-1,1,2,3,0,1,1,1,2,2,3,0,0,1,1,2,1,0,0,2,2,3,1,1,1,1,2,2,3,2,3,1]","[-3,-2,-1,1,1,1,1,2,1,3,1,1,3,3,3,2,1,2,2,2,2,1,1,2,2,2,0,-1,0,1,-1,0,0,0,1,1]","[-2,-1,-1,-1,-1,1,2,3,0,0,0,1,1,2,2,-1,0,0,1,2,3,0,1,0,1,1,0,0,1,1,1,1,3,-1,-1,0]",c,"[[{8, 1}, {3, 7}, {4, 6}, {2, 5}], [{8, 1}, {3, 7}, {4, 6}, {5}, {2}], [{8, 1}, {4, 7}, {3, 6}, {2, 5}], [{8, 1}, {6, 7}, {2, 5}, {3, 4}]]",1,12 K_1^3 - 22 K_1^2 - 26 K_1 K_2 - 2 K_1 K_3 + 4 K_1 - 2 K_2^2 + 12 K_2 + 10 K_3 + 2 K_4 + 13,O1O2O3O4U5U6O5U7O8O7U1U4U8U3O6U2,O1O2O3O4U5U2O5U6O7O6U3U1U8U4O8U7,O1O2O3O4U5O6U1U6U4U2O7O5U7O8U3U8,c,{'O1O2O3O4U3O5U2U6U1U4O7O6U7O8U5U8'},1,"<a href=""/flatknot/8.733614"">8.733614</a>",t^9-37t^7-60t^6+100t^5+102t^4-99t^3-32t^2+23t+2,-t^3+3t,,
8.733615,O1O2O3O4U3O5U2U6U4U1O7O6U5O8U7U8,4,17z^2+102z+137,17w^3z^2+102w^2z+137w,False,False,"[[ 0  0 -2 -1  2  2 -1 -1  1],[ 0  0 -1 -1  2  2 -1  0  0],[ 2  1  0  0  2  2  1  1  0],[ 1  1  0  0  1  1  0  0  0],[-2 -2 -2 -1  0  0 -2  0  0],[-2 -2 -2 -1  0  0 -2  0  1],[ 1  1 -1  0  2  2  0 -1  0],[ 1  0 -1  0  0  0  1  0  1],[-1  0  0  0  0 -1  0 -1  0]]","[[ 0  2  2  1  0 -1 -1 -1 -2],[-2  0  0  1 -2  0 -1 -2 -2],[-2  0  0  0 -2  0 -1 -2 -2],[-1 -1  0  0  0 -1  0  0  0],[ 0  2  2  0  0  0 -1 -1 -1],[ 1  0  0  1  0  0  0  1 -1],[ 1  1  1  0  1  0  0  0  0],[ 1  2  2  0  1 -1  0  0 -1],[ 2  2  2  0  1  1  0  1  0]]",True,"[-2,-2,-1,0,1,1,1,2,0,-1,2,0,1,2,2,0,2,0,1,2,2,0,1,0,0,0,0,1,1,1,0,-1,1,0,0,1]","[-2,-2,-1,0,1,1,1,2,0,-1,2,0,1,2,2,0,2,0,1,2,2,0,1,0,0,0,0,1,1,1,0,-1,1,0,0,1]",t^8+34t^6+122t^4+55t^2+4,"[-2,-1,-1,-1,0,1,2,2,0,0,1,1,3,2,2,-1,0,1,1,3,3,0,0,2,1,1,0,2,2,2,1,0,0,1,2,0]","[-2,-2,-1,0,1,1,1,2,0,1,0,1,2,3,2,2,0,1,2,3,2,1,2,2,1,3,0,0,1,1,0,-1,0,0,1,0]","[-2,-1,-1,-1,0,1,2,2,0,1,1,1,0,2,2,0,0,1,0,1,1,-1,1,0,2,2,0,1,0,0,0,2,2,-1,0,0]",c,"[[{8, 1}, {2, 7}, {3, 6}, {4, 5}], [{8, 1}, {2, 7}, {4, 6}, {3, 5}], [{8, 1}, {2, 7}, {5, 6}, {3, 4}], [{8, 1}, {3, 7}, {2, 6}, {4, 5}], [{8, 1}, {3, 7}, {4, 6}, {2, 5}], [{8, 1}, {3, 7}, {5, 6}, {2, 4}], [{8, 1}, {3, 7}, {6}, {5}, {2, 4}], [{8, 1}, {4, 7}, {2, 6}, {3, 5}], [{8, 1}, {4, 7}, {3, 6}, {2, 5}], [{8, 1}, {4, 7}, {5, 6}, {2, 3}], [{8, 1}, {4, 7}, {6}, {2, 5}, {3}], [{8, 1}, {5, 7}, {2, 6}, {3, 4}], [{8, 1}, {5, 7}, {2, 6}, {4}, {3}], [{8, 1}, {5, 7}, {3, 6}, {2, 4}], [{8, 1}, {5, 7}, {4, 6}, {2, 3}], [{8, 1}, {5, 7}, {4, 6}, {3}, {2}], [{8, 1}, {5, 7}, {6}, {2, 4}, {3}], [{8, 1}, {6, 7}, {2, 5}, {3, 4}], [{8, 1}, {6, 7}, {3, 5}, {2, 4}], [{8, 1}, {6, 7}, {4, 5}, {2, 3}], [{8, 1}, {6, 7}, {5}, {2, 4}, {3}], [{8, 1}, {7}, {3, 6}, {5}, {2, 4}], [{8, 1}, {7}, {5, 6}, {2, 4}, {3}], [{8, 1}, {7}, {5, 6}, {3, 4}, {2}], [{8, 1}, {7}, {5, 6}, {4}, {2, 3}], [{8, 1}, {7}, {6}, {3, 5}, {2, 4}], [{8, 2}, {1, 7}, {3, 6}, {4, 5}], [{8, 2}, {1, 7}, {4, 6}, {3, 5}], [{8, 2}, {1, 7}, {5, 6}, {3, 4}], [{8, 2}, {3, 7}, {1, 6}, {4, 5}], [{8, 2}, {3, 7}, {4, 6}, {1, 5}], [{8, 2}, {3, 7}, {5, 6}, {1, 4}], [{8, 2}, {3, 7}, {5, 6}, {4}, {1}], [{8, 2}, {3, 7}, {6}, {5}, {1, 4}], [{8, 2}, {4, 7}, {1, 6}, {3, 5}], [{8, 2}, {4, 7}, {3, 6}, {1, 5}], [{8, 2}, {4, 7}, {5, 6}, {1, 3}], [{8, 2}, {4, 7}, {6}, {3, 5}, {1}], [{8, 2}, {5, 7}, {1, 6}, {3, 4}], [{8, 2}, {5, 7}, {1, 6}, {4}, {3}], [{8, 2}, {5, 7}, {3, 6}, {1, 4}], [{8, 2}, {5, 7}, {4, 6}, {1, 3}], [{8, 2}, {6, 7}, {1, 5}, {3, 4}], [{8, 2}, {6, 7}, {3, 5}, {1, 4}], [{8, 2}, {6, 7}, {4, 5}, {1, 3}], [{8, 2}, {6, 7}, {5}, {1, 4}, {3}], [{8, 2}, {7}, {3, 6}, {5}, {1, 4}], [{8, 2}, {7}, {6}, {1, 5}, {3, 4}], [{8, 3}, {1, 7}, {2, 6}, {4, 5}], [{8, 3}, {1, 7}, {4, 6}, {2, 5}], [{8, 3}, {1, 7}, {5, 6}, {2, 4}], [{8, 3}, {1, 7}, {6}, {5}, {2, 4}], [{8, 3}, {2, 7}, {1, 6}, {4, 5}], [{8, 3}, {2, 7}, {4, 6}, {1, 5}], [{8, 3}, {2, 7}, {5, 6}, {1, 4}], [{8, 3}, {2, 7}, {6}, {5}, {1, 4}], [{8, 3}, {4, 7}, {1, 6}, {2, 5}], [{8, 3}, {4, 7}, {2, 6}, {1, 5}], [{8, 3}, {4, 7}, {5, 6}, {1, 2}], [{8, 3}, {4, 7}, {6}, {5}, {1, 2}], [{8, 3}, {5, 7}, {1, 6}, {2, 4}], [{8, 3}, {5, 7}, {2, 6}, {1, 4}], [{8, 3}, {5, 7}, {4, 6}, {1, 2}], [{8, 3}, {5, 7}, {6}, {2, 4}, {1}], [{8, 3}, {6, 7}, {1, 5}, {2, 4}], [{8, 3}, {6, 7}, {2, 5}, {1, 4}], [{8, 3}, {6, 7}, {4, 5}, {1, 2}], [{8, 3}, {6, 7}, {5}, {2, 4}, {1}], [{8, 3}, {7}, {1, 6}, {5}, {2, 4}], [{8, 3}, {7}, {5, 6}, {2, 4}, {1}], [{8, 3}, {7}, {6}, {1, 5}, {2, 4}], [{8, 3}, {7}, {6}, {5}, {2, 4}, {1}], [{8, 4}, {1, 7}, {2, 6}, {3, 5}], [{8, 4}, {1, 7}, {2, 6}, {5}, {3}], [{8, 4}, {1, 7}, {3, 6}, {2, 5}], [{8, 4}, {1, 7}, {5, 6}, {2, 3}], [{8, 4}, {2, 7}, {1, 6}, {3, 5}], [{8, 4}, {2, 7}, {1, 6}, {5}, {3}], [{8, 4}, {2, 7}, {3, 6}, {1, 5}], [{8, 4}, {2, 7}, {5, 6}, {1, 3}], [{8, 4}, {3, 7}, {1, 6}, {2, 5}], [{8, 4}, {3, 7}, {2, 6}, {1, 5}], [{8, 4}, {3, 7}, {5, 6}, {1, 2}], [{8, 4}, {3, 7}, {5, 6}, {2}, {1}], [{8, 4}, {5, 7}, {1, 6}, {2, 3}], [{8, 4}, {5, 7}, {1, 6}, {3}, {2}], [{8, 4}, {5, 7}, {2, 6}, {1, 3}], [{8, 4}, {5, 7}, {3, 6}, {1, 2}], [{8, 4}, {6, 7}, {1, 5}, {2, 3}], [{8, 4}, {6, 7}, {2, 5}, {1, 3}], [{8, 4}, {6, 7}, {3, 5}, {1, 2}], [{8, 4}, {6, 7}, {5}, {3}, {1, 2}], [{8, 4}, {7}, {1, 6}, {2, 5}, {3}], [{8, 5}, {1, 7}, {2, 6}, {3, 4}], [{8, 5}, {1, 7}, {3, 6}, {2, 4}], [{8, 5}, {1, 7}, {4, 6}, {2, 3}], [{8, 5}, {1, 7}, {6}, {2, 4}, {3}], [{8, 5}, {2, 7}, {1, 6}, {3, 4}], [{8, 5}, {2, 7}, {1, 6}, {4}, {3}], [{8, 5}, {2, 7}, {3, 6}, {1, 4}], [{8, 5}, {2, 7}, {4, 6}, {1, 3}], [{8, 5}, {3, 7}, {1, 6}, {2, 4}], [{8, 5}, {3, 7}, {2, 6}, {1, 4}], [{8, 5}, {3, 7}, {2, 6}, {4}, {1}], [{8, 5}, {3, 7}, {4, 6}, {1, 2}], [{8, 5}, {3, 7}, {4, 6}, {2}, {1}], [{8, 5}, {3, 7}, {6}, {2, 4}, {1}], [{8, 5}, {4, 7}, {1, 6}, {2, 3}], [{8, 5}, {4, 7}, {1, 6}, {3}, {2}], [{8, 5}, {4, 7}, {2, 6}, {1, 3}], [{8, 5}, {4, 7}, {3, 6}, {1, 2}], [{8, 5}, {6, 7}, {1, 4}, {2, 3}], [{8, 5}, {6, 7}, {2, 4}, {1, 3}], [{8, 5}, {6, 7}, {2, 4}, {3}, {1}], [{8, 5}, {6, 7}, {3, 4}, {1, 2}], [{8, 5}, {7}, {1, 6}, {2, 4}, {3}], [{8, 5}, {7}, {3, 6}, {2, 4}, {1}], [{8, 5}, {7}, {4, 6}, {3}, {1, 2}], [{8, 5}, {7}, {6}, {2, 4}, {1, 3}], [{8, 6}, {1, 7}, {2, 5}, {3, 4}], [{8, 6}, {1, 7}, {3, 5}, {2, 4}], [{8, 6}, {1, 7}, {4, 5}, {2, 3}], [{8, 6}, {1, 7}, {5}, {2, 4}, {3}], [{8, 6}, {2, 7}, {1, 5}, {3, 4}], [{8, 6}, {2, 7}, {3, 5}, {1, 4}], [{8, 6}, {2, 7}, {4, 5}, {1, 3}], [{8, 6}, {2, 7}, {5}, {1, 4}, {3}], [{8, 6}, {3, 7}, {1, 5}, {2, 4}], [{8, 6}, {3, 7}, {2, 5}, {1, 4}], [{8, 6}, {3, 7}, {4, 5}, {1, 2}], [{8, 6}, {3, 7}, {5}, {2, 4}, {1}], [{8, 6}, {4, 7}, {1, 5}, {2, 3}], [{8, 6}, {4, 7}, {2, 5}, {1, 3}], [{8, 6}, {4, 7}, {3, 5}, {1, 2}], [{8, 6}, {5, 7}, {1, 4}, {2, 3}], [{8, 6}, {5, 7}, {2, 4}, {1, 3}], [{8, 6}, {5, 7}, {2, 4}, {3}, {1}], [{8, 6}, {5, 7}, {3, 4}, {1, 2}], [{8, 6}, {7}, {1, 5}, {2, 4}, {3}], [{8, 6}, {7}, {3, 5}, {2, 4}, {1}], [{8, 6}, {7}, {4, 5}, {2, 3}, {1}], [{8, 6}, {7}, {5}, {2, 4}, {1, 3}], [{8, 7}, {1, 6}, {2, 5}, {3, 4}], [{8, 7}, {1, 6}, {3, 5}, {2, 4}], [{8, 7}, {1, 6}, {4, 5}, {2, 3}], [{8, 7}, {1, 6}, {5}, {2, 4}, {3}], [{8, 7}, {2, 6}, {1, 5}, {3, 4}], [{8, 7}, {2, 6}, {3, 5}, {1, 4}], [{8, 7}, {2, 6}, {4, 5}, {1, 3}], [{8, 7}, {2, 6}, {5}, {1, 4}, {3}], [{8, 7}, {3, 6}, {1, 5}, {2, 4}], [{8, 7}, {3, 6}, {2, 5}, {1, 4}], [{8, 7}, {3, 6}, {4, 5}, {1, 2}], [{8, 7}, {3, 6}, {5}, {1, 4}, {2}], [{8, 7}, {3, 6}, {5}, {2, 4}, {1}], [{8, 7}, {3, 6}, {5}, {4}, {1, 2}], [{8, 7}, {4, 6}, {1, 5}, {2, 3}], [{8, 7}, {4, 6}, {2, 5}, {1, 3}], [{8, 7}, {4, 6}, {3, 5}, {1, 2}], [{8, 7}, {5, 6}, {1, 4}, {2, 3}], [{8, 7}, {5, 6}, {2, 4}, {1, 3}], [{8, 7}, {5, 6}, {2, 4}, {3}, {1}], [{8, 7}, {5, 6}, {3, 4}, {1, 2}], [{8, 7}, {5, 6}, {3, 4}, {2}, {1}], [{8, 7}, {5, 6}, {4}, {2, 3}, {1}], [{8, 7}, {6}, {1, 5}, {2, 4}, {3}], [{8, 7}, {6}, {2, 5}, {4}, {1, 3}], [{8, 7}, {6}, {3, 5}, {2, 4}, {1}], [{8, 7}, {6}, {4, 5}, {1, 3}, {2}], [{8, 7}, {6}, {5}, {1, 4}, {2, 3}], [{8, 7}, {6}, {5}, {2, 4}, {1, 3}], [{8}, {1, 7}, {3, 6}, {5}, {2, 4}], [{8}, {1, 7}, {5, 6}, {2, 4}, {3}], [{8}, {1, 7}, {5, 6}, {3, 4}, {2}], [{8}, {1, 7}, {5, 6}, {4}, {2, 3}], [{8}, {1, 7}, {6}, {3, 5}, {2, 4}], [{8}, {2, 7}, {1, 6}, {4, 5}, {3}], [{8}, {2, 7}, {3, 6}, {5}, {1, 4}], [{8}, {2, 7}, {5, 6}, {4}, {1, 3}], [{8}, {3, 7}, {1, 6}, {5}, {2, 4}], [{8}, {3, 7}, {5, 6}, {2, 4}, {1}], [{8}, {3, 7}, {6}, {1, 5}, {2, 4}], [{8}, {4, 7}, {5, 6}, {1, 3}, {2}], [{8}, {5, 7}, {1, 6}, {2, 4}, {3}], [{8}, {5, 7}, {3, 6}, {2, 4}, {1}], [{8}, {5, 7}, {6}, {2, 4}, {1, 3}], [{8}, {5, 7}, {6}, {2, 4}, {3}, {1}], [{8}, {6, 7}, {1, 5}, {2, 4}, {3}], [{8}, {6, 7}, {3, 5}, {2, 4}, {1}], [{8}, {6, 7}, {5}, {2, 4}, {1, 3}], [{8}, {6, 7}, {5}, {2, 4}, {3}, {1}], [{8}, {7}, {1, 6}, {3, 5}, {2, 4}], [{8}, {7}, {2, 6}, {4, 5}, {1, 3}], [{8}, {7}, {3, 6}, {1, 5}, {2, 4}], [{8}, {7}, {5, 6}, {2, 4}, {1, 3}], [{8}, {7}, {5, 6}, {2, 4}, {3}, {1}]]",2,8 K_1^3 - 22 K_1^2 - 12 K_1 K_2 + 11 K_2 + 4 K_3 + 12,O1O2O3O4U5U6O5U7O8O6U4U1U8U3O7U2,O1O2O3O4U5U2O6U7O5O7U4U1U8U3O8U6,O1O2O3O4U5O6U2U6U4U1O7O8U7O5U3U8,c,{'O1O2O3O4U3O5U2U6U4U1O7O6U5O8U7U8'},1,"<a href=""/flatknot/8.733615"">8.733615</a>",t^9-32t^7-66t^6+55t^5+194t^4+47t^3-78t^2-11t+10,-t^2+2t,,
8.733616,O1O2O3O4U3O5U2U6U4U1O7O6U7O8U5U8,3,5z^2+50z+81,5w^3z^2+50w^2z+81w,False,False,"[[ 0  0 -2 -1  2  2 -1 -1  1],[ 0  0 -1 -1  2  2 -1 -1  1],[ 2  1  0  0  2  2  1  0  1],[ 1  1  0  0  1  1  0  0  0],[-2 -2 -2 -1  0  0 -2 -1  1],[-2 -2 -2 -1  0  0 -1 -1  1],[ 1  1 -1  0  2  1  0 -1  1],[ 1  1  0  0  1  1  1  0  0],[-1 -1 -1  0 -1 -1 -1  0  0]]","[[ 0  2  2  1  0 -1 -1 -1 -2],[-2  0  0  1 -2 -1 -1 -1 -2],[-2  0  0  1 -2 -1 -1 -2 -2],[-1 -1 -1  0 -1  0  0 -1 -1],[ 0  2  2  1  0 -1 -1 -1 -1],[ 1  1  1  0  1  0  0  1  0],[ 1  1  1  0  1  0  0  0  0],[ 1  1  2  1  1 -1  0  0 -1],[ 2  2  2  1  1  0  0  1  0]]",True,"[-2,-2,-1,0,1,1,1,2,0,-1,2,1,1,1,2,-1,2,1,1,2,2,1,0,0,1,1,1,1,1,1,0,-1,0,0,0,1]","[-2,-2,-1,0,1,1,1,2,0,-1,2,1,1,1,2,-1,2,1,1,2,2,1,0,0,1,1,1,1,1,1,0,-1,0,0,0,1]",t^8+36t^6+61t^4+16t^2,"[-2,-1,-1,-1,0,1,2,2,0,1,1,1,2,2,2,0,1,0,1,1,2,0,0,2,2,2,0,2,2,2,0,0,0,2,2,0]","[-2,-2,-1,0,1,1,1,2,0,2,0,1,2,2,2,2,0,2,2,2,2,0,1,2,2,2,0,0,0,1,-1,0,0,0,1,1]","[-2,-1,-1,-1,0,1,2,2,0,0,1,1,1,2,2,0,0,1,0,1,1,1,1,0,1,1,1,1,1,2,1,2,2,-1,-1,0]",c,"[[{8, 1}, {2, 7}, {3, 6}, {4, 5}], [{8, 1}, {2, 7}, {3, 6}, {5}, {4}], [{8, 1}, {2, 7}, {4, 6}, {3, 5}], [{8, 1}, {2, 7}, {4, 6}, {5}, {3}], [{8, 1}, {2, 7}, {5, 6}, {3, 4}], [{8, 1}, {2, 7}, {5, 6}, {4}, {3}], [{8, 1}, {2, 7}, {6}, {3, 5}, {4}], [{8, 1}, {2, 7}, {6}, {4, 5}, {3}], [{8, 1}, {2, 7}, {6}, {5}, {3, 4}], [{8, 1}, {2, 7}, {6}, {5}, {4}, {3}], [{8, 1}, {3, 7}, {2, 6}, {4, 5}], [{8, 1}, {3, 7}, {2, 6}, {5}, {4}], [{8, 1}, {3, 7}, {4, 6}, {2, 5}], [{8, 1}, {3, 7}, {4, 6}, {5}, {2}], [{8, 1}, {3, 7}, {5, 6}, {2, 4}], [{8, 1}, {3, 7}, {5, 6}, {4}, {2}], [{8, 1}, {3, 7}, {6}, {2, 5}, {4}], [{8, 1}, {3, 7}, {6}, {4, 5}, {2}], [{8, 1}, {3, 7}, {6}, {5}, {2, 4}], [{8, 1}, {3, 7}, {6}, {5}, {4}, {2}], [{8, 1}, {4, 7}, {2, 6}, {3, 5}], [{8, 1}, {4, 7}, {2, 6}, {5}, {3}], [{8, 1}, {4, 7}, {3, 6}, {2, 5}], [{8, 1}, {4, 7}, {3, 6}, {5}, {2}], [{8, 1}, {4, 7}, {5, 6}, {2, 3}], [{8, 1}, {4, 7}, {5, 6}, {3}, {2}], [{8, 1}, {4, 7}, {6}, {2, 5}, {3}], [{8, 1}, {4, 7}, {6}, {3, 5}, {2}], [{8, 1}, {4, 7}, {6}, {5}, {2, 3}], [{8, 1}, {4, 7}, {6}, {5}, {3}, {2}], [{8, 1}, {5, 7}, {2, 6}, {3, 4}], [{8, 1}, {5, 7}, {2, 6}, {4}, {3}], [{8, 1}, {5, 7}, {3, 6}, {2, 4}], [{8, 1}, {5, 7}, {3, 6}, {4}, {2}], [{8, 1}, {5, 7}, {4, 6}, {2, 3}], [{8, 1}, {5, 7}, {4, 6}, {3}, {2}], [{8, 1}, {5, 7}, {6}, {2, 4}, {3}], [{8, 1}, {5, 7}, {6}, {3, 4}, {2}], [{8, 1}, {5, 7}, {6}, {4}, {2, 3}], [{8, 1}, {5, 7}, {6}, {4}, {3}, {2}], [{8, 1}, {6, 7}, {2, 5}, {3, 4}], [{8, 1}, {6, 7}, {2, 5}, {4}, {3}], [{8, 1}, {6, 7}, {3, 5}, {2, 4}], [{8, 1}, {6, 7}, {3, 5}, {4}, {2}], [{8, 1}, {6, 7}, {4, 5}, {2, 3}], [{8, 1}, {6, 7}, {4, 5}, {3}, {2}], [{8, 1}, {6, 7}, {5}, {2, 4}, {3}], [{8, 1}, {6, 7}, {5}, {3, 4}, {2}], [{8, 1}, {6, 7}, {5}, {4}, {2, 3}], [{8, 1}, {6, 7}, {5}, {4}, {3}, {2}], [{8, 1}, {7}, {2, 6}, {3, 5}, {4}], [{8, 1}, {7}, {2, 6}, {4, 5}, {3}], [{8, 1}, {7}, {2, 6}, {5}, {3, 4}], [{8, 1}, {7}, {2, 6}, {5}, {4}, {3}], [{8, 1}, {7}, {3, 6}, {2, 5}, {4}], [{8, 1}, {7}, {3, 6}, {4, 5}, {2}], [{8, 1}, {7}, {3, 6}, {5}, {2, 4}], [{8, 1}, {7}, {3, 6}, {5}, {4}, {2}], [{8, 1}, {7}, {4, 6}, {2, 5}, {3}], [{8, 1}, {7}, {4, 6}, {3, 5}, {2}], [{8, 1}, {7}, {4, 6}, {5}, {2, 3}], [{8, 1}, {7}, {4, 6}, {5}, {3}, {2}], [{8, 1}, {7}, {5, 6}, {2, 4}, {3}], [{8, 1}, {7}, {5, 6}, {3, 4}, {2}], [{8, 1}, {7}, {5, 6}, {4}, {2, 3}], [{8, 1}, {7}, {5, 6}, {4}, {3}, {2}], [{8, 1}, {7}, {6}, {2, 5}, {3, 4}], [{8, 1}, {7}, {6}, {2, 5}, {4}, {3}], [{8, 1}, {7}, {6}, {3, 5}, {2, 4}], [{8, 1}, {7}, {6}, {3, 5}, {4}, {2}], [{8, 1}, {7}, {6}, {4, 5}, {2, 3}], [{8, 1}, {7}, {6}, {4, 5}, {3}, {2}], [{8, 1}, {7}, {6}, {5}, {2, 4}, {3}], [{8, 1}, {7}, {6}, {5}, {3, 4}, {2}], [{8, 1}, {7}, {6}, {5}, {4}, {2, 3}], [{8, 1}, {7}, {6}, {5}, {4}, {3}, {2}], [{8, 2}, {1, 7}, {3, 6}, {4, 5}], [{8, 2}, {1, 7}, {4, 6}, {3, 5}], [{8, 2}, {1, 7}, {4, 6}, {5}, {3}], [{8, 2}, {1, 7}, {5, 6}, {3, 4}], [{8, 2}, {3, 7}, {1, 6}, {4, 5}], [{8, 2}, {3, 7}, {1, 6}, {5}, {4}], [{8, 2}, {3, 7}, {4, 6}, {1, 5}], [{8, 2}, {3, 7}, {5, 6}, {1, 4}], [{8, 2}, {3, 7}, {5, 6}, {4}, {1}], [{8, 2}, {3, 7}, {6}, {1, 5}, {4}], [{8, 2}, {4, 7}, {1, 6}, {3, 5}], [{8, 2}, {4, 7}, {1, 6}, {5}, {3}], [{8, 2}, {4, 7}, {3, 6}, {1, 5}], [{8, 2}, {4, 7}, {3, 6}, {5}, {1}], [{8, 2}, {4, 7}, {5, 6}, {1, 3}], [{8, 2}, {4, 7}, {5, 6}, {3}, {1}], [{8, 2}, {4, 7}, {6}, {1, 5}, {3}], [{8, 2}, {4, 7}, {6}, {3, 5}, {1}], [{8, 2}, {4, 7}, {6}, {5}, {1, 3}], [{8, 2}, {4, 7}, {6}, {5}, {3}, {1}], [{8, 2}, {5, 7}, {1, 6}, {3, 4}], [{8, 2}, {5, 7}, {1, 6}, {4}, {3}], [{8, 2}, {5, 7}, {3, 6}, {1, 4}], [{8, 2}, {5, 7}, {4, 6}, {1, 3}], [{8, 2}, {6, 7}, {1, 5}, {3, 4}], [{8, 2}, {6, 7}, {3, 5}, {1, 4}], [{8, 2}, {6, 7}, {4, 5}, {1, 3}], [{8, 2}, {6, 7}, {5}, {1, 4}, {3}], [{8, 2}, {7}, {1, 6}, {3, 5}, {4}], [{8, 2}, {7}, {1, 6}, {4, 5}, {3}], [{8, 2}, {7}, {1, 6}, {5}, {3, 4}], [{8, 2}, {7}, {1, 6}, {5}, {4}, {3}], [{8, 2}, {7}, {5, 6}, {3, 4}, {1}], [{8, 2}, {7}, {6}, {1, 5}, {3, 4}], [{8, 3}, {1, 7}, {2, 6}, {4, 5}], [{8, 3}, {1, 7}, {2, 6}, {5}, {4}], [{8, 3}, {1, 7}, {4, 6}, {2, 5}], [{8, 3}, {1, 7}, {4, 6}, {5}, {2}], [{8, 3}, {1, 7}, {5, 6}, {2, 4}], [{8, 3}, {1, 7}, {6}, {5}, {2, 4}], [{8, 3}, {2, 7}, {1, 6}, {4, 5}], [{8, 3}, {2, 7}, {4, 6}, {1, 5}], [{8, 3}, {2, 7}, {5, 6}, {1, 4}], [{8, 3}, {2, 7}, {6}, {1, 5}, {4}], [{8, 3}, {4, 7}, {1, 6}, {2, 5}], [{8, 3}, {4, 7}, {1, 6}, {5}, {2}], [{8, 3}, {4, 7}, {2, 6}, {1, 5}], [{8, 3}, {4, 7}, {2, 6}, {5}, {1}], [{8, 3}, {4, 7}, {5, 6}, {1, 2}], [{8, 3}, {4, 7}, {6}, {5}, {1, 2}], [{8, 3}, {5, 7}, {1, 6}, {2, 4}], [{8, 3}, {5, 7}, {2, 6}, {1, 4}], [{8, 3}, {5, 7}, {2, 6}, {4}, {1}], [{8, 3}, {5, 7}, {4, 6}, {1, 2}], [{8, 3}, {6, 7}, {1, 5}, {2, 4}], [{8, 3}, {6, 7}, {1, 5}, {4}, {2}], [{8, 3}, {6, 7}, {2, 5}, {1, 4}], [{8, 3}, {6, 7}, {4, 5}, {1, 2}], [{8, 3}, {7}, {2, 6}, {1, 5}, {4}], [{8, 3}, {7}, {2, 6}, {4, 5}, {1}], [{8, 3}, {7}, {2, 6}, {5}, {1, 4}], [{8, 3}, {7}, {2, 6}, {5}, {4}, {1}], [{8, 3}, {7}, {5, 6}, {1, 4}, {2}], [{8, 3}, {7}, {6}, {2, 5}, {1, 4}], [{8, 4}, {1, 7}, {2, 6}, {3, 5}], [{8, 4}, {1, 7}, {2, 6}, {5}, {3}], [{8, 4}, {1, 7}, {3, 6}, {2, 5}], [{8, 4}, {1, 7}, {5, 6}, {2, 3}], [{8, 4}, {2, 7}, {1, 6}, {3, 5}], [{8, 4}, {2, 7}, {1, 6}, {5}, {3}], [{8, 4}, {2, 7}, {3, 6}, {1, 5}], [{8, 4}, {2, 7}, {5, 6}, {1, 3}], [{8, 4}, {3, 7}, {1, 6}, {2, 5}], [{8, 4}, {3, 7}, {2, 6}, {1, 5}], [{8, 4}, {3, 7}, {2, 6}, {5}, {1}], [{8, 4}, {3, 7}, {5, 6}, {1, 2}], [{8, 4}, {5, 7}, {1, 6}, {2, 3}], [{8, 4}, {5, 7}, {2, 6}, {1, 3}], [{8, 4}, {5, 7}, {2, 6}, {3}, {1}], [{8, 4}, {5, 7}, {3, 6}, {1, 2}], [{8, 4}, {6, 7}, {1, 5}, {2, 3}], [{8, 4}, {6, 7}, {2, 5}, {1, 3}], [{8, 4}, {6, 7}, {3, 5}, {1, 2}], [{8, 4}, {6, 7}, {5}, {3}, {1, 2}], [{8, 4}, {7}, {2, 6}, {1, 5}, {3}], [{8, 4}, {7}, {2, 6}, {3, 5}, {1}], [{8, 4}, {7}, {2, 6}, {5}, {1, 3}], [{8, 4}, {7}, {2, 6}, {5}, {3}, {1}], [{8, 4}, {7}, {5, 6}, {1, 3}, {2}], [{8, 4}, {7}, {6}, {2, 5}, {1, 3}], [{8, 5}, {1, 7}, {2, 6}, {3, 4}], [{8, 5}, {1, 7}, {2, 6}, {4}, {3}], [{8, 5}, {1, 7}, {3, 6}, {2, 4}], [{8, 5}, {1, 7}, {4, 6}, {2, 3}], [{8, 5}, {1, 7}, {4, 6}, {3}, {2}], [{8, 5}, {1, 7}, {6}, {2, 4}, {3}], [{8, 5}, {2, 7}, {1, 6}, {3, 4}], [{8, 5}, {2, 7}, {3, 6}, {1, 4}], [{8, 5}, {2, 7}, {4, 6}, {1, 3}], [{8, 5}, {2, 7}, {6}, {4}, {1, 3}], [{8, 5}, {3, 7}, {1, 6}, {2, 4}], [{8, 5}, {3, 7}, {1, 6}, {4}, {2}], [{8, 5}, {3, 7}, {2, 6}, {1, 4}], [{8, 5}, {3, 7}, {2, 6}, {4}, {1}], [{8, 5}, {3, 7}, {4, 6}, {1, 2}], [{8, 5}, {3, 7}, {6}, {4}, {1, 2}], [{8, 5}, {4, 7}, {1, 6}, {2, 3}], [{8, 5}, {4, 7}, {1, 6}, {3}, {2}], [{8, 5}, {4, 7}, {2, 6}, {1, 3}], [{8, 5}, {4, 7}, {2, 6}, {3}, {1}], [{8, 5}, {4, 7}, {3, 6}, {1, 2}], [{8, 5}, {4, 7}, {6}, {3}, {1, 2}], [{8, 5}, {6, 7}, {1, 4}, {2, 3}], [{8, 5}, {6, 7}, {2, 4}, {1, 3}], [{8, 5}, {6, 7}, {3, 4}, {1, 2}], [{8, 5}, {6, 7}, {4}, {1, 3}, {2}], [{8, 5}, {7}, {1, 6}, {3, 4}, {2}], [{8, 5}, {7}, {2, 6}, {1, 4}, {3}], [{8, 5}, {7}, {2, 6}, {3, 4}, {1}], [{8, 5}, {7}, {2, 6}, {4}, {1, 3}], [{8, 5}, {7}, {2, 6}, {4}, {3}, {1}], [{8, 5}, {7}, {6}, {3, 4}, {1, 2}], [{8, 6}, {1, 7}, {2, 5}, {3, 4}], [{8, 6}, {1, 7}, {3, 5}, {2, 4}], [{8, 6}, {1, 7}, {4, 5}, {2, 3}], [{8, 6}, {1, 7}, {5}, {2, 4}, {3}], [{8, 6}, {2, 7}, {1, 5}, {3, 4}], [{8, 6}, {2, 7}, {3, 5}, {1, 4}], [{8, 6}, {2, 7}, {4, 5}, {1, 3}], [{8, 6}, {2, 7}, {5}, {1, 4}, {3}], [{8, 6}, {3, 7}, {1, 5}, {2, 4}], [{8, 6}, {3, 7}, {1, 5}, {4}, {2}], [{8, 6}, {3, 7}, {2, 5}, {1, 4}], [{8, 6}, {3, 7}, {2, 5}, {4}, {1}], [{8, 6}, {3, 7}, {4, 5}, {1, 2}], [{8, 6}, {3, 7}, {5}, {4}, {1, 2}], [{8, 6}, {4, 7}, {1, 5}, {2, 3}], [{8, 6}, {4, 7}, {1, 5}, {3}, {2}], [{8, 6}, {4, 7}, {2, 5}, {1, 3}], [{8, 6}, {4, 7}, {2, 5}, {3}, {1}], [{8, 6}, {4, 7}, {3, 5}, {1, 2}], [{8, 6}, {4, 7}, {3, 5}, {2}, {1}], [{8, 6}, {4, 7}, {5}, {1, 3}, {2}], [{8, 6}, {4, 7}, {5}, {2, 3}, {1}], [{8, 6}, {4, 7}, {5}, {3}, {1, 2}], [{8, 6}, {4, 7}, {5}, {3}, {2}, {1}], [{8, 6}, {5, 7}, {1, 4}, {2, 3}], [{8, 6}, {5, 7}, {2, 4}, {1, 3}], [{8, 6}, {5, 7}, {3, 4}, {1, 2}], [{8, 6}, {5, 7}, {4}, {3}, {1, 2}], [{8, 6}, {7}, {1, 5}, {3, 4}, {2}], [{8, 6}, {7}, {2, 5}, {3, 4}, {1}], [{8, 6}, {7}, {3, 5}, {4}, {1, 2}], [{8, 6}, {7}, {4, 5}, {3}, {1, 2}], [{8, 6}, {7}, {5}, {3, 4}, {1, 2}], [{8, 6}, {7}, {5}, {4}, {3}, {1, 2}], [{8, 7}, {1, 6}, {2, 5}, {3, 4}], [{8, 7}, {1, 6}, {3, 5}, {2, 4}], [{8, 7}, {1, 6}, {4, 5}, {2, 3}], [{8, 7}, {1, 6}, {5}, {2, 4}, {3}], [{8, 7}, {2, 6}, {1, 5}, {3, 4}], [{8, 7}, {2, 6}, {1, 5}, {4}, {3}], [{8, 7}, {2, 6}, {3, 5}, {1, 4}], [{8, 7}, {2, 6}, {3, 5}, {4}, {1}], [{8, 7}, {2, 6}, {4, 5}, {1, 3}], [{8, 7}, {2, 6}, {4, 5}, {3}, {1}], [{8, 7}, {2, 6}, {5}, {1, 4}, {3}], [{8, 7}, {2, 6}, {5}, {3, 4}, {1}], [{8, 7}, {2, 6}, {5}, {4}, {1, 3}], [{8, 7}, {2, 6}, {5}, {4}, {3}, {1}], [{8, 7}, {3, 6}, {1, 5}, {2, 4}], [{8, 7}, {3, 6}, {2, 5}, {1, 4}], [{8, 7}, {3, 6}, {2, 5}, {4}, {1}], [{8, 7}, {3, 6}, {4, 5}, {1, 2}], [{8, 7}, {3, 6}, {4, 5}, {2}, {1}], [{8, 7}, {3, 6}, {5}, {2, 4}, {1}], [{8, 7}, {4, 6}, {1, 5}, {2, 3}], [{8, 7}, {4, 6}, {1, 5}, {3}, {2}], [{8, 7}, {4, 6}, {2, 5}, {1, 3}], [{8, 7}, {4, 6}, {2, 5}, {3}, {1}], [{8, 7}, {4, 6}, {3, 5}, {1, 2}], [{8, 7}, {4, 6}, {3, 5}, {2}, {1}], [{8, 7}, {4, 6}, {5}, {1, 3}, {2}], [{8, 7}, {4, 6}, {5}, {2, 3}, {1}], [{8, 7}, {4, 6}, {5}, {3}, {1, 2}], [{8, 7}, {4, 6}, {5}, {3}, {2}, {1}], [{8, 7}, {5, 6}, {1, 4}, {2, 3}], [{8, 7}, {5, 6}, {2, 4}, {1, 3}], [{8, 7}, {5, 6}, {2, 4}, {3}, {1}], [{8, 7}, {5, 6}, {3, 4}, {1, 2}], [{8, 7}, {5, 6}, {3, 4}, {2}, {1}], [{8, 7}, {5, 6}, {4}, {2, 3}, {1}], [{8, 7}, {6}, {1, 5}, {2, 4}, {3}], [{8, 7}, {6}, {2, 5}, {3, 4}, {1}], [{8, 7}, {6}, {3, 5}, {2, 4}, {1}], [{8, 7}, {6}, {4, 5}, {2, 3}, {1}], [{8, 7}, {6}, {5}, {2, 4}, {1, 3}], [{8, 7}, {6}, {5}, {2, 4}, {3}, {1}], [{8}, {1, 7}, {2, 6}, {3, 5}, {4}], [{8}, {1, 7}, {2, 6}, {4, 5}, {3}], [{8}, {1, 7}, {2, 6}, {5}, {3, 4}], [{8}, {1, 7}, {2, 6}, {5}, {4}, {3}], [{8}, {1, 7}, {3, 6}, {2, 5}, {4}], [{8}, {1, 7}, {3, 6}, {4, 5}, {2}], [{8}, {1, 7}, {3, 6}, {5}, {2, 4}], [{8}, {1, 7}, {4, 6}, {2, 5}, {3}], [{8}, {1, 7}, {4, 6}, {3, 5}, {2}], [{8}, {1, 7}, {4, 6}, {5}, {2, 3}], [{8}, {1, 7}, {4, 6}, {5}, {3}, {2}], [{8}, {1, 7}, {5, 6}, {2, 4}, {3}], [{8}, {1, 7}, {5, 6}, {3, 4}, {2}], [{8}, {1, 7}, {5, 6}, {4}, {2, 3}], [{8}, {1, 7}, {6}, {2, 5}, {3, 4}], [{8}, {1, 7}, {6}, {3, 5}, {2, 4}], [{8}, {1, 7}, {6}, {4, 5}, {2, 3}], [{8}, {1, 7}, {6}, {5}, {2, 4}, {3}], [{8}, {2, 7}, {5, 6}, {3, 4}, {1}], [{8}, {3, 7}, {1, 6}, {2, 5}, {4}], [{8}, {3, 7}, {2, 6}, {1, 5}, {4}], [{8}, {3, 7}, {2, 6}, {4, 5}, {1}], [{8}, {3, 7}, {2, 6}, {5}, {1, 4}], [{8}, {3, 7}, {2, 6}, {5}, {4}, {1}], [{8}, {3, 7}, {5, 6}, {4}, {1, 2}], [{8}, {4, 7}, {1, 6}, {2, 5}, {3}], [{8}, {4, 7}, {1, 6}, {3, 5}, {2}], [{8}, {4, 7}, {1, 6}, {5}, {2, 3}], [{8}, {4, 7}, {1, 6}, {5}, {3}, {2}], [{8}, {4, 7}, {2, 6}, {1, 5}, {3}], [{8}, {4, 7}, {2, 6}, {3, 5}, {1}], [{8}, {4, 7}, {2, 6}, {5}, {1, 3}], [{8}, {4, 7}, {2, 6}, {5}, {3}, {1}], [{8}, {4, 7}, {3, 6}, {5}, {1, 2}], [{8}, {4, 7}, {5, 6}, {3}, {1, 2}], [{8}, {4, 7}, {6}, {3, 5}, {1, 2}], [{8}, {4, 7}, {6}, {5}, {3}, {1, 2}], [{8}, {5, 7}, {2, 6}, {1, 4}, {3}], [{8}, {5, 7}, {2, 6}, {3, 4}, {1}], [{8}, {5, 7}, {2, 6}, {4}, {1, 3}], [{8}, {5, 7}, {2, 6}, {4}, {3}, {1}], [{8}, {6, 7}, {2, 5}, {3, 4}, {1}], [{8}, {7}, {1, 6}, {2, 5}, {3, 4}], [{8}, {7}, {2, 6}, {1, 5}, {3, 4}], [{8}, {7}, {2, 6}, {1, 5}, {4}, {3}], [{8}, {7}, {2, 6}, {3, 5}, {1, 4}], [{8}, {7}, {2, 6}, {3, 5}, {4}, {1}], [{8}, {7}, {2, 6}, {4, 5}, {1, 3}], [{8}, {7}, {2, 6}, {4, 5}, {3}, {1}], [{8}, {7}, {2, 6}, {5}, {1, 4}, {3}], [{8}, {7}, {2, 6}, {5}, {3, 4}, {1}], [{8}, {7}, {2, 6}, {5}, {4}, {1, 3}], [{8}, {7}, {2, 6}, {5}, {4}, {3}, {1}], [{8}, {7}, {5, 6}, {3, 4}, {1, 2}], [{8}, {7}, {5, 6}, {3, 4}, {2}, {1}], [{8}, {7}, {6}, {2, 5}, {3, 4}, {1}]]",2,- 18 K_1^2 - 8 K_1 K_2 + 4 K_1 + 9 K_2 + 4 K_3 + 10,O1O2O3O4U5U6O5U7O8O7U4U1U8U3O6U2,O1O2O3O4U5U2O5U6O7O6U4U1U8U3O8U7,O1O2O3O4U5O6U2U6U4U1O7O5U7O8U3U8,c,"{'O1O2O3O4U3O5U2U6U4U1O7O6U7O8U5U8', 'O1O2O3U2O4U1U5U3O6U7O5O8U6U4O7U8'}",2,"<a href=""/flatknot/8.733616"">8.733616</a>",t^9-34t^7-92t^6-4t^5+122t^4-22t^3-68t^2+32t,-t^2+2t,,
8.733617,O1O2O3O4U3O5U2U6U4U7O8O6U1O7U5U8,3,7z^2+56z+85,7w^3z^2+56w^2z+85w,False,False,"[[ 0 -1 -2 -1  2  2 -1  1  0],[ 1  0 -1 -1  3  2  0  2  0],[ 2  1  0  0  2  2  1  2  1],[ 1  1  0  0  1  1  0  1  0],[-2 -3 -2 -1  0  0 -2 -1  0],[-2 -2 -2 -1  0  0 -3 -1 -1],[ 1  0 -1  0  2  3  0  1  1],[-1 -2 -2 -1  1  1 -1  0  0],[ 0  0 -1  0  0  1 -1  0  0]]","[[ 0  2  2  0 -1 -1 -2],[-2  0  0  0 -2 -3 -2],[-2  0  0 -1 -3 -2 -2],[ 0  0  1  0 -1  0 -1],[ 1  2  3  1  0  0 -1],[ 1  3  2  0  0  0 -1],[ 2  2  2  1  1  1  0]]",False,"[-2,-2,0,1,1,2,0,0,2,3,2,1,3,2,2,1,0,1,0,1,1]","[-2,-2,0,1,1,2,0,0,2,3,2,1,3,2,2,1,0,1,0,1,1]",t^6+39t^4+76t^2+4,"[-2,-1,-1,0,2,2,0,0,1,2,2,0,0,0,1,1,1,0,1,2,0]","[-2,-2,0,1,1,2,0,1,0,1,2,2,1,0,2,0,1,1,0,0,0]","[-2,-1,-1,0,2,2,1,1,1,2,2,0,0,2,3,1,3,2,1,0,0]",c,"[[{8, 1}, {3, 7}, {5, 6}, {2, 4}], [{8, 1}, {7}, {5, 6}, {2, 4}, {3}], [{8, 2}, {3, 7}, {5, 6}, {1, 4}], [{8, 4}, {3, 7}, {2, 6}, {1, 5}], [{8, 5}, {3, 7}, {1, 6}, {2, 4}], [{8, 6}, {3, 7}, {1, 5}, {2, 4}]]",1,- 18 K_1^2 - 8 K_1 K_2 + 4 K_1 + 9 K_2 + 4 K_3 + 10,O1O2O3O4U5U6O7U4O8O5U7U1U8U3O6U2,O1O2O3O4U5U2O6U4O7O5U6U1U8U3O8U7,O1O2O3O4U5O6U2U6U4U7O8O5U1O7U3U8,c,"{'O1O2O3U2O4U1U5U3O6U7O5O7U8U4O8U6', 'O1O2O3O4U3O5U2U6U4U7O8O6U1O7U5U8'}",2,"<a href=""/flatknot/8.733617"">8.733617</a>",t^7-37t^5-60t^4+75t^3+128t^2+21t-8,-t^2+2t,,
8.733618,O1O2O3O4U3O5U2U6U4U7O8O6U5O7U1U8,4,12z^2+81z+115,12w^3z^2+81w^2z+115w,False,False,"[[ 0 -1 -2 -1  2  2 -1  1  0],[ 1  0 -2 -1  2  3 -1  1  0],[ 2  2  0  0  2  2  1  1  1],[ 1  1  0  0  1  1  0  1  0],[-2 -2 -2 -1  0  0 -2 -2  0],[-2 -3 -2 -1  0  0 -2 -1 -1],[ 1  1 -1  0  2  2  0  1  1],[-1 -1 -1 -1  2  1 -1  0  0],[ 0  0 -1  0  0  1 -1  0  0]]","[[ 0  2  2  1  0 -1 -1 -1 -2],[-2  0  0 -1 -1 -1 -2 -3 -2],[-2  0  0 -2  0 -1 -2 -2 -2],[-1  1  2  0  0 -1 -1 -1 -1],[ 0  1  0  0  0  0 -1  0 -1],[ 1  1  1  1  0  0  0  1  0],[ 1  2  2  1  1  0  0  1 -1],[ 1  3  2  1  0 -1 -1  0 -2],[ 2  2  2  1  1  0  1  2  0]]",True,"[-2,-2,-1,0,1,1,1,2,0,1,1,1,2,3,2,2,0,1,2,2,2,0,1,1,1,1,0,1,0,1,0,-1,0,-1,1,2]","[-2,-2,-1,0,1,1,1,2,0,-1,2,1,1,2,2,0,1,0,1,2,2,1,1,1,1,2,1,0,1,1,-1,-1,-1,0,0,1]",t^8+50t^6+127t^4+41t^2+1,"[-2,-1,-1,-1,0,1,2,2,-1,0,1,1,2,2,2,1,1,1,1,0,1,0,0,1,1,1,1,1,2,2,1,1,2,0,-1,0]","[-2,-2,-1,0,1,1,1,2,0,-1,2,1,1,2,2,0,1,0,1,2,2,1,1,1,1,2,1,0,1,1,-1,-1,-1,0,0,1]","[-2,-1,-1,-1,0,1,2,2,0,1,2,1,1,2,2,0,1,0,1,1,1,1,1,1,2,2,0,1,2,3,0,0,1,2,1,0]",c,"[[{8, 1}, {2, 7}, {3, 6}, {4, 5}], [{8, 1}, {2, 7}, {4, 6}, {3, 5}], [{8, 1}, {2, 7}, {4, 6}, {5}, {3}], [{8, 1}, {2, 7}, {5, 6}, {3, 4}], [{8, 1}, {3, 7}, {2, 6}, {4, 5}], [{8, 1}, {3, 7}, {4, 6}, {2, 5}], [{8, 1}, {3, 7}, {5, 6}, {2, 4}], [{8, 1}, {4, 7}, {2, 6}, {3, 5}], [{8, 1}, {4, 7}, {3, 6}, {2, 5}], [{8, 1}, {4, 7}, {5, 6}, {2, 3}], [{8, 1}, {5, 7}, {2, 6}, {3, 4}], [{8, 1}, {5, 7}, {3, 6}, {2, 4}], [{8, 1}, {5, 7}, {4, 6}, {2, 3}], [{8, 1}, {6, 7}, {2, 5}, {3, 4}], [{8, 1}, {6, 7}, {3, 5}, {2, 4}], [{8, 1}, {6, 7}, {4, 5}, {2, 3}], [{8, 1}, {7}, {2, 6}, {4, 5}, {3}], [{8, 1}, {7}, {3, 6}, {5}, {2, 4}], [{8, 1}, {7}, {5, 6}, {2, 4}, {3}], [{8, 1}, {7}, {6}, {3, 5}, {2, 4}], [{8, 2}, {1, 7}, {3, 6}, {4, 5}], [{8, 2}, {1, 7}, {3, 6}, {5}, {4}], [{8, 2}, {1, 7}, {4, 6}, {3, 5}], [{8, 2}, {1, 7}, {5, 6}, {3, 4}], [{8, 2}, {3, 7}, {1, 6}, {4, 5}], [{8, 2}, {3, 7}, {1, 6}, {5}, {4}], [{8, 2}, {3, 7}, {4, 6}, {1, 5}], [{8, 2}, {3, 7}, {5, 6}, {1, 4}], [{8, 2}, {3, 7}, {6}, {4, 5}, {1}], [{8, 2}, {4, 7}, {1, 6}, {3, 5}], [{8, 2}, {4, 7}, {1, 6}, {5}, {3}], [{8, 2}, {4, 7}, {3, 6}, {1, 5}], [{8, 2}, {4, 7}, {5, 6}, {1, 3}], [{8, 2}, {4, 7}, {6}, {3, 5}, {1}], [{8, 2}, {5, 7}, {1, 6}, {3, 4}], [{8, 2}, {5, 7}, {1, 6}, {4}, {3}], [{8, 2}, {5, 7}, {3, 6}, {1, 4}], [{8, 2}, {5, 7}, {3, 6}, {4}, {1}], [{8, 2}, {5, 7}, {4, 6}, {1, 3}], [{8, 2}, {5, 7}, {4, 6}, {3}, {1}], [{8, 2}, {5, 7}, {6}, {1, 4}, {3}], [{8, 2}, {5, 7}, {6}, {3, 4}, {1}], [{8, 2}, {5, 7}, {6}, {4}, {1, 3}], [{8, 2}, {5, 7}, {6}, {4}, {3}, {1}], [{8, 2}, {6, 7}, {1, 5}, {3, 4}], [{8, 2}, {6, 7}, {3, 5}, {1, 4}], [{8, 2}, {6, 7}, {4, 5}, {1, 3}], [{8, 2}, {7}, {1, 6}, {3, 5}, {4}], [{8, 2}, {7}, {1, 6}, {4, 5}, {3}], [{8, 2}, {7}, {1, 6}, {5}, {3, 4}], [{8, 2}, {7}, {3, 6}, {1, 5}, {4}], [{8, 2}, {7}, {4, 6}, {5}, {1, 3}], [{8, 3}, {1, 7}, {2, 6}, {4, 5}], [{8, 3}, {1, 7}, {4, 6}, {2, 5}], [{8, 3}, {1, 7}, {5, 6}, {2, 4}], [{8, 3}, {2, 7}, {1, 6}, {4, 5}], [{8, 3}, {2, 7}, {4, 6}, {1, 5}], [{8, 3}, {2, 7}, {5, 6}, {1, 4}], [{8, 3}, {4, 7}, {1, 6}, {2, 5}], [{8, 3}, {4, 7}, {2, 6}, {1, 5}], [{8, 3}, {4, 7}, {5, 6}, {1, 2}], [{8, 3}, {5, 7}, {1, 6}, {2, 4}], [{8, 3}, {5, 7}, {2, 6}, {1, 4}], [{8, 3}, {5, 7}, {4, 6}, {1, 2}], [{8, 3}, {6, 7}, {1, 5}, {2, 4}], [{8, 3}, {6, 7}, {2, 5}, {1, 4}], [{8, 3}, {6, 7}, {4, 5}, {1, 2}], [{8, 3}, {7}, {1, 6}, {5}, {2, 4}], [{8, 3}, {7}, {4, 6}, {2, 5}, {1}], [{8, 4}, {1, 7}, {2, 6}, {3, 5}], [{8, 4}, {1, 7}, {3, 6}, {2, 5}], [{8, 4}, {1, 7}, {3, 6}, {5}, {2}], [{8, 4}, {1, 7}, {5, 6}, {2, 3}], [{8, 4}, {2, 7}, {1, 6}, {3, 5}], [{8, 4}, {2, 7}, {1, 6}, {5}, {3}], [{8, 4}, {2, 7}, {3, 6}, {1, 5}], [{8, 4}, {2, 7}, {3, 6}, {5}, {1}], [{8, 4}, {2, 7}, {5, 6}, {1, 3}], [{8, 4}, {2, 7}, {6}, {5}, {1, 3}], [{8, 4}, {3, 7}, {1, 6}, {2, 5}], [{8, 4}, {3, 7}, {2, 6}, {1, 5}], [{8, 4}, {3, 7}, {5, 6}, {1, 2}], [{8, 4}, {3, 7}, {5, 6}, {2}, {1}], [{8, 4}, {5, 7}, {1, 6}, {2, 3}], [{8, 4}, {5, 7}, {2, 6}, {1, 3}], [{8, 4}, {5, 7}, {3, 6}, {1, 2}], [{8, 4}, {6, 7}, {1, 5}, {2, 3}], [{8, 4}, {6, 7}, {2, 5}, {1, 3}], [{8, 4}, {6, 7}, {3, 5}, {1, 2}], [{8, 4}, {7}, {2, 6}, {3, 5}, {1}], [{8, 4}, {7}, {3, 6}, {5}, {1, 2}], [{8, 4}, {7}, {6}, {1, 5}, {2, 3}], [{8, 5}, {1, 7}, {2, 6}, {3, 4}], [{8, 5}, {1, 7}, {2, 6}, {4}, {3}], [{8, 5}, {1, 7}, {3, 6}, {2, 4}], [{8, 5}, {1, 7}, {4, 6}, {2, 3}], [{8, 5}, {1, 7}, {6}, {3, 4}, {2}], [{8, 5}, {2, 7}, {1, 6}, {3, 4}], [{8, 5}, {2, 7}, {3, 6}, {1, 4}], [{8, 5}, {2, 7}, {4, 6}, {1, 3}], [{8, 5}, {2, 7}, {6}, {3, 4}, {1}], [{8, 5}, {3, 7}, {1, 6}, {2, 4}], [{8, 5}, {3, 7}, {2, 6}, {1, 4}], [{8, 5}, {3, 7}, {4, 6}, {1, 2}], [{8, 5}, {3, 7}, {4, 6}, {2}, {1}], [{8, 5}, {4, 7}, {1, 6}, {2, 3}], [{8, 5}, {4, 7}, {2, 6}, {1, 3}], [{8, 5}, {4, 7}, {3, 6}, {1, 2}], [{8, 5}, {6, 7}, {1, 4}, {2, 3}], [{8, 5}, {6, 7}, {2, 4}, {1, 3}], [{8, 5}, {6, 7}, {3, 4}, {1, 2}], [{8, 5}, {7}, {6}, {3, 4}, {1, 2}], [{8, 6}, {1, 7}, {2, 5}, {3, 4}], [{8, 6}, {1, 7}, {3, 5}, {2, 4}], [{8, 6}, {1, 7}, {4, 5}, {2, 3}], [{8, 6}, {1, 7}, {5}, {3, 4}, {2}], [{8, 6}, {2, 7}, {1, 5}, {3, 4}], [{8, 6}, {2, 7}, {3, 5}, {1, 4}], [{8, 6}, {2, 7}, {4, 5}, {1, 3}], [{8, 6}, {2, 7}, {5}, {3, 4}, {1}], [{8, 6}, {3, 7}, {1, 5}, {2, 4}], [{8, 6}, {3, 7}, {2, 5}, {1, 4}], [{8, 6}, {3, 7}, {4, 5}, {1, 2}], [{8, 6}, {3, 7}, {5}, {1, 4}, {2}], [{8, 6}, {4, 7}, {1, 5}, {2, 3}], [{8, 6}, {4, 7}, {2, 5}, {1, 3}], [{8, 6}, {4, 7}, {2, 5}, {3}, {1}], [{8, 6}, {4, 7}, {3, 5}, {1, 2}], [{8, 6}, {5, 7}, {1, 4}, {2, 3}], [{8, 6}, {5, 7}, {2, 4}, {1, 3}], [{8, 6}, {5, 7}, {3, 4}, {1, 2}], [{8, 6}, {7}, {5}, {3, 4}, {1, 2}], [{8, 7}, {1, 6}, {2, 5}, {3, 4}], [{8, 7}, {1, 6}, {2, 5}, {4}, {3}], [{8, 7}, {1, 6}, {3, 5}, {2, 4}], [{8, 7}, {1, 6}, {4, 5}, {2, 3}], [{8, 7}, {2, 6}, {1, 5}, {3, 4}], [{8, 7}, {2, 6}, {1, 5}, {4}, {3}], [{8, 7}, {2, 6}, {3, 5}, {1, 4}], [{8, 7}, {2, 6}, {4, 5}, {1, 3}], [{8, 7}, {3, 6}, {1, 5}, {2, 4}], [{8, 7}, {3, 6}, {2, 5}, {1, 4}], [{8, 7}, {3, 6}, {4, 5}, {1, 2}], [{8, 7}, {3, 6}, {5}, {2, 4}, {1}], [{8, 7}, {4, 6}, {1, 5}, {2, 3}], [{8, 7}, {4, 6}, {2, 5}, {1, 3}], [{8, 7}, {4, 6}, {3, 5}, {1, 2}], [{8, 7}, {5, 6}, {1, 4}, {2, 3}], [{8, 7}, {5, 6}, {2, 4}, {1, 3}], [{8, 7}, {5, 6}, {2, 4}, {3}, {1}], [{8, 7}, {5, 6}, {3, 4}, {1, 2}], [{8, 7}, {6}, {1, 5}, {3, 4}, {2}], [{8, 7}, {6}, {3, 5}, {2, 4}, {1}], [{8, 7}, {6}, {5}, {1, 4}, {2, 3}], [{8}, {1, 7}, {3, 6}, {5}, {2, 4}], [{8}, {1, 7}, {5, 6}, {2, 4}, {3}], [{8}, {1, 7}, {5, 6}, {3, 4}, {2}], [{8}, {1, 7}, {5, 6}, {4}, {2, 3}], [{8}, {1, 7}, {6}, {3, 5}, {2, 4}], [{8}, {2, 7}, {5, 6}, {3, 4}, {1}], [{8}, {2, 7}, {6}, {3, 5}, {1, 4}], [{8}, {3, 7}, {1, 6}, {4, 5}, {2}], [{8}, {4, 7}, {1, 6}, {3, 5}, {2}], [{8}, {4, 7}, {5, 6}, {1, 3}, {2}], [{8}, {5, 7}, {1, 6}, {3, 4}, {2}], [{8}, {5, 7}, {3, 6}, {1, 4}, {2}], [{8}, {6, 7}, {2, 5}, {1, 4}, {3}], [{8}, {6, 7}, {2, 5}, {3, 4}, {1}], [{8}, {6, 7}, {2, 5}, {4}, {1, 3}], [{8}, {7}, {5, 6}, {3, 4}, {1, 2}]]",2,8 K_1^3 - 22 K_1^2 - 12 K_1 K_2 + 11 K_2 + 4 K_3 + 12,O1O2O3O4U5U4O6U7O8O5U6U1U8U3O7U2,O1O2O3O4U5U2O6U4O7O5U7U1U8U3O8U6,O1O2O3O4U5O6U2U6U4U7O8O7U1O5U3U8,c,{'O1O2O3O4U3O5U2U6U4U7O8O6U5O7U1U8'},1,"<a href=""/flatknot/8.733618"">8.733618</a>",t^9-48t^7-158t^6-50t^5+254t^4+118t^3-124t^2-25t+12,-t^2+2t,,
8.733619,O1O2O3O4U3O5U2U6U7U1O7O6U4O8U5U8,4,2z^3+34z^2+113z+107,2w^4z^3+34w^3z^2+113w^2z+107w,False,False,"[[ 0  0 -2 -1  2  2 -1 -1  1],[ 0  0  0  0  1  1  1  0  1],[ 2  0  0  0  2  2  2  2  1],[ 1  0  0  0  1  1  1  1  0],[-2 -1 -2 -1  0  1 -2 -2  1],[-2 -1 -2 -1 -1  0 -2 -2  1],[ 1 -1 -2 -1  2  2  0  0  1],[ 1  0 -2 -1  2  2  0  0  1],[-1 -1 -1  0 -1 -1 -1 -1  0]]","[[ 0  2  2  1  0 -1 -1 -1 -2],[-2  0  1  1 -1 -1 -2 -2 -2],[-2 -1  0  1 -1 -1 -2 -2 -2],[-1 -1 -1  0 -1  0 -1 -1 -1],[ 0  1  1  1  0  0  1  0  0],[ 1  1  1  0  0  0  1  1  0],[ 1  2  2  1 -1 -1  0  0 -2],[ 1  2  2  1  0 -1  0  0 -2],[ 2  2  2  1  0  0  2  2  0]]",True,"[-2,-2,-1,0,1,1,1,2,-1,-1,1,1,2,2,2,-1,1,1,2,2,2,1,0,1,1,1,0,-1,0,0,-1,-1,0,0,2,2]","[-2,-2,-1,0,1,1,1,2,-1,-1,1,1,2,2,2,-1,1,1,2,2,2,1,0,1,1,1,0,-1,0,0,-1,-1,0,0,2,2]",t^8+46t^6+80t^4+26t^2+1,"[-2,-1,-1,-1,0,1,2,2,-1,-1,1,2,2,2,2,0,1,1,1,1,1,1,2,1,1,1,1,2,2,2,0,1,1,2,2,-1]","[-2,-2,-1,0,1,1,1,2,-1,2,1,1,1,2,2,2,1,1,1,2,2,0,1,1,2,2,1,2,1,2,0,-1,-1,-1,-1,1]","[-2,-1,-1,-1,0,1,2,2,0,2,2,0,1,2,2,1,1,0,0,1,1,0,-1,1,2,2,0,1,2,2,1,1,1,-1,-1,-1]",c,"[[{8, 1}, {2, 7}, {3, 6}, {4, 5}], [{8, 1}, {2, 7}, {4, 6}, {3, 5}], [{8, 1}, {2, 7}, {5, 6}, {3, 4}], [{8, 1}, {3, 7}, {2, 6}, {4, 5}], [{8, 1}, {3, 7}, {2, 6}, {5}, {4}], [{8, 1}, {3, 7}, {4, 6}, {2, 5}], [{8, 1}, {3, 7}, {5, 6}, {2, 4}], [{8, 1}, {4, 7}, {2, 6}, {3, 5}], [{8, 1}, {4, 7}, {2, 6}, {5}, {3}], [{8, 1}, {4, 7}, {3, 6}, {2, 5}], [{8, 1}, {4, 7}, {5, 6}, {2, 3}], [{8, 1}, {4, 7}, {6}, {3, 5}, {2}], [{8, 1}, {5, 7}, {2, 6}, {3, 4}], [{8, 1}, {5, 7}, {2, 6}, {4}, {3}], [{8, 1}, {5, 7}, {3, 6}, {2, 4}], [{8, 1}, {5, 7}, {4, 6}, {2, 3}], [{8, 1}, {6, 7}, {2, 5}, {3, 4}], [{8, 1}, {6, 7}, {3, 5}, {2, 4}], [{8, 1}, {6, 7}, {4, 5}, {2, 3}], [{8, 1}, {7}, {2, 6}, {3, 5}, {4}], [{8, 1}, {7}, {2, 6}, {4, 5}, {3}], [{8, 1}, {7}, {2, 6}, {5}, {3, 4}], [{8, 1}, {7}, {2, 6}, {5}, {4}, {3}], [{8, 1}, {7}, {5, 6}, {3, 4}, {2}], [{8, 1}, {7}, {6}, {2, 5}, {3, 4}], [{8, 2}, {1, 7}, {3, 6}, {4, 5}], [{8, 2}, {1, 7}, {4, 6}, {3, 5}], [{8, 2}, {1, 7}, {4, 6}, {5}, {3}], [{8, 2}, {1, 7}, {5, 6}, {3, 4}], [{8, 2}, {3, 7}, {1, 6}, {4, 5}], [{8, 2}, {3, 7}, {4, 6}, {1, 5}], [{8, 2}, {3, 7}, {4, 6}, {5}, {1}], [{8, 2}, {3, 7}, {5, 6}, {1, 4}], [{8, 2}, {4, 7}, {1, 6}, {3, 5}], [{8, 2}, {4, 7}, {1, 6}, {5}, {3}], [{8, 2}, {4, 7}, {3, 6}, {1, 5}], [{8, 2}, {4, 7}, {5, 6}, {1, 3}], [{8, 2}, {4, 7}, {6}, {3, 5}, {1}], [{8, 2}, {5, 7}, {1, 6}, {3, 4}], [{8, 2}, {5, 7}, {3, 6}, {1, 4}], [{8, 2}, {5, 7}, {4, 6}, {1, 3}], [{8, 2}, {5, 7}, {6}, {3, 4}, {1}], [{8, 2}, {6, 7}, {1, 5}, {3, 4}], [{8, 2}, {6, 7}, {3, 5}, {1, 4}], [{8, 2}, {6, 7}, {4, 5}, {1, 3}], [{8, 2}, {7}, {1, 6}, {3, 5}, {4}], [{8, 2}, {7}, {3, 6}, {1, 5}, {4}], [{8, 2}, {7}, {3, 6}, {4, 5}, {1}], [{8, 2}, {7}, {3, 6}, {5}, {1, 4}], [{8, 2}, {7}, {4, 6}, {5}, {1, 3}], [{8, 3}, {1, 7}, {2, 6}, {4, 5}], [{8, 3}, {1, 7}, {4, 6}, {2, 5}], [{8, 3}, {1, 7}, {5, 6}, {2, 4}], [{8, 3}, {1, 7}, {5, 6}, {4}, {2}], [{8, 3}, {1, 7}, {6}, {5}, {2, 4}], [{8, 3}, {2, 7}, {1, 6}, {4, 5}], [{8, 3}, {2, 7}, {4, 6}, {1, 5}], [{8, 3}, {2, 7}, {5, 6}, {1, 4}], [{8, 3}, {2, 7}, {6}, {1, 5}, {4}], [{8, 3}, {4, 7}, {1, 6}, {2, 5}], [{8, 3}, {4, 7}, {1, 6}, {5}, {2}], [{8, 3}, {4, 7}, {2, 6}, {1, 5}], [{8, 3}, {4, 7}, {5, 6}, {1, 2}], [{8, 3}, {5, 7}, {1, 6}, {2, 4}], [{8, 3}, {5, 7}, {2, 6}, {1, 4}], [{8, 3}, {5, 7}, {4, 6}, {1, 2}], [{8, 3}, {6, 7}, {1, 5}, {2, 4}], [{8, 3}, {6, 7}, {2, 5}, {1, 4}], [{8, 3}, {6, 7}, {4, 5}, {1, 2}], [{8, 3}, {6, 7}, {4, 5}, {2}, {1}], [{8, 3}, {7}, {1, 6}, {2, 5}, {4}], [{8, 3}, {7}, {2, 6}, {5}, {1, 4}], [{8, 3}, {7}, {6}, {4, 5}, {1, 2}], [{8, 4}, {1, 7}, {2, 6}, {3, 5}], [{8, 4}, {1, 7}, {3, 6}, {2, 5}], [{8, 4}, {1, 7}, {5, 6}, {2, 3}], [{8, 4}, {2, 7}, {1, 6}, {3, 5}], [{8, 4}, {2, 7}, {3, 6}, {1, 5}], [{8, 4}, {2, 7}, {5, 6}, {1, 3}], [{8, 4}, {2, 7}, {6}, {5}, {1, 3}], [{8, 4}, {3, 7}, {1, 6}, {2, 5}], [{8, 4}, {3, 7}, {2, 6}, {1, 5}], [{8, 4}, {3, 7}, {5, 6}, {1, 2}], [{8, 4}, {5, 7}, {1, 6}, {2, 3}], [{8, 4}, {5, 7}, {1, 6}, {3}, {2}], [{8, 4}, {5, 7}, {2, 6}, {1, 3}], [{8, 4}, {5, 7}, {3, 6}, {1, 2}], [{8, 4}, {6, 7}, {1, 5}, {2, 3}], [{8, 4}, {6, 7}, {2, 5}, {1, 3}], [{8, 4}, {6, 7}, {3, 5}, {1, 2}], [{8, 4}, {6, 7}, {5}, {1, 3}, {2}], [{8, 4}, {7}, {2, 6}, {5}, {1, 3}], [{8, 5}, {1, 7}, {2, 6}, {3, 4}], [{8, 5}, {1, 7}, {2, 6}, {4}, {3}], [{8, 5}, {1, 7}, {3, 6}, {2, 4}], [{8, 5}, {1, 7}, {4, 6}, {2, 3}], [{8, 5}, {2, 7}, {1, 6}, {3, 4}], [{8, 5}, {2, 7}, {3, 6}, {1, 4}], [{8, 5}, {2, 7}, {4, 6}, {1, 3}], [{8, 5}, {3, 7}, {1, 6}, {2, 4}], [{8, 5}, {3, 7}, {2, 6}, {1, 4}], [{8, 5}, {3, 7}, {4, 6}, {1, 2}], [{8, 5}, {4, 7}, {1, 6}, {2, 3}], [{8, 5}, {4, 7}, {1, 6}, {3}, {2}], [{8, 5}, {4, 7}, {2, 6}, {1, 3}], [{8, 5}, {4, 7}, {3, 6}, {1, 2}], [{8, 5}, {6, 7}, {1, 4}, {2, 3}], [{8, 5}, {6, 7}, {2, 4}, {1, 3}], [{8, 5}, {6, 7}, {2, 4}, {3}, {1}], [{8, 5}, {6, 7}, {3, 4}, {1, 2}], [{8, 6}, {1, 7}, {2, 5}, {3, 4}], [{8, 6}, {1, 7}, {3, 5}, {2, 4}], [{8, 6}, {1, 7}, {4, 5}, {2, 3}], [{8, 6}, {1, 7}, {4, 5}, {3}, {2}], [{8, 6}, {2, 7}, {1, 5}, {3, 4}], [{8, 6}, {2, 7}, {3, 5}, {1, 4}], [{8, 6}, {2, 7}, {4, 5}, {1, 3}], [{8, 6}, {3, 7}, {1, 5}, {2, 4}], [{8, 6}, {3, 7}, {2, 5}, {1, 4}], [{8, 6}, {3, 7}, {4, 5}, {1, 2}], [{8, 6}, {3, 7}, {5}, {1, 4}, {2}], [{8, 6}, {4, 7}, {1, 5}, {2, 3}], [{8, 6}, {4, 7}, {2, 5}, {1, 3}], [{8, 6}, {4, 7}, {3, 5}, {1, 2}], [{8, 6}, {4, 7}, {3, 5}, {2}, {1}], [{8, 6}, {4, 7}, {5}, {3}, {1, 2}], [{8, 6}, {5, 7}, {1, 4}, {2, 3}], [{8, 6}, {5, 7}, {2, 4}, {1, 3}], [{8, 6}, {5, 7}, {3, 4}, {1, 2}], [{8, 6}, {7}, {2, 5}, {4}, {1, 3}], [{8, 6}, {7}, {3, 5}, {4}, {1, 2}], [{8, 7}, {1, 6}, {2, 5}, {3, 4}], [{8, 7}, {1, 6}, {3, 5}, {2, 4}], [{8, 7}, {1, 6}, {4, 5}, {2, 3}], [{8, 7}, {1, 6}, {4, 5}, {3}, {2}], [{8, 7}, {2, 6}, {1, 5}, {3, 4}], [{8, 7}, {2, 6}, {1, 5}, {4}, {3}], [{8, 7}, {2, 6}, {3, 5}, {1, 4}], [{8, 7}, {2, 6}, {4, 5}, {1, 3}], [{8, 7}, {3, 6}, {1, 5}, {2, 4}], [{8, 7}, {3, 6}, {2, 5}, {1, 4}], [{8, 7}, {3, 6}, {4, 5}, {1, 2}], [{8, 7}, {4, 6}, {1, 5}, {2, 3}], [{8, 7}, {4, 6}, {2, 5}, {1, 3}], [{8, 7}, {4, 6}, {3, 5}, {1, 2}], [{8, 7}, {5, 6}, {1, 4}, {2, 3}], [{8, 7}, {5, 6}, {2, 4}, {1, 3}], [{8, 7}, {5, 6}, {3, 4}, {1, 2}], [{8, 7}, {5, 6}, {4}, {2, 3}, {1}], [{8, 7}, {6}, {1, 5}, {3, 4}, {2}], [{8}, {1, 7}, {6}, {4, 5}, {2, 3}], [{8}, {3, 7}, {2, 6}, {4, 5}, {1}], [{8}, {3, 7}, {5, 6}, {2, 4}, {1}], [{8}, {4, 7}, {1, 6}, {2, 5}, {3}], [{8}, {4, 7}, {1, 6}, {3, 5}, {2}], [{8}, {4, 7}, {1, 6}, {5}, {2, 3}], [{8}, {4, 7}, {1, 6}, {5}, {3}, {2}], [{8}, {4, 7}, {2, 6}, {3, 5}, {1}], [{8}, {4, 7}, {3, 6}, {1, 5}, {2}], [{8}, {4, 7}, {5, 6}, {1, 3}, {2}], [{8}, {4, 7}, {6}, {3, 5}, {1, 2}], [{8}, {4, 7}, {6}, {3, 5}, {2}, {1}], [{8}, {5, 7}, {6}, {1, 4}, {2, 3}], [{8}, {6, 7}, {5}, {1, 4}, {2, 3}], [{8}, {7}, {5, 6}, {1, 4}, {2, 3}]]",2,4 K_1^3 - 6 K_1^2 - 12 K_1 K_2 + 3 K_1 + 3 K_2 + 5 K_3 + 4,O1O2O3O4U5U6O5U1O7O8U4U8U7U3O6U2,O1O2O3O4U3U2O5U6O7O6U4U1U8U5O8U7,O1O2O3O4U5O6U7U6U4U1O8O5U8O7U3U2,c,{'O1O2O3O4U3O5U2U6U7U1O7O6U4O8U5U8'},1,"<a href=""/flatknot/8.733619"">8.733619</a>",t^9-44t^7-160t^6-139t^5+176t^4+339t^3+126t^2-19t-4,-t^2+2t,,
8.733620,O1O2O3O4U3O5U2U6U7U1O7O6U5O8U4U8,4,4z^3+43z^2+116z+93,4w^4z^3+43w^3z^2+116w^2z+93w,False,False,"[[ 0  0 -2 -1  2  2 -1 -1  1],[ 0  0  0  0  2  0  1  0  1],[ 2  0  0  0  3  1  2  2  1],[ 1  0  0  0  1  0  1  1  1],[-2 -2 -3 -1  0  0 -2 -2  1],[-2  0 -1  0  0  0 -2 -2  0],[ 1 -1 -2 -1  2  2  0  0  1],[ 1  0 -2 -1  2  2  0  0  1],[-1 -1 -1 -1 -1  0 -1 -1  0]]","[[ 0  2  2  1  0 -1 -1 -1 -2],[-2  0  0  1 -2 -1 -2 -2 -3],[-2  0  0  0  0  0 -2 -2 -1],[-1 -1  0  0 -1 -1 -1 -1 -1],[ 0  2  0  1  0  0  1  0  0],[ 1  1  0  1  0  0  1  1  0],[ 1  2  2  1 -1 -1  0  0 -2],[ 1  2  2  1  0 -1  0  0 -2],[ 2  3  1  1  0  0  2  2  0]]",True,"[-2,-2,-1,0,1,1,1,2,0,-1,2,1,2,2,3,0,0,0,2,2,1,1,1,1,1,1,0,-1,0,0,-1,-1,0,0,2,2]","[-2,-2,-1,0,1,1,1,2,0,-1,2,1,2,2,3,0,0,0,2,2,1,1,1,1,1,1,0,-1,0,0,-1,-1,0,0,2,2]",t^8+48t^6+172t^4+75t^2+4,"[-2,-1,-1,-1,0,1,2,2,-1,-1,1,2,2,1,3,0,1,1,1,1,1,1,2,1,1,1,1,1,2,3,0,0,2,2,1,0]","[-2,-2,-1,0,1,1,1,2,0,1,2,1,1,3,3,2,0,1,1,2,1,0,1,1,1,2,1,2,1,2,0,-1,-1,-1,-1,1]","[-2,-1,-1,-1,0,1,2,2,0,2,2,0,1,1,3,1,1,0,1,0,1,0,-1,1,2,2,0,1,2,2,1,0,2,0,-1,0]",c,"[[{8, 1}, {2, 7}, {3, 6}, {4, 5}], [{8, 1}, {2, 7}, {4, 6}, {3, 5}], [{8, 1}, {2, 7}, {5, 6}, {3, 4}], [{8, 1}, {3, 7}, {2, 6}, {4, 5}], [{8, 1}, {3, 7}, {4, 6}, {2, 5}], [{8, 1}, {3, 7}, {5, 6}, {2, 4}], [{8, 1}, {4, 7}, {2, 6}, {3, 5}], [{8, 1}, {4, 7}, {3, 6}, {2, 5}], [{8, 1}, {4, 7}, {5, 6}, {2, 3}], [{8, 1}, {5, 7}, {2, 6}, {3, 4}], [{8, 1}, {5, 7}, {3, 6}, {2, 4}], [{8, 1}, {5, 7}, {4, 6}, {2, 3}], [{8, 1}, {6, 7}, {2, 5}, {3, 4}], [{8, 1}, {6, 7}, {3, 5}, {2, 4}], [{8, 1}, {6, 7}, {4, 5}, {2, 3}], [{8, 1}, {7}, {2, 6}, {5}, {3, 4}], [{8, 1}, {7}, {3, 6}, {5}, {2, 4}], [{8, 1}, {7}, {5, 6}, {2, 4}, {3}], [{8, 1}, {7}, {6}, {3, 5}, {2, 4}], [{8, 2}, {1, 7}, {3, 6}, {4, 5}], [{8, 2}, {1, 7}, {4, 6}, {3, 5}], [{8, 2}, {1, 7}, {5, 6}, {3, 4}], [{8, 2}, {3, 7}, {1, 6}, {4, 5}], [{8, 2}, {3, 7}, {4, 6}, {1, 5}], [{8, 2}, {3, 7}, {5, 6}, {1, 4}], [{8, 2}, {3, 7}, {6}, {4, 5}, {1}], [{8, 2}, {4, 7}, {1, 6}, {3, 5}], [{8, 2}, {4, 7}, {3, 6}, {1, 5}], [{8, 2}, {4, 7}, {5, 6}, {1, 3}], [{8, 2}, {4, 7}, {6}, {5}, {1, 3}], [{8, 2}, {5, 7}, {1, 6}, {3, 4}], [{8, 2}, {5, 7}, {1, 6}, {4}, {3}], [{8, 2}, {5, 7}, {3, 6}, {1, 4}], [{8, 2}, {5, 7}, {4, 6}, {1, 3}], [{8, 2}, {6, 7}, {1, 5}, {3, 4}], [{8, 2}, {6, 7}, {3, 5}, {1, 4}], [{8, 2}, {6, 7}, {4, 5}, {1, 3}], [{8, 2}, {7}, {3, 6}, {5}, {1, 4}], [{8, 2}, {7}, {5, 6}, {1, 4}, {3}], [{8, 2}, {7}, {6}, {3, 5}, {1, 4}], [{8, 3}, {1, 7}, {2, 6}, {4, 5}], [{8, 3}, {1, 7}, {2, 6}, {5}, {4}], [{8, 3}, {1, 7}, {4, 6}, {2, 5}], [{8, 3}, {1, 7}, {5, 6}, {2, 4}], [{8, 3}, {2, 7}, {1, 6}, {4, 5}], [{8, 3}, {2, 7}, {1, 6}, {5}, {4}], [{8, 3}, {2, 7}, {4, 6}, {1, 5}], [{8, 3}, {2, 7}, {5, 6}, {1, 4}], [{8, 3}, {4, 7}, {1, 6}, {2, 5}], [{8, 3}, {4, 7}, {2, 6}, {1, 5}], [{8, 3}, {4, 7}, {5, 6}, {1, 2}], [{8, 3}, {4, 7}, {6}, {1, 5}, {2}], [{8, 3}, {4, 7}, {6}, {2, 5}, {1}], [{8, 3}, {4, 7}, {6}, {5}, {1, 2}], [{8, 3}, {5, 7}, {1, 6}, {2, 4}], [{8, 3}, {5, 7}, {2, 6}, {1, 4}], [{8, 3}, {5, 7}, {4, 6}, {1, 2}], [{8, 3}, {5, 7}, {6}, {1, 4}, {2}], [{8, 3}, {5, 7}, {6}, {2, 4}, {1}], [{8, 3}, {5, 7}, {6}, {4}, {1, 2}], [{8, 3}, {6, 7}, {1, 5}, {2, 4}], [{8, 3}, {6, 7}, {1, 5}, {4}, {2}], [{8, 3}, {6, 7}, {2, 5}, {1, 4}], [{8, 3}, {6, 7}, {2, 5}, {4}, {1}], [{8, 3}, {6, 7}, {4, 5}, {1, 2}], [{8, 3}, {6, 7}, {4, 5}, {2}, {1}], [{8, 3}, {6, 7}, {5}, {1, 4}, {2}], [{8, 3}, {6, 7}, {5}, {2, 4}, {1}], [{8, 3}, {6, 7}, {5}, {4}, {1, 2}], [{8, 3}, {6, 7}, {5}, {4}, {2}, {1}], [{8, 3}, {7}, {4, 6}, {1, 5}, {2}], [{8, 3}, {7}, {4, 6}, {2, 5}, {1}], [{8, 3}, {7}, {4, 6}, {5}, {1, 2}], [{8, 3}, {7}, {5, 6}, {1, 4}, {2}], [{8, 3}, {7}, {5, 6}, {2, 4}, {1}], [{8, 3}, {7}, {5, 6}, {4}, {1, 2}], [{8, 3}, {7}, {6}, {4, 5}, {1, 2}], [{8, 3}, {7}, {6}, {5}, {4}, {1, 2}], [{8, 4}, {1, 7}, {2, 6}, {3, 5}], [{8, 4}, {1, 7}, {3, 6}, {2, 5}], [{8, 4}, {1, 7}, {5, 6}, {2, 3}], [{8, 4}, {2, 7}, {1, 6}, {3, 5}], [{8, 4}, {2, 7}, {3, 6}, {1, 5}], [{8, 4}, {2, 7}, {5, 6}, {1, 3}], [{8, 4}, {2, 7}, {6}, {5}, {1, 3}], [{8, 4}, {3, 7}, {1, 6}, {2, 5}], [{8, 4}, {3, 7}, {2, 6}, {1, 5}], [{8, 4}, {3, 7}, {5, 6}, {1, 2}], [{8, 4}, {5, 7}, {1, 6}, {2, 3}], [{8, 4}, {5, 7}, {2, 6}, {1, 3}], [{8, 4}, {5, 7}, {3, 6}, {1, 2}], [{8, 4}, {5, 7}, {6}, {2, 3}, {1}], [{8, 4}, {6, 7}, {1, 5}, {2, 3}], [{8, 4}, {6, 7}, {2, 5}, {1, 3}], [{8, 4}, {6, 7}, {3, 5}, {1, 2}], [{8, 4}, {7}, {1, 6}, {2, 5}, {3}], [{8, 4}, {7}, {2, 6}, {1, 5}, {3}], [{8, 5}, {1, 7}, {2, 6}, {3, 4}], [{8, 5}, {1, 7}, {3, 6}, {2, 4}], [{8, 5}, {1, 7}, {4, 6}, {2, 3}], [{8, 5}, {1, 7}, {4, 6}, {3}, {2}], [{8, 5}, {2, 7}, {1, 6}, {3, 4}], [{8, 5}, {2, 7}, {3, 6}, {1, 4}], [{8, 5}, {2, 7}, {4, 6}, {1, 3}], [{8, 5}, {2, 7}, {6}, {3, 4}, {1}], [{8, 5}, {3, 7}, {1, 6}, {2, 4}], [{8, 5}, {3, 7}, {2, 6}, {1, 4}], [{8, 5}, {3, 7}, {4, 6}, {1, 2}], [{8, 5}, {4, 7}, {1, 6}, {2, 3}], [{8, 5}, {4, 7}, {1, 6}, {3}, {2}], [{8, 5}, {4, 7}, {2, 6}, {1, 3}], [{8, 5}, {4, 7}, {3, 6}, {1, 2}], [{8, 5}, {6, 7}, {1, 4}, {2, 3}], [{8, 5}, {6, 7}, {2, 4}, {1, 3}], [{8, 5}, {6, 7}, {3, 4}, {1, 2}], [{8, 5}, {7}, {2, 6}, {1, 4}, {3}], [{8, 6}, {1, 7}, {2, 5}, {3, 4}], [{8, 6}, {1, 7}, {3, 5}, {2, 4}], [{8, 6}, {1, 7}, {4, 5}, {2, 3}], [{8, 6}, {2, 7}, {1, 5}, {3, 4}], [{8, 6}, {2, 7}, {3, 5}, {1, 4}], [{8, 6}, {2, 7}, {3, 5}, {4}, {1}], [{8, 6}, {2, 7}, {4, 5}, {1, 3}], [{8, 6}, {3, 7}, {1, 5}, {2, 4}], [{8, 6}, {3, 7}, {2, 5}, {1, 4}], [{8, 6}, {3, 7}, {4, 5}, {1, 2}], [{8, 6}, {3, 7}, {5}, {4}, {1, 2}], [{8, 6}, {4, 7}, {1, 5}, {2, 3}], [{8, 6}, {4, 7}, {2, 5}, {1, 3}], [{8, 6}, {4, 7}, {3, 5}, {1, 2}], [{8, 6}, {5, 7}, {1, 4}, {2, 3}], [{8, 6}, {5, 7}, {2, 4}, {1, 3}], [{8, 6}, {5, 7}, {3, 4}, {1, 2}], [{8, 6}, {5, 7}, {4}, {2, 3}, {1}], [{8, 7}, {1, 6}, {2, 5}, {3, 4}], [{8, 7}, {1, 6}, {3, 5}, {2, 4}], [{8, 7}, {1, 6}, {4, 5}, {2, 3}], [{8, 7}, {2, 6}, {1, 5}, {3, 4}], [{8, 7}, {2, 6}, {3, 5}, {1, 4}], [{8, 7}, {2, 6}, {4, 5}, {1, 3}], [{8, 7}, {3, 6}, {1, 5}, {2, 4}], [{8, 7}, {3, 6}, {1, 5}, {4}, {2}], [{8, 7}, {3, 6}, {2, 5}, {1, 4}], [{8, 7}, {3, 6}, {2, 5}, {4}, {1}], [{8, 7}, {3, 6}, {4, 5}, {1, 2}], [{8, 7}, {3, 6}, {4, 5}, {2}, {1}], [{8, 7}, {3, 6}, {5}, {1, 4}, {2}], [{8, 7}, {3, 6}, {5}, {2, 4}, {1}], [{8, 7}, {3, 6}, {5}, {4}, {1, 2}], [{8, 7}, {3, 6}, {5}, {4}, {2}, {1}], [{8, 7}, {4, 6}, {1, 5}, {2, 3}], [{8, 7}, {4, 6}, {2, 5}, {1, 3}], [{8, 7}, {4, 6}, {2, 5}, {3}, {1}], [{8, 7}, {4, 6}, {3, 5}, {1, 2}], [{8, 7}, {5, 6}, {1, 4}, {2, 3}], [{8, 7}, {5, 6}, {2, 4}, {1, 3}], [{8, 7}, {5, 6}, {2, 4}, {3}, {1}], [{8, 7}, {5, 6}, {3, 4}, {1, 2}], [{8, 7}, {6}, {2, 5}, {3, 4}, {1}], [{8, 7}, {6}, {3, 5}, {2, 4}, {1}], [{8}, {1, 7}, {3, 6}, {5}, {2, 4}], [{8}, {1, 7}, {5, 6}, {2, 4}, {3}], [{8}, {1, 7}, {6}, {3, 5}, {2, 4}], [{8}, {2, 7}, {3, 6}, {5}, {1, 4}], [{8}, {3, 7}, {1, 6}, {2, 5}, {4}], [{8}, {3, 7}, {4, 6}, {2, 5}, {1}], [{8}, {3, 7}, {5, 6}, {2, 4}, {1}], [{8}, {3, 7}, {6}, {2, 5}, {1, 4}], [{8}, {4, 7}, {1, 6}, {5}, {2, 3}], [{8}, {4, 7}, {2, 6}, {3, 5}, {1}], [{8}, {5, 7}, {1, 6}, {3, 4}, {2}], [{8}, {5, 7}, {4, 6}, {2, 3}, {1}], [{8}, {7}, {5, 6}, {1, 4}, {2, 3}], [{8}, {7}, {5, 6}, {2, 4}, {1, 3}]]",2,4 K_1^3 - 2 K_1^2 - 4 K_1 K_2 - K_1 + K_2 + K_3 + 2,O1O2O3O4U5U1O5U6O7O8U4U8U7U3O6U2,O1O2O3O4U3U2O5U6O7O6U4U1U8U7O8U5,O1O2O3O4U5O6U7U6U4U1O8O7U8O5U3U2,c,{'O1O2O3O4U3O5U2U6U7U1O7O6U5O8U4U8'},1,"<a href=""/flatknot/8.733620"">8.733620</a>",t^9-46t^7-130t^6+49t^5+364t^4+144t^3-120t^2-27t-2,-t^2+2t,,
8.733621,O1O2O3O4U3O5U2U6U7U8O7O6U1O8U5U4,4,6z^3+43z^2+110z+97,6w^4z^3+43w^3z^2+110w^2z+97w,False,False,"[[ 0 -1 -2 -1  3  2 -1 -1  1],[ 1  0  0  0  3  1  1  1  3],[ 2  0  0  0  3  1  2  2  2],[ 1  0  0  0  1  0  1  1  1],[-3 -3 -3 -1  0  0 -4 -4 -1],[-2 -1 -1  0  0  0 -3 -3  0],[ 1 -1 -2 -1  4  3  0  0  0],[ 1 -1 -2 -1  4  3  0  0  1],[-1 -3 -2 -1  1  0  0 -1  0]]","[[ 0  3  2  1 -1 -1 -1 -1 -2],[-3  0  0 -1 -1 -3 -4 -4 -3],[-2  0  0  0  0 -1 -3 -3 -1],[-1  1  0  0 -1 -3  0 -1 -2],[ 1  1  0  1  0  0  1  1  0],[ 1  3  1  3  0  0  1  1  0],[ 1  4  3  0 -1 -1  0  0 -2],[ 1  4  3  1 -1 -1  0  0 -2],[ 2  3  1  2  0  0  2  2  0]]",True,"[-3,-2,-1,1,1,1,1,2,0,1,1,3,4,4,3,0,0,1,3,3,1,1,3,0,1,2,0,-1,-1,0,-1,-1,0,0,2,2]","[-3,-2,-1,1,1,1,1,2,0,1,1,3,4,4,3,0,0,1,3,3,1,1,3,0,1,2,0,-1,-1,0,-1,-1,0,0,2,2]",t^8+99t^6+725t^4+141t^2+1,"[-2,-1,-1,-1,-1,1,2,3,-1,-1,1,1,1,3,2,0,1,1,1,0,0,1,1,2,0,0,0,-1,2,1,1,3,3,1,1,1]","[-3,-2,-1,1,1,1,1,2,1,1,0,0,1,3,2,1,0,0,2,3,3,1,2,-1,1,1,0,-1,-1,-1,-1,-1,-1,0,1,1]","[-2,-1,-1,-1,-1,1,2,3,0,0,2,2,2,1,3,0,1,1,1,0,1,1,1,3,1,3,0,0,3,4,1,3,4,0,1,0]",c,"[[{8, 1}, {2, 7}, {3, 6}, {4, 5}], [{8, 1}, {2, 7}, {3, 6}, {5}, {4}], [{8, 1}, {2, 7}, {4, 6}, {3, 5}], [{8, 1}, {2, 7}, {5, 6}, {3, 4}], [{8, 1}, {3, 7}, {2, 6}, {4, 5}], [{8, 1}, {3, 7}, {4, 6}, {2, 5}], [{8, 1}, {3, 7}, {4, 6}, {5}, {2}], [{8, 1}, {3, 7}, {5, 6}, {2, 4}], [{8, 1}, {4, 7}, {2, 6}, {3, 5}], [{8, 1}, {4, 7}, {3, 6}, {2, 5}], [{8, 1}, {4, 7}, {5, 6}, {2, 3}], [{8, 1}, {5, 7}, {2, 6}, {3, 4}], [{8, 1}, {5, 7}, {3, 6}, {2, 4}], [{8, 1}, {5, 7}, {4, 6}, {2, 3}], [{8, 1}, {6, 7}, {2, 5}, {3, 4}], [{8, 1}, {6, 7}, {3, 5}, {2, 4}], [{8, 1}, {6, 7}, {4, 5}, {2, 3}], [{8, 1}, {7}, {6}, {3, 5}, {2, 4}], [{8, 2}, {1, 7}, {3, 6}, {4, 5}], [{8, 2}, {1, 7}, {4, 6}, {3, 5}], [{8, 2}, {1, 7}, {5, 6}, {3, 4}], [{8, 2}, {3, 7}, {1, 6}, {4, 5}], [{8, 2}, {3, 7}, {4, 6}, {1, 5}], [{8, 2}, {3, 7}, {5, 6}, {1, 4}], [{8, 2}, {4, 7}, {1, 6}, {3, 5}], [{8, 2}, {4, 7}, {3, 6}, {1, 5}], [{8, 2}, {4, 7}, {5, 6}, {1, 3}], [{8, 2}, {5, 7}, {1, 6}, {3, 4}], [{8, 2}, {5, 7}, {1, 6}, {4}, {3}], [{8, 2}, {5, 7}, {3, 6}, {1, 4}], [{8, 2}, {5, 7}, {4, 6}, {1, 3}], [{8, 2}, {5, 7}, {4, 6}, {3}, {1}], [{8, 2}, {5, 7}, {6}, {1, 4}, {3}], [{8, 2}, {6, 7}, {1, 5}, {3, 4}], [{8, 2}, {6, 7}, {3, 5}, {1, 4}], [{8, 2}, {6, 7}, {4, 5}, {1, 3}], [{8, 2}, {7}, {1, 6}, {5}, {3, 4}], [{8, 2}, {7}, {3, 6}, {5}, {1, 4}], [{8, 2}, {7}, {4, 6}, {5}, {1, 3}], [{8, 3}, {1, 7}, {2, 6}, {4, 5}], [{8, 3}, {1, 7}, {2, 6}, {5}, {4}], [{8, 3}, {1, 7}, {4, 6}, {2, 5}], [{8, 3}, {1, 7}, {5, 6}, {2, 4}], [{8, 3}, {2, 7}, {1, 6}, {4, 5}], [{8, 3}, {2, 7}, {4, 6}, {1, 5}], [{8, 3}, {2, 7}, {5, 6}, {1, 4}], [{8, 3}, {4, 7}, {1, 6}, {2, 5}], [{8, 3}, {4, 7}, {2, 6}, {1, 5}], [{8, 3}, {4, 7}, {5, 6}, {1, 2}], [{8, 3}, {5, 7}, {1, 6}, {2, 4}], [{8, 3}, {5, 7}, {1, 6}, {4}, {2}], [{8, 3}, {5, 7}, {2, 6}, {1, 4}], [{8, 3}, {5, 7}, {2, 6}, {4}, {1}], [{8, 3}, {5, 7}, {4, 6}, {1, 2}], [{8, 3}, {5, 7}, {6}, {4}, {1, 2}], [{8, 3}, {6, 7}, {1, 5}, {2, 4}], [{8, 3}, {6, 7}, {2, 5}, {1, 4}], [{8, 3}, {6, 7}, {4, 5}, {1, 2}], [{8, 3}, {6, 7}, {5}, {4}, {1, 2}], [{8, 3}, {7}, {1, 6}, {5}, {2, 4}], [{8, 3}, {7}, {2, 6}, {1, 5}, {4}], [{8, 3}, {7}, {5, 6}, {4}, {1, 2}], [{8, 3}, {7}, {6}, {2, 5}, {1, 4}], [{8, 4}, {1, 7}, {2, 6}, {3, 5}], [{8, 4}, {1, 7}, {3, 6}, {2, 5}], [{8, 4}, {1, 7}, {5, 6}, {2, 3}], [{8, 4}, {2, 7}, {1, 6}, {3, 5}], [{8, 4}, {2, 7}, {3, 6}, {1, 5}], [{8, 4}, {2, 7}, {5, 6}, {1, 3}], [{8, 4}, {3, 7}, {1, 6}, {2, 5}], [{8, 4}, {3, 7}, {2, 6}, {1, 5}], [{8, 4}, {3, 7}, {5, 6}, {1, 2}], [{8, 4}, {5, 7}, {1, 6}, {2, 3}], [{8, 4}, {5, 7}, {1, 6}, {3}, {2}], [{8, 4}, {5, 7}, {2, 6}, {1, 3}], [{8, 4}, {5, 7}, {3, 6}, {1, 2}], [{8, 4}, {6, 7}, {1, 5}, {2, 3}], [{8, 4}, {6, 7}, {2, 5}, {1, 3}], [{8, 4}, {6, 7}, {3, 5}, {1, 2}], [{8, 5}, {1, 7}, {2, 6}, {3, 4}], [{8, 5}, {1, 7}, {3, 6}, {2, 4}], [{8, 5}, {1, 7}, {3, 6}, {4}, {2}], [{8, 5}, {1, 7}, {4, 6}, {2, 3}], [{8, 5}, {2, 7}, {1, 6}, {3, 4}], [{8, 5}, {2, 7}, {1, 6}, {4}, {3}], [{8, 5}, {2, 7}, {3, 6}, {1, 4}], [{8, 5}, {2, 7}, {4, 6}, {1, 3}], [{8, 5}, {3, 7}, {1, 6}, {2, 4}], [{8, 5}, {3, 7}, {1, 6}, {4}, {2}], [{8, 5}, {3, 7}, {2, 6}, {1, 4}], [{8, 5}, {3, 7}, {4, 6}, {1, 2}], [{8, 5}, {4, 7}, {1, 6}, {2, 3}], [{8, 5}, {4, 7}, {1, 6}, {3}, {2}], [{8, 5}, {4, 7}, {2, 6}, {1, 3}], [{8, 5}, {4, 7}, {3, 6}, {1, 2}], [{8, 5}, {6, 7}, {1, 4}, {2, 3}], [{8, 5}, {6, 7}, {2, 4}, {1, 3}], [{8, 5}, {6, 7}, {3, 4}, {1, 2}], [{8, 5}, {6, 7}, {4}, {1, 3}, {2}], [{8, 5}, {7}, {1, 6}, {2, 4}, {3}], [{8, 5}, {7}, {1, 6}, {3, 4}, {2}], [{8, 5}, {7}, {1, 6}, {4}, {2, 3}], [{8, 5}, {7}, {1, 6}, {4}, {3}, {2}], [{8, 5}, {7}, {2, 6}, {1, 4}, {3}], [{8, 5}, {7}, {4, 6}, {3}, {1, 2}], [{8, 6}, {1, 7}, {2, 5}, {3, 4}], [{8, 6}, {1, 7}, {3, 5}, {2, 4}], [{8, 6}, {1, 7}, {4, 5}, {2, 3}], [{8, 6}, {2, 7}, {1, 5}, {3, 4}], [{8, 6}, {2, 7}, {3, 5}, {1, 4}], [{8, 6}, {2, 7}, {4, 5}, {1, 3}], [{8, 6}, {3, 7}, {1, 5}, {2, 4}], [{8, 6}, {3, 7}, {1, 5}, {4}, {2}], [{8, 6}, {3, 7}, {2, 5}, {1, 4}], [{8, 6}, {3, 7}, {4, 5}, {1, 2}], [{8, 6}, {3, 7}, {4, 5}, {2}, {1}], [{8, 6}, {3, 7}, {5}, {1, 4}, {2}], [{8, 6}, {4, 7}, {1, 5}, {2, 3}], [{8, 6}, {4, 7}, {2, 5}, {1, 3}], [{8, 6}, {4, 7}, {3, 5}, {1, 2}], [{8, 6}, {5, 7}, {1, 4}, {2, 3}], [{8, 6}, {5, 7}, {2, 4}, {1, 3}], [{8, 6}, {5, 7}, {3, 4}, {1, 2}], [{8, 6}, {7}, {2, 5}, {4}, {1, 3}], [{8, 6}, {7}, {3, 5}, {2, 4}, {1}], [{8, 7}, {1, 6}, {2, 5}, {3, 4}], [{8, 7}, {1, 6}, {2, 5}, {4}, {3}], [{8, 7}, {1, 6}, {3, 5}, {2, 4}], [{8, 7}, {1, 6}, {3, 5}, {4}, {2}], [{8, 7}, {1, 6}, {4, 5}, {2, 3}], [{8, 7}, {1, 6}, {4, 5}, {3}, {2}], [{8, 7}, {1, 6}, {5}, {2, 4}, {3}], [{8, 7}, {1, 6}, {5}, {3, 4}, {2}], [{8, 7}, {1, 6}, {5}, {4}, {2, 3}], [{8, 7}, {1, 6}, {5}, {4}, {3}, {2}], [{8, 7}, {2, 6}, {1, 5}, {3, 4}], [{8, 7}, {2, 6}, {3, 5}, {1, 4}], [{8, 7}, {2, 6}, {3, 5}, {4}, {1}], [{8, 7}, {2, 6}, {4, 5}, {1, 3}], [{8, 7}, {3, 6}, {1, 5}, {2, 4}], [{8, 7}, {3, 6}, {2, 5}, {1, 4}], [{8, 7}, {3, 6}, {4, 5}, {1, 2}], [{8, 7}, {4, 6}, {1, 5}, {2, 3}], [{8, 7}, {4, 6}, {2, 5}, {1, 3}], [{8, 7}, {4, 6}, {3, 5}, {1, 2}], [{8, 7}, {5, 6}, {1, 4}, {2, 3}], [{8, 7}, {5, 6}, {2, 4}, {1, 3}], [{8, 7}, {5, 6}, {3, 4}, {1, 2}], [{8, 7}, {6}, {3, 5}, {4}, {1, 2}], [{8}, {2, 7}, {1, 6}, {5}, {3, 4}], [{8}, {3, 7}, {1, 6}, {5}, {2, 4}], [{8}, {5, 7}, {1, 6}, {2, 4}, {3}], [{8}, {5, 7}, {1, 6}, {3, 4}, {2}], [{8}, {5, 7}, {1, 6}, {4}, {2, 3}], [{8}, {5, 7}, {1, 6}, {4}, {3}, {2}], [{8}, {6, 7}, {2, 5}, {1, 4}, {3}], [{8}, {7}, {1, 6}, {2, 5}, {3, 4}], [{8}, {7}, {1, 6}, {3, 5}, {2, 4}], [{8}, {7}, {3, 6}, {1, 5}, {2, 4}]]",2,4 K_1^2 K_2 - 12 K_1^2 - 10 K_1 K_2 - 4 K_1 K_3 + 5 K_1 + 6 K_2 + 5 K_3 + K_4 + 6,O1O2O3O4U1U5O6U4O7O8U6U8U7U3O5U2,O1O2O3O4U3U2O5U4O6O7U5U1U8U7O8U6,O1O2O3O4U5O6U7U6U4U8O7O5U1O8U3U2,c,{'O1O2O3O4U3O5U2U6U7U8O7O6U1O8U5U4'},1,"<a href=""/flatknot/8.733621"">8.733621</a>",t^9-93t^7-270t^6+585t^5+1048t^4-325t^3-318t^2+7t+2,-t^3+3t,,
8.733622,O1O2O3O4U3O5U2U6U7U8O7O6U4O8U1U5,4,2z^3+35z^2+114z+105,2w^4z^3+35w^3z^2+114w^2z+105w,False,False,"[[ 0 -1 -2 -1  2  3 -1 -1  1],[ 1  0 -1 -1  3  3  0  0  2],[ 2  1  0  0  2  2  2  2  1],[ 1  1  0  0  1  1  1  1  0],[-2 -3 -2 -1  0  0 -2 -2  0],[-3 -3 -2 -1  0  0 -4 -4 -1],[ 1  0 -2 -1  2  4  0  0  0],[ 1  0 -2 -1  2  4  0  0  1],[-1 -2 -1  0  0  1  0 -1  0]]","[[ 0  3  2  1 -1 -1 -1 -1 -2],[-3  0  0 -1 -1 -3 -4 -4 -2],[-2  0  0  0 -1 -3 -2 -2 -2],[-1  1  0  0  0 -2  0 -1 -1],[ 1  1  1  0  0  1  1  1  0],[ 1  3  3  2 -1  0  0  0 -1],[ 1  4  2  0 -1  0  0  0 -2],[ 1  4  2  1 -1  0  0  0 -2],[ 2  2  2  1  0  1  2  2  0]]",True,"[-3,-2,-1,1,1,1,1,2,0,1,1,3,4,4,2,0,1,3,2,2,2,0,2,0,1,1,-1,-1,-1,0,0,0,1,0,2,2]","[-3,-2,-1,1,1,1,1,2,0,1,1,3,4,4,2,0,1,3,2,2,2,0,2,0,1,1,-1,-1,-1,0,0,0,1,0,2,2]",t^8+87t^6+380t^4+224t^2+4,"[-2,-1,-1,-1,-1,1,2,3,-1,-1,0,1,2,2,3,0,0,1,1,1,0,0,1,2,1,0,1,0,0,1,2,2,3,1,1,1]","[-3,-2,-1,1,1,1,1,2,1,1,0,0,1,3,3,1,1,1,0,2,2,1,2,0,2,2,0,0,-1,-1,0,-1,-1,-1,0,1]","[-2,-1,-1,-1,-1,1,2,3,0,1,2,2,1,2,2,1,1,1,0,1,1,0,0,2,3,3,0,0,2,4,1,2,4,0,1,0]",c,"[[{8, 1}, {2, 7}, {3, 6}, {4, 5}], [{8, 1}, {2, 7}, {4, 6}, {3, 5}], [{8, 1}, {2, 7}, {5, 6}, {3, 4}], [{8, 1}, {3, 7}, {2, 6}, {4, 5}], [{8, 1}, {3, 7}, {4, 6}, {2, 5}], [{8, 1}, {3, 7}, {5, 6}, {2, 4}], [{8, 1}, {3, 7}, {6}, {5}, {2, 4}], [{8, 1}, {4, 7}, {2, 6}, {3, 5}], [{8, 1}, {4, 7}, {3, 6}, {2, 5}], [{8, 1}, {4, 7}, {5, 6}, {2, 3}], [{8, 1}, {4, 7}, {5, 6}, {3}, {2}], [{8, 1}, {5, 7}, {2, 6}, {3, 4}], [{8, 1}, {5, 7}, {3, 6}, {2, 4}], [{8, 1}, {5, 7}, {4, 6}, {2, 3}], [{8, 1}, {5, 7}, {4, 6}, {3}, {2}], [{8, 1}, {6, 7}, {2, 5}, {3, 4}], [{8, 1}, {6, 7}, {3, 5}, {2, 4}], [{8, 1}, {6, 7}, {4, 5}, {2, 3}], [{8, 1}, {6, 7}, {4, 5}, {3}, {2}], [{8, 1}, {7}, {6}, {2, 5}, {3, 4}], [{8, 2}, {1, 7}, {3, 6}, {4, 5}], [{8, 2}, {1, 7}, {4, 6}, {3, 5}], [{8, 2}, {1, 7}, {5, 6}, {3, 4}], [{8, 2}, {1, 7}, {6}, {5}, {3, 4}], [{8, 2}, {3, 7}, {1, 6}, {4, 5}], [{8, 2}, {3, 7}, {4, 6}, {1, 5}], [{8, 2}, {3, 7}, {5, 6}, {1, 4}], [{8, 2}, {3, 7}, {6}, {1, 5}, {4}], [{8, 2}, {4, 7}, {1, 6}, {3, 5}], [{8, 2}, {4, 7}, {1, 6}, {5}, {3}], [{8, 2}, {4, 7}, {3, 6}, {1, 5}], [{8, 2}, {4, 7}, {5, 6}, {1, 3}], [{8, 2}, {5, 7}, {1, 6}, {3, 4}], [{8, 2}, {5, 7}, {3, 6}, {1, 4}], [{8, 2}, {5, 7}, {4, 6}, {1, 3}], [{8, 2}, {6, 7}, {1, 5}, {3, 4}], [{8, 2}, {6, 7}, {3, 5}, {1, 4}], [{8, 2}, {6, 7}, {4, 5}, {1, 3}], [{8, 2}, {7}, {4, 6}, {1, 5}, {3}], [{8, 2}, {7}, {6}, {3, 5}, {1, 4}], [{8, 3}, {1, 7}, {2, 6}, {4, 5}], [{8, 3}, {1, 7}, {4, 6}, {2, 5}], [{8, 3}, {1, 7}, {5, 6}, {2, 4}], [{8, 3}, {1, 7}, {5, 6}, {4}, {2}], [{8, 3}, {2, 7}, {1, 6}, {4, 5}], [{8, 3}, {2, 7}, {4, 6}, {1, 5}], [{8, 3}, {2, 7}, {5, 6}, {1, 4}], [{8, 3}, {4, 7}, {1, 6}, {2, 5}], [{8, 3}, {4, 7}, {2, 6}, {1, 5}], [{8, 3}, {4, 7}, {5, 6}, {1, 2}], [{8, 3}, {5, 7}, {1, 6}, {2, 4}], [{8, 3}, {5, 7}, {1, 6}, {4}, {2}], [{8, 3}, {5, 7}, {2, 6}, {1, 4}], [{8, 3}, {5, 7}, {4, 6}, {1, 2}], [{8, 3}, {6, 7}, {1, 5}, {2, 4}], [{8, 3}, {6, 7}, {2, 5}, {1, 4}], [{8, 3}, {6, 7}, {4, 5}, {1, 2}], [{8, 3}, {7}, {6}, {1, 5}, {2, 4}], [{8, 3}, {7}, {6}, {2, 5}, {1, 4}], [{8, 4}, {1, 7}, {2, 6}, {3, 5}], [{8, 4}, {1, 7}, {3, 6}, {2, 5}], [{8, 4}, {1, 7}, {5, 6}, {2, 3}], [{8, 4}, {1, 7}, {6}, {2, 5}, {3}], [{8, 4}, {1, 7}, {6}, {3, 5}, {2}], [{8, 4}, {1, 7}, {6}, {5}, {2, 3}], [{8, 4}, {2, 7}, {1, 6}, {3, 5}], [{8, 4}, {2, 7}, {3, 6}, {1, 5}], [{8, 4}, {2, 7}, {5, 6}, {1, 3}], [{8, 4}, {3, 7}, {1, 6}, {2, 5}], [{8, 4}, {3, 7}, {2, 6}, {1, 5}], [{8, 4}, {3, 7}, {5, 6}, {1, 2}], [{8, 4}, {3, 7}, {6}, {2, 5}, {1}], [{8, 4}, {5, 7}, {1, 6}, {2, 3}], [{8, 4}, {5, 7}, {2, 6}, {1, 3}], [{8, 4}, {5, 7}, {3, 6}, {1, 2}], [{8, 4}, {6, 7}, {1, 5}, {2, 3}], [{8, 4}, {6, 7}, {2, 5}, {1, 3}], [{8, 4}, {6, 7}, {2, 5}, {3}, {1}], [{8, 4}, {6, 7}, {3, 5}, {1, 2}], [{8, 4}, {6, 7}, {3, 5}, {2}, {1}], [{8, 4}, {6, 7}, {5}, {2, 3}, {1}], [{8, 4}, {7}, {1, 6}, {2, 5}, {3}], [{8, 4}, {7}, {1, 6}, {3, 5}, {2}], [{8, 4}, {7}, {1, 6}, {5}, {2, 3}], [{8, 4}, {7}, {3, 6}, {1, 5}, {2}], [{8, 4}, {7}, {3, 6}, {2, 5}, {1}], [{8, 4}, {7}, {3, 6}, {5}, {1, 2}], [{8, 4}, {7}, {6}, {2, 5}, {1, 3}], [{8, 4}, {7}, {6}, {2, 5}, {3}, {1}], [{8, 5}, {1, 7}, {2, 6}, {3, 4}], [{8, 5}, {1, 7}, {3, 6}, {2, 4}], [{8, 5}, {1, 7}, {3, 6}, {4}, {2}], [{8, 5}, {1, 7}, {4, 6}, {2, 3}], [{8, 5}, {1, 7}, {6}, {2, 4}, {3}], [{8, 5}, {2, 7}, {1, 6}, {3, 4}], [{8, 5}, {2, 7}, {1, 6}, {4}, {3}], [{8, 5}, {2, 7}, {3, 6}, {1, 4}], [{8, 5}, {2, 7}, {4, 6}, {1, 3}], [{8, 5}, {3, 7}, {1, 6}, {2, 4}], [{8, 5}, {3, 7}, {2, 6}, {1, 4}], [{8, 5}, {3, 7}, {2, 6}, {4}, {1}], [{8, 5}, {3, 7}, {4, 6}, {1, 2}], [{8, 5}, {4, 7}, {1, 6}, {2, 3}], [{8, 5}, {4, 7}, {2, 6}, {1, 3}], [{8, 5}, {4, 7}, {3, 6}, {1, 2}], [{8, 5}, {4, 7}, {6}, {2, 3}, {1}], [{8, 5}, {6, 7}, {1, 4}, {2, 3}], [{8, 5}, {6, 7}, {2, 4}, {1, 3}], [{8, 5}, {6, 7}, {3, 4}, {1, 2}], [{8, 5}, {6, 7}, {4}, {2, 3}, {1}], [{8, 5}, {7}, {2, 6}, {1, 4}, {3}], [{8, 5}, {7}, {4, 6}, {2, 3}, {1}], [{8, 6}, {1, 7}, {2, 5}, {3, 4}], [{8, 6}, {1, 7}, {2, 5}, {4}, {3}], [{8, 6}, {1, 7}, {3, 5}, {2, 4}], [{8, 6}, {1, 7}, {3, 5}, {4}, {2}], [{8, 6}, {1, 7}, {4, 5}, {2, 3}], [{8, 6}, {1, 7}, {4, 5}, {3}, {2}], [{8, 6}, {1, 7}, {5}, {2, 4}, {3}], [{8, 6}, {1, 7}, {5}, {3, 4}, {2}], [{8, 6}, {1, 7}, {5}, {4}, {2, 3}], [{8, 6}, {2, 7}, {1, 5}, {3, 4}], [{8, 6}, {2, 7}, {1, 5}, {4}, {3}], [{8, 6}, {2, 7}, {3, 5}, {1, 4}], [{8, 6}, {2, 7}, {4, 5}, {1, 3}], [{8, 6}, {3, 7}, {1, 5}, {2, 4}], [{8, 6}, {3, 7}, {2, 5}, {1, 4}], [{8, 6}, {3, 7}, {4, 5}, {1, 2}], [{8, 6}, {4, 7}, {1, 5}, {2, 3}], [{8, 6}, {4, 7}, {2, 5}, {1, 3}], [{8, 6}, {4, 7}, {3, 5}, {1, 2}], [{8, 6}, {5, 7}, {1, 4}, {2, 3}], [{8, 6}, {5, 7}, {2, 4}, {1, 3}], [{8, 6}, {5, 7}, {3, 4}, {1, 2}], [{8, 6}, {5, 7}, {4}, {3}, {1, 2}], [{8, 7}, {1, 6}, {2, 5}, {3, 4}], [{8, 7}, {1, 6}, {3, 5}, {2, 4}], [{8, 7}, {1, 6}, {4, 5}, {2, 3}], [{8, 7}, {1, 6}, {4, 5}, {3}, {2}], [{8, 7}, {2, 6}, {1, 5}, {3, 4}], [{8, 7}, {2, 6}, {3, 5}, {1, 4}], [{8, 7}, {2, 6}, {4, 5}, {1, 3}], [{8, 7}, {3, 6}, {1, 5}, {2, 4}], [{8, 7}, {3, 6}, {2, 5}, {1, 4}], [{8, 7}, {3, 6}, {4, 5}, {1, 2}], [{8, 7}, {4, 6}, {1, 5}, {2, 3}], [{8, 7}, {4, 6}, {2, 5}, {1, 3}], [{8, 7}, {4, 6}, {3, 5}, {1, 2}], [{8, 7}, {4, 6}, {5}, {1, 3}, {2}], [{8, 7}, {5, 6}, {1, 4}, {2, 3}], [{8, 7}, {5, 6}, {2, 4}, {1, 3}], [{8, 7}, {5, 6}, {3, 4}, {1, 2}], [{8, 7}, {5, 6}, {4}, {3}, {1, 2}], [{8}, {1, 7}, {2, 6}, {5}, {3, 4}], [{8}, {1, 7}, {4, 6}, {2, 5}, {3}], [{8}, {1, 7}, {4, 6}, {3, 5}, {2}], [{8}, {1, 7}, {4, 6}, {5}, {2, 3}], [{8}, {1, 7}, {5, 6}, {2, 4}, {3}], [{8}, {2, 7}, {1, 6}, {5}, {3, 4}], [{8}, {3, 7}, {1, 6}, {2, 5}, {4}], [{8}, {3, 7}, {5, 6}, {1, 4}, {2}], [{8}, {4, 7}, {2, 6}, {1, 5}, {3}], [{8}, {5, 7}, {1, 6}, {2, 4}, {3}], [{8}, {5, 7}, {3, 6}, {1, 4}, {2}], [{8}, {6, 7}, {4, 5}, {2, 3}, {1}], [{8}, {7}, {2, 6}, {4, 5}, {1, 3}]]",2,4 K_1^3 + 4 K_1^2 K_2 - 4 K_1^2 - 6 K_1 K_2 - 4 K_1 K_3 + 2 K_2 + 2 K_3 + K_4 + 2,O1O2O3O4U5U4O6U1O7O8U6U8U7U3O5U2,O1O2O3O4U3U2O5U4O6O7U6U1U8U5O8U7,O1O2O3O4U5O6U7U6U4U8O5O8U1O7U3U2,c,{'O1O2O3O4U3O5U2U6U7U8O7O6U4O8U1U5'},1,"<a href=""/flatknot/8.733622"">8.733622</a>",t^9-81t^7-208t^6+286t^5+608t^4-394t^3-154t^2+9t+4,-t^3+3t,,
8.733623,O1O2O3O4U3O5U2U6U7U8O7O6U5O8U1U4,4,4z^3+40z^2+113z+99,4w^4z^3+40w^3z^2+113w^2z+99w,False,False,"[[ 0 -1 -2 -1  3  2 -1 -1  1],[ 1  0 -1  0  3  2  0  0  2],[ 2  1  0  0  3  1  2  2  1],[ 1  0  0  0  1  0  1  1  1],[-3 -3 -3 -1  0  1 -4 -4 -2],[-2 -2 -1  0 -1  0 -2 -2  0],[ 1  0 -2 -1  4  2  0  0  0],[ 1  0 -2 -1  4  2  0  0  1],[-1 -2 -1 -1  2  0  0 -1  0]]","[[ 0  3  2  1 -1 -1 -1 -1 -2],[-3  0  1 -2 -1 -3 -4 -4 -3],[-2 -1  0  0  0 -2 -2 -2 -1],[-1  2  0  0 -1 -2  0 -1 -1],[ 1  1  0  1  0  0  1  1  0],[ 1  3  2  2  0  0  0  0 -1],[ 1  4  2  0 -1  0  0  0 -2],[ 1  4  2  1 -1  0  0  0 -2],[ 2  3  1  1  0  1  2  2  0]]",True,"[-3,-2,-1,1,1,1,1,2,-1,2,1,3,4,4,3,0,0,2,2,2,1,1,2,0,1,1,0,-1,-1,0,0,0,1,0,2,2]","[-3,-2,-1,1,1,1,1,2,-1,2,1,3,4,4,3,0,0,2,2,2,1,1,2,0,1,1,0,-1,-1,0,0,0,1,0,2,2]",t^8+87t^6+387t^4+95t^2,"[-2,-1,-1,-1,-1,1,2,3,-1,-1,0,1,2,3,2,0,0,1,1,1,0,0,1,2,1,0,0,0,1,1,1,3,3,1,0,2]","[-3,-2,-1,1,1,1,1,2,2,0,0,0,1,3,2,1,1,1,1,3,3,1,2,0,1,2,0,0,-1,-1,0,-1,-1,0,0,1]","[-2,-1,-1,-1,-1,1,2,3,0,1,2,2,1,1,3,0,1,1,1,0,1,0,0,2,2,3,0,0,2,4,1,2,4,0,2,-1]",c,"[[{8, 1}, {2, 7}, {3, 6}, {4, 5}], [{8, 1}, {2, 7}, {4, 6}, {3, 5}], [{8, 1}, {2, 7}, {5, 6}, {3, 4}], [{8, 1}, {3, 7}, {2, 6}, {4, 5}], [{8, 1}, {3, 7}, {4, 6}, {2, 5}], [{8, 1}, {3, 7}, {5, 6}, {2, 4}], [{8, 1}, {3, 7}, {6}, {5}, {2, 4}], [{8, 1}, {4, 7}, {2, 6}, {3, 5}], [{8, 1}, {4, 7}, {3, 6}, {2, 5}], [{8, 1}, {4, 7}, {5, 6}, {2, 3}], [{8, 1}, {5, 7}, {2, 6}, {3, 4}], [{8, 1}, {5, 7}, {3, 6}, {2, 4}], [{8, 1}, {5, 7}, {4, 6}, {2, 3}], [{8, 1}, {5, 7}, {6}, {2, 4}, {3}], [{8, 1}, {6, 7}, {2, 5}, {3, 4}], [{8, 1}, {6, 7}, {3, 5}, {2, 4}], [{8, 1}, {6, 7}, {4, 5}, {2, 3}], [{8, 1}, {6, 7}, {5}, {2, 4}, {3}], [{8, 1}, {7}, {2, 6}, {4, 5}, {3}], [{8, 1}, {7}, {3, 6}, {5}, {2, 4}], [{8, 1}, {7}, {4, 6}, {2, 5}, {3}], [{8, 1}, {7}, {5, 6}, {2, 4}, {3}], [{8, 1}, {7}, {6}, {3, 5}, {2, 4}], [{8, 1}, {7}, {6}, {5}, {2, 4}, {3}], [{8, 2}, {1, 7}, {3, 6}, {4, 5}], [{8, 2}, {1, 7}, {4, 6}, {3, 5}], [{8, 2}, {1, 7}, {5, 6}, {3, 4}], [{8, 2}, {1, 7}, {5, 6}, {4}, {3}], [{8, 2}, {3, 7}, {1, 6}, {4, 5}], [{8, 2}, {3, 7}, {4, 6}, {1, 5}], [{8, 2}, {3, 7}, {5, 6}, {1, 4}], [{8, 2}, {3, 7}, {6}, {5}, {1, 4}], [{8, 2}, {4, 7}, {1, 6}, {3, 5}], [{8, 2}, {4, 7}, {3, 6}, {1, 5}], [{8, 2}, {4, 7}, {5, 6}, {1, 3}], [{8, 2}, {5, 7}, {1, 6}, {3, 4}], [{8, 2}, {5, 7}, {3, 6}, {1, 4}], [{8, 2}, {5, 7}, {3, 6}, {4}, {1}], [{8, 2}, {5, 7}, {4, 6}, {1, 3}], [{8, 2}, {5, 7}, {6}, {1, 4}, {3}], [{8, 2}, {6, 7}, {1, 5}, {3, 4}], [{8, 2}, {6, 7}, {3, 5}, {1, 4}], [{8, 2}, {6, 7}, {4, 5}, {1, 3}], [{8, 2}, {7}, {6}, {3, 5}, {1, 4}], [{8, 3}, {1, 7}, {2, 6}, {4, 5}], [{8, 3}, {1, 7}, {4, 6}, {2, 5}], [{8, 3}, {1, 7}, {5, 6}, {2, 4}], [{8, 3}, {1, 7}, {6}, {5}, {2, 4}], [{8, 3}, {2, 7}, {1, 6}, {4, 5}], [{8, 3}, {2, 7}, {4, 6}, {1, 5}], [{8, 3}, {2, 7}, {5, 6}, {1, 4}], [{8, 3}, {4, 7}, {1, 6}, {2, 5}], [{8, 3}, {4, 7}, {2, 6}, {1, 5}], [{8, 3}, {4, 7}, {5, 6}, {1, 2}], [{8, 3}, {5, 7}, {1, 6}, {2, 4}], [{8, 3}, {5, 7}, {2, 6}, {1, 4}], [{8, 3}, {5, 7}, {4, 6}, {1, 2}], [{8, 3}, {5, 7}, {6}, {1, 4}, {2}], [{8, 3}, {5, 7}, {6}, {2, 4}, {1}], [{8, 3}, {5, 7}, {6}, {4}, {1, 2}], [{8, 3}, {6, 7}, {1, 5}, {2, 4}], [{8, 3}, {6, 7}, {2, 5}, {1, 4}], [{8, 3}, {6, 7}, {4, 5}, {1, 2}], [{8, 3}, {6, 7}, {5}, {1, 4}, {2}], [{8, 3}, {6, 7}, {5}, {2, 4}, {1}], [{8, 3}, {6, 7}, {5}, {4}, {1, 2}], [{8, 3}, {7}, {1, 6}, {2, 5}, {4}], [{8, 3}, {7}, {1, 6}, {4, 5}, {2}], [{8, 3}, {7}, {1, 6}, {5}, {2, 4}], [{8, 3}, {7}, {5, 6}, {1, 4}, {2}], [{8, 3}, {7}, {5, 6}, {2, 4}, {1}], [{8, 3}, {7}, {5, 6}, {4}, {1, 2}], [{8, 3}, {7}, {6}, {1, 5}, {2, 4}], [{8, 3}, {7}, {6}, {5}, {2, 4}, {1}], [{8, 4}, {1, 7}, {2, 6}, {3, 5}], [{8, 4}, {1, 7}, {2, 6}, {5}, {3}], [{8, 4}, {1, 7}, {3, 6}, {2, 5}], [{8, 4}, {1, 7}, {3, 6}, {5}, {2}], [{8, 4}, {1, 7}, {5, 6}, {2, 3}], [{8, 4}, {1, 7}, {6}, {5}, {2, 3}], [{8, 4}, {2, 7}, {1, 6}, {3, 5}], [{8, 4}, {2, 7}, {3, 6}, {1, 5}], [{8, 4}, {2, 7}, {5, 6}, {1, 3}], [{8, 4}, {3, 7}, {1, 6}, {2, 5}], [{8, 4}, {3, 7}, {2, 6}, {1, 5}], [{8, 4}, {3, 7}, {5, 6}, {1, 2}], [{8, 4}, {3, 7}, {6}, {2, 5}, {1}], [{8, 4}, {5, 7}, {1, 6}, {2, 3}], [{8, 4}, {5, 7}, {2, 6}, {1, 3}], [{8, 4}, {5, 7}, {3, 6}, {1, 2}], [{8, 4}, {6, 7}, {1, 5}, {2, 3}], [{8, 4}, {6, 7}, {2, 5}, {1, 3}], [{8, 4}, {6, 7}, {3, 5}, {1, 2}], [{8, 4}, {7}, {5, 6}, {2, 3}, {1}], [{8, 5}, {1, 7}, {2, 6}, {3, 4}], [{8, 5}, {1, 7}, {3, 6}, {2, 4}], [{8, 5}, {1, 7}, {4, 6}, {2, 3}], [{8, 5}, {2, 7}, {1, 6}, {3, 4}], [{8, 5}, {2, 7}, {3, 6}, {1, 4}], [{8, 5}, {2, 7}, {4, 6}, {1, 3}], [{8, 5}, {3, 7}, {1, 6}, {2, 4}], [{8, 5}, {3, 7}, {1, 6}, {4}, {2}], [{8, 5}, {3, 7}, {2, 6}, {1, 4}], [{8, 5}, {3, 7}, {4, 6}, {1, 2}], [{8, 5}, {4, 7}, {1, 6}, {2, 3}], [{8, 5}, {4, 7}, {2, 6}, {1, 3}], [{8, 5}, {4, 7}, {3, 6}, {1, 2}], [{8, 5}, {6, 7}, {1, 4}, {2, 3}], [{8, 5}, {6, 7}, {2, 4}, {1, 3}], [{8, 5}, {6, 7}, {3, 4}, {1, 2}], [{8, 5}, {7}, {6}, {2, 4}, {1, 3}], [{8, 6}, {1, 7}, {2, 5}, {3, 4}], [{8, 6}, {1, 7}, {3, 5}, {2, 4}], [{8, 6}, {1, 7}, {3, 5}, {4}, {2}], [{8, 6}, {1, 7}, {4, 5}, {2, 3}], [{8, 6}, {1, 7}, {4, 5}, {3}, {2}], [{8, 6}, {1, 7}, {5}, {3, 4}, {2}], [{8, 6}, {2, 7}, {1, 5}, {3, 4}], [{8, 6}, {2, 7}, {3, 5}, {1, 4}], [{8, 6}, {2, 7}, {4, 5}, {1, 3}], [{8, 6}, {2, 7}, {5}, {3, 4}, {1}], [{8, 6}, {3, 7}, {1, 5}, {2, 4}], [{8, 6}, {3, 7}, {2, 5}, {1, 4}], [{8, 6}, {3, 7}, {4, 5}, {1, 2}], [{8, 6}, {4, 7}, {1, 5}, {2, 3}], [{8, 6}, {4, 7}, {2, 5}, {1, 3}], [{8, 6}, {4, 7}, {3, 5}, {1, 2}], [{8, 6}, {5, 7}, {1, 4}, {2, 3}], [{8, 6}, {5, 7}, {2, 4}, {1, 3}], [{8, 6}, {5, 7}, {3, 4}, {1, 2}], [{8, 6}, {5, 7}, {3, 4}, {2}, {1}], [{8, 6}, {7}, {1, 5}, {3, 4}, {2}], [{8, 6}, {7}, {2, 5}, {3, 4}, {1}], [{8, 6}, {7}, {5}, {1, 4}, {2, 3}], [{8, 6}, {7}, {5}, {2, 4}, {1, 3}], [{8, 6}, {7}, {5}, {3, 4}, {1, 2}], [{8, 7}, {1, 6}, {2, 5}, {3, 4}], [{8, 7}, {1, 6}, {3, 5}, {2, 4}], [{8, 7}, {1, 6}, {3, 5}, {4}, {2}], [{8, 7}, {1, 6}, {4, 5}, {2, 3}], [{8, 7}, {2, 6}, {1, 5}, {3, 4}], [{8, 7}, {2, 6}, {3, 5}, {1, 4}], [{8, 7}, {2, 6}, {4, 5}, {1, 3}], [{8, 7}, {3, 6}, {1, 5}, {2, 4}], [{8, 7}, {3, 6}, {2, 5}, {1, 4}], [{8, 7}, {3, 6}, {4, 5}, {1, 2}], [{8, 7}, {4, 6}, {1, 5}, {2, 3}], [{8, 7}, {4, 6}, {2, 5}, {1, 3}], [{8, 7}, {4, 6}, {3, 5}, {1, 2}], [{8, 7}, {5, 6}, {1, 4}, {2, 3}], [{8, 7}, {5, 6}, {1, 4}, {3}, {2}], [{8, 7}, {5, 6}, {2, 4}, {1, 3}], [{8, 7}, {5, 6}, {3, 4}, {1, 2}], [{8, 7}, {5, 6}, {4}, {2, 3}, {1}], [{8, 7}, {6}, {2, 5}, {3, 4}, {1}], [{8, 7}, {6}, {5}, {2, 4}, {1, 3}], [{8}, {3, 7}, {5, 6}, {1, 4}, {2}], [{8}, {4, 7}, {3, 6}, {2, 5}, {1}], [{8}, {4, 7}, {5, 6}, {2, 3}, {1}], [{8}, {5, 7}, {6}, {1, 4}, {2, 3}], [{8}, {5, 7}, {6}, {2, 4}, {1, 3}], [{8}, {6, 7}, {2, 5}, {3, 4}, {1}], [{8}, {6, 7}, {5}, {2, 4}, {1, 3}], [{8}, {7}, {5, 6}, {2, 4}, {1, 3}], [{8}, {7}, {6}, {5}, {2, 4}, {1, 3}]]",2,4 K_1^3 - 2 K_1^2 - 6 K_1 K_2 - 2 K_1 K_3 - 2 K_2^2 + 2 K_2 + 2 K_3 + 2 K_4 + 3,O1O2O3O4U1U4O5U6O7O8U5U8U7U3O6U2,O1O2O3O4U3U2O5U4O6O7U6U1U8U7O8U5,O1O2O3O4U5O6U7U6U4U8O7O8U1O5U3U2,c,{'O1O2O3O4U3O5U2U6U7U8O7O6U5O8U1U4'},1,"<a href=""/flatknot/8.733623"">8.733623</a>",t^9-81t^7-266t^6+113t^5+720t^4-166t^3-30t^2-78t-6,-t^3+3t,,
8.733624,O1O2O3O4U3O5U2U6U7U1O8O6U4O7U8U5,4,z^3+27z^2+107z+115,w^4z^3+27w^3z^2+107w^2z+115w,False,False,"[[ 0  0 -2 -1  2  3 -1  0 -1],[ 0  0  0  0  2  1  0  0 -1],[ 2  0  0  0  2  2  2  1  1],[ 1  0  0  0  1  1  1  0  1],[-2 -2 -2 -1  0  1 -2 -1 -1],[-3 -1 -2 -1 -1  0 -3 -1 -2],[ 1  0 -2 -1  2  3  0  0  0],[ 0  0 -1  0  1  1  0  0 -1],[ 1  1 -1 -1  1  2  0  1  0]]","[[ 0  3  2  0  0 -1 -1 -1 -2],[-3  0 -1 -1 -1 -1 -2 -3 -2],[-2  1  0 -1 -2 -1 -1 -2 -2],[ 0  1  1  0  0  0 -1  0 -1],[ 0  1  2  0  0  0 -1  0  0],[ 1  1  1  0  0  0  1  1  0],[ 1  2  1  1  1 -1  0  0 -1],[ 1  3  2  0  0 -1  0  0 -2],[ 2  2  2  1  0  0  1  2  0]]",True,"[-3,-2,0,0,1,1,1,2,1,1,1,1,2,3,2,1,2,1,1,2,2,0,0,1,0,1,0,1,0,0,-1,-1,0,0,1,2]","[-3,-2,0,0,1,1,1,2,0,2,2,1,2,3,3,0,1,1,2,2,2,0,1,0,1,2,1,0,1,1,0,-1,-1,-1,0,1]",t^8+46t^6+178t^4+76t^2,"[-2,-1,-1,-1,0,0,2,3,-1,0,1,1,2,2,3,0,1,1,1,1,1,1,0,0,2,2,1,1,2,3,0,1,2,0,2,0]","[-3,-2,0,0,1,1,1,2,0,2,2,1,2,3,3,0,1,1,2,2,2,0,1,0,1,2,1,0,1,1,0,-1,-1,-1,0,1]","[-2,-1,-1,-1,0,0,2,3,0,1,2,0,1,2,2,1,1,0,0,1,1,0,1,1,1,2,0,0,2,3,0,2,1,1,1,1]",c,"[[{8, 1}, {2, 7}, {3, 6}, {4, 5}], [{8, 1}, {2, 7}, {4, 6}, {3, 5}], [{8, 1}, {2, 7}, {5, 6}, {3, 4}], [{8, 1}, {3, 7}, {2, 6}, {4, 5}], [{8, 1}, {3, 7}, {2, 6}, {5}, {4}], [{8, 1}, {3, 7}, {4, 6}, {2, 5}], [{8, 1}, {3, 7}, {5, 6}, {2, 4}], [{8, 1}, {3, 7}, {5, 6}, {4}, {2}], [{8, 1}, {3, 7}, {6}, {2, 5}, {4}], [{8, 1}, {4, 7}, {2, 6}, {3, 5}], [{8, 1}, {4, 7}, {3, 6}, {2, 5}], [{8, 1}, {4, 7}, {5, 6}, {2, 3}], [{8, 1}, {5, 7}, {2, 6}, {3, 4}], [{8, 1}, {5, 7}, {3, 6}, {2, 4}], [{8, 1}, {5, 7}, {4, 6}, {2, 3}], [{8, 1}, {5, 7}, {6}, {3, 4}, {2}], [{8, 1}, {6, 7}, {2, 5}, {3, 4}], [{8, 1}, {6, 7}, {2, 5}, {4}, {3}], [{8, 1}, {6, 7}, {3, 5}, {2, 4}], [{8, 1}, {6, 7}, {4, 5}, {2, 3}], [{8, 1}, {7}, {3, 6}, {2, 5}, {4}], [{8, 1}, {7}, {3, 6}, {4, 5}, {2}], [{8, 1}, {7}, {3, 6}, {5}, {2, 4}], [{8, 1}, {7}, {5, 6}, {2, 4}, {3}], [{8, 1}, {7}, {6}, {3, 5}, {2, 4}], [{8, 2}, {1, 7}, {3, 6}, {4, 5}], [{8, 2}, {1, 7}, {4, 6}, {3, 5}], [{8, 2}, {1, 7}, {5, 6}, {3, 4}], [{8, 2}, {3, 7}, {1, 6}, {4, 5}], [{8, 2}, {3, 7}, {1, 6}, {5}, {4}], [{8, 2}, {3, 7}, {4, 6}, {1, 5}], [{8, 2}, {3, 7}, {5, 6}, {1, 4}], [{8, 2}, {3, 7}, {5, 6}, {4}, {1}], [{8, 2}, {3, 7}, {6}, {1, 5}, {4}], [{8, 2}, {4, 7}, {1, 6}, {3, 5}], [{8, 2}, {4, 7}, {3, 6}, {1, 5}], [{8, 2}, {4, 7}, {5, 6}, {1, 3}], [{8, 2}, {4, 7}, {6}, {3, 5}, {1}], [{8, 2}, {5, 7}, {1, 6}, {3, 4}], [{8, 2}, {5, 7}, {3, 6}, {1, 4}], [{8, 2}, {5, 7}, {4, 6}, {1, 3}], [{8, 2}, {5, 7}, {4, 6}, {3}, {1}], [{8, 2}, {6, 7}, {1, 5}, {3, 4}], [{8, 2}, {6, 7}, {3, 5}, {1, 4}], [{8, 2}, {6, 7}, {4, 5}, {1, 3}], [{8, 2}, {7}, {1, 6}, {4, 5}, {3}], [{8, 3}, {1, 7}, {2, 6}, {4, 5}], [{8, 3}, {1, 7}, {4, 6}, {2, 5}], [{8, 3}, {1, 7}, {5, 6}, {2, 4}], [{8, 3}, {1, 7}, {5, 6}, {4}, {2}], [{8, 3}, {2, 7}, {1, 6}, {4, 5}], [{8, 3}, {2, 7}, {4, 6}, {1, 5}], [{8, 3}, {2, 7}, {4, 6}, {5}, {1}], [{8, 3}, {2, 7}, {5, 6}, {1, 4}], [{8, 3}, {2, 7}, {5, 6}, {4}, {1}], [{8, 3}, {2, 7}, {6}, {4, 5}, {1}], [{8, 3}, {4, 7}, {1, 6}, {2, 5}], [{8, 3}, {4, 7}, {2, 6}, {1, 5}], [{8, 3}, {4, 7}, {2, 6}, {5}, {1}], [{8, 3}, {4, 7}, {5, 6}, {1, 2}], [{8, 3}, {4, 7}, {5, 6}, {2}, {1}], [{8, 3}, {4, 7}, {6}, {2, 5}, {1}], [{8, 3}, {5, 7}, {1, 6}, {2, 4}], [{8, 3}, {5, 7}, {2, 6}, {1, 4}], [{8, 3}, {5, 7}, {4, 6}, {1, 2}], [{8, 3}, {5, 7}, {6}, {1, 4}, {2}], [{8, 3}, {6, 7}, {1, 5}, {2, 4}], [{8, 3}, {6, 7}, {2, 5}, {1, 4}], [{8, 3}, {6, 7}, {4, 5}, {1, 2}], [{8, 3}, {6, 7}, {5}, {1, 4}, {2}], [{8, 3}, {7}, {1, 6}, {5}, {2, 4}], [{8, 3}, {7}, {5, 6}, {1, 4}, {2}], [{8, 3}, {7}, {5, 6}, {2, 4}, {1}], [{8, 3}, {7}, {5, 6}, {4}, {1, 2}], [{8, 3}, {7}, {5, 6}, {4}, {2}, {1}], [{8, 3}, {7}, {6}, {1, 5}, {2, 4}], [{8, 4}, {1, 7}, {2, 6}, {3, 5}], [{8, 4}, {1, 7}, {3, 6}, {2, 5}], [{8, 4}, {1, 7}, {3, 6}, {5}, {2}], [{8, 4}, {1, 7}, {5, 6}, {2, 3}], [{8, 4}, {1, 7}, {6}, {2, 5}, {3}], [{8, 4}, {2, 7}, {1, 6}, {3, 5}], [{8, 4}, {2, 7}, {1, 6}, {5}, {3}], [{8, 4}, {2, 7}, {3, 6}, {1, 5}], [{8, 4}, {2, 7}, {5, 6}, {1, 3}], [{8, 4}, {3, 7}, {1, 6}, {2, 5}], [{8, 4}, {3, 7}, {2, 6}, {1, 5}], [{8, 4}, {3, 7}, {2, 6}, {5}, {1}], [{8, 4}, {3, 7}, {5, 6}, {1, 2}], [{8, 4}, {3, 7}, {5, 6}, {2}, {1}], [{8, 4}, {3, 7}, {6}, {2, 5}, {1}], [{8, 4}, {5, 7}, {1, 6}, {2, 3}], [{8, 4}, {5, 7}, {1, 6}, {3}, {2}], [{8, 4}, {5, 7}, {2, 6}, {1, 3}], [{8, 4}, {5, 7}, {3, 6}, {1, 2}], [{8, 4}, {6, 7}, {1, 5}, {2, 3}], [{8, 4}, {6, 7}, {2, 5}, {1, 3}], [{8, 4}, {6, 7}, {2, 5}, {3}, {1}], [{8, 4}, {6, 7}, {3, 5}, {1, 2}], [{8, 4}, {6, 7}, {3, 5}, {2}, {1}], [{8, 4}, {6, 7}, {5}, {2, 3}, {1}], [{8, 4}, {7}, {1, 6}, {2, 5}, {3}], [{8, 4}, {7}, {3, 6}, {2, 5}, {1}], [{8, 4}, {7}, {6}, {2, 5}, {1, 3}], [{8, 4}, {7}, {6}, {2, 5}, {3}, {1}], [{8, 5}, {1, 7}, {2, 6}, {3, 4}], [{8, 5}, {1, 7}, {3, 6}, {2, 4}], [{8, 5}, {1, 7}, {4, 6}, {2, 3}], [{8, 5}, {2, 7}, {1, 6}, {3, 4}], [{8, 5}, {2, 7}, {1, 6}, {4}, {3}], [{8, 5}, {2, 7}, {3, 6}, {1, 4}], [{8, 5}, {2, 7}, {3, 6}, {4}, {1}], [{8, 5}, {2, 7}, {4, 6}, {1, 3}], [{8, 5}, {2, 7}, {6}, {4}, {1, 3}], [{8, 5}, {3, 7}, {1, 6}, {2, 4}], [{8, 5}, {3, 7}, {1, 6}, {4}, {2}], [{8, 5}, {3, 7}, {2, 6}, {1, 4}], [{8, 5}, {3, 7}, {2, 6}, {4}, {1}], [{8, 5}, {3, 7}, {4, 6}, {1, 2}], [{8, 5}, {3, 7}, {6}, {4}, {1, 2}], [{8, 5}, {4, 7}, {1, 6}, {2, 3}], [{8, 5}, {4, 7}, {1, 6}, {3}, {2}], [{8, 5}, {4, 7}, {2, 6}, {1, 3}], [{8, 5}, {4, 7}, {3, 6}, {1, 2}], [{8, 5}, {4, 7}, {3, 6}, {2}, {1}], [{8, 5}, {4, 7}, {6}, {1, 3}, {2}], [{8, 5}, {6, 7}, {1, 4}, {2, 3}], [{8, 5}, {6, 7}, {2, 4}, {1, 3}], [{8, 5}, {6, 7}, {3, 4}, {1, 2}], [{8, 5}, {7}, {1, 6}, {2, 4}, {3}], [{8, 5}, {7}, {1, 6}, {3, 4}, {2}], [{8, 5}, {7}, {1, 6}, {4}, {2, 3}], [{8, 5}, {7}, {2, 6}, {1, 4}, {3}], [{8, 5}, {7}, {3, 6}, {2, 4}, {1}], [{8, 5}, {7}, {4, 6}, {3}, {1, 2}], [{8, 5}, {7}, {6}, {2, 4}, {1, 3}], [{8, 6}, {1, 7}, {2, 5}, {3, 4}], [{8, 6}, {1, 7}, {3, 5}, {2, 4}], [{8, 6}, {1, 7}, {4, 5}, {2, 3}], [{8, 6}, {2, 7}, {1, 5}, {3, 4}], [{8, 6}, {2, 7}, {3, 5}, {1, 4}], [{8, 6}, {2, 7}, {4, 5}, {1, 3}], [{8, 6}, {2, 7}, {5}, {3, 4}, {1}], [{8, 6}, {3, 7}, {1, 5}, {2, 4}], [{8, 6}, {3, 7}, {1, 5}, {4}, {2}], [{8, 6}, {3, 7}, {2, 5}, {1, 4}], [{8, 6}, {3, 7}, {2, 5}, {4}, {1}], [{8, 6}, {3, 7}, {4, 5}, {1, 2}], [{8, 6}, {3, 7}, {5}, {4}, {1, 2}], [{8, 6}, {4, 7}, {1, 5}, {2, 3}], [{8, 6}, {4, 7}, {2, 5}, {1, 3}], [{8, 6}, {4, 7}, {3, 5}, {1, 2}], [{8, 6}, {5, 7}, {1, 4}, {2, 3}], [{8, 6}, {5, 7}, {2, 4}, {1, 3}], [{8, 6}, {5, 7}, {3, 4}, {1, 2}], [{8, 6}, {5, 7}, {4}, {3}, {1, 2}], [{8, 6}, {7}, {1, 5}, {2, 4}, {3}], [{8, 6}, {7}, {3, 5}, {1, 4}, {2}], [{8, 6}, {7}, {3, 5}, {2, 4}, {1}], [{8, 6}, {7}, {3, 5}, {4}, {1, 2}], [{8, 6}, {7}, {5}, {2, 4}, {1, 3}], [{8, 7}, {1, 6}, {2, 5}, {3, 4}], [{8, 7}, {1, 6}, {3, 5}, {2, 4}], [{8, 7}, {1, 6}, {4, 5}, {2, 3}], [{8, 7}, {1, 6}, {4, 5}, {3}, {2}], [{8, 7}, {2, 6}, {1, 5}, {3, 4}], [{8, 7}, {2, 6}, {3, 5}, {1, 4}], [{8, 7}, {2, 6}, {4, 5}, {1, 3}], [{8, 7}, {2, 6}, {5}, {3, 4}, {1}], [{8, 7}, {3, 6}, {1, 5}, {2, 4}], [{8, 7}, {3, 6}, {2, 5}, {1, 4}], [{8, 7}, {3, 6}, {4, 5}, {1, 2}], [{8, 7}, {3, 6}, {5}, {4}, {1, 2}], [{8, 7}, {4, 6}, {1, 5}, {2, 3}], [{8, 7}, {4, 6}, {1, 5}, {3}, {2}], [{8, 7}, {4, 6}, {2, 5}, {1, 3}], [{8, 7}, {4, 6}, {3, 5}, {1, 2}], [{8, 7}, {5, 6}, {1, 4}, {2, 3}], [{8, 7}, {5, 6}, {1, 4}, {3}, {2}], [{8, 7}, {5, 6}, {2, 4}, {1, 3}], [{8, 7}, {5, 6}, {2, 4}, {3}, {1}], [{8, 7}, {5, 6}, {3, 4}, {1, 2}], [{8, 7}, {5, 6}, {3, 4}, {2}, {1}], [{8, 7}, {5, 6}, {4}, {1, 3}, {2}], [{8, 7}, {5, 6}, {4}, {2, 3}, {1}], [{8, 7}, {5, 6}, {4}, {3}, {1, 2}], [{8, 7}, {5, 6}, {4}, {3}, {2}, {1}], [{8, 7}, {6}, {2, 5}, {3, 4}, {1}], [{8, 7}, {6}, {3, 5}, {4}, {1, 2}], [{8}, {1, 7}, {5, 6}, {2, 4}, {3}], [{8}, {2, 7}, {1, 6}, {4, 5}, {3}], [{8}, {3, 7}, {1, 6}, {2, 5}, {4}], [{8}, {3, 7}, {2, 6}, {1, 5}, {4}], [{8}, {3, 7}, {2, 6}, {4, 5}, {1}], [{8}, {3, 7}, {2, 6}, {5}, {1, 4}], [{8}, {3, 7}, {2, 6}, {5}, {4}, {1}], [{8}, {3, 7}, {4, 6}, {2, 5}, {1}], [{8}, {3, 7}, {5, 6}, {1, 4}, {2}], [{8}, {3, 7}, {5, 6}, {2, 4}, {1}], [{8}, {3, 7}, {5, 6}, {4}, {1, 2}], [{8}, {3, 7}, {5, 6}, {4}, {2}, {1}], [{8}, {3, 7}, {6}, {2, 5}, {1, 4}], [{8}, {3, 7}, {6}, {2, 5}, {4}, {1}], [{8}, {4, 7}, {6}, {1, 5}, {2, 3}], [{8}, {5, 7}, {4, 6}, {1, 3}, {2}], [{8}, {6, 7}, {2, 5}, {1, 4}, {3}], [{8}, {6, 7}, {3, 5}, {4}, {1, 2}], [{8}, {7}, {1, 6}, {3, 5}, {2, 4}], [{8}, {7}, {3, 6}, {1, 5}, {2, 4}], [{8}, {7}, {3, 6}, {2, 5}, {1, 4}], [{8}, {7}, {5, 6}, {2, 4}, {1, 3}]]",2,4 K_1^3 + 8 K_1^2 K_2 - 16 K_1^2 - 6 K_1 K_2 - 4 K_1 K_3 + 6 K_2 + 2 K_3 + 7,O1O2O3O4U5U6O7U1O8O6U4U7U8U3O5U2,O1O2O3O4U5U2O6U3O5O7U4U1U8U6O8U7,O1O2O3O4U5O6U7U6U4U1O5O8U2O7U3U8,c,{'O1O2O3O4U3O5U2U6U7U1O8O6U4O7U8U5'},1,"<a href=""/flatknot/8.733624"">8.733624</a>",t^9-40t^7-128t^6-18t^5+310t^4+141t^3-114t^2-51t+24,-t^3+3t,,
8.733625,O1O2O3O4U3O5U2U6U7U1O8O6U5O7U8U4,4,2z^3+25z^2+104z+125,2w^4z^3+25w^3z^2+104w^2z+125w,False,False,"[[ 0  0 -2 -1  3  2 -1  0 -1],[ 0  0  0  0  2  1  0  0 -1],[ 2  0  0  0  3  1  2  1  1],[ 1  0  0  0  1  0  1  1  0],[-3 -2 -3 -1  0  0 -3 -2 -1],[-2 -1 -1  0  0  0 -2 -1 -1],[ 1  0 -2 -1  3  2  0  0  0],[ 0  0 -1 -1  2  1  0  0 -1],[ 1  1 -1  0  1  1  0  1  0]]","[[ 0  3  2  0  0 -1 -1 -1 -2],[-3  0  0 -2 -2 -1 -1 -3 -3],[-2  0  0 -1 -1  0 -1 -2 -1],[ 0  2  1  0  0  0 -1  0  0],[ 0  2  1  0  0 -1 -1  0 -1],[ 1  1  0  0  1  0  0  1  0],[ 1  1  1  1  1  0  0  0 -1],[ 1  3  2  0  0 -1  0  0 -2],[ 2  3  1  0  1  0  1  2  0]]",True,"[-3,-2,0,0,1,1,1,2,0,2,2,1,1,3,3,1,1,0,1,2,1,0,0,1,0,0,1,1,0,1,0,-1,0,0,1,2]","[-3,-2,0,0,1,1,1,2,0,2,2,1,1,3,3,1,1,0,1,2,1,0,0,1,0,0,1,1,0,1,0,-1,0,0,1,2]",t^8+46t^6+166t^4+111t^2+1,"[-2,-1,-1,-1,0,0,2,3,-1,0,1,1,2,3,2,0,1,1,1,1,1,0,0,0,2,3,0,1,3,3,0,1,1,1,1,1]","[-3,-2,0,0,1,1,1,2,1,1,1,1,3,3,2,1,1,1,2,3,3,0,1,0,0,1,1,0,1,2,0,-1,-1,0,0,1]","[-2,-1,-1,-1,0,0,2,3,0,1,2,0,1,1,3,0,1,0,1,0,1,0,1,1,1,1,0,0,2,3,0,1,2,1,2,0]",c,"[[{8, 1}, {2, 7}, {3, 6}, {4, 5}], [{8, 1}, {2, 7}, {4, 6}, {3, 5}], [{8, 1}, {2, 7}, {5, 6}, {3, 4}], [{8, 1}, {3, 7}, {2, 6}, {4, 5}], [{8, 1}, {3, 7}, {4, 6}, {2, 5}], [{8, 1}, {3, 7}, {5, 6}, {2, 4}], [{8, 1}, {3, 7}, {5, 6}, {4}, {2}], [{8, 1}, {4, 7}, {2, 6}, {3, 5}], [{8, 1}, {4, 7}, {2, 6}, {5}, {3}], [{8, 1}, {4, 7}, {3, 6}, {2, 5}], [{8, 1}, {4, 7}, {5, 6}, {2, 3}], [{8, 1}, {5, 7}, {2, 6}, {3, 4}], [{8, 1}, {5, 7}, {3, 6}, {2, 4}], [{8, 1}, {5, 7}, {4, 6}, {2, 3}], [{8, 1}, {5, 7}, {6}, {2, 4}, {3}], [{8, 1}, {5, 7}, {6}, {3, 4}, {2}], [{8, 1}, {5, 7}, {6}, {4}, {2, 3}], [{8, 1}, {6, 7}, {2, 5}, {3, 4}], [{8, 1}, {6, 7}, {3, 5}, {2, 4}], [{8, 1}, {6, 7}, {4, 5}, {2, 3}], [{8, 1}, {6, 7}, {5}, {2, 4}, {3}], [{8, 1}, {7}, {4, 6}, {2, 5}, {3}], [{8, 1}, {7}, {4, 6}, {3, 5}, {2}], [{8, 1}, {7}, {4, 6}, {5}, {2, 3}], [{8, 1}, {7}, {5, 6}, {2, 4}, {3}], [{8, 2}, {1, 7}, {3, 6}, {4, 5}], [{8, 2}, {1, 7}, {3, 6}, {5}, {4}], [{8, 2}, {1, 7}, {4, 6}, {3, 5}], [{8, 2}, {1, 7}, {5, 6}, {3, 4}], [{8, 2}, {1, 7}, {5, 6}, {4}, {3}], [{8, 2}, {1, 7}, {6}, {3, 5}, {4}], [{8, 2}, {3, 7}, {1, 6}, {4, 5}], [{8, 2}, {3, 7}, {4, 6}, {1, 5}], [{8, 2}, {3, 7}, {5, 6}, {1, 4}], [{8, 2}, {4, 7}, {1, 6}, {3, 5}], [{8, 2}, {4, 7}, {1, 6}, {5}, {3}], [{8, 2}, {4, 7}, {3, 6}, {1, 5}], [{8, 2}, {4, 7}, {5, 6}, {1, 3}], [{8, 2}, {5, 7}, {1, 6}, {3, 4}], [{8, 2}, {5, 7}, {3, 6}, {1, 4}], [{8, 2}, {5, 7}, {4, 6}, {1, 3}], [{8, 2}, {5, 7}, {4, 6}, {3}, {1}], [{8, 2}, {5, 7}, {6}, {4}, {1, 3}], [{8, 2}, {6, 7}, {1, 5}, {3, 4}], [{8, 2}, {6, 7}, {3, 5}, {1, 4}], [{8, 2}, {6, 7}, {4, 5}, {1, 3}], [{8, 2}, {6, 7}, {5}, {1, 4}, {3}], [{8, 2}, {7}, {4, 6}, {5}, {1, 3}], [{8, 3}, {1, 7}, {2, 6}, {4, 5}], [{8, 3}, {1, 7}, {4, 6}, {2, 5}], [{8, 3}, {1, 7}, {5, 6}, {2, 4}], [{8, 3}, {1, 7}, {5, 6}, {4}, {2}], [{8, 3}, {1, 7}, {6}, {5}, {2, 4}], [{8, 3}, {2, 7}, {1, 6}, {4, 5}], [{8, 3}, {2, 7}, {4, 6}, {1, 5}], [{8, 3}, {2, 7}, {4, 6}, {5}, {1}], [{8, 3}, {2, 7}, {5, 6}, {1, 4}], [{8, 3}, {4, 7}, {1, 6}, {2, 5}], [{8, 3}, {4, 7}, {1, 6}, {5}, {2}], [{8, 3}, {4, 7}, {2, 6}, {1, 5}], [{8, 3}, {4, 7}, {5, 6}, {1, 2}], [{8, 3}, {5, 7}, {1, 6}, {2, 4}], [{8, 3}, {5, 7}, {2, 6}, {1, 4}], [{8, 3}, {5, 7}, {4, 6}, {1, 2}], [{8, 3}, {5, 7}, {4, 6}, {2}, {1}], [{8, 3}, {6, 7}, {1, 5}, {2, 4}], [{8, 3}, {6, 7}, {2, 5}, {1, 4}], [{8, 3}, {6, 7}, {4, 5}, {1, 2}], [{8, 3}, {6, 7}, {5}, {1, 4}, {2}], [{8, 3}, {7}, {4, 6}, {2, 5}, {1}], [{8, 3}, {7}, {5, 6}, {2, 4}, {1}], [{8, 4}, {1, 7}, {2, 6}, {3, 5}], [{8, 4}, {1, 7}, {3, 6}, {2, 5}], [{8, 4}, {1, 7}, {5, 6}, {2, 3}], [{8, 4}, {2, 7}, {1, 6}, {3, 5}], [{8, 4}, {2, 7}, {3, 6}, {1, 5}], [{8, 4}, {2, 7}, {5, 6}, {1, 3}], [{8, 4}, {2, 7}, {5, 6}, {3}, {1}], [{8, 4}, {2, 7}, {6}, {5}, {1, 3}], [{8, 4}, {3, 7}, {1, 6}, {2, 5}], [{8, 4}, {3, 7}, {2, 6}, {1, 5}], [{8, 4}, {3, 7}, {5, 6}, {1, 2}], [{8, 4}, {5, 7}, {1, 6}, {2, 3}], [{8, 4}, {5, 7}, {1, 6}, {3}, {2}], [{8, 4}, {5, 7}, {2, 6}, {1, 3}], [{8, 4}, {5, 7}, {3, 6}, {1, 2}], [{8, 4}, {6, 7}, {1, 5}, {2, 3}], [{8, 4}, {6, 7}, {2, 5}, {1, 3}], [{8, 4}, {6, 7}, {3, 5}, {1, 2}], [{8, 4}, {6, 7}, {3, 5}, {2}, {1}], [{8, 4}, {7}, {3, 6}, {1, 5}, {2}], [{8, 4}, {7}, {3, 6}, {2, 5}, {1}], [{8, 4}, {7}, {3, 6}, {5}, {1, 2}], [{8, 5}, {1, 7}, {2, 6}, {3, 4}], [{8, 5}, {1, 7}, {3, 6}, {2, 4}], [{8, 5}, {1, 7}, {4, 6}, {2, 3}], [{8, 5}, {1, 7}, {6}, {4}, {2, 3}], [{8, 5}, {2, 7}, {1, 6}, {3, 4}], [{8, 5}, {2, 7}, {3, 6}, {1, 4}], [{8, 5}, {2, 7}, {4, 6}, {1, 3}], [{8, 5}, {2, 7}, {6}, {3, 4}, {1}], [{8, 5}, {3, 7}, {1, 6}, {2, 4}], [{8, 5}, {3, 7}, {2, 6}, {1, 4}], [{8, 5}, {3, 7}, {4, 6}, {1, 2}], [{8, 5}, {4, 7}, {1, 6}, {2, 3}], [{8, 5}, {4, 7}, {1, 6}, {3}, {2}], [{8, 5}, {4, 7}, {2, 6}, {1, 3}], [{8, 5}, {4, 7}, {3, 6}, {1, 2}], [{8, 5}, {6, 7}, {1, 4}, {2, 3}], [{8, 5}, {6, 7}, {2, 4}, {1, 3}], [{8, 5}, {6, 7}, {2, 4}, {3}, {1}], [{8, 5}, {6, 7}, {3, 4}, {1, 2}], [{8, 5}, {7}, {4, 6}, {1, 3}, {2}], [{8, 6}, {1, 7}, {2, 5}, {3, 4}], [{8, 6}, {1, 7}, {3, 5}, {2, 4}], [{8, 6}, {1, 7}, {4, 5}, {2, 3}], [{8, 6}, {1, 7}, {5}, {4}, {2, 3}], [{8, 6}, {2, 7}, {1, 5}, {3, 4}], [{8, 6}, {2, 7}, {3, 5}, {1, 4}], [{8, 6}, {2, 7}, {4, 5}, {1, 3}], [{8, 6}, {3, 7}, {1, 5}, {2, 4}], [{8, 6}, {3, 7}, {2, 5}, {1, 4}], [{8, 6}, {3, 7}, {4, 5}, {1, 2}], [{8, 6}, {4, 7}, {1, 5}, {2, 3}], [{8, 6}, {4, 7}, {2, 5}, {1, 3}], [{8, 6}, {4, 7}, {3, 5}, {1, 2}], [{8, 6}, {5, 7}, {1, 4}, {2, 3}], [{8, 6}, {5, 7}, {1, 4}, {3}, {2}], [{8, 6}, {5, 7}, {2, 4}, {1, 3}], [{8, 6}, {5, 7}, {3, 4}, {1, 2}], [{8, 6}, {7}, {1, 5}, {3, 4}, {2}], [{8, 6}, {7}, {2, 5}, {3, 4}, {1}], [{8, 6}, {7}, {5}, {3, 4}, {1, 2}], [{8, 7}, {1, 6}, {2, 5}, {3, 4}], [{8, 7}, {1, 6}, {3, 5}, {2, 4}], [{8, 7}, {1, 6}, {4, 5}, {2, 3}], [{8, 7}, {1, 6}, {5}, {2, 4}, {3}], [{8, 7}, {2, 6}, {1, 5}, {3, 4}], [{8, 7}, {2, 6}, {3, 5}, {1, 4}], [{8, 7}, {2, 6}, {4, 5}, {1, 3}], [{8, 7}, {2, 6}, {5}, {1, 4}, {3}], [{8, 7}, {3, 6}, {1, 5}, {2, 4}], [{8, 7}, {3, 6}, {2, 5}, {1, 4}], [{8, 7}, {3, 6}, {4, 5}, {1, 2}], [{8, 7}, {3, 6}, {5}, {4}, {1, 2}], [{8, 7}, {4, 6}, {1, 5}, {2, 3}], [{8, 7}, {4, 6}, {2, 5}, {1, 3}], [{8, 7}, {4, 6}, {3, 5}, {1, 2}], [{8, 7}, {4, 6}, {5}, {3}, {1, 2}], [{8, 7}, {5, 6}, {1, 4}, {2, 3}], [{8, 7}, {5, 6}, {1, 4}, {3}, {2}], [{8, 7}, {5, 6}, {2, 4}, {1, 3}], [{8, 7}, {5, 6}, {3, 4}, {1, 2}], [{8, 7}, {5, 6}, {3, 4}, {2}, {1}], [{8, 7}, {5, 6}, {4}, {1, 3}, {2}], [{8, 7}, {6}, {2, 5}, {1, 4}, {3}], [{8, 7}, {6}, {3, 5}, {2, 4}, {1}], [{8, 7}, {6}, {5}, {3, 4}, {1, 2}], [{8}, {1, 7}, {5, 6}, {4}, {2, 3}], [{8}, {2, 7}, {1, 6}, {5}, {3, 4}], [{8}, {2, 7}, {3, 6}, {5}, {1, 4}], [{8}, {3, 7}, {1, 6}, {4, 5}, {2}], [{8}, {4, 7}, {1, 6}, {2, 5}, {3}], [{8}, {4, 7}, {1, 6}, {3, 5}, {2}], [{8}, {4, 7}, {1, 6}, {5}, {2, 3}], [{8}, {4, 7}, {2, 6}, {3, 5}, {1}], [{8}, {4, 7}, {3, 6}, {5}, {1, 2}], [{8}, {4, 7}, {5, 6}, {3}, {1, 2}], [{8}, {4, 7}, {6}, {3, 5}, {1, 2}], [{8}, {5, 7}, {4, 6}, {2, 3}, {1}], [{8}, {6, 7}, {1, 5}, {2, 4}, {3}], [{8}, {6, 7}, {5}, {1, 4}, {2, 3}], [{8}, {6, 7}, {5}, {3, 4}, {1, 2}], [{8}, {7}, {4, 6}, {2, 5}, {1, 3}], [{8}, {7}, {5, 6}, {2, 4}, {1, 3}]]",2,4 K_1^3 - 20 K_1^2 - 18 K_1 K_2 + 6 K_1 - 4 K_2^2 + 10 K_2 + 8 K_3 + 2 K_4 + 13,O1O2O3O4U1U5O6U7O8O5U4U6U8U3O7U2,O1O2O3O4U5U2O6U3O5O7U4U1U8U7O8U6,O1O2O3O4U5O6U7U6U4U1O7O8U2O5U3U8,c,{'O1O2O3O4U3O5U2U6U7U1O8O6U5O7U8U4'},1,"<a href=""/flatknot/8.733625"">8.733625</a>",t^9-40t^7-104t^6+84t^5+244t^4-156t^3+14t^2+11t,-t^3+3t,,
8.733626,O1O2O3O4U3O5U2U6U7U4O8O6U1O7U5U8,4,2z^3+26z^2+105z+123,2w^4z^3+26w^3z^2+105w^2z+123w,False,False,"[[ 0 -1 -2 -1  3  2 -1  0  0],[ 1  0 -1 -1  3  2  0  1  0],[ 2  1  0  0  2  2  1  1  1],[ 1  1  0  0  1  1  0  0  0],[-3 -3 -2 -1  0 -1 -3 -2 -1],[-2 -2 -2 -1  1  0 -3 -1 -1],[ 1  0 -1  0  3  3  0  0  1],[ 0 -1 -1  0  2  1  0  0  0],[ 0  0 -1  0  1  1 -1  0  0]]","[[ 0  3  2  0  0 -1 -1 -1 -2],[-3  0 -1 -1 -2 -1 -3 -3 -2],[-2  1  0 -1 -1 -1 -2 -3 -2],[ 0  1  1  0  0  0  0 -1 -1],[ 0  2  1  0  0  0 -1  0 -1],[ 1  1  1  0  0  0  1  0  0],[ 1  3  2  0  1 -1  0  0 -1],[ 1  3  3  1  0  0  0  0 -1],[ 2  2  2  1  1  0  1  1  0]]",True,"[-3,-2,0,0,1,1,1,2,1,1,2,1,3,3,2,1,1,1,2,3,2,0,0,0,1,1,0,1,0,1,-1,0,0,0,1,1]","[-3,-2,0,0,1,1,1,2,0,1,2,1,1,3,3,1,1,0,1,2,2,0,1,0,1,1,0,1,1,1,0,0,0,-1,0,1]",t^8+56t^6+130t^4+42t^2+1,"[-2,-1,-1,-1,0,0,2,3,0,0,1,1,1,2,3,0,0,0,1,0,1,1,1,0,1,1,1,1,2,3,0,1,2,1,1,0]","[-3,-2,0,0,1,1,1,2,0,1,2,1,1,3,3,1,1,0,1,2,2,0,1,0,1,1,0,1,1,1,0,0,0,-1,0,1]","[-2,-1,-1,-1,0,0,2,3,0,1,1,1,1,2,2,0,1,0,0,1,1,0,0,1,3,3,1,0,2,3,0,1,2,1,1,1]",c,"[[{8, 5}, {2, 7}, {3, 6}, {1, 4}], [{8}, {2, 7}, {3, 6}, {5}, {1, 4}]]",1,12 K_1^3 + 4 K_1^2 K_2 - 24 K_1^2 - 22 K_1 K_2 - 4 K_1 K_3 + 2 K_1 + 12 K_2 + 8 K_3 + K_4 + 12,O1O2O3O4U5U6O7U4O8O5U1U7U8U3O6U2,O1O2O3O4U5U2O6U3O7O5U6U1U8U4O8U7,O1O2O3O4U5O6U1U6U4U7O8O5U2O7U3U8,c,{'O1O2O3O4U3O5U2U6U7U4O8O6U1O7U5U8'},1,"<a href=""/flatknot/8.733626"">8.733626</a>",t^9-50t^7-150t^6+18t^5+364t^4+185t^3-144t^2-77t+2,-t^3+3t,,
8.733627,O1O2O3O4U3O5U2U6U7U4O8O6U1O7U8U5,4,z^3+22z^2+88z+97,w^4z^3+22w^3z^2+88w^2z+97w,False,False,"[[ 0 -1 -2 -1  3  3 -1  0 -1],[ 1  0 -1 -1  3  3  0  1 -1],[ 2  1  0  0  2  2  1  1  0],[ 1  1  0  0  1  1  0  0  0],[-3 -3 -2 -1  0 -1 -3 -2 -2],[-3 -3 -2 -1  1  0 -3 -1 -2],[ 1  0 -1  0  3  3  0  0  0],[ 0 -1 -1  0  2  1  0  0 -1],[ 1  1  0  0  2  2  0  1  0]]","[[ 0  3  3  0 -1 -1 -1 -1 -2],[-3  0  1 -1 -1 -2 -3 -3 -2],[-3 -1  0 -2 -1 -2 -3 -3 -2],[ 0  1  2  0  0 -1  0 -1 -1],[ 1  1  1  0  0  0  0  1  0],[ 1  2  2  1  0  0  0  1  0],[ 1  3  3  0  0  0  0  0 -1],[ 1  3  3  1 -1 -1  0  0 -1],[ 2  2  2  1  0  0  1  1  0]]",True,"[-3,-3,0,1,1,1,1,2,-1,1,1,2,3,3,2,2,1,2,3,3,2,0,1,0,1,1,0,0,-1,0,0,-1,0,0,1,1]","[-3,-3,0,1,1,1,1,2,-1,1,1,1,2,3,3,2,1,1,2,3,3,0,1,0,1,1,0,-1,-1,0,0,0,0,0,1,1]",t^8+67t^6+136t^4+48t^2,"[-2,-1,-1,-1,-1,0,3,3,0,0,1,1,1,3,3,0,0,0,1,1,1,1,1,0,1,1,0,0,2,2,1,3,3,1,2,1]","[-3,-3,0,1,1,1,1,2,-1,1,1,1,2,3,3,2,1,1,2,3,3,0,1,0,1,1,0,-1,-1,0,0,0,0,0,1,1]","[-2,-1,-1,-1,-1,0,3,3,0,0,1,1,1,2,2,0,0,1,0,1,1,0,1,1,2,2,0,0,3,3,1,3,3,1,2,1]",c,"[[{8, 4}, {1, 7}, {2, 6}, {3, 5}], [{8, 4}, {1, 7}, {3, 6}, {2, 5}]]",1,4 K_1^3 + 4 K_1^2 K_2 - 6 K_1^2 - 8 K_1 K_2 - 8 K_1 K_3 + K_1 + 5 K_2 + 3 K_3 + 3 K_4 + 3,O1O2O3O4U5U6O7U4O8O6U1U7U8U3O5U2,O1O2O3O4U5U2O6U3O5O7U6U1U8U4O8U7,O1O2O3O4U5O6U1U6U4U7O5O8U2O7U3U8,c,{'O1O2O3O4U3O5U2U6U7U4O8O6U1O7U8U5'},1,"<a href=""/flatknot/8.733627"">8.733627</a>",t^9-57t^7-182t^6-15t^5+306t^4+44t^3-152t^2-8t+6,-2t^3+t^2+4t,,
8.733628,O1O2O3O4U3O5U2U6U7U4O8O6U5O7U1U8,4,9z^2+78z+121,9w^3z^2+78w^2z+121w,False,False,"[[ 0 -1 -2 -1  3  2 -1  0  0],[ 1  0 -2 -1  3  3 -1  0  0],[ 2  2  0  0  2  2  1  0  1],[ 1  1  0  0  1  1  0  0  0],[-3 -3 -2 -1  0  0 -3 -3 -1],[-2 -3 -2 -1  0  0 -2 -1 -1],[ 1  1 -1  0  3  2  0  0  1],[ 0  0  0  0  3  1  0  0  0],[ 0  0 -1  0  1  1 -1  0  0]]","[[ 0  3  2  0  0 -1 -1 -1 -2],[-3  0  0 -1 -3 -1 -3 -3 -2],[-2  0  0 -1 -1 -1 -2 -3 -2],[ 0  1  1  0  0  0 -1  0 -1],[ 0  3  1  0  0  0  0  0  0],[ 1  1  1  0  0  0  0  1  0],[ 1  3  2  1  0  0  0  1 -1],[ 1  3  3  0  0 -1 -1  0 -2],[ 2  2  2  1  0  0  1  2  0]]",True,"[-3,-2,0,0,1,1,1,2,0,1,3,1,3,3,2,1,1,1,2,3,2,0,0,1,0,1,0,0,0,0,0,-1,0,-1,1,2]","[-3,-2,0,0,1,1,1,2,0,1,3,1,3,3,2,1,1,1,2,3,2,0,0,1,0,1,0,0,0,0,0,-1,0,-1,1,2]",t^8+62t^6+204t^4+106t^2+1,"[-2,-1,-1,-1,0,0,2,3,-1,0,1,1,2,2,3,1,1,1,1,0,1,0,0,1,1,1,1,1,2,3,0,1,2,1,0,1]","[-3,-2,0,0,1,1,1,2,1,0,2,1,1,3,3,1,1,0,1,2,2,0,1,1,1,2,1,0,1,1,-1,-1,-1,0,0,1]","[-2,-1,-1,-1,0,0,2,3,0,1,2,0,1,2,2,0,1,0,0,1,1,1,0,1,2,3,0,0,3,3,0,1,3,1,1,0]",c,"[[{8, 1}, {2, 7}, {3, 6}, {4, 5}], [{8, 1}, {2, 7}, {4, 6}, {3, 5}], [{8, 1}, {2, 7}, {5, 6}, {3, 4}], [{8, 1}, {2, 7}, {6}, {5}, {3, 4}], [{8, 1}, {3, 7}, {2, 6}, {4, 5}], [{8, 1}, {3, 7}, {4, 6}, {2, 5}], [{8, 1}, {3, 7}, {5, 6}, {2, 4}], [{8, 1}, {4, 7}, {2, 6}, {3, 5}], [{8, 1}, {4, 7}, {3, 6}, {2, 5}], [{8, 1}, {4, 7}, {5, 6}, {2, 3}], [{8, 1}, {4, 7}, {5, 6}, {3}, {2}], [{8, 1}, {5, 7}, {2, 6}, {3, 4}], [{8, 1}, {5, 7}, {3, 6}, {2, 4}], [{8, 1}, {5, 7}, {4, 6}, {2, 3}], [{8, 1}, {6, 7}, {2, 5}, {3, 4}], [{8, 1}, {6, 7}, {3, 5}, {2, 4}], [{8, 1}, {6, 7}, {4, 5}, {2, 3}], [{8, 1}, {6, 7}, {5}, {3, 4}, {2}], [{8, 1}, {7}, {2, 6}, {5}, {3, 4}], [{8, 1}, {7}, {6}, {3, 5}, {2, 4}], [{8, 2}, {1, 7}, {3, 6}, {4, 5}], [{8, 2}, {1, 7}, {4, 6}, {3, 5}], [{8, 2}, {1, 7}, {5, 6}, {3, 4}], [{8, 2}, {1, 7}, {6}, {3, 5}, {4}], [{8, 2}, {1, 7}, {6}, {4, 5}, {3}], [{8, 2}, {1, 7}, {6}, {5}, {3, 4}], [{8, 2}, {3, 7}, {1, 6}, {4, 5}], [{8, 2}, {3, 7}, {1, 6}, {5}, {4}], [{8, 2}, {3, 7}, {4, 6}, {1, 5}], [{8, 2}, {3, 7}, {5, 6}, {1, 4}], [{8, 2}, {3, 7}, {6}, {4, 5}, {1}], [{8, 2}, {4, 7}, {1, 6}, {3, 5}], [{8, 2}, {4, 7}, {1, 6}, {5}, {3}], [{8, 2}, {4, 7}, {3, 6}, {1, 5}], [{8, 2}, {4, 7}, {5, 6}, {1, 3}], [{8, 2}, {4, 7}, {6}, {3, 5}, {1}], [{8, 2}, {5, 7}, {1, 6}, {3, 4}], [{8, 2}, {5, 7}, {1, 6}, {4}, {3}], [{8, 2}, {5, 7}, {3, 6}, {1, 4}], [{8, 2}, {5, 7}, {4, 6}, {1, 3}], [{8, 2}, {5, 7}, {6}, {3, 4}, {1}], [{8, 2}, {6, 7}, {1, 5}, {3, 4}], [{8, 2}, {6, 7}, {3, 5}, {1, 4}], [{8, 2}, {6, 7}, {3, 5}, {4}, {1}], [{8, 2}, {6, 7}, {4, 5}, {1, 3}], [{8, 2}, {6, 7}, {4, 5}, {3}, {1}], [{8, 2}, {6, 7}, {5}, {3, 4}, {1}], [{8, 2}, {7}, {1, 6}, {3, 5}, {4}], [{8, 2}, {7}, {1, 6}, {4, 5}, {3}], [{8, 2}, {7}, {1, 6}, {5}, {3, 4}], [{8, 2}, {7}, {3, 6}, {4, 5}, {1}], [{8, 2}, {7}, {4, 6}, {3, 5}, {1}], [{8, 2}, {7}, {5, 6}, {3, 4}, {1}], [{8, 2}, {7}, {6}, {1, 5}, {3, 4}], [{8, 2}, {7}, {6}, {3, 5}, {1, 4}], [{8, 2}, {7}, {6}, {3, 5}, {4}, {1}], [{8, 2}, {7}, {6}, {4, 5}, {1, 3}], [{8, 2}, {7}, {6}, {4, 5}, {3}, {1}], [{8, 2}, {7}, {6}, {5}, {3, 4}, {1}], [{8, 3}, {1, 7}, {2, 6}, {4, 5}], [{8, 3}, {1, 7}, {4, 6}, {2, 5}], [{8, 3}, {1, 7}, {5, 6}, {2, 4}], [{8, 3}, {2, 7}, {1, 6}, {4, 5}], [{8, 3}, {2, 7}, {1, 6}, {5}, {4}], [{8, 3}, {2, 7}, {4, 6}, {1, 5}], [{8, 3}, {2, 7}, {5, 6}, {1, 4}], [{8, 3}, {4, 7}, {1, 6}, {2, 5}], [{8, 3}, {4, 7}, {2, 6}, {1, 5}], [{8, 3}, {4, 7}, {5, 6}, {1, 2}], [{8, 3}, {5, 7}, {1, 6}, {2, 4}], [{8, 3}, {5, 7}, {2, 6}, {1, 4}], [{8, 3}, {5, 7}, {4, 6}, {1, 2}], [{8, 3}, {6, 7}, {1, 5}, {2, 4}], [{8, 3}, {6, 7}, {2, 5}, {1, 4}], [{8, 3}, {6, 7}, {4, 5}, {1, 2}], [{8, 3}, {6, 7}, {5}, {2, 4}, {1}], [{8, 4}, {1, 7}, {2, 6}, {3, 5}], [{8, 4}, {1, 7}, {3, 6}, {2, 5}], [{8, 4}, {1, 7}, {3, 6}, {5}, {2}], [{8, 4}, {1, 7}, {5, 6}, {2, 3}], [{8, 4}, {2, 7}, {1, 6}, {3, 5}], [{8, 4}, {2, 7}, {1, 6}, {5}, {3}], [{8, 4}, {2, 7}, {3, 6}, {1, 5}], [{8, 4}, {2, 7}, {5, 6}, {1, 3}], [{8, 4}, {3, 7}, {1, 6}, {2, 5}], [{8, 4}, {3, 7}, {2, 6}, {1, 5}], [{8, 4}, {3, 7}, {5, 6}, {1, 2}], [{8, 4}, {5, 7}, {1, 6}, {2, 3}], [{8, 4}, {5, 7}, {2, 6}, {1, 3}], [{8, 4}, {5, 7}, {3, 6}, {1, 2}], [{8, 4}, {6, 7}, {1, 5}, {2, 3}], [{8, 4}, {6, 7}, {2, 5}, {1, 3}], [{8, 4}, {6, 7}, {3, 5}, {1, 2}], [{8, 4}, {7}, {6}, {3, 5}, {1, 2}], [{8, 5}, {1, 7}, {2, 6}, {3, 4}], [{8, 5}, {1, 7}, {3, 6}, {2, 4}], [{8, 5}, {1, 7}, {4, 6}, {2, 3}], [{8, 5}, {2, 7}, {1, 6}, {3, 4}], [{8, 5}, {2, 7}, {3, 6}, {1, 4}], [{8, 5}, {2, 7}, {3, 6}, {4}, {1}], [{8, 5}, {2, 7}, {4, 6}, {1, 3}], [{8, 5}, {3, 7}, {1, 6}, {2, 4}], [{8, 5}, {3, 7}, {2, 6}, {1, 4}], [{8, 5}, {3, 7}, {4, 6}, {1, 2}], [{8, 5}, {4, 7}, {1, 6}, {2, 3}], [{8, 5}, {4, 7}, {2, 6}, {1, 3}], [{8, 5}, {4, 7}, {3, 6}, {1, 2}], [{8, 5}, {4, 7}, {6}, {2, 3}, {1}], [{8, 5}, {6, 7}, {1, 4}, {2, 3}], [{8, 5}, {6, 7}, {2, 4}, {1, 3}], [{8, 5}, {6, 7}, {3, 4}, {1, 2}], [{8, 5}, {7}, {1, 6}, {3, 4}, {2}], [{8, 6}, {1, 7}, {2, 5}, {3, 4}], [{8, 6}, {1, 7}, {3, 5}, {2, 4}], [{8, 6}, {1, 7}, {4, 5}, {2, 3}], [{8, 6}, {1, 7}, {5}, {3, 4}, {2}], [{8, 6}, {2, 7}, {1, 5}, {3, 4}], [{8, 6}, {2, 7}, {3, 5}, {1, 4}], [{8, 6}, {2, 7}, {4, 5}, {1, 3}], [{8, 6}, {2, 7}, {5}, {3, 4}, {1}], [{8, 6}, {3, 7}, {1, 5}, {2, 4}], [{8, 6}, {3, 7}, {2, 5}, {1, 4}], [{8, 6}, {3, 7}, {4, 5}, {1, 2}], [{8, 6}, {3, 7}, {5}, {1, 4}, {2}], [{8, 6}, {4, 7}, {1, 5}, {2, 3}], [{8, 6}, {4, 7}, {2, 5}, {1, 3}], [{8, 6}, {4, 7}, {2, 5}, {3}, {1}], [{8, 6}, {4, 7}, {3, 5}, {1, 2}], [{8, 6}, {5, 7}, {1, 4}, {2, 3}], [{8, 6}, {5, 7}, {2, 4}, {1, 3}], [{8, 6}, {5, 7}, {3, 4}, {1, 2}], [{8, 6}, {7}, {5}, {3, 4}, {1, 2}], [{8, 7}, {1, 6}, {2, 5}, {3, 4}], [{8, 7}, {1, 6}, {2, 5}, {4}, {3}], [{8, 7}, {1, 6}, {3, 5}, {2, 4}], [{8, 7}, {1, 6}, {4, 5}, {2, 3}], [{8, 7}, {1, 6}, {5}, {3, 4}, {2}], [{8, 7}, {2, 6}, {1, 5}, {3, 4}], [{8, 7}, {2, 6}, {3, 5}, {1, 4}], [{8, 7}, {2, 6}, {4, 5}, {1, 3}], [{8, 7}, {2, 6}, {5}, {3, 4}, {1}], [{8, 7}, {3, 6}, {1, 5}, {2, 4}], [{8, 7}, {3, 6}, {2, 5}, {1, 4}], [{8, 7}, {3, 6}, {4, 5}, {1, 2}], [{8, 7}, {3, 6}, {5}, {2, 4}, {1}], [{8, 7}, {4, 6}, {1, 5}, {2, 3}], [{8, 7}, {4, 6}, {2, 5}, {1, 3}], [{8, 7}, {4, 6}, {3, 5}, {1, 2}], [{8, 7}, {5, 6}, {1, 4}, {2, 3}], [{8, 7}, {5, 6}, {2, 4}, {1, 3}], [{8, 7}, {5, 6}, {3, 4}, {1, 2}], [{8, 7}, {6}, {5}, {1, 4}, {2, 3}], [{8, 7}, {6}, {5}, {3, 4}, {1, 2}], [{8}, {1, 7}, {2, 6}, {5}, {3, 4}], [{8}, {1, 7}, {4, 6}, {2, 5}, {3}], [{8}, {1, 7}, {5, 6}, {2, 4}, {3}], [{8}, {2, 7}, {1, 6}, {5}, {3, 4}], [{8}, {2, 7}, {3, 6}, {5}, {1, 4}], [{8}, {3, 7}, {1, 6}, {4, 5}, {2}], [{8}, {3, 7}, {4, 6}, {2, 5}, {1}], [{8}, {3, 7}, {5, 6}, {2, 4}, {1}], [{8}, {4, 7}, {1, 6}, {3, 5}, {2}], [{8}, {5, 7}, {1, 6}, {3, 4}, {2}], [{8}, {5, 7}, {3, 6}, {1, 4}, {2}], [{8}, {6, 7}, {5}, {3, 4}, {1, 2}], [{8}, {7}, {1, 6}, {2, 5}, {3, 4}], [{8}, {7}, {1, 6}, {5}, {3, 4}, {2}], [{8}, {7}, {3, 6}, {2, 5}, {1, 4}], [{8}, {7}, {4, 6}, {2, 5}, {1, 3}], [{8}, {7}, {5, 6}, {2, 4}, {1, 3}]]",2,4 K_1^3 - 28 K_1^2 - 18 K_1 K_2 + 6 K_1 - 4 K_2^2 + 14 K_2 + 8 K_3 + 2 K_4 + 17,O1O2O3O4U5U4O6U7O8O5U1U6U8U3O7U2,O1O2O3O4U5U2O6U3O7O5U7U1U8U4O8U6,O1O2O3O4U5O6U1U6U4U7O8O7U2O5U3U8,c,{'O1O2O3O4U3O5U2U6U7U4O8O6U5O7U1U8'},1,"<a href=""/flatknot/8.733628"">8.733628</a>",t^9-56t^7-150t^6+148t^5+514t^4+39t^3-266t^2-45t+16,-t^3+3t,,
8.733629,O1O2O3O4U3O5U2U6U1U4O7O8U5O6U7U8,4,z^3+30z^2+112z+113,w^4z^3+30w^3z^2+112w^2z+113w,False,False,"[[ 0 -1 -2 -1  3  2 -1 -1  1],[ 1  0  0  0  3  3 -1  0  0],[ 2  0  0  0  2  2  0  1  1],[ 1  0  0  0  1  1  0  0  0],[-3 -3 -2 -1  0  1 -4  0  0],[-2 -3 -2 -1 -1  0 -2  0  1],[ 1  1  0  0  4  2  0 -1  0],[ 1  0 -1  0  0  0  1  0  1],[-1  0 -1  0  0 -1  0 -1  0]]","[[ 0  3  2  1 -1 -1 -1 -1 -2],[-3  0  1  0  0 -1 -3 -4 -2],[-2 -1  0  1  0 -1 -3 -2 -2],[-1  0 -1  0 -1  0  0  0 -1],[ 1  0  0  1  0  0  0  1 -1],[ 1  1  1  0  0  0  0  0  0],[ 1  3  3  0  0  0  0 -1  0],[ 1  4  2  0 -1  0  1  0  0],[ 2  2  2  1  1  0  0  0  0]]",True,"[-3,-2,-1,1,1,1,1,2,-1,0,0,1,3,4,2,-1,0,1,3,2,2,1,0,0,0,1,0,0,-1,1,0,0,0,1,0,0]","[-3,-2,-1,1,1,1,1,2,-1,0,0,1,3,4,2,-1,0,1,3,2,2,1,0,0,0,1,0,0,-1,1,0,0,0,1,0,0]",t^8+55t^6+280t^4+80t^2+1,"[-2,-1,-1,-1,-1,1,2,3,0,1,1,1,2,2,3,-1,0,0,1,3,4,-1,0,2,1,0,0,2,0,1,2,2,3,2,2,2]","[-3,-2,-1,1,1,1,1,2,2,2,0,1,3,4,3,2,1,0,2,3,2,2,2,2,1,2,1,0,-1,1,0,0,1,0,1,0]","[-2,-1,-1,-1,-1,1,2,3,0,0,0,1,1,2,2,-1,0,0,0,3,3,0,-1,0,2,4,0,0,1,1,1,0,0,-1,0,-1]",c,"[[{8, 1}, {2, 7}, {3, 6}, {4, 5}], [{8, 1}, {2, 7}, {4, 6}, {3, 5}], [{8, 1}, {2, 7}, {5, 6}, {3, 4}], [{8, 1}, {2, 7}, {6}, {5}, {3, 4}], [{8, 1}, {3, 7}, {2, 6}, {4, 5}], [{8, 1}, {3, 7}, {2, 6}, {5}, {4}], [{8, 1}, {3, 7}, {4, 6}, {2, 5}], [{8, 1}, {3, 7}, {5, 6}, {2, 4}], [{8, 1}, {4, 7}, {2, 6}, {3, 5}], [{8, 1}, {4, 7}, {3, 6}, {2, 5}], [{8, 1}, {4, 7}, {3, 6}, {5}, {2}], [{8, 1}, {4, 7}, {5, 6}, {2, 3}], [{8, 1}, {4, 7}, {6}, {2, 5}, {3}], [{8, 1}, {5, 7}, {2, 6}, {3, 4}], [{8, 1}, {5, 7}, {3, 6}, {2, 4}], [{8, 1}, {5, 7}, {4, 6}, {2, 3}], [{8, 1}, {5, 7}, {6}, {4}, {2, 3}], [{8, 1}, {6, 7}, {2, 5}, {3, 4}], [{8, 1}, {6, 7}, {3, 5}, {2, 4}], [{8, 1}, {6, 7}, {4, 5}, {2, 3}], [{8, 1}, {6, 7}, {5}, {4}, {2, 3}], [{8, 1}, {7}, {5, 6}, {4}, {2, 3}], [{8, 2}, {1, 7}, {3, 6}, {4, 5}], [{8, 2}, {1, 7}, {4, 6}, {3, 5}], [{8, 2}, {1, 7}, {5, 6}, {3, 4}], [{8, 2}, {1, 7}, {6}, {4, 5}, {3}], [{8, 2}, {3, 7}, {1, 6}, {4, 5}], [{8, 2}, {3, 7}, {4, 6}, {1, 5}], [{8, 2}, {3, 7}, {5, 6}, {1, 4}], [{8, 2}, {4, 7}, {1, 6}, {3, 5}], [{8, 2}, {4, 7}, {3, 6}, {1, 5}], [{8, 2}, {4, 7}, {3, 6}, {5}, {1}], [{8, 2}, {4, 7}, {5, 6}, {1, 3}], [{8, 2}, {5, 7}, {1, 6}, {3, 4}], [{8, 2}, {5, 7}, {3, 6}, {1, 4}], [{8, 2}, {5, 7}, {3, 6}, {4}, {1}], [{8, 2}, {5, 7}, {4, 6}, {1, 3}], [{8, 2}, {5, 7}, {6}, {1, 4}, {3}], [{8, 2}, {6, 7}, {1, 5}, {3, 4}], [{8, 2}, {6, 7}, {3, 5}, {1, 4}], [{8, 2}, {6, 7}, {4, 5}, {1, 3}], [{8, 2}, {6, 7}, {5}, {1, 4}, {3}], [{8, 2}, {6, 7}, {5}, {3, 4}, {1}], [{8, 2}, {6, 7}, {5}, {4}, {1, 3}], [{8, 2}, {7}, {3, 6}, {4, 5}, {1}], [{8, 2}, {7}, {5, 6}, {1, 4}, {3}], [{8, 3}, {1, 7}, {2, 6}, {4, 5}], [{8, 3}, {1, 7}, {4, 6}, {2, 5}], [{8, 3}, {1, 7}, {4, 6}, {5}, {2}], [{8, 3}, {1, 7}, {5, 6}, {2, 4}], [{8, 3}, {2, 7}, {1, 6}, {4, 5}], [{8, 3}, {2, 7}, {4, 6}, {1, 5}], [{8, 3}, {2, 7}, {5, 6}, {1, 4}], [{8, 3}, {2, 7}, {6}, {1, 5}, {4}], [{8, 3}, {4, 7}, {1, 6}, {2, 5}], [{8, 3}, {4, 7}, {1, 6}, {5}, {2}], [{8, 3}, {4, 7}, {2, 6}, {1, 5}], [{8, 3}, {4, 7}, {5, 6}, {1, 2}], [{8, 3}, {5, 7}, {1, 6}, {2, 4}], [{8, 3}, {5, 7}, {2, 6}, {1, 4}], [{8, 3}, {5, 7}, {4, 6}, {1, 2}], [{8, 3}, {6, 7}, {1, 5}, {2, 4}], [{8, 3}, {6, 7}, {1, 5}, {4}, {2}], [{8, 3}, {6, 7}, {2, 5}, {1, 4}], [{8, 3}, {6, 7}, {4, 5}, {1, 2}], [{8, 3}, {6, 7}, {5}, {2, 4}, {1}], [{8, 3}, {7}, {2, 6}, {1, 5}, {4}], [{8, 3}, {7}, {6}, {2, 5}, {1, 4}], [{8, 4}, {1, 7}, {2, 6}, {3, 5}], [{8, 4}, {1, 7}, {2, 6}, {5}, {3}], [{8, 4}, {1, 7}, {3, 6}, {2, 5}], [{8, 4}, {1, 7}, {5, 6}, {2, 3}], [{8, 4}, {2, 7}, {1, 6}, {3, 5}], [{8, 4}, {2, 7}, {3, 6}, {1, 5}], [{8, 4}, {2, 7}, {5, 6}, {1, 3}], [{8, 4}, {3, 7}, {1, 6}, {2, 5}], [{8, 4}, {3, 7}, {2, 6}, {1, 5}], [{8, 4}, {3, 7}, {5, 6}, {1, 2}], [{8, 4}, {5, 7}, {1, 6}, {2, 3}], [{8, 4}, {5, 7}, {2, 6}, {1, 3}], [{8, 4}, {5, 7}, {3, 6}, {1, 2}], [{8, 4}, {6, 7}, {1, 5}, {2, 3}], [{8, 4}, {6, 7}, {2, 5}, {1, 3}], [{8, 4}, {6, 7}, {3, 5}, {1, 2}], [{8, 4}, {7}, {1, 6}, {5}, {2, 3}], [{8, 4}, {7}, {3, 6}, {2, 5}, {1}], [{8, 5}, {1, 7}, {2, 6}, {3, 4}], [{8, 5}, {1, 7}, {3, 6}, {2, 4}], [{8, 5}, {1, 7}, {4, 6}, {2, 3}], [{8, 5}, {2, 7}, {1, 6}, {3, 4}], [{8, 5}, {2, 7}, {3, 6}, {1, 4}], [{8, 5}, {2, 7}, {4, 6}, {1, 3}], [{8, 5}, {3, 7}, {1, 6}, {2, 4}], [{8, 5}, {3, 7}, {2, 6}, {1, 4}], [{8, 5}, {3, 7}, {4, 6}, {1, 2}], [{8, 5}, {4, 7}, {1, 6}, {2, 3}], [{8, 5}, {4, 7}, {2, 6}, {1, 3}], [{8, 5}, {4, 7}, {3, 6}, {1, 2}], [{8, 5}, {6, 7}, {1, 4}, {2, 3}], [{8, 5}, {6, 7}, {2, 4}, {1, 3}], [{8, 5}, {6, 7}, {3, 4}, {1, 2}], [{8, 5}, {7}, {2, 6}, {4}, {1, 3}], [{8, 5}, {7}, {3, 6}, {1, 4}, {2}], [{8, 6}, {1, 7}, {2, 5}, {3, 4}], [{8, 6}, {1, 7}, {3, 5}, {2, 4}], [{8, 6}, {1, 7}, {4, 5}, {2, 3}], [{8, 6}, {1, 7}, {5}, {3, 4}, {2}], [{8, 6}, {2, 7}, {1, 5}, {3, 4}], [{8, 6}, {2, 7}, {3, 5}, {1, 4}], [{8, 6}, {2, 7}, {4, 5}, {1, 3}], [{8, 6}, {3, 7}, {1, 5}, {2, 4}], [{8, 6}, {3, 7}, {1, 5}, {4}, {2}], [{8, 6}, {3, 7}, {2, 5}, {1, 4}], [{8, 6}, {3, 7}, {4, 5}, {1, 2}], [{8, 6}, {4, 7}, {1, 5}, {2, 3}], [{8, 6}, {4, 7}, {2, 5}, {1, 3}], [{8, 6}, {4, 7}, {3, 5}, {1, 2}], [{8, 6}, {5, 7}, {1, 4}, {2, 3}], [{8, 6}, {5, 7}, {2, 4}, {1, 3}], [{8, 6}, {5, 7}, {3, 4}, {1, 2}], [{8, 6}, {7}, {5}, {1, 4}, {2, 3}], [{8, 7}, {1, 6}, {2, 5}, {3, 4}], [{8, 7}, {1, 6}, {3, 5}, {2, 4}], [{8, 7}, {1, 6}, {4, 5}, {2, 3}], [{8, 7}, {2, 6}, {1, 5}, {3, 4}], [{8, 7}, {2, 6}, {3, 5}, {1, 4}], [{8, 7}, {2, 6}, {4, 5}, {1, 3}], [{8, 7}, {3, 6}, {1, 5}, {2, 4}], [{8, 7}, {3, 6}, {1, 5}, {4}, {2}], [{8, 7}, {3, 6}, {2, 5}, {1, 4}], [{8, 7}, {3, 6}, {4, 5}, {1, 2}], [{8, 7}, {4, 6}, {1, 5}, {2, 3}], [{8, 7}, {4, 6}, {2, 5}, {1, 3}], [{8, 7}, {4, 6}, {3, 5}, {1, 2}], [{8, 7}, {5, 6}, {1, 4}, {2, 3}], [{8, 7}, {5, 6}, {1, 4}, {3}, {2}], [{8, 7}, {5, 6}, {2, 4}, {1, 3}], [{8, 7}, {5, 6}, {3, 4}, {1, 2}], [{8, 7}, {5, 6}, {4}, {2, 3}, {1}], [{8, 7}, {6}, {3, 5}, {2, 4}, {1}], [{8}, {1, 7}, {2, 6}, {3, 5}, {4}], [{8}, {1, 7}, {3, 6}, {2, 5}, {4}], [{8}, {1, 7}, {5, 6}, {4}, {2, 3}], [{8}, {2, 7}, {5, 6}, {1, 4}, {3}], [{8}, {3, 7}, {1, 6}, {5}, {2, 4}], [{8}, {3, 7}, {5, 6}, {2, 4}, {1}], [{8}, {3, 7}, {6}, {1, 5}, {2, 4}], [{8}, {4, 7}, {2, 6}, {3, 5}, {1}], [{8}, {4, 7}, {3, 6}, {5}, {1, 2}], [{8}, {6, 7}, {1, 5}, {2, 4}, {3}], [{8}, {6, 7}, {3, 5}, {4}, {1, 2}], [{8}, {7}, {2, 6}, {3, 5}, {1, 4}], [{8}, {7}, {3, 6}, {1, 5}, {2, 4}], [{8}, {7}, {4, 6}, {1, 5}, {2, 3}]]",2,28 K_1^3 + 12 K_1^2 K_2 - 28 K_1^2 - 30 K_1 K_2 - 12 K_1 K_3 - 6 K_1 + 14 K_2 + 8 K_3 + 3 K_4 + 12,O1O2O3O4U5U6O7U8O5O6U1U4U7U3O8U2,O1O2O3O4U5U6O7U2O5O6U3U1U8U4O8U7,O1O2O3O4U5O6U1U6U4U2O7O8U3O5U7U8,c,{'O1O2O3O4U3O5U2U6U1U4O7O8U5O6U7U8'},1,"<a href=""/flatknot/8.733629"">8.733629</a>",t^9-49t^7-78t^6+246t^5+512t^4-15t^3-340t^2+10t+60,-t^3+3t,,
8.733630,O1O2O3O4U3O5U2U6U1U4O7O8U5O6U8U7,4,4z^3+40z^2+113z+99,4w^4z^3+40w^3z^2+113w^2z+99w,False,False,"[[ 0 -1 -2 -1  3  2 -1  0  0],[ 1  0  0  0  3  3 -1  0  0],[ 2  0  0  0  2  2  0  1  1],[ 1  0  0  0  1  1  0  0  0],[-3 -3 -2 -1  0  1 -4  0  0],[-2 -3 -2 -1 -1  0 -2  1  0],[ 1  1  0  0  4  2  0 -1  0],[ 0  0 -1  0  0 -1  1  0  0],[ 0  0 -1  0  0  0  0  0  0]]","[[ 0  3  2  0  0 -1 -1 -1 -2],[-3  0  1  0  0 -1 -3 -4 -2],[-2 -1  0  1  0 -1 -3 -2 -2],[ 0  0 -1  0  0  0  0  1 -1],[ 0  0  0  0  0  0  0  0 -1],[ 1  1  1  0  0  0  0  0  0],[ 1  3  3  0  0  0  0 -1  0],[ 1  4  2 -1  0  0  1  0  0],[ 2  2  2  1  1  0  0  0  0]]",True,"[-3,-2,0,0,1,1,1,2,-1,0,0,1,3,4,2,-1,0,1,3,2,2,0,0,0,-1,1,0,0,0,1,0,0,0,1,0,0]","[-3,-2,0,0,1,1,1,2,-1,0,0,1,3,4,2,-1,0,1,3,2,2,0,0,0,-1,1,0,0,0,1,0,0,0,1,0,0]",t^8+54t^6+215t^4+81t^2+1,"[-2,-1,-1,-1,0,0,2,3,1,1,1,1,1,2,3,-1,0,1,2,1,0,0,1,1,0,1,1,1,2,3,0,2,3,3,3,2]","[-3,-2,0,0,1,1,1,2,2,3,3,0,1,3,3,2,3,1,0,2,2,0,1,1,1,1,2,1,1,1,1,0,1,0,1,1]","[-2,-1,-1,-1,0,0,2,3,0,0,0,1,1,2,2,-1,0,0,0,3,3,0,-1,0,2,4,0,0,1,1,0,-1,0,0,0,-1]",c,"[[{8, 1}, {2, 7}, {3, 6}, {4, 5}], [{8, 1}, {2, 7}, {4, 6}, {3, 5}], [{8, 1}, {2, 7}, {4, 6}, {5}, {3}], [{8, 1}, {2, 7}, {5, 6}, {3, 4}], [{8, 1}, {3, 7}, {2, 6}, {4, 5}], [{8, 1}, {3, 7}, {4, 6}, {2, 5}], [{8, 1}, {3, 7}, {4, 6}, {5}, {2}], [{8, 1}, {3, 7}, {5, 6}, {2, 4}], [{8, 1}, {4, 7}, {2, 6}, {3, 5}], [{8, 1}, {4, 7}, {3, 6}, {2, 5}], [{8, 1}, {4, 7}, {5, 6}, {2, 3}], [{8, 1}, {4, 7}, {6}, {2, 5}, {3}], [{8, 1}, {5, 7}, {2, 6}, {3, 4}], [{8, 1}, {5, 7}, {2, 6}, {4}, {3}], [{8, 1}, {5, 7}, {3, 6}, {2, 4}], [{8, 1}, {5, 7}, {4, 6}, {2, 3}], [{8, 1}, {6, 7}, {2, 5}, {3, 4}], [{8, 1}, {6, 7}, {3, 5}, {2, 4}], [{8, 1}, {6, 7}, {4, 5}, {2, 3}], [{8, 1}, {7}, {4, 6}, {5}, {2, 3}], [{8, 1}, {7}, {5, 6}, {4}, {2, 3}], [{8, 1}, {7}, {6}, {3, 5}, {2, 4}], [{8, 1}, {7}, {6}, {4, 5}, {2, 3}], [{8, 2}, {1, 7}, {3, 6}, {4, 5}], [{8, 2}, {1, 7}, {4, 6}, {3, 5}], [{8, 2}, {1, 7}, {5, 6}, {3, 4}], [{8, 2}, {1, 7}, {6}, {5}, {3, 4}], [{8, 2}, {3, 7}, {1, 6}, {4, 5}], [{8, 2}, {3, 7}, {4, 6}, {1, 5}], [{8, 2}, {3, 7}, {5, 6}, {1, 4}], [{8, 2}, {3, 7}, {5, 6}, {4}, {1}], [{8, 2}, {4, 7}, {1, 6}, {3, 5}], [{8, 2}, {4, 7}, {3, 6}, {1, 5}], [{8, 2}, {4, 7}, {5, 6}, {1, 3}], [{8, 2}, {5, 7}, {1, 6}, {3, 4}], [{8, 2}, {5, 7}, {3, 6}, {1, 4}], [{8, 2}, {5, 7}, {4, 6}, {1, 3}], [{8, 2}, {6, 7}, {1, 5}, {3, 4}], [{8, 2}, {6, 7}, {1, 5}, {4}, {3}], [{8, 2}, {6, 7}, {3, 5}, {1, 4}], [{8, 2}, {6, 7}, {4, 5}, {1, 3}], [{8, 2}, {7}, {4, 6}, {3, 5}, {1}], [{8, 2}, {7}, {5, 6}, {1, 4}, {3}], [{8, 3}, {1, 7}, {2, 6}, {4, 5}], [{8, 3}, {1, 7}, {2, 6}, {5}, {4}], [{8, 3}, {1, 7}, {4, 6}, {2, 5}], [{8, 3}, {1, 7}, {5, 6}, {2, 4}], [{8, 3}, {2, 7}, {1, 6}, {4, 5}], [{8, 3}, {2, 7}, {4, 6}, {1, 5}], [{8, 3}, {2, 7}, {5, 6}, {1, 4}], [{8, 3}, {2, 7}, {5, 6}, {4}, {1}], [{8, 3}, {4, 7}, {1, 6}, {2, 5}], [{8, 3}, {4, 7}, {2, 6}, {1, 5}], [{8, 3}, {4, 7}, {5, 6}, {1, 2}], [{8, 3}, {4, 7}, {6}, {5}, {1, 2}], [{8, 3}, {5, 7}, {1, 6}, {2, 4}], [{8, 3}, {5, 7}, {2, 6}, {1, 4}], [{8, 3}, {5, 7}, {4, 6}, {1, 2}], [{8, 3}, {6, 7}, {1, 5}, {2, 4}], [{8, 3}, {6, 7}, {1, 5}, {4}, {2}], [{8, 3}, {6, 7}, {2, 5}, {1, 4}], [{8, 3}, {6, 7}, {4, 5}, {1, 2}], [{8, 3}, {7}, {1, 6}, {5}, {2, 4}], [{8, 3}, {7}, {2, 6}, {4, 5}, {1}], [{8, 3}, {7}, {5, 6}, {1, 4}, {2}], [{8, 4}, {1, 7}, {2, 6}, {3, 5}], [{8, 4}, {1, 7}, {2, 6}, {5}, {3}], [{8, 4}, {1, 7}, {3, 6}, {2, 5}], [{8, 4}, {1, 7}, {5, 6}, {2, 3}], [{8, 4}, {2, 7}, {1, 6}, {3, 5}], [{8, 4}, {2, 7}, {3, 6}, {1, 5}], [{8, 4}, {2, 7}, {5, 6}, {1, 3}], [{8, 4}, {3, 7}, {1, 6}, {2, 5}], [{8, 4}, {3, 7}, {1, 6}, {5}, {2}], [{8, 4}, {3, 7}, {2, 6}, {1, 5}], [{8, 4}, {3, 7}, {5, 6}, {1, 2}], [{8, 4}, {5, 7}, {1, 6}, {2, 3}], [{8, 4}, {5, 7}, {2, 6}, {1, 3}], [{8, 4}, {5, 7}, {3, 6}, {1, 2}], [{8, 4}, {6, 7}, {1, 5}, {2, 3}], [{8, 4}, {6, 7}, {2, 5}, {1, 3}], [{8, 4}, {6, 7}, {3, 5}, {1, 2}], [{8, 4}, {7}, {5, 6}, {2, 3}, {1}], [{8, 5}, {1, 7}, {2, 6}, {3, 4}], [{8, 5}, {1, 7}, {3, 6}, {2, 4}], [{8, 5}, {1, 7}, {4, 6}, {2, 3}], [{8, 5}, {2, 7}, {1, 6}, {3, 4}], [{8, 5}, {2, 7}, {3, 6}, {1, 4}], [{8, 5}, {2, 7}, {3, 6}, {4}, {1}], [{8, 5}, {2, 7}, {4, 6}, {1, 3}], [{8, 5}, {3, 7}, {1, 6}, {2, 4}], [{8, 5}, {3, 7}, {2, 6}, {1, 4}], [{8, 5}, {3, 7}, {2, 6}, {4}, {1}], [{8, 5}, {3, 7}, {4, 6}, {1, 2}], [{8, 5}, {4, 7}, {1, 6}, {2, 3}], [{8, 5}, {4, 7}, {2, 6}, {1, 3}], [{8, 5}, {4, 7}, {3, 6}, {1, 2}], [{8, 5}, {4, 7}, {3, 6}, {2}, {1}], [{8, 5}, {6, 7}, {1, 4}, {2, 3}], [{8, 5}, {6, 7}, {2, 4}, {1, 3}], [{8, 5}, {6, 7}, {3, 4}, {1, 2}], [{8, 5}, {7}, {3, 6}, {2, 4}, {1}], [{8, 5}, {7}, {6}, {1, 4}, {2, 3}], [{8, 6}, {1, 7}, {2, 5}, {3, 4}], [{8, 6}, {1, 7}, {2, 5}, {4}, {3}], [{8, 6}, {1, 7}, {3, 5}, {2, 4}], [{8, 6}, {1, 7}, {4, 5}, {2, 3}], [{8, 6}, {1, 7}, {5}, {3, 4}, {2}], [{8, 6}, {2, 7}, {1, 5}, {3, 4}], [{8, 6}, {2, 7}, {3, 5}, {1, 4}], [{8, 6}, {2, 7}, {4, 5}, {1, 3}], [{8, 6}, {3, 7}, {1, 5}, {2, 4}], [{8, 6}, {3, 7}, {1, 5}, {4}, {2}], [{8, 6}, {3, 7}, {2, 5}, {1, 4}], [{8, 6}, {3, 7}, {4, 5}, {1, 2}], [{8, 6}, {3, 7}, {5}, {2, 4}, {1}], [{8, 6}, {4, 7}, {1, 5}, {2, 3}], [{8, 6}, {4, 7}, {2, 5}, {1, 3}], [{8, 6}, {4, 7}, {3, 5}, {1, 2}], [{8, 6}, {4, 7}, {5}, {1, 3}, {2}], [{8, 6}, {5, 7}, {1, 4}, {2, 3}], [{8, 6}, {5, 7}, {2, 4}, {1, 3}], [{8, 6}, {5, 7}, {3, 4}, {1, 2}], [{8, 6}, {7}, {1, 5}, {2, 4}, {3}], [{8, 6}, {7}, {2, 5}, {3, 4}, {1}], [{8, 6}, {7}, {5}, {1, 4}, {2, 3}], [{8, 7}, {1, 6}, {2, 5}, {3, 4}], [{8, 7}, {1, 6}, {3, 5}, {2, 4}], [{8, 7}, {1, 6}, {4, 5}, {2, 3}], [{8, 7}, {2, 6}, {1, 5}, {3, 4}], [{8, 7}, {2, 6}, {3, 5}, {1, 4}], [{8, 7}, {2, 6}, {4, 5}, {1, 3}], [{8, 7}, {3, 6}, {1, 5}, {2, 4}], [{8, 7}, {3, 6}, {1, 5}, {4}, {2}], [{8, 7}, {3, 6}, {2, 5}, {1, 4}], [{8, 7}, {3, 6}, {4, 5}, {1, 2}], [{8, 7}, {4, 6}, {1, 5}, {2, 3}], [{8, 7}, {4, 6}, {2, 5}, {1, 3}], [{8, 7}, {4, 6}, {3, 5}, {1, 2}], [{8, 7}, {5, 6}, {1, 4}, {2, 3}], [{8, 7}, {5, 6}, {1, 4}, {3}, {2}], [{8, 7}, {5, 6}, {2, 4}, {1, 3}], [{8, 7}, {5, 6}, {3, 4}, {1, 2}], [{8, 7}, {5, 6}, {4}, {2, 3}, {1}], [{8, 7}, {6}, {3, 5}, {2, 4}, {1}], [{8}, {1, 7}, {2, 6}, {5}, {3, 4}], [{8}, {1, 7}, {5, 6}, {4}, {2, 3}], [{8}, {1, 7}, {6}, {3, 5}, {2, 4}], [{8}, {2, 7}, {1, 6}, {5}, {3, 4}], [{8}, {2, 7}, {5, 6}, {1, 4}, {3}], [{8}, {3, 7}, {4, 6}, {2, 5}, {1}], [{8}, {3, 7}, {5, 6}, {1, 4}, {2}], [{8}, {3, 7}, {6}, {4, 5}, {1, 2}], [{8}, {4, 7}, {5, 6}, {2, 3}, {1}], [{8}, {5, 7}, {1, 6}, {4}, {2, 3}], [{8}, {5, 7}, {3, 6}, {1, 4}, {2}], [{8}, {5, 7}, {6}, {2, 4}, {1, 3}], [{8}, {6, 7}, {1, 5}, {4}, {2, 3}], [{8}, {6, 7}, {3, 5}, {1, 4}, {2}], [{8}, {6, 7}, {5}, {2, 4}, {1, 3}], [{8}, {7}, {5, 6}, {1, 4}, {2, 3}], [{8}, {7}, {5, 6}, {1, 4}, {3}, {2}], [{8}, {7}, {5, 6}, {2, 4}, {1, 3}], [{8}, {7}, {5, 6}, {3, 4}, {1, 2}], [{8}, {7}, {5, 6}, {4}, {2, 3}, {1}]]",2,- 2 K_1 K_2 + K_1 + K_3 + 1,O1O2O3O4U5U6O7U8O6O5U1U4U7U3O8U2,O1O2O3O4U5U6O7U2O6O5U3U1U8U4O8U7,O1O2O3O4U5O6U1U6U4U2O7O8U3O5U8U7,c,{'O1O2O3O4U3O5U2U6U1U4O7O8U5O6U8U7'},1,"<a href=""/flatknot/8.733630"">8.733630</a>",t^9-48t^7-78t^6+175t^5+248t^4-106t^3-64t^2+13t,-t^3+3t,,
8.733631,O1O2O3O4U3O5U2U6U1U4O7O8U7O6U5U8,4,12z^2+97z+147,12w^3z^2+97w^2z+147w,False,False,"[[ 0 -1 -2 -1  3  2 -1 -1  1],[ 1  0  0  0  3  2  0  0  0],[ 2  0  0  0  2  2  1  0  1],[ 1  0  0  0  1  1  0  0  0],[-3 -3 -2 -1  0  0 -3  0  0],[-2 -2 -2 -1  0  0 -2  0  1],[ 1  0 -1  0  3  2  0 -1  0],[ 1  0  0  0  0  0  1  0  1],[-1  0 -1  0  0 -1  0 -1  0]]","[[ 0  3  2  1 -1 -1 -1 -1 -2],[-3  0  0  0  0 -1 -3 -3 -2],[-2  0  0  1  0 -1 -2 -2 -2],[-1  0 -1  0 -1  0  0  0 -1],[ 1  0  0  1  0  0  1  0  0],[ 1  1  1  0  0  0  0  0  0],[ 1  3  2  0 -1  0  0  0 -1],[ 1  3  2  0  0  0  0  0  0],[ 2  2  2  1  0  0  1  0  0]]",True,"[-3,-2,-1,1,1,1,1,2,0,0,0,1,3,3,2,-1,0,1,2,2,2,1,0,0,0,1,0,-1,0,0,0,0,0,0,1,0]","[-3,-2,-1,1,1,1,1,2,0,0,0,1,3,3,2,-1,0,1,2,2,2,1,0,0,0,1,0,-1,0,0,0,0,0,0,1,0]",t^8+41t^6+145t^4+30t^2,"[-2,-1,-1,-1,-1,1,2,3,0,1,1,1,2,2,3,0,0,1,2,1,1,0,0,2,1,1,0,2,2,3,1,3,4,2,2,1]","[-3,-2,-1,1,1,1,1,2,1,2,1,1,3,4,3,2,1,1,2,3,2,2,2,2,1,2,0,0,-1,0,0,0,1,0,1,1]","[-2,-1,-1,-1,-1,1,2,3,0,0,0,1,1,2,2,0,0,0,0,1,1,0,0,0,2,3,1,1,0,0,0,2,3,-1,0,0]",c,"[[{8, 1}, {2, 7}, {3, 6}, {4, 5}], [{8, 1}, {2, 7}, {4, 6}, {3, 5}], [{8, 1}, {2, 7}, {4, 6}, {5}, {3}], [{8, 1}, {2, 7}, {5, 6}, {3, 4}], [{8, 1}, {3, 7}, {2, 6}, {4, 5}], [{8, 1}, {3, 7}, {4, 6}, {2, 5}], [{8, 1}, {3, 7}, {5, 6}, {2, 4}], [{8, 1}, {3, 7}, {6}, {5}, {2, 4}], [{8, 1}, {4, 7}, {2, 6}, {3, 5}], [{8, 1}, {4, 7}, {3, 6}, {2, 5}], [{8, 1}, {4, 7}, {3, 6}, {5}, {2}], [{8, 1}, {4, 7}, {5, 6}, {2, 3}], [{8, 1}, {4, 7}, {6}, {2, 5}, {3}], [{8, 1}, {5, 7}, {2, 6}, {3, 4}], [{8, 1}, {5, 7}, {3, 6}, {2, 4}], [{8, 1}, {5, 7}, {4, 6}, {2, 3}], [{8, 1}, {5, 7}, {6}, {2, 4}, {3}], [{8, 1}, {6, 7}, {2, 5}, {3, 4}], [{8, 1}, {6, 7}, {3, 5}, {2, 4}], [{8, 1}, {6, 7}, {4, 5}, {2, 3}], [{8, 1}, {7}, {5, 6}, {4}, {2, 3}], [{8, 1}, {7}, {6}, {3, 5}, {2, 4}], [{8, 2}, {1, 7}, {3, 6}, {4, 5}], [{8, 2}, {1, 7}, {4, 6}, {3, 5}], [{8, 2}, {1, 7}, {5, 6}, {3, 4}], [{8, 2}, {3, 7}, {1, 6}, {4, 5}], [{8, 2}, {3, 7}, {4, 6}, {1, 5}], [{8, 2}, {3, 7}, {5, 6}, {1, 4}], [{8, 2}, {4, 7}, {1, 6}, {3, 5}], [{8, 2}, {4, 7}, {1, 6}, {5}, {3}], [{8, 2}, {4, 7}, {3, 6}, {1, 5}], [{8, 2}, {4, 7}, {5, 6}, {1, 3}], [{8, 2}, {5, 7}, {1, 6}, {3, 4}], [{8, 2}, {5, 7}, {3, 6}, {1, 4}], [{8, 2}, {5, 7}, {4, 6}, {1, 3}], [{8, 2}, {6, 7}, {1, 5}, {3, 4}], [{8, 2}, {6, 7}, {1, 5}, {4}, {3}], [{8, 2}, {6, 7}, {3, 5}, {1, 4}], [{8, 2}, {6, 7}, {4, 5}, {1, 3}], [{8, 2}, {6, 7}, {4, 5}, {3}, {1}], [{8, 2}, {6, 7}, {5}, {1, 4}, {3}], [{8, 2}, {7}, {4, 6}, {3, 5}, {1}], [{8, 2}, {7}, {5, 6}, {3, 4}, {1}], [{8, 3}, {1, 7}, {2, 6}, {4, 5}], [{8, 3}, {1, 7}, {4, 6}, {2, 5}], [{8, 3}, {1, 7}, {5, 6}, {2, 4}], [{8, 3}, {1, 7}, {6}, {5}, {2, 4}], [{8, 3}, {2, 7}, {1, 6}, {4, 5}], [{8, 3}, {2, 7}, {4, 6}, {1, 5}], [{8, 3}, {2, 7}, {5, 6}, {1, 4}], [{8, 3}, {2, 7}, {6}, {5}, {1, 4}], [{8, 3}, {4, 7}, {1, 6}, {2, 5}], [{8, 3}, {4, 7}, {2, 6}, {1, 5}], [{8, 3}, {4, 7}, {5, 6}, {1, 2}], [{8, 3}, {4, 7}, {6}, {5}, {1, 2}], [{8, 3}, {5, 7}, {1, 6}, {2, 4}], [{8, 3}, {5, 7}, {2, 6}, {1, 4}], [{8, 3}, {5, 7}, {4, 6}, {1, 2}], [{8, 3}, {5, 7}, {6}, {1, 4}, {2}], [{8, 3}, {6, 7}, {1, 5}, {2, 4}], [{8, 3}, {6, 7}, {1, 5}, {4}, {2}], [{8, 3}, {6, 7}, {2, 5}, {1, 4}], [{8, 3}, {6, 7}, {4, 5}, {1, 2}], [{8, 3}, {6, 7}, {4, 5}, {2}, {1}], [{8, 3}, {6, 7}, {5}, {1, 4}, {2}], [{8, 3}, {7}, {2, 6}, {5}, {1, 4}], [{8, 3}, {7}, {5, 6}, {1, 4}, {2}], [{8, 3}, {7}, {6}, {2, 5}, {1, 4}], [{8, 3}, {7}, {6}, {5}, {1, 4}, {2}], [{8, 4}, {1, 7}, {2, 6}, {3, 5}], [{8, 4}, {1, 7}, {3, 6}, {2, 5}], [{8, 4}, {1, 7}, {3, 6}, {5}, {2}], [{8, 4}, {1, 7}, {5, 6}, {2, 3}], [{8, 4}, {1, 7}, {6}, {2, 5}, {3}], [{8, 4}, {2, 7}, {1, 6}, {3, 5}], [{8, 4}, {2, 7}, {3, 6}, {1, 5}], [{8, 4}, {2, 7}, {5, 6}, {1, 3}], [{8, 4}, {3, 7}, {1, 6}, {2, 5}], [{8, 4}, {3, 7}, {1, 6}, {5}, {2}], [{8, 4}, {3, 7}, {2, 6}, {1, 5}], [{8, 4}, {3, 7}, {5, 6}, {1, 2}], [{8, 4}, {3, 7}, {6}, {2, 5}, {1}], [{8, 4}, {5, 7}, {1, 6}, {2, 3}], [{8, 4}, {5, 7}, {1, 6}, {3}, {2}], [{8, 4}, {5, 7}, {2, 6}, {1, 3}], [{8, 4}, {5, 7}, {3, 6}, {1, 2}], [{8, 4}, {6, 7}, {1, 5}, {2, 3}], [{8, 4}, {6, 7}, {2, 5}, {1, 3}], [{8, 4}, {6, 7}, {3, 5}, {1, 2}], [{8, 4}, {6, 7}, {5}, {1, 3}, {2}], [{8, 4}, {7}, {1, 6}, {3, 5}, {2}], [{8, 4}, {7}, {5, 6}, {3}, {1, 2}], [{8, 4}, {7}, {6}, {2, 5}, {1, 3}], [{8, 5}, {1, 7}, {2, 6}, {3, 4}], [{8, 5}, {1, 7}, {2, 6}, {4}, {3}], [{8, 5}, {1, 7}, {3, 6}, {2, 4}], [{8, 5}, {1, 7}, {4, 6}, {2, 3}], [{8, 5}, {2, 7}, {1, 6}, {3, 4}], [{8, 5}, {2, 7}, {3, 6}, {1, 4}], [{8, 5}, {2, 7}, {4, 6}, {1, 3}], [{8, 5}, {3, 7}, {1, 6}, {2, 4}], [{8, 5}, {3, 7}, {2, 6}, {1, 4}], [{8, 5}, {3, 7}, {2, 6}, {4}, {1}], [{8, 5}, {3, 7}, {4, 6}, {1, 2}], [{8, 5}, {4, 7}, {1, 6}, {2, 3}], [{8, 5}, {4, 7}, {2, 6}, {1, 3}], [{8, 5}, {4, 7}, {3, 6}, {1, 2}], [{8, 5}, {4, 7}, {6}, {3}, {1, 2}], [{8, 5}, {6, 7}, {1, 4}, {2, 3}], [{8, 5}, {6, 7}, {2, 4}, {1, 3}], [{8, 5}, {6, 7}, {3, 4}, {1, 2}], [{8, 5}, {6, 7}, {4}, {3}, {1, 2}], [{8, 5}, {7}, {1, 6}, {4}, {2, 3}], [{8, 5}, {7}, {2, 6}, {4}, {1, 3}], [{8, 5}, {7}, {4, 6}, {3}, {1, 2}], [{8, 6}, {1, 7}, {2, 5}, {3, 4}], [{8, 6}, {1, 7}, {3, 5}, {2, 4}], [{8, 6}, {1, 7}, {3, 5}, {4}, {2}], [{8, 6}, {1, 7}, {4, 5}, {2, 3}], [{8, 6}, {2, 7}, {1, 5}, {3, 4}], [{8, 6}, {2, 7}, {3, 5}, {1, 4}], [{8, 6}, {2, 7}, {4, 5}, {1, 3}], [{8, 6}, {3, 7}, {1, 5}, {2, 4}], [{8, 6}, {3, 7}, {1, 5}, {4}, {2}], [{8, 6}, {3, 7}, {2, 5}, {1, 4}], [{8, 6}, {3, 7}, {4, 5}, {1, 2}], [{8, 6}, {4, 7}, {1, 5}, {2, 3}], [{8, 6}, {4, 7}, {2, 5}, {1, 3}], [{8, 6}, {4, 7}, {3, 5}, {1, 2}], [{8, 6}, {5, 7}, {1, 4}, {2, 3}], [{8, 6}, {5, 7}, {2, 4}, {1, 3}], [{8, 6}, {5, 7}, {3, 4}, {1, 2}], [{8, 6}, {5, 7}, {4}, {1, 3}, {2}], [{8, 6}, {7}, {2, 5}, {1, 4}, {3}], [{8, 7}, {1, 6}, {2, 5}, {3, 4}], [{8, 7}, {1, 6}, {3, 5}, {2, 4}], [{8, 7}, {1, 6}, {4, 5}, {2, 3}], [{8, 7}, {1, 6}, {5}, {2, 4}, {3}], [{8, 7}, {2, 6}, {1, 5}, {3, 4}], [{8, 7}, {2, 6}, {3, 5}, {1, 4}], [{8, 7}, {2, 6}, {4, 5}, {1, 3}], [{8, 7}, {2, 6}, {4, 5}, {3}, {1}], [{8, 7}, {3, 6}, {1, 5}, {2, 4}], [{8, 7}, {3, 6}, {2, 5}, {1, 4}], [{8, 7}, {3, 6}, {4, 5}, {1, 2}], [{8, 7}, {3, 6}, {5}, {2, 4}, {1}], [{8, 7}, {4, 6}, {1, 5}, {2, 3}], [{8, 7}, {4, 6}, {2, 5}, {1, 3}], [{8, 7}, {4, 6}, {3, 5}, {1, 2}], [{8, 7}, {5, 6}, {1, 4}, {2, 3}], [{8, 7}, {5, 6}, {1, 4}, {3}, {2}], [{8, 7}, {5, 6}, {2, 4}, {1, 3}], [{8, 7}, {5, 6}, {3, 4}, {1, 2}], [{8, 7}, {5, 6}, {4}, {2, 3}, {1}], [{8, 7}, {6}, {5}, {2, 4}, {1, 3}], [{8}, {1, 7}, {5, 6}, {2, 4}, {3}], [{8}, {1, 7}, {5, 6}, {3, 4}, {2}], [{8}, {1, 7}, {5, 6}, {4}, {2, 3}], [{8}, {2, 7}, {5, 6}, {4}, {1, 3}], [{8}, {3, 7}, {5, 6}, {1, 4}, {2}], [{8}, {3, 7}, {5, 6}, {2, 4}, {1}], [{8}, {3, 7}, {5, 6}, {4}, {1, 2}], [{8}, {4, 7}, {5, 6}, {1, 3}, {2}], [{8}, {4, 7}, {6}, {3, 5}, {1, 2}], [{8}, {6, 7}, {1, 5}, {4}, {2, 3}], [{8}, {6, 7}, {3, 5}, {2, 4}, {1}], [{8}, {6, 7}, {4, 5}, {2, 3}, {1}], [{8}, {6, 7}, {5}, {1, 4}, {2, 3}], [{8}, {7}, {3, 6}, {2, 5}, {1, 4}], [{8}, {7}, {5, 6}, {2, 4}, {1, 3}]]",2,16 K_1^3 + 4 K_1^2 K_2 - 42 K_1^2 - 34 K_1 K_2 - 2 K_1 K_3 + 5 K_1 - 2 K_2^2 + 20 K_2 + 13 K_3 + K_4 + 22,O1O2O3O4U5U6O7U8O5O8U1U4U7U3O6U2,O1O2O3O4U5U6O5U2O7O6U3U1U8U4O8U7,O1O2O3O4U5O6U1U6U4U2O7O5U3O8U7U8,c,{'O1O2O3O4U3O5U2U6U1U4O7O8U7O6U5U8'},1,"<a href=""/flatknot/8.733631"">8.733631</a>",t^9-35t^7-26t^6+151t^5+32t^4-75t^3+9t,-t^3+3t,,
8.733632,O1O2O3O4U3O5U2U6U1U4O7O8U7O6U8U5,4,5z^2+86z+153,5w^3z^2+86w^2z+153w,False,False,"[[ 0 -1 -2 -1  3  3 -1 -1  0],[ 1  0  0  0  3  2  0  0 -1],[ 2  0  0  0  2  2  1  0  0],[ 1  0  0  0  1  1  0  0  0],[-3 -3 -2 -1  0  0 -3  0 -1],[-3 -2 -2 -1  0  0 -2 -1  0],[ 1  0 -1  0  3  2  0 -1 -1],[ 1  0  0  0  0  1  1  0  1],[ 0  1  0  0  1  0  1 -1  0]]","[[ 0  3  3  0 -1 -1 -1 -1 -2],[-3  0  0  0 -1 -1 -2 -2 -2],[-3  0  0 -1  0 -1 -3 -3 -2],[ 0  0  1  0 -1  0  1  1  0],[ 1  1  0  1  0  0  1  0  0],[ 1  1  1  0  0  0  0  0  0],[ 1  2  3 -1 -1  0  0  0 -1],[ 1  2  3 -1  0  0  0  0  0],[ 2  2  2  0  0  0  1  0  0]]",True,"[-3,-3,0,1,1,1,1,2,0,0,1,1,2,2,2,1,0,1,3,3,2,1,0,-1,-1,0,0,-1,0,0,0,0,0,0,1,0]","[-3,-3,0,1,1,1,1,2,0,0,1,1,2,2,2,1,0,1,3,3,2,1,0,-1,-1,0,0,-1,0,0,0,0,0,0,1,0]",t^8+43t^6+143t^4+23t^2,"[-2,-1,-1,-1,-1,0,3,3,0,1,1,1,2,3,3,0,0,1,2,1,2,0,0,1,3,3,0,2,1,2,0,4,3,2,3,0]","[-3,-3,0,1,1,1,1,2,0,2,1,1,3,4,3,3,2,2,3,3,3,2,2,1,0,2,0,0,-1,0,0,0,1,0,1,1]","[-2,-1,-1,-1,-1,0,3,3,0,0,0,1,0,2,2,0,0,0,-1,2,3,0,0,0,1,1,1,1,1,0,-1,2,3,0,1,0]",c,"[[{8, 1}, {2, 7}, {3, 6}, {4, 5}], [{8, 1}, {2, 7}, {4, 6}, {3, 5}], [{8, 1}, {2, 7}, {4, 6}, {5}, {3}], [{8, 1}, {2, 7}, {5, 6}, {3, 4}], [{8, 1}, {3, 7}, {2, 6}, {4, 5}], [{8, 1}, {3, 7}, {4, 6}, {2, 5}], [{8, 1}, {3, 7}, {5, 6}, {2, 4}], [{8, 1}, {4, 7}, {2, 6}, {3, 5}], [{8, 1}, {4, 7}, {3, 6}, {2, 5}], [{8, 1}, {4, 7}, {5, 6}, {2, 3}], [{8, 1}, {4, 7}, {6}, {3, 5}, {2}], [{8, 1}, {5, 7}, {2, 6}, {3, 4}], [{8, 1}, {5, 7}, {3, 6}, {2, 4}], [{8, 1}, {5, 7}, {4, 6}, {2, 3}], [{8, 1}, {5, 7}, {4, 6}, {3}, {2}], [{8, 1}, {6, 7}, {2, 5}, {3, 4}], [{8, 1}, {6, 7}, {3, 5}, {2, 4}], [{8, 1}, {6, 7}, {4, 5}, {2, 3}], [{8, 1}, {6, 7}, {5}, {4}, {2, 3}], [{8, 1}, {7}, {4, 6}, {2, 5}, {3}], [{8, 2}, {1, 7}, {3, 6}, {4, 5}], [{8, 2}, {1, 7}, {4, 6}, {3, 5}], [{8, 2}, {1, 7}, {5, 6}, {3, 4}], [{8, 2}, {1, 7}, {5, 6}, {4}, {3}], [{8, 2}, {3, 7}, {1, 6}, {4, 5}], [{8, 2}, {3, 7}, {4, 6}, {1, 5}], [{8, 2}, {3, 7}, {5, 6}, {1, 4}], [{8, 2}, {4, 7}, {1, 6}, {3, 5}], [{8, 2}, {4, 7}, {1, 6}, {5}, {3}], [{8, 2}, {4, 7}, {3, 6}, {1, 5}], [{8, 2}, {4, 7}, {5, 6}, {1, 3}], [{8, 2}, {5, 7}, {1, 6}, {3, 4}], [{8, 2}, {5, 7}, {3, 6}, {1, 4}], [{8, 2}, {5, 7}, {4, 6}, {1, 3}], [{8, 2}, {5, 7}, {6}, {4}, {1, 3}], [{8, 2}, {6, 7}, {1, 5}, {3, 4}], [{8, 2}, {6, 7}, {3, 5}, {1, 4}], [{8, 2}, {6, 7}, {4, 5}, {1, 3}], [{8, 2}, {6, 7}, {5}, {3, 4}, {1}], [{8, 2}, {7}, {1, 6}, {3, 5}, {4}], [{8, 2}, {7}, {6}, {1, 5}, {3, 4}], [{8, 3}, {1, 7}, {2, 6}, {4, 5}], [{8, 3}, {1, 7}, {4, 6}, {2, 5}], [{8, 3}, {1, 7}, {5, 6}, {2, 4}], [{8, 3}, {1, 7}, {6}, {5}, {2, 4}], [{8, 3}, {2, 7}, {1, 6}, {4, 5}], [{8, 3}, {2, 7}, {4, 6}, {1, 5}], [{8, 3}, {2, 7}, {5, 6}, {1, 4}], [{8, 3}, {2, 7}, {5, 6}, {4}, {1}], [{8, 3}, {4, 7}, {1, 6}, {2, 5}], [{8, 3}, {4, 7}, {1, 6}, {5}, {2}], [{8, 3}, {4, 7}, {2, 6}, {1, 5}], [{8, 3}, {4, 7}, {5, 6}, {1, 2}], [{8, 3}, {4, 7}, {6}, {2, 5}, {1}], [{8, 3}, {5, 7}, {1, 6}, {2, 4}], [{8, 3}, {5, 7}, {2, 6}, {1, 4}], [{8, 3}, {5, 7}, {4, 6}, {1, 2}], [{8, 3}, {5, 7}, {6}, {2, 4}, {1}], [{8, 3}, {6, 7}, {1, 5}, {2, 4}], [{8, 3}, {6, 7}, {2, 5}, {1, 4}], [{8, 3}, {6, 7}, {4, 5}, {1, 2}], [{8, 3}, {6, 7}, {4, 5}, {2}, {1}], [{8, 3}, {7}, {1, 6}, {2, 5}, {4}], [{8, 3}, {7}, {6}, {1, 5}, {2, 4}], [{8, 4}, {1, 7}, {2, 6}, {3, 5}], [{8, 4}, {1, 7}, {2, 6}, {5}, {3}], [{8, 4}, {1, 7}, {3, 6}, {2, 5}], [{8, 4}, {1, 7}, {3, 6}, {5}, {2}], [{8, 4}, {1, 7}, {5, 6}, {2, 3}], [{8, 4}, {1, 7}, {6}, {5}, {2, 3}], [{8, 4}, {2, 7}, {1, 6}, {3, 5}], [{8, 4}, {2, 7}, {1, 6}, {5}, {3}], [{8, 4}, {2, 7}, {3, 6}, {1, 5}], [{8, 4}, {2, 7}, {3, 6}, {5}, {1}], [{8, 4}, {2, 7}, {5, 6}, {1, 3}], [{8, 4}, {2, 7}, {6}, {5}, {1, 3}], [{8, 4}, {3, 7}, {1, 6}, {2, 5}], [{8, 4}, {3, 7}, {1, 6}, {5}, {2}], [{8, 4}, {3, 7}, {2, 6}, {1, 5}], [{8, 4}, {3, 7}, {2, 6}, {5}, {1}], [{8, 4}, {3, 7}, {5, 6}, {1, 2}], [{8, 4}, {3, 7}, {5, 6}, {2}, {1}], [{8, 4}, {3, 7}, {6}, {1, 5}, {2}], [{8, 4}, {3, 7}, {6}, {2, 5}, {1}], [{8, 4}, {3, 7}, {6}, {5}, {1, 2}], [{8, 4}, {3, 7}, {6}, {5}, {2}, {1}], [{8, 4}, {5, 7}, {1, 6}, {2, 3}], [{8, 4}, {5, 7}, {1, 6}, {3}, {2}], [{8, 4}, {5, 7}, {2, 6}, {1, 3}], [{8, 4}, {5, 7}, {3, 6}, {1, 2}], [{8, 4}, {6, 7}, {1, 5}, {2, 3}], [{8, 4}, {6, 7}, {2, 5}, {1, 3}], [{8, 4}, {6, 7}, {3, 5}, {1, 2}], [{8, 4}, {6, 7}, {5}, {1, 3}, {2}], [{8, 4}, {6, 7}, {5}, {2, 3}, {1}], [{8, 4}, {6, 7}, {5}, {3}, {1, 2}], [{8, 4}, {7}, {1, 6}, {2, 5}, {3}], [{8, 4}, {7}, {1, 6}, {3, 5}, {2}], [{8, 4}, {7}, {1, 6}, {5}, {2, 3}], [{8, 4}, {7}, {1, 6}, {5}, {3}, {2}], [{8, 4}, {7}, {2, 6}, {5}, {1, 3}], [{8, 4}, {7}, {3, 6}, {5}, {1, 2}], [{8, 5}, {1, 7}, {2, 6}, {3, 4}], [{8, 5}, {1, 7}, {3, 6}, {2, 4}], [{8, 5}, {1, 7}, {4, 6}, {2, 3}], [{8, 5}, {1, 7}, {6}, {2, 4}, {3}], [{8, 5}, {2, 7}, {1, 6}, {3, 4}], [{8, 5}, {2, 7}, {3, 6}, {1, 4}], [{8, 5}, {2, 7}, {4, 6}, {1, 3}], [{8, 5}, {2, 7}, {6}, {1, 4}, {3}], [{8, 5}, {3, 7}, {1, 6}, {2, 4}], [{8, 5}, {3, 7}, {2, 6}, {1, 4}], [{8, 5}, {3, 7}, {4, 6}, {1, 2}], [{8, 5}, {4, 7}, {1, 6}, {2, 3}], [{8, 5}, {4, 7}, {1, 6}, {3}, {2}], [{8, 5}, {4, 7}, {2, 6}, {1, 3}], [{8, 5}, {4, 7}, {2, 6}, {3}, {1}], [{8, 5}, {4, 7}, {3, 6}, {1, 2}], [{8, 5}, {4, 7}, {6}, {3}, {1, 2}], [{8, 5}, {6, 7}, {1, 4}, {2, 3}], [{8, 5}, {6, 7}, {2, 4}, {1, 3}], [{8, 5}, {6, 7}, {3, 4}, {1, 2}], [{8, 6}, {1, 7}, {2, 5}, {3, 4}], [{8, 6}, {1, 7}, {3, 5}, {2, 4}], [{8, 6}, {1, 7}, {4, 5}, {2, 3}], [{8, 6}, {2, 7}, {1, 5}, {3, 4}], [{8, 6}, {2, 7}, {3, 5}, {1, 4}], [{8, 6}, {2, 7}, {4, 5}, {1, 3}], [{8, 6}, {3, 7}, {1, 5}, {2, 4}], [{8, 6}, {3, 7}, {2, 5}, {1, 4}], [{8, 6}, {3, 7}, {4, 5}, {1, 2}], [{8, 6}, {4, 7}, {1, 5}, {2, 3}], [{8, 6}, {4, 7}, {2, 5}, {1, 3}], [{8, 6}, {4, 7}, {3, 5}, {1, 2}], [{8, 6}, {4, 7}, {3, 5}, {2}, {1}], [{8, 6}, {5, 7}, {1, 4}, {2, 3}], [{8, 6}, {5, 7}, {2, 4}, {1, 3}], [{8, 6}, {5, 7}, {3, 4}, {1, 2}], [{8, 7}, {1, 6}, {2, 5}, {3, 4}], [{8, 7}, {1, 6}, {2, 5}, {4}, {3}], [{8, 7}, {1, 6}, {3, 5}, {2, 4}], [{8, 7}, {1, 6}, {3, 5}, {4}, {2}], [{8, 7}, {1, 6}, {4, 5}, {2, 3}], [{8, 7}, {1, 6}, {4, 5}, {3}, {2}], [{8, 7}, {1, 6}, {5}, {2, 4}, {3}], [{8, 7}, {1, 6}, {5}, {3, 4}, {2}], [{8, 7}, {1, 6}, {5}, {4}, {2, 3}], [{8, 7}, {1, 6}, {5}, {4}, {3}, {2}], [{8, 7}, {2, 6}, {1, 5}, {3, 4}], [{8, 7}, {2, 6}, {3, 5}, {1, 4}], [{8, 7}, {2, 6}, {4, 5}, {1, 3}], [{8, 7}, {3, 6}, {1, 5}, {2, 4}], [{8, 7}, {3, 6}, {2, 5}, {1, 4}], [{8, 7}, {3, 6}, {4, 5}, {1, 2}], [{8, 7}, {4, 6}, {1, 5}, {2, 3}], [{8, 7}, {4, 6}, {2, 5}, {1, 3}], [{8, 7}, {4, 6}, {3, 5}, {1, 2}], [{8, 7}, {5, 6}, {1, 4}, {2, 3}], [{8, 7}, {5, 6}, {2, 4}, {1, 3}], [{8, 7}, {5, 6}, {3, 4}, {1, 2}], [{8, 7}, {6}, {2, 5}, {3, 4}, {1}], [{8}, {1, 7}, {5, 6}, {3, 4}, {2}], [{8}, {1, 7}, {6}, {3, 5}, {2, 4}], [{8}, {2, 7}, {1, 6}, {3, 5}, {4}], [{8}, {3, 7}, {1, 6}, {2, 5}, {4}], [{8}, {4, 7}, {1, 6}, {2, 5}, {3}], [{8}, {4, 7}, {1, 6}, {3, 5}, {2}], [{8}, {4, 7}, {1, 6}, {5}, {2, 3}], [{8}, {4, 7}, {1, 6}, {5}, {3}, {2}], [{8}, {5, 7}, {2, 6}, {1, 4}, {3}], [{8}, {6, 7}, {1, 5}, {3, 4}, {2}], [{8}, {6, 7}, {2, 5}, {1, 4}, {3}], [{8}, {6, 7}, {3, 5}, {1, 4}, {2}], [{8}, {6, 7}, {3, 5}, {2, 4}, {1}], [{8}, {6, 7}, {3, 5}, {4}, {1, 2}], [{8}, {6, 7}, {5}, {1, 4}, {2, 3}], [{8}, {7}, {1, 6}, {2, 5}, {3, 4}], [{8}, {7}, {1, 6}, {3, 5}, {2, 4}]]",2,4 K_1^3 - 38 K_1^2 - 24 K_1 K_2 + 9 K_1 - 4 K_2^2 + 19 K_2 + 11 K_3 + 2 K_4 + 22,O1O2O3O4U5U6O7U8O6O8U1U4U7U3O5U2,O1O2O3O4U5U6O5U2O6O7U3U1U8U4O8U7,O1O2O3O4U5O6U1U6U4U2O5O7U3O8U7U8,c,{'O1O2O3O4U3O5U2U6U1U4O7O8U7O6U8U5'},1,"<a href=""/flatknot/8.733632"">8.733632</a>",t^9-33t^7-44t^6+104t^5+58t^4-89t^3+32t^2-18t-2,-2t^3+t^2+4t,,
8.733633,O1O2O3O4U3O5U2U6U1U7O8O7U4O6U5U8,4,z^3+18z^2+100z+137,w^4z^3+18w^3z^2+100w^2z+137w,False,False,"[[ 0 -1 -2 -1  2  2 -1  1  0],[ 1  0  0  0  3  2  0  1  1],[ 2  0  0  0  2  2  1  2  2],[ 1  0  0  0  1  1  0  1  1],[-2 -3 -2 -1  0  0 -2 -2  0],[-2 -2 -2 -1  0  0 -2 -2 -1],[ 1  0 -1  0  2  2  0  2  1],[-1 -1 -2 -1  2  2 -2  0  0],[ 0 -1 -2 -1  0  1 -1  0  0]]","[[ 0  2  2  1  0 -1 -1 -1 -2],[-2  0  0 -2  0 -1 -2 -3 -2],[-2  0  0 -2 -1 -1 -2 -2 -2],[-1  2  2  0  0 -1 -2 -1 -2],[ 0  0  1  0  0 -1 -1 -1 -2],[ 1  1  1  1  1  0  0  0  0],[ 1  2  2  2  1  0  0  0 -1],[ 1  3  2  1  1  0  0  0  0],[ 2  2  2  2  2  0  1  0  0]]",True,"[-2,-2,-1,0,1,1,1,2,0,2,0,1,2,3,2,2,1,1,2,2,2,0,1,2,1,2,1,1,1,2,0,0,0,0,1,0]","[-2,-2,-1,0,1,1,1,2,0,-1,1,1,1,2,2,-1,2,0,1,2,2,1,1,0,1,1,0,0,0,0,0,0,1,0,0,1]",t^8+58t^6+180t^4+41t^2,"[-2,-1,-1,-1,0,1,2,2,0,1,1,0,1,2,2,0,0,0,0,1,1,0,0,1,0,1,0,1,2,2,1,2,1,-1,-1,0]","[-2,-2,-1,0,1,1,1,2,0,-1,1,1,1,2,2,-1,2,0,1,2,2,1,1,0,1,1,0,0,0,0,0,0,1,0,0,1]","[-2,-1,-1,-1,0,1,2,2,0,0,1,2,2,2,2,0,0,1,1,1,1,0,1,1,2,3,1,2,2,2,0,1,0,2,2,0]",c,"[[{8, 1}, {2, 7}, {3, 6}, {4, 5}], [{8, 1}, {2, 7}, {3, 6}, {5}, {4}], [{8, 1}, {2, 7}, {4, 6}, {3, 5}], [{8, 1}, {2, 7}, {5, 6}, {3, 4}], [{8, 1}, {3, 7}, {2, 6}, {4, 5}], [{8, 1}, {3, 7}, {2, 6}, {5}, {4}], [{8, 1}, {3, 7}, {4, 6}, {2, 5}], [{8, 1}, {3, 7}, {5, 6}, {2, 4}], [{8, 1}, {4, 7}, {2, 6}, {3, 5}], [{8, 1}, {4, 7}, {3, 6}, {2, 5}], [{8, 1}, {4, 7}, {5, 6}, {2, 3}], [{8, 1}, {4, 7}, {6}, {2, 5}, {3}], [{8, 1}, {4, 7}, {6}, {3, 5}, {2}], [{8, 1}, {4, 7}, {6}, {5}, {2, 3}], [{8, 1}, {5, 7}, {2, 6}, {3, 4}], [{8, 1}, {5, 7}, {3, 6}, {2, 4}], [{8, 1}, {5, 7}, {4, 6}, {2, 3}], [{8, 1}, {5, 7}, {6}, {2, 4}, {3}], [{8, 1}, {5, 7}, {6}, {3, 4}, {2}], [{8, 1}, {5, 7}, {6}, {4}, {2, 3}], [{8, 1}, {6, 7}, {2, 5}, {3, 4}], [{8, 1}, {6, 7}, {2, 5}, {4}, {3}], [{8, 1}, {6, 7}, {3, 5}, {2, 4}], [{8, 1}, {6, 7}, {3, 5}, {4}, {2}], [{8, 1}, {6, 7}, {4, 5}, {2, 3}], [{8, 1}, {6, 7}, {4, 5}, {3}, {2}], [{8, 1}, {6, 7}, {5}, {2, 4}, {3}], [{8, 1}, {6, 7}, {5}, {3, 4}, {2}], [{8, 1}, {6, 7}, {5}, {4}, {2, 3}], [{8, 1}, {6, 7}, {5}, {4}, {3}, {2}], [{8, 1}, {7}, {4, 6}, {2, 5}, {3}], [{8, 1}, {7}, {4, 6}, {3, 5}, {2}], [{8, 1}, {7}, {4, 6}, {5}, {2, 3}], [{8, 1}, {7}, {5, 6}, {2, 4}, {3}], [{8, 1}, {7}, {5, 6}, {3, 4}, {2}], [{8, 1}, {7}, {5, 6}, {4}, {2, 3}], [{8, 1}, {7}, {6}, {4, 5}, {2, 3}], [{8, 1}, {7}, {6}, {5}, {4}, {2, 3}], [{8, 2}, {1, 7}, {3, 6}, {4, 5}], [{8, 2}, {1, 7}, {3, 6}, {5}, {4}], [{8, 2}, {1, 7}, {4, 6}, {3, 5}], [{8, 2}, {1, 7}, {5, 6}, {3, 4}], [{8, 2}, {3, 7}, {1, 6}, {4, 5}], [{8, 2}, {3, 7}, {4, 6}, {1, 5}], [{8, 2}, {3, 7}, {5, 6}, {1, 4}], [{8, 2}, {4, 7}, {1, 6}, {3, 5}], [{8, 2}, {4, 7}, {3, 6}, {1, 5}], [{8, 2}, {4, 7}, {5, 6}, {1, 3}], [{8, 2}, {4, 7}, {6}, {1, 5}, {3}], [{8, 2}, {5, 7}, {1, 6}, {3, 4}], [{8, 2}, {5, 7}, {3, 6}, {1, 4}], [{8, 2}, {5, 7}, {4, 6}, {1, 3}], [{8, 2}, {6, 7}, {1, 5}, {3, 4}], [{8, 2}, {6, 7}, {3, 5}, {1, 4}], [{8, 2}, {6, 7}, {4, 5}, {1, 3}], [{8, 2}, {6, 7}, {4, 5}, {3}, {1}], [{8, 2}, {7}, {5, 6}, {1, 4}, {3}], [{8, 3}, {1, 7}, {2, 6}, {4, 5}], [{8, 3}, {1, 7}, {2, 6}, {5}, {4}], [{8, 3}, {1, 7}, {4, 6}, {2, 5}], [{8, 3}, {1, 7}, {5, 6}, {2, 4}], [{8, 3}, {2, 7}, {1, 6}, {4, 5}], [{8, 3}, {2, 7}, {4, 6}, {1, 5}], [{8, 3}, {2, 7}, {5, 6}, {1, 4}], [{8, 3}, {2, 7}, {6}, {5}, {1, 4}], [{8, 3}, {4, 7}, {1, 6}, {2, 5}], [{8, 3}, {4, 7}, {1, 6}, {5}, {2}], [{8, 3}, {4, 7}, {2, 6}, {1, 5}], [{8, 3}, {4, 7}, {5, 6}, {1, 2}], [{8, 3}, {5, 7}, {1, 6}, {2, 4}], [{8, 3}, {5, 7}, {2, 6}, {1, 4}], [{8, 3}, {5, 7}, {4, 6}, {1, 2}], [{8, 3}, {5, 7}, {6}, {1, 4}, {2}], [{8, 3}, {6, 7}, {1, 5}, {2, 4}], [{8, 3}, {6, 7}, {2, 5}, {1, 4}], [{8, 3}, {6, 7}, {4, 5}, {1, 2}], [{8, 3}, {7}, {5, 6}, {2, 4}, {1}], [{8, 3}, {7}, {6}, {2, 5}, {1, 4}], [{8, 4}, {1, 7}, {2, 6}, {3, 5}], [{8, 4}, {1, 7}, {3, 6}, {2, 5}], [{8, 4}, {1, 7}, {5, 6}, {2, 3}], [{8, 4}, {2, 7}, {1, 6}, {3, 5}], [{8, 4}, {2, 7}, {3, 6}, {1, 5}], [{8, 4}, {2, 7}, {3, 6}, {5}, {1}], [{8, 4}, {2, 7}, {5, 6}, {1, 3}], [{8, 4}, {2, 7}, {5, 6}, {3}, {1}], [{8, 4}, {2, 7}, {6}, {3, 5}, {1}], [{8, 4}, {3, 7}, {1, 6}, {2, 5}], [{8, 4}, {3, 7}, {2, 6}, {1, 5}], [{8, 4}, {3, 7}, {5, 6}, {1, 2}], [{8, 4}, {3, 7}, {6}, {2, 5}, {1}], [{8, 4}, {5, 7}, {1, 6}, {2, 3}], [{8, 4}, {5, 7}, {2, 6}, {1, 3}], [{8, 4}, {5, 7}, {3, 6}, {1, 2}], [{8, 4}, {6, 7}, {1, 5}, {2, 3}], [{8, 4}, {6, 7}, {2, 5}, {1, 3}], [{8, 4}, {6, 7}, {3, 5}, {1, 2}], [{8, 4}, {6, 7}, {5}, {2, 3}, {1}], [{8, 5}, {1, 7}, {2, 6}, {3, 4}], [{8, 5}, {1, 7}, {3, 6}, {2, 4}], [{8, 5}, {1, 7}, {4, 6}, {2, 3}], [{8, 5}, {2, 7}, {1, 6}, {3, 4}], [{8, 5}, {2, 7}, {3, 6}, {1, 4}], [{8, 5}, {2, 7}, {4, 6}, {1, 3}], [{8, 5}, {2, 7}, {6}, {4}, {1, 3}], [{8, 5}, {3, 7}, {1, 6}, {2, 4}], [{8, 5}, {3, 7}, {2, 6}, {1, 4}], [{8, 5}, {3, 7}, {4, 6}, {1, 2}], [{8, 5}, {4, 7}, {1, 6}, {2, 3}], [{8, 5}, {4, 7}, {2, 6}, {1, 3}], [{8, 5}, {4, 7}, {2, 6}, {3}, {1}], [{8, 5}, {4, 7}, {3, 6}, {1, 2}], [{8, 5}, {6, 7}, {1, 4}, {2, 3}], [{8, 5}, {6, 7}, {2, 4}, {1, 3}], [{8, 5}, {6, 7}, {3, 4}, {1, 2}], [{8, 5}, {7}, {1, 6}, {2, 4}, {3}], [{8, 6}, {1, 7}, {2, 5}, {3, 4}], [{8, 6}, {1, 7}, {3, 5}, {2, 4}], [{8, 6}, {1, 7}, {4, 5}, {2, 3}], [{8, 6}, {1, 7}, {5}, {3, 4}, {2}], [{8, 6}, {2, 7}, {1, 5}, {3, 4}], [{8, 6}, {2, 7}, {3, 5}, {1, 4}], [{8, 6}, {2, 7}, {4, 5}, {1, 3}], [{8, 6}, {2, 7}, {5}, {1, 4}, {3}], [{8, 6}, {3, 7}, {1, 5}, {2, 4}], [{8, 6}, {3, 7}, {2, 5}, {1, 4}], [{8, 6}, {3, 7}, {4, 5}, {1, 2}], [{8, 6}, {4, 7}, {1, 5}, {2, 3}], [{8, 6}, {4, 7}, {2, 5}, {1, 3}], [{8, 6}, {4, 7}, {3, 5}, {1, 2}], [{8, 6}, {4, 7}, {5}, {3}, {1, 2}], [{8, 6}, {5, 7}, {1, 4}, {2, 3}], [{8, 6}, {5, 7}, {1, 4}, {3}, {2}], [{8, 6}, {5, 7}, {2, 4}, {1, 3}], [{8, 6}, {5, 7}, {3, 4}, {1, 2}], [{8, 6}, {7}, {2, 5}, {1, 4}, {3}], [{8, 6}, {7}, {2, 5}, {3, 4}, {1}], [{8, 6}, {7}, {2, 5}, {4}, {1, 3}], [{8, 7}, {1, 6}, {2, 5}, {3, 4}], [{8, 7}, {1, 6}, {3, 5}, {2, 4}], [{8, 7}, {1, 6}, {4, 5}, {2, 3}], [{8, 7}, {2, 6}, {1, 5}, {3, 4}], [{8, 7}, {2, 6}, {3, 5}, {1, 4}], [{8, 7}, {2, 6}, {4, 5}, {1, 3}], [{8, 7}, {2, 6}, {5}, {1, 4}, {3}], [{8, 7}, {2, 6}, {5}, {3, 4}, {1}], [{8, 7}, {2, 6}, {5}, {4}, {1, 3}], [{8, 7}, {3, 6}, {1, 5}, {2, 4}], [{8, 7}, {3, 6}, {2, 5}, {1, 4}], [{8, 7}, {3, 6}, {4, 5}, {1, 2}], [{8, 7}, {3, 6}, {5}, {4}, {1, 2}], [{8, 7}, {4, 6}, {1, 5}, {2, 3}], [{8, 7}, {4, 6}, {1, 5}, {3}, {2}], [{8, 7}, {4, 6}, {2, 5}, {1, 3}], [{8, 7}, {4, 6}, {3, 5}, {1, 2}], [{8, 7}, {5, 6}, {1, 4}, {2, 3}], [{8, 7}, {5, 6}, {2, 4}, {1, 3}], [{8, 7}, {5, 6}, {3, 4}, {1, 2}], [{8, 7}, {5, 6}, {4}, {3}, {1, 2}], [{8, 7}, {6}, {3, 5}, {1, 4}, {2}], [{8, 7}, {6}, {3, 5}, {2, 4}, {1}], [{8, 7}, {6}, {3, 5}, {4}, {1, 2}], [{8}, {2, 7}, {1, 6}, {3, 5}, {4}], [{8}, {2, 7}, {3, 6}, {5}, {1, 4}], [{8}, {3, 7}, {1, 6}, {4, 5}, {2}], [{8}, {4, 7}, {5, 6}, {2, 3}, {1}], [{8}, {5, 7}, {3, 6}, {1, 4}, {2}], [{8}, {5, 7}, {4, 6}, {1, 3}, {2}], [{8}, {6, 7}, {4, 5}, {3}, {1, 2}], [{8}, {6, 7}, {5}, {1, 4}, {2, 3}], [{8}, {7}, {2, 6}, {3, 5}, {1, 4}], [{8}, {7}, {3, 6}, {2, 5}, {1, 4}], [{8}, {7}, {5, 6}, {2, 4}, {1, 3}]]",2,24 K_1^3 - 38 K_1^2 - 28 K_1 K_2 - 4 K_1 + 19 K_2 + 8 K_3 + 20,O1O2O3O4U5U6O7U1O8O5U8U4U7U3O6U2,O1O2O3O4U5U4O6U2O7O5U3U1U8U6O8U7,O1O2O3O4U5O6U7U6U4U2O8O5U3O7U1U8,c,{'O1O2O3O4U3O5U2U6U1U7O8O7U4O6U5U8'},1,"<a href=""/flatknot/8.733633"">8.733633</a>",t^9-56t^7-126t^6+115t^5+160t^4-101t^3-10t^2+23t-4,-t^2+2t,,
8.733634,O1O2O3O4U3O5U2U6U1U7O8O7U4O6U8U5,4,8z^2+91z+151,8w^3z^2+91w^2z+151w,False,False,"[[ 0 -1 -2 -1  2  3 -1  1 -1],[ 1  0  0  0  3  2  0  1  0],[ 2  0  0  0  2  2  1  2  1],[ 1  0  0  0  1  1  0  1  1],[-2 -3 -2 -1  0  1 -2 -2 -1],[-3 -2 -2 -1 -1  0 -2 -2 -2],[ 1  0 -1  0  2  2  0  2  0],[-1 -1 -2 -1  2  2 -2  0 -1],[ 1  0 -1 -1  1  2  0  1  0]]","[[ 0  3  2  1 -1 -1 -1 -1 -2],[-3  0 -1 -2 -1 -2 -2 -2 -2],[-2  1  0 -2 -1 -1 -2 -3 -2],[-1  2  2  0 -1 -1 -2 -1 -2],[ 1  1  1  1  0  1  0  0  0],[ 1  2  1  1 -1  0  0  0 -1],[ 1  2  2  2  0  0  0  0 -1],[ 1  2  3  1  0  0  0  0  0],[ 2  2  2  2  0  1  1  0  0]]",True,"[-3,-2,-1,1,1,1,1,2,1,2,1,2,2,2,2,2,1,1,2,3,2,1,1,2,1,2,-1,0,0,0,0,0,1,0,1,0]","[-3,-2,-1,1,1,1,1,2,0,0,2,2,2,3,3,-1,0,1,2,2,2,1,0,1,1,1,0,0,0,1,0,0,0,-1,0,1]",t^8+59t^6+183t^4+101t^2+1,"[-2,-1,-1,-1,-1,1,2,3,0,0,1,1,1,2,3,0,0,0,0,1,2,0,1,1,2,2,0,1,0,2,1,2,3,-1,0,0]","[-3,-2,-1,1,1,1,1,2,0,0,2,2,2,3,3,-1,0,1,2,2,2,1,0,1,1,1,0,0,0,1,0,0,0,-1,0,1]","[-2,-1,-1,-1,-1,1,2,3,0,0,1,1,2,2,2,0,0,0,1,3,2,0,1,1,1,1,0,2,2,2,1,1,2,2,2,1]",c,"[[{8, 5}, {2, 7}, {4, 6}, {1, 3}], [{8, 5}, {2, 7}, {6}, {4}, {1, 3}]]",1,4 K_1^3 - 36 K_1^2 - 30 K_1 K_2 + 12 K_1 - 8 K_2^2 + 18 K_2 + 14 K_3 + 4 K_4 + 23,O1O2O3O4U5U6O7U1O8O6U8U4U7U3O5U2,O1O2O3O4U5U4O6U2O5O7U3U1U8U6O8U7,O1O2O3O4U5O6U7U6U4U2O5O8U3O7U1U8,c,{'O1O2O3O4U3O5U2U6U1U7O8O7U4O6U8U5'},1,"<a href=""/flatknot/8.733634"">8.733634</a>",t^9-53t^7-172t^6-41t^5+350t^4+284t^3-44t^2-96t-26,-t^3+3t,,
8.733635,O1O2O3O4U3O5U2U6U1U7O8O7U5O6U4U8,4,15z^2+92z+125,15w^3z^2+92w^2z+125w,False,False,"[[ 0 -1 -2 -1  2  2 -1  1  0],[ 1  0  0  0  3  2  0  1  1],[ 2  0  0  0  3  1  1  2  2],[ 1  0  0  0  1  0  1  1  1],[-2 -3 -3 -1  0  1 -3 -2  0],[-2 -2 -1  0 -1  0 -2 -2 -1],[ 1  0 -1 -1  3  2  0  2  1],[-1 -1 -2 -1  2  2 -2  0  0],[ 0 -1 -2 -1  0  1 -1  0  0]]","[[ 0  2  2  1  0 -1 -1 -1 -2],[-2  0  1 -2  0 -1 -3 -3 -3],[-2 -1  0 -2 -1  0 -2 -2 -1],[-1  2  2  0  0 -1 -1 -2 -2],[ 0  0  1  0  0 -1 -1 -1 -2],[ 1  1  0  1  1  0  0  1  0],[ 1  3  2  1  1  0  0  0  0],[ 1  3  2  2  1 -1  0  0 -1],[ 2  3  1  2  2  0  0  1  0]]",True,"[-2,-2,-1,0,1,1,1,2,-1,2,0,1,3,3,3,2,1,0,2,2,1,0,1,1,2,2,1,1,1,2,0,-1,0,0,0,1]","[-2,-2,-1,0,1,1,1,2,-1,-1,1,1,1,3,3,-1,2,0,0,2,1,1,0,1,1,1,0,0,0,0,0,-1,0,0,1,1]",t^8+66t^6+207t^4+44t^2+1,"[-2,-1,-1,-1,0,1,2,2,0,1,1,0,1,1,3,0,1,0,0,0,1,0,0,1,0,1,0,1,2,3,1,2,1,-1,-1,-1]","[-2,-2,-1,0,1,1,1,2,-1,-1,1,1,1,3,3,-1,2,0,0,2,1,1,0,1,1,1,0,0,0,0,0,-1,0,0,1,1]","[-2,-1,-1,-1,0,1,2,2,0,0,1,2,2,1,3,0,0,1,1,2,3,1,1,1,0,1,1,2,2,3,0,1,0,2,2,-1]",c,"[[{8, 1}, {2, 7}, {3, 6}, {4, 5}], [{8, 1}, {2, 7}, {4, 6}, {3, 5}], [{8, 1}, {2, 7}, {5, 6}, {3, 4}], [{8, 1}, {3, 7}, {2, 6}, {4, 5}], [{8, 1}, {3, 7}, {4, 6}, {2, 5}], [{8, 1}, {3, 7}, {5, 6}, {2, 4}], [{8, 1}, {3, 7}, {6}, {2, 5}, {4}], [{8, 1}, {4, 7}, {2, 6}, {3, 5}], [{8, 1}, {4, 7}, {3, 6}, {2, 5}], [{8, 1}, {4, 7}, {5, 6}, {2, 3}], [{8, 1}, {4, 7}, {5, 6}, {3}, {2}], [{8, 1}, {5, 7}, {2, 6}, {3, 4}], [{8, 1}, {5, 7}, {3, 6}, {2, 4}], [{8, 1}, {5, 7}, {4, 6}, {2, 3}], [{8, 1}, {6, 7}, {2, 5}, {3, 4}], [{8, 1}, {6, 7}, {3, 5}, {2, 4}], [{8, 1}, {6, 7}, {4, 5}, {2, 3}], [{8, 2}, {1, 7}, {3, 6}, {4, 5}], [{8, 2}, {1, 7}, {4, 6}, {3, 5}], [{8, 2}, {1, 7}, {5, 6}, {3, 4}], [{8, 2}, {3, 7}, {1, 6}, {4, 5}], [{8, 2}, {3, 7}, {4, 6}, {1, 5}], [{8, 2}, {3, 7}, {5, 6}, {1, 4}], [{8, 2}, {4, 7}, {1, 6}, {3, 5}], [{8, 2}, {4, 7}, {3, 6}, {1, 5}], [{8, 2}, {4, 7}, {5, 6}, {1, 3}], [{8, 2}, {4, 7}, {5, 6}, {3}, {1}], [{8, 2}, {5, 7}, {1, 6}, {3, 4}], [{8, 2}, {5, 7}, {3, 6}, {1, 4}], [{8, 2}, {5, 7}, {4, 6}, {1, 3}], [{8, 2}, {6, 7}, {1, 5}, {3, 4}], [{8, 2}, {6, 7}, {3, 5}, {1, 4}], [{8, 2}, {6, 7}, {4, 5}, {1, 3}], [{8, 2}, {6, 7}, {5}, {4}, {1, 3}], [{8, 2}, {7}, {4, 6}, {3, 5}, {1}], [{8, 3}, {1, 7}, {2, 6}, {4, 5}], [{8, 3}, {1, 7}, {4, 6}, {2, 5}], [{8, 3}, {1, 7}, {5, 6}, {2, 4}], [{8, 3}, {2, 7}, {1, 6}, {4, 5}], [{8, 3}, {2, 7}, {4, 6}, {1, 5}], [{8, 3}, {2, 7}, {5, 6}, {1, 4}], [{8, 3}, {2, 7}, {6}, {1, 5}, {4}], [{8, 3}, {4, 7}, {1, 6}, {2, 5}], [{8, 3}, {4, 7}, {2, 6}, {1, 5}], [{8, 3}, {4, 7}, {5, 6}, {1, 2}], [{8, 3}, {5, 7}, {1, 6}, {2, 4}], [{8, 3}, {5, 7}, {1, 6}, {4}, {2}], [{8, 3}, {5, 7}, {2, 6}, {1, 4}], [{8, 3}, {5, 7}, {2, 6}, {4}, {1}], [{8, 3}, {5, 7}, {4, 6}, {1, 2}], [{8, 3}, {5, 7}, {6}, {4}, {1, 2}], [{8, 3}, {6, 7}, {1, 5}, {2, 4}], [{8, 3}, {6, 7}, {2, 5}, {1, 4}], [{8, 3}, {6, 7}, {4, 5}, {1, 2}], [{8, 4}, {1, 7}, {2, 6}, {3, 5}], [{8, 4}, {1, 7}, {2, 6}, {5}, {3}], [{8, 4}, {1, 7}, {3, 6}, {2, 5}], [{8, 4}, {1, 7}, {5, 6}, {2, 3}], [{8, 4}, {2, 7}, {1, 6}, {3, 5}], [{8, 4}, {2, 7}, {3, 6}, {1, 5}], [{8, 4}, {2, 7}, {5, 6}, {1, 3}], [{8, 4}, {3, 7}, {1, 6}, {2, 5}], [{8, 4}, {3, 7}, {2, 6}, {1, 5}], [{8, 4}, {3, 7}, {5, 6}, {1, 2}], [{8, 4}, {5, 7}, {1, 6}, {2, 3}], [{8, 4}, {5, 7}, {2, 6}, {1, 3}], [{8, 4}, {5, 7}, {3, 6}, {1, 2}], [{8, 4}, {6, 7}, {1, 5}, {2, 3}], [{8, 4}, {6, 7}, {2, 5}, {1, 3}], [{8, 4}, {6, 7}, {3, 5}, {1, 2}], [{8, 5}, {1, 7}, {2, 6}, {3, 4}], [{8, 5}, {1, 7}, {3, 6}, {2, 4}], [{8, 5}, {1, 7}, {4, 6}, {2, 3}], [{8, 5}, {2, 7}, {1, 6}, {3, 4}], [{8, 5}, {2, 7}, {3, 6}, {1, 4}], [{8, 5}, {2, 7}, {3, 6}, {4}, {1}], [{8, 5}, {2, 7}, {4, 6}, {1, 3}], [{8, 5}, {2, 7}, {4, 6}, {3}, {1}], [{8, 5}, {2, 7}, {6}, {3, 4}, {1}], [{8, 5}, {3, 7}, {1, 6}, {2, 4}], [{8, 5}, {3, 7}, {1, 6}, {4}, {2}], [{8, 5}, {3, 7}, {2, 6}, {1, 4}], [{8, 5}, {3, 7}, {2, 6}, {4}, {1}], [{8, 5}, {3, 7}, {4, 6}, {1, 2}], [{8, 5}, {3, 7}, {6}, {4}, {1, 2}], [{8, 5}, {4, 7}, {1, 6}, {2, 3}], [{8, 5}, {4, 7}, {2, 6}, {1, 3}], [{8, 5}, {4, 7}, {3, 6}, {1, 2}], [{8, 5}, {6, 7}, {1, 4}, {2, 3}], [{8, 5}, {6, 7}, {2, 4}, {1, 3}], [{8, 5}, {6, 7}, {2, 4}, {3}, {1}], [{8, 5}, {6, 7}, {3, 4}, {1, 2}], [{8, 5}, {6, 7}, {4}, {1, 3}, {2}], [{8, 5}, {7}, {6}, {1, 4}, {2, 3}], [{8, 5}, {7}, {6}, {2, 4}, {1, 3}], [{8, 6}, {1, 7}, {2, 5}, {3, 4}], [{8, 6}, {1, 7}, {3, 5}, {2, 4}], [{8, 6}, {1, 7}, {3, 5}, {4}, {2}], [{8, 6}, {1, 7}, {4, 5}, {2, 3}], [{8, 6}, {2, 7}, {1, 5}, {3, 4}], [{8, 6}, {2, 7}, {3, 5}, {1, 4}], [{8, 6}, {2, 7}, {4, 5}, {1, 3}], [{8, 6}, {2, 7}, {5}, {3, 4}, {1}], [{8, 6}, {3, 7}, {1, 5}, {2, 4}], [{8, 6}, {3, 7}, {2, 5}, {1, 4}], [{8, 6}, {3, 7}, {4, 5}, {1, 2}], [{8, 6}, {4, 7}, {1, 5}, {2, 3}], [{8, 6}, {4, 7}, {1, 5}, {3}, {2}], [{8, 6}, {4, 7}, {2, 5}, {1, 3}], [{8, 6}, {4, 7}, {3, 5}, {1, 2}], [{8, 6}, {5, 7}, {1, 4}, {2, 3}], [{8, 6}, {5, 7}, {2, 4}, {1, 3}], [{8, 6}, {5, 7}, {3, 4}, {1, 2}], [{8, 6}, {5, 7}, {3, 4}, {2}, {1}], [{8, 6}, {7}, {2, 5}, {1, 4}, {3}], [{8, 6}, {7}, {2, 5}, {3, 4}, {1}], [{8, 6}, {7}, {2, 5}, {4}, {1, 3}], [{8, 6}, {7}, {3, 5}, {2, 4}, {1}], [{8, 7}, {1, 6}, {2, 5}, {3, 4}], [{8, 7}, {1, 6}, {3, 5}, {2, 4}], [{8, 7}, {1, 6}, {3, 5}, {4}, {2}], [{8, 7}, {1, 6}, {4, 5}, {2, 3}], [{8, 7}, {2, 6}, {1, 5}, {3, 4}], [{8, 7}, {2, 6}, {3, 5}, {1, 4}], [{8, 7}, {2, 6}, {3, 5}, {4}, {1}], [{8, 7}, {2, 6}, {4, 5}, {1, 3}], [{8, 7}, {3, 6}, {1, 5}, {2, 4}], [{8, 7}, {3, 6}, {2, 5}, {1, 4}], [{8, 7}, {3, 6}, {4, 5}, {1, 2}], [{8, 7}, {4, 6}, {1, 5}, {2, 3}], [{8, 7}, {4, 6}, {2, 5}, {1, 3}], [{8, 7}, {4, 6}, {3, 5}, {1, 2}], [{8, 7}, {5, 6}, {1, 4}, {2, 3}], [{8, 7}, {5, 6}, {2, 4}, {1, 3}], [{8, 7}, {5, 6}, {3, 4}, {1, 2}], [{8, 7}, {6}, {1, 5}, {2, 4}, {3}], [{8, 7}, {6}, {2, 5}, {1, 4}, {3}], [{8, 7}, {6}, {2, 5}, {3, 4}, {1}], [{8, 7}, {6}, {2, 5}, {4}, {1, 3}], [{8, 7}, {6}, {3, 5}, {4}, {1, 2}], [{8}, {1, 7}, {3, 6}, {5}, {2, 4}], [{8}, {1, 7}, {5, 6}, {2, 4}, {3}], [{8}, {1, 7}, {6}, {3, 5}, {2, 4}], [{8}, {2, 7}, {5, 6}, {3, 4}, {1}], [{8}, {2, 7}, {6}, {3, 5}, {1, 4}], [{8}, {4, 7}, {5, 6}, {3}, {1, 2}], [{8}, {5, 7}, {3, 6}, {1, 4}, {2}], [{8}, {5, 7}, {4, 6}, {1, 3}, {2}], [{8}, {6, 7}, {2, 5}, {1, 4}, {3}], [{8}, {6, 7}, {2, 5}, {3, 4}, {1}], [{8}, {6, 7}, {2, 5}, {4}, {1, 3}]]",2,16 K_1^3 - 30 K_1^2 - 20 K_1 K_2 - 2 K_1 + 15 K_2 + 6 K_3 + 16,O1O2O3O4U5U1O6U7O8O5U8U4U6U3O7U2,O1O2O3O4U5U4O6U2O7O5U3U1U8U7O8U6,O1O2O3O4U5O6U7U6U4U2O8O7U3O5U1U8,c,{'O1O2O3O4U3O5U2U6U1U7O8O7U5O6U4U8'},1,"<a href=""/flatknot/8.733635"">8.733635</a>",t^9-64t^7-174t^6+60t^5+190t^4-155t^3-26t^2+48t,-t^2+2t,,
8.733636,O1O2O3O4U3O5U2U6U1U7O8O7U5O6U8U4,4,15z^2+100z+141,15w^3z^2+100w^2z+141w,False,False,"[[ 0 -1 -2 -1  3  2 -1  1 -1],[ 1  0  0  0  3  2  0  1  0],[ 2  0  0  0  3  1  1  2  1],[ 1  0  0  0  1  0  1  1  0],[-3 -3 -3 -1  0  0 -3 -2 -1],[-2 -2 -1  0  0  0 -2 -2 -1],[ 1  0 -1 -1  3  2  0  2  0],[-1 -1 -2 -1  2  2 -2  0 -1],[ 1  0 -1  0  1  1  0  1  0]]","[[ 0  3  2 -1 -1 -1 -2],[-3  0  0 -1 -3 -3 -3],[-2  0  0 -1 -2 -2 -1],[ 1  1  1  0  0  0 -1],[ 1  3  2  0  0  0  0],[ 1  3  2  0  0  0 -1],[ 2  3  1  1  0  1  0]]",False,"[-3,-2,1,1,1,2,0,1,3,3,3,1,2,2,1,0,0,1,0,0,1]","[-3,-2,1,1,1,2,0,1,3,3,3,1,2,2,1,0,0,1,0,0,1]",t^6+40t^4+55t^2+1,"[-2,-1,-1,-1,2,3,0,0,1,3,2,0,0,1,1,0,2,3,1,1,1]","[-3,-2,1,1,1,2,1,1,1,3,2,1,1,2,3,0,0,0,0,1,0]","[-2,-1,-1,-1,2,3,0,1,1,1,3,0,0,2,3,0,1,1,2,3,0]",c,"[[{8, 1}, {3, 7}, {4, 6}, {2, 5}], [{8, 4}, {3, 7}, {1, 6}, {2, 5}], [{8, 6}, {3, 7}, {2, 5}, {1, 4}]]",1,20 K_1^3 + 4 K_1^2 K_2 - 28 K_1^2 - 34 K_1 K_2 - 8 K_1 K_3 + 2 K_1 + 16 K_2 + 12 K_3 + 3 K_4 + 14,O1O2O3O4U1U5O6U7O8O5U8U4U6U3O7U2,O1O2O3O4U5U4O6U2O5O7U3U1U8U7O8U6,O1O2O3O4U5O6U7U6U4U2O7O8U3O5U1U8,c,{'O1O2O3O4U3O5U2U6U1U7O8O7U5O6U8U4'},1,"<a href=""/flatknot/8.733636"">8.733636</a>",t^7-34t^5-38t^4+69t^3+36t^2-23t,-t^3+3t,,
8.733637,O1O2O3O4U3O5U2U6U4U1O7O8U5O6U7U8,4,z^3+24z^2+98z+109,w^4z^3+24w^3z^2+98w^2z+109w,False,False,"[[ 0  0 -2 -1  2  2 -1 -1  1],[ 0  0 -1 -1  2  3 -2  0  0],[ 2  1  0  0  2  2  0  1  1],[ 1  1  0  0  1  1  0  0  0],[-2 -2 -2 -1  0  1 -3  0  0],[-2 -3 -2 -1 -1  0 -2  0  1],[ 1  2  0  0  3  2  0 -1  0],[ 1  0 -1  0  0  0  1  0  1],[-1  0 -1  0  0 -1  0 -1  0]]","[[ 0  2  2  1  0 -1 -1 -1 -2],[-2  0  1  0 -2  0 -1 -3 -2],[-2 -1  0  1 -3  0 -1 -2 -2],[-1  0 -1  0  0 -1  0  0 -1],[ 0  2  3  0  0  0 -1 -2 -1],[ 1  0  0  1  0  0  0  1 -1],[ 1  1  1  0  1  0  0  0  0],[ 1  3  2  0  2 -1  0  0  0],[ 2  2  2  1  1  1  0  0  0]]",True,"[-2,-2,-1,0,1,1,1,2,-1,0,2,0,1,3,2,-1,3,0,1,2,2,0,1,0,0,1,0,1,2,1,0,-1,1,0,0,0]","[-2,-2,-1,0,1,1,1,2,-1,0,2,0,1,3,2,-1,3,0,1,2,2,0,1,0,0,1,0,1,2,1,0,-1,1,0,0,0]",t^8+48t^6+221t^4+81t^2+1,"[-2,-1,-1,-1,0,1,2,2,0,1,1,1,2,2,2,-1,0,1,1,3,3,0,-1,2,0,1,0,2,2,2,1,0,-1,1,2,-1]","[-2,-2,-1,0,1,1,1,2,-1,2,-1,1,2,3,2,1,0,0,2,3,2,1,2,2,1,2,-1,0,1,1,0,-1,1,0,1,0]","[-2,-1,-1,-1,0,1,2,2,0,0,1,1,1,2,2,0,-1,2,0,2,3,0,1,0,1,1,0,1,0,0,0,3,2,-1,0,-1]",c,"[[{8, 1}, {3, 7}, {5, 6}, {2, 4}], [{8, 3}, {1, 7}, {5, 6}, {2, 4}], [{8, 3}, {5, 7}, {1, 6}, {2, 4}], [{8, 3}, {6, 7}, {1, 5}, {2, 4}], [{8, 3}, {6, 7}, {1, 5}, {4}, {2}]]",1,24 K_1^3 + 8 K_1^2 K_2 - 32 K_1^2 - 32 K_1 K_2 - 6 K_1 K_3 - 2 K_1 - 2 K_2^2 + 15 K_2 + 10 K_3 + 2 K_4 + 16,O1O2O3O4U5U6O7U8O5O6U4U1U7U3O8U2,O1O2O3O4U5U6O7U2O5O6U4U1U8U3O8U7,O1O2O3O4U5O6U2U6U4U1O7O8U3O5U7U8,c,{'O1O2O3O4U3O5U2U6U4U1O7O8U5O6U7U8'},1,"<a href=""/flatknot/8.733637"">8.733637</a>",t^9-46t^7-112t^6+150t^5+558t^4+199t^3-302t^2-14t+46,-t^2+2t,,
8.733638,O1O2O3O4U3O5U2U6U4U1O7O8U7O6U5U8,4,17z^2+102z+137,17w^3z^2+102w^2z+137w,False,False,"[[ 0  0 -2 -1  2  2 -1 -1  1],[ 0  0 -1 -1  2  2 -1  0  0],[ 2  1  0  0  2  2  1  0  1],[ 1  1  0  0  1  1  0  0  0],[-2 -2 -2 -1  0  0 -2  0  0],[-2 -2 -2 -1  0  0 -2  0  1],[ 1  1 -1  0  2  2  0 -1  0],[ 1  0  0  0  0  0  1  0  1],[-1  0 -1  0  0 -1  0 -1  0]]","[[ 0  2  2  1  0 -1 -1 -1 -2],[-2  0  0  1 -2  0 -1 -2 -2],[-2  0  0  0 -2  0 -1 -2 -2],[-1 -1  0  0  0 -1  0  0 -1],[ 0  2  2  0  0  0 -1 -1 -1],[ 1  0  0  1  0  0  0  1  0],[ 1  1  1  0  1  0  0  0  0],[ 1  2  2  0  1 -1  0  0 -1],[ 2  2  2  1  1  0  0  1  0]]",True,"[-2,-2,-1,0,1,1,1,2,0,-1,2,0,1,2,2,0,2,0,1,2,2,0,1,0,0,1,0,1,1,1,0,-1,0,0,0,1]","[-2,-2,-1,0,1,1,1,2,0,-1,2,0,1,2,2,0,2,0,1,2,2,0,1,0,0,1,0,1,1,1,0,-1,0,0,0,1]",t^8+34t^6+114t^4+31t^2+1,"[-2,-1,-1,-1,0,1,2,2,0,1,1,1,2,2,2,0,1,0,2,1,1,0,0,2,2,2,1,1,3,3,1,0,0,1,2,0]","[-2,-2,-1,0,1,1,1,2,0,1,0,1,2,3,2,2,0,1,2,3,2,1,2,2,1,2,0,0,1,1,0,-1,0,0,1,1]","[-2,-1,-1,-1,0,1,2,2,0,0,1,1,1,2,2,0,0,1,0,1,1,1,0,1,0,0,1,0,2,2,0,2,2,-1,0,0]",c,"[[{8, 3}, {1, 7}, {5, 6}, {2, 4}], [{8, 3}, {1, 7}, {6}, {5}, {2, 4}], [{8, 3}, {5, 7}, {1, 6}, {2, 4}], [{8, 3}, {6, 7}, {1, 5}, {2, 4}], [{8, 5}, {1, 7}, {3, 6}, {2, 4}], [{8, 6}, {1, 7}, {3, 5}, {2, 4}], [{8, 6}, {3, 7}, {1, 5}, {2, 4}], [{8, 6}, {5, 7}, {2, 4}, {1, 3}], [{8}, {1, 7}, {5, 6}, {2, 4}, {3}]]",1,- 18 K_1^2 - 8 K_1 K_2 + 4 K_1 + 9 K_2 + 4 K_3 + 10,O1O2O3O4U5U6O7U8O5O8U4U1U7U3O6U2,O1O2O3O4U5U6O5U2O7O6U4U1U8U3O8U7,O1O2O3O4U5O6U2U6U4U1O7O5U3O8U7U8,c,{'O1O2O3O4U3O5U2U6U4U1O7O8U7O6U5U8'},1,"<a href=""/flatknot/8.733638"">8.733638</a>",t^9-32t^7-64t^6+87t^5+170t^4-64t^3-28t^2+11t,-t^2+2t,,
8.733639,O1O2O3O4U3O5U2U6U4U1O7O8U7O6U8U5,4,8z^2+93z+155,8w^3z^2+93w^2z+155w,False,False,"[[ 0  0 -2 -1  2  3 -1 -1  0],[ 0  0 -1 -1  2  2 -1  0 -1],[ 2  1  0  0  2  2  1  0  0],[ 1  1  0  0  1  1  0  0  0],[-2 -2 -2 -1  0  0 -2  0 -1],[-3 -2 -2 -1  0  0 -2 -1  0],[ 1  1 -1  0  2  2  0 -1 -1],[ 1  0  0  0  0  1  1  0  1],[ 0  1  0  0  1  0  1 -1  0]]","[[ 0  3  2  0  0 -1 -1 -1 -2],[-3  0  0  0 -2 -1 -1 -2 -2],[-2  0  0 -1 -2  0 -1 -2 -2],[ 0  0  1  0  1 -1  0  1  0],[ 0  2  2 -1  0  0 -1 -1 -1],[ 1  1  0  1  0  0  0  1  0],[ 1  1  1  0  1  0  0  0  0],[ 1  2  2 -1  1 -1  0  0 -1],[ 2  2  2  0  1  0  0  1  0]]",True,"[-3,-2,0,0,1,1,1,2,0,0,2,1,1,2,2,1,2,0,1,2,2,-1,1,0,-1,0,0,1,1,1,0,-1,0,0,0,1]","[-3,-2,0,0,1,1,1,2,0,0,2,1,1,2,2,1,2,0,1,2,2,-1,1,0,-1,0,0,1,1,1,0,-1,0,0,0,1]",t^8+36t^6+117t^4+59t^2+4,"[-2,-1,-1,-1,0,0,2,3,0,1,1,1,2,2,3,0,1,0,2,1,2,0,0,1,2,3,1,0,3,3,1,0,1,1,3,1]","[-3,-2,0,0,1,1,1,2,1,1,3,2,3,3,3,0,1,1,2,3,2,-1,0,0,1,1,2,1,0,2,0,-1,0,0,1,1]","[-2,-1,-1,-1,0,0,2,3,0,0,1,0,1,2,2,0,0,0,1,1,1,1,1,0,0,1,-1,1,2,2,1,1,0,2,2,0]",c,"[[{8, 4}, {3, 7}, {5, 6}, {1, 2}], [{8, 4}, {3, 7}, {5, 6}, {2}, {1}]]",1,- 34 K_1^2 - 18 K_1 K_2 - 2 K_1 K_3 + 9 K_1 - 2 K_2^2 + 18 K_2 + 9 K_3 + 2 K_4 + 19,O1O2O3O4U5U6O7U8O6O8U4U1U7U3O5U2,O1O2O3O4U5U6O5U2O6O7U4U1U8U3O8U7,O1O2O3O4U5O6U2U6U4U1O5O7U3O8U7U8,c,{'O1O2O3O4U3O5U2U6U4U1O7O8U7O6U8U5'},1,"<a href=""/flatknot/8.733639"">8.733639</a>",t^9-30t^7-80t^6+31t^5+178t^4-82t^3-118t^2+122t-18,-t^3+3t,,
8.733640,O1O2O3O4U3O5U2U6U4U7O8O7U5O6U1U8,4,2z^3+29z^2+100z+101,2w^4z^3+29w^3z^2+100w^2z+101w,False,False,"[[ 0 -1 -2 -1  2  2 -1  1  0],[ 1  0 -2 -1  2  3 -1  1  0],[ 2  2  0  0  2  2  0  2  1],[ 1  1  0  0  1  1  0  1  0],[-2 -2 -2 -1  0  1 -3 -2  0],[-2 -3 -2 -1 -1  0 -2 -2 -1],[ 1  1  0  0  3  2  0  2  1],[-1 -1 -2 -1  2  2 -2  0  0],[ 0  0 -1  0  0  1 -1  0  0]]","[[ 0  2  2  1  0 -1 -1 -1 -2],[-2  0  1 -2  0 -1 -2 -3 -2],[-2 -1  0 -2 -1 -1 -3 -2 -2],[-1  2  2  0  0 -1 -1 -2 -2],[ 0  0  1  0  0  0  0 -1 -1],[ 1  1  1  1  0  0  1  0  0],[ 1  2  3  1  0 -1  0 -1 -2],[ 1  3  2  2  1  0  1  0  0],[ 2  2  2  2  1  0  2  0  0]]",True,"[-2,-2,-1,0,1,1,1,2,-1,2,0,1,2,3,2,2,1,1,3,2,2,0,1,1,2,2,0,0,1,1,-1,0,0,1,2,0]","[-2,-2,-1,0,1,1,1,2,-1,-1,1,0,1,2,2,-1,2,1,0,2,2,1,1,0,1,1,1,0,1,1,-1,-1,-1,0,1,1]",t^8+64t^6+130t^4+28t^2+1,"[-2,-1,-1,-1,0,1,2,2,-1,1,1,1,1,2,2,1,1,1,1,0,1,0,0,0,1,0,1,1,2,2,1,1,2,-1,-1,1]","[-2,-2,-1,0,1,1,1,2,-1,-1,1,0,1,2,2,-1,2,1,0,2,2,1,1,0,1,1,1,0,1,1,-1,-1,-1,0,1,1]","[-2,-1,-1,-1,0,1,2,2,0,0,2,1,2,2,2,0,1,0,1,1,1,1,1,2,2,3,0,1,3,2,0,1,0,2,2,-1]",c,"[[{8, 3}, {1, 7}, {5, 6}, {2, 4}], [{8, 5}, {1, 7}, {3, 6}, {2, 4}], [{8, 6}, {1, 7}, {3, 5}, {2, 4}]]",1,8 K_1^3 + 8 K_1^2 K_2 - 20 K_1^2 - 16 K_1 K_2 - 6 K_1 K_3 + 2 K_1 - 2 K_2^2 + 9 K_2 + 6 K_3 + 2 K_4 + 10,O1O2O3O4U5U4O6U7O8O5U8U1U6U3O7U2,O1O2O3O4U5U4O6U2O7O5U7U1U8U3O8U6,O1O2O3O4U5O6U2U6U4U7O8O7U3O5U1U8,c,{'O1O2O3O4U3O5U2U6U4U7O8O7U5O6U1U8'},1,"<a href=""/flatknot/8.733640"">8.733640</a>",t^9-62t^7-226t^6-95t^5+380t^4+248t^3-116t^2-60t-6,-t^2+2t,,
8.733641,O1O2O3O4U3O5U2U6U7U1O7O8U4O6U5U8,4,z^3+18z^2+100z+137,w^4z^3+18w^3z^2+100w^2z+137w,False,False,"[[ 0  0 -2 -1  2  2 -1 -1  1],[ 0  0  0  0  2  1  0  0  1],[ 2  0  0  0  2  2  1  2  2],[ 1  0  0  0  1  1  0  1  1],[-2 -2 -2 -1  0  0 -2 -2  1],[-2 -1 -2 -1  0  0 -2 -2  0],[ 1  0 -1  0  2  2  0  0  1],[ 1  0 -2 -1  2  2  0  0  1],[-1 -1 -2 -1 -1  0 -1 -1  0]]","[[ 0  2  2  1  0 -1 -1 -1 -2],[-2  0  0  1 -2 -1 -2 -2 -2],[-2  0  0  0 -1 -1 -2 -2 -2],[-1 -1  0  0 -1 -1 -1 -1 -2],[ 0  2  1  1  0  0  0  0  0],[ 1  1  1  1  0  0  1  0  0],[ 1  2  2  1  0 -1  0  0 -2],[ 1  2  2  1  0  0  0  0 -1],[ 2  2  2  2  0  0  2  1  0]]",True,"[-2,-2,-1,0,1,1,1,2,0,-1,2,1,2,2,2,0,1,1,2,2,2,1,1,1,1,2,0,0,0,0,-1,0,0,0,2,1]","[-2,-2,-1,0,1,1,1,2,0,-1,2,1,2,2,2,0,1,1,2,2,2,1,1,1,1,2,0,0,0,0,-1,0,0,0,2,1]",t^8+46t^6+132t^4+34t^2,"[-2,-1,-1,-1,0,1,2,2,-1,0,1,2,1,2,2,0,1,1,1,1,1,0,1,1,1,1,1,1,2,2,0,0,1,2,1,0]","[-2,-2,-1,0,1,1,1,2,0,1,1,1,1,2,2,2,0,1,1,2,2,0,1,1,1,1,1,1,1,2,0,-1,-1,0,0,1]","[-2,-1,-1,-1,0,1,2,2,0,1,2,0,2,2,2,0,1,0,1,1,1,0,0,1,2,2,0,1,2,2,1,1,2,0,-1,0]",c,"[[{8, 1}, {2, 7}, {3, 6}, {4, 5}], [{8, 1}, {2, 7}, {3, 6}, {5}, {4}], [{8, 1}, {2, 7}, {4, 6}, {3, 5}], [{8, 1}, {2, 7}, {5, 6}, {3, 4}], [{8, 1}, {3, 7}, {2, 6}, {4, 5}], [{8, 1}, {3, 7}, {2, 6}, {5}, {4}], [{8, 1}, {3, 7}, {4, 6}, {2, 5}], [{8, 1}, {3, 7}, {5, 6}, {2, 4}], [{8, 1}, {4, 7}, {2, 6}, {3, 5}], [{8, 1}, {4, 7}, {3, 6}, {2, 5}], [{8, 1}, {4, 7}, {5, 6}, {2, 3}], [{8, 1}, {4, 7}, {6}, {2, 5}, {3}], [{8, 1}, {5, 7}, {2, 6}, {3, 4}], [{8, 1}, {5, 7}, {3, 6}, {2, 4}], [{8, 1}, {5, 7}, {4, 6}, {2, 3}], [{8, 1}, {5, 7}, {6}, {2, 4}, {3}], [{8, 1}, {6, 7}, {2, 5}, {3, 4}], [{8, 1}, {6, 7}, {2, 5}, {4}, {3}], [{8, 1}, {6, 7}, {3, 5}, {2, 4}], [{8, 1}, {6, 7}, {3, 5}, {4}, {2}], [{8, 1}, {6, 7}, {4, 5}, {2, 3}], [{8, 1}, {6, 7}, {4, 5}, {3}, {2}], [{8, 1}, {6, 7}, {5}, {2, 4}, {3}], [{8, 1}, {6, 7}, {5}, {3, 4}, {2}], [{8, 1}, {6, 7}, {5}, {4}, {2, 3}], [{8, 1}, {6, 7}, {5}, {4}, {3}, {2}], [{8, 1}, {7}, {4, 6}, {2, 5}, {3}], [{8, 1}, {7}, {5, 6}, {2, 4}, {3}], [{8, 2}, {1, 7}, {3, 6}, {4, 5}], [{8, 2}, {1, 7}, {3, 6}, {5}, {4}], [{8, 2}, {1, 7}, {4, 6}, {3, 5}], [{8, 2}, {1, 7}, {5, 6}, {3, 4}], [{8, 2}, {3, 7}, {1, 6}, {4, 5}], [{8, 2}, {3, 7}, {4, 6}, {1, 5}], [{8, 2}, {3, 7}, {5, 6}, {1, 4}], [{8, 2}, {3, 7}, {6}, {1, 5}, {4}], [{8, 2}, {4, 7}, {1, 6}, {3, 5}], [{8, 2}, {4, 7}, {1, 6}, {5}, {3}], [{8, 2}, {4, 7}, {3, 6}, {1, 5}], [{8, 2}, {4, 7}, {3, 6}, {5}, {1}], [{8, 2}, {4, 7}, {5, 6}, {1, 3}], [{8, 2}, {4, 7}, {6}, {5}, {1, 3}], [{8, 2}, {5, 7}, {1, 6}, {3, 4}], [{8, 2}, {5, 7}, {3, 6}, {1, 4}], [{8, 2}, {5, 7}, {4, 6}, {1, 3}], [{8, 2}, {5, 7}, {4, 6}, {3}, {1}], [{8, 2}, {6, 7}, {1, 5}, {3, 4}], [{8, 2}, {6, 7}, {3, 5}, {1, 4}], [{8, 2}, {6, 7}, {3, 5}, {4}, {1}], [{8, 2}, {6, 7}, {4, 5}, {1, 3}], [{8, 2}, {7}, {3, 6}, {5}, {1, 4}], [{8, 2}, {7}, {5, 6}, {1, 4}, {3}], [{8, 2}, {7}, {6}, {3, 5}, {1, 4}], [{8, 3}, {1, 7}, {2, 6}, {4, 5}], [{8, 3}, {1, 7}, {4, 6}, {2, 5}], [{8, 3}, {1, 7}, {5, 6}, {2, 4}], [{8, 3}, {1, 7}, {5, 6}, {4}, {2}], [{8, 3}, {2, 7}, {1, 6}, {4, 5}], [{8, 3}, {2, 7}, {4, 6}, {1, 5}], [{8, 3}, {2, 7}, {5, 6}, {1, 4}], [{8, 3}, {2, 7}, {5, 6}, {4}, {1}], [{8, 3}, {4, 7}, {1, 6}, {2, 5}], [{8, 3}, {4, 7}, {2, 6}, {1, 5}], [{8, 3}, {4, 7}, {5, 6}, {1, 2}], [{8, 3}, {4, 7}, {6}, {2, 5}, {1}], [{8, 3}, {5, 7}, {1, 6}, {2, 4}], [{8, 3}, {5, 7}, {1, 6}, {4}, {2}], [{8, 3}, {5, 7}, {2, 6}, {1, 4}], [{8, 3}, {5, 7}, {4, 6}, {1, 2}], [{8, 3}, {6, 7}, {1, 5}, {2, 4}], [{8, 3}, {6, 7}, {2, 5}, {1, 4}], [{8, 3}, {6, 7}, {2, 5}, {4}, {1}], [{8, 3}, {6, 7}, {4, 5}, {1, 2}], [{8, 3}, {7}, {4, 6}, {2, 5}, {1}], [{8, 3}, {7}, {5, 6}, {4}, {1, 2}], [{8, 3}, {7}, {6}, {1, 5}, {2, 4}], [{8, 4}, {1, 7}, {2, 6}, {3, 5}], [{8, 4}, {1, 7}, {3, 6}, {2, 5}], [{8, 4}, {1, 7}, {5, 6}, {2, 3}], [{8, 4}, {2, 7}, {1, 6}, {3, 5}], [{8, 4}, {2, 7}, {3, 6}, {1, 5}], [{8, 4}, {2, 7}, {5, 6}, {1, 3}], [{8, 4}, {2, 7}, {6}, {5}, {1, 3}], [{8, 4}, {3, 7}, {1, 6}, {2, 5}], [{8, 4}, {3, 7}, {2, 6}, {1, 5}], [{8, 4}, {3, 7}, {5, 6}, {1, 2}], [{8, 4}, {5, 7}, {1, 6}, {2, 3}], [{8, 4}, {5, 7}, {2, 6}, {1, 3}], [{8, 4}, {5, 7}, {3, 6}, {1, 2}], [{8, 4}, {6, 7}, {1, 5}, {2, 3}], [{8, 4}, {6, 7}, {2, 5}, {1, 3}], [{8, 4}, {6, 7}, {3, 5}, {1, 2}], [{8, 4}, {6, 7}, {5}, {2, 3}, {1}], [{8, 4}, {7}, {1, 6}, {3, 5}, {2}], [{8, 5}, {1, 7}, {2, 6}, {3, 4}], [{8, 5}, {1, 7}, {3, 6}, {2, 4}], [{8, 5}, {1, 7}, {4, 6}, {2, 3}], [{8, 5}, {1, 7}, {4, 6}, {3}, {2}], [{8, 5}, {2, 7}, {1, 6}, {3, 4}], [{8, 5}, {2, 7}, {3, 6}, {1, 4}], [{8, 5}, {2, 7}, {3, 6}, {4}, {1}], [{8, 5}, {2, 7}, {4, 6}, {1, 3}], [{8, 5}, {3, 7}, {1, 6}, {2, 4}], [{8, 5}, {3, 7}, {2, 6}, {1, 4}], [{8, 5}, {3, 7}, {4, 6}, {1, 2}], [{8, 5}, {3, 7}, {6}, {2, 4}, {1}], [{8, 5}, {4, 7}, {1, 6}, {2, 3}], [{8, 5}, {4, 7}, {1, 6}, {3}, {2}], [{8, 5}, {4, 7}, {2, 6}, {1, 3}], [{8, 5}, {4, 7}, {3, 6}, {1, 2}], [{8, 5}, {4, 7}, {3, 6}, {2}, {1}], [{8, 5}, {4, 7}, {6}, {1, 3}, {2}], [{8, 5}, {6, 7}, {1, 4}, {2, 3}], [{8, 5}, {6, 7}, {2, 4}, {1, 3}], [{8, 5}, {6, 7}, {2, 4}, {3}, {1}], [{8, 5}, {6, 7}, {3, 4}, {1, 2}], [{8, 5}, {7}, {3, 6}, {2, 4}, {1}], [{8, 6}, {1, 7}, {2, 5}, {3, 4}], [{8, 6}, {1, 7}, {3, 5}, {2, 4}], [{8, 6}, {1, 7}, {4, 5}, {2, 3}], [{8, 6}, {1, 7}, {5}, {2, 4}, {3}], [{8, 6}, {2, 7}, {1, 5}, {3, 4}], [{8, 6}, {2, 7}, {3, 5}, {1, 4}], [{8, 6}, {2, 7}, {4, 5}, {1, 3}], [{8, 6}, {3, 7}, {1, 5}, {2, 4}], [{8, 6}, {3, 7}, {2, 5}, {1, 4}], [{8, 6}, {3, 7}, {2, 5}, {4}, {1}], [{8, 6}, {3, 7}, {4, 5}, {1, 2}], [{8, 6}, {4, 7}, {1, 5}, {2, 3}], [{8, 6}, {4, 7}, {2, 5}, {1, 3}], [{8, 6}, {4, 7}, {2, 5}, {3}, {1}], [{8, 6}, {4, 7}, {3, 5}, {1, 2}], [{8, 6}, {4, 7}, {5}, {1, 3}, {2}], [{8, 6}, {5, 7}, {1, 4}, {2, 3}], [{8, 6}, {5, 7}, {2, 4}, {1, 3}], [{8, 6}, {5, 7}, {3, 4}, {1, 2}], [{8, 6}, {5, 7}, {4}, {2, 3}, {1}], [{8, 6}, {7}, {2, 5}, {3, 4}, {1}], [{8, 7}, {1, 6}, {2, 5}, {3, 4}], [{8, 7}, {1, 6}, {3, 5}, {2, 4}], [{8, 7}, {1, 6}, {4, 5}, {2, 3}], [{8, 7}, {2, 6}, {1, 5}, {3, 4}], [{8, 7}, {2, 6}, {3, 5}, {1, 4}], [{8, 7}, {2, 6}, {4, 5}, {1, 3}], [{8, 7}, {3, 6}, {1, 5}, {2, 4}], [{8, 7}, {3, 6}, {2, 5}, {1, 4}], [{8, 7}, {3, 6}, {4, 5}, {1, 2}], [{8, 7}, {3, 6}, {5}, {4}, {1, 2}], [{8, 7}, {4, 6}, {1, 5}, {2, 3}], [{8, 7}, {4, 6}, {2, 5}, {1, 3}], [{8, 7}, {4, 6}, {3, 5}, {1, 2}], [{8, 7}, {5, 6}, {1, 4}, {2, 3}], [{8, 7}, {5, 6}, {2, 4}, {1, 3}], [{8, 7}, {5, 6}, {3, 4}, {1, 2}], [{8, 7}, {6}, {5}, {2, 4}, {1, 3}], [{8}, {1, 7}, {2, 6}, {5}, {3, 4}], [{8}, {1, 7}, {6}, {3, 5}, {2, 4}], [{8}, {2, 7}, {1, 6}, {5}, {3, 4}], [{8}, {2, 7}, {3, 6}, {1, 5}, {4}], [{8}, {3, 7}, {2, 6}, {4, 5}, {1}], [{8}, {4, 7}, {1, 6}, {2, 5}, {3}], [{8}, {4, 7}, {2, 6}, {5}, {1, 3}], [{8}, {4, 7}, {3, 6}, {2, 5}, {1}], [{8}, {4, 7}, {5, 6}, {1, 3}, {2}], [{8}, {4, 7}, {6}, {1, 5}, {2, 3}], [{8}, {4, 7}, {6}, {2, 5}, {1, 3}], [{8}, {4, 7}, {6}, {2, 5}, {3}, {1}], [{8}, {4, 7}, {6}, {3, 5}, {1, 2}], [{8}, {4, 7}, {6}, {5}, {1, 3}, {2}], [{8}, {5, 7}, {2, 6}, {1, 4}, {3}], [{8}, {6, 7}, {1, 5}, {2, 4}, {3}], [{8}, {6, 7}, {2, 5}, {4}, {1, 3}], [{8}, {6, 7}, {3, 5}, {4}, {1, 2}], [{8}, {6, 7}, {5}, {1, 4}, {2, 3}], [{8}, {7}, {4, 6}, {2, 5}, {1, 3}], [{8}, {7}, {4, 6}, {3, 5}, {1, 2}]]",2,28 K_1^3 - 46 K_1^2 - 40 K_1 K_2 - K_1 + 23 K_2 + 13 K_3 + 24,O1O2O3O4U5U6O7U1O5O8U4U8U7U3O6U2,O1O2O3O4U3U5O6U2O7O5U4U1U8U6O8U7,O1O2O3O4U5O6U7U6U4U1O8O5U3O7U8U2,c,{'O1O2O3O4U3O5U2U6U7U1O7O8U4O6U5U8'},1,"<a href=""/flatknot/8.733641"">8.733641</a>",t^9-44t^7-102t^6+75t^5+208t^4+30t^3-52t^2-11t,-t^2+2t,,
8.733642,O1O2O3O4U3O5U2U6U7U1O7O8U5O6U4U8,4,z^3+19z^2+93z+119,w^4z^3+19w^3z^2+93w^2z+119w,False,False,"[[ 0  0 -2 -1  2  2 -1 -1  1],[ 0  0  0  0  2  1  0  0  1],[ 2  0  0  0  3  1  1  2  2],[ 1  0  0  0  1  0  1  1  1],[-2 -2 -3 -1  0  1 -3 -2  1],[-2 -1 -1  0 -1  0 -2 -2  0],[ 1  0 -1 -1  3  2  0  0  1],[ 1  0 -2 -1  2  2  0  0  1],[-1 -1 -2 -1 -1  0 -1 -1  0]]","[[ 0  2  2  1  0 -1 -1 -1 -2],[-2  0  1  1 -2 -1 -2 -3 -3],[-2 -1  0  0 -1  0 -2 -2 -1],[-1 -1  0  0 -1 -1 -1 -1 -2],[ 0  2  1  1  0  0  0  0  0],[ 1  1  0  1  0  0  1  1  0],[ 1  2  2  1  0 -1  0  0 -2],[ 1  3  2  1  0 -1  0  0 -1],[ 2  3  1  2  0  0  2  1  0]]",True,"[-2,-2,-1,0,1,1,1,2,-1,-1,2,1,2,3,3,0,1,0,2,2,1,1,1,1,1,2,0,0,0,0,-1,-1,0,0,2,1]","[-2,-2,-1,0,1,1,1,2,-1,-1,2,1,2,3,3,0,1,0,2,2,1,1,1,1,1,2,0,0,0,0,-1,-1,0,0,2,1]",t^8+54t^6+173t^4+39t^2,"[-2,-1,-1,-1,0,1,2,2,-1,0,1,2,1,1,3,0,1,1,1,1,1,1,1,1,0,1,1,1,2,3,0,0,1,2,1,-1]","[-2,-2,-1,0,1,1,1,2,-1,1,1,1,1,3,3,2,0,0,1,2,1,0,1,1,1,1,1,1,1,2,0,-1,0,-1,-1,1]","[-2,-1,-1,-1,0,1,2,2,0,1,2,0,2,1,3,1,1,0,1,0,1,0,0,1,2,3,0,1,2,2,1,1,2,0,-1,-1]",c,"[[{8, 1}, {6, 7}, {3, 5}, {2, 4}]]",1,8 K_1^3 - 26 K_1^2 - 16 K_1 K_2 + 2 K_1 + 13 K_2 + 6 K_3 + 14,O1O2O3O4U5U1O6U7O5O8U4U8U6U3O7U2,O1O2O3O4U3U5O6U2O7O5U4U1U8U7O8U6,O1O2O3O4U5O6U7U6U4U1O8O7U3O5U8U2,c,{'O1O2O3O4U3O5U2U6U7U1O7O8U5O6U4U8'},1,"<a href=""/flatknot/8.733642"">8.733642</a>",t^9-52t^7-142t^6+62t^5+256t^4-22t^3-134t^2+13t+12,-t^2+2t,,
8.733643,O1O2O3O4U3O5U2U6U7U4O7O8U5O6U1U8,4,2z^3+33z^2+112z+109,2w^4z^3+33w^3z^2+112w^2z+109w,False,False,"[[ 0 -1 -2 -1  3  2 -1 -1  1],[ 1  0 -2 -1  3  3 -1  0  1],[ 2  2  0  0  2  2  0  1  1],[ 1  1  0  0  1  1  0  0  0],[-3 -3 -2 -1  0  0 -3 -3  0],[-2 -3 -2 -1  0  0 -2 -2  0],[ 1  1  0  0  3  2  0  0  1],[ 1  0 -1  0  3  2  0  0  1],[-1 -1 -1  0  0  0 -1 -1  0]]","[[ 0  3  2  1 -1 -1 -1 -1 -2],[-3  0  0  0 -1 -3 -3 -3 -2],[-2  0  0  0 -1 -2 -2 -3 -2],[-1  0  0  0  0 -1 -1 -1 -1],[ 1  1  1  0  0  0  0  1  0],[ 1  3  2  1  0  0  0  1  0],[ 1  3  2  1  0  0  0  0 -1],[ 1  3  3  1 -1 -1  0  0 -2],[ 2  2  2  1  0  0  1  2  0]]",True,"[-3,-2,-1,1,1,1,1,2,0,0,1,3,3,3,2,0,1,2,2,3,2,0,1,1,1,1,0,0,-1,0,0,-1,0,0,1,2]","[-3,-2,-1,1,1,1,1,2,0,0,1,3,3,3,2,0,1,2,2,3,2,0,1,1,1,1,0,0,-1,0,0,-1,0,0,1,2]",t^8+65t^6+127t^4+31t^2,"[-2,-1,-1,-1,-1,1,2,3,-1,0,1,1,2,2,3,0,1,1,1,0,1,0,0,1,1,1,0,1,1,1,2,2,3,1,2,1]","[-3,-2,-1,1,1,1,1,2,1,2,1,1,1,3,3,1,0,1,1,2,2,1,1,1,2,2,-1,0,-1,-1,0,0,1,0,0,1]","[-2,-1,-1,-1,-1,1,2,3,0,0,1,2,1,2,2,0,0,1,0,1,1,0,1,1,2,3,0,1,2,3,1,3,3,0,0,0]",c,"[[{8, 1}, {2, 7}, {3, 6}, {4, 5}], [{8, 1}, {2, 7}, {4, 6}, {3, 5}], [{8, 1}, {2, 7}, {5, 6}, {3, 4}], [{8, 1}, {2, 7}, {6}, {4, 5}, {3}], [{8, 1}, {3, 7}, {2, 6}, {4, 5}], [{8, 1}, {3, 7}, {4, 6}, {2, 5}], [{8, 1}, {3, 7}, {5, 6}, {2, 4}], [{8, 1}, {4, 7}, {2, 6}, {3, 5}], [{8, 1}, {4, 7}, {3, 6}, {2, 5}], [{8, 1}, {4, 7}, {5, 6}, {2, 3}], [{8, 1}, {4, 7}, {5, 6}, {3}, {2}], [{8, 1}, {5, 7}, {2, 6}, {3, 4}], [{8, 1}, {5, 7}, {3, 6}, {2, 4}], [{8, 1}, {5, 7}, {4, 6}, {2, 3}], [{8, 1}, {6, 7}, {2, 5}, {3, 4}], [{8, 1}, {6, 7}, {3, 5}, {2, 4}], [{8, 1}, {6, 7}, {4, 5}, {2, 3}], [{8, 1}, {7}, {2, 6}, {5}, {3, 4}], [{8, 1}, {7}, {3, 6}, {4, 5}, {2}], [{8, 1}, {7}, {4, 6}, {2, 5}, {3}], [{8, 1}, {7}, {5, 6}, {4}, {2, 3}], [{8, 1}, {7}, {6}, {3, 5}, {2, 4}], [{8, 2}, {1, 7}, {3, 6}, {4, 5}], [{8, 2}, {1, 7}, {4, 6}, {3, 5}], [{8, 2}, {1, 7}, {5, 6}, {3, 4}], [{8, 2}, {3, 7}, {1, 6}, {4, 5}], [{8, 2}, {3, 7}, {1, 6}, {5}, {4}], [{8, 2}, {3, 7}, {4, 6}, {1, 5}], [{8, 2}, {3, 7}, {5, 6}, {1, 4}], [{8, 2}, {3, 7}, {5, 6}, {4}, {1}], [{8, 2}, {3, 7}, {6}, {1, 5}, {4}], [{8, 2}, {4, 7}, {1, 6}, {3, 5}], [{8, 2}, {4, 7}, {3, 6}, {1, 5}], [{8, 2}, {4, 7}, {5, 6}, {1, 3}], [{8, 2}, {4, 7}, {5, 6}, {3}, {1}], [{8, 2}, {5, 7}, {1, 6}, {3, 4}], [{8, 2}, {5, 7}, {1, 6}, {4}, {3}], [{8, 2}, {5, 7}, {3, 6}, {1, 4}], [{8, 2}, {5, 7}, {4, 6}, {1, 3}], [{8, 2}, {6, 7}, {1, 5}, {3, 4}], [{8, 2}, {6, 7}, {3, 5}, {1, 4}], [{8, 2}, {6, 7}, {4, 5}, {1, 3}], [{8, 2}, {6, 7}, {5}, {1, 4}, {3}], [{8, 2}, {7}, {1, 6}, {3, 5}, {4}], [{8, 2}, {7}, {3, 6}, {4, 5}, {1}], [{8, 2}, {7}, {4, 6}, {5}, {1, 3}], [{8, 2}, {7}, {5, 6}, {3, 4}, {1}], [{8, 3}, {1, 7}, {2, 6}, {4, 5}], [{8, 3}, {1, 7}, {4, 6}, {2, 5}], [{8, 3}, {1, 7}, {4, 6}, {5}, {2}], [{8, 3}, {1, 7}, {5, 6}, {2, 4}], [{8, 3}, {1, 7}, {6}, {2, 5}, {4}], [{8, 3}, {2, 7}, {1, 6}, {4, 5}], [{8, 3}, {2, 7}, {4, 6}, {1, 5}], [{8, 3}, {2, 7}, {5, 6}, {1, 4}], [{8, 3}, {2, 7}, {5, 6}, {4}, {1}], [{8, 3}, {4, 7}, {1, 6}, {2, 5}], [{8, 3}, {4, 7}, {2, 6}, {1, 5}], [{8, 3}, {4, 7}, {5, 6}, {1, 2}], [{8, 3}, {4, 7}, {5, 6}, {2}, {1}], [{8, 3}, {5, 7}, {1, 6}, {2, 4}], [{8, 3}, {5, 7}, {1, 6}, {4}, {2}], [{8, 3}, {5, 7}, {2, 6}, {1, 4}], [{8, 3}, {5, 7}, {4, 6}, {1, 2}], [{8, 3}, {6, 7}, {1, 5}, {2, 4}], [{8, 3}, {6, 7}, {2, 5}, {1, 4}], [{8, 3}, {6, 7}, {4, 5}, {1, 2}], [{8, 3}, {7}, {2, 6}, {5}, {1, 4}], [{8, 3}, {7}, {5, 6}, {2, 4}, {1}], [{8, 4}, {1, 7}, {2, 6}, {3, 5}], [{8, 4}, {1, 7}, {2, 6}, {5}, {3}], [{8, 4}, {1, 7}, {3, 6}, {2, 5}], [{8, 4}, {1, 7}, {5, 6}, {2, 3}], [{8, 4}, {2, 7}, {1, 6}, {3, 5}], [{8, 4}, {2, 7}, {3, 6}, {1, 5}], [{8, 4}, {2, 7}, {3, 6}, {5}, {1}], [{8, 4}, {2, 7}, {5, 6}, {1, 3}], [{8, 4}, {2, 7}, {5, 6}, {3}, {1}], [{8, 4}, {2, 7}, {6}, {3, 5}, {1}], [{8, 4}, {3, 7}, {1, 6}, {2, 5}], [{8, 4}, {3, 7}, {1, 6}, {5}, {2}], [{8, 4}, {3, 7}, {2, 6}, {1, 5}], [{8, 4}, {3, 7}, {2, 6}, {5}, {1}], [{8, 4}, {3, 7}, {5, 6}, {1, 2}], [{8, 4}, {3, 7}, {5, 6}, {2}, {1}], [{8, 4}, {3, 7}, {6}, {1, 5}, {2}], [{8, 4}, {3, 7}, {6}, {2, 5}, {1}], [{8, 4}, {3, 7}, {6}, {5}, {1, 2}], [{8, 4}, {5, 7}, {1, 6}, {2, 3}], [{8, 4}, {5, 7}, {1, 6}, {3}, {2}], [{8, 4}, {5, 7}, {2, 6}, {1, 3}], [{8, 4}, {5, 7}, {3, 6}, {1, 2}], [{8, 4}, {6, 7}, {1, 5}, {2, 3}], [{8, 4}, {6, 7}, {2, 5}, {1, 3}], [{8, 4}, {6, 7}, {3, 5}, {1, 2}], [{8, 4}, {7}, {1, 6}, {3, 5}, {2}], [{8, 4}, {7}, {2, 6}, {5}, {1, 3}], [{8, 4}, {7}, {5, 6}, {2, 3}, {1}], [{8, 5}, {1, 7}, {2, 6}, {3, 4}], [{8, 5}, {1, 7}, {3, 6}, {2, 4}], [{8, 5}, {1, 7}, {4, 6}, {2, 3}], [{8, 5}, {2, 7}, {1, 6}, {3, 4}], [{8, 5}, {2, 7}, {3, 6}, {1, 4}], [{8, 5}, {2, 7}, {4, 6}, {1, 3}], [{8, 5}, {3, 7}, {1, 6}, {2, 4}], [{8, 5}, {3, 7}, {2, 6}, {1, 4}], [{8, 5}, {3, 7}, {4, 6}, {1, 2}], [{8, 5}, {4, 7}, {1, 6}, {2, 3}], [{8, 5}, {4, 7}, {1, 6}, {3}, {2}], [{8, 5}, {4, 7}, {2, 6}, {1, 3}], [{8, 5}, {4, 7}, {2, 6}, {3}, {1}], [{8, 5}, {4, 7}, {3, 6}, {1, 2}], [{8, 5}, {4, 7}, {3, 6}, {2}, {1}], [{8, 5}, {4, 7}, {6}, {1, 3}, {2}], [{8, 5}, {4, 7}, {6}, {2, 3}, {1}], [{8, 5}, {4, 7}, {6}, {3}, {1, 2}], [{8, 5}, {4, 7}, {6}, {3}, {2}, {1}], [{8, 5}, {6, 7}, {1, 4}, {2, 3}], [{8, 5}, {6, 7}, {2, 4}, {1, 3}], [{8, 5}, {6, 7}, {3, 4}, {1, 2}], [{8, 6}, {1, 7}, {2, 5}, {3, 4}], [{8, 6}, {1, 7}, {2, 5}, {4}, {3}], [{8, 6}, {1, 7}, {3, 5}, {2, 4}], [{8, 6}, {1, 7}, {4, 5}, {2, 3}], [{8, 6}, {1, 7}, {5}, {3, 4}, {2}], [{8, 6}, {2, 7}, {1, 5}, {3, 4}], [{8, 6}, {2, 7}, {1, 5}, {4}, {3}], [{8, 6}, {2, 7}, {3, 5}, {1, 4}], [{8, 6}, {2, 7}, {3, 5}, {4}, {1}], [{8, 6}, {2, 7}, {4, 5}, {1, 3}], [{8, 6}, {2, 7}, {5}, {4}, {1, 3}], [{8, 6}, {3, 7}, {1, 5}, {2, 4}], [{8, 6}, {3, 7}, {2, 5}, {1, 4}], [{8, 6}, {3, 7}, {2, 5}, {4}, {1}], [{8, 6}, {3, 7}, {4, 5}, {1, 2}], [{8, 6}, {3, 7}, {5}, {1, 4}, {2}], [{8, 6}, {4, 7}, {1, 5}, {2, 3}], [{8, 6}, {4, 7}, {1, 5}, {3}, {2}], [{8, 6}, {4, 7}, {2, 5}, {1, 3}], [{8, 6}, {4, 7}, {2, 5}, {3}, {1}], [{8, 6}, {4, 7}, {3, 5}, {1, 2}], [{8, 6}, {4, 7}, {3, 5}, {2}, {1}], [{8, 6}, {4, 7}, {5}, {1, 3}, {2}], [{8, 6}, {4, 7}, {5}, {2, 3}, {1}], [{8, 6}, {4, 7}, {5}, {3}, {1, 2}], [{8, 6}, {4, 7}, {5}, {3}, {2}, {1}], [{8, 6}, {5, 7}, {1, 4}, {2, 3}], [{8, 6}, {5, 7}, {2, 4}, {1, 3}], [{8, 6}, {5, 7}, {3, 4}, {1, 2}], [{8, 6}, {5, 7}, {4}, {1, 3}, {2}], [{8, 6}, {7}, {1, 5}, {2, 4}, {3}], [{8, 6}, {7}, {2, 5}, {1, 4}, {3}], [{8, 6}, {7}, {2, 5}, {3, 4}, {1}], [{8, 6}, {7}, {2, 5}, {4}, {1, 3}], [{8, 6}, {7}, {3, 5}, {2, 4}, {1}], [{8, 6}, {7}, {4, 5}, {1, 3}, {2}], [{8, 6}, {7}, {5}, {2, 4}, {1, 3}], [{8, 6}, {7}, {5}, {4}, {1, 3}, {2}], [{8, 7}, {1, 6}, {2, 5}, {3, 4}], [{8, 7}, {1, 6}, {3, 5}, {2, 4}], [{8, 7}, {1, 6}, {4, 5}, {2, 3}], [{8, 7}, {2, 6}, {1, 5}, {3, 4}], [{8, 7}, {2, 6}, {3, 5}, {1, 4}], [{8, 7}, {2, 6}, {4, 5}, {1, 3}], [{8, 7}, {3, 6}, {1, 5}, {2, 4}], [{8, 7}, {3, 6}, {2, 5}, {1, 4}], [{8, 7}, {3, 6}, {4, 5}, {1, 2}], [{8, 7}, {4, 6}, {1, 5}, {2, 3}], [{8, 7}, {4, 6}, {2, 5}, {1, 3}], [{8, 7}, {4, 6}, {3, 5}, {1, 2}], [{8, 7}, {5, 6}, {1, 4}, {2, 3}], [{8, 7}, {5, 6}, {2, 4}, {1, 3}], [{8, 7}, {5, 6}, {2, 4}, {3}, {1}], [{8, 7}, {5, 6}, {3, 4}, {1, 2}], [{8, 7}, {5, 6}, {3, 4}, {2}, {1}], [{8, 7}, {5, 6}, {4}, {2, 3}, {1}], [{8}, {1, 7}, {2, 6}, {3, 5}, {4}], [{8}, {1, 7}, {3, 6}, {2, 5}, {4}], [{8}, {1, 7}, {5, 6}, {4}, {2, 3}], [{8}, {2, 7}, {4, 6}, {3, 5}, {1}], [{8}, {2, 7}, {5, 6}, {3, 4}, {1}], [{8}, {3, 7}, {1, 6}, {5}, {2, 4}], [{8}, {3, 7}, {4, 6}, {2, 5}, {1}], [{8}, {3, 7}, {5, 6}, {2, 4}, {1}], [{8}, {3, 7}, {6}, {1, 5}, {2, 4}], [{8}, {4, 7}, {5, 6}, {1, 3}, {2}], [{8}, {4, 7}, {5, 6}, {2, 3}, {1}], [{8}, {4, 7}, {5, 6}, {3}, {1, 2}], [{8}, {4, 7}, {5, 6}, {3}, {2}, {1}], [{8}, {5, 7}, {1, 6}, {2, 4}, {3}], [{8}, {5, 7}, {1, 6}, {3, 4}, {2}], [{8}, {5, 7}, {1, 6}, {4}, {2, 3}], [{8}, {5, 7}, {3, 6}, {1, 4}, {2}], [{8}, {5, 7}, {4, 6}, {3}, {1, 2}], [{8}, {6, 7}, {1, 5}, {4}, {2, 3}], [{8}, {6, 7}, {5}, {3, 4}, {1, 2}], [{8}, {7}, {1, 6}, {3, 5}, {2, 4}], [{8}, {7}, {3, 6}, {4, 5}, {1, 2}], [{8}, {7}, {5, 6}, {1, 4}, {2, 3}], [{8}, {7}, {5, 6}, {4}, {2, 3}, {1}]]",2,12 K_1^3 + 4 K_1^2 K_2 - 10 K_1^2 - 22 K_1 K_2 - 6 K_1 K_3 + 2 K_1 - 2 K_2^2 + 6 K_2 + 8 K_3 + 3 K_4 + 6,O1O2O3O4U5U4O6U7O5O8U1U8U6U3O7U2,O1O2O3O4U3U5O6U2O7O5U7U1U8U4O8U6,O1O2O3O4U5O6U1U6U4U7O8O7U3O5U8U2,c,{'O1O2O3O4U3O5U2U6U7U4O7O8U5O6U1U8'},1,"<a href=""/flatknot/8.733643"">8.733643</a>",t^9-59t^7-134t^6+115t^5+128t^4-86t^3-28t^2+15t,-t^3+3t,,
8.733644,O1O2O3O4U3O5U2U6U7U8O7O8U4O6U1U5,4,6z^3+43z^2+102z+81,6w^4z^3-2w^4z^2+45w^3z^2-6w^3z+108w^2z+81w,False,False,"[[ 0 -1 -2 -1  2  3 -1 -1  1],[ 1  0 -1 -1  3  3  0  0  2],[ 2  1  0  0  2  2  1  2  2],[ 1  1  0  0  1  1  0  1  1],[-2 -3 -2 -1  0  0 -2 -3 -1],[-3 -3 -2 -1  0  0 -3 -4 -2],[ 1  0 -1  0  2  3  0  1  1],[ 1  0 -2 -1  3  4 -1  0  1],[-1 -2 -2 -1  1  2 -1 -1  0]]","[[ 0  3  2  1 -1 -1 -1 -1 -2],[-3  0  0 -2 -1 -3 -3 -4 -2],[-2  0  0 -1 -1 -2 -3 -3 -2],[-1  2  1  0 -1 -1 -2 -1 -2],[ 1  1  1  1  0  0  1  1  0],[ 1  3  2  1  0  0  0  1 -1],[ 1  3  3  2 -1  0  0  0 -1],[ 1  4  3  1 -1 -1  0  0 -2],[ 2  2  2  2  0  1  1  2  0]]",True,"[-3,-2,-1,1,1,1,1,2,0,2,1,3,3,4,2,1,1,2,3,3,2,1,1,2,1,2,0,-1,-1,0,0,-1,1,0,1,2]","[-3,-2,-1,1,1,1,1,2,0,2,1,3,3,4,2,1,1,2,3,3,2,1,1,2,1,2,0,-1,-1,0,0,-1,1,0,1,2]",t^8+91t^6+195t^4+50t^2+1,"[-2,-1,-1,-1,-1,1,2,3,-1,0,0,1,1,2,3,0,1,1,1,0,0,0,1,0,0,1,0,1,1,1,1,2,3,0,0,1]","[-3,-2,-1,1,1,1,1,2,1,0,0,1,1,3,3,0,0,0,1,2,2,1,0,1,1,1,0,-1,-1,-1,0,-1,0,0,0,1]","[-2,-1,-1,-1,-1,1,2,3,0,1,1,2,2,2,2,0,1,1,1,1,1,0,1,1,2,3,0,2,3,3,1,3,4,1,2,0]",c,"[[{8, 1}, {2, 7}, {3, 6}, {4, 5}], [{8, 1}, {2, 7}, {4, 6}, {3, 5}], [{8, 1}, {2, 7}, {5, 6}, {3, 4}], [{8, 1}, {3, 7}, {2, 6}, {4, 5}], [{8, 1}, {3, 7}, {4, 6}, {2, 5}], [{8, 1}, {3, 7}, {5, 6}, {2, 4}], [{8, 1}, {4, 7}, {2, 6}, {3, 5}], [{8, 1}, {4, 7}, {3, 6}, {2, 5}], [{8, 1}, {4, 7}, {5, 6}, {2, 3}], [{8, 1}, {5, 7}, {2, 6}, {3, 4}], [{8, 1}, {5, 7}, {3, 6}, {2, 4}], [{8, 1}, {5, 7}, {4, 6}, {2, 3}], [{8, 1}, {6, 7}, {2, 5}, {3, 4}], [{8, 1}, {6, 7}, {3, 5}, {2, 4}], [{8, 1}, {6, 7}, {4, 5}, {2, 3}], [{8, 1}, {7}, {3, 6}, {2, 5}, {4}], [{8, 1}, {7}, {4, 6}, {2, 5}, {3}], [{8, 1}, {7}, {4, 6}, {3, 5}, {2}], [{8, 1}, {7}, {4, 6}, {5}, {2, 3}], [{8, 1}, {7}, {6}, {2, 5}, {3, 4}], [{8, 2}, {1, 7}, {3, 6}, {4, 5}], [{8, 2}, {1, 7}, {4, 6}, {3, 5}], [{8, 2}, {1, 7}, {5, 6}, {3, 4}], [{8, 2}, {1, 7}, {5, 6}, {4}, {3}], [{8, 2}, {3, 7}, {1, 6}, {4, 5}], [{8, 2}, {3, 7}, {4, 6}, {1, 5}], [{8, 2}, {3, 7}, {5, 6}, {1, 4}], [{8, 2}, {3, 7}, {6}, {5}, {1, 4}], [{8, 2}, {4, 7}, {1, 6}, {3, 5}], [{8, 2}, {4, 7}, {3, 6}, {1, 5}], [{8, 2}, {4, 7}, {5, 6}, {1, 3}], [{8, 2}, {5, 7}, {1, 6}, {3, 4}], [{8, 2}, {5, 7}, {3, 6}, {1, 4}], [{8, 2}, {5, 7}, {4, 6}, {1, 3}], [{8, 2}, {5, 7}, {6}, {1, 4}, {3}], [{8, 2}, {6, 7}, {1, 5}, {3, 4}], [{8, 2}, {6, 7}, {3, 5}, {1, 4}], [{8, 2}, {6, 7}, {4, 5}, {1, 3}], [{8, 2}, {7}, {3, 6}, {1, 5}, {4}], [{8, 2}, {7}, {4, 6}, {1, 5}, {3}], [{8, 2}, {7}, {6}, {1, 5}, {3, 4}], [{8, 2}, {7}, {6}, {3, 5}, {1, 4}], [{8, 3}, {1, 7}, {2, 6}, {4, 5}], [{8, 3}, {1, 7}, {4, 6}, {2, 5}], [{8, 3}, {1, 7}, {5, 6}, {2, 4}], [{8, 3}, {1, 7}, {6}, {2, 5}, {4}], [{8, 3}, {2, 7}, {1, 6}, {4, 5}], [{8, 3}, {2, 7}, {4, 6}, {1, 5}], [{8, 3}, {2, 7}, {5, 6}, {1, 4}], [{8, 3}, {2, 7}, {6}, {5}, {1, 4}], [{8, 3}, {4, 7}, {1, 6}, {2, 5}], [{8, 3}, {4, 7}, {2, 6}, {1, 5}], [{8, 3}, {4, 7}, {5, 6}, {1, 2}], [{8, 3}, {4, 7}, {6}, {2, 5}, {1}], [{8, 3}, {5, 7}, {1, 6}, {2, 4}], [{8, 3}, {5, 7}, {2, 6}, {1, 4}], [{8, 3}, {5, 7}, {4, 6}, {1, 2}], [{8, 3}, {5, 7}, {6}, {1, 4}, {2}], [{8, 3}, {6, 7}, {1, 5}, {2, 4}], [{8, 3}, {6, 7}, {2, 5}, {1, 4}], [{8, 3}, {6, 7}, {4, 5}, {1, 2}], [{8, 3}, {7}, {6}, {2, 5}, {1, 4}], [{8, 3}, {7}, {6}, {4, 5}, {1, 2}], [{8, 4}, {1, 7}, {2, 6}, {3, 5}], [{8, 4}, {1, 7}, {3, 6}, {2, 5}], [{8, 4}, {1, 7}, {5, 6}, {2, 3}], [{8, 4}, {1, 7}, {6}, {2, 5}, {3}], [{8, 4}, {1, 7}, {6}, {3, 5}, {2}], [{8, 4}, {1, 7}, {6}, {5}, {2, 3}], [{8, 4}, {2, 7}, {1, 6}, {3, 5}], [{8, 4}, {2, 7}, {3, 6}, {1, 5}], [{8, 4}, {2, 7}, {5, 6}, {1, 3}], [{8, 4}, {3, 7}, {1, 6}, {2, 5}], [{8, 4}, {3, 7}, {2, 6}, {1, 5}], [{8, 4}, {3, 7}, {5, 6}, {1, 2}], [{8, 4}, {5, 7}, {1, 6}, {2, 3}], [{8, 4}, {5, 7}, {1, 6}, {3}, {2}], [{8, 4}, {5, 7}, {2, 6}, {1, 3}], [{8, 4}, {5, 7}, {3, 6}, {1, 2}], [{8, 4}, {6, 7}, {1, 5}, {2, 3}], [{8, 4}, {6, 7}, {2, 5}, {1, 3}], [{8, 4}, {6, 7}, {3, 5}, {1, 2}], [{8, 4}, {7}, {2, 6}, {1, 5}, {3}], [{8, 5}, {1, 7}, {2, 6}, {3, 4}], [{8, 5}, {1, 7}, {3, 6}, {2, 4}], [{8, 5}, {1, 7}, {4, 6}, {2, 3}], [{8, 5}, {2, 7}, {1, 6}, {3, 4}], [{8, 5}, {2, 7}, {3, 6}, {1, 4}], [{8, 5}, {2, 7}, {4, 6}, {1, 3}], [{8, 5}, {2, 7}, {6}, {1, 4}, {3}], [{8, 5}, {3, 7}, {1, 6}, {2, 4}], [{8, 5}, {3, 7}, {2, 6}, {1, 4}], [{8, 5}, {3, 7}, {4, 6}, {1, 2}], [{8, 5}, {3, 7}, {6}, {1, 4}, {2}], [{8, 5}, {4, 7}, {1, 6}, {2, 3}], [{8, 5}, {4, 7}, {1, 6}, {3}, {2}], [{8, 5}, {4, 7}, {2, 6}, {1, 3}], [{8, 5}, {4, 7}, {3, 6}, {1, 2}], [{8, 5}, {6, 7}, {1, 4}, {2, 3}], [{8, 5}, {6, 7}, {2, 4}, {1, 3}], [{8, 5}, {6, 7}, {3, 4}, {1, 2}], [{8, 5}, {7}, {6}, {1, 4}, {2, 3}], [{8, 6}, {1, 7}, {2, 5}, {3, 4}], [{8, 6}, {1, 7}, {2, 5}, {4}, {3}], [{8, 6}, {1, 7}, {3, 5}, {2, 4}], [{8, 6}, {1, 7}, {3, 5}, {4}, {2}], [{8, 6}, {1, 7}, {4, 5}, {2, 3}], [{8, 6}, {1, 7}, {5}, {4}, {2, 3}], [{8, 6}, {2, 7}, {1, 5}, {3, 4}], [{8, 6}, {2, 7}, {3, 5}, {1, 4}], [{8, 6}, {2, 7}, {4, 5}, {1, 3}], [{8, 6}, {3, 7}, {1, 5}, {2, 4}], [{8, 6}, {3, 7}, {2, 5}, {1, 4}], [{8, 6}, {3, 7}, {4, 5}, {1, 2}], [{8, 6}, {4, 7}, {1, 5}, {2, 3}], [{8, 6}, {4, 7}, {2, 5}, {1, 3}], [{8, 6}, {4, 7}, {3, 5}, {1, 2}], [{8, 6}, {5, 7}, {1, 4}, {2, 3}], [{8, 6}, {5, 7}, {2, 4}, {1, 3}], [{8, 6}, {5, 7}, {3, 4}, {1, 2}], [{8, 7}, {1, 6}, {2, 5}, {3, 4}], [{8, 7}, {1, 6}, {2, 5}, {4}, {3}], [{8, 7}, {1, 6}, {3, 5}, {2, 4}], [{8, 7}, {1, 6}, {3, 5}, {4}, {2}], [{8, 7}, {1, 6}, {4, 5}, {2, 3}], [{8, 7}, {1, 6}, {4, 5}, {3}, {2}], [{8, 7}, {1, 6}, {5}, {2, 4}, {3}], [{8, 7}, {1, 6}, {5}, {3, 4}, {2}], [{8, 7}, {1, 6}, {5}, {4}, {2, 3}], [{8, 7}, {1, 6}, {5}, {4}, {3}, {2}], [{8, 7}, {2, 6}, {1, 5}, {3, 4}], [{8, 7}, {2, 6}, {1, 5}, {4}, {3}], [{8, 7}, {2, 6}, {3, 5}, {1, 4}], [{8, 7}, {2, 6}, {3, 5}, {4}, {1}], [{8, 7}, {2, 6}, {4, 5}, {1, 3}], [{8, 7}, {2, 6}, {4, 5}, {3}, {1}], [{8, 7}, {2, 6}, {5}, {1, 4}, {3}], [{8, 7}, {2, 6}, {5}, {3, 4}, {1}], [{8, 7}, {2, 6}, {5}, {4}, {1, 3}], [{8, 7}, {3, 6}, {1, 5}, {2, 4}], [{8, 7}, {3, 6}, {1, 5}, {4}, {2}], [{8, 7}, {3, 6}, {2, 5}, {1, 4}], [{8, 7}, {3, 6}, {2, 5}, {4}, {1}], [{8, 7}, {3, 6}, {4, 5}, {1, 2}], [{8, 7}, {3, 6}, {4, 5}, {2}, {1}], [{8, 7}, {3, 6}, {5}, {1, 4}, {2}], [{8, 7}, {3, 6}, {5}, {2, 4}, {1}], [{8, 7}, {3, 6}, {5}, {4}, {1, 2}], [{8, 7}, {3, 6}, {5}, {4}, {2}, {1}], [{8, 7}, {4, 6}, {1, 5}, {2, 3}], [{8, 7}, {4, 6}, {1, 5}, {3}, {2}], [{8, 7}, {4, 6}, {2, 5}, {1, 3}], [{8, 7}, {4, 6}, {2, 5}, {3}, {1}], [{8, 7}, {4, 6}, {3, 5}, {1, 2}], [{8, 7}, {4, 6}, {3, 5}, {2}, {1}], [{8, 7}, {4, 6}, {5}, {1, 3}, {2}], [{8, 7}, {4, 6}, {5}, {2, 3}, {1}], [{8, 7}, {4, 6}, {5}, {3}, {1, 2}], [{8, 7}, {4, 6}, {5}, {3}, {2}, {1}], [{8, 7}, {5, 6}, {1, 4}, {2, 3}], [{8, 7}, {5, 6}, {1, 4}, {3}, {2}], [{8, 7}, {5, 6}, {2, 4}, {1, 3}], [{8, 7}, {5, 6}, {2, 4}, {3}, {1}], [{8, 7}, {5, 6}, {3, 4}, {1, 2}], [{8, 7}, {5, 6}, {3, 4}, {2}, {1}], [{8, 7}, {5, 6}, {4}, {1, 3}, {2}], [{8, 7}, {5, 6}, {4}, {2, 3}, {1}], [{8, 7}, {5, 6}, {4}, {3}, {1, 2}], [{8, 7}, {6}, {1, 5}, {2, 4}, {3}], [{8, 7}, {6}, {1, 5}, {3, 4}, {2}], [{8, 7}, {6}, {1, 5}, {4}, {2, 3}], [{8, 7}, {6}, {2, 5}, {1, 4}, {3}], [{8, 7}, {6}, {2, 5}, {3, 4}, {1}], [{8, 7}, {6}, {2, 5}, {4}, {1, 3}], [{8, 7}, {6}, {3, 5}, {1, 4}, {2}], [{8, 7}, {6}, {3, 5}, {2, 4}, {1}], [{8, 7}, {6}, {3, 5}, {4}, {1, 2}], [{8, 7}, {6}, {4, 5}, {1, 3}, {2}], [{8, 7}, {6}, {4, 5}, {2, 3}, {1}], [{8, 7}, {6}, {4, 5}, {3}, {1, 2}], [{8, 7}, {6}, {5}, {1, 4}, {2, 3}], [{8, 7}, {6}, {5}, {1, 4}, {3}, {2}], [{8, 7}, {6}, {5}, {2, 4}, {1, 3}], [{8, 7}, {6}, {5}, {3, 4}, {1, 2}], [{8, 7}, {6}, {5}, {3, 4}, {2}, {1}], [{8, 7}, {6}, {5}, {4}, {1, 3}, {2}], [{8}, {1, 7}, {3, 6}, {2, 5}, {4}], [{8}, {1, 7}, {4, 6}, {2, 5}, {3}], [{8}, {1, 7}, {4, 6}, {3, 5}, {2}], [{8}, {1, 7}, {4, 6}, {5}, {2, 3}], [{8}, {1, 7}, {6}, {2, 5}, {3, 4}], [{8}, {2, 7}, {3, 6}, {1, 5}, {4}], [{8}, {2, 7}, {4, 6}, {1, 5}, {3}], [{8}, {2, 7}, {6}, {1, 5}, {3, 4}], [{8}, {2, 7}, {6}, {3, 5}, {1, 4}], [{8}, {3, 7}, {6}, {2, 5}, {1, 4}], [{8}, {3, 7}, {6}, {4, 5}, {1, 2}], [{8}, {4, 7}, {2, 6}, {1, 5}, {3}], [{8}, {5, 7}, {6}, {1, 4}, {2, 3}]]",2,- 16 K_1^4 + 24 K_1^3 + 20 K_1^2 K_2 - 10 K_1^2 - 22 K_1 K_2 - 6 K_1 K_3 - 7 K_1 - 2 K_2^2 + 6 K_2 + 5 K_3 + K_4 + 8,O1O2O3O4U5U4O6U1O7O8U7U8U6U3O5U2,O1O2O3O4U3U4O5U2O6O7U6U1U8U5O8U7,O1O2O3O4U5O6U7U6U4U8O5O8U3O7U1U2,c,{'O1O2O3O4U3O5U2U6U7U8O7O8U4O6U1U5'},1,"<a href=""/flatknot/8.733644"">8.733644</a>",t^9-85t^7-304t^6-57t^5+446t^4+187t^3-44t^2+18t+2,-t^3+3t,,
8.733645,O1O2O3O4U3O5U2U6U7U8O7O8U5O6U1U4,4,6z^3+44z^2+110z+93,6w^4z^3+44w^3z^2+110w^2z+93w,False,False,"[[ 0 -1 -2 -1  3  2 -1 -1  1],[ 1  0 -1  0  3  2  0  0  2],[ 2  1  0  0  3  1  1  2  2],[ 1  0  0  0  1  0  1  1  1],[-3 -3 -3 -1  0  1 -4 -4 -2],[-2 -2 -1  0 -1  0 -2 -3 -1],[ 1  0 -1 -1  4  2  0  1  1],[ 1  0 -2 -1  4  3 -1  0  1],[-1 -2 -2 -1  2  1 -1 -1  0]]","[[ 0  3  2  1 -1 -1 -1 -1 -2],[-3  0  1 -2 -1 -3 -4 -4 -3],[-2 -1  0 -1  0 -2 -2 -3 -1],[-1  2  1  0 -1 -2 -1 -1 -2],[ 1  1  0  1  0  0  1  1  0],[ 1  3  2  2  0  0  0  0 -1],[ 1  4  2  1 -1  0  0  1 -1],[ 1  4  3  1 -1  0 -1  0 -2],[ 2  3  1  2  0  1  1  2  0]]",True,"[-3,-2,-1,1,1,1,1,2,-1,2,1,3,4,4,3,1,0,2,2,3,1,1,2,1,1,2,0,-1,-1,0,0,0,1,-1,1,2]","[-3,-2,-1,1,1,1,1,2,-1,2,1,3,4,4,3,1,0,2,2,3,1,1,2,1,1,2,0,-1,-1,0,0,0,1,-1,1,2]",t^8+95t^6+260t^4+64t^2,"[-2,-1,-1,-1,-1,1,2,3,-1,0,0,1,1,3,2,0,1,1,1,0,0,0,0,0,1,1,1,1,1,0,1,3,3,0,0,2]","[-3,-2,-1,1,1,1,1,2,2,0,0,0,1,3,2,0,0,1,1,3,3,1,1,0,1,1,-1,0,-1,-1,0,-1,0,0,0,1]","[-2,-1,-1,-1,-1,1,2,3,0,1,1,2,2,1,3,0,1,1,1,0,1,0,0,2,2,3,1,1,2,4,1,3,4,1,2,-1]",c,"[[{8, 2}, {5, 7}, {1, 6}, {3, 4}], [{8, 3}, {5, 7}, {1, 6}, {2, 4}], [{8, 7}, {1, 6}, {2, 5}, {3, 4}], [{8, 7}, {1, 6}, {3, 5}, {2, 4}], [{8, 7}, {3, 6}, {2, 5}, {1, 4}], [{8, 7}, {3, 6}, {5}, {1, 4}, {2}], [{8, 7}, {4, 6}, {2, 5}, {1, 3}], [{8, 7}, {4, 6}, {5}, {1, 3}, {2}], [{8, 7}, {6}, {2, 5}, {3, 4}, {1}]]",1,- 8 K_1^4 + 12 K_1^3 + 16 K_1^2 K_2 - 18 K_1^2 - 18 K_1 K_2 - 10 K_1 K_3 + 10 K_2 + 6 K_3 + 2 K_4 + 9,O1O2O3O4U1U4O5U6O7O8U7U8U5U3O6U2,O1O2O3O4U3U4O5U2O6O7U6U1U8U7O8U5,O1O2O3O4U5O6U7U6U4U8O7O8U3O5U1U2,c,{'O1O2O3O4U3O5U2U6U7U8O7O8U5O6U1U4'},1,"<a href=""/flatknot/8.733645"">8.733645</a>",t^9-89t^7-364t^6-180t^5+610t^4+342t^3-194t^2-76t+10,-t^3+3t,,
8.733646,O1O2O3O4U3O5U2U6U7U1O8O7U4O6U8U5,4,z^3+30z^2+112z+113,w^4z^3+30w^3z^2+112w^2z+113w,False,False,"[[ 0  0 -2 -1  2  3 -1  0 -1],[ 0  0  0  0  2  1  0  0 -1],[ 2  0  0  0  2  2  1  2  1],[ 1  0  0  0  1  1  0  1  1],[-2 -2 -2 -1  0  1 -2 -2 -1],[-3 -1 -2 -1 -1  0 -2 -2 -2],[ 1  0 -1  0  2  2  0  1  0],[ 0  0 -2 -1  2  2 -1  0 -1],[ 1  1 -1 -1  1  2  0  1  0]]","[[ 0  3  2  0  0 -1 -1 -1 -2],[-3  0 -1 -1 -2 -1 -2 -2 -2],[-2  1  0 -2 -2 -1 -1 -2 -2],[ 0  1  2  0  0  0 -1  0  0],[ 0  2  2  0  0 -1 -1 -1 -2],[ 1  1  1  0  1  0  1  0  0],[ 1  2  1  1  1 -1  0  0 -1],[ 1  2  2  0  1  0  0  0 -1],[ 2  2  2  0  2  0  1  1  0]]",True,"[-3,-2,0,0,1,1,1,2,1,1,2,1,2,2,2,2,2,1,1,2,2,0,0,1,0,0,1,1,1,2,-1,0,0,0,1,1]","[-3,-2,0,0,1,1,1,2,0,1,2,2,2,3,3,0,0,1,2,2,2,0,0,0,0,0,1,0,1,2,0,0,0,-1,0,1]",t^8+48t^6+168t^4+64t^2+4,"[-2,-1,-1,-1,0,0,2,3,0,0,1,0,2,2,3,0,0,0,1,1,2,1,0,0,2,2,0,1,2,3,0,0,1,0,2,0]","[-3,-2,0,0,1,1,1,2,0,1,2,2,2,3,3,0,0,1,2,2,2,0,0,0,0,0,1,0,1,2,0,0,0,-1,0,1]","[-2,-1,-1,-1,0,0,2,3,0,1,1,0,2,2,2,0,1,0,1,1,1,0,0,1,2,2,1,1,1,2,0,2,1,2,2,1]",c,"[[{8, 3}, {2, 7}, {5, 6}, {1, 4}], [{8, 6}, {2, 7}, {3, 5}, {1, 4}]]",1,28 K_1^3 + 4 K_1^2 K_2 - 22 K_1^2 - 26 K_1 K_2 - 2 K_1 K_3 - 8 K_1 - 2 K_2^2 + 10 K_2 + 6 K_3 + K_4 + 12,O1O2O3O4U5U6O7U1O8O6U4U8U7U3O5U2,O1O2O3O4U5U3O6U2O5O7U4U1U8U6O8U7,O1O2O3O4U5O6U7U6U4U1O5O8U3O7U2U8,c,{'O1O2O3O4U3O5U2U6U7U1O8O7U4O6U8U5'},1,"<a href=""/flatknot/8.733646"">8.733646</a>",t^9-42t^7-152t^6-114t^5+182t^4+236t^3+48t^2-108t-40,-t^3+3t,,
8.733647,O1O2O3O4U3O5U2U6U7U1O8O7U5O6U8U4,4,24z^2+101z+107,-4w^4z^2+28w^3z^2-4w^3z+105w^2z+107w,False,False,"[[ 0  0 -2 -1  3  2 -1  0 -1],[ 0  0  0  0  2  1  0  0 -1],[ 2  0  0  0  3  1  1  2  1],[ 1  0  0  0  1  0  1  1  0],[-3 -2 -3 -1  0  0 -3 -2 -1],[-2 -1 -1  0  0  0 -2 -2 -1],[ 1  0 -1 -1  3  2  0  1  0],[ 0  0 -2 -1  2  2 -1  0 -1],[ 1  1 -1  0  1  1  0  1  0]]","[[ 0  3  2  0  0 -1 -1 -1 -2],[-3  0  0 -2 -2 -1 -1 -3 -3],[-2  0  0 -1 -2  0 -1 -2 -1],[ 0  2  1  0  0  0 -1  0  0],[ 0  2  2  0  0 -1 -1 -1 -2],[ 1  1  0  0  1  0  0  1  0],[ 1  1  1  1  1  0  0  0 -1],[ 1  3  2  0  1 -1  0  0 -1],[ 2  3  1  0  2  0  1  1  0]]",True,"[-3,-2,0,0,1,1,1,2,0,2,2,1,1,3,3,1,2,0,1,2,1,0,0,1,0,0,1,1,1,2,0,-1,0,0,1,1]","[-3,-2,0,0,1,1,1,2,0,2,2,1,1,3,3,1,2,0,1,2,1,0,0,1,0,0,1,1,1,2,0,-1,0,0,1,1]",t^8+50t^6+181t^4+103t^2+1,"[-2,-1,-1,-1,0,0,2,3,0,0,1,0,2,3,2,0,0,0,0,2,3,1,0,1,1,1,0,1,3,3,0,0,1,1,1,1]","[-3,-2,0,0,1,1,1,2,1,1,1,1,3,3,2,0,1,1,2,3,3,0,0,0,0,0,1,0,1,2,0,-1,0,0,0,1]","[-2,-1,-1,-1,0,0,2,3,0,1,1,0,2,1,3,0,1,0,1,0,1,0,1,1,1,1,0,1,2,3,0,1,2,2,2,0]",c,"[[{8, 1}, {2, 7}, {3, 6}, {4, 5}], [{8, 1}, {2, 7}, {3, 6}, {5}, {4}], [{8, 1}, {2, 7}, {4, 6}, {3, 5}], [{8, 1}, {2, 7}, {5, 6}, {3, 4}], [{8, 1}, {3, 7}, {2, 6}, {4, 5}], [{8, 1}, {3, 7}, {4, 6}, {2, 5}], [{8, 1}, {3, 7}, {5, 6}, {2, 4}], [{8, 1}, {3, 7}, {6}, {2, 5}, {4}], [{8, 1}, {4, 7}, {2, 6}, {3, 5}], [{8, 1}, {4, 7}, {3, 6}, {2, 5}], [{8, 1}, {4, 7}, {5, 6}, {2, 3}], [{8, 1}, {4, 7}, {6}, {2, 5}, {3}], [{8, 1}, {4, 7}, {6}, {3, 5}, {2}], [{8, 1}, {4, 7}, {6}, {5}, {2, 3}], [{8, 1}, {5, 7}, {2, 6}, {3, 4}], [{8, 1}, {5, 7}, {2, 6}, {4}, {3}], [{8, 1}, {5, 7}, {3, 6}, {2, 4}], [{8, 1}, {5, 7}, {4, 6}, {2, 3}], [{8, 1}, {5, 7}, {4, 6}, {3}, {2}], [{8, 1}, {5, 7}, {6}, {2, 4}, {3}], [{8, 1}, {6, 7}, {2, 5}, {3, 4}], [{8, 1}, {6, 7}, {3, 5}, {2, 4}], [{8, 1}, {6, 7}, {4, 5}, {2, 3}], [{8, 1}, {6, 7}, {4, 5}, {3}, {2}], [{8, 1}, {7}, {6}, {2, 5}, {3, 4}], [{8, 2}, {1, 7}, {3, 6}, {4, 5}], [{8, 2}, {1, 7}, {4, 6}, {3, 5}], [{8, 2}, {1, 7}, {5, 6}, {3, 4}], [{8, 2}, {3, 7}, {1, 6}, {4, 5}], [{8, 2}, {3, 7}, {1, 6}, {5}, {4}], [{8, 2}, {3, 7}, {4, 6}, {1, 5}], [{8, 2}, {3, 7}, {5, 6}, {1, 4}], [{8, 2}, {4, 7}, {1, 6}, {3, 5}], [{8, 2}, {4, 7}, {3, 6}, {1, 5}], [{8, 2}, {4, 7}, {5, 6}, {1, 3}], [{8, 2}, {5, 7}, {1, 6}, {3, 4}], [{8, 2}, {5, 7}, {3, 6}, {1, 4}], [{8, 2}, {5, 7}, {4, 6}, {1, 3}], [{8, 2}, {6, 7}, {1, 5}, {3, 4}], [{8, 2}, {6, 7}, {3, 5}, {1, 4}], [{8, 2}, {6, 7}, {4, 5}, {1, 3}], [{8, 2}, {7}, {3, 6}, {5}, {1, 4}], [{8, 2}, {7}, {5, 6}, {1, 4}, {3}], [{8, 2}, {7}, {6}, {3, 5}, {1, 4}], [{8, 3}, {1, 7}, {2, 6}, {4, 5}], [{8, 3}, {1, 7}, {2, 6}, {5}, {4}], [{8, 3}, {1, 7}, {4, 6}, {2, 5}], [{8, 3}, {1, 7}, {4, 6}, {5}, {2}], [{8, 3}, {1, 7}, {5, 6}, {2, 4}], [{8, 3}, {1, 7}, {6}, {5}, {2, 4}], [{8, 3}, {2, 7}, {1, 6}, {4, 5}], [{8, 3}, {2, 7}, {4, 6}, {1, 5}], [{8, 3}, {2, 7}, {5, 6}, {1, 4}], [{8, 3}, {2, 7}, {6}, {5}, {1, 4}], [{8, 3}, {4, 7}, {1, 6}, {2, 5}], [{8, 3}, {4, 7}, {2, 6}, {1, 5}], [{8, 3}, {4, 7}, {5, 6}, {1, 2}], [{8, 3}, {4, 7}, {5, 6}, {2}, {1}], [{8, 3}, {5, 7}, {1, 6}, {2, 4}], [{8, 3}, {5, 7}, {2, 6}, {1, 4}], [{8, 3}, {5, 7}, {2, 6}, {4}, {1}], [{8, 3}, {5, 7}, {4, 6}, {1, 2}], [{8, 3}, {5, 7}, {4, 6}, {2}, {1}], [{8, 3}, {5, 7}, {6}, {2, 4}, {1}], [{8, 3}, {6, 7}, {1, 5}, {2, 4}], [{8, 3}, {6, 7}, {2, 5}, {1, 4}], [{8, 3}, {6, 7}, {4, 5}, {1, 2}], [{8, 3}, {7}, {2, 6}, {1, 5}, {4}], [{8, 3}, {7}, {4, 6}, {1, 5}, {2}], [{8, 3}, {7}, {6}, {1, 5}, {2, 4}], [{8, 3}, {7}, {6}, {4, 5}, {1, 2}], [{8, 4}, {1, 7}, {2, 6}, {3, 5}], [{8, 4}, {1, 7}, {3, 6}, {2, 5}], [{8, 4}, {1, 7}, {5, 6}, {2, 3}], [{8, 4}, {1, 7}, {6}, {2, 5}, {3}], [{8, 4}, {1, 7}, {6}, {3, 5}, {2}], [{8, 4}, {1, 7}, {6}, {5}, {2, 3}], [{8, 4}, {2, 7}, {1, 6}, {3, 5}], [{8, 4}, {2, 7}, {3, 6}, {1, 5}], [{8, 4}, {2, 7}, {3, 6}, {5}, {1}], [{8, 4}, {2, 7}, {5, 6}, {1, 3}], [{8, 4}, {3, 7}, {1, 6}, {2, 5}], [{8, 4}, {3, 7}, {2, 6}, {1, 5}], [{8, 4}, {3, 7}, {5, 6}, {1, 2}], [{8, 4}, {3, 7}, {6}, {2, 5}, {1}], [{8, 4}, {5, 7}, {1, 6}, {2, 3}], [{8, 4}, {5, 7}, {2, 6}, {1, 3}], [{8, 4}, {5, 7}, {3, 6}, {1, 2}], [{8, 4}, {5, 7}, {6}, {3}, {1, 2}], [{8, 4}, {6, 7}, {1, 5}, {2, 3}], [{8, 4}, {6, 7}, {2, 5}, {1, 3}], [{8, 4}, {6, 7}, {3, 5}, {1, 2}], [{8, 4}, {7}, {3, 6}, {1, 5}, {2}], [{8, 4}, {7}, {6}, {2, 5}, {1, 3}], [{8, 5}, {1, 7}, {2, 6}, {3, 4}], [{8, 5}, {1, 7}, {3, 6}, {2, 4}], [{8, 5}, {1, 7}, {4, 6}, {2, 3}], [{8, 5}, {2, 7}, {1, 6}, {3, 4}], [{8, 5}, {2, 7}, {3, 6}, {1, 4}], [{8, 5}, {2, 7}, {4, 6}, {1, 3}], [{8, 5}, {2, 7}, {6}, {1, 4}, {3}], [{8, 5}, {3, 7}, {1, 6}, {2, 4}], [{8, 5}, {3, 7}, {2, 6}, {1, 4}], [{8, 5}, {3, 7}, {4, 6}, {1, 2}], [{8, 5}, {4, 7}, {1, 6}, {2, 3}], [{8, 5}, {4, 7}, {2, 6}, {1, 3}], [{8, 5}, {4, 7}, {3, 6}, {1, 2}], [{8, 5}, {6, 7}, {1, 4}, {2, 3}], [{8, 5}, {6, 7}, {2, 4}, {1, 3}], [{8, 5}, {6, 7}, {3, 4}, {1, 2}], [{8, 5}, {7}, {2, 6}, {3, 4}, {1}], [{8, 5}, {7}, {3, 6}, {2, 4}, {1}], [{8, 5}, {7}, {4, 6}, {2, 3}, {1}], [{8, 6}, {1, 7}, {2, 5}, {3, 4}], [{8, 6}, {1, 7}, {3, 5}, {2, 4}], [{8, 6}, {1, 7}, {4, 5}, {2, 3}], [{8, 6}, {1, 7}, {5}, {3, 4}, {2}], [{8, 6}, {2, 7}, {1, 5}, {3, 4}], [{8, 6}, {2, 7}, {3, 5}, {1, 4}], [{8, 6}, {2, 7}, {4, 5}, {1, 3}], [{8, 6}, {2, 7}, {5}, {1, 4}, {3}], [{8, 6}, {2, 7}, {5}, {3, 4}, {1}], [{8, 6}, {2, 7}, {5}, {4}, {1, 3}], [{8, 6}, {3, 7}, {1, 5}, {2, 4}], [{8, 6}, {3, 7}, {2, 5}, {1, 4}], [{8, 6}, {3, 7}, {4, 5}, {1, 2}], [{8, 6}, {4, 7}, {1, 5}, {2, 3}], [{8, 6}, {4, 7}, {2, 5}, {1, 3}], [{8, 6}, {4, 7}, {2, 5}, {3}, {1}], [{8, 6}, {4, 7}, {3, 5}, {1, 2}], [{8, 6}, {5, 7}, {1, 4}, {2, 3}], [{8, 6}, {5, 7}, {2, 4}, {1, 3}], [{8, 6}, {5, 7}, {3, 4}, {1, 2}], [{8, 6}, {7}, {3, 5}, {1, 4}, {2}], [{8, 6}, {7}, {5}, {3, 4}, {1, 2}], [{8, 7}, {1, 6}, {2, 5}, {3, 4}], [{8, 7}, {1, 6}, {3, 5}, {2, 4}], [{8, 7}, {1, 6}, {4, 5}, {2, 3}], [{8, 7}, {2, 6}, {1, 5}, {3, 4}], [{8, 7}, {2, 6}, {3, 5}, {1, 4}], [{8, 7}, {2, 6}, {4, 5}, {1, 3}], [{8, 7}, {3, 6}, {1, 5}, {2, 4}], [{8, 7}, {3, 6}, {2, 5}, {1, 4}], [{8, 7}, {3, 6}, {4, 5}, {1, 2}], [{8, 7}, {3, 6}, {5}, {1, 4}, {2}], [{8, 7}, {4, 6}, {1, 5}, {2, 3}], [{8, 7}, {4, 6}, {2, 5}, {1, 3}], [{8, 7}, {4, 6}, {2, 5}, {3}, {1}], [{8, 7}, {4, 6}, {3, 5}, {1, 2}], [{8, 7}, {5, 6}, {1, 4}, {2, 3}], [{8, 7}, {5, 6}, {1, 4}, {3}, {2}], [{8, 7}, {5, 6}, {2, 4}, {1, 3}], [{8, 7}, {5, 6}, {3, 4}, {1, 2}], [{8, 7}, {5, 6}, {3, 4}, {2}, {1}], [{8, 7}, {5, 6}, {4}, {1, 3}, {2}], [{8, 7}, {6}, {3, 5}, {1, 4}, {2}], [{8}, {1, 7}, {5, 6}, {2, 4}, {3}], [{8}, {2, 7}, {3, 6}, {5}, {1, 4}], [{8}, {2, 7}, {5, 6}, {1, 4}, {3}], [{8}, {2, 7}, {6}, {3, 5}, {1, 4}], [{8}, {2, 7}, {6}, {5}, {1, 4}, {3}], [{8}, {3, 7}, {5, 6}, {2, 4}, {1}], [{8}, {3, 7}, {6}, {2, 5}, {1, 4}], [{8}, {4, 7}, {1, 6}, {2, 5}, {3}], [{8}, {4, 7}, {5, 6}, {3}, {1, 2}], [{8}, {5, 7}, {2, 6}, {4}, {1, 3}], [{8}, {5, 7}, {4, 6}, {1, 3}, {2}], [{8}, {5, 7}, {6}, {1, 4}, {2, 3}], [{8}, {5, 7}, {6}, {2, 4}, {1, 3}], [{8}, {6, 7}, {1, 5}, {3, 4}, {2}], [{8}, {6, 7}, {3, 5}, {1, 4}, {2}], [{8}, {6, 7}, {4, 5}, {2, 3}, {1}], [{8}, {6, 7}, {5}, {2, 4}, {1, 3}], [{8}, {7}, {1, 6}, {3, 5}, {2, 4}], [{8}, {7}, {2, 6}, {3, 5}, {1, 4}], [{8}, {7}, {4, 6}, {3, 5}, {1, 2}], [{8}, {7}, {5, 6}, {2, 4}, {1, 3}], [{8}, {7}, {6}, {3, 5}, {1, 4}, {2}]]",2,20 K_1^3 + 4 K_1^2 K_2 - 16 K_1^2 - 26 K_1 K_2 - 4 K_1 K_3 - 2 K_1 + 8 K_2 + 8 K_3 + K_4 + 8,O1O2O3O4U1U5O6U7O8O5U4U8U6U3O7U2,O1O2O3O4U5U3O6U2O5O7U4U1U8U7O8U6,O1O2O3O4U5O6U7U6U4U1O7O8U3O5U2U8,c,{'O1O2O3O4U3O5U2U6U7U1O8O7U5O6U8U4'},1,"<a href=""/flatknot/8.733647"">8.733647</a>",t^9-44t^7-126t^6+55t^5+248t^4-66t^3-24t^2-22t+10,-t^3+3t,,
8.733648,O1O2O3O4U3O5U2U6U7U1O8O7U8O6U5U4,4,19z^2+104z+133,19w^3z^2+104w^2z+133w,False,False,"[[ 0  0 -2 -1  3  2 -1  0 -1],[ 0  0  0  0  2  0  1  0 -1],[ 2  0  0  0  3  1  2  2  0],[ 1  0  0  0  1  0  1  1  0],[-3 -2 -3 -1  0  0 -3 -2 -1],[-2  0 -1  0  0  0 -2 -1 -1],[ 1 -1 -2 -1  3  2  0  0  0],[ 0  0 -2 -1  2  1  0  0 -1],[ 1  1  0  0  1  1  0  1  0]]","[[ 0  3  2  0  0 -1 -1 -1 -2],[-3  0  0 -2 -2 -1 -1 -3 -3],[-2  0  0  0 -1  0 -1 -2 -1],[ 0  2  0  0  0  0 -1  1  0],[ 0  2  1  0  0 -1 -1  0 -2],[ 1  1  0  0  1  0  0  1  0],[ 1  1  1  1  1  0  0  0  0],[ 1  3  2 -1  0 -1  0  0 -2],[ 2  3  1  0  2  0  0  2  0]]",True,"[-3,-2,0,0,1,1,1,2,0,2,2,1,1,3,3,0,1,0,1,2,1,0,0,1,-1,0,1,1,0,2,0,-1,0,0,0,2]","[-3,-2,0,0,1,1,1,2,0,2,2,1,1,3,3,0,1,0,1,2,1,0,0,1,-1,0,1,1,0,2,0,-1,0,0,0,2]",t^8+48t^6+178t^4+117t^2+1,"[-2,-1,-1,-1,0,0,2,3,-1,1,1,0,2,3,2,0,1,1,2,1,1,0,0,0,2,3,0,1,3,3,0,1,1,2,1,1]","[-3,-2,0,0,1,1,1,2,1,1,1,1,3,3,2,1,2,1,2,3,3,0,1,0,0,0,2,0,1,2,0,-1,-1,0,1,1]","[-2,-1,-1,-1,0,0,2,3,0,0,2,0,2,1,3,0,0,1,1,1,1,1,0,1,0,1,-1,0,2,3,0,0,2,1,2,0]",c,"[[{8, 1}, {2, 7}, {3, 6}, {4, 5}], [{8, 1}, {2, 7}, {4, 6}, {3, 5}], [{8, 1}, {2, 7}, {5, 6}, {3, 4}], [{8, 1}, {3, 7}, {2, 6}, {4, 5}], [{8, 1}, {3, 7}, {4, 6}, {2, 5}], [{8, 1}, {3, 7}, {5, 6}, {2, 4}], [{8, 1}, {3, 7}, {5, 6}, {4}, {2}], [{8, 1}, {4, 7}, {2, 6}, {3, 5}], [{8, 1}, {4, 7}, {3, 6}, {2, 5}], [{8, 1}, {4, 7}, {3, 6}, {5}, {2}], [{8, 1}, {4, 7}, {5, 6}, {2, 3}], [{8, 1}, {5, 7}, {2, 6}, {3, 4}], [{8, 1}, {5, 7}, {2, 6}, {4}, {3}], [{8, 1}, {5, 7}, {3, 6}, {2, 4}], [{8, 1}, {5, 7}, {4, 6}, {2, 3}], [{8, 1}, {6, 7}, {2, 5}, {3, 4}], [{8, 1}, {6, 7}, {2, 5}, {4}, {3}], [{8, 1}, {6, 7}, {3, 5}, {2, 4}], [{8, 1}, {6, 7}, {4, 5}, {2, 3}], [{8, 1}, {6, 7}, {4, 5}, {3}, {2}], [{8, 1}, {6, 7}, {5}, {2, 4}, {3}], [{8, 1}, {7}, {2, 6}, {5}, {3, 4}], [{8, 1}, {7}, {6}, {3, 5}, {2, 4}], [{8, 2}, {1, 7}, {3, 6}, {4, 5}], [{8, 2}, {1, 7}, {4, 6}, {3, 5}], [{8, 2}, {1, 7}, {5, 6}, {3, 4}], [{8, 2}, {3, 7}, {1, 6}, {4, 5}], [{8, 2}, {3, 7}, {4, 6}, {1, 5}], [{8, 2}, {3, 7}, {5, 6}, {1, 4}], [{8, 2}, {4, 7}, {1, 6}, {3, 5}], [{8, 2}, {4, 7}, {1, 6}, {5}, {3}], [{8, 2}, {4, 7}, {3, 6}, {1, 5}], [{8, 2}, {4, 7}, {5, 6}, {1, 3}], [{8, 2}, {4, 7}, {5, 6}, {3}, {1}], [{8, 2}, {4, 7}, {6}, {1, 5}, {3}], [{8, 2}, {5, 7}, {1, 6}, {3, 4}], [{8, 2}, {5, 7}, {3, 6}, {1, 4}], [{8, 2}, {5, 7}, {4, 6}, {1, 3}], [{8, 2}, {6, 7}, {1, 5}, {3, 4}], [{8, 2}, {6, 7}, {1, 5}, {4}, {3}], [{8, 2}, {6, 7}, {3, 5}, {1, 4}], [{8, 2}, {6, 7}, {4, 5}, {1, 3}], [{8, 2}, {7}, {4, 6}, {1, 5}, {3}], [{8, 3}, {1, 7}, {2, 6}, {4, 5}], [{8, 3}, {1, 7}, {4, 6}, {2, 5}], [{8, 3}, {1, 7}, {5, 6}, {2, 4}], [{8, 3}, {1, 7}, {5, 6}, {4}, {2}], [{8, 3}, {2, 7}, {1, 6}, {4, 5}], [{8, 3}, {2, 7}, {4, 6}, {1, 5}], [{8, 3}, {2, 7}, {4, 6}, {5}, {1}], [{8, 3}, {2, 7}, {5, 6}, {1, 4}], [{8, 3}, {4, 7}, {1, 6}, {2, 5}], [{8, 3}, {4, 7}, {2, 6}, {1, 5}], [{8, 3}, {4, 7}, {5, 6}, {1, 2}], [{8, 3}, {5, 7}, {1, 6}, {2, 4}], [{8, 3}, {5, 7}, {2, 6}, {1, 4}], [{8, 3}, {5, 7}, {2, 6}, {4}, {1}], [{8, 3}, {5, 7}, {4, 6}, {1, 2}], [{8, 3}, {6, 7}, {1, 5}, {2, 4}], [{8, 3}, {6, 7}, {2, 5}, {1, 4}], [{8, 3}, {6, 7}, {4, 5}, {1, 2}], [{8, 3}, {6, 7}, {5}, {4}, {1, 2}], [{8, 3}, {7}, {2, 6}, {5}, {1, 4}], [{8, 4}, {1, 7}, {2, 6}, {3, 5}], [{8, 4}, {1, 7}, {3, 6}, {2, 5}], [{8, 4}, {1, 7}, {5, 6}, {2, 3}], [{8, 4}, {2, 7}, {1, 6}, {3, 5}], [{8, 4}, {2, 7}, {3, 6}, {1, 5}], [{8, 4}, {2, 7}, {3, 6}, {5}, {1}], [{8, 4}, {2, 7}, {5, 6}, {1, 3}], [{8, 4}, {3, 7}, {1, 6}, {2, 5}], [{8, 4}, {3, 7}, {2, 6}, {1, 5}], [{8, 4}, {3, 7}, {5, 6}, {1, 2}], [{8, 4}, {5, 7}, {1, 6}, {2, 3}], [{8, 4}, {5, 7}, {2, 6}, {1, 3}], [{8, 4}, {5, 7}, {2, 6}, {3}, {1}], [{8, 4}, {5, 7}, {3, 6}, {1, 2}], [{8, 4}, {6, 7}, {1, 5}, {2, 3}], [{8, 4}, {6, 7}, {2, 5}, {1, 3}], [{8, 4}, {6, 7}, {3, 5}, {1, 2}], [{8, 4}, {6, 7}, {5}, {3}, {1, 2}], [{8, 4}, {7}, {2, 6}, {5}, {1, 3}], [{8, 4}, {7}, {6}, {3, 5}, {1, 2}], [{8, 5}, {1, 7}, {2, 6}, {3, 4}], [{8, 5}, {1, 7}, {3, 6}, {2, 4}], [{8, 5}, {1, 7}, {4, 6}, {2, 3}], [{8, 5}, {2, 7}, {1, 6}, {3, 4}], [{8, 5}, {2, 7}, {3, 6}, {1, 4}], [{8, 5}, {2, 7}, {4, 6}, {1, 3}], [{8, 5}, {3, 7}, {1, 6}, {2, 4}], [{8, 5}, {3, 7}, {2, 6}, {1, 4}], [{8, 5}, {3, 7}, {4, 6}, {1, 2}], [{8, 5}, {4, 7}, {1, 6}, {2, 3}], [{8, 5}, {4, 7}, {1, 6}, {3}, {2}], [{8, 5}, {4, 7}, {2, 6}, {1, 3}], [{8, 5}, {4, 7}, {3, 6}, {1, 2}], [{8, 5}, {6, 7}, {1, 4}, {2, 3}], [{8, 5}, {6, 7}, {2, 4}, {1, 3}], [{8, 5}, {6, 7}, {3, 4}, {1, 2}], [{8, 5}, {7}, {2, 6}, {1, 4}, {3}], [{8, 6}, {1, 7}, {2, 5}, {3, 4}], [{8, 6}, {1, 7}, {3, 5}, {2, 4}], [{8, 6}, {1, 7}, {4, 5}, {2, 3}], [{8, 6}, {1, 7}, {5}, {3, 4}, {2}], [{8, 6}, {2, 7}, {1, 5}, {3, 4}], [{8, 6}, {2, 7}, {3, 5}, {1, 4}], [{8, 6}, {2, 7}, {4, 5}, {1, 3}], [{8, 6}, {2, 7}, {5}, {3, 4}, {1}], [{8, 6}, {3, 7}, {1, 5}, {2, 4}], [{8, 6}, {3, 7}, {2, 5}, {1, 4}], [{8, 6}, {3, 7}, {4, 5}, {1, 2}], [{8, 6}, {4, 7}, {1, 5}, {2, 3}], [{8, 6}, {4, 7}, {2, 5}, {1, 3}], [{8, 6}, {4, 7}, {3, 5}, {1, 2}], [{8, 6}, {4, 7}, {3, 5}, {2}, {1}], [{8, 6}, {5, 7}, {1, 4}, {2, 3}], [{8, 6}, {5, 7}, {2, 4}, {1, 3}], [{8, 6}, {5, 7}, {2, 4}, {3}, {1}], [{8, 6}, {5, 7}, {3, 4}, {1, 2}], [{8, 6}, {7}, {5}, {3, 4}, {1, 2}], [{8, 7}, {1, 6}, {2, 5}, {3, 4}], [{8, 7}, {1, 6}, {3, 5}, {2, 4}], [{8, 7}, {1, 6}, {4, 5}, {2, 3}], [{8, 7}, {2, 6}, {1, 5}, {3, 4}], [{8, 7}, {2, 6}, {1, 5}, {4}, {3}], [{8, 7}, {2, 6}, {3, 5}, {1, 4}], [{8, 7}, {2, 6}, {4, 5}, {1, 3}], [{8, 7}, {2, 6}, {4, 5}, {3}, {1}], [{8, 7}, {2, 6}, {5}, {1, 4}, {3}], [{8, 7}, {3, 6}, {1, 5}, {2, 4}], [{8, 7}, {3, 6}, {2, 5}, {1, 4}], [{8, 7}, {3, 6}, {4, 5}, {1, 2}], [{8, 7}, {4, 6}, {1, 5}, {2, 3}], [{8, 7}, {4, 6}, {2, 5}, {1, 3}], [{8, 7}, {4, 6}, {3, 5}, {1, 2}], [{8, 7}, {5, 6}, {1, 4}, {2, 3}], [{8, 7}, {5, 6}, {1, 4}, {3}, {2}], [{8, 7}, {5, 6}, {2, 4}, {1, 3}], [{8, 7}, {5, 6}, {3, 4}, {1, 2}], [{8, 7}, {5, 6}, {3, 4}, {2}, {1}], [{8, 7}, {5, 6}, {4}, {1, 3}, {2}], [{8, 7}, {6}, {2, 5}, {1, 4}, {3}], [{8, 7}, {6}, {3, 5}, {2, 4}, {1}], [{8, 7}, {6}, {5}, {3, 4}, {1, 2}], [{8}, {1, 7}, {3, 6}, {5}, {2, 4}], [{8}, {1, 7}, {5, 6}, {2, 4}, {3}], [{8}, {1, 7}, {6}, {3, 5}, {2, 4}], [{8}, {2, 7}, {6}, {3, 5}, {1, 4}], [{8}, {2, 7}, {6}, {4, 5}, {1, 3}], [{8}, {3, 7}, {1, 6}, {4, 5}, {2}], [{8}, {3, 7}, {2, 6}, {5}, {1, 4}], [{8}, {3, 7}, {5, 6}, {2, 4}, {1}], [{8}, {4, 7}, {1, 6}, {2, 5}, {3}], [{8}, {5, 7}, {1, 6}, {4}, {2, 3}], [{8}, {5, 7}, {2, 6}, {1, 4}, {3}], [{8}, {5, 7}, {2, 6}, {3, 4}, {1}], [{8}, {5, 7}, {2, 6}, {4}, {1, 3}], [{8}, {5, 7}, {3, 6}, {1, 4}, {2}], [{8}, {5, 7}, {4, 6}, {2, 3}, {1}], [{8}, {5, 7}, {6}, {1, 4}, {2, 3}], [{8}, {6, 7}, {3, 5}, {1, 4}, {2}], [{8}, {6, 7}, {5}, {3, 4}, {1, 2}], [{8}, {7}, {2, 6}, {3, 5}, {1, 4}], [{8}, {7}, {2, 6}, {5}, {1, 4}, {3}], [{8}, {7}, {5, 6}, {2, 4}, {1, 3}]]",2,24 K_1^3 + 4 K_1^2 K_2 - 36 K_1^2 - 30 K_1 K_2 - 4 K_1 K_3 - 3 K_1 + 18 K_2 + 9 K_3 + K_4 + 18,O1O2O3O4U1U5O6U7O8O7U4U8U6U3O5U2,O1O2O3O4U5U3O5U2O6O7U4U1U8U7O8U6,O1O2O3O4U5O6U7U6U4U1O7O5U3O8U2U8,c,{'O1O2O3O4U3O5U2U6U7U1O8O7U8O6U5U4'},1,"<a href=""/flatknot/8.733648"">8.733648</a>",t^9-42t^7-114t^6+78t^5+268t^4-232t^3+70t^2-15t-8,-t^3+3t,,
8.733649,O1O2O3O4U3O5U2U6U7U4O8O7U5O6U1U8,4,22z^2+107z+127,22w^3z^2+107w^2z+127w,False,False,"[[ 0 -1 -2 -1  3  2 -1  0  0],[ 1  0 -2 -1  3  3 -1  0  0],[ 2  2  0  0  2  2  0  1  1],[ 1  1  0  0  1  1  0  0  0],[-3 -3 -2 -1  0  0 -3 -3 -1],[-2 -3 -2 -1  0  0 -2 -2 -1],[ 1  1  0  0  3  2  0  1  1],[ 0  0 -1  0  3  2 -1  0  0],[ 0  0 -1  0  1  1 -1  0  0]]","[[ 0  3  2  0  0 -1 -1 -1 -2],[-3  0  0 -1 -3 -1 -3 -3 -2],[-2  0  0 -1 -2 -1 -2 -3 -2],[ 0  1  1  0  0  0 -1  0 -1],[ 0  3  2  0  0  0 -1  0 -1],[ 1  1  1  0  0  0  0  1  0],[ 1  3  2  1  1  0  0  1  0],[ 1  3  3  0  0 -1 -1  0 -2],[ 2  2  2  1  1  0  0  2  0]]",True,"[-3,-2,0,0,1,1,1,2,0,1,3,1,3,3,2,1,2,1,2,3,2,0,0,1,0,1,0,1,0,1,0,-1,0,-1,0,2]","[-3,-2,0,0,1,1,1,2,0,1,3,1,3,3,2,1,2,1,2,3,2,0,0,1,0,1,0,1,0,1,0,-1,0,-1,0,2]",t^8+66t^6+117t^4+40t^2,"[-2,-1,-1,-1,0,0,2,3,-1,1,1,1,1,2,3,1,1,1,1,0,1,0,0,0,1,1,1,1,2,3,0,0,0,1,2,1]","[-3,-2,0,0,1,1,1,2,1,0,2,1,1,3,3,0,1,0,1,2,2,0,1,0,1,1,1,0,1,1,-1,-1,-1,0,1,1]","[-2,-1,-1,-1,0,0,2,3,0,0,2,1,1,2,2,0,1,0,0,1,1,1,1,1,2,3,0,0,3,3,0,1,1,2,3,0]",c,"[[{8, 5}, {2, 7}, {3, 6}, {1, 4}], [{8}, {2, 7}, {3, 6}, {5}, {1, 4}]]",1,20 K_1^3 + 4 K_1^2 K_2 - 24 K_1^2 - 26 K_1 K_2 - 4 K_1 K_3 - 2 K_1 + 12 K_2 + 8 K_3 + K_4 + 12,O1O2O3O4U5U4O6U7O8O5U1U8U6U3O7U2,O1O2O3O4U5U3O6U2O7O5U7U1U8U4O8U6,O1O2O3O4U5O6U1U6U4U7O8O7U3O5U2U8,c,{'O1O2O3O4U3O5U2U6U7U4O8O7U5O6U1U8'},1,"<a href=""/flatknot/8.733649"">8.733649</a>",t^9-60t^7-166t^6+153t^5+412t^4+65t^3-66t^2+15t,-t^3+3t,,
8.733650,O1O2O3O4U3O5U2U6U7U4O8O7U8O6U1U5,4,6z^3+43z^2+110z+97,6w^4z^3+43w^3z^2+110w^2z+97w,False,False,"[[ 0 -1 -2 -1  3  3 -1  0 -1],[ 1  0 -1 -1  4  3  0  1 -1],[ 2  1  0  0  2  2  1  1  0],[ 1  1  0  0  1  1  0  0  0],[-3 -4 -2 -1  0 -1 -2 -3 -1],[-3 -3 -2 -1  1  0 -3 -2 -1],[ 1  0 -1  0  2  3  0  0  0],[ 0 -1 -1  0  3  2  0  0 -1],[ 1  1  0  0  1  1  0  1  0]]","[[ 0  3  3  0 -1 -1 -1 -1 -2],[-3  0  1 -2 -1 -1 -3 -3 -2],[-3 -1  0 -3 -1 -1 -2 -4 -2],[ 0  2  3  0  0 -1  0 -1 -1],[ 1  1  1  0  0  0  0  1  0],[ 1  1  1  1  0  0  0  1  0],[ 1  3  2  0  0  0  0  0 -1],[ 1  3  4  1 -1 -1  0  0 -1],[ 2  2  2  1  0  0  1  1  0]]",True,"[-3,-3,0,1,1,1,1,2,-1,2,1,1,3,3,2,3,1,1,2,4,2,0,1,0,1,1,0,0,-1,0,0,-1,0,0,1,1]","[-3,-3,0,1,1,1,1,2,-1,0,0,2,3,3,3,1,1,1,3,3,3,0,1,0,1,1,0,-1,-1,0,0,0,0,0,1,1]",t^8+71t^6+180t^4+68t^2+1,"[-2,-1,-1,-1,-1,0,3,3,0,0,1,1,1,3,3,0,0,0,1,1,2,1,1,0,1,0,0,0,3,3,1,3,3,1,0,-1]","[-3,-3,0,1,1,1,1,2,-1,0,0,2,3,3,3,1,1,1,3,3,3,0,1,0,1,1,0,-1,-1,0,0,0,0,0,1,1]","[-2,-1,-1,-1,-1,0,3,3,0,0,1,1,1,2,2,0,0,1,0,1,1,0,1,1,1,1,0,0,2,3,1,4,3,3,2,-1]",c,"[[{8, 1}, {2, 7}, {3, 6}, {4, 5}], [{8, 1}, {2, 7}, {4, 6}, {3, 5}], [{8, 1}, {2, 7}, {5, 6}, {3, 4}], [{8, 1}, {3, 7}, {2, 6}, {4, 5}], [{8, 1}, {3, 7}, {4, 6}, {2, 5}], [{8, 1}, {3, 7}, {4, 6}, {5}, {2}], [{8, 1}, {3, 7}, {5, 6}, {2, 4}], [{8, 1}, {4, 7}, {2, 6}, {3, 5}], [{8, 1}, {4, 7}, {3, 6}, {2, 5}], [{8, 1}, {4, 7}, {5, 6}, {2, 3}], [{8, 1}, {5, 7}, {2, 6}, {3, 4}], [{8, 1}, {5, 7}, {3, 6}, {2, 4}], [{8, 1}, {5, 7}, {4, 6}, {2, 3}], [{8, 1}, {6, 7}, {2, 5}, {3, 4}], [{8, 1}, {6, 7}, {3, 5}, {2, 4}], [{8, 1}, {6, 7}, {4, 5}, {2, 3}], [{8, 2}, {1, 7}, {3, 6}, {4, 5}], [{8, 2}, {1, 7}, {4, 6}, {3, 5}], [{8, 2}, {1, 7}, {4, 6}, {5}, {3}], [{8, 2}, {1, 7}, {5, 6}, {3, 4}], [{8, 2}, {3, 7}, {1, 6}, {4, 5}], [{8, 2}, {3, 7}, {4, 6}, {1, 5}], [{8, 2}, {3, 7}, {4, 6}, {5}, {1}], [{8, 2}, {3, 7}, {5, 6}, {1, 4}], [{8, 2}, {3, 7}, {5, 6}, {4}, {1}], [{8, 2}, {3, 7}, {6}, {4, 5}, {1}], [{8, 2}, {4, 7}, {1, 6}, {3, 5}], [{8, 2}, {4, 7}, {3, 6}, {1, 5}], [{8, 2}, {4, 7}, {5, 6}, {1, 3}], [{8, 2}, {5, 7}, {1, 6}, {3, 4}], [{8, 2}, {5, 7}, {3, 6}, {1, 4}], [{8, 2}, {5, 7}, {4, 6}, {1, 3}], [{8, 2}, {6, 7}, {1, 5}, {3, 4}], [{8, 2}, {6, 7}, {3, 5}, {1, 4}], [{8, 2}, {6, 7}, {4, 5}, {1, 3}], [{8, 2}, {7}, {4, 6}, {5}, {1, 3}], [{8, 2}, {7}, {5, 6}, {1, 4}, {3}], [{8, 3}, {1, 7}, {2, 6}, {4, 5}], [{8, 3}, {1, 7}, {4, 6}, {2, 5}], [{8, 3}, {1, 7}, {5, 6}, {2, 4}], [{8, 3}, {2, 7}, {1, 6}, {4, 5}], [{8, 3}, {2, 7}, {4, 6}, {1, 5}], [{8, 3}, {2, 7}, {5, 6}, {1, 4}], [{8, 3}, {4, 7}, {1, 6}, {2, 5}], [{8, 3}, {4, 7}, {1, 6}, {5}, {2}], [{8, 3}, {4, 7}, {2, 6}, {1, 5}], [{8, 3}, {4, 7}, {5, 6}, {1, 2}], [{8, 3}, {5, 7}, {1, 6}, {2, 4}], [{8, 3}, {5, 7}, {1, 6}, {4}, {2}], [{8, 3}, {5, 7}, {2, 6}, {1, 4}], [{8, 3}, {5, 7}, {4, 6}, {1, 2}], [{8, 3}, {6, 7}, {1, 5}, {2, 4}], [{8, 3}, {6, 7}, {2, 5}, {1, 4}], [{8, 3}, {6, 7}, {4, 5}, {1, 2}], [{8, 3}, {7}, {1, 6}, {4, 5}, {2}], [{8, 4}, {1, 7}, {2, 6}, {3, 5}], [{8, 4}, {1, 7}, {3, 6}, {2, 5}], [{8, 4}, {1, 7}, {5, 6}, {2, 3}], [{8, 4}, {2, 7}, {1, 6}, {3, 5}], [{8, 4}, {2, 7}, {3, 6}, {1, 5}], [{8, 4}, {2, 7}, {5, 6}, {1, 3}], [{8, 4}, {3, 7}, {1, 6}, {2, 5}], [{8, 4}, {3, 7}, {2, 6}, {1, 5}], [{8, 4}, {3, 7}, {2, 6}, {5}, {1}], [{8, 4}, {3, 7}, {5, 6}, {1, 2}], [{8, 4}, {3, 7}, {5, 6}, {2}, {1}], [{8, 4}, {3, 7}, {6}, {2, 5}, {1}], [{8, 4}, {5, 7}, {1, 6}, {2, 3}], [{8, 4}, {5, 7}, {2, 6}, {1, 3}], [{8, 4}, {5, 7}, {3, 6}, {1, 2}], [{8, 4}, {6, 7}, {1, 5}, {2, 3}], [{8, 4}, {6, 7}, {2, 5}, {1, 3}], [{8, 4}, {6, 7}, {3, 5}, {1, 2}], [{8, 4}, {6, 7}, {5}, {1, 3}, {2}], [{8, 4}, {7}, {1, 6}, {2, 5}, {3}], [{8, 4}, {7}, {1, 6}, {3, 5}, {2}], [{8, 4}, {7}, {1, 6}, {5}, {2, 3}], [{8, 5}, {1, 7}, {2, 6}, {3, 4}], [{8, 5}, {1, 7}, {3, 6}, {2, 4}], [{8, 5}, {1, 7}, {4, 6}, {2, 3}], [{8, 5}, {1, 7}, {4, 6}, {3}, {2}], [{8, 5}, {2, 7}, {1, 6}, {3, 4}], [{8, 5}, {2, 7}, {3, 6}, {1, 4}], [{8, 5}, {2, 7}, {4, 6}, {1, 3}], [{8, 5}, {3, 7}, {1, 6}, {2, 4}], [{8, 5}, {3, 7}, {2, 6}, {1, 4}], [{8, 5}, {3, 7}, {2, 6}, {4}, {1}], [{8, 5}, {3, 7}, {4, 6}, {1, 2}], [{8, 5}, {3, 7}, {4, 6}, {2}, {1}], [{8, 5}, {3, 7}, {6}, {2, 4}, {1}], [{8, 5}, {4, 7}, {1, 6}, {2, 3}], [{8, 5}, {4, 7}, {2, 6}, {1, 3}], [{8, 5}, {4, 7}, {3, 6}, {1, 2}], [{8, 5}, {6, 7}, {1, 4}, {2, 3}], [{8, 5}, {6, 7}, {2, 4}, {1, 3}], [{8, 5}, {6, 7}, {3, 4}, {1, 2}], [{8, 5}, {7}, {1, 6}, {2, 4}, {3}], [{8, 5}, {7}, {4, 6}, {1, 3}, {2}], [{8, 6}, {1, 7}, {2, 5}, {3, 4}], [{8, 6}, {1, 7}, {3, 5}, {2, 4}], [{8, 6}, {1, 7}, {4, 5}, {2, 3}], [{8, 6}, {2, 7}, {1, 5}, {3, 4}], [{8, 6}, {2, 7}, {3, 5}, {1, 4}], [{8, 6}, {2, 7}, {4, 5}, {1, 3}], [{8, 6}, {3, 7}, {1, 5}, {2, 4}], [{8, 6}, {3, 7}, {2, 5}, {1, 4}], [{8, 6}, {3, 7}, {2, 5}, {4}, {1}], [{8, 6}, {3, 7}, {4, 5}, {1, 2}], [{8, 6}, {3, 7}, {4, 5}, {2}, {1}], [{8, 6}, {3, 7}, {5}, {2, 4}, {1}], [{8, 6}, {4, 7}, {1, 5}, {2, 3}], [{8, 6}, {4, 7}, {2, 5}, {1, 3}], [{8, 6}, {4, 7}, {3, 5}, {1, 2}], [{8, 6}, {5, 7}, {1, 4}, {2, 3}], [{8, 6}, {5, 7}, {2, 4}, {1, 3}], [{8, 6}, {5, 7}, {3, 4}, {1, 2}], [{8, 6}, {7}, {1, 5}, {2, 4}, {3}], [{8, 7}, {1, 6}, {2, 5}, {3, 4}], [{8, 7}, {1, 6}, {3, 5}, {2, 4}], [{8, 7}, {1, 6}, {4, 5}, {2, 3}], [{8, 7}, {2, 6}, {1, 5}, {3, 4}], [{8, 7}, {2, 6}, {3, 5}, {1, 4}], [{8, 7}, {2, 6}, {4, 5}, {1, 3}], [{8, 7}, {3, 6}, {1, 5}, {2, 4}], [{8, 7}, {3, 6}, {2, 5}, {1, 4}], [{8, 7}, {3, 6}, {4, 5}, {1, 2}], [{8, 7}, {4, 6}, {1, 5}, {2, 3}], [{8, 7}, {4, 6}, {2, 5}, {1, 3}], [{8, 7}, {4, 6}, {3, 5}, {1, 2}], [{8, 7}, {5, 6}, {1, 4}, {2, 3}], [{8, 7}, {5, 6}, {2, 4}, {1, 3}], [{8, 7}, {5, 6}, {3, 4}, {1, 2}], [{8, 7}, {6}, {2, 5}, {3, 4}, {1}], [{8}, {1, 7}, {4, 6}, {2, 5}, {3}], [{8}, {2, 7}, {4, 6}, {1, 5}, {3}], [{8}, {2, 7}, {5, 6}, {4}, {1, 3}], [{8}, {3, 7}, {2, 6}, {4, 5}, {1}], [{8}, {3, 7}, {4, 6}, {1, 5}, {2}], [{8}, {3, 7}, {4, 6}, {2, 5}, {1}], [{8}, {3, 7}, {4, 6}, {5}, {1, 2}], [{8}, {3, 7}, {4, 6}, {5}, {2}, {1}], [{8}, {3, 7}, {5, 6}, {2, 4}, {1}], [{8}, {4, 7}, {2, 6}, {1, 5}, {3}], [{8}, {4, 7}, {3, 6}, {1, 5}, {2}], [{8}, {4, 7}, {6}, {1, 5}, {2, 3}], [{8}, {4, 7}, {6}, {2, 5}, {1, 3}], [{8}, {4, 7}, {6}, {3, 5}, {1, 2}], [{8}, {6, 7}, {1, 5}, {4}, {2, 3}], [{8}, {6, 7}, {2, 5}, {4}, {1, 3}], [{8}, {7}, {4, 6}, {1, 5}, {2, 3}], [{8}, {7}, {4, 6}, {2, 5}, {1, 3}]]",2,- 8 K_1^4 + 20 K_1^3 + 12 K_1^2 K_2 - 14 K_1^2 - 20 K_1 K_2 - 4 K_1 K_3 - 5 K_1 - 2 K_2^2 + 7 K_2 + 5 K_3 + K_4 + 9,O1O2O3O4U5U4O6U7O8O7U1U8U6U3O5U2,O1O2O3O4U5U3O5U2O6O7U6U1U8U4O8U7,O1O2O3O4U5O6U1U6U4U7O5O7U3O8U2U8,c,{'O1O2O3O4U3O5U2U6U7U4O8O7U8O6U1U5'},1,"<a href=""/flatknot/8.733650"">8.733650</a>",t^9-61t^7-200t^6+57t^5+584t^4+106t^3-408t^2-23t+18,-2t^3+t^2+4t,,
8.733651,O1O2O3O4U3O5U4U1U2U6O7O6U5O8U7U8,4,6z^3+44z^2+109z+91,6w^4z^3+44w^3z^2+109w^2z+91w,False,False,"[[ 0 -2  0 -1  0  2  1 -1  1],[ 2  0  1 -1  1  3  2  1  0],[ 0 -1  0 -1  1  2  0  1  0],[ 1  1  1  0  1  1  1  0  0],[ 0 -1 -1 -1  0  1  0  1  0],[-2 -3 -2 -1 -1  0 -2  0  1],[-1 -2  0 -1  0  2  0 -1  0],[ 1 -1 -1  0 -1  0  1  0  1],[-1  0  0  0  0 -1  0 -1  0]]","[[ 0  2  1  1  0  0 -1 -1 -2],[-2  0  1 -2 -1 -2  0 -1 -3],[-1 -1  0  0  0  0 -1  0  0],[-1  2  0  0  0  0 -1 -1 -2],[ 0  1  0  0  0 -1  1 -1 -1],[ 0  2  0  0  1  0  1 -1 -1],[ 1  0  1  1 -1 -1  0  0 -1],[ 1  1  0  1  1  1  0  0  1],[ 2  3  0  2  1  1  1 -1  0]]",True,"[-2,-1,-1,0,0,1,1,2,-1,2,1,2,0,1,3,0,0,0,1,0,0,0,0,1,1,2,1,-1,1,1,-1,1,1,0,1,-1]","[-2,-1,-1,0,0,1,1,2,-1,1,1,1,0,2,3,0,1,1,0,1,1,-1,-1,1,1,0,-1,0,0,1,0,0,2,0,-1,2]",t^8+36t^6+152t^4+71t^2+4,"[-2,-1,-1,0,0,1,1,2,0,2,1,1,1,3,1,0,2,2,1,1,3,0,0,1,2,2,-1,1,1,0,1,1,1,0,-1,2]","[-2,-1,-1,0,0,1,1,2,-1,2,0,1,2,3,1,0,1,1,1,1,1,1,1,2,1,3,1,0,2,1,0,2,1,0,2,0]","[-2,-1,-1,0,0,1,1,2,-1,1,1,1,0,2,3,0,1,1,0,1,1,-1,-1,1,1,0,-1,0,0,1,0,0,2,0,-1,2]",c,"[[{8, 3}, {6, 7}, {1, 5}, {2, 4}], [{8, 3}, {6, 7}, {1, 5}, {4}, {2}]]",1,- 8 K_1^4 + 16 K_1^3 + 16 K_1^2 K_2 - 14 K_1^2 - 16 K_1 K_2 - 6 K_1 K_3 - 4 K_1 + 6 K_2 + 4 K_3 + 7,O1O2O3O4U5U6O5U7O8O6U8U3U4U1O7U2,O1O2O3O4U5U4O6U7O5O7U2U3U8U1O8U6,O1O2O3O4U5O6U4U6U2U3O7O8U7O5U1U8,c,{'O1O2O3O4U3O5U4U1U2U6O7O6U5O8U7U8'},1,"<a href=""/flatknot/8.733651"">8.733651</a>",t^9-36t^7-80t^6+12t^5-28t^4-108t^3+70t^2+85t+4,0,,
8.733652,O1O2O3O4U3O5U4U1U2U6O7O8U5O6U8U7,4,5z^3+42z^2+110z+93,5w^4z^3+42w^3z^2+110w^2z+93w,False,False,"[[ 0 -2  0 -1  0  2  1  0  0],[ 2  0  1 -1  1  3  1  1  1],[ 0 -1  0 -1  1  2 -1  1  1],[ 1  1  1  0  1  1  1  0  0],[ 0 -1 -1 -1  0  1 -1  1  1],[-2 -3 -2 -1 -1  0 -2  1  0],[-1 -1  1 -1  1  2  0 -1  0],[ 0 -1 -1  0 -1 -1  1  0  0],[ 0 -1 -1  0 -1  0  0  0  0]]","[[ 0  2  1  0  0  0  0 -1 -2],[-2  0 -2  1  0 -1 -2 -1 -3],[-1  2  0 -1  0  1  1 -1 -1],[ 0 -1  1  0  0 -1 -1  0 -1],[ 0  0  0  0  0 -1 -1  0 -1],[ 0  1 -1  1  1  0 -1 -1 -1],[ 0  2 -1  1  1  1  0 -1 -1],[ 1  1  1  0  0  1  1  0  1],[ 2  3  1  1  1  1  1 -1  0]]",True,"[-2,-1,0,0,0,0,1,2,2,-1,0,1,2,1,3,1,0,-1,-1,1,1,0,1,1,0,1,1,1,0,1,1,1,1,1,1,-1]","[-2,-1,0,0,0,0,1,2,-1,0,1,2,3,2,1,2,2,1,0,1,2,1,1,1,0,1,1,1,0,1,0,1,1,1,1,2]",t^8+37t^6+150t^4+62t^2+4,"[-2,-1,0,0,0,0,1,2,2,1,1,1,1,2,1,0,0,1,1,1,2,-1,-1,-1,2,0,-1,-1,2,1,0,0,3,1,2,-1]","[-2,-1,0,0,0,0,1,2,-1,0,1,2,3,2,1,2,2,1,0,1,2,1,1,1,0,1,1,1,0,1,0,1,1,1,1,2]","[-2,-1,0,0,0,0,1,2,-1,1,1,1,1,1,3,0,0,1,1,1,1,0,-1,-1,0,0,-1,-1,1,-1,-1,-1,1,-1,2,2]",c,"[[{8, 1}, {2, 7}, {3, 6}, {4, 5}], [{8, 1}, {2, 7}, {4, 6}, {3, 5}], [{8, 1}, {2, 7}, {5, 6}, {3, 4}], [{8, 1}, {3, 7}, {2, 6}, {4, 5}], [{8, 1}, {3, 7}, {4, 6}, {2, 5}], [{8, 1}, {3, 7}, {5, 6}, {2, 4}], [{8, 1}, {3, 7}, {5, 6}, {4}, {2}], [{8, 1}, {4, 7}, {2, 6}, {3, 5}], [{8, 1}, {4, 7}, {3, 6}, {2, 5}], [{8, 1}, {4, 7}, {5, 6}, {2, 3}], [{8, 1}, {5, 7}, {2, 6}, {3, 4}], [{8, 1}, {5, 7}, {3, 6}, {2, 4}], [{8, 1}, {5, 7}, {3, 6}, {4}, {2}], [{8, 1}, {5, 7}, {4, 6}, {2, 3}], [{8, 1}, {6, 7}, {2, 5}, {3, 4}], [{8, 1}, {6, 7}, {3, 5}, {2, 4}], [{8, 1}, {6, 7}, {3, 5}, {4}, {2}], [{8, 1}, {6, 7}, {4, 5}, {2, 3}], [{8, 2}, {1, 7}, {3, 6}, {4, 5}], [{8, 2}, {1, 7}, {3, 6}, {5}, {4}], [{8, 2}, {1, 7}, {4, 6}, {3, 5}], [{8, 2}, {1, 7}, {5, 6}, {3, 4}], [{8, 2}, {3, 7}, {1, 6}, {4, 5}], [{8, 2}, {3, 7}, {4, 6}, {1, 5}], [{8, 2}, {3, 7}, {5, 6}, {1, 4}], [{8, 2}, {3, 7}, {6}, {1, 5}, {4}], [{8, 2}, {3, 7}, {6}, {4, 5}, {1}], [{8, 2}, {3, 7}, {6}, {5}, {1, 4}], [{8, 2}, {4, 7}, {1, 6}, {3, 5}], [{8, 2}, {4, 7}, {3, 6}, {1, 5}], [{8, 2}, {4, 7}, {5, 6}, {1, 3}], [{8, 2}, {5, 7}, {1, 6}, {3, 4}], [{8, 2}, {5, 7}, {3, 6}, {1, 4}], [{8, 2}, {5, 7}, {3, 6}, {4}, {1}], [{8, 2}, {5, 7}, {4, 6}, {1, 3}], [{8, 2}, {6, 7}, {1, 5}, {3, 4}], [{8, 2}, {6, 7}, {1, 5}, {4}, {3}], [{8, 2}, {6, 7}, {3, 5}, {1, 4}], [{8, 2}, {6, 7}, {4, 5}, {1, 3}], [{8, 2}, {7}, {1, 6}, {3, 5}, {4}], [{8, 2}, {7}, {3, 6}, {1, 5}, {4}], [{8, 2}, {7}, {5, 6}, {4}, {1, 3}], [{8, 3}, {1, 7}, {2, 6}, {4, 5}], [{8, 3}, {1, 7}, {2, 6}, {5}, {4}], [{8, 3}, {1, 7}, {4, 6}, {2, 5}], [{8, 3}, {1, 7}, {4, 6}, {5}, {2}], [{8, 3}, {1, 7}, {5, 6}, {2, 4}], [{8, 3}, {1, 7}, {5, 6}, {4}, {2}], [{8, 3}, {1, 7}, {6}, {2, 5}, {4}], [{8, 3}, {1, 7}, {6}, {4, 5}, {2}], [{8, 3}, {1, 7}, {6}, {5}, {2, 4}], [{8, 3}, {1, 7}, {6}, {5}, {4}, {2}], [{8, 3}, {2, 7}, {1, 6}, {4, 5}], [{8, 3}, {2, 7}, {1, 6}, {5}, {4}], [{8, 3}, {2, 7}, {4, 6}, {1, 5}], [{8, 3}, {2, 7}, {5, 6}, {1, 4}], [{8, 3}, {4, 7}, {1, 6}, {2, 5}], [{8, 3}, {4, 7}, {1, 6}, {5}, {2}], [{8, 3}, {4, 7}, {2, 6}, {1, 5}], [{8, 3}, {4, 7}, {5, 6}, {1, 2}], [{8, 3}, {5, 7}, {1, 6}, {2, 4}], [{8, 3}, {5, 7}, {1, 6}, {4}, {2}], [{8, 3}, {5, 7}, {2, 6}, {1, 4}], [{8, 3}, {5, 7}, {4, 6}, {1, 2}], [{8, 3}, {6, 7}, {1, 5}, {2, 4}], [{8, 3}, {6, 7}, {1, 5}, {4}, {2}], [{8, 3}, {6, 7}, {2, 5}, {1, 4}], [{8, 3}, {6, 7}, {2, 5}, {4}, {1}], [{8, 3}, {6, 7}, {4, 5}, {1, 2}], [{8, 3}, {6, 7}, {4, 5}, {2}, {1}], [{8, 3}, {6, 7}, {5}, {1, 4}, {2}], [{8, 3}, {6, 7}, {5}, {2, 4}, {1}], [{8, 3}, {6, 7}, {5}, {4}, {1, 2}], [{8, 3}, {6, 7}, {5}, {4}, {2}, {1}], [{8, 3}, {7}, {1, 6}, {2, 5}, {4}], [{8, 3}, {7}, {1, 6}, {4, 5}, {2}], [{8, 3}, {7}, {1, 6}, {5}, {2, 4}], [{8, 3}, {7}, {1, 6}, {5}, {4}, {2}], [{8, 4}, {1, 7}, {2, 6}, {3, 5}], [{8, 4}, {1, 7}, {3, 6}, {2, 5}], [{8, 4}, {1, 7}, {3, 6}, {5}, {2}], [{8, 4}, {1, 7}, {5, 6}, {2, 3}], [{8, 4}, {2, 7}, {1, 6}, {3, 5}], [{8, 4}, {2, 7}, {3, 6}, {1, 5}], [{8, 4}, {2, 7}, {5, 6}, {1, 3}], [{8, 4}, {3, 7}, {1, 6}, {2, 5}], [{8, 4}, {3, 7}, {2, 6}, {1, 5}], [{8, 4}, {3, 7}, {5, 6}, {1, 2}], [{8, 4}, {3, 7}, {6}, {1, 5}, {2}], [{8, 4}, {5, 7}, {1, 6}, {2, 3}], [{8, 4}, {5, 7}, {2, 6}, {1, 3}], [{8, 4}, {5, 7}, {2, 6}, {3}, {1}], [{8, 4}, {5, 7}, {3, 6}, {1, 2}], [{8, 4}, {5, 7}, {3, 6}, {2}, {1}], [{8, 4}, {5, 7}, {6}, {2, 3}, {1}], [{8, 4}, {6, 7}, {1, 5}, {2, 3}], [{8, 4}, {6, 7}, {1, 5}, {3}, {2}], [{8, 4}, {6, 7}, {2, 5}, {1, 3}], [{8, 4}, {6, 7}, {3, 5}, {1, 2}], [{8, 4}, {7}, {1, 6}, {3, 5}, {2}], [{8, 4}, {7}, {3, 6}, {1, 5}, {2}], [{8, 4}, {7}, {5, 6}, {1, 3}, {2}], [{8, 5}, {1, 7}, {2, 6}, {3, 4}], [{8, 5}, {1, 7}, {3, 6}, {2, 4}], [{8, 5}, {1, 7}, {3, 6}, {4}, {2}], [{8, 5}, {1, 7}, {4, 6}, {2, 3}], [{8, 5}, {2, 7}, {1, 6}, {3, 4}], [{8, 5}, {2, 7}, {1, 6}, {4}, {3}], [{8, 5}, {2, 7}, {3, 6}, {1, 4}], [{8, 5}, {2, 7}, {4, 6}, {1, 3}], [{8, 5}, {2, 7}, {4, 6}, {3}, {1}], [{8, 5}, {2, 7}, {6}, {1, 4}, {3}], [{8, 5}, {3, 7}, {1, 6}, {2, 4}], [{8, 5}, {3, 7}, {1, 6}, {4}, {2}], [{8, 5}, {3, 7}, {2, 6}, {1, 4}], [{8, 5}, {3, 7}, {4, 6}, {1, 2}], [{8, 5}, {4, 7}, {1, 6}, {2, 3}], [{8, 5}, {4, 7}, {1, 6}, {3}, {2}], [{8, 5}, {4, 7}, {2, 6}, {1, 3}], [{8, 5}, {4, 7}, {3, 6}, {1, 2}], [{8, 5}, {6, 7}, {1, 4}, {2, 3}], [{8, 5}, {6, 7}, {2, 4}, {1, 3}], [{8, 5}, {6, 7}, {3, 4}, {1, 2}], [{8, 5}, {6, 7}, {4}, {1, 3}, {2}], [{8, 5}, {7}, {1, 6}, {2, 4}, {3}], [{8, 5}, {7}, {1, 6}, {3, 4}, {2}], [{8, 5}, {7}, {1, 6}, {4}, {2, 3}], [{8, 5}, {7}, {1, 6}, {4}, {3}, {2}], [{8, 5}, {7}, {2, 6}, {3, 4}, {1}], [{8, 5}, {7}, {6}, {3, 4}, {1, 2}], [{8, 6}, {1, 7}, {2, 5}, {3, 4}], [{8, 6}, {1, 7}, {2, 5}, {4}, {3}], [{8, 6}, {1, 7}, {3, 5}, {2, 4}], [{8, 6}, {1, 7}, {3, 5}, {4}, {2}], [{8, 6}, {1, 7}, {4, 5}, {2, 3}], [{8, 6}, {1, 7}, {4, 5}, {3}, {2}], [{8, 6}, {1, 7}, {5}, {2, 4}, {3}], [{8, 6}, {1, 7}, {5}, {3, 4}, {2}], [{8, 6}, {1, 7}, {5}, {4}, {2, 3}], [{8, 6}, {1, 7}, {5}, {4}, {3}, {2}], [{8, 6}, {2, 7}, {1, 5}, {3, 4}], [{8, 6}, {2, 7}, {3, 5}, {1, 4}], [{8, 6}, {2, 7}, {4, 5}, {1, 3}], [{8, 6}, {2, 7}, {5}, {3, 4}, {1}], [{8, 6}, {3, 7}, {1, 5}, {2, 4}], [{8, 6}, {3, 7}, {1, 5}, {4}, {2}], [{8, 6}, {3, 7}, {2, 5}, {1, 4}], [{8, 6}, {3, 7}, {4, 5}, {1, 2}], [{8, 6}, {4, 7}, {1, 5}, {2, 3}], [{8, 6}, {4, 7}, {2, 5}, {1, 3}], [{8, 6}, {4, 7}, {3, 5}, {1, 2}], [{8, 6}, {5, 7}, {1, 4}, {2, 3}], [{8, 6}, {5, 7}, {2, 4}, {1, 3}], [{8, 6}, {5, 7}, {3, 4}, {1, 2}], [{8, 6}, {5, 7}, {4}, {1, 3}, {2}], [{8, 6}, {7}, {5}, {3, 4}, {1, 2}], [{8, 7}, {1, 6}, {2, 5}, {3, 4}], [{8, 7}, {1, 6}, {3, 5}, {2, 4}], [{8, 7}, {1, 6}, {3, 5}, {4}, {2}], [{8, 7}, {1, 6}, {4, 5}, {2, 3}], [{8, 7}, {2, 6}, {1, 5}, {3, 4}], [{8, 7}, {2, 6}, {3, 5}, {1, 4}], [{8, 7}, {2, 6}, {3, 5}, {4}, {1}], [{8, 7}, {2, 6}, {4, 5}, {1, 3}], [{8, 7}, {2, 6}, {5}, {1, 4}, {3}], [{8, 7}, {3, 6}, {1, 5}, {2, 4}], [{8, 7}, {3, 6}, {1, 5}, {4}, {2}], [{8, 7}, {3, 6}, {2, 5}, {1, 4}], [{8, 7}, {3, 6}, {4, 5}, {1, 2}], [{8, 7}, {4, 6}, {1, 5}, {2, 3}], [{8, 7}, {4, 6}, {2, 5}, {1, 3}], [{8, 7}, {4, 6}, {3, 5}, {1, 2}], [{8, 7}, {4, 6}, {3, 5}, {2}, {1}], [{8, 7}, {5, 6}, {1, 4}, {2, 3}], [{8, 7}, {5, 6}, {2, 4}, {1, 3}], [{8, 7}, {5, 6}, {3, 4}, {1, 2}], [{8, 7}, {5, 6}, {4}, {1, 3}, {2}], [{8, 7}, {6}, {3, 5}, {1, 4}, {2}], [{8, 7}, {6}, {3, 5}, {2, 4}, {1}], [{8, 7}, {6}, {3, 5}, {4}, {1, 2}], [{8, 7}, {6}, {3, 5}, {4}, {2}, {1}], [{8}, {1, 7}, {3, 6}, {2, 5}, {4}], [{8}, {1, 7}, {3, 6}, {4, 5}, {2}], [{8}, {1, 7}, {3, 6}, {5}, {2, 4}], [{8}, {1, 7}, {3, 6}, {5}, {4}, {2}], [{8}, {2, 7}, {1, 6}, {3, 5}, {4}], [{8}, {2, 7}, {3, 6}, {1, 5}, {4}], [{8}, {2, 7}, {5, 6}, {4}, {1, 3}], [{8}, {3, 7}, {2, 6}, {1, 5}, {4}], [{8}, {3, 7}, {4, 6}, {1, 5}, {2}], [{8}, {3, 7}, {6}, {1, 5}, {2, 4}], [{8}, {3, 7}, {6}, {1, 5}, {4}, {2}], [{8}, {4, 7}, {1, 6}, {3, 5}, {2}], [{8}, {4, 7}, {3, 6}, {1, 5}, {2}], [{8}, {4, 7}, {5, 6}, {1, 3}, {2}], [{8}, {5, 7}, {3, 6}, {1, 4}, {2}], [{8}, {5, 7}, {3, 6}, {2, 4}, {1}], [{8}, {5, 7}, {3, 6}, {4}, {1, 2}], [{8}, {5, 7}, {3, 6}, {4}, {2}, {1}], [{8}, {6, 7}, {1, 5}, {2, 4}, {3}], [{8}, {6, 7}, {1, 5}, {3, 4}, {2}], [{8}, {6, 7}, {1, 5}, {4}, {2, 3}], [{8}, {6, 7}, {1, 5}, {4}, {3}, {2}], [{8}, {6, 7}, {2, 5}, {1, 4}, {3}], [{8}, {6, 7}, {4, 5}, {3}, {1, 2}], [{8}, {7}, {1, 6}, {3, 5}, {2, 4}], [{8}, {7}, {1, 6}, {3, 5}, {4}, {2}], [{8}, {7}, {3, 6}, {1, 5}, {2, 4}], [{8}, {7}, {3, 6}, {1, 5}, {4}, {2}], [{8}, {7}, {5, 6}, {1, 4}, {2, 3}], [{8}, {7}, {5, 6}, {2, 4}, {1, 3}], [{8}, {7}, {5, 6}, {3, 4}, {1, 2}], [{8}, {7}, {5, 6}, {4}, {1, 3}, {2}]]",2,12 K_1^3 - 8 K_1^2 - 12 K_1 K_2 - 3 K_1 + 4 K_2 + 3 K_3 + 5,O1O2O3O4U5U6O7U8O6O5U7U3U4U1O8U2,O1O2O3O4U5U6O7U4O6O5U2U3U8U1O8U7,O1O2O3O4U5O6U4U6U2U3O7O8U1O5U8U7,c,{'O1O2O3O4U3O5U4U1U2U6O7O8U5O6U8U7'},1,"<a href=""/flatknot/8.733652"">8.733652</a>",t^9-37t^7-112t^6-74t^5+58t^4+5t^3-106t^2-57t-6,0,,
8.733653,O1O2O3O4U3O5U4U1U6U2O6O7U5O8U7U8,4,15z^2+96z+133,15w^3z^2+96w^2z+133w,False,False,"[[ 0 -2  1 -1  0  2 -1  0  1],[ 2  0  1 -1  1  3  1  1  0],[-1 -1  0 -1  1  1 -1  1  0],[ 1  1  1  0  1  1  1  0  0],[ 0 -1 -1 -1  0  1  0  1  0],[-2 -3 -1 -1 -1  0 -2  1  1],[ 1 -1  1 -1  0  2  0  0  1],[ 0 -1 -1  0 -1 -1  0  0  1],[-1  0  0  0  0 -1 -1 -1  0]]","[[ 0  2  1  1  0  0 -1 -1 -2],[-2  0  1 -1  1 -1 -1 -2 -3],[-1 -1  0  0 -1  0  0 -1  0],[-1  1  0  0  1  1 -1 -1 -1],[ 0 -1  1 -1  0 -1  0  0 -1],[ 0  1  0 -1  1  0 -1  0 -1],[ 1  1  0  1  0  1  0  1  1],[ 1  2  1  1  0  0 -1  0 -1],[ 2  3  0  1  1  1 -1  1  0]]",True,"[-2,-1,-1,0,0,1,1,2,-1,1,-1,1,1,2,3,0,1,0,0,1,0,-1,-1,1,1,1,1,0,0,1,1,0,1,-1,-1,1]","[-2,-1,-1,0,0,1,1,2,-1,1,-1,1,1,2,3,0,1,0,0,1,0,-1,-1,1,1,1,1,0,0,1,1,0,1,-1,-1,1]",t^8+32t^6+112t^4+45t^2,"[-2,-1,-1,0,0,1,1,2,0,2,1,1,2,3,1,1,1,1,1,1,1,0,1,1,2,2,-1,2,1,1,2,0,3,0,0,2]","[-2,-1,-1,0,0,1,1,2,0,2,1,3,1,2,1,0,2,2,1,1,2,1,0,1,2,3,1,1,0,1,1,1,1,-1,0,2]","[-2,-1,-1,0,0,1,1,2,-1,1,1,1,0,1,3,1,0,1,0,1,1,0,0,1,1,2,-1,1,-1,-1,0,-1,1,0,-1,1]",c,"[[{8, 3}, {4, 7}, {2, 6}, {1, 5}]]",1,8 K_1^3 - 20 K_1^2 - 12 K_1 K_2 + 10 K_2 + 4 K_3 + 11,O1O2O3O4U5U6O5U7O6O8U3U8U4U1O7U2,O1O2O3O4U3U5O6U7O5O7U2U4U8U1O8U6,O1O2O3O4U5O6U4U6U1U3O7O8U7O5U8U2,c,{'O1O2O3O4U3O5U4U1U6U2O6O7U5O8U7U8'},1,"<a href=""/flatknot/8.733653"">8.733653</a>",t^9-32t^7-82t^6-6t^5+144t^4+66t^3-92t^2-62t-2,0,,
8.733654,O1O2O3O4U3O5U4U1U6U7O6O7U2O8U5U8,3,13z^2+66z+81,13w^3z^2+66w^2z+81w,False,False,"[[ 0 -2  0 -1  0  2 -1  1  1],[ 2  0  1 -1  1  3  2  2  1],[ 0 -1  0 -1  1  2 -1  1  1],[ 1  1  1  0  1  1  1  1  0],[ 0 -1 -1 -1  0  1  0  0  1],[-2 -3 -2 -1 -1  0 -3 -1  1],[ 1 -2  1 -1  0  3  0  1  1],[-1 -2 -1 -1  0  1 -1  0  1],[-1 -1 -1  0 -1 -1 -1 -1  0]]","[[ 0  2  1  1  0  0 -1 -1 -2],[-2  0  1 -1 -1 -2 -1 -3 -3],[-1 -1  0 -1 -1 -1  0 -1 -1],[-1  1  1  0  0 -1 -1 -1 -2],[ 0  1  1  0  0 -1 -1  0 -1],[ 0  2  1  1  1  0 -1 -1 -1],[ 1  1  0  1  1  1  0  1  1],[ 1  3  1  1  0  1 -1  0 -2],[ 2  3  1  2  1  1 -1  2  0]]",True,"[-2,-1,-1,0,0,1,1,2,-1,1,1,2,1,3,3,1,1,1,0,1,1,0,1,1,1,2,1,1,0,1,1,1,1,-1,-1,2]","[-2,-1,-1,0,0,1,1,2,-1,1,1,2,1,3,3,1,1,1,0,1,1,0,1,1,1,2,1,1,0,1,1,1,1,-1,-1,2]",t^8+50t^6+113t^4+8t^2,"[-2,-1,-1,0,0,1,1,2,-1,2,1,1,1,2,1,1,0,1,1,1,0,0,0,1,2,2,-1,0,0,0,1,0,1,-1,0,2]","[-2,-1,-1,0,0,1,1,2,0,2,0,1,0,2,1,1,0,1,1,1,1,0,0,1,2,2,1,0,0,1,1,0,1,-1,-1,2]","[-2,-1,-1,0,0,1,1,2,-1,2,1,1,1,2,3,1,1,1,0,1,1,0,1,1,1,3,-1,1,0,1,1,1,2,-1,-1,1]",c,"[[{8, 2}, {4, 7}, {1, 6}, {3, 5}], [{8, 2}, {6, 7}, {3, 5}, {1, 4}], [{8, 3}, {4, 7}, {1, 6}, {2, 5}], [{8, 3}, {6, 7}, {1, 5}, {2, 4}], [{8, 3}, {6, 7}, {1, 5}, {4}, {2}], [{8, 3}, {6, 7}, {2, 5}, {1, 4}], [{8, 3}, {6, 7}, {4, 5}, {1, 2}]]",1,16 K_1^3 - 20 K_1^2 - 16 K_1 K_2 - 4 K_1 + 10 K_2 + 4 K_3 + 11,O1O2O3O4U5U6O5U3O7O8U7U8U4U1O6U2,O1O2O3O4U3U4O5U6O7O6U2U5U8U1O8U7,O1O2O3O4U5O6U4U6U7U3O8O5U8O7U1U2,c,{'O1O2O3O4U3O5U4U1U6U7O6O7U2O8U5U8'},1,"<a href=""/flatknot/8.733654"">8.733654</a>",t^9-50t^7-196t^6-215t^5+68t^4+192t^3+40t^2,0,,
8.733655,O1O2O3O4U3O5U4U1U6U7O6O7U5O8U2U8,4,21z^2+106z+129,21w^3z^2+106w^2z+129w,False,False,"[[ 0 -2  0 -1  0  2 -1  1  1],[ 2  0  2 -1  1  2  2  2  1],[ 0 -2  0 -1  0  1 -1  1  1],[ 1  1  1  0  1  1  1  1  0],[ 0 -1  0 -1  0  1  0  0  0],[-2 -2 -1 -1 -1  0 -3 -1  0],[ 1 -2  1 -1  0  3  0  1  1],[-1 -2 -1 -1  0  1 -1  0  1],[-1 -1 -1  0  0  0 -1 -1  0]]","[[ 0  2  1  1  0  0 -1 -1 -2],[-2  0  0 -1 -1 -1 -1 -3 -2],[-1  0  0 -1  0 -1  0 -1 -1],[-1  1  1  0  0 -1 -1 -1 -2],[ 0  1  0  0  0  0 -1  0 -1],[ 0  1  1  1  0  0 -1 -1 -2],[ 1  1  0  1  1  1  0  1  1],[ 1  3  1  1  0  1 -1  0 -2],[ 2  2  1  2  1  2 -1  2  0]]",True,"[-2,-1,-1,0,0,1,1,2,0,1,1,1,1,3,2,1,0,1,0,1,1,0,1,1,1,2,0,1,0,1,1,1,2,-1,-1,2]","[-2,-1,-1,0,0,1,1,2,-1,2,0,1,1,2,2,1,0,1,1,1,0,0,0,1,2,2,0,0,0,1,1,1,1,-1,0,1]",t^8+42t^6+92t^4+49t^2+4,"[-2,-1,-1,0,0,1,1,2,-1,2,0,1,1,2,2,1,0,1,1,1,0,0,0,1,2,2,0,0,0,1,1,1,1,-1,0,1]","[-2,-1,-1,0,0,1,1,2,0,1,1,1,0,2,2,1,0,1,1,1,1,0,1,1,2,2,0,0,0,0,1,0,1,-1,-1,2]","[-2,-1,-1,0,0,1,1,2,-1,2,1,2,1,2,2,1,1,1,0,1,1,0,1,1,1,3,0,0,0,1,1,1,1,-1,0,1]",c,"[[{8, 1}, {6, 7}, {2, 5}, {3, 4}], [{8, 1}, {6, 7}, {4, 5}, {2, 3}], [{8, 2}, {6, 7}, {1, 5}, {3, 4}], [{8, 2}, {6, 7}, {4, 5}, {1, 3}], [{8, 3}, {6, 7}, {1, 5}, {2, 4}], [{8, 4}, {6, 7}, {1, 5}, {2, 3}], [{8, 4}, {6, 7}, {2, 5}, {1, 3}]]",1,24 K_1^3 + 8 K_1^2 K_2 - 32 K_1^2 - 28 K_1 K_2 - 8 K_1 K_3 - 4 K_1 + 16 K_2 + 8 K_3 + 2 K_4 + 15,O1O2O3O4U5U3O5U6O7O8U7U8U4U1O6U2,O1O2O3O4U3U4O5U6O7O6U2U7U8U1O8U5,O1O2O3O4U5O6U4U6U7U3O8O7U8O5U1U2,c,{'O1O2O3O4U3O5U4U1U6U7O6O7U5O8U2U8'},1,"<a href=""/flatknot/8.733655"">8.733655</a>",t^9-42t^7-146t^6-140t^5+26t^4+137t^3+132t^2+58t+6,0,,
8.733656,O1O2O3O4U3O5U4U1U6U7O6O8U2O7U5U8,4,17z^2+102z+137,17w^3z^2+102w^2z+137w,False,False,"[[ 0 -2  0 -1  0  2 -1  1  1],[ 2  0  1 -1  1  3  2  1  2],[ 0 -1  0 -1  1  1  0  1  1],[ 1  1  1  0  1  1  1  1  0],[ 0 -1 -1 -1  0  1  0  0  1],[-2 -3 -1 -1 -1  0 -3 -1  0],[ 1 -2  0 -1  0  3  0  1  2],[-1 -1 -1 -1  0  1 -1  0  1],[-1 -2 -1  0 -1  0 -2 -1  0]]","[[ 0  2  1  1  0  0 -1 -1 -2],[-2  0  0 -1 -1 -1 -1 -3 -3],[-1  0  0 -1 -1 -1  0 -2 -2],[-1  1  1  0  0 -1 -1 -1 -1],[ 0  1  1  0  0 -1 -1  0 -1],[ 0  1  1  1  1  0 -1  0 -1],[ 1  1  0  1  1  1  0  1  1],[ 1  3  2  1  0  0 -1  0 -2],[ 2  3  2  1  1  1 -1  2  0]]",True,"[-2,-1,-1,0,0,1,1,2,0,1,1,1,1,3,3,1,1,1,0,2,2,0,1,1,1,1,1,1,0,1,1,0,1,-1,-1,2]","[-2,-1,-1,0,0,1,1,2,-1,2,1,1,1,2,1,1,1,1,0,1,0,0,0,2,1,2,-1,0,0,1,0,1,1,1,1,0]",t^8+48t^6+114t^4+51t^2+4,"[-2,-1,-1,0,0,1,1,2,-1,2,1,1,1,2,1,1,1,1,0,1,0,0,0,2,1,2,-1,0,0,1,0,1,1,1,1,0]","[-2,-1,-1,0,0,1,1,2,0,1,1,1,0,2,1,1,0,1,1,1,2,0,0,0,2,1,1,1,0,1,1,0,1,-1,-1,2]","[-2,-1,-1,0,0,1,1,2,-1,2,1,1,1,2,3,1,1,1,1,0,1,0,0,1,2,3,-1,0,1,1,1,1,1,1,1,0]",c,"[[{8, 3}, {6, 7}, {1, 5}, {2, 4}]]",1,- 24 K_1^2 - 16 K_1 K_2 + 8 K_1 + 12 K_2 + 8 K_3 + 13,O1O2O3O4U5U6O7U3O5O8U7U8U4U1O6U2,O1O2O3O4U3U5O6U4O7O5U2U6U8U1O8U7,O1O2O3O4U5O6U4U6U7U3O8O5U1O7U8U2,c,{'O1O2O3O4U3O5U4U1U6U7O6O8U2O7U5U8'},1,"<a href=""/flatknot/8.733656"">8.733656</a>",t^9-48t^7-150t^6-36t^5+234t^4+108t^3-72t^2-10t-6,0,,
8.733657,O1O2O3O4U3O5U4U1U6U7O6O8U2O7U8U5,4,3z^3+29z^2+105z+119,3w^4z^3+29w^3z^2+105w^2z+119w,False,False,"[[ 0 -2  0 -1  0  3 -1  1  0],[ 2  0  1 -1  1  3  2  1  1],[ 0 -1  0 -1  1  2  0  1  0],[ 1  1  1  0  1  1  1  1  0],[ 0 -1 -1 -1  0  1  0  0  0],[-3 -3 -2 -1 -1  0 -4 -1 -1],[ 1 -2  0 -1  0  4  0  1  1],[-1 -1 -1 -1  0  1 -1  0  0],[ 0 -1  0  0  0  1 -1  0  0]]","[[ 0  3  1  0  0  0 -1 -1 -2],[-3  0 -1 -1 -1 -2 -1 -4 -3],[-1  1  0  0  0 -1 -1 -1 -1],[ 0  1  0  0  0  0  0 -1 -1],[ 0  1  0  0  0 -1 -1  0 -1],[ 0  2  1  0  1  0 -1  0 -1],[ 1  1  1  0  1  1  0  1  1],[ 1  4  1  1  0  0 -1  0 -2],[ 2  3  1  1  1  1 -1  2  0]]",True,"[-3,-1,0,0,0,1,1,2,1,1,1,2,1,4,3,0,0,1,1,1,1,0,0,0,1,1,1,1,0,1,1,0,1,-1,-1,2]","[-3,-1,0,0,0,1,1,2,1,1,1,2,1,4,3,0,0,1,1,1,1,0,0,0,1,1,1,1,0,1,1,0,1,-1,-1,2]",t^8+50t^6+111t^4+26t^2+1,"[-2,-1,-1,0,0,0,1,3,-1,2,1,1,1,2,2,1,0,1,1,1,0,1,0,0,1,3,0,0,1,2,-1,0,1,1,2,1]","[-3,-1,0,0,0,1,1,2,1,1,2,2,0,3,2,0,1,1,1,1,2,0,1,1,0,1,0,0,1,1,1,0,1,-1,-1,2]","[-2,-1,-1,0,0,0,1,3,-1,2,1,1,1,1,3,1,0,1,1,1,1,1,0,0,1,4,0,0,0,1,-1,0,1,1,2,1]",c,"[[{8, 3}, {4, 7}, {2, 6}, {1, 5}]]",1,- 8 K_1^4 + 8 K_1^3 + 8 K_1^2 K_2 - 18 K_1^2 - 10 K_1 K_2 - K_1 - 2 K_2^2 + 9 K_2 + 3 K_3 + 12,O1O2O3O4U5U6O7U3O6O8U7U8U4U1O5U2,O1O2O3O4U3U5O6U4O5O7U2U6U8U1O8U7,O1O2O3O4U5O6U4U6U7U3O5O8U1O7U8U2,c,{'O1O2O3O4U3O5U4U1U6U7O6O8U2O7U8U5'},1,"<a href=""/flatknot/8.733657"">8.733657</a>",t^9-46t^7-160t^6-90t^5+236t^4+311t^3+134t^2+60t+30,-t^3+t^2+t,,
8.733658,O1O2O3O4U3O5U4U1U6U7O6O8U5O7U2U8,3,15z^2+76z+93,15w^3z^2-4w^3z+80w^2z+93w,False,False,"[[ 0 -2  0 -1  0  2 -1  1  1],[ 2  0  2 -1  1  2  2  1  2],[ 0 -2  0 -1  0  2 -1  0  1],[ 1  1  1  0  1  1  1  1  0],[ 0 -1  0 -1  0  1  0 -1  1],[-2 -2 -2 -1 -1  0 -2 -1  0],[ 1 -2  1 -1  0  2  0  1  2],[-1 -1  0 -1  1  1 -1  0  1],[-1 -2 -1  0 -1  0 -2 -1  0]]","[[ 0  2  1  1  0  0 -1 -1 -2],[-2  0  0 -1 -1 -2 -1 -2 -2],[-1  0  0 -1 -1 -1  0 -2 -2],[-1  1  1  0  1  0 -1 -1 -1],[ 0  1  1 -1  0  0 -1  0 -1],[ 0  2  1  0  0  0 -1 -1 -2],[ 1  1  0  1  1  1  0  1  1],[ 1  2  2  1  0  1 -1  0 -2],[ 2  2  2  1  1  2 -1  2  0]]",True,"[-2,-1,-1,0,0,1,1,2,0,1,1,2,1,2,2,1,1,1,0,2,2,-1,0,1,1,1,0,1,0,1,1,1,2,-1,-1,2]","[-2,-1,-1,0,0,1,1,2,-1,2,0,1,1,2,2,1,0,1,0,1,1,0,0,2,1,2,0,0,1,0,0,2,1,1,1,0]",t^8+44t^6+119t^4+61t^2,"[-2,-1,-1,0,0,1,1,2,-1,2,0,1,1,2,2,1,0,1,0,1,1,0,0,2,1,2,0,0,1,0,0,2,1,1,1,0]","[-2,-1,-1,0,0,1,1,2,0,1,0,1,1,2,2,1,1,2,1,1,2,0,0,0,2,1,0,0,0,0,1,0,1,-1,-1,2]","[-2,-1,-1,0,0,1,1,2,-1,2,1,2,1,2,2,1,1,1,1,0,1,0,1,1,2,2,0,-1,1,1,0,1,2,1,1,0]",c,"[[{8, 3}, {6, 7}, {1, 5}, {2, 4}], [{8, 3}, {6, 7}, {1, 5}, {4}, {2}]]",1,8 K_1^3 + 8 K_1^2 K_2 - 16 K_1^2 - 12 K_1 K_2 - 8 K_1 K_3 + 8 K_2 + 4 K_3 + 2 K_4 + 7,O1O2O3O4U5U3O6U7O5O8U6U8U4U1O7U2,O1O2O3O4U3U5O6U4O7O5U2U7U8U1O8U6,O1O2O3O4U5O6U4U6U7U3O8O7U1O5U8U2,c,{'O1O2O3O4U3O5U4U1U6U7O6O8U5O7U2U8'},1,"<a href=""/flatknot/8.733658"">8.733658</a>",t^9-44t^7-152t^6-111t^5+122t^4+152t^3+30t^2-36t-24,0,,
8.733659,O1O2O3O4U3O5U4U1U6U7O6O8U5O7U8U2,4,15z^2+100z+141,15w^3z^2+100w^2z+141w,False,False,"[[ 0 -2  1 -1  0  2 -1  1  0],[ 2  0  2 -1  1  2  2  1  1],[-1 -2  0 -1  0  1 -2  0  0],[ 1  1  1  0  1  1  1  1  0],[ 0 -1  0 -1  0  1  0 -1  1],[-2 -2 -1 -1 -1  0 -2 -1  0],[ 1 -2  2 -1  0  2  0  1  1],[-1 -1  0 -1  1  1 -1  0  0],[ 0 -1  0  0 -1  0 -1  0  0]]","[[ 0  2  1  1  0  0 -1 -1 -2],[-2  0 -1 -1  0 -1 -1 -2 -2],[-1  1  0  0  0  1 -1 -1 -1],[-1  1  0  0  0  0 -1 -2 -2],[ 0  0  0  0  0 -1  0 -1 -1],[ 0  1 -1  0  1  0 -1  0 -1],[ 1  1  1  1  0  1  0  1  1],[ 1  2  1  2  1  0 -1  0 -2],[ 2  2  1  2  1  1 -1  2  0]]",True,"[-2,-1,-1,0,0,1,1,2,1,1,0,1,1,2,2,0,0,-1,1,1,1,0,0,1,2,2,1,0,1,1,1,0,1,-1,-1,2]","[-2,-1,-1,0,0,1,1,2,-1,2,1,1,1,2,2,1,0,1,0,1,1,1,0,1,1,2,1,1,1,2,1,2,1,0,0,0]",t^8+36t^6+114t^4+18t^2,"[-2,-1,-1,0,0,1,1,2,-1,2,1,1,1,2,2,1,0,1,0,1,1,1,0,1,1,2,1,1,1,2,1,2,1,0,0,0]","[-2,-1,-1,0,0,1,1,2,0,0,1,2,1,2,2,0,1,1,0,1,1,2,1,1,1,2,1,1,0,1,0,1,1,-1,-1,2]","[-2,-1,-1,0,0,1,1,2,-1,2,1,1,1,2,2,1,0,1,1,1,1,1,0,1,2,2,-1,0,0,0,-1,0,1,0,1,1]",c,"[[{8, 1}, {2, 7}, {3, 6}, {4, 5}], [{8, 1}, {2, 7}, {4, 6}, {3, 5}], [{8, 1}, {2, 7}, {5, 6}, {3, 4}], [{8, 1}, {2, 7}, {6}, {3, 5}, {4}], [{8, 1}, {3, 7}, {2, 6}, {4, 5}], [{8, 1}, {3, 7}, {4, 6}, {2, 5}], [{8, 1}, {3, 7}, {4, 6}, {5}, {2}], [{8, 1}, {3, 7}, {5, 6}, {2, 4}], [{8, 1}, {4, 7}, {2, 6}, {3, 5}], [{8, 1}, {4, 7}, {3, 6}, {2, 5}], [{8, 1}, {4, 7}, {5, 6}, {2, 3}], [{8, 1}, {4, 7}, {6}, {3, 5}, {2}], [{8, 1}, {5, 7}, {2, 6}, {3, 4}], [{8, 1}, {5, 7}, {3, 6}, {2, 4}], [{8, 1}, {5, 7}, {4, 6}, {2, 3}], [{8, 1}, {5, 7}, {6}, {4}, {2, 3}], [{8, 1}, {6, 7}, {2, 5}, {3, 4}], [{8, 1}, {6, 7}, {3, 5}, {2, 4}], [{8, 1}, {6, 7}, {4, 5}, {2, 3}], [{8, 1}, {6, 7}, {5}, {4}, {2, 3}], [{8, 1}, {7}, {2, 6}, {4, 5}, {3}], [{8, 1}, {7}, {5, 6}, {4}, {2, 3}], [{8, 1}, {7}, {6}, {2, 5}, {3, 4}], [{8, 1}, {7}, {6}, {3, 5}, {2, 4}], [{8, 2}, {1, 7}, {3, 6}, {4, 5}], [{8, 2}, {1, 7}, {4, 6}, {3, 5}], [{8, 2}, {1, 7}, {5, 6}, {3, 4}], [{8, 2}, {3, 7}, {1, 6}, {4, 5}], [{8, 2}, {3, 7}, {4, 6}, {1, 5}], [{8, 2}, {3, 7}, {5, 6}, {1, 4}], [{8, 2}, {4, 7}, {1, 6}, {3, 5}], [{8, 2}, {4, 7}, {3, 6}, {1, 5}], [{8, 2}, {4, 7}, {5, 6}, {1, 3}], [{8, 2}, {5, 7}, {1, 6}, {3, 4}], [{8, 2}, {5, 7}, {3, 6}, {1, 4}], [{8, 2}, {5, 7}, {4, 6}, {1, 3}], [{8, 2}, {6, 7}, {1, 5}, {3, 4}], [{8, 2}, {6, 7}, {1, 5}, {4}, {3}], [{8, 2}, {6, 7}, {3, 5}, {1, 4}], [{8, 2}, {6, 7}, {4, 5}, {1, 3}], [{8, 2}, {7}, {4, 6}, {5}, {1, 3}], [{8, 3}, {1, 7}, {2, 6}, {4, 5}], [{8, 3}, {1, 7}, {2, 6}, {5}, {4}], [{8, 3}, {1, 7}, {4, 6}, {2, 5}], [{8, 3}, {1, 7}, {4, 6}, {5}, {2}], [{8, 3}, {1, 7}, {5, 6}, {2, 4}], [{8, 3}, {1, 7}, {6}, {5}, {2, 4}], [{8, 3}, {2, 7}, {1, 6}, {4, 5}], [{8, 3}, {2, 7}, {4, 6}, {1, 5}], [{8, 3}, {2, 7}, {5, 6}, {1, 4}], [{8, 3}, {4, 7}, {1, 6}, {2, 5}], [{8, 3}, {4, 7}, {2, 6}, {1, 5}], [{8, 3}, {4, 7}, {5, 6}, {1, 2}], [{8, 3}, {4, 7}, {5, 6}, {2}, {1}], [{8, 3}, {5, 7}, {1, 6}, {2, 4}], [{8, 3}, {5, 7}, {1, 6}, {4}, {2}], [{8, 3}, {5, 7}, {2, 6}, {1, 4}], [{8, 3}, {5, 7}, {4, 6}, {1, 2}], [{8, 3}, {6, 7}, {1, 5}, {2, 4}], [{8, 3}, {6, 7}, {1, 5}, {4}, {2}], [{8, 3}, {6, 7}, {2, 5}, {1, 4}], [{8, 3}, {6, 7}, {4, 5}, {1, 2}], [{8, 3}, {6, 7}, {5}, {2, 4}, {1}], [{8, 3}, {7}, {1, 6}, {5}, {2, 4}], [{8, 3}, {7}, {5, 6}, {4}, {1, 2}], [{8, 4}, {1, 7}, {2, 6}, {3, 5}], [{8, 4}, {1, 7}, {3, 6}, {2, 5}], [{8, 4}, {1, 7}, {5, 6}, {2, 3}], [{8, 4}, {2, 7}, {1, 6}, {3, 5}], [{8, 4}, {2, 7}, {3, 6}, {1, 5}], [{8, 4}, {2, 7}, {5, 6}, {1, 3}], [{8, 4}, {2, 7}, {5, 6}, {3}, {1}], [{8, 4}, {3, 7}, {1, 6}, {2, 5}], [{8, 4}, {3, 7}, {2, 6}, {1, 5}], [{8, 4}, {3, 7}, {5, 6}, {1, 2}], [{8, 4}, {5, 7}, {1, 6}, {2, 3}], [{8, 4}, {5, 7}, {2, 6}, {1, 3}], [{8, 4}, {5, 7}, {3, 6}, {1, 2}], [{8, 4}, {6, 7}, {1, 5}, {2, 3}], [{8, 4}, {6, 7}, {2, 5}, {1, 3}], [{8, 4}, {6, 7}, {3, 5}, {1, 2}], [{8, 4}, {6, 7}, {3, 5}, {2}, {1}], [{8, 4}, {7}, {1, 6}, {5}, {2, 3}], [{8, 4}, {7}, {3, 6}, {2, 5}, {1}], [{8, 4}, {7}, {6}, {3, 5}, {1, 2}], [{8, 5}, {1, 7}, {2, 6}, {3, 4}], [{8, 5}, {1, 7}, {2, 6}, {4}, {3}], [{8, 5}, {1, 7}, {3, 6}, {2, 4}], [{8, 5}, {1, 7}, {4, 6}, {2, 3}], [{8, 5}, {2, 7}, {1, 6}, {3, 4}], [{8, 5}, {2, 7}, {3, 6}, {1, 4}], [{8, 5}, {2, 7}, {4, 6}, {1, 3}], [{8, 5}, {3, 7}, {1, 6}, {2, 4}], [{8, 5}, {3, 7}, {2, 6}, {1, 4}], [{8, 5}, {3, 7}, {4, 6}, {1, 2}], [{8, 5}, {4, 7}, {1, 6}, {2, 3}], [{8, 5}, {4, 7}, {2, 6}, {1, 3}], [{8, 5}, {4, 7}, {3, 6}, {1, 2}], [{8, 5}, {6, 7}, {1, 4}, {2, 3}], [{8, 5}, {6, 7}, {1, 4}, {3}, {2}], [{8, 5}, {6, 7}, {2, 4}, {1, 3}], [{8, 5}, {6, 7}, {3, 4}, {1, 2}], [{8, 5}, {6, 7}, {4}, {2, 3}, {1}], [{8, 5}, {7}, {3, 6}, {2, 4}, {1}], [{8, 5}, {7}, {4, 6}, {1, 3}, {2}], [{8, 5}, {7}, {6}, {3, 4}, {1, 2}], [{8, 6}, {1, 7}, {2, 5}, {3, 4}], [{8, 6}, {1, 7}, {3, 5}, {2, 4}], [{8, 6}, {1, 7}, {4, 5}, {2, 3}], [{8, 6}, {1, 7}, {4, 5}, {3}, {2}], [{8, 6}, {2, 7}, {1, 5}, {3, 4}], [{8, 6}, {2, 7}, {3, 5}, {1, 4}], [{8, 6}, {2, 7}, {4, 5}, {1, 3}], [{8, 6}, {2, 7}, {4, 5}, {3}, {1}], [{8, 6}, {3, 7}, {1, 5}, {2, 4}], [{8, 6}, {3, 7}, {2, 5}, {1, 4}], [{8, 6}, {3, 7}, {4, 5}, {1, 2}], [{8, 6}, {4, 7}, {1, 5}, {2, 3}], [{8, 6}, {4, 7}, {1, 5}, {3}, {2}], [{8, 6}, {4, 7}, {2, 5}, {1, 3}], [{8, 6}, {4, 7}, {3, 5}, {1, 2}], [{8, 6}, {4, 7}, {5}, {2, 3}, {1}], [{8, 6}, {5, 7}, {1, 4}, {2, 3}], [{8, 6}, {5, 7}, {2, 4}, {1, 3}], [{8, 6}, {5, 7}, {3, 4}, {1, 2}], [{8, 6}, {7}, {4, 5}, {3}, {1, 2}], [{8, 7}, {1, 6}, {2, 5}, {3, 4}], [{8, 7}, {1, 6}, {3, 5}, {2, 4}], [{8, 7}, {1, 6}, {3, 5}, {4}, {2}], [{8, 7}, {1, 6}, {4, 5}, {2, 3}], [{8, 7}, {1, 6}, {4, 5}, {3}, {2}], [{8, 7}, {1, 6}, {5}, {3, 4}, {2}], [{8, 7}, {2, 6}, {1, 5}, {3, 4}], [{8, 7}, {2, 6}, {3, 5}, {1, 4}], [{8, 7}, {2, 6}, {4, 5}, {1, 3}], [{8, 7}, {2, 6}, {5}, {3, 4}, {1}], [{8, 7}, {3, 6}, {1, 5}, {2, 4}], [{8, 7}, {3, 6}, {1, 5}, {4}, {2}], [{8, 7}, {3, 6}, {2, 5}, {1, 4}], [{8, 7}, {3, 6}, {2, 5}, {4}, {1}], [{8, 7}, {3, 6}, {4, 5}, {1, 2}], [{8, 7}, {3, 6}, {4, 5}, {2}, {1}], [{8, 7}, {3, 6}, {5}, {1, 4}, {2}], [{8, 7}, {3, 6}, {5}, {2, 4}, {1}], [{8, 7}, {3, 6}, {5}, {4}, {1, 2}], [{8, 7}, {3, 6}, {5}, {4}, {2}, {1}], [{8, 7}, {4, 6}, {1, 5}, {2, 3}], [{8, 7}, {4, 6}, {1, 5}, {3}, {2}], [{8, 7}, {4, 6}, {2, 5}, {1, 3}], [{8, 7}, {4, 6}, {2, 5}, {3}, {1}], [{8, 7}, {4, 6}, {3, 5}, {1, 2}], [{8, 7}, {4, 6}, {3, 5}, {2}, {1}], [{8, 7}, {4, 6}, {5}, {1, 3}, {2}], [{8, 7}, {4, 6}, {5}, {2, 3}, {1}], [{8, 7}, {4, 6}, {5}, {3}, {1, 2}], [{8, 7}, {4, 6}, {5}, {3}, {2}, {1}], [{8, 7}, {5, 6}, {1, 4}, {2, 3}], [{8, 7}, {5, 6}, {1, 4}, {3}, {2}], [{8, 7}, {5, 6}, {2, 4}, {1, 3}], [{8, 7}, {5, 6}, {3, 4}, {1, 2}], [{8, 7}, {5, 6}, {3, 4}, {2}, {1}], [{8, 7}, {5, 6}, {4}, {1, 3}, {2}], [{8, 7}, {6}, {1, 5}, {3, 4}, {2}], [{8, 7}, {6}, {2, 5}, {3, 4}, {1}], [{8, 7}, {6}, {3, 5}, {1, 4}, {2}], [{8, 7}, {6}, {4, 5}, {1, 3}, {2}], [{8, 7}, {6}, {5}, {3, 4}, {1, 2}], [{8, 7}, {6}, {5}, {3, 4}, {2}, {1}], [{8}, {1, 7}, {2, 6}, {3, 5}, {4}], [{8}, {1, 7}, {5, 6}, {2, 4}, {3}], [{8}, {1, 7}, {6}, {2, 5}, {3, 4}], [{8}, {2, 7}, {4, 6}, {5}, {1, 3}], [{8}, {3, 7}, {2, 6}, {1, 5}, {4}], [{8}, {4, 7}, {1, 6}, {2, 5}, {3}], [{8}, {4, 7}, {3, 6}, {2, 5}, {1}], [{8}, {4, 7}, {5, 6}, {3}, {1, 2}], [{8}, {4, 7}, {6}, {2, 5}, {1, 3}], [{8}, {5, 7}, {1, 6}, {2, 4}, {3}], [{8}, {5, 7}, {2, 6}, {4}, {1, 3}], [{8}, {5, 7}, {3, 6}, {2, 4}, {1}], [{8}, {5, 7}, {4, 6}, {1, 3}, {2}], [{8}, {5, 7}, {6}, {2, 4}, {1, 3}], [{8}, {5, 7}, {6}, {3, 4}, {1, 2}], [{8}, {6, 7}, {1, 5}, {4}, {2, 3}], [{8}, {6, 7}, {2, 5}, {4}, {1, 3}], [{8}, {6, 7}, {3, 5}, {4}, {1, 2}], [{8}, {7}, {4, 6}, {2, 5}, {1, 3}], [{8}, {7}, {4, 6}, {5}, {1, 3}, {2}]]",2,8 K_1^3 - 32 K_1^2 - 12 K_1 K_2 + 16 K_2 + 4 K_3 + 17,O1O2O3O4U3U5O6U7O5O8U6U8U4U1O7U2,O1O2O3O4U3U5O6U4O5O7U2U7U8U1O8U6,O1O2O3O4U5O6U4U6U7U3O7O8U1O5U8U2,c,{'O1O2O3O4U3O5U4U1U6U7O6O8U5O7U8U2'},1,"<a href=""/flatknot/8.733659"">8.733659</a>",t^9-36t^7-114t^6-86t^5+62t^4+119t^3+124t^2+81t+8,0,,
8.733660,O1O2O3O4U3O5U4U1U6U2O7O6U5O8U7U8,4,12z^2+97z+147,12w^3z^2+97w^2z+147w,False,False,"[[ 0 -2  1 -1  0  2  0 -1  1],[ 2  0  1 -1  1  3  1  1  0],[-1 -1  0 -1  1  1 -1  0  0],[ 1  1  1  0  1  1  1  0  0],[ 0 -1 -1 -1  0  1  0  1  0],[-2 -3 -1 -1 -1  0 -2  0  1],[ 0 -1  1 -1  0  2  0 -1  0],[ 1 -1  0  0 -1  0  1  0  1],[-1  0  0  0  0 -1  0 -1  0]]","[[ 0  2  1  1  0  0 -1 -1 -2],[-2  0  1 -1 -1 -2  0 -1 -3],[-1 -1  0  0  0  0 -1  0  0],[-1  1  0  0  1 -1  0 -1 -1],[ 0  1  0 -1  0  0  1 -1 -1],[ 0  2  0  1  0  0 -1 -1 -1],[ 1  0  1  0 -1  1  0  0 -1],[ 1  1  0  1  1  1  0  0  1],[ 2  3  0  1  1  1  1 -1  0]]",True,"[-2,-1,-1,0,0,1,1,2,-1,1,1,2,0,1,3,0,0,0,1,0,0,-1,1,0,1,1,0,-1,1,1,1,1,1,0,1,-1]","[-2,-1,-1,0,0,1,1,2,-1,1,1,1,0,1,3,0,1,1,0,1,1,-1,1,1,0,0,0,0,-1,1,0,1,2,0,-1,1]",t^8+30t^6+137t^4+81t^2+1,"[-2,-1,-1,0,0,1,1,2,0,2,1,1,2,3,1,0,0,2,2,1,3,0,0,1,2,2,0,0,1,0,2,1,1,0,0,2]","[-2,-1,-1,0,0,1,1,2,0,2,0,1,2,3,1,0,0,2,1,2,2,1,1,2,1,3,0,0,0,1,0,2,1,0,2,0]","[-2,-1,-1,0,0,1,1,2,-1,1,1,1,0,1,3,0,1,1,0,1,1,-1,1,1,0,0,0,0,-1,1,0,1,2,0,-1,1]",c,"[[{8, 1}, {2, 7}, {3, 6}, {4, 5}], [{8, 1}, {2, 7}, {3, 6}, {5}, {4}], [{8, 1}, {2, 7}, {4, 6}, {3, 5}], [{8, 1}, {2, 7}, {4, 6}, {5}, {3}], [{8, 1}, {2, 7}, {5, 6}, {3, 4}], [{8, 1}, {2, 7}, {5, 6}, {4}, {3}], [{8, 1}, {2, 7}, {6}, {3, 5}, {4}], [{8, 1}, {2, 7}, {6}, {4, 5}, {3}], [{8, 1}, {2, 7}, {6}, {5}, {3, 4}], [{8, 1}, {2, 7}, {6}, {5}, {4}, {3}], [{8, 1}, {3, 7}, {2, 6}, {4, 5}], [{8, 1}, {3, 7}, {2, 6}, {5}, {4}], [{8, 1}, {3, 7}, {4, 6}, {2, 5}], [{8, 1}, {3, 7}, {4, 6}, {5}, {2}], [{8, 1}, {3, 7}, {5, 6}, {2, 4}], [{8, 1}, {3, 7}, {5, 6}, {4}, {2}], [{8, 1}, {3, 7}, {6}, {2, 5}, {4}], [{8, 1}, {3, 7}, {6}, {4, 5}, {2}], [{8, 1}, {3, 7}, {6}, {5}, {2, 4}], [{8, 1}, {3, 7}, {6}, {5}, {4}, {2}], [{8, 1}, {4, 7}, {2, 6}, {3, 5}], [{8, 1}, {4, 7}, {3, 6}, {2, 5}], [{8, 1}, {4, 7}, {5, 6}, {2, 3}], [{8, 1}, {4, 7}, {6}, {2, 5}, {3}], [{8, 1}, {4, 7}, {6}, {3, 5}, {2}], [{8, 1}, {4, 7}, {6}, {5}, {2, 3}], [{8, 1}, {5, 7}, {2, 6}, {3, 4}], [{8, 1}, {5, 7}, {3, 6}, {2, 4}], [{8, 1}, {5, 7}, {4, 6}, {2, 3}], [{8, 1}, {5, 7}, {6}, {2, 4}, {3}], [{8, 1}, {5, 7}, {6}, {3, 4}, {2}], [{8, 1}, {5, 7}, {6}, {4}, {2, 3}], [{8, 1}, {6, 7}, {2, 5}, {3, 4}], [{8, 1}, {6, 7}, {3, 5}, {2, 4}], [{8, 1}, {6, 7}, {4, 5}, {2, 3}], [{8, 1}, {6, 7}, {4, 5}, {3}, {2}], [{8, 1}, {6, 7}, {5}, {4}, {2, 3}], [{8, 1}, {7}, {2, 6}, {4, 5}, {3}], [{8, 1}, {7}, {3, 6}, {4, 5}, {2}], [{8, 1}, {7}, {4, 6}, {5}, {2, 3}], [{8, 1}, {7}, {5, 6}, {4}, {2, 3}], [{8, 1}, {7}, {6}, {2, 5}, {3, 4}], [{8, 1}, {7}, {6}, {3, 5}, {2, 4}], [{8, 1}, {7}, {6}, {4, 5}, {2, 3}], [{8, 1}, {7}, {6}, {4, 5}, {3}, {2}], [{8, 1}, {7}, {6}, {5}, {4}, {2, 3}], [{8, 2}, {1, 7}, {3, 6}, {4, 5}], [{8, 2}, {1, 7}, {4, 6}, {3, 5}], [{8, 2}, {1, 7}, {5, 6}, {3, 4}], [{8, 2}, {3, 7}, {1, 6}, {4, 5}], [{8, 2}, {3, 7}, {4, 6}, {1, 5}], [{8, 2}, {3, 7}, {5, 6}, {1, 4}], [{8, 2}, {3, 7}, {5, 6}, {4}, {1}], [{8, 2}, {4, 7}, {1, 6}, {3, 5}], [{8, 2}, {4, 7}, {3, 6}, {1, 5}], [{8, 2}, {4, 7}, {5, 6}, {1, 3}], [{8, 2}, {5, 7}, {1, 6}, {3, 4}], [{8, 2}, {5, 7}, {3, 6}, {1, 4}], [{8, 2}, {5, 7}, {4, 6}, {1, 3}], [{8, 2}, {6, 7}, {1, 5}, {3, 4}], [{8, 2}, {6, 7}, {1, 5}, {4}, {3}], [{8, 2}, {6, 7}, {3, 5}, {1, 4}], [{8, 2}, {6, 7}, {4, 5}, {1, 3}], [{8, 2}, {7}, {3, 6}, {5}, {1, 4}], [{8, 3}, {1, 7}, {2, 6}, {4, 5}], [{8, 3}, {1, 7}, {2, 6}, {5}, {4}], [{8, 3}, {1, 7}, {4, 6}, {2, 5}], [{8, 3}, {1, 7}, {5, 6}, {2, 4}], [{8, 3}, {2, 7}, {1, 6}, {4, 5}], [{8, 3}, {2, 7}, {4, 6}, {1, 5}], [{8, 3}, {2, 7}, {5, 6}, {1, 4}], [{8, 3}, {2, 7}, {6}, {1, 5}, {4}], [{8, 3}, {4, 7}, {1, 6}, {2, 5}], [{8, 3}, {4, 7}, {2, 6}, {1, 5}], [{8, 3}, {4, 7}, {5, 6}, {1, 2}], [{8, 3}, {5, 7}, {1, 6}, {2, 4}], [{8, 3}, {5, 7}, {2, 6}, {1, 4}], [{8, 3}, {5, 7}, {2, 6}, {4}, {1}], [{8, 3}, {5, 7}, {4, 6}, {1, 2}], [{8, 3}, {6, 7}, {1, 5}, {2, 4}], [{8, 3}, {6, 7}, {1, 5}, {4}, {2}], [{8, 3}, {6, 7}, {2, 5}, {1, 4}], [{8, 3}, {6, 7}, {4, 5}, {1, 2}], [{8, 3}, {7}, {2, 6}, {1, 5}, {4}], [{8, 4}, {1, 7}, {2, 6}, {3, 5}], [{8, 4}, {1, 7}, {3, 6}, {2, 5}], [{8, 4}, {1, 7}, {5, 6}, {2, 3}], [{8, 4}, {2, 7}, {1, 6}, {3, 5}], [{8, 4}, {2, 7}, {3, 6}, {1, 5}], [{8, 4}, {2, 7}, {5, 6}, {1, 3}], [{8, 4}, {3, 7}, {1, 6}, {2, 5}], [{8, 4}, {3, 7}, {2, 6}, {1, 5}], [{8, 4}, {3, 7}, {5, 6}, {1, 2}], [{8, 4}, {5, 7}, {1, 6}, {2, 3}], [{8, 4}, {5, 7}, {2, 6}, {1, 3}], [{8, 4}, {5, 7}, {3, 6}, {1, 2}], [{8, 4}, {6, 7}, {1, 5}, {2, 3}], [{8, 4}, {6, 7}, {2, 5}, {1, 3}], [{8, 4}, {6, 7}, {2, 5}, {3}, {1}], [{8, 4}, {6, 7}, {3, 5}, {1, 2}], [{8, 4}, {6, 7}, {3, 5}, {2}, {1}], [{8, 4}, {6, 7}, {5}, {2, 3}, {1}], [{8, 5}, {1, 7}, {2, 6}, {3, 4}], [{8, 5}, {1, 7}, {3, 6}, {2, 4}], [{8, 5}, {1, 7}, {4, 6}, {2, 3}], [{8, 5}, {1, 7}, {6}, {4}, {2, 3}], [{8, 5}, {2, 7}, {1, 6}, {3, 4}], [{8, 5}, {2, 7}, {3, 6}, {1, 4}], [{8, 5}, {2, 7}, {4, 6}, {1, 3}], [{8, 5}, {2, 7}, {6}, {4}, {1, 3}], [{8, 5}, {3, 7}, {1, 6}, {2, 4}], [{8, 5}, {3, 7}, {2, 6}, {1, 4}], [{8, 5}, {3, 7}, {4, 6}, {1, 2}], [{8, 5}, {4, 7}, {1, 6}, {2, 3}], [{8, 5}, {4, 7}, {2, 6}, {1, 3}], [{8, 5}, {4, 7}, {3, 6}, {1, 2}], [{8, 5}, {6, 7}, {1, 4}, {2, 3}], [{8, 5}, {6, 7}, {2, 4}, {1, 3}], [{8, 5}, {6, 7}, {2, 4}, {3}, {1}], [{8, 5}, {6, 7}, {3, 4}, {1, 2}], [{8, 5}, {6, 7}, {3, 4}, {2}, {1}], [{8, 5}, {6, 7}, {4}, {2, 3}, {1}], [{8, 5}, {7}, {1, 6}, {4}, {2, 3}], [{8, 5}, {7}, {3, 6}, {1, 4}, {2}], [{8, 6}, {1, 7}, {2, 5}, {3, 4}], [{8, 6}, {1, 7}, {3, 5}, {2, 4}], [{8, 6}, {1, 7}, {4, 5}, {2, 3}], [{8, 6}, {1, 7}, {5}, {4}, {2, 3}], [{8, 6}, {2, 7}, {1, 5}, {3, 4}], [{8, 6}, {2, 7}, {3, 5}, {1, 4}], [{8, 6}, {2, 7}, {4, 5}, {1, 3}], [{8, 6}, {3, 7}, {1, 5}, {2, 4}], [{8, 6}, {3, 7}, {2, 5}, {1, 4}], [{8, 6}, {3, 7}, {4, 5}, {1, 2}], [{8, 6}, {4, 7}, {1, 5}, {2, 3}], [{8, 6}, {4, 7}, {2, 5}, {1, 3}], [{8, 6}, {4, 7}, {3, 5}, {1, 2}], [{8, 6}, {5, 7}, {1, 4}, {2, 3}], [{8, 6}, {5, 7}, {2, 4}, {1, 3}], [{8, 6}, {5, 7}, {3, 4}, {1, 2}], [{8, 6}, {5, 7}, {4}, {1, 3}, {2}], [{8, 6}, {5, 7}, {4}, {2, 3}, {1}], [{8, 6}, {5, 7}, {4}, {3}, {1, 2}], [{8, 6}, {7}, {1, 5}, {4}, {2, 3}], [{8, 6}, {7}, {3, 5}, {1, 4}, {2}], [{8, 6}, {7}, {5}, {2, 4}, {1, 3}], [{8, 7}, {1, 6}, {2, 5}, {3, 4}], [{8, 7}, {1, 6}, {3, 5}, {2, 4}], [{8, 7}, {1, 6}, {4, 5}, {2, 3}], [{8, 7}, {1, 6}, {5}, {4}, {2, 3}], [{8, 7}, {2, 6}, {1, 5}, {3, 4}], [{8, 7}, {2, 6}, {3, 5}, {1, 4}], [{8, 7}, {2, 6}, {4, 5}, {1, 3}], [{8, 7}, {3, 6}, {1, 5}, {2, 4}], [{8, 7}, {3, 6}, {2, 5}, {1, 4}], [{8, 7}, {3, 6}, {4, 5}, {1, 2}], [{8, 7}, {3, 6}, {5}, {4}, {1, 2}], [{8, 7}, {4, 6}, {1, 5}, {2, 3}], [{8, 7}, {4, 6}, {2, 5}, {1, 3}], [{8, 7}, {4, 6}, {3, 5}, {1, 2}], [{8, 7}, {5, 6}, {1, 4}, {2, 3}], [{8, 7}, {5, 6}, {1, 4}, {3}, {2}], [{8, 7}, {5, 6}, {2, 4}, {1, 3}], [{8, 7}, {5, 6}, {3, 4}, {1, 2}], [{8, 7}, {5, 6}, {4}, {2, 3}, {1}], [{8, 7}, {6}, {1, 5}, {4}, {2, 3}], [{8, 7}, {6}, {3, 5}, {2, 4}, {1}], [{8}, {1, 7}, {3, 6}, {5}, {2, 4}], [{8}, {1, 7}, {5, 6}, {2, 4}, {3}], [{8}, {1, 7}, {5, 6}, {3, 4}, {2}], [{8}, {1, 7}, {5, 6}, {4}, {2, 3}], [{8}, {1, 7}, {6}, {3, 5}, {2, 4}], [{8}, {2, 7}, {3, 6}, {4, 5}, {1}], [{8}, {2, 7}, {5, 6}, {3, 4}, {1}], [{8}, {3, 7}, {2, 6}, {4, 5}, {1}], [{8}, {3, 7}, {5, 6}, {4}, {1, 2}], [{8}, {4, 7}, {5, 6}, {3}, {1, 2}], [{8}, {5, 7}, {1, 6}, {4}, {2, 3}], [{8}, {5, 7}, {3, 6}, {2, 4}, {1}], [{8}, {6, 7}, {1, 5}, {4}, {2, 3}], [{8}, {6, 7}, {4, 5}, {2, 3}, {1}], [{8}, {6, 7}, {5}, {1, 4}, {2, 3}], [{8}, {6, 7}, {5}, {4}, {2, 3}, {1}], [{8}, {7}, {3, 6}, {1, 5}, {2, 4}], [{8}, {7}, {3, 6}, {2, 5}, {1, 4}], [{8}, {7}, {5, 6}, {3, 4}, {1, 2}]]",2,8 K_1^3 - 32 K_1^2 - 20 K_1 K_2 + 4 K_1 + 16 K_2 + 8 K_3 + 17,O1O2O3O4U5U6O5U7O8O6U3U8U4U1O7U2,O1O2O3O4U5U3O6U7O5O7U2U4U8U1O8U6,O1O2O3O4U5O6U4U6U1U3O7O8U7O5U2U8,c,{'O1O2O3O4U3O5U4U1U6U2O7O6U5O8U7U8'},1,"<a href=""/flatknot/8.733660"">8.733660</a>",t^9-30t^7-62t^6+7t^5+16t^4+t^3+48t^2+21t-2,0,,
8.733661,O1O2O3O4U3O5U4U1U6U2O7O6U7O8U5U8,3,16z^2+93z+123,16w^3z^2+93w^2z+123w,False,False,"[[ 0 -2  1 -1  0  2  0 -1  1],[ 2  0  1 -1  1  3  1  0  1],[-1 -1  0 -1  1  1 -1 -1  1],[ 1  1  1  0  1  1  1  0  0],[ 0 -1 -1 -1  0  1  0  0  1],[-2 -3 -1 -1 -1  0 -1 -1  1],[ 0 -1  1 -1  0  1  0 -1  1],[ 1  0  1  0  0  1  1  0  0],[-1 -1 -1  0 -1 -1 -1  0  0]]","[[ 0  2  1  1  0  0 -1 -1 -2],[-2  0  1 -1 -1 -1 -1 -1 -3],[-1 -1  0 -1 -1 -1  0  0 -1],[-1  1  1  0  1 -1 -1 -1 -1],[ 0  1  1 -1  0  0  0 -1 -1],[ 0  1  1  1  0  0 -1 -1 -1],[ 1  1  0  1  0  1  0  0  0],[ 1  1  0  1  1  1  0  0  1],[ 2  3  1  1  1  1  0 -1  0]]",True,"[-2,-1,-1,0,0,1,1,2,-1,1,1,1,1,1,3,1,1,1,0,0,1,-1,1,1,1,1,0,0,1,1,1,1,1,0,0,-1]","[-2,-1,-1,0,0,1,1,2,-1,0,1,1,1,1,3,0,1,1,0,1,1,0,1,0,1,1,0,1,-1,1,1,1,1,-1,-1,1]",t^8+30t^6+78t^4+17t^2,"[-2,-1,-1,0,0,1,1,2,1,2,1,1,2,2,1,0,0,1,1,2,2,0,0,1,2,2,0,0,0,1,2,0,1,-1,0,2]","[-2,-1,-1,0,0,1,1,2,0,2,1,1,2,2,1,1,0,2,1,1,2,0,0,2,2,2,0,0,0,1,0,1,1,0,2,1]","[-2,-1,-1,0,0,1,1,2,-1,0,1,1,1,1,3,0,1,1,0,1,1,0,1,0,1,1,0,1,-1,1,1,1,1,-1,-1,1]",c,"[[{8, 3}, {2, 7}, {4, 6}, {1, 5}], [{8, 3}, {2, 7}, {6}, {1, 5}, {4}], [{8, 7}, {4, 6}, {1, 5}, {2, 3}], [{8, 7}, {6}, {1, 5}, {4}, {2, 3}]]",1,4 K_1^3 - 32 K_1^2 - 16 K_1 K_2 + 5 K_1 + 16 K_2 + 7 K_3 + 17,O1O2O3O4U5U6O5U7O8O7U3U8U4U1O6U2,O1O2O3O4U5U3O5U6O7O6U2U4U8U1O8U7,O1O2O3O4U5O6U4U6U1U3O7O5U7O8U2U8,c,{'O1O2O3O4U3O5U4U1U6U2O7O6U7O8U5U8'},1,"<a href=""/flatknot/8.733661"">8.733661</a>",t^9-30t^7-70t^6-4t^5+84t^4+34t^3-24t^2-12t,0,,
8.733662,O1O2O3O4U3O5U4U1U6U7O8O6U2O7U5U8,4,20z^2+105z+131,20w^3z^2+105w^2z+131w,False,False,"[[ 0 -2  0 -1  0  2  0  1  0],[ 2  0  1 -1  1  3  2  1  2],[ 0 -1  0 -1  1  1  0  1  0],[ 1  1  1  0  1  1  1  1  0],[ 0 -1 -1 -1  0  1  0  0  1],[-2 -3 -1 -1 -1  0 -3 -1 -1],[ 0 -2  0 -1  0  3  0  0  1],[-1 -1 -1 -1  0  1  0  0  0],[ 0 -2  0  0 -1  1 -1  0  0]]","[[ 0  2  1  0  0  0  0 -1 -2],[-2  0 -1 -1 -1 -1 -3 -1 -3],[-1  1  0  0  0 -1  0 -1 -1],[ 0  1  0  0  1 -1  0 -1 -1],[ 0  1  0 -1  0  0 -1  0 -2],[ 0  1  1  1  0  0  0 -1 -1],[ 0  3  0  0  1  0  0 -1 -2],[ 1  1  1  1  0  1  1  0  1],[ 2  3  1  1  2  1  2 -1  0]]",True,"[-2,-1,0,0,0,0,1,2,1,1,1,1,3,1,3,0,0,1,0,1,1,-1,1,0,1,1,0,1,0,2,0,1,1,1,2,-1]","[-2,-1,0,0,0,0,1,2,-1,1,1,2,2,1,3,1,1,0,1,1,1,-1,1,0,0,1,0,0,1,1,-1,0,1,0,3,1]",t^8+43t^6+147t^4+71t^2+4,"[-2,-1,0,0,0,0,1,2,2,0,0,1,1,2,1,0,1,0,0,1,2,-1,0,0,1,-1,0,1,1,1,-1,0,1,1,1,0]","[-2,-1,0,0,0,0,1,2,0,-1,1,1,1,2,1,1,0,1,1,1,2,0,0,1,0,0,1,0,0,1,1,0,1,1,0,2]","[-2,-1,0,0,0,0,1,2,-1,1,1,2,2,1,3,1,1,0,1,1,1,-1,1,0,0,1,0,0,1,1,-1,0,1,0,3,1]",c,"[[{8, 2}, {3, 7}, {4, 6}, {1, 5}], [{8, 5}, {1, 7}, {4, 6}, {2, 3}], [{8, 7}, {4, 6}, {3, 5}, {1, 2}], [{8, 7}, {5, 6}, {3, 4}, {1, 2}]]",1,12 K_1^3 - 36 K_1^2 - 16 K_1 K_2 - K_1 + 18 K_2 + 5 K_3 + 19,O1O2O3O4U5U6O7U3O8O5U7U8U4U1O6U2,O1O2O3O4U5U3O6U4O7O5U2U6U8U1O8U7,O1O2O3O4U5O6U4U6U7U3O8O5U1O7U2U8,c,{'O1O2O3O4U3O5U4U1U6U7O8O6U2O7U5U8'},1,"<a href=""/flatknot/8.733662"">8.733662</a>",t^9-43t^7-126t^6+t^5+246t^4+135t^3+80t^2+180t+54,0,,
8.733663,O1O2O3O4U3O5U4U1U6U7O8O6U5O7U2U8,4,13z^2+94z+137,13w^3z^2-4w^3z+98w^2z+137w,False,False,"[[ 0 -2  0 -1  0  2  0  1  0],[ 2  0  2 -1  1  2  2  1  2],[ 0 -2  0 -1  0  2 -1  0  0],[ 1  1  1  0  1  1  1  1  0],[ 0 -1  0 -1  0  1  0 -1  1],[-2 -2 -2 -1 -1  0 -2 -1 -1],[ 0 -2  1 -1  0  2  0  0  1],[-1 -1  0 -1  1  1  0  0  0],[ 0 -2  0  0 -1  1 -1  0  0]]","[[ 0  2  1  0  0  0  0 -1 -2],[-2  0 -1 -1 -1 -2 -2 -1 -2],[-1  1  0  1  0  0  0 -1 -1],[ 0  1 -1  0  1  0  0 -1 -1],[ 0  1  0 -1  0  0 -1  0 -2],[ 0  2  0  0  0  0 -1 -1 -2],[ 0  2  0  0  1  1  0 -1 -2],[ 1  1  1  1  0  1  1  0  1],[ 2  2  1  1  2  2  2 -1  0]]",True,"[-2,-1,0,0,0,0,1,2,1,1,1,2,2,1,2,-1,0,0,0,1,1,-1,0,0,1,1,0,1,0,2,1,1,2,1,2,-1]","[-2,-1,0,0,0,0,1,2,-1,1,2,2,2,1,2,1,0,1,1,1,1,1,0,0,-1,1,-1,0,0,1,1,0,2,0,2,1]",t^8+39t^6+120t^4+39t^2+1,"[-2,-1,0,0,0,0,1,2,2,0,0,0,1,2,2,0,0,1,0,1,2,-1,-1,0,1,0,0,0,1,0,1,1,1,2,1,0]","[-2,-1,0,0,0,0,1,2,0,0,0,1,1,2,2,1,1,1,2,1,2,-1,0,0,0,0,1,0,0,0,-1,1,0,0,1,2]","[-2,-1,0,0,0,0,1,2,-1,1,2,2,2,1,2,1,0,1,1,1,1,1,0,0,-1,1,-1,0,0,1,1,0,2,0,2,1]",c,"[[{8, 4}, {3, 7}, {2, 6}, {1, 5}], [{8}, {3, 7}, {2, 6}, {1, 5}, {4}]]",1,12 K_1^3 - 40 K_1^2 - 20 K_1 K_2 + K_1 + 20 K_2 + 7 K_3 + 21,O1O2O3O4U5U3O6U7O8O5U6U8U4U1O7U2,O1O2O3O4U5U3O6U4O7O5U2U7U8U1O8U6,O1O2O3O4U5O6U4U6U7U3O8O7U1O5U2U8,c,{'O1O2O3O4U3O5U4U1U6U7O8O6U5O7U2U8'},1,"<a href=""/flatknot/8.733663"">8.733663</a>",t^9-39t^7-118t^6-66t^5+106t^4+122t^3+64t^2+7t-26,0,,
8.733664,O1O2O3O4U3O5U4U1U6U2O7O8U5O6U7U8,3,18z^2+79z+87,-4w^4z^2+22w^3z^2-12w^3z+91w^2z+87w,False,False,"[[ 0 -2  1 -1  0  2  0 -1  1],[ 2  0  1 -1  1  3  0  1  1],[-1 -1  0 -1  1  2 -2  0  0],[ 1  1  1  0  1  1  1  0  0],[ 0 -1 -1 -1  0  1 -1  1  1],[-2 -3 -2 -1 -1  0 -2  0  1],[ 0  0  2 -1  1  2  0 -1  0],[ 1 -1  0  0 -1  0  1  0  1],[-1 -1  0  0 -1 -1  0 -1  0]]","[[ 0  2  1  1  0  0 -1 -1 -2],[-2  0  1 -2 -1 -2  0 -1 -3],[-1 -1  0  0 -1  0 -1  0 -1],[-1  2  0  0  1 -2  0 -1 -1],[ 0  1  1 -1  0 -1  1 -1 -1],[ 0  2  0  2  1  0 -1 -1  0],[ 1  0  1  0 -1  1  0  0 -1],[ 1  1  0  1  1  1  0  0  1],[ 2  3  1  1  1  0  1 -1  0]]",True,"[-2,-1,-1,0,0,1,1,2,-1,2,1,2,0,1,3,0,1,0,1,0,1,-1,2,0,1,1,1,-1,1,1,1,1,0,0,1,-1]","[-2,-1,-1,0,0,1,1,2,-1,1,0,1,1,1,3,0,1,1,0,1,1,1,-1,1,0,0,1,0,2,2,1,-1,1,0,-1,2]",t^8+38t^6+193t^4+36t^2,"[-2,-1,-1,0,0,1,1,2,0,2,1,2,2,2,1,0,2,0,1,2,3,0,0,2,1,2,1,0,2,1,1,-1,0,0,2,-1]","[-2,-1,-1,0,0,1,1,2,-1,2,0,1,2,3,1,0,-1,2,1,2,2,1,0,2,1,2,1,0,0,2,0,2,1,0,2,0]","[-2,-1,-1,0,0,1,1,2,-1,1,0,1,1,1,3,0,1,1,0,1,1,1,-1,1,0,0,1,0,2,2,1,-1,1,0,-1,2]",c,"[[{8, 2}, {3, 7}, {5, 6}, {1, 4}], [{8, 3}, {2, 7}, {4, 6}, {1, 5}], [{8, 3}, {2, 7}, {6}, {1, 5}, {4}], [{8, 7}, {4, 6}, {1, 5}, {2, 3}]]",1,12 K_1^3 + 4 K_1^2 K_2 - 22 K_1^2 - 20 K_1 K_2 - 6 K_1 K_3 + K_1 - 2 K_2^2 + 12 K_2 + 7 K_3 + 3 K_4 + 12,O1O2O3O4U5U6O7U8O5O6U3U7U4U1O8U2,O1O2O3O4U5U6O7U3O5O6U2U4U8U1O8U7,O1O2O3O4U5O6U4U6U1U3O7O8U2O5U7U8,c,{'O1O2O3O4U3O5U4U1U6U2O7O8U5O6U7U8'},1,"<a href=""/flatknot/8.733664"">8.733664</a>",t^9-38t^7-90t^6+85t^5+354t^4+120t^3-136t^2+40t+32,0,,
8.733665,O1O2O3O4U3O5U4U1U6U2O7O8U5O6U8U7,4,28z^2+113z+115,28w^3z^2+113w^2z+115w,False,False,"[[ 0 -2  1 -1  0  2  0  0  0],[ 2  0  1 -1  1  3  0  1  1],[-1 -1  0 -1  1  2 -2  0  0],[ 1  1  1  0  1  1  1  0  0],[ 0 -1 -1 -1  0  1 -1  1  1],[-2 -3 -2 -1 -1  0 -2  1  0],[ 0  0  2 -1  1  2  0 -1  0],[ 0 -1  0  0 -1 -1  1  0  0],[ 0 -1  0  0 -1  0  0  0  0]]","[[ 0  2  1  0  0  0  0 -1 -2],[-2  0 -2  1  0 -1 -2 -1 -3],[-1  2  0  0  0  1 -2 -1 -1],[ 0 -1  0  0  0 -1  1  0 -1],[ 0  0  0  0  0 -1  0  0 -1],[ 0  1 -1  1  1  0 -1 -1 -1],[ 0  2  2 -1  0  1  0 -1  0],[ 1  1  1  0  0  1  1  0  1],[ 2  3  1  1  1  1  0 -1  0]]",True,"[-2,-1,0,0,0,0,1,2,2,-1,0,1,2,1,3,0,0,-1,2,1,1,0,1,-1,0,1,1,0,0,1,1,1,1,1,0,-1]","[-2,-1,0,0,0,0,1,2,-1,0,1,1,1,1,3,1,0,0,1,1,1,-1,0,1,2,2,0,-1,0,-1,-1,0,0,-1,1,2]",t^8+37t^6+155t^4+58t^2+1,"[-2,-1,0,0,0,0,1,2,2,1,1,1,2,2,1,0,1,1,0,1,2,-1,-1,1,2,1,0,-1,1,3,0,1,2,-1,0,-1]","[-2,-1,0,0,0,0,1,2,-1,0,1,2,3,2,1,-1,2,1,1,1,2,1,0,-1,0,2,1,1,0,1,0,1,1,1,1,2]","[-2,-1,0,0,0,0,1,2,-1,0,1,1,1,1,3,1,0,0,1,1,1,-1,0,1,2,2,0,-1,0,-1,-1,0,0,-1,1,2]",c,"[[{8, 7}, {4, 6}, {1, 5}, {2, 3}]]",1,1,O1O2O3O4U5U6O7U8O6O5U3U7U4U1O8U2,O1O2O3O4U5U6O7U3O6O5U2U4U8U1O8U7,O1O2O3O4U5O6U4U6U1U3O7O8U2O5U8U7,c,{'O1O2O3O4U3O5U4U1U6U2O7O8U5O6U8U7'},1,"<a href=""/flatknot/8.733665"">8.733665</a>",t^9-37t^7-90t^6+49t^5+254t^4+75t^3-120t^2-27t+8,0,,
8.733666,O1O2O3O4U3O5U4U1U6U2O7O8U7O6U5U8,4,6z^2+75z+127,6w^3z^2+75w^2z+127w,False,False,"[[ 0 -2  1 -1  0  2  0 -1  1],[ 2  0  1 -1  1  3  1  0  1],[-1 -1  0 -1  1  1 -1  0  0],[ 1  1  1  0  1  1  1  0  0],[ 0 -1 -1 -1  0  1  0  0  1],[-2 -3 -1 -1 -1  0 -2  0  1],[ 0 -1  1 -1  0  2  0 -1  0],[ 1  0  0  0  0  0  1  0  1],[-1 -1  0  0 -1 -1  0 -1  0]]","[[ 0  2  1  1  0  0 -1 -1 -2],[-2  0  1 -1 -1 -2  0 -1 -3],[-1 -1  0  0 -1  0 -1  0 -1],[-1  1  0  0  1 -1  0 -1 -1],[ 0  1  1 -1  0  0  0 -1 -1],[ 0  2  0  1  0  0 -1 -1 -1],[ 1  0  1  0  0  1  0  0  0],[ 1  1  0  1  1  1  0  0  1],[ 2  3  1  1  1  1  0 -1  0]]",True,"[-2,-1,-1,0,0,1,1,2,-1,1,1,2,0,1,3,0,1,0,1,0,1,-1,1,0,1,1,0,0,1,1,1,1,1,0,0,-1]","[-2,-1,-1,0,0,1,1,2,-1,0,1,1,1,1,3,0,1,1,0,1,1,0,1,1,0,0,0,1,-1,1,0,1,2,0,-1,1]",t^8+30t^6+117t^4+56t^2,"[-2,-1,-1,0,0,1,1,2,1,2,1,1,2,2,1,0,0,1,1,2,3,0,0,2,1,2,0,1,0,0,0,2,1,0,2,0]","[-2,-1,-1,0,0,1,1,2,0,2,0,1,2,3,1,0,0,2,1,2,2,1,0,2,1,2,0,0,0,1,0,1,1,0,2,1]","[-2,-1,-1,0,0,1,1,2,-1,0,1,1,1,1,3,0,1,1,0,1,1,0,1,1,0,0,0,1,-1,1,0,1,2,0,-1,1]",c,"[[{8, 1}, {6, 7}, {3, 5}, {2, 4}], [{8, 1}, {7}, {6}, {3, 5}, {2, 4}], [{8, 3}, {2, 7}, {4, 6}, {1, 5}], [{8, 4}, {5, 7}, {3, 6}, {1, 2}]]",1,- 28 K_1^2 - 16 K_1 K_2 + 8 K_1 + 14 K_2 + 8 K_3 + 15,O1O2O3O4U5U6O7U8O5O8U3U7U4U1O6U2,O1O2O3O4U5U6O5U3O7O6U2U4U8U1O8U7,O1O2O3O4U5O6U4U6U1U3O7O5U2O8U7U8,c,{'O1O2O3O4U3O5U4U1U6U2O7O8U7O6U5U8'},1,"<a href=""/flatknot/8.733666"">8.733666</a>",t^9-30t^7-64t^6+47t^5+126t^4-58t^3-54t^2+40t-8,0,,
8.733667,O1O2O3O4U3O5U4U1U6U2O7O8U7O6U8U5,4,15z^2+100z+141,15w^3z^2+100w^2z+141w,False,False,"[[ 0 -2  1 -1  0  3  0 -1  0],[ 2  0  1 -1  1  3  1  0  0],[-1 -1  0 -1  1  1 -1  0 -1],[ 1  1  1  0  1  1  1  0  0],[ 0 -1 -1 -1  0  1  0  0  0],[-3 -3 -1 -1 -1  0 -2 -1  0],[ 0 -1  1 -1  0  2  0 -1 -1],[ 1  0  0  0  0  1  1  0  1],[ 0  0  1  0  0  0  1 -1  0]]","[[ 0  3  1  0  0  0 -1 -1 -2],[-3  0 -1  0 -1 -2 -1 -1 -3],[-1  1  0 -1  1 -1  0 -1 -1],[ 0  0  1  0  0  1 -1  0  0],[ 0  1 -1  0  0  0  0 -1 -1],[ 0  2  1 -1  0  0 -1 -1 -1],[ 1  1  0  1  0  1  0  0  0],[ 1  1  1  0  1  1  0  0  1],[ 2  3  1  0  1  1  0 -1  0]]",True,"[-3,-1,0,0,0,1,1,2,1,0,1,2,1,1,3,1,-1,1,0,1,1,0,-1,1,0,0,0,0,1,1,1,1,1,0,0,-1]","[-3,-1,0,0,0,1,1,2,1,0,1,2,1,1,3,1,-1,1,0,1,1,0,-1,1,0,0,0,0,1,1,1,1,1,0,0,-1]",t^8+30t^6+120t^4+58t^2+1,"[-2,-1,-1,0,0,0,1,3,1,2,1,1,2,2,2,0,0,1,0,2,3,0,0,1,1,3,0,1,0,1,0,2,2,0,3,1]","[-3,-1,0,0,0,1,1,2,1,1,2,3,3,3,2,0,2,0,1,2,2,0,-1,0,0,1,0,0,1,1,1,0,2,0,2,1]","[-2,-1,-1,0,0,0,1,3,-1,0,0,1,1,1,3,0,0,1,1,1,1,1,0,1,0,1,0,1,1,0,0,-1,1,1,2,1]",c,"[[{8, 7}, {3, 6}, {1, 5}, {2, 4}]]",1,8 K_1^3 + 4 K_1^2 K_2 - 24 K_1^2 - 14 K_1 K_2 - 2 K_1 K_3 + K_1 - 2 K_2^2 + 11 K_2 + 5 K_3 + K_4 + 13,O1O2O3O4U5U6O7U8O6O8U3U7U4U1O5U2,O1O2O3O4U5U6O5U3O6O7U2U4U8U1O8U7,O1O2O3O4U5O6U4U6U1U3O5O7U2O8U7U8,c,{'O1O2O3O4U3O5U4U1U6U2O7O8U7O6U8U5'},1,"<a href=""/flatknot/8.733667"">8.733667</a>",t^9-26t^7-64t^6+9t^5+144t^4+116t^3+28t^2-7t-4,-t^3+t^2+t,,
8.733668,O1O2O3O4U3O5U4U1U6U7O8O7U2O6U5U8,4,11z^2+96z+149,11w^3z^2+96w^2z+149w,False,False,"[[ 0 -2  0 -1  0  2  0  1  0],[ 2  0  1 -1  1  3  1  2  2],[ 0 -1  0 -1  1  1  0  0  0],[ 1  1  1  0  1  1  1  1  0],[ 0 -1 -1 -1  0  1  0  0  1],[-2 -3 -1 -1 -1  0 -2 -2 -1],[ 0 -1  0 -1  0  2  0  1  1],[-1 -2  0 -1  0  2 -1  0  0],[ 0 -2  0  0 -1  1 -1  0  0]]","[[ 0  2  1  0  0  0  0 -1 -2],[-2  0 -2 -1 -1 -1 -2 -1 -3],[-1  2  0  0  0  0 -1 -1 -2],[ 0  1  0  0  1  0  0 -1 -1],[ 0  1  0 -1  0  1  0 -1 -1],[ 0  1  0  0 -1  0 -1  0 -2],[ 0  2  1  0  0  1  0 -1 -1],[ 1  1  1  1  1  0  1  0  1],[ 2  3  2  1  1  2  1 -1  0]]",True,"[-2,-1,0,0,0,0,1,2,2,1,1,1,2,1,3,0,0,0,1,1,2,-1,0,0,1,1,-1,0,1,1,1,0,2,1,1,-1]","[-2,-1,0,0,0,0,1,2,-1,0,1,1,1,2,1,0,1,1,1,1,1,0,0,1,0,1,-1,1,0,1,0,0,1,1,0,2]",t^8+41t^6+115t^4+24t^2+1,"[-2,-1,0,0,0,0,1,2,2,0,1,1,1,1,1,1,0,0,0,1,2,0,1,1,1,1,-1,0,1,1,0,1,1,0,0,-1]","[-2,-1,0,0,0,0,1,2,-1,0,1,1,1,2,1,0,1,1,1,1,1,0,0,1,0,1,-1,1,0,1,0,0,1,1,0,2]","[-2,-1,0,0,0,0,1,2,-1,1,1,1,2,2,3,1,1,1,0,1,1,-1,0,1,0,1,0,0,0,1,1,1,2,0,1,2]",c,"[[{8, 2}, {3, 7}, {4, 6}, {1, 5}]]",1,- 40 K_1^2 - 16 K_1 K_2 + 8 K_1 + 20 K_2 + 8 K_3 + 21,O1O2O3O4U5U6O7U3O8O5U8U7U4U1O6U2,O1O2O3O4U5U4O6U3O7O5U2U6U8U1O8U7,O1O2O3O4U5O6U4U6U7U3O8O5U2O7U1U8,c,{'O1O2O3O4U3O5U4U1U6U7O8O7U2O6U5U8'},1,"<a href=""/flatknot/8.733668"">8.733668</a>",t^9-41t^7-118t^6-17t^5+152t^4-31t^3-92t^2+60t+26,0,,
8.733669,O1O2O3O4U3O5U4U1U6U7O8O7U2O6U8U5,3,13z^2+74z+97,-6w^4z^2+19w^3z^2-10w^3z+84w^2z+97w,False,False,"[[ 0 -2  0 -1  0  3  0  1 -1],[ 2  0  1 -1  1  3  1  2  1],[ 0 -1  0 -1  1  2  0  0 -1],[ 1  1  1  0  1  1  1  1  0],[ 0 -1 -1 -1  0  1  0  0  0],[-3 -3 -2 -1 -1  0 -2 -2 -2],[ 0 -1  0 -1  0  2  0  1  0],[-1 -2  0 -1  0  2 -1  0 -1],[ 1 -1  1  0  0  2  0  1  0]]","[[ 0  3  1  0  0  0 -1 -1 -2],[-3  0 -2 -1 -2 -2 -1 -2 -3],[-1  2  0  0  0 -1 -1 -1 -2],[ 0  1  0  0 -1  0 -1  0 -1],[ 0  2  0  1  0  0 -1 -1 -1],[ 0  2  1  0  0  0 -1  0 -1],[ 1  1  1  1  1  1  0  0  1],[ 1  2  1  0  1  0  0  0 -1],[ 2  3  2  1  1  1 -1  1  0]]",True,"[-3,-1,0,0,0,1,1,2,2,1,2,2,1,2,3,0,0,1,1,1,2,1,0,1,0,1,0,1,1,1,1,0,1,0,-1,1]","[-3,-1,0,0,0,1,1,2,0,1,1,2,2,3,2,0,1,1,1,1,1,0,0,1,0,1,1,0,0,1,1,0,1,0,0,2]",t^8+44t^6+110t^4+16t^2,"[-2,-1,-1,0,0,0,1,3,0,2,1,1,1,1,2,0,0,1,1,1,2,0,0,0,1,3,-1,0,1,1,0,1,2,0,1,0]","[-3,-1,0,0,0,1,1,2,0,1,1,2,2,3,2,0,1,1,1,1,1,0,0,1,0,1,1,0,0,1,1,0,1,0,0,2]","[-2,-1,-1,0,0,0,1,3,-1,1,1,1,1,2,3,0,1,1,1,1,1,0,0,1,1,2,0,-1,0,1,0,1,2,0,2,2]",c,"[[{8, 7}, {5, 6}, {3, 4}, {1, 2}]]",1,- 8 K_1^4 + 8 K_1^3 + 12 K_1^2 K_2 - 16 K_1^2 - 14 K_1 K_2 - 6 K_1 K_3 + K_1 + 9 K_2 + 5 K_3 + K_4 + 9,O1O2O3O4U5U6O7U3O8O6U8U7U4U1O5U2,O1O2O3O4U5U4O6U3O5O7U2U6U8U1O8U7,O1O2O3O4U5O6U4U6U7U3O5O8U2O7U1U8,c,{'O1O2O3O4U3O5U4U1U6U7O8O7U2O6U8U5'},1,"<a href=""/flatknot/8.733669"">8.733669</a>",t^9-40t^7-136t^6-77t^5+168t^4+92t^3-130t^2-16t+56,-t^3+t^2+t,,
8.733670,O1O2O3O4U3O5U4U1U6U7O8O7U5O6U2U8,4,8z^2+89z+147,8w^3z^2+89w^2z+147w,False,False,"[[ 0 -2  0 -1  0  2  0  1  0],[ 2  0  2 -1  1  2  1  2  2],[ 0 -2  0 -1  0  2 -1  0  0],[ 1  1  1  0  1  1  1  1  0],[ 0 -1  0 -1  0  1 -1  0  1],[-2 -2 -2 -1 -1  0 -2 -2 -1],[ 0 -1  1 -1  1  2  0  1  1],[-1 -2  0 -1  0  2 -1  0  0],[ 0 -2  0  0 -1  1 -1  0  0]]","[[ 0  2  1  0  0  0  0 -1 -2],[-2  0 -2 -1 -1 -2 -2 -1 -2],[-1  2  0  0  0  0 -1 -1 -2],[ 0  1  0  0  1  0 -1 -1 -1],[ 0  1  0 -1  0  0 -1  0 -2],[ 0  2  0  0  0  0 -1 -1 -2],[ 0  2  1  1  1  1  0 -1 -1],[ 1  1  1  1  0  1  1  0  1],[ 2  2  2  1  2  2  1 -1  0]]",True,"[-2,-1,0,0,0,0,1,2,2,1,1,2,2,1,2,0,0,0,1,1,2,-1,0,1,1,1,0,1,0,2,1,1,2,1,1,-1]","[-2,-1,0,0,0,0,1,2,-1,0,0,1,1,2,2,0,1,1,1,1,1,1,1,1,0,1,0,0,0,0,-1,1,0,0,1,2]",t^8+43t^6+92t^4+12t^2,"[-2,-1,0,0,0,0,1,2,2,0,0,1,1,1,2,0,1,0,0,1,2,0,0,1,1,0,1,1,1,1,1,1,1,0,0,-1]","[-2,-1,0,0,0,0,1,2,-1,0,0,1,1,2,2,0,1,1,1,1,1,1,1,1,0,1,0,0,0,0,-1,1,0,0,1,2]","[-2,-1,0,0,0,0,1,2,-1,1,1,2,2,2,2,1,1,0,1,1,1,-1,1,0,0,1,1,1,1,2,0,0,1,0,2,2]",c,"[[{8, 1}, {2, 7}, {3, 6}, {4, 5}], [{8, 1}, {2, 7}, {4, 6}, {3, 5}], [{8, 1}, {2, 7}, {5, 6}, {3, 4}], [{8, 1}, {3, 7}, {2, 6}, {4, 5}], [{8, 1}, {3, 7}, {4, 6}, {2, 5}], [{8, 1}, {3, 7}, {5, 6}, {2, 4}], [{8, 1}, {3, 7}, {6}, {2, 5}, {4}], [{8, 1}, {3, 7}, {6}, {4, 5}, {2}], [{8, 1}, {3, 7}, {6}, {5}, {2, 4}], [{8, 1}, {4, 7}, {2, 6}, {3, 5}], [{8, 1}, {4, 7}, {2, 6}, {5}, {3}], [{8, 1}, {4, 7}, {3, 6}, {2, 5}], [{8, 1}, {4, 7}, {3, 6}, {5}, {2}], [{8, 1}, {4, 7}, {5, 6}, {2, 3}], [{8, 1}, {4, 7}, {5, 6}, {3}, {2}], [{8, 1}, {4, 7}, {6}, {2, 5}, {3}], [{8, 1}, {4, 7}, {6}, {3, 5}, {2}], [{8, 1}, {4, 7}, {6}, {5}, {2, 3}], [{8, 1}, {5, 7}, {2, 6}, {3, 4}], [{8, 1}, {5, 7}, {2, 6}, {4}, {3}], [{8, 1}, {5, 7}, {3, 6}, {2, 4}], [{8, 1}, {5, 7}, {4, 6}, {2, 3}], [{8, 1}, {6, 7}, {2, 5}, {3, 4}], [{8, 1}, {6, 7}, {3, 5}, {2, 4}], [{8, 1}, {6, 7}, {3, 5}, {4}, {2}], [{8, 1}, {6, 7}, {4, 5}, {2, 3}], [{8, 1}, {7}, {2, 6}, {4, 5}, {3}], [{8, 1}, {7}, {4, 6}, {3, 5}, {2}], [{8, 1}, {7}, {6}, {2, 5}, {3, 4}], [{8, 2}, {1, 7}, {3, 6}, {4, 5}], [{8, 2}, {1, 7}, {4, 6}, {3, 5}], [{8, 2}, {1, 7}, {5, 6}, {3, 4}], [{8, 2}, {3, 7}, {1, 6}, {4, 5}], [{8, 2}, {3, 7}, {1, 6}, {5}, {4}], [{8, 2}, {3, 7}, {4, 6}, {1, 5}], [{8, 2}, {3, 7}, {5, 6}, {1, 4}], [{8, 2}, {3, 7}, {5, 6}, {4}, {1}], [{8, 2}, {3, 7}, {6}, {1, 5}, {4}], [{8, 2}, {4, 7}, {1, 6}, {3, 5}], [{8, 2}, {4, 7}, {3, 6}, {1, 5}], [{8, 2}, {4, 7}, {5, 6}, {1, 3}], [{8, 2}, {4, 7}, {6}, {5}, {1, 3}], [{8, 2}, {5, 7}, {1, 6}, {3, 4}], [{8, 2}, {5, 7}, {3, 6}, {1, 4}], [{8, 2}, {5, 7}, {4, 6}, {1, 3}], [{8, 2}, {6, 7}, {1, 5}, {3, 4}], [{8, 2}, {6, 7}, {3, 5}, {1, 4}], [{8, 2}, {6, 7}, {4, 5}, {1, 3}], [{8, 3}, {1, 7}, {2, 6}, {4, 5}], [{8, 3}, {1, 7}, {4, 6}, {2, 5}], [{8, 3}, {1, 7}, {5, 6}, {2, 4}], [{8, 3}, {1, 7}, {6}, {2, 5}, {4}], [{8, 3}, {1, 7}, {6}, {4, 5}, {2}], [{8, 3}, {1, 7}, {6}, {5}, {2, 4}], [{8, 3}, {2, 7}, {1, 6}, {4, 5}], [{8, 3}, {2, 7}, {4, 6}, {1, 5}], [{8, 3}, {2, 7}, {5, 6}, {1, 4}], [{8, 3}, {2, 7}, {5, 6}, {4}, {1}], [{8, 3}, {2, 7}, {6}, {5}, {1, 4}], [{8, 3}, {4, 7}, {1, 6}, {2, 5}], [{8, 3}, {4, 7}, {2, 6}, {1, 5}], [{8, 3}, {4, 7}, {5, 6}, {1, 2}], [{8, 3}, {4, 7}, {6}, {1, 5}, {2}], [{8, 3}, {5, 7}, {1, 6}, {2, 4}], [{8, 3}, {5, 7}, {2, 6}, {1, 4}], [{8, 3}, {5, 7}, {2, 6}, {4}, {1}], [{8, 3}, {5, 7}, {4, 6}, {1, 2}], [{8, 3}, {6, 7}, {1, 5}, {2, 4}], [{8, 3}, {6, 7}, {1, 5}, {4}, {2}], [{8, 3}, {6, 7}, {2, 5}, {1, 4}], [{8, 3}, {6, 7}, {4, 5}, {1, 2}], [{8, 3}, {7}, {4, 6}, {1, 5}, {2}], [{8, 3}, {7}, {5, 6}, {1, 4}, {2}], [{8, 4}, {1, 7}, {2, 6}, {3, 5}], [{8, 4}, {1, 7}, {3, 6}, {2, 5}], [{8, 4}, {1, 7}, {3, 6}, {5}, {2}], [{8, 4}, {1, 7}, {5, 6}, {2, 3}], [{8, 4}, {1, 7}, {5, 6}, {3}, {2}], [{8, 4}, {1, 7}, {6}, {3, 5}, {2}], [{8, 4}, {2, 7}, {1, 6}, {3, 5}], [{8, 4}, {2, 7}, {3, 6}, {1, 5}], [{8, 4}, {2, 7}, {5, 6}, {1, 3}], [{8, 4}, {3, 7}, {1, 6}, {2, 5}], [{8, 4}, {3, 7}, {2, 6}, {1, 5}], [{8, 4}, {3, 7}, {5, 6}, {1, 2}], [{8, 4}, {3, 7}, {6}, {1, 5}, {2}], [{8, 4}, {5, 7}, {1, 6}, {2, 3}], [{8, 4}, {5, 7}, {2, 6}, {1, 3}], [{8, 4}, {5, 7}, {3, 6}, {1, 2}], [{8, 4}, {5, 7}, {6}, {1, 3}, {2}], [{8, 4}, {6, 7}, {1, 5}, {2, 3}], [{8, 4}, {6, 7}, {2, 5}, {1, 3}], [{8, 4}, {6, 7}, {3, 5}, {1, 2}], [{8, 4}, {7}, {2, 6}, {3, 5}, {1}], [{8, 5}, {1, 7}, {2, 6}, {3, 4}], [{8, 5}, {1, 7}, {3, 6}, {2, 4}], [{8, 5}, {1, 7}, {4, 6}, {2, 3}], [{8, 5}, {1, 7}, {4, 6}, {3}, {2}], [{8, 5}, {2, 7}, {1, 6}, {3, 4}], [{8, 5}, {2, 7}, {3, 6}, {1, 4}], [{8, 5}, {2, 7}, {3, 6}, {4}, {1}], [{8, 5}, {2, 7}, {4, 6}, {1, 3}], [{8, 5}, {2, 7}, {6}, {1, 4}, {3}], [{8, 5}, {3, 7}, {1, 6}, {2, 4}], [{8, 5}, {3, 7}, {2, 6}, {1, 4}], [{8, 5}, {3, 7}, {4, 6}, {1, 2}], [{8, 5}, {3, 7}, {6}, {1, 4}, {2}], [{8, 5}, {3, 7}, {6}, {2, 4}, {1}], [{8, 5}, {3, 7}, {6}, {4}, {1, 2}], [{8, 5}, {4, 7}, {1, 6}, {2, 3}], [{8, 5}, {4, 7}, {1, 6}, {3}, {2}], [{8, 5}, {4, 7}, {2, 6}, {1, 3}], [{8, 5}, {4, 7}, {3, 6}, {1, 2}], [{8, 5}, {6, 7}, {1, 4}, {2, 3}], [{8, 5}, {6, 7}, {1, 4}, {3}, {2}], [{8, 5}, {6, 7}, {2, 4}, {1, 3}], [{8, 5}, {6, 7}, {3, 4}, {1, 2}], [{8, 5}, {7}, {2, 6}, {1, 4}, {3}], [{8, 5}, {7}, {3, 6}, {1, 4}, {2}], [{8, 5}, {7}, {6}, {1, 4}, {2, 3}], [{8, 5}, {7}, {6}, {1, 4}, {3}, {2}], [{8, 6}, {1, 7}, {2, 5}, {3, 4}], [{8, 6}, {1, 7}, {3, 5}, {2, 4}], [{8, 6}, {1, 7}, {4, 5}, {2, 3}], [{8, 6}, {2, 7}, {1, 5}, {3, 4}], [{8, 6}, {2, 7}, {1, 5}, {4}, {3}], [{8, 6}, {2, 7}, {3, 5}, {1, 4}], [{8, 6}, {2, 7}, {3, 5}, {4}, {1}], [{8, 6}, {2, 7}, {4, 5}, {1, 3}], [{8, 6}, {2, 7}, {4, 5}, {3}, {1}], [{8, 6}, {2, 7}, {5}, {1, 4}, {3}], [{8, 6}, {2, 7}, {5}, {3, 4}, {1}], [{8, 6}, {2, 7}, {5}, {4}, {1, 3}], [{8, 6}, {2, 7}, {5}, {4}, {3}, {1}], [{8, 6}, {3, 7}, {1, 5}, {2, 4}], [{8, 6}, {3, 7}, {1, 5}, {4}, {2}], [{8, 6}, {3, 7}, {2, 5}, {1, 4}], [{8, 6}, {3, 7}, {4, 5}, {1, 2}], [{8, 6}, {4, 7}, {1, 5}, {2, 3}], [{8, 6}, {4, 7}, {2, 5}, {1, 3}], [{8, 6}, {4, 7}, {3, 5}, {1, 2}], [{8, 6}, {5, 7}, {1, 4}, {2, 3}], [{8, 6}, {5, 7}, {2, 4}, {1, 3}], [{8, 6}, {5, 7}, {3, 4}, {1, 2}], [{8, 6}, {7}, {1, 5}, {4}, {2, 3}], [{8, 6}, {7}, {3, 5}, {1, 4}, {2}], [{8, 7}, {1, 6}, {2, 5}, {3, 4}], [{8, 7}, {1, 6}, {3, 5}, {2, 4}], [{8, 7}, {1, 6}, {4, 5}, {2, 3}], [{8, 7}, {2, 6}, {1, 5}, {3, 4}], [{8, 7}, {2, 6}, {3, 5}, {1, 4}], [{8, 7}, {2, 6}, {4, 5}, {1, 3}], [{8, 7}, {3, 6}, {1, 5}, {2, 4}], [{8, 7}, {3, 6}, {1, 5}, {4}, {2}], [{8, 7}, {3, 6}, {2, 5}, {1, 4}], [{8, 7}, {3, 6}, {4, 5}, {1, 2}], [{8, 7}, {4, 6}, {1, 5}, {2, 3}], [{8, 7}, {4, 6}, {1, 5}, {3}, {2}], [{8, 7}, {4, 6}, {2, 5}, {1, 3}], [{8, 7}, {4, 6}, {3, 5}, {1, 2}], [{8, 7}, {5, 6}, {1, 4}, {2, 3}], [{8, 7}, {5, 6}, {2, 4}, {1, 3}], [{8, 7}, {5, 6}, {3, 4}, {1, 2}], [{8, 7}, {6}, {1, 5}, {3, 4}, {2}], [{8}, {1, 7}, {2, 6}, {3, 5}, {4}], [{8}, {1, 7}, {4, 6}, {5}, {2, 3}], [{8}, {2, 7}, {3, 6}, {5}, {1, 4}], [{8}, {2, 7}, {5, 6}, {1, 4}, {3}], [{8}, {2, 7}, {6}, {3, 5}, {1, 4}], [{8}, {3, 7}, {2, 6}, {1, 5}, {4}], [{8}, {3, 7}, {4, 6}, {1, 5}, {2}], [{8}, {3, 7}, {6}, {1, 5}, {2, 4}], [{8}, {5, 7}, {2, 6}, {4}, {1, 3}], [{8}, {7}, {5, 6}, {2, 4}, {1, 3}], [{8}, {7}, {5, 6}, {3, 4}, {1, 2}]]",2,12 K_1^3 - 44 K_1^2 - 24 K_1 K_2 + 3 K_1 + 22 K_2 + 9 K_3 + 23,O1O2O3O4U5U3O6U7O8O5U8U6U4U1O7U2,O1O2O3O4U5U4O6U3O7O5U2U7U8U1O8U6,O1O2O3O4U5O6U4U6U7U3O8O7U2O5U1U8,c,{'O1O2O3O4U3O5U4U1U6U7O8O7U5O6U2U8'},1,"<a href=""/flatknot/8.733670"">8.733670</a>",t^9-43t^7-130t^6-72t^5+66t^4-49t^3-88t^2+58t-4,0,,
8.733671,O1O2O3O4U3O5U4U1U6U7O8O7U5O6U8U2,4,15z^2+100z+141,15w^3z^2+100w^2z+141w,False,False,"[[ 0 -2  1 -1  0  2  0  1 -1],[ 2  0  2 -1  1  2  1  2  1],[-1 -2  0 -1  0  1 -1  0 -1],[ 1  1  1  0  1  1  1  1  0],[ 0 -1  0 -1  0  1 -1  0  1],[-2 -2 -1 -1 -1  0 -2 -2 -1],[ 0 -1  1 -1  1  2  0  1  0],[-1 -2  0 -1  0  2 -1  0 -1],[ 1 -1  1  0 -1  1  0  1  0]]","[[ 0  2  1  1  0  0 -1 -1 -2],[-2  0 -1 -2 -1 -2 -1 -1 -2],[-1  1  0  0  0 -1 -1 -1 -2],[-1  2  0  0  0 -1 -1 -1 -2],[ 0  1  0  0  0 -1  1 -1 -1],[ 0  2  1  1  1  0  0 -1 -1],[ 1  1  1  1 -1  0  0  0 -1],[ 1  1  1  1  1  1  0  0  1],[ 2  2  2  2  1  1  1 -1  0]]",True,"[-2,-1,-1,0,0,1,1,2,1,2,1,2,1,1,2,0,0,1,1,1,2,0,1,1,1,2,1,-1,1,1,0,1,1,0,1,-1]","[-2,-1,-1,0,0,1,1,2,-1,0,0,1,2,2,2,0,0,1,1,1,1,0,1,1,1,1,1,0,1,1,0,2,1,0,2,0]",t^8+38t^6+117t^4+43t^2+1,"[-2,-1,-1,0,0,1,1,2,0,2,1,1,1,1,2,0,1,2,1,1,2,0,0,1,1,2,-1,0,0,0,1,1,1,0,-1,0]","[-2,-1,-1,0,0,1,1,2,-1,0,0,1,2,2,2,0,0,1,1,1,1,0,1,1,1,1,1,0,1,1,0,2,1,0,2,0]","[-2,-1,-1,0,0,1,1,2,-1,1,1,1,2,2,2,0,1,1,1,1,1,-1,0,1,1,1,-1,0,0,1,1,1,2,0,1,2]",c,"[[{8, 3}, {2, 7}, {5, 6}, {1, 4}]]",1,8 K_1^3 - 36 K_1^2 - 24 K_1 K_2 + 6 K_1 + 18 K_2 + 10 K_3 + 19,O1O2O3O4U3U5O6U7O8O5U8U6U4U1O7U2,O1O2O3O4U5U4O6U3O5O7U2U7U8U1O8U6,O1O2O3O4U5O6U4U6U7U3O7O8U2O5U1U8,c,{'O1O2O3O4U3O5U4U1U6U7O8O7U5O6U8U2'},1,"<a href=""/flatknot/8.733671"">8.733671</a>",t^9-38t^7-114t^6-63t^5+96t^4+52t^3-30t^2+17t-2,0,,
8.733672,O1O2O3O4U3O5U4U2U1U6O7O6U5O8U7U8,4,18z^2+71z+71,18w^3z^2+71w^2z+71w,False,False,"[[ 0 -1 -1 -1  0  2  1 -1  1],[ 1  0  0 -1  1  3  1  1  0],[ 1  0  0 -1  1  2  1  1  0],[ 1  1  1  0  1  1  1  0  0],[ 0 -1 -1 -1  0  1  0  1  0],[-2 -3 -2 -1 -1  0 -2  0  1],[-1 -1 -1 -1  0  2  0 -1  0],[ 1 -1 -1  0 -1  0  1  0  1],[-1  0  0  0  0 -1  0 -1  0]]","[[ 0  2  1  1  0 -1 -1 -1 -1],[-2  0  1 -2 -1  0 -1 -2 -3],[-1 -1  0  0  0 -1  0  0  0],[-1  2  0  0  0 -1 -1 -1 -1],[ 0  1  0  0  0  1 -1 -1 -1],[ 1  0  1  1 -1  0  0 -1 -1],[ 1  1  0  1  1  0  0  1  1],[ 1  2  0  1  1  1 -1  0  0],[ 1  3  0  1  1  1 -1  0  0]]",True,"[-2,-1,-1,0,1,1,1,1,-1,2,1,0,1,2,3,0,0,1,0,0,0,0,1,1,1,1,-1,1,1,1,0,1,1,-1,-1,0]","[-2,-1,-1,0,1,1,1,1,-1,2,1,0,1,2,3,0,0,1,0,0,0,0,1,1,1,1,-1,1,1,1,0,1,1,-1,-1,0]",t^8+33t^6+119t^4+56t^2,"[-1,-1,-1,-1,0,1,1,2,-1,-1,0,0,1,2,2,0,-1,0,1,2,0,-1,0,1,2,1,2,1,1,3,1,1,1,0,-1,2]","[-2,-1,-1,0,1,1,1,1,-1,2,1,0,1,2,3,0,1,1,1,1,1,1,2,2,2,1,0,0,0,2,0,-1,1,-1,1,0]","[-1,-1,-1,-1,0,1,1,2,-1,-1,0,-1,1,1,0,0,-1,1,0,1,2,-1,1,0,1,3,1,0,1,1,0,0,1,0,-1,2]",c,"[[{8, 1}, {2, 7}, {3, 6}, {4, 5}], [{8, 1}, {2, 7}, {3, 6}, {5}, {4}], [{8, 1}, {2, 7}, {4, 6}, {3, 5}], [{8, 1}, {2, 7}, {5, 6}, {3, 4}], [{8, 1}, {3, 7}, {2, 6}, {4, 5}], [{8, 1}, {3, 7}, {2, 6}, {5}, {4}], [{8, 1}, {3, 7}, {4, 6}, {2, 5}], [{8, 1}, {3, 7}, {5, 6}, {2, 4}], [{8, 1}, {4, 7}, {2, 6}, {3, 5}], [{8, 1}, {4, 7}, {3, 6}, {2, 5}], [{8, 1}, {4, 7}, {5, 6}, {2, 3}], [{8, 1}, {5, 7}, {2, 6}, {3, 4}], [{8, 1}, {5, 7}, {2, 6}, {4}, {3}], [{8, 1}, {5, 7}, {3, 6}, {2, 4}], [{8, 1}, {5, 7}, {3, 6}, {4}, {2}], [{8, 1}, {5, 7}, {4, 6}, {2, 3}], [{8, 1}, {5, 7}, {4, 6}, {3}, {2}], [{8, 1}, {5, 7}, {6}, {2, 4}, {3}], [{8, 1}, {5, 7}, {6}, {3, 4}, {2}], [{8, 1}, {5, 7}, {6}, {4}, {2, 3}], [{8, 1}, {5, 7}, {6}, {4}, {3}, {2}], [{8, 1}, {6, 7}, {2, 5}, {3, 4}], [{8, 1}, {6, 7}, {3, 5}, {2, 4}], [{8, 1}, {6, 7}, {4, 5}, {2, 3}], [{8, 1}, {6, 7}, {5}, {3, 4}, {2}], [{8, 1}, {7}, {2, 6}, {3, 5}, {4}], [{8, 1}, {7}, {3, 6}, {2, 5}, {4}], [{8, 1}, {7}, {5, 6}, {3, 4}, {2}], [{8, 2}, {1, 7}, {3, 6}, {4, 5}], [{8, 2}, {1, 7}, {4, 6}, {3, 5}], [{8, 2}, {1, 7}, {5, 6}, {3, 4}], [{8, 2}, {1, 7}, {5, 6}, {4}, {3}], [{8, 2}, {3, 7}, {1, 6}, {4, 5}], [{8, 2}, {3, 7}, {4, 6}, {1, 5}], [{8, 2}, {3, 7}, {5, 6}, {1, 4}], [{8, 2}, {4, 7}, {1, 6}, {3, 5}], [{8, 2}, {4, 7}, {3, 6}, {1, 5}], [{8, 2}, {4, 7}, {5, 6}, {1, 3}], [{8, 2}, {5, 7}, {1, 6}, {3, 4}], [{8, 2}, {5, 7}, {3, 6}, {1, 4}], [{8, 2}, {5, 7}, {4, 6}, {1, 3}], [{8, 2}, {5, 7}, {4, 6}, {3}, {1}], [{8, 2}, {6, 7}, {1, 5}, {3, 4}], [{8, 2}, {6, 7}, {1, 5}, {4}, {3}], [{8, 2}, {6, 7}, {3, 5}, {1, 4}], [{8, 2}, {6, 7}, {3, 5}, {4}, {1}], [{8, 2}, {6, 7}, {4, 5}, {1, 3}], [{8, 2}, {6, 7}, {5}, {4}, {1, 3}], [{8, 2}, {7}, {5, 6}, {3, 4}, {1}], [{8, 3}, {1, 7}, {2, 6}, {4, 5}], [{8, 3}, {1, 7}, {4, 6}, {2, 5}], [{8, 3}, {1, 7}, {5, 6}, {2, 4}], [{8, 3}, {1, 7}, {5, 6}, {4}, {2}], [{8, 3}, {2, 7}, {1, 6}, {4, 5}], [{8, 3}, {2, 7}, {4, 6}, {1, 5}], [{8, 3}, {2, 7}, {5, 6}, {1, 4}], [{8, 3}, {4, 7}, {1, 6}, {2, 5}], [{8, 3}, {4, 7}, {2, 6}, {1, 5}], [{8, 3}, {4, 7}, {5, 6}, {1, 2}], [{8, 3}, {5, 7}, {1, 6}, {2, 4}], [{8, 3}, {5, 7}, {2, 6}, {1, 4}], [{8, 3}, {5, 7}, {4, 6}, {1, 2}], [{8, 3}, {6, 7}, {1, 5}, {2, 4}], [{8, 3}, {6, 7}, {1, 5}, {4}, {2}], [{8, 3}, {6, 7}, {2, 5}, {1, 4}], [{8, 3}, {6, 7}, {2, 5}, {4}, {1}], [{8, 3}, {6, 7}, {4, 5}, {1, 2}], [{8, 3}, {6, 7}, {4, 5}, {2}, {1}], [{8, 3}, {6, 7}, {5}, {1, 4}, {2}], [{8, 3}, {6, 7}, {5}, {2, 4}, {1}], [{8, 3}, {6, 7}, {5}, {4}, {1, 2}], [{8, 4}, {1, 7}, {2, 6}, {3, 5}], [{8, 4}, {1, 7}, {3, 6}, {2, 5}], [{8, 4}, {1, 7}, {5, 6}, {2, 3}], [{8, 4}, {1, 7}, {5, 6}, {3}, {2}], [{8, 4}, {2, 7}, {1, 6}, {3, 5}], [{8, 4}, {2, 7}, {3, 6}, {1, 5}], [{8, 4}, {2, 7}, {5, 6}, {1, 3}], [{8, 4}, {3, 7}, {1, 6}, {2, 5}], [{8, 4}, {3, 7}, {2, 6}, {1, 5}], [{8, 4}, {3, 7}, {5, 6}, {1, 2}], [{8, 4}, {5, 7}, {1, 6}, {2, 3}], [{8, 4}, {5, 7}, {2, 6}, {1, 3}], [{8, 4}, {5, 7}, {2, 6}, {3}, {1}], [{8, 4}, {5, 7}, {3, 6}, {1, 2}], [{8, 4}, {6, 7}, {1, 5}, {2, 3}], [{8, 4}, {6, 7}, {1, 5}, {3}, {2}], [{8, 4}, {6, 7}, {2, 5}, {1, 3}], [{8, 4}, {6, 7}, {3, 5}, {1, 2}], [{8, 5}, {1, 7}, {2, 6}, {3, 4}], [{8, 5}, {1, 7}, {3, 6}, {2, 4}], [{8, 5}, {1, 7}, {4, 6}, {2, 3}], [{8, 5}, {1, 7}, {6}, {3, 4}, {2}], [{8, 5}, {2, 7}, {1, 6}, {3, 4}], [{8, 5}, {2, 7}, {3, 6}, {1, 4}], [{8, 5}, {2, 7}, {4, 6}, {1, 3}], [{8, 5}, {2, 7}, {6}, {4}, {1, 3}], [{8, 5}, {3, 7}, {1, 6}, {2, 4}], [{8, 5}, {3, 7}, {2, 6}, {1, 4}], [{8, 5}, {3, 7}, {4, 6}, {1, 2}], [{8, 5}, {3, 7}, {6}, {1, 4}, {2}], [{8, 5}, {3, 7}, {6}, {2, 4}, {1}], [{8, 5}, {3, 7}, {6}, {4}, {1, 2}], [{8, 5}, {4, 7}, {1, 6}, {2, 3}], [{8, 5}, {4, 7}, {2, 6}, {1, 3}], [{8, 5}, {4, 7}, {3, 6}, {1, 2}], [{8, 5}, {4, 7}, {3, 6}, {2}, {1}], [{8, 5}, {6, 7}, {1, 4}, {2, 3}], [{8, 5}, {6, 7}, {2, 4}, {1, 3}], [{8, 5}, {6, 7}, {3, 4}, {1, 2}], [{8, 5}, {6, 7}, {3, 4}, {2}, {1}], [{8, 5}, {7}, {1, 6}, {3, 4}, {2}], [{8, 6}, {1, 7}, {2, 5}, {3, 4}], [{8, 6}, {1, 7}, {3, 5}, {2, 4}], [{8, 6}, {1, 7}, {4, 5}, {2, 3}], [{8, 6}, {1, 7}, {5}, {3, 4}, {2}], [{8, 6}, {2, 7}, {1, 5}, {3, 4}], [{8, 6}, {2, 7}, {3, 5}, {1, 4}], [{8, 6}, {2, 7}, {4, 5}, {1, 3}], [{8, 6}, {3, 7}, {1, 5}, {2, 4}], [{8, 6}, {3, 7}, {2, 5}, {1, 4}], [{8, 6}, {3, 7}, {4, 5}, {1, 2}], [{8, 6}, {3, 7}, {5}, {1, 4}, {2}], [{8, 6}, {4, 7}, {1, 5}, {2, 3}], [{8, 6}, {4, 7}, {2, 5}, {1, 3}], [{8, 6}, {4, 7}, {3, 5}, {1, 2}], [{8, 6}, {5, 7}, {1, 4}, {2, 3}], [{8, 6}, {5, 7}, {2, 4}, {1, 3}], [{8, 6}, {5, 7}, {3, 4}, {1, 2}], [{8, 6}, {5, 7}, {3, 4}, {2}, {1}], [{8, 6}, {7}, {1, 5}, {3, 4}, {2}], [{8, 6}, {7}, {2, 5}, {4}, {1, 3}], [{8, 6}, {7}, {3, 5}, {4}, {1, 2}], [{8, 6}, {7}, {4, 5}, {1, 3}, {2}], [{8, 6}, {7}, {5}, {2, 4}, {1, 3}], [{8, 7}, {1, 6}, {2, 5}, {3, 4}], [{8, 7}, {1, 6}, {2, 5}, {4}, {3}], [{8, 7}, {1, 6}, {3, 5}, {2, 4}], [{8, 7}, {1, 6}, {3, 5}, {4}, {2}], [{8, 7}, {1, 6}, {4, 5}, {2, 3}], [{8, 7}, {1, 6}, {4, 5}, {3}, {2}], [{8, 7}, {1, 6}, {5}, {2, 4}, {3}], [{8, 7}, {1, 6}, {5}, {3, 4}, {2}], [{8, 7}, {1, 6}, {5}, {4}, {2, 3}], [{8, 7}, {1, 6}, {5}, {4}, {3}, {2}], [{8, 7}, {2, 6}, {1, 5}, {3, 4}], [{8, 7}, {2, 6}, {3, 5}, {1, 4}], [{8, 7}, {2, 6}, {4, 5}, {1, 3}], [{8, 7}, {2, 6}, {5}, {3, 4}, {1}], [{8, 7}, {3, 6}, {1, 5}, {2, 4}], [{8, 7}, {3, 6}, {2, 5}, {1, 4}], [{8, 7}, {3, 6}, {4, 5}, {1, 2}], [{8, 7}, {3, 6}, {5}, {1, 4}, {2}], [{8, 7}, {4, 6}, {1, 5}, {2, 3}], [{8, 7}, {4, 6}, {2, 5}, {1, 3}], [{8, 7}, {4, 6}, {3, 5}, {1, 2}], [{8, 7}, {4, 6}, {5}, {1, 3}, {2}], [{8, 7}, {5, 6}, {1, 4}, {2, 3}], [{8, 7}, {5, 6}, {2, 4}, {1, 3}], [{8, 7}, {5, 6}, {3, 4}, {1, 2}], [{8, 7}, {5, 6}, {3, 4}, {2}, {1}], [{8, 7}, {6}, {1, 5}, {3, 4}, {2}], [{8, 7}, {6}, {2, 5}, {3, 4}, {1}], [{8, 7}, {6}, {3, 5}, {2, 4}, {1}], [{8, 7}, {6}, {4, 5}, {2, 3}, {1}], [{8, 7}, {6}, {5}, {3, 4}, {1, 2}], [{8, 7}, {6}, {5}, {3, 4}, {2}, {1}], [{8}, {1, 7}, {5, 6}, {2, 4}, {3}], [{8}, {1, 7}, {5, 6}, {3, 4}, {2}], [{8}, {1, 7}, {5, 6}, {4}, {2, 3}], [{8}, {1, 7}, {5, 6}, {4}, {3}, {2}], [{8}, {2, 7}, {5, 6}, {3, 4}, {1}], [{8}, {3, 7}, {5, 6}, {1, 4}, {2}], [{8}, {4, 7}, {5, 6}, {1, 3}, {2}], [{8}, {5, 7}, {1, 6}, {3, 4}, {2}], [{8}, {5, 7}, {2, 6}, {1, 4}, {3}], [{8}, {5, 7}, {3, 6}, {2, 4}, {1}], [{8}, {5, 7}, {4, 6}, {3}, {1, 2}], [{8}, {6, 7}, {1, 5}, {2, 4}, {3}], [{8}, {6, 7}, {1, 5}, {3, 4}, {2}], [{8}, {6, 7}, {1, 5}, {4}, {2, 3}], [{8}, {6, 7}, {1, 5}, {4}, {3}, {2}], [{8}, {6, 7}, {2, 5}, {1, 4}, {3}], [{8}, {6, 7}, {4, 5}, {3}, {1, 2}], [{8}, {7}, {5, 6}, {3, 4}, {1, 2}], [{8}, {7}, {5, 6}, {3, 4}, {2}, {1}]]",2,8 K_1^3 + 4 K_1^2 K_2 - 4 K_1^2 - 16 K_1 K_2 - 6 K_1 K_3 + 2 K_1 - 2 K_2^2 + 3 K_2 + 6 K_3 + 3 K_4 + 3,O1O2O3O4U5U6O5U7O8O6U8U4U3U1O7U2,O1O2O3O4U5U4O6U7O5O7U3U2U8U1O8U6,O1O2O3O4U5O6U4U6U3U2O7O8U7O5U1U8,c,"{'O1O2O3U2O4O5U3U4U1U6O7O6U5O8U7U8', 'O1O2O3O4U3O5U4U2U1U6O7O6U5O8U7U8'}",2,"<a href=""/flatknot/8.733672"">8.733672</a>",t^9-31t^7-58t^6-12t^5-58t^4-19t^3+72t^2+21t-2,-t^2+2t,,
8.733673,O1O2O3O4U3O5U4U2U1U6O7O8U5O6U8U7,4,18z^2+71z+71,18w^3z^2+71w^2z+71w,False,False,"[[ 0 -1 -1 -1  0  2  1  0  0],[ 1  0  0 -1  1  3  0  1  1],[ 1  0  0 -1  1  2  0  1  1],[ 1  1  1  0  1  1  1  0  0],[ 0 -1 -1 -1  0  1 -1  1  1],[-2 -3 -2 -1 -1  0 -2  1  0],[-1  0  0 -1  1  2  0 -1  0],[ 0 -1 -1  0 -1 -1  1  0  0],[ 0 -1 -1  0 -1  0  0  0  0]]","[[ 0  2  1  0  0  0 -1 -1 -1],[-2  0 -2  1  0 -1 -1 -2 -3],[-1  2  0 -1  0  1 -1  0  0],[ 0 -1  1  0  0 -1  0 -1 -1],[ 0  0  0  0  0 -1  0 -1 -1],[ 0  1 -1  1  1  0 -1 -1 -1],[ 1  1  1  0  0  1  0  1  1],[ 1  2  0  1  1  1 -1  0  0],[ 1  3  0  1  1  1 -1  0  0]]",True,"[-2,-1,0,0,0,1,1,1,2,-1,0,1,1,2,3,1,0,-1,1,0,0,0,1,0,1,1,1,0,1,1,1,1,1,-1,-1,0]","[-2,-1,0,0,0,1,1,1,-1,1,2,3,0,1,2,2,1,0,2,2,1,1,1,0,0,0,0,0,0,1,0,0,1,0,-1,-1]",t^8+34t^6+108t^4+41t^2,"[-1,-1,-1,0,0,0,1,2,-1,-1,0,1,1,1,2,0,0,0,0,2,0,0,0,0,2,1,-1,-1,2,1,0,0,3,1,2,-1]","[-2,-1,0,0,0,1,1,1,-1,1,2,3,0,1,2,2,1,0,2,2,1,1,1,0,0,0,0,0,0,1,0,0,1,0,-1,-1]","[-1,-1,-1,0,0,0,1,2,-1,0,1,1,1,0,2,1,0,0,1,1,1,1,1,1,0,3,0,-1,0,0,-1,1,-1,-1,1,2]",c,"[[{8, 1}, {2, 7}, {3, 6}, {4, 5}], [{8, 1}, {2, 7}, {4, 6}, {3, 5}], [{8, 1}, {2, 7}, {5, 6}, {3, 4}], [{8, 1}, {3, 7}, {2, 6}, {4, 5}], [{8, 1}, {3, 7}, {4, 6}, {2, 5}], [{8, 1}, {3, 7}, {5, 6}, {2, 4}], [{8, 1}, {4, 7}, {2, 6}, {3, 5}], [{8, 1}, {4, 7}, {3, 6}, {2, 5}], [{8, 1}, {4, 7}, {5, 6}, {2, 3}], [{8, 1}, {5, 7}, {2, 6}, {3, 4}], [{8, 1}, {5, 7}, {3, 6}, {2, 4}], [{8, 1}, {5, 7}, {4, 6}, {2, 3}], [{8, 1}, {5, 7}, {6}, {3, 4}, {2}], [{8, 1}, {6, 7}, {2, 5}, {3, 4}], [{8, 1}, {6, 7}, {3, 5}, {2, 4}], [{8, 1}, {6, 7}, {4, 5}, {2, 3}], [{8, 1}, {6, 7}, {5}, {3, 4}, {2}], [{8, 1}, {7}, {5, 6}, {3, 4}, {2}], [{8, 2}, {1, 7}, {3, 6}, {4, 5}], [{8, 2}, {1, 7}, {4, 6}, {3, 5}], [{8, 2}, {1, 7}, {5, 6}, {3, 4}], [{8, 2}, {1, 7}, {6}, {3, 5}, {4}], [{8, 2}, {3, 7}, {1, 6}, {4, 5}], [{8, 2}, {3, 7}, {4, 6}, {1, 5}], [{8, 2}, {3, 7}, {5, 6}, {1, 4}], [{8, 2}, {3, 7}, {5, 6}, {4}, {1}], [{8, 2}, {4, 7}, {1, 6}, {3, 5}], [{8, 2}, {4, 7}, {3, 6}, {1, 5}], [{8, 2}, {4, 7}, {5, 6}, {1, 3}], [{8, 2}, {4, 7}, {5, 6}, {3}, {1}], [{8, 2}, {5, 7}, {1, 6}, {3, 4}], [{8, 2}, {5, 7}, {3, 6}, {1, 4}], [{8, 2}, {5, 7}, {4, 6}, {1, 3}], [{8, 2}, {6, 7}, {1, 5}, {3, 4}], [{8, 2}, {6, 7}, {1, 5}, {4}, {3}], [{8, 2}, {6, 7}, {3, 5}, {1, 4}], [{8, 2}, {6, 7}, {3, 5}, {4}, {1}], [{8, 2}, {6, 7}, {4, 5}, {1, 3}], [{8, 2}, {6, 7}, {5}, {4}, {1, 3}], [{8, 2}, {7}, {1, 6}, {3, 5}, {4}], [{8, 2}, {7}, {5, 6}, {3, 4}, {1}], [{8, 3}, {1, 7}, {2, 6}, {4, 5}], [{8, 3}, {1, 7}, {4, 6}, {2, 5}], [{8, 3}, {1, 7}, {5, 6}, {2, 4}], [{8, 3}, {1, 7}, {6}, {2, 5}, {4}], [{8, 3}, {2, 7}, {1, 6}, {4, 5}], [{8, 3}, {2, 7}, {4, 6}, {1, 5}], [{8, 3}, {2, 7}, {5, 6}, {1, 4}], [{8, 3}, {2, 7}, {5, 6}, {4}, {1}], [{8, 3}, {4, 7}, {1, 6}, {2, 5}], [{8, 3}, {4, 7}, {2, 6}, {1, 5}], [{8, 3}, {4, 7}, {2, 6}, {5}, {1}], [{8, 3}, {4, 7}, {5, 6}, {1, 2}], [{8, 3}, {5, 7}, {1, 6}, {2, 4}], [{8, 3}, {5, 7}, {2, 6}, {1, 4}], [{8, 3}, {5, 7}, {4, 6}, {1, 2}], [{8, 3}, {5, 7}, {4, 6}, {2}, {1}], [{8, 3}, {6, 7}, {1, 5}, {2, 4}], [{8, 3}, {6, 7}, {1, 5}, {4}, {2}], [{8, 3}, {6, 7}, {2, 5}, {1, 4}], [{8, 3}, {6, 7}, {2, 5}, {4}, {1}], [{8, 3}, {6, 7}, {4, 5}, {1, 2}], [{8, 3}, {6, 7}, {4, 5}, {2}, {1}], [{8, 3}, {6, 7}, {5}, {1, 4}, {2}], [{8, 3}, {6, 7}, {5}, {2, 4}, {1}], [{8, 3}, {6, 7}, {5}, {4}, {1, 2}], [{8, 3}, {7}, {1, 6}, {2, 5}, {4}], [{8, 4}, {1, 7}, {2, 6}, {3, 5}], [{8, 4}, {1, 7}, {3, 6}, {2, 5}], [{8, 4}, {1, 7}, {5, 6}, {2, 3}], [{8, 4}, {2, 7}, {1, 6}, {3, 5}], [{8, 4}, {2, 7}, {3, 6}, {1, 5}], [{8, 4}, {2, 7}, {5, 6}, {1, 3}], [{8, 4}, {2, 7}, {5, 6}, {3}, {1}], [{8, 4}, {3, 7}, {1, 6}, {2, 5}], [{8, 4}, {3, 7}, {2, 6}, {1, 5}], [{8, 4}, {3, 7}, {5, 6}, {1, 2}], [{8, 4}, {5, 7}, {1, 6}, {2, 3}], [{8, 4}, {5, 7}, {2, 6}, {1, 3}], [{8, 4}, {5, 7}, {3, 6}, {1, 2}], [{8, 4}, {6, 7}, {1, 5}, {2, 3}], [{8, 4}, {6, 7}, {1, 5}, {3}, {2}], [{8, 4}, {6, 7}, {2, 5}, {1, 3}], [{8, 4}, {6, 7}, {3, 5}, {1, 2}], [{8, 5}, {1, 7}, {2, 6}, {3, 4}], [{8, 5}, {1, 7}, {3, 6}, {2, 4}], [{8, 5}, {1, 7}, {4, 6}, {2, 3}], [{8, 5}, {1, 7}, {6}, {3, 4}, {2}], [{8, 5}, {2, 7}, {1, 6}, {3, 4}], [{8, 5}, {2, 7}, {1, 6}, {4}, {3}], [{8, 5}, {2, 7}, {3, 6}, {1, 4}], [{8, 5}, {2, 7}, {4, 6}, {1, 3}], [{8, 5}, {2, 7}, {6}, {3, 4}, {1}], [{8, 5}, {3, 7}, {1, 6}, {2, 4}], [{8, 5}, {3, 7}, {1, 6}, {4}, {2}], [{8, 5}, {3, 7}, {2, 6}, {1, 4}], [{8, 5}, {3, 7}, {4, 6}, {1, 2}], [{8, 5}, {4, 7}, {1, 6}, {2, 3}], [{8, 5}, {4, 7}, {1, 6}, {3}, {2}], [{8, 5}, {4, 7}, {2, 6}, {1, 3}], [{8, 5}, {4, 7}, {3, 6}, {1, 2}], [{8, 5}, {6, 7}, {1, 4}, {2, 3}], [{8, 5}, {6, 7}, {2, 4}, {1, 3}], [{8, 5}, {6, 7}, {3, 4}, {1, 2}], [{8, 5}, {6, 7}, {3, 4}, {2}, {1}], [{8, 5}, {7}, {1, 6}, {2, 4}, {3}], [{8, 5}, {7}, {1, 6}, {3, 4}, {2}], [{8, 5}, {7}, {1, 6}, {4}, {2, 3}], [{8, 5}, {7}, {1, 6}, {4}, {3}, {2}], [{8, 5}, {7}, {2, 6}, {3, 4}, {1}], [{8, 5}, {7}, {3, 6}, {1, 4}, {2}], [{8, 5}, {7}, {4, 6}, {1, 3}, {2}], [{8, 5}, {7}, {6}, {3, 4}, {1, 2}], [{8, 5}, {7}, {6}, {3, 4}, {2}, {1}], [{8, 6}, {1, 7}, {2, 5}, {3, 4}], [{8, 6}, {1, 7}, {2, 5}, {4}, {3}], [{8, 6}, {1, 7}, {3, 5}, {2, 4}], [{8, 6}, {1, 7}, {3, 5}, {4}, {2}], [{8, 6}, {1, 7}, {4, 5}, {2, 3}], [{8, 6}, {1, 7}, {4, 5}, {3}, {2}], [{8, 6}, {1, 7}, {5}, {2, 4}, {3}], [{8, 6}, {1, 7}, {5}, {3, 4}, {2}], [{8, 6}, {1, 7}, {5}, {4}, {2, 3}], [{8, 6}, {1, 7}, {5}, {4}, {3}, {2}], [{8, 6}, {2, 7}, {1, 5}, {3, 4}], [{8, 6}, {2, 7}, {3, 5}, {1, 4}], [{8, 6}, {2, 7}, {4, 5}, {1, 3}], [{8, 6}, {2, 7}, {5}, {3, 4}, {1}], [{8, 6}, {3, 7}, {1, 5}, {2, 4}], [{8, 6}, {3, 7}, {2, 5}, {1, 4}], [{8, 6}, {3, 7}, {4, 5}, {1, 2}], [{8, 6}, {3, 7}, {5}, {1, 4}, {2}], [{8, 6}, {4, 7}, {1, 5}, {2, 3}], [{8, 6}, {4, 7}, {2, 5}, {1, 3}], [{8, 6}, {4, 7}, {3, 5}, {1, 2}], [{8, 6}, {4, 7}, {5}, {1, 3}, {2}], [{8, 6}, {5, 7}, {1, 4}, {2, 3}], [{8, 6}, {5, 7}, {2, 4}, {1, 3}], [{8, 6}, {5, 7}, {3, 4}, {1, 2}], [{8, 6}, {5, 7}, {3, 4}, {2}, {1}], [{8, 6}, {7}, {1, 5}, {3, 4}, {2}], [{8, 6}, {7}, {2, 5}, {3, 4}, {1}], [{8, 6}, {7}, {3, 5}, {2, 4}, {1}], [{8, 6}, {7}, {4, 5}, {2, 3}, {1}], [{8, 6}, {7}, {5}, {3, 4}, {1, 2}], [{8, 6}, {7}, {5}, {3, 4}, {2}, {1}], [{8, 7}, {1, 6}, {2, 5}, {3, 4}], [{8, 7}, {1, 6}, {3, 5}, {2, 4}], [{8, 7}, {1, 6}, {4, 5}, {2, 3}], [{8, 7}, {1, 6}, {5}, {3, 4}, {2}], [{8, 7}, {2, 6}, {1, 5}, {3, 4}], [{8, 7}, {2, 6}, {3, 5}, {1, 4}], [{8, 7}, {2, 6}, {4, 5}, {1, 3}], [{8, 7}, {3, 6}, {1, 5}, {2, 4}], [{8, 7}, {3, 6}, {2, 5}, {1, 4}], [{8, 7}, {3, 6}, {4, 5}, {1, 2}], [{8, 7}, {3, 6}, {5}, {1, 4}, {2}], [{8, 7}, {4, 6}, {1, 5}, {2, 3}], [{8, 7}, {4, 6}, {2, 5}, {1, 3}], [{8, 7}, {4, 6}, {3, 5}, {1, 2}], [{8, 7}, {5, 6}, {1, 4}, {2, 3}], [{8, 7}, {5, 6}, {2, 4}, {1, 3}], [{8, 7}, {5, 6}, {3, 4}, {1, 2}], [{8, 7}, {5, 6}, {3, 4}, {2}, {1}], [{8, 7}, {6}, {1, 5}, {3, 4}, {2}], [{8, 7}, {6}, {2, 5}, {4}, {1, 3}], [{8, 7}, {6}, {3, 5}, {4}, {1, 2}], [{8, 7}, {6}, {4, 5}, {1, 3}, {2}], [{8, 7}, {6}, {5}, {2, 4}, {1, 3}], [{8}, {1, 7}, {2, 6}, {3, 5}, {4}], [{8}, {1, 7}, {3, 6}, {2, 5}, {4}], [{8}, {1, 7}, {5, 6}, {3, 4}, {2}], [{8}, {2, 7}, {3, 6}, {1, 5}, {4}], [{8}, {2, 7}, {5, 6}, {3, 4}, {1}], [{8}, {3, 7}, {2, 6}, {1, 5}, {4}], [{8}, {5, 7}, {1, 6}, {3, 4}, {2}], [{8}, {5, 7}, {2, 6}, {4}, {1, 3}], [{8}, {5, 7}, {3, 6}, {1, 4}, {2}], [{8}, {5, 7}, {3, 6}, {2, 4}, {1}], [{8}, {5, 7}, {3, 6}, {4}, {1, 2}], [{8}, {6, 7}, {1, 5}, {2, 4}, {3}], [{8}, {6, 7}, {1, 5}, {3, 4}, {2}], [{8}, {6, 7}, {1, 5}, {4}, {2, 3}], [{8}, {6, 7}, {1, 5}, {4}, {3}, {2}], [{8}, {6, 7}, {2, 5}, {1, 4}, {3}], [{8}, {6, 7}, {4, 5}, {3}, {1, 2}], [{8}, {7}, {5, 6}, {1, 4}, {2, 3}], [{8}, {7}, {5, 6}, {2, 4}, {1, 3}], [{8}, {7}, {5, 6}, {3, 4}, {1, 2}], [{8}, {7}, {5, 6}, {3, 4}, {2}, {1}]]",2,- 2 K_1^2 + K_2 + 2,O1O2O3O4U5U6O7U8O6O5U7U4U3U1O8U2,O1O2O3O4U5U6O7U4O6O5U3U2U8U1O8U7,O1O2O3O4U5O6U4U6U3U2O7O8U1O5U8U7,c,"{'O1O2O3O4U3O5U4U2U1U6O7O8U5O6U8U7', 'O1O2O3U2O4O5U3U4U1U6O7O8U5O6U8U7'}",2,"<a href=""/flatknot/8.733673"">8.733673</a>",t^9-32t^7-58t^6-13t^5-17t^3-36t^2+3t+2,-t^2+2t,,
8.733674,O1O2O3O4U3O5U4U2U6U7O6O8U1O7U8U5,3,6z^2+57z+91,6w^3z^2-2w^3z+59w^2z+91w,False,False,"[[ 0 -1 -1 -1  0  3 -1  1  0],[ 1  0  0 -1  1  3  1  2  0],[ 1  0  0 -1  1  2  1  1  0],[ 1  1  1  0  1  1  1  1  0],[ 0 -1 -1 -1  0  1  0  0  0],[-3 -3 -2 -1 -1  0 -4 -1 -1],[ 1 -1 -1 -1  0  4  0  1  1],[-1 -2 -1 -1  0  1 -1  0  0],[ 0  0  0  0  0  1 -1  0  0]]","[[ 0  3  1  0  0 -1 -1 -1 -1],[-3  0 -1 -1 -1 -1 -2 -3 -4],[-1  1  0  0  0 -1 -1 -2 -1],[ 0  1  0  0  0  0  0  0 -1],[ 0  1  0  0  0 -1 -1 -1  0],[ 1  1  1  0  1  0  1  1  1],[ 1  2  1  0  1 -1  0  0  1],[ 1  3  2  0  1 -1  0  0  1],[ 1  4  1  1  0 -1 -1 -1  0]]",True,"[-3,-1,0,0,1,1,1,1,1,1,1,1,2,3,4,0,0,1,1,2,1,0,0,0,0,1,1,1,1,0,-1,-1,-1,0,-1,-1]","[-3,-1,0,0,1,1,1,1,1,1,1,1,2,3,4,0,0,1,1,2,1,0,0,0,0,1,1,1,1,0,-1,-1,-1,0,-1,-1]",t^8+49t^6+128t^4+32t^2,"[-1,-1,-1,-1,0,0,1,3,-1,-1,-1,0,1,1,3,-1,0,0,1,0,1,1,1,0,1,0,0,1,1,2,0,1,2,1,2,1]","[-3,-1,0,0,1,1,1,1,1,2,2,0,1,2,3,1,1,1,0,1,1,0,0,1,1,1,1,0,0,0,-1,-1,-1,0,-1,-1]","[-1,-1,-1,-1,0,0,1,3,-1,-1,-1,0,1,1,4,-1,0,1,0,1,2,1,1,0,1,1,1,0,2,3,0,0,1,0,1,1]",c,"[[{8, 1}, {2, 7}, {3, 6}, {4, 5}], [{8, 1}, {2, 7}, {4, 6}, {3, 5}], [{8, 1}, {2, 7}, {4, 6}, {5}, {3}], [{8, 1}, {2, 7}, {5, 6}, {3, 4}], [{8, 1}, {2, 7}, {5, 6}, {4}, {3}], [{8, 1}, {2, 7}, {6}, {4, 5}, {3}], [{8, 1}, {3, 7}, {2, 6}, {4, 5}], [{8, 1}, {3, 7}, {4, 6}, {2, 5}], [{8, 1}, {3, 7}, {5, 6}, {2, 4}], [{8, 1}, {3, 7}, {5, 6}, {4}, {2}], [{8, 1}, {4, 7}, {2, 6}, {3, 5}], [{8, 1}, {4, 7}, {2, 6}, {5}, {3}], [{8, 1}, {4, 7}, {3, 6}, {2, 5}], [{8, 1}, {4, 7}, {5, 6}, {2, 3}], [{8, 1}, {4, 7}, {5, 6}, {3}, {2}], [{8, 1}, {4, 7}, {6}, {2, 5}, {3}], [{8, 1}, {5, 7}, {2, 6}, {3, 4}], [{8, 1}, {5, 7}, {2, 6}, {4}, {3}], [{8, 1}, {5, 7}, {3, 6}, {2, 4}], [{8, 1}, {5, 7}, {3, 6}, {4}, {2}], [{8, 1}, {5, 7}, {4, 6}, {2, 3}], [{8, 1}, {5, 7}, {4, 6}, {3}, {2}], [{8, 1}, {5, 7}, {6}, {2, 4}, {3}], [{8, 1}, {5, 7}, {6}, {3, 4}, {2}], [{8, 1}, {5, 7}, {6}, {4}, {2, 3}], [{8, 1}, {5, 7}, {6}, {4}, {3}, {2}], [{8, 1}, {6, 7}, {2, 5}, {3, 4}], [{8, 1}, {6, 7}, {2, 5}, {4}, {3}], [{8, 1}, {6, 7}, {3, 5}, {2, 4}], [{8, 1}, {6, 7}, {3, 5}, {4}, {2}], [{8, 1}, {6, 7}, {4, 5}, {2, 3}], [{8, 1}, {6, 7}, {4, 5}, {3}, {2}], [{8, 1}, {6, 7}, {5}, {2, 4}, {3}], [{8, 1}, {6, 7}, {5}, {3, 4}, {2}], [{8, 1}, {6, 7}, {5}, {4}, {2, 3}], [{8, 1}, {6, 7}, {5}, {4}, {3}, {2}], [{8, 1}, {7}, {2, 6}, {4, 5}, {3}], [{8, 1}, {7}, {4, 6}, {2, 5}, {3}], [{8, 1}, {7}, {5, 6}, {2, 4}, {3}], [{8, 1}, {7}, {5, 6}, {3, 4}, {2}], [{8, 1}, {7}, {5, 6}, {4}, {2, 3}], [{8, 1}, {7}, {5, 6}, {4}, {3}, {2}], [{8, 2}, {1, 7}, {3, 6}, {4, 5}], [{8, 2}, {1, 7}, {4, 6}, {3, 5}], [{8, 2}, {1, 7}, {5, 6}, {3, 4}], [{8, 2}, {1, 7}, {5, 6}, {4}, {3}], [{8, 2}, {3, 7}, {1, 6}, {4, 5}], [{8, 2}, {3, 7}, {4, 6}, {1, 5}], [{8, 2}, {3, 7}, {5, 6}, {1, 4}], [{8, 2}, {3, 7}, {5, 6}, {4}, {1}], [{8, 2}, {4, 7}, {1, 6}, {3, 5}], [{8, 2}, {4, 7}, {3, 6}, {1, 5}], [{8, 2}, {4, 7}, {5, 6}, {1, 3}], [{8, 2}, {4, 7}, {5, 6}, {3}, {1}], [{8, 2}, {5, 7}, {1, 6}, {3, 4}], [{8, 2}, {5, 7}, {3, 6}, {1, 4}], [{8, 2}, {5, 7}, {4, 6}, {1, 3}], [{8, 2}, {6, 7}, {1, 5}, {3, 4}], [{8, 2}, {6, 7}, {3, 5}, {1, 4}], [{8, 2}, {6, 7}, {4, 5}, {1, 3}], [{8, 2}, {7}, {1, 6}, {5}, {3, 4}], [{8, 2}, {7}, {3, 6}, {5}, {1, 4}], [{8, 2}, {7}, {5, 6}, {1, 4}, {3}], [{8, 2}, {7}, {5, 6}, {3, 4}, {1}], [{8, 2}, {7}, {5, 6}, {4}, {1, 3}], [{8, 2}, {7}, {5, 6}, {4}, {3}, {1}], [{8, 2}, {7}, {6}, {1, 5}, {3, 4}], [{8, 2}, {7}, {6}, {3, 5}, {1, 4}], [{8, 3}, {1, 7}, {2, 6}, {4, 5}], [{8, 3}, {1, 7}, {4, 6}, {2, 5}], [{8, 3}, {1, 7}, {5, 6}, {2, 4}], [{8, 3}, {1, 7}, {5, 6}, {4}, {2}], [{8, 3}, {2, 7}, {1, 6}, {4, 5}], [{8, 3}, {2, 7}, {4, 6}, {1, 5}], [{8, 3}, {2, 7}, {4, 6}, {5}, {1}], [{8, 3}, {2, 7}, {5, 6}, {1, 4}], [{8, 3}, {2, 7}, {5, 6}, {4}, {1}], [{8, 3}, {2, 7}, {6}, {4, 5}, {1}], [{8, 3}, {4, 7}, {1, 6}, {2, 5}], [{8, 3}, {4, 7}, {2, 6}, {1, 5}], [{8, 3}, {4, 7}, {2, 6}, {5}, {1}], [{8, 3}, {4, 7}, {5, 6}, {1, 2}], [{8, 3}, {4, 7}, {5, 6}, {2}, {1}], [{8, 3}, {4, 7}, {6}, {2, 5}, {1}], [{8, 3}, {5, 7}, {1, 6}, {2, 4}], [{8, 3}, {5, 7}, {2, 6}, {1, 4}], [{8, 3}, {5, 7}, {4, 6}, {1, 2}], [{8, 3}, {6, 7}, {1, 5}, {2, 4}], [{8, 3}, {6, 7}, {2, 5}, {1, 4}], [{8, 3}, {6, 7}, {4, 5}, {1, 2}], [{8, 3}, {7}, {1, 6}, {5}, {2, 4}], [{8, 3}, {7}, {5, 6}, {1, 4}, {2}], [{8, 3}, {7}, {5, 6}, {2, 4}, {1}], [{8, 3}, {7}, {5, 6}, {4}, {1, 2}], [{8, 3}, {7}, {5, 6}, {4}, {2}, {1}], [{8, 3}, {7}, {6}, {1, 5}, {2, 4}], [{8, 4}, {1, 7}, {2, 6}, {3, 5}], [{8, 4}, {1, 7}, {3, 6}, {2, 5}], [{8, 4}, {1, 7}, {5, 6}, {2, 3}], [{8, 4}, {1, 7}, {5, 6}, {3}, {2}], [{8, 4}, {2, 7}, {1, 6}, {3, 5}], [{8, 4}, {2, 7}, {3, 6}, {1, 5}], [{8, 4}, {2, 7}, {5, 6}, {1, 3}], [{8, 4}, {2, 7}, {5, 6}, {3}, {1}], [{8, 4}, {3, 7}, {1, 6}, {2, 5}], [{8, 4}, {3, 7}, {2, 6}, {1, 5}], [{8, 4}, {3, 7}, {5, 6}, {1, 2}], [{8, 4}, {3, 7}, {5, 6}, {2}, {1}], [{8, 4}, {5, 7}, {1, 6}, {2, 3}], [{8, 4}, {5, 7}, {2, 6}, {1, 3}], [{8, 4}, {5, 7}, {3, 6}, {1, 2}], [{8, 4}, {5, 7}, {3, 6}, {2}, {1}], [{8, 4}, {6, 7}, {1, 5}, {2, 3}], [{8, 4}, {6, 7}, {2, 5}, {1, 3}], [{8, 4}, {6, 7}, {3, 5}, {1, 2}], [{8, 4}, {6, 7}, {3, 5}, {2}, {1}], [{8, 4}, {7}, {1, 6}, {5}, {2, 3}], [{8, 4}, {7}, {2, 6}, {5}, {1, 3}], [{8, 4}, {7}, {5, 6}, {1, 3}, {2}], [{8, 4}, {7}, {5, 6}, {2, 3}, {1}], [{8, 4}, {7}, {5, 6}, {3}, {1, 2}], [{8, 4}, {7}, {5, 6}, {3}, {2}, {1}], [{8, 4}, {7}, {6}, {1, 5}, {2, 3}], [{8, 4}, {7}, {6}, {2, 5}, {1, 3}], [{8, 5}, {1, 7}, {2, 6}, {3, 4}], [{8, 5}, {1, 7}, {3, 6}, {2, 4}], [{8, 5}, {1, 7}, {4, 6}, {2, 3}], [{8, 5}, {1, 7}, {6}, {3, 4}, {2}], [{8, 5}, {2, 7}, {1, 6}, {3, 4}], [{8, 5}, {2, 7}, {3, 6}, {1, 4}], [{8, 5}, {2, 7}, {4, 6}, {1, 3}], [{8, 5}, {2, 7}, {4, 6}, {3}, {1}], [{8, 5}, {3, 7}, {1, 6}, {2, 4}], [{8, 5}, {3, 7}, {2, 6}, {1, 4}], [{8, 5}, {3, 7}, {4, 6}, {1, 2}], [{8, 5}, {3, 7}, {6}, {2, 4}, {1}], [{8, 5}, {4, 7}, {1, 6}, {2, 3}], [{8, 5}, {4, 7}, {2, 6}, {1, 3}], [{8, 5}, {4, 7}, {2, 6}, {3}, {1}], [{8, 5}, {4, 7}, {3, 6}, {1, 2}], [{8, 5}, {6, 7}, {1, 4}, {2, 3}], [{8, 5}, {6, 7}, {2, 4}, {1, 3}], [{8, 5}, {6, 7}, {3, 4}, {1, 2}], [{8, 5}, {6, 7}, {3, 4}, {2}, {1}], [{8, 5}, {7}, {1, 6}, {3, 4}, {2}], [{8, 5}, {7}, {3, 6}, {1, 4}, {2}], [{8, 6}, {1, 7}, {2, 5}, {3, 4}], [{8, 6}, {1, 7}, {3, 5}, {2, 4}], [{8, 6}, {1, 7}, {4, 5}, {2, 3}], [{8, 6}, {1, 7}, {5}, {3, 4}, {2}], [{8, 6}, {2, 7}, {1, 5}, {3, 4}], [{8, 6}, {2, 7}, {3, 5}, {1, 4}], [{8, 6}, {2, 7}, {4, 5}, {1, 3}], [{8, 6}, {2, 7}, {4, 5}, {3}, {1}], [{8, 6}, {3, 7}, {1, 5}, {2, 4}], [{8, 6}, {3, 7}, {2, 5}, {1, 4}], [{8, 6}, {3, 7}, {4, 5}, {1, 2}], [{8, 6}, {3, 7}, {5}, {2, 4}, {1}], [{8, 6}, {4, 7}, {1, 5}, {2, 3}], [{8, 6}, {4, 7}, {2, 5}, {1, 3}], [{8, 6}, {4, 7}, {2, 5}, {3}, {1}], [{8, 6}, {4, 7}, {3, 5}, {1, 2}], [{8, 6}, {5, 7}, {1, 4}, {2, 3}], [{8, 6}, {5, 7}, {2, 4}, {1, 3}], [{8, 6}, {5, 7}, {3, 4}, {1, 2}], [{8, 6}, {5, 7}, {3, 4}, {2}, {1}], [{8, 6}, {7}, {1, 5}, {3, 4}, {2}], [{8, 6}, {7}, {3, 5}, {1, 4}, {2}], [{8, 7}, {1, 6}, {2, 5}, {3, 4}], [{8, 7}, {1, 6}, {3, 5}, {2, 4}], [{8, 7}, {1, 6}, {4, 5}, {2, 3}], [{8, 7}, {1, 6}, {5}, {3, 4}, {2}], [{8, 7}, {2, 6}, {1, 5}, {3, 4}], [{8, 7}, {2, 6}, {3, 5}, {1, 4}], [{8, 7}, {2, 6}, {4, 5}, {1, 3}], [{8, 7}, {2, 6}, {5}, {4}, {1, 3}], [{8, 7}, {3, 6}, {1, 5}, {2, 4}], [{8, 7}, {3, 6}, {2, 5}, {1, 4}], [{8, 7}, {3, 6}, {4, 5}, {1, 2}], [{8, 7}, {3, 6}, {5}, {1, 4}, {2}], [{8, 7}, {3, 6}, {5}, {2, 4}, {1}], [{8, 7}, {3, 6}, {5}, {4}, {1, 2}], [{8, 7}, {4, 6}, {1, 5}, {2, 3}], [{8, 7}, {4, 6}, {2, 5}, {1, 3}], [{8, 7}, {4, 6}, {3, 5}, {1, 2}], [{8, 7}, {5, 6}, {1, 4}, {2, 3}], [{8, 7}, {5, 6}, {1, 4}, {3}, {2}], [{8, 7}, {5, 6}, {2, 4}, {1, 3}], [{8, 7}, {5, 6}, {2, 4}, {3}, {1}], [{8, 7}, {5, 6}, {3, 4}, {1, 2}], [{8, 7}, {5, 6}, {3, 4}, {2}, {1}], [{8, 7}, {5, 6}, {4}, {1, 3}, {2}], [{8, 7}, {5, 6}, {4}, {2, 3}, {1}], [{8, 7}, {5, 6}, {4}, {3}, {1, 2}], [{8, 7}, {5, 6}, {4}, {3}, {2}, {1}], [{8, 7}, {6}, {1, 5}, {3, 4}, {2}], [{8, 7}, {6}, {2, 5}, {4}, {1, 3}], [{8, 7}, {6}, {3, 5}, {1, 4}, {2}], [{8, 7}, {6}, {3, 5}, {2, 4}, {1}], [{8, 7}, {6}, {3, 5}, {4}, {1, 2}], [{8}, {1, 7}, {2, 6}, {3, 5}, {4}], [{8}, {1, 7}, {3, 6}, {2, 5}, {4}], [{8}, {1, 7}, {5, 6}, {2, 4}, {3}], [{8}, {1, 7}, {5, 6}, {3, 4}, {2}], [{8}, {1, 7}, {5, 6}, {4}, {2, 3}], [{8}, {1, 7}, {5, 6}, {4}, {3}, {2}], [{8}, {2, 7}, {1, 6}, {3, 5}, {4}], [{8}, {2, 7}, {1, 6}, {4, 5}, {3}], [{8}, {2, 7}, {1, 6}, {5}, {3, 4}], [{8}, {2, 7}, {3, 6}, {1, 5}, {4}], [{8}, {2, 7}, {3, 6}, {4, 5}, {1}], [{8}, {2, 7}, {3, 6}, {5}, {1, 4}], [{8}, {2, 7}, {4, 6}, {1, 5}, {3}], [{8}, {2, 7}, {4, 6}, {3, 5}, {1}], [{8}, {2, 7}, {4, 6}, {5}, {1, 3}], [{8}, {2, 7}, {4, 6}, {5}, {3}, {1}], [{8}, {2, 7}, {5, 6}, {1, 4}, {3}], [{8}, {2, 7}, {5, 6}, {3, 4}, {1}], [{8}, {2, 7}, {5, 6}, {4}, {1, 3}], [{8}, {2, 7}, {5, 6}, {4}, {3}, {1}], [{8}, {2, 7}, {6}, {1, 5}, {3, 4}], [{8}, {2, 7}, {6}, {3, 5}, {1, 4}], [{8}, {2, 7}, {6}, {4, 5}, {1, 3}], [{8}, {2, 7}, {6}, {4, 5}, {3}, {1}], [{8}, {3, 7}, {1, 6}, {2, 5}, {4}], [{8}, {3, 7}, {2, 6}, {1, 5}, {4}], [{8}, {3, 7}, {5, 6}, {1, 4}, {2}], [{8}, {3, 7}, {5, 6}, {2, 4}, {1}], [{8}, {3, 7}, {5, 6}, {4}, {1, 2}], [{8}, {3, 7}, {5, 6}, {4}, {2}, {1}], [{8}, {4, 7}, {1, 6}, {2, 5}, {3}], [{8}, {4, 7}, {2, 6}, {1, 5}, {3}], [{8}, {4, 7}, {2, 6}, {3, 5}, {1}], [{8}, {4, 7}, {2, 6}, {5}, {1, 3}], [{8}, {4, 7}, {2, 6}, {5}, {3}, {1}], [{8}, {4, 7}, {3, 6}, {2, 5}, {1}], [{8}, {4, 7}, {5, 6}, {1, 3}, {2}], [{8}, {4, 7}, {5, 6}, {2, 3}, {1}], [{8}, {4, 7}, {5, 6}, {3}, {1, 2}], [{8}, {4, 7}, {5, 6}, {3}, {2}, {1}], [{8}, {4, 7}, {6}, {2, 5}, {1, 3}], [{8}, {4, 7}, {6}, {2, 5}, {3}, {1}], [{8}, {5, 7}, {1, 6}, {3, 4}, {2}], [{8}, {5, 7}, {3, 6}, {1, 4}, {2}], [{8}, {6, 7}, {1, 5}, {3, 4}, {2}], [{8}, {6, 7}, {3, 5}, {1, 4}, {2}], [{8}, {7}, {1, 6}, {2, 5}, {3, 4}], [{8}, {7}, {1, 6}, {5}, {3, 4}, {2}], [{8}, {7}, {2, 6}, {1, 5}, {3, 4}], [{8}, {7}, {2, 6}, {3, 5}, {1, 4}], [{8}, {7}, {3, 6}, {2, 5}, {1, 4}], [{8}, {7}, {3, 6}, {5}, {1, 4}, {2}], [{8}, {7}, {5, 6}, {1, 4}, {2, 3}], [{8}, {7}, {5, 6}, {1, 4}, {3}, {2}], [{8}, {7}, {5, 6}, {2, 4}, {1, 3}], [{8}, {7}, {5, 6}, {2, 4}, {3}, {1}], [{8}, {7}, {5, 6}, {3, 4}, {1, 2}], [{8}, {7}, {5, 6}, {3, 4}, {2}, {1}], [{8}, {7}, {5, 6}, {4}, {1, 3}, {2}], [{8}, {7}, {5, 6}, {4}, {2, 3}, {1}], [{8}, {7}, {5, 6}, {4}, {3}, {1, 2}], [{8}, {7}, {5, 6}, {4}, {3}, {2}, {1}], [{8}, {7}, {6}, {1, 5}, {3, 4}, {2}], [{8}, {7}, {6}, {3, 5}, {1, 4}, {2}]]",2,8 K_1^3 + 4 K_1^2 K_2 - 30 K_1^2 - 14 K_1 K_2 - 2 K_1 K_3 + K_1 - 2 K_2^2 + 14 K_2 + 5 K_3 + K_4 + 16,O1O2O3O4U5U6O7U4O6O8U7U8U3U1O5U2,O1O2O3O4U3U5O6U4O5O7U6U2U8U1O8U7,O1O2O3O4U5O6U4U6U3U7O5O8U1O7U8U2,c,"{'O1O2O3O4U3O5U4U2U6U7O6O8U1O7U8U5', 'O1O2O3U2O4O5U3U4U6U7O6O8U1O7U8U5'}",2,"<a href=""/flatknot/8.733674"">8.733674</a>",t^9-43t^7-130t^6-52t^5+146t^4+133t^3+14t^2-20t,-t^3+3t,,
8.733675,O1O2O3O4U3O5U4U2U6U7O6O8U5O7U1U8,4,3z^2+56z+101,3w^3z^2+56w^2z+101w,False,False,"[[ 0 -1 -1 -1  0  2 -1  1  1],[ 1  0 -1 -1  0  3  0  1  1],[ 1  1  0 -1  1  2  1  0  1],[ 1  1  1  0  1  1  1  1  0],[ 0  0 -1 -1  0  1  0 -1  1],[-2 -3 -2 -1 -1  0 -2 -1  0],[ 1  0 -1 -1  0  2  0  1  2],[-1 -1  0 -1  1  1 -1  0  1],[-1 -1 -1  0 -1  0 -2 -1  0]]","[[ 0  2  1  1  0 -1 -1 -1 -1],[-2  0  0 -1 -1 -1 -2 -2 -3],[-1  0  0 -1 -1  0 -1 -2 -1],[-1  1  1  0  1 -1  0 -1 -1],[ 0  1  1 -1  0 -1 -1  0  0],[ 1  1  0  1  1  0  1  1  1],[ 1  2  1  0  1 -1  0  1  1],[ 1  2  2  1  0 -1 -1  0  0],[ 1  3  1  1  0 -1 -1  0  0]]",True,"[-2,-1,-1,0,1,1,1,1,0,1,1,1,2,2,3,1,1,0,1,2,1,-1,1,0,1,1,1,1,0,0,-1,-1,-1,-1,-1,0]","[-2,-1,-1,0,1,1,1,1,0,1,1,0,1,1,2,1,2,1,1,2,1,0,1,0,1,2,1,1,0,0,0,-1,-1,-1,-1,-1]",t^8+39t^6+156t^4+137t^2,"[-1,-1,-1,-1,0,1,1,2,-1,-1,-1,0,1,2,2,-1,-1,0,2,1,1,0,1,1,0,1,1,1,1,0,2,0,1,-1,0,1]","[-2,-1,-1,0,1,1,1,1,0,1,1,0,1,1,2,1,2,1,1,2,1,0,1,0,1,2,1,1,0,0,0,-1,-1,-1,-1,-1]","[-1,-1,-1,-1,0,1,1,2,-1,-1,0,0,1,1,3,-1,1,1,0,1,2,1,1,1,0,1,0,1,2,2,-1,1,1,1,1,0]",c,"[[{8, 1}, {2, 7}, {3, 6}, {4, 5}], [{8, 1}, {2, 7}, {4, 6}, {3, 5}], [{8, 1}, {2, 7}, {5, 6}, {3, 4}], [{8, 1}, {3, 7}, {2, 6}, {4, 5}], [{8, 1}, {3, 7}, {4, 6}, {2, 5}], [{8, 1}, {3, 7}, {5, 6}, {2, 4}], [{8, 1}, {4, 7}, {2, 6}, {3, 5}], [{8, 1}, {4, 7}, {3, 6}, {2, 5}], [{8, 1}, {4, 7}, {5, 6}, {2, 3}], [{8, 1}, {5, 7}, {2, 6}, {3, 4}], [{8, 1}, {5, 7}, {3, 6}, {2, 4}], [{8, 1}, {5, 7}, {4, 6}, {2, 3}], [{8, 1}, {5, 7}, {6}, {3, 4}, {2}], [{8, 1}, {6, 7}, {2, 5}, {3, 4}], [{8, 1}, {6, 7}, {3, 5}, {2, 4}], [{8, 1}, {6, 7}, {4, 5}, {2, 3}], [{8, 1}, {6, 7}, {5}, {3, 4}, {2}], [{8, 1}, {7}, {3, 6}, {5}, {2, 4}], [{8, 1}, {7}, {5, 6}, {3, 4}, {2}], [{8, 2}, {1, 7}, {3, 6}, {4, 5}], [{8, 2}, {1, 7}, {3, 6}, {5}, {4}], [{8, 2}, {1, 7}, {4, 6}, {3, 5}], [{8, 2}, {1, 7}, {5, 6}, {3, 4}], [{8, 2}, {1, 7}, {5, 6}, {4}, {3}], [{8, 2}, {1, 7}, {6}, {3, 5}, {4}], [{8, 2}, {3, 7}, {1, 6}, {4, 5}], [{8, 2}, {3, 7}, {1, 6}, {5}, {4}], [{8, 2}, {3, 7}, {4, 6}, {1, 5}], [{8, 2}, {3, 7}, {5, 6}, {1, 4}], [{8, 2}, {3, 7}, {5, 6}, {4}, {1}], [{8, 2}, {3, 7}, {6}, {1, 5}, {4}], [{8, 2}, {4, 7}, {1, 6}, {3, 5}], [{8, 2}, {4, 7}, {3, 6}, {1, 5}], [{8, 2}, {4, 7}, {5, 6}, {1, 3}], [{8, 2}, {5, 7}, {1, 6}, {3, 4}], [{8, 2}, {5, 7}, {3, 6}, {1, 4}], [{8, 2}, {5, 7}, {4, 6}, {1, 3}], [{8, 2}, {6, 7}, {1, 5}, {3, 4}], [{8, 2}, {6, 7}, {3, 5}, {1, 4}], [{8, 2}, {6, 7}, {4, 5}, {1, 3}], [{8, 2}, {7}, {5, 6}, {4}, {1, 3}], [{8, 3}, {1, 7}, {2, 6}, {4, 5}], [{8, 3}, {1, 7}, {2, 6}, {5}, {4}], [{8, 3}, {1, 7}, {4, 6}, {2, 5}], [{8, 3}, {1, 7}, {5, 6}, {2, 4}], [{8, 3}, {1, 7}, {5, 6}, {4}, {2}], [{8, 3}, {1, 7}, {6}, {2, 5}, {4}], [{8, 3}, {2, 7}, {1, 6}, {4, 5}], [{8, 3}, {2, 7}, {1, 6}, {5}, {4}], [{8, 3}, {2, 7}, {4, 6}, {1, 5}], [{8, 3}, {2, 7}, {5, 6}, {1, 4}], [{8, 3}, {2, 7}, {5, 6}, {4}, {1}], [{8, 3}, {2, 7}, {6}, {1, 5}, {4}], [{8, 3}, {4, 7}, {1, 6}, {2, 5}], [{8, 3}, {4, 7}, {2, 6}, {1, 5}], [{8, 3}, {4, 7}, {5, 6}, {1, 2}], [{8, 3}, {4, 7}, {5, 6}, {2}, {1}], [{8, 3}, {5, 7}, {1, 6}, {2, 4}], [{8, 3}, {5, 7}, {2, 6}, {1, 4}], [{8, 3}, {5, 7}, {4, 6}, {1, 2}], [{8, 3}, {6, 7}, {1, 5}, {2, 4}], [{8, 3}, {6, 7}, {2, 5}, {1, 4}], [{8, 3}, {6, 7}, {4, 5}, {1, 2}], [{8, 3}, {7}, {5, 6}, {1, 4}, {2}], [{8, 3}, {7}, {5, 6}, {2, 4}, {1}], [{8, 3}, {7}, {5, 6}, {4}, {1, 2}], [{8, 4}, {1, 7}, {2, 6}, {3, 5}], [{8, 4}, {1, 7}, {3, 6}, {2, 5}], [{8, 4}, {1, 7}, {5, 6}, {2, 3}], [{8, 4}, {1, 7}, {5, 6}, {3}, {2}], [{8, 4}, {2, 7}, {1, 6}, {3, 5}], [{8, 4}, {2, 7}, {3, 6}, {1, 5}], [{8, 4}, {2, 7}, {5, 6}, {1, 3}], [{8, 4}, {3, 7}, {1, 6}, {2, 5}], [{8, 4}, {3, 7}, {2, 6}, {1, 5}], [{8, 4}, {3, 7}, {5, 6}, {1, 2}], [{8, 4}, {5, 7}, {1, 6}, {2, 3}], [{8, 4}, {5, 7}, {2, 6}, {1, 3}], [{8, 4}, {5, 7}, {3, 6}, {1, 2}], [{8, 4}, {6, 7}, {1, 5}, {2, 3}], [{8, 4}, {6, 7}, {2, 5}, {1, 3}], [{8, 4}, {6, 7}, {3, 5}, {1, 2}], [{8, 4}, {6, 7}, {3, 5}, {2}, {1}], [{8, 5}, {1, 7}, {2, 6}, {3, 4}], [{8, 5}, {1, 7}, {3, 6}, {2, 4}], [{8, 5}, {1, 7}, {4, 6}, {2, 3}], [{8, 5}, {1, 7}, {6}, {3, 4}, {2}], [{8, 5}, {2, 7}, {1, 6}, {3, 4}], [{8, 5}, {2, 7}, {3, 6}, {1, 4}], [{8, 5}, {2, 7}, {4, 6}, {1, 3}], [{8, 5}, {2, 7}, {6}, {3, 4}, {1}], [{8, 5}, {3, 7}, {1, 6}, {2, 4}], [{8, 5}, {3, 7}, {2, 6}, {1, 4}], [{8, 5}, {3, 7}, {4, 6}, {1, 2}], [{8, 5}, {3, 7}, {6}, {2, 4}, {1}], [{8, 5}, {4, 7}, {1, 6}, {2, 3}], [{8, 5}, {4, 7}, {2, 6}, {1, 3}], [{8, 5}, {4, 7}, {3, 6}, {1, 2}], [{8, 5}, {4, 7}, {6}, {2, 3}, {1}], [{8, 5}, {6, 7}, {1, 4}, {2, 3}], [{8, 5}, {6, 7}, {2, 4}, {1, 3}], [{8, 5}, {6, 7}, {3, 4}, {1, 2}], [{8, 5}, {6, 7}, {3, 4}, {2}, {1}], [{8, 5}, {7}, {1, 6}, {3, 4}, {2}], [{8, 5}, {7}, {2, 6}, {1, 4}, {3}], [{8, 5}, {7}, {2, 6}, {3, 4}, {1}], [{8, 5}, {7}, {2, 6}, {4}, {1, 3}], [{8, 5}, {7}, {3, 6}, {4}, {1, 2}], [{8, 5}, {7}, {4, 6}, {3}, {1, 2}], [{8, 5}, {7}, {6}, {3, 4}, {1, 2}], [{8, 5}, {7}, {6}, {3, 4}, {2}, {1}], [{8, 6}, {1, 7}, {2, 5}, {3, 4}], [{8, 6}, {1, 7}, {3, 5}, {2, 4}], [{8, 6}, {1, 7}, {4, 5}, {2, 3}], [{8, 6}, {1, 7}, {5}, {3, 4}, {2}], [{8, 6}, {2, 7}, {1, 5}, {3, 4}], [{8, 6}, {2, 7}, {3, 5}, {1, 4}], [{8, 6}, {2, 7}, {4, 5}, {1, 3}], [{8, 6}, {2, 7}, {4, 5}, {3}, {1}], [{8, 6}, {3, 7}, {1, 5}, {2, 4}], [{8, 6}, {3, 7}, {2, 5}, {1, 4}], [{8, 6}, {3, 7}, {4, 5}, {1, 2}], [{8, 6}, {3, 7}, {5}, {1, 4}, {2}], [{8, 6}, {4, 7}, {1, 5}, {2, 3}], [{8, 6}, {4, 7}, {2, 5}, {1, 3}], [{8, 6}, {4, 7}, {2, 5}, {3}, {1}], [{8, 6}, {4, 7}, {3, 5}, {1, 2}], [{8, 6}, {5, 7}, {1, 4}, {2, 3}], [{8, 6}, {5, 7}, {1, 4}, {3}, {2}], [{8, 6}, {5, 7}, {2, 4}, {1, 3}], [{8, 6}, {5, 7}, {2, 4}, {3}, {1}], [{8, 6}, {5, 7}, {3, 4}, {1, 2}], [{8, 6}, {5, 7}, {3, 4}, {2}, {1}], [{8, 6}, {5, 7}, {4}, {1, 3}, {2}], [{8, 6}, {5, 7}, {4}, {2, 3}, {1}], [{8, 6}, {5, 7}, {4}, {3}, {1, 2}], [{8, 6}, {5, 7}, {4}, {3}, {2}, {1}], [{8, 6}, {7}, {1, 5}, {3, 4}, {2}], [{8, 6}, {7}, {3, 5}, {1, 4}, {2}], [{8, 7}, {1, 6}, {2, 5}, {3, 4}], [{8, 7}, {1, 6}, {3, 5}, {2, 4}], [{8, 7}, {1, 6}, {4, 5}, {2, 3}], [{8, 7}, {1, 6}, {5}, {3, 4}, {2}], [{8, 7}, {2, 6}, {1, 5}, {3, 4}], [{8, 7}, {2, 6}, {1, 5}, {4}, {3}], [{8, 7}, {2, 6}, {3, 5}, {1, 4}], [{8, 7}, {2, 6}, {4, 5}, {1, 3}], [{8, 7}, {3, 6}, {1, 5}, {2, 4}], [{8, 7}, {3, 6}, {1, 5}, {4}, {2}], [{8, 7}, {3, 6}, {2, 5}, {1, 4}], [{8, 7}, {3, 6}, {4, 5}, {1, 2}], [{8, 7}, {4, 6}, {1, 5}, {2, 3}], [{8, 7}, {4, 6}, {1, 5}, {3}, {2}], [{8, 7}, {4, 6}, {2, 5}, {1, 3}], [{8, 7}, {4, 6}, {3, 5}, {1, 2}], [{8, 7}, {5, 6}, {1, 4}, {2, 3}], [{8, 7}, {5, 6}, {2, 4}, {1, 3}], [{8, 7}, {5, 6}, {3, 4}, {1, 2}], [{8, 7}, {5, 6}, {3, 4}, {2}, {1}], [{8, 7}, {6}, {1, 5}, {2, 4}, {3}], [{8, 7}, {6}, {1, 5}, {3, 4}, {2}], [{8, 7}, {6}, {1, 5}, {4}, {2, 3}], [{8, 7}, {6}, {1, 5}, {4}, {3}, {2}], [{8}, {1, 7}, {5, 6}, {2, 4}, {3}], [{8}, {1, 7}, {5, 6}, {3, 4}, {2}], [{8}, {1, 7}, {5, 6}, {4}, {2, 3}], [{8}, {1, 7}, {5, 6}, {4}, {3}, {2}], [{8}, {2, 7}, {5, 6}, {1, 4}, {3}], [{8}, {4, 7}, {5, 6}, {3}, {1, 2}], [{8}, {5, 7}, {1, 6}, {3, 4}, {2}], [{8}, {6, 7}, {1, 5}, {3, 4}, {2}], [{8}, {6, 7}, {4, 5}, {1, 3}, {2}], [{8}, {7}, {1, 6}, {3, 5}, {2, 4}]]",2,8 K_1^3 + 4 K_1^2 K_2 - 28 K_1^2 - 20 K_1 K_2 - 6 K_1 K_3 + 4 K_1 - 2 K_2^2 + 15 K_2 + 8 K_3 + 3 K_4 + 15,O1O2O3O4U5U4O6U7O5O8U6U8U3U1O7U2,O1O2O3O4U3U5O6U4O7O5U7U2U8U1O8U6,O1O2O3O4U5O6U4U6U3U7O8O7U1O5U8U2,c,"{'O1O2O3O4U3O5U4U2U6U7O6O8U5O7U1U8', 'O1O2O3U2O4O5U3U4U6U7O6O8U5O7U1U8'}",2,"<a href=""/flatknot/8.733675"">8.733675</a>",t^9-37t^7-86t^6+17t^5+132t^4+37t^3-6t^2+7t-6,-t^2+2t,,
8.733676,O1O2O3O4U3O5U4U2U6U1O7O6U5O8U7U8,3,8z^2+57z+83,8w^3z^2+57w^2z+83w,False,False,"[[ 0  0 -1 -1  0  2  0 -1  1],[ 0  0  0 -1  1  2  0  0  0],[ 1  0  0 -1  1  2  1  1  0],[ 1  1  1  0  1  1  1  0  0],[ 0 -1 -1 -1  0  1  0  1  0],[-2 -2 -2 -1 -1  0 -2  0  1],[ 0  0 -1 -1  0  2  0 -1  0],[ 1  0 -1  0 -1  0  1  0  1],[-1  0  0  0  0 -1  0 -1  0]]","[[ 0  2  1  0  0  0 -1 -1 -1],[-2  0  1 -1 -2 -2  0 -1 -2],[-1 -1  0  0  0  0 -1  0  0],[ 0  1  0  0  0 -1  1 -1 -1],[ 0  2  0  0  0  0 -1 -1 -1],[ 0  2  0  1  0  0  0 -1  0],[ 1  0  1 -1  1  0  0  0 -1],[ 1  1  0  1  1  1  0  0  1],[ 1  2  0  1  1  0  1 -1  0]]",True,"[-2,-1,0,0,0,1,1,1,-1,1,2,2,0,1,2,0,0,0,1,0,0,0,1,-1,1,1,0,1,1,1,0,1,0,0,1,-1]","[-2,-1,0,0,0,1,1,1,-1,1,2,2,0,1,2,0,0,0,1,0,0,0,1,-1,1,1,0,1,1,1,0,1,0,0,1,-1]",t^8+26t^6+101t^4+50t^2,"[-1,-1,-1,0,0,0,1,2,-1,0,0,0,0,2,2,-1,0,0,1,2,1,0,2,1,1,3,0,0,1,0,1,1,1,1,0,2]","[-2,-1,0,0,0,1,1,1,2,0,0,1,1,2,3,1,1,1,2,2,1,0,0,0,0,0,1,1,0,1,0,0,2,-1,1,0]","[-1,-1,-1,0,0,0,1,2,-1,0,-1,0,1,1,0,-1,1,0,1,0,2,1,1,1,0,1,-1,0,0,1,0,0,2,0,2,-1]",c,"[[{8, 1}, {2, 7}, {3, 6}, {4, 5}], [{8, 1}, {2, 7}, {3, 6}, {5}, {4}], [{8, 1}, {2, 7}, {4, 6}, {3, 5}], [{8, 1}, {2, 7}, {5, 6}, {3, 4}], [{8, 1}, {2, 7}, {5, 6}, {4}, {3}], [{8, 1}, {2, 7}, {6}, {3, 5}, {4}], [{8, 1}, {3, 7}, {2, 6}, {4, 5}], [{8, 1}, {3, 7}, {2, 6}, {5}, {4}], [{8, 1}, {3, 7}, {4, 6}, {2, 5}], [{8, 1}, {3, 7}, {5, 6}, {2, 4}], [{8, 1}, {3, 7}, {5, 6}, {4}, {2}], [{8, 1}, {3, 7}, {6}, {2, 5}, {4}], [{8, 1}, {4, 7}, {2, 6}, {3, 5}], [{8, 1}, {4, 7}, {3, 6}, {2, 5}], [{8, 1}, {4, 7}, {5, 6}, {2, 3}], [{8, 1}, {4, 7}, {5, 6}, {3}, {2}], [{8, 1}, {5, 7}, {2, 6}, {3, 4}], [{8, 1}, {5, 7}, {3, 6}, {2, 4}], [{8, 1}, {5, 7}, {4, 6}, {2, 3}], [{8, 1}, {5, 7}, {6}, {3, 4}, {2}], [{8, 1}, {6, 7}, {2, 5}, {3, 4}], [{8, 1}, {6, 7}, {3, 5}, {2, 4}], [{8, 1}, {6, 7}, {4, 5}, {2, 3}], [{8, 1}, {6, 7}, {5}, {3, 4}, {2}], [{8, 1}, {7}, {5, 6}, {2, 4}, {3}], [{8, 1}, {7}, {5, 6}, {3, 4}, {2}], [{8, 1}, {7}, {5, 6}, {4}, {2, 3}], [{8, 1}, {7}, {5, 6}, {4}, {3}, {2}], [{8, 2}, {1, 7}, {3, 6}, {4, 5}], [{8, 2}, {1, 7}, {3, 6}, {5}, {4}], [{8, 2}, {1, 7}, {4, 6}, {3, 5}], [{8, 2}, {1, 7}, {5, 6}, {3, 4}], [{8, 2}, {1, 7}, {5, 6}, {4}, {3}], [{8, 2}, {1, 7}, {6}, {3, 5}, {4}], [{8, 2}, {3, 7}, {1, 6}, {4, 5}], [{8, 2}, {3, 7}, {1, 6}, {5}, {4}], [{8, 2}, {3, 7}, {4, 6}, {1, 5}], [{8, 2}, {3, 7}, {5, 6}, {1, 4}], [{8, 2}, {3, 7}, {5, 6}, {4}, {1}], [{8, 2}, {3, 7}, {6}, {1, 5}, {4}], [{8, 2}, {4, 7}, {1, 6}, {3, 5}], [{8, 2}, {4, 7}, {3, 6}, {1, 5}], [{8, 2}, {4, 7}, {5, 6}, {1, 3}], [{8, 2}, {4, 7}, {5, 6}, {3}, {1}], [{8, 2}, {5, 7}, {1, 6}, {3, 4}], [{8, 2}, {5, 7}, {1, 6}, {4}, {3}], [{8, 2}, {5, 7}, {3, 6}, {1, 4}], [{8, 2}, {5, 7}, {3, 6}, {4}, {1}], [{8, 2}, {5, 7}, {4, 6}, {1, 3}], [{8, 2}, {5, 7}, {6}, {4}, {1, 3}], [{8, 2}, {6, 7}, {1, 5}, {3, 4}], [{8, 2}, {6, 7}, {1, 5}, {4}, {3}], [{8, 2}, {6, 7}, {3, 5}, {1, 4}], [{8, 2}, {6, 7}, {3, 5}, {4}, {1}], [{8, 2}, {6, 7}, {4, 5}, {1, 3}], [{8, 2}, {6, 7}, {5}, {4}, {1, 3}], [{8, 2}, {7}, {1, 6}, {3, 5}, {4}], [{8, 2}, {7}, {3, 6}, {1, 5}, {4}], [{8, 2}, {7}, {5, 6}, {1, 4}, {3}], [{8, 2}, {7}, {5, 6}, {3, 4}, {1}], [{8, 2}, {7}, {5, 6}, {4}, {1, 3}], [{8, 2}, {7}, {5, 6}, {4}, {3}, {1}], [{8, 3}, {1, 7}, {2, 6}, {4, 5}], [{8, 3}, {1, 7}, {2, 6}, {5}, {4}], [{8, 3}, {1, 7}, {4, 6}, {2, 5}], [{8, 3}, {1, 7}, {5, 6}, {2, 4}], [{8, 3}, {1, 7}, {5, 6}, {4}, {2}], [{8, 3}, {1, 7}, {6}, {2, 5}, {4}], [{8, 3}, {2, 7}, {1, 6}, {4, 5}], [{8, 3}, {2, 7}, {1, 6}, {5}, {4}], [{8, 3}, {2, 7}, {4, 6}, {1, 5}], [{8, 3}, {2, 7}, {5, 6}, {1, 4}], [{8, 3}, {2, 7}, {5, 6}, {4}, {1}], [{8, 3}, {2, 7}, {6}, {1, 5}, {4}], [{8, 3}, {4, 7}, {1, 6}, {2, 5}], [{8, 3}, {4, 7}, {2, 6}, {1, 5}], [{8, 3}, {4, 7}, {5, 6}, {1, 2}], [{8, 3}, {4, 7}, {5, 6}, {2}, {1}], [{8, 3}, {5, 7}, {1, 6}, {2, 4}], [{8, 3}, {5, 7}, {1, 6}, {4}, {2}], [{8, 3}, {5, 7}, {2, 6}, {1, 4}], [{8, 3}, {5, 7}, {2, 6}, {4}, {1}], [{8, 3}, {5, 7}, {4, 6}, {1, 2}], [{8, 3}, {5, 7}, {6}, {4}, {1, 2}], [{8, 3}, {6, 7}, {1, 5}, {2, 4}], [{8, 3}, {6, 7}, {1, 5}, {4}, {2}], [{8, 3}, {6, 7}, {2, 5}, {1, 4}], [{8, 3}, {6, 7}, {2, 5}, {4}, {1}], [{8, 3}, {6, 7}, {4, 5}, {1, 2}], [{8, 3}, {6, 7}, {5}, {4}, {1, 2}], [{8, 3}, {7}, {1, 6}, {2, 5}, {4}], [{8, 3}, {7}, {2, 6}, {1, 5}, {4}], [{8, 3}, {7}, {5, 6}, {1, 4}, {2}], [{8, 3}, {7}, {5, 6}, {2, 4}, {1}], [{8, 3}, {7}, {5, 6}, {4}, {1, 2}], [{8, 3}, {7}, {5, 6}, {4}, {2}, {1}], [{8, 4}, {1, 7}, {2, 6}, {3, 5}], [{8, 4}, {1, 7}, {3, 6}, {2, 5}], [{8, 4}, {1, 7}, {5, 6}, {2, 3}], [{8, 4}, {1, 7}, {5, 6}, {3}, {2}], [{8, 4}, {2, 7}, {1, 6}, {3, 5}], [{8, 4}, {2, 7}, {3, 6}, {1, 5}], [{8, 4}, {2, 7}, {5, 6}, {1, 3}], [{8, 4}, {2, 7}, {5, 6}, {3}, {1}], [{8, 4}, {3, 7}, {1, 6}, {2, 5}], [{8, 4}, {3, 7}, {2, 6}, {1, 5}], [{8, 4}, {3, 7}, {5, 6}, {1, 2}], [{8, 4}, {3, 7}, {5, 6}, {2}, {1}], [{8, 4}, {5, 7}, {1, 6}, {2, 3}], [{8, 4}, {5, 7}, {1, 6}, {3}, {2}], [{8, 4}, {5, 7}, {2, 6}, {1, 3}], [{8, 4}, {5, 7}, {3, 6}, {1, 2}], [{8, 4}, {6, 7}, {1, 5}, {2, 3}], [{8, 4}, {6, 7}, {1, 5}, {3}, {2}], [{8, 4}, {6, 7}, {2, 5}, {1, 3}], [{8, 4}, {6, 7}, {3, 5}, {1, 2}], [{8, 4}, {7}, {5, 6}, {1, 3}, {2}], [{8, 4}, {7}, {5, 6}, {2, 3}, {1}], [{8, 4}, {7}, {5, 6}, {3}, {1, 2}], [{8, 4}, {7}, {5, 6}, {3}, {2}, {1}], [{8, 5}, {1, 7}, {2, 6}, {3, 4}], [{8, 5}, {1, 7}, {3, 6}, {2, 4}], [{8, 5}, {1, 7}, {4, 6}, {2, 3}], [{8, 5}, {1, 7}, {6}, {3, 4}, {2}], [{8, 5}, {2, 7}, {1, 6}, {3, 4}], [{8, 5}, {2, 7}, {3, 6}, {1, 4}], [{8, 5}, {2, 7}, {4, 6}, {1, 3}], [{8, 5}, {2, 7}, {6}, {3, 4}, {1}], [{8, 5}, {3, 7}, {1, 6}, {2, 4}], [{8, 5}, {3, 7}, {2, 6}, {1, 4}], [{8, 5}, {3, 7}, {4, 6}, {1, 2}], [{8, 5}, {4, 7}, {1, 6}, {2, 3}], [{8, 5}, {4, 7}, {2, 6}, {1, 3}], [{8, 5}, {4, 7}, {3, 6}, {1, 2}], [{8, 5}, {6, 7}, {1, 4}, {2, 3}], [{8, 5}, {6, 7}, {2, 4}, {1, 3}], [{8, 5}, {6, 7}, {3, 4}, {1, 2}], [{8, 5}, {6, 7}, {3, 4}, {2}, {1}], [{8, 5}, {7}, {1, 6}, {3, 4}, {2}], [{8, 5}, {7}, {2, 6}, {3, 4}, {1}], [{8, 5}, {7}, {6}, {3, 4}, {1, 2}], [{8, 5}, {7}, {6}, {3, 4}, {2}, {1}], [{8, 6}, {1, 7}, {2, 5}, {3, 4}], [{8, 6}, {1, 7}, {3, 5}, {2, 4}], [{8, 6}, {1, 7}, {4, 5}, {2, 3}], [{8, 6}, {1, 7}, {5}, {3, 4}, {2}], [{8, 6}, {2, 7}, {1, 5}, {3, 4}], [{8, 6}, {2, 7}, {3, 5}, {1, 4}], [{8, 6}, {2, 7}, {4, 5}, {1, 3}], [{8, 6}, {2, 7}, {5}, {3, 4}, {1}], [{8, 6}, {3, 7}, {1, 5}, {2, 4}], [{8, 6}, {3, 7}, {2, 5}, {1, 4}], [{8, 6}, {3, 7}, {4, 5}, {1, 2}], [{8, 6}, {4, 7}, {1, 5}, {2, 3}], [{8, 6}, {4, 7}, {2, 5}, {1, 3}], [{8, 6}, {4, 7}, {3, 5}, {1, 2}], [{8, 6}, {5, 7}, {1, 4}, {2, 3}], [{8, 6}, {5, 7}, {2, 4}, {1, 3}], [{8, 6}, {5, 7}, {3, 4}, {1, 2}], [{8, 6}, {5, 7}, {3, 4}, {2}, {1}], [{8, 6}, {7}, {1, 5}, {3, 4}, {2}], [{8, 6}, {7}, {2, 5}, {3, 4}, {1}], [{8, 6}, {7}, {5}, {3, 4}, {1, 2}], [{8, 6}, {7}, {5}, {3, 4}, {2}, {1}], [{8, 7}, {1, 6}, {2, 5}, {3, 4}], [{8, 7}, {1, 6}, {3, 5}, {2, 4}], [{8, 7}, {1, 6}, {4, 5}, {2, 3}], [{8, 7}, {1, 6}, {5}, {3, 4}, {2}], [{8, 7}, {2, 6}, {1, 5}, {3, 4}], [{8, 7}, {2, 6}, {3, 5}, {1, 4}], [{8, 7}, {2, 6}, {3, 5}, {4}, {1}], [{8, 7}, {2, 6}, {4, 5}, {1, 3}], [{8, 7}, {2, 6}, {5}, {1, 4}, {3}], [{8, 7}, {3, 6}, {1, 5}, {2, 4}], [{8, 7}, {3, 6}, {2, 5}, {1, 4}], [{8, 7}, {3, 6}, {2, 5}, {4}, {1}], [{8, 7}, {3, 6}, {4, 5}, {1, 2}], [{8, 7}, {3, 6}, {5}, {1, 4}, {2}], [{8, 7}, {4, 6}, {1, 5}, {2, 3}], [{8, 7}, {4, 6}, {2, 5}, {1, 3}], [{8, 7}, {4, 6}, {3, 5}, {1, 2}], [{8, 7}, {4, 6}, {5}, {3}, {1, 2}], [{8, 7}, {5, 6}, {1, 4}, {2, 3}], [{8, 7}, {5, 6}, {1, 4}, {3}, {2}], [{8, 7}, {5, 6}, {2, 4}, {1, 3}], [{8, 7}, {5, 6}, {2, 4}, {3}, {1}], [{8, 7}, {5, 6}, {3, 4}, {1, 2}], [{8, 7}, {5, 6}, {3, 4}, {2}, {1}], [{8, 7}, {5, 6}, {4}, {1, 3}, {2}], [{8, 7}, {5, 6}, {4}, {2, 3}, {1}], [{8, 7}, {5, 6}, {4}, {3}, {1, 2}], [{8, 7}, {5, 6}, {4}, {3}, {2}, {1}], [{8, 7}, {6}, {1, 5}, {3, 4}, {2}], [{8, 7}, {6}, {2, 5}, {1, 4}, {3}], [{8, 7}, {6}, {3, 5}, {1, 4}, {2}], [{8, 7}, {6}, {4, 5}, {3}, {1, 2}], [{8, 7}, {6}, {5}, {1, 4}, {2, 3}], [{8}, {1, 7}, {5, 6}, {2, 4}, {3}], [{8}, {1, 7}, {5, 6}, {3, 4}, {2}], [{8}, {1, 7}, {5, 6}, {4}, {2, 3}], [{8}, {1, 7}, {5, 6}, {4}, {3}, {2}], [{8}, {2, 7}, {5, 6}, {1, 4}, {3}], [{8}, {2, 7}, {5, 6}, {3, 4}, {1}], [{8}, {2, 7}, {5, 6}, {4}, {1, 3}], [{8}, {2, 7}, {5, 6}, {4}, {3}, {1}], [{8}, {3, 7}, {5, 6}, {1, 4}, {2}], [{8}, {3, 7}, {5, 6}, {2, 4}, {1}], [{8}, {3, 7}, {5, 6}, {4}, {1, 2}], [{8}, {3, 7}, {5, 6}, {4}, {2}, {1}], [{8}, {4, 7}, {5, 6}, {1, 3}, {2}], [{8}, {4, 7}, {5, 6}, {2, 3}, {1}], [{8}, {4, 7}, {5, 6}, {3}, {1, 2}], [{8}, {4, 7}, {5, 6}, {3}, {2}, {1}], [{8}, {5, 7}, {1, 6}, {2, 4}, {3}], [{8}, {5, 7}, {1, 6}, {3, 4}, {2}], [{8}, {5, 7}, {1, 6}, {4}, {2, 3}], [{8}, {5, 7}, {1, 6}, {4}, {3}, {2}], [{8}, {6, 7}, {1, 5}, {2, 4}, {3}], [{8}, {6, 7}, {1, 5}, {3, 4}, {2}], [{8}, {6, 7}, {1, 5}, {4}, {2, 3}], [{8}, {6, 7}, {1, 5}, {4}, {3}, {2}], [{8}, {7}, {2, 6}, {3, 5}, {1, 4}], [{8}, {7}, {3, 6}, {2, 5}, {1, 4}], [{8}, {7}, {5, 6}, {1, 4}, {2, 3}], [{8}, {7}, {5, 6}, {1, 4}, {3}, {2}], [{8}, {7}, {5, 6}, {2, 4}, {1, 3}], [{8}, {7}, {5, 6}, {2, 4}, {3}, {1}], [{8}, {7}, {5, 6}, {3, 4}, {1, 2}], [{8}, {7}, {5, 6}, {3, 4}, {2}, {1}], [{8}, {7}, {5, 6}, {4}, {1, 3}, {2}], [{8}, {7}, {5, 6}, {4}, {2, 3}, {1}], [{8}, {7}, {5, 6}, {4}, {3}, {1, 2}], [{8}, {7}, {5, 6}, {4}, {3}, {2}, {1}]]",2,- 14 K_1^2 - 4 K_1 K_2 + 2 K_1 + 7 K_2 + 2 K_3 + 8,O1O2O3O4U5U6O5U7O8O6U4U8U3U1O7U2,O1O2O3O4U5U3O6U7O5O7U4U2U8U1O8U6,O1O2O3O4U5O6U4U6U3U1O7O8U7O5U2U8,c,"{'O1O2O3U2O4O5U3U4U6U1O7O6U5O8U7U8', 'O1O2O3O4U3O5U4U2U6U1O7O6U5O8U7U8'}",2,"<a href=""/flatknot/8.733676"">8.733676</a>",t^9-24t^7-40t^6+16t^5+26t^4+35t^3+78t^2+12t-24,-t^2+2t,,
8.733677,O1O2O3O4U3O5U4U2U6U1O7O6U7O8U5U8,3,4z^2+37z+59,4w^3z^2+37w^2z+59w,False,False,"[[ 0  0 -1 -1  0  2  0 -1  1],[ 0  0  0 -1  1  2  0 -1  1],[ 1  0  0 -1  1  2  1  0  1],[ 1  1  1  0  1  1  1  0  0],[ 0 -1 -1 -1  0  1  0  0  1],[-2 -2 -2 -1 -1  0 -1 -1  1],[ 0  0 -1 -1  0  1  0 -1  1],[ 1  1  0  0  0  1  1  0  0],[-1 -1 -1  0 -1 -1 -1  0  0]]","[[ 0  2  1  0  0  0 -1 -1 -1],[-2  0  1 -1 -1 -2 -1 -1 -2],[-1 -1  0 -1 -1 -1  0  0 -1],[ 0  1  1  0  0  0 -1 -1 -1],[ 0  1  1  0  0 -1  0 -1 -1],[ 0  2  1  0  1  0 -1 -1  0],[ 1  1  0  1  0  1  0  0  0],[ 1  1  0  1  1  1  0  0  1],[ 1  2  1  1  1  0  0 -1  0]]",True,"[-2,-1,0,0,0,1,1,1,-1,1,1,2,1,1,2,1,1,1,0,0,1,0,0,1,1,1,1,0,1,1,1,1,0,0,0,-1]","[-2,-1,0,0,0,1,1,1,-1,1,1,2,1,1,2,1,1,1,0,0,1,0,0,1,1,1,1,0,1,1,1,1,0,0,0,-1]",t^8+26t^6+40t^4+5t^2,"[-1,-1,-1,0,0,0,1,2,-1,0,0,0,0,2,2,0,0,0,1,1,1,0,1,0,2,2,0,0,0,1,1,0,1,0,0,2]","[-2,-1,0,0,0,1,1,1,2,0,1,1,1,2,2,0,0,0,1,2,2,0,1,1,0,0,0,0,0,0,0,0,1,-1,0,0]","[-1,-1,-1,0,0,0,1,2,-1,0,0,1,1,1,2,0,1,1,1,0,1,1,0,1,0,1,1,0,1,2,0,1,1,1,1,-1]",c,"[[{8, 1}, {2, 7}, {3, 6}, {4, 5}], [{8, 1}, {2, 7}, {4, 6}, {3, 5}], [{8, 1}, {2, 7}, {5, 6}, {3, 4}], [{8, 1}, {2, 7}, {5, 6}, {4}, {3}], [{8, 1}, {2, 7}, {6}, {5}, {3, 4}], [{8, 1}, {3, 7}, {2, 6}, {4, 5}], [{8, 1}, {3, 7}, {4, 6}, {2, 5}], [{8, 1}, {3, 7}, {5, 6}, {2, 4}], [{8, 1}, {3, 7}, {5, 6}, {4}, {2}], [{8, 1}, {4, 7}, {2, 6}, {3, 5}], [{8, 1}, {4, 7}, {3, 6}, {2, 5}], [{8, 1}, {4, 7}, {5, 6}, {2, 3}], [{8, 1}, {4, 7}, {5, 6}, {3}, {2}], [{8, 1}, {5, 7}, {2, 6}, {3, 4}], [{8, 1}, {5, 7}, {3, 6}, {2, 4}], [{8, 1}, {5, 7}, {4, 6}, {2, 3}], [{8, 1}, {5, 7}, {6}, {3, 4}, {2}], [{8, 1}, {6, 7}, {2, 5}, {3, 4}], [{8, 1}, {6, 7}, {3, 5}, {2, 4}], [{8, 1}, {6, 7}, {4, 5}, {2, 3}], [{8, 1}, {6, 7}, {5}, {3, 4}, {2}], [{8, 1}, {7}, {2, 6}, {3, 5}, {4}], [{8, 1}, {7}, {2, 6}, {4, 5}, {3}], [{8, 1}, {7}, {2, 6}, {5}, {3, 4}], [{8, 1}, {7}, {3, 6}, {2, 5}, {4}], [{8, 1}, {7}, {3, 6}, {4, 5}, {2}], [{8, 1}, {7}, {3, 6}, {5}, {2, 4}], [{8, 1}, {7}, {4, 6}, {2, 5}, {3}], [{8, 1}, {7}, {4, 6}, {3, 5}, {2}], [{8, 1}, {7}, {4, 6}, {5}, {2, 3}], [{8, 1}, {7}, {5, 6}, {2, 4}, {3}], [{8, 1}, {7}, {5, 6}, {3, 4}, {2}], [{8, 1}, {7}, {5, 6}, {4}, {2, 3}], [{8, 1}, {7}, {5, 6}, {4}, {3}, {2}], [{8, 1}, {7}, {6}, {2, 5}, {3, 4}], [{8, 1}, {7}, {6}, {3, 5}, {2, 4}], [{8, 1}, {7}, {6}, {4, 5}, {2, 3}], [{8, 1}, {7}, {6}, {5}, {3, 4}, {2}], [{8, 2}, {1, 7}, {3, 6}, {4, 5}], [{8, 2}, {1, 7}, {3, 6}, {5}, {4}], [{8, 2}, {1, 7}, {4, 6}, {3, 5}], [{8, 2}, {1, 7}, {4, 6}, {5}, {3}], [{8, 2}, {1, 7}, {5, 6}, {3, 4}], [{8, 2}, {1, 7}, {5, 6}, {4}, {3}], [{8, 2}, {1, 7}, {6}, {3, 5}, {4}], [{8, 2}, {1, 7}, {6}, {4, 5}, {3}], [{8, 2}, {1, 7}, {6}, {5}, {3, 4}], [{8, 2}, {1, 7}, {6}, {5}, {4}, {3}], [{8, 2}, {3, 7}, {1, 6}, {4, 5}], [{8, 2}, {3, 7}, {1, 6}, {5}, {4}], [{8, 2}, {3, 7}, {4, 6}, {1, 5}], [{8, 2}, {3, 7}, {5, 6}, {1, 4}], [{8, 2}, {3, 7}, {5, 6}, {4}, {1}], [{8, 2}, {3, 7}, {6}, {1, 5}, {4}], [{8, 2}, {4, 7}, {1, 6}, {3, 5}], [{8, 2}, {4, 7}, {3, 6}, {1, 5}], [{8, 2}, {4, 7}, {5, 6}, {1, 3}], [{8, 2}, {4, 7}, {5, 6}, {3}, {1}], [{8, 2}, {5, 7}, {1, 6}, {3, 4}], [{8, 2}, {5, 7}, {1, 6}, {4}, {3}], [{8, 2}, {5, 7}, {3, 6}, {1, 4}], [{8, 2}, {5, 7}, {3, 6}, {4}, {1}], [{8, 2}, {5, 7}, {4, 6}, {1, 3}], [{8, 2}, {5, 7}, {6}, {4}, {1, 3}], [{8, 2}, {6, 7}, {1, 5}, {3, 4}], [{8, 2}, {6, 7}, {1, 5}, {4}, {3}], [{8, 2}, {6, 7}, {3, 5}, {1, 4}], [{8, 2}, {6, 7}, {3, 5}, {4}, {1}], [{8, 2}, {6, 7}, {4, 5}, {1, 3}], [{8, 2}, {6, 7}, {5}, {4}, {1, 3}], [{8, 2}, {7}, {1, 6}, {3, 5}, {4}], [{8, 2}, {7}, {3, 6}, {1, 5}, {4}], [{8, 2}, {7}, {5, 6}, {1, 4}, {3}], [{8, 2}, {7}, {5, 6}, {3, 4}, {1}], [{8, 2}, {7}, {5, 6}, {4}, {1, 3}], [{8, 2}, {7}, {5, 6}, {4}, {3}, {1}], [{8, 3}, {1, 7}, {2, 6}, {4, 5}], [{8, 3}, {1, 7}, {2, 6}, {5}, {4}], [{8, 3}, {1, 7}, {4, 6}, {2, 5}], [{8, 3}, {1, 7}, {4, 6}, {5}, {2}], [{8, 3}, {1, 7}, {5, 6}, {2, 4}], [{8, 3}, {1, 7}, {5, 6}, {4}, {2}], [{8, 3}, {1, 7}, {6}, {2, 5}, {4}], [{8, 3}, {1, 7}, {6}, {4, 5}, {2}], [{8, 3}, {1, 7}, {6}, {5}, {2, 4}], [{8, 3}, {1, 7}, {6}, {5}, {4}, {2}], [{8, 3}, {2, 7}, {1, 6}, {4, 5}], [{8, 3}, {2, 7}, {1, 6}, {5}, {4}], [{8, 3}, {2, 7}, {4, 6}, {1, 5}], [{8, 3}, {2, 7}, {4, 6}, {5}, {1}], [{8, 3}, {2, 7}, {5, 6}, {1, 4}], [{8, 3}, {2, 7}, {5, 6}, {4}, {1}], [{8, 3}, {2, 7}, {6}, {1, 5}, {4}], [{8, 3}, {2, 7}, {6}, {4, 5}, {1}], [{8, 3}, {2, 7}, {6}, {5}, {1, 4}], [{8, 3}, {4, 7}, {1, 6}, {2, 5}], [{8, 3}, {4, 7}, {1, 6}, {5}, {2}], [{8, 3}, {4, 7}, {2, 6}, {1, 5}], [{8, 3}, {4, 7}, {2, 6}, {5}, {1}], [{8, 3}, {4, 7}, {5, 6}, {1, 2}], [{8, 3}, {4, 7}, {5, 6}, {2}, {1}], [{8, 3}, {4, 7}, {6}, {1, 5}, {2}], [{8, 3}, {4, 7}, {6}, {2, 5}, {1}], [{8, 3}, {4, 7}, {6}, {5}, {1, 2}], [{8, 3}, {4, 7}, {6}, {5}, {2}, {1}], [{8, 3}, {5, 7}, {1, 6}, {2, 4}], [{8, 3}, {5, 7}, {1, 6}, {4}, {2}], [{8, 3}, {5, 7}, {2, 6}, {1, 4}], [{8, 3}, {5, 7}, {2, 6}, {4}, {1}], [{8, 3}, {5, 7}, {4, 6}, {1, 2}], [{8, 3}, {5, 7}, {4, 6}, {2}, {1}], [{8, 3}, {5, 7}, {6}, {1, 4}, {2}], [{8, 3}, {5, 7}, {6}, {2, 4}, {1}], [{8, 3}, {5, 7}, {6}, {4}, {1, 2}], [{8, 3}, {6, 7}, {1, 5}, {2, 4}], [{8, 3}, {6, 7}, {1, 5}, {4}, {2}], [{8, 3}, {6, 7}, {2, 5}, {1, 4}], [{8, 3}, {6, 7}, {2, 5}, {4}, {1}], [{8, 3}, {6, 7}, {4, 5}, {1, 2}], [{8, 3}, {6, 7}, {4, 5}, {2}, {1}], [{8, 3}, {6, 7}, {5}, {1, 4}, {2}], [{8, 3}, {6, 7}, {5}, {2, 4}, {1}], [{8, 3}, {6, 7}, {5}, {4}, {1, 2}], [{8, 3}, {7}, {1, 6}, {2, 5}, {4}], [{8, 3}, {7}, {1, 6}, {4, 5}, {2}], [{8, 3}, {7}, {1, 6}, {5}, {2, 4}], [{8, 3}, {7}, {2, 6}, {1, 5}, {4}], [{8, 3}, {7}, {2, 6}, {4, 5}, {1}], [{8, 3}, {7}, {2, 6}, {5}, {1, 4}], [{8, 3}, {7}, {4, 6}, {1, 5}, {2}], [{8, 3}, {7}, {4, 6}, {2, 5}, {1}], [{8, 3}, {7}, {4, 6}, {5}, {1, 2}], [{8, 3}, {7}, {5, 6}, {1, 4}, {2}], [{8, 3}, {7}, {5, 6}, {2, 4}, {1}], [{8, 3}, {7}, {5, 6}, {4}, {1, 2}], [{8, 3}, {7}, {5, 6}, {4}, {2}, {1}], [{8, 3}, {7}, {6}, {1, 5}, {2, 4}], [{8, 3}, {7}, {6}, {2, 5}, {1, 4}], [{8, 3}, {7}, {6}, {4, 5}, {1, 2}], [{8, 3}, {7}, {6}, {5}, {1, 4}, {2}], [{8, 4}, {1, 7}, {2, 6}, {3, 5}], [{8, 4}, {1, 7}, {2, 6}, {5}, {3}], [{8, 4}, {1, 7}, {3, 6}, {2, 5}], [{8, 4}, {1, 7}, {3, 6}, {5}, {2}], [{8, 4}, {1, 7}, {5, 6}, {2, 3}], [{8, 4}, {1, 7}, {5, 6}, {3}, {2}], [{8, 4}, {1, 7}, {6}, {2, 5}, {3}], [{8, 4}, {1, 7}, {6}, {3, 5}, {2}], [{8, 4}, {1, 7}, {6}, {5}, {2, 3}], [{8, 4}, {1, 7}, {6}, {5}, {3}, {2}], [{8, 4}, {2, 7}, {1, 6}, {3, 5}], [{8, 4}, {2, 7}, {3, 6}, {1, 5}], [{8, 4}, {2, 7}, {5, 6}, {1, 3}], [{8, 4}, {2, 7}, {5, 6}, {3}, {1}], [{8, 4}, {3, 7}, {1, 6}, {2, 5}], [{8, 4}, {3, 7}, {2, 6}, {1, 5}], [{8, 4}, {3, 7}, {5, 6}, {1, 2}], [{8, 4}, {3, 7}, {5, 6}, {2}, {1}], [{8, 4}, {5, 7}, {1, 6}, {2, 3}], [{8, 4}, {5, 7}, {1, 6}, {3}, {2}], [{8, 4}, {5, 7}, {2, 6}, {1, 3}], [{8, 4}, {5, 7}, {3, 6}, {1, 2}], [{8, 4}, {6, 7}, {1, 5}, {2, 3}], [{8, 4}, {6, 7}, {1, 5}, {3}, {2}], [{8, 4}, {6, 7}, {2, 5}, {1, 3}], [{8, 4}, {6, 7}, {3, 5}, {1, 2}], [{8, 4}, {7}, {5, 6}, {1, 3}, {2}], [{8, 4}, {7}, {5, 6}, {2, 3}, {1}], [{8, 4}, {7}, {5, 6}, {3}, {1, 2}], [{8, 4}, {7}, {5, 6}, {3}, {2}, {1}], [{8, 5}, {1, 7}, {2, 6}, {3, 4}], [{8, 5}, {1, 7}, {2, 6}, {4}, {3}], [{8, 5}, {1, 7}, {3, 6}, {2, 4}], [{8, 5}, {1, 7}, {3, 6}, {4}, {2}], [{8, 5}, {1, 7}, {4, 6}, {2, 3}], [{8, 5}, {1, 7}, {4, 6}, {3}, {2}], [{8, 5}, {1, 7}, {6}, {2, 4}, {3}], [{8, 5}, {1, 7}, {6}, {3, 4}, {2}], [{8, 5}, {1, 7}, {6}, {4}, {2, 3}], [{8, 5}, {1, 7}, {6}, {4}, {3}, {2}], [{8, 5}, {2, 7}, {1, 6}, {3, 4}], [{8, 5}, {2, 7}, {3, 6}, {1, 4}], [{8, 5}, {2, 7}, {4, 6}, {1, 3}], [{8, 5}, {3, 7}, {1, 6}, {2, 4}], [{8, 5}, {3, 7}, {2, 6}, {1, 4}], [{8, 5}, {3, 7}, {4, 6}, {1, 2}], [{8, 5}, {4, 7}, {1, 6}, {2, 3}], [{8, 5}, {4, 7}, {2, 6}, {1, 3}], [{8, 5}, {4, 7}, {3, 6}, {1, 2}], [{8, 5}, {4, 7}, {3, 6}, {2}, {1}], [{8, 5}, {6, 7}, {1, 4}, {2, 3}], [{8, 5}, {6, 7}, {2, 4}, {1, 3}], [{8, 5}, {6, 7}, {3, 4}, {1, 2}], [{8, 5}, {6, 7}, {3, 4}, {2}, {1}], [{8, 5}, {7}, {1, 6}, {3, 4}, {2}], [{8, 5}, {7}, {3, 6}, {1, 4}, {2}], [{8, 6}, {1, 7}, {2, 5}, {3, 4}], [{8, 6}, {1, 7}, {2, 5}, {4}, {3}], [{8, 6}, {1, 7}, {3, 5}, {2, 4}], [{8, 6}, {1, 7}, {3, 5}, {4}, {2}], [{8, 6}, {1, 7}, {4, 5}, {2, 3}], [{8, 6}, {1, 7}, {4, 5}, {3}, {2}], [{8, 6}, {1, 7}, {5}, {2, 4}, {3}], [{8, 6}, {1, 7}, {5}, {3, 4}, {2}], [{8, 6}, {1, 7}, {5}, {4}, {2, 3}], [{8, 6}, {1, 7}, {5}, {4}, {3}, {2}], [{8, 6}, {2, 7}, {1, 5}, {3, 4}], [{8, 6}, {2, 7}, {3, 5}, {1, 4}], [{8, 6}, {2, 7}, {4, 5}, {1, 3}], [{8, 6}, {3, 7}, {1, 5}, {2, 4}], [{8, 6}, {3, 7}, {2, 5}, {1, 4}], [{8, 6}, {3, 7}, {4, 5}, {1, 2}], [{8, 6}, {4, 7}, {1, 5}, {2, 3}], [{8, 6}, {4, 7}, {2, 5}, {1, 3}], [{8, 6}, {4, 7}, {3, 5}, {1, 2}], [{8, 6}, {4, 7}, {3, 5}, {2}, {1}], [{8, 6}, {5, 7}, {1, 4}, {2, 3}], [{8, 6}, {5, 7}, {2, 4}, {1, 3}], [{8, 6}, {5, 7}, {3, 4}, {1, 2}], [{8, 6}, {5, 7}, {3, 4}, {2}, {1}], [{8, 6}, {7}, {1, 5}, {3, 4}, {2}], [{8, 6}, {7}, {3, 5}, {1, 4}, {2}], [{8, 7}, {1, 6}, {2, 5}, {3, 4}], [{8, 7}, {1, 6}, {3, 5}, {2, 4}], [{8, 7}, {1, 6}, {4, 5}, {2, 3}], [{8, 7}, {1, 6}, {5}, {3, 4}, {2}], [{8, 7}, {2, 6}, {1, 5}, {3, 4}], [{8, 7}, {2, 6}, {3, 5}, {1, 4}], [{8, 7}, {2, 6}, {3, 5}, {4}, {1}], [{8, 7}, {2, 6}, {4, 5}, {1, 3}], [{8, 7}, {2, 6}, {4, 5}, {3}, {1}], [{8, 7}, {2, 6}, {5}, {3, 4}, {1}], [{8, 7}, {3, 6}, {1, 5}, {2, 4}], [{8, 7}, {3, 6}, {2, 5}, {1, 4}], [{8, 7}, {3, 6}, {2, 5}, {4}, {1}], [{8, 7}, {3, 6}, {4, 5}, {1, 2}], [{8, 7}, {3, 6}, {4, 5}, {2}, {1}], [{8, 7}, {3, 6}, {5}, {2, 4}, {1}], [{8, 7}, {4, 6}, {1, 5}, {2, 3}], [{8, 7}, {4, 6}, {2, 5}, {1, 3}], [{8, 7}, {4, 6}, {2, 5}, {3}, {1}], [{8, 7}, {4, 6}, {3, 5}, {1, 2}], [{8, 7}, {4, 6}, {3, 5}, {2}, {1}], [{8, 7}, {4, 6}, {5}, {2, 3}, {1}], [{8, 7}, {5, 6}, {1, 4}, {2, 3}], [{8, 7}, {5, 6}, {1, 4}, {3}, {2}], [{8, 7}, {5, 6}, {2, 4}, {1, 3}], [{8, 7}, {5, 6}, {2, 4}, {3}, {1}], [{8, 7}, {5, 6}, {3, 4}, {1, 2}], [{8, 7}, {5, 6}, {3, 4}, {2}, {1}], [{8, 7}, {5, 6}, {4}, {1, 3}, {2}], [{8, 7}, {5, 6}, {4}, {2, 3}, {1}], [{8, 7}, {5, 6}, {4}, {3}, {1, 2}], [{8, 7}, {5, 6}, {4}, {3}, {2}, {1}], [{8, 7}, {6}, {1, 5}, {3, 4}, {2}], [{8, 7}, {6}, {2, 5}, {3, 4}, {1}], [{8, 7}, {6}, {3, 5}, {2, 4}, {1}], [{8, 7}, {6}, {4, 5}, {2, 3}, {1}], [{8, 7}, {6}, {5}, {3, 4}, {1, 2}], [{8, 7}, {6}, {5}, {3, 4}, {2}, {1}], [{8}, {1, 7}, {2, 6}, {3, 5}, {4}], [{8}, {1, 7}, {2, 6}, {4, 5}, {3}], [{8}, {1, 7}, {2, 6}, {5}, {3, 4}], [{8}, {1, 7}, {2, 6}, {5}, {4}, {3}], [{8}, {1, 7}, {3, 6}, {2, 5}, {4}], [{8}, {1, 7}, {3, 6}, {4, 5}, {2}], [{8}, {1, 7}, {3, 6}, {5}, {2, 4}], [{8}, {1, 7}, {3, 6}, {5}, {4}, {2}], [{8}, {1, 7}, {4, 6}, {2, 5}, {3}], [{8}, {1, 7}, {4, 6}, {3, 5}, {2}], [{8}, {1, 7}, {4, 6}, {5}, {2, 3}], [{8}, {1, 7}, {4, 6}, {5}, {3}, {2}], [{8}, {1, 7}, {5, 6}, {2, 4}, {3}], [{8}, {1, 7}, {5, 6}, {3, 4}, {2}], [{8}, {1, 7}, {5, 6}, {4}, {2, 3}], [{8}, {1, 7}, {5, 6}, {4}, {3}, {2}], [{8}, {1, 7}, {6}, {2, 5}, {3, 4}], [{8}, {1, 7}, {6}, {2, 5}, {4}, {3}], [{8}, {1, 7}, {6}, {3, 5}, {2, 4}], [{8}, {1, 7}, {6}, {3, 5}, {4}, {2}], [{8}, {1, 7}, {6}, {4, 5}, {2, 3}], [{8}, {1, 7}, {6}, {4, 5}, {3}, {2}], [{8}, {1, 7}, {6}, {5}, {2, 4}, {3}], [{8}, {1, 7}, {6}, {5}, {3, 4}, {2}], [{8}, {1, 7}, {6}, {5}, {4}, {2, 3}], [{8}, {1, 7}, {6}, {5}, {4}, {3}, {2}], [{8}, {2, 7}, {1, 6}, {4, 5}, {3}], [{8}, {2, 7}, {4, 6}, {1, 5}, {3}], [{8}, {2, 7}, {5, 6}, {1, 4}, {3}], [{8}, {2, 7}, {5, 6}, {3, 4}, {1}], [{8}, {2, 7}, {5, 6}, {4}, {1, 3}], [{8}, {2, 7}, {5, 6}, {4}, {3}, {1}], [{8}, {3, 7}, {2, 6}, {4, 5}, {1}], [{8}, {3, 7}, {4, 6}, {2, 5}, {1}], [{8}, {3, 7}, {5, 6}, {1, 4}, {2}], [{8}, {3, 7}, {5, 6}, {2, 4}, {1}], [{8}, {3, 7}, {5, 6}, {4}, {1, 2}], [{8}, {3, 7}, {5, 6}, {4}, {2}, {1}], [{8}, {4, 7}, {1, 6}, {2, 5}, {3}], [{8}, {4, 7}, {2, 6}, {1, 5}, {3}], [{8}, {4, 7}, {5, 6}, {1, 3}, {2}], [{8}, {4, 7}, {5, 6}, {2, 3}, {1}], [{8}, {4, 7}, {5, 6}, {3}, {1, 2}], [{8}, {4, 7}, {5, 6}, {3}, {2}, {1}], [{8}, {5, 7}, {1, 6}, {2, 4}, {3}], [{8}, {5, 7}, {1, 6}, {3, 4}, {2}], [{8}, {5, 7}, {1, 6}, {4}, {2, 3}], [{8}, {5, 7}, {1, 6}, {4}, {3}, {2}], [{8}, {5, 7}, {2, 6}, {1, 4}, {3}], [{8}, {5, 7}, {4, 6}, {3}, {1, 2}], [{8}, {6, 7}, {1, 5}, {2, 4}, {3}], [{8}, {6, 7}, {1, 5}, {3, 4}, {2}], [{8}, {6, 7}, {1, 5}, {4}, {2, 3}], [{8}, {6, 7}, {1, 5}, {4}, {3}, {2}], [{8}, {6, 7}, {2, 5}, {1, 4}, {3}], [{8}, {6, 7}, {4, 5}, {3}, {1, 2}], [{8}, {7}, {2, 6}, {4, 5}, {1, 3}], [{8}, {7}, {2, 6}, {4, 5}, {3}, {1}], [{8}, {7}, {4, 6}, {2, 5}, {1, 3}], [{8}, {7}, {4, 6}, {2, 5}, {3}, {1}], [{8}, {7}, {5, 6}, {1, 4}, {2, 3}], [{8}, {7}, {5, 6}, {1, 4}, {3}, {2}], [{8}, {7}, {5, 6}, {2, 4}, {1, 3}], [{8}, {7}, {5, 6}, {2, 4}, {3}, {1}], [{8}, {7}, {5, 6}, {3, 4}, {1, 2}], [{8}, {7}, {5, 6}, {3, 4}, {2}, {1}], [{8}, {7}, {5, 6}, {4}, {1, 3}, {2}], [{8}, {7}, {5, 6}, {4}, {2, 3}, {1}], [{8}, {7}, {5, 6}, {4}, {3}, {1, 2}], [{8}, {7}, {5, 6}, {4}, {3}, {2}, {1}]]",2,- 14 K_1^2 - 4 K_1 K_2 + 2 K_1 + 7 K_2 + 2 K_3 + 8,O1O2O3O4U5U6O5U7O8O7U4U8U3U1O6U2,O1O2O3O4U5U3O5U6O7O6U4U2U8U1O8U7,O1O2O3O4U5O6U4U6U3U1O7O5U7O8U2U8,c,"{'O1O2O3U2O4O5U3U4U6U1O7O6U7O8U5U8', 'O1O2O3O4U3O5U4U2U6U1O7O6U7O8U5U8', 'O1O2U1O3O4U2U3U5O6U7O5O8U6U4O7U8', 'O1O2O3U2O4U3U1U5O6U7O5O8U6U4O7U8'}",4,"<a href=""/flatknot/8.733677"">8.733677</a>",t^9-24t^7-52t^6+5t^5+66t^4+29t^3-18t^2-16t,-t^2+2t,,
8.733678,O1O2O3O4U3O5U4U2U6U7O8O6U1O7U5U8,3,4z^2+37z+59,4w^3z^2+37w^2z+59w,False,False,"[[ 0 -1 -1 -1  0  2  0  1  0],[ 1  0  0 -1  1  2  1  2  0],[ 1  0  0 -1  1  2  1  1  1],[ 1  1  1  0  1  1  1  1  0],[ 0 -1 -1 -1  0  1  0  0  1],[-2 -2 -2 -1 -1  0 -3 -1 -1],[ 0 -1 -1 -1  0  3  0  0  1],[-1 -2 -1 -1  0  1  0  0  0],[ 0  0 -1  0 -1  1 -1  0  0]]","[[ 0  2  1  0  0  0 -1 -1 -1],[-2  0 -1 -1 -1 -3 -1 -2 -2],[-1  1  0  0  0  0 -1 -1 -2],[ 0  1  0  0  1  0 -1 -1 -1],[ 0  1  0 -1  0 -1  0 -1  0],[ 0  3  0  0  1  0 -1 -1 -1],[ 1  1  1  1  0  1  0  1  1],[ 1  2  1  1  1  1 -1  0  0],[ 1  2  2  1  0  1 -1  0  0]]",True,"[-2,-1,0,0,0,1,1,1,1,1,1,3,1,2,2,0,0,0,1,1,2,-1,0,1,1,1,1,0,1,0,1,1,1,-1,-1,0]","[-2,-1,0,0,0,1,1,1,0,-1,1,1,1,1,2,1,1,1,0,1,1,0,1,0,0,0,1,0,0,0,1,0,1,0,-1,-1]",t^8+38t^6+136t^4+72t^2,"[-1,-1,-1,0,0,0,1,2,-1,-1,0,0,1,1,2,0,0,0,0,1,1,0,0,1,0,1,0,-1,1,-1,-1,1,1,1,1,0]","[-2,-1,0,0,0,1,1,1,0,-1,1,1,1,1,2,1,1,1,0,1,1,0,1,0,0,0,1,0,0,0,1,0,1,0,-1,-1]","[-1,-1,-1,0,0,0,1,2,-1,0,0,1,1,2,2,1,0,1,1,1,1,1,1,1,1,2,-1,-1,0,1,0,0,1,0,3,1]",c,"[[{8, 7}, {4, 6}, {3, 5}, {1, 2}], [{8, 7}, {4, 6}, {3, 5}, {2}, {1}], [{8, 7}, {5, 6}, {3, 4}, {1, 2}], [{8, 7}, {5, 6}, {3, 4}, {2}, {1}]]",1,- 14 K_1^2 - 4 K_1 K_2 + 2 K_1 + 7 K_2 + 2 K_3 + 8,O1O2O3O4U5U6O7U4O8O5U7U8U3U1O6U2,O1O2O3O4U5U3O6U4O7O5U6U2U8U1O8U7,O1O2O3O4U5O6U4U6U3U7O8O5U1O7U2U8,c,"{'O1O2O3U2O4O5U3U4U6U7O8O6U1O7U5U8', 'O1O2O3U2O4U3U1U5O6U7O5O7U8U4O8U6', 'O1O2O3O4U3O5U4U2U6U7O8O6U1O7U5U8', 'O1O2U1O3O4U2U3U5O6U7O5O7U8U4O8U6'}",4,"<a href=""/flatknot/8.733678"">8.733678</a>",t^9-36t^7-92t^6+25t^5+212t^4+137t^3-4t^2-16t,-t^2+2t,,
8.733679,O1O2O3O4U3O5U4U2U6U7O8O6U5O7U1U8,3,6z^2+49z+75,6w^3z^2+49w^2z+75w,False,False,"[[ 0 -1 -1 -1  0  2  0  1  0],[ 1  0 -1 -1  0  3  0  1  0],[ 1  1  0 -1  1  2  1  0  1],[ 1  1  1  0  1  1  1  1  0],[ 0  0 -1 -1  0  1  0 -1  1],[-2 -3 -2 -1 -1  0 -2 -1 -1],[ 0  0 -1 -1  0  2  0  0  1],[-1 -1  0 -1  1  1  0  0  0],[ 0  0 -1  0 -1  1 -1  0  0]]","[[ 0  2  1  0  0  0 -1 -1 -1],[-2  0 -1 -1 -1 -2 -1 -2 -3],[-1  1  0  1  0  0 -1  0 -1],[ 0  1 -1  0  1  0 -1 -1  0],[ 0  1  0 -1  0 -1  0 -1  0],[ 0  2  0  0  1  0 -1 -1  0],[ 1  1  1  1  0  1  0  1  1],[ 1  2  0  1  1  1 -1  0  1],[ 1  3  1  0  0  0 -1 -1  0]]",True,"[-2,-1,0,0,0,1,1,1,1,1,1,2,1,2,3,-1,0,0,1,0,1,-1,0,1,1,0,1,0,1,0,1,1,0,-1,-1,-1]","[-2,-1,0,0,0,1,1,1,0,0,1,1,0,1,2,1,1,2,1,2,1,1,0,1,0,0,-1,1,0,1,1,0,0,-1,-1,-1]",t^8+34t^6+135t^4+20t^2,"[-1,-1,-1,0,0,0,1,2,-1,-1,0,0,1,1,2,-1,0,0,0,2,1,1,1,1,1,0,0,-1,1,0,-1,2,1,1,1,0]","[-2,-1,0,0,0,1,1,1,0,0,1,1,0,1,2,1,1,2,1,2,1,1,0,1,0,0,-1,1,0,1,1,0,0,-1,-1,-1]","[-1,-1,-1,0,0,0,1,2,-1,-1,0,0,0,1,3,-1,1,1,1,0,2,0,1,1,1,1,-1,-1,0,1,0,-1,1,0,2,1]",c,"[[{8, 1}, {2, 7}, {3, 6}, {4, 5}], [{8, 1}, {2, 7}, {4, 6}, {3, 5}], [{8, 1}, {2, 7}, {5, 6}, {3, 4}], [{8, 1}, {3, 7}, {2, 6}, {4, 5}], [{8, 1}, {3, 7}, {4, 6}, {2, 5}], [{8, 1}, {3, 7}, {5, 6}, {2, 4}], [{8, 1}, {4, 7}, {2, 6}, {3, 5}], [{8, 1}, {4, 7}, {3, 6}, {2, 5}], [{8, 1}, {4, 7}, {5, 6}, {2, 3}], [{8, 1}, {4, 7}, {6}, {3, 5}, {2}], [{8, 1}, {5, 7}, {2, 6}, {3, 4}], [{8, 1}, {5, 7}, {3, 6}, {2, 4}], [{8, 1}, {5, 7}, {4, 6}, {2, 3}], [{8, 1}, {5, 7}, {6}, {3, 4}, {2}], [{8, 1}, {6, 7}, {2, 5}, {3, 4}], [{8, 1}, {6, 7}, {3, 5}, {2, 4}], [{8, 1}, {6, 7}, {4, 5}, {2, 3}], [{8, 1}, {6, 7}, {5}, {3, 4}, {2}], [{8, 1}, {7}, {5, 6}, {3, 4}, {2}], [{8, 2}, {1, 7}, {3, 6}, {4, 5}], [{8, 2}, {1, 7}, {4, 6}, {3, 5}], [{8, 2}, {1, 7}, {5, 6}, {3, 4}], [{8, 2}, {1, 7}, {5, 6}, {4}, {3}], [{8, 2}, {3, 7}, {1, 6}, {4, 5}], [{8, 2}, {3, 7}, {1, 6}, {5}, {4}], [{8, 2}, {3, 7}, {4, 6}, {1, 5}], [{8, 2}, {3, 7}, {5, 6}, {1, 4}], [{8, 2}, {3, 7}, {6}, {4, 5}, {1}], [{8, 2}, {4, 7}, {1, 6}, {3, 5}], [{8, 2}, {4, 7}, {1, 6}, {5}, {3}], [{8, 2}, {4, 7}, {3, 6}, {1, 5}], [{8, 2}, {4, 7}, {5, 6}, {1, 3}], [{8, 2}, {4, 7}, {6}, {3, 5}, {1}], [{8, 2}, {5, 7}, {1, 6}, {3, 4}], [{8, 2}, {5, 7}, {1, 6}, {4}, {3}], [{8, 2}, {5, 7}, {3, 6}, {1, 4}], [{8, 2}, {5, 7}, {4, 6}, {1, 3}], [{8, 2}, {5, 7}, {6}, {3, 4}, {1}], [{8, 2}, {6, 7}, {1, 5}, {3, 4}], [{8, 2}, {6, 7}, {3, 5}, {1, 4}], [{8, 2}, {6, 7}, {4, 5}, {1, 3}], [{8, 2}, {7}, {1, 6}, {3, 5}, {4}], [{8, 2}, {7}, {1, 6}, {4, 5}, {3}], [{8, 2}, {7}, {1, 6}, {5}, {3, 4}], [{8, 2}, {7}, {3, 6}, {5}, {1, 4}], [{8, 3}, {1, 7}, {2, 6}, {4, 5}], [{8, 3}, {1, 7}, {4, 6}, {2, 5}], [{8, 3}, {1, 7}, {5, 6}, {2, 4}], [{8, 3}, {1, 7}, {5, 6}, {4}, {2}], [{8, 3}, {2, 7}, {1, 6}, {4, 5}], [{8, 3}, {2, 7}, {1, 6}, {5}, {4}], [{8, 3}, {2, 7}, {4, 6}, {1, 5}], [{8, 3}, {2, 7}, {5, 6}, {1, 4}], [{8, 3}, {4, 7}, {1, 6}, {2, 5}], [{8, 3}, {4, 7}, {2, 6}, {1, 5}], [{8, 3}, {4, 7}, {5, 6}, {1, 2}], [{8, 3}, {5, 7}, {1, 6}, {2, 4}], [{8, 3}, {5, 7}, {1, 6}, {4}, {2}], [{8, 3}, {5, 7}, {2, 6}, {1, 4}], [{8, 3}, {5, 7}, {4, 6}, {1, 2}], [{8, 3}, {6, 7}, {1, 5}, {2, 4}], [{8, 3}, {6, 7}, {2, 5}, {1, 4}], [{8, 3}, {6, 7}, {4, 5}, {1, 2}], [{8, 3}, {7}, {1, 6}, {2, 5}, {4}], [{8, 4}, {1, 7}, {2, 6}, {3, 5}], [{8, 4}, {1, 7}, {3, 6}, {2, 5}], [{8, 4}, {1, 7}, {5, 6}, {2, 3}], [{8, 4}, {1, 7}, {5, 6}, {3}, {2}], [{8, 4}, {2, 7}, {1, 6}, {3, 5}], [{8, 4}, {2, 7}, {1, 6}, {5}, {3}], [{8, 4}, {2, 7}, {3, 6}, {1, 5}], [{8, 4}, {2, 7}, {5, 6}, {1, 3}], [{8, 4}, {3, 7}, {1, 6}, {2, 5}], [{8, 4}, {3, 7}, {2, 6}, {1, 5}], [{8, 4}, {3, 7}, {5, 6}, {1, 2}], [{8, 4}, {5, 7}, {1, 6}, {2, 3}], [{8, 4}, {5, 7}, {1, 6}, {3}, {2}], [{8, 4}, {5, 7}, {2, 6}, {1, 3}], [{8, 4}, {5, 7}, {3, 6}, {1, 2}], [{8, 4}, {6, 7}, {1, 5}, {2, 3}], [{8, 4}, {6, 7}, {2, 5}, {1, 3}], [{8, 4}, {6, 7}, {3, 5}, {1, 2}], [{8, 4}, {7}, {1, 6}, {2, 5}, {3}], [{8, 4}, {7}, {6}, {1, 5}, {2, 3}], [{8, 4}, {7}, {6}, {3, 5}, {1, 2}], [{8, 5}, {1, 7}, {2, 6}, {3, 4}], [{8, 5}, {1, 7}, {3, 6}, {2, 4}], [{8, 5}, {1, 7}, {4, 6}, {2, 3}], [{8, 5}, {1, 7}, {6}, {3, 4}, {2}], [{8, 5}, {2, 7}, {1, 6}, {3, 4}], [{8, 5}, {2, 7}, {3, 6}, {1, 4}], [{8, 5}, {2, 7}, {4, 6}, {1, 3}], [{8, 5}, {3, 7}, {1, 6}, {2, 4}], [{8, 5}, {3, 7}, {2, 6}, {1, 4}], [{8, 5}, {3, 7}, {4, 6}, {1, 2}], [{8, 5}, {4, 7}, {1, 6}, {2, 3}], [{8, 5}, {4, 7}, {2, 6}, {1, 3}], [{8, 5}, {4, 7}, {3, 6}, {1, 2}], [{8, 5}, {6, 7}, {1, 4}, {2, 3}], [{8, 5}, {6, 7}, {2, 4}, {1, 3}], [{8, 5}, {6, 7}, {3, 4}, {1, 2}], [{8, 5}, {6, 7}, {3, 4}, {2}, {1}], [{8, 5}, {7}, {1, 6}, {3, 4}, {2}], [{8, 5}, {7}, {3, 6}, {1, 4}, {2}], [{8, 6}, {1, 7}, {2, 5}, {3, 4}], [{8, 6}, {1, 7}, {3, 5}, {2, 4}], [{8, 6}, {1, 7}, {4, 5}, {2, 3}], [{8, 6}, {1, 7}, {5}, {3, 4}, {2}], [{8, 6}, {2, 7}, {1, 5}, {3, 4}], [{8, 6}, {2, 7}, {3, 5}, {1, 4}], [{8, 6}, {2, 7}, {4, 5}, {1, 3}], [{8, 6}, {3, 7}, {1, 5}, {2, 4}], [{8, 6}, {3, 7}, {2, 5}, {1, 4}], [{8, 6}, {3, 7}, {4, 5}, {1, 2}], [{8, 6}, {4, 7}, {1, 5}, {2, 3}], [{8, 6}, {4, 7}, {2, 5}, {1, 3}], [{8, 6}, {4, 7}, {3, 5}, {1, 2}], [{8, 6}, {4, 7}, {3, 5}, {2}, {1}], [{8, 6}, {5, 7}, {1, 4}, {2, 3}], [{8, 6}, {5, 7}, {2, 4}, {1, 3}], [{8, 6}, {5, 7}, {3, 4}, {1, 2}], [{8, 6}, {5, 7}, {3, 4}, {2}, {1}], [{8, 6}, {7}, {1, 5}, {3, 4}, {2}], [{8, 7}, {1, 6}, {2, 5}, {3, 4}], [{8, 7}, {1, 6}, {3, 5}, {2, 4}], [{8, 7}, {1, 6}, {4, 5}, {2, 3}], [{8, 7}, {1, 6}, {5}, {3, 4}, {2}], [{8, 7}, {2, 6}, {1, 5}, {3, 4}], [{8, 7}, {2, 6}, {3, 5}, {1, 4}], [{8, 7}, {2, 6}, {4, 5}, {1, 3}], [{8, 7}, {3, 6}, {1, 5}, {2, 4}], [{8, 7}, {3, 6}, {2, 5}, {1, 4}], [{8, 7}, {3, 6}, {4, 5}, {1, 2}], [{8, 7}, {3, 6}, {5}, {1, 4}, {2}], [{8, 7}, {4, 6}, {1, 5}, {2, 3}], [{8, 7}, {4, 6}, {2, 5}, {1, 3}], [{8, 7}, {4, 6}, {3, 5}, {1, 2}], [{8, 7}, {5, 6}, {1, 4}, {2, 3}], [{8, 7}, {5, 6}, {2, 4}, {1, 3}], [{8, 7}, {5, 6}, {3, 4}, {1, 2}], [{8, 7}, {5, 6}, {3, 4}, {2}, {1}], [{8, 7}, {6}, {1, 5}, {3, 4}, {2}], [{8, 7}, {6}, {2, 5}, {4}, {1, 3}], [{8, 7}, {6}, {3, 5}, {4}, {1, 2}], [{8}, {1, 7}, {2, 6}, {3, 5}, {4}], [{8}, {1, 7}, {3, 6}, {2, 5}, {4}], [{8}, {1, 7}, {5, 6}, {2, 4}, {3}], [{8}, {1, 7}, {5, 6}, {3, 4}, {2}], [{8}, {1, 7}, {5, 6}, {4}, {2, 3}], [{8}, {1, 7}, {5, 6}, {4}, {3}, {2}], [{8}, {2, 7}, {1, 6}, {5}, {3, 4}], [{8}, {2, 7}, {3, 6}, {5}, {1, 4}], [{8}, {3, 7}, {1, 6}, {4, 5}, {2}], [{8}, {4, 7}, {1, 6}, {3, 5}, {2}], [{8}, {4, 7}, {2, 6}, {3, 5}, {1}], [{8}, {4, 7}, {3, 6}, {2, 5}, {1}], [{8}, {4, 7}, {5, 6}, {2, 3}, {1}], [{8}, {4, 7}, {6}, {3, 5}, {1, 2}], [{8}, {4, 7}, {6}, {3, 5}, {2}, {1}], [{8}, {5, 7}, {1, 6}, {2, 4}, {3}], [{8}, {5, 7}, {1, 6}, {3, 4}, {2}], [{8}, {5, 7}, {1, 6}, {4}, {2, 3}], [{8}, {5, 7}, {1, 6}, {4}, {3}, {2}], [{8}, {5, 7}, {2, 6}, {3, 4}, {1}], [{8}, {5, 7}, {3, 6}, {1, 4}, {2}], [{8}, {5, 7}, {4, 6}, {1, 3}, {2}], [{8}, {5, 7}, {6}, {3, 4}, {1, 2}], [{8}, {5, 7}, {6}, {3, 4}, {2}, {1}], [{8}, {6, 7}, {1, 5}, {3, 4}, {2}], [{8}, {7}, {1, 6}, {2, 5}, {3, 4}], [{8}, {7}, {1, 6}, {5}, {3, 4}, {2}], [{8}, {7}, {2, 6}, {3, 5}, {1, 4}], [{8}, {7}, {3, 6}, {2, 5}, {1, 4}], [{8}, {7}, {3, 6}, {5}, {1, 4}, {2}], [{8}, {7}, {5, 6}, {1, 4}, {2, 3}]]",2,- 14 K_1^2 - 4 K_1 K_2 + 2 K_1 + 7 K_2 + 2 K_3 + 8,O1O2O3O4U5U4O6U7O8O5U6U8U3U1O7U2,O1O2O3O4U5U3O6U4O7O5U7U2U8U1O8U6,O1O2O3O4U5O6U4U6U3U7O8O7U1O5U2U8,c,"{'O1O2O3U2O4O5U3U4U6U7O8O6U5O7U1U8', 'O1O2O3O4U3O5U4U2U6U7O8O6U5O7U1U8'}",2,"<a href=""/flatknot/8.733679"">8.733679</a>",t^9-32t^7-76t^6+18t^5+146t^4+32t^3-64t^2-12t,-t^2+2t,,
8.733680,O1O2O3O4U3O5U4U2U6U1O7O8U5O6U7U8,4,16z^2+69z+75,16w^3z^2+69w^2z+75w,False,False,"[[ 0  0 -1 -1  0  2  0 -1  1],[ 0  0  0 -1  1  3 -1  0  0],[ 1  0  0 -1  1  2  0  1  1],[ 1  1  1  0  1  1  1  0  0],[ 0 -1 -1 -1  0  1 -1  1  1],[-2 -3 -2 -1 -1  0 -2  0  1],[ 0  1  0 -1  1  2  0 -1  0],[ 1  0 -1  0 -1  0  1  0  1],[-1  0 -1  0 -1 -1  0 -1  0]]","[[ 0  2  1  0  0  0 -1 -1 -1],[-2  0  1 -1 -2 -3  0 -1 -2],[-1 -1  0 -1  0  0 -1  0 -1],[ 0  1  1  0 -1 -1  1 -1 -1],[ 0  2  0  1  0  1 -1 -1  0],[ 0  3  0  1 -1  0  0 -1  0],[ 1  0  1 -1  1  0  0  0 -1],[ 1  1  0  1  1  1  0  0  1],[ 1  2  1  1  0  0  1 -1  0]]",True,"[-2,-1,0,0,0,1,1,1,-1,1,2,3,0,1,2,1,0,0,1,0,1,1,1,-1,1,1,-1,1,1,0,0,1,0,0,1,-1]","[-2,-1,0,0,0,1,1,1,-1,1,2,3,0,1,2,1,0,0,1,0,1,1,1,-1,1,1,-1,1,1,0,0,1,0,0,1,-1]",t^8+34t^6+148t^4+59t^2,"[-1,-1,-1,0,0,0,1,2,-1,0,0,0,0,2,2,-1,0,1,1,1,1,2,0,1,1,3,1,1,0,1,-1,1,0,1,-1,2]","[-2,-1,0,0,0,1,1,1,2,-1,0,1,1,2,3,1,1,0,1,2,1,-1,1,1,0,1,1,1,0,0,0,0,2,-1,1,0]","[-1,-1,-1,0,0,0,1,2,-1,0,-1,0,1,1,0,-1,1,0,0,1,2,1,1,1,0,1,-1,-1,1,1,-1,0,3,0,2,-1]",c,"[[{8, 1}, {2, 7}, {3, 6}, {4, 5}], [{8, 1}, {2, 7}, {4, 6}, {3, 5}], [{8, 1}, {2, 7}, {5, 6}, {3, 4}], [{8, 1}, {2, 7}, {6}, {5}, {3, 4}], [{8, 1}, {3, 7}, {2, 6}, {4, 5}], [{8, 1}, {3, 7}, {4, 6}, {2, 5}], [{8, 1}, {3, 7}, {4, 6}, {5}, {2}], [{8, 1}, {3, 7}, {5, 6}, {2, 4}], [{8, 1}, {4, 7}, {2, 6}, {3, 5}], [{8, 1}, {4, 7}, {3, 6}, {2, 5}], [{8, 1}, {4, 7}, {3, 6}, {5}, {2}], [{8, 1}, {4, 7}, {5, 6}, {2, 3}], [{8, 1}, {5, 7}, {2, 6}, {3, 4}], [{8, 1}, {5, 7}, {3, 6}, {2, 4}], [{8, 1}, {5, 7}, {4, 6}, {2, 3}], [{8, 1}, {5, 7}, {6}, {3, 4}, {2}], [{8, 1}, {6, 7}, {2, 5}, {3, 4}], [{8, 1}, {6, 7}, {2, 5}, {4}, {3}], [{8, 1}, {6, 7}, {3, 5}, {2, 4}], [{8, 1}, {6, 7}, {3, 5}, {4}, {2}], [{8, 1}, {6, 7}, {4, 5}, {2, 3}], [{8, 1}, {6, 7}, {4, 5}, {3}, {2}], [{8, 1}, {6, 7}, {5}, {2, 4}, {3}], [{8, 1}, {6, 7}, {5}, {3, 4}, {2}], [{8, 1}, {6, 7}, {5}, {4}, {2, 3}], [{8, 1}, {6, 7}, {5}, {4}, {3}, {2}], [{8, 1}, {7}, {2, 6}, {5}, {3, 4}], [{8, 1}, {7}, {5, 6}, {3, 4}, {2}], [{8, 1}, {7}, {6}, {2, 5}, {3, 4}], [{8, 1}, {7}, {6}, {3, 5}, {2, 4}], [{8, 1}, {7}, {6}, {4, 5}, {2, 3}], [{8, 1}, {7}, {6}, {5}, {3, 4}, {2}], [{8, 2}, {1, 7}, {3, 6}, {4, 5}], [{8, 2}, {1, 7}, {4, 6}, {3, 5}], [{8, 2}, {1, 7}, {5, 6}, {3, 4}], [{8, 2}, {1, 7}, {6}, {3, 5}, {4}], [{8, 2}, {3, 7}, {1, 6}, {4, 5}], [{8, 2}, {3, 7}, {1, 6}, {5}, {4}], [{8, 2}, {3, 7}, {4, 6}, {1, 5}], [{8, 2}, {3, 7}, {4, 6}, {5}, {1}], [{8, 2}, {3, 7}, {5, 6}, {1, 4}], [{8, 2}, {3, 7}, {5, 6}, {4}, {1}], [{8, 2}, {3, 7}, {6}, {1, 5}, {4}], [{8, 2}, {3, 7}, {6}, {4, 5}, {1}], [{8, 2}, {3, 7}, {6}, {5}, {1, 4}], [{8, 2}, {4, 7}, {1, 6}, {3, 5}], [{8, 2}, {4, 7}, {3, 6}, {1, 5}], [{8, 2}, {4, 7}, {5, 6}, {1, 3}], [{8, 2}, {4, 7}, {6}, {3, 5}, {1}], [{8, 2}, {5, 7}, {1, 6}, {3, 4}], [{8, 2}, {5, 7}, {1, 6}, {4}, {3}], [{8, 2}, {5, 7}, {3, 6}, {1, 4}], [{8, 2}, {5, 7}, {3, 6}, {4}, {1}], [{8, 2}, {5, 7}, {4, 6}, {1, 3}], [{8, 2}, {5, 7}, {4, 6}, {3}, {1}], [{8, 2}, {5, 7}, {6}, {1, 4}, {3}], [{8, 2}, {5, 7}, {6}, {3, 4}, {1}], [{8, 2}, {5, 7}, {6}, {4}, {1, 3}], [{8, 2}, {6, 7}, {1, 5}, {3, 4}], [{8, 2}, {6, 7}, {3, 5}, {1, 4}], [{8, 2}, {6, 7}, {3, 5}, {4}, {1}], [{8, 2}, {6, 7}, {4, 5}, {1, 3}], [{8, 2}, {7}, {1, 6}, {3, 5}, {4}], [{8, 2}, {7}, {4, 6}, {3, 5}, {1}], [{8, 2}, {7}, {6}, {3, 5}, {1, 4}], [{8, 3}, {1, 7}, {2, 6}, {4, 5}], [{8, 3}, {1, 7}, {4, 6}, {2, 5}], [{8, 3}, {1, 7}, {5, 6}, {2, 4}], [{8, 3}, {1, 7}, {6}, {2, 5}, {4}], [{8, 3}, {2, 7}, {1, 6}, {4, 5}], [{8, 3}, {2, 7}, {1, 6}, {5}, {4}], [{8, 3}, {2, 7}, {4, 6}, {1, 5}], [{8, 3}, {2, 7}, {5, 6}, {1, 4}], [{8, 3}, {2, 7}, {5, 6}, {4}, {1}], [{8, 3}, {2, 7}, {6}, {1, 5}, {4}], [{8, 3}, {4, 7}, {1, 6}, {2, 5}], [{8, 3}, {4, 7}, {2, 6}, {1, 5}], [{8, 3}, {4, 7}, {5, 6}, {1, 2}], [{8, 3}, {5, 7}, {1, 6}, {2, 4}], [{8, 3}, {5, 7}, {1, 6}, {4}, {2}], [{8, 3}, {5, 7}, {2, 6}, {1, 4}], [{8, 3}, {5, 7}, {2, 6}, {4}, {1}], [{8, 3}, {5, 7}, {4, 6}, {1, 2}], [{8, 3}, {5, 7}, {6}, {4}, {1, 2}], [{8, 3}, {6, 7}, {1, 5}, {2, 4}], [{8, 3}, {6, 7}, {2, 5}, {1, 4}], [{8, 3}, {6, 7}, {2, 5}, {4}, {1}], [{8, 3}, {6, 7}, {4, 5}, {1, 2}], [{8, 3}, {7}, {1, 6}, {2, 5}, {4}], [{8, 3}, {7}, {2, 6}, {5}, {1, 4}], [{8, 4}, {1, 7}, {2, 6}, {3, 5}], [{8, 4}, {1, 7}, {3, 6}, {2, 5}], [{8, 4}, {1, 7}, {5, 6}, {2, 3}], [{8, 4}, {2, 7}, {1, 6}, {3, 5}], [{8, 4}, {2, 7}, {3, 6}, {1, 5}], [{8, 4}, {2, 7}, {5, 6}, {1, 3}], [{8, 4}, {3, 7}, {1, 6}, {2, 5}], [{8, 4}, {3, 7}, {2, 6}, {1, 5}], [{8, 4}, {3, 7}, {5, 6}, {1, 2}], [{8, 4}, {5, 7}, {1, 6}, {2, 3}], [{8, 4}, {5, 7}, {1, 6}, {3}, {2}], [{8, 4}, {5, 7}, {2, 6}, {1, 3}], [{8, 4}, {5, 7}, {2, 6}, {3}, {1}], [{8, 4}, {5, 7}, {3, 6}, {1, 2}], [{8, 4}, {5, 7}, {6}, {3}, {1, 2}], [{8, 4}, {6, 7}, {1, 5}, {2, 3}], [{8, 4}, {6, 7}, {2, 5}, {1, 3}], [{8, 4}, {6, 7}, {3, 5}, {1, 2}], [{8, 5}, {1, 7}, {2, 6}, {3, 4}], [{8, 5}, {1, 7}, {2, 6}, {4}, {3}], [{8, 5}, {1, 7}, {3, 6}, {2, 4}], [{8, 5}, {1, 7}, {3, 6}, {4}, {2}], [{8, 5}, {1, 7}, {4, 6}, {2, 3}], [{8, 5}, {1, 7}, {4, 6}, {3}, {2}], [{8, 5}, {1, 7}, {6}, {2, 4}, {3}], [{8, 5}, {1, 7}, {6}, {3, 4}, {2}], [{8, 5}, {1, 7}, {6}, {4}, {2, 3}], [{8, 5}, {1, 7}, {6}, {4}, {3}, {2}], [{8, 5}, {2, 7}, {1, 6}, {3, 4}], [{8, 5}, {2, 7}, {3, 6}, {1, 4}], [{8, 5}, {2, 7}, {4, 6}, {1, 3}], [{8, 5}, {3, 7}, {1, 6}, {2, 4}], [{8, 5}, {3, 7}, {2, 6}, {1, 4}], [{8, 5}, {3, 7}, {4, 6}, {1, 2}], [{8, 5}, {4, 7}, {1, 6}, {2, 3}], [{8, 5}, {4, 7}, {2, 6}, {1, 3}], [{8, 5}, {4, 7}, {3, 6}, {1, 2}], [{8, 5}, {6, 7}, {1, 4}, {2, 3}], [{8, 5}, {6, 7}, {2, 4}, {1, 3}], [{8, 5}, {6, 7}, {3, 4}, {1, 2}], [{8, 5}, {6, 7}, {3, 4}, {2}, {1}], [{8, 5}, {7}, {1, 6}, {3, 4}, {2}], [{8, 6}, {1, 7}, {2, 5}, {3, 4}], [{8, 6}, {1, 7}, {3, 5}, {2, 4}], [{8, 6}, {1, 7}, {4, 5}, {2, 3}], [{8, 6}, {1, 7}, {5}, {3, 4}, {2}], [{8, 6}, {2, 7}, {1, 5}, {3, 4}], [{8, 6}, {2, 7}, {1, 5}, {4}, {3}], [{8, 6}, {2, 7}, {3, 5}, {1, 4}], [{8, 6}, {2, 7}, {4, 5}, {1, 3}], [{8, 6}, {3, 7}, {1, 5}, {2, 4}], [{8, 6}, {3, 7}, {1, 5}, {4}, {2}], [{8, 6}, {3, 7}, {2, 5}, {1, 4}], [{8, 6}, {3, 7}, {4, 5}, {1, 2}], [{8, 6}, {4, 7}, {1, 5}, {2, 3}], [{8, 6}, {4, 7}, {1, 5}, {3}, {2}], [{8, 6}, {4, 7}, {2, 5}, {1, 3}], [{8, 6}, {4, 7}, {3, 5}, {1, 2}], [{8, 6}, {5, 7}, {1, 4}, {2, 3}], [{8, 6}, {5, 7}, {2, 4}, {1, 3}], [{8, 6}, {5, 7}, {3, 4}, {1, 2}], [{8, 6}, {5, 7}, {3, 4}, {2}, {1}], [{8, 6}, {7}, {1, 5}, {2, 4}, {3}], [{8, 6}, {7}, {1, 5}, {3, 4}, {2}], [{8, 6}, {7}, {1, 5}, {4}, {2, 3}], [{8, 6}, {7}, {1, 5}, {4}, {3}, {2}], [{8, 7}, {1, 6}, {2, 5}, {3, 4}], [{8, 7}, {1, 6}, {3, 5}, {2, 4}], [{8, 7}, {1, 6}, {4, 5}, {2, 3}], [{8, 7}, {1, 6}, {5}, {3, 4}, {2}], [{8, 7}, {2, 6}, {1, 5}, {3, 4}], [{8, 7}, {2, 6}, {3, 5}, {1, 4}], [{8, 7}, {2, 6}, {3, 5}, {4}, {1}], [{8, 7}, {2, 6}, {4, 5}, {1, 3}], [{8, 7}, {3, 6}, {1, 5}, {2, 4}], [{8, 7}, {3, 6}, {2, 5}, {1, 4}], [{8, 7}, {3, 6}, {2, 5}, {4}, {1}], [{8, 7}, {3, 6}, {4, 5}, {1, 2}], [{8, 7}, {4, 6}, {1, 5}, {2, 3}], [{8, 7}, {4, 6}, {2, 5}, {1, 3}], [{8, 7}, {4, 6}, {3, 5}, {1, 2}], [{8, 7}, {5, 6}, {1, 4}, {2, 3}], [{8, 7}, {5, 6}, {1, 4}, {3}, {2}], [{8, 7}, {5, 6}, {2, 4}, {1, 3}], [{8, 7}, {5, 6}, {2, 4}, {3}, {1}], [{8, 7}, {5, 6}, {3, 4}, {1, 2}], [{8, 7}, {5, 6}, {3, 4}, {2}, {1}], [{8, 7}, {5, 6}, {4}, {1, 3}, {2}], [{8, 7}, {5, 6}, {4}, {2, 3}, {1}], [{8, 7}, {5, 6}, {4}, {3}, {1, 2}], [{8, 7}, {5, 6}, {4}, {3}, {2}, {1}], [{8, 7}, {6}, {1, 5}, {3, 4}, {2}], [{8, 7}, {6}, {5}, {2, 4}, {1, 3}], [{8}, {1, 7}, {5, 6}, {3, 4}, {2}], [{8}, {2, 7}, {3, 6}, {1, 5}, {4}], [{8}, {2, 7}, {4, 6}, {5}, {1, 3}], [{8}, {3, 7}, {2, 6}, {1, 5}, {4}], [{8}, {3, 7}, {4, 6}, {5}, {1, 2}], [{8}, {4, 7}, {6}, {2, 5}, {1, 3}], [{8}, {5, 7}, {1, 6}, {2, 4}, {3}], [{8}, {5, 7}, {1, 6}, {3, 4}, {2}], [{8}, {5, 7}, {1, 6}, {4}, {2, 3}], [{8}, {5, 7}, {1, 6}, {4}, {3}, {2}], [{8}, {5, 7}, {2, 6}, {3, 4}, {1}], [{8}, {5, 7}, {3, 6}, {1, 4}, {2}], [{8}, {5, 7}, {4, 6}, {1, 3}, {2}], [{8}, {5, 7}, {6}, {3, 4}, {1, 2}], [{8}, {5, 7}, {6}, {3, 4}, {2}, {1}], [{8}, {6, 7}, {1, 5}, {3, 4}, {2}], [{8}, {6, 7}, {2, 5}, {4}, {1, 3}], [{8}, {6, 7}, {3, 5}, {4}, {1, 2}], [{8}, {7}, {4, 6}, {2, 5}, {1, 3}]]",2,24 K_1^3 + 8 K_1^2 K_2 - 22 K_1^2 - 24 K_1 K_2 - 8 K_1 K_3 - 6 K_1 + 11 K_2 + 6 K_3 + 2 K_4 + 10,O1O2O3O4U5U6O7U8O5O6U4U7U3U1O8U2,O1O2O3O4U5U6O7U3O5O6U4U2U8U1O8U7,O1O2O3O4U5O6U4U6U3U1O7O8U2O5U7U8,c,"{'O1O2O3O4U3O5U4U2U6U1O7O8U5O6U7U8', 'O1O2O3U2O4O5U3U4U6U1O7O8U5O6U7U8'}",2,"<a href=""/flatknot/8.733680"">8.733680</a>",t^9-32t^7-68t^6+51t^5+238t^4+224t^3+128t^2+73t+14,-t^2+2t,,
8.733681,O1O2O3O4U3O5U4U2U6U1O7O8U7O6U5U8,3,8z^2+57z+83,8w^3z^2+57w^2z+83w,False,False,"[[ 0  0 -1 -1  0  2  0 -1  1],[ 0  0  0 -1  1  2  0  0  0],[ 1  0  0 -1  1  2  1  0  1],[ 1  1  1  0  1  1  1  0  0],[ 0 -1 -1 -1  0  1  0  0  1],[-2 -2 -2 -1 -1  0 -2  0  1],[ 0  0 -1 -1  0  2  0 -1  0],[ 1  0  0  0  0  0  1  0  1],[-1  0 -1  0 -1 -1  0 -1  0]]","[[ 0  2  1  0  0  0 -1 -1 -1],[-2  0  1 -1 -2 -2  0 -1 -2],[-1 -1  0 -1  0  0 -1  0 -1],[ 0  1  1  0  0 -1  0 -1 -1],[ 0  2  0  0  0  0 -1 -1 -1],[ 0  2  0  1  0  0  0 -1  0],[ 1  0  1  0  1  0  0  0  0],[ 1  1  0  1  1  1  0  0  1],[ 1  2  1  1  1  0  0 -1  0]]",True,"[-2,-1,0,0,0,1,1,1,-1,1,2,2,0,1,2,1,0,0,1,0,1,0,1,0,1,1,0,1,1,1,0,1,0,0,0,-1]","[-2,-1,0,0,0,1,1,1,-1,1,2,2,0,1,2,1,0,0,1,0,1,0,1,0,1,1,0,1,1,1,0,1,0,0,0,-1]",t^8+26t^6+81t^4+8t^2,"[-1,-1,-1,0,0,0,1,2,-1,0,0,0,0,2,2,0,0,0,1,1,1,0,1,1,1,3,0,0,1,0,1,0,1,1,0,2]","[-2,-1,0,0,0,1,1,1,2,0,0,1,1,2,3,1,1,0,1,2,1,0,0,0,0,0,1,1,0,1,0,0,1,-1,0,0]","[-1,-1,-1,0,0,0,1,2,-1,0,0,1,1,1,2,0,1,1,1,0,1,0,0,1,1,0,1,0,0,2,0,1,1,0,2,-1]",c,"[[{8, 2}, {1, 7}, {5, 6}, {3, 4}], [{8}, {1, 7}, {5, 6}, {3, 4}, {2}]]",1,4 K_1^3 - 14 K_1^2 - 4 K_1 K_2 - K_1 + 7 K_2 + K_3 + 8,O1O2O3O4U5U6O7U8O5O8U4U7U3U1O6U2,O1O2O3O4U5U6O5U3O7O6U4U2U8U1O8U7,O1O2O3O4U5O6U4U6U3U1O7O5U2O8U7U8,c,"{'O1O2O3U2O4O5U3U4U6U1O7O8U7O6U5U8', 'O1O2O3O4U3O5U4U2U6U1O7O8U7O6U5U8'}",2,"<a href=""/flatknot/8.733681"">8.733681</a>",t^9-24t^7-42t^6+40t^5+86t^4-3t^3-14t^2-12t,-t^2+2t,,
8.733682,O1O2O3O4U3O5U4U2U6U1O7O8U7O6U8U5,4,53z+107,53w^2z+107w,False,False,"[[ 0  0 -1 -1  0  3  0 -1  0],[ 0  0  0 -1  1  2  0  0 -1],[ 1  0  0 -1  1  2  1  0  0],[ 1  1  1  0  1  1  1  0  0],[ 0 -1 -1 -1  0  1  0  0  0],[-3 -2 -2 -1 -1  0 -2 -1  0],[ 0  0 -1 -1  0  2  0 -1 -1],[ 1  0  0  0  0  1  1  0  1],[ 0  1  0  0  0  0  1 -1  0]]","[[ 0  3  0  0  0  0 -1 -1 -1],[-3  0  0 -1 -2 -2 -1 -1 -2],[ 0  0  0  0  1  1  0 -1  0],[ 0  1  0  0  0 -1 -1  0 -1],[ 0  2 -1  0  0  0 -1 -1 -1],[ 0  2 -1  1  0  0 -1  0  0],[ 1  1  0  1  1  1  0  0  1],[ 1  1  1  0  1  0  0  0  0],[ 1  2  0  1  1  0 -1  0  0]]",True,"[-3,0,0,0,0,1,1,1,0,1,2,2,1,1,2,0,-1,-1,0,1,0,0,1,1,0,1,0,1,1,1,1,0,0,0,-1,0]","[-3,0,0,0,0,1,1,1,0,1,2,2,1,1,2,0,-1,-1,0,1,0,0,1,1,0,1,0,1,1,1,1,0,0,0,-1,0]",t^8+26t^6+82t^4+27t^2,"[-1,-1,-1,0,0,0,0,3,-1,0,0,0,0,1,3,0,0,0,1,1,2,0,1,1,0,3,0,0,1,1,1,0,2,1,1,3]","[-3,0,0,0,0,1,1,1,1,1,2,3,2,3,3,0,0,-1,0,0,0,1,-1,1,0,1,0,0,0,1,1,1,0,-1,0,0]","[-1,-1,-1,0,0,0,0,3,-1,0,0,0,1,1,2,0,0,1,1,1,1,1,0,0,1,1,1,0,1,0,1,0,2,0,1,2]",c,"[[{8, 1}, {2, 7}, {3, 6}, {4, 5}], [{8, 1}, {2, 7}, {3, 6}, {5}, {4}], [{8, 1}, {2, 7}, {4, 6}, {3, 5}], [{8, 1}, {2, 7}, {5, 6}, {3, 4}], [{8, 1}, {2, 7}, {5, 6}, {4}, {3}], [{8, 1}, {2, 7}, {6}, {3, 5}, {4}], [{8, 1}, {3, 7}, {2, 6}, {4, 5}], [{8, 1}, {3, 7}, {2, 6}, {5}, {4}], [{8, 1}, {3, 7}, {4, 6}, {2, 5}], [{8, 1}, {3, 7}, {5, 6}, {2, 4}], [{8, 1}, {3, 7}, {5, 6}, {4}, {2}], [{8, 1}, {3, 7}, {6}, {2, 5}, {4}], [{8, 1}, {4, 7}, {2, 6}, {3, 5}], [{8, 1}, {4, 7}, {3, 6}, {2, 5}], [{8, 1}, {4, 7}, {5, 6}, {2, 3}], [{8, 1}, {4, 7}, {5, 6}, {3}, {2}], [{8, 1}, {5, 7}, {2, 6}, {3, 4}], [{8, 1}, {5, 7}, {2, 6}, {4}, {3}], [{8, 1}, {5, 7}, {3, 6}, {2, 4}], [{8, 1}, {5, 7}, {3, 6}, {4}, {2}], [{8, 1}, {5, 7}, {4, 6}, {2, 3}], [{8, 1}, {5, 7}, {4, 6}, {3}, {2}], [{8, 1}, {5, 7}, {6}, {2, 4}, {3}], [{8, 1}, {5, 7}, {6}, {3, 4}, {2}], [{8, 1}, {5, 7}, {6}, {4}, {2, 3}], [{8, 1}, {5, 7}, {6}, {4}, {3}, {2}], [{8, 1}, {6, 7}, {2, 5}, {3, 4}], [{8, 1}, {6, 7}, {2, 5}, {4}, {3}], [{8, 1}, {6, 7}, {3, 5}, {2, 4}], [{8, 1}, {6, 7}, {3, 5}, {4}, {2}], [{8, 1}, {6, 7}, {4, 5}, {2, 3}], [{8, 1}, {6, 7}, {4, 5}, {3}, {2}], [{8, 1}, {6, 7}, {5}, {2, 4}, {3}], [{8, 1}, {6, 7}, {5}, {3, 4}, {2}], [{8, 1}, {6, 7}, {5}, {4}, {2, 3}], [{8, 1}, {6, 7}, {5}, {4}, {3}, {2}], [{8, 1}, {7}, {2, 6}, {3, 5}, {4}], [{8, 1}, {7}, {3, 6}, {2, 5}, {4}], [{8, 1}, {7}, {5, 6}, {2, 4}, {3}], [{8, 1}, {7}, {5, 6}, {3, 4}, {2}], [{8, 1}, {7}, {5, 6}, {4}, {2, 3}], [{8, 1}, {7}, {5, 6}, {4}, {3}, {2}], [{8, 2}, {1, 7}, {3, 6}, {4, 5}], [{8, 2}, {1, 7}, {4, 6}, {3, 5}], [{8, 2}, {1, 7}, {5, 6}, {3, 4}], [{8, 2}, {1, 7}, {5, 6}, {4}, {3}], [{8, 2}, {3, 7}, {1, 6}, {4, 5}], [{8, 2}, {3, 7}, {4, 6}, {1, 5}], [{8, 2}, {3, 7}, {5, 6}, {1, 4}], [{8, 2}, {4, 7}, {1, 6}, {3, 5}], [{8, 2}, {4, 7}, {3, 6}, {1, 5}], [{8, 2}, {4, 7}, {5, 6}, {1, 3}], [{8, 2}, {5, 7}, {1, 6}, {3, 4}], [{8, 2}, {5, 7}, {3, 6}, {1, 4}], [{8, 2}, {5, 7}, {4, 6}, {1, 3}], [{8, 2}, {6, 7}, {1, 5}, {3, 4}], [{8, 2}, {6, 7}, {3, 5}, {1, 4}], [{8, 2}, {6, 7}, {3, 5}, {4}, {1}], [{8, 2}, {6, 7}, {4, 5}, {1, 3}], [{8, 3}, {1, 7}, {2, 6}, {4, 5}], [{8, 3}, {1, 7}, {4, 6}, {2, 5}], [{8, 3}, {1, 7}, {5, 6}, {2, 4}], [{8, 3}, {1, 7}, {5, 6}, {4}, {2}], [{8, 3}, {2, 7}, {1, 6}, {4, 5}], [{8, 3}, {2, 7}, {4, 6}, {1, 5}], [{8, 3}, {2, 7}, {5, 6}, {1, 4}], [{8, 3}, {4, 7}, {1, 6}, {2, 5}], [{8, 3}, {4, 7}, {2, 6}, {1, 5}], [{8, 3}, {4, 7}, {5, 6}, {1, 2}], [{8, 3}, {5, 7}, {1, 6}, {2, 4}], [{8, 3}, {5, 7}, {2, 6}, {1, 4}], [{8, 3}, {5, 7}, {4, 6}, {1, 2}], [{8, 3}, {6, 7}, {1, 5}, {2, 4}], [{8, 3}, {6, 7}, {2, 5}, {1, 4}], [{8, 3}, {6, 7}, {2, 5}, {4}, {1}], [{8, 3}, {6, 7}, {4, 5}, {1, 2}], [{8, 3}, {7}, {1, 6}, {5}, {2, 4}], [{8, 4}, {1, 7}, {2, 6}, {3, 5}], [{8, 4}, {1, 7}, {3, 6}, {2, 5}], [{8, 4}, {1, 7}, {5, 6}, {2, 3}], [{8, 4}, {1, 7}, {5, 6}, {3}, {2}], [{8, 4}, {1, 7}, {6}, {5}, {2, 3}], [{8, 4}, {2, 7}, {1, 6}, {3, 5}], [{8, 4}, {2, 7}, {3, 6}, {1, 5}], [{8, 4}, {2, 7}, {3, 6}, {5}, {1}], [{8, 4}, {2, 7}, {5, 6}, {1, 3}], [{8, 4}, {3, 7}, {1, 6}, {2, 5}], [{8, 4}, {3, 7}, {2, 6}, {1, 5}], [{8, 4}, {3, 7}, {5, 6}, {1, 2}], [{8, 4}, {3, 7}, {6}, {5}, {1, 2}], [{8, 4}, {5, 7}, {1, 6}, {2, 3}], [{8, 4}, {5, 7}, {2, 6}, {1, 3}], [{8, 4}, {5, 7}, {3, 6}, {1, 2}], [{8, 4}, {5, 7}, {3, 6}, {2}, {1}], [{8, 4}, {6, 7}, {1, 5}, {2, 3}], [{8, 4}, {6, 7}, {2, 5}, {1, 3}], [{8, 4}, {6, 7}, {3, 5}, {1, 2}], [{8, 4}, {7}, {1, 6}, {3, 5}, {2}], [{8, 4}, {7}, {3, 6}, {2, 5}, {1}], [{8, 5}, {1, 7}, {2, 6}, {3, 4}], [{8, 5}, {1, 7}, {2, 6}, {4}, {3}], [{8, 5}, {1, 7}, {3, 6}, {2, 4}], [{8, 5}, {1, 7}, {3, 6}, {4}, {2}], [{8, 5}, {1, 7}, {4, 6}, {2, 3}], [{8, 5}, {1, 7}, {4, 6}, {3}, {2}], [{8, 5}, {1, 7}, {6}, {2, 4}, {3}], [{8, 5}, {1, 7}, {6}, {3, 4}, {2}], [{8, 5}, {1, 7}, {6}, {4}, {2, 3}], [{8, 5}, {1, 7}, {6}, {4}, {3}, {2}], [{8, 5}, {2, 7}, {1, 6}, {3, 4}], [{8, 5}, {2, 7}, {3, 6}, {1, 4}], [{8, 5}, {2, 7}, {4, 6}, {1, 3}], [{8, 5}, {2, 7}, {6}, {3, 4}, {1}], [{8, 5}, {3, 7}, {1, 6}, {2, 4}], [{8, 5}, {3, 7}, {2, 6}, {1, 4}], [{8, 5}, {3, 7}, {4, 6}, {1, 2}], [{8, 5}, {3, 7}, {6}, {1, 4}, {2}], [{8, 5}, {4, 7}, {1, 6}, {2, 3}], [{8, 5}, {4, 7}, {2, 6}, {1, 3}], [{8, 5}, {4, 7}, {3, 6}, {1, 2}], [{8, 5}, {4, 7}, {6}, {1, 3}, {2}], [{8, 5}, {6, 7}, {1, 4}, {2, 3}], [{8, 5}, {6, 7}, {2, 4}, {1, 3}], [{8, 5}, {6, 7}, {3, 4}, {1, 2}], [{8, 5}, {6, 7}, {3, 4}, {2}, {1}], [{8, 5}, {7}, {1, 6}, {3, 4}, {2}], [{8, 5}, {7}, {2, 6}, {3, 4}, {1}], [{8, 5}, {7}, {6}, {3, 4}, {1, 2}], [{8, 5}, {7}, {6}, {3, 4}, {2}, {1}], [{8, 6}, {1, 7}, {2, 5}, {3, 4}], [{8, 6}, {1, 7}, {2, 5}, {4}, {3}], [{8, 6}, {1, 7}, {3, 5}, {2, 4}], [{8, 6}, {1, 7}, {3, 5}, {4}, {2}], [{8, 6}, {1, 7}, {4, 5}, {2, 3}], [{8, 6}, {1, 7}, {4, 5}, {3}, {2}], [{8, 6}, {1, 7}, {5}, {2, 4}, {3}], [{8, 6}, {1, 7}, {5}, {3, 4}, {2}], [{8, 6}, {1, 7}, {5}, {4}, {2, 3}], [{8, 6}, {1, 7}, {5}, {4}, {3}, {2}], [{8, 6}, {2, 7}, {1, 5}, {3, 4}], [{8, 6}, {2, 7}, {3, 5}, {1, 4}], [{8, 6}, {2, 7}, {4, 5}, {1, 3}], [{8, 6}, {3, 7}, {1, 5}, {2, 4}], [{8, 6}, {3, 7}, {2, 5}, {1, 4}], [{8, 6}, {3, 7}, {4, 5}, {1, 2}], [{8, 6}, {4, 7}, {1, 5}, {2, 3}], [{8, 6}, {4, 7}, {2, 5}, {1, 3}], [{8, 6}, {4, 7}, {3, 5}, {1, 2}], [{8, 6}, {5, 7}, {1, 4}, {2, 3}], [{8, 6}, {5, 7}, {2, 4}, {1, 3}], [{8, 6}, {5, 7}, {3, 4}, {1, 2}], [{8, 6}, {5, 7}, {3, 4}, {2}, {1}], [{8, 6}, {7}, {1, 5}, {3, 4}, {2}], [{8, 7}, {1, 6}, {2, 5}, {3, 4}], [{8, 7}, {1, 6}, {3, 5}, {2, 4}], [{8, 7}, {1, 6}, {4, 5}, {2, 3}], [{8, 7}, {1, 6}, {5}, {3, 4}, {2}], [{8, 7}, {2, 6}, {1, 5}, {3, 4}], [{8, 7}, {2, 6}, {3, 5}, {1, 4}], [{8, 7}, {2, 6}, {4, 5}, {1, 3}], [{8, 7}, {3, 6}, {1, 5}, {2, 4}], [{8, 7}, {3, 6}, {2, 5}, {1, 4}], [{8, 7}, {3, 6}, {4, 5}, {1, 2}], [{8, 7}, {4, 6}, {1, 5}, {2, 3}], [{8, 7}, {4, 6}, {2, 5}, {1, 3}], [{8, 7}, {4, 6}, {3, 5}, {1, 2}], [{8, 7}, {5, 6}, {1, 4}, {2, 3}], [{8, 7}, {5, 6}, {1, 4}, {3}, {2}], [{8, 7}, {5, 6}, {2, 4}, {1, 3}], [{8, 7}, {5, 6}, {2, 4}, {3}, {1}], [{8, 7}, {5, 6}, {3, 4}, {1, 2}], [{8, 7}, {5, 6}, {3, 4}, {2}, {1}], [{8, 7}, {5, 6}, {4}, {1, 3}, {2}], [{8, 7}, {5, 6}, {4}, {2, 3}, {1}], [{8, 7}, {5, 6}, {4}, {3}, {1, 2}], [{8, 7}, {5, 6}, {4}, {3}, {2}, {1}], [{8, 7}, {6}, {1, 5}, {3, 4}, {2}], [{8}, {1, 7}, {4, 6}, {5}, {2, 3}], [{8}, {1, 7}, {5, 6}, {2, 4}, {3}], [{8}, {1, 7}, {5, 6}, {3, 4}, {2}], [{8}, {1, 7}, {5, 6}, {4}, {2, 3}], [{8}, {1, 7}, {5, 6}, {4}, {3}, {2}], [{8}, {1, 7}, {6}, {4, 5}, {2, 3}], [{8}, {2, 7}, {3, 6}, {5}, {1, 4}], [{8}, {5, 7}, {1, 6}, {3, 4}, {2}], [{8}, {5, 7}, {3, 6}, {1, 4}, {2}], [{8}, {6, 7}, {1, 5}, {3, 4}, {2}], [{8}, {6, 7}, {2, 5}, {4}, {1, 3}], [{8}, {6, 7}, {3, 5}, {4}, {1, 2}], [{8}, {7}, {3, 6}, {2, 5}, {1, 4}]]",2,- 28 K_1^2 - 18 K_1 K_2 + 9 K_1 - 4 K_2^2 + 14 K_2 + 9 K_3 + 2 K_4 + 17,O1O2O3O4U5U6O7U8O6O8U4U7U3U1O5U2,O1O2O3O4U5U6O5U3O6O7U4U2U8U1O8U7,O1O2O3O4U5O6U4U6U3U1O5O7U2O8U7U8,c,"{'O1O2O3U2O4O5U3U4U6U1O7O8U7O6U8U5', 'O1O2O3O4U3O5U4U2U6U1O7O8U7O6U8U5'}",2,"<a href=""/flatknot/8.733682"">8.733682</a>",t^9-20t^7-44t^6-4t^5+84t^4+153t^3+60t^2-85t-54,-t^3+3t,,
8.733683,O1O2O3O4U3O5U4U2U6U7O8O7U5O6U1U8,4,17z^2+70z+73,17w^3z^2+70w^2z+73w,False,False,"[[ 0 -1 -1 -1  0  2  0  1  0],[ 1  0 -1 -1  0  3  0  1  0],[ 1  1  0 -1  1  2  0  1  1],[ 1  1  1  0  1  1  1  1  0],[ 0  0 -1 -1  0  1 -1  0  1],[-2 -3 -2 -1 -1  0 -2 -2 -1],[ 0  0  0 -1  1  2  0  1  1],[-1 -1 -1 -1  0  2 -1  0  0],[ 0  0 -1  0 -1  1 -1  0  0]]","[[ 0  2  1  0  0  0 -1 -1 -1],[-2  0 -2 -1 -1 -2 -1 -2 -3],[-1  2  0  0  0 -1 -1 -1 -1],[ 0  1  0  0  1 -1 -1 -1  0],[ 0  1  0 -1  0 -1  0 -1  0],[ 0  2  1  1  1  0 -1  0  0],[ 1  1  1  1  0  1  0  1  1],[ 1  2  1  1  1  0 -1  0  1],[ 1  3  1  0  0  0 -1 -1  0]]",True,"[-2,-1,0,0,0,1,1,1,2,1,1,2,1,2,3,0,0,1,1,1,1,-1,1,1,1,0,1,0,1,0,1,0,0,-1,-1,-1]","[-2,-1,0,0,0,1,1,1,-1,0,1,1,0,1,2,0,1,1,1,1,1,1,1,1,1,0,-1,1,0,1,1,0,0,-1,-1,-1]",t^8+38t^6+106t^4+23t^2,"[-1,-1,-1,0,0,0,1,2,-1,-1,0,0,1,1,2,-1,0,1,0,1,1,1,1,1,1,0,1,-1,1,1,-1,0,0,1,1,-1]","[-2,-1,0,0,0,1,1,1,-1,0,1,1,0,1,2,0,1,1,1,1,1,1,1,1,1,0,-1,1,0,1,1,0,0,-1,-1,-1]","[-1,-1,-1,0,0,0,1,2,-1,-1,0,0,0,1,3,-1,0,1,1,1,2,1,0,1,1,1,1,1,1,2,-1,0,1,0,1,2]",c,"[[{8, 3}, {1, 7}, {5, 6}, {2, 4}]]",1,16 K_1^3 + 8 K_1^2 K_2 - 14 K_1^2 - 16 K_1 K_2 - 8 K_1 K_3 - 4 K_1 + 7 K_2 + 4 K_3 + 2 K_4 + 6,O1O2O3O4U5U4O6U7O8O5U8U6U3U1O7U2,O1O2O3O4U5U4O6U3O7O5U7U2U8U1O8U6,O1O2O3O4U5O6U4U6U3U7O8O7U2O5U1U8,c,"{'O1O2O3U2O4O5U3U4U6U7O8O7U5O6U1U8', 'O1O2O3O4U3O5U4U2U6U7O8O7U5O6U1U8'}",2,"<a href=""/flatknot/8.733683"">8.733683</a>",t^9-36t^7-94t^6+11t^5+212t^4+118t^3-76t^2-53t+2,-t^2+2t,,
8.733684,O1O2O3O4U3O5U4U6U1U2O6O7U5O8U7U8,4,26z^2+95z+87,-4w^4z^2+30w^3z^2-16w^3z+111w^2z+87w,False,False,"[[ 0 -1  1 -1  0  2 -2  0  1],[ 1  0  1 -1  1  2  0  1  0],[-1 -1  0 -1  1  1 -1  1  0],[ 1  1  1  0  1  1  1  0  0],[ 0 -1 -1 -1  0  1  0  1  0],[-2 -2 -1 -1 -1  0 -2  1  1],[ 2  0  1 -1  0  2  0  0  1],[ 0 -1 -1  0 -1 -1  0  0  1],[-1  0  0  0  0 -1 -1 -1  0]]","[[ 0  2  1  1  0  0 -1 -1 -2],[-2  0  1 -1  1 -1 -1 -2 -2],[-1 -1  0  0 -1  0  0  0 -1],[-1  1  0  0  1  1 -1 -1 -1],[ 0 -1  1 -1  0 -1  0 -1  0],[ 0  1  0 -1  1  0 -1 -1  0],[ 1  1  0  1  0  1  0  1  1],[ 1  2  0  1  1  1 -1  0  0],[ 2  2  1  1  0  0 -1  0  0]]",True,"[-2,-1,-1,0,0,1,1,2,-1,1,-1,1,1,2,2,0,1,0,0,0,1,-1,-1,1,1,1,1,0,1,0,1,1,0,-1,-1,0]","[-2,-1,-1,0,0,1,1,2,-1,0,0,0,1,1,2,1,0,1,0,1,1,1,1,0,1,2,-1,1,-1,-1,0,-1,1,0,-1,1]",t^8+26t^6+88t^4+39t^2+1,"[-2,-1,-1,0,0,1,1,2,1,2,2,2,2,2,2,1,0,0,1,2,1,0,1,1,2,2,-1,2,1,1,2,0,3,0,0,2]","[-2,-1,-1,0,0,1,1,2,0,2,1,3,1,2,2,0,2,2,1,1,2,1,0,2,2,2,1,0,0,2,0,1,2,-1,1,2]","[-2,-1,-1,0,0,1,1,2,-1,0,0,0,1,1,2,1,0,1,0,1,1,1,1,0,1,2,-1,1,-1,-1,0,-1,1,0,-1,1]",c,"[[{8, 3}, {4, 7}, {5, 6}, {1, 2}]]",1,28 K_1^3 - 8 K_1^2 - 16 K_1 K_2 - 13 K_1 + 4 K_2 + K_3 + 5,O1O2O3O4U5U6O5U7O6O8U3U4U8U1O7U2,O1O2O3O4U2U5O6U7O5O7U3U4U8U1O8U6,O1O2O3O4U5O6U4U6U1U2O7O8U7O5U8U3,c,{'O1O2O3O4U3O5U4U6U1U2O6O7U5O8U7U8'},1,"<a href=""/flatknot/8.733684"">8.733684</a>",t^9-26t^7-54t^6+38t^5+172t^4+75t^3-124t^2-127t-32,0,,
8.733685,O1O2O3O4U3O5U4U6U1U7O6O7U2O8U5U8,3,13z^2+82z+113,13w^3z^2+82w^2z+113w,False,False,"[[ 0 -1  0 -1  0  2 -2  1  1],[ 1  0  0 -1  1  2  1  2  1],[ 0  0  0 -1  1  2 -1  1  1],[ 1  1  1  0  1  1  1  1  0],[ 0 -1 -1 -1  0  1  0  0  1],[-2 -2 -2 -1 -1  0 -3 -1  1],[ 2 -1  1 -1  0  3  0  2  1],[-1 -2 -1 -1  0  1 -2  0  1],[-1 -1 -1  0 -1 -1 -1 -1  0]]","[[ 0  2  1  1  0  0 -1 -1 -2],[-2  0  1 -1 -1 -2 -1 -2 -3],[-1 -1  0 -1 -1 -1  0 -1 -1],[-1  1  1  0  0 -1 -1 -2 -2],[ 0  1  1  0  0 -1 -1 -1  0],[ 0  2  1  1  1  0 -1  0 -1],[ 1  1  0  1  1  1  0  1  1],[ 1  2  1  2  1  0 -1  0  1],[ 2  3  1  2  0  1 -1 -1  0]]",True,"[-2,-1,-1,0,0,1,1,2,-1,1,1,2,1,2,3,1,1,1,0,1,1,0,1,1,2,2,1,1,1,0,1,0,1,-1,-1,-1]","[-2,-1,-1,0,0,1,1,2,-1,-1,0,1,1,2,3,-1,1,0,1,2,2,1,1,0,1,1,-1,1,0,1,1,1,2,-1,-1,1]",t^8+44t^6+116t^4+32t^2,"[-2,-1,-1,0,0,1,1,2,2,2,1,2,1,2,1,-1,0,0,1,2,2,1,0,0,1,1,-1,0,0,0,1,0,1,-1,0,2]","[-2,-1,-1,0,0,1,1,2,0,2,0,1,1,2,1,1,0,1,0,1,1,0,0,1,2,2,1,1,0,1,0,0,2,-1,2,2]","[-2,-1,-1,0,0,1,1,2,-1,-1,0,1,1,2,3,-1,1,0,1,2,2,1,1,0,1,1,-1,1,0,1,1,1,2,-1,-1,1]",c,"[[{8, 3}, {1, 7}, {5, 6}, {2, 4}], [{8, 3}, {1, 7}, {5, 6}, {4}, {2}]]",1,4 K_1^3 - 20 K_1^2 - 16 K_1 K_2 + 5 K_1 + 10 K_2 + 7 K_3 + 11,O1O2O3O4U5U6O5U3O7O8U7U4U8U1O6U2,O1O2O3O4U2U4O5U6O7O6U3U5U8U1O8U7,O1O2O3O4U5O6U4U6U7U2O8O5U8O7U1U3,c,{'O1O2O3O4U3O5U4U6U1U7O6O7U2O8U5U8'},1,"<a href=""/flatknot/8.733685"">8.733685</a>",t^9-44t^7-140t^6-56t^5+212t^4+156t^3-16t^2,0,,
8.733686,O1O2O3O4U3O5U4U6U1U7O6O7U5O8U2U8,3,4z^2+81z+147,4w^3z^2+81w^2z+147w,False,False,"[[ 0 -1  0 -1  0  2 -2  1  1],[ 1  0  1 -1  1  1  1  2  1],[ 0 -1  0 -1  0  1 -1  1  1],[ 1  1  1  0  1  1  1  1  0],[ 0 -1  0 -1  0  1  0  0  0],[-2 -1 -1 -1 -1  0 -3 -1  0],[ 2 -1  1 -1  0  3  0  2  1],[-1 -2 -1 -1  0  1 -2  0  1],[-1 -1 -1  0  0  0 -1 -1  0]]","[[ 0  2  1  1  0  0 -1 -1 -2],[-2  0  0 -1 -1 -1 -1 -1 -3],[-1  0  0 -1  0 -1  0 -1 -1],[-1  1  1  0  0 -1 -1 -2 -2],[ 0  1  0  0  0  0 -1 -1  0],[ 0  1  1  1  0  0 -1 -1 -1],[ 1  1  0  1  1  1  0  1  1],[ 1  1  1  2  1  1 -1  0  1],[ 2  3  1  2  0  1 -1 -1  0]]",True,"[-2,-1,-1,0,0,1,1,2,0,1,1,1,1,1,3,1,0,1,0,1,1,0,1,1,2,2,0,1,1,0,1,1,1,-1,-1,-1]","[-2,-1,-1,0,0,1,1,2,-1,-1,0,1,1,2,3,-1,1,1,1,2,1,1,1,0,1,1,0,0,0,1,1,1,1,-1,0,1]",t^8+36t^6+91t^4+50t^2,"[-2,-1,-1,0,0,1,1,2,2,2,1,2,1,2,1,-1,0,0,1,2,2,0,0,0,1,2,0,0,0,1,1,1,1,-1,0,1]","[-2,-1,-1,0,0,1,1,2,0,1,1,1,2,2,1,1,0,1,0,1,1,0,1,1,2,2,0,0,0,1,0,0,2,-1,2,2]","[-2,-1,-1,0,0,1,1,2,-1,-1,0,1,1,2,3,-1,1,1,1,2,1,1,1,0,1,1,0,0,0,1,1,1,1,-1,0,1]",c,"[[{8, 1}, {3, 7}, {5, 6}, {2, 4}], [{8, 1}, {3, 7}, {5, 6}, {4}, {2}], [{8, 3}, {1, 7}, {5, 6}, {2, 4}], [{8, 3}, {1, 7}, {5, 6}, {4}, {2}]]",1,4 K_1^3 + 4 K_1^2 K_2 - 44 K_1^2 - 28 K_1 K_2 - 4 K_1 K_3 + 11 K_1 - 4 K_2^2 + 22 K_2 + 13 K_3 + 3 K_4 + 24,O1O2O3O4U5U3O5U6O7O8U7U4U8U1O6U2,O1O2O3O4U2U4O5U6O7O6U3U7U8U1O8U5,O1O2O3O4U5O6U4U6U7U2O8O7U8O5U1U3,c,{'O1O2O3O4U3O5U4U6U1U7O6O7U5O8U2U8'},1,"<a href=""/flatknot/8.733686"">8.733686</a>",t^9-36t^7-104t^6-47t^5+88t^4+67t^3+32t^2+20t,0,,
8.733687,O1O2O3O4U3O5U4U6U1U7O6O8U2O7U5U8,4,2z^3+26z^2+97z+107,2w^4z^3+26w^3z^2+97w^2z+107w,False,False,"[[ 0 -1  0 -1  0  2 -2  1  1],[ 1  0  0 -1  1  2  1  1  2],[ 0  0  0 -1  1  1  0  1  1],[ 1  1  1  0  1  1  1  1  0],[ 0 -1 -1 -1  0  1  0  0  1],[-2 -2 -1 -1 -1  0 -3 -1  0],[ 2 -1  0 -1  0  3  0  2  2],[-1 -1 -1 -1  0  1 -2  0  1],[-1 -2 -1  0 -1  0 -2 -1  0]]","[[ 0  2  1  1  0  0 -1 -1 -2],[-2  0  0 -1 -1 -1 -1 -2 -3],[-1  0  0 -1 -1 -1  0 -2 -2],[-1  1  1  0  0 -1 -1 -1 -2],[ 0  1  1  0  0 -1 -1 -1  0],[ 0  1  1  1  1  0 -1  0  0],[ 1  1  0  1  1  1  0  1  1],[ 1  2  2  1  1  0 -1  0  1],[ 2  3  2  2  0  0 -1 -1  0]]",True,"[-2,-1,-1,0,0,1,1,2,0,1,1,1,1,2,3,1,1,1,0,2,2,0,1,1,1,2,1,1,1,0,1,0,0,-1,-1,-1]","[-2,-1,-1,0,0,1,1,2,-1,-1,0,0,2,2,3,-1,0,1,1,2,2,1,1,1,0,1,1,1,1,1,0,1,1,1,1,0]",t^8+42t^6+106t^4+42t^2+4,"[-2,-1,-1,0,0,1,1,2,2,2,2,2,1,1,1,-1,0,0,1,2,2,0,1,1,0,1,1,1,0,1,0,0,1,-1,0,1]","[-2,-1,-1,0,0,1,1,2,0,1,1,1,1,2,1,1,0,1,1,1,1,0,0,0,2,1,1,1,0,2,0,0,2,-1,2,2]","[-2,-1,-1,0,0,1,1,2,-1,-1,0,0,2,2,3,-1,0,1,1,2,2,1,1,1,0,1,1,1,1,1,0,1,1,1,1,0]",c,"[[{8, 1}, {3, 7}, {5, 6}, {2, 4}], [{8, 1}, {3, 7}, {5, 6}, {4}, {2}]]",1,8 K_1^3 - 20 K_1^2 - 16 K_1 K_2 + 2 K_1 + 10 K_2 + 6 K_3 + 11,O1O2O3O4U5U6O7U3O5O8U7U4U8U1O6U2,O1O2O3O4U2U5O6U4O7O5U3U6U8U1O8U7,O1O2O3O4U5O6U4U6U7U2O8O5U1O7U8U3,c,{'O1O2O3O4U3O5U4U6U1U7O6O8U2O7U5U8'},1,"<a href=""/flatknot/8.733687"">8.733687</a>",t^9-42t^7-102t^6+44t^5+230t^4+34t^3-104t^2-13t+10,0,,
8.733688,O1O2O3O4U3O5U4U6U1U7O6O8U2O7U8U5,4,23z^2+100z+109,23w^3z^2+100w^2z+109w,False,False,"[[ 0 -1  0 -1  0  3 -2  1  0],[ 1  0  0 -1  1  2  1  1  1],[ 0  0  0 -1  1  2  0  1  0],[ 1  1  1  0  1  1  1  1  0],[ 0 -1 -1 -1  0  1  0  0  0],[-3 -2 -2 -1 -1  0 -4 -1 -1],[ 2 -1  0 -1  0  4  0  2  1],[-1 -1 -1 -1  0  1 -2  0  0],[ 0 -1  0  0  0  1 -1  0  0]]","[[ 0  3  1  0  0  0 -1 -1 -2],[-3  0 -1 -1 -1 -2 -1 -2 -4],[-1  1  0  0  0 -1 -1 -1 -2],[ 0  1  0  0  0  0  0 -1 -1],[ 0  1  0  0  0 -1 -1 -1  0],[ 0  2  1  0  1  0 -1  0  0],[ 1  1  1  0  1  1  0  1  1],[ 1  2  1  1  1  0 -1  0  1],[ 2  4  2  1  0  0 -1 -1  0]]",True,"[-3,-1,0,0,0,1,1,2,1,1,1,2,1,2,4,0,0,1,1,1,2,0,0,0,1,1,1,1,1,0,1,0,0,-1,-1,-1]","[-3,-1,0,0,0,1,1,2,1,1,1,2,1,2,4,0,0,1,1,1,2,0,0,0,1,1,1,1,1,0,1,0,0,-1,-1,-1]",t^8+44t^6+114t^4+41t^2,"[-2,-1,-1,0,0,0,1,3,2,2,1,2,2,1,1,-1,1,0,0,1,3,0,0,1,1,2,0,0,1,2,1,1,2,0,1,1]","[-3,-1,0,0,0,1,1,2,1,1,2,2,2,3,1,0,1,1,1,1,1,0,1,1,0,2,0,0,1,1,0,0,2,-1,2,2]","[-2,-1,-1,0,0,0,1,3,-1,-1,0,0,1,2,4,-1,0,1,1,1,2,1,1,0,1,1,1,0,1,2,0,0,1,0,1,1]",c,"[[{8, 1}, {2, 7}, {3, 6}, {4, 5}], [{8, 1}, {2, 7}, {3, 6}, {5}, {4}], [{8, 1}, {2, 7}, {4, 6}, {3, 5}], [{8, 1}, {2, 7}, {5, 6}, {3, 4}], [{8, 1}, {2, 7}, {5, 6}, {4}, {3}], [{8, 1}, {2, 7}, {6}, {3, 5}, {4}], [{8, 1}, {3, 7}, {2, 6}, {4, 5}], [{8, 1}, {3, 7}, {2, 6}, {5}, {4}], [{8, 1}, {3, 7}, {4, 6}, {2, 5}], [{8, 1}, {3, 7}, {5, 6}, {2, 4}], [{8, 1}, {4, 7}, {2, 6}, {3, 5}], [{8, 1}, {4, 7}, {2, 6}, {5}, {3}], [{8, 1}, {4, 7}, {3, 6}, {2, 5}], [{8, 1}, {4, 7}, {5, 6}, {2, 3}], [{8, 1}, {4, 7}, {6}, {3, 5}, {2}], [{8, 1}, {5, 7}, {2, 6}, {3, 4}], [{8, 1}, {5, 7}, {3, 6}, {2, 4}], [{8, 1}, {5, 7}, {4, 6}, {2, 3}], [{8, 1}, {5, 7}, {4, 6}, {3}, {2}], [{8, 1}, {6, 7}, {2, 5}, {3, 4}], [{8, 1}, {6, 7}, {3, 5}, {2, 4}], [{8, 1}, {6, 7}, {4, 5}, {2, 3}], [{8, 1}, {7}, {2, 6}, {5}, {3, 4}], [{8, 1}, {7}, {5, 6}, {3, 4}, {2}], [{8, 1}, {7}, {6}, {2, 5}, {3, 4}], [{8, 1}, {7}, {6}, {3, 5}, {2, 4}], [{8, 2}, {1, 7}, {3, 6}, {4, 5}], [{8, 2}, {1, 7}, {4, 6}, {3, 5}], [{8, 2}, {1, 7}, {5, 6}, {3, 4}], [{8, 2}, {3, 7}, {1, 6}, {4, 5}], [{8, 2}, {3, 7}, {1, 6}, {5}, {4}], [{8, 2}, {3, 7}, {4, 6}, {1, 5}], [{8, 2}, {3, 7}, {5, 6}, {1, 4}], [{8, 2}, {3, 7}, {5, 6}, {4}, {1}], [{8, 2}, {3, 7}, {6}, {1, 5}, {4}], [{8, 2}, {4, 7}, {1, 6}, {3, 5}], [{8, 2}, {4, 7}, {1, 6}, {5}, {3}], [{8, 2}, {4, 7}, {3, 6}, {1, 5}], [{8, 2}, {4, 7}, {5, 6}, {1, 3}], [{8, 2}, {5, 7}, {1, 6}, {3, 4}], [{8, 2}, {5, 7}, {3, 6}, {1, 4}], [{8, 2}, {5, 7}, {4, 6}, {1, 3}], [{8, 2}, {5, 7}, {6}, {4}, {1, 3}], [{8, 2}, {6, 7}, {1, 5}, {3, 4}], [{8, 2}, {6, 7}, {3, 5}, {1, 4}], [{8, 2}, {6, 7}, {3, 5}, {4}, {1}], [{8, 2}, {6, 7}, {4, 5}, {1, 3}], [{8, 2}, {7}, {1, 6}, {5}, {3, 4}], [{8, 2}, {7}, {4, 6}, {1, 5}, {3}], [{8, 2}, {7}, {6}, {3, 5}, {1, 4}], [{8, 3}, {1, 7}, {2, 6}, {4, 5}], [{8, 3}, {1, 7}, {4, 6}, {2, 5}], [{8, 3}, {1, 7}, {5, 6}, {2, 4}], [{8, 3}, {1, 7}, {5, 6}, {4}, {2}], [{8, 3}, {2, 7}, {1, 6}, {4, 5}], [{8, 3}, {2, 7}, {4, 6}, {1, 5}], [{8, 3}, {2, 7}, {5, 6}, {1, 4}], [{8, 3}, {4, 7}, {1, 6}, {2, 5}], [{8, 3}, {4, 7}, {2, 6}, {1, 5}], [{8, 3}, {4, 7}, {2, 6}, {5}, {1}], [{8, 3}, {4, 7}, {5, 6}, {1, 2}], [{8, 3}, {5, 7}, {1, 6}, {2, 4}], [{8, 3}, {5, 7}, {2, 6}, {1, 4}], [{8, 3}, {5, 7}, {2, 6}, {4}, {1}], [{8, 3}, {5, 7}, {4, 6}, {1, 2}], [{8, 3}, {6, 7}, {1, 5}, {2, 4}], [{8, 3}, {6, 7}, {2, 5}, {1, 4}], [{8, 3}, {6, 7}, {4, 5}, {1, 2}], [{8, 3}, {7}, {1, 6}, {5}, {2, 4}], [{8, 3}, {7}, {2, 6}, {4, 5}, {1}], [{8, 3}, {7}, {4, 6}, {1, 5}, {2}], [{8, 4}, {1, 7}, {2, 6}, {3, 5}], [{8, 4}, {1, 7}, {3, 6}, {2, 5}], [{8, 4}, {1, 7}, {5, 6}, {2, 3}], [{8, 4}, {2, 7}, {1, 6}, {3, 5}], [{8, 4}, {2, 7}, {3, 6}, {1, 5}], [{8, 4}, {2, 7}, {5, 6}, {1, 3}], [{8, 4}, {2, 7}, {6}, {1, 5}, {3}], [{8, 4}, {2, 7}, {6}, {3, 5}, {1}], [{8, 4}, {2, 7}, {6}, {5}, {1, 3}], [{8, 4}, {3, 7}, {1, 6}, {2, 5}], [{8, 4}, {3, 7}, {2, 6}, {1, 5}], [{8, 4}, {3, 7}, {5, 6}, {1, 2}], [{8, 4}, {5, 7}, {1, 6}, {2, 3}], [{8, 4}, {5, 7}, {2, 6}, {1, 3}], [{8, 4}, {5, 7}, {3, 6}, {1, 2}], [{8, 4}, {5, 7}, {6}, {3}, {1, 2}], [{8, 4}, {6, 7}, {1, 5}, {2, 3}], [{8, 4}, {6, 7}, {2, 5}, {1, 3}], [{8, 4}, {6, 7}, {3, 5}, {1, 2}], [{8, 5}, {1, 7}, {2, 6}, {3, 4}], [{8, 5}, {1, 7}, {3, 6}, {2, 4}], [{8, 5}, {1, 7}, {3, 6}, {4}, {2}], [{8, 5}, {1, 7}, {4, 6}, {2, 3}], [{8, 5}, {1, 7}, {4, 6}, {3}, {2}], [{8, 5}, {1, 7}, {6}, {3, 4}, {2}], [{8, 5}, {2, 7}, {1, 6}, {3, 4}], [{8, 5}, {2, 7}, {3, 6}, {1, 4}], [{8, 5}, {2, 7}, {4, 6}, {1, 3}], [{8, 5}, {3, 7}, {1, 6}, {2, 4}], [{8, 5}, {3, 7}, {2, 6}, {1, 4}], [{8, 5}, {3, 7}, {4, 6}, {1, 2}], [{8, 5}, {3, 7}, {6}, {2, 4}, {1}], [{8, 5}, {4, 7}, {1, 6}, {2, 3}], [{8, 5}, {4, 7}, {2, 6}, {1, 3}], [{8, 5}, {4, 7}, {3, 6}, {1, 2}], [{8, 5}, {6, 7}, {1, 4}, {2, 3}], [{8, 5}, {6, 7}, {2, 4}, {1, 3}], [{8, 5}, {6, 7}, {3, 4}, {1, 2}], [{8, 5}, {6, 7}, {4}, {2, 3}, {1}], [{8, 5}, {7}, {1, 6}, {2, 4}, {3}], [{8, 5}, {7}, {2, 6}, {3, 4}, {1}], [{8, 6}, {1, 7}, {2, 5}, {3, 4}], [{8, 6}, {1, 7}, {3, 5}, {2, 4}], [{8, 6}, {1, 7}, {3, 5}, {4}, {2}], [{8, 6}, {1, 7}, {4, 5}, {2, 3}], [{8, 6}, {1, 7}, {5}, {2, 4}, {3}], [{8, 6}, {2, 7}, {1, 5}, {3, 4}], [{8, 6}, {2, 7}, {1, 5}, {4}, {3}], [{8, 6}, {2, 7}, {3, 5}, {1, 4}], [{8, 6}, {2, 7}, {3, 5}, {4}, {1}], [{8, 6}, {2, 7}, {4, 5}, {1, 3}], [{8, 6}, {2, 7}, {5}, {4}, {1, 3}], [{8, 6}, {3, 7}, {1, 5}, {2, 4}], [{8, 6}, {3, 7}, {2, 5}, {1, 4}], [{8, 6}, {3, 7}, {4, 5}, {1, 2}], [{8, 6}, {4, 7}, {1, 5}, {2, 3}], [{8, 6}, {4, 7}, {2, 5}, {1, 3}], [{8, 6}, {4, 7}, {3, 5}, {1, 2}], [{8, 6}, {4, 7}, {3, 5}, {2}, {1}], [{8, 6}, {5, 7}, {1, 4}, {2, 3}], [{8, 6}, {5, 7}, {2, 4}, {1, 3}], [{8, 6}, {5, 7}, {3, 4}, {1, 2}], [{8, 6}, {7}, {3, 5}, {1, 4}, {2}], [{8, 6}, {7}, {3, 5}, {2, 4}, {1}], [{8, 6}, {7}, {3, 5}, {4}, {1, 2}], [{8, 6}, {7}, {3, 5}, {4}, {2}, {1}], [{8, 6}, {7}, {4, 5}, {3}, {1, 2}], [{8, 6}, {7}, {5}, {3, 4}, {1, 2}], [{8, 7}, {1, 6}, {2, 5}, {3, 4}], [{8, 7}, {1, 6}, {3, 5}, {2, 4}], [{8, 7}, {1, 6}, {4, 5}, {2, 3}], [{8, 7}, {2, 6}, {1, 5}, {3, 4}], [{8, 7}, {2, 6}, {3, 5}, {1, 4}], [{8, 7}, {2, 6}, {3, 5}, {4}, {1}], [{8, 7}, {2, 6}, {4, 5}, {1, 3}], [{8, 7}, {3, 6}, {1, 5}, {2, 4}], [{8, 7}, {3, 6}, {2, 5}, {1, 4}], [{8, 7}, {3, 6}, {2, 5}, {4}, {1}], [{8, 7}, {3, 6}, {4, 5}, {1, 2}], [{8, 7}, {4, 6}, {1, 5}, {2, 3}], [{8, 7}, {4, 6}, {1, 5}, {3}, {2}], [{8, 7}, {4, 6}, {2, 5}, {1, 3}], [{8, 7}, {4, 6}, {3, 5}, {1, 2}], [{8, 7}, {5, 6}, {1, 4}, {2, 3}], [{8, 7}, {5, 6}, {2, 4}, {1, 3}], [{8, 7}, {5, 6}, {2, 4}, {3}, {1}], [{8, 7}, {5, 6}, {3, 4}, {1, 2}], [{8, 7}, {6}, {3, 5}, {1, 4}, {2}], [{8}, {2, 7}, {1, 6}, {3, 5}, {4}], [{8}, {2, 7}, {4, 6}, {1, 5}, {3}], [{8}, {2, 7}, {4, 6}, {3, 5}, {1}], [{8}, {2, 7}, {4, 6}, {5}, {1, 3}], [{8}, {2, 7}, {6}, {3, 5}, {1, 4}], [{8}, {2, 7}, {6}, {3, 5}, {4}, {1}], [{8}, {3, 7}, {1, 6}, {4, 5}, {2}], [{8}, {3, 7}, {4, 6}, {1, 5}, {2}], [{8}, {3, 7}, {5, 6}, {1, 4}, {2}], [{8}, {4, 7}, {1, 6}, {3, 5}, {2}], [{8}, {4, 7}, {2, 6}, {5}, {1, 3}], [{8}, {4, 7}, {5, 6}, {1, 3}, {2}], [{8}, {4, 7}, {5, 6}, {2, 3}, {1}], [{8}, {4, 7}, {5, 6}, {3}, {1, 2}], [{8}, {4, 7}, {6}, {2, 5}, {1, 3}], [{8}, {6, 7}, {2, 5}, {1, 4}, {3}], [{8}, {6, 7}, {3, 5}, {1, 4}, {2}], [{8}, {6, 7}, {4, 5}, {1, 3}, {2}], [{8}, {6, 7}, {5}, {1, 4}, {2, 3}], [{8}, {7}, {1, 6}, {3, 5}, {2, 4}], [{8}, {7}, {2, 6}, {1, 5}, {3, 4}], [{8}, {7}, {2, 6}, {3, 5}, {1, 4}], [{8}, {7}, {3, 6}, {1, 5}, {2, 4}], [{8}, {7}, {4, 6}, {1, 5}, {2, 3}], [{8}, {7}, {4, 6}, {1, 5}, {3}, {2}]]",2,20 K_1^3 + 4 K_1^2 K_2 - 18 K_1^2 - 14 K_1 K_2 - 4 K_1 K_3 - 8 K_1 + 9 K_2 + 2 K_3 + K_4 + 9,O1O2O3O4U5U6O7U3O6O8U7U4U8U1O5U2,O1O2O3O4U2U5O6U4O5O7U3U6U8U1O8U7,O1O2O3O4U5O6U4U6U7U2O5O8U1O7U8U3,c,{'O1O2O3O4U3O5U4U6U1U7O6O8U2O7U8U5'},1,"<a href=""/flatknot/8.733688"">8.733688</a>",t^9-40t^7-104t^6+3t^5+208t^4+145t^3-4t^2-t+14,-t^3+t^2+t,,
8.733689,O1O2O3O4U3O5U4U6U1U7O6O8U5O7U2U8,4,3z^3+32z^2+104z+105,3w^4z^3+32w^3z^2-4w^3z+108w^2z+105w,False,False,"[[ 0 -1  0 -1  0  2 -2  1  1],[ 1  0  1 -1  1  1  1  1  2],[ 0 -1  0 -1  0  2 -1  0  1],[ 1  1  1  0  1  1  1  1  0],[ 0 -1  0 -1  0  1  0 -1  1],[-2 -1 -2 -1 -1  0 -2 -1  0],[ 2 -1  1 -1  0  2  0  2  2],[-1 -1  0 -1  1  1 -2  0  1],[-1 -2 -1  0 -1  0 -2 -1  0]]","[[ 0  2  1  1  0  0 -1 -1 -2],[-2  0  0 -1 -1 -2 -1 -1 -2],[-1  0  0 -1 -1 -1  0 -2 -2],[-1  1  1  0  1  0 -1 -1 -2],[ 0  1  1 -1  0  0 -1 -1  0],[ 0  2  1  0  0  0 -1 -1 -1],[ 1  1  0  1  1  1  0  1  1],[ 1  1  2  1  1  1 -1  0  1],[ 2  2  2  2  0  1 -1 -1  0]]",True,"[-2,-1,-1,0,0,1,1,2,0,1,1,2,1,1,2,1,1,1,0,2,2,-1,0,1,1,2,0,1,1,0,1,1,1,-1,-1,-1]","[-2,-1,-1,0,0,1,1,2,-1,-1,0,1,2,2,2,-1,1,1,1,2,1,1,1,1,0,1,0,-1,1,1,0,1,2,1,1,0]",t^8+38t^6+155t^4+154t^2+4,"[-2,-1,-1,0,0,1,1,2,2,2,1,2,1,1,2,-1,0,0,1,2,2,0,0,1,0,2,0,1,0,0,2,0,1,-1,0,1]","[-2,-1,-1,0,0,1,1,2,0,1,0,1,2,2,2,1,1,2,1,1,1,0,0,0,2,1,0,0,0,1,0,0,2,-1,2,2]","[-2,-1,-1,0,0,1,1,2,-1,-1,0,1,2,2,2,-1,1,1,1,2,1,1,1,1,0,1,0,-1,1,1,0,1,2,1,1,0]",c,"[[{8, 1}, {2, 7}, {3, 6}, {4, 5}], [{8, 1}, {2, 7}, {4, 6}, {3, 5}], [{8, 1}, {2, 7}, {5, 6}, {3, 4}], [{8, 1}, {2, 7}, {6}, {4, 5}, {3}], [{8, 1}, {3, 7}, {2, 6}, {4, 5}], [{8, 1}, {3, 7}, {4, 6}, {2, 5}], [{8, 1}, {3, 7}, {5, 6}, {2, 4}], [{8, 1}, {3, 7}, {5, 6}, {4}, {2}], [{8, 1}, {4, 7}, {2, 6}, {3, 5}], [{8, 1}, {4, 7}, {3, 6}, {2, 5}], [{8, 1}, {4, 7}, {5, 6}, {2, 3}], [{8, 1}, {4, 7}, {6}, {2, 5}, {3}], [{8, 1}, {5, 7}, {2, 6}, {3, 4}], [{8, 1}, {5, 7}, {3, 6}, {2, 4}], [{8, 1}, {5, 7}, {3, 6}, {4}, {2}], [{8, 1}, {5, 7}, {4, 6}, {2, 3}], [{8, 1}, {6, 7}, {2, 5}, {3, 4}], [{8, 1}, {6, 7}, {2, 5}, {4}, {3}], [{8, 1}, {6, 7}, {3, 5}, {2, 4}], [{8, 1}, {6, 7}, {3, 5}, {4}, {2}], [{8, 1}, {6, 7}, {4, 5}, {2, 3}], [{8, 1}, {6, 7}, {4, 5}, {3}, {2}], [{8, 1}, {6, 7}, {5}, {2, 4}, {3}], [{8, 1}, {6, 7}, {5}, {3, 4}, {2}], [{8, 1}, {6, 7}, {5}, {4}, {2, 3}], [{8, 1}, {6, 7}, {5}, {4}, {3}, {2}], [{8, 1}, {7}, {2, 6}, {4, 5}, {3}], [{8, 1}, {7}, {4, 6}, {2, 5}, {3}], [{8, 2}, {1, 7}, {3, 6}, {4, 5}], [{8, 2}, {1, 7}, {4, 6}, {3, 5}], [{8, 2}, {1, 7}, {5, 6}, {3, 4}], [{8, 2}, {1, 7}, {5, 6}, {4}, {3}], [{8, 2}, {3, 7}, {1, 6}, {4, 5}], [{8, 2}, {3, 7}, {4, 6}, {1, 5}], [{8, 2}, {3, 7}, {5, 6}, {1, 4}], [{8, 2}, {3, 7}, {5, 6}, {4}, {1}], [{8, 2}, {3, 7}, {6}, {5}, {1, 4}], [{8, 2}, {4, 7}, {1, 6}, {3, 5}], [{8, 2}, {4, 7}, {3, 6}, {1, 5}], [{8, 2}, {4, 7}, {5, 6}, {1, 3}], [{8, 2}, {5, 7}, {1, 6}, {3, 4}], [{8, 2}, {5, 7}, {3, 6}, {1, 4}], [{8, 2}, {5, 7}, {4, 6}, {1, 3}], [{8, 2}, {5, 7}, {6}, {4}, {1, 3}], [{8, 2}, {6, 7}, {1, 5}, {3, 4}], [{8, 2}, {6, 7}, {3, 5}, {1, 4}], [{8, 2}, {6, 7}, {4, 5}, {1, 3}], [{8, 2}, {6, 7}, {5}, {1, 4}, {3}], [{8, 2}, {6, 7}, {5}, {3, 4}, {1}], [{8, 2}, {6, 7}, {5}, {4}, {1, 3}], [{8, 2}, {7}, {3, 6}, {5}, {1, 4}], [{8, 2}, {7}, {5, 6}, {4}, {1, 3}], [{8, 3}, {1, 7}, {2, 6}, {4, 5}], [{8, 3}, {1, 7}, {4, 6}, {2, 5}], [{8, 3}, {1, 7}, {5, 6}, {2, 4}], [{8, 3}, {1, 7}, {5, 6}, {4}, {2}], [{8, 3}, {2, 7}, {1, 6}, {4, 5}], [{8, 3}, {2, 7}, {4, 6}, {1, 5}], [{8, 3}, {2, 7}, {5, 6}, {1, 4}], [{8, 3}, {2, 7}, {6}, {4, 5}, {1}], [{8, 3}, {4, 7}, {1, 6}, {2, 5}], [{8, 3}, {4, 7}, {2, 6}, {1, 5}], [{8, 3}, {4, 7}, {5, 6}, {1, 2}], [{8, 3}, {4, 7}, {6}, {2, 5}, {1}], [{8, 3}, {5, 7}, {1, 6}, {2, 4}], [{8, 3}, {5, 7}, {1, 6}, {4}, {2}], [{8, 3}, {5, 7}, {2, 6}, {1, 4}], [{8, 3}, {5, 7}, {4, 6}, {1, 2}], [{8, 3}, {6, 7}, {1, 5}, {2, 4}], [{8, 3}, {6, 7}, {1, 5}, {4}, {2}], [{8, 3}, {6, 7}, {2, 5}, {1, 4}], [{8, 3}, {6, 7}, {2, 5}, {4}, {1}], [{8, 3}, {6, 7}, {4, 5}, {1, 2}], [{8, 3}, {6, 7}, {4, 5}, {2}, {1}], [{8, 3}, {6, 7}, {5}, {1, 4}, {2}], [{8, 3}, {6, 7}, {5}, {2, 4}, {1}], [{8, 3}, {6, 7}, {5}, {4}, {1, 2}], [{8, 3}, {6, 7}, {5}, {4}, {2}, {1}], [{8, 3}, {7}, {2, 6}, {4, 5}, {1}], [{8, 3}, {7}, {4, 6}, {2, 5}, {1}], [{8, 4}, {1, 7}, {2, 6}, {3, 5}], [{8, 4}, {1, 7}, {3, 6}, {2, 5}], [{8, 4}, {1, 7}, {5, 6}, {2, 3}], [{8, 4}, {2, 7}, {1, 6}, {3, 5}], [{8, 4}, {2, 7}, {3, 6}, {1, 5}], [{8, 4}, {2, 7}, {5, 6}, {1, 3}], [{8, 4}, {3, 7}, {1, 6}, {2, 5}], [{8, 4}, {3, 7}, {2, 6}, {1, 5}], [{8, 4}, {3, 7}, {5, 6}, {1, 2}], [{8, 4}, {5, 7}, {1, 6}, {2, 3}], [{8, 4}, {5, 7}, {2, 6}, {1, 3}], [{8, 4}, {5, 7}, {3, 6}, {1, 2}], [{8, 4}, {6, 7}, {1, 5}, {2, 3}], [{8, 4}, {6, 7}, {1, 5}, {3}, {2}], [{8, 4}, {6, 7}, {2, 5}, {1, 3}], [{8, 4}, {6, 7}, {2, 5}, {3}, {1}], [{8, 4}, {6, 7}, {3, 5}, {1, 2}], [{8, 4}, {6, 7}, {3, 5}, {2}, {1}], [{8, 4}, {6, 7}, {5}, {1, 3}, {2}], [{8, 4}, {6, 7}, {5}, {2, 3}, {1}], [{8, 4}, {6, 7}, {5}, {3}, {1, 2}], [{8, 4}, {6, 7}, {5}, {3}, {2}, {1}], [{8, 5}, {1, 7}, {2, 6}, {3, 4}], [{8, 5}, {1, 7}, {2, 6}, {4}, {3}], [{8, 5}, {1, 7}, {3, 6}, {2, 4}], [{8, 5}, {1, 7}, {4, 6}, {2, 3}], [{8, 5}, {1, 7}, {6}, {3, 4}, {2}], [{8, 5}, {2, 7}, {1, 6}, {3, 4}], [{8, 5}, {2, 7}, {3, 6}, {1, 4}], [{8, 5}, {2, 7}, {4, 6}, {1, 3}], [{8, 5}, {3, 7}, {1, 6}, {2, 4}], [{8, 5}, {3, 7}, {2, 6}, {1, 4}], [{8, 5}, {3, 7}, {4, 6}, {1, 2}], [{8, 5}, {3, 7}, {6}, {1, 4}, {2}], [{8, 5}, {4, 7}, {1, 6}, {2, 3}], [{8, 5}, {4, 7}, {2, 6}, {1, 3}], [{8, 5}, {4, 7}, {3, 6}, {1, 2}], [{8, 5}, {6, 7}, {1, 4}, {2, 3}], [{8, 5}, {6, 7}, {1, 4}, {3}, {2}], [{8, 5}, {6, 7}, {2, 4}, {1, 3}], [{8, 5}, {6, 7}, {3, 4}, {1, 2}], [{8, 5}, {6, 7}, {3, 4}, {2}, {1}], [{8, 5}, {6, 7}, {4}, {1, 3}, {2}], [{8, 5}, {7}, {1, 6}, {3, 4}, {2}], [{8, 5}, {7}, {3, 6}, {1, 4}, {2}], [{8, 6}, {1, 7}, {2, 5}, {3, 4}], [{8, 6}, {1, 7}, {3, 5}, {2, 4}], [{8, 6}, {1, 7}, {4, 5}, {2, 3}], [{8, 6}, {2, 7}, {1, 5}, {3, 4}], [{8, 6}, {2, 7}, {3, 5}, {1, 4}], [{8, 6}, {2, 7}, {4, 5}, {1, 3}], [{8, 6}, {3, 7}, {1, 5}, {2, 4}], [{8, 6}, {3, 7}, {2, 5}, {1, 4}], [{8, 6}, {3, 7}, {4, 5}, {1, 2}], [{8, 6}, {4, 7}, {1, 5}, {2, 3}], [{8, 6}, {4, 7}, {2, 5}, {1, 3}], [{8, 6}, {4, 7}, {3, 5}, {1, 2}], [{8, 6}, {4, 7}, {5}, {3}, {1, 2}], [{8, 6}, {5, 7}, {1, 4}, {2, 3}], [{8, 6}, {5, 7}, {2, 4}, {1, 3}], [{8, 6}, {5, 7}, {3, 4}, {1, 2}], [{8, 7}, {1, 6}, {2, 5}, {3, 4}], [{8, 7}, {1, 6}, {3, 5}, {2, 4}], [{8, 7}, {1, 6}, {4, 5}, {2, 3}], [{8, 7}, {2, 6}, {1, 5}, {3, 4}], [{8, 7}, {2, 6}, {3, 5}, {1, 4}], [{8, 7}, {2, 6}, {4, 5}, {1, 3}], [{8, 7}, {3, 6}, {1, 5}, {2, 4}], [{8, 7}, {3, 6}, {2, 5}, {1, 4}], [{8, 7}, {3, 6}, {4, 5}, {1, 2}], [{8, 7}, {4, 6}, {1, 5}, {2, 3}], [{8, 7}, {4, 6}, {2, 5}, {1, 3}], [{8, 7}, {4, 6}, {3, 5}, {1, 2}], [{8, 7}, {5, 6}, {1, 4}, {2, 3}], [{8, 7}, {5, 6}, {2, 4}, {1, 3}], [{8, 7}, {5, 6}, {2, 4}, {3}, {1}], [{8, 7}, {5, 6}, {3, 4}, {1, 2}], [{8}, {1, 7}, {5, 6}, {4}, {2, 3}], [{8}, {2, 7}, {6}, {3, 5}, {1, 4}], [{8}, {2, 7}, {6}, {4, 5}, {1, 3}], [{8}, {3, 7}, {5, 6}, {4}, {1, 2}], [{8}, {3, 7}, {6}, {2, 5}, {1, 4}], [{8}, {4, 7}, {2, 6}, {1, 5}, {3}], [{8}, {4, 7}, {6}, {2, 5}, {1, 3}], [{8}, {6, 7}, {1, 5}, {3, 4}, {2}], [{8}, {6, 7}, {2, 5}, {1, 4}, {3}], [{8}, {6, 7}, {2, 5}, {3, 4}, {1}], [{8}, {6, 7}, {2, 5}, {4}, {1, 3}], [{8}, {6, 7}, {3, 5}, {1, 4}, {2}], [{8}, {6, 7}, {4, 5}, {1, 3}, {2}], [{8}, {6, 7}, {5}, {1, 4}, {2, 3}], [{8}, {6, 7}, {5}, {1, 4}, {3}, {2}], [{8}, {6, 7}, {5}, {2, 4}, {1, 3}], [{8}, {6, 7}, {5}, {3, 4}, {1, 2}], [{8}, {6, 7}, {5}, {3, 4}, {2}, {1}], [{8}, {6, 7}, {5}, {4}, {1, 3}, {2}], [{8}, {7}, {2, 6}, {3, 5}, {1, 4}], [{8}, {7}, {2, 6}, {4, 5}, {1, 3}], [{8}, {7}, {3, 6}, {2, 5}, {1, 4}], [{8}, {7}, {4, 6}, {2, 5}, {1, 3}]]",2,- 8 K_1^4 + 16 K_1^3 + 12 K_1^2 K_2 - 20 K_1^2 - 12 K_1 K_2 - 4 K_1 K_3 - 6 K_1 - 2 K_2^2 + 10 K_2 + 2 K_3 + K_4 + 12,O1O2O3O4U5U3O6U7O5O8U6U4U8U1O7U2,O1O2O3O4U2U5O6U4O7O5U3U7U8U1O8U6,O1O2O3O4U5O6U4U6U7U2O8O7U1O5U8U3,c,{'O1O2O3O4U3O5U4U6U1U7O6O8U5O7U2U8'},1,"<a href=""/flatknot/8.733689"">8.733689</a>",t^9-38t^7-106t^6-5t^5+168t^4+24t^3-70t^2+10t,0,,
8.733690,O1O2O3O4U3O5U4U6U1U7O6O8U5O7U8U2,3,6z^2+71z+119,6w^3z^2+71w^2z+119w,False,False,"[[ 0 -1  1 -1  0  2 -2  1  0],[ 1  0  1 -1  1  1  1  1  1],[-1 -1  0 -1  0  1 -2  0  0],[ 1  1  1  0  1  1  1  1  0],[ 0 -1  0 -1  0  1  0 -1  1],[-2 -1 -1 -1 -1  0 -2 -1  0],[ 2 -1  2 -1  0  2  0  2  1],[-1 -1  0 -1  1  1 -2  0  0],[ 0 -1  0  0 -1  0 -1  0  0]]","[[ 0  2  1  1  0  0 -1 -1 -2],[-2  0 -1 -1  0 -1 -1 -1 -2],[-1  1  0  0  0  1 -1 -1 -2],[-1  1  0  0  0  0 -1 -1 -2],[ 0  0  0  0  0 -1  0 -1 -1],[ 0  1 -1  0  1  0 -1 -1  0],[ 1  1  1  1  0  1  0  1  1],[ 1  1  1  1  1  1 -1  0  1],[ 2  2  2  2  1  0 -1 -1  0]]",True,"[-2,-1,-1,0,0,1,1,2,1,1,0,1,1,1,2,0,0,-1,1,1,2,0,0,1,1,2,1,0,1,1,1,1,0,-1,-1,-1]","[-2,-1,-1,0,0,1,1,2,-1,-1,0,1,2,2,2,-1,1,1,1,1,1,1,0,1,1,1,1,-1,0,1,0,0,0,0,1,1]",t^8+30t^6+114t^4+47t^2,"[-2,-1,-1,0,0,1,1,2,2,2,1,2,1,1,2,-1,1,0,1,1,2,0,0,1,1,2,1,1,1,2,1,2,1,0,0,0]","[-2,-1,-1,0,0,1,1,2,0,0,1,2,2,2,2,0,1,1,1,1,1,2,1,1,1,1,1,0,0,2,0,1,1,-1,2,2]","[-2,-1,-1,0,0,1,1,2,-1,-1,0,1,2,2,2,-1,1,1,1,1,1,1,0,1,1,1,1,-1,0,1,0,0,0,0,1,1]",c,"[[{8, 4}, {3, 7}, {5, 6}, {1, 2}]]",1,- 16 K_1^2 - 8 K_1 K_2 + 4 K_1 + 8 K_2 + 4 K_3 + 9,O1O2O3O4U3U5O6U7O5O8U6U4U8U1O7U2,O1O2O3O4U2U5O6U4O5O7U3U7U8U1O8U6,O1O2O3O4U5O6U4U6U7U2O7O8U1O5U8U3,c,{'O1O2O3O4U3O5U4U6U1U7O6O8U5O7U8U2'},1,"<a href=""/flatknot/8.733690"">8.733690</a>",t^9-30t^7-74t^6-36t^5+28t^4+30t^3+24t^2+8t,0,,
8.733691,O1O2O3O4U3O5U4U6U2U1O6O7U5O8U7U8,4,25z^2+94z+89,25w^3z^2-16w^3z+110w^2z+89w,False,False,"[[ 0  0  0 -1  0  2 -2  0  1],[ 0  0  0 -1  1  2 -1  1  0],[ 0  0  0 -1  1  1  0  1  0],[ 1  1  1  0  1  1  1  0  0],[ 0 -1 -1 -1  0  1  0  1  0],[-2 -2 -1 -1 -1  0 -2  1  1],[ 2  1  0 -1  0  2  0  0  1],[ 0 -1 -1  0 -1 -1  0  0  1],[-1  0  0  0  0 -1 -1 -1  0]]","[[ 0  2  1  0  0  0  0 -1 -2],[-2  0  1  1 -1 -1 -2 -1 -2],[-1 -1  0 -1  0  0  0  0 -1],[ 0 -1  1  0 -1 -1 -1  0  0],[ 0  1  0  1  0  1  0 -1  0],[ 0  1  0  1 -1  0 -1 -1  0],[ 0  2  0  1  0  1  0 -1 -1],[ 1  1  0  0  1  1  1  0  1],[ 2  2  1  0  0  0  1 -1  0]]",True,"[-2,-1,0,0,0,0,1,2,-1,-1,1,1,2,1,2,1,0,0,0,0,1,1,1,1,0,0,-1,0,1,0,1,1,0,1,1,-1]","[-2,-1,0,0,0,0,1,2,-1,-1,1,1,2,1,2,1,0,0,0,0,1,1,1,1,0,0,-1,0,1,0,1,1,0,1,1,-1]",t^8+25t^6+88t^4+51t^2+4,"[-2,-1,0,0,0,0,1,2,2,1,2,2,2,2,2,0,0,0,1,2,2,-1,0,-1,1,0,1,-1,1,1,-1,1,1,0,3,2]","[-2,-1,0,0,0,0,1,2,2,0,1,1,3,2,2,1,1,1,0,2,2,0,1,1,0,1,1,1,0,2,1,0,2,1,2,2]","[-2,-1,0,0,0,0,1,2,-1,0,0,0,1,1,2,0,1,1,1,0,1,-1,-1,-1,1,-1,-1,-1,0,1,0,0,1,0,2,-1]",c,"[[{8, 3}, {1, 7}, {5, 6}, {2, 4}], [{8, 3}, {2, 7}, {5, 6}, {1, 4}], [{8, 3}, {4, 7}, {5, 6}, {1, 2}], [{8, 3}, {4, 7}, {5, 6}, {2}, {1}]]",1,20 K_1^3 - 8 K_1^2 - 16 K_1 K_2 - 7 K_1 + 4 K_2 + 3 K_3 + 5,O1O2O3O4U5U6O5U7O6O8U4U3U8U1O7U2,O1O2O3O4U2U5O6U7O5O7U4U3U8U1O8U6,O1O2O3O4U5O6U4U6U2U1O7O8U7O5U8U3,c,{'O1O2O3O4U3O5U4U6U2U1O6O7U5O8U7U8'},1,"<a href=""/flatknot/8.733691"">8.733691</a>",t^9-25t^7-50t^6+54t^5+188t^4+43t^3-150t^2-66t+20,0,,
8.733692,O1O2O3O4U3O5U4U6U2U7O6O8U5O7U1U8,3,15z^2+82z+105,15w^3z^2-16w^3z+98w^2z+105w,False,False,"[[ 0 -1  0 -1  0  2 -2  1  1],[ 1  0  0 -1  0  3 -1  1  1],[ 0  0  0 -1  1  1  0  0  1],[ 1  1  1  0  1  1  1  1  0],[ 0  0 -1 -1  0  1  0 -1  1],[-2 -3 -1 -1 -1  0 -2 -1  0],[ 2  1  0 -1  0  2  0  2  2],[-1 -1  0 -1  1  1 -2  0  1],[-1 -1 -1  0 -1  0 -2 -1  0]]","[[ 0  2  1  1  0  0 -1 -1 -2],[-2  0  0 -1 -1 -1 -1 -3 -2],[-1  0  0 -1 -1 -1  0 -1 -2],[-1  1  1  0  1  0 -1 -1 -2],[ 0  1  1 -1  0 -1 -1  0  0],[ 0  1  1  0  1  0 -1  0  0],[ 1  1  0  1  1  1  0  1  1],[ 1  3  1  1  0  0 -1  0 -1],[ 2  2  2  2  0  0 -1  1  0]]",True,"[-2,-1,-1,0,0,1,1,2,0,1,1,1,1,3,2,1,1,1,0,1,2,-1,0,1,1,2,1,1,0,0,1,0,0,-1,-1,1]","[-2,-1,-1,0,0,1,1,2,-1,1,0,0,2,2,2,1,1,1,0,1,1,0,0,1,1,3,-1,1,-1,1,1,0,1,-1,0,1]",t^8+38t^6+181t^4+195t^2,"[-2,-1,-1,0,0,1,1,2,0,2,2,2,1,1,2,1,1,1,1,1,0,0,0,1,2,2,-1,1,0,1,2,0,1,-1,0,1]","[-2,-1,-1,0,0,1,1,2,0,1,1,1,0,2,2,1,1,2,1,1,1,0,0,1,2,1,1,1,0,2,1,0,2,-1,0,2]","[-2,-1,-1,0,0,1,1,2,-1,1,0,0,2,2,2,1,1,1,0,1,1,0,0,1,1,3,-1,1,-1,1,1,0,1,-1,0,1]",c,"[[{8, 1}, {3, 7}, {5, 6}, {2, 4}], [{8, 1}, {3, 7}, {5, 6}, {4}, {2}], [{8, 3}, {1, 7}, {5, 6}, {2, 4}], [{8, 3}, {1, 7}, {5, 6}, {4}, {2}], [{8, 5}, {6, 7}, {3, 4}, {1, 2}]]",1,12 K_1^3 + 8 K_1^2 K_2 - 20 K_1^2 - 20 K_1 K_2 - 4 K_1 K_3 + K_1 - 4 K_2^2 + 8 K_2 + 7 K_3 + 2 K_4 + 11,O1O2O3O4U5U4O6U7O5O8U6U3U8U1O7U2,O1O2O3O4U2U5O6U4O7O5U7U3U8U1O8U6,O1O2O3O4U5O6U4U6U2U7O8O7U1O5U8U3,c,{'O1O2O3O4U3O5U4U6U2U7O6O8U5O7U1U8'},1,"<a href=""/flatknot/8.733692"">8.733692</a>",t^9-38t^7-84t^6+93t^5+290t^4-17t^3-220t^2-8t+8,0,,
8.733693,O1O2O3O4U3O5U4U6U7U1O6O7U5O8U2U8,4,21z^2+106z+129,21w^3z^2+106w^2z+129w,False,False,"[[ 0  0  0 -1  0  2 -2  0  1],[ 0  0  0 -1  1  0  0  1  1],[ 0  0  0 -1  0  1 -1  1  1],[ 1  1  1  0  1  1  1  1  0],[ 0 -1  0 -1  0  1  0  0  0],[-2  0 -1 -1 -1  0 -3 -1  0],[ 2  0  1 -1  0  3  0  1  1],[ 0 -1 -1 -1  0  1 -1  0  1],[-1 -1 -1  0  0  0 -1 -1  0]]","[[ 0  2  1  0  0  0  0 -1 -2],[-2  0  0  0 -1 -1 -1 -1 -3],[-1  0  0 -1  0 -1 -1  0 -1],[ 0  0  1  0  1  1  0 -1  0],[ 0  1  0 -1  0  0  0 -1  0],[ 0  1  1 -1  0  0 -1 -1 -1],[ 0  1  1  0  0  1  0 -1 -1],[ 1  1  0  1  1  1  1  0  1],[ 2  3  1  0  0  1  1 -1  0]]",True,"[-2,-1,0,0,0,0,1,2,0,0,1,1,1,1,3,1,0,1,1,0,1,-1,-1,0,1,0,0,0,1,0,1,1,1,1,1,-1]","[-2,-1,0,0,0,0,1,2,-1,0,0,1,1,1,3,1,1,1,1,0,1,-1,0,0,0,1,0,1,1,0,1,1,1,1,1,0]",t^8+27t^6+104t^4+64t^2+4,"[-2,-1,0,0,0,0,1,2,2,1,1,2,2,2,1,0,0,0,0,2,2,-1,0,0,0,1,0,1,0,1,1,1,1,0,2,1]","[-2,-1,0,0,0,0,1,2,1,1,1,1,2,2,1,0,0,1,0,2,2,-1,0,-1,0,1,0,0,0,1,-1,0,2,0,2,2]","[-2,-1,0,0,0,0,1,2,-1,0,0,1,1,1,3,1,1,1,1,0,1,-1,0,0,0,1,0,1,1,0,1,1,1,1,1,0]",c,"[[{8, 3}, {1, 7}, {5, 6}, {2, 4}], [{8, 5}, {1, 7}, {3, 6}, {2, 4}], [{8, 6}, {1, 7}, {3, 5}, {2, 4}]]",1,20 K_1^3 - 40 K_1^2 - 24 K_1 K_2 - 3 K_1 + 20 K_2 + 7 K_3 + 21,O1O2O3O4U5U3O5U6O7O8U4U7U8U1O6U2,O1O2O3O4U2U3O5U6O7O6U4U7U8U1O8U5,O1O2O3O4U5O6U4U6U7U1O8O7U8O5U2U3,c,{'O1O2O3O4U3O5U4U6U7U1O6O7U5O8U2U8'},1,"<a href=""/flatknot/8.733693"">8.733693</a>",t^9-27t^7-50t^6+62t^5+154t^4+8t^3-64t^2-60t-40,0,,
8.733694,O1O2O3O4U3O5U4U6U7U8O6O7U1O8U2U5,4,3z^3+33z^2+109z+111,3w^4z^3+33w^3z^2+109w^2z+111w,False,False,"[[ 0 -1  0 -1  0  3 -2  0  1],[ 1  0  0 -1  1  2  0  2  3],[ 0  0  0 -1  1  2 -2  0  2],[ 1  1  1  0  1  1  1  1  1],[ 0 -1 -1 -1  0  1  0  0  0],[-3 -2 -2 -1 -1  0 -5 -3 -1],[ 2  0  2 -1  0  5  0  1  1],[ 0 -2  0 -1  0  3 -1  0  0],[-1 -3 -2 -1  0  1 -1  0  0]]","[[ 0  3  1  0  0  0 -1 -1 -2],[-3  0 -1 -1 -2 -3 -1 -2 -5],[-1  1  0  0 -2  0 -1 -3 -1],[ 0  1  0  0 -1  0 -1 -1  0],[ 0  2  2  1  0  0 -1  0 -2],[ 0  3  0  0  0  0 -1 -2 -1],[ 1  1  1  1  1  1  0  1  1],[ 1  2  3  1  0  2 -1  0  0],[ 2  5  1  0  2  1 -1  0  0]]",True,"[-3,-1,0,0,0,1,1,2,1,1,2,3,1,2,5,0,2,0,1,3,1,1,0,1,1,0,0,1,0,2,1,2,1,-1,-1,0]","[-3,-1,0,0,0,1,1,2,1,0,1,2,2,3,0,1,-1,1,-1,1,2,0,0,-1,0,1,1,1,0,0,0,0,2,-1,1,2]",t^8+76t^6+758t^4+415t^2+4,"[-2,-1,-1,0,0,0,1,3,1,2,0,1,2,2,0,1,1,-1,0,-1,2,0,0,0,1,3,0,-1,-1,1,0,1,0,1,2,1]","[-3,-1,0,0,0,1,1,2,1,0,1,2,2,3,0,1,-1,1,-1,1,2,0,0,-1,0,1,1,1,0,0,0,0,2,-1,1,2]","[-2,-1,-1,0,0,0,1,3,-1,0,0,1,2,1,5,1,1,1,1,1,1,1,2,0,3,2,0,-1,0,1,0,0,3,2,2,1]",c,"[[{8, 1}, {2, 7}, {3, 6}, {4, 5}], [{8, 1}, {2, 7}, {3, 6}, {5}, {4}], [{8, 1}, {2, 7}, {4, 6}, {3, 5}], [{8, 1}, {2, 7}, {5, 6}, {3, 4}], [{8, 1}, {2, 7}, {5, 6}, {4}, {3}], [{8, 1}, {2, 7}, {6}, {3, 5}, {4}], [{8, 1}, {3, 7}, {2, 6}, {4, 5}], [{8, 1}, {3, 7}, {4, 6}, {2, 5}], [{8, 1}, {3, 7}, {5, 6}, {2, 4}], [{8, 1}, {4, 7}, {2, 6}, {3, 5}], [{8, 1}, {4, 7}, {3, 6}, {2, 5}], [{8, 1}, {4, 7}, {5, 6}, {2, 3}], [{8, 1}, {5, 7}, {2, 6}, {3, 4}], [{8, 1}, {5, 7}, {3, 6}, {2, 4}], [{8, 1}, {5, 7}, {4, 6}, {2, 3}], [{8, 1}, {5, 7}, {6}, {3, 4}, {2}], [{8, 1}, {6, 7}, {2, 5}, {3, 4}], [{8, 1}, {6, 7}, {3, 5}, {2, 4}], [{8, 1}, {6, 7}, {4, 5}, {2, 3}], [{8, 1}, {7}, {2, 6}, {5}, {3, 4}], [{8, 2}, {1, 7}, {3, 6}, {4, 5}], [{8, 2}, {1, 7}, {3, 6}, {5}, {4}], [{8, 2}, {1, 7}, {4, 6}, {3, 5}], [{8, 2}, {1, 7}, {5, 6}, {3, 4}], [{8, 2}, {1, 7}, {5, 6}, {4}, {3}], [{8, 2}, {1, 7}, {6}, {3, 5}, {4}], [{8, 2}, {3, 7}, {1, 6}, {4, 5}], [{8, 2}, {3, 7}, {4, 6}, {1, 5}], [{8, 2}, {3, 7}, {5, 6}, {1, 4}], [{8, 2}, {4, 7}, {1, 6}, {3, 5}], [{8, 2}, {4, 7}, {3, 6}, {1, 5}], [{8, 2}, {4, 7}, {5, 6}, {1, 3}], [{8, 2}, {4, 7}, {6}, {3, 5}, {1}], [{8, 2}, {5, 7}, {1, 6}, {3, 4}], [{8, 2}, {5, 7}, {3, 6}, {1, 4}], [{8, 2}, {5, 7}, {3, 6}, {4}, {1}], [{8, 2}, {5, 7}, {4, 6}, {1, 3}], [{8, 2}, {6, 7}, {1, 5}, {3, 4}], [{8, 2}, {6, 7}, {3, 5}, {1, 4}], [{8, 2}, {6, 7}, {4, 5}, {1, 3}], [{8, 2}, {6, 7}, {5}, {4}, {1, 3}], [{8, 2}, {7}, {3, 6}, {1, 5}, {4}], [{8, 2}, {7}, {6}, {3, 5}, {1, 4}], [{8, 3}, {1, 7}, {2, 6}, {4, 5}], [{8, 3}, {1, 7}, {4, 6}, {2, 5}], [{8, 3}, {1, 7}, {5, 6}, {2, 4}], [{8, 3}, {1, 7}, {6}, {5}, {2, 4}], [{8, 3}, {2, 7}, {1, 6}, {4, 5}], [{8, 3}, {2, 7}, {1, 6}, {5}, {4}], [{8, 3}, {2, 7}, {4, 6}, {1, 5}], [{8, 3}, {2, 7}, {5, 6}, {1, 4}], [{8, 3}, {2, 7}, {5, 6}, {4}, {1}], [{8, 3}, {2, 7}, {6}, {1, 5}, {4}], [{8, 3}, {4, 7}, {1, 6}, {2, 5}], [{8, 3}, {4, 7}, {1, 6}, {5}, {2}], [{8, 3}, {4, 7}, {2, 6}, {1, 5}], [{8, 3}, {4, 7}, {5, 6}, {1, 2}], [{8, 3}, {4, 7}, {5, 6}, {2}, {1}], [{8, 3}, {4, 7}, {6}, {1, 5}, {2}], [{8, 3}, {5, 7}, {1, 6}, {2, 4}], [{8, 3}, {5, 7}, {2, 6}, {1, 4}], [{8, 3}, {5, 7}, {4, 6}, {1, 2}], [{8, 3}, {5, 7}, {6}, {2, 4}, {1}], [{8, 3}, {6, 7}, {1, 5}, {2, 4}], [{8, 3}, {6, 7}, {2, 5}, {1, 4}], [{8, 3}, {6, 7}, {4, 5}, {1, 2}], [{8, 3}, {6, 7}, {5}, {2, 4}, {1}], [{8, 3}, {7}, {1, 6}, {5}, {2, 4}], [{8, 3}, {7}, {4, 6}, {2, 5}, {1}], [{8, 3}, {7}, {5, 6}, {2, 4}, {1}], [{8, 3}, {7}, {6}, {1, 5}, {2, 4}], [{8, 4}, {1, 7}, {2, 6}, {3, 5}], [{8, 4}, {1, 7}, {3, 6}, {2, 5}], [{8, 4}, {1, 7}, {5, 6}, {2, 3}], [{8, 4}, {2, 7}, {1, 6}, {3, 5}], [{8, 4}, {2, 7}, {3, 6}, {1, 5}], [{8, 4}, {2, 7}, {5, 6}, {1, 3}], [{8, 4}, {3, 7}, {1, 6}, {2, 5}], [{8, 4}, {3, 7}, {2, 6}, {1, 5}], [{8, 4}, {3, 7}, {5, 6}, {1, 2}], [{8, 4}, {5, 7}, {1, 6}, {2, 3}], [{8, 4}, {5, 7}, {2, 6}, {1, 3}], [{8, 4}, {5, 7}, {3, 6}, {1, 2}], [{8, 4}, {6, 7}, {1, 5}, {2, 3}], [{8, 4}, {6, 7}, {2, 5}, {1, 3}], [{8, 4}, {6, 7}, {3, 5}, {1, 2}], [{8, 4}, {6, 7}, {5}, {2, 3}, {1}], [{8, 4}, {7}, {5, 6}, {3}, {1, 2}], [{8, 5}, {1, 7}, {2, 6}, {3, 4}], [{8, 5}, {1, 7}, {3, 6}, {2, 4}], [{8, 5}, {1, 7}, {4, 6}, {2, 3}], [{8, 5}, {2, 7}, {1, 6}, {3, 4}], [{8, 5}, {2, 7}, {3, 6}, {1, 4}], [{8, 5}, {2, 7}, {4, 6}, {1, 3}], [{8, 5}, {3, 7}, {1, 6}, {2, 4}], [{8, 5}, {3, 7}, {2, 6}, {1, 4}], [{8, 5}, {3, 7}, {4, 6}, {1, 2}], [{8, 5}, {4, 7}, {1, 6}, {2, 3}], [{8, 5}, {4, 7}, {2, 6}, {1, 3}], [{8, 5}, {4, 7}, {3, 6}, {1, 2}], [{8, 5}, {6, 7}, {1, 4}, {2, 3}], [{8, 5}, {6, 7}, {2, 4}, {1, 3}], [{8, 5}, {6, 7}, {3, 4}, {1, 2}], [{8, 6}, {1, 7}, {2, 5}, {3, 4}], [{8, 6}, {1, 7}, {3, 5}, {2, 4}], [{8, 6}, {1, 7}, {4, 5}, {2, 3}], [{8, 6}, {1, 7}, {4, 5}, {3}, {2}], [{8, 6}, {2, 7}, {1, 5}, {3, 4}], [{8, 6}, {2, 7}, {3, 5}, {1, 4}], [{8, 6}, {2, 7}, {4, 5}, {1, 3}], [{8, 6}, {2, 7}, {5}, {1, 4}, {3}], [{8, 6}, {3, 7}, {1, 5}, {2, 4}], [{8, 6}, {3, 7}, {1, 5}, {4}, {2}], [{8, 6}, {3, 7}, {2, 5}, {1, 4}], [{8, 6}, {3, 7}, {4, 5}, {1, 2}], [{8, 6}, {4, 7}, {1, 5}, {2, 3}], [{8, 6}, {4, 7}, {1, 5}, {3}, {2}], [{8, 6}, {4, 7}, {2, 5}, {1, 3}], [{8, 6}, {4, 7}, {3, 5}, {1, 2}], [{8, 6}, {5, 7}, {1, 4}, {2, 3}], [{8, 6}, {5, 7}, {2, 4}, {1, 3}], [{8, 6}, {5, 7}, {3, 4}, {1, 2}], [{8, 6}, {7}, {1, 5}, {3, 4}, {2}], [{8, 6}, {7}, {2, 5}, {4}, {1, 3}], [{8, 6}, {7}, {3, 5}, {4}, {1, 2}], [{8, 7}, {1, 6}, {2, 5}, {3, 4}], [{8, 7}, {1, 6}, {3, 5}, {2, 4}], [{8, 7}, {1, 6}, {3, 5}, {4}, {2}], [{8, 7}, {1, 6}, {4, 5}, {2, 3}], [{8, 7}, {1, 6}, {5}, {2, 4}, {3}], [{8, 7}, {2, 6}, {1, 5}, {3, 4}], [{8, 7}, {2, 6}, {1, 5}, {4}, {3}], [{8, 7}, {2, 6}, {3, 5}, {1, 4}], [{8, 7}, {2, 6}, {4, 5}, {1, 3}], [{8, 7}, {2, 6}, {5}, {3, 4}, {1}], [{8, 7}, {3, 6}, {1, 5}, {2, 4}], [{8, 7}, {3, 6}, {2, 5}, {1, 4}], [{8, 7}, {3, 6}, {4, 5}, {1, 2}], [{8, 7}, {4, 6}, {1, 5}, {2, 3}], [{8, 7}, {4, 6}, {1, 5}, {3}, {2}], [{8, 7}, {4, 6}, {2, 5}, {1, 3}], [{8, 7}, {4, 6}, {3, 5}, {1, 2}], [{8, 7}, {5, 6}, {1, 4}, {2, 3}], [{8, 7}, {5, 6}, {2, 4}, {1, 3}], [{8, 7}, {5, 6}, {2, 4}, {3}, {1}], [{8, 7}, {5, 6}, {3, 4}, {1, 2}], [{8, 7}, {6}, {1, 5}, {2, 4}, {3}], [{8}, {1, 7}, {2, 6}, {5}, {3, 4}], [{8}, {1, 7}, {5, 6}, {3, 4}, {2}], [{8}, {1, 7}, {6}, {2, 5}, {3, 4}], [{8}, {2, 7}, {1, 6}, {4, 5}, {3}], [{8}, {2, 7}, {5, 6}, {4}, {1, 3}], [{8}, {3, 7}, {1, 6}, {5}, {2, 4}], [{8}, {3, 7}, {5, 6}, {2, 4}, {1}], [{8}, {3, 7}, {6}, {1, 5}, {2, 4}], [{8}, {4, 7}, {3, 6}, {1, 5}, {2}], [{8}, {6, 7}, {1, 5}, {4}, {2, 3}], [{8}, {6, 7}, {2, 5}, {3, 4}, {1}], [{8}, {7}, {1, 6}, {2, 5}, {3, 4}]]",2,- 8 K_1^4 + 24 K_1^3 + 8 K_1^2 K_2 - 28 K_1^2 - 18 K_1 K_2 - 2 K_1 K_3 - 9 K_1 + 15 K_2 + 3 K_3 + 16,O1O2O3O4U5U3O6U4O7O8U6U7U8U1O5U2,O1O2O3O4U2U3O5U4O6O7U5U6U8U1O8U7,O1O2O3O4U5O6U4U6U7U8O5O7U1O8U2U3,c,{'O1O2O3O4U3O5U4U6U7U8O6O7U1O8U2U5'},1,"<a href=""/flatknot/8.733694"">8.733694</a>",t^9-72t^7-194t^6+473t^5+1132t^4-1236t^3-790t^2+675t-402,-t^3+t^2+t,,
8.733695,O1O2O3O4U3O5U4U6U7U8O6O7U1O8U5U2,4,4z^3+37z^2+102z+89,4w^4z^3+37w^3z^2+102w^2z+89w,False,False,"[[ 0 -1  1 -1  0  2 -2  0  1],[ 1  0  1 -1  1  1  0  2  3],[-1 -1  0 -1  0  1 -3 -1  1],[ 1  1  1  0  1  1  1  1  1],[ 0 -1  0 -1  0  1  0  0  0],[-2 -1 -1 -1 -1  0 -4 -2  0],[ 2  0  3 -1  0  4  0  1  1],[ 0 -2  1 -1  0  2 -1  0  0],[-1 -3 -1 -1  0  0 -1  0  0]]","[[ 0  2  1  1  0  0 -1 -1 -2],[-2  0  0 -1 -1 -2 -1 -1 -4],[-1  0  0 -1  0  0 -1 -3 -1],[-1  1  1  0  0 -1 -1 -1 -3],[ 0  1  0  0  0  0 -1 -1  0],[ 0  2  0  1  0  0 -1 -2 -1],[ 1  1  1  1  1  1  0  1  1],[ 1  1  3  1  1  2 -1  0  0],[ 2  4  1  3  0  1 -1  0  0]]",True,"[-2,-1,-1,0,0,1,1,2,0,1,1,2,1,1,4,1,0,0,1,3,1,0,1,1,1,3,0,1,1,0,1,2,1,-1,-1,0]","[-2,-1,-1,0,0,1,1,2,-1,0,0,1,1,3,4,1,1,1,1,1,1,1,2,3,1,1,0,0,0,1,0,1,2,-1,0,1]",t^8+58t^6+497t^4+232t^2+4,"[-2,-1,-1,0,0,1,1,2,1,2,1,2,0,2,0,1,-1,0,1,-1,2,0,0,1,1,2,0,0,1,0,1,1,1,-1,0,1]","[-2,-1,-1,0,0,1,1,2,0,1,0,1,2,2,0,1,0,1,1,1,0,1,1,-1,1,2,0,-1,0,1,0,0,2,-1,1,2]","[-2,-1,-1,0,0,1,1,2,-1,0,0,1,1,3,4,1,1,1,1,1,1,1,2,3,1,1,0,0,0,1,0,1,2,-1,0,1]",c,"[[{8, 3}, {4, 7}, {5, 6}, {1, 2}], [{8, 3}, {7}, {5, 6}, {4}, {1, 2}]]",1,12 K_1^3 - 12 K_1^2 - 12 K_1 K_2 - 3 K_1 + 6 K_2 + 3 K_3 + 7,O1O2O3O4U3U5O6U4O7O8U6U7U8U1O5U2,O1O2O3O4U2U3O5U4O6O7U5U7U8U1O8U6,O1O2O3O4U5O6U4U6U7U8O7O5U1O8U2U3,c,{'O1O2O3O4U3O5U4U6U7U8O6O7U1O8U5U2'},1,"<a href=""/flatknot/8.733695"">8.733695</a>",t^9-58t^7-124t^6+361t^5+780t^4-84t^3-386t^2-29t+64,0,,
8.733696,O1O2O3O4U3O5U4U6U7U8O6O7U2O8U1U5,4,17z^2+86z+105,17w^3z^2+86w^2z+105w,False,False,"[[ 0 -1  0 -1  0  3 -2  0  1],[ 1  0  1 -1  1  3 -1  1  2],[ 0 -1  0 -1  1  1 -1  1  2],[ 1  1  1  0  1  1  1  1  1],[ 0 -1 -1 -1  0  1  0  0  0],[-3 -3 -1 -1 -1  0 -5 -3 -1],[ 2  1  1 -1  0  5  0  1  1],[ 0 -1 -1 -1  0  3 -1  0  0],[-1 -2 -2 -1  0  1 -1  0  0]]","[[ 0  3  1  0  0  0 -1 -1 -2],[-3  0 -1 -1 -1 -3 -1 -3 -5],[-1  1  0  0 -2  0 -1 -2 -1],[ 0  1  0  0 -1  0 -1 -1  0],[ 0  1  2  1  0  1 -1 -1 -1],[ 0  3  0  0 -1  0 -1 -1 -1],[ 1  1  1  1  1  1  0  1  1],[ 1  3  2  1  1  1 -1  0 -1],[ 2  5  1  0  1  1 -1  1  0]]",True,"[-3,-1,0,0,0,1,1,2,1,1,1,3,1,3,5,0,2,0,1,2,1,1,0,1,1,0,-1,1,1,1,1,1,1,-1,-1,1]","[-3,-1,0,0,0,1,1,2,1,0,2,2,1,3,0,1,-1,1,0,1,2,-1,0,0,0,1,1,0,0,1,0,0,2,-1,0,2]",t^8+70t^6+541t^4+132t^2,"[-2,-1,-1,0,0,0,1,3,0,2,1,1,2,2,0,1,0,0,0,0,1,0,0,0,1,3,-1,-1,-1,2,0,1,0,1,2,1]","[-3,-1,0,0,0,1,1,2,1,0,2,2,1,3,0,1,-1,1,0,1,2,-1,0,0,0,1,1,0,0,1,0,0,2,-1,0,2]","[-2,-1,-1,0,0,0,1,3,-1,1,0,1,1,1,5,1,1,1,1,1,1,1,1,1,2,3,-1,0,0,1,1,2,1,0,3,1]",c,"[[{8, 5}, {1, 7}, {3, 6}, {2, 4}]]",1,16 K_1^3 + 8 K_1^2 K_2 - 30 K_1^2 - 18 K_1 K_2 - 4 K_1 K_3 - 3 K_1 + 13 K_2 + 5 K_3 + 14,O1O2O3O4U5U4O6U3O7O8U6U7U8U1O5U2,O1O2O3O4U2U3O5U4O6O7U6U5U8U1O8U7,O1O2O3O4U5O6U4U6U7U8O5O8U1O7U2U3,c,{'O1O2O3O4U3O5U4U6U7U8O6O7U2O8U1U5'},1,"<a href=""/flatknot/8.733696"">8.733696</a>",t^9-66t^7-218t^6+20t^5+600t^4+283t^3-162t^2+64t+66,-t^3+t^2+t,,
8.733697,O1O2O3O4U3O5U4U6U7U8O6O7U5O8U1U2,4,5z^3+41z^2+111z+99,5w^4z^3+41w^3z^2+111w^2z+99w,False,False,"[[ 0 -1  1 -1  0  2 -2  0  1],[ 1  0  1 -1  0  2 -1  1  2],[-1 -1  0 -1  0  2 -3 -1  0],[ 1  1  1  0  1  1  1  1  1],[ 0  0  0 -1  0  1  0  0 -1],[-2 -2 -2 -1 -1  0 -3 -1  0],[ 2  1  3 -1  0  3  0  1  1],[ 0 -1  1 -1  0  1 -1  0  0],[-1 -2  0 -1  1  0 -1  0  0]]","[[ 0  2  1  1  0  0 -1 -1 -2],[-2  0  0 -2 -1 -1 -1 -2 -3],[-1  0  0  0  1  0 -1 -2 -1],[-1  2  0  0  0 -1 -1 -1 -3],[ 0  1 -1  0  0  0 -1  0  0],[ 0  1  0  1  0  0 -1 -1 -1],[ 1  1  1  1  1  1  0  1  1],[ 1  2  2  1  0  1 -1  0 -1],[ 2  3  1  3  0  1 -1  1  0]]",True,"[-2,-1,-1,0,0,1,1,2,0,2,1,1,1,2,3,0,-1,0,1,2,1,0,1,1,1,3,0,1,0,0,1,1,1,-1,-1,1]","[-2,-1,-1,0,0,1,1,2,-1,1,0,1,1,3,3,1,1,1,1,1,1,0,1,2,1,2,0,-1,0,1,0,1,1,0,0,2]",t^8+46t^6+237t^4+230t^2,"[-2,-1,-1,0,0,1,1,2,0,2,1,2,0,2,1,1,0,1,1,0,1,0,0,1,1,2,0,0,1,1,1,2,1,0,-1,1]","[-2,-1,-1,0,0,1,1,2,-1,1,1,1,1,2,1,0,0,1,1,1,0,1,2,0,1,2,0,0,0,1,1,0,2,-1,0,2]","[-2,-1,-1,0,0,1,1,2,-1,1,0,1,1,3,3,1,1,1,1,1,1,0,1,2,1,2,0,-1,0,1,0,1,1,0,0,2]",c,"[[{8, 3}, {4, 7}, {5, 6}, {1, 2}]]",1,32 K_1^3 - 24 K_1^2 - 24 K_1 K_2 - 12 K_1 + 12 K_2 + 4 K_3 + 13,O1O2O3O4U3U4O5U6O7O8U5U7U8U1O6U2,O1O2O3O4U2U3O5U4O6O7U6U7U8U1O8U5,O1O2O3O4U5O6U4U6U7U8O7O8U1O5U2U3,c,{'O1O2O3O4U3O5U4U6U7U8O6O7U5O8U1U2'},1,"<a href=""/flatknot/8.733697"">8.733697</a>",t^9-46t^7-134t^6+19t^5+362t^4+283t^3+90t^2+75t-18,0,,
8.733698,O1O2O3O4U3O5U4U6U7U1O6O8U2O7U5U8,4,17z^2+102z+137,17w^3z^2+102w^2z+137w,False,False,"[[ 0  0  0 -1  0  2 -2  0  1],[ 0  0  0 -1  1  1  0  0  1],[ 0  0  0 -1  1  1  0  1  1],[ 1  1  1  0  1  1  1  1  0],[ 0 -1 -1 -1  0  1  0  0  1],[-2 -1 -1 -1 -1  0 -3 -1  0],[ 2  0  0 -1  0  3  0  1  2],[ 0  0 -1 -1  0  1 -1  0  1],[-1 -1 -1  0 -1  0 -2 -1  0]]","[[ 0  2  1  0  0  0  0 -1 -2],[-2  0  0 -1 -1 -1 -1 -1 -3],[-1  0  0 -1 -1 -1 -1  0 -2],[ 0  1  1  0  1  1  0 -1  0],[ 0  1  1 -1  0  0  0 -1 -1],[ 0  1  1 -1  0  0 -1 -1  0],[ 0  1  1  0  0  1  0 -1  0],[ 1  1  0  1  1  1  1  0  1],[ 2  3  2  0  1  0  0 -1  0]]",True,"[-2,-1,0,0,0,0,1,2,0,1,1,1,1,1,3,1,1,1,1,0,2,-1,-1,0,1,0,0,0,1,1,1,1,0,1,0,-1]","[-2,-1,0,0,0,0,1,2,-1,0,0,0,1,2,3,1,1,1,1,0,1,-1,-1,0,1,1,0,0,1,1,1,1,1,1,1,0]",t^8+31t^6+80t^4+38t^2+4,"[-2,-1,0,0,0,0,1,2,2,1,2,2,2,1,1,0,0,0,0,2,2,0,0,1,0,1,-1,0,0,1,1,0,1,0,1,1]","[-2,-1,0,0,0,0,1,2,1,1,1,1,1,2,1,0,0,0,0,2,1,-1,-1,0,0,2,0,0,0,2,1,0,2,0,1,2]","[-2,-1,0,0,0,0,1,2,-1,0,0,0,1,2,3,1,1,1,1,0,1,-1,-1,0,1,1,0,0,1,1,1,1,1,1,1,0]",c,"[[{8, 3}, {1, 7}, {5, 6}, {2, 4}], [{8, 3}, {2, 7}, {5, 6}, {1, 4}], [{8, 3}, {2, 7}, {5, 6}, {4}, {1}], [{8, 3}, {4, 7}, {5, 6}, {1, 2}]]",1,- 24 K_1^2 - 12 K_1 K_2 + 6 K_1 + 12 K_2 + 6 K_3 + 13,O1O2O3O4U5U6O7U3O5O8U4U7U8U1O6U2,O1O2O3O4U2U5O6U3O7O5U4U6U8U1O8U7,O1O2O3O4U5O6U4U6U7U1O8O5U2O7U8U3,c,{'O1O2O3O4U3O5U4U6U7U1O6O8U2O7U5U8'},1,"<a href=""/flatknot/8.733698"">8.733698</a>",t^9-31t^7-48t^6+86t^5+132t^4-37t^3-32t^2-2t+4,0,,
8.733699,O1O2O3O4U3O5U4U6U7U1O6O8U2O7U8U5,4,3z^3+39z^2+111z+91,3w^4z^3+39w^3z^2+111w^2z+91w,False,False,"[[ 0  0  0 -1  0  3 -2  0  0],[ 0  0  0 -1  1  1  0  0  0],[ 0  0  0 -1  1  2  0  1  0],[ 1  1  1  0  1  1  1  1  0],[ 0 -1 -1 -1  0  1  0  0  0],[-3 -1 -2 -1 -1  0 -4 -1 -1],[ 2  0  0 -1  0  4  0  1  1],[ 0  0 -1 -1  0  1 -1  0  0],[ 0  0  0  0  0  1 -1  0  0]]","[[ 0  3  0  0  0  0  0 -1 -2],[-3  0 -1 -1 -1 -1 -2 -1 -4],[ 0  1  0  1  0  0  0 -1  0],[ 0  1 -1  0  0  0 -1 -1  0],[ 0  1  0  0  0  0  0  0 -1],[ 0  1  0  0  0  0 -1 -1 -1],[ 0  2  0  1  0  1  0 -1  0],[ 1  1  1  1  0  1  1  0  1],[ 2  4  0  0  1  1  0 -1  0]]",True,"[-3,0,0,0,0,0,1,2,1,1,1,1,2,1,4,-1,0,0,0,1,0,0,0,1,1,0,0,0,0,1,1,1,1,1,0,-1]","[-3,0,0,0,0,0,1,2,1,1,1,1,2,1,4,-1,0,0,0,1,0,0,0,1,1,0,0,0,0,1,1,1,1,1,0,-1]",t^8+35t^6+102t^4+36t^2+1,"[-2,-1,0,0,0,0,0,3,2,1,1,2,2,2,1,0,1,0,0,0,3,0,0,0,1,2,0,0,0,2,-1,0,2,1,2,1]","[-3,0,0,0,0,0,1,2,1,2,2,2,2,3,1,0,0,1,1,0,2,0,0,0,1,1,0,1,0,2,0,0,1,0,2,2]","[-2,-1,0,0,0,0,0,3,-1,0,0,0,1,1,4,1,1,1,0,1,1,-1,-1,0,0,1,0,0,0,1,0,1,2,0,1,1]",c,"[[{8, 1}, {2, 7}, {3, 6}, {4, 5}], [{8, 1}, {2, 7}, {3, 6}, {5}, {4}], [{8, 1}, {2, 7}, {4, 6}, {3, 5}], [{8, 1}, {2, 7}, {5, 6}, {3, 4}], [{8, 1}, {2, 7}, {5, 6}, {4}, {3}], [{8, 1}, {2, 7}, {6}, {3, 5}, {4}], [{8, 1}, {3, 7}, {2, 6}, {4, 5}], [{8, 1}, {3, 7}, {4, 6}, {2, 5}], [{8, 1}, {3, 7}, {5, 6}, {2, 4}], [{8, 1}, {4, 7}, {2, 6}, {3, 5}], [{8, 1}, {4, 7}, {3, 6}, {2, 5}], [{8, 1}, {4, 7}, {5, 6}, {2, 3}], [{8, 1}, {4, 7}, {6}, {2, 5}, {3}], [{8, 1}, {5, 7}, {2, 6}, {3, 4}], [{8, 1}, {5, 7}, {3, 6}, {2, 4}], [{8, 1}, {5, 7}, {4, 6}, {2, 3}], [{8, 1}, {6, 7}, {2, 5}, {3, 4}], [{8, 1}, {6, 7}, {3, 5}, {2, 4}], [{8, 1}, {6, 7}, {4, 5}, {2, 3}], [{8, 1}, {6, 7}, {4, 5}, {3}, {2}], [{8, 2}, {1, 7}, {3, 6}, {4, 5}], [{8, 2}, {1, 7}, {4, 6}, {3, 5}], [{8, 2}, {1, 7}, {5, 6}, {3, 4}], [{8, 2}, {3, 7}, {1, 6}, {4, 5}], [{8, 2}, {3, 7}, {4, 6}, {1, 5}], [{8, 2}, {3, 7}, {5, 6}, {1, 4}], [{8, 2}, {4, 7}, {1, 6}, {3, 5}], [{8, 2}, {4, 7}, {3, 6}, {1, 5}], [{8, 2}, {4, 7}, {5, 6}, {1, 3}], [{8, 2}, {5, 7}, {1, 6}, {3, 4}], [{8, 2}, {5, 7}, {3, 6}, {1, 4}], [{8, 2}, {5, 7}, {4, 6}, {1, 3}], [{8, 2}, {6, 7}, {1, 5}, {3, 4}], [{8, 2}, {6, 7}, {3, 5}, {1, 4}], [{8, 2}, {6, 7}, {4, 5}, {1, 3}], [{8, 2}, {6, 7}, {5}, {3, 4}, {1}], [{8, 2}, {7}, {1, 6}, {3, 5}, {4}], [{8, 2}, {7}, {3, 6}, {1, 5}, {4}], [{8, 2}, {7}, {5, 6}, {4}, {1, 3}], [{8, 3}, {1, 7}, {2, 6}, {4, 5}], [{8, 3}, {1, 7}, {4, 6}, {2, 5}], [{8, 3}, {1, 7}, {5, 6}, {2, 4}], [{8, 3}, {2, 7}, {1, 6}, {4, 5}], [{8, 3}, {2, 7}, {4, 6}, {1, 5}], [{8, 3}, {2, 7}, {5, 6}, {1, 4}], [{8, 3}, {2, 7}, {5, 6}, {4}, {1}], [{8, 3}, {2, 7}, {6}, {5}, {1, 4}], [{8, 3}, {4, 7}, {1, 6}, {2, 5}], [{8, 3}, {4, 7}, {2, 6}, {1, 5}], [{8, 3}, {4, 7}, {5, 6}, {1, 2}], [{8, 3}, {5, 7}, {1, 6}, {2, 4}], [{8, 3}, {5, 7}, {2, 6}, {1, 4}], [{8, 3}, {5, 7}, {4, 6}, {1, 2}], [{8, 3}, {6, 7}, {1, 5}, {2, 4}], [{8, 3}, {6, 7}, {2, 5}, {1, 4}], [{8, 3}, {6, 7}, {4, 5}, {1, 2}], [{8, 3}, {6, 7}, {5}, {4}, {1, 2}], [{8, 3}, {7}, {1, 6}, {2, 5}, {4}], [{8, 3}, {7}, {4, 6}, {1, 5}, {2}], [{8, 4}, {1, 7}, {2, 6}, {3, 5}], [{8, 4}, {1, 7}, {2, 6}, {5}, {3}], [{8, 4}, {1, 7}, {3, 6}, {2, 5}], [{8, 4}, {1, 7}, {5, 6}, {2, 3}], [{8, 4}, {2, 7}, {1, 6}, {3, 5}], [{8, 4}, {2, 7}, {1, 6}, {5}, {3}], [{8, 4}, {2, 7}, {3, 6}, {1, 5}], [{8, 4}, {2, 7}, {3, 6}, {5}, {1}], [{8, 4}, {2, 7}, {5, 6}, {1, 3}], [{8, 4}, {2, 7}, {5, 6}, {3}, {1}], [{8, 4}, {2, 7}, {6}, {1, 5}, {3}], [{8, 4}, {2, 7}, {6}, {3, 5}, {1}], [{8, 4}, {2, 7}, {6}, {5}, {1, 3}], [{8, 4}, {3, 7}, {1, 6}, {2, 5}], [{8, 4}, {3, 7}, {2, 6}, {1, 5}], [{8, 4}, {3, 7}, {5, 6}, {1, 2}], [{8, 4}, {3, 7}, {6}, {1, 5}, {2}], [{8, 4}, {5, 7}, {1, 6}, {2, 3}], [{8, 4}, {5, 7}, {2, 6}, {1, 3}], [{8, 4}, {5, 7}, {2, 6}, {3}, {1}], [{8, 4}, {5, 7}, {3, 6}, {1, 2}], [{8, 4}, {6, 7}, {1, 5}, {2, 3}], [{8, 4}, {6, 7}, {1, 5}, {3}, {2}], [{8, 4}, {6, 7}, {2, 5}, {1, 3}], [{8, 4}, {6, 7}, {3, 5}, {1, 2}], [{8, 4}, {7}, {1, 6}, {3, 5}, {2}], [{8, 4}, {7}, {2, 6}, {1, 5}, {3}], [{8, 4}, {7}, {3, 6}, {1, 5}, {2}], [{8, 4}, {7}, {5, 6}, {1, 3}, {2}], [{8, 4}, {7}, {6}, {1, 5}, {2, 3}], [{8, 4}, {7}, {6}, {1, 5}, {3}, {2}], [{8, 5}, {1, 7}, {2, 6}, {3, 4}], [{8, 5}, {1, 7}, {3, 6}, {2, 4}], [{8, 5}, {1, 7}, {4, 6}, {2, 3}], [{8, 5}, {1, 7}, {6}, {3, 4}, {2}], [{8, 5}, {2, 7}, {1, 6}, {3, 4}], [{8, 5}, {2, 7}, {3, 6}, {1, 4}], [{8, 5}, {2, 7}, {3, 6}, {4}, {1}], [{8, 5}, {2, 7}, {4, 6}, {1, 3}], [{8, 5}, {2, 7}, {6}, {1, 4}, {3}], [{8, 5}, {3, 7}, {1, 6}, {2, 4}], [{8, 5}, {3, 7}, {2, 6}, {1, 4}], [{8, 5}, {3, 7}, {4, 6}, {1, 2}], [{8, 5}, {4, 7}, {1, 6}, {2, 3}], [{8, 5}, {4, 7}, {2, 6}, {1, 3}], [{8, 5}, {4, 7}, {3, 6}, {1, 2}], [{8, 5}, {6, 7}, {1, 4}, {2, 3}], [{8, 5}, {6, 7}, {2, 4}, {1, 3}], [{8, 5}, {6, 7}, {3, 4}, {1, 2}], [{8, 5}, {6, 7}, {4}, {3}, {1, 2}], [{8, 5}, {7}, {1, 6}, {4}, {2, 3}], [{8, 5}, {7}, {2, 6}, {3, 4}, {1}], [{8, 6}, {1, 7}, {2, 5}, {3, 4}], [{8, 6}, {1, 7}, {3, 5}, {2, 4}], [{8, 6}, {1, 7}, {4, 5}, {2, 3}], [{8, 6}, {1, 7}, {5}, {3, 4}, {2}], [{8, 6}, {2, 7}, {1, 5}, {3, 4}], [{8, 6}, {2, 7}, {3, 5}, {1, 4}], [{8, 6}, {2, 7}, {3, 5}, {4}, {1}], [{8, 6}, {2, 7}, {4, 5}, {1, 3}], [{8, 6}, {2, 7}, {5}, {1, 4}, {3}], [{8, 6}, {3, 7}, {1, 5}, {2, 4}], [{8, 6}, {3, 7}, {2, 5}, {1, 4}], [{8, 6}, {3, 7}, {4, 5}, {1, 2}], [{8, 6}, {4, 7}, {1, 5}, {2, 3}], [{8, 6}, {4, 7}, {2, 5}, {1, 3}], [{8, 6}, {4, 7}, {3, 5}, {1, 2}], [{8, 6}, {5, 7}, {1, 4}, {2, 3}], [{8, 6}, {5, 7}, {2, 4}, {1, 3}], [{8, 6}, {5, 7}, {3, 4}, {1, 2}], [{8, 6}, {5, 7}, {3, 4}, {2}, {1}], [{8, 6}, {7}, {1, 5}, {3, 4}, {2}], [{8, 7}, {1, 6}, {2, 5}, {3, 4}], [{8, 7}, {1, 6}, {3, 5}, {2, 4}], [{8, 7}, {1, 6}, {3, 5}, {4}, {2}], [{8, 7}, {1, 6}, {4, 5}, {2, 3}], [{8, 7}, {1, 6}, {5}, {2, 4}, {3}], [{8, 7}, {2, 6}, {1, 5}, {3, 4}], [{8, 7}, {2, 6}, {3, 5}, {1, 4}], [{8, 7}, {2, 6}, {4, 5}, {1, 3}], [{8, 7}, {3, 6}, {1, 5}, {2, 4}], [{8, 7}, {3, 6}, {1, 5}, {4}, {2}], [{8, 7}, {3, 6}, {2, 5}, {1, 4}], [{8, 7}, {3, 6}, {4, 5}, {1, 2}], [{8, 7}, {4, 6}, {1, 5}, {2, 3}], [{8, 7}, {4, 6}, {2, 5}, {1, 3}], [{8, 7}, {4, 6}, {3, 5}, {1, 2}], [{8, 7}, {5, 6}, {1, 4}, {2, 3}], [{8, 7}, {5, 6}, {2, 4}, {1, 3}], [{8, 7}, {5, 6}, {3, 4}, {1, 2}], [{8, 7}, {5, 6}, {4}, {1, 3}, {2}], [{8, 7}, {6}, {2, 5}, {3, 4}, {1}], [{8}, {1, 7}, {2, 6}, {3, 5}, {4}], [{8}, {1, 7}, {3, 6}, {2, 5}, {4}], [{8}, {1, 7}, {3, 6}, {4, 5}, {2}], [{8}, {1, 7}, {3, 6}, {5}, {2, 4}], [{8}, {1, 7}, {4, 6}, {3, 5}, {2}], [{8}, {1, 7}, {5, 6}, {2, 4}, {3}], [{8}, {1, 7}, {5, 6}, {3, 4}, {2}], [{8}, {1, 7}, {5, 6}, {4}, {2, 3}], [{8}, {1, 7}, {6}, {3, 5}, {2, 4}], [{8}, {2, 7}, {1, 6}, {3, 5}, {4}], [{8}, {2, 7}, {3, 6}, {1, 5}, {4}], [{8}, {2, 7}, {3, 6}, {4, 5}, {1}], [{8}, {2, 7}, {3, 6}, {5}, {1, 4}], [{8}, {2, 7}, {3, 6}, {5}, {4}, {1}], [{8}, {2, 7}, {4, 6}, {3, 5}, {1}], [{8}, {2, 7}, {5, 6}, {1, 4}, {3}], [{8}, {2, 7}, {5, 6}, {3, 4}, {1}], [{8}, {2, 7}, {5, 6}, {4}, {1, 3}], [{8}, {2, 7}, {5, 6}, {4}, {3}, {1}], [{8}, {2, 7}, {6}, {3, 5}, {1, 4}], [{8}, {2, 7}, {6}, {3, 5}, {4}, {1}], [{8}, {3, 7}, {5, 6}, {1, 4}, {2}], [{8}, {3, 7}, {5, 6}, {2, 4}, {1}], [{8}, {3, 7}, {5, 6}, {4}, {1, 2}], [{8}, {4, 7}, {1, 6}, {3, 5}, {2}], [{8}, {4, 7}, {2, 6}, {3, 5}, {1}], [{8}, {4, 7}, {3, 6}, {1, 5}, {2}], [{8}, {4, 7}, {3, 6}, {2, 5}, {1}], [{8}, {4, 7}, {3, 6}, {5}, {1, 2}], [{8}, {4, 7}, {5, 6}, {1, 3}, {2}], [{8}, {4, 7}, {5, 6}, {2, 3}, {1}], [{8}, {4, 7}, {5, 6}, {3}, {1, 2}], [{8}, {4, 7}, {6}, {3, 5}, {1, 2}], [{8}, {5, 7}, {3, 6}, {1, 4}, {2}], [{8}, {5, 7}, {3, 6}, {2, 4}, {1}], [{8}, {5, 7}, {3, 6}, {4}, {1, 2}], [{8}, {6, 7}, {3, 5}, {1, 4}, {2}], [{8}, {6, 7}, {3, 5}, {2, 4}, {1}], [{8}, {6, 7}, {3, 5}, {4}, {1, 2}], [{8}, {7}, {1, 6}, {3, 5}, {2, 4}], [{8}, {7}, {1, 6}, {3, 5}, {4}, {2}], [{8}, {7}, {2, 6}, {3, 5}, {1, 4}], [{8}, {7}, {3, 6}, {1, 5}, {2, 4}], [{8}, {7}, {3, 6}, {1, 5}, {4}, {2}], [{8}, {7}, {3, 6}, {2, 5}, {1, 4}], [{8}, {7}, {3, 6}, {4, 5}, {1, 2}], [{8}, {7}, {4, 6}, {3, 5}, {1, 2}], [{8}, {7}, {5, 6}, {1, 4}, {2, 3}], [{8}, {7}, {5, 6}, {2, 4}, {1, 3}], [{8}, {7}, {5, 6}, {3, 4}, {1, 2}], [{8}, {7}, {5, 6}, {4}, {1, 3}, {2}]]",2,20 K_1^3 - 10 K_1^2 - 10 K_1 K_2 - 10 K_1 + 5 K_2 + 6,O1O2O3O4U5U6O7U3O6O8U4U7U8U1O5U2,O1O2O3O4U2U5O6U3O5O7U4U6U8U1O8U7,O1O2O3O4U5O6U4U6U7U1O5O8U2O7U8U3,c,{'O1O2O3O4U3O5U4U6U7U1O6O8U2O7U8U5'},1,"<a href=""/flatknot/8.733699"">8.733699</a>",t^9-31t^7-56t^6+65t^5+174t^4+52t^3-50t^2-25t+12,-t^3+t^2+t,,
8.733700,O1O2O3O4U3O5U4U6U7U1O6O8U5O7U8U2,4,9z^2+86z+137,9w^3z^2+86w^2z+137w,False,False,"[[ 0  0  1 -1  0  2 -2  0  0],[ 0  0  0 -1  1  1  0  0  0],[-1  0  0 -1  0  1 -2  0  0],[ 1  1  1  0  1  1  1  1  0],[ 0 -1  0 -1  0  1  0 -1  1],[-2 -1 -1 -1 -1  0 -2 -1  0],[ 2  0  2 -1  0  2  0  1  1],[ 0  0  0 -1  1  1 -1  0  0],[ 0  0  0  0 -1  0 -1  0  0]]","[[ 0  2  1  0  0  0  0 -1 -2],[-2  0 -1  0 -1 -1 -1 -1 -2],[-1  1  0  0  0  0  0 -1 -2],[ 0  0  0  0  0  0 -1  0 -1],[ 0  1  0  0  0  0  1 -1  0],[ 0  1  0  0  0  0  1 -1 -1],[ 0  1  0  1 -1 -1  0 -1  0],[ 1  1  1  0  1  1  1  0  1],[ 2  2  2  1  0  1  0 -1  0]]",True,"[-2,-1,0,0,0,0,1,2,1,0,1,1,1,1,2,0,0,0,0,1,2,0,0,1,0,1,0,-1,1,0,-1,1,1,1,0,-1]","[-2,-1,0,0,0,0,1,2,-1,0,0,1,1,2,2,1,1,0,1,1,1,-1,1,-1,0,1,0,0,0,1,0,0,0,0,1,1]",t^8+23t^6+80t^4+11t^2,"[-2,-1,0,0,0,0,1,2,2,1,1,2,2,1,2,0,1,0,0,1,2,0,-1,0,1,1,1,0,1,2,1,1,1,1,1,0]","[-2,-1,0,0,0,0,1,2,0,1,1,1,2,2,2,1,1,1,1,1,1,-1,-1,1,0,2,0,0,0,1,0,0,2,1,1,2]","[-2,-1,0,0,0,0,1,2,-1,0,0,1,1,2,2,1,1,0,1,1,1,-1,1,-1,0,1,0,0,0,1,0,0,0,0,1,1]",c,"[[{8, 1}, {2, 7}, {3, 6}, {4, 5}], [{8, 1}, {2, 7}, {4, 6}, {3, 5}], [{8, 1}, {2, 7}, {4, 6}, {5}, {3}], [{8, 1}, {2, 7}, {5, 6}, {3, 4}], [{8, 1}, {3, 7}, {2, 6}, {4, 5}], [{8, 1}, {3, 7}, {4, 6}, {2, 5}], [{8, 1}, {3, 7}, {5, 6}, {2, 4}], [{8, 1}, {3, 7}, {6}, {5}, {2, 4}], [{8, 1}, {4, 7}, {2, 6}, {3, 5}], [{8, 1}, {4, 7}, {3, 6}, {2, 5}], [{8, 1}, {4, 7}, {5, 6}, {2, 3}], [{8, 1}, {4, 7}, {6}, {3, 5}, {2}], [{8, 1}, {5, 7}, {2, 6}, {3, 4}], [{8, 1}, {5, 7}, {3, 6}, {2, 4}], [{8, 1}, {5, 7}, {4, 6}, {2, 3}], [{8, 1}, {5, 7}, {6}, {4}, {2, 3}], [{8, 1}, {6, 7}, {2, 5}, {3, 4}], [{8, 1}, {6, 7}, {2, 5}, {4}, {3}], [{8, 1}, {6, 7}, {3, 5}, {2, 4}], [{8, 1}, {6, 7}, {3, 5}, {4}, {2}], [{8, 1}, {6, 7}, {4, 5}, {2, 3}], [{8, 1}, {6, 7}, {5}, {4}, {2, 3}], [{8, 1}, {7}, {2, 6}, {4, 5}, {3}], [{8, 1}, {7}, {4, 6}, {3, 5}, {2}], [{8, 1}, {7}, {5, 6}, {2, 4}, {3}], [{8, 1}, {7}, {5, 6}, {3, 4}, {2}], [{8, 1}, {7}, {5, 6}, {4}, {2, 3}], [{8, 2}, {1, 7}, {3, 6}, {4, 5}], [{8, 2}, {1, 7}, {4, 6}, {3, 5}], [{8, 2}, {1, 7}, {5, 6}, {3, 4}], [{8, 2}, {3, 7}, {1, 6}, {4, 5}], [{8, 2}, {3, 7}, {1, 6}, {5}, {4}], [{8, 2}, {3, 7}, {4, 6}, {1, 5}], [{8, 2}, {3, 7}, {5, 6}, {1, 4}], [{8, 2}, {3, 7}, {5, 6}, {4}, {1}], [{8, 2}, {3, 7}, {6}, {1, 5}, {4}], [{8, 2}, {4, 7}, {1, 6}, {3, 5}], [{8, 2}, {4, 7}, {3, 6}, {1, 5}], [{8, 2}, {4, 7}, {5, 6}, {1, 3}], [{8, 2}, {4, 7}, {5, 6}, {3}, {1}], [{8, 2}, {5, 7}, {1, 6}, {3, 4}], [{8, 2}, {5, 7}, {3, 6}, {1, 4}], [{8, 2}, {5, 7}, {3, 6}, {4}, {1}], [{8, 2}, {5, 7}, {4, 6}, {1, 3}], [{8, 2}, {6, 7}, {1, 5}, {3, 4}], [{8, 2}, {6, 7}, {3, 5}, {1, 4}], [{8, 2}, {6, 7}, {4, 5}, {1, 3}], [{8, 2}, {7}, {4, 6}, {3, 5}, {1}], [{8, 2}, {7}, {5, 6}, {3, 4}, {1}], [{8, 3}, {1, 7}, {2, 6}, {4, 5}], [{8, 3}, {1, 7}, {4, 6}, {2, 5}], [{8, 3}, {1, 7}, {5, 6}, {2, 4}], [{8, 3}, {1, 7}, {6}, {4, 5}, {2}], [{8, 3}, {2, 7}, {1, 6}, {4, 5}], [{8, 3}, {2, 7}, {4, 6}, {1, 5}], [{8, 3}, {2, 7}, {4, 6}, {5}, {1}], [{8, 3}, {2, 7}, {5, 6}, {1, 4}], [{8, 3}, {2, 7}, {5, 6}, {4}, {1}], [{8, 3}, {2, 7}, {6}, {4, 5}, {1}], [{8, 3}, {4, 7}, {1, 6}, {2, 5}], [{8, 3}, {4, 7}, {2, 6}, {1, 5}], [{8, 3}, {4, 7}, {2, 6}, {5}, {1}], [{8, 3}, {4, 7}, {5, 6}, {1, 2}], [{8, 3}, {4, 7}, {5, 6}, {2}, {1}], [{8, 3}, {4, 7}, {6}, {2, 5}, {1}], [{8, 3}, {5, 7}, {1, 6}, {2, 4}], [{8, 3}, {5, 7}, {2, 6}, {1, 4}], [{8, 3}, {5, 7}, {2, 6}, {4}, {1}], [{8, 3}, {5, 7}, {4, 6}, {1, 2}], [{8, 3}, {6, 7}, {1, 5}, {2, 4}], [{8, 3}, {6, 7}, {2, 5}, {1, 4}], [{8, 3}, {6, 7}, {4, 5}, {1, 2}], [{8, 3}, {6, 7}, {4, 5}, {2}, {1}], [{8, 3}, {7}, {1, 6}, {4, 5}, {2}], [{8, 3}, {7}, {2, 6}, {4, 5}, {1}], [{8, 3}, {7}, {4, 6}, {1, 5}, {2}], [{8, 3}, {7}, {5, 6}, {2, 4}, {1}], [{8, 3}, {7}, {6}, {4, 5}, {1, 2}], [{8, 4}, {1, 7}, {2, 6}, {3, 5}], [{8, 4}, {1, 7}, {3, 6}, {2, 5}], [{8, 4}, {1, 7}, {5, 6}, {2, 3}], [{8, 4}, {2, 7}, {1, 6}, {3, 5}], [{8, 4}, {2, 7}, {3, 6}, {1, 5}], [{8, 4}, {2, 7}, {5, 6}, {1, 3}], [{8, 4}, {3, 7}, {1, 6}, {2, 5}], [{8, 4}, {3, 7}, {2, 6}, {1, 5}], [{8, 4}, {3, 7}, {5, 6}, {1, 2}], [{8, 4}, {3, 7}, {6}, {5}, {1, 2}], [{8, 4}, {5, 7}, {1, 6}, {2, 3}], [{8, 4}, {5, 7}, {1, 6}, {3}, {2}], [{8, 4}, {5, 7}, {2, 6}, {1, 3}], [{8, 4}, {5, 7}, {2, 6}, {3}, {1}], [{8, 4}, {5, 7}, {3, 6}, {1, 2}], [{8, 4}, {5, 7}, {3, 6}, {2}, {1}], [{8, 4}, {5, 7}, {6}, {1, 3}, {2}], [{8, 4}, {5, 7}, {6}, {2, 3}, {1}], [{8, 4}, {5, 7}, {6}, {3}, {1, 2}], [{8, 4}, {5, 7}, {6}, {3}, {2}, {1}], [{8, 4}, {6, 7}, {1, 5}, {2, 3}], [{8, 4}, {6, 7}, {2, 5}, {1, 3}], [{8, 4}, {6, 7}, {3, 5}, {1, 2}], [{8, 4}, {6, 7}, {5}, {2, 3}, {1}], [{8, 4}, {7}, {5, 6}, {2, 3}, {1}], [{8, 4}, {7}, {6}, {3, 5}, {1, 2}], [{8, 5}, {1, 7}, {2, 6}, {3, 4}], [{8, 5}, {1, 7}, {3, 6}, {2, 4}], [{8, 5}, {1, 7}, {4, 6}, {2, 3}], [{8, 5}, {2, 7}, {1, 6}, {3, 4}], [{8, 5}, {2, 7}, {3, 6}, {1, 4}], [{8, 5}, {2, 7}, {3, 6}, {4}, {1}], [{8, 5}, {2, 7}, {4, 6}, {1, 3}], [{8, 5}, {2, 7}, {4, 6}, {3}, {1}], [{8, 5}, {2, 7}, {6}, {3, 4}, {1}], [{8, 5}, {3, 7}, {1, 6}, {2, 4}], [{8, 5}, {3, 7}, {2, 6}, {1, 4}], [{8, 5}, {3, 7}, {2, 6}, {4}, {1}], [{8, 5}, {3, 7}, {4, 6}, {1, 2}], [{8, 5}, {4, 7}, {1, 6}, {2, 3}], [{8, 5}, {4, 7}, {2, 6}, {1, 3}], [{8, 5}, {4, 7}, {3, 6}, {1, 2}], [{8, 5}, {6, 7}, {1, 4}, {2, 3}], [{8, 5}, {6, 7}, {2, 4}, {1, 3}], [{8, 5}, {6, 7}, {3, 4}, {1, 2}], [{8, 5}, {7}, {4, 6}, {1, 3}, {2}], [{8, 6}, {1, 7}, {2, 5}, {3, 4}], [{8, 6}, {1, 7}, {3, 5}, {2, 4}], [{8, 6}, {1, 7}, {4, 5}, {2, 3}], [{8, 6}, {2, 7}, {1, 5}, {3, 4}], [{8, 6}, {2, 7}, {3, 5}, {1, 4}], [{8, 6}, {2, 7}, {4, 5}, {1, 3}], [{8, 6}, {3, 7}, {1, 5}, {2, 4}], [{8, 6}, {3, 7}, {2, 5}, {1, 4}], [{8, 6}, {3, 7}, {4, 5}, {1, 2}], [{8, 6}, {3, 7}, {5}, {4}, {1, 2}], [{8, 6}, {4, 7}, {1, 5}, {2, 3}], [{8, 6}, {4, 7}, {2, 5}, {1, 3}], [{8, 6}, {4, 7}, {3, 5}, {1, 2}], [{8, 6}, {5, 7}, {1, 4}, {2, 3}], [{8, 6}, {5, 7}, {2, 4}, {1, 3}], [{8, 6}, {5, 7}, {3, 4}, {1, 2}], [{8, 6}, {5, 7}, {4}, {3}, {1, 2}], [{8, 6}, {7}, {3, 5}, {4}, {1, 2}], [{8, 7}, {1, 6}, {2, 5}, {3, 4}], [{8, 7}, {1, 6}, {3, 5}, {2, 4}], [{8, 7}, {1, 6}, {3, 5}, {4}, {2}], [{8, 7}, {1, 6}, {4, 5}, {2, 3}], [{8, 7}, {1, 6}, {5}, {2, 4}, {3}], [{8, 7}, {2, 6}, {1, 5}, {3, 4}], [{8, 7}, {2, 6}, {3, 5}, {1, 4}], [{8, 7}, {2, 6}, {4, 5}, {1, 3}], [{8, 7}, {3, 6}, {1, 5}, {2, 4}], [{8, 7}, {3, 6}, {2, 5}, {1, 4}], [{8, 7}, {3, 6}, {4, 5}, {1, 2}], [{8, 7}, {4, 6}, {1, 5}, {2, 3}], [{8, 7}, {4, 6}, {2, 5}, {1, 3}], [{8, 7}, {4, 6}, {3, 5}, {1, 2}], [{8, 7}, {4, 6}, {3, 5}, {2}, {1}], [{8, 7}, {5, 6}, {1, 4}, {2, 3}], [{8, 7}, {5, 6}, {2, 4}, {1, 3}], [{8, 7}, {5, 6}, {3, 4}, {1, 2}], [{8, 7}, {5, 6}, {4}, {2, 3}, {1}], [{8, 7}, {6}, {2, 5}, {3, 4}, {1}], [{8, 7}, {6}, {3, 5}, {1, 4}, {2}], [{8}, {1, 7}, {4, 6}, {3, 5}, {2}], [{8}, {1, 7}, {5, 6}, {4}, {2, 3}], [{8}, {2, 7}, {4, 6}, {1, 5}, {3}], [{8}, {2, 7}, {4, 6}, {3, 5}, {1}], [{8}, {2, 7}, {4, 6}, {5}, {1, 3}], [{8}, {3, 7}, {4, 6}, {5}, {1, 2}], [{8}, {4, 7}, {1, 6}, {5}, {2, 3}], [{8}, {4, 7}, {2, 6}, {1, 5}, {3}], [{8}, {4, 7}, {3, 6}, {1, 5}, {2}], [{8}, {4, 7}, {5, 6}, {2, 3}, {1}], [{8}, {4, 7}, {6}, {1, 5}, {2, 3}], [{8}, {5, 7}, {2, 6}, {3, 4}, {1}], [{8}, {5, 7}, {3, 6}, {2, 4}, {1}], [{8}, {5, 7}, {4, 6}, {3}, {1, 2}], [{8}, {5, 7}, {6}, {1, 4}, {2, 3}], [{8}, {6, 7}, {1, 5}, {3, 4}, {2}], [{8}, {6, 7}, {5}, {1, 4}, {2, 3}], [{8}, {7}, {2, 6}, {4, 5}, {1, 3}], [{8}, {7}, {4, 6}, {3, 5}, {1, 2}], [{8}, {7}, {4, 6}, {3, 5}, {2}, {1}], [{8}, {7}, {5, 6}, {1, 4}, {2, 3}], [{8}, {7}, {5, 6}, {2, 4}, {1, 3}], [{8}, {7}, {5, 6}, {3, 4}, {1, 2}]]",2,- 24 K_1^2 + 12 K_2 + 13,O1O2O3O4U3U5O6U7O5O8U4U6U8U1O7U2,O1O2O3O4U2U5O6U3O5O7U4U7U8U1O8U6,O1O2O3O4U5O6U4U6U7U1O7O8U2O5U8U3,c,{'O1O2O3O4U3O5U4U6U7U1O6O8U5O7U8U2'},1,"<a href=""/flatknot/8.733700"">8.733700</a>",t^9-23t^7-38t^6+36t^5+90t^4+48t^3+18t^2-13t-2,0,,
8.733701,O1O2O3O4U3O5U4U6U7U2O6O8U1O7U8U5,3,20z^2+77z+75,-4w^4z^2+24w^3z^2-12w^3z+89w^2z+75w,False,False,"[[ 0 -1  1 -1  0  3 -2  0  0],[ 1  0  1 -1  1  3  0  1  0],[-1 -1  0 -1  1  0 -1  0 -1],[ 1  1  1  0  1  1  1  1  0],[ 0 -1 -1 -1  0  1  0  0  0],[-3 -3  0 -1 -1  0 -4 -1 -1],[ 2  0  1 -1  0  4  0  1  1],[ 0 -1  0 -1  0  1 -1  0  0],[ 0  0  1  0  0  1 -1  0  0]]","[[ 0  3  1  0  0  0 -1 -1 -2],[-3  0  0 -1 -1 -1 -1 -3 -4],[-1  0  0  1  0 -1 -1 -1 -1],[ 0  1 -1  0  0  0 -1 -1  0],[ 0  1  0  0  0  0 -1 -1 -1],[ 0  1  1  0  0  0  0  0 -1],[ 1  1  1  1  1  0  0  1  1],[ 1  3  1  1  1  0 -1  0  0],[ 2  4  1  0  1  1 -1  0  0]]",True,"[-3,-1,0,0,0,1,1,2,0,1,1,1,1,3,4,-1,0,1,1,1,1,0,0,1,1,0,0,1,1,1,0,0,1,-1,-1,0]","[-3,-1,0,0,0,1,1,2,0,1,1,1,1,3,4,-1,0,1,1,1,1,0,0,1,1,0,0,1,1,1,0,0,1,-1,-1,0]",t^8+42t^6+163t^4+15t^2,"[-2,-1,-1,0,0,0,1,3,1,2,1,1,2,2,1,1,0,1,0,1,1,0,1,0,1,3,0,0,1,2,0,0,2,2,2,2]","[-3,-1,0,0,0,1,1,2,2,2,2,2,1,3,1,0,1,2,1,1,2,0,0,1,1,1,0,0,0,1,0,0,2,-1,1,2]","[-2,-1,-1,0,0,0,1,3,-1,0,0,1,1,1,4,1,1,0,1,1,1,1,0,1,1,3,0,0,-1,1,0,1,1,0,1,0]",c,"[[{8, 1}, {2, 7}, {3, 6}, {4, 5}], [{8, 1}, {2, 7}, {4, 6}, {3, 5}], [{8, 1}, {2, 7}, {4, 6}, {5}, {3}], [{8, 1}, {2, 7}, {5, 6}, {3, 4}], [{8, 1}, {2, 7}, {5, 6}, {4}, {3}], [{8, 1}, {2, 7}, {6}, {4, 5}, {3}], [{8, 1}, {3, 7}, {2, 6}, {4, 5}], [{8, 1}, {3, 7}, {2, 6}, {5}, {4}], [{8, 1}, {3, 7}, {4, 6}, {2, 5}], [{8, 1}, {3, 7}, {5, 6}, {2, 4}], [{8, 1}, {4, 7}, {2, 6}, {3, 5}], [{8, 1}, {4, 7}, {2, 6}, {5}, {3}], [{8, 1}, {4, 7}, {3, 6}, {2, 5}], [{8, 1}, {4, 7}, {5, 6}, {2, 3}], [{8, 1}, {4, 7}, {5, 6}, {3}, {2}], [{8, 1}, {4, 7}, {6}, {2, 5}, {3}], [{8, 1}, {5, 7}, {2, 6}, {3, 4}], [{8, 1}, {5, 7}, {2, 6}, {4}, {3}], [{8, 1}, {5, 7}, {3, 6}, {2, 4}], [{8, 1}, {5, 7}, {4, 6}, {2, 3}], [{8, 1}, {5, 7}, {4, 6}, {3}, {2}], [{8, 1}, {5, 7}, {6}, {2, 4}, {3}], [{8, 1}, {6, 7}, {2, 5}, {3, 4}], [{8, 1}, {6, 7}, {2, 5}, {4}, {3}], [{8, 1}, {6, 7}, {3, 5}, {2, 4}], [{8, 1}, {6, 7}, {4, 5}, {2, 3}], [{8, 1}, {6, 7}, {4, 5}, {3}, {2}], [{8, 1}, {6, 7}, {5}, {2, 4}, {3}], [{8, 1}, {7}, {2, 6}, {3, 5}, {4}], [{8, 1}, {7}, {2, 6}, {4, 5}, {3}], [{8, 1}, {7}, {2, 6}, {5}, {3, 4}], [{8, 1}, {7}, {2, 6}, {5}, {4}, {3}], [{8, 1}, {7}, {4, 6}, {2, 5}, {3}], [{8, 1}, {7}, {5, 6}, {2, 4}, {3}], [{8, 2}, {1, 7}, {3, 6}, {4, 5}], [{8, 2}, {1, 7}, {4, 6}, {3, 5}], [{8, 2}, {1, 7}, {5, 6}, {3, 4}], [{8, 2}, {1, 7}, {6}, {3, 5}, {4}], [{8, 2}, {3, 7}, {1, 6}, {4, 5}], [{8, 2}, {3, 7}, {4, 6}, {1, 5}], [{8, 2}, {3, 7}, {5, 6}, {1, 4}], [{8, 2}, {3, 7}, {6}, {1, 5}, {4}], [{8, 2}, {3, 7}, {6}, {4, 5}, {1}], [{8, 2}, {3, 7}, {6}, {5}, {1, 4}], [{8, 2}, {4, 7}, {1, 6}, {3, 5}], [{8, 2}, {4, 7}, {3, 6}, {1, 5}], [{8, 2}, {4, 7}, {5, 6}, {1, 3}], [{8, 2}, {5, 7}, {1, 6}, {3, 4}], [{8, 2}, {5, 7}, {3, 6}, {1, 4}], [{8, 2}, {5, 7}, {4, 6}, {1, 3}], [{8, 2}, {6, 7}, {1, 5}, {3, 4}], [{8, 2}, {6, 7}, {3, 5}, {1, 4}], [{8, 2}, {6, 7}, {4, 5}, {1, 3}], [{8, 3}, {1, 7}, {2, 6}, {4, 5}], [{8, 3}, {1, 7}, {2, 6}, {5}, {4}], [{8, 3}, {1, 7}, {4, 6}, {2, 5}], [{8, 3}, {1, 7}, {5, 6}, {2, 4}], [{8, 3}, {1, 7}, {6}, {4, 5}, {2}], [{8, 3}, {2, 7}, {1, 6}, {4, 5}], [{8, 3}, {2, 7}, {4, 6}, {1, 5}], [{8, 3}, {2, 7}, {5, 6}, {1, 4}], [{8, 3}, {2, 7}, {5, 6}, {4}, {1}], [{8, 3}, {4, 7}, {1, 6}, {2, 5}], [{8, 3}, {4, 7}, {2, 6}, {1, 5}], [{8, 3}, {4, 7}, {2, 6}, {5}, {1}], [{8, 3}, {4, 7}, {5, 6}, {1, 2}], [{8, 3}, {4, 7}, {6}, {1, 5}, {2}], [{8, 3}, {5, 7}, {1, 6}, {2, 4}], [{8, 3}, {5, 7}, {2, 6}, {1, 4}], [{8, 3}, {5, 7}, {2, 6}, {4}, {1}], [{8, 3}, {5, 7}, {4, 6}, {1, 2}], [{8, 3}, {6, 7}, {1, 5}, {2, 4}], [{8, 3}, {6, 7}, {2, 5}, {1, 4}], [{8, 3}, {6, 7}, {2, 5}, {4}, {1}], [{8, 3}, {6, 7}, {4, 5}, {1, 2}], [{8, 3}, {7}, {2, 6}, {1, 5}, {4}], [{8, 3}, {7}, {2, 6}, {4, 5}, {1}], [{8, 3}, {7}, {2, 6}, {5}, {1, 4}], [{8, 3}, {7}, {2, 6}, {5}, {4}, {1}], [{8, 4}, {1, 7}, {2, 6}, {3, 5}], [{8, 4}, {1, 7}, {2, 6}, {5}, {3}], [{8, 4}, {1, 7}, {3, 6}, {2, 5}], [{8, 4}, {1, 7}, {5, 6}, {2, 3}], [{8, 4}, {1, 7}, {6}, {3, 5}, {2}], [{8, 4}, {2, 7}, {1, 6}, {3, 5}], [{8, 4}, {2, 7}, {3, 6}, {1, 5}], [{8, 4}, {2, 7}, {5, 6}, {1, 3}], [{8, 4}, {2, 7}, {5, 6}, {3}, {1}], [{8, 4}, {3, 7}, {1, 6}, {2, 5}], [{8, 4}, {3, 7}, {2, 6}, {1, 5}], [{8, 4}, {3, 7}, {2, 6}, {5}, {1}], [{8, 4}, {3, 7}, {5, 6}, {1, 2}], [{8, 4}, {3, 7}, {6}, {1, 5}, {2}], [{8, 4}, {5, 7}, {1, 6}, {2, 3}], [{8, 4}, {5, 7}, {2, 6}, {1, 3}], [{8, 4}, {5, 7}, {2, 6}, {3}, {1}], [{8, 4}, {5, 7}, {3, 6}, {1, 2}], [{8, 4}, {6, 7}, {1, 5}, {2, 3}], [{8, 4}, {6, 7}, {2, 5}, {1, 3}], [{8, 4}, {6, 7}, {2, 5}, {3}, {1}], [{8, 4}, {6, 7}, {3, 5}, {1, 2}], [{8, 4}, {7}, {2, 6}, {1, 5}, {3}], [{8, 4}, {7}, {2, 6}, {3, 5}, {1}], [{8, 4}, {7}, {2, 6}, {5}, {1, 3}], [{8, 4}, {7}, {2, 6}, {5}, {3}, {1}], [{8, 5}, {1, 7}, {2, 6}, {3, 4}], [{8, 5}, {1, 7}, {2, 6}, {4}, {3}], [{8, 5}, {1, 7}, {3, 6}, {2, 4}], [{8, 5}, {1, 7}, {4, 6}, {2, 3}], [{8, 5}, {1, 7}, {6}, {3, 4}, {2}], [{8, 5}, {2, 7}, {1, 6}, {3, 4}], [{8, 5}, {2, 7}, {3, 6}, {1, 4}], [{8, 5}, {2, 7}, {4, 6}, {1, 3}], [{8, 5}, {3, 7}, {1, 6}, {2, 4}], [{8, 5}, {3, 7}, {2, 6}, {1, 4}], [{8, 5}, {3, 7}, {2, 6}, {4}, {1}], [{8, 5}, {3, 7}, {4, 6}, {1, 2}], [{8, 5}, {4, 7}, {1, 6}, {2, 3}], [{8, 5}, {4, 7}, {1, 6}, {3}, {2}], [{8, 5}, {4, 7}, {2, 6}, {1, 3}], [{8, 5}, {4, 7}, {2, 6}, {3}, {1}], [{8, 5}, {4, 7}, {3, 6}, {1, 2}], [{8, 5}, {4, 7}, {6}, {3}, {1, 2}], [{8, 5}, {6, 7}, {1, 4}, {2, 3}], [{8, 5}, {6, 7}, {2, 4}, {1, 3}], [{8, 5}, {6, 7}, {3, 4}, {1, 2}], [{8, 5}, {7}, {2, 6}, {1, 4}, {3}], [{8, 5}, {7}, {2, 6}, {3, 4}, {1}], [{8, 5}, {7}, {2, 6}, {4}, {1, 3}], [{8, 5}, {7}, {2, 6}, {4}, {3}, {1}], [{8, 6}, {1, 7}, {2, 5}, {3, 4}], [{8, 6}, {1, 7}, {3, 5}, {2, 4}], [{8, 6}, {1, 7}, {3, 5}, {4}, {2}], [{8, 6}, {1, 7}, {4, 5}, {2, 3}], [{8, 6}, {2, 7}, {1, 5}, {3, 4}], [{8, 6}, {2, 7}, {3, 5}, {1, 4}], [{8, 6}, {2, 7}, {4, 5}, {1, 3}], [{8, 6}, {3, 7}, {1, 5}, {2, 4}], [{8, 6}, {3, 7}, {1, 5}, {4}, {2}], [{8, 6}, {3, 7}, {2, 5}, {1, 4}], [{8, 6}, {3, 7}, {4, 5}, {1, 2}], [{8, 6}, {3, 7}, {4, 5}, {2}, {1}], [{8, 6}, {3, 7}, {5}, {1, 4}, {2}], [{8, 6}, {4, 7}, {1, 5}, {2, 3}], [{8, 6}, {4, 7}, {2, 5}, {1, 3}], [{8, 6}, {4, 7}, {3, 5}, {1, 2}], [{8, 6}, {5, 7}, {1, 4}, {2, 3}], [{8, 6}, {5, 7}, {2, 4}, {1, 3}], [{8, 6}, {5, 7}, {3, 4}, {1, 2}], [{8, 7}, {1, 6}, {2, 5}, {3, 4}], [{8, 7}, {1, 6}, {3, 5}, {2, 4}], [{8, 7}, {1, 6}, {4, 5}, {2, 3}], [{8, 7}, {2, 6}, {1, 5}, {3, 4}], [{8, 7}, {2, 6}, {1, 5}, {4}, {3}], [{8, 7}, {2, 6}, {3, 5}, {1, 4}], [{8, 7}, {2, 6}, {3, 5}, {4}, {1}], [{8, 7}, {2, 6}, {4, 5}, {1, 3}], [{8, 7}, {2, 6}, {4, 5}, {3}, {1}], [{8, 7}, {2, 6}, {5}, {1, 4}, {3}], [{8, 7}, {2, 6}, {5}, {3, 4}, {1}], [{8, 7}, {2, 6}, {5}, {4}, {1, 3}], [{8, 7}, {2, 6}, {5}, {4}, {3}, {1}], [{8, 7}, {3, 6}, {1, 5}, {2, 4}], [{8, 7}, {3, 6}, {2, 5}, {1, 4}], [{8, 7}, {3, 6}, {4, 5}, {1, 2}], [{8, 7}, {3, 6}, {4, 5}, {2}, {1}], [{8, 7}, {4, 6}, {1, 5}, {2, 3}], [{8, 7}, {4, 6}, {2, 5}, {1, 3}], [{8, 7}, {4, 6}, {3, 5}, {1, 2}], [{8, 7}, {5, 6}, {1, 4}, {2, 3}], [{8, 7}, {5, 6}, {2, 4}, {1, 3}], [{8, 7}, {5, 6}, {3, 4}, {1, 2}], [{8, 7}, {6}, {1, 5}, {3, 4}, {2}], [{8, 7}, {6}, {4, 5}, {2, 3}, {1}], [{8}, {1, 7}, {2, 6}, {3, 5}, {4}], [{8}, {1, 7}, {2, 6}, {4, 5}, {3}], [{8}, {1, 7}, {2, 6}, {5}, {3, 4}], [{8}, {1, 7}, {2, 6}, {5}, {4}, {3}], [{8}, {1, 7}, {3, 6}, {2, 5}, {4}], [{8}, {1, 7}, {4, 6}, {3, 5}, {2}], [{8}, {1, 7}, {5, 6}, {4}, {2, 3}], [{8}, {1, 7}, {6}, {3, 5}, {2, 4}], [{8}, {1, 7}, {6}, {3, 5}, {4}, {2}], [{8}, {2, 7}, {1, 6}, {3, 5}, {4}], [{8}, {2, 7}, {3, 6}, {1, 5}, {4}], [{8}, {2, 7}, {5, 6}, {1, 4}, {3}], [{8}, {2, 7}, {5, 6}, {3, 4}, {1}], [{8}, {2, 7}, {5, 6}, {4}, {1, 3}], [{8}, {2, 7}, {5, 6}, {4}, {3}, {1}], [{8}, {3, 7}, {1, 6}, {2, 5}, {4}], [{8}, {3, 7}, {2, 6}, {1, 5}, {4}], [{8}, {3, 7}, {2, 6}, {4, 5}, {1}], [{8}, {3, 7}, {2, 6}, {5}, {1, 4}], [{8}, {3, 7}, {2, 6}, {5}, {4}, {1}], [{8}, {3, 7}, {4, 6}, {1, 5}, {2}], [{8}, {3, 7}, {5, 6}, {4}, {1, 2}], [{8}, {3, 7}, {6}, {1, 5}, {2, 4}], [{8}, {3, 7}, {6}, {1, 5}, {4}, {2}], [{8}, {4, 7}, {2, 6}, {1, 5}, {3}], [{8}, {4, 7}, {2, 6}, {3, 5}, {1}], [{8}, {4, 7}, {2, 6}, {5}, {1, 3}], [{8}, {4, 7}, {2, 6}, {5}, {3}, {1}], [{8}, {5, 7}, {1, 6}, {4}, {2, 3}], [{8}, {5, 7}, {2, 6}, {1, 4}, {3}], [{8}, {5, 7}, {2, 6}, {3, 4}, {1}], [{8}, {5, 7}, {2, 6}, {4}, {1, 3}], [{8}, {5, 7}, {2, 6}, {4}, {3}, {1}], [{8}, {5, 7}, {3, 6}, {4}, {1, 2}], [{8}, {6, 7}, {1, 5}, {4}, {2, 3}], [{8}, {6, 7}, {2, 5}, {1, 4}, {3}], [{8}, {6, 7}, {2, 5}, {3, 4}, {1}], [{8}, {6, 7}, {2, 5}, {4}, {1, 3}], [{8}, {6, 7}, {2, 5}, {4}, {3}, {1}], [{8}, {6, 7}, {3, 5}, {4}, {1, 2}], [{8}, {7}, {2, 6}, {1, 5}, {3, 4}], [{8}, {7}, {2, 6}, {1, 5}, {4}, {3}], [{8}, {7}, {2, 6}, {3, 5}, {1, 4}], [{8}, {7}, {2, 6}, {3, 5}, {4}, {1}], [{8}, {7}, {2, 6}, {4, 5}, {1, 3}], [{8}, {7}, {2, 6}, {4, 5}, {3}, {1}], [{8}, {7}, {2, 6}, {5}, {1, 4}, {3}], [{8}, {7}, {2, 6}, {5}, {3, 4}, {1}], [{8}, {7}, {2, 6}, {5}, {4}, {1, 3}], [{8}, {7}, {2, 6}, {5}, {4}, {3}, {1}]]",2,20 K_1^3 - 14 K_1^2 - 18 K_1 K_2 - 6 K_1 + 7 K_2 + 4 K_3 + 8,O1O2O3O4U5U6O7U4O6O8U3U7U8U1O5U2,O1O2O3O4U2U5O6U3O5O7U6U4U8U1O8U7,O1O2O3O4U5O6U4U6U1U7O5O8U2O7U8U3,c,{'O1O2O3O4U3O5U4U6U7U2O6O8U1O7U8U5'},1,"<a href=""/flatknot/8.733701"">8.733701</a>",t^9-38t^7-68t^6+62t^5+150t^4+16t^3-38t^2-28t-32,-t^3+t^2+t,,
8.733702,O1O2O3O4U3O5U4U6U7U2O6O8U5O7U1U8,4,21z^2+106z+129,21w^3z^2+106w^2z+129w,False,False,"[[ 0 -1  1 -1  0  2 -2  0  1],[ 1  0  1 -1  0  3 -1  0  1],[-1 -1  0 -1  1  1 -1 -1  0],[ 1  1  1  0  1  1  1  1  0],[ 0  0 -1 -1  0  1  0 -1  1],[-2 -3 -1 -1 -1  0 -2 -1  0],[ 2  1  1 -1  0  2  0  1  2],[ 0  0  1 -1  1  1 -1  0  1],[-1 -1  0  0 -1  0 -2 -1  0]]","[[ 0  2  1  1  0  0 -1 -1 -2],[-2  0  0 -1 -1 -1 -1 -3 -2],[-1  0  0  0 -1 -1  0 -1 -2],[-1  1  0  0  1 -1 -1 -1 -1],[ 0  1  1 -1  0 -1 -1  0  0],[ 0  1  1  1  1  0 -1  0 -1],[ 1  1  0  1  1  1  0  1  1],[ 1  3  1  1  0  0 -1  0 -1],[ 2  2  2  1  0  1 -1  1  0]]",True,"[-2,-1,-1,0,0,1,1,2,0,1,1,1,1,3,2,0,1,1,0,1,2,-1,1,1,1,1,1,1,0,0,1,0,1,-1,-1,1]","[-2,-1,-1,0,0,1,1,2,-1,1,0,1,1,2,2,1,1,1,1,0,1,0,0,1,1,3,-1,-1,1,1,1,1,1,0,1,0]",t^8+36t^6+172t^4+183t^2,"[-2,-1,-1,0,0,1,1,2,0,2,1,2,1,2,2,1,1,1,1,1,0,0,0,2,1,2,-1,0,0,1,0,2,1,0,1,0]","[-2,-1,-1,0,0,1,1,2,0,1,1,1,0,2,2,0,0,2,1,1,2,0,0,1,2,1,1,1,0,1,1,0,2,-1,0,2]","[-2,-1,-1,0,0,1,1,2,-1,1,0,1,1,2,2,1,1,1,1,0,1,0,0,1,1,3,-1,-1,1,1,1,1,1,0,1,0]",c,"[[{8, 1}, {2, 7}, {3, 6}, {4, 5}], [{8, 1}, {2, 7}, {4, 6}, {3, 5}], [{8, 1}, {2, 7}, {5, 6}, {3, 4}], [{8, 1}, {3, 7}, {2, 6}, {4, 5}], [{8, 1}, {3, 7}, {4, 6}, {2, 5}], [{8, 1}, {3, 7}, {5, 6}, {2, 4}], [{8, 1}, {4, 7}, {2, 6}, {3, 5}], [{8, 1}, {4, 7}, {3, 6}, {2, 5}], [{8, 1}, {4, 7}, {5, 6}, {2, 3}], [{8, 1}, {5, 7}, {2, 6}, {3, 4}], [{8, 1}, {5, 7}, {3, 6}, {2, 4}], [{8, 1}, {5, 7}, {4, 6}, {2, 3}], [{8, 1}, {5, 7}, {4, 6}, {3}, {2}], [{8, 1}, {5, 7}, {6}, {4}, {2, 3}], [{8, 1}, {6, 7}, {2, 5}, {3, 4}], [{8, 1}, {6, 7}, {2, 5}, {4}, {3}], [{8, 1}, {6, 7}, {3, 5}, {2, 4}], [{8, 1}, {6, 7}, {3, 5}, {4}, {2}], [{8, 1}, {6, 7}, {4, 5}, {2, 3}], [{8, 1}, {6, 7}, {5}, {4}, {2, 3}], [{8, 1}, {7}, {5, 6}, {4}, {2, 3}], [{8, 1}, {7}, {6}, {3, 5}, {2, 4}], [{8, 2}, {1, 7}, {3, 6}, {4, 5}], [{8, 2}, {1, 7}, {3, 6}, {5}, {4}], [{8, 2}, {1, 7}, {4, 6}, {3, 5}], [{8, 2}, {1, 7}, {5, 6}, {3, 4}], [{8, 2}, {1, 7}, {6}, {4, 5}, {3}], [{8, 2}, {3, 7}, {1, 6}, {4, 5}], [{8, 2}, {3, 7}, {1, 6}, {5}, {4}], [{8, 2}, {3, 7}, {4, 6}, {1, 5}], [{8, 2}, {3, 7}, {5, 6}, {1, 4}], [{8, 2}, {4, 7}, {1, 6}, {3, 5}], [{8, 2}, {4, 7}, {3, 6}, {1, 5}], [{8, 2}, {4, 7}, {5, 6}, {1, 3}], [{8, 2}, {5, 7}, {1, 6}, {3, 4}], [{8, 2}, {5, 7}, {3, 6}, {1, 4}], [{8, 2}, {5, 7}, {4, 6}, {1, 3}], [{8, 2}, {6, 7}, {1, 5}, {3, 4}], [{8, 2}, {6, 7}, {3, 5}, {1, 4}], [{8, 2}, {6, 7}, {4, 5}, {1, 3}], [{8, 2}, {7}, {3, 6}, {4, 5}, {1}], [{8, 3}, {1, 7}, {2, 6}, {4, 5}], [{8, 3}, {1, 7}, {2, 6}, {5}, {4}], [{8, 3}, {1, 7}, {4, 6}, {2, 5}], [{8, 3}, {1, 7}, {5, 6}, {2, 4}], [{8, 3}, {1, 7}, {6}, {4, 5}, {2}], [{8, 3}, {2, 7}, {1, 6}, {4, 5}], [{8, 3}, {2, 7}, {4, 6}, {1, 5}], [{8, 3}, {2, 7}, {5, 6}, {1, 4}], [{8, 3}, {4, 7}, {1, 6}, {2, 5}], [{8, 3}, {4, 7}, {2, 6}, {1, 5}], [{8, 3}, {4, 7}, {5, 6}, {1, 2}], [{8, 3}, {4, 7}, {6}, {2, 5}, {1}], [{8, 3}, {5, 7}, {1, 6}, {2, 4}], [{8, 3}, {5, 7}, {2, 6}, {1, 4}], [{8, 3}, {5, 7}, {4, 6}, {1, 2}], [{8, 3}, {5, 7}, {6}, {1, 4}, {2}], [{8, 3}, {5, 7}, {6}, {2, 4}, {1}], [{8, 3}, {5, 7}, {6}, {4}, {1, 2}], [{8, 3}, {6, 7}, {1, 5}, {2, 4}], [{8, 3}, {6, 7}, {2, 5}, {1, 4}], [{8, 3}, {6, 7}, {4, 5}, {1, 2}], [{8, 3}, {6, 7}, {5}, {1, 4}, {2}], [{8, 3}, {6, 7}, {5}, {2, 4}, {1}], [{8, 3}, {6, 7}, {5}, {4}, {1, 2}], [{8, 3}, {7}, {2, 6}, {4, 5}, {1}], [{8, 3}, {7}, {4, 6}, {1, 5}, {2}], [{8, 3}, {7}, {5, 6}, {1, 4}, {2}], [{8, 3}, {7}, {5, 6}, {2, 4}, {1}], [{8, 3}, {7}, {5, 6}, {4}, {1, 2}], [{8, 4}, {1, 7}, {2, 6}, {3, 5}], [{8, 4}, {1, 7}, {2, 6}, {5}, {3}], [{8, 4}, {1, 7}, {3, 6}, {2, 5}], [{8, 4}, {1, 7}, {3, 6}, {5}, {2}], [{8, 4}, {1, 7}, {5, 6}, {2, 3}], [{8, 4}, {1, 7}, {6}, {5}, {2, 3}], [{8, 4}, {2, 7}, {1, 6}, {3, 5}], [{8, 4}, {2, 7}, {3, 6}, {1, 5}], [{8, 4}, {2, 7}, {5, 6}, {1, 3}], [{8, 4}, {2, 7}, {5, 6}, {3}, {1}], [{8, 4}, {3, 7}, {1, 6}, {2, 5}], [{8, 4}, {3, 7}, {2, 6}, {1, 5}], [{8, 4}, {3, 7}, {5, 6}, {1, 2}], [{8, 4}, {5, 7}, {1, 6}, {2, 3}], [{8, 4}, {5, 7}, {2, 6}, {1, 3}], [{8, 4}, {5, 7}, {3, 6}, {1, 2}], [{8, 4}, {6, 7}, {1, 5}, {2, 3}], [{8, 4}, {6, 7}, {2, 5}, {1, 3}], [{8, 4}, {6, 7}, {3, 5}, {1, 2}], [{8, 4}, {6, 7}, {5}, {3}, {1, 2}], [{8, 5}, {1, 7}, {2, 6}, {3, 4}], [{8, 5}, {1, 7}, {2, 6}, {4}, {3}], [{8, 5}, {1, 7}, {3, 6}, {2, 4}], [{8, 5}, {1, 7}, {3, 6}, {4}, {2}], [{8, 5}, {1, 7}, {4, 6}, {2, 3}], [{8, 5}, {1, 7}, {6}, {4}, {2, 3}], [{8, 5}, {2, 7}, {1, 6}, {3, 4}], [{8, 5}, {2, 7}, {3, 6}, {1, 4}], [{8, 5}, {2, 7}, {3, 6}, {4}, {1}], [{8, 5}, {2, 7}, {4, 6}, {1, 3}], [{8, 5}, {3, 7}, {1, 6}, {2, 4}], [{8, 5}, {3, 7}, {2, 6}, {1, 4}], [{8, 5}, {3, 7}, {4, 6}, {1, 2}], [{8, 5}, {3, 7}, {6}, {2, 4}, {1}], [{8, 5}, {4, 7}, {1, 6}, {2, 3}], [{8, 5}, {4, 7}, {2, 6}, {1, 3}], [{8, 5}, {4, 7}, {3, 6}, {1, 2}], [{8, 5}, {6, 7}, {1, 4}, {2, 3}], [{8, 5}, {6, 7}, {2, 4}, {1, 3}], [{8, 5}, {6, 7}, {3, 4}, {1, 2}], [{8, 5}, {6, 7}, {4}, {2, 3}, {1}], [{8, 5}, {7}, {1, 6}, {4}, {2, 3}], [{8, 5}, {7}, {2, 6}, {3, 4}, {1}], [{8, 5}, {7}, {3, 6}, {4}, {1, 2}], [{8, 6}, {1, 7}, {2, 5}, {3, 4}], [{8, 6}, {1, 7}, {3, 5}, {2, 4}], [{8, 6}, {1, 7}, {4, 5}, {2, 3}], [{8, 6}, {1, 7}, {4, 5}, {3}, {2}], [{8, 6}, {1, 7}, {5}, {4}, {2, 3}], [{8, 6}, {2, 7}, {1, 5}, {3, 4}], [{8, 6}, {2, 7}, {3, 5}, {1, 4}], [{8, 6}, {2, 7}, {4, 5}, {1, 3}], [{8, 6}, {3, 7}, {1, 5}, {2, 4}], [{8, 6}, {3, 7}, {2, 5}, {1, 4}], [{8, 6}, {3, 7}, {4, 5}, {1, 2}], [{8, 6}, {4, 7}, {1, 5}, {2, 3}], [{8, 6}, {4, 7}, {2, 5}, {1, 3}], [{8, 6}, {4, 7}, {3, 5}, {1, 2}], [{8, 6}, {4, 7}, {5}, {2, 3}, {1}], [{8, 6}, {5, 7}, {1, 4}, {2, 3}], [{8, 6}, {5, 7}, {2, 4}, {1, 3}], [{8, 6}, {5, 7}, {3, 4}, {1, 2}], [{8, 6}, {5, 7}, {4}, {2, 3}, {1}], [{8, 6}, {7}, {1, 5}, {4}, {2, 3}], [{8, 6}, {7}, {2, 5}, {4}, {1, 3}], [{8, 6}, {7}, {3, 5}, {4}, {1, 2}], [{8, 6}, {7}, {4, 5}, {2, 3}, {1}], [{8, 6}, {7}, {5}, {1, 4}, {2, 3}], [{8, 6}, {7}, {5}, {4}, {2, 3}, {1}], [{8, 7}, {1, 6}, {2, 5}, {3, 4}], [{8, 7}, {1, 6}, {3, 5}, {2, 4}], [{8, 7}, {1, 6}, {4, 5}, {2, 3}], [{8, 7}, {1, 6}, {5}, {4}, {2, 3}], [{8, 7}, {2, 6}, {1, 5}, {3, 4}], [{8, 7}, {2, 6}, {3, 5}, {1, 4}], [{8, 7}, {2, 6}, {4, 5}, {1, 3}], [{8, 7}, {3, 6}, {1, 5}, {2, 4}], [{8, 7}, {3, 6}, {2, 5}, {1, 4}], [{8, 7}, {3, 6}, {4, 5}, {1, 2}], [{8, 7}, {4, 6}, {1, 5}, {2, 3}], [{8, 7}, {4, 6}, {2, 5}, {1, 3}], [{8, 7}, {4, 6}, {3, 5}, {1, 2}], [{8, 7}, {5, 6}, {1, 4}, {2, 3}], [{8, 7}, {5, 6}, {2, 4}, {1, 3}], [{8, 7}, {5, 6}, {3, 4}, {1, 2}], [{8, 7}, {5, 6}, {4}, {1, 3}, {2}], [{8, 7}, {5, 6}, {4}, {2, 3}, {1}], [{8, 7}, {5, 6}, {4}, {3}, {1, 2}], [{8, 7}, {6}, {1, 5}, {2, 4}, {3}], [{8, 7}, {6}, {1, 5}, {3, 4}, {2}], [{8, 7}, {6}, {1, 5}, {4}, {2, 3}], [{8, 7}, {6}, {3, 5}, {2, 4}, {1}], [{8, 7}, {6}, {5}, {2, 4}, {1, 3}], [{8}, {1, 7}, {2, 6}, {3, 5}, {4}], [{8}, {1, 7}, {2, 6}, {4, 5}, {3}], [{8}, {1, 7}, {2, 6}, {5}, {3, 4}], [{8}, {1, 7}, {2, 6}, {5}, {4}, {3}], [{8}, {1, 7}, {3, 6}, {2, 5}, {4}], [{8}, {1, 7}, {3, 6}, {4, 5}, {2}], [{8}, {1, 7}, {3, 6}, {5}, {2, 4}], [{8}, {1, 7}, {3, 6}, {5}, {4}, {2}], [{8}, {1, 7}, {4, 6}, {2, 5}, {3}], [{8}, {1, 7}, {4, 6}, {3, 5}, {2}], [{8}, {1, 7}, {4, 6}, {5}, {2, 3}], [{8}, {1, 7}, {5, 6}, {2, 4}, {3}], [{8}, {1, 7}, {5, 6}, {3, 4}, {2}], [{8}, {1, 7}, {5, 6}, {4}, {2, 3}], [{8}, {1, 7}, {6}, {2, 5}, {3, 4}], [{8}, {1, 7}, {6}, {3, 5}, {2, 4}], [{8}, {1, 7}, {6}, {4, 5}, {2, 3}], [{8}, {1, 7}, {6}, {4, 5}, {3}, {2}], [{8}, {1, 7}, {6}, {5}, {4}, {2, 3}], [{8}, {2, 7}, {1, 6}, {3, 5}, {4}], [{8}, {3, 7}, {2, 6}, {1, 5}, {4}], [{8}, {3, 7}, {5, 6}, {4}, {1, 2}], [{8}, {5, 7}, {1, 6}, {2, 4}, {3}], [{8}, {5, 7}, {1, 6}, {3, 4}, {2}], [{8}, {5, 7}, {1, 6}, {4}, {2, 3}], [{8}, {5, 7}, {2, 6}, {4}, {1, 3}], [{8}, {6, 7}, {1, 5}, {4}, {2, 3}], [{8}, {6, 7}, {5}, {3, 4}, {1, 2}]]",2,12 K_1^3 - 20 K_1^2 - 24 K_1 K_2 + 3 K_1 + 10 K_2 + 9 K_3 + 11,O1O2O3O4U5U4O6U7O5O8U3U6U8U1O7U2,O1O2O3O4U2U5O6U3O7O5U7U4U8U1O8U6,O1O2O3O4U5O6U4U6U1U7O8O7U2O5U8U3,c,{'O1O2O3O4U3O5U4U6U7U2O6O8U5O7U1U8'},1,"<a href=""/flatknot/8.733702"">8.733702</a>",t^9-36t^7-84t^6+62t^5+266t^4+45t^3-214t^2-82t+22,0,,
8.733703,O1O2O3O4U3O5U4U6U7U8O6O8U1O7U2U5,4,9z^2+78z+121,9w^3z^2+78w^2z+121w,False,False,"[[ 0 -1  0 -1  0  3 -2  0  1],[ 1  0  0 -1  1  2  0  2  2],[ 0  0  0 -1  1  2 -2  1  1],[ 1  1  1  0  1  1  1  1  1],[ 0 -1 -1 -1  0  1  0  0  0],[-3 -2 -2 -1 -1  0 -5 -2 -2],[ 2  0  2 -1  0  5  0  0  2],[ 0 -2 -1 -1  0  2  0  0  1],[-1 -2 -1 -1  0  2 -2 -1  0]]","[[ 0  3  1  0  0  0 -1 -1 -2],[-3  0 -2 -1 -2 -2 -1 -2 -5],[-1  2  0  0 -1 -1 -1 -2 -2],[ 0  1  0  0  0 -1 -1 -1  0],[ 0  2  1  0  0 -1 -1 -2  0],[ 0  2  1  1  1  0 -1  0 -2],[ 1  1  1  1  1  1  0  1  1],[ 1  2  2  1  2  0 -1  0  0],[ 2  5  2  0  0  2 -1  0  0]]",True,"[-3,-1,0,0,0,1,1,2,2,1,2,2,1,2,5,0,1,1,1,2,2,0,1,1,1,0,1,1,2,0,1,0,2,-1,-1,0]","[-3,-1,0,0,0,1,1,2,0,1,1,2,2,3,0,0,0,1,0,1,1,-1,0,-1,0,2,1,1,0,0,0,0,2,-1,1,2]",t^8+70t^6+525t^4+212t^2,"[-2,-1,-1,0,0,0,1,3,1,2,0,2,2,1,0,1,1,-1,0,0,2,0,0,0,1,3,-1,-1,0,1,0,0,1,1,2,0]","[-3,-1,0,0,0,1,1,2,0,1,1,2,2,3,0,0,0,1,0,1,1,-1,0,-1,0,2,1,1,0,0,0,0,2,-1,1,2]","[-2,-1,-1,0,0,0,1,3,-1,0,0,0,2,2,5,1,1,1,1,1,1,1,2,0,2,2,0,-1,0,1,-1,1,2,1,2,2]",c,"[[{8, 5}, {1, 7}, {2, 6}, {3, 4}]]",1,12 K_1^3 + 4 K_1^2 K_2 - 40 K_1^2 - 26 K_1 K_2 - 2 K_1 K_3 + 4 K_1 - 2 K_2^2 + 19 K_2 + 10 K_3 + K_4 + 21,O1O2O3O4U5U3O6U4O7O8U7U6U8U1O5U2,O1O2O3O4U2U4O5U3O6O7U5U6U8U1O8U7,O1O2O3O4U5O6U4U6U7U8O5O7U2O8U1U3,c,{'O1O2O3O4U3O5U4U6U7U8O6O8U1O7U2U5'},1,"<a href=""/flatknot/8.733703"">8.733703</a>",t^9-66t^7-210t^6+98t^5+758t^4+321t^3-176t^2+236t+206,-t^3+t^2+t,,
8.733704,O1O2O3O4U3O5U4U6U7U8O6O8U1O7U5U2,4,18z^2+103z+135,18w^3z^2+103w^2z+135w,False,False,"[[ 0 -1  1 -1  0  2 -2  0  1],[ 1  0  1 -1  1  1  0  2  2],[-1 -1  0 -1  0  1 -3  0  0],[ 1  1  1  0  1  1  1  1  1],[ 0 -1  0 -1  0  1  0  0  0],[-2 -1 -1 -1 -1  0 -4 -1 -1],[ 2  0  3 -1  0  4  0  0  2],[ 0 -2  0 -1  0  1  0  0  1],[-1 -2  0 -1  0  1 -2 -1  0]]","[[ 0  2  1  1  0  0 -1 -1 -2],[-2  0 -1 -1 -1 -1 -1 -1 -4],[-1  1  0  0  0  0 -1 -1 -3],[-1  1  0  0  0 -1 -1 -2 -2],[ 0  1  0  0  0  0 -1 -1  0],[ 0  1  0  1  0  0 -1 -2  0],[ 1  1  1  1  1  1  0  1  1],[ 1  1  1  2  1  2 -1  0  0],[ 2  4  3  2  0  0 -1  0  0]]",True,"[-2,-1,-1,0,0,1,1,2,1,1,1,1,1,1,4,0,0,0,1,1,3,0,1,1,2,2,0,1,1,0,1,2,0,-1,-1,0]","[-2,-1,-1,0,0,1,1,2,-1,0,0,0,2,3,4,1,1,1,1,1,1,1,2,2,1,1,0,0,0,1,1,0,1,0,1,1]",t^8+52t^6+322t^4+182t^2+9,"[-2,-1,-1,0,0,1,1,2,1,2,2,2,0,1,0,1,-1,0,1,0,2,0,0,1,1,2,0,1,0,1,1,1,1,0,0,0]","[-2,-1,-1,0,0,1,1,2,0,0,1,1,2,2,0,0,0,1,0,1,1,1,1,1,1,0,0,-1,0,2,0,0,2,-1,1,2]","[-2,-1,-1,0,0,1,1,2,-1,0,0,0,2,3,4,1,1,1,1,1,1,1,2,2,1,1,0,0,0,1,1,0,1,0,1,1]",c,"[[{8, 1}, {2, 7}, {3, 6}, {4, 5}], [{8, 1}, {2, 7}, {4, 6}, {3, 5}], [{8, 1}, {2, 7}, {5, 6}, {3, 4}], [{8, 1}, {2, 7}, {6}, {3, 5}, {4}], [{8, 1}, {3, 7}, {2, 6}, {4, 5}], [{8, 1}, {3, 7}, {4, 6}, {2, 5}], [{8, 1}, {3, 7}, {5, 6}, {2, 4}], [{8, 1}, {3, 7}, {6}, {4, 5}, {2}], [{8, 1}, {4, 7}, {2, 6}, {3, 5}], [{8, 1}, {4, 7}, {3, 6}, {2, 5}], [{8, 1}, {4, 7}, {5, 6}, {2, 3}], [{8, 1}, {4, 7}, {6}, {3, 5}, {2}], [{8, 1}, {5, 7}, {2, 6}, {3, 4}], [{8, 1}, {5, 7}, {3, 6}, {2, 4}], [{8, 1}, {5, 7}, {4, 6}, {2, 3}], [{8, 1}, {5, 7}, {6}, {3, 4}, {2}], [{8, 1}, {6, 7}, {2, 5}, {3, 4}], [{8, 1}, {6, 7}, {3, 5}, {2, 4}], [{8, 1}, {6, 7}, {3, 5}, {4}, {2}], [{8, 1}, {6, 7}, {4, 5}, {2, 3}], [{8, 1}, {7}, {2, 6}, {3, 5}, {4}], [{8, 1}, {7}, {3, 6}, {2, 5}, {4}], [{8, 1}, {7}, {4, 6}, {3, 5}, {2}], [{8, 1}, {7}, {5, 6}, {4}, {2, 3}], [{8, 1}, {7}, {6}, {3, 5}, {2, 4}], [{8, 1}, {7}, {6}, {3, 5}, {4}, {2}], [{8, 2}, {1, 7}, {3, 6}, {4, 5}], [{8, 2}, {1, 7}, {4, 6}, {3, 5}], [{8, 2}, {1, 7}, {5, 6}, {3, 4}], [{8, 2}, {3, 7}, {1, 6}, {4, 5}], [{8, 2}, {3, 7}, {4, 6}, {1, 5}], [{8, 2}, {3, 7}, {5, 6}, {1, 4}], [{8, 2}, {3, 7}, {6}, {5}, {1, 4}], [{8, 2}, {4, 7}, {1, 6}, {3, 5}], [{8, 2}, {4, 7}, {3, 6}, {1, 5}], [{8, 2}, {4, 7}, {5, 6}, {1, 3}], [{8, 2}, {4, 7}, {6}, {3, 5}, {1}], [{8, 2}, {5, 7}, {1, 6}, {3, 4}], [{8, 2}, {5, 7}, {3, 6}, {1, 4}], [{8, 2}, {5, 7}, {3, 6}, {4}, {1}], [{8, 2}, {5, 7}, {4, 6}, {1, 3}], [{8, 2}, {6, 7}, {1, 5}, {3, 4}], [{8, 2}, {6, 7}, {3, 5}, {1, 4}], [{8, 2}, {6, 7}, {3, 5}, {4}, {1}], [{8, 2}, {6, 7}, {4, 5}, {1, 3}], [{8, 2}, {7}, {1, 6}, {4, 5}, {3}], [{8, 2}, {7}, {4, 6}, {3, 5}, {1}], [{8, 2}, {7}, {5, 6}, {4}, {1, 3}], [{8, 3}, {1, 7}, {2, 6}, {4, 5}], [{8, 3}, {1, 7}, {4, 6}, {2, 5}], [{8, 3}, {1, 7}, {5, 6}, {2, 4}], [{8, 3}, {1, 7}, {6}, {5}, {2, 4}], [{8, 3}, {2, 7}, {1, 6}, {4, 5}], [{8, 3}, {2, 7}, {4, 6}, {1, 5}], [{8, 3}, {2, 7}, {5, 6}, {1, 4}], [{8, 3}, {4, 7}, {1, 6}, {2, 5}], [{8, 3}, {4, 7}, {2, 6}, {1, 5}], [{8, 3}, {4, 7}, {5, 6}, {1, 2}], [{8, 3}, {5, 7}, {1, 6}, {2, 4}], [{8, 3}, {5, 7}, {2, 6}, {1, 4}], [{8, 3}, {5, 7}, {4, 6}, {1, 2}], [{8, 3}, {5, 7}, {6}, {4}, {1, 2}], [{8, 3}, {6, 7}, {1, 5}, {2, 4}], [{8, 3}, {6, 7}, {1, 5}, {4}, {2}], [{8, 3}, {6, 7}, {2, 5}, {1, 4}], [{8, 3}, {6, 7}, {2, 5}, {4}, {1}], [{8, 3}, {6, 7}, {4, 5}, {1, 2}], [{8, 3}, {6, 7}, {4, 5}, {2}, {1}], [{8, 3}, {6, 7}, {5}, {1, 4}, {2}], [{8, 3}, {6, 7}, {5}, {2, 4}, {1}], [{8, 3}, {6, 7}, {5}, {4}, {1, 2}], [{8, 3}, {6, 7}, {5}, {4}, {2}, {1}], [{8, 3}, {7}, {1, 6}, {5}, {2, 4}], [{8, 3}, {7}, {5, 6}, {4}, {1, 2}], [{8, 4}, {1, 7}, {2, 6}, {3, 5}], [{8, 4}, {1, 7}, {3, 6}, {2, 5}], [{8, 4}, {1, 7}, {5, 6}, {2, 3}], [{8, 4}, {2, 7}, {1, 6}, {3, 5}], [{8, 4}, {2, 7}, {3, 6}, {1, 5}], [{8, 4}, {2, 7}, {5, 6}, {1, 3}], [{8, 4}, {2, 7}, {6}, {3, 5}, {1}], [{8, 4}, {3, 7}, {1, 6}, {2, 5}], [{8, 4}, {3, 7}, {1, 6}, {5}, {2}], [{8, 4}, {3, 7}, {2, 6}, {1, 5}], [{8, 4}, {3, 7}, {5, 6}, {1, 2}], [{8, 4}, {5, 7}, {1, 6}, {2, 3}], [{8, 4}, {5, 7}, {2, 6}, {1, 3}], [{8, 4}, {5, 7}, {3, 6}, {1, 2}], [{8, 4}, {6, 7}, {1, 5}, {2, 3}], [{8, 4}, {6, 7}, {2, 5}, {1, 3}], [{8, 4}, {6, 7}, {3, 5}, {1, 2}], [{8, 4}, {6, 7}, {3, 5}, {2}, {1}], [{8, 4}, {7}, {2, 6}, {3, 5}, {1}], [{8, 5}, {1, 7}, {2, 6}, {3, 4}], [{8, 5}, {1, 7}, {3, 6}, {2, 4}], [{8, 5}, {1, 7}, {4, 6}, {2, 3}], [{8, 5}, {1, 7}, {6}, {4}, {2, 3}], [{8, 5}, {2, 7}, {1, 6}, {3, 4}], [{8, 5}, {2, 7}, {3, 6}, {1, 4}], [{8, 5}, {2, 7}, {4, 6}, {1, 3}], [{8, 5}, {3, 7}, {1, 6}, {2, 4}], [{8, 5}, {3, 7}, {2, 6}, {1, 4}], [{8, 5}, {3, 7}, {4, 6}, {1, 2}], [{8, 5}, {4, 7}, {1, 6}, {2, 3}], [{8, 5}, {4, 7}, {2, 6}, {1, 3}], [{8, 5}, {4, 7}, {3, 6}, {1, 2}], [{8, 5}, {6, 7}, {1, 4}, {2, 3}], [{8, 5}, {6, 7}, {1, 4}, {3}, {2}], [{8, 5}, {6, 7}, {2, 4}, {1, 3}], [{8, 5}, {6, 7}, {2, 4}, {3}, {1}], [{8, 5}, {6, 7}, {3, 4}, {1, 2}], [{8, 5}, {6, 7}, {3, 4}, {2}, {1}], [{8, 5}, {6, 7}, {4}, {1, 3}, {2}], [{8, 5}, {6, 7}, {4}, {2, 3}, {1}], [{8, 5}, {6, 7}, {4}, {3}, {1, 2}], [{8, 5}, {6, 7}, {4}, {3}, {2}, {1}], [{8, 5}, {7}, {1, 6}, {4}, {2, 3}], [{8, 6}, {1, 7}, {2, 5}, {3, 4}], [{8, 6}, {1, 7}, {3, 5}, {2, 4}], [{8, 6}, {1, 7}, {3, 5}, {4}, {2}], [{8, 6}, {1, 7}, {4, 5}, {2, 3}], [{8, 6}, {1, 7}, {5}, {2, 4}, {3}], [{8, 6}, {2, 7}, {1, 5}, {3, 4}], [{8, 6}, {2, 7}, {1, 5}, {4}, {3}], [{8, 6}, {2, 7}, {3, 5}, {1, 4}], [{8, 6}, {2, 7}, {4, 5}, {1, 3}], [{8, 6}, {3, 7}, {1, 5}, {2, 4}], [{8, 6}, {3, 7}, {1, 5}, {4}, {2}], [{8, 6}, {3, 7}, {2, 5}, {1, 4}], [{8, 6}, {3, 7}, {4, 5}, {1, 2}], [{8, 6}, {4, 7}, {1, 5}, {2, 3}], [{8, 6}, {4, 7}, {2, 5}, {1, 3}], [{8, 6}, {4, 7}, {3, 5}, {1, 2}], [{8, 6}, {4, 7}, {5}, {1, 3}, {2}], [{8, 6}, {5, 7}, {1, 4}, {2, 3}], [{8, 6}, {5, 7}, {2, 4}, {1, 3}], [{8, 6}, {5, 7}, {3, 4}, {1, 2}], [{8, 6}, {5, 7}, {3, 4}, {2}, {1}], [{8, 6}, {7}, {1, 5}, {4}, {2, 3}], [{8, 7}, {1, 6}, {2, 5}, {3, 4}], [{8, 7}, {1, 6}, {3, 5}, {2, 4}], [{8, 7}, {1, 6}, {3, 5}, {4}, {2}], [{8, 7}, {1, 6}, {4, 5}, {2, 3}], [{8, 7}, {2, 6}, {1, 5}, {3, 4}], [{8, 7}, {2, 6}, {1, 5}, {4}, {3}], [{8, 7}, {2, 6}, {3, 5}, {1, 4}], [{8, 7}, {2, 6}, {4, 5}, {1, 3}], [{8, 7}, {3, 6}, {1, 5}, {2, 4}], [{8, 7}, {3, 6}, {2, 5}, {1, 4}], [{8, 7}, {3, 6}, {4, 5}, {1, 2}], [{8, 7}, {4, 6}, {1, 5}, {2, 3}], [{8, 7}, {4, 6}, {2, 5}, {1, 3}], [{8, 7}, {4, 6}, {3, 5}, {1, 2}], [{8, 7}, {5, 6}, {1, 4}, {2, 3}], [{8, 7}, {5, 6}, {2, 4}, {1, 3}], [{8, 7}, {5, 6}, {3, 4}, {1, 2}], [{8, 7}, {5, 6}, {4}, {1, 3}, {2}], [{8}, {1, 7}, {3, 6}, {5}, {2, 4}], [{8}, {2, 7}, {3, 6}, {5}, {1, 4}], [{8}, {2, 7}, {5, 6}, {1, 4}, {3}], [{8}, {2, 7}, {5, 6}, {3, 4}, {1}], [{8}, {2, 7}, {5, 6}, {4}, {1, 3}], [{8}, {2, 7}, {6}, {3, 5}, {1, 4}], [{8}, {3, 7}, {1, 6}, {2, 5}, {4}], [{8}, {3, 7}, {2, 6}, {4, 5}, {1}], [{8}, {3, 7}, {4, 6}, {5}, {1, 2}], [{8}, {3, 7}, {5, 6}, {2, 4}, {1}], [{8}, {4, 7}, {1, 6}, {5}, {2, 3}], [{8}, {4, 7}, {6}, {3, 5}, {1, 2}], [{8}, {5, 7}, {1, 6}, {3, 4}, {2}], [{8}, {5, 7}, {2, 6}, {4}, {1, 3}], [{8}, {5, 7}, {4, 6}, {3}, {1, 2}], [{8}, {6, 7}, {3, 5}, {1, 4}, {2}], [{8}, {6, 7}, {3, 5}, {2, 4}, {1}], [{8}, {6, 7}, {3, 5}, {4}, {1, 2}], [{8}, {6, 7}, {3, 5}, {4}, {2}, {1}], [{8}, {7}, {2, 6}, {3, 5}, {1, 4}], [{8}, {7}, {4, 6}, {3, 5}, {1, 2}]]",2,- 16 K_1^2 - 12 K_1 K_2 + 6 K_1 + 8 K_2 + 6 K_3 + 9,O1O2O3O4U3U5O6U4O7O8U7U6U8U1O5U2,O1O2O3O4U2U4O5U3O6O7U5U7U8U1O8U6,O1O2O3O4U5O6U4U6U7U8O7O5U2O8U1U3,c,{'O1O2O3O4U3O5U4U6U7U8O6O8U1O7U5U2'},1,"<a href=""/flatknot/8.733704"">8.733704</a>",t^9-52t^7-102t^6+256t^5+598t^4+206t^3-90t^2-2t,0,,
8.733705,O1O2O3O4U3O5U4U6U7U8O6O8U2O7U1U5,4,10z^2+95z+151,10w^3z^2+95w^2z+151w,False,False,"[[ 0 -1  0 -1  0  3 -2  0  1],[ 1  0  1 -1  1  3 -1  1  2],[ 0 -1  0 -1  1  1 -1  1  1],[ 1  1  1  0  1  1  1  1  1],[ 0 -1 -1 -1  0  1  0  0  0],[-3 -3 -1 -1 -1  0 -5 -2 -2],[ 2  1  1 -1  0  5  0  0  2],[ 0 -1 -1 -1  0  2  0  0  1],[-1 -2 -1 -1  0  2 -2 -1  0]]","[[ 0  3  1  0  0  0 -1 -1 -2],[-3  0 -2 -1 -1 -2 -1 -3 -5],[-1  2  0  0 -1 -1 -1 -2 -2],[ 0  1  0  0 -1  0 -1 -1  0],[ 0  1  1  1  0  1 -1 -1 -1],[ 0  2  1  0 -1  0 -1 -1  0],[ 1  1  1  1  1  1  0  1  1],[ 1  3  2  1  1  1 -1  0 -1],[ 2  5  2  0  1  0 -1  1  0]]",True,"[-3,-1,0,0,0,1,1,2,2,1,1,2,1,3,5,0,1,1,1,2,2,1,0,1,1,0,-1,1,1,1,1,1,0,-1,-1,1]","[-3,-1,0,0,0,1,1,2,0,1,2,2,1,3,0,0,0,1,0,1,1,-1,0,0,0,2,1,0,0,1,0,0,2,-1,0,2]",t^8+68t^6+398t^4+111t^2,"[-2,-1,-1,0,0,0,1,3,0,2,1,2,2,1,0,1,0,0,0,0,1,0,0,0,1,3,-1,-1,0,2,0,0,1,1,2,0]","[-3,-1,0,0,0,1,1,2,0,1,2,2,1,3,0,0,0,1,0,1,1,-1,0,0,0,2,1,0,0,1,0,0,2,-1,0,2]","[-2,-1,-1,0,0,0,1,3,-1,1,0,0,1,2,5,1,1,1,1,1,1,1,1,1,2,3,0,-1,0,1,-1,1,2,1,1,2]",c,"[[{8, 1}, {2, 7}, {3, 6}, {4, 5}], [{8, 1}, {2, 7}, {3, 6}, {5}, {4}], [{8, 1}, {2, 7}, {4, 6}, {3, 5}], [{8, 1}, {2, 7}, {5, 6}, {3, 4}], [{8, 1}, {2, 7}, {5, 6}, {4}, {3}], [{8, 1}, {2, 7}, {6}, {3, 5}, {4}], [{8, 1}, {3, 7}, {2, 6}, {4, 5}], [{8, 1}, {3, 7}, {4, 6}, {2, 5}], [{8, 1}, {3, 7}, {5, 6}, {2, 4}], [{8, 1}, {3, 7}, {5, 6}, {4}, {2}], [{8, 1}, {4, 7}, {2, 6}, {3, 5}], [{8, 1}, {4, 7}, {3, 6}, {2, 5}], [{8, 1}, {4, 7}, {5, 6}, {2, 3}], [{8, 1}, {4, 7}, {6}, {2, 5}, {3}], [{8, 1}, {5, 7}, {2, 6}, {3, 4}], [{8, 1}, {5, 7}, {3, 6}, {2, 4}], [{8, 1}, {5, 7}, {3, 6}, {4}, {2}], [{8, 1}, {5, 7}, {4, 6}, {2, 3}], [{8, 1}, {5, 7}, {4, 6}, {3}, {2}], [{8, 1}, {5, 7}, {6}, {3, 4}, {2}], [{8, 1}, {6, 7}, {2, 5}, {3, 4}], [{8, 1}, {6, 7}, {3, 5}, {2, 4}], [{8, 1}, {6, 7}, {3, 5}, {4}, {2}], [{8, 1}, {6, 7}, {4, 5}, {2, 3}], [{8, 1}, {7}, {2, 6}, {3, 5}, {4}], [{8, 1}, {7}, {3, 6}, {2, 5}, {4}], [{8, 1}, {7}, {5, 6}, {4}, {2, 3}], [{8, 2}, {1, 7}, {3, 6}, {4, 5}], [{8, 2}, {1, 7}, {3, 6}, {5}, {4}], [{8, 2}, {1, 7}, {4, 6}, {3, 5}], [{8, 2}, {1, 7}, {5, 6}, {3, 4}], [{8, 2}, {1, 7}, {5, 6}, {4}, {3}], [{8, 2}, {1, 7}, {6}, {3, 5}, {4}], [{8, 2}, {3, 7}, {1, 6}, {4, 5}], [{8, 2}, {3, 7}, {4, 6}, {1, 5}], [{8, 2}, {3, 7}, {5, 6}, {1, 4}], [{8, 2}, {3, 7}, {6}, {5}, {1, 4}], [{8, 2}, {4, 7}, {1, 6}, {3, 5}], [{8, 2}, {4, 7}, {3, 6}, {1, 5}], [{8, 2}, {4, 7}, {5, 6}, {1, 3}], [{8, 2}, {4, 7}, {6}, {3, 5}, {1}], [{8, 2}, {5, 7}, {1, 6}, {3, 4}], [{8, 2}, {5, 7}, {3, 6}, {1, 4}], [{8, 2}, {5, 7}, {4, 6}, {1, 3}], [{8, 2}, {5, 7}, {6}, {1, 4}, {3}], [{8, 2}, {6, 7}, {1, 5}, {3, 4}], [{8, 2}, {6, 7}, {1, 5}, {4}, {3}], [{8, 2}, {6, 7}, {3, 5}, {1, 4}], [{8, 2}, {6, 7}, {4, 5}, {1, 3}], [{8, 2}, {7}, {6}, {1, 5}, {3, 4}], [{8, 2}, {7}, {6}, {3, 5}, {1, 4}], [{8, 2}, {7}, {6}, {4, 5}, {1, 3}], [{8, 3}, {1, 7}, {2, 6}, {4, 5}], [{8, 3}, {1, 7}, {4, 6}, {2, 5}], [{8, 3}, {1, 7}, {5, 6}, {2, 4}], [{8, 3}, {2, 7}, {1, 6}, {4, 5}], [{8, 3}, {2, 7}, {4, 6}, {1, 5}], [{8, 3}, {2, 7}, {5, 6}, {1, 4}], [{8, 3}, {4, 7}, {1, 6}, {2, 5}], [{8, 3}, {4, 7}, {2, 6}, {1, 5}], [{8, 3}, {4, 7}, {5, 6}, {1, 2}], [{8, 3}, {5, 7}, {1, 6}, {2, 4}], [{8, 3}, {5, 7}, {2, 6}, {1, 4}], [{8, 3}, {5, 7}, {4, 6}, {1, 2}], [{8, 3}, {6, 7}, {1, 5}, {2, 4}], [{8, 3}, {6, 7}, {2, 5}, {1, 4}], [{8, 3}, {6, 7}, {4, 5}, {1, 2}], [{8, 3}, {7}, {1, 6}, {2, 5}, {4}], [{8, 3}, {7}, {2, 6}, {1, 5}, {4}], [{8, 3}, {7}, {5, 6}, {4}, {1, 2}], [{8, 4}, {1, 7}, {2, 6}, {3, 5}], [{8, 4}, {1, 7}, {3, 6}, {2, 5}], [{8, 4}, {1, 7}, {5, 6}, {2, 3}], [{8, 4}, {2, 7}, {1, 6}, {3, 5}], [{8, 4}, {2, 7}, {3, 6}, {1, 5}], [{8, 4}, {2, 7}, {5, 6}, {1, 3}], [{8, 4}, {3, 7}, {1, 6}, {2, 5}], [{8, 4}, {3, 7}, {2, 6}, {1, 5}], [{8, 4}, {3, 7}, {5, 6}, {1, 2}], [{8, 4}, {5, 7}, {1, 6}, {2, 3}], [{8, 4}, {5, 7}, {2, 6}, {1, 3}], [{8, 4}, {5, 7}, {3, 6}, {1, 2}], [{8, 4}, {6, 7}, {1, 5}, {2, 3}], [{8, 4}, {6, 7}, {2, 5}, {1, 3}], [{8, 4}, {6, 7}, {3, 5}, {1, 2}], [{8, 4}, {7}, {1, 6}, {2, 5}, {3}], [{8, 4}, {7}, {2, 6}, {1, 5}, {3}], [{8, 4}, {7}, {5, 6}, {3}, {1, 2}], [{8, 5}, {1, 7}, {2, 6}, {3, 4}], [{8, 5}, {1, 7}, {3, 6}, {2, 4}], [{8, 5}, {1, 7}, {4, 6}, {2, 3}], [{8, 5}, {2, 7}, {1, 6}, {3, 4}], [{8, 5}, {2, 7}, {3, 6}, {1, 4}], [{8, 5}, {2, 7}, {4, 6}, {1, 3}], [{8, 5}, {3, 7}, {1, 6}, {2, 4}], [{8, 5}, {3, 7}, {2, 6}, {1, 4}], [{8, 5}, {3, 7}, {4, 6}, {1, 2}], [{8, 5}, {4, 7}, {1, 6}, {2, 3}], [{8, 5}, {4, 7}, {2, 6}, {1, 3}], [{8, 5}, {4, 7}, {3, 6}, {1, 2}], [{8, 5}, {4, 7}, {3, 6}, {2}, {1}], [{8, 5}, {6, 7}, {1, 4}, {2, 3}], [{8, 5}, {6, 7}, {2, 4}, {1, 3}], [{8, 5}, {6, 7}, {3, 4}, {1, 2}], [{8, 5}, {6, 7}, {3, 4}, {2}, {1}], [{8, 6}, {1, 7}, {2, 5}, {3, 4}], [{8, 6}, {1, 7}, {3, 5}, {2, 4}], [{8, 6}, {1, 7}, {4, 5}, {2, 3}], [{8, 6}, {2, 7}, {1, 5}, {3, 4}], [{8, 6}, {2, 7}, {3, 5}, {1, 4}], [{8, 6}, {2, 7}, {4, 5}, {1, 3}], [{8, 6}, {3, 7}, {1, 5}, {2, 4}], [{8, 6}, {3, 7}, {2, 5}, {1, 4}], [{8, 6}, {3, 7}, {4, 5}, {1, 2}], [{8, 6}, {4, 7}, {1, 5}, {2, 3}], [{8, 6}, {4, 7}, {2, 5}, {1, 3}], [{8, 6}, {4, 7}, {3, 5}, {1, 2}], [{8, 6}, {5, 7}, {1, 4}, {2, 3}], [{8, 6}, {5, 7}, {1, 4}, {3}, {2}], [{8, 6}, {5, 7}, {2, 4}, {1, 3}], [{8, 6}, {5, 7}, {3, 4}, {1, 2}], [{8, 6}, {7}, {1, 5}, {3, 4}, {2}], [{8, 7}, {1, 6}, {2, 5}, {3, 4}], [{8, 7}, {1, 6}, {3, 5}, {2, 4}], [{8, 7}, {1, 6}, {4, 5}, {2, 3}], [{8, 7}, {1, 6}, {5}, {3, 4}, {2}], [{8, 7}, {2, 6}, {1, 5}, {3, 4}], [{8, 7}, {2, 6}, {3, 5}, {1, 4}], [{8, 7}, {2, 6}, {4, 5}, {1, 3}], [{8, 7}, {2, 6}, {5}, {3, 4}, {1}], [{8, 7}, {3, 6}, {1, 5}, {2, 4}], [{8, 7}, {3, 6}, {2, 5}, {1, 4}], [{8, 7}, {3, 6}, {4, 5}, {1, 2}], [{8, 7}, {4, 6}, {1, 5}, {2, 3}], [{8, 7}, {4, 6}, {2, 5}, {1, 3}], [{8, 7}, {4, 6}, {3, 5}, {1, 2}], [{8, 7}, {4, 6}, {5}, {2, 3}, {1}], [{8, 7}, {5, 6}, {1, 4}, {2, 3}], [{8, 7}, {5, 6}, {2, 4}, {1, 3}], [{8, 7}, {5, 6}, {2, 4}, {3}, {1}], [{8, 7}, {5, 6}, {3, 4}, {1, 2}], [{8, 7}, {6}, {5}, {3, 4}, {1, 2}], [{8}, {1, 7}, {5, 6}, {3, 4}, {2}], [{8}, {2, 7}, {5, 6}, {3, 4}, {1}], [{8}, {3, 7}, {1, 6}, {4, 5}, {2}], [{8}, {3, 7}, {2, 6}, {4, 5}, {1}], [{8}, {3, 7}, {4, 6}, {2, 5}, {1}], [{8}, {3, 7}, {6}, {4, 5}, {1, 2}], [{8}, {4, 7}, {5, 6}, {2, 3}, {1}], [{8}, {5, 7}, {1, 6}, {2, 4}, {3}], [{8}, {5, 7}, {2, 6}, {1, 4}, {3}], [{8}, {6, 7}, {2, 5}, {4}, {1, 3}], [{8}, {6, 7}, {4, 5}, {2, 3}, {1}], [{8}, {7}, {1, 6}, {2, 5}, {3, 4}], [{8}, {7}, {2, 6}, {1, 5}, {3, 4}], [{8}, {7}, {4, 6}, {3, 5}, {1, 2}], [{8}, {7}, {5, 6}, {3, 4}, {1, 2}]]",2,4 K_1^3 - 34 K_1^2 - 30 K_1 K_2 + 12 K_1 - 4 K_2^2 + 17 K_2 + 14 K_3 + 2 K_4 + 20,O1O2O3O4U5U4O6U3O7O8U7U6U8U1O5U2,O1O2O3O4U2U4O5U3O6O7U6U5U8U1O8U7,O1O2O3O4U5O6U4U6U7U8O5O8U2O7U1U3,c,{'O1O2O3O4U3O5U4U6U7U8O6O8U2O7U1U5'},1,"<a href=""/flatknot/8.733705"">8.733705</a>",t^9-64t^7-226t^6-153t^5+198t^4+103t^3-260t^2-198t-24,-t^3+t^2+t,,
8.733706,O1O2O3O4U3O5U4U6U7U8O6O8U5O7U1U2,4,19z^2+96z+117,19w^3z^2+96w^2z+117w,False,False,"[[ 0 -1  1 -1  0  2 -2  0  1],[ 1  0  1 -1  0  2 -1  1  2],[-1 -1  0 -1  0  2 -3 -1  0],[ 1  1  1  0  1  1  1  1  1],[ 0  0  0 -1  0  1  0 -1  0],[-2 -2 -2 -1 -1  0 -3 -1 -1],[ 2  1  3 -1  0  3  0  0  2],[ 0 -1  1 -1  1  1  0  0  1],[-1 -2  0 -1  0  1 -2 -1  0]]","[[ 0  2  1  1  0  0 -1 -1 -2],[-2  0 -1 -2 -1 -1 -1 -2 -3],[-1  1  0  0  0 -1 -1 -2 -2],[-1  2  0  0  0 -1 -1 -1 -3],[ 0  1  0  0  0 -1 -1  0  0],[ 0  1  1  1  1  0 -1 -1  0],[ 1  1  1  1  1  1  0  1  1],[ 1  2  2  1  0  1 -1  0 -1],[ 2  3  2  3  0  0 -1  1  0]]",True,"[-2,-1,-1,0,0,1,1,2,1,2,1,1,1,2,3,0,0,1,1,2,2,0,1,1,1,3,1,1,0,0,1,1,0,-1,-1,1]","[-2,-1,-1,0,0,1,1,2,-1,0,1,1,1,2,1,0,0,1,1,1,0,0,1,0,1,1,1,0,0,2,1,0,2,-1,0,2]",t^8+50t^6+209t^4+174t^2+4,"[-2,-1,-1,0,0,1,1,2,0,2,2,2,0,1,1,1,0,1,1,0,1,0,0,1,1,2,-1,0,0,1,1,1,1,0,-1,0]","[-2,-1,-1,0,0,1,1,2,-1,0,1,1,1,2,1,0,0,1,1,1,0,0,1,0,1,1,1,0,0,2,1,0,2,-1,0,2]","[-2,-1,-1,0,0,1,1,2,-1,1,0,0,2,3,3,1,1,1,1,1,1,0,1,2,1,2,-1,0,0,1,1,1,1,0,1,2]",c,"[[{8, 3}, {4, 7}, {5, 6}, {1, 2}], [{8, 3}, {7}, {5, 6}, {4}, {1, 2}]]",1,24 K_1^3 + 8 K_1^2 K_2 - 30 K_1^2 - 28 K_1 K_2 - 6 K_1 K_3 - 4 K_1 - 2 K_2^2 + 14 K_2 + 8 K_3 + 2 K_4 + 15,O1O2O3O4U3U4O5U6O7O8U7U5U8U1O6U2,O1O2O3O4U2U4O5U3O6O7U6U7U8U1O8U5,O1O2O3O4U5O6U4U6U7U8O7O8U2O5U1U3,c,{'O1O2O3O4U3O5U4U6U7U8O6O8U5O7U1U2'},1,"<a href=""/flatknot/8.733706"">8.733706</a>",t^9-50t^7-152t^6+7t^5+396t^4+215t^3-234t^2-121t+42,0,,
8.733707,O1O2O3O4U3O5U4U6U1U2O7O6U5O8U7U8,4,3z^3+36z^2+112z+105,3w^4z^3+36w^3z^2+112w^2z+105w,False,False,"[[ 0 -1  1 -1  0  2 -1 -1  1],[ 1  0  1 -1  1  2  0  0  0],[-1 -1  0 -1  1  1 -1  0  0],[ 1  1  1  0  1  1  1  0  0],[ 0 -1 -1 -1  0  1  0  1  0],[-2 -2 -1 -1 -1  0 -2  0  1],[ 1  0  1 -1  0  2  0 -1  0],[ 1  0  0  0 -1  0  1  0  1],[-1  0  0  0  0 -1  0 -1  0]]","[[ 0  2  1  1  0 -1 -1 -1 -1],[-2  0  1 -1 -1  0 -1 -2 -2],[-1 -1  0  0  0 -1  0  0  0],[-1  1  0  0  1  0 -1 -1 -1],[ 0  1  0 -1  0  1 -1  0 -1],[ 1  0  1  0 -1  0  0  1  0],[ 1  1  0  1  1  0  0  1  1],[ 1  2  0  1  0 -1 -1  0  0],[ 1  2  0  1  1  0 -1  0  0]]",True,"[-2,-1,-1,0,1,1,1,1,-1,1,1,0,1,2,2,0,0,1,0,0,0,-1,0,1,1,1,-1,1,0,1,0,-1,0,-1,-1,0]","[-2,-1,-1,0,1,1,1,1,-1,1,1,0,1,2,2,0,0,1,0,0,0,-1,0,1,1,1,-1,1,0,1,0,-1,0,-1,-1,0]",t^8+23t^6+89t^4+52t^2+1,"[-1,-1,-1,-1,0,1,1,2,-1,-1,0,0,1,2,2,0,0,0,1,2,1,1,1,1,2,1,2,2,1,3,2,1,1,0,0,2]","[-2,-1,-1,0,1,1,1,1,0,2,1,1,1,2,3,0,2,1,1,1,2,1,2,2,2,1,0,1,0,2,0,-1,0,-1,-1,0]","[-1,-1,-1,-1,0,1,1,2,-1,-1,0,0,0,1,2,0,0,-1,1,0,0,1,1,0,1,1,1,0,1,2,0,-1,1,0,-1,1]",c,"[[{8, 1}, {2, 7}, {3, 6}, {4, 5}], [{8, 1}, {2, 7}, {3, 6}, {5}, {4}], [{8, 1}, {2, 7}, {4, 6}, {3, 5}], [{8, 1}, {2, 7}, {5, 6}, {3, 4}], [{8, 1}, {2, 7}, {5, 6}, {4}, {3}], [{8, 1}, {2, 7}, {6}, {3, 5}, {4}], [{8, 1}, {3, 7}, {2, 6}, {4, 5}], [{8, 1}, {3, 7}, {2, 6}, {5}, {4}], [{8, 1}, {3, 7}, {4, 6}, {2, 5}], [{8, 1}, {3, 7}, {5, 6}, {2, 4}], [{8, 1}, {4, 7}, {2, 6}, {3, 5}], [{8, 1}, {4, 7}, {3, 6}, {2, 5}], [{8, 1}, {4, 7}, {5, 6}, {2, 3}], [{8, 1}, {4, 7}, {6}, {3, 5}, {2}], [{8, 1}, {5, 7}, {2, 6}, {3, 4}], [{8, 1}, {5, 7}, {2, 6}, {4}, {3}], [{8, 1}, {5, 7}, {3, 6}, {2, 4}], [{8, 1}, {5, 7}, {4, 6}, {2, 3}], [{8, 1}, {6, 7}, {2, 5}, {3, 4}], [{8, 1}, {6, 7}, {3, 5}, {2, 4}], [{8, 1}, {6, 7}, {3, 5}, {4}, {2}], [{8, 1}, {6, 7}, {4, 5}, {2, 3}], [{8, 1}, {7}, {2, 6}, {3, 5}, {4}], [{8, 1}, {7}, {4, 6}, {3, 5}, {2}], [{8, 1}, {7}, {6}, {3, 5}, {2, 4}], [{8, 1}, {7}, {6}, {3, 5}, {4}, {2}], [{8, 2}, {1, 7}, {3, 6}, {4, 5}], [{8, 2}, {1, 7}, {4, 6}, {3, 5}], [{8, 2}, {1, 7}, {5, 6}, {3, 4}], [{8, 2}, {1, 7}, {6}, {3, 5}, {4}], [{8, 2}, {3, 7}, {1, 6}, {4, 5}], [{8, 2}, {3, 7}, {4, 6}, {1, 5}], [{8, 2}, {3, 7}, {5, 6}, {1, 4}], [{8, 2}, {3, 7}, {6}, {1, 5}, {4}], [{8, 2}, {4, 7}, {1, 6}, {3, 5}], [{8, 2}, {4, 7}, {3, 6}, {1, 5}], [{8, 2}, {4, 7}, {5, 6}, {1, 3}], [{8, 2}, {4, 7}, {6}, {3, 5}, {1}], [{8, 2}, {5, 7}, {1, 6}, {3, 4}], [{8, 2}, {5, 7}, {3, 6}, {1, 4}], [{8, 2}, {5, 7}, {4, 6}, {1, 3}], [{8, 2}, {5, 7}, {4, 6}, {3}, {1}], [{8, 2}, {6, 7}, {1, 5}, {3, 4}], [{8, 2}, {6, 7}, {3, 5}, {1, 4}], [{8, 2}, {6, 7}, {4, 5}, {1, 3}], [{8, 2}, {7}, {6}, {3, 5}, {1, 4}], [{8, 3}, {1, 7}, {2, 6}, {4, 5}], [{8, 3}, {1, 7}, {4, 6}, {2, 5}], [{8, 3}, {1, 7}, {5, 6}, {2, 4}], [{8, 3}, {1, 7}, {6}, {2, 5}, {4}], [{8, 3}, {2, 7}, {1, 6}, {4, 5}], [{8, 3}, {2, 7}, {1, 6}, {5}, {4}], [{8, 3}, {2, 7}, {4, 6}, {1, 5}], [{8, 3}, {2, 7}, {5, 6}, {1, 4}], [{8, 3}, {2, 7}, {5, 6}, {4}, {1}], [{8, 3}, {2, 7}, {6}, {1, 5}, {4}], [{8, 3}, {4, 7}, {1, 6}, {2, 5}], [{8, 3}, {4, 7}, {2, 6}, {1, 5}], [{8, 3}, {4, 7}, {5, 6}, {1, 2}], [{8, 3}, {5, 7}, {1, 6}, {2, 4}], [{8, 3}, {5, 7}, {2, 6}, {1, 4}], [{8, 3}, {5, 7}, {4, 6}, {1, 2}], [{8, 3}, {6, 7}, {1, 5}, {2, 4}], [{8, 3}, {6, 7}, {2, 5}, {1, 4}], [{8, 3}, {6, 7}, {4, 5}, {1, 2}], [{8, 3}, {7}, {4, 6}, {1, 5}, {2}], [{8, 4}, {1, 7}, {2, 6}, {3, 5}], [{8, 4}, {1, 7}, {3, 6}, {2, 5}], [{8, 4}, {1, 7}, {5, 6}, {2, 3}], [{8, 4}, {1, 7}, {6}, {3, 5}, {2}], [{8, 4}, {2, 7}, {1, 6}, {3, 5}], [{8, 4}, {2, 7}, {3, 6}, {1, 5}], [{8, 4}, {2, 7}, {3, 6}, {5}, {1}], [{8, 4}, {2, 7}, {5, 6}, {1, 3}], [{8, 4}, {2, 7}, {5, 6}, {3}, {1}], [{8, 4}, {2, 7}, {6}, {3, 5}, {1}], [{8, 4}, {3, 7}, {1, 6}, {2, 5}], [{8, 4}, {3, 7}, {2, 6}, {1, 5}], [{8, 4}, {3, 7}, {2, 6}, {5}, {1}], [{8, 4}, {3, 7}, {5, 6}, {1, 2}], [{8, 4}, {3, 7}, {5, 6}, {2}, {1}], [{8, 4}, {3, 7}, {6}, {2, 5}, {1}], [{8, 4}, {5, 7}, {1, 6}, {2, 3}], [{8, 4}, {5, 7}, {2, 6}, {1, 3}], [{8, 4}, {5, 7}, {2, 6}, {3}, {1}], [{8, 4}, {5, 7}, {3, 6}, {1, 2}], [{8, 4}, {5, 7}, {3, 6}, {2}, {1}], [{8, 4}, {5, 7}, {6}, {2, 3}, {1}], [{8, 4}, {6, 7}, {1, 5}, {2, 3}], [{8, 4}, {6, 7}, {1, 5}, {3}, {2}], [{8, 4}, {6, 7}, {2, 5}, {1, 3}], [{8, 4}, {6, 7}, {2, 5}, {3}, {1}], [{8, 4}, {6, 7}, {3, 5}, {1, 2}], [{8, 4}, {6, 7}, {3, 5}, {2}, {1}], [{8, 4}, {6, 7}, {5}, {1, 3}, {2}], [{8, 4}, {6, 7}, {5}, {2, 3}, {1}], [{8, 4}, {6, 7}, {5}, {3}, {1, 2}], [{8, 4}, {6, 7}, {5}, {3}, {2}, {1}], [{8, 4}, {7}, {1, 6}, {3, 5}, {2}], [{8, 4}, {7}, {2, 6}, {3, 5}, {1}], [{8, 4}, {7}, {3, 6}, {2, 5}, {1}], [{8, 4}, {7}, {5, 6}, {2, 3}, {1}], [{8, 4}, {7}, {6}, {3, 5}, {1, 2}], [{8, 4}, {7}, {6}, {3, 5}, {2}, {1}], [{8, 5}, {1, 7}, {2, 6}, {3, 4}], [{8, 5}, {1, 7}, {3, 6}, {2, 4}], [{8, 5}, {1, 7}, {3, 6}, {4}, {2}], [{8, 5}, {1, 7}, {4, 6}, {2, 3}], [{8, 5}, {1, 7}, {4, 6}, {3}, {2}], [{8, 5}, {1, 7}, {6}, {3, 4}, {2}], [{8, 5}, {2, 7}, {1, 6}, {3, 4}], [{8, 5}, {2, 7}, {3, 6}, {1, 4}], [{8, 5}, {2, 7}, {4, 6}, {1, 3}], [{8, 5}, {3, 7}, {1, 6}, {2, 4}], [{8, 5}, {3, 7}, {2, 6}, {1, 4}], [{8, 5}, {3, 7}, {4, 6}, {1, 2}], [{8, 5}, {4, 7}, {1, 6}, {2, 3}], [{8, 5}, {4, 7}, {2, 6}, {1, 3}], [{8, 5}, {4, 7}, {3, 6}, {1, 2}], [{8, 5}, {6, 7}, {1, 4}, {2, 3}], [{8, 5}, {6, 7}, {2, 4}, {1, 3}], [{8, 5}, {6, 7}, {3, 4}, {1, 2}], [{8, 5}, {7}, {2, 6}, {3, 4}, {1}], [{8, 5}, {7}, {4, 6}, {2, 3}, {1}], [{8, 6}, {1, 7}, {2, 5}, {3, 4}], [{8, 6}, {1, 7}, {3, 5}, {2, 4}], [{8, 6}, {1, 7}, {4, 5}, {2, 3}], [{8, 6}, {1, 7}, {5}, {3, 4}, {2}], [{8, 6}, {2, 7}, {1, 5}, {3, 4}], [{8, 6}, {2, 7}, {3, 5}, {1, 4}], [{8, 6}, {2, 7}, {4, 5}, {1, 3}], [{8, 6}, {3, 7}, {1, 5}, {2, 4}], [{8, 6}, {3, 7}, {2, 5}, {1, 4}], [{8, 6}, {3, 7}, {4, 5}, {1, 2}], [{8, 6}, {4, 7}, {1, 5}, {2, 3}], [{8, 6}, {4, 7}, {2, 5}, {1, 3}], [{8, 6}, {4, 7}, {3, 5}, {1, 2}], [{8, 6}, {5, 7}, {1, 4}, {2, 3}], [{8, 6}, {5, 7}, {2, 4}, {1, 3}], [{8, 6}, {5, 7}, {3, 4}, {1, 2}], [{8, 6}, {7}, {1, 5}, {2, 4}, {3}], [{8, 6}, {7}, {3, 5}, {1, 4}, {2}], [{8, 7}, {1, 6}, {2, 5}, {3, 4}], [{8, 7}, {1, 6}, {3, 5}, {2, 4}], [{8, 7}, {1, 6}, {4, 5}, {2, 3}], [{8, 7}, {1, 6}, {5}, {2, 4}, {3}], [{8, 7}, {2, 6}, {1, 5}, {3, 4}], [{8, 7}, {2, 6}, {3, 5}, {1, 4}], [{8, 7}, {2, 6}, {4, 5}, {1, 3}], [{8, 7}, {3, 6}, {1, 5}, {2, 4}], [{8, 7}, {3, 6}, {1, 5}, {4}, {2}], [{8, 7}, {3, 6}, {2, 5}, {1, 4}], [{8, 7}, {3, 6}, {2, 5}, {4}, {1}], [{8, 7}, {3, 6}, {4, 5}, {1, 2}], [{8, 7}, {3, 6}, {5}, {4}, {1, 2}], [{8, 7}, {4, 6}, {1, 5}, {2, 3}], [{8, 7}, {4, 6}, {2, 5}, {1, 3}], [{8, 7}, {4, 6}, {2, 5}, {3}, {1}], [{8, 7}, {4, 6}, {3, 5}, {1, 2}], [{8, 7}, {5, 6}, {1, 4}, {2, 3}], [{8, 7}, {5, 6}, {2, 4}, {1, 3}], [{8, 7}, {5, 6}, {3, 4}, {1, 2}], [{8, 7}, {5, 6}, {4}, {3}, {1, 2}], [{8, 7}, {6}, {2, 5}, {3, 4}, {1}], [{8, 7}, {6}, {3, 5}, {1, 4}, {2}], [{8, 7}, {6}, {3, 5}, {2, 4}, {1}], [{8, 7}, {6}, {3, 5}, {4}, {1, 2}], [{8}, {1, 7}, {3, 6}, {5}, {2, 4}], [{8}, {1, 7}, {5, 6}, {2, 4}, {3}], [{8}, {1, 7}, {5, 6}, {3, 4}, {2}], [{8}, {1, 7}, {5, 6}, {4}, {2, 3}], [{8}, {1, 7}, {6}, {3, 5}, {2, 4}], [{8}, {2, 7}, {3, 6}, {5}, {1, 4}], [{8}, {2, 7}, {5, 6}, {1, 4}, {3}], [{8}, {2, 7}, {5, 6}, {3, 4}, {1}], [{8}, {2, 7}, {5, 6}, {4}, {1, 3}], [{8}, {2, 7}, {6}, {3, 5}, {1, 4}], [{8}, {3, 7}, {2, 6}, {5}, {1, 4}], [{8}, {4, 7}, {3, 6}, {2, 5}, {1}], [{8}, {4, 7}, {6}, {3, 5}, {1, 2}], [{8}, {5, 7}, {2, 6}, {1, 4}, {3}], [{8}, {6, 7}, {1, 5}, {4}, {2, 3}], [{8}, {6, 7}, {3, 5}, {1, 4}, {2}], [{8}, {7}, {2, 6}, {3, 5}, {1, 4}], [{8}, {7}, {5, 6}, {3, 4}, {1, 2}], [{8}, {7}, {6}, {3, 5}, {1, 4}, {2}]]",2,12 K_1^3 - 22 K_1^2 - 16 K_1 K_2 - K_1 + 11 K_2 + 5 K_3 + 12,O1O2O3O4U5U6O5U7O8O6U3U4U8U1O7U2,O1O2O3O4U5U2O6U7O5O7U3U4U8U1O8U6,O1O2O3O4U5O6U4U6U1U2O7O8U7O5U3U8,c,{'O1O2O3O4U3O5U4U6U1U2O7O6U5O8U7U8'},1,"<a href=""/flatknot/8.733707"">8.733707</a>",t^9-21t^7-34t^6+10t^5+16t^4+18t^3+56t^2+16t-14,-t^2+2t,,
8.733708,O1O2O3O4U3O5U4U6U1U2O7O6U7O8U5U8,4,2z^3+32z^2+111z+111,2w^4z^3+32w^3z^2+111w^2z+111w,False,False,"[[ 0 -1  1 -1  0  2 -1 -1  1],[ 1  0  1 -1  1  2  0 -1  1],[-1 -1  0 -1  1  1 -1 -1  1],[ 1  1  1  0  1  1  1  0  0],[ 0 -1 -1 -1  0  1  0  0  1],[-2 -2 -1 -1 -1  0 -1 -1  1],[ 1  0  1 -1  0  1  0 -1  1],[ 1  1  1  0  0  1  1  0  0],[-1 -1 -1  0 -1 -1 -1  0  0]]","[[ 0  2  1  1  0 -1 -1 -1 -1],[-2  0  1 -1 -1 -1 -1 -1 -2],[-1 -1  0 -1 -1  0  0 -1 -1],[-1  1  1  0  1 -1 -1 -1 -1],[ 0  1  1 -1  0  0 -1  0 -1],[ 1  1  0  1  0  0  0  1  1],[ 1  1  0  1  1  0  0  1  1],[ 1  1  1  1  0 -1 -1  0  0],[ 1  2  1  1  1 -1 -1  0  0]]",True,"[-2,-1,-1,0,1,1,1,1,-1,1,1,1,1,1,2,1,1,0,0,1,1,-1,1,1,1,1,0,1,0,1,0,-1,-1,-1,-1,0]","[-2,-1,-1,0,1,1,1,1,-1,1,1,1,1,1,2,1,1,0,0,1,1,-1,1,1,1,1,0,1,0,1,0,-1,-1,-1,-1,0]",t^8+25t^6+50t^4+6t^2,"[-1,-1,-1,-1,0,1,1,2,-1,-1,0,0,1,2,2,0,1,0,1,1,1,1,1,1,1,2,1,1,2,2,2,0,1,-1,0,2]","[-2,-1,-1,0,1,1,1,1,0,2,1,1,2,2,2,1,2,1,1,1,1,0,1,1,2,2,0,1,0,1,0,-1,-1,-1,-1,0]","[-1,-1,-1,-1,0,1,1,2,-1,-1,0,0,1,1,1,0,1,0,0,1,1,1,1,0,1,1,1,1,1,2,1,-1,1,-1,-1,1]",c,"[[{8, 3}, {1, 7}, {2, 6}, {4, 5}], [{8, 3}, {4, 7}, {2, 6}, {1, 5}], [{8, 3}, {4, 7}, {2, 6}, {5}, {1}], [{8, 3}, {5, 7}, {1, 6}, {2, 4}], [{8, 3}, {5, 7}, {2, 6}, {1, 4}]]",1,8 K_1^3 - 14 K_1^2 - 8 K_1 K_2 - 2 K_1 + 7 K_2 + 2 K_3 + 8,O1O2O3O4U5U6O5U7O8O7U3U4U8U1O6U2,O1O2O3O4U5U2O5U6O7O6U3U4U8U1O8U7,O1O2O3O4U5O6U4U6U1U2O7O5U7O8U3U8,c,{'O1O2O3O4U3O5U4U6U1U2O7O6U7O8U5U8'},1,"<a href=""/flatknot/8.733708"">8.733708</a>",t^9-23t^7-60t^6-33t^5+60t^4+86t^3+24t^2-6t,-t^2+2t,,
8.733709,O1O2O3O4U3O5U4U6U2U1O7O6U5O8U7U8,4,18z^2+71z+71,-12w^4z^2+30w^3z^2-20w^3z+91w^2z+71w,False,False,"[[ 0  0  0 -1  0  2 -1 -1  1],[ 0  0  0 -1  1  2 -1  0  0],[ 0  0  0 -1  1  1  0  0  0],[ 1  1  1  0  1  1  1  0  0],[ 0 -1 -1 -1  0  1  0  1  0],[-2 -2 -1 -1 -1  0 -2  0  1],[ 1  1  0 -1  0  2  0 -1  0],[ 1  0  0  0 -1  0  1  0  1],[-1  0  0  0  0 -1  0 -1  0]]","[[ 0  2  1  0  0  0 -1 -1 -1],[-2  0  1 -1 -1 -2  0 -1 -2],[-1 -1  0  0  0  0 -1  0  0],[ 0  1  0  0  1  0  0 -1  0],[ 0  1  0 -1  0 -1  1 -1  0],[ 0  2  0  0  1  0  0 -1 -1],[ 1  0  1  0 -1  0  0  0  1],[ 1  1  0  1  1  1  0  0  1],[ 1  2  0  0  0  1 -1 -1  0]]",True,"[-2,-1,0,0,0,1,1,1,-1,1,1,2,0,1,2,0,0,0,1,0,0,-1,0,0,1,0,1,-1,1,0,0,1,1,0,-1,-1]","[-2,-1,0,0,0,1,1,1,-1,1,1,2,0,1,2,0,0,0,1,0,0,-1,0,0,1,0,1,-1,1,0,0,1,1,0,-1,-1]",t^8+22t^6+86t^4+65t^2+1,"[-1,-1,-1,0,0,0,1,2,-1,0,0,0,0,2,2,1,0,1,1,2,1,1,1,2,1,3,0,-1,1,0,-1,1,1,1,1,2]","[-2,-1,0,0,0,1,1,1,2,0,1,1,1,2,3,1,1,1,2,2,1,0,1,0,0,1,1,1,0,1,1,0,2,-1,-1,0]","[-1,-1,-1,0,0,0,1,2,-1,-1,0,0,1,0,2,0,-1,0,0,1,0,1,1,1,0,1,-1,-1,0,1,0,0,1,0,2,-1]",c,"[[{8, 1}, {2, 7}, {3, 6}, {4, 5}], [{8, 1}, {2, 7}, {4, 6}, {3, 5}], [{8, 1}, {2, 7}, {5, 6}, {3, 4}], [{8, 1}, {2, 7}, {6}, {3, 5}, {4}], [{8, 1}, {3, 7}, {2, 6}, {4, 5}], [{8, 1}, {3, 7}, {4, 6}, {2, 5}], [{8, 1}, {3, 7}, {5, 6}, {2, 4}], [{8, 1}, {4, 7}, {2, 6}, {3, 5}], [{8, 1}, {4, 7}, {2, 6}, {5}, {3}], [{8, 1}, {4, 7}, {3, 6}, {2, 5}], [{8, 1}, {4, 7}, {5, 6}, {2, 3}], [{8, 1}, {4, 7}, {6}, {3, 5}, {2}], [{8, 1}, {5, 7}, {2, 6}, {3, 4}], [{8, 1}, {5, 7}, {3, 6}, {2, 4}], [{8, 1}, {5, 7}, {3, 6}, {4}, {2}], [{8, 1}, {5, 7}, {4, 6}, {2, 3}], [{8, 1}, {5, 7}, {4, 6}, {3}, {2}], [{8, 1}, {5, 7}, {6}, {3, 4}, {2}], [{8, 1}, {6, 7}, {2, 5}, {3, 4}], [{8, 1}, {6, 7}, {3, 5}, {2, 4}], [{8, 1}, {6, 7}, {4, 5}, {2, 3}], [{8, 1}, {6, 7}, {5}, {3, 4}, {2}], [{8, 1}, {7}, {3, 6}, {5}, {2, 4}], [{8, 1}, {7}, {5, 6}, {2, 4}, {3}], [{8, 1}, {7}, {5, 6}, {3, 4}, {2}], [{8, 1}, {7}, {5, 6}, {4}, {2, 3}], [{8, 1}, {7}, {6}, {3, 5}, {2, 4}], [{8, 2}, {1, 7}, {3, 6}, {4, 5}], [{8, 2}, {1, 7}, {4, 6}, {3, 5}], [{8, 2}, {1, 7}, {5, 6}, {3, 4}], [{8, 2}, {1, 7}, {6}, {3, 5}, {4}], [{8, 2}, {3, 7}, {1, 6}, {4, 5}], [{8, 2}, {3, 7}, {4, 6}, {1, 5}], [{8, 2}, {3, 7}, {5, 6}, {1, 4}], [{8, 2}, {3, 7}, {6}, {1, 5}, {4}], [{8, 2}, {4, 7}, {1, 6}, {3, 5}], [{8, 2}, {4, 7}, {3, 6}, {1, 5}], [{8, 2}, {4, 7}, {5, 6}, {1, 3}], [{8, 2}, {4, 7}, {6}, {3, 5}, {1}], [{8, 2}, {5, 7}, {1, 6}, {3, 4}], [{8, 2}, {5, 7}, {3, 6}, {1, 4}], [{8, 2}, {5, 7}, {4, 6}, {1, 3}], [{8, 2}, {6, 7}, {1, 5}, {3, 4}], [{8, 2}, {6, 7}, {3, 5}, {1, 4}], [{8, 2}, {6, 7}, {4, 5}, {1, 3}], [{8, 2}, {7}, {3, 6}, {5}, {1, 4}], [{8, 2}, {7}, {5, 6}, {1, 4}, {3}], [{8, 2}, {7}, {5, 6}, {3, 4}, {1}], [{8, 2}, {7}, {5, 6}, {4}, {1, 3}], [{8, 2}, {7}, {6}, {3, 5}, {1, 4}], [{8, 3}, {1, 7}, {2, 6}, {4, 5}], [{8, 3}, {1, 7}, {4, 6}, {2, 5}], [{8, 3}, {1, 7}, {5, 6}, {2, 4}], [{8, 3}, {1, 7}, {6}, {2, 5}, {4}], [{8, 3}, {2, 7}, {1, 6}, {4, 5}], [{8, 3}, {2, 7}, {4, 6}, {1, 5}], [{8, 3}, {2, 7}, {5, 6}, {1, 4}], [{8, 3}, {2, 7}, {6}, {1, 5}, {4}], [{8, 3}, {4, 7}, {1, 6}, {2, 5}], [{8, 3}, {4, 7}, {2, 6}, {1, 5}], [{8, 3}, {4, 7}, {5, 6}, {1, 2}], [{8, 3}, {4, 7}, {5, 6}, {2}, {1}], [{8, 3}, {5, 7}, {1, 6}, {2, 4}], [{8, 3}, {5, 7}, {2, 6}, {1, 4}], [{8, 3}, {5, 7}, {4, 6}, {1, 2}], [{8, 3}, {5, 7}, {4, 6}, {2}, {1}], [{8, 3}, {6, 7}, {1, 5}, {2, 4}], [{8, 3}, {6, 7}, {2, 5}, {1, 4}], [{8, 3}, {6, 7}, {4, 5}, {1, 2}], [{8, 3}, {6, 7}, {4, 5}, {2}, {1}], [{8, 4}, {1, 7}, {2, 6}, {3, 5}], [{8, 4}, {1, 7}, {3, 6}, {2, 5}], [{8, 4}, {1, 7}, {5, 6}, {2, 3}], [{8, 4}, {1, 7}, {6}, {3, 5}, {2}], [{8, 4}, {2, 7}, {1, 6}, {3, 5}], [{8, 4}, {2, 7}, {3, 6}, {1, 5}], [{8, 4}, {2, 7}, {5, 6}, {1, 3}], [{8, 4}, {2, 7}, {6}, {3, 5}, {1}], [{8, 4}, {3, 7}, {1, 6}, {2, 5}], [{8, 4}, {3, 7}, {2, 6}, {1, 5}], [{8, 4}, {3, 7}, {5, 6}, {1, 2}], [{8, 4}, {3, 7}, {5, 6}, {2}, {1}], [{8, 4}, {5, 7}, {1, 6}, {2, 3}], [{8, 4}, {5, 7}, {1, 6}, {3}, {2}], [{8, 4}, {5, 7}, {2, 6}, {1, 3}], [{8, 4}, {5, 7}, {3, 6}, {1, 2}], [{8, 4}, {6, 7}, {1, 5}, {2, 3}], [{8, 4}, {6, 7}, {2, 5}, {1, 3}], [{8, 4}, {6, 7}, {3, 5}, {1, 2}], [{8, 4}, {6, 7}, {5}, {3}, {1, 2}], [{8, 4}, {7}, {3, 6}, {2, 5}, {1}], [{8, 4}, {7}, {6}, {3, 5}, {1, 2}], [{8, 5}, {1, 7}, {2, 6}, {3, 4}], [{8, 5}, {1, 7}, {3, 6}, {2, 4}], [{8, 5}, {1, 7}, {3, 6}, {4}, {2}], [{8, 5}, {1, 7}, {4, 6}, {2, 3}], [{8, 5}, {1, 7}, {4, 6}, {3}, {2}], [{8, 5}, {1, 7}, {6}, {3, 4}, {2}], [{8, 5}, {2, 7}, {1, 6}, {3, 4}], [{8, 5}, {2, 7}, {3, 6}, {1, 4}], [{8, 5}, {2, 7}, {4, 6}, {1, 3}], [{8, 5}, {3, 7}, {1, 6}, {2, 4}], [{8, 5}, {3, 7}, {2, 6}, {1, 4}], [{8, 5}, {3, 7}, {4, 6}, {1, 2}], [{8, 5}, {4, 7}, {1, 6}, {2, 3}], [{8, 5}, {4, 7}, {2, 6}, {1, 3}], [{8, 5}, {4, 7}, {3, 6}, {1, 2}], [{8, 5}, {6, 7}, {1, 4}, {2, 3}], [{8, 5}, {6, 7}, {2, 4}, {1, 3}], [{8, 5}, {6, 7}, {3, 4}, {1, 2}], [{8, 5}, {7}, {3, 6}, {2, 4}, {1}], [{8, 6}, {1, 7}, {2, 5}, {3, 4}], [{8, 6}, {1, 7}, {3, 5}, {2, 4}], [{8, 6}, {1, 7}, {4, 5}, {2, 3}], [{8, 6}, {1, 7}, {5}, {3, 4}, {2}], [{8, 6}, {2, 7}, {1, 5}, {3, 4}], [{8, 6}, {2, 7}, {3, 5}, {1, 4}], [{8, 6}, {2, 7}, {4, 5}, {1, 3}], [{8, 6}, {3, 7}, {1, 5}, {2, 4}], [{8, 6}, {3, 7}, {2, 5}, {1, 4}], [{8, 6}, {3, 7}, {4, 5}, {1, 2}], [{8, 6}, {4, 7}, {1, 5}, {2, 3}], [{8, 6}, {4, 7}, {2, 5}, {1, 3}], [{8, 6}, {4, 7}, {3, 5}, {1, 2}], [{8, 6}, {4, 7}, {5}, {1, 3}, {2}], [{8, 6}, {5, 7}, {1, 4}, {2, 3}], [{8, 6}, {5, 7}, {2, 4}, {1, 3}], [{8, 6}, {5, 7}, {3, 4}, {1, 2}], [{8, 7}, {1, 6}, {2, 5}, {3, 4}], [{8, 7}, {1, 6}, {3, 5}, {2, 4}], [{8, 7}, {1, 6}, {3, 5}, {4}, {2}], [{8, 7}, {1, 6}, {4, 5}, {2, 3}], [{8, 7}, {2, 6}, {1, 5}, {3, 4}], [{8, 7}, {2, 6}, {3, 5}, {1, 4}], [{8, 7}, {2, 6}, {3, 5}, {4}, {1}], [{8, 7}, {2, 6}, {4, 5}, {1, 3}], [{8, 7}, {3, 6}, {1, 5}, {2, 4}], [{8, 7}, {3, 6}, {1, 5}, {4}, {2}], [{8, 7}, {3, 6}, {2, 5}, {1, 4}], [{8, 7}, {3, 6}, {2, 5}, {4}, {1}], [{8, 7}, {3, 6}, {4, 5}, {1, 2}], [{8, 7}, {3, 6}, {4, 5}, {2}, {1}], [{8, 7}, {3, 6}, {5}, {1, 4}, {2}], [{8, 7}, {3, 6}, {5}, {2, 4}, {1}], [{8, 7}, {3, 6}, {5}, {4}, {1, 2}], [{8, 7}, {3, 6}, {5}, {4}, {2}, {1}], [{8, 7}, {4, 6}, {1, 5}, {2, 3}], [{8, 7}, {4, 6}, {2, 5}, {1, 3}], [{8, 7}, {4, 6}, {3, 5}, {1, 2}], [{8, 7}, {4, 6}, {3, 5}, {2}, {1}], [{8, 7}, {5, 6}, {1, 4}, {2, 3}], [{8, 7}, {5, 6}, {1, 4}, {3}, {2}], [{8, 7}, {5, 6}, {2, 4}, {1, 3}], [{8, 7}, {5, 6}, {2, 4}, {3}, {1}], [{8, 7}, {5, 6}, {3, 4}, {1, 2}], [{8, 7}, {5, 6}, {3, 4}, {2}, {1}], [{8, 7}, {5, 6}, {4}, {1, 3}, {2}], [{8, 7}, {5, 6}, {4}, {2, 3}, {1}], [{8, 7}, {5, 6}, {4}, {3}, {1, 2}], [{8, 7}, {5, 6}, {4}, {3}, {2}, {1}], [{8, 7}, {6}, {3, 5}, {1, 4}, {2}], [{8, 7}, {6}, {3, 5}, {2, 4}, {1}], [{8, 7}, {6}, {3, 5}, {4}, {1, 2}], [{8, 7}, {6}, {3, 5}, {4}, {2}, {1}], [{8}, {1, 7}, {3, 6}, {5}, {2, 4}], [{8}, {1, 7}, {5, 6}, {2, 4}, {3}], [{8}, {1, 7}, {5, 6}, {3, 4}, {2}], [{8}, {1, 7}, {5, 6}, {4}, {2, 3}], [{8}, {1, 7}, {6}, {3, 5}, {2, 4}], [{8}, {2, 7}, {3, 6}, {5}, {1, 4}], [{8}, {2, 7}, {5, 6}, {1, 4}, {3}], [{8}, {2, 7}, {5, 6}, {3, 4}, {1}], [{8}, {2, 7}, {5, 6}, {4}, {1, 3}], [{8}, {2, 7}, {6}, {3, 5}, {1, 4}], [{8}, {4, 7}, {3, 6}, {2, 5}, {1}], [{8}, {4, 7}, {6}, {3, 5}, {1, 2}], [{8}, {5, 7}, {3, 6}, {2, 4}, {1}], [{8}, {5, 7}, {4, 6}, {1, 3}, {2}], [{8}, {6, 7}, {1, 5}, {4}, {2, 3}], [{8}, {7}, {3, 6}, {1, 5}, {2, 4}], [{8}, {7}, {5, 6}, {3, 4}, {1, 2}], [{8}, {7}, {5, 6}, {3, 4}, {2}, {1}]]",2,4 K_1^3 - 2 K_1^2 - 4 K_1 K_2 - K_1 + K_2 + K_3 + 2,O1O2O3O4U5U6O5U7O8O6U4U3U8U1O7U2,O1O2O3O4U5U2O6U7O5O7U4U3U8U1O8U6,O1O2O3O4U5O6U4U6U2U1O7O8U7O5U3U8,c,{'O1O2O3O4U3O5U4U6U2U1O7O6U5O8U7U8'},1,"<a href=""/flatknot/8.733709"">8.733709</a>",t^9-20t^7-32t^6+19t^5+38t^4+t^3+12t^2-2t-12,-t^2+2t,,
8.733710,O1O2O3O4U3O5U4U6U2U1O7O6U7O8U5U8,3,13z^2+62z+73,13w^3z^2-4w^3z+66w^2z+73w,False,False,"[[ 0  0  0 -1  0  2 -1 -1  1],[ 0  0  0 -1  1  2 -1 -1  1],[ 0  0  0 -1  1  1  0 -1  1],[ 1  1  1  0  1  1  1  0  0],[ 0 -1 -1 -1  0  1  0  0  1],[-2 -2 -1 -1 -1  0 -1 -1  1],[ 1  1  0 -1  0  1  0 -1  1],[ 1  1  1  0  0  1  1  0  0],[-1 -1 -1  0 -1 -1 -1  0  0]]","[[ 0  2  1  0  0  0 -1 -1 -1],[-2  0  1 -1 -1 -2 -1 -1 -1],[-1 -1  0 -1 -1 -1  0  0 -1],[ 0  1  1  0  1  0 -1 -1  0],[ 0  1  1 -1  0 -1  0 -1  0],[ 0  2  1  0  1  0 -1 -1 -1],[ 1  1  0  1  0  1  0  0  1],[ 1  1  0  1  1  1  0  0  1],[ 1  1  1  0  0  1 -1 -1  0]]",True,"[-2,-1,0,0,0,1,1,1,-1,1,1,2,1,1,1,1,1,1,0,0,1,-1,0,1,1,0,1,0,1,0,1,1,1,0,-1,-1]","[-2,-1,0,0,0,1,1,1,-1,1,1,2,1,1,1,1,1,1,0,0,1,-1,0,1,1,0,1,0,1,0,1,1,1,0,-1,-1]",t^8+24t^6+57t^4+29t^2,"[-1,-1,-1,0,0,0,1,2,-1,0,0,0,0,2,2,1,0,1,1,1,2,0,0,1,2,2,0,-1,0,0,-1,0,1,0,1,2]","[-2,-1,0,0,0,1,1,1,2,0,1,1,2,2,2,0,0,0,1,2,2,0,1,0,0,0,1,1,0,0,1,0,1,-1,-1,0]","[-1,-1,-1,0,0,0,1,2,-1,-1,0,0,1,1,1,0,0,1,1,0,1,1,1,1,0,1,-1,-1,1,1,0,1,1,1,2,-1]",c,"[[{8, 3}, {1, 7}, {5, 6}, {2, 4}], [{8, 3}, {2, 7}, {5, 6}, {1, 4}], [{8, 3}, {5, 7}, {1, 6}, {2, 4}], [{8, 3}, {5, 7}, {2, 6}, {1, 4}], [{8, 3}, {6, 7}, {1, 5}, {2, 4}], [{8, 3}, {6, 7}, {2, 5}, {1, 4}], [{8}, {1, 7}, {5, 6}, {2, 4}, {3}], [{8}, {2, 7}, {5, 6}, {1, 4}, {3}]]",1,4 K_1^3 - 14 K_1^2 - 4 K_1 K_2 - K_1 + 7 K_2 + K_3 + 8,O1O2O3O4U5U6O5U7O8O7U4U3U8U1O6U2,O1O2O3O4U5U2O5U6O7O6U4U3U8U1O8U7,O1O2O3O4U5O6U4U6U2U1O7O5U7O8U3U8,c,"{'O1O2O3O4U3O5U4U6U2U1O7O6U7O8U5U8', 'O1O2O3U2O4U3U5U1O6U7O5O8U6U4O7U8'}",2,"<a href=""/flatknot/8.733710"">8.733710</a>",t^9-22t^7-52t^6-16t^5+76t^4+81t^3-6t^2-4t,-t^2+2t,,
8.733711,O1O2O3O4U3O5U4U6U2U7O8O6U5O7U1U8,4,z^3+32z^2+110z+101,w^4z^3-4w^4z^2+36w^3z^2+110w^2z+101w,False,False,"[[ 0 -1  0 -1  0  2 -1  1  0],[ 1  0  0 -1  0  3 -1  1  0],[ 0  0  0 -1  1  1  0  0  0],[ 1  1  1  0  1  1  1  1  0],[ 0  0 -1 -1  0  1  0 -1  1],[-2 -3 -1 -1 -1  0 -2 -1 -1],[ 1  1  0 -1  0  2  0  1  1],[-1 -1  0 -1  1  1 -1  0  0],[ 0  0  0  0 -1  1 -1  0  0]]","[[ 0  2  1  0  0  0 -1 -1 -1],[-2  0 -1 -1 -1 -1 -1 -2 -3],[-1  1  0  1  0  0 -1 -1 -1],[ 0  1 -1  0  1 -1 -1  0  0],[ 0  1  0 -1  0  0  0 -1  0],[ 0  1  0  1  0  0 -1  0  0],[ 1  1  1  1  0  1  0  1  1],[ 1  2  1  0  1  0 -1  0  1],[ 1  3  1  0  0  0 -1 -1  0]]",True,"[-2,-1,0,0,0,1,1,1,1,1,1,1,1,2,3,-1,0,0,1,1,1,-1,1,1,0,0,0,0,1,0,1,0,0,-1,-1,-1]","[-2,-1,0,0,0,1,1,1,0,1,1,1,0,1,2,1,1,2,1,1,1,0,-1,1,0,1,1,1,1,0,1,1,0,-1,-1,-1]",t^8+30t^6+127t^4+57t^2+4,"[-1,-1,-1,0,0,0,1,2,-1,-1,0,0,1,1,2,-1,1,1,0,1,1,1,1,1,1,0,-1,0,1,1,-1,2,1,1,1,0]","[-2,-1,0,0,0,1,1,1,0,1,1,1,0,1,2,1,1,2,1,1,1,0,-1,1,0,1,1,1,1,0,1,1,0,-1,-1,-1]","[-1,-1,-1,0,0,0,1,2,-1,-1,0,0,0,1,3,-1,0,0,1,1,2,1,1,0,1,1,-1,1,-1,1,0,0,1,0,1,1]",c,"[[{8, 1}, {2, 7}, {3, 6}, {4, 5}], [{8, 1}, {2, 7}, {4, 6}, {3, 5}], [{8, 1}, {2, 7}, {5, 6}, {3, 4}], [{8, 1}, {2, 7}, {6}, {3, 5}, {4}], [{8, 1}, {3, 7}, {2, 6}, {4, 5}], [{8, 1}, {3, 7}, {4, 6}, {2, 5}], [{8, 1}, {3, 7}, {5, 6}, {2, 4}], [{8, 1}, {4, 7}, {2, 6}, {3, 5}], [{8, 1}, {4, 7}, {3, 6}, {2, 5}], [{8, 1}, {4, 7}, {5, 6}, {2, 3}], [{8, 1}, {4, 7}, {6}, {3, 5}, {2}], [{8, 1}, {5, 7}, {2, 6}, {3, 4}], [{8, 1}, {5, 7}, {3, 6}, {2, 4}], [{8, 1}, {5, 7}, {4, 6}, {2, 3}], [{8, 1}, {6, 7}, {2, 5}, {3, 4}], [{8, 1}, {6, 7}, {3, 5}, {2, 4}], [{8, 1}, {6, 7}, {4, 5}, {2, 3}], [{8, 1}, {6, 7}, {4, 5}, {3}, {2}], [{8, 1}, {7}, {3, 6}, {5}, {2, 4}], [{8, 1}, {7}, {5, 6}, {2, 4}, {3}], [{8, 1}, {7}, {6}, {3, 5}, {2, 4}], [{8, 2}, {1, 7}, {3, 6}, {4, 5}], [{8, 2}, {1, 7}, {3, 6}, {5}, {4}], [{8, 2}, {1, 7}, {4, 6}, {3, 5}], [{8, 2}, {1, 7}, {4, 6}, {5}, {3}], [{8, 2}, {1, 7}, {5, 6}, {3, 4}], [{8, 2}, {1, 7}, {5, 6}, {4}, {3}], [{8, 2}, {1, 7}, {6}, {3, 5}, {4}], [{8, 2}, {1, 7}, {6}, {4, 5}, {3}], [{8, 2}, {1, 7}, {6}, {5}, {3, 4}], [{8, 2}, {3, 7}, {1, 6}, {4, 5}], [{8, 2}, {3, 7}, {4, 6}, {1, 5}], [{8, 2}, {3, 7}, {5, 6}, {1, 4}], [{8, 2}, {4, 7}, {1, 6}, {3, 5}], [{8, 2}, {4, 7}, {3, 6}, {1, 5}], [{8, 2}, {4, 7}, {3, 6}, {5}, {1}], [{8, 2}, {4, 7}, {5, 6}, {1, 3}], [{8, 2}, {4, 7}, {5, 6}, {3}, {1}], [{8, 2}, {4, 7}, {6}, {3, 5}, {1}], [{8, 2}, {5, 7}, {1, 6}, {3, 4}], [{8, 2}, {5, 7}, {3, 6}, {1, 4}], [{8, 2}, {5, 7}, {4, 6}, {1, 3}], [{8, 2}, {6, 7}, {1, 5}, {3, 4}], [{8, 2}, {6, 7}, {3, 5}, {1, 4}], [{8, 2}, {6, 7}, {4, 5}, {1, 3}], [{8, 2}, {6, 7}, {5}, {3, 4}, {1}], [{8, 2}, {7}, {1, 6}, {5}, {3, 4}], [{8, 2}, {7}, {3, 6}, {5}, {1, 4}], [{8, 2}, {7}, {5, 6}, {1, 4}, {3}], [{8, 2}, {7}, {6}, {3, 5}, {1, 4}], [{8, 3}, {1, 7}, {2, 6}, {4, 5}], [{8, 3}, {1, 7}, {4, 6}, {2, 5}], [{8, 3}, {1, 7}, {5, 6}, {2, 4}], [{8, 3}, {1, 7}, {5, 6}, {4}, {2}], [{8, 3}, {1, 7}, {6}, {5}, {2, 4}], [{8, 3}, {2, 7}, {1, 6}, {4, 5}], [{8, 3}, {2, 7}, {4, 6}, {1, 5}], [{8, 3}, {2, 7}, {5, 6}, {1, 4}], [{8, 3}, {2, 7}, {6}, {5}, {1, 4}], [{8, 3}, {4, 7}, {1, 6}, {2, 5}], [{8, 3}, {4, 7}, {2, 6}, {1, 5}], [{8, 3}, {4, 7}, {5, 6}, {1, 2}], [{8, 3}, {5, 7}, {1, 6}, {2, 4}], [{8, 3}, {5, 7}, {2, 6}, {1, 4}], [{8, 3}, {5, 7}, {4, 6}, {1, 2}], [{8, 3}, {5, 7}, {6}, {4}, {1, 2}], [{8, 3}, {6, 7}, {1, 5}, {2, 4}], [{8, 3}, {6, 7}, {2, 5}, {1, 4}], [{8, 3}, {6, 7}, {4, 5}, {1, 2}], [{8, 3}, {6, 7}, {5}, {2, 4}, {1}], [{8, 3}, {7}, {1, 6}, {5}, {2, 4}], [{8, 4}, {1, 7}, {2, 6}, {3, 5}], [{8, 4}, {1, 7}, {3, 6}, {2, 5}], [{8, 4}, {1, 7}, {3, 6}, {5}, {2}], [{8, 4}, {1, 7}, {5, 6}, {2, 3}], [{8, 4}, {1, 7}, {5, 6}, {3}, {2}], [{8, 4}, {1, 7}, {6}, {3, 5}, {2}], [{8, 4}, {2, 7}, {1, 6}, {3, 5}], [{8, 4}, {2, 7}, {3, 6}, {1, 5}], [{8, 4}, {2, 7}, {5, 6}, {1, 3}], [{8, 4}, {2, 7}, {6}, {3, 5}, {1}], [{8, 4}, {3, 7}, {1, 6}, {2, 5}], [{8, 4}, {3, 7}, {2, 6}, {1, 5}], [{8, 4}, {3, 7}, {5, 6}, {1, 2}], [{8, 4}, {3, 7}, {6}, {5}, {1, 2}], [{8, 4}, {5, 7}, {1, 6}, {2, 3}], [{8, 4}, {5, 7}, {2, 6}, {1, 3}], [{8, 4}, {5, 7}, {3, 6}, {1, 2}], [{8, 4}, {5, 7}, {6}, {3}, {1, 2}], [{8, 4}, {6, 7}, {1, 5}, {2, 3}], [{8, 4}, {6, 7}, {2, 5}, {1, 3}], [{8, 4}, {6, 7}, {3, 5}, {1, 2}], [{8, 4}, {6, 7}, {5}, {2, 3}, {1}], [{8, 4}, {7}, {3, 6}, {2, 5}, {1}], [{8, 4}, {7}, {6}, {3, 5}, {1, 2}], [{8, 5}, {1, 7}, {2, 6}, {3, 4}], [{8, 5}, {1, 7}, {3, 6}, {2, 4}], [{8, 5}, {1, 7}, {3, 6}, {4}, {2}], [{8, 5}, {1, 7}, {4, 6}, {2, 3}], [{8, 5}, {1, 7}, {6}, {2, 4}, {3}], [{8, 5}, {2, 7}, {1, 6}, {3, 4}], [{8, 5}, {2, 7}, {3, 6}, {1, 4}], [{8, 5}, {2, 7}, {4, 6}, {1, 3}], [{8, 5}, {2, 7}, {6}, {1, 4}, {3}], [{8, 5}, {3, 7}, {1, 6}, {2, 4}], [{8, 5}, {3, 7}, {2, 6}, {1, 4}], [{8, 5}, {3, 7}, {4, 6}, {1, 2}], [{8, 5}, {3, 7}, {6}, {1, 4}, {2}], [{8, 5}, {4, 7}, {1, 6}, {2, 3}], [{8, 5}, {4, 7}, {2, 6}, {1, 3}], [{8, 5}, {4, 7}, {3, 6}, {1, 2}], [{8, 5}, {6, 7}, {1, 4}, {2, 3}], [{8, 5}, {6, 7}, {2, 4}, {1, 3}], [{8, 5}, {6, 7}, {3, 4}, {1, 2}], [{8, 5}, {7}, {1, 6}, {3, 4}, {2}], [{8, 5}, {7}, {6}, {1, 4}, {2, 3}], [{8, 6}, {1, 7}, {2, 5}, {3, 4}], [{8, 6}, {1, 7}, {3, 5}, {2, 4}], [{8, 6}, {1, 7}, {3, 5}, {4}, {2}], [{8, 6}, {1, 7}, {4, 5}, {2, 3}], [{8, 6}, {1, 7}, {5}, {2, 4}, {3}], [{8, 6}, {2, 7}, {1, 5}, {3, 4}], [{8, 6}, {2, 7}, {3, 5}, {1, 4}], [{8, 6}, {2, 7}, {4, 5}, {1, 3}], [{8, 6}, {3, 7}, {1, 5}, {2, 4}], [{8, 6}, {3, 7}, {2, 5}, {1, 4}], [{8, 6}, {3, 7}, {4, 5}, {1, 2}], [{8, 6}, {4, 7}, {1, 5}, {2, 3}], [{8, 6}, {4, 7}, {2, 5}, {1, 3}], [{8, 6}, {4, 7}, {3, 5}, {1, 2}], [{8, 6}, {4, 7}, {5}, {1, 3}, {2}], [{8, 6}, {5, 7}, {1, 4}, {2, 3}], [{8, 6}, {5, 7}, {1, 4}, {3}, {2}], [{8, 6}, {5, 7}, {2, 4}, {1, 3}], [{8, 6}, {5, 7}, {3, 4}, {1, 2}], [{8, 7}, {1, 6}, {2, 5}, {3, 4}], [{8, 7}, {1, 6}, {3, 5}, {2, 4}], [{8, 7}, {1, 6}, {4, 5}, {2, 3}], [{8, 7}, {2, 6}, {1, 5}, {3, 4}], [{8, 7}, {2, 6}, {1, 5}, {4}, {3}], [{8, 7}, {2, 6}, {3, 5}, {1, 4}], [{8, 7}, {2, 6}, {4, 5}, {1, 3}], [{8, 7}, {3, 6}, {1, 5}, {2, 4}], [{8, 7}, {3, 6}, {2, 5}, {1, 4}], [{8, 7}, {3, 6}, {4, 5}, {1, 2}], [{8, 7}, {3, 6}, {5}, {2, 4}, {1}], [{8, 7}, {4, 6}, {1, 5}, {2, 3}], [{8, 7}, {4, 6}, {2, 5}, {1, 3}], [{8, 7}, {4, 6}, {3, 5}, {1, 2}], [{8, 7}, {5, 6}, {1, 4}, {2, 3}], [{8, 7}, {5, 6}, {2, 4}, {1, 3}], [{8, 7}, {5, 6}, {2, 4}, {3}, {1}], [{8, 7}, {5, 6}, {3, 4}, {1, 2}], [{8, 7}, {6}, {1, 5}, {3, 4}, {2}], [{8, 7}, {6}, {2, 5}, {4}, {1, 3}], [{8, 7}, {6}, {3, 5}, {1, 4}, {2}], [{8, 7}, {6}, {3, 5}, {2, 4}, {1}], [{8, 7}, {6}, {3, 5}, {4}, {1, 2}], [{8}, {1, 7}, {2, 6}, {3, 5}, {4}], [{8}, {1, 7}, {3, 6}, {2, 5}, {4}], [{8}, {1, 7}, {3, 6}, {4, 5}, {2}], [{8}, {1, 7}, {3, 6}, {5}, {2, 4}], [{8}, {1, 7}, {3, 6}, {5}, {4}, {2}], [{8}, {1, 7}, {4, 6}, {3, 5}, {2}], [{8}, {1, 7}, {5, 6}, {2, 4}, {3}], [{8}, {1, 7}, {5, 6}, {3, 4}, {2}], [{8}, {1, 7}, {5, 6}, {4}, {2, 3}], [{8}, {1, 7}, {5, 6}, {4}, {3}, {2}], [{8}, {1, 7}, {6}, {3, 5}, {2, 4}], [{8}, {1, 7}, {6}, {3, 5}, {4}, {2}], [{8}, {2, 7}, {6}, {3, 5}, {1, 4}], [{8}, {4, 7}, {6}, {3, 5}, {1, 2}], [{8}, {5, 7}, {6}, {3, 4}, {1, 2}], [{8}, {7}, {1, 6}, {2, 5}, {3, 4}], [{8}, {7}, {2, 6}, {1, 5}, {3, 4}]]",2,4 K_1^3 - 2 K_1^2 - 4 K_1 K_2 - K_1 + K_2 + K_3 + 2,O1O2O3O4U5U4O6U7O8O5U6U3U8U1O7U2,O1O2O3O4U5U2O6U4O7O5U7U3U8U1O8U6,O1O2O3O4U5O6U4U6U2U7O8O7U1O5U3U8,c,{'O1O2O3O4U3O5U4U6U2U7O8O6U5O7U1U8'},1,"<a href=""/flatknot/8.733711"">8.733711</a>",t^9-28t^7-62t^6+24t^5+138t^4+50t^3-50t^2-20t-2,-t^2+2t,,
8.733712,O1O2O3O4U3O5U4U6U7U1O7O6U2O8U5U8,3,17z^2+70z+73,17w^3z^2+70w^2z+73w,False,False,"[[ 0  0  0 -1  0  2 -1 -1  1],[ 0  0 -1 -1  1  1  1  0  1],[ 0  1  0 -1  1  2  0  0  1],[ 1  1  1  0  1  1  1  1  0],[ 0 -1 -1 -1  0  1  0  0  1],[-2 -1 -2 -1 -1  0 -2 -2  1],[ 1 -1  0 -1  0  2  0  0  1],[ 1  0  0 -1  0  2  0  0  1],[-1 -1 -1  0 -1 -1 -1 -1  0]]","[[ 0  2  1  0  0  0 -1 -1 -1],[-2  0  1 -1 -1 -2 -1 -2 -2],[-1 -1  0 -1 -1 -1  0 -1 -1],[ 0  1  1  0  1 -1 -1  1  0],[ 0  1  1 -1  0 -1 -1  0  0],[ 0  2  1  1  1  0 -1  0  0],[ 1  1  0  1  1  1  0  1  1],[ 1  2  1 -1  0  0 -1  0  0],[ 1  2  1  0  0  0 -1  0  0]]",True,"[-2,-1,0,0,0,1,1,1,-1,1,1,2,1,2,2,1,1,1,0,1,1,-1,1,1,-1,0,1,1,0,0,1,0,0,-1,-1,0]","[-2,-1,0,0,0,1,1,1,-1,1,1,2,1,2,2,1,1,1,0,1,1,-1,1,1,-1,0,1,1,0,0,1,0,0,-1,-1,0]",t^8+30t^6+78t^4+8t^2,"[-1,-1,-1,0,0,0,1,2,-1,-1,0,0,0,2,2,0,1,1,1,1,1,1,1,2,1,1,-1,-1,0,0,1,0,1,0,1,2]","[-2,-1,0,0,0,1,1,1,2,0,1,1,1,1,2,0,0,0,1,1,2,1,1,1,1,0,-1,1,1,0,1,2,0,0,-1,-1]","[-1,-1,-1,0,0,0,1,2,-1,0,-1,0,0,1,2,1,1,1,1,0,1,0,0,0,1,2,-1,1,1,1,1,1,2,1,1,-1]",c,"[[{8, 1}, {2, 7}, {3, 6}, {4, 5}], [{8, 1}, {2, 7}, {3, 6}, {5}, {4}], [{8, 1}, {2, 7}, {4, 6}, {3, 5}], [{8, 1}, {2, 7}, {5, 6}, {3, 4}], [{8, 1}, {2, 7}, {5, 6}, {4}, {3}], [{8, 1}, {2, 7}, {6}, {3, 5}, {4}], [{8, 1}, {3, 7}, {2, 6}, {4, 5}], [{8, 1}, {3, 7}, {4, 6}, {2, 5}], [{8, 1}, {3, 7}, {5, 6}, {2, 4}], [{8, 1}, {3, 7}, {6}, {2, 5}, {4}], [{8, 1}, {4, 7}, {2, 6}, {3, 5}], [{8, 1}, {4, 7}, {3, 6}, {2, 5}], [{8, 1}, {4, 7}, {5, 6}, {2, 3}], [{8, 1}, {5, 7}, {2, 6}, {3, 4}], [{8, 1}, {5, 7}, {2, 6}, {4}, {3}], [{8, 1}, {5, 7}, {3, 6}, {2, 4}], [{8, 1}, {5, 7}, {4, 6}, {2, 3}], [{8, 1}, {5, 7}, {6}, {3, 4}, {2}], [{8, 1}, {6, 7}, {2, 5}, {3, 4}], [{8, 1}, {6, 7}, {3, 5}, {2, 4}], [{8, 1}, {6, 7}, {4, 5}, {2, 3}], [{8, 1}, {7}, {2, 6}, {5}, {3, 4}], [{8, 2}, {1, 7}, {3, 6}, {4, 5}], [{8, 2}, {1, 7}, {3, 6}, {5}, {4}], [{8, 2}, {1, 7}, {4, 6}, {3, 5}], [{8, 2}, {1, 7}, {4, 6}, {5}, {3}], [{8, 2}, {1, 7}, {5, 6}, {3, 4}], [{8, 2}, {1, 7}, {5, 6}, {4}, {3}], [{8, 2}, {1, 7}, {6}, {3, 5}, {4}], [{8, 2}, {1, 7}, {6}, {4, 5}, {3}], [{8, 2}, {1, 7}, {6}, {5}, {3, 4}], [{8, 2}, {1, 7}, {6}, {5}, {4}, {3}], [{8, 2}, {3, 7}, {1, 6}, {4, 5}], [{8, 2}, {3, 7}, {4, 6}, {1, 5}], [{8, 2}, {3, 7}, {5, 6}, {1, 4}], [{8, 2}, {3, 7}, {6}, {1, 5}, {4}], [{8, 2}, {4, 7}, {1, 6}, {3, 5}], [{8, 2}, {4, 7}, {1, 6}, {5}, {3}], [{8, 2}, {4, 7}, {3, 6}, {1, 5}], [{8, 2}, {4, 7}, {5, 6}, {1, 3}], [{8, 2}, {4, 7}, {6}, {3, 5}, {1}], [{8, 2}, {5, 7}, {1, 6}, {3, 4}], [{8, 2}, {5, 7}, {3, 6}, {1, 4}], [{8, 2}, {5, 7}, {4, 6}, {1, 3}], [{8, 2}, {5, 7}, {6}, {4}, {1, 3}], [{8, 2}, {6, 7}, {1, 5}, {3, 4}], [{8, 2}, {6, 7}, {3, 5}, {1, 4}], [{8, 2}, {6, 7}, {3, 5}, {4}, {1}], [{8, 2}, {6, 7}, {4, 5}, {1, 3}], [{8, 2}, {6, 7}, {5}, {1, 4}, {3}], [{8, 2}, {7}, {1, 6}, {3, 5}, {4}], [{8, 2}, {7}, {4, 6}, {3, 5}, {1}], [{8, 2}, {7}, {6}, {3, 5}, {1, 4}], [{8, 2}, {7}, {6}, {3, 5}, {4}, {1}], [{8, 3}, {1, 7}, {2, 6}, {4, 5}], [{8, 3}, {1, 7}, {2, 6}, {5}, {4}], [{8, 3}, {1, 7}, {4, 6}, {2, 5}], [{8, 3}, {1, 7}, {4, 6}, {5}, {2}], [{8, 3}, {1, 7}, {5, 6}, {2, 4}], [{8, 3}, {1, 7}, {5, 6}, {4}, {2}], [{8, 3}, {1, 7}, {6}, {2, 5}, {4}], [{8, 3}, {1, 7}, {6}, {4, 5}, {2}], [{8, 3}, {1, 7}, {6}, {5}, {2, 4}], [{8, 3}, {1, 7}, {6}, {5}, {4}, {2}], [{8, 3}, {2, 7}, {1, 6}, {4, 5}], [{8, 3}, {2, 7}, {1, 6}, {5}, {4}], [{8, 3}, {2, 7}, {4, 6}, {1, 5}], [{8, 3}, {2, 7}, {4, 6}, {5}, {1}], [{8, 3}, {2, 7}, {5, 6}, {1, 4}], [{8, 3}, {2, 7}, {5, 6}, {4}, {1}], [{8, 3}, {2, 7}, {6}, {1, 5}, {4}], [{8, 3}, {2, 7}, {6}, {4, 5}, {1}], [{8, 3}, {2, 7}, {6}, {5}, {1, 4}], [{8, 3}, {4, 7}, {1, 6}, {2, 5}], [{8, 3}, {4, 7}, {1, 6}, {5}, {2}], [{8, 3}, {4, 7}, {2, 6}, {1, 5}], [{8, 3}, {4, 7}, {2, 6}, {5}, {1}], [{8, 3}, {4, 7}, {5, 6}, {1, 2}], [{8, 3}, {4, 7}, {5, 6}, {2}, {1}], [{8, 3}, {4, 7}, {6}, {1, 5}, {2}], [{8, 3}, {4, 7}, {6}, {2, 5}, {1}], [{8, 3}, {4, 7}, {6}, {5}, {1, 2}], [{8, 3}, {5, 7}, {1, 6}, {2, 4}], [{8, 3}, {5, 7}, {1, 6}, {4}, {2}], [{8, 3}, {5, 7}, {2, 6}, {1, 4}], [{8, 3}, {5, 7}, {2, 6}, {4}, {1}], [{8, 3}, {5, 7}, {4, 6}, {1, 2}], [{8, 3}, {5, 7}, {4, 6}, {2}, {1}], [{8, 3}, {5, 7}, {6}, {1, 4}, {2}], [{8, 3}, {5, 7}, {6}, {2, 4}, {1}], [{8, 3}, {5, 7}, {6}, {4}, {1, 2}], [{8, 3}, {6, 7}, {1, 5}, {2, 4}], [{8, 3}, {6, 7}, {1, 5}, {4}, {2}], [{8, 3}, {6, 7}, {2, 5}, {1, 4}], [{8, 3}, {6, 7}, {2, 5}, {4}, {1}], [{8, 3}, {6, 7}, {4, 5}, {1, 2}], [{8, 3}, {6, 7}, {4, 5}, {2}, {1}], [{8, 3}, {6, 7}, {5}, {1, 4}, {2}], [{8, 3}, {6, 7}, {5}, {2, 4}, {1}], [{8, 3}, {6, 7}, {5}, {4}, {1, 2}], [{8, 3}, {7}, {1, 6}, {2, 5}, {4}], [{8, 3}, {7}, {1, 6}, {4, 5}, {2}], [{8, 3}, {7}, {1, 6}, {5}, {2, 4}], [{8, 3}, {7}, {2, 6}, {1, 5}, {4}], [{8, 3}, {7}, {2, 6}, {4, 5}, {1}], [{8, 3}, {7}, {2, 6}, {5}, {1, 4}], [{8, 3}, {7}, {4, 6}, {1, 5}, {2}], [{8, 3}, {7}, {4, 6}, {2, 5}, {1}], [{8, 3}, {7}, {4, 6}, {5}, {1, 2}], [{8, 3}, {7}, {5, 6}, {1, 4}, {2}], [{8, 3}, {7}, {5, 6}, {2, 4}, {1}], [{8, 3}, {7}, {5, 6}, {4}, {1, 2}], [{8, 3}, {7}, {6}, {1, 5}, {2, 4}], [{8, 3}, {7}, {6}, {2, 5}, {1, 4}], [{8, 3}, {7}, {6}, {2, 5}, {4}, {1}], [{8, 3}, {7}, {6}, {4, 5}, {1, 2}], [{8, 4}, {1, 7}, {2, 6}, {3, 5}], [{8, 4}, {1, 7}, {2, 6}, {5}, {3}], [{8, 4}, {1, 7}, {3, 6}, {2, 5}], [{8, 4}, {1, 7}, {3, 6}, {5}, {2}], [{8, 4}, {1, 7}, {5, 6}, {2, 3}], [{8, 4}, {1, 7}, {5, 6}, {3}, {2}], [{8, 4}, {1, 7}, {6}, {2, 5}, {3}], [{8, 4}, {1, 7}, {6}, {3, 5}, {2}], [{8, 4}, {1, 7}, {6}, {5}, {2, 3}], [{8, 4}, {1, 7}, {6}, {5}, {3}, {2}], [{8, 4}, {2, 7}, {1, 6}, {3, 5}], [{8, 4}, {2, 7}, {3, 6}, {1, 5}], [{8, 4}, {2, 7}, {5, 6}, {1, 3}], [{8, 4}, {2, 7}, {5, 6}, {3}, {1}], [{8, 4}, {2, 7}, {6}, {5}, {1, 3}], [{8, 4}, {3, 7}, {1, 6}, {2, 5}], [{8, 4}, {3, 7}, {2, 6}, {1, 5}], [{8, 4}, {3, 7}, {5, 6}, {1, 2}], [{8, 4}, {3, 7}, {5, 6}, {2}, {1}], [{8, 4}, {3, 7}, {6}, {5}, {1, 2}], [{8, 4}, {5, 7}, {1, 6}, {2, 3}], [{8, 4}, {5, 7}, {2, 6}, {1, 3}], [{8, 4}, {5, 7}, {2, 6}, {3}, {1}], [{8, 4}, {5, 7}, {3, 6}, {1, 2}], [{8, 4}, {6, 7}, {1, 5}, {2, 3}], [{8, 4}, {6, 7}, {2, 5}, {1, 3}], [{8, 4}, {6, 7}, {3, 5}, {1, 2}], [{8, 4}, {7}, {2, 6}, {1, 5}, {3}], [{8, 4}, {7}, {5, 6}, {1, 3}, {2}], [{8, 4}, {7}, {5, 6}, {2, 3}, {1}], [{8, 4}, {7}, {5, 6}, {3}, {1, 2}], [{8, 5}, {1, 7}, {2, 6}, {3, 4}], [{8, 5}, {1, 7}, {2, 6}, {4}, {3}], [{8, 5}, {1, 7}, {3, 6}, {2, 4}], [{8, 5}, {1, 7}, {3, 6}, {4}, {2}], [{8, 5}, {1, 7}, {4, 6}, {2, 3}], [{8, 5}, {1, 7}, {4, 6}, {3}, {2}], [{8, 5}, {1, 7}, {6}, {2, 4}, {3}], [{8, 5}, {1, 7}, {6}, {3, 4}, {2}], [{8, 5}, {1, 7}, {6}, {4}, {2, 3}], [{8, 5}, {1, 7}, {6}, {4}, {3}, {2}], [{8, 5}, {2, 7}, {1, 6}, {3, 4}], [{8, 5}, {2, 7}, {3, 6}, {1, 4}], [{8, 5}, {2, 7}, {4, 6}, {1, 3}], [{8, 5}, {3, 7}, {1, 6}, {2, 4}], [{8, 5}, {3, 7}, {2, 6}, {1, 4}], [{8, 5}, {3, 7}, {4, 6}, {1, 2}], [{8, 5}, {4, 7}, {1, 6}, {2, 3}], [{8, 5}, {4, 7}, {1, 6}, {3}, {2}], [{8, 5}, {4, 7}, {2, 6}, {1, 3}], [{8, 5}, {4, 7}, {3, 6}, {1, 2}], [{8, 5}, {6, 7}, {1, 4}, {2, 3}], [{8, 5}, {6, 7}, {1, 4}, {3}, {2}], [{8, 5}, {6, 7}, {2, 4}, {1, 3}], [{8, 5}, {6, 7}, {3, 4}, {1, 2}], [{8, 5}, {7}, {2, 6}, {3, 4}, {1}], [{8, 6}, {1, 7}, {2, 5}, {3, 4}], [{8, 6}, {1, 7}, {2, 5}, {4}, {3}], [{8, 6}, {1, 7}, {3, 5}, {2, 4}], [{8, 6}, {1, 7}, {3, 5}, {4}, {2}], [{8, 6}, {1, 7}, {4, 5}, {2, 3}], [{8, 6}, {1, 7}, {4, 5}, {3}, {2}], [{8, 6}, {1, 7}, {5}, {2, 4}, {3}], [{8, 6}, {1, 7}, {5}, {3, 4}, {2}], [{8, 6}, {1, 7}, {5}, {4}, {2, 3}], [{8, 6}, {1, 7}, {5}, {4}, {3}, {2}], [{8, 6}, {2, 7}, {1, 5}, {3, 4}], [{8, 6}, {2, 7}, {3, 5}, {1, 4}], [{8, 6}, {2, 7}, {4, 5}, {1, 3}], [{8, 6}, {3, 7}, {1, 5}, {2, 4}], [{8, 6}, {3, 7}, {1, 5}, {4}, {2}], [{8, 6}, {3, 7}, {2, 5}, {1, 4}], [{8, 6}, {3, 7}, {4, 5}, {1, 2}], [{8, 6}, {4, 7}, {1, 5}, {2, 3}], [{8, 6}, {4, 7}, {2, 5}, {1, 3}], [{8, 6}, {4, 7}, {3, 5}, {1, 2}], [{8, 6}, {5, 7}, {1, 4}, {2, 3}], [{8, 6}, {5, 7}, {2, 4}, {1, 3}], [{8, 6}, {5, 7}, {3, 4}, {1, 2}], [{8, 6}, {5, 7}, {4}, {1, 3}, {2}], [{8, 7}, {1, 6}, {2, 5}, {3, 4}], [{8, 7}, {1, 6}, {3, 5}, {2, 4}], [{8, 7}, {1, 6}, {4, 5}, {2, 3}], [{8, 7}, {2, 6}, {1, 5}, {3, 4}], [{8, 7}, {2, 6}, {1, 5}, {4}, {3}], [{8, 7}, {2, 6}, {3, 5}, {1, 4}], [{8, 7}, {2, 6}, {4, 5}, {1, 3}], [{8, 7}, {2, 6}, {5}, {3, 4}, {1}], [{8, 7}, {3, 6}, {1, 5}, {2, 4}], [{8, 7}, {3, 6}, {2, 5}, {1, 4}], [{8, 7}, {3, 6}, {4, 5}, {1, 2}], [{8, 7}, {3, 6}, {5}, {4}, {1, 2}], [{8, 7}, {4, 6}, {1, 5}, {2, 3}], [{8, 7}, {4, 6}, {2, 5}, {1, 3}], [{8, 7}, {4, 6}, {3, 5}, {1, 2}], [{8, 7}, {5, 6}, {1, 4}, {2, 3}], [{8, 7}, {5, 6}, {2, 4}, {1, 3}], [{8, 7}, {5, 6}, {3, 4}, {1, 2}], [{8, 7}, {5, 6}, {4}, {3}, {1, 2}], [{8, 7}, {6}, {1, 5}, {3, 4}, {2}], [{8, 7}, {6}, {2, 5}, {4}, {1, 3}], [{8, 7}, {6}, {3, 5}, {4}, {1, 2}], [{8}, {1, 7}, {2, 6}, {3, 5}, {4}], [{8}, {1, 7}, {2, 6}, {4, 5}, {3}], [{8}, {1, 7}, {2, 6}, {5}, {3, 4}], [{8}, {1, 7}, {2, 6}, {5}, {4}, {3}], [{8}, {1, 7}, {3, 6}, {2, 5}, {4}], [{8}, {1, 7}, {3, 6}, {4, 5}, {2}], [{8}, {1, 7}, {3, 6}, {5}, {2, 4}], [{8}, {1, 7}, {3, 6}, {5}, {4}, {2}], [{8}, {1, 7}, {4, 6}, {2, 5}, {3}], [{8}, {1, 7}, {4, 6}, {3, 5}, {2}], [{8}, {1, 7}, {4, 6}, {5}, {2, 3}], [{8}, {1, 7}, {4, 6}, {5}, {3}, {2}], [{8}, {1, 7}, {5, 6}, {2, 4}, {3}], [{8}, {1, 7}, {5, 6}, {3, 4}, {2}], [{8}, {1, 7}, {5, 6}, {4}, {2, 3}], [{8}, {1, 7}, {5, 6}, {4}, {3}, {2}], [{8}, {1, 7}, {6}, {2, 5}, {3, 4}], [{8}, {1, 7}, {6}, {2, 5}, {4}, {3}], [{8}, {1, 7}, {6}, {3, 5}, {2, 4}], [{8}, {1, 7}, {6}, {3, 5}, {4}, {2}], [{8}, {1, 7}, {6}, {4, 5}, {2, 3}], [{8}, {1, 7}, {6}, {4, 5}, {3}, {2}], [{8}, {1, 7}, {6}, {5}, {2, 4}, {3}], [{8}, {1, 7}, {6}, {5}, {3, 4}, {2}], [{8}, {1, 7}, {6}, {5}, {4}, {2, 3}], [{8}, {1, 7}, {6}, {5}, {4}, {3}, {2}], [{8}, {2, 7}, {1, 6}, {4, 5}, {3}], [{8}, {2, 7}, {4, 6}, {1, 5}, {3}], [{8}, {2, 7}, {5, 6}, {1, 4}, {3}], [{8}, {2, 7}, {5, 6}, {3, 4}, {1}], [{8}, {2, 7}, {5, 6}, {4}, {1, 3}], [{8}, {2, 7}, {5, 6}, {4}, {3}, {1}], [{8}, {3, 7}, {2, 6}, {1, 5}, {4}], [{8}, {3, 7}, {5, 6}, {4}, {1, 2}], [{8}, {4, 7}, {1, 6}, {2, 5}, {3}], [{8}, {4, 7}, {1, 6}, {3, 5}, {2}], [{8}, {4, 7}, {1, 6}, {5}, {2, 3}], [{8}, {4, 7}, {1, 6}, {5}, {3}, {2}], [{8}, {4, 7}, {2, 6}, {1, 5}, {3}], [{8}, {4, 7}, {5, 6}, {3}, {1, 2}], [{8}, {5, 7}, {1, 6}, {2, 4}, {3}], [{8}, {5, 7}, {2, 6}, {1, 4}, {3}], [{8}, {5, 7}, {2, 6}, {3, 4}, {1}], [{8}, {5, 7}, {2, 6}, {4}, {1, 3}], [{8}, {5, 7}, {2, 6}, {4}, {3}, {1}], [{8}, {5, 7}, {4, 6}, {3}, {1, 2}], [{8}, {6, 7}, {1, 5}, {2, 4}, {3}], [{8}, {6, 7}, {2, 5}, {1, 4}, {3}], [{8}, {6, 7}, {3, 5}, {1, 4}, {2}], [{8}, {6, 7}, {4, 5}, {3}, {1, 2}], [{8}, {6, 7}, {5}, {1, 4}, {2, 3}], [{8}, {6, 7}, {5}, {1, 4}, {3}, {2}], [{8}, {7}, {2, 6}, {1, 5}, {3, 4}], [{8}, {7}, {2, 6}, {1, 5}, {4}, {3}], [{8}, {7}, {5, 6}, {3, 4}, {1, 2}], [{8}, {7}, {5, 6}, {4}, {3}, {1, 2}]]",2,- 2 K_1^2 + K_2 + 2,O1O2O3O4U5U6O5U3O7O8U4U8U7U1O6U2,O1O2O3O4U3U2O5U6O7O6U4U5U8U1O8U7,O1O2O3O4U5O6U4U6U7U1O8O5U8O7U3U2,c,{'O1O2O3O4U3O5U4U6U7U1O7O6U2O8U5U8'},1,"<a href=""/flatknot/8.733712"">8.733712</a>",t^9-28t^7-64t^6-t^5+96t^4+64t^3-4t^2-8t,-t^2+2t,,
8.733713,O1O2O3O4U3O5U4U6U7U1O7O6U5O8U2U8,4,4z^3+28z^2+85z+91,4w^4z^3-4w^4z^2+32w^3z^2-12w^3z+97w^2z+91w,False,False,"[[ 0  0  0 -1  0  2 -1 -1  1],[ 0  0  0 -1  1  0  1  0  1],[ 0  0  0 -1  0  1  0  0  1],[ 1  1  1  0  1  1  1  1  0],[ 0 -1  0 -1  0  1  0  0  0],[-2  0 -1 -1 -1  0 -2 -2  0],[ 1 -1  0 -1  0  2  0  0  1],[ 1  0  0 -1  0  2  0  0  1],[-1 -1 -1  0  0  0 -1 -1  0]]","[[ 0  2  1  0  0  0 -1 -1 -1],[-2  0  0  0 -1 -1 -1 -2 -2],[-1  0  0 -1  0 -1  0 -1 -1],[ 0  0  1  0  1  0 -1  1  0],[ 0  1  0 -1  0  0 -1  0  0],[ 0  1  1  0  0  0 -1  0  0],[ 1  1  0  1  1  1  0  1  1],[ 1  2  1 -1  0  0 -1  0  0],[ 1  2  1  0  0  0 -1  0  0]]",True,"[-2,-1,0,0,0,1,1,1,0,0,1,1,1,2,2,1,0,1,0,1,1,-1,0,1,-1,0,0,1,0,0,1,0,0,-1,-1,0]","[-2,-1,0,0,0,1,1,1,0,0,1,1,1,2,2,1,0,1,0,1,1,-1,0,1,-1,0,0,1,0,0,1,0,0,-1,-1,0]",t^8+22t^6+65t^4+35t^2+1,"[-1,-1,-1,0,0,0,1,2,-1,-1,0,0,0,2,2,0,1,1,1,1,1,1,1,2,1,1,0,0,0,1,1,1,1,0,2,1]","[-2,-1,0,0,0,1,1,1,1,1,1,2,1,1,2,0,1,0,1,1,2,0,0,1,1,0,-1,1,1,0,1,2,0,0,-1,-1]","[-1,-1,-1,0,0,0,1,2,-1,0,-1,0,0,1,2,1,1,1,1,0,1,0,0,0,1,2,0,1,1,0,0,1,1,0,1,0]",c,"[[{8, 1}, {2, 7}, {3, 6}, {4, 5}], [{8, 1}, {2, 7}, {4, 6}, {3, 5}], [{8, 1}, {2, 7}, {5, 6}, {3, 4}], [{8, 1}, {2, 7}, {6}, {3, 5}, {4}], [{8, 1}, {3, 7}, {2, 6}, {4, 5}], [{8, 1}, {3, 7}, {4, 6}, {2, 5}], [{8, 1}, {3, 7}, {4, 6}, {5}, {2}], [{8, 1}, {3, 7}, {5, 6}, {2, 4}], [{8, 1}, {4, 7}, {2, 6}, {3, 5}], [{8, 1}, {4, 7}, {3, 6}, {2, 5}], [{8, 1}, {4, 7}, {5, 6}, {2, 3}], [{8, 1}, {4, 7}, {6}, {3, 5}, {2}], [{8, 1}, {5, 7}, {2, 6}, {3, 4}], [{8, 1}, {5, 7}, {3, 6}, {2, 4}], [{8, 1}, {5, 7}, {4, 6}, {2, 3}], [{8, 1}, {5, 7}, {4, 6}, {3}, {2}], [{8, 1}, {6, 7}, {2, 5}, {3, 4}], [{8, 1}, {6, 7}, {3, 5}, {2, 4}], [{8, 1}, {6, 7}, {3, 5}, {4}, {2}], [{8, 1}, {6, 7}, {4, 5}, {2, 3}], [{8, 1}, {7}, {2, 6}, {3, 5}, {4}], [{8, 1}, {7}, {2, 6}, {4, 5}, {3}], [{8, 1}, {7}, {2, 6}, {5}, {3, 4}], [{8, 1}, {7}, {3, 6}, {5}, {2, 4}], [{8, 1}, {7}, {4, 6}, {3, 5}, {2}], [{8, 1}, {7}, {5, 6}, {2, 4}, {3}], [{8, 1}, {7}, {6}, {3, 5}, {2, 4}], [{8, 1}, {7}, {6}, {3, 5}, {4}, {2}], [{8, 2}, {1, 7}, {3, 6}, {4, 5}], [{8, 2}, {1, 7}, {4, 6}, {3, 5}], [{8, 2}, {1, 7}, {5, 6}, {3, 4}], [{8, 2}, {1, 7}, {6}, {3, 5}, {4}], [{8, 2}, {3, 7}, {1, 6}, {4, 5}], [{8, 2}, {3, 7}, {4, 6}, {1, 5}], [{8, 2}, {3, 7}, {5, 6}, {1, 4}], [{8, 2}, {4, 7}, {1, 6}, {3, 5}], [{8, 2}, {4, 7}, {3, 6}, {1, 5}], [{8, 2}, {4, 7}, {5, 6}, {1, 3}], [{8, 2}, {4, 7}, {6}, {3, 5}, {1}], [{8, 2}, {5, 7}, {1, 6}, {3, 4}], [{8, 2}, {5, 7}, {3, 6}, {1, 4}], [{8, 2}, {5, 7}, {4, 6}, {1, 3}], [{8, 2}, {6, 7}, {1, 5}, {3, 4}], [{8, 2}, {6, 7}, {3, 5}, {1, 4}], [{8, 2}, {6, 7}, {3, 5}, {4}, {1}], [{8, 2}, {6, 7}, {4, 5}, {1, 3}], [{8, 2}, {7}, {1, 6}, {3, 5}, {4}], [{8, 2}, {7}, {3, 6}, {1, 5}, {4}], [{8, 2}, {7}, {4, 6}, {3, 5}, {1}], [{8, 2}, {7}, {5, 6}, {4}, {1, 3}], [{8, 2}, {7}, {6}, {3, 5}, {1, 4}], [{8, 2}, {7}, {6}, {3, 5}, {4}, {1}], [{8, 3}, {1, 7}, {2, 6}, {4, 5}], [{8, 3}, {1, 7}, {2, 6}, {5}, {4}], [{8, 3}, {1, 7}, {4, 6}, {2, 5}], [{8, 3}, {1, 7}, {5, 6}, {2, 4}], [{8, 3}, {1, 7}, {6}, {4, 5}, {2}], [{8, 3}, {2, 7}, {1, 6}, {4, 5}], [{8, 3}, {2, 7}, {4, 6}, {1, 5}], [{8, 3}, {2, 7}, {5, 6}, {1, 4}], [{8, 3}, {2, 7}, {5, 6}, {4}, {1}], [{8, 3}, {2, 7}, {6}, {5}, {1, 4}], [{8, 3}, {4, 7}, {1, 6}, {2, 5}], [{8, 3}, {4, 7}, {2, 6}, {1, 5}], [{8, 3}, {4, 7}, {5, 6}, {1, 2}], [{8, 3}, {4, 7}, {5, 6}, {2}, {1}], [{8, 3}, {5, 7}, {1, 6}, {2, 4}], [{8, 3}, {5, 7}, {2, 6}, {1, 4}], [{8, 3}, {5, 7}, {2, 6}, {4}, {1}], [{8, 3}, {5, 7}, {4, 6}, {1, 2}], [{8, 3}, {5, 7}, {4, 6}, {2}, {1}], [{8, 3}, {5, 7}, {6}, {2, 4}, {1}], [{8, 3}, {6, 7}, {1, 5}, {2, 4}], [{8, 3}, {6, 7}, {2, 5}, {1, 4}], [{8, 3}, {6, 7}, {2, 5}, {4}, {1}], [{8, 3}, {6, 7}, {4, 5}, {1, 2}], [{8, 3}, {6, 7}, {4, 5}, {2}, {1}], [{8, 3}, {6, 7}, {5}, {2, 4}, {1}], [{8, 3}, {7}, {1, 6}, {4, 5}, {2}], [{8, 3}, {7}, {2, 6}, {1, 5}, {4}], [{8, 3}, {7}, {5, 6}, {2, 4}, {1}], [{8, 4}, {1, 7}, {2, 6}, {3, 5}], [{8, 4}, {1, 7}, {3, 6}, {2, 5}], [{8, 4}, {1, 7}, {5, 6}, {2, 3}], [{8, 4}, {1, 7}, {6}, {3, 5}, {2}], [{8, 4}, {2, 7}, {1, 6}, {3, 5}], [{8, 4}, {2, 7}, {3, 6}, {1, 5}], [{8, 4}, {2, 7}, {5, 6}, {1, 3}], [{8, 4}, {2, 7}, {6}, {3, 5}, {1}], [{8, 4}, {3, 7}, {1, 6}, {2, 5}], [{8, 4}, {3, 7}, {2, 6}, {1, 5}], [{8, 4}, {3, 7}, {5, 6}, {1, 2}], [{8, 4}, {5, 7}, {1, 6}, {2, 3}], [{8, 4}, {5, 7}, {2, 6}, {1, 3}], [{8, 4}, {5, 7}, {3, 6}, {1, 2}], [{8, 4}, {6, 7}, {1, 5}, {2, 3}], [{8, 4}, {6, 7}, {1, 5}, {3}, {2}], [{8, 4}, {6, 7}, {2, 5}, {1, 3}], [{8, 4}, {6, 7}, {3, 5}, {1, 2}], [{8, 4}, {7}, {2, 6}, {5}, {1, 3}], [{8, 4}, {7}, {5, 6}, {1, 3}, {2}], [{8, 4}, {7}, {6}, {2, 5}, {1, 3}], [{8, 4}, {7}, {6}, {3, 5}, {1, 2}], [{8, 5}, {1, 7}, {2, 6}, {3, 4}], [{8, 5}, {1, 7}, {3, 6}, {2, 4}], [{8, 5}, {1, 7}, {3, 6}, {4}, {2}], [{8, 5}, {1, 7}, {4, 6}, {2, 3}], [{8, 5}, {2, 7}, {1, 6}, {3, 4}], [{8, 5}, {2, 7}, {3, 6}, {1, 4}], [{8, 5}, {2, 7}, {4, 6}, {1, 3}], [{8, 5}, {2, 7}, {6}, {1, 4}, {3}], [{8, 5}, {3, 7}, {1, 6}, {2, 4}], [{8, 5}, {3, 7}, {1, 6}, {4}, {2}], [{8, 5}, {3, 7}, {2, 6}, {1, 4}], [{8, 5}, {3, 7}, {4, 6}, {1, 2}], [{8, 5}, {4, 7}, {1, 6}, {2, 3}], [{8, 5}, {4, 7}, {2, 6}, {1, 3}], [{8, 5}, {4, 7}, {3, 6}, {1, 2}], [{8, 5}, {4, 7}, {3, 6}, {2}, {1}], [{8, 5}, {6, 7}, {1, 4}, {2, 3}], [{8, 5}, {6, 7}, {2, 4}, {1, 3}], [{8, 5}, {6, 7}, {3, 4}, {1, 2}], [{8, 5}, {7}, {3, 6}, {1, 4}, {2}], [{8, 6}, {1, 7}, {2, 5}, {3, 4}], [{8, 6}, {1, 7}, {3, 5}, {2, 4}], [{8, 6}, {1, 7}, {4, 5}, {2, 3}], [{8, 6}, {1, 7}, {5}, {3, 4}, {2}], [{8, 6}, {2, 7}, {1, 5}, {3, 4}], [{8, 6}, {2, 7}, {3, 5}, {1, 4}], [{8, 6}, {2, 7}, {4, 5}, {1, 3}], [{8, 6}, {3, 7}, {1, 5}, {2, 4}], [{8, 6}, {3, 7}, {2, 5}, {1, 4}], [{8, 6}, {3, 7}, {4, 5}, {1, 2}], [{8, 6}, {3, 7}, {4, 5}, {2}, {1}], [{8, 6}, {3, 7}, {5}, {4}, {1, 2}], [{8, 6}, {4, 7}, {1, 5}, {2, 3}], [{8, 6}, {4, 7}, {2, 5}, {1, 3}], [{8, 6}, {4, 7}, {3, 5}, {1, 2}], [{8, 6}, {4, 7}, {3, 5}, {2}, {1}], [{8, 6}, {5, 7}, {1, 4}, {2, 3}], [{8, 6}, {5, 7}, {2, 4}, {1, 3}], [{8, 6}, {5, 7}, {3, 4}, {1, 2}], [{8, 6}, {5, 7}, {3, 4}, {2}, {1}], [{8, 6}, {5, 7}, {4}, {3}, {1, 2}], [{8, 6}, {7}, {1, 5}, {3, 4}, {2}], [{8, 6}, {7}, {3, 5}, {4}, {1, 2}], [{8, 7}, {1, 6}, {2, 5}, {3, 4}], [{8, 7}, {1, 6}, {3, 5}, {2, 4}], [{8, 7}, {1, 6}, {4, 5}, {2, 3}], [{8, 7}, {1, 6}, {5}, {4}, {2, 3}], [{8, 7}, {2, 6}, {1, 5}, {3, 4}], [{8, 7}, {2, 6}, {3, 5}, {1, 4}], [{8, 7}, {2, 6}, {4, 5}, {1, 3}], [{8, 7}, {3, 6}, {1, 5}, {2, 4}], [{8, 7}, {3, 6}, {2, 5}, {1, 4}], [{8, 7}, {3, 6}, {4, 5}, {1, 2}], [{8, 7}, {3, 6}, {5}, {1, 4}, {2}], [{8, 7}, {3, 6}, {5}, {2, 4}, {1}], [{8, 7}, {3, 6}, {5}, {4}, {1, 2}], [{8, 7}, {4, 6}, {1, 5}, {2, 3}], [{8, 7}, {4, 6}, {2, 5}, {1, 3}], [{8, 7}, {4, 6}, {2, 5}, {3}, {1}], [{8, 7}, {4, 6}, {3, 5}, {1, 2}], [{8, 7}, {5, 6}, {1, 4}, {2, 3}], [{8, 7}, {5, 6}, {1, 4}, {3}, {2}], [{8, 7}, {5, 6}, {2, 4}, {1, 3}], [{8, 7}, {5, 6}, {2, 4}, {3}, {1}], [{8, 7}, {5, 6}, {3, 4}, {1, 2}], [{8, 7}, {5, 6}, {4}, {3}, {1, 2}], [{8, 7}, {6}, {3, 5}, {1, 4}, {2}], [{8, 7}, {6}, {3, 5}, {2, 4}, {1}], [{8, 7}, {6}, {3, 5}, {4}, {1, 2}], [{8, 7}, {6}, {4, 5}, {2, 3}, {1}], [{8}, {1, 7}, {3, 6}, {5}, {2, 4}], [{8}, {1, 7}, {5, 6}, {2, 4}, {3}], [{8}, {1, 7}, {6}, {3, 5}, {2, 4}], [{8}, {2, 7}, {1, 6}, {4, 5}, {3}], [{8}, {2, 7}, {6}, {3, 5}, {1, 4}], [{8}, {3, 7}, {1, 6}, {5}, {2, 4}], [{8}, {3, 7}, {5, 6}, {2, 4}, {1}], [{8}, {3, 7}, {6}, {1, 5}, {2, 4}], [{8}, {3, 7}, {6}, {2, 5}, {1, 4}], [{8}, {4, 7}, {1, 6}, {3, 5}, {2}], [{8}, {4, 7}, {2, 6}, {3, 5}, {1}], [{8}, {4, 7}, {6}, {3, 5}, {1, 2}], [{8}, {4, 7}, {6}, {3, 5}, {2}, {1}], [{8}, {5, 7}, {3, 6}, {1, 4}, {2}], [{8}, {5, 7}, {4, 6}, {1, 3}, {2}], [{8}, {6, 7}, {3, 5}, {4}, {1, 2}], [{8}, {7}, {4, 6}, {1, 5}, {2, 3}], [{8}, {7}, {4, 6}, {3, 5}, {1, 2}], [{8}, {7}, {5, 6}, {1, 4}, {2, 3}], [{8}, {7}, {5, 6}, {2, 4}, {1, 3}], [{8}, {7}, {6}, {3, 5}, {4}, {1, 2}]]",2,- 14 K_1^2 - 4 K_1 K_2 + 2 K_1 + 7 K_2 + 2 K_3 + 8,O1O2O3O4U5U3O5U6O7O8U4U8U7U1O6U2,O1O2O3O4U3U2O5U6O7O6U4U7U8U1O8U5,O1O2O3O4U5O6U4U6U7U1O8O7U8O5U3U2,c,{'O1O2O3O4U3O5U4U6U7U1O7O6U5O8U2U8'},1,"<a href=""/flatknot/8.733713"">8.733713</a>",t^9-20t^7-22t^6+36t^5+16t^4-19t^3+2t^2+t,-t^2+2t,,
8.733714,O1O2O3O4U3O5U4U6U7U8O7O6U1O8U2U5,4,6z^3+43z^2+110z+97,6w^4z^3+43w^3z^2+110w^2z+97w,False,False,"[[ 0 -1  0 -1  0  3 -1 -1  1],[ 1  0  0 -1  1  2  1  1  3],[ 0  0  0 -1  1  2 -1 -1  2],[ 1  1  1  0  1  1  1  1  1],[ 0 -1 -1 -1  0  1  0  0  0],[-3 -2 -2 -1 -1  0 -4 -4 -1],[ 1 -1  1 -1  0  4  0  0  0],[ 1 -1  1 -1  0  4  0  0  1],[-1 -3 -2 -1  0  1  0 -1  0]]","[[ 0  3  1  0  0 -1 -1 -1 -1],[-3  0 -1 -1 -2 -1 -2 -4 -4],[-1  1  0  0 -2 -1 -3  0 -1],[ 0  1  0  0 -1 -1 -1  0  0],[ 0  2  2  1  0 -1  0 -1 -1],[ 1  1  1  1  1  0  1  1  1],[ 1  2  3  1  0 -1  0  1  1],[ 1  4  0  0  1 -1 -1  0  0],[ 1  4  1  0  1 -1 -1  0  0]]",True,"[-3,-1,0,0,1,1,1,1,1,1,2,1,2,4,4,0,2,1,3,0,1,1,1,1,0,0,1,0,1,1,-1,-1,-1,-1,-1,0]","[-3,-1,0,0,1,1,1,1,1,1,2,0,0,2,3,-1,1,1,2,-1,1,1,0,0,1,0,1,1,0,0,0,-1,-1,-1,-1,-1]",t^8+69t^6+619t^4+303t^2,"[-1,-1,-1,-1,0,0,1,3,-1,-1,-1,0,0,1,3,-1,-1,0,1,-1,2,0,1,0,1,0,1,0,2,0,1,1,2,-1,1,1]","[-3,-1,0,0,1,1,1,1,1,1,2,0,0,2,3,-1,1,1,2,-1,1,1,0,0,1,0,1,1,0,0,0,-1,-1,-1,-1,-1]","[-1,-1,-1,-1,0,0,1,3,-1,-1,0,0,1,0,4,-1,1,1,0,3,2,1,1,1,1,1,0,1,1,4,-1,0,1,2,2,1]",c,"[[{8, 1}, {2, 7}, {3, 6}, {4, 5}], [{8, 1}, {2, 7}, {4, 6}, {3, 5}], [{8, 1}, {2, 7}, {5, 6}, {3, 4}], [{8, 1}, {3, 7}, {2, 6}, {4, 5}], [{8, 1}, {3, 7}, {4, 6}, {2, 5}], [{8, 1}, {3, 7}, {5, 6}, {2, 4}], [{8, 1}, {4, 7}, {2, 6}, {3, 5}], [{8, 1}, {4, 7}, {3, 6}, {2, 5}], [{8, 1}, {4, 7}, {5, 6}, {2, 3}], [{8, 1}, {5, 7}, {2, 6}, {3, 4}], [{8, 1}, {5, 7}, {2, 6}, {4}, {3}], [{8, 1}, {5, 7}, {3, 6}, {2, 4}], [{8, 1}, {5, 7}, {4, 6}, {2, 3}], [{8, 1}, {6, 7}, {2, 5}, {3, 4}], [{8, 1}, {6, 7}, {3, 5}, {2, 4}], [{8, 1}, {6, 7}, {4, 5}, {2, 3}], [{8, 1}, {7}, {6}, {2, 5}, {3, 4}], [{8, 2}, {1, 7}, {3, 6}, {4, 5}], [{8, 2}, {1, 7}, {4, 6}, {3, 5}], [{8, 2}, {1, 7}, {5, 6}, {3, 4}], [{8, 2}, {3, 7}, {1, 6}, {4, 5}], [{8, 2}, {3, 7}, {4, 6}, {1, 5}], [{8, 2}, {3, 7}, {5, 6}, {1, 4}], [{8, 2}, {3, 7}, {6}, {1, 5}, {4}], [{8, 2}, {4, 7}, {1, 6}, {3, 5}], [{8, 2}, {4, 7}, {3, 6}, {1, 5}], [{8, 2}, {4, 7}, {5, 6}, {1, 3}], [{8, 2}, {5, 7}, {1, 6}, {3, 4}], [{8, 2}, {5, 7}, {3, 6}, {1, 4}], [{8, 2}, {5, 7}, {4, 6}, {1, 3}], [{8, 2}, {5, 7}, {6}, {4}, {1, 3}], [{8, 2}, {6, 7}, {1, 5}, {3, 4}], [{8, 2}, {6, 7}, {3, 5}, {1, 4}], [{8, 2}, {6, 7}, {4, 5}, {1, 3}], [{8, 2}, {6, 7}, {5}, {4}, {1, 3}], [{8, 2}, {7}, {1, 6}, {3, 5}, {4}], [{8, 2}, {7}, {4, 6}, {3, 5}, {1}], [{8, 2}, {7}, {5, 6}, {4}, {1, 3}], [{8, 2}, {7}, {6}, {3, 5}, {1, 4}], [{8, 3}, {1, 7}, {2, 6}, {4, 5}], [{8, 3}, {1, 7}, {4, 6}, {2, 5}], [{8, 3}, {1, 7}, {5, 6}, {2, 4}], [{8, 3}, {1, 7}, {6}, {5}, {2, 4}], [{8, 3}, {2, 7}, {1, 6}, {4, 5}], [{8, 3}, {2, 7}, {4, 6}, {1, 5}], [{8, 3}, {2, 7}, {5, 6}, {1, 4}], [{8, 3}, {4, 7}, {1, 6}, {2, 5}], [{8, 3}, {4, 7}, {2, 6}, {1, 5}], [{8, 3}, {4, 7}, {5, 6}, {1, 2}], [{8, 3}, {5, 7}, {1, 6}, {2, 4}], [{8, 3}, {5, 7}, {2, 6}, {1, 4}], [{8, 3}, {5, 7}, {4, 6}, {1, 2}], [{8, 3}, {5, 7}, {6}, {2, 4}, {1}], [{8, 3}, {6, 7}, {1, 5}, {2, 4}], [{8, 3}, {6, 7}, {2, 5}, {1, 4}], [{8, 3}, {6, 7}, {4, 5}, {1, 2}], [{8, 3}, {6, 7}, {5}, {2, 4}, {1}], [{8, 3}, {7}, {1, 6}, {5}, {2, 4}], [{8, 3}, {7}, {2, 6}, {1, 5}, {4}], [{8, 3}, {7}, {4, 6}, {1, 5}, {2}], [{8, 3}, {7}, {5, 6}, {2, 4}, {1}], [{8, 3}, {7}, {6}, {1, 5}, {2, 4}], [{8, 3}, {7}, {6}, {2, 5}, {1, 4}], [{8, 4}, {1, 7}, {2, 6}, {3, 5}], [{8, 4}, {1, 7}, {3, 6}, {2, 5}], [{8, 4}, {1, 7}, {3, 6}, {5}, {2}], [{8, 4}, {1, 7}, {5, 6}, {2, 3}], [{8, 4}, {2, 7}, {1, 6}, {3, 5}], [{8, 4}, {2, 7}, {3, 6}, {1, 5}], [{8, 4}, {2, 7}, {5, 6}, {1, 3}], [{8, 4}, {3, 7}, {1, 6}, {2, 5}], [{8, 4}, {3, 7}, {2, 6}, {1, 5}], [{8, 4}, {3, 7}, {5, 6}, {1, 2}], [{8, 4}, {5, 7}, {1, 6}, {2, 3}], [{8, 4}, {5, 7}, {2, 6}, {1, 3}], [{8, 4}, {5, 7}, {3, 6}, {1, 2}], [{8, 4}, {5, 7}, {6}, {2, 3}, {1}], [{8, 4}, {6, 7}, {1, 5}, {2, 3}], [{8, 4}, {6, 7}, {2, 5}, {1, 3}], [{8, 4}, {6, 7}, {3, 5}, {1, 2}], [{8, 4}, {6, 7}, {5}, {2, 3}, {1}], [{8, 4}, {7}, {5, 6}, {2, 3}, {1}], [{8, 4}, {7}, {6}, {2, 5}, {1, 3}], [{8, 5}, {1, 7}, {2, 6}, {3, 4}], [{8, 5}, {1, 7}, {3, 6}, {2, 4}], [{8, 5}, {1, 7}, {4, 6}, {2, 3}], [{8, 5}, {2, 7}, {1, 6}, {3, 4}], [{8, 5}, {2, 7}, {3, 6}, {1, 4}], [{8, 5}, {2, 7}, {4, 6}, {1, 3}], [{8, 5}, {3, 7}, {1, 6}, {2, 4}], [{8, 5}, {3, 7}, {2, 6}, {1, 4}], [{8, 5}, {3, 7}, {4, 6}, {1, 2}], [{8, 5}, {4, 7}, {1, 6}, {2, 3}], [{8, 5}, {4, 7}, {2, 6}, {1, 3}], [{8, 5}, {4, 7}, {3, 6}, {1, 2}], [{8, 5}, {6, 7}, {1, 4}, {2, 3}], [{8, 5}, {6, 7}, {2, 4}, {1, 3}], [{8, 5}, {6, 7}, {3, 4}, {1, 2}], [{8, 5}, {7}, {3, 6}, {1, 4}, {2}], [{8, 6}, {1, 7}, {2, 5}, {3, 4}], [{8, 6}, {1, 7}, {3, 5}, {2, 4}], [{8, 6}, {1, 7}, {4, 5}, {2, 3}], [{8, 6}, {2, 7}, {1, 5}, {3, 4}], [{8, 6}, {2, 7}, {1, 5}, {4}, {3}], [{8, 6}, {2, 7}, {3, 5}, {1, 4}], [{8, 6}, {2, 7}, {4, 5}, {1, 3}], [{8, 6}, {3, 7}, {1, 5}, {2, 4}], [{8, 6}, {3, 7}, {2, 5}, {1, 4}], [{8, 6}, {3, 7}, {4, 5}, {1, 2}], [{8, 6}, {4, 7}, {1, 5}, {2, 3}], [{8, 6}, {4, 7}, {1, 5}, {3}, {2}], [{8, 6}, {4, 7}, {2, 5}, {1, 3}], [{8, 6}, {4, 7}, {3, 5}, {1, 2}], [{8, 6}, {5, 7}, {1, 4}, {2, 3}], [{8, 6}, {5, 7}, {1, 4}, {3}, {2}], [{8, 6}, {5, 7}, {2, 4}, {1, 3}], [{8, 6}, {5, 7}, {3, 4}, {1, 2}], [{8, 6}, {7}, {1, 5}, {2, 4}, {3}], [{8, 6}, {7}, {2, 5}, {3, 4}, {1}], [{8, 7}, {1, 6}, {2, 5}, {3, 4}], [{8, 7}, {1, 6}, {3, 5}, {2, 4}], [{8, 7}, {1, 6}, {3, 5}, {4}, {2}], [{8, 7}, {1, 6}, {4, 5}, {2, 3}], [{8, 7}, {1, 6}, {5}, {2, 4}, {3}], [{8, 7}, {2, 6}, {1, 5}, {3, 4}], [{8, 7}, {2, 6}, {3, 5}, {1, 4}], [{8, 7}, {2, 6}, {4, 5}, {1, 3}], [{8, 7}, {3, 6}, {1, 5}, {2, 4}], [{8, 7}, {3, 6}, {1, 5}, {4}, {2}], [{8, 7}, {3, 6}, {2, 5}, {1, 4}], [{8, 7}, {3, 6}, {4, 5}, {1, 2}], [{8, 7}, {4, 6}, {1, 5}, {2, 3}], [{8, 7}, {4, 6}, {1, 5}, {3}, {2}], [{8, 7}, {4, 6}, {2, 5}, {1, 3}], [{8, 7}, {4, 6}, {3, 5}, {1, 2}], [{8, 7}, {5, 6}, {1, 4}, {2, 3}], [{8, 7}, {5, 6}, {2, 4}, {1, 3}], [{8, 7}, {5, 6}, {3, 4}, {1, 2}], [{8, 7}, {5, 6}, {4}, {1, 3}, {2}], [{8, 7}, {6}, {1, 5}, {3, 4}, {2}], [{8, 7}, {6}, {2, 5}, {3, 4}, {1}], [{8, 7}, {6}, {5}, {3, 4}, {1, 2}], [{8}, {1, 7}, {6}, {2, 5}, {3, 4}], [{8}, {2, 7}, {1, 6}, {3, 5}, {4}], [{8}, {2, 7}, {3, 6}, {4, 5}, {1}], [{8}, {2, 7}, {5, 6}, {1, 4}, {3}], [{8}, {2, 7}, {5, 6}, {3, 4}, {1}], [{8}, {2, 7}, {5, 6}, {4}, {1, 3}], [{8}, {3, 7}, {1, 6}, {5}, {2, 4}], [{8}, {3, 7}, {4, 6}, {1, 5}, {2}], [{8}, {5, 7}, {2, 6}, {3, 4}, {1}], [{8}, {6, 7}, {1, 5}, {4}, {2, 3}], [{8}, {6, 7}, {2, 5}, {3, 4}, {1}], [{8}, {7}, {1, 6}, {2, 5}, {3, 4}], [{8}, {7}, {3, 6}, {1, 5}, {2, 4}], [{8}, {7}, {6}, {2, 5}, {3, 4}, {1}]]",2,8 K_1^3 + 4 K_1^2 K_2 - 12 K_1^2 - 10 K_1 K_2 - 4 K_1 K_3 - K_1 + 6 K_2 + 3 K_3 + K_4 + 6,O1O2O3O4U5U3O6U4O7O8U6U8U7U1O5U2,O1O2O3O4U3U2O5U4O6O7U5U6U8U1O8U7,O1O2O3O4U5O6U4U6U7U8O5O7U1O8U3U2,c,{'O1O2O3O4U3O5U4U6U7U8O7O6U1O8U2U5'},1,"<a href=""/flatknot/8.733714"">8.733714</a>",t^9-63t^7-166t^6+205t^5+450t^4-192t^3-76t^2+107t+18,-t^3+3t,,
8.733715,O1O2O3O4U3O5U4U6U7U8O7O6U1O8U5U2,4,28z^2+113z+115,28w^3z^2+113w^2z+115w,False,False,"[[ 0 -1  1 -1  0  2 -1 -1  1],[ 1  0  1 -1  1  1  1  1  3],[-1 -1  0 -1  0  1 -2 -2  1],[ 1  1  1  0  1  1  1  1  1],[ 0 -1  0 -1  0  1  0  0  0],[-2 -1 -1 -1 -1  0 -3 -3  0],[ 1 -1  2 -1  0  3  0  0  0],[ 1 -1  2 -1  0  3  0  0  1],[-1 -3 -1 -1  0  0  0 -1  0]]","[[ 0  2  1  1  0 -1 -1 -1 -1],[-2  0  0 -1 -1 -1 -1 -3 -3],[-1  0  0 -1  0 -1 -3  0 -1],[-1  1  1  0  0 -1 -1 -2 -2],[ 0  1  0  0  0 -1 -1  0  0],[ 1  1  1  1  1  0  1  1  1],[ 1  1  3  1  1 -1  0  1  1],[ 1  3  0  2  0 -1 -1  0  0],[ 1  3  1  2  0 -1 -1  0  0]]",True,"[-2,-1,-1,0,1,1,1,1,0,1,1,1,1,3,3,1,0,1,3,0,1,0,1,1,2,2,1,1,0,0,-1,-1,-1,-1,-1,0]","[-2,-1,-1,0,1,1,1,1,0,1,1,0,0,2,2,1,1,0,0,1,1,1,1,2,-1,1,1,1,0,0,0,-1,-1,-1,-1,-1]",t^8+51t^6+386t^4+160t^2+4,"[-1,-1,-1,-1,0,1,1,2,-1,-1,-1,0,1,1,2,-1,-1,0,-1,1,2,0,1,1,0,0,1,2,0,0,1,1,1,1,1,0]","[-2,-1,-1,0,1,1,1,1,0,1,1,0,0,2,2,1,1,0,0,1,1,1,1,2,-1,1,1,1,0,0,0,-1,-1,-1,-1,-1]","[-1,-1,-1,-1,0,1,1,2,-1,-1,0,0,0,2,3,-1,1,1,3,1,1,1,1,1,1,1,0,1,2,3,0,0,1,-1,0,1]",c,"[[{8, 4}, {2, 7}, {5, 6}, {1, 3}]]",1,- 6 K_1^2 - 4 K_1 K_2 + 2 K_1 + 3 K_2 + 2 K_3 + 4,O1O2O3O4U3U5O6U4O7O8U6U8U7U1O5U2,O1O2O3O4U3U2O5U4O6O7U5U7U8U1O8U6,O1O2O3O4U5O6U4U6U7U8O7O5U1O8U3U2,c,{'O1O2O3O4U3O5U4U6U7U8O7O6U1O8U5U2'},1,"<a href=""/flatknot/8.733715"">8.733715</a>",t^9-49t^7-112t^6+189t^5+526t^4+101t^3-134t^2-22t,-t^2+2t,,
8.733716,O1O2O3O4U3O5U4U6U7U8O7O6U2O8U1U5,4,20z^2+89z+99,20w^3z^2+89w^2z+99w,False,False,"[[ 0 -1  0 -1  0  3 -1 -1  1],[ 1  0  1 -1  1  3  0  0  2],[ 0 -1  0 -1  1  1  0  0  2],[ 1  1  1  0  1  1  1  1  1],[ 0 -1 -1 -1  0  1  0  0  0],[-3 -3 -1 -1 -1  0 -4 -4 -1],[ 1  0  0 -1  0  4  0  0  0],[ 1  0  0 -1  0  4  0  0  1],[-1 -2 -2 -1  0  1  0 -1  0]]","[[ 0  3  1  0  0 -1 -1 -1 -1],[-3  0 -1 -1 -1 -1 -3 -4 -4],[-1  1  0  0 -2 -1 -2  0 -1],[ 0  1  0  0 -1 -1 -1  0  0],[ 0  1  2  1  0 -1 -1  0  0],[ 1  1  1  1  1  0  1  1  1],[ 1  3  2  1  1 -1  0  0  0],[ 1  4  0  0  0 -1  0  0  0],[ 1  4  1  0  0 -1  0  0  0]]",True,"[-3,-1,0,0,1,1,1,1,1,1,1,1,3,4,4,0,2,1,2,0,1,1,1,1,0,0,1,1,0,0,-1,-1,-1,0,0,0]","[-3,-1,0,0,1,1,1,1,1,1,1,1,3,4,4,0,2,1,2,0,1,1,1,1,0,0,1,1,0,0,-1,-1,-1,0,0,0]",t^8+63t^6+434t^4+125t^2+1,"[-1,-1,-1,-1,0,0,1,3,-1,-1,-1,0,0,1,3,0,0,0,0,0,1,0,1,1,1,0,1,1,2,0,-1,-1,2,1,2,1]","[-3,-1,0,0,1,1,1,1,1,2,2,0,0,1,3,-1,1,1,2,0,1,1,1,1,0,0,1,1,0,0,0,0,-1,0,-1,-1]","[-1,-1,-1,-1,0,0,1,3,-1,0,0,0,0,0,4,1,1,1,1,1,1,0,0,0,1,4,1,1,2,3,-1,0,1,2,1,1]",c,"[[{8, 5}, {1, 7}, {2, 6}, {3, 4}], [{8, 5}, {1, 7}, {3, 6}, {2, 4}], [{8}, {1, 7}, {2, 6}, {5}, {3, 4}]]",1,- 6 K_1^2 - 10 K_1 K_2 - 2 K_1 K_3 + 5 K_1 - 2 K_2^2 + 4 K_2 + 5 K_3 + 2 K_4 + 5,O1O2O3O4U5U4O6U3O7O8U6U8U7U1O5U2,O1O2O3O4U3U2O5U4O6O7U6U5U8U1O8U7,O1O2O3O4U5O6U4U6U7U8O5O8U1O7U3U2,c,{'O1O2O3O4U3O5U4U6U7U8O7O6U2O8U1U5'},1,"<a href=""/flatknot/8.733716"">8.733716</a>",t^9-57t^7-92t^6+290t^5+518t^4+93t^3+74t^2+61t,-t^3+3t,,
8.733717,O1O2O3O4U3O5U4U6U7U8O7O6U5O8U1U2,4,4z^3+33z^2+90z+81,4w^4z^3-4w^4z^2+37w^3z^2-12w^3z+102w^2z+81w,False,False,"[[ 0 -1  1 -1  0  2 -1 -1  1],[ 1  0  1 -1  0  2  0  0  2],[-1 -1  0 -1  0  2 -2 -2  0],[ 1  1  1  0  1  1  1  1  1],[ 0  0  0 -1  0  1  0  0 -1],[-2 -2 -2 -1 -1  0 -2 -2  0],[ 1  0  2 -1  0  2  0  0  0],[ 1  0  2 -1  0  2  0  0  1],[-1 -2  0 -1  1  0  0 -1  0]]","[[ 0  2  1  1  0 -1 -1 -1 -1],[-2  0  0 -2 -1 -1 -2 -2 -2],[-1  0  0  0  1 -1  0 -1 -2],[-1  2  0  0  0 -1 -2 -2 -1],[ 0  1 -1  0  0 -1  0  0  0],[ 1  1  1  1  1  0  1  1  1],[ 1  2  0  2  0 -1  0  0  0],[ 1  2  1  2  0 -1  0  0  0],[ 1  2  2  1  0 -1  0  0  0]]",True,"[-2,-1,-1,0,1,1,1,1,0,2,1,1,2,2,2,0,-1,1,0,1,2,0,1,2,2,1,1,0,0,0,-1,-1,-1,0,0,0]","[-2,-1,-1,0,1,1,1,1,-1,1,1,1,1,1,2,0,1,0,0,1,1,2,1,2,0,1,1,1,1,0,0,0,-1,0,-1,-1]",t^8+39t^6+196t^4+189t^2+1,"[-1,-1,-1,-1,0,1,1,2,-1,-1,-1,0,1,1,2,0,0,1,0,1,1,0,1,0,2,1,1,1,0,1,1,2,1,0,-1,1]","[-2,-1,-1,0,1,1,1,1,-1,1,1,1,1,1,2,0,1,0,0,1,1,2,1,2,0,1,1,1,1,0,0,0,-1,0,-1,-1]","[-1,-1,-1,-1,0,1,1,2,-1,0,0,0,0,2,2,1,1,1,1,1,1,0,0,1,2,2,0,2,1,2,-1,0,1,0,0,2]",c,"[[{8, 6}, {3, 7}, {4, 5}, {1, 2}], [{8, 6}, {4, 7}, {3, 5}, {1, 2}], [{8, 6}, {5, 7}, {3, 4}, {1, 2}], [{8}, {4, 7}, {6}, {3, 5}, {1, 2}]]",1,4 K_1^3 - 10 K_1^2 - 8 K_1 K_2 + K_1 + 5 K_2 + 3 K_3 + 6,O1O2O3O4U3U4O5U6O7O8U5U8U7U1O6U2,O1O2O3O4U3U2O5U4O6O7U6U7U8U1O8U5,O1O2O3O4U5O6U4U6U7U8O7O8U1O5U3U2,c,{'O1O2O3O4U3O5U4U6U7U8O7O6U5O8U1U2'},1,"<a href=""/flatknot/8.733717"">8.733717</a>",t^9-37t^7-74t^6+103t^5+296t^4+122t^3-18t^2+7t,-t^2+2t,,
8.733718,O1O2O3O4U3O5U4U6U7U1O8O6U2O7U8U5,4,15z^2+84z+109,15w^3z^2+84w^2z+109w,False,False,"[[ 0  0  0 -1  0  3 -1  0 -1],[ 0  0  0 -1  1  1  0  0 -1],[ 0  0  0 -1  1  2  0  1 -1],[ 1  1  1  0  1  1  1  1  0],[ 0 -1 -1 -1  0  1  0  0  0],[-3 -1 -2 -1 -1  0 -3 -1 -2],[ 1  0  0 -1  0  3  0  0  0],[ 0  0 -1 -1  0  1  0  0 -1],[ 1  1  1  0  0  2  0  1  0]]","[[ 0  3  0  0  0  0 -1 -1 -1],[-3  0 -1 -1 -1 -2 -1 -2 -3],[ 0  1  0  1  0  0 -1 -1  0],[ 0  1 -1  0  0 -1 -1  0  0],[ 0  1  0  0  0 -1 -1 -1  0],[ 0  2  0  1  1  0 -1 -1  0],[ 1  1  1  1  1  1  0  0  1],[ 1  2  1  0  1  1  0  0  0],[ 1  3  0  0  0  0 -1  0  0]]",True,"[-3,0,0,0,0,1,1,1,1,1,1,2,1,2,3,-1,0,0,1,1,0,0,1,1,0,0,1,1,1,0,1,1,0,0,-1,0]","[-3,0,0,0,0,1,1,1,1,1,1,2,1,2,3,-1,0,0,1,1,0,0,1,1,0,0,1,1,1,0,1,1,0,0,-1,0]",t^8+32t^6+119t^4+63t^2+1,"[-1,-1,-1,0,0,0,0,3,-1,0,0,0,0,0,3,0,1,1,1,1,1,0,0,0,1,2,-1,0,-1,1,0,0,2,-1,2,2]","[-3,0,0,0,0,1,1,1,1,2,2,2,1,2,3,0,1,1,1,0,0,0,1,1,0,0,0,1,0,0,1,1,0,0,-1,0]","[-1,-1,-1,0,0,0,0,3,-1,0,0,0,0,0,3,0,1,1,1,1,1,0,1,1,1,2,-1,-1,0,1,0,0,1,1,2,1]",c,"[[{8, 1}, {2, 7}, {3, 6}, {4, 5}], [{8, 1}, {2, 7}, {4, 6}, {3, 5}], [{8, 1}, {2, 7}, {5, 6}, {3, 4}], [{8, 1}, {3, 7}, {2, 6}, {4, 5}], [{8, 1}, {3, 7}, {2, 6}, {5}, {4}], [{8, 1}, {3, 7}, {4, 6}, {2, 5}], [{8, 1}, {3, 7}, {5, 6}, {2, 4}], [{8, 1}, {3, 7}, {6}, {4, 5}, {2}], [{8, 1}, {4, 7}, {2, 6}, {3, 5}], [{8, 1}, {4, 7}, {2, 6}, {5}, {3}], [{8, 1}, {4, 7}, {3, 6}, {2, 5}], [{8, 1}, {4, 7}, {5, 6}, {2, 3}], [{8, 1}, {5, 7}, {2, 6}, {3, 4}], [{8, 1}, {5, 7}, {2, 6}, {4}, {3}], [{8, 1}, {5, 7}, {3, 6}, {2, 4}], [{8, 1}, {5, 7}, {4, 6}, {2, 3}], [{8, 1}, {5, 7}, {6}, {3, 4}, {2}], [{8, 1}, {6, 7}, {2, 5}, {3, 4}], [{8, 1}, {6, 7}, {3, 5}, {2, 4}], [{8, 1}, {6, 7}, {4, 5}, {2, 3}], [{8, 1}, {7}, {2, 6}, {3, 5}, {4}], [{8, 1}, {7}, {2, 6}, {4, 5}, {3}], [{8, 1}, {7}, {2, 6}, {5}, {3, 4}], [{8, 1}, {7}, {2, 6}, {5}, {4}, {3}], [{8, 1}, {7}, {3, 6}, {2, 5}, {4}], [{8, 1}, {7}, {5, 6}, {4}, {2, 3}], [{8, 2}, {1, 7}, {3, 6}, {4, 5}], [{8, 2}, {1, 7}, {3, 6}, {5}, {4}], [{8, 2}, {1, 7}, {4, 6}, {3, 5}], [{8, 2}, {1, 7}, {5, 6}, {3, 4}], [{8, 2}, {3, 7}, {1, 6}, {4, 5}], [{8, 2}, {3, 7}, {4, 6}, {1, 5}], [{8, 2}, {3, 7}, {5, 6}, {1, 4}], [{8, 2}, {4, 7}, {1, 6}, {3, 5}], [{8, 2}, {4, 7}, {3, 6}, {1, 5}], [{8, 2}, {4, 7}, {5, 6}, {1, 3}], [{8, 2}, {5, 7}, {1, 6}, {3, 4}], [{8, 2}, {5, 7}, {1, 6}, {4}, {3}], [{8, 2}, {5, 7}, {3, 6}, {1, 4}], [{8, 2}, {5, 7}, {4, 6}, {1, 3}], [{8, 2}, {6, 7}, {1, 5}, {3, 4}], [{8, 2}, {6, 7}, {3, 5}, {1, 4}], [{8, 2}, {6, 7}, {4, 5}, {1, 3}], [{8, 2}, {7}, {6}, {3, 5}, {1, 4}], [{8, 3}, {1, 7}, {2, 6}, {4, 5}], [{8, 3}, {1, 7}, {4, 6}, {2, 5}], [{8, 3}, {1, 7}, {5, 6}, {2, 4}], [{8, 3}, {2, 7}, {1, 6}, {4, 5}], [{8, 3}, {2, 7}, {4, 6}, {1, 5}], [{8, 3}, {2, 7}, {4, 6}, {5}, {1}], [{8, 3}, {2, 7}, {5, 6}, {1, 4}], [{8, 3}, {2, 7}, {5, 6}, {4}, {1}], [{8, 3}, {2, 7}, {6}, {4, 5}, {1}], [{8, 3}, {4, 7}, {1, 6}, {2, 5}], [{8, 3}, {4, 7}, {2, 6}, {1, 5}], [{8, 3}, {4, 7}, {5, 6}, {1, 2}], [{8, 3}, {4, 7}, {6}, {1, 5}, {2}], [{8, 3}, {5, 7}, {1, 6}, {2, 4}], [{8, 3}, {5, 7}, {2, 6}, {1, 4}], [{8, 3}, {5, 7}, {4, 6}, {1, 2}], [{8, 3}, {6, 7}, {1, 5}, {2, 4}], [{8, 3}, {6, 7}, {2, 5}, {1, 4}], [{8, 3}, {6, 7}, {4, 5}, {1, 2}], [{8, 3}, {7}, {5, 6}, {1, 4}, {2}], [{8, 4}, {1, 7}, {2, 6}, {3, 5}], [{8, 4}, {1, 7}, {3, 6}, {2, 5}], [{8, 4}, {1, 7}, {3, 6}, {5}, {2}], [{8, 4}, {1, 7}, {5, 6}, {2, 3}], [{8, 4}, {2, 7}, {1, 6}, {3, 5}], [{8, 4}, {2, 7}, {3, 6}, {1, 5}], [{8, 4}, {2, 7}, {3, 6}, {5}, {1}], [{8, 4}, {2, 7}, {5, 6}, {1, 3}], [{8, 4}, {2, 7}, {5, 6}, {3}, {1}], [{8, 4}, {2, 7}, {6}, {3, 5}, {1}], [{8, 4}, {3, 7}, {1, 6}, {2, 5}], [{8, 4}, {3, 7}, {2, 6}, {1, 5}], [{8, 4}, {3, 7}, {5, 6}, {1, 2}], [{8, 4}, {5, 7}, {1, 6}, {2, 3}], [{8, 4}, {5, 7}, {2, 6}, {1, 3}], [{8, 4}, {5, 7}, {3, 6}, {1, 2}], [{8, 4}, {6, 7}, {1, 5}, {2, 3}], [{8, 4}, {6, 7}, {1, 5}, {3}, {2}], [{8, 4}, {6, 7}, {2, 5}, {1, 3}], [{8, 4}, {6, 7}, {3, 5}, {1, 2}], [{8, 4}, {6, 7}, {3, 5}, {2}, {1}], [{8, 4}, {6, 7}, {5}, {1, 3}, {2}], [{8, 4}, {7}, {2, 6}, {3, 5}, {1}], [{8, 4}, {7}, {3, 6}, {5}, {1, 2}], [{8, 5}, {1, 7}, {2, 6}, {3, 4}], [{8, 5}, {1, 7}, {2, 6}, {4}, {3}], [{8, 5}, {1, 7}, {3, 6}, {2, 4}], [{8, 5}, {1, 7}, {4, 6}, {2, 3}], [{8, 5}, {1, 7}, {6}, {3, 4}, {2}], [{8, 5}, {2, 7}, {1, 6}, {3, 4}], [{8, 5}, {2, 7}, {1, 6}, {4}, {3}], [{8, 5}, {2, 7}, {3, 6}, {1, 4}], [{8, 5}, {2, 7}, {3, 6}, {4}, {1}], [{8, 5}, {2, 7}, {4, 6}, {1, 3}], [{8, 5}, {2, 7}, {4, 6}, {3}, {1}], [{8, 5}, {2, 7}, {6}, {1, 4}, {3}], [{8, 5}, {2, 7}, {6}, {3, 4}, {1}], [{8, 5}, {2, 7}, {6}, {4}, {1, 3}], [{8, 5}, {3, 7}, {1, 6}, {2, 4}], [{8, 5}, {3, 7}, {2, 6}, {1, 4}], [{8, 5}, {3, 7}, {4, 6}, {1, 2}], [{8, 5}, {3, 7}, {6}, {4}, {1, 2}], [{8, 5}, {4, 7}, {1, 6}, {2, 3}], [{8, 5}, {4, 7}, {2, 6}, {1, 3}], [{8, 5}, {4, 7}, {3, 6}, {1, 2}], [{8, 5}, {4, 7}, {6}, {3}, {1, 2}], [{8, 5}, {6, 7}, {1, 4}, {2, 3}], [{8, 5}, {6, 7}, {2, 4}, {1, 3}], [{8, 5}, {6, 7}, {3, 4}, {1, 2}], [{8, 5}, {6, 7}, {3, 4}, {2}, {1}], [{8, 5}, {7}, {1, 6}, {3, 4}, {2}], [{8, 5}, {7}, {2, 6}, {3, 4}, {1}], [{8, 5}, {7}, {3, 6}, {1, 4}, {2}], [{8, 5}, {7}, {4, 6}, {1, 3}, {2}], [{8, 5}, {7}, {6}, {3, 4}, {1, 2}], [{8, 5}, {7}, {6}, {3, 4}, {2}, {1}], [{8, 6}, {1, 7}, {2, 5}, {3, 4}], [{8, 6}, {1, 7}, {3, 5}, {2, 4}], [{8, 6}, {1, 7}, {4, 5}, {2, 3}], [{8, 6}, {2, 7}, {1, 5}, {3, 4}], [{8, 6}, {2, 7}, {3, 5}, {1, 4}], [{8, 6}, {2, 7}, {3, 5}, {4}, {1}], [{8, 6}, {2, 7}, {4, 5}, {1, 3}], [{8, 6}, {2, 7}, {4, 5}, {3}, {1}], [{8, 6}, {2, 7}, {5}, {3, 4}, {1}], [{8, 6}, {3, 7}, {1, 5}, {2, 4}], [{8, 6}, {3, 7}, {2, 5}, {1, 4}], [{8, 6}, {3, 7}, {4, 5}, {1, 2}], [{8, 6}, {4, 7}, {1, 5}, {2, 3}], [{8, 6}, {4, 7}, {1, 5}, {3}, {2}], [{8, 6}, {4, 7}, {2, 5}, {1, 3}], [{8, 6}, {4, 7}, {3, 5}, {1, 2}], [{8, 6}, {5, 7}, {1, 4}, {2, 3}], [{8, 6}, {5, 7}, {2, 4}, {1, 3}], [{8, 6}, {5, 7}, {3, 4}, {1, 2}], [{8, 6}, {7}, {3, 5}, {1, 4}, {2}], [{8, 7}, {1, 6}, {2, 5}, {3, 4}], [{8, 7}, {1, 6}, {3, 5}, {2, 4}], [{8, 7}, {1, 6}, {4, 5}, {2, 3}], [{8, 7}, {2, 6}, {1, 5}, {3, 4}], [{8, 7}, {2, 6}, {1, 5}, {4}, {3}], [{8, 7}, {2, 6}, {3, 5}, {1, 4}], [{8, 7}, {2, 6}, {4, 5}, {1, 3}], [{8, 7}, {2, 6}, {5}, {3, 4}, {1}], [{8, 7}, {3, 6}, {1, 5}, {2, 4}], [{8, 7}, {3, 6}, {2, 5}, {1, 4}], [{8, 7}, {3, 6}, {4, 5}, {1, 2}], [{8, 7}, {3, 6}, {5}, {1, 4}, {2}], [{8, 7}, {4, 6}, {1, 5}, {2, 3}], [{8, 7}, {4, 6}, {2, 5}, {1, 3}], [{8, 7}, {4, 6}, {3, 5}, {1, 2}], [{8, 7}, {5, 6}, {1, 4}, {2, 3}], [{8, 7}, {5, 6}, {2, 4}, {1, 3}], [{8, 7}, {5, 6}, {3, 4}, {1, 2}], [{8, 7}, {6}, {1, 5}, {3, 4}, {2}], [{8, 7}, {6}, {2, 5}, {4}, {1, 3}], [{8, 7}, {6}, {3, 5}, {4}, {1, 2}], [{8}, {1, 7}, {2, 6}, {5}, {3, 4}], [{8}, {1, 7}, {3, 6}, {5}, {2, 4}], [{8}, {2, 7}, {3, 6}, {4, 5}, {1}], [{8}, {2, 7}, {4, 6}, {3, 5}, {1}], [{8}, {2, 7}, {5, 6}, {3, 4}, {1}], [{8}, {3, 7}, {1, 6}, {5}, {2, 4}], [{8}, {3, 7}, {6}, {2, 5}, {1, 4}], [{8}, {4, 7}, {3, 6}, {1, 5}, {2}], [{8}, {5, 7}, {2, 6}, {3, 4}, {1}], [{8}, {5, 7}, {3, 6}, {1, 4}, {2}], [{8}, {5, 7}, {4, 6}, {3}, {1, 2}], [{8}, {7}, {2, 6}, {1, 5}, {3, 4}], [{8}, {7}, {2, 6}, {3, 5}, {1, 4}]]",2,- 16 K_1^2 - 14 K_1 K_2 + 7 K_1 - 4 K_2^2 + 8 K_2 + 7 K_3 + 2 K_4 + 11,O1O2O3O4U5U6O7U3O8O6U4U7U8U1O5U2,O1O2O3O4U5U2O6U3O5O7U4U6U8U1O8U7,O1O2O3O4U5O6U4U6U7U1O5O8U2O7U3U8,c,{'O1O2O3O4U3O5U4U6U7U1O8O6U2O7U8U5'},1,"<a href=""/flatknot/8.733718"">8.733718</a>",t^9-26t^7-52t^6+29t^5+52t^4-41t^3+30t^2+3t-8,-t^3+3t,,
8.733719,O1O2O3O4U3O5U4U6U7U1O8O6U5O7U8U2,3,21z^2+90z+97,-2w^4z^2+23w^3z^2-6w^3z+96w^2z+97w,False,False,"[[ 0  0  1 -1  0  2 -1  0 -1],[ 0  0  0 -1  1  1  0  0 -1],[-1  0  0 -1  0  1 -1  0 -1],[ 1  1  1  0  1  1  1  1  0],[ 0 -1  0 -1  0  1  0 -1  1],[-2 -1 -1 -1 -1  0 -2 -1 -1],[ 1  0  1 -1  0  2  0  0  0],[ 0  0  0 -1  1  1  0  0 -1],[ 1  1  1  0 -1  1  0  1  0]]","[[ 0  2  1  0  0  0 -1 -1 -1],[-2  0 -1 -1 -1 -1 -1 -1 -2],[-1  1  0  0  0  0 -1 -1 -1],[ 0  1  0  0  1  0 -1 -1  0],[ 0  1  0 -1  0 -1  1 -1  0],[ 0  1  0  0  1  0 -1 -1  0],[ 1  1  1  1 -1  1  0  0  0],[ 1  1  1  1  1  1  0  0  1],[ 1  2  1  0  0  0  0 -1  0]]",True,"[-2,-1,0,0,0,1,1,1,1,1,1,1,1,1,2,0,0,0,1,1,1,-1,0,1,1,0,1,-1,1,0,1,1,0,0,0,-1]","[-2,-1,0,0,0,1,1,1,0,1,1,1,1,2,2,1,1,1,1,1,1,-1,-1,1,0,2,0,1,0,0,1,0,0,-1,0,0]",t^8+22t^6+88t^4+6t^2,"[-1,-1,-1,0,0,0,1,2,-1,0,0,0,0,1,2,0,1,1,1,1,1,0,0,2,1,2,0,-1,1,1,-1,1,1,1,1,0]","[-2,-1,0,0,0,1,1,1,0,1,1,1,1,2,2,1,1,1,1,1,1,-1,-1,1,0,2,0,1,0,0,1,0,0,-1,0,0]","[-1,-1,-1,0,0,0,1,2,-1,0,0,0,0,1,2,0,1,1,1,1,1,-1,1,1,1,1,-1,-1,0,1,0,0,1,0,1,1]",c,"[[{8, 3}, {1, 7}, {2, 6}, {4, 5}], [{8, 3}, {7}, {2, 6}, {4, 5}, {1}], [{8, 4}, {1, 7}, {2, 6}, {3, 5}], [{8, 4}, {1, 7}, {6}, {3, 5}, {2}], [{8, 4}, {2, 7}, {1, 6}, {3, 5}], [{8, 4}, {2, 7}, {6}, {3, 5}, {1}], [{8, 4}, {6, 7}, {3, 5}, {1, 2}], [{8, 4}, {6, 7}, {3, 5}, {2}, {1}], [{8, 4}, {7}, {1, 6}, {3, 5}, {2}], [{8, 4}, {7}, {2, 6}, {3, 5}, {1}], [{8, 4}, {7}, {6}, {3, 5}, {1, 2}], [{8, 4}, {7}, {6}, {3, 5}, {2}, {1}], [{8, 5}, {1, 7}, {2, 6}, {3, 4}], [{8, 5}, {7}, {2, 6}, {3, 4}, {1}]]",1,8 K_1^3 - 14 K_1^2 - 8 K_1 K_2 - 2 K_1 + 7 K_2 + 2 K_3 + 8,O1O2O3O4U3U5O6U7O8O5U4U6U8U1O7U2,O1O2O3O4U5U2O6U3O5O7U4U7U8U1O8U6,O1O2O3O4U5O6U4U6U7U1O7O8U2O5U3U8,c,{'O1O2O3O4U3O5U4U6U7U1O8O6U5O7U8U2'},1,"<a href=""/flatknot/8.733719"">8.733719</a>",t^9-20t^7-36t^6+9t^5+36t^4+13t^3+18t^2+8t,-t^2+2t,,
8.733720,O1O2O3O4U3O5U4U6U7U2O8O6U1O7U5U8,4,17z^2+86z+105,17w^3z^2+86w^2z+105w,False,False,"[[ 0 -1  1 -1  0  2 -1  0  0],[ 1  0  1 -1  1  2  0  1  0],[-1 -1  0 -1  1  0 -1  0 -1],[ 1  1  1  0  1  1  1  1  0],[ 0 -1 -1 -1  0  1  0  0  1],[-2 -2  0 -1 -1  0 -3 -1 -1],[ 1  0  1 -1  0  3  0  0  1],[ 0 -1  0 -1  0  1  0  0  0],[ 0  0  1  0 -1  1 -1  0  0]]","[[ 0  2  1  0  0  0 -1 -1 -1],[-2  0  0 -1 -1 -1 -1 -2 -3],[-1  0  0  1  0 -1 -1 -1 -1],[ 0  1 -1  0  0  1 -1 -1  0],[ 0  1  0  0  0  0 -1 -1  0],[ 0  1  1 -1  0  0  0  0 -1],[ 1  1  1  1  1  0  0  1  1],[ 1  2  1  1  1  0 -1  0  0],[ 1  3  1  0  0  1 -1  0  0]]",True,"[-2,-1,0,0,0,1,1,1,0,1,1,1,1,2,3,-1,0,1,1,1,1,0,-1,1,1,0,0,1,1,0,0,0,1,-1,-1,0]","[-2,-1,0,0,0,1,1,1,0,1,1,1,1,2,3,-1,0,1,1,1,1,0,-1,1,1,0,0,1,1,0,0,0,1,-1,-1,0]",t^8+30t^6+145t^4+44t^2,"[-1,-1,-1,0,0,0,1,2,-1,-1,0,0,1,1,2,0,0,0,1,1,1,1,1,0,1,0,0,-1,2,1,0,1,1,0,1,1]","[-2,-1,0,0,0,1,1,1,1,1,1,1,0,1,2,0,1,2,1,1,1,0,-1,0,1,1,0,1,0,0,1,0,0,0,-1,-1]","[-1,-1,-1,0,0,0,1,2,-1,0,0,0,1,1,3,1,1,1,0,1,1,1,1,0,1,2,0,0,0,1,1,-1,1,1,1,0]",c,"[[{8, 2}, {1, 7}, {4, 6}, {3, 5}], [{8, 2}, {6, 7}, {3, 5}, {1, 4}], [{8}, {6, 7}, {3, 5}, {1, 4}, {2}]]",1,4 K_1^3 - 14 K_1^2 - 8 K_1 K_2 + K_1 + 7 K_2 + 3 K_3 + 8,O1O2O3O4U5U6O7U4O8O5U3U7U8U1O6U2,O1O2O3O4U5U2O6U3O7O5U6U4U8U1O8U7,O1O2O3O4U5O6U4U6U1U7O8O5U2O7U3U8,c,{'O1O2O3O4U3O5U4U6U7U2O8O6U1O7U5U8'},1,"<a href=""/flatknot/8.733720"">8.733720</a>",t^9-28t^7-50t^6+54t^5+126t^4-2t^3-84t^2-20t+8,-t^2+2t,,
8.733721,O1O2O3O4U3O5U4U6U7U2O8O6U1O7U8U5,4,3z^3+29z^2+105z+119,3w^4z^3+29w^3z^2+105w^2z+119w,False,False,"[[ 0 -1  1 -1  0  3 -1  0 -1],[ 1  0  1 -1  1  3  0  1 -1],[-1 -1  0 -1  1  0 -1  0 -2],[ 1  1  1  0  1  1  1  1  0],[ 0 -1 -1 -1  0  1  0  0  0],[-3 -3  0 -1 -1  0 -3 -1 -2],[ 1  0  1 -1  0  3  0  0  0],[ 0 -1  0 -1  0  1  0  0 -1],[ 1  1  2  0  0  2  0  1  0]]","[[ 0  3  1  0  0 -1 -1 -1 -1],[-3  0  0 -1 -1 -1 -2 -3 -3],[-1  0  0  1  0 -1 -2 -1 -1],[ 0  1 -1  0  0 -1  0  0 -1],[ 0  1  0  0  0 -1 -1  0 -1],[ 1  1  1  1  1  0  0  1  1],[ 1  2  2  0  1  0  0  0  1],[ 1  3  1  0  0 -1  0  0  0],[ 1  3  1  1  1 -1 -1  0  0]]",True,"[-3,-1,0,0,1,1,1,1,0,1,1,1,2,3,3,-1,0,1,2,1,1,0,1,0,0,1,1,1,0,1,0,-1,-1,0,-1,0]","[-3,-1,0,0,1,1,1,1,0,1,1,1,2,3,3,-1,0,1,2,1,1,0,1,0,0,1,1,1,0,1,0,-1,-1,0,-1,0]",t^8+41t^6+198t^4+79t^2+4,"[-1,-1,-1,-1,0,0,1,3,-1,-1,0,0,0,1,3,0,0,1,1,1,1,1,0,0,1,1,0,1,0,2,0,1,2,2,2,2]","[-3,-1,0,0,1,1,1,1,2,2,2,1,1,2,3,1,2,1,1,0,1,0,0,1,0,0,0,1,1,0,0,-1,-1,0,-1,0]","[-1,-1,-1,-1,0,0,1,3,-1,-1,0,1,1,1,3,0,0,0,1,2,2,1,1,1,1,1,0,0,1,3,0,-1,1,0,1,0]",c,"[[{8, 4}, {3, 7}, {5, 6}, {1, 2}], [{8, 4}, {3, 7}, {5, 6}, {2}, {1}]]",1,4 K_1^3 - 26 K_1^2 - 22 K_1 K_2 - 2 K_1 K_3 + 8 K_1 - 2 K_2^2 + 14 K_2 + 10 K_3 + 2 K_4 + 15,O1O2O3O4U5U6O7U4O8O6U3U7U8U1O5U2,O1O2O3O4U5U2O6U3O5O7U6U4U8U1O8U7,O1O2O3O4U5O6U4U6U1U7O5O8U2O7U3U8,c,{'O1O2O3O4U3O5U4U6U7U2O8O6U1O7U8U5'},1,"<a href=""/flatknot/8.733721"">8.733721</a>",t^9-35t^7-68t^6+52t^5+66t^4-53t^3+78t^2-53t+4,-t^3+3t,,
8.733722,O1O2O3O4U3O5U4U6U7U2O8O6U5O7U1U8,4,3z^3+35z^2+111z+107,3w^4z^3+35w^3z^2+111w^2z+107w,False,False,"[[ 0 -1  1 -1  0  2 -1  0  0],[ 1  0  1 -1  0  3 -1  0  0],[-1 -1  0 -1  1  1 -1 -1 -1],[ 1  1  1  0  1  1  1  1  0],[ 0  0 -1 -1  0  1  0 -1  1],[-2 -3 -1 -1 -1  0 -2 -1 -1],[ 1  1  1 -1  0  2  0  0  1],[ 0  0  1 -1  1  1  0  0  0],[ 0  0  1  0 -1  1 -1  0  0]]","[[ 0  2  1  0  0  0 -1 -1 -1],[-2  0 -1 -1 -1 -1 -1 -2 -3],[-1  1  0  1 -1 -1 -1 -1 -1],[ 0  1 -1  0  1 -1 -1  0  0],[ 0  1  1 -1  0  0  0 -1  0],[ 0  1  1  1  0  0 -1  0  0],[ 1  1  1  1  0  1  0  1  1],[ 1  2  1  0  1  0 -1  0  1],[ 1  3  1  0  0  0 -1 -1  0]]",True,"[-2,-1,0,0,0,1,1,1,1,1,1,1,1,2,3,-1,1,1,1,1,1,-1,1,1,0,0,0,0,1,0,1,0,0,-1,-1,-1]","[-2,-1,0,0,0,1,1,1,0,1,1,1,0,1,2,0,0,2,1,1,1,0,-1,1,0,1,1,1,1,0,1,1,0,-1,-1,-1]",t^8+32t^6+155t^4+91t^2+1,"[-1,-1,-1,0,0,0,1,2,-1,-1,0,0,1,1,2,-1,1,1,0,1,1,1,1,1,1,0,-1,0,0,1,-1,2,1,0,1,0]","[-2,-1,0,0,0,1,1,1,0,1,1,1,0,1,2,0,0,2,1,1,1,0,-1,1,0,1,1,1,1,0,1,1,0,-1,-1,-1]","[-1,-1,-1,0,0,0,1,2,-1,-1,0,0,0,1,3,-1,0,0,1,1,2,1,1,0,1,1,-1,1,-1,1,0,1,1,1,1,1]",c,"[[{8, 1}, {2, 7}, {3, 6}, {4, 5}], [{8, 1}, {2, 7}, {4, 6}, {3, 5}], [{8, 1}, {2, 7}, {5, 6}, {3, 4}], [{8, 1}, {2, 7}, {6}, {3, 5}, {4}], [{8, 1}, {3, 7}, {2, 6}, {4, 5}], [{8, 1}, {3, 7}, {2, 6}, {5}, {4}], [{8, 1}, {3, 7}, {4, 6}, {2, 5}], [{8, 1}, {3, 7}, {4, 6}, {5}, {2}], [{8, 1}, {3, 7}, {5, 6}, {2, 4}], [{8, 1}, {3, 7}, {6}, {5}, {2, 4}], [{8, 1}, {4, 7}, {2, 6}, {3, 5}], [{8, 1}, {4, 7}, {3, 6}, {2, 5}], [{8, 1}, {4, 7}, {5, 6}, {2, 3}], [{8, 1}, {4, 7}, {6}, {2, 5}, {3}], [{8, 1}, {4, 7}, {6}, {3, 5}, {2}], [{8, 1}, {4, 7}, {6}, {5}, {2, 3}], [{8, 1}, {5, 7}, {2, 6}, {3, 4}], [{8, 1}, {5, 7}, {2, 6}, {4}, {3}], [{8, 1}, {5, 7}, {3, 6}, {2, 4}], [{8, 1}, {5, 7}, {4, 6}, {2, 3}], [{8, 1}, {5, 7}, {4, 6}, {3}, {2}], [{8, 1}, {5, 7}, {6}, {2, 4}, {3}], [{8, 1}, {6, 7}, {2, 5}, {3, 4}], [{8, 1}, {6, 7}, {3, 5}, {2, 4}], [{8, 1}, {6, 7}, {3, 5}, {4}, {2}], [{8, 1}, {6, 7}, {4, 5}, {2, 3}], [{8, 1}, {7}, {2, 6}, {3, 5}, {4}], [{8, 1}, {7}, {4, 6}, {3, 5}, {2}], [{8, 1}, {7}, {6}, {3, 5}, {2, 4}], [{8, 1}, {7}, {6}, {3, 5}, {4}, {2}], [{8, 2}, {1, 7}, {3, 6}, {4, 5}], [{8, 2}, {1, 7}, {4, 6}, {3, 5}], [{8, 2}, {1, 7}, {5, 6}, {3, 4}], [{8, 2}, {1, 7}, {6}, {3, 5}, {4}], [{8, 2}, {3, 7}, {1, 6}, {4, 5}], [{8, 2}, {3, 7}, {4, 6}, {1, 5}], [{8, 2}, {3, 7}, {5, 6}, {1, 4}], [{8, 2}, {3, 7}, {5, 6}, {4}, {1}], [{8, 2}, {4, 7}, {1, 6}, {3, 5}], [{8, 2}, {4, 7}, {3, 6}, {1, 5}], [{8, 2}, {4, 7}, {5, 6}, {1, 3}], [{8, 2}, {4, 7}, {6}, {3, 5}, {1}], [{8, 2}, {5, 7}, {1, 6}, {3, 4}], [{8, 2}, {5, 7}, {3, 6}, {1, 4}], [{8, 2}, {5, 7}, {4, 6}, {1, 3}], [{8, 2}, {6, 7}, {1, 5}, {3, 4}], [{8, 2}, {6, 7}, {1, 5}, {4}, {3}], [{8, 2}, {6, 7}, {3, 5}, {1, 4}], [{8, 2}, {6, 7}, {4, 5}, {1, 3}], [{8, 2}, {7}, {6}, {3, 5}, {1, 4}], [{8, 3}, {1, 7}, {2, 6}, {4, 5}], [{8, 3}, {1, 7}, {4, 6}, {2, 5}], [{8, 3}, {1, 7}, {5, 6}, {2, 4}], [{8, 3}, {2, 7}, {1, 6}, {4, 5}], [{8, 3}, {2, 7}, {4, 6}, {1, 5}], [{8, 3}, {2, 7}, {5, 6}, {1, 4}], [{8, 3}, {2, 7}, {6}, {5}, {1, 4}], [{8, 3}, {4, 7}, {1, 6}, {2, 5}], [{8, 3}, {4, 7}, {2, 6}, {1, 5}], [{8, 3}, {4, 7}, {5, 6}, {1, 2}], [{8, 3}, {4, 7}, {6}, {1, 5}, {2}], [{8, 3}, {5, 7}, {1, 6}, {2, 4}], [{8, 3}, {5, 7}, {2, 6}, {1, 4}], [{8, 3}, {5, 7}, {4, 6}, {1, 2}], [{8, 3}, {5, 7}, {6}, {2, 4}, {1}], [{8, 3}, {6, 7}, {1, 5}, {2, 4}], [{8, 3}, {6, 7}, {2, 5}, {1, 4}], [{8, 3}, {6, 7}, {4, 5}, {1, 2}], [{8, 3}, {7}, {1, 6}, {4, 5}, {2}], [{8, 3}, {7}, {2, 6}, {1, 5}, {4}], [{8, 3}, {7}, {5, 6}, {1, 4}, {2}], [{8, 4}, {1, 7}, {2, 6}, {3, 5}], [{8, 4}, {1, 7}, {3, 6}, {2, 5}], [{8, 4}, {1, 7}, {5, 6}, {2, 3}], [{8, 4}, {1, 7}, {6}, {2, 5}, {3}], [{8, 4}, {1, 7}, {6}, {3, 5}, {2}], [{8, 4}, {1, 7}, {6}, {5}, {2, 3}], [{8, 4}, {2, 7}, {1, 6}, {3, 5}], [{8, 4}, {2, 7}, {3, 6}, {1, 5}], [{8, 4}, {2, 7}, {5, 6}, {1, 3}], [{8, 4}, {2, 7}, {6}, {3, 5}, {1}], [{8, 4}, {3, 7}, {1, 6}, {2, 5}], [{8, 4}, {3, 7}, {2, 6}, {1, 5}], [{8, 4}, {3, 7}, {5, 6}, {1, 2}], [{8, 4}, {3, 7}, {5, 6}, {2}, {1}], [{8, 4}, {3, 7}, {6}, {5}, {1, 2}], [{8, 4}, {5, 7}, {1, 6}, {2, 3}], [{8, 4}, {5, 7}, {2, 6}, {1, 3}], [{8, 4}, {5, 7}, {3, 6}, {1, 2}], [{8, 4}, {5, 7}, {3, 6}, {2}, {1}], [{8, 4}, {5, 7}, {6}, {3}, {1, 2}], [{8, 4}, {6, 7}, {1, 5}, {2, 3}], [{8, 4}, {6, 7}, {2, 5}, {1, 3}], [{8, 4}, {6, 7}, {3, 5}, {1, 2}], [{8, 4}, {6, 7}, {3, 5}, {2}, {1}], [{8, 4}, {6, 7}, {5}, {3}, {1, 2}], [{8, 4}, {7}, {1, 6}, {3, 5}, {2}], [{8, 4}, {7}, {2, 6}, {1, 5}, {3}], [{8, 4}, {7}, {2, 6}, {3, 5}, {1}], [{8, 4}, {7}, {2, 6}, {5}, {1, 3}], [{8, 4}, {7}, {3, 6}, {5}, {1, 2}], [{8, 4}, {7}, {5, 6}, {3}, {1, 2}], [{8, 4}, {7}, {6}, {3, 5}, {1, 2}], [{8, 4}, {7}, {6}, {3, 5}, {2}, {1}], [{8, 5}, {1, 7}, {2, 6}, {3, 4}], [{8, 5}, {1, 7}, {3, 6}, {2, 4}], [{8, 5}, {1, 7}, {4, 6}, {2, 3}], [{8, 5}, {2, 7}, {1, 6}, {3, 4}], [{8, 5}, {2, 7}, {3, 6}, {1, 4}], [{8, 5}, {2, 7}, {4, 6}, {1, 3}], [{8, 5}, {2, 7}, {6}, {1, 4}, {3}], [{8, 5}, {3, 7}, {1, 6}, {2, 4}], [{8, 5}, {3, 7}, {2, 6}, {1, 4}], [{8, 5}, {3, 7}, {4, 6}, {1, 2}], [{8, 5}, {4, 7}, {1, 6}, {2, 3}], [{8, 5}, {4, 7}, {2, 6}, {1, 3}], [{8, 5}, {4, 7}, {2, 6}, {3}, {1}], [{8, 5}, {4, 7}, {3, 6}, {1, 2}], [{8, 5}, {6, 7}, {1, 4}, {2, 3}], [{8, 5}, {6, 7}, {2, 4}, {1, 3}], [{8, 5}, {6, 7}, {2, 4}, {3}, {1}], [{8, 5}, {6, 7}, {3, 4}, {1, 2}], [{8, 5}, {7}, {2, 6}, {4}, {1, 3}], [{8, 5}, {7}, {3, 6}, {1, 4}, {2}], [{8, 6}, {1, 7}, {2, 5}, {3, 4}], [{8, 6}, {1, 7}, {3, 5}, {2, 4}], [{8, 6}, {1, 7}, {4, 5}, {2, 3}], [{8, 6}, {2, 7}, {1, 5}, {3, 4}], [{8, 6}, {2, 7}, {3, 5}, {1, 4}], [{8, 6}, {2, 7}, {4, 5}, {1, 3}], [{8, 6}, {2, 7}, {5}, {1, 4}, {3}], [{8, 6}, {3, 7}, {1, 5}, {2, 4}], [{8, 6}, {3, 7}, {2, 5}, {1, 4}], [{8, 6}, {3, 7}, {4, 5}, {1, 2}], [{8, 6}, {4, 7}, {1, 5}, {2, 3}], [{8, 6}, {4, 7}, {2, 5}, {1, 3}], [{8, 6}, {4, 7}, {3, 5}, {1, 2}], [{8, 6}, {5, 7}, {1, 4}, {2, 3}], [{8, 6}, {5, 7}, {2, 4}, {1, 3}], [{8, 6}, {5, 7}, {3, 4}, {1, 2}], [{8, 6}, {7}, {1, 5}, {2, 4}, {3}], [{8, 6}, {7}, {3, 5}, {1, 4}, {2}], [{8, 7}, {1, 6}, {2, 5}, {3, 4}], [{8, 7}, {1, 6}, {3, 5}, {2, 4}], [{8, 7}, {1, 6}, {4, 5}, {2, 3}], [{8, 7}, {1, 6}, {5}, {2, 4}, {3}], [{8, 7}, {2, 6}, {1, 5}, {3, 4}], [{8, 7}, {2, 6}, {3, 5}, {1, 4}], [{8, 7}, {2, 6}, {4, 5}, {1, 3}], [{8, 7}, {2, 6}, {5}, {1, 4}, {3}], [{8, 7}, {3, 6}, {1, 5}, {2, 4}], [{8, 7}, {3, 6}, {2, 5}, {1, 4}], [{8, 7}, {3, 6}, {4, 5}, {1, 2}], [{8, 7}, {3, 6}, {5}, {4}, {1, 2}], [{8, 7}, {4, 6}, {1, 5}, {2, 3}], [{8, 7}, {4, 6}, {2, 5}, {1, 3}], [{8, 7}, {4, 6}, {3, 5}, {1, 2}], [{8, 7}, {5, 6}, {1, 4}, {2, 3}], [{8, 7}, {5, 6}, {2, 4}, {1, 3}], [{8, 7}, {5, 6}, {3, 4}, {1, 2}], [{8, 7}, {5, 6}, {4}, {3}, {1, 2}], [{8, 7}, {6}, {3, 5}, {1, 4}, {2}], [{8, 7}, {6}, {3, 5}, {2, 4}, {1}], [{8, 7}, {6}, {3, 5}, {4}, {1, 2}], [{8}, {1, 7}, {2, 6}, {4, 5}, {3}], [{8}, {1, 7}, {3, 6}, {5}, {2, 4}], [{8}, {1, 7}, {5, 6}, {2, 4}, {3}], [{8}, {1, 7}, {6}, {3, 5}, {2, 4}], [{8}, {2, 7}, {3, 6}, {5}, {1, 4}], [{8}, {2, 7}, {5, 6}, {1, 4}, {3}], [{8}, {2, 7}, {6}, {1, 5}, {3, 4}], [{8}, {2, 7}, {6}, {3, 5}, {1, 4}], [{8}, {3, 7}, {2, 6}, {4, 5}, {1}], [{8}, {3, 7}, {5, 6}, {2, 4}, {1}], [{8}, {4, 7}, {3, 6}, {5}, {1, 2}], [{8}, {4, 7}, {5, 6}, {3}, {1, 2}], [{8}, {4, 7}, {6}, {3, 5}, {1, 2}], [{8}, {5, 7}, {6}, {2, 4}, {1, 3}], [{8}, {6, 7}, {1, 5}, {3, 4}, {2}], [{8}, {6, 7}, {3, 5}, {1, 4}, {2}], [{8}, {6, 7}, {5}, {2, 4}, {1, 3}], [{8}, {7}, {2, 6}, {1, 5}, {3, 4}], [{8}, {7}, {2, 6}, {3, 5}, {1, 4}], [{8}, {7}, {2, 6}, {4, 5}, {1, 3}], [{8}, {7}, {5, 6}, {2, 4}, {1, 3}], [{8}, {7}, {6}, {3, 5}, {1, 4}, {2}]]",2,12 K_1^3 - 18 K_1^2 - 12 K_1 K_2 - 3 K_1 + 9 K_2 + 3 K_3 + 10,O1O2O3O4U5U4O6U7O8O5U3U6U8U1O7U2,O1O2O3O4U5U2O6U3O7O5U7U4U8U1O8U6,O1O2O3O4U5O6U4U6U1U7O8O7U2O5U3U8,c,{'O1O2O3O4U3O5U4U6U7U2O8O6U5O7U1U8'},1,"<a href=""/flatknot/8.733722"">8.733722</a>",t^9-30t^7-74t^6+18t^5+210t^4+166t^3-46t^2-79t-14,-t^2+2t,,
8.733723,O1O2O3O4U3O5U4U6U1U2O7O8U5O6U7U8,4,9z^3+51z^2+101z+71,9w^4z^3-4w^4z^2+55w^3z^2-8w^3z+109w^2z+71w,False,False,"[[ 0 -1  1 -1  0  2 -1 -1  1],[ 1  0  1 -1  1  3 -1  0  0],[-1 -1  0 -1  1  2 -2  0  0],[ 1  1  1  0  1  1  1  0  0],[ 0 -1 -1 -1  0  1 -1  1  1],[-2 -3 -2 -1 -1  0 -2  0  1],[ 1  1  2 -1  1  2  0 -1  0],[ 1  0  0  0 -1  0  1  0  1],[-1  0  0  0 -1 -1  0 -1  0]]","[[ 0  2  1  1  0 -1 -1 -1 -1],[-2  0  1 -2 -1  0 -1 -2 -3],[-1 -1  0  0 -1 -1  0  0  0],[-1  2  0  0  1  0 -1 -2 -1],[ 0  1  1 -1  0  1 -1 -1 -1],[ 1  0  1  0 -1  0  0  1  0],[ 1  1  0  1  1  0  0  1  1],[ 1  2  0  2  1 -1 -1  0  1],[ 1  3  0  1  1  0 -1 -1  0]]",True,"[-2,-1,-1,0,1,1,1,1,-1,2,1,0,1,2,3,0,1,1,0,0,0,-1,0,1,2,1,-1,1,1,1,0,-1,0,-1,-1,-1]","[-2,-1,-1,0,1,1,1,1,-1,2,1,0,1,2,3,0,1,1,0,0,0,-1,0,1,2,1,-1,1,1,1,0,-1,0,-1,-1,-1]",t^8+37t^6+138t^4+47t^2+1,"[-1,-1,-1,-1,0,1,1,2,-1,-1,0,0,1,2,2,-1,1,0,0,2,1,0,0,1,2,0,2,2,1,3,2,0,1,0,-1,2]","[-2,-1,-1,0,1,1,1,1,-1,2,1,0,1,2,3,0,2,1,0,1,2,0,2,2,2,1,0,0,0,2,-1,-1,0,-1,-1,0]","[-1,-1,-1,-1,0,1,1,2,-1,-1,0,1,0,1,3,-1,-1,1,0,2,2,0,1,0,1,1,-1,1,0,0,1,-1,1,0,-1,2]",c,"[[{8, 1}, {2, 7}, {3, 6}, {4, 5}], [{8, 1}, {2, 7}, {4, 6}, {3, 5}], [{8, 1}, {2, 7}, {5, 6}, {3, 4}], [{8, 1}, {2, 7}, {6}, {5}, {3, 4}], [{8, 1}, {3, 7}, {4, 6}, {2, 5}], [{8, 4}, {2, 7}, {5, 6}, {1, 3}], [{8, 4}, {2, 7}, {6}, {5}, {1, 3}]]",1,- 16 K_1^4 + 12 K_1^3 + 16 K_1^2 K_2 - 10 K_1^2 - 8 K_1 K_2 - 4 K_1 K_3 - 5 K_1 + 7 K_2 + K_3 + 8,O1O2O3O4U5U6O7U8O5O6U3U4U7U1O8U2,O1O2O3O4U5U6O7U2O5O6U3U4U8U1O8U7,O1O2O3O4U5O6U4U6U1U2O7O8U3O5U7U8,c,{'O1O2O3O4U3O5U4U6U1U2O7O8U5O6U7U8'},1,"<a href=""/flatknot/8.733723"">8.733723</a>",t^9-35t^7-98t^6-31t^5+146t^4+195t^3+188t^2+130t+24,-t^2+2t,,
8.733724,O1O2O3O4U3O5U4U6U1U2O7O8U5O6U8U7,4,7z^3+48z^2+108z+81,7w^4z^3-4w^4z^2+52w^3z^2+108w^2z+81w,False,False,"[[ 0 -1  1 -1  0  2 -1  0  0],[ 1  0  1 -1  1  3 -1  0  0],[-1 -1  0 -1  1  2 -2  0  0],[ 1  1  1  0  1  1  1  0  0],[ 0 -1 -1 -1  0  1 -1  1  1],[-2 -3 -2 -1 -1  0 -2  1  0],[ 1  1  2 -1  1  2  0 -1  0],[ 0  0  0  0 -1 -1  1  0  0],[ 0  0  0  0 -1  0  0  0  0]]","[[ 0  2  1  0  0  0 -1 -1 -1],[-2  0 -2  1  0 -1 -1 -2 -3],[-1  2  0  0  0  1 -1 -2 -1],[ 0 -1  0  0  0 -1  0  1  0],[ 0  0  0  0  0 -1  0  0  0],[ 0  1 -1  1  1  0 -1 -1 -1],[ 1  1  1  0  0  1  0  1  1],[ 1  2  2 -1  0  1 -1  0  1],[ 1  3  1  0  0  1 -1 -1  0]]",True,"[-2,-1,0,0,0,1,1,1,2,-1,0,1,1,2,3,0,0,-1,1,2,1,0,1,0,-1,0,1,0,0,0,1,1,1,-1,-1,-1]","[-2,-1,0,0,0,1,1,1,-1,1,2,3,0,1,2,2,1,1,1,0,1,1,1,0,0,0,0,1,1,1,1,2,1,-1,-1,-1]",t^8+36t^6+87t^4+36t^2,"[-1,-1,-1,0,0,0,1,2,-1,-1,0,1,1,1,2,-1,0,1,2,0,1,0,1,1,1,0,-1,-1,2,1,0,1,2,1,3,-1]","[-2,-1,0,0,0,1,1,1,-1,1,2,3,0,1,2,2,1,1,1,0,1,1,1,0,0,0,0,1,1,1,1,2,1,-1,-1,-1]","[-1,-1,-1,0,0,0,1,2,-1,-1,0,0,1,1,3,-1,-1,0,1,2,2,0,0,1,1,1,0,-1,0,-1,-1,0,0,-1,1,2]",c,"[[{8, 1}, {2, 7}, {3, 6}, {4, 5}], [{8, 1}, {2, 7}, {4, 6}, {3, 5}], [{8, 1}, {2, 7}, {5, 6}, {3, 4}], [{8, 1}, {2, 7}, {6}, {5}, {3, 4}], [{8, 1}, {3, 7}, {2, 6}, {4, 5}], [{8, 1}, {3, 7}, {4, 6}, {2, 5}], [{8, 1}, {3, 7}, {5, 6}, {2, 4}], [{8, 1}, {3, 7}, {6}, {2, 5}, {4}], [{8, 1}, {4, 7}, {2, 6}, {3, 5}], [{8, 1}, {4, 7}, {3, 6}, {2, 5}], [{8, 1}, {4, 7}, {5, 6}, {2, 3}], [{8, 1}, {4, 7}, {5, 6}, {3}, {2}], [{8, 1}, {5, 7}, {2, 6}, {3, 4}], [{8, 1}, {5, 7}, {3, 6}, {2, 4}], [{8, 1}, {5, 7}, {3, 6}, {4}, {2}], [{8, 1}, {5, 7}, {4, 6}, {2, 3}], [{8, 1}, {6, 7}, {2, 5}, {3, 4}], [{8, 1}, {6, 7}, {3, 5}, {2, 4}], [{8, 1}, {6, 7}, {4, 5}, {2, 3}], [{8, 1}, {7}, {2, 6}, {3, 5}, {4}], [{8, 1}, {7}, {3, 6}, {5}, {2, 4}], [{8, 2}, {1, 7}, {3, 6}, {4, 5}], [{8, 2}, {1, 7}, {4, 6}, {3, 5}], [{8, 2}, {1, 7}, {5, 6}, {3, 4}], [{8, 2}, {1, 7}, {6}, {5}, {3, 4}], [{8, 2}, {3, 7}, {1, 6}, {4, 5}], [{8, 2}, {3, 7}, {4, 6}, {1, 5}], [{8, 2}, {3, 7}, {5, 6}, {1, 4}], [{8, 2}, {4, 7}, {1, 6}, {3, 5}], [{8, 2}, {4, 7}, {3, 6}, {1, 5}], [{8, 2}, {4, 7}, {5, 6}, {1, 3}], [{8, 2}, {4, 7}, {5, 6}, {3}, {1}], [{8, 2}, {4, 7}, {6}, {5}, {1, 3}], [{8, 2}, {5, 7}, {1, 6}, {3, 4}], [{8, 2}, {5, 7}, {3, 6}, {1, 4}], [{8, 2}, {5, 7}, {3, 6}, {4}, {1}], [{8, 2}, {5, 7}, {4, 6}, {1, 3}], [{8, 2}, {6, 7}, {1, 5}, {3, 4}], [{8, 2}, {6, 7}, {3, 5}, {1, 4}], [{8, 2}, {6, 7}, {4, 5}, {1, 3}], [{8, 2}, {6, 7}, {5}, {4}, {1, 3}], [{8, 2}, {7}, {1, 6}, {3, 5}, {4}], [{8, 2}, {7}, {3, 6}, {5}, {1, 4}], [{8, 2}, {7}, {4, 6}, {5}, {1, 3}], [{8, 3}, {1, 7}, {2, 6}, {4, 5}], [{8, 3}, {1, 7}, {4, 6}, {2, 5}], [{8, 3}, {1, 7}, {5, 6}, {2, 4}], [{8, 3}, {1, 7}, {6}, {4, 5}, {2}], [{8, 3}, {2, 7}, {1, 6}, {4, 5}], [{8, 3}, {2, 7}, {4, 6}, {1, 5}], [{8, 3}, {2, 7}, {4, 6}, {5}, {1}], [{8, 3}, {2, 7}, {5, 6}, {1, 4}], [{8, 3}, {4, 7}, {1, 6}, {2, 5}], [{8, 3}, {4, 7}, {2, 6}, {1, 5}], [{8, 3}, {4, 7}, {2, 6}, {5}, {1}], [{8, 3}, {4, 7}, {5, 6}, {1, 2}], [{8, 3}, {4, 7}, {6}, {1, 5}, {2}], [{8, 3}, {5, 7}, {1, 6}, {2, 4}], [{8, 3}, {5, 7}, {2, 6}, {1, 4}], [{8, 3}, {5, 7}, {4, 6}, {1, 2}], [{8, 3}, {5, 7}, {4, 6}, {2}, {1}], [{8, 3}, {6, 7}, {1, 5}, {2, 4}], [{8, 3}, {6, 7}, {2, 5}, {1, 4}], [{8, 3}, {6, 7}, {4, 5}, {1, 2}], [{8, 3}, {7}, {1, 6}, {5}, {2, 4}], [{8, 3}, {7}, {2, 6}, {1, 5}, {4}], [{8, 3}, {7}, {4, 6}, {2, 5}, {1}], [{8, 3}, {7}, {5, 6}, {4}, {1, 2}], [{8, 4}, {1, 7}, {2, 6}, {3, 5}], [{8, 4}, {1, 7}, {3, 6}, {2, 5}], [{8, 4}, {1, 7}, {5, 6}, {2, 3}], [{8, 4}, {1, 7}, {5, 6}, {3}, {2}], [{8, 4}, {2, 7}, {1, 6}, {3, 5}], [{8, 4}, {2, 7}, {3, 6}, {1, 5}], [{8, 4}, {2, 7}, {5, 6}, {1, 3}], [{8, 4}, {2, 7}, {5, 6}, {3}, {1}], [{8, 4}, {2, 7}, {6}, {5}, {1, 3}], [{8, 4}, {3, 7}, {1, 6}, {2, 5}], [{8, 4}, {3, 7}, {2, 6}, {1, 5}], [{8, 4}, {3, 7}, {5, 6}, {1, 2}], [{8, 4}, {5, 7}, {1, 6}, {2, 3}], [{8, 4}, {5, 7}, {2, 6}, {1, 3}], [{8, 4}, {5, 7}, {2, 6}, {3}, {1}], [{8, 4}, {5, 7}, {3, 6}, {1, 2}], [{8, 4}, {5, 7}, {3, 6}, {2}, {1}], [{8, 4}, {5, 7}, {6}, {2, 3}, {1}], [{8, 4}, {6, 7}, {1, 5}, {2, 3}], [{8, 4}, {6, 7}, {1, 5}, {3}, {2}], [{8, 4}, {6, 7}, {2, 5}, {1, 3}], [{8, 4}, {6, 7}, {3, 5}, {1, 2}], [{8, 4}, {7}, {3, 6}, {5}, {1, 2}], [{8, 4}, {7}, {5, 6}, {3}, {1, 2}], [{8, 4}, {7}, {6}, {3, 5}, {1, 2}], [{8, 5}, {1, 7}, {2, 6}, {3, 4}], [{8, 5}, {1, 7}, {3, 6}, {2, 4}], [{8, 5}, {1, 7}, {4, 6}, {2, 3}], [{8, 5}, {1, 7}, {4, 6}, {3}, {2}], [{8, 5}, {2, 7}, {1, 6}, {3, 4}], [{8, 5}, {2, 7}, {3, 6}, {1, 4}], [{8, 5}, {2, 7}, {4, 6}, {1, 3}], [{8, 5}, {2, 7}, {6}, {4}, {1, 3}], [{8, 5}, {3, 7}, {1, 6}, {2, 4}], [{8, 5}, {3, 7}, {2, 6}, {1, 4}], [{8, 5}, {3, 7}, {4, 6}, {1, 2}], [{8, 5}, {4, 7}, {1, 6}, {2, 3}], [{8, 5}, {4, 7}, {1, 6}, {3}, {2}], [{8, 5}, {4, 7}, {2, 6}, {1, 3}], [{8, 5}, {4, 7}, {3, 6}, {1, 2}], [{8, 5}, {6, 7}, {1, 4}, {2, 3}], [{8, 5}, {6, 7}, {2, 4}, {1, 3}], [{8, 5}, {6, 7}, {3, 4}, {1, 2}], [{8, 5}, {6, 7}, {4}, {1, 3}, {2}], [{8, 5}, {7}, {2, 6}, {4}, {1, 3}], [{8, 5}, {7}, {3, 6}, {4}, {1, 2}], [{8, 6}, {1, 7}, {2, 5}, {3, 4}], [{8, 6}, {1, 7}, {3, 5}, {2, 4}], [{8, 6}, {1, 7}, {3, 5}, {4}, {2}], [{8, 6}, {1, 7}, {4, 5}, {2, 3}], [{8, 6}, {2, 7}, {1, 5}, {3, 4}], [{8, 6}, {2, 7}, {3, 5}, {1, 4}], [{8, 6}, {2, 7}, {3, 5}, {4}, {1}], [{8, 6}, {2, 7}, {4, 5}, {1, 3}], [{8, 6}, {3, 7}, {1, 5}, {2, 4}], [{8, 6}, {3, 7}, {1, 5}, {4}, {2}], [{8, 6}, {3, 7}, {2, 5}, {1, 4}], [{8, 6}, {3, 7}, {4, 5}, {1, 2}], [{8, 6}, {4, 7}, {1, 5}, {2, 3}], [{8, 6}, {4, 7}, {2, 5}, {1, 3}], [{8, 6}, {4, 7}, {3, 5}, {1, 2}], [{8, 6}, {4, 7}, {3, 5}, {2}, {1}], [{8, 6}, {5, 7}, {1, 4}, {2, 3}], [{8, 6}, {5, 7}, {2, 4}, {1, 3}], [{8, 6}, {5, 7}, {3, 4}, {1, 2}], [{8, 6}, {5, 7}, {4}, {1, 3}, {2}], [{8, 6}, {7}, {3, 5}, {1, 4}, {2}], [{8, 6}, {7}, {3, 5}, {2, 4}, {1}], [{8, 6}, {7}, {3, 5}, {4}, {1, 2}], [{8, 6}, {7}, {3, 5}, {4}, {2}, {1}], [{8, 7}, {1, 6}, {2, 5}, {3, 4}], [{8, 7}, {1, 6}, {3, 5}, {2, 4}], [{8, 7}, {1, 6}, {4, 5}, {2, 3}], [{8, 7}, {2, 6}, {1, 5}, {3, 4}], [{8, 7}, {2, 6}, {3, 5}, {1, 4}], [{8, 7}, {2, 6}, {4, 5}, {1, 3}], [{8, 7}, {3, 6}, {1, 5}, {2, 4}], [{8, 7}, {3, 6}, {2, 5}, {1, 4}], [{8, 7}, {3, 6}, {4, 5}, {1, 2}], [{8, 7}, {3, 6}, {5}, {4}, {1, 2}], [{8, 7}, {4, 6}, {1, 5}, {2, 3}], [{8, 7}, {4, 6}, {1, 5}, {3}, {2}], [{8, 7}, {4, 6}, {2, 5}, {1, 3}], [{8, 7}, {4, 6}, {2, 5}, {3}, {1}], [{8, 7}, {4, 6}, {3, 5}, {1, 2}], [{8, 7}, {4, 6}, {5}, {3}, {1, 2}], [{8, 7}, {5, 6}, {1, 4}, {2, 3}], [{8, 7}, {5, 6}, {2, 4}, {1, 3}], [{8, 7}, {5, 6}, {3, 4}, {1, 2}], [{8, 7}, {5, 6}, {4}, {3}, {1, 2}], [{8, 7}, {6}, {3, 5}, {4}, {1, 2}], [{8, 7}, {6}, {4, 5}, {3}, {1, 2}], [{8, 7}, {6}, {5}, {2, 4}, {1, 3}], [{8, 7}, {6}, {5}, {3, 4}, {1, 2}], [{8}, {1, 7}, {6}, {3, 5}, {2, 4}], [{8}, {2, 7}, {6}, {3, 5}, {1, 4}], [{8}, {2, 7}, {6}, {4, 5}, {1, 3}], [{8}, {3, 7}, {4, 6}, {2, 5}, {1}], [{8}, {3, 7}, {5, 6}, {4}, {1, 2}], [{8}, {3, 7}, {6}, {1, 5}, {2, 4}], [{8}, {4, 7}, {3, 6}, {5}, {1, 2}], [{8}, {4, 7}, {5, 6}, {3}, {1, 2}], [{8}, {4, 7}, {6}, {3, 5}, {1, 2}], [{8}, {5, 7}, {3, 6}, {1, 4}, {2}], [{8}, {5, 7}, {3, 6}, {2, 4}, {1}], [{8}, {5, 7}, {3, 6}, {4}, {1, 2}], [{8}, {6, 7}, {2, 5}, {4}, {1, 3}], [{8}, {6, 7}, {3, 5}, {4}, {1, 2}], [{8}, {7}, {1, 6}, {4, 5}, {2, 3}], [{8}, {7}, {3, 6}, {4, 5}, {1, 2}], [{8}, {7}, {3, 6}, {5}, {4}, {1, 2}], [{8}, {7}, {4, 6}, {1, 5}, {2, 3}], [{8}, {7}, {4, 6}, {3, 5}, {1, 2}], [{8}, {7}, {5, 6}, {1, 4}, {2, 3}], [{8}, {7}, {5, 6}, {2, 4}, {1, 3}], [{8}, {7}, {5, 6}, {3, 4}, {1, 2}], [{8}, {7}, {5, 6}, {4}, {3}, {1, 2}], [{8}, {7}, {6}, {3, 5}, {4}, {1, 2}]]",2,- 2 K_1^2 + K_2 + 2,O1O2O3O4U5U6O7U8O6O5U3U4U7U1O8U2,O1O2O3O4U5U6O7U2O6O5U3U4U8U1O8U7,O1O2O3O4U5O6U4U6U1U2O7O8U3O5U8U7,c,{'O1O2O3O4U3O5U4U6U1U2O7O8U5O6U8U7'},1,"<a href=""/flatknot/8.733724"">8.733724</a>",t^9-34t^7-102t^6-72t^5+44t^4+41t^3+2t^2-6t-2,-t^2+2t,,
8.733725,O1O2O3O4U3O5U4U6U1U2O7O8U7O6U5U8,4,2z^3+32z^2+107z+103,2w^4z^3-2w^4z^2+34w^3z^2-4w^3z+111w^2z+103w,False,False,"[[ 0 -1  1 -1  0  2 -1 -1  1],[ 1  0  1 -1  1  2  0  0  0],[-1 -1  0 -1  1  1 -1  0  0],[ 1  1  1  0  1  1  1  0  0],[ 0 -1 -1 -1  0  1  0  0  1],[-2 -2 -1 -1 -1  0 -2  0  1],[ 1  0  1 -1  0  2  0 -1  0],[ 1  0  0  0  0  0  1  0  1],[-1  0  0  0 -1 -1  0 -1  0]]","[[ 0  2  1  1  0 -1 -1 -1 -1],[-2  0  1 -1 -1  0 -1 -2 -2],[-1 -1  0  0 -1 -1  0  0  0],[-1  1  0  0  1  0 -1 -1 -1],[ 0  1  1 -1  0  0 -1  0 -1],[ 1  0  1  0  0  0  0  1  0],[ 1  1  0  1  1  0  0  1  1],[ 1  2  0  1  0 -1 -1  0  0],[ 1  2  0  1  1  0 -1  0  0]]",True,"[-2,-1,-1,0,1,1,1,1,-1,1,1,0,1,2,2,0,1,1,0,0,0,-1,0,1,1,1,0,1,0,1,0,-1,0,-1,-1,0]","[-2,-1,-1,0,1,1,1,1,-1,1,1,0,1,2,2,0,1,1,0,0,0,-1,0,1,1,1,0,1,0,1,0,-1,0,-1,-1,0]",t^8+23t^6+79t^4+34t^2+1,"[-1,-1,-1,-1,0,1,1,2,-1,-1,0,0,1,2,2,0,0,0,1,2,1,1,1,1,2,1,1,2,1,3,2,0,1,0,0,2]","[-2,-1,-1,0,1,1,1,1,0,2,1,1,1,2,3,0,2,1,1,1,2,0,2,2,2,1,0,1,0,1,0,-1,0,-1,-1,0]","[-1,-1,-1,-1,0,1,1,2,-1,-1,0,0,0,1,2,0,0,0,1,0,0,1,1,0,1,1,1,0,1,2,1,-1,1,0,-1,1]",c,"[[{8, 1}, {2, 7}, {3, 6}, {4, 5}], [{8, 1}, {2, 7}, {3, 6}, {5}, {4}], [{8, 1}, {2, 7}, {4, 6}, {3, 5}], [{8, 1}, {2, 7}, {5, 6}, {3, 4}], [{8, 1}, {2, 7}, {5, 6}, {4}, {3}], [{8, 1}, {2, 7}, {6}, {3, 5}, {4}], [{8, 1}, {3, 7}, {2, 6}, {4, 5}], [{8, 1}, {3, 7}, {4, 6}, {2, 5}], [{8, 1}, {3, 7}, {5, 6}, {2, 4}], [{8, 1}, {3, 7}, {5, 6}, {4}, {2}], [{8, 1}, {4, 7}, {2, 6}, {3, 5}], [{8, 1}, {4, 7}, {3, 6}, {2, 5}], [{8, 1}, {4, 7}, {3, 6}, {5}, {2}], [{8, 1}, {4, 7}, {5, 6}, {2, 3}], [{8, 1}, {4, 7}, {5, 6}, {3}, {2}], [{8, 1}, {4, 7}, {6}, {3, 5}, {2}], [{8, 1}, {5, 7}, {2, 6}, {3, 4}], [{8, 1}, {5, 7}, {3, 6}, {2, 4}], [{8, 1}, {5, 7}, {4, 6}, {2, 3}], [{8, 1}, {5, 7}, {6}, {4}, {2, 3}], [{8, 1}, {6, 7}, {2, 5}, {3, 4}], [{8, 1}, {6, 7}, {3, 5}, {2, 4}], [{8, 1}, {6, 7}, {4, 5}, {2, 3}], [{8, 1}, {6, 7}, {5}, {4}, {2, 3}], [{8, 1}, {7}, {3, 6}, {5}, {2, 4}], [{8, 1}, {7}, {5, 6}, {2, 4}, {3}], [{8, 1}, {7}, {5, 6}, {3, 4}, {2}], [{8, 1}, {7}, {5, 6}, {4}, {2, 3}], [{8, 1}, {7}, {6}, {3, 5}, {2, 4}], [{8, 2}, {1, 7}, {3, 6}, {4, 5}], [{8, 2}, {1, 7}, {4, 6}, {3, 5}], [{8, 2}, {1, 7}, {5, 6}, {3, 4}], [{8, 2}, {1, 7}, {6}, {3, 5}, {4}], [{8, 2}, {3, 7}, {1, 6}, {4, 5}], [{8, 2}, {3, 7}, {1, 6}, {5}, {4}], [{8, 2}, {3, 7}, {4, 6}, {1, 5}], [{8, 2}, {3, 7}, {5, 6}, {1, 4}], [{8, 2}, {4, 7}, {1, 6}, {3, 5}], [{8, 2}, {4, 7}, {3, 6}, {1, 5}], [{8, 2}, {4, 7}, {5, 6}, {1, 3}], [{8, 2}, {4, 7}, {6}, {3, 5}, {1}], [{8, 2}, {5, 7}, {1, 6}, {3, 4}], [{8, 2}, {5, 7}, {3, 6}, {1, 4}], [{8, 2}, {5, 7}, {3, 6}, {4}, {1}], [{8, 2}, {5, 7}, {4, 6}, {1, 3}], [{8, 2}, {6, 7}, {1, 5}, {3, 4}], [{8, 2}, {6, 7}, {1, 5}, {4}, {3}], [{8, 2}, {6, 7}, {3, 5}, {1, 4}], [{8, 2}, {6, 7}, {4, 5}, {1, 3}], [{8, 2}, {7}, {3, 6}, {5}, {1, 4}], [{8, 2}, {7}, {5, 6}, {1, 4}, {3}], [{8, 2}, {7}, {5, 6}, {3, 4}, {1}], [{8, 2}, {7}, {5, 6}, {4}, {1, 3}], [{8, 2}, {7}, {6}, {3, 5}, {1, 4}], [{8, 3}, {1, 7}, {2, 6}, {4, 5}], [{8, 3}, {1, 7}, {2, 6}, {5}, {4}], [{8, 3}, {1, 7}, {4, 6}, {2, 5}], [{8, 3}, {1, 7}, {5, 6}, {2, 4}], [{8, 3}, {2, 7}, {1, 6}, {4, 5}], [{8, 3}, {2, 7}, {4, 6}, {1, 5}], [{8, 3}, {2, 7}, {5, 6}, {1, 4}], [{8, 3}, {2, 7}, {6}, {5}, {1, 4}], [{8, 3}, {4, 7}, {1, 6}, {2, 5}], [{8, 3}, {4, 7}, {2, 6}, {1, 5}], [{8, 3}, {4, 7}, {5, 6}, {1, 2}], [{8, 3}, {5, 7}, {1, 6}, {2, 4}], [{8, 3}, {5, 7}, {2, 6}, {1, 4}], [{8, 3}, {5, 7}, {2, 6}, {4}, {1}], [{8, 3}, {5, 7}, {4, 6}, {1, 2}], [{8, 3}, {6, 7}, {1, 5}, {2, 4}], [{8, 3}, {6, 7}, {2, 5}, {1, 4}], [{8, 3}, {6, 7}, {4, 5}, {1, 2}], [{8, 3}, {6, 7}, {4, 5}, {2}, {1}], [{8, 3}, {7}, {2, 6}, {1, 5}, {4}], [{8, 3}, {7}, {4, 6}, {1, 5}, {2}], [{8, 3}, {7}, {6}, {1, 5}, {2, 4}], [{8, 4}, {1, 7}, {2, 6}, {3, 5}], [{8, 4}, {1, 7}, {3, 6}, {2, 5}], [{8, 4}, {1, 7}, {5, 6}, {2, 3}], [{8, 4}, {1, 7}, {6}, {3, 5}, {2}], [{8, 4}, {2, 7}, {1, 6}, {3, 5}], [{8, 4}, {2, 7}, {3, 6}, {1, 5}], [{8, 4}, {2, 7}, {5, 6}, {1, 3}], [{8, 4}, {2, 7}, {6}, {3, 5}, {1}], [{8, 4}, {3, 7}, {1, 6}, {2, 5}], [{8, 4}, {3, 7}, {2, 6}, {1, 5}], [{8, 4}, {3, 7}, {5, 6}, {1, 2}], [{8, 4}, {3, 7}, {6}, {2, 5}, {1}], [{8, 4}, {5, 7}, {1, 6}, {2, 3}], [{8, 4}, {5, 7}, {2, 6}, {1, 3}], [{8, 4}, {5, 7}, {3, 6}, {1, 2}], [{8, 4}, {5, 7}, {6}, {2, 3}, {1}], [{8, 4}, {6, 7}, {1, 5}, {2, 3}], [{8, 4}, {6, 7}, {2, 5}, {1, 3}], [{8, 4}, {6, 7}, {3, 5}, {1, 2}], [{8, 4}, {6, 7}, {3, 5}, {2}, {1}], [{8, 4}, {7}, {1, 6}, {3, 5}, {2}], [{8, 4}, {7}, {2, 6}, {3, 5}, {1}], [{8, 4}, {7}, {6}, {3, 5}, {1, 2}], [{8, 4}, {7}, {6}, {3, 5}, {2}, {1}], [{8, 5}, {1, 7}, {2, 6}, {3, 4}], [{8, 5}, {1, 7}, {3, 6}, {2, 4}], [{8, 5}, {1, 7}, {4, 6}, {2, 3}], [{8, 5}, {1, 7}, {6}, {3, 4}, {2}], [{8, 5}, {2, 7}, {1, 6}, {3, 4}], [{8, 5}, {2, 7}, {3, 6}, {1, 4}], [{8, 5}, {2, 7}, {4, 6}, {1, 3}], [{8, 5}, {2, 7}, {6}, {1, 4}, {3}], [{8, 5}, {3, 7}, {1, 6}, {2, 4}], [{8, 5}, {3, 7}, {2, 6}, {1, 4}], [{8, 5}, {3, 7}, {2, 6}, {4}, {1}], [{8, 5}, {3, 7}, {4, 6}, {1, 2}], [{8, 5}, {4, 7}, {1, 6}, {2, 3}], [{8, 5}, {4, 7}, {2, 6}, {1, 3}], [{8, 5}, {4, 7}, {2, 6}, {3}, {1}], [{8, 5}, {4, 7}, {3, 6}, {1, 2}], [{8, 5}, {6, 7}, {1, 4}, {2, 3}], [{8, 5}, {6, 7}, {2, 4}, {1, 3}], [{8, 5}, {6, 7}, {3, 4}, {1, 2}], [{8, 5}, {7}, {2, 6}, {3, 4}, {1}], [{8, 6}, {1, 7}, {2, 5}, {3, 4}], [{8, 6}, {1, 7}, {3, 5}, {2, 4}], [{8, 6}, {1, 7}, {4, 5}, {2, 3}], [{8, 6}, {1, 7}, {5}, {4}, {2, 3}], [{8, 6}, {2, 7}, {1, 5}, {3, 4}], [{8, 6}, {2, 7}, {1, 5}, {4}, {3}], [{8, 6}, {2, 7}, {3, 5}, {1, 4}], [{8, 6}, {2, 7}, {3, 5}, {4}, {1}], [{8, 6}, {2, 7}, {4, 5}, {1, 3}], [{8, 6}, {2, 7}, {5}, {4}, {1, 3}], [{8, 6}, {3, 7}, {1, 5}, {2, 4}], [{8, 6}, {3, 7}, {1, 5}, {4}, {2}], [{8, 6}, {3, 7}, {2, 5}, {1, 4}], [{8, 6}, {3, 7}, {4, 5}, {1, 2}], [{8, 6}, {4, 7}, {1, 5}, {2, 3}], [{8, 6}, {4, 7}, {2, 5}, {1, 3}], [{8, 6}, {4, 7}, {3, 5}, {1, 2}], [{8, 6}, {4, 7}, {5}, {1, 3}, {2}], [{8, 6}, {5, 7}, {1, 4}, {2, 3}], [{8, 6}, {5, 7}, {2, 4}, {1, 3}], [{8, 6}, {5, 7}, {3, 4}, {1, 2}], [{8, 6}, {5, 7}, {4}, {2, 3}, {1}], [{8, 6}, {7}, {1, 5}, {4}, {2, 3}], [{8, 6}, {7}, {5}, {2, 4}, {1, 3}], [{8, 7}, {1, 6}, {2, 5}, {3, 4}], [{8, 7}, {1, 6}, {3, 5}, {2, 4}], [{8, 7}, {1, 6}, {4, 5}, {2, 3}], [{8, 7}, {1, 6}, {5}, {2, 4}, {3}], [{8, 7}, {2, 6}, {1, 5}, {3, 4}], [{8, 7}, {2, 6}, {3, 5}, {1, 4}], [{8, 7}, {2, 6}, {4, 5}, {1, 3}], [{8, 7}, {3, 6}, {1, 5}, {2, 4}], [{8, 7}, {3, 6}, {1, 5}, {4}, {2}], [{8, 7}, {3, 6}, {2, 5}, {1, 4}], [{8, 7}, {3, 6}, {2, 5}, {4}, {1}], [{8, 7}, {3, 6}, {4, 5}, {1, 2}], [{8, 7}, {3, 6}, {5}, {4}, {1, 2}], [{8, 7}, {4, 6}, {1, 5}, {2, 3}], [{8, 7}, {4, 6}, {2, 5}, {1, 3}], [{8, 7}, {4, 6}, {2, 5}, {3}, {1}], [{8, 7}, {4, 6}, {3, 5}, {1, 2}], [{8, 7}, {5, 6}, {1, 4}, {2, 3}], [{8, 7}, {5, 6}, {2, 4}, {1, 3}], [{8, 7}, {5, 6}, {3, 4}, {1, 2}], [{8, 7}, {5, 6}, {4}, {3}, {1, 2}], [{8, 7}, {6}, {2, 5}, {3, 4}, {1}], [{8, 7}, {6}, {3, 5}, {1, 4}, {2}], [{8, 7}, {6}, {3, 5}, {2, 4}, {1}], [{8, 7}, {6}, {3, 5}, {4}, {1, 2}], [{8}, {1, 7}, {6}, {3, 5}, {2, 4}], [{8}, {2, 7}, {1, 6}, {3, 5}, {4}], [{8}, {2, 7}, {1, 6}, {4, 5}, {3}], [{8}, {2, 7}, {1, 6}, {5}, {3, 4}], [{8}, {2, 7}, {4, 6}, {3, 5}, {1}], [{8}, {2, 7}, {6}, {3, 5}, {1, 4}], [{8}, {2, 7}, {6}, {3, 5}, {4}, {1}], [{8}, {4, 7}, {6}, {3, 5}, {1, 2}], [{8}, {5, 7}, {1, 6}, {4}, {2, 3}], [{8}, {5, 7}, {4, 6}, {2, 3}, {1}], [{8}, {5, 7}, {6}, {1, 4}, {2, 3}], [{8}, {5, 7}, {6}, {4}, {2, 3}, {1}], [{8}, {7}, {5, 6}, {3, 4}, {1, 2}]]",2,12 K_1^3 - 18 K_1^2 - 8 K_1 K_2 - 5 K_1 + 9 K_2 + K_3 + 10,O1O2O3O4U5U6O7U8O5O8U3U4U7U1O6U2,O1O2O3O4U5U6O5U2O7O6U3U4U8U1O8U7,O1O2O3O4U5O6U4U6U1U2O7O5U3O8U7U8,c,{'O1O2O3O4U3O5U4U6U1U2O7O8U7O6U5U8'},1,"<a href=""/flatknot/8.733725"">8.733725</a>",t^9-21t^7-36t^6+24t^5+86t^4+37t^3-32t^2-37t-14,-t^2+2t,,
8.733726,O1O2O3O4U3O5U4U6U1U2O7O8U7O6U8U5,4,28z^2+109z+107,28w^3z^2+109w^2z+107w,False,False,"[[ 0 -1  1 -1  0  3 -1 -1  0],[ 1  0  1 -1  1  2  0  0 -1],[-1 -1  0 -1  1  1 -1  0 -1],[ 1  1  1  0  1  1  1  0  0],[ 0 -1 -1 -1  0  1  0  0  0],[-3 -2 -1 -1 -1  0 -2 -1  0],[ 1  0  1 -1  0  2  0 -1 -1],[ 1  0  0  0  0  1  1  0  1],[ 0  1  1  0  0  0  1 -1  0]]","[[ 0  3  1  0  0 -1 -1 -1 -1],[-3  0 -1  0 -1 -1 -1 -2 -2],[-1  1  0 -1  1  0 -1 -1 -1],[ 0  0  1  0  0 -1  0  1  1],[ 0  1 -1  0  0  0 -1  0 -1],[ 1  1  0  1  0  0  0  1  0],[ 1  1  1  0  1  0  0  1  1],[ 1  2  1 -1  0 -1 -1  0  0],[ 1  2  1 -1  1  0 -1  0  0]]",True,"[-3,-1,0,0,1,1,1,1,1,0,1,1,1,2,2,1,-1,0,1,1,1,0,1,0,-1,-1,0,1,0,1,0,-1,0,-1,-1,0]","[-3,-1,0,0,1,1,1,1,1,0,1,1,1,2,2,1,-1,0,1,1,1,0,1,0,-1,-1,0,1,0,1,0,-1,0,-1,-1,0]",t^8+25t^6+92t^4+40t^2+1,"[-1,-1,-1,-1,0,0,1,3,-1,-1,0,0,1,1,3,0,0,0,2,1,2,1,1,2,1,2,1,0,2,3,0,2,2,0,3,1]","[-3,-1,0,0,1,1,1,1,1,2,3,2,2,3,3,2,0,1,1,1,2,0,0,1,0,1,2,2,1,0,0,-1,0,-1,-1,0]","[-1,-1,-1,-1,0,0,1,3,-1,-1,0,-1,0,1,2,0,0,1,0,0,1,1,0,1,1,1,-1,1,1,2,0,1,0,-1,1,1]",c,"[[{8, 4}, {3, 7}, {5, 6}, {1, 2}], [{8, 4}, {5, 7}, {3, 6}, {1, 2}], [{8, 4}, {6, 7}, {3, 5}, {1, 2}]]",1,28 K_1^3 + 8 K_1^2 K_2 - 16 K_1^2 - 14 K_1 K_2 - 4 K_1 K_3 - 14 K_1 + 6 K_2 + 7,O1O2O3O4U5U6O7U8O6O8U3U4U7U1O5U2,O1O2O3O4U5U6O5U2O6O7U3U4U8U1O8U7,O1O2O3O4U5O6U4U6U1U2O5O7U3O8U7U8,c,{'O1O2O3O4U3O5U4U6U1U2O7O8U7O6U8U5'},1,"<a href=""/flatknot/8.733726"">8.733726</a>",t^9-19t^7-46t^6-40t^5+42t^4+174t^3+154t^2+33t-2,-t^3+3t,,
8.733727,O1O2O3O4U3O5U4U6U1U7O8O7U2O6U5U8,4,3z^3+35z^2+111z+107,3w^4z^3+35w^3z^2+111w^2z+107w,False,False,"[[ 0 -1  0 -1  0  2 -1  1  0],[ 1  0  1 -1  1  2  0  1  1],[ 0 -1  0 -1  1  1  0  0  0],[ 1  1  1  0  1  1  1  1  0],[ 0 -1 -1 -1  0  1  0  0  1],[-2 -2 -1 -1 -1  0 -2 -2 -1],[ 1  0  0 -1  0  2  0  2  1],[-1 -1  0 -1  0  2 -2  0  0],[ 0 -1  0  0 -1  1 -1  0  0]]","[[ 0  2  1  0  0  0 -1 -1 -1],[-2  0 -2 -1 -1 -1 -1 -2 -2],[-1  2  0  0  0  0 -1 -1 -2],[ 0  1  0  0  1  0 -1 -1  0],[ 0  1  0 -1  0  1 -1 -1  0],[ 0  1  0  0 -1  0  0 -1 -1],[ 1  1  1  1  1  0  0  1  1],[ 1  2  1  1  1  1 -1  0  0],[ 1  2  2  0  0  1 -1  0  0]]",True,"[-2,-1,0,0,0,1,1,1,2,1,1,1,1,2,2,0,0,0,1,1,2,-1,0,1,1,0,-1,1,1,0,0,1,1,-1,-1,0]","[-2,-1,0,0,0,1,1,1,-1,1,1,1,1,1,2,1,1,1,0,1,1,-1,0,0,0,1,-1,1,0,0,1,0,0,0,-1,-1]",t^8+32t^6+119t^4+71t^2+9,"[-1,-1,-1,0,0,0,1,2,-1,-1,0,0,1,1,2,0,0,0,0,1,1,1,1,0,0,1,-1,0,1,1,-1,1,1,1,1,-1]","[-2,-1,0,0,0,1,1,1,-1,1,1,1,1,1,2,1,1,1,0,1,1,-1,0,0,0,1,-1,1,0,0,1,0,0,0,-1,-1]","[-1,-1,-1,0,0,0,1,2,-1,0,0,0,1,2,2,1,1,1,0,1,1,1,1,1,1,2,-1,1,0,1,0,0,1,0,1,2]",c,"[[{8, 7}, {2, 6}, {3, 5}, {1, 4}], [{8, 7}, {6}, {3, 5}, {1, 4}, {2}]]",1,4 K_1^3 - 14 K_1^2 - 4 K_1 K_2 - K_1 + 7 K_2 + K_3 + 8,O1O2O3O4U5U6O7U3O8O5U8U4U7U1O6U2,O1O2O3O4U5U4O6U2O7O5U3U6U8U1O8U7,O1O2O3O4U5O6U4U6U7U2O8O5U3O7U1U8,c,{'O1O2O3O4U3O5U4U6U1U7O8O7U2O6U5U8'},1,"<a href=""/flatknot/8.733727"">8.733727</a>",t^9-30t^7-72t^6+22t^5+178t^4+101t^3-30t^2-29t-18,-t^2+2t,,
8.733728,O1O2O3O4U3O5U4U6U1U7O8O7U2O6U8U5,4,21z^2+98z+113,21w^3z^2+98w^2z+113w,False,False,"[[ 0 -1  0 -1  0  3 -1  1 -1],[ 1  0  1 -1  1  2  0  1  0],[ 0 -1  0 -1  1  2  0  0 -1],[ 1  1  1  0  1  1  1  1  0],[ 0 -1 -1 -1  0  1  0  0  0],[-3 -2 -2 -1 -1  0 -2 -2 -2],[ 1  0  0 -1  0  2  0  2  0],[-1 -1  0 -1  0  2 -2  0 -1],[ 1  0  1  0  0  2  0  1  0]]","[[ 0  3  1  0  0 -1 -1 -1 -1],[-3  0 -2 -1 -2 -1 -2 -2 -2],[-1  2  0  0  0 -1 -1 -1 -2],[ 0  1  0  0 -1 -1  0 -1  0],[ 0  2  0  1  0 -1 -1 -1  0],[ 1  1  1  1  1  0  0  1  1],[ 1  2  1  0  1  0  0  0  0],[ 1  2  1  1  1 -1  0  0  0],[ 1  2  2  0  0 -1  0  0  0]]",True,"[-3,-1,0,0,1,1,1,1,2,1,2,1,2,2,2,0,0,1,1,1,2,1,1,0,1,0,1,1,1,0,0,-1,-1,0,0,0]","[-3,-1,0,0,1,1,1,1,0,1,2,2,2,2,3,1,1,0,1,1,1,1,1,0,0,0,1,0,1,0,0,0,-1,0,-1,0]",t^8+37t^6+126t^4+75t^2+4,"[-1,-1,-1,-1,0,0,1,3,-1,-1,0,0,0,1,3,0,0,0,0,1,2,0,1,1,0,2,0,1,1,2,-1,1,1,1,2,0]","[-3,-1,0,0,1,1,1,1,0,1,2,2,2,2,3,1,1,0,1,1,1,1,1,0,0,0,1,0,1,0,0,0,-1,0,-1,0]","[-1,-1,-1,-1,0,0,1,3,-1,0,0,0,0,2,2,0,1,1,1,1,1,0,0,1,1,2,1,1,1,2,-1,0,1,0,2,2]",c,"[[{8, 1}, {2, 7}, {3, 6}, {4, 5}], [{8, 1}, {2, 7}, {4, 6}, {3, 5}], [{8, 1}, {2, 7}, {5, 6}, {3, 4}], [{8, 1}, {2, 7}, {6}, {5}, {3, 4}], [{8, 1}, {3, 7}, {2, 6}, {4, 5}], [{8, 1}, {3, 7}, {4, 6}, {2, 5}], [{8, 1}, {3, 7}, {5, 6}, {2, 4}], [{8, 1}, {4, 7}, {2, 6}, {3, 5}], [{8, 1}, {4, 7}, {3, 6}, {2, 5}], [{8, 1}, {4, 7}, {5, 6}, {2, 3}], [{8, 1}, {4, 7}, {5, 6}, {3}, {2}], [{8, 1}, {5, 7}, {2, 6}, {3, 4}], [{8, 1}, {5, 7}, {3, 6}, {2, 4}], [{8, 1}, {5, 7}, {4, 6}, {2, 3}], [{8, 1}, {6, 7}, {2, 5}, {3, 4}], [{8, 1}, {6, 7}, {3, 5}, {2, 4}], [{8, 1}, {6, 7}, {3, 5}, {4}, {2}], [{8, 1}, {6, 7}, {4, 5}, {2, 3}], [{8, 1}, {6, 7}, {4, 5}, {3}, {2}], [{8, 1}, {6, 7}, {5}, {3, 4}, {2}], [{8, 1}, {7}, {2, 6}, {5}, {3, 4}], [{8, 2}, {1, 7}, {3, 6}, {4, 5}], [{8, 2}, {1, 7}, {4, 6}, {3, 5}], [{8, 2}, {1, 7}, {5, 6}, {3, 4}], [{8, 2}, {3, 7}, {1, 6}, {4, 5}], [{8, 2}, {3, 7}, {1, 6}, {5}, {4}], [{8, 2}, {3, 7}, {4, 6}, {1, 5}], [{8, 2}, {3, 7}, {5, 6}, {1, 4}], [{8, 2}, {3, 7}, {5, 6}, {4}, {1}], [{8, 2}, {3, 7}, {6}, {1, 5}, {4}], [{8, 2}, {4, 7}, {1, 6}, {3, 5}], [{8, 2}, {4, 7}, {3, 6}, {1, 5}], [{8, 2}, {4, 7}, {5, 6}, {1, 3}], [{8, 2}, {5, 7}, {1, 6}, {3, 4}], [{8, 2}, {5, 7}, {3, 6}, {1, 4}], [{8, 2}, {5, 7}, {4, 6}, {1, 3}], [{8, 2}, {5, 7}, {6}, {4}, {1, 3}], [{8, 2}, {6, 7}, {1, 5}, {3, 4}], [{8, 2}, {6, 7}, {3, 5}, {1, 4}], [{8, 2}, {6, 7}, {3, 5}, {4}, {1}], [{8, 2}, {6, 7}, {4, 5}, {1, 3}], [{8, 2}, {6, 7}, {4, 5}, {3}, {1}], [{8, 2}, {6, 7}, {5}, {3, 4}, {1}], [{8, 3}, {1, 7}, {2, 6}, {4, 5}], [{8, 3}, {1, 7}, {4, 6}, {2, 5}], [{8, 3}, {1, 7}, {5, 6}, {2, 4}], [{8, 3}, {2, 7}, {1, 6}, {4, 5}], [{8, 3}, {2, 7}, {4, 6}, {1, 5}], [{8, 3}, {2, 7}, {5, 6}, {1, 4}], [{8, 3}, {4, 7}, {1, 6}, {2, 5}], [{8, 3}, {4, 7}, {1, 6}, {5}, {2}], [{8, 3}, {4, 7}, {2, 6}, {1, 5}], [{8, 3}, {4, 7}, {2, 6}, {5}, {1}], [{8, 3}, {4, 7}, {5, 6}, {1, 2}], [{8, 3}, {4, 7}, {5, 6}, {2}, {1}], [{8, 3}, {4, 7}, {6}, {1, 5}, {2}], [{8, 3}, {4, 7}, {6}, {2, 5}, {1}], [{8, 3}, {4, 7}, {6}, {5}, {1, 2}], [{8, 3}, {5, 7}, {1, 6}, {2, 4}], [{8, 3}, {5, 7}, {2, 6}, {1, 4}], [{8, 3}, {5, 7}, {4, 6}, {1, 2}], [{8, 3}, {6, 7}, {1, 5}, {2, 4}], [{8, 3}, {6, 7}, {1, 5}, {4}, {2}], [{8, 3}, {6, 7}, {2, 5}, {1, 4}], [{8, 3}, {6, 7}, {4, 5}, {1, 2}], [{8, 3}, {6, 7}, {4, 5}, {2}, {1}], [{8, 3}, {6, 7}, {5}, {1, 4}, {2}], [{8, 3}, {7}, {4, 6}, {1, 5}, {2}], [{8, 4}, {1, 7}, {2, 6}, {3, 5}], [{8, 4}, {1, 7}, {3, 6}, {2, 5}], [{8, 4}, {1, 7}, {5, 6}, {2, 3}], [{8, 4}, {2, 7}, {1, 6}, {3, 5}], [{8, 4}, {2, 7}, {3, 6}, {1, 5}], [{8, 4}, {2, 7}, {5, 6}, {1, 3}], [{8, 4}, {3, 7}, {1, 6}, {2, 5}], [{8, 4}, {3, 7}, {1, 6}, {5}, {2}], [{8, 4}, {3, 7}, {2, 6}, {1, 5}], [{8, 4}, {3, 7}, {2, 6}, {5}, {1}], [{8, 4}, {3, 7}, {5, 6}, {1, 2}], [{8, 4}, {3, 7}, {6}, {5}, {1, 2}], [{8, 4}, {5, 7}, {1, 6}, {2, 3}], [{8, 4}, {5, 7}, {2, 6}, {1, 3}], [{8, 4}, {5, 7}, {3, 6}, {1, 2}], [{8, 4}, {6, 7}, {1, 5}, {2, 3}], [{8, 4}, {6, 7}, {1, 5}, {3}, {2}], [{8, 4}, {6, 7}, {2, 5}, {1, 3}], [{8, 4}, {6, 7}, {3, 5}, {1, 2}], [{8, 4}, {6, 7}, {3, 5}, {2}, {1}], [{8, 4}, {6, 7}, {5}, {1, 3}, {2}], [{8, 4}, {7}, {5, 6}, {3}, {1, 2}], [{8, 5}, {1, 7}, {2, 6}, {3, 4}], [{8, 5}, {1, 7}, {3, 6}, {2, 4}], [{8, 5}, {1, 7}, {4, 6}, {2, 3}], [{8, 5}, {2, 7}, {1, 6}, {3, 4}], [{8, 5}, {2, 7}, {3, 6}, {1, 4}], [{8, 5}, {2, 7}, {4, 6}, {1, 3}], [{8, 5}, {2, 7}, {6}, {3, 4}, {1}], [{8, 5}, {3, 7}, {1, 6}, {2, 4}], [{8, 5}, {3, 7}, {2, 6}, {1, 4}], [{8, 5}, {3, 7}, {4, 6}, {1, 2}], [{8, 5}, {4, 7}, {1, 6}, {2, 3}], [{8, 5}, {4, 7}, {2, 6}, {1, 3}], [{8, 5}, {4, 7}, {3, 6}, {1, 2}], [{8, 5}, {4, 7}, {6}, {1, 3}, {2}], [{8, 5}, {4, 7}, {6}, {2, 3}, {1}], [{8, 5}, {4, 7}, {6}, {3}, {1, 2}], [{8, 5}, {6, 7}, {1, 4}, {2, 3}], [{8, 5}, {6, 7}, {1, 4}, {3}, {2}], [{8, 5}, {6, 7}, {2, 4}, {1, 3}], [{8, 5}, {6, 7}, {3, 4}, {1, 2}], [{8, 5}, {6, 7}, {3, 4}, {2}, {1}], [{8, 5}, {6, 7}, {4}, {1, 3}, {2}], [{8, 5}, {7}, {2, 6}, {3, 4}, {1}], [{8, 5}, {7}, {3, 6}, {2, 4}, {1}], [{8, 5}, {7}, {4, 6}, {1, 3}, {2}], [{8, 6}, {1, 7}, {2, 5}, {3, 4}], [{8, 6}, {1, 7}, {3, 5}, {2, 4}], [{8, 6}, {1, 7}, {4, 5}, {2, 3}], [{8, 6}, {2, 7}, {1, 5}, {3, 4}], [{8, 6}, {2, 7}, {3, 5}, {1, 4}], [{8, 6}, {2, 7}, {3, 5}, {4}, {1}], [{8, 6}, {2, 7}, {4, 5}, {1, 3}], [{8, 6}, {2, 7}, {4, 5}, {3}, {1}], [{8, 6}, {2, 7}, {5}, {3, 4}, {1}], [{8, 6}, {3, 7}, {1, 5}, {2, 4}], [{8, 6}, {3, 7}, {2, 5}, {1, 4}], [{8, 6}, {3, 7}, {4, 5}, {1, 2}], [{8, 6}, {3, 7}, {5}, {1, 4}, {2}], [{8, 6}, {4, 7}, {1, 5}, {2, 3}], [{8, 6}, {4, 7}, {2, 5}, {1, 3}], [{8, 6}, {4, 7}, {2, 5}, {3}, {1}], [{8, 6}, {4, 7}, {3, 5}, {1, 2}], [{8, 6}, {4, 7}, {5}, {1, 3}, {2}], [{8, 6}, {5, 7}, {1, 4}, {2, 3}], [{8, 6}, {5, 7}, {2, 4}, {1, 3}], [{8, 6}, {5, 7}, {3, 4}, {1, 2}], [{8, 6}, {7}, {1, 5}, {4}, {2, 3}], [{8, 6}, {7}, {2, 5}, {4}, {1, 3}], [{8, 7}, {1, 6}, {2, 5}, {3, 4}], [{8, 7}, {1, 6}, {3, 5}, {2, 4}], [{8, 7}, {1, 6}, {4, 5}, {2, 3}], [{8, 7}, {2, 6}, {1, 5}, {3, 4}], [{8, 7}, {2, 6}, {1, 5}, {4}, {3}], [{8, 7}, {2, 6}, {3, 5}, {1, 4}], [{8, 7}, {2, 6}, {3, 5}, {4}, {1}], [{8, 7}, {2, 6}, {4, 5}, {1, 3}], [{8, 7}, {2, 6}, {4, 5}, {3}, {1}], [{8, 7}, {2, 6}, {5}, {1, 4}, {3}], [{8, 7}, {2, 6}, {5}, {3, 4}, {1}], [{8, 7}, {2, 6}, {5}, {4}, {1, 3}], [{8, 7}, {2, 6}, {5}, {4}, {3}, {1}], [{8, 7}, {3, 6}, {1, 5}, {2, 4}], [{8, 7}, {3, 6}, {2, 5}, {1, 4}], [{8, 7}, {3, 6}, {4, 5}, {1, 2}], [{8, 7}, {4, 6}, {1, 5}, {2, 3}], [{8, 7}, {4, 6}, {2, 5}, {1, 3}], [{8, 7}, {4, 6}, {3, 5}, {1, 2}], [{8, 7}, {5, 6}, {1, 4}, {2, 3}], [{8, 7}, {5, 6}, {2, 4}, {1, 3}], [{8, 7}, {5, 6}, {3, 4}, {1, 2}], [{8}, {1, 7}, {2, 6}, {5}, {3, 4}], [{8}, {1, 7}, {5, 6}, {4}, {2, 3}], [{8}, {2, 7}, {1, 6}, {5}, {3, 4}], [{8}, {2, 7}, {3, 6}, {1, 5}, {4}], [{8}, {2, 7}, {4, 6}, {1, 5}, {3}], [{8}, {2, 7}, {5, 6}, {1, 4}, {3}], [{8}, {2, 7}, {5, 6}, {3, 4}, {1}], [{8}, {2, 7}, {5, 6}, {4}, {1, 3}], [{8}, {2, 7}, {6}, {1, 5}, {3, 4}], [{8}, {2, 7}, {6}, {5}, {3, 4}, {1}], [{8}, {3, 7}, {1, 6}, {5}, {2, 4}], [{8}, {3, 7}, {4, 6}, {2, 5}, {1}], [{8}, {4, 7}, {3, 6}, {2, 5}, {1}], [{8}, {4, 7}, {5, 6}, {1, 3}, {2}], [{8}, {4, 7}, {6}, {3, 5}, {1, 2}], [{8}, {5, 7}, {2, 6}, {3, 4}, {1}], [{8}, {6, 7}, {1, 5}, {3, 4}, {2}], [{8}, {6, 7}, {2, 5}, {3, 4}, {1}], [{8}, {6, 7}, {3, 5}, {1, 4}, {2}], [{8}, {6, 7}, {3, 5}, {2, 4}, {1}], [{8}, {6, 7}, {3, 5}, {4}, {1, 2}], [{8}, {6, 7}, {3, 5}, {4}, {2}, {1}], [{8}, {6, 7}, {4, 5}, {1, 3}, {2}], [{8}, {6, 7}, {4, 5}, {2, 3}, {1}], [{8}, {6, 7}, {4, 5}, {3}, {1, 2}], [{8}, {6, 7}, {4, 5}, {3}, {2}, {1}], [{8}, {6, 7}, {5}, {3, 4}, {1, 2}], [{8}, {6, 7}, {5}, {3, 4}, {2}, {1}], [{8}, {7}, {2, 6}, {1, 5}, {3, 4}], [{8}, {7}, {2, 6}, {5}, {3, 4}, {1}], [{8}, {7}, {4, 6}, {3, 5}, {1, 2}], [{8}, {7}, {5, 6}, {2, 4}, {1, 3}]]",2,12 K_1^3 + 4 K_1^2 K_2 - 16 K_1^2 - 18 K_1 K_2 - 8 K_1 K_3 + 10 K_2 + 6 K_3 + 3 K_4 + 8,O1O2O3O4U5U6O7U3O8O6U8U4U7U1O5U2,O1O2O3O4U5U4O6U2O5O7U3U6U8U1O8U7,O1O2O3O4U5O6U4U6U7U2O5O8U3O7U1U8,c,{'O1O2O3O4U3O5U4U6U1U7O8O7U2O6U8U5'},1,"<a href=""/flatknot/8.733728"">8.733728</a>",t^9-31t^7-80t^6+14t^5+190t^4+127t^3-2t^2+3t,-t^3+3t,,
8.733729,O1O2O3O4U3O5U4U6U1U7O8O7U5O6U8U2,4,16z^2+93z+123,16w^3z^2+93w^2z+123w,False,False,"[[ 0 -1  1 -1  0  2 -1  1 -1],[ 1  0  1 -1  1  2  0  1  0],[-1 -1  0 -1  0  1 -1  0 -1],[ 1  1  1  0  1  1  1  1  0],[ 0 -1  0 -1  0  1 -1  0  1],[-2 -2 -1 -1 -1  0 -2 -2 -1],[ 1  0  1 -1  1  2  0  2  0],[-1 -1  0 -1  0  2 -2  0 -1],[ 1  0  1  0 -1  1  0  1  0]]","[[ 0  2  1  1  0 -1 -1 -1 -1],[-2  0 -1 -2 -1 -1 -1 -2 -2],[-1  1  0  0  0 -1 -1 -1 -1],[-1  2  0  0  0 -1 -1 -1 -2],[ 0  1  0  0  0  1 -1 -1 -1],[ 1  1  1  1 -1  0  0  0  0],[ 1  1  1  1  1  0  0  1  1],[ 1  2  1  1  1  0 -1  0  0],[ 1  2  1  2  1  0 -1  0  0]]",True,"[-2,-1,-1,0,1,1,1,1,1,2,1,1,1,2,2,0,0,1,1,1,1,0,1,1,1,2,-1,1,1,1,0,0,0,-1,-1,0]","[-2,-1,-1,0,1,1,1,1,-1,0,1,1,1,2,2,0,1,0,1,1,1,1,1,1,1,1,0,0,0,2,0,-1,0,-1,0,0]",t^8+33t^6+95t^4+41t^2,"[-1,-1,-1,-1,0,1,1,2,-1,-1,0,0,1,1,2,0,0,0,0,1,1,0,0,1,1,1,2,1,1,2,1,1,1,0,-1,0]","[-2,-1,-1,0,1,1,1,1,-1,0,1,1,1,2,2,0,1,0,1,1,1,1,1,1,1,1,0,0,0,2,0,-1,0,-1,0,0]","[-1,-1,-1,-1,0,1,1,2,-1,0,0,1,1,1,2,0,1,1,1,1,1,0,-1,1,1,1,1,1,2,2,0,0,1,0,1,2]",c,"[[{8, 1}, {2, 7}, {3, 6}, {4, 5}], [{8, 1}, {2, 7}, {4, 6}, {3, 5}], [{8, 1}, {2, 7}, {5, 6}, {3, 4}], [{8, 1}, {2, 7}, {6}, {5}, {3, 4}], [{8, 1}, {3, 7}, {2, 6}, {4, 5}], [{8, 1}, {3, 7}, {4, 6}, {2, 5}], [{8, 1}, {3, 7}, {5, 6}, {2, 4}], [{8, 1}, {4, 7}, {2, 6}, {3, 5}], [{8, 1}, {4, 7}, {3, 6}, {2, 5}], [{8, 1}, {4, 7}, {5, 6}, {2, 3}], [{8, 1}, {4, 7}, {6}, {3, 5}, {2}], [{8, 1}, {5, 7}, {2, 6}, {3, 4}], [{8, 1}, {5, 7}, {2, 6}, {4}, {3}], [{8, 1}, {5, 7}, {3, 6}, {2, 4}], [{8, 1}, {5, 7}, {4, 6}, {2, 3}], [{8, 1}, {6, 7}, {2, 5}, {3, 4}], [{8, 1}, {6, 7}, {2, 5}, {4}, {3}], [{8, 1}, {6, 7}, {3, 5}, {2, 4}], [{8, 1}, {6, 7}, {3, 5}, {4}, {2}], [{8, 1}, {6, 7}, {4, 5}, {2, 3}], [{8, 1}, {6, 7}, {5}, {4}, {2, 3}], [{8, 1}, {7}, {3, 6}, {4, 5}, {2}], [{8, 1}, {7}, {4, 6}, {3, 5}, {2}], [{8, 1}, {7}, {5, 6}, {3, 4}, {2}], [{8, 2}, {1, 7}, {3, 6}, {4, 5}], [{8, 2}, {1, 7}, {3, 6}, {5}, {4}], [{8, 2}, {1, 7}, {4, 6}, {3, 5}], [{8, 2}, {1, 7}, {4, 6}, {5}, {3}], [{8, 2}, {1, 7}, {5, 6}, {3, 4}], [{8, 2}, {1, 7}, {5, 6}, {4}, {3}], [{8, 2}, {1, 7}, {6}, {3, 5}, {4}], [{8, 2}, {1, 7}, {6}, {4, 5}, {3}], [{8, 2}, {1, 7}, {6}, {5}, {3, 4}], [{8, 2}, {3, 7}, {1, 6}, {4, 5}], [{8, 2}, {3, 7}, {4, 6}, {1, 5}], [{8, 2}, {3, 7}, {5, 6}, {1, 4}], [{8, 2}, {4, 7}, {1, 6}, {3, 5}], [{8, 2}, {4, 7}, {3, 6}, {1, 5}], [{8, 2}, {4, 7}, {5, 6}, {1, 3}], [{8, 2}, {4, 7}, {6}, {3, 5}, {1}], [{8, 2}, {5, 7}, {1, 6}, {3, 4}], [{8, 2}, {5, 7}, {3, 6}, {1, 4}], [{8, 2}, {5, 7}, {4, 6}, {1, 3}], [{8, 2}, {5, 7}, {6}, {4}, {1, 3}], [{8, 2}, {6, 7}, {1, 5}, {3, 4}], [{8, 2}, {6, 7}, {3, 5}, {1, 4}], [{8, 2}, {6, 7}, {4, 5}, {1, 3}], [{8, 2}, {6, 7}, {5}, {1, 4}, {3}], [{8, 2}, {7}, {6}, {3, 5}, {1, 4}], [{8, 3}, {1, 7}, {2, 6}, {4, 5}], [{8, 3}, {1, 7}, {2, 6}, {5}, {4}], [{8, 3}, {1, 7}, {4, 6}, {2, 5}], [{8, 3}, {1, 7}, {4, 6}, {5}, {2}], [{8, 3}, {1, 7}, {5, 6}, {2, 4}], [{8, 3}, {1, 7}, {6}, {5}, {2, 4}], [{8, 3}, {2, 7}, {1, 6}, {4, 5}], [{8, 3}, {2, 7}, {4, 6}, {1, 5}], [{8, 3}, {2, 7}, {5, 6}, {1, 4}], [{8, 3}, {4, 7}, {1, 6}, {2, 5}], [{8, 3}, {4, 7}, {2, 6}, {1, 5}], [{8, 3}, {4, 7}, {5, 6}, {1, 2}], [{8, 3}, {5, 7}, {1, 6}, {2, 4}], [{8, 3}, {5, 7}, {2, 6}, {1, 4}], [{8, 3}, {5, 7}, {4, 6}, {1, 2}], [{8, 3}, {5, 7}, {6}, {1, 4}, {2}], [{8, 3}, {6, 7}, {1, 5}, {2, 4}], [{8, 3}, {6, 7}, {2, 5}, {1, 4}], [{8, 3}, {6, 7}, {4, 5}, {1, 2}], [{8, 3}, {6, 7}, {5}, {1, 4}, {2}], [{8, 3}, {7}, {5, 6}, {1, 4}, {2}], [{8, 4}, {1, 7}, {2, 6}, {3, 5}], [{8, 4}, {1, 7}, {3, 6}, {2, 5}], [{8, 4}, {1, 7}, {5, 6}, {2, 3}], [{8, 4}, {1, 7}, {5, 6}, {3}, {2}], [{8, 4}, {2, 7}, {1, 6}, {3, 5}], [{8, 4}, {2, 7}, {3, 6}, {1, 5}], [{8, 4}, {2, 7}, {5, 6}, {1, 3}], [{8, 4}, {2, 7}, {5, 6}, {3}, {1}], [{8, 4}, {3, 7}, {1, 6}, {2, 5}], [{8, 4}, {3, 7}, {2, 6}, {1, 5}], [{8, 4}, {3, 7}, {5, 6}, {1, 2}], [{8, 4}, {3, 7}, {5, 6}, {2}, {1}], [{8, 4}, {5, 7}, {1, 6}, {2, 3}], [{8, 4}, {5, 7}, {2, 6}, {1, 3}], [{8, 4}, {5, 7}, {3, 6}, {1, 2}], [{8, 4}, {5, 7}, {6}, {2, 3}, {1}], [{8, 4}, {6, 7}, {1, 5}, {2, 3}], [{8, 4}, {6, 7}, {2, 5}, {1, 3}], [{8, 4}, {6, 7}, {3, 5}, {1, 2}], [{8, 4}, {6, 7}, {5}, {2, 3}, {1}], [{8, 4}, {7}, {3, 6}, {5}, {1, 2}], [{8, 4}, {7}, {5, 6}, {1, 3}, {2}], [{8, 4}, {7}, {5, 6}, {2, 3}, {1}], [{8, 4}, {7}, {5, 6}, {3}, {1, 2}], [{8, 4}, {7}, {5, 6}, {3}, {2}, {1}], [{8, 4}, {7}, {6}, {3, 5}, {1, 2}], [{8, 5}, {1, 7}, {2, 6}, {3, 4}], [{8, 5}, {1, 7}, {2, 6}, {4}, {3}], [{8, 5}, {1, 7}, {3, 6}, {2, 4}], [{8, 5}, {1, 7}, {4, 6}, {2, 3}], [{8, 5}, {2, 7}, {1, 6}, {3, 4}], [{8, 5}, {2, 7}, {3, 6}, {1, 4}], [{8, 5}, {2, 7}, {4, 6}, {1, 3}], [{8, 5}, {2, 7}, {6}, {4}, {1, 3}], [{8, 5}, {3, 7}, {1, 6}, {2, 4}], [{8, 5}, {3, 7}, {2, 6}, {1, 4}], [{8, 5}, {3, 7}, {4, 6}, {1, 2}], [{8, 5}, {4, 7}, {1, 6}, {2, 3}], [{8, 5}, {4, 7}, {2, 6}, {1, 3}], [{8, 5}, {4, 7}, {3, 6}, {1, 2}], [{8, 5}, {6, 7}, {1, 4}, {2, 3}], [{8, 5}, {6, 7}, {2, 4}, {1, 3}], [{8, 5}, {6, 7}, {2, 4}, {3}, {1}], [{8, 5}, {6, 7}, {3, 4}, {1, 2}], [{8, 5}, {6, 7}, {3, 4}, {2}, {1}], [{8, 5}, {6, 7}, {4}, {2, 3}, {1}], [{8, 5}, {7}, {3, 6}, {1, 4}, {2}], [{8, 6}, {1, 7}, {2, 5}, {3, 4}], [{8, 6}, {1, 7}, {3, 5}, {2, 4}], [{8, 6}, {1, 7}, {3, 5}, {4}, {2}], [{8, 6}, {1, 7}, {4, 5}, {2, 3}], [{8, 6}, {2, 7}, {1, 5}, {3, 4}], [{8, 6}, {2, 7}, {3, 5}, {1, 4}], [{8, 6}, {2, 7}, {4, 5}, {1, 3}], [{8, 6}, {3, 7}, {1, 5}, {2, 4}], [{8, 6}, {3, 7}, {2, 5}, {1, 4}], [{8, 6}, {3, 7}, {4, 5}, {1, 2}], [{8, 6}, {4, 7}, {1, 5}, {2, 3}], [{8, 6}, {4, 7}, {2, 5}, {1, 3}], [{8, 6}, {4, 7}, {3, 5}, {1, 2}], [{8, 6}, {4, 7}, {3, 5}, {2}, {1}], [{8, 6}, {5, 7}, {1, 4}, {2, 3}], [{8, 6}, {5, 7}, {2, 4}, {1, 3}], [{8, 6}, {5, 7}, {3, 4}, {1, 2}], [{8, 6}, {7}, {3, 5}, {1, 4}, {2}], [{8, 6}, {7}, {5}, {3, 4}, {1, 2}], [{8, 7}, {1, 6}, {2, 5}, {3, 4}], [{8, 7}, {1, 6}, {3, 5}, {2, 4}], [{8, 7}, {1, 6}, {4, 5}, {2, 3}], [{8, 7}, {2, 6}, {1, 5}, {3, 4}], [{8, 7}, {2, 6}, {3, 5}, {1, 4}], [{8, 7}, {2, 6}, {4, 5}, {1, 3}], [{8, 7}, {3, 6}, {1, 5}, {2, 4}], [{8, 7}, {3, 6}, {2, 5}, {1, 4}], [{8, 7}, {3, 6}, {4, 5}, {1, 2}], [{8, 7}, {3, 6}, {5}, {4}, {1, 2}], [{8, 7}, {4, 6}, {1, 5}, {2, 3}], [{8, 7}, {4, 6}, {2, 5}, {1, 3}], [{8, 7}, {4, 6}, {3, 5}, {1, 2}], [{8, 7}, {4, 6}, {5}, {3}, {1, 2}], [{8, 7}, {5, 6}, {1, 4}, {2, 3}], [{8, 7}, {5, 6}, {2, 4}, {1, 3}], [{8, 7}, {5, 6}, {3, 4}, {1, 2}], [{8, 7}, {5, 6}, {4}, {3}, {1, 2}], [{8, 7}, {6}, {1, 5}, {3, 4}, {2}], [{8, 7}, {6}, {2, 5}, {3, 4}, {1}], [{8, 7}, {6}, {3, 5}, {4}, {1, 2}], [{8, 7}, {6}, {4, 5}, {3}, {1, 2}], [{8, 7}, {6}, {5}, {3, 4}, {1, 2}], [{8, 7}, {6}, {5}, {4}, {3}, {1, 2}], [{8}, {1, 7}, {2, 6}, {3, 5}, {4}], [{8}, {1, 7}, {4, 6}, {5}, {2, 3}], [{8}, {1, 7}, {5, 6}, {2, 4}, {3}], [{8}, {2, 7}, {1, 6}, {4, 5}, {3}], [{8}, {3, 7}, {6}, {2, 5}, {1, 4}], [{8}, {4, 7}, {1, 6}, {3, 5}, {2}], [{8}, {4, 7}, {2, 6}, {3, 5}, {1}], [{8}, {4, 7}, {3, 6}, {5}, {1, 2}], [{8}, {4, 7}, {5, 6}, {3}, {1, 2}], [{8}, {4, 7}, {6}, {3, 5}, {1, 2}], [{8}, {4, 7}, {6}, {3, 5}, {2}, {1}], [{8}, {6, 7}, {1, 5}, {4}, {2, 3}], [{8}, {6, 7}, {4, 5}, {2, 3}, {1}], [{8}, {6, 7}, {5}, {1, 4}, {2, 3}], [{8}, {6, 7}, {5}, {3, 4}, {1, 2}], [{8}, {7}, {1, 6}, {2, 5}, {3, 4}], [{8}, {7}, {2, 6}, {3, 5}, {1, 4}]]",2,4 K_1^3 - 18 K_1^2 - 20 K_1 K_2 + 7 K_1 + 9 K_2 + 9 K_3 + 10,O1O2O3O4U3U5O6U7O8O5U8U4U6U1O7U2,O1O2O3O4U5U4O6U2O5O7U3U7U8U1O8U6,O1O2O3O4U5O6U4U6U7U2O7O8U3O5U1U8,c,{'O1O2O3O4U3O5U4U6U1U7O8O7U5O6U8U2'},1,"<a href=""/flatknot/8.733729"">8.733729</a>",t^9-31t^7-70t^6-20t^5-6t^4-9t^3+36t^2-3t-2,-t^2+2t,,
8.733730,O1O2O3O4U3O5U4U6U2U1O7O8U5O6U7U8,4,7z^3+42z^2+90z+69,7w^4z^3-4w^4z^2+46w^3z^2-12w^3z+102w^2z+69w,False,False,"[[ 0  0  0 -1  0  2 -1 -1  1],[ 0  0  0 -1  1  3 -2  0  0],[ 0  0  0 -1  1  2 -1  0  0],[ 1  1  1  0  1  1  1  0  0],[ 0 -1 -1 -1  0  1 -1  1  1],[-2 -3 -2 -1 -1  0 -2  0  1],[ 1  2  1 -1  1  2  0 -1  0],[ 1  0  0  0 -1  0  1  0  1],[-1  0  0  0 -1 -1  0 -1  0]]","[[ 0  2  1  0  0  0 -1 -1 -1],[-2  0  1 -1 -2 -3  0 -1 -2],[-1 -1  0 -1  0  0 -1  0  0],[ 0  1  1  0 -1 -1  1 -1 -1],[ 0  2  0  1  0  0  0 -1 -1],[ 0  3  0  1  0  0  0 -1 -2],[ 1  0  1 -1  0  0  0  0  1],[ 1  1  0  1  1  1  0  0  1],[ 1  2  0  1  1  2 -1 -1  0]]",True,"[-2,-1,0,0,0,1,1,1,-1,1,2,3,0,1,2,1,0,0,1,0,0,1,1,-1,1,1,0,0,1,1,0,1,2,0,-1,-1]","[-2,-1,0,0,0,1,1,1,-1,1,2,3,0,1,2,1,0,0,1,0,0,1,1,-1,1,1,0,0,1,1,0,1,2,0,-1,-1]",t^8+36t^6+129t^4+55t^2+1,"[-1,-1,-1,0,0,0,1,2,-1,0,0,0,0,2,2,1,-1,0,0,2,1,1,1,2,1,3,0,-1,1,-1,-1,1,0,0,1,2]","[-2,-1,0,0,0,1,1,1,2,-1,0,1,1,2,3,1,1,0,2,2,1,0,1,-1,0,1,1,0,0,1,0,0,2,-1,-1,0]","[-1,-1,-1,0,0,0,1,2,-1,-1,1,1,2,0,2,0,-1,0,0,1,0,1,1,1,0,1,-1,-1,1,1,0,0,2,0,3,-1]",c,"[[{8, 1}, {2, 7}, {3, 6}, {4, 5}], [{8, 1}, {2, 7}, {4, 6}, {3, 5}], [{8, 1}, {2, 7}, {5, 6}, {3, 4}], [{8, 1}, {2, 7}, {6}, {5}, {3, 4}], [{8, 1}, {3, 7}, {2, 6}, {4, 5}], [{8, 1}, {3, 7}, {4, 6}, {2, 5}], [{8, 1}, {3, 7}, {5, 6}, {2, 4}], [{8, 1}, {3, 7}, {6}, {4, 5}, {2}], [{8, 1}, {4, 7}, {2, 6}, {3, 5}], [{8, 1}, {4, 7}, {3, 6}, {2, 5}], [{8, 1}, {4, 7}, {5, 6}, {2, 3}], [{8, 1}, {4, 7}, {5, 6}, {3}, {2}], [{8, 1}, {5, 7}, {2, 6}, {3, 4}], [{8, 1}, {5, 7}, {3, 6}, {2, 4}], [{8, 1}, {5, 7}, {4, 6}, {2, 3}], [{8, 1}, {5, 7}, {4, 6}, {3}, {2}], [{8, 1}, {6, 7}, {2, 5}, {3, 4}], [{8, 1}, {6, 7}, {3, 5}, {2, 4}], [{8, 1}, {6, 7}, {3, 5}, {4}, {2}], [{8, 1}, {6, 7}, {4, 5}, {2, 3}], [{8, 1}, {7}, {6}, {3, 5}, {2, 4}], [{8, 2}, {1, 7}, {3, 6}, {4, 5}], [{8, 2}, {1, 7}, {4, 6}, {3, 5}], [{8, 2}, {1, 7}, {5, 6}, {3, 4}], [{8, 2}, {1, 7}, {6}, {5}, {3, 4}], [{8, 2}, {3, 7}, {1, 6}, {4, 5}], [{8, 2}, {3, 7}, {4, 6}, {1, 5}], [{8, 2}, {3, 7}, {5, 6}, {1, 4}], [{8, 2}, {3, 7}, {6}, {1, 5}, {4}], [{8, 2}, {4, 7}, {1, 6}, {3, 5}], [{8, 2}, {4, 7}, {3, 6}, {1, 5}], [{8, 2}, {4, 7}, {5, 6}, {1, 3}], [{8, 2}, {4, 7}, {5, 6}, {3}, {1}], [{8, 2}, {5, 7}, {1, 6}, {3, 4}], [{8, 2}, {5, 7}, {3, 6}, {1, 4}], [{8, 2}, {5, 7}, {3, 6}, {4}, {1}], [{8, 2}, {5, 7}, {4, 6}, {1, 3}], [{8, 2}, {6, 7}, {1, 5}, {3, 4}], [{8, 2}, {6, 7}, {3, 5}, {1, 4}], [{8, 2}, {6, 7}, {4, 5}, {1, 3}], [{8, 2}, {7}, {1, 6}, {3, 5}, {4}], [{8, 2}, {7}, {3, 6}, {5}, {1, 4}], [{8, 3}, {1, 7}, {2, 6}, {4, 5}], [{8, 3}, {1, 7}, {4, 6}, {2, 5}], [{8, 3}, {1, 7}, {4, 6}, {5}, {2}], [{8, 3}, {1, 7}, {5, 6}, {2, 4}], [{8, 3}, {2, 7}, {1, 6}, {4, 5}], [{8, 3}, {2, 7}, {4, 6}, {1, 5}], [{8, 3}, {2, 7}, {5, 6}, {1, 4}], [{8, 3}, {4, 7}, {1, 6}, {2, 5}], [{8, 3}, {4, 7}, {2, 6}, {1, 5}], [{8, 3}, {4, 7}, {5, 6}, {1, 2}], [{8, 3}, {4, 7}, {5, 6}, {2}, {1}], [{8, 3}, {5, 7}, {1, 6}, {2, 4}], [{8, 3}, {5, 7}, {2, 6}, {1, 4}], [{8, 3}, {5, 7}, {4, 6}, {1, 2}], [{8, 3}, {5, 7}, {4, 6}, {2}, {1}], [{8, 3}, {6, 7}, {1, 5}, {2, 4}], [{8, 3}, {6, 7}, {2, 5}, {1, 4}], [{8, 3}, {6, 7}, {4, 5}, {1, 2}], [{8, 3}, {6, 7}, {4, 5}, {2}, {1}], [{8, 3}, {7}, {4, 6}, {1, 5}, {2}], [{8, 4}, {1, 7}, {2, 6}, {3, 5}], [{8, 4}, {1, 7}, {3, 6}, {2, 5}], [{8, 4}, {1, 7}, {5, 6}, {2, 3}], [{8, 4}, {1, 7}, {5, 6}, {3}, {2}], [{8, 4}, {1, 7}, {6}, {5}, {2, 3}], [{8, 4}, {2, 7}, {1, 6}, {3, 5}], [{8, 4}, {2, 7}, {3, 6}, {1, 5}], [{8, 4}, {2, 7}, {5, 6}, {1, 3}], [{8, 4}, {2, 7}, {5, 6}, {3}, {1}], [{8, 4}, {2, 7}, {6}, {5}, {1, 3}], [{8, 4}, {3, 7}, {1, 6}, {2, 5}], [{8, 4}, {3, 7}, {2, 6}, {1, 5}], [{8, 4}, {3, 7}, {5, 6}, {1, 2}], [{8, 4}, {3, 7}, {5, 6}, {2}, {1}], [{8, 4}, {3, 7}, {6}, {5}, {1, 2}], [{8, 4}, {5, 7}, {1, 6}, {2, 3}], [{8, 4}, {5, 7}, {2, 6}, {1, 3}], [{8, 4}, {5, 7}, {3, 6}, {1, 2}], [{8, 4}, {5, 7}, {6}, {1, 3}, {2}], [{8, 4}, {6, 7}, {1, 5}, {2, 3}], [{8, 4}, {6, 7}, {2, 5}, {1, 3}], [{8, 4}, {6, 7}, {3, 5}, {1, 2}], [{8, 4}, {6, 7}, {5}, {1, 3}, {2}], [{8, 4}, {7}, {1, 6}, {3, 5}, {2}], [{8, 4}, {7}, {2, 6}, {5}, {1, 3}], [{8, 4}, {7}, {3, 6}, {1, 5}, {2}], [{8, 4}, {7}, {5, 6}, {1, 3}, {2}], [{8, 4}, {7}, {5, 6}, {2, 3}, {1}], [{8, 4}, {7}, {5, 6}, {3}, {1, 2}], [{8, 4}, {7}, {5, 6}, {3}, {2}, {1}], [{8, 4}, {7}, {6}, {2, 5}, {1, 3}], [{8, 4}, {7}, {6}, {5}, {1, 3}, {2}], [{8, 5}, {1, 7}, {2, 6}, {3, 4}], [{8, 5}, {1, 7}, {3, 6}, {2, 4}], [{8, 5}, {1, 7}, {4, 6}, {2, 3}], [{8, 5}, {1, 7}, {6}, {4}, {2, 3}], [{8, 5}, {2, 7}, {1, 6}, {3, 4}], [{8, 5}, {2, 7}, {3, 6}, {1, 4}], [{8, 5}, {2, 7}, {3, 6}, {4}, {1}], [{8, 5}, {2, 7}, {4, 6}, {1, 3}], [{8, 5}, {3, 7}, {1, 6}, {2, 4}], [{8, 5}, {3, 7}, {2, 6}, {1, 4}], [{8, 5}, {3, 7}, {4, 6}, {1, 2}], [{8, 5}, {4, 7}, {1, 6}, {2, 3}], [{8, 5}, {4, 7}, {2, 6}, {1, 3}], [{8, 5}, {4, 7}, {3, 6}, {1, 2}], [{8, 5}, {6, 7}, {1, 4}, {2, 3}], [{8, 5}, {6, 7}, {2, 4}, {1, 3}], [{8, 5}, {6, 7}, {3, 4}, {1, 2}], [{8, 5}, {7}, {3, 6}, {1, 4}, {2}], [{8, 6}, {1, 7}, {2, 5}, {3, 4}], [{8, 6}, {1, 7}, {3, 5}, {2, 4}], [{8, 6}, {1, 7}, {3, 5}, {4}, {2}], [{8, 6}, {1, 7}, {4, 5}, {2, 3}], [{8, 6}, {2, 7}, {1, 5}, {3, 4}], [{8, 6}, {2, 7}, {3, 5}, {1, 4}], [{8, 6}, {2, 7}, {4, 5}, {1, 3}], [{8, 6}, {2, 7}, {5}, {4}, {1, 3}], [{8, 6}, {3, 7}, {1, 5}, {2, 4}], [{8, 6}, {3, 7}, {1, 5}, {4}, {2}], [{8, 6}, {3, 7}, {2, 5}, {1, 4}], [{8, 6}, {3, 7}, {4, 5}, {1, 2}], [{8, 6}, {3, 7}, {5}, {2, 4}, {1}], [{8, 6}, {4, 7}, {1, 5}, {2, 3}], [{8, 6}, {4, 7}, {2, 5}, {1, 3}], [{8, 6}, {4, 7}, {3, 5}, {1, 2}], [{8, 6}, {5, 7}, {1, 4}, {2, 3}], [{8, 6}, {5, 7}, {2, 4}, {1, 3}], [{8, 6}, {5, 7}, {2, 4}, {3}, {1}], [{8, 6}, {5, 7}, {3, 4}, {1, 2}], [{8, 6}, {5, 7}, {4}, {1, 3}, {2}], [{8, 6}, {7}, {2, 5}, {4}, {1, 3}], [{8, 6}, {7}, {3, 5}, {2, 4}, {1}], [{8, 7}, {1, 6}, {2, 5}, {3, 4}], [{8, 7}, {1, 6}, {3, 5}, {2, 4}], [{8, 7}, {1, 6}, {3, 5}, {4}, {2}], [{8, 7}, {1, 6}, {4, 5}, {2, 3}], [{8, 7}, {2, 6}, {1, 5}, {3, 4}], [{8, 7}, {2, 6}, {3, 5}, {1, 4}], [{8, 7}, {2, 6}, {3, 5}, {4}, {1}], [{8, 7}, {2, 6}, {4, 5}, {1, 3}], [{8, 7}, {3, 6}, {1, 5}, {2, 4}], [{8, 7}, {3, 6}, {1, 5}, {4}, {2}], [{8, 7}, {3, 6}, {2, 5}, {1, 4}], [{8, 7}, {3, 6}, {2, 5}, {4}, {1}], [{8, 7}, {3, 6}, {4, 5}, {1, 2}], [{8, 7}, {3, 6}, {4, 5}, {2}, {1}], [{8, 7}, {3, 6}, {5}, {1, 4}, {2}], [{8, 7}, {3, 6}, {5}, {2, 4}, {1}], [{8, 7}, {3, 6}, {5}, {4}, {1, 2}], [{8, 7}, {3, 6}, {5}, {4}, {2}, {1}], [{8, 7}, {4, 6}, {1, 5}, {2, 3}], [{8, 7}, {4, 6}, {2, 5}, {1, 3}], [{8, 7}, {4, 6}, {3, 5}, {1, 2}], [{8, 7}, {4, 6}, {3, 5}, {2}, {1}], [{8, 7}, {4, 6}, {5}, {3}, {1, 2}], [{8, 7}, {5, 6}, {1, 4}, {2, 3}], [{8, 7}, {5, 6}, {1, 4}, {3}, {2}], [{8, 7}, {5, 6}, {2, 4}, {1, 3}], [{8, 7}, {5, 6}, {2, 4}, {3}, {1}], [{8, 7}, {5, 6}, {3, 4}, {1, 2}], [{8, 7}, {5, 6}, {3, 4}, {2}, {1}], [{8, 7}, {5, 6}, {4}, {1, 3}, {2}], [{8, 7}, {5, 6}, {4}, {2, 3}, {1}], [{8, 7}, {5, 6}, {4}, {3}, {1, 2}], [{8, 7}, {5, 6}, {4}, {3}, {2}, {1}], [{8, 7}, {6}, {3, 5}, {1, 4}, {2}], [{8, 7}, {6}, {3, 5}, {2, 4}, {1}], [{8, 7}, {6}, {3, 5}, {4}, {1, 2}], [{8, 7}, {6}, {3, 5}, {4}, {2}, {1}], [{8, 7}, {6}, {4, 5}, {3}, {1, 2}], [{8, 7}, {6}, {5}, {3, 4}, {1, 2}], [{8}, {1, 7}, {6}, {3, 5}, {2, 4}], [{8}, {1, 7}, {6}, {4, 5}, {2, 3}], [{8}, {2, 7}, {1, 6}, {3, 5}, {4}], [{8}, {2, 7}, {3, 6}, {5}, {1, 4}], [{8}, {2, 7}, {4, 6}, {5}, {1, 3}], [{8}, {3, 7}, {1, 6}, {2, 5}, {4}], [{8}, {3, 7}, {2, 6}, {1, 5}, {4}], [{8}, {4, 7}, {1, 6}, {3, 5}, {2}], [{8}, {4, 7}, {3, 6}, {1, 5}, {2}], [{8}, {4, 7}, {5, 6}, {1, 3}, {2}], [{8}, {4, 7}, {5, 6}, {2, 3}, {1}], [{8}, {4, 7}, {5, 6}, {3}, {1, 2}], [{8}, {4, 7}, {5, 6}, {3}, {2}, {1}], [{8}, {5, 7}, {1, 6}, {4}, {2, 3}], [{8}, {5, 7}, {3, 6}, {1, 4}, {2}], [{8}, {5, 7}, {4, 6}, {1, 3}, {2}], [{8}, {6, 7}, {3, 5}, {2, 4}, {1}], [{8}, {7}, {1, 6}, {3, 5}, {2, 4}], [{8}, {7}, {1, 6}, {3, 5}, {4}, {2}], [{8}, {7}, {3, 6}, {2, 5}, {1, 4}], [{8}, {7}, {4, 6}, {2, 5}, {1, 3}]]",2,- 8 K_1^4 + 4 K_1^3 + 12 K_1^2 K_2 - 2 K_1^2 - 8 K_1 K_2 - 4 K_1 K_3 + K_1 - 2 K_2^2 + K_2 + 3 K_3 + K_4 + 3,O1O2O3O4U5U6O7U8O5O6U4U3U7U1O8U2,O1O2O3O4U5U6O7U2O5O6U4U3U8U1O8U7,O1O2O3O4U5O6U4U6U2U1O7O8U3O5U7U8,c,{'O1O2O3O4U3O5U4U6U2U1O7O8U5O6U7U8'},1,"<a href=""/flatknot/8.733730"">8.733730</a>",t^9-34t^7-86t^6+2t^5+156t^4+142t^3+96t^2+23t-12,-t^2+2t,,
8.733731,O1O2O3O4U3O5U4U6U2U1O7O8U7O6U5U8,4,18z^2+71z+71,-12w^4z^2+30w^3z^2-20w^3z+91w^2z+71w,False,False,"[[ 0  0  0 -1  0  2 -1 -1  1],[ 0  0  0 -1  1  2 -1  0  0],[ 0  0  0 -1  1  1  0  0  0],[ 1  1  1  0  1  1  1  0  0],[ 0 -1 -1 -1  0  1  0  0  1],[-2 -2 -1 -1 -1  0 -2  0  1],[ 1  1  0 -1  0  2  0 -1  0],[ 1  0  0  0  0  0  1  0  1],[-1  0  0  0 -1 -1  0 -1  0]]","[[ 0  2  1  0  0  0 -1 -1 -1],[-2  0  1 -1 -1 -2  0 -1 -2],[-1 -1  0  0 -1  0 -1  0  0],[ 0  1  0  0  1  0  0 -1  0],[ 0  1  1 -1  0 -1  0 -1  0],[ 0  2  0  0  1  0  0 -1 -1],[ 1  0  1  0  0  0  0  0  1],[ 1  1  0  1  1  1  0  0  1],[ 1  2  0  0  0  1 -1 -1  0]]",True,"[-2,-1,0,0,0,1,1,1,-1,1,1,2,0,1,2,0,1,0,1,0,0,-1,0,0,1,0,1,0,1,0,0,1,1,0,-1,-1]","[-2,-1,0,0,0,1,1,1,-1,1,1,2,0,1,2,0,1,0,1,0,0,-1,0,0,1,0,1,0,1,0,0,1,1,0,-1,-1]",t^8+22t^6+76t^4+35t^2+1,"[-1,-1,-1,0,0,0,1,2,-1,0,0,0,0,2,2,1,0,1,1,2,1,1,1,1,1,3,-1,0,1,0,1,0,1,1,1,2]","[-2,-1,0,0,0,1,1,1,2,0,1,1,1,2,3,1,0,1,2,2,1,1,0,0,0,1,-1,1,0,1,1,0,1,-1,-1,0]","[-1,-1,-1,0,0,0,1,2,-1,-1,0,0,1,0,2,0,0,0,0,1,0,1,1,1,0,1,-1,-1,1,1,0,0,1,0,2,-1]",c,"[[{8, 5}, {1, 7}, {3, 6}, {2, 4}]]",1,4 K_1^3 - 6 K_1^2 - 4 K_1 K_2 - K_1 + 3 K_2 + K_3 + 4,O1O2O3O4U5U6O7U8O5O8U4U3U7U1O6U2,O1O2O3O4U5U6O5U2O7O6U4U3U8U1O8U7,O1O2O3O4U5O6U4U6U2U1O7O5U3O8U7U8,c,{'O1O2O3O4U3O5U4U6U2U1O7O8U7O6U5U8'},1,"<a href=""/flatknot/8.733731"">8.733731</a>",t^9-20t^7-34t^6+29t^5+96t^4+32t^3-72t^2-40t+20,-t^2+2t,,
8.733732,O1O2O3O4U3O5U4U6U2U1O7O8U7O6U8U5,3,21z^2+86z+89,21w^3z^2-16w^3z+102w^2z+89w,False,False,"[[ 0  0  0 -1  0  3 -1 -1  0],[ 0  0  0 -1  1  2 -1  0 -1],[ 0  0  0 -1  1  1  0  0 -1],[ 1  1  1  0  1  1  1  0  0],[ 0 -1 -1 -1  0  1  0  0  0],[-3 -2 -1 -1 -1  0 -2 -1  0],[ 1  1  0 -1  0  2  0 -1 -1],[ 1  0  0  0  0  1  1  0  1],[ 0  1  1  0  0  0  1 -1  0]]","[[ 0  3  0  0  0  0 -1 -1 -1],[-3  0  0 -1 -1 -2 -1 -1 -2],[ 0  0  0  1  0  1  0 -1  1],[ 0  1 -1  0  1  0 -1  0  0],[ 0  1  0 -1  0 -1 -1  0  0],[ 0  2 -1  0  1  0 -1  0 -1],[ 1  1  0  1  1  1  0  0  1],[ 1  1  1  0  0  0  0  0  1],[ 1  2 -1  0  0  1 -1 -1  0]]",True,"[-3,0,0,0,0,1,1,1,0,1,1,2,1,1,2,-1,0,-1,0,1,-1,-1,0,1,0,0,1,1,0,0,1,0,1,0,-1,-1]","[-3,0,0,0,0,1,1,1,0,1,1,2,1,1,2,-1,0,-1,0,1,-1,-1,0,1,0,0,1,1,0,0,1,0,1,0,-1,-1]",t^8+24t^6+93t^4+64t^2,"[-1,-1,-1,0,0,0,0,3,-1,0,0,0,0,1,3,1,0,1,1,2,2,1,1,1,0,3,-1,0,1,1,1,0,2,1,2,3]","[-3,0,0,0,0,1,1,1,1,2,2,3,2,3,3,0,1,-1,0,0,1,1,-1,1,0,1,0,1,0,1,2,1,0,-1,-1,0]","[-1,-1,-1,0,0,0,0,3,-1,-1,-1,0,0,1,2,0,0,1,1,1,1,1,0,0,0,1,0,1,1,0,-1,-1,1,0,1,2]",c,"[[{8, 4}, {3, 7}, {5, 6}, {1, 2}], [{8, 4}, {3, 7}, {5, 6}, {2}, {1}], [{8, 4}, {5, 7}, {3, 6}, {1, 2}], [{8, 4}, {5, 7}, {3, 6}, {2}, {1}], [{8, 4}, {6, 7}, {3, 5}, {1, 2}], [{8, 4}, {6, 7}, {3, 5}, {2}, {1}]]",1,16 K_1^3 + 4 K_1^2 K_2 - 12 K_1^2 - 14 K_1 K_2 - 4 K_1 K_3 - 5 K_1 + 6 K_2 + 3 K_3 + K_4 + 6,O1O2O3O4U5U6O7U8O6O8U4U3U7U1O5U2,O1O2O3O4U5U6O5U2O6O7U4U3U8U1O8U7,O1O2O3O4U5O6U4U6U2U1O5O7U3O8U7U8,c,{'O1O2O3O4U3O5U4U6U2U1O7O8U7O6U8U5'},1,"<a href=""/flatknot/8.733732"">8.733732</a>",t^9-18t^7-44t^6-31t^5+68t^4+162t^3+76t^2,-t^3+3t,,
8.733733,O1O2O3O4U3O5U4U6U2U7O8O7U1O6U5U8,4,z^3+32z^2+110z+101,w^4z^3-4w^4z^2+36w^3z^2+110w^2z+101w,False,False,"[[ 0 -1  0 -1  0  2 -1  1  0],[ 1  0  0 -1  1  2  0  1  0],[ 0  0  0 -1  1  1  0  0  0],[ 1  1  1  0  1  1  1  1  0],[ 0 -1 -1 -1  0  1  0  0  1],[-2 -2 -1 -1 -1  0 -2 -2 -1],[ 1  0  0 -1  0  2  0  2  1],[-1 -1  0 -1  0  2 -2  0  0],[ 0  0  0  0 -1  1 -1  0  0]]","[[ 0  2  1  0  0  0 -1 -1 -1],[-2  0 -2 -1 -1 -1 -1 -2 -2],[-1  2  0  0  0  0 -1 -1 -2],[ 0  1  0  0  1  0 -1  0  0],[ 0  1  0 -1  0  1 -1 -1  0],[ 0  1  0  0 -1  0  0  0 -1],[ 1  1  1  1  1  0  0  1  1],[ 1  2  1  0  1  0 -1  0  0],[ 1  2  2  0  0  1 -1  0  0]]",True,"[-2,-1,0,0,0,1,1,1,2,1,1,1,1,2,2,0,0,0,1,1,2,-1,0,1,0,0,-1,1,1,0,0,0,1,-1,-1,0]","[-2,-1,0,0,0,1,1,1,-1,1,1,1,1,1,2,1,1,1,0,1,1,-1,0,0,1,1,-1,1,0,0,1,1,0,0,-1,-1]",t^8+30t^6+109t^4+48t^2+4,"[-1,-1,-1,0,0,0,1,2,-1,-1,0,0,1,1,2,0,0,1,1,1,1,1,1,0,0,1,1,-1,1,1,0,1,1,1,1,-1]","[-2,-1,0,0,0,1,1,1,-1,1,1,1,1,1,2,1,1,1,0,1,1,-1,0,0,1,1,-1,1,0,0,1,1,0,0,-1,-1]","[-1,-1,-1,0,0,0,1,2,-1,0,0,0,1,1,2,1,0,1,1,1,1,1,0,0,2,2,0,-1,0,1,1,0,1,0,1,2]",c,"[[{8, 1}, {2, 7}, {3, 6}, {4, 5}], [{8, 1}, {2, 7}, {4, 6}, {3, 5}], [{8, 1}, {2, 7}, {5, 6}, {3, 4}], [{8, 1}, {2, 7}, {6}, {3, 5}, {4}], [{8, 1}, {3, 7}, {2, 6}, {4, 5}], [{8, 1}, {3, 7}, {4, 6}, {2, 5}], [{8, 1}, {3, 7}, {5, 6}, {2, 4}], [{8, 1}, {4, 7}, {2, 6}, {3, 5}], [{8, 1}, {4, 7}, {3, 6}, {2, 5}], [{8, 1}, {4, 7}, {5, 6}, {2, 3}], [{8, 1}, {4, 7}, {6}, {3, 5}, {2}], [{8, 1}, {5, 7}, {2, 6}, {3, 4}], [{8, 1}, {5, 7}, {3, 6}, {2, 4}], [{8, 1}, {5, 7}, {4, 6}, {2, 3}], [{8, 1}, {6, 7}, {2, 5}, {3, 4}], [{8, 1}, {6, 7}, {3, 5}, {2, 4}], [{8, 1}, {6, 7}, {4, 5}, {2, 3}], [{8, 1}, {6, 7}, {4, 5}, {3}, {2}], [{8, 1}, {7}, {3, 6}, {5}, {2, 4}], [{8, 1}, {7}, {5, 6}, {2, 4}, {3}], [{8, 1}, {7}, {6}, {3, 5}, {2, 4}], [{8, 2}, {1, 7}, {3, 6}, {4, 5}], [{8, 2}, {1, 7}, {3, 6}, {5}, {4}], [{8, 2}, {1, 7}, {4, 6}, {3, 5}], [{8, 2}, {1, 7}, {4, 6}, {5}, {3}], [{8, 2}, {1, 7}, {5, 6}, {3, 4}], [{8, 2}, {1, 7}, {5, 6}, {4}, {3}], [{8, 2}, {1, 7}, {6}, {3, 5}, {4}], [{8, 2}, {1, 7}, {6}, {4, 5}, {3}], [{8, 2}, {1, 7}, {6}, {5}, {3, 4}], [{8, 2}, {3, 7}, {1, 6}, {4, 5}], [{8, 2}, {3, 7}, {4, 6}, {1, 5}], [{8, 2}, {3, 7}, {5, 6}, {1, 4}], [{8, 2}, {4, 7}, {1, 6}, {3, 5}], [{8, 2}, {4, 7}, {3, 6}, {1, 5}], [{8, 2}, {4, 7}, {3, 6}, {5}, {1}], [{8, 2}, {4, 7}, {5, 6}, {1, 3}], [{8, 2}, {4, 7}, {5, 6}, {3}, {1}], [{8, 2}, {4, 7}, {6}, {3, 5}, {1}], [{8, 2}, {5, 7}, {1, 6}, {3, 4}], [{8, 2}, {5, 7}, {3, 6}, {1, 4}], [{8, 2}, {5, 7}, {4, 6}, {1, 3}], [{8, 2}, {6, 7}, {1, 5}, {3, 4}], [{8, 2}, {6, 7}, {3, 5}, {1, 4}], [{8, 2}, {6, 7}, {4, 5}, {1, 3}], [{8, 2}, {6, 7}, {5}, {3, 4}, {1}], [{8, 2}, {7}, {1, 6}, {5}, {3, 4}], [{8, 2}, {7}, {3, 6}, {5}, {1, 4}], [{8, 2}, {7}, {5, 6}, {1, 4}, {3}], [{8, 2}, {7}, {6}, {3, 5}, {1, 4}], [{8, 3}, {1, 7}, {2, 6}, {4, 5}], [{8, 3}, {1, 7}, {4, 6}, {2, 5}], [{8, 3}, {1, 7}, {5, 6}, {2, 4}], [{8, 3}, {1, 7}, {5, 6}, {4}, {2}], [{8, 3}, {1, 7}, {6}, {5}, {2, 4}], [{8, 3}, {2, 7}, {1, 6}, {4, 5}], [{8, 3}, {2, 7}, {4, 6}, {1, 5}], [{8, 3}, {2, 7}, {5, 6}, {1, 4}], [{8, 3}, {4, 7}, {1, 6}, {2, 5}], [{8, 3}, {4, 7}, {2, 6}, {1, 5}], [{8, 3}, {4, 7}, {5, 6}, {1, 2}], [{8, 3}, {4, 7}, {6}, {2, 5}, {1}], [{8, 3}, {5, 7}, {1, 6}, {2, 4}], [{8, 3}, {5, 7}, {2, 6}, {1, 4}], [{8, 3}, {5, 7}, {4, 6}, {1, 2}], [{8, 3}, {5, 7}, {6}, {4}, {1, 2}], [{8, 3}, {6, 7}, {1, 5}, {2, 4}], [{8, 3}, {6, 7}, {2, 5}, {1, 4}], [{8, 3}, {6, 7}, {4, 5}, {1, 2}], [{8, 3}, {6, 7}, {5}, {2, 4}, {1}], [{8, 3}, {7}, {1, 6}, {5}, {2, 4}], [{8, 3}, {7}, {2, 6}, {4, 5}, {1}], [{8, 4}, {1, 7}, {2, 6}, {3, 5}], [{8, 4}, {1, 7}, {3, 6}, {2, 5}], [{8, 4}, {1, 7}, {3, 6}, {5}, {2}], [{8, 4}, {1, 7}, {5, 6}, {2, 3}], [{8, 4}, {1, 7}, {5, 6}, {3}, {2}], [{8, 4}, {1, 7}, {6}, {3, 5}, {2}], [{8, 4}, {2, 7}, {1, 6}, {3, 5}], [{8, 4}, {2, 7}, {3, 6}, {1, 5}], [{8, 4}, {2, 7}, {5, 6}, {1, 3}], [{8, 4}, {2, 7}, {6}, {3, 5}, {1}], [{8, 4}, {3, 7}, {1, 6}, {2, 5}], [{8, 4}, {3, 7}, {2, 6}, {1, 5}], [{8, 4}, {3, 7}, {5, 6}, {1, 2}], [{8, 4}, {3, 7}, {6}, {5}, {1, 2}], [{8, 4}, {5, 7}, {1, 6}, {2, 3}], [{8, 4}, {5, 7}, {2, 6}, {1, 3}], [{8, 4}, {5, 7}, {3, 6}, {1, 2}], [{8, 4}, {5, 7}, {6}, {3}, {1, 2}], [{8, 4}, {6, 7}, {1, 5}, {2, 3}], [{8, 4}, {6, 7}, {2, 5}, {1, 3}], [{8, 4}, {6, 7}, {3, 5}, {1, 2}], [{8, 4}, {6, 7}, {5}, {2, 3}, {1}], [{8, 4}, {7}, {3, 6}, {2, 5}, {1}], [{8, 4}, {7}, {6}, {3, 5}, {1, 2}], [{8, 5}, {1, 7}, {2, 6}, {3, 4}], [{8, 5}, {1, 7}, {3, 6}, {2, 4}], [{8, 5}, {1, 7}, {3, 6}, {4}, {2}], [{8, 5}, {1, 7}, {4, 6}, {2, 3}], [{8, 5}, {1, 7}, {6}, {2, 4}, {3}], [{8, 5}, {2, 7}, {1, 6}, {3, 4}], [{8, 5}, {2, 7}, {3, 6}, {1, 4}], [{8, 5}, {2, 7}, {4, 6}, {1, 3}], [{8, 5}, {3, 7}, {1, 6}, {2, 4}], [{8, 5}, {3, 7}, {2, 6}, {1, 4}], [{8, 5}, {3, 7}, {4, 6}, {1, 2}], [{8, 5}, {3, 7}, {6}, {1, 4}, {2}], [{8, 5}, {4, 7}, {1, 6}, {2, 3}], [{8, 5}, {4, 7}, {2, 6}, {1, 3}], [{8, 5}, {4, 7}, {3, 6}, {1, 2}], [{8, 5}, {6, 7}, {1, 4}, {2, 3}], [{8, 5}, {6, 7}, {2, 4}, {1, 3}], [{8, 5}, {6, 7}, {3, 4}, {1, 2}], [{8, 5}, {7}, {1, 6}, {3, 4}, {2}], [{8, 6}, {1, 7}, {2, 5}, {3, 4}], [{8, 6}, {1, 7}, {3, 5}, {2, 4}], [{8, 6}, {1, 7}, {3, 5}, {4}, {2}], [{8, 6}, {1, 7}, {4, 5}, {2, 3}], [{8, 6}, {1, 7}, {5}, {2, 4}, {3}], [{8, 6}, {2, 7}, {1, 5}, {3, 4}], [{8, 6}, {2, 7}, {3, 5}, {1, 4}], [{8, 6}, {2, 7}, {4, 5}, {1, 3}], [{8, 6}, {3, 7}, {1, 5}, {2, 4}], [{8, 6}, {3, 7}, {2, 5}, {1, 4}], [{8, 6}, {3, 7}, {4, 5}, {1, 2}], [{8, 6}, {4, 7}, {1, 5}, {2, 3}], [{8, 6}, {4, 7}, {2, 5}, {1, 3}], [{8, 6}, {4, 7}, {3, 5}, {1, 2}], [{8, 6}, {4, 7}, {5}, {1, 3}, {2}], [{8, 6}, {5, 7}, {1, 4}, {2, 3}], [{8, 6}, {5, 7}, {1, 4}, {3}, {2}], [{8, 6}, {5, 7}, {2, 4}, {1, 3}], [{8, 6}, {5, 7}, {3, 4}, {1, 2}], [{8, 7}, {1, 6}, {2, 5}, {3, 4}], [{8, 7}, {1, 6}, {3, 5}, {2, 4}], [{8, 7}, {1, 6}, {4, 5}, {2, 3}], [{8, 7}, {2, 6}, {1, 5}, {3, 4}], [{8, 7}, {2, 6}, {1, 5}, {4}, {3}], [{8, 7}, {2, 6}, {3, 5}, {1, 4}], [{8, 7}, {2, 6}, {4, 5}, {1, 3}], [{8, 7}, {3, 6}, {1, 5}, {2, 4}], [{8, 7}, {3, 6}, {2, 5}, {1, 4}], [{8, 7}, {3, 6}, {4, 5}, {1, 2}], [{8, 7}, {3, 6}, {5}, {2, 4}, {1}], [{8, 7}, {4, 6}, {1, 5}, {2, 3}], [{8, 7}, {4, 6}, {2, 5}, {1, 3}], [{8, 7}, {4, 6}, {3, 5}, {1, 2}], [{8, 7}, {5, 6}, {1, 4}, {2, 3}], [{8, 7}, {5, 6}, {2, 4}, {1, 3}], [{8, 7}, {5, 6}, {2, 4}, {3}, {1}], [{8, 7}, {5, 6}, {3, 4}, {1, 2}], [{8, 7}, {6}, {1, 5}, {3, 4}, {2}], [{8, 7}, {6}, {2, 5}, {4}, {1, 3}], [{8, 7}, {6}, {3, 5}, {1, 4}, {2}], [{8, 7}, {6}, {3, 5}, {2, 4}, {1}], [{8, 7}, {6}, {3, 5}, {4}, {1, 2}], [{8}, {1, 7}, {2, 6}, {3, 5}, {4}], [{8}, {1, 7}, {3, 6}, {2, 5}, {4}], [{8}, {1, 7}, {3, 6}, {4, 5}, {2}], [{8}, {1, 7}, {3, 6}, {5}, {2, 4}], [{8}, {1, 7}, {3, 6}, {5}, {4}, {2}], [{8}, {1, 7}, {4, 6}, {3, 5}, {2}], [{8}, {1, 7}, {5, 6}, {2, 4}, {3}], [{8}, {1, 7}, {5, 6}, {3, 4}, {2}], [{8}, {1, 7}, {5, 6}, {4}, {2, 3}], [{8}, {1, 7}, {5, 6}, {4}, {3}, {2}], [{8}, {1, 7}, {6}, {3, 5}, {2, 4}], [{8}, {1, 7}, {6}, {3, 5}, {4}, {2}], [{8}, {2, 7}, {6}, {3, 5}, {1, 4}], [{8}, {4, 7}, {6}, {3, 5}, {1, 2}], [{8}, {5, 7}, {6}, {3, 4}, {1, 2}], [{8}, {7}, {1, 6}, {2, 5}, {3, 4}], [{8}, {7}, {2, 6}, {1, 5}, {3, 4}]]",2,4 K_1^3 - 6 K_1^2 - 4 K_1 K_2 - K_1 + 3 K_2 + K_3 + 4,O1O2O3O4U5U6O7U4O8O5U8U3U7U1O6U2,O1O2O3O4U5U4O6U2O7O5U6U3U8U1O8U7,O1O2O3O4U5O6U4U6U2U7O8O5U3O7U1U8,c,{'O1O2O3O4U3O5U4U6U2U7O8O7U1O6U5U8'},1,"<a href=""/flatknot/8.733733"">8.733733</a>",t^9-28t^7-58t^6+46t^5+144t^4-10t^3-72t^2-6t-2,-t^2+2t,,
8.733734,O1O2O3O4U3O5U4U6U2U7O8O7U1O6U8U5,4,18z^2+87z+103,18w^3z^2-16w^3z+103w^2z+103w,False,False,"[[ 0 -1  0 -1  0  3 -1  1 -1],[ 1  0  0 -1  1  3  0  1 -1],[ 0  0  0 -1  1  1  0  0 -1],[ 1  1  1  0  1  1  1  1  0],[ 0 -1 -1 -1  0  1  0  0  0],[-3 -3 -1 -1 -1  0 -2 -2 -2],[ 1  0  0 -1  0  2  0  2  0],[-1 -1  0 -1  0  2 -2  0 -1],[ 1  1  1  0  0  2  0  1  0]]","[[ 0  3  1  0  0 -1 -1 -1 -1],[-3  0 -2 -1 -1 -1 -2 -2 -3],[-1  2  0  0  0 -1 -1 -2 -1],[ 0  1  0  0  1 -1 -1  0  0],[ 0  1  0 -1  0 -1  0  0 -1],[ 1  1  1  1  1  0  0  1  1],[ 1  2  1  1  0  0  0  0  1],[ 1  2  2  0  0 -1  0  0  0],[ 1  3  1  0  1 -1 -1  0  0]]",True,"[-3,-1,0,0,1,1,1,1,2,1,1,1,2,2,3,0,0,1,1,2,1,-1,1,1,0,0,1,0,0,1,0,-1,-1,0,-1,0]","[-3,-1,0,0,1,1,1,1,0,2,2,1,2,2,3,1,1,1,0,1,1,-1,0,1,1,0,1,1,0,0,0,-1,-1,0,-1,0]",t^8+39t^6+144t^4+87t^2+9,"[-1,-1,-1,-1,0,0,1,3,-1,-1,0,0,0,1,3,0,0,1,1,0,2,1,0,1,1,1,1,0,1,2,1,1,2,1,2,0]","[-3,-1,0,0,1,1,1,1,0,2,2,1,2,2,3,1,1,1,0,1,1,-1,0,1,1,0,1,1,0,0,0,-1,-1,0,-1,0]","[-1,-1,-1,-1,0,0,1,3,-1,-1,0,0,1,1,3,0,0,1,0,1,2,1,1,1,1,1,0,0,2,2,1,0,1,0,1,2]",c,"[[{8, 4}, {6, 7}, {3, 5}, {1, 2}], [{8, 4}, {6, 7}, {3, 5}, {2}, {1}]]",1,16 K_1^3 + 12 K_1^2 K_2 - 20 K_1^2 - 18 K_1 K_2 - 8 K_1 K_3 - 3 K_1 + 8 K_2 + 5 K_3 + K_4 + 8,O1O2O3O4U5U6O7U4O8O6U8U3U7U1O5U2,O1O2O3O4U5U4O6U2O5O7U6U3U8U1O8U7,O1O2O3O4U5O6U4U6U2U7O5O8U3O7U1U8,c,{'O1O2O3O4U3O5U4U6U2U7O8O7U1O6U8U5'},1,"<a href=""/flatknot/8.733734"">8.733734</a>",t^9-33t^7-84t^6+26t^5+196t^4+37t^3-66t^2+55t-6,-t^3+3t,,
8.733735,O1O2O3O4U3O5U4U6U2U7O8O7U5O6U1U8,4,6z^3+40z^2+91z+71,6w^4z^3+40w^3z^2+91w^2z+71w,False,False,"[[ 0 -1  0 -1  0  2 -1  1  0],[ 1  0  0 -1  0  3 -1  1  0],[ 0  0  0 -1  1  2 -1  0  0],[ 1  1  1  0  1  1  1  1  0],[ 0  0 -1 -1  0  1 -1  0  1],[-2 -3 -2 -1 -1  0 -2 -2 -1],[ 1  1  1 -1  1  2  0  2  1],[-1 -1  0 -1  0  2 -2  0  0],[ 0  0  0  0 -1  1 -1  0  0]]","[[ 0  2  1  0  0  0 -1 -1 -1],[-2  0 -2 -1 -1 -2 -1 -2 -3],[-1  2  0  0  0  0 -1 -2 -1],[ 0  1  0  0  1 -1 -1 -1  0],[ 0  1  0 -1  0  0  0 -1  0],[ 0  2  0  1  0  0 -1 -1  0],[ 1  1  1  1  0  1  0  1  1],[ 1  2  2  1  1  1 -1  0  1],[ 1  3  1  0  0  0 -1 -1  0]]",True,"[-2,-1,0,0,0,1,1,1,2,1,1,2,1,2,3,0,0,0,1,2,1,-1,1,1,1,0,0,0,1,0,1,1,0,-1,-1,-1]","[-2,-1,0,0,0,1,1,1,-1,0,1,1,0,1,2,1,1,1,1,0,1,0,1,1,0,0,-1,1,0,1,1,0,0,-1,-1,-1]",t^8+40t^6+122t^4+71t^2+1,"[-1,-1,-1,0,0,0,1,2,-1,-1,0,0,1,1,2,-1,0,0,0,0,1,1,1,1,1,0,-1,0,1,0,-1,1,1,1,1,-1]","[-2,-1,0,0,0,1,1,1,-1,0,1,1,0,1,2,1,1,1,1,0,1,0,1,1,0,0,-1,1,0,1,1,0,0,-1,-1,-1]","[-1,-1,-1,0,0,0,1,2,-1,-1,0,0,0,1,3,-1,1,1,1,2,2,0,1,1,1,1,-1,0,0,1,-1,0,1,0,2,2]",c,"[[{8, 2}, {1, 7}, {3, 6}, {4, 5}], [{8, 2}, {1, 7}, {4, 6}, {3, 5}], [{8, 2}, {1, 7}, {5, 6}, {3, 4}], [{8, 3}, {1, 7}, {5, 6}, {2, 4}], [{8, 5}, {1, 7}, {3, 6}, {2, 4}], [{8, 6}, {1, 7}, {3, 5}, {2, 4}]]",1,- 8 K_1^4 + 4 K_1^3 + 12 K_1^2 K_2 - 6 K_1^2 - 8 K_1 K_2 - 4 K_1 K_3 + K_1 - 2 K_2^2 + 3 K_2 + 3 K_3 + K_4 + 5,O1O2O3O4U5U4O6U7O8O5U8U3U6U1O7U2,O1O2O3O4U5U4O6U2O7O5U7U3U8U1O8U6,O1O2O3O4U5O6U4U6U2U7O8O7U3O5U1U8,c,{'O1O2O3O4U3O5U4U6U2U7O8O7U5O6U1U8'},1,"<a href=""/flatknot/8.733735"">8.733735</a>",t^9-38t^7-102t^6-5t^5+168t^4+62t^3-58t^2-7t+4,-t^2+2t,,
8.733736,O1O2O3O4U3O5U4U6U7U1O7O8U2O6U5U8,3,21z^2+90z+97,21w^3z^2+90w^2z+97w,False,False,"[[ 0  0  0 -1  0  2 -1 -1  1],[ 0  0  0 -1  1  1  0  0  1],[ 0  0  0 -1  1  1  0  0  1],[ 1  1  1  0  1  1  1  1  0],[ 0 -1 -1 -1  0  1  0  0  1],[-2 -1 -1 -1 -1  0 -2 -2  0],[ 1  0  0 -1  0  2  0  0  1],[ 1  0  0 -1  0  2  0  0  1],[-1 -1 -1  0 -1  0 -1 -1  0]]","[[ 0  2  1  0  0  0 -1 -1 -1],[-2  0  0 -1 -1 -1 -1 -2 -2],[-1  0  0 -1 -1 -1  0 -1 -1],[ 0  1  1  0  1  0 -1  0  0],[ 0  1  1 -1  0 -1 -1  0  0],[ 0  1  1  0  1  0 -1  0  0],[ 1  1  0  1  1  1  0  1  1],[ 1  2  1  0  0  0 -1  0  0],[ 1  2  1  0  0  0 -1  0  0]]",True,"[-2,-1,0,0,0,1,1,1,0,1,1,1,1,2,2,1,1,1,0,1,1,-1,0,1,0,0,1,1,0,0,1,0,0,-1,-1,0]","[-2,-1,0,0,0,1,1,1,0,1,1,1,1,2,2,1,1,1,0,1,1,-1,0,1,0,0,1,1,0,0,1,0,0,-1,-1,0]",t^8+24t^6+43t^4+4t^2,"[-1,-1,-1,0,0,0,1,2,-1,-1,0,0,0,2,2,0,1,1,1,1,1,1,1,1,1,1,-1,0,0,1,1,0,1,0,1,1]","[-2,-1,0,0,0,1,1,1,1,1,1,1,1,1,2,0,0,0,1,1,2,-1,-1,1,1,0,0,1,1,0,1,1,0,0,-1,-1]","[-1,-1,-1,0,0,0,1,2,-1,0,0,0,0,1,2,1,1,1,1,0,1,0,0,0,1,2,-1,-1,1,1,0,1,1,1,1,0]",c,"[[{8, 1}, {2, 7}, {3, 6}, {4, 5}], [{8, 1}, {2, 7}, {4, 6}, {3, 5}], [{8, 1}, {2, 7}, {5, 6}, {3, 4}], [{8, 1}, {2, 7}, {6}, {3, 5}, {4}], [{8, 1}, {3, 7}, {2, 6}, {4, 5}], [{8, 1}, {3, 7}, {4, 6}, {2, 5}], [{8, 1}, {3, 7}, {5, 6}, {2, 4}], [{8, 1}, {3, 7}, {6}, {2, 5}, {4}], [{8, 1}, {4, 7}, {2, 6}, {3, 5}], [{8, 1}, {4, 7}, {3, 6}, {2, 5}], [{8, 1}, {4, 7}, {5, 6}, {2, 3}], [{8, 1}, {4, 7}, {6}, {2, 5}, {3}], [{8, 1}, {4, 7}, {6}, {3, 5}, {2}], [{8, 1}, {4, 7}, {6}, {5}, {2, 3}], [{8, 1}, {5, 7}, {2, 6}, {3, 4}], [{8, 1}, {5, 7}, {3, 6}, {2, 4}], [{8, 1}, {5, 7}, {4, 6}, {2, 3}], [{8, 1}, {5, 7}, {6}, {4}, {2, 3}], [{8, 1}, {6, 7}, {2, 5}, {3, 4}], [{8, 1}, {6, 7}, {2, 5}, {4}, {3}], [{8, 1}, {6, 7}, {3, 5}, {2, 4}], [{8, 1}, {6, 7}, {3, 5}, {4}, {2}], [{8, 1}, {6, 7}, {4, 5}, {2, 3}], [{8, 1}, {6, 7}, {5}, {4}, {2, 3}], [{8, 1}, {7}, {2, 6}, {3, 5}, {4}], [{8, 1}, {7}, {3, 6}, {2, 5}, {4}], [{8, 1}, {7}, {4, 6}, {2, 5}, {3}], [{8, 1}, {7}, {4, 6}, {3, 5}, {2}], [{8, 1}, {7}, {4, 6}, {5}, {2, 3}], [{8, 1}, {7}, {5, 6}, {4}, {2, 3}], [{8, 1}, {7}, {6}, {2, 5}, {3, 4}], [{8, 1}, {7}, {6}, {2, 5}, {4}, {3}], [{8, 1}, {7}, {6}, {3, 5}, {2, 4}], [{8, 1}, {7}, {6}, {3, 5}, {4}, {2}], [{8, 1}, {7}, {6}, {4, 5}, {2, 3}], [{8, 1}, {7}, {6}, {5}, {4}, {2, 3}], [{8, 2}, {1, 7}, {3, 6}, {4, 5}], [{8, 2}, {1, 7}, {4, 6}, {3, 5}], [{8, 2}, {1, 7}, {5, 6}, {3, 4}], [{8, 2}, {1, 7}, {6}, {3, 5}, {4}], [{8, 2}, {3, 7}, {1, 6}, {4, 5}], [{8, 2}, {3, 7}, {4, 6}, {1, 5}], [{8, 2}, {3, 7}, {5, 6}, {1, 4}], [{8, 2}, {3, 7}, {6}, {1, 5}, {4}], [{8, 2}, {4, 7}, {1, 6}, {3, 5}], [{8, 2}, {4, 7}, {3, 6}, {1, 5}], [{8, 2}, {4, 7}, {5, 6}, {1, 3}], [{8, 2}, {4, 7}, {6}, {1, 5}, {3}], [{8, 2}, {4, 7}, {6}, {3, 5}, {1}], [{8, 2}, {4, 7}, {6}, {5}, {1, 3}], [{8, 2}, {5, 7}, {1, 6}, {3, 4}], [{8, 2}, {5, 7}, {3, 6}, {1, 4}], [{8, 2}, {5, 7}, {4, 6}, {1, 3}], [{8, 2}, {5, 7}, {6}, {4}, {1, 3}], [{8, 2}, {6, 7}, {1, 5}, {3, 4}], [{8, 2}, {6, 7}, {1, 5}, {4}, {3}], [{8, 2}, {6, 7}, {3, 5}, {1, 4}], [{8, 2}, {6, 7}, {3, 5}, {4}, {1}], [{8, 2}, {6, 7}, {4, 5}, {1, 3}], [{8, 2}, {6, 7}, {5}, {4}, {1, 3}], [{8, 2}, {7}, {1, 6}, {3, 5}, {4}], [{8, 2}, {7}, {3, 6}, {1, 5}, {4}], [{8, 2}, {7}, {4, 6}, {1, 5}, {3}], [{8, 2}, {7}, {4, 6}, {3, 5}, {1}], [{8, 2}, {7}, {4, 6}, {5}, {1, 3}], [{8, 2}, {7}, {5, 6}, {4}, {1, 3}], [{8, 2}, {7}, {6}, {1, 5}, {3, 4}], [{8, 2}, {7}, {6}, {1, 5}, {4}, {3}], [{8, 2}, {7}, {6}, {3, 5}, {1, 4}], [{8, 2}, {7}, {6}, {3, 5}, {4}, {1}], [{8, 2}, {7}, {6}, {4, 5}, {1, 3}], [{8, 2}, {7}, {6}, {5}, {4}, {1, 3}], [{8, 3}, {1, 7}, {2, 6}, {4, 5}], [{8, 3}, {1, 7}, {2, 6}, {5}, {4}], [{8, 3}, {1, 7}, {4, 6}, {2, 5}], [{8, 3}, {1, 7}, {5, 6}, {2, 4}], [{8, 3}, {1, 7}, {6}, {4, 5}, {2}], [{8, 3}, {2, 7}, {1, 6}, {4, 5}], [{8, 3}, {2, 7}, {1, 6}, {5}, {4}], [{8, 3}, {2, 7}, {4, 6}, {1, 5}], [{8, 3}, {2, 7}, {5, 6}, {1, 4}], [{8, 3}, {2, 7}, {6}, {4, 5}, {1}], [{8, 3}, {4, 7}, {1, 6}, {2, 5}], [{8, 3}, {4, 7}, {2, 6}, {1, 5}], [{8, 3}, {4, 7}, {5, 6}, {1, 2}], [{8, 3}, {4, 7}, {5, 6}, {2}, {1}], [{8, 3}, {5, 7}, {1, 6}, {2, 4}], [{8, 3}, {5, 7}, {2, 6}, {1, 4}], [{8, 3}, {5, 7}, {4, 6}, {1, 2}], [{8, 3}, {5, 7}, {4, 6}, {2}, {1}], [{8, 3}, {6, 7}, {1, 5}, {2, 4}], [{8, 3}, {6, 7}, {2, 5}, {1, 4}], [{8, 3}, {6, 7}, {4, 5}, {1, 2}], [{8, 3}, {6, 7}, {4, 5}, {2}, {1}], [{8, 3}, {7}, {1, 6}, {4, 5}, {2}], [{8, 3}, {7}, {2, 6}, {4, 5}, {1}], [{8, 3}, {7}, {6}, {1, 5}, {2, 4}], [{8, 3}, {7}, {6}, {2, 5}, {1, 4}], [{8, 3}, {7}, {6}, {4, 5}, {1, 2}], [{8, 3}, {7}, {6}, {4, 5}, {2}, {1}], [{8, 4}, {1, 7}, {2, 6}, {3, 5}], [{8, 4}, {1, 7}, {2, 6}, {5}, {3}], [{8, 4}, {1, 7}, {3, 6}, {2, 5}], [{8, 4}, {1, 7}, {5, 6}, {2, 3}], [{8, 4}, {1, 7}, {6}, {3, 5}, {2}], [{8, 4}, {2, 7}, {1, 6}, {3, 5}], [{8, 4}, {2, 7}, {1, 6}, {5}, {3}], [{8, 4}, {2, 7}, {3, 6}, {1, 5}], [{8, 4}, {2, 7}, {5, 6}, {1, 3}], [{8, 4}, {2, 7}, {6}, {3, 5}, {1}], [{8, 4}, {3, 7}, {1, 6}, {2, 5}], [{8, 4}, {3, 7}, {2, 6}, {1, 5}], [{8, 4}, {3, 7}, {5, 6}, {1, 2}], [{8, 4}, {3, 7}, {5, 6}, {2}, {1}], [{8, 4}, {5, 7}, {1, 6}, {2, 3}], [{8, 4}, {5, 7}, {2, 6}, {1, 3}], [{8, 4}, {5, 7}, {3, 6}, {1, 2}], [{8, 4}, {5, 7}, {3, 6}, {2}, {1}], [{8, 4}, {6, 7}, {1, 5}, {2, 3}], [{8, 4}, {6, 7}, {2, 5}, {1, 3}], [{8, 4}, {6, 7}, {3, 5}, {1, 2}], [{8, 4}, {6, 7}, {3, 5}, {2}, {1}], [{8, 4}, {7}, {1, 6}, {3, 5}, {2}], [{8, 4}, {7}, {2, 6}, {3, 5}, {1}], [{8, 4}, {7}, {6}, {1, 5}, {2, 3}], [{8, 4}, {7}, {6}, {2, 5}, {1, 3}], [{8, 4}, {7}, {6}, {3, 5}, {1, 2}], [{8, 4}, {7}, {6}, {3, 5}, {2}, {1}], [{8, 5}, {1, 7}, {2, 6}, {3, 4}], [{8, 5}, {1, 7}, {2, 6}, {4}, {3}], [{8, 5}, {1, 7}, {3, 6}, {2, 4}], [{8, 5}, {1, 7}, {4, 6}, {2, 3}], [{8, 5}, {1, 7}, {6}, {3, 4}, {2}], [{8, 5}, {2, 7}, {1, 6}, {3, 4}], [{8, 5}, {2, 7}, {1, 6}, {4}, {3}], [{8, 5}, {2, 7}, {3, 6}, {1, 4}], [{8, 5}, {2, 7}, {4, 6}, {1, 3}], [{8, 5}, {2, 7}, {6}, {3, 4}, {1}], [{8, 5}, {3, 7}, {1, 6}, {2, 4}], [{8, 5}, {3, 7}, {2, 6}, {1, 4}], [{8, 5}, {3, 7}, {4, 6}, {1, 2}], [{8, 5}, {3, 7}, {4, 6}, {2}, {1}], [{8, 5}, {4, 7}, {1, 6}, {2, 3}], [{8, 5}, {4, 7}, {2, 6}, {1, 3}], [{8, 5}, {4, 7}, {3, 6}, {1, 2}], [{8, 5}, {4, 7}, {3, 6}, {2}, {1}], [{8, 5}, {6, 7}, {1, 4}, {2, 3}], [{8, 5}, {6, 7}, {2, 4}, {1, 3}], [{8, 5}, {6, 7}, {3, 4}, {1, 2}], [{8, 5}, {6, 7}, {3, 4}, {2}, {1}], [{8, 5}, {7}, {1, 6}, {3, 4}, {2}], [{8, 5}, {7}, {2, 6}, {3, 4}, {1}], [{8, 5}, {7}, {6}, {1, 4}, {2, 3}], [{8, 5}, {7}, {6}, {2, 4}, {1, 3}], [{8, 5}, {7}, {6}, {3, 4}, {1, 2}], [{8, 5}, {7}, {6}, {3, 4}, {2}, {1}], [{8, 6}, {1, 7}, {2, 5}, {3, 4}], [{8, 6}, {1, 7}, {3, 5}, {2, 4}], [{8, 6}, {1, 7}, {3, 5}, {4}, {2}], [{8, 6}, {1, 7}, {4, 5}, {2, 3}], [{8, 6}, {2, 7}, {1, 5}, {3, 4}], [{8, 6}, {2, 7}, {3, 5}, {1, 4}], [{8, 6}, {2, 7}, {3, 5}, {4}, {1}], [{8, 6}, {2, 7}, {4, 5}, {1, 3}], [{8, 6}, {3, 7}, {1, 5}, {2, 4}], [{8, 6}, {3, 7}, {1, 5}, {4}, {2}], [{8, 6}, {3, 7}, {2, 5}, {1, 4}], [{8, 6}, {3, 7}, {2, 5}, {4}, {1}], [{8, 6}, {3, 7}, {4, 5}, {1, 2}], [{8, 6}, {3, 7}, {4, 5}, {2}, {1}], [{8, 6}, {3, 7}, {5}, {1, 4}, {2}], [{8, 6}, {3, 7}, {5}, {2, 4}, {1}], [{8, 6}, {3, 7}, {5}, {4}, {1, 2}], [{8, 6}, {3, 7}, {5}, {4}, {2}, {1}], [{8, 6}, {4, 7}, {1, 5}, {2, 3}], [{8, 6}, {4, 7}, {2, 5}, {1, 3}], [{8, 6}, {4, 7}, {3, 5}, {1, 2}], [{8, 6}, {4, 7}, {3, 5}, {2}, {1}], [{8, 6}, {5, 7}, {1, 4}, {2, 3}], [{8, 6}, {5, 7}, {1, 4}, {3}, {2}], [{8, 6}, {5, 7}, {2, 4}, {1, 3}], [{8, 6}, {5, 7}, {2, 4}, {3}, {1}], [{8, 6}, {5, 7}, {3, 4}, {1, 2}], [{8, 6}, {5, 7}, {3, 4}, {2}, {1}], [{8, 6}, {5, 7}, {4}, {1, 3}, {2}], [{8, 6}, {5, 7}, {4}, {2, 3}, {1}], [{8, 6}, {5, 7}, {4}, {3}, {1, 2}], [{8, 6}, {5, 7}, {4}, {3}, {2}, {1}], [{8, 6}, {7}, {3, 5}, {1, 4}, {2}], [{8, 6}, {7}, {3, 5}, {2, 4}, {1}], [{8, 6}, {7}, {3, 5}, {4}, {1, 2}], [{8, 6}, {7}, {3, 5}, {4}, {2}, {1}], [{8, 7}, {1, 6}, {2, 5}, {3, 4}], [{8, 7}, {1, 6}, {3, 5}, {2, 4}], [{8, 7}, {1, 6}, {3, 5}, {4}, {2}], [{8, 7}, {1, 6}, {4, 5}, {2, 3}], [{8, 7}, {2, 6}, {1, 5}, {3, 4}], [{8, 7}, {2, 6}, {3, 5}, {1, 4}], [{8, 7}, {2, 6}, {3, 5}, {4}, {1}], [{8, 7}, {2, 6}, {4, 5}, {1, 3}], [{8, 7}, {3, 6}, {1, 5}, {2, 4}], [{8, 7}, {3, 6}, {1, 5}, {4}, {2}], [{8, 7}, {3, 6}, {2, 5}, {1, 4}], [{8, 7}, {3, 6}, {2, 5}, {4}, {1}], [{8, 7}, {3, 6}, {4, 5}, {1, 2}], [{8, 7}, {3, 6}, {4, 5}, {2}, {1}], [{8, 7}, {3, 6}, {5}, {1, 4}, {2}], [{8, 7}, {3, 6}, {5}, {2, 4}, {1}], [{8, 7}, {3, 6}, {5}, {4}, {1, 2}], [{8, 7}, {3, 6}, {5}, {4}, {2}, {1}], [{8, 7}, {4, 6}, {1, 5}, {2, 3}], [{8, 7}, {4, 6}, {2, 5}, {1, 3}], [{8, 7}, {4, 6}, {3, 5}, {1, 2}], [{8, 7}, {4, 6}, {3, 5}, {2}, {1}], [{8, 7}, {5, 6}, {1, 4}, {2, 3}], [{8, 7}, {5, 6}, {1, 4}, {3}, {2}], [{8, 7}, {5, 6}, {2, 4}, {1, 3}], [{8, 7}, {5, 6}, {2, 4}, {3}, {1}], [{8, 7}, {5, 6}, {3, 4}, {1, 2}], [{8, 7}, {5, 6}, {3, 4}, {2}, {1}], [{8, 7}, {5, 6}, {4}, {1, 3}, {2}], [{8, 7}, {5, 6}, {4}, {2, 3}, {1}], [{8, 7}, {5, 6}, {4}, {3}, {1, 2}], [{8, 7}, {5, 6}, {4}, {3}, {2}, {1}], [{8, 7}, {6}, {3, 5}, {1, 4}, {2}], [{8, 7}, {6}, {3, 5}, {2, 4}, {1}], [{8, 7}, {6}, {3, 5}, {4}, {1, 2}], [{8, 7}, {6}, {3, 5}, {4}, {2}, {1}], [{8}, {1, 7}, {2, 6}, {3, 5}, {4}], [{8}, {1, 7}, {2, 6}, {4, 5}, {3}], [{8}, {1, 7}, {2, 6}, {5}, {3, 4}], [{8}, {1, 7}, {2, 6}, {5}, {4}, {3}], [{8}, {1, 7}, {3, 6}, {2, 5}, {4}], [{8}, {1, 7}, {4, 6}, {3, 5}, {2}], [{8}, {1, 7}, {5, 6}, {4}, {2, 3}], [{8}, {1, 7}, {6}, {3, 5}, {2, 4}], [{8}, {1, 7}, {6}, {3, 5}, {4}, {2}], [{8}, {2, 7}, {1, 6}, {3, 5}, {4}], [{8}, {2, 7}, {1, 6}, {4, 5}, {3}], [{8}, {2, 7}, {1, 6}, {5}, {3, 4}], [{8}, {2, 7}, {1, 6}, {5}, {4}, {3}], [{8}, {2, 7}, {3, 6}, {1, 5}, {4}], [{8}, {2, 7}, {4, 6}, {3, 5}, {1}], [{8}, {2, 7}, {5, 6}, {4}, {1, 3}], [{8}, {2, 7}, {6}, {3, 5}, {1, 4}], [{8}, {2, 7}, {6}, {3, 5}, {4}, {1}], [{8}, {3, 7}, {1, 6}, {2, 5}, {4}], [{8}, {3, 7}, {2, 6}, {1, 5}, {4}], [{8}, {4, 7}, {1, 6}, {3, 5}, {2}], [{8}, {4, 7}, {2, 6}, {3, 5}, {1}], [{8}, {4, 7}, {6}, {3, 5}, {1, 2}], [{8}, {4, 7}, {6}, {3, 5}, {2}, {1}], [{8}, {5, 7}, {1, 6}, {4}, {2, 3}], [{8}, {5, 7}, {2, 6}, {4}, {1, 3}], [{8}, {6, 7}, {3, 5}, {1, 4}, {2}], [{8}, {6, 7}, {3, 5}, {2, 4}, {1}], [{8}, {6, 7}, {3, 5}, {4}, {1, 2}], [{8}, {6, 7}, {3, 5}, {4}, {2}, {1}], [{8}, {7}, {1, 6}, {3, 5}, {2, 4}], [{8}, {7}, {1, 6}, {3, 5}, {4}, {2}], [{8}, {7}, {2, 6}, {3, 5}, {1, 4}], [{8}, {7}, {2, 6}, {3, 5}, {4}, {1}], [{8}, {7}, {4, 6}, {3, 5}, {1, 2}], [{8}, {7}, {4, 6}, {3, 5}, {2}, {1}], [{8}, {7}, {6}, {3, 5}, {1, 4}, {2}], [{8}, {7}, {6}, {3, 5}, {2, 4}, {1}], [{8}, {7}, {6}, {3, 5}, {4}, {1, 2}], [{8}, {7}, {6}, {3, 5}, {4}, {2}, {1}]]",2,- 14 K_1^2 + 7 K_2 + 8,O1O2O3O4U5U6O7U3O5O8U4U8U7U1O6U2,O1O2O3O4U3U5O6U2O7O5U4U6U8U1O8U7,O1O2O3O4U5O6U4U6U7U1O8O5U3O7U8U2,c,{'O1O2O3O4U3O5U4U6U7U1O7O8U2O6U5U8'},1,"<a href=""/flatknot/8.733736"">8.733736</a>",t^9-22t^7-30t^6+30t^5+58t^4+24t^3+8t^2,-t^2+2t,,
8.733737,O1O2O3O4U3O5U4U6U7U1O7O8U5O6U2U8,4,3z^3+26z^2+86z+93,3w^4z^3+26w^3z^2+86w^2z+93w,False,False,"[[ 0  0  0 -1  0  2 -1 -1  1],[ 0  0  0 -1  1  1  0  0  1],[ 0  0  0 -1  0  2 -1  0  1],[ 1  1  1  0  1  1  1  1  0],[ 0 -1  0 -1  0  1 -1  0  1],[-2 -1 -2 -1 -1  0 -2 -2  0],[ 1  0  1 -1  1  2  0  0  1],[ 1  0  0 -1  0  2  0  0  1],[-1 -1 -1  0 -1  0 -1 -1  0]]","[[ 0  2  1  0  0  0 -1 -1 -1],[-2  0  0 -1 -1 -2 -1 -2 -2],[-1  0  0 -1 -1 -1  0 -1 -1],[ 0  1  1  0  1  0 -1  0  0],[ 0  1  1 -1  0  0 -1  0 -1],[ 0  2  1  0  0  0 -1  0 -1],[ 1  1  0  1  1  1  0  1  1],[ 1  2  1  0  0  0 -1  0  0],[ 1  2  1  0  1  1 -1  0  0]]",True,"[-2,-1,0,0,0,1,1,1,0,1,1,2,1,2,2,1,1,1,0,1,1,-1,0,1,0,0,0,1,0,1,1,0,1,-1,-1,0]","[-2,-1,0,0,0,1,1,1,0,1,1,2,1,2,2,1,1,1,0,1,1,-1,0,1,0,0,0,1,0,1,1,0,1,-1,-1,0]",t^8+28t^6+48t^4+18t^2+1,"[-1,-1,-1,0,0,0,1,2,-1,-1,0,0,0,2,2,0,0,0,1,1,1,1,1,1,1,1,0,0,0,0,1,0,1,0,1,1]","[-2,-1,0,0,0,1,1,1,1,0,1,1,1,1,2,0,0,0,1,1,2,0,0,0,1,0,-1,0,1,0,1,1,0,0,-1,-1]","[-1,-1,-1,0,0,0,1,2,-1,0,0,0,0,1,2,1,1,1,1,0,1,0,1,1,1,2,0,1,1,1,0,1,2,1,1,0]",c,"[[{8, 1}, {2, 7}, {4, 6}, {3, 5}], [{8, 1}, {6, 7}, {3, 5}, {2, 4}]]",1,12 K_1^3 - 18 K_1^2 - 16 K_1 K_2 - K_1 + 9 K_2 + 5 K_3 + 10,O1O2O3O4U5U3O6U7O5O8U4U8U6U1O7U2,O1O2O3O4U3U5O6U2O7O5U4U7U8U1O8U6,O1O2O3O4U5O6U4U6U7U1O8O7U3O5U8U2,c,{'O1O2O3O4U3O5U4U6U7U1O7O8U5O6U2U8'},1,"<a href=""/flatknot/8.733737"">8.733737</a>",t^9-26t^7-46t^6+29t^5+66t^4-3t^3-16t^2+t-2,-t^2+2t,,
8.733738,O1O2O3O4U3O5U4U6U7U2O7O8U5O6U1U8,4,16z^2+93z+123,16w^3z^2+93w^2z+123w,False,False,"[[ 0 -1  1 -1  0  2 -1 -1  1],[ 1  0  1 -1  0  3 -1  0  1],[-1 -1  0 -1  1  1 -1 -1  0],[ 1  1  1  0  1  1  1  1  0],[ 0  0 -1 -1  0  1 -1  0  1],[-2 -3 -1 -1 -1  0 -2 -2  0],[ 1  1  1 -1  1  2  0  0  1],[ 1  0  1 -1  0  2  0  0  1],[-1 -1  0  0 -1  0 -1 -1  0]]","[[ 0  2  1  1  0 -1 -1 -1 -1],[-2  0  0 -1 -1 -1 -2 -2 -3],[-1  0  0  0 -1  0 -1 -1 -1],[-1  1  0  0  1 -1 -1 -1 -1],[ 0  1  1 -1  0 -1  0 -1  0],[ 1  1  0  1  1  0  1  1  1],[ 1  2  1  1  0 -1  0  0  0],[ 1  2  1  1  1 -1  0  0  1],[ 1  3  1  1  0 -1  0 -1  0]]",True,"[-2,-1,-1,0,1,1,1,1,0,1,1,1,2,2,3,0,1,0,1,1,1,-1,1,1,1,1,1,0,1,0,-1,-1,-1,0,0,-1]","[-2,-1,-1,0,1,1,1,1,0,1,1,0,1,1,2,0,2,1,1,1,1,0,1,1,1,2,1,0,1,0,-1,0,-1,0,-1,-1]",t^8+35t^6+106t^4+46t^2,"[-1,-1,-1,-1,0,1,1,2,-1,-1,-1,0,1,2,2,-1,0,0,1,1,1,0,1,1,1,0,1,1,1,1,2,0,1,0,0,1]","[-2,-1,-1,0,1,1,1,1,0,1,1,0,1,1,2,0,2,1,1,1,1,0,1,1,1,2,1,0,1,0,-1,0,-1,0,-1,-1]","[-1,-1,-1,-1,0,1,1,2,-1,-1,0,0,1,1,3,-1,0,1,1,1,2,1,1,0,1,1,0,1,1,2,1,-1,1,0,0,1]",c,"[[{8, 1}, {2, 7}, {3, 6}, {4, 5}], [{8, 1}, {2, 7}, {3, 6}, {5}, {4}], [{8, 1}, {2, 7}, {4, 6}, {3, 5}], [{8, 1}, {2, 7}, {4, 6}, {5}, {3}], [{8, 1}, {2, 7}, {5, 6}, {3, 4}], [{8, 1}, {2, 7}, {5, 6}, {4}, {3}], [{8, 1}, {2, 7}, {6}, {3, 5}, {4}], [{8, 1}, {2, 7}, {6}, {4, 5}, {3}], [{8, 1}, {2, 7}, {6}, {5}, {3, 4}], [{8, 1}, {2, 7}, {6}, {5}, {4}, {3}], [{8, 1}, {3, 7}, {2, 6}, {4, 5}], [{8, 1}, {3, 7}, {4, 6}, {2, 5}], [{8, 1}, {3, 7}, {5, 6}, {2, 4}], [{8, 1}, {4, 7}, {2, 6}, {3, 5}], [{8, 1}, {4, 7}, {3, 6}, {2, 5}], [{8, 1}, {4, 7}, {5, 6}, {2, 3}], [{8, 1}, {5, 7}, {2, 6}, {3, 4}], [{8, 1}, {5, 7}, {3, 6}, {2, 4}], [{8, 1}, {5, 7}, {4, 6}, {2, 3}], [{8, 1}, {6, 7}, {2, 5}, {3, 4}], [{8, 1}, {6, 7}, {3, 5}, {2, 4}], [{8, 1}, {6, 7}, {4, 5}, {2, 3}], [{8, 1}, {6, 7}, {5}, {3, 4}, {2}], [{8, 1}, {7}, {2, 6}, {5}, {3, 4}], [{8, 2}, {1, 7}, {3, 6}, {4, 5}], [{8, 2}, {1, 7}, {4, 6}, {3, 5}], [{8, 2}, {1, 7}, {5, 6}, {3, 4}], [{8, 2}, {1, 7}, {6}, {5}, {3, 4}], [{8, 2}, {3, 7}, {1, 6}, {4, 5}], [{8, 2}, {3, 7}, {1, 6}, {5}, {4}], [{8, 2}, {3, 7}, {4, 6}, {1, 5}], [{8, 2}, {3, 7}, {5, 6}, {1, 4}], [{8, 2}, {4, 7}, {1, 6}, {3, 5}], [{8, 2}, {4, 7}, {3, 6}, {1, 5}], [{8, 2}, {4, 7}, {5, 6}, {1, 3}], [{8, 2}, {5, 7}, {1, 6}, {3, 4}], [{8, 2}, {5, 7}, {1, 6}, {4}, {3}], [{8, 2}, {5, 7}, {3, 6}, {1, 4}], [{8, 2}, {5, 7}, {4, 6}, {1, 3}], [{8, 2}, {6, 7}, {1, 5}, {3, 4}], [{8, 2}, {6, 7}, {1, 5}, {4}, {3}], [{8, 2}, {6, 7}, {3, 5}, {1, 4}], [{8, 2}, {6, 7}, {4, 5}, {1, 3}], [{8, 2}, {7}, {1, 6}, {3, 5}, {4}], [{8, 2}, {7}, {3, 6}, {4, 5}, {1}], [{8, 2}, {7}, {4, 6}, {3, 5}, {1}], [{8, 2}, {7}, {5, 6}, {3, 4}, {1}], [{8, 2}, {7}, {6}, {3, 5}, {1, 4}], [{8, 3}, {1, 7}, {2, 6}, {4, 5}], [{8, 3}, {1, 7}, {4, 6}, {2, 5}], [{8, 3}, {1, 7}, {5, 6}, {2, 4}], [{8, 3}, {2, 7}, {1, 6}, {4, 5}], [{8, 3}, {2, 7}, {4, 6}, {1, 5}], [{8, 3}, {2, 7}, {5, 6}, {1, 4}], [{8, 3}, {4, 7}, {1, 6}, {2, 5}], [{8, 3}, {4, 7}, {2, 6}, {1, 5}], [{8, 3}, {4, 7}, {5, 6}, {1, 2}], [{8, 3}, {4, 7}, {6}, {2, 5}, {1}], [{8, 3}, {5, 7}, {1, 6}, {2, 4}], [{8, 3}, {5, 7}, {2, 6}, {1, 4}], [{8, 3}, {5, 7}, {4, 6}, {1, 2}], [{8, 3}, {6, 7}, {1, 5}, {2, 4}], [{8, 3}, {6, 7}, {2, 5}, {1, 4}], [{8, 3}, {6, 7}, {4, 5}, {1, 2}], [{8, 3}, {6, 7}, {4, 5}, {2}, {1}], [{8, 3}, {7}, {1, 6}, {5}, {2, 4}], [{8, 3}, {7}, {5, 6}, {2, 4}, {1}], [{8, 3}, {7}, {6}, {1, 5}, {2, 4}], [{8, 3}, {7}, {6}, {4, 5}, {1, 2}], [{8, 4}, {1, 7}, {2, 6}, {3, 5}], [{8, 4}, {1, 7}, {3, 6}, {2, 5}], [{8, 4}, {1, 7}, {5, 6}, {2, 3}], [{8, 4}, {1, 7}, {5, 6}, {3}, {2}], [{8, 4}, {2, 7}, {1, 6}, {3, 5}], [{8, 4}, {2, 7}, {3, 6}, {1, 5}], [{8, 4}, {2, 7}, {3, 6}, {5}, {1}], [{8, 4}, {2, 7}, {5, 6}, {1, 3}], [{8, 4}, {2, 7}, {5, 6}, {3}, {1}], [{8, 4}, {2, 7}, {6}, {3, 5}, {1}], [{8, 4}, {3, 7}, {1, 6}, {2, 5}], [{8, 4}, {3, 7}, {2, 6}, {1, 5}], [{8, 4}, {3, 7}, {2, 6}, {5}, {1}], [{8, 4}, {3, 7}, {5, 6}, {1, 2}], [{8, 4}, {3, 7}, {5, 6}, {2}, {1}], [{8, 4}, {3, 7}, {6}, {2, 5}, {1}], [{8, 4}, {5, 7}, {1, 6}, {2, 3}], [{8, 4}, {5, 7}, {2, 6}, {1, 3}], [{8, 4}, {5, 7}, {3, 6}, {1, 2}], [{8, 4}, {5, 7}, {6}, {3}, {1, 2}], [{8, 4}, {6, 7}, {1, 5}, {2, 3}], [{8, 4}, {6, 7}, {2, 5}, {1, 3}], [{8, 4}, {6, 7}, {3, 5}, {1, 2}], [{8, 4}, {6, 7}, {5}, {3}, {1, 2}], [{8, 4}, {7}, {1, 6}, {5}, {2, 3}], [{8, 4}, {7}, {5, 6}, {1, 3}, {2}], [{8, 4}, {7}, {5, 6}, {2, 3}, {1}], [{8, 4}, {7}, {5, 6}, {3}, {1, 2}], [{8, 4}, {7}, {5, 6}, {3}, {2}, {1}], [{8, 4}, {7}, {6}, {1, 5}, {2, 3}], [{8, 5}, {1, 7}, {2, 6}, {3, 4}], [{8, 5}, {1, 7}, {3, 6}, {2, 4}], [{8, 5}, {1, 7}, {4, 6}, {2, 3}], [{8, 5}, {1, 7}, {6}, {4}, {2, 3}], [{8, 5}, {2, 7}, {1, 6}, {3, 4}], [{8, 5}, {2, 7}, {3, 6}, {1, 4}], [{8, 5}, {2, 7}, {4, 6}, {1, 3}], [{8, 5}, {2, 7}, {6}, {3, 4}, {1}], [{8, 5}, {3, 7}, {1, 6}, {2, 4}], [{8, 5}, {3, 7}, {2, 6}, {1, 4}], [{8, 5}, {3, 7}, {2, 6}, {4}, {1}], [{8, 5}, {3, 7}, {4, 6}, {1, 2}], [{8, 5}, {4, 7}, {1, 6}, {2, 3}], [{8, 5}, {4, 7}, {1, 6}, {3}, {2}], [{8, 5}, {4, 7}, {2, 6}, {1, 3}], [{8, 5}, {4, 7}, {3, 6}, {1, 2}], [{8, 5}, {6, 7}, {1, 4}, {2, 3}], [{8, 5}, {6, 7}, {2, 4}, {1, 3}], [{8, 5}, {6, 7}, {3, 4}, {1, 2}], [{8, 5}, {6, 7}, {4}, {2, 3}, {1}], [{8, 5}, {7}, {1, 6}, {4}, {2, 3}], [{8, 5}, {7}, {3, 6}, {2, 4}, {1}], [{8, 5}, {7}, {4, 6}, {3}, {1, 2}], [{8, 6}, {1, 7}, {2, 5}, {3, 4}], [{8, 6}, {1, 7}, {3, 5}, {2, 4}], [{8, 6}, {1, 7}, {4, 5}, {2, 3}], [{8, 6}, {2, 7}, {1, 5}, {3, 4}], [{8, 6}, {2, 7}, {3, 5}, {1, 4}], [{8, 6}, {2, 7}, {4, 5}, {1, 3}], [{8, 6}, {2, 7}, {4, 5}, {3}, {1}], [{8, 6}, {3, 7}, {1, 5}, {2, 4}], [{8, 6}, {3, 7}, {2, 5}, {1, 4}], [{8, 6}, {3, 7}, {4, 5}, {1, 2}], [{8, 6}, {3, 7}, {5}, {4}, {1, 2}], [{8, 6}, {4, 7}, {1, 5}, {2, 3}], [{8, 6}, {4, 7}, {2, 5}, {1, 3}], [{8, 6}, {4, 7}, {3, 5}, {1, 2}], [{8, 6}, {5, 7}, {1, 4}, {2, 3}], [{8, 6}, {5, 7}, {2, 4}, {1, 3}], [{8, 6}, {5, 7}, {3, 4}, {1, 2}], [{8, 6}, {5, 7}, {4}, {3}, {1, 2}], [{8, 6}, {7}, {1, 5}, {3, 4}, {2}], [{8, 6}, {7}, {2, 5}, {4}, {1, 3}], [{8, 6}, {7}, {3, 5}, {1, 4}, {2}], [{8, 6}, {7}, {3, 5}, {2, 4}, {1}], [{8, 6}, {7}, {3, 5}, {4}, {1, 2}], [{8, 7}, {1, 6}, {2, 5}, {3, 4}], [{8, 7}, {1, 6}, {3, 5}, {2, 4}], [{8, 7}, {1, 6}, {4, 5}, {2, 3}], [{8, 7}, {2, 6}, {1, 5}, {3, 4}], [{8, 7}, {2, 6}, {3, 5}, {1, 4}], [{8, 7}, {2, 6}, {4, 5}, {1, 3}], [{8, 7}, {3, 6}, {1, 5}, {2, 4}], [{8, 7}, {3, 6}, {2, 5}, {1, 4}], [{8, 7}, {3, 6}, {4, 5}, {1, 2}], [{8, 7}, {3, 6}, {5}, {4}, {1, 2}], [{8, 7}, {4, 6}, {1, 5}, {2, 3}], [{8, 7}, {4, 6}, {2, 5}, {1, 3}], [{8, 7}, {4, 6}, {3, 5}, {1, 2}], [{8, 7}, {4, 6}, {5}, {3}, {1, 2}], [{8, 7}, {5, 6}, {1, 4}, {2, 3}], [{8, 7}, {5, 6}, {2, 4}, {1, 3}], [{8, 7}, {5, 6}, {3, 4}, {1, 2}], [{8, 7}, {5, 6}, {4}, {3}, {1, 2}], [{8, 7}, {6}, {1, 5}, {2, 4}, {3}], [{8, 7}, {6}, {2, 5}, {4}, {1, 3}], [{8, 7}, {6}, {3, 5}, {1, 4}, {2}], [{8, 7}, {6}, {3, 5}, {2, 4}, {1}], [{8, 7}, {6}, {3, 5}, {4}, {1, 2}], [{8, 7}, {6}, {4, 5}, {1, 3}, {2}], [{8, 7}, {6}, {4, 5}, {2, 3}, {1}], [{8, 7}, {6}, {4, 5}, {3}, {1, 2}], [{8, 7}, {6}, {5}, {2, 4}, {1, 3}], [{8, 7}, {6}, {5}, {3, 4}, {1, 2}], [{8}, {1, 7}, {2, 6}, {4, 5}, {3}], [{8}, {2, 7}, {1, 6}, {4, 5}, {3}], [{8}, {2, 7}, {3, 6}, {5}, {1, 4}], [{8}, {2, 7}, {5, 6}, {1, 4}, {3}], [{8}, {2, 7}, {6}, {1, 5}, {3, 4}], [{8}, {2, 7}, {6}, {3, 5}, {1, 4}], [{8}, {3, 7}, {1, 6}, {4, 5}, {2}], [{8}, {3, 7}, {2, 6}, {4, 5}, {1}], [{8}, {3, 7}, {6}, {1, 5}, {2, 4}], [{8}, {3, 7}, {6}, {4, 5}, {1, 2}], [{8}, {4, 7}, {5, 6}, {3}, {1, 2}], [{8}, {5, 7}, {4, 6}, {3}, {1, 2}], [{8}, {6, 7}, {2, 5}, {1, 4}, {3}], [{8}, {6, 7}, {2, 5}, {3, 4}, {1}], [{8}, {6, 7}, {2, 5}, {4}, {1, 3}], [{8}, {6, 7}, {3, 5}, {1, 4}, {2}], [{8}, {6, 7}, {3, 5}, {2, 4}, {1}], [{8}, {6, 7}, {3, 5}, {4}, {1, 2}], [{8}, {6, 7}, {5}, {1, 4}, {2, 3}], [{8}, {7}, {1, 6}, {4, 5}, {2, 3}], [{8}, {7}, {2, 6}, {3, 5}, {1, 4}], [{8}, {7}, {2, 6}, {4, 5}, {1, 3}], [{8}, {7}, {6}, {3, 5}, {1, 4}, {2}]]",2,4 K_1^3 - 18 K_1^2 - 16 K_1 K_2 + 5 K_1 + 9 K_2 + 7 K_3 + 10,O1O2O3O4U5U4O6U7O5O8U3U8U6U1O7U2,O1O2O3O4U3U5O6U2O7O5U7U4U8U1O8U6,O1O2O3O4U5O6U4U6U1U7O8O7U3O5U8U2,c,{'O1O2O3O4U3O5U4U6U7U2O7O8U5O6U1U8'},1,"<a href=""/flatknot/8.733738"">8.733738</a>",t^9-33t^7-74t^6-9t^5+62t^4+10t^3-12t^2+5t-2,-t^2+2t,,
8.733739,O1O2O3O4U3O5U4U6U7U8O7O8U1O6U2U5,3,17z^2+74z+81,17w^3z^2+74w^2z+81w,False,False,"[[ 0 -1  0 -1  0  3 -1 -1  1],[ 1  0  0 -1  1  2  1  0  2],[ 0  0  0 -1  1  2  0 -1  1],[ 1  1  1  0  1  1  1  1  1],[ 0 -1 -1 -1  0  1  0  0  0],[-3 -2 -2 -1 -1  0 -3 -4 -2],[ 1 -1  0 -1  0  3  0  1  1],[ 1  0  1 -1  0  4 -1  0  1],[-1 -2 -1 -1  0  2 -1 -1  0]]","[[ 0  3  1  0  0 -1 -1 -1 -1],[-3  0 -2 -1 -2 -1 -2 -3 -4],[-1  2  0  0 -1 -1 -2 -1 -1],[ 0  1  0  0 -1 -1 -1  0  0],[ 0  2  1  1  0 -1  0  0 -1],[ 1  1  1  1  1  0  1  1  1],[ 1  2  2  1  0 -1  0  1  0],[ 1  3  1  0  0 -1 -1  0  1],[ 1  4  1  0  1 -1  0 -1  0]]",True,"[-3,-1,0,0,1,1,1,1,2,1,2,1,2,3,4,0,1,1,2,1,1,1,1,1,0,0,1,0,0,1,-1,-1,-1,-1,0,-1]","[-3,-1,0,0,1,1,1,1,0,1,2,0,1,2,3,0,1,1,1,0,1,1,0,1,1,0,1,1,0,0,-1,0,-1,-1,-1,-1]",t^8+57t^6+275t^4+81t^2,"[-1,-1,-1,-1,0,0,1,3,-1,-1,-1,0,0,1,3,-1,0,0,1,0,2,-1,1,1,1,1,1,0,1,0,1,1,2,0,1,0]","[-3,-1,0,0,1,1,1,1,0,1,2,0,1,2,3,0,1,1,1,0,1,1,0,1,1,0,1,1,0,0,-1,0,-1,-1,-1,-1]","[-1,-1,-1,-1,0,0,1,3,-1,-1,0,0,1,1,4,-1,-1,0,0,1,3,1,1,1,1,1,1,0,2,2,-1,0,1,1,2,2]",c,"[[{8, 7}, {1, 6}, {3, 5}, {2, 4}], [{8, 7}, {2, 6}, {1, 5}, {3, 4}], [{8, 7}, {2, 6}, {5}, {3, 4}, {1}], [{8, 7}, {3, 6}, {1, 5}, {2, 4}], [{8, 7}, {3, 6}, {5}, {2, 4}, {1}], [{8, 7}, {5, 6}, {2, 4}, {1, 3}]]",1,24 K_1^3 + 4 K_1^2 K_2 - 24 K_1^2 - 26 K_1 K_2 - 4 K_1 K_3 - 5 K_1 + 12 K_2 + 7 K_3 + K_4 + 12,O1O2O3O4U5U3O6U4O7O8U7U8U6U1O5U2,O1O2O3O4U3U4O5U2O6O7U5U6U8U1O8U7,O1O2O3O4U5O6U4U6U7U8O5O7U3O8U1U2,c,{'O1O2O3O4U3O5U4U6U7U8O7O8U1O6U2U5'},1,"<a href=""/flatknot/8.733739"">8.733739</a>",t^9-51t^7-166t^6-43t^5+322t^4+185t^3-196t^2-116t+16,-t^3+3t,,
8.733740,O1O2O3O4U3O5U4U6U7U8O7O8U1O6U5U2,4,6z^3+45z^2+112z+93,6w^4z^3+45w^3z^2+112w^2z+93w,False,False,"[[ 0 -1  1 -1  0  2 -1 -1  1],[ 1  0  1 -1  1  1  1  0  2],[-1 -1  0 -1  0  1 -1 -2  0],[ 1  1  1  0  1  1  1  1  1],[ 0 -1  0 -1  0  1  0  0  0],[-2 -1 -1 -1 -1  0 -2 -3 -1],[ 1 -1  1 -1  0  2  0  1  1],[ 1  0  2 -1  0  3 -1  0  1],[-1 -2  0 -1  0  1 -1 -1  0]]","[[ 0  2  1  1  0 -1 -1 -1 -1],[-2  0 -1 -1 -1 -1 -1 -2 -3],[-1  1  0  0  0 -1 -1 -1 -2],[-1  1  0  0  0 -1 -2 -1 -1],[ 0  1  0  0  0 -1 -1  0  0],[ 1  1  1  1  1  0  1  1  1],[ 1  1  1  2  1 -1  0  1  0],[ 1  2  1  1  0 -1 -1  0  1],[ 1  3  2  1  0 -1  0 -1  0]]",True,"[-2,-1,-1,0,1,1,1,1,1,1,1,1,1,2,3,0,0,1,1,1,2,0,1,2,1,1,1,1,0,0,-1,-1,-1,-1,0,-1]","[-2,-1,-1,0,1,1,1,1,0,0,1,0,1,2,2,0,1,0,1,1,1,1,1,1,0,1,1,1,0,0,-1,0,-1,-1,-1,-1]",t^8+39t^6+156t^4+61t^2+1,"[-1,-1,-1,-1,0,1,1,2,-1,-1,-1,0,1,1,2,-1,0,0,0,1,2,-1,1,1,1,1,1,1,0,0,1,1,1,0,0,0]","[-2,-1,-1,0,1,1,1,1,0,0,1,0,1,2,2,0,1,0,1,1,1,1,1,1,0,1,1,1,0,0,-1,0,-1,-1,-1,-1]","[-1,-1,-1,-1,0,1,1,2,-1,-1,0,0,1,2,3,-1,-1,0,1,1,2,1,1,1,1,1,1,2,1,1,0,0,1,0,1,1]",c,"[[{8, 7}, {3, 6}, {1, 5}, {2, 4}]]",1,4 K_1^3 - 14 K_1^2 - 4 K_1 K_2 - K_1 + 7 K_2 + K_3 + 8,O1O2O3O4U3U5O6U4O7O8U7U8U6U1O5U2,O1O2O3O4U3U4O5U2O6O7U5U7U8U1O8U6,O1O2O3O4U5O6U4U6U7U8O7O5U3O8U1U2,c,{'O1O2O3O4U3O5U4U6U7U8O7O8U1O6U5U2'},1,"<a href=""/flatknot/8.733740"">8.733740</a>",t^9-37t^7-104t^6-17t^5+186t^4+183t^3+46t^2-6t-4,-t^2+2t,,
8.733741,O1O2O3O4U3O5U4U6U7U8O7O8U2O6U1U5,4,2z^3+29z^2+108z+117,2w^4z^3+29w^3z^2+108w^2z+117w,False,False,"[[ 0 -1  0 -1  0  3 -1 -1  1],[ 1  0  1 -1  1  3  0  0  2],[ 0 -1  0 -1  1  1  0 -1  1],[ 1  1  1  0  1  1  1  1  1],[ 0 -1 -1 -1  0  1  0  0  0],[-3 -3 -1 -1 -1  0 -3 -4 -2],[ 1  0  0 -1  0  3  0  1  1],[ 1  0  1 -1  0  4 -1  0  1],[-1 -2 -1 -1  0  2 -1 -1  0]]","[[ 0  3  1  0  0 -1 -1 -1 -1],[-3  0 -2 -1 -1 -1 -3 -3 -4],[-1  2  0  0 -1 -1 -1 -2 -1],[ 0  1  0  0 -1 -1  0 -1  0],[ 0  1  1  1  0 -1  0 -1 -1],[ 1  1  1  1  1  0  1  1  1],[ 1  3  1  0  0 -1  0  0  1],[ 1  3  2  1  1 -1  0  0  0],[ 1  4  1  0  1 -1 -1  0  0]]",True,"[-3,-1,0,0,1,1,1,1,2,1,1,1,3,3,4,0,1,1,1,2,1,1,1,0,1,0,1,0,1,1,-1,-1,-1,0,-1,0]","[-3,-1,0,0,1,1,1,1,0,2,2,0,1,1,3,0,1,1,0,1,1,1,0,0,1,0,1,0,1,0,0,-1,-1,0,-1,-1]",t^8+59t^6+257t^4+51t^2,"[-1,-1,-1,-1,0,0,1,3,-1,-1,-1,0,0,1,3,-1,0,1,1,1,1,0,0,1,1,0,0,0,0,1,-1,0,2,1,2,0]","[-3,-1,0,0,1,1,1,1,0,2,2,0,1,1,3,0,1,1,0,1,1,1,0,0,1,0,1,0,1,0,0,-1,-1,0,-1,-1]","[-1,-1,-1,-1,0,0,1,3,-1,-1,0,0,1,1,4,-1,0,0,0,1,3,1,1,1,1,1,1,1,2,3,-1,0,1,1,1,2]",c,"[[{8, 7}, {1, 6}, {2, 5}, {3, 4}], [{8, 7}, {2, 6}, {3, 5}, {1, 4}], [{8, 7}, {6}, {3, 5}, {1, 4}, {2}]]",1,16 K_1^3 + 4 K_1^2 K_2 - 24 K_1^2 - 22 K_1 K_2 - 4 K_1 K_3 - K_1 + 12 K_2 + 7 K_3 + K_4 + 12,O1O2O3O4U5U4O6U3O7O8U7U8U6U1O5U2,O1O2O3O4U3U4O5U2O6O7U6U5U8U1O8U7,O1O2O3O4U5O6U4U6U7U8O5O8U3O7U1U2,c,{'O1O2O3O4U3O5U4U6U7U8O7O8U2O6U1U5'},1,"<a href=""/flatknot/8.733741"">8.733741</a>",t^9-53t^7-156t^6-23t^5+268t^4+223t^3+118t^2+84t+30,-t^3+3t,,
8.733742,O1O2O3O4U3O5U4U6U7U8O7O8U5O6U1U2,4,3z^3+31z^2+99z+99,3w^4z^3+31w^3z^2+99w^2z+99w,False,False,"[[ 0 -1  1 -1  0  2 -1 -1  1],[ 1  0  1 -1  0  2  0  0  2],[-1 -1  0 -1  0  2 -2 -2  0],[ 1  1  1  0  1  1  1  1  1],[ 0  0  0 -1  0  1 -1  0  0],[-2 -2 -2 -1 -1  0 -2 -3 -1],[ 1  0  2 -1  1  2  0  1  1],[ 1  0  2 -1  0  3 -1  0  1],[-1 -2  0 -1  0  1 -1 -1  0]]","[[ 0  2  1  1  0 -1 -1 -1 -1],[-2  0 -1 -2 -1 -1 -2 -2 -3],[-1  1  0  0  0 -1 -1 -2 -1],[-1  2  0  0  0 -1 -2 -1 -2],[ 0  1  0  0  0 -1 -1  0  0],[ 1  1  1  1  1  0  1  1  1],[ 1  2  1  2  1 -1  0  0  1],[ 1  2  2  1  0 -1  0  0  0],[ 1  3  1  2  0 -1 -1  0  0]]",True,"[-2,-1,-1,0,1,1,1,1,1,2,1,1,2,2,3,0,0,1,1,2,1,0,1,2,1,2,1,1,0,0,-1,-1,-1,0,-1,0]","[-2,-1,-1,0,1,1,1,1,-1,0,1,0,1,1,2,0,1,0,0,1,1,1,1,1,0,1,1,0,1,0,-1,0,-1,0,-1,-1]",t^8+47t^6+131t^4+81t^2+4,"[-1,-1,-1,-1,0,1,1,2,-1,-1,-1,0,1,1,2,-1,0,0,0,1,1,0,1,0,1,0,1,1,0,1,1,1,1,0,-1,0]","[-2,-1,-1,0,1,1,1,1,-1,0,1,0,1,1,2,0,1,0,0,1,1,1,1,1,0,1,1,0,1,0,-1,0,-1,0,-1,-1]","[-1,-1,-1,-1,0,1,1,2,-1,-1,0,0,1,2,3,-1,0,1,1,2,2,1,1,1,1,1,0,2,1,2,0,0,1,0,1,2]",c,"[[{8, 1}, {2, 7}, {3, 6}, {4, 5}], [{8, 1}, {2, 7}, {4, 6}, {3, 5}], [{8, 1}, {2, 7}, {5, 6}, {3, 4}], [{8, 1}, {6, 7}, {3, 5}, {2, 4}], [{8, 4}, {6, 7}, {3, 5}, {1, 2}], [{8, 7}, {1, 6}, {3, 5}, {2, 4}], [{8, 7}, {3, 6}, {4, 5}, {1, 2}], [{8, 7}, {4, 6}, {3, 5}, {1, 2}], [{8, 7}, {5, 6}, {3, 4}, {1, 2}], [{8, 7}, {6}, {5}, {3, 4}, {1, 2}]]",1,- 8 K_1^4 + 16 K_1^3 + 12 K_1^2 K_2 - 24 K_1^2 - 16 K_1 K_2 - 6 K_1 K_3 - 4 K_1 + 13 K_2 + 4 K_3 + K_4 + 13,O1O2O3O4U3U4O5U6O7O8U7U8U5U1O6U2,O1O2O3O4U3U4O5U2O6O7U6U7U8U1O8U5,O1O2O3O4U5O6U4U6U7U8O7O8U3O5U1U2,c,{'O1O2O3O4U3O5U4U6U7U8O7O8U5O6U1U2'},1,"<a href=""/flatknot/8.733742"">8.733742</a>",t^9-45t^7-132t^6-6t^5+272t^4+195t^3-36t^2-25t+16,-t^2+2t,,
8.733743,O1O2O3O4U3O5U4U6U7U1O8O7U5O6U8U2,4,3z^3+30z^2+106z+117,3w^4z^3+30w^3z^2+106w^2z+117w,False,False,"[[ 0  0  1 -1  0  2 -1  0 -1],[ 0  0  0 -1  1  1  0  0 -1],[-1  0  0 -1  0  1 -1  0 -1],[ 1  1  1  0  1  1  1  1  0],[ 0 -1  0 -1  0  1 -1  0  1],[-2 -1 -1 -1 -1  0 -2 -2 -1],[ 1  0  1 -1  1  2  0  1  0],[ 0  0  0 -1  0  2 -1  0 -1],[ 1  1  1  0 -1  1  0  1  0]]","[[ 0  2  1  0  0  0 -1 -1 -1],[-2  0 -1 -1 -1 -2 -1 -1 -2],[-1  1  0  0  0  0 -1 -1 -1],[ 0  1  0  0  1  0 -1 -1  0],[ 0  1  0 -1  0  0  1 -1 -1],[ 0  2  0  0  0  0 -1 -1 -1],[ 1  1  1  1 -1  1  0  0  0],[ 1  1  1  1  1  1  0  0  1],[ 1  2  1  0  1  1  0 -1  0]]",True,"[-2,-1,0,0,0,1,1,1,1,1,1,2,1,1,2,0,0,0,1,1,1,-1,0,1,1,0,0,-1,1,1,1,1,1,0,0,-1]","[-2,-1,0,0,0,1,1,1,0,0,1,1,1,2,2,1,1,1,1,1,1,0,0,0,0,0,-1,0,0,2,1,0,0,-1,0,0]",t^8+26t^6+95t^4+24t^2+1,"[-1,-1,-1,0,0,0,1,2,-1,0,0,0,0,1,2,0,0,0,1,1,1,0,2,0,1,2,0,0,1,0,1,1,1,1,1,0]","[-2,-1,0,0,0,1,1,1,0,0,1,1,1,2,2,1,1,1,1,1,1,0,0,0,0,0,-1,0,0,2,1,0,0,-1,0,0]","[-1,-1,-1,0,0,0,1,2,-1,0,0,1,1,1,2,0,1,1,1,1,1,1,-1,1,1,1,1,0,0,1,0,0,1,0,2,1]",c,"[[{8, 1}, {2, 7}, {4, 6}, {3, 5}], [{8, 1}, {6, 7}, {3, 5}, {2, 4}]]",1,16 K_1^3 - 26 K_1^2 - 16 K_1 K_2 - 4 K_1 + 13 K_2 + 4 K_3 + 14,O1O2O3O4U3U5O6U7O8O5U4U8U6U1O7U2,O1O2O3O4U5U3O6U2O5O7U4U7U8U1O8U6,O1O2O3O4U5O6U4U6U7U1O7O8U3O5U2U8,c,{'O1O2O3O4U3O5U4U6U7U1O8O7U5O6U8U2'},1,"<a href=""/flatknot/8.733743"">8.733743</a>",t^9-24t^7-50t^6-10t^5+20t^4+18t^3+16t^2+2t-2,-t^2+2t,,
8.733744,O1O2O3O4U3O5U4U6U7U1O8O7U8O6U2U5,4,15z^2+84z+109,15w^3z^2+84w^2z+109w,False,False,"[[ 0  0  0 -1  0  3 -1  0 -1],[ 0  0 -1 -1  1  1  1  0 -1],[ 0  1  0 -1  1  2  0  1 -1],[ 1  1  1  0  1  1  1  1  0],[ 0 -1 -1 -1  0  1  0  0  0],[-3 -1 -2 -1 -1  0 -3 -2 -1],[ 1 -1  0 -1  0  3  0  0  0],[ 0  0 -1 -1  0  2  0  0 -1],[ 1  1  1  0  0  1  0  1  0]]","[[ 0  3  0  0  0  0 -1 -1 -1],[-3  0 -1 -1 -2 -2 -1 -1 -3],[ 0  1  0  1  0 -1 -1 -1  1],[ 0  1 -1  0  0 -1  0 -1  0],[ 0  2  0  0  0 -1 -1 -1  0],[ 0  2  1  1  1  0 -1 -1  0],[ 1  1  1  0  1  1  0  0  0],[ 1  1  1  1  1  1  0  0  1],[ 1  3 -1  0  0  0  0 -1  0]]",True,"[-3,0,0,0,0,1,1,1,1,1,2,2,1,1,3,-1,0,1,1,1,-1,0,1,0,1,0,1,1,1,0,1,1,0,0,0,-1]","[-3,0,0,0,0,1,1,1,1,1,2,2,1,1,3,-1,0,1,1,1,-1,0,1,0,1,0,1,1,1,0,1,1,0,0,0,-1]",t^8+34t^6+149t^4+62t^2+1,"[-1,-1,-1,0,0,0,0,3,-1,0,0,0,0,0,3,0,1,1,1,2,1,0,0,1,0,3,-1,-1,-1,1,0,0,1,1,2,2]","[-3,0,0,0,0,1,1,1,1,1,2,2,1,3,3,-1,0,0,1,0,0,1,1,1,0,0,-1,1,0,1,2,0,0,-1,0,0]","[-1,-1,-1,0,0,0,0,3,-1,0,-1,0,0,0,3,0,1,1,1,1,1,1,0,1,1,1,1,-1,0,1,-1,0,1,1,2,2]",c,"[[{8, 1}, {5, 7}, {2, 6}, {3, 4}]]",1,16 K_1^3 + 4 K_1^2 K_2 - 36 K_1^2 - 22 K_1 K_2 - 4 K_1 K_3 - K_1 + 18 K_2 + 7 K_3 + K_4 + 18,O1O2O3O4U5U3O6U7O8O7U4U8U6U1O5U2,O1O2O3O4U5U3O5U2O6O7U4U6U8U1O8U7,O1O2O3O4U5O6U4U6U7U1O5O7U3O8U2U8,c,{'O1O2O3O4U3O5U4U6U7U1O8O7U8O6U2U5'},1,"<a href=""/flatknot/8.733744"">8.733744</a>",t^9-28t^7-70t^6-15t^5+44t^4+7t^3+36t^2+27t+4,-t^3+3t,,
8.733745,O1O2O3O4U3O5U4U6U7U1O8O7U8O6U5U2,4,6z^3+40z^2+107z+103,6w^4z^3+40w^3z^2+107w^2z+103w,False,False,"[[ 0  0  1 -1  0  2 -1  0 -1],[ 0  0  0 -1  1  0  1  0 -1],[-1  0  0 -1  0  1 -1  0 -1],[ 1  1  1  0  1  1  1  1  0],[ 0 -1  0 -1  0  1  0  0  0],[-2  0 -1 -1 -1  0 -2 -1 -1],[ 1 -1  1 -1  0  2  0  0  0],[ 0  0  0 -1  0  1  0  0 -1],[ 1  1  1  0  0  1  0  1  0]]","[[ 0  2  1  0  0  0 -1 -1 -1],[-2  0 -1  0 -1 -1 -1 -1 -2],[-1  1  0  0  0  0 -1 -1 -1],[ 0  0  0  0  1  0 -1 -1  1],[ 0  1  0 -1  0  0  0 -1  0],[ 0  1  0  0  0  0 -1 -1  0],[ 1  1  1  1  0  1  0  0  0],[ 1  1  1  1  1  1  0  0  1],[ 1  2  1 -1  0  0  0 -1  0]]",True,"[-2,-1,0,0,0,1,1,1,1,0,1,1,1,1,2,0,0,0,1,1,1,-1,0,1,1,-1,0,0,1,0,1,1,0,0,0,-1]","[-2,-1,0,0,0,1,1,1,0,1,1,2,1,2,2,1,1,1,1,1,1,0,-1,1,0,1,0,1,0,0,2,0,0,-1,0,0]",t^8+20t^6+72t^4+18t^2+1,"[-1,-1,-1,0,0,0,1,2,-1,0,0,0,0,1,2,0,1,1,2,1,1,0,1,0,1,2,0,0,1,1,1,1,1,1,2,0]","[-2,-1,0,0,0,1,1,1,0,1,1,2,1,2,2,1,1,1,1,1,1,0,-1,1,0,1,0,1,0,0,2,0,0,-1,0,0]","[-1,-1,-1,0,0,0,1,2,-1,0,-1,0,0,1,2,0,1,1,1,1,1,1,0,1,1,1,1,0,0,0,0,0,1,0,1,1]",c,"[[{8, 1}, {2, 7}, {3, 6}, {4, 5}], [{8, 1}, {2, 7}, {4, 6}, {3, 5}], [{8, 1}, {2, 7}, {5, 6}, {3, 4}], [{8, 1}, {2, 7}, {6}, {3, 5}, {4}], [{8, 1}, {3, 7}, {2, 6}, {4, 5}], [{8, 1}, {3, 7}, {2, 6}, {5}, {4}], [{8, 1}, {3, 7}, {4, 6}, {2, 5}], [{8, 1}, {3, 7}, {5, 6}, {2, 4}], [{8, 1}, {4, 7}, {2, 6}, {3, 5}], [{8, 1}, {4, 7}, {2, 6}, {5}, {3}], [{8, 1}, {4, 7}, {3, 6}, {2, 5}], [{8, 1}, {4, 7}, {5, 6}, {2, 3}], [{8, 1}, {4, 7}, {6}, {3, 5}, {2}], [{8, 1}, {5, 7}, {2, 6}, {3, 4}], [{8, 1}, {5, 7}, {2, 6}, {4}, {3}], [{8, 1}, {5, 7}, {3, 6}, {2, 4}], [{8, 1}, {5, 7}, {4, 6}, {2, 3}], [{8, 1}, {6, 7}, {2, 5}, {3, 4}], [{8, 1}, {6, 7}, {3, 5}, {2, 4}], [{8, 1}, {6, 7}, {3, 5}, {4}, {2}], [{8, 1}, {6, 7}, {4, 5}, {2, 3}], [{8, 1}, {7}, {2, 6}, {3, 5}, {4}], [{8, 1}, {7}, {2, 6}, {4, 5}, {3}], [{8, 1}, {7}, {2, 6}, {5}, {3, 4}], [{8, 1}, {7}, {2, 6}, {5}, {4}, {3}], [{8, 1}, {7}, {3, 6}, {2, 5}, {4}], [{8, 1}, {7}, {4, 6}, {3, 5}, {2}], [{8, 1}, {7}, {5, 6}, {4}, {2, 3}], [{8, 1}, {7}, {6}, {3, 5}, {2, 4}], [{8, 1}, {7}, {6}, {3, 5}, {4}, {2}], [{8, 2}, {1, 7}, {3, 6}, {4, 5}], [{8, 2}, {1, 7}, {3, 6}, {5}, {4}], [{8, 2}, {1, 7}, {4, 6}, {3, 5}], [{8, 2}, {1, 7}, {5, 6}, {3, 4}], [{8, 2}, {1, 7}, {5, 6}, {4}, {3}], [{8, 2}, {1, 7}, {6}, {3, 5}, {4}], [{8, 2}, {3, 7}, {1, 6}, {4, 5}], [{8, 2}, {3, 7}, {1, 6}, {5}, {4}], [{8, 2}, {3, 7}, {4, 6}, {1, 5}], [{8, 2}, {3, 7}, {5, 6}, {1, 4}], [{8, 2}, {3, 7}, {6}, {4, 5}, {1}], [{8, 2}, {4, 7}, {1, 6}, {3, 5}], [{8, 2}, {4, 7}, {3, 6}, {1, 5}], [{8, 2}, {4, 7}, {3, 6}, {5}, {1}], [{8, 2}, {4, 7}, {5, 6}, {1, 3}], [{8, 2}, {4, 7}, {5, 6}, {3}, {1}], [{8, 2}, {4, 7}, {6}, {3, 5}, {1}], [{8, 2}, {5, 7}, {1, 6}, {3, 4}], [{8, 2}, {5, 7}, {3, 6}, {1, 4}], [{8, 2}, {5, 7}, {4, 6}, {1, 3}], [{8, 2}, {5, 7}, {4, 6}, {3}, {1}], [{8, 2}, {6, 7}, {1, 5}, {3, 4}], [{8, 2}, {6, 7}, {3, 5}, {1, 4}], [{8, 2}, {6, 7}, {4, 5}, {1, 3}], [{8, 2}, {7}, {3, 6}, {5}, {1, 4}], [{8, 2}, {7}, {5, 6}, {1, 4}, {3}], [{8, 2}, {7}, {6}, {3, 5}, {1, 4}], [{8, 3}, {1, 7}, {2, 6}, {4, 5}], [{8, 3}, {1, 7}, {2, 6}, {5}, {4}], [{8, 3}, {1, 7}, {4, 6}, {2, 5}], [{8, 3}, {1, 7}, {5, 6}, {2, 4}], [{8, 3}, {2, 7}, {1, 6}, {4, 5}], [{8, 3}, {2, 7}, {4, 6}, {1, 5}], [{8, 3}, {2, 7}, {5, 6}, {1, 4}], [{8, 3}, {2, 7}, {6}, {4, 5}, {1}], [{8, 3}, {4, 7}, {1, 6}, {2, 5}], [{8, 3}, {4, 7}, {2, 6}, {1, 5}], [{8, 3}, {4, 7}, {5, 6}, {1, 2}], [{8, 3}, {4, 7}, {6}, {2, 5}, {1}], [{8, 3}, {5, 7}, {1, 6}, {2, 4}], [{8, 3}, {5, 7}, {2, 6}, {1, 4}], [{8, 3}, {5, 7}, {2, 6}, {4}, {1}], [{8, 3}, {5, 7}, {4, 6}, {1, 2}], [{8, 3}, {6, 7}, {1, 5}, {2, 4}], [{8, 3}, {6, 7}, {2, 5}, {1, 4}], [{8, 3}, {6, 7}, {4, 5}, {1, 2}], [{8, 3}, {7}, {2, 6}, {1, 5}, {4}], [{8, 3}, {7}, {5, 6}, {2, 4}, {1}], [{8, 4}, {1, 7}, {2, 6}, {3, 5}], [{8, 4}, {1, 7}, {3, 6}, {2, 5}], [{8, 4}, {1, 7}, {5, 6}, {2, 3}], [{8, 4}, {1, 7}, {6}, {3, 5}, {2}], [{8, 4}, {2, 7}, {1, 6}, {3, 5}], [{8, 4}, {2, 7}, {3, 6}, {1, 5}], [{8, 4}, {2, 7}, {3, 6}, {5}, {1}], [{8, 4}, {2, 7}, {5, 6}, {1, 3}], [{8, 4}, {2, 7}, {5, 6}, {3}, {1}], [{8, 4}, {2, 7}, {6}, {3, 5}, {1}], [{8, 4}, {3, 7}, {1, 6}, {2, 5}], [{8, 4}, {3, 7}, {2, 6}, {1, 5}], [{8, 4}, {3, 7}, {5, 6}, {1, 2}], [{8, 4}, {3, 7}, {6}, {2, 5}, {1}], [{8, 4}, {5, 7}, {1, 6}, {2, 3}], [{8, 4}, {5, 7}, {2, 6}, {1, 3}], [{8, 4}, {5, 7}, {3, 6}, {1, 2}], [{8, 4}, {5, 7}, {3, 6}, {2}, {1}], [{8, 4}, {6, 7}, {1, 5}, {2, 3}], [{8, 4}, {6, 7}, {1, 5}, {3}, {2}], [{8, 4}, {6, 7}, {2, 5}, {1, 3}], [{8, 4}, {6, 7}, {2, 5}, {3}, {1}], [{8, 4}, {6, 7}, {3, 5}, {1, 2}], [{8, 4}, {6, 7}, {5}, {3}, {1, 2}], [{8, 4}, {7}, {3, 6}, {2, 5}, {1}], [{8, 4}, {7}, {6}, {3, 5}, {1, 2}], [{8, 5}, {1, 7}, {2, 6}, {3, 4}], [{8, 5}, {1, 7}, {2, 6}, {4}, {3}], [{8, 5}, {1, 7}, {3, 6}, {2, 4}], [{8, 5}, {1, 7}, {4, 6}, {2, 3}], [{8, 5}, {2, 7}, {1, 6}, {3, 4}], [{8, 5}, {2, 7}, {3, 6}, {1, 4}], [{8, 5}, {2, 7}, {4, 6}, {1, 3}], [{8, 5}, {3, 7}, {1, 6}, {2, 4}], [{8, 5}, {3, 7}, {2, 6}, {1, 4}], [{8, 5}, {3, 7}, {2, 6}, {4}, {1}], [{8, 5}, {3, 7}, {4, 6}, {1, 2}], [{8, 5}, {4, 7}, {1, 6}, {2, 3}], [{8, 5}, {4, 7}, {2, 6}, {1, 3}], [{8, 5}, {4, 7}, {3, 6}, {1, 2}], [{8, 5}, {6, 7}, {1, 4}, {2, 3}], [{8, 5}, {6, 7}, {2, 4}, {1, 3}], [{8, 5}, {6, 7}, {3, 4}, {1, 2}], [{8, 5}, {7}, {1, 6}, {2, 4}, {3}], [{8, 5}, {7}, {1, 6}, {3, 4}, {2}], [{8, 5}, {7}, {1, 6}, {4}, {2, 3}], [{8, 5}, {7}, {2, 6}, {4}, {1, 3}], [{8, 5}, {7}, {3, 6}, {1, 4}, {2}], [{8, 6}, {1, 7}, {2, 5}, {3, 4}], [{8, 6}, {1, 7}, {3, 5}, {2, 4}], [{8, 6}, {1, 7}, {3, 5}, {4}, {2}], [{8, 6}, {1, 7}, {4, 5}, {2, 3}], [{8, 6}, {2, 7}, {1, 5}, {3, 4}], [{8, 6}, {2, 7}, {3, 5}, {1, 4}], [{8, 6}, {2, 7}, {4, 5}, {1, 3}], [{8, 6}, {2, 7}, {5}, {1, 4}, {3}], [{8, 6}, {2, 7}, {5}, {3, 4}, {1}], [{8, 6}, {2, 7}, {5}, {4}, {1, 3}], [{8, 6}, {3, 7}, {1, 5}, {2, 4}], [{8, 6}, {3, 7}, {2, 5}, {1, 4}], [{8, 6}, {3, 7}, {4, 5}, {1, 2}], [{8, 6}, {4, 7}, {1, 5}, {2, 3}], [{8, 6}, {4, 7}, {1, 5}, {3}, {2}], [{8, 6}, {4, 7}, {2, 5}, {1, 3}], [{8, 6}, {4, 7}, {3, 5}, {1, 2}], [{8, 6}, {5, 7}, {1, 4}, {2, 3}], [{8, 6}, {5, 7}, {2, 4}, {1, 3}], [{8, 6}, {5, 7}, {3, 4}, {1, 2}], [{8, 6}, {5, 7}, {3, 4}, {2}, {1}], [{8, 6}, {7}, {1, 5}, {4}, {2, 3}], [{8, 6}, {7}, {2, 5}, {3, 4}, {1}], [{8, 6}, {7}, {4, 5}, {3}, {1, 2}], [{8, 7}, {1, 6}, {2, 5}, {3, 4}], [{8, 7}, {1, 6}, {3, 5}, {2, 4}], [{8, 7}, {1, 6}, {3, 5}, {4}, {2}], [{8, 7}, {1, 6}, {4, 5}, {2, 3}], [{8, 7}, {2, 6}, {1, 5}, {3, 4}], [{8, 7}, {2, 6}, {1, 5}, {4}, {3}], [{8, 7}, {2, 6}, {3, 5}, {1, 4}], [{8, 7}, {2, 6}, {3, 5}, {4}, {1}], [{8, 7}, {2, 6}, {4, 5}, {1, 3}], [{8, 7}, {2, 6}, {5}, {4}, {1, 3}], [{8, 7}, {3, 6}, {1, 5}, {2, 4}], [{8, 7}, {3, 6}, {2, 5}, {1, 4}], [{8, 7}, {3, 6}, {4, 5}, {1, 2}], [{8, 7}, {3, 6}, {5}, {2, 4}, {1}], [{8, 7}, {4, 6}, {1, 5}, {2, 3}], [{8, 7}, {4, 6}, {2, 5}, {1, 3}], [{8, 7}, {4, 6}, {3, 5}, {1, 2}], [{8, 7}, {4, 6}, {3, 5}, {2}, {1}], [{8, 7}, {5, 6}, {1, 4}, {2, 3}], [{8, 7}, {5, 6}, {2, 4}, {1, 3}], [{8, 7}, {5, 6}, {2, 4}, {3}, {1}], [{8, 7}, {5, 6}, {3, 4}, {1, 2}], [{8, 7}, {6}, {3, 5}, {1, 4}, {2}], [{8, 7}, {6}, {3, 5}, {2, 4}, {1}], [{8, 7}, {6}, {3, 5}, {4}, {1, 2}], [{8, 7}, {6}, {3, 5}, {4}, {2}, {1}], [{8}, {1, 7}, {2, 6}, {3, 5}, {4}], [{8}, {1, 7}, {4, 6}, {3, 5}, {2}], [{8}, {1, 7}, {6}, {3, 5}, {2, 4}], [{8}, {1, 7}, {6}, {3, 5}, {4}, {2}], [{8}, {2, 7}, {3, 6}, {1, 5}, {4}], [{8}, {2, 7}, {4, 6}, {1, 5}, {3}], [{8}, {2, 7}, {6}, {1, 5}, {3, 4}], [{8}, {2, 7}, {6}, {3, 5}, {1, 4}], [{8}, {3, 7}, {1, 6}, {4, 5}, {2}], [{8}, {3, 7}, {2, 6}, {1, 5}, {4}], [{8}, {3, 7}, {5, 6}, {1, 4}, {2}], [{8}, {3, 7}, {5, 6}, {2, 4}, {1}], [{8}, {3, 7}, {5, 6}, {4}, {1, 2}], [{8}, {4, 7}, {5, 6}, {1, 3}, {2}], [{8}, {4, 7}, {6}, {1, 5}, {2, 3}], [{8}, {4, 7}, {6}, {3, 5}, {1, 2}], [{8}, {5, 7}, {2, 6}, {4}, {1, 3}], [{8}, {6, 7}, {4, 5}, {1, 3}, {2}], [{8}, {7}, {3, 6}, {2, 5}, {1, 4}]]",2,4 K_1^3 - 14 K_1^2 - 4 K_1 K_2 - K_1 + 7 K_2 + K_3 + 8,O1O2O3O4U3U5O6U7O8O7U4U8U6U1O5U2,O1O2O3O4U5U3O5U2O6O7U4U7U8U1O8U6,O1O2O3O4U5O6U4U6U7U1O7O5U3O8U2U8,c,{'O1O2O3O4U3O5U4U6U7U1O8O7U8O6U5U2'},1,"<a href=""/flatknot/8.733745"">8.733745</a>",t^9-18t^7-22t^6+11t^5-20t^4+10t^3+16t^2,-t^2+2t,,
8.733746,O1O2O3O4U3O5U4U6U7U2O8O7U1O6U5U8,4,z^3+19z^2+85z+103,w^4z^3+19w^3z^2+85w^2z+103w,False,False,"[[ 0 -1  1 -1  0  2 -1  0  0],[ 1  0  1 -1  1  2  0  0  0],[-1 -1  0 -1  1  0  0 -1 -1],[ 1  1  1  0  1  1  1  1  0],[ 0 -1 -1 -1  0  1  0  0  1],[-2 -2  0 -1 -1  0 -2 -2 -1],[ 1  0  0 -1  0  2  0  1  1],[ 0  0  1 -1  0  2 -1  0  0],[ 0  0  1  0 -1  1 -1  0  0]]","[[ 0  2  1  0  0  0 -1 -1 -1],[-2  0  0 -1 -1 -2 -1 -2 -2],[-1  0  0  1 -1 -1 -1  0 -1],[ 0  1 -1  0  1  0 -1  0 -1],[ 0  1  1 -1  0  0  0 -1  0],[ 0  2  1  0  0  0 -1 -1  0],[ 1  1  1  1  0  1  0  1  1],[ 1  2  0  0  1  1 -1  0  0],[ 1  2  1  1  0  0 -1  0  0]]",True,"[-2,-1,0,0,0,1,1,1,0,1,1,2,1,2,2,-1,1,1,1,0,1,-1,0,1,0,1,0,0,1,0,1,1,0,-1,-1,0]","[-2,-1,0,0,0,1,1,1,0,1,1,2,1,2,2,-1,1,1,1,0,1,-1,0,1,0,1,0,0,1,0,1,1,0,-1,-1,0]",t^8+28t^6+137t^4+19t^2,"[-1,-1,-1,0,0,0,1,2,-1,-1,0,0,1,1,2,0,0,1,0,2,1,1,0,1,1,1,0,0,0,0,-1,2,1,0,1,1]","[-2,-1,0,0,0,1,1,1,1,0,1,1,1,1,2,0,0,2,1,2,1,0,0,1,0,0,-1,1,0,1,0,1,0,0,-1,-1]","[-1,-1,-1,0,0,0,1,2,-1,0,0,0,1,1,2,1,0,1,1,1,1,1,1,0,0,2,0,-1,1,1,0,1,2,-1,1,0]",c,"[[{8, 2}, {4, 7}, {1, 6}, {3, 5}], [{8, 2}, {4, 7}, {6}, {3, 5}, {1}]]",1,8 K_1^3 - 18 K_1^2 - 8 K_1 K_2 - 2 K_1 + 9 K_2 + 2 K_3 + 10,O1O2O3O4U5U6O7U4O8O5U3U8U7U1O6U2,O1O2O3O4U5U3O6U2O7O5U6U4U8U1O8U7,O1O2O3O4U5O6U4U6U1U7O8O5U3O7U2U8,c,{'O1O2O3O4U3O5U4U6U7U2O8O7U1O6U5U8'},1,"<a href=""/flatknot/8.733746"">8.733746</a>",t^9-26t^7-50t^6+54t^5+144t^4-15t^3-76t^2-6t+4,-t^2+2t,,
8.733747,O1O2O3O4U3O5U4U6U7U2O8O7U1O6U8U5,4,3z^3+27z^2+101z+119,3w^4z^3+27w^3z^2+101w^2z+119w,False,False,"[[ 0 -1  1 -1  0  3 -1  0 -1],[ 1  0  1 -1  1  3  0  0 -1],[-1 -1  0 -1  1  0  0 -1 -2],[ 1  1  1  0  1  1  1  1  0],[ 0 -1 -1 -1  0  1  0  0  0],[-3 -3  0 -1 -1  0 -2 -2 -2],[ 1  0  0 -1  0  2  0  1  0],[ 0  0  1 -1  0  2 -1  0 -1],[ 1  1  2  0  0  2  0  1  0]]","[[ 0  3  1  0  0 -1 -1 -1 -1],[-3  0  0 -1 -2 -1 -2 -2 -3],[-1  0  0  1 -1 -1  0 -2 -1],[ 0  1 -1  0  0 -1  0  0 -1],[ 0  2  1  0  0 -1 -1 -1  0],[ 1  1  1  1  1  0  1  0  1],[ 1  2  0  0  1 -1  0  0  0],[ 1  2  2  0  1  0  0  0  1],[ 1  3  1  1  0 -1  0 -1  0]]",True,"[-3,-1,0,0,1,1,1,1,0,1,2,1,2,2,3,-1,1,1,0,2,1,0,1,0,0,1,1,1,1,0,-1,0,-1,0,0,-1]","[-3,-1,0,0,1,1,1,1,0,1,2,1,2,2,3,-1,1,1,0,2,1,0,1,0,0,1,1,1,1,0,-1,0,-1,0,0,-1]",t^8+39t^6+193t^4+86t^2+1,"[-1,-1,-1,-1,0,0,1,3,-1,-1,0,0,0,1,3,0,0,0,1,2,2,1,1,0,1,1,0,1,0,2,0,0,1,2,2,2]","[-3,-1,0,0,1,1,1,1,2,1,2,1,2,2,3,0,2,1,0,2,1,0,1,0,0,0,0,1,1,0,-1,0,-1,0,0,-1]","[-1,-1,-1,-1,0,0,1,3,-1,-1,0,0,1,1,3,0,0,1,0,2,2,1,1,1,1,1,1,0,0,2,0,1,2,-1,1,0]",c,"[[{8, 4}, {2, 7}, {3, 6}, {1, 5}], [{8, 4}, {7}, {3, 6}, {1, 5}, {2}]]",1,- 8 K_1^4 + 12 K_1^3 + 8 K_1^2 K_2 - 22 K_1^2 - 18 K_1 K_2 - 2 K_1 K_3 + 12 K_2 + 6 K_3 + 13,O1O2O3O4U5U6O7U4O8O6U3U8U7U1O5U2,O1O2O3O4U5U3O6U2O5O7U6U4U8U1O8U7,O1O2O3O4U5O6U4U6U1U7O5O8U3O7U2U8,c,{'O1O2O3O4U3O5U4U6U7U2O8O7U1O6U8U5'},1,"<a href=""/flatknot/8.733747"">8.733747</a>",t^9-33t^7-76t^6+65t^5+214t^4-50t^3-78t^2+78t-82,-t^3+3t,,
8.733748,O1O2O3O4U3O5U4U6U7U2O8O7U5O6U1U8,4,3z^3+30z^2+106z+117,3w^4z^3+30w^3z^2+106w^2z+117w,False,False,"[[ 0 -1  1 -1  0  2 -1  0  0],[ 1  0  1 -1  0  3 -1  0  0],[-1 -1  0 -1  1  1 -1 -1 -1],[ 1  1  1  0  1  1  1  1  0],[ 0  0 -1 -1  0  1 -1  0  1],[-2 -3 -1 -1 -1  0 -2 -2 -1],[ 1  1  1 -1  1  2  0  1  1],[ 0  0  1 -1  0  2 -1  0  0],[ 0  0  1  0 -1  1 -1  0  0]]","[[ 0  2  1  0  0  0 -1 -1 -1],[-2  0 -1 -1 -1 -2 -1 -2 -3],[-1  1  0  1 -1 -1 -1 -1 -1],[ 0  1 -1  0  1  0 -1 -1  0],[ 0  1  1 -1  0  0  0 -1  0],[ 0  2  1  0  0  0 -1 -1  0],[ 1  1  1  1  0  1  0  1  1],[ 1  2  1  1  1  1 -1  0  1],[ 1  3  1  0  0  0 -1 -1  0]]",True,"[-2,-1,0,0,0,1,1,1,1,1,1,2,1,2,3,-1,1,1,1,1,1,-1,0,1,1,0,0,0,1,0,1,1,0,-1,-1,-1]","[-2,-1,0,0,0,1,1,1,0,0,1,1,0,1,2,0,0,2,1,1,1,0,0,1,0,0,-1,1,0,1,1,0,0,-1,-1,-1]",t^8+36t^6+146t^4+48t^2+1,"[-1,-1,-1,0,0,0,1,2,-1,-1,0,0,1,1,2,-1,0,0,0,1,1,1,1,1,1,0,0,-1,2,1,0,0,0,0,1,0]","[-2,-1,0,0,0,1,1,1,0,0,1,1,0,1,2,0,0,2,1,1,1,0,0,1,0,0,-1,1,0,1,1,0,0,-1,-1,-1]","[-1,-1,-1,0,0,0,1,2,-1,-1,0,0,0,1,3,-1,1,1,1,1,2,0,1,1,1,1,-1,0,1,1,0,-1,1,1,2,1]",c,"[[{8, 1}, {2, 7}, {3, 6}, {4, 5}], [{8, 1}, {2, 7}, {4, 6}, {3, 5}], [{8, 1}, {2, 7}, {5, 6}, {3, 4}], [{8, 1}, {3, 7}, {2, 6}, {4, 5}], [{8, 1}, {3, 7}, {4, 6}, {2, 5}], [{8, 1}, {3, 7}, {5, 6}, {2, 4}], [{8, 1}, {3, 7}, {6}, {4, 5}, {2}], [{8, 1}, {4, 7}, {2, 6}, {3, 5}], [{8, 1}, {4, 7}, {3, 6}, {2, 5}], [{8, 1}, {4, 7}, {5, 6}, {2, 3}], [{8, 1}, {4, 7}, {6}, {2, 5}, {3}], [{8, 1}, {5, 7}, {2, 6}, {3, 4}], [{8, 1}, {5, 7}, {2, 6}, {4}, {3}], [{8, 1}, {5, 7}, {3, 6}, {2, 4}], [{8, 1}, {5, 7}, {4, 6}, {2, 3}], [{8, 1}, {5, 7}, {4, 6}, {3}, {2}], [{8, 1}, {5, 7}, {6}, {2, 4}, {3}], [{8, 1}, {6, 7}, {2, 5}, {3, 4}], [{8, 1}, {6, 7}, {3, 5}, {2, 4}], [{8, 1}, {6, 7}, {3, 5}, {4}, {2}], [{8, 1}, {6, 7}, {4, 5}, {2, 3}], [{8, 1}, {6, 7}, {5}, {2, 4}, {3}], [{8, 1}, {7}, {5, 6}, {2, 4}, {3}], [{8, 2}, {1, 7}, {3, 6}, {4, 5}], [{8, 2}, {1, 7}, {4, 6}, {3, 5}], [{8, 2}, {1, 7}, {5, 6}, {3, 4}], [{8, 2}, {3, 7}, {1, 6}, {4, 5}], [{8, 2}, {3, 7}, {1, 6}, {5}, {4}], [{8, 2}, {3, 7}, {4, 6}, {1, 5}], [{8, 2}, {3, 7}, {5, 6}, {1, 4}], [{8, 2}, {4, 7}, {1, 6}, {3, 5}], [{8, 2}, {4, 7}, {3, 6}, {1, 5}], [{8, 2}, {4, 7}, {5, 6}, {1, 3}], [{8, 2}, {4, 7}, {6}, {1, 5}, {3}], [{8, 2}, {5, 7}, {1, 6}, {3, 4}], [{8, 2}, {5, 7}, {1, 6}, {4}, {3}], [{8, 2}, {5, 7}, {3, 6}, {1, 4}], [{8, 2}, {5, 7}, {4, 6}, {1, 3}], [{8, 2}, {6, 7}, {1, 5}, {3, 4}], [{8, 2}, {6, 7}, {3, 5}, {1, 4}], [{8, 2}, {6, 7}, {4, 5}, {1, 3}], [{8, 2}, {7}, {1, 6}, {3, 5}, {4}], [{8, 2}, {7}, {4, 6}, {3, 5}, {1}], [{8, 2}, {7}, {5, 6}, {4}, {1, 3}], [{8, 2}, {7}, {6}, {3, 5}, {1, 4}], [{8, 3}, {1, 7}, {2, 6}, {4, 5}], [{8, 3}, {1, 7}, {4, 6}, {2, 5}], [{8, 3}, {1, 7}, {5, 6}, {2, 4}], [{8, 3}, {1, 7}, {6}, {5}, {2, 4}], [{8, 3}, {2, 7}, {1, 6}, {4, 5}], [{8, 3}, {2, 7}, {4, 6}, {1, 5}], [{8, 3}, {2, 7}, {5, 6}, {1, 4}], [{8, 3}, {4, 7}, {1, 6}, {2, 5}], [{8, 3}, {4, 7}, {2, 6}, {1, 5}], [{8, 3}, {4, 7}, {5, 6}, {1, 2}], [{8, 3}, {5, 7}, {1, 6}, {2, 4}], [{8, 3}, {5, 7}, {2, 6}, {1, 4}], [{8, 3}, {5, 7}, {4, 6}, {1, 2}], [{8, 3}, {5, 7}, {6}, {2, 4}, {1}], [{8, 3}, {6, 7}, {1, 5}, {2, 4}], [{8, 3}, {6, 7}, {2, 5}, {1, 4}], [{8, 3}, {6, 7}, {4, 5}, {1, 2}], [{8, 3}, {6, 7}, {5}, {2, 4}, {1}], [{8, 3}, {7}, {1, 6}, {2, 5}, {4}], [{8, 3}, {7}, {1, 6}, {4, 5}, {2}], [{8, 3}, {7}, {1, 6}, {5}, {2, 4}], [{8, 3}, {7}, {5, 6}, {1, 4}, {2}], [{8, 3}, {7}, {5, 6}, {2, 4}, {1}], [{8, 3}, {7}, {5, 6}, {4}, {1, 2}], [{8, 3}, {7}, {6}, {1, 5}, {2, 4}], [{8, 3}, {7}, {6}, {5}, {2, 4}, {1}], [{8, 4}, {1, 7}, {2, 6}, {3, 5}], [{8, 4}, {1, 7}, {3, 6}, {2, 5}], [{8, 4}, {1, 7}, {5, 6}, {2, 3}], [{8, 4}, {2, 7}, {1, 6}, {3, 5}], [{8, 4}, {2, 7}, {3, 6}, {1, 5}], [{8, 4}, {2, 7}, {5, 6}, {1, 3}], [{8, 4}, {3, 7}, {1, 6}, {2, 5}], [{8, 4}, {3, 7}, {2, 6}, {1, 5}], [{8, 4}, {3, 7}, {5, 6}, {1, 2}], [{8, 4}, {5, 7}, {1, 6}, {2, 3}], [{8, 4}, {5, 7}, {2, 6}, {1, 3}], [{8, 4}, {5, 7}, {3, 6}, {1, 2}], [{8, 4}, {6, 7}, {1, 5}, {2, 3}], [{8, 4}, {6, 7}, {2, 5}, {1, 3}], [{8, 4}, {6, 7}, {3, 5}, {1, 2}], [{8, 4}, {6, 7}, {3, 5}, {2}, {1}], [{8, 4}, {6, 7}, {5}, {3}, {1, 2}], [{8, 4}, {7}, {5, 6}, {1, 3}, {2}], [{8, 5}, {1, 7}, {2, 6}, {3, 4}], [{8, 5}, {1, 7}, {3, 6}, {2, 4}], [{8, 5}, {1, 7}, {4, 6}, {2, 3}], [{8, 5}, {2, 7}, {1, 6}, {3, 4}], [{8, 5}, {2, 7}, {3, 6}, {1, 4}], [{8, 5}, {2, 7}, {4, 6}, {1, 3}], [{8, 5}, {3, 7}, {1, 6}, {2, 4}], [{8, 5}, {3, 7}, {2, 6}, {1, 4}], [{8, 5}, {3, 7}, {4, 6}, {1, 2}], [{8, 5}, {3, 7}, {6}, {4}, {1, 2}], [{8, 5}, {4, 7}, {1, 6}, {2, 3}], [{8, 5}, {4, 7}, {2, 6}, {1, 3}], [{8, 5}, {4, 7}, {3, 6}, {1, 2}], [{8, 5}, {4, 7}, {6}, {3}, {1, 2}], [{8, 5}, {6, 7}, {1, 4}, {2, 3}], [{8, 5}, {6, 7}, {2, 4}, {1, 3}], [{8, 5}, {6, 7}, {3, 4}, {1, 2}], [{8, 5}, {6, 7}, {4}, {3}, {1, 2}], [{8, 5}, {7}, {3, 6}, {1, 4}, {2}], [{8, 5}, {7}, {3, 6}, {2, 4}, {1}], [{8, 5}, {7}, {3, 6}, {4}, {1, 2}], [{8, 5}, {7}, {4, 6}, {3}, {1, 2}], [{8, 5}, {7}, {6}, {3, 4}, {1, 2}], [{8, 5}, {7}, {6}, {4}, {3}, {1, 2}], [{8, 6}, {1, 7}, {2, 5}, {3, 4}], [{8, 6}, {1, 7}, {3, 5}, {2, 4}], [{8, 6}, {1, 7}, {4, 5}, {2, 3}], [{8, 6}, {2, 7}, {1, 5}, {3, 4}], [{8, 6}, {2, 7}, {3, 5}, {1, 4}], [{8, 6}, {2, 7}, {4, 5}, {1, 3}], [{8, 6}, {2, 7}, {5}, {1, 4}, {3}], [{8, 6}, {3, 7}, {1, 5}, {2, 4}], [{8, 6}, {3, 7}, {2, 5}, {1, 4}], [{8, 6}, {3, 7}, {4, 5}, {1, 2}], [{8, 6}, {3, 7}, {5}, {1, 4}, {2}], [{8, 6}, {4, 7}, {1, 5}, {2, 3}], [{8, 6}, {4, 7}, {2, 5}, {1, 3}], [{8, 6}, {4, 7}, {3, 5}, {1, 2}], [{8, 6}, {5, 7}, {1, 4}, {2, 3}], [{8, 6}, {5, 7}, {1, 4}, {3}, {2}], [{8, 6}, {5, 7}, {2, 4}, {1, 3}], [{8, 6}, {5, 7}, {3, 4}, {1, 2}], [{8, 6}, {7}, {2, 5}, {1, 4}, {3}], [{8, 6}, {7}, {2, 5}, {3, 4}, {1}], [{8, 6}, {7}, {2, 5}, {4}, {1, 3}], [{8, 6}, {7}, {3, 5}, {1, 4}, {2}], [{8, 6}, {7}, {3, 5}, {2, 4}, {1}], [{8, 6}, {7}, {3, 5}, {4}, {1, 2}], [{8, 6}, {7}, {5}, {1, 4}, {2, 3}], [{8, 6}, {7}, {5}, {1, 4}, {3}, {2}], [{8, 7}, {1, 6}, {2, 5}, {3, 4}], [{8, 7}, {1, 6}, {3, 5}, {2, 4}], [{8, 7}, {1, 6}, {4, 5}, {2, 3}], [{8, 7}, {2, 6}, {1, 5}, {3, 4}], [{8, 7}, {2, 6}, {3, 5}, {1, 4}], [{8, 7}, {2, 6}, {4, 5}, {1, 3}], [{8, 7}, {3, 6}, {1, 5}, {2, 4}], [{8, 7}, {3, 6}, {2, 5}, {1, 4}], [{8, 7}, {3, 6}, {4, 5}, {1, 2}], [{8, 7}, {4, 6}, {1, 5}, {2, 3}], [{8, 7}, {4, 6}, {2, 5}, {1, 3}], [{8, 7}, {4, 6}, {3, 5}, {1, 2}], [{8, 7}, {5, 6}, {1, 4}, {2, 3}], [{8, 7}, {5, 6}, {2, 4}, {1, 3}], [{8, 7}, {5, 6}, {2, 4}, {3}, {1}], [{8, 7}, {5, 6}, {3, 4}, {1, 2}], [{8, 7}, {6}, {3, 5}, {1, 4}, {2}], [{8}, {1, 7}, {2, 6}, {4, 5}, {3}], [{8}, {1, 7}, {5, 6}, {2, 4}, {3}], [{8}, {2, 7}, {1, 6}, {4, 5}, {3}], [{8}, {2, 7}, {6}, {1, 5}, {3, 4}], [{8}, {2, 7}, {6}, {3, 5}, {1, 4}], [{8}, {3, 7}, {2, 6}, {4, 5}, {1}], [{8}, {3, 7}, {5, 6}, {2, 4}, {1}], [{8}, {5, 7}, {6}, {2, 4}, {1, 3}], [{8}, {6, 7}, {1, 5}, {3, 4}, {2}], [{8}, {6, 7}, {3, 5}, {1, 4}, {2}], [{8}, {6, 7}, {4, 5}, {3}, {1, 2}], [{8}, {6, 7}, {5}, {2, 4}, {1, 3}], [{8}, {7}, {2, 6}, {1, 5}, {3, 4}], [{8}, {7}, {2, 6}, {3, 5}, {1, 4}], [{8}, {7}, {2, 6}, {4, 5}, {1, 3}], [{8}, {7}, {5, 6}, {2, 4}, {1, 3}], [{8}, {7}, {5, 6}, {2, 4}, {3}, {1}], [{8}, {7}, {6}, {3, 5}, {1, 4}, {2}]]",2,12 K_1^3 - 22 K_1^2 - 12 K_1 K_2 - 3 K_1 + 11 K_2 + 3 K_3 + 12,O1O2O3O4U5U4O6U7O8O5U3U8U6U1O7U2,O1O2O3O4U5U3O6U2O7O5U7U4U8U1O8U6,O1O2O3O4U5O6U4U6U1U7O8O7U3O5U2U8,c,{'O1O2O3O4U3O5U4U6U7U2O8O7U5O6U1U8'},1,"<a href=""/flatknot/8.733748"">8.733748</a>",t^9-34t^7-94t^6-29t^5+130t^4+104t^3-8t^2-14t+4,-t^2+2t,,
8.733749,O1O2O3O4U3O5U4U6U7U2O8O7U8O6U1U5,4,16z^2+101z+139,16w^3z^2+101w^2z+139w,False,False,"[[ 0 -1  1 -1  0  3 -1  0 -1],[ 1  0  2 -1  1  3  0  1 -1],[-1 -2  0 -1  1  0  0 -1 -1],[ 1  1  1  0  1  1  1  1  0],[ 0 -1 -1 -1  0  1  0  0  0],[-3 -3  0 -1 -1  0 -3 -2 -1],[ 1  0  0 -1  0  3  0  0  0],[ 0 -1  1 -1  0  2  0  0 -1],[ 1  1  1  0  0  1  0  1  0]]","[[ 0  3  1  0  0 -1 -1 -1 -1],[-3  0  0 -1 -2 -1 -1 -3 -3],[-1  0  0  1 -1 -1 -1  0 -2],[ 0  1 -1  0  0  0 -1  0 -1],[ 0  2  1  0  0 -1 -1  0 -1],[ 1  1  1  0  1  0  0  0  1],[ 1  1  1  1  1  0  0  1  1],[ 1  3  0  0  0  0 -1  0  0],[ 1  3  2  1  1 -1 -1  0  0]]",True,"[-3,-1,0,0,1,1,1,1,0,1,2,1,1,3,3,-1,1,1,1,0,2,0,0,1,0,1,1,1,0,1,0,0,-1,-1,-1,0]","[-3,-1,0,0,1,1,1,1,0,1,2,1,1,3,3,-1,1,1,1,0,2,0,0,1,0,1,1,1,0,1,0,0,-1,-1,-1,0]",t^8+41t^6+198t^4+83t^2+1,"[-1,-1,-1,-1,0,0,1,3,-1,-1,0,0,0,1,3,0,0,1,1,2,1,1,0,0,0,1,0,1,1,3,0,0,1,2,2,2]","[-3,-1,0,0,1,1,1,1,2,1,2,1,1,3,3,0,2,0,2,1,1,0,0,1,0,0,0,1,0,1,0,-1,-1,-1,0,0]","[-1,-1,-1,-1,0,0,1,3,-1,-1,0,1,1,2,3,0,0,0,1,1,1,1,1,1,1,1,0,0,0,3,0,-1,1,1,2,0]",c,"[[{8, 1}, {2, 7}, {3, 6}, {4, 5}], [{8, 1}, {2, 7}, {4, 6}, {3, 5}], [{8, 1}, {2, 7}, {5, 6}, {3, 4}], [{8, 1}, {3, 7}, {2, 6}, {4, 5}], [{8, 1}, {3, 7}, {4, 6}, {2, 5}], [{8, 1}, {3, 7}, {5, 6}, {2, 4}], [{8, 1}, {4, 7}, {2, 6}, {3, 5}], [{8, 1}, {4, 7}, {2, 6}, {5}, {3}], [{8, 1}, {4, 7}, {3, 6}, {2, 5}], [{8, 1}, {4, 7}, {5, 6}, {2, 3}], [{8, 1}, {4, 7}, {6}, {3, 5}, {2}], [{8, 1}, {5, 7}, {2, 6}, {3, 4}], [{8, 1}, {5, 7}, {3, 6}, {2, 4}], [{8, 1}, {5, 7}, {4, 6}, {2, 3}], [{8, 1}, {5, 7}, {6}, {4}, {2, 3}], [{8, 1}, {6, 7}, {2, 5}, {3, 4}], [{8, 1}, {6, 7}, {3, 5}, {2, 4}], [{8, 1}, {6, 7}, {4, 5}, {2, 3}], [{8, 1}, {6, 7}, {5}, {4}, {2, 3}], [{8, 1}, {7}, {5, 6}, {2, 4}, {3}], [{8, 1}, {7}, {5, 6}, {3, 4}, {2}], [{8, 1}, {7}, {5, 6}, {4}, {2, 3}], [{8, 2}, {1, 7}, {3, 6}, {4, 5}], [{8, 2}, {1, 7}, {3, 6}, {5}, {4}], [{8, 2}, {1, 7}, {4, 6}, {3, 5}], [{8, 2}, {1, 7}, {5, 6}, {3, 4}], [{8, 2}, {3, 7}, {1, 6}, {4, 5}], [{8, 2}, {3, 7}, {4, 6}, {1, 5}], [{8, 2}, {3, 7}, {5, 6}, {1, 4}], [{8, 2}, {4, 7}, {1, 6}, {3, 5}], [{8, 2}, {4, 7}, {3, 6}, {1, 5}], [{8, 2}, {4, 7}, {3, 6}, {5}, {1}], [{8, 2}, {4, 7}, {5, 6}, {1, 3}], [{8, 2}, {5, 7}, {1, 6}, {3, 4}], [{8, 2}, {5, 7}, {3, 6}, {1, 4}], [{8, 2}, {5, 7}, {3, 6}, {4}, {1}], [{8, 2}, {5, 7}, {4, 6}, {1, 3}], [{8, 2}, {6, 7}, {1, 5}, {3, 4}], [{8, 2}, {6, 7}, {3, 5}, {1, 4}], [{8, 2}, {6, 7}, {4, 5}, {1, 3}], [{8, 2}, {7}, {1, 6}, {3, 5}, {4}], [{8, 2}, {7}, {1, 6}, {4, 5}, {3}], [{8, 2}, {7}, {1, 6}, {5}, {3, 4}], [{8, 2}, {7}, {3, 6}, {1, 5}, {4}], [{8, 2}, {7}, {3, 6}, {4, 5}, {1}], [{8, 2}, {7}, {3, 6}, {5}, {1, 4}], [{8, 2}, {7}, {4, 6}, {1, 5}, {3}], [{8, 2}, {7}, {4, 6}, {3, 5}, {1}], [{8, 2}, {7}, {4, 6}, {5}, {1, 3}], [{8, 2}, {7}, {5, 6}, {1, 4}, {3}], [{8, 2}, {7}, {5, 6}, {3, 4}, {1}], [{8, 2}, {7}, {5, 6}, {4}, {1, 3}], [{8, 2}, {7}, {6}, {1, 5}, {3, 4}], [{8, 2}, {7}, {6}, {3, 5}, {1, 4}], [{8, 2}, {7}, {6}, {4, 5}, {1, 3}], [{8, 3}, {1, 7}, {2, 6}, {4, 5}], [{8, 3}, {1, 7}, {4, 6}, {2, 5}], [{8, 3}, {1, 7}, {5, 6}, {2, 4}], [{8, 3}, {1, 7}, {6}, {5}, {2, 4}], [{8, 3}, {2, 7}, {1, 6}, {4, 5}], [{8, 3}, {2, 7}, {4, 6}, {1, 5}], [{8, 3}, {2, 7}, {5, 6}, {1, 4}], [{8, 3}, {4, 7}, {1, 6}, {2, 5}], [{8, 3}, {4, 7}, {2, 6}, {1, 5}], [{8, 3}, {4, 7}, {2, 6}, {5}, {1}], [{8, 3}, {4, 7}, {5, 6}, {1, 2}], [{8, 3}, {4, 7}, {6}, {1, 5}, {2}], [{8, 3}, {5, 7}, {1, 6}, {2, 4}], [{8, 3}, {5, 7}, {2, 6}, {1, 4}], [{8, 3}, {5, 7}, {2, 6}, {4}, {1}], [{8, 3}, {5, 7}, {4, 6}, {1, 2}], [{8, 3}, {6, 7}, {1, 5}, {2, 4}], [{8, 3}, {6, 7}, {2, 5}, {1, 4}], [{8, 3}, {6, 7}, {4, 5}, {1, 2}], [{8, 3}, {7}, {2, 6}, {4, 5}, {1}], [{8, 3}, {7}, {4, 6}, {2, 5}, {1}], [{8, 3}, {7}, {5, 6}, {1, 4}, {2}], [{8, 3}, {7}, {5, 6}, {2, 4}, {1}], [{8, 3}, {7}, {5, 6}, {4}, {1, 2}], [{8, 4}, {1, 7}, {2, 6}, {3, 5}], [{8, 4}, {1, 7}, {3, 6}, {2, 5}], [{8, 4}, {1, 7}, {5, 6}, {2, 3}], [{8, 4}, {2, 7}, {1, 6}, {3, 5}], [{8, 4}, {2, 7}, {3, 6}, {1, 5}], [{8, 4}, {2, 7}, {5, 6}, {1, 3}], [{8, 4}, {3, 7}, {1, 6}, {2, 5}], [{8, 4}, {3, 7}, {1, 6}, {5}, {2}], [{8, 4}, {3, 7}, {2, 6}, {1, 5}], [{8, 4}, {3, 7}, {5, 6}, {1, 2}], [{8, 4}, {5, 7}, {1, 6}, {2, 3}], [{8, 4}, {5, 7}, {2, 6}, {1, 3}], [{8, 4}, {5, 7}, {3, 6}, {1, 2}], [{8, 4}, {5, 7}, {6}, {1, 3}, {2}], [{8, 4}, {5, 7}, {6}, {2, 3}, {1}], [{8, 4}, {5, 7}, {6}, {3}, {1, 2}], [{8, 4}, {6, 7}, {1, 5}, {2, 3}], [{8, 4}, {6, 7}, {1, 5}, {3}, {2}], [{8, 4}, {6, 7}, {2, 5}, {1, 3}], [{8, 4}, {6, 7}, {2, 5}, {3}, {1}], [{8, 4}, {6, 7}, {3, 5}, {1, 2}], [{8, 4}, {6, 7}, {3, 5}, {2}, {1}], [{8, 4}, {6, 7}, {5}, {1, 3}, {2}], [{8, 4}, {6, 7}, {5}, {2, 3}, {1}], [{8, 4}, {6, 7}, {5}, {3}, {1, 2}], [{8, 4}, {7}, {5, 6}, {1, 3}, {2}], [{8, 4}, {7}, {5, 6}, {2, 3}, {1}], [{8, 4}, {7}, {5, 6}, {3}, {1, 2}], [{8, 5}, {1, 7}, {2, 6}, {3, 4}], [{8, 5}, {1, 7}, {3, 6}, {2, 4}], [{8, 5}, {1, 7}, {4, 6}, {2, 3}], [{8, 5}, {1, 7}, {6}, {4}, {2, 3}], [{8, 5}, {2, 7}, {1, 6}, {3, 4}], [{8, 5}, {2, 7}, {3, 6}, {1, 4}], [{8, 5}, {2, 7}, {4, 6}, {1, 3}], [{8, 5}, {3, 7}, {1, 6}, {2, 4}], [{8, 5}, {3, 7}, {2, 6}, {1, 4}], [{8, 5}, {3, 7}, {4, 6}, {1, 2}], [{8, 5}, {4, 7}, {1, 6}, {2, 3}], [{8, 5}, {4, 7}, {2, 6}, {1, 3}], [{8, 5}, {4, 7}, {2, 6}, {3}, {1}], [{8, 5}, {4, 7}, {3, 6}, {1, 2}], [{8, 5}, {4, 7}, {6}, {1, 3}, {2}], [{8, 5}, {6, 7}, {1, 4}, {2, 3}], [{8, 5}, {6, 7}, {1, 4}, {3}, {2}], [{8, 5}, {6, 7}, {2, 4}, {1, 3}], [{8, 5}, {6, 7}, {3, 4}, {1, 2}], [{8, 5}, {6, 7}, {4}, {2, 3}, {1}], [{8, 5}, {7}, {1, 6}, {2, 4}, {3}], [{8, 5}, {7}, {1, 6}, {3, 4}, {2}], [{8, 5}, {7}, {1, 6}, {4}, {2, 3}], [{8, 5}, {7}, {3, 6}, {4}, {1, 2}], [{8, 6}, {1, 7}, {2, 5}, {3, 4}], [{8, 6}, {1, 7}, {2, 5}, {4}, {3}], [{8, 6}, {1, 7}, {3, 5}, {2, 4}], [{8, 6}, {1, 7}, {3, 5}, {4}, {2}], [{8, 6}, {1, 7}, {4, 5}, {2, 3}], [{8, 6}, {1, 7}, {5}, {4}, {2, 3}], [{8, 6}, {2, 7}, {1, 5}, {3, 4}], [{8, 6}, {2, 7}, {3, 5}, {1, 4}], [{8, 6}, {2, 7}, {3, 5}, {4}, {1}], [{8, 6}, {2, 7}, {4, 5}, {1, 3}], [{8, 6}, {3, 7}, {1, 5}, {2, 4}], [{8, 6}, {3, 7}, {2, 5}, {1, 4}], [{8, 6}, {3, 7}, {4, 5}, {1, 2}], [{8, 6}, {4, 7}, {1, 5}, {2, 3}], [{8, 6}, {4, 7}, {2, 5}, {1, 3}], [{8, 6}, {4, 7}, {3, 5}, {1, 2}], [{8, 6}, {5, 7}, {1, 4}, {2, 3}], [{8, 6}, {5, 7}, {2, 4}, {1, 3}], [{8, 6}, {5, 7}, {3, 4}, {1, 2}], [{8, 6}, {5, 7}, {4}, {2, 3}, {1}], [{8, 6}, {7}, {1, 5}, {2, 4}, {3}], [{8, 6}, {7}, {1, 5}, {3, 4}, {2}], [{8, 6}, {7}, {1, 5}, {4}, {2, 3}], [{8, 6}, {7}, {3, 5}, {4}, {1, 2}], [{8, 7}, {1, 6}, {2, 5}, {3, 4}], [{8, 7}, {1, 6}, {3, 5}, {2, 4}], [{8, 7}, {1, 6}, {4, 5}, {2, 3}], [{8, 7}, {1, 6}, {5}, {4}, {2, 3}], [{8, 7}, {2, 6}, {1, 5}, {3, 4}], [{8, 7}, {2, 6}, {3, 5}, {1, 4}], [{8, 7}, {2, 6}, {4, 5}, {1, 3}], [{8, 7}, {2, 6}, {4, 5}, {3}, {1}], [{8, 7}, {3, 6}, {1, 5}, {2, 4}], [{8, 7}, {3, 6}, {2, 5}, {1, 4}], [{8, 7}, {3, 6}, {4, 5}, {1, 2}], [{8, 7}, {4, 6}, {1, 5}, {2, 3}], [{8, 7}, {4, 6}, {2, 5}, {1, 3}], [{8, 7}, {4, 6}, {3, 5}, {1, 2}], [{8, 7}, {5, 6}, {1, 4}, {2, 3}], [{8, 7}, {5, 6}, {2, 4}, {1, 3}], [{8, 7}, {5, 6}, {3, 4}, {1, 2}], [{8, 7}, {5, 6}, {4}, {2, 3}, {1}], [{8, 7}, {6}, {1, 5}, {4}, {2, 3}], [{8, 7}, {6}, {3, 5}, {1, 4}, {2}], [{8, 7}, {6}, {3, 5}, {2, 4}, {1}], [{8, 7}, {6}, {3, 5}, {4}, {1, 2}], [{8}, {1, 7}, {5, 6}, {4}, {2, 3}], [{8}, {2, 7}, {6}, {3, 5}, {1, 4}], [{8}, {3, 7}, {2, 6}, {1, 5}, {4}], [{8}, {3, 7}, {2, 6}, {4, 5}, {1}], [{8}, {3, 7}, {2, 6}, {5}, {1, 4}], [{8}, {4, 7}, {2, 6}, {1, 5}, {3}], [{8}, {4, 7}, {2, 6}, {3, 5}, {1}], [{8}, {4, 7}, {2, 6}, {5}, {1, 3}], [{8}, {4, 7}, {5, 6}, {2, 3}, {1}], [{8}, {5, 7}, {1, 6}, {4}, {2, 3}], [{8}, {5, 7}, {4, 6}, {2, 3}, {1}], [{8}, {5, 7}, {6}, {1, 4}, {2, 3}], [{8}, {5, 7}, {6}, {4}, {2, 3}, {1}], [{8}, {6, 7}, {1, 5}, {4}, {2, 3}], [{8}, {6, 7}, {2, 5}, {4}, {1, 3}], [{8}, {6, 7}, {3, 5}, {4}, {1, 2}], [{8}, {6, 7}, {4, 5}, {2, 3}, {1}], [{8}, {6, 7}, {5}, {1, 4}, {2, 3}], [{8}, {6, 7}, {5}, {4}, {2, 3}, {1}], [{8}, {7}, {1, 6}, {2, 5}, {3, 4}], [{8}, {7}, {2, 6}, {1, 5}, {3, 4}], [{8}, {7}, {5, 6}, {1, 4}, {2, 3}], [{8}, {7}, {5, 6}, {2, 4}, {1, 3}], [{8}, {7}, {5, 6}, {3, 4}, {1, 2}], [{8}, {7}, {5, 6}, {4}, {2, 3}, {1}]]",2,8 K_1^3 + 4 K_1^2 K_2 - 32 K_1^2 - 22 K_1 K_2 - 4 K_1 K_3 + 5 K_1 + 16 K_2 + 9 K_3 + K_4 + 16,O1O2O3O4U5U4O6U7O8O7U3U8U6U1O5U2,O1O2O3O4U5U3O5U2O6O7U6U4U8U1O8U7,O1O2O3O4U5O6U4U6U1U7O5O7U3O8U2U8,c,{'O1O2O3O4U3O5U4U6U7U2O8O7U8O6U1U5'},1,"<a href=""/flatknot/8.733749"">8.733749</a>",t^9-35t^7-80t^6+60t^5+236t^4+64t^3-86t^2-9t-4,-t^3+3t,,
8.733750,O1O2O3O4U3O5U6U1U2U4O6O7U5O8U7U8,4,5z^3+42z^2+112z+97,5w^4z^3+42w^3z^2+112w^2z+97w,False,False,"[[ 0 -2  0 -1  3  2 -3  0  1],[ 2  0  1  0  3  2  0  1  0],[ 0 -1  0  0  2  1 -1  1  0],[ 1  0  0  0  1  1  0  0  0],[-3 -3 -2 -1  0  0 -3  1  0],[-2 -2 -1 -1  0  0 -2  1  1],[ 3  0  1  0  3  2  0  0  1],[ 0 -1 -1  0 -1 -1  0  0  1],[-1  0  0  0  0 -1 -1 -1  0]]","[[ 0  3  2  1  0  0 -1 -2 -3],[-3  0  0  0  1 -2 -1 -3 -3],[-2  0  0  1  1 -1 -1 -2 -2],[-1  0 -1  0 -1  0  0  0 -1],[ 0 -1 -1  1  0 -1  0 -1  0],[ 0  2  1  0  1  0  0 -1 -1],[ 1  1  1  0  0  0  0  0  0],[ 2  3  2  0  1  1  0  0  0],[ 3  3  2  1  0  1  0  0  0]]",True,"[-3,-2,-1,0,0,1,2,3,0,0,-1,2,1,3,3,-1,-1,1,1,2,2,1,0,0,0,1,1,0,1,0,0,1,1,0,0,0]","[-3,-2,-1,0,0,1,2,3,0,0,-1,2,1,3,3,-1,-1,1,1,2,2,1,0,0,0,1,1,0,1,0,0,1,1,0,0,0]",t^8+42t^6+131t^4+65t^2+1,"[-3,-2,-1,0,0,1,2,3,1,2,2,3,3,3,3,1,1,1,3,2,2,1,1,2,2,3,-1,1,1,1,0,3,4,2,2,1]","[-3,-2,-1,0,0,1,2,3,1,2,1,4,3,2,3,2,1,3,2,2,3,1,0,2,3,3,1,1,1,2,1,1,3,1,2,1]","[-3,-2,-1,0,0,1,2,3,0,0,0,1,1,2,3,0,1,1,0,2,3,0,0,0,1,1,-1,1,-1,-1,0,1,2,-1,0,0]",c,"[[{8, 1}, {2, 7}, {3, 6}, {4, 5}], [{8, 1}, {2, 7}, {4, 6}, {3, 5}], [{8, 1}, {2, 7}, {4, 6}, {5}, {3}], [{8, 1}, {2, 7}, {5, 6}, {3, 4}], [{8, 1}, {3, 7}, {2, 6}, {4, 5}], [{8, 1}, {3, 7}, {4, 6}, {2, 5}], [{8, 1}, {3, 7}, {5, 6}, {2, 4}], [{8, 1}, {4, 7}, {2, 6}, {3, 5}], [{8, 1}, {4, 7}, {2, 6}, {5}, {3}], [{8, 1}, {4, 7}, {3, 6}, {2, 5}], [{8, 1}, {4, 7}, {5, 6}, {2, 3}], [{8, 1}, {5, 7}, {2, 6}, {3, 4}], [{8, 1}, {5, 7}, {3, 6}, {2, 4}], [{8, 1}, {5, 7}, {4, 6}, {2, 3}], [{8, 1}, {6, 7}, {2, 5}, {3, 4}], [{8, 1}, {6, 7}, {3, 5}, {2, 4}], [{8, 1}, {6, 7}, {4, 5}, {2, 3}], [{8, 1}, {6, 7}, {4, 5}, {3}, {2}], [{8, 1}, {7}, {4, 6}, {3, 5}, {2}], [{8, 1}, {7}, {5, 6}, {3, 4}, {2}], [{8, 2}, {1, 7}, {3, 6}, {4, 5}], [{8, 2}, {1, 7}, {4, 6}, {3, 5}], [{8, 2}, {1, 7}, {5, 6}, {3, 4}], [{8, 2}, {3, 7}, {1, 6}, {4, 5}], [{8, 2}, {3, 7}, {4, 6}, {1, 5}], [{8, 2}, {3, 7}, {5, 6}, {1, 4}], [{8, 2}, {4, 7}, {1, 6}, {3, 5}], [{8, 2}, {4, 7}, {3, 6}, {1, 5}], [{8, 2}, {4, 7}, {5, 6}, {1, 3}], [{8, 2}, {5, 7}, {1, 6}, {3, 4}], [{8, 2}, {5, 7}, {3, 6}, {1, 4}], [{8, 2}, {5, 7}, {4, 6}, {1, 3}], [{8, 2}, {6, 7}, {1, 5}, {3, 4}], [{8, 2}, {6, 7}, {3, 5}, {1, 4}], [{8, 2}, {6, 7}, {4, 5}, {1, 3}], [{8, 2}, {6, 7}, {5}, {1, 4}, {3}], [{8, 3}, {1, 7}, {2, 6}, {4, 5}], [{8, 3}, {1, 7}, {4, 6}, {2, 5}], [{8, 3}, {1, 7}, {5, 6}, {2, 4}], [{8, 3}, {1, 7}, {6}, {4, 5}, {2}], [{8, 3}, {2, 7}, {1, 6}, {4, 5}], [{8, 3}, {2, 7}, {4, 6}, {1, 5}], [{8, 3}, {2, 7}, {5, 6}, {1, 4}], [{8, 3}, {4, 7}, {1, 6}, {2, 5}], [{8, 3}, {4, 7}, {2, 6}, {1, 5}], [{8, 3}, {4, 7}, {5, 6}, {1, 2}], [{8, 3}, {4, 7}, {6}, {1, 5}, {2}], [{8, 3}, {5, 7}, {1, 6}, {2, 4}], [{8, 3}, {5, 7}, {2, 6}, {1, 4}], [{8, 3}, {5, 7}, {2, 6}, {4}, {1}], [{8, 3}, {5, 7}, {4, 6}, {1, 2}], [{8, 3}, {6, 7}, {1, 5}, {2, 4}], [{8, 3}, {6, 7}, {1, 5}, {4}, {2}], [{8, 3}, {6, 7}, {2, 5}, {1, 4}], [{8, 3}, {6, 7}, {4, 5}, {1, 2}], [{8, 3}, {7}, {4, 6}, {1, 5}, {2}], [{8, 4}, {1, 7}, {2, 6}, {3, 5}], [{8, 4}, {1, 7}, {3, 6}, {2, 5}], [{8, 4}, {1, 7}, {5, 6}, {2, 3}], [{8, 4}, {1, 7}, {6}, {3, 5}, {2}], [{8, 4}, {2, 7}, {1, 6}, {3, 5}], [{8, 4}, {2, 7}, {3, 6}, {1, 5}], [{8, 4}, {2, 7}, {3, 6}, {5}, {1}], [{8, 4}, {2, 7}, {5, 6}, {1, 3}], [{8, 4}, {2, 7}, {6}, {1, 5}, {3}], [{8, 4}, {3, 7}, {1, 6}, {2, 5}], [{8, 4}, {3, 7}, {2, 6}, {1, 5}], [{8, 4}, {3, 7}, {5, 6}, {1, 2}], [{8, 4}, {5, 7}, {1, 6}, {2, 3}], [{8, 4}, {5, 7}, {2, 6}, {1, 3}], [{8, 4}, {5, 7}, {3, 6}, {1, 2}], [{8, 4}, {6, 7}, {1, 5}, {2, 3}], [{8, 4}, {6, 7}, {2, 5}, {1, 3}], [{8, 4}, {6, 7}, {3, 5}, {1, 2}], [{8, 4}, {7}, {2, 6}, {3, 5}, {1}], [{8, 5}, {1, 7}, {2, 6}, {3, 4}], [{8, 5}, {1, 7}, {2, 6}, {4}, {3}], [{8, 5}, {1, 7}, {3, 6}, {2, 4}], [{8, 5}, {1, 7}, {3, 6}, {4}, {2}], [{8, 5}, {1, 7}, {4, 6}, {2, 3}], [{8, 5}, {1, 7}, {4, 6}, {3}, {2}], [{8, 5}, {1, 7}, {6}, {2, 4}, {3}], [{8, 5}, {1, 7}, {6}, {3, 4}, {2}], [{8, 5}, {1, 7}, {6}, {4}, {2, 3}], [{8, 5}, {1, 7}, {6}, {4}, {3}, {2}], [{8, 5}, {2, 7}, {1, 6}, {3, 4}], [{8, 5}, {2, 7}, {3, 6}, {1, 4}], [{8, 5}, {2, 7}, {4, 6}, {1, 3}], [{8, 5}, {2, 7}, {6}, {1, 4}, {3}], [{8, 5}, {2, 7}, {6}, {3, 4}, {1}], [{8, 5}, {2, 7}, {6}, {4}, {1, 3}], [{8, 5}, {3, 7}, {1, 6}, {2, 4}], [{8, 5}, {3, 7}, {1, 6}, {4}, {2}], [{8, 5}, {3, 7}, {2, 6}, {1, 4}], [{8, 5}, {3, 7}, {2, 6}, {4}, {1}], [{8, 5}, {3, 7}, {4, 6}, {1, 2}], [{8, 5}, {3, 7}, {4, 6}, {2}, {1}], [{8, 5}, {3, 7}, {6}, {1, 4}, {2}], [{8, 5}, {3, 7}, {6}, {2, 4}, {1}], [{8, 5}, {3, 7}, {6}, {4}, {1, 2}], [{8, 5}, {3, 7}, {6}, {4}, {2}, {1}], [{8, 5}, {4, 7}, {1, 6}, {2, 3}], [{8, 5}, {4, 7}, {2, 6}, {1, 3}], [{8, 5}, {4, 7}, {3, 6}, {1, 2}], [{8, 5}, {4, 7}, {6}, {1, 3}, {2}], [{8, 5}, {4, 7}, {6}, {2, 3}, {1}], [{8, 5}, {4, 7}, {6}, {3}, {1, 2}], [{8, 5}, {6, 7}, {1, 4}, {2, 3}], [{8, 5}, {6, 7}, {2, 4}, {1, 3}], [{8, 5}, {6, 7}, {3, 4}, {1, 2}], [{8, 5}, {6, 7}, {4}, {1, 3}, {2}], [{8, 5}, {7}, {2, 6}, {4}, {1, 3}], [{8, 5}, {7}, {4, 6}, {1, 3}, {2}], [{8, 5}, {7}, {6}, {1, 4}, {2, 3}], [{8, 5}, {7}, {6}, {2, 4}, {1, 3}], [{8, 5}, {7}, {6}, {3, 4}, {1, 2}], [{8, 5}, {7}, {6}, {4}, {1, 3}, {2}], [{8, 6}, {1, 7}, {2, 5}, {3, 4}], [{8, 6}, {1, 7}, {3, 5}, {2, 4}], [{8, 6}, {1, 7}, {4, 5}, {2, 3}], [{8, 6}, {1, 7}, {5}, {2, 4}, {3}], [{8, 6}, {2, 7}, {1, 5}, {3, 4}], [{8, 6}, {2, 7}, {3, 5}, {1, 4}], [{8, 6}, {2, 7}, {4, 5}, {1, 3}], [{8, 6}, {2, 7}, {4, 5}, {3}, {1}], [{8, 6}, {3, 7}, {1, 5}, {2, 4}], [{8, 6}, {3, 7}, {2, 5}, {1, 4}], [{8, 6}, {3, 7}, {4, 5}, {1, 2}], [{8, 6}, {4, 7}, {1, 5}, {2, 3}], [{8, 6}, {4, 7}, {2, 5}, {1, 3}], [{8, 6}, {4, 7}, {2, 5}, {3}, {1}], [{8, 6}, {4, 7}, {3, 5}, {1, 2}], [{8, 6}, {5, 7}, {1, 4}, {2, 3}], [{8, 6}, {5, 7}, {2, 4}, {1, 3}], [{8, 6}, {5, 7}, {3, 4}, {1, 2}], [{8, 6}, {5, 7}, {4}, {2, 3}, {1}], [{8, 7}, {1, 6}, {2, 5}, {3, 4}], [{8, 7}, {1, 6}, {2, 5}, {4}, {3}], [{8, 7}, {1, 6}, {3, 5}, {2, 4}], [{8, 7}, {1, 6}, {4, 5}, {2, 3}], [{8, 7}, {2, 6}, {1, 5}, {3, 4}], [{8, 7}, {2, 6}, {3, 5}, {1, 4}], [{8, 7}, {2, 6}, {4, 5}, {1, 3}], [{8, 7}, {3, 6}, {1, 5}, {2, 4}], [{8, 7}, {3, 6}, {2, 5}, {1, 4}], [{8, 7}, {3, 6}, {4, 5}, {1, 2}], [{8, 7}, {4, 6}, {1, 5}, {2, 3}], [{8, 7}, {4, 6}, {2, 5}, {1, 3}], [{8, 7}, {4, 6}, {2, 5}, {3}, {1}], [{8, 7}, {4, 6}, {3, 5}, {1, 2}], [{8, 7}, {5, 6}, {1, 4}, {2, 3}], [{8, 7}, {5, 6}, {2, 4}, {1, 3}], [{8, 7}, {5, 6}, {3, 4}, {1, 2}], [{8, 7}, {6}, {2, 5}, {1, 4}, {3}], [{8}, {1, 7}, {5, 6}, {2, 4}, {3}]]",2,- 8 K_1^4 + 28 K_1^3 + 16 K_1^2 K_2 - 14 K_1^2 - 16 K_1 K_2 - 6 K_1 K_3 - 13 K_1 + 6 K_2 + K_3 + 7,O1O2O3O4U5U6O5U7O6O8U1U3U4U8O7U2,O1O2O3O4U1U5O6U7O5O7U2U3U8U4O8U6,O1O2O3O4U5O6U1U6U2U3O7O8U7O5U8U4,c,{'O1O2O3O4U3O5U6U1U2U4O6O7U5O8U7U8'},1,"<a href=""/flatknot/8.733750"">8.733750</a>",t^9-42t^7-52t^6+171t^5+204t^4-175t^3-208t^2+7t+18,0,,
8.733751,O1O2O3O4U3O5U6U1U2U7O6O7U4O8U5U8,4,2z^3+32z^2+111z+111,2w^4z^3+32w^3z^2+111w^2z+111w,False,False,"[[ 0 -2  0 -1  2  2 -3  1  1],[ 2  0  1  0  2  2  1  3  1],[ 0 -1  0  0  1  1  0  1  1],[ 1  0  0  0  1  1  1  1  0],[-2 -2 -1 -1  0  1 -3 -1  1],[-2 -2 -1 -1 -1  0 -3 -1  1],[ 3 -1  0 -1  3  3  0  3  1],[-1 -3 -1 -1  1  1 -3  0  1],[-1 -1 -1  0 -1 -1 -1 -1  0]]","[[ 0  2  2  1  1  0 -1 -2 -3],[-2  0  1  1 -1 -1 -1 -2 -3],[-2 -1  0  1 -1 -1 -1 -2 -3],[-1 -1 -1  0 -1 -1  0 -1 -1],[-1  1  1  1  0 -1 -1 -3 -3],[ 0  1  1  1  1  0  0 -1  0],[ 1  1  1  0  1  0  0  0  1],[ 2  2  2  1  3  1  0  0  1],[ 3  3  3  1  3  0 -1 -1  0]]",True,"[-2,-2,-1,-1,0,1,2,3,-1,-1,1,1,1,2,3,-1,1,1,1,2,3,1,1,0,1,1,1,1,3,3,0,1,0,0,-1,-1]","[-3,-2,-1,0,1,1,2,2,-1,-1,0,1,3,3,3,0,1,1,3,2,2,0,0,1,1,1,1,1,1,1,-1,-1,-1,1,1,-1]",t^8+62t^6+106t^4+36t^2+1,"[-3,-2,-1,0,1,1,2,2,2,3,3,1,3,2,2,1,1,0,2,2,2,1,1,2,2,2,0,0,1,1,-1,0,0,2,2,-1]","[-2,-2,-1,-1,0,1,2,3,-1,0,2,1,2,2,2,0,2,1,2,2,2,1,0,1,0,1,0,2,2,3,1,1,3,1,3,2]","[-3,-2,-1,0,1,1,2,2,-1,-1,0,1,3,3,3,0,1,1,3,2,2,0,0,1,1,1,1,1,1,1,-1,-1,-1,1,1,-1]",c,"[[{8, 1}, {2, 7}, {3, 6}, {4, 5}], [{8, 1}, {2, 7}, {4, 6}, {3, 5}], [{8, 1}, {2, 7}, {4, 6}, {5}, {3}], [{8, 1}, {2, 7}, {5, 6}, {3, 4}], [{8, 1}, {3, 7}, {2, 6}, {4, 5}], [{8, 1}, {3, 7}, {4, 6}, {2, 5}], [{8, 1}, {3, 7}, {5, 6}, {2, 4}], [{8, 1}, {3, 7}, {6}, {2, 5}, {4}], [{8, 1}, {4, 7}, {2, 6}, {3, 5}], [{8, 1}, {4, 7}, {2, 6}, {5}, {3}], [{8, 1}, {4, 7}, {3, 6}, {2, 5}], [{8, 1}, {4, 7}, {5, 6}, {2, 3}], [{8, 1}, {5, 7}, {2, 6}, {3, 4}], [{8, 1}, {5, 7}, {3, 6}, {2, 4}], [{8, 1}, {5, 7}, {4, 6}, {2, 3}], [{8, 1}, {6, 7}, {2, 5}, {3, 4}], [{8, 1}, {6, 7}, {2, 5}, {4}, {3}], [{8, 1}, {6, 7}, {3, 5}, {2, 4}], [{8, 1}, {6, 7}, {4, 5}, {2, 3}], [{8, 1}, {6, 7}, {4, 5}, {3}, {2}], [{8, 1}, {6, 7}, {5}, {2, 4}, {3}], [{8, 1}, {7}, {3, 6}, {2, 5}, {4}], [{8, 1}, {7}, {5, 6}, {3, 4}, {2}], [{8, 2}, {1, 7}, {3, 6}, {4, 5}], [{8, 2}, {1, 7}, {4, 6}, {3, 5}], [{8, 2}, {1, 7}, {5, 6}, {3, 4}], [{8, 2}, {3, 7}, {1, 6}, {4, 5}], [{8, 2}, {3, 7}, {4, 6}, {1, 5}], [{8, 2}, {3, 7}, {4, 6}, {5}, {1}], [{8, 2}, {3, 7}, {5, 6}, {1, 4}], [{8, 2}, {4, 7}, {1, 6}, {3, 5}], [{8, 2}, {4, 7}, {1, 6}, {5}, {3}], [{8, 2}, {4, 7}, {3, 6}, {1, 5}], [{8, 2}, {4, 7}, {5, 6}, {1, 3}], [{8, 2}, {5, 7}, {1, 6}, {3, 4}], [{8, 2}, {5, 7}, {3, 6}, {1, 4}], [{8, 2}, {5, 7}, {4, 6}, {1, 3}], [{8, 2}, {6, 7}, {1, 5}, {3, 4}], [{8, 2}, {6, 7}, {3, 5}, {1, 4}], [{8, 2}, {6, 7}, {4, 5}, {1, 3}], [{8, 2}, {7}, {4, 6}, {1, 5}, {3}], [{8, 2}, {7}, {6}, {3, 5}, {1, 4}], [{8, 3}, {1, 7}, {2, 6}, {4, 5}], [{8, 3}, {1, 7}, {4, 6}, {2, 5}], [{8, 3}, {1, 7}, {5, 6}, {2, 4}], [{8, 3}, {1, 7}, {5, 6}, {4}, {2}], [{8, 3}, {2, 7}, {1, 6}, {4, 5}], [{8, 3}, {2, 7}, {4, 6}, {1, 5}], [{8, 3}, {2, 7}, {5, 6}, {1, 4}], [{8, 3}, {4, 7}, {1, 6}, {2, 5}], [{8, 3}, {4, 7}, {2, 6}, {1, 5}], [{8, 3}, {4, 7}, {5, 6}, {1, 2}], [{8, 3}, {5, 7}, {1, 6}, {2, 4}], [{8, 3}, {5, 7}, {2, 6}, {1, 4}], [{8, 3}, {5, 7}, {2, 6}, {4}, {1}], [{8, 3}, {5, 7}, {4, 6}, {1, 2}], [{8, 3}, {6, 7}, {1, 5}, {2, 4}], [{8, 3}, {6, 7}, {2, 5}, {1, 4}], [{8, 3}, {6, 7}, {4, 5}, {1, 2}], [{8, 3}, {6, 7}, {4, 5}, {2}, {1}], [{8, 3}, {7}, {1, 6}, {2, 5}, {4}], [{8, 3}, {7}, {2, 6}, {5}, {1, 4}], [{8, 3}, {7}, {6}, {4, 5}, {1, 2}], [{8, 4}, {1, 7}, {2, 6}, {3, 5}], [{8, 4}, {1, 7}, {3, 6}, {2, 5}], [{8, 4}, {1, 7}, {5, 6}, {2, 3}], [{8, 4}, {2, 7}, {1, 6}, {3, 5}], [{8, 4}, {2, 7}, {3, 6}, {1, 5}], [{8, 4}, {2, 7}, {5, 6}, {1, 3}], [{8, 4}, {3, 7}, {1, 6}, {2, 5}], [{8, 4}, {3, 7}, {2, 6}, {1, 5}], [{8, 4}, {3, 7}, {2, 6}, {5}, {1}], [{8, 4}, {3, 7}, {5, 6}, {1, 2}], [{8, 4}, {5, 7}, {1, 6}, {2, 3}], [{8, 4}, {5, 7}, {2, 6}, {1, 3}], [{8, 4}, {5, 7}, {3, 6}, {1, 2}], [{8, 4}, {6, 7}, {1, 5}, {2, 3}], [{8, 4}, {6, 7}, {2, 5}, {1, 3}], [{8, 4}, {6, 7}, {3, 5}, {1, 2}], [{8, 4}, {6, 7}, {5}, {2, 3}, {1}], [{8, 4}, {7}, {2, 6}, {1, 5}, {3}], [{8, 4}, {7}, {6}, {2, 5}, {1, 3}], [{8, 5}, {1, 7}, {2, 6}, {3, 4}], [{8, 5}, {1, 7}, {3, 6}, {2, 4}], [{8, 5}, {1, 7}, {4, 6}, {2, 3}], [{8, 5}, {2, 7}, {1, 6}, {3, 4}], [{8, 5}, {2, 7}, {3, 6}, {1, 4}], [{8, 5}, {2, 7}, {4, 6}, {1, 3}], [{8, 5}, {3, 7}, {1, 6}, {2, 4}], [{8, 5}, {3, 7}, {2, 6}, {1, 4}], [{8, 5}, {3, 7}, {4, 6}, {1, 2}], [{8, 5}, {4, 7}, {1, 6}, {2, 3}], [{8, 5}, {4, 7}, {2, 6}, {1, 3}], [{8, 5}, {4, 7}, {3, 6}, {1, 2}], [{8, 5}, {4, 7}, {6}, {1, 3}, {2}], [{8, 5}, {6, 7}, {1, 4}, {2, 3}], [{8, 5}, {6, 7}, {2, 4}, {1, 3}], [{8, 5}, {6, 7}, {3, 4}, {1, 2}], [{8, 5}, {7}, {2, 6}, {1, 4}, {3}], [{8, 6}, {1, 7}, {2, 5}, {3, 4}], [{8, 6}, {1, 7}, {2, 5}, {4}, {3}], [{8, 6}, {1, 7}, {3, 5}, {2, 4}], [{8, 6}, {1, 7}, {3, 5}, {4}, {2}], [{8, 6}, {1, 7}, {4, 5}, {2, 3}], [{8, 6}, {1, 7}, {5}, {4}, {2, 3}], [{8, 6}, {2, 7}, {1, 5}, {3, 4}], [{8, 6}, {2, 7}, {3, 5}, {1, 4}], [{8, 6}, {2, 7}, {4, 5}, {1, 3}], [{8, 6}, {3, 7}, {1, 5}, {2, 4}], [{8, 6}, {3, 7}, {2, 5}, {1, 4}], [{8, 6}, {3, 7}, {4, 5}, {1, 2}], [{8, 6}, {3, 7}, {4, 5}, {2}, {1}], [{8, 6}, {4, 7}, {1, 5}, {2, 3}], [{8, 6}, {4, 7}, {2, 5}, {1, 3}], [{8, 6}, {4, 7}, {2, 5}, {3}, {1}], [{8, 6}, {4, 7}, {3, 5}, {1, 2}], [{8, 6}, {4, 7}, {3, 5}, {2}, {1}], [{8, 6}, {4, 7}, {5}, {2, 3}, {1}], [{8, 6}, {5, 7}, {1, 4}, {2, 3}], [{8, 6}, {5, 7}, {2, 4}, {1, 3}], [{8, 6}, {5, 7}, {2, 4}, {3}, {1}], [{8, 6}, {5, 7}, {3, 4}, {1, 2}], [{8, 6}, {7}, {2, 5}, {1, 4}, {3}], [{8, 6}, {7}, {3, 5}, {1, 4}, {2}], [{8, 6}, {7}, {5}, {1, 4}, {2, 3}], [{8, 7}, {1, 6}, {2, 5}, {3, 4}], [{8, 7}, {1, 6}, {3, 5}, {2, 4}], [{8, 7}, {1, 6}, {4, 5}, {2, 3}], [{8, 7}, {2, 6}, {1, 5}, {3, 4}], [{8, 7}, {2, 6}, {3, 5}, {1, 4}], [{8, 7}, {2, 6}, {4, 5}, {1, 3}], [{8, 7}, {3, 6}, {1, 5}, {2, 4}], [{8, 7}, {3, 6}, {2, 5}, {1, 4}], [{8, 7}, {3, 6}, {4, 5}, {1, 2}], [{8, 7}, {4, 6}, {1, 5}, {2, 3}], [{8, 7}, {4, 6}, {2, 5}, {1, 3}], [{8, 7}, {4, 6}, {3, 5}, {1, 2}], [{8, 7}, {5, 6}, {1, 4}, {2, 3}], [{8, 7}, {5, 6}, {2, 4}, {1, 3}], [{8, 7}, {5, 6}, {3, 4}, {1, 2}], [{8, 7}, {6}, {3, 5}, {1, 4}, {2}], [{8}, {2, 7}, {3, 6}, {5}, {1, 4}], [{8}, {2, 7}, {5, 6}, {1, 4}, {3}], [{8}, {2, 7}, {5, 6}, {3, 4}, {1}], [{8}, {2, 7}, {5, 6}, {4}, {1, 3}], [{8}, {2, 7}, {6}, {3, 5}, {1, 4}], [{8}, {5, 7}, {4, 6}, {1, 3}, {2}], [{8}, {6, 7}, {3, 5}, {1, 4}, {2}], [{8}, {6, 7}, {4, 5}, {1, 3}, {2}], [{8}, {7}, {2, 6}, {3, 5}, {1, 4}], [{8}, {7}, {6}, {3, 5}, {1, 4}, {2}]]",2,- 8 K_1^4 + 20 K_1^3 + 24 K_1^2 K_2 - 32 K_1^2 - 18 K_1 K_2 - 10 K_1 K_3 - 6 K_1 + 13 K_2 + 4 K_3 + 14,O1O2O3O4U5U6O5U1O7O8U7U3U4U8O6U2,O1O2O3O4U1U4O5U6O7O6U2U3U8U5O8U7,O1O2O3O4U5O6U7U6U2U3O8O5U8O7U1U4,c,{'O1O2O3O4U3O5U6U1U2U7O6O7U4O8U5U8'},1,"<a href=""/flatknot/8.733751"">8.733751</a>",t^9-66t^7-214t^6-139t^5+288t^4+611t^3+528t^2+235t+40,t^3-t^2-t,,
8.733752,O1O2O3O4U3O5U6U1U2U7O6O7U5O8U4U8,4,8z^3+51z^2+104z+69,8w^4z^3-4w^4z^2+55w^3z^2-4w^3z+108w^2z+69w,False,False,"[[ 0 -2  0 -1  2  2 -3  1  1],[ 2  0  1  0  3  1  1  3  1],[ 0 -1  0  0  2  0  0  1  1],[ 1  0  0  0  1  0  1  1  1],[-2 -3 -2 -1  0  0 -3 -1  1],[-2 -1  0  0  0  0 -3 -1  0],[ 3 -1  0 -1  3  3  0  3  1],[-1 -3 -1 -1  1  1 -3  0  1],[-1 -1 -1 -1 -1  0 -1 -1  0]]","[[ 0  2  2  1  1  0 -1 -2 -3],[-2  0  0  1 -1 -2 -1 -3 -3],[-2  0  0  0 -1  0  0 -1 -3],[-1 -1  0  0 -1 -1 -1 -1 -1],[-1  1  1  1  0 -1 -1 -3 -3],[ 0  2  0  1  1  0  0 -1  0],[ 1  1  0  1  1  0  0  0  1],[ 2  3  1  1  3  1  0  0  1],[ 3  3  3  1  3  0 -1 -1  0]]",True,"[-2,-2,-1,-1,0,1,2,3,0,-1,1,2,1,3,3,0,1,0,0,1,3,1,1,1,1,1,1,1,3,3,0,1,0,0,-1,-1]","[-3,-2,-1,0,1,1,2,2,-1,-1,0,1,3,3,3,0,1,1,3,1,3,0,1,1,0,1,1,1,0,2,-1,0,-1,1,1,0]",t^8+64t^6+266t^4+69t^2+4,"[-3,-2,-1,0,1,1,2,2,2,3,3,1,3,2,2,1,1,0,2,1,3,1,1,1,2,3,0,0,0,2,-1,0,0,2,1,0]","[-2,-2,-1,-1,0,1,2,3,0,0,1,2,3,3,2,0,2,0,2,1,2,1,0,1,0,1,0,1,2,3,1,1,3,1,3,2]","[-3,-2,-1,0,1,1,2,2,-1,-1,0,1,3,3,3,0,1,1,3,1,3,0,1,1,0,1,1,1,0,2,-1,0,-1,1,1,0]",c,"[[{8, 1}, {2, 7}, {3, 6}, {4, 5}], [{8, 1}, {2, 7}, {4, 6}, {3, 5}], [{8, 1}, {2, 7}, {5, 6}, {3, 4}], [{8, 1}, {3, 7}, {2, 6}, {4, 5}], [{8, 1}, {3, 7}, {4, 6}, {2, 5}], [{8, 1}, {3, 7}, {4, 6}, {5}, {2}], [{8, 1}, {3, 7}, {5, 6}, {2, 4}], [{8, 1}, {4, 7}, {2, 6}, {3, 5}], [{8, 1}, {4, 7}, {3, 6}, {2, 5}], [{8, 1}, {4, 7}, {5, 6}, {2, 3}], [{8, 1}, {5, 7}, {2, 6}, {3, 4}], [{8, 1}, {5, 7}, {3, 6}, {2, 4}], [{8, 1}, {5, 7}, {4, 6}, {2, 3}], [{8, 1}, {5, 7}, {6}, {2, 4}, {3}], [{8, 1}, {6, 7}, {2, 5}, {3, 4}], [{8, 1}, {6, 7}, {3, 5}, {2, 4}], [{8, 1}, {6, 7}, {4, 5}, {2, 3}], [{8, 1}, {7}, {3, 6}, {5}, {2, 4}], [{8, 2}, {1, 7}, {3, 6}, {4, 5}], [{8, 2}, {1, 7}, {4, 6}, {3, 5}], [{8, 2}, {1, 7}, {5, 6}, {3, 4}], [{8, 2}, {1, 7}, {6}, {3, 5}, {4}], [{8, 2}, {3, 7}, {1, 6}, {4, 5}], [{8, 2}, {3, 7}, {4, 6}, {1, 5}], [{8, 2}, {3, 7}, {5, 6}, {1, 4}], [{8, 2}, {4, 7}, {1, 6}, {3, 5}], [{8, 2}, {4, 7}, {3, 6}, {1, 5}], [{8, 2}, {4, 7}, {5, 6}, {1, 3}], [{8, 2}, {5, 7}, {1, 6}, {3, 4}], [{8, 2}, {5, 7}, {3, 6}, {1, 4}], [{8, 2}, {5, 7}, {4, 6}, {1, 3}], [{8, 2}, {6, 7}, {1, 5}, {3, 4}], [{8, 2}, {6, 7}, {3, 5}, {1, 4}], [{8, 2}, {6, 7}, {4, 5}, {1, 3}], [{8, 2}, {7}, {3, 6}, {5}, {1, 4}], [{8, 2}, {7}, {4, 6}, {3, 5}, {1}], [{8, 2}, {7}, {5, 6}, {3, 4}, {1}], [{8, 3}, {1, 7}, {2, 6}, {4, 5}], [{8, 3}, {1, 7}, {2, 6}, {5}, {4}], [{8, 3}, {1, 7}, {4, 6}, {2, 5}], [{8, 3}, {1, 7}, {5, 6}, {2, 4}], [{8, 3}, {2, 7}, {1, 6}, {4, 5}], [{8, 3}, {2, 7}, {1, 6}, {5}, {4}], [{8, 3}, {2, 7}, {4, 6}, {1, 5}], [{8, 3}, {2, 7}, {5, 6}, {1, 4}], [{8, 3}, {4, 7}, {1, 6}, {2, 5}], [{8, 3}, {4, 7}, {2, 6}, {1, 5}], [{8, 3}, {4, 7}, {5, 6}, {1, 2}], [{8, 3}, {4, 7}, {6}, {1, 5}, {2}], [{8, 3}, {4, 7}, {6}, {2, 5}, {1}], [{8, 3}, {4, 7}, {6}, {5}, {1, 2}], [{8, 3}, {5, 7}, {1, 6}, {2, 4}], [{8, 3}, {5, 7}, {2, 6}, {1, 4}], [{8, 3}, {5, 7}, {4, 6}, {1, 2}], [{8, 3}, {5, 7}, {6}, {1, 4}, {2}], [{8, 3}, {5, 7}, {6}, {2, 4}, {1}], [{8, 3}, {5, 7}, {6}, {4}, {1, 2}], [{8, 3}, {6, 7}, {1, 5}, {2, 4}], [{8, 3}, {6, 7}, {1, 5}, {4}, {2}], [{8, 3}, {6, 7}, {2, 5}, {1, 4}], [{8, 3}, {6, 7}, {2, 5}, {4}, {1}], [{8, 3}, {6, 7}, {4, 5}, {1, 2}], [{8, 3}, {6, 7}, {4, 5}, {2}, {1}], [{8, 3}, {6, 7}, {5}, {1, 4}, {2}], [{8, 3}, {6, 7}, {5}, {2, 4}, {1}], [{8, 3}, {6, 7}, {5}, {4}, {1, 2}], [{8, 3}, {6, 7}, {5}, {4}, {2}, {1}], [{8, 3}, {7}, {4, 6}, {1, 5}, {2}], [{8, 3}, {7}, {4, 6}, {2, 5}, {1}], [{8, 3}, {7}, {4, 6}, {5}, {1, 2}], [{8, 3}, {7}, {5, 6}, {1, 4}, {2}], [{8, 3}, {7}, {5, 6}, {2, 4}, {1}], [{8, 3}, {7}, {5, 6}, {4}, {1, 2}], [{8, 3}, {7}, {6}, {4, 5}, {1, 2}], [{8, 3}, {7}, {6}, {5}, {4}, {1, 2}], [{8, 4}, {1, 7}, {2, 6}, {3, 5}], [{8, 4}, {1, 7}, {3, 6}, {2, 5}], [{8, 4}, {1, 7}, {5, 6}, {2, 3}], [{8, 4}, {1, 7}, {5, 6}, {3}, {2}], [{8, 4}, {2, 7}, {1, 6}, {3, 5}], [{8, 4}, {2, 7}, {3, 6}, {1, 5}], [{8, 4}, {2, 7}, {5, 6}, {1, 3}], [{8, 4}, {3, 7}, {1, 6}, {2, 5}], [{8, 4}, {3, 7}, {2, 6}, {1, 5}], [{8, 4}, {3, 7}, {2, 6}, {5}, {1}], [{8, 4}, {3, 7}, {5, 6}, {1, 2}], [{8, 4}, {3, 7}, {5, 6}, {2}, {1}], [{8, 4}, {3, 7}, {6}, {2, 5}, {1}], [{8, 4}, {5, 7}, {1, 6}, {2, 3}], [{8, 4}, {5, 7}, {2, 6}, {1, 3}], [{8, 4}, {5, 7}, {3, 6}, {1, 2}], [{8, 4}, {6, 7}, {1, 5}, {2, 3}], [{8, 4}, {6, 7}, {1, 5}, {3}, {2}], [{8, 4}, {6, 7}, {2, 5}, {1, 3}], [{8, 4}, {6, 7}, {3, 5}, {1, 2}], [{8, 4}, {7}, {1, 6}, {3, 5}, {2}], [{8, 4}, {7}, {5, 6}, {1, 3}, {2}], [{8, 5}, {1, 7}, {2, 6}, {3, 4}], [{8, 5}, {1, 7}, {3, 6}, {2, 4}], [{8, 5}, {1, 7}, {4, 6}, {2, 3}], [{8, 5}, {2, 7}, {1, 6}, {3, 4}], [{8, 5}, {2, 7}, {3, 6}, {1, 4}], [{8, 5}, {2, 7}, {4, 6}, {1, 3}], [{8, 5}, {3, 7}, {1, 6}, {2, 4}], [{8, 5}, {3, 7}, {2, 6}, {1, 4}], [{8, 5}, {3, 7}, {4, 6}, {1, 2}], [{8, 5}, {3, 7}, {6}, {2, 4}, {1}], [{8, 5}, {4, 7}, {1, 6}, {2, 3}], [{8, 5}, {4, 7}, {2, 6}, {1, 3}], [{8, 5}, {4, 7}, {3, 6}, {1, 2}], [{8, 5}, {4, 7}, {6}, {1, 3}, {2}], [{8, 5}, {6, 7}, {1, 4}, {2, 3}], [{8, 5}, {6, 7}, {1, 4}, {3}, {2}], [{8, 5}, {6, 7}, {2, 4}, {1, 3}], [{8, 5}, {6, 7}, {3, 4}, {1, 2}], [{8, 5}, {7}, {2, 6}, {3, 4}, {1}], [{8, 6}, {1, 7}, {2, 5}, {3, 4}], [{8, 6}, {1, 7}, {3, 5}, {2, 4}], [{8, 6}, {1, 7}, {4, 5}, {2, 3}], [{8, 6}, {2, 7}, {1, 5}, {3, 4}], [{8, 6}, {2, 7}, {3, 5}, {1, 4}], [{8, 6}, {2, 7}, {4, 5}, {1, 3}], [{8, 6}, {2, 7}, {5}, {3, 4}, {1}], [{8, 6}, {3, 7}, {1, 5}, {2, 4}], [{8, 6}, {3, 7}, {2, 5}, {1, 4}], [{8, 6}, {3, 7}, {4, 5}, {1, 2}], [{8, 6}, {3, 7}, {5}, {4}, {1, 2}], [{8, 6}, {4, 7}, {1, 5}, {2, 3}], [{8, 6}, {4, 7}, {2, 5}, {1, 3}], [{8, 6}, {4, 7}, {3, 5}, {1, 2}], [{8, 6}, {5, 7}, {1, 4}, {2, 3}], [{8, 6}, {5, 7}, {2, 4}, {1, 3}], [{8, 6}, {5, 7}, {3, 4}, {1, 2}], [{8, 6}, {5, 7}, {3, 4}, {2}, {1}], [{8, 6}, {7}, {2, 5}, {3, 4}, {1}], [{8, 6}, {7}, {3, 5}, {2, 4}, {1}], [{8, 7}, {1, 6}, {2, 5}, {3, 4}], [{8, 7}, {1, 6}, {3, 5}, {2, 4}], [{8, 7}, {1, 6}, {4, 5}, {2, 3}], [{8, 7}, {1, 6}, {5}, {2, 4}, {3}], [{8, 7}, {2, 6}, {1, 5}, {3, 4}], [{8, 7}, {2, 6}, {3, 5}, {1, 4}], [{8, 7}, {2, 6}, {4, 5}, {1, 3}], [{8, 7}, {2, 6}, {5}, {1, 4}, {3}], [{8, 7}, {3, 6}, {1, 5}, {2, 4}], [{8, 7}, {3, 6}, {2, 5}, {1, 4}], [{8, 7}, {3, 6}, {4, 5}, {1, 2}], [{8, 7}, {3, 6}, {5}, {4}, {1, 2}], [{8, 7}, {4, 6}, {1, 5}, {2, 3}], [{8, 7}, {4, 6}, {2, 5}, {1, 3}], [{8, 7}, {4, 6}, {3, 5}, {1, 2}], [{8, 7}, {5, 6}, {1, 4}, {2, 3}], [{8, 7}, {5, 6}, {2, 4}, {1, 3}], [{8, 7}, {5, 6}, {3, 4}, {1, 2}], [{8, 7}, {6}, {1, 5}, {4}, {2, 3}], [{8}, {1, 7}, {5, 6}, {4}, {2, 3}], [{8}, {2, 7}, {5, 6}, {1, 4}, {3}], [{8}, {5, 7}, {6}, {2, 4}, {1, 3}], [{8}, {6, 7}, {1, 5}, {3, 4}, {2}], [{8}, {6, 7}, {3, 5}, {1, 4}, {2}], [{8}, {7}, {2, 6}, {4, 5}, {1, 3}]]",2,- 8 K_1^4 + 12 K_1^3 + 8 K_1^2 K_2 - 4 K_1^2 - 6 K_1 K_2 - 2 K_1 K_3 - 6 K_1 + 3 K_2 + 4,O1O2O3O4U5U1O5U6O7O8U7U3U4U8O6U2,O1O2O3O4U1U4O5U6O7O6U2U3U8U7O8U5,O1O2O3O4U5O6U7U6U2U3O8O7U8O5U1U4,c,{'O1O2O3O4U3O5U6U1U2U7O6O7U5O8U4U8'},1,"<a href=""/flatknot/8.733752"">8.733752</a>",t^9-68t^7-184t^6+145t^5+824t^4+654t^3-98t^2-281t-92,t^3-t^2-t,,
8.733753,O1O2O3O4U3O5U6U1U2U7O6O8U4O7U5U8,3,10z^2+45z+51,4w^5z^2-22w^4z^2+4w^4z+28w^3z^2-26w^3z+67w^2z+51w,False,False,"[[ 0 -2  0 -1  2  2 -3  1  1],[ 2  0  1  0  2  2  1  2  2],[ 0 -1  0  0  1  1  0  0  2],[ 1  0  0  0  1  1  1  0  1],[-2 -2 -1 -1  0  0 -2 -1  1],[-2 -2 -1 -1  0  0 -3 -1  0],[ 3 -1  0 -1  2  3  0  3  2],[-1 -2  0  0  1  1 -3  0  1],[-1 -2 -2 -1 -1  0 -2 -1  0]]","[[ 0  2  2  1  1  0 -1 -2 -3],[-2  0  0  1 -1 -1 -1 -2 -2],[-2  0  0  0 -1 -1 -1 -2 -3],[-1 -1  0  0 -1 -2 -1 -2 -2],[-1  1  1  1  0  0  0 -2 -3],[ 0  1  1  2  0  0  0 -1  0],[ 1  1  1  1  0  0  0  0  1],[ 2  2  2  2  2  1  0  0  1],[ 3  2  3  2  3  0 -1 -1  0]]",True,"[-2,-2,-1,-1,0,1,2,3,0,-1,1,1,1,2,2,0,1,1,1,2,3,1,2,1,2,2,0,0,2,3,0,1,0,0,-1,-1]","[-3,-2,-1,0,1,1,2,2,-1,-1,0,2,3,2,3,0,1,2,2,2,2,0,1,0,1,1,2,0,1,1,-1,-1,0,1,1,0]",t^8+58t^6+248t^4+94t^2,"[-3,-2,-1,0,1,1,2,2,2,3,3,1,2,2,3,1,1,1,1,2,2,1,2,1,2,2,1,-1,1,1,-1,0,0,1,2,0]","[-2,-2,-1,-1,0,1,2,3,0,0,1,1,2,2,2,0,2,1,2,2,3,1,1,2,1,1,-1,1,1,2,1,1,3,1,3,2]","[-3,-2,-1,0,1,1,2,2,-1,-1,0,2,3,2,3,0,1,2,2,2,2,0,1,0,1,1,2,0,1,1,-1,-1,0,1,1,0]",c,"[[{8, 1}, {2, 7}, {3, 6}, {4, 5}], [{8, 1}, {2, 7}, {4, 6}, {3, 5}], [{8, 1}, {2, 7}, {5, 6}, {3, 4}], [{8, 1}, {3, 7}, {2, 6}, {4, 5}], [{8, 1}, {3, 7}, {2, 6}, {5}, {4}], [{8, 1}, {3, 7}, {4, 6}, {2, 5}], [{8, 1}, {3, 7}, {4, 6}, {5}, {2}], [{8, 1}, {3, 7}, {5, 6}, {2, 4}], [{8, 1}, {3, 7}, {5, 6}, {4}, {2}], [{8, 1}, {3, 7}, {6}, {2, 5}, {4}], [{8, 1}, {3, 7}, {6}, {4, 5}, {2}], [{8, 1}, {3, 7}, {6}, {5}, {2, 4}], [{8, 1}, {3, 7}, {6}, {5}, {4}, {2}], [{8, 1}, {4, 7}, {2, 6}, {3, 5}], [{8, 1}, {4, 7}, {3, 6}, {2, 5}], [{8, 1}, {4, 7}, {3, 6}, {5}, {2}], [{8, 1}, {4, 7}, {5, 6}, {2, 3}], [{8, 1}, {5, 7}, {2, 6}, {3, 4}], [{8, 1}, {5, 7}, {3, 6}, {2, 4}], [{8, 1}, {5, 7}, {4, 6}, {2, 3}], [{8, 1}, {6, 7}, {2, 5}, {3, 4}], [{8, 1}, {6, 7}, {3, 5}, {2, 4}], [{8, 1}, {6, 7}, {4, 5}, {2, 3}], [{8, 1}, {6, 7}, {5}, {3, 4}, {2}], [{8, 1}, {7}, {5, 6}, {2, 4}, {3}], [{8, 2}, {1, 7}, {3, 6}, {4, 5}], [{8, 2}, {1, 7}, {3, 6}, {5}, {4}], [{8, 2}, {1, 7}, {4, 6}, {3, 5}], [{8, 2}, {1, 7}, {5, 6}, {3, 4}], [{8, 2}, {3, 7}, {1, 6}, {4, 5}], [{8, 2}, {3, 7}, {1, 6}, {5}, {4}], [{8, 2}, {3, 7}, {4, 6}, {1, 5}], [{8, 2}, {3, 7}, {4, 6}, {5}, {1}], [{8, 2}, {3, 7}, {5, 6}, {1, 4}], [{8, 2}, {3, 7}, {5, 6}, {4}, {1}], [{8, 2}, {3, 7}, {6}, {1, 5}, {4}], [{8, 2}, {3, 7}, {6}, {4, 5}, {1}], [{8, 2}, {3, 7}, {6}, {5}, {1, 4}], [{8, 2}, {3, 7}, {6}, {5}, {4}, {1}], [{8, 2}, {4, 7}, {1, 6}, {3, 5}], [{8, 2}, {4, 7}, {3, 6}, {1, 5}], [{8, 2}, {4, 7}, {3, 6}, {5}, {1}], [{8, 2}, {4, 7}, {5, 6}, {1, 3}], [{8, 2}, {5, 7}, {1, 6}, {3, 4}], [{8, 2}, {5, 7}, {3, 6}, {1, 4}], [{8, 2}, {5, 7}, {3, 6}, {4}, {1}], [{8, 2}, {5, 7}, {4, 6}, {1, 3}], [{8, 2}, {6, 7}, {1, 5}, {3, 4}], [{8, 2}, {6, 7}, {1, 5}, {4}, {3}], [{8, 2}, {6, 7}, {3, 5}, {1, 4}], [{8, 2}, {6, 7}, {3, 5}, {4}, {1}], [{8, 2}, {6, 7}, {4, 5}, {1, 3}], [{8, 2}, {6, 7}, {4, 5}, {3}, {1}], [{8, 2}, {6, 7}, {5}, {1, 4}, {3}], [{8, 2}, {6, 7}, {5}, {3, 4}, {1}], [{8, 2}, {6, 7}, {5}, {4}, {1, 3}], [{8, 2}, {6, 7}, {5}, {4}, {3}, {1}], [{8, 2}, {7}, {3, 6}, {1, 5}, {4}], [{8, 2}, {7}, {3, 6}, {4, 5}, {1}], [{8, 2}, {7}, {3, 6}, {5}, {1, 4}], [{8, 2}, {7}, {3, 6}, {5}, {4}, {1}], [{8, 3}, {1, 7}, {2, 6}, {4, 5}], [{8, 3}, {1, 7}, {4, 6}, {2, 5}], [{8, 3}, {1, 7}, {5, 6}, {2, 4}], [{8, 3}, {2, 7}, {1, 6}, {4, 5}], [{8, 3}, {2, 7}, {4, 6}, {1, 5}], [{8, 3}, {2, 7}, {5, 6}, {1, 4}], [{8, 3}, {4, 7}, {1, 6}, {2, 5}], [{8, 3}, {4, 7}, {2, 6}, {1, 5}], [{8, 3}, {4, 7}, {5, 6}, {1, 2}], [{8, 3}, {5, 7}, {1, 6}, {2, 4}], [{8, 3}, {5, 7}, {2, 6}, {1, 4}], [{8, 3}, {5, 7}, {4, 6}, {1, 2}], [{8, 3}, {6, 7}, {1, 5}, {2, 4}], [{8, 3}, {6, 7}, {2, 5}, {1, 4}], [{8, 3}, {6, 7}, {4, 5}, {1, 2}], [{8, 4}, {1, 7}, {2, 6}, {3, 5}], [{8, 4}, {1, 7}, {3, 6}, {2, 5}], [{8, 4}, {1, 7}, {3, 6}, {5}, {2}], [{8, 4}, {1, 7}, {5, 6}, {2, 3}], [{8, 4}, {2, 7}, {1, 6}, {3, 5}], [{8, 4}, {2, 7}, {3, 6}, {1, 5}], [{8, 4}, {2, 7}, {5, 6}, {1, 3}], [{8, 4}, {3, 7}, {1, 6}, {2, 5}], [{8, 4}, {3, 7}, {1, 6}, {5}, {2}], [{8, 4}, {3, 7}, {2, 6}, {1, 5}], [{8, 4}, {3, 7}, {2, 6}, {5}, {1}], [{8, 4}, {3, 7}, {5, 6}, {1, 2}], [{8, 4}, {3, 7}, {5, 6}, {2}, {1}], [{8, 4}, {3, 7}, {6}, {1, 5}, {2}], [{8, 4}, {3, 7}, {6}, {2, 5}, {1}], [{8, 4}, {3, 7}, {6}, {5}, {1, 2}], [{8, 4}, {3, 7}, {6}, {5}, {2}, {1}], [{8, 4}, {5, 7}, {1, 6}, {2, 3}], [{8, 4}, {5, 7}, {2, 6}, {1, 3}], [{8, 4}, {5, 7}, {3, 6}, {1, 2}], [{8, 4}, {6, 7}, {1, 5}, {2, 3}], [{8, 4}, {6, 7}, {2, 5}, {1, 3}], [{8, 4}, {6, 7}, {3, 5}, {1, 2}], [{8, 4}, {6, 7}, {5}, {1, 3}, {2}], [{8, 5}, {1, 7}, {2, 6}, {3, 4}], [{8, 5}, {1, 7}, {3, 6}, {2, 4}], [{8, 5}, {1, 7}, {4, 6}, {2, 3}], [{8, 5}, {1, 7}, {6}, {3, 4}, {2}], [{8, 5}, {2, 7}, {1, 6}, {3, 4}], [{8, 5}, {2, 7}, {3, 6}, {1, 4}], [{8, 5}, {2, 7}, {4, 6}, {1, 3}], [{8, 5}, {3, 7}, {1, 6}, {2, 4}], [{8, 5}, {3, 7}, {1, 6}, {4}, {2}], [{8, 5}, {3, 7}, {2, 6}, {1, 4}], [{8, 5}, {3, 7}, {2, 6}, {4}, {1}], [{8, 5}, {3, 7}, {4, 6}, {1, 2}], [{8, 5}, {3, 7}, {4, 6}, {2}, {1}], [{8, 5}, {3, 7}, {6}, {1, 4}, {2}], [{8, 5}, {3, 7}, {6}, {2, 4}, {1}], [{8, 5}, {3, 7}, {6}, {4}, {1, 2}], [{8, 5}, {3, 7}, {6}, {4}, {2}, {1}], [{8, 5}, {4, 7}, {1, 6}, {2, 3}], [{8, 5}, {4, 7}, {2, 6}, {1, 3}], [{8, 5}, {4, 7}, {3, 6}, {1, 2}], [{8, 5}, {4, 7}, {6}, {1, 3}, {2}], [{8, 5}, {6, 7}, {1, 4}, {2, 3}], [{8, 5}, {6, 7}, {2, 4}, {1, 3}], [{8, 5}, {6, 7}, {3, 4}, {1, 2}], [{8, 6}, {1, 7}, {2, 5}, {3, 4}], [{8, 6}, {1, 7}, {3, 5}, {2, 4}], [{8, 6}, {1, 7}, {4, 5}, {2, 3}], [{8, 6}, {1, 7}, {5}, {3, 4}, {2}], [{8, 6}, {2, 7}, {1, 5}, {3, 4}], [{8, 6}, {2, 7}, {3, 5}, {1, 4}], [{8, 6}, {2, 7}, {4, 5}, {1, 3}], [{8, 6}, {3, 7}, {1, 5}, {2, 4}], [{8, 6}, {3, 7}, {1, 5}, {4}, {2}], [{8, 6}, {3, 7}, {2, 5}, {1, 4}], [{8, 6}, {3, 7}, {2, 5}, {4}, {1}], [{8, 6}, {3, 7}, {4, 5}, {1, 2}], [{8, 6}, {3, 7}, {4, 5}, {2}, {1}], [{8, 6}, {3, 7}, {5}, {1, 4}, {2}], [{8, 6}, {3, 7}, {5}, {2, 4}, {1}], [{8, 6}, {3, 7}, {5}, {4}, {1, 2}], [{8, 6}, {3, 7}, {5}, {4}, {2}, {1}], [{8, 6}, {4, 7}, {1, 5}, {2, 3}], [{8, 6}, {4, 7}, {2, 5}, {1, 3}], [{8, 6}, {4, 7}, {3, 5}, {1, 2}], [{8, 6}, {4, 7}, {5}, {1, 3}, {2}], [{8, 6}, {5, 7}, {1, 4}, {2, 3}], [{8, 6}, {5, 7}, {2, 4}, {1, 3}], [{8, 6}, {5, 7}, {3, 4}, {1, 2}], [{8, 7}, {1, 6}, {2, 5}, {3, 4}], [{8, 7}, {1, 6}, {3, 5}, {2, 4}], [{8, 7}, {1, 6}, {4, 5}, {2, 3}], [{8, 7}, {2, 6}, {1, 5}, {3, 4}], [{8, 7}, {2, 6}, {3, 5}, {1, 4}], [{8, 7}, {2, 6}, {4, 5}, {1, 3}], [{8, 7}, {3, 6}, {1, 5}, {2, 4}], [{8, 7}, {3, 6}, {2, 5}, {1, 4}], [{8, 7}, {3, 6}, {4, 5}, {1, 2}], [{8, 7}, {4, 6}, {1, 5}, {2, 3}], [{8, 7}, {4, 6}, {2, 5}, {1, 3}], [{8, 7}, {4, 6}, {3, 5}, {1, 2}], [{8, 7}, {5, 6}, {1, 4}, {2, 3}], [{8, 7}, {5, 6}, {2, 4}, {1, 3}], [{8, 7}, {5, 6}, {3, 4}, {1, 2}], [{8}, {1, 7}, {3, 6}, {5}, {2, 4}], [{8}, {1, 7}, {5, 6}, {3, 4}, {2}], [{8}, {3, 7}, {1, 6}, {2, 5}, {4}], [{8}, {3, 7}, {1, 6}, {4, 5}, {2}], [{8}, {3, 7}, {1, 6}, {5}, {2, 4}], [{8}, {3, 7}, {1, 6}, {5}, {4}, {2}], [{8}, {3, 7}, {2, 6}, {1, 5}, {4}], [{8}, {3, 7}, {2, 6}, {4, 5}, {1}], [{8}, {3, 7}, {2, 6}, {5}, {1, 4}], [{8}, {3, 7}, {2, 6}, {5}, {4}, {1}], [{8}, {3, 7}, {4, 6}, {1, 5}, {2}], [{8}, {3, 7}, {4, 6}, {2, 5}, {1}], [{8}, {3, 7}, {4, 6}, {5}, {1, 2}], [{8}, {3, 7}, {4, 6}, {5}, {2}, {1}], [{8}, {3, 7}, {5, 6}, {1, 4}, {2}], [{8}, {3, 7}, {5, 6}, {2, 4}, {1}], [{8}, {3, 7}, {5, 6}, {4}, {1, 2}], [{8}, {3, 7}, {5, 6}, {4}, {2}, {1}], [{8}, {3, 7}, {6}, {1, 5}, {2, 4}], [{8}, {3, 7}, {6}, {1, 5}, {4}, {2}], [{8}, {3, 7}, {6}, {2, 5}, {1, 4}], [{8}, {3, 7}, {6}, {2, 5}, {4}, {1}], [{8}, {3, 7}, {6}, {4, 5}, {1, 2}], [{8}, {3, 7}, {6}, {4, 5}, {2}, {1}], [{8}, {3, 7}, {6}, {5}, {1, 4}, {2}], [{8}, {3, 7}, {6}, {5}, {2, 4}, {1}], [{8}, {3, 7}, {6}, {5}, {4}, {1, 2}], [{8}, {3, 7}, {6}, {5}, {4}, {2}, {1}], [{8}, {4, 7}, {2, 6}, {3, 5}, {1}], [{8}, {4, 7}, {3, 6}, {5}, {1, 2}], [{8}, {4, 7}, {5, 6}, {1, 3}, {2}], [{8}, {5, 7}, {2, 6}, {3, 4}, {1}], [{8}, {6, 7}, {5}, {2, 4}, {1, 3}], [{8}, {6, 7}, {5}, {3, 4}, {1, 2}]]",2,- 32 K_1^4 + 12 K_1^3 + 24 K_1^2 K_2 + 2 K_1^2 - 6 K_1 K_2 - 4 K_1 K_3 - 6 K_1 + 5 K_2 + 6,O1O2O3O4U5U6O7U1O5O8U7U3U4U8O6U2,O1O2O3O4U1U5O6U4O7O5U2U3U8U6O8U7,O1O2O3O4U5O6U7U6U2U3O8O5U1O7U8U4,c,{'O1O2O3O4U3O5U6U1U2U7O6O8U4O7U5U8'},1,"<a href=""/flatknot/8.733753"">8.733753</a>",t^9-62t^7-164t^6+131t^5+586t^4+292t^3-112t^2-140t+8,t^3-t^2-t,,
8.733754,O1O2O3O4U3O5U6U1U2U7O6O8U4O7U8U5,4,z^3+26z^2+92z+89,w^4z^3-6w^4z^2+32w^3z^2-10w^3z+102w^2z+89w,False,False,"[[ 0 -2  0 -1  2  3 -3  1  0],[ 2  0  1  0  2  2  1  2  1],[ 0 -1  0  0  1  1  0  0  1],[ 1  0  0  0  1  1  1  0  1],[-2 -2 -1 -1  0  1 -2 -1  0],[-3 -2 -1 -1 -1  0 -4 -1 -1],[ 3 -1  0 -1  2  4  0  3  1],[-1 -2  0  0  1  1 -3  0  0],[ 0 -1 -1 -1  0  1 -1  0  0]]","[[ 0  3  2  1  0  0 -1 -2 -3],[-3  0 -1 -1 -1 -1 -1 -2 -4],[-2  1  0 -1  0 -1 -1 -2 -2],[-1  1  1  0  0  0  0 -2 -3],[ 0  1  0  0  0 -1 -1 -1 -1],[ 0  1  1  0  1  0  0 -1  0],[ 1  1  1  0  1  0  0  0  1],[ 2  2  2  2  1  1  0  0  1],[ 3  4  2  3  1  0 -1 -1  0]]",True,"[-3,-2,-1,0,0,1,2,3,1,1,1,1,1,2,4,1,0,1,1,2,2,0,0,0,2,3,1,1,1,1,0,1,0,0,-1,-1]","[-3,-2,-1,0,0,1,2,3,-1,-1,0,1,3,2,4,0,1,1,2,2,2,0,1,0,1,1,1,0,1,1,0,0,1,1,1,1]",t^8+56t^6+210t^4+31t^2+1,"[-3,-2,-1,0,0,1,2,3,2,3,2,3,1,3,2,1,1,1,1,2,3,0,1,2,2,3,1,1,2,2,1,1,2,0,1,0]","[-3,-2,-1,0,0,1,2,3,0,1,2,2,3,3,2,0,1,2,2,2,3,1,1,2,1,1,1,1,1,3,0,1,2,1,3,2]","[-3,-2,-1,0,0,1,2,3,-1,-1,0,1,3,2,4,0,1,1,2,2,2,0,1,0,1,1,1,0,1,1,0,0,1,1,1,1]",c,"[[{8, 1}, {2, 7}, {3, 6}, {4, 5}], [{8, 1}, {2, 7}, {3, 6}, {5}, {4}], [{8, 1}, {2, 7}, {4, 6}, {3, 5}], [{8, 1}, {2, 7}, {5, 6}, {3, 4}], [{8, 1}, {3, 7}, {2, 6}, {4, 5}], [{8, 1}, {3, 7}, {4, 6}, {2, 5}], [{8, 1}, {3, 7}, {4, 6}, {5}, {2}], [{8, 1}, {3, 7}, {5, 6}, {2, 4}], [{8, 1}, {3, 7}, {6}, {2, 5}, {4}], [{8, 1}, {4, 7}, {2, 6}, {3, 5}], [{8, 1}, {4, 7}, {3, 6}, {2, 5}], [{8, 1}, {4, 7}, {5, 6}, {2, 3}], [{8, 1}, {4, 7}, {5, 6}, {3}, {2}], [{8, 1}, {5, 7}, {2, 6}, {3, 4}], [{8, 1}, {5, 7}, {3, 6}, {2, 4}], [{8, 1}, {5, 7}, {3, 6}, {4}, {2}], [{8, 1}, {5, 7}, {4, 6}, {2, 3}], [{8, 1}, {5, 7}, {4, 6}, {3}, {2}], [{8, 1}, {5, 7}, {6}, {3, 4}, {2}], [{8, 1}, {6, 7}, {2, 5}, {3, 4}], [{8, 1}, {6, 7}, {2, 5}, {4}, {3}], [{8, 1}, {6, 7}, {3, 5}, {2, 4}], [{8, 1}, {6, 7}, {4, 5}, {2, 3}], [{8, 1}, {7}, {2, 6}, {3, 5}, {4}], [{8, 1}, {7}, {3, 6}, {2, 5}, {4}], [{8, 1}, {7}, {4, 6}, {3, 5}, {2}], [{8, 1}, {7}, {5, 6}, {4}, {2, 3}], [{8, 1}, {7}, {6}, {3, 5}, {2, 4}], [{8, 2}, {1, 7}, {3, 6}, {4, 5}], [{8, 2}, {1, 7}, {4, 6}, {3, 5}], [{8, 2}, {1, 7}, {5, 6}, {3, 4}], [{8, 2}, {3, 7}, {1, 6}, {4, 5}], [{8, 2}, {3, 7}, {4, 6}, {1, 5}], [{8, 2}, {3, 7}, {5, 6}, {1, 4}], [{8, 2}, {4, 7}, {1, 6}, {3, 5}], [{8, 2}, {4, 7}, {3, 6}, {1, 5}], [{8, 2}, {4, 7}, {5, 6}, {1, 3}], [{8, 2}, {4, 7}, {5, 6}, {3}, {1}], [{8, 2}, {4, 7}, {6}, {5}, {1, 3}], [{8, 2}, {5, 7}, {1, 6}, {3, 4}], [{8, 2}, {5, 7}, {3, 6}, {1, 4}], [{8, 2}, {5, 7}, {4, 6}, {1, 3}], [{8, 2}, {5, 7}, {4, 6}, {3}, {1}], [{8, 2}, {6, 7}, {1, 5}, {3, 4}], [{8, 2}, {6, 7}, {1, 5}, {4}, {3}], [{8, 2}, {6, 7}, {3, 5}, {1, 4}], [{8, 2}, {6, 7}, {4, 5}, {1, 3}], [{8, 2}, {6, 7}, {5}, {3, 4}, {1}], [{8, 3}, {1, 7}, {2, 6}, {4, 5}], [{8, 3}, {1, 7}, {4, 6}, {2, 5}], [{8, 3}, {1, 7}, {5, 6}, {2, 4}], [{8, 3}, {2, 7}, {1, 6}, {4, 5}], [{8, 3}, {2, 7}, {4, 6}, {1, 5}], [{8, 3}, {2, 7}, {5, 6}, {1, 4}], [{8, 3}, {4, 7}, {1, 6}, {2, 5}], [{8, 3}, {4, 7}, {2, 6}, {1, 5}], [{8, 3}, {4, 7}, {5, 6}, {1, 2}], [{8, 3}, {4, 7}, {5, 6}, {2}, {1}], [{8, 3}, {5, 7}, {1, 6}, {2, 4}], [{8, 3}, {5, 7}, {2, 6}, {1, 4}], [{8, 3}, {5, 7}, {4, 6}, {1, 2}], [{8, 3}, {6, 7}, {1, 5}, {2, 4}], [{8, 3}, {6, 7}, {2, 5}, {1, 4}], [{8, 3}, {6, 7}, {4, 5}, {1, 2}], [{8, 4}, {1, 7}, {2, 6}, {3, 5}], [{8, 4}, {1, 7}, {2, 6}, {5}, {3}], [{8, 4}, {1, 7}, {3, 6}, {2, 5}], [{8, 4}, {1, 7}, {5, 6}, {2, 3}], [{8, 4}, {2, 7}, {1, 6}, {3, 5}], [{8, 4}, {2, 7}, {3, 6}, {1, 5}], [{8, 4}, {2, 7}, {5, 6}, {1, 3}], [{8, 4}, {3, 7}, {1, 6}, {2, 5}], [{8, 4}, {3, 7}, {2, 6}, {1, 5}], [{8, 4}, {3, 7}, {5, 6}, {1, 2}], [{8, 4}, {5, 7}, {1, 6}, {2, 3}], [{8, 4}, {5, 7}, {2, 6}, {1, 3}], [{8, 4}, {5, 7}, {3, 6}, {1, 2}], [{8, 4}, {6, 7}, {1, 5}, {2, 3}], [{8, 4}, {6, 7}, {2, 5}, {1, 3}], [{8, 4}, {6, 7}, {3, 5}, {1, 2}], [{8, 4}, {6, 7}, {3, 5}, {2}, {1}], [{8, 4}, {7}, {3, 6}, {2, 5}, {1}], [{8, 4}, {7}, {6}, {3, 5}, {1, 2}], [{8, 5}, {1, 7}, {2, 6}, {3, 4}], [{8, 5}, {1, 7}, {3, 6}, {2, 4}], [{8, 5}, {1, 7}, {4, 6}, {2, 3}], [{8, 5}, {1, 7}, {6}, {3, 4}, {2}], [{8, 5}, {2, 7}, {1, 6}, {3, 4}], [{8, 5}, {2, 7}, {3, 6}, {1, 4}], [{8, 5}, {2, 7}, {4, 6}, {1, 3}], [{8, 5}, {3, 7}, {1, 6}, {2, 4}], [{8, 5}, {3, 7}, {2, 6}, {1, 4}], [{8, 5}, {3, 7}, {4, 6}, {1, 2}], [{8, 5}, {3, 7}, {6}, {1, 4}, {2}], [{8, 5}, {4, 7}, {1, 6}, {2, 3}], [{8, 5}, {4, 7}, {2, 6}, {1, 3}], [{8, 5}, {4, 7}, {3, 6}, {1, 2}], [{8, 5}, {4, 7}, {6}, {1, 3}, {2}], [{8, 5}, {6, 7}, {1, 4}, {2, 3}], [{8, 5}, {6, 7}, {2, 4}, {1, 3}], [{8, 5}, {6, 7}, {3, 4}, {1, 2}], [{8, 6}, {1, 7}, {2, 5}, {3, 4}], [{8, 6}, {1, 7}, {3, 5}, {2, 4}], [{8, 6}, {1, 7}, {4, 5}, {2, 3}], [{8, 6}, {1, 7}, {5}, {3, 4}, {2}], [{8, 6}, {2, 7}, {1, 5}, {3, 4}], [{8, 6}, {2, 7}, {3, 5}, {1, 4}], [{8, 6}, {2, 7}, {3, 5}, {4}, {1}], [{8, 6}, {2, 7}, {4, 5}, {1, 3}], [{8, 6}, {3, 7}, {1, 5}, {2, 4}], [{8, 6}, {3, 7}, {2, 5}, {1, 4}], [{8, 6}, {3, 7}, {4, 5}, {1, 2}], [{8, 6}, {3, 7}, {5}, {1, 4}, {2}], [{8, 6}, {4, 7}, {1, 5}, {2, 3}], [{8, 6}, {4, 7}, {2, 5}, {1, 3}], [{8, 6}, {4, 7}, {3, 5}, {1, 2}], [{8, 6}, {4, 7}, {5}, {1, 3}, {2}], [{8, 6}, {5, 7}, {1, 4}, {2, 3}], [{8, 6}, {5, 7}, {2, 4}, {1, 3}], [{8, 6}, {5, 7}, {3, 4}, {1, 2}], [{8, 7}, {1, 6}, {2, 5}, {3, 4}], [{8, 7}, {1, 6}, {3, 5}, {2, 4}], [{8, 7}, {1, 6}, {4, 5}, {2, 3}], [{8, 7}, {2, 6}, {1, 5}, {3, 4}], [{8, 7}, {2, 6}, {3, 5}, {1, 4}], [{8, 7}, {2, 6}, {4, 5}, {1, 3}], [{8, 7}, {3, 6}, {1, 5}, {2, 4}], [{8, 7}, {3, 6}, {2, 5}, {1, 4}], [{8, 7}, {3, 6}, {4, 5}, {1, 2}], [{8, 7}, {3, 6}, {5}, {1, 4}, {2}], [{8, 7}, {4, 6}, {1, 5}, {2, 3}], [{8, 7}, {4, 6}, {1, 5}, {3}, {2}], [{8, 7}, {4, 6}, {2, 5}, {1, 3}], [{8, 7}, {4, 6}, {3, 5}, {1, 2}], [{8, 7}, {5, 6}, {1, 4}, {2, 3}], [{8, 7}, {5, 6}, {2, 4}, {1, 3}], [{8, 7}, {5, 6}, {3, 4}, {1, 2}], [{8, 7}, {6}, {2, 5}, {1, 4}, {3}], [{8}, {1, 7}, {5, 6}, {3, 4}, {2}], [{8}, {2, 7}, {4, 6}, {5}, {1, 3}], [{8}, {3, 7}, {4, 6}, {2, 5}, {1}], [{8}, {3, 7}, {5, 6}, {1, 4}, {2}], [{8}, {4, 7}, {1, 6}, {3, 5}, {2}], [{8}, {4, 7}, {2, 6}, {5}, {1, 3}], [{8}, {4, 7}, {3, 6}, {1, 5}, {2}], [{8}, {4, 7}, {5, 6}, {1, 3}, {2}], [{8}, {4, 7}, {5, 6}, {2, 3}, {1}], [{8}, {4, 7}, {5, 6}, {3}, {1, 2}], [{8}, {4, 7}, {5, 6}, {3}, {2}, {1}], [{8}, {4, 7}, {6}, {2, 5}, {1, 3}], [{8}, {4, 7}, {6}, {5}, {1, 3}, {2}], [{8}, {5, 7}, {3, 6}, {2, 4}, {1}], [{8}, {5, 7}, {4, 6}, {3}, {1, 2}], [{8}, {6, 7}, {5}, {2, 4}, {1, 3}], [{8}, {7}, {3, 6}, {2, 5}, {1, 4}]]",2,12 K_1^3 + 8 K_1^2 K_2 - 16 K_1^2 - 8 K_1 K_2 - 4 K_1 K_3 - 5 K_1 + 6 K_2 + K_3 + 7,O1O2O3O4U5U6O7U1O6O8U7U3U4U8O5U2,O1O2O3O4U1U5O6U4O5O7U2U3U8U6O8U7,O1O2O3O4U5O6U7U6U2U3O5O8U1O7U8U4,c,{'O1O2O3O4U3O5U6U1U2U7O6O8U4O7U8U5'},1,"<a href=""/flatknot/8.733754"">8.733754</a>",t^9-56t^7-156t^6-10t^5+272t^4+261t^3+60t^2-233t-94,0,,
8.733755,O1O2O3O4U3O5U6U1U2U7O6O8U5O7U4U8,4,z^3+17z^2+67z+75,-2w^5z^3+3w^4z^3-14w^4z^2+31w^3z^2-16w^3z+83w^2z+75w,False,False,"[[ 0 -2  0 -1  2  2 -3  1  1],[ 2  0  1  0  3  1  1  2  2],[ 0 -1  0  0  2  0  0  0  2],[ 1  0  0  0  1  0  1  1  1],[-2 -3 -2 -1  0  1 -3 -2  1],[-2 -1  0  0 -1  0 -2 -1  0],[ 3 -1  0 -1  3  2  0  3  2],[-1 -2  0 -1  2  1 -3  0  1],[-1 -2 -2 -1 -1  0 -2 -1  0]]","[[ 0  2  2  1  1  0 -1 -2 -3],[-2  0  1  1 -2 -2 -1 -3 -3],[-2 -1  0  0 -1  0  0 -1 -2],[-1 -1  0  0 -1 -2 -1 -2 -2],[-1  2  1  1  0  0 -1 -2 -3],[ 0  2  0  2  0  0  0 -1  0],[ 1  1  0  1  1  0  0  0  1],[ 2  3  1  2  2  1  0  0  1],[ 3  3  2  2  3  0 -1 -1  0]]",True,"[-2,-2,-1,-1,0,1,2,3,-1,-1,2,2,1,3,3,0,1,0,0,1,2,1,2,1,2,2,0,1,2,3,0,1,0,0,-1,-1]","[-3,-2,-1,0,1,1,2,2,-1,-1,0,2,3,2,3,0,1,2,2,1,3,0,1,1,0,1,2,0,0,2,-1,0,-1,1,2,-1]",t^8+66t^6+309t^4+164t^2,"[-3,-2,-1,0,1,1,2,2,2,3,3,1,2,2,3,1,1,1,1,1,3,1,1,1,2,3,1,-1,0,2,-1,-1,0,2,1,-1]","[-2,-2,-1,-1,0,1,2,3,-1,0,1,2,3,3,3,-1,2,0,2,1,2,1,1,1,1,1,-1,1,1,2,1,1,3,1,3,2]","[-3,-2,-1,0,1,1,2,2,-1,-1,0,2,3,2,3,0,1,2,2,1,3,0,1,1,0,1,2,0,0,2,-1,0,-1,1,2,-1]",c,"[[{8, 1}, {2, 7}, {3, 6}, {4, 5}], [{8, 1}, {2, 7}, {4, 6}, {3, 5}], [{8, 1}, {2, 7}, {5, 6}, {3, 4}], [{8, 1}, {2, 7}, {6}, {4, 5}, {3}], [{8, 1}, {3, 7}, {2, 6}, {4, 5}], [{8, 1}, {3, 7}, {4, 6}, {2, 5}], [{8, 1}, {3, 7}, {5, 6}, {2, 4}], [{8, 1}, {3, 7}, {6}, {4, 5}, {2}], [{8, 1}, {4, 7}, {2, 6}, {3, 5}], [{8, 1}, {4, 7}, {3, 6}, {2, 5}], [{8, 1}, {4, 7}, {5, 6}, {2, 3}], [{8, 1}, {5, 7}, {2, 6}, {3, 4}], [{8, 1}, {5, 7}, {3, 6}, {2, 4}], [{8, 1}, {5, 7}, {4, 6}, {2, 3}], [{8, 1}, {5, 7}, {6}, {2, 4}, {3}], [{8, 1}, {6, 7}, {2, 5}, {3, 4}], [{8, 1}, {6, 7}, {3, 5}, {2, 4}], [{8, 1}, {6, 7}, {4, 5}, {2, 3}], [{8, 1}, {6, 7}, {5}, {4}, {2, 3}], [{8, 1}, {7}, {6}, {4, 5}, {2, 3}], [{8, 2}, {1, 7}, {3, 6}, {4, 5}], [{8, 2}, {1, 7}, {4, 6}, {3, 5}], [{8, 2}, {1, 7}, {5, 6}, {3, 4}], [{8, 2}, {1, 7}, {6}, {4, 5}, {3}], [{8, 2}, {3, 7}, {1, 6}, {4, 5}], [{8, 2}, {3, 7}, {4, 6}, {1, 5}], [{8, 2}, {3, 7}, {5, 6}, {1, 4}], [{8, 2}, {3, 7}, {6}, {4, 5}, {1}], [{8, 2}, {4, 7}, {1, 6}, {3, 5}], [{8, 2}, {4, 7}, {3, 6}, {1, 5}], [{8, 2}, {4, 7}, {5, 6}, {1, 3}], [{8, 2}, {5, 7}, {1, 6}, {3, 4}], [{8, 2}, {5, 7}, {3, 6}, {1, 4}], [{8, 2}, {5, 7}, {4, 6}, {1, 3}], [{8, 2}, {5, 7}, {6}, {1, 4}, {3}], [{8, 2}, {6, 7}, {1, 5}, {3, 4}], [{8, 2}, {6, 7}, {3, 5}, {1, 4}], [{8, 2}, {6, 7}, {4, 5}, {1, 3}], [{8, 2}, {7}, {6}, {4, 5}, {1, 3}], [{8, 3}, {1, 7}, {2, 6}, {4, 5}], [{8, 3}, {1, 7}, {4, 6}, {2, 5}], [{8, 3}, {1, 7}, {4, 6}, {5}, {2}], [{8, 3}, {1, 7}, {5, 6}, {2, 4}], [{8, 3}, {2, 7}, {1, 6}, {4, 5}], [{8, 3}, {2, 7}, {4, 6}, {1, 5}], [{8, 3}, {2, 7}, {5, 6}, {1, 4}], [{8, 3}, {4, 7}, {1, 6}, {2, 5}], [{8, 3}, {4, 7}, {2, 6}, {1, 5}], [{8, 3}, {4, 7}, {5, 6}, {1, 2}], [{8, 3}, {5, 7}, {1, 6}, {2, 4}], [{8, 3}, {5, 7}, {2, 6}, {1, 4}], [{8, 3}, {5, 7}, {4, 6}, {1, 2}], [{8, 3}, {5, 7}, {6}, {2, 4}, {1}], [{8, 3}, {6, 7}, {1, 5}, {2, 4}], [{8, 3}, {6, 7}, {2, 5}, {1, 4}], [{8, 3}, {6, 7}, {4, 5}, {1, 2}], [{8, 3}, {6, 7}, {4, 5}, {2}, {1}], [{8, 4}, {1, 7}, {2, 6}, {3, 5}], [{8, 4}, {1, 7}, {3, 6}, {2, 5}], [{8, 4}, {1, 7}, {5, 6}, {2, 3}], [{8, 4}, {2, 7}, {1, 6}, {3, 5}], [{8, 4}, {2, 7}, {3, 6}, {1, 5}], [{8, 4}, {2, 7}, {5, 6}, {1, 3}], [{8, 4}, {3, 7}, {1, 6}, {2, 5}], [{8, 4}, {3, 7}, {2, 6}, {1, 5}], [{8, 4}, {3, 7}, {5, 6}, {1, 2}], [{8, 4}, {5, 7}, {1, 6}, {2, 3}], [{8, 4}, {5, 7}, {2, 6}, {1, 3}], [{8, 4}, {5, 7}, {3, 6}, {1, 2}], [{8, 4}, {5, 7}, {6}, {2, 3}, {1}], [{8, 4}, {6, 7}, {1, 5}, {2, 3}], [{8, 4}, {6, 7}, {2, 5}, {1, 3}], [{8, 4}, {6, 7}, {3, 5}, {1, 2}], [{8, 4}, {7}, {5, 6}, {3}, {1, 2}], [{8, 5}, {1, 7}, {2, 6}, {3, 4}], [{8, 5}, {1, 7}, {3, 6}, {2, 4}], [{8, 5}, {1, 7}, {4, 6}, {2, 3}], [{8, 5}, {2, 7}, {1, 6}, {3, 4}], [{8, 5}, {2, 7}, {3, 6}, {1, 4}], [{8, 5}, {2, 7}, {4, 6}, {1, 3}], [{8, 5}, {3, 7}, {1, 6}, {2, 4}], [{8, 5}, {3, 7}, {2, 6}, {1, 4}], [{8, 5}, {3, 7}, {4, 6}, {1, 2}], [{8, 5}, {4, 7}, {1, 6}, {2, 3}], [{8, 5}, {4, 7}, {2, 6}, {1, 3}], [{8, 5}, {4, 7}, {3, 6}, {1, 2}], [{8, 5}, {4, 7}, {6}, {1, 3}, {2}], [{8, 5}, {6, 7}, {1, 4}, {2, 3}], [{8, 5}, {6, 7}, {2, 4}, {1, 3}], [{8, 5}, {6, 7}, {2, 4}, {3}, {1}], [{8, 5}, {6, 7}, {3, 4}, {1, 2}], [{8, 6}, {1, 7}, {2, 5}, {3, 4}], [{8, 6}, {1, 7}, {3, 5}, {2, 4}], [{8, 6}, {1, 7}, {4, 5}, {2, 3}], [{8, 6}, {2, 7}, {1, 5}, {3, 4}], [{8, 6}, {2, 7}, {3, 5}, {1, 4}], [{8, 6}, {2, 7}, {4, 5}, {1, 3}], [{8, 6}, {3, 7}, {1, 5}, {2, 4}], [{8, 6}, {3, 7}, {2, 5}, {1, 4}], [{8, 6}, {3, 7}, {4, 5}, {1, 2}], [{8, 6}, {3, 7}, {4, 5}, {2}, {1}], [{8, 6}, {4, 7}, {1, 5}, {2, 3}], [{8, 6}, {4, 7}, {2, 5}, {1, 3}], [{8, 6}, {4, 7}, {3, 5}, {1, 2}], [{8, 6}, {5, 7}, {1, 4}, {2, 3}], [{8, 6}, {5, 7}, {2, 4}, {1, 3}], [{8, 6}, {5, 7}, {3, 4}, {1, 2}], [{8, 7}, {1, 6}, {2, 5}, {3, 4}], [{8, 7}, {1, 6}, {3, 5}, {2, 4}], [{8, 7}, {1, 6}, {4, 5}, {2, 3}], [{8, 7}, {1, 6}, {5}, {2, 4}, {3}], [{8, 7}, {2, 6}, {1, 5}, {3, 4}], [{8, 7}, {2, 6}, {3, 5}, {1, 4}], [{8, 7}, {2, 6}, {4, 5}, {1, 3}], [{8, 7}, {2, 6}, {5}, {1, 4}, {3}], [{8, 7}, {3, 6}, {1, 5}, {2, 4}], [{8, 7}, {3, 6}, {2, 5}, {1, 4}], [{8, 7}, {3, 6}, {4, 5}, {1, 2}], [{8, 7}, {3, 6}, {4, 5}, {2}, {1}], [{8, 7}, {4, 6}, {1, 5}, {2, 3}], [{8, 7}, {4, 6}, {2, 5}, {1, 3}], [{8, 7}, {4, 6}, {3, 5}, {1, 2}], [{8, 7}, {5, 6}, {1, 4}, {2, 3}], [{8, 7}, {5, 6}, {2, 4}, {1, 3}], [{8, 7}, {5, 6}, {2, 4}, {3}, {1}], [{8, 7}, {5, 6}, {3, 4}, {1, 2}], [{8, 7}, {6}, {1, 5}, {2, 4}, {3}], [{8}, {1, 7}, {5, 6}, {4}, {2, 3}], [{8}, {3, 7}, {1, 6}, {4, 5}, {2}], [{8}, {3, 7}, {2, 6}, {4, 5}, {1}], [{8}, {3, 7}, {6}, {4, 5}, {1, 2}], [{8}, {3, 7}, {6}, {4, 5}, {2}, {1}], [{8}, {4, 7}, {2, 6}, {3, 5}, {1}], [{8}, {4, 7}, {3, 6}, {2, 5}, {1}], [{8}, {5, 7}, {2, 6}, {3, 4}, {1}], [{8}, {5, 7}, {4, 6}, {3}, {1, 2}], [{8}, {5, 7}, {6}, {2, 4}, {1, 3}], [{8}, {6, 7}, {2, 5}, {3, 4}, {1}], [{8}, {6, 7}, {3, 5}, {4}, {1, 2}]]",2,- 8 K_1^4 + 16 K_1^3 + 8 K_1^2 K_2 - 8 K_1^2 - 10 K_1 K_2 - 2 K_1 K_3 - 7 K_1 + 5 K_2 + K_3 + 6,O1O2O3O4U5U1O6U7O5O8U6U3U4U8O7U2,O1O2O3O4U1U5O6U4O7O5U2U3U8U7O8U6,O1O2O3O4U5O6U7U6U2U3O8O7U1O5U8U4,c,{'O1O2O3O4U3O5U6U1U2U7O6O8U5O7U4U8'},1,"<a href=""/flatknot/8.733755"">8.733755</a>",t^9-70t^7-232t^6+50t^5+790t^4+584t^3+62t^2+287t+184,t^3-t^2-t,,
8.733756,O1O2O3O4U3O5U6U1U2U7O6O8U5O7U8U4,4,6z^3+45z^2+112z+93,6w^4z^3+45w^3z^2+112w^2z+93w,False,False,"[[ 0 -2  0 -1  3  2 -3  1  0],[ 2  0  1  0  3  1  1  2  1],[ 0 -1  0  0  2  0  0  0  1],[ 1  0  0  0  1  0  1  1  0],[-3 -3 -2 -1  0  0 -4 -2  0],[-2 -1  0  0  0  0 -2 -1  0],[ 3 -1  0 -1  4  2  0  3  1],[-1 -2  0 -1  2  1 -3  0  0],[ 0 -1 -1  0  0  0 -1  0  0]]","[[ 0  3  2  1  0  0 -1 -2 -3],[-3  0  0 -2  0 -2 -1 -3 -4],[-2  0  0 -1  0  0  0 -1 -2],[-1  2  1  0  0  0 -1 -2 -3],[ 0  0  0  0  0 -1  0 -1 -1],[ 0  2  0  0  1  0  0 -1  0],[ 1  1  0  1  0  0  0  0  1],[ 2  3  1  2  1  1  0  0  1],[ 3  4  2  3  1  0 -1 -1  0]]",True,"[-3,-2,-1,0,0,1,2,3,0,2,0,2,1,3,4,1,0,0,0,1,2,0,0,1,2,3,1,0,1,1,0,1,0,0,-1,-1]","[-3,-2,-1,0,0,1,2,3,-1,-1,0,1,3,2,4,0,1,1,2,1,3,0,0,1,0,1,1,0,0,2,0,0,0,1,2,0]",t^8+60t^6+172t^4+47t^2,"[-3,-2,-1,0,0,1,2,3,2,3,2,3,1,3,2,1,1,1,1,3,2,1,1,1,3,3,1,1,2,3,1,2,1,0,0,1]","[-3,-2,-1,0,0,1,2,3,1,0,1,3,3,2,2,0,2,2,3,3,3,1,1,1,1,1,1,1,1,3,1,1,2,1,3,2]","[-3,-2,-1,0,0,1,2,3,-1,-1,0,1,3,2,4,0,1,1,2,1,3,0,0,1,0,1,1,0,0,2,0,0,0,1,2,0]",c,"[[{8, 1}, {2, 7}, {3, 6}, {4, 5}], [{8, 1}, {2, 7}, {4, 6}, {3, 5}], [{8, 1}, {2, 7}, {5, 6}, {3, 4}], [{8, 1}, {3, 7}, {2, 6}, {4, 5}], [{8, 1}, {3, 7}, {4, 6}, {2, 5}], [{8, 1}, {3, 7}, {5, 6}, {2, 4}], [{8, 1}, {3, 7}, {5, 6}, {4}, {2}], [{8, 1}, {4, 7}, {2, 6}, {3, 5}], [{8, 1}, {4, 7}, {3, 6}, {2, 5}], [{8, 1}, {4, 7}, {3, 6}, {5}, {2}], [{8, 1}, {4, 7}, {5, 6}, {2, 3}], [{8, 1}, {5, 7}, {2, 6}, {3, 4}], [{8, 1}, {5, 7}, {3, 6}, {2, 4}], [{8, 1}, {5, 7}, {3, 6}, {4}, {2}], [{8, 1}, {5, 7}, {4, 6}, {2, 3}], [{8, 1}, {6, 7}, {2, 5}, {3, 4}], [{8, 1}, {6, 7}, {3, 5}, {2, 4}], [{8, 1}, {6, 7}, {4, 5}, {2, 3}], [{8, 1}, {6, 7}, {5}, {3, 4}, {2}], [{8, 1}, {7}, {2, 6}, {4, 5}, {3}], [{8, 1}, {7}, {3, 6}, {4, 5}, {2}], [{8, 1}, {7}, {4, 6}, {2, 5}, {3}], [{8, 1}, {7}, {5, 6}, {2, 4}, {3}], [{8, 1}, {7}, {6}, {4, 5}, {2, 3}], [{8, 2}, {1, 7}, {3, 6}, {4, 5}], [{8, 2}, {1, 7}, {4, 6}, {3, 5}], [{8, 2}, {1, 7}, {5, 6}, {3, 4}], [{8, 2}, {1, 7}, {6}, {5}, {3, 4}], [{8, 2}, {3, 7}, {1, 6}, {4, 5}], [{8, 2}, {3, 7}, {4, 6}, {1, 5}], [{8, 2}, {3, 7}, {5, 6}, {1, 4}], [{8, 2}, {3, 7}, {5, 6}, {4}, {1}], [{8, 2}, {4, 7}, {1, 6}, {3, 5}], [{8, 2}, {4, 7}, {3, 6}, {1, 5}], [{8, 2}, {4, 7}, {5, 6}, {1, 3}], [{8, 2}, {5, 7}, {1, 6}, {3, 4}], [{8, 2}, {5, 7}, {3, 6}, {1, 4}], [{8, 2}, {5, 7}, {3, 6}, {4}, {1}], [{8, 2}, {5, 7}, {4, 6}, {1, 3}], [{8, 2}, {6, 7}, {1, 5}, {3, 4}], [{8, 2}, {6, 7}, {3, 5}, {1, 4}], [{8, 2}, {6, 7}, {4, 5}, {1, 3}], [{8, 2}, {7}, {3, 6}, {5}, {1, 4}], [{8, 2}, {7}, {5, 6}, {1, 4}, {3}], [{8, 2}, {7}, {6}, {3, 5}, {1, 4}], [{8, 3}, {1, 7}, {2, 6}, {4, 5}], [{8, 3}, {1, 7}, {4, 6}, {2, 5}], [{8, 3}, {1, 7}, {4, 6}, {5}, {2}], [{8, 3}, {1, 7}, {5, 6}, {2, 4}], [{8, 3}, {2, 7}, {1, 6}, {4, 5}], [{8, 3}, {2, 7}, {4, 6}, {1, 5}], [{8, 3}, {2, 7}, {5, 6}, {1, 4}], [{8, 3}, {4, 7}, {1, 6}, {2, 5}], [{8, 3}, {4, 7}, {1, 6}, {5}, {2}], [{8, 3}, {4, 7}, {2, 6}, {1, 5}], [{8, 3}, {4, 7}, {5, 6}, {1, 2}], [{8, 3}, {5, 7}, {1, 6}, {2, 4}], [{8, 3}, {5, 7}, {2, 6}, {1, 4}], [{8, 3}, {5, 7}, {4, 6}, {1, 2}], [{8, 3}, {5, 7}, {6}, {2, 4}, {1}], [{8, 3}, {6, 7}, {1, 5}, {2, 4}], [{8, 3}, {6, 7}, {2, 5}, {1, 4}], [{8, 3}, {6, 7}, {4, 5}, {1, 2}], [{8, 3}, {6, 7}, {5}, {1, 4}, {2}], [{8, 4}, {1, 7}, {2, 6}, {3, 5}], [{8, 4}, {1, 7}, {3, 6}, {2, 5}], [{8, 4}, {1, 7}, {5, 6}, {2, 3}], [{8, 4}, {2, 7}, {1, 6}, {3, 5}], [{8, 4}, {2, 7}, {3, 6}, {1, 5}], [{8, 4}, {2, 7}, {5, 6}, {1, 3}], [{8, 4}, {3, 7}, {1, 6}, {2, 5}], [{8, 4}, {3, 7}, {2, 6}, {1, 5}], [{8, 4}, {3, 7}, {5, 6}, {1, 2}], [{8, 4}, {3, 7}, {5, 6}, {2}, {1}], [{8, 4}, {5, 7}, {1, 6}, {2, 3}], [{8, 4}, {5, 7}, {2, 6}, {1, 3}], [{8, 4}, {5, 7}, {3, 6}, {1, 2}], [{8, 4}, {6, 7}, {1, 5}, {2, 3}], [{8, 4}, {6, 7}, {2, 5}, {1, 3}], [{8, 4}, {6, 7}, {3, 5}, {1, 2}], [{8, 4}, {7}, {5, 6}, {3}, {1, 2}], [{8, 5}, {1, 7}, {2, 6}, {3, 4}], [{8, 5}, {1, 7}, {3, 6}, {2, 4}], [{8, 5}, {1, 7}, {4, 6}, {2, 3}], [{8, 5}, {1, 7}, {4, 6}, {3}, {2}], [{8, 5}, {2, 7}, {1, 6}, {3, 4}], [{8, 5}, {2, 7}, {3, 6}, {1, 4}], [{8, 5}, {2, 7}, {4, 6}, {1, 3}], [{8, 5}, {3, 7}, {1, 6}, {2, 4}], [{8, 5}, {3, 7}, {2, 6}, {1, 4}], [{8, 5}, {3, 7}, {4, 6}, {1, 2}], [{8, 5}, {4, 7}, {1, 6}, {2, 3}], [{8, 5}, {4, 7}, {2, 6}, {1, 3}], [{8, 5}, {4, 7}, {3, 6}, {1, 2}], [{8, 5}, {4, 7}, {3, 6}, {2}, {1}], [{8, 5}, {6, 7}, {1, 4}, {2, 3}], [{8, 5}, {6, 7}, {2, 4}, {1, 3}], [{8, 5}, {6, 7}, {3, 4}, {1, 2}], [{8, 5}, {6, 7}, {3, 4}, {2}, {1}], [{8, 5}, {7}, {1, 6}, {4}, {2, 3}], [{8, 5}, {7}, {2, 6}, {1, 4}, {3}], [{8, 5}, {7}, {6}, {3, 4}, {1, 2}], [{8, 6}, {1, 7}, {2, 5}, {3, 4}], [{8, 6}, {1, 7}, {3, 5}, {2, 4}], [{8, 6}, {1, 7}, {4, 5}, {2, 3}], [{8, 6}, {1, 7}, {5}, {4}, {2, 3}], [{8, 6}, {2, 7}, {1, 5}, {3, 4}], [{8, 6}, {2, 7}, {3, 5}, {1, 4}], [{8, 6}, {2, 7}, {4, 5}, {1, 3}], [{8, 6}, {2, 7}, {5}, {1, 4}, {3}], [{8, 6}, {3, 7}, {1, 5}, {2, 4}], [{8, 6}, {3, 7}, {2, 5}, {1, 4}], [{8, 6}, {3, 7}, {4, 5}, {1, 2}], [{8, 6}, {4, 7}, {1, 5}, {2, 3}], [{8, 6}, {4, 7}, {2, 5}, {1, 3}], [{8, 6}, {4, 7}, {3, 5}, {1, 2}], [{8, 6}, {5, 7}, {1, 4}, {2, 3}], [{8, 6}, {5, 7}, {1, 4}, {3}, {2}], [{8, 6}, {5, 7}, {2, 4}, {1, 3}], [{8, 6}, {5, 7}, {3, 4}, {1, 2}], [{8, 6}, {7}, {2, 5}, {1, 4}, {3}], [{8, 7}, {1, 6}, {2, 5}, {3, 4}], [{8, 7}, {1, 6}, {3, 5}, {2, 4}], [{8, 7}, {1, 6}, {4, 5}, {2, 3}], [{8, 7}, {2, 6}, {1, 5}, {3, 4}], [{8, 7}, {2, 6}, {3, 5}, {1, 4}], [{8, 7}, {2, 6}, {4, 5}, {1, 3}], [{8, 7}, {3, 6}, {1, 5}, {2, 4}], [{8, 7}, {3, 6}, {2, 5}, {1, 4}], [{8, 7}, {3, 6}, {4, 5}, {1, 2}], [{8, 7}, {4, 6}, {1, 5}, {2, 3}], [{8, 7}, {4, 6}, {2, 5}, {1, 3}], [{8, 7}, {4, 6}, {3, 5}, {1, 2}], [{8, 7}, {5, 6}, {1, 4}, {2, 3}], [{8, 7}, {5, 6}, {2, 4}, {1, 3}], [{8, 7}, {5, 6}, {3, 4}, {1, 2}], [{8}, {1, 7}, {2, 6}, {3, 5}, {4}], [{8}, {1, 7}, {4, 6}, {3, 5}, {2}], [{8}, {1, 7}, {6}, {3, 5}, {2, 4}], [{8}, {2, 7}, {1, 6}, {3, 5}, {4}], [{8}, {2, 7}, {6}, {1, 5}, {3, 4}], [{8}, {3, 7}, {1, 6}, {4, 5}, {2}], [{8}, {3, 7}, {4, 6}, {1, 5}, {2}], [{8}, {3, 7}, {5, 6}, {1, 4}, {2}], [{8}, {3, 7}, {5, 6}, {2, 4}, {1}], [{8}, {3, 7}, {5, 6}, {4}, {1, 2}], [{8}, {3, 7}, {5, 6}, {4}, {2}, {1}], [{8}, {4, 7}, {3, 6}, {1, 5}, {2}], [{8}, {5, 7}, {3, 6}, {4}, {1, 2}], [{8}, {5, 7}, {4, 6}, {1, 3}, {2}], [{8}, {6, 7}, {1, 5}, {3, 4}, {2}], [{8}, {7}, {2, 6}, {1, 5}, {3, 4}]]",2,20 K_1^3 + 8 K_1^2 K_2 - 16 K_1^2 - 12 K_1 K_2 - 4 K_1 K_3 - 9 K_1 + 6 K_2 + K_3 + 7,O1O2O3O4U1U5O6U7O5O8U6U3U4U8O7U2,O1O2O3O4U1U5O6U4O5O7U2U3U8U7O8U6,O1O2O3O4U5O6U7U6U2U3O7O8U1O5U8U4,c,{'O1O2O3O4U3O5U6U1U2U7O6O8U5O7U8U4'},1,"<a href=""/flatknot/8.733756"">8.733756</a>",t^9-60t^7-164t^6+38t^5+328t^4+259t^3+212t^2+54t-28,0,,
8.733757,O1O2O3O4U3O5U6U1U4U2O6O7U5O8U7U8,4,16z^2+69z+75,16w^3z^2+69w^2z+75w,False,False,"[[ 0 -2  1 -1  2  2 -3  0  1],[ 2  0  2  0  2  2  0  1  0],[-1 -2  0 -1  1  1 -2  1  0],[ 1  0  1  0  1  1  0  0  0],[-2 -2 -1 -1  0  0 -2  1  0],[-2 -2 -1 -1  0  0 -2  1  1],[ 3  0  2  0  2  2  0  0  1],[ 0 -1 -1  0 -1 -1  0  0  1],[-1  0  0  0  0 -1 -1 -1  0]]","[[ 0  2  2  1  1  0 -1 -2 -3],[-2  0  0  1 -1  1 -1 -2 -2],[-2  0  0  0 -1  1 -1 -2 -2],[-1 -1  0  0  0 -1  0  0 -1],[-1  1  1  0  0  1 -1 -2 -2],[ 0 -1 -1  1 -1  0  0 -1  0],[ 1  1  1  0  1  0  0  0  0],[ 2  2  2  0  2  1  0  0  0],[ 3  2  2  1  2  0  0  0  0]]",True,"[-2,-2,-1,-1,0,1,2,3,0,-1,1,-1,1,2,2,0,1,-1,1,2,2,0,1,0,0,1,-1,1,2,2,0,1,0,0,0,0]","[-3,-2,-1,0,1,1,2,2,0,0,0,1,2,2,2,0,1,0,2,2,2,0,0,1,1,1,1,-1,-1,-1,0,-1,0,1,1,0]",t^8+36t^6+99t^4+20t^2,"[-3,-2,-1,0,1,1,2,2,1,2,3,2,3,3,3,1,1,1,3,2,2,1,1,2,2,2,2,0,3,3,0,0,0,1,2,0]","[-2,-2,-1,-1,0,1,2,3,0,0,1,3,2,2,3,0,2,3,2,2,3,0,2,1,1,2,0,2,3,3,1,1,3,1,2,1]","[-3,-2,-1,0,1,1,2,2,0,0,0,1,2,2,2,0,1,0,2,2,2,0,0,1,1,1,1,-1,-1,-1,0,-1,0,1,1,0]",c,"[[{8, 1}, {2, 7}, {3, 6}, {4, 5}], [{8, 1}, {2, 7}, {4, 6}, {3, 5}], [{8, 1}, {2, 7}, {5, 6}, {3, 4}], [{8, 1}, {3, 7}, {2, 6}, {4, 5}], [{8, 1}, {3, 7}, {4, 6}, {2, 5}], [{8, 1}, {3, 7}, {5, 6}, {2, 4}], [{8, 1}, {4, 7}, {2, 6}, {3, 5}], [{8, 1}, {4, 7}, {3, 6}, {2, 5}], [{8, 1}, {4, 7}, {5, 6}, {2, 3}], [{8, 1}, {5, 7}, {2, 6}, {3, 4}], [{8, 1}, {5, 7}, {2, 6}, {4}, {3}], [{8, 1}, {5, 7}, {3, 6}, {2, 4}], [{8, 1}, {5, 7}, {3, 6}, {4}, {2}], [{8, 1}, {5, 7}, {4, 6}, {2, 3}], [{8, 1}, {5, 7}, {4, 6}, {3}, {2}], [{8, 1}, {5, 7}, {6}, {2, 4}, {3}], [{8, 1}, {5, 7}, {6}, {3, 4}, {2}], [{8, 1}, {5, 7}, {6}, {4}, {2, 3}], [{8, 1}, {5, 7}, {6}, {4}, {3}, {2}], [{8, 1}, {6, 7}, {2, 5}, {3, 4}], [{8, 1}, {6, 7}, {3, 5}, {2, 4}], [{8, 1}, {6, 7}, {4, 5}, {2, 3}], [{8, 1}, {6, 7}, {5}, {3, 4}, {2}], [{8, 1}, {7}, {5, 6}, {3, 4}, {2}], [{8, 2}, {1, 7}, {3, 6}, {4, 5}], [{8, 2}, {1, 7}, {4, 6}, {3, 5}], [{8, 2}, {1, 7}, {5, 6}, {3, 4}], [{8, 2}, {1, 7}, {6}, {4, 5}, {3}], [{8, 2}, {3, 7}, {1, 6}, {4, 5}], [{8, 2}, {3, 7}, {4, 6}, {1, 5}], [{8, 2}, {3, 7}, {5, 6}, {1, 4}], [{8, 2}, {4, 7}, {1, 6}, {3, 5}], [{8, 2}, {4, 7}, {3, 6}, {1, 5}], [{8, 2}, {4, 7}, {5, 6}, {1, 3}], [{8, 2}, {4, 7}, {5, 6}, {3}, {1}], [{8, 2}, {5, 7}, {1, 6}, {3, 4}], [{8, 2}, {5, 7}, {1, 6}, {4}, {3}], [{8, 2}, {5, 7}, {3, 6}, {1, 4}], [{8, 2}, {5, 7}, {4, 6}, {1, 3}], [{8, 2}, {6, 7}, {1, 5}, {3, 4}], [{8, 2}, {6, 7}, {3, 5}, {1, 4}], [{8, 2}, {6, 7}, {4, 5}, {1, 3}], [{8, 2}, {7}, {3, 6}, {4, 5}, {1}], [{8, 3}, {1, 7}, {2, 6}, {4, 5}], [{8, 3}, {1, 7}, {4, 6}, {2, 5}], [{8, 3}, {1, 7}, {4, 6}, {5}, {2}], [{8, 3}, {1, 7}, {5, 6}, {2, 4}], [{8, 3}, {2, 7}, {1, 6}, {4, 5}], [{8, 3}, {2, 7}, {4, 6}, {1, 5}], [{8, 3}, {2, 7}, {4, 6}, {5}, {1}], [{8, 3}, {2, 7}, {5, 6}, {1, 4}], [{8, 3}, {4, 7}, {1, 6}, {2, 5}], [{8, 3}, {4, 7}, {2, 6}, {1, 5}], [{8, 3}, {4, 7}, {2, 6}, {5}, {1}], [{8, 3}, {4, 7}, {5, 6}, {1, 2}], [{8, 3}, {5, 7}, {1, 6}, {2, 4}], [{8, 3}, {5, 7}, {1, 6}, {4}, {2}], [{8, 3}, {5, 7}, {2, 6}, {1, 4}], [{8, 3}, {5, 7}, {4, 6}, {1, 2}], [{8, 3}, {6, 7}, {1, 5}, {2, 4}], [{8, 3}, {6, 7}, {2, 5}, {1, 4}], [{8, 3}, {6, 7}, {4, 5}, {1, 2}], [{8, 3}, {7}, {4, 6}, {5}, {1, 2}], [{8, 4}, {1, 7}, {2, 6}, {3, 5}], [{8, 4}, {1, 7}, {3, 6}, {2, 5}], [{8, 4}, {1, 7}, {5, 6}, {2, 3}], [{8, 4}, {1, 7}, {6}, {2, 5}, {3}], [{8, 4}, {2, 7}, {1, 6}, {3, 5}], [{8, 4}, {2, 7}, {3, 6}, {1, 5}], [{8, 4}, {2, 7}, {5, 6}, {1, 3}], [{8, 4}, {2, 7}, {5, 6}, {3}, {1}], [{8, 4}, {3, 7}, {1, 6}, {2, 5}], [{8, 4}, {3, 7}, {2, 6}, {1, 5}], [{8, 4}, {3, 7}, {5, 6}, {1, 2}], [{8, 4}, {5, 7}, {1, 6}, {2, 3}], [{8, 4}, {5, 7}, {1, 6}, {3}, {2}], [{8, 4}, {5, 7}, {2, 6}, {1, 3}], [{8, 4}, {5, 7}, {3, 6}, {1, 2}], [{8, 4}, {6, 7}, {1, 5}, {2, 3}], [{8, 4}, {6, 7}, {2, 5}, {1, 3}], [{8, 4}, {6, 7}, {3, 5}, {1, 2}], [{8, 4}, {7}, {2, 6}, {3, 5}, {1}], [{8, 5}, {1, 7}, {2, 6}, {3, 4}], [{8, 5}, {1, 7}, {2, 6}, {4}, {3}], [{8, 5}, {1, 7}, {3, 6}, {2, 4}], [{8, 5}, {1, 7}, {3, 6}, {4}, {2}], [{8, 5}, {1, 7}, {4, 6}, {2, 3}], [{8, 5}, {1, 7}, {4, 6}, {3}, {2}], [{8, 5}, {1, 7}, {6}, {2, 4}, {3}], [{8, 5}, {1, 7}, {6}, {3, 4}, {2}], [{8, 5}, {1, 7}, {6}, {4}, {2, 3}], [{8, 5}, {1, 7}, {6}, {4}, {3}, {2}], [{8, 5}, {2, 7}, {1, 6}, {3, 4}], [{8, 5}, {2, 7}, {3, 6}, {1, 4}], [{8, 5}, {2, 7}, {4, 6}, {1, 3}], [{8, 5}, {2, 7}, {6}, {1, 4}, {3}], [{8, 5}, {2, 7}, {6}, {3, 4}, {1}], [{8, 5}, {2, 7}, {6}, {4}, {1, 3}], [{8, 5}, {3, 7}, {1, 6}, {2, 4}], [{8, 5}, {3, 7}, {2, 6}, {1, 4}], [{8, 5}, {3, 7}, {4, 6}, {1, 2}], [{8, 5}, {3, 7}, {6}, {1, 4}, {2}], [{8, 5}, {3, 7}, {6}, {2, 4}, {1}], [{8, 5}, {3, 7}, {6}, {4}, {1, 2}], [{8, 5}, {4, 7}, {1, 6}, {2, 3}], [{8, 5}, {4, 7}, {2, 6}, {1, 3}], [{8, 5}, {4, 7}, {3, 6}, {1, 2}], [{8, 5}, {4, 7}, {6}, {1, 3}, {2}], [{8, 5}, {4, 7}, {6}, {2, 3}, {1}], [{8, 5}, {4, 7}, {6}, {3}, {1, 2}], [{8, 5}, {6, 7}, {1, 4}, {2, 3}], [{8, 5}, {6, 7}, {2, 4}, {1, 3}], [{8, 5}, {6, 7}, {3, 4}, {1, 2}], [{8, 5}, {6, 7}, {3, 4}, {2}, {1}], [{8, 5}, {7}, {1, 6}, {3, 4}, {2}], [{8, 5}, {7}, {2, 6}, {3, 4}, {1}], [{8, 5}, {7}, {6}, {1, 4}, {2, 3}], [{8, 5}, {7}, {6}, {2, 4}, {1, 3}], [{8, 5}, {7}, {6}, {3, 4}, {1, 2}], [{8, 5}, {7}, {6}, {3, 4}, {2}, {1}], [{8, 6}, {1, 7}, {2, 5}, {3, 4}], [{8, 6}, {1, 7}, {3, 5}, {2, 4}], [{8, 6}, {1, 7}, {4, 5}, {2, 3}], [{8, 6}, {1, 7}, {5}, {3, 4}, {2}], [{8, 6}, {2, 7}, {1, 5}, {3, 4}], [{8, 6}, {2, 7}, {3, 5}, {1, 4}], [{8, 6}, {2, 7}, {4, 5}, {1, 3}], [{8, 6}, {3, 7}, {1, 5}, {2, 4}], [{8, 6}, {3, 7}, {2, 5}, {1, 4}], [{8, 6}, {3, 7}, {4, 5}, {1, 2}], [{8, 6}, {4, 7}, {1, 5}, {2, 3}], [{8, 6}, {4, 7}, {2, 5}, {1, 3}], [{8, 6}, {4, 7}, {3, 5}, {1, 2}], [{8, 6}, {5, 7}, {1, 4}, {2, 3}], [{8, 6}, {5, 7}, {1, 4}, {3}, {2}], [{8, 6}, {5, 7}, {2, 4}, {1, 3}], [{8, 6}, {5, 7}, {2, 4}, {3}, {1}], [{8, 6}, {5, 7}, {3, 4}, {1, 2}], [{8, 6}, {5, 7}, {3, 4}, {2}, {1}], [{8, 6}, {5, 7}, {4}, {1, 3}, {2}], [{8, 6}, {5, 7}, {4}, {2, 3}, {1}], [{8, 6}, {5, 7}, {4}, {3}, {1, 2}], [{8, 6}, {5, 7}, {4}, {3}, {2}, {1}], [{8, 6}, {7}, {1, 5}, {3, 4}, {2}], [{8, 6}, {7}, {5}, {1, 4}, {2, 3}], [{8, 7}, {1, 6}, {2, 5}, {3, 4}], [{8, 7}, {1, 6}, {3, 5}, {2, 4}], [{8, 7}, {1, 6}, {4, 5}, {2, 3}], [{8, 7}, {1, 6}, {5}, {3, 4}, {2}], [{8, 7}, {2, 6}, {1, 5}, {3, 4}], [{8, 7}, {2, 6}, {3, 5}, {1, 4}], [{8, 7}, {2, 6}, {4, 5}, {1, 3}], [{8, 7}, {2, 6}, {5}, {1, 4}, {3}], [{8, 7}, {3, 6}, {1, 5}, {2, 4}], [{8, 7}, {3, 6}, {2, 5}, {1, 4}], [{8, 7}, {3, 6}, {4, 5}, {1, 2}], [{8, 7}, {4, 6}, {1, 5}, {2, 3}], [{8, 7}, {4, 6}, {2, 5}, {1, 3}], [{8, 7}, {4, 6}, {3, 5}, {1, 2}], [{8, 7}, {4, 6}, {5}, {3}, {1, 2}], [{8, 7}, {5, 6}, {1, 4}, {2, 3}], [{8, 7}, {5, 6}, {2, 4}, {1, 3}], [{8, 7}, {5, 6}, {3, 4}, {1, 2}], [{8, 7}, {5, 6}, {3, 4}, {2}, {1}], [{8, 7}, {6}, {1, 5}, {3, 4}, {2}], [{8}, {1, 7}, {4, 6}, {3, 5}, {2}], [{8}, {1, 7}, {5, 6}, {3, 4}, {2}], [{8}, {2, 7}, {4, 6}, {1, 5}, {3}], [{8}, {3, 7}, {4, 6}, {5}, {1, 2}], [{8}, {4, 7}, {2, 6}, {1, 5}, {3}], [{8}, {5, 7}, {1, 6}, {2, 4}, {3}], [{8}, {5, 7}, {1, 6}, {3, 4}, {2}], [{8}, {5, 7}, {1, 6}, {4}, {2, 3}], [{8}, {5, 7}, {1, 6}, {4}, {3}, {2}], [{8}, {6, 7}, {1, 5}, {3, 4}, {2}], [{8}, {7}, {5, 6}, {1, 4}, {2, 3}]]",2,8 K_1^3 + 8 K_1^2 K_2 - 14 K_1^2 - 10 K_1 K_2 - K_1 - 4 K_2^2 + 3 K_2 + 3 K_3 + 8,O1O2O3O4U5U6O5U7O6O8U3U1U4U8O7U2,O1O2O3O4U1U5O6U7O5O7U2U4U8U3O8U6,O1O2O3O4U5O6U2U6U1U3O7O8U7O5U8U4,c,"{'O1O2O3U2O4O5U6U1U3U4O6O7U5O8U7U8', 'O1O2O3O4U3O5U6U1U4U2O6O7U5O8U7U8'}",2,"<a href=""/flatknot/8.733757"">8.733757</a>",t^9-40t^7-46t^6+126t^5+148t^4-83t^3-124t^2-15t+2,t^3-t^2-t,,
8.733758,O1O2O3O4U3O5U6U1U4U7O6O7U2O8U5U8,3,3z^2+56z+101,3w^3z^2+56w^2z+101w,False,False,"[[ 0 -2  0 -1  2  2 -3  1  1],[ 2  0  1  0  2  2  1  3  1],[ 0 -1  0 -1  2  2 -2  1  1],[ 1  0  1  0  1  1  0  1  0],[-2 -2 -2 -1  0  0 -2 -1  1],[-2 -2 -2 -1  0  0 -3 -1  1],[ 3 -1  2  0  2  3  0  3  1],[-1 -3 -1 -1  1  1 -3  0  1],[-1 -1 -1  0 -1 -1 -1 -1  0]]","[[ 0  2  2  1  1  0 -1 -2 -3],[-2  0  0  1 -1 -2 -1 -2 -2],[-2  0  0  1 -1 -2 -1 -2 -3],[-1 -1 -1  0 -1 -1  0 -1 -1],[-1  1  1  1  0 -1 -1 -3 -3],[ 0  2  2  1  1  0 -1 -1 -2],[ 1  1  1  0  1  1  0  0  0],[ 2  2  2  1  3  1  0  0  1],[ 3  2  3  1  3  2  0 -1  0]]",True,"[-2,-2,-1,-1,0,1,2,3,0,-1,1,2,1,2,2,-1,1,2,1,2,3,1,1,0,1,1,1,1,3,3,1,1,2,0,0,-1]","[-3,-2,-1,0,1,1,2,2,-1,0,2,1,3,2,3,0,1,1,3,2,2,1,0,1,1,1,1,1,2,2,-1,-1,-1,1,1,0]",t^8+66t^6+134t^4+27t^2,"[-3,-2,-1,0,1,1,2,2,2,2,1,1,3,2,3,1,1,0,2,2,2,0,1,2,2,2,0,0,0,0,-1,0,0,2,2,0]","[-2,-2,-1,-1,0,1,2,3,0,0,2,0,2,2,2,0,2,0,2,2,3,1,0,1,0,1,0,2,2,3,0,1,1,1,2,2]","[-3,-2,-1,0,1,1,2,2,-1,0,2,1,3,2,3,0,1,1,3,2,2,1,0,1,1,1,1,1,2,2,-1,-1,-1,1,1,0]",c,"[[{8, 2}, {4, 7}, {1, 6}, {3, 5}], [{8, 2}, {4, 7}, {1, 6}, {5}, {3}]]",1,- 22 K_1^2 - 18 K_1 K_2 - 4 K_1 K_3 + 9 K_1 + 13 K_2 + 9 K_3 + 2 K_4 + 12,O1O2O3O4U5U6O5U3O7O8U7U1U4U8O6U2,O1O2O3O4U1U4O5U6O7O6U2U5U8U3O8U7,O1O2O3O4U5O6U2U6U7U3O8O5U8O7U1U4,c,{'O1O2O3O4U3O5U6U1U4U7O6O7U2O8U5U8'},1,"<a href=""/flatknot/8.733758"">8.733758</a>",t^9-70t^7-238t^6-127t^5+268t^4+189t^3-72t^2-32t+8,t^3-t^2-t,,
8.733759,O1O2O3O4U3O5U6U1U4U7O6O7U5O8U2U8,4,16z^2+101z+139,16w^3z^2+101w^2z+139w,False,False,"[[ 0 -2  0 -1  2  2 -3  1  1],[ 2  0  2  0  2  1  1  3  1],[ 0 -2  0 -1  1  1 -2  1  1],[ 1  0  1  0  1  1  0  1  0],[-2 -2 -1 -1  0  0 -2 -1  0],[-2 -1 -1 -1  0  0 -3 -1  0],[ 3 -1  2  0  2  3  0  3  1],[-1 -3 -1 -1  1  1 -3  0  1],[-1 -1 -1  0  0  0 -1 -1  0]]","[[ 0  2  2  1  1  0 -1 -2 -3],[-2  0  0  0 -1 -1 -1 -1 -3],[-2  0  0  0 -1 -1 -1 -2 -2],[-1  0  0  0 -1 -1  0 -1 -1],[-1  1  1  1  0 -1 -1 -3 -3],[ 0  1  1  1  1  0 -1 -2 -2],[ 1  1  1  0  1  1  0  0  0],[ 2  1  2  1  3  2  0  0  1],[ 3  3  2  1  3  2  0 -1  0]]",True,"[-2,-2,-1,-1,0,1,2,3,0,0,1,1,1,1,3,0,1,1,1,2,2,1,1,0,1,1,1,1,3,3,1,2,2,0,0,-1]","[-3,-2,-1,0,1,1,2,2,-1,0,2,1,3,2,3,0,2,1,3,2,1,1,0,1,1,1,1,1,1,1,-1,0,0,1,1,0]",t^8+58t^6+111t^4+32t^2,"[-3,-2,-1,0,1,1,2,2,2,2,1,1,3,2,3,1,0,0,2,3,2,0,1,2,2,2,0,0,1,1,-1,0,0,1,1,0]","[-2,-2,-1,-1,0,1,2,3,0,0,1,1,2,2,3,0,1,1,2,3,2,1,0,1,0,1,0,2,2,3,0,0,1,1,2,2]","[-3,-2,-1,0,1,1,2,2,-1,0,2,1,3,2,3,0,2,1,3,2,1,1,0,1,1,1,1,1,1,1,-1,0,0,1,1,0]",c,"[[{8, 1}, {2, 7}, {3, 6}, {4, 5}], [{8, 1}, {2, 7}, {4, 6}, {3, 5}], [{8, 1}, {2, 7}, {5, 6}, {3, 4}], [{8, 1}, {2, 7}, {6}, {4, 5}, {3}], [{8, 1}, {3, 7}, {2, 6}, {4, 5}], [{8, 1}, {3, 7}, {4, 6}, {2, 5}], [{8, 1}, {3, 7}, {5, 6}, {2, 4}], [{8, 1}, {4, 7}, {2, 6}, {3, 5}], [{8, 1}, {4, 7}, {3, 6}, {2, 5}], [{8, 1}, {4, 7}, {5, 6}, {2, 3}], [{8, 1}, {4, 7}, {5, 6}, {3}, {2}], [{8, 1}, {5, 7}, {2, 6}, {3, 4}], [{8, 1}, {5, 7}, {3, 6}, {2, 4}], [{8, 1}, {5, 7}, {3, 6}, {4}, {2}], [{8, 1}, {5, 7}, {4, 6}, {2, 3}], [{8, 1}, {6, 7}, {2, 5}, {3, 4}], [{8, 1}, {6, 7}, {3, 5}, {2, 4}], [{8, 1}, {6, 7}, {4, 5}, {2, 3}], [{8, 1}, {6, 7}, {5}, {3, 4}, {2}], [{8, 1}, {7}, {3, 6}, {5}, {2, 4}], [{8, 1}, {7}, {4, 6}, {2, 5}, {3}], [{8, 1}, {7}, {5, 6}, {4}, {2, 3}], [{8, 2}, {1, 7}, {3, 6}, {4, 5}], [{8, 2}, {1, 7}, {4, 6}, {3, 5}], [{8, 2}, {1, 7}, {4, 6}, {5}, {3}], [{8, 2}, {1, 7}, {5, 6}, {3, 4}], [{8, 2}, {3, 7}, {1, 6}, {4, 5}], [{8, 2}, {3, 7}, {1, 6}, {5}, {4}], [{8, 2}, {3, 7}, {4, 6}, {1, 5}], [{8, 2}, {3, 7}, {4, 6}, {5}, {1}], [{8, 2}, {3, 7}, {5, 6}, {1, 4}], [{8, 2}, {3, 7}, {6}, {5}, {1, 4}], [{8, 2}, {4, 7}, {1, 6}, {3, 5}], [{8, 2}, {4, 7}, {1, 6}, {5}, {3}], [{8, 2}, {4, 7}, {3, 6}, {1, 5}], [{8, 2}, {4, 7}, {5, 6}, {1, 3}], [{8, 2}, {5, 7}, {1, 6}, {3, 4}], [{8, 2}, {5, 7}, {1, 6}, {4}, {3}], [{8, 2}, {5, 7}, {3, 6}, {1, 4}], [{8, 2}, {5, 7}, {4, 6}, {1, 3}], [{8, 2}, {5, 7}, {4, 6}, {3}, {1}], [{8, 2}, {5, 7}, {6}, {1, 4}, {3}], [{8, 2}, {6, 7}, {1, 5}, {3, 4}], [{8, 2}, {6, 7}, {3, 5}, {1, 4}], [{8, 2}, {6, 7}, {4, 5}, {1, 3}], [{8, 2}, {6, 7}, {5}, {1, 4}, {3}], [{8, 2}, {7}, {1, 6}, {3, 5}, {4}], [{8, 2}, {7}, {1, 6}, {4, 5}, {3}], [{8, 2}, {7}, {1, 6}, {5}, {3, 4}], [{8, 2}, {7}, {1, 6}, {5}, {4}, {3}], [{8, 2}, {7}, {3, 6}, {1, 5}, {4}], [{8, 2}, {7}, {3, 6}, {4, 5}, {1}], [{8, 2}, {7}, {3, 6}, {5}, {1, 4}], [{8, 2}, {7}, {4, 6}, {1, 5}, {3}], [{8, 2}, {7}, {4, 6}, {3, 5}, {1}], [{8, 2}, {7}, {4, 6}, {5}, {1, 3}], [{8, 2}, {7}, {4, 6}, {5}, {3}, {1}], [{8, 2}, {7}, {5, 6}, {1, 4}, {3}], [{8, 2}, {7}, {5, 6}, {3, 4}, {1}], [{8, 2}, {7}, {5, 6}, {4}, {1, 3}], [{8, 2}, {7}, {6}, {1, 5}, {3, 4}], [{8, 2}, {7}, {6}, {3, 5}, {1, 4}], [{8, 2}, {7}, {6}, {4, 5}, {1, 3}], [{8, 2}, {7}, {6}, {5}, {1, 4}, {3}], [{8, 3}, {1, 7}, {2, 6}, {4, 5}], [{8, 3}, {1, 7}, {2, 6}, {5}, {4}], [{8, 3}, {1, 7}, {4, 6}, {2, 5}], [{8, 3}, {1, 7}, {5, 6}, {2, 4}], [{8, 3}, {2, 7}, {1, 6}, {4, 5}], [{8, 3}, {2, 7}, {1, 6}, {5}, {4}], [{8, 3}, {2, 7}, {4, 6}, {1, 5}], [{8, 3}, {2, 7}, {5, 6}, {1, 4}], [{8, 3}, {4, 7}, {1, 6}, {2, 5}], [{8, 3}, {4, 7}, {2, 6}, {1, 5}], [{8, 3}, {4, 7}, {5, 6}, {1, 2}], [{8, 3}, {4, 7}, {6}, {1, 5}, {2}], [{8, 3}, {5, 7}, {1, 6}, {2, 4}], [{8, 3}, {5, 7}, {2, 6}, {1, 4}], [{8, 3}, {5, 7}, {4, 6}, {1, 2}], [{8, 3}, {5, 7}, {6}, {1, 4}, {2}], [{8, 3}, {6, 7}, {1, 5}, {2, 4}], [{8, 3}, {6, 7}, {1, 5}, {4}, {2}], [{8, 3}, {6, 7}, {2, 5}, {1, 4}], [{8, 3}, {6, 7}, {2, 5}, {4}, {1}], [{8, 3}, {6, 7}, {4, 5}, {1, 2}], [{8, 3}, {6, 7}, {4, 5}, {2}, {1}], [{8, 3}, {6, 7}, {5}, {1, 4}, {2}], [{8, 3}, {6, 7}, {5}, {2, 4}, {1}], [{8, 3}, {6, 7}, {5}, {4}, {1, 2}], [{8, 3}, {7}, {4, 6}, {1, 5}, {2}], [{8, 3}, {7}, {5, 6}, {1, 4}, {2}], [{8, 4}, {1, 7}, {2, 6}, {3, 5}], [{8, 4}, {1, 7}, {3, 6}, {2, 5}], [{8, 4}, {1, 7}, {5, 6}, {2, 3}], [{8, 4}, {1, 7}, {5, 6}, {3}, {2}], [{8, 4}, {2, 7}, {1, 6}, {3, 5}], [{8, 4}, {2, 7}, {3, 6}, {1, 5}], [{8, 4}, {2, 7}, {5, 6}, {1, 3}], [{8, 4}, {3, 7}, {1, 6}, {2, 5}], [{8, 4}, {3, 7}, {2, 6}, {1, 5}], [{8, 4}, {3, 7}, {5, 6}, {1, 2}], [{8, 4}, {3, 7}, {6}, {1, 5}, {2}], [{8, 4}, {5, 7}, {1, 6}, {2, 3}], [{8, 4}, {5, 7}, {1, 6}, {3}, {2}], [{8, 4}, {5, 7}, {2, 6}, {1, 3}], [{8, 4}, {5, 7}, {3, 6}, {1, 2}], [{8, 4}, {6, 7}, {1, 5}, {2, 3}], [{8, 4}, {6, 7}, {2, 5}, {1, 3}], [{8, 4}, {6, 7}, {3, 5}, {1, 2}], [{8, 4}, {7}, {5, 6}, {2, 3}, {1}], [{8, 5}, {1, 7}, {2, 6}, {3, 4}], [{8, 5}, {1, 7}, {3, 6}, {2, 4}], [{8, 5}, {1, 7}, {3, 6}, {4}, {2}], [{8, 5}, {1, 7}, {4, 6}, {2, 3}], [{8, 5}, {2, 7}, {1, 6}, {3, 4}], [{8, 5}, {2, 7}, {3, 6}, {1, 4}], [{8, 5}, {2, 7}, {4, 6}, {1, 3}], [{8, 5}, {2, 7}, {6}, {3, 4}, {1}], [{8, 5}, {3, 7}, {1, 6}, {2, 4}], [{8, 5}, {3, 7}, {2, 6}, {1, 4}], [{8, 5}, {3, 7}, {4, 6}, {1, 2}], [{8, 5}, {3, 7}, {6}, {1, 4}, {2}], [{8, 5}, {4, 7}, {1, 6}, {2, 3}], [{8, 5}, {4, 7}, {1, 6}, {3}, {2}], [{8, 5}, {4, 7}, {2, 6}, {1, 3}], [{8, 5}, {4, 7}, {3, 6}, {1, 2}], [{8, 5}, {6, 7}, {1, 4}, {2, 3}], [{8, 5}, {6, 7}, {2, 4}, {1, 3}], [{8, 5}, {6, 7}, {3, 4}, {1, 2}], [{8, 5}, {7}, {2, 6}, {1, 4}, {3}], [{8, 5}, {7}, {4, 6}, {3}, {1, 2}], [{8, 5}, {7}, {6}, {2, 4}, {1, 3}], [{8, 6}, {1, 7}, {2, 5}, {3, 4}], [{8, 6}, {1, 7}, {3, 5}, {2, 4}], [{8, 6}, {1, 7}, {4, 5}, {2, 3}], [{8, 6}, {1, 7}, {5}, {3, 4}, {2}], [{8, 6}, {2, 7}, {1, 5}, {3, 4}], [{8, 6}, {2, 7}, {3, 5}, {1, 4}], [{8, 6}, {2, 7}, {4, 5}, {1, 3}], [{8, 6}, {3, 7}, {1, 5}, {2, 4}], [{8, 6}, {3, 7}, {1, 5}, {4}, {2}], [{8, 6}, {3, 7}, {2, 5}, {1, 4}], [{8, 6}, {3, 7}, {4, 5}, {1, 2}], [{8, 6}, {3, 7}, {4, 5}, {2}, {1}], [{8, 6}, {3, 7}, {5}, {1, 4}, {2}], [{8, 6}, {4, 7}, {1, 5}, {2, 3}], [{8, 6}, {4, 7}, {2, 5}, {1, 3}], [{8, 6}, {4, 7}, {3, 5}, {1, 2}], [{8, 6}, {4, 7}, {5}, {3}, {1, 2}], [{8, 6}, {5, 7}, {1, 4}, {2, 3}], [{8, 6}, {5, 7}, {2, 4}, {1, 3}], [{8, 6}, {5, 7}, {3, 4}, {1, 2}], [{8, 6}, {5, 7}, {4}, {2, 3}, {1}], [{8, 6}, {7}, {2, 5}, {1, 4}, {3}], [{8, 6}, {7}, {3, 5}, {2, 4}, {1}], [{8, 7}, {1, 6}, {2, 5}, {3, 4}], [{8, 7}, {1, 6}, {3, 5}, {2, 4}], [{8, 7}, {1, 6}, {4, 5}, {2, 3}], [{8, 7}, {1, 6}, {5}, {4}, {2, 3}], [{8, 7}, {2, 6}, {1, 5}, {3, 4}], [{8, 7}, {2, 6}, {3, 5}, {1, 4}], [{8, 7}, {2, 6}, {3, 5}, {4}, {1}], [{8, 7}, {2, 6}, {4, 5}, {1, 3}], [{8, 7}, {3, 6}, {1, 5}, {2, 4}], [{8, 7}, {3, 6}, {2, 5}, {1, 4}], [{8, 7}, {3, 6}, {4, 5}, {1, 2}], [{8, 7}, {4, 6}, {1, 5}, {2, 3}], [{8, 7}, {4, 6}, {1, 5}, {3}, {2}], [{8, 7}, {4, 6}, {2, 5}, {1, 3}], [{8, 7}, {4, 6}, {3, 5}, {1, 2}], [{8, 7}, {5, 6}, {1, 4}, {2, 3}], [{8, 7}, {5, 6}, {1, 4}, {3}, {2}], [{8, 7}, {5, 6}, {2, 4}, {1, 3}], [{8, 7}, {5, 6}, {3, 4}, {1, 2}], [{8, 7}, {5, 6}, {4}, {2, 3}, {1}], [{8, 7}, {6}, {1, 5}, {4}, {2, 3}], [{8, 7}, {6}, {5}, {2, 4}, {1, 3}], [{8}, {1, 7}, {5, 6}, {4}, {2, 3}], [{8}, {2, 7}, {4, 6}, {1, 5}, {3}], [{8}, {2, 7}, {5, 6}, {1, 4}, {3}], [{8}, {3, 7}, {2, 6}, {5}, {1, 4}], [{8}, {3, 7}, {4, 6}, {1, 5}, {2}], [{8}, {3, 7}, {5, 6}, {1, 4}, {2}], [{8}, {3, 7}, {5, 6}, {2, 4}, {1}], [{8}, {3, 7}, {5, 6}, {4}, {1, 2}], [{8}, {3, 7}, {6}, {2, 5}, {1, 4}], [{8}, {4, 7}, {1, 6}, {2, 5}, {3}], [{8}, {4, 7}, {3, 6}, {2, 5}, {1}], [{8}, {4, 7}, {5, 6}, {2, 3}, {1}], [{8}, {4, 7}, {6}, {2, 5}, {1, 3}], [{8}, {5, 7}, {1, 6}, {2, 4}, {3}], [{8}, {5, 7}, {3, 6}, {2, 4}, {1}], [{8}, {5, 7}, {6}, {1, 4}, {2, 3}], [{8}, {5, 7}, {6}, {2, 4}, {1, 3}], [{8}, {6, 7}, {5}, {1, 4}, {2, 3}], [{8}, {7}, {4, 6}, {1, 5}, {2, 3}], [{8}, {7}, {4, 6}, {1, 5}, {3}, {2}], [{8}, {7}, {5, 6}, {1, 4}, {2, 3}], [{8}, {7}, {5, 6}, {1, 4}, {3}, {2}]]",2,- 18 K_1^2 - 14 K_1 K_2 - 4 K_1 K_3 + 7 K_1 + 11 K_2 + 7 K_3 + 2 K_4 + 10,O1O2O3O4U5U3O5U6O7O8U7U1U4U8O6U2,O1O2O3O4U1U4O5U6O7O6U2U7U8U3O8U5,O1O2O3O4U5O6U2U6U7U3O8O7U8O5U1U4,c,{'O1O2O3O4U3O5U6U1U4U7O6O7U5O8U2U8'},1,"<a href=""/flatknot/8.733759"">8.733759</a>",t^9-62t^7-184t^6-144t^5+44t^4+173t^3+68t^2-45t-6,t^3-t^2-t,,
8.733760,O1O2O3O4U3O5U6U1U4U7O6O8U2O7U5U8,4,4z^3+40z^2+113z+99,4w^4z^3+40w^3z^2+113w^2z+99w,False,False,"[[ 0 -2  0 -1  2  2 -3  1  1],[ 2  0  1  0  2  2  1  2  2],[ 0 -1  0 -1  2  1 -1  1  1],[ 1  0  1  0  1  1  0  1  0],[-2 -2 -2 -1  0  0 -2 -1  1],[-2 -2 -1 -1  0  0 -3 -1  0],[ 3 -1  1  0  2  3  0  3  2],[-1 -2 -1 -1  1  1 -3  0  1],[-1 -2 -1  0 -1  0 -2 -1  0]]","[[ 0  2  2  1  0 -2 -3],[-2  0  0  1 -2 -2 -2],[-2  0  0  0 -1 -2 -3],[-1 -1  0  0 -1 -2 -2],[ 0  2  1  1  0 -1 -1],[ 2  2  2  2  1  0  1],[ 3  2  3  2  1 -1  0]]",False,"[-2,-2,-1,0,2,3,0,-1,2,2,2,0,1,2,3,1,2,2,1,1,-1]","[-3,-2,0,1,2,2,-1,1,2,2,3,1,2,2,2,1,2,1,-1,0,0]",t^6+39t^4+67t^2+4,"[-3,-2,0,1,2,2,2,2,2,2,3,1,1,2,2,0,1,0,1,2,0]","[-2,-2,-1,0,2,3,0,1,1,2,2,2,0,2,3,0,1,2,1,2,2]","[-3,-2,0,1,2,2,-1,1,2,2,3,1,2,2,2,1,2,1,-1,0,0]",c,"[[{8, 1}, {3, 7}, {4, 6}, {2, 5}], [{8, 1}, {6, 7}, {2, 5}, {3, 4}]]",1,- 6 K_1^2 - 10 K_1 K_2 - 4 K_1 K_3 + 5 K_1 + 5 K_2 + 5 K_3 + 2 K_4 + 4,O1O2O3O4U5U6O7U3O5O8U7U1U4U8O6U2,O1O2O3O4U1U5O6U4O7O5U2U6U8U3O8U7,O1O2O3O4U5O6U2U6U7U3O8O5U1O7U8U4,c,{'O1O2O3O4U3O5U6U1U4U7O6O8U2O7U5U8'},1,"<a href=""/flatknot/8.733760"">8.733760</a>",t^7-43t^5-92t^4+34t^3+172t^2+82t-4,t^3-t^2-t,,
8.733761,O1O2O3O4U3O5U6U1U4U7O6O8U2O7U8U5,4,z^3+24z^2+98z+109,w^4z^3+24w^3z^2+98w^2z+109w,False,False,"[[ 0 -2  0 -1  2  3 -3  1  0],[ 2  0  1  0  2  2  1  2  1],[ 0 -1  0 -1  2  2 -1  1  0],[ 1  0  1  0  1  1  0  1  0],[-2 -2 -2 -1  0  0 -2 -1  0],[-3 -2 -2 -1  0  0 -4 -1 -1],[ 3 -1  1  0  2  4  0  3  1],[-1 -2 -1 -1  1  1 -3  0  0],[ 0 -1  0  0  0  1 -1  0  0]]","[[ 0  3  2  1  0  0 -1 -2 -3],[-3  0  0 -1 -1 -2 -1 -2 -4],[-2  0  0 -1  0 -2 -1 -2 -2],[-1  1  1  0  0 -1 -1 -2 -3],[ 0  1  0  0  0  0  0 -1 -1],[ 0  2  2  1  0  0 -1 -1 -1],[ 1  1  1  1  0  1  0  0  0],[ 2  2  2  2  1  1  0  0  1],[ 3  4  2  3  1  1  0 -1  0]]",True,"[-3,-2,-1,0,0,1,2,3,0,1,1,2,1,2,4,1,0,2,1,2,2,0,1,1,2,3,0,0,1,1,1,1,1,0,0,-1]","[-3,-2,-1,0,0,1,2,3,-1,0,1,1,3,2,4,0,1,1,2,2,2,0,1,1,1,1,0,0,0,1,1,2,2,1,1,0]",t^8+62t^6+135t^4+41t^2+1,"[-3,-2,-1,0,0,1,2,3,2,2,2,2,1,3,2,1,1,1,1,2,3,0,1,1,2,3,0,0,0,1,1,2,2,0,1,1]","[-3,-2,-1,0,0,1,2,3,1,1,1,2,3,3,2,0,0,2,2,2,3,0,1,1,1,1,0,0,1,2,1,1,2,1,2,2]","[-3,-2,-1,0,0,1,2,3,-1,0,1,1,3,2,4,0,1,1,2,2,2,0,1,1,1,1,0,0,0,1,1,2,2,1,1,0]",c,"[[{8, 2}, {3, 7}, {5, 6}, {1, 4}]]",1,4 K_1^3 + 4 K_1^2 K_2 - 18 K_1^2 - 12 K_1 K_2 - 2 K_1 K_3 + 3 K_1 - 2 K_2^2 + 8 K_2 + 5 K_3 + K_4 + 10,O1O2O3O4U5U6O7U3O6O8U7U1U4U8O5U2,O1O2O3O4U1U5O6U4O5O7U2U6U8U3O8U7,O1O2O3O4U5O6U2U6U7U3O5O8U1O7U8U4,c,{'O1O2O3O4U3O5U6U1U4U7O6O8U2O7U8U5'},1,"<a href=""/flatknot/8.733761"">8.733761</a>",t^9-62t^7-178t^6+9t^5+374t^4+243t^3-8t^2-12t+4,0,,
8.733762,O1O2O3O4U3O5U6U1U4U7O6O8U5O7U2U8,4,2z^3+25z^2+88z+93,2w^4z^3+25w^3z^2+88w^2z+93w,False,False,"[[ 0 -2  0 -1  2  2 -3  1  1],[ 2  0  2  0  2  1  1  2  2],[ 0 -2  0 -1  1  2 -2  0  1],[ 1  0  1  0  1  1  0  1  0],[-2 -2 -1 -1  0  0 -2 -2  1],[-2 -1 -2 -1  0  0 -2 -1  0],[ 3 -1  2  0  2  2  0  3  2],[-1 -2  0 -1  2  1 -3  0  1],[-1 -2 -1  0 -1  0 -2 -1  0]]","[[ 0  2  2  1  1  0 -1 -2 -3],[-2  0  0  1 -2 -1 -1 -2 -2],[-2  0  0  0 -1 -2 -1 -1 -2],[-1 -1  0  0 -1 -1  0 -2 -2],[-1  2  1  1  0  0 -1 -2 -3],[ 0  1  2  1  0  0 -1 -2 -2],[ 1  1  1  0  1  1  0  0  0],[ 2  2  1  2  2  2  0  0  1],[ 3  2  2  2  3  2  0 -1  0]]",True,"[-2,-2,-1,-1,0,1,2,3,0,-1,2,1,1,2,2,0,1,2,1,1,2,1,1,0,2,2,0,1,2,3,1,2,2,0,0,-1]","[-3,-2,-1,0,1,1,2,2,-1,0,2,2,3,2,2,0,2,2,2,1,2,1,0,1,1,1,1,0,2,1,-1,0,-1,1,2,0]",t^8+60t^6+216t^4+164t^2+1,"[-3,-2,-1,0,1,1,2,2,2,2,1,1,2,3,3,1,0,1,1,2,3,0,1,2,2,2,1,0,1,0,-1,-1,0,2,1,0]","[-2,-2,-1,-1,0,1,2,3,0,-1,2,1,2,2,3,0,1,0,2,3,3,1,1,1,1,1,0,2,1,2,0,0,1,1,2,2]","[-3,-2,-1,0,1,1,2,2,-1,0,2,2,3,2,2,0,2,2,2,1,2,1,0,1,1,1,1,0,2,1,-1,0,-1,1,2,0]",c,"[[{8, 1}, {2, 7}, {4, 6}, {3, 5}], [{8, 1}, {2, 7}, {5, 6}, {3, 4}], [{8, 1}, {4, 7}, {2, 6}, {3, 5}]]",1,4 K_1^3 + 4 K_1^2 K_2 - 12 K_1^2 - 10 K_1 K_2 - 2 K_1 K_3 + 2 K_1 - 2 K_2^2 + 5 K_2 + 4 K_3 + K_4 + 7,O1O2O3O4U5U3O6U7O5O8U6U1U4U8O7U2,O1O2O3O4U1U5O6U4O7O5U2U7U8U3O8U6,O1O2O3O4U5O6U2U6U7U3O8O7U1O5U8U4,c,{'O1O2O3O4U3O5U6U1U4U7O6O8U5O7U2U8'},1,"<a href=""/flatknot/8.733762"">8.733762</a>",t^9-64t^7-200t^6-25t^5+384t^4+193t^3-50t^2+103t+26,t^3-t^2-t,,
8.733763,O1O2O3O4U3O5U6U1U4U7O6O8U5O7U8U2,3,12z^2+77z+107,12w^3z^2+77w^2z+107w,False,False,"[[ 0 -2  1 -1  2  2 -3  1  0],[ 2  0  2  0  2  1  1  2  1],[-1 -2  0 -1  1  1 -3  0  0],[ 1  0  1  0  1  1  0  1  0],[-2 -2 -1 -1  0  0 -2 -2  1],[-2 -1 -1 -1  0  0 -2 -1  0],[ 3 -1  3  0  2  2  0  3  1],[-1 -2  0 -1  2  1 -3  0  0],[ 0 -1  0  0 -1  0 -1  0  0]]","[[ 0  2  2  1  0 -2 -3],[-2  0  0 -1  0 -1 -2],[-2  0  0 -2  1 -2 -2],[-1  1  2  0  0 -2 -3],[ 0  0 -1  0  0 -1 -1],[ 2  1  2  2  1  0  1],[ 3  2  2  3  1 -1  0]]",False,"[-2,-2,-1,0,2,3,0,1,0,1,2,2,-1,2,2,0,2,3,1,1,-1]","[-3,-2,0,1,2,2,-1,1,3,2,2,1,2,1,2,0,0,-1,1,2,0]",t^6+35t^4+76t^2+4,"[-3,-2,0,1,2,2,2,2,1,3,3,1,1,2,3,1,3,2,-1,0,0]","[-2,-2,-1,0,2,3,0,-1,3,2,3,0,2,3,3,1,1,1,1,2,2]","[-3,-2,0,1,2,2,-1,1,3,2,2,1,2,1,2,0,0,-1,1,2,0]",c,"[[{8, 1}, {5, 7}, {2, 6}, {3, 4}], [{8, 1}, {5, 7}, {4, 6}, {2, 3}]]",1,- 6 K_1^2 - 6 K_1 K_2 + 3 K_1 + 3 K_2 + 3 K_3 + 4,O1O2O3O4U3U5O6U7O5O8U6U1U4U8O7U2,O1O2O3O4U1U5O6U4O5O7U2U7U8U3O8U6,O1O2O3O4U5O6U2U6U7U3O7O8U1O5U8U4,c,{'O1O2O3O4U3O5U6U1U4U7O6O8U5O7U8U2'},1,"<a href=""/flatknot/8.733763"">8.733763</a>",t^7-39t^5-90t^4-33t^3+10t^2-24t-12,t^3-t^2-t,,
8.733764,O1O2O3O4U3O5U6U1U7U2O6O7U4O8U5U8,4,z^3+16z^2+82z+109,w^4z^3+16w^3z^2+82w^2z+109w,False,False,"[[ 0 -2  1 -1  2  2 -3  0  1],[ 2  0  1  0  2  2  1  2  1],[-1 -1  0  0  0  0 -1  0  1],[ 1  0  0  0  1  1  1  1  0],[-2 -2  0 -1  0  1 -3 -1  1],[-2 -2  0 -1 -1  0 -3 -1  1],[ 3 -1  1 -1  3  3  0  2  1],[ 0 -2  0 -1  1  1 -2  0  1],[-1 -1 -1  0 -1 -1 -1 -1  0]]","[[ 0  2  2  1  1  0 -1 -2 -3],[-2  0  1  1  0 -1 -1 -2 -3],[-2 -1  0  1  0 -1 -1 -2 -3],[-1 -1 -1  0 -1 -1  0 -1 -1],[-1  0  0  1  0  0  0 -1 -1],[ 0  1  1  1  0  0 -1 -2 -2],[ 1  1  1  0  0  1  0  0  1],[ 2  2  2  1  1  2  0  0  1],[ 3  3  3  1  1  2 -1 -1  0]]",True,"[-2,-2,-1,-1,0,1,2,3,-1,-1,0,1,1,2,3,-1,0,1,1,2,3,1,1,0,1,1,0,0,1,1,1,2,2,0,-1,-1]","[-3,-2,-1,0,1,1,2,2,-1,-1,2,1,1,3,3,0,2,1,1,2,2,1,0,0,1,1,0,1,1,1,1,0,0,-1,-1,-1]",t^8+50t^6+69t^4+12t^2,"[-3,-2,-1,0,1,1,2,2,2,3,1,3,3,2,2,1,0,2,2,2,2,0,2,2,2,2,0,1,1,1,1,2,2,1,1,-1]","[-2,-2,-1,-1,0,1,2,3,-1,1,2,1,2,2,2,1,2,1,2,2,2,1,1,2,2,3,0,2,2,3,0,0,1,1,3,2]","[-3,-2,-1,0,1,1,2,2,-1,-1,2,1,1,3,3,0,2,1,1,2,2,1,0,0,1,1,0,1,1,1,1,0,0,-1,-1,-1]",c,"[[{8, 1}, {2, 7}, {3, 6}, {4, 5}], [{8, 1}, {2, 7}, {4, 6}, {3, 5}]]",1,- 18 K_1^2 - 18 K_1 K_2 - 4 K_1 K_3 + 9 K_1 + 11 K_2 + 9 K_3 + 2 K_4 + 10,O1O2O3O4U5U6O5U1O7O8U3U7U4U8O6U2,O1O2O3O4U1U3O5U6O7O6U2U4U8U5O8U7,O1O2O3O4U5O6U7U6U1U3O8O5U8O7U2U4,c,{'O1O2O3O4U3O5U6U1U7U2O6O7U4O8U5U8'},1,"<a href=""/flatknot/8.733764"">8.733764</a>",t^9-54t^7-164t^6-160t^5-44t^4+29t^3+78t^2+72t+18,t^3-t^2-t,,
8.733765,O1O2O3O4U3O5U6U1U7U2O6O7U5O8U4U8,4,2z^3+30z^2+93z+83,2w^4z^3+30w^3z^2+93w^2z+83w,False,False,"[[ 0 -2  1 -1  2  2 -3  0  1],[ 2  0  1  0  3  1  1  2  1],[-1 -1  0  0  1 -1 -1  0  1],[ 1  0  0  0  1  0  1  1  1],[-2 -3 -1 -1  0  0 -3 -1  1],[-2 -1  1  0  0  0 -3 -1  0],[ 3 -1  1 -1  3  3  0  2  1],[ 0 -2  0 -1  1  1 -2  0  1],[-1 -1 -1 -1 -1  0 -1 -1  0]]","[[ 0  2  2  1  1  0 -1 -2 -3],[-2  0  0  1  0 -1  0 -1 -3],[-2  0  0 -1  1 -1 -1 -3 -3],[-1 -1  1  0  1  0  0 -1 -1],[-1  0 -1 -1  0 -1 -1 -1 -1],[ 0  1  1  0  1  0 -1 -2 -2],[ 1  0  1  0  1  1  0  0  1],[ 2  1  3  1  1  2  0  0  1],[ 3  3  3  1  1  2 -1 -1  0]]",True,"[-2,-2,-1,-1,0,1,2,3,0,-1,0,1,0,1,3,1,-1,1,1,3,3,-1,0,0,1,1,1,1,1,1,1,2,2,0,-1,-1]","[-3,-2,-1,0,1,1,2,2,-1,-1,2,1,1,3,3,0,2,1,1,1,3,1,0,1,0,1,0,1,1,1,1,-1,1,0,-1,0]",t^8+52t^6+259t^4+40t^2,"[-3,-2,-1,0,1,1,2,2,2,3,1,3,3,2,2,1,0,2,2,1,3,0,1,2,2,3,0,1,1,1,1,2,1,0,2,0]","[-2,-2,-1,-1,0,1,2,3,0,0,2,1,2,1,2,2,1,1,3,3,2,1,1,2,2,3,0,1,2,3,0,0,1,1,3,2]","[-3,-2,-1,0,1,1,2,2,-1,-1,2,1,1,3,3,0,2,1,1,1,3,1,0,1,0,1,0,1,1,1,1,-1,1,0,-1,0]",c,"[[{8, 1}, {5, 7}, {3, 6}, {2, 4}]]",1,8 K_1^3 + 4 K_1^2 K_2 - 4 K_1^2 - 10 K_1 K_2 - 2 K_1 K_3 - K_1 - 2 K_2^2 + K_2 + 3 K_3 + K_4 + 3,O1O2O3O4U5U1O5U6O7O8U3U7U4U8O6U2,O1O2O3O4U1U3O5U6O7O6U2U4U8U7O8U5,O1O2O3O4U5O6U7U6U1U3O8O7U8O5U2U4,c,{'O1O2O3O4U3O5U6U1U7U2O6O7U5O8U4U8'},1,"<a href=""/flatknot/8.733765"">8.733765</a>",t^9-56t^7-146t^6+18t^5+136t^4-129t^3+46t^2+160t-58,t^3-t^2-t,,
8.733766,O1O2O3O4U3O5U6U1U7U4O6O7U2O8U5U8,3,10z^2+75z+111,10w^3z^2+75w^2z+111w,False,False,"[[ 0 -2  0 -1  3  2 -3  0  1],[ 2  0  1  0  2  2  1  2  1],[ 0 -1  0 -1  3  2 -2  0  1],[ 1  0  1  0  1  1  0  0  0],[-3 -2 -3 -1  0 -1 -3 -2  1],[-2 -2 -2 -1  1  0 -3 -1  1],[ 3 -1  2  0  3  3  0  2  1],[ 0 -2  0  0  2  1 -2  0  1],[-1 -1 -1  0 -1 -1 -1 -1  0]]","[[ 0  3  2  1  0  0 -1 -2 -3],[-3  0 -1  1 -2 -3 -1 -2 -3],[-2  1  0  1 -1 -2 -1 -2 -3],[-1 -1 -1  0 -1 -1  0 -1 -1],[ 0  2  1  1  0  0  0 -2 -2],[ 0  3  2  1  0  0 -1 -1 -2],[ 1  1  1  0  0  1  0  0  0],[ 2  2  2  1  2  1  0  0  1],[ 3  3  3  1  2  2  0 -1  0]]",True,"[-3,-2,-1,0,0,1,2,3,1,-1,2,3,1,2,3,-1,1,2,1,2,3,1,1,0,1,1,0,0,2,2,1,1,2,0,0,-1]","[-3,-2,-1,0,0,1,2,3,-1,0,2,2,1,3,3,0,1,2,1,2,2,1,0,0,1,1,0,1,2,3,1,1,2,-1,-1,1]",t^8+68t^6+148t^4+23t^2,"[-3,-2,-1,0,0,1,2,3,2,2,1,1,3,2,3,1,0,1,2,2,3,1,0,2,2,3,0,0,1,1,0,0,0,2,3,0]","[-3,-2,-1,0,0,1,2,3,0,3,0,1,3,3,3,2,0,1,2,2,2,0,0,2,2,3,0,0,1,1,1,0,1,1,2,2]","[-3,-2,-1,0,0,1,2,3,-1,0,2,2,1,3,3,0,1,2,1,2,2,1,0,0,1,1,0,1,2,3,1,1,2,-1,-1,1]",c,"[[{8, 1}, {3, 7}, {5, 6}, {2, 4}], [{8, 3}, {2, 7}, {4, 6}, {1, 5}]]",1,8 K_1^3 + 4 K_1^2 K_2 - 30 K_1^2 - 20 K_1 K_2 - 2 K_1 K_3 + 4 K_1 - 6 K_2^2 + 14 K_2 + 8 K_3 + 3 K_4 + 18,O1O2O3O4U5U6O5U3O7O8U1U7U4U8O6U2,O1O2O3O4U1U3O5U6O7O6U2U5U8U4O8U7,O1O2O3O4U5O6U1U6U7U3O8O5U8O7U2U4,c,{'O1O2O3O4U3O5U6U1U7U4O6O7U2O8U5U8'},1,"<a href=""/flatknot/8.733766"">8.733766</a>",t^9-68t^7-274t^6-178t^5+440t^4+491t^3-136t^2-292t-80,0,,
8.733767,O1O2O3O4U3O5U6U1U7U4O6O7U5O8U2U8,4,9z^2+94z+153,9w^3z^2+94w^2z+153w,False,False,"[[ 0 -2  0 -1  3  2 -3  0  1],[ 2  0  2  0  2  1  1  2  1],[ 0 -2  0 -1  2  1 -2  0  1],[ 1  0  1  0  1  1  0  0  0],[-3 -2 -2 -1  0 -1 -3 -2  0],[-2 -1 -1 -1  1  0 -3 -1  0],[ 3 -1  2  0  3  3  0  2  1],[ 0 -2  0  0  2  1 -2  0  1],[-1 -1 -1  0  0  0 -1 -1  0]]","[[ 0  3  2  1  0  0 -1 -2 -3],[-3  0 -1  0 -2 -2 -1 -2 -3],[-2  1  0  0 -1 -1 -1 -1 -3],[-1  0  0  0 -1 -1  0 -1 -1],[ 0  2  1  1  0  0  0 -2 -2],[ 0  2  1  1  0  0 -1 -2 -2],[ 1  1  1  0  0  1  0  0  0],[ 2  2  1  1  2  2  0  0  1],[ 3  3  3  1  2  2  0 -1  0]]",True,"[-3,-2,-1,0,0,1,2,3,1,0,2,2,1,2,3,0,1,1,1,1,3,1,1,0,1,1,0,0,2,2,1,2,2,0,0,-1]","[-3,-2,-1,0,0,1,2,3,-1,0,2,2,1,3,3,0,2,2,1,1,2,0,1,0,1,1,0,1,1,2,1,1,2,0,0,1]",t^8+58t^6+113t^4+39t^2+1,"[-3,-2,-1,0,0,1,2,3,2,2,1,1,3,2,3,1,0,0,2,3,3,0,1,2,2,3,0,0,1,1,0,1,1,1,2,0]","[-3,-2,-1,0,0,1,2,3,0,2,1,1,3,3,3,1,1,1,2,3,2,0,0,2,2,3,0,0,0,1,1,0,1,1,2,2]","[-3,-2,-1,0,0,1,2,3,-1,0,2,2,1,3,3,0,2,2,1,1,2,0,1,0,1,1,0,1,1,2,1,1,2,0,0,1]",c,"[[{8, 7}, {5, 6}, {2, 4}, {1, 3}]]",1,12 K_1^3 + 8 K_1^2 K_2 - 42 K_1^2 - 28 K_1 K_2 - 6 K_1 K_3 + 5 K_1 - 2 K_2^2 + 20 K_2 + 11 K_3 + 2 K_4 + 21,O1O2O3O4U5U3O5U6O7O8U1U7U4U8O6U2,O1O2O3O4U1U3O5U6O7O6U2U7U8U4O8U5,O1O2O3O4U5O6U1U6U7U3O8O7U8O5U2U4,c,{'O1O2O3O4U3O5U6U1U7U4O6O7U5O8U2U8'},1,"<a href=""/flatknot/8.733767"">8.733767</a>",t^9-58t^7-202t^6-153t^5+96t^4+116t^3+46t^2+27t+6,0,,
8.733768,O1O2O3O4U3O5U6U1U7U8O6O7U2O8U5U4,4,2z^3+26z^2+97z+107,2w^4z^3-4w^4z^2+30w^3z^2-4w^3z+101w^2z+107w,False,False,"[[ 0 -2  0 -1  3  2 -3  0  1],[ 2  0  0  0  3  1  2  3  2],[ 0  0  0  0  2  0 -1  1  2],[ 1  0  0  0  1  0  1  1  1],[-3 -3 -2 -1  0  0 -5 -3 -1],[-2 -1  0  0  0  0 -4 -2  0],[ 3 -2  1 -1  5  4  0  2  2],[ 0 -3 -1 -1  3  2 -2  0  0],[-1 -2 -2 -1  1  0 -2  0  0]]","[[ 0  3  2  1  0  0 -1 -2 -3],[-3  0  0 -1 -2 -3 -1 -3 -5],[-2  0  0  0  0 -2  0 -1 -4],[-1  1  0  0 -2  0 -1 -2 -2],[ 0  2  0  2  0  1  0  0 -1],[ 0  3  2  0 -1  0 -1 -3 -2],[ 1  1  0  1  0  1  0  0  1],[ 2  3  1  2  0  3  0  0  2],[ 3  5  4  2  1  2 -1 -2  0]]",True,"[-3,-2,-1,0,0,1,2,3,0,1,2,3,1,3,5,0,0,2,0,1,4,2,0,1,2,2,-1,0,0,1,1,3,2,0,-1,-2]","[-3,-2,-1,0,0,1,2,3,-2,-1,1,2,2,4,5,0,0,3,2,1,3,0,1,1,0,1,1,2,0,2,0,2,3,0,1,0]",t^8+104t^6+752t^4+183t^2+4,"[-3,-2,-1,0,0,1,2,3,3,3,1,2,2,1,1,1,-1,2,1,3,2,0,1,1,3,3,1,1,0,0,-1,2,1,1,1,1]","[-3,-2,-1,0,0,1,2,3,1,1,0,1,3,2,1,1,0,2,3,3,1,1,-1,1,1,2,-1,0,-1,1,1,2,2,1,3,3]","[-3,-2,-1,0,0,1,2,3,-2,-1,1,2,2,4,5,0,0,3,2,1,3,0,1,1,0,1,1,2,0,2,0,2,3,0,1,0]",c,"[[{8, 1}, {2, 7}, {3, 6}, {4, 5}], [{8, 1}, {2, 7}, {4, 6}, {3, 5}], [{8, 1}, {2, 7}, {5, 6}, {3, 4}], [{8, 1}, {3, 7}, {2, 6}, {4, 5}], [{8, 1}, {3, 7}, {4, 6}, {2, 5}], [{8, 1}, {3, 7}, {5, 6}, {2, 4}], [{8, 1}, {3, 7}, {5, 6}, {4}, {2}], [{8, 1}, {3, 7}, {6}, {5}, {2, 4}], [{8, 1}, {4, 7}, {2, 6}, {3, 5}], [{8, 1}, {4, 7}, {3, 6}, {2, 5}], [{8, 1}, {4, 7}, {5, 6}, {2, 3}], [{8, 1}, {5, 7}, {2, 6}, {3, 4}], [{8, 1}, {5, 7}, {3, 6}, {2, 4}], [{8, 1}, {5, 7}, {4, 6}, {2, 3}], [{8, 1}, {5, 7}, {6}, {2, 4}, {3}], [{8, 1}, {6, 7}, {2, 5}, {3, 4}], [{8, 1}, {6, 7}, {3, 5}, {2, 4}], [{8, 1}, {6, 7}, {4, 5}, {2, 3}], [{8, 1}, {7}, {6}, {3, 5}, {2, 4}], [{8, 2}, {1, 7}, {3, 6}, {4, 5}], [{8, 2}, {1, 7}, {4, 6}, {3, 5}], [{8, 2}, {1, 7}, {5, 6}, {3, 4}], [{8, 2}, {3, 7}, {1, 6}, {4, 5}], [{8, 2}, {3, 7}, {4, 6}, {1, 5}], [{8, 2}, {3, 7}, {5, 6}, {1, 4}], [{8, 2}, {4, 7}, {1, 6}, {3, 5}], [{8, 2}, {4, 7}, {3, 6}, {1, 5}], [{8, 2}, {4, 7}, {5, 6}, {1, 3}], [{8, 2}, {5, 7}, {1, 6}, {3, 4}], [{8, 2}, {5, 7}, {3, 6}, {1, 4}], [{8, 2}, {5, 7}, {4, 6}, {1, 3}], [{8, 2}, {6, 7}, {1, 5}, {3, 4}], [{8, 2}, {6, 7}, {3, 5}, {1, 4}], [{8, 2}, {6, 7}, {4, 5}, {1, 3}], [{8, 2}, {7}, {5, 6}, {1, 4}, {3}], [{8, 3}, {1, 7}, {2, 6}, {4, 5}], [{8, 3}, {1, 7}, {4, 6}, {2, 5}], [{8, 3}, {1, 7}, {5, 6}, {2, 4}], [{8, 3}, {2, 7}, {1, 6}, {4, 5}], [{8, 3}, {2, 7}, {4, 6}, {1, 5}], [{8, 3}, {2, 7}, {5, 6}, {1, 4}], [{8, 3}, {4, 7}, {1, 6}, {2, 5}], [{8, 3}, {4, 7}, {2, 6}, {1, 5}], [{8, 3}, {4, 7}, {5, 6}, {1, 2}], [{8, 3}, {4, 7}, {6}, {1, 5}, {2}], [{8, 3}, {5, 7}, {1, 6}, {2, 4}], [{8, 3}, {5, 7}, {1, 6}, {4}, {2}], [{8, 3}, {5, 7}, {2, 6}, {1, 4}], [{8, 3}, {5, 7}, {4, 6}, {1, 2}], [{8, 3}, {6, 7}, {1, 5}, {2, 4}], [{8, 3}, {6, 7}, {1, 5}, {4}, {2}], [{8, 3}, {6, 7}, {2, 5}, {1, 4}], [{8, 3}, {6, 7}, {4, 5}, {1, 2}], [{8, 3}, {7}, {4, 6}, {1, 5}, {2}], [{8, 4}, {1, 7}, {2, 6}, {3, 5}], [{8, 4}, {1, 7}, {3, 6}, {2, 5}], [{8, 4}, {1, 7}, {5, 6}, {2, 3}], [{8, 4}, {2, 7}, {1, 6}, {3, 5}], [{8, 4}, {2, 7}, {3, 6}, {1, 5}], [{8, 4}, {2, 7}, {5, 6}, {1, 3}], [{8, 4}, {3, 7}, {1, 6}, {2, 5}], [{8, 4}, {3, 7}, {2, 6}, {1, 5}], [{8, 4}, {3, 7}, {5, 6}, {1, 2}], [{8, 4}, {5, 7}, {1, 6}, {2, 3}], [{8, 4}, {5, 7}, {2, 6}, {1, 3}], [{8, 4}, {5, 7}, {2, 6}, {3}, {1}], [{8, 4}, {5, 7}, {3, 6}, {1, 2}], [{8, 4}, {6, 7}, {1, 5}, {2, 3}], [{8, 4}, {6, 7}, {2, 5}, {1, 3}], [{8, 4}, {6, 7}, {3, 5}, {1, 2}], [{8, 4}, {6, 7}, {3, 5}, {2}, {1}], [{8, 4}, {7}, {3, 6}, {1, 5}, {2}], [{8, 4}, {7}, {5, 6}, {2, 3}, {1}], [{8, 5}, {1, 7}, {2, 6}, {3, 4}], [{8, 5}, {1, 7}, {3, 6}, {2, 4}], [{8, 5}, {1, 7}, {4, 6}, {2, 3}], [{8, 5}, {2, 7}, {1, 6}, {3, 4}], [{8, 5}, {2, 7}, {3, 6}, {1, 4}], [{8, 5}, {2, 7}, {4, 6}, {1, 3}], [{8, 5}, {2, 7}, {4, 6}, {3}, {1}], [{8, 5}, {2, 7}, {6}, {4}, {1, 3}], [{8, 5}, {3, 7}, {1, 6}, {2, 4}], [{8, 5}, {3, 7}, {2, 6}, {1, 4}], [{8, 5}, {3, 7}, {4, 6}, {1, 2}], [{8, 5}, {4, 7}, {1, 6}, {2, 3}], [{8, 5}, {4, 7}, {2, 6}, {1, 3}], [{8, 5}, {4, 7}, {3, 6}, {1, 2}], [{8, 5}, {6, 7}, {1, 4}, {2, 3}], [{8, 5}, {6, 7}, {2, 4}, {1, 3}], [{8, 5}, {6, 7}, {3, 4}, {1, 2}], [{8, 5}, {6, 7}, {4}, {1, 3}, {2}], [{8, 5}, {7}, {1, 6}, {2, 4}, {3}], [{8, 5}, {7}, {2, 6}, {4}, {1, 3}], [{8, 6}, {1, 7}, {2, 5}, {3, 4}], [{8, 6}, {1, 7}, {3, 5}, {2, 4}], [{8, 6}, {1, 7}, {4, 5}, {2, 3}], [{8, 6}, {1, 7}, {5}, {3, 4}, {2}], [{8, 6}, {2, 7}, {1, 5}, {3, 4}], [{8, 6}, {2, 7}, {3, 5}, {1, 4}], [{8, 6}, {2, 7}, {3, 5}, {4}, {1}], [{8, 6}, {2, 7}, {4, 5}, {1, 3}], [{8, 6}, {2, 7}, {4, 5}, {3}, {1}], [{8, 6}, {2, 7}, {5}, {3, 4}, {1}], [{8, 6}, {3, 7}, {1, 5}, {2, 4}], [{8, 6}, {3, 7}, {2, 5}, {1, 4}], [{8, 6}, {3, 7}, {2, 5}, {4}, {1}], [{8, 6}, {3, 7}, {4, 5}, {1, 2}], [{8, 6}, {4, 7}, {1, 5}, {2, 3}], [{8, 6}, {4, 7}, {2, 5}, {1, 3}], [{8, 6}, {4, 7}, {2, 5}, {3}, {1}], [{8, 6}, {4, 7}, {3, 5}, {1, 2}], [{8, 6}, {5, 7}, {1, 4}, {2, 3}], [{8, 6}, {5, 7}, {2, 4}, {1, 3}], [{8, 6}, {5, 7}, {3, 4}, {1, 2}], [{8, 6}, {5, 7}, {3, 4}, {2}, {1}], [{8, 6}, {7}, {1, 5}, {3, 4}, {2}], [{8, 6}, {7}, {2, 5}, {3, 4}, {1}], [{8, 6}, {7}, {5}, {1, 4}, {2, 3}], [{8, 6}, {7}, {5}, {2, 4}, {1, 3}], [{8, 6}, {7}, {5}, {3, 4}, {1, 2}], [{8, 6}, {7}, {5}, {3, 4}, {2}, {1}], [{8, 7}, {1, 6}, {2, 5}, {3, 4}], [{8, 7}, {1, 6}, {3, 5}, {2, 4}], [{8, 7}, {1, 6}, {4, 5}, {2, 3}], [{8, 7}, {1, 6}, {5}, {4}, {2, 3}], [{8, 7}, {2, 6}, {1, 5}, {3, 4}], [{8, 7}, {2, 6}, {3, 5}, {1, 4}], [{8, 7}, {2, 6}, {4, 5}, {1, 3}], [{8, 7}, {2, 6}, {5}, {4}, {1, 3}], [{8, 7}, {3, 6}, {1, 5}, {2, 4}], [{8, 7}, {3, 6}, {2, 5}, {1, 4}], [{8, 7}, {3, 6}, {4, 5}, {1, 2}], [{8, 7}, {4, 6}, {1, 5}, {2, 3}], [{8, 7}, {4, 6}, {1, 5}, {3}, {2}], [{8, 7}, {4, 6}, {2, 5}, {1, 3}], [{8, 7}, {4, 6}, {3, 5}, {1, 2}], [{8, 7}, {5, 6}, {1, 4}, {2, 3}], [{8, 7}, {5, 6}, {1, 4}, {3}, {2}], [{8, 7}, {5, 6}, {2, 4}, {1, 3}], [{8, 7}, {5, 6}, {3, 4}, {1, 2}], [{8}, {2, 7}, {5, 6}, {1, 4}, {3}], [{8}, {3, 7}, {1, 6}, {4, 5}, {2}], [{8}, {3, 7}, {4, 6}, {1, 5}, {2}], [{8}, {4, 7}, {5, 6}, {3}, {1, 2}], [{8}, {5, 7}, {2, 6}, {4}, {1, 3}], [{8}, {7}, {3, 6}, {2, 5}, {1, 4}]]",2,12 K_1^3 - 16 K_1^2 - 20 K_1 K_2 - 4 K_1 K_3 + K_1 + 10 K_2 + 7 K_3 + 2 K_4 + 9,O1O2O3O4U1U5O6U3O7O8U6U7U4U8O5U2,O1O2O3O4U1U3O5U4O6O7U2U5U8U7O8U6,O1O2O3O4U5O6U7U6U8U3O7O5U1O8U2U4,c,{'O1O2O3O4U3O5U6U1U7U8O6O7U2O8U5U4'},1,"<a href=""/flatknot/8.733768"">8.733768</a>",t^9-104t^7-408t^6+244t^5+1722t^4+413t^3-868t^2+253t+62,0,,
8.733769,O1O2O3O4U3O5U6U1U7U8O6O7U4O8U2U5,4,16z^2+93z+123,-4w^4z^2+20w^3z^2-4w^3z+97w^2z+123w,False,False,"[[ 0 -2  0 -1  2  3 -3  0  1],[ 2  0  1  0  1  2  2  3  2],[ 0 -1  0 -1  2  2 -2  0  1],[ 1  0  1  0  1  1  1  1  0],[-2 -1 -2 -1  0  0 -3 -1  0],[-3 -2 -2 -1  0  0 -5 -3 -1],[ 3 -2  2 -1  3  5  0  2  2],[ 0 -3  0 -1  1  3 -2  0  0],[-1 -2 -1  0  0  1 -2  0  0]]","[[ 0  3  2  1  0  0 -1 -2 -3],[-3  0  0 -1 -2 -3 -1 -2 -5],[-2  0  0  0 -2 -1 -1 -1 -3],[-1  1  0  0 -1  0  0 -2 -2],[ 0  2  2  1  0  0 -1 -1 -2],[ 0  3  1  0  0  0 -1 -3 -2],[ 1  1  1  0  1  1  0  0  1],[ 2  2  1  2  1  3  0  0  2],[ 3  5  3  2  2  2 -1 -2  0]]",True,"[-3,-2,-1,0,0,1,2,3,0,1,2,3,1,2,5,0,2,1,1,1,3,1,0,0,2,2,0,1,1,2,1,3,2,0,-1,-2]","[-3,-2,-1,0,0,1,2,3,-2,-1,2,2,2,3,5,0,1,3,2,1,2,1,1,0,1,1,0,1,2,2,0,1,3,0,1,0]",t^8+94t^6+395t^4+136t^2+1,"[-3,-2,-1,0,0,1,2,3,3,3,1,1,2,2,1,1,-1,1,1,3,3,0,0,2,2,3,0,1,1,0,0,0,1,1,1,1]","[-3,-2,-1,0,0,1,2,3,1,1,0,1,3,3,1,1,1,0,2,3,2,1,0,2,1,2,0,0,-1,1,0,1,1,1,3,3]","[-3,-2,-1,0,0,1,2,3,-2,-1,2,2,2,3,5,0,1,3,2,1,2,1,1,0,1,1,0,1,2,2,0,1,3,0,1,0]",c,"[[{8, 2}, {3, 7}, {4, 6}, {1, 5}]]",1,12 K_1^3 + 4 K_1^2 K_2 - 28 K_1^2 - 12 K_1 K_2 - 4 K_1 K_3 - 3 K_1 + 14 K_2 + 3 K_3 + K_4 + 14,O1O2O3O4U5U3O6U1O7O8U6U7U4U8O5U2,O1O2O3O4U1U3O5U4O6O7U2U6U8U5O8U7,O1O2O3O4U5O6U7U6U8U3O5O8U1O7U2U4,c,{'O1O2O3O4U3O5U6U1U7U8O6O7U4O8U2U5'},1,"<a href=""/flatknot/8.733769"">8.733769</a>",t^9-94t^7-398t^6-59t^5+1046t^4+606t^3-228t^2-222t-54,0,,
8.733770,O1O2O3O4U3O5U6U1U7U8O6O7U4O8U5U2,4,4z^3+37z^2+110z+105,4w^4z^3+37w^3z^2+110w^2z+105w,False,False,"[[ 0 -2  1 -1  2  2 -3  0  1],[ 2  0  2  0  1  1  2  3  2],[-1 -2  0 -1  1  1 -3 -1  0],[ 1  0  1  0  1  1  1  1  0],[-2 -1 -1 -1  0  0 -3 -1  0],[-2 -1 -1 -1  0  0 -4 -2  0],[ 3 -2  3 -1  3  4  0  2  2],[ 0 -3  1 -1  1  2 -2  0  0],[-1 -2  0  0  0  0 -2  0  0]]","[[ 0  2  2  1  1  0 -1 -2 -3],[-2  0  0  0 -1 -1 -1 -1 -3],[-2  0  0  0 -1 -2 -1 -1 -4],[-1  0  0  0  0  0  0 -2 -2],[-1  1  1  0  0 -1 -1 -2 -3],[ 0  1  2  0  1  0 -1 -3 -2],[ 1  1  1  0  1  1  0  0  1],[ 2  1  1  2  2  3  0  0  2],[ 3  3  4  2  3  2 -1 -2  0]]",True,"[-2,-2,-1,-1,0,1,2,3,0,0,1,1,1,1,3,0,1,2,1,1,4,0,0,0,2,2,1,1,2,3,1,3,2,0,-1,-2]","[-3,-2,-1,0,1,1,2,2,-2,-1,2,2,3,3,4,0,3,2,2,1,1,1,0,1,1,1,0,1,1,2,0,0,0,1,1,0]",t^8+78t^6+274t^4+89t^2+4,"[-3,-2,-1,0,1,1,2,2,3,3,1,1,2,1,2,1,-1,1,1,3,3,0,1,2,2,2,0,1,0,1,0,0,0,1,1,0]","[-2,-2,-1,-1,0,1,2,3,0,0,1,0,2,3,1,0,1,1,2,3,2,0,0,1,1,1,1,2,1,2,0,-1,1,1,3,3]","[-3,-2,-1,0,1,1,2,2,-2,-1,2,2,3,3,4,0,3,2,2,1,1,1,0,1,1,1,0,1,1,2,0,0,0,1,1,0]",c,"[[{8, 1}, {2, 7}, {3, 6}, {4, 5}], [{8, 1}, {2, 7}, {4, 6}, {3, 5}], [{8, 1}, {2, 7}, {5, 6}, {3, 4}], [{8, 1}, {2, 7}, {6}, {3, 5}, {4}], [{8, 1}, {3, 7}, {2, 6}, {4, 5}], [{8, 1}, {3, 7}, {4, 6}, {2, 5}], [{8, 1}, {3, 7}, {5, 6}, {2, 4}], [{8, 1}, {4, 7}, {2, 6}, {3, 5}], [{8, 1}, {4, 7}, {3, 6}, {2, 5}], [{8, 1}, {4, 7}, {5, 6}, {2, 3}], [{8, 1}, {4, 7}, {6}, {5}, {2, 3}], [{8, 1}, {5, 7}, {2, 6}, {3, 4}], [{8, 1}, {5, 7}, {3, 6}, {2, 4}], [{8, 1}, {5, 7}, {4, 6}, {2, 3}], [{8, 1}, {6, 7}, {2, 5}, {3, 4}], [{8, 1}, {6, 7}, {3, 5}, {2, 4}], [{8, 1}, {6, 7}, {4, 5}, {2, 3}], [{8, 1}, {7}, {4, 6}, {3, 5}, {2}], [{8, 2}, {1, 7}, {3, 6}, {4, 5}], [{8, 2}, {1, 7}, {4, 6}, {3, 5}], [{8, 2}, {1, 7}, {5, 6}, {3, 4}], [{8, 2}, {1, 7}, {6}, {3, 5}, {4}], [{8, 2}, {3, 7}, {1, 6}, {4, 5}], [{8, 2}, {3, 7}, {4, 6}, {1, 5}], [{8, 2}, {3, 7}, {4, 6}, {5}, {1}], [{8, 2}, {3, 7}, {5, 6}, {1, 4}], [{8, 2}, {4, 7}, {1, 6}, {3, 5}], [{8, 2}, {4, 7}, {3, 6}, {1, 5}], [{8, 2}, {4, 7}, {5, 6}, {1, 3}], [{8, 2}, {4, 7}, {6}, {3, 5}, {1}], [{8, 2}, {5, 7}, {1, 6}, {3, 4}], [{8, 2}, {5, 7}, {3, 6}, {1, 4}], [{8, 2}, {5, 7}, {4, 6}, {1, 3}], [{8, 2}, {5, 7}, {4, 6}, {3}, {1}], [{8, 2}, {6, 7}, {1, 5}, {3, 4}], [{8, 2}, {6, 7}, {3, 5}, {1, 4}], [{8, 2}, {6, 7}, {3, 5}, {4}, {1}], [{8, 2}, {6, 7}, {4, 5}, {1, 3}], [{8, 2}, {7}, {1, 6}, {3, 5}, {4}], [{8, 2}, {7}, {3, 6}, {5}, {1, 4}], [{8, 2}, {7}, {4, 6}, {3, 5}, {1}], [{8, 2}, {7}, {5, 6}, {1, 4}, {3}], [{8, 2}, {7}, {6}, {3, 5}, {1, 4}], [{8, 2}, {7}, {6}, {3, 5}, {4}, {1}], [{8, 3}, {1, 7}, {2, 6}, {4, 5}], [{8, 3}, {1, 7}, {4, 6}, {2, 5}], [{8, 3}, {1, 7}, {5, 6}, {2, 4}], [{8, 3}, {1, 7}, {5, 6}, {4}, {2}], [{8, 3}, {2, 7}, {1, 6}, {4, 5}], [{8, 3}, {2, 7}, {4, 6}, {1, 5}], [{8, 3}, {2, 7}, {5, 6}, {1, 4}], [{8, 3}, {2, 7}, {5, 6}, {4}, {1}], [{8, 3}, {4, 7}, {1, 6}, {2, 5}], [{8, 3}, {4, 7}, {2, 6}, {1, 5}], [{8, 3}, {4, 7}, {5, 6}, {1, 2}], [{8, 3}, {4, 7}, {5, 6}, {2}, {1}], [{8, 3}, {5, 7}, {1, 6}, {2, 4}], [{8, 3}, {5, 7}, {2, 6}, {1, 4}], [{8, 3}, {5, 7}, {4, 6}, {1, 2}], [{8, 3}, {5, 7}, {4, 6}, {2}, {1}], [{8, 3}, {6, 7}, {1, 5}, {2, 4}], [{8, 3}, {6, 7}, {2, 5}, {1, 4}], [{8, 3}, {6, 7}, {4, 5}, {1, 2}], [{8, 3}, {6, 7}, {4, 5}, {2}, {1}], [{8, 3}, {7}, {2, 6}, {5}, {1, 4}], [{8, 3}, {7}, {5, 6}, {1, 4}, {2}], [{8, 3}, {7}, {5, 6}, {2, 4}, {1}], [{8, 3}, {7}, {5, 6}, {4}, {1, 2}], [{8, 3}, {7}, {5, 6}, {4}, {2}, {1}], [{8, 3}, {7}, {6}, {2, 5}, {1, 4}], [{8, 4}, {1, 7}, {2, 6}, {3, 5}], [{8, 4}, {1, 7}, {3, 6}, {2, 5}], [{8, 4}, {1, 7}, {5, 6}, {2, 3}], [{8, 4}, {1, 7}, {6}, {5}, {2, 3}], [{8, 4}, {2, 7}, {1, 6}, {3, 5}], [{8, 4}, {2, 7}, {3, 6}, {1, 5}], [{8, 4}, {2, 7}, {5, 6}, {1, 3}], [{8, 4}, {2, 7}, {6}, {5}, {1, 3}], [{8, 4}, {3, 7}, {1, 6}, {2, 5}], [{8, 4}, {3, 7}, {2, 6}, {1, 5}], [{8, 4}, {3, 7}, {5, 6}, {1, 2}], [{8, 4}, {5, 7}, {1, 6}, {2, 3}], [{8, 4}, {5, 7}, {2, 6}, {1, 3}], [{8, 4}, {5, 7}, {3, 6}, {1, 2}], [{8, 4}, {5, 7}, {6}, {2, 3}, {1}], [{8, 4}, {6, 7}, {1, 5}, {2, 3}], [{8, 4}, {6, 7}, {2, 5}, {1, 3}], [{8, 4}, {6, 7}, {3, 5}, {1, 2}], [{8, 4}, {7}, {2, 6}, {1, 5}, {3}], [{8, 4}, {7}, {3, 6}, {1, 5}, {2}], [{8, 4}, {7}, {6}, {1, 5}, {2, 3}], [{8, 5}, {1, 7}, {2, 6}, {3, 4}], [{8, 5}, {1, 7}, {3, 6}, {2, 4}], [{8, 5}, {1, 7}, {4, 6}, {2, 3}], [{8, 5}, {2, 7}, {1, 6}, {3, 4}], [{8, 5}, {2, 7}, {3, 6}, {1, 4}], [{8, 5}, {2, 7}, {4, 6}, {1, 3}], [{8, 5}, {3, 7}, {1, 6}, {2, 4}], [{8, 5}, {3, 7}, {2, 6}, {1, 4}], [{8, 5}, {3, 7}, {4, 6}, {1, 2}], [{8, 5}, {4, 7}, {1, 6}, {2, 3}], [{8, 5}, {4, 7}, {2, 6}, {1, 3}], [{8, 5}, {4, 7}, {3, 6}, {1, 2}], [{8, 5}, {6, 7}, {1, 4}, {2, 3}], [{8, 5}, {6, 7}, {2, 4}, {1, 3}], [{8, 5}, {6, 7}, {3, 4}, {1, 2}], [{8, 5}, {7}, {2, 6}, {1, 4}, {3}], [{8, 5}, {7}, {3, 6}, {1, 4}, {2}], [{8, 5}, {7}, {6}, {1, 4}, {2, 3}], [{8, 6}, {1, 7}, {2, 5}, {3, 4}], [{8, 6}, {1, 7}, {3, 5}, {2, 4}], [{8, 6}, {1, 7}, {4, 5}, {2, 3}], [{8, 6}, {1, 7}, {4, 5}, {3}, {2}], [{8, 6}, {1, 7}, {5}, {4}, {2, 3}], [{8, 6}, {2, 7}, {1, 5}, {3, 4}], [{8, 6}, {2, 7}, {3, 5}, {1, 4}], [{8, 6}, {2, 7}, {4, 5}, {1, 3}], [{8, 6}, {2, 7}, {5}, {1, 4}, {3}], [{8, 6}, {3, 7}, {1, 5}, {2, 4}], [{8, 6}, {3, 7}, {2, 5}, {1, 4}], [{8, 6}, {3, 7}, {4, 5}, {1, 2}], [{8, 6}, {3, 7}, {5}, {1, 4}, {2}], [{8, 6}, {4, 7}, {1, 5}, {2, 3}], [{8, 6}, {4, 7}, {1, 5}, {3}, {2}], [{8, 6}, {4, 7}, {2, 5}, {1, 3}], [{8, 6}, {4, 7}, {3, 5}, {1, 2}], [{8, 6}, {4, 7}, {5}, {2, 3}, {1}], [{8, 6}, {5, 7}, {1, 4}, {2, 3}], [{8, 6}, {5, 7}, {1, 4}, {3}, {2}], [{8, 6}, {5, 7}, {2, 4}, {1, 3}], [{8, 6}, {5, 7}, {3, 4}, {1, 2}], [{8, 6}, {5, 7}, {4}, {2, 3}, {1}], [{8, 6}, {7}, {1, 5}, {4}, {2, 3}], [{8, 6}, {7}, {2, 5}, {1, 4}, {3}], [{8, 6}, {7}, {3, 5}, {1, 4}, {2}], [{8, 6}, {7}, {4, 5}, {2, 3}, {1}], [{8, 6}, {7}, {5}, {1, 4}, {2, 3}], [{8, 6}, {7}, {5}, {1, 4}, {3}, {2}], [{8, 6}, {7}, {5}, {2, 4}, {1, 3}], [{8, 6}, {7}, {5}, {3, 4}, {1, 2}], [{8, 6}, {7}, {5}, {4}, {2, 3}, {1}], [{8, 7}, {1, 6}, {2, 5}, {3, 4}], [{8, 7}, {1, 6}, {3, 5}, {2, 4}], [{8, 7}, {1, 6}, {4, 5}, {2, 3}], [{8, 7}, {2, 6}, {1, 5}, {3, 4}], [{8, 7}, {2, 6}, {3, 5}, {1, 4}], [{8, 7}, {2, 6}, {4, 5}, {1, 3}], [{8, 7}, {3, 6}, {1, 5}, {2, 4}], [{8, 7}, {3, 6}, {2, 5}, {1, 4}], [{8, 7}, {3, 6}, {4, 5}, {1, 2}], [{8, 7}, {4, 6}, {1, 5}, {2, 3}], [{8, 7}, {4, 6}, {2, 5}, {1, 3}], [{8, 7}, {4, 6}, {3, 5}, {1, 2}], [{8, 7}, {4, 6}, {3, 5}, {2}, {1}], [{8, 7}, {5, 6}, {1, 4}, {2, 3}], [{8, 7}, {5, 6}, {2, 4}, {1, 3}], [{8, 7}, {5, 6}, {3, 4}, {1, 2}], [{8, 7}, {6}, {2, 5}, {4}, {1, 3}], [{8, 7}, {6}, {3, 5}, {4}, {1, 2}], [{8}, {1, 7}, {4, 6}, {2, 5}, {3}], [{8}, {1, 7}, {4, 6}, {3, 5}, {2}], [{8}, {1, 7}, {4, 6}, {5}, {2, 3}], [{8}, {2, 7}, {4, 6}, {3, 5}, {1}], [{8}, {4, 7}, {1, 6}, {2, 5}, {3}], [{8}, {4, 7}, {1, 6}, {3, 5}, {2}], [{8}, {4, 7}, {1, 6}, {5}, {2, 3}], [{8}, {5, 7}, {2, 6}, {4}, {1, 3}], [{8}, {5, 7}, {4, 6}, {2, 3}, {1}], [{8}, {7}, {2, 6}, {3, 5}, {1, 4}], [{8}, {7}, {3, 6}, {2, 5}, {1, 4}], [{8}, {7}, {4, 6}, {1, 5}, {2, 3}], [{8}, {7}, {4, 6}, {3, 5}, {1, 2}], [{8}, {7}, {5, 6}, {1, 4}, {2, 3}]]",2,- 6 K_1^2 - 6 K_1 K_2 + 3 K_1 + 3 K_2 + 3 K_3 + 4,O1O2O3O4U3U5O6U1O7O8U6U7U4U8O5U2,O1O2O3O4U1U3O5U4O6O7U2U7U8U5O8U6,O1O2O3O4U5O6U7U6U8U3O8O5U1O7U2U4,c,{'O1O2O3O4U3O5U6U1U7U8O6O7U4O8U5U2'},1,"<a href=""/flatknot/8.733770"">8.733770</a>",t^9-82t^7-292t^6-73t^5+126t^4+232t^3+444t^2+194t-18,t^3-t^2-t,,
8.733771,O1O2O3O4U3O5U6U1U7U8O6O7U5O8U2U4,4,15z^2+84z+109,-4w^4z^2+19w^3z^2-12w^3z+96w^2z+109w,False,False,"[[ 0 -2  0 -1  3  2 -3  0  1],[ 2  0  1  0  3  0  2  3  2],[ 0 -1  0  0  2  1 -2  0  1],[ 1  0  0  0  1  0  1  1  1],[-3 -3 -2 -1  0  1 -5 -3 -2],[-2  0 -1  0 -1  0 -3 -1  0],[ 3 -2  2 -1  5  3  0  2  2],[ 0 -3  0 -1  3  1 -2  0  0],[-1 -2 -1 -1  2  0 -2  0  0]]","[[ 0  3  2  1  0  0 -1 -2 -3],[-3  0  1 -2 -2 -3 -1 -3 -5],[-2 -1  0  0 -1 -1  0  0 -3],[-1  2  0  0 -1  0 -1 -2 -2],[ 0  2  1  1  0  0  0 -1 -2],[ 0  3  1  0  0  0 -1 -3 -2],[ 1  1  0  1  0  1  0  0  1],[ 2  3  0  2  1  3  0  0  2],[ 3  5  3  2  2  2 -1 -2  0]]",True,"[-3,-2,-1,0,0,1,2,3,-1,2,2,3,1,3,5,0,1,1,0,0,3,1,0,1,2,2,0,0,1,2,1,3,2,0,-1,-2]","[-3,-2,-1,0,0,1,2,3,-2,-1,2,2,2,3,5,0,1,3,2,0,3,0,1,1,0,1,0,1,1,2,0,1,3,0,2,-1]",t^8+98t^6+487t^4+174t^2+9,"[-3,-2,-1,0,0,1,2,3,3,3,1,1,2,2,1,1,-1,1,1,4,2,0,1,1,3,3,0,1,1,0,0,1,1,1,0,2]","[-3,-2,-1,0,0,1,2,3,2,0,0,1,3,2,1,1,1,1,3,4,2,1,0,1,1,2,0,0,-1,1,1,1,1,1,3,3]","[-3,-2,-1,0,0,1,2,3,-2,-1,2,2,2,3,5,0,1,3,2,0,3,0,1,1,0,1,0,1,1,2,0,1,3,0,2,-1]",c,"[[{8, 1}, {2, 7}, {3, 6}, {4, 5}], [{8, 1}, {2, 7}, {4, 6}, {3, 5}], [{8, 1}, {2, 7}, {5, 6}, {3, 4}], [{8, 1}, {2, 7}, {6}, {3, 5}, {4}], [{8, 1}, {3, 7}, {2, 6}, {4, 5}], [{8, 1}, {3, 7}, {4, 6}, {2, 5}], [{8, 1}, {3, 7}, {5, 6}, {2, 4}], [{8, 1}, {4, 7}, {2, 6}, {3, 5}], [{8, 1}, {4, 7}, {3, 6}, {2, 5}], [{8, 1}, {4, 7}, {5, 6}, {2, 3}], [{8, 1}, {5, 7}, {2, 6}, {3, 4}], [{8, 1}, {5, 7}, {3, 6}, {2, 4}], [{8, 1}, {5, 7}, {4, 6}, {2, 3}], [{8, 1}, {5, 7}, {6}, {2, 4}, {3}], [{8, 1}, {6, 7}, {2, 5}, {3, 4}], [{8, 1}, {6, 7}, {3, 5}, {2, 4}], [{8, 1}, {6, 7}, {4, 5}, {2, 3}], [{8, 1}, {7}, {4, 6}, {5}, {2, 3}], [{8, 1}, {7}, {5, 6}, {3, 4}, {2}], [{8, 2}, {1, 7}, {3, 6}, {4, 5}], [{8, 2}, {1, 7}, {3, 6}, {5}, {4}], [{8, 2}, {1, 7}, {4, 6}, {3, 5}], [{8, 2}, {1, 7}, {4, 6}, {5}, {3}], [{8, 2}, {1, 7}, {5, 6}, {3, 4}], [{8, 2}, {1, 7}, {6}, {5}, {3, 4}], [{8, 2}, {3, 7}, {1, 6}, {4, 5}], [{8, 2}, {3, 7}, {4, 6}, {1, 5}], [{8, 2}, {3, 7}, {5, 6}, {1, 4}], [{8, 2}, {4, 7}, {1, 6}, {3, 5}], [{8, 2}, {4, 7}, {3, 6}, {1, 5}], [{8, 2}, {4, 7}, {5, 6}, {1, 3}], [{8, 2}, {5, 7}, {1, 6}, {3, 4}], [{8, 2}, {5, 7}, {3, 6}, {1, 4}], [{8, 2}, {5, 7}, {4, 6}, {1, 3}], [{8, 2}, {5, 7}, {6}, {1, 4}, {3}], [{8, 2}, {6, 7}, {1, 5}, {3, 4}], [{8, 2}, {6, 7}, {3, 5}, {1, 4}], [{8, 2}, {6, 7}, {4, 5}, {1, 3}], [{8, 2}, {7}, {1, 6}, {4, 5}, {3}], [{8, 3}, {1, 7}, {2, 6}, {4, 5}], [{8, 3}, {1, 7}, {4, 6}, {2, 5}], [{8, 3}, {1, 7}, {5, 6}, {2, 4}], [{8, 3}, {1, 7}, {5, 6}, {4}, {2}], [{8, 3}, {2, 7}, {1, 6}, {4, 5}], [{8, 3}, {2, 7}, {4, 6}, {1, 5}], [{8, 3}, {2, 7}, {5, 6}, {1, 4}], [{8, 3}, {2, 7}, {5, 6}, {4}, {1}], [{8, 3}, {4, 7}, {1, 6}, {2, 5}], [{8, 3}, {4, 7}, {2, 6}, {1, 5}], [{8, 3}, {4, 7}, {5, 6}, {1, 2}], [{8, 3}, {4, 7}, {6}, {5}, {1, 2}], [{8, 3}, {5, 7}, {1, 6}, {2, 4}], [{8, 3}, {5, 7}, {2, 6}, {1, 4}], [{8, 3}, {5, 7}, {4, 6}, {1, 2}], [{8, 3}, {5, 7}, {6}, {4}, {1, 2}], [{8, 3}, {6, 7}, {1, 5}, {2, 4}], [{8, 3}, {6, 7}, {2, 5}, {1, 4}], [{8, 3}, {6, 7}, {4, 5}, {1, 2}], [{8, 3}, {6, 7}, {5}, {1, 4}, {2}], [{8, 3}, {6, 7}, {5}, {2, 4}, {1}], [{8, 3}, {6, 7}, {5}, {4}, {1, 2}], [{8, 3}, {7}, {4, 6}, {1, 5}, {2}], [{8, 3}, {7}, {4, 6}, {2, 5}, {1}], [{8, 3}, {7}, {4, 6}, {5}, {1, 2}], [{8, 3}, {7}, {5, 6}, {4}, {1, 2}], [{8, 3}, {7}, {6}, {4, 5}, {1, 2}], [{8, 4}, {1, 7}, {2, 6}, {3, 5}], [{8, 4}, {1, 7}, {3, 6}, {2, 5}], [{8, 4}, {1, 7}, {5, 6}, {2, 3}], [{8, 4}, {1, 7}, {5, 6}, {3}, {2}], [{8, 4}, {2, 7}, {1, 6}, {3, 5}], [{8, 4}, {2, 7}, {3, 6}, {1, 5}], [{8, 4}, {2, 7}, {3, 6}, {5}, {1}], [{8, 4}, {2, 7}, {5, 6}, {1, 3}], [{8, 4}, {3, 7}, {1, 6}, {2, 5}], [{8, 4}, {3, 7}, {1, 6}, {5}, {2}], [{8, 4}, {3, 7}, {2, 6}, {1, 5}], [{8, 4}, {3, 7}, {5, 6}, {1, 2}], [{8, 4}, {5, 7}, {1, 6}, {2, 3}], [{8, 4}, {5, 7}, {2, 6}, {1, 3}], [{8, 4}, {5, 7}, {3, 6}, {1, 2}], [{8, 4}, {6, 7}, {1, 5}, {2, 3}], [{8, 4}, {6, 7}, {2, 5}, {1, 3}], [{8, 4}, {6, 7}, {3, 5}, {1, 2}], [{8, 5}, {1, 7}, {2, 6}, {3, 4}], [{8, 5}, {1, 7}, {3, 6}, {2, 4}], [{8, 5}, {1, 7}, {4, 6}, {2, 3}], [{8, 5}, {1, 7}, {6}, {3, 4}, {2}], [{8, 5}, {2, 7}, {1, 6}, {3, 4}], [{8, 5}, {2, 7}, {3, 6}, {1, 4}], [{8, 5}, {2, 7}, {4, 6}, {1, 3}], [{8, 5}, {3, 7}, {1, 6}, {2, 4}], [{8, 5}, {3, 7}, {2, 6}, {1, 4}], [{8, 5}, {3, 7}, {4, 6}, {1, 2}], [{8, 5}, {3, 7}, {6}, {1, 4}, {2}], [{8, 5}, {4, 7}, {1, 6}, {2, 3}], [{8, 5}, {4, 7}, {2, 6}, {1, 3}], [{8, 5}, {4, 7}, {3, 6}, {1, 2}], [{8, 5}, {4, 7}, {6}, {2, 3}, {1}], [{8, 5}, {6, 7}, {1, 4}, {2, 3}], [{8, 5}, {6, 7}, {2, 4}, {1, 3}], [{8, 5}, {6, 7}, {3, 4}, {1, 2}], [{8, 5}, {7}, {2, 6}, {1, 4}, {3}], [{8, 5}, {7}, {6}, {2, 4}, {1, 3}], [{8, 6}, {1, 7}, {2, 5}, {3, 4}], [{8, 6}, {1, 7}, {2, 5}, {4}, {3}], [{8, 6}, {1, 7}, {3, 5}, {2, 4}], [{8, 6}, {1, 7}, {4, 5}, {2, 3}], [{8, 6}, {1, 7}, {5}, {3, 4}, {2}], [{8, 6}, {2, 7}, {1, 5}, {3, 4}], [{8, 6}, {2, 7}, {3, 5}, {1, 4}], [{8, 6}, {2, 7}, {4, 5}, {1, 3}], [{8, 6}, {3, 7}, {1, 5}, {2, 4}], [{8, 6}, {3, 7}, {2, 5}, {1, 4}], [{8, 6}, {3, 7}, {4, 5}, {1, 2}], [{8, 6}, {3, 7}, {5}, {1, 4}, {2}], [{8, 6}, {4, 7}, {1, 5}, {2, 3}], [{8, 6}, {4, 7}, {2, 5}, {1, 3}], [{8, 6}, {4, 7}, {3, 5}, {1, 2}], [{8, 6}, {5, 7}, {1, 4}, {2, 3}], [{8, 6}, {5, 7}, {1, 4}, {3}, {2}], [{8, 6}, {5, 7}, {2, 4}, {1, 3}], [{8, 6}, {5, 7}, {3, 4}, {1, 2}], [{8, 6}, {7}, {1, 5}, {2, 4}, {3}], [{8, 6}, {7}, {2, 5}, {3, 4}, {1}], [{8, 6}, {7}, {3, 5}, {1, 4}, {2}], [{8, 6}, {7}, {4, 5}, {1, 3}, {2}], [{8, 7}, {1, 6}, {2, 5}, {3, 4}], [{8, 7}, {1, 6}, {3, 5}, {2, 4}], [{8, 7}, {1, 6}, {4, 5}, {2, 3}], [{8, 7}, {2, 6}, {1, 5}, {3, 4}], [{8, 7}, {2, 6}, {3, 5}, {1, 4}], [{8, 7}, {2, 6}, {4, 5}, {1, 3}], [{8, 7}, {2, 6}, {5}, {1, 4}, {3}], [{8, 7}, {3, 6}, {1, 5}, {2, 4}], [{8, 7}, {3, 6}, {2, 5}, {1, 4}], [{8, 7}, {3, 6}, {4, 5}, {1, 2}], [{8, 7}, {4, 6}, {1, 5}, {2, 3}], [{8, 7}, {4, 6}, {2, 5}, {1, 3}], [{8, 7}, {4, 6}, {3, 5}, {1, 2}], [{8, 7}, {5, 6}, {1, 4}, {2, 3}], [{8, 7}, {5, 6}, {2, 4}, {1, 3}], [{8, 7}, {5, 6}, {3, 4}, {1, 2}], [{8, 7}, {5, 6}, {3, 4}, {2}, {1}], [{8, 7}, {5, 6}, {4}, {3}, {1, 2}], [{8}, {1, 7}, {2, 6}, {5}, {3, 4}], [{8}, {1, 7}, {5, 6}, {3, 4}, {2}], [{8}, {1, 7}, {6}, {2, 5}, {3, 4}], [{8}, {1, 7}, {6}, {5}, {3, 4}, {2}], [{8}, {2, 7}, {3, 6}, {1, 5}, {4}], [{8}, {2, 7}, {4, 6}, {3, 5}, {1}], [{8}, {2, 7}, {5, 6}, {1, 4}, {3}], [{8}, {3, 7}, {5, 6}, {1, 4}, {2}], [{8}, {3, 7}, {5, 6}, {2, 4}, {1}], [{8}, {3, 7}, {5, 6}, {4}, {1, 2}], [{8}, {5, 7}, {2, 6}, {1, 4}, {3}], [{8}, {5, 7}, {2, 6}, {3, 4}, {1}], [{8}, {5, 7}, {2, 6}, {4}, {1, 3}], [{8}, {6, 7}, {2, 5}, {1, 4}, {3}], [{8}, {7}, {2, 6}, {1, 5}, {3, 4}], [{8}, {7}, {5, 6}, {1, 4}, {2, 3}]]",2,8 K_1^3 + 4 K_1^2 K_2 - 18 K_1^2 - 12 K_1 K_2 - 2 K_1 K_3 - 2 K_2^2 + 8 K_2 + 4 K_3 + K_4 + 10,O1O2O3O4U1U3O5U6O7O8U5U7U4U8O6U2,O1O2O3O4U1U3O5U4O6O7U2U6U8U7O8U5,O1O2O3O4U5O6U7U6U8U3O7O8U1O5U2U4,c,{'O1O2O3O4U3O5U6U1U7U8O6O7U5O8U2U4'},1,"<a href=""/flatknot/8.733771"">8.733771</a>",t^9-98t^7-456t^6-285t^5+774t^4-278t^3-666t^2+365t+44,0,,
8.733772,O1O2O3O4U3O5U6U1U7U8O6O7U5O8U4U2,3,10z^2+59z+79,10w^3z^2+59w^2z+79w,False,False,"[[ 0 -2  1 -1  2  2 -3  0  1],[ 2  0  2  0  2  0  2  3  2],[-1 -2  0 -1  1  1 -3 -1  0],[ 1  0  1  0  1  0  1  1  1],[-2 -2 -1 -1  0  1 -4 -2 -1],[-2  0 -1  0 -1  0 -3 -1  0],[ 3 -2  3 -1  4  3  0  2  2],[ 0 -3  1 -1  2  1 -2  0  0],[-1 -2  0 -1  1  0 -2  0  0]]","[[ 0  2  2  1  1  0 -1 -2 -3],[-2  0  1 -1 -1 -2 -1 -2 -4],[-2 -1  0  0 -1 -1  0  0 -3],[-1  1  0  0  0  0 -1 -2 -2],[-1  1  1  0  0 -1 -1 -2 -3],[ 0  2  1  0  1  0 -1 -3 -2],[ 1  1  0  1  1  1  0  0  1],[ 2  2  0  2  2  3  0  0  2],[ 3  4  3  2  3  2 -1 -2  0]]",True,"[-2,-2,-1,-1,0,1,2,3,-1,1,1,2,1,2,4,0,1,1,0,0,3,0,0,1,2,2,1,1,2,3,1,3,2,0,-1,-2]","[-3,-2,-1,0,1,1,2,2,-2,-1,2,2,3,3,4,0,3,2,2,0,2,1,1,1,0,1,0,1,1,2,0,0,1,1,1,-1]",t^8+82t^6+275t^4+44t^2,"[-3,-2,-1,0,1,1,2,2,3,3,1,1,2,1,2,1,-1,1,1,2,4,0,1,1,2,3,0,1,0,1,0,0,0,0,1,-1]","[-2,-2,-1,-1,0,1,2,3,-1,0,1,1,3,4,2,0,0,0,2,2,1,0,0,1,1,1,1,1,1,2,0,-1,1,1,3,3]","[-3,-2,-1,0,1,1,2,2,-2,-1,2,2,3,3,4,0,3,2,2,0,2,1,1,1,0,1,0,1,1,2,0,0,1,1,1,-1]",c,"[[{8, 1}, {2, 7}, {3, 6}, {4, 5}], [{8, 1}, {2, 7}, {3, 6}, {5}, {4}], [{8, 1}, {2, 7}, {4, 6}, {3, 5}], [{8, 1}, {2, 7}, {4, 6}, {5}, {3}], [{8, 1}, {2, 7}, {5, 6}, {3, 4}], [{8, 1}, {2, 7}, {5, 6}, {4}, {3}], [{8, 1}, {2, 7}, {6}, {3, 5}, {4}], [{8, 1}, {2, 7}, {6}, {4, 5}, {3}], [{8, 1}, {2, 7}, {6}, {5}, {3, 4}], [{8, 1}, {3, 7}, {2, 6}, {4, 5}], [{8, 1}, {3, 7}, {2, 6}, {5}, {4}], [{8, 1}, {3, 7}, {4, 6}, {2, 5}], [{8, 1}, {3, 7}, {5, 6}, {2, 4}], [{8, 1}, {3, 7}, {5, 6}, {4}, {2}], [{8, 1}, {3, 7}, {6}, {2, 5}, {4}], [{8, 1}, {4, 7}, {2, 6}, {3, 5}], [{8, 1}, {4, 7}, {2, 6}, {5}, {3}], [{8, 1}, {4, 7}, {3, 6}, {2, 5}], [{8, 1}, {4, 7}, {5, 6}, {2, 3}], [{8, 1}, {4, 7}, {5, 6}, {3}, {2}], [{8, 1}, {4, 7}, {6}, {2, 5}, {3}], [{8, 1}, {5, 7}, {2, 6}, {3, 4}], [{8, 1}, {5, 7}, {3, 6}, {2, 4}], [{8, 1}, {5, 7}, {4, 6}, {2, 3}], [{8, 1}, {5, 7}, {6}, {3, 4}, {2}], [{8, 1}, {6, 7}, {2, 5}, {3, 4}], [{8, 1}, {6, 7}, {3, 5}, {2, 4}], [{8, 1}, {6, 7}, {4, 5}, {2, 3}], [{8, 1}, {6, 7}, {5}, {3, 4}, {2}], [{8, 1}, {7}, {2, 6}, {5}, {3, 4}], [{8, 1}, {7}, {3, 6}, {4, 5}, {2}], [{8, 1}, {7}, {4, 6}, {3, 5}, {2}], [{8, 1}, {7}, {5, 6}, {2, 4}, {3}], [{8, 1}, {7}, {5, 6}, {3, 4}, {2}], [{8, 1}, {7}, {5, 6}, {4}, {2, 3}], [{8, 1}, {7}, {5, 6}, {4}, {3}, {2}], [{8, 1}, {7}, {6}, {2, 5}, {3, 4}], [{8, 1}, {7}, {6}, {5}, {3, 4}, {2}], [{8, 2}, {1, 7}, {3, 6}, {4, 5}], [{8, 2}, {1, 7}, {3, 6}, {5}, {4}], [{8, 2}, {1, 7}, {4, 6}, {3, 5}], [{8, 2}, {1, 7}, {4, 6}, {5}, {3}], [{8, 2}, {1, 7}, {5, 6}, {3, 4}], [{8, 2}, {1, 7}, {5, 6}, {4}, {3}], [{8, 2}, {1, 7}, {6}, {3, 5}, {4}], [{8, 2}, {1, 7}, {6}, {4, 5}, {3}], [{8, 2}, {1, 7}, {6}, {5}, {3, 4}], [{8, 2}, {3, 7}, {1, 6}, {4, 5}], [{8, 2}, {3, 7}, {4, 6}, {1, 5}], [{8, 2}, {3, 7}, {5, 6}, {1, 4}], [{8, 2}, {3, 7}, {5, 6}, {4}, {1}], [{8, 2}, {3, 7}, {6}, {5}, {1, 4}], [{8, 2}, {4, 7}, {1, 6}, {3, 5}], [{8, 2}, {4, 7}, {3, 6}, {1, 5}], [{8, 2}, {4, 7}, {5, 6}, {1, 3}], [{8, 2}, {4, 7}, {5, 6}, {3}, {1}], [{8, 2}, {5, 7}, {1, 6}, {3, 4}], [{8, 2}, {5, 7}, {3, 6}, {1, 4}], [{8, 2}, {5, 7}, {4, 6}, {1, 3}], [{8, 2}, {6, 7}, {1, 5}, {3, 4}], [{8, 2}, {6, 7}, {3, 5}, {1, 4}], [{8, 2}, {6, 7}, {4, 5}, {1, 3}], [{8, 2}, {7}, {3, 6}, {4, 5}, {1}], [{8, 2}, {7}, {4, 6}, {3, 5}, {1}], [{8, 2}, {7}, {5, 6}, {1, 4}, {3}], [{8, 2}, {7}, {5, 6}, {3, 4}, {1}], [{8, 2}, {7}, {5, 6}, {4}, {1, 3}], [{8, 2}, {7}, {5, 6}, {4}, {3}, {1}], [{8, 3}, {1, 7}, {2, 6}, {4, 5}], [{8, 3}, {1, 7}, {2, 6}, {5}, {4}], [{8, 3}, {1, 7}, {4, 6}, {2, 5}], [{8, 3}, {1, 7}, {5, 6}, {2, 4}], [{8, 3}, {1, 7}, {5, 6}, {4}, {2}], [{8, 3}, {1, 7}, {6}, {2, 5}, {4}], [{8, 3}, {2, 7}, {1, 6}, {4, 5}], [{8, 3}, {2, 7}, {4, 6}, {1, 5}], [{8, 3}, {2, 7}, {5, 6}, {1, 4}], [{8, 3}, {2, 7}, {5, 6}, {4}, {1}], [{8, 3}, {4, 7}, {1, 6}, {2, 5}], [{8, 3}, {4, 7}, {1, 6}, {5}, {2}], [{8, 3}, {4, 7}, {2, 6}, {1, 5}], [{8, 3}, {4, 7}, {2, 6}, {5}, {1}], [{8, 3}, {4, 7}, {5, 6}, {1, 2}], [{8, 3}, {4, 7}, {5, 6}, {2}, {1}], [{8, 3}, {4, 7}, {6}, {1, 5}, {2}], [{8, 3}, {4, 7}, {6}, {2, 5}, {1}], [{8, 3}, {4, 7}, {6}, {5}, {1, 2}], [{8, 3}, {4, 7}, {6}, {5}, {2}, {1}], [{8, 3}, {5, 7}, {1, 6}, {2, 4}], [{8, 3}, {5, 7}, {2, 6}, {1, 4}], [{8, 3}, {5, 7}, {4, 6}, {1, 2}], [{8, 3}, {5, 7}, {4, 6}, {2}, {1}], [{8, 3}, {6, 7}, {1, 5}, {2, 4}], [{8, 3}, {6, 7}, {2, 5}, {1, 4}], [{8, 3}, {6, 7}, {4, 5}, {1, 2}], [{8, 3}, {6, 7}, {4, 5}, {2}, {1}], [{8, 3}, {7}, {2, 6}, {5}, {1, 4}], [{8, 3}, {7}, {5, 6}, {1, 4}, {2}], [{8, 3}, {7}, {5, 6}, {2, 4}, {1}], [{8, 3}, {7}, {5, 6}, {4}, {1, 2}], [{8, 3}, {7}, {5, 6}, {4}, {2}, {1}], [{8, 3}, {7}, {6}, {2, 5}, {1, 4}], [{8, 4}, {1, 7}, {2, 6}, {3, 5}], [{8, 4}, {1, 7}, {2, 6}, {5}, {3}], [{8, 4}, {1, 7}, {3, 6}, {2, 5}], [{8, 4}, {1, 7}, {5, 6}, {2, 3}], [{8, 4}, {1, 7}, {5, 6}, {3}, {2}], [{8, 4}, {1, 7}, {6}, {2, 5}, {3}], [{8, 4}, {2, 7}, {1, 6}, {3, 5}], [{8, 4}, {2, 7}, {3, 6}, {1, 5}], [{8, 4}, {2, 7}, {5, 6}, {1, 3}], [{8, 4}, {2, 7}, {5, 6}, {3}, {1}], [{8, 4}, {3, 7}, {1, 6}, {2, 5}], [{8, 4}, {3, 7}, {2, 6}, {1, 5}], [{8, 4}, {3, 7}, {2, 6}, {5}, {1}], [{8, 4}, {3, 7}, {5, 6}, {1, 2}], [{8, 4}, {3, 7}, {5, 6}, {2}, {1}], [{8, 4}, {3, 7}, {6}, {2, 5}, {1}], [{8, 4}, {5, 7}, {1, 6}, {2, 3}], [{8, 4}, {5, 7}, {2, 6}, {1, 3}], [{8, 4}, {5, 7}, {3, 6}, {1, 2}], [{8, 4}, {6, 7}, {1, 5}, {2, 3}], [{8, 4}, {6, 7}, {2, 5}, {1, 3}], [{8, 4}, {6, 7}, {3, 5}, {1, 2}], [{8, 4}, {7}, {2, 6}, {5}, {1, 3}], [{8, 4}, {7}, {3, 6}, {5}, {1, 2}], [{8, 4}, {7}, {5, 6}, {1, 3}, {2}], [{8, 4}, {7}, {5, 6}, {2, 3}, {1}], [{8, 4}, {7}, {5, 6}, {3}, {1, 2}], [{8, 4}, {7}, {5, 6}, {3}, {2}, {1}], [{8, 4}, {7}, {6}, {2, 5}, {1, 3}], [{8, 4}, {7}, {6}, {3, 5}, {1, 2}], [{8, 5}, {1, 7}, {2, 6}, {3, 4}], [{8, 5}, {1, 7}, {3, 6}, {2, 4}], [{8, 5}, {1, 7}, {4, 6}, {2, 3}], [{8, 5}, {1, 7}, {6}, {3, 4}, {2}], [{8, 5}, {2, 7}, {1, 6}, {3, 4}], [{8, 5}, {2, 7}, {3, 6}, {1, 4}], [{8, 5}, {2, 7}, {4, 6}, {1, 3}], [{8, 5}, {2, 7}, {6}, {1, 4}, {3}], [{8, 5}, {3, 7}, {1, 6}, {2, 4}], [{8, 5}, {3, 7}, {2, 6}, {1, 4}], [{8, 5}, {3, 7}, {4, 6}, {1, 2}], [{8, 5}, {3, 7}, {6}, {1, 4}, {2}], [{8, 5}, {4, 7}, {1, 6}, {2, 3}], [{8, 5}, {4, 7}, {2, 6}, {1, 3}], [{8, 5}, {4, 7}, {3, 6}, {1, 2}], [{8, 5}, {4, 7}, {3, 6}, {2}, {1}], [{8, 5}, {4, 7}, {6}, {3}, {1, 2}], [{8, 5}, {6, 7}, {1, 4}, {2, 3}], [{8, 5}, {6, 7}, {2, 4}, {1, 3}], [{8, 5}, {6, 7}, {3, 4}, {1, 2}], [{8, 5}, {6, 7}, {3, 4}, {2}, {1}], [{8, 5}, {7}, {1, 6}, {3, 4}, {2}], [{8, 5}, {7}, {2, 6}, {4}, {1, 3}], [{8, 5}, {7}, {3, 6}, {4}, {1, 2}], [{8, 5}, {7}, {6}, {1, 4}, {2, 3}], [{8, 6}, {1, 7}, {2, 5}, {3, 4}], [{8, 6}, {1, 7}, {3, 5}, {2, 4}], [{8, 6}, {1, 7}, {4, 5}, {2, 3}], [{8, 6}, {1, 7}, {5}, {3, 4}, {2}], [{8, 6}, {2, 7}, {1, 5}, {3, 4}], [{8, 6}, {2, 7}, {3, 5}, {1, 4}], [{8, 6}, {2, 7}, {4, 5}, {1, 3}], [{8, 6}, {2, 7}, {5}, {1, 4}, {3}], [{8, 6}, {3, 7}, {1, 5}, {2, 4}], [{8, 6}, {3, 7}, {2, 5}, {1, 4}], [{8, 6}, {3, 7}, {4, 5}, {1, 2}], [{8, 6}, {3, 7}, {5}, {1, 4}, {2}], [{8, 6}, {4, 7}, {1, 5}, {2, 3}], [{8, 6}, {4, 7}, {2, 5}, {1, 3}], [{8, 6}, {4, 7}, {3, 5}, {1, 2}], [{8, 6}, {4, 7}, {3, 5}, {2}, {1}], [{8, 6}, {4, 7}, {5}, {3}, {1, 2}], [{8, 6}, {5, 7}, {1, 4}, {2, 3}], [{8, 6}, {5, 7}, {2, 4}, {1, 3}], [{8, 6}, {5, 7}, {3, 4}, {1, 2}], [{8, 6}, {5, 7}, {3, 4}, {2}, {1}], [{8, 6}, {7}, {1, 5}, {3, 4}, {2}], [{8, 6}, {7}, {2, 5}, {4}, {1, 3}], [{8, 6}, {7}, {3, 5}, {4}, {1, 2}], [{8, 6}, {7}, {5}, {1, 4}, {2, 3}], [{8, 7}, {1, 6}, {2, 5}, {3, 4}], [{8, 7}, {1, 6}, {3, 5}, {2, 4}], [{8, 7}, {1, 6}, {4, 5}, {2, 3}], [{8, 7}, {1, 6}, {5}, {3, 4}, {2}], [{8, 7}, {2, 6}, {1, 5}, {3, 4}], [{8, 7}, {2, 6}, {3, 5}, {1, 4}], [{8, 7}, {2, 6}, {4, 5}, {1, 3}], [{8, 7}, {2, 6}, {5}, {1, 4}, {3}], [{8, 7}, {2, 6}, {5}, {3, 4}, {1}], [{8, 7}, {2, 6}, {5}, {4}, {1, 3}], [{8, 7}, {3, 6}, {1, 5}, {2, 4}], [{8, 7}, {3, 6}, {2, 5}, {1, 4}], [{8, 7}, {3, 6}, {4, 5}, {1, 2}], [{8, 7}, {3, 6}, {4, 5}, {2}, {1}], [{8, 7}, {3, 6}, {5}, {4}, {1, 2}], [{8, 7}, {4, 6}, {1, 5}, {2, 3}], [{8, 7}, {4, 6}, {2, 5}, {1, 3}], [{8, 7}, {4, 6}, {3, 5}, {1, 2}], [{8, 7}, {4, 6}, {3, 5}, {2}, {1}], [{8, 7}, {4, 6}, {5}, {3}, {1, 2}], [{8, 7}, {5, 6}, {1, 4}, {2, 3}], [{8, 7}, {5, 6}, {1, 4}, {3}, {2}], [{8, 7}, {5, 6}, {2, 4}, {1, 3}], [{8, 7}, {5, 6}, {2, 4}, {3}, {1}], [{8, 7}, {5, 6}, {3, 4}, {1, 2}], [{8, 7}, {5, 6}, {3, 4}, {2}, {1}], [{8, 7}, {5, 6}, {4}, {1, 3}, {2}], [{8, 7}, {5, 6}, {4}, {2, 3}, {1}], [{8, 7}, {5, 6}, {4}, {3}, {1, 2}], [{8, 7}, {5, 6}, {4}, {3}, {2}, {1}], [{8, 7}, {6}, {1, 5}, {3, 4}, {2}], [{8, 7}, {6}, {2, 5}, {1, 4}, {3}], [{8, 7}, {6}, {2, 5}, {3, 4}, {1}], [{8, 7}, {6}, {2, 5}, {4}, {1, 3}], [{8, 7}, {6}, {3, 5}, {4}, {1, 2}], [{8, 7}, {6}, {4, 5}, {3}, {1, 2}], [{8, 7}, {6}, {5}, {3, 4}, {1, 2}], [{8, 7}, {6}, {5}, {3, 4}, {2}, {1}], [{8}, {1, 7}, {2, 6}, {5}, {3, 4}], [{8}, {1, 7}, {3, 6}, {4, 5}, {2}], [{8}, {1, 7}, {4, 6}, {3, 5}, {2}], [{8}, {1, 7}, {5, 6}, {2, 4}, {3}], [{8}, {1, 7}, {5, 6}, {3, 4}, {2}], [{8}, {1, 7}, {5, 6}, {4}, {2, 3}], [{8}, {1, 7}, {5, 6}, {4}, {3}, {2}], [{8}, {1, 7}, {6}, {2, 5}, {3, 4}], [{8}, {1, 7}, {6}, {5}, {3, 4}, {2}], [{8}, {2, 7}, {3, 6}, {4, 5}, {1}], [{8}, {2, 7}, {4, 6}, {3, 5}, {1}], [{8}, {2, 7}, {5, 6}, {1, 4}, {3}], [{8}, {2, 7}, {5, 6}, {3, 4}, {1}], [{8}, {2, 7}, {5, 6}, {4}, {1, 3}], [{8}, {2, 7}, {5, 6}, {4}, {3}, {1}], [{8}, {3, 7}, {1, 6}, {4, 5}, {2}], [{8}, {3, 7}, {2, 6}, {5}, {1, 4}], [{8}, {3, 7}, {4, 6}, {1, 5}, {2}], [{8}, {3, 7}, {5, 6}, {1, 4}, {2}], [{8}, {3, 7}, {5, 6}, {2, 4}, {1}], [{8}, {3, 7}, {5, 6}, {4}, {1, 2}], [{8}, {3, 7}, {5, 6}, {4}, {2}, {1}], [{8}, {3, 7}, {6}, {2, 5}, {1, 4}], [{8}, {3, 7}, {6}, {5}, {1, 4}, {2}], [{8}, {4, 7}, {2, 6}, {5}, {1, 3}], [{8}, {4, 7}, {3, 6}, {5}, {1, 2}], [{8}, {4, 7}, {5, 6}, {1, 3}, {2}], [{8}, {4, 7}, {5, 6}, {2, 3}, {1}], [{8}, {4, 7}, {5, 6}, {3}, {1, 2}], [{8}, {4, 7}, {5, 6}, {3}, {2}, {1}], [{8}, {4, 7}, {6}, {2, 5}, {1, 3}], [{8}, {4, 7}, {6}, {3, 5}, {1, 2}], [{8}, {5, 7}, {1, 6}, {3, 4}, {2}], [{8}, {5, 7}, {2, 6}, {4}, {1, 3}], [{8}, {5, 7}, {3, 6}, {1, 4}, {2}], [{8}, {5, 7}, {3, 6}, {2, 4}, {1}], [{8}, {5, 7}, {3, 6}, {4}, {1, 2}], [{8}, {6, 7}, {1, 5}, {3, 4}, {2}], [{8}, {6, 7}, {2, 5}, {4}, {1, 3}], [{8}, {6, 7}, {3, 5}, {1, 4}, {2}], [{8}, {6, 7}, {3, 5}, {2, 4}, {1}], [{8}, {6, 7}, {3, 5}, {4}, {1, 2}], [{8}, {7}, {2, 6}, {4, 5}, {1, 3}], [{8}, {7}, {2, 6}, {5}, {4}, {1, 3}], [{8}, {7}, {3, 6}, {4, 5}, {1, 2}], [{8}, {7}, {3, 6}, {5}, {4}, {1, 2}], [{8}, {7}, {4, 6}, {2, 5}, {1, 3}], [{8}, {7}, {4, 6}, {3, 5}, {1, 2}], [{8}, {7}, {5, 6}, {1, 4}, {2, 3}], [{8}, {7}, {5, 6}, {1, 4}, {3}, {2}], [{8}, {7}, {5, 6}, {2, 4}, {1, 3}], [{8}, {7}, {5, 6}, {2, 4}, {3}, {1}], [{8}, {7}, {5, 6}, {3, 4}, {1, 2}], [{8}, {7}, {5, 6}, {3, 4}, {2}, {1}], [{8}, {7}, {5, 6}, {4}, {1, 3}, {2}], [{8}, {7}, {5, 6}, {4}, {2, 3}, {1}], [{8}, {7}, {5, 6}, {4}, {3}, {1, 2}], [{8}, {7}, {5, 6}, {4}, {3}, {2}, {1}], [{8}, {7}, {6}, {2, 5}, {4}, {1, 3}], [{8}, {7}, {6}, {3, 5}, {4}, {1, 2}]]",2,- 6 K_1^2 - 6 K_1 K_2 + 3 K_1 + 3 K_2 + 3 K_3 + 4,O1O2O3O4U3U1O5U6O7O8U5U7U4U8O6U2,O1O2O3O4U1U3O5U4O6O7U2U7U8U6O8U5,O1O2O3O4U5O6U7U6U8U3O8O7U1O5U2U4,c,"{'O1O2O3U2O4O5U6U1U7U8O6O7U5O8U3U4', 'O1O2O3O4U3O5U6U1U7U8O6O7U5O8U4U2'}",2,"<a href=""/flatknot/8.733772"">8.733772</a>",t^9-86t^7-340t^6-204t^5-56t^4-637t^3+98t^2+448t-16,t^3-t^2-t,,
8.733773,O1O2O3O4U3O5U6U1U7U2O6O8U4O7U5U8,4,5z^3+41z^2+111z+99,5w^4z^3+41w^3z^2+111w^2z+99w,False,False,"[[ 0 -2  1 -1  2  2 -3  0  1],[ 2  0  1  0  2  2  1  1  2],[-1 -1  0  0  1  0 -1 -1  1],[ 1  0  0  0  1  1  1  0  1],[-2 -2 -1 -1  0  0 -2 -1  1],[-2 -2  0 -1  0  0 -3 -1  0],[ 3 -1  1 -1  2  3  0  2  2],[ 0 -1  1  0  1  1 -2  0  1],[-1 -2 -1 -1 -1  0 -2 -1  0]]","[[ 0  2  2  1  1  0 -1 -2 -3],[-2  0  0  1 -1 -1 -1 -2 -2],[-2  0  0  0  0 -1 -1 -2 -3],[-1 -1  0  0 -1 -1 -1 -2 -2],[-1  1  0  1  0 -1  0 -1 -1],[ 0  1  1  1  1  0  0 -1 -2],[ 1  1  1  1  0  0  0  0  1],[ 2  2  2  2  1  1  0  0  1],[ 3  2  3  2  1  2 -1 -1  0]]",True,"[-2,-2,-1,-1,0,1,2,3,0,-1,1,1,1,2,2,0,0,1,1,2,3,1,1,1,2,2,1,0,1,1,0,1,2,0,-1,-1]","[-3,-2,-1,0,1,1,2,2,-1,-1,2,1,2,2,3,0,1,1,2,2,2,0,0,1,1,1,1,1,1,1,1,1,0,-1,0,0]",t^8+48t^6+178t^4+46t^2+1,"[-3,-2,-1,0,1,1,2,2,2,3,1,2,3,2,3,1,1,1,2,2,2,1,1,2,2,2,0,0,1,1,1,1,2,1,0,0]","[-2,-2,-1,-1,0,1,2,3,0,0,2,1,2,2,3,1,1,1,2,2,2,1,0,2,2,3,0,1,1,2,1,1,1,1,3,2]","[-3,-2,-1,0,1,1,2,2,-1,-1,2,1,2,2,3,0,1,1,2,2,2,0,0,1,1,1,1,1,1,1,1,1,0,-1,0,0]",c,"[[{8, 1}, {2, 7}, {3, 6}, {4, 5}], [{8, 1}, {2, 7}, {4, 6}, {3, 5}], [{8, 1}, {2, 7}, {5, 6}, {3, 4}], [{8, 1}, {3, 7}, {2, 6}, {4, 5}], [{8, 1}, {3, 7}, {4, 6}, {2, 5}], [{8, 1}, {3, 7}, {5, 6}, {2, 4}], [{8, 1}, {3, 7}, {5, 6}, {4}, {2}], [{8, 1}, {4, 7}, {2, 6}, {3, 5}], [{8, 1}, {4, 7}, {3, 6}, {2, 5}], [{8, 1}, {4, 7}, {5, 6}, {2, 3}], [{8, 1}, {4, 7}, {5, 6}, {3}, {2}], [{8, 1}, {5, 7}, {2, 6}, {3, 4}], [{8, 1}, {5, 7}, {3, 6}, {2, 4}], [{8, 1}, {5, 7}, {4, 6}, {2, 3}], [{8, 1}, {6, 7}, {2, 5}, {3, 4}], [{8, 1}, {6, 7}, {3, 5}, {2, 4}], [{8, 1}, {6, 7}, {3, 5}, {4}, {2}], [{8, 1}, {6, 7}, {4, 5}, {2, 3}], [{8, 1}, {7}, {5, 6}, {3, 4}, {2}], [{8, 2}, {1, 7}, {3, 6}, {4, 5}], [{8, 2}, {1, 7}, {4, 6}, {3, 5}], [{8, 2}, {1, 7}, {5, 6}, {3, 4}], [{8, 2}, {3, 7}, {1, 6}, {4, 5}], [{8, 2}, {3, 7}, {4, 6}, {1, 5}], [{8, 2}, {3, 7}, {5, 6}, {1, 4}], [{8, 2}, {3, 7}, {6}, {1, 5}, {4}], [{8, 2}, {4, 7}, {1, 6}, {3, 5}], [{8, 2}, {4, 7}, {3, 6}, {1, 5}], [{8, 2}, {4, 7}, {3, 6}, {5}, {1}], [{8, 2}, {4, 7}, {5, 6}, {1, 3}], [{8, 2}, {5, 7}, {1, 6}, {3, 4}], [{8, 2}, {5, 7}, {3, 6}, {1, 4}], [{8, 2}, {5, 7}, {4, 6}, {1, 3}], [{8, 2}, {6, 7}, {1, 5}, {3, 4}], [{8, 2}, {6, 7}, {3, 5}, {1, 4}], [{8, 2}, {6, 7}, {3, 5}, {4}, {1}], [{8, 2}, {6, 7}, {4, 5}, {1, 3}], [{8, 3}, {1, 7}, {2, 6}, {4, 5}], [{8, 3}, {1, 7}, {4, 6}, {2, 5}], [{8, 3}, {1, 7}, {5, 6}, {2, 4}], [{8, 3}, {1, 7}, {5, 6}, {4}, {2}], [{8, 3}, {2, 7}, {1, 6}, {4, 5}], [{8, 3}, {2, 7}, {4, 6}, {1, 5}], [{8, 3}, {2, 7}, {5, 6}, {1, 4}], [{8, 3}, {4, 7}, {1, 6}, {2, 5}], [{8, 3}, {4, 7}, {1, 6}, {5}, {2}], [{8, 3}, {4, 7}, {2, 6}, {1, 5}], [{8, 3}, {4, 7}, {5, 6}, {1, 2}], [{8, 3}, {5, 7}, {1, 6}, {2, 4}], [{8, 3}, {5, 7}, {2, 6}, {1, 4}], [{8, 3}, {5, 7}, {2, 6}, {4}, {1}], [{8, 3}, {5, 7}, {4, 6}, {1, 2}], [{8, 3}, {6, 7}, {1, 5}, {2, 4}], [{8, 3}, {6, 7}, {1, 5}, {4}, {2}], [{8, 3}, {6, 7}, {2, 5}, {1, 4}], [{8, 3}, {6, 7}, {4, 5}, {1, 2}], [{8, 4}, {1, 7}, {2, 6}, {3, 5}], [{8, 4}, {1, 7}, {3, 6}, {2, 5}], [{8, 4}, {1, 7}, {5, 6}, {2, 3}], [{8, 4}, {2, 7}, {1, 6}, {3, 5}], [{8, 4}, {2, 7}, {3, 6}, {1, 5}], [{8, 4}, {2, 7}, {5, 6}, {1, 3}], [{8, 4}, {3, 7}, {1, 6}, {2, 5}], [{8, 4}, {3, 7}, {2, 6}, {1, 5}], [{8, 4}, {3, 7}, {5, 6}, {1, 2}], [{8, 4}, {3, 7}, {6}, {5}, {1, 2}], [{8, 4}, {5, 7}, {1, 6}, {2, 3}], [{8, 4}, {5, 7}, {2, 6}, {1, 3}], [{8, 4}, {5, 7}, {3, 6}, {1, 2}], [{8, 4}, {6, 7}, {1, 5}, {2, 3}], [{8, 4}, {6, 7}, {2, 5}, {1, 3}], [{8, 4}, {6, 7}, {3, 5}, {1, 2}], [{8, 4}, {7}, {2, 6}, {3, 5}, {1}], [{8, 5}, {1, 7}, {2, 6}, {3, 4}], [{8, 5}, {1, 7}, {3, 6}, {2, 4}], [{8, 5}, {1, 7}, {4, 6}, {2, 3}], [{8, 5}, {2, 7}, {1, 6}, {3, 4}], [{8, 5}, {2, 7}, {3, 6}, {1, 4}], [{8, 5}, {2, 7}, {4, 6}, {1, 3}], [{8, 5}, {3, 7}, {1, 6}, {2, 4}], [{8, 5}, {3, 7}, {2, 6}, {1, 4}], [{8, 5}, {3, 7}, {4, 6}, {1, 2}], [{8, 5}, {4, 7}, {1, 6}, {2, 3}], [{8, 5}, {4, 7}, {1, 6}, {3}, {2}], [{8, 5}, {4, 7}, {2, 6}, {1, 3}], [{8, 5}, {4, 7}, {3, 6}, {1, 2}], [{8, 5}, {6, 7}, {1, 4}, {2, 3}], [{8, 5}, {6, 7}, {2, 4}, {1, 3}], [{8, 5}, {6, 7}, {3, 4}, {1, 2}], [{8, 5}, {6, 7}, {4}, {2, 3}, {1}], [{8, 5}, {7}, {2, 6}, {3, 4}, {1}], [{8, 6}, {1, 7}, {2, 5}, {3, 4}], [{8, 6}, {1, 7}, {3, 5}, {2, 4}], [{8, 6}, {1, 7}, {4, 5}, {2, 3}], [{8, 6}, {1, 7}, {5}, {2, 4}, {3}], [{8, 6}, {2, 7}, {1, 5}, {3, 4}], [{8, 6}, {2, 7}, {3, 5}, {1, 4}], [{8, 6}, {2, 7}, {4, 5}, {1, 3}], [{8, 6}, {3, 7}, {1, 5}, {2, 4}], [{8, 6}, {3, 7}, {2, 5}, {1, 4}], [{8, 6}, {3, 7}, {4, 5}, {1, 2}], [{8, 6}, {3, 7}, {5}, {2, 4}, {1}], [{8, 6}, {4, 7}, {1, 5}, {2, 3}], [{8, 6}, {4, 7}, {2, 5}, {1, 3}], [{8, 6}, {4, 7}, {3, 5}, {1, 2}], [{8, 6}, {4, 7}, {5}, {2, 3}, {1}], [{8, 6}, {5, 7}, {1, 4}, {2, 3}], [{8, 6}, {5, 7}, {2, 4}, {1, 3}], [{8, 6}, {5, 7}, {3, 4}, {1, 2}], [{8, 6}, {7}, {1, 5}, {3, 4}, {2}], [{8, 6}, {7}, {2, 5}, {3, 4}, {1}], [{8, 6}, {7}, {5}, {2, 4}, {1, 3}], [{8, 6}, {7}, {5}, {3, 4}, {1, 2}], [{8, 7}, {1, 6}, {2, 5}, {3, 4}], [{8, 7}, {1, 6}, {3, 5}, {2, 4}], [{8, 7}, {1, 6}, {4, 5}, {2, 3}], [{8, 7}, {2, 6}, {1, 5}, {3, 4}], [{8, 7}, {2, 6}, {1, 5}, {4}, {3}], [{8, 7}, {2, 6}, {3, 5}, {1, 4}], [{8, 7}, {2, 6}, {4, 5}, {1, 3}], [{8, 7}, {3, 6}, {1, 5}, {2, 4}], [{8, 7}, {3, 6}, {2, 5}, {1, 4}], [{8, 7}, {3, 6}, {4, 5}, {1, 2}], [{8, 7}, {3, 6}, {5}, {1, 4}, {2}], [{8, 7}, {4, 6}, {1, 5}, {2, 3}], [{8, 7}, {4, 6}, {2, 5}, {1, 3}], [{8, 7}, {4, 6}, {3, 5}, {1, 2}], [{8, 7}, {5, 6}, {1, 4}, {2, 3}], [{8, 7}, {5, 6}, {1, 4}, {3}, {2}], [{8, 7}, {5, 6}, {2, 4}, {1, 3}], [{8, 7}, {5, 6}, {3, 4}, {1, 2}], [{8, 7}, {6}, {3, 5}, {1, 4}, {2}], [{8}, {1, 7}, {2, 6}, {5}, {3, 4}], [{8}, {2, 7}, {3, 6}, {4, 5}, {1}], [{8}, {3, 7}, {2, 6}, {5}, {1, 4}], [{8}, {3, 7}, {4, 6}, {1, 5}, {2}], [{8}, {4, 7}, {1, 6}, {3, 5}, {2}], [{8}, {4, 7}, {6}, {1, 5}, {2, 3}], [{8}, {5, 7}, {4, 6}, {3}, {1, 2}], [{8}, {6, 7}, {3, 5}, {4}, {1, 2}]]",2,16 K_1^3 + 12 K_1^2 K_2 - 16 K_1^2 - 18 K_1 K_2 - 14 K_1 K_3 - 3 K_1 - 6 K_2^2 + 9 K_2 + 5 K_3 + 7 K_4 + 9,O1O2O3O4U5U6O7U1O5O8U3U7U4U8O6U2,O1O2O3O4U1U5O6U3O7O5U2U4U8U6O8U7,O1O2O3O4U5O6U7U6U1U3O8O5U2O7U8U4,c,{'O1O2O3O4U3O5U6U1U7U2O6O8U4O7U5U8'},1,"<a href=""/flatknot/8.733773"">8.733773</a>",t^9-52t^7-144t^6-31t^5+250t^4+314t^3+114t^2-37t-20,t^3-t^2-t,,
8.733774,O1O2O3O4U3O5U6U1U7U2O6O8U4O7U8U5,4,3z^3+30z^2+105z+115,3w^4z^3+30w^3z^2+105w^2z+115w,False,False,"[[ 0 -2  1 -1  2  3 -3  0  0],[ 2  0  1  0  2  2  1  1  1],[-1 -1  0  0  1  0 -1 -1  0],[ 1  0  0  0  1  1  1  0  1],[-2 -2 -1 -1  0  1 -2 -1  0],[-3 -2  0 -1 -1  0 -4 -1 -1],[ 3 -1  1 -1  2  4  0  2  1],[ 0 -1  1  0  1  1 -2  0  0],[ 0 -1  0 -1  0  1 -1  0  0]]","[[ 0  3  2  1  0  0 -1 -2 -3],[-3  0 -1  0 -1 -1 -1 -2 -4],[-2  1  0 -1  0 -1 -1 -2 -2],[-1  0  1  0  0 -1  0 -1 -1],[ 0  1  0  0  0  0 -1 -1 -1],[ 0  1  1  1  0  0  0 -1 -2],[ 1  1  1  0  1  0  0  0  1],[ 2  2  2  1  1  1  0  0  1],[ 3  4  2  1  1  2 -1 -1  0]]",True,"[-3,-2,-1,0,0,1,2,3,1,0,1,1,1,2,4,1,0,1,1,2,2,0,1,0,1,1,0,1,1,1,0,1,2,0,-1,-1]","[-3,-2,-1,0,0,1,2,3,-1,-1,1,2,1,2,4,0,1,1,1,2,2,1,0,0,1,1,0,0,0,1,1,1,1,1,0,1]",t^8+48t^6+176t^4+28t^2,"[-3,-2,-1,0,0,1,2,3,2,3,1,2,3,3,2,1,1,1,2,2,3,1,0,2,2,3,0,0,1,2,1,2,2,0,2,0]","[-3,-2,-1,0,0,1,2,3,0,2,2,2,3,3,2,0,1,2,2,2,3,0,1,2,2,3,0,1,1,1,0,1,2,1,3,2]","[-3,-2,-1,0,0,1,2,3,-1,-1,1,2,1,2,4,0,1,1,1,2,2,1,0,0,1,1,0,0,0,1,1,1,1,1,0,1]",c,"[[{8, 1}, {4, 7}, {2, 6}, {3, 5}], [{8, 1}, {4, 7}, {3, 6}, {2, 5}], [{8, 1}, {7}, {2, 6}, {3, 5}, {4}], [{8, 1}, {7}, {3, 6}, {2, 5}, {4}], [{8, 3}, {2, 7}, {4, 6}, {1, 5}], [{8, 7}, {5, 6}, {1, 4}, {2, 3}]]",1,- 8 K_1^2 - 8 K_1 K_2 + 4 K_1 + 4 K_2 + 4 K_3 + 5,O1O2O3O4U5U6O7U1O6O8U3U7U4U8O5U2,O1O2O3O4U1U5O6U3O5O7U2U4U8U6O8U7,O1O2O3O4U5O6U7U6U1U3O5O8U2O7U8U4,c,{'O1O2O3O4U3O5U6U1U7U2O6O8U4O7U8U5'},1,"<a href=""/flatknot/8.733774"">8.733774</a>",t^9-48t^7-138t^6-78t^5+114t^4+304t^3+264t^2+56t,0,,
8.733775,O1O2O3O4U3O5U6U1U7U2O6O8U5O7U4U8,4,2z^3+27z^2+106z+121,2w^4z^3+27w^3z^2+106w^2z+121w,False,False,"[[ 0 -2  1 -1  2  2 -3  0  1],[ 2  0  1  0  3  1  1  1  2],[-1 -1  0  0  1  0 -1 -1  1],[ 1  0  0  0  1  0  1  1  1],[-2 -3 -1 -1  0  1 -3 -2  1],[-2 -1  0  0 -1  0 -2 -1  0],[ 3 -1  1 -1  3  2  0  2  2],[ 0 -1  1 -1  2  1 -2  0  1],[-1 -2 -1 -1 -1  0 -2 -1  0]]","[[ 0  2  2  1  1  0 -1 -2 -3],[-2  0  1  1 -1 -2 -1 -3 -3],[-2 -1  0  0  0 -1  0 -1 -2],[-1 -1  0  0 -1 -1 -1 -2 -2],[-1  1  0  1  0 -1  0 -1 -1],[ 0  2  1  1  1  0 -1 -1 -2],[ 1  1  0  1  0  1  0  0  1],[ 2  3  1  2  1  1  0  0  1],[ 3  3  2  2  1  2 -1 -1  0]]",True,"[-2,-2,-1,-1,0,1,2,3,-1,-1,1,2,1,3,3,0,0,1,0,1,2,1,1,1,2,2,1,0,1,1,1,1,2,0,-1,-1]","[-3,-2,-1,0,1,1,2,2,-1,-1,2,1,2,2,3,0,1,1,2,1,3,1,0,1,0,1,1,1,1,2,1,0,1,0,-1,-1]",t^8+54t^6+179t^4+77t^2+1,"[-3,-2,-1,0,1,1,2,2,2,3,1,2,3,2,3,1,1,1,2,1,3,0,1,2,2,3,0,0,0,1,1,2,1,0,1,-1]","[-2,-2,-1,-1,0,1,2,3,-1,1,1,1,3,3,3,0,2,0,2,1,2,1,0,2,2,3,0,1,1,2,0,1,1,1,3,2]","[-3,-2,-1,0,1,1,2,2,-1,-1,2,1,2,2,3,0,1,1,2,1,3,1,0,1,0,1,1,1,1,2,1,0,1,0,-1,-1]",c,"[[{8, 1}, {2, 7}, {3, 6}, {4, 5}], [{8, 1}, {2, 7}, {4, 6}, {3, 5}], [{8, 1}, {2, 7}, {5, 6}, {3, 4}], [{8, 1}, {3, 7}, {2, 6}, {4, 5}], [{8, 1}, {3, 7}, {4, 6}, {2, 5}], [{8, 1}, {3, 7}, {5, 6}, {2, 4}], [{8, 1}, {3, 7}, {5, 6}, {4}, {2}], [{8, 1}, {4, 7}, {2, 6}, {3, 5}], [{8, 1}, {4, 7}, {3, 6}, {2, 5}], [{8, 1}, {4, 7}, {5, 6}, {2, 3}], [{8, 1}, {4, 7}, {6}, {3, 5}, {2}], [{8, 1}, {5, 7}, {2, 6}, {3, 4}], [{8, 1}, {5, 7}, {3, 6}, {2, 4}], [{8, 1}, {5, 7}, {4, 6}, {2, 3}], [{8, 1}, {6, 7}, {2, 5}, {3, 4}], [{8, 1}, {6, 7}, {3, 5}, {2, 4}], [{8, 1}, {6, 7}, {3, 5}, {4}, {2}], [{8, 1}, {6, 7}, {4, 5}, {2, 3}], [{8, 1}, {6, 7}, {5}, {2, 4}, {3}], [{8, 1}, {7}, {2, 6}, {5}, {3, 4}], [{8, 1}, {7}, {4, 6}, {3, 5}, {2}], [{8, 2}, {1, 7}, {3, 6}, {4, 5}], [{8, 2}, {1, 7}, {4, 6}, {3, 5}], [{8, 2}, {1, 7}, {5, 6}, {3, 4}], [{8, 2}, {1, 7}, {6}, {4, 5}, {3}], [{8, 2}, {3, 7}, {1, 6}, {4, 5}], [{8, 2}, {3, 7}, {4, 6}, {1, 5}], [{8, 2}, {3, 7}, {5, 6}, {1, 4}], [{8, 2}, {4, 7}, {1, 6}, {3, 5}], [{8, 2}, {4, 7}, {3, 6}, {1, 5}], [{8, 2}, {4, 7}, {3, 6}, {5}, {1}], [{8, 2}, {4, 7}, {5, 6}, {1, 3}], [{8, 2}, {5, 7}, {1, 6}, {3, 4}], [{8, 2}, {5, 7}, {3, 6}, {1, 4}], [{8, 2}, {5, 7}, {4, 6}, {1, 3}], [{8, 2}, {6, 7}, {1, 5}, {3, 4}], [{8, 2}, {6, 7}, {3, 5}, {1, 4}], [{8, 2}, {6, 7}, {4, 5}, {1, 3}], [{8, 2}, {7}, {5, 6}, {1, 4}, {3}], [{8, 3}, {1, 7}, {2, 6}, {4, 5}], [{8, 3}, {1, 7}, {4, 6}, {2, 5}], [{8, 3}, {1, 7}, {5, 6}, {2, 4}], [{8, 3}, {1, 7}, {6}, {4, 5}, {2}], [{8, 3}, {2, 7}, {1, 6}, {4, 5}], [{8, 3}, {2, 7}, {4, 6}, {1, 5}], [{8, 3}, {2, 7}, {5, 6}, {1, 4}], [{8, 3}, {2, 7}, {6}, {4, 5}, {1}], [{8, 3}, {4, 7}, {1, 6}, {2, 5}], [{8, 3}, {4, 7}, {2, 6}, {1, 5}], [{8, 3}, {4, 7}, {2, 6}, {5}, {1}], [{8, 3}, {4, 7}, {5, 6}, {1, 2}], [{8, 3}, {5, 7}, {1, 6}, {2, 4}], [{8, 3}, {5, 7}, {2, 6}, {1, 4}], [{8, 3}, {5, 7}, {2, 6}, {4}, {1}], [{8, 3}, {5, 7}, {4, 6}, {1, 2}], [{8, 3}, {6, 7}, {1, 5}, {2, 4}], [{8, 3}, {6, 7}, {2, 5}, {1, 4}], [{8, 3}, {6, 7}, {4, 5}, {1, 2}], [{8, 3}, {6, 7}, {4, 5}, {2}, {1}], [{8, 3}, {7}, {1, 6}, {4, 5}, {2}], [{8, 3}, {7}, {2, 6}, {4, 5}, {1}], [{8, 3}, {7}, {6}, {4, 5}, {1, 2}], [{8, 3}, {7}, {6}, {4, 5}, {2}, {1}], [{8, 4}, {1, 7}, {2, 6}, {3, 5}], [{8, 4}, {1, 7}, {3, 6}, {2, 5}], [{8, 4}, {1, 7}, {5, 6}, {2, 3}], [{8, 4}, {2, 7}, {1, 6}, {3, 5}], [{8, 4}, {2, 7}, {3, 6}, {1, 5}], [{8, 4}, {2, 7}, {5, 6}, {1, 3}], [{8, 4}, {2, 7}, {5, 6}, {3}, {1}], [{8, 4}, {3, 7}, {1, 6}, {2, 5}], [{8, 4}, {3, 7}, {2, 6}, {1, 5}], [{8, 4}, {3, 7}, {5, 6}, {1, 2}], [{8, 4}, {5, 7}, {1, 6}, {2, 3}], [{8, 4}, {5, 7}, {2, 6}, {1, 3}], [{8, 4}, {5, 7}, {3, 6}, {1, 2}], [{8, 4}, {6, 7}, {1, 5}, {2, 3}], [{8, 4}, {6, 7}, {1, 5}, {3}, {2}], [{8, 4}, {6, 7}, {2, 5}, {1, 3}], [{8, 4}, {6, 7}, {3, 5}, {1, 2}], [{8, 4}, {6, 7}, {5}, {2, 3}, {1}], [{8, 4}, {7}, {2, 6}, {5}, {1, 3}], [{8, 5}, {1, 7}, {2, 6}, {3, 4}], [{8, 5}, {1, 7}, {3, 6}, {2, 4}], [{8, 5}, {1, 7}, {3, 6}, {4}, {2}], [{8, 5}, {1, 7}, {4, 6}, {2, 3}], [{8, 5}, {2, 7}, {1, 6}, {3, 4}], [{8, 5}, {2, 7}, {3, 6}, {1, 4}], [{8, 5}, {2, 7}, {4, 6}, {1, 3}], [{8, 5}, {3, 7}, {1, 6}, {2, 4}], [{8, 5}, {3, 7}, {2, 6}, {1, 4}], [{8, 5}, {3, 7}, {4, 6}, {1, 2}], [{8, 5}, {4, 7}, {1, 6}, {2, 3}], [{8, 5}, {4, 7}, {2, 6}, {1, 3}], [{8, 5}, {4, 7}, {3, 6}, {1, 2}], [{8, 5}, {4, 7}, {6}, {1, 3}, {2}], [{8, 5}, {6, 7}, {1, 4}, {2, 3}], [{8, 5}, {6, 7}, {2, 4}, {1, 3}], [{8, 5}, {6, 7}, {3, 4}, {1, 2}], [{8, 5}, {7}, {2, 6}, {3, 4}, {1}], [{8, 5}, {7}, {3, 6}, {2, 4}, {1}], [{8, 6}, {1, 7}, {2, 5}, {3, 4}], [{8, 6}, {1, 7}, {2, 5}, {4}, {3}], [{8, 6}, {1, 7}, {3, 5}, {2, 4}], [{8, 6}, {1, 7}, {4, 5}, {2, 3}], [{8, 6}, {2, 7}, {1, 5}, {3, 4}], [{8, 6}, {2, 7}, {1, 5}, {4}, {3}], [{8, 6}, {2, 7}, {3, 5}, {1, 4}], [{8, 6}, {2, 7}, {4, 5}, {1, 3}], [{8, 6}, {3, 7}, {1, 5}, {2, 4}], [{8, 6}, {3, 7}, {2, 5}, {1, 4}], [{8, 6}, {3, 7}, {4, 5}, {1, 2}], [{8, 6}, {4, 7}, {1, 5}, {2, 3}], [{8, 6}, {4, 7}, {2, 5}, {1, 3}], [{8, 6}, {4, 7}, {3, 5}, {1, 2}], [{8, 6}, {4, 7}, {3, 5}, {2}, {1}], [{8, 6}, {5, 7}, {1, 4}, {2, 3}], [{8, 6}, {5, 7}, {2, 4}, {1, 3}], [{8, 6}, {5, 7}, {3, 4}, {1, 2}], [{8, 6}, {5, 7}, {4}, {2, 3}, {1}], [{8, 6}, {7}, {2, 5}, {3, 4}, {1}], [{8, 7}, {1, 6}, {2, 5}, {3, 4}], [{8, 7}, {1, 6}, {3, 5}, {2, 4}], [{8, 7}, {1, 6}, {4, 5}, {2, 3}], [{8, 7}, {1, 6}, {5}, {2, 4}, {3}], [{8, 7}, {2, 6}, {1, 5}, {3, 4}], [{8, 7}, {2, 6}, {3, 5}, {1, 4}], [{8, 7}, {2, 6}, {4, 5}, {1, 3}], [{8, 7}, {2, 6}, {5}, {1, 4}, {3}], [{8, 7}, {3, 6}, {1, 5}, {2, 4}], [{8, 7}, {3, 6}, {2, 5}, {1, 4}], [{8, 7}, {3, 6}, {4, 5}, {1, 2}], [{8, 7}, {4, 6}, {1, 5}, {2, 3}], [{8, 7}, {4, 6}, {2, 5}, {1, 3}], [{8, 7}, {4, 6}, {3, 5}, {1, 2}], [{8, 7}, {5, 6}, {1, 4}, {2, 3}], [{8, 7}, {5, 6}, {2, 4}, {1, 3}], [{8, 7}, {5, 6}, {3, 4}, {1, 2}], [{8}, {1, 7}, {5, 6}, {2, 4}, {3}], [{8}, {1, 7}, {6}, {4, 5}, {2, 3}], [{8}, {4, 7}, {1, 6}, {3, 5}, {2}], [{8}, {5, 7}, {4, 6}, {3}, {1, 2}], [{8}, {7}, {2, 6}, {1, 5}, {3, 4}]]",2,4 K_1^3 - 14 K_1^2 - 14 K_1 K_2 - 4 K_1 K_3 + 4 K_1 + 9 K_2 + 6 K_3 + 2 K_4 + 8,O1O2O3O4U5U1O6U7O5O8U3U6U4U8O7U2,O1O2O3O4U1U5O6U3O7O5U2U4U8U7O8U6,O1O2O3O4U5O6U7U6U1U3O8O7U2O5U8U4,c,{'O1O2O3O4U3O5U6U1U7U2O6O8U5O7U4U8'},1,"<a href=""/flatknot/8.733775"">8.733775</a>",t^9-58t^7-200t^6-158t^5+66t^4-52t^3-186t^2+11t+64,t^3-t^2-t,,
8.733776,O1O2O3O4U3O5U6U1U7U2O6O8U5O7U8U4,4,20z^2+105z+131,20w^3z^2+105w^2z+131w,False,False,"[[ 0 -2  1 -1  3  2 -3  0  0],[ 2  0  1  0  3  1  1  1  1],[-1 -1  0  0  1  0 -1 -1  0],[ 1  0  0  0  1  0  1  1  0],[-3 -3 -1 -1  0  0 -4 -2  0],[-2 -1  0  0  0  0 -2 -1  0],[ 3 -1  1 -1  4  2  0  2  1],[ 0 -1  1 -1  2  1 -2  0  0],[ 0 -1  0  0  0  0 -1  0  0]]","[[ 0  3  2  1  0  0 -1 -2 -3],[-3  0  0 -1  0 -2 -1 -3 -4],[-2  0  0  0  0 -1  0 -1 -2],[-1  1  0  0  0 -1  0 -1 -1],[ 0  0  0  0  0  0  0 -1 -1],[ 0  2  1  1  0  0 -1 -1 -2],[ 1  1  0  0  0  1  0  0  1],[ 2  3  1  1  1  1  0  0  1],[ 3  4  2  1  1  2 -1 -1  0]]",True,"[-3,-2,-1,0,0,1,2,3,0,1,0,2,1,3,4,0,0,1,0,1,2,0,1,0,1,1,0,0,1,1,1,1,2,0,-1,-1]","[-3,-2,-1,0,0,1,2,3,-1,-1,1,2,1,2,4,0,1,1,1,1,3,0,1,0,0,1,0,0,0,0,1,1,2,0,1,0]",t^8+50t^6+104t^4+36t^2+1,"[-3,-2,-1,0,0,1,2,3,2,3,1,2,3,3,2,1,1,1,2,3,2,0,1,2,3,3,0,0,1,1,1,2,3,1,1,1]","[-3,-2,-1,0,0,1,2,3,1,1,1,3,3,2,2,1,1,2,3,3,3,0,1,2,2,3,0,0,1,1,1,1,2,1,3,2]","[-3,-2,-1,0,0,1,2,3,-1,-1,1,2,1,2,4,0,1,1,1,1,3,0,1,0,0,1,0,0,0,0,1,1,2,0,1,0]",c,"[[{8, 2}, {1, 7}, {5, 6}, {3, 4}]]",1,8 K_1^3 + 4 K_1^2 K_2 - 14 K_1^2 - 16 K_1 K_2 - 6 K_1 K_3 + 2 K_1 - 2 K_2^2 + 8 K_2 + 6 K_3 + 3 K_4 + 8,O1O2O3O4U1U5O6U7O5O8U3U6U4U8O7U2,O1O2O3O4U1U5O6U3O5O7U2U4U8U7O8U6,O1O2O3O4U5O6U7U6U1U3O7O8U2O5U8U4,c,{'O1O2O3O4U3O5U6U1U7U2O6O8U5O7U8U4'},1,"<a href=""/flatknot/8.733776"">8.733776</a>",t^9-50t^7-142t^6-90t^5+40t^4+28t^3+18t^2+14t-8,0,,
8.733777,O1O2O3O4U3O5U6U1U7U4O6O8U2O7U5U8,4,3z^3+33z^2+105z+103,3w^4z^3+33w^3z^2+105w^2z+103w,False,False,"[[ 0 -2  0 -1  3  2 -3  0  1],[ 2  0  1  0  2  2  1  1  2],[ 0 -1  0 -1  2  1 -1  0  1],[ 1  0  1  0  1  1  0  0  0],[-3 -2 -2 -1  0 -1 -3 -2  0],[-2 -2 -1 -1  1  0 -3 -1  0],[ 3 -1  1  0  3  3  0  2  2],[ 0 -1  0  0  2  1 -2  0  1],[-1 -2 -1  0  0  0 -2 -1  0]]","[[ 0  3  2  1  0  0 -1 -2 -3],[-3  0 -1  0 -2 -2 -1 -2 -3],[-2  1  0  0 -1 -1 -1 -2 -3],[-1  0  0  0 -1 -1  0 -2 -2],[ 0  2  1  1  0  0  0 -1 -2],[ 0  2  1  1  0  0 -1 -1 -1],[ 1  1  1  0  0  1  0  0  0],[ 2  2  2  2  1  1  0  0  1],[ 3  3  3  2  2  1  0 -1  0]]",True,"[-3,-2,-1,0,0,1,2,3,1,0,2,2,1,2,3,0,1,1,1,2,3,1,1,0,2,2,0,0,1,2,1,1,1,0,0,-1]","[-3,-2,-1,0,0,1,2,3,-1,0,1,2,2,3,3,0,1,1,2,2,2,1,0,0,1,1,0,1,1,2,1,1,2,0,0,1]",t^8+58t^6+132t^4+65t^2+1,"[-3,-2,-1,0,0,1,2,3,2,2,1,2,2,2,3,1,1,1,1,2,3,1,0,2,2,3,0,0,1,1,0,1,1,1,2,0]","[-3,-2,-1,0,0,1,2,3,0,2,1,1,3,3,3,1,1,1,2,2,2,0,0,2,1,2,0,0,1,2,1,1,1,1,2,2]","[-3,-2,-1,0,0,1,2,3,-1,0,1,2,2,3,3,0,1,1,2,2,2,1,0,0,1,1,0,1,1,2,1,1,2,0,0,1]",c,"[[{8, 3}, {2, 7}, {4, 6}, {1, 5}]]",1,36 K_1^3 + 4 K_1^2 K_2 - 24 K_1^2 - 40 K_1 K_2 - 8 K_1 K_3 - 7 K_1 + 14 K_2 + 11 K_3 + 3 K_4 + 12,O1O2O3O4U5U6O7U3O5O8U1U7U4U8O6U2,O1O2O3O4U1U5O6U3O7O5U2U6U8U4O8U7,O1O2O3O4U5O6U1U6U7U3O8O5U2O7U8U4,c,{'O1O2O3O4U3O5U6U1U7U4O6O8U2O7U5U8'},1,"<a href=""/flatknot/8.733777"">8.733777</a>",t^9-58t^7-178t^6-16t^5+278t^4+44t^3-190t^2-3t+62,0,,
8.733778,O1O2O3O4U3O5U6U1U7U4O6O8U2O7U8U5,4,2z^3+28z^2+99z+103,2w^4z^3+28w^3z^2+99w^2z+103w,False,False,"[[ 0 -2  0 -1  3  3 -3  0  0],[ 2  0  1  0  2  2  1  1  1],[ 0 -1  0 -1  2  2 -1  0  0],[ 1  0  1  0  1  1  0  0  0],[-3 -2 -2 -1  0 -1 -3 -2 -1],[-3 -2 -2 -1  1  0 -4 -1 -1],[ 3 -1  1  0  3  4  0  2  1],[ 0 -1  0  0  2  1 -2  0  0],[ 0 -1  0  0  1  1 -1  0  0]]","[[ 0  3  3  0  0  0 -1 -2 -3],[-3  0  1 -1 -1 -2 -1 -2 -4],[-3 -1  0 -1 -2 -2 -1 -2 -3],[ 0  1  1  0  0  0  0 -1 -1],[ 0  1  2  0  0  0  0 -1 -2],[ 0  2  2  0  0  0 -1 -1 -1],[ 1  1  1  0  0  1  0  0  0],[ 2  2  2  1  1  1  0  0  1],[ 3  4  3  1  2  1  0 -1  0]]",True,"[-3,-3,0,0,0,1,2,3,-1,1,1,2,1,2,4,1,2,2,1,2,3,0,0,0,1,1,0,0,1,2,1,1,1,0,0,-1]","[-3,-3,0,0,0,1,2,3,-1,1,1,2,1,2,4,1,2,2,1,2,3,0,0,0,1,1,0,0,1,2,1,1,1,0,0,-1]",t^8+62t^6+110t^4+36t^2,"[-3,-2,-1,0,0,0,3,3,2,2,1,2,2,2,3,1,1,1,1,3,3,1,0,1,3,3,0,0,2,1,0,1,1,2,2,-1]","[-3,-3,0,0,0,1,2,3,-1,1,1,2,3,3,3,1,2,2,3,3,2,0,0,0,1,2,0,1,1,1,1,1,2,1,2,2]","[-3,-2,-1,0,0,0,3,3,-1,0,1,1,2,3,4,0,1,1,1,2,2,0,1,0,1,1,0,0,1,1,0,2,2,2,1,-1]",c,"[[{8, 1}, {2, 7}, {3, 6}, {4, 5}], [{8, 1}, {2, 7}, {4, 6}, {3, 5}], [{8, 1}, {2, 7}, {5, 6}, {3, 4}], [{8, 1}, {2, 7}, {6}, {4, 5}, {3}], [{8, 1}, {3, 7}, {2, 6}, {4, 5}], [{8, 1}, {3, 7}, {4, 6}, {2, 5}], [{8, 1}, {3, 7}, {5, 6}, {2, 4}], [{8, 1}, {4, 7}, {2, 6}, {3, 5}], [{8, 1}, {4, 7}, {3, 6}, {2, 5}], [{8, 1}, {4, 7}, {5, 6}, {2, 3}], [{8, 1}, {4, 7}, {6}, {3, 5}, {2}], [{8, 1}, {5, 7}, {2, 6}, {3, 4}], [{8, 1}, {5, 7}, {3, 6}, {2, 4}], [{8, 1}, {5, 7}, {4, 6}, {2, 3}], [{8, 1}, {5, 7}, {6}, {4}, {2, 3}], [{8, 1}, {6, 7}, {2, 5}, {3, 4}], [{8, 1}, {6, 7}, {2, 5}, {4}, {3}], [{8, 1}, {6, 7}, {3, 5}, {2, 4}], [{8, 1}, {6, 7}, {3, 5}, {4}, {2}], [{8, 1}, {6, 7}, {4, 5}, {2, 3}], [{8, 1}, {6, 7}, {5}, {4}, {2, 3}], [{8, 1}, {7}, {3, 6}, {4, 5}, {2}], [{8, 1}, {7}, {4, 6}, {3, 5}, {2}], [{8, 1}, {7}, {5, 6}, {4}, {2, 3}], [{8, 2}, {1, 7}, {3, 6}, {4, 5}], [{8, 2}, {1, 7}, {4, 6}, {3, 5}], [{8, 2}, {1, 7}, {5, 6}, {3, 4}], [{8, 2}, {3, 7}, {1, 6}, {4, 5}], [{8, 2}, {3, 7}, {4, 6}, {1, 5}], [{8, 2}, {3, 7}, {5, 6}, {1, 4}], [{8, 2}, {3, 7}, {6}, {4, 5}, {1}], [{8, 2}, {4, 7}, {1, 6}, {3, 5}], [{8, 2}, {4, 7}, {1, 6}, {5}, {3}], [{8, 2}, {4, 7}, {3, 6}, {1, 5}], [{8, 2}, {4, 7}, {5, 6}, {1, 3}], [{8, 2}, {5, 7}, {1, 6}, {3, 4}], [{8, 2}, {5, 7}, {3, 6}, {1, 4}], [{8, 2}, {5, 7}, {4, 6}, {1, 3}], [{8, 2}, {6, 7}, {1, 5}, {3, 4}], [{8, 2}, {6, 7}, {3, 5}, {1, 4}], [{8, 2}, {6, 7}, {4, 5}, {1, 3}], [{8, 2}, {6, 7}, {4, 5}, {3}, {1}], [{8, 2}, {7}, {3, 6}, {4, 5}, {1}], [{8, 2}, {7}, {4, 6}, {1, 5}, {3}], [{8, 2}, {7}, {4, 6}, {3, 5}, {1}], [{8, 2}, {7}, {4, 6}, {5}, {1, 3}], [{8, 3}, {1, 7}, {2, 6}, {4, 5}], [{8, 3}, {1, 7}, {4, 6}, {2, 5}], [{8, 3}, {1, 7}, {5, 6}, {2, 4}], [{8, 3}, {2, 7}, {1, 6}, {4, 5}], [{8, 3}, {2, 7}, {4, 6}, {1, 5}], [{8, 3}, {2, 7}, {5, 6}, {1, 4}], [{8, 3}, {2, 7}, {6}, {4, 5}, {1}], [{8, 3}, {4, 7}, {1, 6}, {2, 5}], [{8, 3}, {4, 7}, {2, 6}, {1, 5}], [{8, 3}, {4, 7}, {5, 6}, {1, 2}], [{8, 3}, {5, 7}, {1, 6}, {2, 4}], [{8, 3}, {5, 7}, {2, 6}, {1, 4}], [{8, 3}, {5, 7}, {4, 6}, {1, 2}], [{8, 3}, {6, 7}, {1, 5}, {2, 4}], [{8, 3}, {6, 7}, {2, 5}, {1, 4}], [{8, 3}, {6, 7}, {2, 5}, {4}, {1}], [{8, 3}, {6, 7}, {4, 5}, {1, 2}], [{8, 3}, {7}, {1, 6}, {5}, {2, 4}], [{8, 3}, {7}, {2, 6}, {5}, {1, 4}], [{8, 3}, {7}, {4, 6}, {1, 5}, {2}], [{8, 4}, {1, 7}, {2, 6}, {3, 5}], [{8, 4}, {1, 7}, {2, 6}, {5}, {3}], [{8, 4}, {1, 7}, {3, 6}, {2, 5}], [{8, 4}, {1, 7}, {5, 6}, {2, 3}], [{8, 4}, {2, 7}, {1, 6}, {3, 5}], [{8, 4}, {2, 7}, {3, 6}, {1, 5}], [{8, 4}, {2, 7}, {5, 6}, {1, 3}], [{8, 4}, {2, 7}, {6}, {1, 5}, {3}], [{8, 4}, {2, 7}, {6}, {3, 5}, {1}], [{8, 4}, {2, 7}, {6}, {5}, {1, 3}], [{8, 4}, {3, 7}, {1, 6}, {2, 5}], [{8, 4}, {3, 7}, {2, 6}, {1, 5}], [{8, 4}, {3, 7}, {5, 6}, {1, 2}], [{8, 4}, {5, 7}, {1, 6}, {2, 3}], [{8, 4}, {5, 7}, {2, 6}, {1, 3}], [{8, 4}, {5, 7}, {3, 6}, {1, 2}], [{8, 4}, {5, 7}, {6}, {2, 3}, {1}], [{8, 4}, {6, 7}, {1, 5}, {2, 3}], [{8, 4}, {6, 7}, {2, 5}, {1, 3}], [{8, 4}, {6, 7}, {3, 5}, {1, 2}], [{8, 4}, {6, 7}, {5}, {2, 3}, {1}], [{8, 4}, {7}, {5, 6}, {2, 3}, {1}], [{8, 5}, {1, 7}, {2, 6}, {3, 4}], [{8, 5}, {1, 7}, {2, 6}, {4}, {3}], [{8, 5}, {1, 7}, {3, 6}, {2, 4}], [{8, 5}, {1, 7}, {4, 6}, {2, 3}], [{8, 5}, {2, 7}, {1, 6}, {3, 4}], [{8, 5}, {2, 7}, {3, 6}, {1, 4}], [{8, 5}, {2, 7}, {4, 6}, {1, 3}], [{8, 5}, {2, 7}, {6}, {4}, {1, 3}], [{8, 5}, {3, 7}, {1, 6}, {2, 4}], [{8, 5}, {3, 7}, {2, 6}, {1, 4}], [{8, 5}, {3, 7}, {4, 6}, {1, 2}], [{8, 5}, {4, 7}, {1, 6}, {2, 3}], [{8, 5}, {4, 7}, {2, 6}, {1, 3}], [{8, 5}, {4, 7}, {2, 6}, {3}, {1}], [{8, 5}, {4, 7}, {3, 6}, {1, 2}], [{8, 5}, {4, 7}, {3, 6}, {2}, {1}], [{8, 5}, {4, 7}, {6}, {2, 3}, {1}], [{8, 5}, {6, 7}, {1, 4}, {2, 3}], [{8, 5}, {6, 7}, {2, 4}, {1, 3}], [{8, 5}, {6, 7}, {3, 4}, {1, 2}], [{8, 5}, {7}, {1, 6}, {2, 4}, {3}], [{8, 5}, {7}, {2, 6}, {1, 4}, {3}], [{8, 5}, {7}, {4, 6}, {1, 3}, {2}], [{8, 6}, {1, 7}, {2, 5}, {3, 4}], [{8, 6}, {1, 7}, {2, 5}, {4}, {3}], [{8, 6}, {1, 7}, {3, 5}, {2, 4}], [{8, 6}, {1, 7}, {4, 5}, {2, 3}], [{8, 6}, {2, 7}, {1, 5}, {3, 4}], [{8, 6}, {2, 7}, {1, 5}, {4}, {3}], [{8, 6}, {2, 7}, {3, 5}, {1, 4}], [{8, 6}, {2, 7}, {3, 5}, {4}, {1}], [{8, 6}, {2, 7}, {4, 5}, {1, 3}], [{8, 6}, {2, 7}, {5}, {4}, {1, 3}], [{8, 6}, {3, 7}, {1, 5}, {2, 4}], [{8, 6}, {3, 7}, {2, 5}, {1, 4}], [{8, 6}, {3, 7}, {4, 5}, {1, 2}], [{8, 6}, {3, 7}, {4, 5}, {2}, {1}], [{8, 6}, {4, 7}, {1, 5}, {2, 3}], [{8, 6}, {4, 7}, {2, 5}, {1, 3}], [{8, 6}, {4, 7}, {3, 5}, {1, 2}], [{8, 6}, {4, 7}, {5}, {2, 3}, {1}], [{8, 6}, {5, 7}, {1, 4}, {2, 3}], [{8, 6}, {5, 7}, {2, 4}, {1, 3}], [{8, 6}, {5, 7}, {3, 4}, {1, 2}], [{8, 7}, {1, 6}, {2, 5}, {3, 4}], [{8, 7}, {1, 6}, {3, 5}, {2, 4}], [{8, 7}, {1, 6}, {3, 5}, {4}, {2}], [{8, 7}, {1, 6}, {4, 5}, {2, 3}], [{8, 7}, {2, 6}, {1, 5}, {3, 4}], [{8, 7}, {2, 6}, {3, 5}, {1, 4}], [{8, 7}, {2, 6}, {3, 5}, {4}, {1}], [{8, 7}, {2, 6}, {4, 5}, {1, 3}], [{8, 7}, {3, 6}, {1, 5}, {2, 4}], [{8, 7}, {3, 6}, {2, 5}, {1, 4}], [{8, 7}, {3, 6}, {2, 5}, {4}, {1}], [{8, 7}, {3, 6}, {4, 5}, {1, 2}], [{8, 7}, {4, 6}, {1, 5}, {2, 3}], [{8, 7}, {4, 6}, {1, 5}, {3}, {2}], [{8, 7}, {4, 6}, {2, 5}, {1, 3}], [{8, 7}, {4, 6}, {3, 5}, {1, 2}], [{8, 7}, {4, 6}, {3, 5}, {2}, {1}], [{8, 7}, {4, 6}, {5}, {1, 3}, {2}], [{8, 7}, {5, 6}, {1, 4}, {2, 3}], [{8, 7}, {5, 6}, {2, 4}, {1, 3}], [{8, 7}, {5, 6}, {3, 4}, {1, 2}], [{8, 7}, {5, 6}, {4}, {2, 3}, {1}], [{8, 7}, {6}, {3, 5}, {1, 4}, {2}], [{8, 7}, {6}, {3, 5}, {2, 4}, {1}], [{8, 7}, {6}, {3, 5}, {4}, {1, 2}], [{8}, {1, 7}, {2, 6}, {4, 5}, {3}], [{8}, {1, 7}, {4, 6}, {3, 5}, {2}], [{8}, {1, 7}, {5, 6}, {2, 4}, {3}], [{8}, {1, 7}, {5, 6}, {3, 4}, {2}], [{8}, {1, 7}, {5, 6}, {4}, {2, 3}], [{8}, {2, 7}, {4, 6}, {1, 5}, {3}], [{8}, {2, 7}, {4, 6}, {3, 5}, {1}], [{8}, {2, 7}, {4, 6}, {5}, {1, 3}], [{8}, {2, 7}, {5, 6}, {1, 4}, {3}], [{8}, {2, 7}, {5, 6}, {3, 4}, {1}], [{8}, {2, 7}, {5, 6}, {4}, {1, 3}], [{8}, {2, 7}, {6}, {4, 5}, {1, 3}], [{8}, {2, 7}, {6}, {5}, {4}, {1, 3}], [{8}, {3, 7}, {2, 6}, {4, 5}, {1}], [{8}, {3, 7}, {4, 6}, {1, 5}, {2}], [{8}, {3, 7}, {5, 6}, {1, 4}, {2}], [{8}, {3, 7}, {5, 6}, {2, 4}, {1}], [{8}, {3, 7}, {5, 6}, {4}, {1, 2}], [{8}, {4, 7}, {2, 6}, {5}, {1, 3}], [{8}, {4, 7}, {5, 6}, {1, 3}, {2}], [{8}, {4, 7}, {5, 6}, {2, 3}, {1}], [{8}, {4, 7}, {5, 6}, {3}, {1, 2}], [{8}, {4, 7}, {6}, {2, 5}, {1, 3}], [{8}, {5, 7}, {2, 6}, {4}, {1, 3}], [{8}, {5, 7}, {4, 6}, {1, 3}, {2}], [{8}, {5, 7}, {6}, {1, 4}, {2, 3}], [{8}, {5, 7}, {6}, {2, 4}, {1, 3}], [{8}, {5, 7}, {6}, {3, 4}, {1, 2}], [{8}, {6, 7}, {2, 5}, {4}, {1, 3}], [{8}, {6, 7}, {4, 5}, {1, 3}, {2}], [{8}, {6, 7}, {5}, {1, 4}, {2, 3}], [{8}, {6, 7}, {5}, {2, 4}, {1, 3}], [{8}, {6, 7}, {5}, {3, 4}, {1, 2}], [{8}, {7}, {1, 6}, {2, 5}, {3, 4}], [{8}, {7}, {1, 6}, {3, 5}, {2, 4}], [{8}, {7}, {1, 6}, {4, 5}, {2, 3}], [{8}, {7}, {2, 6}, {1, 5}, {3, 4}], [{8}, {7}, {2, 6}, {3, 5}, {1, 4}], [{8}, {7}, {2, 6}, {4, 5}, {1, 3}], [{8}, {7}, {3, 6}, {1, 5}, {2, 4}], [{8}, {7}, {3, 6}, {2, 5}, {1, 4}], [{8}, {7}, {3, 6}, {4, 5}, {1, 2}], [{8}, {7}, {4, 6}, {1, 5}, {2, 3}], [{8}, {7}, {4, 6}, {1, 5}, {3}, {2}], [{8}, {7}, {4, 6}, {2, 5}, {1, 3}], [{8}, {7}, {4, 6}, {3, 5}, {1, 2}], [{8}, {7}, {4, 6}, {3, 5}, {2}, {1}], [{8}, {7}, {4, 6}, {5}, {1, 3}, {2}], [{8}, {7}, {5, 6}, {1, 4}, {2, 3}], [{8}, {7}, {5, 6}, {2, 4}, {1, 3}], [{8}, {7}, {5, 6}, {3, 4}, {1, 2}]]",2,20 K_1^3 - 22 K_1^2 - 22 K_1 K_2 - 4 K_1 + 11 K_2 + 6 K_3 + 12,O1O2O3O4U5U6O7U3O6O8U1U7U4U8O5U2,O1O2O3O4U1U5O6U3O5O7U2U6U8U4O8U7,O1O2O3O4U5O6U1U6U7U3O5O8U2O7U8U4,c,{'O1O2O3O4U3O5U6U1U7U4O6O8U2O7U8U5'},1,"<a href=""/flatknot/8.733778"">8.733778</a>",t^9-58t^7-204t^6-89t^5+286t^4+122t^3-96t^2-25t+6,-t^3+t^2+t,,
8.733779,O1O2O3O4U3O5U6U1U7U4O6O8U5O7U2U8,4,3z^3+31z^2+103z+107,3w^4z^3+31w^3z^2+103w^2z+107w,False,False,"[[ 0 -2  0 -1  3  2 -3  0  1],[ 2  0  2  0  2  1  1  1  2],[ 0 -2  0 -1  2  2 -2 -1  1],[ 1  0  1  0  1  1  0  0  0],[-3 -2 -2 -1  0  0 -3 -3  0],[-2 -1 -2 -1  0  0 -2 -1  0],[ 3 -1  2  0  3  2  0  2  2],[ 0 -1  1  0  3  1 -2  0  1],[-1 -2 -1  0  0  0 -2 -1  0]]","[[ 0  3  2  1  0  0 -1 -2 -3],[-3  0  0  0 -2 -3 -1 -2 -3],[-2  0  0  0 -2 -1 -1 -1 -2],[-1  0  0  0 -1 -1  0 -2 -2],[ 0  2  2  1  0 -1 -1 -2 -2],[ 0  3  1  1  1  0  0 -1 -2],[ 1  1  1  0  1  0  0  0  0],[ 2  2  1  2  2  1  0  0  1],[ 3  3  2  2  2  2  0 -1  0]]",True,"[-3,-2,-1,0,0,1,2,3,0,0,2,3,1,2,3,0,2,1,1,1,2,1,1,0,2,2,1,1,2,2,0,1,2,0,0,-1]","[-3,-2,-1,0,0,1,2,3,-1,0,2,2,2,2,3,0,1,2,2,1,2,0,1,0,1,1,1,1,1,3,1,2,2,0,0,0]",t^8+64t^6+211t^4+168t^2,"[-3,-2,-1,0,0,1,2,3,2,2,1,1,2,3,3,1,0,1,1,3,3,0,1,2,2,3,1,0,0,1,0,1,0,1,2,1]","[-3,-2,-1,0,0,1,2,3,1,2,0,1,3,3,3,1,1,0,2,3,3,0,0,2,1,2,1,1,1,1,0,0,1,1,2,2]","[-3,-2,-1,0,0,1,2,3,-1,0,2,2,2,2,3,0,1,2,2,1,2,0,1,0,1,1,1,1,1,3,1,2,2,0,0,0]",c,"[[{8, 3}, {2, 7}, {4, 6}, {1, 5}]]",1,- 16 K_1^4 + 20 K_1^3 + 16 K_1^2 K_2 - 24 K_1^2 - 24 K_1 K_2 - 4 K_1 K_3 - 3 K_1 + 14 K_2 + 7 K_3 + 15,O1O2O3O4U5U3O6U7O5O8U1U6U4U8O7U2,O1O2O3O4U1U5O6U3O7O5U2U7U8U4O8U6,O1O2O3O4U5O6U1U6U7U3O8O7U2O5U8U4,c,{'O1O2O3O4U3O5U6U1U7U4O6O8U5O7U2U8'},1,"<a href=""/flatknot/8.733779"">8.733779</a>",t^9-64t^7-236t^6-29t^5+558t^4+85t^3-426t^2+22t+66,0,,
8.733780,O1O2O3O4U3O5U6U1U7U4O6O8U5O7U8U2,4,9z^2+78z+121,9w^3z^2+78w^2z+121w,False,False,"[[ 0 -2  1 -1  3  2 -3  0  0],[ 2  0  2  0  2  1  1  1  1],[-1 -2  0 -1  2  1 -3 -1  0],[ 1  0  1  0  1  1  0  0  0],[-3 -2 -2 -1  0  0 -3 -3  0],[-2 -1 -1 -1  0  0 -2 -1  0],[ 3 -1  3  0  3  2  0  2  1],[ 0 -1  1  0  3  1 -2  0  0],[ 0 -1  0  0  0  0 -1  0  0]]","[[ 0  3  2  1  0  0 -1 -2 -3],[-3  0  0 -2  0 -3 -1 -2 -3],[-2  0  0 -1  0 -1 -1 -1 -2],[-1  2  1  0  0 -1 -1 -2 -3],[ 0  0  0  0  0  0  0 -1 -1],[ 0  3  1  1  0  0  0 -1 -2],[ 1  1  1  1  0  0  0  0  0],[ 2  2  1  2  1  1  0  0  1],[ 3  3  2  3  1  2  0 -1  0]]",True,"[-3,-2,-1,0,0,1,2,3,0,2,0,3,1,2,3,1,0,1,1,1,2,0,1,1,2,3,0,0,1,1,0,1,2,0,0,-1]","[-3,-2,-1,0,0,1,2,3,-1,0,1,2,3,2,3,0,1,1,2,1,2,0,0,1,1,1,0,0,0,0,1,1,3,1,2,0]",t^8+58t^6+120t^4+45t^2+1,"[-3,-2,-1,0,0,1,2,3,2,2,1,2,1,3,3,1,1,1,1,3,3,1,1,1,2,3,0,0,1,0,1,2,3,0,0,1]","[-3,-2,-1,0,0,1,2,3,1,0,0,3,3,3,3,0,1,2,2,3,3,0,1,1,1,1,0,1,1,1,1,1,2,1,2,2]","[-3,-2,-1,0,0,1,2,3,-1,0,1,2,3,2,3,0,1,1,2,1,2,0,0,1,1,1,0,0,0,0,1,1,3,1,2,0]",c,"[[{8, 1}, {4, 7}, {2, 6}, {3, 5}], [{8, 7}, {2, 6}, {3, 5}, {1, 4}]]",1,- 28 K_1^2 - 16 K_1 K_2 + 8 K_1 + 14 K_2 + 8 K_3 + 15,O1O2O3O4U3U5O6U7O5O8U1U6U4U8O7U2,O1O2O3O4U1U5O6U3O5O7U2U7U8U4O8U6,O1O2O3O4U5O6U1U6U7U3O7O8U2O5U8U4,c,{'O1O2O3O4U3O5U6U1U7U4O6O8U5O7U8U2'},1,"<a href=""/flatknot/8.733780"">8.733780</a>",t^9-58t^7-192t^6-66t^5+230t^4+115t^3-88t^2-49t-6,0,,
8.733781,O1O2O3O4U3O5U6U1U7U8O6O8U2O7U5U4,4,z^3+21z^2+95z+115,w^4z^3-2w^4z^2+23w^3z^2-6w^3z+101w^2z+115w,False,False,"[[ 0 -2  0 -1  3  2 -3  0  1],[ 2  0  0  0  3  1  2  2  3],[ 0  0  0  0  2  0 -1  1  1],[ 1  0  0  0  1  0  1  1  1],[-3 -3 -2 -1  0  0 -5 -2 -2],[-2 -1  0  0  0  0 -4 -1 -1],[ 3 -2  1 -1  5  4  0  1  3],[ 0 -2 -1 -1  2  1 -1  0  1],[-1 -3 -1 -1  2  1 -3 -1  0]]","[[ 0  3  2  1  0  0 -1 -2 -3],[-3  0  0 -2 -2 -2 -1 -3 -5],[-2  0  0 -1  0 -1  0 -1 -4],[-1  2  1  0 -1 -1 -1 -3 -3],[ 0  2  0  1  0  1  0  0 -1],[ 0  2  1  1 -1  0 -1 -2 -1],[ 1  1  0  1  0  1  0  0  1],[ 2  3  1  3  0  2  0  0  2],[ 3  5  4  3  1  1 -1 -2  0]]",True,"[-3,-2,-1,0,0,1,2,3,0,2,2,2,1,3,5,1,0,1,0,1,4,1,1,1,3,3,-1,0,0,1,1,2,1,0,-1,-2]","[-3,-2,-1,0,0,1,2,3,-2,-1,1,1,3,4,5,0,0,2,3,1,3,0,1,1,0,1,1,1,0,2,1,1,2,1,2,0]",t^8+100t^6+501t^4+107t^2+4,"[-3,-2,-1,0,0,1,2,3,3,3,2,2,1,1,1,1,0,2,0,3,2,0,1,1,3,3,1,0,1,1,0,2,1,0,0,1]","[-3,-2,-1,0,0,1,2,3,1,0,1,1,3,2,1,0,1,2,3,3,1,0,0,1,0,1,-1,0,0,2,1,2,2,1,3,3]","[-3,-2,-1,0,0,1,2,3,-2,-1,1,1,3,4,5,0,0,2,3,1,3,0,1,1,0,1,1,1,0,2,1,1,2,1,2,0]",c,"[[{8, 1}, {2, 7}, {3, 6}, {4, 5}], [{8, 1}, {2, 7}, {4, 6}, {3, 5}], [{8, 1}, {2, 7}, {5, 6}, {3, 4}], [{8, 1}, {2, 7}, {6}, {4, 5}, {3}], [{8, 1}, {3, 7}, {2, 6}, {4, 5}], [{8, 1}, {3, 7}, {4, 6}, {2, 5}], [{8, 1}, {3, 7}, {5, 6}, {2, 4}], [{8, 1}, {4, 7}, {2, 6}, {3, 5}], [{8, 1}, {4, 7}, {3, 6}, {2, 5}], [{8, 1}, {4, 7}, {5, 6}, {2, 3}], [{8, 1}, {5, 7}, {2, 6}, {3, 4}], [{8, 1}, {5, 7}, {3, 6}, {2, 4}], [{8, 1}, {5, 7}, {4, 6}, {2, 3}], [{8, 1}, {5, 7}, {6}, {2, 4}, {3}], [{8, 1}, {6, 7}, {2, 5}, {3, 4}], [{8, 1}, {6, 7}, {3, 5}, {2, 4}], [{8, 1}, {6, 7}, {4, 5}, {2, 3}], [{8, 1}, {7}, {2, 6}, {5}, {3, 4}], [{8, 1}, {7}, {4, 6}, {3, 5}, {2}], [{8, 1}, {7}, {5, 6}, {3, 4}, {2}], [{8, 1}, {7}, {6}, {2, 5}, {3, 4}], [{8, 2}, {1, 7}, {3, 6}, {4, 5}], [{8, 2}, {1, 7}, {4, 6}, {3, 5}], [{8, 2}, {1, 7}, {5, 6}, {3, 4}], [{8, 2}, {1, 7}, {6}, {3, 5}, {4}], [{8, 2}, {3, 7}, {1, 6}, {4, 5}], [{8, 2}, {3, 7}, {4, 6}, {1, 5}], [{8, 2}, {3, 7}, {5, 6}, {1, 4}], [{8, 2}, {4, 7}, {1, 6}, {3, 5}], [{8, 2}, {4, 7}, {3, 6}, {1, 5}], [{8, 2}, {4, 7}, {5, 6}, {1, 3}], [{8, 2}, {4, 7}, {6}, {1, 5}, {3}], [{8, 2}, {5, 7}, {1, 6}, {3, 4}], [{8, 2}, {5, 7}, {3, 6}, {1, 4}], [{8, 2}, {5, 7}, {4, 6}, {1, 3}], [{8, 2}, {5, 7}, {6}, {1, 4}, {3}], [{8, 2}, {6, 7}, {1, 5}, {3, 4}], [{8, 2}, {6, 7}, {3, 5}, {1, 4}], [{8, 2}, {6, 7}, {4, 5}, {1, 3}], [{8, 2}, {6, 7}, {5}, {1, 4}, {3}], [{8, 2}, {7}, {1, 6}, {5}, {3, 4}], [{8, 2}, {7}, {3, 6}, {4, 5}, {1}], [{8, 2}, {7}, {5, 6}, {1, 4}, {3}], [{8, 3}, {1, 7}, {2, 6}, {4, 5}], [{8, 3}, {1, 7}, {4, 6}, {2, 5}], [{8, 3}, {1, 7}, {5, 6}, {2, 4}], [{8, 3}, {2, 7}, {1, 6}, {4, 5}], [{8, 3}, {2, 7}, {4, 6}, {1, 5}], [{8, 3}, {2, 7}, {5, 6}, {1, 4}], [{8, 3}, {4, 7}, {1, 6}, {2, 5}], [{8, 3}, {4, 7}, {2, 6}, {1, 5}], [{8, 3}, {4, 7}, {2, 6}, {5}, {1}], [{8, 3}, {4, 7}, {5, 6}, {1, 2}], [{8, 3}, {5, 7}, {1, 6}, {2, 4}], [{8, 3}, {5, 7}, {2, 6}, {1, 4}], [{8, 3}, {5, 7}, {4, 6}, {1, 2}], [{8, 3}, {6, 7}, {1, 5}, {2, 4}], [{8, 3}, {6, 7}, {2, 5}, {1, 4}], [{8, 3}, {6, 7}, {4, 5}, {1, 2}], [{8, 3}, {7}, {2, 6}, {1, 5}, {4}], [{8, 3}, {7}, {4, 6}, {1, 5}, {2}], [{8, 3}, {7}, {6}, {1, 5}, {2, 4}], [{8, 3}, {7}, {6}, {2, 5}, {1, 4}], [{8, 4}, {1, 7}, {2, 6}, {3, 5}], [{8, 4}, {1, 7}, {3, 6}, {2, 5}], [{8, 4}, {1, 7}, {5, 6}, {2, 3}], [{8, 4}, {1, 7}, {6}, {3, 5}, {2}], [{8, 4}, {2, 7}, {1, 6}, {3, 5}], [{8, 4}, {2, 7}, {3, 6}, {1, 5}], [{8, 4}, {2, 7}, {5, 6}, {1, 3}], [{8, 4}, {3, 7}, {1, 6}, {2, 5}], [{8, 4}, {3, 7}, {2, 6}, {1, 5}], [{8, 4}, {3, 7}, {5, 6}, {1, 2}], [{8, 4}, {5, 7}, {1, 6}, {2, 3}], [{8, 4}, {5, 7}, {2, 6}, {1, 3}], [{8, 4}, {5, 7}, {3, 6}, {1, 2}], [{8, 4}, {6, 7}, {1, 5}, {2, 3}], [{8, 4}, {6, 7}, {2, 5}, {1, 3}], [{8, 4}, {6, 7}, {3, 5}, {1, 2}], [{8, 4}, {6, 7}, {5}, {1, 3}, {2}], [{8, 5}, {1, 7}, {2, 6}, {3, 4}], [{8, 5}, {1, 7}, {3, 6}, {2, 4}], [{8, 5}, {1, 7}, {4, 6}, {2, 3}], [{8, 5}, {1, 7}, {4, 6}, {3}, {2}], [{8, 5}, {2, 7}, {1, 6}, {3, 4}], [{8, 5}, {2, 7}, {3, 6}, {1, 4}], [{8, 5}, {2, 7}, {4, 6}, {1, 3}], [{8, 5}, {2, 7}, {6}, {4}, {1, 3}], [{8, 5}, {3, 7}, {1, 6}, {2, 4}], [{8, 5}, {3, 7}, {2, 6}, {1, 4}], [{8, 5}, {3, 7}, {4, 6}, {1, 2}], [{8, 5}, {3, 7}, {4, 6}, {2}, {1}], [{8, 5}, {3, 7}, {6}, {4}, {1, 2}], [{8, 5}, {4, 7}, {1, 6}, {2, 3}], [{8, 5}, {4, 7}, {2, 6}, {1, 3}], [{8, 5}, {4, 7}, {3, 6}, {1, 2}], [{8, 5}, {6, 7}, {1, 4}, {2, 3}], [{8, 5}, {6, 7}, {2, 4}, {1, 3}], [{8, 5}, {6, 7}, {3, 4}, {1, 2}], [{8, 5}, {7}, {3, 6}, {1, 4}, {2}], [{8, 5}, {7}, {4, 6}, {1, 3}, {2}], [{8, 6}, {1, 7}, {2, 5}, {3, 4}], [{8, 6}, {1, 7}, {3, 5}, {2, 4}], [{8, 6}, {1, 7}, {4, 5}, {2, 3}], [{8, 6}, {2, 7}, {1, 5}, {3, 4}], [{8, 6}, {2, 7}, {3, 5}, {1, 4}], [{8, 6}, {2, 7}, {4, 5}, {1, 3}], [{8, 6}, {2, 7}, {5}, {3, 4}, {1}], [{8, 6}, {3, 7}, {1, 5}, {2, 4}], [{8, 6}, {3, 7}, {2, 5}, {1, 4}], [{8, 6}, {3, 7}, {4, 5}, {1, 2}], [{8, 6}, {4, 7}, {1, 5}, {2, 3}], [{8, 6}, {4, 7}, {1, 5}, {3}, {2}], [{8, 6}, {4, 7}, {2, 5}, {1, 3}], [{8, 6}, {4, 7}, {3, 5}, {1, 2}], [{8, 6}, {5, 7}, {1, 4}, {2, 3}], [{8, 6}, {5, 7}, {1, 4}, {3}, {2}], [{8, 6}, {5, 7}, {2, 4}, {1, 3}], [{8, 6}, {5, 7}, {2, 4}, {3}, {1}], [{8, 6}, {5, 7}, {3, 4}, {1, 2}], [{8, 6}, {5, 7}, {4}, {3}, {1, 2}], [{8, 6}, {7}, {5}, {1, 4}, {2, 3}], [{8, 7}, {1, 6}, {2, 5}, {3, 4}], [{8, 7}, {1, 6}, {3, 5}, {2, 4}], [{8, 7}, {1, 6}, {4, 5}, {2, 3}], [{8, 7}, {2, 6}, {1, 5}, {3, 4}], [{8, 7}, {2, 6}, {3, 5}, {1, 4}], [{8, 7}, {2, 6}, {4, 5}, {1, 3}], [{8, 7}, {3, 6}, {1, 5}, {2, 4}], [{8, 7}, {3, 6}, {2, 5}, {1, 4}], [{8, 7}, {3, 6}, {4, 5}, {1, 2}], [{8, 7}, {4, 6}, {1, 5}, {2, 3}], [{8, 7}, {4, 6}, {2, 5}, {1, 3}], [{8, 7}, {4, 6}, {3, 5}, {1, 2}], [{8, 7}, {5, 6}, {1, 4}, {2, 3}], [{8, 7}, {5, 6}, {1, 4}, {3}, {2}], [{8, 7}, {5, 6}, {2, 4}, {1, 3}], [{8, 7}, {5, 6}, {3, 4}, {1, 2}], [{8}, {1, 7}, {4, 6}, {5}, {2, 3}], [{8}, {1, 7}, {6}, {3, 5}, {2, 4}], [{8}, {2, 7}, {4, 6}, {3, 5}, {1}], [{8}, {2, 7}, {5, 6}, {1, 4}, {3}], [{8}, {3, 7}, {1, 6}, {5}, {2, 4}], [{8}, {3, 7}, {2, 6}, {5}, {1, 4}], [{8}, {4, 7}, {2, 6}, {1, 5}, {3}], [{8}, {4, 7}, {3, 6}, {5}, {1, 2}], [{8}, {4, 7}, {5, 6}, {1, 3}, {2}], [{8}, {4, 7}, {5, 6}, {2, 3}, {1}], [{8}, {4, 7}, {5, 6}, {3}, {1, 2}], [{8}, {4, 7}, {6}, {3, 5}, {1, 2}], [{8}, {5, 7}, {1, 6}, {2, 4}, {3}], [{8}, {5, 7}, {2, 6}, {1, 4}, {3}], [{8}, {6, 7}, {3, 5}, {2, 4}, {1}], [{8}, {6, 7}, {5}, {3, 4}, {1, 2}], [{8}, {7}, {1, 6}, {3, 5}, {2, 4}], [{8}, {7}, {2, 6}, {3, 5}, {1, 4}], [{8}, {7}, {2, 6}, {4, 5}, {1, 3}]]",2,- 8 K_1^4 + 8 K_1^3 + 20 K_1^2 K_2 - 30 K_1^2 - 16 K_1 K_2 - 10 K_1 K_3 + 2 K_1 + 14 K_2 + 6 K_3 + K_4 + 14,O1O2O3O4U1U5O6U3O7O8U7U6U4U8O5U2,O1O2O3O4U1U4O5U3O6O7U2U5U8U7O8U6,O1O2O3O4U5O6U7U6U8U3O7O5U2O8U1U4,c,{'O1O2O3O4U3O5U6U1U7U8O6O8U2O7U5U4'},1,"<a href=""/flatknot/8.733781"">8.733781</a>",t^9-100t^7-418t^6-139t^5+846t^4+386t^3-328t^2-13t,0,,
8.733782,O1O2O3O4U3O5U6U1U7U8O6O8U4O7U2U5,4,4z^3+37z^2+110z+105,4w^4z^3+37w^3z^2+110w^2z+105w,False,False,"[[ 0 -2  0 -1  2  3 -3  0  1],[ 2  0  1  0  1  2  2  2  3],[ 0 -1  0 -1  2  2 -2  0  1],[ 1  0  1  0  1  1  1  0  1],[-2 -1 -2 -1  0  0 -3 -1 -1],[-3 -2 -2 -1  0  0 -5 -2 -2],[ 3 -2  2 -1  3  5  0  1  3],[ 0 -2  0  0  1  2 -1  0  1],[-1 -3 -1 -1  1  2 -3 -1  0]]","[[ 0  3  2  1  0  0 -1 -2 -3],[-3  0  0 -2 -2 -2 -1 -2 -5],[-2  0  0 -1 -1 -2 -1 -1 -3],[-1  2  1  0 -1 -1 -1 -3 -3],[ 0  2  1  1  0  0  0 -2 -1],[ 0  2  2  1  0  0 -1 -1 -2],[ 1  1  1  1  0  1  0  0  1],[ 2  2  1  3  2  1  0  0  2],[ 3  5  3  3  1  2 -1 -2  0]]",True,"[-3,-2,-1,0,0,1,2,3,0,2,2,2,1,2,5,1,1,2,1,1,3,1,1,1,3,3,0,0,2,1,1,1,2,0,-1,-2]","[-3,-2,-1,0,0,1,2,3,-2,-1,1,2,3,3,5,0,2,1,3,1,2,0,1,1,1,1,0,1,1,2,1,2,2,1,2,0]",t^8+96t^6+271t^4+93t^2+4,"[-3,-2,-1,0,0,1,2,3,3,3,1,2,1,2,1,1,1,0,0,3,3,0,1,1,2,3,0,0,0,1,0,1,1,0,0,1]","[-3,-2,-1,0,0,1,2,3,1,0,1,1,3,3,1,0,0,1,2,3,2,0,0,1,0,1,0,0,1,1,1,0,2,1,3,3]","[-3,-2,-1,0,0,1,2,3,-2,-1,1,2,3,3,5,0,2,1,3,1,2,0,1,1,1,1,0,1,1,2,1,2,2,1,2,0]",c,"[[{8, 3}, {2, 7}, {5, 6}, {1, 4}]]",1,- 8 K_1^4 + 28 K_1^3 + 8 K_1^2 K_2 - 14 K_1^2 - 24 K_1 K_2 - 2 K_1 K_3 - 9 K_1 + 8 K_2 + 5 K_3 + 9,O1O2O3O4U5U3O6U1O7O8U7U6U4U8O5U2,O1O2O3O4U1U4O5U3O6O7U2U6U8U5O8U7,O1O2O3O4U5O6U7U6U8U3O5O8U2O7U1U4,c,{'O1O2O3O4U3O5U6U1U7U8O6O8U4O7U2U5'},1,"<a href=""/flatknot/8.733782"">8.733782</a>",t^9-96t^7-448t^6-373t^5+744t^4+1205t^3+486t^2+14t-18,0,,
8.733783,O1O2O3O4U3O5U6U1U7U8O6O8U4O7U5U2,4,20z^2+105z+131,20w^3z^2+105w^2z+131w,False,False,"[[ 0 -2  1 -1  2  2 -3  0  1],[ 2  0  2  0  1  1  2  2  3],[-1 -2  0 -1  1  1 -3 -1  0],[ 1  0  1  0  1  1  1  0  1],[-2 -1 -1 -1  0  0 -3 -1 -1],[-2 -1 -1 -1  0  0 -4 -1 -1],[ 3 -2  3 -1  3  4  0  1  3],[ 0 -2  1  0  1  1 -1  0  1],[-1 -3  0 -1  1  1 -3 -1  0]]","[[ 0  2  2  1  1  0 -1 -2 -3],[-2  0  0 -1 -1 -1 -1 -1 -3],[-2  0  0 -1 -1 -1 -1 -1 -4],[-1  1  1  0  0 -1 -1 -2 -3],[-1  1  1  0  0 -1 -1 -3 -3],[ 0  1  1  1  1  0  0 -2 -1],[ 1  1  1  1  1  0  0  0  1],[ 2  1  1  2  3  2  0  0  2],[ 3  3  4  3  3  1 -1 -2  0]]",True,"[-2,-2,-1,-1,0,1,2,3,0,1,1,1,1,1,3,1,1,1,1,1,4,0,1,1,2,3,1,1,3,3,0,2,1,0,-1,-2]","[-3,-2,-1,0,1,1,2,2,-2,-1,1,3,3,3,4,0,2,2,3,1,1,0,1,1,1,1,1,1,1,1,0,1,1,1,1,0]",t^8+80t^6+195t^4+45t^2,"[-3,-2,-1,0,1,1,2,2,3,3,2,1,1,1,2,1,0,0,1,3,3,1,1,1,2,2,0,0,1,1,0,0,0,0,0,0]","[-2,-2,-1,-1,0,1,2,3,0,0,0,1,2,3,1,0,0,1,2,3,2,0,0,1,0,1,0,1,1,1,1,0,2,1,3,3]","[-3,-2,-1,0,1,1,2,2,-2,-1,1,3,3,3,4,0,2,2,3,1,1,0,1,1,1,1,1,1,1,1,0,1,1,1,1,0]",c,"[[{8, 1}, {2, 7}, {3, 6}, {4, 5}], [{8, 1}, {2, 7}, {4, 6}, {3, 5}], [{8, 1}, {2, 7}, {5, 6}, {3, 4}], [{8, 1}, {3, 7}, {2, 6}, {4, 5}], [{8, 1}, {3, 7}, {2, 6}, {5}, {4}], [{8, 1}, {3, 7}, {4, 6}, {2, 5}], [{8, 1}, {3, 7}, {5, 6}, {2, 4}], [{8, 1}, {4, 7}, {2, 6}, {3, 5}], [{8, 1}, {4, 7}, {3, 6}, {2, 5}], [{8, 1}, {4, 7}, {5, 6}, {2, 3}], [{8, 1}, {4, 7}, {5, 6}, {3}, {2}], [{8, 1}, {5, 7}, {2, 6}, {3, 4}], [{8, 1}, {5, 7}, {3, 6}, {2, 4}], [{8, 1}, {5, 7}, {3, 6}, {4}, {2}], [{8, 1}, {5, 7}, {4, 6}, {2, 3}], [{8, 1}, {5, 7}, {4, 6}, {3}, {2}], [{8, 1}, {5, 7}, {6}, {3, 4}, {2}], [{8, 1}, {6, 7}, {2, 5}, {3, 4}], [{8, 1}, {6, 7}, {3, 5}, {2, 4}], [{8, 1}, {6, 7}, {4, 5}, {2, 3}], [{8, 1}, {6, 7}, {4, 5}, {3}, {2}], [{8, 1}, {6, 7}, {5}, {4}, {2, 3}], [{8, 1}, {7}, {3, 6}, {5}, {2, 4}], [{8, 2}, {1, 7}, {3, 6}, {4, 5}], [{8, 2}, {1, 7}, {4, 6}, {3, 5}], [{8, 2}, {1, 7}, {5, 6}, {3, 4}], [{8, 2}, {1, 7}, {6}, {3, 5}, {4}], [{8, 2}, {3, 7}, {1, 6}, {4, 5}], [{8, 2}, {3, 7}, {4, 6}, {1, 5}], [{8, 2}, {3, 7}, {5, 6}, {1, 4}], [{8, 2}, {4, 7}, {1, 6}, {3, 5}], [{8, 2}, {4, 7}, {3, 6}, {1, 5}], [{8, 2}, {4, 7}, {5, 6}, {1, 3}], [{8, 2}, {5, 7}, {1, 6}, {3, 4}], [{8, 2}, {5, 7}, {3, 6}, {1, 4}], [{8, 2}, {5, 7}, {3, 6}, {4}, {1}], [{8, 2}, {5, 7}, {4, 6}, {1, 3}], [{8, 2}, {6, 7}, {1, 5}, {3, 4}], [{8, 2}, {6, 7}, {3, 5}, {1, 4}], [{8, 2}, {6, 7}, {4, 5}, {1, 3}], [{8, 2}, {6, 7}, {5}, {1, 4}, {3}], [{8, 2}, {7}, {6}, {4, 5}, {1, 3}], [{8, 3}, {1, 7}, {2, 6}, {4, 5}], [{8, 3}, {1, 7}, {4, 6}, {2, 5}], [{8, 3}, {1, 7}, {4, 6}, {5}, {2}], [{8, 3}, {1, 7}, {5, 6}, {2, 4}], [{8, 3}, {2, 7}, {1, 6}, {4, 5}], [{8, 3}, {2, 7}, {4, 6}, {1, 5}], [{8, 3}, {2, 7}, {4, 6}, {5}, {1}], [{8, 3}, {2, 7}, {5, 6}, {1, 4}], [{8, 3}, {4, 7}, {1, 6}, {2, 5}], [{8, 3}, {4, 7}, {1, 6}, {5}, {2}], [{8, 3}, {4, 7}, {2, 6}, {1, 5}], [{8, 3}, {4, 7}, {5, 6}, {1, 2}], [{8, 3}, {5, 7}, {1, 6}, {2, 4}], [{8, 3}, {5, 7}, {2, 6}, {1, 4}], [{8, 3}, {5, 7}, {4, 6}, {1, 2}], [{8, 3}, {5, 7}, {4, 6}, {2}, {1}], [{8, 3}, {6, 7}, {1, 5}, {2, 4}], [{8, 3}, {6, 7}, {2, 5}, {1, 4}], [{8, 3}, {6, 7}, {4, 5}, {1, 2}], [{8, 3}, {6, 7}, {5}, {1, 4}, {2}], [{8, 3}, {7}, {2, 6}, {1, 5}, {4}], [{8, 3}, {7}, {4, 6}, {1, 5}, {2}], [{8, 3}, {7}, {4, 6}, {2, 5}, {1}], [{8, 3}, {7}, {4, 6}, {5}, {1, 2}], [{8, 3}, {7}, {4, 6}, {5}, {2}, {1}], [{8, 3}, {7}, {6}, {1, 5}, {2, 4}], [{8, 4}, {1, 7}, {2, 6}, {3, 5}], [{8, 4}, {1, 7}, {3, 6}, {2, 5}], [{8, 4}, {1, 7}, {5, 6}, {2, 3}], [{8, 4}, {1, 7}, {6}, {3, 5}, {2}], [{8, 4}, {2, 7}, {1, 6}, {3, 5}], [{8, 4}, {2, 7}, {3, 6}, {1, 5}], [{8, 4}, {2, 7}, {5, 6}, {1, 3}], [{8, 4}, {2, 7}, {6}, {5}, {1, 3}], [{8, 4}, {3, 7}, {1, 6}, {2, 5}], [{8, 4}, {3, 7}, {1, 6}, {5}, {2}], [{8, 4}, {3, 7}, {2, 6}, {1, 5}], [{8, 4}, {3, 7}, {5, 6}, {1, 2}], [{8, 4}, {5, 7}, {1, 6}, {2, 3}], [{8, 4}, {5, 7}, {2, 6}, {1, 3}], [{8, 4}, {5, 7}, {3, 6}, {1, 2}], [{8, 4}, {6, 7}, {1, 5}, {2, 3}], [{8, 4}, {6, 7}, {1, 5}, {3}, {2}], [{8, 4}, {6, 7}, {2, 5}, {1, 3}], [{8, 4}, {6, 7}, {3, 5}, {1, 2}], [{8, 4}, {6, 7}, {5}, {2, 3}, {1}], [{8, 4}, {7}, {1, 6}, {2, 5}, {3}], [{8, 5}, {1, 7}, {2, 6}, {3, 4}], [{8, 5}, {1, 7}, {3, 6}, {2, 4}], [{8, 5}, {1, 7}, {4, 6}, {2, 3}], [{8, 5}, {1, 7}, {4, 6}, {3}, {2}], [{8, 5}, {2, 7}, {1, 6}, {3, 4}], [{8, 5}, {2, 7}, {3, 6}, {1, 4}], [{8, 5}, {2, 7}, {4, 6}, {1, 3}], [{8, 5}, {3, 7}, {1, 6}, {2, 4}], [{8, 5}, {3, 7}, {2, 6}, {1, 4}], [{8, 5}, {3, 7}, {4, 6}, {1, 2}], [{8, 5}, {4, 7}, {1, 6}, {2, 3}], [{8, 5}, {4, 7}, {1, 6}, {3}, {2}], [{8, 5}, {4, 7}, {2, 6}, {1, 3}], [{8, 5}, {4, 7}, {3, 6}, {1, 2}], [{8, 5}, {6, 7}, {1, 4}, {2, 3}], [{8, 5}, {6, 7}, {1, 4}, {3}, {2}], [{8, 5}, {6, 7}, {2, 4}, {1, 3}], [{8, 5}, {6, 7}, {2, 4}, {3}, {1}], [{8, 5}, {6, 7}, {3, 4}, {1, 2}], [{8, 5}, {6, 7}, {3, 4}, {2}, {1}], [{8, 5}, {6, 7}, {4}, {1, 3}, {2}], [{8, 5}, {6, 7}, {4}, {2, 3}, {1}], [{8, 5}, {6, 7}, {4}, {3}, {1, 2}], [{8, 5}, {6, 7}, {4}, {3}, {2}, {1}], [{8, 6}, {1, 7}, {2, 5}, {3, 4}], [{8, 6}, {1, 7}, {3, 5}, {2, 4}], [{8, 6}, {1, 7}, {3, 5}, {4}, {2}], [{8, 6}, {1, 7}, {4, 5}, {2, 3}], [{8, 6}, {2, 7}, {1, 5}, {3, 4}], [{8, 6}, {2, 7}, {3, 5}, {1, 4}], [{8, 6}, {2, 7}, {4, 5}, {1, 3}], [{8, 6}, {3, 7}, {1, 5}, {2, 4}], [{8, 6}, {3, 7}, {2, 5}, {1, 4}], [{8, 6}, {3, 7}, {4, 5}, {1, 2}], [{8, 6}, {3, 7}, {4, 5}, {2}, {1}], [{8, 6}, {3, 7}, {5}, {4}, {1, 2}], [{8, 6}, {4, 7}, {1, 5}, {2, 3}], [{8, 6}, {4, 7}, {2, 5}, {1, 3}], [{8, 6}, {4, 7}, {3, 5}, {1, 2}], [{8, 6}, {4, 7}, {5}, {1, 3}, {2}], [{8, 6}, {5, 7}, {1, 4}, {2, 3}], [{8, 6}, {5, 7}, {2, 4}, {1, 3}], [{8, 6}, {5, 7}, {3, 4}, {1, 2}], [{8, 6}, {5, 7}, {3, 4}, {2}, {1}], [{8, 7}, {1, 6}, {2, 5}, {3, 4}], [{8, 7}, {1, 6}, {3, 5}, {2, 4}], [{8, 7}, {1, 6}, {4, 5}, {2, 3}], [{8, 7}, {1, 6}, {5}, {2, 4}, {3}], [{8, 7}, {2, 6}, {1, 5}, {3, 4}], [{8, 7}, {2, 6}, {3, 5}, {1, 4}], [{8, 7}, {2, 6}, {4, 5}, {1, 3}], [{8, 7}, {3, 6}, {1, 5}, {2, 4}], [{8, 7}, {3, 6}, {2, 5}, {1, 4}], [{8, 7}, {3, 6}, {4, 5}, {1, 2}], [{8, 7}, {4, 6}, {1, 5}, {2, 3}], [{8, 7}, {4, 6}, {2, 5}, {1, 3}], [{8, 7}, {4, 6}, {3, 5}, {1, 2}], [{8, 7}, {5, 6}, {1, 4}, {2, 3}], [{8, 7}, {5, 6}, {2, 4}, {1, 3}], [{8, 7}, {5, 6}, {3, 4}, {1, 2}], [{8}, {1, 7}, {2, 6}, {3, 5}, {4}], [{8}, {1, 7}, {4, 6}, {3, 5}, {2}], [{8}, {1, 7}, {6}, {3, 5}, {2, 4}], [{8}, {1, 7}, {6}, {3, 5}, {4}, {2}], [{8}, {2, 7}, {4, 6}, {1, 5}, {3}], [{8}, {2, 7}, {5, 6}, {4}, {1, 3}], [{8}, {3, 7}, {1, 6}, {2, 5}, {4}], [{8}, {4, 7}, {1, 6}, {3, 5}, {2}], [{8}, {5, 7}, {1, 6}, {3, 4}, {2}], [{8}, {5, 7}, {3, 6}, {4}, {1, 2}], [{8}, {5, 7}, {4, 6}, {1, 3}, {2}], [{8}, {6, 7}, {1, 5}, {4}, {2, 3}], [{8}, {6, 7}, {2, 5}, {1, 4}, {3}], [{8}, {6, 7}, {3, 5}, {1, 4}, {2}], [{8}, {6, 7}, {4, 5}, {2, 3}, {1}], [{8}, {6, 7}, {5}, {1, 4}, {2, 3}], [{8}, {6, 7}, {5}, {1, 4}, {3}, {2}]]",2,12 K_1^3 - 22 K_1^2 - 26 K_1 K_2 + 4 K_1 + 11 K_2 + 10 K_3 + 12,O1O2O3O4U3U5O6U1O7O8U7U6U4U8O5U2,O1O2O3O4U1U4O5U3O6O7U2U7U8U5O8U6,O1O2O3O4U5O6U7U6U8U3O8O5U2O7U1U4,c,{'O1O2O3O4U3O5U6U1U7U8O6O8U4O7U5U2'},1,"<a href=""/flatknot/8.733783"">8.733783</a>",t^9-84t^7-310t^6-136t^5+148t^4-40t^3-48t^2-15t+2,t^3-t^2-t,,
8.733784,O1O2O3O4U3O5U6U1U7U8O6O8U5O7U2U4,4,2z^3+25z^2+100z+117,2w^4z^3-2w^4z^2+27w^3z^2-2w^3z+102w^2z+117w,False,False,"[[ 0 -2  0 -1  3  2 -3  0  1],[ 2  0  1  0  3  0  2  2  3],[ 0 -1  0  0  2  1 -2  0  1],[ 1  0  0  0  1  0  1  1  1],[-3 -3 -2 -1  0  1 -5 -3 -2],[-2  0 -1  0 -1  0 -3 -1 -1],[ 3 -2  2 -1  5  3  0  1  3],[ 0 -2  0 -1  3  1 -1  0  1],[-1 -3 -1 -1  2  1 -3 -1  0]]","[[ 0  3  2  1  0  0 -1 -2 -3],[-3  0  1 -2 -2 -3 -1 -3 -5],[-2 -1  0 -1 -1 -1  0  0 -3],[-1  2  1  0 -1 -1 -1 -3 -3],[ 0  2  1  1  0  0  0 -1 -2],[ 0  3  1  1  0  0 -1 -2 -1],[ 1  1  0  1  0  1  0  0  1],[ 2  3  0  3  1  2  0  0  2],[ 3  5  3  3  2  1 -1 -2  0]]",True,"[-3,-2,-1,0,0,1,2,3,-1,2,2,3,1,3,5,1,1,1,0,0,3,1,1,1,3,3,0,0,1,2,1,2,1,0,-1,-2]","[-3,-2,-1,0,0,1,2,3,-2,-1,1,2,3,3,5,0,2,1,3,0,3,1,0,1,0,1,0,1,1,3,1,1,2,1,2,-1]",t^8+102t^6+348t^4+79t^2+4,"[-3,-2,-1,0,0,1,2,3,3,3,1,2,1,2,1,1,1,0,0,4,2,1,0,1,3,3,0,0,1,1,0,1,0,0,0,2]","[-3,-2,-1,0,0,1,2,3,2,0,0,1,3,2,1,0,1,1,3,4,2,0,0,1,0,1,0,0,0,2,1,1,1,1,3,3]","[-3,-2,-1,0,0,1,2,3,-2,-1,1,2,3,3,5,0,2,1,3,0,3,1,0,1,0,1,0,1,1,3,1,1,2,1,2,-1]",c,"[[{8, 1}, {2, 7}, {3, 6}, {4, 5}], [{8, 1}, {2, 7}, {4, 6}, {3, 5}], [{8, 1}, {2, 7}, {5, 6}, {3, 4}], [{8, 1}, {2, 7}, {5, 6}, {4}, {3}], [{8, 1}, {3, 7}, {2, 6}, {4, 5}], [{8, 1}, {3, 7}, {4, 6}, {2, 5}], [{8, 1}, {3, 7}, {4, 6}, {5}, {2}], [{8, 1}, {3, 7}, {5, 6}, {2, 4}], [{8, 1}, {4, 7}, {2, 6}, {3, 5}], [{8, 1}, {4, 7}, {3, 6}, {2, 5}], [{8, 1}, {4, 7}, {5, 6}, {2, 3}], [{8, 1}, {5, 7}, {2, 6}, {3, 4}], [{8, 1}, {5, 7}, {3, 6}, {2, 4}], [{8, 1}, {5, 7}, {4, 6}, {2, 3}], [{8, 1}, {5, 7}, {6}, {2, 4}, {3}], [{8, 1}, {6, 7}, {2, 5}, {3, 4}], [{8, 1}, {6, 7}, {3, 5}, {2, 4}], [{8, 1}, {6, 7}, {4, 5}, {2, 3}], [{8, 1}, {7}, {4, 6}, {2, 5}, {3}], [{8, 2}, {1, 7}, {3, 6}, {4, 5}], [{8, 2}, {1, 7}, {4, 6}, {3, 5}], [{8, 2}, {1, 7}, {5, 6}, {3, 4}], [{8, 2}, {1, 7}, {6}, {3, 5}, {4}], [{8, 2}, {3, 7}, {1, 6}, {4, 5}], [{8, 2}, {3, 7}, {4, 6}, {1, 5}], [{8, 2}, {3, 7}, {5, 6}, {1, 4}], [{8, 2}, {4, 7}, {1, 6}, {3, 5}], [{8, 2}, {4, 7}, {3, 6}, {1, 5}], [{8, 2}, {4, 7}, {5, 6}, {1, 3}], [{8, 2}, {4, 7}, {6}, {3, 5}, {1}], [{8, 2}, {5, 7}, {1, 6}, {3, 4}], [{8, 2}, {5, 7}, {3, 6}, {1, 4}], [{8, 2}, {5, 7}, {4, 6}, {1, 3}], [{8, 2}, {6, 7}, {1, 5}, {3, 4}], [{8, 2}, {6, 7}, {3, 5}, {1, 4}], [{8, 2}, {6, 7}, {4, 5}, {1, 3}], [{8, 2}, {7}, {3, 6}, {5}, {1, 4}], [{8, 2}, {7}, {5, 6}, {1, 4}, {3}], [{8, 2}, {7}, {6}, {3, 5}, {1, 4}], [{8, 3}, {1, 7}, {2, 6}, {4, 5}], [{8, 3}, {1, 7}, {4, 6}, {2, 5}], [{8, 3}, {1, 7}, {5, 6}, {2, 4}], [{8, 3}, {2, 7}, {1, 6}, {4, 5}], [{8, 3}, {2, 7}, {4, 6}, {1, 5}], [{8, 3}, {2, 7}, {5, 6}, {1, 4}], [{8, 3}, {4, 7}, {1, 6}, {2, 5}], [{8, 3}, {4, 7}, {2, 6}, {1, 5}], [{8, 3}, {4, 7}, {5, 6}, {1, 2}], [{8, 3}, {5, 7}, {1, 6}, {2, 4}], [{8, 3}, {5, 7}, {2, 6}, {1, 4}], [{8, 3}, {5, 7}, {4, 6}, {1, 2}], [{8, 3}, {6, 7}, {1, 5}, {2, 4}], [{8, 3}, {6, 7}, {2, 5}, {1, 4}], [{8, 3}, {6, 7}, {4, 5}, {1, 2}], [{8, 3}, {6, 7}, {5}, {1, 4}, {2}], [{8, 3}, {7}, {4, 6}, {1, 5}, {2}], [{8, 4}, {1, 7}, {2, 6}, {3, 5}], [{8, 4}, {1, 7}, {3, 6}, {2, 5}], [{8, 4}, {1, 7}, {5, 6}, {2, 3}], [{8, 4}, {2, 7}, {1, 6}, {3, 5}], [{8, 4}, {2, 7}, {3, 6}, {1, 5}], [{8, 4}, {2, 7}, {5, 6}, {1, 3}], [{8, 4}, {2, 7}, {5, 6}, {3}, {1}], [{8, 4}, {3, 7}, {1, 6}, {2, 5}], [{8, 4}, {3, 7}, {2, 6}, {1, 5}], [{8, 4}, {3, 7}, {5, 6}, {1, 2}], [{8, 4}, {3, 7}, {5, 6}, {2}, {1}], [{8, 4}, {5, 7}, {1, 6}, {2, 3}], [{8, 4}, {5, 7}, {2, 6}, {1, 3}], [{8, 4}, {5, 7}, {3, 6}, {1, 2}], [{8, 4}, {6, 7}, {1, 5}, {2, 3}], [{8, 4}, {6, 7}, {2, 5}, {1, 3}], [{8, 4}, {6, 7}, {3, 5}, {1, 2}], [{8, 4}, {7}, {5, 6}, {2, 3}, {1}], [{8, 5}, {1, 7}, {2, 6}, {3, 4}], [{8, 5}, {1, 7}, {3, 6}, {2, 4}], [{8, 5}, {1, 7}, {4, 6}, {2, 3}], [{8, 5}, {2, 7}, {1, 6}, {3, 4}], [{8, 5}, {2, 7}, {3, 6}, {1, 4}], [{8, 5}, {2, 7}, {4, 6}, {1, 3}], [{8, 5}, {2, 7}, {4, 6}, {3}, {1}], [{8, 5}, {2, 7}, {6}, {4}, {1, 3}], [{8, 5}, {3, 7}, {1, 6}, {2, 4}], [{8, 5}, {3, 7}, {1, 6}, {4}, {2}], [{8, 5}, {3, 7}, {2, 6}, {1, 4}], [{8, 5}, {3, 7}, {4, 6}, {1, 2}], [{8, 5}, {4, 7}, {1, 6}, {2, 3}], [{8, 5}, {4, 7}, {1, 6}, {3}, {2}], [{8, 5}, {4, 7}, {2, 6}, {1, 3}], [{8, 5}, {4, 7}, {3, 6}, {1, 2}], [{8, 5}, {6, 7}, {1, 4}, {2, 3}], [{8, 5}, {6, 7}, {2, 4}, {1, 3}], [{8, 5}, {6, 7}, {3, 4}, {1, 2}], [{8, 5}, {7}, {1, 6}, {3, 4}, {2}], [{8, 5}, {7}, {2, 6}, {1, 4}, {3}], [{8, 5}, {7}, {3, 6}, {1, 4}, {2}], [{8, 5}, {7}, {6}, {1, 4}, {2, 3}], [{8, 6}, {1, 7}, {2, 5}, {3, 4}], [{8, 6}, {1, 7}, {3, 5}, {2, 4}], [{8, 6}, {1, 7}, {4, 5}, {2, 3}], [{8, 6}, {1, 7}, {5}, {2, 4}, {3}], [{8, 6}, {2, 7}, {1, 5}, {3, 4}], [{8, 6}, {2, 7}, {3, 5}, {1, 4}], [{8, 6}, {2, 7}, {4, 5}, {1, 3}], [{8, 6}, {2, 7}, {5}, {3, 4}, {1}], [{8, 6}, {3, 7}, {1, 5}, {2, 4}], [{8, 6}, {3, 7}, {2, 5}, {1, 4}], [{8, 6}, {3, 7}, {4, 5}, {1, 2}], [{8, 6}, {3, 7}, {5}, {1, 4}, {2}], [{8, 6}, {4, 7}, {1, 5}, {2, 3}], [{8, 6}, {4, 7}, {2, 5}, {1, 3}], [{8, 6}, {4, 7}, {3, 5}, {1, 2}], [{8, 6}, {4, 7}, {5}, {1, 3}, {2}], [{8, 6}, {5, 7}, {1, 4}, {2, 3}], [{8, 6}, {5, 7}, {2, 4}, {1, 3}], [{8, 6}, {5, 7}, {3, 4}, {1, 2}], [{8, 7}, {1, 6}, {2, 5}, {3, 4}], [{8, 7}, {1, 6}, {3, 5}, {2, 4}], [{8, 7}, {1, 6}, {4, 5}, {2, 3}], [{8, 7}, {2, 6}, {1, 5}, {3, 4}], [{8, 7}, {2, 6}, {3, 5}, {1, 4}], [{8, 7}, {2, 6}, {4, 5}, {1, 3}], [{8, 7}, {2, 6}, {5}, {1, 4}, {3}], [{8, 7}, {3, 6}, {1, 5}, {2, 4}], [{8, 7}, {3, 6}, {2, 5}, {1, 4}], [{8, 7}, {3, 6}, {4, 5}, {1, 2}], [{8, 7}, {3, 6}, {5}, {1, 4}, {2}], [{8, 7}, {4, 6}, {1, 5}, {2, 3}], [{8, 7}, {4, 6}, {2, 5}, {1, 3}], [{8, 7}, {4, 6}, {3, 5}, {1, 2}], [{8, 7}, {5, 6}, {1, 4}, {2, 3}], [{8, 7}, {5, 6}, {1, 4}, {3}, {2}], [{8, 7}, {5, 6}, {2, 4}, {1, 3}], [{8, 7}, {5, 6}, {3, 4}, {1, 2}], [{8, 7}, {6}, {2, 5}, {1, 4}, {3}], [{8, 7}, {6}, {3, 5}, {1, 4}, {2}], [{8, 7}, {6}, {5}, {1, 4}, {2, 3}], [{8, 7}, {6}, {5}, {1, 4}, {3}, {2}], [{8}, {1, 7}, {2, 6}, {5}, {3, 4}], [{8}, {1, 7}, {5, 6}, {3, 4}, {2}], [{8}, {1, 7}, {6}, {2, 5}, {3, 4}], [{8}, {2, 7}, {1, 6}, {4, 5}, {3}], [{8}, {2, 7}, {3, 6}, {5}, {1, 4}], [{8}, {2, 7}, {5, 6}, {1, 4}, {3}], [{8}, {2, 7}, {6}, {3, 5}, {1, 4}], [{8}, {5, 7}, {2, 6}, {1, 4}, {3}], [{8}, {5, 7}, {3, 6}, {1, 4}, {2}], [{8}, {5, 7}, {6}, {1, 4}, {2, 3}], [{8}, {6, 7}, {2, 5}, {4}, {1, 3}], [{8}, {6, 7}, {3, 5}, {4}, {1, 2}], [{8}, {6, 7}, {4, 5}, {3}, {1, 2}], [{8}, {6, 7}, {5}, {3, 4}, {1, 2}], [{8}, {7}, {3, 6}, {2, 5}, {1, 4}], [{8}, {7}, {3, 6}, {5}, {1, 4}, {2}]]",2,- 8 K_1^4 + 12 K_1^3 + 8 K_1^2 K_2 - 22 K_1^2 - 16 K_1 K_2 - 2 K_1 K_3 - K_1 + 12 K_2 + 5 K_3 + 13,O1O2O3O4U1U3O5U6O7O8U7U5U4U8O6U2,O1O2O3O4U1U4O5U3O6O7U2U6U8U7O8U5,O1O2O3O4U5O6U7U6U8U3O7O8U2O5U1U4,c,{'O1O2O3O4U3O5U6U1U7U8O6O8U5O7U2U4'},1,"<a href=""/flatknot/8.733784"">8.733784</a>",t^9-102t^7-498t^6-470t^5+540t^4-118t^3-772t^2+166t+198,0,,
8.733785,O1O2O3O4U3O5U6U1U7U8O6O8U5O7U4U2,4,9z^2+62z+89,9w^3z^2+62w^2z+89w,False,False,"[[ 0 -2  1 -1  2  2 -3  0  1],[ 2  0  2  0  2  0  2  2  3],[-1 -2  0 -1  1  1 -3 -1  0],[ 1  0  1  0  1  0  1  1  1],[-2 -2 -1 -1  0  1 -4 -2 -1],[-2  0 -1  0 -1  0 -3 -1 -1],[ 3 -2  3 -1  4  3  0  1  3],[ 0 -2  1 -1  2  1 -1  0  1],[-1 -3  0 -1  1  1 -3 -1  0]]","[[ 0  2  2  1  1  0 -1 -2 -3],[-2  0  1 -1 -1 -2 -1 -2 -4],[-2 -1  0 -1 -1 -1  0  0 -3],[-1  1  1  0  0 -1 -1 -2 -3],[-1  1  1  0  0 -1 -1 -3 -3],[ 0  2  1  1  1  0 -1 -2 -1],[ 1  1  0  1  1  1  0  0  1],[ 2  2  0  2  3  2  0  0  2],[ 3  4  3  3  3  1 -1 -2  0]]",True,"[-2,-2,-1,-1,0,1,2,3,-1,1,1,2,1,2,4,1,1,1,0,0,3,0,1,1,2,3,1,1,3,3,1,2,1,0,-1,-2]","[-3,-2,-1,0,1,1,2,2,-2,-1,1,3,3,3,4,0,2,2,3,0,2,1,1,1,0,1,1,1,1,2,0,1,1,1,1,-1]",t^8+86t^6+184t^4+29t^2,"[-3,-2,-1,0,1,1,2,2,3,3,2,1,1,1,2,1,0,0,1,2,4,0,1,1,2,3,0,0,0,1,0,0,0,0,0,-1]","[-2,-2,-1,-1,0,1,2,3,-1,0,0,1,3,4,2,0,0,0,2,2,1,0,0,1,0,1,0,1,1,1,0,0,2,1,3,3]","[-3,-2,-1,0,1,1,2,2,-2,-1,1,3,3,3,4,0,2,2,3,0,2,1,1,1,0,1,1,1,1,2,0,1,1,1,1,-1]",c,"[[{8, 1}, {2, 7}, {3, 6}, {4, 5}], [{8, 1}, {2, 7}, {4, 6}, {3, 5}], [{8, 1}, {2, 7}, {5, 6}, {3, 4}], [{8, 1}, {2, 7}, {5, 6}, {4}, {3}], [{8, 1}, {3, 7}, {2, 6}, {4, 5}], [{8, 1}, {3, 7}, {4, 6}, {2, 5}], [{8, 1}, {3, 7}, {5, 6}, {2, 4}], [{8, 1}, {3, 7}, {5, 6}, {4}, {2}], [{8, 1}, {4, 7}, {2, 6}, {3, 5}], [{8, 1}, {4, 7}, {3, 6}, {2, 5}], [{8, 1}, {4, 7}, {5, 6}, {2, 3}], [{8, 1}, {4, 7}, {5, 6}, {3}, {2}], [{8, 1}, {5, 7}, {2, 6}, {3, 4}], [{8, 1}, {5, 7}, {2, 6}, {4}, {3}], [{8, 1}, {5, 7}, {3, 6}, {2, 4}], [{8, 1}, {5, 7}, {3, 6}, {4}, {2}], [{8, 1}, {5, 7}, {4, 6}, {2, 3}], [{8, 1}, {5, 7}, {4, 6}, {3}, {2}], [{8, 1}, {5, 7}, {6}, {2, 4}, {3}], [{8, 1}, {5, 7}, {6}, {3, 4}, {2}], [{8, 1}, {5, 7}, {6}, {4}, {2, 3}], [{8, 1}, {5, 7}, {6}, {4}, {3}, {2}], [{8, 1}, {6, 7}, {2, 5}, {3, 4}], [{8, 1}, {6, 7}, {2, 5}, {4}, {3}], [{8, 1}, {6, 7}, {3, 5}, {2, 4}], [{8, 1}, {6, 7}, {3, 5}, {4}, {2}], [{8, 1}, {6, 7}, {4, 5}, {2, 3}], [{8, 1}, {6, 7}, {4, 5}, {3}, {2}], [{8, 1}, {6, 7}, {5}, {2, 4}, {3}], [{8, 1}, {6, 7}, {5}, {3, 4}, {2}], [{8, 1}, {6, 7}, {5}, {4}, {2, 3}], [{8, 1}, {6, 7}, {5}, {4}, {3}, {2}], [{8, 1}, {7}, {5, 6}, {2, 4}, {3}], [{8, 1}, {7}, {5, 6}, {3, 4}, {2}], [{8, 1}, {7}, {5, 6}, {4}, {2, 3}], [{8, 1}, {7}, {5, 6}, {4}, {3}, {2}], [{8, 2}, {1, 7}, {3, 6}, {4, 5}], [{8, 2}, {1, 7}, {4, 6}, {3, 5}], [{8, 2}, {1, 7}, {5, 6}, {3, 4}], [{8, 2}, {1, 7}, {5, 6}, {4}, {3}], [{8, 2}, {1, 7}, {6}, {5}, {3, 4}], [{8, 2}, {3, 7}, {1, 6}, {4, 5}], [{8, 2}, {3, 7}, {4, 6}, {1, 5}], [{8, 2}, {3, 7}, {5, 6}, {1, 4}], [{8, 2}, {4, 7}, {1, 6}, {3, 5}], [{8, 2}, {4, 7}, {3, 6}, {1, 5}], [{8, 2}, {4, 7}, {5, 6}, {1, 3}], [{8, 2}, {5, 7}, {1, 6}, {3, 4}], [{8, 2}, {5, 7}, {3, 6}, {1, 4}], [{8, 2}, {5, 7}, {4, 6}, {1, 3}], [{8, 2}, {6, 7}, {1, 5}, {3, 4}], [{8, 2}, {6, 7}, {3, 5}, {1, 4}], [{8, 2}, {6, 7}, {4, 5}, {1, 3}], [{8, 2}, {6, 7}, {5}, {1, 4}, {3}], [{8, 3}, {1, 7}, {2, 6}, {4, 5}], [{8, 3}, {1, 7}, {4, 6}, {2, 5}], [{8, 3}, {1, 7}, {5, 6}, {2, 4}], [{8, 3}, {1, 7}, {5, 6}, {4}, {2}], [{8, 3}, {2, 7}, {1, 6}, {4, 5}], [{8, 3}, {2, 7}, {4, 6}, {1, 5}], [{8, 3}, {2, 7}, {5, 6}, {1, 4}], [{8, 3}, {4, 7}, {1, 6}, {2, 5}], [{8, 3}, {4, 7}, {2, 6}, {1, 5}], [{8, 3}, {4, 7}, {5, 6}, {1, 2}], [{8, 3}, {5, 7}, {1, 6}, {2, 4}], [{8, 3}, {5, 7}, {2, 6}, {1, 4}], [{8, 3}, {5, 7}, {4, 6}, {1, 2}], [{8, 3}, {6, 7}, {1, 5}, {2, 4}], [{8, 3}, {6, 7}, {2, 5}, {1, 4}], [{8, 3}, {6, 7}, {4, 5}, {1, 2}], [{8, 3}, {6, 7}, {4, 5}, {2}, {1}], [{8, 4}, {1, 7}, {2, 6}, {3, 5}], [{8, 4}, {1, 7}, {3, 6}, {2, 5}], [{8, 4}, {1, 7}, {5, 6}, {2, 3}], [{8, 4}, {1, 7}, {5, 6}, {3}, {2}], [{8, 4}, {2, 7}, {1, 6}, {3, 5}], [{8, 4}, {2, 7}, {3, 6}, {1, 5}], [{8, 4}, {2, 7}, {5, 6}, {1, 3}], [{8, 4}, {3, 7}, {1, 6}, {2, 5}], [{8, 4}, {3, 7}, {2, 6}, {1, 5}], [{8, 4}, {3, 7}, {5, 6}, {1, 2}], [{8, 4}, {5, 7}, {1, 6}, {2, 3}], [{8, 4}, {5, 7}, {2, 6}, {1, 3}], [{8, 4}, {5, 7}, {3, 6}, {1, 2}], [{8, 4}, {6, 7}, {1, 5}, {2, 3}], [{8, 4}, {6, 7}, {2, 5}, {1, 3}], [{8, 4}, {6, 7}, {3, 5}, {1, 2}], [{8, 4}, {6, 7}, {5}, {3}, {1, 2}], [{8, 4}, {7}, {1, 6}, {3, 5}, {2}], [{8, 4}, {7}, {5, 6}, {2, 3}, {1}], [{8, 5}, {1, 7}, {2, 6}, {3, 4}], [{8, 5}, {1, 7}, {3, 6}, {2, 4}], [{8, 5}, {1, 7}, {4, 6}, {2, 3}], [{8, 5}, {1, 7}, {6}, {3, 4}, {2}], [{8, 5}, {2, 7}, {1, 6}, {3, 4}], [{8, 5}, {2, 7}, {3, 6}, {1, 4}], [{8, 5}, {2, 7}, {4, 6}, {1, 3}], [{8, 5}, {2, 7}, {6}, {3, 4}, {1}], [{8, 5}, {3, 7}, {1, 6}, {2, 4}], [{8, 5}, {3, 7}, {2, 6}, {1, 4}], [{8, 5}, {3, 7}, {4, 6}, {1, 2}], [{8, 5}, {4, 7}, {1, 6}, {2, 3}], [{8, 5}, {4, 7}, {2, 6}, {1, 3}], [{8, 5}, {4, 7}, {3, 6}, {1, 2}], [{8, 5}, {6, 7}, {1, 4}, {2, 3}], [{8, 5}, {6, 7}, {2, 4}, {1, 3}], [{8, 5}, {6, 7}, {3, 4}, {1, 2}], [{8, 5}, {6, 7}, {3, 4}, {2}, {1}], [{8, 5}, {7}, {1, 6}, {3, 4}, {2}], [{8, 5}, {7}, {2, 6}, {3, 4}, {1}], [{8, 5}, {7}, {6}, {1, 4}, {2, 3}], [{8, 5}, {7}, {6}, {2, 4}, {1, 3}], [{8, 5}, {7}, {6}, {3, 4}, {1, 2}], [{8, 5}, {7}, {6}, {3, 4}, {2}, {1}], [{8, 6}, {1, 7}, {2, 5}, {3, 4}], [{8, 6}, {1, 7}, {3, 5}, {2, 4}], [{8, 6}, {1, 7}, {4, 5}, {2, 3}], [{8, 6}, {1, 7}, {5}, {3, 4}, {2}], [{8, 6}, {2, 7}, {1, 5}, {3, 4}], [{8, 6}, {2, 7}, {3, 5}, {1, 4}], [{8, 6}, {2, 7}, {4, 5}, {1, 3}], [{8, 6}, {2, 7}, {5}, {4}, {1, 3}], [{8, 6}, {3, 7}, {1, 5}, {2, 4}], [{8, 6}, {3, 7}, {2, 5}, {1, 4}], [{8, 6}, {3, 7}, {4, 5}, {1, 2}], [{8, 6}, {3, 7}, {4, 5}, {2}, {1}], [{8, 6}, {3, 7}, {5}, {4}, {1, 2}], [{8, 6}, {4, 7}, {1, 5}, {2, 3}], [{8, 6}, {4, 7}, {2, 5}, {1, 3}], [{8, 6}, {4, 7}, {3, 5}, {1, 2}], [{8, 6}, {5, 7}, {1, 4}, {2, 3}], [{8, 6}, {5, 7}, {2, 4}, {1, 3}], [{8, 6}, {5, 7}, {3, 4}, {1, 2}], [{8, 6}, {5, 7}, {3, 4}, {2}, {1}], [{8, 6}, {7}, {1, 5}, {3, 4}, {2}], [{8, 6}, {7}, {2, 5}, {1, 4}, {3}], [{8, 6}, {7}, {3, 5}, {1, 4}, {2}], [{8, 6}, {7}, {4, 5}, {3}, {1, 2}], [{8, 6}, {7}, {5}, {1, 4}, {2, 3}], [{8, 7}, {1, 6}, {2, 5}, {3, 4}], [{8, 7}, {1, 6}, {2, 5}, {4}, {3}], [{8, 7}, {1, 6}, {3, 5}, {2, 4}], [{8, 7}, {1, 6}, {3, 5}, {4}, {2}], [{8, 7}, {1, 6}, {4, 5}, {2, 3}], [{8, 7}, {1, 6}, {4, 5}, {3}, {2}], [{8, 7}, {1, 6}, {5}, {2, 4}, {3}], [{8, 7}, {1, 6}, {5}, {3, 4}, {2}], [{8, 7}, {1, 6}, {5}, {4}, {2, 3}], [{8, 7}, {1, 6}, {5}, {4}, {3}, {2}], [{8, 7}, {2, 6}, {1, 5}, {3, 4}], [{8, 7}, {2, 6}, {1, 5}, {4}, {3}], [{8, 7}, {2, 6}, {3, 5}, {1, 4}], [{8, 7}, {2, 6}, {4, 5}, {1, 3}], [{8, 7}, {3, 6}, {1, 5}, {2, 4}], [{8, 7}, {3, 6}, {1, 5}, {4}, {2}], [{8, 7}, {3, 6}, {2, 5}, {1, 4}], [{8, 7}, {3, 6}, {4, 5}, {1, 2}], [{8, 7}, {4, 6}, {1, 5}, {2, 3}], [{8, 7}, {4, 6}, {1, 5}, {3}, {2}], [{8, 7}, {4, 6}, {2, 5}, {1, 3}], [{8, 7}, {4, 6}, {3, 5}, {1, 2}], [{8, 7}, {5, 6}, {1, 4}, {2, 3}], [{8, 7}, {5, 6}, {1, 4}, {3}, {2}], [{8, 7}, {5, 6}, {2, 4}, {1, 3}], [{8, 7}, {5, 6}, {2, 4}, {3}, {1}], [{8, 7}, {5, 6}, {3, 4}, {1, 2}], [{8, 7}, {5, 6}, {3, 4}, {2}, {1}], [{8, 7}, {5, 6}, {4}, {1, 3}, {2}], [{8, 7}, {5, 6}, {4}, {2, 3}, {1}], [{8, 7}, {5, 6}, {4}, {3}, {1, 2}], [{8, 7}, {5, 6}, {4}, {3}, {2}, {1}], [{8, 7}, {6}, {1, 5}, {2, 4}, {3}], [{8, 7}, {6}, {1, 5}, {3, 4}, {2}], [{8, 7}, {6}, {1, 5}, {4}, {2, 3}], [{8, 7}, {6}, {1, 5}, {4}, {3}, {2}], [{8}, {1, 7}, {2, 6}, {3, 5}, {4}], [{8}, {1, 7}, {2, 6}, {4, 5}, {3}], [{8}, {1, 7}, {2, 6}, {5}, {3, 4}], [{8}, {1, 7}, {3, 6}, {2, 5}, {4}], [{8}, {1, 7}, {3, 6}, {4, 5}, {2}], [{8}, {1, 7}, {3, 6}, {5}, {2, 4}], [{8}, {1, 7}, {4, 6}, {2, 5}, {3}], [{8}, {1, 7}, {4, 6}, {3, 5}, {2}], [{8}, {1, 7}, {4, 6}, {5}, {2, 3}], [{8}, {1, 7}, {5, 6}, {2, 4}, {3}], [{8}, {1, 7}, {5, 6}, {3, 4}, {2}], [{8}, {1, 7}, {5, 6}, {4}, {2, 3}], [{8}, {1, 7}, {5, 6}, {4}, {3}, {2}], [{8}, {1, 7}, {6}, {2, 5}, {3, 4}], [{8}, {1, 7}, {6}, {3, 5}, {2, 4}], [{8}, {1, 7}, {6}, {4, 5}, {2, 3}], [{8}, {1, 7}, {6}, {5}, {3, 4}, {2}], [{8}, {2, 7}, {3, 6}, {5}, {1, 4}], [{8}, {4, 7}, {1, 6}, {3, 5}, {2}], [{8}, {4, 7}, {5, 6}, {2, 3}, {1}], [{8}, {5, 7}, {1, 6}, {3, 4}, {2}], [{8}, {6, 7}, {1, 5}, {3, 4}, {2}], [{8}, {6, 7}, {4, 5}, {1, 3}, {2}], [{8}, {7}, {5, 6}, {1, 4}, {2, 3}]]",2,- 18 K_1^2 - 6 K_1 K_2 + 3 K_1 + 9 K_2 + 3 K_3 + 10,O1O2O3O4U3U1O5U6O7O8U7U5U4U8O6U2,O1O2O3O4U1U4O5U3O6O7U2U7U8U6O8U5,O1O2O3O4U5O6U7U6U8U3O8O7U2O5U1U4,c,"{'O1O2O3O4U3O5U6U1U7U8O6O8U5O7U4U2', 'O1O2O3U2O4O5U6U1U7U8O6O8U5O7U3U4'}",2,"<a href=""/flatknot/8.733785"">8.733785</a>",t^9-90t^7-358t^6-211t^5-10t^4-719t^3-608t^2+77t+58,t^3-t^2-t,,
8.733786,O1O2O3O4U3O5U6U2U1U4O6O7U5O8U7U8,4,2z^3+33z^2+108z+101,2w^4z^3-2w^4z^2+35w^3z^2-2w^3z+110w^2z+101w,False,False,"[[ 0 -1 -1 -1  3  2 -3  0  1],[ 1  0  0  0  3  2 -1  1  0],[ 1  0  0  0  2  1  0  1  0],[ 1  0  0  0  1  1  0  0  0],[-3 -3 -2 -1  0  0 -3  1  0],[-2 -2 -1 -1  0  0 -2  1  1],[ 3  1  0  0  3  2  0  0  1],[ 0 -1 -1  0 -1 -1  0  0  1],[-1  0  0  0  0 -1 -1 -1  0]]","[[ 0  3  2  1  0 -1 -1 -1 -3],[-3  0  0  0  1 -1 -2 -3 -3],[-2  0  0  1  1 -1 -1 -2 -2],[-1  0 -1  0 -1  0  0  0 -1],[ 0 -1 -1  1  0  0 -1 -1  0],[ 1  1  1  0  0  0  0  0  0],[ 1  2  1  0  1  0  0  0  0],[ 1  3  2  0  1  0  0  0 -1],[ 3  3  2  1  0  0  0  1  0]]",True,"[-3,-2,-1,0,1,1,1,3,0,0,-1,1,2,3,3,-1,-1,1,1,2,2,1,0,0,0,1,0,1,1,0,0,0,0,0,0,1]","[-3,-2,-1,0,1,1,1,3,0,0,-1,1,2,3,3,-1,-1,1,1,2,2,1,0,0,0,1,0,1,1,0,0,0,0,0,0,1]",t^8+41t^6+135t^4+74t^2+4,"[-3,-1,-1,-1,0,1,2,3,1,2,2,3,3,3,3,0,0,0,2,1,1,0,0,2,2,2,1,2,2,3,0,3,4,2,2,1]","[-3,-2,-1,0,1,1,1,3,1,2,4,1,2,3,3,2,3,1,2,2,3,0,2,2,2,3,0,0,1,3,0,0,1,0,2,2]","[-3,-1,-1,-1,0,1,2,3,0,0,1,0,1,2,3,0,0,0,0,1,1,0,1,0,1,2,1,0,2,3,1,-1,-1,-1,0,0]",c,"[[{8, 1}, {2, 7}, {3, 6}, {4, 5}], [{8, 1}, {2, 7}, {4, 6}, {3, 5}], [{8, 1}, {2, 7}, {5, 6}, {3, 4}], [{8, 1}, {3, 7}, {2, 6}, {4, 5}], [{8, 1}, {3, 7}, {4, 6}, {2, 5}], [{8, 1}, {3, 7}, {5, 6}, {2, 4}], [{8, 1}, {4, 7}, {2, 6}, {3, 5}], [{8, 1}, {4, 7}, {3, 6}, {2, 5}], [{8, 1}, {4, 7}, {5, 6}, {2, 3}], [{8, 1}, {5, 7}, {2, 6}, {3, 4}], [{8, 1}, {5, 7}, {3, 6}, {2, 4}], [{8, 1}, {5, 7}, {4, 6}, {2, 3}], [{8, 1}, {5, 7}, {4, 6}, {3}, {2}], [{8, 1}, {6, 7}, {2, 5}, {3, 4}], [{8, 1}, {6, 7}, {3, 5}, {2, 4}], [{8, 1}, {6, 7}, {4, 5}, {2, 3}], [{8, 2}, {1, 7}, {3, 6}, {4, 5}], [{8, 2}, {1, 7}, {4, 6}, {3, 5}], [{8, 2}, {1, 7}, {4, 6}, {5}, {3}], [{8, 2}, {1, 7}, {5, 6}, {3, 4}], [{8, 2}, {1, 7}, {6}, {3, 5}, {4}], [{8, 2}, {3, 7}, {1, 6}, {4, 5}], [{8, 2}, {3, 7}, {4, 6}, {1, 5}], [{8, 2}, {3, 7}, {5, 6}, {1, 4}], [{8, 2}, {4, 7}, {1, 6}, {3, 5}], [{8, 2}, {4, 7}, {1, 6}, {5}, {3}], [{8, 2}, {4, 7}, {3, 6}, {1, 5}], [{8, 2}, {4, 7}, {5, 6}, {1, 3}], [{8, 2}, {5, 7}, {1, 6}, {3, 4}], [{8, 2}, {5, 7}, {3, 6}, {1, 4}], [{8, 2}, {5, 7}, {4, 6}, {1, 3}], [{8, 2}, {6, 7}, {1, 5}, {3, 4}], [{8, 2}, {6, 7}, {3, 5}, {1, 4}], [{8, 2}, {6, 7}, {4, 5}, {1, 3}], [{8, 3}, {1, 7}, {2, 6}, {4, 5}], [{8, 3}, {1, 7}, {4, 6}, {2, 5}], [{8, 3}, {1, 7}, {5, 6}, {2, 4}], [{8, 3}, {2, 7}, {1, 6}, {4, 5}], [{8, 3}, {2, 7}, {4, 6}, {1, 5}], [{8, 3}, {2, 7}, {5, 6}, {1, 4}], [{8, 3}, {2, 7}, {6}, {4, 5}, {1}], [{8, 3}, {4, 7}, {1, 6}, {2, 5}], [{8, 3}, {4, 7}, {2, 6}, {1, 5}], [{8, 3}, {4, 7}, {5, 6}, {1, 2}], [{8, 3}, {5, 7}, {1, 6}, {2, 4}], [{8, 3}, {5, 7}, {2, 6}, {1, 4}], [{8, 3}, {5, 7}, {4, 6}, {1, 2}], [{8, 3}, {5, 7}, {4, 6}, {2}, {1}], [{8, 3}, {6, 7}, {1, 5}, {2, 4}], [{8, 3}, {6, 7}, {2, 5}, {1, 4}], [{8, 3}, {6, 7}, {4, 5}, {1, 2}], [{8, 4}, {1, 7}, {2, 6}, {3, 5}], [{8, 4}, {1, 7}, {2, 6}, {5}, {3}], [{8, 4}, {1, 7}, {3, 6}, {2, 5}], [{8, 4}, {1, 7}, {3, 6}, {5}, {2}], [{8, 4}, {1, 7}, {5, 6}, {2, 3}], [{8, 4}, {1, 7}, {6}, {5}, {2, 3}], [{8, 4}, {2, 7}, {1, 6}, {3, 5}], [{8, 4}, {2, 7}, {3, 6}, {1, 5}], [{8, 4}, {2, 7}, {5, 6}, {1, 3}], [{8, 4}, {2, 7}, {6}, {3, 5}, {1}], [{8, 4}, {3, 7}, {1, 6}, {2, 5}], [{8, 4}, {3, 7}, {1, 6}, {5}, {2}], [{8, 4}, {3, 7}, {2, 6}, {1, 5}], [{8, 4}, {3, 7}, {5, 6}, {1, 2}], [{8, 4}, {3, 7}, {5, 6}, {2}, {1}], [{8, 4}, {3, 7}, {6}, {1, 5}, {2}], [{8, 4}, {5, 7}, {1, 6}, {2, 3}], [{8, 4}, {5, 7}, {2, 6}, {1, 3}], [{8, 4}, {5, 7}, {3, 6}, {1, 2}], [{8, 4}, {6, 7}, {1, 5}, {2, 3}], [{8, 4}, {6, 7}, {2, 5}, {1, 3}], [{8, 4}, {6, 7}, {3, 5}, {1, 2}], [{8, 5}, {1, 7}, {2, 6}, {3, 4}], [{8, 5}, {1, 7}, {3, 6}, {2, 4}], [{8, 5}, {1, 7}, {4, 6}, {2, 3}], [{8, 5}, {1, 7}, {6}, {2, 4}, {3}], [{8, 5}, {1, 7}, {6}, {3, 4}, {2}], [{8, 5}, {1, 7}, {6}, {4}, {2, 3}], [{8, 5}, {2, 7}, {1, 6}, {3, 4}], [{8, 5}, {2, 7}, {1, 6}, {4}, {3}], [{8, 5}, {2, 7}, {3, 6}, {1, 4}], [{8, 5}, {2, 7}, {3, 6}, {4}, {1}], [{8, 5}, {2, 7}, {4, 6}, {1, 3}], [{8, 5}, {2, 7}, {4, 6}, {3}, {1}], [{8, 5}, {2, 7}, {6}, {1, 4}, {3}], [{8, 5}, {2, 7}, {6}, {3, 4}, {1}], [{8, 5}, {2, 7}, {6}, {4}, {1, 3}], [{8, 5}, {2, 7}, {6}, {4}, {3}, {1}], [{8, 5}, {3, 7}, {1, 6}, {2, 4}], [{8, 5}, {3, 7}, {2, 6}, {1, 4}], [{8, 5}, {3, 7}, {4, 6}, {1, 2}], [{8, 5}, {3, 7}, {6}, {1, 4}, {2}], [{8, 5}, {3, 7}, {6}, {2, 4}, {1}], [{8, 5}, {3, 7}, {6}, {4}, {1, 2}], [{8, 5}, {4, 7}, {1, 6}, {2, 3}], [{8, 5}, {4, 7}, {2, 6}, {1, 3}], [{8, 5}, {4, 7}, {3, 6}, {1, 2}], [{8, 5}, {4, 7}, {6}, {1, 3}, {2}], [{8, 5}, {4, 7}, {6}, {2, 3}, {1}], [{8, 5}, {4, 7}, {6}, {3}, {1, 2}], [{8, 5}, {6, 7}, {1, 4}, {2, 3}], [{8, 5}, {6, 7}, {2, 4}, {1, 3}], [{8, 5}, {6, 7}, {3, 4}, {1, 2}], [{8, 5}, {6, 7}, {3, 4}, {2}, {1}], [{8, 5}, {7}, {1, 6}, {3, 4}, {2}], [{8, 5}, {7}, {2, 6}, {3, 4}, {1}], [{8, 5}, {7}, {6}, {1, 4}, {2, 3}], [{8, 5}, {7}, {6}, {2, 4}, {1, 3}], [{8, 5}, {7}, {6}, {3, 4}, {1, 2}], [{8, 5}, {7}, {6}, {3, 4}, {2}, {1}], [{8, 6}, {1, 7}, {2, 5}, {3, 4}], [{8, 6}, {1, 7}, {2, 5}, {4}, {3}], [{8, 6}, {1, 7}, {3, 5}, {2, 4}], [{8, 6}, {1, 7}, {4, 5}, {2, 3}], [{8, 6}, {1, 7}, {4, 5}, {3}, {2}], [{8, 6}, {1, 7}, {5}, {2, 4}, {3}], [{8, 6}, {2, 7}, {1, 5}, {3, 4}], [{8, 6}, {2, 7}, {3, 5}, {1, 4}], [{8, 6}, {2, 7}, {4, 5}, {1, 3}], [{8, 6}, {3, 7}, {1, 5}, {2, 4}], [{8, 6}, {3, 7}, {2, 5}, {1, 4}], [{8, 6}, {3, 7}, {4, 5}, {1, 2}], [{8, 6}, {4, 7}, {1, 5}, {2, 3}], [{8, 6}, {4, 7}, {1, 5}, {3}, {2}], [{8, 6}, {4, 7}, {2, 5}, {1, 3}], [{8, 6}, {4, 7}, {3, 5}, {1, 2}], [{8, 6}, {5, 7}, {1, 4}, {2, 3}], [{8, 6}, {5, 7}, {2, 4}, {1, 3}], [{8, 6}, {5, 7}, {3, 4}, {1, 2}], [{8, 6}, {7}, {4, 5}, {2, 3}, {1}], [{8, 7}, {1, 6}, {2, 5}, {3, 4}], [{8, 7}, {1, 6}, {3, 5}, {2, 4}], [{8, 7}, {1, 6}, {4, 5}, {2, 3}], [{8, 7}, {1, 6}, {4, 5}, {3}, {2}], [{8, 7}, {1, 6}, {5}, {4}, {2, 3}], [{8, 7}, {2, 6}, {1, 5}, {3, 4}], [{8, 7}, {2, 6}, {1, 5}, {4}, {3}], [{8, 7}, {2, 6}, {3, 5}, {1, 4}], [{8, 7}, {2, 6}, {4, 5}, {1, 3}], [{8, 7}, {3, 6}, {1, 5}, {2, 4}], [{8, 7}, {3, 6}, {2, 5}, {1, 4}], [{8, 7}, {3, 6}, {4, 5}, {1, 2}], [{8, 7}, {4, 6}, {1, 5}, {2, 3}], [{8, 7}, {4, 6}, {2, 5}, {1, 3}], [{8, 7}, {4, 6}, {2, 5}, {3}, {1}], [{8, 7}, {4, 6}, {3, 5}, {1, 2}], [{8, 7}, {4, 6}, {3, 5}, {2}, {1}], [{8, 7}, {4, 6}, {5}, {2, 3}, {1}], [{8, 7}, {5, 6}, {1, 4}, {2, 3}], [{8, 7}, {5, 6}, {2, 4}, {1, 3}], [{8, 7}, {5, 6}, {3, 4}, {1, 2}], [{8, 7}, {6}, {5}, {1, 4}, {2, 3}], [{8}, {1, 7}, {5, 6}, {2, 4}, {3}], [{8}, {1, 7}, {6}, {4, 5}, {2, 3}], [{8}, {5, 7}, {4, 6}, {1, 3}, {2}], [{8}, {5, 7}, {6}, {1, 4}, {2, 3}]]",2,4 K_1^3 + 4 K_1^2 K_2 - 4 K_1^2 - 12 K_1 K_2 - 6 K_1 K_3 + 3 K_1 - 2 K_2^2 + 3 K_2 + 5 K_3 + 3 K_4 + 3,O1O2O3O4U5U6O5U7O6O8U1U4U3U8O7U2,O1O2O3O4U1U5O6U7O5O7U3U2U8U4O8U6,O1O2O3O4U5O6U1U6U3U2O7O8U7O5U8U4,c,{'O1O2O3O4U3O5U6U2U1U4O6O7U5O8U7U8'},1,"<a href=""/flatknot/8.733786"">8.733786</a>",t^9-39t^7-50t^6+168t^5+174t^4-203t^3-118t^2+54t-4,-t^2+2t,,
8.733787,O1O2O3O4U3O5U6U2U1U7O6O7U4O8U5U8,4,z^3+30z^2+112z+113,w^4z^3+30w^3z^2+112w^2z+113w,False,False,"[[ 0 -1 -1 -1  2  2 -3  1  1],[ 1  0  0  0  2  2  0  2  1],[ 1  0  0  0  1  1  1  2  1],[ 1  0  0  0  1  1  1  1  0],[-2 -2 -1 -1  0  1 -3 -1  1],[-2 -2 -1 -1 -1  0 -3 -1  1],[ 3  0 -1 -1  3  3  0  3  1],[-1 -2 -2 -1  1  1 -3  0  1],[-1 -1 -1  0 -1 -1 -1 -1  0]]","[[ 0  2  2  1  1 -1 -1 -1 -3],[-2  0  1  1 -1 -1 -1 -2 -3],[-2 -1  0  1 -1 -1 -1 -2 -3],[-1 -1 -1  0 -1  0 -1 -1 -1],[-1  1  1  1  0 -1 -2 -2 -3],[ 1  1  1  0  1  0  0  0  1],[ 1  1  1  1  2  0  0  0  1],[ 1  2  2  1  2  0  0  0  0],[ 3  3  3  1  3 -1 -1  0  0]]",True,"[-2,-2,-1,-1,1,1,1,3,-1,-1,1,1,1,2,3,-1,1,1,1,2,3,1,0,1,1,1,1,2,2,3,0,0,-1,0,-1,0]","[-3,-1,-1,-1,1,1,2,2,-1,-1,0,1,3,3,3,0,0,0,1,1,1,0,1,2,1,1,1,2,2,2,-1,-1,-1,1,1,-1]",t^8+59t^6+117t^4+42t^2+1,"[-3,-1,-1,-1,1,1,2,2,2,3,3,1,3,2,2,0,0,0,1,1,1,0,0,1,2,2,1,2,2,2,-1,0,0,2,2,-1]","[-2,-2,-1,-1,1,1,1,3,-1,0,2,1,2,2,2,0,2,1,2,2,2,1,0,0,1,1,1,1,2,3,0,0,2,0,3,3]","[-3,-1,-1,-1,1,1,2,2,-1,-1,0,1,3,3,3,0,0,0,1,1,1,0,1,2,1,1,1,2,2,2,-1,-1,-1,1,1,-1]",c,"[[{8, 1}, {2, 7}, {3, 6}, {4, 5}], [{8, 1}, {2, 7}, {3, 6}, {5}, {4}], [{8, 1}, {2, 7}, {4, 6}, {3, 5}], [{8, 1}, {2, 7}, {5, 6}, {3, 4}], [{8, 1}, {3, 7}, {2, 6}, {4, 5}], [{8, 1}, {3, 7}, {4, 6}, {2, 5}], [{8, 1}, {3, 7}, {5, 6}, {2, 4}], [{8, 1}, {4, 7}, {2, 6}, {3, 5}], [{8, 1}, {4, 7}, {2, 6}, {5}, {3}], [{8, 1}, {4, 7}, {3, 6}, {2, 5}], [{8, 1}, {4, 7}, {5, 6}, {2, 3}], [{8, 1}, {5, 7}, {2, 6}, {3, 4}], [{8, 1}, {5, 7}, {3, 6}, {2, 4}], [{8, 1}, {5, 7}, {4, 6}, {2, 3}], [{8, 1}, {5, 7}, {6}, {4}, {2, 3}], [{8, 1}, {6, 7}, {2, 5}, {3, 4}], [{8, 1}, {6, 7}, {3, 5}, {2, 4}], [{8, 1}, {6, 7}, {4, 5}, {2, 3}], [{8, 1}, {7}, {2, 6}, {3, 5}, {4}], [{8, 1}, {7}, {4, 6}, {5}, {2, 3}], [{8, 2}, {1, 7}, {3, 6}, {4, 5}], [{8, 2}, {1, 7}, {3, 6}, {5}, {4}], [{8, 2}, {1, 7}, {4, 6}, {3, 5}], [{8, 2}, {1, 7}, {4, 6}, {5}, {3}], [{8, 2}, {1, 7}, {5, 6}, {3, 4}], [{8, 2}, {1, 7}, {5, 6}, {4}, {3}], [{8, 2}, {1, 7}, {6}, {3, 5}, {4}], [{8, 2}, {1, 7}, {6}, {4, 5}, {3}], [{8, 2}, {1, 7}, {6}, {5}, {3, 4}], [{8, 2}, {1, 7}, {6}, {5}, {4}, {3}], [{8, 2}, {3, 7}, {1, 6}, {4, 5}], [{8, 2}, {3, 7}, {4, 6}, {1, 5}], [{8, 2}, {3, 7}, {5, 6}, {1, 4}], [{8, 2}, {4, 7}, {1, 6}, {3, 5}], [{8, 2}, {4, 7}, {1, 6}, {5}, {3}], [{8, 2}, {4, 7}, {3, 6}, {1, 5}], [{8, 2}, {4, 7}, {5, 6}, {1, 3}], [{8, 2}, {5, 7}, {1, 6}, {3, 4}], [{8, 2}, {5, 7}, {3, 6}, {1, 4}], [{8, 2}, {5, 7}, {3, 6}, {4}, {1}], [{8, 2}, {5, 7}, {4, 6}, {1, 3}], [{8, 2}, {6, 7}, {1, 5}, {3, 4}], [{8, 2}, {6, 7}, {3, 5}, {1, 4}], [{8, 2}, {6, 7}, {4, 5}, {1, 3}], [{8, 2}, {6, 7}, {5}, {1, 4}, {3}], [{8, 2}, {7}, {3, 6}, {1, 5}, {4}], [{8, 3}, {1, 7}, {2, 6}, {4, 5}], [{8, 3}, {1, 7}, {4, 6}, {2, 5}], [{8, 3}, {1, 7}, {5, 6}, {2, 4}], [{8, 3}, {1, 7}, {5, 6}, {4}, {2}], [{8, 3}, {2, 7}, {1, 6}, {4, 5}], [{8, 3}, {2, 7}, {4, 6}, {1, 5}], [{8, 3}, {2, 7}, {4, 6}, {5}, {1}], [{8, 3}, {2, 7}, {5, 6}, {1, 4}], [{8, 3}, {4, 7}, {1, 6}, {2, 5}], [{8, 3}, {4, 7}, {2, 6}, {1, 5}], [{8, 3}, {4, 7}, {5, 6}, {1, 2}], [{8, 3}, {5, 7}, {1, 6}, {2, 4}], [{8, 3}, {5, 7}, {2, 6}, {1, 4}], [{8, 3}, {5, 7}, {4, 6}, {1, 2}], [{8, 3}, {6, 7}, {1, 5}, {2, 4}], [{8, 3}, {6, 7}, {2, 5}, {1, 4}], [{8, 3}, {6, 7}, {4, 5}, {1, 2}], [{8, 3}, {6, 7}, {4, 5}, {2}, {1}], [{8, 3}, {7}, {1, 6}, {5}, {2, 4}], [{8, 3}, {7}, {2, 6}, {1, 5}, {4}], [{8, 3}, {7}, {6}, {4, 5}, {1, 2}], [{8, 4}, {1, 7}, {2, 6}, {3, 5}], [{8, 4}, {1, 7}, {3, 6}, {2, 5}], [{8, 4}, {1, 7}, {3, 6}, {5}, {2}], [{8, 4}, {1, 7}, {5, 6}, {2, 3}], [{8, 4}, {2, 7}, {1, 6}, {3, 5}], [{8, 4}, {2, 7}, {3, 6}, {1, 5}], [{8, 4}, {2, 7}, {5, 6}, {1, 3}], [{8, 4}, {3, 7}, {1, 6}, {2, 5}], [{8, 4}, {3, 7}, {2, 6}, {1, 5}], [{8, 4}, {3, 7}, {2, 6}, {5}, {1}], [{8, 4}, {3, 7}, {5, 6}, {1, 2}], [{8, 4}, {5, 7}, {1, 6}, {2, 3}], [{8, 4}, {5, 7}, {2, 6}, {1, 3}], [{8, 4}, {5, 7}, {3, 6}, {1, 2}], [{8, 4}, {5, 7}, {3, 6}, {2}, {1}], [{8, 4}, {6, 7}, {1, 5}, {2, 3}], [{8, 4}, {6, 7}, {2, 5}, {1, 3}], [{8, 4}, {6, 7}, {3, 5}, {1, 2}], [{8, 4}, {6, 7}, {5}, {2, 3}, {1}], [{8, 4}, {7}, {1, 6}, {2, 5}, {3}], [{8, 4}, {7}, {3, 6}, {1, 5}, {2}], [{8, 5}, {1, 7}, {2, 6}, {3, 4}], [{8, 5}, {1, 7}, {3, 6}, {2, 4}], [{8, 5}, {1, 7}, {4, 6}, {2, 3}], [{8, 5}, {1, 7}, {4, 6}, {3}, {2}], [{8, 5}, {2, 7}, {1, 6}, {3, 4}], [{8, 5}, {2, 7}, {3, 6}, {1, 4}], [{8, 5}, {2, 7}, {4, 6}, {1, 3}], [{8, 5}, {2, 7}, {6}, {1, 4}, {3}], [{8, 5}, {3, 7}, {1, 6}, {2, 4}], [{8, 5}, {3, 7}, {2, 6}, {1, 4}], [{8, 5}, {3, 7}, {4, 6}, {1, 2}], [{8, 5}, {4, 7}, {1, 6}, {2, 3}], [{8, 5}, {4, 7}, {2, 6}, {1, 3}], [{8, 5}, {4, 7}, {3, 6}, {1, 2}], [{8, 5}, {6, 7}, {1, 4}, {2, 3}], [{8, 5}, {6, 7}, {2, 4}, {1, 3}], [{8, 5}, {6, 7}, {3, 4}, {1, 2}], [{8, 5}, {7}, {1, 6}, {2, 4}, {3}], [{8, 6}, {1, 7}, {2, 5}, {3, 4}], [{8, 6}, {1, 7}, {3, 5}, {2, 4}], [{8, 6}, {1, 7}, {3, 5}, {4}, {2}], [{8, 6}, {1, 7}, {4, 5}, {2, 3}], [{8, 6}, {2, 7}, {1, 5}, {3, 4}], [{8, 6}, {2, 7}, {3, 5}, {1, 4}], [{8, 6}, {2, 7}, {4, 5}, {1, 3}], [{8, 6}, {2, 7}, {4, 5}, {3}, {1}], [{8, 6}, {3, 7}, {1, 5}, {2, 4}], [{8, 6}, {3, 7}, {2, 5}, {1, 4}], [{8, 6}, {3, 7}, {4, 5}, {1, 2}], [{8, 6}, {4, 7}, {1, 5}, {2, 3}], [{8, 6}, {4, 7}, {2, 5}, {1, 3}], [{8, 6}, {4, 7}, {3, 5}, {1, 2}], [{8, 6}, {5, 7}, {1, 4}, {2, 3}], [{8, 6}, {5, 7}, {2, 4}, {1, 3}], [{8, 6}, {5, 7}, {3, 4}, {1, 2}], [{8, 6}, {5, 7}, {4}, {2, 3}, {1}], [{8, 6}, {7}, {5}, {2, 4}, {1, 3}], [{8, 7}, {1, 6}, {2, 5}, {3, 4}], [{8, 7}, {1, 6}, {3, 5}, {2, 4}], [{8, 7}, {1, 6}, {4, 5}, {2, 3}], [{8, 7}, {2, 6}, {1, 5}, {3, 4}], [{8, 7}, {2, 6}, {3, 5}, {1, 4}], [{8, 7}, {2, 6}, {3, 5}, {4}, {1}], [{8, 7}, {2, 6}, {4, 5}, {1, 3}], [{8, 7}, {3, 6}, {1, 5}, {2, 4}], [{8, 7}, {3, 6}, {2, 5}, {1, 4}], [{8, 7}, {3, 6}, {4, 5}, {1, 2}], [{8, 7}, {4, 6}, {1, 5}, {2, 3}], [{8, 7}, {4, 6}, {2, 5}, {1, 3}], [{8, 7}, {4, 6}, {3, 5}, {1, 2}], [{8, 7}, {5, 6}, {1, 4}, {2, 3}], [{8, 7}, {5, 6}, {2, 4}, {1, 3}], [{8, 7}, {5, 6}, {3, 4}, {1, 2}], [{8, 7}, {6}, {2, 5}, {1, 4}, {3}], [{8, 7}, {6}, {4, 5}, {2, 3}, {1}], [{8}, {1, 7}, {2, 6}, {3, 5}, {4}], [{8}, {1, 7}, {3, 6}, {5}, {2, 4}], [{8}, {1, 7}, {4, 6}, {2, 5}, {3}], [{8}, {1, 7}, {5, 6}, {4}, {2, 3}], [{8}, {2, 7}, {4, 6}, {1, 5}, {3}], [{8}, {5, 7}, {1, 6}, {4}, {2, 3}], [{8}, {5, 7}, {2, 6}, {4}, {1, 3}], [{8}, {5, 7}, {3, 6}, {2, 4}, {1}], [{8}, {7}, {1, 6}, {3, 5}, {2, 4}], [{8}, {7}, {3, 6}, {1, 5}, {2, 4}]]",2,12 K_1^2 K_2 - 10 K_1^2 - 14 K_1 K_2 - 6 K_1 K_3 + 7 K_1 - 6 K_2^2 + 2 K_2 + 7 K_3 + 3 K_4 + 6,O1O2O3O4U5U6O5U1O7O8U7U4U3U8O6U2,O1O2O3O4U1U4O5U6O7O6U3U2U8U5O8U7,O1O2O3O4U5O6U7U6U3U2O8O5U8O7U1U4,c,{'O1O2O3O4U3O5U6U2U1U7O6O7U4O8U5U8'},1,"<a href=""/flatknot/8.733787"">8.733787</a>",t^9-61t^7-170t^6-69t^5+206t^4+264t^3+100t^2-27t-28,t^3-2t^2+t,,
8.733788,O1O2O3O4U3O5U6U2U1U7O6O7U5O8U4U8,4,6z^3+46z^2+105z+75,6w^4z^3-4w^4z^2+50w^3z^2-4w^3z+109w^2z+75w,False,False,"[[ 0 -1 -1 -1  2  2 -3  1  1],[ 1  0  0  0  3  1  0  2  1],[ 1  0  0  0  2  0  1  2  1],[ 1  0  0  0  1  0  1  1  1],[-2 -3 -2 -1  0  0 -3 -1  1],[-2 -1  0  0  0  0 -3 -1  0],[ 3  0 -1 -1  3  3  0  3  1],[-1 -2 -2 -1  1  1 -3  0  1],[-1 -1 -1 -1 -1  0 -1 -1  0]]","[[ 0  2  2  1  1 -1 -1 -1 -3],[-2  0  0  1 -1 -1 -2 -3 -3],[-2  0  0  0 -1  0  0 -1 -3],[-1 -1  0  0 -1 -1 -1 -1 -1],[-1  1  1  1  0 -1 -2 -2 -3],[ 1  1  0  1  1  0  0  0  1],[ 1  2  0  1  2  0  0  0  1],[ 1  3  1  1  2  0  0  0  0],[ 3  3  3  1  3 -1 -1  0  0]]",True,"[-2,-2,-1,-1,1,1,1,3,0,-1,1,1,2,3,3,0,1,0,0,1,3,1,1,1,1,1,1,2,2,3,0,0,-1,0,-1,0]","[-3,-1,-1,-1,1,1,2,2,-1,-1,0,1,3,3,3,0,0,1,1,0,1,0,1,2,0,2,1,2,1,3,-1,0,-1,1,1,0]",t^8+61t^6+265t^4+65t^2+4,"[-3,-1,-1,-1,1,1,2,2,2,3,3,1,3,2,2,0,0,0,1,0,2,0,0,1,1,3,1,1,2,3,-1,0,0,2,1,0]","[-2,-2,-1,-1,1,1,1,3,0,0,1,2,3,3,2,0,2,0,1,2,2,1,0,0,1,1,1,1,1,3,0,0,2,0,3,3]","[-3,-1,-1,-1,1,1,2,2,-1,-1,0,1,3,3,3,0,0,1,1,0,1,0,1,2,0,2,1,2,1,3,-1,0,-1,1,1,0]",c,"[[{8, 1}, {2, 7}, {3, 6}, {4, 5}], [{8, 1}, {2, 7}, {4, 6}, {3, 5}], [{8, 1}, {2, 7}, {4, 6}, {5}, {3}], [{8, 1}, {2, 7}, {5, 6}, {3, 4}], [{8, 1}, {3, 7}, {2, 6}, {4, 5}], [{8, 1}, {3, 7}, {4, 6}, {2, 5}], [{8, 1}, {3, 7}, {5, 6}, {2, 4}], [{8, 1}, {3, 7}, {6}, {5}, {2, 4}], [{8, 1}, {4, 7}, {2, 6}, {3, 5}], [{8, 1}, {4, 7}, {3, 6}, {2, 5}], [{8, 1}, {4, 7}, {5, 6}, {2, 3}], [{8, 1}, {5, 7}, {2, 6}, {3, 4}], [{8, 1}, {5, 7}, {3, 6}, {2, 4}], [{8, 1}, {5, 7}, {3, 6}, {4}, {2}], [{8, 1}, {5, 7}, {4, 6}, {2, 3}], [{8, 1}, {5, 7}, {6}, {2, 4}, {3}], [{8, 1}, {6, 7}, {2, 5}, {3, 4}], [{8, 1}, {6, 7}, {3, 5}, {2, 4}], [{8, 1}, {6, 7}, {3, 5}, {4}, {2}], [{8, 1}, {6, 7}, {4, 5}, {2, 3}], [{8, 1}, {7}, {5, 6}, {3, 4}, {2}], [{8, 1}, {7}, {6}, {3, 5}, {2, 4}], [{8, 2}, {1, 7}, {3, 6}, {4, 5}], [{8, 2}, {1, 7}, {4, 6}, {3, 5}], [{8, 2}, {1, 7}, {5, 6}, {3, 4}], [{8, 2}, {1, 7}, {6}, {5}, {3, 4}], [{8, 2}, {3, 7}, {1, 6}, {4, 5}], [{8, 2}, {3, 7}, {4, 6}, {1, 5}], [{8, 2}, {3, 7}, {5, 6}, {1, 4}], [{8, 2}, {3, 7}, {6}, {5}, {1, 4}], [{8, 2}, {4, 7}, {1, 6}, {3, 5}], [{8, 2}, {4, 7}, {3, 6}, {1, 5}], [{8, 2}, {4, 7}, {5, 6}, {1, 3}], [{8, 2}, {5, 7}, {1, 6}, {3, 4}], [{8, 2}, {5, 7}, {3, 6}, {1, 4}], [{8, 2}, {5, 7}, {4, 6}, {1, 3}], [{8, 2}, {6, 7}, {1, 5}, {3, 4}], [{8, 2}, {6, 7}, {3, 5}, {1, 4}], [{8, 2}, {6, 7}, {4, 5}, {1, 3}], [{8, 3}, {1, 7}, {2, 6}, {4, 5}], [{8, 3}, {1, 7}, {2, 6}, {5}, {4}], [{8, 3}, {1, 7}, {4, 6}, {2, 5}], [{8, 3}, {1, 7}, {5, 6}, {2, 4}], [{8, 3}, {2, 7}, {1, 6}, {4, 5}], [{8, 3}, {2, 7}, {1, 6}, {5}, {4}], [{8, 3}, {2, 7}, {4, 6}, {1, 5}], [{8, 3}, {2, 7}, {5, 6}, {1, 4}], [{8, 3}, {4, 7}, {1, 6}, {2, 5}], [{8, 3}, {4, 7}, {2, 6}, {1, 5}], [{8, 3}, {4, 7}, {5, 6}, {1, 2}], [{8, 3}, {4, 7}, {6}, {1, 5}, {2}], [{8, 3}, {4, 7}, {6}, {2, 5}, {1}], [{8, 3}, {4, 7}, {6}, {5}, {1, 2}], [{8, 3}, {5, 7}, {1, 6}, {2, 4}], [{8, 3}, {5, 7}, {2, 6}, {1, 4}], [{8, 3}, {5, 7}, {4, 6}, {1, 2}], [{8, 3}, {5, 7}, {6}, {1, 4}, {2}], [{8, 3}, {5, 7}, {6}, {2, 4}, {1}], [{8, 3}, {5, 7}, {6}, {4}, {1, 2}], [{8, 3}, {6, 7}, {1, 5}, {2, 4}], [{8, 3}, {6, 7}, {1, 5}, {4}, {2}], [{8, 3}, {6, 7}, {2, 5}, {1, 4}], [{8, 3}, {6, 7}, {2, 5}, {4}, {1}], [{8, 3}, {6, 7}, {4, 5}, {1, 2}], [{8, 3}, {6, 7}, {4, 5}, {2}, {1}], [{8, 3}, {6, 7}, {5}, {1, 4}, {2}], [{8, 3}, {6, 7}, {5}, {2, 4}, {1}], [{8, 3}, {6, 7}, {5}, {4}, {1, 2}], [{8, 3}, {6, 7}, {5}, {4}, {2}, {1}], [{8, 3}, {7}, {4, 6}, {1, 5}, {2}], [{8, 3}, {7}, {4, 6}, {2, 5}, {1}], [{8, 3}, {7}, {4, 6}, {5}, {1, 2}], [{8, 3}, {7}, {5, 6}, {1, 4}, {2}], [{8, 3}, {7}, {5, 6}, {2, 4}, {1}], [{8, 3}, {7}, {5, 6}, {4}, {1, 2}], [{8, 3}, {7}, {6}, {4, 5}, {1, 2}], [{8, 3}, {7}, {6}, {5}, {4}, {1, 2}], [{8, 4}, {1, 7}, {2, 6}, {3, 5}], [{8, 4}, {1, 7}, {3, 6}, {2, 5}], [{8, 4}, {1, 7}, {5, 6}, {2, 3}], [{8, 4}, {2, 7}, {1, 6}, {3, 5}], [{8, 4}, {2, 7}, {3, 6}, {1, 5}], [{8, 4}, {2, 7}, {5, 6}, {1, 3}], [{8, 4}, {2, 7}, {6}, {1, 5}, {3}], [{8, 4}, {3, 7}, {1, 6}, {2, 5}], [{8, 4}, {3, 7}, {2, 6}, {1, 5}], [{8, 4}, {3, 7}, {5, 6}, {1, 2}], [{8, 4}, {3, 7}, {6}, {1, 5}, {2}], [{8, 4}, {5, 7}, {1, 6}, {2, 3}], [{8, 4}, {5, 7}, {2, 6}, {1, 3}], [{8, 4}, {5, 7}, {3, 6}, {1, 2}], [{8, 4}, {5, 7}, {3, 6}, {2}, {1}], [{8, 4}, {6, 7}, {1, 5}, {2, 3}], [{8, 4}, {6, 7}, {2, 5}, {1, 3}], [{8, 4}, {6, 7}, {3, 5}, {1, 2}], [{8, 4}, {7}, {1, 6}, {5}, {2, 3}], [{8, 4}, {7}, {2, 6}, {3, 5}, {1}], [{8, 4}, {7}, {5, 6}, {2, 3}, {1}], [{8, 4}, {7}, {6}, {1, 5}, {2, 3}], [{8, 5}, {1, 7}, {2, 6}, {3, 4}], [{8, 5}, {1, 7}, {3, 6}, {2, 4}], [{8, 5}, {1, 7}, {3, 6}, {4}, {2}], [{8, 5}, {1, 7}, {4, 6}, {2, 3}], [{8, 5}, {1, 7}, {6}, {2, 4}, {3}], [{8, 5}, {2, 7}, {1, 6}, {3, 4}], [{8, 5}, {2, 7}, {3, 6}, {1, 4}], [{8, 5}, {2, 7}, {4, 6}, {1, 3}], [{8, 5}, {2, 7}, {4, 6}, {3}, {1}], [{8, 5}, {3, 7}, {1, 6}, {2, 4}], [{8, 5}, {3, 7}, {2, 6}, {1, 4}], [{8, 5}, {3, 7}, {4, 6}, {1, 2}], [{8, 5}, {3, 7}, {6}, {1, 4}, {2}], [{8, 5}, {4, 7}, {1, 6}, {2, 3}], [{8, 5}, {4, 7}, {2, 6}, {1, 3}], [{8, 5}, {4, 7}, {3, 6}, {1, 2}], [{8, 5}, {6, 7}, {1, 4}, {2, 3}], [{8, 5}, {6, 7}, {2, 4}, {1, 3}], [{8, 5}, {6, 7}, {3, 4}, {1, 2}], [{8, 5}, {6, 7}, {4}, {1, 3}, {2}], [{8, 5}, {7}, {1, 6}, {3, 4}, {2}], [{8, 6}, {1, 7}, {2, 5}, {3, 4}], [{8, 6}, {1, 7}, {3, 5}, {2, 4}], [{8, 6}, {1, 7}, {4, 5}, {2, 3}], [{8, 6}, {1, 7}, {5}, {4}, {2, 3}], [{8, 6}, {2, 7}, {1, 5}, {3, 4}], [{8, 6}, {2, 7}, {1, 5}, {4}, {3}], [{8, 6}, {2, 7}, {3, 5}, {1, 4}], [{8, 6}, {2, 7}, {4, 5}, {1, 3}], [{8, 6}, {3, 7}, {1, 5}, {2, 4}], [{8, 6}, {3, 7}, {2, 5}, {1, 4}], [{8, 6}, {3, 7}, {4, 5}, {1, 2}], [{8, 6}, {3, 7}, {5}, {4}, {1, 2}], [{8, 6}, {4, 7}, {1, 5}, {2, 3}], [{8, 6}, {4, 7}, {1, 5}, {3}, {2}], [{8, 6}, {4, 7}, {2, 5}, {1, 3}], [{8, 6}, {4, 7}, {3, 5}, {1, 2}], [{8, 6}, {5, 7}, {1, 4}, {2, 3}], [{8, 6}, {5, 7}, {1, 4}, {3}, {2}], [{8, 6}, {5, 7}, {2, 4}, {1, 3}], [{8, 6}, {5, 7}, {3, 4}, {1, 2}], [{8, 6}, {7}, {1, 5}, {2, 4}, {3}], [{8, 7}, {1, 6}, {2, 5}, {3, 4}], [{8, 7}, {1, 6}, {3, 5}, {2, 4}], [{8, 7}, {1, 6}, {4, 5}, {2, 3}], [{8, 7}, {1, 6}, {5}, {2, 4}, {3}], [{8, 7}, {2, 6}, {1, 5}, {3, 4}], [{8, 7}, {2, 6}, {3, 5}, {1, 4}], [{8, 7}, {2, 6}, {4, 5}, {1, 3}], [{8, 7}, {2, 6}, {5}, {1, 4}, {3}], [{8, 7}, {2, 6}, {5}, {3, 4}, {1}], [{8, 7}, {2, 6}, {5}, {4}, {1, 3}], [{8, 7}, {3, 6}, {1, 5}, {2, 4}], [{8, 7}, {3, 6}, {2, 5}, {1, 4}], [{8, 7}, {3, 6}, {4, 5}, {1, 2}], [{8, 7}, {3, 6}, {5}, {4}, {1, 2}], [{8, 7}, {4, 6}, {1, 5}, {2, 3}], [{8, 7}, {4, 6}, {2, 5}, {1, 3}], [{8, 7}, {4, 6}, {3, 5}, {1, 2}], [{8, 7}, {5, 6}, {1, 4}, {2, 3}], [{8, 7}, {5, 6}, {2, 4}, {1, 3}], [{8, 7}, {5, 6}, {3, 4}, {1, 2}], [{8}, {2, 7}, {4, 6}, {1, 5}, {3}], [{8}, {2, 7}, {5, 6}, {1, 4}, {3}], [{8}, {2, 7}, {5, 6}, {3, 4}, {1}], [{8}, {2, 7}, {5, 6}, {4}, {1, 3}], [{8}, {3, 7}, {6}, {2, 5}, {1, 4}], [{8}, {4, 7}, {3, 6}, {1, 5}, {2}], [{8}, {5, 7}, {3, 6}, {1, 4}, {2}], [{8}, {5, 7}, {6}, {2, 4}, {1, 3}]]",2,4 K_1^3 + 4 K_1^2 K_2 - 2 K_1^2 - 6 K_1 K_2 - 2 K_1 K_3 - 2 K_2^2 + 2 K_3 + K_4 + 2,O1O2O3O4U5U1O5U6O7O8U7U4U3U8O6U2,O1O2O3O4U1U4O5U6O7O6U3U2U8U7O8U5,O1O2O3O4U5O6U7U6U3U2O8O7U8O5U1U4,c,{'O1O2O3O4U3O5U6U2U1U7O6O7U5O8U4U8'},1,"<a href=""/flatknot/8.733788"">8.733788</a>",t^9-63t^7-136t^6+173t^5+416t^4-7t^3-226t^2+3t-4,t^3-2t^2+t,,
8.733789,O1O2O3O4U3O5U6U2U1U7O6O8U4O7U5U8,4,6z^3+44z^2+109z+91,6w^4z^3+44w^3z^2+109w^2z+91w,False,False,"[[ 0 -1 -1 -1  2  2 -3  1  1],[ 1  0  0  0  2  2  0  1  2],[ 1  0  0  0  1  1  1  1  2],[ 1  0  0  0  1  1  1  0  1],[-2 -2 -1 -1  0  0 -2 -1  1],[-2 -2 -1 -1  0  0 -3 -1  0],[ 3  0 -1 -1  2  3  0  3  2],[-1 -1 -1  0  1  1 -3  0  1],[-1 -2 -2 -1 -1  0 -2 -1  0]]","[[ 0  2  2  1  1 -1 -1 -1 -3],[-2  0  0  1 -1 -1 -1 -2 -2],[-2  0  0  0 -1 -1 -1 -2 -3],[-1 -1  0  0 -1 -1 -2 -2 -2],[-1  1  1  1  0  0 -1 -1 -3],[ 1  1  1  1  0  0  0  0  1],[ 1  1  1  2  1  0  0  0  1],[ 1  2  2  2  1  0  0  0  0],[ 3  2  3  2  3 -1 -1  0  0]]",True,"[-2,-2,-1,-1,1,1,1,3,0,-1,1,1,1,2,2,0,1,1,1,2,3,1,1,2,2,2,0,1,1,3,0,0,-1,0,-1,0]","[-3,-1,-1,-1,1,1,2,2,-1,-1,0,2,3,2,3,0,0,1,0,1,1,0,2,1,1,1,2,1,2,2,-1,-1,0,1,1,0]",t^8+55t^6+235t^4+132t^2+1,"[-3,-1,-1,-1,1,1,2,2,2,3,3,1,2,2,3,0,0,1,0,1,1,0,1,0,2,2,2,1,2,2,-1,0,0,1,2,0]","[-2,-2,-1,-1,1,1,1,3,0,0,1,1,2,2,2,0,2,1,2,2,3,1,1,1,2,1,0,0,1,2,0,0,2,0,3,3]","[-3,-1,-1,-1,1,1,2,2,-1,-1,0,2,3,2,3,0,0,1,0,1,1,0,2,1,1,1,2,1,2,2,-1,-1,0,1,1,0]",c,"[[{8, 1}, {2, 7}, {3, 6}, {4, 5}], [{8, 1}, {2, 7}, {3, 6}, {5}, {4}], [{8, 1}, {2, 7}, {4, 6}, {3, 5}], [{8, 1}, {2, 7}, {5, 6}, {3, 4}], [{8, 1}, {3, 7}, {2, 6}, {4, 5}], [{8, 1}, {3, 7}, {2, 6}, {5}, {4}], [{8, 1}, {3, 7}, {4, 6}, {2, 5}], [{8, 1}, {3, 7}, {4, 6}, {5}, {2}], [{8, 1}, {3, 7}, {5, 6}, {2, 4}], [{8, 1}, {3, 7}, {5, 6}, {4}, {2}], [{8, 1}, {3, 7}, {6}, {2, 5}, {4}], [{8, 1}, {3, 7}, {6}, {4, 5}, {2}], [{8, 1}, {3, 7}, {6}, {5}, {2, 4}], [{8, 1}, {3, 7}, {6}, {5}, {4}, {2}], [{8, 1}, {4, 7}, {2, 6}, {3, 5}], [{8, 1}, {4, 7}, {3, 6}, {2, 5}], [{8, 1}, {4, 7}, {3, 6}, {5}, {2}], [{8, 1}, {4, 7}, {5, 6}, {2, 3}], [{8, 1}, {5, 7}, {2, 6}, {3, 4}], [{8, 1}, {5, 7}, {3, 6}, {2, 4}], [{8, 1}, {5, 7}, {3, 6}, {4}, {2}], [{8, 1}, {5, 7}, {4, 6}, {2, 3}], [{8, 1}, {6, 7}, {2, 5}, {3, 4}], [{8, 1}, {6, 7}, {2, 5}, {4}, {3}], [{8, 1}, {6, 7}, {3, 5}, {2, 4}], [{8, 1}, {6, 7}, {3, 5}, {4}, {2}], [{8, 1}, {6, 7}, {4, 5}, {2, 3}], [{8, 1}, {6, 7}, {4, 5}, {3}, {2}], [{8, 1}, {6, 7}, {5}, {2, 4}, {3}], [{8, 1}, {6, 7}, {5}, {3, 4}, {2}], [{8, 1}, {6, 7}, {5}, {4}, {2, 3}], [{8, 1}, {6, 7}, {5}, {4}, {3}, {2}], [{8, 1}, {7}, {3, 6}, {2, 5}, {4}], [{8, 1}, {7}, {3, 6}, {4, 5}, {2}], [{8, 1}, {7}, {3, 6}, {5}, {2, 4}], [{8, 1}, {7}, {3, 6}, {5}, {4}, {2}], [{8, 2}, {1, 7}, {3, 6}, {4, 5}], [{8, 2}, {1, 7}, {4, 6}, {3, 5}], [{8, 2}, {1, 7}, {5, 6}, {3, 4}], [{8, 2}, {3, 7}, {1, 6}, {4, 5}], [{8, 2}, {3, 7}, {1, 6}, {5}, {4}], [{8, 2}, {3, 7}, {4, 6}, {1, 5}], [{8, 2}, {3, 7}, {4, 6}, {5}, {1}], [{8, 2}, {3, 7}, {5, 6}, {1, 4}], [{8, 2}, {3, 7}, {5, 6}, {4}, {1}], [{8, 2}, {3, 7}, {6}, {1, 5}, {4}], [{8, 2}, {3, 7}, {6}, {4, 5}, {1}], [{8, 2}, {3, 7}, {6}, {5}, {1, 4}], [{8, 2}, {3, 7}, {6}, {5}, {4}, {1}], [{8, 2}, {4, 7}, {1, 6}, {3, 5}], [{8, 2}, {4, 7}, {3, 6}, {1, 5}], [{8, 2}, {4, 7}, {3, 6}, {5}, {1}], [{8, 2}, {4, 7}, {5, 6}, {1, 3}], [{8, 2}, {5, 7}, {1, 6}, {3, 4}], [{8, 2}, {5, 7}, {3, 6}, {1, 4}], [{8, 2}, {5, 7}, {4, 6}, {1, 3}], [{8, 2}, {6, 7}, {1, 5}, {3, 4}], [{8, 2}, {6, 7}, {3, 5}, {1, 4}], [{8, 2}, {6, 7}, {4, 5}, {1, 3}], [{8, 2}, {6, 7}, {5}, {3, 4}, {1}], [{8, 3}, {1, 7}, {2, 6}, {4, 5}], [{8, 3}, {1, 7}, {4, 6}, {2, 5}], [{8, 3}, {1, 7}, {5, 6}, {2, 4}], [{8, 3}, {2, 7}, {1, 6}, {4, 5}], [{8, 3}, {2, 7}, {4, 6}, {1, 5}], [{8, 3}, {2, 7}, {5, 6}, {1, 4}], [{8, 3}, {4, 7}, {1, 6}, {2, 5}], [{8, 3}, {4, 7}, {2, 6}, {1, 5}], [{8, 3}, {4, 7}, {5, 6}, {1, 2}], [{8, 3}, {4, 7}, {6}, {1, 5}, {2}], [{8, 3}, {5, 7}, {1, 6}, {2, 4}], [{8, 3}, {5, 7}, {2, 6}, {1, 4}], [{8, 3}, {5, 7}, {4, 6}, {1, 2}], [{8, 3}, {6, 7}, {1, 5}, {2, 4}], [{8, 3}, {6, 7}, {2, 5}, {1, 4}], [{8, 3}, {6, 7}, {4, 5}, {1, 2}], [{8, 3}, {6, 7}, {5}, {1, 4}, {2}], [{8, 3}, {7}, {1, 6}, {2, 5}, {4}], [{8, 4}, {1, 7}, {2, 6}, {3, 5}], [{8, 4}, {1, 7}, {3, 6}, {2, 5}], [{8, 4}, {1, 7}, {5, 6}, {2, 3}], [{8, 4}, {2, 7}, {1, 6}, {3, 5}], [{8, 4}, {2, 7}, {3, 6}, {1, 5}], [{8, 4}, {2, 7}, {5, 6}, {1, 3}], [{8, 4}, {2, 7}, {6}, {3, 5}, {1}], [{8, 4}, {3, 7}, {1, 6}, {2, 5}], [{8, 4}, {3, 7}, {2, 6}, {1, 5}], [{8, 4}, {3, 7}, {5, 6}, {1, 2}], [{8, 4}, {3, 7}, {6}, {5}, {1, 2}], [{8, 4}, {5, 7}, {1, 6}, {2, 3}], [{8, 4}, {5, 7}, {2, 6}, {1, 3}], [{8, 4}, {5, 7}, {3, 6}, {1, 2}], [{8, 4}, {5, 7}, {3, 6}, {2}, {1}], [{8, 4}, {6, 7}, {1, 5}, {2, 3}], [{8, 4}, {6, 7}, {2, 5}, {1, 3}], [{8, 4}, {6, 7}, {3, 5}, {1, 2}], [{8, 4}, {6, 7}, {5}, {1, 3}, {2}], [{8, 4}, {7}, {1, 6}, {5}, {2, 3}], [{8, 5}, {1, 7}, {2, 6}, {3, 4}], [{8, 5}, {1, 7}, {3, 6}, {2, 4}], [{8, 5}, {1, 7}, {4, 6}, {2, 3}], [{8, 5}, {2, 7}, {1, 6}, {3, 4}], [{8, 5}, {2, 7}, {3, 6}, {1, 4}], [{8, 5}, {2, 7}, {4, 6}, {1, 3}], [{8, 5}, {3, 7}, {1, 6}, {2, 4}], [{8, 5}, {3, 7}, {2, 6}, {1, 4}], [{8, 5}, {3, 7}, {4, 6}, {1, 2}], [{8, 5}, {3, 7}, {6}, {4}, {1, 2}], [{8, 5}, {4, 7}, {1, 6}, {2, 3}], [{8, 5}, {4, 7}, {2, 6}, {1, 3}], [{8, 5}, {4, 7}, {2, 6}, {3}, {1}], [{8, 5}, {4, 7}, {3, 6}, {1, 2}], [{8, 5}, {6, 7}, {1, 4}, {2, 3}], [{8, 5}, {6, 7}, {2, 4}, {1, 3}], [{8, 5}, {6, 7}, {3, 4}, {1, 2}], [{8, 5}, {6, 7}, {3, 4}, {2}, {1}], [{8, 6}, {1, 7}, {2, 5}, {3, 4}], [{8, 6}, {1, 7}, {3, 5}, {2, 4}], [{8, 6}, {1, 7}, {4, 5}, {2, 3}], [{8, 6}, {2, 7}, {1, 5}, {3, 4}], [{8, 6}, {2, 7}, {1, 5}, {4}, {3}], [{8, 6}, {2, 7}, {3, 5}, {1, 4}], [{8, 6}, {2, 7}, {4, 5}, {1, 3}], [{8, 6}, {3, 7}, {1, 5}, {2, 4}], [{8, 6}, {3, 7}, {2, 5}, {1, 4}], [{8, 6}, {3, 7}, {4, 5}, {1, 2}], [{8, 6}, {3, 7}, {5}, {4}, {1, 2}], [{8, 6}, {4, 7}, {1, 5}, {2, 3}], [{8, 6}, {4, 7}, {2, 5}, {1, 3}], [{8, 6}, {4, 7}, {3, 5}, {1, 2}], [{8, 6}, {5, 7}, {1, 4}, {2, 3}], [{8, 6}, {5, 7}, {2, 4}, {1, 3}], [{8, 6}, {5, 7}, {3, 4}, {1, 2}], [{8, 7}, {1, 6}, {2, 5}, {3, 4}], [{8, 7}, {1, 6}, {3, 5}, {2, 4}], [{8, 7}, {1, 6}, {4, 5}, {2, 3}], [{8, 7}, {1, 6}, {5}, {4}, {2, 3}], [{8, 7}, {2, 6}, {1, 5}, {3, 4}], [{8, 7}, {2, 6}, {3, 5}, {1, 4}], [{8, 7}, {2, 6}, {4, 5}, {1, 3}], [{8, 7}, {3, 6}, {1, 5}, {2, 4}], [{8, 7}, {3, 6}, {2, 5}, {1, 4}], [{8, 7}, {3, 6}, {4, 5}, {1, 2}], [{8, 7}, {4, 6}, {1, 5}, {2, 3}], [{8, 7}, {4, 6}, {2, 5}, {1, 3}], [{8, 7}, {4, 6}, {3, 5}, {1, 2}], [{8, 7}, {5, 6}, {1, 4}, {2, 3}], [{8, 7}, {5, 6}, {2, 4}, {1, 3}], [{8, 7}, {5, 6}, {3, 4}, {1, 2}], [{8, 7}, {6}, {3, 5}, {1, 4}, {2}], [{8}, {1, 7}, {4, 6}, {3, 5}, {2}], [{8}, {3, 7}, {4, 6}, {5}, {1, 2}], [{8}, {3, 7}, {5, 6}, {4}, {1, 2}], [{8}, {3, 7}, {6}, {4, 5}, {1, 2}], [{8}, {3, 7}, {6}, {5}, {4}, {1, 2}], [{8}, {4, 7}, {1, 6}, {5}, {2, 3}], [{8}, {4, 7}, {3, 6}, {5}, {1, 2}], [{8}, {5, 7}, {3, 6}, {1, 4}, {2}], [{8}, {6, 7}, {1, 5}, {3, 4}, {2}], [{8}, {6, 7}, {2, 5}, {3, 4}, {1}], [{8}, {6, 7}, {5}, {3, 4}, {1, 2}], [{8}, {6, 7}, {5}, {3, 4}, {2}, {1}]]",2,4 K_1^3 + 4 K_1^2 K_2 - 2 K_1^2 - 6 K_1 K_2 - 10 K_1 K_3 - 2 K_2^2 + 4 K_2 + 2 K_3 + 5 K_4 + 2,O1O2O3O4U5U6O7U1O5O8U7U4U3U8O6U2,O1O2O3O4U1U5O6U4O7O5U3U2U8U6O8U7,O1O2O3O4U5O6U7U6U3U2O8O5U1O7U8U4,c,{'O1O2O3O4U3O5U6U2U1U7O6O8U4O7U5U8'},1,"<a href=""/flatknot/8.733789"">8.733789</a>",t^9-57t^7-122t^6+123t^5+246t^4-27t^3-88t^2+4t+18,t^3-2t^2+t,,
8.733790,O1O2O3O4U3O5U6U2U1U7O6O8U4O7U8U5,4,3z^3+38z^2+114z+101,3w^4z^3+38w^3z^2+114w^2z+101w,False,False,"[[ 0 -1 -1 -1  2  3 -3  1  0],[ 1  0  0  0  2  2  0  1  1],[ 1  0  0  0  1  1  1  1  1],[ 1  0  0  0  1  1  1  0  1],[-2 -2 -1 -1  0  1 -2 -1  0],[-3 -2 -1 -1 -1  0 -4 -1 -1],[ 3  0 -1 -1  2  4  0  3  1],[-1 -1 -1  0  1  1 -3  0  0],[ 0 -1 -1 -1  0  1 -1  0  0]]","[[ 0  3  2  1  0 -1 -1 -1 -3],[-3  0 -1 -1 -1 -1 -1 -2 -4],[-2  1  0 -1  0 -1 -1 -2 -2],[-1  1  1  0  0  0 -1 -1 -3],[ 0  1  0  0  0 -1 -1 -1 -1],[ 1  1  1  0  1  0  0  0  1],[ 1  1  1  1  1  0  0  0  1],[ 1  2  2  1  1  0  0  0  0],[ 3  4  2  3  1 -1 -1  0  0]]",True,"[-3,-2,-1,0,1,1,1,3,1,1,1,1,1,2,4,1,0,1,1,2,2,0,0,1,1,3,1,1,1,1,0,0,-1,0,-1,0]","[-3,-2,-1,0,1,1,1,3,0,1,2,2,3,3,2,0,2,1,2,2,3,1,1,1,2,1,0,0,0,2,0,0,2,0,3,3]",t^8+53t^6+177t^4+41t^2+1,"[-3,-1,-1,-1,0,1,2,3,2,3,3,2,1,3,2,0,0,0,1,1,2,0,0,1,2,3,0,2,2,3,1,2,2,0,1,0]","[-3,-2,-1,0,1,1,1,3,0,1,2,2,3,3,2,0,2,1,2,2,3,1,1,1,2,1,0,0,0,2,0,0,2,0,3,3]","[-3,-1,-1,-1,0,1,2,3,-1,-1,0,1,3,2,4,0,0,1,0,1,1,0,1,1,1,1,1,1,2,2,0,0,1,1,1,1]",c,"[[{8, 1}, {4, 7}, {3, 6}, {2, 5}]]",1,4 K_1^2 K_2 - 4 K_1^2 - 8 K_1 K_2 - 2 K_1 K_3 + 4 K_1 - 2 K_2^2 + K_2 + 4 K_3 + K_4 + 3,O1O2O3O4U5U6O7U1O6O8U7U4U3U8O5U2,O1O2O3O4U1U5O6U4O5O7U3U2U8U6O8U7,O1O2O3O4U5O6U7U6U3U2O5O8U1O7U8U4,c,{'O1O2O3O4U3O5U6U2U1U7O6O8U4O7U8U5'},1,"<a href=""/flatknot/8.733790"">8.733790</a>",t^9-51t^7-118t^6+6t^5+86t^4+57t^3+2t^2-16t-8,-t^2+2t,,
8.733791,O1O2O3O4U3O5U6U2U1U7O6O8U5O7U4U8,4,3z^3+30z^2+98z+101,3w^4z^3+30w^3z^2-8w^3z+106w^2z+101w,False,False,"[[ 0 -1 -1 -1  2  2 -3  1  1],[ 1  0  0  0  3  1  0  1  2],[ 1  0  0  0  2  0  1  1  2],[ 1  0  0  0  1  0  1  1  1],[-2 -3 -2 -1  0  1 -3 -2  1],[-2 -1  0  0 -1  0 -2 -1  0],[ 3  0 -1 -1  3  2  0  3  2],[-1 -1 -1 -1  2  1 -3  0  1],[-1 -2 -2 -1 -1  0 -2 -1  0]]","[[ 0  2  2  1  1 -1 -1 -1 -3],[-2  0  1  1 -2 -1 -2 -3 -3],[-2 -1  0  0 -1  0  0 -1 -2],[-1 -1  0  0 -1 -1 -2 -2 -2],[-1  2  1  1  0 -1 -1 -1 -3],[ 1  1  0  1  1  0  0  0  1],[ 1  2  0  2  1  0  0  0  1],[ 1  3  1  2  1  0  0  0  0],[ 3  3  2  2  3 -1 -1  0  0]]",True,"[-2,-2,-1,-1,1,1,1,3,-1,-1,2,1,2,3,3,0,1,0,0,1,2,1,1,2,2,2,1,1,1,3,0,0,-1,0,-1,0]","[-3,-1,-1,-1,1,1,2,2,-1,-1,0,2,3,2,3,0,0,1,1,0,1,0,2,1,0,2,2,1,1,3,-1,0,-1,1,2,-1]",t^8+63t^6+288t^4+180t^2+4,"[-3,-1,-1,-1,1,1,2,2,2,3,3,1,2,2,3,0,0,1,0,0,2,0,1,0,1,3,1,1,2,3,-1,-1,0,2,1,-1]","[-2,-2,-1,-1,1,1,1,3,-1,0,1,2,3,3,3,-1,2,0,1,2,2,1,1,1,1,1,0,0,1,2,0,0,2,0,3,3]","[-3,-1,-1,-1,1,1,2,2,-1,-1,0,2,3,2,3,0,0,1,1,0,1,0,2,1,0,2,2,1,1,3,-1,0,-1,1,2,-1]",c,"[[{8, 1}, {2, 7}, {3, 6}, {4, 5}], [{8, 1}, {2, 7}, {4, 6}, {3, 5}], [{8, 1}, {2, 7}, {4, 6}, {5}, {3}], [{8, 1}, {2, 7}, {5, 6}, {3, 4}], [{8, 1}, {3, 7}, {2, 6}, {4, 5}], [{8, 1}, {3, 7}, {4, 6}, {2, 5}], [{8, 1}, {3, 7}, {5, 6}, {2, 4}], [{8, 1}, {3, 7}, {6}, {4, 5}, {2}], [{8, 1}, {4, 7}, {2, 6}, {3, 5}], [{8, 1}, {4, 7}, {3, 6}, {2, 5}], [{8, 1}, {4, 7}, {5, 6}, {2, 3}], [{8, 1}, {4, 7}, {6}, {3, 5}, {2}], [{8, 1}, {5, 7}, {2, 6}, {3, 4}], [{8, 1}, {5, 7}, {3, 6}, {2, 4}], [{8, 1}, {5, 7}, {4, 6}, {2, 3}], [{8, 1}, {6, 7}, {2, 5}, {3, 4}], [{8, 1}, {6, 7}, {3, 5}, {2, 4}], [{8, 1}, {6, 7}, {3, 5}, {4}, {2}], [{8, 1}, {6, 7}, {4, 5}, {2, 3}], [{8, 1}, {6, 7}, {5}, {2, 4}, {3}], [{8, 1}, {7}, {2, 6}, {4, 5}, {3}], [{8, 1}, {7}, {4, 6}, {3, 5}, {2}], [{8, 1}, {7}, {6}, {2, 5}, {3, 4}], [{8, 2}, {1, 7}, {3, 6}, {4, 5}], [{8, 2}, {1, 7}, {4, 6}, {3, 5}], [{8, 2}, {1, 7}, {5, 6}, {3, 4}], [{8, 2}, {3, 7}, {1, 6}, {4, 5}], [{8, 2}, {3, 7}, {4, 6}, {1, 5}], [{8, 2}, {3, 7}, {5, 6}, {1, 4}], [{8, 2}, {3, 7}, {6}, {4, 5}, {1}], [{8, 2}, {4, 7}, {1, 6}, {3, 5}], [{8, 2}, {4, 7}, {3, 6}, {1, 5}], [{8, 2}, {4, 7}, {5, 6}, {1, 3}], [{8, 2}, {5, 7}, {1, 6}, {3, 4}], [{8, 2}, {5, 7}, {3, 6}, {1, 4}], [{8, 2}, {5, 7}, {4, 6}, {1, 3}], [{8, 2}, {6, 7}, {1, 5}, {3, 4}], [{8, 2}, {6, 7}, {1, 5}, {4}, {3}], [{8, 2}, {6, 7}, {3, 5}, {1, 4}], [{8, 2}, {6, 7}, {3, 5}, {4}, {1}], [{8, 2}, {6, 7}, {4, 5}, {1, 3}], [{8, 2}, {6, 7}, {5}, {4}, {1, 3}], [{8, 3}, {1, 7}, {2, 6}, {4, 5}], [{8, 3}, {1, 7}, {4, 6}, {2, 5}], [{8, 3}, {1, 7}, {5, 6}, {2, 4}], [{8, 3}, {2, 7}, {1, 6}, {4, 5}], [{8, 3}, {2, 7}, {4, 6}, {1, 5}], [{8, 3}, {2, 7}, {5, 6}, {1, 4}], [{8, 3}, {4, 7}, {1, 6}, {2, 5}], [{8, 3}, {4, 7}, {2, 6}, {1, 5}], [{8, 3}, {4, 7}, {5, 6}, {1, 2}], [{8, 3}, {5, 7}, {1, 6}, {2, 4}], [{8, 3}, {5, 7}, {2, 6}, {1, 4}], [{8, 3}, {5, 7}, {4, 6}, {1, 2}], [{8, 3}, {5, 7}, {6}, {1, 4}, {2}], [{8, 3}, {6, 7}, {1, 5}, {2, 4}], [{8, 3}, {6, 7}, {1, 5}, {4}, {2}], [{8, 3}, {6, 7}, {2, 5}, {1, 4}], [{8, 3}, {6, 7}, {4, 5}, {1, 2}], [{8, 3}, {6, 7}, {5}, {2, 4}, {1}], [{8, 4}, {1, 7}, {2, 6}, {3, 5}], [{8, 4}, {1, 7}, {2, 6}, {5}, {3}], [{8, 4}, {1, 7}, {3, 6}, {2, 5}], [{8, 4}, {1, 7}, {3, 6}, {5}, {2}], [{8, 4}, {1, 7}, {5, 6}, {2, 3}], [{8, 4}, {1, 7}, {5, 6}, {3}, {2}], [{8, 4}, {1, 7}, {6}, {2, 5}, {3}], [{8, 4}, {1, 7}, {6}, {3, 5}, {2}], [{8, 4}, {1, 7}, {6}, {5}, {2, 3}], [{8, 4}, {1, 7}, {6}, {5}, {3}, {2}], [{8, 4}, {2, 7}, {1, 6}, {3, 5}], [{8, 4}, {2, 7}, {3, 6}, {1, 5}], [{8, 4}, {2, 7}, {5, 6}, {1, 3}], [{8, 4}, {2, 7}, {5, 6}, {3}, {1}], [{8, 4}, {3, 7}, {1, 6}, {2, 5}], [{8, 4}, {3, 7}, {1, 6}, {5}, {2}], [{8, 4}, {3, 7}, {2, 6}, {1, 5}], [{8, 4}, {3, 7}, {5, 6}, {1, 2}], [{8, 4}, {3, 7}, {5, 6}, {2}, {1}], [{8, 4}, {3, 7}, {6}, {1, 5}, {2}], [{8, 4}, {5, 7}, {1, 6}, {2, 3}], [{8, 4}, {5, 7}, {1, 6}, {3}, {2}], [{8, 4}, {5, 7}, {2, 6}, {1, 3}], [{8, 4}, {5, 7}, {3, 6}, {1, 2}], [{8, 4}, {5, 7}, {3, 6}, {2}, {1}], [{8, 4}, {5, 7}, {6}, {1, 3}, {2}], [{8, 4}, {6, 7}, {1, 5}, {2, 3}], [{8, 4}, {6, 7}, {1, 5}, {3}, {2}], [{8, 4}, {6, 7}, {2, 5}, {1, 3}], [{8, 4}, {6, 7}, {3, 5}, {1, 2}], [{8, 4}, {6, 7}, {3, 5}, {2}, {1}], [{8, 4}, {6, 7}, {5}, {1, 3}, {2}], [{8, 4}, {7}, {1, 6}, {3, 5}, {2}], [{8, 4}, {7}, {3, 6}, {1, 5}, {2}], [{8, 4}, {7}, {5, 6}, {1, 3}, {2}], [{8, 4}, {7}, {5, 6}, {2, 3}, {1}], [{8, 4}, {7}, {5, 6}, {3}, {1, 2}], [{8, 4}, {7}, {5, 6}, {3}, {2}, {1}], [{8, 5}, {1, 7}, {2, 6}, {3, 4}], [{8, 5}, {1, 7}, {3, 6}, {2, 4}], [{8, 5}, {1, 7}, {4, 6}, {2, 3}], [{8, 5}, {2, 7}, {1, 6}, {3, 4}], [{8, 5}, {2, 7}, {3, 6}, {1, 4}], [{8, 5}, {2, 7}, {4, 6}, {1, 3}], [{8, 5}, {2, 7}, {6}, {3, 4}, {1}], [{8, 5}, {3, 7}, {1, 6}, {2, 4}], [{8, 5}, {3, 7}, {2, 6}, {1, 4}], [{8, 5}, {3, 7}, {4, 6}, {1, 2}], [{8, 5}, {4, 7}, {1, 6}, {2, 3}], [{8, 5}, {4, 7}, {2, 6}, {1, 3}], [{8, 5}, {4, 7}, {3, 6}, {1, 2}], [{8, 5}, {6, 7}, {1, 4}, {2, 3}], [{8, 5}, {6, 7}, {2, 4}, {1, 3}], [{8, 5}, {6, 7}, {2, 4}, {3}, {1}], [{8, 5}, {6, 7}, {3, 4}, {1, 2}], [{8, 5}, {6, 7}, {4}, {1, 3}, {2}], [{8, 6}, {1, 7}, {2, 5}, {3, 4}], [{8, 6}, {1, 7}, {3, 5}, {2, 4}], [{8, 6}, {1, 7}, {4, 5}, {2, 3}], [{8, 6}, {2, 7}, {1, 5}, {3, 4}], [{8, 6}, {2, 7}, {3, 5}, {1, 4}], [{8, 6}, {2, 7}, {4, 5}, {1, 3}], [{8, 6}, {3, 7}, {1, 5}, {2, 4}], [{8, 6}, {3, 7}, {2, 5}, {1, 4}], [{8, 6}, {3, 7}, {4, 5}, {1, 2}], [{8, 6}, {4, 7}, {1, 5}, {2, 3}], [{8, 6}, {4, 7}, {2, 5}, {1, 3}], [{8, 6}, {4, 7}, {2, 5}, {3}, {1}], [{8, 6}, {4, 7}, {3, 5}, {1, 2}], [{8, 6}, {5, 7}, {1, 4}, {2, 3}], [{8, 6}, {5, 7}, {2, 4}, {1, 3}], [{8, 6}, {5, 7}, {3, 4}, {1, 2}], [{8, 7}, {1, 6}, {2, 5}, {3, 4}], [{8, 7}, {1, 6}, {3, 5}, {2, 4}], [{8, 7}, {1, 6}, {4, 5}, {2, 3}], [{8, 7}, {1, 6}, {5}, {2, 4}, {3}], [{8, 7}, {2, 6}, {1, 5}, {3, 4}], [{8, 7}, {2, 6}, {3, 5}, {1, 4}], [{8, 7}, {2, 6}, {4, 5}, {1, 3}], [{8, 7}, {2, 6}, {5}, {1, 4}, {3}], [{8, 7}, {3, 6}, {1, 5}, {2, 4}], [{8, 7}, {3, 6}, {2, 5}, {1, 4}], [{8, 7}, {3, 6}, {4, 5}, {1, 2}], [{8, 7}, {4, 6}, {1, 5}, {2, 3}], [{8, 7}, {4, 6}, {2, 5}, {1, 3}], [{8, 7}, {4, 6}, {3, 5}, {1, 2}], [{8, 7}, {5, 6}, {1, 4}, {2, 3}], [{8, 7}, {5, 6}, {2, 4}, {1, 3}], [{8, 7}, {5, 6}, {3, 4}, {1, 2}], [{8, 7}, {5, 6}, {4}, {2, 3}, {1}], [{8}, {3, 7}, {4, 6}, {2, 5}, {1}], [{8}, {3, 7}, {6}, {4, 5}, {1, 2}], [{8}, {4, 7}, {5, 6}, {2, 3}, {1}], [{8}, {5, 7}, {4, 6}, {3}, {1, 2}], [{8}, {6, 7}, {1, 5}, {2, 4}, {3}], [{8}, {6, 7}, {1, 5}, {3, 4}, {2}], [{8}, {6, 7}, {1, 5}, {4}, {2, 3}], [{8}, {6, 7}, {1, 5}, {4}, {3}, {2}], [{8}, {6, 7}, {2, 5}, {4}, {1, 3}], [{8}, {6, 7}, {3, 5}, {1, 4}, {2}], [{8}, {6, 7}, {3, 5}, {2, 4}, {1}], [{8}, {6, 7}, {3, 5}, {4}, {1, 2}], [{8}, {6, 7}, {3, 5}, {4}, {2}, {1}], [{8}, {6, 7}, {4, 5}, {1, 3}, {2}], [{8}, {6, 7}, {5}, {2, 4}, {1, 3}], [{8}, {6, 7}, {5}, {4}, {1, 3}, {2}]]",2,- 4 K_1^2 - 6 K_1 K_2 - 4 K_1 K_3 + 3 K_1 + 4 K_2 + 3 K_3 + 2 K_4 + 3,O1O2O3O4U5U1O6U7O5O8U6U4U3U8O7U2,O1O2O3O4U1U5O6U4O7O5U3U2U8U7O8U6,O1O2O3O4U5O6U7U6U3U2O8O7U1O5U8U4,c,{'O1O2O3O4U3O5U6U2U1U7O6O8U5O7U4U8'},1,"<a href=""/flatknot/8.733791"">8.733791</a>",t^9-65t^7-184t^6+68t^5+316t^4-233t^3-202t^2+225t-4,t^3-2t^2+t,,
8.733792,O1O2O3O4U3O5U6U2U1U7O6O8U5O7U8U4,4,4z^3+36z^2+101z+91,4w^4z^3+36w^3z^2-8w^3z+109w^2z+91w,False,False,"[[ 0 -1 -1 -1  3  2 -3  1  0],[ 1  0  0  0  3  1  0  1  1],[ 1  0  0  0  2  0  1  1  1],[ 1  0  0  0  1  0  1  1  0],[-3 -3 -2 -1  0  0 -4 -2  0],[-2 -1  0  0  0  0 -2 -1  0],[ 3  0 -1 -1  4  2  0  3  1],[-1 -1 -1 -1  2  1 -3  0  0],[ 0 -1 -1  0  0  0 -1  0  0]]","[[ 0  3  2  1  0 -1 -1 -1 -3],[-3  0  0 -2  0 -1 -2 -3 -4],[-2  0  0 -1  0  0  0 -1 -2],[-1  2  1  0  0 -1 -1 -1 -3],[ 0  0  0  0  0  0 -1 -1 -1],[ 1  1  0  1  0  0  0  0  1],[ 1  2  0  1  1  0  0  0  1],[ 1  3  1  1  1  0  0  0  0],[ 3  4  2  3  1 -1 -1  0  0]]",True,"[-3,-2,-1,0,1,1,1,3,0,2,0,1,2,3,4,1,0,0,0,1,2,0,1,1,1,3,0,1,1,1,0,0,-1,0,-1,0]","[-3,-2,-1,0,1,1,1,3,0,2,0,1,2,3,4,1,0,0,0,1,2,0,1,1,1,3,0,1,1,1,0,0,-1,0,-1,0]",t^8+57t^6+155t^4+55t^2+4,"[-3,-1,-1,-1,0,1,2,3,2,3,3,2,1,3,2,0,0,0,1,2,1,0,0,1,3,2,1,1,3,3,1,2,3,0,0,1]","[-3,-2,-1,0,1,1,1,3,1,0,3,1,2,3,2,0,2,2,3,3,3,1,1,1,1,1,0,0,1,2,0,0,2,0,3,3]","[-3,-1,-1,-1,0,1,2,3,-1,-1,0,1,3,2,4,0,0,0,1,0,1,0,1,1,0,2,1,1,1,3,0,0,0,1,2,0]",c,"[[{8, 1}, {2, 7}, {3, 6}, {4, 5}], [{8, 1}, {2, 7}, {4, 6}, {3, 5}], [{8, 1}, {2, 7}, {5, 6}, {3, 4}], [{8, 1}, {3, 7}, {2, 6}, {4, 5}], [{8, 1}, {3, 7}, {4, 6}, {2, 5}], [{8, 1}, {3, 7}, {5, 6}, {2, 4}], [{8, 1}, {3, 7}, {5, 6}, {4}, {2}], [{8, 1}, {4, 7}, {2, 6}, {3, 5}], [{8, 1}, {4, 7}, {3, 6}, {2, 5}], [{8, 1}, {4, 7}, {5, 6}, {2, 3}], [{8, 1}, {5, 7}, {2, 6}, {3, 4}], [{8, 1}, {5, 7}, {3, 6}, {2, 4}], [{8, 1}, {5, 7}, {3, 6}, {4}, {2}], [{8, 1}, {5, 7}, {4, 6}, {2, 3}], [{8, 1}, {6, 7}, {2, 5}, {3, 4}], [{8, 1}, {6, 7}, {3, 5}, {2, 4}], [{8, 1}, {6, 7}, {4, 5}, {2, 3}], [{8, 1}, {7}, {2, 6}, {4, 5}, {3}], [{8, 1}, {7}, {4, 6}, {2, 5}, {3}], [{8, 1}, {7}, {5, 6}, {2, 4}, {3}], [{8, 2}, {1, 7}, {3, 6}, {4, 5}], [{8, 2}, {1, 7}, {3, 6}, {5}, {4}], [{8, 2}, {1, 7}, {4, 6}, {3, 5}], [{8, 2}, {1, 7}, {5, 6}, {3, 4}], [{8, 2}, {3, 7}, {1, 6}, {4, 5}], [{8, 2}, {3, 7}, {4, 6}, {1, 5}], [{8, 2}, {3, 7}, {5, 6}, {1, 4}], [{8, 2}, {3, 7}, {5, 6}, {4}, {1}], [{8, 2}, {4, 7}, {1, 6}, {3, 5}], [{8, 2}, {4, 7}, {3, 6}, {1, 5}], [{8, 2}, {4, 7}, {5, 6}, {1, 3}], [{8, 2}, {5, 7}, {1, 6}, {3, 4}], [{8, 2}, {5, 7}, {3, 6}, {1, 4}], [{8, 2}, {5, 7}, {3, 6}, {4}, {1}], [{8, 2}, {5, 7}, {4, 6}, {1, 3}], [{8, 2}, {6, 7}, {1, 5}, {3, 4}], [{8, 2}, {6, 7}, {3, 5}, {1, 4}], [{8, 2}, {6, 7}, {4, 5}, {1, 3}], [{8, 2}, {7}, {3, 6}, {1, 5}, {4}], [{8, 2}, {7}, {5, 6}, {1, 4}, {3}], [{8, 2}, {7}, {6}, {4, 5}, {1, 3}], [{8, 3}, {1, 7}, {2, 6}, {4, 5}], [{8, 3}, {1, 7}, {4, 6}, {2, 5}], [{8, 3}, {1, 7}, {4, 6}, {5}, {2}], [{8, 3}, {1, 7}, {5, 6}, {2, 4}], [{8, 3}, {2, 7}, {1, 6}, {4, 5}], [{8, 3}, {2, 7}, {4, 6}, {1, 5}], [{8, 3}, {2, 7}, {5, 6}, {1, 4}], [{8, 3}, {4, 7}, {1, 6}, {2, 5}], [{8, 3}, {4, 7}, {2, 6}, {1, 5}], [{8, 3}, {4, 7}, {5, 6}, {1, 2}], [{8, 3}, {4, 7}, {5, 6}, {2}, {1}], [{8, 3}, {5, 7}, {1, 6}, {2, 4}], [{8, 3}, {5, 7}, {2, 6}, {1, 4}], [{8, 3}, {5, 7}, {4, 6}, {1, 2}], [{8, 3}, {5, 7}, {6}, {1, 4}, {2}], [{8, 3}, {6, 7}, {1, 5}, {2, 4}], [{8, 3}, {6, 7}, {2, 5}, {1, 4}], [{8, 3}, {6, 7}, {4, 5}, {1, 2}], [{8, 4}, {1, 7}, {2, 6}, {3, 5}], [{8, 4}, {1, 7}, {2, 6}, {5}, {3}], [{8, 4}, {1, 7}, {3, 6}, {2, 5}], [{8, 4}, {1, 7}, {3, 6}, {5}, {2}], [{8, 4}, {1, 7}, {5, 6}, {2, 3}], [{8, 4}, {1, 7}, {5, 6}, {3}, {2}], [{8, 4}, {1, 7}, {6}, {2, 5}, {3}], [{8, 4}, {1, 7}, {6}, {3, 5}, {2}], [{8, 4}, {1, 7}, {6}, {5}, {2, 3}], [{8, 4}, {1, 7}, {6}, {5}, {3}, {2}], [{8, 4}, {2, 7}, {1, 6}, {3, 5}], [{8, 4}, {2, 7}, {3, 6}, {1, 5}], [{8, 4}, {2, 7}, {5, 6}, {1, 3}], [{8, 4}, {2, 7}, {5, 6}, {3}, {1}], [{8, 4}, {3, 7}, {1, 6}, {2, 5}], [{8, 4}, {3, 7}, {1, 6}, {5}, {2}], [{8, 4}, {3, 7}, {2, 6}, {1, 5}], [{8, 4}, {3, 7}, {5, 6}, {1, 2}], [{8, 4}, {3, 7}, {5, 6}, {2}, {1}], [{8, 4}, {3, 7}, {6}, {1, 5}, {2}], [{8, 4}, {5, 7}, {1, 6}, {2, 3}], [{8, 4}, {5, 7}, {1, 6}, {3}, {2}], [{8, 4}, {5, 7}, {2, 6}, {1, 3}], [{8, 4}, {5, 7}, {3, 6}, {1, 2}], [{8, 4}, {5, 7}, {3, 6}, {2}, {1}], [{8, 4}, {5, 7}, {6}, {1, 3}, {2}], [{8, 4}, {6, 7}, {1, 5}, {2, 3}], [{8, 4}, {6, 7}, {1, 5}, {3}, {2}], [{8, 4}, {6, 7}, {2, 5}, {1, 3}], [{8, 4}, {6, 7}, {3, 5}, {1, 2}], [{8, 4}, {6, 7}, {3, 5}, {2}, {1}], [{8, 4}, {6, 7}, {5}, {1, 3}, {2}], [{8, 4}, {7}, {1, 6}, {3, 5}, {2}], [{8, 4}, {7}, {3, 6}, {1, 5}, {2}], [{8, 4}, {7}, {5, 6}, {1, 3}, {2}], [{8, 4}, {7}, {5, 6}, {2, 3}, {1}], [{8, 4}, {7}, {5, 6}, {3}, {1, 2}], [{8, 4}, {7}, {5, 6}, {3}, {2}, {1}], [{8, 5}, {1, 7}, {2, 6}, {3, 4}], [{8, 5}, {1, 7}, {3, 6}, {2, 4}], [{8, 5}, {1, 7}, {3, 6}, {4}, {2}], [{8, 5}, {1, 7}, {4, 6}, {2, 3}], [{8, 5}, {2, 7}, {1, 6}, {3, 4}], [{8, 5}, {2, 7}, {3, 6}, {1, 4}], [{8, 5}, {2, 7}, {4, 6}, {1, 3}], [{8, 5}, {2, 7}, {6}, {4}, {1, 3}], [{8, 5}, {3, 7}, {1, 6}, {2, 4}], [{8, 5}, {3, 7}, {2, 6}, {1, 4}], [{8, 5}, {3, 7}, {4, 6}, {1, 2}], [{8, 5}, {4, 7}, {1, 6}, {2, 3}], [{8, 5}, {4, 7}, {2, 6}, {1, 3}], [{8, 5}, {4, 7}, {3, 6}, {1, 2}], [{8, 5}, {6, 7}, {1, 4}, {2, 3}], [{8, 5}, {6, 7}, {2, 4}, {1, 3}], [{8, 5}, {6, 7}, {3, 4}, {1, 2}], [{8, 5}, {6, 7}, {3, 4}, {2}, {1}], [{8, 5}, {7}, {2, 6}, {1, 4}, {3}], [{8, 5}, {7}, {4, 6}, {1, 3}, {2}], [{8, 5}, {7}, {6}, {3, 4}, {1, 2}], [{8, 6}, {1, 7}, {2, 5}, {3, 4}], [{8, 6}, {1, 7}, {3, 5}, {2, 4}], [{8, 6}, {1, 7}, {4, 5}, {2, 3}], [{8, 6}, {1, 7}, {5}, {3, 4}, {2}], [{8, 6}, {2, 7}, {1, 5}, {3, 4}], [{8, 6}, {2, 7}, {3, 5}, {1, 4}], [{8, 6}, {2, 7}, {4, 5}, {1, 3}], [{8, 6}, {2, 7}, {5}, {1, 4}, {3}], [{8, 6}, {3, 7}, {1, 5}, {2, 4}], [{8, 6}, {3, 7}, {2, 5}, {1, 4}], [{8, 6}, {3, 7}, {4, 5}, {1, 2}], [{8, 6}, {4, 7}, {1, 5}, {2, 3}], [{8, 6}, {4, 7}, {2, 5}, {1, 3}], [{8, 6}, {4, 7}, {3, 5}, {1, 2}], [{8, 6}, {4, 7}, {5}, {1, 3}, {2}], [{8, 6}, {5, 7}, {1, 4}, {2, 3}], [{8, 6}, {5, 7}, {1, 4}, {3}, {2}], [{8, 6}, {5, 7}, {2, 4}, {1, 3}], [{8, 6}, {5, 7}, {3, 4}, {1, 2}], [{8, 6}, {7}, {2, 5}, {1, 4}, {3}], [{8, 7}, {1, 6}, {2, 5}, {3, 4}], [{8, 7}, {1, 6}, {3, 5}, {2, 4}], [{8, 7}, {1, 6}, {4, 5}, {2, 3}], [{8, 7}, {1, 6}, {4, 5}, {3}, {2}], [{8, 7}, {2, 6}, {1, 5}, {3, 4}], [{8, 7}, {2, 6}, {3, 5}, {1, 4}], [{8, 7}, {2, 6}, {4, 5}, {1, 3}], [{8, 7}, {3, 6}, {1, 5}, {2, 4}], [{8, 7}, {3, 6}, {1, 5}, {4}, {2}], [{8, 7}, {3, 6}, {2, 5}, {1, 4}], [{8, 7}, {3, 6}, {4, 5}, {1, 2}], [{8, 7}, {4, 6}, {1, 5}, {2, 3}], [{8, 7}, {4, 6}, {2, 5}, {1, 3}], [{8, 7}, {4, 6}, {3, 5}, {1, 2}], [{8, 7}, {4, 6}, {5}, {2, 3}, {1}], [{8, 7}, {5, 6}, {1, 4}, {2, 3}], [{8, 7}, {5, 6}, {2, 4}, {1, 3}], [{8, 7}, {5, 6}, {3, 4}, {1, 2}], [{8, 7}, {5, 6}, {3, 4}, {2}, {1}], [{8, 7}, {6}, {3, 5}, {2, 4}, {1}], [{8}, {1, 7}, {3, 6}, {2, 5}, {4}], [{8}, {1, 7}, {3, 6}, {4, 5}, {2}], [{8}, {1, 7}, {3, 6}, {5}, {2, 4}], [{8}, {1, 7}, {3, 6}, {5}, {4}, {2}], [{8}, {2, 7}, {3, 6}, {1, 5}, {4}], [{8}, {2, 7}, {4, 6}, {1, 5}, {3}], [{8}, {2, 7}, {4, 6}, {3, 5}, {1}], [{8}, {2, 7}, {4, 6}, {5}, {1, 3}], [{8}, {2, 7}, {6}, {1, 5}, {3, 4}], [{8}, {3, 7}, {5, 6}, {1, 4}, {2}], [{8}, {3, 7}, {5, 6}, {2, 4}, {1}], [{8}, {3, 7}, {5, 6}, {4}, {1, 2}], [{8}, {3, 7}, {5, 6}, {4}, {2}, {1}], [{8}, {4, 7}, {3, 6}, {1, 5}, {2}], [{8}, {5, 7}, {3, 6}, {1, 4}, {2}], [{8}, {5, 7}, {3, 6}, {2, 4}, {1}], [{8}, {5, 7}, {3, 6}, {4}, {1, 2}], [{8}, {5, 7}, {3, 6}, {4}, {2}, {1}], [{8}, {6, 7}, {5}, {1, 4}, {2, 3}], [{8}, {7}, {1, 6}, {2, 5}, {3, 4}], [{8}, {7}, {3, 6}, {1, 5}, {2, 4}], [{8}, {7}, {3, 6}, {1, 5}, {4}, {2}]]",2,4 K_1^3 + 4 K_1^2 K_2 - 4 K_1^2 - 8 K_1 K_2 - 2 K_1 K_3 + K_1 - 2 K_2^2 + K_2 + 3 K_3 + K_4 + 3,O1O2O3O4U1U5O6U7O5O8U6U4U3U8O7U2,O1O2O3O4U1U5O6U4O5O7U3U2U8U7O8U6,O1O2O3O4U5O6U7U6U3U2O7O8U1O5U8U4,c,{'O1O2O3O4U3O5U6U2U1U7O6O8U5O7U8U4'},1,"<a href=""/flatknot/8.733792"">8.733792</a>",t^9-55t^7-120t^6+44t^5+64t^4-88t^3+132t^2+13t-4,-t^2+2t,,
8.733793,O1O2O3O4U3O5U6U2U4U1O6O7U5O8U7U8,4,3z^3+38z^2+114z+101,3w^4z^3+38w^3z^2+114w^2z+101w,False,False,"[[ 0  0 -1 -1  2  2 -3  0  1],[ 0  0 -1 -1  2  2 -2  1  0],[ 1  1  0  0  2  1  0  1  0],[ 1  1  0  0  1  1  0  0  0],[-2 -2 -2 -1  0  0 -2  1  0],[-2 -2 -1 -1  0  0 -2  1  1],[ 3  2  0  0  2  2  0  0  1],[ 0 -1 -1  0 -1 -1  0  0  1],[-1  0  0  0  0 -1 -1 -1  0]]","[[ 0  2  2  1  0  0 -1 -1 -3],[-2  0  0  1  1 -2 -1 -1 -2],[-2  0  0  0  1 -2 -1 -2 -2],[-1 -1  0  0 -1  0  0  0 -1],[ 0 -1 -1  1  0 -1  0 -1  0],[ 0  2  2  0  1  0 -1 -1 -2],[ 1  1  1  0  0  1  0  0  0],[ 1  1  2  0  1  1  0  0  0],[ 3  2  2  1  0  2  0  0  0]]",True,"[-2,-2,-1,0,0,1,1,3,0,-1,-1,2,1,1,2,0,-1,2,1,2,2,1,0,0,0,1,1,0,1,0,1,1,2,0,0,0]","[-3,-1,-1,0,0,1,2,2,0,0,0,2,1,2,2,0,0,1,0,1,1,1,1,0,1,2,-1,1,-1,-1,0,2,2,-1,0,0]",t^8+36t^6+121t^4+79t^2,"[-3,-1,-1,0,0,1,2,2,2,2,1,3,3,3,3,0,0,0,2,1,2,0,1,2,2,2,-1,1,0,0,0,3,3,1,2,0]","[-2,-2,-1,0,0,1,1,3,0,1,0,3,1,2,3,2,0,3,2,2,3,1,0,2,2,3,1,0,0,1,0,1,3,0,2,2]","[-3,-1,-1,0,0,1,2,2,0,0,0,2,1,2,2,0,0,1,0,1,1,1,1,0,1,2,-1,1,-1,-1,0,2,2,-1,0,0]",c,"[[{8, 1}, {2, 7}, {3, 6}, {4, 5}], [{8, 1}, {2, 7}, {4, 6}, {3, 5}], [{8, 1}, {2, 7}, {5, 6}, {3, 4}], [{8, 1}, {2, 7}, {6}, {4, 5}, {3}], [{8, 1}, {3, 7}, {2, 6}, {4, 5}], [{8, 1}, {3, 7}, {4, 6}, {2, 5}], [{8, 1}, {3, 7}, {5, 6}, {2, 4}], [{8, 1}, {4, 7}, {2, 6}, {3, 5}], [{8, 1}, {4, 7}, {3, 6}, {2, 5}], [{8, 1}, {4, 7}, {5, 6}, {2, 3}], [{8, 1}, {4, 7}, {5, 6}, {3}, {2}], [{8, 1}, {5, 7}, {2, 6}, {3, 4}], [{8, 1}, {5, 7}, {2, 6}, {4}, {3}], [{8, 1}, {5, 7}, {3, 6}, {2, 4}], [{8, 1}, {5, 7}, {4, 6}, {2, 3}], [{8, 1}, {6, 7}, {2, 5}, {3, 4}], [{8, 1}, {6, 7}, {3, 5}, {2, 4}], [{8, 1}, {6, 7}, {4, 5}, {2, 3}], [{8, 2}, {1, 7}, {3, 6}, {4, 5}], [{8, 2}, {1, 7}, {4, 6}, {3, 5}], [{8, 2}, {1, 7}, {4, 6}, {5}, {3}], [{8, 2}, {1, 7}, {5, 6}, {3, 4}], [{8, 2}, {3, 7}, {1, 6}, {4, 5}], [{8, 2}, {3, 7}, {4, 6}, {1, 5}], [{8, 2}, {3, 7}, {4, 6}, {5}, {1}], [{8, 2}, {3, 7}, {5, 6}, {1, 4}], [{8, 2}, {4, 7}, {1, 6}, {3, 5}], [{8, 2}, {4, 7}, {3, 6}, {1, 5}], [{8, 2}, {4, 7}, {5, 6}, {1, 3}], [{8, 2}, {5, 7}, {1, 6}, {3, 4}], [{8, 2}, {5, 7}, {1, 6}, {4}, {3}], [{8, 2}, {5, 7}, {3, 6}, {1, 4}], [{8, 2}, {5, 7}, {4, 6}, {1, 3}], [{8, 2}, {6, 7}, {1, 5}, {3, 4}], [{8, 2}, {6, 7}, {3, 5}, {1, 4}], [{8, 2}, {6, 7}, {4, 5}, {1, 3}], [{8, 2}, {6, 7}, {4, 5}, {3}, {1}], [{8, 2}, {7}, {4, 6}, {5}, {1, 3}], [{8, 3}, {1, 7}, {2, 6}, {4, 5}], [{8, 3}, {1, 7}, {4, 6}, {2, 5}], [{8, 3}, {1, 7}, {4, 6}, {5}, {2}], [{8, 3}, {1, 7}, {5, 6}, {2, 4}], [{8, 3}, {2, 7}, {1, 6}, {4, 5}], [{8, 3}, {2, 7}, {4, 6}, {1, 5}], [{8, 3}, {2, 7}, {5, 6}, {1, 4}], [{8, 3}, {4, 7}, {1, 6}, {2, 5}], [{8, 3}, {4, 7}, {1, 6}, {5}, {2}], [{8, 3}, {4, 7}, {2, 6}, {1, 5}], [{8, 3}, {4, 7}, {5, 6}, {1, 2}], [{8, 3}, {5, 7}, {1, 6}, {2, 4}], [{8, 3}, {5, 7}, {2, 6}, {1, 4}], [{8, 3}, {5, 7}, {4, 6}, {1, 2}], [{8, 3}, {6, 7}, {1, 5}, {2, 4}], [{8, 3}, {6, 7}, {2, 5}, {1, 4}], [{8, 3}, {6, 7}, {4, 5}, {1, 2}], [{8, 3}, {6, 7}, {5}, {2, 4}, {1}], [{8, 4}, {1, 7}, {2, 6}, {3, 5}], [{8, 4}, {1, 7}, {3, 6}, {2, 5}], [{8, 4}, {1, 7}, {5, 6}, {2, 3}], [{8, 4}, {1, 7}, {5, 6}, {3}, {2}], [{8, 4}, {2, 7}, {1, 6}, {3, 5}], [{8, 4}, {2, 7}, {3, 6}, {1, 5}], [{8, 4}, {2, 7}, {5, 6}, {1, 3}], [{8, 4}, {2, 7}, {5, 6}, {3}, {1}], [{8, 4}, {3, 7}, {1, 6}, {2, 5}], [{8, 4}, {3, 7}, {2, 6}, {1, 5}], [{8, 4}, {3, 7}, {5, 6}, {1, 2}], [{8, 4}, {5, 7}, {1, 6}, {2, 3}], [{8, 4}, {5, 7}, {2, 6}, {1, 3}], [{8, 4}, {5, 7}, {3, 6}, {1, 2}], [{8, 4}, {5, 7}, {6}, {3}, {1, 2}], [{8, 4}, {6, 7}, {1, 5}, {2, 3}], [{8, 4}, {6, 7}, {2, 5}, {1, 3}], [{8, 4}, {6, 7}, {3, 5}, {1, 2}], [{8, 4}, {6, 7}, {5}, {3}, {1, 2}], [{8, 4}, {7}, {5, 6}, {3}, {1, 2}], [{8, 5}, {1, 7}, {2, 6}, {3, 4}], [{8, 5}, {1, 7}, {2, 6}, {4}, {3}], [{8, 5}, {1, 7}, {3, 6}, {2, 4}], [{8, 5}, {1, 7}, {3, 6}, {4}, {2}], [{8, 5}, {1, 7}, {4, 6}, {2, 3}], [{8, 5}, {1, 7}, {4, 6}, {3}, {2}], [{8, 5}, {1, 7}, {6}, {2, 4}, {3}], [{8, 5}, {1, 7}, {6}, {3, 4}, {2}], [{8, 5}, {1, 7}, {6}, {4}, {2, 3}], [{8, 5}, {1, 7}, {6}, {4}, {3}, {2}], [{8, 5}, {2, 7}, {1, 6}, {3, 4}], [{8, 5}, {2, 7}, {3, 6}, {1, 4}], [{8, 5}, {2, 7}, {4, 6}, {1, 3}], [{8, 5}, {2, 7}, {6}, {1, 4}, {3}], [{8, 5}, {2, 7}, {6}, {3, 4}, {1}], [{8, 5}, {2, 7}, {6}, {4}, {1, 3}], [{8, 5}, {3, 7}, {1, 6}, {2, 4}], [{8, 5}, {3, 7}, {1, 6}, {4}, {2}], [{8, 5}, {3, 7}, {2, 6}, {1, 4}], [{8, 5}, {3, 7}, {2, 6}, {4}, {1}], [{8, 5}, {3, 7}, {4, 6}, {1, 2}], [{8, 5}, {3, 7}, {4, 6}, {2}, {1}], [{8, 5}, {3, 7}, {6}, {1, 4}, {2}], [{8, 5}, {3, 7}, {6}, {2, 4}, {1}], [{8, 5}, {3, 7}, {6}, {4}, {1, 2}], [{8, 5}, {3, 7}, {6}, {4}, {2}, {1}], [{8, 5}, {4, 7}, {1, 6}, {2, 3}], [{8, 5}, {4, 7}, {2, 6}, {1, 3}], [{8, 5}, {4, 7}, {3, 6}, {1, 2}], [{8, 5}, {4, 7}, {6}, {1, 3}, {2}], [{8, 5}, {4, 7}, {6}, {2, 3}, {1}], [{8, 5}, {4, 7}, {6}, {3}, {1, 2}], [{8, 5}, {6, 7}, {1, 4}, {2, 3}], [{8, 5}, {6, 7}, {2, 4}, {1, 3}], [{8, 5}, {6, 7}, {3, 4}, {1, 2}], [{8, 5}, {6, 7}, {4}, {1, 3}, {2}], [{8, 5}, {7}, {2, 6}, {4}, {1, 3}], [{8, 5}, {7}, {4, 6}, {1, 3}, {2}], [{8, 5}, {7}, {6}, {1, 4}, {2, 3}], [{8, 5}, {7}, {6}, {2, 4}, {1, 3}], [{8, 5}, {7}, {6}, {3, 4}, {1, 2}], [{8, 5}, {7}, {6}, {4}, {1, 3}, {2}], [{8, 6}, {1, 7}, {2, 5}, {3, 4}], [{8, 6}, {1, 7}, {3, 5}, {2, 4}], [{8, 6}, {1, 7}, {4, 5}, {2, 3}], [{8, 6}, {1, 7}, {4, 5}, {3}, {2}], [{8, 6}, {2, 7}, {1, 5}, {3, 4}], [{8, 6}, {2, 7}, {1, 5}, {4}, {3}], [{8, 6}, {2, 7}, {3, 5}, {1, 4}], [{8, 6}, {2, 7}, {4, 5}, {1, 3}], [{8, 6}, {3, 7}, {1, 5}, {2, 4}], [{8, 6}, {3, 7}, {2, 5}, {1, 4}], [{8, 6}, {3, 7}, {4, 5}, {1, 2}], [{8, 6}, {4, 7}, {1, 5}, {2, 3}], [{8, 6}, {4, 7}, {2, 5}, {1, 3}], [{8, 6}, {4, 7}, {3, 5}, {1, 2}], [{8, 6}, {5, 7}, {1, 4}, {2, 3}], [{8, 6}, {5, 7}, {2, 4}, {1, 3}], [{8, 6}, {5, 7}, {2, 4}, {3}, {1}], [{8, 6}, {5, 7}, {3, 4}, {1, 2}], [{8, 6}, {7}, {1, 5}, {3, 4}, {2}], [{8, 7}, {1, 6}, {2, 5}, {3, 4}], [{8, 7}, {1, 6}, {3, 5}, {2, 4}], [{8, 7}, {1, 6}, {4, 5}, {2, 3}], [{8, 7}, {1, 6}, {5}, {2, 4}, {3}], [{8, 7}, {2, 6}, {1, 5}, {3, 4}], [{8, 7}, {2, 6}, {1, 5}, {4}, {3}], [{8, 7}, {2, 6}, {3, 5}, {1, 4}], [{8, 7}, {2, 6}, {4, 5}, {1, 3}], [{8, 7}, {3, 6}, {1, 5}, {2, 4}], [{8, 7}, {3, 6}, {2, 5}, {1, 4}], [{8, 7}, {3, 6}, {4, 5}, {1, 2}], [{8, 7}, {4, 6}, {1, 5}, {2, 3}], [{8, 7}, {4, 6}, {2, 5}, {1, 3}], [{8, 7}, {4, 6}, {3, 5}, {1, 2}], [{8, 7}, {5, 6}, {1, 4}, {2, 3}], [{8, 7}, {5, 6}, {2, 4}, {1, 3}], [{8, 7}, {5, 6}, {3, 4}, {1, 2}], [{8, 7}, {5, 6}, {3, 4}, {2}, {1}], [{8, 7}, {6}, {3, 5}, {2, 4}, {1}], [{8}, {1, 7}, {4, 6}, {2, 5}, {3}], [{8}, {1, 7}, {4, 6}, {3, 5}, {2}], [{8}, {1, 7}, {4, 6}, {5}, {2, 3}], [{8}, {1, 7}, {4, 6}, {5}, {3}, {2}], [{8}, {2, 7}, {3, 6}, {4, 5}, {1}], [{8}, {3, 7}, {4, 6}, {2, 5}, {1}], [{8}, {4, 7}, {1, 6}, {2, 5}, {3}], [{8}, {7}, {4, 6}, {2, 5}, {1, 3}]]",2,12 K_1^3 + 4 K_1^2 K_2 - 14 K_1^2 - 14 K_1 K_2 - 2 K_1 K_3 - 2 K_1 - 2 K_2^2 + 6 K_2 + 4 K_3 + K_4 + 8,O1O2O3O4U5U6O5U7O6O8U4U1U3U8O7U2,O1O2O3O4U1U5O6U7O5O7U4U2U8U3O8U6,O1O2O3O4U5O6U2U6U3U1O7O8U7O5U8U4,c,{'O1O2O3O4U3O5U6U2U4U1O6O7U5O8U7U8'},1,"<a href=""/flatknot/8.733793"">8.733793</a>",t^9-38t^7-70t^6+145t^5+256t^4-133t^3-260t^2-19t+36,t^3-2t^2+t,,
8.733794,O1O2O3O4U3O5U6U2U4U7O6O8U1O7U8U5,4,2z^3+30z^2+109z+115,2w^4z^3+30w^3z^2+109w^2z+115w,False,False,"[[ 0 -1 -1 -1  2  3 -3  1  0],[ 1  0  0 -1  3  3 -1  2  0],[ 1  0  0  0  2  1  0  2  0],[ 1  1  0  0  1  1  0  1  0],[-2 -3 -2 -1  0  0 -2 -1  0],[-3 -3 -1 -1  0  0 -4 -1 -1],[ 3  1  0  0  2  4  0  3  1],[-1 -2 -2 -1  1  1 -3  0  0],[ 0  0  0  0  0  1 -1  0  0]]","[[ 0  3  2  1  0 -1 -1 -1 -3],[-3  0  0 -1 -1 -1 -1 -3 -4],[-2  0  0 -1  0 -1 -2 -3 -2],[-1  1  1  0  0 -1 -2 -2 -3],[ 0  1  0  0  0  0  0  0 -1],[ 1  1  1  1  0  0  0  1  0],[ 1  1  2  2  0  0  0  0  0],[ 1  3  3  2  0 -1  0  0 -1],[ 3  4  2  3  1  0  0  1  0]]",True,"[-3,-2,-1,0,1,1,1,3,0,1,1,1,1,3,4,1,0,1,2,3,2,0,1,2,2,3,0,0,0,1,0,-1,0,0,0,1]","[-3,-2,-1,0,1,1,1,3,0,1,1,1,1,3,4,1,0,1,2,3,2,0,1,2,2,3,0,0,0,1,0,-1,0,0,0,1]",t^8+69t^6+255t^4+165t^2+4,"[-3,-1,-1,-1,0,1,2,3,1,2,2,2,1,3,2,0,1,1,0,0,1,0,1,0,1,3,1,1,2,3,1,2,2,0,1,1]","[-3,-2,-1,0,1,1,1,3,1,1,2,1,3,3,2,0,2,0,1,2,3,1,0,0,1,1,1,1,1,2,0,-1,1,0,2,2]","[-3,-1,-1,-1,0,1,2,3,0,0,1,1,3,2,4,0,0,0,2,2,1,1,0,1,1,1,0,2,3,3,0,0,1,1,1,0]",c,"[[{8, 2}, {1, 7}, {5, 6}, {3, 4}], [{8, 3}, {1, 7}, {5, 6}, {2, 4}], [{8, 4}, {1, 7}, {5, 6}, {2, 3}], [{8}, {1, 7}, {5, 6}, {2, 4}, {3}], [{8}, {1, 7}, {5, 6}, {3, 4}, {2}], [{8}, {1, 7}, {5, 6}, {4}, {2, 3}]]",1,4 K_1^3 - 12 K_1^2 - 12 K_1 K_2 - 2 K_1 K_3 + 3 K_1 - 2 K_2^2 + 7 K_2 + 5 K_3 + 2 K_4 + 8,O1O2O3O4U5U6O7U4O6O8U7U1U3U8O5U2,O1O2O3O4U1U5O6U4O5O7U6U2U8U3O8U7,O1O2O3O4U5O6U2U6U3U7O5O8U1O7U8U4,c,{'O1O2O3O4U3O5U6U2U4U7O6O8U1O7U8U5'},1,"<a href=""/flatknot/8.733794"">8.733794</a>",t^9-67t^7-146t^6+200t^5+526t^4+120t^3-172t^2-68t,-t^2+2t,,
8.733795,O1O2O3O4U3O5U6U2U4U7O6O8U5O7U1U8,4,2z^3+32z^2+103z+95,2w^4z^3-4w^4z^2+36w^3z^2-4w^3z+107w^2z+95w,False,False,"[[ 0 -1 -1 -1  2  2 -3  1  1],[ 1  0 -1 -1  2  3 -2  1  1],[ 1  1  0  0  2  1  0  1  1],[ 1  1  0  0  1  1  0  1  0],[-2 -2 -2 -1  0  0 -2 -2  1],[-2 -3 -1 -1  0  0 -2 -1  0],[ 3  2  0  0  2  2  0  3  2],[-1 -1 -1 -1  2  1 -3  0  1],[-1 -1 -1  0 -1  0 -2 -1  0]]","[[ 0  2  2  1  1 -1 -1 -1 -3],[-2  0  0  1 -2 -1 -2 -2 -2],[-2  0  0  0 -1 -1 -1 -3 -2],[-1 -1  0  0 -1  0 -1 -1 -2],[-1  2  1  1  0 -1 -1 -1 -3],[ 1  1  1  0  1  0  0  1  0],[ 1  2  1  1  1  0  0  1  0],[ 1  2  3  1  1 -1 -1  0 -2],[ 3  2  2  2  3  0  0  2  0]]",True,"[-2,-2,-1,-1,1,1,1,3,0,-1,2,1,2,2,2,0,1,1,1,3,2,1,0,1,1,2,1,1,1,3,0,-1,0,-1,0,2]","[-3,-1,-1,-1,1,1,2,2,0,0,2,2,3,2,2,0,1,0,1,1,1,1,1,1,1,2,1,1,3,2,-1,0,-1,1,2,0]",t^8+59t^6+219t^4+204t^2+16,"[-3,-1,-1,-1,1,1,2,2,0,2,2,1,2,3,3,1,1,1,1,0,1,0,1,1,2,1,1,2,2,2,-1,0,-1,1,2,0]","[-2,-2,-1,-1,1,1,1,3,0,-1,2,1,1,2,3,0,1,0,2,2,3,1,1,1,1,1,1,1,2,2,-1,-1,0,0,2,2]","[-3,-1,-1,-1,1,1,2,2,0,0,2,2,3,2,2,0,1,0,1,1,1,1,1,1,1,2,1,1,3,2,-1,0,-1,1,2,0]",c,"[[{8, 1}, {2, 7}, {3, 6}, {4, 5}], [{8, 1}, {2, 7}, {4, 6}, {3, 5}], [{8, 1}, {2, 7}, {5, 6}, {3, 4}], [{8, 1}, {2, 7}, {6}, {5}, {3, 4}], [{8, 1}, {3, 7}, {2, 6}, {4, 5}], [{8, 1}, {3, 7}, {4, 6}, {2, 5}], [{8, 1}, {3, 7}, {5, 6}, {2, 4}], [{8, 1}, {3, 7}, {6}, {5}, {2, 4}], [{8, 1}, {4, 7}, {2, 6}, {3, 5}], [{8, 1}, {4, 7}, {3, 6}, {2, 5}], [{8, 1}, {4, 7}, {5, 6}, {2, 3}], [{8, 1}, {5, 7}, {2, 6}, {3, 4}], [{8, 1}, {5, 7}, {3, 6}, {2, 4}], [{8, 1}, {5, 7}, {3, 6}, {4}, {2}], [{8, 1}, {5, 7}, {4, 6}, {2, 3}], [{8, 1}, {6, 7}, {2, 5}, {3, 4}], [{8, 1}, {6, 7}, {3, 5}, {2, 4}], [{8, 1}, {6, 7}, {4, 5}, {2, 3}], [{8, 1}, {6, 7}, {5}, {3, 4}, {2}], [{8, 1}, {7}, {2, 6}, {5}, {3, 4}], [{8, 2}, {1, 7}, {3, 6}, {4, 5}], [{8, 2}, {1, 7}, {3, 6}, {5}, {4}], [{8, 2}, {1, 7}, {4, 6}, {3, 5}], [{8, 2}, {1, 7}, {5, 6}, {3, 4}], [{8, 2}, {3, 7}, {1, 6}, {4, 5}], [{8, 2}, {3, 7}, {1, 6}, {5}, {4}], [{8, 2}, {3, 7}, {4, 6}, {1, 5}], [{8, 2}, {3, 7}, {5, 6}, {1, 4}], [{8, 2}, {4, 7}, {1, 6}, {3, 5}], [{8, 2}, {4, 7}, {3, 6}, {1, 5}], [{8, 2}, {4, 7}, {5, 6}, {1, 3}], [{8, 2}, {4, 7}, {6}, {3, 5}, {1}], [{8, 2}, {5, 7}, {1, 6}, {3, 4}], [{8, 2}, {5, 7}, {3, 6}, {1, 4}], [{8, 2}, {5, 7}, {4, 6}, {1, 3}], [{8, 2}, {5, 7}, {6}, {3, 4}, {1}], [{8, 2}, {6, 7}, {1, 5}, {3, 4}], [{8, 2}, {6, 7}, {3, 5}, {1, 4}], [{8, 2}, {6, 7}, {4, 5}, {1, 3}], [{8, 2}, {6, 7}, {5}, {4}, {1, 3}], [{8, 3}, {1, 7}, {2, 6}, {4, 5}], [{8, 3}, {1, 7}, {4, 6}, {2, 5}], [{8, 3}, {1, 7}, {5, 6}, {2, 4}], [{8, 3}, {1, 7}, {6}, {2, 5}, {4}], [{8, 3}, {2, 7}, {1, 6}, {4, 5}], [{8, 3}, {2, 7}, {1, 6}, {5}, {4}], [{8, 3}, {2, 7}, {4, 6}, {1, 5}], [{8, 3}, {2, 7}, {5, 6}, {1, 4}], [{8, 3}, {4, 7}, {1, 6}, {2, 5}], [{8, 3}, {4, 7}, {1, 6}, {5}, {2}], [{8, 3}, {4, 7}, {2, 6}, {1, 5}], [{8, 3}, {4, 7}, {5, 6}, {1, 2}], [{8, 3}, {5, 7}, {1, 6}, {2, 4}], [{8, 3}, {5, 7}, {1, 6}, {4}, {2}], [{8, 3}, {5, 7}, {2, 6}, {1, 4}], [{8, 3}, {5, 7}, {4, 6}, {1, 2}], [{8, 3}, {6, 7}, {1, 5}, {2, 4}], [{8, 3}, {6, 7}, {2, 5}, {1, 4}], [{8, 3}, {6, 7}, {2, 5}, {4}, {1}], [{8, 3}, {6, 7}, {4, 5}, {1, 2}], [{8, 3}, {7}, {1, 6}, {2, 5}, {4}], [{8, 3}, {7}, {1, 6}, {4, 5}, {2}], [{8, 3}, {7}, {1, 6}, {5}, {2, 4}], [{8, 3}, {7}, {1, 6}, {5}, {4}, {2}], [{8, 4}, {1, 7}, {2, 6}, {3, 5}], [{8, 4}, {1, 7}, {3, 6}, {2, 5}], [{8, 4}, {1, 7}, {5, 6}, {2, 3}], [{8, 4}, {2, 7}, {1, 6}, {3, 5}], [{8, 4}, {2, 7}, {3, 6}, {1, 5}], [{8, 4}, {2, 7}, {5, 6}, {1, 3}], [{8, 4}, {3, 7}, {1, 6}, {2, 5}], [{8, 4}, {3, 7}, {2, 6}, {1, 5}], [{8, 4}, {3, 7}, {5, 6}, {1, 2}], [{8, 4}, {5, 7}, {1, 6}, {2, 3}], [{8, 4}, {5, 7}, {2, 6}, {1, 3}], [{8, 4}, {5, 7}, {3, 6}, {1, 2}], [{8, 4}, {5, 7}, {6}, {3}, {1, 2}], [{8, 4}, {6, 7}, {1, 5}, {2, 3}], [{8, 4}, {6, 7}, {2, 5}, {1, 3}], [{8, 4}, {6, 7}, {3, 5}, {1, 2}], [{8, 4}, {7}, {1, 6}, {2, 5}, {3}], [{8, 5}, {1, 7}, {2, 6}, {3, 4}], [{8, 5}, {1, 7}, {2, 6}, {4}, {3}], [{8, 5}, {1, 7}, {3, 6}, {2, 4}], [{8, 5}, {1, 7}, {4, 6}, {2, 3}], [{8, 5}, {2, 7}, {1, 6}, {3, 4}], [{8, 5}, {2, 7}, {3, 6}, {1, 4}], [{8, 5}, {2, 7}, {3, 6}, {4}, {1}], [{8, 5}, {2, 7}, {4, 6}, {1, 3}], [{8, 5}, {3, 7}, {1, 6}, {2, 4}], [{8, 5}, {3, 7}, {2, 6}, {1, 4}], [{8, 5}, {3, 7}, {4, 6}, {1, 2}], [{8, 5}, {4, 7}, {1, 6}, {2, 3}], [{8, 5}, {4, 7}, {2, 6}, {1, 3}], [{8, 5}, {4, 7}, {3, 6}, {1, 2}], [{8, 5}, {4, 7}, {6}, {1, 3}, {2}], [{8, 5}, {4, 7}, {6}, {2, 3}, {1}], [{8, 5}, {4, 7}, {6}, {3}, {1, 2}], [{8, 5}, {6, 7}, {1, 4}, {2, 3}], [{8, 5}, {6, 7}, {2, 4}, {1, 3}], [{8, 5}, {6, 7}, {3, 4}, {1, 2}], [{8, 5}, {6, 7}, {3, 4}, {2}, {1}], [{8, 5}, {6, 7}, {4}, {3}, {1, 2}], [{8, 5}, {7}, {1, 6}, {2, 4}, {3}], [{8, 5}, {7}, {4, 6}, {3}, {1, 2}], [{8, 6}, {1, 7}, {2, 5}, {3, 4}], [{8, 6}, {1, 7}, {3, 5}, {2, 4}], [{8, 6}, {1, 7}, {4, 5}, {2, 3}], [{8, 6}, {1, 7}, {5}, {2, 4}, {3}], [{8, 6}, {2, 7}, {1, 5}, {3, 4}], [{8, 6}, {2, 7}, {3, 5}, {1, 4}], [{8, 6}, {2, 7}, {4, 5}, {1, 3}], [{8, 6}, {2, 7}, {5}, {1, 4}, {3}], [{8, 6}, {3, 7}, {1, 5}, {2, 4}], [{8, 6}, {3, 7}, {2, 5}, {1, 4}], [{8, 6}, {3, 7}, {4, 5}, {1, 2}], [{8, 6}, {4, 7}, {1, 5}, {2, 3}], [{8, 6}, {4, 7}, {2, 5}, {1, 3}], [{8, 6}, {4, 7}, {3, 5}, {1, 2}], [{8, 6}, {4, 7}, {5}, {3}, {1, 2}], [{8, 6}, {5, 7}, {1, 4}, {2, 3}], [{8, 6}, {5, 7}, {2, 4}, {1, 3}], [{8, 6}, {5, 7}, {3, 4}, {1, 2}], [{8, 6}, {5, 7}, {4}, {1, 3}, {2}], [{8, 6}, {7}, {1, 5}, {3, 4}, {2}], [{8, 7}, {1, 6}, {2, 5}, {3, 4}], [{8, 7}, {1, 6}, {3, 5}, {2, 4}], [{8, 7}, {1, 6}, {4, 5}, {2, 3}], [{8, 7}, {1, 6}, {5}, {4}, {2, 3}], [{8, 7}, {2, 6}, {1, 5}, {3, 4}], [{8, 7}, {2, 6}, {3, 5}, {1, 4}], [{8, 7}, {2, 6}, {4, 5}, {1, 3}], [{8, 7}, {2, 6}, {5}, {4}, {1, 3}], [{8, 7}, {3, 6}, {1, 5}, {2, 4}], [{8, 7}, {3, 6}, {2, 5}, {1, 4}], [{8, 7}, {3, 6}, {4, 5}, {1, 2}], [{8, 7}, {3, 6}, {5}, {4}, {1, 2}], [{8, 7}, {4, 6}, {1, 5}, {2, 3}], [{8, 7}, {4, 6}, {2, 5}, {1, 3}], [{8, 7}, {4, 6}, {3, 5}, {1, 2}], [{8, 7}, {5, 6}, {1, 4}, {2, 3}], [{8, 7}, {5, 6}, {2, 4}, {1, 3}], [{8, 7}, {5, 6}, {3, 4}, {1, 2}], [{8, 7}, {6}, {1, 5}, {3, 4}, {2}], [{8}, {1, 7}, {4, 6}, {2, 5}, {3}], [{8}, {1, 7}, {4, 6}, {3, 5}, {2}], [{8}, {1, 7}, {4, 6}, {5}, {2, 3}], [{8}, {1, 7}, {5, 6}, {3, 4}, {2}], [{8}, {3, 7}, {4, 6}, {1, 5}, {2}], [{8}, {3, 7}, {5, 6}, {1, 4}, {2}], [{8}, {4, 7}, {5, 6}, {3}, {1, 2}], [{8}, {6, 7}, {1, 5}, {3, 4}, {2}], [{8}, {6, 7}, {3, 5}, {1, 4}, {2}], [{8}, {7}, {1, 6}, {2, 5}, {3, 4}], [{8}, {7}, {1, 6}, {3, 5}, {2, 4}]]",2,8 K_1^3 + 4 K_1^2 K_2 - 8 K_1^2 - 14 K_1 K_2 + K_1 - 4 K_2^2 + 2 K_2 + 5 K_3 + K_4 + 6,O1O2O3O4U5U4O6U7O5O8U6U1U3U8O7U2,O1O2O3O4U1U5O6U4O7O5U7U2U8U3O8U6,O1O2O3O4U5O6U2U6U3U7O8O7U1O5U8U4,c,{'O1O2O3O4U3O5U6U2U4U7O6O8U5O7U1U8'},1,"<a href=""/flatknot/8.733795"">8.733795</a>",t^9-61t^7-190t^6+83t^5+542t^4+43t^3-330t^2-23t+4,t^3-2t^2+t,,
8.733796,O1O2O3O4U3O5U6U2U7U1O6O7U4O8U5U8,4,2z^3+24z^2+103z+127,2w^4z^3+24w^3z^2+103w^2z+127w,False,False,"[[ 0  0 -1 -1  2  2 -3  0  1],[ 0  0  0  0  1  1 -1  1  1],[ 1  0  0  0  1  1  1  2  1],[ 1  0  0  0  1  1  1  1  0],[-2 -1 -1 -1  0  1 -3 -1  1],[-2 -1 -1 -1 -1  0 -3 -1  1],[ 3  1 -1 -1  3  3  0  2  1],[ 0 -1 -2 -1  1  1 -2  0  1],[-1 -1 -1  0 -1 -1 -1 -1  0]]","[[ 0  2  2  1  0  0 -1 -1 -3],[-2  0  1  1 -1 -1 -1 -1 -3],[-2 -1  0  1 -1 -1 -1 -1 -3],[-1 -1 -1  0 -1 -1  0 -1 -1],[ 0  1  1  1  0  1  0  0 -1],[ 0  1  1  1 -1  0 -1 -2 -2],[ 1  1  1  0  0  1  0  0  1],[ 1  1  1  1  0  2  0  0  1],[ 3  3  3  1  1  2 -1 -1  0]]",True,"[-2,-2,-1,0,0,1,1,3,-1,-1,1,1,1,1,3,-1,1,1,1,1,3,1,1,0,1,1,-1,0,0,1,1,2,2,0,-1,-1]","[-3,-1,-1,0,0,1,2,2,-1,-1,1,2,1,3,3,0,0,1,0,1,1,0,2,1,1,1,1,1,1,1,1,1,1,-1,-1,-1]",t^8+46t^6+121t^4+45t^2+1,"[-3,-1,-1,0,0,1,2,2,3,3,1,2,3,2,2,0,-1,1,1,2,2,0,1,2,2,2,1,0,1,1,0,1,1,2,2,-1]","[-2,-2,-1,0,0,1,1,3,-1,2,1,1,2,2,2,2,1,1,2,2,2,0,0,1,2,3,-1,-1,0,1,1,1,2,0,3,3]","[-3,-1,-1,0,0,1,2,2,-1,-1,1,2,1,3,3,0,0,1,0,1,1,0,2,1,1,1,1,1,1,1,1,1,1,-1,-1,-1]",c,"[[{8, 1}, {2, 7}, {3, 6}, {4, 5}], [{8, 1}, {2, 7}, {4, 6}, {3, 5}], [{8, 2}, {1, 7}, {3, 6}, {4, 5}], [{8, 2}, {1, 7}, {4, 6}, {3, 5}], [{8, 2}, {1, 7}, {5, 6}, {3, 4}], [{8, 6}, {3, 7}, {2, 5}, {1, 4}]]",1,16 K_1^3 + 4 K_1^2 K_2 - 20 K_1^2 - 22 K_1 K_2 - 4 K_1 K_3 - K_1 + 10 K_2 + 7 K_3 + K_4 + 10,O1O2O3O4U5U6O5U1O7O8U4U7U3U8O6U2,O1O2O3O4U1U3O5U6O7O6U4U2U8U5O8U7,O1O2O3O4U5O6U7U6U3U1O8O5U8O7U2U4,c,{'O1O2O3O4U3O5U6U2U7U1O6O7U4O8U5U8'},1,"<a href=""/flatknot/8.733796"">8.733796</a>",t^9-48t^7-154t^6-135t^5+30t^4+147t^3+130t^2+19t-22,t^3-2t^2+t,,
8.733797,O1O2O3O4U3O5U6U2U7U1O6O7U5O8U4U8,4,4z^3+41z^2+114z+97,4w^4z^3+41w^3z^2+114w^2z+97w,False,False,"[[ 0  0 -1 -1  2  2 -3  0  1],[ 0  0  0  0  2  0 -1  1  1],[ 1  0  0  0  2  0  1  2  1],[ 1  0  0  0  1  0  1  1  1],[-2 -2 -2 -1  0  0 -3 -1  1],[-2  0  0  0  0  0 -3 -1  0],[ 3  1 -1 -1  3  3  0  2  1],[ 0 -1 -2 -1  1  1 -2  0  1],[-1 -1 -1 -1 -1  0 -1 -1  0]]","[[ 0  2  2  1  0  0 -1 -1 -3],[-2  0  0  1 -1 -2 -1 -2 -3],[-2  0  0  0 -1  0  0  0 -3],[-1 -1  0  0 -1 -1 -1 -1 -1],[ 0  1  1  1  0 -1 -1 -2 -2],[ 0  2  0  1  1  0  0  0 -1],[ 1  1  0  1  1  0  0  0  1],[ 1  2  0  1  2  0  0  0  1],[ 3  3  3  1  2  1 -1 -1  0]]",True,"[-2,-2,-1,0,0,1,1,3,0,-1,1,2,1,2,3,0,1,0,0,0,3,1,1,1,1,1,1,1,2,2,0,0,1,0,-1,-1]","[-3,-1,-1,0,0,1,2,2,-1,-1,1,2,1,3,3,0,0,1,1,0,1,0,2,1,0,2,1,1,0,2,1,1,1,0,-1,0]",t^8+48t^6+257t^4+51t^2+1,"[-3,-1,-1,0,0,1,2,2,3,3,1,2,3,2,2,0,-1,1,1,1,3,0,1,1,2,3,1,0,1,1,0,0,2,2,1,0]","[-2,-2,-1,0,0,1,1,3,0,1,1,2,3,3,2,2,1,0,1,2,2,0,0,1,1,3,-1,-1,0,1,1,1,2,0,3,3]","[-3,-1,-1,0,0,1,2,2,-1,-1,1,2,1,3,3,0,0,1,1,0,1,0,2,1,0,2,1,1,0,2,1,1,1,0,-1,0]",c,"[[{8, 2}, {1, 7}, {3, 6}, {4, 5}], [{8, 2}, {1, 7}, {4, 6}, {3, 5}], [{8, 2}, {1, 7}, {5, 6}, {3, 4}]]",1,16 K_1^3 + 4 K_1^2 K_2 - 12 K_1^2 - 10 K_1 K_2 - 4 K_1 K_3 - 7 K_1 + 6 K_2 + K_3 + K_4 + 6,O1O2O3O4U5U1O5U6O7O8U4U7U3U8O6U2,O1O2O3O4U1U3O5U6O7O6U4U2U8U7O8U5,O1O2O3O4U5O6U7U6U3U1O8O7U8O5U2U4,c,{'O1O2O3O4U3O5U6U2U7U1O6O7U5O8U4U8'},1,"<a href=""/flatknot/8.733797"">8.733797</a>",t^9-50t^7-128t^6+81t^5+334t^4+143t^3-124t^2+12t+6,t^3-2t^2+t,,
8.733798,O1O2O3O4U3O5U6U2U7U8O6O7U1O8U5U4,4,4z^3+35z^2+108z+109,4w^4z^3+35w^3z^2+108w^2z+109w,False,False,"[[ 0 -1 -1 -1  3  2 -3  0  1],[ 1  0  1  0  3  1 -1  2  3],[ 1 -1  0  0  2  0  1  2  2],[ 1  0  0  0  1  0  1  1  1],[-3 -3 -2 -1  0  0 -5 -3 -1],[-2 -1  0  0  0  0 -4 -2  0],[ 3  1 -1 -1  5  4  0  2  2],[ 0 -2 -2 -1  3  2 -2  0  0],[-1 -3 -2 -1  1  0 -2  0  0]]","[[ 0  3  2  1  0 -1 -1 -1 -3],[-3  0  0 -1 -3 -1 -2 -3 -5],[-2  0  0  0 -2  0  0 -1 -4],[-1  1  0  0  0 -1 -2 -3 -2],[ 0  3  2  0  0 -1 -2 -2 -2],[ 1  1  0  1  1  0  0  0  1],[ 1  2  0  2  2  0  0 -1  1],[ 1  3  1  3  2  0  1  0 -1],[ 3  5  4  2  2 -1 -1  1  0]]",True,"[-3,-2,-1,0,1,1,1,3,0,1,3,1,2,3,5,0,2,0,0,1,4,0,1,2,3,2,1,2,2,2,0,0,-1,1,-1,1]","[-3,-2,-1,0,1,1,1,3,0,1,3,1,2,3,5,0,2,0,0,1,4,0,1,2,3,2,1,2,2,2,0,0,-1,1,-1,1]",t^8+105t^6+1133t^4+324t^2+4,"[-3,-1,-1,-1,0,1,2,3,1,3,3,1,2,1,1,-1,0,-1,-1,2,1,0,-1,0,3,2,0,1,3,3,1,0,0,1,1,1]","[-3,-2,-1,0,1,1,1,3,1,1,0,1,2,3,1,1,0,2,3,3,1,1,-1,0,1,2,-1,-1,0,1,1,0,1,0,3,3]","[-3,-1,-1,-1,0,1,2,3,-1,-1,1,2,2,4,5,0,-1,2,2,0,2,0,1,1,0,1,2,3,1,3,0,2,3,0,1,0]",c,"[[{8, 1}, {2, 7}, {3, 6}, {4, 5}], [{8, 1}, {2, 7}, {4, 6}, {3, 5}], [{8, 1}, {2, 7}, {5, 6}, {3, 4}], [{8, 1}, {3, 7}, {2, 6}, {4, 5}], [{8, 1}, {3, 7}, {4, 6}, {2, 5}], [{8, 1}, {3, 7}, {5, 6}, {2, 4}], [{8, 1}, {3, 7}, {6}, {5}, {2, 4}], [{8, 1}, {4, 7}, {2, 6}, {3, 5}], [{8, 1}, {4, 7}, {3, 6}, {2, 5}], [{8, 1}, {4, 7}, {5, 6}, {2, 3}], [{8, 1}, {5, 7}, {2, 6}, {3, 4}], [{8, 1}, {5, 7}, {3, 6}, {2, 4}], [{8, 1}, {5, 7}, {4, 6}, {2, 3}], [{8, 1}, {5, 7}, {4, 6}, {3}, {2}], [{8, 1}, {6, 7}, {2, 5}, {3, 4}], [{8, 1}, {6, 7}, {3, 5}, {2, 4}], [{8, 1}, {6, 7}, {3, 5}, {4}, {2}], [{8, 1}, {6, 7}, {4, 5}, {2, 3}], [{8, 1}, {7}, {5, 6}, {3, 4}, {2}], [{8, 2}, {1, 7}, {3, 6}, {4, 5}], [{8, 2}, {1, 7}, {4, 6}, {3, 5}], [{8, 2}, {1, 7}, {5, 6}, {3, 4}], [{8, 2}, {3, 7}, {1, 6}, {4, 5}], [{8, 2}, {3, 7}, {4, 6}, {1, 5}], [{8, 2}, {3, 7}, {5, 6}, {1, 4}], [{8, 2}, {3, 7}, {6}, {5}, {1, 4}], [{8, 2}, {4, 7}, {1, 6}, {3, 5}], [{8, 2}, {4, 7}, {3, 6}, {1, 5}], [{8, 2}, {4, 7}, {5, 6}, {1, 3}], [{8, 2}, {5, 7}, {1, 6}, {3, 4}], [{8, 2}, {5, 7}, {3, 6}, {1, 4}], [{8, 2}, {5, 7}, {4, 6}, {1, 3}], [{8, 2}, {6, 7}, {1, 5}, {3, 4}], [{8, 2}, {6, 7}, {3, 5}, {1, 4}], [{8, 2}, {6, 7}, {4, 5}, {1, 3}], [{8, 2}, {7}, {1, 6}, {3, 5}, {4}], [{8, 3}, {1, 7}, {2, 6}, {4, 5}], [{8, 3}, {1, 7}, {4, 6}, {2, 5}], [{8, 3}, {1, 7}, {5, 6}, {2, 4}], [{8, 3}, {2, 7}, {1, 6}, {4, 5}], [{8, 3}, {2, 7}, {4, 6}, {1, 5}], [{8, 3}, {2, 7}, {5, 6}, {1, 4}], [{8, 3}, {4, 7}, {1, 6}, {2, 5}], [{8, 3}, {4, 7}, {2, 6}, {1, 5}], [{8, 3}, {4, 7}, {5, 6}, {1, 2}], [{8, 3}, {5, 7}, {1, 6}, {2, 4}], [{8, 3}, {5, 7}, {1, 6}, {4}, {2}], [{8, 3}, {5, 7}, {2, 6}, {1, 4}], [{8, 3}, {5, 7}, {4, 6}, {1, 2}], [{8, 3}, {5, 7}, {6}, {2, 4}, {1}], [{8, 3}, {6, 7}, {1, 5}, {2, 4}], [{8, 3}, {6, 7}, {2, 5}, {1, 4}], [{8, 3}, {6, 7}, {4, 5}, {1, 2}], [{8, 4}, {1, 7}, {2, 6}, {3, 5}], [{8, 4}, {1, 7}, {3, 6}, {2, 5}], [{8, 4}, {1, 7}, {5, 6}, {2, 3}], [{8, 4}, {1, 7}, {5, 6}, {3}, {2}], [{8, 4}, {2, 7}, {1, 6}, {3, 5}], [{8, 4}, {2, 7}, {3, 6}, {1, 5}], [{8, 4}, {2, 7}, {5, 6}, {1, 3}], [{8, 4}, {3, 7}, {1, 6}, {2, 5}], [{8, 4}, {3, 7}, {2, 6}, {1, 5}], [{8, 4}, {3, 7}, {5, 6}, {1, 2}], [{8, 4}, {3, 7}, {6}, {5}, {1, 2}], [{8, 4}, {5, 7}, {1, 6}, {2, 3}], [{8, 4}, {5, 7}, {2, 6}, {1, 3}], [{8, 4}, {5, 7}, {3, 6}, {1, 2}], [{8, 4}, {6, 7}, {1, 5}, {2, 3}], [{8, 4}, {6, 7}, {2, 5}, {1, 3}], [{8, 4}, {6, 7}, {3, 5}, {1, 2}], [{8, 5}, {1, 7}, {2, 6}, {3, 4}], [{8, 5}, {1, 7}, {3, 6}, {2, 4}], [{8, 5}, {1, 7}, {3, 6}, {4}, {2}], [{8, 5}, {1, 7}, {4, 6}, {2, 3}], [{8, 5}, {2, 7}, {1, 6}, {3, 4}], [{8, 5}, {2, 7}, {3, 6}, {1, 4}], [{8, 5}, {2, 7}, {4, 6}, {1, 3}], [{8, 5}, {3, 7}, {1, 6}, {2, 4}], [{8, 5}, {3, 7}, {2, 6}, {1, 4}], [{8, 5}, {3, 7}, {4, 6}, {1, 2}], [{8, 5}, {4, 7}, {1, 6}, {2, 3}], [{8, 5}, {4, 7}, {2, 6}, {1, 3}], [{8, 5}, {4, 7}, {3, 6}, {1, 2}], [{8, 5}, {6, 7}, {1, 4}, {2, 3}], [{8, 5}, {6, 7}, {2, 4}, {1, 3}], [{8, 5}, {6, 7}, {3, 4}, {1, 2}], [{8, 5}, {7}, {1, 6}, {3, 4}, {2}], [{8, 5}, {7}, {2, 6}, {1, 4}, {3}], [{8, 5}, {7}, {4, 6}, {1, 3}, {2}], [{8, 6}, {1, 7}, {2, 5}, {3, 4}], [{8, 6}, {1, 7}, {2, 5}, {4}, {3}], [{8, 6}, {1, 7}, {3, 5}, {2, 4}], [{8, 6}, {1, 7}, {4, 5}, {2, 3}], [{8, 6}, {1, 7}, {5}, {3, 4}, {2}], [{8, 6}, {2, 7}, {1, 5}, {3, 4}], [{8, 6}, {2, 7}, {1, 5}, {4}, {3}], [{8, 6}, {2, 7}, {3, 5}, {1, 4}], [{8, 6}, {2, 7}, {4, 5}, {1, 3}], [{8, 6}, {2, 7}, {5}, {3, 4}, {1}], [{8, 6}, {3, 7}, {1, 5}, {2, 4}], [{8, 6}, {3, 7}, {2, 5}, {1, 4}], [{8, 6}, {3, 7}, {4, 5}, {1, 2}], [{8, 6}, {4, 7}, {1, 5}, {2, 3}], [{8, 6}, {4, 7}, {2, 5}, {1, 3}], [{8, 6}, {4, 7}, {3, 5}, {1, 2}], [{8, 6}, {5, 7}, {1, 4}, {2, 3}], [{8, 6}, {5, 7}, {2, 4}, {1, 3}], [{8, 6}, {5, 7}, {3, 4}, {1, 2}], [{8, 6}, {5, 7}, {3, 4}, {2}, {1}], [{8, 6}, {7}, {1, 5}, {3, 4}, {2}], [{8, 6}, {7}, {2, 5}, {3, 4}, {1}], [{8, 6}, {7}, {5}, {1, 4}, {2, 3}], [{8, 6}, {7}, {5}, {2, 4}, {1, 3}], [{8, 6}, {7}, {5}, {3, 4}, {1, 2}], [{8, 6}, {7}, {5}, {3, 4}, {2}, {1}], [{8, 7}, {1, 6}, {2, 5}, {3, 4}], [{8, 7}, {1, 6}, {2, 5}, {4}, {3}], [{8, 7}, {1, 6}, {3, 5}, {2, 4}], [{8, 7}, {1, 6}, {4, 5}, {2, 3}], [{8, 7}, {2, 6}, {1, 5}, {3, 4}], [{8, 7}, {2, 6}, {3, 5}, {1, 4}], [{8, 7}, {2, 6}, {3, 5}, {4}, {1}], [{8, 7}, {2, 6}, {4, 5}, {1, 3}], [{8, 7}, {3, 6}, {1, 5}, {2, 4}], [{8, 7}, {3, 6}, {1, 5}, {4}, {2}], [{8, 7}, {3, 6}, {2, 5}, {1, 4}], [{8, 7}, {3, 6}, {4, 5}, {1, 2}], [{8, 7}, {4, 6}, {1, 5}, {2, 3}], [{8, 7}, {4, 6}, {2, 5}, {1, 3}], [{8, 7}, {4, 6}, {3, 5}, {1, 2}], [{8, 7}, {4, 6}, {3, 5}, {2}, {1}], [{8, 7}, {5, 6}, {1, 4}, {2, 3}], [{8, 7}, {5, 6}, {2, 4}, {1, 3}], [{8, 7}, {5, 6}, {3, 4}, {1, 2}], [{8, 7}, {6}, {3, 5}, {2, 4}, {1}], [{8}, {2, 7}, {6}, {3, 5}, {1, 4}], [{8}, {4, 7}, {5, 6}, {3}, {1, 2}], [{8}, {5, 7}, {6}, {1, 4}, {2, 3}], [{8}, {6, 7}, {2, 5}, {1, 4}, {3}]]",2,4 K_1^3 - 4 K_1^2 - 12 K_1 K_2 - 6 K_1 K_3 + 3 K_1 - 2 K_2^2 + 5 K_2 + 5 K_3 + 4 K_4 + 4,O1O2O3O4U1U5O6U4O7O8U6U7U3U8O5U2,O1O2O3O4U1U3O5U4O6O7U5U2U8U7O8U6,O1O2O3O4U5O6U7U6U3U8O7O5U1O8U2U4,c,{'O1O2O3O4U3O5U6U2U7U8O6O7U1O8U5U4'},1,"<a href=""/flatknot/8.733798"">8.733798</a>",t^9-103t^7-374t^6+342t^5+1808t^4+725t^3-1102t^2-504t+58,-t^2+2t,,
8.733799,O1O2O3O4U3O5U6U2U7U8O6O7U4O8U1U5,3,9z^2+66z+97,9w^3z^2-2w^3z+68w^2z+97w,False,False,"[[ 0 -1 -1 -1  2  3 -3  0  1],[ 1  0  0 -1  3  3 -2  1  2],[ 1  0  0  0  1  1  1  2  1],[ 1  1  0  0  1  1  1  1  0],[-2 -3 -1 -1  0  0 -3 -1  0],[-3 -3 -1 -1  0  0 -5 -3 -1],[ 3  2 -1 -1  3  5  0  2  2],[ 0 -1 -2 -1  1  3 -2  0  0],[-1 -2 -1  0  0  1 -2  0  0]]","[[ 0  3  2  1  0 -1 -1 -1 -3],[-3  0  0 -1 -3 -1 -1 -3 -5],[-2  0  0  0 -1 -1 -1 -3 -3],[-1  1  0  0  0  0 -1 -2 -2],[ 0  3  1  0  0 -1 -2 -1 -2],[ 1  1  1  0  1  0  0  1  1],[ 1  1  1  1  2  0  0  0  1],[ 1  3  3  2  1 -1  0  0 -2],[ 3  5  3  2  2 -1 -1  2  0]]",True,"[-3,-2,-1,0,1,1,1,3,0,1,3,1,1,3,5,0,1,1,1,3,3,0,0,1,2,2,1,2,1,2,0,-1,-1,0,-1,2]","[-3,-2,-1,0,1,1,1,3,0,1,3,1,1,3,5,0,1,1,1,3,3,0,0,1,2,2,1,2,1,2,0,-1,-1,0,-1,2]",t^8+93t^6+494t^4+226t^2,"[-3,-1,-1,-1,0,1,2,3,0,3,3,1,2,2,1,0,1,0,0,0,1,0,-1,1,2,3,0,2,2,3,1,1,0,1,1,1]","[-3,-2,-1,0,1,1,1,3,1,1,0,1,3,3,1,1,1,0,2,2,2,1,0,1,2,2,0,-1,0,1,0,-1,0,0,3,3]","[-3,-1,-1,-1,0,1,2,3,-1,-1,2,2,2,3,5,0,0,2,1,1,1,1,1,0,1,1,1,2,3,3,0,1,3,0,1,0]",c,"[[{8, 6}, {1, 7}, {2, 5}, {3, 4}], [{8, 6}, {2, 7}, {1, 5}, {3, 4}], [{8}, {1, 7}, {6}, {2, 5}, {3, 4}], [{8}, {2, 7}, {6}, {1, 5}, {3, 4}]]",1,12 K_1^3 + 4 K_1^2 K_2 - 18 K_1^2 - 16 K_1 K_2 - 4 K_1 K_3 - K_1 + 9 K_2 + 5 K_3 + K_4 + 9,O1O2O3O4U5U4O6U1O7O8U6U7U3U8O5U2,O1O2O3O4U1U3O5U4O6O7U6U2U8U5O8U7,O1O2O3O4U5O6U7U6U3U8O5O8U1O7U2U4,c,{'O1O2O3O4U3O5U6U2U7U8O6O7U4O8U1U5'},1,"<a href=""/flatknot/8.733799"">8.733799</a>",t^9-91t^7-360t^6-13t^5+982t^4-138t^3-412t^2+192t-24,-t^2+2t,,
8.733800,O1O2O3O4U3O5U6U2U7U8O6O7U5O8U1U4,4,4z^3+36z^2+105z+99,4w^4z^3+36w^3z^2-4w^3z+109w^2z+99w,False,False,"[[ 0 -1 -1 -1  3  2 -3  0  1],[ 1  0  0  0  3  2 -2  1  2],[ 1  0  0  0  2  0  1  2  1],[ 1  0  0  0  1  0  1  1  1],[-3 -3 -2 -1  0  1 -5 -3 -2],[-2 -2  0  0 -1  0 -3 -1  0],[ 3  2 -1 -1  5  3  0  2  2],[ 0 -1 -2 -1  3  1 -2  0  0],[-1 -2 -1 -1  2  0 -2  0  0]]","[[ 0  3  2  1  0 -1 -1 -1 -3],[-3  0  1 -2 -3 -1 -2 -3 -5],[-2 -1  0  0 -1  0  0 -2 -3],[-1  2  0  0  0 -1 -1 -2 -2],[ 0  3  1  0  0 -1 -2 -1 -2],[ 1  1  0  1  1  0  0  0  1],[ 1  2  0  1  2  0  0  0  1],[ 1  3  2  2  1  0  0  0 -2],[ 3  5  3  2  2 -1 -1  2  0]]",True,"[-3,-2,-1,0,1,1,1,3,-1,2,3,1,2,3,5,0,1,0,0,2,3,0,1,1,2,2,1,2,1,2,0,0,-1,0,-1,2]","[-3,-2,-1,0,1,1,1,3,-1,2,3,1,2,3,5,0,1,0,0,2,3,0,1,1,2,2,1,2,1,2,0,0,-1,0,-1,2]",t^8+93t^6+612t^4+201t^2+16,"[-3,-1,-1,-1,0,1,2,3,0,3,3,1,2,2,1,0,0,0,0,1,1,0,-1,1,3,2,0,1,3,3,1,1,0,1,0,2]","[-3,-2,-1,0,1,1,1,3,2,0,0,1,2,3,1,1,1,1,3,3,2,1,0,1,1,2,0,-1,0,1,0,0,0,0,3,3]","[-3,-1,-1,-1,0,1,2,3,-1,-1,2,2,2,3,5,0,0,1,1,0,1,0,2,1,0,2,1,2,2,3,0,1,3,0,2,-1]",c,"[[{8, 3}, {5, 7}, {2, 6}, {1, 4}]]",1,4 K_1^3 + 4 K_1^2 K_2 - 6 K_1^2 - 8 K_1 K_2 - 4 K_1 K_3 + K_1 - 4 K_2^2 + 3 K_2 + 3 K_3 + 3 K_4 + 5,O1O2O3O4U1U4O5U6O7O8U5U7U3U8O6U2,O1O2O3O4U1U3O5U4O6O7U6U2U8U7O8U5,O1O2O3O4U5O6U7U6U3U8O7O8U1O5U2U4,c,{'O1O2O3O4U3O5U6U2U7U8O6O7U5O8U1U4'},1,"<a href=""/flatknot/8.733800"">8.733800</a>",t^9-91t^7-406t^6-205t^5+1104t^4+469t^3-1404t^2+68t+238,-t^2+2t,,
8.733801,O1O2O3O4U3O5U6U2U7U1O6O8U4O7U5U8,4,2z^3+25z^2+96z+109,2w^4z^3-4w^4z^2+29w^3z^2-4w^3z+100w^2z+109w,False,False,"[[ 0  0 -1 -1  2  2 -3  0  1],[ 0  0  0  0  2  1 -1  0  1],[ 1  0  0  0  1  1  1  1  2],[ 1  0  0  0  1  1  1  0  1],[-2 -2 -1 -1  0  0 -2 -1  1],[-2 -1 -1 -1  0  0 -3 -1  0],[ 3  1 -1 -1  2  3  0  2  2],[ 0  0 -1  0  1  1 -2  0  1],[-1 -1 -2 -1 -1  0 -2 -1  0]]","[[ 0  2  2  1  0  0 -1 -1 -3],[-2  0  0  1 -1 -2 -1 -1 -2],[-2  0  0  0 -1 -1 -1 -1 -3],[-1 -1  0  0 -1 -1 -1 -2 -2],[ 0  1  1  1  0  0  0 -1 -2],[ 0  2  1  1  0  0  0  0 -1],[ 1  1  1  1  0  0  0  0  1],[ 1  1  1  2  1  0  0  0  1],[ 3  2  3  2  2  1 -1 -1  0]]",True,"[-2,-2,-1,0,0,1,1,3,0,-1,1,2,1,1,2,0,1,1,1,1,3,1,1,1,2,2,0,0,1,2,0,0,1,0,-1,-1]","[-3,-1,-1,0,0,1,2,2,-1,-1,1,2,2,2,3,0,0,0,1,1,1,0,1,2,1,1,0,1,2,1,1,1,1,-1,0,0]",t^8+44t^6+195t^4+124t^2+4,"[-3,-1,-1,0,0,1,2,2,3,3,1,2,2,2,3,0,0,1,0,2,2,1,1,1,2,2,0,0,1,1,0,1,0,1,2,0]","[-2,-2,-1,0,0,1,1,3,0,1,1,1,2,2,2,2,0,1,2,2,3,0,0,0,1,2,0,1,1,2,0,1,1,0,3,3]","[-3,-1,-1,0,0,1,2,2,-1,-1,1,2,2,2,3,0,0,0,1,1,1,0,1,2,1,1,0,1,2,1,1,1,1,-1,0,0]",c,"[[{8, 1}, {2, 7}, {3, 6}, {4, 5}], [{8, 1}, {2, 7}, {4, 6}, {3, 5}], [{8, 1}, {2, 7}, {5, 6}, {3, 4}], [{8, 1}, {3, 7}, {2, 6}, {4, 5}], [{8, 1}, {3, 7}, {4, 6}, {2, 5}], [{8, 1}, {3, 7}, {4, 6}, {5}, {2}], [{8, 1}, {3, 7}, {5, 6}, {2, 4}], [{8, 1}, {4, 7}, {2, 6}, {3, 5}], [{8, 1}, {4, 7}, {3, 6}, {2, 5}], [{8, 1}, {4, 7}, {5, 6}, {2, 3}], [{8, 1}, {4, 7}, {6}, {3, 5}, {2}], [{8, 1}, {5, 7}, {2, 6}, {3, 4}], [{8, 1}, {5, 7}, {3, 6}, {2, 4}], [{8, 1}, {5, 7}, {4, 6}, {2, 3}], [{8, 1}, {5, 7}, {4, 6}, {3}, {2}], [{8, 1}, {6, 7}, {2, 5}, {3, 4}], [{8, 1}, {6, 7}, {3, 5}, {2, 4}], [{8, 1}, {6, 7}, {3, 5}, {4}, {2}], [{8, 1}, {6, 7}, {4, 5}, {2, 3}], [{8, 1}, {7}, {3, 6}, {2, 5}, {4}], [{8, 1}, {7}, {4, 6}, {3, 5}, {2}], [{8, 1}, {7}, {5, 6}, {3, 4}, {2}], [{8, 2}, {1, 7}, {3, 6}, {4, 5}], [{8, 2}, {1, 7}, {3, 6}, {5}, {4}], [{8, 2}, {1, 7}, {4, 6}, {3, 5}], [{8, 2}, {1, 7}, {5, 6}, {3, 4}], [{8, 2}, {3, 7}, {1, 6}, {4, 5}], [{8, 2}, {3, 7}, {1, 6}, {5}, {4}], [{8, 2}, {3, 7}, {4, 6}, {1, 5}], [{8, 2}, {3, 7}, {4, 6}, {5}, {1}], [{8, 2}, {3, 7}, {5, 6}, {1, 4}], [{8, 2}, {3, 7}, {5, 6}, {4}, {1}], [{8, 2}, {3, 7}, {6}, {1, 5}, {4}], [{8, 2}, {3, 7}, {6}, {4, 5}, {1}], [{8, 2}, {3, 7}, {6}, {5}, {1, 4}], [{8, 2}, {3, 7}, {6}, {5}, {4}, {1}], [{8, 2}, {4, 7}, {1, 6}, {3, 5}], [{8, 2}, {4, 7}, {3, 6}, {1, 5}], [{8, 2}, {4, 7}, {3, 6}, {5}, {1}], [{8, 2}, {4, 7}, {5, 6}, {1, 3}], [{8, 2}, {4, 7}, {5, 6}, {3}, {1}], [{8, 2}, {4, 7}, {6}, {3, 5}, {1}], [{8, 2}, {5, 7}, {1, 6}, {3, 4}], [{8, 2}, {5, 7}, {3, 6}, {1, 4}], [{8, 2}, {5, 7}, {3, 6}, {4}, {1}], [{8, 2}, {5, 7}, {4, 6}, {1, 3}], [{8, 2}, {5, 7}, {4, 6}, {3}, {1}], [{8, 2}, {5, 7}, {6}, {3, 4}, {1}], [{8, 2}, {6, 7}, {1, 5}, {3, 4}], [{8, 2}, {6, 7}, {1, 5}, {4}, {3}], [{8, 2}, {6, 7}, {3, 5}, {1, 4}], [{8, 2}, {6, 7}, {3, 5}, {4}, {1}], [{8, 2}, {6, 7}, {4, 5}, {1, 3}], [{8, 2}, {6, 7}, {4, 5}, {3}, {1}], [{8, 2}, {6, 7}, {5}, {1, 4}, {3}], [{8, 2}, {6, 7}, {5}, {3, 4}, {1}], [{8, 2}, {6, 7}, {5}, {4}, {1, 3}], [{8, 2}, {6, 7}, {5}, {4}, {3}, {1}], [{8, 2}, {7}, {3, 6}, {1, 5}, {4}], [{8, 2}, {7}, {3, 6}, {4, 5}, {1}], [{8, 2}, {7}, {3, 6}, {5}, {1, 4}], [{8, 2}, {7}, {3, 6}, {5}, {4}, {1}], [{8, 2}, {7}, {4, 6}, {3, 5}, {1}], [{8, 2}, {7}, {5, 6}, {3, 4}, {1}], [{8, 3}, {1, 7}, {2, 6}, {4, 5}], [{8, 3}, {1, 7}, {4, 6}, {2, 5}], [{8, 3}, {1, 7}, {5, 6}, {2, 4}], [{8, 3}, {2, 7}, {1, 6}, {4, 5}], [{8, 3}, {2, 7}, {1, 6}, {5}, {4}], [{8, 3}, {2, 7}, {4, 6}, {1, 5}], [{8, 3}, {2, 7}, {5, 6}, {1, 4}], [{8, 3}, {4, 7}, {1, 6}, {2, 5}], [{8, 3}, {4, 7}, {2, 6}, {1, 5}], [{8, 3}, {4, 7}, {5, 6}, {1, 2}], [{8, 3}, {5, 7}, {1, 6}, {2, 4}], [{8, 3}, {5, 7}, {1, 6}, {4}, {2}], [{8, 3}, {5, 7}, {2, 6}, {1, 4}], [{8, 3}, {5, 7}, {4, 6}, {1, 2}], [{8, 3}, {6, 7}, {1, 5}, {2, 4}], [{8, 3}, {6, 7}, {1, 5}, {4}, {2}], [{8, 3}, {6, 7}, {2, 5}, {1, 4}], [{8, 3}, {6, 7}, {4, 5}, {1, 2}], [{8, 3}, {7}, {1, 6}, {2, 5}, {4}], [{8, 3}, {7}, {6}, {1, 5}, {2, 4}], [{8, 4}, {1, 7}, {2, 6}, {3, 5}], [{8, 4}, {1, 7}, {3, 6}, {2, 5}], [{8, 4}, {1, 7}, {5, 6}, {2, 3}], [{8, 4}, {2, 7}, {1, 6}, {3, 5}], [{8, 4}, {2, 7}, {3, 6}, {1, 5}], [{8, 4}, {2, 7}, {5, 6}, {1, 3}], [{8, 4}, {3, 7}, {1, 6}, {2, 5}], [{8, 4}, {3, 7}, {1, 6}, {5}, {2}], [{8, 4}, {3, 7}, {2, 6}, {1, 5}], [{8, 4}, {3, 7}, {5, 6}, {1, 2}], [{8, 4}, {3, 7}, {5, 6}, {2}, {1}], [{8, 4}, {3, 7}, {6}, {1, 5}, {2}], [{8, 4}, {5, 7}, {1, 6}, {2, 3}], [{8, 4}, {5, 7}, {2, 6}, {1, 3}], [{8, 4}, {5, 7}, {3, 6}, {1, 2}], [{8, 4}, {6, 7}, {1, 5}, {2, 3}], [{8, 4}, {6, 7}, {2, 5}, {1, 3}], [{8, 4}, {6, 7}, {3, 5}, {1, 2}], [{8, 5}, {1, 7}, {2, 6}, {3, 4}], [{8, 5}, {1, 7}, {3, 6}, {2, 4}], [{8, 5}, {1, 7}, {4, 6}, {2, 3}], [{8, 5}, {2, 7}, {1, 6}, {3, 4}], [{8, 5}, {2, 7}, {3, 6}, {1, 4}], [{8, 5}, {2, 7}, {4, 6}, {1, 3}], [{8, 5}, {3, 7}, {1, 6}, {2, 4}], [{8, 5}, {3, 7}, {2, 6}, {1, 4}], [{8, 5}, {3, 7}, {4, 6}, {1, 2}], [{8, 5}, {4, 7}, {1, 6}, {2, 3}], [{8, 5}, {4, 7}, {2, 6}, {1, 3}], [{8, 5}, {4, 7}, {3, 6}, {1, 2}], [{8, 5}, {4, 7}, {6}, {1, 3}, {2}], [{8, 5}, {6, 7}, {1, 4}, {2, 3}], [{8, 5}, {6, 7}, {2, 4}, {1, 3}], [{8, 5}, {6, 7}, {3, 4}, {1, 2}], [{8, 5}, {7}, {3, 6}, {4}, {1, 2}], [{8, 6}, {1, 7}, {2, 5}, {3, 4}], [{8, 6}, {1, 7}, {3, 5}, {2, 4}], [{8, 6}, {1, 7}, {4, 5}, {2, 3}], [{8, 6}, {2, 7}, {1, 5}, {3, 4}], [{8, 6}, {2, 7}, {3, 5}, {1, 4}], [{8, 6}, {2, 7}, {4, 5}, {1, 3}], [{8, 6}, {2, 7}, {4, 5}, {3}, {1}], [{8, 6}, {3, 7}, {1, 5}, {2, 4}], [{8, 6}, {3, 7}, {2, 5}, {1, 4}], [{8, 6}, {3, 7}, {4, 5}, {1, 2}], [{8, 6}, {3, 7}, {4, 5}, {2}, {1}], [{8, 6}, {4, 7}, {1, 5}, {2, 3}], [{8, 6}, {4, 7}, {2, 5}, {1, 3}], [{8, 6}, {4, 7}, {3, 5}, {1, 2}], [{8, 6}, {4, 7}, {3, 5}, {2}, {1}], [{8, 6}, {5, 7}, {1, 4}, {2, 3}], [{8, 6}, {5, 7}, {2, 4}, {1, 3}], [{8, 6}, {5, 7}, {3, 4}, {1, 2}], [{8, 6}, {7}, {1, 5}, {4}, {2, 3}], [{8, 6}, {7}, {4, 5}, {2, 3}, {1}], [{8, 6}, {7}, {5}, {1, 4}, {2, 3}], [{8, 7}, {1, 6}, {2, 5}, {3, 4}], [{8, 7}, {1, 6}, {3, 5}, {2, 4}], [{8, 7}, {1, 6}, {4, 5}, {2, 3}], [{8, 7}, {2, 6}, {1, 5}, {3, 4}], [{8, 7}, {2, 6}, {3, 5}, {1, 4}], [{8, 7}, {2, 6}, {4, 5}, {1, 3}], [{8, 7}, {3, 6}, {1, 5}, {2, 4}], [{8, 7}, {3, 6}, {2, 5}, {1, 4}], [{8, 7}, {3, 6}, {4, 5}, {1, 2}], [{8, 7}, {4, 6}, {1, 5}, {2, 3}], [{8, 7}, {4, 6}, {2, 5}, {1, 3}], [{8, 7}, {4, 6}, {3, 5}, {1, 2}], [{8, 7}, {4, 6}, {5}, {2, 3}, {1}], [{8, 7}, {5, 6}, {1, 4}, {2, 3}], [{8, 7}, {5, 6}, {2, 4}, {1, 3}], [{8, 7}, {5, 6}, {3, 4}, {1, 2}], [{8, 7}, {6}, {1, 5}, {2, 4}, {3}], [{8, 7}, {6}, {1, 5}, {3, 4}, {2}], [{8, 7}, {6}, {1, 5}, {4}, {2, 3}], [{8, 7}, {6}, {2, 5}, {1, 4}, {3}], [{8}, {3, 7}, {1, 6}, {5}, {2, 4}], [{8}, {3, 7}, {2, 6}, {4, 5}, {1}], [{8}, {3, 7}, {4, 6}, {5}, {1, 2}], [{8}, {3, 7}, {5, 6}, {2, 4}, {1}], [{8}, {3, 7}, {6}, {1, 5}, {2, 4}], [{8}, {4, 7}, {1, 6}, {3, 5}, {2}], [{8}, {4, 7}, {2, 6}, {3, 5}, {1}], [{8}, {4, 7}, {6}, {3, 5}, {1, 2}], [{8}, {5, 7}, {4, 6}, {3}, {1, 2}], [{8}, {6, 7}, {1, 5}, {4}, {2, 3}], [{8}, {6, 7}, {3, 5}, {4}, {1, 2}], [{8}, {7}, {4, 6}, {3, 5}, {1, 2}], [{8}, {7}, {5, 6}, {3, 4}, {1, 2}]]",2,- 24 K_1^4 + 16 K_1^3 + 32 K_1^2 K_2 - 26 K_1^2 - 18 K_1 K_2 - 10 K_1 K_3 - 3 K_1 - 4 K_2^2 + 14 K_2 + 5 K_3 + 2 K_4 + 17,O1O2O3O4U5U6O7U1O5O8U4U7U3U8O6U2,O1O2O3O4U1U5O6U3O7O5U4U2U8U6O8U7,O1O2O3O4U5O6U7U6U3U1O8O5U2O7U8U4,c,{'O1O2O3O4U3O5U6U2U7U1O6O8U4O7U5U8'},1,"<a href=""/flatknot/8.733801"">8.733801</a>",t^9-46t^7-118t^6+65t^5+284t^4+3t^3-174t^2-13t+34,t^3-2t^2+t,,
8.733802,O1O2O3O4U3O5U6U2U7U1O6O8U4O7U8U5,4,4z^3+40z^2+113z+99,4w^4z^3+40w^3z^2+113w^2z+99w,False,False,"[[ 0  0 -1 -1  2  3 -3  0  0],[ 0  0  0  0  2  1 -1  0  0],[ 1  0  0  0  1  1  1  1  1],[ 1  0  0  0  1  1  1  0  1],[-2 -2 -1 -1  0  1 -2 -1  0],[-3 -1 -1 -1 -1  0 -4 -1 -1],[ 3  1 -1 -1  2  4  0  2  1],[ 0  0 -1  0  1  1 -2  0  0],[ 0  0 -1 -1  0  1 -1  0  0]]","[[ 0  3  2  0  0  0 -1 -1 -3],[-3  0 -1 -1 -1 -1 -1 -1 -4],[-2  1  0  0 -1 -2 -1 -1 -2],[ 0  1  0  0  0  0 -1 -1 -1],[ 0  1  1  0  0  0  0 -1 -2],[ 0  1  2  0  0  0  0  0 -1],[ 1  1  1  1  0  0  0  0  1],[ 1  1  1  1  1  0  0  0  1],[ 3  4  2  1  2  1 -1 -1  0]]",True,"[-3,-2,0,0,0,1,1,3,1,1,1,1,1,1,4,0,1,2,1,1,2,0,0,1,1,1,0,0,1,2,0,0,1,0,-1,-1]","[-3,-2,0,0,0,1,1,3,0,2,2,2,3,3,2,0,1,2,2,2,3,0,0,1,1,2,0,0,1,1,0,0,2,0,3,3]",t^8+44t^6+179t^4+92t^2+9,"[-3,-1,-1,0,0,0,2,3,3,3,1,2,2,3,2,0,0,0,1,2,3,1,0,1,2,3,0,0,1,2,0,2,2,0,2,0]","[-3,-2,0,0,0,1,1,3,0,2,2,2,3,3,2,0,1,2,2,2,3,0,0,1,1,2,0,0,1,1,0,0,2,0,3,3]","[-3,-1,-1,0,0,0,2,3,-1,-1,1,1,2,2,4,0,0,1,0,1,1,0,1,1,1,1,0,0,2,1,0,0,1,1,1,1]",c,"[[{8, 1}, {2, 7}, {3, 6}, {4, 5}], [{8, 1}, {2, 7}, {4, 6}, {3, 5}], [{8, 1}, {2, 7}, {4, 6}, {5}, {3}], [{8, 1}, {2, 7}, {5, 6}, {3, 4}], [{8, 1}, {2, 7}, {5, 6}, {4}, {3}], [{8, 1}, {2, 7}, {6}, {4, 5}, {3}], [{8, 1}, {3, 7}, {2, 6}, {4, 5}], [{8, 1}, {3, 7}, {2, 6}, {5}, {4}], [{8, 1}, {3, 7}, {4, 6}, {2, 5}], [{8, 1}, {3, 7}, {5, 6}, {2, 4}], [{8, 1}, {3, 7}, {5, 6}, {4}, {2}], [{8, 1}, {3, 7}, {6}, {2, 5}, {4}], [{8, 1}, {4, 7}, {2, 6}, {3, 5}], [{8, 1}, {4, 7}, {3, 6}, {2, 5}], [{8, 1}, {4, 7}, {5, 6}, {2, 3}], [{8, 1}, {4, 7}, {5, 6}, {3}, {2}], [{8, 1}, {5, 7}, {2, 6}, {3, 4}], [{8, 1}, {5, 7}, {3, 6}, {2, 4}], [{8, 1}, {5, 7}, {4, 6}, {2, 3}], [{8, 1}, {6, 7}, {2, 5}, {3, 4}], [{8, 1}, {6, 7}, {3, 5}, {2, 4}], [{8, 1}, {6, 7}, {4, 5}, {2, 3}], [{8, 1}, {7}, {5, 6}, {2, 4}, {3}], [{8, 1}, {7}, {5, 6}, {3, 4}, {2}], [{8, 1}, {7}, {5, 6}, {4}, {2, 3}], [{8, 2}, {1, 7}, {3, 6}, {4, 5}], [{8, 2}, {1, 7}, {4, 6}, {3, 5}], [{8, 2}, {1, 7}, {5, 6}, {3, 4}], [{8, 2}, {1, 7}, {6}, {3, 5}, {4}], [{8, 2}, {3, 7}, {1, 6}, {4, 5}], [{8, 2}, {3, 7}, {4, 6}, {1, 5}], [{8, 2}, {3, 7}, {4, 6}, {5}, {1}], [{8, 2}, {3, 7}, {5, 6}, {1, 4}], [{8, 2}, {4, 7}, {1, 6}, {3, 5}], [{8, 2}, {4, 7}, {3, 6}, {1, 5}], [{8, 2}, {4, 7}, {5, 6}, {1, 3}], [{8, 2}, {4, 7}, {5, 6}, {3}, {1}], [{8, 2}, {4, 7}, {6}, {5}, {1, 3}], [{8, 2}, {5, 7}, {1, 6}, {3, 4}], [{8, 2}, {5, 7}, {3, 6}, {1, 4}], [{8, 2}, {5, 7}, {4, 6}, {1, 3}], [{8, 2}, {6, 7}, {1, 5}, {3, 4}], [{8, 2}, {6, 7}, {3, 5}, {1, 4}], [{8, 2}, {6, 7}, {3, 5}, {4}, {1}], [{8, 2}, {6, 7}, {4, 5}, {1, 3}], [{8, 2}, {7}, {1, 6}, {3, 5}, {4}], [{8, 2}, {7}, {6}, {1, 5}, {3, 4}], [{8, 3}, {1, 7}, {2, 6}, {4, 5}], [{8, 3}, {1, 7}, {4, 6}, {2, 5}], [{8, 3}, {1, 7}, {4, 6}, {5}, {2}], [{8, 3}, {1, 7}, {5, 6}, {2, 4}], [{8, 3}, {2, 7}, {1, 6}, {4, 5}], [{8, 3}, {2, 7}, {4, 6}, {1, 5}], [{8, 3}, {2, 7}, {5, 6}, {1, 4}], [{8, 3}, {2, 7}, {6}, {1, 5}, {4}], [{8, 3}, {4, 7}, {1, 6}, {2, 5}], [{8, 3}, {4, 7}, {2, 6}, {1, 5}], [{8, 3}, {4, 7}, {5, 6}, {1, 2}], [{8, 3}, {4, 7}, {5, 6}, {2}, {1}], [{8, 3}, {5, 7}, {1, 6}, {2, 4}], [{8, 3}, {5, 7}, {2, 6}, {1, 4}], [{8, 3}, {5, 7}, {4, 6}, {1, 2}], [{8, 3}, {6, 7}, {1, 5}, {2, 4}], [{8, 3}, {6, 7}, {1, 5}, {4}, {2}], [{8, 3}, {6, 7}, {2, 5}, {1, 4}], [{8, 3}, {6, 7}, {2, 5}, {4}, {1}], [{8, 3}, {6, 7}, {4, 5}, {1, 2}], [{8, 3}, {6, 7}, {5}, {4}, {1, 2}], [{8, 3}, {7}, {2, 6}, {1, 5}, {4}], [{8, 4}, {1, 7}, {2, 6}, {3, 5}], [{8, 4}, {1, 7}, {3, 6}, {2, 5}], [{8, 4}, {1, 7}, {5, 6}, {2, 3}], [{8, 4}, {2, 7}, {1, 6}, {3, 5}], [{8, 4}, {2, 7}, {3, 6}, {1, 5}], [{8, 4}, {2, 7}, {5, 6}, {1, 3}], [{8, 4}, {2, 7}, {6}, {3, 5}, {1}], [{8, 4}, {3, 7}, {1, 6}, {2, 5}], [{8, 4}, {3, 7}, {2, 6}, {1, 5}], [{8, 4}, {3, 7}, {5, 6}, {1, 2}], [{8, 4}, {5, 7}, {1, 6}, {2, 3}], [{8, 4}, {5, 7}, {2, 6}, {1, 3}], [{8, 4}, {5, 7}, {3, 6}, {1, 2}], [{8, 4}, {5, 7}, {6}, {2, 3}, {1}], [{8, 4}, {6, 7}, {1, 5}, {2, 3}], [{8, 4}, {6, 7}, {2, 5}, {1, 3}], [{8, 4}, {6, 7}, {3, 5}, {1, 2}], [{8, 4}, {7}, {1, 6}, {3, 5}, {2}], [{8, 5}, {1, 7}, {2, 6}, {3, 4}], [{8, 5}, {1, 7}, {3, 6}, {2, 4}], [{8, 5}, {1, 7}, {4, 6}, {2, 3}], [{8, 5}, {2, 7}, {1, 6}, {3, 4}], [{8, 5}, {2, 7}, {3, 6}, {1, 4}], [{8, 5}, {2, 7}, {3, 6}, {4}, {1}], [{8, 5}, {2, 7}, {4, 6}, {1, 3}], [{8, 5}, {3, 7}, {1, 6}, {2, 4}], [{8, 5}, {3, 7}, {2, 6}, {1, 4}], [{8, 5}, {3, 7}, {4, 6}, {1, 2}], [{8, 5}, {4, 7}, {1, 6}, {2, 3}], [{8, 5}, {4, 7}, {2, 6}, {1, 3}], [{8, 5}, {4, 7}, {3, 6}, {1, 2}], [{8, 5}, {4, 7}, {6}, {1, 3}, {2}], [{8, 5}, {6, 7}, {1, 4}, {2, 3}], [{8, 5}, {6, 7}, {2, 4}, {1, 3}], [{8, 5}, {6, 7}, {3, 4}, {1, 2}], [{8, 5}, {7}, {4, 6}, {2, 3}, {1}], [{8, 6}, {1, 7}, {2, 5}, {3, 4}], [{8, 6}, {1, 7}, {3, 5}, {2, 4}], [{8, 6}, {1, 7}, {4, 5}, {2, 3}], [{8, 6}, {2, 7}, {1, 5}, {3, 4}], [{8, 6}, {2, 7}, {3, 5}, {1, 4}], [{8, 6}, {2, 7}, {4, 5}, {1, 3}], [{8, 6}, {2, 7}, {5}, {4}, {1, 3}], [{8, 6}, {3, 7}, {1, 5}, {2, 4}], [{8, 6}, {3, 7}, {2, 5}, {1, 4}], [{8, 6}, {3, 7}, {4, 5}, {1, 2}], [{8, 6}, {3, 7}, {4, 5}, {2}, {1}], [{8, 6}, {4, 7}, {1, 5}, {2, 3}], [{8, 6}, {4, 7}, {2, 5}, {1, 3}], [{8, 6}, {4, 7}, {3, 5}, {1, 2}], [{8, 6}, {4, 7}, {5}, {1, 3}, {2}], [{8, 6}, {5, 7}, {1, 4}, {2, 3}], [{8, 6}, {5, 7}, {2, 4}, {1, 3}], [{8, 6}, {5, 7}, {3, 4}, {1, 2}], [{8, 6}, {7}, {5}, {2, 4}, {1, 3}], [{8, 7}, {1, 6}, {2, 5}, {3, 4}], [{8, 7}, {1, 6}, {3, 5}, {2, 4}], [{8, 7}, {1, 6}, {3, 5}, {4}, {2}], [{8, 7}, {1, 6}, {4, 5}, {2, 3}], [{8, 7}, {2, 6}, {1, 5}, {3, 4}], [{8, 7}, {2, 6}, {3, 5}, {1, 4}], [{8, 7}, {2, 6}, {4, 5}, {1, 3}], [{8, 7}, {3, 6}, {1, 5}, {2, 4}], [{8, 7}, {3, 6}, {2, 5}, {1, 4}], [{8, 7}, {3, 6}, {4, 5}, {1, 2}], [{8, 7}, {4, 6}, {1, 5}, {2, 3}], [{8, 7}, {4, 6}, {2, 5}, {1, 3}], [{8, 7}, {4, 6}, {3, 5}, {1, 2}], [{8, 7}, {5, 6}, {1, 4}, {2, 3}], [{8, 7}, {5, 6}, {2, 4}, {1, 3}], [{8, 7}, {5, 6}, {3, 4}, {1, 2}], [{8, 7}, {6}, {4, 5}, {2, 3}, {1}], [{8}, {1, 7}, {4, 6}, {2, 5}, {3}], [{8}, {2, 7}, {1, 6}, {3, 5}, {4}], [{8}, {2, 7}, {5, 6}, {3, 4}, {1}], [{8}, {3, 7}, {4, 6}, {1, 5}, {2}], [{8}, {3, 7}, {5, 6}, {2, 4}, {1}], [{8}, {4, 7}, {1, 6}, {3, 5}, {2}], [{8}, {4, 7}, {2, 6}, {5}, {1, 3}], [{8}, {4, 7}, {3, 6}, {1, 5}, {2}], [{8}, {4, 7}, {5, 6}, {1, 3}, {2}], [{8}, {4, 7}, {5, 6}, {2, 3}, {1}], [{8}, {4, 7}, {5, 6}, {3}, {1, 2}], [{8}, {4, 7}, {5, 6}, {3}, {2}, {1}], [{8}, {4, 7}, {6}, {2, 5}, {1, 3}], [{8}, {4, 7}, {6}, {5}, {1, 3}, {2}], [{8}, {5, 7}, {3, 6}, {1, 4}, {2}], [{8}, {5, 7}, {6}, {3, 4}, {1, 2}], [{8}, {6, 7}, {2, 5}, {1, 4}, {3}], [{8}, {7}, {1, 6}, {3, 5}, {2, 4}], [{8}, {7}, {1, 6}, {3, 5}, {4}, {2}], [{8}, {7}, {2, 6}, {3, 5}, {1, 4}], [{8}, {7}, {4, 6}, {3, 5}, {1, 2}]]",2,- 2 K_1^2 - 4 K_1 K_2 + 2 K_1 + K_2 + 2 K_3 + 2,O1O2O3O4U5U6O7U1O6O8U4U7U3U8O5U2,O1O2O3O4U1U5O6U3O5O7U4U2U8U6O8U7,O1O2O3O4U5O6U7U6U3U1O5O8U2O7U8U4,c,{'O1O2O3O4U3O5U6U2U7U1O6O8U4O7U8U5'},1,"<a href=""/flatknot/8.733802"">8.733802</a>",t^9-42t^7-114t^6-20t^5+178t^4+156t^3+4t^2-48t-12,-t^2+2t,,
8.733803,O1O2O3O4U3O5U6U2U7U1O6O8U5O7U4U8,4,z^3+21z^2+95z+115,w^4z^3+21w^3z^2+95w^2z+115w,False,False,"[[ 0  0 -1 -1  2  2 -3  0  1],[ 0  0  0  0  2  1 -1  0  1],[ 1  0  0  0  2  0  1  1  2],[ 1  0  0  0  1  0  1  1  1],[-2 -2 -2 -1  0  1 -3 -2  1],[-2 -1  0  0 -1  0 -2 -1  0],[ 3  1 -1 -1  3  2  0  2  2],[ 0  0 -1 -1  2  1 -2  0  1],[-1 -1 -2 -1 -1  0 -2 -1  0]]","[[ 0  2  2  1  0  0 -1 -1 -3],[-2  0  1  1 -2 -2 -1 -2 -3],[-2 -1  0  0 -1 -1  0  0 -2],[-1 -1  0  0 -1 -1 -1 -2 -2],[ 0  2  1  1  0  0  0  0 -1],[ 0  2  1  1  0  0 -1 -1 -2],[ 1  1  0  1  0  1  0  0  1],[ 1  2  0  2  0  1  0  0  1],[ 3  3  2  2  1  2 -1 -1  0]]",True,"[-2,-2,-1,0,0,1,1,3,-1,-1,2,2,1,2,3,0,1,1,0,0,2,1,1,1,2,2,0,0,0,1,1,1,2,0,-1,-1]","[-3,-1,-1,0,0,1,2,2,-1,-1,1,2,2,2,3,0,0,1,1,0,1,0,1,2,0,2,0,1,1,2,1,1,2,0,-1,-1]",t^8+50t^6+194t^4+108t^2+4,"[-3,-1,-1,0,0,1,2,2,3,3,1,2,2,2,3,0,0,1,0,1,3,0,1,1,2,3,0,0,0,1,0,0,1,2,1,-1]","[-2,-2,-1,0,0,1,1,3,-1,1,1,1,3,3,3,2,0,0,1,2,2,0,0,0,1,2,0,0,0,1,1,1,2,0,3,3]","[-3,-1,-1,0,0,1,2,2,-1,-1,1,2,2,2,3,0,0,1,1,0,1,0,1,2,0,2,0,1,1,2,1,1,2,0,-1,-1]",c,"[[{8, 1}, {2, 7}, {3, 6}, {4, 5}], [{8, 1}, {2, 7}, {4, 6}, {3, 5}], [{8, 1}, {2, 7}, {4, 6}, {5}, {3}], [{8, 1}, {2, 7}, {5, 6}, {3, 4}], [{8, 1}, {3, 7}, {2, 6}, {4, 5}], [{8, 1}, {3, 7}, {4, 6}, {2, 5}], [{8, 1}, {3, 7}, {4, 6}, {5}, {2}], [{8, 1}, {3, 7}, {5, 6}, {2, 4}], [{8, 1}, {4, 7}, {2, 6}, {3, 5}], [{8, 1}, {4, 7}, {3, 6}, {2, 5}], [{8, 1}, {4, 7}, {5, 6}, {2, 3}], [{8, 1}, {4, 7}, {6}, {3, 5}, {2}], [{8, 1}, {5, 7}, {2, 6}, {3, 4}], [{8, 1}, {5, 7}, {3, 6}, {2, 4}], [{8, 1}, {5, 7}, {4, 6}, {2, 3}], [{8, 1}, {5, 7}, {6}, {2, 4}, {3}], [{8, 1}, {6, 7}, {2, 5}, {3, 4}], [{8, 1}, {6, 7}, {3, 5}, {2, 4}], [{8, 1}, {6, 7}, {4, 5}, {2, 3}], [{8, 1}, {6, 7}, {5}, {2, 4}, {3}], [{8, 1}, {7}, {4, 6}, {5}, {2, 3}], [{8, 1}, {7}, {5, 6}, {2, 4}, {3}], [{8, 1}, {7}, {5, 6}, {3, 4}, {2}], [{8, 1}, {7}, {5, 6}, {4}, {2, 3}], [{8, 1}, {7}, {6}, {4, 5}, {2, 3}], [{8, 2}, {1, 7}, {3, 6}, {4, 5}], [{8, 2}, {1, 7}, {4, 6}, {3, 5}], [{8, 2}, {1, 7}, {5, 6}, {3, 4}], [{8, 2}, {3, 7}, {1, 6}, {4, 5}], [{8, 2}, {3, 7}, {4, 6}, {1, 5}], [{8, 2}, {3, 7}, {5, 6}, {1, 4}], [{8, 2}, {3, 7}, {6}, {4, 5}, {1}], [{8, 2}, {4, 7}, {1, 6}, {3, 5}], [{8, 2}, {4, 7}, {3, 6}, {1, 5}], [{8, 2}, {4, 7}, {5, 6}, {1, 3}], [{8, 2}, {5, 7}, {1, 6}, {3, 4}], [{8, 2}, {5, 7}, {3, 6}, {1, 4}], [{8, 2}, {5, 7}, {4, 6}, {1, 3}], [{8, 2}, {5, 7}, {6}, {1, 4}, {3}], [{8, 2}, {6, 7}, {1, 5}, {3, 4}], [{8, 2}, {6, 7}, {1, 5}, {4}, {3}], [{8, 2}, {6, 7}, {3, 5}, {1, 4}], [{8, 2}, {6, 7}, {4, 5}, {1, 3}], [{8, 2}, {6, 7}, {4, 5}, {3}, {1}], [{8, 2}, {6, 7}, {5}, {1, 4}, {3}], [{8, 2}, {7}, {3, 6}, {4, 5}, {1}], [{8, 2}, {7}, {4, 6}, {3, 5}, {1}], [{8, 2}, {7}, {5, 6}, {1, 4}, {3}], [{8, 2}, {7}, {5, 6}, {3, 4}, {1}], [{8, 2}, {7}, {5, 6}, {4}, {1, 3}], [{8, 3}, {1, 7}, {2, 6}, {4, 5}], [{8, 3}, {1, 7}, {4, 6}, {2, 5}], [{8, 3}, {1, 7}, {5, 6}, {2, 4}], [{8, 3}, {1, 7}, {5, 6}, {4}, {2}], [{8, 3}, {2, 7}, {1, 6}, {4, 5}], [{8, 3}, {2, 7}, {4, 6}, {1, 5}], [{8, 3}, {2, 7}, {5, 6}, {1, 4}], [{8, 3}, {2, 7}, {5, 6}, {4}, {1}], [{8, 3}, {4, 7}, {1, 6}, {2, 5}], [{8, 3}, {4, 7}, {2, 6}, {1, 5}], [{8, 3}, {4, 7}, {5, 6}, {1, 2}], [{8, 3}, {4, 7}, {5, 6}, {2}, {1}], [{8, 3}, {5, 7}, {1, 6}, {2, 4}], [{8, 3}, {5, 7}, {1, 6}, {4}, {2}], [{8, 3}, {5, 7}, {2, 6}, {1, 4}], [{8, 3}, {5, 7}, {4, 6}, {1, 2}], [{8, 3}, {6, 7}, {1, 5}, {2, 4}], [{8, 3}, {6, 7}, {1, 5}, {4}, {2}], [{8, 3}, {6, 7}, {2, 5}, {1, 4}], [{8, 3}, {6, 7}, {4, 5}, {1, 2}], [{8, 3}, {7}, {2, 6}, {4, 5}, {1}], [{8, 3}, {7}, {4, 6}, {2, 5}, {1}], [{8, 3}, {7}, {5, 6}, {1, 4}, {2}], [{8, 3}, {7}, {5, 6}, {2, 4}, {1}], [{8, 3}, {7}, {5, 6}, {4}, {1, 2}], [{8, 3}, {7}, {5, 6}, {4}, {2}, {1}], [{8, 4}, {1, 7}, {2, 6}, {3, 5}], [{8, 4}, {1, 7}, {2, 6}, {5}, {3}], [{8, 4}, {1, 7}, {3, 6}, {2, 5}], [{8, 4}, {1, 7}, {3, 6}, {5}, {2}], [{8, 4}, {1, 7}, {5, 6}, {2, 3}], [{8, 4}, {1, 7}, {5, 6}, {3}, {2}], [{8, 4}, {1, 7}, {6}, {2, 5}, {3}], [{8, 4}, {1, 7}, {6}, {3, 5}, {2}], [{8, 4}, {1, 7}, {6}, {5}, {2, 3}], [{8, 4}, {1, 7}, {6}, {5}, {3}, {2}], [{8, 4}, {2, 7}, {1, 6}, {3, 5}], [{8, 4}, {2, 7}, {3, 6}, {1, 5}], [{8, 4}, {2, 7}, {5, 6}, {1, 3}], [{8, 4}, {2, 7}, {5, 6}, {3}, {1}], [{8, 4}, {3, 7}, {1, 6}, {2, 5}], [{8, 4}, {3, 7}, {2, 6}, {1, 5}], [{8, 4}, {3, 7}, {5, 6}, {1, 2}], [{8, 4}, {3, 7}, {5, 6}, {2}, {1}], [{8, 4}, {5, 7}, {1, 6}, {2, 3}], [{8, 4}, {5, 7}, {1, 6}, {3}, {2}], [{8, 4}, {5, 7}, {2, 6}, {1, 3}], [{8, 4}, {5, 7}, {3, 6}, {1, 2}], [{8, 4}, {6, 7}, {1, 5}, {2, 3}], [{8, 4}, {6, 7}, {1, 5}, {3}, {2}], [{8, 4}, {6, 7}, {2, 5}, {1, 3}], [{8, 4}, {6, 7}, {3, 5}, {1, 2}], [{8, 4}, {7}, {5, 6}, {1, 3}, {2}], [{8, 4}, {7}, {5, 6}, {2, 3}, {1}], [{8, 4}, {7}, {5, 6}, {3}, {1, 2}], [{8, 4}, {7}, {5, 6}, {3}, {2}, {1}], [{8, 5}, {1, 7}, {2, 6}, {3, 4}], [{8, 5}, {1, 7}, {3, 6}, {2, 4}], [{8, 5}, {1, 7}, {4, 6}, {2, 3}], [{8, 5}, {2, 7}, {1, 6}, {3, 4}], [{8, 5}, {2, 7}, {3, 6}, {1, 4}], [{8, 5}, {2, 7}, {4, 6}, {1, 3}], [{8, 5}, {2, 7}, {6}, {3, 4}, {1}], [{8, 5}, {3, 7}, {1, 6}, {2, 4}], [{8, 5}, {3, 7}, {2, 6}, {1, 4}], [{8, 5}, {3, 7}, {4, 6}, {1, 2}], [{8, 5}, {4, 7}, {1, 6}, {2, 3}], [{8, 5}, {4, 7}, {2, 6}, {1, 3}], [{8, 5}, {4, 7}, {3, 6}, {1, 2}], [{8, 5}, {4, 7}, {6}, {1, 3}, {2}], [{8, 5}, {6, 7}, {1, 4}, {2, 3}], [{8, 5}, {6, 7}, {2, 4}, {1, 3}], [{8, 5}, {6, 7}, {2, 4}, {3}, {1}], [{8, 5}, {6, 7}, {3, 4}, {1, 2}], [{8, 6}, {1, 7}, {2, 5}, {3, 4}], [{8, 6}, {1, 7}, {3, 5}, {2, 4}], [{8, 6}, {1, 7}, {4, 5}, {2, 3}], [{8, 6}, {2, 7}, {1, 5}, {3, 4}], [{8, 6}, {2, 7}, {1, 5}, {4}, {3}], [{8, 6}, {2, 7}, {3, 5}, {1, 4}], [{8, 6}, {2, 7}, {4, 5}, {1, 3}], [{8, 6}, {2, 7}, {5}, {3, 4}, {1}], [{8, 6}, {3, 7}, {1, 5}, {2, 4}], [{8, 6}, {3, 7}, {2, 5}, {1, 4}], [{8, 6}, {3, 7}, {4, 5}, {1, 2}], [{8, 6}, {3, 7}, {4, 5}, {2}, {1}], [{8, 6}, {4, 7}, {1, 5}, {2, 3}], [{8, 6}, {4, 7}, {2, 5}, {1, 3}], [{8, 6}, {4, 7}, {3, 5}, {1, 2}], [{8, 6}, {5, 7}, {1, 4}, {2, 3}], [{8, 6}, {5, 7}, {2, 4}, {1, 3}], [{8, 6}, {5, 7}, {3, 4}, {1, 2}], [{8, 6}, {5, 7}, {4}, {1, 3}, {2}], [{8, 7}, {1, 6}, {2, 5}, {3, 4}], [{8, 7}, {1, 6}, {3, 5}, {2, 4}], [{8, 7}, {1, 6}, {4, 5}, {2, 3}], [{8, 7}, {2, 6}, {1, 5}, {3, 4}], [{8, 7}, {2, 6}, {1, 5}, {4}, {3}], [{8, 7}, {2, 6}, {3, 5}, {1, 4}], [{8, 7}, {2, 6}, {4, 5}, {1, 3}], [{8, 7}, {2, 6}, {4, 5}, {3}, {1}], [{8, 7}, {2, 6}, {5}, {1, 4}, {3}], [{8, 7}, {3, 6}, {1, 5}, {2, 4}], [{8, 7}, {3, 6}, {2, 5}, {1, 4}], [{8, 7}, {3, 6}, {4, 5}, {1, 2}], [{8, 7}, {4, 6}, {1, 5}, {2, 3}], [{8, 7}, {4, 6}, {2, 5}, {1, 3}], [{8, 7}, {4, 6}, {3, 5}, {1, 2}], [{8, 7}, {5, 6}, {1, 4}, {2, 3}], [{8, 7}, {5, 6}, {2, 4}, {1, 3}], [{8, 7}, {5, 6}, {3, 4}, {1, 2}], [{8, 7}, {5, 6}, {3, 4}, {2}, {1}], [{8}, {1, 7}, {5, 6}, {3, 4}, {2}], [{8}, {2, 7}, {5, 6}, {3, 4}, {1}], [{8}, {3, 7}, {2, 6}, {4, 5}, {1}], [{8}, {4, 7}, {2, 6}, {3, 5}, {1}], [{8}, {5, 7}, {1, 6}, {3, 4}, {2}], [{8}, {5, 7}, {4, 6}, {3}, {1, 2}], [{8}, {6, 7}, {1, 5}, {2, 4}, {3}], [{8}, {6, 7}, {1, 5}, {3, 4}, {2}], [{8}, {6, 7}, {1, 5}, {4}, {2, 3}], [{8}, {6, 7}, {1, 5}, {4}, {3}, {2}], [{8}, {7}, {5, 6}, {1, 4}, {2, 3}], [{8}, {7}, {5, 6}, {2, 4}, {1, 3}], [{8}, {7}, {5, 6}, {3, 4}, {1, 2}], [{8}, {7}, {5, 6}, {3, 4}, {2}, {1}]]",2,16 K_1^3 + 4 K_1^2 K_2 - 22 K_1^2 - 18 K_1 K_2 - 2 K_1 K_3 - 3 K_1 - 2 K_2^2 + 10 K_2 + 5 K_3 + K_4 + 12,O1O2O3O4U5U1O6U7O5O8U4U6U3U8O7U2,O1O2O3O4U1U5O6U3O7O5U4U2U8U7O8U6,O1O2O3O4U5O6U7U6U3U1O8O7U2O5U8U4,c,{'O1O2O3O4U3O5U6U2U7U1O6O8U5O7U4U8'},1,"<a href=""/flatknot/8.733803"">8.733803</a>",t^9-52t^7-166t^6-22t^5+256t^4-140t^3-376t^2-17t+2,t^3-2t^2+t,,
8.733804,O1O2O3O4U3O5U6U2U7U1O6O8U5O7U8U4,4,17z^2+94z+121,17w^3z^2+94w^2z+121w,False,False,"[[ 0  0 -1 -1  3  2 -3  0  0],[ 0  0  0  0  2  1 -1  0  0],[ 1  0  0  0  2  0  1  1  1],[ 1  0  0  0  1  0  1  1  0],[-3 -2 -2 -1  0  0 -4 -2  0],[-2 -1  0  0  0  0 -2 -1  0],[ 3  1 -1 -1  4  2  0  2  1],[ 0  0 -1 -1  2  1 -2  0  0],[ 0  0 -1  0  0  0 -1  0  0]]","[[ 0  3  2  0  0  0 -1 -1 -3],[-3  0  0  0 -2 -2 -1 -2 -4],[-2  0  0  0 -1 -1  0  0 -2],[ 0  0  0  0  0  0  0 -1 -1],[ 0  2  1  0  0  0  0  0 -1],[ 0  2  1  0  0  0 -1 -1 -2],[ 1  1  0  0  0  1  0  0  1],[ 1  2  0  1  0  1  0  0  1],[ 3  4  2  1  1  2 -1 -1  0]]",True,"[-3,-2,0,0,0,1,1,3,0,0,2,2,1,2,4,0,1,1,0,0,2,0,0,0,1,1,0,0,0,1,1,1,2,0,-1,-1]","[-3,-2,0,0,0,1,1,3,0,0,2,2,1,2,4,0,1,1,0,0,2,0,0,0,1,1,0,0,0,1,1,1,2,0,-1,-1]",t^8+46t^6+117t^4+48t^2+4,"[-3,-1,-1,0,0,0,2,3,3,3,1,2,2,3,2,0,0,0,1,3,2,0,1,1,3,3,0,0,1,1,0,2,3,1,1,1]","[-3,-2,0,0,0,1,1,3,1,1,1,3,2,3,2,1,1,2,3,3,3,0,0,0,0,1,0,1,1,2,0,1,2,0,3,3]","[-3,-1,-1,0,0,0,2,3,-1,-1,1,1,2,2,4,0,0,0,1,0,1,0,1,1,0,2,0,0,1,2,0,0,0,1,2,0]",c,"[[{8, 1}, {2, 7}, {5, 6}, {3, 4}]]",1,32 K_1^3 + 8 K_1^2 K_2 - 30 K_1^2 - 24 K_1 K_2 - 8 K_1 K_3 - 12 K_1 + 15 K_2 + 4 K_3 + 2 K_4 + 14,O1O2O3O4U1U5O6U7O5O8U4U6U3U8O7U2,O1O2O3O4U1U5O6U3O5O7U4U2U8U7O8U6,O1O2O3O4U5O6U7U6U3U1O7O8U2O5U8U4,c,{'O1O2O3O4U3O5U6U2U7U1O6O8U5O7U8U4'},1,"<a href=""/flatknot/8.733804"">8.733804</a>",t^9-44t^7-118t^6+10t^5+128t^4-90t^3-40t^2+31t+2,-t^2+2t,,
8.733805,O1O2O3O4U3O5U6U2U7U4O6O8U5O7U1U8,4,2z^3+31z^2+110z+113,2w^4z^3+31w^3z^2+110w^2z+113w,False,False,"[[ 0 -1 -1 -1  3  2 -3  0  1],[ 1  0 -1 -1  3  3 -2  0  1],[ 1  1  0  0  2  1  0  0  1],[ 1  1  0  0  1  1  0  0  0],[-3 -3 -2 -1  0  0 -3 -3  0],[-2 -3 -1 -1  0  0 -2 -1  0],[ 3  2  0  0  3  2  0  2  2],[ 0  0  0  0  3  1 -2  0  1],[-1 -1 -1  0  0  0 -2 -1  0]]","[[ 0  3  2  1  0 -1 -1 -1 -3],[-3  0  0  0 -3 -1 -2 -3 -3],[-2  0  0  0 -1 -1 -1 -3 -2],[-1  0  0  0 -1  0 -1 -1 -2],[ 0  3  1  1  0  0  0  0 -2],[ 1  1  1  0  0  0  0  1  0],[ 1  2  1  1  0  0  0  1  0],[ 1  3  3  1  0 -1 -1  0 -2],[ 3  3  2  2  2  0  0  2  0]]",True,"[-3,-2,-1,0,1,1,1,3,0,0,3,1,2,3,3,0,1,1,1,3,2,1,0,1,1,2,0,0,0,2,0,-1,0,-1,0,2]","[-3,-2,-1,0,1,1,1,3,0,0,3,1,2,3,3,0,1,1,1,3,2,1,0,1,1,2,0,0,0,2,0,-1,0,-1,0,2]",t^8+65t^6+216t^4+148t^2+1,"[-3,-1,-1,-1,0,1,2,3,0,2,2,1,2,3,3,1,1,1,1,0,1,0,1,1,2,2,1,2,2,3,0,1,0,1,2,1]","[-3,-2,-1,0,1,1,1,3,1,2,0,1,2,3,3,1,1,0,2,2,3,0,1,1,2,2,1,1,1,1,-1,-1,0,0,2,2]","[-3,-1,-1,-1,0,1,2,3,0,0,2,2,2,2,3,0,1,0,0,1,1,1,0,1,1,2,0,1,3,3,1,1,3,0,0,0]",c,"[[{8, 1}, {2, 7}, {3, 6}, {4, 5}], [{8, 1}, {2, 7}, {4, 6}, {3, 5}], [{8, 1}, {2, 7}, {5, 6}, {3, 4}], [{8, 1}, {3, 7}, {2, 6}, {4, 5}], [{8, 1}, {3, 7}, {4, 6}, {2, 5}], [{8, 1}, {3, 7}, {5, 6}, {2, 4}], [{8, 1}, {4, 7}, {2, 6}, {3, 5}], [{8, 1}, {4, 7}, {3, 6}, {2, 5}], [{8, 1}, {4, 7}, {5, 6}, {2, 3}], [{8, 1}, {4, 7}, {5, 6}, {3}, {2}], [{8, 1}, {5, 7}, {2, 6}, {3, 4}], [{8, 1}, {5, 7}, {3, 6}, {2, 4}], [{8, 1}, {5, 7}, {4, 6}, {2, 3}], [{8, 1}, {5, 7}, {6}, {3, 4}, {2}], [{8, 1}, {6, 7}, {2, 5}, {3, 4}], [{8, 1}, {6, 7}, {2, 5}, {4}, {3}], [{8, 1}, {6, 7}, {3, 5}, {2, 4}], [{8, 1}, {6, 7}, {3, 5}, {4}, {2}], [{8, 1}, {6, 7}, {4, 5}, {2, 3}], [{8, 1}, {6, 7}, {5}, {4}, {2, 3}], [{8, 1}, {7}, {2, 6}, {5}, {3, 4}], [{8, 2}, {1, 7}, {3, 6}, {4, 5}], [{8, 2}, {1, 7}, {4, 6}, {3, 5}], [{8, 2}, {1, 7}, {5, 6}, {3, 4}], [{8, 2}, {3, 7}, {1, 6}, {4, 5}], [{8, 2}, {3, 7}, {4, 6}, {1, 5}], [{8, 2}, {3, 7}, {5, 6}, {1, 4}], [{8, 2}, {4, 7}, {1, 6}, {3, 5}], [{8, 2}, {4, 7}, {3, 6}, {1, 5}], [{8, 2}, {4, 7}, {5, 6}, {1, 3}], [{8, 2}, {4, 7}, {5, 6}, {3}, {1}], [{8, 2}, {5, 7}, {1, 6}, {3, 4}], [{8, 2}, {5, 7}, {3, 6}, {1, 4}], [{8, 2}, {5, 7}, {4, 6}, {1, 3}], [{8, 2}, {5, 7}, {4, 6}, {3}, {1}], [{8, 2}, {6, 7}, {1, 5}, {3, 4}], [{8, 2}, {6, 7}, {3, 5}, {1, 4}], [{8, 2}, {6, 7}, {4, 5}, {1, 3}], [{8, 2}, {6, 7}, {4, 5}, {3}, {1}], [{8, 2}, {7}, {1, 6}, {3, 5}, {4}], [{8, 2}, {7}, {3, 6}, {1, 5}, {4}], [{8, 3}, {1, 7}, {2, 6}, {4, 5}], [{8, 3}, {1, 7}, {4, 6}, {2, 5}], [{8, 3}, {1, 7}, {5, 6}, {2, 4}], [{8, 3}, {1, 7}, {5, 6}, {4}, {2}], [{8, 3}, {2, 7}, {1, 6}, {4, 5}], [{8, 3}, {2, 7}, {4, 6}, {1, 5}], [{8, 3}, {2, 7}, {5, 6}, {1, 4}], [{8, 3}, {4, 7}, {1, 6}, {2, 5}], [{8, 3}, {4, 7}, {1, 6}, {5}, {2}], [{8, 3}, {4, 7}, {2, 6}, {1, 5}], [{8, 3}, {4, 7}, {5, 6}, {1, 2}], [{8, 3}, {5, 7}, {1, 6}, {2, 4}], [{8, 3}, {5, 7}, {2, 6}, {1, 4}], [{8, 3}, {5, 7}, {4, 6}, {1, 2}], [{8, 3}, {5, 7}, {6}, {2, 4}, {1}], [{8, 3}, {6, 7}, {1, 5}, {2, 4}], [{8, 3}, {6, 7}, {2, 5}, {1, 4}], [{8, 3}, {6, 7}, {4, 5}, {1, 2}], [{8, 3}, {7}, {1, 6}, {2, 5}, {4}], [{8, 4}, {1, 7}, {2, 6}, {3, 5}], [{8, 4}, {1, 7}, {3, 6}, {2, 5}], [{8, 4}, {1, 7}, {5, 6}, {2, 3}], [{8, 4}, {1, 7}, {5, 6}, {3}, {2}], [{8, 4}, {2, 7}, {1, 6}, {3, 5}], [{8, 4}, {2, 7}, {3, 6}, {1, 5}], [{8, 4}, {2, 7}, {5, 6}, {1, 3}], [{8, 4}, {3, 7}, {1, 6}, {2, 5}], [{8, 4}, {3, 7}, {2, 6}, {1, 5}], [{8, 4}, {3, 7}, {5, 6}, {1, 2}], [{8, 4}, {5, 7}, {1, 6}, {2, 3}], [{8, 4}, {5, 7}, {2, 6}, {1, 3}], [{8, 4}, {5, 7}, {3, 6}, {1, 2}], [{8, 4}, {6, 7}, {1, 5}, {2, 3}], [{8, 4}, {6, 7}, {2, 5}, {1, 3}], [{8, 4}, {6, 7}, {2, 5}, {3}, {1}], [{8, 4}, {6, 7}, {3, 5}, {1, 2}], [{8, 4}, {6, 7}, {3, 5}, {2}, {1}], [{8, 4}, {6, 7}, {5}, {2, 3}, {1}], [{8, 4}, {7}, {3, 6}, {1, 5}, {2}], [{8, 5}, {1, 7}, {2, 6}, {3, 4}], [{8, 5}, {1, 7}, {3, 6}, {2, 4}], [{8, 5}, {1, 7}, {4, 6}, {2, 3}], [{8, 5}, {1, 7}, {6}, {3, 4}, {2}], [{8, 5}, {2, 7}, {1, 6}, {3, 4}], [{8, 5}, {2, 7}, {3, 6}, {1, 4}], [{8, 5}, {2, 7}, {4, 6}, {1, 3}], [{8, 5}, {2, 7}, {4, 6}, {3}, {1}], [{8, 5}, {3, 7}, {1, 6}, {2, 4}], [{8, 5}, {3, 7}, {2, 6}, {1, 4}], [{8, 5}, {3, 7}, {4, 6}, {1, 2}], [{8, 5}, {3, 7}, {6}, {4}, {1, 2}], [{8, 5}, {4, 7}, {1, 6}, {2, 3}], [{8, 5}, {4, 7}, {1, 6}, {3}, {2}], [{8, 5}, {4, 7}, {2, 6}, {1, 3}], [{8, 5}, {4, 7}, {3, 6}, {1, 2}], [{8, 5}, {6, 7}, {1, 4}, {2, 3}], [{8, 5}, {6, 7}, {2, 4}, {1, 3}], [{8, 5}, {6, 7}, {3, 4}, {1, 2}], [{8, 5}, {6, 7}, {4}, {1, 3}, {2}], [{8, 6}, {1, 7}, {2, 5}, {3, 4}], [{8, 6}, {1, 7}, {3, 5}, {2, 4}], [{8, 6}, {1, 7}, {4, 5}, {2, 3}], [{8, 6}, {1, 7}, {5}, {2, 4}, {3}], [{8, 6}, {1, 7}, {5}, {3, 4}, {2}], [{8, 6}, {1, 7}, {5}, {4}, {2, 3}], [{8, 6}, {2, 7}, {1, 5}, {3, 4}], [{8, 6}, {2, 7}, {3, 5}, {1, 4}], [{8, 6}, {2, 7}, {4, 5}, {1, 3}], [{8, 6}, {2, 7}, {5}, {1, 4}, {3}], [{8, 6}, {3, 7}, {1, 5}, {2, 4}], [{8, 6}, {3, 7}, {2, 5}, {1, 4}], [{8, 6}, {3, 7}, {4, 5}, {1, 2}], [{8, 6}, {4, 7}, {1, 5}, {2, 3}], [{8, 6}, {4, 7}, {2, 5}, {1, 3}], [{8, 6}, {4, 7}, {2, 5}, {3}, {1}], [{8, 6}, {4, 7}, {3, 5}, {1, 2}], [{8, 6}, {5, 7}, {1, 4}, {2, 3}], [{8, 6}, {5, 7}, {2, 4}, {1, 3}], [{8, 6}, {5, 7}, {3, 4}, {1, 2}], [{8, 6}, {7}, {3, 5}, {4}, {1, 2}], [{8, 7}, {1, 6}, {2, 5}, {3, 4}], [{8, 7}, {1, 6}, {3, 5}, {2, 4}], [{8, 7}, {1, 6}, {4, 5}, {2, 3}], [{8, 7}, {1, 6}, {5}, {4}, {2, 3}], [{8, 7}, {2, 6}, {1, 5}, {3, 4}], [{8, 7}, {2, 6}, {1, 5}, {4}, {3}], [{8, 7}, {2, 6}, {3, 5}, {1, 4}], [{8, 7}, {2, 6}, {4, 5}, {1, 3}], [{8, 7}, {3, 6}, {1, 5}, {2, 4}], [{8, 7}, {3, 6}, {1, 5}, {4}, {2}], [{8, 7}, {3, 6}, {2, 5}, {1, 4}], [{8, 7}, {3, 6}, {4, 5}, {1, 2}], [{8, 7}, {4, 6}, {1, 5}, {2, 3}], [{8, 7}, {4, 6}, {2, 5}, {1, 3}], [{8, 7}, {4, 6}, {2, 5}, {3}, {1}], [{8, 7}, {4, 6}, {3, 5}, {1, 2}], [{8, 7}, {5, 6}, {1, 4}, {2, 3}], [{8, 7}, {5, 6}, {2, 4}, {1, 3}], [{8, 7}, {5, 6}, {3, 4}, {1, 2}], [{8, 7}, {5, 6}, {4}, {2, 3}, {1}], [{8, 7}, {6}, {1, 5}, {4}, {2, 3}], [{8, 7}, {6}, {3, 5}, {2, 4}, {1}], [{8}, {1, 7}, {4, 6}, {3, 5}, {2}], [{8}, {1, 7}, {5, 6}, {3, 4}, {2}], [{8}, {2, 7}, {3, 6}, {1, 5}, {4}], [{8}, {2, 7}, {6}, {3, 5}, {1, 4}], [{8}, {3, 7}, {4, 6}, {1, 5}, {2}], [{8}, {3, 7}, {5, 6}, {1, 4}, {2}], [{8}, {4, 7}, {1, 6}, {3, 5}, {2}], [{8}, {4, 7}, {3, 6}, {1, 5}, {2}], [{8}, {4, 7}, {5, 6}, {3}, {1, 2}], [{8}, {5, 7}, {2, 6}, {3, 4}, {1}], [{8}, {6, 7}, {1, 5}, {3, 4}, {2}], [{8}, {6, 7}, {2, 5}, {1, 4}, {3}], [{8}, {6, 7}, {3, 5}, {1, 4}, {2}], [{8}, {6, 7}, {5}, {1, 4}, {2, 3}], [{8}, {7}, {2, 6}, {3, 5}, {1, 4}], [{8}, {7}, {3, 6}, {1, 5}, {2, 4}], [{8}, {7}, {3, 6}, {1, 5}, {4}, {2}]]",2,4 K_1^3 + 20 K_1^2 K_2 - 22 K_1^2 - 16 K_1 K_2 - 12 K_1 K_3 + 5 K_1 - 4 K_2^2 + 7 K_2 + 7 K_3 + 3 K_4 + 9,O1O2O3O4U5U4O6U7O5O8U1U6U3U8O7U2,O1O2O3O4U1U5O6U3O7O5U7U2U8U4O8U6,O1O2O3O4U5O6U1U6U3U7O8O7U2O5U8U4,c,{'O1O2O3O4U3O5U6U2U7U4O6O8U5O7U1U8'},1,"<a href=""/flatknot/8.733805"">8.733805</a>",t^9-63t^7-168t^6+301t^5+536t^4-406t^3-172t^2+140t-20,-t^2+2t,,
8.733806,O1O2O3O4U3O5U6U2U7U8O6O8U4O7U1U5,4,22z^2+107z+127,22w^3z^2+107w^2z+127w,False,False,"[[ 0 -1 -1 -1  2  3 -3  0  1],[ 1  0  0 -1  3  3 -2  1  2],[ 1  0  0  0  1  1  1  1  2],[ 1  1  0  0  1  1  1  0  1],[-2 -3 -1 -1  0  0 -3 -1 -1],[-3 -3 -1 -1  0  0 -5 -2 -2],[ 3  2 -1 -1  3  5  0  1  3],[ 0 -1 -1  0  1  2 -1  0  1],[-1 -2 -2 -1  1  2 -3 -1  0]]","[[ 0  3  2  1  0 -1 -1 -1 -3],[-3  0  0 -2 -2 -1 -1 -3 -5],[-2  0  0 -1 -1 -1 -1 -3 -3],[-1  2  1  0 -1 -1 -2 -2 -3],[ 0  2  1  1  0  0 -1 -1 -1],[ 1  1  1  1  0  0  0  1  1],[ 1  1  1  2  1  0  0  0  1],[ 1  3  3  2  1 -1  0  0 -2],[ 3  5  3  3  1 -1 -1  2  0]]",True,"[-3,-2,-1,0,1,1,1,3,0,2,2,1,1,3,5,1,1,1,1,3,3,1,1,2,2,3,0,1,1,1,0,-1,-1,0,-1,2]","[-3,-2,-1,0,1,1,1,3,0,2,2,1,1,3,5,1,1,1,1,3,3,1,1,2,2,3,0,1,1,1,0,-1,-1,0,-1,2]",t^8+95t^6+377t^4+163t^2+9,"[-3,-1,-1,-1,0,1,2,3,0,3,3,2,1,2,1,0,1,0,0,0,1,0,0,0,2,3,1,1,2,3,0,1,1,0,0,1]","[-3,-2,-1,0,1,1,1,3,1,0,1,1,3,3,1,0,1,0,2,2,2,0,0,0,1,1,0,0,1,2,0,-1,0,0,3,3]","[-3,-1,-1,-1,0,1,2,3,-1,-1,2,1,3,3,5,0,0,1,2,1,1,1,0,1,1,1,1,2,3,3,1,1,2,1,2,0]",c,"[[{8, 2}, {4, 7}, {1, 6}, {3, 5}]]",1,12 K_1^3 + 12 K_1^2 K_2 - 20 K_1^2 - 20 K_1 K_2 - 10 K_1 K_3 + K_1 - 6 K_2^2 + 9 K_2 + 7 K_3 + 5 K_4 + 11,O1O2O3O4U5U4O6U1O7O8U7U6U3U8O5U2,O1O2O3O4U1U4O5U3O6O7U6U2U8U5O8U7,O1O2O3O4U5O6U7U6U3U8O5O8U2O7U1U4,c,{'O1O2O3O4U3O5U6U2U7U8O6O8U4O7U1U5'},1,"<a href=""/flatknot/8.733806"">8.733806</a>",t^9-93t^7-412t^6-356t^5+600t^4+610t^3-218t^2-162t+60,-t^2+2t,,
8.733807,O1O2O3O4U3O5U6U2U7U8O6O8U5O7U1U4,4,6z^3+43z^2+110z+97,6w^4z^3+43w^3z^2+110w^2z+97w,False,False,"[[ 0 -1 -1 -1  3  2 -3  0  1],[ 1  0  0  0  3  2 -2  1  2],[ 1  0  0  0  2  0  1  1  2],[ 1  0  0  0  1  0  1  1  1],[-3 -3 -2 -1  0  1 -5 -3 -2],[-2 -2  0  0 -1  0 -3 -1 -1],[ 3  2 -1 -1  5  3  0  1  3],[ 0 -1 -1 -1  3  1 -1  0  1],[-1 -2 -2 -1  2  1 -3 -1  0]]","[[ 0  3  2  1  0 -1 -1 -1 -3],[-3  0  1 -2 -3 -1 -2 -3 -5],[-2 -1  0 -1 -1  0  0 -2 -3],[-1  2  1  0 -1 -1 -2 -2 -3],[ 0  3  1  1  0 -1 -1 -1 -1],[ 1  1  0  1  1  0  0  0  1],[ 1  2  0  2  1  0  0  0  1],[ 1  3  2  2  1  0  0  0 -2],[ 3  5  3  3  1 -1 -1  2  0]]",True,"[-3,-2,-1,0,1,1,1,3,-1,2,3,1,2,3,5,1,1,0,0,2,3,1,1,2,2,3,1,1,1,1,0,0,-1,0,-1,2]","[-3,-2,-1,0,1,1,1,3,-1,2,3,1,2,3,5,1,1,0,0,2,3,1,1,2,2,3,1,1,1,1,0,0,-1,0,-1,2]",t^8+97t^6+478t^4+126t^2+4,"[-3,-1,-1,-1,0,1,2,3,0,3,3,2,1,2,1,0,0,0,0,1,1,0,0,0,3,2,0,1,3,3,0,1,0,0,0,2]","[-3,-2,-1,0,1,1,1,3,2,0,0,1,2,3,1,0,1,1,3,3,2,0,0,0,1,1,0,0,0,2,0,0,0,0,3,3]","[-3,-1,-1,-1,0,1,2,3,-1,-1,2,1,3,3,5,0,0,1,1,0,1,0,1,2,0,2,1,2,2,3,1,1,3,1,2,-1]",c,"[[{8, 1}, {2, 7}, {3, 6}, {4, 5}], [{8, 1}, {2, 7}, {3, 6}, {5}, {4}], [{8, 1}, {2, 7}, {4, 6}, {3, 5}], [{8, 1}, {2, 7}, {5, 6}, {3, 4}], [{8, 1}, {3, 7}, {2, 6}, {4, 5}], [{8, 1}, {3, 7}, {4, 6}, {2, 5}], [{8, 1}, {3, 7}, {5, 6}, {2, 4}], [{8, 1}, {4, 7}, {2, 6}, {3, 5}], [{8, 1}, {4, 7}, {3, 6}, {2, 5}], [{8, 1}, {4, 7}, {3, 6}, {5}, {2}], [{8, 1}, {4, 7}, {5, 6}, {2, 3}], [{8, 1}, {5, 7}, {2, 6}, {3, 4}], [{8, 1}, {5, 7}, {3, 6}, {2, 4}], [{8, 1}, {5, 7}, {4, 6}, {2, 3}], [{8, 1}, {6, 7}, {2, 5}, {3, 4}], [{8, 1}, {6, 7}, {3, 5}, {2, 4}], [{8, 1}, {6, 7}, {4, 5}, {2, 3}], [{8, 1}, {7}, {3, 6}, {5}, {2, 4}], [{8, 1}, {7}, {4, 6}, {2, 5}, {3}], [{8, 1}, {7}, {4, 6}, {3, 5}, {2}], [{8, 1}, {7}, {4, 6}, {5}, {2, 3}], [{8, 1}, {7}, {5, 6}, {3, 4}, {2}], [{8, 2}, {1, 7}, {3, 6}, {4, 5}], [{8, 2}, {1, 7}, {4, 6}, {3, 5}], [{8, 2}, {1, 7}, {5, 6}, {3, 4}], [{8, 2}, {1, 7}, {5, 6}, {4}, {3}], [{8, 2}, {3, 7}, {1, 6}, {4, 5}], [{8, 2}, {3, 7}, {4, 6}, {1, 5}], [{8, 2}, {3, 7}, {5, 6}, {1, 4}], [{8, 2}, {4, 7}, {1, 6}, {3, 5}], [{8, 2}, {4, 7}, {3, 6}, {1, 5}], [{8, 2}, {4, 7}, {5, 6}, {1, 3}], [{8, 2}, {4, 7}, {5, 6}, {3}, {1}], [{8, 2}, {5, 7}, {1, 6}, {3, 4}], [{8, 2}, {5, 7}, {3, 6}, {1, 4}], [{8, 2}, {5, 7}, {4, 6}, {1, 3}], [{8, 2}, {6, 7}, {1, 5}, {3, 4}], [{8, 2}, {6, 7}, {3, 5}, {1, 4}], [{8, 2}, {6, 7}, {4, 5}, {1, 3}], [{8, 2}, {7}, {1, 6}, {4, 5}, {3}], [{8, 2}, {7}, {5, 6}, {1, 4}, {3}], [{8, 3}, {1, 7}, {2, 6}, {4, 5}], [{8, 3}, {1, 7}, {4, 6}, {2, 5}], [{8, 3}, {1, 7}, {5, 6}, {2, 4}], [{8, 3}, {2, 7}, {1, 6}, {4, 5}], [{8, 3}, {2, 7}, {4, 6}, {1, 5}], [{8, 3}, {2, 7}, {5, 6}, {1, 4}], [{8, 3}, {4, 7}, {1, 6}, {2, 5}], [{8, 3}, {4, 7}, {2, 6}, {1, 5}], [{8, 3}, {4, 7}, {2, 6}, {5}, {1}], [{8, 3}, {4, 7}, {5, 6}, {1, 2}], [{8, 3}, {5, 7}, {1, 6}, {2, 4}], [{8, 3}, {5, 7}, {1, 6}, {4}, {2}], [{8, 3}, {5, 7}, {2, 6}, {1, 4}], [{8, 3}, {5, 7}, {4, 6}, {1, 2}], [{8, 3}, {6, 7}, {1, 5}, {2, 4}], [{8, 3}, {6, 7}, {2, 5}, {1, 4}], [{8, 3}, {6, 7}, {4, 5}, {1, 2}], [{8, 4}, {1, 7}, {2, 6}, {3, 5}], [{8, 4}, {1, 7}, {3, 6}, {2, 5}], [{8, 4}, {1, 7}, {5, 6}, {2, 3}], [{8, 4}, {1, 7}, {5, 6}, {3}, {2}], [{8, 4}, {2, 7}, {1, 6}, {3, 5}], [{8, 4}, {2, 7}, {3, 6}, {1, 5}], [{8, 4}, {2, 7}, {5, 6}, {1, 3}], [{8, 4}, {3, 7}, {1, 6}, {2, 5}], [{8, 4}, {3, 7}, {2, 6}, {1, 5}], [{8, 4}, {3, 7}, {5, 6}, {1, 2}], [{8, 4}, {5, 7}, {1, 6}, {2, 3}], [{8, 4}, {5, 7}, {2, 6}, {1, 3}], [{8, 4}, {5, 7}, {3, 6}, {1, 2}], [{8, 4}, {6, 7}, {1, 5}, {2, 3}], [{8, 4}, {6, 7}, {2, 5}, {1, 3}], [{8, 4}, {6, 7}, {3, 5}, {1, 2}], [{8, 4}, {7}, {3, 6}, {5}, {1, 2}], [{8, 5}, {1, 7}, {2, 6}, {3, 4}], [{8, 5}, {1, 7}, {3, 6}, {2, 4}], [{8, 5}, {1, 7}, {3, 6}, {4}, {2}], [{8, 5}, {1, 7}, {4, 6}, {2, 3}], [{8, 5}, {2, 7}, {1, 6}, {3, 4}], [{8, 5}, {2, 7}, {3, 6}, {1, 4}], [{8, 5}, {2, 7}, {4, 6}, {1, 3}], [{8, 5}, {3, 7}, {1, 6}, {2, 4}], [{8, 5}, {3, 7}, {2, 6}, {1, 4}], [{8, 5}, {3, 7}, {4, 6}, {1, 2}], [{8, 5}, {4, 7}, {1, 6}, {2, 3}], [{8, 5}, {4, 7}, {2, 6}, {1, 3}], [{8, 5}, {4, 7}, {3, 6}, {1, 2}], [{8, 5}, {4, 7}, {6}, {1, 3}, {2}], [{8, 5}, {6, 7}, {1, 4}, {2, 3}], [{8, 5}, {6, 7}, {2, 4}, {1, 3}], [{8, 5}, {6, 7}, {3, 4}, {1, 2}], [{8, 5}, {7}, {2, 6}, {3, 4}, {1}], [{8, 6}, {1, 7}, {2, 5}, {3, 4}], [{8, 6}, {1, 7}, {3, 5}, {2, 4}], [{8, 6}, {1, 7}, {4, 5}, {2, 3}], [{8, 6}, {1, 7}, {5}, {3, 4}, {2}], [{8, 6}, {2, 7}, {1, 5}, {3, 4}], [{8, 6}, {2, 7}, {3, 5}, {1, 4}], [{8, 6}, {2, 7}, {4, 5}, {1, 3}], [{8, 6}, {2, 7}, {5}, {4}, {1, 3}], [{8, 6}, {3, 7}, {1, 5}, {2, 4}], [{8, 6}, {3, 7}, {2, 5}, {1, 4}], [{8, 6}, {3, 7}, {4, 5}, {1, 2}], [{8, 6}, {3, 7}, {5}, {1, 4}, {2}], [{8, 6}, {4, 7}, {1, 5}, {2, 3}], [{8, 6}, {4, 7}, {2, 5}, {1, 3}], [{8, 6}, {4, 7}, {3, 5}, {1, 2}], [{8, 6}, {4, 7}, {5}, {1, 3}, {2}], [{8, 6}, {5, 7}, {1, 4}, {2, 3}], [{8, 6}, {5, 7}, {2, 4}, {1, 3}], [{8, 6}, {5, 7}, {3, 4}, {1, 2}], [{8, 6}, {5, 7}, {4}, {1, 3}, {2}], [{8, 6}, {7}, {2, 5}, {4}, {1, 3}], [{8, 6}, {7}, {4, 5}, {1, 3}, {2}], [{8, 6}, {7}, {5}, {2, 4}, {1, 3}], [{8, 6}, {7}, {5}, {4}, {1, 3}, {2}], [{8, 7}, {1, 6}, {2, 5}, {3, 4}], [{8, 7}, {1, 6}, {3, 5}, {2, 4}], [{8, 7}, {1, 6}, {4, 5}, {2, 3}], [{8, 7}, {2, 6}, {1, 5}, {3, 4}], [{8, 7}, {2, 6}, {3, 5}, {1, 4}], [{8, 7}, {2, 6}, {4, 5}, {1, 3}], [{8, 7}, {3, 6}, {1, 5}, {2, 4}], [{8, 7}, {3, 6}, {1, 5}, {4}, {2}], [{8, 7}, {3, 6}, {2, 5}, {1, 4}], [{8, 7}, {3, 6}, {4, 5}, {1, 2}], [{8, 7}, {4, 6}, {1, 5}, {2, 3}], [{8, 7}, {4, 6}, {2, 5}, {1, 3}], [{8, 7}, {4, 6}, {3, 5}, {1, 2}], [{8, 7}, {5, 6}, {1, 4}, {2, 3}], [{8, 7}, {5, 6}, {2, 4}, {1, 3}], [{8, 7}, {5, 6}, {3, 4}, {1, 2}], [{8, 7}, {6}, {5}, {1, 4}, {2, 3}], [{8, 7}, {6}, {5}, {2, 4}, {1, 3}], [{8}, {1, 7}, {2, 6}, {4, 5}, {3}], [{8}, {1, 7}, {5, 6}, {2, 4}, {3}], [{8}, {2, 7}, {4, 6}, {3, 5}, {1}], [{8}, {2, 7}, {5, 6}, {3, 4}, {1}], [{8}, {4, 7}, {3, 6}, {2, 5}, {1}], [{8}, {4, 7}, {5, 6}, {1, 3}, {2}], [{8}, {5, 7}, {1, 6}, {2, 4}, {3}], [{8}, {6, 7}, {3, 5}, {4}, {1, 2}], [{8}, {6, 7}, {4, 5}, {3}, {1, 2}], [{8}, {6, 7}, {5}, {2, 4}, {1, 3}], [{8}, {6, 7}, {5}, {3, 4}, {1, 2}]]",2,4 K_1^3 + 8 K_1^2 K_2 - 10 K_1^2 - 8 K_1 K_2 - 8 K_1 K_3 + K_1 + 5 K_2 + 3 K_3 + 2 K_4 + 4,O1O2O3O4U1U4O5U6O7O8U7U5U3U8O6U2,O1O2O3O4U1U4O5U3O6O7U6U2U8U7O8U5,O1O2O3O4U5O6U7U6U3U8O7O8U2O5U1U4,c,{'O1O2O3O4U3O5U6U2U7U8O6O8U5O7U1U4'},1,"<a href=""/flatknot/8.733807"">8.733807</a>",t^9-95t^7-448t^6-443t^5+716t^4+872t^3-762t^2-763t+126,-t^2+2t,,
8.733808,O1O2O3O4U3O5U6U4U1U2O6O7U5O8U7U8,4,3z^3+36z^2+112z+105,3w^4z^3+36w^3z^2+112w^2z+105w,False,False,"[[ 0 -1  1 -1  1  2 -3  0  1],[ 1  0  1 -1  1  2 -1  1  0],[-1 -1  0 -1  1  1 -2  1  0],[ 1  1  1  0  1  1  0  0  0],[-1 -1 -1 -1  0  0 -1  1  0],[-2 -2 -1 -1  0  0 -2  1  1],[ 3  1  2  0  1  2  0  0  1],[ 0 -1 -1  0 -1 -1  0  0  1],[-1  0  0  0  0 -1 -1 -1  0]]","[[ 0  2  1  1  1  0 -1 -1 -3],[-2  0  1  0 -1  1 -1 -2 -2],[-1 -1  0  0  0 -1  0  0 -1],[-1  0  0  0 -1  1 -1 -1 -1],[-1  1  0  1  0  1 -1 -1 -2],[ 0 -1  1 -1 -1  0  0 -1  0],[ 1  1  0  1  1  0  0  1  0],[ 1  2  0  1  1  1 -1  0 -1],[ 3  2  1  1  2  0  0  1  0]]",True,"[-2,-1,-1,-1,0,1,1,3,-1,0,1,-1,1,2,2,0,0,1,0,0,1,1,-1,1,1,1,-1,1,1,2,0,1,0,-1,0,1]","[-3,-1,-1,0,1,1,1,2,0,1,0,1,1,2,2,1,0,0,1,1,1,1,0,1,1,2,1,-1,-1,-1,0,0,-1,-1,0,1]",t^8+29t^6+82t^4+14t^2,"[-3,-1,-1,0,1,1,1,2,1,2,3,2,3,3,3,1,0,1,1,2,1,1,1,1,2,2,2,2,0,3,-1,0,0,0,1,2]","[-2,-1,-1,-1,0,1,1,3,0,1,2,3,1,2,3,1,0,2,1,1,2,0,2,1,1,3,0,2,2,3,0,1,3,-1,1,2]","[-3,-1,-1,0,1,1,1,2,0,1,0,1,1,2,2,1,0,0,1,1,1,1,0,1,1,2,1,-1,-1,-1,0,0,-1,-1,0,1]",c,"[[{8, 1}, {2, 7}, {3, 6}, {4, 5}], [{8, 1}, {2, 7}, {4, 6}, {3, 5}], [{8, 1}, {2, 7}, {4, 6}, {5}, {3}], [{8, 1}, {2, 7}, {5, 6}, {3, 4}], [{8, 1}, {2, 7}, {5, 6}, {4}, {3}], [{8, 1}, {2, 7}, {6}, {4, 5}, {3}], [{8, 1}, {3, 7}, {2, 6}, {4, 5}], [{8, 1}, {3, 7}, {4, 6}, {2, 5}], [{8, 1}, {3, 7}, {4, 6}, {5}, {2}], [{8, 1}, {3, 7}, {5, 6}, {2, 4}], [{8, 1}, {3, 7}, {5, 6}, {4}, {2}], [{8, 1}, {3, 7}, {6}, {4, 5}, {2}], [{8, 1}, {4, 7}, {2, 6}, {3, 5}], [{8, 1}, {4, 7}, {3, 6}, {2, 5}], [{8, 1}, {4, 7}, {5, 6}, {2, 3}], [{8, 1}, {4, 7}, {5, 6}, {3}, {2}], [{8, 1}, {5, 7}, {2, 6}, {3, 4}], [{8, 1}, {5, 7}, {3, 6}, {2, 4}], [{8, 1}, {5, 7}, {4, 6}, {2, 3}], [{8, 1}, {6, 7}, {2, 5}, {3, 4}], [{8, 1}, {6, 7}, {3, 5}, {2, 4}], [{8, 1}, {6, 7}, {4, 5}, {2, 3}], [{8, 1}, {7}, {2, 6}, {5}, {3, 4}], [{8, 1}, {7}, {4, 6}, {5}, {2, 3}], [{8, 1}, {7}, {5, 6}, {2, 4}, {3}], [{8, 1}, {7}, {5, 6}, {3, 4}, {2}], [{8, 1}, {7}, {5, 6}, {4}, {2, 3}], [{8, 1}, {7}, {6}, {2, 5}, {3, 4}], [{8, 1}, {7}, {6}, {4, 5}, {2, 3}], [{8, 2}, {1, 7}, {3, 6}, {4, 5}], [{8, 2}, {1, 7}, {4, 6}, {3, 5}], [{8, 2}, {1, 7}, {4, 6}, {5}, {3}], [{8, 2}, {1, 7}, {5, 6}, {3, 4}], [{8, 2}, {3, 7}, {1, 6}, {4, 5}], [{8, 2}, {3, 7}, {4, 6}, {1, 5}], [{8, 2}, {3, 7}, {4, 6}, {5}, {1}], [{8, 2}, {3, 7}, {5, 6}, {1, 4}], [{8, 2}, {4, 7}, {1, 6}, {3, 5}], [{8, 2}, {4, 7}, {1, 6}, {5}, {3}], [{8, 2}, {4, 7}, {3, 6}, {1, 5}], [{8, 2}, {4, 7}, {5, 6}, {1, 3}], [{8, 2}, {5, 7}, {1, 6}, {3, 4}], [{8, 2}, {5, 7}, {3, 6}, {1, 4}], [{8, 2}, {5, 7}, {4, 6}, {1, 3}], [{8, 2}, {5, 7}, {6}, {3, 4}, {1}], [{8, 2}, {6, 7}, {1, 5}, {3, 4}], [{8, 2}, {6, 7}, {3, 5}, {1, 4}], [{8, 2}, {6, 7}, {4, 5}, {1, 3}], [{8, 2}, {6, 7}, {5}, {3, 4}, {1}], [{8, 2}, {7}, {4, 6}, {5}, {1, 3}], [{8, 2}, {7}, {5, 6}, {3, 4}, {1}], [{8, 3}, {1, 7}, {2, 6}, {4, 5}], [{8, 3}, {1, 7}, {4, 6}, {2, 5}], [{8, 3}, {1, 7}, {5, 6}, {2, 4}], [{8, 3}, {2, 7}, {1, 6}, {4, 5}], [{8, 3}, {2, 7}, {4, 6}, {1, 5}], [{8, 3}, {2, 7}, {5, 6}, {1, 4}], [{8, 3}, {4, 7}, {1, 6}, {2, 5}], [{8, 3}, {4, 7}, {2, 6}, {1, 5}], [{8, 3}, {4, 7}, {5, 6}, {1, 2}], [{8, 3}, {5, 7}, {1, 6}, {2, 4}], [{8, 3}, {5, 7}, {2, 6}, {1, 4}], [{8, 3}, {5, 7}, {2, 6}, {4}, {1}], [{8, 3}, {5, 7}, {4, 6}, {1, 2}], [{8, 3}, {6, 7}, {1, 5}, {2, 4}], [{8, 3}, {6, 7}, {1, 5}, {4}, {2}], [{8, 3}, {6, 7}, {2, 5}, {1, 4}], [{8, 3}, {6, 7}, {4, 5}, {1, 2}], [{8, 4}, {1, 7}, {2, 6}, {3, 5}], [{8, 4}, {1, 7}, {2, 6}, {5}, {3}], [{8, 4}, {1, 7}, {3, 6}, {2, 5}], [{8, 4}, {1, 7}, {5, 6}, {2, 3}], [{8, 4}, {2, 7}, {1, 6}, {3, 5}], [{8, 4}, {2, 7}, {3, 6}, {1, 5}], [{8, 4}, {2, 7}, {5, 6}, {1, 3}], [{8, 4}, {2, 7}, {5, 6}, {3}, {1}], [{8, 4}, {3, 7}, {1, 6}, {2, 5}], [{8, 4}, {3, 7}, {1, 6}, {5}, {2}], [{8, 4}, {3, 7}, {2, 6}, {1, 5}], [{8, 4}, {3, 7}, {5, 6}, {1, 2}], [{8, 4}, {3, 7}, {5, 6}, {2}, {1}], [{8, 4}, {3, 7}, {6}, {1, 5}, {2}], [{8, 4}, {5, 7}, {1, 6}, {2, 3}], [{8, 4}, {5, 7}, {2, 6}, {1, 3}], [{8, 4}, {5, 7}, {3, 6}, {1, 2}], [{8, 4}, {6, 7}, {1, 5}, {2, 3}], [{8, 4}, {6, 7}, {2, 5}, {1, 3}], [{8, 4}, {6, 7}, {3, 5}, {1, 2}], [{8, 4}, {7}, {5, 6}, {2, 3}, {1}], [{8, 5}, {1, 7}, {2, 6}, {3, 4}], [{8, 5}, {1, 7}, {2, 6}, {4}, {3}], [{8, 5}, {1, 7}, {3, 6}, {2, 4}], [{8, 5}, {1, 7}, {3, 6}, {4}, {2}], [{8, 5}, {1, 7}, {4, 6}, {2, 3}], [{8, 5}, {1, 7}, {4, 6}, {3}, {2}], [{8, 5}, {1, 7}, {6}, {2, 4}, {3}], [{8, 5}, {1, 7}, {6}, {3, 4}, {2}], [{8, 5}, {1, 7}, {6}, {4}, {2, 3}], [{8, 5}, {1, 7}, {6}, {4}, {3}, {2}], [{8, 5}, {2, 7}, {1, 6}, {3, 4}], [{8, 5}, {2, 7}, {3, 6}, {1, 4}], [{8, 5}, {2, 7}, {4, 6}, {1, 3}], [{8, 5}, {2, 7}, {6}, {1, 4}, {3}], [{8, 5}, {2, 7}, {6}, {3, 4}, {1}], [{8, 5}, {2, 7}, {6}, {4}, {1, 3}], [{8, 5}, {3, 7}, {1, 6}, {2, 4}], [{8, 5}, {3, 7}, {1, 6}, {4}, {2}], [{8, 5}, {3, 7}, {2, 6}, {1, 4}], [{8, 5}, {3, 7}, {2, 6}, {4}, {1}], [{8, 5}, {3, 7}, {4, 6}, {1, 2}], [{8, 5}, {3, 7}, {4, 6}, {2}, {1}], [{8, 5}, {3, 7}, {6}, {1, 4}, {2}], [{8, 5}, {3, 7}, {6}, {2, 4}, {1}], [{8, 5}, {3, 7}, {6}, {4}, {1, 2}], [{8, 5}, {3, 7}, {6}, {4}, {2}, {1}], [{8, 5}, {4, 7}, {1, 6}, {2, 3}], [{8, 5}, {4, 7}, {2, 6}, {1, 3}], [{8, 5}, {4, 7}, {3, 6}, {1, 2}], [{8, 5}, {4, 7}, {6}, {1, 3}, {2}], [{8, 5}, {4, 7}, {6}, {2, 3}, {1}], [{8, 5}, {4, 7}, {6}, {3}, {1, 2}], [{8, 5}, {6, 7}, {1, 4}, {2, 3}], [{8, 5}, {6, 7}, {2, 4}, {1, 3}], [{8, 5}, {6, 7}, {3, 4}, {1, 2}], [{8, 5}, {6, 7}, {4}, {1, 3}, {2}], [{8, 5}, {7}, {2, 6}, {4}, {1, 3}], [{8, 5}, {7}, {4, 6}, {1, 3}, {2}], [{8, 5}, {7}, {6}, {1, 4}, {2, 3}], [{8, 5}, {7}, {6}, {2, 4}, {1, 3}], [{8, 5}, {7}, {6}, {3, 4}, {1, 2}], [{8, 5}, {7}, {6}, {4}, {1, 3}, {2}], [{8, 6}, {1, 7}, {2, 5}, {3, 4}], [{8, 6}, {1, 7}, {3, 5}, {2, 4}], [{8, 6}, {1, 7}, {4, 5}, {2, 3}], [{8, 6}, {2, 7}, {1, 5}, {3, 4}], [{8, 6}, {2, 7}, {3, 5}, {1, 4}], [{8, 6}, {2, 7}, {4, 5}, {1, 3}], [{8, 6}, {2, 7}, {5}, {1, 4}, {3}], [{8, 6}, {3, 7}, {1, 5}, {2, 4}], [{8, 6}, {3, 7}, {1, 5}, {4}, {2}], [{8, 6}, {3, 7}, {2, 5}, {1, 4}], [{8, 6}, {3, 7}, {4, 5}, {1, 2}], [{8, 6}, {3, 7}, {4, 5}, {2}, {1}], [{8, 6}, {3, 7}, {5}, {1, 4}, {2}], [{8, 6}, {4, 7}, {1, 5}, {2, 3}], [{8, 6}, {4, 7}, {2, 5}, {1, 3}], [{8, 6}, {4, 7}, {2, 5}, {3}, {1}], [{8, 6}, {4, 7}, {3, 5}, {1, 2}], [{8, 6}, {5, 7}, {1, 4}, {2, 3}], [{8, 6}, {5, 7}, {2, 4}, {1, 3}], [{8, 6}, {5, 7}, {3, 4}, {1, 2}], [{8, 6}, {7}, {5}, {1, 4}, {2, 3}], [{8, 6}, {7}, {5}, {3, 4}, {1, 2}], [{8, 7}, {1, 6}, {2, 5}, {3, 4}], [{8, 7}, {1, 6}, {3, 5}, {2, 4}], [{8, 7}, {1, 6}, {4, 5}, {2, 3}], [{8, 7}, {2, 6}, {1, 5}, {3, 4}], [{8, 7}, {2, 6}, {3, 5}, {1, 4}], [{8, 7}, {2, 6}, {3, 5}, {4}, {1}], [{8, 7}, {2, 6}, {4, 5}, {1, 3}], [{8, 7}, {3, 6}, {1, 5}, {2, 4}], [{8, 7}, {3, 6}, {2, 5}, {1, 4}], [{8, 7}, {3, 6}, {4, 5}, {1, 2}], [{8, 7}, {4, 6}, {1, 5}, {2, 3}], [{8, 7}, {4, 6}, {2, 5}, {1, 3}], [{8, 7}, {4, 6}, {3, 5}, {1, 2}], [{8, 7}, {5, 6}, {1, 4}, {2, 3}], [{8, 7}, {5, 6}, {2, 4}, {1, 3}], [{8, 7}, {5, 6}, {3, 4}, {1, 2}], [{8, 7}, {5, 6}, {4}, {3}, {1, 2}], [{8}, {1, 7}, {2, 6}, {4, 5}, {3}], [{8}, {1, 7}, {4, 6}, {2, 5}, {3}], [{8}, {2, 7}, {5, 6}, {1, 4}, {3}], [{8}, {3, 7}, {1, 6}, {4, 5}, {2}], [{8}, {3, 7}, {4, 6}, {1, 5}, {2}], [{8}, {3, 7}, {4, 6}, {2, 5}, {1}], [{8}, {3, 7}, {4, 6}, {5}, {1, 2}], [{8}, {3, 7}, {4, 6}, {5}, {2}, {1}], [{8}, {3, 7}, {5, 6}, {1, 4}, {2}], [{8}, {4, 7}, {2, 6}, {1, 5}, {3}], [{8}, {5, 7}, {1, 6}, {3, 4}, {2}], [{8}, {6, 7}, {3, 5}, {1, 4}, {2}], [{8}, {7}, {4, 6}, {2, 5}, {1, 3}], [{8}, {7}, {5, 6}, {1, 4}, {2, 3}], [{8}, {7}, {5, 6}, {3, 4}, {1, 2}]]",2,16 K_1^3 + 8 K_1^2 K_2 - 26 K_1^2 - 18 K_1 K_2 - 4 K_1 K_3 - 3 K_1 + 11 K_2 + 5 K_3 + 12,O1O2O3O4U5U6O5U7O6O8U3U4U1U8O7U2,O1O2O3O4U1U5O6U7O5O7U3U4U8U2O8U6,O1O2O3O4U5O6U3U6U1U2O7O8U7O5U8U4,c,{'O1O2O3O4U3O5U6U4U1U2O6O7U5O8U7U8'},1,"<a href=""/flatknot/8.733808"">8.733808</a>",t^9-33t^7-60t^6+91t^5+202t^4-36t^3-172t^2-63t+2,t^3-t^2-t,,
8.733809,O1O2O3O4U3O5U6U4U1U7O6O7U2O8U5U8,3,5z^2+66z+113,5w^3z^2+66w^2z+113w,False,False,"[[ 0 -1  0 -1  1  2 -3  1  1],[ 1  0  0 -1  1  2  0  2  1],[ 0  0  0 -1  2  2 -2  1  1],[ 1  1  1  0  1  1  0  1  0],[-1 -1 -2 -1  0  0 -1  0  1],[-2 -2 -2 -1  0  0 -3 -1  1],[ 3  0  2  0  1  3  0  3  1],[-1 -2 -1 -1  0  1 -3  0  1],[-1 -1 -1  0 -1 -1 -1 -1  0]]","[[ 0  2  1  1  0 -1 -3],[-2  0  1  0 -2 -2 -3],[-1 -1  0 -1 -1 -1 -1],[-1  0  1  0 -2 -1 -1],[ 0  2  1  2  0  0 -2],[ 1  2  1  1  0  0  0],[ 3  3  1  1  2  0  0]]",False,"[-2,-1,-1,0,1,3,-1,0,2,2,3,1,1,1,1,2,1,1,0,2,0]","[-3,-1,0,1,1,2,0,2,1,1,3,0,1,1,2,1,2,2,-1,-1,0]",t^6+32t^4+62t^2+1,"[-3,-1,0,1,1,2,2,1,3,3,2,1,1,1,1,-1,0,0,-1,1,2]","[-2,-1,-1,0,1,3,1,2,0,1,2,1,-1,1,3,0,1,3,1,1,2]","[-3,-1,0,1,1,2,0,2,1,1,3,0,1,1,2,1,2,2,-1,-1,0]",c,"[[{8, 2}, {1, 7}, {4, 6}, {3, 5}], [{8, 2}, {3, 7}, {4, 6}, {1, 5}]]",1,4 K_1^3 - 28 K_1^2 - 26 K_1 K_2 - 2 K_1 K_3 + 10 K_1 - 2 K_2^2 + 15 K_2 + 12 K_3 + 2 K_4 + 16,O1O2O3O4U5U6O5U3O7O8U7U4U1U8O6U2,O1O2O3O4U1U4O5U6O7O6U3U5U8U2O8U7,O1O2O3O4U5O6U3U6U7U2O8O5U8O7U1U4,c,{'O1O2O3O4U3O5U6U4U1U7O6O7U2O8U5U8'},1,"<a href=""/flatknot/8.733809"">8.733809</a>",t^7-36t^5-52t^4+129t^3+68t^2-70t-4,t^3-t^2-t,,
8.733810,O1O2O3O4U3O5U6U4U1U7O6O7U5O8U2U8,4,13z^2+98z+145,13w^3z^2+98w^2z+145w,False,False,"[[ 0 -1  0 -1  1  2 -3  1  1],[ 1  0  1 -1  1  1  0  2  1],[ 0 -1  0 -1  1  1 -2  1  1],[ 1  1  1  0  1  1  0  1  0],[-1 -1 -1 -1  0  0 -1  0  0],[-2 -1 -1 -1  0  0 -3 -1  0],[ 3  0  2  0  1  3  0  3  1],[-1 -2 -1 -1  0  1 -3  0  1],[-1 -1 -1  0  0  0 -1 -1  0]]","[[ 0  2  1  1  0 -1 -3],[-2  0  0  0 -1 -1 -3],[-1  0  0  0 -1 -1 -1],[-1  0  0  0 -1 -1 -1],[ 0  1  1  1  0 -1 -2],[ 1  1  1  1  1  0  0],[ 3  3  1  1  2  0  0]]",False,"[-2,-1,-1,0,1,3,0,0,1,1,3,0,1,1,1,1,1,1,1,2,0]","[-3,-1,0,1,1,2,0,2,1,1,3,1,1,1,1,1,1,1,0,0,0]",t^6+22t^4+19t^2,"[-3,-1,0,1,1,2,2,1,3,3,2,0,1,1,2,0,0,1,0,1,1]","[-2,-1,-1,0,1,3,1,1,1,2,2,0,0,1,3,0,1,3,0,1,2]","[-3,-1,0,1,1,2,0,2,1,1,3,1,1,1,1,1,1,1,0,0,0]",c,"[[{8, 1}, {2, 7}, {3, 6}, {4, 5}], [{8, 1}, {2, 7}, {4, 6}, {3, 5}], [{8, 1}, {2, 7}, {5, 6}, {3, 4}], [{8, 1}, {2, 7}, {5, 6}, {4}, {3}], [{8, 1}, {2, 7}, {6}, {5}, {3, 4}], [{8, 1}, {3, 7}, {2, 6}, {4, 5}], [{8, 1}, {3, 7}, {2, 6}, {5}, {4}], [{8, 1}, {3, 7}, {4, 6}, {2, 5}], [{8, 1}, {3, 7}, {4, 6}, {5}, {2}], [{8, 1}, {3, 7}, {5, 6}, {2, 4}], [{8, 1}, {3, 7}, {5, 6}, {4}, {2}], [{8, 1}, {3, 7}, {6}, {2, 5}, {4}], [{8, 1}, {3, 7}, {6}, {4, 5}, {2}], [{8, 1}, {3, 7}, {6}, {5}, {2, 4}], [{8, 1}, {4, 7}, {2, 6}, {3, 5}], [{8, 1}, {4, 7}, {2, 6}, {5}, {3}], [{8, 1}, {4, 7}, {3, 6}, {2, 5}], [{8, 1}, {4, 7}, {5, 6}, {2, 3}], [{8, 1}, {4, 7}, {5, 6}, {3}, {2}], [{8, 1}, {4, 7}, {6}, {2, 5}, {3}], [{8, 1}, {5, 7}, {2, 6}, {3, 4}], [{8, 1}, {5, 7}, {2, 6}, {4}, {3}], [{8, 1}, {5, 7}, {3, 6}, {2, 4}], [{8, 1}, {5, 7}, {4, 6}, {2, 3}], [{8, 1}, {5, 7}, {6}, {3, 4}, {2}], [{8, 1}, {6, 7}, {2, 5}, {3, 4}], [{8, 1}, {6, 7}, {2, 5}, {4}, {3}], [{8, 1}, {6, 7}, {3, 5}, {2, 4}], [{8, 1}, {6, 7}, {4, 5}, {2, 3}], [{8, 1}, {6, 7}, {5}, {3, 4}, {2}], [{8, 1}, {7}, {2, 6}, {3, 5}, {4}], [{8, 1}, {7}, {2, 6}, {4, 5}, {3}], [{8, 1}, {7}, {2, 6}, {5}, {3, 4}], [{8, 1}, {7}, {2, 6}, {5}, {4}, {3}], [{8, 1}, {7}, {3, 6}, {2, 5}, {4}], [{8, 1}, {7}, {4, 6}, {2, 5}, {3}], [{8, 1}, {7}, {5, 6}, {2, 4}, {3}], [{8, 1}, {7}, {5, 6}, {3, 4}, {2}], [{8, 1}, {7}, {5, 6}, {4}, {2, 3}], [{8, 1}, {7}, {5, 6}, {4}, {3}, {2}], [{8, 1}, {7}, {6}, {2, 5}, {3, 4}], [{8, 1}, {7}, {6}, {2, 5}, {4}, {3}], [{8, 2}, {1, 7}, {3, 6}, {4, 5}], [{8, 2}, {1, 7}, {4, 6}, {3, 5}], [{8, 2}, {1, 7}, {5, 6}, {3, 4}], [{8, 2}, {3, 7}, {1, 6}, {4, 5}], [{8, 2}, {3, 7}, {1, 6}, {5}, {4}], [{8, 2}, {3, 7}, {4, 6}, {1, 5}], [{8, 2}, {3, 7}, {4, 6}, {5}, {1}], [{8, 2}, {3, 7}, {5, 6}, {1, 4}], [{8, 2}, {3, 7}, {5, 6}, {4}, {1}], [{8, 2}, {3, 7}, {6}, {1, 5}, {4}], [{8, 2}, {3, 7}, {6}, {4, 5}, {1}], [{8, 2}, {3, 7}, {6}, {5}, {1, 4}], [{8, 2}, {4, 7}, {1, 6}, {3, 5}], [{8, 2}, {4, 7}, {3, 6}, {1, 5}], [{8, 2}, {4, 7}, {5, 6}, {1, 3}], [{8, 2}, {5, 7}, {1, 6}, {3, 4}], [{8, 2}, {5, 7}, {3, 6}, {1, 4}], [{8, 2}, {5, 7}, {4, 6}, {1, 3}], [{8, 2}, {5, 7}, {6}, {1, 4}, {3}], [{8, 2}, {6, 7}, {1, 5}, {3, 4}], [{8, 2}, {6, 7}, {3, 5}, {1, 4}], [{8, 2}, {6, 7}, {3, 5}, {4}, {1}], [{8, 2}, {6, 7}, {4, 5}, {1, 3}], [{8, 2}, {6, 7}, {5}, {1, 4}, {3}], [{8, 2}, {7}, {1, 6}, {4, 5}, {3}], [{8, 2}, {7}, {3, 6}, {5}, {1, 4}], [{8, 2}, {7}, {4, 6}, {1, 5}, {3}], [{8, 2}, {7}, {5, 6}, {1, 4}, {3}], [{8, 2}, {7}, {6}, {3, 5}, {1, 4}], [{8, 2}, {7}, {6}, {5}, {1, 4}, {3}], [{8, 3}, {1, 7}, {2, 6}, {4, 5}], [{8, 3}, {1, 7}, {2, 6}, {5}, {4}], [{8, 3}, {1, 7}, {4, 6}, {2, 5}], [{8, 3}, {1, 7}, {4, 6}, {5}, {2}], [{8, 3}, {1, 7}, {5, 6}, {2, 4}], [{8, 3}, {1, 7}, {5, 6}, {4}, {2}], [{8, 3}, {1, 7}, {6}, {2, 5}, {4}], [{8, 3}, {1, 7}, {6}, {4, 5}, {2}], [{8, 3}, {1, 7}, {6}, {5}, {2, 4}], [{8, 3}, {2, 7}, {1, 6}, {4, 5}], [{8, 3}, {2, 7}, {4, 6}, {1, 5}], [{8, 3}, {2, 7}, {5, 6}, {1, 4}], [{8, 3}, {4, 7}, {1, 6}, {2, 5}], [{8, 3}, {4, 7}, {2, 6}, {1, 5}], [{8, 3}, {4, 7}, {5, 6}, {1, 2}], [{8, 3}, {4, 7}, {5, 6}, {2}, {1}], [{8, 3}, {5, 7}, {1, 6}, {2, 4}], [{8, 3}, {5, 7}, {2, 6}, {1, 4}], [{8, 3}, {5, 7}, {4, 6}, {1, 2}], [{8, 3}, {5, 7}, {6}, {1, 4}, {2}], [{8, 3}, {6, 7}, {1, 5}, {2, 4}], [{8, 3}, {6, 7}, {2, 5}, {1, 4}], [{8, 3}, {6, 7}, {4, 5}, {1, 2}], [{8, 3}, {6, 7}, {5}, {1, 4}, {2}], [{8, 3}, {6, 7}, {5}, {2, 4}, {1}], [{8, 3}, {6, 7}, {5}, {4}, {1, 2}], [{8, 3}, {7}, {1, 6}, {5}, {2, 4}], [{8, 3}, {7}, {5, 6}, {1, 4}, {2}], [{8, 4}, {1, 7}, {2, 6}, {3, 5}], [{8, 4}, {1, 7}, {3, 6}, {2, 5}], [{8, 4}, {1, 7}, {3, 6}, {5}, {2}], [{8, 4}, {1, 7}, {5, 6}, {2, 3}], [{8, 4}, {1, 7}, {5, 6}, {3}, {2}], [{8, 4}, {1, 7}, {6}, {3, 5}, {2}], [{8, 4}, {2, 7}, {1, 6}, {3, 5}], [{8, 4}, {2, 7}, {3, 6}, {1, 5}], [{8, 4}, {2, 7}, {5, 6}, {1, 3}], [{8, 4}, {2, 7}, {5, 6}, {3}, {1}], [{8, 4}, {3, 7}, {1, 6}, {2, 5}], [{8, 4}, {3, 7}, {1, 6}, {5}, {2}], [{8, 4}, {3, 7}, {2, 6}, {1, 5}], [{8, 4}, {3, 7}, {2, 6}, {5}, {1}], [{8, 4}, {3, 7}, {5, 6}, {1, 2}], [{8, 4}, {3, 7}, {5, 6}, {2}, {1}], [{8, 4}, {3, 7}, {6}, {1, 5}, {2}], [{8, 4}, {3, 7}, {6}, {2, 5}, {1}], [{8, 4}, {3, 7}, {6}, {5}, {1, 2}], [{8, 4}, {5, 7}, {1, 6}, {2, 3}], [{8, 4}, {5, 7}, {2, 6}, {1, 3}], [{8, 4}, {5, 7}, {3, 6}, {1, 2}], [{8, 4}, {6, 7}, {1, 5}, {2, 3}], [{8, 4}, {6, 7}, {2, 5}, {1, 3}], [{8, 4}, {6, 7}, {3, 5}, {1, 2}], [{8, 4}, {7}, {1, 6}, {2, 5}, {3}], [{8, 4}, {7}, {2, 6}, {1, 5}, {3}], [{8, 4}, {7}, {5, 6}, {1, 3}, {2}], [{8, 4}, {7}, {5, 6}, {2, 3}, {1}], [{8, 4}, {7}, {5, 6}, {3}, {1, 2}], [{8, 4}, {7}, {5, 6}, {3}, {2}, {1}], [{8, 5}, {1, 7}, {2, 6}, {3, 4}], [{8, 5}, {1, 7}, {3, 6}, {2, 4}], [{8, 5}, {1, 7}, {3, 6}, {4}, {2}], [{8, 5}, {1, 7}, {4, 6}, {2, 3}], [{8, 5}, {1, 7}, {4, 6}, {3}, {2}], [{8, 5}, {1, 7}, {6}, {3, 4}, {2}], [{8, 5}, {2, 7}, {1, 6}, {3, 4}], [{8, 5}, {2, 7}, {3, 6}, {1, 4}], [{8, 5}, {2, 7}, {4, 6}, {1, 3}], [{8, 5}, {2, 7}, {4, 6}, {3}, {1}], [{8, 5}, {2, 7}, {6}, {4}, {1, 3}], [{8, 5}, {3, 7}, {1, 6}, {2, 4}], [{8, 5}, {3, 7}, {1, 6}, {4}, {2}], [{8, 5}, {3, 7}, {2, 6}, {1, 4}], [{8, 5}, {3, 7}, {2, 6}, {4}, {1}], [{8, 5}, {3, 7}, {4, 6}, {1, 2}], [{8, 5}, {3, 7}, {4, 6}, {2}, {1}], [{8, 5}, {3, 7}, {6}, {1, 4}, {2}], [{8, 5}, {3, 7}, {6}, {2, 4}, {1}], [{8, 5}, {3, 7}, {6}, {4}, {1, 2}], [{8, 5}, {4, 7}, {1, 6}, {2, 3}], [{8, 5}, {4, 7}, {2, 6}, {1, 3}], [{8, 5}, {4, 7}, {3, 6}, {1, 2}], [{8, 5}, {6, 7}, {1, 4}, {2, 3}], [{8, 5}, {6, 7}, {2, 4}, {1, 3}], [{8, 5}, {6, 7}, {3, 4}, {1, 2}], [{8, 5}, {7}, {1, 6}, {2, 4}, {3}], [{8, 5}, {7}, {2, 6}, {1, 4}, {3}], [{8, 5}, {7}, {4, 6}, {1, 3}, {2}], [{8, 5}, {7}, {4, 6}, {2, 3}, {1}], [{8, 5}, {7}, {4, 6}, {3}, {1, 2}], [{8, 5}, {7}, {4, 6}, {3}, {2}, {1}], [{8, 6}, {1, 7}, {2, 5}, {3, 4}], [{8, 6}, {1, 7}, {3, 5}, {2, 4}], [{8, 6}, {1, 7}, {3, 5}, {4}, {2}], [{8, 6}, {1, 7}, {4, 5}, {2, 3}], [{8, 6}, {1, 7}, {4, 5}, {3}, {2}], [{8, 6}, {1, 7}, {5}, {3, 4}, {2}], [{8, 6}, {2, 7}, {1, 5}, {3, 4}], [{8, 6}, {2, 7}, {3, 5}, {1, 4}], [{8, 6}, {2, 7}, {3, 5}, {4}, {1}], [{8, 6}, {2, 7}, {4, 5}, {1, 3}], [{8, 6}, {2, 7}, {4, 5}, {3}, {1}], [{8, 6}, {2, 7}, {5}, {3, 4}, {1}], [{8, 6}, {3, 7}, {1, 5}, {2, 4}], [{8, 6}, {3, 7}, {1, 5}, {4}, {2}], [{8, 6}, {3, 7}, {2, 5}, {1, 4}], [{8, 6}, {3, 7}, {2, 5}, {4}, {1}], [{8, 6}, {3, 7}, {4, 5}, {1, 2}], [{8, 6}, {3, 7}, {4, 5}, {2}, {1}], [{8, 6}, {3, 7}, {5}, {1, 4}, {2}], [{8, 6}, {3, 7}, {5}, {2, 4}, {1}], [{8, 6}, {3, 7}, {5}, {4}, {1, 2}], [{8, 6}, {4, 7}, {1, 5}, {2, 3}], [{8, 6}, {4, 7}, {2, 5}, {1, 3}], [{8, 6}, {4, 7}, {3, 5}, {1, 2}], [{8, 6}, {4, 7}, {5}, {3}, {1, 2}], [{8, 6}, {5, 7}, {1, 4}, {2, 3}], [{8, 6}, {5, 7}, {2, 4}, {1, 3}], [{8, 6}, {5, 7}, {3, 4}, {1, 2}], [{8, 6}, {5, 7}, {4}, {3}, {1, 2}], [{8, 6}, {7}, {1, 5}, {2, 4}, {3}], [{8, 6}, {7}, {2, 5}, {1, 4}, {3}], [{8, 6}, {7}, {3, 5}, {4}, {1, 2}], [{8, 6}, {7}, {4, 5}, {1, 3}, {2}], [{8, 6}, {7}, {4, 5}, {2, 3}, {1}], [{8, 6}, {7}, {4, 5}, {3}, {1, 2}], [{8, 6}, {7}, {4, 5}, {3}, {2}, {1}], [{8, 6}, {7}, {5}, {3, 4}, {1, 2}], [{8, 6}, {7}, {5}, {4}, {3}, {1, 2}], [{8, 7}, {1, 6}, {2, 5}, {3, 4}], [{8, 7}, {1, 6}, {3, 5}, {2, 4}], [{8, 7}, {1, 6}, {4, 5}, {2, 3}], [{8, 7}, {1, 6}, {5}, {2, 4}, {3}], [{8, 7}, {2, 6}, {1, 5}, {3, 4}], [{8, 7}, {2, 6}, {3, 5}, {1, 4}], [{8, 7}, {2, 6}, {4, 5}, {1, 3}], [{8, 7}, {2, 6}, {5}, {4}, {1, 3}], [{8, 7}, {3, 6}, {1, 5}, {2, 4}], [{8, 7}, {3, 6}, {2, 5}, {1, 4}], [{8, 7}, {3, 6}, {4, 5}, {1, 2}], [{8, 7}, {3, 6}, {5}, {4}, {1, 2}], [{8, 7}, {4, 6}, {1, 5}, {2, 3}], [{8, 7}, {4, 6}, {2, 5}, {1, 3}], [{8, 7}, {4, 6}, {3, 5}, {1, 2}], [{8, 7}, {5, 6}, {1, 4}, {2, 3}], [{8, 7}, {5, 6}, {1, 4}, {3}, {2}], [{8, 7}, {5, 6}, {2, 4}, {1, 3}], [{8, 7}, {5, 6}, {3, 4}, {1, 2}], [{8, 7}, {5, 6}, {3, 4}, {2}, {1}], [{8, 7}, {5, 6}, {4}, {1, 3}, {2}], [{8, 7}, {6}, {2, 5}, {4}, {1, 3}], [{8}, {1, 7}, {3, 6}, {4, 5}, {2}], [{8}, {1, 7}, {4, 6}, {3, 5}, {2}], [{8}, {1, 7}, {5, 6}, {3, 4}, {2}], [{8}, {2, 7}, {1, 6}, {5}, {3, 4}], [{8}, {2, 7}, {5, 6}, {1, 4}, {3}], [{8}, {3, 7}, {1, 6}, {2, 5}, {4}], [{8}, {3, 7}, {1, 6}, {4, 5}, {2}], [{8}, {3, 7}, {1, 6}, {5}, {2, 4}], [{8}, {3, 7}, {1, 6}, {5}, {4}, {2}], [{8}, {3, 7}, {2, 6}, {1, 5}, {4}], [{8}, {3, 7}, {2, 6}, {4, 5}, {1}], [{8}, {3, 7}, {2, 6}, {5}, {1, 4}], [{8}, {3, 7}, {2, 6}, {5}, {4}, {1}], [{8}, {3, 7}, {4, 6}, {1, 5}, {2}], [{8}, {3, 7}, {4, 6}, {2, 5}, {1}], [{8}, {3, 7}, {4, 6}, {5}, {1, 2}], [{8}, {3, 7}, {5, 6}, {1, 4}, {2}], [{8}, {3, 7}, {5, 6}, {2, 4}, {1}], [{8}, {3, 7}, {5, 6}, {4}, {1, 2}], [{8}, {3, 7}, {5, 6}, {4}, {2}, {1}], [{8}, {3, 7}, {6}, {1, 5}, {2, 4}], [{8}, {3, 7}, {6}, {1, 5}, {4}, {2}], [{8}, {3, 7}, {6}, {2, 5}, {1, 4}], [{8}, {3, 7}, {6}, {2, 5}, {4}, {1}], [{8}, {3, 7}, {6}, {4, 5}, {1, 2}], [{8}, {3, 7}, {6}, {5}, {4}, {1, 2}], [{8}, {4, 7}, {1, 6}, {5}, {2, 3}], [{8}, {4, 7}, {5, 6}, {1, 3}, {2}], [{8}, {5, 7}, {1, 6}, {2, 4}, {3}], [{8}, {5, 7}, {3, 6}, {2, 4}, {1}], [{8}, {5, 7}, {6}, {1, 4}, {2, 3}], [{8}, {5, 7}, {6}, {2, 4}, {1, 3}], [{8}, {6, 7}, {5}, {1, 4}, {2, 3}], [{8}, {7}, {1, 6}, {3, 5}, {2, 4}], [{8}, {7}, {1, 6}, {5}, {2, 4}, {3}], [{8}, {7}, {5, 6}, {1, 4}, {2, 3}], [{8}, {7}, {5, 6}, {1, 4}, {3}, {2}]]",2,4 K_1^3 - 28 K_1^2 - 22 K_1 K_2 - 2 K_1 K_3 + 8 K_1 - 2 K_2^2 + 15 K_2 + 10 K_3 + 2 K_4 + 16,O1O2O3O4U5U3O5U6O7O8U7U4U1U8O6U2,O1O2O3O4U1U4O5U6O7O6U3U7U8U2O8U5,O1O2O3O4U5O6U3U6U7U2O8O7U8O5U1U4,c,{'O1O2O3O4U3O5U6U4U1U7O6O7U5O8U2U8'},1,"<a href=""/flatknot/8.733810"">8.733810</a>",t^7-26t^5-26t^4+22t^3+28t^2+10t,t^3-t^2-t,,
8.733811,O1O2O3O4U3O5U6U4U1U7O6O8U2O7U5U8,4,4z^3+37z^2+110z+105,4w^4z^3+37w^3z^2+110w^2z+105w,False,False,"[[ 0 -1  0 -1  1  2 -3  1  1],[ 1  0  0 -1  1  2  0  1  2],[ 0  0  0 -1  2  1 -1  1  1],[ 1  1  1  0  1  1  0  1  0],[-1 -1 -2 -1  0  0 -1  0  1],[-2 -2 -1 -1  0  0 -3 -1  0],[ 3  0  1  0  1  3  0  3  2],[-1 -1 -1 -1  0  1 -3  0  1],[-1 -2 -1  0 -1  0 -2 -1  0]]","[[ 0  2  1  1  1  0 -1 -1 -3],[-2  0  0  0 -1 -1 -1 -2 -3],[-1  0  0  1  0 -2 -1 -1 -1],[-1  0 -1  0 -1 -1  0 -2 -2],[-1  1  0  1  0 -1 -1 -1 -3],[ 0  1  2  1  1  0 -1  0 -1],[ 1  1  1  0  1  1  0  1  0],[ 1  2  1  2  1  0 -1  0  0],[ 3  3  1  2  3  1  0  0  0]]",True,"[-2,-1,-1,-1,0,1,1,3,0,0,1,1,1,2,3,-1,0,2,1,1,1,1,1,0,2,2,1,1,1,3,1,0,1,-1,0,0]","[-3,-1,-1,0,1,1,1,2,0,0,1,1,2,3,3,-1,0,1,2,1,2,1,1,0,1,1,2,1,1,1,1,0,0,-1,0,1]",t^8+49t^6+233t^4+167t^2+9,"[-3,-1,-1,0,1,1,1,2,2,2,2,1,2,3,2,-1,0,1,2,1,2,1,1,0,1,1,0,0,-1,1,-1,0,0,1,1,1]","[-2,-1,-1,-1,0,1,1,3,0,1,1,1,1,2,2,0,1,0,1,1,1,1,-1,1,1,3,0,0,2,2,1,0,2,-1,2,2]","[-3,-1,-1,0,1,1,1,2,0,0,1,1,2,3,3,-1,0,1,2,1,2,1,1,0,1,1,2,1,1,1,1,0,0,-1,0,1]",c,"[[{8, 1}, {2, 7}, {3, 6}, {4, 5}], [{8, 1}, {2, 7}, {4, 6}, {3, 5}], [{8, 1}, {2, 7}, {5, 6}, {3, 4}], [{8, 1}, {2, 7}, {5, 6}, {4}, {3}], [{8, 1}, {2, 7}, {6}, {5}, {3, 4}], [{8, 1}, {3, 7}, {2, 6}, {4, 5}], [{8, 1}, {3, 7}, {4, 6}, {2, 5}], [{8, 1}, {3, 7}, {5, 6}, {2, 4}], [{8, 1}, {4, 7}, {2, 6}, {3, 5}], [{8, 1}, {4, 7}, {3, 6}, {2, 5}], [{8, 1}, {4, 7}, {5, 6}, {2, 3}], [{8, 1}, {5, 7}, {2, 6}, {3, 4}], [{8, 1}, {5, 7}, {2, 6}, {4}, {3}], [{8, 1}, {5, 7}, {3, 6}, {2, 4}], [{8, 1}, {5, 7}, {4, 6}, {2, 3}], [{8, 1}, {5, 7}, {6}, {3, 4}, {2}], [{8, 1}, {6, 7}, {2, 5}, {3, 4}], [{8, 1}, {6, 7}, {2, 5}, {4}, {3}], [{8, 1}, {6, 7}, {3, 5}, {2, 4}], [{8, 1}, {6, 7}, {3, 5}, {4}, {2}], [{8, 1}, {6, 7}, {4, 5}, {2, 3}], [{8, 1}, {6, 7}, {4, 5}, {3}, {2}], [{8, 1}, {6, 7}, {5}, {2, 4}, {3}], [{8, 1}, {6, 7}, {5}, {3, 4}, {2}], [{8, 1}, {6, 7}, {5}, {4}, {2, 3}], [{8, 1}, {6, 7}, {5}, {4}, {3}, {2}], [{8, 1}, {7}, {2, 6}, {5}, {3, 4}], [{8, 1}, {7}, {5, 6}, {3, 4}, {2}], [{8, 1}, {7}, {6}, {2, 5}, {3, 4}], [{8, 1}, {7}, {6}, {3, 5}, {2, 4}], [{8, 2}, {1, 7}, {3, 6}, {4, 5}], [{8, 2}, {1, 7}, {4, 6}, {3, 5}], [{8, 2}, {1, 7}, {5, 6}, {3, 4}], [{8, 2}, {3, 7}, {1, 6}, {4, 5}], [{8, 2}, {3, 7}, {4, 6}, {1, 5}], [{8, 2}, {3, 7}, {5, 6}, {1, 4}], [{8, 2}, {3, 7}, {5, 6}, {4}, {1}], [{8, 2}, {3, 7}, {6}, {5}, {1, 4}], [{8, 2}, {4, 7}, {1, 6}, {3, 5}], [{8, 2}, {4, 7}, {3, 6}, {1, 5}], [{8, 2}, {4, 7}, {5, 6}, {1, 3}], [{8, 2}, {5, 7}, {1, 6}, {3, 4}], [{8, 2}, {5, 7}, {3, 6}, {1, 4}], [{8, 2}, {5, 7}, {4, 6}, {1, 3}], [{8, 2}, {5, 7}, {6}, {1, 4}, {3}], [{8, 2}, {6, 7}, {1, 5}, {3, 4}], [{8, 2}, {6, 7}, {3, 5}, {1, 4}], [{8, 2}, {6, 7}, {3, 5}, {4}, {1}], [{8, 2}, {6, 7}, {4, 5}, {1, 3}], [{8, 2}, {6, 7}, {5}, {1, 4}, {3}], [{8, 2}, {7}, {1, 6}, {5}, {3, 4}], [{8, 2}, {7}, {3, 6}, {5}, {1, 4}], [{8, 2}, {7}, {4, 6}, {5}, {1, 3}], [{8, 2}, {7}, {5, 6}, {1, 4}, {3}], [{8, 2}, {7}, {6}, {3, 5}, {1, 4}], [{8, 2}, {7}, {6}, {5}, {1, 4}, {3}], [{8, 3}, {1, 7}, {2, 6}, {4, 5}], [{8, 3}, {1, 7}, {4, 6}, {2, 5}], [{8, 3}, {1, 7}, {5, 6}, {2, 4}], [{8, 3}, {2, 7}, {1, 6}, {4, 5}], [{8, 3}, {2, 7}, {4, 6}, {1, 5}], [{8, 3}, {2, 7}, {5, 6}, {1, 4}], [{8, 3}, {2, 7}, {6}, {1, 5}, {4}], [{8, 3}, {4, 7}, {1, 6}, {2, 5}], [{8, 3}, {4, 7}, {2, 6}, {1, 5}], [{8, 3}, {4, 7}, {5, 6}, {1, 2}], [{8, 3}, {4, 7}, {5, 6}, {2}, {1}], [{8, 3}, {5, 7}, {1, 6}, {2, 4}], [{8, 3}, {5, 7}, {2, 6}, {1, 4}], [{8, 3}, {5, 7}, {4, 6}, {1, 2}], [{8, 3}, {6, 7}, {1, 5}, {2, 4}], [{8, 3}, {6, 7}, {2, 5}, {1, 4}], [{8, 3}, {6, 7}, {2, 5}, {4}, {1}], [{8, 3}, {6, 7}, {4, 5}, {1, 2}], [{8, 3}, {6, 7}, {4, 5}, {2}, {1}], [{8, 3}, {6, 7}, {5}, {2, 4}, {1}], [{8, 3}, {7}, {4, 6}, {1, 5}, {2}], [{8, 3}, {7}, {6}, {2, 5}, {1, 4}], [{8, 4}, {1, 7}, {2, 6}, {3, 5}], [{8, 4}, {1, 7}, {3, 6}, {2, 5}], [{8, 4}, {1, 7}, {5, 6}, {2, 3}], [{8, 4}, {2, 7}, {1, 6}, {3, 5}], [{8, 4}, {2, 7}, {3, 6}, {1, 5}], [{8, 4}, {2, 7}, {5, 6}, {1, 3}], [{8, 4}, {3, 7}, {1, 6}, {2, 5}], [{8, 4}, {3, 7}, {2, 6}, {1, 5}], [{8, 4}, {3, 7}, {5, 6}, {1, 2}], [{8, 4}, {3, 7}, {6}, {5}, {1, 2}], [{8, 4}, {5, 7}, {1, 6}, {2, 3}], [{8, 4}, {5, 7}, {2, 6}, {1, 3}], [{8, 4}, {5, 7}, {3, 6}, {1, 2}], [{8, 4}, {5, 7}, {6}, {3}, {1, 2}], [{8, 4}, {6, 7}, {1, 5}, {2, 3}], [{8, 4}, {6, 7}, {2, 5}, {1, 3}], [{8, 4}, {6, 7}, {3, 5}, {1, 2}], [{8, 4}, {6, 7}, {3, 5}, {2}, {1}], [{8, 4}, {6, 7}, {5}, {3}, {1, 2}], [{8, 4}, {7}, {3, 6}, {5}, {1, 2}], [{8, 4}, {7}, {5, 6}, {3}, {1, 2}], [{8, 4}, {7}, {6}, {3, 5}, {1, 2}], [{8, 4}, {7}, {6}, {5}, {3}, {1, 2}], [{8, 5}, {1, 7}, {2, 6}, {3, 4}], [{8, 5}, {1, 7}, {3, 6}, {2, 4}], [{8, 5}, {1, 7}, {4, 6}, {2, 3}], [{8, 5}, {2, 7}, {1, 6}, {3, 4}], [{8, 5}, {2, 7}, {3, 6}, {1, 4}], [{8, 5}, {2, 7}, {4, 6}, {1, 3}], [{8, 5}, {2, 7}, {4, 6}, {3}, {1}], [{8, 5}, {2, 7}, {6}, {4}, {1, 3}], [{8, 5}, {3, 7}, {1, 6}, {2, 4}], [{8, 5}, {3, 7}, {2, 6}, {1, 4}], [{8, 5}, {3, 7}, {4, 6}, {1, 2}], [{8, 5}, {4, 7}, {1, 6}, {2, 3}], [{8, 5}, {4, 7}, {2, 6}, {1, 3}], [{8, 5}, {4, 7}, {2, 6}, {3}, {1}], [{8, 5}, {4, 7}, {3, 6}, {1, 2}], [{8, 5}, {6, 7}, {1, 4}, {2, 3}], [{8, 5}, {6, 7}, {2, 4}, {1, 3}], [{8, 5}, {6, 7}, {2, 4}, {3}, {1}], [{8, 5}, {6, 7}, {3, 4}, {1, 2}], [{8, 5}, {7}, {6}, {1, 4}, {2, 3}], [{8, 6}, {1, 7}, {2, 5}, {3, 4}], [{8, 6}, {1, 7}, {3, 5}, {2, 4}], [{8, 6}, {1, 7}, {4, 5}, {2, 3}], [{8, 6}, {2, 7}, {1, 5}, {3, 4}], [{8, 6}, {2, 7}, {3, 5}, {1, 4}], [{8, 6}, {2, 7}, {3, 5}, {4}, {1}], [{8, 6}, {2, 7}, {4, 5}, {1, 3}], [{8, 6}, {3, 7}, {1, 5}, {2, 4}], [{8, 6}, {3, 7}, {2, 5}, {1, 4}], [{8, 6}, {3, 7}, {4, 5}, {1, 2}], [{8, 6}, {4, 7}, {1, 5}, {2, 3}], [{8, 6}, {4, 7}, {2, 5}, {1, 3}], [{8, 6}, {4, 7}, {3, 5}, {1, 2}], [{8, 6}, {5, 7}, {1, 4}, {2, 3}], [{8, 6}, {5, 7}, {2, 4}, {1, 3}], [{8, 6}, {5, 7}, {3, 4}, {1, 2}], [{8, 6}, {5, 7}, {4}, {3}, {1, 2}], [{8, 6}, {7}, {3, 5}, {1, 4}, {2}], [{8, 7}, {1, 6}, {2, 5}, {3, 4}], [{8, 7}, {1, 6}, {3, 5}, {2, 4}], [{8, 7}, {1, 6}, {4, 5}, {2, 3}], [{8, 7}, {1, 6}, {5}, {4}, {2, 3}], [{8, 7}, {2, 6}, {1, 5}, {3, 4}], [{8, 7}, {2, 6}, {3, 5}, {1, 4}], [{8, 7}, {2, 6}, {4, 5}, {1, 3}], [{8, 7}, {3, 6}, {1, 5}, {2, 4}], [{8, 7}, {3, 6}, {2, 5}, {1, 4}], [{8, 7}, {3, 6}, {4, 5}, {1, 2}], [{8, 7}, {3, 6}, {4, 5}, {2}, {1}], [{8, 7}, {4, 6}, {1, 5}, {2, 3}], [{8, 7}, {4, 6}, {2, 5}, {1, 3}], [{8, 7}, {4, 6}, {3, 5}, {1, 2}], [{8, 7}, {5, 6}, {1, 4}, {2, 3}], [{8, 7}, {5, 6}, {2, 4}, {1, 3}], [{8, 7}, {5, 6}, {3, 4}, {1, 2}], [{8, 7}, {5, 6}, {4}, {3}, {1, 2}], [{8, 7}, {6}, {3, 5}, {1, 4}, {2}], [{8}, {1, 7}, {2, 6}, {4, 5}, {3}], [{8}, {1, 7}, {5, 6}, {2, 4}, {3}], [{8}, {2, 7}, {6}, {3, 5}, {1, 4}], [{8}, {3, 7}, {1, 6}, {4, 5}, {2}], [{8}, {4, 7}, {5, 6}, {3}, {1, 2}], [{8}, {5, 7}, {1, 6}, {2, 4}, {3}], [{8}, {5, 7}, {4, 6}, {3}, {1, 2}], [{8}, {6, 7}, {1, 5}, {2, 4}, {3}], [{8}, {6, 7}, {2, 5}, {4}, {1, 3}], [{8}, {6, 7}, {3, 5}, {1, 4}, {2}], [{8}, {6, 7}, {3, 5}, {2, 4}, {1}], [{8}, {6, 7}, {3, 5}, {4}, {1, 2}], [{8}, {6, 7}, {4, 5}, {1, 3}, {2}], [{8}, {6, 7}, {5}, {2, 4}, {1, 3}], [{8}, {6, 7}, {5}, {2, 4}, {3}, {1}], [{8}, {7}, {2, 6}, {3, 5}, {1, 4}], [{8}, {7}, {6}, {3, 5}, {1, 4}, {2}]]",2,20 K_1^3 - 16 K_1^2 - 26 K_1 K_2 - 2 K_1 K_3 - 2 K_1 - 2 K_2^2 + 9 K_2 + 8 K_3 + 2 K_4 + 10,O1O2O3O4U5U6O7U3O5O8U7U4U1U8O6U2,O1O2O3O4U1U5O6U4O7O5U3U6U8U2O8U7,O1O2O3O4U5O6U3U6U7U2O8O5U1O7U8U4,c,{'O1O2O3O4U3O5U6U4U1U7O6O8U2O7U5U8'},1,"<a href=""/flatknot/8.733811"">8.733811</a>",t^9-53t^7-86t^6+288t^5+348t^4-464t^3-62t^2+129t-16,t^3-t^2-t,,
8.733812,O1O2O3O4U3O5U6U4U1U7O6O8U2O7U8U5,4,2z^3+28z^2+99z+103,2w^4z^3+28w^3z^2+99w^2z+103w,False,False,"[[ 0 -1  0 -1  1  3 -3  1  0],[ 1  0  0 -1  1  2  0  1  1],[ 0  0  0 -1  2  2 -1  1  0],[ 1  1  1  0  1  1  0  1  0],[-1 -1 -2 -1  0  0 -1  0  0],[-3 -2 -2 -1  0  0 -4 -1 -1],[ 3  0  1  0  1  4  0  3  1],[-1 -1 -1 -1  0  1 -3  0  0],[ 0 -1  0  0  0  1 -1  0  0]]","[[ 0  3  1  1  0  0 -1 -1 -3],[-3  0  0 -1 -1 -2 -1 -2 -4],[-1  0  0  0  0 -2 -1 -1 -1],[-1  1  0  0  0 -1 -1 -1 -3],[ 0  1  0  0  0  0  0 -1 -1],[ 0  2  2  1  0  0 -1  0 -1],[ 1  1  1  1  0  1  0  1  0],[ 1  2  1  1  1  0 -1  0  0],[ 3  4  1  3  1  1  0  0  0]]",True,"[-3,-1,-1,0,0,1,1,3,0,1,1,2,1,2,4,0,0,2,1,1,1,0,1,1,1,3,0,0,1,1,1,0,1,-1,0,0]","[-3,-1,-1,0,0,1,1,3,0,0,1,1,1,3,4,-1,0,1,1,1,2,1,0,1,1,1,0,2,1,2,0,0,1,0,0,1]",t^8+51t^6+199t^4+116t^2,"[-3,-1,-1,0,0,1,1,3,2,2,2,2,1,3,2,-1,0,1,1,1,3,1,0,1,1,2,0,0,-1,1,1,1,2,0,1,2]","[-3,-1,-1,0,0,1,1,3,1,2,1,2,2,3,2,0,0,1,1,1,1,-1,1,1,1,3,0,1,0,2,0,1,2,-1,2,2]","[-3,-1,-1,0,0,1,1,3,0,0,1,1,1,3,4,-1,0,1,1,1,2,1,0,1,1,1,0,2,1,2,0,0,1,0,0,1]",c,"[[{8, 1}, {2, 7}, {3, 6}, {4, 5}], [{8, 1}, {2, 7}, {4, 6}, {3, 5}], [{8, 1}, {2, 7}, {5, 6}, {3, 4}], [{8, 1}, {2, 7}, {6}, {4, 5}, {3}], [{8, 1}, {3, 7}, {2, 6}, {4, 5}], [{8, 1}, {3, 7}, {4, 6}, {2, 5}], [{8, 1}, {3, 7}, {5, 6}, {2, 4}], [{8, 1}, {4, 7}, {2, 6}, {3, 5}], [{8, 1}, {4, 7}, {3, 6}, {2, 5}], [{8, 1}, {4, 7}, {5, 6}, {2, 3}], [{8, 1}, {5, 7}, {2, 6}, {3, 4}], [{8, 1}, {5, 7}, {2, 6}, {4}, {3}], [{8, 1}, {5, 7}, {3, 6}, {2, 4}], [{8, 1}, {5, 7}, {4, 6}, {2, 3}], [{8, 1}, {6, 7}, {2, 5}, {3, 4}], [{8, 1}, {6, 7}, {3, 5}, {2, 4}], [{8, 1}, {6, 7}, {4, 5}, {2, 3}], [{8, 1}, {6, 7}, {5}, {4}, {2, 3}], [{8, 1}, {7}, {2, 6}, {5}, {3, 4}], [{8, 1}, {7}, {6}, {3, 5}, {2, 4}], [{8, 2}, {1, 7}, {3, 6}, {4, 5}], [{8, 2}, {1, 7}, {4, 6}, {3, 5}], [{8, 2}, {1, 7}, {5, 6}, {3, 4}], [{8, 2}, {3, 7}, {1, 6}, {4, 5}], [{8, 2}, {3, 7}, {4, 6}, {1, 5}], [{8, 2}, {3, 7}, {5, 6}, {1, 4}], [{8, 2}, {3, 7}, {6}, {1, 5}, {4}], [{8, 2}, {4, 7}, {1, 6}, {3, 5}], [{8, 2}, {4, 7}, {3, 6}, {1, 5}], [{8, 2}, {4, 7}, {5, 6}, {1, 3}], [{8, 2}, {5, 7}, {1, 6}, {3, 4}], [{8, 2}, {5, 7}, {1, 6}, {4}, {3}], [{8, 2}, {5, 7}, {3, 6}, {1, 4}], [{8, 2}, {5, 7}, {4, 6}, {1, 3}], [{8, 2}, {6, 7}, {1, 5}, {3, 4}], [{8, 2}, {6, 7}, {3, 5}, {1, 4}], [{8, 2}, {6, 7}, {4, 5}, {1, 3}], [{8, 2}, {7}, {1, 6}, {5}, {3, 4}], [{8, 2}, {7}, {4, 6}, {1, 5}, {3}], [{8, 2}, {7}, {6}, {3, 5}, {1, 4}], [{8, 3}, {1, 7}, {2, 6}, {4, 5}], [{8, 3}, {1, 7}, {4, 6}, {2, 5}], [{8, 3}, {1, 7}, {4, 6}, {5}, {2}], [{8, 3}, {1, 7}, {5, 6}, {2, 4}], [{8, 3}, {1, 7}, {5, 6}, {4}, {2}], [{8, 3}, {1, 7}, {6}, {4, 5}, {2}], [{8, 3}, {2, 7}, {1, 6}, {4, 5}], [{8, 3}, {2, 7}, {4, 6}, {1, 5}], [{8, 3}, {2, 7}, {5, 6}, {1, 4}], [{8, 3}, {2, 7}, {6}, {4, 5}, {1}], [{8, 3}, {4, 7}, {1, 6}, {2, 5}], [{8, 3}, {4, 7}, {2, 6}, {1, 5}], [{8, 3}, {4, 7}, {2, 6}, {5}, {1}], [{8, 3}, {4, 7}, {5, 6}, {1, 2}], [{8, 3}, {5, 7}, {1, 6}, {2, 4}], [{8, 3}, {5, 7}, {2, 6}, {1, 4}], [{8, 3}, {5, 7}, {2, 6}, {4}, {1}], [{8, 3}, {5, 7}, {4, 6}, {1, 2}], [{8, 3}, {5, 7}, {4, 6}, {2}, {1}], [{8, 3}, {5, 7}, {6}, {2, 4}, {1}], [{8, 3}, {6, 7}, {1, 5}, {2, 4}], [{8, 3}, {6, 7}, {2, 5}, {1, 4}], [{8, 3}, {6, 7}, {4, 5}, {1, 2}], [{8, 3}, {6, 7}, {4, 5}, {2}, {1}], [{8, 3}, {7}, {1, 6}, {4, 5}, {2}], [{8, 3}, {7}, {2, 6}, {4, 5}, {1}], [{8, 3}, {7}, {4, 6}, {1, 5}, {2}], [{8, 3}, {7}, {6}, {4, 5}, {1, 2}], [{8, 4}, {1, 7}, {2, 6}, {3, 5}], [{8, 4}, {1, 7}, {3, 6}, {2, 5}], [{8, 4}, {1, 7}, {5, 6}, {2, 3}], [{8, 4}, {1, 7}, {5, 6}, {3}, {2}], [{8, 4}, {2, 7}, {1, 6}, {3, 5}], [{8, 4}, {2, 7}, {3, 6}, {1, 5}], [{8, 4}, {2, 7}, {5, 6}, {1, 3}], [{8, 4}, {2, 7}, {6}, {1, 5}, {3}], [{8, 4}, {2, 7}, {6}, {3, 5}, {1}], [{8, 4}, {2, 7}, {6}, {5}, {1, 3}], [{8, 4}, {3, 7}, {1, 6}, {2, 5}], [{8, 4}, {3, 7}, {2, 6}, {1, 5}], [{8, 4}, {3, 7}, {5, 6}, {1, 2}], [{8, 4}, {3, 7}, {6}, {1, 5}, {2}], [{8, 4}, {5, 7}, {1, 6}, {2, 3}], [{8, 4}, {5, 7}, {1, 6}, {3}, {2}], [{8, 4}, {5, 7}, {2, 6}, {1, 3}], [{8, 4}, {5, 7}, {3, 6}, {1, 2}], [{8, 4}, {6, 7}, {1, 5}, {2, 3}], [{8, 4}, {6, 7}, {1, 5}, {3}, {2}], [{8, 4}, {6, 7}, {2, 5}, {1, 3}], [{8, 4}, {6, 7}, {3, 5}, {1, 2}], [{8, 4}, {7}, {2, 6}, {1, 5}, {3}], [{8, 4}, {7}, {3, 6}, {1, 5}, {2}], [{8, 4}, {7}, {6}, {1, 5}, {2, 3}], [{8, 4}, {7}, {6}, {1, 5}, {3}, {2}], [{8, 5}, {1, 7}, {2, 6}, {3, 4}], [{8, 5}, {1, 7}, {3, 6}, {2, 4}], [{8, 5}, {1, 7}, {4, 6}, {2, 3}], [{8, 5}, {2, 7}, {1, 6}, {3, 4}], [{8, 5}, {2, 7}, {3, 6}, {1, 4}], [{8, 5}, {2, 7}, {4, 6}, {1, 3}], [{8, 5}, {2, 7}, {6}, {4}, {1, 3}], [{8, 5}, {3, 7}, {1, 6}, {2, 4}], [{8, 5}, {3, 7}, {2, 6}, {1, 4}], [{8, 5}, {3, 7}, {4, 6}, {1, 2}], [{8, 5}, {4, 7}, {1, 6}, {2, 3}], [{8, 5}, {4, 7}, {2, 6}, {1, 3}], [{8, 5}, {4, 7}, {3, 6}, {1, 2}], [{8, 5}, {6, 7}, {1, 4}, {2, 3}], [{8, 5}, {6, 7}, {2, 4}, {1, 3}], [{8, 5}, {6, 7}, {2, 4}, {3}, {1}], [{8, 5}, {6, 7}, {3, 4}, {1, 2}], [{8, 5}, {7}, {1, 6}, {4}, {2, 3}], [{8, 6}, {1, 7}, {2, 5}, {3, 4}], [{8, 6}, {1, 7}, {3, 5}, {2, 4}], [{8, 6}, {1, 7}, {4, 5}, {2, 3}], [{8, 6}, {2, 7}, {1, 5}, {3, 4}], [{8, 6}, {2, 7}, {1, 5}, {4}, {3}], [{8, 6}, {2, 7}, {3, 5}, {1, 4}], [{8, 6}, {2, 7}, {3, 5}, {4}, {1}], [{8, 6}, {2, 7}, {4, 5}, {1, 3}], [{8, 6}, {2, 7}, {5}, {4}, {1, 3}], [{8, 6}, {3, 7}, {1, 5}, {2, 4}], [{8, 6}, {3, 7}, {1, 5}, {4}, {2}], [{8, 6}, {3, 7}, {2, 5}, {1, 4}], [{8, 6}, {3, 7}, {4, 5}, {1, 2}], [{8, 6}, {4, 7}, {1, 5}, {2, 3}], [{8, 6}, {4, 7}, {1, 5}, {3}, {2}], [{8, 6}, {4, 7}, {2, 5}, {1, 3}], [{8, 6}, {4, 7}, {3, 5}, {1, 2}], [{8, 6}, {5, 7}, {1, 4}, {2, 3}], [{8, 6}, {5, 7}, {2, 4}, {1, 3}], [{8, 6}, {5, 7}, {3, 4}, {1, 2}], [{8, 6}, {7}, {1, 5}, {2, 4}, {3}], [{8, 6}, {7}, {1, 5}, {3, 4}, {2}], [{8, 6}, {7}, {1, 5}, {4}, {2, 3}], [{8, 6}, {7}, {1, 5}, {4}, {3}, {2}], [{8, 7}, {1, 6}, {2, 5}, {3, 4}], [{8, 7}, {1, 6}, {3, 5}, {2, 4}], [{8, 7}, {1, 6}, {4, 5}, {2, 3}], [{8, 7}, {1, 6}, {4, 5}, {3}, {2}], [{8, 7}, {2, 6}, {1, 5}, {3, 4}], [{8, 7}, {2, 6}, {3, 5}, {1, 4}], [{8, 7}, {2, 6}, {3, 5}, {4}, {1}], [{8, 7}, {2, 6}, {4, 5}, {1, 3}], [{8, 7}, {3, 6}, {1, 5}, {2, 4}], [{8, 7}, {3, 6}, {2, 5}, {1, 4}], [{8, 7}, {3, 6}, {4, 5}, {1, 2}], [{8, 7}, {3, 6}, {5}, {2, 4}, {1}], [{8, 7}, {4, 6}, {1, 5}, {2, 3}], [{8, 7}, {4, 6}, {1, 5}, {3}, {2}], [{8, 7}, {4, 6}, {2, 5}, {1, 3}], [{8, 7}, {4, 6}, {3, 5}, {1, 2}], [{8, 7}, {5, 6}, {1, 4}, {2, 3}], [{8, 7}, {5, 6}, {2, 4}, {1, 3}], [{8, 7}, {5, 6}, {3, 4}, {1, 2}], [{8, 7}, {5, 6}, {4}, {3}, {1, 2}], [{8}, {1, 7}, {5, 6}, {3, 4}, {2}], [{8}, {2, 7}, {4, 6}, {1, 5}, {3}], [{8}, {2, 7}, {4, 6}, {3, 5}, {1}], [{8}, {2, 7}, {4, 6}, {5}, {1, 3}], [{8}, {2, 7}, {5, 6}, {1, 4}, {3}], [{8}, {2, 7}, {5, 6}, {3, 4}, {1}], [{8}, {2, 7}, {5, 6}, {4}, {1, 3}], [{8}, {2, 7}, {6}, {4, 5}, {1, 3}], [{8}, {2, 7}, {6}, {5}, {4}, {1, 3}], [{8}, {3, 7}, {1, 6}, {4, 5}, {2}], [{8}, {3, 7}, {2, 6}, {1, 5}, {4}], [{8}, {3, 7}, {4, 6}, {1, 5}, {2}], [{8}, {3, 7}, {5, 6}, {1, 4}, {2}], [{8}, {3, 7}, {6}, {1, 5}, {2, 4}], [{8}, {5, 7}, {1, 6}, {2, 4}, {3}], [{8}, {5, 7}, {2, 6}, {4}, {1, 3}], [{8}, {5, 7}, {3, 6}, {4}, {1, 2}], [{8}, {6, 7}, {2, 5}, {1, 4}, {3}], [{8}, {6, 7}, {2, 5}, {3, 4}, {1}], [{8}, {6, 7}, {2, 5}, {4}, {1, 3}], [{8}, {7}, {4, 6}, {1, 5}, {2, 3}], [{8}, {7}, {4, 6}, {1, 5}, {3}, {2}], [{8}, {7}, {5, 6}, {1, 4}, {2, 3}], [{8}, {7}, {5, 6}, {3, 4}, {1, 2}]]",2,12 K_1^3 + 4 K_1^2 K_2 - 20 K_1^2 - 16 K_1 K_2 - 4 K_1 K_3 - K_1 + 10 K_2 + 5 K_3 + K_4 + 10,O1O2O3O4U5U6O7U3O6O8U7U4U1U8O5U2,O1O2O3O4U1U5O6U4O5O7U3U6U8U2O8U7,O1O2O3O4U5O6U3U6U7U2O5O8U1O7U8U4,c,{'O1O2O3O4U3O5U6U4U1U7O6O8U2O7U8U5'},1,"<a href=""/flatknot/8.733812"">8.733812</a>",t^9-51t^7-86t^6+211t^5+334t^4-123t^3-240t^2-9t+30,0,,
8.733813,O1O2O3O4U3O5U6U4U1U7O6O8U5O7U2U8,4,2z^3+23z^2+94z+113,2w^4z^3+23w^3z^2+94w^2z+113w,False,False,"[[ 0 -1  0 -1  1  2 -3  1  1],[ 1  0  1 -1  1  1  0  1  2],[ 0 -1  0 -1  1  2 -2  0  1],[ 1  1  1  0  1  1  0  1  0],[-1 -1 -1 -1  0  0 -1 -1  1],[-2 -1 -2 -1  0  0 -2 -1  0],[ 3  0  2  0  1  2  0  3  2],[-1 -1  0 -1  1  1 -3  0  1],[-1 -2 -1  0 -1  0 -2 -1  0]]","[[ 0  2  1  1  1  0 -1 -1 -3],[-2  0  0  0 -1 -2 -1 -1 -2],[-1  0  0  1 -1 -1 -1 -1 -1],[-1  0 -1  0 -1 -1  0 -2 -2],[-1  1  1  1  0  0 -1 -1 -3],[ 0  2  1  1  0  0 -1 -1 -2],[ 1  1  1  0  1  1  0  1  0],[ 1  1  1  2  1  1 -1  0  0],[ 3  2  1  2  3  2  0  0  0]]",True,"[-2,-1,-1,-1,0,1,1,3,0,0,1,2,1,1,2,-1,1,1,1,1,1,1,1,0,2,2,0,1,1,3,1,1,2,-1,0,0]","[-3,-1,-1,0,1,1,1,2,0,0,2,1,2,3,2,-1,1,1,2,1,1,1,1,0,1,1,1,1,0,2,1,-1,0,-1,0,1]",t^8+45t^6+177t^4+112t^2+1,"[-3,-1,-1,0,1,1,1,2,2,2,1,1,2,3,3,-1,0,1,2,1,2,0,1,0,1,2,1,0,0,0,-1,-1,0,1,1,1]","[-2,-1,-1,-1,0,1,1,3,0,1,1,0,2,2,3,1,1,1,1,1,1,-1,0,0,2,2,0,1,1,3,0,0,1,-1,2,2]","[-3,-1,-1,0,1,1,1,2,0,0,2,1,2,3,2,-1,1,1,2,1,1,1,1,0,1,1,1,1,0,2,1,-1,0,-1,0,1]",c,"[[{8, 1}, {2, 7}, {3, 6}, {4, 5}], [{8, 1}, {2, 7}, {3, 6}, {5}, {4}], [{8, 1}, {2, 7}, {4, 6}, {3, 5}], [{8, 1}, {2, 7}, {4, 6}, {5}, {3}], [{8, 1}, {2, 7}, {5, 6}, {3, 4}], [{8, 1}, {2, 7}, {5, 6}, {4}, {3}], [{8, 1}, {2, 7}, {6}, {3, 5}, {4}], [{8, 1}, {2, 7}, {6}, {4, 5}, {3}], [{8, 1}, {2, 7}, {6}, {5}, {3, 4}], [{8, 1}, {2, 7}, {6}, {5}, {4}, {3}], [{8, 1}, {3, 7}, {2, 6}, {4, 5}], [{8, 1}, {3, 7}, {2, 6}, {5}, {4}], [{8, 1}, {3, 7}, {4, 6}, {2, 5}], [{8, 1}, {3, 7}, {5, 6}, {2, 4}], [{8, 1}, {4, 7}, {2, 6}, {3, 5}], [{8, 1}, {4, 7}, {2, 6}, {5}, {3}], [{8, 1}, {4, 7}, {3, 6}, {2, 5}], [{8, 1}, {4, 7}, {5, 6}, {2, 3}], [{8, 1}, {5, 7}, {2, 6}, {3, 4}], [{8, 1}, {5, 7}, {2, 6}, {4}, {3}], [{8, 1}, {5, 7}, {3, 6}, {2, 4}], [{8, 1}, {5, 7}, {4, 6}, {2, 3}], [{8, 1}, {5, 7}, {6}, {3, 4}, {2}], [{8, 1}, {6, 7}, {2, 5}, {3, 4}], [{8, 1}, {6, 7}, {2, 5}, {4}, {3}], [{8, 1}, {6, 7}, {3, 5}, {2, 4}], [{8, 1}, {6, 7}, {3, 5}, {4}, {2}], [{8, 1}, {6, 7}, {4, 5}, {2, 3}], [{8, 1}, {6, 7}, {4, 5}, {3}, {2}], [{8, 1}, {6, 7}, {5}, {2, 4}, {3}], [{8, 1}, {6, 7}, {5}, {3, 4}, {2}], [{8, 1}, {6, 7}, {5}, {4}, {2, 3}], [{8, 1}, {6, 7}, {5}, {4}, {3}, {2}], [{8, 1}, {7}, {2, 6}, {3, 5}, {4}], [{8, 1}, {7}, {2, 6}, {4, 5}, {3}], [{8, 1}, {7}, {2, 6}, {5}, {3, 4}], [{8, 1}, {7}, {2, 6}, {5}, {4}, {3}], [{8, 1}, {7}, {5, 6}, {3, 4}, {2}], [{8, 1}, {7}, {6}, {2, 5}, {3, 4}], [{8, 2}, {1, 7}, {3, 6}, {4, 5}], [{8, 2}, {1, 7}, {4, 6}, {3, 5}], [{8, 2}, {1, 7}, {5, 6}, {3, 4}], [{8, 2}, {3, 7}, {1, 6}, {4, 5}], [{8, 2}, {3, 7}, {1, 6}, {5}, {4}], [{8, 2}, {3, 7}, {4, 6}, {1, 5}], [{8, 2}, {3, 7}, {5, 6}, {1, 4}], [{8, 2}, {3, 7}, {5, 6}, {4}, {1}], [{8, 2}, {3, 7}, {6}, {1, 5}, {4}], [{8, 2}, {4, 7}, {1, 6}, {3, 5}], [{8, 2}, {4, 7}, {3, 6}, {1, 5}], [{8, 2}, {4, 7}, {5, 6}, {1, 3}], [{8, 2}, {4, 7}, {5, 6}, {3}, {1}], [{8, 2}, {5, 7}, {1, 6}, {3, 4}], [{8, 2}, {5, 7}, {3, 6}, {1, 4}], [{8, 2}, {5, 7}, {4, 6}, {1, 3}], [{8, 2}, {5, 7}, {4, 6}, {3}, {1}], [{8, 2}, {6, 7}, {1, 5}, {3, 4}], [{8, 2}, {6, 7}, {1, 5}, {4}, {3}], [{8, 2}, {6, 7}, {3, 5}, {1, 4}], [{8, 2}, {6, 7}, {3, 5}, {4}, {1}], [{8, 2}, {6, 7}, {4, 5}, {1, 3}], [{8, 2}, {6, 7}, {5}, {4}, {1, 3}], [{8, 2}, {7}, {3, 6}, {1, 5}, {4}], [{8, 2}, {7}, {5, 6}, {3, 4}, {1}], [{8, 3}, {1, 7}, {2, 6}, {4, 5}], [{8, 3}, {1, 7}, {2, 6}, {5}, {4}], [{8, 3}, {1, 7}, {4, 6}, {2, 5}], [{8, 3}, {1, 7}, {5, 6}, {2, 4}], [{8, 3}, {2, 7}, {1, 6}, {4, 5}], [{8, 3}, {2, 7}, {1, 6}, {5}, {4}], [{8, 3}, {2, 7}, {4, 6}, {1, 5}], [{8, 3}, {2, 7}, {4, 6}, {5}, {1}], [{8, 3}, {2, 7}, {5, 6}, {1, 4}], [{8, 3}, {2, 7}, {5, 6}, {4}, {1}], [{8, 3}, {2, 7}, {6}, {1, 5}, {4}], [{8, 3}, {2, 7}, {6}, {4, 5}, {1}], [{8, 3}, {2, 7}, {6}, {5}, {1, 4}], [{8, 3}, {2, 7}, {6}, {5}, {4}, {1}], [{8, 3}, {4, 7}, {1, 6}, {2, 5}], [{8, 3}, {4, 7}, {2, 6}, {1, 5}], [{8, 3}, {4, 7}, {2, 6}, {5}, {1}], [{8, 3}, {4, 7}, {5, 6}, {1, 2}], [{8, 3}, {5, 7}, {1, 6}, {2, 4}], [{8, 3}, {5, 7}, {2, 6}, {1, 4}], [{8, 3}, {5, 7}, {2, 6}, {4}, {1}], [{8, 3}, {5, 7}, {4, 6}, {1, 2}], [{8, 3}, {5, 7}, {6}, {1, 4}, {2}], [{8, 3}, {6, 7}, {1, 5}, {2, 4}], [{8, 3}, {6, 7}, {1, 5}, {4}, {2}], [{8, 3}, {6, 7}, {2, 5}, {1, 4}], [{8, 3}, {6, 7}, {2, 5}, {4}, {1}], [{8, 3}, {6, 7}, {4, 5}, {1, 2}], [{8, 3}, {6, 7}, {4, 5}, {2}, {1}], [{8, 3}, {6, 7}, {5}, {1, 4}, {2}], [{8, 3}, {6, 7}, {5}, {2, 4}, {1}], [{8, 3}, {6, 7}, {5}, {4}, {1, 2}], [{8, 3}, {6, 7}, {5}, {4}, {2}, {1}], [{8, 3}, {7}, {2, 6}, {1, 5}, {4}], [{8, 3}, {7}, {2, 6}, {4, 5}, {1}], [{8, 3}, {7}, {2, 6}, {5}, {1, 4}], [{8, 3}, {7}, {2, 6}, {5}, {4}, {1}], [{8, 3}, {7}, {5, 6}, {1, 4}, {2}], [{8, 3}, {7}, {6}, {2, 5}, {1, 4}], [{8, 4}, {1, 7}, {2, 6}, {3, 5}], [{8, 4}, {1, 7}, {3, 6}, {2, 5}], [{8, 4}, {1, 7}, {5, 6}, {2, 3}], [{8, 4}, {2, 7}, {1, 6}, {3, 5}], [{8, 4}, {2, 7}, {3, 6}, {1, 5}], [{8, 4}, {2, 7}, {5, 6}, {1, 3}], [{8, 4}, {2, 7}, {6}, {5}, {1, 3}], [{8, 4}, {3, 7}, {1, 6}, {2, 5}], [{8, 4}, {3, 7}, {2, 6}, {1, 5}], [{8, 4}, {3, 7}, {5, 6}, {1, 2}], [{8, 4}, {3, 7}, {6}, {2, 5}, {1}], [{8, 4}, {5, 7}, {1, 6}, {2, 3}], [{8, 4}, {5, 7}, {2, 6}, {1, 3}], [{8, 4}, {5, 7}, {3, 6}, {1, 2}], [{8, 4}, {6, 7}, {1, 5}, {2, 3}], [{8, 4}, {6, 7}, {1, 5}, {3}, {2}], [{8, 4}, {6, 7}, {2, 5}, {1, 3}], [{8, 4}, {6, 7}, {3, 5}, {1, 2}], [{8, 4}, {6, 7}, {3, 5}, {2}, {1}], [{8, 4}, {6, 7}, {5}, {1, 3}, {2}], [{8, 4}, {7}, {2, 6}, {5}, {1, 3}], [{8, 4}, {7}, {5, 6}, {2, 3}, {1}], [{8, 5}, {1, 7}, {2, 6}, {3, 4}], [{8, 5}, {1, 7}, {3, 6}, {2, 4}], [{8, 5}, {1, 7}, {4, 6}, {2, 3}], [{8, 5}, {2, 7}, {1, 6}, {3, 4}], [{8, 5}, {2, 7}, {3, 6}, {1, 4}], [{8, 5}, {2, 7}, {4, 6}, {1, 3}], [{8, 5}, {2, 7}, {6}, {4}, {1, 3}], [{8, 5}, {3, 7}, {1, 6}, {2, 4}], [{8, 5}, {3, 7}, {2, 6}, {1, 4}], [{8, 5}, {3, 7}, {4, 6}, {1, 2}], [{8, 5}, {3, 7}, {6}, {4}, {1, 2}], [{8, 5}, {4, 7}, {1, 6}, {2, 3}], [{8, 5}, {4, 7}, {2, 6}, {1, 3}], [{8, 5}, {4, 7}, {3, 6}, {1, 2}], [{8, 5}, {6, 7}, {1, 4}, {2, 3}], [{8, 5}, {6, 7}, {1, 4}, {3}, {2}], [{8, 5}, {6, 7}, {2, 4}, {1, 3}], [{8, 5}, {6, 7}, {2, 4}, {3}, {1}], [{8, 5}, {6, 7}, {3, 4}, {1, 2}], [{8, 5}, {6, 7}, {3, 4}, {2}, {1}], [{8, 5}, {6, 7}, {4}, {1, 3}, {2}], [{8, 5}, {6, 7}, {4}, {2, 3}, {1}], [{8, 5}, {6, 7}, {4}, {3}, {1, 2}], [{8, 5}, {6, 7}, {4}, {3}, {2}, {1}], [{8, 5}, {7}, {2, 6}, {4}, {1, 3}], [{8, 5}, {7}, {3, 6}, {4}, {1, 2}], [{8, 6}, {1, 7}, {2, 5}, {3, 4}], [{8, 6}, {1, 7}, {3, 5}, {2, 4}], [{8, 6}, {1, 7}, {4, 5}, {2, 3}], [{8, 6}, {1, 7}, {5}, {4}, {2, 3}], [{8, 6}, {2, 7}, {1, 5}, {3, 4}], [{8, 6}, {2, 7}, {3, 5}, {1, 4}], [{8, 6}, {2, 7}, {4, 5}, {1, 3}], [{8, 6}, {2, 7}, {5}, {4}, {1, 3}], [{8, 6}, {3, 7}, {1, 5}, {2, 4}], [{8, 6}, {3, 7}, {2, 5}, {1, 4}], [{8, 6}, {3, 7}, {2, 5}, {4}, {1}], [{8, 6}, {3, 7}, {4, 5}, {1, 2}], [{8, 6}, {4, 7}, {1, 5}, {2, 3}], [{8, 6}, {4, 7}, {2, 5}, {1, 3}], [{8, 6}, {4, 7}, {3, 5}, {1, 2}], [{8, 6}, {5, 7}, {1, 4}, {2, 3}], [{8, 6}, {5, 7}, {2, 4}, {1, 3}], [{8, 6}, {5, 7}, {3, 4}, {1, 2}], [{8, 6}, {7}, {3, 5}, {4}, {1, 2}], [{8, 7}, {1, 6}, {2, 5}, {3, 4}], [{8, 7}, {1, 6}, {2, 5}, {4}, {3}], [{8, 7}, {1, 6}, {3, 5}, {2, 4}], [{8, 7}, {1, 6}, {4, 5}, {2, 3}], [{8, 7}, {2, 6}, {1, 5}, {3, 4}], [{8, 7}, {2, 6}, {3, 5}, {1, 4}], [{8, 7}, {2, 6}, {4, 5}, {1, 3}], [{8, 7}, {2, 6}, {5}, {4}, {1, 3}], [{8, 7}, {3, 6}, {1, 5}, {2, 4}], [{8, 7}, {3, 6}, {2, 5}, {1, 4}], [{8, 7}, {3, 6}, {4, 5}, {1, 2}], [{8, 7}, {3, 6}, {5}, {4}, {1, 2}], [{8, 7}, {4, 6}, {1, 5}, {2, 3}], [{8, 7}, {4, 6}, {2, 5}, {1, 3}], [{8, 7}, {4, 6}, {3, 5}, {1, 2}], [{8, 7}, {5, 6}, {1, 4}, {2, 3}], [{8, 7}, {5, 6}, {2, 4}, {1, 3}], [{8, 7}, {5, 6}, {3, 4}, {1, 2}], [{8, 7}, {5, 6}, {4}, {3}, {1, 2}], [{8, 7}, {6}, {2, 5}, {3, 4}, {1}], [{8, 7}, {6}, {3, 5}, {4}, {1, 2}], [{8}, {1, 7}, {6}, {2, 5}, {3, 4}], [{8}, {2, 7}, {4, 6}, {5}, {1, 3}], [{8}, {2, 7}, {5, 6}, {4}, {1, 3}], [{8}, {2, 7}, {6}, {4, 5}, {1, 3}], [{8}, {2, 7}, {6}, {5}, {4}, {1, 3}], [{8}, {3, 7}, {4, 6}, {2, 5}, {1}], [{8}, {4, 7}, {2, 6}, {5}, {1, 3}], [{8}, {4, 7}, {3, 6}, {2, 5}, {1}], [{8}, {5, 7}, {2, 6}, {4}, {1, 3}], [{8}, {5, 7}, {3, 6}, {4}, {1, 2}], [{8}, {6, 7}, {1, 5}, {2, 4}, {3}], [{8}, {6, 7}, {1, 5}, {3, 4}, {2}], [{8}, {6, 7}, {1, 5}, {4}, {2, 3}], [{8}, {6, 7}, {1, 5}, {4}, {3}, {2}], [{8}, {6, 7}, {2, 5}, {4}, {1, 3}], [{8}, {6, 7}, {3, 5}, {1, 4}, {2}], [{8}, {6, 7}, {3, 5}, {2, 4}, {1}], [{8}, {6, 7}, {3, 5}, {4}, {1, 2}], [{8}, {6, 7}, {3, 5}, {4}, {2}, {1}], [{8}, {6, 7}, {4, 5}, {1, 3}, {2}], [{8}, {6, 7}, {5}, {2, 4}, {1, 3}], [{8}, {6, 7}, {5}, {4}, {1, 3}, {2}], [{8}, {7}, {2, 6}, {4, 5}, {1, 3}], [{8}, {7}, {2, 6}, {5}, {4}, {1, 3}], [{8}, {7}, {5, 6}, {3, 4}, {1, 2}]]",2,8 K_1^3 + 4 K_1^2 K_2 - 24 K_1^2 - 18 K_1 K_2 - 2 K_1 K_3 + 3 K_1 - 2 K_2^2 + 11 K_2 + 7 K_3 + K_4 + 13,O1O2O3O4U5U3O6U7O5O8U6U4U1U8O7U2,O1O2O3O4U1U5O6U4O7O5U3U7U8U2O8U6,O1O2O3O4U5O6U3U6U7U2O8O7U1O5U8U4,c,{'O1O2O3O4U3O5U6U4U1U7O6O8U5O7U2U8'},1,"<a href=""/flatknot/8.733813"">8.733813</a>",t^9-49t^7-98t^6+154t^5+276t^4-164t^3-152t^2+16t+8,t^3-t^2-t,,
8.733814,O1O2O3O4U3O5U6U4U1U7O6O8U5O7U8U2,4,19z^2+104z+133,19w^3z^2+104w^2z+133w,False,False,"[[ 0 -1  1 -1  1  2 -3  1  0],[ 1  0  1 -1  1  1  0  1  1],[-1 -1  0 -1  1  1 -3  0  0],[ 1  1  1  0  1  1  0  1  0],[-1 -1 -1 -1  0  0 -1 -1  1],[-2 -1 -1 -1  0  0 -2 -1  0],[ 3  0  3  0  1  2  0  3  1],[-1 -1  0 -1  1  1 -3  0  0],[ 0 -1  0  0 -1  0 -1  0  0]]","[[ 0  2  1  1  1  0 -1 -1 -3],[-2  0  0 -1 -1  0 -1 -1 -2],[-1  0  0 -1 -1  1 -1 -1 -1],[-1  1  1  0  0  0 -1 -1 -3],[-1  1  1  0  0  0 -1 -1 -3],[ 0  0 -1  0  0  0  0 -1 -1],[ 1  1  1  1  1  0  0  1  0],[ 1  1  1  1  1  1 -1  0  0],[ 3  2  1  3  3  1  0  0  0]]",True,"[-2,-1,-1,-1,0,1,1,3,0,1,1,0,1,1,2,1,1,-1,1,1,1,0,0,1,1,3,0,1,1,3,0,1,1,-1,0,0]","[-3,-1,-1,0,1,1,1,2,0,0,1,1,3,3,2,-1,1,1,1,1,1,0,1,1,1,1,-1,0,0,0,-1,-1,0,0,1,1]",t^8+39t^6+122t^4+15t^2,"[-3,-1,-1,0,1,1,1,2,2,2,2,1,1,3,3,-1,1,1,1,1,2,0,1,1,1,2,1,1,2,2,0,-1,0,-1,0,1]","[-2,-1,-1,-1,0,1,1,3,0,0,1,2,2,2,3,0,1,1,1,1,1,1,1,1,1,1,2,1,1,3,0,1,2,-1,2,2]","[-3,-1,-1,0,1,1,1,2,0,0,1,1,3,3,2,-1,1,1,1,1,1,0,1,1,1,1,-1,0,0,0,-1,-1,0,0,1,1]",c,"[[{8, 1}, {2, 7}, {3, 6}, {4, 5}], [{8, 1}, {2, 7}, {4, 6}, {3, 5}], [{8, 1}, {2, 7}, {4, 6}, {5}, {3}], [{8, 1}, {2, 7}, {5, 6}, {3, 4}], [{8, 1}, {3, 7}, {2, 6}, {4, 5}], [{8, 1}, {3, 7}, {2, 6}, {5}, {4}], [{8, 1}, {3, 7}, {4, 6}, {2, 5}], [{8, 1}, {3, 7}, {4, 6}, {5}, {2}], [{8, 1}, {3, 7}, {5, 6}, {2, 4}], [{8, 1}, {3, 7}, {6}, {5}, {2, 4}], [{8, 1}, {4, 7}, {2, 6}, {3, 5}], [{8, 1}, {4, 7}, {3, 6}, {2, 5}], [{8, 1}, {4, 7}, {5, 6}, {2, 3}], [{8, 1}, {4, 7}, {6}, {5}, {2, 3}], [{8, 1}, {5, 7}, {2, 6}, {3, 4}], [{8, 1}, {5, 7}, {3, 6}, {2, 4}], [{8, 1}, {5, 7}, {4, 6}, {2, 3}], [{8, 1}, {5, 7}, {4, 6}, {3}, {2}], [{8, 1}, {6, 7}, {2, 5}, {3, 4}], [{8, 1}, {6, 7}, {3, 5}, {2, 4}], [{8, 1}, {6, 7}, {4, 5}, {2, 3}], [{8, 1}, {6, 7}, {5}, {4}, {2, 3}], [{8, 1}, {7}, {3, 6}, {4, 5}, {2}], [{8, 1}, {7}, {4, 6}, {2, 5}, {3}], [{8, 1}, {7}, {4, 6}, {3, 5}, {2}], [{8, 1}, {7}, {4, 6}, {5}, {2, 3}], [{8, 1}, {7}, {4, 6}, {5}, {3}, {2}], [{8, 1}, {7}, {5, 6}, {3, 4}, {2}], [{8, 2}, {1, 7}, {3, 6}, {4, 5}], [{8, 2}, {1, 7}, {4, 6}, {3, 5}], [{8, 2}, {1, 7}, {5, 6}, {3, 4}], [{8, 2}, {1, 7}, {5, 6}, {4}, {3}], [{8, 2}, {3, 7}, {1, 6}, {4, 5}], [{8, 2}, {3, 7}, {4, 6}, {1, 5}], [{8, 2}, {3, 7}, {5, 6}, {1, 4}], [{8, 2}, {4, 7}, {1, 6}, {3, 5}], [{8, 2}, {4, 7}, {3, 6}, {1, 5}], [{8, 2}, {4, 7}, {3, 6}, {5}, {1}], [{8, 2}, {4, 7}, {5, 6}, {1, 3}], [{8, 2}, {5, 7}, {1, 6}, {3, 4}], [{8, 2}, {5, 7}, {3, 6}, {1, 4}], [{8, 2}, {5, 7}, {4, 6}, {1, 3}], [{8, 2}, {6, 7}, {1, 5}, {3, 4}], [{8, 2}, {6, 7}, {1, 5}, {4}, {3}], [{8, 2}, {6, 7}, {3, 5}, {1, 4}], [{8, 2}, {6, 7}, {4, 5}, {1, 3}], [{8, 2}, {7}, {4, 6}, {5}, {1, 3}], [{8, 2}, {7}, {5, 6}, {3, 4}, {1}], [{8, 3}, {1, 7}, {2, 6}, {4, 5}], [{8, 3}, {1, 7}, {4, 6}, {2, 5}], [{8, 3}, {1, 7}, {4, 6}, {5}, {2}], [{8, 3}, {1, 7}, {5, 6}, {2, 4}], [{8, 3}, {2, 7}, {1, 6}, {4, 5}], [{8, 3}, {2, 7}, {4, 6}, {1, 5}], [{8, 3}, {2, 7}, {4, 6}, {5}, {1}], [{8, 3}, {2, 7}, {5, 6}, {1, 4}], [{8, 3}, {2, 7}, {6}, {1, 5}, {4}], [{8, 3}, {4, 7}, {1, 6}, {2, 5}], [{8, 3}, {4, 7}, {2, 6}, {1, 5}], [{8, 3}, {4, 7}, {2, 6}, {5}, {1}], [{8, 3}, {4, 7}, {5, 6}, {1, 2}], [{8, 3}, {4, 7}, {6}, {1, 5}, {2}], [{8, 3}, {5, 7}, {1, 6}, {2, 4}], [{8, 3}, {5, 7}, {2, 6}, {1, 4}], [{8, 3}, {5, 7}, {4, 6}, {1, 2}], [{8, 3}, {5, 7}, {4, 6}, {2}, {1}], [{8, 3}, {6, 7}, {1, 5}, {2, 4}], [{8, 3}, {6, 7}, {1, 5}, {4}, {2}], [{8, 3}, {6, 7}, {2, 5}, {1, 4}], [{8, 3}, {6, 7}, {4, 5}, {1, 2}], [{8, 3}, {6, 7}, {5}, {2, 4}, {1}], [{8, 3}, {7}, {1, 6}, {4, 5}, {2}], [{8, 3}, {7}, {2, 6}, {1, 5}, {4}], [{8, 3}, {7}, {4, 6}, {1, 5}, {2}], [{8, 3}, {7}, {4, 6}, {2, 5}, {1}], [{8, 3}, {7}, {4, 6}, {5}, {1, 2}], [{8, 3}, {7}, {4, 6}, {5}, {2}, {1}], [{8, 3}, {7}, {5, 6}, {1, 4}, {2}], [{8, 3}, {7}, {6}, {1, 5}, {2, 4}], [{8, 3}, {7}, {6}, {1, 5}, {4}, {2}], [{8, 4}, {1, 7}, {2, 6}, {3, 5}], [{8, 4}, {1, 7}, {3, 6}, {2, 5}], [{8, 4}, {1, 7}, {5, 6}, {2, 3}], [{8, 4}, {1, 7}, {6}, {3, 5}, {2}], [{8, 4}, {2, 7}, {1, 6}, {3, 5}], [{8, 4}, {2, 7}, {3, 6}, {1, 5}], [{8, 4}, {2, 7}, {5, 6}, {1, 3}], [{8, 4}, {2, 7}, {6}, {3, 5}, {1}], [{8, 4}, {3, 7}, {1, 6}, {2, 5}], [{8, 4}, {3, 7}, {2, 6}, {1, 5}], [{8, 4}, {3, 7}, {5, 6}, {1, 2}], [{8, 4}, {5, 7}, {1, 6}, {2, 3}], [{8, 4}, {5, 7}, {2, 6}, {1, 3}], [{8, 4}, {5, 7}, {3, 6}, {1, 2}], [{8, 4}, {6, 7}, {1, 5}, {2, 3}], [{8, 4}, {6, 7}, {2, 5}, {1, 3}], [{8, 4}, {6, 7}, {3, 5}, {1, 2}], [{8, 4}, {6, 7}, {3, 5}, {2}, {1}], [{8, 4}, {7}, {1, 6}, {3, 5}, {2}], [{8, 4}, {7}, {2, 6}, {3, 5}, {1}], [{8, 4}, {7}, {3, 6}, {1, 5}, {2}], [{8, 4}, {7}, {5, 6}, {1, 3}, {2}], [{8, 4}, {7}, {6}, {3, 5}, {1, 2}], [{8, 4}, {7}, {6}, {3, 5}, {2}, {1}], [{8, 5}, {1, 7}, {2, 6}, {3, 4}], [{8, 5}, {1, 7}, {3, 6}, {2, 4}], [{8, 5}, {1, 7}, {3, 6}, {4}, {2}], [{8, 5}, {1, 7}, {4, 6}, {2, 3}], [{8, 5}, {2, 7}, {1, 6}, {3, 4}], [{8, 5}, {2, 7}, {3, 6}, {1, 4}], [{8, 5}, {2, 7}, {3, 6}, {4}, {1}], [{8, 5}, {2, 7}, {4, 6}, {1, 3}], [{8, 5}, {2, 7}, {6}, {1, 4}, {3}], [{8, 5}, {3, 7}, {1, 6}, {2, 4}], [{8, 5}, {3, 7}, {2, 6}, {1, 4}], [{8, 5}, {3, 7}, {2, 6}, {4}, {1}], [{8, 5}, {3, 7}, {4, 6}, {1, 2}], [{8, 5}, {3, 7}, {6}, {1, 4}, {2}], [{8, 5}, {4, 7}, {1, 6}, {2, 3}], [{8, 5}, {4, 7}, {2, 6}, {1, 3}], [{8, 5}, {4, 7}, {3, 6}, {1, 2}], [{8, 5}, {4, 7}, {3, 6}, {2}, {1}], [{8, 5}, {6, 7}, {1, 4}, {2, 3}], [{8, 5}, {6, 7}, {1, 4}, {3}, {2}], [{8, 5}, {6, 7}, {2, 4}, {1, 3}], [{8, 5}, {6, 7}, {3, 4}, {1, 2}], [{8, 5}, {6, 7}, {4}, {2, 3}, {1}], [{8, 5}, {7}, {1, 6}, {3, 4}, {2}], [{8, 5}, {7}, {2, 6}, {1, 4}, {3}], [{8, 5}, {7}, {3, 6}, {1, 4}, {2}], [{8, 5}, {7}, {3, 6}, {2, 4}, {1}], [{8, 5}, {7}, {3, 6}, {4}, {1, 2}], [{8, 5}, {7}, {3, 6}, {4}, {2}, {1}], [{8, 5}, {7}, {4, 6}, {1, 3}, {2}], [{8, 5}, {7}, {6}, {1, 4}, {2, 3}], [{8, 5}, {7}, {6}, {1, 4}, {3}, {2}], [{8, 6}, {1, 7}, {2, 5}, {3, 4}], [{8, 6}, {1, 7}, {3, 5}, {2, 4}], [{8, 6}, {1, 7}, {4, 5}, {2, 3}], [{8, 6}, {1, 7}, {4, 5}, {3}, {2}], [{8, 6}, {1, 7}, {5}, {4}, {2, 3}], [{8, 6}, {2, 7}, {1, 5}, {3, 4}], [{8, 6}, {2, 7}, {3, 5}, {1, 4}], [{8, 6}, {2, 7}, {4, 5}, {1, 3}], [{8, 6}, {2, 7}, {4, 5}, {3}, {1}], [{8, 6}, {3, 7}, {1, 5}, {2, 4}], [{8, 6}, {3, 7}, {2, 5}, {1, 4}], [{8, 6}, {3, 7}, {4, 5}, {1, 2}], [{8, 6}, {3, 7}, {4, 5}, {2}, {1}], [{8, 6}, {3, 7}, {5}, {4}, {1, 2}], [{8, 6}, {4, 7}, {1, 5}, {2, 3}], [{8, 6}, {4, 7}, {2, 5}, {1, 3}], [{8, 6}, {4, 7}, {3, 5}, {1, 2}], [{8, 6}, {5, 7}, {1, 4}, {2, 3}], [{8, 6}, {5, 7}, {2, 4}, {1, 3}], [{8, 6}, {5, 7}, {3, 4}, {1, 2}], [{8, 6}, {7}, {1, 5}, {3, 4}, {2}], [{8, 6}, {7}, {3, 5}, {1, 4}, {2}], [{8, 6}, {7}, {4, 5}, {1, 3}, {2}], [{8, 6}, {7}, {4, 5}, {2, 3}, {1}], [{8, 6}, {7}, {4, 5}, {3}, {1, 2}], [{8, 6}, {7}, {4, 5}, {3}, {2}, {1}], [{8, 7}, {1, 6}, {2, 5}, {3, 4}], [{8, 7}, {1, 6}, {3, 5}, {2, 4}], [{8, 7}, {1, 6}, {4, 5}, {2, 3}], [{8, 7}, {2, 6}, {1, 5}, {3, 4}], [{8, 7}, {2, 6}, {1, 5}, {4}, {3}], [{8, 7}, {2, 6}, {3, 5}, {1, 4}], [{8, 7}, {2, 6}, {4, 5}, {1, 3}], [{8, 7}, {3, 6}, {1, 5}, {2, 4}], [{8, 7}, {3, 6}, {2, 5}, {1, 4}], [{8, 7}, {3, 6}, {4, 5}, {1, 2}], [{8, 7}, {3, 6}, {5}, {2, 4}, {1}], [{8, 7}, {4, 6}, {1, 5}, {2, 3}], [{8, 7}, {4, 6}, {2, 5}, {1, 3}], [{8, 7}, {4, 6}, {3, 5}, {1, 2}], [{8, 7}, {4, 6}, {5}, {1, 3}, {2}], [{8, 7}, {5, 6}, {1, 4}, {2, 3}], [{8, 7}, {5, 6}, {2, 4}, {1, 3}], [{8, 7}, {5, 6}, {3, 4}, {1, 2}], [{8, 7}, {5, 6}, {3, 4}, {2}, {1}], [{8, 7}, {5, 6}, {4}, {3}, {1, 2}], [{8}, {1, 7}, {2, 6}, {5}, {3, 4}], [{8}, {1, 7}, {5, 6}, {3, 4}, {2}], [{8}, {1, 7}, {6}, {2, 5}, {3, 4}], [{8}, {2, 7}, {4, 6}, {5}, {1, 3}], [{8}, {2, 7}, {5, 6}, {3, 4}, {1}], [{8}, {3, 7}, {2, 6}, {1, 5}, {4}], [{8}, {4, 7}, {1, 6}, {2, 5}, {3}], [{8}, {4, 7}, {3, 6}, {2, 5}, {1}], [{8}, {4, 7}, {6}, {2, 5}, {1, 3}], [{8}, {5, 7}, {1, 6}, {2, 4}, {3}], [{8}, {5, 7}, {2, 6}, {4}, {1, 3}], [{8}, {5, 7}, {3, 6}, {2, 4}, {1}], [{8}, {5, 7}, {4, 6}, {1, 3}, {2}], [{8}, {5, 7}, {6}, {2, 4}, {1, 3}], [{8}, {5, 7}, {6}, {3, 4}, {1, 2}], [{8}, {6, 7}, {1, 5}, {4}, {2, 3}], [{8}, {6, 7}, {2, 5}, {4}, {1, 3}], [{8}, {6, 7}, {5}, {3, 4}, {1, 2}], [{8}, {7}, {4, 6}, {2, 5}, {1, 3}], [{8}, {7}, {4, 6}, {5}, {1, 3}, {2}], [{8}, {7}, {5, 6}, {3, 4}, {1, 2}], [{8}, {7}, {5, 6}, {3, 4}, {2}, {1}]]",2,- 18 K_1^2 - 6 K_1 K_2 + 3 K_1 + 9 K_2 + 3 K_3 + 10,O1O2O3O4U3U5O6U7O5O8U6U4U1U8O7U2,O1O2O3O4U1U5O6U4O5O7U3U7U8U2O8U6,O1O2O3O4U5O6U3U6U7U2O7O8U1O5U8U4,c,{'O1O2O3O4U3O5U6U4U1U7O6O8U5O7U8U2'},1,"<a href=""/flatknot/8.733814"">8.733814</a>",t^9-43t^7-54t^6+79t^5+86t^4-21t^3+8t^2+6t,t^3-t^2-t,,
8.733815,O1O2O3O4U3O5U6U4U2U1O6O7U5O8U7U8,4,18z^2+71z+71,18w^3z^2+71w^2z+71w,False,False,"[[ 0  0  0 -1  1  2 -3  0  1],[ 0  0  0 -1  1  2 -2  1  0],[ 0  0  0 -1  1  1 -1  1  0],[ 1  1  1  0  1  1  0  0  0],[-1 -1 -1 -1  0  0 -1  1  0],[-2 -2 -1 -1  0  0 -2  1  1],[ 3  2  1  0  1  2  0  0  1],[ 0 -1 -1  0 -1 -1  0  0  1],[-1  0  0  0  0 -1 -1 -1  0]]","[[ 0  2  1  1  0  0  0 -1 -3],[-2  0  1  0  1 -1 -2 -1 -2],[-1 -1  0  0 -1  0  0  0 -1],[-1  0  0  0  1 -1 -1 -1 -1],[ 0 -1  1 -1  0 -1 -1  0  0],[ 0  1  0  1  1  0  0 -1 -1],[ 0  2  0  1  1  0  0 -1 -2],[ 1  1  0  1  0  1  1  0  0],[ 3  2  1  1  0  1  2  0  0]]",True,"[-2,-1,-1,0,0,0,1,3,-1,0,-1,1,2,1,2,0,1,0,0,0,1,-1,1,1,1,1,1,1,0,0,0,1,1,1,2,0]","[-3,-1,0,0,0,1,1,2,0,0,1,2,1,1,2,0,1,1,0,1,1,-1,-1,1,-1,-1,0,0,1,1,0,1,2,0,-1,0]",t^8+28t^6+81t^4+29t^2,"[-3,-1,0,0,0,1,1,2,2,1,2,3,3,3,3,0,0,1,1,2,2,0,-1,0,1,0,-1,0,1,1,2,0,3,0,1,2]","[-2,-1,-1,0,0,0,1,3,1,2,0,1,3,2,3,0,0,0,2,1,3,1,1,0,2,3,0,1,0,1,1,0,2,1,3,2]","[-3,-1,0,0,0,1,1,2,0,0,1,2,1,1,2,0,1,1,0,1,1,-1,-1,1,-1,-1,0,0,1,1,0,1,2,0,-1,0]",c,"[[{8, 1}, {2, 7}, {3, 6}, {4, 5}], [{8, 1}, {2, 7}, {4, 6}, {3, 5}], [{8, 1}, {2, 7}, {4, 6}, {5}, {3}], [{8, 1}, {2, 7}, {5, 6}, {3, 4}], [{8, 1}, {3, 7}, {2, 6}, {4, 5}], [{8, 1}, {3, 7}, {4, 6}, {2, 5}], [{8, 1}, {3, 7}, {4, 6}, {5}, {2}], [{8, 1}, {3, 7}, {5, 6}, {2, 4}], [{8, 1}, {4, 7}, {2, 6}, {3, 5}], [{8, 1}, {4, 7}, {2, 6}, {5}, {3}], [{8, 1}, {4, 7}, {3, 6}, {2, 5}], [{8, 1}, {4, 7}, {5, 6}, {2, 3}], [{8, 1}, {5, 7}, {2, 6}, {3, 4}], [{8, 1}, {5, 7}, {3, 6}, {2, 4}], [{8, 1}, {5, 7}, {4, 6}, {2, 3}], [{8, 1}, {5, 7}, {6}, {3, 4}, {2}], [{8, 1}, {6, 7}, {2, 5}, {3, 4}], [{8, 1}, {6, 7}, {3, 5}, {2, 4}], [{8, 1}, {6, 7}, {4, 5}, {2, 3}], [{8, 1}, {6, 7}, {5}, {3, 4}, {2}], [{8, 1}, {7}, {4, 6}, {5}, {2, 3}], [{8, 1}, {7}, {5, 6}, {3, 4}, {2}], [{8, 2}, {1, 7}, {3, 6}, {4, 5}], [{8, 2}, {1, 7}, {4, 6}, {3, 5}], [{8, 2}, {1, 7}, {4, 6}, {5}, {3}], [{8, 2}, {1, 7}, {5, 6}, {3, 4}], [{8, 2}, {3, 7}, {1, 6}, {4, 5}], [{8, 2}, {3, 7}, {4, 6}, {1, 5}], [{8, 2}, {3, 7}, {4, 6}, {5}, {1}], [{8, 2}, {3, 7}, {5, 6}, {1, 4}], [{8, 2}, {4, 7}, {1, 6}, {3, 5}], [{8, 2}, {4, 7}, {3, 6}, {1, 5}], [{8, 2}, {4, 7}, {5, 6}, {1, 3}], [{8, 2}, {5, 7}, {1, 6}, {3, 4}], [{8, 2}, {5, 7}, {3, 6}, {1, 4}], [{8, 2}, {5, 7}, {4, 6}, {1, 3}], [{8, 2}, {6, 7}, {1, 5}, {3, 4}], [{8, 2}, {6, 7}, {3, 5}, {1, 4}], [{8, 2}, {6, 7}, {4, 5}, {1, 3}], [{8, 2}, {7}, {4, 6}, {5}, {1, 3}], [{8, 2}, {7}, {5, 6}, {3, 4}, {1}], [{8, 3}, {1, 7}, {2, 6}, {4, 5}], [{8, 3}, {1, 7}, {4, 6}, {2, 5}], [{8, 3}, {1, 7}, {5, 6}, {2, 4}], [{8, 3}, {2, 7}, {1, 6}, {4, 5}], [{8, 3}, {2, 7}, {4, 6}, {1, 5}], [{8, 3}, {2, 7}, {5, 6}, {1, 4}], [{8, 3}, {4, 7}, {1, 6}, {2, 5}], [{8, 3}, {4, 7}, {2, 6}, {1, 5}], [{8, 3}, {4, 7}, {5, 6}, {1, 2}], [{8, 3}, {4, 7}, {5, 6}, {2}, {1}], [{8, 3}, {5, 7}, {1, 6}, {2, 4}], [{8, 3}, {5, 7}, {2, 6}, {1, 4}], [{8, 3}, {5, 7}, {4, 6}, {1, 2}], [{8, 3}, {5, 7}, {4, 6}, {2}, {1}], [{8, 3}, {6, 7}, {1, 5}, {2, 4}], [{8, 3}, {6, 7}, {2, 5}, {1, 4}], [{8, 3}, {6, 7}, {4, 5}, {1, 2}], [{8, 3}, {6, 7}, {4, 5}, {2}, {1}], [{8, 4}, {1, 7}, {2, 6}, {3, 5}], [{8, 4}, {1, 7}, {2, 6}, {5}, {3}], [{8, 4}, {1, 7}, {3, 6}, {2, 5}], [{8, 4}, {1, 7}, {5, 6}, {2, 3}], [{8, 4}, {2, 7}, {1, 6}, {3, 5}], [{8, 4}, {2, 7}, {3, 6}, {1, 5}], [{8, 4}, {2, 7}, {5, 6}, {1, 3}], [{8, 4}, {3, 7}, {1, 6}, {2, 5}], [{8, 4}, {3, 7}, {2, 6}, {1, 5}], [{8, 4}, {3, 7}, {5, 6}, {1, 2}], [{8, 4}, {3, 7}, {5, 6}, {2}, {1}], [{8, 4}, {5, 7}, {1, 6}, {2, 3}], [{8, 4}, {5, 7}, {2, 6}, {1, 3}], [{8, 4}, {5, 7}, {3, 6}, {1, 2}], [{8, 4}, {5, 7}, {6}, {1, 3}, {2}], [{8, 4}, {6, 7}, {1, 5}, {2, 3}], [{8, 4}, {6, 7}, {2, 5}, {1, 3}], [{8, 4}, {6, 7}, {3, 5}, {1, 2}], [{8, 5}, {1, 7}, {2, 6}, {3, 4}], [{8, 5}, {1, 7}, {2, 6}, {4}, {3}], [{8, 5}, {1, 7}, {3, 6}, {2, 4}], [{8, 5}, {1, 7}, {3, 6}, {4}, {2}], [{8, 5}, {1, 7}, {4, 6}, {2, 3}], [{8, 5}, {1, 7}, {4, 6}, {3}, {2}], [{8, 5}, {1, 7}, {6}, {2, 4}, {3}], [{8, 5}, {1, 7}, {6}, {3, 4}, {2}], [{8, 5}, {1, 7}, {6}, {4}, {2, 3}], [{8, 5}, {1, 7}, {6}, {4}, {3}, {2}], [{8, 5}, {2, 7}, {1, 6}, {3, 4}], [{8, 5}, {2, 7}, {3, 6}, {1, 4}], [{8, 5}, {2, 7}, {4, 6}, {1, 3}], [{8, 5}, {2, 7}, {6}, {1, 4}, {3}], [{8, 5}, {2, 7}, {6}, {3, 4}, {1}], [{8, 5}, {2, 7}, {6}, {4}, {1, 3}], [{8, 5}, {3, 7}, {1, 6}, {2, 4}], [{8, 5}, {3, 7}, {2, 6}, {1, 4}], [{8, 5}, {3, 7}, {4, 6}, {1, 2}], [{8, 5}, {3, 7}, {6}, {1, 4}, {2}], [{8, 5}, {3, 7}, {6}, {2, 4}, {1}], [{8, 5}, {3, 7}, {6}, {4}, {1, 2}], [{8, 5}, {4, 7}, {1, 6}, {2, 3}], [{8, 5}, {4, 7}, {2, 6}, {1, 3}], [{8, 5}, {4, 7}, {3, 6}, {1, 2}], [{8, 5}, {4, 7}, {6}, {1, 3}, {2}], [{8, 5}, {4, 7}, {6}, {2, 3}, {1}], [{8, 5}, {4, 7}, {6}, {3}, {1, 2}], [{8, 5}, {6, 7}, {1, 4}, {2, 3}], [{8, 5}, {6, 7}, {2, 4}, {1, 3}], [{8, 5}, {6, 7}, {3, 4}, {1, 2}], [{8, 5}, {6, 7}, {3, 4}, {2}, {1}], [{8, 5}, {7}, {1, 6}, {3, 4}, {2}], [{8, 5}, {7}, {2, 6}, {3, 4}, {1}], [{8, 5}, {7}, {6}, {1, 4}, {2, 3}], [{8, 5}, {7}, {6}, {2, 4}, {1, 3}], [{8, 5}, {7}, {6}, {3, 4}, {1, 2}], [{8, 5}, {7}, {6}, {3, 4}, {2}, {1}], [{8, 6}, {1, 7}, {2, 5}, {3, 4}], [{8, 6}, {1, 7}, {3, 5}, {2, 4}], [{8, 6}, {1, 7}, {4, 5}, {2, 3}], [{8, 6}, {1, 7}, {5}, {3, 4}, {2}], [{8, 6}, {2, 7}, {1, 5}, {3, 4}], [{8, 6}, {2, 7}, {1, 5}, {4}, {3}], [{8, 6}, {2, 7}, {3, 5}, {1, 4}], [{8, 6}, {2, 7}, {4, 5}, {1, 3}], [{8, 6}, {2, 7}, {5}, {3, 4}, {1}], [{8, 6}, {3, 7}, {1, 5}, {2, 4}], [{8, 6}, {3, 7}, {1, 5}, {4}, {2}], [{8, 6}, {3, 7}, {2, 5}, {1, 4}], [{8, 6}, {3, 7}, {4, 5}, {1, 2}], [{8, 6}, {4, 7}, {1, 5}, {2, 3}], [{8, 6}, {4, 7}, {1, 5}, {3}, {2}], [{8, 6}, {4, 7}, {2, 5}, {1, 3}], [{8, 6}, {4, 7}, {3, 5}, {1, 2}], [{8, 6}, {5, 7}, {1, 4}, {2, 3}], [{8, 6}, {5, 7}, {2, 4}, {1, 3}], [{8, 6}, {5, 7}, {3, 4}, {1, 2}], [{8, 6}, {5, 7}, {3, 4}, {2}, {1}], [{8, 6}, {7}, {1, 5}, {2, 4}, {3}], [{8, 6}, {7}, {1, 5}, {3, 4}, {2}], [{8, 6}, {7}, {1, 5}, {4}, {2, 3}], [{8, 6}, {7}, {1, 5}, {4}, {3}, {2}], [{8, 6}, {7}, {2, 5}, {3, 4}, {1}], [{8, 6}, {7}, {3, 5}, {1, 4}, {2}], [{8, 6}, {7}, {4, 5}, {1, 3}, {2}], [{8, 6}, {7}, {5}, {3, 4}, {1, 2}], [{8, 6}, {7}, {5}, {3, 4}, {2}, {1}], [{8, 7}, {1, 6}, {2, 5}, {3, 4}], [{8, 7}, {1, 6}, {3, 5}, {2, 4}], [{8, 7}, {1, 6}, {4, 5}, {2, 3}], [{8, 7}, {1, 6}, {5}, {3, 4}, {2}], [{8, 7}, {2, 6}, {1, 5}, {3, 4}], [{8, 7}, {2, 6}, {3, 5}, {1, 4}], [{8, 7}, {2, 6}, {3, 5}, {4}, {1}], [{8, 7}, {2, 6}, {4, 5}, {1, 3}], [{8, 7}, {3, 6}, {1, 5}, {2, 4}], [{8, 7}, {3, 6}, {2, 5}, {1, 4}], [{8, 7}, {3, 6}, {2, 5}, {4}, {1}], [{8, 7}, {3, 6}, {4, 5}, {1, 2}], [{8, 7}, {4, 6}, {1, 5}, {2, 3}], [{8, 7}, {4, 6}, {2, 5}, {1, 3}], [{8, 7}, {4, 6}, {3, 5}, {1, 2}], [{8, 7}, {5, 6}, {1, 4}, {2, 3}], [{8, 7}, {5, 6}, {1, 4}, {3}, {2}], [{8, 7}, {5, 6}, {2, 4}, {1, 3}], [{8, 7}, {5, 6}, {2, 4}, {3}, {1}], [{8, 7}, {5, 6}, {3, 4}, {1, 2}], [{8, 7}, {5, 6}, {3, 4}, {2}, {1}], [{8, 7}, {5, 6}, {4}, {1, 3}, {2}], [{8, 7}, {5, 6}, {4}, {2, 3}, {1}], [{8, 7}, {5, 6}, {4}, {3}, {1, 2}], [{8, 7}, {5, 6}, {4}, {3}, {2}, {1}], [{8, 7}, {6}, {1, 5}, {3, 4}, {2}], [{8}, {1, 7}, {2, 6}, {4, 5}, {3}], [{8}, {1, 7}, {4, 6}, {2, 5}, {3}], [{8}, {1, 7}, {5, 6}, {3, 4}, {2}], [{8}, {2, 7}, {5, 6}, {3, 4}, {1}], [{8}, {3, 7}, {1, 6}, {4, 5}, {2}], [{8}, {3, 7}, {4, 6}, {5}, {1, 2}], [{8}, {5, 7}, {1, 6}, {3, 4}, {2}], [{8}, {6, 7}, {1, 5}, {3, 4}, {2}], [{8}, {7}, {5, 6}, {3, 4}, {1, 2}], [{8}, {7}, {5, 6}, {3, 4}, {2}, {1}]]",2,4 K_1^3 + 4 K_1^2 K_2 - 4 K_1^2 - 10 K_1 K_2 - 2 K_1 K_3 + 2 K_1 - 2 K_2^2 + K_2 + 4 K_3 + K_4 + 3,O1O2O3O4U5U6O5U7O6O8U4U3U1U8O7U2,O1O2O3O4U1U5O6U7O5O7U4U3U8U2O8U6,O1O2O3O4U5O6U3U6U2U1O7O8U7O5U8U4,c,"{'O1O2O3U2O4O5U6U3U4U1O6O7U5O8U7U8', 'O1O2O3O4U3O5U6U4U2U1O6O7U5O8U7U8'}",2,"<a href=""/flatknot/8.733815"">8.733815</a>",t^9-32t^7-48t^6+110t^5+164t^4-101t^3-134t^2-5t+6,t^3-t^2-t,,
8.733816,O1O2O3O4U3O5U6U4U2U7O6O8U5O7U1U8,4,17z^2+70z+73,17w^3z^2+70w^2z+73w,False,False,"[[ 0 -1  0 -1  1  2 -3  1  1],[ 1  0  0 -1  1  3 -2  1  1],[ 0  0  0 -1  1  1 -1  0  1],[ 1  1  1  0  1  1  0  1  0],[-1 -1 -1 -1  0  0 -1 -1  1],[-2 -3 -1 -1  0  0 -2 -1  0],[ 3  2  1  0  1  2  0  3  2],[-1 -1  0 -1  1  1 -3  0  1],[-1 -1 -1  0 -1  0 -2 -1  0]]","[[ 0  2  1  1  1  0 -1 -1 -3],[-2  0  0  0 -1 -1 -1 -3 -2],[-1  0  0  1 -1 -1 -1 -1 -1],[-1  0 -1  0 -1 -1  0 -1 -2],[-1  1  1  1  0  0 -1 -1 -3],[ 0  1  1  1  0  0 -1  0 -1],[ 1  1  1  0  1  1  0  1  0],[ 1  3  1  1  1  0 -1  0 -2],[ 3  2  1  2  3  1  0  2  0]]",True,"[-2,-1,-1,-1,0,1,1,3,0,0,1,1,1,3,2,-1,1,1,1,1,1,1,1,0,1,2,0,1,1,3,1,0,1,-1,0,2]","[-3,-1,-1,0,1,1,1,2,0,2,1,1,2,3,2,1,1,1,0,1,1,0,1,1,1,3,1,1,0,1,1,-1,0,-1,0,1]",t^8+47t^6+174t^4+155t^2,"[-3,-1,-1,0,1,1,1,2,0,2,2,1,2,3,3,1,1,1,1,1,0,0,1,2,1,2,1,0,0,1,-1,-1,0,1,1,1]","[-2,-1,-1,-1,0,1,1,3,0,1,1,1,0,2,3,1,1,1,1,1,1,-1,0,1,2,2,0,1,1,3,1,0,2,-1,0,2]","[-3,-1,-1,0,1,1,1,2,0,2,1,1,2,3,2,1,1,1,0,1,1,0,1,1,1,3,1,1,0,1,1,-1,0,-1,0,1]",c,"[[{8, 1}, {2, 7}, {3, 6}, {4, 5}], [{8, 1}, {2, 7}, {4, 6}, {3, 5}], [{8, 1}, {2, 7}, {5, 6}, {3, 4}], [{8, 1}, {3, 7}, {2, 6}, {4, 5}], [{8, 1}, {3, 7}, {4, 6}, {2, 5}], [{8, 1}, {3, 7}, {5, 6}, {2, 4}], [{8, 1}, {4, 7}, {2, 6}, {3, 5}], [{8, 1}, {4, 7}, {3, 6}, {2, 5}], [{8, 1}, {4, 7}, {5, 6}, {2, 3}], [{8, 1}, {5, 7}, {2, 6}, {3, 4}], [{8, 1}, {5, 7}, {3, 6}, {2, 4}], [{8, 1}, {5, 7}, {4, 6}, {2, 3}], [{8, 1}, {5, 7}, {6}, {3, 4}, {2}], [{8, 1}, {6, 7}, {2, 5}, {3, 4}], [{8, 1}, {6, 7}, {2, 5}, {4}, {3}], [{8, 1}, {6, 7}, {3, 5}, {2, 4}], [{8, 1}, {6, 7}, {3, 5}, {4}, {2}], [{8, 1}, {6, 7}, {4, 5}, {2, 3}], [{8, 1}, {6, 7}, {4, 5}, {3}, {2}], [{8, 1}, {6, 7}, {5}, {2, 4}, {3}], [{8, 1}, {6, 7}, {5}, {3, 4}, {2}], [{8, 1}, {6, 7}, {5}, {4}, {2, 3}], [{8, 1}, {6, 7}, {5}, {4}, {3}, {2}], [{8, 1}, {7}, {5, 6}, {3, 4}, {2}], [{8, 2}, {1, 7}, {3, 6}, {4, 5}], [{8, 2}, {1, 7}, {4, 6}, {3, 5}], [{8, 2}, {1, 7}, {4, 6}, {5}, {3}], [{8, 2}, {1, 7}, {5, 6}, {3, 4}], [{8, 2}, {1, 7}, {5, 6}, {4}, {3}], [{8, 2}, {1, 7}, {6}, {4, 5}, {3}], [{8, 2}, {3, 7}, {1, 6}, {4, 5}], [{8, 2}, {3, 7}, {4, 6}, {1, 5}], [{8, 2}, {3, 7}, {5, 6}, {1, 4}], [{8, 2}, {4, 7}, {1, 6}, {3, 5}], [{8, 2}, {4, 7}, {3, 6}, {1, 5}], [{8, 2}, {4, 7}, {5, 6}, {1, 3}], [{8, 2}, {5, 7}, {1, 6}, {3, 4}], [{8, 2}, {5, 7}, {3, 6}, {1, 4}], [{8, 2}, {5, 7}, {4, 6}, {1, 3}], [{8, 2}, {6, 7}, {1, 5}, {3, 4}], [{8, 2}, {6, 7}, {3, 5}, {1, 4}], [{8, 2}, {6, 7}, {4, 5}, {1, 3}], [{8, 2}, {6, 7}, {5}, {4}, {1, 3}], [{8, 2}, {7}, {5, 6}, {3, 4}, {1}], [{8, 3}, {1, 7}, {2, 6}, {4, 5}], [{8, 3}, {1, 7}, {4, 6}, {2, 5}], [{8, 3}, {1, 7}, {4, 6}, {5}, {2}], [{8, 3}, {1, 7}, {5, 6}, {2, 4}], [{8, 3}, {1, 7}, {5, 6}, {4}, {2}], [{8, 3}, {1, 7}, {6}, {4, 5}, {2}], [{8, 3}, {2, 7}, {1, 6}, {4, 5}], [{8, 3}, {2, 7}, {4, 6}, {1, 5}], [{8, 3}, {2, 7}, {5, 6}, {1, 4}], [{8, 3}, {4, 7}, {1, 6}, {2, 5}], [{8, 3}, {4, 7}, {2, 6}, {1, 5}], [{8, 3}, {4, 7}, {5, 6}, {1, 2}], [{8, 3}, {5, 7}, {1, 6}, {2, 4}], [{8, 3}, {5, 7}, {2, 6}, {1, 4}], [{8, 3}, {5, 7}, {4, 6}, {1, 2}], [{8, 3}, {6, 7}, {1, 5}, {2, 4}], [{8, 3}, {6, 7}, {2, 5}, {1, 4}], [{8, 3}, {6, 7}, {4, 5}, {1, 2}], [{8, 3}, {6, 7}, {5}, {4}, {1, 2}], [{8, 3}, {7}, {6}, {1, 5}, {2, 4}], [{8, 4}, {1, 7}, {2, 6}, {3, 5}], [{8, 4}, {1, 7}, {2, 6}, {5}, {3}], [{8, 4}, {1, 7}, {3, 6}, {2, 5}], [{8, 4}, {1, 7}, {5, 6}, {2, 3}], [{8, 4}, {1, 7}, {5, 6}, {3}, {2}], [{8, 4}, {1, 7}, {6}, {2, 5}, {3}], [{8, 4}, {2, 7}, {1, 6}, {3, 5}], [{8, 4}, {2, 7}, {3, 6}, {1, 5}], [{8, 4}, {2, 7}, {5, 6}, {1, 3}], [{8, 4}, {3, 7}, {1, 6}, {2, 5}], [{8, 4}, {3, 7}, {1, 6}, {5}, {2}], [{8, 4}, {3, 7}, {2, 6}, {1, 5}], [{8, 4}, {3, 7}, {5, 6}, {1, 2}], [{8, 4}, {5, 7}, {1, 6}, {2, 3}], [{8, 4}, {5, 7}, {2, 6}, {1, 3}], [{8, 4}, {5, 7}, {3, 6}, {1, 2}], [{8, 4}, {6, 7}, {1, 5}, {2, 3}], [{8, 4}, {6, 7}, {2, 5}, {1, 3}], [{8, 4}, {6, 7}, {3, 5}, {1, 2}], [{8, 4}, {7}, {3, 6}, {1, 5}, {2}], [{8, 5}, {1, 7}, {2, 6}, {3, 4}], [{8, 5}, {1, 7}, {3, 6}, {2, 4}], [{8, 5}, {1, 7}, {4, 6}, {2, 3}], [{8, 5}, {1, 7}, {6}, {3, 4}, {2}], [{8, 5}, {2, 7}, {1, 6}, {3, 4}], [{8, 5}, {2, 7}, {3, 6}, {1, 4}], [{8, 5}, {2, 7}, {4, 6}, {1, 3}], [{8, 5}, {2, 7}, {4, 6}, {3}, {1}], [{8, 5}, {3, 7}, {1, 6}, {2, 4}], [{8, 5}, {3, 7}, {2, 6}, {1, 4}], [{8, 5}, {3, 7}, {4, 6}, {1, 2}], [{8, 5}, {3, 7}, {6}, {1, 4}, {2}], [{8, 5}, {4, 7}, {1, 6}, {2, 3}], [{8, 5}, {4, 7}, {2, 6}, {1, 3}], [{8, 5}, {4, 7}, {2, 6}, {3}, {1}], [{8, 5}, {4, 7}, {3, 6}, {1, 2}], [{8, 5}, {4, 7}, {3, 6}, {2}, {1}], [{8, 5}, {4, 7}, {6}, {2, 3}, {1}], [{8, 5}, {6, 7}, {1, 4}, {2, 3}], [{8, 5}, {6, 7}, {2, 4}, {1, 3}], [{8, 5}, {6, 7}, {3, 4}, {1, 2}], [{8, 5}, {6, 7}, {3, 4}, {2}, {1}], [{8, 5}, {7}, {1, 6}, {3, 4}, {2}], [{8, 6}, {1, 7}, {2, 5}, {3, 4}], [{8, 6}, {1, 7}, {3, 5}, {2, 4}], [{8, 6}, {1, 7}, {4, 5}, {2, 3}], [{8, 6}, {1, 7}, {5}, {3, 4}, {2}], [{8, 6}, {2, 7}, {1, 5}, {3, 4}], [{8, 6}, {2, 7}, {3, 5}, {1, 4}], [{8, 6}, {2, 7}, {4, 5}, {1, 3}], [{8, 6}, {2, 7}, {5}, {4}, {1, 3}], [{8, 6}, {3, 7}, {1, 5}, {2, 4}], [{8, 6}, {3, 7}, {2, 5}, {1, 4}], [{8, 6}, {3, 7}, {4, 5}, {1, 2}], [{8, 6}, {3, 7}, {5}, {1, 4}, {2}], [{8, 6}, {3, 7}, {5}, {2, 4}, {1}], [{8, 6}, {3, 7}, {5}, {4}, {1, 2}], [{8, 6}, {4, 7}, {1, 5}, {2, 3}], [{8, 6}, {4, 7}, {2, 5}, {1, 3}], [{8, 6}, {4, 7}, {3, 5}, {1, 2}], [{8, 6}, {5, 7}, {1, 4}, {2, 3}], [{8, 6}, {5, 7}, {1, 4}, {3}, {2}], [{8, 6}, {5, 7}, {2, 4}, {1, 3}], [{8, 6}, {5, 7}, {2, 4}, {3}, {1}], [{8, 6}, {5, 7}, {3, 4}, {1, 2}], [{8, 6}, {5, 7}, {3, 4}, {2}, {1}], [{8, 6}, {5, 7}, {4}, {1, 3}, {2}], [{8, 6}, {5, 7}, {4}, {2, 3}, {1}], [{8, 6}, {5, 7}, {4}, {3}, {1, 2}], [{8, 6}, {5, 7}, {4}, {3}, {2}, {1}], [{8, 6}, {7}, {1, 5}, {3, 4}, {2}], [{8, 6}, {7}, {2, 5}, {4}, {1, 3}], [{8, 6}, {7}, {3, 5}, {1, 4}, {2}], [{8, 6}, {7}, {3, 5}, {2, 4}, {1}], [{8, 6}, {7}, {3, 5}, {4}, {1, 2}], [{8, 7}, {1, 6}, {2, 5}, {3, 4}], [{8, 7}, {1, 6}, {3, 5}, {2, 4}], [{8, 7}, {1, 6}, {4, 5}, {2, 3}], [{8, 7}, {1, 6}, {5}, {3, 4}, {2}], [{8, 7}, {2, 6}, {1, 5}, {3, 4}], [{8, 7}, {2, 6}, {3, 5}, {1, 4}], [{8, 7}, {2, 6}, {4, 5}, {1, 3}], [{8, 7}, {2, 6}, {5}, {4}, {1, 3}], [{8, 7}, {3, 6}, {1, 5}, {2, 4}], [{8, 7}, {3, 6}, {2, 5}, {1, 4}], [{8, 7}, {3, 6}, {4, 5}, {1, 2}], [{8, 7}, {3, 6}, {5}, {4}, {1, 2}], [{8, 7}, {4, 6}, {1, 5}, {2, 3}], [{8, 7}, {4, 6}, {2, 5}, {1, 3}], [{8, 7}, {4, 6}, {3, 5}, {1, 2}], [{8, 7}, {5, 6}, {1, 4}, {2, 3}], [{8, 7}, {5, 6}, {2, 4}, {1, 3}], [{8, 7}, {5, 6}, {3, 4}, {1, 2}], [{8, 7}, {5, 6}, {3, 4}, {2}, {1}], [{8, 7}, {6}, {1, 5}, {3, 4}, {2}], [{8, 7}, {6}, {3, 5}, {2, 4}, {1}], [{8}, {1, 7}, {4, 6}, {5}, {2, 3}], [{8}, {1, 7}, {5, 6}, {2, 4}, {3}], [{8}, {1, 7}, {5, 6}, {3, 4}, {2}], [{8}, {1, 7}, {5, 6}, {4}, {2, 3}], [{8}, {1, 7}, {5, 6}, {4}, {3}, {2}], [{8}, {1, 7}, {6}, {4, 5}, {2, 3}], [{8}, {2, 7}, {5, 6}, {3, 4}, {1}], [{8}, {3, 7}, {4, 6}, {1, 5}, {2}], [{8}, {3, 7}, {5, 6}, {1, 4}, {2}], [{8}, {4, 7}, {1, 6}, {3, 5}, {2}], [{8}, {4, 7}, {5, 6}, {1, 3}, {2}], [{8}, {5, 7}, {1, 6}, {3, 4}, {2}], [{8}, {6, 7}, {1, 5}, {3, 4}, {2}], [{8}, {6, 7}, {3, 5}, {2, 4}, {1}], [{8}, {7}, {5, 6}, {3, 4}, {1, 2}], [{8}, {7}, {5, 6}, {3, 4}, {2}, {1}]]",2,4 K_1^3 + 4 K_1^2 K_2 - 10 K_1^2 - 10 K_1 K_2 - 4 K_1 K_3 + 2 K_1 + 5 K_2 + 4 K_3 + K_4 + 5,O1O2O3O4U5U4O6U7O5O8U6U3U1U8O7U2,O1O2O3O4U1U5O6U4O7O5U7U3U8U2O8U6,O1O2O3O4U5O6U3U6U2U7O8O7U1O5U8U4,c,"{'O1O2O3U2O4O5U6U3U4U7O6O8U5O7U1U8', 'O1O2O3O4U3O5U6U4U2U7O6O8U5O7U1U8'}",2,"<a href=""/flatknot/8.733816"">8.733816</a>",t^9-51t^7-130t^6+135t^5+398t^4-93t^3-288t^2-15t+10,t^3-t^2-t,,
8.733817,O1O2O3O4U3O5U6U4U7U1O6O7U5O8U2U8,4,13z^2+90z+129,13w^3z^2+90w^2z+129w,False,False,"[[ 0  0  0 -1  1  2 -3  0  1],[ 0  0  0 -1  1  0 -1  1  1],[ 0  0  0 -1  1  1 -2  1  1],[ 1  1  1  0  1  1  0  1  0],[-1 -1 -1 -1  0  0 -1  0  0],[-2  0 -1 -1  0  0 -3 -1  0],[ 3  1  2  0  1  3  0  2  1],[ 0 -1 -1 -1  0  1 -2  0  1],[-1 -1 -1  0  0  0 -1 -1  0]]","[[ 0  2  1  1  0  0  0 -1 -3],[-2  0  0  0  0 -1 -1 -1 -3],[-1  0  0  0 -1  0 -1 -1 -1],[-1  0  0  0 -1 -1 -1  0 -1],[ 0  0  1  1  0  1  0 -1 -1],[ 0  1  0  1 -1  0 -1 -1 -2],[ 0  1  1  1  0  1  0 -1 -2],[ 1  1  1  0  1  1  1  0  0],[ 3  3  1  1  1  2  2  0  0]]",True,"[-2,-1,-1,0,0,0,1,3,0,0,0,1,1,1,3,0,1,0,1,1,1,1,1,1,0,1,-1,0,1,1,1,1,2,1,2,0]","[-3,-1,0,0,0,1,1,2,0,1,2,2,1,1,3,1,1,1,0,1,1,0,1,1,1,0,1,1,1,1,1,0,1,0,0,0]",t^8+34t^6+105t^4+44t^2+1,"[-3,-1,0,0,0,1,1,2,2,1,1,2,3,3,2,0,0,0,1,2,2,-1,0,0,0,1,1,1,0,1,0,0,2,0,1,1]","[-2,-1,-1,0,0,0,1,3,1,1,1,1,2,2,2,0,0,0,0,2,3,0,1,0,1,3,1,0,0,1,-1,0,1,0,2,2]","[-3,-1,0,0,0,1,1,2,0,1,2,2,1,1,3,1,1,1,0,1,1,0,1,1,1,0,1,1,1,1,1,0,1,0,0,0]",c,"[[{8, 1}, {2, 7}, {3, 6}, {4, 5}], [{8, 1}, {2, 7}, {4, 6}, {3, 5}], [{8, 1}, {2, 7}, {5, 6}, {3, 4}], [{8, 1}, {3, 7}, {2, 6}, {4, 5}], [{8, 1}, {3, 7}, {4, 6}, {2, 5}], [{8, 1}, {3, 7}, {5, 6}, {2, 4}], [{8, 1}, {3, 7}, {5, 6}, {4}, {2}], [{8, 1}, {4, 7}, {2, 6}, {3, 5}], [{8, 1}, {4, 7}, {3, 6}, {2, 5}], [{8, 1}, {4, 7}, {5, 6}, {2, 3}], [{8, 1}, {4, 7}, {5, 6}, {3}, {2}], [{8, 1}, {5, 7}, {2, 6}, {3, 4}], [{8, 1}, {5, 7}, {3, 6}, {2, 4}], [{8, 1}, {5, 7}, {4, 6}, {2, 3}], [{8, 1}, {5, 7}, {4, 6}, {3}, {2}], [{8, 1}, {6, 7}, {2, 5}, {3, 4}], [{8, 1}, {6, 7}, {3, 5}, {2, 4}], [{8, 1}, {6, 7}, {3, 5}, {4}, {2}], [{8, 1}, {6, 7}, {4, 5}, {2, 3}], [{8, 1}, {7}, {5, 6}, {3, 4}, {2}], [{8, 2}, {1, 7}, {3, 6}, {4, 5}], [{8, 2}, {1, 7}, {4, 6}, {3, 5}], [{8, 2}, {1, 7}, {5, 6}, {3, 4}], [{8, 2}, {3, 7}, {1, 6}, {4, 5}], [{8, 2}, {3, 7}, {1, 6}, {5}, {4}], [{8, 2}, {3, 7}, {4, 6}, {1, 5}], [{8, 2}, {3, 7}, {5, 6}, {1, 4}], [{8, 2}, {3, 7}, {5, 6}, {4}, {1}], [{8, 2}, {3, 7}, {6}, {1, 5}, {4}], [{8, 2}, {4, 7}, {1, 6}, {3, 5}], [{8, 2}, {4, 7}, {3, 6}, {1, 5}], [{8, 2}, {4, 7}, {5, 6}, {1, 3}], [{8, 2}, {4, 7}, {5, 6}, {3}, {1}], [{8, 2}, {5, 7}, {1, 6}, {3, 4}], [{8, 2}, {5, 7}, {1, 6}, {4}, {3}], [{8, 2}, {5, 7}, {3, 6}, {1, 4}], [{8, 2}, {5, 7}, {3, 6}, {4}, {1}], [{8, 2}, {5, 7}, {4, 6}, {1, 3}], [{8, 2}, {5, 7}, {6}, {4}, {1, 3}], [{8, 2}, {6, 7}, {1, 5}, {3, 4}], [{8, 2}, {6, 7}, {3, 5}, {1, 4}], [{8, 2}, {6, 7}, {4, 5}, {1, 3}], [{8, 2}, {7}, {1, 6}, {3, 5}, {4}], [{8, 2}, {7}, {5, 6}, {3, 4}, {1}], [{8, 3}, {1, 7}, {2, 6}, {4, 5}], [{8, 3}, {1, 7}, {4, 6}, {2, 5}], [{8, 3}, {1, 7}, {5, 6}, {2, 4}], [{8, 3}, {2, 7}, {1, 6}, {4, 5}], [{8, 3}, {2, 7}, {4, 6}, {1, 5}], [{8, 3}, {2, 7}, {5, 6}, {1, 4}], [{8, 3}, {2, 7}, {6}, {5}, {1, 4}], [{8, 3}, {4, 7}, {1, 6}, {2, 5}], [{8, 3}, {4, 7}, {2, 6}, {1, 5}], [{8, 3}, {4, 7}, {5, 6}, {1, 2}], [{8, 3}, {4, 7}, {5, 6}, {2}, {1}], [{8, 3}, {5, 7}, {1, 6}, {2, 4}], [{8, 3}, {5, 7}, {2, 6}, {1, 4}], [{8, 3}, {5, 7}, {2, 6}, {4}, {1}], [{8, 3}, {5, 7}, {4, 6}, {1, 2}], [{8, 3}, {5, 7}, {4, 6}, {2}, {1}], [{8, 3}, {5, 7}, {6}, {2, 4}, {1}], [{8, 3}, {6, 7}, {1, 5}, {2, 4}], [{8, 3}, {6, 7}, {1, 5}, {4}, {2}], [{8, 3}, {6, 7}, {2, 5}, {1, 4}], [{8, 3}, {6, 7}, {4, 5}, {1, 2}], [{8, 3}, {6, 7}, {4, 5}, {2}, {1}], [{8, 3}, {6, 7}, {5}, {1, 4}, {2}], [{8, 3}, {7}, {1, 6}, {5}, {2, 4}], [{8, 3}, {7}, {2, 6}, {5}, {1, 4}], [{8, 4}, {1, 7}, {2, 6}, {3, 5}], [{8, 4}, {1, 7}, {3, 6}, {2, 5}], [{8, 4}, {1, 7}, {5, 6}, {2, 3}], [{8, 4}, {2, 7}, {1, 6}, {3, 5}], [{8, 4}, {2, 7}, {1, 6}, {5}, {3}], [{8, 4}, {2, 7}, {3, 6}, {1, 5}], [{8, 4}, {2, 7}, {5, 6}, {1, 3}], [{8, 4}, {3, 7}, {1, 6}, {2, 5}], [{8, 4}, {3, 7}, {1, 6}, {5}, {2}], [{8, 4}, {3, 7}, {2, 6}, {1, 5}], [{8, 4}, {3, 7}, {5, 6}, {1, 2}], [{8, 4}, {3, 7}, {5, 6}, {2}, {1}], [{8, 4}, {3, 7}, {6}, {1, 5}, {2}], [{8, 4}, {5, 7}, {1, 6}, {2, 3}], [{8, 4}, {5, 7}, {2, 6}, {1, 3}], [{8, 4}, {5, 7}, {3, 6}, {1, 2}], [{8, 4}, {6, 7}, {1, 5}, {2, 3}], [{8, 4}, {6, 7}, {2, 5}, {1, 3}], [{8, 4}, {6, 7}, {3, 5}, {1, 2}], [{8, 4}, {6, 7}, {5}, {1, 3}, {2}], [{8, 4}, {7}, {1, 6}, {5}, {2, 3}], [{8, 5}, {1, 7}, {2, 6}, {3, 4}], [{8, 5}, {1, 7}, {3, 6}, {2, 4}], [{8, 5}, {1, 7}, {3, 6}, {4}, {2}], [{8, 5}, {1, 7}, {4, 6}, {2, 3}], [{8, 5}, {1, 7}, {4, 6}, {3}, {2}], [{8, 5}, {1, 7}, {6}, {3, 4}, {2}], [{8, 5}, {2, 7}, {1, 6}, {3, 4}], [{8, 5}, {2, 7}, {3, 6}, {1, 4}], [{8, 5}, {2, 7}, {4, 6}, {1, 3}], [{8, 5}, {2, 7}, {6}, {3, 4}, {1}], [{8, 5}, {3, 7}, {1, 6}, {2, 4}], [{8, 5}, {3, 7}, {1, 6}, {4}, {2}], [{8, 5}, {3, 7}, {2, 6}, {1, 4}], [{8, 5}, {3, 7}, {4, 6}, {1, 2}], [{8, 5}, {4, 7}, {1, 6}, {2, 3}], [{8, 5}, {4, 7}, {1, 6}, {3}, {2}], [{8, 5}, {4, 7}, {2, 6}, {1, 3}], [{8, 5}, {4, 7}, {3, 6}, {1, 2}], [{8, 5}, {6, 7}, {1, 4}, {2, 3}], [{8, 5}, {6, 7}, {2, 4}, {1, 3}], [{8, 5}, {6, 7}, {3, 4}, {1, 2}], [{8, 5}, {6, 7}, {3, 4}, {2}, {1}], [{8, 5}, {7}, {1, 6}, {3, 4}, {2}], [{8, 5}, {7}, {2, 6}, {3, 4}, {1}], [{8, 5}, {7}, {6}, {3, 4}, {1, 2}], [{8, 5}, {7}, {6}, {3, 4}, {2}, {1}], [{8, 6}, {1, 7}, {2, 5}, {3, 4}], [{8, 6}, {1, 7}, {3, 5}, {2, 4}], [{8, 6}, {1, 7}, {4, 5}, {2, 3}], [{8, 6}, {1, 7}, {5}, {3, 4}, {2}], [{8, 6}, {2, 7}, {1, 5}, {3, 4}], [{8, 6}, {2, 7}, {1, 5}, {4}, {3}], [{8, 6}, {2, 7}, {3, 5}, {1, 4}], [{8, 6}, {2, 7}, {4, 5}, {1, 3}], [{8, 6}, {2, 7}, {5}, {3, 4}, {1}], [{8, 6}, {3, 7}, {1, 5}, {2, 4}], [{8, 6}, {3, 7}, {1, 5}, {4}, {2}], [{8, 6}, {3, 7}, {2, 5}, {1, 4}], [{8, 6}, {3, 7}, {4, 5}, {1, 2}], [{8, 6}, {4, 7}, {1, 5}, {2, 3}], [{8, 6}, {4, 7}, {1, 5}, {3}, {2}], [{8, 6}, {4, 7}, {2, 5}, {1, 3}], [{8, 6}, {4, 7}, {3, 5}, {1, 2}], [{8, 6}, {5, 7}, {1, 4}, {2, 3}], [{8, 6}, {5, 7}, {2, 4}, {1, 3}], [{8, 6}, {5, 7}, {3, 4}, {1, 2}], [{8, 6}, {5, 7}, {3, 4}, {2}, {1}], [{8, 6}, {7}, {1, 5}, {2, 4}, {3}], [{8, 6}, {7}, {1, 5}, {3, 4}, {2}], [{8, 6}, {7}, {1, 5}, {4}, {2, 3}], [{8, 6}, {7}, {1, 5}, {4}, {3}, {2}], [{8, 6}, {7}, {2, 5}, {3, 4}, {1}], [{8, 6}, {7}, {3, 5}, {1, 4}, {2}], [{8, 6}, {7}, {4, 5}, {1, 3}, {2}], [{8, 6}, {7}, {5}, {3, 4}, {1, 2}], [{8, 6}, {7}, {5}, {3, 4}, {2}, {1}], [{8, 7}, {1, 6}, {2, 5}, {3, 4}], [{8, 7}, {1, 6}, {3, 5}, {2, 4}], [{8, 7}, {1, 6}, {4, 5}, {2, 3}], [{8, 7}, {1, 6}, {5}, {2, 4}, {3}], [{8, 7}, {2, 6}, {1, 5}, {3, 4}], [{8, 7}, {2, 6}, {3, 5}, {1, 4}], [{8, 7}, {2, 6}, {4, 5}, {1, 3}], [{8, 7}, {3, 6}, {1, 5}, {2, 4}], [{8, 7}, {3, 6}, {1, 5}, {4}, {2}], [{8, 7}, {3, 6}, {2, 5}, {1, 4}], [{8, 7}, {3, 6}, {4, 5}, {1, 2}], [{8, 7}, {4, 6}, {1, 5}, {2, 3}], [{8, 7}, {4, 6}, {2, 5}, {1, 3}], [{8, 7}, {4, 6}, {2, 5}, {3}, {1}], [{8, 7}, {4, 6}, {3, 5}, {1, 2}], [{8, 7}, {5, 6}, {1, 4}, {2, 3}], [{8, 7}, {5, 6}, {2, 4}, {1, 3}], [{8, 7}, {5, 6}, {3, 4}, {1, 2}], [{8, 7}, {5, 6}, {3, 4}, {2}, {1}], [{8}, {1, 7}, {2, 6}, {4, 5}, {3}], [{8}, {1, 7}, {5, 6}, {2, 4}, {3}], [{8}, {1, 7}, {5, 6}, {3, 4}, {2}], [{8}, {1, 7}, {5, 6}, {4}, {2, 3}], [{8}, {2, 7}, {5, 6}, {1, 4}, {3}], [{8}, {2, 7}, {5, 6}, {3, 4}, {1}], [{8}, {2, 7}, {5, 6}, {4}, {1, 3}], [{8}, {3, 7}, {1, 6}, {2, 5}, {4}], [{8}, {3, 7}, {1, 6}, {4, 5}, {2}], [{8}, {3, 7}, {1, 6}, {5}, {2, 4}], [{8}, {3, 7}, {1, 6}, {5}, {4}, {2}], [{8}, {3, 7}, {2, 6}, {1, 5}, {4}], [{8}, {3, 7}, {4, 6}, {1, 5}, {2}], [{8}, {3, 7}, {5, 6}, {1, 4}, {2}], [{8}, {3, 7}, {5, 6}, {2, 4}, {1}], [{8}, {3, 7}, {5, 6}, {4}, {1, 2}], [{8}, {3, 7}, {5, 6}, {4}, {2}, {1}], [{8}, {3, 7}, {6}, {1, 5}, {2, 4}], [{8}, {3, 7}, {6}, {1, 5}, {4}, {2}], [{8}, {4, 7}, {5, 6}, {1, 3}, {2}], [{8}, {4, 7}, {5, 6}, {2, 3}, {1}], [{8}, {4, 7}, {5, 6}, {3}, {1, 2}], [{8}, {4, 7}, {5, 6}, {3}, {2}, {1}], [{8}, {5, 7}, {3, 6}, {1, 4}, {2}], [{8}, {5, 7}, {4, 6}, {1, 3}, {2}], [{8}, {6, 7}, {2, 5}, {1, 4}, {3}], [{8}, {6, 7}, {3, 5}, {2, 4}, {1}], [{8}, {7}, {5, 6}, {1, 4}, {2, 3}], [{8}, {7}, {5, 6}, {2, 4}, {1, 3}], [{8}, {7}, {5, 6}, {3, 4}, {1, 2}], [{8}, {7}, {5, 6}, {3, 4}, {2}, {1}]]",2,4 K_1^3 + 4 K_1^2 K_2 - 28 K_1^2 - 18 K_1 K_2 - 2 K_1 K_3 + 6 K_1 - 2 K_2^2 + 13 K_2 + 8 K_3 + K_4 + 15,O1O2O3O4U5U3O5U6O7O8U4U7U1U8O6U2,O1O2O3O4U1U3O5U6O7O6U4U7U8U2O8U5,O1O2O3O4U5O6U3U6U7U1O8O7U8O5U2U4,c,{'O1O2O3O4U3O5U6U4U7U1O6O7U5O8U2U8'},1,"<a href=""/flatknot/8.733817"">8.733817</a>",t^9-38t^7-70t^6+48t^5+140t^4+64t^3-40t^2-32t-6,t^3-t^2-t,,
8.733818,O1O2O3O4U3O5U6U4U7U8O6O7U1O8U2U5,4,2z^3+25z^2+104z+125,2w^4z^3+25w^3z^2+104w^2z+125w,False,False,"[[ 0 -1  0 -1  1  3 -3  0  1],[ 1  0  0 -1  2  2 -1  2  3],[ 0  0  0 -1  2  2 -3  0  2],[ 1  1  1  0  1  1  0  1  1],[-1 -2 -2 -1  0  0 -1  0  0],[-3 -2 -2 -1  0  0 -5 -3 -1],[ 3  1  3  0  1  5  0  2  2],[ 0 -2  0 -1  0  3 -2  0  0],[-1 -3 -2 -1  0  1 -2  0  0]]","[[ 0  3  1  1  0  0 -1 -1 -3],[-3  0  0 -1 -2 -3 -1 -2 -5],[-1  0  0  0 -2  0 -1 -2 -1],[-1  1  0  0 -2  0 -1 -3 -2],[ 0  2  2  2  0  0 -1  0 -3],[ 0  3  0  0  0  0 -1 -2 -2],[ 1  1  1  1  1  1  0  1  0],[ 1  2  2  3  0  2 -1  0 -1],[ 3  5  1  2  3  2  0  1  0]]",True,"[-3,-1,-1,0,0,1,1,3,0,1,2,3,1,2,5,0,2,0,1,2,1,2,0,1,3,2,0,1,0,3,1,2,2,-1,0,1]","[-3,-1,-1,0,0,1,1,3,0,1,2,3,1,2,5,0,2,0,1,2,1,2,0,1,3,2,0,1,0,3,1,2,2,-1,0,1]",t^8+93t^6+980t^4+151t^2+4,"[-3,-1,-1,0,0,1,1,3,1,2,0,1,2,3,1,1,1,-1,-1,0,2,0,0,1,1,3,0,-1,-1,1,1,1,0,0,1,2]","[-3,-1,-1,0,0,1,1,3,1,2,0,1,2,3,1,0,1,-1,-1,1,2,1,-1,0,1,3,0,-1,0,1,1,0,0,-1,1,2]","[-3,-1,-1,0,0,1,1,3,0,1,2,3,1,2,5,1,1,1,1,1,1,2,0,2,3,2,0,0,0,3,2,2,2,0,0,1]",c,"[[{8, 1}, {2, 7}, {5, 6}, {3, 4}]]",0,8 K_1^3 + 8 K_1^2 K_2 - 30 K_1^2 - 16 K_1 K_2 - 2 K_1 K_3 + 2 K_1 - 2 K_2^2 + 12 K_2 + 6 K_3 + 15,O1O2O3O4U5U3O6U4O7O8U6U7U1U8O5U2,O1O2O3O4U1U3O5U4O6O7U5U6U8U2O8U7,O1O2O3O4U5O6U3U6U7U8O5O7U1O8U2U4,c,{'O1O2O3O4U3O5U6U4U7U8O6O7U1O8U2U5'},1,"<a href=""/flatknot/8.733818"">8.733818</a>",t^9-93t^7-304t^6+638t^5+1988t^4-2025t^3-1336t^2+252t,0,,
8.733819,O1O2O3O4U3O5U6U4U7U8O6O7U1O8U5U2,4,4z^3+38z^2+111z+103,4w^4z^3+38w^3z^2+111w^2z+103w,False,False,"[[ 0 -1  1 -1  1  2 -3  0  1],[ 1  0  1 -1  2  1 -1  2  3],[-1 -1  0 -1  1  1 -4 -1  1],[ 1  1  1  0  1  1  0  1  1],[-1 -2 -1 -1  0  0 -1  0  0],[-2 -1 -1 -1  0  0 -4 -2  0],[ 3  1  4  0  1  4  0  2  2],[ 0 -2  1 -1  0  2 -2  0  0],[-1 -3 -1 -1  0  0 -2  0  0]]","[[ 0  2  1  1  1  0 -1 -1 -3],[-2  0  0  0 -1 -2 -1 -1 -4],[-1  0  0  0 -1  0 -1 -2 -1],[-1  0  0  0 -1  0 -1 -3 -2],[-1  1  1  1  0 -1 -1 -1 -4],[ 0  2  0  0  1  0 -1 -2 -2],[ 1  1  1  1  1  1  0  1  0],[ 1  1  2  3  1  2 -1  0 -1],[ 3  4  1  2  4  2  0  1  0]]",True,"[-2,-1,-1,-1,0,1,1,3,0,0,1,2,1,1,4,0,1,0,1,2,1,1,0,1,3,2,1,1,1,4,1,2,2,-1,0,1]","[-3,-1,-1,0,1,1,1,2,0,1,2,1,2,4,4,1,1,1,1,1,1,2,2,3,1,1,0,0,1,2,0,-1,0,-1,0,1]",t^8+75t^6+654t^4+138t^2+4,"[-3,-1,-1,0,1,1,1,2,1,2,1,0,2,3,1,1,-1,1,-1,0,2,0,1,1,1,2,0,1,1,0,-1,-1,0,0,1,1]","[-2,-1,-1,-1,0,1,1,3,0,1,1,0,2,2,1,1,1,0,1,1,0,0,1,-1,1,2,1,0,1,3,-1,0,1,-1,1,2]","[-3,-1,-1,0,1,1,1,2,0,1,2,1,2,4,4,1,1,1,1,1,1,2,2,3,1,1,0,0,1,2,0,-1,0,-1,0,1]",c,"[[{8, 1}, {2, 7}, {3, 6}, {4, 5}], [{8, 1}, {2, 7}, {4, 6}, {3, 5}], [{8, 1}, {2, 7}, {4, 6}, {5}, {3}], [{8, 1}, {2, 7}, {5, 6}, {3, 4}], [{8, 1}, {2, 7}, {5, 6}, {4}, {3}], [{8, 1}, {2, 7}, {6}, {4, 5}, {3}], [{8, 1}, {3, 7}, {2, 6}, {4, 5}], [{8, 1}, {3, 7}, {4, 6}, {2, 5}], [{8, 1}, {3, 7}, {4, 6}, {5}, {2}], [{8, 1}, {3, 7}, {5, 6}, {2, 4}], [{8, 1}, {3, 7}, {5, 6}, {4}, {2}], [{8, 1}, {3, 7}, {6}, {4, 5}, {2}], [{8, 1}, {4, 7}, {2, 6}, {3, 5}], [{8, 1}, {4, 7}, {3, 6}, {2, 5}], [{8, 1}, {4, 7}, {5, 6}, {2, 3}], [{8, 1}, {5, 7}, {2, 6}, {3, 4}], [{8, 1}, {5, 7}, {3, 6}, {2, 4}], [{8, 1}, {5, 7}, {4, 6}, {2, 3}], [{8, 1}, {5, 7}, {4, 6}, {3}, {2}], [{8, 1}, {6, 7}, {2, 5}, {3, 4}], [{8, 1}, {6, 7}, {3, 5}, {2, 4}], [{8, 1}, {6, 7}, {4, 5}, {2, 3}], [{8, 1}, {7}, {4, 6}, {2, 5}, {3}], [{8, 1}, {7}, {4, 6}, {3, 5}, {2}], [{8, 1}, {7}, {4, 6}, {5}, {2, 3}], [{8, 1}, {7}, {4, 6}, {5}, {3}, {2}], [{8, 1}, {7}, {5, 6}, {4}, {2, 3}], [{8, 1}, {7}, {6}, {4, 5}, {2, 3}], [{8, 2}, {1, 7}, {3, 6}, {4, 5}], [{8, 2}, {1, 7}, {4, 6}, {3, 5}], [{8, 2}, {1, 7}, {4, 6}, {5}, {3}], [{8, 2}, {1, 7}, {5, 6}, {3, 4}], [{8, 2}, {3, 7}, {1, 6}, {4, 5}], [{8, 2}, {3, 7}, {4, 6}, {1, 5}], [{8, 2}, {3, 7}, {4, 6}, {5}, {1}], [{8, 2}, {3, 7}, {5, 6}, {1, 4}], [{8, 2}, {4, 7}, {1, 6}, {3, 5}], [{8, 2}, {4, 7}, {3, 6}, {1, 5}], [{8, 2}, {4, 7}, {5, 6}, {1, 3}], [{8, 2}, {5, 7}, {1, 6}, {3, 4}], [{8, 2}, {5, 7}, {3, 6}, {1, 4}], [{8, 2}, {5, 7}, {4, 6}, {1, 3}], [{8, 2}, {5, 7}, {6}, {1, 4}, {3}], [{8, 2}, {6, 7}, {1, 5}, {3, 4}], [{8, 2}, {6, 7}, {3, 5}, {1, 4}], [{8, 2}, {6, 7}, {4, 5}, {1, 3}], [{8, 2}, {7}, {4, 6}, {5}, {1, 3}], [{8, 3}, {1, 7}, {2, 6}, {4, 5}], [{8, 3}, {1, 7}, {4, 6}, {2, 5}], [{8, 3}, {1, 7}, {4, 6}, {5}, {2}], [{8, 3}, {1, 7}, {5, 6}, {2, 4}], [{8, 3}, {2, 7}, {1, 6}, {4, 5}], [{8, 3}, {2, 7}, {4, 6}, {1, 5}], [{8, 3}, {2, 7}, {4, 6}, {5}, {1}], [{8, 3}, {2, 7}, {5, 6}, {1, 4}], [{8, 3}, {4, 7}, {1, 6}, {2, 5}], [{8, 3}, {4, 7}, {1, 6}, {5}, {2}], [{8, 3}, {4, 7}, {2, 6}, {1, 5}], [{8, 3}, {4, 7}, {5, 6}, {1, 2}], [{8, 3}, {5, 7}, {1, 6}, {2, 4}], [{8, 3}, {5, 7}, {2, 6}, {1, 4}], [{8, 3}, {5, 7}, {4, 6}, {1, 2}], [{8, 3}, {6, 7}, {1, 5}, {2, 4}], [{8, 3}, {6, 7}, {2, 5}, {1, 4}], [{8, 3}, {6, 7}, {4, 5}, {1, 2}], [{8, 3}, {7}, {4, 6}, {5}, {1, 2}], [{8, 3}, {7}, {5, 6}, {4}, {1, 2}], [{8, 3}, {7}, {6}, {1, 5}, {2, 4}], [{8, 3}, {7}, {6}, {4, 5}, {1, 2}], [{8, 4}, {1, 7}, {2, 6}, {3, 5}], [{8, 4}, {1, 7}, {3, 6}, {2, 5}], [{8, 4}, {1, 7}, {5, 6}, {2, 3}], [{8, 4}, {1, 7}, {5, 6}, {3}, {2}], [{8, 4}, {1, 7}, {6}, {5}, {2, 3}], [{8, 4}, {2, 7}, {1, 6}, {3, 5}], [{8, 4}, {2, 7}, {1, 6}, {5}, {3}], [{8, 4}, {2, 7}, {3, 6}, {1, 5}], [{8, 4}, {2, 7}, {5, 6}, {1, 3}], [{8, 4}, {2, 7}, {5, 6}, {3}, {1}], [{8, 4}, {2, 7}, {6}, {1, 5}, {3}], [{8, 4}, {3, 7}, {1, 6}, {2, 5}], [{8, 4}, {3, 7}, {1, 6}, {5}, {2}], [{8, 4}, {3, 7}, {2, 6}, {1, 5}], [{8, 4}, {3, 7}, {5, 6}, {1, 2}], [{8, 4}, {3, 7}, {5, 6}, {2}, {1}], [{8, 4}, {3, 7}, {6}, {1, 5}, {2}], [{8, 4}, {5, 7}, {1, 6}, {2, 3}], [{8, 4}, {5, 7}, {2, 6}, {1, 3}], [{8, 4}, {5, 7}, {3, 6}, {1, 2}], [{8, 4}, {5, 7}, {6}, {2, 3}, {1}], [{8, 4}, {6, 7}, {1, 5}, {2, 3}], [{8, 4}, {6, 7}, {2, 5}, {1, 3}], [{8, 4}, {6, 7}, {3, 5}, {1, 2}], [{8, 4}, {6, 7}, {5}, {2, 3}, {1}], [{8, 4}, {7}, {1, 6}, {5}, {2, 3}], [{8, 4}, {7}, {2, 6}, {3, 5}, {1}], [{8, 4}, {7}, {3, 6}, {2, 5}, {1}], [{8, 4}, {7}, {5, 6}, {1, 3}, {2}], [{8, 4}, {7}, {5, 6}, {2, 3}, {1}], [{8, 4}, {7}, {5, 6}, {3}, {1, 2}], [{8, 4}, {7}, {5, 6}, {3}, {2}, {1}], [{8, 4}, {7}, {6}, {1, 5}, {2, 3}], [{8, 4}, {7}, {6}, {5}, {2, 3}, {1}], [{8, 5}, {1, 7}, {2, 6}, {3, 4}], [{8, 5}, {1, 7}, {3, 6}, {2, 4}], [{8, 5}, {1, 7}, {4, 6}, {2, 3}], [{8, 5}, {1, 7}, {6}, {3, 4}, {2}], [{8, 5}, {2, 7}, {1, 6}, {3, 4}], [{8, 5}, {2, 7}, {1, 6}, {4}, {3}], [{8, 5}, {2, 7}, {3, 6}, {1, 4}], [{8, 5}, {2, 7}, {3, 6}, {4}, {1}], [{8, 5}, {2, 7}, {4, 6}, {1, 3}], [{8, 5}, {2, 7}, {4, 6}, {3}, {1}], [{8, 5}, {2, 7}, {6}, {1, 4}, {3}], [{8, 5}, {2, 7}, {6}, {3, 4}, {1}], [{8, 5}, {2, 7}, {6}, {4}, {1, 3}], [{8, 5}, {2, 7}, {6}, {4}, {3}, {1}], [{8, 5}, {3, 7}, {1, 6}, {2, 4}], [{8, 5}, {3, 7}, {1, 6}, {4}, {2}], [{8, 5}, {3, 7}, {2, 6}, {1, 4}], [{8, 5}, {3, 7}, {4, 6}, {1, 2}], [{8, 5}, {3, 7}, {4, 6}, {2}, {1}], [{8, 5}, {3, 7}, {6}, {1, 4}, {2}], [{8, 5}, {4, 7}, {1, 6}, {2, 3}], [{8, 5}, {4, 7}, {2, 6}, {1, 3}], [{8, 5}, {4, 7}, {3, 6}, {1, 2}], [{8, 5}, {6, 7}, {1, 4}, {2, 3}], [{8, 5}, {6, 7}, {2, 4}, {1, 3}], [{8, 5}, {6, 7}, {3, 4}, {1, 2}], [{8, 5}, {7}, {1, 6}, {4}, {2, 3}], [{8, 5}, {7}, {4, 6}, {2, 3}, {1}], [{8, 5}, {7}, {6}, {1, 4}, {2, 3}], [{8, 5}, {7}, {6}, {3, 4}, {1, 2}], [{8, 6}, {1, 7}, {2, 5}, {3, 4}], [{8, 6}, {1, 7}, {2, 5}, {4}, {3}], [{8, 6}, {1, 7}, {3, 5}, {2, 4}], [{8, 6}, {1, 7}, {3, 5}, {4}, {2}], [{8, 6}, {1, 7}, {4, 5}, {2, 3}], [{8, 6}, {1, 7}, {5}, {4}, {2, 3}], [{8, 6}, {2, 7}, {1, 5}, {3, 4}], [{8, 6}, {2, 7}, {1, 5}, {4}, {3}], [{8, 6}, {2, 7}, {3, 5}, {1, 4}], [{8, 6}, {2, 7}, {4, 5}, {1, 3}], [{8, 6}, {2, 7}, {4, 5}, {3}, {1}], [{8, 6}, {2, 7}, {5}, {1, 4}, {3}], [{8, 6}, {3, 7}, {1, 5}, {2, 4}], [{8, 6}, {3, 7}, {1, 5}, {4}, {2}], [{8, 6}, {3, 7}, {2, 5}, {1, 4}], [{8, 6}, {3, 7}, {4, 5}, {1, 2}], [{8, 6}, {3, 7}, {4, 5}, {2}, {1}], [{8, 6}, {3, 7}, {5}, {1, 4}, {2}], [{8, 6}, {4, 7}, {1, 5}, {2, 3}], [{8, 6}, {4, 7}, {2, 5}, {1, 3}], [{8, 6}, {4, 7}, {2, 5}, {3}, {1}], [{8, 6}, {4, 7}, {3, 5}, {1, 2}], [{8, 6}, {4, 7}, {3, 5}, {2}, {1}], [{8, 6}, {4, 7}, {5}, {2, 3}, {1}], [{8, 6}, {5, 7}, {1, 4}, {2, 3}], [{8, 6}, {5, 7}, {1, 4}, {3}, {2}], [{8, 6}, {5, 7}, {2, 4}, {1, 3}], [{8, 6}, {5, 7}, {3, 4}, {1, 2}], [{8, 6}, {5, 7}, {4}, {2, 3}, {1}], [{8, 6}, {7}, {1, 5}, {4}, {2, 3}], [{8, 6}, {7}, {2, 5}, {1, 4}, {3}], [{8, 6}, {7}, {3, 5}, {1, 4}, {2}], [{8, 6}, {7}, {4, 5}, {2, 3}, {1}], [{8, 6}, {7}, {5}, {1, 4}, {2, 3}], [{8, 6}, {7}, {5}, {1, 4}, {3}, {2}], [{8, 6}, {7}, {5}, {2, 4}, {1, 3}], [{8, 6}, {7}, {5}, {3, 4}, {1, 2}], [{8, 6}, {7}, {5}, {4}, {2, 3}, {1}], [{8, 7}, {1, 6}, {2, 5}, {3, 4}], [{8, 7}, {1, 6}, {3, 5}, {2, 4}], [{8, 7}, {1, 6}, {4, 5}, {2, 3}], [{8, 7}, {1, 6}, {5}, {2, 4}, {3}], [{8, 7}, {2, 6}, {1, 5}, {3, 4}], [{8, 7}, {2, 6}, {3, 5}, {1, 4}], [{8, 7}, {2, 6}, {4, 5}, {1, 3}], [{8, 7}, {2, 6}, {4, 5}, {3}, {1}], [{8, 7}, {3, 6}, {1, 5}, {2, 4}], [{8, 7}, {3, 6}, {1, 5}, {4}, {2}], [{8, 7}, {3, 6}, {2, 5}, {1, 4}], [{8, 7}, {3, 6}, {4, 5}, {1, 2}], [{8, 7}, {4, 6}, {1, 5}, {2, 3}], [{8, 7}, {4, 6}, {2, 5}, {1, 3}], [{8, 7}, {4, 6}, {3, 5}, {1, 2}], [{8, 7}, {4, 6}, {5}, {1, 3}, {2}], [{8, 7}, {4, 6}, {5}, {2, 3}, {1}], [{8, 7}, {4, 6}, {5}, {3}, {1, 2}], [{8, 7}, {5, 6}, {1, 4}, {2, 3}], [{8, 7}, {5, 6}, {2, 4}, {1, 3}], [{8, 7}, {5, 6}, {3, 4}, {1, 2}], [{8, 7}, {6}, {3, 5}, {1, 4}, {2}], [{8}, {1, 7}, {2, 6}, {5}, {3, 4}], [{8}, {1, 7}, {3, 6}, {4, 5}, {2}], [{8}, {1, 7}, {4, 6}, {5}, {2, 3}], [{8}, {2, 7}, {1, 6}, {4, 5}, {3}], [{8}, {2, 7}, {4, 6}, {1, 5}, {3}], [{8}, {2, 7}, {4, 6}, {3, 5}, {1}], [{8}, {2, 7}, {4, 6}, {5}, {1, 3}], [{8}, {2, 7}, {4, 6}, {5}, {3}, {1}], [{8}, {2, 7}, {5, 6}, {1, 4}, {3}], [{8}, {3, 7}, {1, 6}, {4, 5}, {2}], [{8}, {3, 7}, {4, 6}, {1, 5}, {2}], [{8}, {3, 7}, {4, 6}, {2, 5}, {1}], [{8}, {3, 7}, {4, 6}, {5}, {1, 2}], [{8}, {3, 7}, {4, 6}, {5}, {2}, {1}], [{8}, {3, 7}, {5, 6}, {1, 4}, {2}], [{8}, {5, 7}, {2, 6}, {1, 4}, {3}], [{8}, {5, 7}, {4, 6}, {2, 3}, {1}], [{8}, {6, 7}, {1, 5}, {3, 4}, {2}], [{8}, {6, 7}, {3, 5}, {1, 4}, {2}], [{8}, {7}, {1, 6}, {4, 5}, {2, 3}], [{8}, {7}, {4, 6}, {1, 5}, {2, 3}], [{8}, {7}, {4, 6}, {5}, {2, 3}, {1}], [{8}, {7}, {5, 6}, {1, 4}, {2, 3}], [{8}, {7}, {5, 6}, {3, 4}, {1, 2}]]",2,8 K_1^3 + 4 K_1^2 K_2 - 16 K_1^2 - 14 K_1 K_2 - 2 K_1 K_3 + K_1 - 2 K_2^2 + 7 K_2 + 5 K_3 + K_4 + 9,O1O2O3O4U3U5O6U4O7O8U6U7U1U8O5U2,O1O2O3O4U1U3O5U4O6O7U5U7U8U2O8U6,O1O2O3O4U5O6U3U6U7U8O7O5U1O8U2U4,c,{'O1O2O3O4U3O5U6U4U7U8O6O7U1O8U5U2'},1,"<a href=""/flatknot/8.733819"">8.733819</a>",t^9-79t^7-202t^6+409t^5+944t^4+182t^3-170t^2+29t-30,t^3-t^2-t,,
8.733820,O1O2O3O4U3O5U6U4U7U8O6O7U2O8U1U5,3,3z^2+43z+75,3w^3z^2+43w^2z+75w,False,False,"[[ 0 -1  0 -1  1  3 -3  0  1],[ 1  0  1 -1  2  3 -2  1  2],[ 0 -1  0 -1  2  1 -2  1  2],[ 1  1  1  0  1  1  0  1  1],[-1 -2 -2 -1  0  0 -1  0  0],[-3 -3 -1 -1  0  0 -5 -3 -1],[ 3  2  2  0  1  5  0  2  2],[ 0 -1 -1 -1  0  3 -2  0  0],[-1 -2 -2 -1  0  1 -2  0  0]]","[[ 0  3  1  1  0  0 -1 -1 -3],[-3  0  0 -1 -1 -3 -1 -3 -5],[-1  0  0  0 -2  0 -1 -2 -1],[-1  1  0  0 -2  0 -1 -2 -2],[ 0  1  2  2  0  1 -1 -1 -2],[ 0  3  0  0 -1  0 -1 -1 -2],[ 1  1  1  1  1  1  0  1  0],[ 1  3  2  2  1  1 -1  0 -2],[ 3  5  1  2  2  2  0  2  0]]",True,"[-3,-1,-1,0,0,1,1,3,0,1,1,3,1,3,5,0,2,0,1,2,1,2,0,1,2,2,-1,1,1,2,1,1,2,-1,0,2]","[-3,-1,-1,0,0,1,1,3,0,1,1,3,1,3,5,0,2,0,1,2,1,2,0,1,2,2,-1,1,1,2,1,1,2,-1,0,2]",t^8+87t^6+732t^4+96t^2,"[-3,-1,-1,0,0,1,1,3,0,2,1,1,2,3,1,1,0,0,0,0,1,0,0,1,1,3,-1,-1,-1,2,1,1,0,0,1,2]","[-3,-1,-1,0,0,1,1,3,1,2,0,2,1,3,1,0,1,-1,0,1,2,1,-1,0,1,3,-1,0,0,1,0,0,1,-1,0,2]","[-3,-1,-1,0,0,1,1,3,0,2,2,2,1,2,5,1,1,1,1,1,1,1,1,2,2,3,-1,0,0,3,2,2,1,0,0,1]",c,"[[{8, 1}, {2, 7}, {5, 6}, {3, 4}], [{8, 3}, {2, 7}, {5, 6}, {1, 4}]]",0,4 K_1^3 + 4 K_1^2 K_2 - 24 K_1^2 - 16 K_1 K_2 + 5 K_1 - 4 K_2^2 + 10 K_2 + 7 K_3 + K_4 + 14,O1O2O3O4U5U4O6U3O7O8U6U7U1U8O5U2,O1O2O3O4U1U3O5U4O6O7U6U5U8U2O8U7,O1O2O3O4U5O6U3U6U7U8O5O8U1O7U2U4,c,{'O1O2O3O4U3O5U6U4U7U8O6O7U2O8U1U5'},1,"<a href=""/flatknot/8.733820"">8.733820</a>",t^9-87t^7-342t^6+102t^5+1618t^4+952t^3-96t^2-16t,0,,
8.733821,O1O2O3O4U3O5U6U4U7U8O6O7U5O8U1U2,4,4z^3+37z^2+110z+105,4w^4z^3+37w^3z^2+110w^2z+105w,False,False,"[[ 0 -1  1 -1  1  2 -3  0  1],[ 1  0  1 -1  1  2 -2  1  2],[-1 -1  0 -1  1  2 -4 -1  0],[ 1  1  1  0  1  1  0  1  1],[-1 -1 -1 -1  0  0 -1  0 -1],[-2 -2 -2 -1  0  0 -3 -1  0],[ 3  2  4  0  1  3  0  2  2],[ 0 -1  1 -1  0  1 -2  0  0],[-1 -2  0 -1  1  0 -2  0  0]]","[[ 0  2  1  1  1  0 -1 -1 -3],[-2  0  0  0 -2 -1 -1 -2 -3],[-1  0  0  1  0  0 -1 -2 -2],[-1  0 -1  0 -1  0 -1 -1 -1],[-1  2  0  1  0 -1 -1 -1 -4],[ 0  1  0  0  1  0 -1 -1 -2],[ 1  1  1  1  1  1  0  1  0],[ 1  2  2  1  1  1 -1  0 -2],[ 3  3  2  1  4  2  0  2  0]]",True,"[-2,-1,-1,-1,0,1,1,3,0,0,2,1,1,2,3,-1,0,0,1,2,2,1,0,1,1,1,1,1,1,4,1,1,2,-1,0,2]","[-3,-1,-1,0,1,1,1,2,0,2,1,0,2,3,2,1,0,1,0,1,1,0,1,1,1,2,0,1,1,1,0,-1,-1,-1,1,1]",t^8+63t^6+241t^4+187t^2+4,"[-3,-1,-1,0,1,1,1,2,0,2,1,0,2,3,2,1,0,1,0,1,1,0,1,1,1,2,0,1,1,1,0,-1,-1,-1,1,1]","[-2,-1,-1,-1,0,1,1,3,-1,1,1,1,1,2,2,0,1,0,1,1,0,1,1,0,1,2,1,1,1,3,0,0,1,-1,0,2]","[-3,-1,-1,0,1,1,1,2,0,2,2,1,2,4,3,1,1,1,1,1,1,1,1,2,1,2,0,0,1,1,-1,-1,0,0,0,2]",c,"[[{8, 1}, {2, 7}, {3, 6}, {4, 5}], [{8, 1}, {2, 7}, {4, 6}, {3, 5}], [{8, 1}, {2, 7}, {4, 6}, {5}, {3}], [{8, 1}, {2, 7}, {5, 6}, {3, 4}], [{8, 1}, {2, 7}, {5, 6}, {4}, {3}], [{8, 1}, {2, 7}, {6}, {4, 5}, {3}], [{8, 1}, {3, 7}, {2, 6}, {4, 5}], [{8, 1}, {3, 7}, {4, 6}, {2, 5}], [{8, 1}, {3, 7}, {4, 6}, {5}, {2}], [{8, 1}, {3, 7}, {5, 6}, {2, 4}], [{8, 1}, {3, 7}, {5, 6}, {4}, {2}], [{8, 1}, {3, 7}, {6}, {4, 5}, {2}], [{8, 1}, {4, 7}, {2, 6}, {3, 5}], [{8, 1}, {4, 7}, {3, 6}, {2, 5}], [{8, 1}, {4, 7}, {5, 6}, {2, 3}], [{8, 1}, {5, 7}, {2, 6}, {3, 4}], [{8, 1}, {5, 7}, {3, 6}, {2, 4}], [{8, 1}, {5, 7}, {4, 6}, {2, 3}], [{8, 1}, {6, 7}, {2, 5}, {3, 4}], [{8, 1}, {6, 7}, {3, 5}, {2, 4}], [{8, 1}, {6, 7}, {3, 5}, {4}, {2}], [{8, 1}, {6, 7}, {4, 5}, {2, 3}], [{8, 1}, {6, 7}, {4, 5}, {3}, {2}], [{8, 1}, {6, 7}, {5}, {3, 4}, {2}], [{8, 1}, {7}, {2, 6}, {4, 5}, {3}], [{8, 1}, {7}, {3, 6}, {4, 5}, {2}], [{8, 1}, {7}, {4, 6}, {5}, {2, 3}], [{8, 1}, {7}, {5, 6}, {4}, {2, 3}], [{8, 1}, {7}, {6}, {4, 5}, {2, 3}], [{8, 1}, {7}, {6}, {4, 5}, {3}, {2}], [{8, 2}, {1, 7}, {3, 6}, {4, 5}], [{8, 2}, {1, 7}, {4, 6}, {3, 5}], [{8, 2}, {1, 7}, {5, 6}, {3, 4}], [{8, 2}, {1, 7}, {6}, {4, 5}, {3}], [{8, 2}, {3, 7}, {1, 6}, {4, 5}], [{8, 2}, {3, 7}, {4, 6}, {1, 5}], [{8, 2}, {3, 7}, {4, 6}, {5}, {1}], [{8, 2}, {3, 7}, {5, 6}, {1, 4}], [{8, 2}, {3, 7}, {5, 6}, {4}, {1}], [{8, 2}, {3, 7}, {6}, {4, 5}, {1}], [{8, 2}, {4, 7}, {1, 6}, {3, 5}], [{8, 2}, {4, 7}, {3, 6}, {1, 5}], [{8, 2}, {4, 7}, {5, 6}, {1, 3}], [{8, 2}, {4, 7}, {6}, {1, 5}, {3}], [{8, 2}, {5, 7}, {1, 6}, {3, 4}], [{8, 2}, {5, 7}, {3, 6}, {1, 4}], [{8, 2}, {5, 7}, {4, 6}, {1, 3}], [{8, 2}, {5, 7}, {6}, {1, 4}, {3}], [{8, 2}, {6, 7}, {1, 5}, {3, 4}], [{8, 2}, {6, 7}, {3, 5}, {1, 4}], [{8, 2}, {6, 7}, {3, 5}, {4}, {1}], [{8, 2}, {6, 7}, {4, 5}, {1, 3}], [{8, 2}, {6, 7}, {4, 5}, {3}, {1}], [{8, 2}, {6, 7}, {5}, {3, 4}, {1}], [{8, 2}, {7}, {1, 6}, {4, 5}, {3}], [{8, 2}, {7}, {3, 6}, {4, 5}, {1}], [{8, 2}, {7}, {6}, {4, 5}, {1, 3}], [{8, 2}, {7}, {6}, {4, 5}, {3}, {1}], [{8, 3}, {1, 7}, {2, 6}, {4, 5}], [{8, 3}, {1, 7}, {4, 6}, {2, 5}], [{8, 3}, {1, 7}, {5, 6}, {2, 4}], [{8, 3}, {1, 7}, {6}, {4, 5}, {2}], [{8, 3}, {2, 7}, {1, 6}, {4, 5}], [{8, 3}, {2, 7}, {4, 6}, {1, 5}], [{8, 3}, {2, 7}, {5, 6}, {1, 4}], [{8, 3}, {2, 7}, {6}, {1, 5}, {4}], [{8, 3}, {2, 7}, {6}, {4, 5}, {1}], [{8, 3}, {2, 7}, {6}, {5}, {1, 4}], [{8, 3}, {4, 7}, {1, 6}, {2, 5}], [{8, 3}, {4, 7}, {2, 6}, {1, 5}], [{8, 3}, {4, 7}, {5, 6}, {1, 2}], [{8, 3}, {4, 7}, {6}, {5}, {1, 2}], [{8, 3}, {5, 7}, {1, 6}, {2, 4}], [{8, 3}, {5, 7}, {2, 6}, {1, 4}], [{8, 3}, {5, 7}, {4, 6}, {1, 2}], [{8, 3}, {5, 7}, {6}, {4}, {1, 2}], [{8, 3}, {6, 7}, {1, 5}, {2, 4}], [{8, 3}, {6, 7}, {2, 5}, {1, 4}], [{8, 3}, {6, 7}, {4, 5}, {1, 2}], [{8, 3}, {6, 7}, {5}, {4}, {1, 2}], [{8, 3}, {7}, {4, 6}, {5}, {1, 2}], [{8, 3}, {7}, {5, 6}, {4}, {1, 2}], [{8, 3}, {7}, {6}, {4, 5}, {1, 2}], [{8, 4}, {1, 7}, {2, 6}, {3, 5}], [{8, 4}, {1, 7}, {3, 6}, {2, 5}], [{8, 4}, {1, 7}, {5, 6}, {2, 3}], [{8, 4}, {1, 7}, {6}, {5}, {2, 3}], [{8, 4}, {2, 7}, {1, 6}, {3, 5}], [{8, 4}, {2, 7}, {3, 6}, {1, 5}], [{8, 4}, {2, 7}, {5, 6}, {1, 3}], [{8, 4}, {3, 7}, {1, 6}, {2, 5}], [{8, 4}, {3, 7}, {2, 6}, {1, 5}], [{8, 4}, {3, 7}, {5, 6}, {1, 2}], [{8, 4}, {3, 7}, {6}, {5}, {1, 2}], [{8, 4}, {5, 7}, {1, 6}, {2, 3}], [{8, 4}, {5, 7}, {2, 6}, {1, 3}], [{8, 4}, {5, 7}, {3, 6}, {1, 2}], [{8, 4}, {5, 7}, {6}, {3}, {1, 2}], [{8, 4}, {6, 7}, {1, 5}, {2, 3}], [{8, 4}, {6, 7}, {2, 5}, {1, 3}], [{8, 4}, {6, 7}, {3, 5}, {1, 2}], [{8, 4}, {6, 7}, {5}, {3}, {1, 2}], [{8, 4}, {7}, {3, 6}, {5}, {1, 2}], [{8, 4}, {7}, {5, 6}, {3}, {1, 2}], [{8, 4}, {7}, {6}, {3, 5}, {1, 2}], [{8, 5}, {1, 7}, {2, 6}, {3, 4}], [{8, 5}, {1, 7}, {3, 6}, {2, 4}], [{8, 5}, {1, 7}, {4, 6}, {2, 3}], [{8, 5}, {1, 7}, {6}, {4}, {2, 3}], [{8, 5}, {2, 7}, {1, 6}, {3, 4}], [{8, 5}, {2, 7}, {3, 6}, {1, 4}], [{8, 5}, {2, 7}, {4, 6}, {1, 3}], [{8, 5}, {3, 7}, {1, 6}, {2, 4}], [{8, 5}, {3, 7}, {2, 6}, {1, 4}], [{8, 5}, {3, 7}, {4, 6}, {1, 2}], [{8, 5}, {3, 7}, {6}, {4}, {1, 2}], [{8, 5}, {4, 7}, {1, 6}, {2, 3}], [{8, 5}, {4, 7}, {2, 6}, {1, 3}], [{8, 5}, {4, 7}, {3, 6}, {1, 2}], [{8, 5}, {4, 7}, {6}, {3}, {1, 2}], [{8, 5}, {6, 7}, {1, 4}, {2, 3}], [{8, 5}, {6, 7}, {2, 4}, {1, 3}], [{8, 5}, {6, 7}, {3, 4}, {1, 2}], [{8, 5}, {6, 7}, {4}, {3}, {1, 2}], [{8, 5}, {7}, {2, 6}, {4}, {1, 3}], [{8, 5}, {7}, {3, 6}, {4}, {1, 2}], [{8, 5}, {7}, {4, 6}, {3}, {1, 2}], [{8, 5}, {7}, {6}, {3, 4}, {1, 2}], [{8, 6}, {1, 7}, {2, 5}, {3, 4}], [{8, 6}, {1, 7}, {3, 5}, {2, 4}], [{8, 6}, {1, 7}, {4, 5}, {2, 3}], [{8, 6}, {2, 7}, {1, 5}, {3, 4}], [{8, 6}, {2, 7}, {3, 5}, {1, 4}], [{8, 6}, {2, 7}, {4, 5}, {1, 3}], [{8, 6}, {3, 7}, {1, 5}, {2, 4}], [{8, 6}, {3, 7}, {2, 5}, {1, 4}], [{8, 6}, {3, 7}, {4, 5}, {1, 2}], [{8, 6}, {3, 7}, {5}, {4}, {1, 2}], [{8, 6}, {4, 7}, {1, 5}, {2, 3}], [{8, 6}, {4, 7}, {2, 5}, {1, 3}], [{8, 6}, {4, 7}, {3, 5}, {1, 2}], [{8, 6}, {4, 7}, {5}, {3}, {1, 2}], [{8, 6}, {5, 7}, {1, 4}, {2, 3}], [{8, 6}, {5, 7}, {2, 4}, {1, 3}], [{8, 6}, {5, 7}, {3, 4}, {1, 2}], [{8, 6}, {5, 7}, {4}, {3}, {1, 2}], [{8, 6}, {7}, {1, 5}, {3, 4}, {2}], [{8, 6}, {7}, {2, 5}, {3, 4}, {1}], [{8, 6}, {7}, {3, 5}, {4}, {1, 2}], [{8, 6}, {7}, {4, 5}, {3}, {1, 2}], [{8, 6}, {7}, {5}, {3, 4}, {1, 2}], [{8, 6}, {7}, {5}, {4}, {3}, {1, 2}], [{8, 7}, {1, 6}, {2, 5}, {3, 4}], [{8, 7}, {1, 6}, {3, 5}, {2, 4}], [{8, 7}, {1, 6}, {4, 5}, {2, 3}], [{8, 7}, {2, 6}, {1, 5}, {3, 4}], [{8, 7}, {2, 6}, {3, 5}, {1, 4}], [{8, 7}, {2, 6}, {4, 5}, {1, 3}], [{8, 7}, {2, 6}, {5}, {4}, {1, 3}], [{8, 7}, {3, 6}, {1, 5}, {2, 4}], [{8, 7}, {3, 6}, {2, 5}, {1, 4}], [{8, 7}, {3, 6}, {4, 5}, {1, 2}], [{8, 7}, {3, 6}, {5}, {4}, {1, 2}], [{8, 7}, {4, 6}, {1, 5}, {2, 3}], [{8, 7}, {4, 6}, {2, 5}, {1, 3}], [{8, 7}, {4, 6}, {3, 5}, {1, 2}], [{8, 7}, {4, 6}, {5}, {3}, {1, 2}], [{8, 7}, {5, 6}, {1, 4}, {2, 3}], [{8, 7}, {5, 6}, {1, 4}, {3}, {2}], [{8, 7}, {5, 6}, {2, 4}, {1, 3}], [{8, 7}, {5, 6}, {2, 4}, {3}, {1}], [{8, 7}, {5, 6}, {3, 4}, {1, 2}], [{8, 7}, {5, 6}, {4}, {3}, {1, 2}], [{8, 7}, {6}, {3, 5}, {4}, {1, 2}], [{8, 7}, {6}, {4, 5}, {1, 3}, {2}], [{8, 7}, {6}, {4, 5}, {2, 3}, {1}], [{8, 7}, {6}, {4, 5}, {3}, {1, 2}], [{8, 7}, {6}, {5}, {3, 4}, {1, 2}], [{8}, {1, 7}, {2, 6}, {5}, {3, 4}], [{8}, {1, 7}, {5, 6}, {3, 4}, {2}], [{8}, {1, 7}, {6}, {2, 5}, {3, 4}], [{8}, {1, 7}, {6}, {4, 5}, {2, 3}], [{8}, {2, 7}, {1, 6}, {3, 5}, {4}], [{8}, {2, 7}, {5, 6}, {3, 4}, {1}], [{8}, {2, 7}, {6}, {4, 5}, {1, 3}], [{8}, {3, 7}, {1, 6}, {2, 5}, {4}], [{8}, {3, 7}, {2, 6}, {5}, {1, 4}], [{8}, {3, 7}, {4, 6}, {5}, {1, 2}], [{8}, {3, 7}, {5, 6}, {4}, {1, 2}], [{8}, {3, 7}, {6}, {4, 5}, {1, 2}], [{8}, {4, 7}, {3, 6}, {5}, {1, 2}], [{8}, {4, 7}, {5, 6}, {3}, {1, 2}], [{8}, {4, 7}, {6}, {3, 5}, {1, 2}], [{8}, {5, 7}, {2, 6}, {4}, {1, 3}], [{8}, {5, 7}, {3, 6}, {4}, {1, 2}], [{8}, {5, 7}, {4, 6}, {3}, {1, 2}], [{8}, {5, 7}, {6}, {3, 4}, {1, 2}], [{8}, {6, 7}, {3, 5}, {4}, {1, 2}], [{8}, {6, 7}, {4, 5}, {3}, {1, 2}], [{8}, {6, 7}, {5}, {3, 4}, {1, 2}], [{8}, {7}, {3, 6}, {4, 5}, {1, 2}], [{8}, {7}, {4, 6}, {3, 5}, {1, 2}], [{8}, {7}, {5, 6}, {2, 4}, {1, 3}], [{8}, {7}, {5, 6}, {3, 4}, {1, 2}], [{8}, {7}, {6}, {4, 5}, {3}, {1, 2}]]",2,12 K_1^3 + 4 K_1^2 K_2 - 20 K_1^2 - 18 K_1 K_2 - 2 K_1 K_3 - 2 K_2^2 + 9 K_2 + 6 K_3 + K_4 + 11,O1O2O3O4U3U4O5U6O7O8U5U7U1U8O6U2,O1O2O3O4U1U3O5U4O6O7U6U7U8U2O8U5,O1O2O3O4U5O6U3U6U7U8O7O8U1O5U2U4,c,{'O1O2O3O4U3O5U6U4U7U8O6O7U5O8U1U2'},1,"<a href=""/flatknot/8.733821"">8.733821</a>",t^9-67t^7-208t^6-14t^5+434t^4+433t^3+308t^2+99t-2,t^3-t^2-t,,
8.733822,O1O2O3O4U3O5U6U4U7U1O6O8U2O7U5U8,4,z^3+27z^2+109z+119,w^4z^3+27w^3z^2+109w^2z+119w,False,False,"[[ 0  0  0 -1  1  2 -3  0  1],[ 0  0  0 -1  1  1 -1  0  1],[ 0  0  0 -1  2  1 -1  1  1],[ 1  1  1  0  1  1  0  1  0],[-1 -1 -2 -1  0  0 -1  0  1],[-2 -1 -1 -1  0  0 -3 -1  0],[ 3  1  1  0  1  3  0  2  2],[ 0  0 -1 -1  0  1 -2  0  1],[-1 -1 -1  0 -1  0 -2 -1  0]]","[[ 0  2  1  1  0  0  0 -1 -3],[-2  0  0  0 -1 -1 -1 -1 -3],[-1  0  0  1  0 -1 -2 -1 -1],[-1  0 -1  0 -1 -1 -1  0 -2],[ 0  1  0  1  0  0 -1 -1 -2],[ 0  1  1  1  0  0  0 -1 -1],[ 0  1  2  1  1  0  0 -1 -1],[ 1  1  1  0  1  1  1  0  0],[ 3  3  1  2  2  1  1  0  0]]",True,"[-2,-1,-1,0,0,0,1,3,0,0,1,1,1,1,3,-1,0,1,2,1,1,1,1,1,0,2,0,1,1,2,0,1,1,1,1,0]","[-3,-1,0,0,0,1,1,2,0,1,1,2,1,2,3,1,1,1,1,0,1,0,0,1,1,1,1,2,1,1,0,1,1,1,0,0]",t^8+38t^6+147t^4+66t^2+1,"[-3,-1,0,0,0,1,1,2,2,1,2,2,2,3,2,0,0,0,2,1,2,0,1,0,1,1,0,0,0,1,0,-1,1,1,1,1]","[-2,-1,-1,0,0,0,1,3,1,1,1,1,1,2,2,-1,0,0,0,2,2,-1,0,1,1,3,0,1,0,2,0,0,2,0,1,2]","[-3,-1,0,0,0,1,1,2,0,1,1,2,1,2,3,1,1,1,1,0,1,0,0,1,1,1,1,2,1,1,0,1,1,1,0,0]",c,"[[{8, 1}, {2, 7}, {3, 6}, {4, 5}], [{8, 1}, {2, 7}, {4, 6}, {3, 5}], [{8, 1}, {2, 7}, {4, 6}, {5}, {3}], [{8, 1}, {2, 7}, {5, 6}, {3, 4}], [{8, 1}, {2, 7}, {5, 6}, {4}, {3}], [{8, 1}, {2, 7}, {6}, {4, 5}, {3}], [{8, 1}, {3, 7}, {2, 6}, {4, 5}], [{8, 1}, {3, 7}, {2, 6}, {5}, {4}], [{8, 1}, {3, 7}, {4, 6}, {2, 5}], [{8, 1}, {3, 7}, {5, 6}, {2, 4}], [{8, 1}, {3, 7}, {5, 6}, {4}, {2}], [{8, 1}, {3, 7}, {6}, {2, 5}, {4}], [{8, 1}, {4, 7}, {2, 6}, {3, 5}], [{8, 1}, {4, 7}, {2, 6}, {5}, {3}], [{8, 1}, {4, 7}, {3, 6}, {2, 5}], [{8, 1}, {4, 7}, {5, 6}, {2, 3}], [{8, 1}, {4, 7}, {5, 6}, {3}, {2}], [{8, 1}, {4, 7}, {6}, {2, 5}, {3}], [{8, 1}, {5, 7}, {2, 6}, {3, 4}], [{8, 1}, {5, 7}, {2, 6}, {4}, {3}], [{8, 1}, {5, 7}, {3, 6}, {2, 4}], [{8, 1}, {5, 7}, {4, 6}, {2, 3}], [{8, 1}, {5, 7}, {4, 6}, {3}, {2}], [{8, 1}, {5, 7}, {6}, {2, 4}, {3}], [{8, 1}, {6, 7}, {2, 5}, {3, 4}], [{8, 1}, {6, 7}, {2, 5}, {4}, {3}], [{8, 1}, {6, 7}, {3, 5}, {2, 4}], [{8, 1}, {6, 7}, {4, 5}, {2, 3}], [{8, 1}, {6, 7}, {4, 5}, {3}, {2}], [{8, 1}, {6, 7}, {5}, {2, 4}, {3}], [{8, 1}, {7}, {2, 6}, {3, 5}, {4}], [{8, 1}, {7}, {2, 6}, {4, 5}, {3}], [{8, 1}, {7}, {2, 6}, {5}, {3, 4}], [{8, 1}, {7}, {2, 6}, {5}, {4}, {3}], [{8, 1}, {7}, {3, 6}, {2, 5}, {4}], [{8, 1}, {7}, {4, 6}, {2, 5}, {3}], [{8, 1}, {7}, {5, 6}, {2, 4}, {3}], [{8, 1}, {7}, {5, 6}, {3, 4}, {2}], [{8, 1}, {7}, {5, 6}, {4}, {2, 3}], [{8, 1}, {7}, {5, 6}, {4}, {3}, {2}], [{8, 1}, {7}, {6}, {2, 5}, {3, 4}], [{8, 1}, {7}, {6}, {2, 5}, {4}, {3}], [{8, 2}, {1, 7}, {3, 6}, {4, 5}], [{8, 2}, {1, 7}, {4, 6}, {3, 5}], [{8, 2}, {1, 7}, {5, 6}, {3, 4}], [{8, 2}, {1, 7}, {5, 6}, {4}, {3}], [{8, 2}, {1, 7}, {6}, {5}, {3, 4}], [{8, 2}, {3, 7}, {1, 6}, {4, 5}], [{8, 2}, {3, 7}, {1, 6}, {5}, {4}], [{8, 2}, {3, 7}, {4, 6}, {1, 5}], [{8, 2}, {3, 7}, {5, 6}, {1, 4}], [{8, 2}, {4, 7}, {1, 6}, {3, 5}], [{8, 2}, {4, 7}, {3, 6}, {1, 5}], [{8, 2}, {4, 7}, {5, 6}, {1, 3}], [{8, 2}, {5, 7}, {1, 6}, {3, 4}], [{8, 2}, {5, 7}, {1, 6}, {4}, {3}], [{8, 2}, {5, 7}, {3, 6}, {1, 4}], [{8, 2}, {5, 7}, {3, 6}, {4}, {1}], [{8, 2}, {5, 7}, {4, 6}, {1, 3}], [{8, 2}, {5, 7}, {6}, {4}, {1, 3}], [{8, 2}, {6, 7}, {1, 5}, {3, 4}], [{8, 2}, {6, 7}, {3, 5}, {1, 4}], [{8, 2}, {6, 7}, {4, 5}, {1, 3}], [{8, 2}, {7}, {1, 6}, {3, 5}, {4}], [{8, 2}, {7}, {3, 6}, {5}, {1, 4}], [{8, 2}, {7}, {4, 6}, {5}, {1, 3}], [{8, 3}, {1, 7}, {2, 6}, {4, 5}], [{8, 3}, {1, 7}, {4, 6}, {2, 5}], [{8, 3}, {1, 7}, {5, 6}, {2, 4}], [{8, 3}, {2, 7}, {1, 6}, {4, 5}], [{8, 3}, {2, 7}, {4, 6}, {1, 5}], [{8, 3}, {2, 7}, {4, 6}, {5}, {1}], [{8, 3}, {2, 7}, {5, 6}, {1, 4}], [{8, 3}, {2, 7}, {5, 6}, {4}, {1}], [{8, 3}, {2, 7}, {6}, {4, 5}, {1}], [{8, 3}, {4, 7}, {1, 6}, {2, 5}], [{8, 3}, {4, 7}, {2, 6}, {1, 5}], [{8, 3}, {4, 7}, {2, 6}, {5}, {1}], [{8, 3}, {4, 7}, {5, 6}, {1, 2}], [{8, 3}, {4, 7}, {5, 6}, {2}, {1}], [{8, 3}, {4, 7}, {6}, {2, 5}, {1}], [{8, 3}, {5, 7}, {1, 6}, {2, 4}], [{8, 3}, {5, 7}, {2, 6}, {1, 4}], [{8, 3}, {5, 7}, {2, 6}, {4}, {1}], [{8, 3}, {5, 7}, {4, 6}, {1, 2}], [{8, 3}, {5, 7}, {4, 6}, {2}, {1}], [{8, 3}, {5, 7}, {6}, {2, 4}, {1}], [{8, 3}, {6, 7}, {1, 5}, {2, 4}], [{8, 3}, {6, 7}, {1, 5}, {4}, {2}], [{8, 3}, {6, 7}, {2, 5}, {1, 4}], [{8, 3}, {6, 7}, {2, 5}, {4}, {1}], [{8, 3}, {6, 7}, {4, 5}, {1, 2}], [{8, 3}, {6, 7}, {4, 5}, {2}, {1}], [{8, 3}, {6, 7}, {5}, {1, 4}, {2}], [{8, 3}, {6, 7}, {5}, {2, 4}, {1}], [{8, 3}, {6, 7}, {5}, {4}, {1, 2}], [{8, 3}, {6, 7}, {5}, {4}, {2}, {1}], [{8, 3}, {7}, {2, 6}, {4, 5}, {1}], [{8, 3}, {7}, {4, 6}, {2, 5}, {1}], [{8, 3}, {7}, {5, 6}, {2, 4}, {1}], [{8, 4}, {1, 7}, {2, 6}, {3, 5}], [{8, 4}, {1, 7}, {3, 6}, {2, 5}], [{8, 4}, {1, 7}, {5, 6}, {2, 3}], [{8, 4}, {2, 7}, {1, 6}, {3, 5}], [{8, 4}, {2, 7}, {1, 6}, {5}, {3}], [{8, 4}, {2, 7}, {3, 6}, {1, 5}], [{8, 4}, {2, 7}, {5, 6}, {1, 3}], [{8, 4}, {2, 7}, {5, 6}, {3}, {1}], [{8, 4}, {2, 7}, {6}, {1, 5}, {3}], [{8, 4}, {3, 7}, {1, 6}, {2, 5}], [{8, 4}, {3, 7}, {2, 6}, {1, 5}], [{8, 4}, {3, 7}, {5, 6}, {1, 2}], [{8, 4}, {5, 7}, {1, 6}, {2, 3}], [{8, 4}, {5, 7}, {2, 6}, {1, 3}], [{8, 4}, {5, 7}, {3, 6}, {1, 2}], [{8, 4}, {5, 7}, {6}, {1, 3}, {2}], [{8, 4}, {6, 7}, {1, 5}, {2, 3}], [{8, 4}, {6, 7}, {2, 5}, {1, 3}], [{8, 4}, {6, 7}, {3, 5}, {1, 2}], [{8, 4}, {7}, {3, 6}, {1, 5}, {2}], [{8, 5}, {1, 7}, {2, 6}, {3, 4}], [{8, 5}, {1, 7}, {3, 6}, {2, 4}], [{8, 5}, {1, 7}, {4, 6}, {2, 3}], [{8, 5}, {2, 7}, {1, 6}, {3, 4}], [{8, 5}, {2, 7}, {3, 6}, {1, 4}], [{8, 5}, {2, 7}, {4, 6}, {1, 3}], [{8, 5}, {2, 7}, {6}, {3, 4}, {1}], [{8, 5}, {3, 7}, {1, 6}, {2, 4}], [{8, 5}, {3, 7}, {2, 6}, {1, 4}], [{8, 5}, {3, 7}, {2, 6}, {4}, {1}], [{8, 5}, {3, 7}, {4, 6}, {1, 2}], [{8, 5}, {4, 7}, {1, 6}, {2, 3}], [{8, 5}, {4, 7}, {2, 6}, {1, 3}], [{8, 5}, {4, 7}, {3, 6}, {1, 2}], [{8, 5}, {6, 7}, {1, 4}, {2, 3}], [{8, 5}, {6, 7}, {2, 4}, {1, 3}], [{8, 5}, {6, 7}, {3, 4}, {1, 2}], [{8, 5}, {6, 7}, {4}, {3}, {1, 2}], [{8, 5}, {7}, {1, 6}, {3, 4}, {2}], [{8, 5}, {7}, {4, 6}, {1, 3}, {2}], [{8, 6}, {1, 7}, {2, 5}, {3, 4}], [{8, 6}, {1, 7}, {3, 5}, {2, 4}], [{8, 6}, {1, 7}, {4, 5}, {2, 3}], [{8, 6}, {2, 7}, {1, 5}, {3, 4}], [{8, 6}, {2, 7}, {3, 5}, {1, 4}], [{8, 6}, {2, 7}, {4, 5}, {1, 3}], [{8, 6}, {2, 7}, {5}, {3, 4}, {1}], [{8, 6}, {3, 7}, {1, 5}, {2, 4}], [{8, 6}, {3, 7}, {2, 5}, {1, 4}], [{8, 6}, {3, 7}, {4, 5}, {1, 2}], [{8, 6}, {4, 7}, {1, 5}, {2, 3}], [{8, 6}, {4, 7}, {2, 5}, {1, 3}], [{8, 6}, {4, 7}, {3, 5}, {1, 2}], [{8, 6}, {4, 7}, {3, 5}, {2}, {1}], [{8, 6}, {5, 7}, {1, 4}, {2, 3}], [{8, 6}, {5, 7}, {2, 4}, {1, 3}], [{8, 6}, {5, 7}, {3, 4}, {1, 2}], [{8, 6}, {5, 7}, {4}, {1, 3}, {2}], [{8, 6}, {7}, {1, 5}, {2, 4}, {3}], [{8, 6}, {7}, {1, 5}, {3, 4}, {2}], [{8, 6}, {7}, {1, 5}, {4}, {2, 3}], [{8, 7}, {1, 6}, {2, 5}, {3, 4}], [{8, 7}, {1, 6}, {3, 5}, {2, 4}], [{8, 7}, {1, 6}, {4, 5}, {2, 3}], [{8, 7}, {1, 6}, {5}, {2, 4}, {3}], [{8, 7}, {2, 6}, {1, 5}, {3, 4}], [{8, 7}, {2, 6}, {3, 5}, {1, 4}], [{8, 7}, {2, 6}, {4, 5}, {1, 3}], [{8, 7}, {3, 6}, {1, 5}, {2, 4}], [{8, 7}, {3, 6}, {2, 5}, {1, 4}], [{8, 7}, {3, 6}, {4, 5}, {1, 2}], [{8, 7}, {3, 6}, {4, 5}, {2}, {1}], [{8, 7}, {4, 6}, {1, 5}, {2, 3}], [{8, 7}, {4, 6}, {2, 5}, {1, 3}], [{8, 7}, {4, 6}, {3, 5}, {1, 2}], [{8, 7}, {4, 6}, {5}, {1, 3}, {2}], [{8, 7}, {5, 6}, {1, 4}, {2, 3}], [{8, 7}, {5, 6}, {2, 4}, {1, 3}], [{8, 7}, {5, 6}, {3, 4}, {1, 2}], [{8, 7}, {5, 6}, {4}, {3}, {1, 2}], [{8}, {2, 7}, {4, 6}, {5}, {1, 3}], [{8}, {2, 7}, {5, 6}, {1, 4}, {3}], [{8}, {2, 7}, {5, 6}, {3, 4}, {1}], [{8}, {2, 7}, {5, 6}, {4}, {1, 3}], [{8}, {2, 7}, {5, 6}, {4}, {3}, {1}], [{8}, {2, 7}, {6}, {4, 5}, {1, 3}], [{8}, {3, 7}, {2, 6}, {1, 5}, {4}], [{8}, {3, 7}, {6}, {4, 5}, {1, 2}], [{8}, {4, 7}, {2, 6}, {5}, {1, 3}], [{8}, {4, 7}, {5, 6}, {1, 3}, {2}], [{8}, {4, 7}, {6}, {2, 5}, {1, 3}], [{8}, {5, 7}, {2, 6}, {4}, {1, 3}], [{8}, {5, 7}, {4, 6}, {1, 3}, {2}], [{8}, {5, 7}, {6}, {2, 4}, {1, 3}], [{8}, {5, 7}, {6}, {4}, {1, 3}, {2}], [{8}, {6, 7}, {2, 5}, {4}, {1, 3}], [{8}, {6, 7}, {3, 5}, {4}, {1, 2}], [{8}, {6, 7}, {4, 5}, {1, 3}, {2}], [{8}, {6, 7}, {5}, {2, 4}, {1, 3}], [{8}, {7}, {2, 6}, {4, 5}, {1, 3}], [{8}, {7}, {4, 6}, {2, 5}, {1, 3}], [{8}, {7}, {4, 6}, {5}, {1, 3}, {2}], [{8}, {7}, {5, 6}, {2, 4}, {1, 3}]]",2,- 10 K_1^2 - 14 K_1 K_2 - 4 K_1 K_3 + 7 K_1 + 7 K_2 + 7 K_3 + 2 K_4 + 6,O1O2O3O4U5U6O7U3O5O8U4U7U1U8O6U2,O1O2O3O4U1U5O6U3O7O5U4U6U8U2O8U7,O1O2O3O4U5O6U3U6U7U1O8O5U2O7U8U4,c,{'O1O2O3O4U3O5U6U4U7U1O6O8U2O7U5U8'},1,"<a href=""/flatknot/8.733822"">8.733822</a>",t^9-42t^7-76t^6+160t^5+258t^4-128t^3+10t^2-44t+10,t^3-t^2-t,,
8.733823,O1O2O3O4U3O5U6U4U7U1O6O8U2O7U8U5,3,21z^2+74z+65,-8w^4z^2+29w^3z^2-18w^3z+92w^2z+65w,False,False,"[[ 0  0  0 -1  1  3 -3  0  0],[ 0  0  0 -1  1  1 -1  0  0],[ 0  0  0 -1  2  2 -1  1  0],[ 1  1  1  0  1  1  0  1  0],[-1 -1 -2 -1  0  0 -1  0  0],[-3 -1 -2 -1  0  0 -4 -1 -1],[ 3  1  1  0  1  4  0  2  1],[ 0  0 -1 -1  0  1 -2  0  0],[ 0  0  0  0  0  1 -1  0  0]]","[[ 0  3  1  0  0  0  0 -1 -3],[-3  0  0 -1 -1 -1 -2 -1 -4],[-1  0  0  0  0 -1 -2 -1 -1],[ 0  1  0  0  0  0  0  0 -1],[ 0  1  0  0  0  0 -1 -1 -2],[ 0  1  1  0  0  0  0 -1 -1],[ 0  2  2  0  1  0  0 -1 -1],[ 1  1  1  0  1  1  1  0  0],[ 3  4  1  1  2  1  1  0  0]]",True,"[-3,-1,0,0,0,0,1,3,0,1,1,1,2,1,4,0,0,1,2,1,1,0,0,0,0,1,0,1,1,2,0,1,1,1,1,0]","[-3,-1,0,0,0,0,1,3,0,1,1,1,2,1,4,0,0,1,2,1,1,0,0,0,0,1,0,1,1,2,0,1,1,1,1,0]",t^8+42t^6+135t^4+53t^2,"[-3,-1,0,0,0,0,1,3,2,1,2,2,2,3,2,0,0,0,1,1,3,0,1,0,1,2,0,0,0,2,0,-1,1,1,2,2]","[-3,-1,0,0,0,0,1,3,2,1,2,2,2,3,2,-1,0,1,1,1,3,0,0,1,0,2,0,0,0,2,0,1,2,0,1,2]","[-3,-1,0,0,0,0,1,3,0,1,1,1,2,1,4,0,1,1,1,1,1,0,0,0,0,1,0,0,1,1,1,2,2,0,1,0]",c,"[[{8, 1}, {2, 7}, {5, 6}, {3, 4}], [{8}, {2, 7}, {5, 6}, {3, 4}, {1}]]",0,1,O1O2O3O4U5U6O7U3O6O8U4U7U1U8O5U2,O1O2O3O4U1U5O6U3O5O7U4U6U8U2O8U7,O1O2O3O4U5O6U3U6U7U1O5O8U2O7U8U4,c,{'O1O2O3O4U3O5U6U4U7U1O6O8U2O7U8U5'},1,"<a href=""/flatknot/8.733823"">8.733823</a>",t^9-42t^7-78t^6+123t^5+222t^4+103t^3+20t^2-12t,0,,
8.733824,O1O2O3O4U3O5U6U4U7U1O6O8U5O7U8U2,4,12z^2+89z+131,12w^3z^2+89w^2z+131w,False,False,"[[ 0  0  1 -1  1  2 -3  0  0],[ 0  0  0 -1  1  1 -1  0  0],[-1  0  0 -1  1  1 -3  0  0],[ 1  1  1  0  1  1  0  1  0],[-1 -1 -1 -1  0  0 -1 -1  1],[-2 -1 -1 -1  0  0 -2 -1  0],[ 3  1  3  0  1  2  0  2  1],[ 0  0  0 -1  1  1 -2  0  0],[ 0  0  0  0 -1  0 -1  0  0]]","[[ 0  2  1  1  0  0  0 -1 -3],[-2  0  0 -1  0 -1 -1 -1 -2],[-1  0  0 -1  1 -1 -1 -1 -1],[-1  1  1  0  0  0  0 -1 -3],[ 0  0 -1  0  0  0  0  0 -1],[ 0  1  1  0  0  0  0 -1 -1],[ 0  1  1  0  0  0  0 -1 -2],[ 1  1  1  1  0  1  1  0  0],[ 3  2  1  3  1  1  2  0  0]]",True,"[-2,-1,-1,0,0,0,1,3,0,1,0,1,1,1,2,1,-1,1,1,1,1,0,0,0,1,3,0,0,0,1,0,1,1,1,2,0]","[-3,-1,0,0,0,1,1,2,0,1,1,2,1,3,2,0,1,1,1,1,1,0,0,-1,0,0,0,1,0,1,1,0,1,-1,0,1]",t^8+32t^6+77t^4+14t^2,"[-3,-1,0,0,0,1,1,2,2,1,2,2,1,3,3,0,0,1,1,1,2,0,0,1,0,1,0,1,0,1,1,2,2,-1,0,1]","[-2,-1,-1,0,0,0,1,3,0,1,1,1,2,2,3,1,1,1,1,1,1,0,0,2,1,3,0,0,0,1,0,0,2,1,2,2]","[-3,-1,0,0,0,1,1,2,0,1,1,2,1,3,2,0,1,1,1,1,1,0,0,-1,0,0,0,1,0,1,1,0,1,-1,0,1]",c,"[[{8, 3}, {2, 7}, {4, 6}, {1, 5}]]",1,- 14 K_1^2 - 14 K_1 K_2 + 7 K_1 + 7 K_2 + 7 K_3 + 8,O1O2O3O4U3U5O6U7O5O8U4U6U1U8O7U2,O1O2O3O4U1U5O6U3O5O7U4U7U8U2O8U6,O1O2O3O4U5O6U3U6U7U1O7O8U2O5U8U4,c,{'O1O2O3O4U3O5U6U4U7U1O6O8U5O7U8U2'},1,"<a href=""/flatknot/8.733824"">8.733824</a>",t^9-36t^7-44t^6+52t^5+58t^4-12t^2-9t-2,t^3-t^2-t,,
8.733825,O1O2O3O4U3O5U6U4U7U2O6O8U1O7U8U5,4,2z^3+30z^2+109z+115,2w^4z^3+30w^3z^2+109w^2z+115w,False,False,"[[ 0 -1  1 -1  1  3 -3  0  0],[ 1  0  1 -1  2  3 -1  1  0],[-1 -1  0 -1  1  0 -2  0 -1],[ 1  1  1  0  1  1  0  1  0],[-1 -2 -1 -1  0  0 -1  0  0],[-3 -3  0 -1  0  0 -4 -1 -1],[ 3  1  2  0  1  4  0  2  1],[ 0 -1  0 -1  0  1 -2  0  0],[ 0  0  1  0  0  1 -1  0  0]]","[[ 0  3  1  1  0  0 -1 -1 -3],[-3  0  0  0 -1 -1 -1 -3 -4],[-1  0  0  1  0 -1 -1 -1 -2],[-1  0 -1  0  0  0 -1 -2 -1],[ 0  1  0  0  0  0 -1 -1 -2],[ 0  1  1  0  0  0  0  0 -1],[ 1  1  1  1  1  0  0  1  0],[ 1  3  1  2  1  0 -1  0 -1],[ 3  4  2  1  2  1  0  1  0]]",True,"[-3,-1,-1,0,0,1,1,3,0,0,1,1,1,3,4,-1,0,1,1,1,2,0,0,1,2,1,0,1,1,2,0,0,1,-1,0,1]","[-3,-1,-1,0,0,1,1,3,0,0,1,1,1,3,4,-1,0,1,1,1,2,0,0,1,2,1,0,1,1,2,0,0,1,-1,0,1]",t^8+51t^6+175t^4+63t^2+1,"[-3,-1,-1,0,0,1,1,3,1,2,1,2,2,3,2,1,0,1,1,0,1,0,1,1,1,3,0,1,1,2,0,1,2,-1,2,2]","[-3,-1,-1,0,0,1,1,3,2,2,2,2,1,3,2,-1,1,1,0,1,3,0,1,1,1,2,0,1,1,2,0,0,1,-1,1,2]","[-3,-1,-1,0,0,1,1,3,0,1,1,2,1,2,4,1,0,1,1,1,1,0,1,2,1,3,0,0,1,1,0,0,1,-1,0,0]",c,"[[{8, 1}, {2, 7}, {3, 6}, {4, 5}], [{8, 1}, {2, 7}, {4, 6}, {3, 5}], [{8, 1}, {2, 7}, {5, 6}, {3, 4}], [{8, 1}, {2, 7}, {5, 6}, {4}, {3}], [{8, 1}, {3, 7}, {2, 6}, {4, 5}], [{8, 1}, {3, 7}, {4, 6}, {2, 5}], [{8, 1}, {3, 7}, {5, 6}, {2, 4}], [{8, 1}, {4, 7}, {2, 6}, {3, 5}], [{8, 1}, {4, 7}, {3, 6}, {2, 5}], [{8, 1}, {4, 7}, {5, 6}, {2, 3}], [{8, 1}, {5, 7}, {2, 6}, {3, 4}], [{8, 1}, {5, 7}, {3, 6}, {2, 4}], [{8, 1}, {5, 7}, {4, 6}, {2, 3}], [{8, 1}, {6, 7}, {2, 5}, {3, 4}], [{8, 1}, {6, 7}, {3, 5}, {2, 4}], [{8, 1}, {6, 7}, {4, 5}, {2, 3}], [{8, 1}, {7}, {3, 6}, {4, 5}, {2}], [{8, 1}, {7}, {4, 6}, {5}, {2, 3}], [{8, 2}, {1, 7}, {3, 6}, {4, 5}], [{8, 2}, {1, 7}, {3, 6}, {5}, {4}], [{8, 2}, {1, 7}, {4, 6}, {3, 5}], [{8, 2}, {1, 7}, {5, 6}, {3, 4}], [{8, 2}, {3, 7}, {1, 6}, {4, 5}], [{8, 2}, {3, 7}, {4, 6}, {1, 5}], [{8, 2}, {3, 7}, {5, 6}, {1, 4}], [{8, 2}, {4, 7}, {1, 6}, {3, 5}], [{8, 2}, {4, 7}, {3, 6}, {1, 5}], [{8, 2}, {4, 7}, {5, 6}, {1, 3}], [{8, 2}, {5, 7}, {1, 6}, {3, 4}], [{8, 2}, {5, 7}, {1, 6}, {4}, {3}], [{8, 2}, {5, 7}, {3, 6}, {1, 4}], [{8, 2}, {5, 7}, {3, 6}, {4}, {1}], [{8, 2}, {5, 7}, {4, 6}, {1, 3}], [{8, 2}, {5, 7}, {4, 6}, {3}, {1}], [{8, 2}, {5, 7}, {6}, {1, 4}, {3}], [{8, 2}, {5, 7}, {6}, {3, 4}, {1}], [{8, 2}, {5, 7}, {6}, {4}, {1, 3}], [{8, 2}, {5, 7}, {6}, {4}, {3}, {1}], [{8, 2}, {6, 7}, {1, 5}, {3, 4}], [{8, 2}, {6, 7}, {3, 5}, {1, 4}], [{8, 2}, {6, 7}, {4, 5}, {1, 3}], [{8, 2}, {7}, {3, 6}, {1, 5}, {4}], [{8, 3}, {1, 7}, {2, 6}, {4, 5}], [{8, 3}, {1, 7}, {2, 6}, {5}, {4}], [{8, 3}, {1, 7}, {4, 6}, {2, 5}], [{8, 3}, {1, 7}, {4, 6}, {5}, {2}], [{8, 3}, {1, 7}, {5, 6}, {2, 4}], [{8, 3}, {1, 7}, {6}, {5}, {2, 4}], [{8, 3}, {2, 7}, {1, 6}, {4, 5}], [{8, 3}, {2, 7}, {4, 6}, {1, 5}], [{8, 3}, {2, 7}, {5, 6}, {1, 4}], [{8, 3}, {4, 7}, {1, 6}, {2, 5}], [{8, 3}, {4, 7}, {2, 6}, {1, 5}], [{8, 3}, {4, 7}, {5, 6}, {1, 2}], [{8, 3}, {5, 7}, {1, 6}, {2, 4}], [{8, 3}, {5, 7}, {2, 6}, {1, 4}], [{8, 3}, {5, 7}, {4, 6}, {1, 2}], [{8, 3}, {6, 7}, {1, 5}, {2, 4}], [{8, 3}, {6, 7}, {1, 5}, {4}, {2}], [{8, 3}, {6, 7}, {2, 5}, {1, 4}], [{8, 3}, {6, 7}, {4, 5}, {1, 2}], [{8, 3}, {7}, {5, 6}, {4}, {1, 2}], [{8, 4}, {1, 7}, {2, 6}, {3, 5}], [{8, 4}, {1, 7}, {3, 6}, {2, 5}], [{8, 4}, {1, 7}, {3, 6}, {5}, {2}], [{8, 4}, {1, 7}, {5, 6}, {2, 3}], [{8, 4}, {2, 7}, {1, 6}, {3, 5}], [{8, 4}, {2, 7}, {3, 6}, {1, 5}], [{8, 4}, {2, 7}, {5, 6}, {1, 3}], [{8, 4}, {2, 7}, {6}, {1, 5}, {3}], [{8, 4}, {3, 7}, {1, 6}, {2, 5}], [{8, 4}, {3, 7}, {2, 6}, {1, 5}], [{8, 4}, {3, 7}, {5, 6}, {1, 2}], [{8, 4}, {3, 7}, {6}, {1, 5}, {2}], [{8, 4}, {5, 7}, {1, 6}, {2, 3}], [{8, 4}, {5, 7}, {2, 6}, {1, 3}], [{8, 4}, {5, 7}, {3, 6}, {1, 2}], [{8, 4}, {5, 7}, {3, 6}, {2}, {1}], [{8, 4}, {6, 7}, {1, 5}, {2, 3}], [{8, 4}, {6, 7}, {1, 5}, {3}, {2}], [{8, 4}, {6, 7}, {2, 5}, {1, 3}], [{8, 4}, {6, 7}, {3, 5}, {1, 2}], [{8, 4}, {7}, {1, 6}, {2, 5}, {3}], [{8, 4}, {7}, {2, 6}, {1, 5}, {3}], [{8, 4}, {7}, {3, 6}, {1, 5}, {2}], [{8, 4}, {7}, {5, 6}, {3}, {1, 2}], [{8, 4}, {7}, {6}, {1, 5}, {2, 3}], [{8, 4}, {7}, {6}, {1, 5}, {3}, {2}], [{8, 5}, {1, 7}, {2, 6}, {3, 4}], [{8, 5}, {1, 7}, {2, 6}, {4}, {3}], [{8, 5}, {1, 7}, {3, 6}, {2, 4}], [{8, 5}, {1, 7}, {4, 6}, {2, 3}], [{8, 5}, {1, 7}, {4, 6}, {3}, {2}], [{8, 5}, {1, 7}, {6}, {2, 4}, {3}], [{8, 5}, {2, 7}, {1, 6}, {3, 4}], [{8, 5}, {2, 7}, {3, 6}, {1, 4}], [{8, 5}, {2, 7}, {4, 6}, {1, 3}], [{8, 5}, {3, 7}, {1, 6}, {2, 4}], [{8, 5}, {3, 7}, {2, 6}, {1, 4}], [{8, 5}, {3, 7}, {4, 6}, {1, 2}], [{8, 5}, {4, 7}, {1, 6}, {2, 3}], [{8, 5}, {4, 7}, {2, 6}, {1, 3}], [{8, 5}, {4, 7}, {3, 6}, {1, 2}], [{8, 5}, {6, 7}, {1, 4}, {2, 3}], [{8, 5}, {6, 7}, {2, 4}, {1, 3}], [{8, 5}, {6, 7}, {3, 4}, {1, 2}], [{8, 5}, {7}, {2, 6}, {3, 4}, {1}], [{8, 6}, {1, 7}, {2, 5}, {3, 4}], [{8, 6}, {1, 7}, {3, 5}, {2, 4}], [{8, 6}, {1, 7}, {4, 5}, {2, 3}], [{8, 6}, {1, 7}, {5}, {2, 4}, {3}], [{8, 6}, {2, 7}, {1, 5}, {3, 4}], [{8, 6}, {2, 7}, {3, 5}, {1, 4}], [{8, 6}, {2, 7}, {4, 5}, {1, 3}], [{8, 6}, {3, 7}, {1, 5}, {2, 4}], [{8, 6}, {3, 7}, {1, 5}, {4}, {2}], [{8, 6}, {3, 7}, {2, 5}, {1, 4}], [{8, 6}, {3, 7}, {4, 5}, {1, 2}], [{8, 6}, {4, 7}, {1, 5}, {2, 3}], [{8, 6}, {4, 7}, {2, 5}, {1, 3}], [{8, 6}, {4, 7}, {3, 5}, {1, 2}], [{8, 6}, {5, 7}, {1, 4}, {2, 3}], [{8, 6}, {5, 7}, {2, 4}, {1, 3}], [{8, 6}, {5, 7}, {3, 4}, {1, 2}], [{8, 7}, {1, 6}, {2, 5}, {3, 4}], [{8, 7}, {1, 6}, {2, 5}, {4}, {3}], [{8, 7}, {1, 6}, {3, 5}, {2, 4}], [{8, 7}, {1, 6}, {4, 5}, {2, 3}], [{8, 7}, {2, 6}, {1, 5}, {3, 4}], [{8, 7}, {2, 6}, {3, 5}, {1, 4}], [{8, 7}, {2, 6}, {4, 5}, {1, 3}], [{8, 7}, {2, 6}, {5}, {4}, {1, 3}], [{8, 7}, {3, 6}, {1, 5}, {2, 4}], [{8, 7}, {3, 6}, {2, 5}, {1, 4}], [{8, 7}, {3, 6}, {4, 5}, {1, 2}], [{8, 7}, {4, 6}, {1, 5}, {2, 3}], [{8, 7}, {4, 6}, {2, 5}, {1, 3}], [{8, 7}, {4, 6}, {3, 5}, {1, 2}], [{8, 7}, {5, 6}, {1, 4}, {2, 3}], [{8, 7}, {5, 6}, {2, 4}, {1, 3}], [{8, 7}, {5, 6}, {3, 4}, {1, 2}], [{8, 7}, {6}, {2, 5}, {3, 4}, {1}], [{8}, {1, 7}, {2, 6}, {3, 5}, {4}], [{8}, {1, 7}, {3, 6}, {5}, {2, 4}], [{8}, {1, 7}, {4, 6}, {3, 5}, {2}], [{8}, {1, 7}, {5, 6}, {2, 4}, {3}], [{8}, {1, 7}, {5, 6}, {3, 4}, {2}], [{8}, {1, 7}, {5, 6}, {4}, {2, 3}], [{8}, {1, 7}, {6}, {3, 5}, {2, 4}], [{8}, {1, 7}, {6}, {5}, {2, 4}, {3}], [{8}, {2, 7}, {3, 6}, {5}, {1, 4}], [{8}, {2, 7}, {5, 6}, {3, 4}, {1}], [{8}, {3, 7}, {2, 6}, {5}, {1, 4}], [{8}, {3, 7}, {4, 6}, {1, 5}, {2}], [{8}, {4, 7}, {1, 6}, {2, 5}, {3}], [{8}, {4, 7}, {5, 6}, {2, 3}, {1}], [{8}, {5, 7}, {3, 6}, {2, 4}, {1}], [{8}, {6, 7}, {1, 5}, {3, 4}, {2}], [{8}, {6, 7}, {3, 5}, {2, 4}, {1}], [{8}, {7}, {1, 6}, {3, 5}, {2, 4}], [{8}, {7}, {2, 6}, {4, 5}, {1, 3}], [{8}, {7}, {3, 6}, {1, 5}, {2, 4}], [{8}, {7}, {5, 6}, {1, 4}, {2, 3}], [{8}, {7}, {5, 6}, {3, 4}, {1, 2}]]",2,8 K_1^3 + 4 K_1^2 K_2 - 26 K_1^2 - 16 K_1 K_2 - 2 K_1 K_3 + 2 K_1 - 2 K_2^2 + 12 K_2 + 6 K_3 + K_4 + 14,O1O2O3O4U5U6O7U4O6O8U3U7U1U8O5U2,O1O2O3O4U1U5O6U3O5O7U6U4U8U2O8U7,O1O2O3O4U5O6U3U6U1U7O5O8U2O7U8U4,c,{'O1O2O3O4U3O5U6U4U7U2O6O8U1O7U8U5'},1,"<a href=""/flatknot/8.733825"">8.733825</a>",t^9-51t^7-102t^6+117t^5+264t^4+44t^3-22t^2-85t-92,0,,
8.733826,O1O2O3O4U3O5U6U4U7U2O6O8U5O7U1U8,4,2z^3+26z^2+105z+123,2w^4z^3+26w^3z^2+105w^2z+123w,False,False,"[[ 0 -1  1 -1  1  2 -3  0  1],[ 1  0  1 -1  1  3 -2  0  1],[-1 -1  0 -1  1  1 -2 -1  0],[ 1  1  1  0  1  1  0  1  0],[-1 -1 -1 -1  0  0 -1 -1  1],[-2 -3 -1 -1  0  0 -2 -1  0],[ 3  2  2  0  1  2  0  2  2],[ 0  0  1 -1  1  1 -2  0  1],[-1 -1  0  0 -1  0 -2 -1  0]]","[[ 0  2  1  1  1  0 -1 -1 -3],[-2  0  0  0 -1 -1 -1 -3 -2],[-1  0  0  1 -1 -1 -1 -1 -1],[-1  0 -1  0  0 -1  0 -1 -2],[-1  1  1  0  0 -1 -1 -1 -2],[ 0  1  1  1  1  0 -1  0 -2],[ 1  1  1  0  1  1  0  1  0],[ 1  3  1  1  1  0 -1  0 -2],[ 3  2  1  2  2  2  0  2  0]]",True,"[-2,-1,-1,-1,0,1,1,3,0,0,1,1,1,3,2,-1,1,1,1,1,1,0,1,0,1,2,1,1,1,2,1,0,2,-1,0,2]","[-3,-1,-1,0,1,1,1,2,0,2,1,2,2,3,3,1,1,1,1,1,0,0,1,2,1,2,0,0,0,1,0,-1,0,1,1,1]",t^8+45t^6+166t^4+142t^2+4,"[-3,-1,-1,0,1,1,1,2,0,2,1,2,2,3,3,1,1,1,1,1,0,0,1,2,1,2,0,0,0,1,0,-1,0,1,1,1]","[-2,-1,-1,-1,0,1,1,3,0,1,1,1,0,2,3,0,1,0,1,1,2,-1,0,1,2,2,0,1,1,3,1,0,1,-1,0,2]","[-3,-1,-1,0,1,1,1,2,0,2,2,1,2,2,2,1,1,1,0,1,1,0,1,1,1,3,1,1,1,1,1,-1,0,0,0,1]",c,"[[{8, 3}, {5, 7}, {1, 6}, {2, 4}]]",1,8 K_1^3 + 4 K_1^2 K_2 - 20 K_1^2 - 26 K_1 K_2 - 2 K_1 K_3 + 7 K_1 - 6 K_2^2 + 9 K_2 + 11 K_3 + 3 K_4 + 13,O1O2O3O4U5U4O6U7O5O8U3U6U1U8O7U2,O1O2O3O4U1U5O6U3O7O5U7U4U8U2O8U6,O1O2O3O4U5O6U3U6U1U7O8O7U2O5U8U4,c,{'O1O2O3O4U3O5U6U4U7U2O6O8U5O7U1U8'},1,"<a href=""/flatknot/8.733826"">8.733826</a>",t^9-49t^7-130t^6+103t^5+364t^4-64t^3-200t^2-27t-2,t^3-t^2-t,,
8.733827,O1O2O3O4U3O5U6U4U7U8O6O8U1O7U2U5,2,32z+65,-6w^3z+38w^2z+65w,False,False,"[[ 0 -1  0 -1  1  3 -3  0  1],[ 1  0  0 -1  2  2 -1  2  2],[ 0  0  0 -1  2  2 -3  1  1],[ 1  1  1  0  1  1  0  1  1],[-1 -2 -2 -1  0  0 -1  0  0],[-3 -2 -2 -1  0  0 -5 -2 -2],[ 3  1  3  0  1  5  0  1  3],[ 0 -2 -1 -1  0  2 -1  0  1],[-1 -2 -1 -1  0  2 -3 -1  0]]","[[ 0  3  1  0  0 -1 -3],[-3  0  0 -2 -2 -2 -5],[-1  0  0  0 -2 -2 -1],[ 0  2  0  0 -1 -2 -1],[ 0  2  2  1  0  0 -3],[ 1  2  2  2  0  0 -1],[ 3  5  1  1  3  1  0]]",False,"[-3,-1,0,0,1,3,0,2,2,2,5,0,2,2,1,1,2,1,0,3,1]","[-3,-1,0,0,1,3,0,2,2,2,5,0,2,2,1,1,2,1,0,3,1]",t^6+62t^4+411t^2,"[-3,-1,0,0,1,3,1,0,2,3,1,1,-1,0,2,-1,-1,1,1,1,2]","[-3,-1,0,0,1,3,2,1,1,2,1,-1,1,0,3,1,1,0,-1,2,1]","[-3,-1,0,0,1,3,1,1,3,1,5,2,0,2,2,-1,0,2,2,2,0]",c,"[[{8, 1}, {2, 7}, {5, 6}, {3, 4}], [{8, 3}, {2, 7}, {5, 6}, {1, 4}]]",0,4 K_1^3 + 4 K_1^2 K_2 - 24 K_1^2 - 16 K_1 K_2 - 4 K_1 K_3 + 5 K_1 + 12 K_2 + 7 K_3 + K_4 + 12,O1O2O3O4U5U3O6U4O7O8U7U6U1U8O5U2,O1O2O3O4U1U4O5U3O6O7U5U6U8U2O8U7,O1O2O3O4U5O6U3U6U7U8O5O7U2O8U1U4,c,{'O1O2O3O4U3O5U6U4U7U8O6O8U1O7U2U5'},1,"<a href=""/flatknot/8.733827"">8.733827</a>",t^7-62t^5-156t^4+201t^3+344t^2-312t,0,,
8.733828,O1O2O3O4U3O5U6U4U7U8O6O8U1O7U5U2,4,21z^2+106z+129,21w^3z^2+106w^2z+129w,False,False,"[[ 0 -1  1 -1  1  2 -3  0  1],[ 1  0  1 -1  2  1 -1  2  2],[-1 -1  0 -1  1  1 -4  0  0],[ 1  1  1  0  1  1  0  1  1],[-1 -2 -1 -1  0  0 -1  0  0],[-2 -1 -1 -1  0  0 -4 -1 -1],[ 3  1  4  0  1  4  0  1  3],[ 0 -2  0 -1  0  1 -1  0  1],[-1 -2  0 -1  0  1 -3 -1  0]]","[[ 0  2  1  1  0 -1 -3],[-2  0  0 -1 -1 -1 -4],[-1  0  0 -1  0 -2 -1],[-1  1  1  0  0 -1 -4],[ 0  1  0  0  0 -2 -1],[ 1  1  2  1  2  0 -1],[ 3  4  1  4  1  1  0]]",False,"[-2,-1,-1,0,1,3,0,1,1,1,4,1,0,2,1,0,1,4,2,1,1]","[-3,-1,0,1,1,2,1,1,1,4,4,2,2,1,1,0,0,1,-1,0,1]",t^6+48t^4+230t^2+1,"[-3,-1,0,1,1,2,1,2,0,3,1,-1,1,0,2,1,1,1,-1,0,1]","[-2,-1,-1,0,1,3,0,1,1,2,1,1,1,1,0,1,0,3,-1,2,1]","[-3,-1,0,1,1,2,1,1,1,4,4,2,2,1,1,0,0,1,-1,0,1]",c,"[[{8, 1}, {2, 7}, {3, 6}, {4, 5}], [{8, 1}, {2, 7}, {4, 6}, {3, 5}], [{8, 1}, {2, 7}, {4, 6}, {5}, {3}], [{8, 1}, {2, 7}, {5, 6}, {3, 4}], [{8, 1}, {2, 7}, {5, 6}, {4}, {3}], [{8, 1}, {2, 7}, {6}, {4, 5}, {3}], [{8, 1}, {3, 7}, {2, 6}, {4, 5}], [{8, 1}, {3, 7}, {4, 6}, {2, 5}], [{8, 1}, {3, 7}, {4, 6}, {5}, {2}], [{8, 1}, {3, 7}, {5, 6}, {2, 4}], [{8, 1}, {3, 7}, {5, 6}, {4}, {2}], [{8, 1}, {3, 7}, {6}, {4, 5}, {2}], [{8, 1}, {4, 7}, {2, 6}, {3, 5}], [{8, 1}, {4, 7}, {3, 6}, {2, 5}], [{8, 1}, {4, 7}, {5, 6}, {2, 3}], [{8, 1}, {5, 7}, {2, 6}, {3, 4}], [{8, 1}, {5, 7}, {3, 6}, {2, 4}], [{8, 1}, {5, 7}, {4, 6}, {2, 3}], [{8, 1}, {6, 7}, {2, 5}, {3, 4}], [{8, 1}, {6, 7}, {3, 5}, {2, 4}], [{8, 1}, {6, 7}, {3, 5}, {4}, {2}], [{8, 1}, {6, 7}, {4, 5}, {2, 3}], [{8, 1}, {6, 7}, {4, 5}, {3}, {2}], [{8, 1}, {6, 7}, {5}, {3, 4}, {2}], [{8, 1}, {7}, {2, 6}, {4, 5}, {3}], [{8, 1}, {7}, {3, 6}, {4, 5}, {2}], [{8, 1}, {7}, {4, 6}, {5}, {2, 3}], [{8, 1}, {7}, {5, 6}, {4}, {2, 3}], [{8, 1}, {7}, {6}, {4, 5}, {2, 3}], [{8, 2}, {1, 7}, {3, 6}, {4, 5}], [{8, 2}, {1, 7}, {4, 6}, {3, 5}], [{8, 2}, {1, 7}, {4, 6}, {5}, {3}], [{8, 2}, {1, 7}, {5, 6}, {3, 4}], [{8, 2}, {3, 7}, {1, 6}, {4, 5}], [{8, 2}, {3, 7}, {1, 6}, {5}, {4}], [{8, 2}, {3, 7}, {4, 6}, {1, 5}], [{8, 2}, {3, 7}, {4, 6}, {5}, {1}], [{8, 2}, {3, 7}, {5, 6}, {1, 4}], [{8, 2}, {3, 7}, {6}, {5}, {1, 4}], [{8, 2}, {4, 7}, {1, 6}, {3, 5}], [{8, 2}, {4, 7}, {3, 6}, {1, 5}], [{8, 2}, {4, 7}, {5, 6}, {1, 3}], [{8, 2}, {5, 7}, {1, 6}, {3, 4}], [{8, 2}, {5, 7}, {1, 6}, {4}, {3}], [{8, 2}, {5, 7}, {3, 6}, {1, 4}], [{8, 2}, {5, 7}, {4, 6}, {1, 3}], [{8, 2}, {5, 7}, {6}, {3, 4}, {1}], [{8, 2}, {6, 7}, {1, 5}, {3, 4}], [{8, 2}, {6, 7}, {1, 5}, {4}, {3}], [{8, 2}, {6, 7}, {3, 5}, {1, 4}], [{8, 2}, {6, 7}, {4, 5}, {1, 3}], [{8, 2}, {6, 7}, {4, 5}, {3}, {1}], [{8, 2}, {6, 7}, {5}, {1, 4}, {3}], [{8, 2}, {7}, {1, 6}, {3, 5}, {4}], [{8, 2}, {7}, {3, 6}, {5}, {1, 4}], [{8, 2}, {7}, {4, 6}, {5}, {1, 3}], [{8, 3}, {1, 7}, {2, 6}, {4, 5}], [{8, 3}, {1, 7}, {2, 6}, {5}, {4}], [{8, 3}, {1, 7}, {4, 6}, {2, 5}], [{8, 3}, {1, 7}, {4, 6}, {5}, {2}], [{8, 3}, {1, 7}, {5, 6}, {2, 4}], [{8, 3}, {1, 7}, {5, 6}, {4}, {2}], [{8, 3}, {1, 7}, {6}, {2, 5}, {4}], [{8, 3}, {1, 7}, {6}, {4, 5}, {2}], [{8, 3}, {1, 7}, {6}, {5}, {2, 4}], [{8, 3}, {2, 7}, {1, 6}, {4, 5}], [{8, 3}, {2, 7}, {1, 6}, {5}, {4}], [{8, 3}, {2, 7}, {4, 6}, {1, 5}], [{8, 3}, {2, 7}, {4, 6}, {5}, {1}], [{8, 3}, {2, 7}, {5, 6}, {1, 4}], [{8, 3}, {2, 7}, {5, 6}, {4}, {1}], [{8, 3}, {2, 7}, {6}, {1, 5}, {4}], [{8, 3}, {2, 7}, {6}, {4, 5}, {1}], [{8, 3}, {2, 7}, {6}, {5}, {1, 4}], [{8, 3}, {4, 7}, {1, 6}, {2, 5}], [{8, 3}, {4, 7}, {1, 6}, {5}, {2}], [{8, 3}, {4, 7}, {2, 6}, {1, 5}], [{8, 3}, {4, 7}, {2, 6}, {5}, {1}], [{8, 3}, {4, 7}, {5, 6}, {1, 2}], [{8, 3}, {4, 7}, {5, 6}, {2}, {1}], [{8, 3}, {4, 7}, {6}, {1, 5}, {2}], [{8, 3}, {4, 7}, {6}, {2, 5}, {1}], [{8, 3}, {4, 7}, {6}, {5}, {1, 2}], [{8, 3}, {4, 7}, {6}, {5}, {2}, {1}], [{8, 3}, {5, 7}, {1, 6}, {2, 4}], [{8, 3}, {5, 7}, {1, 6}, {4}, {2}], [{8, 3}, {5, 7}, {2, 6}, {1, 4}], [{8, 3}, {5, 7}, {2, 6}, {4}, {1}], [{8, 3}, {5, 7}, {4, 6}, {1, 2}], [{8, 3}, {5, 7}, {4, 6}, {2}, {1}], [{8, 3}, {5, 7}, {6}, {1, 4}, {2}], [{8, 3}, {5, 7}, {6}, {2, 4}, {1}], [{8, 3}, {5, 7}, {6}, {4}, {1, 2}], [{8, 3}, {6, 7}, {1, 5}, {2, 4}], [{8, 3}, {6, 7}, {1, 5}, {4}, {2}], [{8, 3}, {6, 7}, {2, 5}, {1, 4}], [{8, 3}, {6, 7}, {2, 5}, {4}, {1}], [{8, 3}, {6, 7}, {4, 5}, {1, 2}], [{8, 3}, {6, 7}, {4, 5}, {2}, {1}], [{8, 3}, {6, 7}, {5}, {1, 4}, {2}], [{8, 3}, {6, 7}, {5}, {2, 4}, {1}], [{8, 3}, {6, 7}, {5}, {4}, {1, 2}], [{8, 3}, {6, 7}, {5}, {4}, {2}, {1}], [{8, 3}, {7}, {1, 6}, {2, 5}, {4}], [{8, 3}, {7}, {1, 6}, {4, 5}, {2}], [{8, 3}, {7}, {1, 6}, {5}, {2, 4}], [{8, 3}, {7}, {2, 6}, {1, 5}, {4}], [{8, 3}, {7}, {2, 6}, {4, 5}, {1}], [{8, 3}, {7}, {2, 6}, {5}, {1, 4}], [{8, 3}, {7}, {4, 6}, {1, 5}, {2}], [{8, 3}, {7}, {4, 6}, {2, 5}, {1}], [{8, 3}, {7}, {4, 6}, {5}, {1, 2}], [{8, 3}, {7}, {4, 6}, {5}, {2}, {1}], [{8, 3}, {7}, {5, 6}, {1, 4}, {2}], [{8, 3}, {7}, {5, 6}, {2, 4}, {1}], [{8, 3}, {7}, {5, 6}, {4}, {1, 2}], [{8, 3}, {7}, {6}, {1, 5}, {2, 4}], [{8, 3}, {7}, {6}, {2, 5}, {1, 4}], [{8, 3}, {7}, {6}, {4, 5}, {1, 2}], [{8, 4}, {1, 7}, {2, 6}, {3, 5}], [{8, 4}, {1, 7}, {3, 6}, {2, 5}], [{8, 4}, {1, 7}, {5, 6}, {2, 3}], [{8, 4}, {2, 7}, {1, 6}, {3, 5}], [{8, 4}, {2, 7}, {3, 6}, {1, 5}], [{8, 4}, {2, 7}, {5, 6}, {1, 3}], [{8, 4}, {2, 7}, {5, 6}, {3}, {1}], [{8, 4}, {3, 7}, {1, 6}, {2, 5}], [{8, 4}, {3, 7}, {2, 6}, {1, 5}], [{8, 4}, {3, 7}, {5, 6}, {1, 2}], [{8, 4}, {5, 7}, {1, 6}, {2, 3}], [{8, 4}, {5, 7}, {1, 6}, {3}, {2}], [{8, 4}, {5, 7}, {2, 6}, {1, 3}], [{8, 4}, {5, 7}, {3, 6}, {1, 2}], [{8, 4}, {6, 7}, {1, 5}, {2, 3}], [{8, 4}, {6, 7}, {1, 5}, {3}, {2}], [{8, 4}, {6, 7}, {2, 5}, {1, 3}], [{8, 4}, {6, 7}, {3, 5}, {1, 2}], [{8, 4}, {6, 7}, {3, 5}, {2}, {1}], [{8, 4}, {6, 7}, {5}, {1, 3}, {2}], [{8, 4}, {7}, {1, 6}, {5}, {2, 3}], [{8, 5}, {1, 7}, {2, 6}, {3, 4}], [{8, 5}, {1, 7}, {3, 6}, {2, 4}], [{8, 5}, {1, 7}, {4, 6}, {2, 3}], [{8, 5}, {1, 7}, {4, 6}, {3}, {2}], [{8, 5}, {2, 7}, {1, 6}, {3, 4}], [{8, 5}, {2, 7}, {3, 6}, {1, 4}], [{8, 5}, {2, 7}, {4, 6}, {1, 3}], [{8, 5}, {2, 7}, {4, 6}, {3}, {1}], [{8, 5}, {3, 7}, {1, 6}, {2, 4}], [{8, 5}, {3, 7}, {2, 6}, {1, 4}], [{8, 5}, {3, 7}, {4, 6}, {1, 2}], [{8, 5}, {4, 7}, {1, 6}, {2, 3}], [{8, 5}, {4, 7}, {2, 6}, {1, 3}], [{8, 5}, {4, 7}, {3, 6}, {1, 2}], [{8, 5}, {6, 7}, {1, 4}, {2, 3}], [{8, 5}, {6, 7}, {1, 4}, {3}, {2}], [{8, 5}, {6, 7}, {2, 4}, {1, 3}], [{8, 5}, {6, 7}, {3, 4}, {1, 2}], [{8, 5}, {6, 7}, {3, 4}, {2}, {1}], [{8, 5}, {6, 7}, {4}, {1, 3}, {2}], [{8, 5}, {7}, {4, 6}, {3}, {1, 2}], [{8, 6}, {1, 7}, {2, 5}, {3, 4}], [{8, 6}, {1, 7}, {3, 5}, {2, 4}], [{8, 6}, {1, 7}, {4, 5}, {2, 3}], [{8, 6}, {2, 7}, {1, 5}, {3, 4}], [{8, 6}, {2, 7}, {3, 5}, {1, 4}], [{8, 6}, {2, 7}, {4, 5}, {1, 3}], [{8, 6}, {2, 7}, {4, 5}, {3}, {1}], [{8, 6}, {3, 7}, {1, 5}, {2, 4}], [{8, 6}, {3, 7}, {2, 5}, {1, 4}], [{8, 6}, {3, 7}, {4, 5}, {1, 2}], [{8, 6}, {3, 7}, {5}, {2, 4}, {1}], [{8, 6}, {4, 7}, {1, 5}, {2, 3}], [{8, 6}, {4, 7}, {2, 5}, {1, 3}], [{8, 6}, {4, 7}, {3, 5}, {1, 2}], [{8, 6}, {5, 7}, {1, 4}, {2, 3}], [{8, 6}, {5, 7}, {2, 4}, {1, 3}], [{8, 6}, {5, 7}, {3, 4}, {1, 2}], [{8, 6}, {7}, {1, 5}, {2, 4}, {3}], [{8, 6}, {7}, {1, 5}, {3, 4}, {2}], [{8, 6}, {7}, {1, 5}, {4}, {2, 3}], [{8, 6}, {7}, {3, 5}, {1, 4}, {2}], [{8, 7}, {1, 6}, {2, 5}, {3, 4}], [{8, 7}, {1, 6}, {3, 5}, {2, 4}], [{8, 7}, {1, 6}, {4, 5}, {2, 3}], [{8, 7}, {2, 6}, {1, 5}, {3, 4}], [{8, 7}, {2, 6}, {3, 5}, {1, 4}], [{8, 7}, {2, 6}, {4, 5}, {1, 3}], [{8, 7}, {2, 6}, {4, 5}, {3}, {1}], [{8, 7}, {3, 6}, {1, 5}, {2, 4}], [{8, 7}, {3, 6}, {2, 5}, {1, 4}], [{8, 7}, {3, 6}, {4, 5}, {1, 2}], [{8, 7}, {4, 6}, {1, 5}, {2, 3}], [{8, 7}, {4, 6}, {2, 5}, {1, 3}], [{8, 7}, {4, 6}, {3, 5}, {1, 2}], [{8, 7}, {4, 6}, {5}, {1, 3}, {2}], [{8, 7}, {4, 6}, {5}, {2, 3}, {1}], [{8, 7}, {4, 6}, {5}, {3}, {1, 2}], [{8, 7}, {5, 6}, {1, 4}, {2, 3}], [{8, 7}, {5, 6}, {2, 4}, {1, 3}], [{8, 7}, {5, 6}, {3, 4}, {1, 2}], [{8, 7}, {6}, {1, 5}, {2, 4}, {3}], [{8, 7}, {6}, {1, 5}, {3, 4}, {2}], [{8, 7}, {6}, {1, 5}, {4}, {2, 3}], [{8, 7}, {6}, {3, 5}, {1, 4}, {2}], [{8}, {1, 7}, {2, 6}, {4, 5}, {3}], [{8}, {1, 7}, {4, 6}, {2, 5}, {3}], [{8}, {1, 7}, {4, 6}, {3, 5}, {2}], [{8}, {1, 7}, {4, 6}, {5}, {2, 3}], [{8}, {1, 7}, {4, 6}, {5}, {3}, {2}], [{8}, {1, 7}, {5, 6}, {2, 4}, {3}], [{8}, {2, 7}, {1, 6}, {4, 5}, {3}], [{8}, {2, 7}, {3, 6}, {4, 5}, {1}], [{8}, {2, 7}, {4, 6}, {1, 5}, {3}], [{8}, {2, 7}, {4, 6}, {3, 5}, {1}], [{8}, {2, 7}, {4, 6}, {5}, {1, 3}], [{8}, {2, 7}, {4, 6}, {5}, {3}, {1}], [{8}, {2, 7}, {5, 6}, {1, 4}, {3}], [{8}, {2, 7}, {5, 6}, {3, 4}, {1}], [{8}, {2, 7}, {5, 6}, {4}, {1, 3}], [{8}, {2, 7}, {5, 6}, {4}, {3}, {1}], [{8}, {2, 7}, {6}, {4, 5}, {1, 3}], [{8}, {2, 7}, {6}, {4, 5}, {3}, {1}], [{8}, {3, 7}, {2, 6}, {4, 5}, {1}], [{8}, {3, 7}, {4, 6}, {5}, {1, 2}], [{8}, {3, 7}, {6}, {1, 5}, {2, 4}], [{8}, {4, 7}, {1, 6}, {2, 5}, {3}], [{8}, {4, 7}, {2, 6}, {1, 5}, {3}], [{8}, {4, 7}, {5, 6}, {3}, {1, 2}], [{8}, {5, 7}, {1, 6}, {2, 4}, {3}], [{8}, {5, 7}, {1, 6}, {3, 4}, {2}], [{8}, {5, 7}, {1, 6}, {4}, {2, 3}], [{8}, {5, 7}, {1, 6}, {4}, {3}, {2}], [{8}, {5, 7}, {2, 6}, {1, 4}, {3}], [{8}, {5, 7}, {4, 6}, {3}, {1, 2}], [{8}, {6, 7}, {1, 5}, {2, 4}, {3}], [{8}, {6, 7}, {1, 5}, {3, 4}, {2}], [{8}, {6, 7}, {1, 5}, {4}, {2, 3}], [{8}, {6, 7}, {1, 5}, {4}, {3}, {2}], [{8}, {6, 7}, {2, 5}, {1, 4}, {3}], [{8}, {6, 7}, {3, 5}, {1, 4}, {2}], [{8}, {6, 7}, {4, 5}, {1, 3}, {2}], [{8}, {6, 7}, {4, 5}, {2, 3}, {1}], [{8}, {6, 7}, {4, 5}, {3}, {1, 2}], [{8}, {6, 7}, {4, 5}, {3}, {2}, {1}], [{8}, {6, 7}, {5}, {1, 4}, {2, 3}], [{8}, {6, 7}, {5}, {1, 4}, {3}, {2}], [{8}, {7}, {2, 6}, {4, 5}, {1, 3}], [{8}, {7}, {2, 6}, {4, 5}, {3}, {1}], [{8}, {7}, {3, 6}, {1, 5}, {2, 4}], [{8}, {7}, {4, 6}, {3, 5}, {1, 2}], [{8}, {7}, {4, 6}, {5}, {3}, {1, 2}], [{8}, {7}, {6}, {1, 5}, {2, 4}, {3}]]",2,4 K_1^3 - 12 K_1^2 - 18 K_1 K_2 - 2 K_1 K_3 + 6 K_1 - 2 K_2^2 + 7 K_2 + 8 K_3 + 2 K_4 + 8,O1O2O3O4U3U5O6U4O7O8U7U6U1U8O5U2,O1O2O3O4U1U4O5U3O6O7U5U7U8U2O8U6,O1O2O3O4U5O6U3U6U7U8O7O5U2O8U1U4,c,{'O1O2O3O4U3O5U6U4U7U8O6O8U1O7U5U2'},1,"<a href=""/flatknot/8.733828"">8.733828</a>",t^7-52t^5-82t^4+181t^3+166t^2-75t-28,t^3-t^2-t,,
8.733829,O1O2O3O4U3O5U6U4U7U8O6O8U2O7U1U5,3,8z^2+89z+147,8w^3z^2+89w^2z+147w,False,False,"[[ 0 -1  0 -1  1  3 -3  0  1],[ 1  0  1 -1  2  3 -2  1  2],[ 0 -1  0 -1  2  1 -2  1  1],[ 1  1  1  0  1  1  0  1  1],[-1 -2 -2 -1  0  0 -1  0  0],[-3 -3 -1 -1  0  0 -5 -2 -2],[ 3  2  2  0  1  5  0  1  3],[ 0 -1 -1 -1  0  2 -1  0  1],[-1 -2 -1 -1  0  2 -3 -1  0]]","[[ 0  3  1  0  0 -1 -3],[-3  0  0 -1 -2 -3 -5],[-1  0  0 -2  0 -2 -1],[ 0  1  2  0  1 -1 -2],[ 0  2  0 -1  0 -1 -1],[ 1  3  2  1  1  0 -2],[ 3  5  1  2  1  2  0]]",False,"[-3,-1,0,0,1,3,0,1,2,3,5,2,0,2,1,-1,1,2,1,1,2]","[-3,-1,0,0,1,3,0,1,2,3,1,0,0,0,1,-1,-1,2,1,1,2]",t^6+60t^4+303t^2,"[-3,-1,0,0,1,3,0,1,2,3,1,0,0,0,1,-1,-1,2,1,1,2]","[-3,-1,0,0,1,3,2,1,2,1,1,1,-1,0,3,-1,0,2,0,1,0]","[-3,-1,0,0,1,3,2,1,2,1,5,1,1,2,3,-1,0,2,2,1,0]",c,"[[{8, 1}, {2, 7}, {5, 6}, {3, 4}], [{8, 3}, {2, 7}, {5, 6}, {1, 4}]]",0,4 K_1^3 - 30 K_1^2 - 28 K_1 K_2 - 6 K_1 K_3 + 11 K_1 - 2 K_2^2 + 18 K_2 + 13 K_3 + 4 K_4 + 17,O1O2O3O4U5U4O6U3O7O8U7U6U1U8O5U2,O1O2O3O4U1U4O5U3O6O7U6U5U8U2O8U7,O1O2O3O4U5O6U3U6U7U8O5O8U2O7U1U4,c,{'O1O2O3O4U3O5U6U4U7U8O6O8U2O7U1U5'},1,"<a href=""/flatknot/8.733829"">8.733829</a>",t^7-60t^5-176t^4+39t^3+394t^2+106t-102,0,,
8.733830,O1O2O3O4U3O5U6U4U7U8O6O8U5O7U1U2,3,17z^2+86z+105,-2w^4z^2+19w^3z^2-6w^3z+92w^2z+105w,False,False,"[[ 0 -1  1 -1  1  2 -3  0  1],[ 1  0  1 -1  1  2 -2  1  2],[-1 -1  0 -1  1  2 -4 -1  0],[ 1  1  1  0  1  1  0  1  1],[-1 -1 -1 -1  0  0 -1 -1  0],[-2 -2 -2 -1  0  0 -3 -1 -1],[ 3  2  4  0  1  3  0  1  3],[ 0 -1  1 -1  1  1 -1  0  1],[-1 -2  0 -1  0  1 -3 -1  0]]","[[ 0  2  1  1  0 -1 -3],[-2  0  0 -2 -1 -2 -3],[-1  0  0 -1 -1 -1 -1],[-1  2  1  0 -1 -1 -4],[ 0  1  1  1  0 -1 -1],[ 1  2  1  1  1  0 -2],[ 3  3  1  4  1  2  0]]",False,"[-2,-1,-1,0,1,3,0,2,1,2,3,1,1,1,1,1,1,4,1,1,2]","[-3,-1,0,1,1,2,0,2,0,3,2,0,1,1,1,0,0,1,-1,-1,1]",t^6+46t^4+63t^2+4,"[-3,-1,0,1,1,2,0,2,0,3,2,0,1,1,1,0,0,1,-1,-1,1]","[-2,-1,-1,0,1,3,-1,1,1,1,2,1,0,1,0,0,1,3,0,2,0]","[-3,-1,0,1,1,2,2,1,1,4,3,1,1,1,2,1,1,1,-1,0,2]",c,"[[{8, 3}, {1, 7}, {2, 6}, {4, 5}], [{8, 3}, {4, 7}, {5, 6}, {1, 2}], [{8, 3}, {5, 7}, {1, 6}, {2, 4}], [{8, 3}, {5, 7}, {4, 6}, {1, 2}], [{8, 3}, {6, 7}, {4, 5}, {1, 2}], [{8, 3}, {6, 7}, {5}, {4}, {1, 2}], [{8, 6}, {4, 7}, {3, 5}, {1, 2}], [{8, 7}, {3, 6}, {4, 5}, {1, 2}], [{8, 7}, {3, 6}, {5}, {4}, {1, 2}]]",1,20 K_1^3 + 4 K_1^2 K_2 - 20 K_1^2 - 22 K_1 K_2 - 2 K_1 K_3 - 4 K_1 - 2 K_2^2 + 9 K_2 + 6 K_3 + K_4 + 11,O1O2O3O4U3U4O5U6O7O8U7U5U1U8O6U2,O1O2O3O4U1U4O5U3O6O7U6U7U8U2O8U5,O1O2O3O4U5O6U3U6U7U8O7O8U2O5U1U4,c,{'O1O2O3O4U3O5U6U4U7U8O6O8U5O7U1U2'},1,"<a href=""/flatknot/8.733830"">8.733830</a>",t^7-50t^5-146t^4-80t^3+74t^2+55t+6,t^3-t^2-t,,
8.733831,O1O2O3O4U3O5U6U5U1U2O6O7U4O8U7U8,4,2z^3+32z^2+111z+111,2w^4z^3+32w^3z^2+111w^2z+111w,False,False,"[[ 0 -1  1 -1  2  1 -3  0  1],[ 1  0  1  0  2  0 -1  1  0],[-1 -1  0  0  1  0 -2  1  0],[ 1  0  0  0  1  0  1  1  0],[-2 -2 -1 -1  0  1 -3  1  1],[-1  0  0  0 -1  0 -1  0  0],[ 3  1  2 -1  3  1  0  0  1],[ 0 -1 -1 -1 -1  0  0  0  1],[-1  0  0  0 -1  0 -1 -1  0]]","[[ 0  2  1  1  1  0 -1 -1 -3],[-2  0  1  1 -1  1 -1 -2 -3],[-1 -1  0  0  0  0  0  0 -1],[-1 -1  0  0  0 -1  0  0 -1],[-1  1  0  0  0  1  0 -1 -2],[ 0 -1  0  1 -1  0 -1 -1  0],[ 1  1  0  0  0  1  0  0  1],[ 1  2  0  0  1  1  0  0 -1],[ 3  3  1  1  2  0 -1  1  0]]",True,"[-2,-1,-1,-1,0,1,1,3,-1,-1,1,-1,1,2,3,0,0,0,0,0,1,0,1,0,0,1,-1,0,1,2,1,1,0,0,-1,1]","[-3,-1,-1,0,1,1,1,2,-1,1,0,1,1,2,3,0,1,0,0,0,1,1,0,0,1,2,0,1,-1,-1,0,0,-1,0,-1,1]",t^8+31t^6+137t^4+43t^2,"[-3,-1,-1,0,1,1,1,2,1,3,3,2,3,3,2,0,0,1,2,2,1,0,2,2,2,2,2,0,1,3,0,0,0,0,2,2]","[-2,-1,-1,-1,0,1,1,3,0,2,2,3,1,2,2,0,0,2,1,2,2,0,0,2,2,3,1,2,2,3,0,0,3,0,1,3]","[-3,-1,-1,0,1,1,1,2,-1,1,0,1,1,2,3,0,1,0,0,0,1,1,0,0,1,2,0,1,-1,-1,0,0,-1,0,-1,1]",c,"[[{8, 1}, {2, 7}, {3, 6}, {4, 5}], [{8, 1}, {2, 7}, {4, 6}, {3, 5}], [{8, 1}, {2, 7}, {5, 6}, {3, 4}], [{8, 1}, {3, 7}, {2, 6}, {4, 5}], [{8, 1}, {3, 7}, {4, 6}, {2, 5}], [{8, 1}, {3, 7}, {5, 6}, {2, 4}], [{8, 1}, {4, 7}, {2, 6}, {3, 5}], [{8, 1}, {4, 7}, {3, 6}, {2, 5}], [{8, 1}, {4, 7}, {5, 6}, {2, 3}], [{8, 1}, {5, 7}, {2, 6}, {3, 4}], [{8, 1}, {5, 7}, {3, 6}, {2, 4}], [{8, 1}, {5, 7}, {4, 6}, {2, 3}], [{8, 1}, {5, 7}, {6}, {3, 4}, {2}], [{8, 1}, {6, 7}, {2, 5}, {3, 4}], [{8, 1}, {6, 7}, {3, 5}, {2, 4}], [{8, 1}, {6, 7}, {4, 5}, {2, 3}], [{8, 1}, {6, 7}, {5}, {3, 4}, {2}], [{8, 1}, {7}, {2, 6}, {3, 5}, {4}], [{8, 1}, {7}, {3, 6}, {2, 5}, {4}], [{8, 1}, {7}, {4, 6}, {3, 5}, {2}], [{8, 1}, {7}, {5, 6}, {3, 4}, {2}], [{8, 1}, {7}, {6}, {3, 5}, {2, 4}], [{8, 2}, {1, 7}, {3, 6}, {4, 5}], [{8, 2}, {1, 7}, {4, 6}, {3, 5}], [{8, 2}, {1, 7}, {5, 6}, {3, 4}], [{8, 2}, {1, 7}, {6}, {3, 5}, {4}], [{8, 2}, {3, 7}, {1, 6}, {4, 5}], [{8, 2}, {3, 7}, {4, 6}, {1, 5}], [{8, 2}, {3, 7}, {5, 6}, {1, 4}], [{8, 2}, {3, 7}, {6}, {1, 5}, {4}], [{8, 2}, {4, 7}, {1, 6}, {3, 5}], [{8, 2}, {4, 7}, {3, 6}, {1, 5}], [{8, 2}, {4, 7}, {5, 6}, {1, 3}], [{8, 2}, {5, 7}, {1, 6}, {3, 4}], [{8, 2}, {5, 7}, {3, 6}, {1, 4}], [{8, 2}, {5, 7}, {4, 6}, {1, 3}], [{8, 2}, {5, 7}, {6}, {1, 4}, {3}], [{8, 2}, {6, 7}, {1, 5}, {3, 4}], [{8, 2}, {6, 7}, {3, 5}, {1, 4}], [{8, 2}, {6, 7}, {4, 5}, {1, 3}], [{8, 2}, {7}, {4, 6}, {3, 5}, {1}], [{8, 3}, {1, 7}, {2, 6}, {4, 5}], [{8, 3}, {1, 7}, {2, 6}, {5}, {4}], [{8, 3}, {1, 7}, {4, 6}, {2, 5}], [{8, 3}, {1, 7}, {4, 6}, {5}, {2}], [{8, 3}, {1, 7}, {5, 6}, {2, 4}], [{8, 3}, {1, 7}, {5, 6}, {4}, {2}], [{8, 3}, {1, 7}, {6}, {2, 5}, {4}], [{8, 3}, {1, 7}, {6}, {4, 5}, {2}], [{8, 3}, {1, 7}, {6}, {5}, {2, 4}], [{8, 3}, {2, 7}, {1, 6}, {4, 5}], [{8, 3}, {2, 7}, {1, 6}, {5}, {4}], [{8, 3}, {2, 7}, {4, 6}, {1, 5}], [{8, 3}, {2, 7}, {4, 6}, {5}, {1}], [{8, 3}, {2, 7}, {5, 6}, {1, 4}], [{8, 3}, {2, 7}, {5, 6}, {4}, {1}], [{8, 3}, {2, 7}, {6}, {1, 5}, {4}], [{8, 3}, {2, 7}, {6}, {4, 5}, {1}], [{8, 3}, {2, 7}, {6}, {5}, {1, 4}], [{8, 3}, {4, 7}, {1, 6}, {2, 5}], [{8, 3}, {4, 7}, {1, 6}, {5}, {2}], [{8, 3}, {4, 7}, {2, 6}, {1, 5}], [{8, 3}, {4, 7}, {2, 6}, {5}, {1}], [{8, 3}, {4, 7}, {5, 6}, {1, 2}], [{8, 3}, {4, 7}, {5, 6}, {2}, {1}], [{8, 3}, {4, 7}, {6}, {1, 5}, {2}], [{8, 3}, {4, 7}, {6}, {2, 5}, {1}], [{8, 3}, {4, 7}, {6}, {5}, {1, 2}], [{8, 3}, {5, 7}, {1, 6}, {2, 4}], [{8, 3}, {5, 7}, {1, 6}, {4}, {2}], [{8, 3}, {5, 7}, {2, 6}, {1, 4}], [{8, 3}, {5, 7}, {2, 6}, {4}, {1}], [{8, 3}, {5, 7}, {4, 6}, {1, 2}], [{8, 3}, {5, 7}, {4, 6}, {2}, {1}], [{8, 3}, {5, 7}, {6}, {1, 4}, {2}], [{8, 3}, {5, 7}, {6}, {2, 4}, {1}], [{8, 3}, {5, 7}, {6}, {4}, {1, 2}], [{8, 3}, {5, 7}, {6}, {4}, {2}, {1}], [{8, 3}, {6, 7}, {1, 5}, {2, 4}], [{8, 3}, {6, 7}, {1, 5}, {4}, {2}], [{8, 3}, {6, 7}, {2, 5}, {1, 4}], [{8, 3}, {6, 7}, {2, 5}, {4}, {1}], [{8, 3}, {6, 7}, {4, 5}, {1, 2}], [{8, 3}, {6, 7}, {4, 5}, {2}, {1}], [{8, 3}, {6, 7}, {5}, {1, 4}, {2}], [{8, 3}, {6, 7}, {5}, {2, 4}, {1}], [{8, 3}, {6, 7}, {5}, {4}, {1, 2}], [{8, 3}, {7}, {1, 6}, {2, 5}, {4}], [{8, 3}, {7}, {1, 6}, {4, 5}, {2}], [{8, 3}, {7}, {1, 6}, {5}, {2, 4}], [{8, 3}, {7}, {2, 6}, {1, 5}, {4}], [{8, 3}, {7}, {2, 6}, {4, 5}, {1}], [{8, 3}, {7}, {2, 6}, {5}, {1, 4}], [{8, 3}, {7}, {4, 6}, {1, 5}, {2}], [{8, 3}, {7}, {4, 6}, {2, 5}, {1}], [{8, 3}, {7}, {4, 6}, {5}, {1, 2}], [{8, 3}, {7}, {5, 6}, {1, 4}, {2}], [{8, 3}, {7}, {5, 6}, {2, 4}, {1}], [{8, 3}, {7}, {5, 6}, {4}, {1, 2}], [{8, 3}, {7}, {6}, {1, 5}, {2, 4}], [{8, 3}, {7}, {6}, {2, 5}, {1, 4}], [{8, 3}, {7}, {6}, {4, 5}, {1, 2}], [{8, 4}, {1, 7}, {2, 6}, {3, 5}], [{8, 4}, {1, 7}, {2, 6}, {5}, {3}], [{8, 4}, {1, 7}, {3, 6}, {2, 5}], [{8, 4}, {1, 7}, {5, 6}, {2, 3}], [{8, 4}, {2, 7}, {1, 6}, {3, 5}], [{8, 4}, {2, 7}, {3, 6}, {1, 5}], [{8, 4}, {2, 7}, {5, 6}, {1, 3}], [{8, 4}, {3, 7}, {1, 6}, {2, 5}], [{8, 4}, {3, 7}, {2, 6}, {1, 5}], [{8, 4}, {3, 7}, {5, 6}, {1, 2}], [{8, 4}, {5, 7}, {1, 6}, {2, 3}], [{8, 4}, {5, 7}, {2, 6}, {1, 3}], [{8, 4}, {5, 7}, {3, 6}, {1, 2}], [{8, 4}, {5, 7}, {6}, {1, 3}, {2}], [{8, 4}, {6, 7}, {1, 5}, {2, 3}], [{8, 4}, {6, 7}, {2, 5}, {1, 3}], [{8, 4}, {6, 7}, {3, 5}, {1, 2}], [{8, 4}, {6, 7}, {3, 5}, {2}, {1}], [{8, 4}, {7}, {3, 6}, {2, 5}, {1}], [{8, 4}, {7}, {6}, {3, 5}, {1, 2}], [{8, 5}, {1, 7}, {2, 6}, {3, 4}], [{8, 5}, {1, 7}, {2, 6}, {4}, {3}], [{8, 5}, {1, 7}, {3, 6}, {2, 4}], [{8, 5}, {1, 7}, {4, 6}, {2, 3}], [{8, 5}, {2, 7}, {1, 6}, {3, 4}], [{8, 5}, {2, 7}, {3, 6}, {1, 4}], [{8, 5}, {2, 7}, {4, 6}, {1, 3}], [{8, 5}, {2, 7}, {6}, {1, 4}, {3}], [{8, 5}, {3, 7}, {1, 6}, {2, 4}], [{8, 5}, {3, 7}, {2, 6}, {1, 4}], [{8, 5}, {3, 7}, {4, 6}, {1, 2}], [{8, 5}, {4, 7}, {1, 6}, {2, 3}], [{8, 5}, {4, 7}, {2, 6}, {1, 3}], [{8, 5}, {4, 7}, {3, 6}, {1, 2}], [{8, 5}, {6, 7}, {1, 4}, {2, 3}], [{8, 5}, {6, 7}, {2, 4}, {1, 3}], [{8, 5}, {6, 7}, {3, 4}, {1, 2}], [{8, 5}, {6, 7}, {4}, {2, 3}, {1}], [{8, 5}, {7}, {4, 6}, {3}, {1, 2}], [{8, 6}, {1, 7}, {2, 5}, {3, 4}], [{8, 6}, {1, 7}, {3, 5}, {2, 4}], [{8, 6}, {1, 7}, {3, 5}, {4}, {2}], [{8, 6}, {1, 7}, {4, 5}, {2, 3}], [{8, 6}, {2, 7}, {1, 5}, {3, 4}], [{8, 6}, {2, 7}, {3, 5}, {1, 4}], [{8, 6}, {2, 7}, {3, 5}, {4}, {1}], [{8, 6}, {2, 7}, {4, 5}, {1, 3}], [{8, 6}, {2, 7}, {5}, {1, 4}, {3}], [{8, 6}, {3, 7}, {1, 5}, {2, 4}], [{8, 6}, {3, 7}, {2, 5}, {1, 4}], [{8, 6}, {3, 7}, {4, 5}, {1, 2}], [{8, 6}, {4, 7}, {1, 5}, {2, 3}], [{8, 6}, {4, 7}, {2, 5}, {1, 3}], [{8, 6}, {4, 7}, {3, 5}, {1, 2}], [{8, 6}, {4, 7}, {5}, {1, 3}, {2}], [{8, 6}, {5, 7}, {1, 4}, {2, 3}], [{8, 6}, {5, 7}, {1, 4}, {3}, {2}], [{8, 6}, {5, 7}, {2, 4}, {1, 3}], [{8, 6}, {5, 7}, {3, 4}, {1, 2}], [{8, 6}, {7}, {2, 5}, {1, 4}, {3}], [{8, 6}, {7}, {3, 5}, {4}, {1, 2}], [{8, 7}, {1, 6}, {2, 5}, {3, 4}], [{8, 7}, {1, 6}, {3, 5}, {2, 4}], [{8, 7}, {1, 6}, {4, 5}, {2, 3}], [{8, 7}, {2, 6}, {1, 5}, {3, 4}], [{8, 7}, {2, 6}, {3, 5}, {1, 4}], [{8, 7}, {2, 6}, {3, 5}, {4}, {1}], [{8, 7}, {2, 6}, {4, 5}, {1, 3}], [{8, 7}, {3, 6}, {1, 5}, {2, 4}], [{8, 7}, {3, 6}, {2, 5}, {1, 4}], [{8, 7}, {3, 6}, {4, 5}, {1, 2}], [{8, 7}, {4, 6}, {1, 5}, {2, 3}], [{8, 7}, {4, 6}, {2, 5}, {1, 3}], [{8, 7}, {4, 6}, {3, 5}, {1, 2}], [{8, 7}, {4, 6}, {5}, {3}, {1, 2}], [{8, 7}, {5, 6}, {1, 4}, {2, 3}], [{8, 7}, {5, 6}, {2, 4}, {1, 3}], [{8, 7}, {5, 6}, {3, 4}, {1, 2}], [{8, 7}, {6}, {2, 5}, {1, 4}, {3}], [{8}, {1, 7}, {2, 6}, {3, 5}, {4}], [{8}, {1, 7}, {2, 6}, {4, 5}, {3}], [{8}, {1, 7}, {2, 6}, {5}, {3, 4}], [{8}, {1, 7}, {2, 6}, {5}, {4}, {3}], [{8}, {1, 7}, {4, 6}, {2, 5}, {3}], [{8}, {1, 7}, {5, 6}, {2, 4}, {3}], [{8}, {2, 7}, {1, 6}, {4, 5}, {3}], [{8}, {2, 7}, {3, 6}, {5}, {1, 4}], [{8}, {2, 7}, {4, 6}, {1, 5}, {3}], [{8}, {2, 7}, {5, 6}, {1, 4}, {3}], [{8}, {2, 7}, {6}, {3, 5}, {1, 4}], [{8}, {2, 7}, {6}, {5}, {1, 4}, {3}], [{8}, {3, 7}, {4, 6}, {5}, {1, 2}], [{8}, {3, 7}, {6}, {2, 5}, {1, 4}], [{8}, {4, 7}, {1, 6}, {2, 5}, {3}], [{8}, {4, 7}, {2, 6}, {1, 5}, {3}], [{8}, {4, 7}, {5, 6}, {3}, {1, 2}], [{8}, {5, 7}, {1, 6}, {2, 4}, {3}], [{8}, {5, 7}, {2, 6}, {1, 4}, {3}], [{8}, {5, 7}, {3, 6}, {1, 4}, {2}], [{8}, {5, 7}, {4, 6}, {3}, {1, 2}], [{8}, {5, 7}, {6}, {1, 4}, {2, 3}], [{8}, {5, 7}, {6}, {1, 4}, {3}, {2}], [{8}, {6, 7}, {1, 5}, {2, 4}, {3}], [{8}, {6, 7}, {2, 5}, {1, 4}, {3}], [{8}, {6, 7}, {4, 5}, {3}, {1, 2}], [{8}, {7}, {3, 6}, {2, 5}, {1, 4}], [{8}, {7}, {4, 6}, {3, 5}, {1, 2}], [{8}, {7}, {4, 6}, {5}, {3}, {1, 2}], [{8}, {7}, {6}, {2, 5}, {1, 4}, {3}]]",2,- 8 K_1^4 + 28 K_1^3 + 8 K_1^2 K_2 - 12 K_1^2 - 18 K_1 K_2 - 2 K_1 K_3 - 12 K_1 + 7 K_2 + 2 K_3 + 8,O1O2O3O4U5U6O5U1O6O7U3U4U8U7O8U2,O1O2O3O4U1U5O6U7O5O7U3U4U8U6O8U2,O1O2O3O4U3O5U6U5U1U2O7O8U7O6U8U4,c,{'O1O2O3O4U3O5U6U5U1U2O6O7U4O8U7U8'},1,"<a href=""/flatknot/8.733831"">8.733831</a>",t^9-35t^7-62t^6+78t^5+90t^4-73t^3-22t^2+20t,t^3-t^2-t,,
8.733832,O1O2O3O4U3O5U6U5U1U7O6O7U2O8U4U8,4,6z^3+44z^2+103z+79,6w^4z^3+44w^3z^2+103w^2z+79w,False,False,"[[ 0 -1  0 -1  2  1 -3  1  1],[ 1  0  0  0  2  0  0  2  1],[ 0  0  0  0  2  1 -2  1  1],[ 1  0  0  0  1  0  1  1  1],[-2 -2 -2 -1  0  1 -4 -1  1],[-1  0 -1  0 -1  0 -1  0  0],[ 3  0  2 -1  4  1  0  3  1],[-1 -2 -1 -1  1  0 -3  0  1],[-1 -1 -1 -1 -1  0 -1 -1  0]]","[[ 0  2  1  1  1  0 -1 -1 -3],[-2  0  1  1 -1 -2 -1 -2 -4],[-1 -1  0  0  0 -1  0  0 -1],[-1 -1  0  0 -1 -1 -1 -1 -1],[-1  1  0  1  0 -1 -1 -2 -3],[ 0  2  1  1  1  0  0  0 -2],[ 1  1  0  1  1  0  0  0  1],[ 1  2  0  1  2  0  0  0  0],[ 3  4  1  1  3  2 -1  0  0]]",True,"[-2,-1,-1,-1,0,1,1,3,-1,-1,1,2,1,2,4,0,0,1,0,0,1,1,1,1,1,1,1,1,2,3,0,0,2,0,-1,0]","[-3,-1,-1,0,1,1,1,2,-1,0,2,1,1,3,4,0,0,0,1,1,1,0,0,1,2,2,1,1,1,2,0,0,-1,-1,-1,1]",t^8+55t^6+182t^4+109t^2+4,"[-3,-1,-1,0,1,1,1,2,2,3,1,1,3,3,1,0,1,0,1,2,1,1,1,1,2,2,0,0,0,0,-1,0,0,0,2,2]","[-2,-1,-1,-1,0,1,1,3,0,2,2,0,1,2,1,0,1,0,0,1,1,0,0,2,2,3,0,1,1,3,1,1,1,0,2,3]","[-3,-1,-1,0,1,1,1,2,-1,0,2,1,1,3,4,0,0,0,1,1,1,0,0,1,2,2,1,1,1,2,0,0,-1,-1,-1,1]",c,"[[{8, 1}, {2, 7}, {3, 6}, {4, 5}], [{8, 1}, {2, 7}, {4, 6}, {3, 5}], [{8, 1}, {2, 7}, {5, 6}, {3, 4}], [{8, 1}, {2, 7}, {5, 6}, {4}, {3}], [{8, 1}, {3, 7}, {2, 6}, {4, 5}], [{8, 1}, {3, 7}, {4, 6}, {2, 5}], [{8, 1}, {3, 7}, {4, 6}, {5}, {2}], [{8, 1}, {3, 7}, {5, 6}, {2, 4}], [{8, 1}, {3, 7}, {5, 6}, {4}, {2}], [{8, 1}, {3, 7}, {6}, {4, 5}, {2}], [{8, 1}, {4, 7}, {2, 6}, {3, 5}], [{8, 1}, {4, 7}, {3, 6}, {2, 5}], [{8, 1}, {4, 7}, {5, 6}, {2, 3}], [{8, 1}, {5, 7}, {2, 6}, {3, 4}], [{8, 1}, {5, 7}, {2, 6}, {4}, {3}], [{8, 1}, {5, 7}, {3, 6}, {2, 4}], [{8, 1}, {5, 7}, {3, 6}, {4}, {2}], [{8, 1}, {5, 7}, {4, 6}, {2, 3}], [{8, 1}, {5, 7}, {6}, {4}, {2, 3}], [{8, 1}, {6, 7}, {2, 5}, {3, 4}], [{8, 1}, {6, 7}, {3, 5}, {2, 4}], [{8, 1}, {6, 7}, {4, 5}, {2, 3}], [{8, 1}, {6, 7}, {5}, {2, 4}, {3}], [{8, 1}, {6, 7}, {5}, {3, 4}, {2}], [{8, 1}, {6, 7}, {5}, {4}, {2, 3}], [{8, 1}, {7}, {4, 6}, {2, 5}, {3}], [{8, 1}, {7}, {5, 6}, {4}, {2, 3}], [{8, 1}, {7}, {6}, {3, 5}, {2, 4}], [{8, 2}, {1, 7}, {3, 6}, {4, 5}], [{8, 2}, {1, 7}, {4, 6}, {3, 5}], [{8, 2}, {1, 7}, {5, 6}, {3, 4}], [{8, 2}, {1, 7}, {6}, {4, 5}, {3}], [{8, 2}, {3, 7}, {1, 6}, {4, 5}], [{8, 2}, {3, 7}, {4, 6}, {1, 5}], [{8, 2}, {3, 7}, {5, 6}, {1, 4}], [{8, 2}, {3, 7}, {6}, {5}, {1, 4}], [{8, 2}, {4, 7}, {1, 6}, {3, 5}], [{8, 2}, {4, 7}, {3, 6}, {1, 5}], [{8, 2}, {4, 7}, {5, 6}, {1, 3}], [{8, 2}, {4, 7}, {6}, {3, 5}, {1}], [{8, 2}, {5, 7}, {1, 6}, {3, 4}], [{8, 2}, {5, 7}, {1, 6}, {4}, {3}], [{8, 2}, {5, 7}, {3, 6}, {1, 4}], [{8, 2}, {5, 7}, {3, 6}, {4}, {1}], [{8, 2}, {5, 7}, {4, 6}, {1, 3}], [{8, 2}, {5, 7}, {6}, {4}, {1, 3}], [{8, 2}, {6, 7}, {1, 5}, {3, 4}], [{8, 2}, {6, 7}, {3, 5}, {1, 4}], [{8, 2}, {6, 7}, {4, 5}, {1, 3}], [{8, 2}, {6, 7}, {5}, {1, 4}, {3}], [{8, 2}, {6, 7}, {5}, {3, 4}, {1}], [{8, 2}, {6, 7}, {5}, {4}, {1, 3}], [{8, 2}, {7}, {3, 6}, {5}, {1, 4}], [{8, 2}, {7}, {5, 6}, {4}, {1, 3}], [{8, 2}, {7}, {6}, {1, 5}, {3, 4}], [{8, 3}, {1, 7}, {2, 6}, {4, 5}], [{8, 3}, {1, 7}, {4, 6}, {2, 5}], [{8, 3}, {1, 7}, {5, 6}, {2, 4}], [{8, 3}, {2, 7}, {1, 6}, {4, 5}], [{8, 3}, {2, 7}, {4, 6}, {1, 5}], [{8, 3}, {2, 7}, {5, 6}, {1, 4}], [{8, 3}, {2, 7}, {5, 6}, {4}, {1}], [{8, 3}, {4, 7}, {1, 6}, {2, 5}], [{8, 3}, {4, 7}, {2, 6}, {1, 5}], [{8, 3}, {4, 7}, {5, 6}, {1, 2}], [{8, 3}, {5, 7}, {1, 6}, {2, 4}], [{8, 3}, {5, 7}, {1, 6}, {4}, {2}], [{8, 3}, {5, 7}, {2, 6}, {1, 4}], [{8, 3}, {5, 7}, {2, 6}, {4}, {1}], [{8, 3}, {5, 7}, {4, 6}, {1, 2}], [{8, 3}, {5, 7}, {4, 6}, {2}, {1}], [{8, 3}, {5, 7}, {6}, {1, 4}, {2}], [{8, 3}, {5, 7}, {6}, {2, 4}, {1}], [{8, 3}, {5, 7}, {6}, {4}, {1, 2}], [{8, 3}, {5, 7}, {6}, {4}, {2}, {1}], [{8, 3}, {6, 7}, {1, 5}, {2, 4}], [{8, 3}, {6, 7}, {2, 5}, {1, 4}], [{8, 3}, {6, 7}, {2, 5}, {4}, {1}], [{8, 3}, {6, 7}, {4, 5}, {1, 2}], [{8, 3}, {7}, {4, 6}, {5}, {1, 2}], [{8, 4}, {1, 7}, {2, 6}, {3, 5}], [{8, 4}, {1, 7}, {2, 6}, {5}, {3}], [{8, 4}, {1, 7}, {3, 6}, {2, 5}], [{8, 4}, {1, 7}, {5, 6}, {2, 3}], [{8, 4}, {2, 7}, {1, 6}, {3, 5}], [{8, 4}, {2, 7}, {3, 6}, {1, 5}], [{8, 4}, {2, 7}, {5, 6}, {1, 3}], [{8, 4}, {2, 7}, {5, 6}, {3}, {1}], [{8, 4}, {3, 7}, {1, 6}, {2, 5}], [{8, 4}, {3, 7}, {2, 6}, {1, 5}], [{8, 4}, {3, 7}, {2, 6}, {5}, {1}], [{8, 4}, {3, 7}, {5, 6}, {1, 2}], [{8, 4}, {5, 7}, {1, 6}, {2, 3}], [{8, 4}, {5, 7}, {2, 6}, {1, 3}], [{8, 4}, {5, 7}, {2, 6}, {3}, {1}], [{8, 4}, {5, 7}, {3, 6}, {1, 2}], [{8, 4}, {6, 7}, {1, 5}, {2, 3}], [{8, 4}, {6, 7}, {2, 5}, {1, 3}], [{8, 4}, {6, 7}, {2, 5}, {3}, {1}], [{8, 4}, {6, 7}, {3, 5}, {1, 2}], [{8, 4}, {7}, {2, 6}, {1, 5}, {3}], [{8, 4}, {7}, {2, 6}, {3, 5}, {1}], [{8, 4}, {7}, {2, 6}, {5}, {1, 3}], [{8, 4}, {7}, {2, 6}, {5}, {3}, {1}], [{8, 5}, {1, 7}, {2, 6}, {3, 4}], [{8, 5}, {1, 7}, {3, 6}, {2, 4}], [{8, 5}, {1, 7}, {4, 6}, {2, 3}], [{8, 5}, {1, 7}, {6}, {2, 4}, {3}], [{8, 5}, {2, 7}, {1, 6}, {3, 4}], [{8, 5}, {2, 7}, {3, 6}, {1, 4}], [{8, 5}, {2, 7}, {4, 6}, {1, 3}], [{8, 5}, {3, 7}, {1, 6}, {2, 4}], [{8, 5}, {3, 7}, {2, 6}, {1, 4}], [{8, 5}, {3, 7}, {4, 6}, {1, 2}], [{8, 5}, {4, 7}, {1, 6}, {2, 3}], [{8, 5}, {4, 7}, {2, 6}, {1, 3}], [{8, 5}, {4, 7}, {2, 6}, {3}, {1}], [{8, 5}, {4, 7}, {3, 6}, {1, 2}], [{8, 5}, {6, 7}, {1, 4}, {2, 3}], [{8, 5}, {6, 7}, {2, 4}, {1, 3}], [{8, 5}, {6, 7}, {3, 4}, {1, 2}], [{8, 5}, {6, 7}, {3, 4}, {2}, {1}], [{8, 5}, {7}, {4, 6}, {3}, {1, 2}], [{8, 5}, {7}, {6}, {1, 4}, {2, 3}], [{8, 6}, {1, 7}, {2, 5}, {3, 4}], [{8, 6}, {1, 7}, {3, 5}, {2, 4}], [{8, 6}, {1, 7}, {4, 5}, {2, 3}], [{8, 6}, {2, 7}, {1, 5}, {3, 4}], [{8, 6}, {2, 7}, {3, 5}, {1, 4}], [{8, 6}, {2, 7}, {4, 5}, {1, 3}], [{8, 6}, {3, 7}, {1, 5}, {2, 4}], [{8, 6}, {3, 7}, {2, 5}, {1, 4}], [{8, 6}, {3, 7}, {4, 5}, {1, 2}], [{8, 6}, {4, 7}, {1, 5}, {2, 3}], [{8, 6}, {4, 7}, {2, 5}, {1, 3}], [{8, 6}, {4, 7}, {3, 5}, {1, 2}], [{8, 6}, {5, 7}, {1, 4}, {2, 3}], [{8, 6}, {5, 7}, {2, 4}, {1, 3}], [{8, 6}, {5, 7}, {3, 4}, {1, 2}], [{8, 6}, {5, 7}, {4}, {1, 3}, {2}], [{8, 6}, {5, 7}, {4}, {2, 3}, {1}], [{8, 6}, {5, 7}, {4}, {3}, {1, 2}], [{8, 6}, {7}, {2, 5}, {1, 4}, {3}], [{8, 7}, {1, 6}, {2, 5}, {3, 4}], [{8, 7}, {1, 6}, {3, 5}, {2, 4}], [{8, 7}, {1, 6}, {4, 5}, {2, 3}], [{8, 7}, {2, 6}, {1, 5}, {3, 4}], [{8, 7}, {2, 6}, {3, 5}, {1, 4}], [{8, 7}, {2, 6}, {4, 5}, {1, 3}], [{8, 7}, {2, 6}, {4, 5}, {3}, {1}], [{8, 7}, {3, 6}, {1, 5}, {2, 4}], [{8, 7}, {3, 6}, {2, 5}, {1, 4}], [{8, 7}, {3, 6}, {4, 5}, {1, 2}], [{8, 7}, {4, 6}, {1, 5}, {2, 3}], [{8, 7}, {4, 6}, {2, 5}, {1, 3}], [{8, 7}, {4, 6}, {2, 5}, {3}, {1}], [{8, 7}, {4, 6}, {3, 5}, {1, 2}], [{8, 7}, {5, 6}, {1, 4}, {2, 3}], [{8, 7}, {5, 6}, {2, 4}, {1, 3}], [{8, 7}, {5, 6}, {3, 4}, {1, 2}], [{8, 7}, {5, 6}, {4}, {1, 3}, {2}], [{8}, {1, 7}, {4, 6}, {2, 5}, {3}], [{8}, {2, 7}, {1, 6}, {4, 5}, {3}], [{8}, {2, 7}, {4, 6}, {1, 5}, {3}], [{8}, {2, 7}, {5, 6}, {1, 4}, {3}], [{8}, {2, 7}, {5, 6}, {3, 4}, {1}], [{8}, {2, 7}, {5, 6}, {4}, {1, 3}], [{8}, {2, 7}, {5, 6}, {4}, {3}, {1}], [{8}, {3, 7}, {1, 6}, {2, 5}, {4}], [{8}, {4, 7}, {3, 6}, {5}, {1, 2}], [{8}, {5, 7}, {1, 6}, {4}, {2, 3}], [{8}, {5, 7}, {2, 6}, {1, 4}, {3}], [{8}, {5, 7}, {2, 6}, {3, 4}, {1}], [{8}, {5, 7}, {2, 6}, {4}, {1, 3}], [{8}, {5, 7}, {2, 6}, {4}, {3}, {1}], [{8}, {5, 7}, {3, 6}, {4}, {1, 2}], [{8}, {6, 7}, {1, 5}, {3, 4}, {2}], [{8}, {6, 7}, {2, 5}, {3, 4}, {1}], [{8}, {6, 7}, {5}, {3, 4}, {1, 2}], [{8}, {6, 7}, {5}, {3, 4}, {2}, {1}], [{8}, {7}, {3, 6}, {4, 5}, {1, 2}], [{8}, {7}, {4, 6}, {3, 5}, {1, 2}]]",2,16 K_1^3 + 4 K_1^2 K_2 - 6 K_1^2 - 14 K_1 K_2 - 4 K_1 K_3 - 5 K_1 + 3 K_2 + 3 K_3 + K_4 + 3,O1O2O3O4U5U1O5U3O6O7U6U4U8U7O8U2,O1O2O3O4U1U4O5U6O7O6U3U5U8U7O8U2,O1O2O3O4U3O5U6U5U7U2O8O6U8O7U1U4,c,{'O1O2O3O4U3O5U6U5U1U7O6O7U2O8U4U8'},1,"<a href=""/flatknot/8.733832"">8.733832</a>",t^9-59t^7-144t^6+79t^5+384t^4+110t^3-212t^2-107t+4,t^3-t^2-t,,
8.733833,O1O2O3O4U3O5U6U5U1U7O6O7U4O8U2U8,4,24z^2+109z+123,24w^3z^2+109w^2z+123w,False,False,"[[ 0 -1  0 -1  2  1 -3  1  1],[ 1  0  1  0  1  0  0  2  1],[ 0 -1  0 -1  1  1 -2  1  1],[ 1  0  1  0  1  0  1  1  0],[-2 -1 -1 -1  0  1 -4 -1  0],[-1  0 -1  0 -1  0 -1  0  0],[ 3  0  2 -1  4  1  0  3  1],[-1 -2 -1 -1  1  0 -3  0  1],[-1 -1 -1  0  0  0 -1 -1  0]]","[[ 0  2  1  1  1  0 -1 -1 -3],[-2  0  1  0 -1 -1 -1 -1 -4],[-1 -1  0  0  0 -1  0  0 -1],[-1  0  0  0 -1 -1  0 -1 -1],[-1  1  0  1  0 -1 -1 -2 -3],[ 0  1  1  1  1  0 -1 -1 -2],[ 1  1  0  0  1  1  0  0  1],[ 1  1  0  1  2  1  0  0  0],[ 3  4  1  1  3  2 -1  0  0]]",True,"[-2,-1,-1,-1,0,1,1,3,-1,0,1,1,1,1,4,0,0,1,0,0,1,1,1,0,1,1,1,1,2,3,1,1,2,0,-1,0]","[-3,-1,-1,0,1,1,1,2,-1,0,2,1,1,3,4,0,1,0,0,1,1,1,0,1,2,1,1,1,1,1,0,0,-1,-1,0,1]",t^8+49t^6+135t^4+51t^2+4,"[-3,-1,-1,0,1,1,1,2,2,3,1,1,3,3,1,0,0,0,1,2,2,0,1,2,2,2,0,0,0,1,-1,0,0,0,1,2]","[-2,-1,-1,-1,0,1,1,3,0,1,2,1,2,2,1,1,0,0,0,1,1,0,0,1,2,3,0,2,2,3,0,0,1,0,2,3]","[-3,-1,-1,0,1,1,1,2,-1,0,2,1,1,3,4,0,1,0,0,1,1,1,0,1,2,1,1,1,1,1,0,0,-1,-1,0,1]",c,"[[{8, 5}, {1, 7}, {3, 6}, {2, 4}]]",1,16 K_1^3 + 8 K_1^2 K_2 - 16 K_1^2 - 26 K_1 K_2 - 10 K_1 K_3 + K_1 - 2 K_2^2 + 9 K_2 + 9 K_3 + 4 K_4 + 8,O1O2O3O4U5U3O5U1O6O7U6U4U8U7O8U2,O1O2O3O4U1U4O5U6O7O6U3U7U8U5O8U2,O1O2O3O4U3O5U6U5U7U2O8O7U8O6U1U4,c,{'O1O2O3O4U3O5U6U5U1U7O6O7U4O8U2U8'},1,"<a href=""/flatknot/8.733833"">8.733833</a>",t^9-53t^7-116t^6+34t^5+224t^4+169t^3+62t^2-7t-14,t^3-t^2-t,,
8.733834,O1O2O3O4U3O5U6U5U1U7O6O8U2O7U4U8,4,11z^2+80z+117,11w^3z^2+80w^2z+117w,False,False,"[[ 0 -1  0 -1  2  1 -3  1  1],[ 1  0  0  0  2  0  0  1  2],[ 0  0  0  0  1  1 -1  1  1],[ 1  0  0  0  1  0  1  1  1],[-2 -2 -1 -1  0  1 -4 -1  0],[-1  0 -1  0 -1  0 -1  0  0],[ 3  0  1 -1  4  1  0  3  2],[-1 -1 -1 -1  1  0 -3  0  1],[-1 -2 -1 -1  0  0 -2 -1  0]]","[[ 0  2  1  1  1  0 -1 -1 -3],[-2  0  1  0 -1 -1 -1 -2 -4],[-1 -1  0  0  0 -1  0  0 -1],[-1  0  0  0 -1 -1 -1 -2 -2],[-1  1  0  1  0 -1 -1 -1 -3],[ 0  1  1  1  1  0  0  0 -1],[ 1  1  0  1  1  0  0  0  1],[ 1  2  0  2  1  0  0  0  0],[ 3  4  1  2  3  1 -1  0  0]]",True,"[-2,-1,-1,-1,0,1,1,3,-1,0,1,1,1,2,4,0,0,1,0,0,1,1,1,1,2,2,1,1,1,3,0,0,1,0,-1,0]","[-3,-1,-1,0,1,1,1,2,-1,0,1,1,2,3,4,0,0,0,1,1,1,0,0,2,1,2,1,1,1,1,0,0,-1,-1,0,1]",t^8+51t^6+158t^4+87t^2,"[-3,-1,-1,0,1,1,1,2,2,3,2,1,2,3,1,0,1,1,0,2,1,1,1,1,2,2,0,0,0,1,-1,0,0,0,1,2]","[-2,-1,-1,-1,0,1,1,3,0,1,2,1,1,2,1,1,0,0,1,1,1,0,0,0,1,2,0,2,2,3,1,1,2,0,2,3]","[-3,-1,-1,0,1,1,1,2,-1,0,1,1,2,3,4,0,0,0,1,1,1,0,0,2,1,2,1,1,1,1,0,0,-1,-1,0,1]",c,"[[{8, 1}, {2, 7}, {3, 6}, {4, 5}], [{8, 1}, {2, 7}, {4, 6}, {3, 5}], [{8, 1}, {2, 7}, {5, 6}, {3, 4}], [{8, 1}, {3, 7}, {2, 6}, {4, 5}], [{8, 1}, {3, 7}, {4, 6}, {2, 5}], [{8, 1}, {3, 7}, {5, 6}, {2, 4}], [{8, 1}, {3, 7}, {6}, {2, 5}, {4}], [{8, 1}, {4, 7}, {2, 6}, {3, 5}], [{8, 1}, {4, 7}, {3, 6}, {2, 5}], [{8, 1}, {4, 7}, {5, 6}, {2, 3}], [{8, 1}, {4, 7}, {6}, {3, 5}, {2}], [{8, 1}, {5, 7}, {2, 6}, {3, 4}], [{8, 1}, {5, 7}, {2, 6}, {4}, {3}], [{8, 1}, {5, 7}, {3, 6}, {2, 4}], [{8, 1}, {5, 7}, {4, 6}, {2, 3}], [{8, 1}, {6, 7}, {2, 5}, {3, 4}], [{8, 1}, {6, 7}, {3, 5}, {2, 4}], [{8, 1}, {6, 7}, {3, 5}, {4}, {2}], [{8, 1}, {6, 7}, {4, 5}, {2, 3}], [{8, 1}, {6, 7}, {5}, {2, 4}, {3}], [{8, 1}, {7}, {4, 6}, {2, 5}, {3}], [{8, 1}, {7}, {4, 6}, {3, 5}, {2}], [{8, 1}, {7}, {4, 6}, {5}, {2, 3}], [{8, 2}, {1, 7}, {3, 6}, {4, 5}], [{8, 2}, {1, 7}, {4, 6}, {3, 5}], [{8, 2}, {1, 7}, {5, 6}, {3, 4}], [{8, 2}, {1, 7}, {5, 6}, {4}, {3}], [{8, 2}, {1, 7}, {6}, {5}, {3, 4}], [{8, 2}, {3, 7}, {1, 6}, {4, 5}], [{8, 2}, {3, 7}, {1, 6}, {5}, {4}], [{8, 2}, {3, 7}, {4, 6}, {1, 5}], [{8, 2}, {3, 7}, {5, 6}, {1, 4}], [{8, 2}, {3, 7}, {5, 6}, {4}, {1}], [{8, 2}, {3, 7}, {6}, {1, 5}, {4}], [{8, 2}, {4, 7}, {1, 6}, {3, 5}], [{8, 2}, {4, 7}, {1, 6}, {5}, {3}], [{8, 2}, {4, 7}, {3, 6}, {1, 5}], [{8, 2}, {4, 7}, {5, 6}, {1, 3}], [{8, 2}, {4, 7}, {5, 6}, {3}, {1}], [{8, 2}, {4, 7}, {6}, {1, 5}, {3}], [{8, 2}, {5, 7}, {1, 6}, {3, 4}], [{8, 2}, {5, 7}, {1, 6}, {4}, {3}], [{8, 2}, {5, 7}, {3, 6}, {1, 4}], [{8, 2}, {5, 7}, {4, 6}, {1, 3}], [{8, 2}, {5, 7}, {6}, {3, 4}, {1}], [{8, 2}, {6, 7}, {1, 5}, {3, 4}], [{8, 2}, {6, 7}, {1, 5}, {4}, {3}], [{8, 2}, {6, 7}, {3, 5}, {1, 4}], [{8, 2}, {6, 7}, {4, 5}, {1, 3}], [{8, 2}, {6, 7}, {5}, {3, 4}, {1}], [{8, 2}, {7}, {1, 6}, {3, 5}, {4}], [{8, 2}, {7}, {1, 6}, {4, 5}, {3}], [{8, 2}, {7}, {1, 6}, {5}, {3, 4}], [{8, 2}, {7}, {1, 6}, {5}, {4}, {3}], [{8, 2}, {7}, {3, 6}, {1, 5}, {4}], [{8, 2}, {7}, {4, 6}, {1, 5}, {3}], [{8, 2}, {7}, {5, 6}, {1, 4}, {3}], [{8, 2}, {7}, {5, 6}, {3, 4}, {1}], [{8, 2}, {7}, {5, 6}, {4}, {1, 3}], [{8, 2}, {7}, {5, 6}, {4}, {3}, {1}], [{8, 2}, {7}, {6}, {1, 5}, {3, 4}], [{8, 2}, {7}, {6}, {1, 5}, {4}, {3}], [{8, 3}, {1, 7}, {2, 6}, {4, 5}], [{8, 3}, {1, 7}, {4, 6}, {2, 5}], [{8, 3}, {1, 7}, {5, 6}, {2, 4}], [{8, 3}, {2, 7}, {1, 6}, {4, 5}], [{8, 3}, {2, 7}, {4, 6}, {1, 5}], [{8, 3}, {2, 7}, {5, 6}, {1, 4}], [{8, 3}, {2, 7}, {5, 6}, {4}, {1}], [{8, 3}, {4, 7}, {1, 6}, {2, 5}], [{8, 3}, {4, 7}, {2, 6}, {1, 5}], [{8, 3}, {4, 7}, {5, 6}, {1, 2}], [{8, 3}, {5, 7}, {1, 6}, {2, 4}], [{8, 3}, {5, 7}, {2, 6}, {1, 4}], [{8, 3}, {5, 7}, {4, 6}, {1, 2}], [{8, 3}, {6, 7}, {1, 5}, {2, 4}], [{8, 3}, {6, 7}, {2, 5}, {1, 4}], [{8, 3}, {6, 7}, {4, 5}, {1, 2}], [{8, 3}, {7}, {4, 6}, {5}, {1, 2}], [{8, 3}, {7}, {6}, {1, 5}, {2, 4}], [{8, 4}, {1, 7}, {2, 6}, {3, 5}], [{8, 4}, {1, 7}, {3, 6}, {2, 5}], [{8, 4}, {1, 7}, {5, 6}, {2, 3}], [{8, 4}, {2, 7}, {1, 6}, {3, 5}], [{8, 4}, {2, 7}, {1, 6}, {5}, {3}], [{8, 4}, {2, 7}, {3, 6}, {1, 5}], [{8, 4}, {2, 7}, {5, 6}, {1, 3}], [{8, 4}, {3, 7}, {1, 6}, {2, 5}], [{8, 4}, {3, 7}, {2, 6}, {1, 5}], [{8, 4}, {3, 7}, {5, 6}, {1, 2}], [{8, 4}, {5, 7}, {1, 6}, {2, 3}], [{8, 4}, {5, 7}, {2, 6}, {1, 3}], [{8, 4}, {5, 7}, {2, 6}, {3}, {1}], [{8, 4}, {5, 7}, {3, 6}, {1, 2}], [{8, 4}, {6, 7}, {1, 5}, {2, 3}], [{8, 4}, {6, 7}, {2, 5}, {1, 3}], [{8, 4}, {6, 7}, {3, 5}, {1, 2}], [{8, 4}, {7}, {6}, {1, 5}, {2, 3}], [{8, 5}, {1, 7}, {2, 6}, {3, 4}], [{8, 5}, {1, 7}, {3, 6}, {2, 4}], [{8, 5}, {1, 7}, {4, 6}, {2, 3}], [{8, 5}, {1, 7}, {6}, {2, 4}, {3}], [{8, 5}, {2, 7}, {1, 6}, {3, 4}], [{8, 5}, {2, 7}, {3, 6}, {1, 4}], [{8, 5}, {2, 7}, {4, 6}, {1, 3}], [{8, 5}, {3, 7}, {1, 6}, {2, 4}], [{8, 5}, {3, 7}, {2, 6}, {1, 4}], [{8, 5}, {3, 7}, {2, 6}, {4}, {1}], [{8, 5}, {3, 7}, {4, 6}, {1, 2}], [{8, 5}, {3, 7}, {4, 6}, {2}, {1}], [{8, 5}, {3, 7}, {6}, {2, 4}, {1}], [{8, 5}, {4, 7}, {1, 6}, {2, 3}], [{8, 5}, {4, 7}, {2, 6}, {1, 3}], [{8, 5}, {4, 7}, {3, 6}, {1, 2}], [{8, 5}, {4, 7}, {3, 6}, {2}, {1}], [{8, 5}, {6, 7}, {1, 4}, {2, 3}], [{8, 5}, {6, 7}, {2, 4}, {1, 3}], [{8, 5}, {6, 7}, {3, 4}, {1, 2}], [{8, 5}, {6, 7}, {4}, {1, 3}, {2}], [{8, 5}, {6, 7}, {4}, {2, 3}, {1}], [{8, 5}, {6, 7}, {4}, {3}, {1, 2}], [{8, 5}, {7}, {2, 6}, {1, 4}, {3}], [{8, 5}, {7}, {6}, {2, 4}, {1, 3}], [{8, 6}, {1, 7}, {2, 5}, {3, 4}], [{8, 6}, {1, 7}, {3, 5}, {2, 4}], [{8, 6}, {1, 7}, {4, 5}, {2, 3}], [{8, 6}, {2, 7}, {1, 5}, {3, 4}], [{8, 6}, {2, 7}, {3, 5}, {1, 4}], [{8, 6}, {2, 7}, {4, 5}, {1, 3}], [{8, 6}, {2, 7}, {5}, {3, 4}, {1}], [{8, 6}, {3, 7}, {1, 5}, {2, 4}], [{8, 6}, {3, 7}, {2, 5}, {1, 4}], [{8, 6}, {3, 7}, {4, 5}, {1, 2}], [{8, 6}, {4, 7}, {1, 5}, {2, 3}], [{8, 6}, {4, 7}, {2, 5}, {1, 3}], [{8, 6}, {4, 7}, {3, 5}, {1, 2}], [{8, 6}, {5, 7}, {1, 4}, {2, 3}], [{8, 6}, {5, 7}, {2, 4}, {1, 3}], [{8, 6}, {5, 7}, {3, 4}, {1, 2}], [{8, 6}, {7}, {1, 5}, {3, 4}, {2}], [{8, 6}, {7}, {4, 5}, {1, 3}, {2}], [{8, 7}, {1, 6}, {2, 5}, {3, 4}], [{8, 7}, {1, 6}, {3, 5}, {2, 4}], [{8, 7}, {1, 6}, {4, 5}, {2, 3}], [{8, 7}, {1, 6}, {5}, {2, 4}, {3}], [{8, 7}, {2, 6}, {1, 5}, {3, 4}], [{8, 7}, {2, 6}, {3, 5}, {1, 4}], [{8, 7}, {2, 6}, {4, 5}, {1, 3}], [{8, 7}, {2, 6}, {5}, {1, 4}, {3}], [{8, 7}, {3, 6}, {1, 5}, {2, 4}], [{8, 7}, {3, 6}, {2, 5}, {1, 4}], [{8, 7}, {3, 6}, {4, 5}, {1, 2}], [{8, 7}, {3, 6}, {5}, {1, 4}, {2}], [{8, 7}, {4, 6}, {1, 5}, {2, 3}], [{8, 7}, {4, 6}, {2, 5}, {1, 3}], [{8, 7}, {4, 6}, {2, 5}, {3}, {1}], [{8, 7}, {4, 6}, {3, 5}, {1, 2}], [{8, 7}, {5, 6}, {1, 4}, {2, 3}], [{8, 7}, {5, 6}, {2, 4}, {1, 3}], [{8, 7}, {5, 6}, {3, 4}, {1, 2}], [{8, 7}, {5, 6}, {4}, {2, 3}, {1}], [{8, 7}, {6}, {1, 5}, {3, 4}, {2}], [{8, 7}, {6}, {4, 5}, {3}, {1, 2}], [{8, 7}, {6}, {5}, {1, 4}, {2, 3}], [{8}, {1, 7}, {2, 6}, {4, 5}, {3}], [{8}, {1, 7}, {4, 6}, {2, 5}, {3}], [{8}, {1, 7}, {5, 6}, {3, 4}, {2}], [{8}, {2, 7}, {3, 6}, {4, 5}, {1}], [{8}, {2, 7}, {6}, {1, 5}, {3, 4}], [{8}, {5, 7}, {1, 6}, {3, 4}, {2}], [{8}, {5, 7}, {2, 6}, {1, 4}, {3}], [{8}, {5, 7}, {4, 6}, {3}, {1, 2}], [{8}, {6, 7}, {1, 5}, {3, 4}, {2}], [{8}, {6, 7}, {3, 5}, {2, 4}, {1}], [{8}, {7}, {2, 6}, {1, 5}, {3, 4}], [{8}, {7}, {6}, {1, 5}, {3, 4}, {2}]]",2,8 K_1^3 + 4 K_1^2 K_2 - 32 K_1^2 - 22 K_1 K_2 - 2 K_1 K_3 + 5 K_1 - 2 K_2^2 + 15 K_2 + 9 K_3 + K_4 + 17,O1O2O3O4U5U1O6U3O5O7U6U4U8U7O8U2,O1O2O3O4U1U5O6U4O7O5U3U6U8U7O8U2,O1O2O3O4U3O5U6U5U7U2O8O6U1O7U8U4,c,{'O1O2O3O4U3O5U6U5U1U7O6O8U2O7U4U8'},1,"<a href=""/flatknot/8.733834"">8.733834</a>",t^9-55t^7-96t^6+131t^5+214t^4-104t^3-116t^2-2t+4,t^3-t^2-t,,
8.733835,O1O2O3O4U3O5U6U5U1U7O6O8U2O7U8U4,4,2z^3+29z^2+108z+117,2w^4z^3+29w^3z^2+108w^2z+117w,False,False,"[[ 0 -1  0 -1  3  1 -3  1  0],[ 1  0  0  0  2  0  0  1  1],[ 0  0  0  0  2  1 -1  1  0],[ 1  0  0  0  1  0  1  1  0],[-3 -2 -2 -1  0  1 -5 -1 -1],[-1  0 -1  0 -1  0 -1  0  0],[ 3  0  1 -1  5  1  0  3  1],[-1 -1 -1 -1  1  0 -3  0  0],[ 0 -1  0  0  1  0 -1  0  0]]","[[ 0  3  1  1  0  0 -1 -1 -3],[-3  0  1 -1 -1 -2 -1 -2 -5],[-1 -1  0  0  0 -1  0  0 -1],[-1  1  0  0  0 -1 -1 -1 -3],[ 0  1  0  0  0  0  0 -1 -1],[ 0  2  1  1  0  0  0  0 -1],[ 1  1  0  1  0  0  0  0  1],[ 1  2  0  1  1  0  0  0  0],[ 3  5  1  3  1  1 -1  0  0]]",True,"[-3,-1,-1,0,0,1,1,3,-1,1,1,2,1,2,5,0,0,1,0,0,1,0,1,1,1,3,0,0,1,1,0,0,1,0,-1,0]","[-3,-1,-1,0,0,1,1,3,-1,0,1,1,1,3,5,0,0,0,0,1,1,0,1,0,1,2,0,1,1,2,0,0,1,0,-1,1]",t^8+55t^6+115t^4+57t^2+4,"[-3,-1,-1,0,0,1,1,3,2,3,2,2,1,3,1,0,0,1,1,2,2,1,1,1,2,3,0,1,1,2,0,0,1,0,1,3]","[-3,-1,-1,0,0,1,1,3,1,3,1,2,2,3,1,0,0,1,1,1,1,0,1,2,2,3,0,1,1,2,0,1,2,0,2,3]","[-3,-1,-1,0,0,1,1,3,-1,0,1,1,1,3,5,0,0,0,0,1,1,0,1,0,1,2,0,1,1,2,0,0,1,0,-1,1]",c,"[[{8, 1}, {2, 7}, {3, 6}, {4, 5}], [{8, 1}, {2, 7}, {4, 6}, {3, 5}], [{8, 1}, {2, 7}, {4, 6}, {5}, {3}], [{8, 1}, {2, 7}, {5, 6}, {3, 4}], [{8, 1}, {2, 7}, {6}, {3, 5}, {4}], [{8, 1}, {3, 7}, {2, 6}, {4, 5}], [{8, 1}, {3, 7}, {4, 6}, {2, 5}], [{8, 1}, {3, 7}, {5, 6}, {2, 4}], [{8, 1}, {4, 7}, {2, 6}, {3, 5}], [{8, 1}, {4, 7}, {2, 6}, {5}, {3}], [{8, 1}, {4, 7}, {3, 6}, {2, 5}], [{8, 1}, {4, 7}, {5, 6}, {2, 3}], [{8, 1}, {5, 7}, {2, 6}, {3, 4}], [{8, 1}, {5, 7}, {3, 6}, {2, 4}], [{8, 1}, {5, 7}, {4, 6}, {2, 3}], [{8, 1}, {5, 7}, {4, 6}, {3}, {2}], [{8, 1}, {6, 7}, {2, 5}, {3, 4}], [{8, 1}, {6, 7}, {3, 5}, {2, 4}], [{8, 1}, {6, 7}, {4, 5}, {2, 3}], [{8, 1}, {6, 7}, {5}, {2, 4}, {3}], [{8, 1}, {7}, {4, 6}, {2, 5}, {3}], [{8, 1}, {7}, {6}, {4, 5}, {2, 3}], [{8, 2}, {1, 7}, {3, 6}, {4, 5}], [{8, 2}, {1, 7}, {4, 6}, {3, 5}], [{8, 2}, {1, 7}, {5, 6}, {3, 4}], [{8, 2}, {3, 7}, {1, 6}, {4, 5}], [{8, 2}, {3, 7}, {4, 6}, {1, 5}], [{8, 2}, {3, 7}, {5, 6}, {1, 4}], [{8, 2}, {4, 7}, {1, 6}, {3, 5}], [{8, 2}, {4, 7}, {3, 6}, {1, 5}], [{8, 2}, {4, 7}, {5, 6}, {1, 3}], [{8, 2}, {4, 7}, {6}, {1, 5}, {3}], [{8, 2}, {5, 7}, {1, 6}, {3, 4}], [{8, 2}, {5, 7}, {1, 6}, {4}, {3}], [{8, 2}, {5, 7}, {3, 6}, {1, 4}], [{8, 2}, {5, 7}, {4, 6}, {1, 3}], [{8, 2}, {5, 7}, {4, 6}, {3}, {1}], [{8, 2}, {5, 7}, {6}, {1, 4}, {3}], [{8, 2}, {6, 7}, {1, 5}, {3, 4}], [{8, 2}, {6, 7}, {3, 5}, {1, 4}], [{8, 2}, {6, 7}, {4, 5}, {1, 3}], [{8, 2}, {6, 7}, {4, 5}, {3}, {1}], [{8, 2}, {6, 7}, {5}, {4}, {1, 3}], [{8, 2}, {7}, {6}, {4, 5}, {1, 3}], [{8, 3}, {1, 7}, {2, 6}, {4, 5}], [{8, 3}, {1, 7}, {4, 6}, {2, 5}], [{8, 3}, {1, 7}, {4, 6}, {5}, {2}], [{8, 3}, {1, 7}, {5, 6}, {2, 4}], [{8, 3}, {2, 7}, {1, 6}, {4, 5}], [{8, 3}, {2, 7}, {4, 6}, {1, 5}], [{8, 3}, {2, 7}, {5, 6}, {1, 4}], [{8, 3}, {4, 7}, {1, 6}, {2, 5}], [{8, 3}, {4, 7}, {2, 6}, {1, 5}], [{8, 3}, {4, 7}, {2, 6}, {5}, {1}], [{8, 3}, {4, 7}, {5, 6}, {1, 2}], [{8, 3}, {5, 7}, {1, 6}, {2, 4}], [{8, 3}, {5, 7}, {2, 6}, {1, 4}], [{8, 3}, {5, 7}, {4, 6}, {1, 2}], [{8, 3}, {6, 7}, {1, 5}, {2, 4}], [{8, 3}, {6, 7}, {2, 5}, {1, 4}], [{8, 3}, {6, 7}, {4, 5}, {1, 2}], [{8, 3}, {6, 7}, {5}, {4}, {1, 2}], [{8, 3}, {7}, {1, 6}, {4, 5}, {2}], [{8, 3}, {7}, {5, 6}, {1, 4}, {2}], [{8, 4}, {1, 7}, {2, 6}, {3, 5}], [{8, 4}, {1, 7}, {3, 6}, {2, 5}], [{8, 4}, {1, 7}, {5, 6}, {2, 3}], [{8, 4}, {2, 7}, {1, 6}, {3, 5}], [{8, 4}, {2, 7}, {1, 6}, {5}, {3}], [{8, 4}, {2, 7}, {3, 6}, {1, 5}], [{8, 4}, {2, 7}, {5, 6}, {1, 3}], [{8, 4}, {2, 7}, {6}, {3, 5}, {1}], [{8, 4}, {3, 7}, {1, 6}, {2, 5}], [{8, 4}, {3, 7}, {2, 6}, {1, 5}], [{8, 4}, {3, 7}, {5, 6}, {1, 2}], [{8, 4}, {3, 7}, {6}, {1, 5}, {2}], [{8, 4}, {5, 7}, {1, 6}, {2, 3}], [{8, 4}, {5, 7}, {2, 6}, {1, 3}], [{8, 4}, {5, 7}, {3, 6}, {1, 2}], [{8, 4}, {6, 7}, {1, 5}, {2, 3}], [{8, 4}, {6, 7}, {2, 5}, {1, 3}], [{8, 4}, {6, 7}, {3, 5}, {1, 2}], [{8, 4}, {6, 7}, {3, 5}, {2}, {1}], [{8, 4}, {7}, {2, 6}, {1, 5}, {3}], [{8, 4}, {7}, {2, 6}, {3, 5}, {1}], [{8, 4}, {7}, {2, 6}, {5}, {1, 3}], [{8, 5}, {1, 7}, {2, 6}, {3, 4}], [{8, 5}, {1, 7}, {3, 6}, {2, 4}], [{8, 5}, {1, 7}, {3, 6}, {4}, {2}], [{8, 5}, {1, 7}, {4, 6}, {2, 3}], [{8, 5}, {1, 7}, {4, 6}, {3}, {2}], [{8, 5}, {1, 7}, {6}, {3, 4}, {2}], [{8, 5}, {2, 7}, {1, 6}, {3, 4}], [{8, 5}, {2, 7}, {3, 6}, {1, 4}], [{8, 5}, {2, 7}, {4, 6}, {1, 3}], [{8, 5}, {2, 7}, {6}, {3, 4}, {1}], [{8, 5}, {3, 7}, {1, 6}, {2, 4}], [{8, 5}, {3, 7}, {2, 6}, {1, 4}], [{8, 5}, {3, 7}, {4, 6}, {1, 2}], [{8, 5}, {3, 7}, {6}, {2, 4}, {1}], [{8, 5}, {4, 7}, {1, 6}, {2, 3}], [{8, 5}, {4, 7}, {2, 6}, {1, 3}], [{8, 5}, {4, 7}, {3, 6}, {1, 2}], [{8, 5}, {6, 7}, {1, 4}, {2, 3}], [{8, 5}, {6, 7}, {2, 4}, {1, 3}], [{8, 5}, {6, 7}, {3, 4}, {1, 2}], [{8, 5}, {6, 7}, {3, 4}, {2}, {1}], [{8, 5}, {7}, {1, 6}, {3, 4}, {2}], [{8, 5}, {7}, {2, 6}, {1, 4}, {3}], [{8, 5}, {7}, {2, 6}, {3, 4}, {1}], [{8, 5}, {7}, {2, 6}, {4}, {1, 3}], [{8, 5}, {7}, {4, 6}, {2, 3}, {1}], [{8, 5}, {7}, {6}, {3, 4}, {1, 2}], [{8, 6}, {1, 7}, {2, 5}, {3, 4}], [{8, 6}, {1, 7}, {3, 5}, {2, 4}], [{8, 6}, {1, 7}, {4, 5}, {2, 3}], [{8, 6}, {1, 7}, {5}, {2, 4}, {3}], [{8, 6}, {2, 7}, {1, 5}, {3, 4}], [{8, 6}, {2, 7}, {1, 5}, {4}, {3}], [{8, 6}, {2, 7}, {3, 5}, {1, 4}], [{8, 6}, {2, 7}, {3, 5}, {4}, {1}], [{8, 6}, {2, 7}, {4, 5}, {1, 3}], [{8, 6}, {2, 7}, {4, 5}, {3}, {1}], [{8, 6}, {2, 7}, {5}, {1, 4}, {3}], [{8, 6}, {2, 7}, {5}, {3, 4}, {1}], [{8, 6}, {2, 7}, {5}, {4}, {1, 3}], [{8, 6}, {2, 7}, {5}, {4}, {3}, {1}], [{8, 6}, {3, 7}, {1, 5}, {2, 4}], [{8, 6}, {3, 7}, {1, 5}, {4}, {2}], [{8, 6}, {3, 7}, {2, 5}, {1, 4}], [{8, 6}, {3, 7}, {4, 5}, {1, 2}], [{8, 6}, {4, 7}, {1, 5}, {2, 3}], [{8, 6}, {4, 7}, {2, 5}, {1, 3}], [{8, 6}, {4, 7}, {3, 5}, {1, 2}], [{8, 6}, {4, 7}, {5}, {3}, {1, 2}], [{8, 6}, {5, 7}, {1, 4}, {2, 3}], [{8, 6}, {5, 7}, {2, 4}, {1, 3}], [{8, 6}, {5, 7}, {3, 4}, {1, 2}], [{8, 6}, {7}, {1, 5}, {4}, {2, 3}], [{8, 6}, {7}, {4, 5}, {1, 3}, {2}], [{8, 7}, {1, 6}, {2, 5}, {3, 4}], [{8, 7}, {1, 6}, {3, 5}, {2, 4}], [{8, 7}, {1, 6}, {4, 5}, {2, 3}], [{8, 7}, {2, 6}, {1, 5}, {3, 4}], [{8, 7}, {2, 6}, {3, 5}, {1, 4}], [{8, 7}, {2, 6}, {4, 5}, {1, 3}], [{8, 7}, {2, 6}, {4, 5}, {3}, {1}], [{8, 7}, {2, 6}, {5}, {4}, {1, 3}], [{8, 7}, {3, 6}, {1, 5}, {2, 4}], [{8, 7}, {3, 6}, {2, 5}, {1, 4}], [{8, 7}, {3, 6}, {4, 5}, {1, 2}], [{8, 7}, {4, 6}, {1, 5}, {2, 3}], [{8, 7}, {4, 6}, {2, 5}, {1, 3}], [{8, 7}, {4, 6}, {3, 5}, {1, 2}], [{8, 7}, {5, 6}, {1, 4}, {2, 3}], [{8, 7}, {5, 6}, {2, 4}, {1, 3}], [{8, 7}, {5, 6}, {3, 4}, {1, 2}], [{8, 7}, {6}, {4, 5}, {1, 3}, {2}], [{8}, {1, 7}, {4, 6}, {3, 5}, {2}], [{8}, {2, 7}, {1, 6}, {3, 5}, {4}], [{8}, {2, 7}, {4, 6}, {3, 5}, {1}], [{8}, {2, 7}, {5, 6}, {3, 4}, {1}], [{8}, {2, 7}, {6}, {3, 5}, {1, 4}], [{8}, {2, 7}, {6}, {4, 5}, {1, 3}], [{8}, {3, 7}, {4, 6}, {1, 5}, {2}], [{8}, {3, 7}, {4, 6}, {2, 5}, {1}], [{8}, {3, 7}, {4, 6}, {5}, {1, 2}], [{8}, {3, 7}, {5, 6}, {4}, {1, 2}], [{8}, {3, 7}, {6}, {4, 5}, {1, 2}], [{8}, {4, 7}, {2, 6}, {5}, {1, 3}], [{8}, {4, 7}, {5, 6}, {1, 3}, {2}], [{8}, {4, 7}, {6}, {2, 5}, {1, 3}], [{8}, {5, 7}, {2, 6}, {4}, {1, 3}], [{8}, {5, 7}, {3, 6}, {1, 4}, {2}], [{8}, {5, 7}, {4, 6}, {3}, {1, 2}], [{8}, {6, 7}, {4, 5}, {1, 3}, {2}], [{8}, {6, 7}, {5}, {1, 4}, {2, 3}], [{8}, {7}, {2, 6}, {4, 5}, {1, 3}], [{8}, {7}, {2, 6}, {5}, {4}, {1, 3}], [{8}, {7}, {4, 6}, {3, 5}, {1, 2}]]",2,- 8 K_1^4 + 20 K_1^3 + 8 K_1^2 K_2 - 20 K_1^2 - 20 K_1 K_2 - 5 K_1 - 2 K_2^2 + 10 K_2 + 5 K_3 + 13,O1O2O3O4U1U5O6U3O5O7U6U4U8U7O8U2,O1O2O3O4U1U5O6U4O5O7U3U6U8U7O8U2,O1O2O3O4U3O5U6U5U7U2O6O8U1O7U8U4,c,{'O1O2O3O4U3O5U6U5U1U7O6O8U2O7U8U4'},1,"<a href=""/flatknot/8.733835"">8.733835</a>",t^9-55t^7-106t^6+71t^5+240t^4+54t^3-130t^2-72t-4,0,,
8.733836,O1O2O3O4U3O5U6U5U1U7O6O8U4O7U2U8,3,13z^2+82z+113,13w^3z^2+82w^2z+113w,False,False,"[[ 0 -1  0 -1  2  1 -3  1  1],[ 1  0  1  0  1  0  0  1  2],[ 0 -1  0 -1  2  1 -2  0  1],[ 1  0  1  0  1  0  1  0  1],[-2 -1 -2 -1  0  1 -3 -1  0],[-1  0 -1  0 -1  0 -1  0  0],[ 3  0  2 -1  3  1  0  3  2],[-1 -1  0  0  1  0 -3  0  1],[-1 -2 -1 -1  0  0 -2 -1  0]]","[[ 0  2  1  1  1  0 -1 -1 -3],[-2  0  1  0 -1 -2 -1 -1 -3],[-1 -1  0  0  0 -1  0  0 -1],[-1  0  0  0 -1 -1 -1 -2 -2],[-1  1  0  1  0  0  0 -1 -3],[ 0  2  1  1  0  0 -1 -1 -2],[ 1  1  0  1  0  1  0  0  1],[ 1  1  0  2  1  1  0  0  0],[ 3  3  1  2  3  2 -1  0  0]]",True,"[-2,-1,-1,-1,0,1,1,3,-1,0,1,2,1,1,3,0,0,1,0,0,1,1,1,1,2,2,0,0,1,3,1,1,2,0,-1,0]","[-3,-1,-1,0,1,1,1,2,-1,0,2,1,2,3,3,0,1,0,1,0,1,1,0,2,1,1,1,1,0,2,0,0,-1,-1,0,1]",t^8+47t^6+184t^4+152t^2,"[-3,-1,-1,0,1,1,1,2,2,3,1,1,2,3,2,0,0,1,0,2,2,0,2,1,2,2,1,0,0,0,-1,0,0,0,1,2]","[-2,-1,-1,-1,0,1,1,3,0,1,2,0,2,2,2,1,0,1,1,2,1,0,0,0,1,2,0,2,2,3,0,0,1,0,2,3]","[-3,-1,-1,0,1,1,1,2,-1,0,2,1,2,3,3,0,1,0,1,0,1,1,0,2,1,1,1,1,0,2,0,0,-1,-1,0,1]",c,"[[{8, 1}, {2, 7}, {3, 6}, {4, 5}], [{8, 1}, {2, 7}, {4, 6}, {3, 5}], [{8, 1}, {2, 7}, {5, 6}, {3, 4}], [{8, 1}, {3, 7}, {2, 6}, {4, 5}], [{8, 1}, {3, 7}, {4, 6}, {2, 5}], [{8, 1}, {3, 7}, {5, 6}, {2, 4}], [{8, 1}, {4, 7}, {2, 6}, {3, 5}], [{8, 1}, {4, 7}, {3, 6}, {2, 5}], [{8, 1}, {4, 7}, {5, 6}, {2, 3}], [{8, 1}, {4, 7}, {6}, {3, 5}, {2}], [{8, 1}, {5, 7}, {2, 6}, {3, 4}], [{8, 1}, {5, 7}, {3, 6}, {2, 4}], [{8, 1}, {5, 7}, {4, 6}, {2, 3}], [{8, 1}, {6, 7}, {2, 5}, {3, 4}], [{8, 1}, {6, 7}, {2, 5}, {4}, {3}], [{8, 1}, {6, 7}, {3, 5}, {2, 4}], [{8, 1}, {6, 7}, {3, 5}, {4}, {2}], [{8, 1}, {6, 7}, {4, 5}, {2, 3}], [{8, 1}, {6, 7}, {4, 5}, {3}, {2}], [{8, 1}, {6, 7}, {5}, {2, 4}, {3}], [{8, 1}, {6, 7}, {5}, {3, 4}, {2}], [{8, 1}, {6, 7}, {5}, {4}, {2, 3}], [{8, 1}, {6, 7}, {5}, {4}, {3}, {2}], [{8, 1}, {7}, {4, 6}, {3, 5}, {2}], [{8, 2}, {1, 7}, {3, 6}, {4, 5}], [{8, 2}, {1, 7}, {4, 6}, {3, 5}], [{8, 2}, {1, 7}, {5, 6}, {3, 4}], [{8, 2}, {1, 7}, {6}, {3, 5}, {4}], [{8, 2}, {3, 7}, {1, 6}, {4, 5}], [{8, 2}, {3, 7}, {4, 6}, {1, 5}], [{8, 2}, {3, 7}, {5, 6}, {1, 4}], [{8, 2}, {3, 7}, {5, 6}, {4}, {1}], [{8, 2}, {4, 7}, {1, 6}, {3, 5}], [{8, 2}, {4, 7}, {3, 6}, {1, 5}], [{8, 2}, {4, 7}, {5, 6}, {1, 3}], [{8, 2}, {4, 7}, {6}, {3, 5}, {1}], [{8, 2}, {5, 7}, {1, 6}, {3, 4}], [{8, 2}, {5, 7}, {3, 6}, {1, 4}], [{8, 2}, {5, 7}, {3, 6}, {4}, {1}], [{8, 2}, {5, 7}, {4, 6}, {1, 3}], [{8, 2}, {6, 7}, {1, 5}, {3, 4}], [{8, 2}, {6, 7}, {1, 5}, {4}, {3}], [{8, 2}, {6, 7}, {3, 5}, {1, 4}], [{8, 2}, {6, 7}, {3, 5}, {4}, {1}], [{8, 2}, {6, 7}, {4, 5}, {1, 3}], [{8, 2}, {6, 7}, {4, 5}, {3}, {1}], [{8, 2}, {6, 7}, {5}, {1, 4}, {3}], [{8, 2}, {6, 7}, {5}, {3, 4}, {1}], [{8, 2}, {6, 7}, {5}, {4}, {1, 3}], [{8, 2}, {6, 7}, {5}, {4}, {3}, {1}], [{8, 2}, {7}, {1, 6}, {3, 5}, {4}], [{8, 2}, {7}, {4, 6}, {3, 5}, {1}], [{8, 2}, {7}, {6}, {3, 5}, {1, 4}], [{8, 2}, {7}, {6}, {3, 5}, {4}, {1}], [{8, 3}, {1, 7}, {2, 6}, {4, 5}], [{8, 3}, {1, 7}, {4, 6}, {2, 5}], [{8, 3}, {1, 7}, {5, 6}, {2, 4}], [{8, 3}, {1, 7}, {6}, {2, 5}, {4}], [{8, 3}, {2, 7}, {1, 6}, {4, 5}], [{8, 3}, {2, 7}, {4, 6}, {1, 5}], [{8, 3}, {2, 7}, {5, 6}, {1, 4}], [{8, 3}, {2, 7}, {5, 6}, {4}, {1}], [{8, 3}, {4, 7}, {1, 6}, {2, 5}], [{8, 3}, {4, 7}, {2, 6}, {1, 5}], [{8, 3}, {4, 7}, {5, 6}, {1, 2}], [{8, 3}, {4, 7}, {6}, {1, 5}, {2}], [{8, 3}, {4, 7}, {6}, {2, 5}, {1}], [{8, 3}, {4, 7}, {6}, {5}, {1, 2}], [{8, 3}, {5, 7}, {1, 6}, {2, 4}], [{8, 3}, {5, 7}, {2, 6}, {1, 4}], [{8, 3}, {5, 7}, {2, 6}, {4}, {1}], [{8, 3}, {5, 7}, {4, 6}, {1, 2}], [{8, 3}, {6, 7}, {1, 5}, {2, 4}], [{8, 3}, {6, 7}, {1, 5}, {4}, {2}], [{8, 3}, {6, 7}, {2, 5}, {1, 4}], [{8, 3}, {6, 7}, {2, 5}, {4}, {1}], [{8, 3}, {6, 7}, {4, 5}, {1, 2}], [{8, 3}, {6, 7}, {4, 5}, {2}, {1}], [{8, 3}, {6, 7}, {5}, {1, 4}, {2}], [{8, 3}, {6, 7}, {5}, {2, 4}, {1}], [{8, 3}, {6, 7}, {5}, {4}, {1, 2}], [{8, 3}, {6, 7}, {5}, {4}, {2}, {1}], [{8, 3}, {7}, {1, 6}, {2, 5}, {4}], [{8, 3}, {7}, {4, 6}, {1, 5}, {2}], [{8, 3}, {7}, {4, 6}, {2, 5}, {1}], [{8, 3}, {7}, {4, 6}, {5}, {1, 2}], [{8, 3}, {7}, {6}, {2, 5}, {1, 4}], [{8, 3}, {7}, {6}, {2, 5}, {4}, {1}], [{8, 4}, {1, 7}, {2, 6}, {3, 5}], [{8, 4}, {1, 7}, {3, 6}, {2, 5}], [{8, 4}, {1, 7}, {5, 6}, {2, 3}], [{8, 4}, {2, 7}, {1, 6}, {3, 5}], [{8, 4}, {2, 7}, {3, 6}, {1, 5}], [{8, 4}, {2, 7}, {5, 6}, {1, 3}], [{8, 4}, {2, 7}, {5, 6}, {3}, {1}], [{8, 4}, {3, 7}, {1, 6}, {2, 5}], [{8, 4}, {3, 7}, {2, 6}, {1, 5}], [{8, 4}, {3, 7}, {5, 6}, {1, 2}], [{8, 4}, {5, 7}, {1, 6}, {2, 3}], [{8, 4}, {5, 7}, {2, 6}, {1, 3}], [{8, 4}, {5, 7}, {2, 6}, {3}, {1}], [{8, 4}, {5, 7}, {3, 6}, {1, 2}], [{8, 4}, {6, 7}, {1, 5}, {2, 3}], [{8, 4}, {6, 7}, {1, 5}, {3}, {2}], [{8, 4}, {6, 7}, {2, 5}, {1, 3}], [{8, 4}, {6, 7}, {2, 5}, {3}, {1}], [{8, 4}, {6, 7}, {3, 5}, {1, 2}], [{8, 4}, {6, 7}, {3, 5}, {2}, {1}], [{8, 4}, {6, 7}, {5}, {1, 3}, {2}], [{8, 4}, {6, 7}, {5}, {2, 3}, {1}], [{8, 4}, {6, 7}, {5}, {3}, {1, 2}], [{8, 4}, {6, 7}, {5}, {3}, {2}, {1}], [{8, 5}, {1, 7}, {2, 6}, {3, 4}], [{8, 5}, {1, 7}, {3, 6}, {2, 4}], [{8, 5}, {1, 7}, {4, 6}, {2, 3}], [{8, 5}, {2, 7}, {1, 6}, {3, 4}], [{8, 5}, {2, 7}, {3, 6}, {1, 4}], [{8, 5}, {2, 7}, {4, 6}, {1, 3}], [{8, 5}, {3, 7}, {1, 6}, {2, 4}], [{8, 5}, {3, 7}, {2, 6}, {1, 4}], [{8, 5}, {3, 7}, {4, 6}, {1, 2}], [{8, 5}, {3, 7}, {4, 6}, {2}, {1}], [{8, 5}, {3, 7}, {6}, {4}, {1, 2}], [{8, 5}, {4, 7}, {1, 6}, {2, 3}], [{8, 5}, {4, 7}, {2, 6}, {1, 3}], [{8, 5}, {4, 7}, {3, 6}, {1, 2}], [{8, 5}, {4, 7}, {3, 6}, {2}, {1}], [{8, 5}, {4, 7}, {6}, {3}, {1, 2}], [{8, 5}, {6, 7}, {1, 4}, {2, 3}], [{8, 5}, {6, 7}, {1, 4}, {3}, {2}], [{8, 5}, {6, 7}, {2, 4}, {1, 3}], [{8, 5}, {6, 7}, {2, 4}, {3}, {1}], [{8, 5}, {6, 7}, {3, 4}, {1, 2}], [{8, 5}, {6, 7}, {3, 4}, {2}, {1}], [{8, 5}, {6, 7}, {4}, {1, 3}, {2}], [{8, 5}, {6, 7}, {4}, {2, 3}, {1}], [{8, 5}, {6, 7}, {4}, {3}, {1, 2}], [{8, 5}, {6, 7}, {4}, {3}, {2}, {1}], [{8, 5}, {7}, {3, 6}, {4}, {1, 2}], [{8, 5}, {7}, {4, 6}, {3}, {1, 2}], [{8, 5}, {7}, {6}, {2, 4}, {1, 3}], [{8, 5}, {7}, {6}, {3, 4}, {1, 2}], [{8, 6}, {1, 7}, {2, 5}, {3, 4}], [{8, 6}, {1, 7}, {3, 5}, {2, 4}], [{8, 6}, {1, 7}, {4, 5}, {2, 3}], [{8, 6}, {1, 7}, {5}, {3, 4}, {2}], [{8, 6}, {2, 7}, {1, 5}, {3, 4}], [{8, 6}, {2, 7}, {3, 5}, {1, 4}], [{8, 6}, {2, 7}, {3, 5}, {4}, {1}], [{8, 6}, {2, 7}, {4, 5}, {1, 3}], [{8, 6}, {3, 7}, {1, 5}, {2, 4}], [{8, 6}, {3, 7}, {2, 5}, {1, 4}], [{8, 6}, {3, 7}, {2, 5}, {4}, {1}], [{8, 6}, {3, 7}, {4, 5}, {1, 2}], [{8, 6}, {4, 7}, {1, 5}, {2, 3}], [{8, 6}, {4, 7}, {2, 5}, {1, 3}], [{8, 6}, {4, 7}, {3, 5}, {1, 2}], [{8, 6}, {4, 7}, {5}, {3}, {1, 2}], [{8, 6}, {5, 7}, {1, 4}, {2, 3}], [{8, 6}, {5, 7}, {2, 4}, {1, 3}], [{8, 6}, {5, 7}, {3, 4}, {1, 2}], [{8, 6}, {7}, {5}, {1, 4}, {2, 3}], [{8, 7}, {1, 6}, {2, 5}, {3, 4}], [{8, 7}, {1, 6}, {3, 5}, {2, 4}], [{8, 7}, {1, 6}, {4, 5}, {2, 3}], [{8, 7}, {1, 6}, {5}, {3, 4}, {2}], [{8, 7}, {2, 6}, {1, 5}, {3, 4}], [{8, 7}, {2, 6}, {3, 5}, {1, 4}], [{8, 7}, {2, 6}, {3, 5}, {4}, {1}], [{8, 7}, {2, 6}, {4, 5}, {1, 3}], [{8, 7}, {3, 6}, {1, 5}, {2, 4}], [{8, 7}, {3, 6}, {2, 5}, {1, 4}], [{8, 7}, {3, 6}, {2, 5}, {4}, {1}], [{8, 7}, {3, 6}, {4, 5}, {1, 2}], [{8, 7}, {4, 6}, {1, 5}, {2, 3}], [{8, 7}, {4, 6}, {2, 5}, {1, 3}], [{8, 7}, {4, 6}, {3, 5}, {1, 2}], [{8, 7}, {4, 6}, {5}, {3}, {1, 2}], [{8, 7}, {5, 6}, {1, 4}, {2, 3}], [{8, 7}, {5, 6}, {2, 4}, {1, 3}], [{8, 7}, {5, 6}, {3, 4}, {1, 2}], [{8, 7}, {6}, {5}, {1, 4}, {2, 3}], [{8}, {2, 7}, {5, 6}, {3, 4}, {1}], [{8}, {3, 7}, {4, 6}, {5}, {1, 2}], [{8}, {4, 7}, {3, 6}, {5}, {1, 2}], [{8}, {4, 7}, {5, 6}, {3}, {1, 2}], [{8}, {4, 7}, {6}, {3, 5}, {1, 2}], [{8}, {4, 7}, {6}, {5}, {3}, {1, 2}], [{8}, {5, 7}, {2, 6}, {3, 4}, {1}], [{8}, {5, 7}, {4, 6}, {3}, {1, 2}], [{8}, {6, 7}, {1, 5}, {2, 4}, {3}], [{8}, {6, 7}, {1, 5}, {3, 4}, {2}], [{8}, {6, 7}, {1, 5}, {4}, {2, 3}], [{8}, {6, 7}, {1, 5}, {4}, {3}, {2}], [{8}, {6, 7}, {2, 5}, {1, 4}, {3}], [{8}, {6, 7}, {2, 5}, {3, 4}, {1}], [{8}, {6, 7}, {2, 5}, {4}, {1, 3}], [{8}, {6, 7}, {2, 5}, {4}, {3}, {1}], [{8}, {6, 7}, {3, 5}, {1, 4}, {2}], [{8}, {6, 7}, {3, 5}, {2, 4}, {1}], [{8}, {6, 7}, {3, 5}, {4}, {1, 2}], [{8}, {6, 7}, {3, 5}, {4}, {2}, {1}], [{8}, {6, 7}, {4, 5}, {1, 3}, {2}], [{8}, {6, 7}, {4, 5}, {2, 3}, {1}], [{8}, {6, 7}, {4, 5}, {3}, {1, 2}], [{8}, {6, 7}, {4, 5}, {3}, {2}, {1}], [{8}, {6, 7}, {5}, {1, 4}, {2, 3}], [{8}, {6, 7}, {5}, {1, 4}, {3}, {2}], [{8}, {6, 7}, {5}, {2, 4}, {1, 3}], [{8}, {6, 7}, {5}, {2, 4}, {3}, {1}], [{8}, {6, 7}, {5}, {3, 4}, {1, 2}], [{8}, {6, 7}, {5}, {3, 4}, {2}, {1}], [{8}, {6, 7}, {5}, {4}, {1, 3}, {2}], [{8}, {6, 7}, {5}, {4}, {2, 3}, {1}], [{8}, {6, 7}, {5}, {4}, {3}, {1, 2}], [{8}, {6, 7}, {5}, {4}, {3}, {2}, {1}], [{8}, {7}, {4, 6}, {3, 5}, {1, 2}], [{8}, {7}, {4, 6}, {5}, {3}, {1, 2}]]",2,24 K_1^3 + 16 K_1^2 K_2 - 38 K_1^2 - 22 K_1 K_2 - 12 K_1 K_3 - 7 K_1 + 17 K_2 + 5 K_3 + 2 K_4 + 16,O1O2O3O4U5U3O6U1O5O7U6U4U8U7O8U2,O1O2O3O4U1U5O6U4O7O5U3U7U8U6O8U2,O1O2O3O4U3O5U6U5U7U2O8O7U1O6U8U4,c,{'O1O2O3O4U3O5U6U5U1U7O6O8U4O7U2U8'},1,"<a href=""/flatknot/8.733836"">8.733836</a>",t^9-51t^7-106t^6+143t^5+300t^4-116t^3-180t^2+56t+32,t^3-t^2-t,,
8.733837,O1O2O3O4U3O5U6U5U1U7O6O8U4O7U8U2,3,7z^2+68z+109,7w^3z^2+68w^2z+109w,False,False,"[[ 0 -1  1 -1  2  1 -3  1  0],[ 1  0  1  0  1  0  0  1  1],[-1 -1  0 -1  1  1 -3  0  0],[ 1  0  1  0  1  0  1  0  1],[-2 -1 -1 -1  0  1 -3 -1  0],[-1  0 -1  0 -1  0 -1  0  0],[ 3  0  3 -1  3  1  0  3  1],[-1 -1  0  0  1  0 -3  0  0],[ 0 -1  0 -1  0  0 -1  0  0]]","[[ 0  2  1  1  1  0 -1 -1 -3],[-2  0  1 -1 -1  0 -1 -1 -3],[-1 -1  0  0 -1  0  0  0 -1],[-1  1  0  0  0  0  0 -1 -3],[-1  1  1  0  0  0 -1 -1 -3],[ 0  0  0  0  0  0 -1 -1 -1],[ 1  1  0  0  1  1  0  0  1],[ 1  1  0  1  1  1  0  0  0],[ 3  3  1  3  3  1 -1  0  0]]",True,"[-2,-1,-1,-1,0,1,1,3,-1,1,1,0,1,1,3,0,1,0,0,0,1,0,0,0,1,3,0,1,1,3,1,1,1,0,-1,0]","[-3,-1,-1,0,1,1,1,2,-1,0,1,1,3,3,3,0,1,0,0,1,1,1,0,1,1,1,0,0,0,0,0,-1,-1,0,1,1]",t^8+41t^6+109t^4+64t^2,"[-3,-1,-1,0,1,1,1,2,2,3,2,1,1,3,2,0,0,1,1,2,2,0,1,2,2,2,1,1,1,2,0,-1,0,0,0,2]","[-2,-1,-1,-1,0,1,1,3,0,0,2,2,2,2,2,0,0,1,1,2,1,1,1,1,1,1,1,2,2,3,0,0,2,0,2,3]","[-3,-1,-1,0,1,1,1,2,-1,0,1,1,3,3,3,0,1,0,0,1,1,1,0,1,1,1,0,0,0,0,0,-1,-1,0,1,1]",c,"[[{8, 1}, {2, 7}, {3, 6}, {4, 5}], [{8, 1}, {2, 7}, {4, 6}, {3, 5}], [{8, 1}, {2, 7}, {5, 6}, {3, 4}], [{8, 1}, {2, 7}, {6}, {3, 5}, {4}], [{8, 1}, {3, 7}, {2, 6}, {4, 5}], [{8, 1}, {3, 7}, {4, 6}, {2, 5}], [{8, 1}, {3, 7}, {5, 6}, {2, 4}], [{8, 1}, {3, 7}, {5, 6}, {4}, {2}], [{8, 1}, {4, 7}, {2, 6}, {3, 5}], [{8, 1}, {4, 7}, {3, 6}, {2, 5}], [{8, 1}, {4, 7}, {5, 6}, {2, 3}], [{8, 1}, {4, 7}, {6}, {3, 5}, {2}], [{8, 1}, {5, 7}, {2, 6}, {3, 4}], [{8, 1}, {5, 7}, {3, 6}, {2, 4}], [{8, 1}, {5, 7}, {3, 6}, {4}, {2}], [{8, 1}, {5, 7}, {4, 6}, {2, 3}], [{8, 1}, {6, 7}, {2, 5}, {3, 4}], [{8, 1}, {6, 7}, {2, 5}, {4}, {3}], [{8, 1}, {6, 7}, {3, 5}, {2, 4}], [{8, 1}, {6, 7}, {3, 5}, {4}, {2}], [{8, 1}, {6, 7}, {4, 5}, {2, 3}], [{8, 1}, {6, 7}, {4, 5}, {3}, {2}], [{8, 1}, {6, 7}, {5}, {2, 4}, {3}], [{8, 1}, {6, 7}, {5}, {3, 4}, {2}], [{8, 1}, {6, 7}, {5}, {4}, {2, 3}], [{8, 1}, {6, 7}, {5}, {4}, {3}, {2}], [{8, 1}, {7}, {2, 6}, {3, 5}, {4}], [{8, 1}, {7}, {4, 6}, {3, 5}, {2}], [{8, 1}, {7}, {6}, {3, 5}, {2, 4}], [{8, 1}, {7}, {6}, {3, 5}, {4}, {2}], [{8, 2}, {1, 7}, {3, 6}, {4, 5}], [{8, 2}, {1, 7}, {4, 6}, {3, 5}], [{8, 2}, {1, 7}, {5, 6}, {3, 4}], [{8, 2}, {1, 7}, {6}, {3, 5}, {4}], [{8, 2}, {3, 7}, {1, 6}, {4, 5}], [{8, 2}, {3, 7}, {4, 6}, {1, 5}], [{8, 2}, {3, 7}, {5, 6}, {1, 4}], [{8, 2}, {3, 7}, {5, 6}, {4}, {1}], [{8, 2}, {4, 7}, {1, 6}, {3, 5}], [{8, 2}, {4, 7}, {3, 6}, {1, 5}], [{8, 2}, {4, 7}, {5, 6}, {1, 3}], [{8, 2}, {4, 7}, {6}, {3, 5}, {1}], [{8, 2}, {5, 7}, {1, 6}, {3, 4}], [{8, 2}, {5, 7}, {3, 6}, {1, 4}], [{8, 2}, {5, 7}, {3, 6}, {4}, {1}], [{8, 2}, {5, 7}, {4, 6}, {1, 3}], [{8, 2}, {6, 7}, {1, 5}, {3, 4}], [{8, 2}, {6, 7}, {1, 5}, {4}, {3}], [{8, 2}, {6, 7}, {3, 5}, {1, 4}], [{8, 2}, {6, 7}, {3, 5}, {4}, {1}], [{8, 2}, {6, 7}, {4, 5}, {1, 3}], [{8, 2}, {6, 7}, {4, 5}, {3}, {1}], [{8, 2}, {6, 7}, {5}, {1, 4}, {3}], [{8, 2}, {6, 7}, {5}, {3, 4}, {1}], [{8, 2}, {6, 7}, {5}, {4}, {1, 3}], [{8, 2}, {6, 7}, {5}, {4}, {3}, {1}], [{8, 2}, {7}, {1, 6}, {3, 5}, {4}], [{8, 2}, {7}, {4, 6}, {3, 5}, {1}], [{8, 2}, {7}, {6}, {3, 5}, {1, 4}], [{8, 2}, {7}, {6}, {3, 5}, {4}, {1}], [{8, 3}, {1, 7}, {2, 6}, {4, 5}], [{8, 3}, {1, 7}, {4, 6}, {2, 5}], [{8, 3}, {1, 7}, {5, 6}, {2, 4}], [{8, 3}, {1, 7}, {5, 6}, {4}, {2}], [{8, 3}, {2, 7}, {1, 6}, {4, 5}], [{8, 3}, {2, 7}, {4, 6}, {1, 5}], [{8, 3}, {2, 7}, {5, 6}, {1, 4}], [{8, 3}, {2, 7}, {6}, {4, 5}, {1}], [{8, 3}, {4, 7}, {1, 6}, {2, 5}], [{8, 3}, {4, 7}, {2, 6}, {1, 5}], [{8, 3}, {4, 7}, {5, 6}, {1, 2}], [{8, 3}, {4, 7}, {6}, {5}, {1, 2}], [{8, 3}, {5, 7}, {1, 6}, {2, 4}], [{8, 3}, {5, 7}, {1, 6}, {4}, {2}], [{8, 3}, {5, 7}, {2, 6}, {1, 4}], [{8, 3}, {5, 7}, {4, 6}, {1, 2}], [{8, 3}, {6, 7}, {1, 5}, {2, 4}], [{8, 3}, {6, 7}, {1, 5}, {4}, {2}], [{8, 3}, {6, 7}, {2, 5}, {1, 4}], [{8, 3}, {6, 7}, {2, 5}, {4}, {1}], [{8, 3}, {6, 7}, {4, 5}, {1, 2}], [{8, 3}, {6, 7}, {4, 5}, {2}, {1}], [{8, 3}, {6, 7}, {5}, {1, 4}, {2}], [{8, 3}, {6, 7}, {5}, {2, 4}, {1}], [{8, 3}, {6, 7}, {5}, {4}, {1, 2}], [{8, 3}, {6, 7}, {5}, {4}, {2}, {1}], [{8, 3}, {7}, {2, 6}, {4, 5}, {1}], [{8, 3}, {7}, {4, 6}, {5}, {1, 2}], [{8, 4}, {1, 7}, {2, 6}, {3, 5}], [{8, 4}, {1, 7}, {3, 6}, {2, 5}], [{8, 4}, {1, 7}, {5, 6}, {2, 3}], [{8, 4}, {1, 7}, {6}, {3, 5}, {2}], [{8, 4}, {2, 7}, {1, 6}, {3, 5}], [{8, 4}, {2, 7}, {3, 6}, {1, 5}], [{8, 4}, {2, 7}, {5, 6}, {1, 3}], [{8, 4}, {2, 7}, {6}, {3, 5}, {1}], [{8, 4}, {3, 7}, {1, 6}, {2, 5}], [{8, 4}, {3, 7}, {2, 6}, {1, 5}], [{8, 4}, {3, 7}, {5, 6}, {1, 2}], [{8, 4}, {3, 7}, {5, 6}, {2}, {1}], [{8, 4}, {5, 7}, {1, 6}, {2, 3}], [{8, 4}, {5, 7}, {2, 6}, {1, 3}], [{8, 4}, {5, 7}, {3, 6}, {1, 2}], [{8, 4}, {5, 7}, {3, 6}, {2}, {1}], [{8, 4}, {6, 7}, {1, 5}, {2, 3}], [{8, 4}, {6, 7}, {1, 5}, {3}, {2}], [{8, 4}, {6, 7}, {2, 5}, {1, 3}], [{8, 4}, {6, 7}, {2, 5}, {3}, {1}], [{8, 4}, {6, 7}, {3, 5}, {1, 2}], [{8, 4}, {6, 7}, {3, 5}, {2}, {1}], [{8, 4}, {6, 7}, {5}, {1, 3}, {2}], [{8, 4}, {6, 7}, {5}, {2, 3}, {1}], [{8, 4}, {6, 7}, {5}, {3}, {1, 2}], [{8, 4}, {6, 7}, {5}, {3}, {2}, {1}], [{8, 4}, {7}, {1, 6}, {3, 5}, {2}], [{8, 4}, {7}, {2, 6}, {3, 5}, {1}], [{8, 4}, {7}, {6}, {3, 5}, {1, 2}], [{8, 4}, {7}, {6}, {3, 5}, {2}, {1}], [{8, 5}, {1, 7}, {2, 6}, {3, 4}], [{8, 5}, {1, 7}, {3, 6}, {2, 4}], [{8, 5}, {1, 7}, {3, 6}, {4}, {2}], [{8, 5}, {1, 7}, {4, 6}, {2, 3}], [{8, 5}, {2, 7}, {1, 6}, {3, 4}], [{8, 5}, {2, 7}, {3, 6}, {1, 4}], [{8, 5}, {2, 7}, {4, 6}, {1, 3}], [{8, 5}, {2, 7}, {6}, {3, 4}, {1}], [{8, 5}, {3, 7}, {1, 6}, {2, 4}], [{8, 5}, {3, 7}, {1, 6}, {4}, {2}], [{8, 5}, {3, 7}, {2, 6}, {1, 4}], [{8, 5}, {3, 7}, {4, 6}, {1, 2}], [{8, 5}, {4, 7}, {1, 6}, {2, 3}], [{8, 5}, {4, 7}, {2, 6}, {1, 3}], [{8, 5}, {4, 7}, {3, 6}, {1, 2}], [{8, 5}, {4, 7}, {6}, {3}, {1, 2}], [{8, 5}, {6, 7}, {1, 4}, {2, 3}], [{8, 5}, {6, 7}, {1, 4}, {3}, {2}], [{8, 5}, {6, 7}, {2, 4}, {1, 3}], [{8, 5}, {6, 7}, {2, 4}, {3}, {1}], [{8, 5}, {6, 7}, {3, 4}, {1, 2}], [{8, 5}, {6, 7}, {3, 4}, {2}, {1}], [{8, 5}, {6, 7}, {4}, {1, 3}, {2}], [{8, 5}, {6, 7}, {4}, {2, 3}, {1}], [{8, 5}, {6, 7}, {4}, {3}, {1, 2}], [{8, 5}, {6, 7}, {4}, {3}, {2}, {1}], [{8, 5}, {7}, {2, 6}, {3, 4}, {1}], [{8, 5}, {7}, {4, 6}, {3}, {1, 2}], [{8, 6}, {1, 7}, {2, 5}, {3, 4}], [{8, 6}, {1, 7}, {3, 5}, {2, 4}], [{8, 6}, {1, 7}, {3, 5}, {4}, {2}], [{8, 6}, {1, 7}, {4, 5}, {2, 3}], [{8, 6}, {2, 7}, {1, 5}, {3, 4}], [{8, 6}, {2, 7}, {3, 5}, {1, 4}], [{8, 6}, {2, 7}, {3, 5}, {4}, {1}], [{8, 6}, {2, 7}, {4, 5}, {1, 3}], [{8, 6}, {3, 7}, {1, 5}, {2, 4}], [{8, 6}, {3, 7}, {1, 5}, {4}, {2}], [{8, 6}, {3, 7}, {2, 5}, {1, 4}], [{8, 6}, {3, 7}, {4, 5}, {1, 2}], [{8, 6}, {4, 7}, {1, 5}, {2, 3}], [{8, 6}, {4, 7}, {2, 5}, {1, 3}], [{8, 6}, {4, 7}, {3, 5}, {1, 2}], [{8, 6}, {4, 7}, {3, 5}, {2}, {1}], [{8, 6}, {4, 7}, {5}, {3}, {1, 2}], [{8, 6}, {5, 7}, {1, 4}, {2, 3}], [{8, 6}, {5, 7}, {2, 4}, {1, 3}], [{8, 6}, {5, 7}, {3, 4}, {1, 2}], [{8, 6}, {5, 7}, {4}, {1, 3}, {2}], [{8, 6}, {7}, {2, 5}, {1, 4}, {3}], [{8, 6}, {7}, {3, 5}, {1, 4}, {2}], [{8, 6}, {7}, {3, 5}, {2, 4}, {1}], [{8, 6}, {7}, {3, 5}, {4}, {1, 2}], [{8, 6}, {7}, {3, 5}, {4}, {2}, {1}], [{8, 6}, {7}, {5}, {1, 4}, {2, 3}], [{8, 7}, {1, 6}, {2, 5}, {3, 4}], [{8, 7}, {1, 6}, {3, 5}, {2, 4}], [{8, 7}, {1, 6}, {3, 5}, {4}, {2}], [{8, 7}, {1, 6}, {4, 5}, {2, 3}], [{8, 7}, {2, 6}, {1, 5}, {3, 4}], [{8, 7}, {2, 6}, {3, 5}, {1, 4}], [{8, 7}, {2, 6}, {3, 5}, {4}, {1}], [{8, 7}, {2, 6}, {4, 5}, {1, 3}], [{8, 7}, {3, 6}, {1, 5}, {2, 4}], [{8, 7}, {3, 6}, {1, 5}, {4}, {2}], [{8, 7}, {3, 6}, {2, 5}, {1, 4}], [{8, 7}, {3, 6}, {4, 5}, {1, 2}], [{8, 7}, {4, 6}, {1, 5}, {2, 3}], [{8, 7}, {4, 6}, {2, 5}, {1, 3}], [{8, 7}, {4, 6}, {3, 5}, {1, 2}], [{8, 7}, {4, 6}, {3, 5}, {2}, {1}], [{8, 7}, {4, 6}, {5}, {3}, {1, 2}], [{8, 7}, {5, 6}, {1, 4}, {2, 3}], [{8, 7}, {5, 6}, {2, 4}, {1, 3}], [{8, 7}, {5, 6}, {3, 4}, {1, 2}], [{8, 7}, {5, 6}, {4}, {1, 3}, {2}], [{8, 7}, {6}, {2, 5}, {1, 4}, {3}], [{8, 7}, {6}, {3, 5}, {1, 4}, {2}], [{8, 7}, {6}, {3, 5}, {2, 4}, {1}], [{8, 7}, {6}, {3, 5}, {4}, {1, 2}], [{8, 7}, {6}, {3, 5}, {4}, {2}, {1}], [{8, 7}, {6}, {5}, {1, 4}, {2, 3}], [{8}, {1, 7}, {2, 6}, {3, 5}, {4}], [{8}, {1, 7}, {4, 6}, {3, 5}, {2}], [{8}, {1, 7}, {6}, {3, 5}, {2, 4}], [{8}, {1, 7}, {6}, {3, 5}, {4}, {2}], [{8}, {2, 7}, {1, 6}, {3, 5}, {4}], [{8}, {2, 7}, {4, 6}, {3, 5}, {1}], [{8}, {2, 7}, {6}, {3, 5}, {1, 4}], [{8}, {2, 7}, {6}, {3, 5}, {4}, {1}], [{8}, {3, 7}, {4, 6}, {5}, {1, 2}], [{8}, {3, 7}, {5, 6}, {1, 4}, {2}], [{8}, {3, 7}, {5, 6}, {2, 4}, {1}], [{8}, {3, 7}, {5, 6}, {4}, {1, 2}], [{8}, {3, 7}, {5, 6}, {4}, {2}, {1}], [{8}, {3, 7}, {6}, {4, 5}, {1, 2}], [{8}, {4, 7}, {1, 6}, {3, 5}, {2}], [{8}, {4, 7}, {2, 6}, {3, 5}, {1}], [{8}, {4, 7}, {3, 6}, {5}, {1, 2}], [{8}, {4, 7}, {5, 6}, {3}, {1, 2}], [{8}, {4, 7}, {6}, {1, 5}, {2, 3}], [{8}, {4, 7}, {6}, {2, 5}, {1, 3}], [{8}, {4, 7}, {6}, {3, 5}, {1, 2}], [{8}, {4, 7}, {6}, {3, 5}, {2}, {1}], [{8}, {4, 7}, {6}, {5}, {3}, {1, 2}], [{8}, {5, 7}, {3, 6}, {1, 4}, {2}], [{8}, {5, 7}, {3, 6}, {2, 4}, {1}], [{8}, {5, 7}, {3, 6}, {4}, {1, 2}], [{8}, {5, 7}, {3, 6}, {4}, {2}, {1}], [{8}, {5, 7}, {4, 6}, {3}, {1, 2}], [{8}, {5, 7}, {6}, {3, 4}, {1, 2}], [{8}, {6, 7}, {1, 5}, {2, 4}, {3}], [{8}, {6, 7}, {1, 5}, {3, 4}, {2}], [{8}, {6, 7}, {1, 5}, {4}, {2, 3}], [{8}, {6, 7}, {1, 5}, {4}, {3}, {2}], [{8}, {6, 7}, {2, 5}, {1, 4}, {3}], [{8}, {6, 7}, {2, 5}, {3, 4}, {1}], [{8}, {6, 7}, {2, 5}, {4}, {1, 3}], [{8}, {6, 7}, {2, 5}, {4}, {3}, {1}], [{8}, {6, 7}, {3, 5}, {1, 4}, {2}], [{8}, {6, 7}, {3, 5}, {2, 4}, {1}], [{8}, {6, 7}, {3, 5}, {4}, {1, 2}], [{8}, {6, 7}, {3, 5}, {4}, {2}, {1}], [{8}, {6, 7}, {4, 5}, {1, 3}, {2}], [{8}, {6, 7}, {4, 5}, {2, 3}, {1}], [{8}, {6, 7}, {4, 5}, {3}, {1, 2}], [{8}, {6, 7}, {4, 5}, {3}, {2}, {1}], [{8}, {6, 7}, {5}, {1, 4}, {2, 3}], [{8}, {6, 7}, {5}, {1, 4}, {3}, {2}], [{8}, {6, 7}, {5}, {2, 4}, {1, 3}], [{8}, {6, 7}, {5}, {2, 4}, {3}, {1}], [{8}, {6, 7}, {5}, {3, 4}, {1, 2}], [{8}, {6, 7}, {5}, {3, 4}, {2}, {1}], [{8}, {6, 7}, {5}, {4}, {1, 3}, {2}], [{8}, {6, 7}, {5}, {4}, {2, 3}, {1}], [{8}, {6, 7}, {5}, {4}, {3}, {1, 2}], [{8}, {6, 7}, {5}, {4}, {3}, {2}, {1}], [{8}, {7}, {1, 6}, {3, 5}, {2, 4}], [{8}, {7}, {1, 6}, {3, 5}, {4}, {2}], [{8}, {7}, {2, 6}, {3, 5}, {1, 4}], [{8}, {7}, {2, 6}, {3, 5}, {4}, {1}], [{8}, {7}, {3, 6}, {4, 5}, {1, 2}], [{8}, {7}, {4, 6}, {1, 5}, {2, 3}], [{8}, {7}, {4, 6}, {2, 5}, {1, 3}], [{8}, {7}, {4, 6}, {3, 5}, {1, 2}], [{8}, {7}, {4, 6}, {3, 5}, {2}, {1}], [{8}, {7}, {4, 6}, {5}, {3}, {1, 2}], [{8}, {7}, {5, 6}, {3, 4}, {1, 2}], [{8}, {7}, {6}, {3, 5}, {1, 4}, {2}], [{8}, {7}, {6}, {3, 5}, {2, 4}, {1}], [{8}, {7}, {6}, {3, 5}, {4}, {1, 2}], [{8}, {7}, {6}, {3, 5}, {4}, {2}, {1}]]",2,- 22 K_1^2 - 14 K_1 K_2 + 7 K_1 + 11 K_2 + 7 K_3 + 12,O1O2O3O4U3U5O6U1O5O7U6U4U8U7O8U2,O1O2O3O4U1U5O6U4O5O7U3U7U8U6O8U2,O1O2O3O4U3O5U6U5U7U2O7O8U1O6U8U4,c,{'O1O2O3O4U3O5U6U5U1U7O6O8U4O7U8U2'},1,"<a href=""/flatknot/8.733837"">8.733837</a>",t^9-45t^7-62t^6+64t^5+38t^4-48t^3+16t,t^3-t^2-t,,
8.733838,O1O2O3O4U3O5U6U5U2U1O6O7U4O8U7U8,3,13z^2+62z+73,-8w^4z^2+21w^3z^2-24w^3z+86w^2z+73w,False,False,"[[ 0  0  0 -1  2  1 -3  0  1],[ 0  0  0  0  2  0 -2  1  0],[ 0  0  0  0  1  0 -1  1  0],[ 1  0  0  0  1  0  1  1  0],[-2 -2 -1 -1  0  1 -3  1  1],[-1  0  0  0 -1  0 -1  0  0],[ 3  2  1 -1  3  1  0  0  1],[ 0 -1 -1 -1 -1  0  0  0  1],[-1  0  0  0 -1  0 -1 -1  0]]","[[ 0  2  1  1  0  0  0 -1 -3],[-2  0  1  1  1 -1 -2 -1 -3],[-1 -1  0  0  0  0  0  0 -1],[-1 -1  0  0 -1  0  0  0 -1],[ 0 -1  0  1  0 -1 -1 -1  0],[ 0  1  0  0  1  0  0  0 -1],[ 0  2  0  0  1  0  0  0 -2],[ 1  1  0  0  1  0  0  0  1],[ 3  3  1  1  0  1  2 -1  0]]",True,"[-2,-1,-1,0,0,0,1,3,-1,-1,-1,1,2,1,3,0,0,0,0,0,1,1,0,0,0,1,1,1,1,0,0,0,1,0,2,-1]","[-3,-1,0,0,0,1,1,2,-1,0,1,2,1,1,3,1,0,0,0,0,1,-1,-1,0,1,-1,0,0,0,1,0,0,2,0,-1,-1]",t^8+30t^6+136t^4+52t^2,"[-3,-1,0,0,0,1,1,2,3,1,2,3,3,3,2,1,1,0,2,2,2,0,-1,1,1,0,-1,1,1,1,0,1,3,0,2,2]","[-2,-1,-1,0,0,0,1,3,2,2,0,1,3,2,2,0,1,1,0,2,3,1,1,1,2,3,0,1,1,1,1,1,2,0,3,3]","[-3,-1,0,0,0,1,1,2,-1,0,1,2,1,1,3,1,0,0,0,0,1,-1,-1,0,1,-1,0,0,0,1,0,0,2,0,-1,-1]",c,"[[{8, 1}, {2, 7}, {3, 6}, {4, 5}], [{8, 1}, {2, 7}, {4, 6}, {3, 5}], [{8, 1}, {2, 7}, {4, 6}, {5}, {3}], [{8, 1}, {2, 7}, {5, 6}, {3, 4}], [{8, 1}, {2, 7}, {6}, {3, 5}, {4}], [{8, 1}, {3, 7}, {2, 6}, {4, 5}], [{8, 1}, {3, 7}, {4, 6}, {2, 5}], [{8, 1}, {3, 7}, {4, 6}, {5}, {2}], [{8, 1}, {3, 7}, {5, 6}, {2, 4}], [{8, 1}, {4, 7}, {2, 6}, {3, 5}], [{8, 1}, {4, 7}, {3, 6}, {2, 5}], [{8, 1}, {4, 7}, {5, 6}, {2, 3}], [{8, 1}, {5, 7}, {2, 6}, {3, 4}], [{8, 1}, {5, 7}, {3, 6}, {2, 4}], [{8, 1}, {5, 7}, {3, 6}, {4}, {2}], [{8, 1}, {5, 7}, {4, 6}, {2, 3}], [{8, 1}, {5, 7}, {4, 6}, {3}, {2}], [{8, 1}, {5, 7}, {6}, {3, 4}, {2}], [{8, 1}, {6, 7}, {2, 5}, {3, 4}], [{8, 1}, {6, 7}, {3, 5}, {2, 4}], [{8, 1}, {6, 7}, {4, 5}, {2, 3}], [{8, 1}, {7}, {4, 6}, {2, 5}, {3}], [{8, 1}, {7}, {4, 6}, {3, 5}, {2}], [{8, 1}, {7}, {4, 6}, {5}, {2, 3}], [{8, 1}, {7}, {4, 6}, {5}, {3}, {2}], [{8, 2}, {1, 7}, {3, 6}, {4, 5}], [{8, 2}, {1, 7}, {4, 6}, {3, 5}], [{8, 2}, {1, 7}, {4, 6}, {5}, {3}], [{8, 2}, {1, 7}, {5, 6}, {3, 4}], [{8, 2}, {3, 7}, {1, 6}, {4, 5}], [{8, 2}, {3, 7}, {4, 6}, {1, 5}], [{8, 2}, {3, 7}, {4, 6}, {5}, {1}], [{8, 2}, {3, 7}, {5, 6}, {1, 4}], [{8, 2}, {4, 7}, {1, 6}, {3, 5}], [{8, 2}, {4, 7}, {3, 6}, {1, 5}], [{8, 2}, {4, 7}, {5, 6}, {1, 3}], [{8, 2}, {4, 7}, {6}, {1, 5}, {3}], [{8, 2}, {5, 7}, {1, 6}, {3, 4}], [{8, 2}, {5, 7}, {3, 6}, {1, 4}], [{8, 2}, {5, 7}, {4, 6}, {1, 3}], [{8, 2}, {5, 7}, {4, 6}, {3}, {1}], [{8, 2}, {6, 7}, {1, 5}, {3, 4}], [{8, 2}, {6, 7}, {1, 5}, {4}, {3}], [{8, 2}, {6, 7}, {3, 5}, {1, 4}], [{8, 2}, {6, 7}, {4, 5}, {1, 3}], [{8, 2}, {7}, {4, 6}, {1, 5}, {3}], [{8, 2}, {7}, {4, 6}, {3, 5}, {1}], [{8, 2}, {7}, {4, 6}, {5}, {1, 3}], [{8, 2}, {7}, {4, 6}, {5}, {3}, {1}], [{8, 3}, {1, 7}, {2, 6}, {4, 5}], [{8, 3}, {1, 7}, {2, 6}, {5}, {4}], [{8, 3}, {1, 7}, {4, 6}, {2, 5}], [{8, 3}, {1, 7}, {4, 6}, {5}, {2}], [{8, 3}, {1, 7}, {5, 6}, {2, 4}], [{8, 3}, {1, 7}, {5, 6}, {4}, {2}], [{8, 3}, {1, 7}, {6}, {2, 5}, {4}], [{8, 3}, {1, 7}, {6}, {4, 5}, {2}], [{8, 3}, {1, 7}, {6}, {5}, {2, 4}], [{8, 3}, {2, 7}, {1, 6}, {4, 5}], [{8, 3}, {2, 7}, {1, 6}, {5}, {4}], [{8, 3}, {2, 7}, {4, 6}, {1, 5}], [{8, 3}, {2, 7}, {4, 6}, {5}, {1}], [{8, 3}, {2, 7}, {5, 6}, {1, 4}], [{8, 3}, {2, 7}, {5, 6}, {4}, {1}], [{8, 3}, {2, 7}, {6}, {1, 5}, {4}], [{8, 3}, {2, 7}, {6}, {4, 5}, {1}], [{8, 3}, {2, 7}, {6}, {5}, {1, 4}], [{8, 3}, {4, 7}, {1, 6}, {2, 5}], [{8, 3}, {4, 7}, {1, 6}, {5}, {2}], [{8, 3}, {4, 7}, {2, 6}, {1, 5}], [{8, 3}, {4, 7}, {2, 6}, {5}, {1}], [{8, 3}, {4, 7}, {5, 6}, {1, 2}], [{8, 3}, {4, 7}, {5, 6}, {2}, {1}], [{8, 3}, {4, 7}, {6}, {1, 5}, {2}], [{8, 3}, {4, 7}, {6}, {2, 5}, {1}], [{8, 3}, {4, 7}, {6}, {5}, {1, 2}], [{8, 3}, {5, 7}, {1, 6}, {2, 4}], [{8, 3}, {5, 7}, {1, 6}, {4}, {2}], [{8, 3}, {5, 7}, {2, 6}, {1, 4}], [{8, 3}, {5, 7}, {2, 6}, {4}, {1}], [{8, 3}, {5, 7}, {4, 6}, {1, 2}], [{8, 3}, {5, 7}, {4, 6}, {2}, {1}], [{8, 3}, {5, 7}, {6}, {1, 4}, {2}], [{8, 3}, {5, 7}, {6}, {2, 4}, {1}], [{8, 3}, {5, 7}, {6}, {4}, {1, 2}], [{8, 3}, {6, 7}, {1, 5}, {2, 4}], [{8, 3}, {6, 7}, {1, 5}, {4}, {2}], [{8, 3}, {6, 7}, {2, 5}, {1, 4}], [{8, 3}, {6, 7}, {2, 5}, {4}, {1}], [{8, 3}, {6, 7}, {4, 5}, {1, 2}], [{8, 3}, {6, 7}, {4, 5}, {2}, {1}], [{8, 3}, {6, 7}, {5}, {1, 4}, {2}], [{8, 3}, {6, 7}, {5}, {2, 4}, {1}], [{8, 3}, {6, 7}, {5}, {4}, {1, 2}], [{8, 3}, {7}, {1, 6}, {2, 5}, {4}], [{8, 3}, {7}, {1, 6}, {4, 5}, {2}], [{8, 3}, {7}, {1, 6}, {5}, {2, 4}], [{8, 3}, {7}, {2, 6}, {1, 5}, {4}], [{8, 3}, {7}, {2, 6}, {4, 5}, {1}], [{8, 3}, {7}, {2, 6}, {5}, {1, 4}], [{8, 3}, {7}, {4, 6}, {1, 5}, {2}], [{8, 3}, {7}, {4, 6}, {2, 5}, {1}], [{8, 3}, {7}, {4, 6}, {5}, {1, 2}], [{8, 3}, {7}, {4, 6}, {5}, {2}, {1}], [{8, 3}, {7}, {5, 6}, {1, 4}, {2}], [{8, 3}, {7}, {5, 6}, {2, 4}, {1}], [{8, 3}, {7}, {5, 6}, {4}, {1, 2}], [{8, 3}, {7}, {5, 6}, {4}, {2}, {1}], [{8, 3}, {7}, {6}, {1, 5}, {2, 4}], [{8, 3}, {7}, {6}, {2, 5}, {1, 4}], [{8, 3}, {7}, {6}, {4, 5}, {1, 2}], [{8, 3}, {7}, {6}, {4, 5}, {2}, {1}], [{8, 4}, {1, 7}, {2, 6}, {3, 5}], [{8, 4}, {1, 7}, {3, 6}, {2, 5}], [{8, 4}, {1, 7}, {5, 6}, {2, 3}], [{8, 4}, {1, 7}, {6}, {3, 5}, {2}], [{8, 4}, {2, 7}, {1, 6}, {3, 5}], [{8, 4}, {2, 7}, {1, 6}, {5}, {3}], [{8, 4}, {2, 7}, {3, 6}, {1, 5}], [{8, 4}, {2, 7}, {5, 6}, {1, 3}], [{8, 4}, {2, 7}, {6}, {3, 5}, {1}], [{8, 4}, {3, 7}, {1, 6}, {2, 5}], [{8, 4}, {3, 7}, {2, 6}, {1, 5}], [{8, 4}, {3, 7}, {5, 6}, {1, 2}], [{8, 4}, {5, 7}, {1, 6}, {2, 3}], [{8, 4}, {5, 7}, {2, 6}, {1, 3}], [{8, 4}, {5, 7}, {3, 6}, {1, 2}], [{8, 4}, {6, 7}, {1, 5}, {2, 3}], [{8, 4}, {6, 7}, {1, 5}, {3}, {2}], [{8, 4}, {6, 7}, {2, 5}, {1, 3}], [{8, 4}, {6, 7}, {3, 5}, {1, 2}], [{8, 4}, {6, 7}, {3, 5}, {2}, {1}], [{8, 4}, {6, 7}, {5}, {1, 3}, {2}], [{8, 4}, {7}, {1, 6}, {3, 5}, {2}], [{8, 4}, {7}, {2, 6}, {3, 5}, {1}], [{8, 4}, {7}, {6}, {3, 5}, {1, 2}], [{8, 4}, {7}, {6}, {3, 5}, {2}, {1}], [{8, 5}, {1, 7}, {2, 6}, {3, 4}], [{8, 5}, {1, 7}, {3, 6}, {2, 4}], [{8, 5}, {1, 7}, {4, 6}, {2, 3}], [{8, 5}, {1, 7}, {4, 6}, {3}, {2}], [{8, 5}, {2, 7}, {1, 6}, {3, 4}], [{8, 5}, {2, 7}, {1, 6}, {4}, {3}], [{8, 5}, {2, 7}, {3, 6}, {1, 4}], [{8, 5}, {2, 7}, {4, 6}, {1, 3}], [{8, 5}, {2, 7}, {4, 6}, {3}, {1}], [{8, 5}, {2, 7}, {6}, {1, 4}, {3}], [{8, 5}, {3, 7}, {1, 6}, {2, 4}], [{8, 5}, {3, 7}, {2, 6}, {1, 4}], [{8, 5}, {3, 7}, {4, 6}, {1, 2}], [{8, 5}, {3, 7}, {4, 6}, {2}, {1}], [{8, 5}, {4, 7}, {1, 6}, {2, 3}], [{8, 5}, {4, 7}, {2, 6}, {1, 3}], [{8, 5}, {4, 7}, {3, 6}, {1, 2}], [{8, 5}, {6, 7}, {1, 4}, {2, 3}], [{8, 5}, {6, 7}, {2, 4}, {1, 3}], [{8, 5}, {6, 7}, {3, 4}, {1, 2}], [{8, 5}, {7}, {4, 6}, {1, 3}, {2}], [{8, 5}, {7}, {4, 6}, {2, 3}, {1}], [{8, 5}, {7}, {4, 6}, {3}, {1, 2}], [{8, 5}, {7}, {4, 6}, {3}, {2}, {1}], [{8, 6}, {1, 7}, {2, 5}, {3, 4}], [{8, 6}, {1, 7}, {3, 5}, {2, 4}], [{8, 6}, {1, 7}, {3, 5}, {4}, {2}], [{8, 6}, {1, 7}, {4, 5}, {2, 3}], [{8, 6}, {2, 7}, {1, 5}, {3, 4}], [{8, 6}, {2, 7}, {3, 5}, {1, 4}], [{8, 6}, {2, 7}, {3, 5}, {4}, {1}], [{8, 6}, {2, 7}, {4, 5}, {1, 3}], [{8, 6}, {2, 7}, {5}, {1, 4}, {3}], [{8, 6}, {3, 7}, {1, 5}, {2, 4}], [{8, 6}, {3, 7}, {2, 5}, {1, 4}], [{8, 6}, {3, 7}, {4, 5}, {1, 2}], [{8, 6}, {4, 7}, {1, 5}, {2, 3}], [{8, 6}, {4, 7}, {1, 5}, {3}, {2}], [{8, 6}, {4, 7}, {2, 5}, {1, 3}], [{8, 6}, {4, 7}, {3, 5}, {1, 2}], [{8, 6}, {4, 7}, {3, 5}, {2}, {1}], [{8, 6}, {4, 7}, {5}, {1, 3}, {2}], [{8, 6}, {5, 7}, {1, 4}, {2, 3}], [{8, 6}, {5, 7}, {2, 4}, {1, 3}], [{8, 6}, {5, 7}, {3, 4}, {1, 2}], [{8, 6}, {7}, {3, 5}, {1, 4}, {2}], [{8, 6}, {7}, {3, 5}, {2, 4}, {1}], [{8, 6}, {7}, {3, 5}, {4}, {1, 2}], [{8, 6}, {7}, {3, 5}, {4}, {2}, {1}], [{8, 7}, {1, 6}, {2, 5}, {3, 4}], [{8, 7}, {1, 6}, {3, 5}, {2, 4}], [{8, 7}, {1, 6}, {4, 5}, {2, 3}], [{8, 7}, {2, 6}, {1, 5}, {3, 4}], [{8, 7}, {2, 6}, {3, 5}, {1, 4}], [{8, 7}, {2, 6}, {4, 5}, {1, 3}], [{8, 7}, {3, 6}, {1, 5}, {2, 4}], [{8, 7}, {3, 6}, {2, 5}, {1, 4}], [{8, 7}, {3, 6}, {4, 5}, {1, 2}], [{8, 7}, {4, 6}, {1, 5}, {2, 3}], [{8, 7}, {4, 6}, {1, 5}, {3}, {2}], [{8, 7}, {4, 6}, {2, 5}, {1, 3}], [{8, 7}, {4, 6}, {2, 5}, {3}, {1}], [{8, 7}, {4, 6}, {3, 5}, {1, 2}], [{8, 7}, {4, 6}, {3, 5}, {2}, {1}], [{8, 7}, {4, 6}, {5}, {1, 3}, {2}], [{8, 7}, {4, 6}, {5}, {2, 3}, {1}], [{8, 7}, {4, 6}, {5}, {3}, {1, 2}], [{8, 7}, {4, 6}, {5}, {3}, {2}, {1}], [{8, 7}, {5, 6}, {1, 4}, {2, 3}], [{8, 7}, {5, 6}, {2, 4}, {1, 3}], [{8, 7}, {5, 6}, {3, 4}, {1, 2}], [{8}, {1, 7}, {2, 6}, {4, 5}, {3}], [{8}, {1, 7}, {4, 6}, {2, 5}, {3}], [{8}, {1, 7}, {4, 6}, {3, 5}, {2}], [{8}, {1, 7}, {4, 6}, {5}, {2, 3}], [{8}, {1, 7}, {4, 6}, {5}, {3}, {2}], [{8}, {1, 7}, {5, 6}, {2, 4}, {3}], [{8}, {2, 7}, {1, 6}, {3, 5}, {4}], [{8}, {2, 7}, {1, 6}, {4, 5}, {3}], [{8}, {2, 7}, {1, 6}, {5}, {3, 4}], [{8}, {2, 7}, {1, 6}, {5}, {4}, {3}], [{8}, {2, 7}, {3, 6}, {5}, {1, 4}], [{8}, {2, 7}, {4, 6}, {1, 5}, {3}], [{8}, {2, 7}, {4, 6}, {3, 5}, {1}], [{8}, {2, 7}, {4, 6}, {5}, {1, 3}], [{8}, {2, 7}, {4, 6}, {5}, {3}, {1}], [{8}, {2, 7}, {5, 6}, {1, 4}, {3}], [{8}, {2, 7}, {6}, {3, 5}, {1, 4}], [{8}, {2, 7}, {6}, {5}, {1, 4}, {3}], [{8}, {3, 7}, {4, 6}, {1, 5}, {2}], [{8}, {3, 7}, {4, 6}, {2, 5}, {1}], [{8}, {3, 7}, {4, 6}, {5}, {1, 2}], [{8}, {3, 7}, {4, 6}, {5}, {2}, {1}], [{8}, {4, 7}, {1, 6}, {2, 5}, {3}], [{8}, {4, 7}, {2, 6}, {1, 5}, {3}], [{8}, {4, 7}, {3, 6}, {1, 5}, {2}], [{8}, {4, 7}, {5, 6}, {3}, {1, 2}], [{8}, {4, 7}, {6}, {1, 5}, {2, 3}], [{8}, {4, 7}, {6}, {1, 5}, {3}, {2}], [{8}, {5, 7}, {1, 6}, {2, 4}, {3}], [{8}, {5, 7}, {2, 6}, {1, 4}, {3}], [{8}, {5, 7}, {4, 6}, {1, 3}, {2}], [{8}, {5, 7}, {4, 6}, {2, 3}, {1}], [{8}, {5, 7}, {4, 6}, {3}, {1, 2}], [{8}, {5, 7}, {4, 6}, {3}, {2}, {1}], [{8}, {6, 7}, {1, 5}, {2, 4}, {3}], [{8}, {6, 7}, {1, 5}, {3, 4}, {2}], [{8}, {6, 7}, {1, 5}, {4}, {2, 3}], [{8}, {6, 7}, {1, 5}, {4}, {3}, {2}], [{8}, {6, 7}, {2, 5}, {1, 4}, {3}], [{8}, {6, 7}, {4, 5}, {3}, {1, 2}], [{8}, {7}, {4, 6}, {1, 5}, {2, 3}], [{8}, {7}, {4, 6}, {1, 5}, {3}, {2}], [{8}, {7}, {4, 6}, {2, 5}, {1, 3}], [{8}, {7}, {4, 6}, {2, 5}, {3}, {1}], [{8}, {7}, {4, 6}, {3, 5}, {1, 2}], [{8}, {7}, {4, 6}, {3, 5}, {2}, {1}], [{8}, {7}, {4, 6}, {5}, {1, 3}, {2}], [{8}, {7}, {4, 6}, {5}, {2, 3}, {1}], [{8}, {7}, {4, 6}, {5}, {3}, {1, 2}], [{8}, {7}, {4, 6}, {5}, {3}, {2}, {1}]]",2,4 K_1^3 + 4 K_1^2 K_2 - 14 K_1^2 - 10 K_1 K_2 - 4 K_1 K_3 + 2 K_1 + 7 K_2 + 4 K_3 + K_4 + 7,O1O2O3O4U5U6O5U1O6O7U4U3U8U7O8U2,O1O2O3O4U1U5O6U7O5O7U4U3U8U6O8U2,O1O2O3O4U3O5U6U5U2U1O7O8U7O6U8U4,c,{'O1O2O3O4U3O5U6U5U2U1O6O7U4O8U7U8'},1,"<a href=""/flatknot/8.733838"">8.733838</a>",t^9-34t^7-56t^6+83t^5+64t^4-72t^3+30t^2,t^3-t^2-t,,
8.733839,O1O2O3O4U3O5U6U5U2U7O6O8U4O7U1U8,3,11z^2+72z+101,11w^3z^2-16w^3z+88w^2z+101w,False,False,"[[ 0 -1  0 -1  2  1 -3  1  1],[ 1  0  0 -1  3  1 -2  1  1],[ 0  0  0  0  1  0 -1  0  1],[ 1  1  0  0  1  0  1  0  1],[-2 -3 -1 -1  0  1 -3 -1  0],[-1 -1  0  0 -1  0 -1  0  0],[ 3  2  1 -1  3  1  0  3  2],[-1 -1  0  0  1  0 -3  0  1],[-1 -1 -1 -1  0  0 -2 -1  0]]","[[ 0  2  1  1  0 -1 -3],[-2  0  0 -1 -1 -1 -3],[-1  0  0 -1 -1 -1 -2],[-1  1  1  0  0  0 -3],[ 0  1  1  0  0  0 -1],[ 1  1  1  0  0  0  1],[ 3  3  2  3  1 -1  0]]",False,"[-2,-1,-1,0,1,3,0,1,1,1,3,1,1,1,2,0,0,3,0,1,-1]","[-3,-1,0,1,1,2,-1,1,2,3,3,0,1,0,1,1,0,1,-1,0,1]",t^6+30t^4+51t^2,"[-3,-1,0,1,1,2,3,2,1,2,2,1,2,1,2,1,0,1,-1,0,1]","[-2,-1,-1,0,1,3,0,1,1,2,2,1,1,2,1,0,1,2,1,2,3]","[-3,-1,0,1,1,2,-1,1,2,3,3,0,1,0,1,1,0,1,-1,0,1]",c,"[[{8, 7}, {2, 6}, {1, 5}, {3, 4}]]",1,4 K_1^3 + 4 K_1^2 K_2 - 10 K_1^2 - 18 K_1 K_2 - 8 K_1 K_3 + 6 K_1 - 8 K_2^2 + 7 K_2 + 8 K_3 + 7 K_4 + 9,O1O2O3O4U5U4O6U1O5O7U6U3U8U7O8U2,O1O2O3O4U1U5O6U4O7O5U7U3U8U6O8U2,O1O2O3O4U3O5U6U5U2U7O8O7U1O6U8U4,c,{'O1O2O3O4U3O5U6U5U2U7O6O8U4O7U1U8'},1,"<a href=""/flatknot/8.733839"">8.733839</a>",t^7-34t^5-50t^4+40t^3+12t^2-8t,t^3-t^2-t,,
8.733840,O1O2O3O4U3O5U6U5U7U1O6O7U4O8U2U8,4,13z^2+94z+137,13w^3z^2+94w^2z+137w,False,False,"[[ 0  0  0 -1  2  1 -3  0  1],[ 0  0  0  0  0  0 -1  1  1],[ 0  0  0 -1  1  1 -2  1  1],[ 1  0  1  0  1  0  1  1  0],[-2  0 -1 -1  0  1 -4 -1  0],[-1  0 -1  0 -1  0 -1  0  0],[ 3  1  2 -1  4  1  0  2  1],[ 0 -1 -1 -1  1  0 -2  0  1],[-1 -1 -1  0  0  0 -1 -1  0]]","[[ 0  2  1  1  0  0  0 -1 -3],[-2  0  1  0  0 -1 -1 -1 -4],[-1 -1  0  0  0  0 -1  0 -1],[-1  0  0  0 -1 -1 -1  0 -1],[ 0  0  0  1  0  1  0  0 -1],[ 0  1  0  1 -1  0 -1 -1 -2],[ 0  1  1  1  0  1  0 -1 -2],[ 1  1  0  0  0  1  1  0  1],[ 3  4  1  1  1  2  2 -1  0]]",True,"[-2,-1,-1,0,0,0,1,3,-1,0,0,1,1,1,4,0,0,0,1,0,1,1,1,1,0,1,-1,0,0,1,1,1,2,1,2,-1]","[-3,-1,0,0,0,1,1,2,-1,1,2,2,1,1,4,0,1,1,0,0,1,0,1,0,1,0,1,1,1,1,0,1,1,0,-1,0]",t^8+40t^6+132t^4+47t^2+4,"[-3,-1,0,0,0,1,1,2,3,1,1,2,3,3,1,0,0,1,2,2,2,-1,0,0,0,1,1,0,1,1,0,1,2,0,1,2]","[-2,-1,-1,0,0,0,1,3,1,2,1,1,2,2,1,0,0,0,0,2,3,0,1,1,2,3,1,0,0,1,-1,0,1,1,2,3]","[-3,-1,0,0,0,1,1,2,-1,1,2,2,1,1,4,0,1,1,0,0,1,0,1,0,1,0,1,1,1,1,0,1,1,0,-1,0]",c,"[[{8, 1}, {2, 7}, {3, 6}, {4, 5}], [{8, 1}, {2, 7}, {4, 6}, {3, 5}], [{8, 1}, {2, 7}, {4, 6}, {5}, {3}], [{8, 1}, {2, 7}, {5, 6}, {3, 4}], [{8, 1}, {2, 7}, {6}, {3, 5}, {4}], [{8, 1}, {3, 7}, {2, 6}, {4, 5}], [{8, 1}, {3, 7}, {4, 6}, {2, 5}], [{8, 1}, {3, 7}, {4, 6}, {5}, {2}], [{8, 1}, {3, 7}, {5, 6}, {2, 4}], [{8, 1}, {3, 7}, {5, 6}, {4}, {2}], [{8, 1}, {3, 7}, {6}, {4, 5}, {2}], [{8, 1}, {4, 7}, {2, 6}, {3, 5}], [{8, 1}, {4, 7}, {3, 6}, {2, 5}], [{8, 1}, {4, 7}, {5, 6}, {2, 3}], [{8, 1}, {5, 7}, {2, 6}, {3, 4}], [{8, 1}, {5, 7}, {3, 6}, {2, 4}], [{8, 1}, {5, 7}, {4, 6}, {2, 3}], [{8, 1}, {5, 7}, {4, 6}, {3}, {2}], [{8, 1}, {5, 7}, {6}, {4}, {2, 3}], [{8, 1}, {6, 7}, {2, 5}, {3, 4}], [{8, 1}, {6, 7}, {3, 5}, {2, 4}], [{8, 1}, {6, 7}, {4, 5}, {2, 3}], [{8, 1}, {7}, {4, 6}, {2, 5}, {3}], [{8, 1}, {7}, {4, 6}, {3, 5}, {2}], [{8, 1}, {7}, {4, 6}, {5}, {2, 3}], [{8, 1}, {7}, {4, 6}, {5}, {3}, {2}], [{8, 2}, {1, 7}, {3, 6}, {4, 5}], [{8, 2}, {1, 7}, {3, 6}, {5}, {4}], [{8, 2}, {1, 7}, {4, 6}, {3, 5}], [{8, 2}, {1, 7}, {5, 6}, {3, 4}], [{8, 2}, {3, 7}, {1, 6}, {4, 5}], [{8, 2}, {3, 7}, {1, 6}, {5}, {4}], [{8, 2}, {3, 7}, {4, 6}, {1, 5}], [{8, 2}, {3, 7}, {5, 6}, {1, 4}], [{8, 2}, {4, 7}, {1, 6}, {3, 5}], [{8, 2}, {4, 7}, {1, 6}, {5}, {3}], [{8, 2}, {4, 7}, {3, 6}, {1, 5}], [{8, 2}, {4, 7}, {5, 6}, {1, 3}], [{8, 2}, {5, 7}, {1, 6}, {3, 4}], [{8, 2}, {5, 7}, {3, 6}, {1, 4}], [{8, 2}, {5, 7}, {4, 6}, {1, 3}], [{8, 2}, {6, 7}, {1, 5}, {3, 4}], [{8, 2}, {6, 7}, {3, 5}, {1, 4}], [{8, 2}, {6, 7}, {4, 5}, {1, 3}], [{8, 2}, {6, 7}, {5}, {4}, {1, 3}], [{8, 2}, {7}, {1, 6}, {5}, {3, 4}], [{8, 2}, {7}, {4, 6}, {3, 5}, {1}], [{8, 3}, {1, 7}, {2, 6}, {4, 5}], [{8, 3}, {1, 7}, {4, 6}, {2, 5}], [{8, 3}, {1, 7}, {5, 6}, {2, 4}], [{8, 3}, {2, 7}, {1, 6}, {4, 5}], [{8, 3}, {2, 7}, {4, 6}, {1, 5}], [{8, 3}, {2, 7}, {5, 6}, {1, 4}], [{8, 3}, {2, 7}, {6}, {5}, {1, 4}], [{8, 3}, {4, 7}, {1, 6}, {2, 5}], [{8, 3}, {4, 7}, {2, 6}, {1, 5}], [{8, 3}, {4, 7}, {5, 6}, {1, 2}], [{8, 3}, {5, 7}, {1, 6}, {2, 4}], [{8, 3}, {5, 7}, {2, 6}, {1, 4}], [{8, 3}, {5, 7}, {4, 6}, {1, 2}], [{8, 3}, {5, 7}, {6}, {1, 4}, {2}], [{8, 3}, {6, 7}, {1, 5}, {2, 4}], [{8, 3}, {6, 7}, {2, 5}, {1, 4}], [{8, 3}, {6, 7}, {4, 5}, {1, 2}], [{8, 3}, {6, 7}, {5}, {1, 4}, {2}], [{8, 3}, {7}, {1, 6}, {4, 5}, {2}], [{8, 3}, {7}, {2, 6}, {5}, {1, 4}], [{8, 3}, {7}, {4, 6}, {1, 5}, {2}], [{8, 3}, {7}, {5, 6}, {1, 4}, {2}], [{8, 3}, {7}, {6}, {2, 5}, {1, 4}], [{8, 4}, {1, 7}, {2, 6}, {3, 5}], [{8, 4}, {1, 7}, {3, 6}, {2, 5}], [{8, 4}, {1, 7}, {3, 6}, {5}, {2}], [{8, 4}, {1, 7}, {5, 6}, {2, 3}], [{8, 4}, {1, 7}, {5, 6}, {3}, {2}], [{8, 4}, {1, 7}, {6}, {3, 5}, {2}], [{8, 4}, {2, 7}, {1, 6}, {3, 5}], [{8, 4}, {2, 7}, {1, 6}, {5}, {3}], [{8, 4}, {2, 7}, {3, 6}, {1, 5}], [{8, 4}, {2, 7}, {5, 6}, {1, 3}], [{8, 4}, {2, 7}, {6}, {3, 5}, {1}], [{8, 4}, {3, 7}, {1, 6}, {2, 5}], [{8, 4}, {3, 7}, {2, 6}, {1, 5}], [{8, 4}, {3, 7}, {5, 6}, {1, 2}], [{8, 4}, {5, 7}, {1, 6}, {2, 3}], [{8, 4}, {5, 7}, {2, 6}, {1, 3}], [{8, 4}, {5, 7}, {3, 6}, {1, 2}], [{8, 4}, {6, 7}, {1, 5}, {2, 3}], [{8, 4}, {6, 7}, {2, 5}, {1, 3}], [{8, 4}, {6, 7}, {3, 5}, {1, 2}], [{8, 4}, {6, 7}, {3, 5}, {2}, {1}], [{8, 4}, {6, 7}, {5}, {3}, {1, 2}], [{8, 4}, {7}, {1, 6}, {3, 5}, {2}], [{8, 4}, {7}, {2, 6}, {3, 5}, {1}], [{8, 4}, {7}, {6}, {3, 5}, {1, 2}], [{8, 4}, {7}, {6}, {3, 5}, {2}, {1}], [{8, 5}, {1, 7}, {2, 6}, {3, 4}], [{8, 5}, {1, 7}, {3, 6}, {2, 4}], [{8, 5}, {1, 7}, {4, 6}, {2, 3}], [{8, 5}, {1, 7}, {6}, {2, 4}, {3}], [{8, 5}, {2, 7}, {1, 6}, {3, 4}], [{8, 5}, {2, 7}, {3, 6}, {1, 4}], [{8, 5}, {2, 7}, {4, 6}, {1, 3}], [{8, 5}, {2, 7}, {6}, {1, 4}, {3}], [{8, 5}, {3, 7}, {1, 6}, {2, 4}], [{8, 5}, {3, 7}, {2, 6}, {1, 4}], [{8, 5}, {3, 7}, {4, 6}, {1, 2}], [{8, 5}, {3, 7}, {6}, {2, 4}, {1}], [{8, 5}, {4, 7}, {1, 6}, {2, 3}], [{8, 5}, {4, 7}, {2, 6}, {1, 3}], [{8, 5}, {4, 7}, {2, 6}, {3}, {1}], [{8, 5}, {4, 7}, {3, 6}, {1, 2}], [{8, 5}, {4, 7}, {3, 6}, {2}, {1}], [{8, 5}, {4, 7}, {6}, {2, 3}, {1}], [{8, 5}, {6, 7}, {1, 4}, {2, 3}], [{8, 5}, {6, 7}, {2, 4}, {1, 3}], [{8, 5}, {6, 7}, {3, 4}, {1, 2}], [{8, 5}, {7}, {1, 6}, {4}, {2, 3}], [{8, 5}, {7}, {2, 6}, {4}, {1, 3}], [{8, 5}, {7}, {4, 6}, {1, 3}, {2}], [{8, 5}, {7}, {6}, {2, 4}, {1, 3}], [{8, 6}, {1, 7}, {2, 5}, {3, 4}], [{8, 6}, {1, 7}, {2, 5}, {4}, {3}], [{8, 6}, {1, 7}, {3, 5}, {2, 4}], [{8, 6}, {1, 7}, {3, 5}, {4}, {2}], [{8, 6}, {1, 7}, {4, 5}, {2, 3}], [{8, 6}, {1, 7}, {5}, {4}, {2, 3}], [{8, 6}, {2, 7}, {1, 5}, {3, 4}], [{8, 6}, {2, 7}, {1, 5}, {4}, {3}], [{8, 6}, {2, 7}, {3, 5}, {1, 4}], [{8, 6}, {2, 7}, {3, 5}, {4}, {1}], [{8, 6}, {2, 7}, {4, 5}, {1, 3}], [{8, 6}, {2, 7}, {4, 5}, {3}, {1}], [{8, 6}, {2, 7}, {5}, {1, 4}, {3}], [{8, 6}, {2, 7}, {5}, {3, 4}, {1}], [{8, 6}, {2, 7}, {5}, {4}, {1, 3}], [{8, 6}, {2, 7}, {5}, {4}, {3}, {1}], [{8, 6}, {3, 7}, {1, 5}, {2, 4}], [{8, 6}, {3, 7}, {1, 5}, {4}, {2}], [{8, 6}, {3, 7}, {2, 5}, {1, 4}], [{8, 6}, {3, 7}, {2, 5}, {4}, {1}], [{8, 6}, {3, 7}, {4, 5}, {1, 2}], [{8, 6}, {3, 7}, {5}, {4}, {1, 2}], [{8, 6}, {4, 7}, {1, 5}, {2, 3}], [{8, 6}, {4, 7}, {2, 5}, {1, 3}], [{8, 6}, {4, 7}, {3, 5}, {1, 2}], [{8, 6}, {4, 7}, {3, 5}, {2}, {1}], [{8, 6}, {5, 7}, {1, 4}, {2, 3}], [{8, 6}, {5, 7}, {2, 4}, {1, 3}], [{8, 6}, {5, 7}, {3, 4}, {1, 2}], [{8, 6}, {5, 7}, {4}, {1, 3}, {2}], [{8, 6}, {5, 7}, {4}, {2, 3}, {1}], [{8, 6}, {5, 7}, {4}, {3}, {1, 2}], [{8, 6}, {7}, {1, 5}, {4}, {2, 3}], [{8, 6}, {7}, {2, 5}, {4}, {1, 3}], [{8, 6}, {7}, {3, 5}, {1, 4}, {2}], [{8, 6}, {7}, {3, 5}, {2, 4}, {1}], [{8, 6}, {7}, {3, 5}, {4}, {1, 2}], [{8, 6}, {7}, {3, 5}, {4}, {2}, {1}], [{8, 7}, {1, 6}, {2, 5}, {3, 4}], [{8, 7}, {1, 6}, {3, 5}, {2, 4}], [{8, 7}, {1, 6}, {4, 5}, {2, 3}], [{8, 7}, {1, 6}, {5}, {4}, {2, 3}], [{8, 7}, {2, 6}, {1, 5}, {3, 4}], [{8, 7}, {2, 6}, {3, 5}, {1, 4}], [{8, 7}, {2, 6}, {4, 5}, {1, 3}], [{8, 7}, {3, 6}, {1, 5}, {2, 4}], [{8, 7}, {3, 6}, {2, 5}, {1, 4}], [{8, 7}, {3, 6}, {4, 5}, {1, 2}], [{8, 7}, {3, 6}, {5}, {4}, {1, 2}], [{8, 7}, {4, 6}, {1, 5}, {2, 3}], [{8, 7}, {4, 6}, {2, 5}, {1, 3}], [{8, 7}, {4, 6}, {3, 5}, {1, 2}], [{8, 7}, {4, 6}, {3, 5}, {2}, {1}], [{8, 7}, {5, 6}, {1, 4}, {2, 3}], [{8, 7}, {5, 6}, {2, 4}, {1, 3}], [{8, 7}, {5, 6}, {3, 4}, {1, 2}], [{8, 7}, {5, 6}, {3, 4}, {2}, {1}], [{8}, {1, 7}, {2, 6}, {5}, {3, 4}], [{8}, {1, 7}, {3, 6}, {5}, {2, 4}], [{8}, {1, 7}, {4, 6}, {3, 5}, {2}], [{8}, {2, 7}, {1, 6}, {3, 5}, {4}], [{8}, {2, 7}, {3, 6}, {5}, {1, 4}], [{8}, {2, 7}, {4, 6}, {3, 5}, {1}], [{8}, {2, 7}, {5, 6}, {1, 4}, {3}], [{8}, {2, 7}, {6}, {3, 5}, {1, 4}], [{8}, {2, 7}, {6}, {5}, {1, 4}, {3}], [{8}, {4, 7}, {5, 6}, {1, 3}, {2}], [{8}, {5, 7}, {1, 6}, {4}, {2, 3}], [{8}, {5, 7}, {2, 6}, {1, 4}, {3}], [{8}, {6, 7}, {1, 5}, {3, 4}, {2}], [{8}, {6, 7}, {2, 5}, {1, 4}, {3}], [{8}, {7}, {4, 6}, {3, 5}, {1, 2}], [{8}, {7}, {4, 6}, {3, 5}, {2}, {1}]]",2,20 K_1^3 + 4 K_1^2 K_2 - 38 K_1^2 - 26 K_1 K_2 - 4 K_1 K_3 - 2 K_1 + 19 K_2 + 8 K_3 + K_4 + 19,O1O2O3O4U5U3O5U1O6O7U4U6U8U7O8U2,O1O2O3O4U1U3O5U6O7O6U4U7U8U5O8U2,O1O2O3O4U3O5U6U5U7U1O8O7U8O6U2U4,c,{'O1O2O3O4U3O5U6U5U7U1O6O7U4O8U2U8'},1,"<a href=""/flatknot/8.733840"">8.733840</a>",t^9-44t^7-98t^6+11t^5+144t^4+89t^3+56t^2+50t+10,t^3-t^2-t,,
8.733841,O1O2O3O4U3O5U6U5U7U8O6O7U1O8U2U4,3,15z^2+88z+117,15w^3z^2+88w^2z+117w,False,False,"[[ 0 -1  0 -1  3  1 -3  0  1],[ 1  0  0  0  2  1 -1  2  3],[ 0  0  0  0  2  1 -3  0  2],[ 1  0  0  0  1  0  1  1  1],[-3 -2 -2 -1  0  1 -6 -3 -1],[-1 -1 -1  0 -1  0 -1  0  0],[ 3  1  3 -1  6  1  0  2  2],[ 0 -2  0 -1  3  0 -2  0  0],[-1 -3 -2 -1  1  0 -2  0  0]]","[[ 0  3  1  1  0  0 -1 -1 -3],[-3  0  1 -1 -2 -3 -1 -2 -6],[-1 -1  0  0 -1  0  0 -1 -1],[-1  1  0  0 -2  0 -1 -3 -2],[ 0  2  1  2  0  0  0  0 -3],[ 0  3  0  0  0  0 -1 -2 -2],[ 1  1  0  1  0  1  0  0  1],[ 1  2  1  3  0  2  0  0 -1],[ 3  6  1  2  3  2 -1  1  0]]",True,"[-3,-1,-1,0,0,1,1,3,-1,1,2,3,1,2,6,0,1,0,0,1,1,2,0,1,3,2,0,0,0,3,1,2,2,0,-1,1]","[-3,-1,-1,0,0,1,1,3,-1,1,2,3,1,2,6,0,1,0,0,1,1,2,0,1,3,2,0,0,0,3,1,2,2,0,-1,1]",t^8+97t^6+996t^4+300t^2,"[-3,-1,-1,0,0,1,1,3,1,3,0,1,2,3,0,0,1,-1,-1,1,2,1,0,1,2,3,0,-1,0,1,1,1,0,0,1,3]","[-3,-1,-1,0,0,1,1,3,1,3,0,1,2,3,0,0,1,-1,-1,1,2,1,0,1,2,3,0,-1,0,1,1,1,0,0,1,3]","[-3,-1,-1,0,0,1,1,3,-1,1,2,3,1,2,6,0,1,0,0,1,1,2,0,1,3,2,0,0,0,3,1,2,2,0,-1,1]",-,"[[{8, 1}, {2, 7}, {4, 6}, {3, 5}]]",0,32 K_1^3 + 8 K_1^2 K_2 - 36 K_1^2 - 24 K_1 K_2 - 8 K_1 K_3 - 12 K_1 + 18 K_2 + 4 K_3 + 2 K_4 + 17,O1O2O3O4U1U3O5U4O6O7U5U6U8U7O8U2,O1O2O3O4U1U3O5U4O6O7U5U6U8U7O8U2,Same,-,{'O1O2O3O4U3O5U6U5U7U8O6O7U1O8U2U4'},1,"<a href=""/flatknot/8.733841"">8.733841</a>",t^9-97t^7-336t^6+420t^5+1500t^4-1300t^3-624t^2+220t,0,,
8.733842,O1O2O3O4U3O5U6U5U7U8O6O7U1O8U4U2,4,7z^2+60z+93,7w^3z^2+60w^2z+93w,False,False,"[[ 0 -1  1 -1  2  1 -3  0  1],[ 1  0  1  0  1  1 -1  2  3],[-1 -1  0 -1  1  1 -4 -1  1],[ 1  0  1  0  1  0  1  1  1],[-2 -1 -1 -1  0  1 -5 -2  0],[-1 -1 -1  0 -1  0 -1  0  0],[ 3  1  4 -1  5  1  0  2  2],[ 0 -2  1 -1  2  0 -2  0  0],[-1 -3 -1 -1  0  0 -2  0  0]]","[[ 0  2  1  1  1  0 -1 -1 -3],[-2  0  1  0 -1 -2 -1 -1 -5],[-1 -1  0  0 -1  0  0 -1 -1],[-1  0  0  0 -1  0 -1 -3 -2],[-1  1  1  1  0 -1 -1 -1 -4],[ 0  2  0  0  1  0 -1 -2 -2],[ 1  1  0  1  1  1  0  0  1],[ 1  1  1  3  1  2  0  0 -1],[ 3  5  1  2  4  2 -1  1  0]]",True,"[-2,-1,-1,-1,0,1,1,3,-1,0,1,2,1,1,5,0,1,0,0,1,1,1,0,1,3,2,1,1,1,4,1,2,2,0,-1,1]","[-3,-1,-1,0,1,1,1,2,-1,1,2,1,2,4,5,0,1,0,1,1,1,2,1,3,1,1,0,0,1,2,0,-1,-1,-1,0,1]",t^8+81t^6+687t^4+122t^2,"[-3,-1,-1,0,1,1,1,2,1,3,1,0,2,3,0,0,-1,1,-1,1,2,0,1,1,2,2,0,1,1,0,-1,-1,0,0,1,2]","[-2,-1,-1,-1,0,1,1,3,0,1,2,0,2,2,0,1,1,0,1,1,0,0,1,-1,1,2,1,1,2,3,-1,0,1,0,1,3]","[-3,-1,-1,0,1,1,1,2,-1,1,2,1,2,4,5,0,1,0,1,1,1,2,1,3,1,1,0,0,1,2,0,-1,-1,-1,0,1]",c,"[[{8, 1}, {2, 7}, {3, 6}, {4, 5}], [{8, 1}, {2, 7}, {4, 6}, {3, 5}], [{8, 1}, {2, 7}, {5, 6}, {3, 4}], [{8, 1}, {2, 7}, {5, 6}, {4}, {3}], [{8, 1}, {3, 7}, {2, 6}, {4, 5}], [{8, 1}, {3, 7}, {4, 6}, {2, 5}], [{8, 1}, {3, 7}, {5, 6}, {2, 4}], [{8, 1}, {3, 7}, {5, 6}, {4}, {2}], [{8, 1}, {4, 7}, {2, 6}, {3, 5}], [{8, 1}, {4, 7}, {3, 6}, {2, 5}], [{8, 1}, {4, 7}, {5, 6}, {2, 3}], [{8, 1}, {4, 7}, {5, 6}, {3}, {2}], [{8, 1}, {5, 7}, {2, 6}, {3, 4}], [{8, 1}, {5, 7}, {3, 6}, {2, 4}], [{8, 1}, {5, 7}, {4, 6}, {2, 3}], [{8, 1}, {5, 7}, {6}, {3, 4}, {2}], [{8, 1}, {6, 7}, {2, 5}, {3, 4}], [{8, 1}, {6, 7}, {3, 5}, {2, 4}], [{8, 1}, {6, 7}, {4, 5}, {2, 3}], [{8, 1}, {6, 7}, {5}, {3, 4}, {2}], [{8, 1}, {7}, {4, 6}, {5}, {2, 3}], [{8, 1}, {7}, {5, 6}, {2, 4}, {3}], [{8, 1}, {7}, {5, 6}, {3, 4}, {2}], [{8, 1}, {7}, {5, 6}, {4}, {2, 3}], [{8, 1}, {7}, {5, 6}, {4}, {3}, {2}], [{8, 1}, {7}, {6}, {4, 5}, {2, 3}], [{8, 2}, {1, 7}, {3, 6}, {4, 5}], [{8, 2}, {1, 7}, {4, 6}, {3, 5}], [{8, 2}, {1, 7}, {5, 6}, {3, 4}], [{8, 2}, {1, 7}, {6}, {5}, {3, 4}], [{8, 2}, {3, 7}, {1, 6}, {4, 5}], [{8, 2}, {3, 7}, {4, 6}, {1, 5}], [{8, 2}, {3, 7}, {5, 6}, {1, 4}], [{8, 2}, {4, 7}, {1, 6}, {3, 5}], [{8, 2}, {4, 7}, {1, 6}, {5}, {3}], [{8, 2}, {4, 7}, {3, 6}, {1, 5}], [{8, 2}, {4, 7}, {5, 6}, {1, 3}], [{8, 2}, {5, 7}, {1, 6}, {3, 4}], [{8, 2}, {5, 7}, {3, 6}, {1, 4}], [{8, 2}, {5, 7}, {4, 6}, {1, 3}], [{8, 2}, {5, 7}, {4, 6}, {3}, {1}], [{8, 2}, {6, 7}, {1, 5}, {3, 4}], [{8, 2}, {6, 7}, {1, 5}, {4}, {3}], [{8, 2}, {6, 7}, {3, 5}, {1, 4}], [{8, 2}, {6, 7}, {4, 5}, {1, 3}], [{8, 2}, {7}, {3, 6}, {4, 5}, {1}], [{8, 2}, {7}, {5, 6}, {3, 4}, {1}], [{8, 2}, {7}, {6}, {3, 5}, {1, 4}], [{8, 3}, {1, 7}, {2, 6}, {4, 5}], [{8, 3}, {1, 7}, {4, 6}, {2, 5}], [{8, 3}, {1, 7}, {4, 6}, {5}, {2}], [{8, 3}, {1, 7}, {5, 6}, {2, 4}], [{8, 3}, {2, 7}, {1, 6}, {4, 5}], [{8, 3}, {2, 7}, {4, 6}, {1, 5}], [{8, 3}, {2, 7}, {5, 6}, {1, 4}], [{8, 3}, {4, 7}, {1, 6}, {2, 5}], [{8, 3}, {4, 7}, {2, 6}, {1, 5}], [{8, 3}, {4, 7}, {5, 6}, {1, 2}], [{8, 3}, {5, 7}, {1, 6}, {2, 4}], [{8, 3}, {5, 7}, {2, 6}, {1, 4}], [{8, 3}, {5, 7}, {4, 6}, {1, 2}], [{8, 3}, {6, 7}, {1, 5}, {2, 4}], [{8, 3}, {6, 7}, {1, 5}, {4}, {2}], [{8, 3}, {6, 7}, {2, 5}, {1, 4}], [{8, 3}, {6, 7}, {4, 5}, {1, 2}], [{8, 3}, {7}, {2, 6}, {4, 5}, {1}], [{8, 3}, {7}, {4, 6}, {2, 5}, {1}], [{8, 3}, {7}, {5, 6}, {1, 4}, {2}], [{8, 4}, {1, 7}, {2, 6}, {3, 5}], [{8, 4}, {1, 7}, {3, 6}, {2, 5}], [{8, 4}, {1, 7}, {3, 6}, {5}, {2}], [{8, 4}, {1, 7}, {5, 6}, {2, 3}], [{8, 4}, {2, 7}, {1, 6}, {3, 5}], [{8, 4}, {2, 7}, {1, 6}, {5}, {3}], [{8, 4}, {2, 7}, {3, 6}, {1, 5}], [{8, 4}, {2, 7}, {5, 6}, {1, 3}], [{8, 4}, {3, 7}, {1, 6}, {2, 5}], [{8, 4}, {3, 7}, {2, 6}, {1, 5}], [{8, 4}, {3, 7}, {5, 6}, {1, 2}], [{8, 4}, {5, 7}, {1, 6}, {2, 3}], [{8, 4}, {5, 7}, {2, 6}, {1, 3}], [{8, 4}, {5, 7}, {2, 6}, {3}, {1}], [{8, 4}, {5, 7}, {3, 6}, {1, 2}], [{8, 4}, {6, 7}, {1, 5}, {2, 3}], [{8, 4}, {6, 7}, {1, 5}, {3}, {2}], [{8, 4}, {6, 7}, {2, 5}, {1, 3}], [{8, 4}, {6, 7}, {3, 5}, {1, 2}], [{8, 4}, {7}, {5, 6}, {1, 3}, {2}], [{8, 4}, {7}, {6}, {3, 5}, {1, 2}], [{8, 5}, {1, 7}, {2, 6}, {3, 4}], [{8, 5}, {1, 7}, {3, 6}, {2, 4}], [{8, 5}, {1, 7}, {4, 6}, {2, 3}], [{8, 5}, {1, 7}, {6}, {3, 4}, {2}], [{8, 5}, {2, 7}, {1, 6}, {3, 4}], [{8, 5}, {2, 7}, {1, 6}, {4}, {3}], [{8, 5}, {2, 7}, {3, 6}, {1, 4}], [{8, 5}, {2, 7}, {4, 6}, {1, 3}], [{8, 5}, {2, 7}, {4, 6}, {3}, {1}], [{8, 5}, {2, 7}, {6}, {1, 4}, {3}], [{8, 5}, {3, 7}, {1, 6}, {2, 4}], [{8, 5}, {3, 7}, {1, 6}, {4}, {2}], [{8, 5}, {3, 7}, {2, 6}, {1, 4}], [{8, 5}, {3, 7}, {4, 6}, {1, 2}], [{8, 5}, {4, 7}, {1, 6}, {2, 3}], [{8, 5}, {4, 7}, {1, 6}, {3}, {2}], [{8, 5}, {4, 7}, {2, 6}, {1, 3}], [{8, 5}, {4, 7}, {2, 6}, {3}, {1}], [{8, 5}, {4, 7}, {3, 6}, {1, 2}], [{8, 5}, {4, 7}, {3, 6}, {2}, {1}], [{8, 5}, {4, 7}, {6}, {1, 3}, {2}], [{8, 5}, {4, 7}, {6}, {2, 3}, {1}], [{8, 5}, {4, 7}, {6}, {3}, {1, 2}], [{8, 5}, {6, 7}, {1, 4}, {2, 3}], [{8, 5}, {6, 7}, {2, 4}, {1, 3}], [{8, 5}, {6, 7}, {3, 4}, {1, 2}], [{8, 5}, {6, 7}, {3, 4}, {2}, {1}], [{8, 5}, {7}, {1, 6}, {2, 4}, {3}], [{8, 5}, {7}, {1, 6}, {3, 4}, {2}], [{8, 5}, {7}, {1, 6}, {4}, {2, 3}], [{8, 5}, {7}, {1, 6}, {4}, {3}, {2}], [{8, 5}, {7}, {2, 6}, {4}, {1, 3}], [{8, 5}, {7}, {3, 6}, {4}, {1, 2}], [{8, 6}, {1, 7}, {2, 5}, {3, 4}], [{8, 6}, {1, 7}, {2, 5}, {4}, {3}], [{8, 6}, {1, 7}, {3, 5}, {2, 4}], [{8, 6}, {1, 7}, {3, 5}, {4}, {2}], [{8, 6}, {1, 7}, {4, 5}, {2, 3}], [{8, 6}, {1, 7}, {4, 5}, {3}, {2}], [{8, 6}, {1, 7}, {5}, {2, 4}, {3}], [{8, 6}, {1, 7}, {5}, {3, 4}, {2}], [{8, 6}, {1, 7}, {5}, {4}, {2, 3}], [{8, 6}, {1, 7}, {5}, {4}, {3}, {2}], [{8, 6}, {2, 7}, {1, 5}, {3, 4}], [{8, 6}, {2, 7}, {3, 5}, {1, 4}], [{8, 6}, {2, 7}, {3, 5}, {4}, {1}], [{8, 6}, {2, 7}, {4, 5}, {1, 3}], [{8, 6}, {3, 7}, {1, 5}, {2, 4}], [{8, 6}, {3, 7}, {2, 5}, {1, 4}], [{8, 6}, {3, 7}, {2, 5}, {4}, {1}], [{8, 6}, {3, 7}, {4, 5}, {1, 2}], [{8, 6}, {4, 7}, {1, 5}, {2, 3}], [{8, 6}, {4, 7}, {2, 5}, {1, 3}], [{8, 6}, {4, 7}, {3, 5}, {1, 2}], [{8, 6}, {4, 7}, {5}, {2, 3}, {1}], [{8, 6}, {5, 7}, {1, 4}, {2, 3}], [{8, 6}, {5, 7}, {2, 4}, {1, 3}], [{8, 6}, {5, 7}, {3, 4}, {1, 2}], [{8, 6}, {5, 7}, {3, 4}, {2}, {1}], [{8, 6}, {7}, {1, 5}, {3, 4}, {2}], [{8, 6}, {7}, {2, 5}, {4}, {1, 3}], [{8, 6}, {7}, {3, 5}, {4}, {1, 2}], [{8, 6}, {7}, {5}, {1, 4}, {2, 3}], [{8, 7}, {1, 6}, {2, 5}, {3, 4}], [{8, 7}, {1, 6}, {3, 5}, {2, 4}], [{8, 7}, {1, 6}, {4, 5}, {2, 3}], [{8, 7}, {1, 6}, {5}, {3, 4}, {2}], [{8, 7}, {2, 6}, {1, 5}, {3, 4}], [{8, 7}, {2, 6}, {3, 5}, {1, 4}], [{8, 7}, {2, 6}, {4, 5}, {1, 3}], [{8, 7}, {3, 6}, {1, 5}, {2, 4}], [{8, 7}, {3, 6}, {2, 5}, {1, 4}], [{8, 7}, {3, 6}, {4, 5}, {1, 2}], [{8, 7}, {4, 6}, {1, 5}, {2, 3}], [{8, 7}, {4, 6}, {2, 5}, {1, 3}], [{8, 7}, {4, 6}, {3, 5}, {1, 2}], [{8, 7}, {5, 6}, {1, 4}, {2, 3}], [{8, 7}, {5, 6}, {2, 4}, {1, 3}], [{8, 7}, {5, 6}, {3, 4}, {1, 2}], [{8, 7}, {5, 6}, {3, 4}, {2}, {1}], [{8, 7}, {6}, {1, 5}, {3, 4}, {2}], [{8, 7}, {6}, {4, 5}, {1, 3}, {2}], [{8}, {1, 7}, {2, 6}, {5}, {3, 4}], [{8}, {1, 7}, {5, 6}, {3, 4}, {2}], [{8}, {1, 7}, {6}, {2, 5}, {3, 4}], [{8}, {1, 7}, {6}, {5}, {3, 4}, {2}], [{8}, {2, 7}, {1, 6}, {4, 5}, {3}], [{8}, {2, 7}, {4, 6}, {5}, {1, 3}], [{8}, {2, 7}, {5, 6}, {3, 4}, {1}], [{8}, {3, 7}, {2, 6}, {5}, {1, 4}], [{8}, {3, 7}, {5, 6}, {2, 4}, {1}], [{8}, {3, 7}, {6}, {4, 5}, {1, 2}], [{8}, {4, 7}, {1, 6}, {2, 5}, {3}], [{8}, {4, 7}, {5, 6}, {2, 3}, {1}], [{8}, {5, 7}, {1, 6}, {3, 4}, {2}], [{8}, {6, 7}, {1, 5}, {2, 4}, {3}], [{8}, {6, 7}, {1, 5}, {3, 4}, {2}], [{8}, {6, 7}, {1, 5}, {4}, {2, 3}], [{8}, {6, 7}, {1, 5}, {4}, {3}, {2}], [{8}, {7}, {4, 6}, {3, 5}, {1, 2}], [{8}, {7}, {5, 6}, {3, 4}, {1, 2}], [{8}, {7}, {5, 6}, {3, 4}, {2}, {1}]]",2,12 K_1^3 + 4 K_1^2 K_2 - 20 K_1^2 - 14 K_1 K_2 - 2 K_1 K_3 - 2 K_1 - 2 K_2^2 + 9 K_2 + 4 K_3 + K_4 + 11,O1O2O3O4U3U1O5U4O6O7U5U6U8U7O8U2,O1O2O3O4U1U3O5U4O6O7U5U7U8U6O8U2,O1O2O3O4U3O5U6U5U7U8O7O6U1O8U2U4,c,"{'O1O2O3O4U3O5U6U5U7U8O6O7U1O8U4U2', 'O1O2O3U2O4O5U6U5U7U8O6O7U1O8U3U4'}",2,"<a href=""/flatknot/8.733842"">8.733842</a>",t^9-85t^7-236t^6+320t^5+716t^4+50t^3+156t^2+273t+2,t^3-t^2-t,,
8.733843,O1O2O3O4U3O5U6U5U7U8O6O7U2O8U1U4,3,19z^2+87z+99,19w^3z^2+87w^2z+99w,False,False,"[[ 0 -1  0 -1  3  1 -3  0  1],[ 1  0  1  0  3  1 -2  1  2],[ 0 -1  0  0  1  1 -2  1  2],[ 1  0  0  0  1  0  1  1  1],[-3 -3 -1 -1  0  1 -6 -3 -1],[-1 -1 -1  0 -1  0 -1  0  0],[ 3  2  2 -1  6  1  0  2  2],[ 0 -1 -1 -1  3  0 -2  0  0],[-1 -2 -2 -1  1  0 -2  0  0]]","[[ 0  3  1  1  0  0 -1 -1 -3],[-3  0  1 -1 -1 -3 -1 -3 -6],[-1 -1  0  0 -1  0  0 -1 -1],[-1  1  0  0 -2  0 -1 -2 -2],[ 0  1  1  2  0  1  0 -1 -2],[ 0  3  0  0 -1  0 -1 -1 -2],[ 1  1  0  1  0  1  0  0  1],[ 1  3  1  2  1  1  0  0 -2],[ 3  6  1  2  2  2 -1  2  0]]",True,"[-3,-1,-1,0,0,1,1,3,-1,1,1,3,1,3,6,0,1,0,0,1,1,2,0,1,2,2,-1,0,1,2,1,1,2,0,-1,2]","[-3,-1,-1,0,0,1,1,3,-1,1,1,3,1,3,6,0,1,0,0,1,1,2,0,1,2,2,-1,0,1,2,1,1,2,0,-1,2]",t^8+91t^6+700t^4+176t^2,"[-3,-1,-1,0,0,1,1,3,0,3,1,1,2,3,0,0,0,0,0,1,1,0,1,1,2,3,1,1,1,0,-1,0,2,0,1,3]","[-3,-1,-1,0,0,1,1,3,1,3,0,2,1,3,0,0,1,-1,0,1,2,1,0,1,2,3,-1,0,0,1,0,1,1,0,0,3]","[-3,-1,-1,0,0,1,1,3,-1,2,2,2,1,2,6,0,0,1,0,1,1,1,1,1,2,3,1,1,2,1,0,0,3,0,-1,1]",c,"[[{8, 1}, {2, 7}, {4, 6}, {3, 5}]]",0,16 K_1^3 + 4 K_1^2 K_2 - 14 K_1^2 - 24 K_1 K_2 - 6 K_1 K_3 - 2 K_2^2 + 8 K_2 + 8 K_3 + 3 K_4 + 8,O1O2O3O4U1U4O5U3O6O7U5U6U8U7O8U2,O1O2O3O4U1U3O5U4O6O7U6U5U8U7O8U2,O1O2O3O4U3O5U6U5U7U8O6O8U1O7U2U4,c,{'O1O2O3O4U3O5U6U5U7U8O6O7U2O8U1U4'},1,"<a href=""/flatknot/8.733843"">8.733843</a>",t^9-91t^7-368t^6-172t^5+736t^4+520t^3-102t^2+8t+40,0,,
8.733844,O1O2O3O4U3O5U6U5U7U8O6O7U4O8U1U2,4,2z^3+27z^2+98z+105,2w^4z^3+27w^3z^2+98w^2z+105w,False,False,"[[ 0 -1  1 -1  2  1 -3  0  1],[ 1  0  1 -1  2  1 -2  1  2],[-1 -1  0 -1  2  1 -4 -1  0],[ 1  1  1  0  1  0  1  1  0],[-2 -2 -2 -1  0  1 -4 -1  0],[-1 -1 -1  0 -1  0 -1  0  0],[ 3  2  4 -1  4  1  0  2  2],[ 0 -1  1 -1  1  0 -2  0  0],[-1 -2  0  0  0  0 -2  0  0]]","[[ 0  2  1  1  1  0 -1 -1 -3],[-2  0  1  0 -2 -1 -1 -2 -4],[-1 -1  0  0 -1  0  0 -1 -1],[-1  0  0  0  0  0  0 -2 -2],[-1  2  1  0  0 -1 -1 -1 -4],[ 0  1  0  0  1  0 -1 -1 -2],[ 1  1  0  0  1  1  0  1  1],[ 1  2  1  2  1  1 -1  0 -2],[ 3  4  1  2  4  2 -1  2  0]]",True,"[-2,-1,-1,-1,0,1,1,3,-1,0,2,1,1,2,4,0,1,0,0,1,1,0,0,0,2,2,1,1,1,4,1,1,2,-1,-1,2]","[-3,-1,-1,0,1,1,1,2,-1,2,2,1,2,4,4,1,1,0,0,1,1,1,1,2,1,2,0,0,1,1,0,-1,-1,0,0,2]",t^8+69t^6+240t^4+96t^2+4,"[-3,-1,-1,0,1,1,1,2,0,3,1,0,2,3,1,1,0,1,0,1,1,0,1,2,2,2,0,1,1,1,0,-1,-1,0,1,2]","[-2,-1,-1,-1,0,1,1,3,-1,1,2,1,1,2,1,0,1,0,1,1,0,0,1,0,2,2,1,1,2,3,0,0,1,-1,0,3]","[-3,-1,-1,0,1,1,1,2,-1,2,2,1,2,4,4,1,1,0,0,1,1,1,1,2,1,2,0,0,1,1,0,-1,-1,0,0,2]",c,"[[{8, 1}, {6, 7}, {2, 5}, {3, 4}], [{8, 5}, {6, 7}, {3, 4}, {1, 2}]]",1,- 8 K_1^4 + 24 K_1^3 + 8 K_1^2 K_2 - 28 K_1^2 - 26 K_1 K_2 - 2 K_1 K_3 - 5 K_1 + 15 K_2 + 7 K_3 + 16,O1O2O3O4U3U4O5U1O6O7U5U6U8U7O8U2,O1O2O3O4U1U3O5U4O6O7U6U7U8U5O8U2,O1O2O3O4U3O5U6U5U7U8O7O8U1O6U2U4,c,{'O1O2O3O4U3O5U6U5U7U8O6O7U4O8U1U2'},1,"<a href=""/flatknot/8.733844"">8.733844</a>",t^9-73t^7-262t^6-173t^5+212t^4+122t^3+50t^2+279t+132,t^3-t^2-t,,
8.733845,O1O2O3O4U3O5U6U5U7U1O6O8U2O7U4U8,3,10z^2+63z+87,10w^3z^2+63w^2z+87w,False,False,"[[ 0  0  0 -1  2  1 -3  0  1],[ 0  0  0  0  1  0 -1  0  1],[ 0  0  0  0  1  1 -1  1  1],[ 1  0  0  0  1  0  1  1  1],[-2 -1 -1 -1  0  1 -4 -1  0],[-1  0 -1  0 -1  0 -1  0  0],[ 3  1  1 -1  4  1  0  2  2],[ 0  0 -1 -1  1  0 -2  0  1],[-1 -1 -1 -1  0  0 -2 -1  0]]","[[ 0  2  1  1  0  0  0 -1 -3],[-2  0  1  0 -1 -1 -1 -1 -4],[-1 -1  0  0  0  0 -1  0 -1],[-1  0  0  0 -1 -1 -1 -1 -2],[ 0  1  0  1  0  0  0  0 -1],[ 0  1  0  1  0  0 -1 -1 -2],[ 0  1  1  1  0  1  0  0 -1],[ 1  1  0  1  0  1  0  0  1],[ 3  4  1  2  1  2  1 -1  0]]",True,"[-2,-1,-1,0,0,0,1,3,-1,0,1,1,1,1,4,0,0,0,1,0,1,1,1,1,1,2,0,0,0,1,1,1,2,0,1,-1]","[-3,-1,0,0,0,1,1,2,-1,1,1,2,1,2,4,0,0,1,0,1,1,0,0,0,1,1,1,1,1,1,0,1,1,0,-1,0]",t^8+40t^6+100t^4+48t^2,"[-3,-1,0,0,0,1,1,2,3,1,2,2,2,3,1,0,1,1,1,2,2,0,1,0,1,1,0,0,1,1,0,0,1,0,1,2]","[-2,-1,-1,0,0,0,1,3,1,2,1,1,1,2,1,0,0,0,0,1,2,0,1,1,2,3,0,1,1,2,0,1,2,0,1,3]","[-3,-1,0,0,0,1,1,2,-1,1,1,2,1,2,4,0,0,1,0,1,1,0,0,0,1,1,1,1,1,1,0,1,1,0,-1,0]",c,"[[{8, 6}, {3, 7}, {1, 5}, {2, 4}]]",1,- 18 K_1^2 - 14 K_1 K_2 + 7 K_1 - 4 K_2^2 + 9 K_2 + 7 K_3 + 2 K_4 + 12,O1O2O3O4U5U1O6U3O5O7U4U6U8U7O8U2,O1O2O3O4U1U5O6U3O7O5U4U6U8U7O8U2,O1O2O3O4U3O5U6U5U7U1O8O6U2O7U8U4,c,{'O1O2O3O4U3O5U6U5U7U1O6O8U2O7U4U8'},1,"<a href=""/flatknot/8.733845"">8.733845</a>",t^9-44t^7-90t^6+45t^5+120t^4-72t^3-84t^2+8t+16,t^3-t^2-t,,
8.733846,O1O2O3O4U3O5U6U5U7U1O6O8U2O7U8U4,3,11z^2+64z+85,11w^3z^2-8w^3z+72w^2z+85w,False,False,"[[ 0  0  0 -1  3  1 -3  0  0],[ 0  0  0  0  1  0 -1  0  0],[ 0  0  0  0  2  1 -1  1  0],[ 1  0  0  0  1  0  1  1  0],[-3 -1 -2 -1  0  1 -5 -1 -1],[-1  0 -1  0 -1  0 -1  0  0],[ 3  1  1 -1  5  1  0  2  1],[ 0  0 -1 -1  1  0 -2  0  0],[ 0  0  0  0  1  0 -1  0  0]]","[[ 0  3  1  0  0  0  0 -1 -3],[-3  0  1 -1 -1 -1 -2 -1 -5],[-1 -1  0  0  0  0 -1  0 -1],[ 0  1  0  0  0  0  0  0 -1],[ 0  1  0  0  0  0  0  0 -1],[ 0  1  0  0  0  0 -1 -1 -2],[ 0  2  1  0  0  1  0  0 -1],[ 1  1  0  0  0  1  0  0  1],[ 3  5  1  1  1  2  1 -1  0]]",True,"[-3,-1,0,0,0,0,1,3,-1,1,1,1,2,1,5,0,0,0,1,0,1,0,0,0,0,1,0,0,0,1,1,1,2,0,1,-1]","[-3,-1,0,0,0,0,1,3,-1,1,1,1,2,1,5,0,0,0,1,0,1,0,0,0,0,1,0,0,0,1,1,1,2,0,1,-1]",t^8+46t^6+77t^4+25t^2,"[-3,-1,0,0,0,0,1,3,3,1,2,2,2,3,1,0,1,1,1,2,3,0,0,1,1,2,0,0,1,2,0,1,2,0,1,3]","[-3,-1,0,0,0,0,1,3,3,1,2,2,2,3,1,0,1,1,1,2,3,0,0,1,1,2,0,0,1,2,0,1,2,0,1,3]","[-3,-1,0,0,0,0,1,3,-1,1,1,1,2,1,5,0,0,0,1,0,1,0,0,0,0,1,0,0,0,1,1,1,2,0,1,-1]",-,"[[{8, 1}, {2, 7}, {4, 6}, {3, 5}], [{8}, {2, 7}, {4, 6}, {3, 5}, {1}]]",0,- 20 K_1^2 - 20 K_1 K_2 + 10 K_1 + 10 K_2 + 10 K_3 + 11,O1O2O3O4U1U5O6U3O5O7U4U6U8U7O8U2,O1O2O3O4U1U5O6U3O5O7U4U6U8U7O8U2,Same,-,{'O1O2O3O4U3O5U6U5U7U1O6O8U2O7U8U4'},1,"<a href=""/flatknot/8.733846"">8.733846</a>",t^9-46t^7-100t^6+t^5+92t^4+7t^3-20t^2,0,,
8.733847,O1O2O3O4U3O5U6U5U7U1O6O8U4O7U8U2,4,13z^2+98z+145,13w^3z^2+98w^2z+145w,False,False,"[[ 0  0  1 -1  2  1 -3  0  0],[ 0  0  0  0  1  0 -1  0  0],[-1  0  0 -1  1  1 -3  0  0],[ 1  0  1  0  1  0  1  0  1],[-2 -1 -1 -1  0  1 -3 -1  0],[-1  0 -1  0 -1  0 -1  0  0],[ 3  1  3 -1  3  1  0  2  1],[ 0  0  0  0  1  0 -2  0  0],[ 0  0  0 -1  0  0 -1  0  0]]","[[ 0  2  1  1  0  0  0 -1 -3],[-2  0  1 -1  0 -1 -1 -1 -3],[-1 -1  0 -1  0  0  0  0 -1],[-1  1  1  0  0  0  0 -1 -3],[ 0  0  0  0  0  0  0 -1 -1],[ 0  1  0  0  0  0  0  0 -1],[ 0  1  0  0  0  0  0  0 -2],[ 1  1  0  1  1  0  0  0  1],[ 3  3  1  3  1  1  2 -1  0]]",True,"[-2,-1,-1,0,0,0,1,3,-1,1,0,1,1,1,3,1,0,0,0,0,1,0,0,0,1,3,0,0,1,1,0,0,1,0,2,-1]","[-3,-1,0,0,0,1,1,2,-1,1,1,2,1,3,3,0,1,0,0,1,1,0,0,0,0,1,0,0,0,0,0,0,1,-1,-1,1]",t^8+34t^6+72t^4+27t^2+1,"[-3,-1,0,0,0,1,1,2,3,1,2,2,1,3,2,1,0,1,1,2,2,0,0,1,1,1,0,1,1,2,1,1,1,-1,0,2]","[-2,-1,-1,0,0,0,1,3,0,2,1,1,2,2,2,1,1,1,1,1,1,1,1,1,2,3,0,0,1,1,0,1,2,0,2,3]","[-3,-1,0,0,0,1,1,2,-1,1,1,2,1,3,3,0,1,0,0,1,1,0,0,0,0,1,0,0,0,0,0,0,1,-1,-1,1]",c,"[[{8, 1}, {2, 7}, {3, 6}, {4, 5}], [{8, 1}, {2, 7}, {4, 6}, {3, 5}], [{8, 1}, {2, 7}, {4, 6}, {5}, {3}], [{8, 1}, {2, 7}, {5, 6}, {3, 4}], [{8, 1}, {3, 7}, {2, 6}, {4, 5}], [{8, 1}, {3, 7}, {4, 6}, {2, 5}], [{8, 1}, {3, 7}, {5, 6}, {2, 4}], [{8, 1}, {3, 7}, {6}, {4, 5}, {2}], [{8, 1}, {4, 7}, {2, 6}, {3, 5}], [{8, 1}, {4, 7}, {2, 6}, {5}, {3}], [{8, 1}, {4, 7}, {3, 6}, {2, 5}], [{8, 1}, {4, 7}, {5, 6}, {2, 3}], [{8, 1}, {5, 7}, {2, 6}, {3, 4}], [{8, 1}, {5, 7}, {3, 6}, {2, 4}], [{8, 1}, {5, 7}, {3, 6}, {4}, {2}], [{8, 1}, {5, 7}, {4, 6}, {2, 3}], [{8, 1}, {6, 7}, {2, 5}, {3, 4}], [{8, 1}, {6, 7}, {3, 5}, {2, 4}], [{8, 1}, {6, 7}, {4, 5}, {2, 3}], [{8, 1}, {6, 7}, {5}, {3, 4}, {2}], [{8, 2}, {1, 7}, {3, 6}, {4, 5}], [{8, 2}, {1, 7}, {4, 6}, {3, 5}], [{8, 2}, {1, 7}, {5, 6}, {3, 4}], [{8, 2}, {1, 7}, {6}, {3, 5}, {4}], [{8, 2}, {3, 7}, {1, 6}, {4, 5}], [{8, 2}, {3, 7}, {4, 6}, {1, 5}], [{8, 2}, {3, 7}, {4, 6}, {5}, {1}], [{8, 2}, {3, 7}, {5, 6}, {1, 4}], [{8, 2}, {4, 7}, {1, 6}, {3, 5}], [{8, 2}, {4, 7}, {3, 6}, {1, 5}], [{8, 2}, {4, 7}, {5, 6}, {1, 3}], [{8, 2}, {4, 7}, {5, 6}, {3}, {1}], [{8, 2}, {4, 7}, {6}, {5}, {1, 3}], [{8, 2}, {5, 7}, {1, 6}, {3, 4}], [{8, 2}, {5, 7}, {3, 6}, {1, 4}], [{8, 2}, {5, 7}, {3, 6}, {4}, {1}], [{8, 2}, {5, 7}, {4, 6}, {1, 3}], [{8, 2}, {5, 7}, {4, 6}, {3}, {1}], [{8, 2}, {5, 7}, {6}, {3, 4}, {1}], [{8, 2}, {6, 7}, {1, 5}, {3, 4}], [{8, 2}, {6, 7}, {1, 5}, {4}, {3}], [{8, 2}, {6, 7}, {3, 5}, {1, 4}], [{8, 2}, {6, 7}, {4, 5}, {1, 3}], [{8, 2}, {6, 7}, {4, 5}, {3}, {1}], [{8, 2}, {6, 7}, {5}, {1, 4}, {3}], [{8, 2}, {7}, {4, 6}, {3, 5}, {1}], [{8, 3}, {1, 7}, {2, 6}, {4, 5}], [{8, 3}, {1, 7}, {4, 6}, {2, 5}], [{8, 3}, {1, 7}, {4, 6}, {5}, {2}], [{8, 3}, {1, 7}, {5, 6}, {2, 4}], [{8, 3}, {1, 7}, {5, 6}, {4}, {2}], [{8, 3}, {1, 7}, {6}, {4, 5}, {2}], [{8, 3}, {2, 7}, {1, 6}, {4, 5}], [{8, 3}, {2, 7}, {4, 6}, {1, 5}], [{8, 3}, {2, 7}, {4, 6}, {5}, {1}], [{8, 3}, {2, 7}, {5, 6}, {1, 4}], [{8, 3}, {2, 7}, {6}, {1, 5}, {4}], [{8, 3}, {4, 7}, {1, 6}, {2, 5}], [{8, 3}, {4, 7}, {1, 6}, {5}, {2}], [{8, 3}, {4, 7}, {2, 6}, {1, 5}], [{8, 3}, {4, 7}, {5, 6}, {1, 2}], [{8, 3}, {4, 7}, {5, 6}, {2}, {1}], [{8, 3}, {4, 7}, {6}, {1, 5}, {2}], [{8, 3}, {5, 7}, {1, 6}, {2, 4}], [{8, 3}, {5, 7}, {1, 6}, {4}, {2}], [{8, 3}, {5, 7}, {2, 6}, {1, 4}], [{8, 3}, {5, 7}, {4, 6}, {1, 2}], [{8, 3}, {5, 7}, {4, 6}, {2}, {1}], [{8, 3}, {5, 7}, {6}, {1, 4}, {2}], [{8, 3}, {6, 7}, {1, 5}, {2, 4}], [{8, 3}, {6, 7}, {1, 5}, {4}, {2}], [{8, 3}, {6, 7}, {2, 5}, {1, 4}], [{8, 3}, {6, 7}, {4, 5}, {1, 2}], [{8, 3}, {6, 7}, {4, 5}, {2}, {1}], [{8, 3}, {6, 7}, {5}, {1, 4}, {2}], [{8, 3}, {7}, {1, 6}, {4, 5}, {2}], [{8, 3}, {7}, {2, 6}, {1, 5}, {4}], [{8, 3}, {7}, {4, 6}, {1, 5}, {2}], [{8, 3}, {7}, {4, 6}, {2, 5}, {1}], [{8, 3}, {7}, {4, 6}, {5}, {1, 2}], [{8, 3}, {7}, {4, 6}, {5}, {2}, {1}], [{8, 3}, {7}, {5, 6}, {1, 4}, {2}], [{8, 3}, {7}, {6}, {1, 5}, {2, 4}], [{8, 3}, {7}, {6}, {1, 5}, {4}, {2}], [{8, 4}, {1, 7}, {2, 6}, {3, 5}], [{8, 4}, {1, 7}, {3, 6}, {2, 5}], [{8, 4}, {1, 7}, {5, 6}, {2, 3}], [{8, 4}, {2, 7}, {1, 6}, {3, 5}], [{8, 4}, {2, 7}, {3, 6}, {1, 5}], [{8, 4}, {2, 7}, {3, 6}, {5}, {1}], [{8, 4}, {2, 7}, {5, 6}, {1, 3}], [{8, 4}, {2, 7}, {6}, {1, 5}, {3}], [{8, 4}, {3, 7}, {1, 6}, {2, 5}], [{8, 4}, {3, 7}, {2, 6}, {1, 5}], [{8, 4}, {3, 7}, {2, 6}, {5}, {1}], [{8, 4}, {3, 7}, {5, 6}, {1, 2}], [{8, 4}, {5, 7}, {1, 6}, {2, 3}], [{8, 4}, {5, 7}, {2, 6}, {1, 3}], [{8, 4}, {5, 7}, {2, 6}, {3}, {1}], [{8, 4}, {5, 7}, {3, 6}, {1, 2}], [{8, 4}, {6, 7}, {1, 5}, {2, 3}], [{8, 4}, {6, 7}, {2, 5}, {1, 3}], [{8, 4}, {6, 7}, {3, 5}, {1, 2}], [{8, 4}, {6, 7}, {5}, {3}, {1, 2}], [{8, 4}, {7}, {2, 6}, {3, 5}, {1}], [{8, 4}, {7}, {3, 6}, {1, 5}, {2}], [{8, 4}, {7}, {5, 6}, {2, 3}, {1}], [{8, 5}, {1, 7}, {2, 6}, {3, 4}], [{8, 5}, {1, 7}, {3, 6}, {2, 4}], [{8, 5}, {1, 7}, {4, 6}, {2, 3}], [{8, 5}, {2, 7}, {1, 6}, {3, 4}], [{8, 5}, {2, 7}, {3, 6}, {1, 4}], [{8, 5}, {2, 7}, {4, 6}, {1, 3}], [{8, 5}, {2, 7}, {4, 6}, {3}, {1}], [{8, 5}, {3, 7}, {1, 6}, {2, 4}], [{8, 5}, {3, 7}, {2, 6}, {1, 4}], [{8, 5}, {3, 7}, {4, 6}, {1, 2}], [{8, 5}, {3, 7}, {4, 6}, {2}, {1}], [{8, 5}, {4, 7}, {1, 6}, {2, 3}], [{8, 5}, {4, 7}, {2, 6}, {1, 3}], [{8, 5}, {4, 7}, {3, 6}, {1, 2}], [{8, 5}, {4, 7}, {6}, {1, 3}, {2}], [{8, 5}, {6, 7}, {1, 4}, {2, 3}], [{8, 5}, {6, 7}, {2, 4}, {1, 3}], [{8, 5}, {6, 7}, {3, 4}, {1, 2}], [{8, 5}, {7}, {1, 6}, {4}, {2, 3}], [{8, 5}, {7}, {4, 6}, {2, 3}, {1}], [{8, 5}, {7}, {6}, {1, 4}, {2, 3}], [{8, 6}, {1, 7}, {2, 5}, {3, 4}], [{8, 6}, {1, 7}, {3, 5}, {2, 4}], [{8, 6}, {1, 7}, {4, 5}, {2, 3}], [{8, 6}, {2, 7}, {1, 5}, {3, 4}], [{8, 6}, {2, 7}, {1, 5}, {4}, {3}], [{8, 6}, {2, 7}, {3, 5}, {1, 4}], [{8, 6}, {2, 7}, {4, 5}, {1, 3}], [{8, 6}, {2, 7}, {5}, {3, 4}, {1}], [{8, 6}, {3, 7}, {1, 5}, {2, 4}], [{8, 6}, {3, 7}, {2, 5}, {1, 4}], [{8, 6}, {3, 7}, {4, 5}, {1, 2}], [{8, 6}, {3, 7}, {5}, {2, 4}, {1}], [{8, 6}, {4, 7}, {1, 5}, {2, 3}], [{8, 6}, {4, 7}, {2, 5}, {1, 3}], [{8, 6}, {4, 7}, {3, 5}, {1, 2}], [{8, 6}, {5, 7}, {1, 4}, {2, 3}], [{8, 6}, {5, 7}, {2, 4}, {1, 3}], [{8, 6}, {5, 7}, {2, 4}, {3}, {1}], [{8, 6}, {5, 7}, {3, 4}, {1, 2}], [{8, 6}, {7}, {1, 5}, {3, 4}, {2}], [{8, 6}, {7}, {3, 5}, {2, 4}, {1}], [{8, 6}, {7}, {4, 5}, {2, 3}, {1}], [{8, 7}, {1, 6}, {2, 5}, {3, 4}], [{8, 7}, {1, 6}, {3, 5}, {2, 4}], [{8, 7}, {1, 6}, {4, 5}, {2, 3}], [{8, 7}, {1, 6}, {5}, {3, 4}, {2}], [{8, 7}, {2, 6}, {1, 5}, {3, 4}], [{8, 7}, {2, 6}, {3, 5}, {1, 4}], [{8, 7}, {2, 6}, {3, 5}, {4}, {1}], [{8, 7}, {2, 6}, {4, 5}, {1, 3}], [{8, 7}, {3, 6}, {1, 5}, {2, 4}], [{8, 7}, {3, 6}, {2, 5}, {1, 4}], [{8, 7}, {3, 6}, {4, 5}, {1, 2}], [{8, 7}, {4, 6}, {1, 5}, {2, 3}], [{8, 7}, {4, 6}, {2, 5}, {1, 3}], [{8, 7}, {4, 6}, {2, 5}, {3}, {1}], [{8, 7}, {4, 6}, {3, 5}, {1, 2}], [{8, 7}, {4, 6}, {3, 5}, {2}, {1}], [{8, 7}, {4, 6}, {5}, {2, 3}, {1}], [{8, 7}, {5, 6}, {1, 4}, {2, 3}], [{8, 7}, {5, 6}, {1, 4}, {3}, {2}], [{8, 7}, {5, 6}, {2, 4}, {1, 3}], [{8, 7}, {5, 6}, {3, 4}, {1, 2}], [{8, 7}, {5, 6}, {4}, {2, 3}, {1}], [{8, 7}, {6}, {3, 5}, {2, 4}, {1}], [{8, 7}, {6}, {4, 5}, {2, 3}, {1}], [{8}, {2, 7}, {1, 6}, {3, 5}, {4}], [{8}, {2, 7}, {3, 6}, {1, 5}, {4}], [{8}, {2, 7}, {4, 6}, {1, 5}, {3}], [{8}, {2, 7}, {4, 6}, {3, 5}, {1}], [{8}, {2, 7}, {4, 6}, {5}, {1, 3}], [{8}, {2, 7}, {4, 6}, {5}, {3}, {1}], [{8}, {2, 7}, {6}, {1, 5}, {3, 4}], [{8}, {2, 7}, {6}, {3, 5}, {1, 4}], [{8}, {3, 7}, {4, 6}, {2, 5}, {1}], [{8}, {3, 7}, {5, 6}, {1, 4}, {2}], [{8}, {4, 7}, {2, 6}, {3, 5}, {1}], [{8}, {4, 7}, {5, 6}, {2, 3}, {1}], [{8}, {4, 7}, {6}, {2, 5}, {1, 3}], [{8}, {5, 7}, {3, 6}, {4}, {1, 2}], [{8}, {5, 7}, {4, 6}, {2, 3}, {1}], [{8}, {6, 7}, {1, 5}, {4}, {2, 3}], [{8}, {6, 7}, {3, 5}, {2, 4}, {1}], [{8}, {6, 7}, {4, 5}, {2, 3}, {1}], [{8}, {6, 7}, {5}, {1, 4}, {2, 3}]]",2,4 K_1^3 - 42 K_1^2 - 14 K_1 K_2 + 4 K_1 + 21 K_2 + 6 K_3 + 22,O1O2O3O4U3U5O6U1O5O7U4U6U8U7O8U2,O1O2O3O4U1U5O6U3O5O7U4U7U8U6O8U2,O1O2O3O4U3O5U6U5U7U1O7O8U2O6U8U4,c,{'O1O2O3O4U3O5U6U5U7U1O6O8U4O7U8U2'},1,"<a href=""/flatknot/8.733847"">8.733847</a>",t^9-38t^7-62t^6+19t^5+16t^4-17t^3+28t^2+21t-2,t^3-t^2-t,,
8.733848,O1O2O3O4U3O5U6U5U7U2O6O8U4O7U1U8,4,19z^2+104z+133,19w^3z^2+104w^2z+133w,False,False,"[[ 0 -1  1 -1  2  1 -3  0  1],[ 1  0  1 -1  3  1 -2  0  1],[-1 -1  0  0  1  0 -2 -1  0],[ 1  1  0  0  1  0  1  0  1],[-2 -3 -1 -1  0  1 -3 -1  0],[-1 -1  0  0 -1  0 -1  0  0],[ 3  2  2 -1  3  1  0  2  2],[ 0  0  1  0  1  0 -2  0  1],[-1 -1  0 -1  0  0 -2 -1  0]]","[[ 0  2  1  1  0 -1 -3],[-2  0  0 -1 -1 -1 -3],[-1  0  0  0 -1 -1 -2],[-1  1  0  0 -1  0 -2],[ 0  1  1  1  0  0 -2],[ 1  1  1  0  0  0  1],[ 3  3  2  2  2 -1  0]]",False,"[-2,-1,-1,0,1,3,0,1,1,1,3,0,1,1,2,1,0,2,0,2,-1]","[-3,-1,0,1,1,2,-1,2,2,2,3,0,0,1,1,1,1,1,0,1,0]",t^6+28t^4+51t^2+16,"[-3,-1,0,1,1,2,3,1,2,2,2,1,1,2,2,0,0,1,0,1,0]","[-2,-1,-1,0,1,3,0,1,1,2,2,0,0,2,2,0,1,2,1,1,3]","[-3,-1,0,1,1,2,-1,2,2,2,3,0,0,1,1,1,1,1,0,1,0]",c,"[[{8, 2}, {6, 7}, {1, 5}, {3, 4}], [{8, 7}, {2, 6}, {1, 5}, {3, 4}], [{8, 7}, {2, 6}, {1, 5}, {4}, {3}]]",1,24 K_1^3 + 8 K_1^2 K_2 - 32 K_1^2 - 34 K_1 K_2 - 6 K_1 K_3 - K_1 - 2 K_2^2 + 15 K_2 + 11 K_3 + 2 K_4 + 16,O1O2O3O4U5U4O6U1O5O7U3U6U8U7O8U2,O1O2O3O4U1U5O6U3O7O5U7U4U8U6O8U2,O1O2O3O4U3O5U6U5U1U7O8O7U2O6U8U4,c,{'O1O2O3O4U3O5U6U5U7U2O6O8U4O7U1U8'},1,"<a href=""/flatknot/8.733848"">8.733848</a>",t^7-32t^5-54t^4+14t^3+50t^2+10t,t^3-t^2-t,,
8.733849,O1O2O3O4U3O5U6U5U7U8O6O8U1O7U4U2,4,14z^2+67z+79,14w^3z^2+67w^2z+79w,False,False,"[[ 0 -1  1 -1  2  1 -3  0  1],[ 1  0  1  0  1  1 -1  2  2],[-1 -1  0 -1  1  1 -4  0  0],[ 1  0  1  0  1  0  1  1  1],[-2 -1 -1 -1  0  1 -5 -1 -1],[-1 -1 -1  0 -1  0 -1  0  0],[ 3  1  4 -1  5  1  0  1  3],[ 0 -2  0 -1  1  0 -1  0  1],[-1 -2  0 -1  1  0 -3 -1  0]]","[[ 0  2  1  1  1  0 -1 -1 -3],[-2  0  1 -1 -1 -1 -1 -1 -5],[-1 -1  0  0 -1  0  0 -1 -1],[-1  1  0  0  0 -1 -1 -2 -3],[-1  1  1  0  0  0 -1 -1 -4],[ 0  1  0  1  0  0 -1 -2 -1],[ 1  1  0  1  1  1  0  0  1],[ 1  1  1  2  1  2  0  0 -1],[ 3  5  1  3  4  1 -1  1  0]]",True,"[-2,-1,-1,-1,0,1,1,3,-1,1,1,1,1,1,5,0,1,0,0,1,1,0,1,1,2,3,0,1,1,4,1,2,1,0,-1,1]","[-3,-1,-1,0,1,1,1,2,-1,1,1,1,3,4,5,0,1,0,1,1,1,2,1,2,1,1,0,1,0,1,0,-1,-1,0,1,1]",t^8+75t^6+449t^4+83t^2,"[-3,-1,-1,0,1,1,1,2,1,3,2,0,1,3,0,0,-1,1,0,1,2,0,1,1,2,2,1,0,1,1,0,-1,0,0,0,2]","[-2,-1,-1,-1,0,1,1,3,0,0,2,1,2,2,0,0,0,0,0,1,1,1,1,1,1,0,1,1,2,3,-1,0,2,0,1,3]","[-3,-1,-1,0,1,1,1,2,-1,1,1,1,3,4,5,0,1,0,1,1,1,2,1,2,1,1,0,1,0,1,0,-1,-1,0,1,1]",c,"[[{8, 1}, {6, 7}, {2, 5}, {3, 4}], [{8, 1}, {6, 7}, {5}, {3, 4}, {2}]]",1,4 K_1^3 - 12 K_1^2 - 14 K_1 K_2 - 2 K_1 K_3 + 4 K_1 - 2 K_2^2 + 7 K_2 + 6 K_3 + 2 K_4 + 8,O1O2O3O4U3U1O5U4O6O7U6U5U8U7O8U2,O1O2O3O4U1U4O5U3O6O7U5U7U8U6O8U2,O1O2O3O4U3O5U6U5U7U8O7O6U2O8U1U4,c,"{'O1O2O3O4U3O5U6U5U7U8O6O8U1O7U4U2', 'O1O2O3U2O4O5U6U5U7U8O6O8U1O7U3U4'}",2,"<a href=""/flatknot/8.733849"">8.733849</a>",t^9-79t^7-198t^6+186t^5+536t^4+147t^3-104t^2-47t-14,t^3-t^2-t,,
8.733850,O1O2O3O4U3O5U6U5U7U8O6O8U2O7U1U4,3,20z^2+81z+83,20w^3z^2+81w^2z+83w,False,False,"[[ 0 -1  0 -1  3  1 -3  0  1],[ 1  0  1  0  3  1 -2  1  2],[ 0 -1  0  0  1  1 -2  1  1],[ 1  0  0  0  1  0  1  1  1],[-3 -3 -1 -1  0  1 -6 -2 -2],[-1 -1 -1  0 -1  0 -1  0  0],[ 3  2  2 -1  6  1  0  1  3],[ 0 -1 -1 -1  2  0 -1  0  1],[-1 -2 -1 -1  2  0 -3 -1  0]]","[[ 0  3  1  1  0  0 -1 -1 -3],[-3  0  1 -2 -1 -2 -1 -3 -6],[-1 -1  0  0 -1  0  0 -1 -1],[-1  2  0  0 -1 -1 -1 -2 -3],[ 0  1  1  1  0  1  0 -1 -2],[ 0  2  0  1 -1  0 -1 -1 -1],[ 1  1  0  1  0  1  0  0  1],[ 1  3  1  2  1  1  0  0 -2],[ 3  6  1  3  2  1 -1  2  0]]",True,"[-3,-1,-1,0,0,1,1,3,-1,2,1,2,1,3,6,0,1,0,0,1,1,1,1,1,2,3,-1,0,1,2,1,1,1,0,-1,2]","[-3,-1,-1,0,0,1,1,3,-1,2,1,2,1,3,6,0,1,0,0,1,1,1,1,1,2,3,-1,0,1,2,1,1,1,0,-1,2]",t^8+89t^6+504t^4+140t^2,"[-3,-1,-1,0,0,1,1,3,0,3,1,2,1,3,0,0,0,0,0,1,1,1,0,1,2,3,-1,0,0,2,0,1,1,0,0,3]","[-3,-1,-1,0,0,1,1,3,0,3,1,2,1,3,0,0,0,0,0,1,1,1,0,1,2,3,-1,0,0,2,0,1,1,0,0,3]","[-3,-1,-1,0,0,1,1,3,-1,2,1,2,1,3,6,0,1,0,0,1,1,1,1,1,2,3,-1,0,1,2,1,1,1,0,-1,2]",-,"[[{8, 1}, {2, 7}, {4, 6}, {3, 5}]]",0,16 K_1^3 + 8 K_1^2 K_2 - 12 K_1^2 - 20 K_1 K_2 - 8 K_1 K_3 - 2 K_1 + 6 K_2 + 6 K_3 + 2 K_4 + 5,O1O2O3O4U1U4O5U3O6O7U6U5U8U7O8U2,O1O2O3O4U1U4O5U3O6O7U6U5U8U7O8U2,Same,-,{'O1O2O3O4U3O5U6U5U7U8O6O8U2O7U1U4'},1,"<a href=""/flatknot/8.733850"">8.733850</a>",t^9-89t^7-380t^6-472t^5+28t^4+388t^3+208t^2+28t,0,,
8.733851,O1O2O3O4U3O5U6U5U7U8O6O8U4O7U1U2,4,6z^3+45z^2+112z+93,6w^4z^3+45w^3z^2+112w^2z+93w,False,False,"[[ 0 -1  1 -1  2  1 -3  0  1],[ 1  0  1 -1  2  1 -2  1  2],[-1 -1  0 -1  2  1 -4 -1  0],[ 1  1  1  0  1  0  1  0  1],[-2 -2 -2 -1  0  1 -4 -1 -1],[-1 -1 -1  0 -1  0 -1  0  0],[ 3  2  4 -1  4  1  0  1  3],[ 0 -1  1  0  1  0 -1  0  1],[-1 -2  0 -1  1  0 -3 -1  0]]","[[ 0  2  1  1  1  0 -1 -1 -3],[-2  0  1 -1 -2 -1 -1 -2 -4],[-1 -1  0  0 -1  0  0 -1 -1],[-1  1  0  0  0 -1 -1 -2 -3],[-1  2  1  0  0 -1 -1 -1 -4],[ 0  1  0  1  1  0  0 -1 -1],[ 1  1  0  1  1  0  0  1  1],[ 1  2  1  2  1  1 -1  0 -2],[ 3  4  1  3  4  1 -1  2  0]]",True,"[-2,-1,-1,-1,0,1,1,3,-1,1,2,1,1,2,4,0,1,0,0,1,1,0,1,1,2,3,1,1,1,4,0,1,1,-1,-1,2]","[-3,-1,-1,0,1,1,1,2,-1,2,1,1,3,4,4,1,0,0,1,1,1,1,1,2,1,2,0,1,1,1,0,-1,-1,0,1,2]",t^8+73t^6+230t^4+72t^2+4,"[-3,-1,-1,0,1,1,1,2,0,3,2,0,1,3,1,1,0,1,0,1,1,1,1,1,2,2,0,0,1,1,0,-1,-1,0,0,2]","[-2,-1,-1,-1,0,1,1,3,-1,0,2,1,1,2,1,0,1,0,1,1,0,0,0,0,1,1,1,1,2,3,0,1,2,-1,0,3]","[-3,-1,-1,0,1,1,1,2,-1,2,1,1,3,4,4,1,0,0,1,1,1,1,1,2,1,2,0,1,1,1,0,-1,-1,0,1,2]",c,"[[{8, 2}, {1, 7}, {5, 6}, {3, 4}], [{8, 5}, {6, 7}, {3, 4}, {1, 2}], [{8, 5}, {6, 7}, {4}, {3}, {1, 2}], [{8, 7}, {5, 6}, {3, 4}, {1, 2}]]",1,- 8 K_1^4 + 16 K_1^3 + 16 K_1^2 K_2 - 12 K_1^2 - 18 K_1 K_2 - 10 K_1 K_3 - 3 K_1 + 7 K_2 + 5 K_3 + 2 K_4 + 6,O1O2O3O4U3U4O5U1O6O7U6U5U8U7O8U2,O1O2O3O4U1U4O5U3O6O7U6U7U8U5O8U2,O1O2O3O4U3O5U6U5U7U8O7O8U2O6U1U4,c,{'O1O2O3O4U3O5U6U5U7U8O6O8U4O7U1U2'},1,"<a href=""/flatknot/8.733851"">8.733851</a>",t^9-77t^7-292t^6-255t^5+188t^4+187t^3-144t^2-128t-24,t^3-t^2-t,,
8.733852,O1O2O3O4U3O5U6U7U1U2O6O7U4O8U5U8,4,7z^3+47z^2+111z+91,7w^4z^3+47w^3z^2+111w^2z+91w,False,False,"[[ 0 -1  1 -1  2  2 -3 -1  1],[ 1  0  1  0  1  1  0  1  1],[-1 -1  0  0  0  0 -1  0  1],[ 1  0  0  0  1  1  1  1  0],[-2 -1  0 -1  0  1 -3 -1  1],[-2 -1  0 -1 -1  0 -3 -1  1],[ 3  0  1 -1  3  3  0  1  1],[ 1 -1  0 -1  1  1 -1  0  1],[-1 -1 -1  0 -1 -1 -1 -1  0]]","[[ 0  2  2  1  1 -1 -1 -1 -3],[-2  0  1  1  0 -1 -1 -1 -3],[-2 -1  0  1  0 -1 -1 -1 -3],[-1 -1 -1  0 -1  0 -1 -1 -1],[-1  0  0  1  0  0  0 -1 -1],[ 1  1  1  0  0  0  1  0  1],[ 1  1  1  1  0 -1  0 -1 -1],[ 1  1  1  1  1  0  1  0  0],[ 3  3  3  1  1 -1  1  0  0]]",True,"[-2,-2,-1,-1,1,1,1,3,-1,-1,0,1,1,1,3,-1,0,1,1,1,3,1,0,1,1,1,0,0,1,1,-1,0,-1,1,1,0]","[-3,-1,-1,-1,1,1,2,2,-1,0,1,1,1,3,3,0,1,0,0,1,1,1,1,1,1,1,0,1,1,1,1,0,0,-1,-1,-1]",t^8+37t^6+72t^4+14t^2,"[-3,-1,-1,-1,1,1,2,2,1,2,3,3,3,2,2,1,1,1,2,2,2,0,1,1,2,2,2,2,2,2,1,2,2,1,1,-1]","[-2,-2,-1,-1,1,1,1,3,-1,1,2,2,2,2,2,1,2,2,2,2,2,1,1,2,2,3,1,1,2,3,1,0,2,-1,1,3]","[-3,-1,-1,-1,1,1,2,2,-1,0,1,1,1,3,3,0,1,0,0,1,1,1,1,1,1,1,0,1,1,1,1,0,0,-1,-1,-1]",c,"[[{8, 1}, {2, 7}, {3, 6}, {4, 5}], [{8, 1}, {2, 7}, {3, 6}, {5}, {4}], [{8, 1}, {2, 7}, {4, 6}, {3, 5}], [{8, 1}, {2, 7}, {5, 6}, {3, 4}], [{8, 1}, {3, 7}, {2, 6}, {4, 5}], [{8, 1}, {3, 7}, {4, 6}, {2, 5}], [{8, 1}, {3, 7}, {5, 6}, {2, 4}], [{8, 1}, {3, 7}, {6}, {2, 5}, {4}], [{8, 1}, {4, 7}, {2, 6}, {3, 5}], [{8, 1}, {4, 7}, {3, 6}, {2, 5}], [{8, 1}, {4, 7}, {5, 6}, {2, 3}], [{8, 1}, {4, 7}, {6}, {3, 5}, {2}], [{8, 1}, {5, 7}, {2, 6}, {3, 4}], [{8, 1}, {5, 7}, {3, 6}, {2, 4}], [{8, 1}, {5, 7}, {3, 6}, {4}, {2}], [{8, 1}, {5, 7}, {4, 6}, {2, 3}], [{8, 1}, {6, 7}, {2, 5}, {3, 4}], [{8, 1}, {6, 7}, {2, 5}, {4}, {3}], [{8, 1}, {6, 7}, {3, 5}, {2, 4}], [{8, 1}, {6, 7}, {3, 5}, {4}, {2}], [{8, 1}, {6, 7}, {4, 5}, {2, 3}], [{8, 1}, {6, 7}, {5}, {4}, {2, 3}], [{8, 1}, {7}, {3, 6}, {2, 5}, {4}], [{8, 1}, {7}, {4, 6}, {3, 5}, {2}], [{8, 1}, {7}, {5, 6}, {3, 4}, {2}], [{8, 2}, {1, 7}, {3, 6}, {4, 5}], [{8, 2}, {1, 7}, {4, 6}, {3, 5}], [{8, 2}, {1, 7}, {5, 6}, {3, 4}], [{8, 2}, {3, 7}, {1, 6}, {4, 5}], [{8, 2}, {3, 7}, {4, 6}, {1, 5}], [{8, 2}, {3, 7}, {5, 6}, {1, 4}], [{8, 2}, {3, 7}, {6}, {1, 5}, {4}], [{8, 2}, {4, 7}, {1, 6}, {3, 5}], [{8, 2}, {4, 7}, {3, 6}, {1, 5}], [{8, 2}, {4, 7}, {3, 6}, {5}, {1}], [{8, 2}, {4, 7}, {5, 6}, {1, 3}], [{8, 2}, {5, 7}, {1, 6}, {3, 4}], [{8, 2}, {5, 7}, {3, 6}, {1, 4}], [{8, 2}, {5, 7}, {4, 6}, {1, 3}], [{8, 2}, {6, 7}, {1, 5}, {3, 4}], [{8, 2}, {6, 7}, {3, 5}, {1, 4}], [{8, 2}, {6, 7}, {3, 5}, {4}, {1}], [{8, 2}, {6, 7}, {4, 5}, {1, 3}], [{8, 3}, {1, 7}, {2, 6}, {4, 5}], [{8, 3}, {1, 7}, {2, 6}, {5}, {4}], [{8, 3}, {1, 7}, {4, 6}, {2, 5}], [{8, 3}, {1, 7}, {5, 6}, {2, 4}], [{8, 3}, {1, 7}, {5, 6}, {4}, {2}], [{8, 3}, {1, 7}, {6}, {2, 5}, {4}], [{8, 3}, {2, 7}, {1, 6}, {4, 5}], [{8, 3}, {2, 7}, {4, 6}, {1, 5}], [{8, 3}, {2, 7}, {4, 6}, {5}, {1}], [{8, 3}, {2, 7}, {5, 6}, {1, 4}], [{8, 3}, {4, 7}, {1, 6}, {2, 5}], [{8, 3}, {4, 7}, {2, 6}, {1, 5}], [{8, 3}, {4, 7}, {2, 6}, {5}, {1}], [{8, 3}, {4, 7}, {5, 6}, {1, 2}], [{8, 3}, {4, 7}, {5, 6}, {2}, {1}], [{8, 3}, {4, 7}, {6}, {2, 5}, {1}], [{8, 3}, {5, 7}, {1, 6}, {2, 4}], [{8, 3}, {5, 7}, {2, 6}, {1, 4}], [{8, 3}, {5, 7}, {4, 6}, {1, 2}], [{8, 3}, {6, 7}, {1, 5}, {2, 4}], [{8, 3}, {6, 7}, {2, 5}, {1, 4}], [{8, 3}, {6, 7}, {4, 5}, {1, 2}], [{8, 3}, {6, 7}, {4, 5}, {2}, {1}], [{8, 3}, {7}, {2, 6}, {5}, {1, 4}], [{8, 3}, {7}, {5, 6}, {1, 4}, {2}], [{8, 3}, {7}, {6}, {1, 5}, {2, 4}], [{8, 3}, {7}, {6}, {2, 5}, {1, 4}], [{8, 4}, {1, 7}, {2, 6}, {3, 5}], [{8, 4}, {1, 7}, {3, 6}, {2, 5}], [{8, 4}, {1, 7}, {5, 6}, {2, 3}], [{8, 4}, {2, 7}, {1, 6}, {3, 5}], [{8, 4}, {2, 7}, {3, 6}, {1, 5}], [{8, 4}, {2, 7}, {5, 6}, {1, 3}], [{8, 4}, {3, 7}, {1, 6}, {2, 5}], [{8, 4}, {3, 7}, {2, 6}, {1, 5}], [{8, 4}, {3, 7}, {2, 6}, {5}, {1}], [{8, 4}, {3, 7}, {5, 6}, {1, 2}], [{8, 4}, {5, 7}, {1, 6}, {2, 3}], [{8, 4}, {5, 7}, {2, 6}, {1, 3}], [{8, 4}, {5, 7}, {3, 6}, {1, 2}], [{8, 4}, {6, 7}, {1, 5}, {2, 3}], [{8, 4}, {6, 7}, {2, 5}, {1, 3}], [{8, 4}, {6, 7}, {3, 5}, {1, 2}], [{8, 4}, {6, 7}, {3, 5}, {2}, {1}], [{8, 4}, {7}, {1, 6}, {2, 5}, {3}], [{8, 5}, {1, 7}, {2, 6}, {3, 4}], [{8, 5}, {1, 7}, {3, 6}, {2, 4}], [{8, 5}, {1, 7}, {4, 6}, {2, 3}], [{8, 5}, {2, 7}, {1, 6}, {3, 4}], [{8, 5}, {2, 7}, {3, 6}, {1, 4}], [{8, 5}, {2, 7}, {4, 6}, {1, 3}], [{8, 5}, {3, 7}, {1, 6}, {2, 4}], [{8, 5}, {3, 7}, {2, 6}, {1, 4}], [{8, 5}, {3, 7}, {2, 6}, {4}, {1}], [{8, 5}, {3, 7}, {4, 6}, {1, 2}], [{8, 5}, {4, 7}, {1, 6}, {2, 3}], [{8, 5}, {4, 7}, {2, 6}, {1, 3}], [{8, 5}, {4, 7}, {3, 6}, {1, 2}], [{8, 5}, {4, 7}, {6}, {1, 3}, {2}], [{8, 5}, {6, 7}, {1, 4}, {2, 3}], [{8, 5}, {6, 7}, {2, 4}, {1, 3}], [{8, 5}, {6, 7}, {3, 4}, {1, 2}], [{8, 5}, {7}, {3, 6}, {4}, {1, 2}], [{8, 6}, {1, 7}, {2, 5}, {3, 4}], [{8, 6}, {1, 7}, {3, 5}, {2, 4}], [{8, 6}, {1, 7}, {3, 5}, {4}, {2}], [{8, 6}, {1, 7}, {4, 5}, {2, 3}], [{8, 6}, {2, 7}, {1, 5}, {3, 4}], [{8, 6}, {2, 7}, {3, 5}, {1, 4}], [{8, 6}, {2, 7}, {4, 5}, {1, 3}], [{8, 6}, {2, 7}, {5}, {1, 4}, {3}], [{8, 6}, {3, 7}, {1, 5}, {2, 4}], [{8, 6}, {3, 7}, {2, 5}, {1, 4}], [{8, 6}, {3, 7}, {4, 5}, {1, 2}], [{8, 6}, {3, 7}, {5}, {1, 4}, {2}], [{8, 6}, {3, 7}, {5}, {2, 4}, {1}], [{8, 6}, {3, 7}, {5}, {4}, {1, 2}], [{8, 6}, {4, 7}, {1, 5}, {2, 3}], [{8, 6}, {4, 7}, {2, 5}, {1, 3}], [{8, 6}, {4, 7}, {3, 5}, {1, 2}], [{8, 6}, {4, 7}, {5}, {3}, {1, 2}], [{8, 6}, {5, 7}, {1, 4}, {2, 3}], [{8, 6}, {5, 7}, {2, 4}, {1, 3}], [{8, 6}, {5, 7}, {3, 4}, {1, 2}], [{8, 6}, {7}, {2, 5}, {4}, {1, 3}], [{8, 6}, {7}, {5}, {1, 4}, {2, 3}], [{8, 6}, {7}, {5}, {3, 4}, {1, 2}], [{8, 7}, {1, 6}, {2, 5}, {3, 4}], [{8, 7}, {1, 6}, {3, 5}, {2, 4}], [{8, 7}, {1, 6}, {4, 5}, {2, 3}], [{8, 7}, {2, 6}, {1, 5}, {3, 4}], [{8, 7}, {2, 6}, {1, 5}, {4}, {3}], [{8, 7}, {2, 6}, {3, 5}, {1, 4}], [{8, 7}, {2, 6}, {3, 5}, {4}, {1}], [{8, 7}, {2, 6}, {4, 5}, {1, 3}], [{8, 7}, {2, 6}, {5}, {4}, {1, 3}], [{8, 7}, {3, 6}, {1, 5}, {2, 4}], [{8, 7}, {3, 6}, {2, 5}, {1, 4}], [{8, 7}, {3, 6}, {4, 5}, {1, 2}], [{8, 7}, {3, 6}, {5}, {1, 4}, {2}], [{8, 7}, {4, 6}, {1, 5}, {2, 3}], [{8, 7}, {4, 6}, {2, 5}, {1, 3}], [{8, 7}, {4, 6}, {3, 5}, {1, 2}], [{8, 7}, {5, 6}, {1, 4}, {2, 3}], [{8, 7}, {5, 6}, {2, 4}, {1, 3}], [{8, 7}, {5, 6}, {3, 4}, {1, 2}], [{8}, {2, 7}, {4, 6}, {1, 5}, {3}], [{8}, {2, 7}, {6}, {4, 5}, {1, 3}], [{8}, {3, 7}, {2, 6}, {4, 5}, {1}], [{8}, {5, 7}, {4, 6}, {3}, {1, 2}], [{8}, {6, 7}, {3, 5}, {1, 4}, {2}], [{8}, {6, 7}, {3, 5}, {2, 4}, {1}], [{8}, {6, 7}, {3, 5}, {4}, {1, 2}]]",2,- 8 K_1^4 + 36 K_1^3 + 8 K_1^2 K_2 - 14 K_1^2 - 30 K_1 K_2 - 2 K_1 K_3 - 12 K_1 + 8 K_2 + 6 K_3 + 9,O1O2O3O4U5U6O5U1O7O8U3U4U7U8O6U2,O1O2O3O4U1U2O5U6O7O6U3U4U8U5O8U7,O1O2O3O4U5O6U7U6U1U2O8O5U8O7U3U4,c,{'O1O2O3O4U3O5U6U7U1U2O6O7U4O8U5U8'},1,"<a href=""/flatknot/8.733852"">8.733852</a>",t^9-39t^7-86t^6+12t^5+134t^4+88t^3+54t^2+66t+26,t^3-2t^2+t,,
8.733853,O1O2O3O4U3O5U6U7U1U2O6O7U5O8U4U8,4,11z^3+62z^2+114z+69,11w^4z^3+62w^3z^2+114w^2z+69w,False,False,"[[ 0 -1  1 -1  2  2 -3 -1  1],[ 1  0  1  0  2  0  0  1  1],[-1 -1  0  0  1 -1 -1  0  1],[ 1  0  0  0  1  0  1  1  1],[-2 -2 -1 -1  0  0 -3 -1  1],[-2  0  1  0  0  0 -3 -1  0],[ 3  0  1 -1  3  3  0  1  1],[ 1 -1  0 -1  1  1 -1  0  1],[-1 -1 -1 -1 -1  0 -1 -1  0]]","[[ 0  2  2  1  1 -1 -1 -1 -3],[-2  0  0  1  0  0  0 -1 -3],[-2  0  0 -1  1 -1 -2 -1 -3],[-1 -1  1  0  1  0 -1  0 -1],[-1  0 -1 -1  0 -1 -1 -1 -1],[ 1  0  1  0  1  0  0  1  1],[ 1  0  2  1  1  0  0  1  0],[ 1  1  1  0  1 -1 -1  0 -1],[ 3  3  3  1  1 -1  0  1  0]]",True,"[-2,-2,-1,-1,1,1,1,3,0,-1,0,0,0,1,3,1,-1,1,2,1,3,-1,0,1,0,1,1,1,1,1,0,-1,-1,-1,0,1]","[-3,-1,-1,-1,1,1,2,2,-1,0,1,1,1,3,3,0,1,0,1,0,1,1,1,1,0,2,0,1,1,1,1,-1,1,0,-1,0]",t^8+39t^6+224t^4+47t^2+1,"[-3,-1,-1,-1,1,1,2,2,1,2,3,3,3,2,2,1,1,1,2,2,2,0,1,1,1,3,1,2,2,3,1,2,1,0,2,0]","[-2,-2,-1,-1,1,1,1,3,0,0,2,1,2,2,2,2,1,3,2,3,2,1,1,2,2,3,1,1,1,3,1,0,2,-1,1,3]","[-3,-1,-1,-1,1,1,2,2,-1,0,1,1,1,3,3,0,1,0,1,0,1,1,1,1,0,2,0,1,1,1,1,-1,1,0,-1,0]",c,"[[{8, 1}, {2, 7}, {3, 6}, {4, 5}], [{8, 1}, {2, 7}, {4, 6}, {3, 5}], [{8, 1}, {2, 7}, {4, 6}, {5}, {3}], [{8, 1}, {2, 7}, {5, 6}, {3, 4}], [{8, 1}, {3, 7}, {2, 6}, {4, 5}], [{8, 1}, {3, 7}, {4, 6}, {2, 5}], [{8, 1}, {3, 7}, {5, 6}, {2, 4}], [{8, 1}, {4, 7}, {2, 6}, {3, 5}], [{8, 1}, {4, 7}, {3, 6}, {2, 5}], [{8, 1}, {4, 7}, {5, 6}, {2, 3}], [{8, 1}, {4, 7}, {5, 6}, {3}, {2}], [{8, 1}, {5, 7}, {2, 6}, {3, 4}], [{8, 1}, {5, 7}, {2, 6}, {4}, {3}], [{8, 1}, {5, 7}, {3, 6}, {2, 4}], [{8, 1}, {5, 7}, {4, 6}, {2, 3}], [{8, 1}, {6, 7}, {2, 5}, {3, 4}], [{8, 1}, {6, 7}, {3, 5}, {2, 4}], [{8, 1}, {6, 7}, {4, 5}, {2, 3}], [{8, 1}, {7}, {4, 6}, {3, 5}, {2}], [{8, 1}, {7}, {5, 6}, {4}, {2, 3}], [{8, 1}, {7}, {6}, {2, 5}, {3, 4}], [{8, 2}, {1, 7}, {3, 6}, {4, 5}], [{8, 2}, {1, 7}, {4, 6}, {3, 5}], [{8, 2}, {1, 7}, {5, 6}, {3, 4}], [{8, 2}, {1, 7}, {5, 6}, {4}, {3}], [{8, 2}, {3, 7}, {1, 6}, {4, 5}], [{8, 2}, {3, 7}, {4, 6}, {1, 5}], [{8, 2}, {3, 7}, {5, 6}, {1, 4}], [{8, 2}, {3, 7}, {5, 6}, {4}, {1}], [{8, 2}, {4, 7}, {1, 6}, {3, 5}], [{8, 2}, {4, 7}, {3, 6}, {1, 5}], [{8, 2}, {4, 7}, {5, 6}, {1, 3}], [{8, 2}, {5, 7}, {1, 6}, {3, 4}], [{8, 2}, {5, 7}, {3, 6}, {1, 4}], [{8, 2}, {5, 7}, {4, 6}, {1, 3}], [{8, 2}, {5, 7}, {4, 6}, {3}, {1}], [{8, 2}, {6, 7}, {1, 5}, {3, 4}], [{8, 2}, {6, 7}, {3, 5}, {1, 4}], [{8, 2}, {6, 7}, {4, 5}, {1, 3}], [{8, 2}, {7}, {3, 6}, {5}, {1, 4}], [{8, 2}, {7}, {5, 6}, {4}, {1, 3}], [{8, 3}, {1, 7}, {2, 6}, {4, 5}], [{8, 3}, {1, 7}, {2, 6}, {5}, {4}], [{8, 3}, {1, 7}, {4, 6}, {2, 5}], [{8, 3}, {1, 7}, {5, 6}, {2, 4}], [{8, 3}, {2, 7}, {1, 6}, {4, 5}], [{8, 3}, {2, 7}, {1, 6}, {5}, {4}], [{8, 3}, {2, 7}, {4, 6}, {1, 5}], [{8, 3}, {2, 7}, {5, 6}, {1, 4}], [{8, 3}, {4, 7}, {1, 6}, {2, 5}], [{8, 3}, {4, 7}, {2, 6}, {1, 5}], [{8, 3}, {4, 7}, {5, 6}, {1, 2}], [{8, 3}, {5, 7}, {1, 6}, {2, 4}], [{8, 3}, {5, 7}, {2, 6}, {1, 4}], [{8, 3}, {5, 7}, {4, 6}, {1, 2}], [{8, 3}, {6, 7}, {1, 5}, {2, 4}], [{8, 3}, {6, 7}, {1, 5}, {4}, {2}], [{8, 3}, {6, 7}, {2, 5}, {1, 4}], [{8, 3}, {6, 7}, {2, 5}, {4}, {1}], [{8, 3}, {6, 7}, {4, 5}, {1, 2}], [{8, 3}, {6, 7}, {4, 5}, {2}, {1}], [{8, 3}, {6, 7}, {5}, {1, 4}, {2}], [{8, 3}, {6, 7}, {5}, {2, 4}, {1}], [{8, 3}, {6, 7}, {5}, {4}, {1, 2}], [{8, 3}, {6, 7}, {5}, {4}, {2}, {1}], [{8, 3}, {7}, {6}, {1, 5}, {2, 4}], [{8, 3}, {7}, {6}, {2, 5}, {1, 4}], [{8, 4}, {1, 7}, {2, 6}, {3, 5}], [{8, 4}, {1, 7}, {3, 6}, {2, 5}], [{8, 4}, {1, 7}, {5, 6}, {2, 3}], [{8, 4}, {2, 7}, {1, 6}, {3, 5}], [{8, 4}, {2, 7}, {3, 6}, {1, 5}], [{8, 4}, {2, 7}, {3, 6}, {5}, {1}], [{8, 4}, {2, 7}, {5, 6}, {1, 3}], [{8, 4}, {3, 7}, {1, 6}, {2, 5}], [{8, 4}, {3, 7}, {2, 6}, {1, 5}], [{8, 4}, {3, 7}, {5, 6}, {1, 2}], [{8, 4}, {5, 7}, {1, 6}, {2, 3}], [{8, 4}, {5, 7}, {2, 6}, {1, 3}], [{8, 4}, {5, 7}, {2, 6}, {3}, {1}], [{8, 4}, {5, 7}, {3, 6}, {1, 2}], [{8, 4}, {6, 7}, {1, 5}, {2, 3}], [{8, 4}, {6, 7}, {2, 5}, {1, 3}], [{8, 4}, {6, 7}, {3, 5}, {1, 2}], [{8, 5}, {1, 7}, {2, 6}, {3, 4}], [{8, 5}, {1, 7}, {3, 6}, {2, 4}], [{8, 5}, {1, 7}, {4, 6}, {2, 3}], [{8, 5}, {2, 7}, {1, 6}, {3, 4}], [{8, 5}, {2, 7}, {3, 6}, {1, 4}], [{8, 5}, {2, 7}, {4, 6}, {1, 3}], [{8, 5}, {3, 7}, {1, 6}, {2, 4}], [{8, 5}, {3, 7}, {2, 6}, {1, 4}], [{8, 5}, {3, 7}, {2, 6}, {4}, {1}], [{8, 5}, {3, 7}, {4, 6}, {1, 2}], [{8, 5}, {4, 7}, {1, 6}, {2, 3}], [{8, 5}, {4, 7}, {2, 6}, {1, 3}], [{8, 5}, {4, 7}, {3, 6}, {1, 2}], [{8, 5}, {4, 7}, {6}, {1, 3}, {2}], [{8, 5}, {6, 7}, {1, 4}, {2, 3}], [{8, 5}, {6, 7}, {2, 4}, {1, 3}], [{8, 5}, {6, 7}, {3, 4}, {1, 2}], [{8, 5}, {7}, {3, 6}, {1, 4}, {2}], [{8, 6}, {1, 7}, {2, 5}, {3, 4}], [{8, 6}, {1, 7}, {3, 5}, {2, 4}], [{8, 6}, {1, 7}, {4, 5}, {2, 3}], [{8, 6}, {1, 7}, {5}, {3, 4}, {2}], [{8, 6}, {2, 7}, {1, 5}, {3, 4}], [{8, 6}, {2, 7}, {3, 5}, {1, 4}], [{8, 6}, {2, 7}, {3, 5}, {4}, {1}], [{8, 6}, {2, 7}, {4, 5}, {1, 3}], [{8, 6}, {3, 7}, {1, 5}, {2, 4}], [{8, 6}, {3, 7}, {2, 5}, {1, 4}], [{8, 6}, {3, 7}, {4, 5}, {1, 2}], [{8, 6}, {3, 7}, {5}, {1, 4}, {2}], [{8, 6}, {3, 7}, {5}, {2, 4}, {1}], [{8, 6}, {3, 7}, {5}, {4}, {1, 2}], [{8, 6}, {4, 7}, {1, 5}, {2, 3}], [{8, 6}, {4, 7}, {1, 5}, {3}, {2}], [{8, 6}, {4, 7}, {2, 5}, {1, 3}], [{8, 6}, {4, 7}, {3, 5}, {1, 2}], [{8, 6}, {5, 7}, {1, 4}, {2, 3}], [{8, 6}, {5, 7}, {2, 4}, {1, 3}], [{8, 6}, {5, 7}, {3, 4}, {1, 2}], [{8, 6}, {5, 7}, {4}, {2, 3}, {1}], [{8, 6}, {7}, {2, 5}, {1, 4}, {3}], [{8, 7}, {1, 6}, {2, 5}, {3, 4}], [{8, 7}, {1, 6}, {3, 5}, {2, 4}], [{8, 7}, {1, 6}, {4, 5}, {2, 3}], [{8, 7}, {2, 6}, {1, 5}, {3, 4}], [{8, 7}, {2, 6}, {3, 5}, {1, 4}], [{8, 7}, {2, 6}, {4, 5}, {1, 3}], [{8, 7}, {2, 6}, {5}, {4}, {1, 3}], [{8, 7}, {3, 6}, {1, 5}, {2, 4}], [{8, 7}, {3, 6}, {2, 5}, {1, 4}], [{8, 7}, {3, 6}, {4, 5}, {1, 2}], [{8, 7}, {4, 6}, {1, 5}, {2, 3}], [{8, 7}, {4, 6}, {2, 5}, {1, 3}], [{8, 7}, {4, 6}, {2, 5}, {3}, {1}], [{8, 7}, {4, 6}, {3, 5}, {1, 2}], [{8, 7}, {5, 6}, {1, 4}, {2, 3}], [{8, 7}, {5, 6}, {1, 4}, {3}, {2}], [{8, 7}, {5, 6}, {2, 4}, {1, 3}], [{8, 7}, {5, 6}, {3, 4}, {1, 2}], [{8, 7}, {6}, {1, 5}, {2, 4}, {3}], [{8, 7}, {6}, {5}, {1, 4}, {2, 3}], [{8}, {2, 7}, {5, 6}, {3, 4}, {1}], [{8}, {2, 7}, {6}, {3, 5}, {1, 4}], [{8}, {3, 7}, {6}, {1, 5}, {2, 4}], [{8}, {4, 7}, {2, 6}, {3, 5}, {1}], [{8}, {4, 7}, {5, 6}, {2, 3}, {1}], [{8}, {5, 7}, {1, 6}, {2, 4}, {3}], [{8}, {5, 7}, {2, 6}, {1, 4}, {3}], [{8}, {6, 7}, {4, 5}, {3}, {1, 2}], [{8}, {7}, {2, 6}, {1, 5}, {3, 4}], [{8}, {7}, {3, 6}, {2, 5}, {1, 4}]]",2,- 8 K_1^4 + 20 K_1^3 + 8 K_1^2 K_2 - 10 K_1^2 - 10 K_1 K_2 - 2 K_1 K_3 - 10 K_1 + 6 K_2 + 7,O1O2O3O4U5U1O5U6O7O8U3U4U7U8O6U2,O1O2O3O4U1U2O5U6O7O6U3U4U8U7O8U5,O1O2O3O4U5O6U7U6U1U2O8O7U8O5U3U4,c,{'O1O2O3O4U3O5U6U7U1U2O6O7U5O8U4U8'},1,"<a href=""/flatknot/8.733853"">8.733853</a>",t^9-41t^7-72t^6+128t^5+244t^4-49t^3-118t^2+9t+14,t^3-2t^2+t,,
8.733854,O1O2O3O4U3O5U6U7U1U4O6O7U5O8U2U8,4,24z^2+109z+123,24w^3z^2+109w^2z+123w,False,False,"[[ 0 -1  0 -1  3  2 -3 -1  1],[ 1  0  1  0  2  0  0  1  1],[ 0 -1  0 -1  2  1 -2  0  1],[ 1  0  1  0  1  1  0  0  0],[-3 -2 -2 -1  0 -1 -3 -2  0],[-2  0 -1 -1  1  0 -3 -1  0],[ 3  0  2  0  3  3  0  1  1],[ 1 -1  0  0  2  1 -1  0  1],[-1 -1 -1  0  0  0 -1 -1  0]]","[[ 0  3  2  1  0 -1 -1 -1 -3],[-3  0 -1  0 -2 -1 -2 -2 -3],[-2  1  0  0 -1 -1  0 -1 -3],[-1  0  0  0 -1  0 -1 -1 -1],[ 0  2  1  1  0 -1 -1  0 -2],[ 1  1  1  0  1  0  0  0  0],[ 1  2  0  1  1  0  0  1  0],[ 1  2  1  1  0  0 -1  0 -1],[ 3  3  3  1  2  0  0  1  0]]",True,"[-3,-2,-1,0,1,1,1,3,1,0,2,1,2,2,3,0,1,1,0,1,3,1,0,1,1,1,1,1,0,2,0,0,0,-1,0,1]","[-3,-2,-1,0,1,1,1,3,0,2,1,2,2,3,3,1,1,2,3,2,2,0,1,1,2,3,1,0,0,1,-1,0,1,0,2,2]",t^8+47t^6+144t^4+55t^2,"[-3,-1,-1,-1,0,1,2,3,1,2,2,1,3,2,3,0,1,1,1,2,2,0,0,2,2,3,0,1,3,2,0,1,1,1,2,0]","[-3,-2,-1,0,1,1,1,3,0,2,1,2,2,3,3,1,1,2,3,2,2,0,1,1,2,3,1,0,0,1,-1,0,1,0,2,2]","[-3,-1,-1,-1,0,1,2,3,0,0,1,2,1,3,3,0,0,1,0,1,1,1,1,1,0,2,0,1,1,2,1,1,2,0,0,1]",c,"[[{8, 5}, {6, 7}, {1, 4}, {2, 3}], [{8, 6}, {5, 7}, {1, 4}, {2, 3}]]",1,28 K_1^3 + 12 K_1^2 K_2 - 42 K_1^2 - 32 K_1 K_2 - 8 K_1 K_3 - 5 K_1 + 19 K_2 + 9 K_3 + K_4 + 19,O1O2O3O4U5U3O5U6O7O8U1U4U7U8O6U2,O1O2O3O4U1U2O5U6O7O6U3U7U8U4O8U5,O1O2O3O4U5O6U1U6U7U2O8O7U8O5U3U4,c,{'O1O2O3O4U3O5U6U7U1U4O6O7U5O8U2U8'},1,"<a href=""/flatknot/8.733854"">8.733854</a>",t^9-45t^7-110t^6+75t^5+286t^4+41t^3-58t^2-7t-6,-t^2+2t,,
8.733855,O1O2O3O4U3O5U6U7U1U8O6O7U4O8U2U5,4,5z^3+44z^2+114z+93,5w^4z^3+44w^3z^2+114w^2z+93w,False,False,"[[ 0 -1  0 -1  2  3 -3 -1  1],[ 1  0  0  0  0  1  1  2  2],[ 0  0  0 -1  2  2 -2  0  1],[ 1  0  1  0  1  1  1  1  0],[-2  0 -2 -1  0  0 -3 -1  0],[-3 -1 -2 -1  0  0 -5 -3 -1],[ 3 -1  2 -1  3  5  0  1  2],[ 1 -2  0 -1  1  3 -1  0  1],[-1 -2 -1  0  0  1 -2 -1  0]]","[[ 0  3  2  1  0 -1 -1 -1 -3],[-3  0  0 -1 -2 -1 -1 -3 -5],[-2  0  0  0 -2  0 -1 -1 -3],[-1  1  0  0 -1 -2  0 -1 -2],[ 0  2  2  1  0  0 -1  0 -2],[ 1  1  0  2  0  0  0  2  1],[ 1  1  1  0  1  0  0  1  1],[ 1  3  1  1  0 -2 -1  0 -1],[ 3  5  3  2  2 -1 -1  1  0]]",True,"[-3,-2,-1,0,1,1,1,3,0,1,2,1,1,3,5,0,2,0,1,1,3,1,2,0,1,2,0,1,0,2,0,-2,-1,-1,-1,1]","[-3,-2,-1,0,1,1,1,3,0,1,2,1,1,3,5,0,2,0,1,1,3,1,2,0,1,2,0,1,0,2,0,-2,-1,-1,-1,1]",t^8+79t^6+463t^4+210t^2+9,"[-3,-1,-1,-1,0,1,2,3,1,3,3,1,2,2,1,1,2,1,1,2,1,0,0,2,2,3,1,0,3,3,0,0,1,1,1,1]","[-3,-2,-1,0,1,1,1,3,1,1,1,1,3,3,1,1,0,2,2,3,2,0,1,2,0,2,1,0,1,1,-1,-2,1,0,3,3]","[-3,-1,-1,-1,0,1,2,3,-1,-1,1,2,2,3,5,0,1,1,0,1,1,2,0,2,0,1,0,1,1,3,1,2,2,0,1,0]",c,"[[{8, 1}, {2, 7}, {3, 6}, {4, 5}], [{8, 1}, {2, 7}, {4, 6}, {3, 5}], [{8, 1}, {2, 7}, {5, 6}, {3, 4}], [{8, 1}, {2, 7}, {6}, {4, 5}, {3}], [{8, 1}, {3, 7}, {2, 6}, {4, 5}], [{8, 1}, {3, 7}, {4, 6}, {2, 5}], [{8, 1}, {3, 7}, {5, 6}, {2, 4}], [{8, 1}, {3, 7}, {5, 6}, {4}, {2}], [{8, 1}, {4, 7}, {2, 6}, {3, 5}], [{8, 1}, {4, 7}, {3, 6}, {2, 5}], [{8, 1}, {4, 7}, {5, 6}, {2, 3}], [{8, 1}, {4, 7}, {5, 6}, {3}, {2}], [{8, 1}, {5, 7}, {2, 6}, {3, 4}], [{8, 1}, {5, 7}, {3, 6}, {2, 4}], [{8, 1}, {5, 7}, {4, 6}, {2, 3}], [{8, 1}, {6, 7}, {2, 5}, {3, 4}], [{8, 1}, {6, 7}, {3, 5}, {2, 4}], [{8, 1}, {6, 7}, {4, 5}, {2, 3}], [{8, 1}, {7}, {5, 6}, {3, 4}, {2}], [{8, 2}, {1, 7}, {3, 6}, {4, 5}], [{8, 2}, {1, 7}, {4, 6}, {3, 5}], [{8, 2}, {1, 7}, {5, 6}, {3, 4}], [{8, 2}, {3, 7}, {1, 6}, {4, 5}], [{8, 2}, {3, 7}, {4, 6}, {1, 5}], [{8, 2}, {3, 7}, {5, 6}, {1, 4}], [{8, 2}, {3, 7}, {6}, {5}, {1, 4}], [{8, 2}, {4, 7}, {1, 6}, {3, 5}], [{8, 2}, {4, 7}, {3, 6}, {1, 5}], [{8, 2}, {4, 7}, {5, 6}, {1, 3}], [{8, 2}, {4, 7}, {6}, {5}, {1, 3}], [{8, 2}, {5, 7}, {1, 6}, {3, 4}], [{8, 2}, {5, 7}, {3, 6}, {1, 4}], [{8, 2}, {5, 7}, {4, 6}, {1, 3}], [{8, 2}, {6, 7}, {1, 5}, {3, 4}], [{8, 2}, {6, 7}, {3, 5}, {1, 4}], [{8, 2}, {6, 7}, {3, 5}, {4}, {1}], [{8, 2}, {6, 7}, {4, 5}, {1, 3}], [{8, 3}, {1, 7}, {2, 6}, {4, 5}], [{8, 3}, {1, 7}, {4, 6}, {2, 5}], [{8, 3}, {1, 7}, {5, 6}, {2, 4}], [{8, 3}, {2, 7}, {1, 6}, {4, 5}], [{8, 3}, {2, 7}, {4, 6}, {1, 5}], [{8, 3}, {2, 7}, {5, 6}, {1, 4}], [{8, 3}, {2, 7}, {6}, {5}, {1, 4}], [{8, 3}, {4, 7}, {1, 6}, {2, 5}], [{8, 3}, {4, 7}, {2, 6}, {1, 5}], [{8, 3}, {4, 7}, {5, 6}, {1, 2}], [{8, 3}, {5, 7}, {1, 6}, {2, 4}], [{8, 3}, {5, 7}, {2, 6}, {1, 4}], [{8, 3}, {5, 7}, {4, 6}, {1, 2}], [{8, 3}, {6, 7}, {1, 5}, {2, 4}], [{8, 3}, {6, 7}, {2, 5}, {1, 4}], [{8, 3}, {6, 7}, {4, 5}, {1, 2}], [{8, 3}, {7}, {4, 6}, {1, 5}, {2}], [{8, 4}, {1, 7}, {2, 6}, {3, 5}], [{8, 4}, {1, 7}, {3, 6}, {2, 5}], [{8, 4}, {1, 7}, {5, 6}, {2, 3}], [{8, 4}, {2, 7}, {1, 6}, {3, 5}], [{8, 4}, {2, 7}, {1, 6}, {5}, {3}], [{8, 4}, {2, 7}, {3, 6}, {1, 5}], [{8, 4}, {2, 7}, {5, 6}, {1, 3}], [{8, 4}, {2, 7}, {5, 6}, {3}, {1}], [{8, 4}, {2, 7}, {6}, {1, 5}, {3}], [{8, 4}, {3, 7}, {1, 6}, {2, 5}], [{8, 4}, {3, 7}, {2, 6}, {1, 5}], [{8, 4}, {3, 7}, {5, 6}, {1, 2}], [{8, 4}, {3, 7}, {6}, {5}, {1, 2}], [{8, 4}, {5, 7}, {1, 6}, {2, 3}], [{8, 4}, {5, 7}, {2, 6}, {1, 3}], [{8, 4}, {5, 7}, {3, 6}, {1, 2}], [{8, 4}, {6, 7}, {1, 5}, {2, 3}], [{8, 4}, {6, 7}, {1, 5}, {3}, {2}], [{8, 4}, {6, 7}, {2, 5}, {1, 3}], [{8, 4}, {6, 7}, {3, 5}, {1, 2}], [{8, 4}, {7}, {2, 6}, {1, 5}, {3}], [{8, 5}, {1, 7}, {2, 6}, {3, 4}], [{8, 5}, {1, 7}, {3, 6}, {2, 4}], [{8, 5}, {1, 7}, {4, 6}, {2, 3}], [{8, 5}, {2, 7}, {1, 6}, {3, 4}], [{8, 5}, {2, 7}, {3, 6}, {1, 4}], [{8, 5}, {2, 7}, {4, 6}, {1, 3}], [{8, 5}, {3, 7}, {1, 6}, {2, 4}], [{8, 5}, {3, 7}, {2, 6}, {1, 4}], [{8, 5}, {3, 7}, {4, 6}, {1, 2}], [{8, 5}, {3, 7}, {6}, {1, 4}, {2}], [{8, 5}, {4, 7}, {1, 6}, {2, 3}], [{8, 5}, {4, 7}, {2, 6}, {1, 3}], [{8, 5}, {4, 7}, {3, 6}, {1, 2}], [{8, 5}, {6, 7}, {1, 4}, {2, 3}], [{8, 5}, {6, 7}, {2, 4}, {1, 3}], [{8, 5}, {6, 7}, {3, 4}, {1, 2}], [{8, 6}, {1, 7}, {2, 5}, {3, 4}], [{8, 6}, {1, 7}, {2, 5}, {4}, {3}], [{8, 6}, {1, 7}, {3, 5}, {2, 4}], [{8, 6}, {1, 7}, {3, 5}, {4}, {2}], [{8, 6}, {1, 7}, {4, 5}, {2, 3}], [{8, 6}, {1, 7}, {5}, {4}, {2, 3}], [{8, 6}, {2, 7}, {1, 5}, {3, 4}], [{8, 6}, {2, 7}, {1, 5}, {4}, {3}], [{8, 6}, {2, 7}, {3, 5}, {1, 4}], [{8, 6}, {2, 7}, {4, 5}, {1, 3}], [{8, 6}, {3, 7}, {1, 5}, {2, 4}], [{8, 6}, {3, 7}, {1, 5}, {4}, {2}], [{8, 6}, {3, 7}, {2, 5}, {1, 4}], [{8, 6}, {3, 7}, {4, 5}, {1, 2}], [{8, 6}, {4, 7}, {1, 5}, {2, 3}], [{8, 6}, {4, 7}, {2, 5}, {1, 3}], [{8, 6}, {4, 7}, {3, 5}, {1, 2}], [{8, 6}, {5, 7}, {1, 4}, {2, 3}], [{8, 6}, {5, 7}, {2, 4}, {1, 3}], [{8, 6}, {5, 7}, {2, 4}, {3}, {1}], [{8, 6}, {5, 7}, {3, 4}, {1, 2}], [{8, 6}, {5, 7}, {3, 4}, {2}, {1}], [{8, 6}, {5, 7}, {4}, {2, 3}, {1}], [{8, 6}, {7}, {1, 5}, {4}, {2, 3}], [{8, 6}, {7}, {5}, {2, 4}, {1, 3}], [{8, 7}, {1, 6}, {2, 5}, {3, 4}], [{8, 7}, {1, 6}, {2, 5}, {4}, {3}], [{8, 7}, {1, 6}, {3, 5}, {2, 4}], [{8, 7}, {1, 6}, {4, 5}, {2, 3}], [{8, 7}, {2, 6}, {1, 5}, {3, 4}], [{8, 7}, {2, 6}, {3, 5}, {1, 4}], [{8, 7}, {2, 6}, {4, 5}, {1, 3}], [{8, 7}, {3, 6}, {1, 5}, {2, 4}], [{8, 7}, {3, 6}, {2, 5}, {1, 4}], [{8, 7}, {3, 6}, {4, 5}, {1, 2}], [{8, 7}, {3, 6}, {5}, {1, 4}, {2}], [{8, 7}, {3, 6}, {5}, {2, 4}, {1}], [{8, 7}, {3, 6}, {5}, {4}, {1, 2}], [{8, 7}, {4, 6}, {1, 5}, {2, 3}], [{8, 7}, {4, 6}, {2, 5}, {1, 3}], [{8, 7}, {4, 6}, {3, 5}, {1, 2}], [{8, 7}, {5, 6}, {1, 4}, {2, 3}], [{8, 7}, {5, 6}, {1, 4}, {3}, {2}], [{8, 7}, {5, 6}, {2, 4}, {1, 3}], [{8, 7}, {5, 6}, {3, 4}, {1, 2}], [{8, 7}, {5, 6}, {3, 4}, {2}, {1}], [{8, 7}, {5, 6}, {4}, {1, 3}, {2}], [{8, 7}, {6}, {3, 5}, {1, 4}, {2}], [{8}, {1, 7}, {5, 6}, {3, 4}, {2}], [{8}, {2, 7}, {4, 6}, {1, 5}, {3}], [{8}, {2, 7}, {4, 6}, {3, 5}, {1}], [{8}, {2, 7}, {4, 6}, {5}, {1, 3}], [{8}, {3, 7}, {6}, {2, 5}, {1, 4}], [{8}, {5, 7}, {4, 6}, {1, 3}, {2}], [{8}, {7}, {4, 6}, {2, 5}, {1, 3}]]",2,- 8 K_1^4 + 28 K_1^3 + 8 K_1^2 K_2 - 20 K_1^2 - 24 K_1 K_2 - 2 K_1 K_3 - 9 K_1 + 11 K_2 + 5 K_3 + 12,O1O2O3O4U5U3O6U1O7O8U6U4U7U8O5U2,O1O2O3O4U1U2O5U4O6O7U3U6U8U5O8U7,O1O2O3O4U5O6U7U6U8U2O5O8U1O7U3U4,c,{'O1O2O3O4U3O5U6U7U1U8O6O7U4O8U2U5'},1,"<a href=""/flatknot/8.733855"">8.733855</a>",t^9-77t^7-244t^6+230t^5+1392t^4+1096t^3+72t^2-268t-122,-t^2+2t,,
8.733856,O1O2O3O4U3O5U6U7U1U8O6O7U4O8U5U2,4,6z^3+46z^2+113z+91,6w^4z^3+46w^3z^2+113w^2z+91w,False,False,"[[ 0 -1  1 -1  2  2 -3 -1  1],[ 1  0  1  0  0  0  1  2  2],[-1 -1  0 -1  1  1 -3 -1  0],[ 1  0  1  0  1  1  1  1  0],[-2  0 -1 -1  0  0 -3 -1  0],[-2  0 -1 -1  0  0 -4 -2  0],[ 3 -1  3 -1  3  4  0  1  2],[ 1 -2  1 -1  1  2 -1  0  1],[-1 -2  0  0  0  0 -2 -1  0]]","[[ 0  2  2  1  1 -1 -1 -1 -3],[-2  0  0  0 -1  0 -1 -1 -3],[-2  0  0  0 -1  0 -1 -2 -4],[-1  0  0  0  0 -2  0 -1 -2],[-1  1  1  0  0 -1 -1 -1 -3],[ 1  0  0  2  1  0  0  2  1],[ 1  1  1  0  1  0  0  1  1],[ 1  1  2  1  1 -2 -1  0 -1],[ 3  3  4  2  3 -1 -1  1  0]]",True,"[-2,-2,-1,-1,1,1,1,3,0,0,1,0,1,1,3,0,1,0,1,2,4,0,2,0,1,2,1,1,1,3,0,-2,-1,-1,-1,1]","[-3,-1,-1,-1,1,1,2,2,-1,-1,1,2,3,3,4,0,1,0,1,1,1,2,2,1,0,0,1,1,1,2,0,0,0,1,1,0]",t^8+63t^6+314t^4+153t^2+1,"[-3,-1,-1,-1,1,1,2,2,1,3,3,1,2,1,2,1,2,1,1,1,2,0,1,2,2,2,1,0,3,3,0,0,0,1,1,0]","[-2,-2,-1,-1,1,1,1,3,0,0,1,1,2,3,1,0,1,2,2,3,2,0,1,1,1,1,1,2,0,2,-1,-2,1,0,3,3]","[-3,-1,-1,-1,1,1,2,2,-1,-1,1,2,3,3,4,0,1,0,1,1,1,2,2,1,0,0,1,1,1,2,0,0,0,1,1,0]",c,"[[{8, 1}, {2, 7}, {3, 6}, {4, 5}], [{8, 1}, {2, 7}, {4, 6}, {3, 5}], [{8, 1}, {2, 7}, {5, 6}, {3, 4}], [{8, 1}, {2, 7}, {6}, {3, 5}, {4}], [{8, 1}, {3, 7}, {2, 6}, {4, 5}], [{8, 1}, {3, 7}, {4, 6}, {2, 5}], [{8, 1}, {3, 7}, {5, 6}, {2, 4}], [{8, 1}, {4, 7}, {2, 6}, {3, 5}], [{8, 1}, {4, 7}, {3, 6}, {2, 5}], [{8, 1}, {4, 7}, {5, 6}, {2, 3}], [{8, 1}, {4, 7}, {5, 6}, {3}, {2}], [{8, 1}, {5, 7}, {2, 6}, {3, 4}], [{8, 1}, {5, 7}, {3, 6}, {2, 4}], [{8, 1}, {5, 7}, {4, 6}, {2, 3}], [{8, 1}, {6, 7}, {2, 5}, {3, 4}], [{8, 1}, {6, 7}, {3, 5}, {2, 4}], [{8, 1}, {6, 7}, {3, 5}, {4}, {2}], [{8, 1}, {6, 7}, {4, 5}, {2, 3}], [{8, 1}, {7}, {2, 6}, {3, 5}, {4}], [{8, 1}, {7}, {3, 6}, {2, 5}, {4}], [{8, 2}, {1, 7}, {3, 6}, {4, 5}], [{8, 2}, {1, 7}, {4, 6}, {3, 5}], [{8, 2}, {1, 7}, {5, 6}, {3, 4}], [{8, 2}, {3, 7}, {1, 6}, {4, 5}], [{8, 2}, {3, 7}, {4, 6}, {1, 5}], [{8, 2}, {3, 7}, {5, 6}, {1, 4}], [{8, 2}, {3, 7}, {6}, {1, 5}, {4}], [{8, 2}, {4, 7}, {1, 6}, {3, 5}], [{8, 2}, {4, 7}, {3, 6}, {1, 5}], [{8, 2}, {4, 7}, {5, 6}, {1, 3}], [{8, 2}, {5, 7}, {1, 6}, {3, 4}], [{8, 2}, {5, 7}, {3, 6}, {1, 4}], [{8, 2}, {5, 7}, {4, 6}, {1, 3}], [{8, 2}, {6, 7}, {1, 5}, {3, 4}], [{8, 2}, {6, 7}, {3, 5}, {1, 4}], [{8, 2}, {6, 7}, {3, 5}, {4}, {1}], [{8, 2}, {6, 7}, {4, 5}, {1, 3}], [{8, 3}, {1, 7}, {2, 6}, {4, 5}], [{8, 3}, {1, 7}, {4, 6}, {2, 5}], [{8, 3}, {1, 7}, {5, 6}, {2, 4}], [{8, 3}, {2, 7}, {1, 6}, {4, 5}], [{8, 3}, {2, 7}, {4, 6}, {1, 5}], [{8, 3}, {2, 7}, {5, 6}, {1, 4}], [{8, 3}, {4, 7}, {1, 6}, {2, 5}], [{8, 3}, {4, 7}, {2, 6}, {1, 5}], [{8, 3}, {4, 7}, {5, 6}, {1, 2}], [{8, 3}, {4, 7}, {6}, {5}, {1, 2}], [{8, 3}, {5, 7}, {1, 6}, {2, 4}], [{8, 3}, {5, 7}, {2, 6}, {1, 4}], [{8, 3}, {5, 7}, {4, 6}, {1, 2}], [{8, 3}, {6, 7}, {1, 5}, {2, 4}], [{8, 3}, {6, 7}, {2, 5}, {1, 4}], [{8, 3}, {6, 7}, {4, 5}, {1, 2}], [{8, 4}, {1, 7}, {2, 6}, {3, 5}], [{8, 4}, {1, 7}, {3, 6}, {2, 5}], [{8, 4}, {1, 7}, {5, 6}, {2, 3}], [{8, 4}, {1, 7}, {5, 6}, {3}, {2}], [{8, 4}, {2, 7}, {1, 6}, {3, 5}], [{8, 4}, {2, 7}, {3, 6}, {1, 5}], [{8, 4}, {2, 7}, {5, 6}, {1, 3}], [{8, 4}, {3, 7}, {1, 6}, {2, 5}], [{8, 4}, {3, 7}, {2, 6}, {1, 5}], [{8, 4}, {3, 7}, {5, 6}, {1, 2}], [{8, 4}, {3, 7}, {5, 6}, {2}, {1}], [{8, 4}, {5, 7}, {1, 6}, {2, 3}], [{8, 4}, {5, 7}, {2, 6}, {1, 3}], [{8, 4}, {5, 7}, {3, 6}, {1, 2}], [{8, 4}, {6, 7}, {1, 5}, {2, 3}], [{8, 4}, {6, 7}, {2, 5}, {1, 3}], [{8, 4}, {6, 7}, {3, 5}, {1, 2}], [{8, 4}, {7}, {1, 6}, {3, 5}, {2}], [{8, 4}, {7}, {5, 6}, {1, 3}, {2}], [{8, 5}, {1, 7}, {2, 6}, {3, 4}], [{8, 5}, {1, 7}, {3, 6}, {2, 4}], [{8, 5}, {1, 7}, {4, 6}, {2, 3}], [{8, 5}, {2, 7}, {1, 6}, {3, 4}], [{8, 5}, {2, 7}, {3, 6}, {1, 4}], [{8, 5}, {2, 7}, {4, 6}, {1, 3}], [{8, 5}, {3, 7}, {1, 6}, {2, 4}], [{8, 5}, {3, 7}, {2, 6}, {1, 4}], [{8, 5}, {3, 7}, {4, 6}, {1, 2}], [{8, 5}, {3, 7}, {6}, {1, 4}, {2}], [{8, 5}, {4, 7}, {1, 6}, {2, 3}], [{8, 5}, {4, 7}, {1, 6}, {3}, {2}], [{8, 5}, {4, 7}, {2, 6}, {1, 3}], [{8, 5}, {4, 7}, {3, 6}, {1, 2}], [{8, 5}, {6, 7}, {1, 4}, {2, 3}], [{8, 5}, {6, 7}, {2, 4}, {1, 3}], [{8, 5}, {6, 7}, {3, 4}, {1, 2}], [{8, 5}, {7}, {2, 6}, {3, 4}, {1}], [{8, 5}, {7}, {3, 6}, {4}, {1, 2}], [{8, 6}, {1, 7}, {2, 5}, {3, 4}], [{8, 6}, {1, 7}, {3, 5}, {2, 4}], [{8, 6}, {1, 7}, {4, 5}, {2, 3}], [{8, 6}, {1, 7}, {5}, {3, 4}, {2}], [{8, 6}, {2, 7}, {1, 5}, {3, 4}], [{8, 6}, {2, 7}, {3, 5}, {1, 4}], [{8, 6}, {2, 7}, {4, 5}, {1, 3}], [{8, 6}, {2, 7}, {5}, {3, 4}, {1}], [{8, 6}, {3, 7}, {1, 5}, {2, 4}], [{8, 6}, {3, 7}, {1, 5}, {4}, {2}], [{8, 6}, {3, 7}, {2, 5}, {1, 4}], [{8, 6}, {3, 7}, {2, 5}, {4}, {1}], [{8, 6}, {3, 7}, {4, 5}, {1, 2}], [{8, 6}, {3, 7}, {5}, {4}, {1, 2}], [{8, 6}, {4, 7}, {1, 5}, {2, 3}], [{8, 6}, {4, 7}, {2, 5}, {1, 3}], [{8, 6}, {4, 7}, {3, 5}, {1, 2}], [{8, 6}, {4, 7}, {3, 5}, {2}, {1}], [{8, 6}, {4, 7}, {5}, {3}, {1, 2}], [{8, 6}, {5, 7}, {1, 4}, {2, 3}], [{8, 6}, {5, 7}, {2, 4}, {1, 3}], [{8, 6}, {5, 7}, {3, 4}, {1, 2}], [{8, 6}, {7}, {5}, {2, 4}, {1, 3}], [{8, 6}, {7}, {5}, {3, 4}, {1, 2}], [{8, 7}, {1, 6}, {2, 5}, {3, 4}], [{8, 7}, {1, 6}, {3, 5}, {2, 4}], [{8, 7}, {1, 6}, {4, 5}, {2, 3}], [{8, 7}, {1, 6}, {5}, {3, 4}, {2}], [{8, 7}, {2, 6}, {1, 5}, {3, 4}], [{8, 7}, {2, 6}, {3, 5}, {1, 4}], [{8, 7}, {2, 6}, {4, 5}, {1, 3}], [{8, 7}, {3, 6}, {1, 5}, {2, 4}], [{8, 7}, {3, 6}, {1, 5}, {4}, {2}], [{8, 7}, {3, 6}, {2, 5}, {1, 4}], [{8, 7}, {3, 6}, {4, 5}, {1, 2}], [{8, 7}, {4, 6}, {1, 5}, {2, 3}], [{8, 7}, {4, 6}, {2, 5}, {1, 3}], [{8, 7}, {4, 6}, {3, 5}, {1, 2}], [{8, 7}, {5, 6}, {1, 4}, {2, 3}], [{8, 7}, {5, 6}, {2, 4}, {1, 3}], [{8, 7}, {5, 6}, {3, 4}, {1, 2}], [{8, 7}, {6}, {3, 5}, {1, 4}, {2}], [{8}, {1, 7}, {4, 6}, {2, 5}, {3}], [{8}, {1, 7}, {4, 6}, {3, 5}, {2}], [{8}, {1, 7}, {4, 6}, {5}, {2, 3}], [{8}, {2, 7}, {4, 6}, {1, 5}, {3}], [{8}, {3, 7}, {2, 6}, {1, 5}, {4}], [{8}, {4, 7}, {2, 6}, {5}, {1, 3}], [{8}, {4, 7}, {3, 6}, {5}, {1, 2}], [{8}, {5, 7}, {4, 6}, {3}, {1, 2}], [{8}, {6, 7}, {3, 5}, {4}, {1, 2}], [{8}, {7}, {5, 6}, {1, 4}, {2, 3}]]",2,16 K_1^3 - 16 K_1^2 - 22 K_1 K_2 - K_1 + 8 K_2 + 7 K_3 + 9,O1O2O3O4U3U5O6U1O7O8U6U4U7U8O5U2,O1O2O3O4U1U2O5U4O6O7U3U7U8U5O8U6,O1O2O3O4U5O6U7U6U8U2O8O5U1O7U3U4,c,{'O1O2O3O4U3O5U6U7U1U8O6O7U4O8U5U2'},1,"<a href=""/flatknot/8.733856"">8.733856</a>",t^9-65t^7-160t^6+172t^5+540t^4+437t^3+322t^2+126t-10,t^3-2t^2+t,,
8.733857,O1O2O3O4U3O5U6U7U1U8O6O7U5O8U2U4,4,5z^3+37z^2+99z+91,-2w^5z^3+7w^4z^3-8w^4z^2+45w^3z^2+99w^2z+91w,False,False,"[[ 0 -1  0 -1  3  2 -3 -1  1],[ 1  0  0  0  2 -1  1  2  2],[ 0  0  0  0  2  1 -2  0  1],[ 1  0  0  0  1  0  1  1  1],[-3 -2 -2 -1  0  1 -5 -3 -2],[-2  1 -1  0 -1  0 -3 -1  0],[ 3 -1  2 -1  5  3  0  1  2],[ 1 -2  0 -1  3  1 -1  0  1],[-1 -2 -1 -1  2  0 -2 -1  0]]","[[ 0  3  2  1  0 -1 -1 -1 -3],[-3  0  1 -2 -2 -1 -2 -3 -5],[-2 -1  0  0 -1  0  1 -1 -3],[-1  2  0  0 -1 -1 -2 -1 -2],[ 0  2  1  1  0  0  0  0 -2],[ 1  1  0  1  0  0  0  1  1],[ 1  2 -1  2  0  0  0  2  1],[ 1  3  1  1  0 -1 -2  0 -1],[ 3  5  3  2  2 -1 -1  1  0]]",True,"[-3,-2,-1,0,1,1,1,3,-1,2,2,1,2,3,5,0,1,0,-1,1,3,1,1,2,1,2,0,0,0,2,0,-1,-1,-2,-1,1]","[-3,-2,-1,0,1,1,1,3,-1,2,2,1,2,3,5,0,1,0,-1,1,3,1,1,2,1,2,0,0,0,2,0,-1,-1,-2,-1,1]",t^8+83t^6+622t^4+172t^2+9,"[-3,-1,-1,-1,0,1,2,3,1,3,3,1,2,2,1,1,2,1,1,2,1,0,1,1,3,3,1,0,4,2,0,1,1,1,0,2]","[-3,-2,-1,0,1,1,1,3,2,0,1,1,2,3,1,1,1,2,4,3,2,0,1,0,1,2,1,1,1,1,-2,-1,1,0,3,3]","[-3,-1,-1,-1,0,1,2,3,-1,-1,1,2,2,3,5,0,1,0,1,0,1,2,0,2,-1,2,0,1,1,3,1,1,2,0,2,-1]",c,"[[{8, 1}, {2, 7}, {3, 6}, {4, 5}], [{8, 1}, {2, 7}, {4, 6}, {3, 5}], [{8, 1}, {2, 7}, {4, 6}, {5}, {3}], [{8, 1}, {2, 7}, {5, 6}, {3, 4}], [{8, 1}, {2, 7}, {5, 6}, {4}, {3}], [{8, 1}, {2, 7}, {6}, {4, 5}, {3}], [{8, 1}, {3, 7}, {2, 6}, {4, 5}], [{8, 1}, {3, 7}, {4, 6}, {2, 5}], [{8, 1}, {3, 7}, {5, 6}, {2, 4}], [{8, 1}, {4, 7}, {2, 6}, {3, 5}], [{8, 1}, {4, 7}, {3, 6}, {2, 5}], [{8, 1}, {4, 7}, {5, 6}, {2, 3}], [{8, 1}, {5, 7}, {2, 6}, {3, 4}], [{8, 1}, {5, 7}, {3, 6}, {2, 4}], [{8, 1}, {5, 7}, {4, 6}, {2, 3}], [{8, 1}, {6, 7}, {2, 5}, {3, 4}], [{8, 1}, {6, 7}, {3, 5}, {2, 4}], [{8, 1}, {6, 7}, {4, 5}, {2, 3}], [{8, 1}, {6, 7}, {5}, {2, 4}, {3}], [{8, 1}, {7}, {5, 6}, {3, 4}, {2}], [{8, 2}, {1, 7}, {3, 6}, {4, 5}], [{8, 2}, {1, 7}, {4, 6}, {3, 5}], [{8, 2}, {1, 7}, {5, 6}, {3, 4}], [{8, 2}, {3, 7}, {1, 6}, {4, 5}], [{8, 2}, {3, 7}, {4, 6}, {1, 5}], [{8, 2}, {3, 7}, {5, 6}, {1, 4}], [{8, 2}, {4, 7}, {1, 6}, {3, 5}], [{8, 2}, {4, 7}, {3, 6}, {1, 5}], [{8, 2}, {4, 7}, {5, 6}, {1, 3}], [{8, 2}, {5, 7}, {1, 6}, {3, 4}], [{8, 2}, {5, 7}, {1, 6}, {4}, {3}], [{8, 2}, {5, 7}, {3, 6}, {1, 4}], [{8, 2}, {5, 7}, {4, 6}, {1, 3}], [{8, 2}, {5, 7}, {4, 6}, {3}, {1}], [{8, 2}, {5, 7}, {6}, {1, 4}, {3}], [{8, 2}, {6, 7}, {1, 5}, {3, 4}], [{8, 2}, {6, 7}, {3, 5}, {1, 4}], [{8, 2}, {6, 7}, {4, 5}, {1, 3}], [{8, 2}, {6, 7}, {5}, {3, 4}, {1}], [{8, 2}, {7}, {5, 6}, {4}, {1, 3}], [{8, 3}, {1, 7}, {2, 6}, {4, 5}], [{8, 3}, {1, 7}, {4, 6}, {2, 5}], [{8, 3}, {1, 7}, {5, 6}, {2, 4}], [{8, 3}, {2, 7}, {1, 6}, {4, 5}], [{8, 3}, {2, 7}, {4, 6}, {1, 5}], [{8, 3}, {2, 7}, {5, 6}, {1, 4}], [{8, 3}, {4, 7}, {1, 6}, {2, 5}], [{8, 3}, {4, 7}, {2, 6}, {1, 5}], [{8, 3}, {4, 7}, {5, 6}, {1, 2}], [{8, 3}, {5, 7}, {1, 6}, {2, 4}], [{8, 3}, {5, 7}, {2, 6}, {1, 4}], [{8, 3}, {5, 7}, {4, 6}, {1, 2}], [{8, 3}, {6, 7}, {1, 5}, {2, 4}], [{8, 3}, {6, 7}, {1, 5}, {4}, {2}], [{8, 3}, {6, 7}, {2, 5}, {1, 4}], [{8, 3}, {6, 7}, {4, 5}, {1, 2}], [{8, 3}, {6, 7}, {4, 5}, {2}, {1}], [{8, 3}, {6, 7}, {5}, {1, 4}, {2}], [{8, 4}, {1, 7}, {2, 6}, {3, 5}], [{8, 4}, {1, 7}, {3, 6}, {2, 5}], [{8, 4}, {1, 7}, {5, 6}, {2, 3}], [{8, 4}, {1, 7}, {6}, {2, 5}, {3}], [{8, 4}, {2, 7}, {1, 6}, {3, 5}], [{8, 4}, {2, 7}, {3, 6}, {1, 5}], [{8, 4}, {2, 7}, {5, 6}, {1, 3}], [{8, 4}, {3, 7}, {1, 6}, {2, 5}], [{8, 4}, {3, 7}, {2, 6}, {1, 5}], [{8, 4}, {3, 7}, {5, 6}, {1, 2}], [{8, 4}, {5, 7}, {1, 6}, {2, 3}], [{8, 4}, {5, 7}, {2, 6}, {1, 3}], [{8, 4}, {5, 7}, {3, 6}, {1, 2}], [{8, 4}, {6, 7}, {1, 5}, {2, 3}], [{8, 4}, {6, 7}, {2, 5}, {1, 3}], [{8, 4}, {6, 7}, {3, 5}, {1, 2}], [{8, 4}, {6, 7}, {5}, {1, 3}, {2}], [{8, 4}, {7}, {1, 6}, {5}, {2, 3}], [{8, 4}, {7}, {5, 6}, {2, 3}, {1}], [{8, 4}, {7}, {6}, {1, 5}, {2, 3}], [{8, 5}, {1, 7}, {2, 6}, {3, 4}], [{8, 5}, {1, 7}, {3, 6}, {2, 4}], [{8, 5}, {1, 7}, {3, 6}, {4}, {2}], [{8, 5}, {1, 7}, {4, 6}, {2, 3}], [{8, 5}, {2, 7}, {1, 6}, {3, 4}], [{8, 5}, {2, 7}, {3, 6}, {1, 4}], [{8, 5}, {2, 7}, {3, 6}, {4}, {1}], [{8, 5}, {2, 7}, {4, 6}, {1, 3}], [{8, 5}, {3, 7}, {1, 6}, {2, 4}], [{8, 5}, {3, 7}, {2, 6}, {1, 4}], [{8, 5}, {3, 7}, {2, 6}, {4}, {1}], [{8, 5}, {3, 7}, {4, 6}, {1, 2}], [{8, 5}, {4, 7}, {1, 6}, {2, 3}], [{8, 5}, {4, 7}, {2, 6}, {1, 3}], [{8, 5}, {4, 7}, {3, 6}, {1, 2}], [{8, 5}, {4, 7}, {3, 6}, {2}, {1}], [{8, 5}, {6, 7}, {1, 4}, {2, 3}], [{8, 5}, {6, 7}, {2, 4}, {1, 3}], [{8, 5}, {6, 7}, {3, 4}, {1, 2}], [{8, 5}, {6, 7}, {4}, {2, 3}, {1}], [{8, 5}, {7}, {3, 6}, {1, 4}, {2}], [{8, 5}, {7}, {3, 6}, {2, 4}, {1}], [{8, 5}, {7}, {3, 6}, {4}, {1, 2}], [{8, 5}, {7}, {3, 6}, {4}, {2}, {1}], [{8, 5}, {7}, {4, 6}, {3}, {1, 2}], [{8, 5}, {7}, {6}, {3, 4}, {1, 2}], [{8, 6}, {1, 7}, {2, 5}, {3, 4}], [{8, 6}, {1, 7}, {3, 5}, {2, 4}], [{8, 6}, {1, 7}, {4, 5}, {2, 3}], [{8, 6}, {1, 7}, {5}, {2, 4}, {3}], [{8, 6}, {2, 7}, {1, 5}, {3, 4}], [{8, 6}, {2, 7}, {3, 5}, {1, 4}], [{8, 6}, {2, 7}, {3, 5}, {4}, {1}], [{8, 6}, {2, 7}, {4, 5}, {1, 3}], [{8, 6}, {3, 7}, {1, 5}, {2, 4}], [{8, 6}, {3, 7}, {2, 5}, {1, 4}], [{8, 6}, {3, 7}, {4, 5}, {1, 2}], [{8, 6}, {4, 7}, {1, 5}, {2, 3}], [{8, 6}, {4, 7}, {2, 5}, {1, 3}], [{8, 6}, {4, 7}, {3, 5}, {1, 2}], [{8, 6}, {5, 7}, {1, 4}, {2, 3}], [{8, 6}, {5, 7}, {1, 4}, {3}, {2}], [{8, 6}, {5, 7}, {2, 4}, {1, 3}], [{8, 6}, {5, 7}, {3, 4}, {1, 2}], [{8, 6}, {5, 7}, {3, 4}, {2}, {1}], [{8, 6}, {5, 7}, {4}, {1, 3}, {2}], [{8, 6}, {7}, {5}, {1, 4}, {2, 3}], [{8, 7}, {1, 6}, {2, 5}, {3, 4}], [{8, 7}, {1, 6}, {3, 5}, {2, 4}], [{8, 7}, {1, 6}, {4, 5}, {2, 3}], [{8, 7}, {1, 6}, {5}, {4}, {2, 3}], [{8, 7}, {2, 6}, {1, 5}, {3, 4}], [{8, 7}, {2, 6}, {3, 5}, {1, 4}], [{8, 7}, {2, 6}, {4, 5}, {1, 3}], [{8, 7}, {3, 6}, {1, 5}, {2, 4}], [{8, 7}, {3, 6}, {2, 5}, {1, 4}], [{8, 7}, {3, 6}, {4, 5}, {1, 2}], [{8, 7}, {4, 6}, {1, 5}, {2, 3}], [{8, 7}, {4, 6}, {2, 5}, {1, 3}], [{8, 7}, {4, 6}, {3, 5}, {1, 2}], [{8, 7}, {5, 6}, {1, 4}, {2, 3}], [{8, 7}, {5, 6}, {2, 4}, {1, 3}], [{8, 7}, {5, 6}, {2, 4}, {3}, {1}], [{8, 7}, {5, 6}, {3, 4}, {1, 2}], [{8, 7}, {5, 6}, {3, 4}, {2}, {1}], [{8, 7}, {5, 6}, {4}, {2, 3}, {1}], [{8, 7}, {6}, {1, 5}, {4}, {2, 3}], [{8, 7}, {6}, {2, 5}, {4}, {1, 3}], [{8, 7}, {6}, {3, 5}, {1, 4}, {2}], [{8, 7}, {6}, {4, 5}, {1, 3}, {2}], [{8, 7}, {6}, {5}, {2, 4}, {1, 3}], [{8}, {1, 7}, {2, 6}, {4, 5}, {3}], [{8}, {1, 7}, {5, 6}, {3, 4}, {2}], [{8}, {3, 7}, {1, 6}, {4, 5}, {2}], [{8}, {3, 7}, {5, 6}, {1, 4}, {2}], [{8}, {4, 7}, {1, 6}, {5}, {2, 3}], [{8}, {4, 7}, {5, 6}, {2, 3}, {1}], [{8}, {4, 7}, {6}, {1, 5}, {2, 3}], [{8}, {5, 7}, {2, 6}, {1, 4}, {3}]]",2,- 8 K_1^4 + 8 K_1^3 + 8 K_1^2 K_2 - 16 K_1^2 - 12 K_1 K_2 - 2 K_1 K_3 + 9 K_2 + 4 K_3 + 10,O1O2O3O4U1U3O5U6O7O8U5U4U7U8O6U2,O1O2O3O4U1U2O5U4O6O7U3U6U8U7O8U5,O1O2O3O4U5O6U7U6U8U2O7O8U1O5U3U4,c,{'O1O2O3O4U3O5U6U7U1U8O6O7U5O8U2U4'},1,"<a href=""/flatknot/8.733857"">8.733857</a>",t^9-81t^7-322t^6-121t^5+842t^4+623t^3-558t^2-240t+194,-t^2+2t,,
8.733858,O1O2O3O4U3O5U6U7U1U8O6O7U5O8U4U2,3,12z^2+57z+67,-4w^4z^2+16w^3z^2+57w^2z+67w,False,False,"[[ 0 -1  1 -1  2  2 -3 -1  1],[ 1  0  1  0  1 -1  1  2  2],[-1 -1  0 -1  1  1 -3 -1  0],[ 1  0  1  0  1  0  1  1  1],[-2 -1 -1 -1  0  1 -4 -2 -1],[-2  1 -1  0 -1  0 -3 -1  0],[ 3 -1  3 -1  4  3  0  1  2],[ 1 -2  1 -1  2  1 -1  0  1],[-1 -2  0 -1  1  0 -2 -1  0]]","[[ 0  2  2  1  1 -1 -1 -1 -3],[-2  0  1 -1 -1 -1 -1 -2 -4],[-2 -1  0  0 -1  1  0 -1 -3],[-1  1  0  0  0 -2 -1 -1 -2],[-1  1  1  0  0 -1 -1 -1 -3],[ 1  1 -1  2  1  0  0  2  1],[ 1  1  0  1  1  0  0  1  1],[ 1  2  1  1  1 -2 -1  0 -1],[ 3  4  3  2  3 -1 -1  1  0]]",True,"[-2,-2,-1,-1,1,1,1,3,-1,1,1,1,1,2,4,0,1,-1,0,1,3,0,2,1,1,2,1,1,1,3,0,-2,-1,-1,-1,1]","[-3,-1,-1,-1,1,1,2,2,-1,-1,1,2,3,3,4,0,1,1,1,0,1,2,2,1,-1,1,1,1,1,2,0,0,1,1,1,-1]",t^8+67t^6+357t^4+38t^2,"[-3,-1,-1,-1,1,1,2,2,1,3,3,1,2,1,2,1,2,1,1,1,2,0,1,1,2,3,1,0,2,4,0,0,0,0,1,-1]","[-2,-2,-1,-1,1,1,1,3,-1,0,1,2,3,4,2,0,0,1,2,2,1,0,1,1,1,1,1,1,0,2,-1,-2,1,0,3,3]","[-3,-1,-1,-1,1,1,2,2,-1,-1,1,2,3,3,4,0,1,1,1,0,1,2,2,1,-1,1,1,1,1,2,0,0,1,1,1,-1]",c,"[[{8, 6}, {3, 7}, {2, 5}, {1, 4}]]",1,4 K_1^3 - 20 K_1^2 - 10 K_1 K_2 + 2 K_1 + 10 K_2 + 4 K_3 + 11,O1O2O3O4U3U1O5U6O7O8U5U4U7U8O6U2,O1O2O3O4U1U2O5U4O6O7U3U7U8U6O8U5,O1O2O3O4U5O6U7U6U8U2O8O7U1O5U3U4,c,"{'O1O2O3O4U3O5U6U7U1U8O6O7U5O8U4U2', 'O1O2O3U2O4O5U6U7U1U8O6O7U5O8U3U4'}",2,"<a href=""/flatknot/8.733858"">8.733858</a>",t^9-69t^7-232t^6-97t^5+218t^4+92t^3+8t^2+44t-8,t^3-2t^2+t,,
8.733859,O1O2O3O4U3O5U6U7U2U1O6O7U4O8U5U8,4,8z^3+48z^2+108z+89,-2w^5z^3+10w^4z^3+48w^3z^2+108w^2z+89w,False,False,"[[ 0  0  0 -1  2  2 -3 -1  1],[ 0  0  0  0  1  1 -1  0  1],[ 0  0  0  0  0  0  0  1  1],[ 1  0  0  0  1  1  1  1  0],[-2 -1  0 -1  0  1 -3 -1  1],[-2 -1  0 -1 -1  0 -3 -1  1],[ 3  1  0 -1  3  3  0  1  1],[ 1  0 -1 -1  1  1 -1  0  1],[-1 -1 -1  0 -1 -1 -1 -1  0]]","[[ 0  2  2  1  0  0 -1 -1 -3],[-2  0  1  1  0 -1 -1 -1 -3],[-2 -1  0  1  0 -1 -1 -1 -3],[-1 -1 -1  0 -1 -1  0 -1 -1],[ 0  0  0  1  0  0  0  1  0],[ 0  1  1  1  0  0  0  0 -1],[ 1  1  1  0  0  0  0  1  1],[ 1  1  1  1 -1  0 -1  0 -1],[ 3  3  3  1  0  1 -1  1  0]]",True,"[-2,-2,-1,0,0,1,1,3,-1,-1,0,1,1,1,3,-1,0,1,1,1,3,1,1,0,1,1,0,0,-1,0,0,0,1,-1,-1,1]","[-3,-1,-1,0,0,1,2,2,-1,1,0,1,1,3,3,1,0,0,0,1,1,-1,0,1,1,1,0,1,0,0,1,1,1,-1,-1,-1]",t^8+36t^6+88t^4+39t^2,"[-3,-1,-1,0,0,1,2,2,1,3,2,3,3,2,2,1,1,2,1,2,2,1,1,2,2,2,0,0,1,1,0,2,2,2,2,-1]","[-2,-2,-1,0,0,1,1,3,-1,2,1,2,2,2,2,2,1,2,2,2,2,0,0,1,2,3,0,1,1,2,2,1,3,-1,1,3]","[-3,-1,-1,0,0,1,2,2,-1,1,0,1,1,3,3,1,0,0,0,1,1,-1,0,1,1,1,0,1,0,0,1,1,1,-1,-1,-1]",c,"[[{8, 1}, {2, 7}, {3, 6}, {4, 5}], [{8, 1}, {2, 7}, {4, 6}, {3, 5}], [{8, 1}, {2, 7}, {4, 6}, {5}, {3}], [{8, 1}, {2, 7}, {5, 6}, {3, 4}], [{8, 1}, {3, 7}, {2, 6}, {4, 5}], [{8, 1}, {3, 7}, {4, 6}, {2, 5}], [{8, 1}, {3, 7}, {5, 6}, {2, 4}], [{8, 1}, {3, 7}, {6}, {2, 5}, {4}], [{8, 1}, {4, 7}, {2, 6}, {3, 5}], [{8, 1}, {4, 7}, {3, 6}, {2, 5}], [{8, 1}, {4, 7}, {3, 6}, {5}, {2}], [{8, 1}, {4, 7}, {5, 6}, {2, 3}], [{8, 1}, {5, 7}, {2, 6}, {3, 4}], [{8, 1}, {5, 7}, {3, 6}, {2, 4}], [{8, 1}, {5, 7}, {4, 6}, {2, 3}], [{8, 1}, {5, 7}, {4, 6}, {3}, {2}], [{8, 1}, {6, 7}, {2, 5}, {3, 4}], [{8, 1}, {6, 7}, {3, 5}, {2, 4}], [{8, 1}, {6, 7}, {3, 5}, {4}, {2}], [{8, 1}, {6, 7}, {4, 5}, {2, 3}], [{8, 1}, {7}, {4, 6}, {2, 5}, {3}], [{8, 1}, {7}, {5, 6}, {2, 4}, {3}], [{8, 1}, {7}, {6}, {4, 5}, {2, 3}], [{8, 2}, {1, 7}, {3, 6}, {4, 5}], [{8, 2}, {1, 7}, {3, 6}, {5}, {4}], [{8, 2}, {1, 7}, {4, 6}, {3, 5}], [{8, 2}, {1, 7}, {4, 6}, {5}, {3}], [{8, 2}, {1, 7}, {5, 6}, {3, 4}], [{8, 2}, {1, 7}, {5, 6}, {4}, {3}], [{8, 2}, {1, 7}, {6}, {3, 5}, {4}], [{8, 2}, {1, 7}, {6}, {4, 5}, {3}], [{8, 2}, {1, 7}, {6}, {5}, {3, 4}], [{8, 2}, {1, 7}, {6}, {5}, {4}, {3}], [{8, 2}, {3, 7}, {1, 6}, {4, 5}], [{8, 2}, {3, 7}, {4, 6}, {1, 5}], [{8, 2}, {3, 7}, {4, 6}, {5}, {1}], [{8, 2}, {3, 7}, {5, 6}, {1, 4}], [{8, 2}, {3, 7}, {6}, {1, 5}, {4}], [{8, 2}, {4, 7}, {1, 6}, {3, 5}], [{8, 2}, {4, 7}, {3, 6}, {1, 5}], [{8, 2}, {4, 7}, {5, 6}, {1, 3}], [{8, 2}, {4, 7}, {6}, {3, 5}, {1}], [{8, 2}, {5, 7}, {1, 6}, {3, 4}], [{8, 2}, {5, 7}, {3, 6}, {1, 4}], [{8, 2}, {5, 7}, {4, 6}, {1, 3}], [{8, 2}, {5, 7}, {4, 6}, {3}, {1}], [{8, 2}, {5, 7}, {6}, {4}, {1, 3}], [{8, 2}, {6, 7}, {1, 5}, {3, 4}], [{8, 2}, {6, 7}, {3, 5}, {1, 4}], [{8, 2}, {6, 7}, {3, 5}, {4}, {1}], [{8, 2}, {6, 7}, {4, 5}, {1, 3}], [{8, 2}, {7}, {1, 6}, {3, 5}, {4}], [{8, 2}, {7}, {4, 6}, {1, 5}, {3}], [{8, 2}, {7}, {4, 6}, {3, 5}, {1}], [{8, 2}, {7}, {4, 6}, {5}, {1, 3}], [{8, 2}, {7}, {6}, {3, 5}, {1, 4}], [{8, 2}, {7}, {6}, {3, 5}, {4}, {1}], [{8, 3}, {1, 7}, {2, 6}, {4, 5}], [{8, 3}, {1, 7}, {4, 6}, {2, 5}], [{8, 3}, {1, 7}, {5, 6}, {2, 4}], [{8, 3}, {1, 7}, {5, 6}, {4}, {2}], [{8, 3}, {2, 7}, {1, 6}, {4, 5}], [{8, 3}, {2, 7}, {4, 6}, {1, 5}], [{8, 3}, {2, 7}, {5, 6}, {1, 4}], [{8, 3}, {2, 7}, {6}, {1, 5}, {4}], [{8, 3}, {4, 7}, {1, 6}, {2, 5}], [{8, 3}, {4, 7}, {2, 6}, {1, 5}], [{8, 3}, {4, 7}, {2, 6}, {5}, {1}], [{8, 3}, {4, 7}, {5, 6}, {1, 2}], [{8, 3}, {4, 7}, {5, 6}, {2}, {1}], [{8, 3}, {4, 7}, {6}, {2, 5}, {1}], [{8, 3}, {5, 7}, {1, 6}, {2, 4}], [{8, 3}, {5, 7}, {2, 6}, {1, 4}], [{8, 3}, {5, 7}, {4, 6}, {1, 2}], [{8, 3}, {5, 7}, {4, 6}, {2}, {1}], [{8, 3}, {6, 7}, {1, 5}, {2, 4}], [{8, 3}, {6, 7}, {2, 5}, {1, 4}], [{8, 3}, {6, 7}, {4, 5}, {1, 2}], [{8, 3}, {6, 7}, {4, 5}, {2}, {1}], [{8, 3}, {7}, {1, 6}, {5}, {2, 4}], [{8, 3}, {7}, {5, 6}, {1, 4}, {2}], [{8, 4}, {1, 7}, {2, 6}, {3, 5}], [{8, 4}, {1, 7}, {2, 6}, {5}, {3}], [{8, 4}, {1, 7}, {3, 6}, {2, 5}], [{8, 4}, {1, 7}, {5, 6}, {2, 3}], [{8, 4}, {1, 7}, {6}, {3, 5}, {2}], [{8, 4}, {2, 7}, {1, 6}, {3, 5}], [{8, 4}, {2, 7}, {1, 6}, {5}, {3}], [{8, 4}, {2, 7}, {3, 6}, {1, 5}], [{8, 4}, {2, 7}, {5, 6}, {1, 3}], [{8, 4}, {3, 7}, {1, 6}, {2, 5}], [{8, 4}, {3, 7}, {2, 6}, {1, 5}], [{8, 4}, {3, 7}, {2, 6}, {5}, {1}], [{8, 4}, {3, 7}, {5, 6}, {1, 2}], [{8, 4}, {3, 7}, {6}, {1, 5}, {2}], [{8, 4}, {5, 7}, {1, 6}, {2, 3}], [{8, 4}, {5, 7}, {2, 6}, {1, 3}], [{8, 4}, {5, 7}, {2, 6}, {3}, {1}], [{8, 4}, {5, 7}, {3, 6}, {1, 2}], [{8, 4}, {5, 7}, {6}, {1, 3}, {2}], [{8, 4}, {6, 7}, {1, 5}, {2, 3}], [{8, 4}, {6, 7}, {2, 5}, {1, 3}], [{8, 4}, {6, 7}, {3, 5}, {1, 2}], [{8, 4}, {7}, {2, 6}, {1, 5}, {3}], [{8, 4}, {7}, {2, 6}, {3, 5}, {1}], [{8, 4}, {7}, {2, 6}, {5}, {1, 3}], [{8, 4}, {7}, {5, 6}, {2, 3}, {1}], [{8, 5}, {1, 7}, {2, 6}, {3, 4}], [{8, 5}, {1, 7}, {3, 6}, {2, 4}], [{8, 5}, {1, 7}, {4, 6}, {2, 3}], [{8, 5}, {2, 7}, {1, 6}, {3, 4}], [{8, 5}, {2, 7}, {3, 6}, {1, 4}], [{8, 5}, {2, 7}, {4, 6}, {1, 3}], [{8, 5}, {2, 7}, {6}, {1, 4}, {3}], [{8, 5}, {3, 7}, {1, 6}, {2, 4}], [{8, 5}, {3, 7}, {2, 6}, {1, 4}], [{8, 5}, {3, 7}, {4, 6}, {1, 2}], [{8, 5}, {4, 7}, {1, 6}, {2, 3}], [{8, 5}, {4, 7}, {2, 6}, {1, 3}], [{8, 5}, {4, 7}, {3, 6}, {1, 2}], [{8, 5}, {4, 7}, {6}, {1, 3}, {2}], [{8, 5}, {6, 7}, {1, 4}, {2, 3}], [{8, 5}, {6, 7}, {1, 4}, {3}, {2}], [{8, 5}, {6, 7}, {2, 4}, {1, 3}], [{8, 5}, {6, 7}, {3, 4}, {1, 2}], [{8, 5}, {7}, {2, 6}, {1, 4}, {3}], [{8, 5}, {7}, {3, 6}, {4}, {1, 2}], [{8, 5}, {7}, {4, 6}, {2, 3}, {1}], [{8, 6}, {1, 7}, {2, 5}, {3, 4}], [{8, 6}, {1, 7}, {3, 5}, {2, 4}], [{8, 6}, {1, 7}, {3, 5}, {4}, {2}], [{8, 6}, {1, 7}, {4, 5}, {2, 3}], [{8, 6}, {1, 7}, {5}, {2, 4}, {3}], [{8, 6}, {2, 7}, {1, 5}, {3, 4}], [{8, 6}, {2, 7}, {1, 5}, {4}, {3}], [{8, 6}, {2, 7}, {3, 5}, {1, 4}], [{8, 6}, {2, 7}, {4, 5}, {1, 3}], [{8, 6}, {3, 7}, {1, 5}, {2, 4}], [{8, 6}, {3, 7}, {1, 5}, {4}, {2}], [{8, 6}, {3, 7}, {2, 5}, {1, 4}], [{8, 6}, {3, 7}, {2, 5}, {4}, {1}], [{8, 6}, {3, 7}, {4, 5}, {1, 2}], [{8, 6}, {3, 7}, {4, 5}, {2}, {1}], [{8, 6}, {3, 7}, {5}, {1, 4}, {2}], [{8, 6}, {3, 7}, {5}, {2, 4}, {1}], [{8, 6}, {3, 7}, {5}, {4}, {1, 2}], [{8, 6}, {3, 7}, {5}, {4}, {2}, {1}], [{8, 6}, {4, 7}, {1, 5}, {2, 3}], [{8, 6}, {4, 7}, {1, 5}, {3}, {2}], [{8, 6}, {4, 7}, {2, 5}, {1, 3}], [{8, 6}, {4, 7}, {2, 5}, {3}, {1}], [{8, 6}, {4, 7}, {3, 5}, {1, 2}], [{8, 6}, {4, 7}, {5}, {3}, {1, 2}], [{8, 6}, {5, 7}, {1, 4}, {2, 3}], [{8, 6}, {5, 7}, {2, 4}, {1, 3}], [{8, 6}, {5, 7}, {2, 4}, {3}, {1}], [{8, 6}, {5, 7}, {3, 4}, {1, 2}], [{8, 6}, {5, 7}, {4}, {1, 3}, {2}], [{8, 6}, {7}, {1, 5}, {2, 4}, {3}], [{8, 6}, {7}, {1, 5}, {3, 4}, {2}], [{8, 6}, {7}, {1, 5}, {4}, {2, 3}], [{8, 6}, {7}, {1, 5}, {4}, {3}, {2}], [{8, 6}, {7}, {2, 5}, {3, 4}, {1}], [{8, 6}, {7}, {3, 5}, {2, 4}, {1}], [{8, 6}, {7}, {5}, {2, 4}, {1, 3}], [{8, 6}, {7}, {5}, {3, 4}, {1, 2}], [{8, 7}, {1, 6}, {2, 5}, {3, 4}], [{8, 7}, {1, 6}, {3, 5}, {2, 4}], [{8, 7}, {1, 6}, {4, 5}, {2, 3}], [{8, 7}, {2, 6}, {1, 5}, {3, 4}], [{8, 7}, {2, 6}, {3, 5}, {1, 4}], [{8, 7}, {2, 6}, {4, 5}, {1, 3}], [{8, 7}, {3, 6}, {1, 5}, {2, 4}], [{8, 7}, {3, 6}, {2, 5}, {1, 4}], [{8, 7}, {3, 6}, {4, 5}, {1, 2}], [{8, 7}, {3, 6}, {5}, {2, 4}, {1}], [{8, 7}, {4, 6}, {1, 5}, {2, 3}], [{8, 7}, {4, 6}, {2, 5}, {1, 3}], [{8, 7}, {4, 6}, {3, 5}, {1, 2}], [{8, 7}, {4, 6}, {5}, {2, 3}, {1}], [{8, 7}, {5, 6}, {1, 4}, {2, 3}], [{8, 7}, {5, 6}, {2, 4}, {1, 3}], [{8, 7}, {5, 6}, {3, 4}, {1, 2}], [{8, 7}, {6}, {2, 5}, {1, 4}, {3}], [{8}, {1, 7}, {2, 6}, {3, 5}, {4}], [{8}, {1, 7}, {3, 6}, {4, 5}, {2}], [{8}, {1, 7}, {4, 6}, {3, 5}, {2}], [{8}, {1, 7}, {5, 6}, {4}, {2, 3}], [{8}, {1, 7}, {6}, {3, 5}, {2, 4}], [{8}, {2, 7}, {3, 6}, {1, 5}, {4}], [{8}, {2, 7}, {5, 6}, {3, 4}, {1}], [{8}, {3, 7}, {1, 6}, {2, 5}, {4}], [{8}, {3, 7}, {2, 6}, {1, 5}, {4}], [{8}, {3, 7}, {4, 6}, {1, 5}, {2}], [{8}, {3, 7}, {6}, {1, 5}, {2, 4}], [{8}, {4, 7}, {1, 6}, {3, 5}, {2}], [{8}, {4, 7}, {3, 6}, {2, 5}, {1}], [{8}, {5, 7}, {1, 6}, {4}, {2, 3}], [{8}, {5, 7}, {2, 6}, {4}, {1, 3}], [{8}, {5, 7}, {4, 6}, {1, 3}, {2}], [{8}, {5, 7}, {4, 6}, {2, 3}, {1}], [{8}, {5, 7}, {4, 6}, {3}, {1, 2}], [{8}, {5, 7}, {4, 6}, {3}, {2}, {1}], [{8}, {5, 7}, {6}, {1, 4}, {2, 3}], [{8}, {5, 7}, {6}, {2, 4}, {1, 3}], [{8}, {6, 7}, {3, 5}, {4}, {1, 2}]]",2,8 K_1^3 + 4 K_1^2 K_2 - 16 K_1^2 - 14 K_1 K_2 - 4 K_1 K_3 + K_1 + 8 K_2 + 5 K_3 + K_4 + 8,O1O2O3O4U5U6O5U1O7O8U4U3U7U8O6U2,O1O2O3O4U1U2O5U6O7O6U4U3U8U5O8U7,O1O2O3O4U5O6U7U6U2U1O8O5U8O7U3U4,c,{'O1O2O3O4U3O5U6U7U2U1O6O7U4O8U5U8'},1,"<a href=""/flatknot/8.733859"">8.733859</a>",t^9-38t^7-92t^6+26t^5+258t^4+189t^3-114t^2-194t-68,t^3-2t^2+t,,
8.733860,O1O2O3O4U3O5U6U7U2U1O6O7U5O8U4U8,4,6z^3+44z^2+95z+63,-4w^5z^3+10w^4z^3-16w^4z^2+60w^3z^2+95w^2z+63w,False,False,"[[ 0  0  0 -1  2  2 -3 -1  1],[ 0  0  0  0  2  0 -1  0  1],[ 0  0  0  0  1 -1  0  1  1],[ 1  0  0  0  1  0  1  1  1],[-2 -2 -1 -1  0  0 -3 -1  1],[-2  0  1  0  0  0 -3 -1  0],[ 3  1  0 -1  3  3  0  1  1],[ 1  0 -1 -1  1  1 -1  0  1],[-1 -1 -1 -1 -1  0 -1 -1  0]]","[[ 0  2  2  1  0  0 -1 -1 -3],[-2  0  0  1 -1 -2 -1 -1 -3],[-2  0  0  0  1  0  0 -1 -3],[-1 -1  0  0 -1 -1 -1 -1 -1],[ 0  1 -1  1  0  0  0  1  0],[ 0  2  0  1  0  0  0  0 -1],[ 1  1  0  1  0  0  0  1  1],[ 1  1  1  1 -1  0 -1  0 -1],[ 3  3  3  1  0  1 -1  1  0]]",True,"[-2,-2,-1,0,0,1,1,3,0,-1,1,2,1,1,3,0,-1,0,0,1,3,1,1,1,1,1,0,0,-1,0,0,0,1,-1,-1,1]","[-3,-1,-1,0,0,1,2,2,-1,1,0,1,1,3,3,1,0,0,1,0,1,-1,0,1,1,1,0,1,-1,1,1,0,2,0,-1,0]",t^8+38t^6+232t^4+128t^2+9,"[-3,-1,-1,0,0,1,2,2,1,3,2,3,3,2,2,1,1,2,1,2,2,1,1,1,2,3,0,0,0,2,0,1,3,2,1,0]","[-2,-2,-1,0,0,1,1,3,0,1,2,3,2,3,2,2,0,1,2,2,2,0,0,1,1,3,0,1,1,2,2,1,3,-1,1,3]","[-3,-1,-1,0,0,1,2,2,-1,1,0,1,1,3,3,1,0,0,1,0,1,-1,0,1,1,1,0,1,-1,1,1,0,2,0,-1,0]",c,"[[{8, 1}, {2, 7}, {3, 6}, {4, 5}], [{8, 1}, {2, 7}, {4, 6}, {3, 5}], [{8, 1}, {2, 7}, {5, 6}, {3, 4}], [{8, 1}, {2, 7}, {5, 6}, {4}, {3}], [{8, 1}, {3, 7}, {2, 6}, {4, 5}], [{8, 1}, {3, 7}, {4, 6}, {2, 5}], [{8, 1}, {3, 7}, {5, 6}, {2, 4}], [{8, 1}, {4, 7}, {2, 6}, {3, 5}], [{8, 1}, {4, 7}, {3, 6}, {2, 5}], [{8, 1}, {4, 7}, {5, 6}, {2, 3}], [{8, 1}, {5, 7}, {2, 6}, {3, 4}], [{8, 1}, {5, 7}, {3, 6}, {2, 4}], [{8, 1}, {5, 7}, {4, 6}, {2, 3}], [{8, 1}, {6, 7}, {2, 5}, {3, 4}], [{8, 1}, {6, 7}, {3, 5}, {2, 4}], [{8, 1}, {6, 7}, {4, 5}, {2, 3}], [{8, 1}, {7}, {5, 6}, {3, 4}, {2}], [{8, 2}, {1, 7}, {3, 6}, {4, 5}], [{8, 2}, {1, 7}, {4, 6}, {3, 5}], [{8, 2}, {1, 7}, {5, 6}, {3, 4}], [{8, 2}, {3, 7}, {1, 6}, {4, 5}], [{8, 2}, {3, 7}, {4, 6}, {1, 5}], [{8, 2}, {3, 7}, {5, 6}, {1, 4}], [{8, 2}, {4, 7}, {1, 6}, {3, 5}], [{8, 2}, {4, 7}, {3, 6}, {1, 5}], [{8, 2}, {4, 7}, {5, 6}, {1, 3}], [{8, 2}, {5, 7}, {1, 6}, {3, 4}], [{8, 2}, {5, 7}, {1, 6}, {4}, {3}], [{8, 2}, {5, 7}, {3, 6}, {1, 4}], [{8, 2}, {5, 7}, {4, 6}, {1, 3}], [{8, 2}, {6, 7}, {1, 5}, {3, 4}], [{8, 2}, {6, 7}, {3, 5}, {1, 4}], [{8, 2}, {6, 7}, {4, 5}, {1, 3}], [{8, 2}, {7}, {3, 6}, {1, 5}, {4}], [{8, 2}, {7}, {3, 6}, {4, 5}, {1}], [{8, 2}, {7}, {3, 6}, {5}, {1, 4}], [{8, 3}, {1, 7}, {2, 6}, {4, 5}], [{8, 3}, {1, 7}, {2, 6}, {5}, {4}], [{8, 3}, {1, 7}, {4, 6}, {2, 5}], [{8, 3}, {1, 7}, {5, 6}, {2, 4}], [{8, 3}, {2, 7}, {1, 6}, {4, 5}], [{8, 3}, {2, 7}, {1, 6}, {5}, {4}], [{8, 3}, {2, 7}, {4, 6}, {1, 5}], [{8, 3}, {2, 7}, {5, 6}, {1, 4}], [{8, 3}, {4, 7}, {1, 6}, {2, 5}], [{8, 3}, {4, 7}, {2, 6}, {1, 5}], [{8, 3}, {4, 7}, {5, 6}, {1, 2}], [{8, 3}, {4, 7}, {5, 6}, {2}, {1}], [{8, 3}, {5, 7}, {1, 6}, {2, 4}], [{8, 3}, {5, 7}, {2, 6}, {1, 4}], [{8, 3}, {5, 7}, {4, 6}, {1, 2}], [{8, 3}, {5, 7}, {4, 6}, {2}, {1}], [{8, 3}, {6, 7}, {1, 5}, {2, 4}], [{8, 3}, {6, 7}, {1, 5}, {4}, {2}], [{8, 3}, {6, 7}, {2, 5}, {1, 4}], [{8, 3}, {6, 7}, {2, 5}, {4}, {1}], [{8, 3}, {6, 7}, {4, 5}, {1, 2}], [{8, 3}, {6, 7}, {4, 5}, {2}, {1}], [{8, 3}, {6, 7}, {5}, {1, 4}, {2}], [{8, 3}, {6, 7}, {5}, {2, 4}, {1}], [{8, 3}, {6, 7}, {5}, {4}, {1, 2}], [{8, 3}, {6, 7}, {5}, {4}, {2}, {1}], [{8, 4}, {1, 7}, {2, 6}, {3, 5}], [{8, 4}, {1, 7}, {3, 6}, {2, 5}], [{8, 4}, {1, 7}, {5, 6}, {2, 3}], [{8, 4}, {2, 7}, {1, 6}, {3, 5}], [{8, 4}, {2, 7}, {3, 6}, {1, 5}], [{8, 4}, {2, 7}, {5, 6}, {1, 3}], [{8, 4}, {3, 7}, {1, 6}, {2, 5}], [{8, 4}, {3, 7}, {2, 6}, {1, 5}], [{8, 4}, {3, 7}, {5, 6}, {1, 2}], [{8, 4}, {5, 7}, {1, 6}, {2, 3}], [{8, 4}, {5, 7}, {1, 6}, {3}, {2}], [{8, 4}, {5, 7}, {2, 6}, {1, 3}], [{8, 4}, {5, 7}, {3, 6}, {1, 2}], [{8, 4}, {6, 7}, {1, 5}, {2, 3}], [{8, 4}, {6, 7}, {2, 5}, {1, 3}], [{8, 4}, {6, 7}, {3, 5}, {1, 2}], [{8, 4}, {7}, {3, 6}, {1, 5}, {2}], [{8, 5}, {1, 7}, {2, 6}, {3, 4}], [{8, 5}, {1, 7}, {3, 6}, {2, 4}], [{8, 5}, {1, 7}, {4, 6}, {2, 3}], [{8, 5}, {1, 7}, {6}, {2, 4}, {3}], [{8, 5}, {2, 7}, {1, 6}, {3, 4}], [{8, 5}, {2, 7}, {3, 6}, {1, 4}], [{8, 5}, {2, 7}, {4, 6}, {1, 3}], [{8, 5}, {3, 7}, {1, 6}, {2, 4}], [{8, 5}, {3, 7}, {2, 6}, {1, 4}], [{8, 5}, {3, 7}, {4, 6}, {1, 2}], [{8, 5}, {3, 7}, {6}, {2, 4}, {1}], [{8, 5}, {4, 7}, {1, 6}, {2, 3}], [{8, 5}, {4, 7}, {2, 6}, {1, 3}], [{8, 5}, {4, 7}, {3, 6}, {1, 2}], [{8, 5}, {6, 7}, {1, 4}, {2, 3}], [{8, 5}, {6, 7}, {2, 4}, {1, 3}], [{8, 5}, {6, 7}, {3, 4}, {1, 2}], [{8, 5}, {7}, {6}, {2, 4}, {1, 3}], [{8, 6}, {1, 7}, {2, 5}, {3, 4}], [{8, 6}, {1, 7}, {3, 5}, {2, 4}], [{8, 6}, {1, 7}, {4, 5}, {2, 3}], [{8, 6}, {2, 7}, {1, 5}, {3, 4}], [{8, 6}, {2, 7}, {3, 5}, {1, 4}], [{8, 6}, {2, 7}, {4, 5}, {1, 3}], [{8, 6}, {3, 7}, {1, 5}, {2, 4}], [{8, 6}, {3, 7}, {1, 5}, {4}, {2}], [{8, 6}, {3, 7}, {2, 5}, {1, 4}], [{8, 6}, {3, 7}, {2, 5}, {4}, {1}], [{8, 6}, {3, 7}, {4, 5}, {1, 2}], [{8, 6}, {3, 7}, {4, 5}, {2}, {1}], [{8, 6}, {3, 7}, {5}, {1, 4}, {2}], [{8, 6}, {3, 7}, {5}, {2, 4}, {1}], [{8, 6}, {3, 7}, {5}, {4}, {1, 2}], [{8, 6}, {3, 7}, {5}, {4}, {2}, {1}], [{8, 6}, {4, 7}, {1, 5}, {2, 3}], [{8, 6}, {4, 7}, {2, 5}, {1, 3}], [{8, 6}, {4, 7}, {3, 5}, {1, 2}], [{8, 6}, {5, 7}, {1, 4}, {2, 3}], [{8, 6}, {5, 7}, {2, 4}, {1, 3}], [{8, 6}, {5, 7}, {3, 4}, {1, 2}], [{8, 7}, {1, 6}, {2, 5}, {3, 4}], [{8, 7}, {1, 6}, {3, 5}, {2, 4}], [{8, 7}, {1, 6}, {4, 5}, {2, 3}], [{8, 7}, {2, 6}, {1, 5}, {3, 4}], [{8, 7}, {2, 6}, {1, 5}, {4}, {3}], [{8, 7}, {2, 6}, {3, 5}, {1, 4}], [{8, 7}, {2, 6}, {4, 5}, {1, 3}], [{8, 7}, {3, 6}, {1, 5}, {2, 4}], [{8, 7}, {3, 6}, {1, 5}, {4}, {2}], [{8, 7}, {3, 6}, {2, 5}, {1, 4}], [{8, 7}, {3, 6}, {4, 5}, {1, 2}], [{8, 7}, {4, 6}, {1, 5}, {2, 3}], [{8, 7}, {4, 6}, {1, 5}, {3}, {2}], [{8, 7}, {4, 6}, {2, 5}, {1, 3}], [{8, 7}, {4, 6}, {3, 5}, {1, 2}], [{8, 7}, {5, 6}, {1, 4}, {2, 3}], [{8, 7}, {5, 6}, {2, 4}, {1, 3}], [{8, 7}, {5, 6}, {3, 4}, {1, 2}], [{8, 7}, {6}, {1, 5}, {2, 4}, {3}], [{8, 7}, {6}, {1, 5}, {3, 4}, {2}], [{8, 7}, {6}, {1, 5}, {4}, {2, 3}], [{8, 7}, {6}, {1, 5}, {4}, {3}, {2}], [{8}, {1, 7}, {4, 6}, {3, 5}, {2}], [{8}, {2, 7}, {3, 6}, {1, 5}, {4}], [{8}, {3, 7}, {5, 6}, {2, 4}, {1}], [{8}, {3, 7}, {6}, {2, 5}, {1, 4}], [{8}, {4, 7}, {3, 6}, {1, 5}, {2}], [{8}, {5, 7}, {1, 6}, {2, 4}, {3}], [{8}, {5, 7}, {2, 6}, {1, 4}, {3}], [{8}, {6, 7}, {4, 5}, {3}, {1, 2}], [{8}, {7}, {1, 6}, {2, 5}, {3, 4}], [{8}, {7}, {3, 6}, {1, 5}, {2, 4}], [{8}, {7}, {3, 6}, {1, 5}, {4}, {2}]]",2,- 8 K_1^4 + 4 K_1^3 + 8 K_1^2 K_2 + 4 K_1^2 - 6 K_1 K_2 - 2 K_2^2 - 2 K_2 + 2 K_3 + 1,O1O2O3O4U5U1O5U6O7O8U4U3U7U8O6U2,O1O2O3O4U1U2O5U6O7O6U4U3U8U7O8U5,O1O2O3O4U5O6U7U6U2U1O8O7U8O5U3U4,c,{'O1O2O3O4U3O5U6U7U2U1O6O7U5O8U4U8'},1,"<a href=""/flatknot/8.733860"">8.733860</a>",t^9-40t^7-74t^6+154t^5+360t^4-142t^3-512t^2+19t+238,t^3-2t^2+t,,
8.733861,O1O2O3O4U3O5U6U7U2U8O6O7U4O8U1U5,4,2z^3+28z^2+91z+87,2w^4z^3+28w^3z^2+91w^2z+87w,False,False,"[[ 0 -1  0 -1  2  3 -3 -1  1],[ 1  0  1 -1  3  3 -2  0  2],[ 0 -1  0  0  0  0  0  1  1],[ 1  1  0  0  1  1  1  1  0],[-2 -3  0 -1  0  0 -3 -1  0],[-3 -3  0 -1  0  0 -5 -3 -1],[ 3  2  0 -1  3  5  0  1  2],[ 1  0 -1 -1  1  3 -1  0  1],[-1 -2 -1  0  0  1 -2 -1  0]]","[[ 0  3  2  1  0 -1 -1 -1 -3],[-3  0  0 -1  0 -1 -3 -3 -5],[-2  0  0  0  0 -1 -1 -3 -3],[-1  1  0  0 -1  0 -1 -2 -2],[ 0  0  0  1  0  0  1 -1  0],[ 1  1  1  0  0  0  1  1  1],[ 1  3  1  1 -1 -1  0  0 -1],[ 1  3  3  2  1 -1  0  0 -2],[ 3  5  3  2  0 -1  1  2  0]]",True,"[-3,-2,-1,0,1,1,1,3,0,1,0,1,3,3,5,0,0,1,1,3,3,1,0,1,2,2,0,-1,1,0,-1,-1,-1,0,1,2]","[-3,-2,-1,0,1,1,1,3,0,1,0,1,3,3,5,0,0,1,1,3,3,1,0,1,2,2,0,-1,1,0,-1,-1,-1,0,1,2]",t^8+85t^6+451t^4+254t^2+9,"[-3,-1,-1,-1,0,1,2,3,0,1,3,3,2,2,1,0,1,0,0,0,1,1,2,1,2,1,1,2,2,3,0,2,3,1,1,1]","[-3,-2,-1,0,1,1,1,3,1,1,3,1,1,3,1,1,2,0,2,2,2,0,0,1,2,2,0,2,1,3,0,-1,0,-1,1,3]","[-3,-1,-1,-1,0,1,2,3,-1,1,2,0,2,3,5,1,1,0,0,1,1,0,-1,1,1,3,1,2,3,3,1,0,0,0,1,0]",c,"[[{8, 2}, {1, 7}, {4, 6}, {3, 5}], [{8, 6}, {3, 7}, {1, 5}, {2, 4}]]",1,20 K_1^3 + 4 K_1^2 K_2 - 18 K_1^2 - 16 K_1 K_2 - 4 K_1 K_3 - 7 K_1 + 9 K_2 + 3 K_3 + K_4 + 9,O1O2O3O4U5U4O6U1O7O8U6U3U7U8O5U2,O1O2O3O4U1U2O5U4O6O7U6U3U8U5O8U7,O1O2O3O4U5O6U7U6U2U8O5O8U1O7U3U4,c,{'O1O2O3O4U3O5U6U7U2U8O6O7U4O8U1U5'},1,"<a href=""/flatknot/8.733861"">8.733861</a>",t^9-83t^7-260t^6+128t^5+786t^4+113t^3-492t^2-215t-50,-t^2+2t,,
8.733862,O1O2O3O4U3O5U6U7U2U8O6O7U5O8U1U4,4,5z^3+38z^2+92z+73,-4w^5z^3+9w^4z^3-16w^4z^2+54w^3z^2+92w^2z+73w,False,False,"[[ 0 -1  0 -1  3  2 -3 -1  1],[ 1  0  1  0  3  2 -2  0  2],[ 0 -1  0  0  1 -1  0  1  1],[ 1  0  0  0  1  0  1  1  1],[-3 -3 -1 -1  0  1 -5 -3 -2],[-2 -2  1  0 -1  0 -3 -1  0],[ 3  2  0 -1  5  3  0  1  2],[ 1  0 -1 -1  3  1 -1  0  1],[-1 -2 -1 -1  2  0 -2 -1  0]]","[[ 0  3  2  1  0 -1 -1 -1 -3],[-3  0  1 -2 -1 -1 -3 -3 -5],[-2 -1  0  0  1  0 -1 -2 -3],[-1  2  0  0 -1 -1 -1 -2 -2],[ 0  1 -1  1  0  0  1 -1  0],[ 1  1  0  1  0  0  1  0  1],[ 1  3  1  1 -1 -1  0  0 -1],[ 1  3  2  2  1  0  0  0 -2],[ 3  5  3  2  0 -1  1  2  0]]",True,"[-3,-2,-1,0,1,1,1,3,-1,2,1,1,3,3,5,0,-1,0,1,2,3,1,1,1,2,2,0,-1,1,0,-1,0,-1,0,1,2]","[-3,-2,-1,0,1,1,1,3,-1,2,1,1,3,3,5,0,-1,0,1,2,3,1,1,1,2,2,0,-1,1,0,-1,0,-1,0,1,2]",t^8+85t^6+674t^4+223t^2+16,"[-3,-1,-1,-1,0,1,2,3,0,1,3,3,2,2,1,0,0,0,0,1,1,1,2,1,2,1,1,1,3,3,0,3,2,1,0,2]","[-3,-2,-1,0,1,1,1,3,2,0,2,1,1,3,1,1,3,1,2,3,2,0,0,1,1,2,0,2,1,3,0,0,0,-1,1,3]","[-3,-1,-1,-1,0,1,2,3,-1,1,2,0,2,3,5,1,0,0,1,0,1,0,-1,1,1,3,1,2,2,3,1,-1,1,0,2,-1]",c,"[[{8, 1}, {2, 7}, {3, 6}, {4, 5}], [{8, 1}, {2, 7}, {4, 6}, {3, 5}], [{8, 1}, {2, 7}, {5, 6}, {3, 4}], [{8, 1}, {2, 7}, {6}, {4, 5}, {3}], [{8, 1}, {3, 7}, {2, 6}, {4, 5}], [{8, 1}, {3, 7}, {4, 6}, {2, 5}], [{8, 1}, {3, 7}, {4, 6}, {5}, {2}], [{8, 1}, {3, 7}, {5, 6}, {2, 4}], [{8, 1}, {4, 7}, {2, 6}, {3, 5}], [{8, 1}, {4, 7}, {3, 6}, {2, 5}], [{8, 1}, {4, 7}, {5, 6}, {2, 3}], [{8, 1}, {4, 7}, {5, 6}, {3}, {2}], [{8, 1}, {4, 7}, {6}, {5}, {2, 3}], [{8, 1}, {5, 7}, {2, 6}, {3, 4}], [{8, 1}, {5, 7}, {2, 6}, {4}, {3}], [{8, 1}, {5, 7}, {3, 6}, {2, 4}], [{8, 1}, {5, 7}, {4, 6}, {2, 3}], [{8, 1}, {5, 7}, {4, 6}, {3}, {2}], [{8, 1}, {5, 7}, {6}, {2, 4}, {3}], [{8, 1}, {6, 7}, {2, 5}, {3, 4}], [{8, 1}, {6, 7}, {3, 5}, {2, 4}], [{8, 1}, {6, 7}, {4, 5}, {2, 3}], [{8, 1}, {6, 7}, {5}, {3, 4}, {2}], [{8, 1}, {7}, {4, 6}, {3, 5}, {2}], [{8, 2}, {1, 7}, {3, 6}, {4, 5}], [{8, 2}, {1, 7}, {4, 6}, {3, 5}], [{8, 2}, {1, 7}, {4, 6}, {5}, {3}], [{8, 2}, {1, 7}, {5, 6}, {3, 4}], [{8, 2}, {1, 7}, {5, 6}, {4}, {3}], [{8, 2}, {1, 7}, {6}, {4, 5}, {3}], [{8, 2}, {3, 7}, {1, 6}, {4, 5}], [{8, 2}, {3, 7}, {4, 6}, {1, 5}], [{8, 2}, {3, 7}, {5, 6}, {1, 4}], [{8, 2}, {4, 7}, {1, 6}, {3, 5}], [{8, 2}, {4, 7}, {3, 6}, {1, 5}], [{8, 2}, {4, 7}, {3, 6}, {5}, {1}], [{8, 2}, {4, 7}, {5, 6}, {1, 3}], [{8, 2}, {5, 7}, {1, 6}, {3, 4}], [{8, 2}, {5, 7}, {3, 6}, {1, 4}], [{8, 2}, {5, 7}, {4, 6}, {1, 3}], [{8, 2}, {5, 7}, {6}, {1, 4}, {3}], [{8, 2}, {6, 7}, {1, 5}, {3, 4}], [{8, 2}, {6, 7}, {3, 5}, {1, 4}], [{8, 2}, {6, 7}, {4, 5}, {1, 3}], [{8, 2}, {6, 7}, {5}, {4}, {1, 3}], [{8, 2}, {7}, {5, 6}, {3, 4}, {1}], [{8, 3}, {1, 7}, {2, 6}, {4, 5}], [{8, 3}, {1, 7}, {4, 6}, {2, 5}], [{8, 3}, {1, 7}, {5, 6}, {2, 4}], [{8, 3}, {2, 7}, {1, 6}, {4, 5}], [{8, 3}, {2, 7}, {4, 6}, {1, 5}], [{8, 3}, {2, 7}, {5, 6}, {1, 4}], [{8, 3}, {4, 7}, {1, 6}, {2, 5}], [{8, 3}, {4, 7}, {1, 6}, {5}, {2}], [{8, 3}, {4, 7}, {2, 6}, {1, 5}], [{8, 3}, {4, 7}, {5, 6}, {1, 2}], [{8, 3}, {5, 7}, {1, 6}, {2, 4}], [{8, 3}, {5, 7}, {2, 6}, {1, 4}], [{8, 3}, {5, 7}, {4, 6}, {1, 2}], [{8, 3}, {6, 7}, {1, 5}, {2, 4}], [{8, 3}, {6, 7}, {2, 5}, {1, 4}], [{8, 3}, {6, 7}, {4, 5}, {1, 2}], [{8, 3}, {6, 7}, {5}, {1, 4}, {2}], [{8, 4}, {1, 7}, {2, 6}, {3, 5}], [{8, 4}, {1, 7}, {3, 6}, {2, 5}], [{8, 4}, {1, 7}, {5, 6}, {2, 3}], [{8, 4}, {2, 7}, {1, 6}, {3, 5}], [{8, 4}, {2, 7}, {3, 6}, {1, 5}], [{8, 4}, {2, 7}, {5, 6}, {1, 3}], [{8, 4}, {2, 7}, {6}, {1, 5}, {3}], [{8, 4}, {3, 7}, {1, 6}, {2, 5}], [{8, 4}, {3, 7}, {2, 6}, {1, 5}], [{8, 4}, {3, 7}, {5, 6}, {1, 2}], [{8, 4}, {5, 7}, {1, 6}, {2, 3}], [{8, 4}, {5, 7}, {2, 6}, {1, 3}], [{8, 4}, {5, 7}, {3, 6}, {1, 2}], [{8, 4}, {5, 7}, {6}, {1, 3}, {2}], [{8, 4}, {5, 7}, {6}, {2, 3}, {1}], [{8, 4}, {5, 7}, {6}, {3}, {1, 2}], [{8, 4}, {6, 7}, {1, 5}, {2, 3}], [{8, 4}, {6, 7}, {2, 5}, {1, 3}], [{8, 4}, {6, 7}, {3, 5}, {1, 2}], [{8, 4}, {6, 7}, {5}, {1, 3}, {2}], [{8, 4}, {7}, {5, 6}, {1, 3}, {2}], [{8, 5}, {1, 7}, {2, 6}, {3, 4}], [{8, 5}, {1, 7}, {3, 6}, {2, 4}], [{8, 5}, {1, 7}, {3, 6}, {4}, {2}], [{8, 5}, {1, 7}, {4, 6}, {2, 3}], [{8, 5}, {2, 7}, {1, 6}, {3, 4}], [{8, 5}, {2, 7}, {3, 6}, {1, 4}], [{8, 5}, {2, 7}, {3, 6}, {4}, {1}], [{8, 5}, {2, 7}, {4, 6}, {1, 3}], [{8, 5}, {3, 7}, {1, 6}, {2, 4}], [{8, 5}, {3, 7}, {1, 6}, {4}, {2}], [{8, 5}, {3, 7}, {2, 6}, {1, 4}], [{8, 5}, {3, 7}, {4, 6}, {1, 2}], [{8, 5}, {4, 7}, {1, 6}, {2, 3}], [{8, 5}, {4, 7}, {2, 6}, {1, 3}], [{8, 5}, {4, 7}, {3, 6}, {1, 2}], [{8, 5}, {4, 7}, {3, 6}, {2}, {1}], [{8, 5}, {6, 7}, {1, 4}, {2, 3}], [{8, 5}, {6, 7}, {2, 4}, {1, 3}], [{8, 5}, {6, 7}, {3, 4}, {1, 2}], [{8, 5}, {6, 7}, {4}, {1, 3}, {2}], [{8, 5}, {7}, {3, 6}, {1, 4}, {2}], [{8, 5}, {7}, {3, 6}, {2, 4}, {1}], [{8, 5}, {7}, {3, 6}, {4}, {1, 2}], [{8, 5}, {7}, {3, 6}, {4}, {2}, {1}], [{8, 5}, {7}, {4, 6}, {3}, {1, 2}], [{8, 5}, {7}, {6}, {3, 4}, {1, 2}], [{8, 6}, {1, 7}, {2, 5}, {3, 4}], [{8, 6}, {1, 7}, {3, 5}, {2, 4}], [{8, 6}, {1, 7}, {3, 5}, {4}, {2}], [{8, 6}, {1, 7}, {4, 5}, {2, 3}], [{8, 6}, {2, 7}, {1, 5}, {3, 4}], [{8, 6}, {2, 7}, {3, 5}, {1, 4}], [{8, 6}, {2, 7}, {4, 5}, {1, 3}], [{8, 6}, {2, 7}, {4, 5}, {3}, {1}], [{8, 6}, {3, 7}, {1, 5}, {2, 4}], [{8, 6}, {3, 7}, {2, 5}, {1, 4}], [{8, 6}, {3, 7}, {4, 5}, {1, 2}], [{8, 6}, {3, 7}, {5}, {1, 4}, {2}], [{8, 6}, {4, 7}, {1, 5}, {2, 3}], [{8, 6}, {4, 7}, {2, 5}, {1, 3}], [{8, 6}, {4, 7}, {3, 5}, {1, 2}], [{8, 6}, {5, 7}, {1, 4}, {2, 3}], [{8, 6}, {5, 7}, {2, 4}, {1, 3}], [{8, 6}, {5, 7}, {3, 4}, {1, 2}], [{8, 6}, {5, 7}, {3, 4}, {2}, {1}], [{8, 6}, {7}, {5}, {2, 4}, {1, 3}], [{8, 7}, {1, 6}, {2, 5}, {3, 4}], [{8, 7}, {1, 6}, {3, 5}, {2, 4}], [{8, 7}, {1, 6}, {4, 5}, {2, 3}], [{8, 7}, {1, 6}, {5}, {3, 4}, {2}], [{8, 7}, {2, 6}, {1, 5}, {3, 4}], [{8, 7}, {2, 6}, {3, 5}, {1, 4}], [{8, 7}, {2, 6}, {4, 5}, {1, 3}], [{8, 7}, {3, 6}, {1, 5}, {2, 4}], [{8, 7}, {3, 6}, {2, 5}, {1, 4}], [{8, 7}, {3, 6}, {4, 5}, {1, 2}], [{8, 7}, {4, 6}, {1, 5}, {2, 3}], [{8, 7}, {4, 6}, {2, 5}, {1, 3}], [{8, 7}, {4, 6}, {3, 5}, {1, 2}], [{8, 7}, {4, 6}, {5}, {2, 3}, {1}], [{8, 7}, {5, 6}, {1, 4}, {2, 3}], [{8, 7}, {5, 6}, {2, 4}, {1, 3}], [{8, 7}, {5, 6}, {3, 4}, {1, 2}], [{8, 7}, {5, 6}, {3, 4}, {2}, {1}], [{8, 7}, {6}, {1, 5}, {2, 4}, {3}], [{8, 7}, {6}, {1, 5}, {3, 4}, {2}], [{8, 7}, {6}, {1, 5}, {4}, {2, 3}], [{8, 7}, {6}, {3, 5}, {2, 4}, {1}], [{8, 7}, {6}, {4, 5}, {3}, {1, 2}], [{8, 7}, {6}, {5}, {2, 4}, {1, 3}], [{8}, {2, 7}, {1, 6}, {4, 5}, {3}], [{8}, {2, 7}, {5, 6}, {3, 4}, {1}], [{8}, {4, 7}, {3, 6}, {2, 5}, {1}], [{8}, {4, 7}, {6}, {3, 5}, {1, 2}], [{8}, {5, 7}, {1, 6}, {4}, {2, 3}], [{8}, {6, 7}, {2, 5}, {4}, {1, 3}], [{8}, {6, 7}, {4, 5}, {1, 3}, {2}], [{8}, {6, 7}, {5}, {2, 4}, {1, 3}], [{8}, {6, 7}, {5}, {4}, {1, 3}, {2}]]",2,- 8 K_1^4 + 4 K_1^3 + 12 K_1^2 K_2 - 8 K_1^2 - 8 K_1 K_2 - 6 K_1 K_3 + K_1 + 5 K_2 + 3 K_3 + K_4 + 5,O1O2O3O4U1U4O5U6O7O8U5U3U7U8O6U2,O1O2O3O4U1U2O5U4O6O7U6U3U8U7O8U5,O1O2O3O4U5O6U7U6U2U8O7O8U1O5U3U4,c,{'O1O2O3O4U3O5U6U7U2U8O6O7U5O8U1U4'},1,"<a href=""/flatknot/8.733862"">8.733862</a>",t^9-83t^7-324t^6-97t^5+906t^4+614t^3-678t^2-464t+22,-t^2+2t,,
8.733863,O1O2O3O4U3O5U6U7U4U1O6O7U2O8U5U8,3,18z^2+78z+85,-2w^4z^2+20w^3z^2+78w^2z+85w,False,False,"[[ 0  0  0 -1  2  2 -3 -1  1],[ 0  0 -1 -1  1  1 -1  0  1],[ 0  1  0 -1  3  2 -2  0  1],[ 1  1  1  0  1  1  0  0  0],[-2 -1 -3 -1  0 -1 -2 -1  1],[-2 -1 -2 -1  1  0 -3 -1  1],[ 3  1  2  0  2  3  0  1  1],[ 1  0  0  0  1  1 -1  0  1],[-1 -1 -1  0 -1 -1 -1 -1  0]]","[[ 0  2  2  1  0  0 -1 -1 -3],[-2  0  1  1 -1 -2 -1 -1 -3],[-2 -1  0  1 -1 -3 -1 -1 -2],[-1 -1 -1  0 -1 -1  0 -1 -1],[ 0  1  1  1  0 -1 -1  0 -1],[ 0  2  3  1  1  0 -1  0 -2],[ 1  1  1  0  1  1  0  0  0],[ 1  1  1  1  0  0  0  0 -1],[ 3  3  2  1  1  2  0  1  0]]",True,"[-2,-2,-1,0,0,1,1,3,-1,-1,1,2,1,1,3,-1,1,3,1,1,2,1,1,0,1,1,1,1,0,1,1,0,2,0,0,1]","[-3,-1,-1,0,0,1,2,2,0,1,1,2,1,2,3,0,1,1,0,1,1,0,0,1,1,1,-1,1,1,1,1,3,2,-1,-1,-1]",t^8+48t^6+84t^4+16t^2,"[-3,-1,-1,0,0,1,2,2,1,2,1,2,3,2,3,0,1,1,1,2,2,0,0,2,2,2,-1,0,0,-1,0,1,1,2,2,-1]","[-2,-2,-1,0,0,1,1,3,-1,2,-1,1,2,2,3,2,0,1,2,2,2,0,0,1,2,3,1,1,0,1,1,0,2,0,1,2]","[-3,-1,-1,0,0,1,2,2,0,1,1,2,1,2,3,0,1,1,0,1,1,0,0,1,1,1,-1,1,1,1,1,3,2,-1,-1,-1]",c,"[[{8, 2}, {1, 7}, {4, 6}, {3, 5}], [{8, 2}, {7}, {4, 6}, {3, 5}, {1}], [{8, 6}, {1, 7}, {3, 5}, {2, 4}], [{8, 6}, {7}, {3, 5}, {2, 4}, {1}]]",1,16 K_1^3 + 4 K_1^2 K_2 - 22 K_1^2 - 18 K_1 K_2 - 2 K_1 K_3 - 3 K_1 - 2 K_2^2 + 10 K_2 + 5 K_3 + K_4 + 12,O1O2O3O4U5U6O5U3O7O8U4U1U7U8O6U2,O1O2O3O4U1U2O5U6O7O6U4U5U8U3O8U7,O1O2O3O4U5O6U2U6U7U1O8O5U8O7U3U4,c,{'O1O2O3O4U3O5U6U7U4U1O6O7U2O8U5U8'},1,"<a href=""/flatknot/8.733863"">8.733863</a>",t^9-50t^7-158t^6+26t^5+490t^4+360t^3-124t^2-128t-16,t^3-2t^2+t,,
8.733864,O1O2O3O4U3O5U6U7U4U1O6O7U5O8U2U8,4,2z^3+24z^2+95z+111,2w^4z^3+24w^3z^2+95w^2z+111w,False,False,"[[ 0  0  0 -1  2  2 -3 -1  1],[ 0  0  0 -1  1  0 -1  0  1],[ 0  0  0 -1  2  1 -2  0  1],[ 1  1  1  0  1  1  0  0  0],[-2 -1 -2 -1  0 -1 -2 -1  0],[-2  0 -1 -1  1  0 -3 -1  0],[ 3  1  2  0  2  3  0  1  1],[ 1  0  0  0  1  1 -1  0  1],[-1 -1 -1  0  0  0 -1 -1  0]]","[[ 0  2  2  1  0  0 -1 -1 -3],[-2  0  1  0  0 -1 -1 -1 -3],[-2 -1  0  0 -1 -2 -1 -1 -2],[-1  0  0  0 -1 -1  0 -1 -1],[ 0  0  1  1  0  0 -1  0 -1],[ 0  1  2  1  0  0 -1  0 -2],[ 1  1  1  0  1  1  0  0  0],[ 1  1  1  1  0  0  0  0 -1],[ 3  3  2  1  1  2  0  1  0]]",True,"[-2,-2,-1,0,0,1,1,3,-1,0,0,1,1,1,3,0,1,2,1,1,2,1,1,0,1,1,0,1,0,1,1,0,2,0,0,1]","[-3,-1,-1,0,0,1,2,2,0,1,1,2,1,2,3,0,1,1,0,1,1,0,0,1,1,1,0,1,1,0,1,2,1,0,0,-1]",t^8+36t^6+73t^4+20t^2+1,"[-3,-1,-1,0,0,1,2,2,1,2,1,2,3,2,3,0,1,1,1,2,2,0,0,2,2,2,0,0,1,0,0,2,1,1,1,-1]","[-2,-2,-1,0,0,1,1,3,-1,1,0,1,2,2,3,1,1,2,2,2,2,0,0,1,2,3,0,1,0,1,1,0,2,0,1,2]","[-3,-1,-1,0,0,1,2,2,0,1,1,2,1,2,3,0,1,1,0,1,1,0,0,1,1,1,0,1,1,0,1,2,1,0,0,-1]",c,"[[{8, 1}, {2, 7}, {3, 6}, {4, 5}], [{8, 1}, {2, 7}, {4, 6}, {3, 5}], [{8, 1}, {2, 7}, {5, 6}, {3, 4}], [{8, 1}, {2, 7}, {5, 6}, {4}, {3}], [{8, 1}, {2, 7}, {6}, {5}, {3, 4}], [{8, 1}, {3, 7}, {2, 6}, {4, 5}], [{8, 1}, {3, 7}, {4, 6}, {2, 5}], [{8, 1}, {3, 7}, {5, 6}, {2, 4}], [{8, 1}, {3, 7}, {5, 6}, {4}, {2}], [{8, 1}, {4, 7}, {2, 6}, {3, 5}], [{8, 1}, {4, 7}, {3, 6}, {2, 5}], [{8, 1}, {4, 7}, {5, 6}, {2, 3}], [{8, 1}, {4, 7}, {5, 6}, {3}, {2}], [{8, 1}, {5, 7}, {2, 6}, {3, 4}], [{8, 1}, {5, 7}, {2, 6}, {4}, {3}], [{8, 1}, {5, 7}, {3, 6}, {2, 4}], [{8, 1}, {5, 7}, {4, 6}, {2, 3}], [{8, 1}, {5, 7}, {6}, {3, 4}, {2}], [{8, 1}, {6, 7}, {2, 5}, {3, 4}], [{8, 1}, {6, 7}, {2, 5}, {4}, {3}], [{8, 1}, {6, 7}, {3, 5}, {2, 4}], [{8, 1}, {6, 7}, {4, 5}, {2, 3}], [{8, 1}, {6, 7}, {5}, {3, 4}, {2}], [{8, 1}, {7}, {2, 6}, {5}, {3, 4}], [{8, 1}, {7}, {3, 6}, {4, 5}, {2}], [{8, 1}, {7}, {4, 6}, {3, 5}, {2}], [{8, 1}, {7}, {5, 6}, {2, 4}, {3}], [{8, 1}, {7}, {5, 6}, {3, 4}, {2}], [{8, 1}, {7}, {5, 6}, {4}, {2, 3}], [{8, 1}, {7}, {5, 6}, {4}, {3}, {2}], [{8, 1}, {7}, {6}, {2, 5}, {3, 4}], [{8, 1}, {7}, {6}, {5}, {3, 4}, {2}], [{8, 2}, {1, 7}, {3, 6}, {4, 5}], [{8, 2}, {1, 7}, {4, 6}, {3, 5}], [{8, 2}, {1, 7}, {5, 6}, {3, 4}], [{8, 2}, {3, 7}, {1, 6}, {4, 5}], [{8, 2}, {3, 7}, {4, 6}, {1, 5}], [{8, 2}, {3, 7}, {5, 6}, {1, 4}], [{8, 2}, {3, 7}, {6}, {1, 5}, {4}], [{8, 2}, {4, 7}, {1, 6}, {3, 5}], [{8, 2}, {4, 7}, {3, 6}, {1, 5}], [{8, 2}, {4, 7}, {5, 6}, {1, 3}], [{8, 2}, {4, 7}, {5, 6}, {3}, {1}], [{8, 2}, {5, 7}, {1, 6}, {3, 4}], [{8, 2}, {5, 7}, {1, 6}, {4}, {3}], [{8, 2}, {5, 7}, {3, 6}, {1, 4}], [{8, 2}, {5, 7}, {4, 6}, {1, 3}], [{8, 2}, {6, 7}, {1, 5}, {3, 4}], [{8, 2}, {6, 7}, {3, 5}, {1, 4}], [{8, 2}, {6, 7}, {4, 5}, {1, 3}], [{8, 2}, {6, 7}, {5}, {1, 4}, {3}], [{8, 2}, {7}, {1, 6}, {5}, {3, 4}], [{8, 2}, {7}, {4, 6}, {3, 5}, {1}], [{8, 3}, {1, 7}, {2, 6}, {4, 5}], [{8, 3}, {1, 7}, {4, 6}, {2, 5}], [{8, 3}, {1, 7}, {5, 6}, {2, 4}], [{8, 3}, {2, 7}, {1, 6}, {4, 5}], [{8, 3}, {2, 7}, {4, 6}, {1, 5}], [{8, 3}, {2, 7}, {4, 6}, {5}, {1}], [{8, 3}, {2, 7}, {5, 6}, {1, 4}], [{8, 3}, {2, 7}, {5, 6}, {4}, {1}], [{8, 3}, {2, 7}, {6}, {4, 5}, {1}], [{8, 3}, {4, 7}, {1, 6}, {2, 5}], [{8, 3}, {4, 7}, {2, 6}, {1, 5}], [{8, 3}, {4, 7}, {2, 6}, {5}, {1}], [{8, 3}, {4, 7}, {5, 6}, {1, 2}], [{8, 3}, {4, 7}, {5, 6}, {2}, {1}], [{8, 3}, {4, 7}, {6}, {2, 5}, {1}], [{8, 3}, {5, 7}, {1, 6}, {2, 4}], [{8, 3}, {5, 7}, {2, 6}, {1, 4}], [{8, 3}, {5, 7}, {2, 6}, {4}, {1}], [{8, 3}, {5, 7}, {4, 6}, {1, 2}], [{8, 3}, {5, 7}, {4, 6}, {2}, {1}], [{8, 3}, {5, 7}, {6}, {2, 4}, {1}], [{8, 3}, {6, 7}, {1, 5}, {2, 4}], [{8, 3}, {6, 7}, {1, 5}, {4}, {2}], [{8, 3}, {6, 7}, {2, 5}, {1, 4}], [{8, 3}, {6, 7}, {2, 5}, {4}, {1}], [{8, 3}, {6, 7}, {4, 5}, {1, 2}], [{8, 3}, {6, 7}, {4, 5}, {2}, {1}], [{8, 3}, {6, 7}, {5}, {1, 4}, {2}], [{8, 3}, {6, 7}, {5}, {2, 4}, {1}], [{8, 3}, {6, 7}, {5}, {4}, {1, 2}], [{8, 3}, {7}, {2, 6}, {4, 5}, {1}], [{8, 3}, {7}, {4, 6}, {2, 5}, {1}], [{8, 3}, {7}, {5, 6}, {2, 4}, {1}], [{8, 4}, {1, 7}, {2, 6}, {3, 5}], [{8, 4}, {1, 7}, {2, 6}, {5}, {3}], [{8, 4}, {1, 7}, {3, 6}, {2, 5}], [{8, 4}, {1, 7}, {5, 6}, {2, 3}], [{8, 4}, {1, 7}, {5, 6}, {3}, {2}], [{8, 4}, {1, 7}, {6}, {2, 5}, {3}], [{8, 4}, {2, 7}, {1, 6}, {3, 5}], [{8, 4}, {2, 7}, {3, 6}, {1, 5}], [{8, 4}, {2, 7}, {5, 6}, {1, 3}], [{8, 4}, {3, 7}, {1, 6}, {2, 5}], [{8, 4}, {3, 7}, {2, 6}, {1, 5}], [{8, 4}, {3, 7}, {5, 6}, {1, 2}], [{8, 4}, {3, 7}, {6}, {1, 5}, {2}], [{8, 4}, {5, 7}, {1, 6}, {2, 3}], [{8, 4}, {5, 7}, {2, 6}, {1, 3}], [{8, 4}, {5, 7}, {3, 6}, {1, 2}], [{8, 4}, {6, 7}, {1, 5}, {2, 3}], [{8, 4}, {6, 7}, {2, 5}, {1, 3}], [{8, 4}, {6, 7}, {3, 5}, {1, 2}], [{8, 4}, {7}, {3, 6}, {2, 5}, {1}], [{8, 4}, {7}, {5, 6}, {2, 3}, {1}], [{8, 5}, {1, 7}, {2, 6}, {3, 4}], [{8, 5}, {1, 7}, {3, 6}, {2, 4}], [{8, 5}, {1, 7}, {4, 6}, {2, 3}], [{8, 5}, {1, 7}, {4, 6}, {3}, {2}], [{8, 5}, {1, 7}, {6}, {4}, {2, 3}], [{8, 5}, {2, 7}, {1, 6}, {3, 4}], [{8, 5}, {2, 7}, {3, 6}, {1, 4}], [{8, 5}, {2, 7}, {4, 6}, {1, 3}], [{8, 5}, {2, 7}, {6}, {4}, {1, 3}], [{8, 5}, {3, 7}, {1, 6}, {2, 4}], [{8, 5}, {3, 7}, {1, 6}, {4}, {2}], [{8, 5}, {3, 7}, {2, 6}, {1, 4}], [{8, 5}, {3, 7}, {4, 6}, {1, 2}], [{8, 5}, {4, 7}, {1, 6}, {2, 3}], [{8, 5}, {4, 7}, {1, 6}, {3}, {2}], [{8, 5}, {4, 7}, {2, 6}, {1, 3}], [{8, 5}, {4, 7}, {3, 6}, {1, 2}], [{8, 5}, {6, 7}, {1, 4}, {2, 3}], [{8, 5}, {6, 7}, {2, 4}, {1, 3}], [{8, 5}, {6, 7}, {3, 4}, {1, 2}], [{8, 5}, {7}, {1, 6}, {3, 4}, {2}], [{8, 5}, {7}, {3, 6}, {2, 4}, {1}], [{8, 5}, {7}, {4, 6}, {2, 3}, {1}], [{8, 6}, {1, 7}, {2, 5}, {3, 4}], [{8, 6}, {1, 7}, {3, 5}, {2, 4}], [{8, 6}, {1, 7}, {4, 5}, {2, 3}], [{8, 6}, {1, 7}, {5}, {2, 4}, {3}], [{8, 6}, {1, 7}, {5}, {3, 4}, {2}], [{8, 6}, {1, 7}, {5}, {4}, {2, 3}], [{8, 6}, {2, 7}, {1, 5}, {3, 4}], [{8, 6}, {2, 7}, {1, 5}, {4}, {3}], [{8, 6}, {2, 7}, {3, 5}, {1, 4}], [{8, 6}, {2, 7}, {3, 5}, {4}, {1}], [{8, 6}, {2, 7}, {4, 5}, {1, 3}], [{8, 6}, {2, 7}, {4, 5}, {3}, {1}], [{8, 6}, {2, 7}, {5}, {1, 4}, {3}], [{8, 6}, {2, 7}, {5}, {3, 4}, {1}], [{8, 6}, {2, 7}, {5}, {4}, {1, 3}], [{8, 6}, {3, 7}, {1, 5}, {2, 4}], [{8, 6}, {3, 7}, {1, 5}, {4}, {2}], [{8, 6}, {3, 7}, {2, 5}, {1, 4}], [{8, 6}, {3, 7}, {4, 5}, {1, 2}], [{8, 6}, {4, 7}, {1, 5}, {2, 3}], [{8, 6}, {4, 7}, {1, 5}, {3}, {2}], [{8, 6}, {4, 7}, {2, 5}, {1, 3}], [{8, 6}, {4, 7}, {3, 5}, {1, 2}], [{8, 6}, {5, 7}, {1, 4}, {2, 3}], [{8, 6}, {5, 7}, {2, 4}, {1, 3}], [{8, 6}, {5, 7}, {2, 4}, {3}, {1}], [{8, 6}, {5, 7}, {3, 4}, {1, 2}], [{8, 6}, {5, 7}, {3, 4}, {2}, {1}], [{8, 6}, {5, 7}, {4}, {2, 3}, {1}], [{8, 6}, {7}, {1, 5}, {2, 4}, {3}], [{8, 6}, {7}, {1, 5}, {3, 4}, {2}], [{8, 6}, {7}, {1, 5}, {4}, {2, 3}], [{8, 6}, {7}, {1, 5}, {4}, {3}, {2}], [{8, 6}, {7}, {2, 5}, {3, 4}, {1}], [{8, 6}, {7}, {3, 5}, {1, 4}, {2}], [{8, 6}, {7}, {4, 5}, {1, 3}, {2}], [{8, 6}, {7}, {5}, {3, 4}, {1, 2}], [{8, 6}, {7}, {5}, {3, 4}, {2}, {1}], [{8, 7}, {1, 6}, {2, 5}, {3, 4}], [{8, 7}, {1, 6}, {3, 5}, {2, 4}], [{8, 7}, {1, 6}, {4, 5}, {2, 3}], [{8, 7}, {1, 6}, {5}, {3, 4}, {2}], [{8, 7}, {2, 6}, {1, 5}, {3, 4}], [{8, 7}, {2, 6}, {3, 5}, {1, 4}], [{8, 7}, {2, 6}, {3, 5}, {4}, {1}], [{8, 7}, {2, 6}, {4, 5}, {1, 3}], [{8, 7}, {3, 6}, {1, 5}, {2, 4}], [{8, 7}, {3, 6}, {1, 5}, {4}, {2}], [{8, 7}, {3, 6}, {2, 5}, {1, 4}], [{8, 7}, {3, 6}, {4, 5}, {1, 2}], [{8, 7}, {3, 6}, {5}, {2, 4}, {1}], [{8, 7}, {4, 6}, {1, 5}, {2, 3}], [{8, 7}, {4, 6}, {2, 5}, {1, 3}], [{8, 7}, {4, 6}, {2, 5}, {3}, {1}], [{8, 7}, {4, 6}, {3, 5}, {1, 2}], [{8, 7}, {4, 6}, {5}, {1, 3}, {2}], [{8, 7}, {5, 6}, {1, 4}, {2, 3}], [{8, 7}, {5, 6}, {1, 4}, {3}, {2}], [{8, 7}, {5, 6}, {2, 4}, {1, 3}], [{8, 7}, {5, 6}, {3, 4}, {1, 2}], [{8, 7}, {5, 6}, {4}, {2, 3}, {1}], [{8, 7}, {6}, {4, 5}, {3}, {1, 2}], [{8}, {1, 7}, {5, 6}, {4}, {2, 3}], [{8}, {2, 7}, {1, 6}, {5}, {3, 4}], [{8}, {2, 7}, {3, 6}, {4, 5}, {1}], [{8}, {2, 7}, {5, 6}, {4}, {1, 3}], [{8}, {3, 7}, {2, 6}, {1, 5}, {4}], [{8}, {3, 7}, {4, 6}, {1, 5}, {2}], [{8}, {3, 7}, {4, 6}, {2, 5}, {1}], [{8}, {3, 7}, {4, 6}, {5}, {1, 2}], [{8}, {3, 7}, {6}, {1, 5}, {2, 4}], [{8}, {3, 7}, {6}, {1, 5}, {4}, {2}], [{8}, {4, 7}, {5, 6}, {1, 3}, {2}], [{8}, {4, 7}, {5, 6}, {2, 3}, {1}], [{8}, {4, 7}, {5, 6}, {3}, {1, 2}], [{8}, {4, 7}, {5, 6}, {3}, {2}, {1}], [{8}, {5, 7}, {1, 6}, {3, 4}, {2}], [{8}, {5, 7}, {2, 6}, {4}, {1, 3}], [{8}, {5, 7}, {3, 6}, {2, 4}, {1}], [{8}, {5, 7}, {4, 6}, {3}, {1, 2}], [{8}, {5, 7}, {6}, {1, 4}, {2, 3}], [{8}, {6, 7}, {2, 5}, {4}, {1, 3}], [{8}, {6, 7}, {5}, {1, 4}, {2, 3}], [{8}, {7}, {1, 6}, {2, 5}, {3, 4}], [{8}, {7}, {1, 6}, {3, 5}, {2, 4}], [{8}, {7}, {1, 6}, {4, 5}, {2, 3}], [{8}, {7}, {1, 6}, {5}, {3, 4}, {2}], [{8}, {7}, {4, 6}, {3, 5}, {1, 2}], [{8}, {7}, {5, 6}, {1, 4}, {2, 3}], [{8}, {7}, {5, 6}, {2, 4}, {1, 3}]]",2,16 K_1^3 + 4 K_1^2 K_2 - 28 K_1^2 - 22 K_1 K_2 - 4 K_1 K_3 - K_1 + 14 K_2 + 7 K_3 + K_4 + 14,O1O2O3O4U5U3O5U6O7O8U4U1U7U8O6U2,O1O2O3O4U1U2O5U6O7O6U4U7U8U3O8U5,O1O2O3O4U5O6U2U6U7U1O8O7U8O5U3U4,c,{'O1O2O3O4U3O5U6U7U4U1O6O7U5O8U2U8'},1,"<a href=""/flatknot/8.733864"">8.733864</a>",t^9-38t^7-76t^6+69t^5+162t^4-19t^3-88t^2-6t+10,t^3-2t^2+t,,
8.733865,O1O2O3O4U3O5U6U7U4U8O6O7U1O8U2U5,3,17z^2+74z+81,-4w^4z^2+21w^3z^2-8w^3z+82w^2z+81w,False,False,"[[ 0 -1  0 -1  2  3 -3 -1  1],[ 1  0  0 -1  3  2 -1  1  3],[ 0  0  0 -1  3  2 -3 -1  2],[ 1  1  1  0  1  1  0  0  1],[-2 -3 -3 -1  0 -1 -2 -1  0],[-3 -2 -2 -1  1  0 -5 -3 -1],[ 3  1  3  0  2  5  0  1  2],[ 1 -1  1  0  1  3 -1  0  1],[-1 -3 -2 -1  0  1 -2 -1  0]]","[[ 0  3  2  1  0 -1 -1 -1 -3],[-3  0  1 -1 -2 -1 -2 -3 -5],[-2 -1  0  0 -3 -1 -3 -1 -2],[-1  1  0  0 -2 -1 -3 -1 -2],[ 0  2  3  2  0 -1  0 -1 -3],[ 1  1  1  1  1  0  1  0  0],[ 1  2  3  3  0 -1  0  1 -1],[ 1  3  1  1  1  0 -1  0 -1],[ 3  5  2  2  3  0  1  1  0]]",True,"[-3,-2,-1,0,1,1,1,3,-1,1,2,1,2,3,5,0,3,1,3,1,2,2,1,3,1,2,1,0,1,3,-1,0,0,-1,1,1]","[-3,-2,-1,0,1,1,1,3,-1,1,2,1,2,3,5,0,3,1,3,1,2,2,1,3,1,2,1,0,1,3,-1,0,0,-1,1,1]",t^8+103t^6+994t^4+189t^2,"[-3,-1,-1,-1,0,1,2,3,1,1,2,0,2,3,1,-1,1,1,-1,0,2,0,0,1,2,1,0,1,2,3,-1,-1,1,1,1,2]","[-3,-2,-1,0,1,1,1,3,2,1,1,1,2,3,1,1,-1,2,0,2,3,-1,1,-1,1,2,0,1,0,0,-1,0,1,-1,1,2]","[-3,-1,-1,-1,0,1,2,3,0,1,1,3,2,2,5,0,1,1,1,1,1,-1,1,1,1,3,0,3,3,2,2,3,2,0,1,-1]",c,"[[{8, 1}, {2, 7}, {3, 6}, {4, 5}], [{8, 1}, {2, 7}, {4, 6}, {3, 5}], [{8, 1}, {2, 7}, {5, 6}, {3, 4}], [{8, 1}, {2, 7}, {5, 6}, {4}, {3}], [{8, 1}, {3, 7}, {2, 6}, {4, 5}], [{8, 1}, {3, 7}, {4, 6}, {2, 5}], [{8, 1}, {3, 7}, {4, 6}, {5}, {2}], [{8, 1}, {3, 7}, {5, 6}, {2, 4}], [{8, 1}, {4, 7}, {2, 6}, {3, 5}], [{8, 1}, {4, 7}, {3, 6}, {2, 5}], [{8, 1}, {4, 7}, {3, 6}, {5}, {2}], [{8, 1}, {4, 7}, {5, 6}, {2, 3}], [{8, 1}, {5, 7}, {2, 6}, {3, 4}], [{8, 1}, {5, 7}, {2, 6}, {4}, {3}], [{8, 1}, {5, 7}, {3, 6}, {2, 4}], [{8, 1}, {5, 7}, {4, 6}, {2, 3}], [{8, 1}, {6, 7}, {2, 5}, {3, 4}], [{8, 1}, {6, 7}, {3, 5}, {2, 4}], [{8, 1}, {6, 7}, {3, 5}, {4}, {2}], [{8, 1}, {6, 7}, {4, 5}, {2, 3}], [{8, 1}, {6, 7}, {5}, {2, 4}, {3}], [{8, 1}, {7}, {6}, {3, 5}, {2, 4}], [{8, 1}, {7}, {6}, {4, 5}, {2, 3}], [{8, 2}, {1, 7}, {3, 6}, {4, 5}], [{8, 2}, {1, 7}, {4, 6}, {3, 5}], [{8, 2}, {1, 7}, {5, 6}, {3, 4}], [{8, 2}, {1, 7}, {5, 6}, {4}, {3}], [{8, 2}, {1, 7}, {6}, {5}, {3, 4}], [{8, 2}, {3, 7}, {1, 6}, {4, 5}], [{8, 2}, {3, 7}, {4, 6}, {1, 5}], [{8, 2}, {3, 7}, {5, 6}, {1, 4}], [{8, 2}, {3, 7}, {6}, {5}, {1, 4}], [{8, 2}, {4, 7}, {1, 6}, {3, 5}], [{8, 2}, {4, 7}, {3, 6}, {1, 5}], [{8, 2}, {4, 7}, {5, 6}, {1, 3}], [{8, 2}, {5, 7}, {1, 6}, {3, 4}], [{8, 2}, {5, 7}, {1, 6}, {4}, {3}], [{8, 2}, {5, 7}, {3, 6}, {1, 4}], [{8, 2}, {5, 7}, {4, 6}, {1, 3}], [{8, 2}, {5, 7}, {6}, {3, 4}, {1}], [{8, 2}, {6, 7}, {1, 5}, {3, 4}], [{8, 2}, {6, 7}, {1, 5}, {4}, {3}], [{8, 2}, {6, 7}, {3, 5}, {1, 4}], [{8, 2}, {6, 7}, {4, 5}, {1, 3}], [{8, 2}, {6, 7}, {5}, {3, 4}, {1}], [{8, 2}, {7}, {1, 6}, {5}, {3, 4}], [{8, 2}, {7}, {4, 6}, {3, 5}, {1}], [{8, 2}, {7}, {5, 6}, {3, 4}, {1}], [{8, 2}, {7}, {6}, {1, 5}, {3, 4}], [{8, 2}, {7}, {6}, {4, 5}, {1, 3}], [{8, 3}, {1, 7}, {2, 6}, {4, 5}], [{8, 3}, {1, 7}, {4, 6}, {2, 5}], [{8, 3}, {1, 7}, {4, 6}, {5}, {2}], [{8, 3}, {1, 7}, {5, 6}, {2, 4}], [{8, 3}, {2, 7}, {1, 6}, {4, 5}], [{8, 3}, {2, 7}, {4, 6}, {1, 5}], [{8, 3}, {2, 7}, {5, 6}, {1, 4}], [{8, 3}, {2, 7}, {5, 6}, {4}, {1}], [{8, 3}, {4, 7}, {1, 6}, {2, 5}], [{8, 3}, {4, 7}, {1, 6}, {5}, {2}], [{8, 3}, {4, 7}, {2, 6}, {1, 5}], [{8, 3}, {4, 7}, {5, 6}, {1, 2}], [{8, 3}, {5, 7}, {1, 6}, {2, 4}], [{8, 3}, {5, 7}, {2, 6}, {1, 4}], [{8, 3}, {5, 7}, {2, 6}, {4}, {1}], [{8, 3}, {5, 7}, {4, 6}, {1, 2}], [{8, 3}, {6, 7}, {1, 5}, {2, 4}], [{8, 3}, {6, 7}, {1, 5}, {4}, {2}], [{8, 3}, {6, 7}, {2, 5}, {1, 4}], [{8, 3}, {6, 7}, {4, 5}, {1, 2}], [{8, 3}, {6, 7}, {5}, {2, 4}, {1}], [{8, 3}, {7}, {6}, {1, 5}, {2, 4}], [{8, 3}, {7}, {6}, {4, 5}, {1, 2}], [{8, 4}, {1, 7}, {2, 6}, {3, 5}], [{8, 4}, {1, 7}, {3, 6}, {2, 5}], [{8, 4}, {1, 7}, {5, 6}, {2, 3}], [{8, 4}, {2, 7}, {1, 6}, {3, 5}], [{8, 4}, {2, 7}, {3, 6}, {1, 5}], [{8, 4}, {2, 7}, {5, 6}, {1, 3}], [{8, 4}, {3, 7}, {1, 6}, {2, 5}], [{8, 4}, {3, 7}, {2, 6}, {1, 5}], [{8, 4}, {3, 7}, {5, 6}, {1, 2}], [{8, 4}, {5, 7}, {1, 6}, {2, 3}], [{8, 4}, {5, 7}, {2, 6}, {1, 3}], [{8, 4}, {5, 7}, {3, 6}, {1, 2}], [{8, 4}, {6, 7}, {1, 5}, {2, 3}], [{8, 4}, {6, 7}, {1, 5}, {3}, {2}], [{8, 4}, {6, 7}, {2, 5}, {1, 3}], [{8, 4}, {6, 7}, {3, 5}, {1, 2}], [{8, 5}, {1, 7}, {2, 6}, {3, 4}], [{8, 5}, {1, 7}, {2, 6}, {4}, {3}], [{8, 5}, {1, 7}, {3, 6}, {2, 4}], [{8, 5}, {1, 7}, {4, 6}, {2, 3}], [{8, 5}, {2, 7}, {1, 6}, {3, 4}], [{8, 5}, {2, 7}, {1, 6}, {4}, {3}], [{8, 5}, {2, 7}, {3, 6}, {1, 4}], [{8, 5}, {2, 7}, {4, 6}, {1, 3}], [{8, 5}, {3, 7}, {1, 6}, {2, 4}], [{8, 5}, {3, 7}, {2, 6}, {1, 4}], [{8, 5}, {3, 7}, {4, 6}, {1, 2}], [{8, 5}, {3, 7}, {6}, {1, 4}, {2}], [{8, 5}, {4, 7}, {1, 6}, {2, 3}], [{8, 5}, {4, 7}, {2, 6}, {1, 3}], [{8, 5}, {4, 7}, {3, 6}, {1, 2}], [{8, 5}, {4, 7}, {6}, {2, 3}, {1}], [{8, 5}, {6, 7}, {1, 4}, {2, 3}], [{8, 5}, {6, 7}, {2, 4}, {1, 3}], [{8, 5}, {6, 7}, {2, 4}, {3}, {1}], [{8, 5}, {6, 7}, {3, 4}, {1, 2}], [{8, 5}, {6, 7}, {4}, {1, 3}, {2}], [{8, 5}, {7}, {6}, {2, 4}, {1, 3}], [{8, 5}, {7}, {6}, {3, 4}, {1, 2}], [{8, 6}, {1, 7}, {2, 5}, {3, 4}], [{8, 6}, {1, 7}, {3, 5}, {2, 4}], [{8, 6}, {1, 7}, {4, 5}, {2, 3}], [{8, 6}, {2, 7}, {1, 5}, {3, 4}], [{8, 6}, {2, 7}, {3, 5}, {1, 4}], [{8, 6}, {2, 7}, {4, 5}, {1, 3}], [{8, 6}, {3, 7}, {1, 5}, {2, 4}], [{8, 6}, {3, 7}, {2, 5}, {1, 4}], [{8, 6}, {3, 7}, {4, 5}, {1, 2}], [{8, 6}, {4, 7}, {1, 5}, {2, 3}], [{8, 6}, {4, 7}, {1, 5}, {3}, {2}], [{8, 6}, {4, 7}, {2, 5}, {1, 3}], [{8, 6}, {4, 7}, {2, 5}, {3}, {1}], [{8, 6}, {4, 7}, {3, 5}, {1, 2}], [{8, 6}, {4, 7}, {3, 5}, {2}, {1}], [{8, 6}, {4, 7}, {5}, {1, 3}, {2}], [{8, 6}, {4, 7}, {5}, {2, 3}, {1}], [{8, 6}, {4, 7}, {5}, {3}, {1, 2}], [{8, 6}, {4, 7}, {5}, {3}, {2}, {1}], [{8, 6}, {5, 7}, {1, 4}, {2, 3}], [{8, 6}, {5, 7}, {2, 4}, {1, 3}], [{8, 6}, {5, 7}, {3, 4}, {1, 2}], [{8, 7}, {1, 6}, {2, 5}, {3, 4}], [{8, 7}, {1, 6}, {3, 5}, {2, 4}], [{8, 7}, {1, 6}, {4, 5}, {2, 3}], [{8, 7}, {2, 6}, {1, 5}, {3, 4}], [{8, 7}, {2, 6}, {3, 5}, {1, 4}], [{8, 7}, {2, 6}, {4, 5}, {1, 3}], [{8, 7}, {3, 6}, {1, 5}, {2, 4}], [{8, 7}, {3, 6}, {2, 5}, {1, 4}], [{8, 7}, {3, 6}, {4, 5}, {1, 2}], [{8, 7}, {4, 6}, {1, 5}, {2, 3}], [{8, 7}, {4, 6}, {1, 5}, {3}, {2}], [{8, 7}, {4, 6}, {2, 5}, {1, 3}], [{8, 7}, {4, 6}, {2, 5}, {3}, {1}], [{8, 7}, {4, 6}, {3, 5}, {1, 2}], [{8, 7}, {4, 6}, {3, 5}, {2}, {1}], [{8, 7}, {4, 6}, {5}, {1, 3}, {2}], [{8, 7}, {4, 6}, {5}, {2, 3}, {1}], [{8, 7}, {4, 6}, {5}, {3}, {1, 2}], [{8, 7}, {4, 6}, {5}, {3}, {2}, {1}], [{8, 7}, {5, 6}, {1, 4}, {2, 3}], [{8, 7}, {5, 6}, {2, 4}, {1, 3}], [{8, 7}, {5, 6}, {3, 4}, {1, 2}], [{8}, {1, 7}, {5, 6}, {3, 4}, {2}], [{8}, {2, 7}, {3, 6}, {1, 5}, {4}], [{8}, {2, 7}, {4, 6}, {3, 5}, {1}], [{8}, {2, 7}, {5, 6}, {4}, {1, 3}], [{8}, {3, 7}, {2, 6}, {1, 5}, {4}], [{8}, {3, 7}, {5, 6}, {4}, {1, 2}], [{8}, {3, 7}, {6}, {2, 5}, {1, 4}], [{8}, {4, 7}, {5, 6}, {2, 3}, {1}], [{8}, {5, 7}, {1, 6}, {3, 4}, {2}], [{8}, {5, 7}, {2, 6}, {4}, {1, 3}], [{8}, {5, 7}, {3, 6}, {4}, {1, 2}], [{8}, {6, 7}, {1, 5}, {2, 4}, {3}], [{8}, {6, 7}, {1, 5}, {3, 4}, {2}], [{8}, {6, 7}, {1, 5}, {4}, {2, 3}], [{8}, {6, 7}, {1, 5}, {4}, {3}, {2}], [{8}, {6, 7}, {3, 5}, {2, 4}, {1}], [{8}, {6, 7}, {5}, {2, 4}, {1, 3}]]",2,16 K_1^3 + 8 K_1^2 K_2 - 26 K_1^2 - 16 K_1 K_2 - 4 K_1 K_3 - 4 K_1 + 11 K_2 + 4 K_3 + 12,O1O2O3O4U5U3O6U4O7O8U6U1U7U8O5U2,O1O2O3O4U1U2O5U4O6O7U5U6U8U3O8U7,O1O2O3O4U5O6U2U6U7U8O5O7U1O8U3U4,c,{'O1O2O3O4U3O5U6U7U4U8O6O7U1O8U2U5'},1,"<a href=""/flatknot/8.733865"">8.733865</a>",t^9-101t^7-384t^6+255t^5+1236t^4+131t^3-360t^2-124t-96,-t^2+2t,,
8.733866,O1O2O3O4U3O5U6U7U4U8O6O7U1O8U5U2,4,7z^3+48z^2+112z+89,7w^4z^3+48w^3z^2+112w^2z+89w,False,False,"[[ 0 -1  1 -1  2  2 -3 -1  1],[ 1  0  1 -1  3  1 -1  1  3],[-1 -1  0 -1  2  1 -4 -2  1],[ 1  1  1  0  1  1  0  0  1],[-2 -3 -2 -1  0 -1 -2 -1  0],[-2 -1 -1 -1  1  0 -4 -2  0],[ 3  1  4  0  2  4  0  1  2],[ 1 -1  2  0  1  2 -1  0  1],[-1 -3 -1 -1  0  0 -2 -1  0]]","[[ 0  2  2  1  1 -1 -1 -1 -3],[-2  0  1  0 -1 -1 -1 -2 -4],[-2 -1  0  0 -2 -1 -3 -1 -2],[-1  0  0  0 -1 -1 -3 -1 -2],[-1  1  2  1  0 -1 -1 -2 -4],[ 1  1  1  1  1  0  1  0  0],[ 1  1  3  3  1 -1  0  1 -1],[ 1  2  1  1  2  0 -1  0 -1],[ 3  4  2  2  4  0  1  1  0]]",True,"[-2,-2,-1,-1,1,1,1,3,-1,0,1,1,1,2,4,0,2,1,3,1,2,1,1,3,1,2,1,1,2,4,-1,0,0,-1,1,1]","[-3,-1,-1,-1,1,1,2,2,0,1,1,2,4,2,4,0,1,1,1,1,1,-1,1,2,1,2,3,1,3,1,-1,0,0,2,1,-1]",t^8+85t^6+658t^4+143t^2+1,"[-3,-1,-1,-1,1,1,2,2,1,1,2,0,2,1,3,-1,1,1,-1,2,0,0,0,1,1,2,1,1,2,2,-1,0,-1,1,1,-1]","[-2,-2,-1,-1,1,1,1,3,-1,-1,1,0,2,2,3,0,1,2,1,2,1,1,1,0,1,0,-1,1,1,2,1,-1,1,0,1,2]","[-3,-1,-1,-1,1,1,2,2,0,1,1,2,4,2,4,0,1,1,1,1,1,-1,1,2,1,2,3,1,3,1,-1,0,0,2,1,-1]",c,"[[{8, 1}, {2, 7}, {3, 6}, {4, 5}], [{8, 1}, {2, 7}, {3, 6}, {5}, {4}], [{8, 1}, {2, 7}, {4, 6}, {3, 5}], [{8, 1}, {2, 7}, {5, 6}, {3, 4}], [{8, 1}, {3, 7}, {2, 6}, {4, 5}], [{8, 1}, {3, 7}, {2, 6}, {5}, {4}], [{8, 1}, {3, 7}, {4, 6}, {2, 5}], [{8, 1}, {3, 7}, {4, 6}, {5}, {2}], [{8, 1}, {3, 7}, {5, 6}, {2, 4}], [{8, 1}, {3, 7}, {6}, {5}, {2, 4}], [{8, 1}, {4, 7}, {2, 6}, {3, 5}], [{8, 1}, {4, 7}, {3, 6}, {2, 5}], [{8, 1}, {4, 7}, {5, 6}, {2, 3}], [{8, 1}, {5, 7}, {2, 6}, {3, 4}], [{8, 1}, {5, 7}, {2, 6}, {4}, {3}], [{8, 1}, {5, 7}, {3, 6}, {2, 4}], [{8, 1}, {5, 7}, {3, 6}, {4}, {2}], [{8, 1}, {5, 7}, {4, 6}, {2, 3}], [{8, 1}, {5, 7}, {4, 6}, {3}, {2}], [{8, 1}, {5, 7}, {6}, {2, 4}, {3}], [{8, 1}, {5, 7}, {6}, {3, 4}, {2}], [{8, 1}, {5, 7}, {6}, {4}, {2, 3}], [{8, 1}, {5, 7}, {6}, {4}, {3}, {2}], [{8, 1}, {6, 7}, {2, 5}, {3, 4}], [{8, 1}, {6, 7}, {3, 5}, {2, 4}], [{8, 1}, {6, 7}, {4, 5}, {2, 3}], [{8, 1}, {6, 7}, {5}, {3, 4}, {2}], [{8, 1}, {7}, {2, 6}, {3, 5}, {4}], [{8, 1}, {7}, {3, 6}, {2, 5}, {4}], [{8, 1}, {7}, {4, 6}, {3, 5}, {2}], [{8, 1}, {7}, {5, 6}, {3, 4}, {2}], [{8, 1}, {7}, {6}, {3, 5}, {2, 4}], [{8, 2}, {1, 7}, {3, 6}, {4, 5}], [{8, 2}, {1, 7}, {4, 6}, {3, 5}], [{8, 2}, {1, 7}, {5, 6}, {3, 4}], [{8, 2}, {1, 7}, {5, 6}, {4}, {3}], [{8, 2}, {3, 7}, {1, 6}, {4, 5}], [{8, 2}, {3, 7}, {4, 6}, {1, 5}], [{8, 2}, {3, 7}, {5, 6}, {1, 4}], [{8, 2}, {3, 7}, {6}, {1, 5}, {4}], [{8, 2}, {4, 7}, {1, 6}, {3, 5}], [{8, 2}, {4, 7}, {3, 6}, {1, 5}], [{8, 2}, {4, 7}, {5, 6}, {1, 3}], [{8, 2}, {5, 7}, {1, 6}, {3, 4}], [{8, 2}, {5, 7}, {3, 6}, {1, 4}], [{8, 2}, {5, 7}, {4, 6}, {1, 3}], [{8, 2}, {6, 7}, {1, 5}, {3, 4}], [{8, 2}, {6, 7}, {3, 5}, {1, 4}], [{8, 2}, {6, 7}, {4, 5}, {1, 3}], [{8, 2}, {7}, {6}, {4, 5}, {1, 3}], [{8, 3}, {1, 7}, {2, 6}, {4, 5}], [{8, 3}, {1, 7}, {4, 6}, {2, 5}], [{8, 3}, {1, 7}, {4, 6}, {5}, {2}], [{8, 3}, {1, 7}, {5, 6}, {2, 4}], [{8, 3}, {2, 7}, {1, 6}, {4, 5}], [{8, 3}, {2, 7}, {4, 6}, {1, 5}], [{8, 3}, {2, 7}, {5, 6}, {1, 4}], [{8, 3}, {4, 7}, {1, 6}, {2, 5}], [{8, 3}, {4, 7}, {2, 6}, {1, 5}], [{8, 3}, {4, 7}, {5, 6}, {1, 2}], [{8, 3}, {5, 7}, {1, 6}, {2, 4}], [{8, 3}, {5, 7}, {2, 6}, {1, 4}], [{8, 3}, {5, 7}, {4, 6}, {1, 2}], [{8, 3}, {5, 7}, {4, 6}, {2}, {1}], [{8, 3}, {6, 7}, {1, 5}, {2, 4}], [{8, 3}, {6, 7}, {2, 5}, {1, 4}], [{8, 3}, {6, 7}, {4, 5}, {1, 2}], [{8, 3}, {7}, {4, 6}, {1, 5}, {2}], [{8, 4}, {1, 7}, {2, 6}, {3, 5}], [{8, 4}, {1, 7}, {3, 6}, {2, 5}], [{8, 4}, {1, 7}, {3, 6}, {5}, {2}], [{8, 4}, {1, 7}, {5, 6}, {2, 3}], [{8, 4}, {2, 7}, {1, 6}, {3, 5}], [{8, 4}, {2, 7}, {3, 6}, {1, 5}], [{8, 4}, {2, 7}, {5, 6}, {1, 3}], [{8, 4}, {3, 7}, {1, 6}, {2, 5}], [{8, 4}, {3, 7}, {2, 6}, {1, 5}], [{8, 4}, {3, 7}, {5, 6}, {1, 2}], [{8, 4}, {5, 7}, {1, 6}, {2, 3}], [{8, 4}, {5, 7}, {2, 6}, {1, 3}], [{8, 4}, {5, 7}, {3, 6}, {1, 2}], [{8, 4}, {6, 7}, {1, 5}, {2, 3}], [{8, 4}, {6, 7}, {2, 5}, {1, 3}], [{8, 4}, {6, 7}, {3, 5}, {1, 2}], [{8, 4}, {6, 7}, {3, 5}, {2}, {1}], [{8, 4}, {7}, {2, 6}, {1, 5}, {3}], [{8, 4}, {7}, {5, 6}, {3}, {1, 2}], [{8, 5}, {1, 7}, {2, 6}, {3, 4}], [{8, 5}, {1, 7}, {2, 6}, {4}, {3}], [{8, 5}, {1, 7}, {3, 6}, {2, 4}], [{8, 5}, {1, 7}, {4, 6}, {2, 3}], [{8, 5}, {1, 7}, {6}, {3, 4}, {2}], [{8, 5}, {2, 7}, {1, 6}, {3, 4}], [{8, 5}, {2, 7}, {3, 6}, {1, 4}], [{8, 5}, {2, 7}, {4, 6}, {1, 3}], [{8, 5}, {3, 7}, {1, 6}, {2, 4}], [{8, 5}, {3, 7}, {2, 6}, {1, 4}], [{8, 5}, {3, 7}, {4, 6}, {1, 2}], [{8, 5}, {3, 7}, {6}, {1, 4}, {2}], [{8, 5}, {4, 7}, {1, 6}, {2, 3}], [{8, 5}, {4, 7}, {2, 6}, {1, 3}], [{8, 5}, {4, 7}, {3, 6}, {1, 2}], [{8, 5}, {6, 7}, {1, 4}, {2, 3}], [{8, 5}, {6, 7}, {2, 4}, {1, 3}], [{8, 5}, {6, 7}, {3, 4}, {1, 2}], [{8, 5}, {7}, {3, 6}, {4}, {1, 2}], [{8, 5}, {7}, {4, 6}, {1, 3}, {2}], [{8, 6}, {1, 7}, {2, 5}, {3, 4}], [{8, 6}, {1, 7}, {3, 5}, {2, 4}], [{8, 6}, {1, 7}, {3, 5}, {4}, {2}], [{8, 6}, {1, 7}, {4, 5}, {2, 3}], [{8, 6}, {1, 7}, {5}, {2, 4}, {3}], [{8, 6}, {2, 7}, {1, 5}, {3, 4}], [{8, 6}, {2, 7}, {3, 5}, {1, 4}], [{8, 6}, {2, 7}, {4, 5}, {1, 3}], [{8, 6}, {2, 7}, {5}, {4}, {1, 3}], [{8, 6}, {3, 7}, {1, 5}, {2, 4}], [{8, 6}, {3, 7}, {2, 5}, {1, 4}], [{8, 6}, {3, 7}, {4, 5}, {1, 2}], [{8, 6}, {3, 7}, {5}, {2, 4}, {1}], [{8, 6}, {4, 7}, {1, 5}, {2, 3}], [{8, 6}, {4, 7}, {2, 5}, {1, 3}], [{8, 6}, {4, 7}, {3, 5}, {1, 2}], [{8, 6}, {4, 7}, {5}, {1, 3}, {2}], [{8, 6}, {5, 7}, {1, 4}, {2, 3}], [{8, 6}, {5, 7}, {2, 4}, {1, 3}], [{8, 6}, {5, 7}, {3, 4}, {1, 2}], [{8, 6}, {7}, {5}, {2, 4}, {1, 3}], [{8, 6}, {7}, {5}, {3, 4}, {1, 2}], [{8, 7}, {1, 6}, {2, 5}, {3, 4}], [{8, 7}, {1, 6}, {3, 5}, {2, 4}], [{8, 7}, {1, 6}, {4, 5}, {2, 3}], [{8, 7}, {2, 6}, {1, 5}, {3, 4}], [{8, 7}, {2, 6}, {1, 5}, {4}, {3}], [{8, 7}, {2, 6}, {3, 5}, {1, 4}], [{8, 7}, {2, 6}, {4, 5}, {1, 3}], [{8, 7}, {2, 6}, {5}, {3, 4}, {1}], [{8, 7}, {3, 6}, {1, 5}, {2, 4}], [{8, 7}, {3, 6}, {2, 5}, {1, 4}], [{8, 7}, {3, 6}, {4, 5}, {1, 2}], [{8, 7}, {4, 6}, {1, 5}, {2, 3}], [{8, 7}, {4, 6}, {2, 5}, {1, 3}], [{8, 7}, {4, 6}, {3, 5}, {1, 2}], [{8, 7}, {4, 6}, {5}, {1, 3}, {2}], [{8, 7}, {5, 6}, {1, 4}, {2, 3}], [{8, 7}, {5, 6}, {2, 4}, {1, 3}], [{8, 7}, {5, 6}, {3, 4}, {1, 2}], [{8, 7}, {6}, {3, 5}, {1, 4}, {2}], [{8}, {2, 7}, {4, 6}, {3, 5}, {1}], [{8}, {2, 7}, {5, 6}, {3, 4}, {1}], [{8}, {3, 7}, {1, 6}, {5}, {2, 4}], [{8}, {4, 7}, {1, 6}, {3, 5}, {2}], [{8}, {4, 7}, {2, 6}, {1, 5}, {3}], [{8}, {5, 7}, {4, 6}, {1, 3}, {2}], [{8}, {7}, {1, 6}, {2, 5}, {3, 4}], [{8}, {7}, {5, 6}, {1, 4}, {2, 3}]]",2,4 K_1^3 + 4 K_1^2 K_2 - 10 K_1^2 - 10 K_1 K_2 - 2 K_1 K_3 + 2 K_1 - 2 K_2^2 + 4 K_2 + 4 K_3 + K_4 + 6,O1O2O3O4U3U5O6U4O7O8U6U1U7U8O5U2,O1O2O3O4U1U2O5U4O6O7U5U7U8U3O8U6,O1O2O3O4U5O6U2U6U7U8O7O5U1O8U3U4,c,{'O1O2O3O4U3O5U6U7U4U8O6O7U1O8U5U2'},1,"<a href=""/flatknot/8.733866"">8.733866</a>",t^9-87t^7-272t^6+260t^5+926t^4+691t^3+320t^2+206t+70,t^3-2t^2+t,,
8.733867,O1O2O3O4U3O5U6U7U4U8O6O7U2O8U1U5,3,14z^2+75z+95,-2w^4z^2+16w^3z^2-6w^3z+81w^2z+95w,False,False,"[[ 0 -1  0 -1  2  3 -3 -1  1],[ 1  0  1 -1  3  3 -2  0  2],[ 0 -1  0 -1  3  1 -2  0  2],[ 1  1  1  0  1  1  0  0  1],[-2 -3 -3 -1  0 -1 -2 -1  0],[-3 -3 -1 -1  1  0 -5 -3 -1],[ 3  2  2  0  2  5  0  1  2],[ 1  0  0  0  1  3 -1  0  1],[-1 -2 -2 -1  0  1 -2 -1  0]]","[[ 0  3  2  1  0 -1 -1 -1 -3],[-3  0  1 -1 -1 -1 -3 -3 -5],[-2 -1  0  0 -3 -1 -1 -3 -2],[-1  1  0  0 -2 -1 -1 -2 -2],[ 0  1  3  2  0 -1  0 -1 -2],[ 1  1  1  1  1  0  0  1  0],[ 1  3  1  1  0  0  0  0 -1],[ 1  3  3  2  1 -1  0  0 -2],[ 3  5  2  2  2  0  1  2  0]]",True,"[-3,-2,-1,0,1,1,1,3,-1,1,1,1,3,3,5,0,3,1,1,3,2,2,1,1,2,2,1,0,1,2,0,-1,0,0,1,2]","[-3,-2,-1,0,1,1,1,3,-1,1,1,1,3,3,5,0,3,1,1,3,2,2,1,1,2,2,1,0,1,2,0,-1,0,0,1,2]",t^8+97t^6+717t^4+163t^2,"[-3,-1,-1,-1,0,1,2,3,0,1,2,1,2,3,1,0,1,0,0,0,1,0,1,1,2,1,0,1,2,3,-1,-1,2,1,1,2]","[-3,-2,-1,0,1,1,1,3,2,1,2,1,1,3,1,1,-1,0,2,2,3,-1,0,1,1,2,0,1,0,1,0,-1,0,0,1,2]","[-3,-1,-1,-1,0,1,2,3,0,1,2,2,2,2,5,0,1,1,1,1,1,0,0,1,1,3,1,2,3,3,2,3,1,0,1,-1]",c,"[[{8, 1}, {2, 7}, {3, 6}, {4, 5}], [{8, 1}, {2, 7}, {4, 6}, {3, 5}], [{8, 1}, {2, 7}, {5, 6}, {3, 4}], [{8, 1}, {2, 7}, {5, 6}, {4}, {3}], [{8, 1}, {2, 7}, {6}, {5}, {3, 4}], [{8, 1}, {3, 7}, {2, 6}, {4, 5}], [{8, 1}, {3, 7}, {4, 6}, {2, 5}], [{8, 1}, {3, 7}, {5, 6}, {2, 4}], [{8, 1}, {3, 7}, {5, 6}, {4}, {2}], [{8, 1}, {3, 7}, {6}, {5}, {2, 4}], [{8, 1}, {4, 7}, {2, 6}, {3, 5}], [{8, 1}, {4, 7}, {3, 6}, {2, 5}], [{8, 1}, {4, 7}, {5, 6}, {2, 3}], [{8, 1}, {4, 7}, {5, 6}, {3}, {2}], [{8, 1}, {4, 7}, {6}, {5}, {2, 3}], [{8, 1}, {5, 7}, {2, 6}, {3, 4}], [{8, 1}, {5, 7}, {2, 6}, {4}, {3}], [{8, 1}, {5, 7}, {3, 6}, {2, 4}], [{8, 1}, {5, 7}, {3, 6}, {4}, {2}], [{8, 1}, {5, 7}, {4, 6}, {2, 3}], [{8, 1}, {5, 7}, {6}, {4}, {2, 3}], [{8, 1}, {6, 7}, {2, 5}, {3, 4}], [{8, 1}, {6, 7}, {3, 5}, {2, 4}], [{8, 1}, {6, 7}, {4, 5}, {2, 3}], [{8, 1}, {6, 7}, {5}, {4}, {2, 3}], [{8, 1}, {7}, {4, 6}, {2, 5}, {3}], [{8, 1}, {7}, {4, 6}, {3, 5}, {2}], [{8, 1}, {7}, {4, 6}, {5}, {2, 3}], [{8, 1}, {7}, {5, 6}, {2, 4}, {3}], [{8, 1}, {7}, {5, 6}, {3, 4}, {2}], [{8, 1}, {7}, {5, 6}, {4}, {2, 3}], [{8, 1}, {7}, {6}, {4, 5}, {2, 3}], [{8, 1}, {7}, {6}, {5}, {4}, {2, 3}], [{8, 2}, {1, 7}, {3, 6}, {4, 5}], [{8, 2}, {1, 7}, {4, 6}, {3, 5}], [{8, 2}, {1, 7}, {5, 6}, {3, 4}], [{8, 2}, {1, 7}, {6}, {5}, {3, 4}], [{8, 2}, {3, 7}, {1, 6}, {4, 5}], [{8, 2}, {3, 7}, {4, 6}, {1, 5}], [{8, 2}, {3, 7}, {5, 6}, {1, 4}], [{8, 2}, {3, 7}, {5, 6}, {4}, {1}], [{8, 2}, {3, 7}, {6}, {5}, {1, 4}], [{8, 2}, {4, 7}, {1, 6}, {3, 5}], [{8, 2}, {4, 7}, {3, 6}, {1, 5}], [{8, 2}, {4, 7}, {5, 6}, {1, 3}], [{8, 2}, {5, 7}, {1, 6}, {3, 4}], [{8, 2}, {5, 7}, {3, 6}, {1, 4}], [{8, 2}, {5, 7}, {3, 6}, {4}, {1}], [{8, 2}, {5, 7}, {4, 6}, {1, 3}], [{8, 2}, {5, 7}, {6}, {1, 4}, {3}], [{8, 2}, {6, 7}, {1, 5}, {3, 4}], [{8, 2}, {6, 7}, {3, 5}, {1, 4}], [{8, 2}, {6, 7}, {3, 5}, {4}, {1}], [{8, 2}, {6, 7}, {4, 5}, {1, 3}], [{8, 2}, {6, 7}, {5}, {1, 4}, {3}], [{8, 2}, {7}, {3, 6}, {5}, {1, 4}], [{8, 2}, {7}, {4, 6}, {1, 5}, {3}], [{8, 2}, {7}, {5, 6}, {1, 4}, {3}], [{8, 2}, {7}, {6}, {3, 5}, {1, 4}], [{8, 2}, {7}, {6}, {4, 5}, {1, 3}], [{8, 3}, {1, 7}, {2, 6}, {4, 5}], [{8, 3}, {1, 7}, {4, 6}, {2, 5}], [{8, 3}, {1, 7}, {5, 6}, {2, 4}], [{8, 3}, {1, 7}, {6}, {2, 5}, {4}], [{8, 3}, {1, 7}, {6}, {4, 5}, {2}], [{8, 3}, {1, 7}, {6}, {5}, {2, 4}], [{8, 3}, {2, 7}, {1, 6}, {4, 5}], [{8, 3}, {2, 7}, {4, 6}, {1, 5}], [{8, 3}, {2, 7}, {5, 6}, {1, 4}], [{8, 3}, {2, 7}, {6}, {1, 5}, {4}], [{8, 3}, {2, 7}, {6}, {4, 5}, {1}], [{8, 3}, {2, 7}, {6}, {5}, {1, 4}], [{8, 3}, {4, 7}, {1, 6}, {2, 5}], [{8, 3}, {4, 7}, {2, 6}, {1, 5}], [{8, 3}, {4, 7}, {5, 6}, {1, 2}], [{8, 3}, {5, 7}, {1, 6}, {2, 4}], [{8, 3}, {5, 7}, {2, 6}, {1, 4}], [{8, 3}, {5, 7}, {4, 6}, {1, 2}], [{8, 3}, {6, 7}, {1, 5}, {2, 4}], [{8, 3}, {6, 7}, {2, 5}, {1, 4}], [{8, 3}, {6, 7}, {4, 5}, {1, 2}], [{8, 3}, {6, 7}, {4, 5}, {2}, {1}], [{8, 3}, {7}, {1, 6}, {4, 5}, {2}], [{8, 3}, {7}, {2, 6}, {4, 5}, {1}], [{8, 3}, {7}, {6}, {4, 5}, {1, 2}], [{8, 3}, {7}, {6}, {4, 5}, {2}, {1}], [{8, 4}, {1, 7}, {2, 6}, {3, 5}], [{8, 4}, {1, 7}, {3, 6}, {2, 5}], [{8, 4}, {1, 7}, {5, 6}, {2, 3}], [{8, 4}, {1, 7}, {6}, {2, 5}, {3}], [{8, 4}, {2, 7}, {1, 6}, {3, 5}], [{8, 4}, {2, 7}, {3, 6}, {1, 5}], [{8, 4}, {2, 7}, {5, 6}, {1, 3}], [{8, 4}, {2, 7}, {6}, {1, 5}, {3}], [{8, 4}, {3, 7}, {1, 6}, {2, 5}], [{8, 4}, {3, 7}, {2, 6}, {1, 5}], [{8, 4}, {3, 7}, {5, 6}, {1, 2}], [{8, 4}, {3, 7}, {5, 6}, {2}, {1}], [{8, 4}, {5, 7}, {1, 6}, {2, 3}], [{8, 4}, {5, 7}, {2, 6}, {1, 3}], [{8, 4}, {5, 7}, {3, 6}, {1, 2}], [{8, 4}, {5, 7}, {3, 6}, {2}, {1}], [{8, 4}, {6, 7}, {1, 5}, {2, 3}], [{8, 4}, {6, 7}, {2, 5}, {1, 3}], [{8, 4}, {6, 7}, {3, 5}, {1, 2}], [{8, 4}, {7}, {2, 6}, {3, 5}, {1}], [{8, 5}, {1, 7}, {2, 6}, {3, 4}], [{8, 5}, {1, 7}, {3, 6}, {2, 4}], [{8, 5}, {1, 7}, {4, 6}, {2, 3}], [{8, 5}, {1, 7}, {6}, {3, 4}, {2}], [{8, 5}, {2, 7}, {1, 6}, {3, 4}], [{8, 5}, {2, 7}, {1, 6}, {4}, {3}], [{8, 5}, {2, 7}, {3, 6}, {1, 4}], [{8, 5}, {2, 7}, {4, 6}, {1, 3}], [{8, 5}, {2, 7}, {6}, {3, 4}, {1}], [{8, 5}, {3, 7}, {1, 6}, {2, 4}], [{8, 5}, {3, 7}, {1, 6}, {4}, {2}], [{8, 5}, {3, 7}, {2, 6}, {1, 4}], [{8, 5}, {3, 7}, {4, 6}, {1, 2}], [{8, 5}, {3, 7}, {6}, {2, 4}, {1}], [{8, 5}, {4, 7}, {1, 6}, {2, 3}], [{8, 5}, {4, 7}, {1, 6}, {3}, {2}], [{8, 5}, {4, 7}, {2, 6}, {1, 3}], [{8, 5}, {4, 7}, {3, 6}, {1, 2}], [{8, 5}, {4, 7}, {6}, {2, 3}, {1}], [{8, 5}, {6, 7}, {1, 4}, {2, 3}], [{8, 5}, {6, 7}, {2, 4}, {1, 3}], [{8, 5}, {6, 7}, {3, 4}, {1, 2}], [{8, 5}, {6, 7}, {3, 4}, {2}, {1}], [{8, 5}, {7}, {1, 6}, {2, 4}, {3}], [{8, 5}, {7}, {1, 6}, {3, 4}, {2}], [{8, 5}, {7}, {1, 6}, {4}, {2, 3}], [{8, 5}, {7}, {2, 6}, {3, 4}, {1}], [{8, 5}, {7}, {6}, {3, 4}, {1, 2}], [{8, 5}, {7}, {6}, {3, 4}, {2}, {1}], [{8, 6}, {1, 7}, {2, 5}, {3, 4}], [{8, 6}, {1, 7}, {2, 5}, {4}, {3}], [{8, 6}, {1, 7}, {3, 5}, {2, 4}], [{8, 6}, {1, 7}, {4, 5}, {2, 3}], [{8, 6}, {2, 7}, {1, 5}, {3, 4}], [{8, 6}, {2, 7}, {1, 5}, {4}, {3}], [{8, 6}, {2, 7}, {3, 5}, {1, 4}], [{8, 6}, {2, 7}, {4, 5}, {1, 3}], [{8, 6}, {2, 7}, {5}, {3, 4}, {1}], [{8, 6}, {3, 7}, {1, 5}, {2, 4}], [{8, 6}, {3, 7}, {1, 5}, {4}, {2}], [{8, 6}, {3, 7}, {2, 5}, {1, 4}], [{8, 6}, {3, 7}, {4, 5}, {1, 2}], [{8, 6}, {3, 7}, {5}, {2, 4}, {1}], [{8, 6}, {4, 7}, {1, 5}, {2, 3}], [{8, 6}, {4, 7}, {1, 5}, {3}, {2}], [{8, 6}, {4, 7}, {2, 5}, {1, 3}], [{8, 6}, {4, 7}, {2, 5}, {3}, {1}], [{8, 6}, {4, 7}, {3, 5}, {1, 2}], [{8, 6}, {4, 7}, {3, 5}, {2}, {1}], [{8, 6}, {4, 7}, {5}, {1, 3}, {2}], [{8, 6}, {4, 7}, {5}, {2, 3}, {1}], [{8, 6}, {4, 7}, {5}, {3}, {1, 2}], [{8, 6}, {4, 7}, {5}, {3}, {2}, {1}], [{8, 6}, {5, 7}, {1, 4}, {2, 3}], [{8, 6}, {5, 7}, {2, 4}, {1, 3}], [{8, 6}, {5, 7}, {3, 4}, {1, 2}], [{8, 6}, {7}, {1, 5}, {2, 4}, {3}], [{8, 6}, {7}, {1, 5}, {3, 4}, {2}], [{8, 6}, {7}, {1, 5}, {4}, {2, 3}], [{8, 6}, {7}, {2, 5}, {1, 4}, {3}], [{8, 7}, {1, 6}, {2, 5}, {3, 4}], [{8, 7}, {1, 6}, {3, 5}, {2, 4}], [{8, 7}, {1, 6}, {4, 5}, {2, 3}], [{8, 7}, {2, 6}, {1, 5}, {3, 4}], [{8, 7}, {2, 6}, {3, 5}, {1, 4}], [{8, 7}, {2, 6}, {4, 5}, {1, 3}], [{8, 7}, {3, 6}, {1, 5}, {2, 4}], [{8, 7}, {3, 6}, {2, 5}, {1, 4}], [{8, 7}, {3, 6}, {4, 5}, {1, 2}], [{8, 7}, {4, 6}, {1, 5}, {2, 3}], [{8, 7}, {4, 6}, {1, 5}, {3}, {2}], [{8, 7}, {4, 6}, {2, 5}, {1, 3}], [{8, 7}, {4, 6}, {2, 5}, {3}, {1}], [{8, 7}, {4, 6}, {3, 5}, {1, 2}], [{8, 7}, {4, 6}, {3, 5}, {2}, {1}], [{8, 7}, {4, 6}, {5}, {1, 3}, {2}], [{8, 7}, {4, 6}, {5}, {2, 3}, {1}], [{8, 7}, {4, 6}, {5}, {3}, {1, 2}], [{8, 7}, {4, 6}, {5}, {3}, {2}, {1}], [{8, 7}, {5, 6}, {1, 4}, {2, 3}], [{8, 7}, {5, 6}, {2, 4}, {1, 3}], [{8, 7}, {5, 6}, {3, 4}, {1, 2}], [{8}, {1, 7}, {3, 6}, {2, 5}, {4}], [{8}, {1, 7}, {4, 6}, {2, 5}, {3}], [{8}, {1, 7}, {4, 6}, {3, 5}, {2}], [{8}, {1, 7}, {4, 6}, {5}, {2, 3}], [{8}, {1, 7}, {6}, {2, 5}, {3, 4}], [{8}, {1, 7}, {6}, {2, 5}, {4}, {3}], [{8}, {2, 7}, {1, 6}, {5}, {3, 4}], [{8}, {2, 7}, {3, 6}, {1, 5}, {4}], [{8}, {2, 7}, {4, 6}, {1, 5}, {3}], [{8}, {2, 7}, {5, 6}, {3, 4}, {1}], [{8}, {2, 7}, {6}, {1, 5}, {3, 4}], [{8}, {2, 7}, {6}, {1, 5}, {4}, {3}], [{8}, {3, 7}, {1, 6}, {5}, {2, 4}], [{8}, {3, 7}, {5, 6}, {1, 4}, {2}], [{8}, {3, 7}, {5, 6}, {2, 4}, {1}], [{8}, {3, 7}, {5, 6}, {4}, {1, 2}], [{8}, {3, 7}, {5, 6}, {4}, {2}, {1}], [{8}, {3, 7}, {6}, {1, 5}, {2, 4}], [{8}, {4, 7}, {1, 6}, {5}, {2, 3}], [{8}, {4, 7}, {5, 6}, {2, 3}, {1}], [{8}, {4, 7}, {6}, {1, 5}, {2, 3}], [{8}, {5, 7}, {3, 6}, {1, 4}, {2}], [{8}, {5, 7}, {3, 6}, {2, 4}, {1}], [{8}, {5, 7}, {3, 6}, {4}, {1, 2}], [{8}, {5, 7}, {3, 6}, {4}, {2}, {1}], [{8}, {6, 7}, {3, 5}, {1, 4}, {2}]]",2,16 K_1^3 + 4 K_1^2 K_2 - 22 K_1^2 - 16 K_1 K_2 - 4 K_1 K_3 - 4 K_1 + 11 K_2 + 4 K_3 + K_4 + 11,O1O2O3O4U5U4O6U3O7O8U6U1U7U8O5U2,O1O2O3O4U1U2O5U4O6O7U6U5U8U3O8U7,O1O2O3O4U5O6U2U6U7U8O5O8U1O7U3U4,c,{'O1O2O3O4U3O5U6U7U4U8O6O7U2O8U1U5'},1,"<a href=""/flatknot/8.733867"">8.733867</a>",t^9-95t^7-366t^6+192t^5+1696t^4+1249t^3+268t^2+168t+56,-t^2+2t,,
8.733868,O1O2O3O4U3O5U6U7U4U8O6O7U5O8U1U2,4,6z^3+40z^2+99z+87,6w^4z^3+40w^3z^2+99w^2z+87w,False,False,"[[ 0 -1  1 -1  2  2 -3 -1  1],[ 1  0  1 -1  2  2 -2  0  2],[-1 -1  0 -1  2  2 -4 -2  0],[ 1  1  1  0  1  1  0  0  1],[-2 -2 -2 -1  0 -1 -2 -1 -1],[-2 -2 -2 -1  1  0 -3 -1  0],[ 3  2  4  0  2  3  0  1  2],[ 1  0  2  0  1  1 -1  0  1],[-1 -2  0 -1  1  0 -2 -1  0]]","[[ 0  2  2  1  1 -1 -1 -1 -3],[-2  0  1  0 -2 -1 -1 -2 -3],[-2 -1  0 -1 -2 -1 -1 -2 -2],[-1  0  1  0  0 -1 -1 -2 -2],[-1  2  2  0  0 -1 -2 -1 -4],[ 1  1  1  1  1  0  0  1  0],[ 1  1  1  1  2  0  0  0 -1],[ 1  2  2  2  1 -1  0  0 -2],[ 3  3  2  2  4  0  1  2  0]]",True,"[-2,-2,-1,-1,1,1,1,3,-1,0,2,1,1,2,3,1,2,1,1,2,2,0,1,1,2,2,1,2,1,4,0,-1,0,0,1,2]","[-3,-1,-1,-1,1,1,2,2,0,1,2,0,2,2,3,0,1,1,0,1,1,0,0,1,2,2,1,1,2,2,0,-1,-1,1,0,-1]",t^8+73t^6+208t^4+70t^2+4,"[-3,-1,-1,-1,1,1,2,2,0,1,2,0,2,2,3,0,1,1,0,1,1,0,0,1,2,2,1,1,2,2,0,-1,-1,1,0,-1]","[-2,-2,-1,-1,1,1,1,3,-1,-1,0,1,2,2,3,-1,1,1,2,2,2,0,1,0,1,0,0,1,1,2,0,-1,0,0,1,2]","[-3,-1,-1,-1,1,1,2,2,0,1,2,2,4,2,3,0,1,1,1,1,1,0,1,2,1,1,2,1,2,2,0,1,0,2,2,-1]",c,"[[{8, 3}, {2, 7}, {1, 6}, {4, 5}], [{8, 3}, {2, 7}, {4, 6}, {1, 5}], [{8, 3}, {2, 7}, {5, 6}, {1, 4}], [{8, 3}, {4, 7}, {5, 6}, {1, 2}], [{8, 3}, {5, 7}, {4, 6}, {1, 2}], [{8, 3}, {6, 7}, {4, 5}, {1, 2}], [{8, 6}, {3, 7}, {4, 5}, {1, 2}]]",1,16 K_1^3 + 4 K_1^2 K_2 - 16 K_1^2 - 18 K_1 K_2 - 4 K_1 K_3 - 3 K_1 + 8 K_2 + 5 K_3 + K_4 + 8,O1O2O3O4U3U4O5U6O7O8U5U1U7U8O6U2,O1O2O3O4U1U2O5U4O6O7U6U7U8U3O8U5,O1O2O3O4U5O6U2U6U7U8O7O8U1O5U3U4,c,{'O1O2O3O4U3O5U6U7U4U8O6O7U5O8U1U2'},1,"<a href=""/flatknot/8.733868"">8.733868</a>",t^9-75t^7-280t^6-144t^5+520t^4+561t^3+76t^2+9t+8,t^3-2t^2+t,,
8.733869,O1O2O3O4U3O5U6U7U8U1O6O7U2O8U5U4,4,6z^3+46z^2+113z+91,6w^4z^3+46w^3z^2+113w^2z+91w,False,False,"[[ 0  0  0 -1  3  2 -3 -1  0],[ 0  0 -1  0  1 -1  0  1  1],[ 0  1  0  0  2  0 -1  1  2],[ 1  0  0  0  1  0  1  1  1],[-3 -1 -2 -1  0  0 -5 -3 -1],[-2  1  0  0  0  0 -4 -2  0],[ 3  0  1 -1  5  4  0  1  1],[ 1 -1 -1 -1  3  2 -1  0  0],[ 0 -1 -2 -1  1  0 -1  0  0]]","[[ 0  3  2  0  0  0 -1 -1 -3],[-3  0  0 -1 -1 -2 -1 -3 -5],[-2  0  0  1  0  0  0 -2 -4],[ 0  1 -1  0  1 -1  0  1  0],[ 0  1  0 -1  0 -2 -1  0 -1],[ 0  2  0  1  2  0  0  1 -1],[ 1  1  0  0  1  0  0  1  1],[ 1  3  2 -1  0 -1 -1  0 -1],[ 3  5  4  0  1  1 -1  1  0]]",True,"[-3,-2,0,0,0,1,1,3,0,1,1,2,1,3,5,-1,0,0,0,2,4,-1,1,0,-1,0,2,1,0,1,0,-1,1,-1,-1,1]","[-3,-2,0,0,0,1,1,3,0,1,1,2,1,3,5,-1,0,0,0,2,4,-1,1,0,-1,0,2,1,0,1,0,-1,1,-1,-1,1]",t^8+76t^6+749t^4+108t^2+1,"[-3,-1,-1,0,0,0,2,3,1,3,2,2,3,1,1,1,1,2,2,1,1,0,1,1,3,3,2,1,2,2,-1,2,1,3,2,1]","[-3,-2,0,0,0,1,1,3,1,1,2,2,1,3,1,2,2,3,1,3,1,2,1,2,1,2,-1,1,0,2,2,1,3,-1,1,3]","[-3,-1,-1,0,0,0,2,3,-1,1,0,1,1,4,5,1,0,0,1,0,1,-1,-1,0,2,3,-1,1,-1,1,2,0,2,0,1,0]",c,"[[{8, 1}, {2, 7}, {3, 6}, {4, 5}], [{8, 1}, {2, 7}, {4, 6}, {3, 5}], [{8, 1}, {2, 7}, {5, 6}, {3, 4}], [{8, 1}, {2, 7}, {5, 6}, {4}, {3}], [{8, 1}, {3, 7}, {2, 6}, {4, 5}], [{8, 1}, {3, 7}, {4, 6}, {2, 5}], [{8, 1}, {3, 7}, {5, 6}, {2, 4}], [{8, 1}, {4, 7}, {2, 6}, {3, 5}], [{8, 1}, {4, 7}, {3, 6}, {2, 5}], [{8, 1}, {4, 7}, {5, 6}, {2, 3}], [{8, 1}, {5, 7}, {2, 6}, {3, 4}], [{8, 1}, {5, 7}, {3, 6}, {2, 4}], [{8, 1}, {5, 7}, {4, 6}, {2, 3}], [{8, 1}, {6, 7}, {2, 5}, {3, 4}], [{8, 1}, {6, 7}, {3, 5}, {2, 4}], [{8, 1}, {6, 7}, {4, 5}, {2, 3}], [{8, 2}, {1, 7}, {3, 6}, {4, 5}], [{8, 2}, {1, 7}, {4, 6}, {3, 5}], [{8, 2}, {1, 7}, {5, 6}, {3, 4}], [{8, 2}, {3, 7}, {1, 6}, {4, 5}], [{8, 2}, {3, 7}, {4, 6}, {1, 5}], [{8, 2}, {3, 7}, {4, 6}, {5}, {1}], [{8, 2}, {3, 7}, {5, 6}, {1, 4}], [{8, 2}, {4, 7}, {1, 6}, {3, 5}], [{8, 2}, {4, 7}, {3, 6}, {1, 5}], [{8, 2}, {4, 7}, {5, 6}, {1, 3}], [{8, 2}, {4, 7}, {5, 6}, {3}, {1}], [{8, 2}, {5, 7}, {1, 6}, {3, 4}], [{8, 2}, {5, 7}, {3, 6}, {1, 4}], [{8, 2}, {5, 7}, {4, 6}, {1, 3}], [{8, 2}, {5, 7}, {4, 6}, {3}, {1}], [{8, 2}, {6, 7}, {1, 5}, {3, 4}], [{8, 2}, {6, 7}, {3, 5}, {1, 4}], [{8, 2}, {6, 7}, {4, 5}, {1, 3}], [{8, 2}, {6, 7}, {5}, {3, 4}, {1}], [{8, 2}, {7}, {4, 6}, {3, 5}, {1}], [{8, 2}, {7}, {6}, {4, 5}, {1, 3}], [{8, 3}, {1, 7}, {2, 6}, {4, 5}], [{8, 3}, {1, 7}, {4, 6}, {2, 5}], [{8, 3}, {1, 7}, {5, 6}, {2, 4}], [{8, 3}, {2, 7}, {1, 6}, {4, 5}], [{8, 3}, {2, 7}, {4, 6}, {1, 5}], [{8, 3}, {2, 7}, {5, 6}, {1, 4}], [{8, 3}, {4, 7}, {1, 6}, {2, 5}], [{8, 3}, {4, 7}, {2, 6}, {1, 5}], [{8, 3}, {4, 7}, {5, 6}, {1, 2}], [{8, 3}, {5, 7}, {1, 6}, {2, 4}], [{8, 3}, {5, 7}, {2, 6}, {1, 4}], [{8, 3}, {5, 7}, {4, 6}, {1, 2}], [{8, 3}, {6, 7}, {1, 5}, {2, 4}], [{8, 3}, {6, 7}, {2, 5}, {1, 4}], [{8, 3}, {6, 7}, {4, 5}, {1, 2}], [{8, 3}, {7}, {2, 6}, {1, 5}, {4}], [{8, 3}, {7}, {4, 6}, {5}, {1, 2}], [{8, 3}, {7}, {6}, {2, 5}, {1, 4}], [{8, 4}, {1, 7}, {2, 6}, {3, 5}], [{8, 4}, {1, 7}, {3, 6}, {2, 5}], [{8, 4}, {1, 7}, {5, 6}, {2, 3}], [{8, 4}, {2, 7}, {1, 6}, {3, 5}], [{8, 4}, {2, 7}, {3, 6}, {1, 5}], [{8, 4}, {2, 7}, {5, 6}, {1, 3}], [{8, 4}, {3, 7}, {1, 6}, {2, 5}], [{8, 4}, {3, 7}, {2, 6}, {1, 5}], [{8, 4}, {3, 7}, {5, 6}, {1, 2}], [{8, 4}, {5, 7}, {1, 6}, {2, 3}], [{8, 4}, {5, 7}, {2, 6}, {1, 3}], [{8, 4}, {5, 7}, {3, 6}, {1, 2}], [{8, 4}, {6, 7}, {1, 5}, {2, 3}], [{8, 4}, {6, 7}, {2, 5}, {1, 3}], [{8, 4}, {6, 7}, {3, 5}, {1, 2}], [{8, 4}, {7}, {6}, {2, 5}, {1, 3}], [{8, 5}, {1, 7}, {2, 6}, {3, 4}], [{8, 5}, {1, 7}, {3, 6}, {2, 4}], [{8, 5}, {1, 7}, {4, 6}, {2, 3}], [{8, 5}, {2, 7}, {1, 6}, {3, 4}], [{8, 5}, {2, 7}, {1, 6}, {4}, {3}], [{8, 5}, {2, 7}, {3, 6}, {1, 4}], [{8, 5}, {2, 7}, {4, 6}, {1, 3}], [{8, 5}, {3, 7}, {1, 6}, {2, 4}], [{8, 5}, {3, 7}, {1, 6}, {4}, {2}], [{8, 5}, {3, 7}, {2, 6}, {1, 4}], [{8, 5}, {3, 7}, {4, 6}, {1, 2}], [{8, 5}, {4, 7}, {1, 6}, {2, 3}], [{8, 5}, {4, 7}, {1, 6}, {3}, {2}], [{8, 5}, {4, 7}, {2, 6}, {1, 3}], [{8, 5}, {4, 7}, {3, 6}, {1, 2}], [{8, 5}, {6, 7}, {1, 4}, {2, 3}], [{8, 5}, {6, 7}, {2, 4}, {1, 3}], [{8, 5}, {6, 7}, {3, 4}, {1, 2}], [{8, 5}, {7}, {1, 6}, {2, 4}, {3}], [{8, 5}, {7}, {1, 6}, {3, 4}, {2}], [{8, 5}, {7}, {1, 6}, {4}, {2, 3}], [{8, 5}, {7}, {1, 6}, {4}, {3}, {2}], [{8, 6}, {1, 7}, {2, 5}, {3, 4}], [{8, 6}, {1, 7}, {3, 5}, {2, 4}], [{8, 6}, {1, 7}, {4, 5}, {2, 3}], [{8, 6}, {2, 7}, {1, 5}, {3, 4}], [{8, 6}, {2, 7}, {3, 5}, {1, 4}], [{8, 6}, {2, 7}, {4, 5}, {1, 3}], [{8, 6}, {3, 7}, {1, 5}, {2, 4}], [{8, 6}, {3, 7}, {2, 5}, {1, 4}], [{8, 6}, {3, 7}, {4, 5}, {1, 2}], [{8, 6}, {3, 7}, {5}, {2, 4}, {1}], [{8, 6}, {4, 7}, {1, 5}, {2, 3}], [{8, 6}, {4, 7}, {2, 5}, {1, 3}], [{8, 6}, {4, 7}, {3, 5}, {1, 2}], [{8, 6}, {5, 7}, {1, 4}, {2, 3}], [{8, 6}, {5, 7}, {2, 4}, {1, 3}], [{8, 6}, {5, 7}, {2, 4}, {3}, {1}], [{8, 6}, {5, 7}, {3, 4}, {1, 2}], [{8, 6}, {7}, {2, 5}, {4}, {1, 3}], [{8, 6}, {7}, {3, 5}, {2, 4}, {1}], [{8, 6}, {7}, {5}, {3, 4}, {1, 2}], [{8, 7}, {1, 6}, {2, 5}, {3, 4}], [{8, 7}, {1, 6}, {3, 5}, {2, 4}], [{8, 7}, {1, 6}, {4, 5}, {2, 3}], [{8, 7}, {2, 6}, {1, 5}, {3, 4}], [{8, 7}, {2, 6}, {3, 5}, {1, 4}], [{8, 7}, {2, 6}, {4, 5}, {1, 3}], [{8, 7}, {3, 6}, {1, 5}, {2, 4}], [{8, 7}, {3, 6}, {2, 5}, {1, 4}], [{8, 7}, {3, 6}, {4, 5}, {1, 2}], [{8, 7}, {3, 6}, {4, 5}, {2}, {1}], [{8, 7}, {4, 6}, {1, 5}, {2, 3}], [{8, 7}, {4, 6}, {2, 5}, {1, 3}], [{8, 7}, {4, 6}, {3, 5}, {1, 2}], [{8, 7}, {5, 6}, {1, 4}, {2, 3}], [{8, 7}, {5, 6}, {2, 4}, {1, 3}], [{8, 7}, {5, 6}, {3, 4}, {1, 2}], [{8, 7}, {6}, {1, 5}, {3, 4}, {2}], [{8}, {1, 7}, {4, 6}, {3, 5}, {2}], [{8}, {1, 7}, {5, 6}, {2, 4}, {3}], [{8}, {2, 7}, {1, 6}, {5}, {3, 4}], [{8}, {2, 7}, {4, 6}, {5}, {1, 3}], [{8}, {3, 7}, {4, 6}, {1, 5}, {2}], [{8}, {4, 7}, {2, 6}, {1, 5}, {3}], [{8}, {5, 7}, {3, 6}, {1, 4}, {2}], [{8}, {5, 7}, {4, 6}, {1, 3}, {2}], [{8}, {6, 7}, {2, 5}, {1, 4}, {3}], [{8}, {7}, {4, 6}, {2, 5}, {1, 3}]]",2,24 K_1^3 + 8 K_1^2 K_2 - 22 K_1^2 - 28 K_1 K_2 - 8 K_1 K_3 - 4 K_1 + 11 K_2 + 8 K_3 + 2 K_4 + 10,O1O2O3O4U1U5O6U3O7O8U4U6U7U8O5U2,O1O2O3O4U1U2O5U3O6O7U4U5U8U7O8U6,O1O2O3O4U5O6U7U6U8U1O7O5U2O8U3U4,c,{'O1O2O3O4U3O5U6U7U8U1O6O7U2O8U5U4'},1,"<a href=""/flatknot/8.733869"">8.733869</a>",t^9-74t^7-160t^6+376t^5+938t^4-77t^3-916t^2-378t-32,-t^2+2t,,
8.733870,O1O2O3O4U3O5U6U7U8U1O6O7U4O8U5U2,4,7z^3+48z^2+112z+89,7w^4z^3+48w^3z^2+112w^2z+89w,False,False,"[[ 0  0  1 -1  2  2 -3 -1  0],[ 0  0  0  0  0 -1  0  1  1],[-1  0  0 -1  1  1 -3 -1  0],[ 1  0  1  0  1  1  1  1  0],[-2  0 -1 -1  0  0 -3 -1  0],[-2  1 -1 -1  0  0 -4 -2  0],[ 3  0  3 -1  3  4  0  1  1],[ 1 -1  1 -1  1  2 -1  0  0],[ 0 -1  0  0  0  0 -1  0  0]]","[[ 0  2  2  1  0  0 -1 -1 -3],[-2  0  0 -1  1  0 -1 -2 -4],[-2  0  0 -1  0  0 -1 -1 -3],[-1  1  1  0  0  0 -1 -1 -3],[ 0 -1  0  0  0  1  0  1  0],[ 0  0  0  0 -1  0  0  0 -1],[ 1  1  1  1  0  0  0  1  1],[ 1  2  1  1 -1  0 -1  0 -1],[ 3  4  3  3  0  1 -1  1  0]]",True,"[-2,-2,-1,0,0,1,1,3,0,1,-1,0,1,2,4,1,0,0,1,1,3,0,0,1,1,3,-1,0,-1,0,0,0,1,-1,-1,1]","[-3,-1,-1,0,0,1,2,2,-1,1,0,1,3,3,4,1,0,0,1,1,1,-1,0,1,1,2,1,0,0,-1,0,0,0,1,1,0]",t^8+52t^6+157t^4+43t^2+1,"[-3,-1,-1,0,0,1,2,2,1,3,2,3,1,1,2,1,1,2,1,1,2,1,1,1,2,2,1,1,2,2,1,3,2,0,0,0]","[-2,-2,-1,0,0,1,1,3,0,0,2,2,2,2,2,0,2,3,1,2,1,1,1,1,1,1,-1,1,1,2,2,1,3,-1,1,3]","[-3,-1,-1,0,0,1,2,2,-1,1,0,1,3,3,4,1,0,0,1,1,1,-1,0,1,1,2,1,0,0,-1,0,0,0,1,1,0]",c,"[[{8, 6}, {3, 7}, {1, 5}, {2, 4}], [{8, 6}, {3, 7}, {1, 5}, {4}, {2}]]",1,8 K_1^3 - 12 K_1^2 - 10 K_1 K_2 - K_1 + 6 K_2 + 3 K_3 + 7,O1O2O3O4U3U5O6U1O7O8U4U6U7U8O5U2,O1O2O3O4U1U2O5U3O6O7U4U7U8U5O8U6,O1O2O3O4U5O6U7U6U8U1O8O5U2O7U3U4,c,{'O1O2O3O4U3O5U6U7U8U1O6O7U4O8U5U2'},1,"<a href=""/flatknot/8.733870"">8.733870</a>",t^9-54t^7-120t^6+21t^5+192t^4+116t^3+20t^2-12t-4,t^3-2t^2+t,,
8.733871,O1O2O3O4U3O5U6U7U8U1O6O7U5O8U4U2,3,14z^2+59z+63,14w^3z^2+59w^2z+63w,False,False,"[[ 0  0  1 -1  2  2 -3 -1  0],[ 0  0  0  0  0 -1  0  1  1],[-1  0  0 -1  1  1 -3 -1  0],[ 1  0  1  0  1  0  1  1  1],[-2  0 -1 -1  0  1 -4 -2 -1],[-2  1 -1  0 -1  0 -3 -1  0],[ 3  0  3 -1  4  3  0  1  1],[ 1 -1  1 -1  2  1 -1  0  0],[ 0 -1  0 -1  1  0 -1  0  0]]","[[ 0  2  2  1  0  0 -1 -1 -3],[-2  0  1 -1  0 -1 -1 -2 -4],[-2 -1  0 -1  1  0  0 -1 -3],[-1  1  1  0  0  0 -1 -1 -3],[ 0  0 -1  0  0  1  0  1  0],[ 0  1  0  0 -1  0 -1  0 -1],[ 1  1  0  1  0  1  0  1  1],[ 1  2  1  1 -1  0 -1  0 -1],[ 3  4  3  3  0  1 -1  1  0]]",True,"[-2,-2,-1,0,0,1,1,3,-1,1,0,1,1,2,4,1,-1,0,0,1,3,0,0,1,1,3,-1,0,-1,0,1,0,1,-1,-1,1]","[-3,-1,-1,0,0,1,2,2,-1,1,0,1,3,3,4,1,0,1,1,0,1,-1,0,1,1,2,1,0,-1,0,0,0,1,1,1,-1]",t^8+54t^6+204t^4+11t^2,"[-3,-1,-1,0,0,1,2,2,1,3,2,3,1,1,2,1,1,2,1,1,2,0,1,1,2,3,1,1,1,2,1,2,3,0,0,-1]","[-2,-2,-1,0,0,1,1,3,-1,0,2,3,2,3,2,0,1,2,1,2,1,1,1,1,1,1,-1,1,0,2,2,1,3,-1,1,3]","[-3,-1,-1,0,0,1,2,2,-1,1,0,1,3,3,4,1,0,1,1,0,1,-1,0,1,1,2,1,0,-1,0,0,0,1,1,1,-1]",c,"[[{8, 1}, {2, 7}, {3, 6}, {4, 5}], [{8, 1}, {2, 7}, {3, 6}, {5}, {4}], [{8, 1}, {2, 7}, {4, 6}, {3, 5}], [{8, 1}, {2, 7}, {5, 6}, {3, 4}], [{8, 1}, {3, 7}, {2, 6}, {4, 5}], [{8, 1}, {3, 7}, {2, 6}, {5}, {4}], [{8, 1}, {3, 7}, {4, 6}, {2, 5}], [{8, 1}, {3, 7}, {5, 6}, {2, 4}], [{8, 1}, {3, 7}, {6}, {4, 5}, {2}], [{8, 1}, {4, 7}, {2, 6}, {3, 5}], [{8, 1}, {4, 7}, {3, 6}, {2, 5}], [{8, 1}, {4, 7}, {5, 6}, {2, 3}], [{8, 1}, {5, 7}, {2, 6}, {3, 4}], [{8, 1}, {5, 7}, {3, 6}, {2, 4}], [{8, 1}, {5, 7}, {4, 6}, {2, 3}], [{8, 1}, {5, 7}, {6}, {3, 4}, {2}], [{8, 1}, {6, 7}, {2, 5}, {3, 4}], [{8, 1}, {6, 7}, {3, 5}, {2, 4}], [{8, 1}, {6, 7}, {4, 5}, {2, 3}], [{8, 1}, {6, 7}, {5}, {3, 4}, {2}], [{8, 1}, {7}, {2, 6}, {4, 5}, {3}], [{8, 1}, {7}, {4, 6}, {2, 5}, {3}], [{8, 1}, {7}, {4, 6}, {3, 5}, {2}], [{8, 1}, {7}, {4, 6}, {5}, {2, 3}], [{8, 1}, {7}, {5, 6}, {3, 4}, {2}], [{8, 2}, {1, 7}, {3, 6}, {4, 5}], [{8, 2}, {1, 7}, {4, 6}, {3, 5}], [{8, 2}, {1, 7}, {5, 6}, {3, 4}], [{8, 2}, {3, 7}, {1, 6}, {4, 5}], [{8, 2}, {3, 7}, {4, 6}, {1, 5}], [{8, 2}, {3, 7}, {4, 6}, {5}, {1}], [{8, 2}, {3, 7}, {5, 6}, {1, 4}], [{8, 2}, {4, 7}, {1, 6}, {3, 5}], [{8, 2}, {4, 7}, {3, 6}, {1, 5}], [{8, 2}, {4, 7}, {5, 6}, {1, 3}], [{8, 2}, {5, 7}, {1, 6}, {3, 4}], [{8, 2}, {5, 7}, {3, 6}, {1, 4}], [{8, 2}, {5, 7}, {4, 6}, {1, 3}], [{8, 2}, {5, 7}, {4, 6}, {3}, {1}], [{8, 2}, {6, 7}, {1, 5}, {3, 4}], [{8, 2}, {6, 7}, {3, 5}, {1, 4}], [{8, 2}, {6, 7}, {4, 5}, {1, 3}], [{8, 2}, {6, 7}, {5}, {4}, {1, 3}], [{8, 2}, {7}, {1, 6}, {5}, {3, 4}], [{8, 2}, {7}, {3, 6}, {5}, {1, 4}], [{8, 2}, {7}, {4, 6}, {3, 5}, {1}], [{8, 2}, {7}, {5, 6}, {3, 4}, {1}], [{8, 2}, {7}, {6}, {1, 5}, {3, 4}], [{8, 3}, {1, 7}, {2, 6}, {4, 5}], [{8, 3}, {1, 7}, {4, 6}, {2, 5}], [{8, 3}, {1, 7}, {5, 6}, {2, 4}], [{8, 3}, {1, 7}, {6}, {4, 5}, {2}], [{8, 3}, {2, 7}, {1, 6}, {4, 5}], [{8, 3}, {2, 7}, {4, 6}, {1, 5}], [{8, 3}, {2, 7}, {5, 6}, {1, 4}], [{8, 3}, {2, 7}, {6}, {5}, {1, 4}], [{8, 3}, {4, 7}, {1, 6}, {2, 5}], [{8, 3}, {4, 7}, {2, 6}, {1, 5}], [{8, 3}, {4, 7}, {5, 6}, {1, 2}], [{8, 3}, {4, 7}, {6}, {5}, {1, 2}], [{8, 3}, {5, 7}, {1, 6}, {2, 4}], [{8, 3}, {5, 7}, {2, 6}, {1, 4}], [{8, 3}, {5, 7}, {4, 6}, {1, 2}], [{8, 3}, {5, 7}, {6}, {1, 4}, {2}], [{8, 3}, {6, 7}, {1, 5}, {2, 4}], [{8, 3}, {6, 7}, {2, 5}, {1, 4}], [{8, 3}, {6, 7}, {4, 5}, {1, 2}], [{8, 3}, {6, 7}, {5}, {4}, {1, 2}], [{8, 3}, {7}, {4, 6}, {5}, {1, 2}], [{8, 3}, {7}, {6}, {2, 5}, {1, 4}], [{8, 4}, {1, 7}, {2, 6}, {3, 5}], [{8, 4}, {1, 7}, {3, 6}, {2, 5}], [{8, 4}, {1, 7}, {5, 6}, {2, 3}], [{8, 4}, {2, 7}, {1, 6}, {3, 5}], [{8, 4}, {2, 7}, {3, 6}, {1, 5}], [{8, 4}, {2, 7}, {3, 6}, {5}, {1}], [{8, 4}, {2, 7}, {5, 6}, {1, 3}], [{8, 4}, {3, 7}, {1, 6}, {2, 5}], [{8, 4}, {3, 7}, {2, 6}, {1, 5}], [{8, 4}, {3, 7}, {2, 6}, {5}, {1}], [{8, 4}, {3, 7}, {5, 6}, {1, 2}], [{8, 4}, {5, 7}, {1, 6}, {2, 3}], [{8, 4}, {5, 7}, {2, 6}, {1, 3}], [{8, 4}, {5, 7}, {2, 6}, {3}, {1}], [{8, 4}, {5, 7}, {3, 6}, {1, 2}], [{8, 4}, {6, 7}, {1, 5}, {2, 3}], [{8, 4}, {6, 7}, {2, 5}, {1, 3}], [{8, 4}, {6, 7}, {3, 5}, {1, 2}], [{8, 4}, {7}, {2, 6}, {3, 5}, {1}], [{8, 5}, {1, 7}, {2, 6}, {3, 4}], [{8, 5}, {1, 7}, {3, 6}, {2, 4}], [{8, 5}, {1, 7}, {4, 6}, {2, 3}], [{8, 5}, {1, 7}, {6}, {3, 4}, {2}], [{8, 5}, {2, 7}, {1, 6}, {3, 4}], [{8, 5}, {2, 7}, {3, 6}, {1, 4}], [{8, 5}, {2, 7}, {3, 6}, {4}, {1}], [{8, 5}, {2, 7}, {4, 6}, {1, 3}], [{8, 5}, {2, 7}, {6}, {1, 4}, {3}], [{8, 5}, {3, 7}, {1, 6}, {2, 4}], [{8, 5}, {3, 7}, {2, 6}, {1, 4}], [{8, 5}, {3, 7}, {2, 6}, {4}, {1}], [{8, 5}, {3, 7}, {4, 6}, {1, 2}], [{8, 5}, {3, 7}, {6}, {1, 4}, {2}], [{8, 5}, {4, 7}, {1, 6}, {2, 3}], [{8, 5}, {4, 7}, {2, 6}, {1, 3}], [{8, 5}, {4, 7}, {3, 6}, {1, 2}], [{8, 5}, {4, 7}, {6}, {3}, {1, 2}], [{8, 5}, {6, 7}, {1, 4}, {2, 3}], [{8, 5}, {6, 7}, {1, 4}, {3}, {2}], [{8, 5}, {6, 7}, {2, 4}, {1, 3}], [{8, 5}, {6, 7}, {2, 4}, {3}, {1}], [{8, 5}, {6, 7}, {3, 4}, {1, 2}], [{8, 5}, {6, 7}, {3, 4}, {2}, {1}], [{8, 5}, {6, 7}, {4}, {1, 3}, {2}], [{8, 5}, {6, 7}, {4}, {2, 3}, {1}], [{8, 5}, {6, 7}, {4}, {3}, {1, 2}], [{8, 5}, {6, 7}, {4}, {3}, {2}, {1}], [{8, 5}, {7}, {1, 6}, {3, 4}, {2}], [{8, 5}, {7}, {2, 6}, {1, 4}, {3}], [{8, 5}, {7}, {3, 6}, {1, 4}, {2}], [{8, 5}, {7}, {4, 6}, {3}, {1, 2}], [{8, 5}, {7}, {6}, {1, 4}, {2, 3}], [{8, 6}, {1, 7}, {2, 5}, {3, 4}], [{8, 6}, {1, 7}, {3, 5}, {2, 4}], [{8, 6}, {1, 7}, {4, 5}, {2, 3}], [{8, 6}, {1, 7}, {5}, {3, 4}, {2}], [{8, 6}, {2, 7}, {1, 5}, {3, 4}], [{8, 6}, {2, 7}, {3, 5}, {1, 4}], [{8, 6}, {2, 7}, {4, 5}, {1, 3}], [{8, 6}, {2, 7}, {5}, {1, 4}, {3}], [{8, 6}, {3, 7}, {1, 5}, {2, 4}], [{8, 6}, {3, 7}, {2, 5}, {1, 4}], [{8, 6}, {3, 7}, {4, 5}, {1, 2}], [{8, 6}, {3, 7}, {5}, {2, 4}, {1}], [{8, 6}, {4, 7}, {1, 5}, {2, 3}], [{8, 6}, {4, 7}, {2, 5}, {1, 3}], [{8, 6}, {4, 7}, {3, 5}, {1, 2}], [{8, 6}, {4, 7}, {5}, {3}, {1, 2}], [{8, 6}, {5, 7}, {1, 4}, {2, 3}], [{8, 6}, {5, 7}, {1, 4}, {3}, {2}], [{8, 6}, {5, 7}, {2, 4}, {1, 3}], [{8, 6}, {5, 7}, {2, 4}, {3}, {1}], [{8, 6}, {5, 7}, {3, 4}, {1, 2}], [{8, 6}, {5, 7}, {3, 4}, {2}, {1}], [{8, 6}, {5, 7}, {4}, {1, 3}, {2}], [{8, 6}, {5, 7}, {4}, {2, 3}, {1}], [{8, 6}, {5, 7}, {4}, {3}, {1, 2}], [{8, 6}, {5, 7}, {4}, {3}, {2}, {1}], [{8, 6}, {7}, {1, 5}, {3, 4}, {2}], [{8, 6}, {7}, {2, 5}, {1, 4}, {3}], [{8, 6}, {7}, {3, 5}, {2, 4}, {1}], [{8, 6}, {7}, {4, 5}, {3}, {1, 2}], [{8, 7}, {1, 6}, {2, 5}, {3, 4}], [{8, 7}, {1, 6}, {3, 5}, {2, 4}], [{8, 7}, {1, 6}, {4, 5}, {2, 3}], [{8, 7}, {1, 6}, {5}, {3, 4}, {2}], [{8, 7}, {2, 6}, {1, 5}, {3, 4}], [{8, 7}, {2, 6}, {3, 5}, {1, 4}], [{8, 7}, {2, 6}, {4, 5}, {1, 3}], [{8, 7}, {3, 6}, {1, 5}, {2, 4}], [{8, 7}, {3, 6}, {2, 5}, {1, 4}], [{8, 7}, {3, 6}, {4, 5}, {1, 2}], [{8, 7}, {3, 6}, {5}, {1, 4}, {2}], [{8, 7}, {4, 6}, {1, 5}, {2, 3}], [{8, 7}, {4, 6}, {2, 5}, {1, 3}], [{8, 7}, {4, 6}, {3, 5}, {1, 2}], [{8, 7}, {4, 6}, {3, 5}, {2}, {1}], [{8, 7}, {5, 6}, {1, 4}, {2, 3}], [{8, 7}, {5, 6}, {2, 4}, {1, 3}], [{8, 7}, {5, 6}, {3, 4}, {1, 2}], [{8, 7}, {5, 6}, {3, 4}, {2}, {1}], [{8, 7}, {6}, {1, 5}, {3, 4}, {2}], [{8}, {1, 7}, {3, 6}, {5}, {2, 4}], [{8}, {1, 7}, {4, 6}, {3, 5}, {2}], [{8}, {1, 7}, {5, 6}, {3, 4}, {2}], [{8}, {2, 7}, {1, 6}, {3, 5}, {4}], [{8}, {2, 7}, {1, 6}, {4, 5}, {3}], [{8}, {2, 7}, {1, 6}, {5}, {3, 4}], [{8}, {2, 7}, {3, 6}, {1, 5}, {4}], [{8}, {2, 7}, {3, 6}, {4, 5}, {1}], [{8}, {2, 7}, {3, 6}, {5}, {1, 4}], [{8}, {2, 7}, {3, 6}, {5}, {4}, {1}], [{8}, {2, 7}, {4, 6}, {1, 5}, {3}], [{8}, {2, 7}, {4, 6}, {3, 5}, {1}], [{8}, {2, 7}, {4, 6}, {5}, {1, 3}], [{8}, {2, 7}, {5, 6}, {1, 4}, {3}], [{8}, {2, 7}, {5, 6}, {3, 4}, {1}], [{8}, {2, 7}, {5, 6}, {4}, {1, 3}], [{8}, {2, 7}, {6}, {1, 5}, {3, 4}], [{8}, {2, 7}, {6}, {3, 5}, {1, 4}], [{8}, {2, 7}, {6}, {4, 5}, {1, 3}], [{8}, {2, 7}, {6}, {5}, {1, 4}, {3}], [{8}, {3, 7}, {1, 6}, {2, 5}, {4}], [{8}, {3, 7}, {2, 6}, {1, 5}, {4}], [{8}, {3, 7}, {2, 6}, {4, 5}, {1}], [{8}, {3, 7}, {2, 6}, {5}, {1, 4}], [{8}, {3, 7}, {2, 6}, {5}, {4}, {1}], [{8}, {3, 7}, {5, 6}, {4}, {1, 2}], [{8}, {4, 7}, {1, 6}, {2, 5}, {3}], [{8}, {4, 7}, {2, 6}, {1, 5}, {3}], [{8}, {4, 7}, {3, 6}, {5}, {1, 2}], [{8}, {4, 7}, {5, 6}, {3}, {1, 2}], [{8}, {4, 7}, {6}, {3, 5}, {1, 2}], [{8}, {4, 7}, {6}, {5}, {3}, {1, 2}], [{8}, {5, 7}, {1, 6}, {3, 4}, {2}], [{8}, {5, 7}, {3, 6}, {1, 4}, {2}], [{8}, {6, 7}, {1, 5}, {3, 4}, {2}], [{8}, {6, 7}, {2, 5}, {4}, {1, 3}], [{8}, {6, 7}, {3, 5}, {4}, {1, 2}], [{8}, {6, 7}, {5}, {1, 4}, {2, 3}], [{8}, {7}, {1, 6}, {2, 5}, {3, 4}], [{8}, {7}, {1, 6}, {5}, {3, 4}, {2}], [{8}, {7}, {2, 6}, {1, 5}, {3, 4}], [{8}, {7}, {3, 6}, {2, 5}, {1, 4}], [{8}, {7}, {3, 6}, {5}, {1, 4}, {2}], [{8}, {7}, {4, 6}, {3, 5}, {1, 2}], [{8}, {7}, {4, 6}, {3, 5}, {2}, {1}], [{8}, {7}, {5, 6}, {3, 4}, {1, 2}], [{8}, {7}, {5, 6}, {3, 4}, {2}, {1}], [{8}, {7}, {6}, {1, 5}, {3, 4}, {2}]]",2,8 K_1^3 - 8 K_1^2 - 10 K_1 K_2 - K_1 + 4 K_2 + 3 K_3 + 5,O1O2O3O4U3U1O5U6O7O8U4U5U7U8O6U2,O1O2O3O4U1U2O5U3O6O7U4U7U8U6O8U5,O1O2O3O4U5O6U7U6U8U1O8O7U2O5U3U4,c,"{'O1O2O3O4U3O5U6U7U8U1O6O7U5O8U4U2', 'O1O2O3U2O4O5U6U7U8U1O6O7U5O8U3U4'}",2,"<a href=""/flatknot/8.733871"">8.733871</a>",t^9-56t^7-142t^6+42t^5+168t^4-109t^3+76t,t^3-2t^2+t,,
8.733872,O1O2O3O4U3O5U6U7U8U2O6O7U1O8U5U4,4,5z^3+44z^2+114z+93,5w^4z^3+44w^3z^2+114w^2z+93w,False,False,"[[ 0 -1  1 -1  3  2 -3 -1  0],[ 1  0  2  0  3  1 -1  1  2],[-1 -2  0  0  0 -2 -1  0  1],[ 1  0  0  0  1  0  1  1  1],[-3 -3  0 -1  0  0 -5 -3 -1],[-2 -1  2  0  0  0 -4 -2  0],[ 3  1  1 -1  5  4  0  1  1],[ 1 -1  0 -1  3  2 -1  0  0],[ 0 -2 -1 -1  1  0 -1  0  0]]","[[ 0  3  2  1  0 -1 -1 -1 -3],[-3  0  0  0 -1 -1 -3 -3 -5],[-2  0  0  2  0  0 -1 -2 -4],[-1  0 -2  0  1  0 -2  0 -1],[ 0  1  0 -1  0 -1 -2  0 -1],[ 1  1  0  0  1  0  0  1  1],[ 1  3  1  2  2  0  0  1 -1],[ 1  3  2  0  0 -1 -1  0 -1],[ 3  5  4  1  1 -1  1  1  0]]",True,"[-3,-2,-1,0,1,1,1,3,0,0,1,1,3,3,5,-2,0,0,1,2,4,-1,0,2,0,1,1,2,0,1,0,-1,-1,-1,1,1]","[-3,-2,-1,0,1,1,1,3,0,0,1,1,3,3,5,-2,0,0,1,2,4,-1,0,2,0,1,1,2,0,1,0,-1,-1,-1,1,1]",t^8+87t^6+919t^4+105t^2+1,"[-3,-1,-1,-1,0,1,2,3,1,1,3,2,3,1,1,-1,0,-1,0,2,1,1,1,2,1,1,0,2,3,3,2,2,2,3,2,1]","[-3,-2,-1,0,1,1,1,3,1,2,2,1,1,3,1,3,2,1,2,3,1,2,2,0,2,3,1,-1,0,2,-1,-1,1,0,1,3]","[-3,-1,-1,-1,0,1,2,3,-1,1,1,1,1,4,5,0,1,1,0,0,1,1,2,2,1,3,0,0,2,3,-1,0,1,-2,0,0]",c,"[[{8, 1}, {2, 7}, {3, 6}, {4, 5}], [{8, 1}, {2, 7}, {4, 6}, {3, 5}], [{8, 1}, {2, 7}, {5, 6}, {3, 4}], [{8, 1}, {2, 7}, {6}, {4, 5}, {3}], [{8, 1}, {3, 7}, {2, 6}, {4, 5}], [{8, 1}, {3, 7}, {4, 6}, {2, 5}], [{8, 1}, {3, 7}, {4, 6}, {5}, {2}], [{8, 1}, {3, 7}, {5, 6}, {2, 4}], [{8, 1}, {3, 7}, {5, 6}, {4}, {2}], [{8, 1}, {3, 7}, {6}, {4, 5}, {2}], [{8, 1}, {4, 7}, {2, 6}, {3, 5}], [{8, 1}, {4, 7}, {2, 6}, {5}, {3}], [{8, 1}, {4, 7}, {3, 6}, {2, 5}], [{8, 1}, {4, 7}, {3, 6}, {5}, {2}], [{8, 1}, {4, 7}, {5, 6}, {2, 3}], [{8, 1}, {4, 7}, {5, 6}, {3}, {2}], [{8, 1}, {4, 7}, {6}, {2, 5}, {3}], [{8, 1}, {4, 7}, {6}, {3, 5}, {2}], [{8, 1}, {4, 7}, {6}, {5}, {2, 3}], [{8, 1}, {4, 7}, {6}, {5}, {3}, {2}], [{8, 1}, {5, 7}, {2, 6}, {3, 4}], [{8, 1}, {5, 7}, {2, 6}, {4}, {3}], [{8, 1}, {5, 7}, {3, 6}, {2, 4}], [{8, 1}, {5, 7}, {3, 6}, {4}, {2}], [{8, 1}, {5, 7}, {4, 6}, {2, 3}], [{8, 1}, {5, 7}, {4, 6}, {3}, {2}], [{8, 1}, {5, 7}, {6}, {2, 4}, {3}], [{8, 1}, {5, 7}, {6}, {3, 4}, {2}], [{8, 1}, {5, 7}, {6}, {4}, {2, 3}], [{8, 1}, {5, 7}, {6}, {4}, {3}, {2}], [{8, 1}, {6, 7}, {2, 5}, {3, 4}], [{8, 1}, {6, 7}, {3, 5}, {2, 4}], [{8, 1}, {6, 7}, {3, 5}, {4}, {2}], [{8, 1}, {6, 7}, {4, 5}, {2, 3}], [{8, 1}, {6, 7}, {4, 5}, {3}, {2}], [{8, 1}, {6, 7}, {5}, {3, 4}, {2}], [{8, 1}, {7}, {2, 6}, {4, 5}, {3}], [{8, 1}, {7}, {3, 6}, {4, 5}, {2}], [{8, 1}, {7}, {4, 6}, {3, 5}, {2}], [{8, 1}, {7}, {5, 6}, {3, 4}, {2}], [{8, 1}, {7}, {6}, {4, 5}, {2, 3}], [{8, 1}, {7}, {6}, {4, 5}, {3}, {2}], [{8, 2}, {1, 7}, {3, 6}, {4, 5}], [{8, 2}, {1, 7}, {4, 6}, {3, 5}], [{8, 2}, {1, 7}, {5, 6}, {3, 4}], [{8, 2}, {1, 7}, {6}, {4, 5}, {3}], [{8, 2}, {3, 7}, {1, 6}, {4, 5}], [{8, 2}, {3, 7}, {4, 6}, {1, 5}], [{8, 2}, {3, 7}, {5, 6}, {1, 4}], [{8, 2}, {4, 7}, {1, 6}, {3, 5}], [{8, 2}, {4, 7}, {3, 6}, {1, 5}], [{8, 2}, {4, 7}, {5, 6}, {1, 3}], [{8, 2}, {5, 7}, {1, 6}, {3, 4}], [{8, 2}, {5, 7}, {3, 6}, {1, 4}], [{8, 2}, {5, 7}, {4, 6}, {1, 3}], [{8, 2}, {6, 7}, {1, 5}, {3, 4}], [{8, 2}, {6, 7}, {3, 5}, {1, 4}], [{8, 2}, {6, 7}, {4, 5}, {1, 3}], [{8, 2}, {7}, {4, 6}, {1, 5}, {3}], [{8, 3}, {1, 7}, {2, 6}, {4, 5}], [{8, 3}, {1, 7}, {2, 6}, {5}, {4}], [{8, 3}, {1, 7}, {4, 6}, {2, 5}], [{8, 3}, {1, 7}, {5, 6}, {2, 4}], [{8, 3}, {1, 7}, {6}, {4, 5}, {2}], [{8, 3}, {2, 7}, {1, 6}, {4, 5}], [{8, 3}, {2, 7}, {4, 6}, {1, 5}], [{8, 3}, {2, 7}, {5, 6}, {1, 4}], [{8, 3}, {4, 7}, {1, 6}, {2, 5}], [{8, 3}, {4, 7}, {2, 6}, {1, 5}], [{8, 3}, {4, 7}, {5, 6}, {1, 2}], [{8, 3}, {5, 7}, {1, 6}, {2, 4}], [{8, 3}, {5, 7}, {2, 6}, {1, 4}], [{8, 3}, {5, 7}, {4, 6}, {1, 2}], [{8, 3}, {6, 7}, {1, 5}, {2, 4}], [{8, 3}, {6, 7}, {2, 5}, {1, 4}], [{8, 3}, {6, 7}, {4, 5}, {1, 2}], [{8, 3}, {7}, {1, 6}, {2, 5}, {4}], [{8, 3}, {7}, {4, 6}, {5}, {1, 2}], [{8, 3}, {7}, {5, 6}, {1, 4}, {2}], [{8, 4}, {1, 7}, {2, 6}, {3, 5}], [{8, 4}, {1, 7}, {2, 6}, {5}, {3}], [{8, 4}, {1, 7}, {3, 6}, {2, 5}], [{8, 4}, {1, 7}, {5, 6}, {2, 3}], [{8, 4}, {2, 7}, {1, 6}, {3, 5}], [{8, 4}, {2, 7}, {3, 6}, {1, 5}], [{8, 4}, {2, 7}, {5, 6}, {1, 3}], [{8, 4}, {2, 7}, {5, 6}, {3}, {1}], [{8, 4}, {3, 7}, {1, 6}, {2, 5}], [{8, 4}, {3, 7}, {2, 6}, {1, 5}], [{8, 4}, {3, 7}, {5, 6}, {1, 2}], [{8, 4}, {5, 7}, {1, 6}, {2, 3}], [{8, 4}, {5, 7}, {2, 6}, {1, 3}], [{8, 4}, {5, 7}, {2, 6}, {3}, {1}], [{8, 4}, {5, 7}, {3, 6}, {1, 2}], [{8, 4}, {6, 7}, {1, 5}, {2, 3}], [{8, 4}, {6, 7}, {2, 5}, {1, 3}], [{8, 4}, {6, 7}, {3, 5}, {1, 2}], [{8, 4}, {7}, {2, 6}, {1, 5}, {3}], [{8, 5}, {1, 7}, {2, 6}, {3, 4}], [{8, 5}, {1, 7}, {2, 6}, {4}, {3}], [{8, 5}, {1, 7}, {3, 6}, {2, 4}], [{8, 5}, {1, 7}, {4, 6}, {2, 3}], [{8, 5}, {2, 7}, {1, 6}, {3, 4}], [{8, 5}, {2, 7}, {3, 6}, {1, 4}], [{8, 5}, {2, 7}, {4, 6}, {1, 3}], [{8, 5}, {3, 7}, {1, 6}, {2, 4}], [{8, 5}, {3, 7}, {2, 6}, {1, 4}], [{8, 5}, {3, 7}, {2, 6}, {4}, {1}], [{8, 5}, {3, 7}, {4, 6}, {1, 2}], [{8, 5}, {4, 7}, {1, 6}, {2, 3}], [{8, 5}, {4, 7}, {2, 6}, {1, 3}], [{8, 5}, {4, 7}, {2, 6}, {3}, {1}], [{8, 5}, {4, 7}, {3, 6}, {1, 2}], [{8, 5}, {6, 7}, {1, 4}, {2, 3}], [{8, 5}, {6, 7}, {2, 4}, {1, 3}], [{8, 5}, {6, 7}, {3, 4}, {1, 2}], [{8, 5}, {7}, {2, 6}, {1, 4}, {3}], [{8, 5}, {7}, {2, 6}, {3, 4}, {1}], [{8, 5}, {7}, {2, 6}, {4}, {1, 3}], [{8, 5}, {7}, {2, 6}, {4}, {3}, {1}], [{8, 6}, {1, 7}, {2, 5}, {3, 4}], [{8, 6}, {1, 7}, {3, 5}, {2, 4}], [{8, 6}, {1, 7}, {4, 5}, {2, 3}], [{8, 6}, {1, 7}, {4, 5}, {3}, {2}], [{8, 6}, {2, 7}, {1, 5}, {3, 4}], [{8, 6}, {2, 7}, {3, 5}, {1, 4}], [{8, 6}, {2, 7}, {4, 5}, {1, 3}], [{8, 6}, {3, 7}, {1, 5}, {2, 4}], [{8, 6}, {3, 7}, {2, 5}, {1, 4}], [{8, 6}, {3, 7}, {4, 5}, {1, 2}], [{8, 6}, {3, 7}, {5}, {2, 4}, {1}], [{8, 6}, {4, 7}, {1, 5}, {2, 3}], [{8, 6}, {4, 7}, {2, 5}, {1, 3}], [{8, 6}, {4, 7}, {3, 5}, {1, 2}], [{8, 6}, {5, 7}, {1, 4}, {2, 3}], [{8, 6}, {5, 7}, {2, 4}, {1, 3}], [{8, 6}, {5, 7}, {3, 4}, {1, 2}], [{8, 6}, {7}, {2, 5}, {1, 4}, {3}], [{8, 6}, {7}, {4, 5}, {2, 3}, {1}], [{8, 6}, {7}, {5}, {3, 4}, {1, 2}], [{8, 7}, {1, 6}, {2, 5}, {3, 4}], [{8, 7}, {1, 6}, {3, 5}, {2, 4}], [{8, 7}, {1, 6}, {4, 5}, {2, 3}], [{8, 7}, {1, 6}, {4, 5}, {3}, {2}], [{8, 7}, {2, 6}, {1, 5}, {3, 4}], [{8, 7}, {2, 6}, {1, 5}, {4}, {3}], [{8, 7}, {2, 6}, {3, 5}, {1, 4}], [{8, 7}, {2, 6}, {4, 5}, {1, 3}], [{8, 7}, {2, 6}, {4, 5}, {3}, {1}], [{8, 7}, {2, 6}, {5}, {1, 4}, {3}], [{8, 7}, {3, 6}, {1, 5}, {2, 4}], [{8, 7}, {3, 6}, {2, 5}, {1, 4}], [{8, 7}, {3, 6}, {4, 5}, {1, 2}], [{8, 7}, {3, 6}, {4, 5}, {2}, {1}], [{8, 7}, {4, 6}, {1, 5}, {2, 3}], [{8, 7}, {4, 6}, {2, 5}, {1, 3}], [{8, 7}, {4, 6}, {3, 5}, {1, 2}], [{8, 7}, {5, 6}, {1, 4}, {2, 3}], [{8, 7}, {5, 6}, {2, 4}, {1, 3}], [{8, 7}, {5, 6}, {3, 4}, {1, 2}], [{8, 7}, {6}, {4, 5}, {1, 3}, {2}], [{8, 7}, {6}, {4, 5}, {2, 3}, {1}], [{8, 7}, {6}, {4, 5}, {3}, {1, 2}], [{8, 7}, {6}, {4, 5}, {3}, {2}, {1}], [{8}, {1, 7}, {2, 6}, {3, 5}, {4}], [{8}, {1, 7}, {2, 6}, {4, 5}, {3}], [{8}, {1, 7}, {2, 6}, {5}, {3, 4}], [{8}, {1, 7}, {2, 6}, {5}, {4}, {3}], [{8}, {1, 7}, {3, 6}, {4, 5}, {2}], [{8}, {1, 7}, {4, 6}, {2, 5}, {3}], [{8}, {1, 7}, {5, 6}, {2, 4}, {3}], [{8}, {1, 7}, {6}, {4, 5}, {2, 3}], [{8}, {1, 7}, {6}, {4, 5}, {3}, {2}], [{8}, {2, 7}, {5, 6}, {4}, {1, 3}], [{8}, {4, 7}, {2, 6}, {1, 5}, {3}], [{8}, {5, 7}, {2, 6}, {1, 4}, {3}], [{8}, {6, 7}, {4, 5}, {2, 3}, {1}], [{8}, {7}, {1, 6}, {4, 5}, {2, 3}]]",2,36 K_1^3 + 12 K_1^2 K_2 - 20 K_1^2 - 32 K_1 K_2 - 10 K_1 K_3 - 11 K_1 - 2 K_2^2 + 9 K_2 + 7 K_3 + 3 K_4 + 9,O1O2O3O4U1U5O6U4O7O8U3U6U7U8O5U2,O1O2O3O4U1U2O5U3O6O7U5U4U8U7O8U6,O1O2O3O4U5O6U7U6U1U8O7O5U2O8U3U4,c,{'O1O2O3O4U3O5U6U7U8U2O6O7U1O8U5U4'},1,"<a href=""/flatknot/8.733872"">8.733872</a>",t^9-85t^7-208t^6+536t^5+1306t^4-781t^3-1892t^2-111t+208,-t^2+2t,,
8.733873,O1O2O3O4U3O5U6U7U8U2O6O7U4O8U1U5,4,4z^3+32z^2+89z+83,4w^4z^3-6w^4z^2+38w^3z^2-10w^3z+99w^2z+83w,False,False,"[[ 0 -1  1 -1  2  3 -3 -1  0],[ 1  0  2 -1  3  3 -2  0  1],[-1 -2  0  0  0 -1 -1  0  0],[ 1  1  0  0  1  1  1  1  0],[-2 -3  0 -1  0  0 -3 -1  0],[-3 -3  1 -1  0  0 -5 -3 -1],[ 3  2  1 -1  3  5  0  1  1],[ 1  0  0 -1  1  3 -1  0  0],[ 0 -1  0  0  0  1 -1  0  0]]","[[ 0  3  2  1  0 -1 -1 -1 -3],[-3  0  0  1 -1 -1 -3 -3 -5],[-2  0  0  0  0 -1 -1 -3 -3],[-1 -1  0  0  0  0  0 -2 -1],[ 0  1  0  0  0  0  0 -1 -1],[ 1  1  1  0  0  0  1  1  1],[ 1  3  1  0  0 -1  0  0 -1],[ 1  3  3  2  1 -1  0  0 -2],[ 3  5  3  1  1 -1  1  2  0]]",True,"[-3,-2,-1,0,1,1,1,3,0,-1,1,1,3,3,5,0,0,1,1,3,3,0,0,0,2,1,0,0,1,1,-1,-1,-1,0,1,2]","[-3,-2,-1,0,1,1,1,3,0,-1,1,1,3,3,5,0,0,1,1,3,3,0,0,0,2,1,0,0,1,1,-1,-1,-1,0,1,2]",t^8+81t^6+324t^4+113t^2+1,"[-3,-1,-1,-1,0,1,2,3,0,1,3,2,3,2,1,0,1,0,0,0,1,1,1,2,2,1,1,2,2,3,1,2,2,1,3,1]","[-3,-2,-1,0,1,1,1,3,1,3,2,1,1,3,1,1,2,0,2,2,2,1,0,2,2,3,0,1,1,2,0,-1,0,-1,1,3]","[-3,-1,-1,-1,0,1,2,3,-1,1,2,1,1,3,5,1,1,0,0,1,1,0,0,0,1,3,1,2,3,3,0,0,1,0,-1,0]",c,"[[{8, 3}, {1, 7}, {4, 6}, {2, 5}], [{8, 3}, {1, 7}, {6}, {2, 5}, {4}]]",1,- 8 K_1^4 + 20 K_1^3 + 8 K_1^2 K_2 - 12 K_1^2 - 16 K_1 K_2 - 2 K_1 K_3 - 7 K_1 + 7 K_2 + 3 K_3 + 8,O1O2O3O4U5U4O6U1O7O8U3U6U7U8O5U2,O1O2O3O4U1U2O5U3O6O7U6U4U8U5O8U7,O1O2O3O4U5O6U7U6U1U8O5O8U2O7U3U4,c,{'O1O2O3O4U3O5U6U7U8U2O6O7U4O8U1U5'},1,"<a href=""/flatknot/8.733873"">8.733873</a>",t^9-79t^7-246t^6+113t^5+712t^4+137t^3-202t^2-251t-58,-t^2+2t,,
8.733874,O1O2O3O4U3O5U6U7U8U2O6O7U5O8U1U4,4,8z^3+49z^2+102z+73,8w^4z^3+49w^3z^2+102w^2z+73w,False,False,"[[ 0 -1  1 -1  3  2 -3 -1  0],[ 1  0  2  0  3  2 -2  0  1],[-1 -2  0  0  0 -1 -1  0  0],[ 1  0  0  0  1  0  1  1  1],[-3 -3  0 -1  0  1 -5 -3 -2],[-2 -2  1  0 -1  0 -3 -1  0],[ 3  2  1 -1  5  3  0  1  1],[ 1  0  0 -1  3  1 -1  0  0],[ 0 -1  0 -1  2  0 -1  0  0]]","[[ 0  3  2  1  0 -1 -1 -1 -3],[-3  0  1  0 -2 -1 -3 -3 -5],[-2 -1  0  1  0  0 -1 -2 -3],[-1  0 -1  0  0  0  0 -2 -1],[ 0  2  0  0  0 -1  0 -1 -1],[ 1  1  0  0  1  0  1  0  1],[ 1  3  1  0  0 -1  0  0 -1],[ 1  3  2  2  1  0  0  0 -2],[ 3  5  3  1  1 -1  1  2  0]]",True,"[-3,-2,-1,0,1,1,1,3,-1,0,2,1,3,3,5,-1,0,0,1,2,3,0,0,0,2,1,1,0,1,1,-1,0,-1,0,1,2]","[-3,-2,-1,0,1,1,1,3,-1,0,2,1,3,3,5,-1,0,0,1,2,3,0,0,0,2,1,1,0,1,1,-1,0,-1,0,1,2]",t^8+79t^6+495t^4+135t^2+4,"[-3,-1,-1,-1,0,1,2,3,0,1,3,2,3,2,1,0,0,0,0,1,1,1,1,2,2,1,0,2,3,3,1,2,1,2,2,2]","[-3,-2,-1,0,1,1,1,3,2,2,1,1,1,3,1,2,2,1,2,3,2,1,0,2,2,3,0,1,0,2,0,0,0,-1,1,3]","[-3,-1,-1,-1,0,1,2,3,-1,1,2,1,1,3,5,1,0,1,0,0,1,0,0,0,1,3,1,2,2,3,0,0,2,-1,0,-1]",c,"[[{8, 1}, {2, 7}, {3, 6}, {4, 5}], [{8, 1}, {2, 7}, {4, 6}, {3, 5}], [{8, 1}, {2, 7}, {4, 6}, {5}, {3}], [{8, 1}, {2, 7}, {5, 6}, {3, 4}], [{8, 1}, {3, 7}, {2, 6}, {4, 5}], [{8, 1}, {3, 7}, {4, 6}, {2, 5}], [{8, 1}, {3, 7}, {5, 6}, {2, 4}], [{8, 1}, {4, 7}, {2, 6}, {3, 5}], [{8, 1}, {4, 7}, {2, 6}, {5}, {3}], [{8, 1}, {4, 7}, {3, 6}, {2, 5}], [{8, 1}, {4, 7}, {5, 6}, {2, 3}], [{8, 1}, {5, 7}, {2, 6}, {3, 4}], [{8, 1}, {5, 7}, {2, 6}, {4}, {3}], [{8, 1}, {5, 7}, {3, 6}, {2, 4}], [{8, 1}, {5, 7}, {3, 6}, {4}, {2}], [{8, 1}, {5, 7}, {4, 6}, {2, 3}], [{8, 1}, {5, 7}, {4, 6}, {3}, {2}], [{8, 1}, {5, 7}, {6}, {2, 4}, {3}], [{8, 1}, {5, 7}, {6}, {3, 4}, {2}], [{8, 1}, {5, 7}, {6}, {4}, {2, 3}], [{8, 1}, {5, 7}, {6}, {4}, {3}, {2}], [{8, 1}, {6, 7}, {2, 5}, {3, 4}], [{8, 1}, {6, 7}, {3, 5}, {2, 4}], [{8, 1}, {6, 7}, {4, 5}, {2, 3}], [{8, 1}, {6, 7}, {5}, {3, 4}, {2}], [{8, 1}, {7}, {2, 6}, {4, 5}, {3}], [{8, 1}, {7}, {4, 6}, {2, 5}, {3}], [{8, 1}, {7}, {5, 6}, {3, 4}, {2}], [{8, 2}, {1, 7}, {3, 6}, {4, 5}], [{8, 2}, {1, 7}, {4, 6}, {3, 5}], [{8, 2}, {1, 7}, {5, 6}, {3, 4}], [{8, 2}, {3, 7}, {1, 6}, {4, 5}], [{8, 2}, {3, 7}, {4, 6}, {1, 5}], [{8, 2}, {3, 7}, {5, 6}, {1, 4}], [{8, 2}, {4, 7}, {1, 6}, {3, 5}], [{8, 2}, {4, 7}, {3, 6}, {1, 5}], [{8, 2}, {4, 7}, {5, 6}, {1, 3}], [{8, 2}, {4, 7}, {6}, {3, 5}, {1}], [{8, 2}, {5, 7}, {1, 6}, {3, 4}], [{8, 2}, {5, 7}, {3, 6}, {1, 4}], [{8, 2}, {5, 7}, {4, 6}, {1, 3}], [{8, 2}, {5, 7}, {6}, {1, 4}, {3}], [{8, 2}, {6, 7}, {1, 5}, {3, 4}], [{8, 2}, {6, 7}, {3, 5}, {1, 4}], [{8, 2}, {6, 7}, {4, 5}, {1, 3}], [{8, 2}, {6, 7}, {4, 5}, {3}, {1}], [{8, 2}, {6, 7}, {5}, {4}, {1, 3}], [{8, 2}, {7}, {5, 6}, {3, 4}, {1}], [{8, 3}, {1, 7}, {2, 6}, {4, 5}], [{8, 3}, {1, 7}, {4, 6}, {2, 5}], [{8, 3}, {1, 7}, {5, 6}, {2, 4}], [{8, 3}, {2, 7}, {1, 6}, {4, 5}], [{8, 3}, {2, 7}, {4, 6}, {1, 5}], [{8, 3}, {2, 7}, {5, 6}, {1, 4}], [{8, 3}, {2, 7}, {6}, {5}, {1, 4}], [{8, 3}, {4, 7}, {1, 6}, {2, 5}], [{8, 3}, {4, 7}, {2, 6}, {1, 5}], [{8, 3}, {4, 7}, {5, 6}, {1, 2}], [{8, 3}, {5, 7}, {1, 6}, {2, 4}], [{8, 3}, {5, 7}, {2, 6}, {1, 4}], [{8, 3}, {5, 7}, {4, 6}, {1, 2}], [{8, 3}, {5, 7}, {6}, {1, 4}, {2}], [{8, 3}, {6, 7}, {1, 5}, {2, 4}], [{8, 3}, {6, 7}, {2, 5}, {1, 4}], [{8, 3}, {6, 7}, {4, 5}, {1, 2}], [{8, 3}, {6, 7}, {5}, {1, 4}, {2}], [{8, 3}, {7}, {2, 6}, {5}, {1, 4}], [{8, 3}, {7}, {5, 6}, {1, 4}, {2}], [{8, 3}, {7}, {6}, {2, 5}, {1, 4}], [{8, 3}, {7}, {6}, {5}, {1, 4}, {2}], [{8, 4}, {1, 7}, {2, 6}, {3, 5}], [{8, 4}, {1, 7}, {3, 6}, {2, 5}], [{8, 4}, {1, 7}, {5, 6}, {2, 3}], [{8, 4}, {2, 7}, {1, 6}, {3, 5}], [{8, 4}, {2, 7}, {3, 6}, {1, 5}], [{8, 4}, {2, 7}, {3, 6}, {5}, {1}], [{8, 4}, {2, 7}, {5, 6}, {1, 3}], [{8, 4}, {3, 7}, {1, 6}, {2, 5}], [{8, 4}, {3, 7}, {1, 6}, {5}, {2}], [{8, 4}, {3, 7}, {2, 6}, {1, 5}], [{8, 4}, {3, 7}, {2, 6}, {5}, {1}], [{8, 4}, {3, 7}, {5, 6}, {1, 2}], [{8, 4}, {3, 7}, {6}, {5}, {1, 2}], [{8, 4}, {5, 7}, {1, 6}, {2, 3}], [{8, 4}, {5, 7}, {1, 6}, {3}, {2}], [{8, 4}, {5, 7}, {2, 6}, {1, 3}], [{8, 4}, {5, 7}, {2, 6}, {3}, {1}], [{8, 4}, {5, 7}, {3, 6}, {1, 2}], [{8, 4}, {5, 7}, {3, 6}, {2}, {1}], [{8, 4}, {5, 7}, {6}, {1, 3}, {2}], [{8, 4}, {5, 7}, {6}, {2, 3}, {1}], [{8, 4}, {5, 7}, {6}, {3}, {1, 2}], [{8, 4}, {5, 7}, {6}, {3}, {2}, {1}], [{8, 4}, {6, 7}, {1, 5}, {2, 3}], [{8, 4}, {6, 7}, {2, 5}, {1, 3}], [{8, 4}, {6, 7}, {3, 5}, {1, 2}], [{8, 4}, {6, 7}, {5}, {1, 3}, {2}], [{8, 4}, {7}, {1, 6}, {3, 5}, {2}], [{8, 4}, {7}, {2, 6}, {3, 5}, {1}], [{8, 4}, {7}, {3, 6}, {2, 5}, {1}], [{8, 4}, {7}, {5, 6}, {1, 3}, {2}], [{8, 4}, {7}, {6}, {3, 5}, {1, 2}], [{8, 5}, {1, 7}, {2, 6}, {3, 4}], [{8, 5}, {1, 7}, {3, 6}, {2, 4}], [{8, 5}, {1, 7}, {4, 6}, {2, 3}], [{8, 5}, {2, 7}, {1, 6}, {3, 4}], [{8, 5}, {2, 7}, {3, 6}, {1, 4}], [{8, 5}, {2, 7}, {4, 6}, {1, 3}], [{8, 5}, {3, 7}, {1, 6}, {2, 4}], [{8, 5}, {3, 7}, {1, 6}, {4}, {2}], [{8, 5}, {3, 7}, {2, 6}, {1, 4}], [{8, 5}, {3, 7}, {4, 6}, {1, 2}], [{8, 5}, {3, 7}, {4, 6}, {2}, {1}], [{8, 5}, {3, 7}, {6}, {1, 4}, {2}], [{8, 5}, {4, 7}, {1, 6}, {2, 3}], [{8, 5}, {4, 7}, {2, 6}, {1, 3}], [{8, 5}, {4, 7}, {3, 6}, {1, 2}], [{8, 5}, {6, 7}, {1, 4}, {2, 3}], [{8, 5}, {6, 7}, {2, 4}, {1, 3}], [{8, 5}, {6, 7}, {3, 4}, {1, 2}], [{8, 5}, {6, 7}, {4}, {1, 3}, {2}], [{8, 5}, {7}, {4, 6}, {3}, {1, 2}], [{8, 5}, {7}, {6}, {2, 4}, {1, 3}], [{8, 6}, {1, 7}, {2, 5}, {3, 4}], [{8, 6}, {1, 7}, {3, 5}, {2, 4}], [{8, 6}, {1, 7}, {4, 5}, {2, 3}], [{8, 6}, {2, 7}, {1, 5}, {3, 4}], [{8, 6}, {2, 7}, {3, 5}, {1, 4}], [{8, 6}, {2, 7}, {4, 5}, {1, 3}], [{8, 6}, {2, 7}, {5}, {4}, {1, 3}], [{8, 6}, {3, 7}, {1, 5}, {2, 4}], [{8, 6}, {3, 7}, {2, 5}, {1, 4}], [{8, 6}, {3, 7}, {4, 5}, {1, 2}], [{8, 6}, {4, 7}, {1, 5}, {2, 3}], [{8, 6}, {4, 7}, {2, 5}, {1, 3}], [{8, 6}, {4, 7}, {3, 5}, {1, 2}], [{8, 6}, {5, 7}, {1, 4}, {2, 3}], [{8, 6}, {5, 7}, {1, 4}, {3}, {2}], [{8, 6}, {5, 7}, {2, 4}, {1, 3}], [{8, 6}, {5, 7}, {3, 4}, {1, 2}], [{8, 6}, {5, 7}, {4}, {2, 3}, {1}], [{8, 7}, {1, 6}, {2, 5}, {3, 4}], [{8, 7}, {1, 6}, {3, 5}, {2, 4}], [{8, 7}, {1, 6}, {4, 5}, {2, 3}], [{8, 7}, {2, 6}, {1, 5}, {3, 4}], [{8, 7}, {2, 6}, {3, 5}, {1, 4}], [{8, 7}, {2, 6}, {4, 5}, {1, 3}], [{8, 7}, {2, 6}, {5}, {4}, {1, 3}], [{8, 7}, {3, 6}, {1, 5}, {2, 4}], [{8, 7}, {3, 6}, {2, 5}, {1, 4}], [{8, 7}, {3, 6}, {4, 5}, {1, 2}], [{8, 7}, {4, 6}, {1, 5}, {2, 3}], [{8, 7}, {4, 6}, {2, 5}, {1, 3}], [{8, 7}, {4, 6}, {2, 5}, {3}, {1}], [{8, 7}, {4, 6}, {3, 5}, {1, 2}], [{8, 7}, {5, 6}, {1, 4}, {2, 3}], [{8, 7}, {5, 6}, {2, 4}, {1, 3}], [{8, 7}, {5, 6}, {3, 4}, {1, 2}], [{8, 7}, {5, 6}, {3, 4}, {2}, {1}], [{8, 7}, {6}, {1, 5}, {2, 4}, {3}], [{8, 7}, {6}, {3, 5}, {1, 4}, {2}], [{8}, {1, 7}, {2, 6}, {5}, {3, 4}], [{8}, {1, 7}, {3, 6}, {2, 5}, {4}], [{8}, {1, 7}, {4, 6}, {2, 5}, {3}], [{8}, {1, 7}, {4, 6}, {3, 5}, {2}], [{8}, {1, 7}, {4, 6}, {5}, {2, 3}], [{8}, {1, 7}, {5, 6}, {3, 4}, {2}], [{8}, {1, 7}, {6}, {2, 5}, {3, 4}], [{8}, {2, 7}, {1, 6}, {5}, {3, 4}], [{8}, {2, 7}, {5, 6}, {3, 4}, {1}], [{8}, {2, 7}, {6}, {1, 5}, {3, 4}], [{8}, {3, 7}, {1, 6}, {4, 5}, {2}], [{8}, {3, 7}, {5, 6}, {4}, {1, 2}], [{8}, {4, 7}, {3, 6}, {1, 5}, {2}], [{8}, {4, 7}, {5, 6}, {3}, {1, 2}], [{8}, {5, 7}, {1, 6}, {4}, {2, 3}], [{8}, {5, 7}, {2, 6}, {1, 4}, {3}], [{8}, {5, 7}, {3, 6}, {1, 4}, {2}], [{8}, {5, 7}, {4, 6}, {2, 3}, {1}], [{8}, {5, 7}, {6}, {1, 4}, {2, 3}], [{8}, {5, 7}, {6}, {1, 4}, {3}, {2}], [{8}, {6, 7}, {2, 5}, {4}, {1, 3}], [{8}, {6, 7}, {4, 5}, {1, 3}, {2}], [{8}, {6, 7}, {5}, {2, 4}, {1, 3}], [{8}, {6, 7}, {5}, {4}, {1, 3}, {2}], [{8}, {7}, {4, 6}, {1, 5}, {2, 3}], [{8}, {7}, {5, 6}, {3, 4}, {1, 2}], [{8}, {7}, {5, 6}, {3, 4}, {2}, {1}]]",2,- 8 K_1^4 + 16 K_1^3 + 16 K_1^2 K_2 - 8 K_1^2 - 16 K_1 K_2 - 6 K_1 K_3 - 4 K_1 - 4 K_2^2 + 3 K_2 + 4 K_3 + 2 K_4 + 6,O1O2O3O4U1U4O5U6O7O8U3U5U7U8O6U2,O1O2O3O4U1U2O5U3O6O7U6U4U8U7O8U5,O1O2O3O4U5O6U7U6U1U8O7O8U2O5U3U4,c,{'O1O2O3O4U3O5U6U7U8U2O6O7U5O8U1U4'},1,"<a href=""/flatknot/8.733874"">8.733874</a>",t^9-77t^7-260t^6+130t^5+1194t^4+701t^3-470t^2+17t+196,-t^2+2t,,
8.733875,O1O2O3O4U3O5U6U7U8U4O6O7U1O8U2U5,4,3z^3+33z^2+108z+109,3w^4z^3+33w^3z^2+108w^2z+109w,False,False,"[[ 0 -1  0 -1  3  3 -3 -1  0],[ 1  0  0 -1  3  2 -1  1  2],[ 0  0  0 -1  4  2 -3 -1  1],[ 1  1  1  0  1  1  0  0  0],[-3 -3 -4 -1  0 -2 -3 -2 -1],[-3 -2 -2 -1  2  0 -5 -3 -1],[ 3  1  3  0  3  5  0  1  1],[ 1 -1  1  0  2  3 -1  0  0],[ 0 -2 -1  0  1  1 -1  0  0]]","[[ 0  3  3  0  0 -1 -1 -1 -3],[-3  0  2 -1 -2 -1 -2 -3 -5],[-3 -2  0 -1 -4 -1 -3 -2 -3],[ 0  1  1  0 -1  0 -2  0 -1],[ 0  2  4  1  0 -1  0 -1 -3],[ 1  1  1  0  1  0  1  0  0],[ 1  2  3  2  0 -1  0  1 -1],[ 1  3  2  0  1  0 -1  0 -1],[ 3  5  3  1  3  0  1  1  0]]",True,"[-3,-3,0,0,1,1,1,3,-2,1,2,1,2,3,5,1,4,1,3,2,3,1,0,2,0,1,1,0,1,3,-1,0,0,-1,1,1]","[-3,-3,0,0,1,1,1,3,-2,-1,2,1,2,3,3,1,2,2,1,3,1,1,1,0,0,0,-1,1,1,2,1,-1,1,0,1,2]",t^8+109t^6+785t^4+196t^2+4,"[-3,-1,-1,-1,0,0,3,3,1,1,2,0,2,1,3,-1,1,1,-1,2,1,0,0,1,1,2,0,1,3,3,-1,1,-1,2,2,-2]","[-3,-3,0,0,1,1,1,3,-2,-1,2,1,2,3,3,1,2,2,1,3,1,1,1,0,0,0,-1,1,1,2,1,-1,1,0,1,2]","[-3,-1,-1,-1,0,0,3,3,0,1,1,1,3,3,5,0,1,0,1,1,1,-1,0,1,2,3,2,0,3,2,-1,1,1,4,2,-2]",c,"[[{8, 1}, {2, 7}, {3, 6}, {4, 5}], [{8, 1}, {2, 7}, {4, 6}, {3, 5}], [{8, 1}, {2, 7}, {5, 6}, {3, 4}], [{8, 1}, {2, 7}, {5, 6}, {4}, {3}], [{8, 1}, {2, 7}, {6}, {5}, {3, 4}], [{8, 1}, {3, 7}, {2, 6}, {4, 5}], [{8, 1}, {3, 7}, {4, 6}, {2, 5}], [{8, 1}, {3, 7}, {5, 6}, {2, 4}], [{8, 1}, {4, 7}, {2, 6}, {3, 5}], [{8, 1}, {4, 7}, {3, 6}, {2, 5}], [{8, 1}, {4, 7}, {5, 6}, {2, 3}], [{8, 1}, {4, 7}, {6}, {3, 5}, {2}], [{8, 1}, {5, 7}, {2, 6}, {3, 4}], [{8, 1}, {5, 7}, {3, 6}, {2, 4}], [{8, 1}, {5, 7}, {4, 6}, {2, 3}], [{8, 1}, {6, 7}, {2, 5}, {3, 4}], [{8, 1}, {6, 7}, {3, 5}, {2, 4}], [{8, 1}, {6, 7}, {4, 5}, {2, 3}], [{8, 1}, {7}, {6}, {4, 5}, {2, 3}], [{8, 2}, {1, 7}, {3, 6}, {4, 5}], [{8, 2}, {1, 7}, {3, 6}, {5}, {4}], [{8, 2}, {1, 7}, {4, 6}, {3, 5}], [{8, 2}, {1, 7}, {4, 6}, {5}, {3}], [{8, 2}, {1, 7}, {5, 6}, {3, 4}], [{8, 2}, {1, 7}, {5, 6}, {4}, {3}], [{8, 2}, {1, 7}, {6}, {3, 5}, {4}], [{8, 2}, {1, 7}, {6}, {4, 5}, {3}], [{8, 2}, {1, 7}, {6}, {5}, {3, 4}], [{8, 2}, {3, 7}, {1, 6}, {4, 5}], [{8, 2}, {3, 7}, {1, 6}, {5}, {4}], [{8, 2}, {3, 7}, {4, 6}, {1, 5}], [{8, 2}, {3, 7}, {4, 6}, {5}, {1}], [{8, 2}, {3, 7}, {5, 6}, {1, 4}], [{8, 2}, {3, 7}, {5, 6}, {4}, {1}], [{8, 2}, {3, 7}, {6}, {1, 5}, {4}], [{8, 2}, {3, 7}, {6}, {4, 5}, {1}], [{8, 2}, {3, 7}, {6}, {5}, {1, 4}], [{8, 2}, {4, 7}, {1, 6}, {3, 5}], [{8, 2}, {4, 7}, {1, 6}, {5}, {3}], [{8, 2}, {4, 7}, {3, 6}, {1, 5}], [{8, 2}, {4, 7}, {3, 6}, {5}, {1}], [{8, 2}, {4, 7}, {5, 6}, {1, 3}], [{8, 2}, {4, 7}, {5, 6}, {3}, {1}], [{8, 2}, {4, 7}, {6}, {1, 5}, {3}], [{8, 2}, {4, 7}, {6}, {3, 5}, {1}], [{8, 2}, {4, 7}, {6}, {5}, {1, 3}], [{8, 2}, {5, 7}, {1, 6}, {3, 4}], [{8, 2}, {5, 7}, {1, 6}, {4}, {3}], [{8, 2}, {5, 7}, {3, 6}, {1, 4}], [{8, 2}, {5, 7}, {3, 6}, {4}, {1}], [{8, 2}, {5, 7}, {4, 6}, {1, 3}], [{8, 2}, {5, 7}, {4, 6}, {3}, {1}], [{8, 2}, {5, 7}, {6}, {1, 4}, {3}], [{8, 2}, {5, 7}, {6}, {3, 4}, {1}], [{8, 2}, {5, 7}, {6}, {4}, {1, 3}], [{8, 2}, {6, 7}, {1, 5}, {3, 4}], [{8, 2}, {6, 7}, {1, 5}, {4}, {3}], [{8, 2}, {6, 7}, {3, 5}, {1, 4}], [{8, 2}, {6, 7}, {3, 5}, {4}, {1}], [{8, 2}, {6, 7}, {4, 5}, {1, 3}], [{8, 2}, {6, 7}, {4, 5}, {3}, {1}], [{8, 2}, {6, 7}, {5}, {1, 4}, {3}], [{8, 2}, {6, 7}, {5}, {3, 4}, {1}], [{8, 2}, {6, 7}, {5}, {4}, {1, 3}], [{8, 2}, {7}, {1, 6}, {3, 5}, {4}], [{8, 2}, {7}, {1, 6}, {4, 5}, {3}], [{8, 2}, {7}, {1, 6}, {5}, {3, 4}], [{8, 2}, {7}, {3, 6}, {1, 5}, {4}], [{8, 2}, {7}, {3, 6}, {4, 5}, {1}], [{8, 2}, {7}, {3, 6}, {5}, {1, 4}], [{8, 2}, {7}, {4, 6}, {1, 5}, {3}], [{8, 2}, {7}, {4, 6}, {3, 5}, {1}], [{8, 2}, {7}, {4, 6}, {5}, {1, 3}], [{8, 2}, {7}, {5, 6}, {1, 4}, {3}], [{8, 2}, {7}, {5, 6}, {3, 4}, {1}], [{8, 2}, {7}, {5, 6}, {4}, {1, 3}], [{8, 2}, {7}, {6}, {1, 5}, {3, 4}], [{8, 2}, {7}, {6}, {3, 5}, {1, 4}], [{8, 2}, {7}, {6}, {4, 5}, {1, 3}], [{8, 3}, {1, 7}, {2, 6}, {4, 5}], [{8, 3}, {1, 7}, {4, 6}, {2, 5}], [{8, 3}, {1, 7}, {5, 6}, {2, 4}], [{8, 3}, {2, 7}, {1, 6}, {4, 5}], [{8, 3}, {2, 7}, {4, 6}, {1, 5}], [{8, 3}, {2, 7}, {4, 6}, {5}, {1}], [{8, 3}, {2, 7}, {5, 6}, {1, 4}], [{8, 3}, {2, 7}, {5, 6}, {4}, {1}], [{8, 3}, {2, 7}, {6}, {4, 5}, {1}], [{8, 3}, {4, 7}, {1, 6}, {2, 5}], [{8, 3}, {4, 7}, {2, 6}, {1, 5}], [{8, 3}, {4, 7}, {5, 6}, {1, 2}], [{8, 3}, {4, 7}, {6}, {1, 5}, {2}], [{8, 3}, {5, 7}, {1, 6}, {2, 4}], [{8, 3}, {5, 7}, {2, 6}, {1, 4}], [{8, 3}, {5, 7}, {4, 6}, {1, 2}], [{8, 3}, {6, 7}, {1, 5}, {2, 4}], [{8, 3}, {6, 7}, {1, 5}, {4}, {2}], [{8, 3}, {6, 7}, {2, 5}, {1, 4}], [{8, 3}, {6, 7}, {4, 5}, {1, 2}], [{8, 3}, {6, 7}, {5}, {2, 4}, {1}], [{8, 3}, {7}, {4, 6}, {1, 5}, {2}], [{8, 4}, {1, 7}, {2, 6}, {3, 5}], [{8, 4}, {1, 7}, {3, 6}, {2, 5}], [{8, 4}, {1, 7}, {5, 6}, {2, 3}], [{8, 4}, {2, 7}, {1, 6}, {3, 5}], [{8, 4}, {2, 7}, {3, 6}, {1, 5}], [{8, 4}, {2, 7}, {5, 6}, {1, 3}], [{8, 4}, {3, 7}, {1, 6}, {2, 5}], [{8, 4}, {3, 7}, {2, 6}, {1, 5}], [{8, 4}, {3, 7}, {5, 6}, {1, 2}], [{8, 4}, {5, 7}, {1, 6}, {2, 3}], [{8, 4}, {5, 7}, {2, 6}, {1, 3}], [{8, 4}, {5, 7}, {3, 6}, {1, 2}], [{8, 4}, {6, 7}, {1, 5}, {2, 3}], [{8, 4}, {6, 7}, {1, 5}, {3}, {2}], [{8, 4}, {6, 7}, {2, 5}, {1, 3}], [{8, 4}, {6, 7}, {3, 5}, {1, 2}], [{8, 4}, {7}, {1, 6}, {3, 5}, {2}], [{8, 4}, {7}, {5, 6}, {1, 3}, {2}], [{8, 5}, {1, 7}, {2, 6}, {3, 4}], [{8, 5}, {1, 7}, {3, 6}, {2, 4}], [{8, 5}, {1, 7}, {4, 6}, {2, 3}], [{8, 5}, {1, 7}, {6}, {2, 4}, {3}], [{8, 5}, {2, 7}, {1, 6}, {3, 4}], [{8, 5}, {2, 7}, {3, 6}, {1, 4}], [{8, 5}, {2, 7}, {4, 6}, {1, 3}], [{8, 5}, {2, 7}, {6}, {4}, {1, 3}], [{8, 5}, {3, 7}, {1, 6}, {2, 4}], [{8, 5}, {3, 7}, {2, 6}, {1, 4}], [{8, 5}, {3, 7}, {4, 6}, {1, 2}], [{8, 5}, {3, 7}, {6}, {2, 4}, {1}], [{8, 5}, {4, 7}, {1, 6}, {2, 3}], [{8, 5}, {4, 7}, {2, 6}, {1, 3}], [{8, 5}, {4, 7}, {3, 6}, {1, 2}], [{8, 5}, {4, 7}, {6}, {1, 3}, {2}], [{8, 5}, {6, 7}, {1, 4}, {2, 3}], [{8, 5}, {6, 7}, {2, 4}, {1, 3}], [{8, 5}, {6, 7}, {3, 4}, {1, 2}], [{8, 5}, {7}, {6}, {2, 4}, {1, 3}], [{8, 6}, {1, 7}, {2, 5}, {3, 4}], [{8, 6}, {1, 7}, {3, 5}, {2, 4}], [{8, 6}, {1, 7}, {4, 5}, {2, 3}], [{8, 6}, {2, 7}, {1, 5}, {3, 4}], [{8, 6}, {2, 7}, {3, 5}, {1, 4}], [{8, 6}, {2, 7}, {4, 5}, {1, 3}], [{8, 6}, {2, 7}, {5}, {4}, {1, 3}], [{8, 6}, {3, 7}, {1, 5}, {2, 4}], [{8, 6}, {3, 7}, {2, 5}, {1, 4}], [{8, 6}, {3, 7}, {4, 5}, {1, 2}], [{8, 6}, {4, 7}, {1, 5}, {2, 3}], [{8, 6}, {4, 7}, {1, 5}, {3}, {2}], [{8, 6}, {4, 7}, {2, 5}, {1, 3}], [{8, 6}, {4, 7}, {3, 5}, {1, 2}], [{8, 6}, {4, 7}, {3, 5}, {2}, {1}], [{8, 6}, {4, 7}, {5}, {1, 3}, {2}], [{8, 6}, {5, 7}, {1, 4}, {2, 3}], [{8, 6}, {5, 7}, {2, 4}, {1, 3}], [{8, 6}, {5, 7}, {3, 4}, {1, 2}], [{8, 6}, {7}, {5}, {1, 4}, {2, 3}], [{8, 6}, {7}, {5}, {2, 4}, {1, 3}], [{8, 6}, {7}, {5}, {3, 4}, {1, 2}], [{8, 7}, {1, 6}, {2, 5}, {3, 4}], [{8, 7}, {1, 6}, {3, 5}, {2, 4}], [{8, 7}, {1, 6}, {3, 5}, {4}, {2}], [{8, 7}, {1, 6}, {4, 5}, {2, 3}], [{8, 7}, {2, 6}, {1, 5}, {3, 4}], [{8, 7}, {2, 6}, {3, 5}, {1, 4}], [{8, 7}, {2, 6}, {4, 5}, {1, 3}], [{8, 7}, {3, 6}, {1, 5}, {2, 4}], [{8, 7}, {3, 6}, {2, 5}, {1, 4}], [{8, 7}, {3, 6}, {4, 5}, {1, 2}], [{8, 7}, {4, 6}, {1, 5}, {2, 3}], [{8, 7}, {4, 6}, {1, 5}, {3}, {2}], [{8, 7}, {4, 6}, {2, 5}, {1, 3}], [{8, 7}, {4, 6}, {3, 5}, {1, 2}], [{8, 7}, {5, 6}, {1, 4}, {2, 3}], [{8, 7}, {5, 6}, {2, 4}, {1, 3}], [{8, 7}, {5, 6}, {3, 4}, {1, 2}], [{8, 7}, {5, 6}, {4}, {1, 3}, {2}], [{8}, {1, 7}, {3, 6}, {4, 5}, {2}], [{8}, {1, 7}, {4, 6}, {3, 5}, {2}], [{8}, {1, 7}, {5, 6}, {3, 4}, {2}], [{8}, {2, 7}, {1, 6}, {3, 5}, {4}], [{8}, {2, 7}, {4, 6}, {1, 5}, {3}], [{8}, {2, 7}, {5, 6}, {4}, {1, 3}], [{8}, {3, 7}, {1, 6}, {4, 5}, {2}], [{8}, {3, 7}, {4, 6}, {1, 5}, {2}], [{8}, {3, 7}, {5, 6}, {1, 4}, {2}], [{8}, {4, 7}, {1, 6}, {3, 5}, {2}], [{8}, {4, 7}, {2, 6}, {1, 5}, {3}], [{8}, {4, 7}, {2, 6}, {3, 5}, {1}], [{8}, {4, 7}, {2, 6}, {5}, {1, 3}], [{8}, {4, 7}, {3, 6}, {1, 5}, {2}], [{8}, {4, 7}, {5, 6}, {1, 3}, {2}], [{8}, {4, 7}, {6}, {1, 5}, {2, 3}], [{8}, {4, 7}, {6}, {1, 5}, {3}, {2}], [{8}, {4, 7}, {6}, {2, 5}, {1, 3}], [{8}, {4, 7}, {6}, {3, 5}, {1, 2}], [{8}, {4, 7}, {6}, {3, 5}, {2}, {1}], [{8}, {4, 7}, {6}, {5}, {1, 3}, {2}], [{8}, {5, 7}, {1, 6}, {3, 4}, {2}], [{8}, {5, 7}, {3, 6}, {1, 4}, {2}], [{8}, {5, 7}, {4, 6}, {1, 3}, {2}], [{8}, {6, 7}, {1, 5}, {2, 4}, {3}], [{8}, {6, 7}, {1, 5}, {3, 4}, {2}], [{8}, {6, 7}, {1, 5}, {4}, {2, 3}], [{8}, {6, 7}, {1, 5}, {4}, {3}, {2}], [{8}, {6, 7}, {3, 5}, {1, 4}, {2}], [{8}, {6, 7}, {4, 5}, {1, 3}, {2}], [{8}, {7}, {1, 6}, {3, 5}, {2, 4}], [{8}, {7}, {1, 6}, {3, 5}, {4}, {2}], [{8}, {7}, {4, 6}, {1, 5}, {2, 3}], [{8}, {7}, {4, 6}, {1, 5}, {3}, {2}], [{8}, {7}, {5, 6}, {2, 4}, {1, 3}], [{8}, {7}, {5, 6}, {4}, {1, 3}, {2}]]",2,- 16 K_1^4 + 28 K_1^3 + 16 K_1^2 K_2 - 28 K_1^2 - 22 K_1 K_2 - 4 K_1 K_3 - 10 K_1 + 16 K_2 + 4 K_3 + 17,O1O2O3O4U5U3O6U4O7O8U1U6U7U8O5U2,O1O2O3O4U1U2O5U3O6O7U5U6U8U4O8U7,O1O2O3O4U5O6U1U6U7U8O5O7U2O8U3U4,c,{'O1O2O3O4U3O5U6U7U8U4O6O7U1O8U2U5'},1,"<a href=""/flatknot/8.733875"">8.733875</a>",t^9-103t^7-480t^6-225t^5+1304t^4+640t^3-1266t^2+244t+14,-t^3+3t,,
8.733876,O1O2O3O4U3O5U6U7U8U4O6O7U1O8U5U2,4,4z^3+38z^2+103z+87,4w^4z^3+38w^3z^2+103w^2z+87w,False,False,"[[ 0 -1  1 -1  3  2 -3 -1  0],[ 1  0  1 -1  3  1 -1  1  2],[-1 -1  0 -1  3  1 -4 -2  0],[ 1  1  1  0  1  1  0  0  0],[-3 -3 -3 -1  0 -2 -3 -2 -1],[-2 -1 -1 -1  2  0 -4 -2  0],[ 3  1  4  0  3  4  0  1  1],[ 1 -1  2  0  2  2 -1  0  0],[ 0 -2  0  0  1  0 -1  0  0]]","[[ 0  3  2  1  0 -1 -1 -1 -3],[-3  0 -2 -3 -1 -1 -2 -3 -3],[-2  2  0 -1  0 -1 -2 -1 -4],[-1  3  1  0  0 -1 -2 -1 -4],[ 0  1  0  0  0  0  0 -2 -1],[ 1  1  1  1  0  0  0  1  0],[ 1  2  2  2  0  0  0 -1 -1],[ 1  3  1  1  2 -1  1  0 -1],[ 3  3  4  4  1  0  1  1  0]]",True,"[-3,-2,-1,0,1,1,1,3,2,3,1,1,2,3,3,1,0,1,2,1,4,0,1,2,1,4,0,0,2,1,0,-1,0,1,1,1]","[-3,-2,-1,0,1,1,1,3,-1,-1,2,1,2,3,3,0,2,2,1,2,1,1,1,0,1,0,-1,1,1,2,1,-1,1,0,1,2]",t^8+91t^6+531t^4+102t^2+1,"[-3,-1,-1,-1,0,1,2,3,1,1,2,2,0,1,3,-1,1,-1,1,2,1,0,1,0,1,2,1,1,2,3,1,2,2,0,-1,-1]","[-3,-2,-1,0,1,1,1,3,-1,-1,2,1,2,3,3,0,2,2,1,2,1,1,1,0,1,0,-1,1,1,2,1,-1,1,0,1,2]","[-3,-1,-1,-1,0,1,2,3,0,1,1,1,4,4,3,0,1,0,1,1,1,-1,0,2,2,2,2,1,1,3,0,0,1,1,3,2]",c,"[[{8, 5}, {2, 7}, {3, 6}, {1, 4}]]",1,16 K_1^3 + 12 K_1^2 K_2 - 18 K_1^2 - 16 K_1 K_2 - 8 K_1 K_3 - 4 K_1 + 7 K_2 + 4 K_3 + K_4 + 7,O1O2O3O4U3U5O6U4O7O8U1U6U7U8O5U2,O1O2O3O4U1U2O5U3O6O7U5U7U8U4O8U6,O1O2O3O4U5O6U1U6U7U8O7O5U2O8U3U4,c,{'O1O2O3O4U3O5U6U7U8U4O6O7U1O8U5U2'},1,"<a href=""/flatknot/8.733876"">8.733876</a>",t^9-89t^7-358t^6-150t^5+942t^4+1208t^3+188t^2-166t+20,-t^2+2t,,
8.733877,O1O2O3O4U3O5U6U7U8U4O6O7U2O8U1U5,4,18z^2+87z+103,18w^3z^2+87w^2z+103w,False,False,"[[ 0 -1  0 -1  3  3 -3 -1  0],[ 1  0  1 -1  4  3 -2  0  1],[ 0 -1  0 -1  3  1 -2  0  1],[ 1  1  1  0  1  1  0  0  0],[-3 -4 -3 -1  0 -2 -3 -2 -1],[-3 -3 -1 -1  2  0 -5 -3 -1],[ 3  2  2  0  3  5  0  1  1],[ 1  0  0  0  2  3 -1  0  0],[ 0 -1 -1  0  1  1 -1  0  0]]","[[ 0  3  3  0  0 -1 -1 -1 -3],[-3  0  2 -1 -1 -1 -3 -3 -5],[-3 -2  0 -1 -3 -1 -2 -4 -3],[ 0  1  1  0 -1  0  0 -1 -1],[ 0  1  3  1  0 -1  0 -1 -2],[ 1  1  1  0  1  0  0  1  0],[ 1  3  2  0  0  0  0  0 -1],[ 1  3  4  1  1 -1  0  0 -2],[ 3  5  3  1  2  0  1  2  0]]",True,"[-3,-3,0,0,1,1,1,3,-2,1,1,1,3,3,5,1,3,1,2,4,3,1,0,0,1,1,1,0,1,2,0,-1,0,0,1,2]","[-3,-3,0,0,1,1,1,3,-2,0,2,0,2,3,3,2,2,1,1,3,1,1,0,1,0,1,0,1,1,2,0,-1,0,0,1,2]",t^8+105t^6+466t^4+76t^2,"[-3,-1,-1,-1,0,0,3,3,0,1,2,1,2,1,3,0,1,0,0,1,0,0,1,1,1,2,0,1,3,3,-1,2,0,2,2,-2]","[-3,-3,0,0,1,1,1,3,-2,0,2,0,2,3,3,2,2,1,1,3,1,1,0,1,0,1,0,1,1,2,0,-1,0,0,1,2]","[-3,-1,-1,-1,0,0,3,3,0,1,2,1,2,3,5,0,1,0,1,1,1,0,0,0,2,3,1,1,4,3,-1,1,1,3,1,-2]",c,"[[{8, 1}, {2, 7}, {3, 6}, {4, 5}], [{8, 1}, {2, 7}, {3, 6}, {5}, {4}], [{8, 1}, {2, 7}, {4, 6}, {3, 5}], [{8, 1}, {2, 7}, {4, 6}, {5}, {3}], [{8, 1}, {2, 7}, {5, 6}, {3, 4}], [{8, 1}, {2, 7}, {5, 6}, {4}, {3}], [{8, 1}, {2, 7}, {6}, {3, 5}, {4}], [{8, 1}, {2, 7}, {6}, {4, 5}, {3}], [{8, 1}, {2, 7}, {6}, {5}, {3, 4}], [{8, 1}, {3, 7}, {2, 6}, {4, 5}], [{8, 1}, {3, 7}, {4, 6}, {2, 5}], [{8, 1}, {3, 7}, {5, 6}, {2, 4}], [{8, 1}, {3, 7}, {6}, {2, 5}, {4}], [{8, 1}, {4, 7}, {2, 6}, {3, 5}], [{8, 1}, {4, 7}, {2, 6}, {5}, {3}], [{8, 1}, {4, 7}, {3, 6}, {2, 5}], [{8, 1}, {4, 7}, {5, 6}, {2, 3}], [{8, 1}, {5, 7}, {2, 6}, {3, 4}], [{8, 1}, {5, 7}, {3, 6}, {2, 4}], [{8, 1}, {5, 7}, {4, 6}, {2, 3}], [{8, 1}, {6, 7}, {2, 5}, {3, 4}], [{8, 1}, {6, 7}, {3, 5}, {2, 4}], [{8, 1}, {6, 7}, {4, 5}, {2, 3}], [{8, 1}, {7}, {3, 6}, {4, 5}, {2}], [{8, 1}, {7}, {4, 6}, {3, 5}, {2}], [{8, 1}, {7}, {5, 6}, {3, 4}, {2}], [{8, 2}, {1, 7}, {3, 6}, {4, 5}], [{8, 2}, {1, 7}, {4, 6}, {3, 5}], [{8, 2}, {1, 7}, {5, 6}, {3, 4}], [{8, 2}, {1, 7}, {6}, {4, 5}, {3}], [{8, 2}, {3, 7}, {1, 6}, {4, 5}], [{8, 2}, {3, 7}, {4, 6}, {1, 5}], [{8, 2}, {3, 7}, {5, 6}, {1, 4}], [{8, 2}, {3, 7}, {6}, {4, 5}, {1}], [{8, 2}, {4, 7}, {1, 6}, {3, 5}], [{8, 2}, {4, 7}, {3, 6}, {1, 5}], [{8, 2}, {4, 7}, {3, 6}, {5}, {1}], [{8, 2}, {4, 7}, {5, 6}, {1, 3}], [{8, 2}, {4, 7}, {5, 6}, {3}, {1}], [{8, 2}, {4, 7}, {6}, {3, 5}, {1}], [{8, 2}, {5, 7}, {1, 6}, {3, 4}], [{8, 2}, {5, 7}, {1, 6}, {4}, {3}], [{8, 2}, {5, 7}, {3, 6}, {1, 4}], [{8, 2}, {5, 7}, {4, 6}, {1, 3}], [{8, 2}, {5, 7}, {4, 6}, {3}, {1}], [{8, 2}, {5, 7}, {6}, {1, 4}, {3}], [{8, 2}, {6, 7}, {1, 5}, {3, 4}], [{8, 2}, {6, 7}, {3, 5}, {1, 4}], [{8, 2}, {6, 7}, {4, 5}, {1, 3}], [{8, 2}, {7}, {6}, {4, 5}, {1, 3}], [{8, 3}, {1, 7}, {2, 6}, {4, 5}], [{8, 3}, {1, 7}, {2, 6}, {5}, {4}], [{8, 3}, {1, 7}, {4, 6}, {2, 5}], [{8, 3}, {1, 7}, {5, 6}, {2, 4}], [{8, 3}, {2, 7}, {1, 6}, {4, 5}], [{8, 3}, {2, 7}, {4, 6}, {1, 5}], [{8, 3}, {2, 7}, {5, 6}, {1, 4}], [{8, 3}, {2, 7}, {6}, {5}, {1, 4}], [{8, 3}, {4, 7}, {1, 6}, {2, 5}], [{8, 3}, {4, 7}, {2, 6}, {1, 5}], [{8, 3}, {4, 7}, {5, 6}, {1, 2}], [{8, 3}, {5, 7}, {1, 6}, {2, 4}], [{8, 3}, {5, 7}, {2, 6}, {1, 4}], [{8, 3}, {5, 7}, {4, 6}, {1, 2}], [{8, 3}, {5, 7}, {4, 6}, {2}, {1}], [{8, 3}, {6, 7}, {1, 5}, {2, 4}], [{8, 3}, {6, 7}, {2, 5}, {1, 4}], [{8, 3}, {6, 7}, {4, 5}, {1, 2}], [{8, 3}, {7}, {2, 6}, {4, 5}, {1}], [{8, 4}, {1, 7}, {2, 6}, {3, 5}], [{8, 4}, {1, 7}, {3, 6}, {2, 5}], [{8, 4}, {1, 7}, {5, 6}, {2, 3}], [{8, 4}, {2, 7}, {1, 6}, {3, 5}], [{8, 4}, {2, 7}, {3, 6}, {1, 5}], [{8, 4}, {2, 7}, {5, 6}, {1, 3}], [{8, 4}, {3, 7}, {1, 6}, {2, 5}], [{8, 4}, {3, 7}, {2, 6}, {1, 5}], [{8, 4}, {3, 7}, {5, 6}, {1, 2}], [{8, 4}, {5, 7}, {1, 6}, {2, 3}], [{8, 4}, {5, 7}, {2, 6}, {1, 3}], [{8, 4}, {5, 7}, {3, 6}, {1, 2}], [{8, 4}, {6, 7}, {1, 5}, {2, 3}], [{8, 4}, {6, 7}, {2, 5}, {1, 3}], [{8, 4}, {6, 7}, {3, 5}, {1, 2}], [{8, 4}, {6, 7}, {3, 5}, {2}, {1}], [{8, 4}, {7}, {6}, {1, 5}, {2, 3}], [{8, 5}, {1, 7}, {2, 6}, {3, 4}], [{8, 5}, {1, 7}, {3, 6}, {2, 4}], [{8, 5}, {1, 7}, {4, 6}, {2, 3}], [{8, 5}, {2, 7}, {1, 6}, {3, 4}], [{8, 5}, {2, 7}, {1, 6}, {4}, {3}], [{8, 5}, {2, 7}, {3, 6}, {1, 4}], [{8, 5}, {2, 7}, {4, 6}, {1, 3}], [{8, 5}, {3, 7}, {1, 6}, {2, 4}], [{8, 5}, {3, 7}, {2, 6}, {1, 4}], [{8, 5}, {3, 7}, {4, 6}, {1, 2}], [{8, 5}, {3, 7}, {4, 6}, {2}, {1}], [{8, 5}, {4, 7}, {1, 6}, {2, 3}], [{8, 5}, {4, 7}, {2, 6}, {1, 3}], [{8, 5}, {4, 7}, {3, 6}, {1, 2}], [{8, 5}, {6, 7}, {1, 4}, {2, 3}], [{8, 5}, {6, 7}, {2, 4}, {1, 3}], [{8, 5}, {6, 7}, {3, 4}, {1, 2}], [{8, 6}, {1, 7}, {2, 5}, {3, 4}], [{8, 6}, {1, 7}, {3, 5}, {2, 4}], [{8, 6}, {1, 7}, {4, 5}, {2, 3}], [{8, 6}, {2, 7}, {1, 5}, {3, 4}], [{8, 6}, {2, 7}, {3, 5}, {1, 4}], [{8, 6}, {2, 7}, {4, 5}, {1, 3}], [{8, 6}, {3, 7}, {1, 5}, {2, 4}], [{8, 6}, {3, 7}, {2, 5}, {1, 4}], [{8, 6}, {3, 7}, {4, 5}, {1, 2}], [{8, 6}, {4, 7}, {1, 5}, {2, 3}], [{8, 6}, {4, 7}, {2, 5}, {1, 3}], [{8, 6}, {4, 7}, {3, 5}, {1, 2}], [{8, 6}, {4, 7}, {3, 5}, {2}, {1}], [{8, 6}, {5, 7}, {1, 4}, {2, 3}], [{8, 6}, {5, 7}, {2, 4}, {1, 3}], [{8, 6}, {5, 7}, {3, 4}, {1, 2}], [{8, 6}, {7}, {4, 5}, {2, 3}, {1}], [{8, 7}, {1, 6}, {2, 5}, {3, 4}], [{8, 7}, {1, 6}, {3, 5}, {2, 4}], [{8, 7}, {1, 6}, {4, 5}, {2, 3}], [{8, 7}, {2, 6}, {1, 5}, {3, 4}], [{8, 7}, {2, 6}, {3, 5}, {1, 4}], [{8, 7}, {2, 6}, {4, 5}, {1, 3}], [{8, 7}, {2, 6}, {5}, {3, 4}, {1}], [{8, 7}, {3, 6}, {1, 5}, {2, 4}], [{8, 7}, {3, 6}, {2, 5}, {1, 4}], [{8, 7}, {3, 6}, {4, 5}, {1, 2}], [{8, 7}, {4, 6}, {1, 5}, {2, 3}], [{8, 7}, {4, 6}, {2, 5}, {1, 3}], [{8, 7}, {4, 6}, {3, 5}, {1, 2}], [{8, 7}, {5, 6}, {1, 4}, {2, 3}], [{8, 7}, {5, 6}, {2, 4}, {1, 3}], [{8, 7}, {5, 6}, {3, 4}, {1, 2}], [{8}, {1, 7}, {3, 6}, {2, 5}, {4}], [{8}, {2, 7}, {3, 6}, {4, 5}, {1}], [{8}, {2, 7}, {4, 6}, {3, 5}, {1}], [{8}, {2, 7}, {5, 6}, {3, 4}, {1}], [{8}, {4, 7}, {1, 6}, {5}, {2, 3}], [{8}, {4, 7}, {2, 6}, {3, 5}, {1}], [{8}, {5, 7}, {4, 6}, {2, 3}, {1}], [{8}, {6, 7}, {2, 5}, {4}, {1, 3}], [{8}, {7}, {5, 6}, {1, 4}, {2, 3}], [{8}, {7}, {5, 6}, {2, 4}, {1, 3}]]",2,20 K_1^3 + 12 K_1^2 K_2 - 30 K_1^2 - 30 K_1 K_2 - 6 K_1 K_3 - 2 K_2^2 + 12 K_2 + 10 K_3 + K_4 + 14,O1O2O3O4U5U4O6U3O7O8U1U6U7U8O5U2,O1O2O3O4U1U2O5U3O6O7U6U5U8U4O8U7,O1O2O3O4U5O6U1U6U7U8O5O8U2O7U3U4,c,{'O1O2O3O4U3O5U6U7U8U4O6O7U2O8U1U5'},1,"<a href=""/flatknot/8.733877"">8.733877</a>",t^9-99t^7-452t^6-238t^5+1156t^4+1254t^3-40t^2-256t+14,-t^3+3t,,
8.733878,O1O2O3O4U3O5U6U7U8U4O6O7U5O8U1U2,4,6z^3+45z^2+112z+93,6w^4z^3+45w^3z^2+112w^2z+93w,False,False,"[[ 0 -1  1 -1  3  2 -3 -1  0],[ 1  0  1 -1  3  2 -2  0  1],[-1 -1  0 -1  3  2 -4 -2 -1],[ 1  1  1  0  1  1  0  0  0],[-3 -3 -3 -1  0 -1 -3 -2 -2],[-2 -2 -2 -1  1  0 -3 -1  0],[ 3  2  4  0  3  3  0  1  1],[ 1  0  2  0  2  1 -1  0  0],[ 0 -1  1  0  2  0 -1  0  0]]","[[ 0  3  2  1  0 -1 -1 -1 -3],[-3  0 -1 -3 -2 -1 -2 -3 -3],[-2  1  0 -2  0 -1 -1 -2 -3],[-1  3  2  0 -1 -1 -2 -1 -4],[ 0  2  0  1  0  0  0 -1 -1],[ 1  1  1  1  0  0  0  1  0],[ 1  2  1  2  0  0  0  0 -1],[ 1  3  2  1  1 -1  0  0 -2],[ 3  3  3  4  1  0  1  2  0]]",True,"[-3,-2,-1,0,1,1,1,3,1,3,2,1,2,3,3,2,0,1,1,2,3,1,1,2,1,4,0,0,1,1,0,-1,0,0,1,2]","[-3,-2,-1,0,1,1,1,3,0,-1,1,1,2,3,3,-1,2,1,2,2,2,0,1,0,1,0,0,1,1,2,0,-1,0,0,1,2]",t^8+87t^6+311t^4+68t^2+1,"[-3,-1,-1,-1,0,1,2,3,0,1,2,2,0,2,3,0,1,0,1,1,1,0,1,0,2,2,1,1,2,3,0,2,1,-1,-1,0]","[-3,-2,-1,0,1,1,1,3,0,-1,1,1,2,3,3,-1,2,1,2,2,2,0,1,0,1,0,0,1,1,2,0,-1,0,0,1,2]","[-3,-1,-1,-1,0,1,2,3,0,1,2,1,4,3,3,0,1,0,1,1,1,0,0,2,1,2,1,1,2,3,1,0,2,2,3,1]",c,"[[{8, 1}, {2, 7}, {3, 6}, {4, 5}], [{8, 1}, {2, 7}, {4, 6}, {3, 5}], [{8, 1}, {2, 7}, {5, 6}, {3, 4}], [{8, 1}, {2, 7}, {6}, {4, 5}, {3}], [{8, 1}, {3, 7}, {2, 6}, {4, 5}], [{8, 1}, {3, 7}, {4, 6}, {2, 5}], [{8, 1}, {3, 7}, {4, 6}, {5}, {2}], [{8, 1}, {3, 7}, {5, 6}, {2, 4}], [{8, 1}, {3, 7}, {5, 6}, {4}, {2}], [{8, 1}, {3, 7}, {6}, {4, 5}, {2}], [{8, 1}, {4, 7}, {2, 6}, {3, 5}], [{8, 1}, {4, 7}, {3, 6}, {2, 5}], [{8, 1}, {4, 7}, {5, 6}, {2, 3}], [{8, 1}, {4, 7}, {5, 6}, {3}, {2}], [{8, 1}, {5, 7}, {2, 6}, {3, 4}], [{8, 1}, {5, 7}, {3, 6}, {2, 4}], [{8, 1}, {5, 7}, {3, 6}, {4}, {2}], [{8, 1}, {5, 7}, {4, 6}, {2, 3}], [{8, 1}, {5, 7}, {4, 6}, {3}, {2}], [{8, 1}, {5, 7}, {6}, {3, 4}, {2}], [{8, 1}, {6, 7}, {2, 5}, {3, 4}], [{8, 1}, {6, 7}, {3, 5}, {2, 4}], [{8, 1}, {6, 7}, {4, 5}, {2, 3}], [{8, 1}, {6, 7}, {5}, {3, 4}, {2}], [{8, 1}, {7}, {3, 6}, {5}, {2, 4}], [{8, 1}, {7}, {4, 6}, {3, 5}, {2}], [{8, 1}, {7}, {5, 6}, {3, 4}, {2}], [{8, 1}, {7}, {6}, {4, 5}, {2, 3}], [{8, 2}, {1, 7}, {3, 6}, {4, 5}], [{8, 2}, {1, 7}, {4, 6}, {3, 5}], [{8, 2}, {1, 7}, {5, 6}, {3, 4}], [{8, 2}, {3, 7}, {1, 6}, {4, 5}], [{8, 2}, {3, 7}, {4, 6}, {1, 5}], [{8, 2}, {3, 7}, {4, 6}, {5}, {1}], [{8, 2}, {3, 7}, {5, 6}, {1, 4}], [{8, 2}, {3, 7}, {5, 6}, {4}, {1}], [{8, 2}, {3, 7}, {6}, {4, 5}, {1}], [{8, 2}, {4, 7}, {1, 6}, {3, 5}], [{8, 2}, {4, 7}, {3, 6}, {1, 5}], [{8, 2}, {4, 7}, {5, 6}, {1, 3}], [{8, 2}, {4, 7}, {5, 6}, {3}, {1}], [{8, 2}, {5, 7}, {1, 6}, {3, 4}], [{8, 2}, {5, 7}, {3, 6}, {1, 4}], [{8, 2}, {5, 7}, {3, 6}, {4}, {1}], [{8, 2}, {5, 7}, {4, 6}, {1, 3}], [{8, 2}, {5, 7}, {4, 6}, {3}, {1}], [{8, 2}, {5, 7}, {6}, {3, 4}, {1}], [{8, 2}, {6, 7}, {1, 5}, {3, 4}], [{8, 2}, {6, 7}, {3, 5}, {1, 4}], [{8, 2}, {6, 7}, {4, 5}, {1, 3}], [{8, 2}, {6, 7}, {5}, {3, 4}, {1}], [{8, 2}, {7}, {4, 6}, {3, 5}, {1}], [{8, 2}, {7}, {5, 6}, {3, 4}, {1}], [{8, 3}, {1, 7}, {2, 6}, {4, 5}], [{8, 3}, {1, 7}, {4, 6}, {2, 5}], [{8, 3}, {1, 7}, {5, 6}, {2, 4}], [{8, 3}, {1, 7}, {6}, {4, 5}, {2}], [{8, 3}, {2, 7}, {1, 6}, {4, 5}], [{8, 3}, {2, 7}, {4, 6}, {1, 5}], [{8, 3}, {2, 7}, {5, 6}, {1, 4}], [{8, 3}, {2, 7}, {6}, {4, 5}, {1}], [{8, 3}, {4, 7}, {1, 6}, {2, 5}], [{8, 3}, {4, 7}, {2, 6}, {1, 5}], [{8, 3}, {4, 7}, {5, 6}, {1, 2}], [{8, 3}, {4, 7}, {6}, {5}, {1, 2}], [{8, 3}, {5, 7}, {1, 6}, {2, 4}], [{8, 3}, {5, 7}, {2, 6}, {1, 4}], [{8, 3}, {5, 7}, {4, 6}, {1, 2}], [{8, 3}, {5, 7}, {6}, {4}, {1, 2}], [{8, 3}, {6, 7}, {1, 5}, {2, 4}], [{8, 3}, {6, 7}, {2, 5}, {1, 4}], [{8, 3}, {6, 7}, {4, 5}, {1, 2}], [{8, 3}, {6, 7}, {5}, {4}, {1, 2}], [{8, 3}, {7}, {4, 6}, {1, 5}, {2}], [{8, 3}, {7}, {4, 6}, {2, 5}, {1}], [{8, 3}, {7}, {4, 6}, {5}, {1, 2}], [{8, 3}, {7}, {5, 6}, {1, 4}, {2}], [{8, 3}, {7}, {5, 6}, {2, 4}, {1}], [{8, 3}, {7}, {5, 6}, {4}, {1, 2}], [{8, 3}, {7}, {6}, {4, 5}, {1, 2}], [{8, 4}, {1, 7}, {2, 6}, {3, 5}], [{8, 4}, {1, 7}, {3, 6}, {2, 5}], [{8, 4}, {1, 7}, {5, 6}, {2, 3}], [{8, 4}, {1, 7}, {5, 6}, {3}, {2}], [{8, 4}, {2, 7}, {1, 6}, {3, 5}], [{8, 4}, {2, 7}, {3, 6}, {1, 5}], [{8, 4}, {2, 7}, {5, 6}, {1, 3}], [{8, 4}, {2, 7}, {5, 6}, {3}, {1}], [{8, 4}, {3, 7}, {1, 6}, {2, 5}], [{8, 4}, {3, 7}, {1, 6}, {5}, {2}], [{8, 4}, {3, 7}, {2, 6}, {1, 5}], [{8, 4}, {3, 7}, {2, 6}, {5}, {1}], [{8, 4}, {3, 7}, {5, 6}, {1, 2}], [{8, 4}, {3, 7}, {6}, {5}, {1, 2}], [{8, 4}, {5, 7}, {1, 6}, {2, 3}], [{8, 4}, {5, 7}, {1, 6}, {3}, {2}], [{8, 4}, {5, 7}, {2, 6}, {1, 3}], [{8, 4}, {5, 7}, {2, 6}, {3}, {1}], [{8, 4}, {5, 7}, {3, 6}, {1, 2}], [{8, 4}, {5, 7}, {6}, {3}, {1, 2}], [{8, 4}, {6, 7}, {1, 5}, {2, 3}], [{8, 4}, {6, 7}, {2, 5}, {1, 3}], [{8, 4}, {6, 7}, {3, 5}, {1, 2}], [{8, 4}, {6, 7}, {5}, {3}, {1, 2}], [{8, 4}, {7}, {1, 6}, {3, 5}, {2}], [{8, 4}, {7}, {2, 6}, {3, 5}, {1}], [{8, 4}, {7}, {3, 6}, {1, 5}, {2}], [{8, 4}, {7}, {3, 6}, {2, 5}, {1}], [{8, 4}, {7}, {3, 6}, {5}, {1, 2}], [{8, 4}, {7}, {5, 6}, {3}, {1, 2}], [{8, 4}, {7}, {6}, {3, 5}, {1, 2}], [{8, 4}, {7}, {6}, {5}, {3}, {1, 2}], [{8, 5}, {1, 7}, {2, 6}, {3, 4}], [{8, 5}, {1, 7}, {2, 6}, {4}, {3}], [{8, 5}, {1, 7}, {3, 6}, {2, 4}], [{8, 5}, {1, 7}, {4, 6}, {2, 3}], [{8, 5}, {1, 7}, {4, 6}, {3}, {2}], [{8, 5}, {1, 7}, {6}, {2, 4}, {3}], [{8, 5}, {2, 7}, {1, 6}, {3, 4}], [{8, 5}, {2, 7}, {3, 6}, {1, 4}], [{8, 5}, {2, 7}, {4, 6}, {1, 3}], [{8, 5}, {2, 7}, {4, 6}, {3}, {1}], [{8, 5}, {3, 7}, {1, 6}, {2, 4}], [{8, 5}, {3, 7}, {2, 6}, {1, 4}], [{8, 5}, {3, 7}, {4, 6}, {1, 2}], [{8, 5}, {3, 7}, {6}, {4}, {1, 2}], [{8, 5}, {4, 7}, {1, 6}, {2, 3}], [{8, 5}, {4, 7}, {1, 6}, {3}, {2}], [{8, 5}, {4, 7}, {2, 6}, {1, 3}], [{8, 5}, {4, 7}, {2, 6}, {3}, {1}], [{8, 5}, {4, 7}, {3, 6}, {1, 2}], [{8, 5}, {4, 7}, {6}, {3}, {1, 2}], [{8, 5}, {6, 7}, {1, 4}, {2, 3}], [{8, 5}, {6, 7}, {2, 4}, {1, 3}], [{8, 5}, {6, 7}, {3, 4}, {1, 2}], [{8, 5}, {6, 7}, {4}, {3}, {1, 2}], [{8, 5}, {7}, {2, 6}, {1, 4}, {3}], [{8, 5}, {7}, {3, 6}, {4}, {1, 2}], [{8, 5}, {7}, {4, 6}, {3}, {1, 2}], [{8, 5}, {7}, {6}, {3, 4}, {1, 2}], [{8, 6}, {1, 7}, {2, 5}, {3, 4}], [{8, 6}, {1, 7}, {3, 5}, {2, 4}], [{8, 6}, {1, 7}, {4, 5}, {2, 3}], [{8, 6}, {1, 7}, {4, 5}, {3}, {2}], [{8, 6}, {2, 7}, {1, 5}, {3, 4}], [{8, 6}, {2, 7}, {3, 5}, {1, 4}], [{8, 6}, {2, 7}, {4, 5}, {1, 3}], [{8, 6}, {2, 7}, {4, 5}, {3}, {1}], [{8, 6}, {3, 7}, {1, 5}, {2, 4}], [{8, 6}, {3, 7}, {2, 5}, {1, 4}], [{8, 6}, {3, 7}, {4, 5}, {1, 2}], [{8, 6}, {3, 7}, {5}, {1, 4}, {2}], [{8, 6}, {3, 7}, {5}, {2, 4}, {1}], [{8, 6}, {3, 7}, {5}, {4}, {1, 2}], [{8, 6}, {4, 7}, {1, 5}, {2, 3}], [{8, 6}, {4, 7}, {2, 5}, {1, 3}], [{8, 6}, {4, 7}, {3, 5}, {1, 2}], [{8, 6}, {4, 7}, {5}, {3}, {1, 2}], [{8, 6}, {5, 7}, {1, 4}, {2, 3}], [{8, 6}, {5, 7}, {1, 4}, {3}, {2}], [{8, 6}, {5, 7}, {2, 4}, {1, 3}], [{8, 6}, {5, 7}, {2, 4}, {3}, {1}], [{8, 6}, {5, 7}, {3, 4}, {1, 2}], [{8, 6}, {5, 7}, {4}, {3}, {1, 2}], [{8, 6}, {7}, {1, 5}, {3, 4}, {2}], [{8, 6}, {7}, {2, 5}, {3, 4}, {1}], [{8, 6}, {7}, {3, 5}, {1, 4}, {2}], [{8, 6}, {7}, {3, 5}, {2, 4}, {1}], [{8, 6}, {7}, {3, 5}, {4}, {1, 2}], [{8, 6}, {7}, {4, 5}, {3}, {1, 2}], [{8, 6}, {7}, {5}, {3, 4}, {1, 2}], [{8, 6}, {7}, {5}, {4}, {3}, {1, 2}], [{8, 7}, {1, 6}, {2, 5}, {3, 4}], [{8, 7}, {1, 6}, {3, 5}, {2, 4}], [{8, 7}, {1, 6}, {4, 5}, {2, 3}], [{8, 7}, {2, 6}, {1, 5}, {3, 4}], [{8, 7}, {2, 6}, {3, 5}, {1, 4}], [{8, 7}, {2, 6}, {4, 5}, {1, 3}], [{8, 7}, {3, 6}, {1, 5}, {2, 4}], [{8, 7}, {3, 6}, {2, 5}, {1, 4}], [{8, 7}, {3, 6}, {4, 5}, {1, 2}], [{8, 7}, {3, 6}, {5}, {4}, {1, 2}], [{8, 7}, {4, 6}, {1, 5}, {2, 3}], [{8, 7}, {4, 6}, {2, 5}, {1, 3}], [{8, 7}, {4, 6}, {3, 5}, {1, 2}], [{8, 7}, {4, 6}, {5}, {3}, {1, 2}], [{8, 7}, {5, 6}, {1, 4}, {2, 3}], [{8, 7}, {5, 6}, {2, 4}, {1, 3}], [{8, 7}, {5, 6}, {3, 4}, {1, 2}], [{8, 7}, {5, 6}, {4}, {3}, {1, 2}], [{8, 7}, {6}, {3, 5}, {4}, {1, 2}], [{8, 7}, {6}, {4, 5}, {3}, {1, 2}], [{8, 7}, {6}, {5}, {3, 4}, {1, 2}], [{8, 7}, {6}, {5}, {4}, {3}, {1, 2}], [{8}, {1, 7}, {3, 6}, {4, 5}, {2}], [{8}, {2, 7}, {1, 6}, {4, 5}, {3}], [{8}, {2, 7}, {3, 6}, {4, 5}, {1}], [{8}, {2, 7}, {6}, {4, 5}, {1, 3}], [{8}, {3, 7}, {4, 6}, {5}, {1, 2}], [{8}, {3, 7}, {5, 6}, {4}, {1, 2}], [{8}, {3, 7}, {6}, {4, 5}, {1, 2}], [{8}, {4, 7}, {3, 6}, {5}, {1, 2}], [{8}, {4, 7}, {5, 6}, {3}, {1, 2}], [{8}, {4, 7}, {6}, {3, 5}, {1, 2}], [{8}, {4, 7}, {6}, {5}, {3}, {1, 2}], [{8}, {5, 7}, {3, 6}, {4}, {1, 2}], [{8}, {5, 7}, {4, 6}, {3}, {1, 2}], [{8}, {5, 7}, {6}, {3, 4}, {1, 2}], [{8}, {6, 7}, {1, 5}, {2, 4}, {3}], [{8}, {6, 7}, {2, 5}, {1, 4}, {3}], [{8}, {6, 7}, {3, 5}, {4}, {1, 2}], [{8}, {6, 7}, {4, 5}, {3}, {1, 2}], [{8}, {6, 7}, {5}, {3, 4}, {1, 2}], [{8}, {6, 7}, {5}, {4}, {3}, {1, 2}], [{8}, {7}, {3, 6}, {4, 5}, {1, 2}], [{8}, {7}, {4, 6}, {3, 5}, {1, 2}], [{8}, {7}, {4, 6}, {5}, {3}, {1, 2}], [{8}, {7}, {5, 6}, {3, 4}, {1, 2}]]",2,- 8 K_1^4 + 40 K_1^3 + 12 K_1^2 K_2 - 20 K_1^2 - 36 K_1 K_2 - 6 K_1 K_3 - 12 K_1 + 11 K_2 + 8 K_3 + K_4 + 11,O1O2O3O4U3U4O5U6O7O8U1U5U7U8O6U2,O1O2O3O4U1U2O5U3O6O7U6U7U8U4O8U5,O1O2O3O4U5O6U1U6U7U8O7O8U2O5U3U4,c,{'O1O2O3O4U3O5U6U7U8U4O6O7U5O8U1U2'},1,"<a href=""/flatknot/8.733878"">8.733878</a>",t^9-85t^7-390t^6-344t^5+662t^4+782t^3-246t^2-300t-48,-t^2+2t,,
8.733879,O1O2O3O4U3O5U6U7U1U2O6O8U4O7U5U8,4,2z^3+29z^2+100z+101,2w^4z^3-4w^4z^2+33w^3z^2-4w^3z+104w^2z+101w,False,False,"[[ 0 -1  1 -1  2  2 -3 -1  1],[ 1  0  1  0  2  1  0  0  1],[-1 -1  0  0  1  0 -1 -1  1],[ 1  0  0  0  1  1  1  0  1],[-2 -2 -1 -1  0  0 -2 -1  1],[-2 -1  0 -1  0  0 -3 -1  0],[ 3  0  1 -1  2  3  0  1  2],[ 1  0  1  0  1  1 -1  0  1],[-1 -1 -1 -1 -1  0 -2 -1  0]]","[[ 0  2  2  1  1 -1 -1 -1 -3],[-2  0  0  1 -1 -1 -1 -2 -2],[-2  0  0  0  0 -1 -1 -1 -3],[-1 -1  0  0 -1 -1 -1 -1 -2],[-1  1  0  1  0  0 -1 -1 -1],[ 1  1  1  1  0  0  0  0  1],[ 1  1  1  1  1  0  0  0 -1],[ 1  2  1  1  1  0  0  0  0],[ 3  2  3  2  1 -1  1  0  0]]",True,"[-2,-2,-1,-1,1,1,1,3,0,-1,1,1,1,2,2,0,0,1,1,1,3,1,1,1,1,2,0,1,1,1,0,0,-1,0,1,0]","[-3,-1,-1,-1,1,1,2,2,-1,0,1,1,2,2,3,0,0,0,1,1,1,0,1,1,2,1,1,1,1,1,1,1,0,-1,0,0]",t^8+37t^6+129t^4+36t^2,"[-3,-1,-1,-1,1,1,2,2,1,2,3,2,3,2,3,0,0,1,1,2,2,0,1,1,2,1,1,2,2,2,1,1,2,1,0,0]","[-2,-2,-1,-1,1,1,1,3,0,0,2,1,2,2,3,1,1,2,2,2,2,1,1,1,2,3,1,1,1,2,0,0,2,0,1,3]","[-3,-1,-1,-1,1,1,2,2,-1,0,1,1,2,2,3,0,0,0,1,1,1,0,1,1,2,1,1,1,1,1,1,1,0,-1,0,0]",c,"[[{8, 1}, {2, 7}, {3, 6}, {4, 5}], [{8, 1}, {2, 7}, {4, 6}, {3, 5}], [{8, 1}, {2, 7}, {5, 6}, {3, 4}], [{8, 1}, {2, 7}, {6}, {3, 5}, {4}], [{8, 1}, {3, 7}, {2, 6}, {4, 5}], [{8, 1}, {3, 7}, {2, 6}, {5}, {4}], [{8, 1}, {3, 7}, {4, 6}, {2, 5}], [{8, 1}, {3, 7}, {5, 6}, {2, 4}], [{8, 1}, {4, 7}, {2, 6}, {3, 5}], [{8, 1}, {4, 7}, {3, 6}, {2, 5}], [{8, 1}, {4, 7}, {3, 6}, {5}, {2}], [{8, 1}, {4, 7}, {5, 6}, {2, 3}], [{8, 1}, {4, 7}, {5, 6}, {3}, {2}], [{8, 1}, {4, 7}, {6}, {3, 5}, {2}], [{8, 1}, {5, 7}, {2, 6}, {3, 4}], [{8, 1}, {5, 7}, {3, 6}, {2, 4}], [{8, 1}, {5, 7}, {4, 6}, {2, 3}], [{8, 1}, {6, 7}, {2, 5}, {3, 4}], [{8, 1}, {6, 7}, {3, 5}, {2, 4}], [{8, 1}, {6, 7}, {4, 5}, {2, 3}], [{8, 1}, {7}, {6}, {3, 5}, {2, 4}], [{8, 2}, {1, 7}, {3, 6}, {4, 5}], [{8, 2}, {1, 7}, {4, 6}, {3, 5}], [{8, 2}, {1, 7}, {5, 6}, {3, 4}], [{8, 2}, {1, 7}, {6}, {3, 5}, {4}], [{8, 2}, {3, 7}, {1, 6}, {4, 5}], [{8, 2}, {3, 7}, {1, 6}, {5}, {4}], [{8, 2}, {3, 7}, {4, 6}, {1, 5}], [{8, 2}, {3, 7}, {5, 6}, {1, 4}], [{8, 2}, {3, 7}, {5, 6}, {4}, {1}], [{8, 2}, {3, 7}, {6}, {1, 5}, {4}], [{8, 2}, {4, 7}, {1, 6}, {3, 5}], [{8, 2}, {4, 7}, {3, 6}, {1, 5}], [{8, 2}, {4, 7}, {3, 6}, {5}, {1}], [{8, 2}, {4, 7}, {5, 6}, {1, 3}], [{8, 2}, {4, 7}, {5, 6}, {3}, {1}], [{8, 2}, {4, 7}, {6}, {3, 5}, {1}], [{8, 2}, {5, 7}, {1, 6}, {3, 4}], [{8, 2}, {5, 7}, {3, 6}, {1, 4}], [{8, 2}, {5, 7}, {4, 6}, {1, 3}], [{8, 2}, {5, 7}, {4, 6}, {3}, {1}], [{8, 2}, {6, 7}, {1, 5}, {3, 4}], [{8, 2}, {6, 7}, {3, 5}, {1, 4}], [{8, 2}, {6, 7}, {4, 5}, {1, 3}], [{8, 2}, {7}, {5, 6}, {3, 4}, {1}], [{8, 2}, {7}, {6}, {3, 5}, {1, 4}], [{8, 3}, {1, 7}, {2, 6}, {4, 5}], [{8, 3}, {1, 7}, {4, 6}, {2, 5}], [{8, 3}, {1, 7}, {5, 6}, {2, 4}], [{8, 3}, {2, 7}, {1, 6}, {4, 5}], [{8, 3}, {2, 7}, {4, 6}, {1, 5}], [{8, 3}, {2, 7}, {5, 6}, {1, 4}], [{8, 3}, {4, 7}, {1, 6}, {2, 5}], [{8, 3}, {4, 7}, {2, 6}, {1, 5}], [{8, 3}, {4, 7}, {2, 6}, {5}, {1}], [{8, 3}, {4, 7}, {5, 6}, {1, 2}], [{8, 3}, {5, 7}, {1, 6}, {2, 4}], [{8, 3}, {5, 7}, {2, 6}, {1, 4}], [{8, 3}, {5, 7}, {4, 6}, {1, 2}], [{8, 3}, {6, 7}, {1, 5}, {2, 4}], [{8, 3}, {6, 7}, {2, 5}, {1, 4}], [{8, 3}, {6, 7}, {4, 5}, {1, 2}], [{8, 3}, {7}, {5, 6}, {1, 4}, {2}], [{8, 3}, {7}, {6}, {1, 5}, {2, 4}], [{8, 4}, {1, 7}, {2, 6}, {3, 5}], [{8, 4}, {1, 7}, {3, 6}, {2, 5}], [{8, 4}, {1, 7}, {5, 6}, {2, 3}], [{8, 4}, {2, 7}, {1, 6}, {3, 5}], [{8, 4}, {2, 7}, {3, 6}, {1, 5}], [{8, 4}, {2, 7}, {3, 6}, {5}, {1}], [{8, 4}, {2, 7}, {5, 6}, {1, 3}], [{8, 4}, {3, 7}, {1, 6}, {2, 5}], [{8, 4}, {3, 7}, {1, 6}, {5}, {2}], [{8, 4}, {3, 7}, {2, 6}, {1, 5}], [{8, 4}, {3, 7}, {5, 6}, {1, 2}], [{8, 4}, {3, 7}, {5, 6}, {2}, {1}], [{8, 4}, {3, 7}, {6}, {1, 5}, {2}], [{8, 4}, {5, 7}, {1, 6}, {2, 3}], [{8, 4}, {5, 7}, {2, 6}, {1, 3}], [{8, 4}, {5, 7}, {2, 6}, {3}, {1}], [{8, 4}, {5, 7}, {3, 6}, {1, 2}], [{8, 4}, {6, 7}, {1, 5}, {2, 3}], [{8, 4}, {6, 7}, {2, 5}, {1, 3}], [{8, 4}, {6, 7}, {3, 5}, {1, 2}], [{8, 5}, {1, 7}, {2, 6}, {3, 4}], [{8, 5}, {1, 7}, {3, 6}, {2, 4}], [{8, 5}, {1, 7}, {4, 6}, {2, 3}], [{8, 5}, {1, 7}, {6}, {3, 4}, {2}], [{8, 5}, {2, 7}, {1, 6}, {3, 4}], [{8, 5}, {2, 7}, {3, 6}, {1, 4}], [{8, 5}, {2, 7}, {4, 6}, {1, 3}], [{8, 5}, {2, 7}, {6}, {3, 4}, {1}], [{8, 5}, {3, 7}, {1, 6}, {2, 4}], [{8, 5}, {3, 7}, {2, 6}, {1, 4}], [{8, 5}, {3, 7}, {4, 6}, {1, 2}], [{8, 5}, {3, 7}, {6}, {1, 4}, {2}], [{8, 5}, {4, 7}, {1, 6}, {2, 3}], [{8, 5}, {4, 7}, {2, 6}, {1, 3}], [{8, 5}, {4, 7}, {3, 6}, {1, 2}], [{8, 5}, {4, 7}, {6}, {1, 3}, {2}], [{8, 5}, {6, 7}, {1, 4}, {2, 3}], [{8, 5}, {6, 7}, {2, 4}, {1, 3}], [{8, 5}, {6, 7}, {3, 4}, {1, 2}], [{8, 5}, {6, 7}, {3, 4}, {2}, {1}], [{8, 5}, {7}, {1, 6}, {3, 4}, {2}], [{8, 5}, {7}, {2, 6}, {3, 4}, {1}], [{8, 5}, {7}, {3, 6}, {2, 4}, {1}], [{8, 5}, {7}, {4, 6}, {2, 3}, {1}], [{8, 5}, {7}, {6}, {3, 4}, {1, 2}], [{8, 5}, {7}, {6}, {3, 4}, {2}, {1}], [{8, 6}, {1, 7}, {2, 5}, {3, 4}], [{8, 6}, {1, 7}, {3, 5}, {2, 4}], [{8, 6}, {1, 7}, {4, 5}, {2, 3}], [{8, 6}, {2, 7}, {1, 5}, {3, 4}], [{8, 6}, {2, 7}, {3, 5}, {1, 4}], [{8, 6}, {2, 7}, {4, 5}, {1, 3}], [{8, 6}, {3, 7}, {1, 5}, {2, 4}], [{8, 6}, {3, 7}, {2, 5}, {1, 4}], [{8, 6}, {3, 7}, {4, 5}, {1, 2}], [{8, 6}, {3, 7}, {4, 5}, {2}, {1}], [{8, 6}, {4, 7}, {1, 5}, {2, 3}], [{8, 6}, {4, 7}, {1, 5}, {3}, {2}], [{8, 6}, {4, 7}, {2, 5}, {1, 3}], [{8, 6}, {4, 7}, {3, 5}, {1, 2}], [{8, 6}, {5, 7}, {1, 4}, {2, 3}], [{8, 6}, {5, 7}, {2, 4}, {1, 3}], [{8, 6}, {5, 7}, {3, 4}, {1, 2}], [{8, 6}, {7}, {2, 5}, {3, 4}, {1}], [{8, 6}, {7}, {3, 5}, {1, 4}, {2}], [{8, 6}, {7}, {4, 5}, {3}, {1, 2}], [{8, 7}, {1, 6}, {2, 5}, {3, 4}], [{8, 7}, {1, 6}, {3, 5}, {2, 4}], [{8, 7}, {1, 6}, {3, 5}, {4}, {2}], [{8, 7}, {1, 6}, {4, 5}, {2, 3}], [{8, 7}, {2, 6}, {1, 5}, {3, 4}], [{8, 7}, {2, 6}, {1, 5}, {4}, {3}], [{8, 7}, {2, 6}, {3, 5}, {1, 4}], [{8, 7}, {2, 6}, {4, 5}, {1, 3}], [{8, 7}, {3, 6}, {1, 5}, {2, 4}], [{8, 7}, {3, 6}, {2, 5}, {1, 4}], [{8, 7}, {3, 6}, {4, 5}, {1, 2}], [{8, 7}, {3, 6}, {5}, {1, 4}, {2}], [{8, 7}, {4, 6}, {1, 5}, {2, 3}], [{8, 7}, {4, 6}, {1, 5}, {3}, {2}], [{8, 7}, {4, 6}, {2, 5}, {1, 3}], [{8, 7}, {4, 6}, {3, 5}, {1, 2}], [{8, 7}, {5, 6}, {1, 4}, {2, 3}], [{8, 7}, {5, 6}, {2, 4}, {1, 3}], [{8, 7}, {5, 6}, {3, 4}, {1, 2}], [{8, 7}, {6}, {1, 5}, {2, 4}, {3}], [{8, 7}, {6}, {2, 5}, {1, 4}, {3}], [{8}, {3, 7}, {1, 6}, {5}, {2, 4}], [{8}, {3, 7}, {5, 6}, {2, 4}, {1}], [{8}, {3, 7}, {6}, {1, 5}, {2, 4}], [{8}, {4, 7}, {3, 6}, {5}, {1, 2}], [{8}, {4, 7}, {5, 6}, {3}, {1, 2}], [{8}, {4, 7}, {6}, {3, 5}, {1, 2}], [{8}, {6, 7}, {4, 5}, {2, 3}, {1}], [{8}, {6, 7}, {5}, {2, 4}, {1, 3}], [{8}, {7}, {2, 6}, {3, 5}, {1, 4}], [{8}, {7}, {3, 6}, {2, 5}, {1, 4}]]",2,- 24 K_1^4 + 24 K_1^3 + 40 K_1^2 K_2 - 26 K_1^2 - 18 K_1 K_2 - 14 K_1 K_3 - 9 K_1 + 12 K_2 + 3 K_3 + 13,O1O2O3O4U5U6O7U1O5O8U3U4U7U8O6U2,O1O2O3O4U1U5O6U2O7O5U3U4U8U6O8U7,O1O2O3O4U5O6U7U6U1U2O8O5U3O7U8U4,c,{'O1O2O3O4U3O5U6U7U1U2O6O8U4O7U5U8'},1,"<a href=""/flatknot/8.733879"">8.733879</a>",t^9-39t^7-68t^6+79t^5+232t^4+141t^3+24t^2-t-8,t^3-2t^2+t,,
8.733880,O1O2O3O4U3O5U6U7U1U2O6O8U4O7U8U5,4,3z^3+35z^2+103z+91,3w^4z^3-4w^4z^2+39w^3z^2-4w^3z+107w^2z+91w,False,False,"[[ 0 -1  1 -1  2  3 -3 -1  0],[ 1  0  1  0  2  1  0  0  0],[-1 -1  0  0  1  0 -1 -1  0],[ 1  0  0  0  1  1  1  0  1],[-2 -2 -1 -1  0  1 -2 -1  0],[-3 -1  0 -1 -1  0 -4 -1 -1],[ 3  0  1 -1  2  4  0  1  1],[ 1  0  1  0  1  1 -1  0  0],[ 0  0  0 -1  0  1 -1  0  0]]","[[ 0  3  2  1  0 -1 -1 -1 -3],[-3  0 -1  0 -1 -1 -1 -1 -4],[-2  1  0 -1  0 -1 -1 -2 -2],[-1  0  1  0  0  0 -1 -1 -1],[ 0  1  0  0  0 -1  0  0 -1],[ 1  1  1  0  1  0  0  0  1],[ 1  1  1  1  0  0  0  0 -1],[ 1  1  2  1  0  0  0  0  0],[ 3  4  2  1  1 -1  1  0  0]]",True,"[-3,-2,-1,0,1,1,1,3,1,0,1,1,1,1,4,1,0,1,1,2,2,0,0,1,1,1,1,0,0,1,0,0,-1,0,1,0]","[-3,-2,-1,0,1,1,1,3,0,2,2,3,3,3,2,0,2,1,2,2,3,1,1,1,2,3,1,1,0,2,0,0,2,0,1,3]",t^8+39t^6+171t^4+45t^2,"[-3,-1,-1,-1,0,1,2,3,1,2,3,2,3,3,2,0,0,1,1,2,3,0,1,1,1,3,0,2,2,3,1,2,2,0,2,0]","[-3,-2,-1,0,1,1,1,3,0,2,2,3,3,3,2,0,2,1,2,2,3,1,1,1,2,3,1,1,0,2,0,0,2,0,1,3]","[-3,-1,-1,-1,0,1,2,3,-1,0,1,1,1,2,4,0,0,1,0,1,1,0,0,1,2,1,0,1,1,1,0,0,1,1,0,1]",c,"[[{8, 1}, {2, 7}, {3, 6}, {4, 5}], [{8, 1}, {2, 7}, {3, 6}, {5}, {4}], [{8, 1}, {2, 7}, {4, 6}, {3, 5}], [{8, 1}, {2, 7}, {5, 6}, {3, 4}], [{8, 1}, {2, 7}, {5, 6}, {4}, {3}], [{8, 1}, {2, 7}, {6}, {3, 5}, {4}], [{8, 1}, {3, 7}, {2, 6}, {4, 5}], [{8, 1}, {3, 7}, {2, 6}, {5}, {4}], [{8, 1}, {3, 7}, {4, 6}, {2, 5}], [{8, 1}, {3, 7}, {5, 6}, {2, 4}], [{8, 1}, {3, 7}, {5, 6}, {4}, {2}], [{8, 1}, {3, 7}, {6}, {2, 5}, {4}], [{8, 1}, {4, 7}, {2, 6}, {3, 5}], [{8, 1}, {4, 7}, {2, 6}, {5}, {3}], [{8, 1}, {4, 7}, {3, 6}, {2, 5}], [{8, 1}, {4, 7}, {5, 6}, {2, 3}], [{8, 1}, {5, 7}, {2, 6}, {3, 4}], [{8, 1}, {5, 7}, {3, 6}, {2, 4}], [{8, 1}, {5, 7}, {4, 6}, {2, 3}], [{8, 1}, {6, 7}, {2, 5}, {3, 4}], [{8, 1}, {6, 7}, {3, 5}, {2, 4}], [{8, 1}, {6, 7}, {4, 5}, {2, 3}], [{8, 1}, {7}, {2, 6}, {5}, {3, 4}], [{8, 1}, {7}, {4, 6}, {2, 5}, {3}], [{8, 1}, {7}, {5, 6}, {4}, {2, 3}], [{8, 2}, {1, 7}, {3, 6}, {4, 5}], [{8, 2}, {1, 7}, {3, 6}, {5}, {4}], [{8, 2}, {1, 7}, {4, 6}, {3, 5}], [{8, 2}, {1, 7}, {5, 6}, {3, 4}], [{8, 2}, {3, 7}, {1, 6}, {4, 5}], [{8, 2}, {3, 7}, {1, 6}, {5}, {4}], [{8, 2}, {3, 7}, {4, 6}, {1, 5}], [{8, 2}, {3, 7}, {5, 6}, {1, 4}], [{8, 2}, {3, 7}, {5, 6}, {4}, {1}], [{8, 2}, {3, 7}, {6}, {1, 5}, {4}], [{8, 2}, {4, 7}, {1, 6}, {3, 5}], [{8, 2}, {4, 7}, {1, 6}, {5}, {3}], [{8, 2}, {4, 7}, {3, 6}, {1, 5}], [{8, 2}, {4, 7}, {3, 6}, {5}, {1}], [{8, 2}, {4, 7}, {5, 6}, {1, 3}], [{8, 2}, {4, 7}, {6}, {5}, {1, 3}], [{8, 2}, {5, 7}, {1, 6}, {3, 4}], [{8, 2}, {5, 7}, {3, 6}, {1, 4}], [{8, 2}, {5, 7}, {4, 6}, {1, 3}], [{8, 2}, {5, 7}, {4, 6}, {3}, {1}], [{8, 2}, {6, 7}, {1, 5}, {3, 4}], [{8, 2}, {6, 7}, {3, 5}, {1, 4}], [{8, 2}, {6, 7}, {4, 5}, {1, 3}], [{8, 2}, {7}, {1, 6}, {5}, {3, 4}], [{8, 2}, {7}, {3, 6}, {5}, {1, 4}], [{8, 2}, {7}, {5, 6}, {1, 4}, {3}], [{8, 2}, {7}, {6}, {3, 5}, {1, 4}], [{8, 3}, {1, 7}, {2, 6}, {4, 5}], [{8, 3}, {1, 7}, {2, 6}, {5}, {4}], [{8, 3}, {1, 7}, {4, 6}, {2, 5}], [{8, 3}, {1, 7}, {5, 6}, {2, 4}], [{8, 3}, {2, 7}, {1, 6}, {4, 5}], [{8, 3}, {2, 7}, {1, 6}, {5}, {4}], [{8, 3}, {2, 7}, {4, 6}, {1, 5}], [{8, 3}, {2, 7}, {5, 6}, {1, 4}], [{8, 3}, {4, 7}, {1, 6}, {2, 5}], [{8, 3}, {4, 7}, {2, 6}, {1, 5}], [{8, 3}, {4, 7}, {2, 6}, {5}, {1}], [{8, 3}, {4, 7}, {5, 6}, {1, 2}], [{8, 3}, {5, 7}, {1, 6}, {2, 4}], [{8, 3}, {5, 7}, {1, 6}, {4}, {2}], [{8, 3}, {5, 7}, {2, 6}, {1, 4}], [{8, 3}, {5, 7}, {4, 6}, {1, 2}], [{8, 3}, {6, 7}, {1, 5}, {2, 4}], [{8, 3}, {6, 7}, {2, 5}, {1, 4}], [{8, 3}, {6, 7}, {4, 5}, {1, 2}], [{8, 3}, {7}, {1, 6}, {2, 5}, {4}], [{8, 3}, {7}, {2, 6}, {5}, {1, 4}], [{8, 3}, {7}, {4, 6}, {2, 5}, {1}], [{8, 3}, {7}, {5, 6}, {1, 4}, {2}], [{8, 3}, {7}, {6}, {1, 5}, {2, 4}], [{8, 3}, {7}, {6}, {2, 5}, {1, 4}], [{8, 4}, {1, 7}, {2, 6}, {3, 5}], [{8, 4}, {1, 7}, {3, 6}, {2, 5}], [{8, 4}, {1, 7}, {5, 6}, {2, 3}], [{8, 4}, {2, 7}, {1, 6}, {3, 5}], [{8, 4}, {2, 7}, {3, 6}, {1, 5}], [{8, 4}, {2, 7}, {5, 6}, {1, 3}], [{8, 4}, {3, 7}, {1, 6}, {2, 5}], [{8, 4}, {3, 7}, {2, 6}, {1, 5}], [{8, 4}, {3, 7}, {5, 6}, {1, 2}], [{8, 4}, {5, 7}, {1, 6}, {2, 3}], [{8, 4}, {5, 7}, {2, 6}, {1, 3}], [{8, 4}, {5, 7}, {2, 6}, {3}, {1}], [{8, 4}, {5, 7}, {3, 6}, {1, 2}], [{8, 4}, {6, 7}, {1, 5}, {2, 3}], [{8, 4}, {6, 7}, {2, 5}, {1, 3}], [{8, 4}, {6, 7}, {3, 5}, {1, 2}], [{8, 4}, {6, 7}, {3, 5}, {2}, {1}], [{8, 4}, {7}, {5, 6}, {2, 3}, {1}], [{8, 5}, {1, 7}, {2, 6}, {3, 4}], [{8, 5}, {1, 7}, {3, 6}, {2, 4}], [{8, 5}, {1, 7}, {4, 6}, {2, 3}], [{8, 5}, {1, 7}, {6}, {3, 4}, {2}], [{8, 5}, {2, 7}, {1, 6}, {3, 4}], [{8, 5}, {2, 7}, {3, 6}, {1, 4}], [{8, 5}, {2, 7}, {4, 6}, {1, 3}], [{8, 5}, {2, 7}, {6}, {1, 4}, {3}], [{8, 5}, {3, 7}, {1, 6}, {2, 4}], [{8, 5}, {3, 7}, {1, 6}, {4}, {2}], [{8, 5}, {3, 7}, {2, 6}, {1, 4}], [{8, 5}, {3, 7}, {2, 6}, {4}, {1}], [{8, 5}, {3, 7}, {4, 6}, {1, 2}], [{8, 5}, {3, 7}, {4, 6}, {2}, {1}], [{8, 5}, {3, 7}, {6}, {1, 4}, {2}], [{8, 5}, {3, 7}, {6}, {2, 4}, {1}], [{8, 5}, {3, 7}, {6}, {4}, {1, 2}], [{8, 5}, {3, 7}, {6}, {4}, {2}, {1}], [{8, 5}, {4, 7}, {1, 6}, {2, 3}], [{8, 5}, {4, 7}, {2, 6}, {1, 3}], [{8, 5}, {4, 7}, {3, 6}, {1, 2}], [{8, 5}, {4, 7}, {6}, {1, 3}, {2}], [{8, 5}, {6, 7}, {1, 4}, {2, 3}], [{8, 5}, {6, 7}, {1, 4}, {3}, {2}], [{8, 5}, {6, 7}, {2, 4}, {1, 3}], [{8, 5}, {6, 7}, {3, 4}, {1, 2}], [{8, 5}, {7}, {2, 6}, {1, 4}, {3}], [{8, 5}, {7}, {3, 6}, {1, 4}, {2}], [{8, 5}, {7}, {6}, {1, 4}, {2, 3}], [{8, 5}, {7}, {6}, {1, 4}, {3}, {2}], [{8, 6}, {1, 7}, {2, 5}, {3, 4}], [{8, 6}, {1, 7}, {3, 5}, {2, 4}], [{8, 6}, {1, 7}, {4, 5}, {2, 3}], [{8, 6}, {2, 7}, {1, 5}, {3, 4}], [{8, 6}, {2, 7}, {3, 5}, {1, 4}], [{8, 6}, {2, 7}, {4, 5}, {1, 3}], [{8, 6}, {3, 7}, {1, 5}, {2, 4}], [{8, 6}, {3, 7}, {1, 5}, {4}, {2}], [{8, 6}, {3, 7}, {2, 5}, {1, 4}], [{8, 6}, {3, 7}, {2, 5}, {4}, {1}], [{8, 6}, {3, 7}, {4, 5}, {1, 2}], [{8, 6}, {3, 7}, {5}, {4}, {1, 2}], [{8, 6}, {4, 7}, {1, 5}, {2, 3}], [{8, 6}, {4, 7}, {2, 5}, {1, 3}], [{8, 6}, {4, 7}, {3, 5}, {1, 2}], [{8, 6}, {4, 7}, {5}, {1, 3}, {2}], [{8, 6}, {5, 7}, {1, 4}, {2, 3}], [{8, 6}, {5, 7}, {2, 4}, {1, 3}], [{8, 6}, {5, 7}, {3, 4}, {1, 2}], [{8, 6}, {5, 7}, {4}, {2, 3}, {1}], [{8, 6}, {7}, {2, 5}, {1, 4}, {3}], [{8, 6}, {7}, {3, 5}, {1, 4}, {2}], [{8, 6}, {7}, {5}, {1, 4}, {2, 3}], [{8, 7}, {1, 6}, {2, 5}, {3, 4}], [{8, 7}, {1, 6}, {2, 5}, {4}, {3}], [{8, 7}, {1, 6}, {3, 5}, {2, 4}], [{8, 7}, {1, 6}, {4, 5}, {2, 3}], [{8, 7}, {2, 6}, {1, 5}, {3, 4}], [{8, 7}, {2, 6}, {3, 5}, {1, 4}], [{8, 7}, {2, 6}, {4, 5}, {1, 3}], [{8, 7}, {3, 6}, {1, 5}, {2, 4}], [{8, 7}, {3, 6}, {2, 5}, {1, 4}], [{8, 7}, {3, 6}, {4, 5}, {1, 2}], [{8, 7}, {4, 6}, {1, 5}, {2, 3}], [{8, 7}, {4, 6}, {2, 5}, {1, 3}], [{8, 7}, {4, 6}, {3, 5}, {1, 2}], [{8, 7}, {5, 6}, {1, 4}, {2, 3}], [{8, 7}, {5, 6}, {2, 4}, {1, 3}], [{8, 7}, {5, 6}, {3, 4}, {1, 2}], [{8, 7}, {5, 6}, {4}, {2, 3}, {1}], [{8}, {1, 7}, {4, 6}, {5}, {2, 3}], [{8}, {1, 7}, {5, 6}, {4}, {2, 3}], [{8}, {1, 7}, {6}, {4, 5}, {2, 3}], [{8}, {2, 7}, {4, 6}, {1, 5}, {3}], [{8}, {3, 7}, {1, 6}, {2, 5}, {4}], [{8}, {3, 7}, {2, 6}, {1, 5}, {4}], [{8}, {3, 7}, {5, 6}, {4}, {1, 2}], [{8}, {4, 7}, {2, 6}, {5}, {1, 3}], [{8}, {4, 7}, {5, 6}, {1, 3}, {2}], [{8}, {4, 7}, {5, 6}, {2, 3}, {1}], [{8}, {4, 7}, {5, 6}, {3}, {1, 2}], [{8}, {4, 7}, {6}, {2, 5}, {1, 3}], [{8}, {4, 7}, {6}, {5}, {1, 3}, {2}], [{8}, {5, 7}, {2, 6}, {4}, {1, 3}], [{8}, {5, 7}, {3, 6}, {2, 4}, {1}], [{8}, {5, 7}, {6}, {3, 4}, {1, 2}], [{8}, {6, 7}, {2, 5}, {4}, {1, 3}], [{8}, {6, 7}, {5}, {3, 4}, {1, 2}], [{8}, {7}, {2, 6}, {3, 5}, {1, 4}], [{8}, {7}, {2, 6}, {4, 5}, {1, 3}], [{8}, {7}, {3, 6}, {2, 5}, {1, 4}], [{8}, {7}, {4, 6}, {2, 5}, {1, 3}], [{8}, {7}, {5, 6}, {1, 4}, {2, 3}], [{8}, {7}, {5, 6}, {3, 4}, {1, 2}]]",2,8 K_1^3 - 14 K_1^2 - 8 K_1 K_2 - 2 K_1 + 7 K_2 + 2 K_3 + 8,O1O2O3O4U5U6O7U1O6O8U3U4U7U8O5U2,O1O2O3O4U1U5O6U2O5O7U3U4U8U6O8U7,O1O2O3O4U5O6U7U6U1U2O5O8U3O7U8U4,c,{'O1O2O3O4U3O5U6U7U1U2O6O8U4O7U8U5'},1,"<a href=""/flatknot/8.733880"">8.733880</a>",t^9-37t^7-68t^6+80t^5+208t^4+108t^3+16t^2-23t-24,-t^2+2t,,
8.733881,O1O2O3O4U3O5U6U7U1U2O6O8U5O7U4U8,4,z^3+27z^2+109z+119,w^4z^3+27w^3z^2+109w^2z+119w,False,False,"[[ 0 -1  1 -1  2  2 -3 -1  1],[ 1  0  1  0  2  1  0  0  1],[-1 -1  0  0  1  0 -1 -1  1],[ 1  0  0  0  1  0  1  1  1],[-2 -2 -1 -1  0  1 -3 -2  1],[-2 -1  0  0 -1  0 -2 -1  0],[ 3  0  1 -1  3  2  0  1  2],[ 1  0  1 -1  2  1 -1  0  1],[-1 -1 -1 -1 -1  0 -2 -1  0]]","[[ 0  2  2  1  1 -1 -1 -1 -3],[-2  0  1  1 -1 -1 -2 -2 -3],[-2 -1  0  0  0  0 -1 -1 -2],[-1 -1  0  0 -1 -1 -1 -1 -2],[-1  1  0  1  0  0 -1 -1 -1],[ 1  1  0  1  0  0  1  0  1],[ 1  2  1  1  1 -1  0  0 -1],[ 1  2  1  1  1  0  0  0  0],[ 3  3  2  2  1 -1  1  0  0]]",True,"[-2,-2,-1,-1,1,1,1,3,-1,-1,1,1,2,2,3,0,0,0,1,1,2,1,1,1,1,2,0,1,1,1,-1,0,-1,0,1,0]","[-3,-1,-1,-1,1,1,2,2,-1,0,1,1,2,2,3,0,1,0,1,0,1,0,1,1,1,2,1,1,1,2,1,0,1,0,-1,-1]",t^8+41t^6+104t^4+44t^2,"[-3,-1,-1,-1,1,1,2,2,1,2,3,2,3,2,3,0,1,1,1,1,2,0,1,1,1,2,1,2,2,3,1,2,1,0,1,-1]","[-2,-2,-1,-1,1,1,1,3,-1,1,1,2,2,3,3,0,2,1,1,2,2,1,1,1,2,3,1,1,1,2,0,-1,1,0,2,3]","[-3,-1,-1,-1,1,1,2,2,-1,0,1,1,2,2,3,0,1,0,1,0,1,0,1,1,1,2,1,1,1,2,1,0,1,0,-1,-1]",c,"[[{8, 1}, {2, 7}, {3, 6}, {4, 5}], [{8, 1}, {2, 7}, {4, 6}, {3, 5}], [{8, 1}, {2, 7}, {5, 6}, {3, 4}], [{8, 1}, {2, 7}, {6}, {4, 5}, {3}], [{8, 1}, {3, 7}, {2, 6}, {4, 5}], [{8, 1}, {3, 7}, {2, 6}, {5}, {4}], [{8, 1}, {3, 7}, {4, 6}, {2, 5}], [{8, 1}, {3, 7}, {5, 6}, {2, 4}], [{8, 1}, {4, 7}, {2, 6}, {3, 5}], [{8, 1}, {4, 7}, {3, 6}, {2, 5}], [{8, 1}, {4, 7}, {5, 6}, {2, 3}], [{8, 1}, {4, 7}, {6}, {3, 5}, {2}], [{8, 1}, {5, 7}, {2, 6}, {3, 4}], [{8, 1}, {5, 7}, {3, 6}, {2, 4}], [{8, 1}, {5, 7}, {4, 6}, {2, 3}], [{8, 1}, {5, 7}, {6}, {2, 4}, {3}], [{8, 1}, {6, 7}, {2, 5}, {3, 4}], [{8, 1}, {6, 7}, {3, 5}, {2, 4}], [{8, 1}, {6, 7}, {4, 5}, {2, 3}], [{8, 1}, {6, 7}, {5}, {2, 4}, {3}], [{8, 1}, {7}, {4, 6}, {2, 5}, {3}], [{8, 1}, {7}, {5, 6}, {2, 4}, {3}], [{8, 1}, {7}, {5, 6}, {3, 4}, {2}], [{8, 1}, {7}, {5, 6}, {4}, {2, 3}], [{8, 2}, {1, 7}, {3, 6}, {4, 5}], [{8, 2}, {1, 7}, {4, 6}, {3, 5}], [{8, 2}, {1, 7}, {4, 6}, {5}, {3}], [{8, 2}, {1, 7}, {5, 6}, {3, 4}], [{8, 2}, {1, 7}, {5, 6}, {4}, {3}], [{8, 2}, {1, 7}, {6}, {4, 5}, {3}], [{8, 2}, {3, 7}, {1, 6}, {4, 5}], [{8, 2}, {3, 7}, {4, 6}, {1, 5}], [{8, 2}, {3, 7}, {5, 6}, {1, 4}], [{8, 2}, {4, 7}, {1, 6}, {3, 5}], [{8, 2}, {4, 7}, {3, 6}, {1, 5}], [{8, 2}, {4, 7}, {3, 6}, {5}, {1}], [{8, 2}, {4, 7}, {5, 6}, {1, 3}], [{8, 2}, {5, 7}, {1, 6}, {3, 4}], [{8, 2}, {5, 7}, {3, 6}, {1, 4}], [{8, 2}, {5, 7}, {4, 6}, {1, 3}], [{8, 2}, {5, 7}, {6}, {1, 4}, {3}], [{8, 2}, {6, 7}, {1, 5}, {3, 4}], [{8, 2}, {6, 7}, {3, 5}, {1, 4}], [{8, 2}, {6, 7}, {4, 5}, {1, 3}], [{8, 2}, {7}, {3, 6}, {1, 5}, {4}], [{8, 2}, {7}, {5, 6}, {3, 4}, {1}], [{8, 3}, {1, 7}, {2, 6}, {4, 5}], [{8, 3}, {1, 7}, {4, 6}, {2, 5}], [{8, 3}, {1, 7}, {5, 6}, {2, 4}], [{8, 3}, {1, 7}, {6}, {4, 5}, {2}], [{8, 3}, {2, 7}, {1, 6}, {4, 5}], [{8, 3}, {2, 7}, {4, 6}, {1, 5}], [{8, 3}, {2, 7}, {5, 6}, {1, 4}], [{8, 3}, {2, 7}, {6}, {4, 5}, {1}], [{8, 3}, {4, 7}, {1, 6}, {2, 5}], [{8, 3}, {4, 7}, {2, 6}, {1, 5}], [{8, 3}, {4, 7}, {2, 6}, {5}, {1}], [{8, 3}, {4, 7}, {5, 6}, {1, 2}], [{8, 3}, {5, 7}, {1, 6}, {2, 4}], [{8, 3}, {5, 7}, {2, 6}, {1, 4}], [{8, 3}, {5, 7}, {2, 6}, {4}, {1}], [{8, 3}, {5, 7}, {4, 6}, {1, 2}], [{8, 3}, {6, 7}, {1, 5}, {2, 4}], [{8, 3}, {6, 7}, {2, 5}, {1, 4}], [{8, 3}, {6, 7}, {2, 5}, {4}, {1}], [{8, 3}, {6, 7}, {4, 5}, {1, 2}], [{8, 3}, {6, 7}, {4, 5}, {2}, {1}], [{8, 3}, {6, 7}, {5}, {2, 4}, {1}], [{8, 3}, {7}, {1, 6}, {4, 5}, {2}], [{8, 3}, {7}, {2, 6}, {4, 5}, {1}], [{8, 3}, {7}, {6}, {4, 5}, {1, 2}], [{8, 3}, {7}, {6}, {4, 5}, {2}, {1}], [{8, 4}, {1, 7}, {2, 6}, {3, 5}], [{8, 4}, {1, 7}, {3, 6}, {2, 5}], [{8, 4}, {1, 7}, {5, 6}, {2, 3}], [{8, 4}, {2, 7}, {1, 6}, {3, 5}], [{8, 4}, {2, 7}, {3, 6}, {1, 5}], [{8, 4}, {2, 7}, {5, 6}, {1, 3}], [{8, 4}, {2, 7}, {5, 6}, {3}, {1}], [{8, 4}, {3, 7}, {1, 6}, {2, 5}], [{8, 4}, {3, 7}, {2, 6}, {1, 5}], [{8, 4}, {3, 7}, {5, 6}, {1, 2}], [{8, 4}, {5, 7}, {1, 6}, {2, 3}], [{8, 4}, {5, 7}, {2, 6}, {1, 3}], [{8, 4}, {5, 7}, {3, 6}, {1, 2}], [{8, 4}, {6, 7}, {1, 5}, {2, 3}], [{8, 4}, {6, 7}, {2, 5}, {1, 3}], [{8, 4}, {6, 7}, {3, 5}, {1, 2}], [{8, 5}, {1, 7}, {2, 6}, {3, 4}], [{8, 5}, {1, 7}, {3, 6}, {2, 4}], [{8, 5}, {1, 7}, {3, 6}, {4}, {2}], [{8, 5}, {1, 7}, {4, 6}, {2, 3}], [{8, 5}, {2, 7}, {1, 6}, {3, 4}], [{8, 5}, {2, 7}, {3, 6}, {1, 4}], [{8, 5}, {2, 7}, {4, 6}, {1, 3}], [{8, 5}, {3, 7}, {1, 6}, {2, 4}], [{8, 5}, {3, 7}, {2, 6}, {1, 4}], [{8, 5}, {3, 7}, {2, 6}, {4}, {1}], [{8, 5}, {3, 7}, {4, 6}, {1, 2}], [{8, 5}, {4, 7}, {1, 6}, {2, 3}], [{8, 5}, {4, 7}, {2, 6}, {1, 3}], [{8, 5}, {4, 7}, {3, 6}, {1, 2}], [{8, 5}, {4, 7}, {6}, {1, 3}, {2}], [{8, 5}, {6, 7}, {1, 4}, {2, 3}], [{8, 5}, {6, 7}, {2, 4}, {1, 3}], [{8, 5}, {6, 7}, {3, 4}, {1, 2}], [{8, 5}, {7}, {3, 6}, {2, 4}, {1}], [{8, 6}, {1, 7}, {2, 5}, {3, 4}], [{8, 6}, {1, 7}, {3, 5}, {2, 4}], [{8, 6}, {1, 7}, {4, 5}, {2, 3}], [{8, 6}, {2, 7}, {1, 5}, {3, 4}], [{8, 6}, {2, 7}, {3, 5}, {1, 4}], [{8, 6}, {2, 7}, {4, 5}, {1, 3}], [{8, 6}, {3, 7}, {1, 5}, {2, 4}], [{8, 6}, {3, 7}, {2, 5}, {1, 4}], [{8, 6}, {3, 7}, {4, 5}, {1, 2}], [{8, 6}, {3, 7}, {4, 5}, {2}, {1}], [{8, 6}, {3, 7}, {5}, {4}, {1, 2}], [{8, 6}, {4, 7}, {1, 5}, {2, 3}], [{8, 6}, {4, 7}, {2, 5}, {1, 3}], [{8, 6}, {4, 7}, {3, 5}, {1, 2}], [{8, 6}, {4, 7}, {3, 5}, {2}, {1}], [{8, 6}, {5, 7}, {1, 4}, {2, 3}], [{8, 6}, {5, 7}, {2, 4}, {1, 3}], [{8, 6}, {5, 7}, {3, 4}, {1, 2}], [{8, 6}, {5, 7}, {4}, {2, 3}, {1}], [{8, 7}, {1, 6}, {2, 5}, {3, 4}], [{8, 7}, {1, 6}, {3, 5}, {2, 4}], [{8, 7}, {1, 6}, {4, 5}, {2, 3}], [{8, 7}, {2, 6}, {1, 5}, {3, 4}], [{8, 7}, {2, 6}, {3, 5}, {1, 4}], [{8, 7}, {2, 6}, {4, 5}, {1, 3}], [{8, 7}, {2, 6}, {5}, {1, 4}, {3}], [{8, 7}, {2, 6}, {5}, {3, 4}, {1}], [{8, 7}, {2, 6}, {5}, {4}, {1, 3}], [{8, 7}, {3, 6}, {1, 5}, {2, 4}], [{8, 7}, {3, 6}, {2, 5}, {1, 4}], [{8, 7}, {3, 6}, {4, 5}, {1, 2}], [{8, 7}, {3, 6}, {4, 5}, {2}, {1}], [{8, 7}, {4, 6}, {1, 5}, {2, 3}], [{8, 7}, {4, 6}, {2, 5}, {1, 3}], [{8, 7}, {4, 6}, {3, 5}, {1, 2}], [{8, 7}, {5, 6}, {1, 4}, {2, 3}], [{8, 7}, {5, 6}, {2, 4}, {1, 3}], [{8, 7}, {5, 6}, {3, 4}, {1, 2}], [{8, 7}, {6}, {1, 5}, {2, 4}, {3}], [{8}, {1, 7}, {6}, {4, 5}, {2, 3}], [{8}, {2, 7}, {4, 6}, {3, 5}, {1}], [{8}, {2, 7}, {6}, {4, 5}, {1, 3}], [{8}, {3, 7}, {2, 6}, {1, 5}, {4}], [{8}, {4, 7}, {1, 6}, {3, 5}, {2}], [{8}, {4, 7}, {5, 6}, {2, 3}, {1}], [{8}, {5, 7}, {4, 6}, {3}, {1, 2}], [{8}, {6, 7}, {5}, {2, 4}, {1, 3}], [{8}, {7}, {5, 6}, {3, 4}, {1, 2}]]",2,20 K_1^3 + 8 K_1^2 K_2 - 28 K_1^2 - 18 K_1 K_2 - 4 K_1 K_3 - 6 K_1 + 12 K_2 + 4 K_3 + 13,O1O2O3O4U5U1O6U7O5O8U3U4U6U8O7U2,O1O2O3O4U1U5O6U2O7O5U3U4U8U7O8U6,O1O2O3O4U5O6U7U6U1U2O8O7U3O5U8U4,c,{'O1O2O3O4U3O5U6U7U1U2O6O8U5O7U4U8'},1,"<a href=""/flatknot/8.733881"">8.733881</a>",t^9-43t^7-102t^6-4t^5+98t^4-22t^3-54t^2+12t+12,t^3-2t^2+t,,
8.733882,O1O2O3O4U3O5U6U7U1U2O6O8U5O7U8U4,4,3z^3+36z^2+112z+105,3w^4z^3+36w^3z^2+112w^2z+105w,False,False,"[[ 0 -1  1 -1  3  2 -3 -1  0],[ 1  0  1  0  2  1  0  0  0],[-1 -1  0  0  1  0 -1 -1  0],[ 1  0  0  0  1  0  1  1  0],[-3 -2 -1 -1  0  0 -4 -2  0],[-2 -1  0  0  0  0 -2 -1  0],[ 3  0  1 -1  4  2  0  1  1],[ 1  0  1 -1  2  1 -1  0  0],[ 0  0  0  0  0  0 -1  0  0]]","[[ 0  3  2  1  0 -1 -1 -1 -3],[-3  0  0 -1  0 -1 -2 -2 -4],[-2  0  0  0  0  0 -1 -1 -2],[-1  1  0  0  0  0 -1 -1 -1],[ 0  0  0  0  0  0  0  0 -1],[ 1  1  0  0  0  0  1  0  1],[ 1  2  1  1  0 -1  0  0 -1],[ 1  2  1  1  0  0  0  0  0],[ 3  4  2  1  1 -1  1  0  0]]",True,"[-3,-2,-1,0,1,1,1,3,0,1,0,1,2,2,4,0,0,0,1,1,2,0,0,1,1,1,0,0,0,1,-1,0,-1,0,1,0]","[-3,-2,-1,0,1,1,1,3,0,1,0,1,2,2,4,0,0,0,1,1,2,0,0,1,1,1,0,0,0,1,-1,0,-1,0,1,0]",t^8+39t^6+71t^4+24t^2+1,"[-3,-1,-1,-1,0,1,2,3,1,2,3,2,3,3,2,0,1,1,1,2,2,0,1,1,2,2,1,2,3,3,1,2,3,1,1,1]","[-3,-2,-1,0,1,1,1,3,1,1,3,2,2,3,2,1,2,2,2,3,3,1,1,1,2,3,1,1,1,2,0,-1,1,0,2,3]","[-3,-1,-1,-1,0,1,2,3,-1,0,1,1,1,2,4,0,1,0,0,0,1,0,0,1,1,2,0,1,1,2,0,0,0,0,1,0]",c,"[[{8, 1}, {2, 7}, {3, 6}, {4, 5}], [{8, 1}, {2, 7}, {4, 6}, {3, 5}], [{8, 1}, {2, 7}, {4, 6}, {5}, {3}], [{8, 1}, {2, 7}, {5, 6}, {3, 4}], [{8, 1}, {2, 7}, {5, 6}, {4}, {3}], [{8, 1}, {2, 7}, {6}, {4, 5}, {3}], [{8, 1}, {3, 7}, {2, 6}, {4, 5}], [{8, 1}, {3, 7}, {4, 6}, {2, 5}], [{8, 1}, {3, 7}, {4, 6}, {5}, {2}], [{8, 1}, {3, 7}, {5, 6}, {2, 4}], [{8, 1}, {4, 7}, {2, 6}, {3, 5}], [{8, 1}, {4, 7}, {3, 6}, {2, 5}], [{8, 1}, {4, 7}, {5, 6}, {2, 3}], [{8, 1}, {5, 7}, {2, 6}, {3, 4}], [{8, 1}, {5, 7}, {3, 6}, {2, 4}], [{8, 1}, {5, 7}, {4, 6}, {2, 3}], [{8, 1}, {6, 7}, {2, 5}, {3, 4}], [{8, 1}, {6, 7}, {3, 5}, {2, 4}], [{8, 1}, {6, 7}, {3, 5}, {4}, {2}], [{8, 1}, {6, 7}, {4, 5}, {2, 3}], [{8, 1}, {7}, {2, 6}, {5}, {3, 4}], [{8, 1}, {7}, {4, 6}, {5}, {2, 3}], [{8, 1}, {7}, {5, 6}, {3, 4}, {2}], [{8, 1}, {7}, {6}, {2, 5}, {3, 4}], [{8, 1}, {7}, {6}, {3, 5}, {2, 4}], [{8, 2}, {1, 7}, {3, 6}, {4, 5}], [{8, 2}, {1, 7}, {4, 6}, {3, 5}], [{8, 2}, {1, 7}, {5, 6}, {3, 4}], [{8, 2}, {1, 7}, {6}, {5}, {3, 4}], [{8, 2}, {3, 7}, {1, 6}, {4, 5}], [{8, 2}, {3, 7}, {4, 6}, {1, 5}], [{8, 2}, {3, 7}, {4, 6}, {5}, {1}], [{8, 2}, {3, 7}, {5, 6}, {1, 4}], [{8, 2}, {4, 7}, {1, 6}, {3, 5}], [{8, 2}, {4, 7}, {3, 6}, {1, 5}], [{8, 2}, {4, 7}, {5, 6}, {1, 3}], [{8, 2}, {4, 7}, {5, 6}, {3}, {1}], [{8, 2}, {5, 7}, {1, 6}, {3, 4}], [{8, 2}, {5, 7}, {3, 6}, {1, 4}], [{8, 2}, {5, 7}, {4, 6}, {1, 3}], [{8, 2}, {6, 7}, {1, 5}, {3, 4}], [{8, 2}, {6, 7}, {3, 5}, {1, 4}], [{8, 2}, {6, 7}, {3, 5}, {4}, {1}], [{8, 2}, {6, 7}, {4, 5}, {1, 3}], [{8, 2}, {7}, {6}, {3, 5}, {1, 4}], [{8, 2}, {7}, {6}, {4, 5}, {1, 3}], [{8, 3}, {1, 7}, {2, 6}, {4, 5}], [{8, 3}, {1, 7}, {4, 6}, {2, 5}], [{8, 3}, {1, 7}, {4, 6}, {5}, {2}], [{8, 3}, {1, 7}, {5, 6}, {2, 4}], [{8, 3}, {1, 7}, {5, 6}, {4}, {2}], [{8, 3}, {1, 7}, {6}, {4, 5}, {2}], [{8, 3}, {2, 7}, {1, 6}, {4, 5}], [{8, 3}, {2, 7}, {4, 6}, {1, 5}], [{8, 3}, {2, 7}, {5, 6}, {1, 4}], [{8, 3}, {2, 7}, {5, 6}, {4}, {1}], [{8, 3}, {4, 7}, {1, 6}, {2, 5}], [{8, 3}, {4, 7}, {1, 6}, {5}, {2}], [{8, 3}, {4, 7}, {2, 6}, {1, 5}], [{8, 3}, {4, 7}, {5, 6}, {1, 2}], [{8, 3}, {4, 7}, {5, 6}, {2}, {1}], [{8, 3}, {4, 7}, {6}, {1, 5}, {2}], [{8, 3}, {5, 7}, {1, 6}, {2, 4}], [{8, 3}, {5, 7}, {1, 6}, {4}, {2}], [{8, 3}, {5, 7}, {2, 6}, {1, 4}], [{8, 3}, {5, 7}, {2, 6}, {4}, {1}], [{8, 3}, {5, 7}, {4, 6}, {1, 2}], [{8, 3}, {5, 7}, {4, 6}, {2}, {1}], [{8, 3}, {5, 7}, {6}, {1, 4}, {2}], [{8, 3}, {5, 7}, {6}, {2, 4}, {1}], [{8, 3}, {5, 7}, {6}, {4}, {1, 2}], [{8, 3}, {5, 7}, {6}, {4}, {2}, {1}], [{8, 3}, {6, 7}, {1, 5}, {2, 4}], [{8, 3}, {6, 7}, {1, 5}, {4}, {2}], [{8, 3}, {6, 7}, {2, 5}, {1, 4}], [{8, 3}, {6, 7}, {2, 5}, {4}, {1}], [{8, 3}, {6, 7}, {4, 5}, {1, 2}], [{8, 3}, {6, 7}, {4, 5}, {2}, {1}], [{8, 3}, {6, 7}, {5}, {1, 4}, {2}], [{8, 3}, {6, 7}, {5}, {2, 4}, {1}], [{8, 3}, {6, 7}, {5}, {4}, {1, 2}], [{8, 3}, {6, 7}, {5}, {4}, {2}, {1}], [{8, 3}, {7}, {1, 6}, {4, 5}, {2}], [{8, 3}, {7}, {4, 6}, {1, 5}, {2}], [{8, 3}, {7}, {5, 6}, {1, 4}, {2}], [{8, 3}, {7}, {5, 6}, {2, 4}, {1}], [{8, 3}, {7}, {5, 6}, {4}, {1, 2}], [{8, 3}, {7}, {5, 6}, {4}, {2}, {1}], [{8, 4}, {1, 7}, {2, 6}, {3, 5}], [{8, 4}, {1, 7}, {3, 6}, {2, 5}], [{8, 4}, {1, 7}, {5, 6}, {2, 3}], [{8, 4}, {2, 7}, {1, 6}, {3, 5}], [{8, 4}, {2, 7}, {3, 6}, {1, 5}], [{8, 4}, {2, 7}, {5, 6}, {1, 3}], [{8, 4}, {2, 7}, {5, 6}, {3}, {1}], [{8, 4}, {3, 7}, {1, 6}, {2, 5}], [{8, 4}, {3, 7}, {2, 6}, {1, 5}], [{8, 4}, {3, 7}, {2, 6}, {5}, {1}], [{8, 4}, {3, 7}, {5, 6}, {1, 2}], [{8, 4}, {5, 7}, {1, 6}, {2, 3}], [{8, 4}, {5, 7}, {2, 6}, {1, 3}], [{8, 4}, {5, 7}, {3, 6}, {1, 2}], [{8, 4}, {6, 7}, {1, 5}, {2, 3}], [{8, 4}, {6, 7}, {2, 5}, {1, 3}], [{8, 4}, {6, 7}, {3, 5}, {1, 2}], [{8, 4}, {6, 7}, {3, 5}, {2}, {1}], [{8, 4}, {7}, {5, 6}, {1, 3}, {2}], [{8, 5}, {1, 7}, {2, 6}, {3, 4}], [{8, 5}, {1, 7}, {3, 6}, {2, 4}], [{8, 5}, {1, 7}, {4, 6}, {2, 3}], [{8, 5}, {1, 7}, {6}, {2, 4}, {3}], [{8, 5}, {2, 7}, {1, 6}, {3, 4}], [{8, 5}, {2, 7}, {3, 6}, {1, 4}], [{8, 5}, {2, 7}, {4, 6}, {1, 3}], [{8, 5}, {2, 7}, {6}, {1, 4}, {3}], [{8, 5}, {3, 7}, {1, 6}, {2, 4}], [{8, 5}, {3, 7}, {2, 6}, {1, 4}], [{8, 5}, {3, 7}, {4, 6}, {1, 2}], [{8, 5}, {4, 7}, {1, 6}, {2, 3}], [{8, 5}, {4, 7}, {2, 6}, {1, 3}], [{8, 5}, {4, 7}, {3, 6}, {1, 2}], [{8, 5}, {6, 7}, {1, 4}, {2, 3}], [{8, 5}, {6, 7}, {1, 4}, {3}, {2}], [{8, 5}, {6, 7}, {2, 4}, {1, 3}], [{8, 5}, {6, 7}, {2, 4}, {3}, {1}], [{8, 5}, {6, 7}, {3, 4}, {1, 2}], [{8, 5}, {6, 7}, {3, 4}, {2}, {1}], [{8, 5}, {6, 7}, {4}, {1, 3}, {2}], [{8, 5}, {6, 7}, {4}, {2, 3}, {1}], [{8, 5}, {6, 7}, {4}, {3}, {1, 2}], [{8, 5}, {6, 7}, {4}, {3}, {2}, {1}], [{8, 5}, {7}, {1, 6}, {2, 4}, {3}], [{8, 5}, {7}, {2, 6}, {1, 4}, {3}], [{8, 6}, {1, 7}, {2, 5}, {3, 4}], [{8, 6}, {1, 7}, {3, 5}, {2, 4}], [{8, 6}, {1, 7}, {4, 5}, {2, 3}], [{8, 6}, {1, 7}, {5}, {2, 4}, {3}], [{8, 6}, {2, 7}, {1, 5}, {3, 4}], [{8, 6}, {2, 7}, {3, 5}, {1, 4}], [{8, 6}, {2, 7}, {4, 5}, {1, 3}], [{8, 6}, {2, 7}, {5}, {1, 4}, {3}], [{8, 6}, {3, 7}, {1, 5}, {2, 4}], [{8, 6}, {3, 7}, {2, 5}, {1, 4}], [{8, 6}, {3, 7}, {4, 5}, {1, 2}], [{8, 6}, {4, 7}, {1, 5}, {2, 3}], [{8, 6}, {4, 7}, {2, 5}, {1, 3}], [{8, 6}, {4, 7}, {3, 5}, {1, 2}], [{8, 6}, {4, 7}, {5}, {3}, {1, 2}], [{8, 6}, {5, 7}, {1, 4}, {2, 3}], [{8, 6}, {5, 7}, {2, 4}, {1, 3}], [{8, 6}, {5, 7}, {3, 4}, {1, 2}], [{8, 6}, {7}, {2, 5}, {3, 4}, {1}], [{8, 6}, {7}, {4, 5}, {2, 3}, {1}], [{8, 7}, {1, 6}, {2, 5}, {3, 4}], [{8, 7}, {1, 6}, {3, 5}, {2, 4}], [{8, 7}, {1, 6}, {4, 5}, {2, 3}], [{8, 7}, {1, 6}, {5}, {2, 4}, {3}], [{8, 7}, {2, 6}, {1, 5}, {3, 4}], [{8, 7}, {2, 6}, {1, 5}, {4}, {3}], [{8, 7}, {2, 6}, {3, 5}, {1, 4}], [{8, 7}, {2, 6}, {4, 5}, {1, 3}], [{8, 7}, {2, 6}, {4, 5}, {3}, {1}], [{8, 7}, {2, 6}, {5}, {1, 4}, {3}], [{8, 7}, {3, 6}, {1, 5}, {2, 4}], [{8, 7}, {3, 6}, {2, 5}, {1, 4}], [{8, 7}, {3, 6}, {4, 5}, {1, 2}], [{8, 7}, {4, 6}, {1, 5}, {2, 3}], [{8, 7}, {4, 6}, {2, 5}, {1, 3}], [{8, 7}, {4, 6}, {2, 5}, {3}, {1}], [{8, 7}, {4, 6}, {3, 5}, {1, 2}], [{8, 7}, {5, 6}, {1, 4}, {2, 3}], [{8, 7}, {5, 6}, {2, 4}, {1, 3}], [{8, 7}, {5, 6}, {3, 4}, {1, 2}], [{8}, {1, 7}, {5, 6}, {2, 4}, {3}], [{8}, {2, 7}, {5, 6}, {1, 4}, {3}], [{8}, {2, 7}, {5, 6}, {3, 4}, {1}], [{8}, {2, 7}, {5, 6}, {4}, {1, 3}], [{8}, {3, 7}, {4, 6}, {5}, {1, 2}], [{8}, {4, 7}, {5, 6}, {2, 3}, {1}], [{8}, {4, 7}, {6}, {3, 5}, {1, 2}], [{8}, {5, 7}, {1, 6}, {2, 4}, {3}], [{8}, {5, 7}, {2, 6}, {1, 4}, {3}], [{8}, {5, 7}, {4, 6}, {3}, {1, 2}], [{8}, {6, 7}, {3, 5}, {1, 4}, {2}], [{8}, {6, 7}, {3, 5}, {2, 4}, {1}], [{8}, {6, 7}, {3, 5}, {4}, {1, 2}], [{8}, {6, 7}, {3, 5}, {4}, {2}, {1}], [{8}, {7}, {1, 6}, {2, 5}, {3, 4}], [{8}, {7}, {4, 6}, {3, 5}, {1, 2}]]",2,- 16 K_1^4 + 32 K_1^3 + 16 K_1^2 K_2 - 18 K_1^2 - 20 K_1 K_2 - 4 K_1 K_3 - 14 K_1 + 11 K_2 + 2 K_3 + 12,O1O2O3O4U1U5O6U7O5O8U3U4U6U8O7U2,O1O2O3O4U1U5O6U2O5O7U3U4U8U7O8U6,O1O2O3O4U5O6U7U6U1U2O7O8U3O5U8U4,c,{'O1O2O3O4U3O5U6U7U1U2O6O8U5O7U8U4'},1,"<a href=""/flatknot/8.733882"">8.733882</a>",t^9-37t^7-60t^6+8t^5+34t^4+9t^3+4t^2+3t-2,-t^2+2t,,
8.733883,O1O2O3O4U3O5U6U7U1U4O6O8U2O7U5U8,4,z^3+22z^2+100z+121,w^4z^3+22w^3z^2+100w^2z+121w,False,False,"[[ 0 -1  0 -1  3  2 -3 -1  1],[ 1  0  1  0  2  1  0  0  1],[ 0 -1  0 -1  2  1 -1  0  1],[ 1  0  1  0  1  1  0  0  0],[-3 -2 -2 -1  0 -1 -3 -2  0],[-2 -1 -1 -1  1  0 -3 -1  0],[ 3  0  1  0  3  3  0  1  2],[ 1  0  0  0  2  1 -1  0  1],[-1 -1 -1  0  0  0 -2 -1  0]]","[[ 0  3  2  1  0 -1 -1 -1 -3],[-3  0 -1  0 -2 -1 -2 -2 -3],[-2  1  0  0 -1 -1 -1 -1 -3],[-1  0  0  0 -1  0 -1 -1 -2],[ 0  2  1  1  0 -1  0 -1 -1],[ 1  1  1  0  1  0  0  0  0],[ 1  2  1  1  0  0  0  0 -1],[ 1  2  1  1  1  0  0  0  0],[ 3  3  3  2  1  0  1  0  0]]",True,"[-3,-2,-1,0,1,1,1,3,1,0,2,1,2,2,3,0,1,1,1,1,3,1,0,1,1,2,1,0,1,1,0,0,0,0,1,0]","[-3,-2,-1,0,1,1,1,3,0,2,1,2,2,3,3,1,1,2,2,2,2,0,1,1,2,2,0,1,0,2,0,0,2,0,1,2]",t^8+47t^6+89t^4+41t^2+1,"[-3,-1,-1,-1,0,1,2,3,1,2,2,2,2,2,3,0,0,1,1,2,2,0,0,1,2,2,0,2,2,3,0,1,1,1,2,0]","[-3,-2,-1,0,1,1,1,3,0,2,1,2,2,3,3,1,1,2,2,2,2,0,1,1,2,2,0,1,0,2,0,0,2,0,1,2]","[-3,-1,-1,-1,0,1,2,3,0,0,1,1,2,3,3,0,0,1,0,1,1,0,1,1,1,2,0,1,1,2,1,1,2,0,0,1]",c,"[[{8, 1}, {2, 7}, {5, 6}, {3, 4}], [{8, 2}, {1, 7}, {5, 6}, {3, 4}], [{8, 4}, {2, 7}, {5, 6}, {1, 3}]]",1,- 16 K_1^2 - 20 K_1 K_2 - 2 K_1 K_3 + 10 K_1 - 6 K_2^2 + 9 K_2 + 10 K_3 + 4 K_4 + 12,O1O2O3O4U5U6O7U3O5O8U1U4U7U8O6U2,O1O2O3O4U1U5O6U2O7O5U3U6U8U4O8U7,O1O2O3O4U5O6U1U6U7U2O8O5U3O7U8U4,c,{'O1O2O3O4U3O5U6U7U1U4O6O8U2O7U5U8'},1,"<a href=""/flatknot/8.733883"">8.733883</a>",t^9-45t^7-88t^6+90t^5+168t^4-10t^3-22t^2-19t-6,-t^2+2t,,
8.733884,O1O2O3O4U3O5U6U7U1U4O6O8U2O7U8U5,4,4z^3+40z^2+105z+83,4w^4z^3-2w^4z^2+42w^3z^2-6w^3z+111w^2z+83w,False,False,"[[ 0 -1  0 -1  3  3 -3 -1  0],[ 1  0  1  0  2  1  0  0  0],[ 0 -1  0 -1  2  2 -1  0  0],[ 1  0  1  0  1  1  0  0  0],[-3 -2 -2 -1  0 -1 -3 -2 -1],[-3 -1 -2 -1  1  0 -4 -1 -1],[ 3  0  1  0  3  4  0  1  1],[ 1  0  0  0  2  1 -1  0  0],[ 0  0  0  0  1  1 -1  0  0]]","[[ 0  3  3  0  0 -1 -1 -1 -3],[-3  0  1 -1 -2 -1 -1 -1 -4],[-3 -1  0 -1 -2 -1 -2 -2 -3],[ 0  1  1  0  0  0  0  0 -1],[ 0  2  2  0  0 -1  0 -1 -1],[ 1  1  1  0  1  0  0  0  0],[ 1  1  2  0  0  0  0  0 -1],[ 1  1  2  0  1  0  0  0  0],[ 3  4  3  1  1  0  1  0  0]]",True,"[-3,-3,0,0,1,1,1,3,-1,1,2,1,1,1,4,1,2,1,2,2,3,0,0,0,0,1,1,0,1,1,0,0,0,0,1,0]","[-3,-3,0,0,1,1,1,3,-1,1,2,1,1,1,4,1,2,1,2,2,3,0,0,0,0,1,1,0,1,1,0,0,0,0,1,0]",t^8+53t^6+121t^4+36t^2,"[-3,-1,-1,-1,0,0,3,3,1,2,2,2,2,2,3,0,0,1,1,3,2,0,0,1,3,2,0,1,3,3,0,1,1,2,2,-1]","[-3,-3,0,0,1,1,1,3,-1,1,2,2,2,3,3,1,2,3,3,3,2,0,0,1,0,2,1,1,1,2,0,0,2,0,1,2]","[-3,-1,-1,-1,0,0,3,3,0,0,1,1,1,3,4,0,0,0,1,1,1,0,0,1,2,1,0,0,2,1,0,1,1,2,2,-1]",c,"[[{8, 1}, {2, 7}, {3, 6}, {4, 5}], [{8, 1}, {2, 7}, {4, 6}, {3, 5}], [{8, 1}, {2, 7}, {5, 6}, {3, 4}], [{8, 1}, {2, 7}, {5, 6}, {4}, {3}], [{8, 1}, {2, 7}, {6}, {5}, {3, 4}], [{8, 1}, {3, 7}, {2, 6}, {4, 5}], [{8, 1}, {3, 7}, {4, 6}, {2, 5}], [{8, 1}, {3, 7}, {5, 6}, {2, 4}], [{8, 1}, {4, 7}, {2, 6}, {3, 5}], [{8, 1}, {4, 7}, {3, 6}, {2, 5}], [{8, 1}, {4, 7}, {5, 6}, {2, 3}], [{8, 1}, {5, 7}, {2, 6}, {3, 4}], [{8, 1}, {5, 7}, {3, 6}, {2, 4}], [{8, 1}, {5, 7}, {4, 6}, {2, 3}], [{8, 1}, {6, 7}, {2, 5}, {3, 4}], [{8, 1}, {6, 7}, {3, 5}, {2, 4}], [{8, 1}, {6, 7}, {4, 5}, {2, 3}], [{8, 1}, {7}, {4, 6}, {3, 5}, {2}], [{8, 2}, {1, 7}, {3, 6}, {4, 5}], [{8, 2}, {1, 7}, {4, 6}, {3, 5}], [{8, 2}, {1, 7}, {4, 6}, {5}, {3}], [{8, 2}, {1, 7}, {5, 6}, {3, 4}], [{8, 2}, {3, 7}, {1, 6}, {4, 5}], [{8, 2}, {3, 7}, {4, 6}, {1, 5}], [{8, 2}, {3, 7}, {5, 6}, {1, 4}], [{8, 2}, {4, 7}, {1, 6}, {3, 5}], [{8, 2}, {4, 7}, {3, 6}, {1, 5}], [{8, 2}, {4, 7}, {5, 6}, {1, 3}], [{8, 2}, {5, 7}, {1, 6}, {3, 4}], [{8, 2}, {5, 7}, {3, 6}, {1, 4}], [{8, 2}, {5, 7}, {4, 6}, {1, 3}], [{8, 2}, {6, 7}, {1, 5}, {3, 4}], [{8, 2}, {6, 7}, {3, 5}, {1, 4}], [{8, 2}, {6, 7}, {4, 5}, {1, 3}], [{8, 2}, {7}, {1, 6}, {3, 5}, {4}], [{8, 2}, {7}, {5, 6}, {1, 4}, {3}], [{8, 2}, {7}, {6}, {1, 5}, {3, 4}], [{8, 3}, {1, 7}, {2, 6}, {4, 5}], [{8, 3}, {1, 7}, {4, 6}, {2, 5}], [{8, 3}, {1, 7}, {5, 6}, {2, 4}], [{8, 3}, {1, 7}, {6}, {2, 5}, {4}], [{8, 3}, {2, 7}, {1, 6}, {4, 5}], [{8, 3}, {2, 7}, {4, 6}, {1, 5}], [{8, 3}, {2, 7}, {5, 6}, {1, 4}], [{8, 3}, {2, 7}, {5, 6}, {4}, {1}], [{8, 3}, {4, 7}, {1, 6}, {2, 5}], [{8, 3}, {4, 7}, {2, 6}, {1, 5}], [{8, 3}, {4, 7}, {5, 6}, {1, 2}], [{8, 3}, {4, 7}, {5, 6}, {2}, {1}], [{8, 3}, {5, 7}, {1, 6}, {2, 4}], [{8, 3}, {5, 7}, {2, 6}, {1, 4}], [{8, 3}, {5, 7}, {2, 6}, {4}, {1}], [{8, 3}, {5, 7}, {4, 6}, {1, 2}], [{8, 3}, {6, 7}, {1, 5}, {2, 4}], [{8, 3}, {6, 7}, {2, 5}, {1, 4}], [{8, 3}, {6, 7}, {2, 5}, {4}, {1}], [{8, 3}, {6, 7}, {4, 5}, {1, 2}], [{8, 3}, {7}, {1, 6}, {2, 5}, {4}], [{8, 3}, {7}, {4, 6}, {1, 5}, {2}], [{8, 3}, {7}, {5, 6}, {2, 4}, {1}], [{8, 4}, {1, 7}, {2, 6}, {3, 5}], [{8, 4}, {1, 7}, {2, 6}, {5}, {3}], [{8, 4}, {1, 7}, {3, 6}, {2, 5}], [{8, 4}, {1, 7}, {5, 6}, {2, 3}], [{8, 4}, {1, 7}, {5, 6}, {3}, {2}], [{8, 4}, {1, 7}, {6}, {2, 5}, {3}], [{8, 4}, {2, 7}, {1, 6}, {3, 5}], [{8, 4}, {2, 7}, {3, 6}, {1, 5}], [{8, 4}, {2, 7}, {5, 6}, {1, 3}], [{8, 4}, {2, 7}, {5, 6}, {3}, {1}], [{8, 4}, {3, 7}, {1, 6}, {2, 5}], [{8, 4}, {3, 7}, {2, 6}, {1, 5}], [{8, 4}, {3, 7}, {5, 6}, {1, 2}], [{8, 4}, {5, 7}, {1, 6}, {2, 3}], [{8, 4}, {5, 7}, {1, 6}, {3}, {2}], [{8, 4}, {5, 7}, {2, 6}, {1, 3}], [{8, 4}, {5, 7}, {3, 6}, {1, 2}], [{8, 4}, {6, 7}, {1, 5}, {2, 3}], [{8, 4}, {6, 7}, {2, 5}, {1, 3}], [{8, 4}, {6, 7}, {3, 5}, {1, 2}], [{8, 4}, {7}, {3, 6}, {1, 5}, {2}], [{8, 4}, {7}, {5, 6}, {3}, {1, 2}], [{8, 5}, {1, 7}, {2, 6}, {3, 4}], [{8, 5}, {1, 7}, {3, 6}, {2, 4}], [{8, 5}, {1, 7}, {4, 6}, {2, 3}], [{8, 5}, {2, 7}, {1, 6}, {3, 4}], [{8, 5}, {2, 7}, {3, 6}, {1, 4}], [{8, 5}, {2, 7}, {4, 6}, {1, 3}], [{8, 5}, {2, 7}, {6}, {3, 4}, {1}], [{8, 5}, {3, 7}, {1, 6}, {2, 4}], [{8, 5}, {3, 7}, {2, 6}, {1, 4}], [{8, 5}, {3, 7}, {4, 6}, {1, 2}], [{8, 5}, {4, 7}, {1, 6}, {2, 3}], [{8, 5}, {4, 7}, {2, 6}, {1, 3}], [{8, 5}, {4, 7}, {3, 6}, {1, 2}], [{8, 5}, {6, 7}, {1, 4}, {2, 3}], [{8, 5}, {6, 7}, {2, 4}, {1, 3}], [{8, 5}, {6, 7}, {3, 4}, {1, 2}], [{8, 5}, {7}, {1, 6}, {4}, {2, 3}], [{8, 5}, {7}, {4, 6}, {3}, {1, 2}], [{8, 6}, {1, 7}, {2, 5}, {3, 4}], [{8, 6}, {1, 7}, {3, 5}, {2, 4}], [{8, 6}, {1, 7}, {4, 5}, {2, 3}], [{8, 6}, {1, 7}, {5}, {2, 4}, {3}], [{8, 6}, {2, 7}, {1, 5}, {3, 4}], [{8, 6}, {2, 7}, {3, 5}, {1, 4}], [{8, 6}, {2, 7}, {4, 5}, {1, 3}], [{8, 6}, {2, 7}, {5}, {3, 4}, {1}], [{8, 6}, {3, 7}, {1, 5}, {2, 4}], [{8, 6}, {3, 7}, {2, 5}, {1, 4}], [{8, 6}, {3, 7}, {4, 5}, {1, 2}], [{8, 6}, {4, 7}, {1, 5}, {2, 3}], [{8, 6}, {4, 7}, {2, 5}, {1, 3}], [{8, 6}, {4, 7}, {2, 5}, {3}, {1}], [{8, 6}, {4, 7}, {3, 5}, {1, 2}], [{8, 6}, {5, 7}, {1, 4}, {2, 3}], [{8, 6}, {5, 7}, {2, 4}, {1, 3}], [{8, 6}, {5, 7}, {3, 4}, {1, 2}], [{8, 6}, {7}, {1, 5}, {3, 4}, {2}], [{8, 6}, {7}, {5}, {1, 4}, {2, 3}], [{8, 7}, {1, 6}, {2, 5}, {3, 4}], [{8, 7}, {1, 6}, {3, 5}, {2, 4}], [{8, 7}, {1, 6}, {4, 5}, {2, 3}], [{8, 7}, {1, 6}, {4, 5}, {3}, {2}], [{8, 7}, {2, 6}, {1, 5}, {3, 4}], [{8, 7}, {2, 6}, {3, 5}, {1, 4}], [{8, 7}, {2, 6}, {4, 5}, {1, 3}], [{8, 7}, {3, 6}, {1, 5}, {2, 4}], [{8, 7}, {3, 6}, {2, 5}, {1, 4}], [{8, 7}, {3, 6}, {4, 5}, {1, 2}], [{8, 7}, {4, 6}, {1, 5}, {2, 3}], [{8, 7}, {4, 6}, {2, 5}, {1, 3}], [{8, 7}, {4, 6}, {2, 5}, {3}, {1}], [{8, 7}, {4, 6}, {3, 5}, {1, 2}], [{8, 7}, {5, 6}, {1, 4}, {2, 3}], [{8, 7}, {5, 6}, {1, 4}, {3}, {2}], [{8, 7}, {5, 6}, {2, 4}, {1, 3}], [{8, 7}, {5, 6}, {3, 4}, {1, 2}], [{8, 7}, {6}, {1, 5}, {3, 4}, {2}], [{8, 7}, {6}, {4, 5}, {2, 3}, {1}], [{8}, {1, 7}, {2, 6}, {3, 5}, {4}], [{8}, {1, 7}, {6}, {2, 5}, {3, 4}], [{8}, {2, 7}, {1, 6}, {5}, {3, 4}], [{8}, {2, 7}, {3, 6}, {4, 5}, {1}], [{8}, {2, 7}, {4, 6}, {3, 5}, {1}], [{8}, {2, 7}, {5, 6}, {1, 4}, {3}], [{8}, {2, 7}, {5, 6}, {3, 4}, {1}], [{8}, {2, 7}, {5, 6}, {4}, {1, 3}], [{8}, {2, 7}, {5, 6}, {4}, {3}, {1}], [{8}, {2, 7}, {6}, {1, 5}, {3, 4}], [{8}, {2, 7}, {6}, {5}, {3, 4}, {1}], [{8}, {3, 7}, {1, 6}, {5}, {2, 4}], [{8}, {3, 7}, {6}, {2, 5}, {1, 4}], [{8}, {4, 7}, {3, 6}, {5}, {1, 2}], [{8}, {5, 7}, {4, 6}, {2, 3}, {1}], [{8}, {5, 7}, {6}, {3, 4}, {1, 2}], [{8}, {6, 7}, {1, 5}, {2, 4}, {3}], [{8}, {6, 7}, {1, 5}, {3, 4}, {2}], [{8}, {6, 7}, {1, 5}, {4}, {2, 3}], [{8}, {6, 7}, {3, 5}, {1, 4}, {2}], [{8}, {7}, {2, 6}, {1, 5}, {3, 4}], [{8}, {7}, {6}, {1, 5}, {3, 4}, {2}]]",2,16 K_1^3 - 4 K_1^2 - 14 K_1 K_2 - 5 K_1 + 2 K_2 + 3 K_3 + 3,O1O2O3O4U5U6O7U3O6O8U1U4U7U8O5U2,O1O2O3O4U1U5O6U2O5O7U3U6U8U4O8U7,O1O2O3O4U5O6U1U6U7U2O5O8U3O7U8U4,c,{'O1O2O3O4U3O5U6U7U1U4O6O8U2O7U8U5'},1,"<a href=""/flatknot/8.733884"">8.733884</a>",t^9-47t^7-114t^6+103t^5+306t^4-90t^3-112t^2+13t+10,-t^3+3t,,
8.733885,O1O2O3O4U3O5U6U7U1U4O6O8U5O7U8U2,3,12z^2+89z+131,12w^3z^2+89w^2z+131w,False,False,"[[ 0 -1  1 -1  3  2 -3 -1  0],[ 1  0  1  0  2  1  0  0  0],[-1 -1  0 -1  2  1 -3 -1  0],[ 1  0  1  0  1  1  0  0  0],[-3 -2 -2 -1  0  0 -3 -3  0],[-2 -1 -1 -1  0  0 -2 -1  0],[ 3  0  3  0  3  2  0  1  1],[ 1  0  1  0  3  1 -1  0  0],[ 0  0  0  0  0  0 -1  0  0]]","[[ 0  3  2  0 -1 -1 -3],[-3  0  0  0 -2 -3 -3],[-2  0  0  0 -1 -1 -2],[ 0  0  0  0  0  0 -1],[ 1  2  1  0  0  0  0],[ 1  3  1  0  0  0 -1],[ 3  3  2  1  0  1  0]]",False,"[-3,-2,0,1,1,3,0,0,2,3,3,0,1,1,2,0,0,1,0,0,1]","[-3,-2,0,1,1,3,0,0,2,3,3,0,1,1,2,0,0,1,0,0,1]",t^6+30t^4+31t^2+1,"[-3,-1,-1,0,2,3,1,2,2,3,3,0,1,2,1,1,2,2,2,3,1]","[-3,-2,0,1,1,3,1,3,1,2,3,2,2,2,3,1,1,2,0,1,2]","[-3,-1,-1,0,2,3,0,1,1,2,3,0,0,1,2,0,1,3,0,0,0]",c,"[[{8, 4}, {1, 7}, {5, 6}, {2, 3}], [{8, 5}, {4, 7}, {1, 6}, {2, 3}], [{8, 5}, {4, 7}, {2, 6}, {1, 3}], [{8, 5}, {6, 7}, {1, 4}, {2, 3}], [{8, 5}, {6, 7}, {2, 4}, {1, 3}]]",1,4 K_1^3 - 26 K_1^2 - 20 K_1 K_2 + 7 K_1 + 13 K_2 + 9 K_3 + 14,O1O2O3O4U3U5O6U7O5O8U1U4U6U8O7U2,O1O2O3O4U1U5O6U2O5O7U3U7U8U4O8U6,O1O2O3O4U5O6U1U6U7U2O7O8U3O5U8U4,c,{'O1O2O3O4U3O5U6U7U1U4O6O8U5O7U8U2'},1,"<a href=""/flatknot/8.733885"">8.733885</a>",t^7-28t^5-28t^4+46t^3-8t^2+8t,-t^2+2t,,
8.733886,O1O2O3O4U3O5U6U7U1U8O6O8U2O7U5U4,4,20z^2+89z+99,-8w^4z^2+28w^3z^2-8w^3z+97w^2z+99w,False,False,"[[ 0 -1  0 -1  3  2 -3 -1  1],[ 1  0  0  0  2  0  1  1  2],[ 0  0  0  0  2  0 -1  1  1],[ 1  0  0  0  1  0  1  1  1],[-3 -2 -2 -1  0  0 -5 -2 -2],[-2  0  0  0  0  0 -4 -1 -1],[ 3 -1  1 -1  5  4  0  0  3],[ 1 -1 -1 -1  2  1  0  0  2],[-1 -2 -1 -1  2  1 -3 -2  0]]","[[ 0  3  2  1  0 -1 -1 -1 -3],[-3  0  0 -2 -2 -1 -2 -2 -5],[-2  0  0 -1  0  0  0 -1 -4],[-1  2  1  0 -1 -1 -2 -2 -3],[ 0  2  0  1  0  0  0  1 -1],[ 1  1  0  1  0  0  0  1  1],[ 1  2  0  2  0  0  0  1  1],[ 1  2  1  2 -1 -1 -1  0  0],[ 3  5  4  3  1 -1 -1  0  0]]",True,"[-3,-2,-1,0,1,1,1,3,0,2,2,1,2,2,5,1,0,0,0,1,4,1,1,2,2,3,0,0,-1,1,0,-1,-1,-1,-1,0]","[-3,-2,-1,0,1,1,1,3,0,2,2,1,2,2,5,1,0,0,0,1,4,1,1,2,2,3,0,0,-1,1,0,-1,-1,-1,-1,0]",t^8+85t^6+528t^4+281t^2+1,"[-3,-1,-1,-1,0,1,2,3,2,3,3,2,1,1,1,1,1,2,0,2,2,0,1,0,3,2,1,1,3,3,0,2,1,0,0,1]","[-3,-2,-1,0,1,1,1,3,1,0,1,2,2,3,1,0,2,2,3,3,1,0,0,0,1,1,2,1,1,2,-1,-1,2,0,3,3]","[-3,-1,-1,-1,0,1,2,3,-1,-1,0,1,3,4,5,0,1,0,1,0,1,1,0,2,0,2,-1,2,1,2,1,0,2,1,2,0]",c,"[[{8, 4}, {2, 7}, {5, 6}, {1, 3}]]",1,- 8 K_1^4 + 12 K_1^3 + 16 K_1^2 K_2 - 18 K_1^2 - 20 K_1 K_2 - 4 K_1 K_3 + K_1 - 6 K_2^2 + 7 K_2 + 7 K_3 + 2 K_4 + 12,O1O2O3O4U1U5O6U3O7O8U7U4U6U8O5U2,O1O2O3O4U1U4O5U2O6O7U3U5U8U7O8U6,O1O2O3O4U5O6U7U6U8U2O7O5U3O8U1U4,c,{'O1O2O3O4U3O5U6U7U1U8O6O8U2O7U5U4'},1,"<a href=""/flatknot/8.733886"">8.733886</a>",t^9-83t^7-242t^6+179t^5+792t^4-107t^3-598t^2+19t+6,-t^2+2t,,
8.733887,O1O2O3O4U3O5U6U7U1U8O6O8U4O7U5U2,4,19z^2+104z+133,19w^3z^2+104w^2z+133w,False,False,"[[ 0 -1  1 -1  2  2 -3 -1  1],[ 1  0  1  0  1  0  1  1  2],[-1 -1  0 -1  1  1 -3 -1  0],[ 1  0  1  0  1  1  1  0  1],[-2 -1 -1 -1  0  0 -3 -1 -1],[-2  0 -1 -1  0  0 -4 -1 -1],[ 3 -1  3 -1  3  4  0  0  3],[ 1 -1  1  0  1  1  0  0  2],[-1 -2  0 -1  1  1 -3 -2  0]]","[[ 0  2  2  1  1 -1 -1 -1 -3],[-2  0  0 -1 -1  0 -1 -1 -4],[-2  0  0 -1 -1 -1 -1 -1 -3],[-1  1  1  0  0 -1 -1 -1 -3],[-1  1  1  0  0 -2 -1 -2 -3],[ 1  0  1  1  2  0  0  1  1],[ 1  1  1  1  1  0  0  0  1],[ 1  1  1  1  2 -1  0  0  0],[ 3  4  3  3  3 -1 -1  0  0]]",True,"[-2,-2,-1,-1,1,1,1,3,0,1,1,0,1,1,4,1,1,1,1,1,3,0,1,1,1,3,2,1,2,3,0,-1,-1,0,-1,0]","[-3,-1,-1,-1,1,1,2,2,-1,-1,0,3,3,3,4,0,0,1,1,1,1,1,1,2,1,0,1,2,1,1,0,1,1,1,1,0]",t^8+67t^6+191t^4+51t^2+1,"[-3,-1,-1,-1,1,1,2,2,2,3,3,1,1,1,2,0,1,0,1,2,2,0,1,1,2,2,0,1,3,2,0,0,0,0,0,0]","[-2,-2,-1,-1,1,1,1,3,0,0,0,2,2,2,2,0,0,2,2,3,1,0,0,1,0,1,1,1,1,1,0,-1,2,0,3,3]","[-3,-1,-1,-1,1,1,2,2,-1,-1,0,3,3,3,4,0,0,1,1,1,1,1,1,2,1,0,1,2,1,1,0,1,1,1,1,0]",c,"[[{8, 1}, {2, 7}, {3, 6}, {4, 5}], [{8, 1}, {2, 7}, {4, 6}, {3, 5}], [{8, 1}, {2, 7}, {5, 6}, {3, 4}]]",1,4 K_1^3 - 12 K_1^2 - 18 K_1 K_2 + 6 K_1 + 6 K_2 + 8 K_3 + 7,O1O2O3O4U3U5O6U1O7O8U7U4U6U8O5U2,O1O2O3O4U1U4O5U2O6O7U3U7U8U5O8U6,O1O2O3O4U5O6U7U6U8U2O8O5U3O7U1U4,c,{'O1O2O3O4U3O5U6U7U1U8O6O8U4O7U5U2'},1,"<a href=""/flatknot/8.733887"">8.733887</a>",t^9-69t^7-170t^6+81t^5+334t^4+276t^3+92t^2-2t-4,t^3-2t^2+t,,
8.733888,O1O2O3O4U3O5U6U7U1U8O6O8U5O7U4U2,3,10z^2+55z+71,10w^3z^2+55w^2z+71w,False,False,"[[ 0 -1  1 -1  2  2 -3 -1  1],[ 1  0  1  0  1  0  1  1  2],[-1 -1  0 -1  1  1 -3 -1  0],[ 1  0  1  0  1  0  1  1  1],[-2 -1 -1 -1  0  1 -4 -2 -1],[-2  0 -1  0 -1  0 -3 -1 -1],[ 3 -1  3 -1  4  3  0  0  3],[ 1 -1  1 -1  2  1  0  0  2],[-1 -2  0 -1  1  1 -3 -2  0]]","[[ 0  2  2  1  1 -1 -1 -1 -3],[-2  0  1 -1 -1 -1 -1 -2 -4],[-2 -1  0 -1 -1  0  0 -1 -3],[-1  1  1  0  0 -1 -1 -1 -3],[-1  1  1  0  0 -1 -2 -2 -3],[ 1  1  0  1  1  0  0  1  1],[ 1  1  0  1  2  0  0  1  1],[ 1  2  1  1  2 -1 -1  0  0],[ 3  4  3  3  3 -1 -1  0  0]]",True,"[-2,-2,-1,-1,1,1,1,3,-1,1,1,1,1,2,4,1,1,0,0,1,3,0,1,1,1,3,1,2,2,3,0,-1,-1,-1,-1,0]","[-3,-1,-1,-1,1,1,2,2,-1,-1,0,3,3,3,4,0,1,1,1,0,1,1,1,2,0,1,1,2,1,2,0,1,1,1,1,-1]",t^8+71t^6+148t^4+44t^2,"[-3,-1,-1,-1,1,1,2,2,2,3,3,1,1,1,2,1,1,0,1,1,2,0,0,1,2,3,1,1,2,3,0,0,0,0,0,-1]","[-2,-2,-1,-1,1,1,1,3,-1,0,0,2,3,3,2,0,0,1,2,2,1,0,0,0,1,1,1,1,1,1,-1,-1,2,0,3,3]","[-3,-1,-1,-1,1,1,2,2,-1,-1,0,3,3,3,4,0,1,1,1,0,1,1,1,2,0,1,1,2,1,2,0,1,1,1,1,-1]",c,"[[{8, 1}, {2, 7}, {3, 6}, {4, 5}], [{8, 1}, {2, 7}, {4, 6}, {3, 5}], [{8, 1}, {2, 7}, {5, 6}, {3, 4}], [{8, 1}, {7}, {5, 6}, {3, 4}, {2}]]",1,4 K_1^3 - 8 K_1^2 - 10 K_1 K_2 + 2 K_1 + 4 K_2 + 4 K_3 + 5,O1O2O3O4U3U1O5U6O7O8U7U4U5U8O6U2,O1O2O3O4U1U4O5U2O6O7U3U7U8U6O8U5,O1O2O3O4U5O6U7U6U8U2O8O7U3O5U1U4,c,"{'O1O2O3O4U3O5U6U7U1U8O6O8U5O7U4U2', 'O1O2O3U2O4O5U6U7U1U8O6O8U5O7U3U4'}",2,"<a href=""/flatknot/8.733888"">8.733888</a>",t^9-73t^7-206t^6-16t^5+146t^4-100t^3-60t^2+64t,t^3-2t^2+t,,
8.733889,O1O2O3O4U3O5U6U7U2U1O6O8U4O7U5U8,4,5z^3+41z^2+111z+99,5w^4z^3+41w^3z^2+111w^2z+99w,False,False,"[[ 0  0  0 -1  2  2 -3 -1  1],[ 0  0  0  0  2  1 -1 -1  1],[ 0  0  0  0  1  0  0  0  1],[ 1  0  0  0  1  1  1  0  1],[-2 -2 -1 -1  0  0 -2 -1  1],[-2 -1  0 -1  0  0 -3 -1  0],[ 3  1  0 -1  2  3  0  1  2],[ 1  1  0  0  1  1 -1  0  1],[-1 -1 -1 -1 -1  0 -2 -1  0]]","[[ 0  2  2  1  0  0 -1 -1 -3],[-2  0  0  1 -1 -2 -1 -1 -2],[-2  0  0  0  0 -1 -1 -1 -3],[-1 -1  0  0 -1 -1 -1 -1 -2],[ 0  1  0  1  0  0  0  0  0],[ 0  2  1  1  0  0  0 -1 -1],[ 1  1  1  1  0  0  0  0  1],[ 1  1  1  1  0  1  0  0 -1],[ 3  2  3  2  0  1 -1  1  0]]",True,"[-2,-2,-1,0,0,1,1,3,0,-1,1,2,1,1,2,0,0,1,1,1,3,1,1,1,1,2,0,0,0,0,0,1,1,0,-1,1]","[-3,-1,-1,0,0,1,2,2,-1,1,0,1,2,2,3,0,0,0,1,1,1,0,1,1,1,1,0,1,1,0,1,2,1,-1,0,0]",t^8+36t^6+139t^4+84t^2+4,"[-3,-1,-1,0,0,1,2,2,1,3,2,3,2,2,3,0,0,1,1,2,2,1,1,1,2,2,0,0,1,0,0,2,1,1,2,0]","[-2,-2,-1,0,0,1,1,3,0,1,1,2,2,2,2,2,0,1,2,2,3,0,0,1,1,2,0,0,1,2,1,1,3,0,1,3]","[-3,-1,-1,0,0,1,2,2,-1,1,0,1,2,2,3,0,0,0,1,1,1,0,1,1,1,1,0,1,1,0,1,2,1,-1,0,0]",c,"[[{8, 1}, {2, 7}, {3, 6}, {4, 5}], [{8, 1}, {2, 7}, {4, 6}, {3, 5}], [{8, 1}, {2, 7}, {5, 6}, {3, 4}], [{8, 1}, {3, 7}, {2, 6}, {4, 5}], [{8, 1}, {3, 7}, {2, 6}, {5}, {4}], [{8, 1}, {3, 7}, {4, 6}, {2, 5}], [{8, 1}, {3, 7}, {5, 6}, {2, 4}], [{8, 1}, {4, 7}, {2, 6}, {3, 5}], [{8, 1}, {4, 7}, {3, 6}, {2, 5}], [{8, 1}, {4, 7}, {3, 6}, {5}, {2}], [{8, 1}, {4, 7}, {5, 6}, {2, 3}], [{8, 1}, {4, 7}, {5, 6}, {3}, {2}], [{8, 1}, {4, 7}, {6}, {3, 5}, {2}], [{8, 1}, {5, 7}, {2, 6}, {3, 4}], [{8, 1}, {5, 7}, {3, 6}, {2, 4}], [{8, 1}, {5, 7}, {4, 6}, {2, 3}], [{8, 1}, {6, 7}, {2, 5}, {3, 4}], [{8, 1}, {6, 7}, {3, 5}, {2, 4}], [{8, 1}, {6, 7}, {4, 5}, {2, 3}], [{8, 2}, {1, 7}, {3, 6}, {4, 5}], [{8, 2}, {1, 7}, {4, 6}, {3, 5}], [{8, 2}, {1, 7}, {5, 6}, {3, 4}], [{8, 2}, {3, 7}, {1, 6}, {4, 5}], [{8, 2}, {3, 7}, {1, 6}, {5}, {4}], [{8, 2}, {3, 7}, {4, 6}, {1, 5}], [{8, 2}, {3, 7}, {5, 6}, {1, 4}], [{8, 2}, {3, 7}, {5, 6}, {4}, {1}], [{8, 2}, {3, 7}, {6}, {1, 5}, {4}], [{8, 2}, {4, 7}, {1, 6}, {3, 5}], [{8, 2}, {4, 7}, {3, 6}, {1, 5}], [{8, 2}, {4, 7}, {3, 6}, {5}, {1}], [{8, 2}, {4, 7}, {5, 6}, {1, 3}], [{8, 2}, {4, 7}, {5, 6}, {3}, {1}], [{8, 2}, {4, 7}, {6}, {3, 5}, {1}], [{8, 2}, {5, 7}, {1, 6}, {3, 4}], [{8, 2}, {5, 7}, {3, 6}, {1, 4}], [{8, 2}, {5, 7}, {4, 6}, {1, 3}], [{8, 2}, {6, 7}, {1, 5}, {3, 4}], [{8, 2}, {6, 7}, {3, 5}, {1, 4}], [{8, 2}, {6, 7}, {4, 5}, {1, 3}], [{8, 2}, {7}, {5, 6}, {3, 4}, {1}], [{8, 3}, {1, 7}, {2, 6}, {4, 5}], [{8, 3}, {1, 7}, {4, 6}, {2, 5}], [{8, 3}, {1, 7}, {5, 6}, {2, 4}], [{8, 3}, {2, 7}, {1, 6}, {4, 5}], [{8, 3}, {2, 7}, {4, 6}, {1, 5}], [{8, 3}, {2, 7}, {5, 6}, {1, 4}], [{8, 3}, {4, 7}, {1, 6}, {2, 5}], [{8, 3}, {4, 7}, {1, 6}, {5}, {2}], [{8, 3}, {4, 7}, {2, 6}, {1, 5}], [{8, 3}, {4, 7}, {5, 6}, {1, 2}], [{8, 3}, {4, 7}, {5, 6}, {2}, {1}], [{8, 3}, {4, 7}, {6}, {1, 5}, {2}], [{8, 3}, {5, 7}, {1, 6}, {2, 4}], [{8, 3}, {5, 7}, {2, 6}, {1, 4}], [{8, 3}, {5, 7}, {4, 6}, {1, 2}], [{8, 3}, {5, 7}, {4, 6}, {2}, {1}], [{8, 3}, {6, 7}, {1, 5}, {2, 4}], [{8, 3}, {6, 7}, {2, 5}, {1, 4}], [{8, 3}, {6, 7}, {4, 5}, {1, 2}], [{8, 3}, {6, 7}, {4, 5}, {2}, {1}], [{8, 4}, {1, 7}, {2, 6}, {3, 5}], [{8, 4}, {1, 7}, {3, 6}, {2, 5}], [{8, 4}, {1, 7}, {3, 6}, {5}, {2}], [{8, 4}, {1, 7}, {5, 6}, {2, 3}], [{8, 4}, {2, 7}, {1, 6}, {3, 5}], [{8, 4}, {2, 7}, {3, 6}, {1, 5}], [{8, 4}, {2, 7}, {5, 6}, {1, 3}], [{8, 4}, {3, 7}, {1, 6}, {2, 5}], [{8, 4}, {3, 7}, {1, 6}, {5}, {2}], [{8, 4}, {3, 7}, {2, 6}, {1, 5}], [{8, 4}, {3, 7}, {5, 6}, {1, 2}], [{8, 4}, {5, 7}, {1, 6}, {2, 3}], [{8, 4}, {5, 7}, {1, 6}, {3}, {2}], [{8, 4}, {5, 7}, {2, 6}, {1, 3}], [{8, 4}, {5, 7}, {3, 6}, {1, 2}], [{8, 4}, {6, 7}, {1, 5}, {2, 3}], [{8, 4}, {6, 7}, {1, 5}, {3}, {2}], [{8, 4}, {6, 7}, {2, 5}, {1, 3}], [{8, 4}, {6, 7}, {3, 5}, {1, 2}], [{8, 4}, {7}, {1, 6}, {3, 5}, {2}], [{8, 4}, {7}, {5, 6}, {2, 3}, {1}], [{8, 5}, {1, 7}, {2, 6}, {3, 4}], [{8, 5}, {1, 7}, {3, 6}, {2, 4}], [{8, 5}, {1, 7}, {4, 6}, {2, 3}], [{8, 5}, {2, 7}, {1, 6}, {3, 4}], [{8, 5}, {2, 7}, {3, 6}, {1, 4}], [{8, 5}, {2, 7}, {4, 6}, {1, 3}], [{8, 5}, {3, 7}, {1, 6}, {2, 4}], [{8, 5}, {3, 7}, {2, 6}, {1, 4}], [{8, 5}, {3, 7}, {4, 6}, {1, 2}], [{8, 5}, {4, 7}, {1, 6}, {2, 3}], [{8, 5}, {4, 7}, {2, 6}, {1, 3}], [{8, 5}, {4, 7}, {3, 6}, {1, 2}], [{8, 5}, {6, 7}, {1, 4}, {2, 3}], [{8, 5}, {6, 7}, {2, 4}, {1, 3}], [{8, 5}, {6, 7}, {3, 4}, {1, 2}], [{8, 5}, {6, 7}, {4}, {2, 3}, {1}], [{8, 5}, {7}, {6}, {3, 4}, {1, 2}], [{8, 6}, {1, 7}, {2, 5}, {3, 4}], [{8, 6}, {1, 7}, {3, 5}, {2, 4}], [{8, 6}, {1, 7}, {4, 5}, {2, 3}], [{8, 6}, {1, 7}, {5}, {2, 4}, {3}], [{8, 6}, {2, 7}, {1, 5}, {3, 4}], [{8, 6}, {2, 7}, {1, 5}, {4}, {3}], [{8, 6}, {2, 7}, {3, 5}, {1, 4}], [{8, 6}, {2, 7}, {4, 5}, {1, 3}], [{8, 6}, {3, 7}, {1, 5}, {2, 4}], [{8, 6}, {3, 7}, {2, 5}, {1, 4}], [{8, 6}, {3, 7}, {4, 5}, {1, 2}], [{8, 6}, {3, 7}, {4, 5}, {2}, {1}], [{8, 6}, {4, 7}, {1, 5}, {2, 3}], [{8, 6}, {4, 7}, {2, 5}, {1, 3}], [{8, 6}, {4, 7}, {3, 5}, {1, 2}], [{8, 6}, {5, 7}, {1, 4}, {2, 3}], [{8, 6}, {5, 7}, {2, 4}, {1, 3}], [{8, 6}, {5, 7}, {3, 4}, {1, 2}], [{8, 6}, {7}, {1, 5}, {3, 4}, {2}], [{8, 6}, {7}, {3, 5}, {2, 4}, {1}], [{8, 6}, {7}, {4, 5}, {3}, {1, 2}], [{8, 7}, {1, 6}, {2, 5}, {3, 4}], [{8, 7}, {1, 6}, {2, 5}, {4}, {3}], [{8, 7}, {1, 6}, {3, 5}, {2, 4}], [{8, 7}, {1, 6}, {4, 5}, {2, 3}], [{8, 7}, {2, 6}, {1, 5}, {3, 4}], [{8, 7}, {2, 6}, {3, 5}, {1, 4}], [{8, 7}, {2, 6}, {3, 5}, {4}, {1}], [{8, 7}, {2, 6}, {4, 5}, {1, 3}], [{8, 7}, {3, 6}, {1, 5}, {2, 4}], [{8, 7}, {3, 6}, {1, 5}, {4}, {2}], [{8, 7}, {3, 6}, {2, 5}, {1, 4}], [{8, 7}, {3, 6}, {4, 5}, {1, 2}], [{8, 7}, {3, 6}, {5}, {2, 4}, {1}], [{8, 7}, {4, 6}, {1, 5}, {2, 3}], [{8, 7}, {4, 6}, {2, 5}, {1, 3}], [{8, 7}, {4, 6}, {2, 5}, {3}, {1}], [{8, 7}, {4, 6}, {3, 5}, {1, 2}], [{8, 7}, {5, 6}, {1, 4}, {2, 3}], [{8, 7}, {5, 6}, {2, 4}, {1, 3}], [{8, 7}, {5, 6}, {3, 4}, {1, 2}], [{8, 7}, {5, 6}, {4}, {2, 3}, {1}], [{8, 7}, {6}, {1, 5}, {2, 4}, {3}], [{8, 7}, {6}, {2, 5}, {1, 4}, {3}], [{8}, {3, 7}, {1, 6}, {5}, {2, 4}], [{8}, {3, 7}, {4, 6}, {1, 5}, {2}], [{8}, {4, 7}, {3, 6}, {5}, {1, 2}], [{8}, {4, 7}, {5, 6}, {1, 3}, {2}], [{8}, {4, 7}, {5, 6}, {2, 3}, {1}], [{8}, {4, 7}, {5, 6}, {3}, {1, 2}], [{8}, {4, 7}, {5, 6}, {3}, {2}, {1}], [{8}, {4, 7}, {6}, {3, 5}, {1, 2}], [{8}, {6, 7}, {5}, {2, 4}, {1, 3}], [{8}, {7}, {2, 6}, {3, 5}, {1, 4}]]",2,4 K_1^3 + 12 K_1^2 K_2 - 10 K_1^2 - 10 K_1 K_2 - 14 K_1 K_3 + 2 K_1 - 6 K_2^2 + 6 K_2 + 4 K_3 + 7 K_4 + 6,O1O2O3O4U5U6O7U1O5O8U4U3U7U8O6U2,O1O2O3O4U1U5O6U2O7O5U4U3U8U6O8U7,O1O2O3O4U5O6U7U6U2U1O8O5U3O7U8U4,c,{'O1O2O3O4U3O5U6U7U2U1O6O8U4O7U5U8'},1,"<a href=""/flatknot/8.733889"">8.733889</a>",t^9-38t^7-82t^6+77t^5+284t^4+154t^3-56t^2-68t-14,t^3-2t^2+t,,
8.733890,O1O2O3O4U3O5U6U7U2U1O6O8U4O7U8U5,4,3z^3+27z^2+71z+59,-2w^5z^3+5w^4z^3-12w^4z^2+39w^3z^2-18w^3z+89w^2z+59w,False,False,"[[ 0  0  0 -1  2  3 -3 -1  0],[ 0  0  0  0  2  1 -1 -1  0],[ 0  0  0  0  1  0  0  0  0],[ 1  0  0  0  1  1  1  0  1],[-2 -2 -1 -1  0  1 -2 -1  0],[-3 -1  0 -1 -1  0 -4 -1 -1],[ 3  1  0 -1  2  4  0  1  1],[ 1  1  0  0  1  1 -1  0  0],[ 0  0  0 -1  0  1 -1  0  0]]","[[ 0  3  2  0  0  0 -1 -1 -3],[-3  0 -1  0 -1 -1 -1 -1 -4],[-2  1  0 -1  0 -2 -1 -1 -2],[ 0  0  1  0  0  0  0  0  0],[ 0  1  0  0  0  0  0 -1 -1],[ 0  1  2  0  0  0 -1  0 -1],[ 1  1  1  0  0  1  0  0 -1],[ 1  1  1  0  1  0  0  0  1],[ 3  4  2  0  1  1  1 -1  0]]",True,"[-3,-2,0,0,0,1,1,3,1,0,1,1,1,1,4,1,0,2,1,1,2,0,0,0,0,0,0,0,1,1,1,0,1,0,1,-1]","[-3,-2,0,0,0,1,1,3,0,2,2,3,3,3,2,0,2,1,2,2,3,0,0,0,1,2,0,1,0,2,1,1,3,0,1,3]",t^8+38t^6+167t^4+58t^2+4,"[-3,-1,-1,0,0,0,2,3,1,3,2,2,3,3,2,0,0,1,1,2,3,1,0,1,2,3,0,0,0,2,0,2,2,1,3,0]","[-3,-2,0,0,0,1,1,3,0,2,2,3,3,3,2,0,2,1,2,2,3,0,0,0,1,2,0,1,0,2,1,1,3,0,1,3]","[-3,-1,-1,0,0,0,2,3,-1,1,0,1,1,2,4,0,0,0,1,1,1,0,1,0,1,1,0,0,1,0,0,2,1,0,1,1]",c,"[[{8, 3}, {2, 7}, {1, 6}, {4, 5}]]",1,4 K_1^3 - 6 K_1^2 - 4 K_1 K_2 - K_1 + 3 K_2 + K_3 + 4,O1O2O3O4U5U6O7U1O6O8U4U3U7U8O5U2,O1O2O3O4U1U5O6U2O5O7U4U3U8U6O8U7,O1O2O3O4U5O6U7U6U2U1O5O8U3O7U8U4,c,{'O1O2O3O4U3O5U6U7U2U1O6O8U4O7U8U5'},1,"<a href=""/flatknot/8.733890"">8.733890</a>",t^9-36t^7-84t^6+38t^5+228t^4+160t^3+8t^2-39t-16,-t^2+2t,,
8.733891,O1O2O3O4U3O5U6U7U2U1O6O8U5O7U4U8,4,3z^3+28z^2+88z+89,3w^4z^3-4w^4z^2+32w^3z^2-12w^3z+100w^2z+89w,False,False,"[[ 0  0  0 -1  2  2 -3 -1  1],[ 0  0  0  0  2  1 -1 -1  1],[ 0  0  0  0  1  0  0  0  1],[ 1  0  0  0  1  0  1  1  1],[-2 -2 -1 -1  0  1 -3 -2  1],[-2 -1  0  0 -1  0 -2 -1  0],[ 3  1  0 -1  3  2  0  1  2],[ 1  1  0 -1  2  1 -1  0  1],[-1 -1 -1 -1 -1  0 -2 -1  0]]","[[ 0  2  2  1  0  0 -1 -1 -3],[-2  0  1  1 -1 -2 -1 -2 -3],[-2 -1  0  0  0 -1  0 -1 -2],[-1 -1  0  0 -1 -1 -1 -1 -2],[ 0  1  0  1  0  0  0  0  0],[ 0  2  1  1  0  0  0 -1 -1],[ 1  1  0  1  0  0  0  1  1],[ 1  2  1  1  0  1 -1  0 -1],[ 3  3  2  2  0  1 -1  1  0]]",True,"[-2,-2,-1,0,0,1,1,3,-1,-1,1,2,1,2,3,0,0,1,0,1,2,1,1,1,1,2,0,0,0,0,0,1,1,-1,-1,1]","[-3,-1,-1,0,0,1,2,2,-1,1,0,1,2,2,3,1,0,0,1,0,1,0,1,1,1,2,0,1,0,1,1,1,2,0,-1,-1]",t^8+40t^6+108t^4+50t^2+1,"[-3,-1,-1,0,0,1,2,2,1,3,2,3,2,2,3,1,0,1,1,1,2,1,1,1,2,3,0,0,0,1,0,1,2,2,1,-1]","[-2,-2,-1,0,0,1,1,3,-1,1,1,2,2,3,3,2,0,1,1,2,2,0,0,1,1,2,0,0,1,2,1,1,3,-1,1,3]","[-3,-1,-1,0,0,1,2,2,-1,1,0,1,2,2,3,1,0,0,1,0,1,0,1,1,1,2,0,1,0,1,1,1,2,0,-1,-1]",c,"[[{8, 1}, {2, 7}, {3, 6}, {4, 5}], [{8, 1}, {2, 7}, {4, 6}, {3, 5}], [{8, 1}, {2, 7}, {5, 6}, {3, 4}], [{8, 1}, {3, 7}, {2, 6}, {4, 5}], [{8, 1}, {3, 7}, {4, 6}, {2, 5}], [{8, 1}, {3, 7}, {5, 6}, {2, 4}], [{8, 1}, {4, 7}, {2, 6}, {3, 5}], [{8, 1}, {4, 7}, {3, 6}, {2, 5}], [{8, 1}, {4, 7}, {3, 6}, {5}, {2}], [{8, 1}, {4, 7}, {5, 6}, {2, 3}], [{8, 1}, {5, 7}, {2, 6}, {3, 4}], [{8, 1}, {5, 7}, {3, 6}, {2, 4}], [{8, 1}, {5, 7}, {4, 6}, {2, 3}], [{8, 1}, {5, 7}, {4, 6}, {3}, {2}], [{8, 1}, {6, 7}, {2, 5}, {3, 4}], [{8, 1}, {6, 7}, {3, 5}, {2, 4}], [{8, 1}, {6, 7}, {4, 5}, {2, 3}], [{8, 1}, {7}, {2, 6}, {3, 5}, {4}], [{8, 1}, {7}, {5, 6}, {2, 4}, {3}], [{8, 1}, {7}, {5, 6}, {3, 4}, {2}], [{8, 1}, {7}, {5, 6}, {4}, {2, 3}], [{8, 2}, {1, 7}, {3, 6}, {4, 5}], [{8, 2}, {1, 7}, {4, 6}, {3, 5}], [{8, 2}, {1, 7}, {5, 6}, {3, 4}], [{8, 2}, {1, 7}, {5, 6}, {4}, {3}], [{8, 2}, {3, 7}, {1, 6}, {4, 5}], [{8, 2}, {3, 7}, {4, 6}, {1, 5}], [{8, 2}, {3, 7}, {5, 6}, {1, 4}], [{8, 2}, {4, 7}, {1, 6}, {3, 5}], [{8, 2}, {4, 7}, {3, 6}, {1, 5}], [{8, 2}, {4, 7}, {5, 6}, {1, 3}], [{8, 2}, {4, 7}, {6}, {3, 5}, {1}], [{8, 2}, {5, 7}, {1, 6}, {3, 4}], [{8, 2}, {5, 7}, {3, 6}, {1, 4}], [{8, 2}, {5, 7}, {4, 6}, {1, 3}], [{8, 2}, {5, 7}, {4, 6}, {3}, {1}], [{8, 2}, {6, 7}, {1, 5}, {3, 4}], [{8, 2}, {6, 7}, {3, 5}, {1, 4}], [{8, 2}, {6, 7}, {4, 5}, {1, 3}], [{8, 2}, {6, 7}, {5}, {1, 4}, {3}], [{8, 2}, {7}, {5, 6}, {3, 4}, {1}], [{8, 3}, {1, 7}, {2, 6}, {4, 5}], [{8, 3}, {1, 7}, {4, 6}, {2, 5}], [{8, 3}, {1, 7}, {5, 6}, {2, 4}], [{8, 3}, {2, 7}, {1, 6}, {4, 5}], [{8, 3}, {2, 7}, {4, 6}, {1, 5}], [{8, 3}, {2, 7}, {5, 6}, {1, 4}], [{8, 3}, {4, 7}, {1, 6}, {2, 5}], [{8, 3}, {4, 7}, {2, 6}, {1, 5}], [{8, 3}, {4, 7}, {2, 6}, {5}, {1}], [{8, 3}, {4, 7}, {5, 6}, {1, 2}], [{8, 3}, {4, 7}, {5, 6}, {2}, {1}], [{8, 3}, {4, 7}, {6}, {2, 5}, {1}], [{8, 3}, {5, 7}, {1, 6}, {2, 4}], [{8, 3}, {5, 7}, {1, 6}, {4}, {2}], [{8, 3}, {5, 7}, {2, 6}, {1, 4}], [{8, 3}, {5, 7}, {4, 6}, {1, 2}], [{8, 3}, {5, 7}, {4, 6}, {2}, {1}], [{8, 3}, {5, 7}, {6}, {1, 4}, {2}], [{8, 3}, {6, 7}, {1, 5}, {2, 4}], [{8, 3}, {6, 7}, {2, 5}, {1, 4}], [{8, 3}, {6, 7}, {4, 5}, {1, 2}], [{8, 3}, {6, 7}, {4, 5}, {2}, {1}], [{8, 3}, {7}, {6}, {4, 5}, {1, 2}], [{8, 4}, {1, 7}, {2, 6}, {3, 5}], [{8, 4}, {1, 7}, {2, 6}, {5}, {3}], [{8, 4}, {1, 7}, {3, 6}, {2, 5}], [{8, 4}, {1, 7}, {3, 6}, {5}, {2}], [{8, 4}, {1, 7}, {5, 6}, {2, 3}], [{8, 4}, {1, 7}, {5, 6}, {3}, {2}], [{8, 4}, {1, 7}, {6}, {2, 5}, {3}], [{8, 4}, {1, 7}, {6}, {3, 5}, {2}], [{8, 4}, {1, 7}, {6}, {5}, {2, 3}], [{8, 4}, {1, 7}, {6}, {5}, {3}, {2}], [{8, 4}, {2, 7}, {1, 6}, {3, 5}], [{8, 4}, {2, 7}, {3, 6}, {1, 5}], [{8, 4}, {2, 7}, {5, 6}, {1, 3}], [{8, 4}, {3, 7}, {1, 6}, {2, 5}], [{8, 4}, {3, 7}, {2, 6}, {1, 5}], [{8, 4}, {3, 7}, {5, 6}, {1, 2}], [{8, 4}, {3, 7}, {6}, {1, 5}, {2}], [{8, 4}, {5, 7}, {1, 6}, {2, 3}], [{8, 4}, {5, 7}, {2, 6}, {1, 3}], [{8, 4}, {5, 7}, {3, 6}, {1, 2}], [{8, 4}, {5, 7}, {6}, {1, 3}, {2}], [{8, 4}, {6, 7}, {1, 5}, {2, 3}], [{8, 4}, {6, 7}, {2, 5}, {1, 3}], [{8, 4}, {6, 7}, {3, 5}, {1, 2}], [{8, 5}, {1, 7}, {2, 6}, {3, 4}], [{8, 5}, {1, 7}, {3, 6}, {2, 4}], [{8, 5}, {1, 7}, {4, 6}, {2, 3}], [{8, 5}, {2, 7}, {1, 6}, {3, 4}], [{8, 5}, {2, 7}, {3, 6}, {1, 4}], [{8, 5}, {2, 7}, {4, 6}, {1, 3}], [{8, 5}, {3, 7}, {1, 6}, {2, 4}], [{8, 5}, {3, 7}, {2, 6}, {1, 4}], [{8, 5}, {3, 7}, {4, 6}, {1, 2}], [{8, 5}, {4, 7}, {1, 6}, {2, 3}], [{8, 5}, {4, 7}, {2, 6}, {1, 3}], [{8, 5}, {4, 7}, {3, 6}, {1, 2}], [{8, 5}, {4, 7}, {6}, {1, 3}, {2}], [{8, 5}, {6, 7}, {1, 4}, {2, 3}], [{8, 5}, {6, 7}, {2, 4}, {1, 3}], [{8, 5}, {6, 7}, {3, 4}, {1, 2}], [{8, 6}, {1, 7}, {2, 5}, {3, 4}], [{8, 6}, {1, 7}, {3, 5}, {2, 4}], [{8, 6}, {1, 7}, {3, 5}, {4}, {2}], [{8, 6}, {1, 7}, {4, 5}, {2, 3}], [{8, 6}, {2, 7}, {1, 5}, {3, 4}], [{8, 6}, {2, 7}, {3, 5}, {1, 4}], [{8, 6}, {2, 7}, {4, 5}, {1, 3}], [{8, 6}, {3, 7}, {1, 5}, {2, 4}], [{8, 6}, {3, 7}, {1, 5}, {4}, {2}], [{8, 6}, {3, 7}, {2, 5}, {1, 4}], [{8, 6}, {3, 7}, {2, 5}, {4}, {1}], [{8, 6}, {3, 7}, {4, 5}, {1, 2}], [{8, 6}, {3, 7}, {4, 5}, {2}, {1}], [{8, 6}, {3, 7}, {5}, {1, 4}, {2}], [{8, 6}, {3, 7}, {5}, {2, 4}, {1}], [{8, 6}, {3, 7}, {5}, {4}, {1, 2}], [{8, 6}, {3, 7}, {5}, {4}, {2}, {1}], [{8, 6}, {4, 7}, {1, 5}, {2, 3}], [{8, 6}, {4, 7}, {2, 5}, {1, 3}], [{8, 6}, {4, 7}, {3, 5}, {1, 2}], [{8, 6}, {5, 7}, {1, 4}, {2, 3}], [{8, 6}, {5, 7}, {2, 4}, {1, 3}], [{8, 6}, {5, 7}, {3, 4}, {1, 2}], [{8, 6}, {5, 7}, {4}, {1, 3}, {2}], [{8, 7}, {1, 6}, {2, 5}, {3, 4}], [{8, 7}, {1, 6}, {3, 5}, {2, 4}], [{8, 7}, {1, 6}, {4, 5}, {2, 3}], [{8, 7}, {2, 6}, {1, 5}, {3, 4}], [{8, 7}, {2, 6}, {1, 5}, {4}, {3}], [{8, 7}, {2, 6}, {3, 5}, {1, 4}], [{8, 7}, {2, 6}, {4, 5}, {1, 3}], [{8, 7}, {2, 6}, {4, 5}, {3}, {1}], [{8, 7}, {2, 6}, {5}, {1, 4}, {3}], [{8, 7}, {3, 6}, {1, 5}, {2, 4}], [{8, 7}, {3, 6}, {1, 5}, {4}, {2}], [{8, 7}, {3, 6}, {2, 5}, {1, 4}], [{8, 7}, {3, 6}, {4, 5}, {1, 2}], [{8, 7}, {4, 6}, {1, 5}, {2, 3}], [{8, 7}, {4, 6}, {2, 5}, {1, 3}], [{8, 7}, {4, 6}, {3, 5}, {1, 2}], [{8, 7}, {5, 6}, {1, 4}, {2, 3}], [{8, 7}, {5, 6}, {2, 4}, {1, 3}], [{8, 7}, {5, 6}, {2, 4}, {3}, {1}], [{8, 7}, {5, 6}, {3, 4}, {1, 2}], [{8, 7}, {6}, {1, 5}, {4}, {2, 3}], [{8}, {1, 7}, {4, 6}, {3, 5}, {2}], [{8}, {1, 7}, {5, 6}, {2, 4}, {3}], [{8}, {2, 7}, {1, 6}, {5}, {3, 4}], [{8}, {2, 7}, {5, 6}, {1, 4}, {3}], [{8}, {3, 7}, {4, 6}, {1, 5}, {2}], [{8}, {5, 7}, {4, 6}, {1, 3}, {2}], [{8}, {5, 7}, {4, 6}, {2, 3}, {1}], [{8}, {5, 7}, {4, 6}, {3}, {1, 2}], [{8}, {5, 7}, {4, 6}, {3}, {2}, {1}], [{8}, {6, 7}, {1, 5}, {3, 4}, {2}], [{8}, {6, 7}, {3, 5}, {2, 4}, {1}], [{8}, {7}, {5, 6}, {3, 4}, {1, 2}]]",2,4 K_1^3 + 4 K_1^2 K_2 - 8 K_1^2 - 10 K_1 K_2 - 4 K_1 K_3 + 2 K_1 + 4 K_2 + 4 K_3 + K_4 + 4,O1O2O3O4U5U1O6U7O5O8U4U3U6U8O7U2,O1O2O3O4U1U5O6U2O7O5U4U3U8U7O8U6,O1O2O3O4U5O6U7U6U2U1O8O7U3O5U8U4,c,{'O1O2O3O4U3O5U6U7U2U1O6O8U5O7U4U8'},1,"<a href=""/flatknot/8.733891"">8.733891</a>",t^9-42t^7-118t^6-20t^5+196t^4+95t^3-138t^2-111t-16,t^3-2t^2+t,,
8.733892,O1O2O3O4U3O5U6U7U2U1O6O8U5O7U8U4,4,2z^3+28z^2+91z+87,2w^4z^3-4w^4z^2+32w^3z^2-12w^3z+103w^2z+87w,False,False,"[[ 0  0  0 -1  3  2 -3 -1  0],[ 0  0  0  0  2  1 -1 -1  0],[ 0  0  0  0  1  0  0  0  0],[ 1  0  0  0  1  0  1  1  0],[-3 -2 -1 -1  0  0 -4 -2  0],[-2 -1  0  0  0  0 -2 -1  0],[ 3  1  0 -1  4  2  0  1  1],[ 1  1  0 -1  2  1 -1  0  0],[ 0  0  0  0  0  0 -1  0  0]]","[[ 0  3  2  0  0  0 -1 -1 -3],[-3  0  0  0 -1 -2 -1 -2 -4],[-2  0  0  0  0 -1  0 -1 -2],[ 0  0  0  0  0  0  0  0 -1],[ 0  1  0  0  0  0  0  0  0],[ 0  2  1  0  0  0  0 -1 -1],[ 1  1  0  0  0  0  0  1  1],[ 1  2  1  0  0  1 -1  0 -1],[ 3  4  2  1  0  1 -1  1  0]]",True,"[-3,-2,0,0,0,1,1,3,0,0,1,2,1,2,4,0,0,1,0,1,2,0,0,0,0,1,0,0,0,0,0,1,1,-1,-1,1]","[-3,-2,0,0,0,1,1,3,0,0,1,2,1,2,4,0,0,1,0,1,2,0,0,0,0,1,0,0,0,0,0,1,1,-1,-1,1]",t^8+38t^6+73t^4+27t^2+1,"[-3,-1,-1,0,0,0,2,3,1,3,2,2,3,3,2,1,0,1,1,2,2,1,1,1,3,3,0,0,1,1,0,2,3,2,2,1]","[-3,-2,0,0,0,1,1,3,1,1,2,3,2,3,2,1,2,2,2,3,3,0,0,0,1,2,0,1,1,3,1,1,2,-1,1,3]","[-3,-1,-1,0,0,0,2,3,-1,1,0,1,1,2,4,1,0,0,0,0,1,0,0,1,1,2,0,0,0,1,0,0,0,1,2,0]",c,"[[{8, 1}, {2, 7}, {3, 6}, {4, 5}], [{8, 1}, {2, 7}, {4, 6}, {3, 5}], [{8, 1}, {2, 7}, {5, 6}, {3, 4}], [{8, 1}, {3, 7}, {2, 6}, {4, 5}], [{8, 1}, {3, 7}, {4, 6}, {2, 5}], [{8, 1}, {3, 7}, {4, 6}, {5}, {2}], [{8, 1}, {3, 7}, {5, 6}, {2, 4}], [{8, 1}, {4, 7}, {2, 6}, {3, 5}], [{8, 1}, {4, 7}, {3, 6}, {2, 5}], [{8, 1}, {4, 7}, {3, 6}, {5}, {2}], [{8, 1}, {4, 7}, {5, 6}, {2, 3}], [{8, 1}, {5, 7}, {2, 6}, {3, 4}], [{8, 1}, {5, 7}, {3, 6}, {2, 4}], [{8, 1}, {5, 7}, {4, 6}, {2, 3}], [{8, 1}, {5, 7}, {4, 6}, {3}, {2}], [{8, 1}, {6, 7}, {2, 5}, {3, 4}], [{8, 1}, {6, 7}, {3, 5}, {2, 4}], [{8, 1}, {6, 7}, {4, 5}, {2, 3}], [{8, 1}, {7}, {4, 6}, {3, 5}, {2}], [{8, 1}, {7}, {5, 6}, {3, 4}, {2}], [{8, 1}, {7}, {6}, {4, 5}, {2, 3}], [{8, 2}, {1, 7}, {3, 6}, {4, 5}], [{8, 2}, {1, 7}, {4, 6}, {3, 5}], [{8, 2}, {1, 7}, {4, 6}, {5}, {3}], [{8, 2}, {1, 7}, {5, 6}, {3, 4}], [{8, 2}, {1, 7}, {5, 6}, {4}, {3}], [{8, 2}, {1, 7}, {6}, {4, 5}, {3}], [{8, 2}, {3, 7}, {1, 6}, {4, 5}], [{8, 2}, {3, 7}, {4, 6}, {1, 5}], [{8, 2}, {3, 7}, {4, 6}, {5}, {1}], [{8, 2}, {3, 7}, {5, 6}, {1, 4}], [{8, 2}, {4, 7}, {1, 6}, {3, 5}], [{8, 2}, {4, 7}, {3, 6}, {1, 5}], [{8, 2}, {4, 7}, {5, 6}, {1, 3}], [{8, 2}, {5, 7}, {1, 6}, {3, 4}], [{8, 2}, {5, 7}, {3, 6}, {1, 4}], [{8, 2}, {5, 7}, {4, 6}, {1, 3}], [{8, 2}, {5, 7}, {4, 6}, {3}, {1}], [{8, 2}, {6, 7}, {1, 5}, {3, 4}], [{8, 2}, {6, 7}, {3, 5}, {1, 4}], [{8, 2}, {6, 7}, {4, 5}, {1, 3}], [{8, 2}, {7}, {1, 6}, {5}, {3, 4}], [{8, 2}, {7}, {3, 6}, {5}, {1, 4}], [{8, 2}, {7}, {4, 6}, {1, 5}, {3}], [{8, 2}, {7}, {4, 6}, {3, 5}, {1}], [{8, 2}, {7}, {4, 6}, {5}, {1, 3}], [{8, 3}, {1, 7}, {2, 6}, {4, 5}], [{8, 3}, {1, 7}, {4, 6}, {2, 5}], [{8, 3}, {1, 7}, {4, 6}, {5}, {2}], [{8, 3}, {1, 7}, {5, 6}, {2, 4}], [{8, 3}, {2, 7}, {1, 6}, {4, 5}], [{8, 3}, {2, 7}, {4, 6}, {1, 5}], [{8, 3}, {2, 7}, {5, 6}, {1, 4}], [{8, 3}, {4, 7}, {1, 6}, {2, 5}], [{8, 3}, {4, 7}, {2, 6}, {1, 5}], [{8, 3}, {4, 7}, {5, 6}, {1, 2}], [{8, 3}, {4, 7}, {5, 6}, {2}, {1}], [{8, 3}, {5, 7}, {1, 6}, {2, 4}], [{8, 3}, {5, 7}, {1, 6}, {4}, {2}], [{8, 3}, {5, 7}, {2, 6}, {1, 4}], [{8, 3}, {5, 7}, {2, 6}, {4}, {1}], [{8, 3}, {5, 7}, {4, 6}, {1, 2}], [{8, 3}, {5, 7}, {4, 6}, {2}, {1}], [{8, 3}, {5, 7}, {6}, {1, 4}, {2}], [{8, 3}, {5, 7}, {6}, {2, 4}, {1}], [{8, 3}, {5, 7}, {6}, {4}, {1, 2}], [{8, 3}, {6, 7}, {1, 5}, {2, 4}], [{8, 3}, {6, 7}, {2, 5}, {1, 4}], [{8, 3}, {6, 7}, {4, 5}, {1, 2}], [{8, 3}, {6, 7}, {5}, {4}, {1, 2}], [{8, 3}, {7}, {4, 6}, {1, 5}, {2}], [{8, 3}, {7}, {5, 6}, {4}, {1, 2}], [{8, 4}, {1, 7}, {2, 6}, {3, 5}], [{8, 4}, {1, 7}, {2, 6}, {5}, {3}], [{8, 4}, {1, 7}, {3, 6}, {2, 5}], [{8, 4}, {1, 7}, {3, 6}, {5}, {2}], [{8, 4}, {1, 7}, {5, 6}, {2, 3}], [{8, 4}, {1, 7}, {5, 6}, {3}, {2}], [{8, 4}, {1, 7}, {6}, {2, 5}, {3}], [{8, 4}, {1, 7}, {6}, {3, 5}, {2}], [{8, 4}, {1, 7}, {6}, {5}, {2, 3}], [{8, 4}, {1, 7}, {6}, {5}, {3}, {2}], [{8, 4}, {2, 7}, {1, 6}, {3, 5}], [{8, 4}, {2, 7}, {3, 6}, {1, 5}], [{8, 4}, {2, 7}, {5, 6}, {1, 3}], [{8, 4}, {3, 7}, {1, 6}, {2, 5}], [{8, 4}, {3, 7}, {2, 6}, {1, 5}], [{8, 4}, {3, 7}, {5, 6}, {1, 2}], [{8, 4}, {3, 7}, {6}, {1, 5}, {2}], [{8, 4}, {5, 7}, {1, 6}, {2, 3}], [{8, 4}, {5, 7}, {2, 6}, {1, 3}], [{8, 4}, {5, 7}, {3, 6}, {1, 2}], [{8, 4}, {5, 7}, {6}, {1, 3}, {2}], [{8, 4}, {6, 7}, {1, 5}, {2, 3}], [{8, 4}, {6, 7}, {2, 5}, {1, 3}], [{8, 4}, {6, 7}, {3, 5}, {1, 2}], [{8, 4}, {7}, {5, 6}, {2, 3}, {1}], [{8, 5}, {1, 7}, {2, 6}, {3, 4}], [{8, 5}, {1, 7}, {2, 6}, {4}, {3}], [{8, 5}, {1, 7}, {3, 6}, {2, 4}], [{8, 5}, {1, 7}, {4, 6}, {2, 3}], [{8, 5}, {1, 7}, {4, 6}, {3}, {2}], [{8, 5}, {1, 7}, {6}, {2, 4}, {3}], [{8, 5}, {2, 7}, {1, 6}, {3, 4}], [{8, 5}, {2, 7}, {3, 6}, {1, 4}], [{8, 5}, {2, 7}, {4, 6}, {1, 3}], [{8, 5}, {2, 7}, {6}, {1, 4}, {3}], [{8, 5}, {3, 7}, {1, 6}, {2, 4}], [{8, 5}, {3, 7}, {2, 6}, {1, 4}], [{8, 5}, {3, 7}, {4, 6}, {1, 2}], [{8, 5}, {3, 7}, {4, 6}, {2}, {1}], [{8, 5}, {4, 7}, {1, 6}, {2, 3}], [{8, 5}, {4, 7}, {2, 6}, {1, 3}], [{8, 5}, {4, 7}, {2, 6}, {3}, {1}], [{8, 5}, {4, 7}, {3, 6}, {1, 2}], [{8, 5}, {4, 7}, {6}, {1, 3}, {2}], [{8, 5}, {6, 7}, {1, 4}, {2, 3}], [{8, 5}, {6, 7}, {1, 4}, {3}, {2}], [{8, 5}, {6, 7}, {2, 4}, {1, 3}], [{8, 5}, {6, 7}, {2, 4}, {3}, {1}], [{8, 5}, {6, 7}, {3, 4}, {1, 2}], [{8, 5}, {6, 7}, {3, 4}, {2}, {1}], [{8, 5}, {6, 7}, {4}, {1, 3}, {2}], [{8, 5}, {6, 7}, {4}, {2, 3}, {1}], [{8, 5}, {6, 7}, {4}, {3}, {1, 2}], [{8, 5}, {7}, {1, 6}, {2, 4}, {3}], [{8, 5}, {7}, {2, 6}, {1, 4}, {3}], [{8, 5}, {7}, {4, 6}, {1, 3}, {2}], [{8, 6}, {1, 7}, {2, 5}, {3, 4}], [{8, 6}, {1, 7}, {2, 5}, {4}, {3}], [{8, 6}, {1, 7}, {3, 5}, {2, 4}], [{8, 6}, {1, 7}, {3, 5}, {4}, {2}], [{8, 6}, {1, 7}, {4, 5}, {2, 3}], [{8, 6}, {1, 7}, {4, 5}, {3}, {2}], [{8, 6}, {1, 7}, {5}, {2, 4}, {3}], [{8, 6}, {1, 7}, {5}, {3, 4}, {2}], [{8, 6}, {1, 7}, {5}, {4}, {2, 3}], [{8, 6}, {1, 7}, {5}, {4}, {3}, {2}], [{8, 6}, {2, 7}, {1, 5}, {3, 4}], [{8, 6}, {2, 7}, {3, 5}, {1, 4}], [{8, 6}, {2, 7}, {4, 5}, {1, 3}], [{8, 6}, {2, 7}, {5}, {1, 4}, {3}], [{8, 6}, {3, 7}, {1, 5}, {2, 4}], [{8, 6}, {3, 7}, {1, 5}, {4}, {2}], [{8, 6}, {3, 7}, {2, 5}, {1, 4}], [{8, 6}, {3, 7}, {4, 5}, {1, 2}], [{8, 6}, {4, 7}, {1, 5}, {2, 3}], [{8, 6}, {4, 7}, {2, 5}, {1, 3}], [{8, 6}, {4, 7}, {3, 5}, {1, 2}], [{8, 6}, {4, 7}, {5}, {3}, {1, 2}], [{8, 6}, {5, 7}, {1, 4}, {2, 3}], [{8, 6}, {5, 7}, {2, 4}, {1, 3}], [{8, 6}, {5, 7}, {3, 4}, {1, 2}], [{8, 6}, {5, 7}, {4}, {1, 3}, {2}], [{8, 7}, {1, 6}, {2, 5}, {3, 4}], [{8, 7}, {1, 6}, {3, 5}, {2, 4}], [{8, 7}, {1, 6}, {4, 5}, {2, 3}], [{8, 7}, {1, 6}, {5}, {2, 4}, {3}], [{8, 7}, {2, 6}, {1, 5}, {3, 4}], [{8, 7}, {2, 6}, {3, 5}, {1, 4}], [{8, 7}, {2, 6}, {4, 5}, {1, 3}], [{8, 7}, {2, 6}, {5}, {1, 4}, {3}], [{8, 7}, {3, 6}, {1, 5}, {2, 4}], [{8, 7}, {3, 6}, {2, 5}, {1, 4}], [{8, 7}, {3, 6}, {4, 5}, {1, 2}], [{8, 7}, {4, 6}, {1, 5}, {2, 3}], [{8, 7}, {4, 6}, {1, 5}, {3}, {2}], [{8, 7}, {4, 6}, {2, 5}, {1, 3}], [{8, 7}, {4, 6}, {3, 5}, {1, 2}], [{8, 7}, {4, 6}, {3, 5}, {2}, {1}], [{8, 7}, {4, 6}, {5}, {1, 3}, {2}], [{8, 7}, {5, 6}, {1, 4}, {2, 3}], [{8, 7}, {5, 6}, {2, 4}, {1, 3}], [{8, 7}, {5, 6}, {3, 4}, {1, 2}], [{8}, {1, 7}, {2, 6}, {4, 5}, {3}], [{8}, {1, 7}, {4, 6}, {2, 5}, {3}], [{8}, {1, 7}, {4, 6}, {3, 5}, {2}], [{8}, {1, 7}, {4, 6}, {5}, {2, 3}], [{8}, {1, 7}, {4, 6}, {5}, {3}, {2}], [{8}, {1, 7}, {5, 6}, {2, 4}, {3}], [{8}, {2, 7}, {4, 6}, {1, 5}, {3}], [{8}, {2, 7}, {4, 6}, {3, 5}, {1}], [{8}, {2, 7}, {4, 6}, {5}, {1, 3}], [{8}, {2, 7}, {5, 6}, {1, 4}, {3}], [{8}, {2, 7}, {5, 6}, {3, 4}, {1}], [{8}, {2, 7}, {5, 6}, {4}, {1, 3}], [{8}, {2, 7}, {6}, {4, 5}, {1, 3}], [{8}, {3, 7}, {4, 6}, {1, 5}, {2}], [{8}, {3, 7}, {4, 6}, {2, 5}, {1}], [{8}, {3, 7}, {4, 6}, {5}, {1, 2}], [{8}, {3, 7}, {4, 6}, {5}, {2}, {1}], [{8}, {4, 7}, {3, 6}, {2, 5}, {1}], [{8}, {4, 7}, {6}, {3, 5}, {1, 2}], [{8}, {5, 7}, {1, 6}, {2, 4}, {3}], [{8}, {5, 7}, {2, 6}, {1, 4}, {3}], [{8}, {5, 7}, {4, 6}, {1, 3}, {2}], [{8}, {5, 7}, {4, 6}, {2, 3}, {1}], [{8}, {5, 7}, {4, 6}, {3}, {1, 2}], [{8}, {5, 7}, {4, 6}, {3}, {2}, {1}], [{8}, {6, 7}, {3, 5}, {4}, {1, 2}], [{8}, {7}, {2, 6}, {1, 5}, {3, 4}], [{8}, {7}, {3, 6}, {1, 5}, {2, 4}], [{8}, {7}, {4, 6}, {1, 5}, {2, 3}], [{8}, {7}, {4, 6}, {1, 5}, {3}, {2}], [{8}, {7}, {4, 6}, {2, 5}, {1, 3}], [{8}, {7}, {4, 6}, {3, 5}, {1, 2}], [{8}, {7}, {4, 6}, {3, 5}, {2}, {1}], [{8}, {7}, {4, 6}, {5}, {1, 3}, {2}]]",2,- 8 K_1^4 + 8 K_1^3 + 12 K_1^2 K_2 - 6 K_1^2 - 12 K_1 K_2 - 4 K_1 K_3 - 2 K_2^2 + 3 K_2 + 4 K_3 + K_4 + 5,O1O2O3O4U1U5O6U7O5O8U4U3U6U8O7U2,O1O2O3O4U1U5O6U2O5O7U4U3U8U7O8U6,O1O2O3O4U5O6U7U6U2U1O7O8U3O5U8U4,c,{'O1O2O3O4U3O5U6U7U2U1O6O8U5O7U8U4'},1,"<a href=""/flatknot/8.733892"">8.733892</a>",t^9-36t^7-80t^6+94t^4+22t^3-38t^2-7t+4,-t^2+2t,,
8.733893,O1O2O3O4U3O5U6U7U2U4O6O8U1O7U8U5,4,4z^3+38z^2+111z+103,4w^4z^3+38w^3z^2+111w^2z+103w,False,False,"[[ 0 -1  0 -1  3  3 -3 -1  0],[ 1  0  0 -1  3  3 -1  0  0],[ 0  0  0  0  2  0 -1  0 -1],[ 1  1  0  0  1  1  0  0  0],[-3 -3 -2 -1  0 -1 -3 -2 -1],[-3 -3  0 -1  1  0 -4 -1 -1],[ 3  1  1  0  3  4  0  1  1],[ 1  0  0  0  2  1 -1  0  0],[ 0  0  1  0  1  1 -1  0  0]]","[[ 0  3  3  0  0 -1 -1 -1 -3],[-3  0  1  0 -1 -1 -1 -3 -4],[-3 -1  0 -2 -1 -1 -2 -3 -3],[ 0  0  2  0 -1  0  0  0 -1],[ 0  1  1  1  0  0  0  0 -1],[ 1  1  1  0  0  0  0  1  0],[ 1  1  2  0  0  0  0  0 -1],[ 1  3  3  0  0 -1  0  0 -1],[ 3  4  3  1  1  0  1  1  0]]",True,"[-3,-3,0,0,1,1,1,3,-1,0,1,1,1,3,4,2,1,1,2,3,3,1,0,0,0,1,0,0,0,1,0,-1,0,0,1,1]","[-3,-3,0,0,1,1,1,3,-1,0,1,1,1,3,4,2,1,1,2,3,3,1,0,0,0,1,0,0,0,1,0,-1,0,0,1,1]",t^8+63t^6+238t^4+99t^2+4,"[-3,-1,-1,-1,0,0,3,3,1,1,2,2,2,2,3,0,0,1,1,3,2,1,1,1,1,1,1,1,3,3,-1,2,2,3,1,-1]","[-3,-3,0,0,1,1,1,3,-1,1,2,1,2,3,3,3,2,1,3,3,2,-1,1,1,1,2,1,1,1,2,0,-1,1,0,1,2]","[-3,-1,-1,-1,0,0,3,3,0,1,1,1,1,3,4,0,1,0,0,1,1,0,0,0,2,1,0,0,3,3,-1,2,0,1,1,-1]",c,"[[{8, 1}, {2, 7}, {3, 6}, {4, 5}], [{8, 1}, {2, 7}, {4, 6}, {3, 5}], [{8, 1}, {2, 7}, {4, 6}, {5}, {3}], [{8, 1}, {2, 7}, {5, 6}, {3, 4}], [{8, 1}, {3, 7}, {2, 6}, {4, 5}], [{8, 1}, {3, 7}, {4, 6}, {2, 5}], [{8, 1}, {3, 7}, {5, 6}, {2, 4}], [{8, 1}, {3, 7}, {6}, {4, 5}, {2}], [{8, 1}, {4, 7}, {2, 6}, {3, 5}], [{8, 1}, {4, 7}, {3, 6}, {2, 5}], [{8, 1}, {4, 7}, {5, 6}, {2, 3}], [{8, 1}, {5, 7}, {2, 6}, {3, 4}], [{8, 1}, {5, 7}, {3, 6}, {2, 4}], [{8, 1}, {5, 7}, {4, 6}, {2, 3}], [{8, 1}, {6, 7}, {2, 5}, {3, 4}], [{8, 1}, {6, 7}, {3, 5}, {2, 4}], [{8, 1}, {6, 7}, {4, 5}, {2, 3}], [{8, 1}, {7}, {5, 6}, {2, 4}, {3}], [{8, 2}, {1, 7}, {3, 6}, {4, 5}], [{8, 2}, {1, 7}, {4, 6}, {3, 5}], [{8, 2}, {1, 7}, {5, 6}, {3, 4}], [{8, 2}, {1, 7}, {5, 6}, {4}, {3}], [{8, 2}, {1, 7}, {6}, {5}, {3, 4}], [{8, 2}, {3, 7}, {1, 6}, {4, 5}], [{8, 2}, {3, 7}, {4, 6}, {1, 5}], [{8, 2}, {3, 7}, {5, 6}, {1, 4}], [{8, 2}, {4, 7}, {1, 6}, {3, 5}], [{8, 2}, {4, 7}, {3, 6}, {1, 5}], [{8, 2}, {4, 7}, {5, 6}, {1, 3}], [{8, 2}, {5, 7}, {1, 6}, {3, 4}], [{8, 2}, {5, 7}, {3, 6}, {1, 4}], [{8, 2}, {5, 7}, {4, 6}, {1, 3}], [{8, 2}, {6, 7}, {1, 5}, {3, 4}], [{8, 2}, {6, 7}, {3, 5}, {1, 4}], [{8, 2}, {6, 7}, {4, 5}, {1, 3}], [{8, 2}, {7}, {4, 6}, {3, 5}, {1}], [{8, 3}, {1, 7}, {2, 6}, {4, 5}], [{8, 3}, {1, 7}, {4, 6}, {2, 5}], [{8, 3}, {1, 7}, {4, 6}, {5}, {2}], [{8, 3}, {1, 7}, {5, 6}, {2, 4}], [{8, 3}, {1, 7}, {5, 6}, {4}, {2}], [{8, 3}, {1, 7}, {6}, {4, 5}, {2}], [{8, 3}, {2, 7}, {1, 6}, {4, 5}], [{8, 3}, {2, 7}, {4, 6}, {1, 5}], [{8, 3}, {2, 7}, {5, 6}, {1, 4}], [{8, 3}, {2, 7}, {6}, {1, 5}, {4}], [{8, 3}, {4, 7}, {1, 6}, {2, 5}], [{8, 3}, {4, 7}, {2, 6}, {1, 5}], [{8, 3}, {4, 7}, {5, 6}, {1, 2}], [{8, 3}, {5, 7}, {1, 6}, {2, 4}], [{8, 3}, {5, 7}, {2, 6}, {1, 4}], [{8, 3}, {5, 7}, {4, 6}, {1, 2}], [{8, 3}, {6, 7}, {1, 5}, {2, 4}], [{8, 3}, {6, 7}, {2, 5}, {1, 4}], [{8, 3}, {6, 7}, {4, 5}, {1, 2}], [{8, 4}, {1, 7}, {2, 6}, {3, 5}], [{8, 4}, {1, 7}, {3, 6}, {2, 5}], [{8, 4}, {1, 7}, {3, 6}, {5}, {2}], [{8, 4}, {1, 7}, {5, 6}, {2, 3}], [{8, 4}, {1, 7}, {5, 6}, {3}, {2}], [{8, 4}, {1, 7}, {6}, {3, 5}, {2}], [{8, 4}, {2, 7}, {1, 6}, {3, 5}], [{8, 4}, {2, 7}, {1, 6}, {5}, {3}], [{8, 4}, {2, 7}, {3, 6}, {1, 5}], [{8, 4}, {2, 7}, {5, 6}, {1, 3}], [{8, 4}, {3, 7}, {1, 6}, {2, 5}], [{8, 4}, {3, 7}, {2, 6}, {1, 5}], [{8, 4}, {3, 7}, {5, 6}, {1, 2}], [{8, 4}, {3, 7}, {6}, {1, 5}, {2}], [{8, 4}, {5, 7}, {1, 6}, {2, 3}], [{8, 4}, {5, 7}, {2, 6}, {1, 3}], [{8, 4}, {5, 7}, {2, 6}, {3}, {1}], [{8, 4}, {5, 7}, {3, 6}, {1, 2}], [{8, 4}, {5, 7}, {6}, {1, 3}, {2}], [{8, 4}, {6, 7}, {1, 5}, {2, 3}], [{8, 4}, {6, 7}, {2, 5}, {1, 3}], [{8, 4}, {6, 7}, {3, 5}, {1, 2}], [{8, 5}, {1, 7}, {2, 6}, {3, 4}], [{8, 5}, {1, 7}, {3, 6}, {2, 4}], [{8, 5}, {1, 7}, {3, 6}, {4}, {2}], [{8, 5}, {1, 7}, {4, 6}, {2, 3}], [{8, 5}, {1, 7}, {4, 6}, {3}, {2}], [{8, 5}, {1, 7}, {6}, {3, 4}, {2}], [{8, 5}, {2, 7}, {1, 6}, {3, 4}], [{8, 5}, {2, 7}, {3, 6}, {1, 4}], [{8, 5}, {2, 7}, {4, 6}, {1, 3}], [{8, 5}, {2, 7}, {4, 6}, {3}, {1}], [{8, 5}, {3, 7}, {1, 6}, {2, 4}], [{8, 5}, {3, 7}, {2, 6}, {1, 4}], [{8, 5}, {3, 7}, {4, 6}, {1, 2}], [{8, 5}, {4, 7}, {1, 6}, {2, 3}], [{8, 5}, {4, 7}, {2, 6}, {1, 3}], [{8, 5}, {4, 7}, {3, 6}, {1, 2}], [{8, 5}, {6, 7}, {1, 4}, {2, 3}], [{8, 5}, {6, 7}, {2, 4}, {1, 3}], [{8, 5}, {6, 7}, {3, 4}, {1, 2}], [{8, 5}, {7}, {4, 6}, {3}, {1, 2}], [{8, 6}, {1, 7}, {2, 5}, {3, 4}], [{8, 6}, {1, 7}, {3, 5}, {2, 4}], [{8, 6}, {1, 7}, {3, 5}, {4}, {2}], [{8, 6}, {1, 7}, {4, 5}, {2, 3}], [{8, 6}, {1, 7}, {4, 5}, {3}, {2}], [{8, 6}, {1, 7}, {5}, {3, 4}, {2}], [{8, 6}, {2, 7}, {1, 5}, {3, 4}], [{8, 6}, {2, 7}, {3, 5}, {1, 4}], [{8, 6}, {2, 7}, {4, 5}, {1, 3}], [{8, 6}, {3, 7}, {1, 5}, {2, 4}], [{8, 6}, {3, 7}, {1, 5}, {4}, {2}], [{8, 6}, {3, 7}, {2, 5}, {1, 4}], [{8, 6}, {3, 7}, {4, 5}, {1, 2}], [{8, 6}, {4, 7}, {1, 5}, {2, 3}], [{8, 6}, {4, 7}, {2, 5}, {1, 3}], [{8, 6}, {4, 7}, {3, 5}, {1, 2}], [{8, 6}, {5, 7}, {1, 4}, {2, 3}], [{8, 6}, {5, 7}, {2, 4}, {1, 3}], [{8, 6}, {5, 7}, {3, 4}, {1, 2}], [{8, 6}, {5, 7}, {4}, {1, 3}, {2}], [{8, 6}, {7}, {2, 5}, {3, 4}, {1}], [{8, 7}, {1, 6}, {2, 5}, {3, 4}], [{8, 7}, {1, 6}, {3, 5}, {2, 4}], [{8, 7}, {1, 6}, {4, 5}, {2, 3}], [{8, 7}, {2, 6}, {1, 5}, {3, 4}], [{8, 7}, {2, 6}, {3, 5}, {1, 4}], [{8, 7}, {2, 6}, {3, 5}, {4}, {1}], [{8, 7}, {2, 6}, {4, 5}, {1, 3}], [{8, 7}, {3, 6}, {1, 5}, {2, 4}], [{8, 7}, {3, 6}, {2, 5}, {1, 4}], [{8, 7}, {3, 6}, {2, 5}, {4}, {1}], [{8, 7}, {3, 6}, {4, 5}, {1, 2}], [{8, 7}, {4, 6}, {1, 5}, {2, 3}], [{8, 7}, {4, 6}, {2, 5}, {1, 3}], [{8, 7}, {4, 6}, {3, 5}, {1, 2}], [{8, 7}, {5, 6}, {1, 4}, {2, 3}], [{8, 7}, {5, 6}, {2, 4}, {1, 3}], [{8, 7}, {5, 6}, {2, 4}, {3}, {1}], [{8, 7}, {5, 6}, {3, 4}, {1, 2}], [{8, 7}, {6}, {4, 5}, {1, 3}, {2}], [{8}, {1, 7}, {2, 6}, {5}, {3, 4}], [{8}, {1, 7}, {3, 6}, {4, 5}, {2}], [{8}, {1, 7}, {4, 6}, {3, 5}, {2}], [{8}, {1, 7}, {5, 6}, {2, 4}, {3}], [{8}, {1, 7}, {5, 6}, {3, 4}, {2}], [{8}, {1, 7}, {5, 6}, {4}, {2, 3}], [{8}, {1, 7}, {5, 6}, {4}, {3}, {2}], [{8}, {1, 7}, {6}, {2, 5}, {3, 4}], [{8}, {1, 7}, {6}, {5}, {3, 4}, {2}], [{8}, {2, 7}, {4, 6}, {1, 5}, {3}], [{8}, {3, 7}, {4, 6}, {1, 5}, {2}], [{8}, {3, 7}, {5, 6}, {1, 4}, {2}], [{8}, {4, 7}, {5, 6}, {1, 3}, {2}], [{8}, {5, 7}, {4, 6}, {1, 3}, {2}], [{8}, {7}, {4, 6}, {1, 5}, {2, 3}]]",2,- 8 K_1^4 + 20 K_1^3 + 12 K_1^2 K_2 - 14 K_1^2 - 14 K_1 K_2 - 6 K_1 K_3 - 8 K_1 + 8 K_2 + 2 K_3 + K_4 + 8,O1O2O3O4U5U6O7U4O6O8U1U3U7U8O5U2,O1O2O3O4U1U5O6U2O5O7U6U3U8U4O8U7,O1O2O3O4U5O6U1U6U2U7O5O8U3O7U8U4,c,{'O1O2O3O4U3O5U6U7U2U4O6O8U1O7U8U5'},1,"<a href=""/flatknot/8.733893"">8.733893</a>",t^9-57t^7-152t^6+174t^5+528t^4-207t^3-330t^2+61t+14,-t^3+3t,,
8.733894,O1O2O3O4U3O5U6U7U2U4O6O8U5O7U1U8,4,2z^3+28z^2+107z+119,2w^4z^3+28w^3z^2+107w^2z+119w,False,False,"[[ 0 -1  0 -1  3  2 -3 -1  1],[ 1  0  0 -1  3  3 -2 -1  1],[ 0  0  0  0  2  1 -1 -1  0],[ 1  1  0  0  1  1  0  0  0],[-3 -3 -2 -1  0  0 -3 -3  0],[-2 -3 -1 -1  0  0 -2 -1  0],[ 3  2  1  0  3  2  0  1  2],[ 1  1  1  0  3  1 -1  0  1],[-1 -1  0  0  0  0 -2 -1  0]]","[[ 0  3  2  1  0 -1 -1 -1 -3],[-3  0  0  0 -2 -1 -3 -3 -3],[-2  0  0  0 -1 -1 -1 -3 -2],[-1  0  0  0  0  0 -1 -1 -2],[ 0  2  1  0  0  0 -1  0 -1],[ 1  1  1  0  0  0  0  1  0],[ 1  3  1  1  1  0  0  1 -1],[ 1  3  3  1  0 -1 -1  0 -2],[ 3  3  2  2  1  0  1  2  0]]",True,"[-3,-2,-1,0,1,1,1,3,0,0,2,1,3,3,3,0,1,1,1,3,2,0,0,1,1,2,0,1,0,1,0,-1,0,-1,1,2]","[-3,-2,-1,0,1,1,1,3,0,0,2,1,3,3,3,0,1,1,1,3,2,0,0,1,1,2,0,1,0,1,0,-1,0,-1,1,2]",t^8+63t^6+204t^4+143t^2+9,"[-3,-1,-1,-1,0,1,2,3,0,1,2,2,2,3,3,1,1,1,1,0,1,0,0,1,2,1,1,2,2,3,1,1,1,1,2,1]","[-3,-2,-1,0,1,1,1,3,1,2,1,1,1,3,3,1,1,0,2,2,3,1,1,1,2,2,1,0,1,2,-1,-1,0,0,1,2]","[-3,-1,-1,-1,0,1,2,3,0,1,2,1,2,2,3,0,1,0,0,1,1,1,1,1,1,3,0,1,3,3,0,1,2,0,0,0]",c,"[[{8, 1}, {2, 7}, {3, 6}, {4, 5}], [{8, 1}, {2, 7}, {4, 6}, {3, 5}], [{8, 1}, {2, 7}, {5, 6}, {3, 4}], [{8, 1}, {3, 7}, {2, 6}, {4, 5}], [{8, 1}, {3, 7}, {4, 6}, {2, 5}], [{8, 1}, {3, 7}, {4, 6}, {5}, {2}], [{8, 1}, {3, 7}, {5, 6}, {2, 4}], [{8, 1}, {4, 7}, {2, 6}, {3, 5}], [{8, 1}, {4, 7}, {3, 6}, {2, 5}], [{8, 1}, {4, 7}, {5, 6}, {2, 3}], [{8, 1}, {4, 7}, {5, 6}, {3}, {2}], [{8, 1}, {5, 7}, {2, 6}, {3, 4}], [{8, 1}, {5, 7}, {3, 6}, {2, 4}], [{8, 1}, {5, 7}, {4, 6}, {2, 3}], [{8, 1}, {5, 7}, {4, 6}, {3}, {2}], [{8, 1}, {6, 7}, {2, 5}, {3, 4}], [{8, 1}, {6, 7}, {3, 5}, {2, 4}], [{8, 1}, {6, 7}, {4, 5}, {2, 3}], [{8, 1}, {6, 7}, {5}, {2, 4}, {3}], [{8, 1}, {6, 7}, {5}, {3, 4}, {2}], [{8, 1}, {6, 7}, {5}, {4}, {2, 3}], [{8, 1}, {7}, {2, 6}, {4, 5}, {3}], [{8, 1}, {7}, {4, 6}, {3, 5}, {2}], [{8, 2}, {1, 7}, {3, 6}, {4, 5}], [{8, 2}, {1, 7}, {4, 6}, {3, 5}], [{8, 2}, {1, 7}, {5, 6}, {3, 4}], [{8, 2}, {3, 7}, {1, 6}, {4, 5}], [{8, 2}, {3, 7}, {4, 6}, {1, 5}], [{8, 2}, {3, 7}, {5, 6}, {1, 4}], [{8, 2}, {3, 7}, {5, 6}, {4}, {1}], [{8, 2}, {4, 7}, {1, 6}, {3, 5}], [{8, 2}, {4, 7}, {3, 6}, {1, 5}], [{8, 2}, {4, 7}, {3, 6}, {5}, {1}], [{8, 2}, {4, 7}, {5, 6}, {1, 3}], [{8, 2}, {4, 7}, {5, 6}, {3}, {1}], [{8, 2}, {4, 7}, {6}, {3, 5}, {1}], [{8, 2}, {5, 7}, {1, 6}, {3, 4}], [{8, 2}, {5, 7}, {3, 6}, {1, 4}], [{8, 2}, {5, 7}, {4, 6}, {1, 3}], [{8, 2}, {5, 7}, {4, 6}, {3}, {1}], [{8, 2}, {6, 7}, {1, 5}, {3, 4}], [{8, 2}, {6, 7}, {1, 5}, {4}, {3}], [{8, 2}, {6, 7}, {3, 5}, {1, 4}], [{8, 2}, {6, 7}, {4, 5}, {1, 3}], [{8, 2}, {6, 7}, {4, 5}, {3}, {1}], [{8, 2}, {6, 7}, {5}, {1, 4}, {3}], [{8, 2}, {7}, {5, 6}, {3, 4}, {1}], [{8, 3}, {1, 7}, {2, 6}, {4, 5}], [{8, 3}, {1, 7}, {4, 6}, {2, 5}], [{8, 3}, {1, 7}, {4, 6}, {5}, {2}], [{8, 3}, {1, 7}, {5, 6}, {2, 4}], [{8, 3}, {1, 7}, {5, 6}, {4}, {2}], [{8, 3}, {1, 7}, {6}, {4, 5}, {2}], [{8, 3}, {2, 7}, {1, 6}, {4, 5}], [{8, 3}, {2, 7}, {4, 6}, {1, 5}], [{8, 3}, {2, 7}, {5, 6}, {1, 4}], [{8, 3}, {4, 7}, {1, 6}, {2, 5}], [{8, 3}, {4, 7}, {2, 6}, {1, 5}], [{8, 3}, {4, 7}, {5, 6}, {1, 2}], [{8, 3}, {5, 7}, {1, 6}, {2, 4}], [{8, 3}, {5, 7}, {2, 6}, {1, 4}], [{8, 3}, {5, 7}, {4, 6}, {1, 2}], [{8, 3}, {5, 7}, {4, 6}, {2}, {1}], [{8, 3}, {6, 7}, {1, 5}, {2, 4}], [{8, 3}, {6, 7}, {2, 5}, {1, 4}], [{8, 3}, {6, 7}, {4, 5}, {1, 2}], [{8, 3}, {7}, {4, 6}, {1, 5}, {2}], [{8, 4}, {1, 7}, {2, 6}, {3, 5}], [{8, 4}, {1, 7}, {3, 6}, {2, 5}], [{8, 4}, {1, 7}, {3, 6}, {5}, {2}], [{8, 4}, {1, 7}, {5, 6}, {2, 3}], [{8, 4}, {1, 7}, {5, 6}, {3}, {2}], [{8, 4}, {1, 7}, {6}, {3, 5}, {2}], [{8, 4}, {2, 7}, {1, 6}, {3, 5}], [{8, 4}, {2, 7}, {3, 6}, {1, 5}], [{8, 4}, {2, 7}, {5, 6}, {1, 3}], [{8, 4}, {3, 7}, {1, 6}, {2, 5}], [{8, 4}, {3, 7}, {2, 6}, {1, 5}], [{8, 4}, {3, 7}, {5, 6}, {1, 2}], [{8, 4}, {5, 7}, {1, 6}, {2, 3}], [{8, 4}, {5, 7}, {2, 6}, {1, 3}], [{8, 4}, {5, 7}, {3, 6}, {1, 2}], [{8, 4}, {5, 7}, {6}, {3}, {1, 2}], [{8, 4}, {6, 7}, {1, 5}, {2, 3}], [{8, 4}, {6, 7}, {2, 5}, {1, 3}], [{8, 4}, {6, 7}, {3, 5}, {1, 2}], [{8, 5}, {1, 7}, {2, 6}, {3, 4}], [{8, 5}, {1, 7}, {2, 6}, {4}, {3}], [{8, 5}, {1, 7}, {3, 6}, {2, 4}], [{8, 5}, {1, 7}, {4, 6}, {2, 3}], [{8, 5}, {2, 7}, {1, 6}, {3, 4}], [{8, 5}, {2, 7}, {3, 6}, {1, 4}], [{8, 5}, {2, 7}, {4, 6}, {1, 3}], [{8, 5}, {2, 7}, {4, 6}, {3}, {1}], [{8, 5}, {3, 7}, {1, 6}, {2, 4}], [{8, 5}, {3, 7}, {1, 6}, {4}, {2}], [{8, 5}, {3, 7}, {2, 6}, {1, 4}], [{8, 5}, {3, 7}, {2, 6}, {4}, {1}], [{8, 5}, {3, 7}, {4, 6}, {1, 2}], [{8, 5}, {3, 7}, {6}, {4}, {1, 2}], [{8, 5}, {4, 7}, {1, 6}, {2, 3}], [{8, 5}, {4, 7}, {2, 6}, {1, 3}], [{8, 5}, {4, 7}, {3, 6}, {1, 2}], [{8, 5}, {6, 7}, {1, 4}, {2, 3}], [{8, 5}, {6, 7}, {2, 4}, {1, 3}], [{8, 5}, {6, 7}, {3, 4}, {1, 2}], [{8, 5}, {6, 7}, {3, 4}, {2}, {1}], [{8, 5}, {6, 7}, {4}, {3}, {1, 2}], [{8, 5}, {7}, {2, 6}, {4}, {1, 3}], [{8, 5}, {7}, {3, 6}, {4}, {1, 2}], [{8, 6}, {1, 7}, {2, 5}, {3, 4}], [{8, 6}, {1, 7}, {3, 5}, {2, 4}], [{8, 6}, {1, 7}, {4, 5}, {2, 3}], [{8, 6}, {1, 7}, {5}, {4}, {2, 3}], [{8, 6}, {2, 7}, {1, 5}, {3, 4}], [{8, 6}, {2, 7}, {3, 5}, {1, 4}], [{8, 6}, {2, 7}, {4, 5}, {1, 3}], [{8, 6}, {3, 7}, {1, 5}, {2, 4}], [{8, 6}, {3, 7}, {1, 5}, {4}, {2}], [{8, 6}, {3, 7}, {2, 5}, {1, 4}], [{8, 6}, {3, 7}, {4, 5}, {1, 2}], [{8, 6}, {3, 7}, {4, 5}, {2}, {1}], [{8, 6}, {3, 7}, {5}, {1, 4}, {2}], [{8, 6}, {4, 7}, {1, 5}, {2, 3}], [{8, 6}, {4, 7}, {1, 5}, {3}, {2}], [{8, 6}, {4, 7}, {2, 5}, {1, 3}], [{8, 6}, {4, 7}, {3, 5}, {1, 2}], [{8, 6}, {4, 7}, {3, 5}, {2}, {1}], [{8, 6}, {4, 7}, {5}, {1, 3}, {2}], [{8, 6}, {5, 7}, {1, 4}, {2, 3}], [{8, 6}, {5, 7}, {2, 4}, {1, 3}], [{8, 6}, {5, 7}, {3, 4}, {1, 2}], [{8, 6}, {5, 7}, {4}, {3}, {1, 2}], [{8, 6}, {7}, {1, 5}, {3, 4}, {2}], [{8, 7}, {1, 6}, {2, 5}, {3, 4}], [{8, 7}, {1, 6}, {3, 5}, {2, 4}], [{8, 7}, {1, 6}, {4, 5}, {2, 3}], [{8, 7}, {1, 6}, {5}, {4}, {2, 3}], [{8, 7}, {2, 6}, {1, 5}, {3, 4}], [{8, 7}, {2, 6}, {3, 5}, {1, 4}], [{8, 7}, {2, 6}, {4, 5}, {1, 3}], [{8, 7}, {3, 6}, {1, 5}, {2, 4}], [{8, 7}, {3, 6}, {2, 5}, {1, 4}], [{8, 7}, {3, 6}, {4, 5}, {1, 2}], [{8, 7}, {4, 6}, {1, 5}, {2, 3}], [{8, 7}, {4, 6}, {2, 5}, {1, 3}], [{8, 7}, {4, 6}, {2, 5}, {3}, {1}], [{8, 7}, {4, 6}, {3, 5}, {1, 2}], [{8, 7}, {5, 6}, {1, 4}, {2, 3}], [{8, 7}, {5, 6}, {2, 4}, {1, 3}], [{8, 7}, {5, 6}, {3, 4}, {1, 2}], [{8, 7}, {5, 6}, {4}, {2, 3}, {1}], [{8, 7}, {6}, {1, 5}, {2, 4}, {3}], [{8, 7}, {6}, {1, 5}, {3, 4}, {2}], [{8, 7}, {6}, {1, 5}, {4}, {2, 3}], [{8, 7}, {6}, {3, 5}, {1, 4}, {2}], [{8, 7}, {6}, {3, 5}, {2, 4}, {1}], [{8, 7}, {6}, {3, 5}, {4}, {1, 2}], [{8, 7}, {6}, {5}, {2, 4}, {1, 3}], [{8}, {1, 7}, {5, 6}, {3, 4}, {2}], [{8}, {4, 7}, {1, 6}, {2, 5}, {3}], [{8}, {4, 7}, {2, 6}, {3, 5}, {1}], [{8}, {4, 7}, {5, 6}, {3}, {1, 2}], [{8}, {5, 7}, {2, 6}, {3, 4}, {1}], [{8}, {5, 7}, {3, 6}, {2, 4}, {1}], [{8}, {5, 7}, {4, 6}, {1, 3}, {2}], [{8}, {5, 7}, {4, 6}, {2, 3}, {1}], [{8}, {5, 7}, {4, 6}, {3}, {1, 2}], [{8}, {5, 7}, {4, 6}, {3}, {2}, {1}], [{8}, {6, 7}, {1, 5}, {3, 4}, {2}]]",2,20 K_1^3 + 12 K_1^2 K_2 - 22 K_1^2 - 24 K_1 K_2 - 12 K_1 K_3 - 3 K_1 - 4 K_2^2 + 11 K_2 + 7 K_3 + 5 K_4 + 11,O1O2O3O4U5U4O6U7O5O8U1U3U6U8O7U2,O1O2O3O4U1U5O6U2O7O5U7U3U8U4O8U6,O1O2O3O4U5O6U1U6U2U7O8O7U3O5U8U4,c,{'O1O2O3O4U3O5U6U7U2U4O6O8U5O7U1U8'},1,"<a href=""/flatknot/8.733894"">8.733894</a>",t^9-61t^7-190t^6+145t^5+660t^4+22t^3-512t^2-134t+20,-t^2+2t,,
8.733895,O1O2O3O4U3O5U6U7U2U8O6O8U1O7U5U4,4,4z^3+39z^2+112z+101,4w^4z^3+39w^3z^2+112w^2z+101w,False,False,"[[ 0 -1  0 -1  3  2 -3 -1  1],[ 1  0  1  0  3  1 -1  1  2],[ 0 -1  0  0  1 -1  0  1  1],[ 1  0  0  0  1  0  1  1  1],[-3 -3 -1 -1  0  0 -5 -2 -2],[-2 -1  1  0  0  0 -4 -1 -1],[ 3  1  0 -1  5  4  0  0  3],[ 1 -1 -1 -1  2  1  0  0  2],[-1 -2 -1 -1  2  1 -3 -2  0]]","[[ 0  3  2  1  0 -1 -1 -1 -3],[-3  0  0 -2 -1 -1 -2 -3 -5],[-2  0  0 -1  1  0 -1 -1 -4],[-1  2  1  0 -1 -1 -2 -2 -3],[ 0  1 -1  1  0  0  1 -1  0],[ 1  1  0  1  0  0  1  0  1],[ 1  2  1  2 -1 -1  0 -1  0],[ 1  3  1  2  1  0  1  0 -1],[ 3  5  4  3  0 -1  0  1  0]]",True,"[-3,-2,-1,0,1,1,1,3,0,2,1,1,2,3,5,1,-1,0,1,1,4,1,1,2,2,3,0,-1,1,0,-1,0,-1,1,0,1]","[-3,-2,-1,0,1,1,1,3,0,2,1,1,2,3,5,1,-1,0,1,1,4,1,1,2,2,3,0,-1,1,0,-1,0,-1,1,0,1]",t^8+89t^6+718t^4+281t^2+1,"[-3,-1,-1,-1,0,1,2,3,1,2,3,3,1,1,1,-1,0,0,0,2,1,1,2,0,2,2,1,1,3,3,0,3,2,0,0,1]","[-3,-2,-1,0,1,1,1,3,1,0,2,1,2,3,1,0,3,2,2,3,1,0,0,0,1,1,0,2,1,3,1,0,1,-1,2,3]","[-3,-1,-1,-1,0,1,2,3,-1,0,1,0,3,4,5,1,0,0,1,0,1,-1,-1,2,1,2,1,2,1,3,1,-1,1,1,2,0]",c,"[[{8, 1}, {2, 7}, {3, 6}, {4, 5}], [{8, 1}, {2, 7}, {4, 6}, {3, 5}], [{8, 1}, {2, 7}, {5, 6}, {3, 4}], [{8, 1}, {3, 7}, {2, 6}, {4, 5}], [{8, 1}, {3, 7}, {4, 6}, {2, 5}], [{8, 1}, {3, 7}, {4, 6}, {5}, {2}], [{8, 1}, {3, 7}, {5, 6}, {2, 4}], [{8, 1}, {4, 7}, {2, 6}, {3, 5}], [{8, 1}, {4, 7}, {3, 6}, {2, 5}], [{8, 1}, {4, 7}, {5, 6}, {2, 3}], [{8, 1}, {4, 7}, {5, 6}, {3}, {2}], [{8, 1}, {5, 7}, {2, 6}, {3, 4}], [{8, 1}, {5, 7}, {2, 6}, {4}, {3}], [{8, 1}, {5, 7}, {3, 6}, {2, 4}], [{8, 1}, {5, 7}, {4, 6}, {2, 3}], [{8, 1}, {5, 7}, {4, 6}, {3}, {2}], [{8, 1}, {5, 7}, {6}, {2, 4}, {3}], [{8, 1}, {6, 7}, {2, 5}, {3, 4}], [{8, 1}, {6, 7}, {3, 5}, {2, 4}], [{8, 1}, {6, 7}, {4, 5}, {2, 3}], [{8, 1}, {6, 7}, {5}, {3, 4}, {2}], [{8, 1}, {7}, {4, 6}, {3, 5}, {2}], [{8, 1}, {7}, {5, 6}, {4}, {2, 3}], [{8, 2}, {1, 7}, {3, 6}, {4, 5}], [{8, 2}, {1, 7}, {4, 6}, {3, 5}], [{8, 2}, {1, 7}, {4, 6}, {5}, {3}], [{8, 2}, {1, 7}, {5, 6}, {3, 4}], [{8, 2}, {3, 7}, {1, 6}, {4, 5}], [{8, 2}, {3, 7}, {4, 6}, {1, 5}], [{8, 2}, {3, 7}, {5, 6}, {1, 4}], [{8, 2}, {4, 7}, {1, 6}, {3, 5}], [{8, 2}, {4, 7}, {3, 6}, {1, 5}], [{8, 2}, {4, 7}, {3, 6}, {5}, {1}], [{8, 2}, {4, 7}, {5, 6}, {1, 3}], [{8, 2}, {4, 7}, {5, 6}, {3}, {1}], [{8, 2}, {4, 7}, {6}, {3, 5}, {1}], [{8, 2}, {5, 7}, {1, 6}, {3, 4}], [{8, 2}, {5, 7}, {3, 6}, {1, 4}], [{8, 2}, {5, 7}, {4, 6}, {1, 3}], [{8, 2}, {5, 7}, {6}, {1, 4}, {3}], [{8, 2}, {6, 7}, {1, 5}, {3, 4}], [{8, 2}, {6, 7}, {3, 5}, {1, 4}], [{8, 2}, {6, 7}, {4, 5}, {1, 3}], [{8, 2}, {6, 7}, {4, 5}, {3}, {1}], [{8, 2}, {7}, {5, 6}, {4}, {1, 3}], [{8, 3}, {1, 7}, {2, 6}, {4, 5}], [{8, 3}, {1, 7}, {4, 6}, {2, 5}], [{8, 3}, {1, 7}, {5, 6}, {2, 4}], [{8, 3}, {1, 7}, {5, 6}, {4}, {2}], [{8, 3}, {2, 7}, {1, 6}, {4, 5}], [{8, 3}, {2, 7}, {4, 6}, {1, 5}], [{8, 3}, {2, 7}, {5, 6}, {1, 4}], [{8, 3}, {2, 7}, {5, 6}, {4}, {1}], [{8, 3}, {4, 7}, {1, 6}, {2, 5}], [{8, 3}, {4, 7}, {2, 6}, {1, 5}], [{8, 3}, {4, 7}, {2, 6}, {5}, {1}], [{8, 3}, {4, 7}, {5, 6}, {1, 2}], [{8, 3}, {4, 7}, {5, 6}, {2}, {1}], [{8, 3}, {4, 7}, {6}, {2, 5}, {1}], [{8, 3}, {5, 7}, {1, 6}, {2, 4}], [{8, 3}, {5, 7}, {2, 6}, {1, 4}], [{8, 3}, {5, 7}, {4, 6}, {1, 2}], [{8, 3}, {6, 7}, {1, 5}, {2, 4}], [{8, 3}, {6, 7}, {2, 5}, {1, 4}], [{8, 3}, {6, 7}, {4, 5}, {1, 2}], [{8, 3}, {7}, {5, 6}, {1, 4}, {2}], [{8, 3}, {7}, {5, 6}, {2, 4}, {1}], [{8, 3}, {7}, {5, 6}, {4}, {1, 2}], [{8, 3}, {7}, {5, 6}, {4}, {2}, {1}], [{8, 4}, {1, 7}, {2, 6}, {3, 5}], [{8, 4}, {1, 7}, {3, 6}, {2, 5}], [{8, 4}, {1, 7}, {3, 6}, {5}, {2}], [{8, 4}, {1, 7}, {5, 6}, {2, 3}], [{8, 4}, {2, 7}, {1, 6}, {3, 5}], [{8, 4}, {2, 7}, {3, 6}, {1, 5}], [{8, 4}, {2, 7}, {5, 6}, {1, 3}], [{8, 4}, {3, 7}, {1, 6}, {2, 5}], [{8, 4}, {3, 7}, {2, 6}, {1, 5}], [{8, 4}, {3, 7}, {2, 6}, {5}, {1}], [{8, 4}, {3, 7}, {5, 6}, {1, 2}], [{8, 4}, {3, 7}, {5, 6}, {2}, {1}], [{8, 4}, {3, 7}, {6}, {2, 5}, {1}], [{8, 4}, {5, 7}, {1, 6}, {2, 3}], [{8, 4}, {5, 7}, {2, 6}, {1, 3}], [{8, 4}, {5, 7}, {3, 6}, {1, 2}], [{8, 4}, {5, 7}, {6}, {3}, {1, 2}], [{8, 4}, {6, 7}, {1, 5}, {2, 3}], [{8, 4}, {6, 7}, {2, 5}, {1, 3}], [{8, 4}, {6, 7}, {3, 5}, {1, 2}], [{8, 4}, {6, 7}, {5}, {1, 3}, {2}], [{8, 4}, {7}, {6}, {1, 5}, {2, 3}], [{8, 5}, {1, 7}, {2, 6}, {3, 4}], [{8, 5}, {1, 7}, {2, 6}, {4}, {3}], [{8, 5}, {1, 7}, {3, 6}, {2, 4}], [{8, 5}, {1, 7}, {4, 6}, {2, 3}], [{8, 5}, {2, 7}, {1, 6}, {3, 4}], [{8, 5}, {2, 7}, {1, 6}, {4}, {3}], [{8, 5}, {2, 7}, {3, 6}, {1, 4}], [{8, 5}, {2, 7}, {4, 6}, {1, 3}], [{8, 5}, {3, 7}, {1, 6}, {2, 4}], [{8, 5}, {3, 7}, {2, 6}, {1, 4}], [{8, 5}, {3, 7}, {4, 6}, {1, 2}], [{8, 5}, {4, 7}, {1, 6}, {2, 3}], [{8, 5}, {4, 7}, {2, 6}, {1, 3}], [{8, 5}, {4, 7}, {3, 6}, {1, 2}], [{8, 5}, {6, 7}, {1, 4}, {2, 3}], [{8, 5}, {6, 7}, {1, 4}, {3}, {2}], [{8, 5}, {6, 7}, {2, 4}, {1, 3}], [{8, 5}, {6, 7}, {3, 4}, {1, 2}], [{8, 5}, {7}, {4, 6}, {3}, {1, 2}], [{8, 5}, {7}, {6}, {1, 4}, {2, 3}], [{8, 6}, {1, 7}, {2, 5}, {3, 4}], [{8, 6}, {1, 7}, {3, 5}, {2, 4}], [{8, 6}, {1, 7}, {3, 5}, {4}, {2}], [{8, 6}, {1, 7}, {4, 5}, {2, 3}], [{8, 6}, {1, 7}, {4, 5}, {3}, {2}], [{8, 6}, {1, 7}, {5}, {3, 4}, {2}], [{8, 6}, {2, 7}, {1, 5}, {3, 4}], [{8, 6}, {2, 7}, {3, 5}, {1, 4}], [{8, 6}, {2, 7}, {4, 5}, {1, 3}], [{8, 6}, {3, 7}, {1, 5}, {2, 4}], [{8, 6}, {3, 7}, {2, 5}, {1, 4}], [{8, 6}, {3, 7}, {4, 5}, {1, 2}], [{8, 6}, {3, 7}, {5}, {1, 4}, {2}], [{8, 6}, {3, 7}, {5}, {2, 4}, {1}], [{8, 6}, {3, 7}, {5}, {4}, {1, 2}], [{8, 6}, {4, 7}, {1, 5}, {2, 3}], [{8, 6}, {4, 7}, {2, 5}, {1, 3}], [{8, 6}, {4, 7}, {3, 5}, {1, 2}], [{8, 6}, {5, 7}, {1, 4}, {2, 3}], [{8, 6}, {5, 7}, {2, 4}, {1, 3}], [{8, 6}, {5, 7}, {3, 4}, {1, 2}], [{8, 6}, {5, 7}, {4}, {2, 3}, {1}], [{8, 7}, {1, 6}, {2, 5}, {3, 4}], [{8, 7}, {1, 6}, {3, 5}, {2, 4}], [{8, 7}, {1, 6}, {4, 5}, {2, 3}], [{8, 7}, {1, 6}, {5}, {3, 4}, {2}], [{8, 7}, {2, 6}, {1, 5}, {3, 4}], [{8, 7}, {2, 6}, {1, 5}, {4}, {3}], [{8, 7}, {2, 6}, {3, 5}, {1, 4}], [{8, 7}, {2, 6}, {3, 5}, {4}, {1}], [{8, 7}, {2, 6}, {4, 5}, {1, 3}], [{8, 7}, {2, 6}, {4, 5}, {3}, {1}], [{8, 7}, {2, 6}, {5}, {1, 4}, {3}], [{8, 7}, {2, 6}, {5}, {3, 4}, {1}], [{8, 7}, {2, 6}, {5}, {4}, {1, 3}], [{8, 7}, {2, 6}, {5}, {4}, {3}, {1}], [{8, 7}, {3, 6}, {1, 5}, {2, 4}], [{8, 7}, {3, 6}, {2, 5}, {1, 4}], [{8, 7}, {3, 6}, {4, 5}, {1, 2}], [{8, 7}, {3, 6}, {5}, {2, 4}, {1}], [{8, 7}, {4, 6}, {1, 5}, {2, 3}], [{8, 7}, {4, 6}, {2, 5}, {1, 3}], [{8, 7}, {4, 6}, {3, 5}, {1, 2}], [{8, 7}, {4, 6}, {5}, {2, 3}, {1}], [{8, 7}, {5, 6}, {1, 4}, {2, 3}], [{8, 7}, {5, 6}, {2, 4}, {1, 3}], [{8, 7}, {5, 6}, {3, 4}, {1, 2}], [{8, 7}, {5, 6}, {3, 4}, {2}, {1}], [{8, 7}, {6}, {1, 5}, {3, 4}, {2}], [{8, 7}, {6}, {2, 5}, {3, 4}, {1}], [{8, 7}, {6}, {5}, {3, 4}, {1, 2}], [{8, 7}, {6}, {5}, {3, 4}, {2}, {1}], [{8}, {2, 7}, {6}, {3, 5}, {1, 4}], [{8}, {4, 7}, {5, 6}, {1, 3}, {2}], [{8}, {4, 7}, {5, 6}, {2, 3}, {1}], [{8}, {4, 7}, {5, 6}, {3}, {1, 2}], [{8}, {4, 7}, {5, 6}, {3}, {2}, {1}], [{8}, {6, 7}, {3, 5}, {2, 4}, {1}], [{8}, {7}, {1, 6}, {4, 5}, {2, 3}]]",2,- 8 K_1^4 + 8 K_1^3 + 16 K_1^2 K_2 - 14 K_1^2 - 16 K_1 K_2 - 8 K_1 K_3 + 2 K_1 - 6 K_2^2 + 7 K_2 + 6 K_3 + 4 K_4 + 10,O1O2O3O4U1U5O6U4O7O8U7U3U6U8O5U2,O1O2O3O4U1U4O5U2O6O7U5U3U8U7O8U6,O1O2O3O4U5O6U7U6U2U8O7O5U3O8U1U4,c,{'O1O2O3O4U3O5U6U7U2U8O6O8U1O7U5U4'},1,"<a href=""/flatknot/8.733895"">8.733895</a>",t^9-87t^7-262t^6+109t^5+886t^4+295t^3-754t^2-381t+32,-t^2+2t,,
8.733896,O1O2O3O4U3O5U6U7U2U8O6O8U4O7U1U5,4,16z^2+93z+123,16w^3z^2+93w^2z+123w,False,False,"[[ 0 -1  0 -1  2  3 -3 -1  1],[ 1  0  1 -1  3  3 -2  0  2],[ 0 -1  0  0  1  0  0  0  1],[ 1  1  0  0  1  1  1  0  1],[-2 -3 -1 -1  0  0 -3 -1 -1],[-3 -3  0 -1  0  0 -5 -2 -2],[ 3  2  0 -1  3  5  0  0  3],[ 1  0  0  0  1  2  0  0  2],[-1 -2 -1 -1  1  2 -3 -2  0]]","[[ 0  3  2  1  0 -1 -1 -1 -3],[-3  0  0 -2  0 -1 -2 -3 -5],[-2  0  0 -1 -1 -1 -1 -3 -3],[-1  2  1  0 -1 -1 -2 -2 -3],[ 0  0  1  1  0  0  0 -1  0],[ 1  1  1  1  0  0  0  1  1],[ 1  2  1  2  0  0  0  0  0],[ 1  3  3  2  1 -1  0  0 -2],[ 3  5  3  3  0 -1  0  2  0]]",True,"[-3,-2,-1,0,1,1,1,3,0,2,0,1,2,3,5,1,1,1,1,3,3,1,1,2,2,3,0,0,1,0,0,-1,-1,0,0,2]","[-3,-2,-1,0,1,1,1,3,0,2,0,1,2,3,5,1,1,1,1,3,3,1,1,2,2,3,0,0,1,0,0,-1,-1,0,0,2]",t^8+91t^6+394t^4+215t^2,"[-3,-1,-1,-1,0,1,2,3,0,2,3,3,1,2,1,0,1,0,0,0,1,0,1,0,2,2,1,1,2,3,0,1,3,0,0,1]","[-3,-2,-1,0,1,1,1,3,1,0,3,1,2,3,1,0,1,0,2,2,2,0,0,0,1,1,0,1,1,3,0,-1,0,0,2,3]","[-3,-1,-1,-1,0,1,2,3,-1,0,2,0,3,3,5,0,1,0,1,1,1,0,0,2,1,2,1,2,3,3,1,1,0,1,2,0]",c,"[[{8, 1}, {2, 7}, {3, 6}, {4, 5}], [{8, 1}, {2, 7}, {4, 6}, {3, 5}], [{8, 1}, {2, 7}, {5, 6}, {3, 4}], [{8, 1}, {2, 7}, {5, 6}, {4}, {3}], [{8, 1}, {3, 7}, {2, 6}, {4, 5}], [{8, 1}, {3, 7}, {2, 6}, {5}, {4}], [{8, 1}, {3, 7}, {4, 6}, {2, 5}], [{8, 1}, {3, 7}, {5, 6}, {2, 4}], [{8, 1}, {3, 7}, {5, 6}, {4}, {2}], [{8, 1}, {3, 7}, {6}, {2, 5}, {4}], [{8, 1}, {4, 7}, {2, 6}, {3, 5}], [{8, 1}, {4, 7}, {2, 6}, {5}, {3}], [{8, 1}, {4, 7}, {3, 6}, {2, 5}], [{8, 1}, {4, 7}, {5, 6}, {2, 3}], [{8, 1}, {4, 7}, {5, 6}, {3}, {2}], [{8, 1}, {4, 7}, {6}, {2, 5}, {3}], [{8, 1}, {5, 7}, {2, 6}, {3, 4}], [{8, 1}, {5, 7}, {2, 6}, {4}, {3}], [{8, 1}, {5, 7}, {3, 6}, {2, 4}], [{8, 1}, {5, 7}, {4, 6}, {2, 3}], [{8, 1}, {6, 7}, {2, 5}, {3, 4}], [{8, 1}, {6, 7}, {2, 5}, {4}, {3}], [{8, 1}, {6, 7}, {3, 5}, {2, 4}], [{8, 1}, {6, 7}, {4, 5}, {2, 3}], [{8, 1}, {7}, {2, 6}, {3, 5}, {4}], [{8, 1}, {7}, {2, 6}, {4, 5}, {3}], [{8, 1}, {7}, {2, 6}, {5}, {3, 4}], [{8, 1}, {7}, {2, 6}, {5}, {4}, {3}], [{8, 1}, {7}, {3, 6}, {2, 5}, {4}], [{8, 1}, {7}, {4, 6}, {2, 5}, {3}], [{8, 1}, {7}, {5, 6}, {2, 4}, {3}], [{8, 1}, {7}, {5, 6}, {3, 4}, {2}], [{8, 1}, {7}, {5, 6}, {4}, {2, 3}], [{8, 1}, {7}, {5, 6}, {4}, {3}, {2}], [{8, 1}, {7}, {6}, {2, 5}, {3, 4}], [{8, 1}, {7}, {6}, {2, 5}, {4}, {3}], [{8, 2}, {1, 7}, {3, 6}, {4, 5}], [{8, 2}, {1, 7}, {4, 6}, {3, 5}], [{8, 2}, {1, 7}, {5, 6}, {3, 4}], [{8, 2}, {3, 7}, {1, 6}, {4, 5}], [{8, 2}, {3, 7}, {1, 6}, {5}, {4}], [{8, 2}, {3, 7}, {4, 6}, {1, 5}], [{8, 2}, {3, 7}, {5, 6}, {1, 4}], [{8, 2}, {3, 7}, {5, 6}, {4}, {1}], [{8, 2}, {3, 7}, {6}, {1, 5}, {4}], [{8, 2}, {4, 7}, {1, 6}, {3, 5}], [{8, 2}, {4, 7}, {1, 6}, {5}, {3}], [{8, 2}, {4, 7}, {3, 6}, {1, 5}], [{8, 2}, {4, 7}, {3, 6}, {5}, {1}], [{8, 2}, {4, 7}, {5, 6}, {1, 3}], [{8, 2}, {4, 7}, {5, 6}, {3}, {1}], [{8, 2}, {4, 7}, {6}, {1, 5}, {3}], [{8, 2}, {4, 7}, {6}, {3, 5}, {1}], [{8, 2}, {4, 7}, {6}, {5}, {1, 3}], [{8, 2}, {5, 7}, {1, 6}, {3, 4}], [{8, 2}, {5, 7}, {3, 6}, {1, 4}], [{8, 2}, {5, 7}, {4, 6}, {1, 3}], [{8, 2}, {6, 7}, {1, 5}, {3, 4}], [{8, 2}, {6, 7}, {3, 5}, {1, 4}], [{8, 2}, {6, 7}, {4, 5}, {1, 3}], [{8, 2}, {6, 7}, {5}, {1, 4}, {3}], [{8, 2}, {7}, {1, 6}, {5}, {3, 4}], [{8, 2}, {7}, {5, 6}, {3, 4}, {1}], [{8, 2}, {7}, {6}, {1, 5}, {3, 4}], [{8, 3}, {1, 7}, {2, 6}, {4, 5}], [{8, 3}, {1, 7}, {4, 6}, {2, 5}], [{8, 3}, {1, 7}, {5, 6}, {2, 4}], [{8, 3}, {1, 7}, {5, 6}, {4}, {2}], [{8, 3}, {2, 7}, {1, 6}, {4, 5}], [{8, 3}, {2, 7}, {4, 6}, {1, 5}], [{8, 3}, {2, 7}, {5, 6}, {1, 4}], [{8, 3}, {2, 7}, {6}, {5}, {1, 4}], [{8, 3}, {4, 7}, {1, 6}, {2, 5}], [{8, 3}, {4, 7}, {2, 6}, {1, 5}], [{8, 3}, {4, 7}, {5, 6}, {1, 2}], [{8, 3}, {4, 7}, {5, 6}, {2}, {1}], [{8, 3}, {5, 7}, {1, 6}, {2, 4}], [{8, 3}, {5, 7}, {1, 6}, {4}, {2}], [{8, 3}, {5, 7}, {2, 6}, {1, 4}], [{8, 3}, {5, 7}, {4, 6}, {1, 2}], [{8, 3}, {6, 7}, {1, 5}, {2, 4}], [{8, 3}, {6, 7}, {2, 5}, {1, 4}], [{8, 3}, {6, 7}, {4, 5}, {1, 2}], [{8, 3}, {7}, {4, 6}, {1, 5}, {2}], [{8, 3}, {7}, {5, 6}, {1, 4}, {2}], [{8, 4}, {1, 7}, {2, 6}, {3, 5}], [{8, 4}, {1, 7}, {3, 6}, {2, 5}], [{8, 4}, {1, 7}, {3, 6}, {5}, {2}], [{8, 4}, {1, 7}, {5, 6}, {2, 3}], [{8, 4}, {1, 7}, {5, 6}, {3}, {2}], [{8, 4}, {1, 7}, {6}, {3, 5}, {2}], [{8, 4}, {2, 7}, {1, 6}, {3, 5}], [{8, 4}, {2, 7}, {3, 6}, {1, 5}], [{8, 4}, {2, 7}, {5, 6}, {1, 3}], [{8, 4}, {3, 7}, {1, 6}, {2, 5}], [{8, 4}, {3, 7}, {2, 6}, {1, 5}], [{8, 4}, {3, 7}, {5, 6}, {1, 2}], [{8, 4}, {3, 7}, {5, 6}, {2}, {1}], [{8, 4}, {5, 7}, {1, 6}, {2, 3}], [{8, 4}, {5, 7}, {2, 6}, {1, 3}], [{8, 4}, {5, 7}, {3, 6}, {1, 2}], [{8, 4}, {5, 7}, {6}, {1, 3}, {2}], [{8, 4}, {5, 7}, {6}, {2, 3}, {1}], [{8, 4}, {5, 7}, {6}, {3}, {1, 2}], [{8, 4}, {6, 7}, {1, 5}, {2, 3}], [{8, 4}, {6, 7}, {2, 5}, {1, 3}], [{8, 4}, {6, 7}, {3, 5}, {1, 2}], [{8, 4}, {6, 7}, {5}, {1, 3}, {2}], [{8, 4}, {7}, {1, 6}, {5}, {2, 3}], [{8, 4}, {7}, {5, 6}, {1, 3}, {2}], [{8, 5}, {1, 7}, {2, 6}, {3, 4}], [{8, 5}, {1, 7}, {3, 6}, {2, 4}], [{8, 5}, {1, 7}, {4, 6}, {2, 3}], [{8, 5}, {1, 7}, {6}, {2, 4}, {3}], [{8, 5}, {2, 7}, {1, 6}, {3, 4}], [{8, 5}, {2, 7}, {1, 6}, {4}, {3}], [{8, 5}, {2, 7}, {3, 6}, {1, 4}], [{8, 5}, {2, 7}, {4, 6}, {1, 3}], [{8, 5}, {3, 7}, {1, 6}, {2, 4}], [{8, 5}, {3, 7}, {2, 6}, {1, 4}], [{8, 5}, {3, 7}, {4, 6}, {1, 2}], [{8, 5}, {3, 7}, {6}, {1, 4}, {2}], [{8, 5}, {4, 7}, {1, 6}, {2, 3}], [{8, 5}, {4, 7}, {2, 6}, {1, 3}], [{8, 5}, {4, 7}, {3, 6}, {1, 2}], [{8, 5}, {6, 7}, {1, 4}, {2, 3}], [{8, 5}, {6, 7}, {2, 4}, {1, 3}], [{8, 5}, {6, 7}, {3, 4}, {1, 2}], [{8, 6}, {1, 7}, {2, 5}, {3, 4}], [{8, 6}, {1, 7}, {3, 5}, {2, 4}], [{8, 6}, {1, 7}, {3, 5}, {4}, {2}], [{8, 6}, {1, 7}, {4, 5}, {2, 3}], [{8, 6}, {2, 7}, {1, 5}, {3, 4}], [{8, 6}, {2, 7}, {3, 5}, {1, 4}], [{8, 6}, {2, 7}, {4, 5}, {1, 3}], [{8, 6}, {3, 7}, {1, 5}, {2, 4}], [{8, 6}, {3, 7}, {2, 5}, {1, 4}], [{8, 6}, {3, 7}, {4, 5}, {1, 2}], [{8, 6}, {3, 7}, {5}, {1, 4}, {2}], [{8, 6}, {4, 7}, {1, 5}, {2, 3}], [{8, 6}, {4, 7}, {2, 5}, {1, 3}], [{8, 6}, {4, 7}, {3, 5}, {1, 2}], [{8, 6}, {5, 7}, {1, 4}, {2, 3}], [{8, 6}, {5, 7}, {2, 4}, {1, 3}], [{8, 6}, {5, 7}, {3, 4}, {1, 2}], [{8, 6}, {5, 7}, {4}, {1, 3}, {2}], [{8, 6}, {5, 7}, {4}, {2, 3}, {1}], [{8, 6}, {5, 7}, {4}, {3}, {1, 2}], [{8, 6}, {7}, {1, 5}, {2, 4}, {3}], [{8, 7}, {1, 6}, {2, 5}, {3, 4}], [{8, 7}, {1, 6}, {3, 5}, {2, 4}], [{8, 7}, {1, 6}, {4, 5}, {2, 3}], [{8, 7}, {1, 6}, {5}, {3, 4}, {2}], [{8, 7}, {2, 6}, {1, 5}, {3, 4}], [{8, 7}, {2, 6}, {3, 5}, {1, 4}], [{8, 7}, {2, 6}, {4, 5}, {1, 3}], [{8, 7}, {3, 6}, {1, 5}, {2, 4}], [{8, 7}, {3, 6}, {2, 5}, {1, 4}], [{8, 7}, {3, 6}, {4, 5}, {1, 2}], [{8, 7}, {4, 6}, {1, 5}, {2, 3}], [{8, 7}, {4, 6}, {2, 5}, {1, 3}], [{8, 7}, {4, 6}, {3, 5}, {1, 2}], [{8, 7}, {5, 6}, {1, 4}, {2, 3}], [{8, 7}, {5, 6}, {1, 4}, {3}, {2}], [{8, 7}, {5, 6}, {2, 4}, {1, 3}], [{8, 7}, {5, 6}, {3, 4}, {1, 2}], [{8, 7}, {5, 6}, {3, 4}, {2}, {1}], [{8, 7}, {5, 6}, {4}, {1, 3}, {2}], [{8, 7}, {6}, {1, 5}, {3, 4}, {2}], [{8}, {1, 7}, {4, 6}, {3, 5}, {2}], [{8}, {1, 7}, {5, 6}, {3, 4}, {2}], [{8}, {2, 7}, {1, 6}, {5}, {3, 4}], [{8}, {2, 7}, {3, 6}, {4, 5}, {1}], [{8}, {2, 7}, {4, 6}, {3, 5}, {1}], [{8}, {2, 7}, {5, 6}, {3, 4}, {1}], [{8}, {2, 7}, {6}, {1, 5}, {3, 4}], [{8}, {3, 7}, {4, 6}, {5}, {1, 2}], [{8}, {3, 7}, {5, 6}, {1, 4}, {2}], [{8}, {3, 7}, {5, 6}, {2, 4}, {1}], [{8}, {3, 7}, {5, 6}, {4}, {1, 2}], [{8}, {3, 7}, {5, 6}, {4}, {2}, {1}], [{8}, {3, 7}, {6}, {4, 5}, {1, 2}], [{8}, {4, 7}, {1, 6}, {3, 5}, {2}], [{8}, {4, 7}, {3, 6}, {1, 5}, {2}], [{8}, {4, 7}, {5, 6}, {1, 3}, {2}], [{8}, {4, 7}, {5, 6}, {2, 3}, {1}], [{8}, {4, 7}, {5, 6}, {3}, {1, 2}], [{8}, {4, 7}, {5, 6}, {3}, {2}, {1}], [{8}, {5, 7}, {1, 6}, {2, 4}, {3}], [{8}, {5, 7}, {3, 6}, {1, 4}, {2}], [{8}, {5, 7}, {4, 6}, {1, 3}, {2}], [{8}, {5, 7}, {4, 6}, {2, 3}, {1}], [{8}, {5, 7}, {4, 6}, {3}, {1, 2}], [{8}, {6, 7}, {4, 5}, {2, 3}, {1}], [{8}, {7}, {4, 6}, {3, 5}, {1, 2}], [{8}, {7}, {5, 6}, {3, 4}, {1, 2}], [{8}, {7}, {5, 6}, {3, 4}, {2}, {1}]]",2,16 K_1^3 + 12 K_1^2 K_2 - 26 K_1^2 - 20 K_1 K_2 - 12 K_1 K_3 - 2 K_1 - 4 K_2^2 + 13 K_2 + 6 K_3 + 5 K_4 + 13,O1O2O3O4U5U4O6U1O7O8U7U3U6U8O5U2,O1O2O3O4U1U4O5U2O6O7U6U3U8U5O8U7,O1O2O3O4U5O6U7U6U2U8O5O8U3O7U1U4,c,{'O1O2O3O4U3O5U6U7U2U8O6O8U4O7U1U5'},1,"<a href=""/flatknot/8.733896"">8.733896</a>",t^9-89t^7-318t^6-41t^5+836t^4+555t^3-336t^2-425t-106,-t^2+2t,,
8.733897,O1O2O3O4U3O5U6U7U2U8O6O8U5O7U1U4,4,8z^3+47z^2+100z+77,8w^4z^3+47w^3z^2+100w^2z+77w,False,False,"[[ 0 -1  0 -1  3  2 -3 -1  1],[ 1  0  1  0  3  2 -2  0  2],[ 0 -1  0  0  1  0  0  0  1],[ 1  0  0  0  1  0  1  1  1],[-3 -3 -1 -1  0  1 -5 -3 -2],[-2 -2  0  0 -1  0 -3 -1 -1],[ 3  2  0 -1  5  3  0  0  3],[ 1  0  0 -1  3  1  0  0  2],[-1 -2 -1 -1  2  1 -3 -2  0]]","[[ 0  3  2  1  0 -1 -1 -1 -3],[-3  0  1 -2 -1 -1 -3 -3 -5],[-2 -1  0 -1  0  0 -1 -2 -3],[-1  2  1  0 -1 -1 -2 -2 -3],[ 0  1  0  1  0  0  0 -1  0],[ 1  1  0  1  0  0  1  0  1],[ 1  3  1  2  0 -1  0  0  0],[ 1  3  2  2  1  0  0  0 -2],[ 3  5  3  3  0 -1  0  2  0]]",True,"[-3,-2,-1,0,1,1,1,3,-1,2,1,1,3,3,5,1,0,0,1,2,3,1,1,2,2,3,0,0,1,0,-1,0,-1,0,0,2]","[-3,-2,-1,0,1,1,1,3,-1,2,1,1,3,3,5,1,0,0,1,2,3,1,1,2,2,3,0,0,1,0,-1,0,-1,0,0,2]",t^8+91t^6+401t^4+97t^2+4,"[-3,-1,-1,-1,0,1,2,3,0,2,3,3,1,2,1,0,0,0,0,1,1,1,1,0,2,1,1,1,3,3,0,2,2,0,0,2]","[-3,-2,-1,0,1,1,1,3,2,0,2,1,1,3,1,0,2,1,2,3,2,0,0,0,1,1,0,1,1,3,0,0,0,-1,2,3]","[-3,-1,-1,-1,0,1,2,3,-1,0,2,0,3,3,5,1,0,0,1,0,1,0,0,2,1,3,1,2,2,3,1,0,1,1,2,-1]",c,"[[{8, 1}, {2, 7}, {3, 6}, {4, 5}], [{8, 1}, {2, 7}, {3, 6}, {5}, {4}], [{8, 1}, {2, 7}, {4, 6}, {3, 5}], [{8, 1}, {2, 7}, {5, 6}, {3, 4}], [{8, 1}, {3, 7}, {2, 6}, {4, 5}], [{8, 1}, {3, 7}, {4, 6}, {2, 5}], [{8, 1}, {3, 7}, {4, 6}, {5}, {2}], [{8, 1}, {3, 7}, {5, 6}, {2, 4}], [{8, 1}, {4, 7}, {2, 6}, {3, 5}], [{8, 1}, {4, 7}, {3, 6}, {2, 5}], [{8, 1}, {4, 7}, {3, 6}, {5}, {2}], [{8, 1}, {4, 7}, {5, 6}, {2, 3}], [{8, 1}, {5, 7}, {2, 6}, {3, 4}], [{8, 1}, {5, 7}, {3, 6}, {2, 4}], [{8, 1}, {5, 7}, {4, 6}, {2, 3}], [{8, 1}, {5, 7}, {4, 6}, {3}, {2}], [{8, 1}, {6, 7}, {2, 5}, {3, 4}], [{8, 1}, {6, 7}, {3, 5}, {2, 4}], [{8, 1}, {6, 7}, {4, 5}, {2, 3}], [{8, 1}, {7}, {2, 6}, {5}, {3, 4}], [{8, 1}, {7}, {3, 6}, {5}, {2, 4}], [{8, 1}, {7}, {4, 6}, {3, 5}, {2}], [{8, 1}, {7}, {5, 6}, {3, 4}, {2}], [{8, 1}, {7}, {6}, {2, 5}, {3, 4}], [{8, 2}, {1, 7}, {3, 6}, {4, 5}], [{8, 2}, {1, 7}, {4, 6}, {3, 5}], [{8, 2}, {1, 7}, {5, 6}, {3, 4}], [{8, 2}, {1, 7}, {5, 6}, {4}, {3}], [{8, 2}, {3, 7}, {1, 6}, {4, 5}], [{8, 2}, {3, 7}, {4, 6}, {1, 5}], [{8, 2}, {3, 7}, {4, 6}, {5}, {1}], [{8, 2}, {3, 7}, {5, 6}, {1, 4}], [{8, 2}, {4, 7}, {1, 6}, {3, 5}], [{8, 2}, {4, 7}, {3, 6}, {1, 5}], [{8, 2}, {4, 7}, {5, 6}, {1, 3}], [{8, 2}, {4, 7}, {6}, {3, 5}, {1}], [{8, 2}, {5, 7}, {1, 6}, {3, 4}], [{8, 2}, {5, 7}, {3, 6}, {1, 4}], [{8, 2}, {5, 7}, {3, 6}, {4}, {1}], [{8, 2}, {5, 7}, {4, 6}, {1, 3}], [{8, 2}, {6, 7}, {1, 5}, {3, 4}], [{8, 2}, {6, 7}, {3, 5}, {1, 4}], [{8, 2}, {6, 7}, {4, 5}, {1, 3}], [{8, 2}, {6, 7}, {4, 5}, {3}, {1}], [{8, 2}, {6, 7}, {5}, {4}, {1, 3}], [{8, 2}, {7}, {1, 6}, {5}, {3, 4}], [{8, 2}, {7}, {5, 6}, {3, 4}, {1}], [{8, 2}, {7}, {6}, {1, 5}, {3, 4}], [{8, 3}, {1, 7}, {2, 6}, {4, 5}], [{8, 3}, {1, 7}, {4, 6}, {2, 5}], [{8, 3}, {1, 7}, {5, 6}, {2, 4}], [{8, 3}, {1, 7}, {5, 6}, {4}, {2}], [{8, 3}, {2, 7}, {1, 6}, {4, 5}], [{8, 3}, {2, 7}, {4, 6}, {1, 5}], [{8, 3}, {2, 7}, {5, 6}, {1, 4}], [{8, 3}, {4, 7}, {1, 6}, {2, 5}], [{8, 3}, {4, 7}, {2, 6}, {1, 5}], [{8, 3}, {4, 7}, {5, 6}, {1, 2}], [{8, 3}, {4, 7}, {6}, {2, 5}, {1}], [{8, 3}, {5, 7}, {1, 6}, {2, 4}], [{8, 3}, {5, 7}, {1, 6}, {4}, {2}], [{8, 3}, {5, 7}, {2, 6}, {1, 4}], [{8, 3}, {5, 7}, {4, 6}, {1, 2}], [{8, 3}, {6, 7}, {1, 5}, {2, 4}], [{8, 3}, {6, 7}, {2, 5}, {1, 4}], [{8, 3}, {6, 7}, {4, 5}, {1, 2}], [{8, 3}, {6, 7}, {5}, {1, 4}, {2}], [{8, 4}, {1, 7}, {2, 6}, {3, 5}], [{8, 4}, {1, 7}, {3, 6}, {2, 5}], [{8, 4}, {1, 7}, {3, 6}, {5}, {2}], [{8, 4}, {1, 7}, {5, 6}, {2, 3}], [{8, 4}, {1, 7}, {5, 6}, {3}, {2}], [{8, 4}, {1, 7}, {6}, {3, 5}, {2}], [{8, 4}, {2, 7}, {1, 6}, {3, 5}], [{8, 4}, {2, 7}, {3, 6}, {1, 5}], [{8, 4}, {2, 7}, {5, 6}, {1, 3}], [{8, 4}, {3, 7}, {1, 6}, {2, 5}], [{8, 4}, {3, 7}, {2, 6}, {1, 5}], [{8, 4}, {3, 7}, {2, 6}, {5}, {1}], [{8, 4}, {3, 7}, {5, 6}, {1, 2}], [{8, 4}, {5, 7}, {1, 6}, {2, 3}], [{8, 4}, {5, 7}, {2, 6}, {1, 3}], [{8, 4}, {5, 7}, {3, 6}, {1, 2}], [{8, 4}, {6, 7}, {1, 5}, {2, 3}], [{8, 4}, {6, 7}, {2, 5}, {1, 3}], [{8, 4}, {6, 7}, {3, 5}, {1, 2}], [{8, 5}, {1, 7}, {2, 6}, {3, 4}], [{8, 5}, {1, 7}, {3, 6}, {2, 4}], [{8, 5}, {1, 7}, {4, 6}, {2, 3}], [{8, 5}, {1, 7}, {6}, {3, 4}, {2}], [{8, 5}, {2, 7}, {1, 6}, {3, 4}], [{8, 5}, {2, 7}, {3, 6}, {1, 4}], [{8, 5}, {2, 7}, {4, 6}, {1, 3}], [{8, 5}, {3, 7}, {1, 6}, {2, 4}], [{8, 5}, {3, 7}, {2, 6}, {1, 4}], [{8, 5}, {3, 7}, {4, 6}, {1, 2}], [{8, 5}, {3, 7}, {6}, {1, 4}, {2}], [{8, 5}, {4, 7}, {1, 6}, {2, 3}], [{8, 5}, {4, 7}, {2, 6}, {1, 3}], [{8, 5}, {4, 7}, {3, 6}, {1, 2}], [{8, 5}, {4, 7}, {6}, {1, 3}, {2}], [{8, 5}, {6, 7}, {1, 4}, {2, 3}], [{8, 5}, {6, 7}, {2, 4}, {1, 3}], [{8, 5}, {6, 7}, {3, 4}, {1, 2}], [{8, 5}, {7}, {1, 6}, {4}, {2, 3}], [{8, 6}, {1, 7}, {2, 5}, {3, 4}], [{8, 6}, {1, 7}, {3, 5}, {2, 4}], [{8, 6}, {1, 7}, {4, 5}, {2, 3}], [{8, 6}, {1, 7}, {5}, {3, 4}, {2}], [{8, 6}, {2, 7}, {1, 5}, {3, 4}], [{8, 6}, {2, 7}, {3, 5}, {1, 4}], [{8, 6}, {2, 7}, {4, 5}, {1, 3}], [{8, 6}, {2, 7}, {5}, {4}, {1, 3}], [{8, 6}, {3, 7}, {1, 5}, {2, 4}], [{8, 6}, {3, 7}, {2, 5}, {1, 4}], [{8, 6}, {3, 7}, {4, 5}, {1, 2}], [{8, 6}, {3, 7}, {5}, {1, 4}, {2}], [{8, 6}, {4, 7}, {1, 5}, {2, 3}], [{8, 6}, {4, 7}, {2, 5}, {1, 3}], [{8, 6}, {4, 7}, {3, 5}, {1, 2}], [{8, 6}, {4, 7}, {5}, {1, 3}, {2}], [{8, 6}, {5, 7}, {1, 4}, {2, 3}], [{8, 6}, {5, 7}, {2, 4}, {1, 3}], [{8, 6}, {5, 7}, {3, 4}, {1, 2}], [{8, 6}, {5, 7}, {4}, {1, 3}, {2}], [{8, 6}, {7}, {2, 5}, {4}, {1, 3}], [{8, 6}, {7}, {4, 5}, {1, 3}, {2}], [{8, 6}, {7}, {5}, {2, 4}, {1, 3}], [{8, 6}, {7}, {5}, {4}, {1, 3}, {2}], [{8, 7}, {1, 6}, {2, 5}, {3, 4}], [{8, 7}, {1, 6}, {3, 5}, {2, 4}], [{8, 7}, {1, 6}, {4, 5}, {2, 3}], [{8, 7}, {1, 6}, {5}, {3, 4}, {2}], [{8, 7}, {2, 6}, {1, 5}, {3, 4}], [{8, 7}, {2, 6}, {3, 5}, {1, 4}], [{8, 7}, {2, 6}, {4, 5}, {1, 3}], [{8, 7}, {2, 6}, {5}, {4}, {1, 3}], [{8, 7}, {3, 6}, {1, 5}, {2, 4}], [{8, 7}, {3, 6}, {2, 5}, {1, 4}], [{8, 7}, {3, 6}, {4, 5}, {1, 2}], [{8, 7}, {4, 6}, {1, 5}, {2, 3}], [{8, 7}, {4, 6}, {2, 5}, {1, 3}], [{8, 7}, {4, 6}, {3, 5}, {1, 2}], [{8, 7}, {5, 6}, {1, 4}, {2, 3}], [{8, 7}, {5, 6}, {2, 4}, {1, 3}], [{8, 7}, {5, 6}, {3, 4}, {1, 2}], [{8, 7}, {5, 6}, {3, 4}, {2}, {1}], [{8, 7}, {6}, {1, 5}, {3, 4}, {2}], [{8}, {1, 7}, {4, 6}, {5}, {2, 3}], [{8}, {1, 7}, {5, 6}, {2, 4}, {3}], [{8}, {1, 7}, {5, 6}, {3, 4}, {2}], [{8}, {1, 7}, {5, 6}, {4}, {2, 3}], [{8}, {1, 7}, {5, 6}, {4}, {3}, {2}], [{8}, {1, 7}, {6}, {4, 5}, {2, 3}], [{8}, {2, 7}, {1, 6}, {5}, {3, 4}], [{8}, {2, 7}, {3, 6}, {4, 5}, {1}], [{8}, {2, 7}, {4, 6}, {3, 5}, {1}], [{8}, {2, 7}, {5, 6}, {3, 4}, {1}], [{8}, {2, 7}, {6}, {1, 5}, {3, 4}], [{8}, {3, 7}, {1, 6}, {4, 5}, {2}], [{8}, {3, 7}, {4, 6}, {5}, {1, 2}], [{8}, {3, 7}, {5, 6}, {1, 4}, {2}], [{8}, {4, 7}, {5, 6}, {1, 3}, {2}], [{8}, {5, 7}, {3, 6}, {1, 4}, {2}], [{8}, {5, 7}, {6}, {2, 4}, {1, 3}], [{8}, {6, 7}, {3, 5}, {4}, {1, 2}], [{8}, {7}, {5, 6}, {3, 4}, {1, 2}], [{8}, {7}, {5, 6}, {3, 4}, {2}, {1}]]",2,- 8 K_1^4 + 4 K_1^3 + 8 K_1^2 K_2 - 4 K_1^2 - 8 K_1 K_2 - 2 K_1 K_3 + K_1 - 4 K_2^2 + 3 K_2 + 3 K_3 + 2 K_4 + 6,O1O2O3O4U1U4O5U6O7O8U7U3U5U8O6U2,O1O2O3O4U1U4O5U2O6O7U6U3U8U7O8U5,O1O2O3O4U5O6U7U6U2U8O7O8U3O5U1U4,c,{'O1O2O3O4U3O5U6U7U2U8O6O8U5O7U1U4'},1,"<a href=""/flatknot/8.733897"">8.733897</a>",t^9-89t^7-334t^6-154t^5+788t^4+833t^3-356t^2-513t,-t^2+2t,,
8.733898,O1O2O3O4U3O5U6U7U4U1O6O8U2O7U5U8,4,z^3+24z^2+106z+125,w^4z^3+24w^3z^2+106w^2z+125w,False,False,"[[ 0  0  0 -1  2  2 -3 -1  1],[ 0  0  0 -1  1  1 -1 -1  1],[ 0  0  0 -1  2  1 -1  0  1],[ 1  1  1  0  1  1  0  0  0],[-2 -1 -2 -1  0 -1 -2 -1  0],[-2 -1 -1 -1  1  0 -3 -1  0],[ 3  1  1  0  2  3  0  1  2],[ 1  1  0  0  1  1 -1  0  1],[-1 -1 -1  0  0  0 -2 -1  0]]","[[ 0  2  2  1  0  0 -1 -1 -3],[-2  0  1  0 -1 -1 -1 -1 -3],[-2 -1  0  0 -1 -2 -1 -1 -2],[-1  0  0  0 -1 -1  0 -1 -2],[ 0  1  1  1  0  0 -1 -1 -1],[ 0  1  2  1  0  0 -1  0 -1],[ 1  1  1  0  1  1  0  0  0],[ 1  1  1  1  1  0  0  0 -1],[ 3  3  2  2  1  1  0  1  0]]",True,"[-2,-2,-1,0,0,1,1,3,-1,0,1,1,1,1,3,0,1,2,1,1,2,1,1,0,1,2,0,1,1,1,1,0,1,0,0,1]","[-3,-1,-1,0,0,1,2,2,0,1,1,1,2,2,3,0,1,1,0,1,1,0,1,1,1,1,0,1,2,1,1,1,1,0,0,-1]",t^8+38t^6+98t^4+64t^2+4,"[-3,-1,-1,0,0,1,2,2,1,2,2,2,2,2,3,0,0,1,1,2,2,0,0,2,2,2,0,0,1,1,0,1,0,1,1,-1]","[-2,-2,-1,0,0,1,1,3,-1,1,0,1,2,2,3,1,1,1,2,2,2,0,0,1,2,2,0,1,0,2,0,0,2,0,1,2]","[-3,-1,-1,0,0,1,2,2,0,1,1,1,2,2,3,0,1,1,0,1,1,0,1,1,1,1,0,1,2,1,1,1,1,0,0,-1]",c,"[[{8, 1}, {2, 7}, {3, 6}, {4, 5}], [{8, 1}, {2, 7}, {4, 6}, {3, 5}], [{8, 1}, {2, 7}, {5, 6}, {3, 4}], [{8, 1}, {2, 7}, {5, 6}, {4}, {3}], [{8, 1}, {3, 7}, {2, 6}, {4, 5}], [{8, 1}, {3, 7}, {4, 6}, {2, 5}], [{8, 1}, {3, 7}, {5, 6}, {2, 4}], [{8, 1}, {4, 7}, {2, 6}, {3, 5}], [{8, 1}, {4, 7}, {3, 6}, {2, 5}], [{8, 1}, {4, 7}, {5, 6}, {2, 3}], [{8, 1}, {5, 7}, {2, 6}, {3, 4}], [{8, 1}, {5, 7}, {3, 6}, {2, 4}], [{8, 1}, {5, 7}, {4, 6}, {2, 3}], [{8, 1}, {5, 7}, {6}, {3, 4}, {2}], [{8, 1}, {6, 7}, {2, 5}, {3, 4}], [{8, 1}, {6, 7}, {3, 5}, {2, 4}], [{8, 1}, {6, 7}, {3, 5}, {4}, {2}], [{8, 1}, {6, 7}, {4, 5}, {2, 3}], [{8, 1}, {7}, {2, 6}, {5}, {3, 4}], [{8, 1}, {7}, {3, 6}, {5}, {2, 4}], [{8, 2}, {1, 7}, {3, 6}, {4, 5}], [{8, 2}, {1, 7}, {4, 6}, {3, 5}], [{8, 2}, {1, 7}, {5, 6}, {3, 4}], [{8, 2}, {1, 7}, {5, 6}, {4}, {3}], [{8, 2}, {3, 7}, {1, 6}, {4, 5}], [{8, 2}, {3, 7}, {4, 6}, {1, 5}], [{8, 2}, {3, 7}, {5, 6}, {1, 4}], [{8, 2}, {3, 7}, {6}, {5}, {1, 4}], [{8, 2}, {4, 7}, {1, 6}, {3, 5}], [{8, 2}, {4, 7}, {3, 6}, {1, 5}], [{8, 2}, {4, 7}, {5, 6}, {1, 3}], [{8, 2}, {5, 7}, {1, 6}, {3, 4}], [{8, 2}, {5, 7}, {1, 6}, {4}, {3}], [{8, 2}, {5, 7}, {3, 6}, {1, 4}], [{8, 2}, {5, 7}, {4, 6}, {1, 3}], [{8, 2}, {6, 7}, {1, 5}, {3, 4}], [{8, 2}, {6, 7}, {3, 5}, {1, 4}], [{8, 2}, {6, 7}, {4, 5}, {1, 3}], [{8, 2}, {6, 7}, {5}, {1, 4}, {3}], [{8, 2}, {7}, {1, 6}, {5}, {3, 4}], [{8, 2}, {7}, {3, 6}, {1, 5}, {4}], [{8, 2}, {7}, {3, 6}, {4, 5}, {1}], [{8, 2}, {7}, {3, 6}, {5}, {1, 4}], [{8, 2}, {7}, {4, 6}, {1, 5}, {3}], [{8, 2}, {7}, {4, 6}, {3, 5}, {1}], [{8, 2}, {7}, {4, 6}, {5}, {1, 3}], [{8, 2}, {7}, {5, 6}, {3, 4}, {1}], [{8, 2}, {7}, {6}, {1, 5}, {3, 4}], [{8, 3}, {1, 7}, {2, 6}, {4, 5}], [{8, 3}, {1, 7}, {4, 6}, {2, 5}], [{8, 3}, {1, 7}, {5, 6}, {2, 4}], [{8, 3}, {1, 7}, {5, 6}, {4}, {2}], [{8, 3}, {1, 7}, {6}, {5}, {2, 4}], [{8, 3}, {2, 7}, {1, 6}, {4, 5}], [{8, 3}, {2, 7}, {4, 6}, {1, 5}], [{8, 3}, {2, 7}, {5, 6}, {1, 4}], [{8, 3}, {2, 7}, {6}, {1, 5}, {4}], [{8, 3}, {4, 7}, {1, 6}, {2, 5}], [{8, 3}, {4, 7}, {2, 6}, {1, 5}], [{8, 3}, {4, 7}, {5, 6}, {1, 2}], [{8, 3}, {4, 7}, {5, 6}, {2}, {1}], [{8, 3}, {4, 7}, {6}, {5}, {1, 2}], [{8, 3}, {5, 7}, {1, 6}, {2, 4}], [{8, 3}, {5, 7}, {2, 6}, {1, 4}], [{8, 3}, {5, 7}, {4, 6}, {1, 2}], [{8, 3}, {5, 7}, {4, 6}, {2}, {1}], [{8, 3}, {6, 7}, {1, 5}, {2, 4}], [{8, 3}, {6, 7}, {2, 5}, {1, 4}], [{8, 3}, {6, 7}, {2, 5}, {4}, {1}], [{8, 3}, {6, 7}, {4, 5}, {1, 2}], [{8, 3}, {6, 7}, {4, 5}, {2}, {1}], [{8, 3}, {6, 7}, {5}, {2, 4}, {1}], [{8, 3}, {7}, {1, 6}, {5}, {2, 4}], [{8, 3}, {7}, {2, 6}, {5}, {1, 4}], [{8, 3}, {7}, {5, 6}, {1, 4}, {2}], [{8, 3}, {7}, {6}, {2, 5}, {1, 4}], [{8, 4}, {1, 7}, {2, 6}, {3, 5}], [{8, 4}, {1, 7}, {3, 6}, {2, 5}], [{8, 4}, {1, 7}, {5, 6}, {2, 3}], [{8, 4}, {2, 7}, {1, 6}, {3, 5}], [{8, 4}, {2, 7}, {3, 6}, {1, 5}], [{8, 4}, {2, 7}, {5, 6}, {1, 3}], [{8, 4}, {3, 7}, {1, 6}, {2, 5}], [{8, 4}, {3, 7}, {2, 6}, {1, 5}], [{8, 4}, {3, 7}, {5, 6}, {1, 2}], [{8, 4}, {5, 7}, {1, 6}, {2, 3}], [{8, 4}, {5, 7}, {2, 6}, {1, 3}], [{8, 4}, {5, 7}, {3, 6}, {1, 2}], [{8, 4}, {6, 7}, {1, 5}, {2, 3}], [{8, 4}, {6, 7}, {2, 5}, {1, 3}], [{8, 4}, {6, 7}, {3, 5}, {1, 2}], [{8, 4}, {7}, {5, 6}, {3}, {1, 2}], [{8, 5}, {1, 7}, {2, 6}, {3, 4}], [{8, 5}, {1, 7}, {3, 6}, {2, 4}], [{8, 5}, {1, 7}, {4, 6}, {2, 3}], [{8, 5}, {1, 7}, {4, 6}, {3}, {2}], [{8, 5}, {2, 7}, {1, 6}, {3, 4}], [{8, 5}, {2, 7}, {3, 6}, {1, 4}], [{8, 5}, {2, 7}, {4, 6}, {1, 3}], [{8, 5}, {2, 7}, {6}, {4}, {1, 3}], [{8, 5}, {3, 7}, {1, 6}, {2, 4}], [{8, 5}, {3, 7}, {2, 6}, {1, 4}], [{8, 5}, {3, 7}, {4, 6}, {1, 2}], [{8, 5}, {4, 7}, {1, 6}, {2, 3}], [{8, 5}, {4, 7}, {2, 6}, {1, 3}], [{8, 5}, {4, 7}, {3, 6}, {1, 2}], [{8, 5}, {6, 7}, {1, 4}, {2, 3}], [{8, 5}, {6, 7}, {2, 4}, {1, 3}], [{8, 5}, {6, 7}, {3, 4}, {1, 2}], [{8, 5}, {7}, {1, 6}, {2, 4}, {3}], [{8, 5}, {7}, {3, 6}, {4}, {1, 2}], [{8, 6}, {1, 7}, {2, 5}, {3, 4}], [{8, 6}, {1, 7}, {3, 5}, {2, 4}], [{8, 6}, {1, 7}, {4, 5}, {2, 3}], [{8, 6}, {1, 7}, {5}, {2, 4}, {3}], [{8, 6}, {2, 7}, {1, 5}, {3, 4}], [{8, 6}, {2, 7}, {1, 5}, {4}, {3}], [{8, 6}, {2, 7}, {3, 5}, {1, 4}], [{8, 6}, {2, 7}, {4, 5}, {1, 3}], [{8, 6}, {3, 7}, {1, 5}, {2, 4}], [{8, 6}, {3, 7}, {2, 5}, {1, 4}], [{8, 6}, {3, 7}, {4, 5}, {1, 2}], [{8, 6}, {3, 7}, {5}, {2, 4}, {1}], [{8, 6}, {4, 7}, {1, 5}, {2, 3}], [{8, 6}, {4, 7}, {2, 5}, {1, 3}], [{8, 6}, {4, 7}, {3, 5}, {1, 2}], [{8, 6}, {4, 7}, {3, 5}, {2}, {1}], [{8, 6}, {5, 7}, {1, 4}, {2, 3}], [{8, 6}, {5, 7}, {2, 4}, {1, 3}], [{8, 6}, {5, 7}, {3, 4}, {1, 2}], [{8, 6}, {5, 7}, {3, 4}, {2}, {1}], [{8, 6}, {7}, {5}, {2, 4}, {1, 3}], [{8, 7}, {1, 6}, {2, 5}, {3, 4}], [{8, 7}, {1, 6}, {3, 5}, {2, 4}], [{8, 7}, {1, 6}, {4, 5}, {2, 3}], [{8, 7}, {2, 6}, {1, 5}, {3, 4}], [{8, 7}, {2, 6}, {3, 5}, {1, 4}], [{8, 7}, {2, 6}, {4, 5}, {1, 3}], [{8, 7}, {3, 6}, {1, 5}, {2, 4}], [{8, 7}, {3, 6}, {1, 5}, {4}, {2}], [{8, 7}, {3, 6}, {2, 5}, {1, 4}], [{8, 7}, {3, 6}, {2, 5}, {4}, {1}], [{8, 7}, {3, 6}, {4, 5}, {1, 2}], [{8, 7}, {3, 6}, {4, 5}, {2}, {1}], [{8, 7}, {3, 6}, {5}, {1, 4}, {2}], [{8, 7}, {3, 6}, {5}, {2, 4}, {1}], [{8, 7}, {3, 6}, {5}, {4}, {1, 2}], [{8, 7}, {3, 6}, {5}, {4}, {2}, {1}], [{8, 7}, {4, 6}, {1, 5}, {2, 3}], [{8, 7}, {4, 6}, {2, 5}, {1, 3}], [{8, 7}, {4, 6}, {3, 5}, {1, 2}], [{8, 7}, {4, 6}, {3, 5}, {2}, {1}], [{8, 7}, {4, 6}, {5}, {3}, {1, 2}], [{8, 7}, {5, 6}, {1, 4}, {2, 3}], [{8, 7}, {5, 6}, {2, 4}, {1, 3}], [{8, 7}, {5, 6}, {3, 4}, {1, 2}], [{8, 7}, {5, 6}, {3, 4}, {2}, {1}], [{8, 7}, {5, 6}, {4}, {3}, {1, 2}], [{8, 7}, {6}, {1, 5}, {2, 4}, {3}], [{8, 7}, {6}, {3, 5}, {4}, {1, 2}], [{8, 7}, {6}, {4, 5}, {3}, {1, 2}], [{8, 7}, {6}, {5}, {3, 4}, {1, 2}], [{8}, {1, 7}, {2, 6}, {3, 5}, {4}], [{8}, {1, 7}, {3, 6}, {5}, {2, 4}], [{8}, {1, 7}, {5, 6}, {4}, {2, 3}], [{8}, {2, 7}, {3, 6}, {1, 5}, {4}], [{8}, {2, 7}, {3, 6}, {4, 5}, {1}], [{8}, {2, 7}, {3, 6}, {5}, {1, 4}], [{8}, {2, 7}, {4, 6}, {3, 5}, {1}], [{8}, {2, 7}, {5, 6}, {3, 4}, {1}], [{8}, {3, 7}, {2, 6}, {1, 5}, {4}], [{8}, {4, 7}, {5, 6}, {3}, {1, 2}], [{8}, {5, 7}, {1, 6}, {3, 4}, {2}], [{8}, {5, 7}, {3, 6}, {4}, {1, 2}], [{8}, {7}, {1, 6}, {3, 5}, {2, 4}], [{8}, {7}, {1, 6}, {4, 5}, {2, 3}]]",2,32 K_1^3 - 28 K_1^2 - 42 K_1 K_2 - 4 K_1 K_3 - 3 K_1 + 16 K_2 + 13 K_3 + 2 K_4 + 15,O1O2O3O4U5U6O7U3O5O8U4U1U7U8O6U2,O1O2O3O4U1U5O6U2O7O5U4U6U8U3O8U7,O1O2O3O4U5O6U2U6U7U1O8O5U3O7U8U4,c,{'O1O2O3O4U3O5U6U7U4U1O6O8U2O7U5U8'},1,"<a href=""/flatknot/8.733898"">8.733898</a>",t^9-40t^7-84t^6+92t^5+200t^4-39t^3-48t^2+20t,t^3-2t^2+t,,
8.733899,O1O2O3O4U3O5U6U7U4U1O6O8U2O7U8U5,4,6z^3+48z^2+111z+79,6w^4z^3+48w^3z^2+111w^2z+79w,False,False,"[[ 0  0  0 -1  2  3 -3 -1  0],[ 0  0  0 -1  1  1 -1 -1  0],[ 0  0  0 -1  2  2 -1  0  0],[ 1  1  1  0  1  1  0  0  0],[-2 -1 -2 -1  0 -1 -2 -1 -1],[-3 -1 -2 -1  1  0 -4 -1 -1],[ 3  1  1  0  2  4  0  1  1],[ 1  1  0  0  1  1 -1  0  0],[ 0  0  0  0  1  1 -1  0  0]]","[[ 0  3  2  0  0  0 -1 -1 -3],[-3  0  1 -1 -1 -2 -1 -1 -4],[-2 -1  0 -1 -1 -2 -1 -1 -2],[ 0  1  1  0  0  0  0  0 -1],[ 0  1  1  0  0  0 -1 -1 -1],[ 0  2  2  0  0  0  0 -1 -1],[ 1  1  1  0  1  0  0  0 -1],[ 1  1  1  0  1  1  0  0  0],[ 3  4  2  1  1  1  1  0  0]]",True,"[-3,-2,0,0,0,1,1,3,-1,1,1,2,1,1,4,1,1,2,1,1,2,0,0,0,0,1,0,1,1,1,0,1,1,0,1,0]","[-3,-2,0,0,0,1,1,3,-1,1,1,2,1,1,4,1,1,2,1,1,2,0,0,0,0,1,0,1,1,1,0,1,1,0,1,0]",t^8+44t^6+94t^4+32t^2+1,"[-3,-1,-1,0,0,0,2,3,1,2,2,2,2,3,2,0,0,1,1,2,3,0,0,1,2,3,0,0,1,2,0,0,1,1,2,2]","[-3,-2,0,0,0,1,1,3,2,1,2,2,3,3,2,0,1,1,2,2,3,0,0,0,1,2,0,0,0,2,1,1,2,0,2,1]","[-3,-1,-1,0,0,0,2,3,0,1,1,1,1,2,4,0,0,1,1,1,1,0,0,1,1,1,0,0,1,1,0,2,2,1,1,-1]",c,"[[{8, 1}, {2, 7}, {3, 6}, {4, 5}], [{8, 1}, {2, 7}, {4, 6}, {3, 5}], [{8, 1}, {2, 7}, {4, 6}, {5}, {3}], [{8, 1}, {2, 7}, {5, 6}, {3, 4}], [{8, 1}, {2, 7}, {5, 6}, {4}, {3}], [{8, 1}, {2, 7}, {6}, {4, 5}, {3}], [{8, 1}, {3, 7}, {2, 6}, {4, 5}], [{8, 1}, {3, 7}, {4, 6}, {2, 5}], [{8, 1}, {3, 7}, {5, 6}, {2, 4}], [{8, 1}, {3, 7}, {5, 6}, {4}, {2}], [{8, 1}, {4, 7}, {2, 6}, {3, 5}], [{8, 1}, {4, 7}, {3, 6}, {2, 5}], [{8, 1}, {4, 7}, {5, 6}, {2, 3}], [{8, 1}, {4, 7}, {5, 6}, {3}, {2}], [{8, 1}, {5, 7}, {2, 6}, {3, 4}], [{8, 1}, {5, 7}, {3, 6}, {2, 4}], [{8, 1}, {5, 7}, {4, 6}, {2, 3}], [{8, 1}, {6, 7}, {2, 5}, {3, 4}], [{8, 1}, {6, 7}, {3, 5}, {2, 4}], [{8, 1}, {6, 7}, {4, 5}, {2, 3}], [{8, 1}, {7}, {5, 6}, {2, 4}, {3}], [{8, 1}, {7}, {5, 6}, {3, 4}, {2}], [{8, 1}, {7}, {5, 6}, {4}, {2, 3}], [{8, 2}, {1, 7}, {3, 6}, {4, 5}], [{8, 2}, {1, 7}, {4, 6}, {3, 5}], [{8, 2}, {1, 7}, {5, 6}, {3, 4}], [{8, 2}, {3, 7}, {1, 6}, {4, 5}], [{8, 2}, {3, 7}, {4, 6}, {1, 5}], [{8, 2}, {3, 7}, {5, 6}, {1, 4}], [{8, 2}, {4, 7}, {1, 6}, {3, 5}], [{8, 2}, {4, 7}, {1, 6}, {5}, {3}], [{8, 2}, {4, 7}, {3, 6}, {1, 5}], [{8, 2}, {4, 7}, {5, 6}, {1, 3}], [{8, 2}, {5, 7}, {1, 6}, {3, 4}], [{8, 2}, {5, 7}, {3, 6}, {1, 4}], [{8, 2}, {5, 7}, {4, 6}, {1, 3}], [{8, 2}, {6, 7}, {1, 5}, {3, 4}], [{8, 2}, {6, 7}, {3, 5}, {1, 4}], [{8, 2}, {6, 7}, {4, 5}, {1, 3}], [{8, 2}, {6, 7}, {5}, {3, 4}, {1}], [{8, 2}, {7}, {3, 6}, {1, 5}, {4}], [{8, 2}, {7}, {5, 6}, {1, 4}, {3}], [{8, 3}, {1, 7}, {2, 6}, {4, 5}], [{8, 3}, {1, 7}, {4, 6}, {2, 5}], [{8, 3}, {1, 7}, {5, 6}, {2, 4}], [{8, 3}, {1, 7}, {6}, {2, 5}, {4}], [{8, 3}, {2, 7}, {1, 6}, {4, 5}], [{8, 3}, {2, 7}, {4, 6}, {1, 5}], [{8, 3}, {2, 7}, {4, 6}, {5}, {1}], [{8, 3}, {2, 7}, {5, 6}, {1, 4}], [{8, 3}, {2, 7}, {5, 6}, {4}, {1}], [{8, 3}, {2, 7}, {6}, {4, 5}, {1}], [{8, 3}, {4, 7}, {1, 6}, {2, 5}], [{8, 3}, {4, 7}, {2, 6}, {1, 5}], [{8, 3}, {4, 7}, {5, 6}, {1, 2}], [{8, 3}, {5, 7}, {1, 6}, {2, 4}], [{8, 3}, {5, 7}, {2, 6}, {1, 4}], [{8, 3}, {5, 7}, {4, 6}, {1, 2}], [{8, 3}, {6, 7}, {1, 5}, {2, 4}], [{8, 3}, {6, 7}, {2, 5}, {1, 4}], [{8, 3}, {6, 7}, {4, 5}, {1, 2}], [{8, 3}, {7}, {1, 6}, {4, 5}, {2}], [{8, 3}, {7}, {4, 6}, {1, 5}, {2}], [{8, 4}, {1, 7}, {2, 6}, {3, 5}], [{8, 4}, {1, 7}, {2, 6}, {5}, {3}], [{8, 4}, {1, 7}, {3, 6}, {2, 5}], [{8, 4}, {1, 7}, {5, 6}, {2, 3}], [{8, 4}, {2, 7}, {1, 6}, {3, 5}], [{8, 4}, {2, 7}, {1, 6}, {5}, {3}], [{8, 4}, {2, 7}, {3, 6}, {1, 5}], [{8, 4}, {2, 7}, {3, 6}, {5}, {1}], [{8, 4}, {2, 7}, {5, 6}, {1, 3}], [{8, 4}, {2, 7}, {5, 6}, {3}, {1}], [{8, 4}, {2, 7}, {6}, {1, 5}, {3}], [{8, 4}, {2, 7}, {6}, {3, 5}, {1}], [{8, 4}, {2, 7}, {6}, {5}, {1, 3}], [{8, 4}, {3, 7}, {1, 6}, {2, 5}], [{8, 4}, {3, 7}, {2, 6}, {1, 5}], [{8, 4}, {3, 7}, {5, 6}, {1, 2}], [{8, 4}, {3, 7}, {6}, {1, 5}, {2}], [{8, 4}, {5, 7}, {1, 6}, {2, 3}], [{8, 4}, {5, 7}, {2, 6}, {1, 3}], [{8, 4}, {5, 7}, {2, 6}, {3}, {1}], [{8, 4}, {5, 7}, {3, 6}, {1, 2}], [{8, 4}, {6, 7}, {1, 5}, {2, 3}], [{8, 4}, {6, 7}, {1, 5}, {3}, {2}], [{8, 4}, {6, 7}, {2, 5}, {1, 3}], [{8, 4}, {6, 7}, {3, 5}, {1, 2}], [{8, 4}, {7}, {1, 6}, {3, 5}, {2}], [{8, 4}, {7}, {2, 6}, {1, 5}, {3}], [{8, 4}, {7}, {3, 6}, {1, 5}, {2}], [{8, 4}, {7}, {5, 6}, {1, 3}, {2}], [{8, 4}, {7}, {6}, {1, 5}, {2, 3}], [{8, 4}, {7}, {6}, {1, 5}, {3}, {2}], [{8, 5}, {1, 7}, {2, 6}, {3, 4}], [{8, 5}, {1, 7}, {3, 6}, {2, 4}], [{8, 5}, {1, 7}, {4, 6}, {2, 3}], [{8, 5}, {2, 7}, {1, 6}, {3, 4}], [{8, 5}, {2, 7}, {3, 6}, {1, 4}], [{8, 5}, {2, 7}, {4, 6}, {1, 3}], [{8, 5}, {2, 7}, {6}, {4}, {1, 3}], [{8, 5}, {3, 7}, {1, 6}, {2, 4}], [{8, 5}, {3, 7}, {2, 6}, {1, 4}], [{8, 5}, {3, 7}, {4, 6}, {1, 2}], [{8, 5}, {4, 7}, {1, 6}, {2, 3}], [{8, 5}, {4, 7}, {2, 6}, {1, 3}], [{8, 5}, {4, 7}, {3, 6}, {1, 2}], [{8, 5}, {6, 7}, {1, 4}, {2, 3}], [{8, 5}, {6, 7}, {2, 4}, {1, 3}], [{8, 5}, {6, 7}, {3, 4}, {1, 2}], [{8, 6}, {1, 7}, {2, 5}, {3, 4}], [{8, 6}, {1, 7}, {3, 5}, {2, 4}], [{8, 6}, {1, 7}, {4, 5}, {2, 3}], [{8, 6}, {1, 7}, {5}, {3, 4}, {2}], [{8, 6}, {2, 7}, {1, 5}, {3, 4}], [{8, 6}, {2, 7}, {3, 5}, {1, 4}], [{8, 6}, {2, 7}, {4, 5}, {1, 3}], [{8, 6}, {2, 7}, {5}, {4}, {1, 3}], [{8, 6}, {3, 7}, {1, 5}, {2, 4}], [{8, 6}, {3, 7}, {2, 5}, {1, 4}], [{8, 6}, {3, 7}, {4, 5}, {1, 2}], [{8, 6}, {4, 7}, {1, 5}, {2, 3}], [{8, 6}, {4, 7}, {2, 5}, {1, 3}], [{8, 6}, {4, 7}, {3, 5}, {1, 2}], [{8, 6}, {5, 7}, {1, 4}, {2, 3}], [{8, 6}, {5, 7}, {2, 4}, {1, 3}], [{8, 6}, {5, 7}, {3, 4}, {1, 2}], [{8, 6}, {5, 7}, {3, 4}, {2}, {1}], [{8, 6}, {7}, {1, 5}, {3, 4}, {2}], [{8, 7}, {1, 6}, {2, 5}, {3, 4}], [{8, 7}, {1, 6}, {3, 5}, {2, 4}], [{8, 7}, {1, 6}, {4, 5}, {2, 3}], [{8, 7}, {2, 6}, {1, 5}, {3, 4}], [{8, 7}, {2, 6}, {3, 5}, {1, 4}], [{8, 7}, {2, 6}, {4, 5}, {1, 3}], [{8, 7}, {2, 6}, {5}, {3, 4}, {1}], [{8, 7}, {3, 6}, {1, 5}, {2, 4}], [{8, 7}, {3, 6}, {1, 5}, {4}, {2}], [{8, 7}, {3, 6}, {2, 5}, {1, 4}], [{8, 7}, {3, 6}, {4, 5}, {1, 2}], [{8, 7}, {4, 6}, {1, 5}, {2, 3}], [{8, 7}, {4, 6}, {2, 5}, {1, 3}], [{8, 7}, {4, 6}, {3, 5}, {1, 2}], [{8, 7}, {5, 6}, {1, 4}, {2, 3}], [{8, 7}, {5, 6}, {1, 4}, {3}, {2}], [{8, 7}, {5, 6}, {2, 4}, {1, 3}], [{8, 7}, {5, 6}, {3, 4}, {1, 2}], [{8, 7}, {6}, {4, 5}, {3}, {1, 2}], [{8}, {1, 7}, {2, 6}, {3, 5}, {4}], [{8}, {1, 7}, {3, 6}, {4, 5}, {2}], [{8}, {1, 7}, {4, 6}, {2, 5}, {3}], [{8}, {2, 7}, {1, 6}, {3, 5}, {4}], [{8}, {2, 7}, {3, 6}, {1, 5}, {4}], [{8}, {2, 7}, {4, 6}, {5}, {1, 3}], [{8}, {2, 7}, {5, 6}, {1, 4}, {3}], [{8}, {2, 7}, {5, 6}, {3, 4}, {1}], [{8}, {2, 7}, {5, 6}, {4}, {1, 3}], [{8}, {2, 7}, {5, 6}, {4}, {3}, {1}], [{8}, {2, 7}, {6}, {4, 5}, {1, 3}], [{8}, {2, 7}, {6}, {5}, {4}, {1, 3}], [{8}, {3, 7}, {2, 6}, {5}, {1, 4}], [{8}, {3, 7}, {5, 6}, {2, 4}, {1}], [{8}, {4, 7}, {3, 6}, {1, 5}, {2}], [{8}, {4, 7}, {5, 6}, {2, 3}, {1}], [{8}, {5, 7}, {1, 6}, {4}, {2, 3}], [{8}, {5, 7}, {3, 6}, {1, 4}, {2}], [{8}, {7}, {3, 6}, {1, 5}, {2, 4}], [{8}, {7}, {3, 6}, {1, 5}, {4}, {2}]]",2,8 K_1^3 - 2 K_1^2 - 4 K_1 K_2 - 4 K_1 + K_2 + 2,O1O2O3O4U5U6O7U3O6O8U4U1U7U8O5U2,O1O2O3O4U1U5O6U2O5O7U4U6U8U3O8U7,O1O2O3O4U5O6U2U6U7U1O5O8U3O7U8U4,c,{'O1O2O3O4U3O5U6U7U4U1O6O8U2O7U8U5'},1,"<a href=""/flatknot/8.733899"">8.733899</a>",t^9-42t^7-104t^6+75t^5+270t^4-13t^3-132t^2-9t+8,-t^2+2t,,
8.733900,O1O2O3O4U3O5U6U7U4U1O6O8U5O7U2U8,4,17z^2+94z+121,17w^3z^2+94w^2z+121w,False,False,"[[ 0  0  0 -1  2  2 -3 -1  1],[ 0  0  0 -1  1  1 -1 -1  1],[ 0  0  0 -1  2  2 -2 -1  1],[ 1  1  1  0  1  1  0  0  0],[-2 -1 -2 -1  0  0 -2 -2  0],[-2 -1 -2 -1  0  0 -2 -1  0],[ 3  1  2  0  2  2  0  1  2],[ 1  1  1  0  2  1 -1  0  1],[-1 -1 -1  0  0  0 -2 -1  0]]","[[ 0  2  2  1  0  0 -1 -1 -3],[-2  0  0  0 -1 -2 -1 -1 -2],[-2  0  0  0 -1 -2 -1 -2 -2],[-1  0  0  0 -1 -1  0 -1 -2],[ 0  1  1  1  0  0 -1 -1 -1],[ 0  2  2  1  0  0 -1 -1 -2],[ 1  1  1  0  1  1  0  0  0],[ 1  1  2  1  1  1  0  0 -1],[ 3  2  2  2  1  2  0  1  0]]",True,"[-2,-2,-1,0,0,1,1,3,0,0,1,2,1,1,2,0,1,2,1,2,2,1,1,0,1,2,0,1,1,1,1,1,2,0,0,1]","[-3,-1,-1,0,0,1,2,2,0,1,1,2,2,2,2,0,1,1,0,1,1,1,1,1,1,2,0,1,1,1,1,2,2,0,0,0]",t^8+42t^6+79t^4+30t^2+1,"[-3,-1,-1,0,0,1,2,2,1,2,1,2,2,3,3,0,0,0,1,1,2,0,0,2,2,2,0,0,0,0,0,1,1,1,1,0]","[-2,-2,-1,0,0,1,1,3,0,1,0,1,1,2,3,1,0,1,2,2,3,0,0,1,2,2,0,0,0,1,0,0,2,0,1,2]","[-3,-1,-1,0,0,1,2,2,0,1,1,2,2,2,2,0,1,1,0,1,1,1,1,1,1,2,0,1,1,1,1,2,2,0,0,0]",c,"[[{8, 1}, {2, 7}, {3, 6}, {4, 5}], [{8, 1}, {2, 7}, {4, 6}, {3, 5}], [{8, 1}, {2, 7}, {5, 6}, {3, 4}], [{8, 1}, {2, 7}, {6}, {3, 5}, {4}], [{8, 1}, {3, 7}, {2, 6}, {4, 5}], [{8, 1}, {3, 7}, {4, 6}, {2, 5}], [{8, 1}, {3, 7}, {5, 6}, {2, 4}], [{8, 1}, {3, 7}, {6}, {2, 5}, {4}], [{8, 1}, {4, 7}, {2, 6}, {3, 5}], [{8, 1}, {4, 7}, {3, 6}, {2, 5}], [{8, 1}, {4, 7}, {5, 6}, {2, 3}], [{8, 1}, {5, 7}, {2, 6}, {3, 4}], [{8, 1}, {5, 7}, {3, 6}, {2, 4}], [{8, 1}, {5, 7}, {4, 6}, {2, 3}], [{8, 1}, {5, 7}, {6}, {3, 4}, {2}], [{8, 1}, {6, 7}, {2, 5}, {3, 4}], [{8, 1}, {6, 7}, {2, 5}, {4}, {3}], [{8, 1}, {6, 7}, {3, 5}, {2, 4}], [{8, 1}, {6, 7}, {3, 5}, {4}, {2}], [{8, 1}, {6, 7}, {4, 5}, {2, 3}], [{8, 1}, {6, 7}, {4, 5}, {3}, {2}], [{8, 1}, {6, 7}, {5}, {2, 4}, {3}], [{8, 1}, {6, 7}, {5}, {3, 4}, {2}], [{8, 1}, {6, 7}, {5}, {4}, {2, 3}], [{8, 1}, {6, 7}, {5}, {4}, {3}, {2}], [{8, 1}, {7}, {2, 6}, {3, 5}, {4}], [{8, 1}, {7}, {3, 6}, {2, 5}, {4}], [{8, 1}, {7}, {5, 6}, {3, 4}, {2}], [{8, 2}, {1, 7}, {3, 6}, {4, 5}], [{8, 2}, {1, 7}, {4, 6}, {3, 5}], [{8, 2}, {1, 7}, {5, 6}, {3, 4}], [{8, 2}, {3, 7}, {1, 6}, {4, 5}], [{8, 2}, {3, 7}, {4, 6}, {1, 5}], [{8, 2}, {3, 7}, {5, 6}, {1, 4}], [{8, 2}, {3, 7}, {6}, {5}, {1, 4}], [{8, 2}, {4, 7}, {1, 6}, {3, 5}], [{8, 2}, {4, 7}, {3, 6}, {1, 5}], [{8, 2}, {4, 7}, {3, 6}, {5}, {1}], [{8, 2}, {4, 7}, {5, 6}, {1, 3}], [{8, 2}, {4, 7}, {5, 6}, {3}, {1}], [{8, 2}, {4, 7}, {6}, {3, 5}, {1}], [{8, 2}, {5, 7}, {1, 6}, {3, 4}], [{8, 2}, {5, 7}, {3, 6}, {1, 4}], [{8, 2}, {5, 7}, {4, 6}, {1, 3}], [{8, 2}, {5, 7}, {4, 6}, {3}, {1}], [{8, 2}, {5, 7}, {6}, {4}, {1, 3}], [{8, 2}, {6, 7}, {1, 5}, {3, 4}], [{8, 2}, {6, 7}, {3, 5}, {1, 4}], [{8, 2}, {6, 7}, {4, 5}, {1, 3}], [{8, 2}, {6, 7}, {4, 5}, {3}, {1}], [{8, 2}, {6, 7}, {5}, {4}, {1, 3}], [{8, 2}, {7}, {5, 6}, {4}, {1, 3}], [{8, 3}, {1, 7}, {2, 6}, {4, 5}], [{8, 3}, {1, 7}, {4, 6}, {2, 5}], [{8, 3}, {1, 7}, {5, 6}, {2, 4}], [{8, 3}, {1, 7}, {6}, {2, 5}, {4}], [{8, 3}, {2, 7}, {1, 6}, {4, 5}], [{8, 3}, {2, 7}, {4, 6}, {1, 5}], [{8, 3}, {2, 7}, {5, 6}, {1, 4}], [{8, 3}, {2, 7}, {6}, {1, 5}, {4}], [{8, 3}, {4, 7}, {1, 6}, {2, 5}], [{8, 3}, {4, 7}, {2, 6}, {1, 5}], [{8, 3}, {4, 7}, {5, 6}, {1, 2}], [{8, 3}, {4, 7}, {5, 6}, {2}, {1}], [{8, 3}, {5, 7}, {1, 6}, {2, 4}], [{8, 3}, {5, 7}, {2, 6}, {1, 4}], [{8, 3}, {5, 7}, {4, 6}, {1, 2}], [{8, 3}, {5, 7}, {4, 6}, {2}, {1}], [{8, 3}, {6, 7}, {1, 5}, {2, 4}], [{8, 3}, {6, 7}, {1, 5}, {4}, {2}], [{8, 3}, {6, 7}, {2, 5}, {1, 4}], [{8, 3}, {6, 7}, {2, 5}, {4}, {1}], [{8, 3}, {6, 7}, {4, 5}, {1, 2}], [{8, 3}, {6, 7}, {4, 5}, {2}, {1}], [{8, 3}, {6, 7}, {5}, {1, 4}, {2}], [{8, 3}, {6, 7}, {5}, {2, 4}, {1}], [{8, 3}, {6, 7}, {5}, {4}, {1, 2}], [{8, 3}, {6, 7}, {5}, {4}, {2}, {1}], [{8, 3}, {7}, {1, 6}, {2, 5}, {4}], [{8, 3}, {7}, {2, 6}, {1, 5}, {4}], [{8, 4}, {1, 7}, {2, 6}, {3, 5}], [{8, 4}, {1, 7}, {3, 6}, {2, 5}], [{8, 4}, {1, 7}, {5, 6}, {2, 3}], [{8, 4}, {2, 7}, {1, 6}, {3, 5}], [{8, 4}, {2, 7}, {3, 6}, {1, 5}], [{8, 4}, {2, 7}, {3, 6}, {5}, {1}], [{8, 4}, {2, 7}, {5, 6}, {1, 3}], [{8, 4}, {3, 7}, {1, 6}, {2, 5}], [{8, 4}, {3, 7}, {2, 6}, {1, 5}], [{8, 4}, {3, 7}, {5, 6}, {1, 2}], [{8, 4}, {3, 7}, {6}, {1, 5}, {2}], [{8, 4}, {5, 7}, {1, 6}, {2, 3}], [{8, 4}, {5, 7}, {2, 6}, {1, 3}], [{8, 4}, {5, 7}, {3, 6}, {1, 2}], [{8, 4}, {6, 7}, {1, 5}, {2, 3}], [{8, 4}, {6, 7}, {2, 5}, {1, 3}], [{8, 4}, {6, 7}, {3, 5}, {1, 2}], [{8, 4}, {6, 7}, {5}, {1, 3}, {2}], [{8, 4}, {7}, {2, 6}, {3, 5}, {1}], [{8, 4}, {7}, {5, 6}, {2, 3}, {1}], [{8, 5}, {1, 7}, {2, 6}, {3, 4}], [{8, 5}, {1, 7}, {3, 6}, {2, 4}], [{8, 5}, {1, 7}, {4, 6}, {2, 3}], [{8, 5}, {1, 7}, {4, 6}, {3}, {2}], [{8, 5}, {1, 7}, {6}, {4}, {2, 3}], [{8, 5}, {2, 7}, {1, 6}, {3, 4}], [{8, 5}, {2, 7}, {3, 6}, {1, 4}], [{8, 5}, {2, 7}, {4, 6}, {1, 3}], [{8, 5}, {2, 7}, {6}, {4}, {1, 3}], [{8, 5}, {3, 7}, {1, 6}, {2, 4}], [{8, 5}, {3, 7}, {2, 6}, {1, 4}], [{8, 5}, {3, 7}, {4, 6}, {1, 2}], [{8, 5}, {4, 7}, {1, 6}, {2, 3}], [{8, 5}, {4, 7}, {1, 6}, {3}, {2}], [{8, 5}, {4, 7}, {2, 6}, {1, 3}], [{8, 5}, {4, 7}, {3, 6}, {1, 2}], [{8, 5}, {6, 7}, {1, 4}, {2, 3}], [{8, 5}, {6, 7}, {2, 4}, {1, 3}], [{8, 5}, {6, 7}, {3, 4}, {1, 2}], [{8, 5}, {6, 7}, {4}, {1, 3}, {2}], [{8, 5}, {7}, {2, 6}, {4}, {1, 3}], [{8, 5}, {7}, {3, 6}, {2, 4}, {1}], [{8, 5}, {7}, {4, 6}, {2, 3}, {1}], [{8, 6}, {1, 7}, {2, 5}, {3, 4}], [{8, 6}, {1, 7}, {2, 5}, {4}, {3}], [{8, 6}, {1, 7}, {3, 5}, {2, 4}], [{8, 6}, {1, 7}, {4, 5}, {2, 3}], [{8, 6}, {2, 7}, {1, 5}, {3, 4}], [{8, 6}, {2, 7}, {3, 5}, {1, 4}], [{8, 6}, {2, 7}, {4, 5}, {1, 3}], [{8, 6}, {3, 7}, {1, 5}, {2, 4}], [{8, 6}, {3, 7}, {1, 5}, {4}, {2}], [{8, 6}, {3, 7}, {2, 5}, {1, 4}], [{8, 6}, {3, 7}, {4, 5}, {1, 2}], [{8, 6}, {3, 7}, {5}, {2, 4}, {1}], [{8, 6}, {4, 7}, {1, 5}, {2, 3}], [{8, 6}, {4, 7}, {2, 5}, {1, 3}], [{8, 6}, {4, 7}, {3, 5}, {1, 2}], [{8, 6}, {4, 7}, {3, 5}, {2}, {1}], [{8, 6}, {4, 7}, {5}, {3}, {1, 2}], [{8, 6}, {5, 7}, {1, 4}, {2, 3}], [{8, 6}, {5, 7}, {2, 4}, {1, 3}], [{8, 6}, {5, 7}, {3, 4}, {1, 2}], [{8, 6}, {5, 7}, {3, 4}, {2}, {1}], [{8, 6}, {7}, {4, 5}, {2, 3}, {1}], [{8, 7}, {1, 6}, {2, 5}, {3, 4}], [{8, 7}, {1, 6}, {3, 5}, {2, 4}], [{8, 7}, {1, 6}, {3, 5}, {4}, {2}], [{8, 7}, {1, 6}, {4, 5}, {2, 3}], [{8, 7}, {2, 6}, {1, 5}, {3, 4}], [{8, 7}, {2, 6}, {3, 5}, {1, 4}], [{8, 7}, {2, 6}, {3, 5}, {4}, {1}], [{8, 7}, {2, 6}, {4, 5}, {1, 3}], [{8, 7}, {2, 6}, {4, 5}, {3}, {1}], [{8, 7}, {2, 6}, {5}, {3, 4}, {1}], [{8, 7}, {3, 6}, {1, 5}, {2, 4}], [{8, 7}, {3, 6}, {2, 5}, {1, 4}], [{8, 7}, {3, 6}, {2, 5}, {4}, {1}], [{8, 7}, {3, 6}, {4, 5}, {1, 2}], [{8, 7}, {3, 6}, {4, 5}, {2}, {1}], [{8, 7}, {3, 6}, {5}, {2, 4}, {1}], [{8, 7}, {4, 6}, {1, 5}, {2, 3}], [{8, 7}, {4, 6}, {2, 5}, {1, 3}], [{8, 7}, {4, 6}, {2, 5}, {3}, {1}], [{8, 7}, {4, 6}, {3, 5}, {1, 2}], [{8, 7}, {4, 6}, {3, 5}, {2}, {1}], [{8, 7}, {4, 6}, {5}, {2, 3}, {1}], [{8, 7}, {5, 6}, {1, 4}, {2, 3}], [{8, 7}, {5, 6}, {2, 4}, {1, 3}], [{8, 7}, {5, 6}, {2, 4}, {3}, {1}], [{8, 7}, {5, 6}, {3, 4}, {1, 2}], [{8, 7}, {5, 6}, {3, 4}, {2}, {1}], [{8, 7}, {5, 6}, {4}, {2, 3}, {1}], [{8, 7}, {6}, {2, 5}, {3, 4}, {1}], [{8, 7}, {6}, {3, 5}, {1, 4}, {2}], [{8, 7}, {6}, {3, 5}, {2, 4}, {1}], [{8, 7}, {6}, {3, 5}, {4}, {1, 2}], [{8, 7}, {6}, {4, 5}, {2, 3}, {1}], [{8}, {1, 7}, {2, 6}, {3, 5}, {4}], [{8}, {1, 7}, {3, 6}, {2, 5}, {4}], [{8}, {1, 7}, {5, 6}, {3, 4}, {2}], [{8}, {3, 7}, {4, 6}, {1, 5}, {2}], [{8}, {3, 7}, {5, 6}, {4}, {1, 2}], [{8}, {4, 7}, {2, 6}, {3, 5}, {1}], [{8}, {4, 7}, {3, 6}, {1, 5}, {2}], [{8}, {4, 7}, {5, 6}, {2, 3}, {1}], [{8}, {5, 7}, {1, 6}, {3, 4}, {2}], [{8}, {5, 7}, {3, 6}, {2, 4}, {1}], [{8}, {5, 7}, {4, 6}, {2, 3}, {1}], [{8}, {6, 7}, {2, 5}, {4}, {1, 3}], [{8}, {6, 7}, {4, 5}, {1, 3}, {2}], [{8}, {6, 7}, {4, 5}, {2, 3}, {1}], [{8}, {6, 7}, {4, 5}, {3}, {1, 2}], [{8}, {6, 7}, {5}, {2, 4}, {1, 3}], [{8}, {6, 7}, {5}, {4}, {1, 3}, {2}], [{8}, {7}, {1, 6}, {3, 5}, {2, 4}], [{8}, {7}, {2, 6}, {3, 5}, {1, 4}], [{8}, {7}, {2, 6}, {3, 5}, {4}, {1}], [{8}, {7}, {4, 6}, {3, 5}, {1, 2}]]",2,12 K_1^3 + 4 K_1^2 K_2 - 24 K_1^2 - 22 K_1 K_2 - 4 K_1 K_3 + 2 K_1 + 12 K_2 + 8 K_3 + K_4 + 12,O1O2O3O4U5U3O6U7O5O8U4U1U6U8O7U2,O1O2O3O4U1U5O6U2O7O5U4U7U8U3O8U6,O1O2O3O4U5O6U2U6U7U1O8O7U3O5U8U4,c,{'O1O2O3O4U3O5U6U7U4U1O6O8U5O7U2U8'},1,"<a href=""/flatknot/8.733900"">8.733900</a>",t^9-44t^7-114t^6+77t^5+210t^4-106t^3-58t^2+40t-6,t^3-2t^2+t,,
8.733901,O1O2O3O4U3O5U6U7U4U1O6O8U5O7U8U2,4,z^3+18z^2+100z+137,w^4z^3+18w^3z^2+100w^2z+137w,False,False,"[[ 0  0  1 -1  2  2 -3 -1  0],[ 0  0  0 -1  1  1 -1 -1  0],[-1  0  0 -1  2  1 -3 -1  0],[ 1  1  1  0  1  1  0  0  0],[-2 -1 -2 -1  0  0 -2 -2  0],[-2 -1 -1 -1  0  0 -2 -1  0],[ 3  1  3  0  2  2  0  1  1],[ 1  1  1  0  2  1 -1  0  0],[ 0  0  0  0  0  0 -1  0  0]]","[[ 0  2  2  1  0  0 -1 -1 -3],[-2  0  0 -1  0 -1 -1 -1 -2],[-2  0  0 -2  0 -1 -1 -2 -2],[-1  1  2  0  0  0 -1 -1 -3],[ 0  0  0  0  0  0  0  0 -1],[ 0  1  1  0  0  0 -1 -1 -1],[ 1  1  1  1  0  1  0  0  0],[ 1  1  2  1  0  1  0  0 -1],[ 3  2  2  3  1  1  0  1  0]]",True,"[-2,-2,-1,0,0,1,1,3,0,1,0,1,1,1,2,2,0,1,1,2,2,0,0,1,1,3,0,0,0,1,1,1,1,0,0,1]","[-3,-1,-1,0,0,1,2,2,0,1,1,1,3,2,2,0,0,1,1,1,1,0,1,1,1,2,0,0,0,0,0,1,1,1,2,0]",t^8+38t^6+64t^4+11t^2,"[-3,-1,-1,0,0,1,2,2,1,2,2,2,1,3,3,0,0,1,1,1,2,0,1,1,2,2,0,1,1,1,1,2,2,-1,0,0]","[-2,-2,-1,0,0,1,1,3,0,-1,1,2,1,2,3,0,1,2,2,2,3,1,1,1,1,1,0,0,0,2,1,1,2,0,1,2]","[-3,-1,-1,0,0,1,2,2,0,1,1,1,3,2,2,0,0,1,1,1,1,0,1,1,1,2,0,0,0,0,0,1,1,1,2,0]",c,"[[{8, 1}, {2, 7}, {3, 6}, {4, 5}], [{8, 1}, {2, 7}, {4, 6}, {3, 5}], [{8, 1}, {2, 7}, {4, 6}, {5}, {3}], [{8, 1}, {2, 7}, {5, 6}, {3, 4}], [{8, 1}, {3, 7}, {2, 6}, {4, 5}], [{8, 1}, {3, 7}, {2, 6}, {5}, {4}], [{8, 1}, {3, 7}, {4, 6}, {2, 5}], [{8, 1}, {3, 7}, {4, 6}, {5}, {2}], [{8, 1}, {3, 7}, {5, 6}, {2, 4}], [{8, 1}, {3, 7}, {6}, {5}, {2, 4}], [{8, 1}, {4, 7}, {2, 6}, {3, 5}], [{8, 1}, {4, 7}, {3, 6}, {2, 5}], [{8, 1}, {4, 7}, {5, 6}, {2, 3}], [{8, 1}, {4, 7}, {5, 6}, {3}, {2}], [{8, 1}, {4, 7}, {6}, {5}, {2, 3}], [{8, 1}, {5, 7}, {2, 6}, {3, 4}], [{8, 1}, {5, 7}, {2, 6}, {4}, {3}], [{8, 1}, {5, 7}, {3, 6}, {2, 4}], [{8, 1}, {5, 7}, {3, 6}, {4}, {2}], [{8, 1}, {5, 7}, {4, 6}, {2, 3}], [{8, 1}, {5, 7}, {4, 6}, {3}, {2}], [{8, 1}, {5, 7}, {6}, {2, 4}, {3}], [{8, 1}, {5, 7}, {6}, {3, 4}, {2}], [{8, 1}, {5, 7}, {6}, {4}, {2, 3}], [{8, 1}, {5, 7}, {6}, {4}, {3}, {2}], [{8, 1}, {6, 7}, {2, 5}, {3, 4}], [{8, 1}, {6, 7}, {3, 5}, {2, 4}], [{8, 1}, {6, 7}, {4, 5}, {2, 3}], [{8, 1}, {6, 7}, {4, 5}, {3}, {2}], [{8, 1}, {6, 7}, {5}, {4}, {2, 3}], [{8, 1}, {7}, {2, 6}, {3, 5}, {4}], [{8, 1}, {7}, {4, 6}, {2, 5}, {3}], [{8, 1}, {7}, {4, 6}, {3, 5}, {2}], [{8, 1}, {7}, {4, 6}, {5}, {2, 3}], [{8, 1}, {7}, {4, 6}, {5}, {3}, {2}], [{8, 1}, {7}, {5, 6}, {4}, {2, 3}], [{8, 1}, {7}, {6}, {3, 5}, {2, 4}], [{8, 1}, {7}, {6}, {4, 5}, {2, 3}], [{8, 2}, {1, 7}, {3, 6}, {4, 5}], [{8, 2}, {1, 7}, {4, 6}, {3, 5}], [{8, 2}, {1, 7}, {5, 6}, {3, 4}], [{8, 2}, {3, 7}, {1, 6}, {4, 5}], [{8, 2}, {3, 7}, {4, 6}, {1, 5}], [{8, 2}, {3, 7}, {5, 6}, {1, 4}], [{8, 2}, {4, 7}, {1, 6}, {3, 5}], [{8, 2}, {4, 7}, {3, 6}, {1, 5}], [{8, 2}, {4, 7}, {5, 6}, {1, 3}], [{8, 2}, {4, 7}, {5, 6}, {3}, {1}], [{8, 2}, {5, 7}, {1, 6}, {3, 4}], [{8, 2}, {5, 7}, {3, 6}, {1, 4}], [{8, 2}, {5, 7}, {4, 6}, {1, 3}], [{8, 2}, {5, 7}, {6}, {3, 4}, {1}], [{8, 2}, {6, 7}, {1, 5}, {3, 4}], [{8, 2}, {6, 7}, {3, 5}, {1, 4}], [{8, 2}, {6, 7}, {3, 5}, {4}, {1}], [{8, 2}, {6, 7}, {4, 5}, {1, 3}], [{8, 2}, {7}, {4, 6}, {1, 5}, {3}], [{8, 2}, {7}, {5, 6}, {4}, {1, 3}], [{8, 3}, {1, 7}, {2, 6}, {4, 5}], [{8, 3}, {1, 7}, {4, 6}, {2, 5}], [{8, 3}, {1, 7}, {5, 6}, {2, 4}], [{8, 3}, {2, 7}, {1, 6}, {4, 5}], [{8, 3}, {2, 7}, {1, 6}, {5}, {4}], [{8, 3}, {2, 7}, {4, 6}, {1, 5}], [{8, 3}, {2, 7}, {5, 6}, {1, 4}], [{8, 3}, {4, 7}, {1, 6}, {2, 5}], [{8, 3}, {4, 7}, {1, 6}, {5}, {2}], [{8, 3}, {4, 7}, {2, 6}, {1, 5}], [{8, 3}, {4, 7}, {5, 6}, {1, 2}], [{8, 3}, {5, 7}, {1, 6}, {2, 4}], [{8, 3}, {5, 7}, {1, 6}, {4}, {2}], [{8, 3}, {5, 7}, {2, 6}, {1, 4}], [{8, 3}, {5, 7}, {4, 6}, {1, 2}], [{8, 3}, {5, 7}, {4, 6}, {2}, {1}], [{8, 3}, {5, 7}, {6}, {1, 4}, {2}], [{8, 3}, {6, 7}, {1, 5}, {2, 4}], [{8, 3}, {6, 7}, {2, 5}, {1, 4}], [{8, 3}, {6, 7}, {4, 5}, {1, 2}], [{8, 3}, {7}, {1, 6}, {2, 5}, {4}], [{8, 3}, {7}, {1, 6}, {4, 5}, {2}], [{8, 3}, {7}, {1, 6}, {5}, {2, 4}], [{8, 3}, {7}, {1, 6}, {5}, {4}, {2}], [{8, 3}, {7}, {2, 6}, {1, 5}, {4}], [{8, 3}, {7}, {5, 6}, {4}, {1, 2}], [{8, 4}, {1, 7}, {2, 6}, {3, 5}], [{8, 4}, {1, 7}, {3, 6}, {2, 5}], [{8, 4}, {1, 7}, {5, 6}, {2, 3}], [{8, 4}, {1, 7}, {5, 6}, {3}, {2}], [{8, 4}, {2, 7}, {1, 6}, {3, 5}], [{8, 4}, {2, 7}, {3, 6}, {1, 5}], [{8, 4}, {2, 7}, {5, 6}, {1, 3}], [{8, 4}, {3, 7}, {1, 6}, {2, 5}], [{8, 4}, {3, 7}, {2, 6}, {1, 5}], [{8, 4}, {3, 7}, {5, 6}, {1, 2}], [{8, 4}, {5, 7}, {1, 6}, {2, 3}], [{8, 4}, {5, 7}, {1, 6}, {3}, {2}], [{8, 4}, {5, 7}, {2, 6}, {1, 3}], [{8, 4}, {5, 7}, {3, 6}, {1, 2}], [{8, 4}, {5, 7}, {3, 6}, {2}, {1}], [{8, 4}, {5, 7}, {6}, {1, 3}, {2}], [{8, 4}, {6, 7}, {1, 5}, {2, 3}], [{8, 4}, {6, 7}, {2, 5}, {1, 3}], [{8, 4}, {6, 7}, {3, 5}, {1, 2}], [{8, 4}, {7}, {6}, {1, 5}, {2, 3}], [{8, 4}, {7}, {6}, {3, 5}, {1, 2}], [{8, 5}, {1, 7}, {2, 6}, {3, 4}], [{8, 5}, {1, 7}, {2, 6}, {4}, {3}], [{8, 5}, {1, 7}, {3, 6}, {2, 4}], [{8, 5}, {1, 7}, {4, 6}, {2, 3}], [{8, 5}, {2, 7}, {1, 6}, {3, 4}], [{8, 5}, {2, 7}, {3, 6}, {1, 4}], [{8, 5}, {2, 7}, {4, 6}, {1, 3}], [{8, 5}, {2, 7}, {6}, {4}, {1, 3}], [{8, 5}, {3, 7}, {1, 6}, {2, 4}], [{8, 5}, {3, 7}, {2, 6}, {1, 4}], [{8, 5}, {3, 7}, {2, 6}, {4}, {1}], [{8, 5}, {3, 7}, {4, 6}, {1, 2}], [{8, 5}, {4, 7}, {1, 6}, {2, 3}], [{8, 5}, {4, 7}, {2, 6}, {1, 3}], [{8, 5}, {4, 7}, {3, 6}, {1, 2}], [{8, 5}, {4, 7}, {3, 6}, {2}, {1}], [{8, 5}, {4, 7}, {6}, {3}, {1, 2}], [{8, 5}, {6, 7}, {1, 4}, {2, 3}], [{8, 5}, {6, 7}, {1, 4}, {3}, {2}], [{8, 5}, {6, 7}, {2, 4}, {1, 3}], [{8, 5}, {6, 7}, {2, 4}, {3}, {1}], [{8, 5}, {6, 7}, {3, 4}, {1, 2}], [{8, 5}, {6, 7}, {3, 4}, {2}, {1}], [{8, 5}, {6, 7}, {4}, {1, 3}, {2}], [{8, 5}, {6, 7}, {4}, {2, 3}, {1}], [{8, 5}, {6, 7}, {4}, {3}, {1, 2}], [{8, 5}, {7}, {2, 6}, {4}, {1, 3}], [{8, 5}, {7}, {4, 6}, {3}, {1, 2}], [{8, 6}, {1, 7}, {2, 5}, {3, 4}], [{8, 6}, {1, 7}, {3, 5}, {2, 4}], [{8, 6}, {1, 7}, {4, 5}, {2, 3}], [{8, 6}, {1, 7}, {5}, {2, 4}, {3}], [{8, 6}, {1, 7}, {5}, {3, 4}, {2}], [{8, 6}, {1, 7}, {5}, {4}, {2, 3}], [{8, 6}, {2, 7}, {1, 5}, {3, 4}], [{8, 6}, {2, 7}, {3, 5}, {1, 4}], [{8, 6}, {2, 7}, {3, 5}, {4}, {1}], [{8, 6}, {2, 7}, {4, 5}, {1, 3}], [{8, 6}, {2, 7}, {4, 5}, {3}, {1}], [{8, 6}, {2, 7}, {5}, {3, 4}, {1}], [{8, 6}, {3, 7}, {1, 5}, {2, 4}], [{8, 6}, {3, 7}, {2, 5}, {1, 4}], [{8, 6}, {3, 7}, {4, 5}, {1, 2}], [{8, 6}, {3, 7}, {5}, {4}, {1, 2}], [{8, 6}, {4, 7}, {1, 5}, {2, 3}], [{8, 6}, {4, 7}, {2, 5}, {1, 3}], [{8, 6}, {4, 7}, {3, 5}, {1, 2}], [{8, 6}, {4, 7}, {5}, {3}, {1, 2}], [{8, 6}, {5, 7}, {1, 4}, {2, 3}], [{8, 6}, {5, 7}, {1, 4}, {3}, {2}], [{8, 6}, {5, 7}, {2, 4}, {1, 3}], [{8, 6}, {5, 7}, {3, 4}, {1, 2}], [{8, 6}, {5, 7}, {3, 4}, {2}, {1}], [{8, 6}, {5, 7}, {4}, {1, 3}, {2}], [{8, 6}, {7}, {1, 5}, {3, 4}, {2}], [{8, 6}, {7}, {2, 5}, {3, 4}, {1}], [{8, 6}, {7}, {5}, {3, 4}, {1, 2}], [{8, 6}, {7}, {5}, {3, 4}, {2}, {1}], [{8, 7}, {1, 6}, {2, 5}, {3, 4}], [{8, 7}, {1, 6}, {3, 5}, {2, 4}], [{8, 7}, {1, 6}, {4, 5}, {2, 3}], [{8, 7}, {2, 6}, {1, 5}, {3, 4}], [{8, 7}, {2, 6}, {1, 5}, {4}, {3}], [{8, 7}, {2, 6}, {3, 5}, {1, 4}], [{8, 7}, {2, 6}, {4, 5}, {1, 3}], [{8, 7}, {3, 6}, {1, 5}, {2, 4}], [{8, 7}, {3, 6}, {2, 5}, {1, 4}], [{8, 7}, {3, 6}, {4, 5}, {1, 2}], [{8, 7}, {4, 6}, {1, 5}, {2, 3}], [{8, 7}, {4, 6}, {2, 5}, {1, 3}], [{8, 7}, {4, 6}, {3, 5}, {1, 2}], [{8, 7}, {4, 6}, {3, 5}, {2}, {1}], [{8, 7}, {5, 6}, {1, 4}, {2, 3}], [{8, 7}, {5, 6}, {2, 4}, {1, 3}], [{8, 7}, {5, 6}, {3, 4}, {1, 2}], [{8, 7}, {5, 6}, {3, 4}, {2}, {1}], [{8, 7}, {6}, {4, 5}, {3}, {1, 2}], [{8}, {1, 7}, {4, 6}, {3, 5}, {2}], [{8}, {3, 7}, {2, 6}, {1, 5}, {4}], [{8}, {4, 7}, {2, 6}, {3, 5}, {1}], [{8}, {4, 7}, {5, 6}, {3}, {1, 2}], [{8}, {4, 7}, {6}, {2, 5}, {1, 3}], [{8}, {5, 7}, {1, 6}, {3, 4}, {2}], [{8}, {5, 7}, {2, 6}, {3, 4}, {1}], [{8}, {5, 7}, {3, 6}, {1, 4}, {2}], [{8}, {5, 7}, {4, 6}, {1, 3}, {2}], [{8}, {5, 7}, {6}, {3, 4}, {1, 2}], [{8}, {5, 7}, {6}, {3, 4}, {2}, {1}], [{8}, {6, 7}, {1, 5}, {4}, {2, 3}], [{8}, {7}, {3, 6}, {1, 5}, {2, 4}], [{8}, {7}, {3, 6}, {4, 5}, {1, 2}]]",2,12 K_1^3 - 36 K_1^2 - 14 K_1 K_2 - 2 K_1 + 18 K_2 + 4 K_3 + 19,O1O2O3O4U3U5O6U7O5O8U4U1U6U8O7U2,O1O2O3O4U1U5O6U2O5O7U4U7U8U3O8U6,O1O2O3O4U5O6U2U6U7U1O7O8U3O5U8U4,c,{'O1O2O3O4U3O5U6U7U4U1O6O8U5O7U8U2'},1,"<a href=""/flatknot/8.733901"">8.733901</a>",t^9-40t^7-84t^6+42t^5+98t^4-5t^3+8t^2-15t-2,t^3-2t^2+t,,
8.733902,O1O2O3O4U3O5U6U7U4U2O6O8U1O7U8U5,3,12z^2+55z+63,12w^3z^2-2w^3z+57w^2z+63w,False,False,"[[ 0 -1  1 -1  2  3 -3 -1  0],[ 1  0  1 -1  2  3 -1  0  0],[-1 -1  0 -1  1  0 -2 -1 -1],[ 1  1  1  0  1  1  0  0  0],[-2 -2 -1 -1  0 -1 -2 -1 -1],[-3 -3  0 -1  1  0 -4 -1 -1],[ 3  1  2  0  2  4  0  1  1],[ 1  0  1  0  1  1 -1  0  0],[ 0  0  1  0  1  1 -1  0  0]]","[[ 0  3  2  1  0 -1 -1 -1 -3],[-3  0  1  0 -1 -1 -1 -3 -4],[-2 -1  0 -1 -1 -1 -1 -2 -2],[-1  0  1  0 -1 -1 -1 -1 -2],[ 0  1  1  1  0  0  0  0 -1],[ 1  1  1  1  0  0  0  1  0],[ 1  1  1  1  0  0  0  0 -1],[ 1  3  2  1  0 -1  0  0 -1],[ 3  4  2  2  1  0  1  1  0]]",True,"[-3,-2,-1,0,1,1,1,3,-1,0,1,1,1,3,4,1,1,1,1,2,2,1,1,1,1,2,0,0,0,1,0,-1,0,0,1,1]","[-3,-2,-1,0,1,1,1,3,-1,0,1,1,1,3,4,1,1,1,1,2,2,1,1,1,1,2,0,0,0,1,0,-1,0,0,1,1]",t^8+53t^6+89t^4,"[-3,-1,-1,-1,0,1,2,3,1,1,2,2,2,3,2,0,0,1,1,2,3,1,1,1,1,1,1,1,2,3,0,1,2,0,2,2]","[-3,-2,-1,0,1,1,1,3,2,2,2,1,3,3,2,0,1,1,2,2,3,0,1,1,1,2,1,1,1,2,-1,0,1,0,2,1]","[-3,-1,-1,-1,0,1,2,3,0,1,1,1,2,2,4,0,1,0,1,1,1,0,0,1,1,1,0,1,2,3,1,1,1,1,0,-1]",c,"[[{8, 1}, {2, 7}, {3, 6}, {4, 5}], [{8, 1}, {2, 7}, {4, 6}, {3, 5}], [{8, 1}, {2, 7}, {5, 6}, {3, 4}], [{8, 1}, {3, 7}, {2, 6}, {4, 5}], [{8, 1}, {3, 7}, {4, 6}, {2, 5}], [{8, 1}, {3, 7}, {5, 6}, {2, 4}], [{8, 1}, {4, 7}, {2, 6}, {3, 5}], [{8, 1}, {4, 7}, {3, 6}, {2, 5}], [{8, 1}, {4, 7}, {5, 6}, {2, 3}], [{8, 1}, {5, 7}, {2, 6}, {3, 4}], [{8, 1}, {5, 7}, {3, 6}, {2, 4}], [{8, 1}, {5, 7}, {4, 6}, {2, 3}], [{8, 1}, {5, 7}, {6}, {3, 4}, {2}], [{8, 1}, {6, 7}, {2, 5}, {3, 4}], [{8, 1}, {6, 7}, {3, 5}, {2, 4}], [{8, 1}, {6, 7}, {4, 5}, {2, 3}], [{8, 1}, {6, 7}, {5}, {3, 4}, {2}], [{8, 1}, {7}, {2, 6}, {3, 5}, {4}], [{8, 1}, {7}, {3, 6}, {2, 5}, {4}], [{8, 1}, {7}, {5, 6}, {3, 4}, {2}], [{8, 2}, {1, 7}, {3, 6}, {4, 5}], [{8, 2}, {1, 7}, {3, 6}, {5}, {4}], [{8, 2}, {1, 7}, {4, 6}, {3, 5}], [{8, 2}, {1, 7}, {4, 6}, {5}, {3}], [{8, 2}, {1, 7}, {5, 6}, {3, 4}], [{8, 2}, {1, 7}, {5, 6}, {4}, {3}], [{8, 2}, {1, 7}, {6}, {3, 5}, {4}], [{8, 2}, {1, 7}, {6}, {4, 5}, {3}], [{8, 2}, {1, 7}, {6}, {5}, {3, 4}], [{8, 2}, {1, 7}, {6}, {5}, {4}, {3}], [{8, 2}, {3, 7}, {1, 6}, {4, 5}], [{8, 2}, {3, 7}, {4, 6}, {1, 5}], [{8, 2}, {3, 7}, {5, 6}, {1, 4}], [{8, 2}, {4, 7}, {1, 6}, {3, 5}], [{8, 2}, {4, 7}, {3, 6}, {1, 5}], [{8, 2}, {4, 7}, {5, 6}, {1, 3}], [{8, 2}, {5, 7}, {1, 6}, {3, 4}], [{8, 2}, {5, 7}, {3, 6}, {1, 4}], [{8, 2}, {5, 7}, {4, 6}, {1, 3}], [{8, 2}, {6, 7}, {1, 5}, {3, 4}], [{8, 2}, {6, 7}, {3, 5}, {1, 4}], [{8, 2}, {6, 7}, {4, 5}, {1, 3}], [{8, 2}, {6, 7}, {4, 5}, {3}, {1}], [{8, 2}, {7}, {1, 6}, {4, 5}, {3}], [{8, 3}, {1, 7}, {2, 6}, {4, 5}], [{8, 3}, {1, 7}, {2, 6}, {5}, {4}], [{8, 3}, {1, 7}, {4, 6}, {2, 5}], [{8, 3}, {1, 7}, {4, 6}, {5}, {2}], [{8, 3}, {1, 7}, {5, 6}, {2, 4}], [{8, 3}, {1, 7}, {5, 6}, {4}, {2}], [{8, 3}, {1, 7}, {6}, {2, 5}, {4}], [{8, 3}, {1, 7}, {6}, {4, 5}, {2}], [{8, 3}, {1, 7}, {6}, {5}, {2, 4}], [{8, 3}, {1, 7}, {6}, {5}, {4}, {2}], [{8, 3}, {2, 7}, {1, 6}, {4, 5}], [{8, 3}, {2, 7}, {4, 6}, {1, 5}], [{8, 3}, {2, 7}, {5, 6}, {1, 4}], [{8, 3}, {4, 7}, {1, 6}, {2, 5}], [{8, 3}, {4, 7}, {2, 6}, {1, 5}], [{8, 3}, {4, 7}, {5, 6}, {1, 2}], [{8, 3}, {5, 7}, {1, 6}, {2, 4}], [{8, 3}, {5, 7}, {2, 6}, {1, 4}], [{8, 3}, {5, 7}, {4, 6}, {1, 2}], [{8, 3}, {6, 7}, {1, 5}, {2, 4}], [{8, 3}, {6, 7}, {2, 5}, {1, 4}], [{8, 3}, {6, 7}, {4, 5}, {1, 2}], [{8, 3}, {7}, {2, 6}, {4, 5}, {1}], [{8, 4}, {1, 7}, {2, 6}, {3, 5}], [{8, 4}, {1, 7}, {2, 6}, {5}, {3}], [{8, 4}, {1, 7}, {3, 6}, {2, 5}], [{8, 4}, {1, 7}, {3, 6}, {5}, {2}], [{8, 4}, {1, 7}, {5, 6}, {2, 3}], [{8, 4}, {1, 7}, {5, 6}, {3}, {2}], [{8, 4}, {1, 7}, {6}, {2, 5}, {3}], [{8, 4}, {1, 7}, {6}, {3, 5}, {2}], [{8, 4}, {1, 7}, {6}, {5}, {2, 3}], [{8, 4}, {1, 7}, {6}, {5}, {3}, {2}], [{8, 4}, {2, 7}, {1, 6}, {3, 5}], [{8, 4}, {2, 7}, {3, 6}, {1, 5}], [{8, 4}, {2, 7}, {5, 6}, {1, 3}], [{8, 4}, {3, 7}, {1, 6}, {2, 5}], [{8, 4}, {3, 7}, {1, 6}, {5}, {2}], [{8, 4}, {3, 7}, {2, 6}, {1, 5}], [{8, 4}, {3, 7}, {5, 6}, {1, 2}], [{8, 4}, {3, 7}, {6}, {2, 5}, {1}], [{8, 4}, {5, 7}, {1, 6}, {2, 3}], [{8, 4}, {5, 7}, {2, 6}, {1, 3}], [{8, 4}, {5, 7}, {3, 6}, {1, 2}], [{8, 4}, {5, 7}, {6}, {2, 3}, {1}], [{8, 4}, {6, 7}, {1, 5}, {2, 3}], [{8, 4}, {6, 7}, {2, 5}, {1, 3}], [{8, 4}, {6, 7}, {2, 5}, {3}, {1}], [{8, 4}, {6, 7}, {3, 5}, {1, 2}], [{8, 4}, {6, 7}, {5}, {1, 3}, {2}], [{8, 4}, {7}, {1, 6}, {2, 5}, {3}], [{8, 4}, {7}, {2, 6}, {3, 5}, {1}], [{8, 4}, {7}, {3, 6}, {2, 5}, {1}], [{8, 4}, {7}, {6}, {1, 5}, {2, 3}], [{8, 4}, {7}, {6}, {2, 5}, {1, 3}], [{8, 5}, {1, 7}, {2, 6}, {3, 4}], [{8, 5}, {1, 7}, {2, 6}, {4}, {3}], [{8, 5}, {1, 7}, {3, 6}, {2, 4}], [{8, 5}, {1, 7}, {3, 6}, {4}, {2}], [{8, 5}, {1, 7}, {4, 6}, {2, 3}], [{8, 5}, {1, 7}, {4, 6}, {3}, {2}], [{8, 5}, {1, 7}, {6}, {2, 4}, {3}], [{8, 5}, {1, 7}, {6}, {3, 4}, {2}], [{8, 5}, {1, 7}, {6}, {4}, {2, 3}], [{8, 5}, {1, 7}, {6}, {4}, {3}, {2}], [{8, 5}, {2, 7}, {1, 6}, {3, 4}], [{8, 5}, {2, 7}, {3, 6}, {1, 4}], [{8, 5}, {2, 7}, {4, 6}, {1, 3}], [{8, 5}, {2, 7}, {6}, {3, 4}, {1}], [{8, 5}, {3, 7}, {1, 6}, {2, 4}], [{8, 5}, {3, 7}, {2, 6}, {1, 4}], [{8, 5}, {3, 7}, {4, 6}, {1, 2}], [{8, 5}, {3, 7}, {6}, {1, 4}, {2}], [{8, 5}, {4, 7}, {1, 6}, {2, 3}], [{8, 5}, {4, 7}, {2, 6}, {1, 3}], [{8, 5}, {4, 7}, {3, 6}, {1, 2}], [{8, 5}, {4, 7}, {6}, {1, 3}, {2}], [{8, 5}, {6, 7}, {1, 4}, {2, 3}], [{8, 5}, {6, 7}, {2, 4}, {1, 3}], [{8, 5}, {6, 7}, {3, 4}, {1, 2}], [{8, 5}, {6, 7}, {3, 4}, {2}, {1}], [{8, 5}, {7}, {1, 6}, {3, 4}, {2}], [{8, 5}, {7}, {2, 6}, {3, 4}, {1}], [{8, 5}, {7}, {6}, {3, 4}, {1, 2}], [{8, 5}, {7}, {6}, {3, 4}, {2}, {1}], [{8, 6}, {1, 7}, {2, 5}, {3, 4}], [{8, 6}, {1, 7}, {2, 5}, {4}, {3}], [{8, 6}, {1, 7}, {3, 5}, {2, 4}], [{8, 6}, {1, 7}, {3, 5}, {4}, {2}], [{8, 6}, {1, 7}, {4, 5}, {2, 3}], [{8, 6}, {1, 7}, {4, 5}, {3}, {2}], [{8, 6}, {1, 7}, {5}, {2, 4}, {3}], [{8, 6}, {1, 7}, {5}, {3, 4}, {2}], [{8, 6}, {1, 7}, {5}, {4}, {2, 3}], [{8, 6}, {1, 7}, {5}, {4}, {3}, {2}], [{8, 6}, {2, 7}, {1, 5}, {3, 4}], [{8, 6}, {2, 7}, {3, 5}, {1, 4}], [{8, 6}, {2, 7}, {4, 5}, {1, 3}], [{8, 6}, {3, 7}, {1, 5}, {2, 4}], [{8, 6}, {3, 7}, {2, 5}, {1, 4}], [{8, 6}, {3, 7}, {4, 5}, {1, 2}], [{8, 6}, {4, 7}, {1, 5}, {2, 3}], [{8, 6}, {4, 7}, {2, 5}, {1, 3}], [{8, 6}, {4, 7}, {3, 5}, {1, 2}], [{8, 6}, {5, 7}, {1, 4}, {2, 3}], [{8, 6}, {5, 7}, {2, 4}, {1, 3}], [{8, 6}, {5, 7}, {3, 4}, {1, 2}], [{8, 6}, {5, 7}, {3, 4}, {2}, {1}], [{8, 6}, {7}, {1, 5}, {3, 4}, {2}], [{8, 7}, {1, 6}, {2, 5}, {3, 4}], [{8, 7}, {1, 6}, {3, 5}, {2, 4}], [{8, 7}, {1, 6}, {4, 5}, {2, 3}], [{8, 7}, {1, 6}, {5}, {3, 4}, {2}], [{8, 7}, {2, 6}, {1, 5}, {3, 4}], [{8, 7}, {2, 6}, {3, 5}, {1, 4}], [{8, 7}, {2, 6}, {3, 5}, {4}, {1}], [{8, 7}, {2, 6}, {4, 5}, {1, 3}], [{8, 7}, {3, 6}, {1, 5}, {2, 4}], [{8, 7}, {3, 6}, {2, 5}, {1, 4}], [{8, 7}, {3, 6}, {2, 5}, {4}, {1}], [{8, 7}, {3, 6}, {4, 5}, {1, 2}], [{8, 7}, {4, 6}, {1, 5}, {2, 3}], [{8, 7}, {4, 6}, {2, 5}, {1, 3}], [{8, 7}, {4, 6}, {3, 5}, {1, 2}], [{8, 7}, {5, 6}, {1, 4}, {2, 3}], [{8, 7}, {5, 6}, {2, 4}, {1, 3}], [{8, 7}, {5, 6}, {3, 4}, {1, 2}], [{8, 7}, {5, 6}, {3, 4}, {2}, {1}], [{8, 7}, {6}, {1, 5}, {3, 4}, {2}], [{8}, {1, 7}, {2, 6}, {3, 5}, {4}], [{8}, {1, 7}, {2, 6}, {4, 5}, {3}], [{8}, {1, 7}, {2, 6}, {5}, {3, 4}], [{8}, {1, 7}, {2, 6}, {5}, {4}, {3}], [{8}, {1, 7}, {3, 6}, {2, 5}, {4}], [{8}, {1, 7}, {3, 6}, {4, 5}, {2}], [{8}, {1, 7}, {3, 6}, {5}, {2, 4}], [{8}, {1, 7}, {3, 6}, {5}, {4}, {2}], [{8}, {1, 7}, {4, 6}, {2, 5}, {3}], [{8}, {1, 7}, {4, 6}, {3, 5}, {2}], [{8}, {1, 7}, {4, 6}, {5}, {2, 3}], [{8}, {1, 7}, {4, 6}, {5}, {3}, {2}], [{8}, {1, 7}, {5, 6}, {2, 4}, {3}], [{8}, {1, 7}, {5, 6}, {3, 4}, {2}], [{8}, {1, 7}, {5, 6}, {4}, {2, 3}], [{8}, {1, 7}, {5, 6}, {4}, {3}, {2}], [{8}, {1, 7}, {6}, {2, 5}, {3, 4}], [{8}, {1, 7}, {6}, {2, 5}, {4}, {3}], [{8}, {1, 7}, {6}, {3, 5}, {2, 4}], [{8}, {1, 7}, {6}, {3, 5}, {4}, {2}], [{8}, {1, 7}, {6}, {4, 5}, {2, 3}], [{8}, {1, 7}, {6}, {4, 5}, {3}, {2}], [{8}, {1, 7}, {6}, {5}, {2, 4}, {3}], [{8}, {1, 7}, {6}, {5}, {3, 4}, {2}], [{8}, {1, 7}, {6}, {5}, {4}, {2, 3}], [{8}, {1, 7}, {6}, {5}, {4}, {3}, {2}], [{8}, {2, 7}, {1, 6}, {3, 5}, {4}], [{8}, {2, 7}, {3, 6}, {1, 5}, {4}], [{8}, {3, 7}, {1, 6}, {2, 5}, {4}], [{8}, {3, 7}, {2, 6}, {1, 5}, {4}], [{8}, {3, 7}, {4, 6}, {1, 5}, {2}], [{8}, {3, 7}, {6}, {1, 5}, {2, 4}], [{8}, {4, 7}, {2, 6}, {3, 5}, {1}], [{8}, {4, 7}, {3, 6}, {2, 5}, {1}], [{8}, {4, 7}, {5, 6}, {2, 3}, {1}], [{8}, {5, 7}, {1, 6}, {3, 4}, {2}], [{8}, {5, 7}, {2, 6}, {4}, {1, 3}], [{8}, {5, 7}, {3, 6}, {4}, {1, 2}], [{8}, {5, 7}, {4, 6}, {1, 3}, {2}], [{8}, {5, 7}, {6}, {2, 4}, {1, 3}], [{8}, {6, 7}, {1, 5}, {3, 4}, {2}], [{8}, {6, 7}, {2, 5}, {4}, {1, 3}], [{8}, {6, 7}, {3, 5}, {4}, {1, 2}], [{8}, {7}, {2, 6}, {3, 5}, {1, 4}], [{8}, {7}, {2, 6}, {3, 5}, {4}, {1}], [{8}, {7}, {3, 6}, {2, 5}, {1, 4}], [{8}, {7}, {3, 6}, {2, 5}, {4}, {1}], [{8}, {7}, {5, 6}, {1, 4}, {2, 3}]]",2,12 K_1^3 + 4 K_1^2 K_2 - 12 K_1^2 - 12 K_1 K_2 - 2 K_1 K_3 - 3 K_1 - 2 K_2^2 + 5 K_2 + 3 K_3 + K_4 + 7,O1O2O3O4U5U6O7U4O6O8U3U1U7U8O5U2,O1O2O3O4U1U5O6U2O5O7U6U4U8U3O8U7,O1O2O3O4U5O6U2U6U1U7O5O8U3O7U8U4,c,"{'O1O2O3U2O4O5U6U7U3U4O6O8U1O7U8U5', 'O1O2O3O4U3O5U6U7U4U2O6O8U1O7U8U5'}",2,"<a href=""/flatknot/8.733902"">8.733902</a>",t^9-51t^7-130t^6+46t^5+270t^4-17t^3-194t^2+16t+32,-t^2+2t,,
8.733903,O1O2O3O4U3O5U6U7U4U2O6O8U5O7U1U8,4,11z^2+64z+85,11w^3z^2+64w^2z+85w,False,False,"[[ 0 -1  1 -1  2  2 -3 -1  1],[ 1  0  1 -1  2  3 -2 -1  1],[-1 -1  0 -1  1  1 -2 -2  0],[ 1  1  1  0  1  1  0  0  0],[-2 -2 -1 -1  0  0 -2 -2  0],[-2 -3 -1 -1  0  0 -2 -1  0],[ 3  2  2  0  2  2  0  1  2],[ 1  1  2  0  2  1 -1  0  1],[-1 -1  0  0  0  0 -2 -1  0]]","[[ 0  2  2  1  1 -1 -1 -1 -3],[-2  0  0  0 -1 -1 -1 -3 -2],[-2  0  0  0 -1 -1 -2 -2 -2],[-1  0  0  0  0  0 -1 -1 -2],[-1  1  1  0  0 -1 -2 -1 -2],[ 1  1  1  0  1  0  0  1  0],[ 1  1  2  1  2  0  0  1 -1],[ 1  3  2  1  1 -1 -1  0 -2],[ 3  2  2  2  2  0  1  2  0]]",True,"[-2,-2,-1,-1,1,1,1,3,0,0,1,1,1,3,2,0,1,1,2,2,2,0,0,1,1,2,1,2,1,2,0,-1,0,-1,1,2]","[-3,-1,-1,-1,1,1,2,2,0,1,2,2,2,2,2,0,1,0,1,1,1,1,1,2,1,2,1,1,3,2,0,0,0,1,1,0]",t^8+53t^6+146t^4+68t^2,"[-3,-1,-1,-1,1,1,2,2,0,1,2,2,2,3,3,1,1,1,1,0,1,0,0,1,2,1,1,2,2,2,0,0,0,1,1,0]","[-2,-2,-1,-1,1,1,1,3,0,0,1,0,2,2,3,0,1,1,1,2,3,0,1,0,1,2,1,1,2,2,-1,-1,0,0,1,2]","[-3,-1,-1,-1,1,1,2,2,0,1,2,2,2,2,2,0,1,0,1,1,1,1,1,2,1,2,1,1,3,2,0,0,0,1,1,0]",c,"[[{8, 1}, {2, 7}, {3, 6}, {4, 5}], [{8, 1}, {2, 7}, {4, 6}, {3, 5}], [{8, 1}, {2, 7}, {5, 6}, {3, 4}], [{8, 1}, {2, 7}, {6}, {5}, {3, 4}], [{8, 1}, {3, 7}, {2, 6}, {4, 5}], [{8, 1}, {3, 7}, {4, 6}, {2, 5}], [{8, 1}, {3, 7}, {4, 6}, {5}, {2}], [{8, 1}, {3, 7}, {5, 6}, {2, 4}], [{8, 1}, {4, 7}, {2, 6}, {3, 5}], [{8, 1}, {4, 7}, {3, 6}, {2, 5}], [{8, 1}, {4, 7}, {3, 6}, {5}, {2}], [{8, 1}, {4, 7}, {5, 6}, {2, 3}], [{8, 1}, {5, 7}, {2, 6}, {3, 4}], [{8, 1}, {5, 7}, {3, 6}, {2, 4}], [{8, 1}, {5, 7}, {4, 6}, {2, 3}], [{8, 1}, {5, 7}, {6}, {3, 4}, {2}], [{8, 1}, {6, 7}, {2, 5}, {3, 4}], [{8, 1}, {6, 7}, {2, 5}, {4}, {3}], [{8, 1}, {6, 7}, {3, 5}, {2, 4}], [{8, 1}, {6, 7}, {3, 5}, {4}, {2}], [{8, 1}, {6, 7}, {4, 5}, {2, 3}], [{8, 1}, {6, 7}, {4, 5}, {3}, {2}], [{8, 1}, {6, 7}, {5}, {2, 4}, {3}], [{8, 1}, {6, 7}, {5}, {3, 4}, {2}], [{8, 1}, {6, 7}, {5}, {4}, {2, 3}], [{8, 1}, {6, 7}, {5}, {4}, {3}, {2}], [{8, 1}, {7}, {2, 6}, {5}, {3, 4}], [{8, 1}, {7}, {5, 6}, {3, 4}, {2}], [{8, 1}, {7}, {6}, {2, 5}, {3, 4}], [{8, 1}, {7}, {6}, {5}, {3, 4}, {2}], [{8, 2}, {1, 7}, {3, 6}, {4, 5}], [{8, 2}, {1, 7}, {3, 6}, {5}, {4}], [{8, 2}, {1, 7}, {4, 6}, {3, 5}], [{8, 2}, {1, 7}, {5, 6}, {3, 4}], [{8, 2}, {3, 7}, {1, 6}, {4, 5}], [{8, 2}, {3, 7}, {1, 6}, {5}, {4}], [{8, 2}, {3, 7}, {4, 6}, {1, 5}], [{8, 2}, {3, 7}, {5, 6}, {1, 4}], [{8, 2}, {4, 7}, {1, 6}, {3, 5}], [{8, 2}, {4, 7}, {3, 6}, {1, 5}], [{8, 2}, {4, 7}, {5, 6}, {1, 3}], [{8, 2}, {5, 7}, {1, 6}, {3, 4}], [{8, 2}, {5, 7}, {3, 6}, {1, 4}], [{8, 2}, {5, 7}, {4, 6}, {1, 3}], [{8, 2}, {5, 7}, {6}, {3, 4}, {1}], [{8, 2}, {6, 7}, {1, 5}, {3, 4}], [{8, 2}, {6, 7}, {3, 5}, {1, 4}], [{8, 2}, {6, 7}, {4, 5}, {1, 3}], [{8, 2}, {6, 7}, {5}, {4}, {1, 3}], [{8, 3}, {1, 7}, {2, 6}, {4, 5}], [{8, 3}, {1, 7}, {2, 6}, {5}, {4}], [{8, 3}, {1, 7}, {4, 6}, {2, 5}], [{8, 3}, {1, 7}, {5, 6}, {2, 4}], [{8, 3}, {2, 7}, {1, 6}, {4, 5}], [{8, 3}, {2, 7}, {1, 6}, {5}, {4}], [{8, 3}, {2, 7}, {4, 6}, {1, 5}], [{8, 3}, {2, 7}, {5, 6}, {1, 4}], [{8, 3}, {4, 7}, {1, 6}, {2, 5}], [{8, 3}, {4, 7}, {2, 6}, {1, 5}], [{8, 3}, {4, 7}, {5, 6}, {1, 2}], [{8, 3}, {5, 7}, {1, 6}, {2, 4}], [{8, 3}, {5, 7}, {2, 6}, {1, 4}], [{8, 3}, {5, 7}, {4, 6}, {1, 2}], [{8, 3}, {6, 7}, {1, 5}, {2, 4}], [{8, 3}, {6, 7}, {2, 5}, {1, 4}], [{8, 3}, {6, 7}, {4, 5}, {1, 2}], [{8, 3}, {6, 7}, {5}, {4}, {1, 2}], [{8, 3}, {7}, {4, 6}, {1, 5}, {2}], [{8, 3}, {7}, {5, 6}, {1, 4}, {2}], [{8, 4}, {1, 7}, {2, 6}, {3, 5}], [{8, 4}, {1, 7}, {3, 6}, {2, 5}], [{8, 4}, {1, 7}, {5, 6}, {2, 3}], [{8, 4}, {1, 7}, {6}, {3, 5}, {2}], [{8, 4}, {2, 7}, {1, 6}, {3, 5}], [{8, 4}, {2, 7}, {3, 6}, {1, 5}], [{8, 4}, {2, 7}, {5, 6}, {1, 3}], [{8, 4}, {3, 7}, {1, 6}, {2, 5}], [{8, 4}, {3, 7}, {2, 6}, {1, 5}], [{8, 4}, {3, 7}, {5, 6}, {1, 2}], [{8, 4}, {5, 7}, {1, 6}, {2, 3}], [{8, 4}, {5, 7}, {2, 6}, {1, 3}], [{8, 4}, {5, 7}, {3, 6}, {1, 2}], [{8, 4}, {6, 7}, {1, 5}, {2, 3}], [{8, 4}, {6, 7}, {2, 5}, {1, 3}], [{8, 4}, {6, 7}, {3, 5}, {1, 2}], [{8, 4}, {6, 7}, {3, 5}, {2}, {1}], [{8, 4}, {7}, {1, 6}, {3, 5}, {2}], [{8, 4}, {7}, {5, 6}, {2, 3}, {1}], [{8, 5}, {1, 7}, {2, 6}, {3, 4}], [{8, 5}, {1, 7}, {3, 6}, {2, 4}], [{8, 5}, {1, 7}, {4, 6}, {2, 3}], [{8, 5}, {1, 7}, {6}, {3, 4}, {2}], [{8, 5}, {2, 7}, {1, 6}, {3, 4}], [{8, 5}, {2, 7}, {3, 6}, {1, 4}], [{8, 5}, {2, 7}, {4, 6}, {1, 3}], [{8, 5}, {2, 7}, {4, 6}, {3}, {1}], [{8, 5}, {3, 7}, {1, 6}, {2, 4}], [{8, 5}, {3, 7}, {2, 6}, {1, 4}], [{8, 5}, {3, 7}, {4, 6}, {1, 2}], [{8, 5}, {3, 7}, {4, 6}, {2}, {1}], [{8, 5}, {4, 7}, {1, 6}, {2, 3}], [{8, 5}, {4, 7}, {2, 6}, {1, 3}], [{8, 5}, {4, 7}, {2, 6}, {3}, {1}], [{8, 5}, {4, 7}, {3, 6}, {1, 2}], [{8, 5}, {4, 7}, {6}, {1, 3}, {2}], [{8, 5}, {6, 7}, {1, 4}, {2, 3}], [{8, 5}, {6, 7}, {2, 4}, {1, 3}], [{8, 5}, {6, 7}, {3, 4}, {1, 2}], [{8, 5}, {6, 7}, {3, 4}, {2}, {1}], [{8, 5}, {7}, {1, 6}, {3, 4}, {2}], [{8, 5}, {7}, {2, 6}, {4}, {1, 3}], [{8, 5}, {7}, {3, 6}, {4}, {1, 2}], [{8, 5}, {7}, {4, 6}, {2, 3}, {1}], [{8, 6}, {1, 7}, {2, 5}, {3, 4}], [{8, 6}, {1, 7}, {2, 5}, {4}, {3}], [{8, 6}, {1, 7}, {3, 5}, {2, 4}], [{8, 6}, {1, 7}, {3, 5}, {4}, {2}], [{8, 6}, {1, 7}, {4, 5}, {2, 3}], [{8, 6}, {1, 7}, {4, 5}, {3}, {2}], [{8, 6}, {1, 7}, {5}, {2, 4}, {3}], [{8, 6}, {1, 7}, {5}, {3, 4}, {2}], [{8, 6}, {1, 7}, {5}, {4}, {2, 3}], [{8, 6}, {1, 7}, {5}, {4}, {3}, {2}], [{8, 6}, {2, 7}, {1, 5}, {3, 4}], [{8, 6}, {2, 7}, {3, 5}, {1, 4}], [{8, 6}, {2, 7}, {4, 5}, {1, 3}], [{8, 6}, {2, 7}, {5}, {1, 4}, {3}], [{8, 6}, {3, 7}, {1, 5}, {2, 4}], [{8, 6}, {3, 7}, {2, 5}, {1, 4}], [{8, 6}, {3, 7}, {4, 5}, {1, 2}], [{8, 6}, {4, 7}, {1, 5}, {2, 3}], [{8, 6}, {4, 7}, {2, 5}, {1, 3}], [{8, 6}, {4, 7}, {3, 5}, {1, 2}], [{8, 6}, {4, 7}, {5}, {3}, {1, 2}], [{8, 6}, {5, 7}, {1, 4}, {2, 3}], [{8, 6}, {5, 7}, {2, 4}, {1, 3}], [{8, 6}, {5, 7}, {3, 4}, {1, 2}], [{8, 6}, {5, 7}, {3, 4}, {2}, {1}], [{8, 6}, {7}, {1, 5}, {3, 4}, {2}], [{8, 7}, {1, 6}, {2, 5}, {3, 4}], [{8, 7}, {1, 6}, {2, 5}, {4}, {3}], [{8, 7}, {1, 6}, {3, 5}, {2, 4}], [{8, 7}, {1, 6}, {3, 5}, {4}, {2}], [{8, 7}, {1, 6}, {4, 5}, {2, 3}], [{8, 7}, {1, 6}, {4, 5}, {3}, {2}], [{8, 7}, {1, 6}, {5}, {2, 4}, {3}], [{8, 7}, {1, 6}, {5}, {3, 4}, {2}], [{8, 7}, {1, 6}, {5}, {4}, {2, 3}], [{8, 7}, {1, 6}, {5}, {4}, {3}, {2}], [{8, 7}, {2, 6}, {1, 5}, {3, 4}], [{8, 7}, {2, 6}, {1, 5}, {4}, {3}], [{8, 7}, {2, 6}, {3, 5}, {1, 4}], [{8, 7}, {2, 6}, {4, 5}, {1, 3}], [{8, 7}, {3, 6}, {1, 5}, {2, 4}], [{8, 7}, {3, 6}, {1, 5}, {4}, {2}], [{8, 7}, {3, 6}, {2, 5}, {1, 4}], [{8, 7}, {3, 6}, {4, 5}, {1, 2}], [{8, 7}, {4, 6}, {1, 5}, {2, 3}], [{8, 7}, {4, 6}, {1, 5}, {3}, {2}], [{8, 7}, {4, 6}, {2, 5}, {1, 3}], [{8, 7}, {4, 6}, {3, 5}, {1, 2}], [{8, 7}, {4, 6}, {5}, {2, 3}, {1}], [{8, 7}, {5, 6}, {1, 4}, {2, 3}], [{8, 7}, {5, 6}, {1, 4}, {3}, {2}], [{8, 7}, {5, 6}, {2, 4}, {1, 3}], [{8, 7}, {5, 6}, {2, 4}, {3}, {1}], [{8, 7}, {5, 6}, {3, 4}, {1, 2}], [{8, 7}, {5, 6}, {3, 4}, {2}, {1}], [{8, 7}, {5, 6}, {4}, {1, 3}, {2}], [{8, 7}, {5, 6}, {4}, {2, 3}, {1}], [{8, 7}, {5, 6}, {4}, {3}, {1, 2}], [{8, 7}, {5, 6}, {4}, {3}, {2}, {1}], [{8, 7}, {6}, {1, 5}, {2, 4}, {3}], [{8, 7}, {6}, {1, 5}, {3, 4}, {2}], [{8, 7}, {6}, {1, 5}, {4}, {2, 3}], [{8, 7}, {6}, {1, 5}, {4}, {3}, {2}], [{8, 7}, {6}, {4, 5}, {2, 3}, {1}], [{8, 7}, {6}, {5}, {1, 4}, {2, 3}], [{8}, {1, 7}, {4, 6}, {3, 5}, {2}], [{8}, {1, 7}, {5, 6}, {3, 4}, {2}], [{8}, {2, 7}, {6}, {3, 5}, {1, 4}], [{8}, {3, 7}, {4, 6}, {1, 5}, {2}], [{8}, {3, 7}, {5, 6}, {1, 4}, {2}], [{8}, {4, 7}, {1, 6}, {3, 5}, {2}], [{8}, {4, 7}, {5, 6}, {2, 3}, {1}], [{8}, {5, 7}, {1, 6}, {3, 4}, {2}], [{8}, {5, 7}, {2, 6}, {3, 4}, {1}], [{8}, {5, 7}, {3, 6}, {2, 4}, {1}], [{8}, {5, 7}, {4, 6}, {2, 3}, {1}], [{8}, {5, 7}, {6}, {3, 4}, {1, 2}], [{8}, {5, 7}, {6}, {3, 4}, {2}, {1}], [{8}, {6, 7}, {1, 5}, {3, 4}, {2}], [{8}, {6, 7}, {3, 5}, {1, 4}, {2}], [{8}, {7}, {2, 6}, {3, 5}, {1, 4}], [{8}, {7}, {3, 6}, {2, 5}, {1, 4}]]",2,12 K_1^3 + 4 K_1^2 K_2 - 18 K_1^2 - 26 K_1 K_2 - 6 K_1 K_3 + 4 K_1 - 2 K_2^2 + 10 K_2 + 10 K_3 + 3 K_4 + 10,O1O2O3O4U5U4O6U7O5O8U3U1U6U8O7U2,O1O2O3O4U1U5O6U2O7O5U7U4U8U3O8U6,O1O2O3O4U5O6U2U6U1U7O8O7U3O5U8U4,c,"{'O1O2O3U2O4O5U6U7U3U4O6O8U5O7U1U8', 'O1O2O3O4U3O5U6U7U4U2O6O8U5O7U1U8'}",2,"<a href=""/flatknot/8.733903"">8.733903</a>",t^9-55t^7-172t^6+28t^5+414t^4+87t^3-232t^2-69t+14,t^3-2t^2+t,,
8.733904,O1O2O3O4U3O5U6U7U4U8O6O8U1O7U2U5,4,13z^2+82z+113,13w^3z^2+82w^2z+113w,False,False,"[[ 0 -1  0 -1  2  3 -3 -1  1],[ 1  0  0 -1  2  2 -1  1  2],[ 0  0  0 -1  3  2 -3  0  1],[ 1  1  1  0  1  1  0  0  1],[-2 -2 -3 -1  0 -1 -2 -1 -1],[-3 -2 -2 -1  1  0 -5 -2 -2],[ 3  1  3  0  2  5  0  0  3],[ 1 -1  0  0  1  2  0  0  2],[-1 -2 -1 -1  1  2 -3 -2  0]]","[[ 0  3  2  1  0 -1 -1 -1 -3],[-3  0  1 -2 -2 -1 -2 -2 -5],[-2 -1  0 -1 -3 -1 -1 -2 -2],[-1  2  1  0 -1 -1 -2 -2 -3],[ 0  2  3  1  0 -1  0  0 -3],[ 1  1  1  1  1  0  0  1  0],[ 1  2  1  2  0  0  0 -1  0],[ 1  2  2  2  0 -1  1  0 -1],[ 3  5  2  3  3  0  0  1  0]]",True,"[-3,-2,-1,0,1,1,1,3,-1,2,2,1,2,2,5,1,3,1,1,2,2,1,1,2,2,3,1,0,0,3,0,-1,0,1,0,1]","[-3,-2,-1,0,1,1,1,3,-1,2,2,1,2,2,5,1,3,1,1,2,2,1,1,2,2,3,1,0,0,3,0,-1,0,1,0,1]",t^8+95t^6+654t^4+265t^2+9,"[-3,-1,-1,-1,0,1,2,3,1,2,2,0,1,3,1,-1,1,1,0,1,2,0,1,0,2,2,0,1,2,3,0,-1,1,0,0,2]","[-3,-2,-1,0,1,1,1,3,2,0,1,2,2,3,1,0,-1,1,2,2,3,0,0,0,1,1,1,1,0,0,1,-1,1,0,2,2]","[-3,-1,-1,-1,0,1,2,3,0,0,1,3,3,2,5,0,-1,0,2,1,2,1,1,1,1,1,0,2,2,2,1,3,2,1,2,-1]",c,"[[{8, 1}, {2, 7}, {3, 6}, {4, 5}], [{8, 1}, {2, 7}, {4, 6}, {3, 5}], [{8, 1}, {2, 7}, {5, 6}, {3, 4}], [{8, 1}, {2, 7}, {5, 6}, {4}, {3}], [{8, 1}, {2, 7}, {6}, {5}, {3, 4}], [{8, 1}, {3, 7}, {2, 6}, {4, 5}], [{8, 1}, {3, 7}, {2, 6}, {5}, {4}], [{8, 1}, {3, 7}, {4, 6}, {2, 5}], [{8, 1}, {3, 7}, {4, 6}, {5}, {2}], [{8, 1}, {3, 7}, {5, 6}, {2, 4}], [{8, 1}, {3, 7}, {5, 6}, {4}, {2}], [{8, 1}, {3, 7}, {6}, {2, 5}, {4}], [{8, 1}, {3, 7}, {6}, {4, 5}, {2}], [{8, 1}, {3, 7}, {6}, {5}, {2, 4}], [{8, 1}, {3, 7}, {6}, {5}, {4}, {2}], [{8, 1}, {4, 7}, {2, 6}, {3, 5}], [{8, 1}, {4, 7}, {3, 6}, {2, 5}], [{8, 1}, {4, 7}, {5, 6}, {2, 3}], [{8, 1}, {4, 7}, {5, 6}, {3}, {2}], [{8, 1}, {4, 7}, {6}, {5}, {2, 3}], [{8, 1}, {5, 7}, {2, 6}, {3, 4}], [{8, 1}, {5, 7}, {2, 6}, {4}, {3}], [{8, 1}, {5, 7}, {3, 6}, {2, 4}], [{8, 1}, {5, 7}, {4, 6}, {2, 3}], [{8, 1}, {6, 7}, {2, 5}, {3, 4}], [{8, 1}, {6, 7}, {3, 5}, {2, 4}], [{8, 1}, {6, 7}, {4, 5}, {2, 3}], [{8, 1}, {7}, {2, 6}, {3, 5}, {4}], [{8, 1}, {7}, {5, 6}, {2, 4}, {3}], [{8, 1}, {7}, {5, 6}, {3, 4}, {2}], [{8, 1}, {7}, {5, 6}, {4}, {2, 3}], [{8, 2}, {1, 7}, {3, 6}, {4, 5}], [{8, 2}, {1, 7}, {3, 6}, {5}, {4}], [{8, 2}, {1, 7}, {4, 6}, {3, 5}], [{8, 2}, {1, 7}, {4, 6}, {5}, {3}], [{8, 2}, {1, 7}, {5, 6}, {3, 4}], [{8, 2}, {1, 7}, {6}, {5}, {3, 4}], [{8, 2}, {3, 7}, {1, 6}, {4, 5}], [{8, 2}, {3, 7}, {4, 6}, {1, 5}], [{8, 2}, {3, 7}, {5, 6}, {1, 4}], [{8, 2}, {3, 7}, {5, 6}, {4}, {1}], [{8, 2}, {4, 7}, {1, 6}, {3, 5}], [{8, 2}, {4, 7}, {3, 6}, {1, 5}], [{8, 2}, {4, 7}, {3, 6}, {5}, {1}], [{8, 2}, {4, 7}, {5, 6}, {1, 3}], [{8, 2}, {4, 7}, {6}, {1, 5}, {3}], [{8, 2}, {5, 7}, {1, 6}, {3, 4}], [{8, 2}, {5, 7}, {3, 6}, {1, 4}], [{8, 2}, {5, 7}, {4, 6}, {1, 3}], [{8, 2}, {6, 7}, {1, 5}, {3, 4}], [{8, 2}, {6, 7}, {3, 5}, {1, 4}], [{8, 2}, {6, 7}, {4, 5}, {1, 3}], [{8, 2}, {6, 7}, {5}, {4}, {1, 3}], [{8, 2}, {7}, {1, 6}, {3, 5}, {4}], [{8, 2}, {7}, {3, 6}, {5}, {1, 4}], [{8, 2}, {7}, {4, 6}, {3, 5}, {1}], [{8, 2}, {7}, {5, 6}, {1, 4}, {3}], [{8, 2}, {7}, {6}, {3, 5}, {1, 4}], [{8, 3}, {1, 7}, {2, 6}, {4, 5}], [{8, 3}, {1, 7}, {4, 6}, {2, 5}], [{8, 3}, {1, 7}, {5, 6}, {2, 4}], [{8, 3}, {1, 7}, {6}, {4, 5}, {2}], [{8, 3}, {2, 7}, {1, 6}, {4, 5}], [{8, 3}, {2, 7}, {4, 6}, {1, 5}], [{8, 3}, {2, 7}, {5, 6}, {1, 4}], [{8, 3}, {2, 7}, {6}, {4, 5}, {1}], [{8, 3}, {4, 7}, {1, 6}, {2, 5}], [{8, 3}, {4, 7}, {2, 6}, {1, 5}], [{8, 3}, {4, 7}, {5, 6}, {1, 2}], [{8, 3}, {4, 7}, {6}, {1, 5}, {2}], [{8, 3}, {5, 7}, {1, 6}, {2, 4}], [{8, 3}, {5, 7}, {2, 6}, {1, 4}], [{8, 3}, {5, 7}, {4, 6}, {1, 2}], [{8, 3}, {5, 7}, {4, 6}, {2}, {1}], [{8, 3}, {6, 7}, {1, 5}, {2, 4}], [{8, 3}, {6, 7}, {2, 5}, {1, 4}], [{8, 3}, {6, 7}, {4, 5}, {1, 2}], [{8, 3}, {7}, {6}, {4, 5}, {1, 2}], [{8, 4}, {1, 7}, {2, 6}, {3, 5}], [{8, 4}, {1, 7}, {2, 6}, {5}, {3}], [{8, 4}, {1, 7}, {3, 6}, {2, 5}], [{8, 4}, {1, 7}, {5, 6}, {2, 3}], [{8, 4}, {2, 7}, {1, 6}, {3, 5}], [{8, 4}, {2, 7}, {3, 6}, {1, 5}], [{8, 4}, {2, 7}, {5, 6}, {1, 3}], [{8, 4}, {3, 7}, {1, 6}, {2, 5}], [{8, 4}, {3, 7}, {2, 6}, {1, 5}], [{8, 4}, {3, 7}, {5, 6}, {1, 2}], [{8, 4}, {3, 7}, {5, 6}, {2}, {1}], [{8, 4}, {5, 7}, {1, 6}, {2, 3}], [{8, 4}, {5, 7}, {2, 6}, {1, 3}], [{8, 4}, {5, 7}, {3, 6}, {1, 2}], [{8, 4}, {6, 7}, {1, 5}, {2, 3}], [{8, 4}, {6, 7}, {1, 5}, {3}, {2}], [{8, 4}, {6, 7}, {2, 5}, {1, 3}], [{8, 4}, {6, 7}, {3, 5}, {1, 2}], [{8, 5}, {1, 7}, {2, 6}, {3, 4}], [{8, 5}, {1, 7}, {3, 6}, {2, 4}], [{8, 5}, {1, 7}, {4, 6}, {2, 3}], [{8, 5}, {1, 7}, {6}, {2, 4}, {3}], [{8, 5}, {2, 7}, {1, 6}, {3, 4}], [{8, 5}, {2, 7}, {1, 6}, {4}, {3}], [{8, 5}, {2, 7}, {3, 6}, {1, 4}], [{8, 5}, {2, 7}, {4, 6}, {1, 3}], [{8, 5}, {2, 7}, {6}, {3, 4}, {1}], [{8, 5}, {3, 7}, {1, 6}, {2, 4}], [{8, 5}, {3, 7}, {1, 6}, {4}, {2}], [{8, 5}, {3, 7}, {2, 6}, {1, 4}], [{8, 5}, {3, 7}, {4, 6}, {1, 2}], [{8, 5}, {3, 7}, {6}, {2, 4}, {1}], [{8, 5}, {4, 7}, {1, 6}, {2, 3}], [{8, 5}, {4, 7}, {1, 6}, {3}, {2}], [{8, 5}, {4, 7}, {2, 6}, {1, 3}], [{8, 5}, {4, 7}, {3, 6}, {1, 2}], [{8, 5}, {4, 7}, {6}, {2, 3}, {1}], [{8, 5}, {6, 7}, {1, 4}, {2, 3}], [{8, 5}, {6, 7}, {2, 4}, {1, 3}], [{8, 5}, {6, 7}, {2, 4}, {3}, {1}], [{8, 5}, {6, 7}, {3, 4}, {1, 2}], [{8, 5}, {7}, {1, 6}, {2, 4}, {3}], [{8, 5}, {7}, {1, 6}, {3, 4}, {2}], [{8, 5}, {7}, {1, 6}, {4}, {2, 3}], [{8, 5}, {7}, {3, 6}, {2, 4}, {1}], [{8, 5}, {7}, {6}, {2, 4}, {1, 3}], [{8, 5}, {7}, {6}, {2, 4}, {3}, {1}], [{8, 6}, {1, 7}, {2, 5}, {3, 4}], [{8, 6}, {1, 7}, {3, 5}, {2, 4}], [{8, 6}, {1, 7}, {4, 5}, {2, 3}], [{8, 6}, {2, 7}, {1, 5}, {3, 4}], [{8, 6}, {2, 7}, {1, 5}, {4}, {3}], [{8, 6}, {2, 7}, {3, 5}, {1, 4}], [{8, 6}, {2, 7}, {4, 5}, {1, 3}], [{8, 6}, {2, 7}, {5}, {3, 4}, {1}], [{8, 6}, {3, 7}, {1, 5}, {2, 4}], [{8, 6}, {3, 7}, {1, 5}, {4}, {2}], [{8, 6}, {3, 7}, {2, 5}, {1, 4}], [{8, 6}, {3, 7}, {4, 5}, {1, 2}], [{8, 6}, {3, 7}, {5}, {2, 4}, {1}], [{8, 6}, {4, 7}, {1, 5}, {2, 3}], [{8, 6}, {4, 7}, {1, 5}, {3}, {2}], [{8, 6}, {4, 7}, {2, 5}, {1, 3}], [{8, 6}, {4, 7}, {3, 5}, {1, 2}], [{8, 6}, {4, 7}, {5}, {2, 3}, {1}], [{8, 6}, {5, 7}, {1, 4}, {2, 3}], [{8, 6}, {5, 7}, {2, 4}, {1, 3}], [{8, 6}, {5, 7}, {3, 4}, {1, 2}], [{8, 6}, {7}, {1, 5}, {2, 4}, {3}], [{8, 6}, {7}, {1, 5}, {3, 4}, {2}], [{8, 6}, {7}, {1, 5}, {4}, {2, 3}], [{8, 6}, {7}, {1, 5}, {4}, {3}, {2}], [{8, 7}, {1, 6}, {2, 5}, {3, 4}], [{8, 7}, {1, 6}, {3, 5}, {2, 4}], [{8, 7}, {1, 6}, {4, 5}, {2, 3}], [{8, 7}, {2, 6}, {1, 5}, {3, 4}], [{8, 7}, {2, 6}, {3, 5}, {1, 4}], [{8, 7}, {2, 6}, {4, 5}, {1, 3}], [{8, 7}, {3, 6}, {1, 5}, {2, 4}], [{8, 7}, {3, 6}, {2, 5}, {1, 4}], [{8, 7}, {3, 6}, {4, 5}, {1, 2}], [{8, 7}, {4, 6}, {1, 5}, {2, 3}], [{8, 7}, {4, 6}, {1, 5}, {3}, {2}], [{8, 7}, {4, 6}, {2, 5}, {1, 3}], [{8, 7}, {4, 6}, {3, 5}, {1, 2}], [{8, 7}, {5, 6}, {1, 4}, {2, 3}], [{8, 7}, {5, 6}, {2, 4}, {1, 3}], [{8, 7}, {5, 6}, {3, 4}, {1, 2}], [{8, 7}, {6}, {5}, {1, 4}, {2, 3}], [{8, 7}, {6}, {5}, {2, 4}, {1, 3}], [{8}, {2, 7}, {1, 6}, {5}, {3, 4}], [{8}, {2, 7}, {5, 6}, {3, 4}, {1}], [{8}, {2, 7}, {6}, {1, 5}, {3, 4}], [{8}, {3, 7}, {1, 6}, {5}, {2, 4}], [{8}, {3, 7}, {5, 6}, {1, 4}, {2}], [{8}, {3, 7}, {5, 6}, {2, 4}, {1}], [{8}, {3, 7}, {5, 6}, {4}, {1, 2}], [{8}, {3, 7}, {5, 6}, {4}, {2}, {1}], [{8}, {3, 7}, {6}, {1, 5}, {2, 4}], [{8}, {4, 7}, {1, 6}, {5}, {2, 3}], [{8}, {4, 7}, {2, 6}, {1, 5}, {3}], [{8}, {4, 7}, {3, 6}, {1, 5}, {2}], [{8}, {4, 7}, {5, 6}, {2, 3}, {1}], [{8}, {4, 7}, {6}, {1, 5}, {2, 3}], [{8}, {4, 7}, {6}, {1, 5}, {3}, {2}], [{8}, {5, 7}, {6}, {2, 4}, {1, 3}], [{8}, {6, 7}, {3, 5}, {1, 4}, {2}], [{8}, {6, 7}, {4, 5}, {1, 3}, {2}], [{8}, {7}, {4, 6}, {2, 5}, {1, 3}]]",2,8 K_1^3 + 4 K_1^2 K_2 - 26 K_1^2 - 20 K_1 K_2 - 4 K_1 K_3 + 4 K_1 + 13 K_2 + 8 K_3 + K_4 + 13,O1O2O3O4U5U3O6U4O7O8U7U1U6U8O5U2,O1O2O3O4U1U4O5U2O6O7U5U6U8U3O8U7,O1O2O3O4U5O6U2U6U7U8O5O7U3O8U1U4,c,{'O1O2O3O4U3O5U6U7U4U8O6O8U1O7U2U5'},1,"<a href=""/flatknot/8.733904"">8.733904</a>",t^9-93t^7-366t^6+29t^5+1432t^4+948t^3-1064t^2-723t+174,-t^2+2t,,
8.733905,O1O2O3O4U3O5U6U7U4U8O6O8U1O7U5U2,4,22z^2+107z+127,22w^3z^2+107w^2z+127w,False,False,"[[ 0 -1  1 -1  2  2 -3 -1  1],[ 1  0  1 -1  2  1 -1  1  2],[-1 -1  0 -1  2  1 -4 -1  0],[ 1  1  1  0  1  1  0  0  1],[-2 -2 -2 -1  0 -1 -2 -1 -1],[-2 -1 -1 -1  1  0 -4 -1 -1],[ 3  1  4  0  2  4  0  0  3],[ 1 -1  1  0  1  1  0  0  2],[-1 -2  0 -1  1  1 -3 -2  0]]","[[ 0  2  2  1  1 -1 -1 -1 -3],[-2  0  1 -1 -1 -1 -1 -1 -4],[-2 -1  0 -1 -2 -1 -1 -2 -2],[-1  1  1  0  0 -1 -2 -2 -3],[-1  1  2  0  0 -1 -1 -1 -4],[ 1  1  1  1  1  0  0  1  0],[ 1  1  1  2  1  0  0 -1  0],[ 1  1  2  2  1 -1  1  0 -1],[ 3  4  2  3  4  0  0  1  0]]",True,"[-2,-2,-1,-1,1,1,1,3,-1,1,1,1,1,1,4,1,2,1,1,2,2,0,1,2,2,3,1,1,1,4,0,-1,0,1,0,1]","[-3,-1,-1,-1,1,1,2,2,0,0,1,3,4,2,4,0,-1,2,1,1,1,1,1,1,1,1,2,1,2,1,0,1,1,2,1,-1]",t^8+77t^6+384t^4+128t^2+4,"[-3,-1,-1,-1,1,1,2,2,1,2,2,0,1,1,3,-1,1,1,0,2,1,0,1,0,2,2,1,1,2,2,0,0,-1,0,0,-1]","[-2,-2,-1,-1,1,1,1,3,-1,-1,0,1,2,2,3,0,0,2,2,2,1,0,1,1,1,0,0,0,1,1,1,-1,1,0,2,2]","[-3,-1,-1,-1,1,1,2,2,0,0,1,3,4,2,4,0,-1,2,1,1,1,1,1,1,1,1,2,1,2,1,0,1,1,2,1,-1]",c,"[[{8, 1}, {2, 7}, {3, 6}, {4, 5}], [{8, 1}, {2, 7}, {4, 6}, {3, 5}], [{8, 1}, {2, 7}, {4, 6}, {5}, {3}], [{8, 1}, {2, 7}, {5, 6}, {3, 4}], [{8, 1}, {3, 7}, {2, 6}, {4, 5}], [{8, 1}, {3, 7}, {2, 6}, {5}, {4}], [{8, 1}, {3, 7}, {4, 6}, {2, 5}], [{8, 1}, {3, 7}, {4, 6}, {5}, {2}], [{8, 1}, {3, 7}, {5, 6}, {2, 4}], [{8, 1}, {3, 7}, {6}, {5}, {2, 4}], [{8, 1}, {4, 7}, {2, 6}, {3, 5}], [{8, 1}, {4, 7}, {3, 6}, {2, 5}], [{8, 1}, {4, 7}, {5, 6}, {2, 3}], [{8, 1}, {4, 7}, {5, 6}, {3}, {2}], [{8, 1}, {4, 7}, {6}, {5}, {2, 3}], [{8, 1}, {5, 7}, {2, 6}, {3, 4}], [{8, 1}, {5, 7}, {2, 6}, {4}, {3}], [{8, 1}, {5, 7}, {3, 6}, {2, 4}], [{8, 1}, {5, 7}, {3, 6}, {4}, {2}], [{8, 1}, {5, 7}, {4, 6}, {2, 3}], [{8, 1}, {5, 7}, {4, 6}, {3}, {2}], [{8, 1}, {5, 7}, {6}, {2, 4}, {3}], [{8, 1}, {5, 7}, {6}, {3, 4}, {2}], [{8, 1}, {5, 7}, {6}, {4}, {2, 3}], [{8, 1}, {5, 7}, {6}, {4}, {3}, {2}], [{8, 1}, {6, 7}, {2, 5}, {3, 4}], [{8, 1}, {6, 7}, {3, 5}, {2, 4}], [{8, 1}, {6, 7}, {4, 5}, {2, 3}], [{8, 1}, {6, 7}, {4, 5}, {3}, {2}], [{8, 1}, {6, 7}, {5}, {4}, {2, 3}], [{8, 1}, {7}, {2, 6}, {3, 5}, {4}], [{8, 1}, {7}, {4, 6}, {2, 5}, {3}], [{8, 1}, {7}, {4, 6}, {3, 5}, {2}], [{8, 1}, {7}, {4, 6}, {5}, {2, 3}], [{8, 1}, {7}, {4, 6}, {5}, {3}, {2}], [{8, 1}, {7}, {5, 6}, {4}, {2, 3}], [{8, 1}, {7}, {6}, {3, 5}, {2, 4}], [{8, 1}, {7}, {6}, {4, 5}, {2, 3}], [{8, 2}, {1, 7}, {3, 6}, {4, 5}], [{8, 2}, {1, 7}, {3, 6}, {5}, {4}], [{8, 2}, {1, 7}, {4, 6}, {3, 5}], [{8, 2}, {1, 7}, {4, 6}, {5}, {3}], [{8, 2}, {1, 7}, {5, 6}, {3, 4}], [{8, 2}, {1, 7}, {6}, {5}, {3, 4}], [{8, 2}, {3, 7}, {1, 6}, {4, 5}], [{8, 2}, {3, 7}, {1, 6}, {5}, {4}], [{8, 2}, {3, 7}, {4, 6}, {1, 5}], [{8, 2}, {3, 7}, {4, 6}, {5}, {1}], [{8, 2}, {3, 7}, {5, 6}, {1, 4}], [{8, 2}, {3, 7}, {6}, {5}, {1, 4}], [{8, 2}, {4, 7}, {1, 6}, {3, 5}], [{8, 2}, {4, 7}, {1, 6}, {5}, {3}], [{8, 2}, {4, 7}, {3, 6}, {1, 5}], [{8, 2}, {4, 7}, {5, 6}, {1, 3}], [{8, 2}, {5, 7}, {1, 6}, {3, 4}], [{8, 2}, {5, 7}, {3, 6}, {1, 4}], [{8, 2}, {5, 7}, {4, 6}, {1, 3}], [{8, 2}, {5, 7}, {6}, {3, 4}, {1}], [{8, 2}, {6, 7}, {1, 5}, {3, 4}], [{8, 2}, {6, 7}, {3, 5}, {1, 4}], [{8, 2}, {6, 7}, {4, 5}, {1, 3}], [{8, 2}, {6, 7}, {5}, {3, 4}, {1}], [{8, 2}, {7}, {1, 6}, {5}, {3, 4}], [{8, 2}, {7}, {4, 6}, {5}, {1, 3}], [{8, 2}, {7}, {5, 6}, {3, 4}, {1}], [{8, 2}, {7}, {6}, {1, 5}, {3, 4}], [{8, 3}, {1, 7}, {2, 6}, {4, 5}], [{8, 3}, {1, 7}, {2, 6}, {5}, {4}], [{8, 3}, {1, 7}, {4, 6}, {2, 5}], [{8, 3}, {1, 7}, {4, 6}, {5}, {2}], [{8, 3}, {1, 7}, {5, 6}, {2, 4}], [{8, 3}, {1, 7}, {6}, {5}, {2, 4}], [{8, 3}, {2, 7}, {1, 6}, {4, 5}], [{8, 3}, {2, 7}, {4, 6}, {1, 5}], [{8, 3}, {2, 7}, {4, 6}, {5}, {1}], [{8, 3}, {2, 7}, {5, 6}, {1, 4}], [{8, 3}, {4, 7}, {1, 6}, {2, 5}], [{8, 3}, {4, 7}, {2, 6}, {1, 5}], [{8, 3}, {4, 7}, {5, 6}, {1, 2}], [{8, 3}, {5, 7}, {1, 6}, {2, 4}], [{8, 3}, {5, 7}, {2, 6}, {1, 4}], [{8, 3}, {5, 7}, {2, 6}, {4}, {1}], [{8, 3}, {5, 7}, {4, 6}, {1, 2}], [{8, 3}, {5, 7}, {4, 6}, {2}, {1}], [{8, 3}, {5, 7}, {6}, {2, 4}, {1}], [{8, 3}, {6, 7}, {1, 5}, {2, 4}], [{8, 3}, {6, 7}, {2, 5}, {1, 4}], [{8, 3}, {6, 7}, {4, 5}, {1, 2}], [{8, 3}, {7}, {2, 6}, {1, 5}, {4}], [{8, 3}, {7}, {4, 6}, {1, 5}, {2}], [{8, 3}, {7}, {4, 6}, {2, 5}, {1}], [{8, 3}, {7}, {4, 6}, {5}, {1, 2}], [{8, 3}, {7}, {4, 6}, {5}, {2}, {1}], [{8, 3}, {7}, {6}, {1, 5}, {2, 4}], [{8, 4}, {1, 7}, {2, 6}, {3, 5}], [{8, 4}, {1, 7}, {3, 6}, {2, 5}], [{8, 4}, {1, 7}, {5, 6}, {2, 3}], [{8, 4}, {1, 7}, {5, 6}, {3}, {2}], [{8, 4}, {2, 7}, {1, 6}, {3, 5}], [{8, 4}, {2, 7}, {3, 6}, {1, 5}], [{8, 4}, {2, 7}, {5, 6}, {1, 3}], [{8, 4}, {2, 7}, {6}, {5}, {1, 3}], [{8, 4}, {3, 7}, {1, 6}, {2, 5}], [{8, 4}, {3, 7}, {2, 6}, {1, 5}], [{8, 4}, {3, 7}, {5, 6}, {1, 2}], [{8, 4}, {3, 7}, {5, 6}, {2}, {1}], [{8, 4}, {5, 7}, {1, 6}, {2, 3}], [{8, 4}, {5, 7}, {2, 6}, {1, 3}], [{8, 4}, {5, 7}, {3, 6}, {1, 2}], [{8, 4}, {6, 7}, {1, 5}, {2, 3}], [{8, 4}, {6, 7}, {2, 5}, {1, 3}], [{8, 4}, {6, 7}, {3, 5}, {1, 2}], [{8, 4}, {7}, {2, 6}, {1, 5}, {3}], [{8, 4}, {7}, {5, 6}, {1, 3}, {2}], [{8, 5}, {1, 7}, {2, 6}, {3, 4}], [{8, 5}, {1, 7}, {2, 6}, {4}, {3}], [{8, 5}, {1, 7}, {3, 6}, {2, 4}], [{8, 5}, {1, 7}, {3, 6}, {4}, {2}], [{8, 5}, {1, 7}, {4, 6}, {2, 3}], [{8, 5}, {1, 7}, {4, 6}, {3}, {2}], [{8, 5}, {1, 7}, {6}, {2, 4}, {3}], [{8, 5}, {1, 7}, {6}, {3, 4}, {2}], [{8, 5}, {1, 7}, {6}, {4}, {2, 3}], [{8, 5}, {1, 7}, {6}, {4}, {3}, {2}], [{8, 5}, {2, 7}, {1, 6}, {3, 4}], [{8, 5}, {2, 7}, {3, 6}, {1, 4}], [{8, 5}, {2, 7}, {4, 6}, {1, 3}], [{8, 5}, {2, 7}, {6}, {1, 4}, {3}], [{8, 5}, {2, 7}, {6}, {3, 4}, {1}], [{8, 5}, {2, 7}, {6}, {4}, {1, 3}], [{8, 5}, {3, 7}, {1, 6}, {2, 4}], [{8, 5}, {3, 7}, {1, 6}, {4}, {2}], [{8, 5}, {3, 7}, {2, 6}, {1, 4}], [{8, 5}, {3, 7}, {2, 6}, {4}, {1}], [{8, 5}, {3, 7}, {4, 6}, {1, 2}], [{8, 5}, {3, 7}, {4, 6}, {2}, {1}], [{8, 5}, {3, 7}, {6}, {1, 4}, {2}], [{8, 5}, {3, 7}, {6}, {2, 4}, {1}], [{8, 5}, {3, 7}, {6}, {4}, {1, 2}], [{8, 5}, {3, 7}, {6}, {4}, {2}, {1}], [{8, 5}, {4, 7}, {1, 6}, {2, 3}], [{8, 5}, {4, 7}, {2, 6}, {1, 3}], [{8, 5}, {4, 7}, {3, 6}, {1, 2}], [{8, 5}, {4, 7}, {6}, {1, 3}, {2}], [{8, 5}, {4, 7}, {6}, {2, 3}, {1}], [{8, 5}, {4, 7}, {6}, {3}, {1, 2}], [{8, 5}, {6, 7}, {1, 4}, {2, 3}], [{8, 5}, {6, 7}, {2, 4}, {1, 3}], [{8, 5}, {6, 7}, {2, 4}, {3}, {1}], [{8, 5}, {6, 7}, {3, 4}, {1, 2}], [{8, 5}, {6, 7}, {4}, {1, 3}, {2}], [{8, 5}, {7}, {1, 6}, {2, 4}, {3}], [{8, 5}, {7}, {2, 6}, {4}, {1, 3}], [{8, 5}, {7}, {3, 6}, {2, 4}, {1}], [{8, 5}, {7}, {4, 6}, {1, 3}, {2}], [{8, 5}, {7}, {6}, {1, 4}, {2, 3}], [{8, 5}, {7}, {6}, {2, 4}, {1, 3}], [{8, 5}, {7}, {6}, {2, 4}, {3}, {1}], [{8, 5}, {7}, {6}, {3, 4}, {1, 2}], [{8, 5}, {7}, {6}, {4}, {1, 3}, {2}], [{8, 6}, {1, 7}, {2, 5}, {3, 4}], [{8, 6}, {1, 7}, {3, 5}, {2, 4}], [{8, 6}, {1, 7}, {4, 5}, {2, 3}], [{8, 6}, {1, 7}, {4, 5}, {3}, {2}], [{8, 6}, {2, 7}, {1, 5}, {3, 4}], [{8, 6}, {2, 7}, {3, 5}, {1, 4}], [{8, 6}, {2, 7}, {4, 5}, {1, 3}], [{8, 6}, {2, 7}, {5}, {1, 4}, {3}], [{8, 6}, {2, 7}, {5}, {3, 4}, {1}], [{8, 6}, {2, 7}, {5}, {4}, {1, 3}], [{8, 6}, {3, 7}, {1, 5}, {2, 4}], [{8, 6}, {3, 7}, {2, 5}, {1, 4}], [{8, 6}, {3, 7}, {4, 5}, {1, 2}], [{8, 6}, {3, 7}, {4, 5}, {2}, {1}], [{8, 6}, {4, 7}, {1, 5}, {2, 3}], [{8, 6}, {4, 7}, {2, 5}, {1, 3}], [{8, 6}, {4, 7}, {2, 5}, {3}, {1}], [{8, 6}, {4, 7}, {3, 5}, {1, 2}], [{8, 6}, {5, 7}, {1, 4}, {2, 3}], [{8, 6}, {5, 7}, {2, 4}, {1, 3}], [{8, 6}, {5, 7}, {3, 4}, {1, 2}], [{8, 6}, {7}, {1, 5}, {3, 4}, {2}], [{8, 6}, {7}, {3, 5}, {1, 4}, {2}], [{8, 6}, {7}, {4, 5}, {1, 3}, {2}], [{8, 7}, {1, 6}, {2, 5}, {3, 4}], [{8, 7}, {1, 6}, {3, 5}, {2, 4}], [{8, 7}, {1, 6}, {3, 5}, {4}, {2}], [{8, 7}, {1, 6}, {4, 5}, {2, 3}], [{8, 7}, {2, 6}, {1, 5}, {3, 4}], [{8, 7}, {2, 6}, {1, 5}, {4}, {3}], [{8, 7}, {2, 6}, {3, 5}, {1, 4}], [{8, 7}, {2, 6}, {3, 5}, {4}, {1}], [{8, 7}, {2, 6}, {4, 5}, {1, 3}], [{8, 7}, {2, 6}, {5}, {4}, {1, 3}], [{8, 7}, {3, 6}, {1, 5}, {2, 4}], [{8, 7}, {3, 6}, {2, 5}, {1, 4}], [{8, 7}, {3, 6}, {4, 5}, {1, 2}], [{8, 7}, {3, 6}, {4, 5}, {2}, {1}], [{8, 7}, {3, 6}, {5}, {4}, {1, 2}], [{8, 7}, {4, 6}, {1, 5}, {2, 3}], [{8, 7}, {4, 6}, {1, 5}, {3}, {2}], [{8, 7}, {4, 6}, {2, 5}, {1, 3}], [{8, 7}, {4, 6}, {2, 5}, {3}, {1}], [{8, 7}, {4, 6}, {3, 5}, {1, 2}], [{8, 7}, {4, 6}, {3, 5}, {2}, {1}], [{8, 7}, {4, 6}, {5}, {1, 3}, {2}], [{8, 7}, {4, 6}, {5}, {2, 3}, {1}], [{8, 7}, {4, 6}, {5}, {3}, {1, 2}], [{8, 7}, {4, 6}, {5}, {3}, {2}, {1}], [{8, 7}, {5, 6}, {1, 4}, {2, 3}], [{8, 7}, {5, 6}, {2, 4}, {1, 3}], [{8, 7}, {5, 6}, {3, 4}, {1, 2}], [{8, 7}, {5, 6}, {3, 4}, {2}, {1}], [{8, 7}, {5, 6}, {4}, {3}, {1, 2}], [{8, 7}, {6}, {1, 5}, {2, 4}, {3}], [{8, 7}, {6}, {3, 5}, {1, 4}, {2}], [{8, 7}, {6}, {3, 5}, {2, 4}, {1}], [{8, 7}, {6}, {3, 5}, {4}, {1, 2}], [{8, 7}, {6}, {3, 5}, {4}, {2}, {1}], [{8, 7}, {6}, {4, 5}, {3}, {1, 2}], [{8, 7}, {6}, {5}, {2, 4}, {1, 3}], [{8, 7}, {6}, {5}, {3, 4}, {1, 2}], [{8}, {1, 7}, {2, 6}, {3, 5}, {4}], [{8}, {1, 7}, {3, 6}, {2, 5}, {4}], [{8}, {1, 7}, {4, 6}, {2, 5}, {3}], [{8}, {1, 7}, {4, 6}, {3, 5}, {2}], [{8}, {1, 7}, {4, 6}, {5}, {2, 3}], [{8}, {1, 7}, {4, 6}, {5}, {3}, {2}], [{8}, {1, 7}, {6}, {2, 5}, {3, 4}], [{8}, {1, 7}, {6}, {3, 5}, {2, 4}], [{8}, {2, 7}, {4, 6}, {5}, {1, 3}], [{8}, {2, 7}, {5, 6}, {1, 4}, {3}], [{8}, {2, 7}, {5, 6}, {3, 4}, {1}], [{8}, {2, 7}, {5, 6}, {4}, {1, 3}], [{8}, {2, 7}, {6}, {4, 5}, {1, 3}], [{8}, {3, 7}, {1, 6}, {2, 5}, {4}], [{8}, {3, 7}, {2, 6}, {1, 5}, {4}], [{8}, {3, 7}, {4, 6}, {1, 5}, {2}], [{8}, {3, 7}, {4, 6}, {2, 5}, {1}], [{8}, {3, 7}, {4, 6}, {5}, {1, 2}], [{8}, {3, 7}, {4, 6}, {5}, {2}, {1}], [{8}, {3, 7}, {6}, {1, 5}, {2, 4}], [{8}, {3, 7}, {6}, {2, 5}, {1, 4}], [{8}, {4, 7}, {2, 6}, {1, 5}, {3}], [{8}, {4, 7}, {3, 6}, {1, 5}, {2}], [{8}, {4, 7}, {6}, {1, 5}, {2, 3}], [{8}, {5, 7}, {2, 6}, {4}, {1, 3}], [{8}, {5, 7}, {4, 6}, {1, 3}, {2}], [{8}, {5, 7}, {6}, {2, 4}, {1, 3}], [{8}, {5, 7}, {6}, {3, 4}, {1, 2}], [{8}, {6, 7}, {3, 5}, {1, 4}, {2}], [{8}, {7}, {2, 6}, {1, 5}, {3, 4}], [{8}, {7}, {2, 6}, {1, 5}, {4}, {3}], [{8}, {7}, {4, 6}, {2, 5}, {1, 3}], [{8}, {7}, {4, 6}, {5}, {1, 3}, {2}]]",2,16 K_1^3 - 20 K_1^2 - 22 K_1 K_2 - 4 K_1 K_3 - K_1 + 12 K_2 + 7 K_3 + 2 K_4 + 11,O1O2O3O4U3U5O6U4O7O8U7U1U6U8O5U2,O1O2O3O4U1U4O5U2O6O7U5U7U8U3O8U6,O1O2O3O4U5O6U2U6U7U8O7O5U3O8U1U4,c,{'O1O2O3O4U3O5U6U7U4U8O6O8U1O7U5U2'},1,"<a href=""/flatknot/8.733905"">8.733905</a>",t^9-79t^7-222t^6+28t^5+530t^4+383t^3-82t^2-99t+8,t^3-2t^2+t,,
8.733906,O1O2O3O4U3O5U6U7U4U8O6O8U2O7U1U5,4,6z^2+75z+127,6w^3z^2+75w^2z+127w,False,False,"[[ 0 -1  0 -1  2  3 -3 -1  1],[ 1  0  1 -1  3  3 -2  0  2],[ 0 -1  0 -1  2  1 -2  0  1],[ 1  1  1  0  1  1  0  0  1],[-2 -3 -2 -1  0 -1 -2 -1 -1],[-3 -3 -1 -1  1  0 -5 -2 -2],[ 3  2  2  0  2  5  0  0  3],[ 1  0  0  0  1  2  0  0  2],[-1 -2 -1 -1  1  2 -3 -2  0]]","[[ 0  3  2  1  0 -1 -1 -1 -3],[-3  0  1 -2 -1 -1 -2 -3 -5],[-2 -1  0 -1 -2 -1 -1 -3 -2],[-1  2  1  0 -1 -1 -2 -2 -3],[ 0  1  2  1  0 -1  0 -1 -2],[ 1  1  1  1  1  0  0  1  0],[ 1  2  1  2  0  0  0  0  0],[ 1  3  3  2  1 -1  0  0 -2],[ 3  5  2  3  2  0  0  2  0]]",True,"[-3,-2,-1,0,1,1,1,3,-1,2,1,1,2,3,5,1,2,1,1,3,2,1,1,2,2,3,1,0,1,2,0,-1,0,0,0,2]","[-3,-2,-1,0,1,1,1,3,-1,2,1,1,2,3,5,1,2,1,1,3,2,1,1,2,2,3,1,0,1,2,0,-1,0,0,0,2]",t^8+95t^6+434t^4+96t^2+1,"[-3,-1,-1,-1,0,1,2,3,0,2,2,1,1,3,1,0,1,0,0,0,1,0,1,0,2,2,0,1,2,3,0,0,2,0,0,2]","[-3,-2,-1,0,1,1,1,3,2,0,2,1,2,3,1,0,0,0,2,2,3,0,0,0,1,1,0,1,0,1,0,-1,0,0,2,2]","[-3,-1,-1,-1,0,1,2,3,0,0,2,2,3,2,5,0,0,0,2,1,2,1,1,1,1,1,1,2,3,3,1,2,1,1,2,-1]",c,"[[{8, 1}, {2, 7}, {3, 6}, {4, 5}], [{8, 1}, {2, 7}, {4, 6}, {3, 5}], [{8, 1}, {2, 7}, {4, 6}, {5}, {3}], [{8, 1}, {2, 7}, {5, 6}, {3, 4}], [{8, 1}, {2, 7}, {5, 6}, {4}, {3}], [{8, 1}, {2, 7}, {6}, {4, 5}, {3}], [{8, 1}, {3, 7}, {2, 6}, {4, 5}], [{8, 1}, {3, 7}, {4, 6}, {2, 5}], [{8, 1}, {3, 7}, {4, 6}, {5}, {2}], [{8, 1}, {3, 7}, {5, 6}, {2, 4}], [{8, 1}, {3, 7}, {5, 6}, {4}, {2}], [{8, 1}, {3, 7}, {6}, {4, 5}, {2}], [{8, 1}, {4, 7}, {2, 6}, {3, 5}], [{8, 1}, {4, 7}, {3, 6}, {2, 5}], [{8, 1}, {4, 7}, {3, 6}, {5}, {2}], [{8, 1}, {4, 7}, {5, 6}, {2, 3}], [{8, 1}, {4, 7}, {5, 6}, {3}, {2}], [{8, 1}, {4, 7}, {6}, {3, 5}, {2}], [{8, 1}, {5, 7}, {2, 6}, {3, 4}], [{8, 1}, {5, 7}, {3, 6}, {2, 4}], [{8, 1}, {5, 7}, {3, 6}, {4}, {2}], [{8, 1}, {5, 7}, {4, 6}, {2, 3}], [{8, 1}, {5, 7}, {4, 6}, {3}, {2}], [{8, 1}, {5, 7}, {6}, {3, 4}, {2}], [{8, 1}, {6, 7}, {2, 5}, {3, 4}], [{8, 1}, {6, 7}, {3, 5}, {2, 4}], [{8, 1}, {6, 7}, {3, 5}, {4}, {2}], [{8, 1}, {6, 7}, {4, 5}, {2, 3}], [{8, 1}, {6, 7}, {4, 5}, {3}, {2}], [{8, 1}, {6, 7}, {5}, {3, 4}, {2}], [{8, 1}, {7}, {2, 6}, {4, 5}, {3}], [{8, 1}, {7}, {3, 6}, {4, 5}, {2}], [{8, 1}, {7}, {4, 6}, {2, 5}, {3}], [{8, 1}, {7}, {4, 6}, {3, 5}, {2}], [{8, 1}, {7}, {4, 6}, {5}, {2, 3}], [{8, 1}, {7}, {5, 6}, {2, 4}, {3}], [{8, 1}, {7}, {5, 6}, {3, 4}, {2}], [{8, 1}, {7}, {5, 6}, {4}, {2, 3}], [{8, 1}, {7}, {6}, {4, 5}, {2, 3}], [{8, 2}, {1, 7}, {3, 6}, {4, 5}], [{8, 2}, {1, 7}, {4, 6}, {3, 5}], [{8, 2}, {1, 7}, {5, 6}, {3, 4}], [{8, 2}, {1, 7}, {5, 6}, {4}, {3}], [{8, 2}, {1, 7}, {6}, {5}, {3, 4}], [{8, 2}, {3, 7}, {1, 6}, {4, 5}], [{8, 2}, {3, 7}, {4, 6}, {1, 5}], [{8, 2}, {3, 7}, {5, 6}, {1, 4}], [{8, 2}, {3, 7}, {6}, {1, 5}, {4}], [{8, 2}, {3, 7}, {6}, {4, 5}, {1}], [{8, 2}, {3, 7}, {6}, {5}, {1, 4}], [{8, 2}, {4, 7}, {1, 6}, {3, 5}], [{8, 2}, {4, 7}, {3, 6}, {1, 5}], [{8, 2}, {4, 7}, {5, 6}, {1, 3}], [{8, 2}, {4, 7}, {6}, {1, 5}, {3}], [{8, 2}, {5, 7}, {1, 6}, {3, 4}], [{8, 2}, {5, 7}, {1, 6}, {4}, {3}], [{8, 2}, {5, 7}, {3, 6}, {1, 4}], [{8, 2}, {5, 7}, {4, 6}, {1, 3}], [{8, 2}, {5, 7}, {6}, {3, 4}, {1}], [{8, 2}, {6, 7}, {1, 5}, {3, 4}], [{8, 2}, {6, 7}, {1, 5}, {4}, {3}], [{8, 2}, {6, 7}, {3, 5}, {1, 4}], [{8, 2}, {6, 7}, {4, 5}, {1, 3}], [{8, 2}, {6, 7}, {5}, {3, 4}, {1}], [{8, 2}, {7}, {1, 6}, {5}, {3, 4}], [{8, 2}, {7}, {3, 6}, {1, 5}, {4}], [{8, 2}, {7}, {4, 6}, {1, 5}, {3}], [{8, 2}, {7}, {5, 6}, {3, 4}, {1}], [{8, 2}, {7}, {6}, {1, 5}, {3, 4}], [{8, 2}, {7}, {6}, {1, 5}, {4}, {3}], [{8, 3}, {1, 7}, {2, 6}, {4, 5}], [{8, 3}, {1, 7}, {4, 6}, {2, 5}], [{8, 3}, {1, 7}, {5, 6}, {2, 4}], [{8, 3}, {2, 7}, {1, 6}, {4, 5}], [{8, 3}, {2, 7}, {4, 6}, {1, 5}], [{8, 3}, {2, 7}, {5, 6}, {1, 4}], [{8, 3}, {4, 7}, {1, 6}, {2, 5}], [{8, 3}, {4, 7}, {2, 6}, {1, 5}], [{8, 3}, {4, 7}, {2, 6}, {5}, {1}], [{8, 3}, {4, 7}, {5, 6}, {1, 2}], [{8, 3}, {5, 7}, {1, 6}, {2, 4}], [{8, 3}, {5, 7}, {2, 6}, {1, 4}], [{8, 3}, {5, 7}, {4, 6}, {1, 2}], [{8, 3}, {6, 7}, {1, 5}, {2, 4}], [{8, 3}, {6, 7}, {2, 5}, {1, 4}], [{8, 3}, {6, 7}, {4, 5}, {1, 2}], [{8, 3}, {7}, {4, 6}, {1, 5}, {2}], [{8, 3}, {7}, {6}, {4, 5}, {1, 2}], [{8, 4}, {1, 7}, {2, 6}, {3, 5}], [{8, 4}, {1, 7}, {2, 6}, {5}, {3}], [{8, 4}, {1, 7}, {3, 6}, {2, 5}], [{8, 4}, {1, 7}, {5, 6}, {2, 3}], [{8, 4}, {2, 7}, {1, 6}, {3, 5}], [{8, 4}, {2, 7}, {1, 6}, {5}, {3}], [{8, 4}, {2, 7}, {3, 6}, {1, 5}], [{8, 4}, {2, 7}, {5, 6}, {1, 3}], [{8, 4}, {3, 7}, {1, 6}, {2, 5}], [{8, 4}, {3, 7}, {2, 6}, {1, 5}], [{8, 4}, {3, 7}, {2, 6}, {5}, {1}], [{8, 4}, {3, 7}, {5, 6}, {1, 2}], [{8, 4}, {5, 7}, {1, 6}, {2, 3}], [{8, 4}, {5, 7}, {2, 6}, {1, 3}], [{8, 4}, {5, 7}, {3, 6}, {1, 2}], [{8, 4}, {6, 7}, {1, 5}, {2, 3}], [{8, 4}, {6, 7}, {2, 5}, {1, 3}], [{8, 4}, {6, 7}, {3, 5}, {1, 2}], [{8, 4}, {7}, {2, 6}, {5}, {1, 3}], [{8, 5}, {1, 7}, {2, 6}, {3, 4}], [{8, 5}, {1, 7}, {3, 6}, {2, 4}], [{8, 5}, {1, 7}, {4, 6}, {2, 3}], [{8, 5}, {2, 7}, {1, 6}, {3, 4}], [{8, 5}, {2, 7}, {1, 6}, {4}, {3}], [{8, 5}, {2, 7}, {3, 6}, {1, 4}], [{8, 5}, {2, 7}, {4, 6}, {1, 3}], [{8, 5}, {3, 7}, {1, 6}, {2, 4}], [{8, 5}, {3, 7}, {2, 6}, {1, 4}], [{8, 5}, {3, 7}, {4, 6}, {1, 2}], [{8, 5}, {4, 7}, {1, 6}, {2, 3}], [{8, 5}, {4, 7}, {2, 6}, {1, 3}], [{8, 5}, {4, 7}, {2, 6}, {3}, {1}], [{8, 5}, {4, 7}, {3, 6}, {1, 2}], [{8, 5}, {6, 7}, {1, 4}, {2, 3}], [{8, 5}, {6, 7}, {1, 4}, {3}, {2}], [{8, 5}, {6, 7}, {2, 4}, {1, 3}], [{8, 5}, {6, 7}, {3, 4}, {1, 2}], [{8, 5}, {6, 7}, {3, 4}, {2}, {1}], [{8, 5}, {6, 7}, {4}, {1, 3}, {2}], [{8, 5}, {7}, {4, 6}, {2, 3}, {1}], [{8, 6}, {1, 7}, {2, 5}, {3, 4}], [{8, 6}, {1, 7}, {3, 5}, {2, 4}], [{8, 6}, {1, 7}, {4, 5}, {2, 3}], [{8, 6}, {2, 7}, {1, 5}, {3, 4}], [{8, 6}, {2, 7}, {3, 5}, {1, 4}], [{8, 6}, {2, 7}, {4, 5}, {1, 3}], [{8, 6}, {2, 7}, {4, 5}, {3}, {1}], [{8, 6}, {3, 7}, {1, 5}, {2, 4}], [{8, 6}, {3, 7}, {2, 5}, {1, 4}], [{8, 6}, {3, 7}, {4, 5}, {1, 2}], [{8, 6}, {4, 7}, {1, 5}, {2, 3}], [{8, 6}, {4, 7}, {2, 5}, {1, 3}], [{8, 6}, {4, 7}, {3, 5}, {1, 2}], [{8, 6}, {4, 7}, {5}, {3}, {1, 2}], [{8, 6}, {5, 7}, {1, 4}, {2, 3}], [{8, 6}, {5, 7}, {1, 4}, {3}, {2}], [{8, 6}, {5, 7}, {2, 4}, {1, 3}], [{8, 6}, {5, 7}, {3, 4}, {1, 2}], [{8, 6}, {5, 7}, {3, 4}, {2}, {1}], [{8, 6}, {5, 7}, {4}, {1, 3}, {2}], [{8, 7}, {1, 6}, {2, 5}, {3, 4}], [{8, 7}, {1, 6}, {3, 5}, {2, 4}], [{8, 7}, {1, 6}, {4, 5}, {2, 3}], [{8, 7}, {1, 6}, {5}, {4}, {2, 3}], [{8, 7}, {2, 6}, {1, 5}, {3, 4}], [{8, 7}, {2, 6}, {3, 5}, {1, 4}], [{8, 7}, {2, 6}, {4, 5}, {1, 3}], [{8, 7}, {3, 6}, {1, 5}, {2, 4}], [{8, 7}, {3, 6}, {2, 5}, {1, 4}], [{8, 7}, {3, 6}, {4, 5}, {1, 2}], [{8, 7}, {3, 6}, {5}, {1, 4}, {2}], [{8, 7}, {4, 6}, {1, 5}, {2, 3}], [{8, 7}, {4, 6}, {2, 5}, {1, 3}], [{8, 7}, {4, 6}, {3, 5}, {1, 2}], [{8, 7}, {5, 6}, {1, 4}, {2, 3}], [{8, 7}, {5, 6}, {1, 4}, {3}, {2}], [{8, 7}, {5, 6}, {2, 4}, {1, 3}], [{8, 7}, {5, 6}, {3, 4}, {1, 2}], [{8, 7}, {5, 6}, {3, 4}, {2}, {1}], [{8, 7}, {5, 6}, {4}, {1, 3}, {2}], [{8, 7}, {6}, {3, 5}, {1, 4}, {2}], [{8, 7}, {6}, {4, 5}, {3}, {1, 2}], [{8}, {1, 7}, {5, 6}, {3, 4}, {2}], [{8}, {2, 7}, {1, 6}, {4, 5}, {3}], [{8}, {2, 7}, {5, 6}, {3, 4}, {1}], [{8}, {3, 7}, {5, 6}, {2, 4}, {1}], [{8}, {3, 7}, {6}, {4, 5}, {1, 2}], [{8}, {4, 7}, {1, 6}, {2, 5}, {3}], [{8}, {4, 7}, {2, 6}, {3, 5}, {1}], [{8}, {4, 7}, {3, 6}, {2, 5}, {1}], [{8}, {4, 7}, {5, 6}, {2, 3}, {1}], [{8}, {4, 7}, {6}, {2, 5}, {1, 3}], [{8}, {5, 7}, {1, 6}, {3, 4}, {2}], [{8}, {5, 7}, {2, 6}, {3, 4}, {1}], [{8}, {5, 7}, {6}, {3, 4}, {1, 2}], [{8}, {5, 7}, {6}, {3, 4}, {2}, {1}], [{8}, {6, 7}, {1, 5}, {3, 4}, {2}], [{8}, {6, 7}, {2, 5}, {3, 4}, {1}], [{8}, {6, 7}, {5}, {3, 4}, {1, 2}], [{8}, {6, 7}, {5}, {3, 4}, {2}, {1}], [{8}, {7}, {4, 6}, {1, 5}, {2, 3}], [{8}, {7}, {5, 6}, {3, 4}, {1, 2}], [{8}, {7}, {5, 6}, {3, 4}, {2}, {1}]]",2,12 K_1^3 - 28 K_1^2 - 32 K_1 K_2 - 6 K_1 K_3 + 7 K_1 - 2 K_2^2 + 17 K_2 + 13 K_3 + 4 K_4 + 16,O1O2O3O4U5U4O6U3O7O8U7U1U6U8O5U2,O1O2O3O4U1U4O5U2O6O7U6U5U8U3O8U7,O1O2O3O4U5O6U2U6U7U8O5O8U3O7U1U4,c,{'O1O2O3O4U3O5U6U7U4U8O6O8U2O7U1U5'},1,"<a href=""/flatknot/8.733906"">8.733906</a>",t^9-93t^7-392t^6-263t^5+708t^4+866t^3+60t^2-211t-28,-t^2+2t,,
8.733907,O1O2O3O4U3O5U6U7U4U8O6O8U5O7U1U2,4,4z^3+37z^2+110z+105,4w^4z^3+37w^3z^2+110w^2z+105w,False,False,"[[ 0 -1  1 -1  2  2 -3 -1  1],[ 1  0  1 -1  2  2 -2  0  2],[-1 -1  0 -1  2  2 -4 -2  0],[ 1  1  1  0  1  1  0  0  1],[-2 -2 -2 -1  0  0 -2 -2 -1],[-2 -2 -2 -1  0  0 -3 -1 -1],[ 3  2  4  0  2  3  0  0  3],[ 1  0  2  0  2  1  0  0  2],[-1 -2  0 -1  1  1 -3 -2  0]]","[[ 0  2  2  1  1 -1 -1 -1 -3],[-2  0  0 -1 -2 -1 -1 -2 -3],[-2  0  0 -1 -2 -1 -2 -2 -2],[-1  1  1  0  0 -1 -2 -2 -3],[-1  2  2  0  0 -1 -2 -1 -4],[ 1  1  1  1  1  0  0  1  0],[ 1  1  2  2  2  0  0  0  0],[ 1  2  2  2  1 -1  0  0 -2],[ 3  3  2  3  4  0  0  2  0]]",True,"[-2,-2,-1,-1,1,1,1,3,0,1,2,1,1,2,3,1,2,1,2,2,2,0,1,2,2,3,1,2,1,4,0,-1,0,0,0,2]","[-3,-1,-1,-1,1,1,2,2,0,0,2,3,4,2,3,0,0,2,2,2,1,1,1,1,1,1,2,1,2,2,0,1,1,2,2,0]",t^8+83t^6+249t^4+134t^2+1,"[-3,-1,-1,-1,1,1,2,2,0,2,2,0,1,2,3,0,1,1,0,1,1,0,0,0,2,1,1,1,2,2,0,-1,-1,0,0,0]","[-2,-2,-1,-1,1,1,1,3,0,-1,0,1,1,2,3,-1,0,1,2,2,2,0,1,0,1,0,0,0,1,1,0,-1,0,0,2,2]","[-3,-1,-1,-1,1,1,2,2,0,0,2,3,4,2,3,0,0,2,2,2,1,1,1,1,1,1,2,1,2,2,0,1,1,2,2,0]",c,"[[{8, 1}, {2, 7}, {3, 6}, {4, 5}], [{8, 1}, {2, 7}, {4, 6}, {3, 5}], [{8, 1}, {2, 7}, {5, 6}, {3, 4}], [{8, 1}, {2, 7}, {6}, {4, 5}, {3}], [{8, 1}, {3, 7}, {2, 6}, {4, 5}], [{8, 1}, {3, 7}, {4, 6}, {2, 5}], [{8, 1}, {3, 7}, {4, 6}, {5}, {2}], [{8, 1}, {3, 7}, {5, 6}, {2, 4}], [{8, 1}, {4, 7}, {2, 6}, {3, 5}], [{8, 1}, {4, 7}, {3, 6}, {2, 5}], [{8, 1}, {4, 7}, {5, 6}, {2, 3}], [{8, 1}, {5, 7}, {2, 6}, {3, 4}], [{8, 1}, {5, 7}, {2, 6}, {4}, {3}], [{8, 1}, {5, 7}, {3, 6}, {2, 4}], [{8, 1}, {5, 7}, {4, 6}, {2, 3}], [{8, 1}, {5, 7}, {6}, {3, 4}, {2}], [{8, 1}, {6, 7}, {2, 5}, {3, 4}], [{8, 1}, {6, 7}, {3, 5}, {2, 4}], [{8, 1}, {6, 7}, {4, 5}, {2, 3}], [{8, 1}, {6, 7}, {5}, {4}, {2, 3}], [{8, 1}, {7}, {3, 6}, {4, 5}, {2}], [{8, 1}, {7}, {5, 6}, {2, 4}, {3}], [{8, 2}, {1, 7}, {3, 6}, {4, 5}], [{8, 2}, {1, 7}, {3, 6}, {5}, {4}], [{8, 2}, {1, 7}, {4, 6}, {3, 5}], [{8, 2}, {1, 7}, {5, 6}, {3, 4}], [{8, 2}, {3, 7}, {1, 6}, {4, 5}], [{8, 2}, {3, 7}, {1, 6}, {5}, {4}], [{8, 2}, {3, 7}, {4, 6}, {1, 5}], [{8, 2}, {3, 7}, {4, 6}, {5}, {1}], [{8, 2}, {3, 7}, {5, 6}, {1, 4}], [{8, 2}, {3, 7}, {6}, {5}, {1, 4}], [{8, 2}, {4, 7}, {1, 6}, {3, 5}], [{8, 2}, {4, 7}, {3, 6}, {1, 5}], [{8, 2}, {4, 7}, {5, 6}, {1, 3}], [{8, 2}, {5, 7}, {1, 6}, {3, 4}], [{8, 2}, {5, 7}, {3, 6}, {1, 4}], [{8, 2}, {5, 7}, {4, 6}, {1, 3}], [{8, 2}, {5, 7}, {6}, {3, 4}, {1}], [{8, 2}, {6, 7}, {1, 5}, {3, 4}], [{8, 2}, {6, 7}, {3, 5}, {1, 4}], [{8, 2}, {6, 7}, {4, 5}, {1, 3}], [{8, 2}, {6, 7}, {5}, {4}, {1, 3}], [{8, 2}, {7}, {3, 6}, {4, 5}, {1}], [{8, 3}, {1, 7}, {2, 6}, {4, 5}], [{8, 3}, {1, 7}, {4, 6}, {2, 5}], [{8, 3}, {1, 7}, {5, 6}, {2, 4}], [{8, 3}, {1, 7}, {5, 6}, {4}, {2}], [{8, 3}, {2, 7}, {1, 6}, {4, 5}], [{8, 3}, {2, 7}, {4, 6}, {1, 5}], [{8, 3}, {2, 7}, {5, 6}, {1, 4}], [{8, 3}, {2, 7}, {5, 6}, {4}, {1}], [{8, 3}, {4, 7}, {1, 6}, {2, 5}], [{8, 3}, {4, 7}, {2, 6}, {1, 5}], [{8, 3}, {4, 7}, {5, 6}, {1, 2}], [{8, 3}, {4, 7}, {6}, {5}, {1, 2}], [{8, 3}, {5, 7}, {1, 6}, {2, 4}], [{8, 3}, {5, 7}, {2, 6}, {1, 4}], [{8, 3}, {5, 7}, {4, 6}, {1, 2}], [{8, 3}, {5, 7}, {6}, {4}, {1, 2}], [{8, 3}, {6, 7}, {1, 5}, {2, 4}], [{8, 3}, {6, 7}, {2, 5}, {1, 4}], [{8, 3}, {6, 7}, {4, 5}, {1, 2}], [{8, 3}, {6, 7}, {5}, {4}, {1, 2}], [{8, 3}, {7}, {1, 6}, {2, 5}, {4}], [{8, 3}, {7}, {4, 6}, {5}, {1, 2}], [{8, 3}, {7}, {5, 6}, {4}, {1, 2}], [{8, 3}, {7}, {6}, {4, 5}, {1, 2}], [{8, 4}, {1, 7}, {2, 6}, {3, 5}], [{8, 4}, {1, 7}, {3, 6}, {2, 5}], [{8, 4}, {1, 7}, {5, 6}, {2, 3}], [{8, 4}, {1, 7}, {5, 6}, {3}, {2}], [{8, 4}, {2, 7}, {1, 6}, {3, 5}], [{8, 4}, {2, 7}, {3, 6}, {1, 5}], [{8, 4}, {2, 7}, {5, 6}, {1, 3}], [{8, 4}, {2, 7}, {5, 6}, {3}, {1}], [{8, 4}, {3, 7}, {1, 6}, {2, 5}], [{8, 4}, {3, 7}, {2, 6}, {1, 5}], [{8, 4}, {3, 7}, {5, 6}, {1, 2}], [{8, 4}, {3, 7}, {6}, {5}, {1, 2}], [{8, 4}, {5, 7}, {1, 6}, {2, 3}], [{8, 4}, {5, 7}, {1, 6}, {3}, {2}], [{8, 4}, {5, 7}, {2, 6}, {1, 3}], [{8, 4}, {5, 7}, {2, 6}, {3}, {1}], [{8, 4}, {5, 7}, {3, 6}, {1, 2}], [{8, 4}, {5, 7}, {6}, {3}, {1, 2}], [{8, 4}, {6, 7}, {1, 5}, {2, 3}], [{8, 4}, {6, 7}, {2, 5}, {1, 3}], [{8, 4}, {6, 7}, {3, 5}, {1, 2}], [{8, 4}, {6, 7}, {5}, {3}, {1, 2}], [{8, 4}, {7}, {3, 6}, {5}, {1, 2}], [{8, 4}, {7}, {5, 6}, {3}, {1, 2}], [{8, 4}, {7}, {6}, {3, 5}, {1, 2}], [{8, 4}, {7}, {6}, {5}, {3}, {1, 2}], [{8, 5}, {1, 7}, {2, 6}, {3, 4}], [{8, 5}, {1, 7}, {2, 6}, {4}, {3}], [{8, 5}, {1, 7}, {3, 6}, {2, 4}], [{8, 5}, {1, 7}, {4, 6}, {2, 3}], [{8, 5}, {1, 7}, {6}, {3, 4}, {2}], [{8, 5}, {2, 7}, {1, 6}, {3, 4}], [{8, 5}, {2, 7}, {3, 6}, {1, 4}], [{8, 5}, {2, 7}, {4, 6}, {1, 3}], [{8, 5}, {2, 7}, {6}, {3, 4}, {1}], [{8, 5}, {3, 7}, {1, 6}, {2, 4}], [{8, 5}, {3, 7}, {1, 6}, {4}, {2}], [{8, 5}, {3, 7}, {2, 6}, {1, 4}], [{8, 5}, {3, 7}, {2, 6}, {4}, {1}], [{8, 5}, {3, 7}, {4, 6}, {1, 2}], [{8, 5}, {3, 7}, {6}, {4}, {1, 2}], [{8, 5}, {4, 7}, {1, 6}, {2, 3}], [{8, 5}, {4, 7}, {2, 6}, {1, 3}], [{8, 5}, {4, 7}, {3, 6}, {1, 2}], [{8, 5}, {4, 7}, {6}, {3}, {1, 2}], [{8, 5}, {6, 7}, {1, 4}, {2, 3}], [{8, 5}, {6, 7}, {2, 4}, {1, 3}], [{8, 5}, {6, 7}, {3, 4}, {1, 2}], [{8, 5}, {6, 7}, {4}, {3}, {1, 2}], [{8, 5}, {7}, {2, 6}, {4}, {1, 3}], [{8, 5}, {7}, {3, 6}, {4}, {1, 2}], [{8, 5}, {7}, {4, 6}, {3}, {1, 2}], [{8, 5}, {7}, {6}, {3, 4}, {1, 2}], [{8, 6}, {1, 7}, {2, 5}, {3, 4}], [{8, 6}, {1, 7}, {3, 5}, {2, 4}], [{8, 6}, {1, 7}, {4, 5}, {2, 3}], [{8, 6}, {1, 7}, {5}, {3, 4}, {2}], [{8, 6}, {2, 7}, {1, 5}, {3, 4}], [{8, 6}, {2, 7}, {3, 5}, {1, 4}], [{8, 6}, {2, 7}, {4, 5}, {1, 3}], [{8, 6}, {2, 7}, {5}, {3, 4}, {1}], [{8, 6}, {3, 7}, {1, 5}, {2, 4}], [{8, 6}, {3, 7}, {2, 5}, {1, 4}], [{8, 6}, {3, 7}, {4, 5}, {1, 2}], [{8, 6}, {3, 7}, {5}, {4}, {1, 2}], [{8, 6}, {4, 7}, {1, 5}, {2, 3}], [{8, 6}, {4, 7}, {2, 5}, {1, 3}], [{8, 6}, {4, 7}, {3, 5}, {1, 2}], [{8, 6}, {4, 7}, {5}, {3}, {1, 2}], [{8, 6}, {5, 7}, {1, 4}, {2, 3}], [{8, 6}, {5, 7}, {2, 4}, {1, 3}], [{8, 6}, {5, 7}, {3, 4}, {1, 2}], [{8, 6}, {5, 7}, {4}, {3}, {1, 2}], [{8, 6}, {7}, {3, 5}, {4}, {1, 2}], [{8, 6}, {7}, {4, 5}, {3}, {1, 2}], [{8, 6}, {7}, {5}, {3, 4}, {1, 2}], [{8, 6}, {7}, {5}, {4}, {3}, {1, 2}], [{8, 7}, {1, 6}, {2, 5}, {3, 4}], [{8, 7}, {1, 6}, {2, 5}, {4}, {3}], [{8, 7}, {1, 6}, {3, 5}, {2, 4}], [{8, 7}, {1, 6}, {4, 5}, {2, 3}], [{8, 7}, {2, 6}, {1, 5}, {3, 4}], [{8, 7}, {2, 6}, {1, 5}, {4}, {3}], [{8, 7}, {2, 6}, {3, 5}, {1, 4}], [{8, 7}, {2, 6}, {4, 5}, {1, 3}], [{8, 7}, {3, 6}, {1, 5}, {2, 4}], [{8, 7}, {3, 6}, {2, 5}, {1, 4}], [{8, 7}, {3, 6}, {4, 5}, {1, 2}], [{8, 7}, {3, 6}, {5}, {1, 4}, {2}], [{8, 7}, {3, 6}, {5}, {2, 4}, {1}], [{8, 7}, {3, 6}, {5}, {4}, {1, 2}], [{8, 7}, {4, 6}, {1, 5}, {2, 3}], [{8, 7}, {4, 6}, {2, 5}, {1, 3}], [{8, 7}, {4, 6}, {3, 5}, {1, 2}], [{8, 7}, {4, 6}, {5}, {3}, {1, 2}], [{8, 7}, {5, 6}, {1, 4}, {2, 3}], [{8, 7}, {5, 6}, {2, 4}, {1, 3}], [{8, 7}, {5, 6}, {3, 4}, {1, 2}], [{8, 7}, {5, 6}, {4}, {3}, {1, 2}], [{8, 7}, {6}, {3, 5}, {4}, {1, 2}], [{8, 7}, {6}, {4, 5}, {3}, {1, 2}], [{8, 7}, {6}, {5}, {3, 4}, {1, 2}], [{8, 7}, {6}, {5}, {4}, {3}, {1, 2}], [{8}, {1, 7}, {4, 6}, {2, 5}, {3}], [{8}, {1, 7}, {5, 6}, {3, 4}, {2}], [{8}, {2, 7}, {1, 6}, {3, 5}, {4}], [{8}, {2, 7}, {4, 6}, {1, 5}, {3}], [{8}, {2, 7}, {5, 6}, {3, 4}, {1}], [{8}, {3, 7}, {1, 6}, {2, 5}, {4}], [{8}, {3, 7}, {4, 6}, {5}, {1, 2}], [{8}, {3, 7}, {5, 6}, {4}, {1, 2}], [{8}, {3, 7}, {6}, {4, 5}, {1, 2}], [{8}, {4, 7}, {3, 6}, {5}, {1, 2}], [{8}, {4, 7}, {5, 6}, {3}, {1, 2}], [{8}, {4, 7}, {6}, {3, 5}, {1, 2}], [{8}, {4, 7}, {6}, {5}, {3}, {1, 2}], [{8}, {5, 7}, {2, 6}, {1, 4}, {3}], [{8}, {5, 7}, {3, 6}, {4}, {1, 2}], [{8}, {5, 7}, {4, 6}, {3}, {1, 2}], [{8}, {5, 7}, {6}, {3, 4}, {1, 2}], [{8}, {6, 7}, {1, 5}, {3, 4}, {2}], [{8}, {6, 7}, {2, 5}, {3, 4}, {1}], [{8}, {6, 7}, {3, 5}, {1, 4}, {2}], [{8}, {6, 7}, {3, 5}, {2, 4}, {1}], [{8}, {6, 7}, {3, 5}, {4}, {1, 2}], [{8}, {6, 7}, {4, 5}, {3}, {1, 2}], [{8}, {6, 7}, {5}, {3, 4}, {1, 2}], [{8}, {6, 7}, {5}, {4}, {3}, {1, 2}], [{8}, {7}, {3, 6}, {4, 5}, {1, 2}], [{8}, {7}, {4, 6}, {3, 5}, {1, 2}], [{8}, {7}, {4, 6}, {5}, {3}, {1, 2}], [{8}, {7}, {5, 6}, {3, 4}, {1, 2}]]",2,8 K_1^3 + 4 K_1^2 K_2 - 16 K_1^2 - 14 K_1 K_2 - 4 K_1 K_3 + K_1 + 8 K_2 + 5 K_3 + K_4 + 8,O1O2O3O4U3U4O5U6O7O8U7U1U5U8O6U2,O1O2O3O4U1U4O5U2O6O7U6U7U8U3O8U5,O1O2O3O4U5O6U2U6U7U8O7O8U3O5U1U4,c,{'O1O2O3O4U3O5U6U7U4U8O6O8U5O7U1U2'},1,"<a href=""/flatknot/8.733907"">8.733907</a>",t^9-85t^7-274t^6+71t^5+622t^4-9t^3-192t^2-6t-8,t^3-2t^2+t,,
8.733908,O1O2O3O4U3O5U6U7U8U1O6O8U4O7U2U5,4,4z^3+39z^2+112z+101,4w^4z^3+39w^3z^2+112w^2z+101w,False,False,"[[ 0  0  0 -1  2  3 -3 -1  0],[ 0  0 -1  0  0  0  0  1  1],[ 0  1  0 -1  2  2 -2  0  1],[ 1  0  1  0  1  1  1  0  1],[-2  0 -2 -1  0  0 -3 -1 -1],[-3  0 -2 -1  0  0 -5 -2 -2],[ 3  0  2 -1  3  5  0  0  2],[ 1 -1  0  0  1  2  0  0  1],[ 0 -1 -1 -1  1  2 -2 -1  0]]","[[ 0  3  2  0  0  0 -1 -1 -3],[-3  0  0  0 -2 -2 -1 -2 -5],[-2  0  0  0 -1 -2 -1 -1 -3],[ 0  0  0  0  1 -1  0  1  0],[ 0  2  1 -1  0 -1 -1 -1 -2],[ 0  2  2  1  1  0 -1  0 -2],[ 1  1  1  0  1  1  0  0  1],[ 1  2  1 -1  1  0  0  0  0],[ 3  5  3  0  2  2 -1  0  0]]",True,"[-3,-2,0,0,0,1,1,3,0,0,2,2,1,2,5,0,1,2,1,1,3,-1,1,0,-1,0,1,1,1,2,1,0,2,0,-1,0]","[-3,-2,0,0,0,1,1,3,0,0,2,2,1,2,5,0,1,2,1,1,3,-1,1,0,-1,0,1,1,1,2,1,0,2,0,-1,0]",t^8+70t^6+298t^4+87t^2+1,"[-3,-1,-1,0,0,0,2,3,2,3,1,1,3,2,1,0,0,1,2,2,2,0,0,1,2,3,1,1,1,1,-1,0,1,2,3,1]","[-3,-2,0,0,0,1,1,3,1,1,1,3,2,3,1,0,1,2,2,2,2,1,1,1,0,1,-1,0,0,1,2,1,3,0,2,3]","[-3,-1,-1,0,0,0,2,3,-1,0,0,2,2,3,5,0,0,1,1,1,1,-1,0,1,1,2,-1,1,0,0,1,2,2,1,2,0]",c,"[[{8, 1}, {2, 7}, {3, 6}, {4, 5}], [{8, 1}, {2, 7}, {3, 6}, {5}, {4}], [{8, 1}, {2, 7}, {4, 6}, {3, 5}], [{8, 1}, {2, 7}, {5, 6}, {3, 4}], [{8, 1}, {3, 7}, {2, 6}, {4, 5}], [{8, 1}, {3, 7}, {2, 6}, {5}, {4}], [{8, 1}, {3, 7}, {4, 6}, {2, 5}], [{8, 1}, {3, 7}, {5, 6}, {2, 4}], [{8, 1}, {4, 7}, {2, 6}, {3, 5}], [{8, 1}, {4, 7}, {2, 6}, {5}, {3}], [{8, 1}, {4, 7}, {3, 6}, {2, 5}], [{8, 1}, {4, 7}, {5, 6}, {2, 3}], [{8, 1}, {5, 7}, {2, 6}, {3, 4}], [{8, 1}, {5, 7}, {3, 6}, {2, 4}], [{8, 1}, {5, 7}, {4, 6}, {2, 3}], [{8, 1}, {5, 7}, {6}, {3, 4}, {2}], [{8, 1}, {6, 7}, {2, 5}, {3, 4}], [{8, 1}, {6, 7}, {3, 5}, {2, 4}], [{8, 1}, {6, 7}, {3, 5}, {4}, {2}], [{8, 1}, {6, 7}, {4, 5}, {2, 3}], [{8, 1}, {6, 7}, {5}, {2, 4}, {3}], [{8, 1}, {7}, {2, 6}, {5}, {3, 4}], [{8, 1}, {7}, {4, 6}, {2, 5}, {3}], [{8, 2}, {1, 7}, {3, 6}, {4, 5}], [{8, 2}, {1, 7}, {3, 6}, {5}, {4}], [{8, 2}, {1, 7}, {4, 6}, {3, 5}], [{8, 2}, {1, 7}, {5, 6}, {3, 4}], [{8, 2}, {3, 7}, {1, 6}, {4, 5}], [{8, 2}, {3, 7}, {1, 6}, {5}, {4}], [{8, 2}, {3, 7}, {4, 6}, {1, 5}], [{8, 2}, {3, 7}, {5, 6}, {1, 4}], [{8, 2}, {3, 7}, {5, 6}, {4}, {1}], [{8, 2}, {3, 7}, {6}, {1, 5}, {4}], [{8, 2}, {4, 7}, {1, 6}, {3, 5}], [{8, 2}, {4, 7}, {1, 6}, {5}, {3}], [{8, 2}, {4, 7}, {3, 6}, {1, 5}], [{8, 2}, {4, 7}, {5, 6}, {1, 3}], [{8, 2}, {4, 7}, {5, 6}, {3}, {1}], [{8, 2}, {4, 7}, {6}, {1, 5}, {3}], [{8, 2}, {5, 7}, {1, 6}, {3, 4}], [{8, 2}, {5, 7}, {3, 6}, {1, 4}], [{8, 2}, {5, 7}, {3, 6}, {4}, {1}], [{8, 2}, {5, 7}, {4, 6}, {1, 3}], [{8, 2}, {6, 7}, {1, 5}, {3, 4}], [{8, 2}, {6, 7}, {1, 5}, {4}, {3}], [{8, 2}, {6, 7}, {3, 5}, {1, 4}], [{8, 2}, {6, 7}, {4, 5}, {1, 3}], [{8, 2}, {7}, {1, 6}, {5}, {3, 4}], [{8, 2}, {7}, {3, 6}, {1, 5}, {4}], [{8, 2}, {7}, {4, 6}, {1, 5}, {3}], [{8, 2}, {7}, {4, 6}, {3, 5}, {1}], [{8, 2}, {7}, {4, 6}, {5}, {1, 3}], [{8, 2}, {7}, {5, 6}, {3, 4}, {1}], [{8, 2}, {7}, {6}, {1, 5}, {3, 4}], [{8, 3}, {1, 7}, {2, 6}, {4, 5}], [{8, 3}, {1, 7}, {4, 6}, {2, 5}], [{8, 3}, {1, 7}, {5, 6}, {2, 4}], [{8, 3}, {2, 7}, {1, 6}, {4, 5}], [{8, 3}, {2, 7}, {4, 6}, {1, 5}], [{8, 3}, {2, 7}, {5, 6}, {1, 4}], [{8, 3}, {2, 7}, {6}, {5}, {1, 4}], [{8, 3}, {4, 7}, {1, 6}, {2, 5}], [{8, 3}, {4, 7}, {1, 6}, {5}, {2}], [{8, 3}, {4, 7}, {2, 6}, {1, 5}], [{8, 3}, {4, 7}, {5, 6}, {1, 2}], [{8, 3}, {4, 7}, {6}, {2, 5}, {1}], [{8, 3}, {5, 7}, {1, 6}, {2, 4}], [{8, 3}, {5, 7}, {2, 6}, {1, 4}], [{8, 3}, {5, 7}, {4, 6}, {1, 2}], [{8, 3}, {6, 7}, {1, 5}, {2, 4}], [{8, 3}, {6, 7}, {2, 5}, {1, 4}], [{8, 3}, {6, 7}, {2, 5}, {4}, {1}], [{8, 3}, {6, 7}, {4, 5}, {1, 2}], [{8, 3}, {7}, {4, 6}, {2, 5}, {1}], [{8, 3}, {7}, {5, 6}, {1, 4}, {2}], [{8, 3}, {7}, {5, 6}, {2, 4}, {1}], [{8, 3}, {7}, {5, 6}, {4}, {1, 2}], [{8, 4}, {1, 7}, {2, 6}, {3, 5}], [{8, 4}, {1, 7}, {3, 6}, {2, 5}], [{8, 4}, {1, 7}, {5, 6}, {2, 3}], [{8, 4}, {1, 7}, {6}, {5}, {2, 3}], [{8, 4}, {2, 7}, {1, 6}, {3, 5}], [{8, 4}, {2, 7}, {3, 6}, {1, 5}], [{8, 4}, {2, 7}, {5, 6}, {1, 3}], [{8, 4}, {2, 7}, {5, 6}, {3}, {1}], [{8, 4}, {2, 7}, {6}, {5}, {1, 3}], [{8, 4}, {3, 7}, {1, 6}, {2, 5}], [{8, 4}, {3, 7}, {2, 6}, {1, 5}], [{8, 4}, {3, 7}, {5, 6}, {1, 2}], [{8, 4}, {5, 7}, {1, 6}, {2, 3}], [{8, 4}, {5, 7}, {2, 6}, {1, 3}], [{8, 4}, {5, 7}, {2, 6}, {3}, {1}], [{8, 4}, {5, 7}, {3, 6}, {1, 2}], [{8, 4}, {6, 7}, {1, 5}, {2, 3}], [{8, 4}, {6, 7}, {2, 5}, {1, 3}], [{8, 4}, {6, 7}, {3, 5}, {1, 2}], [{8, 4}, {7}, {3, 6}, {1, 5}, {2}], [{8, 4}, {7}, {5, 6}, {1, 3}, {2}], [{8, 5}, {1, 7}, {2, 6}, {3, 4}], [{8, 5}, {1, 7}, {3, 6}, {2, 4}], [{8, 5}, {1, 7}, {3, 6}, {4}, {2}], [{8, 5}, {1, 7}, {4, 6}, {2, 3}], [{8, 5}, {2, 7}, {1, 6}, {3, 4}], [{8, 5}, {2, 7}, {3, 6}, {1, 4}], [{8, 5}, {2, 7}, {4, 6}, {1, 3}], [{8, 5}, {2, 7}, {4, 6}, {3}, {1}], [{8, 5}, {2, 7}, {6}, {4}, {1, 3}], [{8, 5}, {3, 7}, {1, 6}, {2, 4}], [{8, 5}, {3, 7}, {1, 6}, {4}, {2}], [{8, 5}, {3, 7}, {2, 6}, {1, 4}], [{8, 5}, {3, 7}, {4, 6}, {1, 2}], [{8, 5}, {4, 7}, {1, 6}, {2, 3}], [{8, 5}, {4, 7}, {2, 6}, {1, 3}], [{8, 5}, {4, 7}, {3, 6}, {1, 2}], [{8, 5}, {4, 7}, {6}, {1, 3}, {2}], [{8, 5}, {6, 7}, {1, 4}, {2, 3}], [{8, 5}, {6, 7}, {2, 4}, {1, 3}], [{8, 5}, {6, 7}, {3, 4}, {1, 2}], [{8, 5}, {6, 7}, {4}, {1, 3}, {2}], [{8, 5}, {7}, {2, 6}, {4}, {1, 3}], [{8, 5}, {7}, {4, 6}, {1, 3}, {2}], [{8, 5}, {7}, {6}, {2, 4}, {1, 3}], [{8, 5}, {7}, {6}, {4}, {1, 3}, {2}], [{8, 6}, {1, 7}, {2, 5}, {3, 4}], [{8, 6}, {1, 7}, {3, 5}, {2, 4}], [{8, 6}, {1, 7}, {4, 5}, {2, 3}], [{8, 6}, {2, 7}, {1, 5}, {3, 4}], [{8, 6}, {2, 7}, {3, 5}, {1, 4}], [{8, 6}, {2, 7}, {4, 5}, {1, 3}], [{8, 6}, {2, 7}, {4, 5}, {3}, {1}], [{8, 6}, {2, 7}, {5}, {4}, {1, 3}], [{8, 6}, {3, 7}, {1, 5}, {2, 4}], [{8, 6}, {3, 7}, {2, 5}, {1, 4}], [{8, 6}, {3, 7}, {4, 5}, {1, 2}], [{8, 6}, {3, 7}, {5}, {4}, {1, 2}], [{8, 6}, {4, 7}, {1, 5}, {2, 3}], [{8, 6}, {4, 7}, {2, 5}, {1, 3}], [{8, 6}, {4, 7}, {3, 5}, {1, 2}], [{8, 6}, {4, 7}, {3, 5}, {2}, {1}], [{8, 6}, {5, 7}, {1, 4}, {2, 3}], [{8, 6}, {5, 7}, {2, 4}, {1, 3}], [{8, 6}, {5, 7}, {3, 4}, {1, 2}], [{8, 6}, {5, 7}, {3, 4}, {2}, {1}], [{8, 6}, {7}, {4, 5}, {1, 3}, {2}], [{8, 7}, {1, 6}, {2, 5}, {3, 4}], [{8, 7}, {1, 6}, {3, 5}, {2, 4}], [{8, 7}, {1, 6}, {4, 5}, {2, 3}], [{8, 7}, {2, 6}, {1, 5}, {3, 4}], [{8, 7}, {2, 6}, {3, 5}, {1, 4}], [{8, 7}, {2, 6}, {4, 5}, {1, 3}], [{8, 7}, {2, 6}, {5}, {4}, {1, 3}], [{8, 7}, {3, 6}, {1, 5}, {2, 4}], [{8, 7}, {3, 6}, {2, 5}, {1, 4}], [{8, 7}, {3, 6}, {4, 5}, {1, 2}], [{8, 7}, {3, 6}, {5}, {4}, {1, 2}], [{8, 7}, {4, 6}, {1, 5}, {2, 3}], [{8, 7}, {4, 6}, {2, 5}, {1, 3}], [{8, 7}, {4, 6}, {3, 5}, {1, 2}], [{8, 7}, {4, 6}, {5}, {1, 3}, {2}], [{8, 7}, {5, 6}, {1, 4}, {2, 3}], [{8, 7}, {5, 6}, {2, 4}, {1, 3}], [{8, 7}, {5, 6}, {3, 4}, {1, 2}], [{8, 7}, {6}, {5}, {2, 4}, {1, 3}], [{8}, {1, 7}, {3, 6}, {2, 5}, {4}], [{8}, {1, 7}, {5, 6}, {4}, {2, 3}], [{8}, {2, 7}, {1, 6}, {3, 5}, {4}], [{8}, {2, 7}, {4, 6}, {5}, {1, 3}], [{8}, {2, 7}, {5, 6}, {4}, {1, 3}], [{8}, {2, 7}, {6}, {4, 5}, {1, 3}], [{8}, {3, 7}, {1, 6}, {2, 5}, {4}], [{8}, {4, 7}, {1, 6}, {5}, {2, 3}], [{8}, {5, 7}, {1, 6}, {3, 4}, {2}], [{8}, {5, 7}, {2, 6}, {4}, {1, 3}], [{8}, {5, 7}, {4, 6}, {1, 3}, {2}], [{8}, {5, 7}, {6}, {2, 4}, {1, 3}], [{8}, {6, 7}, {2, 5}, {1, 4}, {3}], [{8}, {7}, {3, 6}, {1, 5}, {2, 4}], [{8}, {7}, {4, 6}, {2, 5}, {1, 3}], [{8}, {7}, {4, 6}, {5}, {1, 3}, {2}]]",2,4 K_1^3 - 6 K_1^2 - 4 K_1 K_2 - K_1 + 3 K_2 + K_3 + 4,O1O2O3O4U5U3O6U1O7O8U4U7U6U8O5U2,O1O2O3O4U1U3O5U2O6O7U4U6U8U5O8U7,O1O2O3O4U5O6U7U6U8U1O5O8U3O7U2U4,c,{'O1O2O3O4U3O5U6U7U8U1O6O8U4O7U2U5'},1,"<a href=""/flatknot/8.733908"">8.733908</a>",t^9-68t^7-196t^6+31t^5+314t^4+105t^3+42t^2-3t-30,-t^2+2t,,
8.733909,O1O2O3O4U3O5U6U7U8U1O6O8U4O7U5U2,4,22z^2+107z+127,22w^3z^2+107w^2z+127w,False,False,"[[ 0  0  1 -1  2  2 -3 -1  0],[ 0  0  0  0  0 -1  0  1  1],[-1  0  0 -1  1  1 -3 -1  0],[ 1  0  1  0  1  1  1  0  1],[-2  0 -1 -1  0  0 -3 -1 -1],[-2  1 -1 -1  0  0 -4 -1 -1],[ 3  0  3 -1  3  4  0  0  2],[ 1 -1  1  0  1  1  0  0  1],[ 0 -1  0 -1  1  1 -2 -1  0]]","[[ 0  2  2  1  0  0 -1 -1 -3],[-2  0  0 -1  1 -1 -1 -1 -4],[-2  0  0 -1  0 -1 -1 -1 -3],[-1  1  1  0  0  0 -1 -1 -3],[ 0 -1  0  0  0  1  1  0  0],[ 0  1  1  0 -1  0 -1 -1 -2],[ 1  1  1  1 -1  1  0  0  0],[ 1  1  1  1  0  1  0  0  1],[ 3  4  3  3  0  2  0 -1  0]]",True,"[-2,-2,-1,0,0,1,1,3,0,1,-1,1,1,1,4,1,0,1,1,1,3,0,0,1,1,3,-1,-1,0,0,1,1,2,0,0,-1]","[-3,-1,-1,0,0,1,2,2,-1,0,0,2,3,3,4,0,0,1,1,1,1,-1,1,1,1,1,1,0,0,-1,0,1,1,1,1,0]",t^8+54t^6+153t^4+28t^2,"[-3,-1,-1,0,0,1,2,2,2,3,1,3,1,1,2,0,0,2,1,2,2,0,1,1,2,2,1,1,1,1,1,3,2,0,0,0]","[-2,-2,-1,0,0,1,1,3,0,0,1,2,2,2,2,0,1,3,2,2,1,1,1,1,1,1,-1,0,0,1,1,2,3,0,3,2]","[-3,-1,-1,0,0,1,2,2,-1,0,0,2,3,3,4,0,0,1,1,1,1,-1,1,1,1,1,1,0,0,-1,0,1,1,1,1,0]",c,"[[{8, 1}, {2, 7}, {3, 6}, {4, 5}], [{8, 1}, {2, 7}, {3, 6}, {5}, {4}], [{8, 1}, {2, 7}, {4, 6}, {3, 5}], [{8, 1}, {2, 7}, {4, 6}, {5}, {3}], [{8, 1}, {2, 7}, {5, 6}, {3, 4}], [{8, 1}, {2, 7}, {5, 6}, {4}, {3}], [{8, 1}, {2, 7}, {6}, {3, 5}, {4}], [{8, 1}, {2, 7}, {6}, {4, 5}, {3}], [{8, 1}, {2, 7}, {6}, {5}, {3, 4}], [{8, 1}, {3, 7}, {2, 6}, {4, 5}], [{8, 1}, {3, 7}, {4, 6}, {2, 5}], [{8, 1}, {3, 7}, {5, 6}, {2, 4}], [{8, 1}, {3, 7}, {6}, {4, 5}, {2}], [{8, 1}, {4, 7}, {2, 6}, {3, 5}], [{8, 1}, {4, 7}, {3, 6}, {2, 5}], [{8, 1}, {4, 7}, {5, 6}, {2, 3}], [{8, 1}, {4, 7}, {6}, {3, 5}, {2}], [{8, 1}, {5, 7}, {2, 6}, {3, 4}], [{8, 1}, {5, 7}, {3, 6}, {2, 4}], [{8, 1}, {5, 7}, {4, 6}, {2, 3}], [{8, 1}, {5, 7}, {6}, {3, 4}, {2}], [{8, 1}, {6, 7}, {2, 5}, {3, 4}], [{8, 1}, {6, 7}, {3, 5}, {2, 4}], [{8, 1}, {6, 7}, {3, 5}, {4}, {2}], [{8, 1}, {6, 7}, {4, 5}, {2, 3}], [{8, 1}, {6, 7}, {4, 5}, {3}, {2}], [{8, 1}, {6, 7}, {5}, {3, 4}, {2}], [{8, 1}, {7}, {2, 6}, {3, 5}, {4}], [{8, 1}, {7}, {2, 6}, {4, 5}, {3}], [{8, 1}, {7}, {2, 6}, {5}, {3, 4}], [{8, 1}, {7}, {3, 6}, {4, 5}, {2}], [{8, 1}, {7}, {4, 6}, {3, 5}, {2}], [{8, 1}, {7}, {5, 6}, {3, 4}, {2}], [{8, 1}, {7}, {6}, {2, 5}, {3, 4}], [{8, 1}, {7}, {6}, {3, 5}, {2, 4}], [{8, 1}, {7}, {6}, {3, 5}, {4}, {2}], [{8, 1}, {7}, {6}, {4, 5}, {2, 3}], [{8, 1}, {7}, {6}, {4, 5}, {3}, {2}], [{8, 1}, {7}, {6}, {5}, {3, 4}, {2}], [{8, 2}, {1, 7}, {3, 6}, {4, 5}], [{8, 2}, {1, 7}, {4, 6}, {3, 5}], [{8, 2}, {1, 7}, {5, 6}, {3, 4}], [{8, 2}, {3, 7}, {1, 6}, {4, 5}], [{8, 2}, {3, 7}, {1, 6}, {5}, {4}], [{8, 2}, {3, 7}, {4, 6}, {1, 5}], [{8, 2}, {3, 7}, {5, 6}, {1, 4}], [{8, 2}, {4, 7}, {1, 6}, {3, 5}], [{8, 2}, {4, 7}, {3, 6}, {1, 5}], [{8, 2}, {4, 7}, {5, 6}, {1, 3}], [{8, 2}, {5, 7}, {1, 6}, {3, 4}], [{8, 2}, {5, 7}, {3, 6}, {1, 4}], [{8, 2}, {5, 7}, {4, 6}, {1, 3}], [{8, 2}, {5, 7}, {4, 6}, {3}, {1}], [{8, 2}, {6, 7}, {1, 5}, {3, 4}], [{8, 2}, {6, 7}, {3, 5}, {1, 4}], [{8, 2}, {6, 7}, {4, 5}, {1, 3}], [{8, 2}, {7}, {3, 6}, {5}, {1, 4}], [{8, 3}, {1, 7}, {2, 6}, {4, 5}], [{8, 3}, {1, 7}, {4, 6}, {2, 5}], [{8, 3}, {1, 7}, {5, 6}, {2, 4}], [{8, 3}, {2, 7}, {1, 6}, {4, 5}], [{8, 3}, {2, 7}, {1, 6}, {5}, {4}], [{8, 3}, {2, 7}, {4, 6}, {1, 5}], [{8, 3}, {2, 7}, {5, 6}, {1, 4}], [{8, 3}, {4, 7}, {1, 6}, {2, 5}], [{8, 3}, {4, 7}, {2, 6}, {1, 5}], [{8, 3}, {4, 7}, {5, 6}, {1, 2}], [{8, 3}, {4, 7}, {5, 6}, {2}, {1}], [{8, 3}, {5, 7}, {1, 6}, {2, 4}], [{8, 3}, {5, 7}, {2, 6}, {1, 4}], [{8, 3}, {5, 7}, {4, 6}, {1, 2}], [{8, 3}, {5, 7}, {6}, {1, 4}, {2}], [{8, 3}, {6, 7}, {1, 5}, {2, 4}], [{8, 3}, {6, 7}, {1, 5}, {4}, {2}], [{8, 3}, {6, 7}, {2, 5}, {1, 4}], [{8, 3}, {6, 7}, {4, 5}, {1, 2}], [{8, 3}, {7}, {2, 6}, {5}, {1, 4}], [{8, 3}, {7}, {4, 6}, {2, 5}, {1}], [{8, 3}, {7}, {5, 6}, {4}, {1, 2}], [{8, 4}, {1, 7}, {2, 6}, {3, 5}], [{8, 4}, {1, 7}, {3, 6}, {2, 5}], [{8, 4}, {1, 7}, {5, 6}, {2, 3}], [{8, 4}, {2, 7}, {1, 6}, {3, 5}], [{8, 4}, {2, 7}, {3, 6}, {1, 5}], [{8, 4}, {2, 7}, {5, 6}, {1, 3}], [{8, 4}, {3, 7}, {1, 6}, {2, 5}], [{8, 4}, {3, 7}, {1, 6}, {5}, {2}], [{8, 4}, {3, 7}, {2, 6}, {1, 5}], [{8, 4}, {3, 7}, {5, 6}, {1, 2}], [{8, 4}, {5, 7}, {1, 6}, {2, 3}], [{8, 4}, {5, 7}, {2, 6}, {1, 3}], [{8, 4}, {5, 7}, {2, 6}, {3}, {1}], [{8, 4}, {5, 7}, {3, 6}, {1, 2}], [{8, 4}, {6, 7}, {1, 5}, {2, 3}], [{8, 4}, {6, 7}, {1, 5}, {3}, {2}], [{8, 4}, {6, 7}, {2, 5}, {1, 3}], [{8, 4}, {6, 7}, {3, 5}, {1, 2}], [{8, 5}, {1, 7}, {2, 6}, {3, 4}], [{8, 5}, {1, 7}, {3, 6}, {2, 4}], [{8, 5}, {1, 7}, {3, 6}, {4}, {2}], [{8, 5}, {1, 7}, {4, 6}, {2, 3}], [{8, 5}, {2, 7}, {1, 6}, {3, 4}], [{8, 5}, {2, 7}, {3, 6}, {1, 4}], [{8, 5}, {2, 7}, {4, 6}, {1, 3}], [{8, 5}, {3, 7}, {1, 6}, {2, 4}], [{8, 5}, {3, 7}, {1, 6}, {4}, {2}], [{8, 5}, {3, 7}, {2, 6}, {1, 4}], [{8, 5}, {3, 7}, {4, 6}, {1, 2}], [{8, 5}, {4, 7}, {1, 6}, {2, 3}], [{8, 5}, {4, 7}, {2, 6}, {1, 3}], [{8, 5}, {4, 7}, {3, 6}, {1, 2}], [{8, 5}, {6, 7}, {1, 4}, {2, 3}], [{8, 5}, {6, 7}, {2, 4}, {1, 3}], [{8, 5}, {6, 7}, {3, 4}, {1, 2}], [{8, 5}, {6, 7}, {3, 4}, {2}, {1}], [{8, 5}, {6, 7}, {4}, {3}, {1, 2}], [{8, 6}, {1, 7}, {2, 5}, {3, 4}], [{8, 6}, {1, 7}, {3, 5}, {2, 4}], [{8, 6}, {1, 7}, {4, 5}, {2, 3}], [{8, 6}, {2, 7}, {1, 5}, {3, 4}], [{8, 6}, {2, 7}, {3, 5}, {1, 4}], [{8, 6}, {2, 7}, {4, 5}, {1, 3}], [{8, 6}, {2, 7}, {5}, {4}, {1, 3}], [{8, 6}, {3, 7}, {1, 5}, {2, 4}], [{8, 6}, {3, 7}, {2, 5}, {1, 4}], [{8, 6}, {3, 7}, {4, 5}, {1, 2}], [{8, 6}, {3, 7}, {4, 5}, {2}, {1}], [{8, 6}, {4, 7}, {1, 5}, {2, 3}], [{8, 6}, {4, 7}, {2, 5}, {1, 3}], [{8, 6}, {4, 7}, {3, 5}, {1, 2}], [{8, 6}, {4, 7}, {3, 5}, {2}, {1}], [{8, 6}, {5, 7}, {1, 4}, {2, 3}], [{8, 6}, {5, 7}, {1, 4}, {3}, {2}], [{8, 6}, {5, 7}, {2, 4}, {1, 3}], [{8, 6}, {5, 7}, {2, 4}, {3}, {1}], [{8, 6}, {5, 7}, {3, 4}, {1, 2}], [{8, 6}, {5, 7}, {3, 4}, {2}, {1}], [{8, 6}, {5, 7}, {4}, {1, 3}, {2}], [{8, 6}, {5, 7}, {4}, {2, 3}, {1}], [{8, 6}, {5, 7}, {4}, {3}, {1, 2}], [{8, 6}, {5, 7}, {4}, {3}, {2}, {1}], [{8, 6}, {7}, {2, 5}, {4}, {1, 3}], [{8, 7}, {1, 6}, {2, 5}, {3, 4}], [{8, 7}, {1, 6}, {3, 5}, {2, 4}], [{8, 7}, {1, 6}, {4, 5}, {2, 3}], [{8, 7}, {1, 6}, {5}, {4}, {2, 3}], [{8, 7}, {2, 6}, {1, 5}, {3, 4}], [{8, 7}, {2, 6}, {3, 5}, {1, 4}], [{8, 7}, {2, 6}, {4, 5}, {1, 3}], [{8, 7}, {2, 6}, {5}, {1, 4}, {3}], [{8, 7}, {3, 6}, {1, 5}, {2, 4}], [{8, 7}, {3, 6}, {2, 5}, {1, 4}], [{8, 7}, {3, 6}, {4, 5}, {1, 2}], [{8, 7}, {4, 6}, {1, 5}, {2, 3}], [{8, 7}, {4, 6}, {2, 5}, {1, 3}], [{8, 7}, {4, 6}, {3, 5}, {1, 2}], [{8, 7}, {5, 6}, {1, 4}, {2, 3}], [{8, 7}, {5, 6}, {2, 4}, {1, 3}], [{8, 7}, {5, 6}, {3, 4}, {1, 2}], [{8, 7}, {5, 6}, {4}, {1, 3}, {2}], [{8}, {3, 7}, {1, 6}, {2, 5}, {4}], [{8}, {3, 7}, {1, 6}, {4, 5}, {2}], [{8}, {3, 7}, {1, 6}, {5}, {2, 4}], [{8}, {3, 7}, {1, 6}, {5}, {4}, {2}], [{8}, {3, 7}, {2, 6}, {5}, {1, 4}], [{8}, {3, 7}, {4, 6}, {5}, {1, 2}], [{8}, {4, 7}, {1, 6}, {3, 5}, {2}], [{8}, {5, 7}, {1, 6}, {3, 4}, {2}], [{8}, {5, 7}, {3, 6}, {1, 4}, {2}], [{8}, {6, 7}, {1, 5}, {3, 4}, {2}]]",2,20 K_1^3 - 24 K_1^2 - 34 K_1 K_2 + 2 K_1 + 12 K_2 + 12 K_3 + 13,O1O2O3O4U3U5O6U1O7O8U4U7U6U8O5U2,O1O2O3O4U1U3O5U2O6O7U4U7U8U5O8U6,O1O2O3O4U5O6U7U6U8U1O8O5U3O7U2U4,c,{'O1O2O3O4U3O5U6U7U8U1O6O8U4O7U5U2'},1,"<a href=""/flatknot/8.733909"">8.733909</a>",t^9-56t^7-114t^6+45t^5+196t^4+118t^3+62t^2+8t-8,t^3-2t^2+t,,
8.733910,O1O2O3O4U3O5U6U7U8U1O6O8U5O7U2U4,4,z^3+17z^2+97z+135,w^4z^3+17w^3z^2+97w^2z+135w,False,False,"[[ 0  0  0 -1  3  2 -3 -1  0],[ 0  0 -1  0  1 -1  0  1  1],[ 0  1  0  0  2  1 -2  0  1],[ 1  0  0  0  1  0  1  1  1],[-3 -1 -2 -1  0  1 -5 -3 -2],[-2  1 -1  0 -1  0 -3 -1 -1],[ 3  0  2 -1  5  3  0  0  2],[ 1 -1  0 -1  3  1  0  0  1],[ 0 -1 -1 -1  2  1 -2 -1  0]]","[[ 0  3  2  0  0  0 -1 -1 -3],[-3  0  1 -1 -2 -2 -1 -3 -5],[-2 -1  0  1 -1 -1  0 -1 -3],[ 0  1 -1  0  1 -1  0  1  0],[ 0  2  1 -1  0 -1 -1 -1 -2],[ 0  2  1  1  1  0  0  0 -2],[ 1  1  0  0  1  0  0  1  1],[ 1  3  1 -1  1  0 -1  0  0],[ 3  5  3  0  2  2 -1  0  0]]",True,"[-3,-2,0,0,0,1,1,3,-1,1,2,2,1,3,5,-1,1,1,0,1,3,-1,1,0,-1,0,1,1,1,2,0,0,2,-1,-1,0]","[-3,-2,0,0,0,1,1,3,-1,1,2,2,1,3,5,-1,1,1,0,1,3,-1,1,0,-1,0,1,1,1,2,0,0,2,-1,-1,0]",t^8+74t^6+472t^4+40t^2,"[-3,-1,-1,0,0,0,2,3,2,3,1,1,3,2,1,1,0,1,2,2,1,0,1,1,3,3,1,1,1,1,-1,1,1,3,2,2]","[-3,-2,0,0,0,1,1,3,2,1,1,2,1,3,1,1,1,3,2,3,2,-1,-1,0,0,1,1,1,1,1,2,1,3,-1,2,3]","[-3,-1,-1,0,0,0,2,3,-1,0,0,2,2,3,5,1,0,0,1,0,1,-1,0,1,1,3,-1,1,-1,1,1,1,2,1,2,-1]",c,"[[{8, 1}, {2, 7}, {3, 6}, {4, 5}], [{8, 1}, {2, 7}, {4, 6}, {3, 5}], [{8, 1}, {2, 7}, {5, 6}, {3, 4}], [{8, 1}, {3, 7}, {2, 6}, {4, 5}], [{8, 1}, {3, 7}, {4, 6}, {2, 5}], [{8, 1}, {3, 7}, {5, 6}, {2, 4}], [{8, 1}, {4, 7}, {2, 6}, {3, 5}], [{8, 1}, {4, 7}, {3, 6}, {2, 5}], [{8, 1}, {4, 7}, {5, 6}, {2, 3}], [{8, 1}, {5, 7}, {2, 6}, {3, 4}], [{8, 1}, {5, 7}, {3, 6}, {2, 4}], [{8, 1}, {5, 7}, {4, 6}, {2, 3}], [{8, 1}, {5, 7}, {6}, {3, 4}, {2}], [{8, 1}, {6, 7}, {2, 5}, {3, 4}], [{8, 1}, {6, 7}, {3, 5}, {2, 4}], [{8, 1}, {6, 7}, {4, 5}, {2, 3}], [{8, 1}, {6, 7}, {5}, {2, 4}, {3}], [{8, 2}, {1, 7}, {3, 6}, {4, 5}], [{8, 2}, {1, 7}, {4, 6}, {3, 5}], [{8, 2}, {1, 7}, {4, 6}, {5}, {3}], [{8, 2}, {1, 7}, {5, 6}, {3, 4}], [{8, 2}, {1, 7}, {5, 6}, {4}, {3}], [{8, 2}, {1, 7}, {6}, {4, 5}, {3}], [{8, 2}, {3, 7}, {1, 6}, {4, 5}], [{8, 2}, {3, 7}, {4, 6}, {1, 5}], [{8, 2}, {3, 7}, {4, 6}, {5}, {1}], [{8, 2}, {3, 7}, {5, 6}, {1, 4}], [{8, 2}, {4, 7}, {1, 6}, {3, 5}], [{8, 2}, {4, 7}, {3, 6}, {1, 5}], [{8, 2}, {4, 7}, {5, 6}, {1, 3}], [{8, 2}, {5, 7}, {1, 6}, {3, 4}], [{8, 2}, {5, 7}, {3, 6}, {1, 4}], [{8, 2}, {5, 7}, {4, 6}, {1, 3}], [{8, 2}, {5, 7}, {4, 6}, {3}, {1}], [{8, 2}, {6, 7}, {1, 5}, {3, 4}], [{8, 2}, {6, 7}, {3, 5}, {1, 4}], [{8, 2}, {6, 7}, {4, 5}, {1, 3}], [{8, 2}, {7}, {1, 6}, {5}, {3, 4}], [{8, 2}, {7}, {3, 6}, {5}, {1, 4}], [{8, 2}, {7}, {4, 6}, {1, 5}, {3}], [{8, 2}, {7}, {4, 6}, {3, 5}, {1}], [{8, 2}, {7}, {4, 6}, {5}, {1, 3}], [{8, 2}, {7}, {4, 6}, {5}, {3}, {1}], [{8, 3}, {1, 7}, {2, 6}, {4, 5}], [{8, 3}, {1, 7}, {4, 6}, {2, 5}], [{8, 3}, {1, 7}, {5, 6}, {2, 4}], [{8, 3}, {2, 7}, {1, 6}, {4, 5}], [{8, 3}, {2, 7}, {1, 6}, {5}, {4}], [{8, 3}, {2, 7}, {4, 6}, {1, 5}], [{8, 3}, {2, 7}, {5, 6}, {1, 4}], [{8, 3}, {4, 7}, {1, 6}, {2, 5}], [{8, 3}, {4, 7}, {2, 6}, {1, 5}], [{8, 3}, {4, 7}, {5, 6}, {1, 2}], [{8, 3}, {4, 7}, {5, 6}, {2}, {1}], [{8, 3}, {5, 7}, {1, 6}, {2, 4}], [{8, 3}, {5, 7}, {2, 6}, {1, 4}], [{8, 3}, {5, 7}, {2, 6}, {4}, {1}], [{8, 3}, {5, 7}, {4, 6}, {1, 2}], [{8, 3}, {6, 7}, {1, 5}, {2, 4}], [{8, 3}, {6, 7}, {2, 5}, {1, 4}], [{8, 3}, {6, 7}, {4, 5}, {1, 2}], [{8, 3}, {6, 7}, {5}, {1, 4}, {2}], [{8, 4}, {1, 7}, {2, 6}, {3, 5}], [{8, 4}, {1, 7}, {3, 6}, {2, 5}], [{8, 4}, {1, 7}, {5, 6}, {2, 3}], [{8, 4}, {1, 7}, {6}, {5}, {2, 3}], [{8, 4}, {2, 7}, {1, 6}, {3, 5}], [{8, 4}, {2, 7}, {1, 6}, {5}, {3}], [{8, 4}, {2, 7}, {3, 6}, {1, 5}], [{8, 4}, {2, 7}, {5, 6}, {1, 3}], [{8, 4}, {3, 7}, {1, 6}, {2, 5}], [{8, 4}, {3, 7}, {2, 6}, {1, 5}], [{8, 4}, {3, 7}, {5, 6}, {1, 2}], [{8, 4}, {5, 7}, {1, 6}, {2, 3}], [{8, 4}, {5, 7}, {2, 6}, {1, 3}], [{8, 4}, {5, 7}, {3, 6}, {1, 2}], [{8, 4}, {5, 7}, {6}, {2, 3}, {1}], [{8, 4}, {6, 7}, {1, 5}, {2, 3}], [{8, 4}, {6, 7}, {2, 5}, {1, 3}], [{8, 4}, {6, 7}, {3, 5}, {1, 2}], [{8, 4}, {6, 7}, {5}, {1, 3}, {2}], [{8, 4}, {7}, {6}, {1, 5}, {2, 3}], [{8, 5}, {1, 7}, {2, 6}, {3, 4}], [{8, 5}, {1, 7}, {3, 6}, {2, 4}], [{8, 5}, {1, 7}, {4, 6}, {2, 3}], [{8, 5}, {2, 7}, {1, 6}, {3, 4}], [{8, 5}, {2, 7}, {1, 6}, {4}, {3}], [{8, 5}, {2, 7}, {3, 6}, {1, 4}], [{8, 5}, {2, 7}, {4, 6}, {1, 3}], [{8, 5}, {3, 7}, {1, 6}, {2, 4}], [{8, 5}, {3, 7}, {2, 6}, {1, 4}], [{8, 5}, {3, 7}, {4, 6}, {1, 2}], [{8, 5}, {4, 7}, {1, 6}, {2, 3}], [{8, 5}, {4, 7}, {2, 6}, {1, 3}], [{8, 5}, {4, 7}, {3, 6}, {1, 2}], [{8, 5}, {6, 7}, {1, 4}, {2, 3}], [{8, 5}, {6, 7}, {2, 4}, {1, 3}], [{8, 5}, {6, 7}, {3, 4}, {1, 2}], [{8, 5}, {7}, {1, 6}, {3, 4}, {2}], [{8, 5}, {7}, {3, 6}, {1, 4}, {2}], [{8, 6}, {1, 7}, {2, 5}, {3, 4}], [{8, 6}, {1, 7}, {3, 5}, {2, 4}], [{8, 6}, {1, 7}, {4, 5}, {2, 3}], [{8, 6}, {2, 7}, {1, 5}, {3, 4}], [{8, 6}, {2, 7}, {3, 5}, {1, 4}], [{8, 6}, {2, 7}, {4, 5}, {1, 3}], [{8, 6}, {3, 7}, {1, 5}, {2, 4}], [{8, 6}, {3, 7}, {2, 5}, {1, 4}], [{8, 6}, {3, 7}, {4, 5}, {1, 2}], [{8, 6}, {3, 7}, {5}, {1, 4}, {2}], [{8, 6}, {4, 7}, {1, 5}, {2, 3}], [{8, 6}, {4, 7}, {2, 5}, {1, 3}], [{8, 6}, {4, 7}, {3, 5}, {1, 2}], [{8, 6}, {4, 7}, {5}, {3}, {1, 2}], [{8, 6}, {5, 7}, {1, 4}, {2, 3}], [{8, 6}, {5, 7}, {2, 4}, {1, 3}], [{8, 6}, {5, 7}, {3, 4}, {1, 2}], [{8, 6}, {5, 7}, {3, 4}, {2}, {1}], [{8, 6}, {7}, {5}, {2, 4}, {1, 3}], [{8, 7}, {1, 6}, {2, 5}, {3, 4}], [{8, 7}, {1, 6}, {3, 5}, {2, 4}], [{8, 7}, {1, 6}, {4, 5}, {2, 3}], [{8, 7}, {1, 6}, {5}, {3, 4}, {2}], [{8, 7}, {2, 6}, {1, 5}, {3, 4}], [{8, 7}, {2, 6}, {3, 5}, {1, 4}], [{8, 7}, {2, 6}, {4, 5}, {1, 3}], [{8, 7}, {2, 6}, {5}, {1, 4}, {3}], [{8, 7}, {3, 6}, {1, 5}, {2, 4}], [{8, 7}, {3, 6}, {2, 5}, {1, 4}], [{8, 7}, {3, 6}, {4, 5}, {1, 2}], [{8, 7}, {3, 6}, {5}, {1, 4}, {2}], [{8, 7}, {4, 6}, {1, 5}, {2, 3}], [{8, 7}, {4, 6}, {2, 5}, {1, 3}], [{8, 7}, {4, 6}, {3, 5}, {1, 2}], [{8, 7}, {4, 6}, {5}, {1, 3}, {2}], [{8, 7}, {5, 6}, {1, 4}, {2, 3}], [{8, 7}, {5, 6}, {1, 4}, {3}, {2}], [{8, 7}, {5, 6}, {2, 4}, {1, 3}], [{8, 7}, {5, 6}, {3, 4}, {1, 2}], [{8, 7}, {6}, {2, 5}, {1, 4}, {3}], [{8, 7}, {6}, {3, 5}, {1, 4}, {2}], [{8, 7}, {6}, {5}, {1, 4}, {2, 3}], [{8, 7}, {6}, {5}, {1, 4}, {3}, {2}], [{8}, {2, 7}, {1, 6}, {3, 5}, {4}], [{8}, {2, 7}, {1, 6}, {4, 5}, {3}], [{8}, {2, 7}, {1, 6}, {5}, {3, 4}], [{8}, {2, 7}, {1, 6}, {5}, {4}, {3}], [{8}, {2, 7}, {3, 6}, {5}, {1, 4}], [{8}, {2, 7}, {4, 6}, {5}, {1, 3}], [{8}, {3, 7}, {1, 6}, {5}, {2, 4}], [{8}, {4, 7}, {1, 6}, {5}, {2, 3}], [{8}, {5, 7}, {1, 6}, {3, 4}, {2}], [{8}, {5, 7}, {3, 6}, {1, 4}, {2}], [{8}, {5, 7}, {3, 6}, {2, 4}, {1}], [{8}, {5, 7}, {3, 6}, {4}, {1, 2}], [{8}, {7}, {1, 6}, {2, 5}, {3, 4}], [{8}, {7}, {1, 6}, {5}, {3, 4}, {2}], [{8}, {7}, {3, 6}, {2, 5}, {1, 4}], [{8}, {7}, {3, 6}, {5}, {1, 4}, {2}]]",2,- 8 K_1^4 + 16 K_1^3 + 12 K_1^2 K_2 - 38 K_1^2 - 28 K_1 K_2 - 4 K_1 K_3 + 2 K_1 - 2 K_2^2 + 19 K_2 + 10 K_3 + K_4 + 21,O1O2O3O4U1U3O5U6O7O8U4U7U5U8O6U2,O1O2O3O4U1U3O5U2O6O7U4U6U8U7O8U5,O1O2O3O4U5O6U7U6U8U1O7O8U3O5U2U4,c,{'O1O2O3O4U3O5U6U7U8U1O6O8U5O7U2U4'},1,"<a href=""/flatknot/8.733910"">8.733910</a>",t^9-72t^7-228t^6-35t^5+502t^4+541t^3-14t^2-561t-348,-t^2+2t,,
8.733911,O1O2O3O4U3O5U6U7U8U1O6O8U5O7U4U2,3,2z^2+51z+95,2w^3z^2+51w^2z+95w,False,False,"[[ 0  0  1 -1  2  2 -3 -1  0],[ 0  0  0  0  0 -1  0  1  1],[-1  0  0 -1  1  1 -3 -1  0],[ 1  0  1  0  1  0  1  1  1],[-2  0 -1 -1  0  1 -4 -2 -1],[-2  1 -1  0 -1  0 -3 -1 -1],[ 3  0  3 -1  4  3  0  0  2],[ 1 -1  1 -1  2  1  0  0  1],[ 0 -1  0 -1  1  1 -2 -1  0]]","[[ 0  2  2  1  0  0 -1 -1 -3],[-2  0  1 -1  0 -1 -1 -2 -4],[-2 -1  0 -1  1 -1  0 -1 -3],[-1  1  1  0  0  0 -1 -1 -3],[ 0  0 -1  0  0  1  0  1  0],[ 0  1  1  0 -1  0 -1 -1 -2],[ 1  1  0  1  0  1  0  1  1],[ 1  2  1  1 -1  1 -1  0  0],[ 3  4  3  3  0  2 -1  0  0]]",True,"[-2,-2,-1,0,0,1,1,3,-1,1,0,1,1,2,4,1,-1,1,0,1,3,0,0,1,1,3,-1,0,-1,0,1,1,2,-1,-1,0]","[-3,-1,-1,0,0,1,2,2,-1,0,0,2,3,3,4,1,0,1,1,0,1,-1,1,1,1,2,1,0,-1,0,0,1,1,1,1,-1]",t^8+58t^6+176t^4+8t^2,"[-3,-1,-1,0,0,1,2,2,2,3,1,3,1,1,2,1,0,2,1,1,2,0,1,1,2,3,1,1,1,1,1,2,3,0,0,-1]","[-2,-2,-1,0,0,1,1,3,-1,0,1,3,2,3,2,0,1,2,1,2,1,1,1,1,1,1,-1,0,0,1,2,1,3,-1,2,3]","[-3,-1,-1,0,0,1,2,2,-1,0,0,2,3,3,4,1,0,1,1,0,1,-1,1,1,1,2,1,0,-1,0,0,1,1,1,1,-1]",c,"[[{8, 1}, {2, 7}, {3, 6}, {4, 5}], [{8, 1}, {2, 7}, {4, 6}, {3, 5}], [{8, 1}, {2, 7}, {5, 6}, {3, 4}], [{8, 1}, {2, 7}, {6}, {5}, {3, 4}], [{8, 1}, {3, 7}, {2, 6}, {4, 5}], [{8, 1}, {3, 7}, {4, 6}, {2, 5}], [{8, 1}, {3, 7}, {5, 6}, {2, 4}], [{8, 1}, {3, 7}, {6}, {4, 5}, {2}], [{8, 1}, {4, 7}, {2, 6}, {3, 5}], [{8, 1}, {4, 7}, {3, 6}, {2, 5}], [{8, 1}, {4, 7}, {5, 6}, {2, 3}], [{8, 1}, {4, 7}, {6}, {3, 5}, {2}], [{8, 1}, {5, 7}, {2, 6}, {3, 4}], [{8, 1}, {5, 7}, {2, 6}, {4}, {3}], [{8, 1}, {5, 7}, {3, 6}, {2, 4}], [{8, 1}, {5, 7}, {3, 6}, {4}, {2}], [{8, 1}, {5, 7}, {4, 6}, {2, 3}], [{8, 1}, {5, 7}, {4, 6}, {3}, {2}], [{8, 1}, {5, 7}, {6}, {2, 4}, {3}], [{8, 1}, {5, 7}, {6}, {3, 4}, {2}], [{8, 1}, {5, 7}, {6}, {4}, {2, 3}], [{8, 1}, {5, 7}, {6}, {4}, {3}, {2}], [{8, 1}, {6, 7}, {2, 5}, {3, 4}], [{8, 1}, {6, 7}, {3, 5}, {2, 4}], [{8, 1}, {6, 7}, {4, 5}, {2, 3}], [{8, 1}, {6, 7}, {5}, {3, 4}, {2}], [{8, 1}, {7}, {2, 6}, {5}, {3, 4}], [{8, 1}, {7}, {5, 6}, {3, 4}, {2}], [{8, 1}, {7}, {6}, {2, 5}, {3, 4}], [{8, 1}, {7}, {6}, {5}, {3, 4}, {2}], [{8, 2}, {1, 7}, {3, 6}, {4, 5}], [{8, 2}, {1, 7}, {4, 6}, {3, 5}], [{8, 2}, {1, 7}, {4, 6}, {5}, {3}], [{8, 2}, {1, 7}, {5, 6}, {3, 4}], [{8, 2}, {1, 7}, {5, 6}, {4}, {3}], [{8, 2}, {1, 7}, {6}, {4, 5}, {3}], [{8, 2}, {3, 7}, {1, 6}, {4, 5}], [{8, 2}, {3, 7}, {4, 6}, {1, 5}], [{8, 2}, {3, 7}, {5, 6}, {1, 4}], [{8, 2}, {4, 7}, {1, 6}, {3, 5}], [{8, 2}, {4, 7}, {3, 6}, {1, 5}], [{8, 2}, {4, 7}, {5, 6}, {1, 3}], [{8, 2}, {5, 7}, {1, 6}, {3, 4}], [{8, 2}, {5, 7}, {1, 6}, {4}, {3}], [{8, 2}, {5, 7}, {3, 6}, {1, 4}], [{8, 2}, {5, 7}, {4, 6}, {1, 3}], [{8, 2}, {5, 7}, {6}, {3, 4}, {1}], [{8, 2}, {6, 7}, {1, 5}, {3, 4}], [{8, 2}, {6, 7}, {3, 5}, {1, 4}], [{8, 2}, {6, 7}, {3, 5}, {4}, {1}], [{8, 2}, {6, 7}, {4, 5}, {1, 3}], [{8, 2}, {6, 7}, {5}, {1, 4}, {3}], [{8, 2}, {7}, {1, 6}, {5}, {3, 4}], [{8, 2}, {7}, {6}, {3, 5}, {1, 4}], [{8, 3}, {1, 7}, {2, 6}, {4, 5}], [{8, 3}, {1, 7}, {4, 6}, {2, 5}], [{8, 3}, {1, 7}, {5, 6}, {2, 4}], [{8, 3}, {1, 7}, {5, 6}, {4}, {2}], [{8, 3}, {2, 7}, {1, 6}, {4, 5}], [{8, 3}, {2, 7}, {4, 6}, {1, 5}], [{8, 3}, {2, 7}, {5, 6}, {1, 4}], [{8, 3}, {2, 7}, {6}, {5}, {1, 4}], [{8, 3}, {4, 7}, {1, 6}, {2, 5}], [{8, 3}, {4, 7}, {2, 6}, {1, 5}], [{8, 3}, {4, 7}, {5, 6}, {1, 2}], [{8, 3}, {4, 7}, {5, 6}, {2}, {1}], [{8, 3}, {5, 7}, {1, 6}, {2, 4}], [{8, 3}, {5, 7}, {1, 6}, {4}, {2}], [{8, 3}, {5, 7}, {2, 6}, {1, 4}], [{8, 3}, {5, 7}, {4, 6}, {1, 2}], [{8, 3}, {5, 7}, {4, 6}, {2}, {1}], [{8, 3}, {5, 7}, {6}, {1, 4}, {2}], [{8, 3}, {6, 7}, {1, 5}, {2, 4}], [{8, 3}, {6, 7}, {2, 5}, {1, 4}], [{8, 3}, {6, 7}, {2, 5}, {4}, {1}], [{8, 3}, {6, 7}, {4, 5}, {1, 2}], [{8, 3}, {6, 7}, {5}, {1, 4}, {2}], [{8, 3}, {7}, {2, 6}, {5}, {1, 4}], [{8, 3}, {7}, {5, 6}, {1, 4}, {2}], [{8, 3}, {7}, {6}, {2, 5}, {1, 4}], [{8, 3}, {7}, {6}, {5}, {1, 4}, {2}], [{8, 4}, {1, 7}, {2, 6}, {3, 5}], [{8, 4}, {1, 7}, {2, 6}, {5}, {3}], [{8, 4}, {1, 7}, {3, 6}, {2, 5}], [{8, 4}, {1, 7}, {5, 6}, {2, 3}], [{8, 4}, {1, 7}, {5, 6}, {3}, {2}], [{8, 4}, {1, 7}, {6}, {2, 5}, {3}], [{8, 4}, {2, 7}, {1, 6}, {3, 5}], [{8, 4}, {2, 7}, {3, 6}, {1, 5}], [{8, 4}, {2, 7}, {5, 6}, {1, 3}], [{8, 4}, {3, 7}, {1, 6}, {2, 5}], [{8, 4}, {3, 7}, {2, 6}, {1, 5}], [{8, 4}, {3, 7}, {5, 6}, {1, 2}], [{8, 4}, {5, 7}, {1, 6}, {2, 3}], [{8, 4}, {5, 7}, {1, 6}, {3}, {2}], [{8, 4}, {5, 7}, {2, 6}, {1, 3}], [{8, 4}, {5, 7}, {3, 6}, {1, 2}], [{8, 4}, {5, 7}, {3, 6}, {2}, {1}], [{8, 4}, {5, 7}, {6}, {1, 3}, {2}], [{8, 4}, {6, 7}, {1, 5}, {2, 3}], [{8, 4}, {6, 7}, {2, 5}, {1, 3}], [{8, 4}, {6, 7}, {3, 5}, {1, 2}], [{8, 4}, {6, 7}, {5}, {3}, {1, 2}], [{8, 5}, {1, 7}, {2, 6}, {3, 4}], [{8, 5}, {1, 7}, {3, 6}, {2, 4}], [{8, 5}, {1, 7}, {4, 6}, {2, 3}], [{8, 5}, {1, 7}, {6}, {3, 4}, {2}], [{8, 5}, {2, 7}, {1, 6}, {3, 4}], [{8, 5}, {2, 7}, {3, 6}, {1, 4}], [{8, 5}, {2, 7}, {4, 6}, {1, 3}], [{8, 5}, {2, 7}, {4, 6}, {3}, {1}], [{8, 5}, {3, 7}, {1, 6}, {2, 4}], [{8, 5}, {3, 7}, {2, 6}, {1, 4}], [{8, 5}, {3, 7}, {4, 6}, {1, 2}], [{8, 5}, {4, 7}, {1, 6}, {2, 3}], [{8, 5}, {4, 7}, {2, 6}, {1, 3}], [{8, 5}, {4, 7}, {2, 6}, {3}, {1}], [{8, 5}, {4, 7}, {3, 6}, {1, 2}], [{8, 5}, {6, 7}, {1, 4}, {2, 3}], [{8, 5}, {6, 7}, {1, 4}, {3}, {2}], [{8, 5}, {6, 7}, {2, 4}, {1, 3}], [{8, 5}, {6, 7}, {2, 4}, {3}, {1}], [{8, 5}, {6, 7}, {3, 4}, {1, 2}], [{8, 5}, {6, 7}, {3, 4}, {2}, {1}], [{8, 5}, {6, 7}, {4}, {1, 3}, {2}], [{8, 5}, {6, 7}, {4}, {2, 3}, {1}], [{8, 5}, {6, 7}, {4}, {3}, {1, 2}], [{8, 5}, {6, 7}, {4}, {3}, {2}, {1}], [{8, 5}, {7}, {1, 6}, {3, 4}, {2}], [{8, 5}, {7}, {6}, {1, 4}, {2, 3}], [{8, 6}, {1, 7}, {2, 5}, {3, 4}], [{8, 6}, {1, 7}, {3, 5}, {2, 4}], [{8, 6}, {1, 7}, {4, 5}, {2, 3}], [{8, 6}, {1, 7}, {5}, {3, 4}, {2}], [{8, 6}, {2, 7}, {1, 5}, {3, 4}], [{8, 6}, {2, 7}, {3, 5}, {1, 4}], [{8, 6}, {2, 7}, {4, 5}, {1, 3}], [{8, 6}, {2, 7}, {5}, {3, 4}, {1}], [{8, 6}, {3, 7}, {1, 5}, {2, 4}], [{8, 6}, {3, 7}, {2, 5}, {1, 4}], [{8, 6}, {3, 7}, {4, 5}, {1, 2}], [{8, 6}, {3, 7}, {4, 5}, {2}, {1}], [{8, 6}, {4, 7}, {1, 5}, {2, 3}], [{8, 6}, {4, 7}, {2, 5}, {1, 3}], [{8, 6}, {4, 7}, {3, 5}, {1, 2}], [{8, 6}, {4, 7}, {3, 5}, {2}, {1}], [{8, 6}, {5, 7}, {1, 4}, {2, 3}], [{8, 6}, {5, 7}, {1, 4}, {3}, {2}], [{8, 6}, {5, 7}, {2, 4}, {1, 3}], [{8, 6}, {5, 7}, {2, 4}, {3}, {1}], [{8, 6}, {5, 7}, {3, 4}, {1, 2}], [{8, 6}, {5, 7}, {3, 4}, {2}, {1}], [{8, 6}, {5, 7}, {4}, {1, 3}, {2}], [{8, 6}, {5, 7}, {4}, {2, 3}, {1}], [{8, 6}, {5, 7}, {4}, {3}, {1, 2}], [{8, 6}, {5, 7}, {4}, {3}, {2}, {1}], [{8, 6}, {7}, {1, 5}, {3, 4}, {2}], [{8, 6}, {7}, {2, 5}, {3, 4}, {1}], [{8, 6}, {7}, {5}, {3, 4}, {1, 2}], [{8, 6}, {7}, {5}, {3, 4}, {2}, {1}], [{8, 7}, {1, 6}, {2, 5}, {3, 4}], [{8, 7}, {1, 6}, {3, 5}, {2, 4}], [{8, 7}, {1, 6}, {4, 5}, {2, 3}], [{8, 7}, {1, 6}, {5}, {3, 4}, {2}], [{8, 7}, {2, 6}, {1, 5}, {3, 4}], [{8, 7}, {2, 6}, {3, 5}, {1, 4}], [{8, 7}, {2, 6}, {4, 5}, {1, 3}], [{8, 7}, {2, 6}, {5}, {1, 4}, {3}], [{8, 7}, {3, 6}, {1, 5}, {2, 4}], [{8, 7}, {3, 6}, {2, 5}, {1, 4}], [{8, 7}, {3, 6}, {4, 5}, {1, 2}], [{8, 7}, {4, 6}, {1, 5}, {2, 3}], [{8, 7}, {4, 6}, {2, 5}, {1, 3}], [{8, 7}, {4, 6}, {3, 5}, {1, 2}], [{8, 7}, {4, 6}, {3, 5}, {2}, {1}], [{8, 7}, {4, 6}, {5}, {3}, {1, 2}], [{8, 7}, {5, 6}, {1, 4}, {2, 3}], [{8, 7}, {5, 6}, {2, 4}, {1, 3}], [{8, 7}, {5, 6}, {3, 4}, {1, 2}], [{8, 7}, {5, 6}, {3, 4}, {2}, {1}], [{8, 7}, {6}, {1, 5}, {3, 4}, {2}], [{8, 7}, {6}, {2, 5}, {4}, {1, 3}], [{8, 7}, {6}, {3, 5}, {4}, {1, 2}], [{8}, {1, 7}, {5, 6}, {2, 4}, {3}], [{8}, {1, 7}, {5, 6}, {3, 4}, {2}], [{8}, {1, 7}, {5, 6}, {4}, {2, 3}], [{8}, {1, 7}, {5, 6}, {4}, {3}, {2}], [{8}, {2, 7}, {1, 6}, {5}, {3, 4}], [{8}, {3, 7}, {1, 6}, {4, 5}, {2}], [{8}, {3, 7}, {2, 6}, {5}, {1, 4}], [{8}, {4, 7}, {1, 6}, {3, 5}, {2}], [{8}, {4, 7}, {3, 6}, {1, 5}, {2}], [{8}, {5, 7}, {1, 6}, {2, 4}, {3}], [{8}, {5, 7}, {1, 6}, {3, 4}, {2}], [{8}, {5, 7}, {1, 6}, {4}, {2, 3}], [{8}, {5, 7}, {1, 6}, {4}, {3}, {2}], [{8}, {5, 7}, {2, 6}, {3, 4}, {1}], [{8}, {5, 7}, {3, 6}, {1, 4}, {2}], [{8}, {5, 7}, {4, 6}, {1, 3}, {2}], [{8}, {5, 7}, {6}, {3, 4}, {1, 2}], [{8}, {5, 7}, {6}, {3, 4}, {2}, {1}], [{8}, {6, 7}, {1, 5}, {3, 4}, {2}], [{8}, {6, 7}, {2, 5}, {1, 4}, {3}], [{8}, {6, 7}, {3, 5}, {1, 4}, {2}], [{8}, {6, 7}, {4, 5}, {3}, {1, 2}], [{8}, {6, 7}, {5}, {1, 4}, {2, 3}], [{8}, {7}, {1, 6}, {2, 5}, {3, 4}], [{8}, {7}, {1, 6}, {5}, {3, 4}, {2}], [{8}, {7}, {4, 6}, {1, 5}, {2, 3}], [{8}, {7}, {4, 6}, {3, 5}, {1, 2}]]",2,- 28 K_1^2 - 10 K_1 K_2 + 5 K_1 + 14 K_2 + 5 K_3 + 15,O1O2O3O4U3U1O5U6O7O8U4U7U5U8O6U2,O1O2O3O4U1U3O5U2O6O7U4U7U8U6O8U5,O1O2O3O4U5O6U7U6U8U1O8O7U3O5U2U4,c,"{'O1O2O3O4U3O5U6U7U8U1O6O8U5O7U4U2', 'O1O2O3U2O4O5U6U7U8U1O6O8U5O7U3U4'}",2,"<a href=""/flatknot/8.733911"">8.733911</a>",t^9-60t^7-142t^6+40t^5+222t^4+93t^3+126t^2+40t-24,t^3-2t^2+t,,
8.733912,O1O2O3O4U3O5U6U7U8U2O6O8U1O7U5U4,3,12z^2+73z+99,-2w^4z^2+14w^3z^2-2w^3z+75w^2z+99w,False,False,"[[ 0 -1  1 -1  3  2 -3 -1  0],[ 1  0  2  0  3  1 -1  1  1],[-1 -2  0  0  0 -2 -1  1  0],[ 1  0  0  0  1  0  1  1  1],[-3 -3  0 -1  0  0 -5 -2 -2],[-2 -1  2  0  0  0 -4 -1 -1],[ 3  1  1 -1  5  4  0  0  2],[ 1 -1 -1 -1  2  1  0  0  1],[ 0 -1  0 -1  2  1 -2 -1  0]]","[[ 0  3  2  1  0 -1 -1 -1 -3],[-3  0  0  0 -2 -1 -2 -3 -5],[-2  0  0  2 -1  0 -1 -1 -4],[-1  0 -2  0  0  0  1 -2 -1],[ 0  2  1  0  0 -1 -1 -1 -2],[ 1  1  0  0  1  0  1  0  1],[ 1  2  1 -1  1 -1  0 -1  0],[ 1  3  1  2  1  0  1  0 -1],[ 3  5  4  1  2 -1  0  1  0]]",True,"[-3,-2,-1,0,1,1,1,3,0,0,2,1,2,3,5,-2,1,0,1,1,4,0,0,-1,2,1,1,1,1,2,-1,0,-1,1,0,1]","[-3,-2,-1,0,1,1,1,3,0,0,2,1,2,3,5,-2,1,0,1,1,4,0,0,-1,2,1,1,1,1,2,-1,0,-1,1,0,1]",t^8+83t^6+784t^4+128t^2,"[-3,-1,-1,-1,0,1,2,3,1,2,3,1,3,1,1,-1,0,0,0,2,1,1,0,3,2,2,0,2,3,3,1,1,1,3,2,1]","[-3,-2,-1,0,1,1,1,3,1,2,1,1,2,3,1,3,1,2,2,3,1,1,0,3,2,3,0,0,0,1,1,0,1,-1,2,3]","[-3,-1,-1,-1,0,1,2,3,-1,0,1,2,1,4,5,1,0,1,0,0,1,-1,1,-1,1,2,1,2,1,3,0,1,2,-2,0,0]",c,"[[{8, 1}, {2, 7}, {3, 6}, {4, 5}], [{8, 1}, {2, 7}, {4, 6}, {3, 5}], [{8, 1}, {2, 7}, {4, 6}, {5}, {3}], [{8, 1}, {2, 7}, {5, 6}, {3, 4}], [{8, 1}, {3, 7}, {2, 6}, {4, 5}], [{8, 1}, {3, 7}, {4, 6}, {2, 5}], [{8, 1}, {3, 7}, {5, 6}, {2, 4}], [{8, 1}, {4, 7}, {2, 6}, {3, 5}], [{8, 1}, {4, 7}, {2, 6}, {5}, {3}], [{8, 1}, {4, 7}, {3, 6}, {2, 5}], [{8, 1}, {4, 7}, {5, 6}, {2, 3}], [{8, 1}, {5, 7}, {2, 6}, {3, 4}], [{8, 1}, {5, 7}, {2, 6}, {4}, {3}], [{8, 1}, {5, 7}, {3, 6}, {2, 4}], [{8, 1}, {5, 7}, {3, 6}, {4}, {2}], [{8, 1}, {5, 7}, {4, 6}, {2, 3}], [{8, 1}, {5, 7}, {4, 6}, {3}, {2}], [{8, 1}, {5, 7}, {6}, {2, 4}, {3}], [{8, 1}, {5, 7}, {6}, {3, 4}, {2}], [{8, 1}, {5, 7}, {6}, {4}, {2, 3}], [{8, 1}, {5, 7}, {6}, {4}, {3}, {2}], [{8, 1}, {6, 7}, {2, 5}, {3, 4}], [{8, 1}, {6, 7}, {3, 5}, {2, 4}], [{8, 1}, {6, 7}, {4, 5}, {2, 3}], [{8, 1}, {6, 7}, {5}, {3, 4}, {2}], [{8, 1}, {7}, {2, 6}, {4, 5}, {3}], [{8, 1}, {7}, {4, 6}, {2, 5}, {3}], [{8, 1}, {7}, {5, 6}, {3, 4}, {2}], [{8, 2}, {1, 7}, {3, 6}, {4, 5}], [{8, 2}, {1, 7}, {4, 6}, {3, 5}], [{8, 2}, {1, 7}, {4, 6}, {5}, {3}], [{8, 2}, {1, 7}, {5, 6}, {3, 4}], [{8, 2}, {1, 7}, {5, 6}, {4}, {3}], [{8, 2}, {1, 7}, {6}, {4, 5}, {3}], [{8, 2}, {3, 7}, {1, 6}, {4, 5}], [{8, 2}, {3, 7}, {4, 6}, {1, 5}], [{8, 2}, {3, 7}, {5, 6}, {1, 4}], [{8, 2}, {3, 7}, {6}, {1, 5}, {4}], [{8, 2}, {4, 7}, {1, 6}, {3, 5}], [{8, 2}, {4, 7}, {1, 6}, {5}, {3}], [{8, 2}, {4, 7}, {3, 6}, {1, 5}], [{8, 2}, {4, 7}, {5, 6}, {1, 3}], [{8, 2}, {5, 7}, {1, 6}, {3, 4}], [{8, 2}, {5, 7}, {3, 6}, {1, 4}], [{8, 2}, {5, 7}, {4, 6}, {1, 3}], [{8, 2}, {5, 7}, {6}, {1, 4}, {3}], [{8, 2}, {6, 7}, {1, 5}, {3, 4}], [{8, 2}, {6, 7}, {3, 5}, {1, 4}], [{8, 2}, {6, 7}, {4, 5}, {1, 3}], [{8, 3}, {1, 7}, {2, 6}, {4, 5}], [{8, 3}, {1, 7}, {2, 6}, {5}, {4}], [{8, 3}, {1, 7}, {4, 6}, {2, 5}], [{8, 3}, {1, 7}, {5, 6}, {2, 4}], [{8, 3}, {1, 7}, {6}, {4, 5}, {2}], [{8, 3}, {2, 7}, {1, 6}, {4, 5}], [{8, 3}, {2, 7}, {1, 6}, {5}, {4}], [{8, 3}, {2, 7}, {4, 6}, {1, 5}], [{8, 3}, {2, 7}, {5, 6}, {1, 4}], [{8, 3}, {4, 7}, {1, 6}, {2, 5}], [{8, 3}, {4, 7}, {2, 6}, {1, 5}], [{8, 3}, {4, 7}, {5, 6}, {1, 2}], [{8, 3}, {5, 7}, {1, 6}, {2, 4}], [{8, 3}, {5, 7}, {2, 6}, {1, 4}], [{8, 3}, {5, 7}, {4, 6}, {1, 2}], [{8, 3}, {5, 7}, {6}, {1, 4}, {2}], [{8, 3}, {6, 7}, {1, 5}, {2, 4}], [{8, 3}, {6, 7}, {2, 5}, {1, 4}], [{8, 3}, {6, 7}, {4, 5}, {1, 2}], [{8, 3}, {6, 7}, {5}, {1, 4}, {2}], [{8, 3}, {7}, {2, 6}, {4, 5}, {1}], [{8, 3}, {7}, {4, 6}, {1, 5}, {2}], [{8, 3}, {7}, {4, 6}, {2, 5}, {1}], [{8, 3}, {7}, {4, 6}, {5}, {1, 2}], [{8, 3}, {7}, {5, 6}, {1, 4}, {2}], [{8, 4}, {1, 7}, {2, 6}, {3, 5}], [{8, 4}, {1, 7}, {2, 6}, {5}, {3}], [{8, 4}, {1, 7}, {3, 6}, {2, 5}], [{8, 4}, {1, 7}, {3, 6}, {5}, {2}], [{8, 4}, {1, 7}, {5, 6}, {2, 3}], [{8, 4}, {1, 7}, {5, 6}, {3}, {2}], [{8, 4}, {1, 7}, {6}, {2, 5}, {3}], [{8, 4}, {1, 7}, {6}, {3, 5}, {2}], [{8, 4}, {1, 7}, {6}, {5}, {2, 3}], [{8, 4}, {1, 7}, {6}, {5}, {3}, {2}], [{8, 4}, {2, 7}, {1, 6}, {3, 5}], [{8, 4}, {2, 7}, {1, 6}, {5}, {3}], [{8, 4}, {2, 7}, {3, 6}, {1, 5}], [{8, 4}, {2, 7}, {3, 6}, {5}, {1}], [{8, 4}, {2, 7}, {5, 6}, {1, 3}], [{8, 4}, {2, 7}, {5, 6}, {3}, {1}], [{8, 4}, {2, 7}, {6}, {1, 5}, {3}], [{8, 4}, {2, 7}, {6}, {3, 5}, {1}], [{8, 4}, {2, 7}, {6}, {5}, {1, 3}], [{8, 4}, {2, 7}, {6}, {5}, {3}, {1}], [{8, 4}, {3, 7}, {1, 6}, {2, 5}], [{8, 4}, {3, 7}, {1, 6}, {5}, {2}], [{8, 4}, {3, 7}, {2, 6}, {1, 5}], [{8, 4}, {3, 7}, {2, 6}, {5}, {1}], [{8, 4}, {3, 7}, {5, 6}, {1, 2}], [{8, 4}, {3, 7}, {5, 6}, {2}, {1}], [{8, 4}, {3, 7}, {6}, {1, 5}, {2}], [{8, 4}, {3, 7}, {6}, {2, 5}, {1}], [{8, 4}, {3, 7}, {6}, {5}, {1, 2}], [{8, 4}, {3, 7}, {6}, {5}, {2}, {1}], [{8, 4}, {5, 7}, {1, 6}, {2, 3}], [{8, 4}, {5, 7}, {1, 6}, {3}, {2}], [{8, 4}, {5, 7}, {2, 6}, {1, 3}], [{8, 4}, {5, 7}, {2, 6}, {3}, {1}], [{8, 4}, {5, 7}, {3, 6}, {1, 2}], [{8, 4}, {5, 7}, {3, 6}, {2}, {1}], [{8, 4}, {5, 7}, {6}, {1, 3}, {2}], [{8, 4}, {5, 7}, {6}, {2, 3}, {1}], [{8, 4}, {5, 7}, {6}, {3}, {1, 2}], [{8, 4}, {5, 7}, {6}, {3}, {2}, {1}], [{8, 4}, {6, 7}, {1, 5}, {2, 3}], [{8, 4}, {6, 7}, {1, 5}, {3}, {2}], [{8, 4}, {6, 7}, {2, 5}, {1, 3}], [{8, 4}, {6, 7}, {2, 5}, {3}, {1}], [{8, 4}, {6, 7}, {3, 5}, {1, 2}], [{8, 4}, {6, 7}, {3, 5}, {2}, {1}], [{8, 4}, {6, 7}, {5}, {1, 3}, {2}], [{8, 4}, {6, 7}, {5}, {2, 3}, {1}], [{8, 4}, {6, 7}, {5}, {3}, {1, 2}], [{8, 4}, {6, 7}, {5}, {3}, {2}, {1}], [{8, 4}, {7}, {1, 6}, {2, 5}, {3}], [{8, 4}, {7}, {1, 6}, {3, 5}, {2}], [{8, 4}, {7}, {1, 6}, {5}, {2, 3}], [{8, 4}, {7}, {1, 6}, {5}, {3}, {2}], [{8, 4}, {7}, {2, 6}, {1, 5}, {3}], [{8, 4}, {7}, {2, 6}, {3, 5}, {1}], [{8, 4}, {7}, {2, 6}, {5}, {1, 3}], [{8, 4}, {7}, {2, 6}, {5}, {3}, {1}], [{8, 4}, {7}, {3, 6}, {1, 5}, {2}], [{8, 4}, {7}, {3, 6}, {2, 5}, {1}], [{8, 4}, {7}, {3, 6}, {5}, {1, 2}], [{8, 4}, {7}, {3, 6}, {5}, {2}, {1}], [{8, 4}, {7}, {5, 6}, {1, 3}, {2}], [{8, 4}, {7}, {5, 6}, {2, 3}, {1}], [{8, 4}, {7}, {5, 6}, {3}, {1, 2}], [{8, 4}, {7}, {5, 6}, {3}, {2}, {1}], [{8, 4}, {7}, {6}, {1, 5}, {2, 3}], [{8, 4}, {7}, {6}, {1, 5}, {3}, {2}], [{8, 4}, {7}, {6}, {2, 5}, {1, 3}], [{8, 4}, {7}, {6}, {2, 5}, {3}, {1}], [{8, 4}, {7}, {6}, {3, 5}, {1, 2}], [{8, 4}, {7}, {6}, {3, 5}, {2}, {1}], [{8, 4}, {7}, {6}, {5}, {1, 3}, {2}], [{8, 4}, {7}, {6}, {5}, {2, 3}, {1}], [{8, 4}, {7}, {6}, {5}, {3}, {1, 2}], [{8, 4}, {7}, {6}, {5}, {3}, {2}, {1}], [{8, 5}, {1, 7}, {2, 6}, {3, 4}], [{8, 5}, {1, 7}, {2, 6}, {4}, {3}], [{8, 5}, {1, 7}, {3, 6}, {2, 4}], [{8, 5}, {1, 7}, {3, 6}, {4}, {2}], [{8, 5}, {1, 7}, {4, 6}, {2, 3}], [{8, 5}, {1, 7}, {4, 6}, {3}, {2}], [{8, 5}, {1, 7}, {6}, {2, 4}, {3}], [{8, 5}, {1, 7}, {6}, {3, 4}, {2}], [{8, 5}, {1, 7}, {6}, {4}, {2, 3}], [{8, 5}, {1, 7}, {6}, {4}, {3}, {2}], [{8, 5}, {2, 7}, {1, 6}, {3, 4}], [{8, 5}, {2, 7}, {1, 6}, {4}, {3}], [{8, 5}, {2, 7}, {3, 6}, {1, 4}], [{8, 5}, {2, 7}, {4, 6}, {1, 3}], [{8, 5}, {3, 7}, {1, 6}, {2, 4}], [{8, 5}, {3, 7}, {2, 6}, {1, 4}], [{8, 5}, {3, 7}, {2, 6}, {4}, {1}], [{8, 5}, {3, 7}, {4, 6}, {1, 2}], [{8, 5}, {4, 7}, {1, 6}, {2, 3}], [{8, 5}, {4, 7}, {2, 6}, {1, 3}], [{8, 5}, {4, 7}, {2, 6}, {3}, {1}], [{8, 5}, {4, 7}, {3, 6}, {1, 2}], [{8, 5}, {6, 7}, {1, 4}, {2, 3}], [{8, 5}, {6, 7}, {2, 4}, {1, 3}], [{8, 5}, {6, 7}, {3, 4}, {1, 2}], [{8, 5}, {6, 7}, {4}, {3}, {1, 2}], [{8, 5}, {7}, {2, 6}, {1, 4}, {3}], [{8, 5}, {7}, {2, 6}, {3, 4}, {1}], [{8, 5}, {7}, {2, 6}, {4}, {1, 3}], [{8, 5}, {7}, {2, 6}, {4}, {3}, {1}], [{8, 6}, {1, 7}, {2, 5}, {3, 4}], [{8, 6}, {1, 7}, {2, 5}, {4}, {3}], [{8, 6}, {1, 7}, {3, 5}, {2, 4}], [{8, 6}, {1, 7}, {4, 5}, {2, 3}], [{8, 6}, {1, 7}, {4, 5}, {3}, {2}], [{8, 6}, {1, 7}, {5}, {2, 4}, {3}], [{8, 6}, {2, 7}, {1, 5}, {3, 4}], [{8, 6}, {2, 7}, {3, 5}, {1, 4}], [{8, 6}, {2, 7}, {4, 5}, {1, 3}], [{8, 6}, {2, 7}, {5}, {1, 4}, {3}], [{8, 6}, {3, 7}, {1, 5}, {2, 4}], [{8, 6}, {3, 7}, {2, 5}, {1, 4}], [{8, 6}, {3, 7}, {2, 5}, {4}, {1}], [{8, 6}, {3, 7}, {4, 5}, {1, 2}], [{8, 6}, {4, 7}, {1, 5}, {2, 3}], [{8, 6}, {4, 7}, {2, 5}, {1, 3}], [{8, 6}, {4, 7}, {2, 5}, {3}, {1}], [{8, 6}, {4, 7}, {3, 5}, {1, 2}], [{8, 6}, {5, 7}, {1, 4}, {2, 3}], [{8, 6}, {5, 7}, {1, 4}, {3}, {2}], [{8, 6}, {5, 7}, {2, 4}, {1, 3}], [{8, 6}, {5, 7}, {3, 4}, {1, 2}], [{8, 6}, {7}, {1, 5}, {3, 4}, {2}], [{8, 6}, {7}, {2, 5}, {1, 4}, {3}], [{8, 6}, {7}, {2, 5}, {3, 4}, {1}], [{8, 6}, {7}, {2, 5}, {4}, {1, 3}], [{8, 6}, {7}, {2, 5}, {4}, {3}, {1}], [{8, 6}, {7}, {5}, {3, 4}, {1, 2}], [{8, 7}, {1, 6}, {2, 5}, {3, 4}], [{8, 7}, {1, 6}, {3, 5}, {2, 4}], [{8, 7}, {1, 6}, {4, 5}, {2, 3}], [{8, 7}, {1, 6}, {5}, {2, 4}, {3}], [{8, 7}, {2, 6}, {1, 5}, {3, 4}], [{8, 7}, {2, 6}, {1, 5}, {4}, {3}], [{8, 7}, {2, 6}, {3, 5}, {1, 4}], [{8, 7}, {2, 6}, {4, 5}, {1, 3}], [{8, 7}, {2, 6}, {4, 5}, {3}, {1}], [{8, 7}, {2, 6}, {5}, {1, 4}, {3}], [{8, 7}, {3, 6}, {1, 5}, {2, 4}], [{8, 7}, {3, 6}, {2, 5}, {1, 4}], [{8, 7}, {3, 6}, {4, 5}, {1, 2}], [{8, 7}, {4, 6}, {1, 5}, {2, 3}], [{8, 7}, {4, 6}, {2, 5}, {1, 3}], [{8, 7}, {4, 6}, {2, 5}, {3}, {1}], [{8, 7}, {4, 6}, {3, 5}, {1, 2}], [{8, 7}, {5, 6}, {1, 4}, {2, 3}], [{8, 7}, {5, 6}, {2, 4}, {1, 3}], [{8, 7}, {5, 6}, {3, 4}, {1, 2}], [{8, 7}, {5, 6}, {4}, {2, 3}, {1}], [{8}, {1, 7}, {2, 6}, {3, 5}, {4}], [{8}, {1, 7}, {2, 6}, {4, 5}, {3}], [{8}, {1, 7}, {2, 6}, {5}, {3, 4}], [{8}, {1, 7}, {2, 6}, {5}, {4}, {3}], [{8}, {1, 7}, {3, 6}, {4, 5}, {2}], [{8}, {1, 7}, {4, 6}, {2, 5}, {3}], [{8}, {1, 7}, {5, 6}, {2, 4}, {3}], [{8}, {1, 7}, {6}, {4, 5}, {2, 3}], [{8}, {1, 7}, {6}, {4, 5}, {3}, {2}], [{8}, {2, 7}, {1, 6}, {3, 5}, {4}], [{8}, {2, 7}, {1, 6}, {4, 5}, {3}], [{8}, {2, 7}, {1, 6}, {5}, {3, 4}], [{8}, {2, 7}, {1, 6}, {5}, {4}, {3}], [{8}, {3, 7}, {2, 6}, {4, 5}, {1}], [{8}, {3, 7}, {4, 6}, {2, 5}, {1}], [{8}, {3, 7}, {6}, {1, 5}, {2, 4}], [{8}, {4, 7}, {2, 6}, {1, 5}, {3}], [{8}, {4, 7}, {5, 6}, {2, 3}, {1}], [{8}, {5, 7}, {2, 6}, {1, 4}, {3}], [{8}, {5, 7}, {3, 6}, {1, 4}, {2}], [{8}, {5, 7}, {6}, {1, 4}, {2, 3}], [{8}, {5, 7}, {6}, {1, 4}, {3}, {2}], [{8}, {6, 7}, {4, 5}, {3}, {1, 2}], [{8}, {7}, {2, 6}, {4, 5}, {1, 3}], [{8}, {7}, {2, 6}, {4, 5}, {3}, {1}], [{8}, {7}, {4, 6}, {2, 5}, {1, 3}], [{8}, {7}, {4, 6}, {2, 5}, {3}, {1}]]",2,- 8 K_1^4 + 16 K_1^3 + 20 K_1^2 K_2 - 32 K_1^2 - 20 K_1 K_2 - 10 K_1 K_3 - 2 K_1 + 15 K_2 + 6 K_3 + K_4 + 15,O1O2O3O4U1U5O6U4O7O8U3U7U6U8O5U2,O1O2O3O4U1U3O5U2O6O7U5U4U8U7O8U6,O1O2O3O4U5O6U7U6U1U8O7O5U3O8U2U4,c,{'O1O2O3O4U3O5U6U7U8U2O6O8U1O7U5U4'},1,"<a href=""/flatknot/8.733912"">8.733912</a>",t^9-81t^7-206t^6+355t^5+956t^4-314t^3-892t^2+176t,-t^2+2t,,
8.733913,O1O2O3O4U3O5U6U7U8U2O6O8U4O7U1U5,4,16z^2+93z+123,16w^3z^2+93w^2z+123w,False,False,"[[ 0 -1  1 -1  2  3 -3 -1  0],[ 1  0  2 -1  3  3 -2  0  1],[-1 -2  0  0  0 -1 -1  0  0],[ 1  1  0  0  1  1  1  0  1],[-2 -3  0 -1  0  0 -3 -1 -1],[-3 -3  1 -1  0  0 -5 -2 -2],[ 3  2  1 -1  3  5  0  0  2],[ 1  0  0  0  1  2  0  0  1],[ 0 -1  0 -1  1  2 -2 -1  0]]","[[ 0  3  2  1  0 -1 -1 -1 -3],[-3  0  0  1 -2 -1 -2 -3 -5],[-2  0  0  0 -1 -1 -1 -3 -3],[-1 -1  0  0  0  0  0 -2 -1],[ 0  2  1  0  0 -1 -1 -1 -2],[ 1  1  1  0  1  0  0  1  1],[ 1  2  1  0  1  0  0  0  0],[ 1  3  3  2  1 -1  0  0 -2],[ 3  5  3  1  2 -1  0  2  0]]",True,"[-3,-2,-1,0,1,1,1,3,0,-1,2,1,2,3,5,0,1,1,1,3,3,0,0,0,2,1,1,1,1,2,0,-1,-1,0,0,2]","[-3,-2,-1,0,1,1,1,3,0,-1,2,1,2,3,5,0,1,1,1,3,3,0,0,0,2,1,1,1,1,2,0,-1,-1,0,0,2]",t^8+83t^6+277t^4+78t^2+1,"[-3,-1,-1,-1,0,1,2,3,0,2,3,1,3,2,1,0,1,0,0,0,1,0,0,2,2,2,0,2,2,3,1,1,1,1,3,1]","[-3,-2,-1,0,1,1,1,3,1,3,1,1,2,3,1,1,1,0,2,2,2,1,0,2,2,3,0,0,0,1,0,-1,0,0,2,3]","[-3,-1,-1,-1,0,1,2,3,-1,0,2,2,1,3,5,0,1,1,0,1,1,0,1,0,1,2,1,2,3,3,0,1,2,0,-1,0]",c,"[[{8, 1}, {2, 7}, {5, 6}, {3, 4}], [{8, 1}, {5, 7}, {2, 6}, {3, 4}], [{8, 1}, {6, 7}, {2, 5}, {3, 4}], [{8, 1}, {7}, {2, 6}, {5}, {3, 4}], [{8, 3}, {2, 7}, {5, 6}, {1, 4}], [{8, 4}, {2, 7}, {5, 6}, {1, 3}]]",1,20 K_1^3 - 22 K_1^2 - 24 K_1 K_2 - 4 K_1 K_3 - 3 K_1 + 13 K_2 + 7 K_3 + 2 K_4 + 12,O1O2O3O4U5U4O6U1O7O8U3U7U6U8O5U2,O1O2O3O4U1U3O5U2O6O7U6U4U8U5O8U7,O1O2O3O4U5O6U7U6U1U8O5O8U3O7U2U4,c,{'O1O2O3O4U3O5U6U7U8U2O6O8U4O7U1U5'},1,"<a href=""/flatknot/8.733913"">8.733913</a>",t^9-81t^7-272t^6-22t^5+476t^4+66t^3-78t^2+66t-16,-t^2+2t,,
8.733914,O1O2O3O4U3O5U6U7U8U2O6O8U5O7U1U4,4,2z^3+25z^2+96z+109,2w^4z^3+25w^3z^2+96w^2z+109w,False,False,"[[ 0 -1  1 -1  3  2 -3 -1  0],[ 1  0  2  0  3  2 -2  0  1],[-1 -2  0  0  0 -1 -1  0  0],[ 1  0  0  0  1  0  1  1  1],[-3 -3  0 -1  0  1 -5 -3 -2],[-2 -2  1  0 -1  0 -3 -1 -1],[ 3  2  1 -1  5  3  0  0  2],[ 1  0  0 -1  3  1  0  0  1],[ 0 -1  0 -1  2  1 -2 -1  0]]","[[ 0  3  2  1  0 -1 -1 -1 -3],[-3  0  1  0 -2 -1 -3 -3 -5],[-2 -1  0  1 -1  0 -1 -2 -3],[-1  0 -1  0  0  0  0 -2 -1],[ 0  2  1  0  0 -1 -1 -1 -2],[ 1  1  0  0  1  0  1  0  1],[ 1  3  1  0  1 -1  0  0  0],[ 1  3  2  2  1  0  0  0 -2],[ 3  5  3  1  2 -1  0  2  0]]",True,"[-3,-2,-1,0,1,1,1,3,-1,0,2,1,3,3,5,-1,1,0,1,2,3,0,0,0,2,1,1,1,1,2,-1,0,-1,0,0,2]","[-3,-2,-1,0,1,1,1,3,-1,0,2,1,3,3,5,-1,1,0,1,2,3,0,0,0,2,1,1,1,1,2,-1,0,-1,0,0,2]",t^8+83t^6+435t^4+50t^2+1,"[-3,-1,-1,-1,0,1,2,3,0,2,3,1,3,2,1,0,0,0,0,1,1,1,0,2,2,1,0,2,3,3,1,1,1,2,2,2]","[-3,-2,-1,0,1,1,1,3,2,2,1,1,1,3,1,2,1,1,2,3,2,1,0,2,2,3,0,0,0,1,0,0,0,-1,2,3]","[-3,-1,-1,-1,0,1,2,3,-1,0,2,2,1,3,5,1,0,1,0,0,1,0,1,0,1,3,1,2,2,3,0,1,2,-1,0,-1]",c,"[[{8, 1}, {2, 7}, {3, 6}, {4, 5}], [{8, 1}, {2, 7}, {4, 6}, {3, 5}], [{8, 1}, {2, 7}, {4, 6}, {5}, {3}], [{8, 1}, {2, 7}, {5, 6}, {3, 4}], [{8, 1}, {2, 7}, {5, 6}, {4}, {3}], [{8, 1}, {2, 7}, {6}, {4, 5}, {3}], [{8, 1}, {3, 7}, {2, 6}, {4, 5}], [{8, 1}, {3, 7}, {4, 6}, {2, 5}], [{8, 1}, {3, 7}, {5, 6}, {2, 4}], [{8, 1}, {3, 7}, {6}, {4, 5}, {2}], [{8, 1}, {4, 7}, {2, 6}, {3, 5}], [{8, 1}, {4, 7}, {3, 6}, {2, 5}], [{8, 1}, {4, 7}, {5, 6}, {2, 3}], [{8, 1}, {5, 7}, {2, 6}, {3, 4}], [{8, 1}, {5, 7}, {3, 6}, {2, 4}], [{8, 1}, {5, 7}, {4, 6}, {2, 3}], [{8, 1}, {6, 7}, {2, 5}, {3, 4}], [{8, 1}, {6, 7}, {3, 5}, {2, 4}], [{8, 1}, {6, 7}, {4, 5}, {2, 3}], [{8, 1}, {6, 7}, {4, 5}, {3}, {2}], [{8, 1}, {7}, {2, 6}, {3, 5}, {4}], [{8, 1}, {7}, {2, 6}, {4, 5}, {3}], [{8, 1}, {7}, {2, 6}, {5}, {3, 4}], [{8, 1}, {7}, {3, 6}, {2, 5}, {4}], [{8, 1}, {7}, {3, 6}, {4, 5}, {2}], [{8, 1}, {7}, {3, 6}, {5}, {2, 4}], [{8, 1}, {7}, {6}, {4, 5}, {2, 3}], [{8, 1}, {7}, {6}, {4, 5}, {3}, {2}], [{8, 2}, {1, 7}, {3, 6}, {4, 5}], [{8, 2}, {1, 7}, {4, 6}, {3, 5}], [{8, 2}, {1, 7}, {5, 6}, {3, 4}], [{8, 2}, {1, 7}, {6}, {4, 5}, {3}], [{8, 2}, {3, 7}, {1, 6}, {4, 5}], [{8, 2}, {3, 7}, {4, 6}, {1, 5}], [{8, 2}, {3, 7}, {5, 6}, {1, 4}], [{8, 2}, {4, 7}, {1, 6}, {3, 5}], [{8, 2}, {4, 7}, {3, 6}, {1, 5}], [{8, 2}, {4, 7}, {5, 6}, {1, 3}], [{8, 2}, {4, 7}, {6}, {3, 5}, {1}], [{8, 2}, {5, 7}, {1, 6}, {3, 4}], [{8, 2}, {5, 7}, {3, 6}, {1, 4}], [{8, 2}, {5, 7}, {4, 6}, {1, 3}], [{8, 2}, {5, 7}, {6}, {3, 4}, {1}], [{8, 2}, {6, 7}, {1, 5}, {3, 4}], [{8, 2}, {6, 7}, {3, 5}, {1, 4}], [{8, 2}, {6, 7}, {4, 5}, {1, 3}], [{8, 2}, {6, 7}, {5}, {4}, {1, 3}], [{8, 3}, {1, 7}, {2, 6}, {4, 5}], [{8, 3}, {1, 7}, {2, 6}, {5}, {4}], [{8, 3}, {1, 7}, {4, 6}, {2, 5}], [{8, 3}, {1, 7}, {5, 6}, {2, 4}], [{8, 3}, {1, 7}, {6}, {4, 5}, {2}], [{8, 3}, {2, 7}, {1, 6}, {4, 5}], [{8, 3}, {2, 7}, {4, 6}, {1, 5}], [{8, 3}, {2, 7}, {5, 6}, {1, 4}], [{8, 3}, {4, 7}, {1, 6}, {2, 5}], [{8, 3}, {4, 7}, {2, 6}, {1, 5}], [{8, 3}, {4, 7}, {5, 6}, {1, 2}], [{8, 3}, {4, 7}, {6}, {2, 5}, {1}], [{8, 3}, {5, 7}, {1, 6}, {2, 4}], [{8, 3}, {5, 7}, {2, 6}, {1, 4}], [{8, 3}, {5, 7}, {4, 6}, {1, 2}], [{8, 3}, {5, 7}, {6}, {1, 4}, {2}], [{8, 3}, {6, 7}, {1, 5}, {2, 4}], [{8, 3}, {6, 7}, {2, 5}, {1, 4}], [{8, 3}, {6, 7}, {4, 5}, {1, 2}], [{8, 4}, {1, 7}, {2, 6}, {3, 5}], [{8, 4}, {1, 7}, {2, 6}, {5}, {3}], [{8, 4}, {1, 7}, {3, 6}, {2, 5}], [{8, 4}, {1, 7}, {5, 6}, {2, 3}], [{8, 4}, {2, 7}, {1, 6}, {3, 5}], [{8, 4}, {2, 7}, {3, 6}, {1, 5}], [{8, 4}, {2, 7}, {5, 6}, {1, 3}], [{8, 4}, {3, 7}, {1, 6}, {2, 5}], [{8, 4}, {3, 7}, {2, 6}, {1, 5}], [{8, 4}, {3, 7}, {5, 6}, {1, 2}], [{8, 4}, {3, 7}, {5, 6}, {2}, {1}], [{8, 4}, {5, 7}, {1, 6}, {2, 3}], [{8, 4}, {5, 7}, {2, 6}, {1, 3}], [{8, 4}, {5, 7}, {3, 6}, {1, 2}], [{8, 4}, {6, 7}, {1, 5}, {2, 3}], [{8, 4}, {6, 7}, {2, 5}, {1, 3}], [{8, 4}, {6, 7}, {3, 5}, {1, 2}], [{8, 5}, {1, 7}, {2, 6}, {3, 4}], [{8, 5}, {1, 7}, {2, 6}, {4}, {3}], [{8, 5}, {1, 7}, {3, 6}, {2, 4}], [{8, 5}, {1, 7}, {4, 6}, {2, 3}], [{8, 5}, {2, 7}, {1, 6}, {3, 4}], [{8, 5}, {2, 7}, {3, 6}, {1, 4}], [{8, 5}, {2, 7}, {4, 6}, {1, 3}], [{8, 5}, {3, 7}, {1, 6}, {2, 4}], [{8, 5}, {3, 7}, {2, 6}, {1, 4}], [{8, 5}, {3, 7}, {4, 6}, {1, 2}], [{8, 5}, {4, 7}, {1, 6}, {2, 3}], [{8, 5}, {4, 7}, {2, 6}, {1, 3}], [{8, 5}, {4, 7}, {3, 6}, {1, 2}], [{8, 5}, {6, 7}, {1, 4}, {2, 3}], [{8, 5}, {6, 7}, {2, 4}, {1, 3}], [{8, 5}, {6, 7}, {3, 4}, {1, 2}], [{8, 5}, {7}, {2, 6}, {3, 4}, {1}], [{8, 6}, {1, 7}, {2, 5}, {3, 4}], [{8, 6}, {1, 7}, {3, 5}, {2, 4}], [{8, 6}, {1, 7}, {4, 5}, {2, 3}], [{8, 6}, {1, 7}, {4, 5}, {3}, {2}], [{8, 6}, {2, 7}, {1, 5}, {3, 4}], [{8, 6}, {2, 7}, {3, 5}, {1, 4}], [{8, 6}, {2, 7}, {4, 5}, {1, 3}], [{8, 6}, {3, 7}, {1, 5}, {2, 4}], [{8, 6}, {3, 7}, {2, 5}, {1, 4}], [{8, 6}, {3, 7}, {4, 5}, {1, 2}], [{8, 6}, {4, 7}, {1, 5}, {2, 3}], [{8, 6}, {4, 7}, {2, 5}, {1, 3}], [{8, 6}, {4, 7}, {3, 5}, {1, 2}], [{8, 6}, {4, 7}, {5}, {3}, {1, 2}], [{8, 6}, {5, 7}, {1, 4}, {2, 3}], [{8, 6}, {5, 7}, {2, 4}, {1, 3}], [{8, 6}, {5, 7}, {3, 4}, {1, 2}], [{8, 6}, {5, 7}, {3, 4}, {2}, {1}], [{8, 6}, {7}, {5}, {1, 4}, {2, 3}], [{8, 7}, {1, 6}, {2, 5}, {3, 4}], [{8, 7}, {1, 6}, {3, 5}, {2, 4}], [{8, 7}, {1, 6}, {4, 5}, {2, 3}], [{8, 7}, {1, 6}, {4, 5}, {3}, {2}], [{8, 7}, {1, 6}, {5}, {4}, {2, 3}], [{8, 7}, {2, 6}, {1, 5}, {3, 4}], [{8, 7}, {2, 6}, {3, 5}, {1, 4}], [{8, 7}, {2, 6}, {3, 5}, {4}, {1}], [{8, 7}, {2, 6}, {4, 5}, {1, 3}], [{8, 7}, {2, 6}, {4, 5}, {3}, {1}], [{8, 7}, {2, 6}, {5}, {3, 4}, {1}], [{8, 7}, {3, 6}, {1, 5}, {2, 4}], [{8, 7}, {3, 6}, {2, 5}, {1, 4}], [{8, 7}, {3, 6}, {4, 5}, {1, 2}], [{8, 7}, {3, 6}, {4, 5}, {2}, {1}], [{8, 7}, {4, 6}, {1, 5}, {2, 3}], [{8, 7}, {4, 6}, {1, 5}, {3}, {2}], [{8, 7}, {4, 6}, {2, 5}, {1, 3}], [{8, 7}, {4, 6}, {3, 5}, {1, 2}], [{8, 7}, {4, 6}, {5}, {2, 3}, {1}], [{8, 7}, {5, 6}, {1, 4}, {2, 3}], [{8, 7}, {5, 6}, {1, 4}, {3}, {2}], [{8, 7}, {5, 6}, {2, 4}, {1, 3}], [{8, 7}, {5, 6}, {3, 4}, {1, 2}], [{8, 7}, {5, 6}, {4}, {2, 3}, {1}], [{8, 7}, {6}, {1, 5}, {4}, {2, 3}], [{8, 7}, {6}, {2, 5}, {4}, {1, 3}], [{8, 7}, {6}, {4, 5}, {1, 3}, {2}], [{8, 7}, {6}, {4, 5}, {2, 3}, {1}], [{8, 7}, {6}, {4, 5}, {3}, {1, 2}], [{8, 7}, {6}, {4, 5}, {3}, {2}, {1}], [{8, 7}, {6}, {5}, {1, 4}, {2, 3}], [{8, 7}, {6}, {5}, {2, 4}, {1, 3}], [{8}, {1, 7}, {2, 6}, {3, 5}, {4}], [{8}, {1, 7}, {2, 6}, {4, 5}, {3}], [{8}, {1, 7}, {2, 6}, {5}, {3, 4}], [{8}, {1, 7}, {2, 6}, {5}, {4}, {3}], [{8}, {1, 7}, {3, 6}, {4, 5}, {2}], [{8}, {1, 7}, {4, 6}, {2, 5}, {3}], [{8}, {1, 7}, {5, 6}, {2, 4}, {3}], [{8}, {1, 7}, {6}, {4, 5}, {2, 3}], [{8}, {1, 7}, {6}, {4, 5}, {3}, {2}], [{8}, {3, 7}, {2, 6}, {5}, {1, 4}], [{8}, {4, 7}, {2, 6}, {5}, {1, 3}], [{8}, {5, 7}, {2, 6}, {3, 4}, {1}], [{8}, {5, 7}, {3, 6}, {4}, {1, 2}], [{8}, {5, 7}, {4, 6}, {1, 3}, {2}], [{8}, {6, 7}, {3, 5}, {4}, {1, 2}], [{8}, {6, 7}, {5}, {1, 4}, {2, 3}], [{8}, {7}, {2, 6}, {1, 5}, {3, 4}], [{8}, {7}, {2, 6}, {5}, {3, 4}, {1}]]",2,8 K_1^3 + 8 K_1^2 K_2 - 18 K_1^2 - 20 K_1 K_2 - 8 K_1 K_3 + 4 K_1 - 4 K_2^2 + 9 K_2 + 8 K_3 + 4 K_4 + 10,O1O2O3O4U1U4O5U6O7O8U3U7U5U8O6U2,O1O2O3O4U1U3O5U2O6O7U6U4U8U7O8U5,O1O2O3O4U5O6U7U6U1U8O7O8U3O5U2U4,c,{'O1O2O3O4U3O5U6U7U8U2O6O8U5O7U1U4'},1,"<a href=""/flatknot/8.733914"">8.733914</a>",t^9-81t^7-278t^6+20t^5+1078t^4+1391t^3+692t^2+216t+36,-t^2+2t,,
8.733915,O1O2O3O4U3O5U6U7U8U4O6O8U1O7U2U5,3,8z^2+71z+111,8w^3z^2-4w^3z+75w^2z+111w,False,False,"[[ 0 -1  0 -1  3  3 -3 -1  0],[ 1  0  0 -1  3  2 -1  1  1],[ 0  0  0 -1  4  2 -3  0  0],[ 1  1  1  0  1  1  0  0  0],[-3 -3 -4 -1  0 -2 -3 -1 -2],[-3 -2 -2 -1  2  0 -5 -2 -2],[ 3  1  3  0  3  5  0  0  2],[ 1 -1  0  0  1  2  0  0  1],[ 0 -1  0  0  2  2 -2 -1  0]]","[[ 0  3  3  0  0 -1 -1 -1 -3],[-3  0  2 -2 -2 -1 -2 -2 -5],[-3 -2  0 -2 -4 -1 -1 -3 -3],[ 0  2  2  0  0  0 -1 -1 -2],[ 0  2  4  0  0 -1  0  0 -3],[ 1  1  1  0  1  0  0  1  0],[ 1  2  1  1  0  0  0 -1  0],[ 1  2  3  1  0 -1  1  0 -1],[ 3  5  3  2  3  0  0  1  0]]",True,"[-3,-3,0,0,1,1,1,3,-2,2,2,1,2,2,5,2,4,1,1,3,3,0,0,1,1,2,1,0,0,3,0,-1,0,1,0,1]","[-3,-3,0,0,1,1,1,3,-2,-1,1,1,3,3,3,1,1,2,2,3,1,0,1,1,0,0,0,0,1,1,1,-1,1,0,2,2]",t^8+105t^6+610t^4+108t^2,"[-3,-1,-1,-1,0,0,3,3,1,2,2,0,1,1,3,-1,1,1,0,2,1,0,1,0,2,3,0,1,3,3,0,1,-1,1,1,-2]","[-3,-3,0,0,1,1,1,3,-2,-1,1,1,3,3,3,1,1,2,2,3,1,0,1,1,0,0,0,0,1,1,1,-1,1,0,2,2]","[-3,-1,-1,-1,0,0,3,3,0,0,1,2,3,3,5,0,-1,1,0,1,2,1,0,1,1,1,1,0,3,2,0,2,2,4,2,-2]",c,"[[{8, 1}, {2, 7}, {3, 6}, {4, 5}], [{8, 1}, {2, 7}, {3, 6}, {5}, {4}], [{8, 1}, {2, 7}, {4, 6}, {3, 5}], [{8, 1}, {2, 7}, {4, 6}, {5}, {3}], [{8, 1}, {2, 7}, {5, 6}, {3, 4}], [{8, 1}, {2, 7}, {5, 6}, {4}, {3}], [{8, 1}, {2, 7}, {6}, {3, 5}, {4}], [{8, 1}, {2, 7}, {6}, {4, 5}, {3}], [{8, 1}, {2, 7}, {6}, {5}, {3, 4}], [{8, 1}, {3, 7}, {2, 6}, {4, 5}], [{8, 1}, {3, 7}, {4, 6}, {2, 5}], [{8, 1}, {3, 7}, {5, 6}, {2, 4}], [{8, 1}, {4, 7}, {2, 6}, {3, 5}], [{8, 1}, {4, 7}, {3, 6}, {2, 5}], [{8, 1}, {4, 7}, {5, 6}, {2, 3}], [{8, 1}, {5, 7}, {2, 6}, {3, 4}], [{8, 1}, {5, 7}, {3, 6}, {2, 4}], [{8, 1}, {5, 7}, {4, 6}, {2, 3}], [{8, 1}, {5, 7}, {6}, {2, 4}, {3}], [{8, 1}, {6, 7}, {2, 5}, {3, 4}], [{8, 1}, {6, 7}, {3, 5}, {2, 4}], [{8, 1}, {6, 7}, {4, 5}, {2, 3}], [{8, 1}, {7}, {3, 6}, {4, 5}, {2}], [{8, 1}, {7}, {4, 6}, {3, 5}, {2}], [{8, 1}, {7}, {5, 6}, {3, 4}, {2}], [{8, 2}, {1, 7}, {3, 6}, {4, 5}], [{8, 2}, {1, 7}, {3, 6}, {5}, {4}], [{8, 2}, {1, 7}, {4, 6}, {3, 5}], [{8, 2}, {1, 7}, {5, 6}, {3, 4}], [{8, 2}, {3, 7}, {1, 6}, {4, 5}], [{8, 2}, {3, 7}, {1, 6}, {5}, {4}], [{8, 2}, {3, 7}, {4, 6}, {1, 5}], [{8, 2}, {3, 7}, {5, 6}, {1, 4}], [{8, 2}, {4, 7}, {1, 6}, {3, 5}], [{8, 2}, {4, 7}, {3, 6}, {1, 5}], [{8, 2}, {4, 7}, {5, 6}, {1, 3}], [{8, 2}, {5, 7}, {1, 6}, {3, 4}], [{8, 2}, {5, 7}, {3, 6}, {1, 4}], [{8, 2}, {5, 7}, {4, 6}, {1, 3}], [{8, 2}, {6, 7}, {1, 5}, {3, 4}], [{8, 2}, {6, 7}, {3, 5}, {1, 4}], [{8, 2}, {6, 7}, {4, 5}, {1, 3}], [{8, 2}, {6, 7}, {5}, {4}, {1, 3}], [{8, 2}, {7}, {4, 6}, {3, 5}, {1}], [{8, 2}, {7}, {5, 6}, {3, 4}, {1}], [{8, 3}, {1, 7}, {2, 6}, {4, 5}], [{8, 3}, {1, 7}, {4, 6}, {2, 5}], [{8, 3}, {1, 7}, {5, 6}, {2, 4}], [{8, 3}, {2, 7}, {1, 6}, {4, 5}], [{8, 3}, {2, 7}, {4, 6}, {1, 5}], [{8, 3}, {2, 7}, {5, 6}, {1, 4}], [{8, 3}, {2, 7}, {6}, {1, 5}, {4}], [{8, 3}, {2, 7}, {6}, {4, 5}, {1}], [{8, 3}, {2, 7}, {6}, {5}, {1, 4}], [{8, 3}, {4, 7}, {1, 6}, {2, 5}], [{8, 3}, {4, 7}, {2, 6}, {1, 5}], [{8, 3}, {4, 7}, {5, 6}, {1, 2}], [{8, 3}, {5, 7}, {1, 6}, {2, 4}], [{8, 3}, {5, 7}, {2, 6}, {1, 4}], [{8, 3}, {5, 7}, {4, 6}, {1, 2}], [{8, 3}, {5, 7}, {6}, {2, 4}, {1}], [{8, 3}, {6, 7}, {1, 5}, {2, 4}], [{8, 3}, {6, 7}, {2, 5}, {1, 4}], [{8, 3}, {6, 7}, {4, 5}, {1, 2}], [{8, 4}, {1, 7}, {2, 6}, {3, 5}], [{8, 4}, {1, 7}, {3, 6}, {2, 5}], [{8, 4}, {1, 7}, {5, 6}, {2, 3}], [{8, 4}, {2, 7}, {1, 6}, {3, 5}], [{8, 4}, {2, 7}, {1, 6}, {5}, {3}], [{8, 4}, {2, 7}, {3, 6}, {1, 5}], [{8, 4}, {2, 7}, {5, 6}, {1, 3}], [{8, 4}, {3, 7}, {1, 6}, {2, 5}], [{8, 4}, {3, 7}, {2, 6}, {1, 5}], [{8, 4}, {3, 7}, {5, 6}, {1, 2}], [{8, 4}, {5, 7}, {1, 6}, {2, 3}], [{8, 4}, {5, 7}, {2, 6}, {1, 3}], [{8, 4}, {5, 7}, {3, 6}, {1, 2}], [{8, 4}, {6, 7}, {1, 5}, {2, 3}], [{8, 4}, {6, 7}, {2, 5}, {1, 3}], [{8, 4}, {6, 7}, {3, 5}, {1, 2}], [{8, 4}, {7}, {3, 6}, {1, 5}, {2}], [{8, 4}, {7}, {6}, {3, 5}, {1, 2}], [{8, 5}, {1, 7}, {2, 6}, {3, 4}], [{8, 5}, {1, 7}, {3, 6}, {2, 4}], [{8, 5}, {1, 7}, {4, 6}, {2, 3}], [{8, 5}, {2, 7}, {1, 6}, {3, 4}], [{8, 5}, {2, 7}, {1, 6}, {4}, {3}], [{8, 5}, {2, 7}, {3, 6}, {1, 4}], [{8, 5}, {2, 7}, {4, 6}, {1, 3}], [{8, 5}, {3, 7}, {1, 6}, {2, 4}], [{8, 5}, {3, 7}, {2, 6}, {1, 4}], [{8, 5}, {3, 7}, {4, 6}, {1, 2}], [{8, 5}, {4, 7}, {1, 6}, {2, 3}], [{8, 5}, {4, 7}, {2, 6}, {1, 3}], [{8, 5}, {4, 7}, {3, 6}, {1, 2}], [{8, 5}, {6, 7}, {1, 4}, {2, 3}], [{8, 5}, {6, 7}, {2, 4}, {1, 3}], [{8, 5}, {6, 7}, {3, 4}, {1, 2}], [{8, 6}, {1, 7}, {2, 5}, {3, 4}], [{8, 6}, {1, 7}, {3, 5}, {2, 4}], [{8, 6}, {1, 7}, {4, 5}, {2, 3}], [{8, 6}, {2, 7}, {1, 5}, {3, 4}], [{8, 6}, {2, 7}, {3, 5}, {1, 4}], [{8, 6}, {2, 7}, {4, 5}, {1, 3}], [{8, 6}, {2, 7}, {4, 5}, {3}, {1}], [{8, 6}, {3, 7}, {1, 5}, {2, 4}], [{8, 6}, {3, 7}, {2, 5}, {1, 4}], [{8, 6}, {3, 7}, {4, 5}, {1, 2}], [{8, 6}, {4, 7}, {1, 5}, {2, 3}], [{8, 6}, {4, 7}, {2, 5}, {1, 3}], [{8, 6}, {4, 7}, {3, 5}, {1, 2}], [{8, 6}, {5, 7}, {1, 4}, {2, 3}], [{8, 6}, {5, 7}, {2, 4}, {1, 3}], [{8, 6}, {5, 7}, {2, 4}, {3}, {1}], [{8, 6}, {5, 7}, {3, 4}, {1, 2}], [{8, 6}, {7}, {3, 5}, {4}, {1, 2}], [{8, 7}, {1, 6}, {2, 5}, {3, 4}], [{8, 7}, {1, 6}, {3, 5}, {2, 4}], [{8, 7}, {1, 6}, {4, 5}, {2, 3}], [{8, 7}, {2, 6}, {1, 5}, {3, 4}], [{8, 7}, {2, 6}, {3, 5}, {1, 4}], [{8, 7}, {2, 6}, {4, 5}, {1, 3}], [{8, 7}, {3, 6}, {1, 5}, {2, 4}], [{8, 7}, {3, 6}, {1, 5}, {4}, {2}], [{8, 7}, {3, 6}, {2, 5}, {1, 4}], [{8, 7}, {3, 6}, {4, 5}, {1, 2}], [{8, 7}, {4, 6}, {1, 5}, {2, 3}], [{8, 7}, {4, 6}, {2, 5}, {1, 3}], [{8, 7}, {4, 6}, {3, 5}, {1, 2}], [{8, 7}, {4, 6}, {3, 5}, {2}, {1}], [{8, 7}, {5, 6}, {1, 4}, {2, 3}], [{8, 7}, {5, 6}, {2, 4}, {1, 3}], [{8, 7}, {5, 6}, {3, 4}, {1, 2}], [{8, 7}, {5, 6}, {3, 4}, {2}, {1}], [{8}, {1, 7}, {2, 6}, {3, 5}, {4}], [{8}, {1, 7}, {4, 6}, {3, 5}, {2}], [{8}, {1, 7}, {5, 6}, {3, 4}, {2}], [{8}, {1, 7}, {6}, {3, 5}, {2, 4}], [{8}, {1, 7}, {6}, {4, 5}, {2, 3}], [{8}, {2, 7}, {1, 6}, {4, 5}, {3}], [{8}, {2, 7}, {3, 6}, {4, 5}, {1}], [{8}, {2, 7}, {4, 6}, {3, 5}, {1}], [{8}, {2, 7}, {5, 6}, {3, 4}, {1}], [{8}, {2, 7}, {6}, {4, 5}, {1, 3}], [{8}, {2, 7}, {6}, {4, 5}, {3}, {1}], [{8}, {3, 7}, {2, 6}, {1, 5}, {4}], [{8}, {3, 7}, {4, 6}, {1, 5}, {2}], [{8}, {3, 7}, {5, 6}, {1, 4}, {2}], [{8}, {3, 7}, {6}, {1, 5}, {2, 4}], [{8}, {3, 7}, {6}, {4, 5}, {1, 2}], [{8}, {4, 7}, {3, 6}, {1, 5}, {2}], [{8}, {4, 7}, {5, 6}, {1, 3}, {2}], [{8}, {5, 7}, {1, 6}, {2, 4}, {3}], [{8}, {5, 7}, {2, 6}, {4}, {1, 3}], [{8}, {5, 7}, {3, 6}, {1, 4}, {2}], [{8}, {5, 7}, {3, 6}, {2, 4}, {1}], [{8}, {5, 7}, {3, 6}, {4}, {1, 2}], [{8}, {5, 7}, {4, 6}, {1, 3}, {2}], [{8}, {5, 7}, {6}, {2, 4}, {1, 3}], [{8}, {5, 7}, {6}, {2, 4}, {3}, {1}], [{8}, {7}, {4, 6}, {3, 5}, {1, 2}], [{8}, {7}, {4, 6}, {3, 5}, {2}, {1}], [{8}, {7}, {5, 6}, {3, 4}, {1, 2}], [{8}, {7}, {5, 6}, {3, 4}, {2}, {1}]]",2,12 K_1^3 + 12 K_1^2 K_2 - 38 K_1^2 - 22 K_1 K_2 - 6 K_1 K_3 + 2 K_1 - 2 K_2^2 + 16 K_2 + 8 K_3 + K_4 + 18,O1O2O3O4U5U3O6U4O7O8U1U7U6U8O5U2,O1O2O3O4U1U3O5U2O6O7U5U6U8U4O8U7,O1O2O3O4U5O6U1U6U7U8O5O7U3O8U2U4,c,{'O1O2O3O4U3O5U6U7U8U4O6O8U1O7U2U5'},1,"<a href=""/flatknot/8.733915"">8.733915</a>",t^9-99t^7-426t^6+26t^5+1694t^4+726t^3-1580t^2-448t+448,-t^3+3t,,
8.733916,O1O2O3O4U3O5U6U7U8U4O6O8U1O7U5U2,4,17z^2+94z+121,17w^3z^2+94w^2z+121w,False,False,"[[ 0 -1  1 -1  3  2 -3 -1  0],[ 1  0  1 -1  3  1 -1  1  1],[-1 -1  0 -1  3  1 -4 -1 -1],[ 1  1  1  0  1  1  0  0  0],[-3 -3 -3 -1  0 -2 -3 -1 -2],[-2 -1 -1 -1  2  0 -4 -1 -1],[ 3  1  4  0  3  4  0  0  2],[ 1 -1  1  0  1  1  0  0  1],[ 0 -1  1  0  2  1 -2 -1  0]]","[[ 0  3  2  1  0 -1 -1 -1 -3],[-3  0 -2 -3 -2 -1 -1 -3 -3],[-2  2  0 -1 -1 -1 -1 -1 -4],[-1  3  1  0 -1 -1 -1 -1 -4],[ 0  2  1  1  0  0 -1 -1 -2],[ 1  1  1  1  0  0  0  1  0],[ 1  1  1  1  1  0  0 -1  0],[ 1  3  1  1  1 -1  1  0 -1],[ 3  3  4  4  2  0  0  1  0]]",True,"[-3,-2,-1,0,1,1,1,3,2,3,2,1,1,3,3,1,1,1,1,1,4,1,1,1,1,4,0,1,1,2,0,-1,0,1,0,1]","[-3,-2,-1,0,1,1,1,3,-1,-1,1,1,3,3,3,0,1,2,2,2,1,0,1,1,1,0,0,0,1,1,1,-1,1,0,2,2]",t^8+87t^6+372t^4+115t^2+1,"[-3,-1,-1,-1,0,1,2,3,1,2,2,1,0,1,3,-1,1,0,1,2,1,0,0,1,2,3,1,1,2,3,0,1,1,0,-1,-1]","[-3,-2,-1,0,1,1,1,3,-1,-1,1,1,3,3,3,0,1,2,2,2,1,0,1,1,1,0,0,0,1,1,1,-1,1,0,2,2]","[-3,-1,-1,-1,0,1,2,3,0,0,1,2,4,4,3,0,-1,1,1,1,1,1,0,1,1,1,1,1,1,3,1,1,2,1,3,2]",c,"[[{8, 1}, {2, 7}, {3, 6}, {4, 5}], [{8, 1}, {2, 7}, {3, 6}, {5}, {4}], [{8, 1}, {2, 7}, {4, 6}, {3, 5}], [{8, 1}, {2, 7}, {4, 6}, {5}, {3}], [{8, 1}, {2, 7}, {5, 6}, {3, 4}], [{8, 1}, {2, 7}, {6}, {5}, {3, 4}], [{8, 1}, {3, 7}, {2, 6}, {4, 5}], [{8, 1}, {3, 7}, {4, 6}, {2, 5}], [{8, 1}, {3, 7}, {4, 6}, {5}, {2}], [{8, 1}, {3, 7}, {5, 6}, {2, 4}], [{8, 1}, {4, 7}, {2, 6}, {3, 5}], [{8, 1}, {4, 7}, {3, 6}, {2, 5}], [{8, 1}, {4, 7}, {3, 6}, {5}, {2}], [{8, 1}, {4, 7}, {5, 6}, {2, 3}], [{8, 1}, {5, 7}, {2, 6}, {3, 4}], [{8, 1}, {5, 7}, {3, 6}, {2, 4}], [{8, 1}, {5, 7}, {3, 6}, {4}, {2}], [{8, 1}, {5, 7}, {4, 6}, {2, 3}], [{8, 1}, {5, 7}, {4, 6}, {3}, {2}], [{8, 1}, {5, 7}, {6}, {3, 4}, {2}], [{8, 1}, {6, 7}, {2, 5}, {3, 4}], [{8, 1}, {6, 7}, {3, 5}, {2, 4}], [{8, 1}, {6, 7}, {4, 5}, {2, 3}], [{8, 1}, {6, 7}, {5}, {3, 4}, {2}], [{8, 1}, {7}, {2, 6}, {5}, {3, 4}], [{8, 1}, {7}, {3, 6}, {2, 5}, {4}], [{8, 1}, {7}, {3, 6}, {4, 5}, {2}], [{8, 1}, {7}, {3, 6}, {5}, {2, 4}], [{8, 1}, {7}, {3, 6}, {5}, {4}, {2}], [{8, 1}, {7}, {4, 6}, {2, 5}, {3}], [{8, 1}, {7}, {4, 6}, {3, 5}, {2}], [{8, 1}, {7}, {4, 6}, {5}, {2, 3}], [{8, 1}, {7}, {4, 6}, {5}, {3}, {2}], [{8, 1}, {7}, {5, 6}, {3, 4}, {2}], [{8, 1}, {7}, {6}, {2, 5}, {3, 4}], [{8, 1}, {7}, {6}, {5}, {3, 4}, {2}], [{8, 2}, {1, 7}, {3, 6}, {4, 5}], [{8, 2}, {1, 7}, {4, 6}, {3, 5}], [{8, 2}, {1, 7}, {5, 6}, {3, 4}], [{8, 2}, {3, 7}, {1, 6}, {4, 5}], [{8, 2}, {3, 7}, {4, 6}, {1, 5}], [{8, 2}, {3, 7}, {4, 6}, {5}, {1}], [{8, 2}, {3, 7}, {5, 6}, {1, 4}], [{8, 2}, {4, 7}, {1, 6}, {3, 5}], [{8, 2}, {4, 7}, {3, 6}, {1, 5}], [{8, 2}, {4, 7}, {3, 6}, {5}, {1}], [{8, 2}, {4, 7}, {5, 6}, {1, 3}], [{8, 2}, {5, 7}, {1, 6}, {3, 4}], [{8, 2}, {5, 7}, {1, 6}, {4}, {3}], [{8, 2}, {5, 7}, {3, 6}, {1, 4}], [{8, 2}, {5, 7}, {4, 6}, {1, 3}], [{8, 2}, {5, 7}, {4, 6}, {3}, {1}], [{8, 2}, {5, 7}, {6}, {1, 4}, {3}], [{8, 2}, {6, 7}, {1, 5}, {3, 4}], [{8, 2}, {6, 7}, {3, 5}, {1, 4}], [{8, 2}, {6, 7}, {4, 5}, {1, 3}], [{8, 2}, {7}, {4, 6}, {3, 5}, {1}], [{8, 2}, {7}, {5, 6}, {3, 4}, {1}], [{8, 3}, {1, 7}, {2, 6}, {4, 5}], [{8, 3}, {1, 7}, {4, 6}, {2, 5}], [{8, 3}, {1, 7}, {5, 6}, {2, 4}], [{8, 3}, {1, 7}, {6}, {5}, {2, 4}], [{8, 3}, {2, 7}, {1, 6}, {4, 5}], [{8, 3}, {2, 7}, {4, 6}, {1, 5}], [{8, 3}, {2, 7}, {4, 6}, {5}, {1}], [{8, 3}, {2, 7}, {5, 6}, {1, 4}], [{8, 3}, {4, 7}, {1, 6}, {2, 5}], [{8, 3}, {4, 7}, {2, 6}, {1, 5}], [{8, 3}, {4, 7}, {5, 6}, {1, 2}], [{8, 3}, {4, 7}, {6}, {1, 5}, {2}], [{8, 3}, {5, 7}, {1, 6}, {2, 4}], [{8, 3}, {5, 7}, {2, 6}, {1, 4}], [{8, 3}, {5, 7}, {2, 6}, {4}, {1}], [{8, 3}, {5, 7}, {4, 6}, {1, 2}], [{8, 3}, {6, 7}, {1, 5}, {2, 4}], [{8, 3}, {6, 7}, {1, 5}, {4}, {2}], [{8, 3}, {6, 7}, {2, 5}, {1, 4}], [{8, 3}, {6, 7}, {4, 5}, {1, 2}], [{8, 3}, {7}, {4, 6}, {1, 5}, {2}], [{8, 4}, {1, 7}, {2, 6}, {3, 5}], [{8, 4}, {1, 7}, {3, 6}, {2, 5}], [{8, 4}, {1, 7}, {5, 6}, {2, 3}], [{8, 4}, {2, 7}, {1, 6}, {3, 5}], [{8, 4}, {2, 7}, {3, 6}, {1, 5}], [{8, 4}, {2, 7}, {3, 6}, {5}, {1}], [{8, 4}, {2, 7}, {5, 6}, {1, 3}], [{8, 4}, {3, 7}, {1, 6}, {2, 5}], [{8, 4}, {3, 7}, {2, 6}, {1, 5}], [{8, 4}, {3, 7}, {5, 6}, {1, 2}], [{8, 4}, {5, 7}, {1, 6}, {2, 3}], [{8, 4}, {5, 7}, {1, 6}, {3}, {2}], [{8, 4}, {5, 7}, {2, 6}, {1, 3}], [{8, 4}, {5, 7}, {3, 6}, {1, 2}], [{8, 4}, {6, 7}, {1, 5}, {2, 3}], [{8, 4}, {6, 7}, {2, 5}, {1, 3}], [{8, 4}, {6, 7}, {3, 5}, {1, 2}], [{8, 4}, {6, 7}, {3, 5}, {2}, {1}], [{8, 4}, {7}, {1, 6}, {5}, {2, 3}], [{8, 5}, {1, 7}, {2, 6}, {3, 4}], [{8, 5}, {1, 7}, {3, 6}, {2, 4}], [{8, 5}, {1, 7}, {4, 6}, {2, 3}], [{8, 5}, {2, 7}, {1, 6}, {3, 4}], [{8, 5}, {2, 7}, {3, 6}, {1, 4}], [{8, 5}, {2, 7}, {4, 6}, {1, 3}], [{8, 5}, {2, 7}, {4, 6}, {3}, {1}], [{8, 5}, {3, 7}, {1, 6}, {2, 4}], [{8, 5}, {3, 7}, {2, 6}, {1, 4}], [{8, 5}, {3, 7}, {2, 6}, {4}, {1}], [{8, 5}, {3, 7}, {4, 6}, {1, 2}], [{8, 5}, {4, 7}, {1, 6}, {2, 3}], [{8, 5}, {4, 7}, {2, 6}, {1, 3}], [{8, 5}, {4, 7}, {3, 6}, {1, 2}], [{8, 5}, {6, 7}, {1, 4}, {2, 3}], [{8, 5}, {6, 7}, {1, 4}, {3}, {2}], [{8, 5}, {6, 7}, {2, 4}, {1, 3}], [{8, 5}, {6, 7}, {3, 4}, {1, 2}], [{8, 5}, {7}, {1, 6}, {3, 4}, {2}], [{8, 5}, {7}, {4, 6}, {1, 3}, {2}], [{8, 6}, {1, 7}, {2, 5}, {3, 4}], [{8, 6}, {1, 7}, {3, 5}, {2, 4}], [{8, 6}, {1, 7}, {4, 5}, {2, 3}], [{8, 6}, {2, 7}, {1, 5}, {3, 4}], [{8, 6}, {2, 7}, {3, 5}, {1, 4}], [{8, 6}, {2, 7}, {4, 5}, {1, 3}], [{8, 6}, {3, 7}, {1, 5}, {2, 4}], [{8, 6}, {3, 7}, {2, 5}, {1, 4}], [{8, 6}, {3, 7}, {4, 5}, {1, 2}], [{8, 6}, {4, 7}, {1, 5}, {2, 3}], [{8, 6}, {4, 7}, {2, 5}, {1, 3}], [{8, 6}, {4, 7}, {3, 5}, {1, 2}], [{8, 6}, {4, 7}, {3, 5}, {2}, {1}], [{8, 6}, {5, 7}, {1, 4}, {2, 3}], [{8, 6}, {5, 7}, {1, 4}, {3}, {2}], [{8, 6}, {5, 7}, {2, 4}, {1, 3}], [{8, 6}, {5, 7}, {3, 4}, {1, 2}], [{8, 6}, {7}, {1, 5}, {3, 4}, {2}], [{8, 7}, {1, 6}, {2, 5}, {3, 4}], [{8, 7}, {1, 6}, {3, 5}, {2, 4}], [{8, 7}, {1, 6}, {3, 5}, {4}, {2}], [{8, 7}, {1, 6}, {4, 5}, {2, 3}], [{8, 7}, {2, 6}, {1, 5}, {3, 4}], [{8, 7}, {2, 6}, {3, 5}, {1, 4}], [{8, 7}, {2, 6}, {3, 5}, {4}, {1}], [{8, 7}, {2, 6}, {4, 5}, {1, 3}], [{8, 7}, {3, 6}, {1, 5}, {2, 4}], [{8, 7}, {3, 6}, {2, 5}, {1, 4}], [{8, 7}, {3, 6}, {4, 5}, {1, 2}], [{8, 7}, {3, 6}, {4, 5}, {2}, {1}], [{8, 7}, {4, 6}, {1, 5}, {2, 3}], [{8, 7}, {4, 6}, {2, 5}, {1, 3}], [{8, 7}, {4, 6}, {3, 5}, {1, 2}], [{8, 7}, {4, 6}, {3, 5}, {2}, {1}], [{8, 7}, {5, 6}, {1, 4}, {2, 3}], [{8, 7}, {5, 6}, {2, 4}, {1, 3}], [{8, 7}, {5, 6}, {3, 4}, {1, 2}], [{8, 7}, {5, 6}, {3, 4}, {2}, {1}], [{8, 7}, {6}, {3, 5}, {1, 4}, {2}], [{8, 7}, {6}, {3, 5}, {2, 4}, {1}], [{8, 7}, {6}, {3, 5}, {4}, {1, 2}], [{8, 7}, {6}, {3, 5}, {4}, {2}, {1}], [{8}, {1, 7}, {3, 6}, {4, 5}, {2}], [{8}, {1, 7}, {4, 6}, {3, 5}, {2}], [{8}, {1, 7}, {5, 6}, {3, 4}, {2}], [{8}, {2, 7}, {3, 6}, {5}, {1, 4}], [{8}, {2, 7}, {4, 6}, {1, 5}, {3}], [{8}, {2, 7}, {4, 6}, {3, 5}, {1}], [{8}, {2, 7}, {4, 6}, {5}, {1, 3}], [{8}, {2, 7}, {5, 6}, {3, 4}, {1}], [{8}, {3, 7}, {1, 6}, {5}, {2, 4}], [{8}, {3, 7}, {2, 6}, {5}, {1, 4}], [{8}, {3, 7}, {4, 6}, {5}, {1, 2}], [{8}, {4, 7}, {2, 6}, {5}, {1, 3}], [{8}, {4, 7}, {3, 6}, {5}, {1, 2}], [{8}, {5, 7}, {1, 6}, {2, 4}, {3}], [{8}, {5, 7}, {2, 6}, {1, 4}, {3}], [{8}, {5, 7}, {3, 6}, {2, 4}, {1}], [{8}, {5, 7}, {4, 6}, {3}, {1, 2}], [{8}, {5, 7}, {6}, {2, 4}, {1, 3}], [{8}, {6, 7}, {4, 5}, {1, 3}, {2}], [{8}, {7}, {1, 6}, {3, 5}, {2, 4}], [{8}, {7}, {2, 6}, {3, 5}, {1, 4}], [{8}, {7}, {4, 6}, {3, 5}, {1, 2}], [{8}, {7}, {4, 6}, {3, 5}, {2}, {1}], [{8}, {7}, {5, 6}, {3, 4}, {1, 2}], [{8}, {7}, {5, 6}, {3, 4}, {2}, {1}]]",2,4 K_1^3 - 12 K_1^2 - 16 K_1 K_2 - 2 K_1 K_3 + 5 K_1 - 6 K_2^2 + 7 K_2 + 7 K_3 + 4 K_4 + 10,O1O2O3O4U3U5O6U4O7O8U1U7U6U8O5U2,O1O2O3O4U1U3O5U2O6O7U5U7U8U4O8U6,O1O2O3O4U5O6U1U6U7U8O7O5U3O8U2U4,c,{'O1O2O3O4U3O5U6U7U8U4O6O8U1O7U5U2'},1,"<a href=""/flatknot/8.733916"">8.733916</a>",t^9-85t^7-346t^6-307t^5+266t^4+427t^3+4t^2-92t+20,-t^2+2t,,
8.733917,O1O2O3O4U3O5U6U7U8U4O6O8U2O7U1U5,3,10z^2+90z+141,10w^3z^2+90w^2z+141w,False,False,"[[ 0 -1  0 -1  3  3 -3 -1  0],[ 1  0  1 -1  4  3 -2  0  1],[ 0 -1  0 -1  3  1 -2  0  0],[ 1  1  1  0  1  1  0  0  0],[-3 -4 -3 -1  0 -2 -3 -1 -2],[-3 -3 -1 -1  2  0 -5 -2 -2],[ 3  2  2  0  3  5  0  0  2],[ 1  0  0  0  1  2  0  0  1],[ 0 -1  0  0  2  2 -2 -1  0]]","[[ 0  3  3  0  0 -1 -1 -1 -3],[-3  0  2 -1 -2 -1 -2 -3 -5],[-3 -2  0 -3 -2 -1 -1 -4 -3],[ 0  1  3  0  0 -1  0 -1 -2],[ 0  2  2  0  0  0 -1 -1 -2],[ 1  1  1  1  0  0  0  1  0],[ 1  2  1  0  1  0  0  0  0],[ 1  3  4  1  1 -1  0  0 -2],[ 3  5  3  2  2  0  0  2  0]]",True,"[-3,-3,0,0,1,1,1,3,-2,1,2,1,2,3,5,3,2,1,1,4,3,0,1,0,1,2,0,1,1,2,0,-1,0,0,0,2]","[-3,-3,0,0,1,1,1,3,-2,0,1,0,3,3,3,2,1,1,2,3,1,0,0,1,0,1,0,0,1,1,0,-1,0,0,2,2]",t^8+105t^6+387t^4+71t^2,"[-3,-1,-1,-1,0,0,3,3,0,2,2,1,1,1,3,0,1,0,0,1,0,0,0,1,2,3,1,0,3,3,0,1,1,2,0,-2]","[-3,-3,0,0,1,1,1,3,-2,0,1,0,3,3,3,2,1,1,2,3,1,0,0,1,0,1,0,0,1,1,0,-1,0,0,2,2]","[-3,-1,-1,-1,0,0,3,3,0,0,2,2,2,3,5,0,0,0,1,1,2,1,1,0,1,1,1,1,4,3,0,3,1,2,2,-2]",c,"[[{8, 1}, {2, 7}, {3, 6}, {4, 5}], [{8, 1}, {2, 7}, {4, 6}, {3, 5}], [{8, 1}, {2, 7}, {5, 6}, {3, 4}], [{8, 1}, {2, 7}, {5, 6}, {4}, {3}], [{8, 1}, {2, 7}, {6}, {5}, {3, 4}], [{8, 1}, {3, 7}, {2, 6}, {4, 5}], [{8, 1}, {3, 7}, {4, 6}, {2, 5}], [{8, 1}, {3, 7}, {5, 6}, {2, 4}], [{8, 1}, {3, 7}, {6}, {2, 5}, {4}], [{8, 1}, {3, 7}, {6}, {4, 5}, {2}], [{8, 1}, {3, 7}, {6}, {5}, {2, 4}], [{8, 1}, {4, 7}, {2, 6}, {3, 5}], [{8, 1}, {4, 7}, {3, 6}, {2, 5}], [{8, 1}, {4, 7}, {5, 6}, {2, 3}], [{8, 1}, {4, 7}, {6}, {2, 5}, {3}], [{8, 1}, {5, 7}, {2, 6}, {3, 4}], [{8, 1}, {5, 7}, {2, 6}, {4}, {3}], [{8, 1}, {5, 7}, {3, 6}, {2, 4}], [{8, 1}, {5, 7}, {4, 6}, {2, 3}], [{8, 1}, {5, 7}, {6}, {3, 4}, {2}], [{8, 1}, {6, 7}, {2, 5}, {3, 4}], [{8, 1}, {6, 7}, {2, 5}, {4}, {3}], [{8, 1}, {6, 7}, {3, 5}, {2, 4}], [{8, 1}, {6, 7}, {4, 5}, {2, 3}], [{8, 1}, {6, 7}, {5}, {3, 4}, {2}], [{8, 1}, {7}, {2, 6}, {5}, {3, 4}], [{8, 1}, {7}, {3, 6}, {2, 5}, {4}], [{8, 1}, {7}, {4, 6}, {2, 5}, {3}], [{8, 1}, {7}, {4, 6}, {3, 5}, {2}], [{8, 1}, {7}, {4, 6}, {5}, {2, 3}], [{8, 1}, {7}, {5, 6}, {3, 4}, {2}], [{8, 1}, {7}, {6}, {2, 5}, {3, 4}], [{8, 1}, {7}, {6}, {2, 5}, {4}, {3}], [{8, 2}, {1, 7}, {3, 6}, {4, 5}], [{8, 2}, {1, 7}, {3, 6}, {5}, {4}], [{8, 2}, {1, 7}, {4, 6}, {3, 5}], [{8, 2}, {1, 7}, {4, 6}, {5}, {3}], [{8, 2}, {1, 7}, {5, 6}, {3, 4}], [{8, 2}, {1, 7}, {5, 6}, {4}, {3}], [{8, 2}, {1, 7}, {6}, {3, 5}, {4}], [{8, 2}, {1, 7}, {6}, {4, 5}, {3}], [{8, 2}, {1, 7}, {6}, {5}, {3, 4}], [{8, 2}, {3, 7}, {1, 6}, {4, 5}], [{8, 2}, {3, 7}, {1, 6}, {5}, {4}], [{8, 2}, {3, 7}, {4, 6}, {1, 5}], [{8, 2}, {3, 7}, {4, 6}, {5}, {1}], [{8, 2}, {3, 7}, {5, 6}, {1, 4}], [{8, 2}, {3, 7}, {5, 6}, {4}, {1}], [{8, 2}, {3, 7}, {6}, {1, 5}, {4}], [{8, 2}, {3, 7}, {6}, {4, 5}, {1}], [{8, 2}, {3, 7}, {6}, {5}, {1, 4}], [{8, 2}, {4, 7}, {1, 6}, {3, 5}], [{8, 2}, {4, 7}, {1, 6}, {5}, {3}], [{8, 2}, {4, 7}, {3, 6}, {1, 5}], [{8, 2}, {4, 7}, {3, 6}, {5}, {1}], [{8, 2}, {4, 7}, {5, 6}, {1, 3}], [{8, 2}, {4, 7}, {5, 6}, {3}, {1}], [{8, 2}, {4, 7}, {6}, {1, 5}, {3}], [{8, 2}, {4, 7}, {6}, {3, 5}, {1}], [{8, 2}, {4, 7}, {6}, {5}, {1, 3}], [{8, 2}, {5, 7}, {1, 6}, {3, 4}], [{8, 2}, {5, 7}, {1, 6}, {4}, {3}], [{8, 2}, {5, 7}, {3, 6}, {1, 4}], [{8, 2}, {5, 7}, {3, 6}, {4}, {1}], [{8, 2}, {5, 7}, {4, 6}, {1, 3}], [{8, 2}, {5, 7}, {4, 6}, {3}, {1}], [{8, 2}, {5, 7}, {6}, {1, 4}, {3}], [{8, 2}, {5, 7}, {6}, {3, 4}, {1}], [{8, 2}, {5, 7}, {6}, {4}, {1, 3}], [{8, 2}, {6, 7}, {1, 5}, {3, 4}], [{8, 2}, {6, 7}, {1, 5}, {4}, {3}], [{8, 2}, {6, 7}, {3, 5}, {1, 4}], [{8, 2}, {6, 7}, {3, 5}, {4}, {1}], [{8, 2}, {6, 7}, {4, 5}, {1, 3}], [{8, 2}, {6, 7}, {4, 5}, {3}, {1}], [{8, 2}, {6, 7}, {5}, {1, 4}, {3}], [{8, 2}, {6, 7}, {5}, {3, 4}, {1}], [{8, 2}, {6, 7}, {5}, {4}, {1, 3}], [{8, 2}, {7}, {1, 6}, {3, 5}, {4}], [{8, 2}, {7}, {1, 6}, {4, 5}, {3}], [{8, 2}, {7}, {1, 6}, {5}, {3, 4}], [{8, 2}, {7}, {3, 6}, {1, 5}, {4}], [{8, 2}, {7}, {3, 6}, {4, 5}, {1}], [{8, 2}, {7}, {3, 6}, {5}, {1, 4}], [{8, 2}, {7}, {4, 6}, {1, 5}, {3}], [{8, 2}, {7}, {4, 6}, {3, 5}, {1}], [{8, 2}, {7}, {4, 6}, {5}, {1, 3}], [{8, 2}, {7}, {5, 6}, {1, 4}, {3}], [{8, 2}, {7}, {5, 6}, {3, 4}, {1}], [{8, 2}, {7}, {5, 6}, {4}, {1, 3}], [{8, 2}, {7}, {6}, {1, 5}, {3, 4}], [{8, 2}, {7}, {6}, {1, 5}, {4}, {3}], [{8, 2}, {7}, {6}, {3, 5}, {1, 4}], [{8, 2}, {7}, {6}, {4, 5}, {1, 3}], [{8, 3}, {1, 7}, {2, 6}, {4, 5}], [{8, 3}, {1, 7}, {4, 6}, {2, 5}], [{8, 3}, {1, 7}, {5, 6}, {2, 4}], [{8, 3}, {1, 7}, {6}, {2, 5}, {4}], [{8, 3}, {1, 7}, {6}, {4, 5}, {2}], [{8, 3}, {1, 7}, {6}, {5}, {2, 4}], [{8, 3}, {2, 7}, {1, 6}, {4, 5}], [{8, 3}, {2, 7}, {1, 6}, {5}, {4}], [{8, 3}, {2, 7}, {4, 6}, {1, 5}], [{8, 3}, {2, 7}, {4, 6}, {5}, {1}], [{8, 3}, {2, 7}, {5, 6}, {1, 4}], [{8, 3}, {2, 7}, {6}, {5}, {1, 4}], [{8, 3}, {4, 7}, {1, 6}, {2, 5}], [{8, 3}, {4, 7}, {2, 6}, {1, 5}], [{8, 3}, {4, 7}, {2, 6}, {5}, {1}], [{8, 3}, {4, 7}, {5, 6}, {1, 2}], [{8, 3}, {5, 7}, {1, 6}, {2, 4}], [{8, 3}, {5, 7}, {2, 6}, {1, 4}], [{8, 3}, {5, 7}, {4, 6}, {1, 2}], [{8, 3}, {6, 7}, {1, 5}, {2, 4}], [{8, 3}, {6, 7}, {2, 5}, {1, 4}], [{8, 3}, {6, 7}, {4, 5}, {1, 2}], [{8, 4}, {1, 7}, {2, 6}, {3, 5}], [{8, 4}, {1, 7}, {2, 6}, {5}, {3}], [{8, 4}, {1, 7}, {3, 6}, {2, 5}], [{8, 4}, {1, 7}, {5, 6}, {2, 3}], [{8, 4}, {2, 7}, {1, 6}, {3, 5}], [{8, 4}, {2, 7}, {3, 6}, {1, 5}], [{8, 4}, {2, 7}, {3, 6}, {5}, {1}], [{8, 4}, {2, 7}, {5, 6}, {1, 3}], [{8, 4}, {3, 7}, {1, 6}, {2, 5}], [{8, 4}, {3, 7}, {2, 6}, {1, 5}], [{8, 4}, {3, 7}, {2, 6}, {5}, {1}], [{8, 4}, {3, 7}, {5, 6}, {1, 2}], [{8, 4}, {5, 7}, {1, 6}, {2, 3}], [{8, 4}, {5, 7}, {2, 6}, {1, 3}], [{8, 4}, {5, 7}, {3, 6}, {1, 2}], [{8, 4}, {6, 7}, {1, 5}, {2, 3}], [{8, 4}, {6, 7}, {2, 5}, {1, 3}], [{8, 4}, {6, 7}, {3, 5}, {1, 2}], [{8, 4}, {7}, {1, 6}, {2, 5}, {3}], [{8, 4}, {7}, {1, 6}, {3, 5}, {2}], [{8, 4}, {7}, {1, 6}, {5}, {2, 3}], [{8, 4}, {7}, {2, 6}, {5}, {1, 3}], [{8, 5}, {1, 7}, {2, 6}, {3, 4}], [{8, 5}, {1, 7}, {2, 6}, {4}, {3}], [{8, 5}, {1, 7}, {3, 6}, {2, 4}], [{8, 5}, {1, 7}, {4, 6}, {2, 3}], [{8, 5}, {2, 7}, {1, 6}, {3, 4}], [{8, 5}, {2, 7}, {1, 6}, {4}, {3}], [{8, 5}, {2, 7}, {3, 6}, {1, 4}], [{8, 5}, {2, 7}, {4, 6}, {1, 3}], [{8, 5}, {2, 7}, {4, 6}, {3}, {1}], [{8, 5}, {2, 7}, {6}, {1, 4}, {3}], [{8, 5}, {3, 7}, {1, 6}, {2, 4}], [{8, 5}, {3, 7}, {2, 6}, {1, 4}], [{8, 5}, {3, 7}, {2, 6}, {4}, {1}], [{8, 5}, {3, 7}, {4, 6}, {1, 2}], [{8, 5}, {4, 7}, {1, 6}, {2, 3}], [{8, 5}, {4, 7}, {2, 6}, {1, 3}], [{8, 5}, {4, 7}, {3, 6}, {1, 2}], [{8, 5}, {6, 7}, {1, 4}, {2, 3}], [{8, 5}, {6, 7}, {2, 4}, {1, 3}], [{8, 5}, {6, 7}, {3, 4}, {1, 2}], [{8, 5}, {6, 7}, {3, 4}, {2}, {1}], [{8, 5}, {7}, {2, 6}, {4}, {1, 3}], [{8, 6}, {1, 7}, {2, 5}, {3, 4}], [{8, 6}, {1, 7}, {3, 5}, {2, 4}], [{8, 6}, {1, 7}, {4, 5}, {2, 3}], [{8, 6}, {1, 7}, {4, 5}, {3}, {2}], [{8, 6}, {2, 7}, {1, 5}, {3, 4}], [{8, 6}, {2, 7}, {3, 5}, {1, 4}], [{8, 6}, {2, 7}, {4, 5}, {1, 3}], [{8, 6}, {3, 7}, {1, 5}, {2, 4}], [{8, 6}, {3, 7}, {2, 5}, {1, 4}], [{8, 6}, {3, 7}, {4, 5}, {1, 2}], [{8, 6}, {3, 7}, {4, 5}, {2}, {1}], [{8, 6}, {4, 7}, {1, 5}, {2, 3}], [{8, 6}, {4, 7}, {2, 5}, {1, 3}], [{8, 6}, {4, 7}, {3, 5}, {1, 2}], [{8, 6}, {5, 7}, {1, 4}, {2, 3}], [{8, 6}, {5, 7}, {2, 4}, {1, 3}], [{8, 6}, {5, 7}, {3, 4}, {1, 2}], [{8, 6}, {5, 7}, {3, 4}, {2}, {1}], [{8, 6}, {7}, {2, 5}, {1, 4}, {3}], [{8, 6}, {7}, {3, 5}, {1, 4}, {2}], [{8, 6}, {7}, {4, 5}, {1, 3}, {2}], [{8, 6}, {7}, {5}, {1, 4}, {2, 3}], [{8, 7}, {1, 6}, {2, 5}, {3, 4}], [{8, 7}, {1, 6}, {3, 5}, {2, 4}], [{8, 7}, {1, 6}, {3, 5}, {4}, {2}], [{8, 7}, {1, 6}, {4, 5}, {2, 3}], [{8, 7}, {2, 6}, {1, 5}, {3, 4}], [{8, 7}, {2, 6}, {3, 5}, {1, 4}], [{8, 7}, {2, 6}, {4, 5}, {1, 3}], [{8, 7}, {3, 6}, {1, 5}, {2, 4}], [{8, 7}, {3, 6}, {2, 5}, {1, 4}], [{8, 7}, {3, 6}, {4, 5}, {1, 2}], [{8, 7}, {4, 6}, {1, 5}, {2, 3}], [{8, 7}, {4, 6}, {2, 5}, {1, 3}], [{8, 7}, {4, 6}, {3, 5}, {1, 2}], [{8, 7}, {4, 6}, {3, 5}, {2}, {1}], [{8, 7}, {5, 6}, {1, 4}, {2, 3}], [{8, 7}, {5, 6}, {2, 4}, {1, 3}], [{8, 7}, {5, 6}, {3, 4}, {1, 2}], [{8, 7}, {5, 6}, {3, 4}, {2}, {1}], [{8, 7}, {6}, {2, 5}, {4}, {1, 3}], [{8, 7}, {6}, {3, 5}, {1, 4}, {2}], [{8, 7}, {6}, {4, 5}, {1, 3}, {2}], [{8, 7}, {6}, {5}, {2, 4}, {1, 3}], [{8}, {1, 7}, {2, 6}, {4, 5}, {3}], [{8}, {1, 7}, {3, 6}, {4, 5}, {2}], [{8}, {1, 7}, {4, 6}, {3, 5}, {2}], [{8}, {1, 7}, {5, 6}, {3, 4}, {2}], [{8}, {1, 7}, {6}, {4, 5}, {2, 3}], [{8}, {1, 7}, {6}, {4, 5}, {3}, {2}], [{8}, {2, 7}, {1, 6}, {3, 5}, {4}], [{8}, {2, 7}, {4, 6}, {3, 5}, {1}], [{8}, {2, 7}, {5, 6}, {3, 4}, {1}], [{8}, {2, 7}, {6}, {3, 5}, {1, 4}], [{8}, {2, 7}, {6}, {4, 5}, {1, 3}], [{8}, {3, 7}, {1, 6}, {4, 5}, {2}], [{8}, {3, 7}, {2, 6}, {4, 5}, {1}], [{8}, {3, 7}, {4, 6}, {1, 5}, {2}], [{8}, {3, 7}, {5, 6}, {1, 4}, {2}], [{8}, {3, 7}, {6}, {4, 5}, {1, 2}], [{8}, {3, 7}, {6}, {4, 5}, {2}, {1}], [{8}, {4, 7}, {1, 6}, {3, 5}, {2}], [{8}, {4, 7}, {3, 6}, {1, 5}, {2}], [{8}, {4, 7}, {5, 6}, {1, 3}, {2}], [{8}, {5, 7}, {1, 6}, {3, 4}, {2}], [{8}, {5, 7}, {2, 6}, {3, 4}, {1}], [{8}, {5, 7}, {3, 6}, {1, 4}, {2}], [{8}, {5, 7}, {4, 6}, {1, 3}, {2}], [{8}, {5, 7}, {6}, {3, 4}, {1, 2}], [{8}, {5, 7}, {6}, {3, 4}, {2}, {1}], [{8}, {6, 7}, {1, 5}, {3, 4}, {2}], [{8}, {6, 7}, {2, 5}, {3, 4}, {1}], [{8}, {6, 7}, {3, 5}, {1, 4}, {2}], [{8}, {6, 7}, {4, 5}, {1, 3}, {2}], [{8}, {6, 7}, {5}, {3, 4}, {1, 2}], [{8}, {6, 7}, {5}, {3, 4}, {2}, {1}], [{8}, {7}, {1, 6}, {3, 5}, {2, 4}], [{8}, {7}, {1, 6}, {3, 5}, {4}, {2}], [{8}, {7}, {2, 6}, {3, 5}, {1, 4}], [{8}, {7}, {2, 6}, {4, 5}, {1, 3}], [{8}, {7}, {4, 6}, {3, 5}, {1, 2}], [{8}, {7}, {4, 6}, {3, 5}, {2}, {1}], [{8}, {7}, {5, 6}, {3, 4}, {1, 2}], [{8}, {7}, {5, 6}, {3, 4}, {2}, {1}], [{8}, {7}, {6}, {3, 5}, {1, 4}, {2}], [{8}, {7}, {6}, {4, 5}, {1, 3}, {2}]]",2,8 K_1^3 + 4 K_1^2 K_2 - 32 K_1^2 - 22 K_1 K_2 - 4 K_1 K_3 + 5 K_1 - 4 K_2^2 + 16 K_2 + 9 K_3 + 3 K_4 + 18,O1O2O3O4U5U4O6U3O7O8U1U7U6U8O5U2,O1O2O3O4U1U3O5U2O6O7U6U5U8U4O8U7,O1O2O3O4U5O6U1U6U7U8O5O8U3O7U2U4,c,{'O1O2O3O4U3O5U6U7U8U4O6O8U2O7U1U5'},1,"<a href=""/flatknot/8.733917"">8.733917</a>",t^9-99t^7-464t^6-301t^5+1246t^4+1617t^3-136t^2-472t,-t^3+3t,,
8.733918,O1O2O3O4U3O5U6U7U8U4O6O8U5O7U1U2,4,z^3+25z^2+107z+123,w^4z^3+25w^3z^2+107w^2z+123w,False,False,"[[ 0 -1  1 -1  3  2 -3 -1  0],[ 1  0  1 -1  3  2 -2  0  1],[-1 -1  0 -1  3  2 -4 -2 -1],[ 1  1  1  0  1  1  0  0  0],[-3 -3 -3 -1  0 -1 -3 -2 -2],[-2 -2 -2 -1  1  0 -3 -1 -1],[ 3  2  4  0  3  3  0  0  2],[ 1  0  2  0  2  1  0  0  1],[ 0 -1  1  0  2  1 -2 -1  0]]","[[ 0  3  2  1  0 -1 -1 -1 -3],[-3  0 -1 -3 -2 -1 -2 -3 -3],[-2  1  0 -2 -1 -1 -1 -2 -3],[-1  3  2  0 -1 -1 -2 -1 -4],[ 0  2  1  1  0  0 -1 -1 -2],[ 1  1  1  1  0  0  0  1  0],[ 1  2  1  2  1  0  0  0  0],[ 1  3  2  1  1 -1  0  0 -2],[ 3  3  3  4  2  0  0  2  0]]",True,"[-3,-2,-1,0,1,1,1,3,1,3,2,1,2,3,3,2,1,1,1,2,3,1,1,2,1,4,0,1,1,2,0,-1,0,0,0,2]","[-3,-2,-1,0,1,1,1,3,0,-1,1,1,2,3,3,-1,1,1,2,2,2,0,1,0,1,0,0,0,1,1,0,-1,0,0,2,2]",t^8+91t^6+231t^4+55t^2,"[-3,-1,-1,-1,0,1,2,3,0,2,2,1,0,2,3,0,1,0,1,1,1,0,0,0,2,2,1,1,2,3,0,1,1,-1,-1,0]","[-3,-2,-1,0,1,1,1,3,0,-1,1,1,2,3,3,-1,1,1,2,2,2,0,1,0,1,0,0,0,1,1,0,-1,0,0,2,2]","[-3,-1,-1,-1,0,1,2,3,0,0,2,2,4,3,3,0,0,1,2,1,2,1,0,1,1,1,1,1,2,3,1,1,2,2,3,1]",c,"[[{8, 4}, {1, 7}, {5, 6}, {2, 3}], [{8, 4}, {3, 7}, {5, 6}, {1, 2}], [{8, 4}, {6, 7}, {3, 5}, {1, 2}], [{8, 5}, {4, 7}, {1, 6}, {2, 3}], [{8, 5}, {4, 7}, {3, 6}, {1, 2}], [{8}, {4, 7}, {3, 6}, {5}, {1, 2}]]",1,28 K_1^3 + 8 K_1^2 K_2 - 30 K_1^2 - 32 K_1 K_2 - 8 K_1 K_3 - 5 K_1 + 15 K_2 + 9 K_3 + 2 K_4 + 14,O1O2O3O4U3U4O5U6O7O8U1U7U5U8O6U2,O1O2O3O4U1U3O5U2O6O7U6U7U8U4O8U5,O1O2O3O4U5O6U1U6U7U8O7O8U3O5U2U4,c,{'O1O2O3O4U3O5U6U7U8U4O6O8U5O7U1U2'},1,"<a href=""/flatknot/8.733918"">8.733918</a>",t^9-89t^7-412t^6-466t^5+238t^4+624t^3+248t^2+18t+14,-t^2+2t,,
8.733919,O1O2O3O4U3O5U6U1U2U4O7O6U7O8U5U8,4,5z^3+38z^2+108z+105,5w^4z^3+38w^3z^2+108w^2z+105w,False,False,"[[ 0 -2  0 -1  3  2 -2 -1  1],[ 2  0  1  0  3  2  0 -1  1],[ 0 -1  0  0  2  1 -1 -1  1],[ 1  0  0  0  1  1  0  0  0],[-3 -3 -2 -1  0  0 -3 -1  1],[-2 -2 -1 -1  0  0 -1 -1  1],[ 2  0  1  0  3  1  0 -1  1],[ 1  1  1  0  1  1  1  0  0],[-1 -1 -1  0 -1 -1 -1  0  0]]","[[ 0  3  2  1  0 -1 -1 -2 -2],[-3  0  0  1 -2 -1 -1 -3 -3],[-2  0  0  1 -1 -1 -1 -1 -2],[-1 -1 -1  0 -1  0  0 -1 -1],[ 0  2  1  1  0  0 -1 -1 -1],[ 1  1  1  0  0  0  0  0  0],[ 1  1  1  0  1  0  0  1  1],[ 2  3  1  1  1  0 -1  0  0],[ 2  3  2  1  1  0 -1  0  0]]",True,"[-3,-2,-1,0,1,1,2,2,0,-1,2,1,1,3,3,-1,1,1,1,1,2,1,0,0,1,1,0,1,1,1,0,0,0,-1,-1,0]","[-3,-2,-1,0,1,1,2,2,0,-1,2,1,1,3,3,-1,1,1,1,1,2,1,0,0,1,1,0,1,1,1,0,0,0,-1,-1,0]",t^8+42t^6+50t^4+5t^2,"[-2,-2,-1,-1,0,1,2,3,0,1,2,1,2,2,2,1,2,1,2,3,2,0,1,2,2,3,0,2,2,3,0,1,1,2,3,1]","[-3,-2,-1,0,1,1,2,2,1,3,1,3,3,2,2,2,1,2,2,2,3,0,2,2,2,2,0,1,1,1,0,2,2,1,1,0]","[-2,-2,-1,-1,0,1,2,3,0,-1,0,1,1,1,3,-1,0,1,1,2,3,0,1,0,1,1,0,0,1,1,1,1,2,-1,-1,0]",c,"[[{8, 7}, {2, 6}, {3, 5}, {1, 4}], [{8, 7}, {5, 6}, {1, 4}, {2, 3}], [{8, 7}, {5, 6}, {2, 4}, {1, 3}], [{8, 7}, {5, 6}, {3, 4}, {1, 2}], [{8, 7}, {5, 6}, {4}, {2, 3}, {1}]]",1,- 8 K_1^4 + 16 K_1^3 + 8 K_1^2 K_2 - 12 K_1^2 - 14 K_1 K_2 - 2 K_1 K_3 - 5 K_1 + 7 K_2 + 3 K_3 + 8,O1O2O3O4U5U6O5U7O8O7U1U3U4U8O6U2,O1O2O3O4U5U1O5U6O7O6U2U3U8U4O8U7,O1O2O3O4U5O6U1U6U2U3O7O5U7O8U4U8,c,{'O1O2O3O4U3O5U6U1U2U4O7O6U7O8U5U8'},1,"<a href=""/flatknot/8.733919"">8.733919</a>",t^9-38t^7-84t^6+13t^5+96t^4-10t^3-26t^2-4t,-t^3+t^2+t,,
8.733920,O1O2O3O4U3O5U6U1U4U2O7O6U7O8U5U8,3,12z^2+65z+83,12w^3z^2+65w^2z+83w,False,False,"[[ 0 -2  1 -1  2  2 -2 -1  1],[ 2  0  2  0  2  2  0 -1  1],[-1 -2  0 -1  1  1 -2 -1  1],[ 1  0  1  0  1  1  0  0  0],[-2 -2 -1 -1  0  0 -2 -1  1],[-2 -2 -1 -1  0  0 -1 -1  1],[ 2  0  2  0  2  1  0 -1  1],[ 1  1  1  0  1  1  1  0  0],[-1 -1 -1  0 -1 -1 -1  0  0]]","[[ 0  2  2  1 -1 -2 -2],[-2  0  0  1 -1 -1 -2],[-2  0  0  1 -1 -2 -2],[-1 -1 -1  0  0 -1 -1],[ 1  1  1  0  0  1  1],[ 2  1  2  1 -1  0  0],[ 2  2  2  1 -1  0  0]]",False,"[-2,-2,-1,1,2,2,0,-1,1,1,2,-1,1,2,2,0,1,1,-1,-1,0]","[-2,-2,-1,1,2,2,0,-1,1,1,2,-1,1,2,2,0,1,1,-1,-1,0]",t^6+21t^4+8t^2,"[-2,-2,-1,1,2,2,0,2,2,2,2,2,2,2,3,2,2,2,2,2,0]","[-2,-2,-1,1,2,2,0,2,2,2,2,2,2,2,3,2,2,2,2,2,0]","[-2,-2,-1,1,2,2,0,-1,1,1,2,-1,1,2,2,0,1,1,-1,-1,0]",-,"[[{8, 7}, {5, 6}, {1, 4}, {2, 3}]]",0,- 12 K_1^2 - 4 K_1 K_2 + 2 K_1 + 6 K_2 + 2 K_3 + 7,O1O2O3O4U5U6O5U7O8O7U3U1U4U8O6U2,O1O2O3O4U5U1O5U6O7O6U2U4U8U3O8U7,O1O2O3O4U5O6U2U6U1U3O7O5U7O8U4U8,c,"{'O1O2O3U2O4O5U6U1U3U4O7O6U7O8U5U8', 'O1O2O3O4U3O5U6U1U4U2O7O6U7O8U5U8'}",2,"<a href=""/flatknot/8.733920"">8.733920</a>",t^7-21t^5-28t^4+8t^3+8t^2,0,,
8.733921,O1O2O3O4U3O5U6U1U7U2O7O6U4O8U5U8,4,18z^2+103z+135,18w^3z^2+103w^2z+135w,False,False,"[[ 0 -2  1 -1  2  2 -2 -1  1],[ 2  0  1  0  2  2  1  1  1],[-1 -1  0  0  0  0  0 -1  1],[ 1  0  0  0  1  1  1  1  0],[-2 -2  0 -1  0  1 -2 -2  1],[-2 -2  0 -1 -1  0 -2 -2  1],[ 2 -1  0 -1  2  2  0  1  1],[ 1 -1  1 -1  2  2 -1  0  1],[-1 -1 -1  0 -1 -1 -1 -1  0]]","[[ 0  2  2  1  1 -1 -1 -2 -2],[-2  0  1  1  0 -1 -2 -2 -2],[-2 -1  0  1  0 -1 -2 -2 -2],[-1 -1 -1  0 -1  0 -1 -1 -1],[-1  0  0  1  0  0 -1  0 -1],[ 1  1  1  0  0  0  1  1  0],[ 1  2  2  1  1 -1  0 -1 -1],[ 2  2  2  1  0 -1  1  0 -1],[ 2  2  2  1  1  0  1  1  0]]",True,"[-2,-2,-1,-1,1,1,2,2,-1,-1,0,1,2,2,2,-1,0,1,2,2,2,1,0,1,1,1,0,1,0,1,-1,-1,0,1,1,1]","[-2,-2,-1,-1,1,1,2,2,-1,-1,0,1,2,2,2,-1,0,1,2,2,2,1,0,1,1,1,0,1,0,1,-1,-1,0,1,1,1]",t^8+40t^6+84t^4+24t^2+1,"[-2,-2,-1,-1,1,1,2,2,-1,0,1,2,2,2,2,0,2,2,3,2,2,1,1,1,1,1,2,2,2,2,1,2,2,1,1,-1]","[-2,-2,-1,-1,1,1,2,2,-1,1,2,1,2,2,2,1,2,1,2,2,2,1,1,2,2,3,1,2,2,2,-1,0,0,1,2,1]","[-2,-2,-1,-1,1,1,2,2,-1,-1,1,0,1,2,2,0,1,1,1,2,2,1,0,0,1,1,1,1,2,2,1,0,0,-1,-1,-1]",c,"[[{8, 7}, {5, 6}, {1, 4}, {2, 3}]]",1,8 K_1^3 - 36 K_1^2 - 16 K_1 K_2 + 2 K_1 + 18 K_2 + 6 K_3 + 19,O1O2O3O4U5U6O5U1O7O8U3U8U4U7O6U2,O1O2O3O4U3U1O5U6O7O6U2U4U8U5O8U7,O1O2O3O4U5O6U7U6U1U3O8O5U8O7U4U2,c,{'O1O2O3O4U3O5U6U1U7U2O7O6U4O8U5U8'},1,"<a href=""/flatknot/8.733921"">8.733921</a>",t^9-40t^7-136t^6-110t^5+116t^4+179t^3+18t^2-38t-6,0,,
8.733922,O1O2O3O4U3O5U6U1U7U8O7O6U4O8U2U5,4,17z^2+102z+137,17w^3z^2+102w^2z+137w,False,False,"[[ 0 -2  0 -1  2  3 -2 -1  1],[ 2  0  1  0  1  2  2  2  2],[ 0 -1  0 -1  2  2 -1 -1  1],[ 1  0  1  0  1  1  1  1  0],[-2 -1 -2 -1  0  0 -2 -2  0],[-3 -2 -2 -1  0  0 -4 -4 -1],[ 2 -2  1 -1  2  4  0  1  1],[ 1 -2  1 -1  2  4 -1  0  1],[-1 -2 -1  0  0  1 -1 -1  0]]","[[ 0  3  2  1  0 -1 -1 -2 -2],[-3  0  0 -1 -2 -1 -4 -2 -4],[-2  0  0  0 -2 -1 -2 -1 -2],[-1  1  0  0 -1  0 -1 -2 -1],[ 0  2  2  1  0 -1 -1 -1 -1],[ 1  1  1  0  1  0  1  0  1],[ 1  4  2  1  1 -1  0 -2 -1],[ 2  2  1  2  1  0  2  0  2],[ 2  4  2  1  1 -1  1 -2  0]]",True,"[-3,-2,-1,0,1,1,2,2,0,1,2,1,4,2,4,0,2,1,2,1,2,1,0,1,2,1,1,1,1,1,-1,0,-1,2,1,-2]","[-3,-2,-1,0,1,1,2,2,0,1,2,1,4,2,4,0,2,1,2,1,2,1,0,1,2,1,1,1,1,1,-1,0,-1,2,1,-2]",t^8+78t^6+248t^4+104t^2+1,"[-2,-2,-1,-1,0,1,2,3,-2,-1,1,1,1,3,3,0,2,1,2,2,1,1,0,1,1,0,0,2,2,3,0,0,1,1,1,1]","[-3,-2,-1,0,1,1,2,2,1,1,1,0,3,1,3,1,0,1,2,2,3,0,1,2,2,1,0,0,1,1,-1,0,-1,2,1,-2]","[-2,-2,-1,-1,0,1,2,3,-2,-1,1,1,1,2,4,0,2,1,2,1,2,1,1,0,1,1,1,1,2,4,1,2,2,0,1,0]",c,"[[{8, 1}, {2, 7}, {3, 6}, {4, 5}], [{8, 1}, {2, 7}, {4, 6}, {3, 5}], [{8, 1}, {2, 7}, {5, 6}, {3, 4}], [{8, 1}, {3, 7}, {2, 6}, {4, 5}], [{8, 1}, {3, 7}, {4, 6}, {2, 5}], [{8, 1}, {3, 7}, {5, 6}, {2, 4}], [{8, 1}, {3, 7}, {6}, {2, 5}, {4}], [{8, 1}, {4, 7}, {2, 6}, {3, 5}], [{8, 1}, {4, 7}, {3, 6}, {2, 5}], [{8, 1}, {4, 7}, {5, 6}, {2, 3}], [{8, 1}, {5, 7}, {2, 6}, {3, 4}], [{8, 1}, {5, 7}, {3, 6}, {2, 4}], [{8, 1}, {5, 7}, {4, 6}, {2, 3}], [{8, 1}, {6, 7}, {2, 5}, {3, 4}], [{8, 1}, {6, 7}, {3, 5}, {2, 4}], [{8, 1}, {6, 7}, {4, 5}, {2, 3}], [{8, 1}, {7}, {2, 6}, {5}, {3, 4}], [{8, 1}, {7}, {3, 6}, {5}, {2, 4}], [{8, 1}, {7}, {5, 6}, {4}, {2, 3}], [{8, 2}, {1, 7}, {3, 6}, {4, 5}], [{8, 2}, {1, 7}, {4, 6}, {3, 5}], [{8, 2}, {1, 7}, {4, 6}, {5}, {3}], [{8, 2}, {1, 7}, {5, 6}, {3, 4}], [{8, 2}, {1, 7}, {6}, {3, 5}, {4}], [{8, 2}, {3, 7}, {1, 6}, {4, 5}], [{8, 2}, {3, 7}, {4, 6}, {1, 5}], [{8, 2}, {3, 7}, {5, 6}, {1, 4}], [{8, 2}, {4, 7}, {1, 6}, {3, 5}], [{8, 2}, {4, 7}, {3, 6}, {1, 5}], [{8, 2}, {4, 7}, {5, 6}, {1, 3}], [{8, 2}, {4, 7}, {6}, {3, 5}, {1}], [{8, 2}, {5, 7}, {1, 6}, {3, 4}], [{8, 2}, {5, 7}, {3, 6}, {1, 4}], [{8, 2}, {5, 7}, {4, 6}, {1, 3}], [{8, 2}, {5, 7}, {4, 6}, {3}, {1}], [{8, 2}, {6, 7}, {1, 5}, {3, 4}], [{8, 2}, {6, 7}, {3, 5}, {1, 4}], [{8, 2}, {6, 7}, {4, 5}, {1, 3}], [{8, 2}, {6, 7}, {5}, {4}, {1, 3}], [{8, 2}, {7}, {1, 6}, {4, 5}, {3}], [{8, 2}, {7}, {4, 6}, {1, 5}, {3}], [{8, 2}, {7}, {5, 6}, {3, 4}, {1}], [{8, 2}, {7}, {6}, {3, 5}, {1, 4}], [{8, 3}, {1, 7}, {2, 6}, {4, 5}], [{8, 3}, {1, 7}, {4, 6}, {2, 5}], [{8, 3}, {1, 7}, {4, 6}, {5}, {2}], [{8, 3}, {1, 7}, {5, 6}, {2, 4}], [{8, 3}, {1, 7}, {6}, {2, 5}, {4}], [{8, 3}, {2, 7}, {1, 6}, {4, 5}], [{8, 3}, {2, 7}, {4, 6}, {1, 5}], [{8, 3}, {2, 7}, {5, 6}, {1, 4}], [{8, 3}, {4, 7}, {1, 6}, {2, 5}], [{8, 3}, {4, 7}, {1, 6}, {5}, {2}], [{8, 3}, {4, 7}, {2, 6}, {1, 5}], [{8, 3}, {4, 7}, {5, 6}, {1, 2}], [{8, 3}, {5, 7}, {1, 6}, {2, 4}], [{8, 3}, {5, 7}, {2, 6}, {1, 4}], [{8, 3}, {5, 7}, {4, 6}, {1, 2}], [{8, 3}, {5, 7}, {4, 6}, {2}, {1}], [{8, 3}, {6, 7}, {1, 5}, {2, 4}], [{8, 3}, {6, 7}, {2, 5}, {1, 4}], [{8, 3}, {6, 7}, {4, 5}, {1, 2}], [{8, 3}, {6, 7}, {5}, {4}, {1, 2}], [{8, 3}, {7}, {2, 6}, {5}, {1, 4}], [{8, 3}, {7}, {4, 6}, {1, 5}, {2}], [{8, 4}, {1, 7}, {2, 6}, {3, 5}], [{8, 4}, {1, 7}, {3, 6}, {2, 5}], [{8, 4}, {1, 7}, {5, 6}, {2, 3}], [{8, 4}, {2, 7}, {1, 6}, {3, 5}], [{8, 4}, {2, 7}, {3, 6}, {1, 5}], [{8, 4}, {2, 7}, {5, 6}, {1, 3}], [{8, 4}, {2, 7}, {6}, {3, 5}, {1}], [{8, 4}, {3, 7}, {1, 6}, {2, 5}], [{8, 4}, {3, 7}, {2, 6}, {1, 5}], [{8, 4}, {3, 7}, {5, 6}, {1, 2}], [{8, 4}, {5, 7}, {1, 6}, {2, 3}], [{8, 4}, {5, 7}, {2, 6}, {1, 3}], [{8, 4}, {5, 7}, {2, 6}, {3}, {1}], [{8, 4}, {5, 7}, {3, 6}, {1, 2}], [{8, 4}, {6, 7}, {1, 5}, {2, 3}], [{8, 4}, {6, 7}, {1, 5}, {3}, {2}], [{8, 4}, {6, 7}, {2, 5}, {1, 3}], [{8, 4}, {6, 7}, {3, 5}, {1, 2}], [{8, 4}, {7}, {5, 6}, {3}, {1, 2}], [{8, 5}, {1, 7}, {2, 6}, {3, 4}], [{8, 5}, {1, 7}, {3, 6}, {2, 4}], [{8, 5}, {1, 7}, {4, 6}, {2, 3}], [{8, 5}, {2, 7}, {1, 6}, {3, 4}], [{8, 5}, {2, 7}, {1, 6}, {4}, {3}], [{8, 5}, {2, 7}, {3, 6}, {1, 4}], [{8, 5}, {2, 7}, {4, 6}, {1, 3}], [{8, 5}, {2, 7}, {6}, {3, 4}, {1}], [{8, 5}, {3, 7}, {1, 6}, {2, 4}], [{8, 5}, {3, 7}, {2, 6}, {1, 4}], [{8, 5}, {3, 7}, {4, 6}, {1, 2}], [{8, 5}, {4, 7}, {1, 6}, {2, 3}], [{8, 5}, {4, 7}, {2, 6}, {1, 3}], [{8, 5}, {4, 7}, {3, 6}, {1, 2}], [{8, 5}, {6, 7}, {1, 4}, {2, 3}], [{8, 5}, {6, 7}, {2, 4}, {1, 3}], [{8, 5}, {6, 7}, {3, 4}, {1, 2}], [{8, 5}, {6, 7}, {3, 4}, {2}, {1}], [{8, 5}, {7}, {2, 6}, {3, 4}, {1}], [{8, 5}, {7}, {3, 6}, {2, 4}, {1}], [{8, 6}, {1, 7}, {2, 5}, {3, 4}], [{8, 6}, {1, 7}, {3, 5}, {2, 4}], [{8, 6}, {1, 7}, {4, 5}, {2, 3}], [{8, 6}, {1, 7}, {4, 5}, {3}, {2}], [{8, 6}, {2, 7}, {1, 5}, {3, 4}], [{8, 6}, {2, 7}, {3, 5}, {1, 4}], [{8, 6}, {2, 7}, {4, 5}, {1, 3}], [{8, 6}, {2, 7}, {5}, {4}, {1, 3}], [{8, 6}, {3, 7}, {1, 5}, {2, 4}], [{8, 6}, {3, 7}, {2, 5}, {1, 4}], [{8, 6}, {3, 7}, {4, 5}, {1, 2}], [{8, 6}, {3, 7}, {5}, {2, 4}, {1}], [{8, 6}, {4, 7}, {1, 5}, {2, 3}], [{8, 6}, {4, 7}, {1, 5}, {3}, {2}], [{8, 6}, {4, 7}, {2, 5}, {1, 3}], [{8, 6}, {4, 7}, {3, 5}, {1, 2}], [{8, 6}, {5, 7}, {1, 4}, {2, 3}], [{8, 6}, {5, 7}, {2, 4}, {1, 3}], [{8, 6}, {5, 7}, {2, 4}, {3}, {1}], [{8, 6}, {5, 7}, {3, 4}, {1, 2}], [{8, 6}, {7}, {2, 5}, {1, 4}, {3}], [{8, 6}, {7}, {3, 5}, {2, 4}, {1}], [{8, 6}, {7}, {4, 5}, {2, 3}, {1}], [{8, 7}, {1, 6}, {2, 5}, {3, 4}], [{8, 7}, {1, 6}, {3, 5}, {2, 4}], [{8, 7}, {1, 6}, {4, 5}, {2, 3}], [{8, 7}, {2, 6}, {1, 5}, {3, 4}], [{8, 7}, {2, 6}, {1, 5}, {4}, {3}], [{8, 7}, {2, 6}, {3, 5}, {1, 4}], [{8, 7}, {2, 6}, {4, 5}, {1, 3}], [{8, 7}, {3, 6}, {1, 5}, {2, 4}], [{8, 7}, {3, 6}, {1, 5}, {4}, {2}], [{8, 7}, {3, 6}, {2, 5}, {1, 4}], [{8, 7}, {3, 6}, {4, 5}, {1, 2}], [{8, 7}, {4, 6}, {1, 5}, {2, 3}], [{8, 7}, {4, 6}, {1, 5}, {3}, {2}], [{8, 7}, {4, 6}, {2, 5}, {1, 3}], [{8, 7}, {4, 6}, {3, 5}, {1, 2}], [{8, 7}, {4, 6}, {3, 5}, {2}, {1}], [{8, 7}, {4, 6}, {5}, {1, 3}, {2}], [{8, 7}, {5, 6}, {1, 4}, {2, 3}], [{8, 7}, {5, 6}, {2, 4}, {1, 3}], [{8, 7}, {5, 6}, {3, 4}, {1, 2}], [{8, 7}, {6}, {1, 5}, {2, 4}, {3}], [{8, 7}, {6}, {1, 5}, {3, 4}, {2}], [{8, 7}, {6}, {1, 5}, {4}, {2, 3}], [{8, 7}, {6}, {1, 5}, {4}, {3}, {2}], [{8, 7}, {6}, {2, 5}, {3, 4}, {1}], [{8, 7}, {6}, {5}, {3, 4}, {1, 2}], [{8}, {1, 7}, {4, 6}, {5}, {2, 3}], [{8}, {1, 7}, {5, 6}, {3, 4}, {2}], [{8}, {2, 7}, {4, 6}, {1, 5}, {3}], [{8}, {2, 7}, {5, 6}, {1, 4}, {3}], [{8}, {3, 7}, {4, 6}, {1, 5}, {2}], [{8}, {4, 7}, {2, 6}, {5}, {1, 3}], [{8}, {4, 7}, {5, 6}, {1, 3}, {2}], [{8}, {4, 7}, {6}, {2, 5}, {1, 3}], [{8}, {5, 7}, {3, 6}, {4}, {1, 2}], [{8}, {5, 7}, {4, 6}, {2, 3}, {1}], [{8}, {7}, {2, 6}, {1, 5}, {3, 4}], [{8}, {7}, {3, 6}, {1, 5}, {2, 4}], [{8}, {7}, {4, 6}, {1, 5}, {2, 3}], [{8}, {7}, {4, 6}, {1, 5}, {3}, {2}]]",2,20 K_1^3 + 4 K_1^2 K_2 - 30 K_1^2 - 22 K_1 K_2 - 4 K_1 K_3 - 4 K_1 + 15 K_2 + 6 K_3 + K_4 + 15,O1O2O3O4U5U3O6U1O7O8U6U8U4U7O5U2,O1O2O3O4U3U1O5U4O6O7U2U6U8U5O8U7,O1O2O3O4U5O6U7U6U8U3O5O8U1O7U4U2,c,{'O1O2O3O4U3O5U6U1U7U8O7O6U4O8U2U5'},1,"<a href=""/flatknot/8.733922"">8.733922</a>",t^9-74t^7-318t^6-259t^5+594t^4+791t^3-12t^2-193t-8,-t^3+t^2+t,,
8.733923,O1O2O3O4U3O5U6U1U7U8O7O6U4O8U5U2,4,20z^2+105z+131,20w^3z^2+105w^2z+131w,False,False,"[[ 0 -2  1 -1  2  2 -2 -1  1],[ 2  0  2  0  1  1  2  2  2],[-1 -2  0 -1  1  1 -2 -2  0],[ 1  0  1  0  1  1  1  1  0],[-2 -1 -1 -1  0  0 -2 -2  0],[-2 -1 -1 -1  0  0 -3 -3  0],[ 2 -2  2 -1  2  3  0  1  1],[ 1 -2  2 -1  2  3 -1  0  1],[-1 -2  0  0  0  0 -1 -1  0]]","[[ 0  2  2  1  1 -1 -1 -2 -2],[-2  0  0  0 -1 -1 -2 -1 -2],[-2  0  0  0 -1 -1 -3 -1 -3],[-1  0  0  0  0  0 -1 -2 -1],[-1  1  1  0  0 -1 -2 -2 -2],[ 1  1  1  0  1  0  1  0  1],[ 1  2  3  1  2 -1  0 -2 -1],[ 2  1  1  2  2  0  2  0  2],[ 2  2  3  1  2 -1  1 -2  0]]",True,"[-2,-2,-1,-1,1,1,2,2,0,0,1,1,2,1,2,0,1,1,3,1,3,0,0,1,2,1,1,2,2,2,-1,0,-1,2,1,-2]","[-2,-2,-1,-1,1,1,2,2,-2,-1,1,1,1,3,3,0,2,1,2,1,2,1,0,1,0,1,1,2,2,2,0,0,0,1,1,0]",t^8+62t^6+151t^4+44t^2,"[-2,-2,-1,-1,1,1,2,2,-2,-1,1,1,1,3,3,0,2,1,2,1,2,1,0,1,0,1,1,2,2,2,0,0,0,1,1,0]","[-2,-2,-1,-1,1,1,2,2,0,0,1,0,2,1,3,0,1,1,2,2,3,0,0,1,1,1,1,2,2,1,-1,0,-1,2,1,-2]","[-2,-2,-1,-1,1,1,2,2,-2,-1,1,1,2,2,3,0,2,2,2,1,1,1,0,1,1,1,1,2,2,3,0,0,0,1,1,0]",c,"[[{8, 3}, {2, 7}, {4, 6}, {1, 5}]]",1,4 K_1^3 - 28 K_1^2 - 16 K_1 K_2 + 5 K_1 + 14 K_2 + 7 K_3 + 15,O1O2O3O4U3U5O6U1O7O8U6U8U4U7O5U2,O1O2O3O4U3U1O5U4O6O7U2U7U8U5O8U6,O1O2O3O4U5O6U7U6U8U3O8O5U1O7U4U2,c,{'O1O2O3O4U3O5U6U1U7U8O7O6U4O8U5U2'},1,"<a href=""/flatknot/8.733923"">8.733923</a>",t^9-62t^7-240t^6-181t^5+290t^4+508t^3+244t^2+27t-2,0,,
8.733924,O1O2O3O4U3O5U6U1U7U2O8O6U4O7U8U5,4,z^3+21z^2+103z+131,w^4z^3+21w^3z^2+103w^2z+131w,False,False,"[[ 0 -2  1 -1  2  3 -2  0 -1],[ 2  0  1  0  2  2  1  1  0],[-1 -1  0  0  1  0 -1 -1 -1],[ 1  0  0  0  1  1  1  0  1],[-2 -2 -1 -1  0  1 -2 -1 -1],[-3 -2  0 -1 -1  0 -3 -1 -2],[ 2 -1  1 -1  2  3  0  1  0],[ 0 -1  1  0  1  1 -1  0 -1],[ 1  0  1 -1  1  2  0  1  0]]","[[ 0  3  2  1  0 -1 -1 -2 -2],[-3  0 -1  0 -1 -1 -2 -2 -3],[-2  1  0 -1 -1 -1 -1 -2 -2],[-1  0  1  0 -1  0 -1 -1 -1],[ 0  1  1  1  0  0 -1 -1 -1],[ 1  1  1  0  0  0  1  0  1],[ 1  2  1  1  1 -1  0  0  0],[ 2  2  2  1  1  0  0  0  1],[ 2  3  2  1  1 -1  0 -1  0]]",True,"[-3,-2,-1,0,1,1,2,2,1,0,1,1,2,2,3,1,1,1,1,2,2,1,0,1,1,1,0,1,1,1,-1,0,-1,0,0,-1]","[-3,-2,-1,0,1,1,2,2,0,2,2,2,3,2,3,0,1,2,2,2,2,0,1,2,2,2,0,1,1,1,-1,1,1,2,1,-1]",t^8+42t^6+137t^4+35t^2+1,"[-2,-2,-1,-1,0,1,2,3,-1,1,1,1,2,2,3,1,2,1,2,2,2,1,0,1,2,2,1,2,2,3,0,1,2,0,2,0]","[-3,-2,-1,0,1,1,2,2,0,2,2,2,3,2,3,0,1,2,2,2,2,0,1,2,2,2,0,1,1,1,-1,1,1,2,1,-1]","[-2,-2,-1,-1,0,1,2,3,-1,-1,0,1,1,2,3,0,0,1,1,2,2,1,0,0,1,1,1,1,1,2,1,1,1,1,0,1]",c,"[[{8, 4}, {2, 7}, {1, 6}, {3, 5}]]",1,16 K_1^3 - 30 K_1^2 - 26 K_1 K_2 - 4 K_1 K_3 + K_1 + 17 K_2 + 9 K_3 + 2 K_4 + 16,O1O2O3O4U5U6O7U1O8O6U3U7U4U8O5U2,O1O2O3O4U5U1O6U3O5O7U2U4U8U6O8U7,O1O2O3O4U5O6U7U6U1U3O5O8U2O7U4U8,c,{'O1O2O3O4U3O5U6U1U7U2O8O6U4O7U8U5'},1,"<a href=""/flatknot/8.733924"">8.733924</a>",t^9-38t^7-108t^6-50t^5+134t^4+160t^3-4t^2-69t-18,-t^3+t^2+t,,
8.733925,O1O2O3O4U3O5U6U1U7U2O8O6U8O7U5U4,4,18z^2+103z+135,18w^3z^2+103w^2z+135w,False,False,"[[ 0 -2  1 -1  3  2 -2  0 -1],[ 2  0  1  0  3  1  1  2 -1],[-1 -1  0  0  1 -1 -1  0 -1],[ 1  0  0  0  1  0  1  1  0],[-3 -3 -1 -1  0  0 -3 -2 -1],[-2 -1  1  0  0  0 -2 -1 -1],[ 2 -1  1 -1  3  2  0  2 -1],[ 0 -2  0 -1  2  1 -2  0 -1],[ 1  1  1  0  1  1  1  1  0]]","[[ 0  3  2  1  0 -1 -1 -2 -2],[-3  0  0 -1 -2 -1 -1 -3 -3],[-2  0  0  1 -1  0 -1 -1 -2],[-1  1 -1  0  0  0 -1 -1 -1],[ 0  2  1  0  0 -1 -1 -2 -2],[ 1  1  0  0  1  0  0  0  1],[ 1  1  1  1  1  0  0  1  1],[ 2  3  1  1  2  0 -1  0  1],[ 2  3  2  1  2 -1 -1 -1  0]]",True,"[-3,-2,-1,0,1,1,2,2,0,1,2,1,1,3,3,-1,1,0,1,1,2,0,0,1,1,1,1,1,2,2,0,0,-1,-1,-1,-1]","[-3,-2,-1,0,1,1,2,2,0,1,2,1,1,3,3,-1,1,0,1,1,2,0,0,1,1,1,1,1,2,2,0,0,-1,-1,-1,-1]",t^8+50t^6+164t^4+36t^2+1,"[-2,-2,-1,-1,0,1,2,3,-1,1,2,0,2,3,2,2,2,0,2,2,2,0,0,2,3,3,0,1,2,3,1,1,1,2,1,1]","[-3,-2,-1,0,1,1,2,2,1,1,1,3,3,2,2,2,1,2,3,2,3,1,1,2,2,2,0,0,0,0,0,2,2,2,1,-1]","[-2,-2,-1,-1,0,1,2,3,-1,-1,-1,2,1,2,3,-1,0,2,1,1,3,0,1,1,1,1,1,0,0,1,0,1,2,-1,1,0]",c,"[[{8, 1}, {2, 7}, {3, 6}, {4, 5}], [{8, 1}, {2, 7}, {4, 6}, {3, 5}], [{8, 1}, {2, 7}, {5, 6}, {3, 4}], [{8, 1}, {3, 7}, {2, 6}, {4, 5}], [{8, 1}, {3, 7}, {2, 6}, {5}, {4}], [{8, 1}, {3, 7}, {4, 6}, {2, 5}], [{8, 1}, {3, 7}, {5, 6}, {2, 4}], [{8, 1}, {4, 7}, {2, 6}, {3, 5}], [{8, 1}, {4, 7}, {2, 6}, {5}, {3}], [{8, 1}, {4, 7}, {3, 6}, {2, 5}], [{8, 1}, {4, 7}, {5, 6}, {2, 3}], [{8, 1}, {5, 7}, {2, 6}, {3, 4}], [{8, 1}, {5, 7}, {3, 6}, {2, 4}], [{8, 1}, {5, 7}, {4, 6}, {2, 3}], [{8, 1}, {6, 7}, {2, 5}, {3, 4}], [{8, 1}, {6, 7}, {3, 5}, {2, 4}], [{8, 1}, {6, 7}, {4, 5}, {2, 3}], [{8, 1}, {7}, {2, 6}, {5}, {3, 4}], [{8, 1}, {7}, {3, 6}, {4, 5}, {2}], [{8, 2}, {1, 7}, {3, 6}, {4, 5}], [{8, 2}, {1, 7}, {4, 6}, {3, 5}], [{8, 2}, {1, 7}, {5, 6}, {3, 4}], [{8, 2}, {1, 7}, {6}, {3, 5}, {4}], [{8, 2}, {3, 7}, {1, 6}, {4, 5}], [{8, 2}, {3, 7}, {4, 6}, {1, 5}], [{8, 2}, {3, 7}, {5, 6}, {1, 4}], [{8, 2}, {4, 7}, {1, 6}, {3, 5}], [{8, 2}, {4, 7}, {3, 6}, {1, 5}], [{8, 2}, {4, 7}, {5, 6}, {1, 3}], [{8, 2}, {4, 7}, {5, 6}, {3}, {1}], [{8, 2}, {4, 7}, {6}, {5}, {1, 3}], [{8, 2}, {5, 7}, {1, 6}, {3, 4}], [{8, 2}, {5, 7}, {3, 6}, {1, 4}], [{8, 2}, {5, 7}, {4, 6}, {1, 3}], [{8, 2}, {6, 7}, {1, 5}, {3, 4}], [{8, 2}, {6, 7}, {3, 5}, {1, 4}], [{8, 2}, {6, 7}, {4, 5}, {1, 3}], [{8, 2}, {6, 7}, {5}, {3, 4}, {1}], [{8, 2}, {7}, {1, 6}, {4, 5}, {3}], [{8, 2}, {7}, {3, 6}, {1, 5}, {4}], [{8, 2}, {7}, {4, 6}, {1, 5}, {3}], [{8, 2}, {7}, {6}, {1, 5}, {3, 4}], [{8, 3}, {1, 7}, {2, 6}, {4, 5}], [{8, 3}, {1, 7}, {2, 6}, {5}, {4}], [{8, 3}, {1, 7}, {4, 6}, {2, 5}], [{8, 3}, {1, 7}, {5, 6}, {2, 4}], [{8, 3}, {2, 7}, {1, 6}, {4, 5}], [{8, 3}, {2, 7}, {4, 6}, {1, 5}], [{8, 3}, {2, 7}, {5, 6}, {1, 4}], [{8, 3}, {2, 7}, {6}, {4, 5}, {1}], [{8, 3}, {4, 7}, {1, 6}, {2, 5}], [{8, 3}, {4, 7}, {2, 6}, {1, 5}], [{8, 3}, {4, 7}, {2, 6}, {5}, {1}], [{8, 3}, {4, 7}, {5, 6}, {1, 2}], [{8, 3}, {5, 7}, {1, 6}, {2, 4}], [{8, 3}, {5, 7}, {2, 6}, {1, 4}], [{8, 3}, {5, 7}, {4, 6}, {1, 2}], [{8, 3}, {6, 7}, {1, 5}, {2, 4}], [{8, 3}, {6, 7}, {2, 5}, {1, 4}], [{8, 3}, {6, 7}, {4, 5}, {1, 2}], [{8, 3}, {7}, {1, 6}, {5}, {2, 4}], [{8, 3}, {7}, {2, 6}, {5}, {1, 4}], [{8, 4}, {1, 7}, {2, 6}, {3, 5}], [{8, 4}, {1, 7}, {2, 6}, {5}, {3}], [{8, 4}, {1, 7}, {3, 6}, {2, 5}], [{8, 4}, {1, 7}, {5, 6}, {2, 3}], [{8, 4}, {1, 7}, {6}, {3, 5}, {2}], [{8, 4}, {2, 7}, {1, 6}, {3, 5}], [{8, 4}, {2, 7}, {3, 6}, {1, 5}], [{8, 4}, {2, 7}, {5, 6}, {1, 3}], [{8, 4}, {3, 7}, {1, 6}, {2, 5}], [{8, 4}, {3, 7}, {2, 6}, {1, 5}], [{8, 4}, {3, 7}, {2, 6}, {5}, {1}], [{8, 4}, {3, 7}, {5, 6}, {1, 2}], [{8, 4}, {3, 7}, {6}, {1, 5}, {2}], [{8, 4}, {5, 7}, {1, 6}, {2, 3}], [{8, 4}, {5, 7}, {2, 6}, {1, 3}], [{8, 4}, {5, 7}, {3, 6}, {1, 2}], [{8, 4}, {6, 7}, {1, 5}, {2, 3}], [{8, 4}, {6, 7}, {2, 5}, {1, 3}], [{8, 4}, {6, 7}, {3, 5}, {1, 2}], [{8, 4}, {7}, {2, 6}, {5}, {1, 3}], [{8, 5}, {1, 7}, {2, 6}, {3, 4}], [{8, 5}, {1, 7}, {3, 6}, {2, 4}], [{8, 5}, {1, 7}, {4, 6}, {2, 3}], [{8, 5}, {2, 7}, {1, 6}, {3, 4}], [{8, 5}, {2, 7}, {3, 6}, {1, 4}], [{8, 5}, {2, 7}, {4, 6}, {1, 3}], [{8, 5}, {3, 7}, {1, 6}, {2, 4}], [{8, 5}, {3, 7}, {2, 6}, {1, 4}], [{8, 5}, {3, 7}, {2, 6}, {4}, {1}], [{8, 5}, {3, 7}, {4, 6}, {1, 2}], [{8, 5}, {3, 7}, {6}, {1, 4}, {2}], [{8, 5}, {4, 7}, {1, 6}, {2, 3}], [{8, 5}, {4, 7}, {2, 6}, {1, 3}], [{8, 5}, {4, 7}, {3, 6}, {1, 2}], [{8, 5}, {6, 7}, {1, 4}, {2, 3}], [{8, 5}, {6, 7}, {2, 4}, {1, 3}], [{8, 5}, {6, 7}, {3, 4}, {1, 2}], [{8, 5}, {7}, {1, 6}, {2, 4}, {3}], [{8, 5}, {7}, {2, 6}, {1, 4}, {3}], [{8, 6}, {1, 7}, {2, 5}, {3, 4}], [{8, 6}, {1, 7}, {3, 5}, {2, 4}], [{8, 6}, {1, 7}, {4, 5}, {2, 3}], [{8, 6}, {2, 7}, {1, 5}, {3, 4}], [{8, 6}, {2, 7}, {3, 5}, {1, 4}], [{8, 6}, {2, 7}, {4, 5}, {1, 3}], [{8, 6}, {3, 7}, {1, 5}, {2, 4}], [{8, 6}, {3, 7}, {2, 5}, {1, 4}], [{8, 6}, {3, 7}, {4, 5}, {1, 2}], [{8, 6}, {4, 7}, {1, 5}, {2, 3}], [{8, 6}, {4, 7}, {2, 5}, {1, 3}], [{8, 6}, {4, 7}, {3, 5}, {1, 2}], [{8, 6}, {4, 7}, {5}, {1, 3}, {2}], [{8, 6}, {5, 7}, {1, 4}, {2, 3}], [{8, 6}, {5, 7}, {2, 4}, {1, 3}], [{8, 6}, {5, 7}, {3, 4}, {1, 2}], [{8, 7}, {1, 6}, {2, 5}, {3, 4}], [{8, 7}, {1, 6}, {3, 5}, {2, 4}], [{8, 7}, {1, 6}, {3, 5}, {4}, {2}], [{8, 7}, {1, 6}, {4, 5}, {2, 3}], [{8, 7}, {1, 6}, {4, 5}, {3}, {2}], [{8, 7}, {1, 6}, {5}, {3, 4}, {2}], [{8, 7}, {2, 6}, {1, 5}, {3, 4}], [{8, 7}, {2, 6}, {3, 5}, {1, 4}], [{8, 7}, {2, 6}, {4, 5}, {1, 3}], [{8, 7}, {2, 6}, {5}, {1, 4}, {3}], [{8, 7}, {2, 6}, {5}, {3, 4}, {1}], [{8, 7}, {2, 6}, {5}, {4}, {1, 3}], [{8, 7}, {3, 6}, {1, 5}, {2, 4}], [{8, 7}, {3, 6}, {2, 5}, {1, 4}], [{8, 7}, {3, 6}, {4, 5}, {1, 2}], [{8, 7}, {3, 6}, {4, 5}, {2}, {1}], [{8, 7}, {4, 6}, {1, 5}, {2, 3}], [{8, 7}, {4, 6}, {1, 5}, {3}, {2}], [{8, 7}, {4, 6}, {2, 5}, {1, 3}], [{8, 7}, {4, 6}, {3, 5}, {1, 2}], [{8, 7}, {5, 6}, {1, 4}, {2, 3}], [{8, 7}, {5, 6}, {1, 4}, {3}, {2}], [{8, 7}, {5, 6}, {2, 4}, {1, 3}], [{8, 7}, {5, 6}, {3, 4}, {1, 2}], [{8, 7}, {5, 6}, {4}, {2, 3}, {1}], [{8, 7}, {6}, {2, 5}, {1, 4}, {3}], [{8, 7}, {6}, {4, 5}, {1, 3}, {2}], [{8, 7}, {6}, {5}, {3, 4}, {1, 2}], [{8}, {1, 7}, {2, 6}, {5}, {3, 4}], [{8}, {1, 7}, {3, 6}, {2, 5}, {4}], [{8}, {1, 7}, {3, 6}, {4, 5}, {2}], [{8}, {1, 7}, {3, 6}, {5}, {2, 4}], [{8}, {1, 7}, {5, 6}, {2, 4}, {3}], [{8}, {1, 7}, {6}, {3, 5}, {2, 4}], [{8}, {2, 7}, {1, 6}, {4, 5}, {3}], [{8}, {2, 7}, {4, 6}, {1, 5}, {3}], [{8}, {2, 7}, {4, 6}, {3, 5}, {1}], [{8}, {2, 7}, {4, 6}, {5}, {1, 3}], [{8}, {3, 7}, {2, 6}, {1, 5}, {4}], [{8}, {3, 7}, {2, 6}, {4, 5}, {1}], [{8}, {3, 7}, {2, 6}, {5}, {1, 4}], [{8}, {3, 7}, {2, 6}, {5}, {4}, {1}], [{8}, {4, 7}, {2, 6}, {5}, {1, 3}], [{8}, {5, 7}, {2, 6}, {1, 4}, {3}], [{8}, {5, 7}, {4, 6}, {3}, {1, 2}], [{8}, {6, 7}, {3, 5}, {2, 4}, {1}], [{8}, {7}, {1, 6}, {3, 5}, {2, 4}], [{8}, {7}, {2, 6}, {3, 5}, {1, 4}], [{8}, {7}, {2, 6}, {5}, {1, 4}, {3}]]",2,8 K_1^3 + 4 K_1^2 K_2 - 32 K_1^2 - 22 K_1 K_2 - 2 K_1 K_3 + 5 K_1 - 2 K_2^2 + 15 K_2 + 9 K_3 + K_4 + 17,O1O2O3O4U1U5O6U7O8O7U3U6U4U8O5U2,O1O2O3O4U5U1O5U3O6O7U2U4U8U7O8U6,O1O2O3O4U5O6U7U6U1U3O7O5U2O8U4U8,c,{'O1O2O3O4U3O5U6U1U7U2O8O6U8O7U5U4'},1,"<a href=""/flatknot/8.733925"">8.733925</a>",t^9-46t^7-176t^6-239t^5-102t^4+137t^3+248t^2+61t-20,-t^3+t^2+t,,
8.733926,O1O2O3O4U3O5U6U1U7U4O8O6U8O7U2U5,4,4z^3+38z^2+111z+103,4w^4z^3+38w^3z^2+111w^2z+103w,False,False,"[[ 0 -2  0 -1  3  3 -2  0 -1],[ 2  0  1  0  2  2  1  2 -1],[ 0 -1  0 -1  3  2 -1  0 -1],[ 1  0  1  0  1  1  0  0  0],[-3 -2 -3 -1  0 -1 -3 -2 -1],[-3 -2 -2 -1  1  0 -3 -2 -1],[ 2 -1  1  0  3  3  0  2 -1],[ 0 -2  0  0  2  2 -2  0 -1],[ 1  1  1  0  1  1  1  1  0]]","[[ 0  3  3  0  0 -1 -1 -2 -2],[-3  0  1 -2 -2 -1 -1 -2 -3],[-3 -1  0 -2 -3 -1 -1 -2 -3],[ 0  2  2  0  0  0 -1 -2 -2],[ 0  2  3  0  0 -1 -1 -1 -1],[ 1  1  1  0  1  0  0  0  0],[ 1  1  1  1  1  0  0  1  1],[ 2  2  2  2  1  0 -1  0  1],[ 2  3  3  2  1  0 -1 -1  0]]",True,"[-3,-3,0,0,1,1,2,2,-1,2,2,1,1,2,3,2,3,1,1,2,3,0,0,1,2,2,1,1,1,1,0,0,0,-1,-1,-1]","[-3,-3,0,0,1,1,2,2,-1,0,1,3,3,2,3,1,1,3,3,2,3,0,0,0,1,1,0,1,0,0,0,2,2,1,1,-1]",t^8+68t^6+149t^4+15t^2,"[-2,-2,-1,-1,0,0,3,3,-1,1,2,0,1,3,3,1,2,0,1,2,2,0,1,0,3,3,0,0,3,3,0,1,1,0,1,1]","[-3,-3,0,0,1,1,2,2,-1,0,1,3,3,2,3,1,1,3,3,2,3,0,0,0,1,1,0,1,0,0,0,2,2,1,1,-1]","[-2,-2,-1,-1,0,0,3,3,-1,-1,0,1,2,3,3,-1,0,1,2,2,2,0,1,1,1,1,1,0,1,1,0,2,3,2,2,1]",c,"[[{8, 4}, {2, 7}, {1, 6}, {3, 5}], [{8, 4}, {2, 7}, {6}, {3, 5}, {1}]]",1,- 8 K_1^4 + 20 K_1^3 + 8 K_1^2 K_2 - 14 K_1^2 - 16 K_1 K_2 - 2 K_1 K_3 - 7 K_1 + 8 K_2 + 3 K_3 + 9,O1O2O3O4U5U3O6U7O8O7U1U6U4U8O5U2,O1O2O3O4U5U1O5U3O6O7U2U6U8U4O8U7,O1O2O3O4U5O6U1U6U7U3O5O7U2O8U4U8,c,{'O1O2O3O4U3O5U6U1U7U4O8O6U8O7U2U5'},1,"<a href=""/flatknot/8.733926"">8.733926</a>",t^9-60t^7-274t^6-339t^5+68t^4+374t^3+236t^2+77t+24,-2t^3+2t^2+2t,,
8.733927,O1O2O3O4U3O5U6U1U7U4O8O6U8O7U5U2,4,21z^2+106z+129,21w^3z^2+106w^2z+129w,False,False,"[[ 0 -2  1 -1  3  2 -2  0 -1],[ 2  0  2  0  2  1  1  2 -1],[-1 -2  0 -1  2  1 -2 -1 -1],[ 1  0  1  0  1  1  0  0  0],[-3 -2 -2 -1  0 -1 -3 -2 -1],[-2 -1 -1 -1  1  0 -2 -1 -1],[ 2 -1  2  0  3  2  0  2 -1],[ 0 -2  1  0  2  1 -2  0 -1],[ 1  1  1  0  1  1  1  1  0]]","[[ 0  3  2  1  0 -1 -1 -2 -2],[-3  0 -1 -2 -2 -1 -1 -2 -3],[-2  1  0 -1 -1 -1 -1 -1 -2],[-1  2  1  0 -1 -1 -1 -2 -2],[ 0  2  1  1  0  0 -1 -2 -2],[ 1  1  1  1  0  0  0  0  0],[ 1  1  1  1  1  0  0  1  1],[ 2  2  1  2  2  0 -1  0  1],[ 2  3  2  2  2  0 -1 -1  0]]",True,"[-3,-2,-1,0,1,1,2,2,1,2,2,1,1,2,3,1,1,1,1,1,2,1,1,1,2,2,0,1,2,2,0,0,0,-1,-1,-1]","[-3,-2,-1,0,1,1,2,2,0,0,1,3,3,2,3,0,1,2,2,2,3,0,1,1,1,1,0,1,0,0,0,2,2,1,1,-1]",t^8+56t^6+112t^4+27t^2,"[-2,-2,-1,-1,0,1,2,3,-1,1,2,0,1,3,3,1,2,0,1,2,2,0,1,1,2,3,0,1,2,3,0,1,1,0,0,0]","[-3,-2,-1,0,1,1,2,2,0,0,1,3,3,2,3,0,1,2,2,2,3,0,1,1,1,1,0,1,0,0,0,2,2,1,1,-1]","[-2,-2,-1,-1,0,1,2,3,-1,-1,0,2,2,2,3,-1,0,2,2,1,2,0,1,1,1,1,0,1,1,1,1,1,2,1,2,1]",c,"[[{8, 4}, {1, 7}, {2, 6}, {3, 5}], [{8, 4}, {1, 7}, {2, 6}, {5}, {3}]]",1,8 K_1^3 - 22 K_1^2 - 22 K_1 K_2 + 5 K_1 + 11 K_2 + 9 K_3 + 12,O1O2O3O4U3U5O6U7O8O7U1U6U4U8O5U2,O1O2O3O4U5U1O5U3O6O7U2U7U8U4O8U6,O1O2O3O4U5O6U1U6U7U3O7O5U2O8U4U8,c,{'O1O2O3O4U3O5U6U1U7U4O8O6U8O7U5U2'},1,"<a href=""/flatknot/8.733927"">8.733927</a>",t^9-52t^7-232t^6-449t^5-524t^4-456t^3-280t^2-89t-10,-t^3+t^2+t,,
8.733928,O1O2O3O4U3O5U6U2U1U4O7O6U7O8U5U8,3,19z^2+92z+109,19w^3z^2-4w^3z+96w^2z+109w,False,False,"[[ 0 -1 -1 -1  3  2 -2 -1  1],[ 1  0  0  0  3  2 -1 -1  1],[ 1  0  0  0  2  1  0 -1  1],[ 1  0  0  0  1  1  0  0  0],[-3 -3 -2 -1  0  0 -3 -1  1],[-2 -2 -1 -1  0  0 -1 -1  1],[ 2  1  0  0  3  1  0 -1  1],[ 1  1  1  0  1  1  1  0  0],[-1 -1 -1  0 -1 -1 -1  0  0]]","[[ 0  3  2  1 -1 -1 -1 -1 -2],[-3  0  0  1 -1 -1 -2 -3 -3],[-2  0  0  1 -1 -1 -1 -2 -1],[-1 -1 -1  0  0  0 -1 -1 -1],[ 1  1  1  0  0  0  1  1  1],[ 1  1  1  0  0  0  0  0  0],[ 1  2  1  1 -1  0  0  0  0],[ 1  3  2  1 -1  0  0  0 -1],[ 2  3  1  1 -1  0  0  1  0]]",True,"[-3,-2,-1,1,1,1,1,2,0,-1,1,1,2,3,3,-1,1,1,1,2,1,0,0,1,1,1,0,-1,-1,-1,0,0,0,0,0,1]","[-3,-2,-1,1,1,1,1,2,0,-1,1,1,2,3,3,-1,1,1,1,2,1,0,0,1,1,1,0,-1,-1,-1,0,0,0,0,0,1]",t^8+41t^6+66t^4+9t^2,"[-2,-1,-1,-1,-1,1,2,3,0,1,1,2,2,3,2,0,0,1,1,1,1,0,0,2,2,3,1,1,2,2,2,2,3,2,3,1]","[-3,-2,-1,1,1,1,1,2,1,3,1,2,3,3,2,2,1,2,2,2,3,1,1,2,2,2,0,-1,0,0,-1,0,1,0,2,1]","[-2,-1,-1,-1,-1,1,2,3,-1,0,0,1,1,1,3,0,1,1,0,1,1,0,0,0,1,1,0,1,1,2,1,2,3,-1,-1,0]",c,"[[{8, 7}, {1, 6}, {3, 5}, {2, 4}], [{8, 7}, {1, 6}, {3, 5}, {4}, {2}], [{8, 7}, {5, 6}, {1, 4}, {2, 3}], [{8, 7}, {5, 6}, {2, 4}, {1, 3}], [{8, 7}, {5, 6}, {3, 4}, {1, 2}], [{8, 7}, {5, 6}, {4}, {1, 3}, {2}]]",1,- 8 K_1^2 - 14 K_1 K_2 - 4 K_1 K_3 + 7 K_1 + 6 K_2 + 7 K_3 + 2 K_4 + 5,O1O2O3O4U5U6O5U7O8O7U1U4U3U8O6U2,O1O2O3O4U5U1O5U6O7O6U3U2U8U4O8U7,O1O2O3O4U5O6U1U6U3U2O7O5U7O8U4U8,c,{'O1O2O3O4U3O5U6U2U1U4O7O6U7O8U5U8'},1,"<a href=""/flatknot/8.733928"">8.733928</a>",t^9-35t^7-76t^6+14t^5+78t^4-31t^3-10t^2+4t,-t^3+3t,,
8.733929,O1O2O3O4U3O5U6U2U1U7O8O6U4O7U5U8,4,z^3+17z^2+67z+75,w^4z^3+17w^3z^2+67w^2z+75w,False,False,"[[ 0 -1 -1 -1  2  2 -2  1  0],[ 1  0  0  0  2  2  0  1  1],[ 1  0  0  0  1  1  1  1  1],[ 1  0  0  0  1  1  1  0  1],[-2 -2 -1 -1  0  0 -2 -1  0],[-2 -2 -1 -1  0  0 -3 -1 -1],[ 2  0 -1 -1  2  3  0  2  1],[-1 -1 -1  0  1  1 -2  0  0],[ 0 -1 -1 -1  0  1 -1  0  0]]","[[ 0  2  2  1  0 -1 -1 -1 -2],[-2  0  0 -1  0 -1 -1 -2 -2],[-2  0  0 -1 -1 -1 -1 -2 -3],[-1  1  1  0  0  0 -1 -1 -2],[ 0  0  1  0  0 -1 -1 -1 -1],[ 1  1  1  0  1  0  0  0  1],[ 1  1  1  1  1  0  0  0  1],[ 1  2  2  1  1  0  0  0  0],[ 2  2  3  2  1 -1 -1  0  0]]",True,"[-2,-2,-1,0,1,1,1,2,0,1,0,1,1,2,2,1,1,1,1,2,3,0,0,1,1,2,1,1,1,1,0,0,-1,0,-1,0]","[-2,-2,-1,0,1,1,1,2,0,0,1,1,2,2,1,0,2,1,2,2,2,1,1,1,2,1,0,0,0,1,0,0,1,0,2,2]",t^8+40t^6+92t^4+27t^2+1,"[-2,-1,-1,-1,0,1,2,2,1,2,2,1,1,1,2,0,0,0,1,1,1,0,0,1,2,2,0,2,2,2,1,1,2,0,0,0]","[-2,-2,-1,0,1,1,1,2,0,0,1,1,2,2,1,0,2,1,2,2,2,1,1,1,2,1,0,0,0,1,0,0,1,0,2,2]","[-2,-1,-1,-1,0,1,2,2,-1,-1,0,1,2,2,3,0,0,1,0,1,1,0,1,1,1,1,1,1,2,2,0,0,1,1,1,0]",c,"[[{8, 1}, {2, 7}, {3, 6}, {4, 5}], [{8, 1}, {2, 7}, {4, 6}, {3, 5}], [{8, 1}, {2, 7}, {5, 6}, {3, 4}], [{8, 1}, {2, 7}, {6}, {5}, {3, 4}], [{8, 1}, {3, 7}, {2, 6}, {4, 5}], [{8, 1}, {3, 7}, {2, 6}, {5}, {4}], [{8, 1}, {3, 7}, {4, 6}, {2, 5}], [{8, 1}, {3, 7}, {5, 6}, {2, 4}], [{8, 1}, {4, 7}, {2, 6}, {3, 5}], [{8, 1}, {4, 7}, {3, 6}, {2, 5}], [{8, 1}, {4, 7}, {5, 6}, {2, 3}], [{8, 1}, {4, 7}, {5, 6}, {3}, {2}], [{8, 1}, {5, 7}, {2, 6}, {3, 4}], [{8, 1}, {5, 7}, {3, 6}, {2, 4}], [{8, 1}, {5, 7}, {4, 6}, {2, 3}], [{8, 1}, {5, 7}, {6}, {2, 4}, {3}], [{8, 1}, {5, 7}, {6}, {3, 4}, {2}], [{8, 1}, {5, 7}, {6}, {4}, {2, 3}], [{8, 1}, {6, 7}, {2, 5}, {3, 4}], [{8, 1}, {6, 7}, {2, 5}, {4}, {3}], [{8, 1}, {6, 7}, {3, 5}, {2, 4}], [{8, 1}, {6, 7}, {3, 5}, {4}, {2}], [{8, 1}, {6, 7}, {4, 5}, {2, 3}], [{8, 1}, {6, 7}, {5}, {4}, {2, 3}], [{8, 1}, {7}, {3, 6}, {5}, {2, 4}], [{8, 1}, {7}, {5, 6}, {4}, {2, 3}], [{8, 1}, {7}, {6}, {2, 5}, {3, 4}], [{8, 2}, {1, 7}, {3, 6}, {4, 5}], [{8, 2}, {1, 7}, {4, 6}, {3, 5}], [{8, 2}, {1, 7}, {5, 6}, {3, 4}], [{8, 2}, {1, 7}, {6}, {3, 5}, {4}], [{8, 2}, {1, 7}, {6}, {4, 5}, {3}], [{8, 2}, {1, 7}, {6}, {5}, {3, 4}], [{8, 2}, {3, 7}, {1, 6}, {4, 5}], [{8, 2}, {3, 7}, {1, 6}, {5}, {4}], [{8, 2}, {3, 7}, {4, 6}, {1, 5}], [{8, 2}, {3, 7}, {5, 6}, {1, 4}], [{8, 2}, {4, 7}, {1, 6}, {3, 5}], [{8, 2}, {4, 7}, {3, 6}, {1, 5}], [{8, 2}, {4, 7}, {5, 6}, {1, 3}], [{8, 2}, {4, 7}, {5, 6}, {3}, {1}], [{8, 2}, {5, 7}, {1, 6}, {3, 4}], [{8, 2}, {5, 7}, {3, 6}, {1, 4}], [{8, 2}, {5, 7}, {4, 6}, {1, 3}], [{8, 2}, {5, 7}, {6}, {3, 4}, {1}], [{8, 2}, {6, 7}, {1, 5}, {3, 4}], [{8, 2}, {6, 7}, {3, 5}, {1, 4}], [{8, 2}, {6, 7}, {4, 5}, {1, 3}], [{8, 2}, {7}, {3, 6}, {1, 5}, {4}], [{8, 2}, {7}, {4, 6}, {1, 5}, {3}], [{8, 2}, {7}, {6}, {1, 5}, {3, 4}], [{8, 3}, {1, 7}, {2, 6}, {4, 5}], [{8, 3}, {1, 7}, {4, 6}, {2, 5}], [{8, 3}, {1, 7}, {5, 6}, {2, 4}], [{8, 3}, {1, 7}, {6}, {2, 5}, {4}], [{8, 3}, {2, 7}, {1, 6}, {4, 5}], [{8, 3}, {2, 7}, {4, 6}, {1, 5}], [{8, 3}, {2, 7}, {4, 6}, {5}, {1}], [{8, 3}, {2, 7}, {5, 6}, {1, 4}], [{8, 3}, {4, 7}, {1, 6}, {2, 5}], [{8, 3}, {4, 7}, {2, 6}, {1, 5}], [{8, 3}, {4, 7}, {5, 6}, {1, 2}], [{8, 3}, {4, 7}, {5, 6}, {2}, {1}], [{8, 3}, {4, 7}, {6}, {5}, {1, 2}], [{8, 3}, {5, 7}, {1, 6}, {2, 4}], [{8, 3}, {5, 7}, {2, 6}, {1, 4}], [{8, 3}, {5, 7}, {4, 6}, {1, 2}], [{8, 3}, {5, 7}, {6}, {1, 4}, {2}], [{8, 3}, {6, 7}, {1, 5}, {2, 4}], [{8, 3}, {6, 7}, {2, 5}, {1, 4}], [{8, 3}, {6, 7}, {4, 5}, {1, 2}], [{8, 3}, {7}, {1, 6}, {5}, {2, 4}], [{8, 4}, {1, 7}, {2, 6}, {3, 5}], [{8, 4}, {1, 7}, {3, 6}, {2, 5}], [{8, 4}, {1, 7}, {5, 6}, {2, 3}], [{8, 4}, {1, 7}, {6}, {2, 5}, {3}], [{8, 4}, {2, 7}, {1, 6}, {3, 5}], [{8, 4}, {2, 7}, {3, 6}, {1, 5}], [{8, 4}, {2, 7}, {3, 6}, {5}, {1}], [{8, 4}, {2, 7}, {5, 6}, {1, 3}], [{8, 4}, {3, 7}, {1, 6}, {2, 5}], [{8, 4}, {3, 7}, {2, 6}, {1, 5}], [{8, 4}, {3, 7}, {5, 6}, {1, 2}], [{8, 4}, {3, 7}, {6}, {5}, {1, 2}], [{8, 4}, {5, 7}, {1, 6}, {2, 3}], [{8, 4}, {5, 7}, {2, 6}, {1, 3}], [{8, 4}, {5, 7}, {3, 6}, {1, 2}], [{8, 4}, {6, 7}, {1, 5}, {2, 3}], [{8, 4}, {6, 7}, {2, 5}, {1, 3}], [{8, 4}, {6, 7}, {2, 5}, {3}, {1}], [{8, 4}, {6, 7}, {3, 5}, {1, 2}], [{8, 4}, {7}, {1, 6}, {2, 5}, {3}], [{8, 4}, {7}, {5, 6}, {2, 3}, {1}], [{8, 5}, {1, 7}, {2, 6}, {3, 4}], [{8, 5}, {1, 7}, {3, 6}, {2, 4}], [{8, 5}, {1, 7}, {3, 6}, {4}, {2}], [{8, 5}, {1, 7}, {4, 6}, {2, 3}], [{8, 5}, {1, 7}, {4, 6}, {3}, {2}], [{8, 5}, {1, 7}, {6}, {3, 4}, {2}], [{8, 5}, {2, 7}, {1, 6}, {3, 4}], [{8, 5}, {2, 7}, {3, 6}, {1, 4}], [{8, 5}, {2, 7}, {4, 6}, {1, 3}], [{8, 5}, {2, 7}, {6}, {3, 4}, {1}], [{8, 5}, {3, 7}, {1, 6}, {2, 4}], [{8, 5}, {3, 7}, {2, 6}, {1, 4}], [{8, 5}, {3, 7}, {4, 6}, {1, 2}], [{8, 5}, {3, 7}, {6}, {4}, {1, 2}], [{8, 5}, {4, 7}, {1, 6}, {2, 3}], [{8, 5}, {4, 7}, {2, 6}, {1, 3}], [{8, 5}, {4, 7}, {3, 6}, {1, 2}], [{8, 5}, {4, 7}, {6}, {3}, {1, 2}], [{8, 5}, {6, 7}, {1, 4}, {2, 3}], [{8, 5}, {6, 7}, {2, 4}, {1, 3}], [{8, 5}, {6, 7}, {3, 4}, {1, 2}], [{8, 5}, {7}, {6}, {3, 4}, {1, 2}], [{8, 6}, {1, 7}, {2, 5}, {3, 4}], [{8, 6}, {1, 7}, {3, 5}, {2, 4}], [{8, 6}, {1, 7}, {4, 5}, {2, 3}], [{8, 6}, {1, 7}, {5}, {3, 4}, {2}], [{8, 6}, {2, 7}, {1, 5}, {3, 4}], [{8, 6}, {2, 7}, {3, 5}, {1, 4}], [{8, 6}, {2, 7}, {4, 5}, {1, 3}], [{8, 6}, {2, 7}, {5}, {3, 4}, {1}], [{8, 6}, {3, 7}, {1, 5}, {2, 4}], [{8, 6}, {3, 7}, {2, 5}, {1, 4}], [{8, 6}, {3, 7}, {4, 5}, {1, 2}], [{8, 6}, {3, 7}, {5}, {4}, {1, 2}], [{8, 6}, {4, 7}, {1, 5}, {2, 3}], [{8, 6}, {4, 7}, {2, 5}, {1, 3}], [{8, 6}, {4, 7}, {3, 5}, {1, 2}], [{8, 6}, {4, 7}, {5}, {3}, {1, 2}], [{8, 6}, {5, 7}, {1, 4}, {2, 3}], [{8, 6}, {5, 7}, {2, 4}, {1, 3}], [{8, 6}, {5, 7}, {3, 4}, {1, 2}], [{8, 6}, {7}, {2, 5}, {4}, {1, 3}], [{8, 6}, {7}, {5}, {3, 4}, {1, 2}], [{8, 7}, {1, 6}, {2, 5}, {3, 4}], [{8, 7}, {1, 6}, {2, 5}, {4}, {3}], [{8, 7}, {1, 6}, {3, 5}, {2, 4}], [{8, 7}, {1, 6}, {3, 5}, {4}, {2}], [{8, 7}, {1, 6}, {4, 5}, {2, 3}], [{8, 7}, {1, 6}, {5}, {4}, {2, 3}], [{8, 7}, {2, 6}, {1, 5}, {3, 4}], [{8, 7}, {2, 6}, {3, 5}, {1, 4}], [{8, 7}, {2, 6}, {4, 5}, {1, 3}], [{8, 7}, {3, 6}, {1, 5}, {2, 4}], [{8, 7}, {3, 6}, {2, 5}, {1, 4}], [{8, 7}, {3, 6}, {4, 5}, {1, 2}], [{8, 7}, {4, 6}, {1, 5}, {2, 3}], [{8, 7}, {4, 6}, {2, 5}, {1, 3}], [{8, 7}, {4, 6}, {3, 5}, {1, 2}], [{8, 7}, {4, 6}, {3, 5}, {2}, {1}], [{8, 7}, {5, 6}, {1, 4}, {2, 3}], [{8, 7}, {5, 6}, {2, 4}, {1, 3}], [{8, 7}, {5, 6}, {3, 4}, {1, 2}], [{8, 7}, {5, 6}, {4}, {2, 3}, {1}], [{8, 7}, {6}, {1, 5}, {2, 4}, {3}], [{8, 7}, {6}, {1, 5}, {3, 4}, {2}], [{8, 7}, {6}, {1, 5}, {4}, {2, 3}], [{8, 7}, {6}, {2, 5}, {3, 4}, {1}], [{8, 7}, {6}, {3, 5}, {1, 4}, {2}], [{8, 7}, {6}, {5}, {3, 4}, {1, 2}], [{8}, {1, 7}, {2, 6}, {5}, {3, 4}], [{8}, {1, 7}, {5, 6}, {2, 4}, {3}], [{8}, {1, 7}, {5, 6}, {3, 4}, {2}], [{8}, {1, 7}, {5, 6}, {4}, {2, 3}], [{8}, {1, 7}, {6}, {2, 5}, {3, 4}], [{8}, {1, 7}, {6}, {5}, {3, 4}, {2}], [{8}, {2, 7}, {1, 6}, {5}, {3, 4}], [{8}, {2, 7}, {5, 6}, {1, 4}, {3}], [{8}, {2, 7}, {5, 6}, {3, 4}, {1}], [{8}, {2, 7}, {5, 6}, {4}, {1, 3}], [{8}, {2, 7}, {6}, {1, 5}, {3, 4}], [{8}, {2, 7}, {6}, {5}, {3, 4}, {1}], [{8}, {3, 7}, {4, 6}, {1, 5}, {2}], [{8}, {3, 7}, {4, 6}, {2, 5}, {1}], [{8}, {3, 7}, {4, 6}, {5}, {1, 2}], [{8}, {3, 7}, {5, 6}, {1, 4}, {2}], [{8}, {3, 7}, {5, 6}, {2, 4}, {1}], [{8}, {3, 7}, {5, 6}, {4}, {1, 2}], [{8}, {3, 7}, {6}, {4, 5}, {1, 2}], [{8}, {3, 7}, {6}, {5}, {4}, {1, 2}], [{8}, {4, 7}, {1, 6}, {2, 5}, {3}], [{8}, {4, 7}, {2, 6}, {1, 5}, {3}], [{8}, {4, 7}, {3, 6}, {5}, {1, 2}], [{8}, {4, 7}, {5, 6}, {1, 3}, {2}], [{8}, {4, 7}, {5, 6}, {2, 3}, {1}], [{8}, {4, 7}, {5, 6}, {3}, {1, 2}], [{8}, {4, 7}, {5, 6}, {3}, {2}, {1}], [{8}, {4, 7}, {6}, {3, 5}, {1, 2}], [{8}, {4, 7}, {6}, {5}, {3}, {1, 2}], [{8}, {5, 7}, {3, 6}, {2, 4}, {1}], [{8}, {5, 7}, {4, 6}, {1, 3}, {2}], [{8}, {5, 7}, {6}, {3, 4}, {1, 2}], [{8}, {6, 7}, {2, 5}, {1, 4}, {3}], [{8}, {6, 7}, {5}, {3, 4}, {1, 2}], [{8}, {7}, {5, 6}, {1, 4}, {2, 3}], [{8}, {7}, {5, 6}, {2, 4}, {1, 3}], [{8}, {7}, {5, 6}, {3, 4}, {1, 2}], [{8}, {7}, {5, 6}, {4}, {2, 3}, {1}], [{8}, {7}, {6}, {5}, {3, 4}, {1, 2}]]",2,- 6 K_1^2 - 12 K_1 K_2 + 6 K_1 + 3 K_2 + 6 K_3 + 4,O1O2O3O4U5U6O7U1O8O5U7U4U3U8O6U2,O1O2O3O4U5U1O6U4O7O5U3U2U8U6O8U7,O1O2O3O4U5O6U7U6U3U2O8O5U1O7U4U8,c,"{'O1O2O3O4U3U5O6U2U1U7O5O8U4O7U8U6', 'O1O2O3O4U3O5U6U2U1U7O8O6U4O7U5U8'}",2,"<a href=""/flatknot/8.733929"">8.733929</a>",t^9-38t^7-74t^6+23t^5+42t^4-53t^3+12t^2+2,-t^2+2t,,
8.733930,O1O2O3O4U3O5U6U2U4U1O7O6U7O8U5U8,3,10z^2+55z+71,10w^3z^2+55w^2z+71w,False,False,"[[ 0  0 -1 -1  2  2 -2 -1  1],[ 0  0 -1 -1  2  2 -2 -1  1],[ 1  1  0  0  2  1  0 -1  1],[ 1  1  0  0  1  1  0  0  0],[-2 -2 -2 -1  0  0 -2 -1  1],[-2 -2 -1 -1  0  0 -1 -1  1],[ 2  2  0  0  2  1  0 -1  1],[ 1  1  1  0  1  1  1  0  0],[-1 -1 -1  0 -1 -1 -1  0  0]]","[[ 0  2  2  1 -1 -1 -1 -2],[-2  0  0  1 -1 -1 -1 -1],[-2  0  0  1 -1 -1 -2 -2],[-1 -1 -1  0  0  0 -1 -1],[ 1  1  1  0  0  0  1  1],[ 1  1  1  0  0  0  0  0],[ 1  1  2  1 -1  0  0  0],[ 2  1  2  1 -1  0  0  0]]",False,"[-2,-2,-1,1,1,1,2,0,-1,1,1,1,1,-1,1,1,2,2,0,0,1,1,0,-1,-1,0,0,0]","[-2,-2,-1,1,1,1,2,0,-1,1,1,1,1,-1,1,1,2,2,0,0,1,1,0,-1,-1,0,0,0]",t^7+20t^5+14t^3,"[-2,-1,-1,-1,1,2,2,1,1,2,2,2,3,0,0,2,2,2,1,1,1,2,2,2,2,2,2,0]","[-2,-2,-1,1,1,1,2,0,2,1,2,2,2,2,2,2,2,3,1,2,2,2,-1,0,1,0,2,1]","[-2,-1,-1,-1,1,2,2,-1,0,0,1,1,2,0,1,0,1,1,0,0,1,1,1,1,2,-1,-1,0]",c,"[[{8, 7}, {2, 6}, {4, 5}, {1, 3}], [{8, 7}, {2, 6}, {4, 5}, {3}, {1}], [{8, 7}, {5, 6}, {1, 4}, {2, 3}], [{8, 7}, {5, 6}, {2, 4}, {1, 3}], [{8, 7}, {5, 6}, {2, 4}, {3}, {1}], [{8, 7}, {5, 6}, {3, 4}, {1, 2}], [{8, 7}, {5, 6}, {3, 4}, {2}, {1}], [{8, 7}, {5, 6}, {4}, {2, 3}, {1}]]",1,4 K_1^3 - 14 K_1^2 - 8 K_1 K_2 + K_1 + 7 K_2 + 3 K_3 + 8,O1O2O3O4U5U6O5U7O8O7U4U1U3U8O6U2,O1O2O3O4U5U1O5U6O7O6U4U2U8U3O8U7,O1O2O3O4U5O6U2U6U3U1O7O5U7O8U4U8,c,"{'O1O2O3U2O4U5U1U3O6U7O5O8U6U4O7U8', 'O1O2O3O4U3O5U6U2U4U1O7O6U7O8U5U8'}",2,"<a href=""/flatknot/8.733930"">8.733930</a>",t^8-18t^6-22t^5+13t^4+4t^3-7t^2,-t^2+2t,,
8.733931,O1O2O3O4U3O5U6U2U4U7O8O6U1O7U5U8,3,7z^2+44z+61,7w^3z^2+44w^2z+61w,False,False,"[[ 0 -1 -1 -1  2  2 -2  1  0],[ 1  0  0 -1  3  2 -1  2  0],[ 1  0  0  0  2  1  0  2  0],[ 1  1  0  0  1  1  0  1  0],[-2 -3 -2 -1  0  0 -2 -1  0],[-2 -2 -1 -1  0  0 -3 -1 -1],[ 2  1  0  0  2  3  0  2  1],[-1 -2 -2 -1  1  1 -2  0  0],[ 0  0  0  0  0  1 -1  0  0]]","[[ 0  2  2  1  0 -1 -1 -1 -2],[-2  0  0 -1  0 -1 -2 -3 -2],[-2  0  0 -1 -1 -1 -1 -2 -3],[-1  1  1  0  0 -1 -2 -2 -2],[ 0  0  1  0  0  0  0  0 -1],[ 1  1  1  1  0  0  0  1  0],[ 1  2  1  2  0  0  0  0  0],[ 1  3  2  2  0 -1  0  0 -1],[ 2  2  3  2  1  0  0  1  0]]",True,"[-2,-2,-1,0,1,1,1,2,0,1,0,1,2,3,2,1,1,1,1,2,3,0,1,2,2,2,0,0,0,1,0,-1,0,0,0,1]","[-2,-2,-1,0,1,1,1,2,0,0,1,1,2,2,1,0,2,0,1,2,2,1,0,0,1,1,1,1,1,1,0,-1,0,0,1,1]",t^8+52t^6+167t^4+56t^2,"[-2,-1,-1,-1,0,1,2,2,0,1,1,1,1,1,2,0,1,1,0,1,0,0,1,0,2,1,1,1,2,2,1,1,2,0,0,0]","[-2,-2,-1,0,1,1,1,2,0,0,1,1,2,2,1,0,2,0,1,2,2,1,0,0,1,1,1,1,1,1,0,-1,0,0,1,1]","[-2,-1,-1,-1,0,1,2,2,0,0,1,1,2,2,3,0,0,0,2,2,1,1,0,1,1,1,0,2,3,2,0,0,1,1,1,0]",c,"[[{8, 1}, {2, 7}, {5, 6}, {3, 4}], [{8, 1}, {7}, {5, 6}, {3, 4}, {2}], [{8, 2}, {1, 7}, {5, 6}, {3, 4}], [{8, 2}, {7}, {5, 6}, {3, 4}, {1}], [{8, 3}, {1, 7}, {5, 6}, {2, 4}], [{8, 3}, {2, 7}, {5, 6}, {1, 4}], [{8, 3}, {6, 7}, {1, 5}, {2, 4}], [{8, 3}, {6, 7}, {2, 5}, {1, 4}], [{8, 4}, {1, 7}, {5, 6}, {2, 3}], [{8, 4}, {2, 7}, {5, 6}, {1, 3}], [{8, 7}, {4, 6}, {3, 5}, {1, 2}], [{8, 7}, {4, 6}, {3, 5}, {2}, {1}], [{8, 7}, {5, 6}, {3, 4}, {1, 2}], [{8, 7}, {5, 6}, {3, 4}, {2}, {1}], [{8}, {1, 7}, {5, 6}, {2, 4}, {3}], [{8}, {1, 7}, {5, 6}, {3, 4}, {2}], [{8}, {1, 7}, {5, 6}, {4}, {2, 3}], [{8}, {2, 7}, {5, 6}, {1, 4}, {3}], [{8}, {2, 7}, {5, 6}, {3, 4}, {1}], [{8}, {2, 7}, {5, 6}, {4}, {1, 3}], [{8}, {7}, {5, 6}, {3, 4}, {1, 2}], [{8}, {7}, {5, 6}, {3, 4}, {2}, {1}]]",1,4 K_1^3 - 14 K_1^2 - 8 K_1 K_2 + K_1 + 7 K_2 + 3 K_3 + 8,O1O2O3O4U5U6O7U4O8O5U7U1U3U8O6U2,O1O2O3O4U5U1O6U4O7O5U6U2U8U3O8U7,O1O2O3O4U5O6U2U6U3U7O8O5U1O7U4U8,c,"{'O1O2O3O4U3O5U6U2U4U7O8O6U1O7U5U8', 'O1O2O3O4U3U5O6U2U4U7O5O8U1O7U8U6', 'O1O2O3U2O4U5U1U3O6U7O5O7U8U4O8U6'}",3,"<a href=""/flatknot/8.733931"">8.733931</a>",t^9-50t^7-106t^6+110t^5+332t^4+91t^3-74t^2-24t,-t^2+2t,,
8.733932,O1O2O3O4U3O5U6U2U7U8O7O6U1O8U5U4,3,16z^2+85z+107,-2w^4z^2+18w^3z^2-6w^3z+91w^2z+107w,False,False,"[[ 0 -1 -1 -1  3  2 -2 -1  1],[ 1  0  1  0  3  1  0  1  3],[ 1 -1  0  0  2  0  1  1  2],[ 1  0  0  0  1  0  1  1  1],[-3 -3 -2 -1  0  0 -4 -4 -1],[-2 -1  0  0  0  0 -3 -3  0],[ 2  0 -1 -1  4  3  0  1  1],[ 1 -1 -1 -1  4  3 -1  0  1],[-1 -3 -2 -1  1  0 -1 -1  0]]","[[ 0  3  2  1 -1 -1 -1 -1 -2],[-3  0  0 -1 -1 -2 -3 -4 -4],[-2  0  0  0  0  0 -1 -3 -3],[-1  1  0  0 -1 -2 -3 -1 -1],[ 1  1  0  1  0  0  0  1  1],[ 1  2  0  2  0  0 -1  1  1],[ 1  3  1  3  0  1  0  1  0],[ 1  4  3  1 -1 -1 -1  0 -1],[ 2  4  3  1 -1 -1  0  1  0]]",True,"[-3,-2,-1,1,1,1,1,2,0,1,1,2,3,4,4,0,0,0,1,3,3,1,2,3,1,1,0,0,-1,-1,1,-1,-1,-1,0,1]","[-3,-2,-1,1,1,1,1,2,0,1,1,2,3,4,4,0,0,0,1,3,3,1,2,3,1,1,0,0,-1,-1,1,-1,-1,-1,0,1]",t^8+89t^6+778t^4+104t^2,"[-2,-1,-1,-1,-1,1,2,3,0,1,2,2,2,1,1,1,1,1,1,0,0,-1,0,-1,2,1,0,0,3,2,1,3,3,1,1,1]","[-3,-2,-1,1,1,1,1,2,1,1,0,1,2,3,1,1,0,2,3,3,1,1,-1,0,1,2,-1,-1,-1,0,1,0,1,0,2,2]","[-2,-1,-1,-1,-1,1,2,3,-1,-1,0,1,1,3,4,0,-1,1,2,0,2,0,1,1,0,1,1,3,1,3,1,3,4,0,1,0]",c,"[[{8, 1}, {2, 7}, {3, 6}, {4, 5}], [{8, 1}, {2, 7}, {4, 6}, {3, 5}], [{8, 1}, {2, 7}, {5, 6}, {3, 4}], [{8, 1}, {2, 7}, {6}, {5}, {3, 4}], [{8, 1}, {3, 7}, {2, 6}, {4, 5}], [{8, 1}, {3, 7}, {4, 6}, {2, 5}], [{8, 1}, {3, 7}, {5, 6}, {2, 4}], [{8, 1}, {3, 7}, {6}, {5}, {2, 4}], [{8, 1}, {4, 7}, {2, 6}, {3, 5}], [{8, 1}, {4, 7}, {3, 6}, {2, 5}], [{8, 1}, {4, 7}, {5, 6}, {2, 3}], [{8, 1}, {4, 7}, {5, 6}, {3}, {2}], [{8, 1}, {5, 7}, {2, 6}, {3, 4}], [{8, 1}, {5, 7}, {3, 6}, {2, 4}], [{8, 1}, {5, 7}, {4, 6}, {2, 3}], [{8, 1}, {5, 7}, {4, 6}, {3}, {2}], [{8, 1}, {6, 7}, {2, 5}, {3, 4}], [{8, 1}, {6, 7}, {3, 5}, {2, 4}], [{8, 1}, {6, 7}, {4, 5}, {2, 3}], [{8, 1}, {7}, {2, 6}, {4, 5}, {3}], [{8, 2}, {1, 7}, {3, 6}, {4, 5}], [{8, 2}, {1, 7}, {4, 6}, {3, 5}], [{8, 2}, {1, 7}, {5, 6}, {3, 4}], [{8, 2}, {1, 7}, {6}, {5}, {3, 4}], [{8, 2}, {3, 7}, {1, 6}, {4, 5}], [{8, 2}, {3, 7}, {4, 6}, {1, 5}], [{8, 2}, {3, 7}, {5, 6}, {1, 4}], [{8, 2}, {3, 7}, {6}, {5}, {1, 4}], [{8, 2}, {4, 7}, {1, 6}, {3, 5}], [{8, 2}, {4, 7}, {3, 6}, {1, 5}], [{8, 2}, {4, 7}, {5, 6}, {1, 3}], [{8, 2}, {4, 7}, {5, 6}, {3}, {1}], [{8, 2}, {5, 7}, {1, 6}, {3, 4}], [{8, 2}, {5, 7}, {3, 6}, {1, 4}], [{8, 2}, {5, 7}, {4, 6}, {1, 3}], [{8, 2}, {5, 7}, {4, 6}, {3}, {1}], [{8, 2}, {6, 7}, {1, 5}, {3, 4}], [{8, 2}, {6, 7}, {3, 5}, {1, 4}], [{8, 2}, {6, 7}, {4, 5}, {1, 3}], [{8, 3}, {1, 7}, {2, 6}, {4, 5}], [{8, 3}, {1, 7}, {4, 6}, {2, 5}], [{8, 3}, {1, 7}, {5, 6}, {2, 4}], [{8, 3}, {1, 7}, {6}, {5}, {2, 4}], [{8, 3}, {2, 7}, {1, 6}, {4, 5}], [{8, 3}, {2, 7}, {4, 6}, {1, 5}], [{8, 3}, {2, 7}, {5, 6}, {1, 4}], [{8, 3}, {2, 7}, {6}, {5}, {1, 4}], [{8, 3}, {4, 7}, {1, 6}, {2, 5}], [{8, 3}, {4, 7}, {2, 6}, {1, 5}], [{8, 3}, {4, 7}, {5, 6}, {1, 2}], [{8, 3}, {4, 7}, {5, 6}, {2}, {1}], [{8, 3}, {5, 7}, {1, 6}, {2, 4}], [{8, 3}, {5, 7}, {2, 6}, {1, 4}], [{8, 3}, {5, 7}, {4, 6}, {1, 2}], [{8, 3}, {5, 7}, {4, 6}, {2}, {1}], [{8, 3}, {6, 7}, {1, 5}, {2, 4}], [{8, 3}, {6, 7}, {2, 5}, {1, 4}], [{8, 3}, {6, 7}, {4, 5}, {1, 2}], [{8, 3}, {6, 7}, {5}, {2, 4}, {1}], [{8, 3}, {7}, {1, 6}, {5}, {2, 4}], [{8, 4}, {1, 7}, {2, 6}, {3, 5}], [{8, 4}, {1, 7}, {3, 6}, {2, 5}], [{8, 4}, {1, 7}, {5, 6}, {2, 3}], [{8, 4}, {2, 7}, {1, 6}, {3, 5}], [{8, 4}, {2, 7}, {3, 6}, {1, 5}], [{8, 4}, {2, 7}, {5, 6}, {1, 3}], [{8, 4}, {3, 7}, {1, 6}, {2, 5}], [{8, 4}, {3, 7}, {2, 6}, {1, 5}], [{8, 4}, {3, 7}, {5, 6}, {1, 2}], [{8, 4}, {5, 7}, {1, 6}, {2, 3}], [{8, 4}, {5, 7}, {2, 6}, {1, 3}], [{8, 4}, {5, 7}, {3, 6}, {1, 2}], [{8, 4}, {6, 7}, {1, 5}, {2, 3}], [{8, 4}, {6, 7}, {2, 5}, {1, 3}], [{8, 4}, {6, 7}, {3, 5}, {1, 2}], [{8, 4}, {7}, {2, 6}, {1, 5}, {3}], [{8, 5}, {1, 7}, {2, 6}, {3, 4}], [{8, 5}, {1, 7}, {2, 6}, {4}, {3}], [{8, 5}, {1, 7}, {3, 6}, {2, 4}], [{8, 5}, {1, 7}, {3, 6}, {4}, {2}], [{8, 5}, {1, 7}, {4, 6}, {2, 3}], [{8, 5}, {1, 7}, {4, 6}, {3}, {2}], [{8, 5}, {1, 7}, {6}, {2, 4}, {3}], [{8, 5}, {1, 7}, {6}, {3, 4}, {2}], [{8, 5}, {1, 7}, {6}, {4}, {2, 3}], [{8, 5}, {1, 7}, {6}, {4}, {3}, {2}], [{8, 5}, {2, 7}, {1, 6}, {3, 4}], [{8, 5}, {2, 7}, {1, 6}, {4}, {3}], [{8, 5}, {2, 7}, {3, 6}, {1, 4}], [{8, 5}, {2, 7}, {3, 6}, {4}, {1}], [{8, 5}, {2, 7}, {4, 6}, {1, 3}], [{8, 5}, {2, 7}, {4, 6}, {3}, {1}], [{8, 5}, {2, 7}, {6}, {1, 4}, {3}], [{8, 5}, {2, 7}, {6}, {3, 4}, {1}], [{8, 5}, {2, 7}, {6}, {4}, {1, 3}], [{8, 5}, {2, 7}, {6}, {4}, {3}, {1}], [{8, 5}, {3, 7}, {1, 6}, {2, 4}], [{8, 5}, {3, 7}, {1, 6}, {4}, {2}], [{8, 5}, {3, 7}, {2, 6}, {1, 4}], [{8, 5}, {3, 7}, {2, 6}, {4}, {1}], [{8, 5}, {3, 7}, {4, 6}, {1, 2}], [{8, 5}, {3, 7}, {4, 6}, {2}, {1}], [{8, 5}, {3, 7}, {6}, {1, 4}, {2}], [{8, 5}, {3, 7}, {6}, {2, 4}, {1}], [{8, 5}, {3, 7}, {6}, {4}, {1, 2}], [{8, 5}, {3, 7}, {6}, {4}, {2}, {1}], [{8, 5}, {4, 7}, {1, 6}, {2, 3}], [{8, 5}, {4, 7}, {1, 6}, {3}, {2}], [{8, 5}, {4, 7}, {2, 6}, {1, 3}], [{8, 5}, {4, 7}, {2, 6}, {3}, {1}], [{8, 5}, {4, 7}, {3, 6}, {1, 2}], [{8, 5}, {4, 7}, {3, 6}, {2}, {1}], [{8, 5}, {4, 7}, {6}, {1, 3}, {2}], [{8, 5}, {4, 7}, {6}, {2, 3}, {1}], [{8, 5}, {4, 7}, {6}, {3}, {1, 2}], [{8, 5}, {4, 7}, {6}, {3}, {2}, {1}], [{8, 5}, {6, 7}, {1, 4}, {2, 3}], [{8, 5}, {6, 7}, {1, 4}, {3}, {2}], [{8, 5}, {6, 7}, {2, 4}, {1, 3}], [{8, 5}, {6, 7}, {2, 4}, {3}, {1}], [{8, 5}, {6, 7}, {3, 4}, {1, 2}], [{8, 5}, {6, 7}, {3, 4}, {2}, {1}], [{8, 5}, {6, 7}, {4}, {1, 3}, {2}], [{8, 5}, {6, 7}, {4}, {2, 3}, {1}], [{8, 5}, {6, 7}, {4}, {3}, {1, 2}], [{8, 5}, {6, 7}, {4}, {3}, {2}, {1}], [{8, 5}, {7}, {1, 6}, {2, 4}, {3}], [{8, 5}, {7}, {1, 6}, {3, 4}, {2}], [{8, 5}, {7}, {1, 6}, {4}, {2, 3}], [{8, 5}, {7}, {1, 6}, {4}, {3}, {2}], [{8, 5}, {7}, {2, 6}, {1, 4}, {3}], [{8, 5}, {7}, {2, 6}, {3, 4}, {1}], [{8, 5}, {7}, {2, 6}, {4}, {1, 3}], [{8, 5}, {7}, {2, 6}, {4}, {3}, {1}], [{8, 5}, {7}, {3, 6}, {1, 4}, {2}], [{8, 5}, {7}, {3, 6}, {2, 4}, {1}], [{8, 5}, {7}, {3, 6}, {4}, {1, 2}], [{8, 5}, {7}, {3, 6}, {4}, {2}, {1}], [{8, 5}, {7}, {4, 6}, {1, 3}, {2}], [{8, 5}, {7}, {4, 6}, {2, 3}, {1}], [{8, 5}, {7}, {4, 6}, {3}, {1, 2}], [{8, 5}, {7}, {4, 6}, {3}, {2}, {1}], [{8, 5}, {7}, {6}, {1, 4}, {2, 3}], [{8, 5}, {7}, {6}, {1, 4}, {3}, {2}], [{8, 5}, {7}, {6}, {2, 4}, {1, 3}], [{8, 5}, {7}, {6}, {2, 4}, {3}, {1}], [{8, 5}, {7}, {6}, {3, 4}, {1, 2}], [{8, 5}, {7}, {6}, {3, 4}, {2}, {1}], [{8, 5}, {7}, {6}, {4}, {1, 3}, {2}], [{8, 5}, {7}, {6}, {4}, {2, 3}, {1}], [{8, 5}, {7}, {6}, {4}, {3}, {1, 2}], [{8, 5}, {7}, {6}, {4}, {3}, {2}, {1}], [{8, 6}, {1, 7}, {2, 5}, {3, 4}], [{8, 6}, {1, 7}, {3, 5}, {2, 4}], [{8, 6}, {1, 7}, {4, 5}, {2, 3}], [{8, 6}, {2, 7}, {1, 5}, {3, 4}], [{8, 6}, {2, 7}, {3, 5}, {1, 4}], [{8, 6}, {2, 7}, {4, 5}, {1, 3}], [{8, 6}, {3, 7}, {1, 5}, {2, 4}], [{8, 6}, {3, 7}, {2, 5}, {1, 4}], [{8, 6}, {3, 7}, {4, 5}, {1, 2}], [{8, 6}, {3, 7}, {5}, {4}, {1, 2}], [{8, 6}, {4, 7}, {1, 5}, {2, 3}], [{8, 6}, {4, 7}, {1, 5}, {3}, {2}], [{8, 6}, {4, 7}, {2, 5}, {1, 3}], [{8, 6}, {4, 7}, {2, 5}, {3}, {1}], [{8, 6}, {4, 7}, {3, 5}, {1, 2}], [{8, 6}, {4, 7}, {3, 5}, {2}, {1}], [{8, 6}, {4, 7}, {5}, {1, 3}, {2}], [{8, 6}, {4, 7}, {5}, {2, 3}, {1}], [{8, 6}, {4, 7}, {5}, {3}, {1, 2}], [{8, 6}, {4, 7}, {5}, {3}, {2}, {1}], [{8, 6}, {5, 7}, {1, 4}, {2, 3}], [{8, 6}, {5, 7}, {2, 4}, {1, 3}], [{8, 6}, {5, 7}, {3, 4}, {1, 2}], [{8, 6}, {7}, {5}, {3, 4}, {1, 2}], [{8, 7}, {1, 6}, {2, 5}, {3, 4}], [{8, 7}, {1, 6}, {3, 5}, {2, 4}], [{8, 7}, {1, 6}, {4, 5}, {2, 3}], [{8, 7}, {1, 6}, {5}, {3, 4}, {2}], [{8, 7}, {2, 6}, {1, 5}, {3, 4}], [{8, 7}, {2, 6}, {3, 5}, {1, 4}], [{8, 7}, {2, 6}, {4, 5}, {1, 3}], [{8, 7}, {3, 6}, {1, 5}, {2, 4}], [{8, 7}, {3, 6}, {2, 5}, {1, 4}], [{8, 7}, {3, 6}, {4, 5}, {1, 2}], [{8, 7}, {3, 6}, {5}, {1, 4}, {2}], [{8, 7}, {4, 6}, {1, 5}, {2, 3}], [{8, 7}, {4, 6}, {1, 5}, {3}, {2}], [{8, 7}, {4, 6}, {2, 5}, {1, 3}], [{8, 7}, {4, 6}, {2, 5}, {3}, {1}], [{8, 7}, {4, 6}, {3, 5}, {1, 2}], [{8, 7}, {4, 6}, {3, 5}, {2}, {1}], [{8, 7}, {4, 6}, {5}, {1, 3}, {2}], [{8, 7}, {4, 6}, {5}, {2, 3}, {1}], [{8, 7}, {4, 6}, {5}, {3}, {1, 2}], [{8, 7}, {4, 6}, {5}, {3}, {2}, {1}], [{8, 7}, {5, 6}, {1, 4}, {2, 3}], [{8, 7}, {5, 6}, {2, 4}, {1, 3}], [{8, 7}, {5, 6}, {3, 4}, {1, 2}], [{8}, {1, 7}, {6}, {2, 5}, {3, 4}], [{8}, {1, 7}, {6}, {3, 5}, {2, 4}], [{8}, {2, 7}, {6}, {1, 5}, {3, 4}], [{8}, {2, 7}, {6}, {3, 5}, {1, 4}], [{8}, {3, 7}, {5, 6}, {4}, {1, 2}], [{8}, {3, 7}, {6}, {1, 5}, {2, 4}], [{8}, {3, 7}, {6}, {2, 5}, {1, 4}], [{8}, {4, 7}, {5, 6}, {1, 3}, {2}], [{8}, {4, 7}, {5, 6}, {2, 3}, {1}], [{8}, {4, 7}, {5, 6}, {3}, {1, 2}], [{8}, {4, 7}, {5, 6}, {3}, {2}, {1}], [{8}, {5, 7}, {1, 6}, {3, 4}, {2}], [{8}, {5, 7}, {3, 6}, {1, 4}, {2}], [{8}, {5, 7}, {4, 6}, {1, 3}, {2}], [{8}, {5, 7}, {4, 6}, {2, 3}, {1}], [{8}, {5, 7}, {4, 6}, {3}, {1, 2}], [{8}, {5, 7}, {4, 6}, {3}, {2}, {1}], [{8}, {6, 7}, {3, 5}, {2, 4}, {1}], [{8}, {7}, {1, 6}, {3, 5}, {2, 4}], [{8}, {7}, {5, 6}, {3, 4}, {1, 2}]]",2,- 8 K_1^4 + 16 K_1^3 + 8 K_1^2 K_2 - 22 K_1^2 - 18 K_1 K_2 - 2 K_1 K_3 - 3 K_1 + 12 K_2 + 5 K_3 + 13,O1O2O3O4U1U5O6U4O7O8U6U8U3U7O5U2,O1O2O3O4U3U1O5U4O6O7U5U2U8U7O8U6,O1O2O3O4U5O6U7U6U3U8O7O5U1O8U4U2,c,{'O1O2O3O4U3O5U6U2U7U8O7O6U1O8U5U4'},1,"<a href=""/flatknot/8.733932"">8.733932</a>",t^9-83t^7-236t^6+400t^5+1558t^4+911t^3-594t^2-512t-80,-t^3+3t,,
8.733933,O1O2O3O4U3O5U6U2U7U8O7O6U4O8U1U5,4,8z^2+85z+139,8w^3z^2+85w^2z+139w,False,False,"[[ 0 -1 -1 -1  2  3 -2 -1  1],[ 1  0  0 -1  3  3 -1  0  2],[ 1  0  0  0  1  1  1  1  1],[ 1  1  0  0  1  1  1  1  0],[-2 -3 -1 -1  0  0 -2 -2  0],[-3 -3 -1 -1  0  0 -4 -4 -1],[ 2  1 -1 -1  2  4  0  1  1],[ 1  0 -1 -1  2  4 -1  0  1],[-1 -2 -1  0  0  1 -1 -1  0]]","[[ 0  3  2  1 -1 -1 -1 -1 -2],[-3  0  0 -1 -1 -1 -3 -4 -4],[-2  0  0  0 -1 -1 -3 -2 -2],[-1  1  0  0  0 -1 -2 -1 -1],[ 1  1  1  0  0  0  1  1  1],[ 1  1  1  1  0  0  0  1  1],[ 1  3  3  2 -1  0  0  0 -1],[ 1  4  2  1 -1 -1  0  0 -1],[ 2  4  2  1 -1 -1  1  1  0]]",True,"[-3,-2,-1,1,1,1,1,2,0,1,1,1,3,4,4,0,1,1,3,2,2,0,1,2,1,1,0,-1,-1,-1,0,-1,-1,0,1,1]","[-3,-2,-1,1,1,1,1,2,0,1,1,1,3,4,4,0,1,1,3,2,2,0,1,2,1,1,0,-1,-1,-1,0,-1,-1,0,1,1]",t^8+77t^6+295t^4+119t^2+1,"[-2,-1,-1,-1,-1,1,2,3,0,0,2,2,2,2,1,0,0,1,0,0,1,1,1,1,1,0,0,1,2,3,2,2,3,1,1,1]","[-3,-2,-1,1,1,1,1,2,1,1,0,1,3,3,1,1,1,0,2,2,2,1,0,1,2,2,0,-1,-1,0,0,-1,0,0,2,2]","[-2,-1,-1,-1,-1,1,2,3,-1,-1,1,1,1,2,4,0,0,1,1,1,1,1,1,0,1,1,0,2,3,3,1,2,4,0,1,0]",c,"[[{8, 1}, {2, 7}, {3, 6}, {4, 5}], [{8, 1}, {2, 7}, {4, 6}, {3, 5}], [{8, 1}, {2, 7}, {5, 6}, {3, 4}], [{8, 1}, {2, 7}, {6}, {3, 5}, {4}], [{8, 1}, {2, 7}, {6}, {4, 5}, {3}], [{8, 1}, {2, 7}, {6}, {5}, {3, 4}], [{8, 1}, {3, 7}, {2, 6}, {4, 5}], [{8, 1}, {3, 7}, {4, 6}, {2, 5}], [{8, 1}, {3, 7}, {5, 6}, {2, 4}], [{8, 1}, {3, 7}, {6}, {2, 5}, {4}], [{8, 1}, {3, 7}, {6}, {4, 5}, {2}], [{8, 1}, {3, 7}, {6}, {5}, {2, 4}], [{8, 1}, {4, 7}, {2, 6}, {3, 5}], [{8, 1}, {4, 7}, {3, 6}, {2, 5}], [{8, 1}, {4, 7}, {5, 6}, {2, 3}], [{8, 1}, {4, 7}, {5, 6}, {3}, {2}], [{8, 1}, {5, 7}, {2, 6}, {3, 4}], [{8, 1}, {5, 7}, {3, 6}, {2, 4}], [{8, 1}, {5, 7}, {4, 6}, {2, 3}], [{8, 1}, {5, 7}, {4, 6}, {3}, {2}], [{8, 1}, {6, 7}, {2, 5}, {3, 4}], [{8, 1}, {6, 7}, {3, 5}, {2, 4}], [{8, 1}, {6, 7}, {4, 5}, {2, 3}], [{8, 1}, {6, 7}, {4, 5}, {3}, {2}], [{8, 1}, {7}, {2, 6}, {4, 5}, {3}], [{8, 1}, {7}, {3, 6}, {4, 5}, {2}], [{8, 1}, {7}, {6}, {4, 5}, {2, 3}], [{8, 1}, {7}, {6}, {4, 5}, {3}, {2}], [{8, 2}, {1, 7}, {3, 6}, {4, 5}], [{8, 2}, {1, 7}, {4, 6}, {3, 5}], [{8, 2}, {1, 7}, {5, 6}, {3, 4}], [{8, 2}, {3, 7}, {1, 6}, {4, 5}], [{8, 2}, {3, 7}, {1, 6}, {5}, {4}], [{8, 2}, {3, 7}, {4, 6}, {1, 5}], [{8, 2}, {3, 7}, {5, 6}, {1, 4}], [{8, 2}, {4, 7}, {1, 6}, {3, 5}], [{8, 2}, {4, 7}, {1, 6}, {5}, {3}], [{8, 2}, {4, 7}, {3, 6}, {1, 5}], [{8, 2}, {4, 7}, {5, 6}, {1, 3}], [{8, 2}, {5, 7}, {1, 6}, {3, 4}], [{8, 2}, {5, 7}, {3, 6}, {1, 4}], [{8, 2}, {5, 7}, {4, 6}, {1, 3}], [{8, 2}, {6, 7}, {1, 5}, {3, 4}], [{8, 2}, {6, 7}, {3, 5}, {1, 4}], [{8, 2}, {6, 7}, {4, 5}, {1, 3}], [{8, 2}, {7}, {1, 6}, {5}, {3, 4}], [{8, 2}, {7}, {3, 6}, {4, 5}, {1}], [{8, 2}, {7}, {4, 6}, {1, 5}, {3}], [{8, 3}, {1, 7}, {2, 6}, {4, 5}], [{8, 3}, {1, 7}, {4, 6}, {2, 5}], [{8, 3}, {1, 7}, {5, 6}, {2, 4}], [{8, 3}, {1, 7}, {6}, {2, 5}, {4}], [{8, 3}, {2, 7}, {1, 6}, {4, 5}], [{8, 3}, {2, 7}, {4, 6}, {1, 5}], [{8, 3}, {2, 7}, {4, 6}, {5}, {1}], [{8, 3}, {2, 7}, {5, 6}, {1, 4}], [{8, 3}, {4, 7}, {1, 6}, {2, 5}], [{8, 3}, {4, 7}, {2, 6}, {1, 5}], [{8, 3}, {4, 7}, {5, 6}, {1, 2}], [{8, 3}, {4, 7}, {6}, {2, 5}, {1}], [{8, 3}, {5, 7}, {1, 6}, {2, 4}], [{8, 3}, {5, 7}, {1, 6}, {4}, {2}], [{8, 3}, {5, 7}, {2, 6}, {1, 4}], [{8, 3}, {5, 7}, {4, 6}, {1, 2}], [{8, 3}, {6, 7}, {1, 5}, {2, 4}], [{8, 3}, {6, 7}, {2, 5}, {1, 4}], [{8, 3}, {6, 7}, {4, 5}, {1, 2}], [{8, 3}, {7}, {6}, {1, 5}, {2, 4}], [{8, 3}, {7}, {6}, {2, 5}, {1, 4}], [{8, 4}, {1, 7}, {2, 6}, {3, 5}], [{8, 4}, {1, 7}, {3, 6}, {2, 5}], [{8, 4}, {1, 7}, {5, 6}, {2, 3}], [{8, 4}, {1, 7}, {6}, {2, 5}, {3}], [{8, 4}, {2, 7}, {1, 6}, {3, 5}], [{8, 4}, {2, 7}, {3, 6}, {1, 5}], [{8, 4}, {2, 7}, {3, 6}, {5}, {1}], [{8, 4}, {2, 7}, {5, 6}, {1, 3}], [{8, 4}, {3, 7}, {1, 6}, {2, 5}], [{8, 4}, {3, 7}, {2, 6}, {1, 5}], [{8, 4}, {3, 7}, {5, 6}, {1, 2}], [{8, 4}, {5, 7}, {1, 6}, {2, 3}], [{8, 4}, {5, 7}, {1, 6}, {3}, {2}], [{8, 4}, {5, 7}, {2, 6}, {1, 3}], [{8, 4}, {5, 7}, {3, 6}, {1, 2}], [{8, 4}, {6, 7}, {1, 5}, {2, 3}], [{8, 4}, {6, 7}, {2, 5}, {1, 3}], [{8, 4}, {6, 7}, {3, 5}, {1, 2}], [{8, 4}, {6, 7}, {3, 5}, {2}, {1}], [{8, 5}, {1, 7}, {2, 6}, {3, 4}], [{8, 5}, {1, 7}, {3, 6}, {2, 4}], [{8, 5}, {1, 7}, {3, 6}, {4}, {2}], [{8, 5}, {1, 7}, {4, 6}, {2, 3}], [{8, 5}, {1, 7}, {6}, {2, 4}, {3}], [{8, 5}, {2, 7}, {1, 6}, {3, 4}], [{8, 5}, {2, 7}, {3, 6}, {1, 4}], [{8, 5}, {2, 7}, {4, 6}, {1, 3}], [{8, 5}, {2, 7}, {6}, {3, 4}, {1}], [{8, 5}, {3, 7}, {1, 6}, {2, 4}], [{8, 5}, {3, 7}, {1, 6}, {4}, {2}], [{8, 5}, {3, 7}, {2, 6}, {1, 4}], [{8, 5}, {3, 7}, {2, 6}, {4}, {1}], [{8, 5}, {3, 7}, {4, 6}, {1, 2}], [{8, 5}, {3, 7}, {6}, {4}, {1, 2}], [{8, 5}, {4, 7}, {1, 6}, {2, 3}], [{8, 5}, {4, 7}, {1, 6}, {3}, {2}], [{8, 5}, {4, 7}, {2, 6}, {1, 3}], [{8, 5}, {4, 7}, {3, 6}, {1, 2}], [{8, 5}, {6, 7}, {1, 4}, {2, 3}], [{8, 5}, {6, 7}, {2, 4}, {1, 3}], [{8, 5}, {6, 7}, {3, 4}, {1, 2}], [{8, 5}, {7}, {1, 6}, {3, 4}, {2}], [{8, 5}, {7}, {2, 6}, {1, 4}, {3}], [{8, 5}, {7}, {4, 6}, {2, 3}, {1}], [{8, 6}, {1, 7}, {2, 5}, {3, 4}], [{8, 6}, {1, 7}, {3, 5}, {2, 4}], [{8, 6}, {1, 7}, {3, 5}, {4}, {2}], [{8, 6}, {1, 7}, {4, 5}, {2, 3}], [{8, 6}, {2, 7}, {1, 5}, {3, 4}], [{8, 6}, {2, 7}, {1, 5}, {4}, {3}], [{8, 6}, {2, 7}, {3, 5}, {1, 4}], [{8, 6}, {2, 7}, {3, 5}, {4}, {1}], [{8, 6}, {2, 7}, {4, 5}, {1, 3}], [{8, 6}, {2, 7}, {4, 5}, {3}, {1}], [{8, 6}, {2, 7}, {5}, {1, 4}, {3}], [{8, 6}, {2, 7}, {5}, {3, 4}, {1}], [{8, 6}, {2, 7}, {5}, {4}, {1, 3}], [{8, 6}, {2, 7}, {5}, {4}, {3}, {1}], [{8, 6}, {3, 7}, {1, 5}, {2, 4}], [{8, 6}, {3, 7}, {2, 5}, {1, 4}], [{8, 6}, {3, 7}, {2, 5}, {4}, {1}], [{8, 6}, {3, 7}, {4, 5}, {1, 2}], [{8, 6}, {3, 7}, {5}, {1, 4}, {2}], [{8, 6}, {4, 7}, {1, 5}, {2, 3}], [{8, 6}, {4, 7}, {1, 5}, {3}, {2}], [{8, 6}, {4, 7}, {2, 5}, {1, 3}], [{8, 6}, {4, 7}, {3, 5}, {1, 2}], [{8, 6}, {4, 7}, {3, 5}, {2}, {1}], [{8, 6}, {4, 7}, {5}, {1, 3}, {2}], [{8, 6}, {5, 7}, {1, 4}, {2, 3}], [{8, 6}, {5, 7}, {1, 4}, {3}, {2}], [{8, 6}, {5, 7}, {2, 4}, {1, 3}], [{8, 6}, {5, 7}, {3, 4}, {1, 2}], [{8, 6}, {5, 7}, {4}, {2, 3}, {1}], [{8, 6}, {7}, {1, 5}, {2, 4}, {3}], [{8, 6}, {7}, {2, 5}, {1, 4}, {3}], [{8, 6}, {7}, {3, 5}, {1, 4}, {2}], [{8, 6}, {7}, {3, 5}, {2, 4}, {1}], [{8, 6}, {7}, {3, 5}, {4}, {1, 2}], [{8, 6}, {7}, {3, 5}, {4}, {2}, {1}], [{8, 6}, {7}, {5}, {1, 4}, {2, 3}], [{8, 6}, {7}, {5}, {2, 4}, {1, 3}], [{8, 7}, {1, 6}, {2, 5}, {3, 4}], [{8, 7}, {1, 6}, {3, 5}, {2, 4}], [{8, 7}, {1, 6}, {4, 5}, {2, 3}], [{8, 7}, {1, 6}, {5}, {3, 4}, {2}], [{8, 7}, {2, 6}, {1, 5}, {3, 4}], [{8, 7}, {2, 6}, {3, 5}, {1, 4}], [{8, 7}, {2, 6}, {4, 5}, {1, 3}], [{8, 7}, {3, 6}, {1, 5}, {2, 4}], [{8, 7}, {3, 6}, {2, 5}, {1, 4}], [{8, 7}, {3, 6}, {4, 5}, {1, 2}], [{8, 7}, {3, 6}, {5}, {1, 4}, {2}], [{8, 7}, {4, 6}, {1, 5}, {2, 3}], [{8, 7}, {4, 6}, {2, 5}, {1, 3}], [{8, 7}, {4, 6}, {3, 5}, {1, 2}], [{8, 7}, {4, 6}, {3, 5}, {2}, {1}], [{8, 7}, {5, 6}, {1, 4}, {2, 3}], [{8, 7}, {5, 6}, {2, 4}, {1, 3}], [{8, 7}, {5, 6}, {2, 4}, {3}, {1}], [{8, 7}, {5, 6}, {3, 4}, {1, 2}], [{8}, {1, 7}, {2, 6}, {5}, {3, 4}], [{8}, {1, 7}, {4, 6}, {5}, {2, 3}], [{8}, {1, 7}, {5, 6}, {3, 4}, {2}], [{8}, {1, 7}, {6}, {2, 5}, {3, 4}], [{8}, {2, 7}, {1, 6}, {3, 5}, {4}], [{8}, {2, 7}, {1, 6}, {4, 5}, {3}], [{8}, {2, 7}, {1, 6}, {5}, {3, 4}], [{8}, {2, 7}, {5, 6}, {3, 4}, {1}], [{8}, {2, 7}, {6}, {1, 5}, {3, 4}], [{8}, {2, 7}, {6}, {5}, {3, 4}, {1}], [{8}, {3, 7}, {1, 6}, {2, 5}, {4}], [{8}, {4, 7}, {1, 6}, {2, 5}, {3}], [{8}, {4, 7}, {5, 6}, {2, 3}, {1}], [{8}, {5, 7}, {1, 6}, {3, 4}, {2}], [{8}, {5, 7}, {2, 6}, {3, 4}, {1}], [{8}, {5, 7}, {6}, {3, 4}, {1, 2}], [{8}, {6, 7}, {1, 5}, {3, 4}, {2}], [{8}, {6, 7}, {2, 5}, {3, 4}, {1}], [{8}, {6, 7}, {5}, {3, 4}, {1, 2}], [{8}, {7}, {1, 6}, {2, 5}, {3, 4}], [{8}, {7}, {1, 6}, {5}, {3, 4}, {2}], [{8}, {7}, {2, 6}, {1, 5}, {3, 4}], [{8}, {7}, {3, 6}, {1, 5}, {2, 4}], [{8}, {7}, {3, 6}, {2, 5}, {1, 4}], [{8}, {7}, {3, 6}, {4, 5}, {1, 2}], [{8}, {7}, {5, 6}, {3, 4}, {1, 2}]]",2,4 K_1^3 - 28 K_1^2 - 18 K_1 K_2 - 4 K_1 K_3 + 6 K_1 + 16 K_2 + 8 K_3 + 2 K_4 + 15,O1O2O3O4U5U4O6U1O7O8U6U8U3U7O5U2,O1O2O3O4U3U1O5U4O6O7U6U2U8U5O8U7,O1O2O3O4U5O6U7U6U3U8O5O8U1O7U4U2,c,{'O1O2O3O4U3O5U6U2U7U8O7O6U4O8U1U5'},1,"<a href=""/flatknot/8.733933"">8.733933</a>",t^9-71t^7-198t^6+79t^5+462t^4+3t^3-232t^2+2t+12,-t^3+3t,,
8.733934,O1O2O3O4U3O5U6U2U7U1O8O6U4O7U8U5,4,z^3+20z^2+102z+133,w^4z^3+20w^3z^2+102w^2z+133w,False,False,"[[ 0  0 -1 -1  2  3 -2  0 -1],[ 0  0  0  0  2  1 -1  0 -1],[ 1  0  0  0  1  1  1  1  0],[ 1  0  0  0  1  1  1  0  1],[-2 -2 -1 -1  0  1 -2 -1 -1],[-3 -1 -1 -1 -1  0 -3 -1 -2],[ 2  1 -1 -1  2  3  0  1  0],[ 0  0 -1  0  1  1 -1  0 -1],[ 1  1  0 -1  1  2  0  1  0]]","[[ 0  3  2  0  0 -1 -1 -1 -2],[-3  0 -1 -1 -1 -1 -1 -2 -3],[-2  1  0 -1 -2 -1 -1 -1 -2],[ 0  1  1  0  0  0 -1 -1 -1],[ 0  1  2  0  0  0  0 -1 -1],[ 1  1  1  0  0  0  0  1  1],[ 1  1  1  1  0  0  0  0  1],[ 1  2  1  1  1 -1  0  0  0],[ 2  3  2  1  1 -1 -1  0  0]]",True,"[-3,-2,0,0,1,1,1,2,1,1,1,1,1,2,3,1,2,1,1,1,2,0,0,1,1,1,0,0,1,1,0,-1,-1,0,-1,0]","[-3,-2,0,0,1,1,1,2,0,2,2,2,3,3,2,0,1,2,2,2,2,0,0,1,1,1,0,0,1,1,0,-1,1,0,2,2]",t^8+38t^6+143t^4+93t^2+1,"[-2,-1,-1,-1,0,0,2,3,1,2,2,1,1,2,2,0,1,0,0,2,2,0,0,1,2,3,1,1,2,3,0,1,2,0,2,0]","[-3,-2,0,0,1,1,1,2,0,2,2,2,3,3,2,0,1,2,2,2,2,0,0,1,1,1,0,0,1,1,0,-1,1,0,2,2]","[-2,-1,-1,-1,0,0,2,3,-1,-1,0,1,1,2,3,0,0,0,1,1,1,1,0,0,1,1,1,1,1,2,0,2,1,1,1,1]",c,"[[{8, 4}, {1, 7}, {2, 6}, {3, 5}], [{8, 5}, {3, 7}, {2, 6}, {1, 4}]]",1,12 K_1^3 - 28 K_1^2 - 14 K_1 K_2 - 4 K_1 K_3 - 2 K_1 + 16 K_2 + 4 K_3 + 2 K_4 + 15,O1O2O3O4U5U6O7U1O8O6U4U7U3U8O5U2,O1O2O3O4U5U1O6U3O5O7U4U2U8U6O8U7,O1O2O3O4U5O6U7U6U3U1O5O8U2O7U4U8,c,{'O1O2O3O4U3O5U6U2U7U1O8O6U4O7U8U5'},1,"<a href=""/flatknot/8.733934"">8.733934</a>",t^9-32t^7-94t^6-51t^5+144t^4+145t^3-62t^2-65t+16,-t^3+3t,,
8.733935,O1O2O3O4U3O5U6U2U7U1O8O6U8O7U5U4,4,17z^2+102z+137,17w^3z^2+102w^2z+137w,False,False,"[[ 0  0 -1 -1  3  2 -2  0 -1],[ 0  0  0  0  2  0 -1  1 -1],[ 1  0  0  0  2  0  1  2 -1],[ 1  0  0  0  1  0  1  1  0],[-3 -2 -2 -1  0  0 -3 -2 -1],[-2  0  0  0  0  0 -2 -1 -1],[ 2  1 -1 -1  3  2  0  2 -1],[ 0 -1 -2 -1  2  1 -2  0 -1],[ 1  1  1  0  1  1  1  1  0]]","[[ 0  3  2  0  0 -1 -1 -1 -2],[-3  0  0 -2 -2 -1 -1 -2 -3],[-2  0  0  0 -1  0 -1  0 -2],[ 0  2  0  0  1  0 -1  0 -1],[ 0  2  1 -1  0 -1 -1 -2 -2],[ 1  1  0  0  1  0  0  0  1],[ 1  1  1  1  1  0  0  1  1],[ 1  2  0  0  2  0 -1  0  1],[ 2  3  2  1  2 -1 -1 -1  0]]",True,"[-3,-2,0,0,1,1,1,2,0,2,2,1,1,2,3,0,1,0,1,0,2,-1,0,1,0,1,1,1,2,2,0,0,-1,-1,-1,-1]","[-3,-2,0,0,1,1,1,2,0,2,2,1,1,2,3,0,1,0,1,0,2,-1,0,1,0,1,1,1,2,2,0,0,-1,-1,-1,-1]",t^8+46t^6+171t^4+54t^2+1,"[-2,-1,-1,-1,0,0,2,3,2,2,2,0,1,2,2,-1,0,0,0,2,3,0,-1,1,3,2,0,1,3,3,1,1,1,2,1,1]","[-3,-2,0,0,1,1,1,2,1,1,1,2,3,3,2,1,2,3,2,3,2,-1,-1,0,0,0,1,0,1,1,-1,0,2,0,2,2]","[-2,-1,-1,-1,0,0,2,3,-1,-1,-1,1,2,2,3,-1,0,0,2,0,2,0,1,1,1,1,0,1,0,1,1,0,2,1,2,0]",c,"[[{8, 1}, {2, 7}, {3, 6}, {4, 5}], [{8, 1}, {2, 7}, {4, 6}, {3, 5}], [{8, 1}, {2, 7}, {5, 6}, {3, 4}], [{8, 1}, {3, 7}, {2, 6}, {4, 5}], [{8, 1}, {3, 7}, {4, 6}, {2, 5}], [{8, 1}, {3, 7}, {5, 6}, {2, 4}], [{8, 1}, {3, 7}, {6}, {2, 5}, {4}], [{8, 1}, {4, 7}, {2, 6}, {3, 5}], [{8, 1}, {4, 7}, {2, 6}, {5}, {3}], [{8, 1}, {4, 7}, {3, 6}, {2, 5}], [{8, 1}, {4, 7}, {5, 6}, {2, 3}], [{8, 1}, {5, 7}, {2, 6}, {3, 4}], [{8, 1}, {5, 7}, {3, 6}, {2, 4}], [{8, 1}, {5, 7}, {4, 6}, {2, 3}], [{8, 1}, {5, 7}, {4, 6}, {3}, {2}], [{8, 1}, {6, 7}, {2, 5}, {3, 4}], [{8, 1}, {6, 7}, {3, 5}, {2, 4}], [{8, 1}, {6, 7}, {4, 5}, {2, 3}], [{8, 1}, {6, 7}, {5}, {3, 4}, {2}], [{8, 1}, {7}, {2, 6}, {3, 5}, {4}], [{8, 2}, {1, 7}, {3, 6}, {4, 5}], [{8, 2}, {1, 7}, {4, 6}, {3, 5}], [{8, 2}, {1, 7}, {5, 6}, {3, 4}], [{8, 2}, {3, 7}, {1, 6}, {4, 5}], [{8, 2}, {3, 7}, {4, 6}, {1, 5}], [{8, 2}, {3, 7}, {5, 6}, {1, 4}], [{8, 2}, {4, 7}, {1, 6}, {3, 5}], [{8, 2}, {4, 7}, {3, 6}, {1, 5}], [{8, 2}, {4, 7}, {5, 6}, {1, 3}], [{8, 2}, {5, 7}, {1, 6}, {3, 4}], [{8, 2}, {5, 7}, {3, 6}, {1, 4}], [{8, 2}, {5, 7}, {4, 6}, {1, 3}], [{8, 2}, {5, 7}, {4, 6}, {3}, {1}], [{8, 2}, {6, 7}, {1, 5}, {3, 4}], [{8, 2}, {6, 7}, {3, 5}, {1, 4}], [{8, 2}, {6, 7}, {4, 5}, {1, 3}], [{8, 2}, {7}, {1, 6}, {3, 5}, {4}], [{8, 2}, {7}, {1, 6}, {4, 5}, {3}], [{8, 2}, {7}, {1, 6}, {5}, {3, 4}], [{8, 3}, {1, 7}, {2, 6}, {4, 5}], [{8, 3}, {1, 7}, {4, 6}, {2, 5}], [{8, 3}, {1, 7}, {5, 6}, {2, 4}], [{8, 3}, {1, 7}, {5, 6}, {4}, {2}], [{8, 3}, {2, 7}, {1, 6}, {4, 5}], [{8, 3}, {2, 7}, {4, 6}, {1, 5}], [{8, 3}, {2, 7}, {5, 6}, {1, 4}], [{8, 3}, {4, 7}, {1, 6}, {2, 5}], [{8, 3}, {4, 7}, {2, 6}, {1, 5}], [{8, 3}, {4, 7}, {5, 6}, {1, 2}], [{8, 3}, {5, 7}, {1, 6}, {2, 4}], [{8, 3}, {5, 7}, {2, 6}, {1, 4}], [{8, 3}, {5, 7}, {4, 6}, {1, 2}], [{8, 3}, {5, 7}, {4, 6}, {2}, {1}], [{8, 3}, {6, 7}, {1, 5}, {2, 4}], [{8, 3}, {6, 7}, {2, 5}, {1, 4}], [{8, 3}, {6, 7}, {4, 5}, {1, 2}], [{8, 3}, {7}, {1, 6}, {5}, {2, 4}], [{8, 3}, {7}, {6}, {2, 5}, {1, 4}], [{8, 4}, {1, 7}, {2, 6}, {3, 5}], [{8, 4}, {1, 7}, {3, 6}, {2, 5}], [{8, 4}, {1, 7}, {5, 6}, {2, 3}], [{8, 4}, {2, 7}, {1, 6}, {3, 5}], [{8, 4}, {2, 7}, {3, 6}, {1, 5}], [{8, 4}, {2, 7}, {5, 6}, {1, 3}], [{8, 4}, {2, 7}, {6}, {3, 5}, {1}], [{8, 4}, {3, 7}, {1, 6}, {2, 5}], [{8, 4}, {3, 7}, {2, 6}, {1, 5}], [{8, 4}, {3, 7}, {5, 6}, {1, 2}], [{8, 4}, {3, 7}, {6}, {2, 5}, {1}], [{8, 4}, {5, 7}, {1, 6}, {2, 3}], [{8, 4}, {5, 7}, {2, 6}, {1, 3}], [{8, 4}, {5, 7}, {3, 6}, {1, 2}], [{8, 4}, {5, 7}, {6}, {1, 3}, {2}], [{8, 4}, {6, 7}, {1, 5}, {2, 3}], [{8, 4}, {6, 7}, {2, 5}, {1, 3}], [{8, 4}, {6, 7}, {3, 5}, {1, 2}], [{8, 4}, {6, 7}, {5}, {3}, {1, 2}], [{8, 5}, {1, 7}, {2, 6}, {3, 4}], [{8, 5}, {1, 7}, {3, 6}, {2, 4}], [{8, 5}, {1, 7}, {4, 6}, {2, 3}], [{8, 5}, {1, 7}, {4, 6}, {3}, {2}], [{8, 5}, {2, 7}, {1, 6}, {3, 4}], [{8, 5}, {2, 7}, {3, 6}, {1, 4}], [{8, 5}, {2, 7}, {4, 6}, {1, 3}], [{8, 5}, {2, 7}, {4, 6}, {3}, {1}], [{8, 5}, {2, 7}, {6}, {4}, {1, 3}], [{8, 5}, {3, 7}, {1, 6}, {2, 4}], [{8, 5}, {3, 7}, {2, 6}, {1, 4}], [{8, 5}, {3, 7}, {4, 6}, {1, 2}], [{8, 5}, {3, 7}, {4, 6}, {2}, {1}], [{8, 5}, {3, 7}, {6}, {4}, {1, 2}], [{8, 5}, {4, 7}, {1, 6}, {2, 3}], [{8, 5}, {4, 7}, {2, 6}, {1, 3}], [{8, 5}, {4, 7}, {3, 6}, {1, 2}], [{8, 5}, {6, 7}, {1, 4}, {2, 3}], [{8, 5}, {6, 7}, {2, 4}, {1, 3}], [{8, 5}, {6, 7}, {3, 4}, {1, 2}], [{8, 5}, {7}, {4, 6}, {1, 3}, {2}], [{8, 5}, {7}, {4, 6}, {2, 3}, {1}], [{8, 5}, {7}, {4, 6}, {3}, {1, 2}], [{8, 5}, {7}, {4, 6}, {3}, {2}, {1}], [{8, 6}, {1, 7}, {2, 5}, {3, 4}], [{8, 6}, {1, 7}, {3, 5}, {2, 4}], [{8, 6}, {1, 7}, {4, 5}, {2, 3}], [{8, 6}, {2, 7}, {1, 5}, {3, 4}], [{8, 6}, {2, 7}, {3, 5}, {1, 4}], [{8, 6}, {2, 7}, {4, 5}, {1, 3}], [{8, 6}, {3, 7}, {1, 5}, {2, 4}], [{8, 6}, {3, 7}, {2, 5}, {1, 4}], [{8, 6}, {3, 7}, {4, 5}, {1, 2}], [{8, 6}, {4, 7}, {1, 5}, {2, 3}], [{8, 6}, {4, 7}, {1, 5}, {3}, {2}], [{8, 6}, {4, 7}, {2, 5}, {1, 3}], [{8, 6}, {4, 7}, {3, 5}, {1, 2}], [{8, 6}, {5, 7}, {1, 4}, {2, 3}], [{8, 6}, {5, 7}, {2, 4}, {1, 3}], [{8, 6}, {5, 7}, {3, 4}, {1, 2}], [{8, 6}, {5, 7}, {4}, {1, 3}, {2}], [{8, 7}, {1, 6}, {2, 5}, {3, 4}], [{8, 7}, {1, 6}, {2, 5}, {4}, {3}], [{8, 7}, {1, 6}, {3, 5}, {2, 4}], [{8, 7}, {1, 6}, {3, 5}, {4}, {2}], [{8, 7}, {1, 6}, {4, 5}, {2, 3}], [{8, 7}, {1, 6}, {4, 5}, {3}, {2}], [{8, 7}, {1, 6}, {5}, {2, 4}, {3}], [{8, 7}, {1, 6}, {5}, {3, 4}, {2}], [{8, 7}, {1, 6}, {5}, {4}, {2, 3}], [{8, 7}, {1, 6}, {5}, {4}, {3}, {2}], [{8, 7}, {2, 6}, {1, 5}, {3, 4}], [{8, 7}, {2, 6}, {3, 5}, {1, 4}], [{8, 7}, {2, 6}, {4, 5}, {1, 3}], [{8, 7}, {2, 6}, {5}, {1, 4}, {3}], [{8, 7}, {2, 6}, {5}, {3, 4}, {1}], [{8, 7}, {2, 6}, {5}, {4}, {1, 3}], [{8, 7}, {3, 6}, {1, 5}, {2, 4}], [{8, 7}, {3, 6}, {2, 5}, {1, 4}], [{8, 7}, {3, 6}, {4, 5}, {1, 2}], [{8, 7}, {3, 6}, {5}, {1, 4}, {2}], [{8, 7}, {3, 6}, {5}, {2, 4}, {1}], [{8, 7}, {3, 6}, {5}, {4}, {1, 2}], [{8, 7}, {4, 6}, {1, 5}, {2, 3}], [{8, 7}, {4, 6}, {1, 5}, {3}, {2}], [{8, 7}, {4, 6}, {2, 5}, {1, 3}], [{8, 7}, {4, 6}, {2, 5}, {3}, {1}], [{8, 7}, {4, 6}, {3, 5}, {1, 2}], [{8, 7}, {4, 6}, {3, 5}, {2}, {1}], [{8, 7}, {4, 6}, {5}, {1, 3}, {2}], [{8, 7}, {4, 6}, {5}, {2, 3}, {1}], [{8, 7}, {4, 6}, {5}, {3}, {1, 2}], [{8, 7}, {4, 6}, {5}, {3}, {2}, {1}], [{8, 7}, {5, 6}, {1, 4}, {2, 3}], [{8, 7}, {5, 6}, {1, 4}, {3}, {2}], [{8, 7}, {5, 6}, {2, 4}, {1, 3}], [{8, 7}, {5, 6}, {3, 4}, {1, 2}], [{8, 7}, {6}, {2, 5}, {1, 4}, {3}], [{8, 7}, {6}, {3, 5}, {1, 4}, {2}], [{8, 7}, {6}, {5}, {1, 4}, {2, 3}], [{8, 7}, {6}, {5}, {1, 4}, {3}, {2}], [{8, 7}, {6}, {5}, {2, 4}, {1, 3}], [{8, 7}, {6}, {5}, {3, 4}, {1, 2}], [{8}, {1, 7}, {3, 6}, {2, 5}, {4}], [{8}, {2, 7}, {1, 6}, {3, 5}, {4}], [{8}, {2, 7}, {1, 6}, {4, 5}, {3}], [{8}, {2, 7}, {1, 6}, {5}, {3, 4}], [{8}, {3, 7}, {1, 6}, {5}, {2, 4}], [{8}, {3, 7}, {6}, {2, 5}, {1, 4}], [{8}, {5, 7}, {4, 6}, {1, 3}, {2}], [{8}, {5, 7}, {4, 6}, {2, 3}, {1}], [{8}, {5, 7}, {4, 6}, {3}, {1, 2}], [{8}, {5, 7}, {4, 6}, {3}, {2}, {1}], [{8}, {7}, {3, 6}, {1, 5}, {2, 4}], [{8}, {7}, {3, 6}, {4, 5}, {1, 2}]]",2,16 K_1^3 + 4 K_1^2 K_2 - 32 K_1^2 - 18 K_1 K_2 - 4 K_1 K_3 - 3 K_1 + 16 K_2 + 5 K_3 + K_4 + 16,O1O2O3O4U1U5O6U7O8O7U4U6U3U8O5U2,O1O2O3O4U5U1O5U3O6O7U4U2U8U7O8U6,O1O2O3O4U5O6U7U6U3U1O7O5U2O8U4U8,c,{'O1O2O3O4U3O5U6U2U7U1O8O6U8O7U5U4'},1,"<a href=""/flatknot/8.733935"">8.733935</a>",t^9-40t^7-158t^6-215t^5+2t^4+216t^3+52t^2-99t+12,-t^3+3t,,
8.733936,O1O2O3O4U3O5U6U2U7U4O8O6U8O7U1U5,4,16z^2+93z+123,16w^3z^2+93w^2z+123w,False,False,"[[ 0 -1 -1 -1  3  3 -2  0 -1],[ 1  0  0 -1  4  3 -1  1 -1],[ 1  0  0  0  2  1  0  1 -1],[ 1  1  0  0  1  1  0  0  0],[-3 -4 -2 -1  0 -1 -3 -2 -1],[-3 -3 -1 -1  1  0 -3 -2 -1],[ 2  1  0  0  3  3  0  2 -1],[ 0 -1 -1  0  2  2 -2  0 -1],[ 1  1  1  0  1  1  1  1  0]]","[[ 0  3  3  0 -1 -1 -1 -1 -2],[-3  0  1 -2 -1 -1 -1 -3 -3],[-3 -1  0 -2 -1 -1 -2 -4 -3],[ 0  2  2  0  0 -1 -1 -1 -2],[ 1  1  1  0  0  0  0  1  0],[ 1  1  1  1  0  0  1  1  1],[ 1  1  2  1  0 -1  0  0  0],[ 1  3  4  1 -1 -1  0  0 -1],[ 2  3  3  2  0 -1  0  1  0]]",True,"[-3,-3,0,1,1,1,1,2,-1,2,1,1,1,3,3,2,1,1,2,4,3,0,1,1,1,2,0,0,-1,0,-1,-1,-1,0,0,1]","[-3,-3,0,1,1,1,1,2,-1,1,0,2,3,3,2,1,1,3,3,3,2,0,0,0,1,0,0,-1,-1,0,-1,0,1,0,2,1]",t^8+73t^6+151t^4+45t^2+1,"[-2,-1,-1,-1,-1,0,3,3,0,1,1,2,0,2,2,0,1,1,0,0,1,0,1,0,2,3,0,1,3,3,0,3,3,1,1,1]","[-3,-3,0,1,1,1,1,2,-1,1,0,2,3,3,2,1,1,3,3,3,2,0,0,0,1,0,0,-1,-1,0,-1,0,1,0,2,1]","[-2,-1,-1,-1,-1,0,3,3,-1,0,0,1,2,3,3,0,1,1,1,1,1,0,1,0,1,1,0,1,1,2,1,3,4,2,2,1]",c,"[[{8, 1}, {2, 7}, {3, 6}, {4, 5}], [{8, 1}, {2, 7}, {4, 6}, {3, 5}], [{8, 1}, {2, 7}, {5, 6}, {3, 4}], [{8, 1}, {2, 7}, {6}, {4, 5}, {3}], [{8, 1}, {3, 7}, {2, 6}, {4, 5}], [{8, 1}, {3, 7}, {4, 6}, {2, 5}], [{8, 1}, {3, 7}, {5, 6}, {2, 4}], [{8, 1}, {4, 7}, {2, 6}, {3, 5}], [{8, 1}, {4, 7}, {3, 6}, {2, 5}], [{8, 1}, {4, 7}, {5, 6}, {2, 3}], [{8, 1}, {5, 7}, {2, 6}, {3, 4}], [{8, 1}, {5, 7}, {3, 6}, {2, 4}], [{8, 1}, {5, 7}, {4, 6}, {2, 3}], [{8, 1}, {6, 7}, {2, 5}, {3, 4}], [{8, 1}, {6, 7}, {3, 5}, {2, 4}], [{8, 1}, {6, 7}, {4, 5}, {2, 3}], [{8, 1}, {7}, {6}, {3, 5}, {2, 4}], [{8, 2}, {1, 7}, {3, 6}, {4, 5}], [{8, 2}, {1, 7}, {4, 6}, {3, 5}], [{8, 2}, {1, 7}, {5, 6}, {3, 4}], [{8, 2}, {1, 7}, {5, 6}, {4}, {3}], [{8, 2}, {3, 7}, {1, 6}, {4, 5}], [{8, 2}, {3, 7}, {4, 6}, {1, 5}], [{8, 2}, {3, 7}, {5, 6}, {1, 4}], [{8, 2}, {4, 7}, {1, 6}, {3, 5}], [{8, 2}, {4, 7}, {1, 6}, {5}, {3}], [{8, 2}, {4, 7}, {3, 6}, {1, 5}], [{8, 2}, {4, 7}, {5, 6}, {1, 3}], [{8, 2}, {5, 7}, {1, 6}, {3, 4}], [{8, 2}, {5, 7}, {3, 6}, {1, 4}], [{8, 2}, {5, 7}, {4, 6}, {1, 3}], [{8, 2}, {6, 7}, {1, 5}, {3, 4}], [{8, 2}, {6, 7}, {3, 5}, {1, 4}], [{8, 2}, {6, 7}, {4, 5}, {1, 3}], [{8, 2}, {7}, {1, 6}, {3, 5}, {4}], [{8, 2}, {7}, {4, 6}, {3, 5}, {1}], [{8, 2}, {7}, {6}, {3, 5}, {1, 4}], [{8, 2}, {7}, {6}, {4, 5}, {1, 3}], [{8, 3}, {1, 7}, {2, 6}, {4, 5}], [{8, 3}, {1, 7}, {4, 6}, {2, 5}], [{8, 3}, {1, 7}, {4, 6}, {5}, {2}], [{8, 3}, {1, 7}, {5, 6}, {2, 4}], [{8, 3}, {2, 7}, {1, 6}, {4, 5}], [{8, 3}, {2, 7}, {4, 6}, {1, 5}], [{8, 3}, {2, 7}, {5, 6}, {1, 4}], [{8, 3}, {2, 7}, {6}, {4, 5}, {1}], [{8, 3}, {4, 7}, {1, 6}, {2, 5}], [{8, 3}, {4, 7}, {2, 6}, {1, 5}], [{8, 3}, {4, 7}, {2, 6}, {5}, {1}], [{8, 3}, {4, 7}, {5, 6}, {1, 2}], [{8, 3}, {4, 7}, {5, 6}, {2}, {1}], [{8, 3}, {4, 7}, {6}, {2, 5}, {1}], [{8, 3}, {5, 7}, {1, 6}, {2, 4}], [{8, 3}, {5, 7}, {2, 6}, {1, 4}], [{8, 3}, {5, 7}, {4, 6}, {1, 2}], [{8, 3}, {5, 7}, {4, 6}, {2}, {1}], [{8, 3}, {6, 7}, {1, 5}, {2, 4}], [{8, 3}, {6, 7}, {2, 5}, {1, 4}], [{8, 3}, {6, 7}, {4, 5}, {1, 2}], [{8, 3}, {7}, {4, 6}, {1, 5}, {2}], [{8, 4}, {1, 7}, {2, 6}, {3, 5}], [{8, 4}, {1, 7}, {2, 6}, {5}, {3}], [{8, 4}, {1, 7}, {3, 6}, {2, 5}], [{8, 4}, {1, 7}, {3, 6}, {5}, {2}], [{8, 4}, {1, 7}, {5, 6}, {2, 3}], [{8, 4}, {1, 7}, {5, 6}, {3}, {2}], [{8, 4}, {1, 7}, {6}, {2, 5}, {3}], [{8, 4}, {1, 7}, {6}, {3, 5}, {2}], [{8, 4}, {1, 7}, {6}, {5}, {2, 3}], [{8, 4}, {1, 7}, {6}, {5}, {3}, {2}], [{8, 4}, {2, 7}, {1, 6}, {3, 5}], [{8, 4}, {2, 7}, {3, 6}, {1, 5}], [{8, 4}, {2, 7}, {3, 6}, {5}, {1}], [{8, 4}, {2, 7}, {5, 6}, {1, 3}], [{8, 4}, {3, 7}, {1, 6}, {2, 5}], [{8, 4}, {3, 7}, {1, 6}, {5}, {2}], [{8, 4}, {3, 7}, {2, 6}, {1, 5}], [{8, 4}, {3, 7}, {5, 6}, {1, 2}], [{8, 4}, {5, 7}, {1, 6}, {2, 3}], [{8, 4}, {5, 7}, {2, 6}, {1, 3}], [{8, 4}, {5, 7}, {3, 6}, {1, 2}], [{8, 4}, {5, 7}, {3, 6}, {2}, {1}], [{8, 4}, {6, 7}, {1, 5}, {2, 3}], [{8, 4}, {6, 7}, {2, 5}, {1, 3}], [{8, 4}, {6, 7}, {3, 5}, {1, 2}], [{8, 4}, {6, 7}, {5}, {1, 3}, {2}], [{8, 4}, {7}, {2, 6}, {3, 5}, {1}], [{8, 4}, {7}, {3, 6}, {1, 5}, {2}], [{8, 4}, {7}, {3, 6}, {2, 5}, {1}], [{8, 4}, {7}, {3, 6}, {5}, {1, 2}], [{8, 4}, {7}, {3, 6}, {5}, {2}, {1}], [{8, 4}, {7}, {5, 6}, {2, 3}, {1}], [{8, 5}, {1, 7}, {2, 6}, {3, 4}], [{8, 5}, {1, 7}, {3, 6}, {2, 4}], [{8, 5}, {1, 7}, {4, 6}, {2, 3}], [{8, 5}, {2, 7}, {1, 6}, {3, 4}], [{8, 5}, {2, 7}, {3, 6}, {1, 4}], [{8, 5}, {2, 7}, {4, 6}, {1, 3}], [{8, 5}, {2, 7}, {6}, {3, 4}, {1}], [{8, 5}, {3, 7}, {1, 6}, {2, 4}], [{8, 5}, {3, 7}, {2, 6}, {1, 4}], [{8, 5}, {3, 7}, {4, 6}, {1, 2}], [{8, 5}, {3, 7}, {4, 6}, {2}, {1}], [{8, 5}, {4, 7}, {1, 6}, {2, 3}], [{8, 5}, {4, 7}, {2, 6}, {1, 3}], [{8, 5}, {4, 7}, {3, 6}, {1, 2}], [{8, 5}, {6, 7}, {1, 4}, {2, 3}], [{8, 5}, {6, 7}, {2, 4}, {1, 3}], [{8, 5}, {6, 7}, {3, 4}, {1, 2}], [{8, 5}, {7}, {1, 6}, {3, 4}, {2}], [{8, 6}, {1, 7}, {2, 5}, {3, 4}], [{8, 6}, {1, 7}, {3, 5}, {2, 4}], [{8, 6}, {1, 7}, {4, 5}, {2, 3}], [{8, 6}, {1, 7}, {5}, {3, 4}, {2}], [{8, 6}, {2, 7}, {1, 5}, {3, 4}], [{8, 6}, {2, 7}, {3, 5}, {1, 4}], [{8, 6}, {2, 7}, {4, 5}, {1, 3}], [{8, 6}, {3, 7}, {1, 5}, {2, 4}], [{8, 6}, {3, 7}, {2, 5}, {1, 4}], [{8, 6}, {3, 7}, {4, 5}, {1, 2}], [{8, 6}, {3, 7}, {5}, {1, 4}, {2}], [{8, 6}, {4, 7}, {1, 5}, {2, 3}], [{8, 6}, {4, 7}, {2, 5}, {1, 3}], [{8, 6}, {4, 7}, {3, 5}, {1, 2}], [{8, 6}, {5, 7}, {1, 4}, {2, 3}], [{8, 6}, {5, 7}, {2, 4}, {1, 3}], [{8, 6}, {5, 7}, {3, 4}, {1, 2}], [{8, 6}, {5, 7}, {3, 4}, {2}, {1}], [{8, 6}, {7}, {1, 5}, {3, 4}, {2}], [{8, 7}, {1, 6}, {2, 5}, {3, 4}], [{8, 7}, {1, 6}, {3, 5}, {2, 4}], [{8, 7}, {1, 6}, {4, 5}, {2, 3}], [{8, 7}, {2, 6}, {1, 5}, {3, 4}], [{8, 7}, {2, 6}, {3, 5}, {1, 4}], [{8, 7}, {2, 6}, {4, 5}, {1, 3}], [{8, 7}, {2, 6}, {5}, {3, 4}, {1}], [{8, 7}, {3, 6}, {1, 5}, {2, 4}], [{8, 7}, {3, 6}, {2, 5}, {1, 4}], [{8, 7}, {3, 6}, {4, 5}, {1, 2}], [{8, 7}, {4, 6}, {1, 5}, {2, 3}], [{8, 7}, {4, 6}, {2, 5}, {1, 3}], [{8, 7}, {4, 6}, {3, 5}, {1, 2}], [{8, 7}, {4, 6}, {5}, {1, 3}, {2}], [{8, 7}, {5, 6}, {1, 4}, {2, 3}], [{8, 7}, {5, 6}, {1, 4}, {3}, {2}], [{8, 7}, {5, 6}, {2, 4}, {1, 3}], [{8, 7}, {5, 6}, {3, 4}, {1, 2}], [{8, 7}, {5, 6}, {3, 4}, {2}, {1}], [{8, 7}, {5, 6}, {4}, {1, 3}, {2}], [{8, 7}, {6}, {2, 5}, {3, 4}, {1}], [{8, 7}, {6}, {4, 5}, {1, 3}, {2}], [{8}, {1, 7}, {5, 6}, {2, 4}, {3}], [{8}, {2, 7}, {1, 6}, {5}, {3, 4}], [{8}, {2, 7}, {6}, {4, 5}, {1, 3}], [{8}, {3, 7}, {5, 6}, {4}, {1, 2}], [{8}, {4, 7}, {6}, {1, 5}, {2, 3}], [{8}, {6, 7}, {5}, {3, 4}, {1, 2}]]",2,8 K_1^3 + 8 K_1^2 K_2 - 24 K_1^2 - 20 K_1 K_2 - 6 K_1 K_3 + 4 K_1 - 2 K_2^2 + 11 K_2 + 8 K_3 + 2 K_4 + 12,O1O2O3O4U5U4O6U7O8O7U1U6U3U8O5U2,O1O2O3O4U5U1O5U3O6O7U6U2U8U4O8U7,O1O2O3O4U5O6U1U6U3U7O5O7U2O8U4U8,c,{'O1O2O3O4U3O5U6U2U7U4O8O6U8O7U1U5'},1,"<a href=""/flatknot/8.733936"">8.733936</a>",t^9-63t^7-252t^6-266t^5+108t^4+243t^3-16t^2-72t,-2t^3+t^2+4t,,
8.733937,O1O2O3O4U3O5U6U4U1U2O7O6U7O8U5U8,3,16z^2+89z+115,16w^3z^2+89w^2z+115w,False,False,"[[ 0 -1  1 -1  1  2 -2 -1  1],[ 1  0  1 -1  1  2 -1 -1  1],[-1 -1  0 -1  1  1 -2 -1  1],[ 1  1  1  0  1  1  0  0  0],[-1 -1 -1 -1  0  0 -1 -1  1],[-2 -2 -1 -1  0  0 -1 -1  1],[ 2  1  2  0  1  1  0 -1  1],[ 1  1  1  0  1  1  1  0  0],[-1 -1 -1  0 -1 -1 -1  0  0]]","[[ 0  2  1  1  1 -1 -1 -1 -2],[-2  0  1  0 -1 -1 -1 -2 -1],[-1 -1  0 -1 -1  0  0 -1 -1],[-1  0  1  0 -1 -1 -1 -1 -1],[-1  1  1  1  0 -1 -1 -1 -2],[ 1  1  0  1  1  0  0  1  1],[ 1  1  0  1  1  0  0  1  0],[ 1  2  1  1  1 -1 -1  0 -1],[ 2  1  1  1  2 -1  0  1  0]]",True,"[-2,-1,-1,-1,1,1,1,2,-1,0,1,1,1,2,1,1,1,0,0,1,1,1,1,1,1,1,1,1,1,2,0,-1,-1,-1,0,1]","[-2,-1,-1,-1,1,1,1,2,-1,0,1,1,1,2,1,0,1,0,1,1,1,1,0,1,1,1,1,1,1,2,-1,-1,-1,-1,0,1]",t^8+29t^6+49t^4+13t^2,"[-2,-1,-1,-1,1,1,1,2,0,1,2,1,2,2,3,1,1,1,1,1,1,0,1,1,2,2,1,1,2,2,-1,-1,0,-1,1,2]","[-2,-1,-1,-1,1,1,1,2,0,1,2,1,2,2,3,1,1,1,1,1,1,1,1,1,1,2,1,2,2,2,-1,-1,0,0,1,2]","[-2,-1,-1,-1,1,1,1,2,-1,0,1,1,1,2,1,0,1,0,1,1,1,1,0,1,1,1,1,1,1,2,-1,-1,-1,-1,0,1]",c,"[[{8, 7}, {5, 6}, {3, 4}, {1, 2}]]",0,8 K_1^3 - 28 K_1^2 - 12 K_1 K_2 + 14 K_2 + 4 K_3 + 15,O1O2O3O4U5U6O5U7O8O7U3U4U1U8O6U2,O1O2O3O4U5U1O5U6O7O6U3U4U8U2O8U7,O1O2O3O4U5O6U3U6U1U2O7O5U7O8U4U8,c,{'O1O2O3O4U3O5U6U4U1U2O7O6U7O8U5U8'},1,"<a href=""/flatknot/8.733937"">8.733937</a>",t^9-29t^7-78t^6-39t^5+40t^4+7t^3-10t^2+4t,0,,
8.733938,O1O2O3O4U3O5U6U4U1U7O8O6U2O7U5U8,4,13z^2+66z+81,13w^3z^2+66w^2z+81w,False,False,"[[ 0 -1  0 -1  1  2 -2  1  0],[ 1  0  0 -1  1  2  0  1  1],[ 0  0  0 -1  2  1 -1  1  0],[ 1  1  1  0  1  1  0  1  0],[-1 -1 -2 -1  0  0 -1  0  0],[-2 -2 -1 -1  0  0 -3 -1 -1],[ 2  0  1  0  1  3  0  2  1],[-1 -1 -1 -1  0  1 -2  0  0],[ 0 -1  0  0  0  1 -1  0  0]]","[[ 0  2  1  1  0  0 -1 -1 -2],[-2  0  0 -1 -1 -1 -1 -2 -3],[-1  0  0  0  0 -2 -1 -1 -1],[-1  1  0  0  0 -1 -1 -1 -2],[ 0  1  0  0  0  0  0 -1 -1],[ 0  1  2  1  0  0 -1  0 -1],[ 1  1  1  1  0  1  0  1  0],[ 1  2  1  1  1  0 -1  0  0],[ 2  3  1  2  1  1  0  0  0]]",True,"[-2,-1,-1,0,0,1,1,2,0,1,1,1,1,2,3,0,0,2,1,1,1,0,1,1,1,2,0,0,1,1,1,0,1,-1,0,0]","[-2,-1,-1,0,0,1,1,2,0,0,1,1,1,2,3,-1,0,1,1,1,2,1,0,1,1,1,0,2,1,1,0,0,1,0,0,1]",t^8+36t^6+134t^4+53t^2+1,"[-2,-1,-1,0,0,1,1,2,1,1,1,1,1,2,1,-1,0,1,1,1,2,1,0,1,1,1,0,0,-1,1,1,1,1,0,0,1]","[-2,-1,-1,0,0,1,1,2,0,1,1,1,1,2,1,0,0,1,1,1,1,-1,1,1,1,2,0,1,0,1,0,1,1,-1,1,1]","[-2,-1,-1,0,0,1,1,2,0,0,1,1,1,2,3,-1,0,1,1,1,2,1,0,1,1,1,0,2,1,1,0,0,1,0,0,1]",c,"[[{8, 2}, {3, 7}, {5, 6}, {1, 4}], [{8, 7}, {2, 6}, {1, 5}, {3, 4}], [{8}, {3, 7}, {5, 6}, {1, 4}, {2}]]",1,12 K_1^3 - 20 K_1^2 - 12 K_1 K_2 - 3 K_1 + 10 K_2 + 3 K_3 + 11,O1O2O3O4U5U6O7U3O8O5U7U4U1U8O6U2,O1O2O3O4U5U1O6U4O7O5U3U6U8U2O8U7,O1O2O3O4U5O6U3U6U7U2O8O5U1O7U4U8,c,"{'O1O2O3O4U3O5U6U4U1U7O8O6U2O7U5U8', 'O1O2O3O4U3U5O6U4U1U7O5O8U2O7U8U6'}",2,"<a href=""/flatknot/8.733938"">8.733938</a>",t^9-36t^7-58t^6+124t^5+210t^4-71t^3-116t^2+24t+2,0,,
8.733939,O1O2O3O4U3O5U6U4U2U1O7O6U7O8U5U8,3,6z^2+39z+55,6w^3z^2+39w^2z+55w,False,False,"[[ 0  0  0 -1  1  2 -2 -1  1],[ 0  0  0 -1  1  2 -2 -1  1],[ 0  0  0 -1  1  1 -1 -1  1],[ 1  1  1  0  1  1  0  0  0],[-1 -1 -1 -1  0  0 -1 -1  1],[-2 -2 -1 -1  0  0 -1 -1  1],[ 2  2  1  0  1  1  0 -1  1],[ 1  1  1  0  1  1  1  0  0],[-1 -1 -1  0 -1 -1 -1  0  0]]","[[ 0  2  1  1  0 -1 -1 -2],[-2  0  1  0 -1 -1 -1 -1],[-1 -1  0 -1 -1  0  0 -1],[-1  0  1  0 -1 -1 -1 -1],[ 0  1  1  1  0 -1 -1 -1],[ 1  1  0  1  1  0  0  1],[ 1  1  0  1  1  0  0  0],[ 2  1  1  1  1 -1  0  0]]",False,"[-2,-1,-1,0,1,1,2,-1,0,1,1,1,1,1,1,0,0,1,1,1,1,1,1,1,1,0,-1,0]","[-2,-1,-1,0,1,1,2,-1,0,1,1,1,1,0,1,0,1,1,1,0,1,1,1,1,1,-1,-1,0]",t^7+16t^5+10t^3,"[-2,-1,-1,0,1,1,2,1,2,1,2,2,3,0,0,1,2,2,0,1,2,2,0,0,1,-1,1,2]","[-2,-1,-1,0,1,1,2,1,2,1,2,2,3,1,0,1,1,2,0,2,2,2,0,0,1,0,1,2]","[-2,-1,-1,0,1,1,2,-1,0,1,1,1,1,0,1,0,1,1,1,0,1,1,1,1,1,-1,-1,0]",c,"[[{8, 7}, {5, 6}, {3, 4}, {1, 2}], [{8, 7}, {5, 6}, {3, 4}, {2}, {1}]]",0,- 8 K_1^2 - 4 K_1 K_2 + 2 K_1 + 4 K_2 + 2 K_3 + 5,O1O2O3O4U5U6O5U7O8O7U4U3U1U8O6U2,O1O2O3O4U5U1O5U6O7O6U4U3U8U2O8U7,O1O2O3O4U5O6U3U6U2U1O7O5U7O8U4U8,c,"{'O1O2O3O4U3O5U6U4U2U1O7O6U7O8U5U8', 'O1O2O3U2O4O5U6U3U4U1O7O6U7O8U5U8', 'O1O2U1O3O4U5U2U3O6U7O5O8U6U4O7U8', 'O1O2O3U2O4U5U3U1O6U7O5O8U6U4O7U8'}",4,"<a href=""/flatknot/8.733939"">8.733939</a>",t^8-16t^6-26t^5-2t^4+4t^3-6t^2+4t,0,,
8.733940,O1O2O3O4U3O5U6U4U7U1O7O6U2O8U5U8,3,14z^2+83z+111,14w^3z^2+83w^2z+111w,False,False,"[[ 0  0  0 -1  1  2 -2 -1  1],[ 0  0 -1 -1  1  1  0  0  1],[ 0  1  0 -1  2  2 -1  0  1],[ 1  1  1  0  1  1  0  1  0],[-1 -1 -2 -1  0  0 -1 -1  1],[-2 -1 -2 -1  0  0 -2 -2  1],[ 2  0  1  0  1  2  0  1  1],[ 1  0  0 -1  1  2 -1  0  1],[-1 -1 -1  0 -1 -1 -1 -1  0]]","[[ 0  2  1  1  0  0 -1 -1 -2],[-2  0  1  0 -1 -2 -1 -2 -2],[-1 -1  0 -1 -1 -1  0 -1 -1],[-1  0  1  0 -1 -2 -1 -1 -1],[ 0  1  1  1  0 -1 -1  0  0],[ 0  2  1  2  1  0 -1  0 -1],[ 1  1  0  1  1  1  0  1  0],[ 1  2  1  1  0  0 -1  0 -1],[ 2  2  1  1  0  1  0  1  0]]",True,"[-2,-1,-1,0,0,1,1,2,-1,0,1,2,1,2,2,1,1,1,0,1,1,1,2,1,1,1,1,1,0,0,1,0,1,-1,0,1]","[-2,-1,-1,0,0,1,1,2,-1,0,1,2,1,2,2,1,1,1,0,1,1,1,2,1,1,1,1,1,0,0,1,0,1,-1,0,1]",t^8+34t^6+69t^4+11t^2,"[-2,-1,-1,0,0,1,1,2,0,1,1,2,2,2,2,1,1,1,1,1,1,0,0,1,2,2,-1,-1,0,0,0,0,1,-1,1,2]","[-2,-1,-1,0,0,1,1,2,1,2,0,1,1,2,2,1,-1,0,1,1,2,0,0,1,2,2,1,1,0,1,1,0,2,-1,0,1]","[-2,-1,-1,0,0,1,1,2,0,1,0,1,1,1,2,1,1,1,0,1,1,0,0,1,1,2,-1,1,1,1,1,2,2,-1,-1,0]",c,"[[{8, 1}, {5, 7}, {2, 6}, {3, 4}], [{8, 1}, {5, 7}, {2, 6}, {4}, {3}]]",1,12 K_1^3 - 16 K_1^2 - 12 K_1 K_2 - 3 K_1 + 8 K_2 + 3 K_3 + 9,O1O2O3O4U5U6O5U3O7O8U4U8U1U7O6U2,O1O2O3O4U3U1O5U6O7O6U4U5U8U2O8U7,O1O2O3O4U5O6U3U6U7U1O8O5U8O7U4U2,c,{'O1O2O3O4U3O5U6U4U7U1O7O6U2O8U5U8'},1,"<a href=""/flatknot/8.733940"">8.733940</a>",t^9-34t^7-80t^6+71t^5+278t^4+101t^3-58t^2-24t,0,,
8.733941,O1O2O3O4U3O5U6U4U7U8O7O6U1O8U2U5,4,4z^3+38z^2+111z+103,4w^4z^3+38w^3z^2+111w^2z+103w,False,False,"[[ 0 -1  0 -1  1  3 -2 -1  1],[ 1  0  0 -1  2  2  0  1  3],[ 0  0  0 -1  2  2 -2 -1  2],[ 1  1  1  0  1  1  0  1  1],[-1 -2 -2 -1  0  0 -1 -1  0],[-3 -2 -2 -1  0  0 -4 -4 -1],[ 2  0  2  0  1  4  0  1  1],[ 1 -1  1 -1  1  4 -1  0  1],[-1 -3 -2 -1  0  1 -1 -1  0]]","[[ 0  3  1  1  0 -1 -1 -1 -2],[-3  0  0 -1 -2 -1 -2 -4 -4],[-1  0  0  0 -2 -1 -2 -1 -1],[-1  1  0  0 -2 -1 -3 -1 -1],[ 0  2  2  2  0 -1  0 -1 -2],[ 1  1  1  1  1  0  1  1  0],[ 1  2  2  3  0 -1  0  1  0],[ 1  4  1  1  1 -1 -1  0 -1],[ 2  4  1  1  2  0  0  1  0]]",True,"[-3,-1,-1,0,1,1,1,2,0,1,2,1,2,4,4,0,2,1,2,1,1,2,1,3,1,1,1,0,1,2,-1,-1,0,-1,0,1]","[-3,-1,-1,0,1,1,1,2,0,1,2,1,2,4,4,0,2,1,2,1,1,2,1,3,1,1,1,0,1,2,-1,-1,0,-1,0,1]",t^8+79t^6+704t^4+111t^2+1,"[-2,-1,-1,-1,0,1,1,3,0,1,1,0,2,2,1,1,1,0,1,1,0,-1,0,1,1,3,1,-1,0,2,-1,-1,1,0,1,2]","[-3,-1,-1,0,1,1,1,2,1,2,1,0,2,3,1,0,-1,1,-1,1,2,-1,1,0,1,2,0,1,0,0,-1,-1,0,-1,1,1]","[-2,-1,-1,-1,0,1,1,3,0,0,1,2,1,1,4,-1,1,0,2,3,2,1,1,1,1,1,1,1,1,4,2,2,2,0,0,1]",c,"[[{8, 2}, {3, 7}, {5, 6}, {1, 4}], [{8, 2}, {5, 7}, {3, 6}, {1, 4}]]",1,12 K_1^3 + 4 K_1^2 K_2 - 16 K_1^2 - 14 K_1 K_2 - 2 K_1 K_3 - 2 K_1 - 2 K_2^2 + 7 K_2 + 4 K_3 + K_4 + 9,O1O2O3O4U5U3O6U4O7O8U6U8U1U7O5U2,O1O2O3O4U3U1O5U4O6O7U5U6U8U2O8U7,O1O2O3O4U5O6U3U6U7U8O5O7U1O8U4U2,c,{'O1O2O3O4U3O5U6U4U7U8O7O6U1O8U2U5'},1,"<a href=""/flatknot/8.733941"">8.733941</a>",t^9-75t^7-222t^6+365t^5+1176t^4-320t^3-338t^2+119t+54,-t^3+t^2+t,,
8.733942,O1O2O3O4U3O5U6U4U7U8O7O6U1O8U5U2,3,19z^2+92z+109,19w^3z^2+92w^2z+109w,False,False,"[[ 0 -1  1 -1  1  2 -2 -1  1],[ 1  0  1 -1  2  1  0  1  3],[-1 -1  0 -1  1  1 -3 -2  1],[ 1  1  1  0  1  1  0  1  1],[-1 -2 -1 -1  0  0 -1 -1  0],[-2 -1 -1 -1  0  0 -3 -3  0],[ 2  0  3  0  1  3  0  1  1],[ 1 -1  2 -1  1  3 -1  0  1],[-1 -3 -1 -1  0  0 -1 -1  0]]","[[ 0  2  1  1  1 -1 -1 -1 -2],[-2  0  0  0 -1 -1 -1 -3 -3],[-1  0  0  0 -1 -1 -2 -1 -1],[-1  0  0  0 -1 -1 -3 -1 -1],[-1  1  1  1  0 -1 -1 -2 -3],[ 1  1  1  1  1  0  1  1  0],[ 1  1  2  3  1 -1  0  1  0],[ 1  3  1  1  2 -1 -1  0 -1],[ 2  3  1  1  3  0  0  1  0]]",True,"[-2,-1,-1,-1,1,1,1,2,0,0,1,1,1,3,3,0,1,1,2,1,1,1,1,3,1,1,1,1,2,3,-1,-1,0,-1,0,1]","[-2,-1,-1,-1,1,1,1,2,0,0,1,1,1,3,3,-1,1,2,3,1,1,1,1,1,1,1,1,1,2,3,0,-1,0,-1,0,1]",t^8+61t^6+443t^4+104t^2,"[-2,-1,-1,-1,1,1,1,2,0,1,1,0,2,2,1,1,1,0,1,1,0,-1,1,1,1,2,1,-1,0,2,-1,-1,0,0,1,1]","[-2,-1,-1,-1,1,1,1,2,0,1,1,0,2,2,1,1,1,0,1,1,0,0,1,-1,1,2,1,0,1,2,-1,-1,0,-1,1,1]","[-2,-1,-1,-1,1,1,1,2,0,0,1,1,1,3,3,-1,1,2,3,1,1,1,1,1,1,1,1,1,2,3,0,-1,0,-1,0,1]",c,"[[{8, 1}, {2, 7}, {5, 6}, {3, 4}]]",0,8 K_1^3 - 16 K_1^2 - 12 K_1 K_2 + 8 K_2 + 4 K_3 + 9,O1O2O3O4U3U5O6U4O7O8U6U8U1U7O5U2,O1O2O3O4U3U1O5U4O6O7U5U7U8U2O8U6,O1O2O3O4U5O6U3U6U7U8O7O5U1O8U4U2,c,{'O1O2O3O4U3O5U6U4U7U8O7O6U1O8U5U2'},1,"<a href=""/flatknot/8.733942"">8.733942</a>",t^9-61t^7-154t^6+289t^5+1010t^4+538t^3-48t^2,0,,
8.733943,O1O2O3O4U3O5U6U4U7U8O7O6U2O8U1U5,4,21z^2+106z+129,21w^3z^2+106w^2z+129w,False,False,"[[ 0 -1  0 -1  1  3 -2 -1  1],[ 1  0  1 -1  2  3 -1  0  2],[ 0 -1  0 -1  2  1 -1  0  2],[ 1  1  1  0  1  1  0  1  1],[-1 -2 -2 -1  0  0 -1 -1  0],[-3 -3 -1 -1  0  0 -4 -4 -1],[ 2  1  1  0  1  4  0  1  1],[ 1  0  0 -1  1  4 -1  0  1],[-1 -2 -2 -1  0  1 -1 -1  0]]","[[ 0  3  1  1  0 -1 -1 -1 -2],[-3  0  0 -1 -1 -1 -3 -4 -4],[-1  0  0  0 -2 -1 -2 -1 -1],[-1  1  0  0 -2 -1 -2 -1 -1],[ 0  1  2  2  0 -1 -1  0 -1],[ 1  1  1  1  1  0  1  1  0],[ 1  3  2  2  1 -1  0  0 -1],[ 1  4  1  1  0 -1  0  0 -1],[ 2  4  1  1  1  0  1  1  0]]",True,"[-3,-1,-1,0,1,1,1,2,0,1,1,1,3,4,4,0,2,1,2,1,1,2,1,2,1,1,1,1,0,1,-1,-1,0,0,1,1]","[-3,-1,-1,0,1,1,1,2,0,1,1,1,3,4,4,0,2,1,2,1,1,2,1,2,1,1,1,1,0,1,-1,-1,0,0,1,1]",t^8+73t^6+496t^4+84t^2,"[-2,-1,-1,-1,0,1,1,3,0,0,1,1,2,2,1,0,1,0,0,0,1,1,1,1,1,0,0,1,1,3,-1,-1,2,0,1,2]","[-3,-1,-1,0,1,1,1,2,1,2,2,0,1,3,1,0,-1,1,0,1,2,-1,1,0,1,2,1,0,0,1,0,-1,0,-1,0,1]","[-2,-1,-1,-1,0,1,1,3,0,1,1,1,1,1,4,1,1,1,1,1,1,0,0,1,1,4,1,2,2,3,2,2,1,0,0,1]",c,"[[{8, 5}, {1, 7}, {3, 6}, {2, 4}]]",1,16 K_1^3 - 20 K_1^2 - 18 K_1 K_2 - 2 K_1 K_3 - 3 K_1 - 2 K_2^2 + 11 K_2 + 5 K_3 + 2 K_4 + 12,O1O2O3O4U5U4O6U3O7O8U6U8U1U7O5U2,O1O2O3O4U3U1O5U4O6O7U6U5U8U2O8U7,O1O2O3O4U5O6U3U6U7U8O5O8U1O7U4U2,c,{'O1O2O3O4U3O5U6U4U7U8O7O6U2O8U1U5'},1,"<a href=""/flatknot/8.733943"">8.733943</a>",t^9-69t^7-186t^6+303t^5+1074t^4+333t^3-260t^2+t+4,-t^3+t^2+t,,
8.733944,O1O2O3O4U3O5U6U4U7U1O8O6U2O7U8U5,4,z^3+27z^2+109z+119,w^4z^3+27w^3z^2+109w^2z+119w,False,False,"[[ 0  0  0 -1  1  3 -2  0 -1],[ 0  0  0 -1  1  1 -1  0 -1],[ 0  0  0 -1  2  2 -1  1 -1],[ 1  1  1  0  1  1  0  1  0],[-1 -1 -2 -1  0  0 -1  0 -1],[-3 -1 -2 -1  0  0 -3 -1 -2],[ 2  1  1  0  1  3  0  1  0],[ 0  0 -1 -1  0  1 -1  0 -1],[ 1  1  1  0  1  2  0  1  0]]","[[ 0  3  1  0  0  0 -1 -1 -2],[-3  0  0 -1 -1 -2 -1 -2 -3],[-1  0  0  0 -1 -2 -1 -1 -1],[ 0  1  0  0  0 -1 -1 -1 -1],[ 0  1  1  0  0  0 -1 -1 -1],[ 0  2  2  1  0  0 -1 -1 -1],[ 1  1  1  1  1  1  0  0  0],[ 1  2  1  1  1  1  0  0  0],[ 2  3  1  1  1  1  0  0  0]]",True,"[-3,-1,0,0,0,1,1,2,0,1,1,2,1,2,3,0,1,2,1,1,1,0,1,1,1,1,0,1,1,1,1,1,1,0,0,0]","[-3,-1,0,0,0,1,1,2,0,1,1,2,1,2,3,0,1,2,1,1,1,0,1,1,1,1,0,1,1,1,1,1,1,0,0,0]",t^8+38t^6+79t^4+26t^2,"[-2,-1,-1,0,0,0,1,3,1,1,1,1,1,2,2,0,0,0,0,1,2,0,0,0,1,3,-1,0,-1,1,0,1,2,0,2,2]","[-3,-1,0,0,0,1,1,2,2,1,2,2,2,3,2,-1,0,1,1,1,2,0,1,0,0,1,0,0,0,1,0,0,1,0,1,1]","[-2,-1,-1,0,0,0,1,3,0,0,1,1,1,1,3,0,1,1,1,1,1,1,1,1,1,2,-1,0,0,1,0,2,2,1,1,0]",c,"[[{8, 1}, {2, 7}, {3, 6}, {4, 5}], [{8, 1}, {2, 7}, {3, 6}, {5}, {4}], [{8, 1}, {2, 7}, {4, 6}, {3, 5}], [{8, 1}, {2, 7}, {5, 6}, {3, 4}], [{8, 1}, {2, 7}, {5, 6}, {4}, {3}], [{8, 1}, {2, 7}, {6}, {3, 5}, {4}], [{8, 1}, {3, 7}, {2, 6}, {4, 5}], [{8, 1}, {3, 7}, {4, 6}, {2, 5}], [{8, 1}, {3, 7}, {4, 6}, {5}, {2}], [{8, 1}, {3, 7}, {5, 6}, {2, 4}], [{8, 1}, {3, 7}, {5, 6}, {4}, {2}], [{8, 1}, {3, 7}, {6}, {4, 5}, {2}], [{8, 1}, {4, 7}, {2, 6}, {3, 5}], [{8, 1}, {4, 7}, {3, 6}, {2, 5}], [{8, 1}, {4, 7}, {5, 6}, {2, 3}], [{8, 1}, {4, 7}, {5, 6}, {3}, {2}], [{8, 1}, {4, 7}, {6}, {5}, {2, 3}], [{8, 1}, {5, 7}, {2, 6}, {3, 4}], [{8, 1}, {5, 7}, {3, 6}, {2, 4}], [{8, 1}, {5, 7}, {4, 6}, {2, 3}], [{8, 1}, {5, 7}, {6}, {3, 4}, {2}], [{8, 1}, {6, 7}, {2, 5}, {3, 4}], [{8, 1}, {6, 7}, {3, 5}, {2, 4}], [{8, 1}, {6, 7}, {4, 5}, {2, 3}], [{8, 1}, {6, 7}, {5}, {3, 4}, {2}], [{8, 1}, {7}, {5, 6}, {2, 4}, {3}], [{8, 1}, {7}, {5, 6}, {3, 4}, {2}], [{8, 1}, {7}, {5, 6}, {4}, {2, 3}], [{8, 1}, {7}, {5, 6}, {4}, {3}, {2}], [{8, 2}, {1, 7}, {3, 6}, {4, 5}], [{8, 2}, {1, 7}, {4, 6}, {3, 5}], [{8, 2}, {1, 7}, {5, 6}, {3, 4}], [{8, 2}, {1, 7}, {5, 6}, {4}, {3}], [{8, 2}, {3, 7}, {1, 6}, {4, 5}], [{8, 2}, {3, 7}, {4, 6}, {1, 5}], [{8, 2}, {3, 7}, {5, 6}, {1, 4}], [{8, 2}, {4, 7}, {1, 6}, {3, 5}], [{8, 2}, {4, 7}, {3, 6}, {1, 5}], [{8, 2}, {4, 7}, {5, 6}, {1, 3}], [{8, 2}, {5, 7}, {1, 6}, {3, 4}], [{8, 2}, {5, 7}, {1, 6}, {4}, {3}], [{8, 2}, {5, 7}, {3, 6}, {1, 4}], [{8, 2}, {5, 7}, {4, 6}, {1, 3}], [{8, 2}, {6, 7}, {1, 5}, {3, 4}], [{8, 2}, {6, 7}, {3, 5}, {1, 4}], [{8, 2}, {6, 7}, {4, 5}, {1, 3}], [{8, 2}, {7}, {4, 6}, {5}, {1, 3}], [{8, 2}, {7}, {6}, {3, 5}, {1, 4}], [{8, 3}, {1, 7}, {2, 6}, {4, 5}], [{8, 3}, {1, 7}, {4, 6}, {2, 5}], [{8, 3}, {1, 7}, {5, 6}, {2, 4}], [{8, 3}, {2, 7}, {1, 6}, {4, 5}], [{8, 3}, {2, 7}, {1, 6}, {5}, {4}], [{8, 3}, {2, 7}, {4, 6}, {1, 5}], [{8, 3}, {2, 7}, {5, 6}, {1, 4}], [{8, 3}, {2, 7}, {5, 6}, {4}, {1}], [{8, 3}, {2, 7}, {6}, {1, 5}, {4}], [{8, 3}, {4, 7}, {1, 6}, {2, 5}], [{8, 3}, {4, 7}, {2, 6}, {1, 5}], [{8, 3}, {4, 7}, {5, 6}, {1, 2}], [{8, 3}, {5, 7}, {1, 6}, {2, 4}], [{8, 3}, {5, 7}, {2, 6}, {1, 4}], [{8, 3}, {5, 7}, {4, 6}, {1, 2}], [{8, 3}, {6, 7}, {1, 5}, {2, 4}], [{8, 3}, {6, 7}, {2, 5}, {1, 4}], [{8, 3}, {6, 7}, {4, 5}, {1, 2}], [{8, 3}, {7}, {1, 6}, {4, 5}, {2}], [{8, 4}, {1, 7}, {2, 6}, {3, 5}], [{8, 4}, {1, 7}, {3, 6}, {2, 5}], [{8, 4}, {1, 7}, {5, 6}, {2, 3}], [{8, 4}, {2, 7}, {1, 6}, {3, 5}], [{8, 4}, {2, 7}, {3, 6}, {1, 5}], [{8, 4}, {2, 7}, {3, 6}, {5}, {1}], [{8, 4}, {2, 7}, {5, 6}, {1, 3}], [{8, 4}, {2, 7}, {5, 6}, {3}, {1}], [{8, 4}, {2, 7}, {6}, {3, 5}, {1}], [{8, 4}, {3, 7}, {1, 6}, {2, 5}], [{8, 4}, {3, 7}, {1, 6}, {5}, {2}], [{8, 4}, {3, 7}, {2, 6}, {1, 5}], [{8, 4}, {3, 7}, {5, 6}, {1, 2}], [{8, 4}, {5, 7}, {1, 6}, {2, 3}], [{8, 4}, {5, 7}, {2, 6}, {1, 3}], [{8, 4}, {5, 7}, {2, 6}, {3}, {1}], [{8, 4}, {5, 7}, {3, 6}, {1, 2}], [{8, 4}, {6, 7}, {1, 5}, {2, 3}], [{8, 4}, {6, 7}, {2, 5}, {1, 3}], [{8, 4}, {6, 7}, {3, 5}, {1, 2}], [{8, 4}, {6, 7}, {5}, {1, 3}, {2}], [{8, 5}, {1, 7}, {2, 6}, {3, 4}], [{8, 5}, {1, 7}, {3, 6}, {2, 4}], [{8, 5}, {1, 7}, {4, 6}, {2, 3}], [{8, 5}, {2, 7}, {1, 6}, {3, 4}], [{8, 5}, {2, 7}, {3, 6}, {1, 4}], [{8, 5}, {2, 7}, {4, 6}, {1, 3}], [{8, 5}, {2, 7}, {6}, {3, 4}, {1}], [{8, 5}, {3, 7}, {1, 6}, {2, 4}], [{8, 5}, {3, 7}, {1, 6}, {4}, {2}], [{8, 5}, {3, 7}, {2, 6}, {1, 4}], [{8, 5}, {3, 7}, {4, 6}, {1, 2}], [{8, 5}, {4, 7}, {1, 6}, {2, 3}], [{8, 5}, {4, 7}, {1, 6}, {3}, {2}], [{8, 5}, {4, 7}, {2, 6}, {1, 3}], [{8, 5}, {4, 7}, {3, 6}, {1, 2}], [{8, 5}, {6, 7}, {1, 4}, {2, 3}], [{8, 5}, {6, 7}, {2, 4}, {1, 3}], [{8, 5}, {6, 7}, {3, 4}, {1, 2}], [{8, 5}, {7}, {1, 6}, {3, 4}, {2}], [{8, 6}, {1, 7}, {2, 5}, {3, 4}], [{8, 6}, {1, 7}, {2, 5}, {4}, {3}], [{8, 6}, {1, 7}, {3, 5}, {2, 4}], [{8, 6}, {1, 7}, {4, 5}, {2, 3}], [{8, 6}, {2, 7}, {1, 5}, {3, 4}], [{8, 6}, {2, 7}, {3, 5}, {1, 4}], [{8, 6}, {2, 7}, {4, 5}, {1, 3}], [{8, 6}, {2, 7}, {5}, {3, 4}, {1}], [{8, 6}, {3, 7}, {1, 5}, {2, 4}], [{8, 6}, {3, 7}, {2, 5}, {1, 4}], [{8, 6}, {3, 7}, {4, 5}, {1, 2}], [{8, 6}, {3, 7}, {4, 5}, {2}, {1}], [{8, 6}, {4, 7}, {1, 5}, {2, 3}], [{8, 6}, {4, 7}, {2, 5}, {1, 3}], [{8, 6}, {4, 7}, {3, 5}, {1, 2}], [{8, 6}, {5, 7}, {1, 4}, {2, 3}], [{8, 6}, {5, 7}, {2, 4}, {1, 3}], [{8, 6}, {5, 7}, {3, 4}, {1, 2}], [{8, 6}, {7}, {1, 5}, {3, 4}, {2}], [{8, 6}, {7}, {3, 5}, {1, 4}, {2}], [{8, 7}, {1, 6}, {2, 5}, {3, 4}], [{8, 7}, {1, 6}, {3, 5}, {2, 4}], [{8, 7}, {1, 6}, {4, 5}, {2, 3}], [{8, 7}, {1, 6}, {4, 5}, {3}, {2}], [{8, 7}, {2, 6}, {1, 5}, {3, 4}], [{8, 7}, {2, 6}, {3, 5}, {1, 4}], [{8, 7}, {2, 6}, {4, 5}, {1, 3}], [{8, 7}, {3, 6}, {1, 5}, {2, 4}], [{8, 7}, {3, 6}, {2, 5}, {1, 4}], [{8, 7}, {3, 6}, {4, 5}, {1, 2}], [{8, 7}, {3, 6}, {4, 5}, {2}, {1}], [{8, 7}, {4, 6}, {1, 5}, {2, 3}], [{8, 7}, {4, 6}, {1, 5}, {3}, {2}], [{8, 7}, {4, 6}, {2, 5}, {1, 3}], [{8, 7}, {4, 6}, {3, 5}, {1, 2}], [{8, 7}, {5, 6}, {1, 4}, {2, 3}], [{8, 7}, {5, 6}, {2, 4}, {1, 3}], [{8, 7}, {5, 6}, {3, 4}, {1, 2}], [{8, 7}, {5, 6}, {4}, {3}, {1, 2}], [{8, 7}, {6}, {3, 5}, {1, 4}, {2}], [{8, 7}, {6}, {4, 5}, {1, 3}, {2}], [{8, 7}, {6}, {5}, {3, 4}, {1, 2}], [{8}, {1, 7}, {3, 6}, {5}, {2, 4}], [{8}, {2, 7}, {3, 6}, {5}, {1, 4}], [{8}, {2, 7}, {5, 6}, {1, 4}, {3}], [{8}, {2, 7}, {5, 6}, {3, 4}, {1}], [{8}, {2, 7}, {5, 6}, {4}, {1, 3}], [{8}, {2, 7}, {5, 6}, {4}, {3}, {1}], [{8}, {2, 7}, {6}, {3, 5}, {1, 4}], [{8}, {3, 7}, {1, 6}, {4, 5}, {2}], [{8}, {3, 7}, {6}, {1, 5}, {2, 4}], [{8}, {4, 7}, {2, 6}, {1, 5}, {3}], [{8}, {5, 7}, {2, 6}, {4}, {1, 3}], [{8}, {6, 7}, {3, 5}, {1, 4}, {2}], [{8}, {7}, {2, 6}, {3, 5}, {1, 4}], [{8}, {7}, {6}, {3, 5}, {1, 4}, {2}]]",2,16 K_1^3 - 14 K_1^2 - 14 K_1 K_2 - 4 K_1 K_3 - 5 K_1 + 9 K_2 + 3 K_3 + 2 K_4 + 8,O1O2O3O4U5U6O7U3O8O6U4U7U1U8O5U2,O1O2O3O4U5U1O6U3O5O7U4U6U8U2O8U7,O1O2O3O4U5O6U3U6U7U1O5O8U2O7U4U8,c,{'O1O2O3O4U3O5U6U4U7U1O8O6U2O7U8U5'},1,"<a href=""/flatknot/8.733944"">8.733944</a>",t^9-34t^7-76t^6+12t^5+54t^4+27t^3-20t^2+t,-t^3+t^2+t,,
8.733945,O1O2O3O4U3O5U6U4U7U1O8O6U8O7U5U2,4,20z^2+105z+131,20w^3z^2+105w^2z+131w,False,False,"[[ 0  0  1 -1  1  2 -2  0 -1],[ 0  0  0 -1  1  0 -1  1 -1],[-1  0  0 -1  1  1 -2  0 -1],[ 1  1  1  0  1  1  0  1  0],[-1 -1 -1 -1  0  0 -1  0 -1],[-2  0 -1 -1  0  0 -2 -1 -1],[ 2  1  2  0  1  2  0  2 -1],[ 0 -1  0 -1  0  1 -2  0 -1],[ 1  1  1  0  1  1  1  1  0]]","[[ 0  2  1  1  0  0 -1 -1 -2],[-2  0  0 -1  0 -1 -1 -1 -2],[-1  0  0 -1 -1  0 -1 -1 -1],[-1  1  1  0  0  0 -1 -1 -2],[ 0  0  1  0  0  1 -1 -1 -1],[ 0  1  0  0 -1  0 -1 -1 -2],[ 1  1  1  1  1  1  0  0  1],[ 1  1  1  1  1  1  0  0  0],[ 2  2  1  2  1  2 -1  0  0]]",True,"[-2,-1,-1,0,0,1,1,2,0,1,0,1,1,1,2,1,1,0,1,1,1,0,0,1,1,2,-1,1,1,1,1,1,2,0,-1,0]","[-2,-1,-1,0,0,1,1,2,-1,0,1,2,1,2,2,0,1,1,1,1,1,1,1,1,1,1,1,1,0,0,0,0,1,-1,0,1]",t^8+30t^6+71t^4+28t^2+1,"[-2,-1,-1,0,0,1,1,2,1,2,0,1,1,2,2,0,0,0,1,1,2,0,0,1,1,2,1,1,1,1,1,0,2,-1,0,1]","[-2,-1,-1,0,0,1,1,2,0,1,1,2,2,2,2,1,1,1,1,1,1,1,0,1,1,2,-1,0,0,0,0,0,1,0,1,2]","[-2,-1,-1,0,0,1,1,2,-1,0,1,2,1,2,2,0,1,1,1,1,1,1,1,1,1,1,1,1,0,0,0,0,1,-1,0,1]",c,"[[{8, 1}, {5, 7}, {2, 6}, {3, 4}]]",1,- 12 K_1^2 - 4 K_1 K_2 + 2 K_1 + 6 K_2 + 2 K_3 + 7,O1O2O3O4U3U5O6U7O8O7U4U6U1U8O5U2,O1O2O3O4U5U1O5U3O6O7U4U7U8U2O8U6,O1O2O3O4U5O6U3U6U7U1O7O5U2O8U4U8,c,{'O1O2O3O4U3O5U6U4U7U1O8O6U8O7U5U2'},1,"<a href=""/flatknot/8.733945"">8.733945</a>",t^9-30t^7-60t^6-25t^5-26t^4-12t^3+84t^2+46t-14,0,,
8.733946,O1O2O3O4U3O5U6U4U7U2O8O6U1O7U5U8,3,7z^2+44z+61,7w^3z^2+44w^2z+61w,False,False,"[[ 0 -1  1 -1  1  2 -2  0  0],[ 1  0  1 -1  2  2 -1  1  0],[-1 -1  0 -1  1  0 -2  0 -1],[ 1  1  1  0  1  1  0  1  0],[-1 -2 -1 -1  0  0 -1  0  0],[-2 -2  0 -1  0  0 -3 -1 -1],[ 2  1  2  0  1  3  0  1  1],[ 0 -1  0 -1  0  1 -1  0  0],[ 0  0  1  0  0  1 -1  0  0]]","[[ 0  2  1  1  0  0 -1 -1 -2],[-2  0  0  0 -1 -1 -1 -2 -3],[-1  0  0  1  0 -1 -1 -1 -2],[-1  0 -1  0  0  0 -1 -2 -1],[ 0  1  0  0  0  0 -1 -1 -1],[ 0  1  1  0  0  0  0  0 -1],[ 1  1  1  1  1  0  0  1  0],[ 1  2  1  2  1  0 -1  0 -1],[ 2  3  2  1  1  1  0  1  0]]",True,"[-2,-1,-1,0,0,1,1,2,0,0,1,1,1,2,3,-1,0,1,1,1,2,0,0,1,2,1,0,1,1,1,0,0,1,-1,0,1]","[-2,-1,-1,0,0,1,1,2,0,0,1,1,1,2,3,-1,0,1,1,1,2,0,0,1,2,1,0,1,1,1,0,0,1,-1,0,1]",t^8+36t^6+112t^4+16t^2,"[-2,-1,-1,0,0,1,1,2,0,1,1,1,1,2,1,1,0,1,1,0,1,0,1,1,1,2,0,1,1,1,0,1,1,-1,1,1]","[-2,-1,-1,0,0,1,1,2,1,1,1,1,1,2,1,-1,1,1,0,1,2,0,1,1,1,1,0,1,1,1,0,0,1,-1,0,1]","[-2,-1,-1,0,0,1,1,2,0,1,1,1,1,2,3,1,0,1,1,1,1,0,1,2,1,2,0,0,1,1,0,0,1,-1,0,0]",c,"[[{8, 1}, {5, 7}, {2, 6}, {3, 4}], [{8, 1}, {5, 7}, {2, 6}, {4}, {3}]]",1,- 16 K_1^2 - 4 K_1 K_2 + 2 K_1 + 8 K_2 + 2 K_3 + 9,O1O2O3O4U5U6O7U4O8O5U3U7U1U8O6U2,O1O2O3O4U5U1O6U3O7O5U6U4U8U2O8U7,O1O2O3O4U5O6U3U6U1U7O8O5U2O7U4U8,c,"{'O1O2O3O4U5U2O6U4U7O5U3O8U1O7U8U6', 'O1O2O3O4U3U5O6U4U7U2O5O8U1O7U8U6', 'O1O2O3O4U3O5U6U4U7U2O8O6U1O7U5U8'}",3,"<a href=""/flatknot/8.733946"">8.733946</a>",t^9-36t^7-70t^6+72t^5+192t^4+12t^3-96t^2-40t-16,0,,
8.733947,O1O2O3O4U3O5U6U4U7U2O8O6U1O7U8U5,4,4z^3+36z^2+107z+103,4w^4z^3+36w^3z^2+107w^2z+103w,False,False,"[[ 0 -1  1 -1  1  3 -2  0 -1],[ 1  0  1 -1  2  3 -1  1 -1],[-1 -1  0 -1  1  0 -2  0 -2],[ 1  1  1  0  1  1  0  1  0],[-1 -2 -1 -1  0  0 -1  0 -1],[-3 -3  0 -1  0  0 -3 -1 -2],[ 2  1  2  0  1  3  0  1  0],[ 0 -1  0 -1  0  1 -1  0 -1],[ 1  1  2  0  1  2  0  1  0]]","[[ 0  3  1  1  0 -1 -1 -1 -2],[-3  0  0  0 -1 -1 -2 -3 -3],[-1  0  0  1  0 -1 -2 -1 -2],[-1  0 -1  0  0 -1 -1 -2 -1],[ 0  1  0  0  0 -1 -1 -1 -1],[ 1  1  1  1  1  0  0  1  0],[ 1  2  2  1  1  0  0  1  0],[ 1  3  1  2  1 -1 -1  0 -1],[ 2  3  2  1  1  0  0  1  0]]",True,"[-3,-1,-1,0,1,1,1,2,0,0,1,1,2,3,3,-1,0,1,2,1,2,0,1,1,2,1,1,1,1,1,0,-1,0,-1,0,1]","[-3,-1,-1,0,1,1,1,2,0,0,1,1,2,3,3,-1,0,1,2,1,2,0,1,1,2,1,1,1,1,1,0,-1,0,-1,0,1]",t^8+49t^6+129t^4+39t^2+1,"[-2,-1,-1,-1,0,1,1,3,0,1,1,1,1,2,2,1,1,0,1,0,1,0,0,0,1,2,0,1,1,3,1,1,2,-1,2,2]","[-3,-1,-1,0,1,1,1,2,2,2,2,1,2,3,2,-1,1,0,1,1,2,1,1,0,1,1,0,0,0,1,-1,-1,0,0,1,1]","[-2,-1,-1,-1,0,1,1,3,0,0,1,1,1,2,3,0,1,1,1,1,1,1,1,1,2,2,1,2,1,3,0,0,1,-1,0,0]",c,"[[{8, 1}, {2, 7}, {3, 6}, {4, 5}], [{8, 1}, {2, 7}, {4, 6}, {3, 5}], [{8, 1}, {2, 7}, {5, 6}, {3, 4}], [{8, 1}, {2, 7}, {5, 6}, {4}, {3}], [{8, 1}, {3, 7}, {2, 6}, {4, 5}], [{8, 1}, {3, 7}, {4, 6}, {2, 5}], [{8, 1}, {3, 7}, {5, 6}, {2, 4}], [{8, 1}, {4, 7}, {2, 6}, {3, 5}], [{8, 1}, {4, 7}, {3, 6}, {2, 5}], [{8, 1}, {4, 7}, {5, 6}, {2, 3}], [{8, 1}, {5, 7}, {2, 6}, {3, 4}], [{8, 1}, {5, 7}, {3, 6}, {2, 4}], [{8, 1}, {5, 7}, {4, 6}, {2, 3}], [{8, 1}, {6, 7}, {2, 5}, {3, 4}], [{8, 1}, {6, 7}, {3, 5}, {2, 4}], [{8, 1}, {6, 7}, {4, 5}, {2, 3}], [{8, 1}, {7}, {6}, {3, 5}, {2, 4}], [{8, 2}, {1, 7}, {3, 6}, {4, 5}], [{8, 2}, {1, 7}, {3, 6}, {5}, {4}], [{8, 2}, {1, 7}, {4, 6}, {3, 5}], [{8, 2}, {1, 7}, {4, 6}, {5}, {3}], [{8, 2}, {1, 7}, {5, 6}, {3, 4}], [{8, 2}, {1, 7}, {5, 6}, {4}, {3}], [{8, 2}, {1, 7}, {6}, {3, 5}, {4}], [{8, 2}, {1, 7}, {6}, {4, 5}, {3}], [{8, 2}, {1, 7}, {6}, {5}, {3, 4}], [{8, 2}, {1, 7}, {6}, {5}, {4}, {3}], [{8, 2}, {3, 7}, {1, 6}, {4, 5}], [{8, 2}, {3, 7}, {4, 6}, {1, 5}], [{8, 2}, {3, 7}, {5, 6}, {1, 4}], [{8, 2}, {3, 7}, {6}, {1, 5}, {4}], [{8, 2}, {4, 7}, {1, 6}, {3, 5}], [{8, 2}, {4, 7}, {3, 6}, {1, 5}], [{8, 2}, {4, 7}, {5, 6}, {1, 3}], [{8, 2}, {4, 7}, {6}, {1, 5}, {3}], [{8, 2}, {5, 7}, {1, 6}, {3, 4}], [{8, 2}, {5, 7}, {1, 6}, {4}, {3}], [{8, 2}, {5, 7}, {3, 6}, {1, 4}], [{8, 2}, {5, 7}, {3, 6}, {4}, {1}], [{8, 2}, {5, 7}, {4, 6}, {1, 3}], [{8, 2}, {5, 7}, {4, 6}, {3}, {1}], [{8, 2}, {5, 7}, {6}, {1, 4}, {3}], [{8, 2}, {5, 7}, {6}, {3, 4}, {1}], [{8, 2}, {5, 7}, {6}, {4}, {1, 3}], [{8, 2}, {5, 7}, {6}, {4}, {3}, {1}], [{8, 2}, {6, 7}, {1, 5}, {3, 4}], [{8, 2}, {6, 7}, {1, 5}, {4}, {3}], [{8, 2}, {6, 7}, {3, 5}, {1, 4}], [{8, 2}, {6, 7}, {4, 5}, {1, 3}], [{8, 2}, {6, 7}, {5}, {3, 4}, {1}], [{8, 2}, {7}, {1, 6}, {5}, {3, 4}], [{8, 2}, {7}, {3, 6}, {1, 5}, {4}], [{8, 2}, {7}, {4, 6}, {1, 5}, {3}], [{8, 2}, {7}, {5, 6}, {3, 4}, {1}], [{8, 2}, {7}, {6}, {1, 5}, {3, 4}], [{8, 2}, {7}, {6}, {1, 5}, {4}, {3}], [{8, 3}, {1, 7}, {2, 6}, {4, 5}], [{8, 3}, {1, 7}, {4, 6}, {2, 5}], [{8, 3}, {1, 7}, {5, 6}, {2, 4}], [{8, 3}, {2, 7}, {1, 6}, {4, 5}], [{8, 3}, {2, 7}, {4, 6}, {1, 5}], [{8, 3}, {2, 7}, {5, 6}, {1, 4}], [{8, 3}, {2, 7}, {6}, {1, 5}, {4}], [{8, 3}, {4, 7}, {1, 6}, {2, 5}], [{8, 3}, {4, 7}, {2, 6}, {1, 5}], [{8, 3}, {4, 7}, {5, 6}, {1, 2}], [{8, 3}, {5, 7}, {1, 6}, {2, 4}], [{8, 3}, {5, 7}, {2, 6}, {1, 4}], [{8, 3}, {5, 7}, {4, 6}, {1, 2}], [{8, 3}, {6, 7}, {1, 5}, {2, 4}], [{8, 3}, {6, 7}, {2, 5}, {1, 4}], [{8, 3}, {6, 7}, {4, 5}, {1, 2}], [{8, 3}, {7}, {6}, {2, 5}, {1, 4}], [{8, 4}, {1, 7}, {2, 6}, {3, 5}], [{8, 4}, {1, 7}, {3, 6}, {2, 5}], [{8, 4}, {1, 7}, {5, 6}, {2, 3}], [{8, 4}, {1, 7}, {6}, {3, 5}, {2}], [{8, 4}, {2, 7}, {1, 6}, {3, 5}], [{8, 4}, {2, 7}, {3, 6}, {1, 5}], [{8, 4}, {2, 7}, {5, 6}, {1, 3}], [{8, 4}, {2, 7}, {5, 6}, {3}, {1}], [{8, 4}, {3, 7}, {1, 6}, {2, 5}], [{8, 4}, {3, 7}, {2, 6}, {1, 5}], [{8, 4}, {3, 7}, {5, 6}, {1, 2}], [{8, 4}, {3, 7}, {6}, {1, 5}, {2}], [{8, 4}, {5, 7}, {1, 6}, {2, 3}], [{8, 4}, {5, 7}, {2, 6}, {1, 3}], [{8, 4}, {5, 7}, {3, 6}, {1, 2}], [{8, 4}, {5, 7}, {6}, {1, 3}, {2}], [{8, 4}, {6, 7}, {1, 5}, {2, 3}], [{8, 4}, {6, 7}, {2, 5}, {1, 3}], [{8, 4}, {6, 7}, {3, 5}, {1, 2}], [{8, 5}, {1, 7}, {2, 6}, {3, 4}], [{8, 5}, {1, 7}, {3, 6}, {2, 4}], [{8, 5}, {1, 7}, {3, 6}, {4}, {2}], [{8, 5}, {1, 7}, {4, 6}, {2, 3}], [{8, 5}, {2, 7}, {1, 6}, {3, 4}], [{8, 5}, {2, 7}, {3, 6}, {1, 4}], [{8, 5}, {2, 7}, {4, 6}, {1, 3}], [{8, 5}, {3, 7}, {1, 6}, {2, 4}], [{8, 5}, {3, 7}, {2, 6}, {1, 4}], [{8, 5}, {3, 7}, {4, 6}, {1, 2}], [{8, 5}, {4, 7}, {1, 6}, {2, 3}], [{8, 5}, {4, 7}, {2, 6}, {1, 3}], [{8, 5}, {4, 7}, {2, 6}, {3}, {1}], [{8, 5}, {4, 7}, {3, 6}, {1, 2}], [{8, 5}, {6, 7}, {1, 4}, {2, 3}], [{8, 5}, {6, 7}, {2, 4}, {1, 3}], [{8, 5}, {6, 7}, {3, 4}, {1, 2}], [{8, 6}, {1, 7}, {2, 5}, {3, 4}], [{8, 6}, {1, 7}, {3, 5}, {2, 4}], [{8, 6}, {1, 7}, {4, 5}, {2, 3}], [{8, 6}, {2, 7}, {1, 5}, {3, 4}], [{8, 6}, {2, 7}, {3, 5}, {1, 4}], [{8, 6}, {2, 7}, {4, 5}, {1, 3}], [{8, 6}, {3, 7}, {1, 5}, {2, 4}], [{8, 6}, {3, 7}, {1, 5}, {4}, {2}], [{8, 6}, {3, 7}, {2, 5}, {1, 4}], [{8, 6}, {3, 7}, {4, 5}, {1, 2}], [{8, 6}, {4, 7}, {1, 5}, {2, 3}], [{8, 6}, {4, 7}, {2, 5}, {1, 3}], [{8, 6}, {4, 7}, {3, 5}, {1, 2}], [{8, 6}, {5, 7}, {1, 4}, {2, 3}], [{8, 6}, {5, 7}, {2, 4}, {1, 3}], [{8, 6}, {5, 7}, {3, 4}, {1, 2}], [{8, 6}, {7}, {3, 5}, {2, 4}, {1}], [{8, 7}, {1, 6}, {2, 5}, {3, 4}], [{8, 7}, {1, 6}, {3, 5}, {2, 4}], [{8, 7}, {1, 6}, {4, 5}, {2, 3}], [{8, 7}, {2, 6}, {1, 5}, {3, 4}], [{8, 7}, {2, 6}, {3, 5}, {1, 4}], [{8, 7}, {2, 6}, {4, 5}, {1, 3}], [{8, 7}, {3, 6}, {1, 5}, {2, 4}], [{8, 7}, {3, 6}, {2, 5}, {1, 4}], [{8, 7}, {3, 6}, {4, 5}, {1, 2}], [{8, 7}, {3, 6}, {5}, {2, 4}, {1}], [{8, 7}, {4, 6}, {1, 5}, {2, 3}], [{8, 7}, {4, 6}, {2, 5}, {1, 3}], [{8, 7}, {4, 6}, {3, 5}, {1, 2}], [{8, 7}, {5, 6}, {1, 4}, {2, 3}], [{8, 7}, {5, 6}, {2, 4}, {1, 3}], [{8, 7}, {5, 6}, {2, 4}, {3}, {1}], [{8, 7}, {5, 6}, {3, 4}, {1, 2}], [{8, 7}, {6}, {1, 5}, {4}, {2, 3}], [{8, 7}, {6}, {2, 5}, {3, 4}, {1}], [{8, 7}, {6}, {3, 5}, {2, 4}, {1}], [{8, 7}, {6}, {4, 5}, {1, 3}, {2}], [{8, 7}, {6}, {4, 5}, {2, 3}, {1}], [{8, 7}, {6}, {4, 5}, {3}, {1, 2}], [{8, 7}, {6}, {5}, {1, 4}, {2, 3}], [{8}, {1, 7}, {3, 6}, {2, 5}, {4}], [{8}, {1, 7}, {6}, {3, 5}, {2, 4}], [{8}, {2, 7}, {5, 6}, {1, 4}, {3}], [{8}, {3, 7}, {2, 6}, {1, 5}, {4}], [{8}, {3, 7}, {4, 6}, {1, 5}, {2}], [{8}, {3, 7}, {6}, {1, 5}, {2, 4}], [{8}, {3, 7}, {6}, {1, 5}, {4}, {2}], [{8}, {4, 7}, {5, 6}, {3}, {1, 2}], [{8}, {5, 7}, {6}, {2, 4}, {1, 3}], [{8}, {6, 7}, {3, 5}, {2, 4}, {1}], [{8}, {7}, {1, 6}, {3, 5}, {2, 4}], [{8}, {7}, {6}, {3, 5}, {2, 4}, {1}]]",2,16 K_1^3 - 14 K_1^2 - 18 K_1 K_2 - 4 K_1 K_3 - 3 K_1 + 9 K_2 + 5 K_3 + 2 K_4 + 8,O1O2O3O4U5U6O7U4O8O6U3U7U1U8O5U2,O1O2O3O4U5U1O6U3O5O7U6U4U8U2O8U7,O1O2O3O4U5O6U3U6U1U7O5O8U2O7U4U8,c,{'O1O2O3O4U3O5U6U4U7U2O8O6U1O7U8U5'},1,"<a href=""/flatknot/8.733947"">8.733947</a>",t^9-45t^7-102t^6+14t^5+110t^4+67t^3-16t^2-8t,-t^3+t^2+t,,
8.733948,O1O2O3O4U3O5U6U4U7U2O8O6U8O7U1U5,4,14z^2+99z+143,14w^3z^2+99w^2z+143w,False,False,"[[ 0 -1  1 -1  1  3 -2  0 -1],[ 1  0  2 -1  2  3 -1  1 -1],[-1 -2  0 -1  1  0 -2  0 -1],[ 1  1  1  0  1  1  0  1  0],[-1 -2 -1 -1  0  0 -1  0 -1],[-3 -3  0 -1  0  0 -3 -2 -1],[ 2  1  2  0  1  3  0  2 -1],[ 0 -1  0 -1  0  2 -2  0 -1],[ 1  1  1  0  1  1  1  1  0]]","[[ 0  3  1  1  0 -1 -1 -1 -2],[-3  0  0  0 -2 -1 -1 -3 -3],[-1  0  0  1  0 -1 -1 -2 -2],[-1  0 -1  0  0 -1 -1 -2 -1],[ 0  2  0  0  0 -1 -1 -1 -2],[ 1  1  1  1  1  0  0  1  1],[ 1  1  1  1  1  0  0  1  0],[ 1  3  2  2  1 -1 -1  0 -1],[ 2  3  2  1  2 -1  0  1  0]]",True,"[-3,-1,-1,0,1,1,1,2,0,0,2,1,1,3,3,-1,0,1,1,2,2,0,1,1,2,1,1,1,1,2,0,-1,-1,-1,0,1]","[-3,-1,-1,0,1,1,1,2,0,0,2,1,1,3,3,-1,0,1,1,2,2,0,1,1,2,1,1,1,1,2,0,-1,-1,-1,0,1]",t^8+53t^6+169t^4+80t^2,"[-2,-1,-1,-1,0,1,1,3,0,1,2,0,1,2,2,1,1,0,0,0,1,0,0,1,1,3,0,1,1,3,1,1,1,-1,2,2]","[-3,-1,-1,0,1,1,1,2,2,2,1,1,3,3,2,-1,1,0,1,1,2,1,0,1,1,1,0,0,0,0,-1,-1,0,0,1,2]","[-2,-1,-1,-1,0,1,1,3,-1,0,1,2,1,2,3,0,1,1,1,1,1,1,1,1,1,1,1,2,2,3,0,0,2,-1,0,0]",c,"[[{8, 5}, {1, 7}, {4, 6}, {2, 3}]]",1,8 K_1^3 - 30 K_1^2 - 22 K_1 K_2 + 5 K_1 - 4 K_2^2 + 15 K_2 + 9 K_3 + 2 K_4 + 18,O1O2O3O4U5U4O6U7O8O7U3U6U1U8O5U2,O1O2O3O4U5U1O5U3O6O7U6U4U8U2O8U7,O1O2O3O4U5O6U3U6U1U7O5O7U2O8U4U8,c,{'O1O2O3O4U3O5U6U4U7U2O8O6U8O7U1U5'},1,"<a href=""/flatknot/8.733948"">8.733948</a>",t^9-49t^7-154t^6-62t^5+304t^4+558t^3+396t^2+15t-52,-t^3+t^2+t,,
8.733949,O1O2O3O4U3O5U6U5U1U2O7O6U4O8U7U8,3,16z^2+89z+115,-2w^4z^2+18w^3z^2-6w^3z+95w^2z+115w,False,False,"[[ 0 -1  1 -1  2  1 -2 -1  1],[ 1  0  1  0  2  0 -1  0  0],[-1 -1  0  0  1  0 -2  0  0],[ 1  0  0  0  1  0  1  1  0],[-2 -2 -1 -1  0  1 -3  0  1],[-1  0  0  0 -1  0 -1 -1  0],[ 2  1  2 -1  3  1  0 -1  0],[ 1  0  0 -1  0  1  1  0  1],[-1  0  0  0 -1  0  0 -1  0]]","[[ 0  2  1  1  1 -1 -1 -1 -2],[-2  0  1  1 -1  0 -1 -2 -3],[-1 -1  0  0  0 -1  0  0  0],[-1 -1  0  0  0 -1  0  0 -1],[-1  1  0  0  0  0  0 -1 -2],[ 1  0  1  1  0  0 -1  0  1],[ 1  1  0  0  0  1  0  0  1],[ 1  2  0  0  1  0  0  0 -1],[ 2  3  0  1  2 -1 -1  1  0]]",True,"[-2,-1,-1,-1,1,1,1,2,-1,-1,1,0,1,2,3,0,0,1,0,0,0,0,1,0,0,1,0,0,1,2,1,0,-1,0,-1,1]","[-2,-1,-1,-1,1,1,1,2,-1,-1,1,0,1,2,3,-1,0,1,1,0,0,0,0,0,0,1,0,0,1,2,0,0,-1,0,-1,1]",t^8+29t^6+137t^4+17t^2,"[-2,-1,-1,-1,1,1,1,2,0,2,2,1,2,3,1,0,0,1,2,2,1,-1,2,2,2,2,2,1,1,3,0,0,0,0,2,2]","[-2,-1,-1,-1,1,1,1,2,0,2,2,1,2,3,1,0,0,1,2,2,1,0,2,2,1,2,2,2,1,3,0,0,0,1,2,2]","[-2,-1,-1,-1,1,1,1,2,-1,-1,1,0,1,2,3,-1,0,1,1,0,0,0,0,0,0,1,0,0,1,2,0,0,-1,0,-1,1]",c,"[[{8, 1}, {2, 7}, {4, 6}, {3, 5}], [{8, 7}, {4, 6}, {3, 5}, {1, 2}]]",0,16 K_1^3 - 28 K_1^2 - 16 K_1 K_2 - 4 K_1 + 14 K_2 + 4 K_3 + 15,O1O2O3O4U5U6O5U1O7O6U3U4U8U7O8U2,O1O2O3O4U5U1O6U7O5O7U3U4U8U6O8U2,O1O2O3O4U3O5U6U5U1U2O7O8U7O6U4U8,c,{'O1O2O3O4U3O5U6U5U1U2O7O6U4O8U7U8'},1,"<a href=""/flatknot/8.733949"">8.733949</a>",t^9-29t^7-50t^6+45t^5+116t^4+87t^3+46t^2+12t,0,,
8.733950,O1O2O3O4U3O5U6U5U1U2O7O6U7O8U4U8,4,8z^3+52z^2+109z+75,8w^4z^3+52w^3z^2+109w^2z+75w,False,False,"[[ 0 -1  1 -1  2  1 -2 -1  1],[ 1  0  1  0  2  0 -1 -1  1],[-1 -1  0  0  1  0 -2 -1  1],[ 1  0  0  0  1  0  1  0  1],[-2 -2 -1 -1  0  1 -2 -1  1],[-1  0  0  0 -1  0 -1 -1  0],[ 2  1  2 -1  2  1  0 -1  1],[ 1  1  1  0  1  1  1  0  0],[-1 -1 -1 -1 -1  0 -1  0  0]]","[[ 0  2  1  1  1 -1 -1 -1 -2],[-2  0  1  1 -1 -1 -1 -2 -2],[-1 -1  0  0  0  0 -1  0 -1],[-1 -1  0  0 -1 -1  0 -1 -1],[-1  1  0  1  0  0 -1 -1 -2],[ 1  1  0  1  0  0  0  0  1],[ 1  1  1  0  1  0  0  1  1],[ 1  2  0  1  1  0 -1  0 -1],[ 2  2  1  1  2 -1 -1  1  0]]",True,"[-2,-1,-1,-1,1,1,1,2,-1,-1,1,1,1,2,2,0,0,0,1,0,1,1,1,0,1,1,0,1,1,2,0,0,-1,-1,-1,1]","[-2,-1,-1,-1,1,1,1,2,-1,-1,1,1,1,2,2,0,0,0,1,0,1,1,1,0,1,1,0,1,1,2,0,0,-1,-1,-1,1]",t^8+29t^6+104t^4+61t^2+1,"[-2,-1,-1,-1,1,1,1,2,0,2,2,1,2,2,2,0,1,1,1,2,1,0,2,1,2,2,1,2,1,2,-1,0,0,0,2,2]","[-2,-1,-1,-1,1,1,1,2,0,2,2,1,2,2,2,0,1,1,1,2,1,0,2,1,2,2,1,2,1,2,-1,0,0,0,2,2]","[-2,-1,-1,-1,1,1,1,2,-1,-1,1,1,1,2,2,0,0,0,1,0,1,1,1,0,1,1,0,1,1,2,0,0,-1,-1,-1,1]",-,"[[{8, 7}, {4, 6}, {3, 5}, {1, 2}]]",0,24 K_1^3 - 4 K_1^2 - 12 K_1 K_2 - 12 K_1 + 2 K_2 + 3,O1O2O3O4U5U1O5U6O7O6U3U4U8U7O8U2,O1O2O3O4U5U1O5U6O7O6U3U4U8U7O8U2,Same,-,{'O1O2O3O4U3O5U6U5U1U2O7O6U7O8U4U8'},1,"<a href=""/flatknot/8.733950"">8.733950</a>",t^9-29t^7-76t^6-24t^5+84t^4+59t^3-8t^2-7t,0,,
8.733951,O1O2O3O4U3O5U6U5U1U7O8O6U2O7U4U8,4,2z^3+25z^2+104z+125,2w^4z^3+25w^3z^2+104w^2z+125w,False,False,"[[ 0 -1  0 -1  2  1 -2  1  0],[ 1  0  0  0  2  0  0  1  1],[ 0  0  0  0  1  1 -1  1  0],[ 1  0  0  0  1  0  1  1  1],[-2 -2 -1 -1  0  1 -4 -1 -1],[-1  0 -1  0 -1  0 -1  0 -1],[ 2  0  1 -1  4  1  0  2  1],[-1 -1 -1 -1  1  0 -2  0  0],[ 0 -1  0 -1  1  1 -1  0  0]]","[[ 0  2  1  1  0  0 -1 -1 -2],[-2  0  1 -1 -1 -1 -1 -2 -4],[-1 -1  0  0 -1 -1  0  0 -1],[-1  1  0  0  0 -1 -1 -1 -2],[ 0  1  1  0  0  0 -1 -1 -1],[ 0  1  1  1  0  0  0  0 -1],[ 1  1  0  1  1  0  0  0  1],[ 1  2  0  1  1  0  0  0  0],[ 2  4  1  2  1  1 -1  0  0]]",True,"[-2,-1,-1,0,0,1,1,2,-1,1,1,1,1,2,4,0,1,1,0,0,1,0,1,1,1,2,0,1,1,1,0,0,1,0,-1,0]","[-2,-1,-1,0,0,1,1,2,-1,0,1,1,1,2,4,0,0,1,0,1,1,0,1,0,1,2,0,1,1,1,1,0,1,0,-1,1]",t^8+40t^6+101t^4+47t^2+1,"[-2,-1,-1,0,0,1,1,2,1,2,1,1,1,2,0,0,0,1,1,2,1,0,1,1,2,2,0,1,0,1,0,0,1,0,0,2]","[-2,-1,-1,0,0,1,1,2,0,2,1,1,1,2,0,0,0,1,1,1,1,0,0,2,2,2,0,1,1,1,0,0,1,0,1,2]","[-2,-1,-1,0,0,1,1,2,-1,0,1,1,1,2,4,0,0,1,0,1,1,0,1,0,1,2,0,1,1,1,1,0,1,0,-1,1]",c,"[[{8, 5}, {3, 7}, {2, 6}, {1, 4}], [{8, 7}, {2, 6}, {1, 5}, {3, 4}]]",1,12 K_1^3 - 16 K_1^2 - 12 K_1 K_2 - 3 K_1 + 8 K_2 + 3 K_3 + 9,O1O2O3O4U5U1O6U3O7O5U6U4U8U7O8U2,O1O2O3O4U5U1O6U4O7O5U3U6U8U7O8U2,O1O2O3O4U3O5U6U5U7U2O8O6U1O7U4U8,c,{'O1O2O3O4U3O5U6U5U1U7O8O6U2O7U4U8'},1,"<a href=""/flatknot/8.733951"">8.733951</a>",t^9-40t^7-76t^6+51t^5+138t^4-5t^3-62t^2-6t+4,0,,
8.733952,O1O2O3O4U3O5U6U5U1U7O8O6U4O7U2U8,4,z^3+17z^2+99z+139,w^4z^3+17w^3z^2+99w^2z+139w,False,False,"[[ 0 -1  0 -1  2  1 -2  1  0],[ 1  0  1  0  1  0  0  1  1],[ 0 -1  0 -1  2  1 -2  0  0],[ 1  0  1  0  1  0  1  0  1],[-2 -1 -2 -1  0  1 -3 -1 -1],[-1  0 -1  0 -1  0 -1  0 -1],[ 2  0  2 -1  3  1  0  2  1],[-1 -1  0  0  1  0 -2  0  0],[ 0 -1  0 -1  1  1 -1  0  0]]","[[ 0  2  1  1  0  0 -1 -1 -2],[-2  0  1 -1 -1 -2 -1 -1 -3],[-1 -1  0  0 -1 -1  0  0 -1],[-1  1  0  0  0  0  0 -1 -2],[ 0  1  1  0  0  0 -1 -1 -1],[ 0  2  1  0  0  0 -1 -1 -2],[ 1  1  0  0  1  1  0  0  1],[ 1  1  0  1  1  1  0  0  0],[ 2  3  1  2  1  2 -1  0  0]]",True,"[-2,-1,-1,0,0,1,1,2,-1,1,1,2,1,1,3,0,1,1,0,0,1,0,0,0,1,2,0,1,1,1,1,1,2,0,-1,0]","[-2,-1,-1,0,0,1,1,2,-1,0,1,2,1,2,3,0,1,1,0,0,1,1,1,0,1,1,0,1,0,1,1,0,2,0,-1,1]",t^8+36t^6+75t^4+17t^2,"[-2,-1,-1,0,0,1,1,2,1,2,0,1,1,2,1,0,0,0,1,2,2,0,0,2,2,2,0,1,0,0,1,0,1,0,0,2]","[-2,-1,-1,0,0,1,1,2,0,2,0,1,2,2,1,0,1,1,1,2,1,0,0,2,2,2,0,0,0,0,0,0,1,0,1,2]","[-2,-1,-1,0,0,1,1,2,-1,0,1,2,1,2,3,0,1,1,0,0,1,1,1,0,1,1,0,1,0,1,1,0,2,0,-1,1]",c,"[[{8, 1}, {2, 7}, {4, 6}, {3, 5}], [{8, 2}, {1, 7}, {4, 6}, {3, 5}], [{8, 7}, {4, 6}, {3, 5}, {1, 2}], [{8}, {1, 7}, {4, 6}, {3, 5}, {2}]]",1,12 K_1^3 - 28 K_1^2 - 16 K_1 K_2 - K_1 + 14 K_2 + 5 K_3 + 15,O1O2O3O4U5U3O6U1O7O5U6U4U8U7O8U2,O1O2O3O4U5U1O6U4O7O5U3U7U8U6O8U2,O1O2O3O4U3O5U6U5U7U2O8O7U1O6U4U8,c,{'O1O2O3O4U3O5U6U5U1U7O8O6U4O7U2U8'},1,"<a href=""/flatknot/8.733952"">8.733952</a>",t^9-36t^7-82t^6+9t^5+74t^4-23t^3+10t^2-4t,0,,
8.733953,O1O2O3O4U3O5U6U5U2U1O7O6U4O8U7U8,3,6z^2+39z+55,-4w^4z^2+16w^4z+10w^3z^2-44w^3z+67w^2z+55w,False,False,"[[ 0  0  0 -1  2  1 -2 -1  1],[ 0  0  0  0  2  0 -2  0  0],[ 0  0  0  0  1  0 -1  0  0],[ 1  0  0  0  1  0  1  1  0],[-2 -2 -1 -1  0  1 -3  0  1],[-1  0  0  0 -1  0 -1 -1  0],[ 2  2  1 -1  3  1  0 -1  0],[ 1  0  0 -1  0  1  1  0  1],[-1  0  0  0 -1  0  0 -1  0]]","[[ 0  2  1  1  0  0 -1 -1 -2],[-2  0  1  1 -1 -2  0 -1 -3],[-1 -1  0  0  0  0 -1  0  0],[-1 -1  0  0  0  0 -1  0 -1],[ 0  1  0  0  0  0  0  0 -1],[ 0  2  0  0  0  0  0  0 -2],[ 1  0  1  1  0  0  0 -1  1],[ 1  1  0  0  0  0  1  0  1],[ 2  3  0  1  1  2 -1 -1  0]]",True,"[-2,-1,-1,0,0,1,1,2,-1,-1,1,2,0,1,3,0,0,0,1,0,0,0,0,1,0,1,0,0,0,1,0,0,2,1,-1,-1]","[-2,-1,-1,0,0,1,1,2,-1,-1,1,2,0,1,3,-1,0,0,1,1,0,0,0,0,0,1,0,0,0,1,0,0,2,0,-1,-1]",t^8+28t^6+132t^4+10t^2,"[-2,-1,-1,0,0,1,1,2,2,2,0,1,2,3,1,-1,1,1,2,2,2,1,1,1,1,3,0,1,1,0,1,1,1,0,2,2]","[-2,-1,-1,0,0,1,1,2,2,2,0,1,2,3,1,0,1,1,2,1,2,1,1,2,1,3,0,1,1,0,1,1,1,1,2,2]","[-2,-1,-1,0,0,1,1,2,-1,-1,1,2,0,1,3,-1,0,0,1,1,0,0,0,0,0,1,0,0,0,1,0,0,2,0,-1,-1]",c,"[[{8, 7}, {4, 6}, {3, 5}, {1, 2}], [{8, 7}, {4, 6}, {3, 5}, {2}, {1}]]",0,- 8 K_1^2 - 8 K_1 K_2 + 4 K_1 + 4 K_2 + 4 K_3 + 5,O1O2O3O4U5U6O5U1O7O6U4U3U8U7O8U2,O1O2O3O4U5U1O6U7O5O7U4U3U8U6O8U2,O1O2O3O4U3O5U6U5U2U1O7O8U7O6U4U8,c,{'O1O2O3O4U3O5U6U5U2U1O7O6U4O8U7U8'},1,"<a href=""/flatknot/8.733953"">8.733953</a>",t^9-28t^7-48t^6+44t^5+92t^4+100t^3,0,,
8.733954,O1O2O3O4U3O5U6U5U2U1O7O6U7O8U4U8,3,13z^2+46z+41,-8w^4z^2+21w^3z^2-8w^3z+54w^2z+41w,False,False,"[[ 0  0  0 -1  2  1 -2 -1  1],[ 0  0  0  0  2  0 -2 -1  1],[ 0  0  0  0  1  0 -1 -1  1],[ 1  0  0  0  1  0  1  0  1],[-2 -2 -1 -1  0  1 -2 -1  1],[-1  0  0  0 -1  0 -1 -1  0],[ 2  2  1 -1  2  1  0 -1  1],[ 1  1  1  0  1  1  1  0  0],[-1 -1 -1 -1 -1  0 -1  0  0]]","[[ 0  2  1  1  0  0 -1 -1 -2],[-2  0  1  1 -1 -2 -1 -1 -2],[-1 -1  0  0  0  0  0 -1 -1],[-1 -1  0  0 -1 -1 -1  0 -1],[ 0  1  0  1  0  0  0 -1 -1],[ 0  2  0  1  0  0  0 -1 -2],[ 1  1  0  1  0  0  0  0  1],[ 1  1  1  0  1  1  0  0  1],[ 2  2  1  1  1  2 -1 -1  0]]",True,"[-2,-1,-1,0,0,1,1,2,-1,-1,1,2,1,1,2,0,0,0,0,1,1,1,1,1,0,1,0,0,1,1,0,1,2,0,-1,-1]","[-2,-1,-1,0,0,1,1,2,-1,-1,1,2,1,1,2,0,0,0,0,1,1,1,1,1,0,1,0,0,1,1,0,1,2,0,-1,-1]",t^8+28t^6+109t^4+82t^2,"[-2,-1,-1,0,0,1,1,2,2,2,0,1,2,2,2,0,0,0,1,2,2,1,1,2,1,2,0,1,0,0,1,0,1,0,2,2]","[-2,-1,-1,0,0,1,1,2,2,2,0,1,2,2,2,0,0,0,1,2,2,1,1,2,1,2,0,1,0,0,1,0,1,0,2,2]","[-2,-1,-1,0,0,1,1,2,-1,-1,1,2,1,1,2,0,0,0,0,1,1,1,1,1,0,1,0,0,1,1,0,1,2,0,-1,-1]",-,"[[{8, 7}, {4, 6}, {3, 5}, {1, 2}], [{8, 7}, {4, 6}, {3, 5}, {2}, {1}]]",0,8 K_1^3 - 4 K_1^2 - 8 K_1 K_2 - 2 K_1 + 2 K_2 + 2 K_3 + 3,O1O2O3O4U5U1O5U6O7O6U4U3U8U7O8U2,O1O2O3O4U5U1O5U6O7O6U4U3U8U7O8U2,Same,-,"{'O1O2O3U2O4U5U4U1O6U7O5O8U6U3O7U8', 'O1O2O3O4U3O5U6U5U2U1O7O6U7O8U4U8'}",2,"<a href=""/flatknot/8.733954"">8.733954</a>",t^9-28t^7-68t^6-11t^5+80t^4+38t^3-12t^2,0,,
8.733955,O1O2O3O4U3O5U6U5U2U7O8O6U4O7U1U8,3,17z^2+84z+101,-2w^4z^2+19w^3z^2-16w^3z+100w^2z+101w,False,False,"[[ 0 -1  0 -1  2  1 -2  1  0],[ 1  0  0 -1  3  1 -2  1  0],[ 0  0  0  0  1  0 -1  0  0],[ 1  1  0  0  1  0  1  0  1],[-2 -3 -1 -1  0  1 -3 -1 -1],[-1 -1  0  0 -1  0 -1  0 -1],[ 2  2  1 -1  3  1  0  2  1],[-1 -1  0  0  1  0 -2  0  0],[ 0  0  0 -1  1  1 -1  0  0]]","[[ 0  2  1  1  0  0 -1 -1 -2],[-2  0  1 -1 -1 -1 -1 -3 -3],[-1 -1  0  0  0 -1  0 -1 -1],[-1  1  0  0  0  0  0 -1 -2],[ 0  1  0  0  0  0  0  0 -1],[ 0  1  1  0  0  0 -1  0 -1],[ 1  1  0  0  0  1  0  1  1],[ 1  3  1  1  0  0 -1  0 -2],[ 2  3  1  2  1  1 -1  2  0]]",True,"[-2,-1,-1,0,0,1,1,2,-1,1,1,1,1,3,3,0,0,1,0,1,1,0,0,0,1,2,0,0,0,1,1,0,1,-1,-1,2]","[-2,-1,-1,0,0,1,1,2,-1,1,1,1,1,3,3,0,0,1,0,1,1,0,0,0,1,2,0,0,0,1,1,0,1,-1,-1,2]",t^8+40t^6+85t^4+18t^2,"[-2,-1,-1,0,0,1,1,2,-1,2,1,1,1,2,1,1,1,1,1,1,0,0,1,2,2,2,0,1,0,1,1,1,1,0,0,2]","[-2,-1,-1,0,0,1,1,2,0,2,1,1,0,2,1,0,1,1,1,2,1,0,1,1,2,2,0,1,0,1,1,1,1,-1,-1,2]","[-2,-1,-1,0,0,1,1,2,-1,2,1,1,1,2,3,1,0,1,0,0,1,0,0,1,1,3,0,0,0,1,1,0,1,0,-1,1]",c,"[[{8, 2}, {1, 7}, {4, 6}, {3, 5}], [{8}, {1, 7}, {4, 6}, {3, 5}, {2}]]",0,- 8 K_1^2 - 8 K_1 K_2 + 4 K_1 + 4 K_2 + 4 K_3 + 5,O1O2O3O4U5U4O6U1O7O5U6U3U8U7O8U2,O1O2O3O4U5U1O6U4O7O5U7U3U8U6O8U2,O1O2O3O4U3O5U6U5U2U7O8O7U1O6U4U8,c,{'O1O2O3O4U3O5U6U5U2U7O8O6U4O7U1U8'},1,"<a href=""/flatknot/8.733955"">8.733955</a>",t^9-40t^7-120t^6-43t^5+122t^4+38t^3-8t^2,0,,
8.733956,O1O2O3O4U3O5U6U5U7U1O7O6U2O8U4U8,4,17z^2+70z+73,17w^3z^2+70w^2z+73w,False,False,"[[ 0  0  0 -1  2  1 -2 -1  1],[ 0  0 -1  0  1  0  0  0  1],[ 0  1  0  0  2  1 -1  0  1],[ 1  0  0  0  1  0  1  1  1],[-2 -1 -2 -1  0  1 -3 -2  1],[-1  0 -1  0 -1  0 -1 -1  0],[ 2  0  1 -1  3  1  0  1  1],[ 1  0  0 -1  2  1 -1  0  1],[-1 -1 -1 -1 -1  0 -1 -1  0]]","[[ 0  2  1  1  0  0 -1 -1 -2],[-2  0  1  1 -1 -2 -1 -2 -3],[-1 -1  0  0  0 -1  0 -1 -1],[-1 -1  0  0 -1 -1 -1 -1 -1],[ 0  1  0  1  0 -1  0  0  0],[ 0  2  1  1  1  0  0  0 -1],[ 1  1  0  1  0  0  0  1  1],[ 1  2  1  1  0  0 -1  0 -1],[ 2  3  1  1  0  1 -1  1  0]]",True,"[-2,-1,-1,0,0,1,1,2,-1,-1,1,2,1,2,3,0,0,1,0,1,1,1,1,1,1,1,1,0,0,0,0,0,1,-1,-1,1]","[-2,-1,-1,0,0,1,1,2,-1,-1,1,2,1,2,3,0,0,1,0,1,1,1,1,1,1,1,1,0,0,0,0,0,1,-1,-1,1]",t^8+34t^6+94t^4+12t^2,"[-2,-1,-1,0,0,1,1,2,0,2,1,2,2,2,1,1,1,1,1,1,1,1,1,1,2,2,-1,0,0,0,0,1,1,0,2,2]","[-2,-1,-1,0,0,1,1,2,2,2,0,1,1,2,1,0,0,0,1,1,2,0,1,1,2,2,1,1,1,1,1,1,2,-1,0,2]","[-2,-1,-1,0,0,1,1,2,-1,1,0,1,1,1,3,1,0,0,0,1,1,0,0,1,1,2,-1,0,1,1,1,1,2,0,-1,-1]",c,"[[{8, 5}, {4, 7}, {2, 6}, {1, 3}]]",1,4 K_1^3 - 8 K_1^2 - 4 K_1 K_2 - K_1 + 4 K_2 + K_3 + 5,O1O2O3O4U5U1O5U3O6O7U4U7U8U6O8U2,O1O2O3O4U3U1O5U6O7O6U4U5U8U7O8U2,O1O2O3O4U3O5U6U5U7U1O8O6U8O7U4U2,c,"{'O1O2O3O4U3U5O6U7U6U1O5O7U2O8U4U8', 'O1O2O3O4U3O5U6U5U7U1O7O6U2O8U4U8'}",2,"<a href=""/flatknot/8.733956"">8.733956</a>",t^9-34t^7-88t^6+28t^5+298t^4+264t^3-46t^2-125t-30,0,,
8.733957,O1O2O3O4U3O5U6U5U7U1O7O6U4O8U2U8,3,4z^2+57z+99,4w^3z^2+57w^2z+99w,False,False,"[[ 0  0  0 -1  2  1 -2 -1  1],[ 0  0  0  0  0  0  0  0  1],[ 0  0  0 -1  1  1 -1  0  1],[ 1  0  1  0  1  0  1  1  0],[-2  0 -1 -1  0  1 -3 -2  0],[-1  0 -1  0 -1  0 -1 -1  0],[ 2  0  1 -1  3  1  0  1  1],[ 1  0  0 -1  2  1 -1  0  1],[-1 -1 -1  0  0  0 -1 -1  0]]","[[ 0  2  1  1  0  0 -1 -1 -2],[-2  0  1  0  0 -1 -1 -2 -3],[-1 -1  0  0  0 -1  0 -1 -1],[-1  0  0  0 -1 -1  0 -1 -1],[ 0  0  0  1  0  0  0  0  0],[ 0  1  1  1  0  0 -1  0 -1],[ 1  1  0  0  0  1  0  1  1],[ 1  2  1  1  0  0 -1  0 -1],[ 2  3  1  1  0  1 -1  1  0]]",True,"[-2,-1,-1,0,0,1,1,2,-1,0,0,1,1,2,3,0,0,1,0,1,1,1,1,0,1,1,0,0,0,0,1,0,1,-1,-1,1]","[-2,-1,-1,0,0,1,1,2,-1,0,0,1,1,2,3,0,0,1,0,1,1,1,1,0,1,1,0,0,0,0,1,0,1,-1,-1,1]",t^8+28t^6+41t^4+5t^2,"[-2,-1,-1,0,0,1,1,2,0,2,1,2,2,2,1,1,1,1,1,1,1,0,1,2,2,2,0,0,0,1,0,1,2,0,1,2]","[-2,-1,-1,0,0,1,1,2,1,2,1,2,1,2,1,0,0,0,1,2,2,0,1,1,2,2,0,1,0,1,1,1,2,-1,0,2]","[-2,-1,-1,0,0,1,1,2,-1,1,0,1,1,1,3,1,0,1,0,0,1,0,0,1,1,2,0,0,1,0,1,1,1,0,-1,0]",c,"[[{8, 1}, {2, 7}, {4, 6}, {3, 5}], [{8, 2}, {1, 7}, {4, 6}, {3, 5}], [{8, 7}, {4, 6}, {3, 5}, {1, 2}], [{8, 7}, {4, 6}, {3, 5}, {2}, {1}]]",1,4 K_1^3 - 24 K_1^2 - 8 K_1 K_2 + K_1 + 12 K_2 + 3 K_3 + 13,O1O2O3O4U5U3O5U1O6O7U4U7U8U6O8U2,O1O2O3O4U3U1O5U6O7O6U4U7U8U5O8U2,O1O2O3O4U3O5U6U5U7U1O8O7U8O6U4U2,c,"{'O1O2O3O4U3O5U6U5U7U1O7O6U4O8U2U8', 'O1O2O3O4U3U5O6U7U6U1O5O7U4O8U2U8'}",2,"<a href=""/flatknot/8.733957"">8.733957</a>",t^9-28t^7-60t^6+13t^5+78t^4+31t^3-8t^2-4t,0,,
8.733958,O1O2O3O4U3O5U6U5U7U8O7O6U1O8U4U2,3,33z+67,33w^2z+67w,False,False,"[[ 0 -1  1 -1  2  1 -2 -1  1],[ 1  0  1  0  1  1  0  1  3],[-1 -1  0 -1  1  1 -3 -2  1],[ 1  0  1  0  1  0  1  1  1],[-2 -1 -1 -1  0  1 -4 -3  0],[-1 -1 -1  0 -1  0 -1 -1  0],[ 2  0  3 -1  4  1  0  1  1],[ 1 -1  2 -1  3  1 -1  0  1],[-1 -3 -1 -1  0  0 -1 -1  0]]","[[ 0  2  1  1  1 -1 -1 -1 -2],[-2  0  1  0 -1 -1 -1 -3 -4],[-1 -1  0  0 -1  0 -1 -1 -1],[-1  0  0  0 -1 -1 -3 -1 -1],[-1  1  1  1  0 -1 -1 -2 -3],[ 1  1  0  1  1  0  0  1  1],[ 1  1  1  3  1  0  0  1  0],[ 1  3  1  1  2 -1 -1  0 -1],[ 2  4  1  1  3 -1  0  1  0]]",True,"[-2,-1,-1,-1,1,1,1,2,-1,0,1,1,1,3,4,0,1,0,1,1,1,1,1,3,1,1,1,1,2,3,0,-1,-1,-1,0,1]","[-2,-1,-1,-1,1,1,1,2,-1,0,1,1,1,3,4,0,1,0,1,1,1,1,1,3,1,1,1,1,2,3,0,-1,-1,-1,0,1]",t^8+65t^6+432t^4+36t^2,"[-2,-1,-1,-1,1,1,1,2,0,1,2,0,2,2,0,1,1,0,1,1,0,0,1,-1,1,2,1,1,2,2,-1,-1,0,0,1,2]","[-2,-1,-1,-1,1,1,1,2,0,1,2,0,2,2,0,1,1,0,1,1,0,0,1,-1,1,2,1,1,2,2,-1,-1,0,0,1,2]","[-2,-1,-1,-1,1,1,1,2,-1,0,1,1,1,3,4,0,1,0,1,1,1,1,1,3,1,1,1,1,2,3,0,-1,-1,-1,0,1]",-,"[[{8, 1}, {2, 7}, {4, 6}, {3, 5}]]",0,- 12 K_1^2 - 4 K_1 K_2 + 2 K_1 + 6 K_2 + 2 K_3 + 7,O1O2O3O4U3U1O5U4O6O7U5U7U8U6O8U2,O1O2O3O4U3U1O5U4O6O7U5U7U8U6O8U2,Same,-,"{'O1O2O3U2O4U5O6U7U6U8O5O7U1O8U3U4', 'O1O2O3O4U3O5U6U5U7U8O7O6U1O8U4U2', 'O1O2O3O4U3U5O6U7U6U8O5O7U1O8U4U2', 'O1O2O3U2O4O5U6U5U7U8O7O6U1O8U3U4'}",4,"<a href=""/flatknot/8.733958"">8.733958</a>",t^9-65t^7-176t^6+232t^5+992t^4+720t^3-32t^2-112t,0,,
8.733959,O1O2O3O4U3O5U6U5U7U8O7O6U4O8U1U2,3,9z^2+58z+81,9w^3z^2+58w^2z+81w,False,False,"[[ 0 -1  1 -1  2  1 -2 -1  1],[ 1  0  1 -1  2  1 -1  0  2],[-1 -1  0 -1  2  1 -3 -2  0],[ 1  1  1  0  1  0  1  1  0],[-2 -2 -2 -1  0  1 -3 -2  0],[-1 -1 -1  0 -1  0 -1 -1  0],[ 2  1  3 -1  3  1  0  1  1],[ 1  0  2 -1  2  1 -1  0  1],[-1 -2  0  0  0  0 -1 -1  0]]","[[ 0  2  1  1  1 -1 -1 -1 -2],[-2  0  1  0 -2 -1 -2 -2 -3],[-1 -1  0  0 -1  0 -1 -1 -1],[-1  0  0  0  0  0 -1 -2 -1],[-1  2  1  0  0 -1 -2 -1 -3],[ 1  1  0  0  1  0  1  1  1],[ 1  2  1  1  2 -1  0  0 -1],[ 1  2  1  2  1 -1  0  0 -1],[ 2  3  1  1  3 -1  1  1  0]]",True,"[-2,-1,-1,-1,1,1,1,2,-1,0,2,1,2,2,3,0,1,0,1,1,1,0,0,1,2,1,1,2,1,3,-1,-1,-1,0,1,1]","[-2,-1,-1,-1,1,1,1,2,-1,0,2,1,2,2,3,0,1,0,1,1,1,0,0,1,2,1,1,2,1,3,-1,-1,-1,0,1,1]",t^8+53t^6+141t^4+45t^2,"[-2,-1,-1,-1,1,1,1,2,0,0,2,0,2,2,1,0,1,0,1,1,1,1,1,0,1,1,1,2,2,2,0,-1,-1,0,1,2]","[-2,-1,-1,-1,1,1,1,2,-1,1,2,1,1,2,1,0,1,0,1,1,0,0,1,0,2,2,1,1,2,2,0,-1,0,-1,0,2]","[-2,-1,-1,-1,1,1,1,2,-1,1,1,1,1,3,3,1,1,0,0,1,1,0,1,1,2,2,1,2,1,2,0,-1,-1,0,0,2]",c,"[[{8, 1}, {2, 7}, {4, 6}, {3, 5}], [{8, 7}, {4, 6}, {3, 5}, {1, 2}]]",0,8 K_1^3 - 28 K_1^2 - 12 K_1 K_2 + 14 K_2 + 4 K_3 + 15,O1O2O3O4U3U4O5U1O6O7U5U7U8U6O8U2,O1O2O3O4U3U1O5U4O6O7U6U7U8U5O8U2,O1O2O3O4U3O5U6U5U7U8O7O8U1O6U4U2,c,"{'O1O2O3O4U3O5U6U5U7U8O7O6U4O8U1U2', 'O1O2O3O4U3U5O6U7U6U8O5O7U4O8U1U2'}",2,"<a href=""/flatknot/8.733959"">8.733959</a>",t^9-53t^7-178t^6-87t^5+256t^4+263t^3+62t^2,0,,
8.733960,O1O2O3O4U3O5U6U5U7U1O8O6U4O7U8U2,3,17z^2+86z+105,17w^3z^2+86w^2z+105w,False,False,"[[ 0  0  1 -1  2  1 -2  0 -1],[ 0  0  0  0  1  0 -1  0 -1],[-1  0  0 -1  1  1 -2  0 -1],[ 1  0  1  0  1  0  1  0  1],[-2 -1 -1 -1  0  1 -3 -1 -1],[-1  0 -1  0 -1  0 -1  0 -1],[ 2  1  2 -1  3  1  0  1  0],[ 0  0  0  0  1  0 -1  0 -1],[ 1  1  1 -1  1  1  0  1  0]]","[[ 0  2  1  1  0  0 -1 -1 -2],[-2  0  1 -1 -1 -1 -1 -1 -3],[-1 -1  0 -1  0  0  0 -1 -1],[-1  1  1  0  0  0 -1 -1 -2],[ 0  1  0  0  0  0  0 -1 -1],[ 0  1  0  0  0  0  0 -1 -1],[ 1  1  0  1  0  0  0  1  1],[ 1  1  1  1  1  1 -1  0  0],[ 2  3  1  2  1  1 -1  0  0]]",True,"[-2,-1,-1,0,0,1,1,2,-1,1,1,1,1,1,3,1,0,0,0,1,1,0,0,1,1,2,0,0,1,1,0,1,1,-1,-1,0]","[-2,-1,-1,0,0,1,1,2,-1,0,1,1,1,2,3,1,0,0,0,1,1,1,1,1,1,1,0,0,0,1,0,0,1,-1,-1,1]",t^8+30t^6+69t^4,"[-2,-1,-1,0,0,1,1,2,1,2,1,1,1,2,1,1,0,0,1,1,2,1,1,1,2,2,0,1,1,1,1,1,1,-1,0,2]","[-2,-1,-1,0,0,1,1,2,0,2,1,1,2,2,1,1,1,1,1,1,1,1,1,1,2,2,0,0,1,1,0,1,1,-1,1,2]","[-2,-1,-1,0,0,1,1,2,-1,0,1,1,1,2,3,1,0,0,0,1,1,1,1,1,1,1,0,0,0,1,0,0,1,-1,-1,1]",c,"[[{8, 1}, {2, 7}, {4, 6}, {3, 5}], [{8, 1}, {2, 7}, {5, 6}, {3, 4}], [{8, 1}, {3, 7}, {5, 6}, {2, 4}], [{8, 1}, {6, 7}, {3, 5}, {2, 4}], [{8, 2}, {1, 7}, {4, 6}, {3, 5}], [{8, 2}, {7}, {4, 6}, {3, 5}, {1}], [{8, 4}, {2, 7}, {1, 6}, {3, 5}], [{8, 4}, {6, 7}, {3, 5}, {1, 2}], [{8, 5}, {3, 7}, {1, 6}, {2, 4}], [{8, 5}, {6, 7}, {2, 4}, {1, 3}], [{8, 7}, {1, 6}, {3, 5}, {2, 4}], [{8, 7}, {4, 6}, {3, 5}, {1, 2}], [{8, 7}, {5, 6}, {2, 4}, {1, 3}], [{8, 7}, {5, 6}, {3, 4}, {1, 2}]]",1,8 K_1^3 - 24 K_1^2 - 8 K_1 K_2 - 2 K_1 + 12 K_2 + 2 K_3 + 13,O1O2O3O4U3U5O6U1O7O5U4U6U8U7O8U2,O1O2O3O4U5U1O6U3O5O7U4U7U8U6O8U2,O1O2O3O4U3O5U6U5U7U1O7O8U2O6U4U8,c,{'O1O2O3O4U3O5U6U5U7U1O8O6U4O7U8U2'},1,"<a href=""/flatknot/8.733960"">8.733960</a>",t^9-30t^7-58t^6+11t^5+24t^4-26t^3+8t^2,0,,
8.733961,O1O2O3O4U3O5U6U5U7U2O8O6U4O7U1U8,4,z^3+25z^2+107z+123,w^4z^3+25w^3z^2+107w^2z+123w,False,False,"[[ 0 -1  1 -1  2  1 -2  0  0],[ 1  0  1 -1  3  1 -2  0  0],[-1 -1  0  0  1  0 -2 -1 -1],[ 1  1  0  0  1  0  1  0  1],[-2 -3 -1 -1  0  1 -3 -1 -1],[-1 -1  0  0 -1  0 -1  0 -1],[ 2  2  2 -1  3  1  0  1  1],[ 0  0  1  0  1  0 -1  0  0],[ 0  0  1 -1  1  1 -1  0  0]]","[[ 0  2  1  1  0  0 -1 -1 -2],[-2  0  1 -1 -1 -1 -1 -3 -3],[-1 -1  0  0  0 -1  0 -1 -1],[-1  1  0  0 -1 -1  0 -1 -2],[ 0  1  0  1  0  0  0  0 -1],[ 0  1  1  1  0  0 -1  0 -1],[ 1  1  0  0  0  1  0  1  1],[ 1  3  1  1  0  0 -1  0 -2],[ 2  3  1  2  1  1 -1  2  0]]",True,"[-2,-1,-1,0,0,1,1,2,-1,1,1,1,1,3,3,0,0,1,0,1,1,1,1,0,1,2,0,0,0,1,1,0,1,-1,-1,2]","[-2,-1,-1,0,0,1,1,2,-1,1,1,1,1,3,3,0,0,1,0,1,1,1,1,0,1,2,0,0,0,1,1,0,1,-1,-1,2]",t^8+42t^6+103t^4+22t^2,"[-2,-1,-1,0,0,1,1,2,-1,2,1,1,1,2,1,1,1,1,1,1,0,0,1,2,2,2,0,0,0,1,0,1,1,0,0,2]","[-2,-1,-1,0,0,1,1,2,0,2,1,1,0,2,1,0,0,0,1,2,1,0,1,1,2,2,0,1,0,1,1,1,1,-1,-1,2]","[-2,-1,-1,0,0,1,1,2,-1,2,1,1,1,2,3,1,0,1,0,0,1,0,0,1,1,3,0,0,1,1,1,1,1,0,-1,1]",c,"[[{8, 1}, {2, 7}, {4, 6}, {3, 5}], [{8, 2}, {1, 7}, {4, 6}, {3, 5}], [{8, 7}, {4, 6}, {3, 5}, {1, 2}], [{8}, {7}, {4, 6}, {3, 5}, {1, 2}]]",1,16 K_1^3 - 28 K_1^2 - 16 K_1 K_2 - 4 K_1 + 14 K_2 + 4 K_3 + 15,O1O2O3O4U5U4O6U1O7O5U3U6U8U7O8U2,O1O2O3O4U5U1O6U3O7O5U7U4U8U6O8U2,O1O2O3O4U3O5U6U5U1U7O8O7U2O6U4U8,c,{'O1O2O3O4U3O5U6U5U7U2O8O6U4O7U1U8'},1,"<a href=""/flatknot/8.733961"">8.733961</a>",t^9-42t^7-132t^6-45t^5+192t^4+92t^3-50t^2-18t,0,,
8.733962,O1O2O3O4U3O5U6U7U1U2O7O6U4O8U5U8,4,11z^3+60z^2+112z+73,11w^4z^3+60w^3z^2+112w^2z+73w,False,False,"[[ 0 -1  1 -1  2  2 -2 -2  1],[ 1  0  1  0  1  1  1  0  1],[-1 -1  0  0  0  0  0 -1  1],[ 1  0  0  0  1  1  1  1  0],[-2 -1  0 -1  0  1 -2 -2  1],[-2 -1  0 -1 -1  0 -2 -2  1],[ 2 -1  0 -1  2  2  0  0  1],[ 2  0  1 -1  2  2  0  0  1],[-1 -1 -1  0 -1 -1 -1 -1  0]]","[[ 0  2  2  1  1 -1 -1 -2 -2],[-2  0  1  1  0 -1 -1 -2 -2],[-2 -1  0  1  0 -1 -1 -2 -2],[-1 -1 -1  0 -1  0 -1 -1 -1],[-1  0  0  1  0  0 -1  0 -1],[ 1  1  1  0  0  0  0  1  1],[ 1  1  1  1  1  0  0  1  0],[ 2  2  2  1  0 -1 -1  0  0],[ 2  2  2  1  1 -1  0  0  0]]",True,"[-2,-2,-1,-1,1,1,2,2,-1,-1,0,1,1,2,2,-1,0,1,1,2,2,1,0,1,1,1,0,1,0,1,0,-1,-1,-1,0,0]","[-2,-2,-1,-1,1,1,2,2,-1,-1,0,1,1,2,2,-1,0,1,1,2,2,1,0,1,1,1,0,1,0,1,0,-1,-1,-1,0,0]",t^8+32t^6+76t^4+11t^2,"[-2,-2,-1,-1,1,1,2,2,0,1,2,2,2,2,2,2,2,2,3,2,2,0,1,1,2,2,2,2,2,2,1,2,2,1,1,-1]","[-2,-2,-1,-1,1,1,2,2,-1,1,2,2,2,2,2,1,2,2,2,2,2,1,1,2,2,3,1,2,2,2,0,1,2,2,2,0]","[-2,-2,-1,-1,1,1,2,2,0,-1,-1,0,1,2,2,-1,0,1,1,2,2,0,0,0,1,1,1,1,1,1,1,0,0,-1,-1,-1]",c,"[[{8, 1}, {2, 7}, {3, 6}, {4, 5}], [{8, 1}, {2, 7}, {4, 6}, {3, 5}], [{8, 1}, {2, 7}, {5, 6}, {3, 4}], [{8, 1}, {2, 7}, {6}, {3, 5}, {4}], [{8, 1}, {3, 7}, {2, 6}, {4, 5}], [{8, 1}, {3, 7}, {4, 6}, {2, 5}], [{8, 1}, {3, 7}, {5, 6}, {2, 4}], [{8, 1}, {3, 7}, {6}, {2, 5}, {4}], [{8, 1}, {4, 7}, {2, 6}, {3, 5}], [{8, 1}, {4, 7}, {3, 6}, {2, 5}], [{8, 1}, {4, 7}, {5, 6}, {2, 3}], [{8, 1}, {5, 7}, {2, 6}, {3, 4}], [{8, 1}, {5, 7}, {3, 6}, {2, 4}], [{8, 1}, {5, 7}, {4, 6}, {2, 3}], [{8, 1}, {6, 7}, {2, 5}, {3, 4}], [{8, 1}, {6, 7}, {2, 5}, {4}, {3}], [{8, 1}, {6, 7}, {3, 5}, {2, 4}], [{8, 1}, {6, 7}, {3, 5}, {4}, {2}], [{8, 1}, {6, 7}, {4, 5}, {2, 3}], [{8, 1}, {6, 7}, {5}, {4}, {2, 3}], [{8, 1}, {7}, {2, 6}, {3, 5}, {4}], [{8, 1}, {7}, {3, 6}, {2, 5}, {4}], [{8, 2}, {1, 7}, {3, 6}, {4, 5}], [{8, 2}, {1, 7}, {4, 6}, {3, 5}], [{8, 2}, {1, 7}, {5, 6}, {3, 4}], [{8, 2}, {3, 7}, {1, 6}, {4, 5}], [{8, 2}, {3, 7}, {4, 6}, {1, 5}], [{8, 2}, {3, 7}, {5, 6}, {1, 4}], [{8, 2}, {4, 7}, {1, 6}, {3, 5}], [{8, 2}, {4, 7}, {1, 6}, {5}, {3}], [{8, 2}, {4, 7}, {3, 6}, {1, 5}], [{8, 2}, {4, 7}, {5, 6}, {1, 3}], [{8, 2}, {5, 7}, {1, 6}, {3, 4}], [{8, 2}, {5, 7}, {3, 6}, {1, 4}], [{8, 2}, {5, 7}, {4, 6}, {1, 3}], [{8, 2}, {5, 7}, {4, 6}, {3}, {1}], [{8, 2}, {6, 7}, {1, 5}, {3, 4}], [{8, 2}, {6, 7}, {3, 5}, {1, 4}], [{8, 2}, {6, 7}, {3, 5}, {4}, {1}], [{8, 2}, {6, 7}, {4, 5}, {1, 3}], [{8, 3}, {1, 7}, {2, 6}, {4, 5}], [{8, 3}, {1, 7}, {4, 6}, {2, 5}], [{8, 3}, {1, 7}, {5, 6}, {2, 4}], [{8, 3}, {1, 7}, {6}, {4, 5}, {2}], [{8, 3}, {2, 7}, {1, 6}, {4, 5}], [{8, 3}, {2, 7}, {4, 6}, {1, 5}], [{8, 3}, {2, 7}, {4, 6}, {5}, {1}], [{8, 3}, {2, 7}, {5, 6}, {1, 4}], [{8, 3}, {2, 7}, {5, 6}, {4}, {1}], [{8, 3}, {2, 7}, {6}, {4, 5}, {1}], [{8, 3}, {4, 7}, {1, 6}, {2, 5}], [{8, 3}, {4, 7}, {2, 6}, {1, 5}], [{8, 3}, {4, 7}, {2, 6}, {5}, {1}], [{8, 3}, {4, 7}, {5, 6}, {1, 2}], [{8, 3}, {5, 7}, {1, 6}, {2, 4}], [{8, 3}, {5, 7}, {2, 6}, {1, 4}], [{8, 3}, {5, 7}, {2, 6}, {4}, {1}], [{8, 3}, {5, 7}, {4, 6}, {1, 2}], [{8, 3}, {6, 7}, {1, 5}, {2, 4}], [{8, 3}, {6, 7}, {2, 5}, {1, 4}], [{8, 3}, {6, 7}, {4, 5}, {1, 2}], [{8, 3}, {6, 7}, {4, 5}, {2}, {1}], [{8, 3}, {7}, {1, 6}, {4, 5}, {2}], [{8, 3}, {7}, {2, 6}, {4, 5}, {1}], [{8, 3}, {7}, {6}, {1, 5}, {2, 4}], [{8, 3}, {7}, {6}, {2, 5}, {1, 4}], [{8, 3}, {7}, {6}, {4, 5}, {1, 2}], [{8, 3}, {7}, {6}, {4, 5}, {2}, {1}], [{8, 4}, {1, 7}, {2, 6}, {3, 5}], [{8, 4}, {1, 7}, {2, 6}, {5}, {3}], [{8, 4}, {1, 7}, {3, 6}, {2, 5}], [{8, 4}, {1, 7}, {5, 6}, {2, 3}], [{8, 4}, {2, 7}, {1, 6}, {3, 5}], [{8, 4}, {2, 7}, {3, 6}, {1, 5}], [{8, 4}, {2, 7}, {5, 6}, {1, 3}], [{8, 4}, {2, 7}, {5, 6}, {3}, {1}], [{8, 4}, {3, 7}, {1, 6}, {2, 5}], [{8, 4}, {3, 7}, {2, 6}, {1, 5}], [{8, 4}, {3, 7}, {5, 6}, {1, 2}], [{8, 4}, {3, 7}, {6}, {2, 5}, {1}], [{8, 4}, {5, 7}, {1, 6}, {2, 3}], [{8, 4}, {5, 7}, {2, 6}, {1, 3}], [{8, 4}, {5, 7}, {3, 6}, {1, 2}], [{8, 4}, {5, 7}, {3, 6}, {2}, {1}], [{8, 4}, {6, 7}, {1, 5}, {2, 3}], [{8, 4}, {6, 7}, {2, 5}, {1, 3}], [{8, 4}, {6, 7}, {3, 5}, {1, 2}], [{8, 4}, {6, 7}, {3, 5}, {2}, {1}], [{8, 5}, {1, 7}, {2, 6}, {3, 4}], [{8, 5}, {1, 7}, {3, 6}, {2, 4}], [{8, 5}, {1, 7}, {4, 6}, {2, 3}], [{8, 5}, {2, 7}, {1, 6}, {3, 4}], [{8, 5}, {2, 7}, {1, 6}, {4}, {3}], [{8, 5}, {2, 7}, {3, 6}, {1, 4}], [{8, 5}, {2, 7}, {3, 6}, {4}, {1}], [{8, 5}, {2, 7}, {4, 6}, {1, 3}], [{8, 5}, {2, 7}, {4, 6}, {3}, {1}], [{8, 5}, {2, 7}, {6}, {1, 4}, {3}], [{8, 5}, {2, 7}, {6}, {3, 4}, {1}], [{8, 5}, {2, 7}, {6}, {4}, {1, 3}], [{8, 5}, {3, 7}, {1, 6}, {2, 4}], [{8, 5}, {3, 7}, {2, 6}, {1, 4}], [{8, 5}, {3, 7}, {4, 6}, {1, 2}], [{8, 5}, {4, 7}, {1, 6}, {2, 3}], [{8, 5}, {4, 7}, {2, 6}, {1, 3}], [{8, 5}, {4, 7}, {3, 6}, {1, 2}], [{8, 5}, {6, 7}, {1, 4}, {2, 3}], [{8, 5}, {6, 7}, {2, 4}, {1, 3}], [{8, 5}, {6, 7}, {3, 4}, {1, 2}], [{8, 6}, {1, 7}, {2, 5}, {3, 4}], [{8, 6}, {1, 7}, {3, 5}, {2, 4}], [{8, 6}, {1, 7}, {4, 5}, {2, 3}], [{8, 6}, {2, 7}, {1, 5}, {3, 4}], [{8, 6}, {2, 7}, {3, 5}, {1, 4}], [{8, 6}, {2, 7}, {4, 5}, {1, 3}], [{8, 6}, {2, 7}, {5}, {3, 4}, {1}], [{8, 6}, {3, 7}, {1, 5}, {2, 4}], [{8, 6}, {3, 7}, {2, 5}, {1, 4}], [{8, 6}, {3, 7}, {2, 5}, {4}, {1}], [{8, 6}, {3, 7}, {4, 5}, {1, 2}], [{8, 6}, {4, 7}, {1, 5}, {2, 3}], [{8, 6}, {4, 7}, {2, 5}, {1, 3}], [{8, 6}, {4, 7}, {3, 5}, {1, 2}], [{8, 6}, {4, 7}, {3, 5}, {2}, {1}], [{8, 6}, {5, 7}, {1, 4}, {2, 3}], [{8, 6}, {5, 7}, {2, 4}, {1, 3}], [{8, 6}, {5, 7}, {3, 4}, {1, 2}], [{8, 6}, {7}, {5}, {2, 4}, {1, 3}], [{8, 7}, {1, 6}, {2, 5}, {3, 4}], [{8, 7}, {1, 6}, {3, 5}, {2, 4}], [{8, 7}, {1, 6}, {4, 5}, {2, 3}], [{8, 7}, {2, 6}, {1, 5}, {3, 4}], [{8, 7}, {2, 6}, {3, 5}, {1, 4}], [{8, 7}, {2, 6}, {3, 5}, {4}, {1}], [{8, 7}, {2, 6}, {4, 5}, {1, 3}], [{8, 7}, {3, 6}, {1, 5}, {2, 4}], [{8, 7}, {3, 6}, {2, 5}, {1, 4}], [{8, 7}, {3, 6}, {4, 5}, {1, 2}], [{8, 7}, {4, 6}, {1, 5}, {2, 3}], [{8, 7}, {4, 6}, {2, 5}, {1, 3}], [{8, 7}, {4, 6}, {3, 5}, {1, 2}], [{8, 7}, {5, 6}, {1, 4}, {2, 3}], [{8, 7}, {5, 6}, {2, 4}, {1, 3}], [{8, 7}, {5, 6}, {3, 4}, {1, 2}], [{8, 7}, {5, 6}, {4}, {2, 3}, {1}], [{8, 7}, {6}, {1, 5}, {2, 4}, {3}], [{8, 7}, {6}, {2, 5}, {1, 4}, {3}], [{8, 7}, {6}, {4, 5}, {3}, {1, 2}], [{8}, {1, 7}, {2, 6}, {3, 5}, {4}], [{8}, {2, 7}, {4, 6}, {3, 5}, {1}], [{8}, {2, 7}, {5, 6}, {3, 4}, {1}], [{8}, {3, 7}, {1, 6}, {2, 5}, {4}], [{8}, {3, 7}, {4, 6}, {2, 5}, {1}], [{8}, {3, 7}, {6}, {1, 5}, {2, 4}], [{8}, {3, 7}, {6}, {2, 5}, {1, 4}], [{8}, {3, 7}, {6}, {2, 5}, {4}, {1}], [{8}, {3, 7}, {6}, {4, 5}, {1, 2}], [{8}, {4, 7}, {5, 6}, {1, 3}, {2}], [{8}, {5, 7}, {6}, {1, 4}, {2, 3}], [{8}, {6, 7}, {3, 5}, {1, 4}, {2}], [{8}, {6, 7}, {3, 5}, {2, 4}, {1}], [{8}, {6, 7}, {3, 5}, {4}, {1, 2}]]",2,4 K_1^3 - 4 K_1^2 - 4 K_1 K_2 - K_1 + 2 K_2 + K_3 + 3,O1O2O3O4U5U6O5U1O7O8U3U4U8U7O6U2,O1O2O3O4U2U1O5U6O7O6U3U4U8U5O8U7,O1O2O3O4U5O6U7U6U1U2O8O5U8O7U4U3,c,{'O1O2O3O4U3O5U6U7U1U2O7O6U4O8U5U8'},1,"<a href=""/flatknot/8.733962"">8.733962</a>",t^9-32t^7-66t^6+34t^5+146t^4+37t^3-66t^2-14t+12,0,,
8.733963,O1O2O3O4U3O5U6U7U1U4O7O6U2O8U5U8,3,18z^2+83z+95,18w^3z^2+83w^2z+95w,False,False,"[[ 0 -1  0 -1  3  2 -2 -2  1],[ 1  0  0  0  2  1  1  0  1],[ 0  0  0 -1  3  2 -1 -1  1],[ 1  0  1  0  1  1  0  0  0],[-3 -2 -3 -1  0 -1 -2 -3  1],[-2 -1 -2 -1  1  0 -2 -2  1],[ 2 -1  1  0  2  2  0  0  1],[ 2  0  1  0  3  2  0  0  1],[-1 -1 -1  0 -1 -1 -1 -1  0]]","[[ 0  3  2  1  0 -1 -1 -2 -2],[-3  0 -1  1 -3 -1 -2 -2 -3],[-2  1  0  1 -2 -1 -1 -2 -2],[-1 -1 -1  0 -1  0 -1 -1 -1],[ 0  3  2  1  0 -1  0 -1 -1],[ 1  1  1  0  1  0  0  0  0],[ 1  2  1  1  0  0  0  1  0],[ 2  2  2  1  1  0 -1  0  0],[ 2  3  2  1  1  0  0  0  0]]",True,"[-3,-2,-1,0,1,1,2,2,1,-1,3,1,2,2,3,-1,2,1,1,2,2,1,0,1,1,1,1,0,1,1,0,0,0,-1,0,0]","[-3,-2,-1,0,1,1,2,2,0,3,0,2,3,2,3,2,0,2,2,2,2,0,1,2,2,2,1,0,1,1,0,1,2,1,1,0]",t^8+52t^6+121t^4+23t^2,"[-2,-2,-1,-1,0,1,2,3,0,1,1,1,2,2,2,1,2,1,2,2,3,0,0,2,2,3,1,1,2,2,0,0,0,2,3,0]","[-3,-2,-1,0,1,1,2,2,0,3,0,2,3,2,3,2,0,2,2,2,2,0,1,2,2,2,1,0,1,1,0,1,2,1,1,0]","[-2,-2,-1,-1,0,1,2,3,0,-1,0,1,1,2,2,0,0,1,1,2,3,0,0,1,1,2,1,0,1,1,1,2,3,-1,-1,1]",c,"[[{8, 2}, {6, 7}, {3, 5}, {1, 4}], [{8, 2}, {6, 7}, {5}, {1, 4}, {3}], [{8, 5}, {4, 7}, {2, 6}, {1, 3}]]",1,4 K_1^2 K_2 - 10 K_1^2 - 6 K_1 K_2 - 4 K_1 K_3 + 3 K_1 + 5 K_2 + 3 K_3 + K_4 + 5,O1O2O3O4U5U6O5U3O7O8U1U4U8U7O6U2,O1O2O3O4U2U1O5U6O7O6U3U5U8U4O8U7,O1O2O3O4U5O6U1U6U7U2O8O5U8O7U4U3,c,{'O1O2O3O4U3O5U6U7U1U4O7O6U2O8U5U8'},1,"<a href=""/flatknot/8.733963"">8.733963</a>",t^9-48t^7-130t^6+74t^5+312t^4+16t^3-156t^2-12t+16,-t^3+t^2+t,,
8.733964,O1O2O3O4U3O5U6U7U1U8O7O6U2O8U5U4,4,2z^3+32z^2+103z+95,2w^4z^3-8w^4z^2+40w^3z^2+103w^2z+95w,False,False,"[[ 0 -1  0 -1  3  2 -2 -2  1],[ 1  0 -1  0  2  0  2  1  2],[ 0  1  0  0  2  0  0  0  2],[ 1  0  0  0  1  0  1  1  1],[-3 -2 -2 -1  0  0 -4 -4 -1],[-2  0  0  0  0  0 -3 -3  0],[ 2 -2  0 -1  4  3  0  0  1],[ 2 -1  0 -1  4  3  0  0  2],[-1 -2 -2 -1  1  0 -1 -2  0]]","[[ 0  3  2  1  0 -1 -1 -2 -2],[-3  0  0 -1 -2 -1 -2 -4 -4],[-2  0  0  0  0  0  0 -3 -3],[-1  1  0  0 -2 -1 -2 -1 -2],[ 0  2  0  2  0  0  1  0  0],[ 1  1  0  1  0  0  0  1  1],[ 1  2  0  2 -1  0  0  2  1],[ 2  4  3  1  0 -1 -2  0  0],[ 2  4  3  2  0 -1 -1  0  0]]",True,"[-3,-2,-1,0,1,1,2,2,0,1,2,1,2,4,4,0,0,0,0,3,3,2,1,2,1,2,0,-1,0,0,0,-1,-1,-2,-1,0]","[-3,-2,-1,0,1,1,2,2,0,1,2,1,2,4,4,0,0,0,0,3,3,2,1,2,1,2,0,-1,0,0,0,-1,-1,-2,-1,0]",t^8+82t^6+667t^4+193t^2+9,"[-2,-2,-1,-1,0,1,2,3,0,2,2,2,1,1,1,2,3,2,2,1,1,0,1,1,3,3,2,0,3,2,-1,2,1,1,1,1]","[-3,-2,-1,0,1,1,2,2,1,1,1,2,3,1,1,1,2,3,3,1,1,-1,0,1,1,2,2,1,2,2,0,2,3,2,2,0]","[-2,-2,-1,-1,0,1,2,3,0,-2,-1,0,1,3,4,-1,-1,0,2,3,4,0,-1,2,0,2,0,1,0,1,2,0,2,0,1,0]",c,"[[{8, 1}, {2, 7}, {3, 6}, {4, 5}], [{8, 1}, {2, 7}, {4, 6}, {3, 5}], [{8, 1}, {2, 7}, {5, 6}, {3, 4}], [{8, 1}, {3, 7}, {2, 6}, {4, 5}], [{8, 1}, {3, 7}, {4, 6}, {2, 5}], [{8, 1}, {3, 7}, {5, 6}, {2, 4}], [{8, 1}, {4, 7}, {2, 6}, {3, 5}], [{8, 1}, {4, 7}, {3, 6}, {2, 5}], [{8, 1}, {4, 7}, {3, 6}, {5}, {2}], [{8, 1}, {4, 7}, {5, 6}, {2, 3}], [{8, 1}, {5, 7}, {2, 6}, {3, 4}], [{8, 1}, {5, 7}, {3, 6}, {2, 4}], [{8, 1}, {5, 7}, {4, 6}, {2, 3}], [{8, 1}, {6, 7}, {2, 5}, {3, 4}], [{8, 1}, {6, 7}, {3, 5}, {2, 4}], [{8, 1}, {6, 7}, {4, 5}, {2, 3}], [{8, 1}, {6, 7}, {5}, {3, 4}, {2}], [{8, 1}, {7}, {6}, {3, 5}, {2, 4}], [{8, 2}, {1, 7}, {3, 6}, {4, 5}], [{8, 2}, {1, 7}, {4, 6}, {3, 5}], [{8, 2}, {1, 7}, {5, 6}, {3, 4}], [{8, 2}, {1, 7}, {6}, {5}, {3, 4}], [{8, 2}, {3, 7}, {1, 6}, {4, 5}], [{8, 2}, {3, 7}, {4, 6}, {1, 5}], [{8, 2}, {3, 7}, {5, 6}, {1, 4}], [{8, 2}, {3, 7}, {6}, {5}, {1, 4}], [{8, 2}, {4, 7}, {1, 6}, {3, 5}], [{8, 2}, {4, 7}, {3, 6}, {1, 5}], [{8, 2}, {4, 7}, {5, 6}, {1, 3}], [{8, 2}, {4, 7}, {6}, {5}, {1, 3}], [{8, 2}, {5, 7}, {1, 6}, {3, 4}], [{8, 2}, {5, 7}, {3, 6}, {1, 4}], [{8, 2}, {5, 7}, {4, 6}, {1, 3}], [{8, 2}, {5, 7}, {6}, {3, 4}, {1}], [{8, 2}, {6, 7}, {1, 5}, {3, 4}], [{8, 2}, {6, 7}, {3, 5}, {1, 4}], [{8, 2}, {6, 7}, {4, 5}, {1, 3}], [{8, 2}, {6, 7}, {5}, {3, 4}, {1}], [{8, 2}, {7}, {1, 6}, {5}, {3, 4}], [{8, 2}, {7}, {5, 6}, {3, 4}, {1}], [{8, 2}, {7}, {6}, {1, 5}, {3, 4}], [{8, 2}, {7}, {6}, {5}, {3, 4}, {1}], [{8, 3}, {1, 7}, {2, 6}, {4, 5}], [{8, 3}, {1, 7}, {4, 6}, {2, 5}], [{8, 3}, {1, 7}, {5, 6}, {2, 4}], [{8, 3}, {2, 7}, {1, 6}, {4, 5}], [{8, 3}, {2, 7}, {4, 6}, {1, 5}], [{8, 3}, {2, 7}, {5, 6}, {1, 4}], [{8, 3}, {4, 7}, {1, 6}, {2, 5}], [{8, 3}, {4, 7}, {2, 6}, {1, 5}], [{8, 3}, {4, 7}, {5, 6}, {1, 2}], [{8, 3}, {5, 7}, {1, 6}, {2, 4}], [{8, 3}, {5, 7}, {2, 6}, {1, 4}], [{8, 3}, {5, 7}, {4, 6}, {1, 2}], [{8, 3}, {6, 7}, {1, 5}, {2, 4}], [{8, 3}, {6, 7}, {2, 5}, {1, 4}], [{8, 3}, {6, 7}, {4, 5}, {1, 2}], [{8, 3}, {7}, {5, 6}, {2, 4}, {1}], [{8, 3}, {7}, {6}, {2, 5}, {1, 4}], [{8, 4}, {1, 7}, {2, 6}, {3, 5}], [{8, 4}, {1, 7}, {3, 6}, {2, 5}], [{8, 4}, {1, 7}, {5, 6}, {2, 3}], [{8, 4}, {2, 7}, {1, 6}, {3, 5}], [{8, 4}, {2, 7}, {3, 6}, {1, 5}], [{8, 4}, {2, 7}, {5, 6}, {1, 3}], [{8, 4}, {3, 7}, {1, 6}, {2, 5}], [{8, 4}, {3, 7}, {2, 6}, {1, 5}], [{8, 4}, {3, 7}, {5, 6}, {1, 2}], [{8, 4}, {5, 7}, {1, 6}, {2, 3}], [{8, 4}, {5, 7}, {2, 6}, {1, 3}], [{8, 4}, {5, 7}, {3, 6}, {1, 2}], [{8, 4}, {5, 7}, {6}, {2, 3}, {1}], [{8, 4}, {6, 7}, {1, 5}, {2, 3}], [{8, 4}, {6, 7}, {2, 5}, {1, 3}], [{8, 4}, {6, 7}, {3, 5}, {1, 2}], [{8, 5}, {1, 7}, {2, 6}, {3, 4}], [{8, 5}, {1, 7}, {3, 6}, {2, 4}], [{8, 5}, {1, 7}, {4, 6}, {2, 3}], [{8, 5}, {2, 7}, {1, 6}, {3, 4}], [{8, 5}, {2, 7}, {3, 6}, {1, 4}], [{8, 5}, {2, 7}, {4, 6}, {1, 3}], [{8, 5}, {3, 7}, {1, 6}, {2, 4}], [{8, 5}, {3, 7}, {2, 6}, {1, 4}], [{8, 5}, {3, 7}, {4, 6}, {1, 2}], [{8, 5}, {4, 7}, {1, 6}, {2, 3}], [{8, 5}, {4, 7}, {2, 6}, {1, 3}], [{8, 5}, {4, 7}, {2, 6}, {3}, {1}], [{8, 5}, {4, 7}, {3, 6}, {1, 2}], [{8, 5}, {6, 7}, {1, 4}, {2, 3}], [{8, 5}, {6, 7}, {2, 4}, {1, 3}], [{8, 5}, {6, 7}, {3, 4}, {1, 2}], [{8, 5}, {6, 7}, {3, 4}, {2}, {1}], [{8, 5}, {7}, {1, 6}, {2, 4}, {3}], [{8, 5}, {7}, {2, 6}, {4}, {1, 3}], [{8, 6}, {1, 7}, {2, 5}, {3, 4}], [{8, 6}, {1, 7}, {3, 5}, {2, 4}], [{8, 6}, {1, 7}, {4, 5}, {2, 3}], [{8, 6}, {2, 7}, {1, 5}, {3, 4}], [{8, 6}, {2, 7}, {3, 5}, {1, 4}], [{8, 6}, {2, 7}, {3, 5}, {4}, {1}], [{8, 6}, {2, 7}, {4, 5}, {1, 3}], [{8, 6}, {2, 7}, {4, 5}, {3}, {1}], [{8, 6}, {2, 7}, {5}, {3, 4}, {1}], [{8, 6}, {3, 7}, {1, 5}, {2, 4}], [{8, 6}, {3, 7}, {2, 5}, {1, 4}], [{8, 6}, {3, 7}, {4, 5}, {1, 2}], [{8, 6}, {4, 7}, {1, 5}, {2, 3}], [{8, 6}, {4, 7}, {2, 5}, {1, 3}], [{8, 6}, {4, 7}, {3, 5}, {1, 2}], [{8, 6}, {5, 7}, {1, 4}, {2, 3}], [{8, 6}, {5, 7}, {2, 4}, {1, 3}], [{8, 6}, {5, 7}, {3, 4}, {1, 2}], [{8, 7}, {1, 6}, {2, 5}, {3, 4}], [{8, 7}, {1, 6}, {3, 5}, {2, 4}], [{8, 7}, {1, 6}, {4, 5}, {2, 3}], [{8, 7}, {2, 6}, {1, 5}, {3, 4}], [{8, 7}, {2, 6}, {1, 5}, {4}, {3}], [{8, 7}, {2, 6}, {3, 5}, {1, 4}], [{8, 7}, {2, 6}, {4, 5}, {1, 3}], [{8, 7}, {2, 6}, {5}, {3, 4}, {1}], [{8, 7}, {3, 6}, {1, 5}, {2, 4}], [{8, 7}, {3, 6}, {2, 5}, {1, 4}], [{8, 7}, {3, 6}, {4, 5}, {1, 2}], [{8, 7}, {3, 6}, {5}, {1, 4}, {2}], [{8, 7}, {4, 6}, {1, 5}, {2, 3}], [{8, 7}, {4, 6}, {2, 5}, {1, 3}], [{8, 7}, {4, 6}, {3, 5}, {1, 2}], [{8, 7}, {4, 6}, {3, 5}, {2}, {1}], [{8, 7}, {5, 6}, {1, 4}, {2, 3}], [{8, 7}, {5, 6}, {2, 4}, {1, 3}], [{8, 7}, {5, 6}, {3, 4}, {1, 2}], [{8, 7}, {6}, {2, 5}, {4}, {1, 3}], [{8, 7}, {6}, {4, 5}, {1, 3}, {2}], [{8, 7}, {6}, {5}, {2, 4}, {1, 3}], [{8}, {1, 7}, {2, 6}, {4, 5}, {3}], [{8}, {2, 7}, {4, 6}, {5}, {1, 3}], [{8}, {3, 7}, {1, 6}, {5}, {2, 4}], [{8}, {4, 7}, {5, 6}, {1, 3}, {2}], [{8}, {4, 7}, {5, 6}, {2, 3}, {1}], [{8}, {4, 7}, {5, 6}, {3}, {1, 2}], [{8}, {6, 7}, {1, 5}, {3, 4}, {2}], [{8}, {6, 7}, {2, 5}, {3, 4}, {1}], [{8}, {6, 7}, {5}, {3, 4}, {1, 2}], [{8}, {6, 7}, {5}, {3, 4}, {2}, {1}]]",2,4 K_1^3 + 4 K_1^2 K_2 - 10 K_1^2 - 6 K_1 K_2 - 4 K_1 K_3 + 5 K_2 + 2 K_3 + K_4 + 5,O1O2O3O4U1U5O6U3O7O8U6U4U8U7O5U2,O1O2O3O4U2U1O5U4O6O7U3U5U8U7O8U6,O1O2O3O4U5O6U7U6U8U2O7O5U1O8U4U3,c,{'O1O2O3O4U3O5U6U7U1U8O7O6U2O8U5U4'},1,"<a href=""/flatknot/8.733964"">8.733964</a>",t^9-78t^7-158t^6+414t^5+912t^4+128t^3-492t^2-118t+100,-t^3+t^2+t,,
8.733965,O1O2O3O4U3O5U6U7U1U8O7O6U4O8U2U5,4,5z^3+40z^2+94z+69,5w^4z^3-6w^4z^2+46w^3z^2-10w^3z+104w^2z+69w,False,False,"[[ 0 -1  0 -1  2  3 -2 -2  1],[ 1  0  0  0  0  1  2  1  2],[ 0  0  0 -1  2  2 -1 -1  1],[ 1  0  1  0  1  1  1  1  0],[-2  0 -2 -1  0  0 -2 -2  0],[-3 -1 -2 -1  0  0 -4 -4 -1],[ 2 -2  1 -1  2  4  0  0  1],[ 2 -1  1 -1  2  4  0  0  2],[-1 -2 -1  0  0  1 -1 -2  0]]","[[ 0  3  2  1  0 -1 -1 -2 -2],[-3  0  0 -1 -2 -1 -1 -4 -4],[-2  0  0  0 -2  0 -1 -2 -2],[-1  1  0  0 -1 -2  0 -1 -2],[ 0  2  2  1  0  0 -1 -1 -1],[ 1  1  0  2  0  0  0  2  1],[ 1  1  1  0  1  0  0  1  1],[ 2  4  2  1  1 -2 -1  0  0],[ 2  4  2  2  1 -1 -1  0  0]]",True,"[-3,-2,-1,0,1,1,2,2,0,1,2,1,1,4,4,0,2,0,1,2,2,1,2,0,1,2,0,1,1,1,0,-2,-1,-1,-1,0]","[-3,-2,-1,0,1,1,2,2,0,1,2,1,1,4,4,0,2,0,1,2,2,1,2,0,1,2,0,1,1,1,0,-2,-1,-1,-1,0]",t^8+72t^6+379t^4+171t^2+4,"[-2,-2,-1,-1,0,1,2,3,0,2,2,1,1,2,1,2,3,1,2,2,1,0,0,2,2,3,1,0,3,3,0,0,1,1,1,1]","[-3,-2,-1,0,1,1,2,2,1,1,1,3,3,1,1,1,0,2,3,2,2,0,2,0,1,2,0,1,1,1,0,2,2,2,3,0]","[-2,-2,-1,-1,0,1,2,3,0,-2,-1,1,1,2,4,-1,-1,1,2,2,4,0,0,2,0,1,1,0,1,1,1,2,2,0,1,0]",c,"[[{8, 3}, {4, 7}, {1, 6}, {2, 5}], [{8, 3}, {4, 7}, {2, 6}, {1, 5}], [{8, 3}, {4, 7}, {5, 6}, {1, 2}]]",1,- 8 K_1^4 + 8 K_1^2 K_2 - 2 K_1^2 - 2 K_1 K_2 + K_1 - 2 K_2^2 + K_2 + K_3 + 4,O1O2O3O4U5U3O6U1O7O8U6U4U8U7O5U2,O1O2O3O4U2U1O5U4O6O7U3U6U8U5O8U7,O1O2O3O4U5O6U7U6U8U2O5O8U1O7U4U3,c,{'O1O2O3O4U3O5U6U7U1U8O7O6U4O8U2U5'},1,"<a href=""/flatknot/8.733965"">8.733965</a>",t^9-68t^7-176t^6+182t^5+764t^4+269t^3-334t^2-138t-2,-t^3+t^2+t,,
8.733966,O1O2O3O4U3O5U6U7U1U8O7O6U4O8U5U2,4,29z^2+114z+113,29w^3z^2+114w^2z+113w,False,False,"[[ 0 -1  1 -1  2  2 -2 -2  1],[ 1  0  1  0  0  0  2  1  2],[-1 -1  0 -1  1  1 -2 -2  0],[ 1  0  1  0  1  1  1  1  0],[-2  0 -1 -1  0  0 -2 -2  0],[-2  0 -1 -1  0  0 -3 -3  0],[ 2 -2  2 -1  2  3  0  0  1],[ 2 -1  2 -1  2  3  0  0  2],[-1 -2  0  0  0  0 -1 -2  0]]","[[ 0  2  2  1  1 -1 -1 -2 -2],[-2  0  0  0 -1  0 -1 -2 -2],[-2  0  0  0 -1  0 -1 -3 -3],[-1  0  0  0  0 -2  0 -1 -2],[-1  1  1  0  0 -1 -1 -2 -2],[ 1  0  0  2  1  0  0  2  1],[ 1  1  1  0  1  0  0  1  1],[ 2  2  3  1  2 -2 -1  0  0],[ 2  2  3  2  2 -1 -1  0  0]]",True,"[-2,-2,-1,-1,1,1,2,2,0,0,1,0,1,2,2,0,1,0,1,3,3,0,2,0,1,2,1,1,2,2,0,-2,-1,-1,-1,0]","[-2,-2,-1,-1,1,1,2,2,0,-2,-1,1,2,2,3,-1,-1,2,2,2,3,0,2,1,0,0,0,1,1,1,0,0,0,1,1,0]",t^8+56t^6+240t^4+53t^2+1,"[-2,-2,-1,-1,1,1,2,2,0,2,2,1,1,1,2,2,3,1,2,1,2,0,1,2,2,2,1,0,3,3,0,0,0,1,1,0]","[-2,-2,-1,-1,1,1,2,2,0,0,1,2,3,1,1,0,1,2,3,2,2,0,1,1,1,1,2,0,1,2,0,2,2,2,3,0]","[-2,-2,-1,-1,1,1,2,2,0,-2,-1,1,2,2,3,-1,-1,2,2,2,3,0,2,1,0,0,0,1,1,1,0,0,0,1,1,0]",c,"[[{8, 1}, {2, 7}, {3, 6}, {4, 5}], [{8, 1}, {2, 7}, {4, 6}, {3, 5}], [{8, 1}, {2, 7}, {5, 6}, {3, 4}], [{8, 1}, {2, 7}, {6}, {3, 5}, {4}], [{8, 1}, {3, 7}, {2, 6}, {4, 5}], [{8, 1}, {3, 7}, {4, 6}, {2, 5}], [{8, 1}, {3, 7}, {5, 6}, {2, 4}], [{8, 1}, {4, 7}, {2, 6}, {3, 5}], [{8, 1}, {4, 7}, {3, 6}, {2, 5}], [{8, 1}, {4, 7}, {5, 6}, {2, 3}], [{8, 1}, {4, 7}, {6}, {3, 5}, {2}], [{8, 1}, {5, 7}, {2, 6}, {3, 4}], [{8, 1}, {5, 7}, {3, 6}, {2, 4}], [{8, 1}, {5, 7}, {4, 6}, {2, 3}], [{8, 1}, {6, 7}, {2, 5}, {3, 4}], [{8, 1}, {6, 7}, {3, 5}, {2, 4}], [{8, 1}, {6, 7}, {3, 5}, {4}, {2}], [{8, 1}, {6, 7}, {4, 5}, {2, 3}], [{8, 1}, {7}, {2, 6}, {3, 5}, {4}], [{8, 1}, {7}, {4, 6}, {3, 5}, {2}], [{8, 1}, {7}, {6}, {3, 5}, {2, 4}], [{8, 1}, {7}, {6}, {3, 5}, {4}, {2}], [{8, 2}, {1, 7}, {3, 6}, {4, 5}], [{8, 2}, {1, 7}, {4, 6}, {3, 5}], [{8, 2}, {1, 7}, {5, 6}, {3, 4}], [{8, 2}, {3, 7}, {1, 6}, {4, 5}], [{8, 2}, {3, 7}, {4, 6}, {1, 5}], [{8, 2}, {3, 7}, {4, 6}, {5}, {1}], [{8, 2}, {3, 7}, {5, 6}, {1, 4}], [{8, 2}, {4, 7}, {1, 6}, {3, 5}], [{8, 2}, {4, 7}, {1, 6}, {5}, {3}], [{8, 2}, {4, 7}, {3, 6}, {1, 5}], [{8, 2}, {4, 7}, {5, 6}, {1, 3}], [{8, 2}, {4, 7}, {6}, {3, 5}, {1}], [{8, 2}, {5, 7}, {1, 6}, {3, 4}], [{8, 2}, {5, 7}, {3, 6}, {1, 4}], [{8, 2}, {5, 7}, {4, 6}, {1, 3}], [{8, 2}, {5, 7}, {4, 6}, {3}, {1}], [{8, 2}, {6, 7}, {1, 5}, {3, 4}], [{8, 2}, {6, 7}, {3, 5}, {1, 4}], [{8, 2}, {6, 7}, {3, 5}, {4}, {1}], [{8, 2}, {6, 7}, {4, 5}, {1, 3}], [{8, 2}, {7}, {4, 6}, {3, 5}, {1}], [{8, 2}, {7}, {5, 6}, {4}, {1, 3}], [{8, 3}, {1, 7}, {2, 6}, {4, 5}], [{8, 3}, {1, 7}, {4, 6}, {2, 5}], [{8, 3}, {1, 7}, {5, 6}, {2, 4}], [{8, 3}, {2, 7}, {1, 6}, {4, 5}], [{8, 3}, {2, 7}, {4, 6}, {1, 5}], [{8, 3}, {2, 7}, {5, 6}, {1, 4}], [{8, 3}, {4, 7}, {1, 6}, {2, 5}], [{8, 3}, {4, 7}, {2, 6}, {1, 5}], [{8, 3}, {4, 7}, {5, 6}, {1, 2}], [{8, 3}, {5, 7}, {1, 6}, {2, 4}], [{8, 3}, {5, 7}, {2, 6}, {1, 4}], [{8, 3}, {5, 7}, {4, 6}, {1, 2}], [{8, 3}, {6, 7}, {1, 5}, {2, 4}], [{8, 3}, {6, 7}, {2, 5}, {1, 4}], [{8, 3}, {6, 7}, {4, 5}, {1, 2}], [{8, 3}, {7}, {1, 6}, {4, 5}, {2}], [{8, 3}, {7}, {2, 6}, {4, 5}, {1}], [{8, 3}, {7}, {4, 6}, {1, 5}, {2}], [{8, 3}, {7}, {6}, {4, 5}, {1, 2}], [{8, 4}, {1, 7}, {2, 6}, {3, 5}], [{8, 4}, {1, 7}, {3, 6}, {2, 5}], [{8, 4}, {1, 7}, {5, 6}, {2, 3}], [{8, 4}, {2, 7}, {1, 6}, {3, 5}], [{8, 4}, {2, 7}, {3, 6}, {1, 5}], [{8, 4}, {2, 7}, {3, 6}, {5}, {1}], [{8, 4}, {2, 7}, {5, 6}, {1, 3}], [{8, 4}, {2, 7}, {5, 6}, {3}, {1}], [{8, 4}, {2, 7}, {6}, {3, 5}, {1}], [{8, 4}, {3, 7}, {1, 6}, {2, 5}], [{8, 4}, {3, 7}, {2, 6}, {1, 5}], [{8, 4}, {3, 7}, {5, 6}, {1, 2}], [{8, 4}, {5, 7}, {1, 6}, {2, 3}], [{8, 4}, {5, 7}, {2, 6}, {1, 3}], [{8, 4}, {5, 7}, {3, 6}, {1, 2}], [{8, 4}, {6, 7}, {1, 5}, {2, 3}], [{8, 4}, {6, 7}, {2, 5}, {1, 3}], [{8, 4}, {6, 7}, {3, 5}, {1, 2}], [{8, 4}, {7}, {1, 6}, {3, 5}, {2}], [{8, 4}, {7}, {2, 6}, {5}, {1, 3}], [{8, 4}, {7}, {6}, {1, 5}, {2, 3}], [{8, 5}, {1, 7}, {2, 6}, {3, 4}], [{8, 5}, {1, 7}, {3, 6}, {2, 4}], [{8, 5}, {1, 7}, {3, 6}, {4}, {2}], [{8, 5}, {1, 7}, {4, 6}, {2, 3}], [{8, 5}, {2, 7}, {1, 6}, {3, 4}], [{8, 5}, {2, 7}, {3, 6}, {1, 4}], [{8, 5}, {2, 7}, {4, 6}, {1, 3}], [{8, 5}, {3, 7}, {1, 6}, {2, 4}], [{8, 5}, {3, 7}, {1, 6}, {4}, {2}], [{8, 5}, {3, 7}, {2, 6}, {1, 4}], [{8, 5}, {3, 7}, {4, 6}, {1, 2}], [{8, 5}, {3, 7}, {6}, {2, 4}, {1}], [{8, 5}, {4, 7}, {1, 6}, {2, 3}], [{8, 5}, {4, 7}, {2, 6}, {1, 3}], [{8, 5}, {4, 7}, {3, 6}, {1, 2}], [{8, 5}, {6, 7}, {1, 4}, {2, 3}], [{8, 5}, {6, 7}, {2, 4}, {1, 3}], [{8, 5}, {6, 7}, {3, 4}, {1, 2}], [{8, 5}, {7}, {1, 6}, {2, 4}, {3}], [{8, 5}, {7}, {4, 6}, {1, 3}, {2}], [{8, 5}, {7}, {6}, {1, 4}, {2, 3}], [{8, 6}, {1, 7}, {2, 5}, {3, 4}], [{8, 6}, {1, 7}, {3, 5}, {2, 4}], [{8, 6}, {1, 7}, {4, 5}, {2, 3}], [{8, 6}, {1, 7}, {5}, {3, 4}, {2}], [{8, 6}, {2, 7}, {1, 5}, {3, 4}], [{8, 6}, {2, 7}, {3, 5}, {1, 4}], [{8, 6}, {2, 7}, {3, 5}, {4}, {1}], [{8, 6}, {2, 7}, {4, 5}, {1, 3}], [{8, 6}, {3, 7}, {1, 5}, {2, 4}], [{8, 6}, {3, 7}, {1, 5}, {4}, {2}], [{8, 6}, {3, 7}, {2, 5}, {1, 4}], [{8, 6}, {3, 7}, {4, 5}, {1, 2}], [{8, 6}, {4, 7}, {1, 5}, {2, 3}], [{8, 6}, {4, 7}, {2, 5}, {1, 3}], [{8, 6}, {4, 7}, {3, 5}, {1, 2}], [{8, 6}, {5, 7}, {1, 4}, {2, 3}], [{8, 6}, {5, 7}, {2, 4}, {1, 3}], [{8, 6}, {5, 7}, {3, 4}, {1, 2}], [{8, 6}, {7}, {3, 5}, {1, 4}, {2}], [{8, 7}, {1, 6}, {2, 5}, {3, 4}], [{8, 7}, {1, 6}, {3, 5}, {2, 4}], [{8, 7}, {1, 6}, {4, 5}, {2, 3}], [{8, 7}, {1, 6}, {5}, {3, 4}, {2}], [{8, 7}, {2, 6}, {1, 5}, {3, 4}], [{8, 7}, {2, 6}, {3, 5}, {1, 4}], [{8, 7}, {2, 6}, {4, 5}, {1, 3}], [{8, 7}, {2, 6}, {5}, {4}, {1, 3}], [{8, 7}, {3, 6}, {1, 5}, {2, 4}], [{8, 7}, {3, 6}, {1, 5}, {4}, {2}], [{8, 7}, {3, 6}, {2, 5}, {1, 4}], [{8, 7}, {3, 6}, {4, 5}, {1, 2}], [{8, 7}, {4, 6}, {1, 5}, {2, 3}], [{8, 7}, {4, 6}, {2, 5}, {1, 3}], [{8, 7}, {4, 6}, {3, 5}, {1, 2}], [{8, 7}, {4, 6}, {3, 5}, {2}, {1}], [{8, 7}, {5, 6}, {1, 4}, {2, 3}], [{8, 7}, {5, 6}, {2, 4}, {1, 3}], [{8, 7}, {5, 6}, {3, 4}, {1, 2}], [{8}, {1, 7}, {4, 6}, {3, 5}, {2}], [{8}, {2, 7}, {1, 6}, {3, 5}, {4}], [{8}, {2, 7}, {4, 6}, {3, 5}, {1}], [{8}, {2, 7}, {6}, {3, 5}, {1, 4}], [{8}, {3, 7}, {2, 6}, {5}, {1, 4}], [{8}, {4, 7}, {2, 6}, {5}, {1, 3}], [{8}, {4, 7}, {3, 6}, {2, 5}, {1}], [{8}, {4, 7}, {6}, {3, 5}, {1, 2}], [{8}, {6, 7}, {3, 5}, {4}, {1, 2}], [{8}, {7}, {4, 6}, {3, 5}, {1, 2}], [{8}, {7}, {4, 6}, {3, 5}, {2}, {1}]]",2,- 4 K_1 K_2 + 2 K_1 + 2 K_3 + 1,O1O2O3O4U3U5O6U1O7O8U6U4U8U7O5U2,O1O2O3O4U2U1O5U4O6O7U3U7U8U5O8U6,O1O2O3O4U5O6U7U6U8U2O8O5U1O7U4U3,c,{'O1O2O3O4U3O5U6U7U1U8O7O6U4O8U5U2'},1,"<a href=""/flatknot/8.733966"">8.733966</a>",t^9-56t^7-112t^6+146t^5+308t^4+198t^3+28t^2-58t,0,,
8.733967,O1O2O3O4U3O5U6U7U2U1O7O6U4O8U5U8,4,10z^3+58z^2+113z+75,10w^4z^3+58w^3z^2+113w^2z+75w,False,False,"[[ 0  0  0 -1  2  2 -2 -2  1],[ 0  0  0  0  1  1  0 -1  1],[ 0  0  0  0  0  0  1  0  1],[ 1  0  0  0  1  1  1  1  0],[-2 -1  0 -1  0  1 -2 -2  1],[-2 -1  0 -1 -1  0 -2 -2  1],[ 2  0 -1 -1  2  2  0  0  1],[ 2  1  0 -1  2  2  0  0  1],[-1 -1 -1  0 -1 -1 -1 -1  0]]","[[ 0  2  2  1  0  0 -1 -2 -2],[-2  0  1  1  0 -1 -1 -2 -2],[-2 -1  0  1  0 -1 -1 -2 -2],[-1 -1 -1  0 -1 -1  0 -1 -1],[ 0  0  0  1  0  0  0  1  0],[ 0  1  1  1  0  0  0  0 -1],[ 1  1  1  0  0  0  0  1  1],[ 2  2  2  1 -1  0 -1  0  0],[ 2  2  2  1  0  1 -1  0  0]]",True,"[-2,-2,-1,0,0,1,2,2,-1,-1,0,1,1,2,2,-1,0,1,1,2,2,1,1,0,1,1,0,0,-1,0,0,0,1,-1,-1,0]","[-2,-2,-1,0,0,1,2,2,-1,-1,0,1,1,2,2,-1,0,1,1,2,2,1,1,0,1,1,0,0,-1,0,0,0,1,-1,-1,0]",t^8+31t^6+83t^4+43t^2,"[-2,-2,-1,0,0,1,2,2,0,2,1,2,2,2,2,2,2,3,2,2,2,1,1,2,2,2,0,0,1,1,0,2,2,2,2,-1]","[-2,-2,-1,0,0,1,2,2,-1,2,1,2,2,2,2,2,1,2,2,2,2,0,0,2,2,2,0,1,1,2,1,2,3,2,2,0]","[-2,-2,-1,0,0,1,2,2,0,-1,-1,0,1,2,2,-1,0,1,1,2,2,0,0,0,1,1,0,1,0,0,1,1,1,-1,-1,-1]",c,"[[{8, 1}, {2, 7}, {3, 6}, {4, 5}], [{8, 1}, {2, 7}, {4, 6}, {3, 5}], [{8, 1}, {2, 7}, {5, 6}, {3, 4}], [{8, 1}, {2, 7}, {6}, {3, 5}, {4}], [{8, 1}, {3, 7}, {2, 6}, {4, 5}], [{8, 1}, {3, 7}, {4, 6}, {2, 5}], [{8, 1}, {3, 7}, {5, 6}, {2, 4}], [{8, 1}, {4, 7}, {2, 6}, {3, 5}], [{8, 1}, {4, 7}, {3, 6}, {2, 5}], [{8, 1}, {4, 7}, {3, 6}, {5}, {2}], [{8, 1}, {4, 7}, {5, 6}, {2, 3}], [{8, 1}, {4, 7}, {6}, {2, 5}, {3}], [{8, 1}, {5, 7}, {2, 6}, {3, 4}], [{8, 1}, {5, 7}, {3, 6}, {2, 4}], [{8, 1}, {5, 7}, {4, 6}, {2, 3}], [{8, 1}, {5, 7}, {6}, {2, 4}, {3}], [{8, 1}, {6, 7}, {2, 5}, {3, 4}], [{8, 1}, {6, 7}, {3, 5}, {2, 4}], [{8, 1}, {6, 7}, {3, 5}, {4}, {2}], [{8, 1}, {6, 7}, {4, 5}, {2, 3}], [{8, 1}, {7}, {2, 6}, {3, 5}, {4}], [{8, 1}, {7}, {2, 6}, {4, 5}, {3}], [{8, 1}, {7}, {2, 6}, {5}, {3, 4}], [{8, 2}, {1, 7}, {3, 6}, {4, 5}], [{8, 2}, {1, 7}, {4, 6}, {3, 5}], [{8, 2}, {1, 7}, {5, 6}, {3, 4}], [{8, 2}, {3, 7}, {1, 6}, {4, 5}], [{8, 2}, {3, 7}, {4, 6}, {1, 5}], [{8, 2}, {3, 7}, {5, 6}, {1, 4}], [{8, 2}, {4, 7}, {1, 6}, {3, 5}], [{8, 2}, {4, 7}, {1, 6}, {5}, {3}], [{8, 2}, {4, 7}, {3, 6}, {1, 5}], [{8, 2}, {4, 7}, {5, 6}, {1, 3}], [{8, 2}, {5, 7}, {1, 6}, {3, 4}], [{8, 2}, {5, 7}, {1, 6}, {4}, {3}], [{8, 2}, {5, 7}, {3, 6}, {1, 4}], [{8, 2}, {5, 7}, {4, 6}, {1, 3}], [{8, 2}, {6, 7}, {1, 5}, {3, 4}], [{8, 2}, {6, 7}, {3, 5}, {1, 4}], [{8, 2}, {6, 7}, {3, 5}, {4}, {1}], [{8, 2}, {6, 7}, {4, 5}, {1, 3}], [{8, 2}, {7}, {1, 6}, {4, 5}, {3}], [{8, 2}, {7}, {5, 6}, {3, 4}, {1}], [{8, 3}, {1, 7}, {2, 6}, {4, 5}], [{8, 3}, {1, 7}, {2, 6}, {5}, {4}], [{8, 3}, {1, 7}, {4, 6}, {2, 5}], [{8, 3}, {1, 7}, {5, 6}, {2, 4}], [{8, 3}, {1, 7}, {6}, {4, 5}, {2}], [{8, 3}, {2, 7}, {1, 6}, {4, 5}], [{8, 3}, {2, 7}, {1, 6}, {5}, {4}], [{8, 3}, {2, 7}, {4, 6}, {1, 5}], [{8, 3}, {2, 7}, {5, 6}, {1, 4}], [{8, 3}, {2, 7}, {6}, {4, 5}, {1}], [{8, 3}, {4, 7}, {1, 6}, {2, 5}], [{8, 3}, {4, 7}, {2, 6}, {1, 5}], [{8, 3}, {4, 7}, {5, 6}, {1, 2}], [{8, 3}, {4, 7}, {5, 6}, {2}, {1}], [{8, 3}, {5, 7}, {1, 6}, {2, 4}], [{8, 3}, {5, 7}, {2, 6}, {1, 4}], [{8, 3}, {5, 7}, {4, 6}, {1, 2}], [{8, 3}, {5, 7}, {4, 6}, {2}, {1}], [{8, 3}, {6, 7}, {1, 5}, {2, 4}], [{8, 3}, {6, 7}, {2, 5}, {1, 4}], [{8, 3}, {6, 7}, {4, 5}, {1, 2}], [{8, 3}, {6, 7}, {4, 5}, {2}, {1}], [{8, 3}, {7}, {1, 6}, {4, 5}, {2}], [{8, 3}, {7}, {2, 6}, {4, 5}, {1}], [{8, 3}, {7}, {6}, {1, 5}, {2, 4}], [{8, 3}, {7}, {6}, {2, 5}, {1, 4}], [{8, 3}, {7}, {6}, {4, 5}, {1, 2}], [{8, 3}, {7}, {6}, {4, 5}, {2}, {1}], [{8, 4}, {1, 7}, {2, 6}, {3, 5}], [{8, 4}, {1, 7}, {3, 6}, {2, 5}], [{8, 4}, {1, 7}, {3, 6}, {5}, {2}], [{8, 4}, {1, 7}, {5, 6}, {2, 3}], [{8, 4}, {2, 7}, {1, 6}, {3, 5}], [{8, 4}, {2, 7}, {3, 6}, {1, 5}], [{8, 4}, {2, 7}, {5, 6}, {1, 3}], [{8, 4}, {3, 7}, {1, 6}, {2, 5}], [{8, 4}, {3, 7}, {2, 6}, {1, 5}], [{8, 4}, {3, 7}, {5, 6}, {1, 2}], [{8, 4}, {3, 7}, {5, 6}, {2}, {1}], [{8, 4}, {5, 7}, {1, 6}, {2, 3}], [{8, 4}, {5, 7}, {2, 6}, {1, 3}], [{8, 4}, {5, 7}, {3, 6}, {1, 2}], [{8, 4}, {5, 7}, {3, 6}, {2}, {1}], [{8, 4}, {6, 7}, {1, 5}, {2, 3}], [{8, 4}, {6, 7}, {2, 5}, {1, 3}], [{8, 4}, {6, 7}, {3, 5}, {1, 2}], [{8, 4}, {7}, {3, 6}, {1, 5}, {2}], [{8, 5}, {1, 7}, {2, 6}, {3, 4}], [{8, 5}, {1, 7}, {3, 6}, {2, 4}], [{8, 5}, {1, 7}, {4, 6}, {2, 3}], [{8, 5}, {2, 7}, {1, 6}, {3, 4}], [{8, 5}, {2, 7}, {3, 6}, {1, 4}], [{8, 5}, {2, 7}, {4, 6}, {1, 3}], [{8, 5}, {2, 7}, {4, 6}, {3}, {1}], [{8, 5}, {3, 7}, {1, 6}, {2, 4}], [{8, 5}, {3, 7}, {2, 6}, {1, 4}], [{8, 5}, {3, 7}, {4, 6}, {1, 2}], [{8, 5}, {3, 7}, {4, 6}, {2}, {1}], [{8, 5}, {4, 7}, {1, 6}, {2, 3}], [{8, 5}, {4, 7}, {2, 6}, {1, 3}], [{8, 5}, {4, 7}, {3, 6}, {1, 2}], [{8, 5}, {4, 7}, {3, 6}, {2}, {1}], [{8, 5}, {6, 7}, {1, 4}, {2, 3}], [{8, 5}, {6, 7}, {1, 4}, {3}, {2}], [{8, 5}, {6, 7}, {2, 4}, {1, 3}], [{8, 5}, {6, 7}, {3, 4}, {1, 2}], [{8, 5}, {7}, {4, 6}, {2, 3}, {1}], [{8, 6}, {1, 7}, {2, 5}, {3, 4}], [{8, 6}, {1, 7}, {3, 5}, {2, 4}], [{8, 6}, {1, 7}, {4, 5}, {2, 3}], [{8, 6}, {2, 7}, {1, 5}, {3, 4}], [{8, 6}, {2, 7}, {3, 5}, {1, 4}], [{8, 6}, {2, 7}, {4, 5}, {1, 3}], [{8, 6}, {3, 7}, {1, 5}, {2, 4}], [{8, 6}, {3, 7}, {2, 5}, {1, 4}], [{8, 6}, {3, 7}, {4, 5}, {1, 2}], [{8, 6}, {4, 7}, {1, 5}, {2, 3}], [{8, 6}, {4, 7}, {2, 5}, {1, 3}], [{8, 6}, {4, 7}, {3, 5}, {1, 2}], [{8, 6}, {4, 7}, {3, 5}, {2}, {1}], [{8, 6}, {5, 7}, {1, 4}, {2, 3}], [{8, 6}, {5, 7}, {2, 4}, {1, 3}], [{8, 6}, {5, 7}, {3, 4}, {1, 2}], [{8, 6}, {5, 7}, {3, 4}, {2}, {1}], [{8, 6}, {7}, {5}, {1, 4}, {2, 3}], [{8, 7}, {1, 6}, {2, 5}, {3, 4}], [{8, 7}, {1, 6}, {3, 5}, {2, 4}], [{8, 7}, {1, 6}, {4, 5}, {2, 3}], [{8, 7}, {1, 6}, {5}, {3, 4}, {2}], [{8, 7}, {2, 6}, {1, 5}, {3, 4}], [{8, 7}, {2, 6}, {1, 5}, {4}, {3}], [{8, 7}, {2, 6}, {3, 5}, {1, 4}], [{8, 7}, {2, 6}, {4, 5}, {1, 3}], [{8, 7}, {3, 6}, {1, 5}, {2, 4}], [{8, 7}, {3, 6}, {1, 5}, {4}, {2}], [{8, 7}, {3, 6}, {2, 5}, {1, 4}], [{8, 7}, {3, 6}, {4, 5}, {1, 2}], [{8, 7}, {4, 6}, {1, 5}, {2, 3}], [{8, 7}, {4, 6}, {1, 5}, {3}, {2}], [{8, 7}, {4, 6}, {2, 5}, {1, 3}], [{8, 7}, {4, 6}, {3, 5}, {1, 2}], [{8, 7}, {4, 6}, {3, 5}, {2}, {1}], [{8, 7}, {4, 6}, {5}, {1, 3}, {2}], [{8, 7}, {5, 6}, {1, 4}, {2, 3}], [{8, 7}, {5, 6}, {2, 4}, {1, 3}], [{8, 7}, {5, 6}, {3, 4}, {1, 2}], [{8, 7}, {5, 6}, {3, 4}, {2}, {1}], [{8, 7}, {6}, {1, 5}, {2, 4}, {3}], [{8, 7}, {6}, {1, 5}, {3, 4}, {2}], [{8, 7}, {6}, {1, 5}, {4}, {2, 3}], [{8, 7}, {6}, {1, 5}, {4}, {3}, {2}], [{8, 7}, {6}, {2, 5}, {1, 4}, {3}], [{8, 7}, {6}, {4, 5}, {3}, {1, 2}], [{8}, {1, 7}, {6}, {3, 5}, {2, 4}], [{8}, {2, 7}, {5, 6}, {3, 4}, {1}], [{8}, {3, 7}, {6}, {1, 5}, {2, 4}], [{8}, {3, 7}, {6}, {2, 5}, {1, 4}], [{8}, {3, 7}, {6}, {4, 5}, {1, 2}], [{8}, {4, 7}, {3, 6}, {1, 5}, {2}], [{8}, {6, 7}, {3, 5}, {4}, {1, 2}], [{8}, {7}, {1, 6}, {4, 5}, {2, 3}], [{8}, {7}, {2, 6}, {4, 5}, {1, 3}]]",2,- 4 K_1^2 - 4 K_1 K_2 + 2 K_1 + 2 K_2 + 2 K_3 + 3,O1O2O3O4U5U6O5U1O7O8U4U3U8U7O6U2,O1O2O3O4U2U1O5U6O7O6U4U3U8U5O8U7,O1O2O3O4U5O6U7U6U2U1O8O5U8O7U4U3,c,{'O1O2O3O4U3O5U6U7U2U1O7O6U4O8U5U8'},1,"<a href=""/flatknot/8.733967"">8.733967</a>",t^9-31t^7-62t^6+41t^5+184t^4+103t^3-94t^2-130t-44,0,,
8.733968,O1O2O3O4U3O5U6U7U2U8O7O6U4O8U1U5,4,4z^3+41z^2+114z+97,4w^4z^3+41w^3z^2+114w^2z+97w,False,False,"[[ 0 -1  0 -1  2  3 -2 -2  1],[ 1  0  1 -1  3  3 -1 -1  2],[ 0 -1  0  0  0  0  1  0  1],[ 1  1  0  0  1  1  1  1  0],[-2 -3  0 -1  0  0 -2 -2  0],[-3 -3  0 -1  0  0 -4 -4 -1],[ 2  1 -1 -1  2  4  0  0  1],[ 2  1  0 -1  2  4  0  0  2],[-1 -2 -1  0  0  1 -1 -2  0]]","[[ 0  3  2  1  0 -1 -1 -2 -2],[-3  0  0 -1  0 -1 -3 -4 -4],[-2  0  0  0  0 -1 -3 -2 -2],[-1  1  0  0 -1  0 -2 -1 -2],[ 0  0  0  1  0  0 -1  1  0],[ 1  1  1  0  0  0  1  1  1],[ 1  3  3  2  1 -1  0 -1 -1],[ 2  4  2  1 -1 -1  1  0  0],[ 2  4  2  2  0 -1  1  0  0]]",True,"[-3,-2,-1,0,1,1,2,2,0,1,0,1,3,4,4,0,0,1,3,2,2,1,0,2,1,2,0,1,-1,0,-1,-1,-1,1,1,0]","[-3,-2,-1,0,1,1,2,2,0,1,0,1,3,4,4,0,0,1,3,2,2,1,0,2,1,2,0,1,-1,0,-1,-1,-1,1,1,0]",t^8+78t^6+427t^4+301t^2+16,"[-2,-2,-1,-1,0,1,2,3,0,0,2,2,1,2,1,0,2,3,2,2,1,1,0,0,0,1,1,2,2,3,0,2,3,1,1,1]","[-3,-2,-1,0,1,1,2,2,1,1,3,1,3,1,1,1,2,0,2,2,2,0,0,2,1,2,0,1,2,3,-1,0,0,2,2,0]","[-2,-2,-1,-1,0,1,2,3,0,-1,1,-1,1,2,4,-1,1,0,2,2,4,1,0,0,1,1,1,2,3,3,1,0,0,0,1,0]",c,"[[{8, 3}, {4, 7}, {1, 6}, {2, 5}], [{8, 3}, {4, 7}, {2, 6}, {1, 5}], [{8, 3}, {4, 7}, {5, 6}, {1, 2}]]",1,4 K_1^2 K_2 - 4 K_1^2 - 2 K_1 K_2 - 2 K_1 K_3 + K_1 - 2 K_2^2 + K_2 + K_3 + K_4 + 3,O1O2O3O4U5U4O6U1O7O8U6U3U8U7O5U2,O1O2O3O4U2U1O5U4O6O7U6U3U8U5O8U7,O1O2O3O4U5O6U7U6U2U8O5O8U1O7U4U3,c,{'O1O2O3O4U3O5U6U7U2U8O7O6U4O8U1U5'},1,"<a href=""/flatknot/8.733968"">8.733968</a>",t^9-74t^7-180t^6+130t^5+424t^4-47t^3-242t^2-86t+92,-t^3+t^2+t,,
8.733969,O1O2O3O4U3O5U6U7U4U1O7O6U2O8U5U8,3,18z^2+79z+87,18w^3z^2+79w^2z+87w,False,False,"[[ 0  0  0 -1  2  2 -2 -2  1],[ 0  0 -1 -1  1  1  0 -1  1],[ 0  1  0 -1  3  2 -1 -1  1],[ 1  1  1  0  1  1  0  0  0],[-2 -1 -3 -1  0 -1 -1 -2  1],[-2 -1 -2 -1  1  0 -2 -2  1],[ 2  0  1  0  1  2  0  0  1],[ 2  1  1  0  2  2  0  0  1],[-1 -1 -1  0 -1 -1 -1 -1  0]]","[[ 0  2  2  1  0  0 -1 -2 -2],[-2  0  1  1 -1 -2 -1 -2 -2],[-2 -1  0  1 -1 -3 -1 -1 -2],[-1 -1 -1  0 -1 -1  0 -1 -1],[ 0  1  1  1  0 -1 -1  0 -1],[ 0  2  3  1  1  0 -1 -1 -1],[ 1  1  1  0  1  1  0  0  0],[ 2  2  1  1  0  1  0  0  0],[ 2  2  2  1  1  1  0  0  0]]",True,"[-2,-2,-1,0,0,1,2,2,-1,-1,1,2,1,2,2,-1,1,3,1,1,2,1,1,0,1,1,1,1,0,1,1,1,1,0,0,0]","[-2,-2,-1,0,0,1,2,2,-1,-1,1,2,1,2,2,-1,1,3,1,1,2,1,1,0,1,1,1,1,0,1,1,1,1,0,0,0]",t^8+43t^6+93t^4+20t^2,"[-2,-2,-1,0,0,1,2,2,0,1,1,1,2,2,2,1,1,2,2,2,3,0,0,2,2,2,-1,0,0,-1,0,1,1,2,2,-1]","[-2,-2,-1,0,0,1,2,2,-1,2,-1,1,2,2,3,2,0,1,2,2,2,0,0,2,2,2,1,0,1,1,0,1,2,1,1,0]","[-2,-2,-1,0,0,1,2,2,0,0,0,1,1,1,2,0,1,1,1,2,2,1,1,0,1,1,-1,1,1,1,1,3,2,-1,-1,-1]",c,"[[{8, 3}, {4, 7}, {5, 6}, {1, 2}]]",1,- 4 K_1^2 - 4 K_1 K_2 + 2 K_1 + 2 K_2 + 2 K_3 + 3,O1O2O3O4U5U6O5U3O7O8U4U1U8U7O6U2,O1O2O3O4U2U1O5U6O7O6U4U5U8U3O8U7,O1O2O3O4U5O6U2U6U7U1O8O5U8O7U4U3,c,{'O1O2O3O4U3O5U6U7U4U1O7O6U2O8U5U8'},1,"<a href=""/flatknot/8.733969"">8.733969</a>",t^9-43t^7-120t^6+55t^5+344t^4+96t^3-150t^2-16t+8,0,,
8.733970,O1O2O3O4U3O5U6U7U4U8O7O6U1O8U2U5,3,12z^2+51z+55,-10w^4z^2+22w^3z^2-18w^3z+69w^2z+55w,False,False,"[[ 0 -1  0 -1  2  3 -2 -2  1],[ 1  0  0 -1  3  2  0  0  3],[ 0  0  0 -1  3  2 -2 -2  2],[ 1  1  1  0  1  1  0  0  1],[-2 -3 -3 -1  0 -1 -1 -2  0],[-3 -2 -2 -1  1  0 -4 -4 -1],[ 2  0  2  0  1  4  0  0  1],[ 2  0  2  0  2  4  0  0  2],[-1 -3 -2 -1  0  1 -1 -2  0]]","[[ 0  3  2  1  0 -1 -1 -2 -2],[-3  0  1 -1 -2 -1 -2 -4 -4],[-2 -1  0  0 -3 -1 -3 -1 -2],[-1  1  0  0 -2 -1 -3 -1 -2],[ 0  2  3  2  0 -1  0 -2 -2],[ 1  1  1  1  1  0  1  0  0],[ 1  2  3  3  0 -1  0  0  0],[ 2  4  1  1  2  0  0  0  0],[ 2  4  2  2  2  0  0  0  0]]",True,"[-3,-2,-1,0,1,1,2,2,-1,1,2,1,2,4,4,0,3,1,3,1,2,2,1,3,1,2,1,0,2,2,-1,0,0,0,0,0]","[-3,-2,-1,0,1,1,2,2,-1,1,2,1,2,4,4,0,3,1,3,1,2,2,1,3,1,2,1,0,2,2,-1,0,0,0,0,0]",t^8+96t^6+940t^4+130t^2,"[-2,-2,-1,-1,0,1,2,3,0,1,1,0,1,2,1,1,1,0,2,3,1,-1,0,1,2,3,1,-1,0,2,-1,-1,1,1,1,2]","[-3,-2,-1,0,1,1,2,2,2,1,1,2,3,1,1,1,-1,0,2,2,3,-1,-1,1,1,2,1,0,0,0,-1,1,1,1,1,0]","[-2,-2,-1,-1,0,1,2,3,0,0,0,2,1,1,4,0,0,2,2,2,4,-1,0,3,3,2,1,1,1,1,2,3,2,0,1,-1]",c,"[[{8, 1}, {2, 7}, {3, 6}, {4, 5}], [{8, 1}, {2, 7}, {4, 6}, {3, 5}], [{8, 1}, {2, 7}, {5, 6}, {3, 4}], [{8, 1}, {3, 7}, {2, 6}, {4, 5}], [{8, 1}, {3, 7}, {4, 6}, {2, 5}], [{8, 1}, {3, 7}, {5, 6}, {2, 4}], [{8, 1}, {3, 7}, {6}, {2, 5}, {4}], [{8, 1}, {4, 7}, {2, 6}, {3, 5}], [{8, 1}, {4, 7}, {3, 6}, {2, 5}], [{8, 1}, {4, 7}, {5, 6}, {2, 3}], [{8, 1}, {4, 7}, {6}, {2, 5}, {3}], [{8, 1}, {5, 7}, {2, 6}, {3, 4}], [{8, 1}, {5, 7}, {3, 6}, {2, 4}], [{8, 1}, {5, 7}, {4, 6}, {2, 3}], [{8, 1}, {6, 7}, {2, 5}, {3, 4}], [{8, 1}, {6, 7}, {3, 5}, {2, 4}], [{8, 1}, {6, 7}, {3, 5}, {4}, {2}], [{8, 1}, {6, 7}, {4, 5}, {2, 3}], [{8, 1}, {6, 7}, {5}, {2, 4}, {3}], [{8, 1}, {7}, {2, 6}, {4, 5}, {3}], [{8, 1}, {7}, {5, 6}, {4}, {2, 3}], [{8, 1}, {7}, {6}, {2, 5}, {3, 4}], [{8, 1}, {7}, {6}, {3, 5}, {2, 4}], [{8, 2}, {1, 7}, {3, 6}, {4, 5}], [{8, 2}, {1, 7}, {4, 6}, {3, 5}], [{8, 2}, {1, 7}, {5, 6}, {3, 4}], [{8, 2}, {1, 7}, {5, 6}, {4}, {3}], [{8, 2}, {1, 7}, {6}, {5}, {3, 4}], [{8, 2}, {3, 7}, {1, 6}, {4, 5}], [{8, 2}, {3, 7}, {4, 6}, {1, 5}], [{8, 2}, {3, 7}, {5, 6}, {1, 4}], [{8, 2}, {3, 7}, {6}, {1, 5}, {4}], [{8, 2}, {4, 7}, {1, 6}, {3, 5}], [{8, 2}, {4, 7}, {3, 6}, {1, 5}], [{8, 2}, {4, 7}, {5, 6}, {1, 3}], [{8, 2}, {4, 7}, {6}, {1, 5}, {3}], [{8, 2}, {5, 7}, {1, 6}, {3, 4}], [{8, 2}, {5, 7}, {1, 6}, {4}, {3}], [{8, 2}, {5, 7}, {3, 6}, {1, 4}], [{8, 2}, {5, 7}, {4, 6}, {1, 3}], [{8, 2}, {5, 7}, {6}, {3, 4}, {1}], [{8, 2}, {6, 7}, {1, 5}, {3, 4}], [{8, 2}, {6, 7}, {1, 5}, {4}, {3}], [{8, 2}, {6, 7}, {3, 5}, {1, 4}], [{8, 2}, {6, 7}, {4, 5}, {1, 3}], [{8, 2}, {6, 7}, {5}, {3, 4}, {1}], [{8, 2}, {7}, {1, 6}, {5}, {3, 4}], [{8, 2}, {7}, {3, 6}, {1, 5}, {4}], [{8, 2}, {7}, {4, 6}, {1, 5}, {3}], [{8, 2}, {7}, {5, 6}, {3, 4}, {1}], [{8, 2}, {7}, {6}, {1, 5}, {3, 4}], [{8, 2}, {7}, {6}, {1, 5}, {4}, {3}], [{8, 2}, {7}, {6}, {3, 5}, {1, 4}], [{8, 2}, {7}, {6}, {4, 5}, {1, 3}], [{8, 2}, {7}, {6}, {5}, {3, 4}, {1}], [{8, 3}, {1, 7}, {2, 6}, {4, 5}], [{8, 3}, {1, 7}, {2, 6}, {5}, {4}], [{8, 3}, {1, 7}, {4, 6}, {2, 5}], [{8, 3}, {1, 7}, {4, 6}, {5}, {2}], [{8, 3}, {1, 7}, {5, 6}, {2, 4}], [{8, 3}, {1, 7}, {6}, {5}, {2, 4}], [{8, 3}, {2, 7}, {1, 6}, {4, 5}], [{8, 3}, {2, 7}, {1, 6}, {5}, {4}], [{8, 3}, {2, 7}, {4, 6}, {1, 5}], [{8, 3}, {2, 7}, {5, 6}, {1, 4}], [{8, 3}, {2, 7}, {5, 6}, {4}, {1}], [{8, 3}, {2, 7}, {6}, {1, 5}, {4}], [{8, 3}, {4, 7}, {1, 6}, {2, 5}], [{8, 3}, {4, 7}, {1, 6}, {5}, {2}], [{8, 3}, {4, 7}, {2, 6}, {1, 5}], [{8, 3}, {4, 7}, {5, 6}, {1, 2}], [{8, 3}, {4, 7}, {5, 6}, {2}, {1}], [{8, 3}, {4, 7}, {6}, {1, 5}, {2}], [{8, 3}, {5, 7}, {1, 6}, {2, 4}], [{8, 3}, {5, 7}, {2, 6}, {1, 4}], [{8, 3}, {5, 7}, {2, 6}, {4}, {1}], [{8, 3}, {5, 7}, {4, 6}, {1, 2}], [{8, 3}, {5, 7}, {4, 6}, {2}, {1}], [{8, 3}, {5, 7}, {6}, {2, 4}, {1}], [{8, 3}, {6, 7}, {1, 5}, {2, 4}], [{8, 3}, {6, 7}, {1, 5}, {4}, {2}], [{8, 3}, {6, 7}, {2, 5}, {1, 4}], [{8, 3}, {6, 7}, {4, 5}, {1, 2}], [{8, 3}, {6, 7}, {5}, {2, 4}, {1}], [{8, 3}, {7}, {1, 6}, {5}, {2, 4}], [{8, 3}, {7}, {2, 6}, {1, 5}, {4}], [{8, 3}, {7}, {4, 6}, {1, 5}, {2}], [{8, 3}, {7}, {5, 6}, {2, 4}, {1}], [{8, 3}, {7}, {6}, {1, 5}, {2, 4}], [{8, 3}, {7}, {6}, {1, 5}, {4}, {2}], [{8, 3}, {7}, {6}, {2, 5}, {1, 4}], [{8, 3}, {7}, {6}, {4, 5}, {1, 2}], [{8, 3}, {7}, {6}, {5}, {2, 4}, {1}], [{8, 4}, {1, 7}, {2, 6}, {3, 5}], [{8, 4}, {1, 7}, {3, 6}, {2, 5}], [{8, 4}, {1, 7}, {5, 6}, {2, 3}], [{8, 4}, {2, 7}, {1, 6}, {3, 5}], [{8, 4}, {2, 7}, {3, 6}, {1, 5}], [{8, 4}, {2, 7}, {5, 6}, {1, 3}], [{8, 4}, {2, 7}, {6}, {1, 5}, {3}], [{8, 4}, {3, 7}, {1, 6}, {2, 5}], [{8, 4}, {3, 7}, {2, 6}, {1, 5}], [{8, 4}, {3, 7}, {5, 6}, {1, 2}], [{8, 4}, {3, 7}, {6}, {1, 5}, {2}], [{8, 4}, {5, 7}, {1, 6}, {2, 3}], [{8, 4}, {5, 7}, {2, 6}, {1, 3}], [{8, 4}, {5, 7}, {3, 6}, {1, 2}], [{8, 4}, {6, 7}, {1, 5}, {2, 3}], [{8, 4}, {6, 7}, {1, 5}, {3}, {2}], [{8, 4}, {6, 7}, {2, 5}, {1, 3}], [{8, 4}, {6, 7}, {3, 5}, {1, 2}], [{8, 4}, {7}, {1, 6}, {3, 5}, {2}], [{8, 4}, {7}, {2, 6}, {1, 5}, {3}], [{8, 4}, {7}, {3, 6}, {1, 5}, {2}], [{8, 4}, {7}, {5, 6}, {1, 3}, {2}], [{8, 4}, {7}, {6}, {1, 5}, {2, 3}], [{8, 4}, {7}, {6}, {1, 5}, {3}, {2}], [{8, 5}, {1, 7}, {2, 6}, {3, 4}], [{8, 5}, {1, 7}, {3, 6}, {2, 4}], [{8, 5}, {1, 7}, {4, 6}, {2, 3}], [{8, 5}, {2, 7}, {1, 6}, {3, 4}], [{8, 5}, {2, 7}, {3, 6}, {1, 4}], [{8, 5}, {2, 7}, {4, 6}, {1, 3}], [{8, 5}, {3, 7}, {1, 6}, {2, 4}], [{8, 5}, {3, 7}, {2, 6}, {1, 4}], [{8, 5}, {3, 7}, {4, 6}, {1, 2}], [{8, 5}, {3, 7}, {6}, {4}, {1, 2}], [{8, 5}, {4, 7}, {1, 6}, {2, 3}], [{8, 5}, {4, 7}, {2, 6}, {1, 3}], [{8, 5}, {4, 7}, {3, 6}, {1, 2}], [{8, 5}, {4, 7}, {6}, {3}, {1, 2}], [{8, 5}, {6, 7}, {1, 4}, {2, 3}], [{8, 5}, {6, 7}, {2, 4}, {1, 3}], [{8, 5}, {6, 7}, {2, 4}, {3}, {1}], [{8, 5}, {6, 7}, {3, 4}, {1, 2}], [{8, 5}, {6, 7}, {4}, {1, 3}, {2}], [{8, 5}, {7}, {1, 6}, {4}, {2, 3}], [{8, 5}, {7}, {2, 6}, {1, 4}, {3}], [{8, 5}, {7}, {6}, {2, 4}, {1, 3}], [{8, 5}, {7}, {6}, {3, 4}, {1, 2}], [{8, 6}, {1, 7}, {2, 5}, {3, 4}], [{8, 6}, {1, 7}, {3, 5}, {2, 4}], [{8, 6}, {1, 7}, {4, 5}, {2, 3}], [{8, 6}, {2, 7}, {1, 5}, {3, 4}], [{8, 6}, {2, 7}, {1, 5}, {4}, {3}], [{8, 6}, {2, 7}, {3, 5}, {1, 4}], [{8, 6}, {2, 7}, {4, 5}, {1, 3}], [{8, 6}, {3, 7}, {1, 5}, {2, 4}], [{8, 6}, {3, 7}, {1, 5}, {4}, {2}], [{8, 6}, {3, 7}, {2, 5}, {1, 4}], [{8, 6}, {3, 7}, {4, 5}, {1, 2}], [{8, 6}, {4, 7}, {1, 5}, {2, 3}], [{8, 6}, {4, 7}, {1, 5}, {3}, {2}], [{8, 6}, {4, 7}, {2, 5}, {1, 3}], [{8, 6}, {4, 7}, {3, 5}, {1, 2}], [{8, 6}, {5, 7}, {1, 4}, {2, 3}], [{8, 6}, {5, 7}, {2, 4}, {1, 3}], [{8, 6}, {5, 7}, {3, 4}, {1, 2}], [{8, 6}, {7}, {1, 5}, {2, 4}, {3}], [{8, 6}, {7}, {1, 5}, {3, 4}, {2}], [{8, 6}, {7}, {1, 5}, {4}, {2, 3}], [{8, 6}, {7}, {1, 5}, {4}, {3}, {2}], [{8, 7}, {1, 6}, {2, 5}, {3, 4}], [{8, 7}, {1, 6}, {3, 5}, {2, 4}], [{8, 7}, {1, 6}, {4, 5}, {2, 3}], [{8, 7}, {2, 6}, {1, 5}, {3, 4}], [{8, 7}, {2, 6}, {1, 5}, {4}, {3}], [{8, 7}, {2, 6}, {3, 5}, {1, 4}], [{8, 7}, {2, 6}, {4, 5}, {1, 3}], [{8, 7}, {3, 6}, {1, 5}, {2, 4}], [{8, 7}, {3, 6}, {1, 5}, {4}, {2}], [{8, 7}, {3, 6}, {2, 5}, {1, 4}], [{8, 7}, {3, 6}, {4, 5}, {1, 2}], [{8, 7}, {4, 6}, {1, 5}, {2, 3}], [{8, 7}, {4, 6}, {1, 5}, {3}, {2}], [{8, 7}, {4, 6}, {2, 5}, {1, 3}], [{8, 7}, {4, 6}, {3, 5}, {1, 2}], [{8, 7}, {5, 6}, {1, 4}, {2, 3}], [{8, 7}, {5, 6}, {2, 4}, {1, 3}], [{8, 7}, {5, 6}, {3, 4}, {1, 2}], [{8, 7}, {6}, {1, 5}, {2, 4}, {3}], [{8, 7}, {6}, {1, 5}, {3, 4}, {2}], [{8, 7}, {6}, {1, 5}, {4}, {2, 3}], [{8, 7}, {6}, {1, 5}, {4}, {3}, {2}], [{8, 7}, {6}, {3, 5}, {1, 4}, {2}], [{8, 7}, {6}, {4, 5}, {1, 3}, {2}], [{8}, {1, 7}, {5, 6}, {3, 4}, {2}], [{8}, {2, 7}, {3, 6}, {1, 5}, {4}], [{8}, {2, 7}, {4, 6}, {1, 5}, {3}], [{8}, {2, 7}, {6}, {1, 5}, {3, 4}], [{8}, {2, 7}, {6}, {1, 5}, {4}, {3}], [{8}, {2, 7}, {6}, {3, 5}, {1, 4}], [{8}, {2, 7}, {6}, {4, 5}, {1, 3}], [{8}, {3, 7}, {2, 6}, {1, 5}, {4}], [{8}, {3, 7}, {4, 6}, {1, 5}, {2}], [{8}, {3, 7}, {6}, {1, 5}, {2, 4}], [{8}, {3, 7}, {6}, {1, 5}, {4}, {2}], [{8}, {4, 7}, {2, 6}, {1, 5}, {3}], [{8}, {4, 7}, {3, 6}, {1, 5}, {2}], [{8}, {4, 7}, {6}, {1, 5}, {2, 3}], [{8}, {4, 7}, {6}, {1, 5}, {3}, {2}], [{8}, {5, 7}, {1, 6}, {3, 4}, {2}], [{8}, {6, 7}, {1, 5}, {2, 4}, {3}], [{8}, {6, 7}, {1, 5}, {3, 4}, {2}], [{8}, {6, 7}, {1, 5}, {4}, {2, 3}], [{8}, {6, 7}, {1, 5}, {4}, {3}, {2}], [{8}, {6, 7}, {3, 5}, {2, 4}, {1}], [{8}, {6, 7}, {5}, {2, 4}, {1, 3}], [{8}, {7}, {2, 6}, {1, 5}, {3, 4}], [{8}, {7}, {2, 6}, {1, 5}, {4}, {3}], [{8}, {7}, {3, 6}, {1, 5}, {2, 4}], [{8}, {7}, {3, 6}, {1, 5}, {4}, {2}], [{8}, {7}, {4, 6}, {1, 5}, {2, 3}], [{8}, {7}, {4, 6}, {1, 5}, {3}, {2}], [{8}, {7}, {4, 6}, {2, 5}, {1, 3}], [{8}, {7}, {4, 6}, {3, 5}, {1, 2}], [{8}, {7}, {6}, {1, 5}, {2, 4}, {3}], [{8}, {7}, {6}, {1, 5}, {3, 4}, {2}], [{8}, {7}, {6}, {1, 5}, {4}, {2, 3}], [{8}, {7}, {6}, {1, 5}, {4}, {3}, {2}]]",2,4 K_1^3 + 4 K_1^2 K_2 - 6 K_1^2 - 10 K_1 K_2 - 4 K_1 K_3 + 2 K_1 + 3 K_2 + 4 K_3 + K_4 + 3,O1O2O3O4U5U3O6U4O7O8U6U1U8U7O5U2,O1O2O3O4U2U1O5U4O6O7U5U6U8U3O8U7,O1O2O3O4U5O6U2U6U7U8O5O7U1O8U4U3,c,{'O1O2O3O4U3O5U6U7U4U8O7O6U1O8U2U5'},1,"<a href=""/flatknot/8.733970"">8.733970</a>",t^9-92t^7-234t^6+649t^5+790t^4+116t^3-140t^2-232t+32,-t^3+t^2+t,,
8.733971,O1O2O3O4U3O5U6U7U4U8O7O6U1O8U5U2,4,2z^3+34z^2+113z+107,2w^4z^3+34w^3z^2+113w^2z+107w,False,False,"[[ 0 -1  1 -1  2  2 -2 -2  1],[ 1  0  1 -1  3  1  0  0  3],[-1 -1  0 -1  2  1 -3 -3  1],[ 1  1  1  0  1  1  0  0  1],[-2 -3 -2 -1  0 -1 -1 -2  0],[-2 -1 -1 -1  1  0 -3 -3  0],[ 2  0  3  0  1  3  0  0  1],[ 2  0  3  0  2  3  0  0  2],[-1 -3 -1 -1  0  0 -1 -2  0]]","[[ 0  2  2  1  1 -1 -1 -2 -2],[-2  0  1  0 -1 -1 -1 -3 -3],[-2 -1  0  0 -2 -1 -3 -1 -2],[-1  0  0  0 -1 -1 -3 -1 -2],[-1  1  2  1  0 -1 -1 -3 -3],[ 1  1  1  1  1  0  1  0  0],[ 1  1  3  3  1 -1  0  0  0],[ 2  3  1  1  3  0  0  0  0],[ 2  3  2  2  3  0  0  0  0]]",True,"[-2,-2,-1,-1,1,1,2,2,-1,0,1,1,1,3,3,0,2,1,3,1,2,1,1,3,1,2,1,1,3,3,-1,0,0,0,0,0]","[-2,-2,-1,-1,1,1,2,2,-1,-1,1,0,2,2,3,0,1,2,2,1,1,1,1,1,0,0,-1,1,1,2,-1,1,1,1,1,0]",t^8+78t^6+610t^4+57t^2,"[-2,-2,-1,-1,1,1,2,2,0,1,1,0,1,1,2,1,1,0,2,1,3,-1,1,1,2,2,1,-1,2,0,-1,0,-1,1,1,-1]","[-2,-2,-1,-1,1,1,2,2,-1,-1,1,0,2,2,3,0,1,2,2,1,1,1,1,1,0,0,-1,1,1,2,-1,1,1,1,1,0]","[-2,-2,-1,-1,1,1,2,2,0,0,0,1,3,1,3,0,0,2,3,2,3,-1,3,1,3,1,1,1,1,1,-1,0,0,2,1,-1]",c,"[[{8, 4}, {2, 7}, {5, 6}, {1, 3}]]",1,- 4 K_1^2 - 4 K_1 K_2 + 2 K_1 + 2 K_2 + 2 K_3 + 3,O1O2O3O4U3U5O6U4O7O8U6U1U8U7O5U2,O1O2O3O4U2U1O5U4O6O7U5U7U8U3O8U6,O1O2O3O4U5O6U2U6U7U8O7O5U1O8U4U3,c,{'O1O2O3O4U3O5U6U7U4U8O7O6U1O8U5U2'},1,"<a href=""/flatknot/8.733971"">8.733971</a>",t^9-78t^7-144t^6+568t^5+656t^4+227t^3+122t^2+54t-10,0,,
8.733972,O1O2O3O4U3O5U6U7U4U8O7O6U2O8U1U5,4,2z^3+30z^2+109z+115,2w^4z^3+30w^3z^2+109w^2z+115w,False,False,"[[ 0 -1  0 -1  2  3 -2 -2  1],[ 1  0  1 -1  3  3 -1 -1  2],[ 0 -1  0 -1  3  1 -1 -1  2],[ 1  1  1  0  1  1  0  0  1],[-2 -3 -3 -1  0 -1 -1 -2  0],[-3 -3 -1 -1  1  0 -4 -4 -1],[ 2  1  1  0  1  4  0  0  1],[ 2  1  1  0  2  4  0  0  2],[-1 -2 -2 -1  0  1 -1 -2  0]]","[[ 0  3  2  1  0 -1 -1 -2 -2],[-3  0  1 -1 -1 -1 -3 -4 -4],[-2 -1  0  0 -3 -1 -3 -1 -2],[-1  1  0  0 -2 -1 -2 -1 -2],[ 0  1  3  2  0 -1 -1 -1 -1],[ 1  1  1  1  1  0  1  0  0],[ 1  3  3  2  1 -1  0 -1 -1],[ 2  4  1  1  1  0  1  0  0],[ 2  4  2  2  1  0  1  0  0]]",True,"[-3,-2,-1,0,1,1,2,2,-1,1,1,1,3,4,4,0,3,1,3,1,2,2,1,2,1,2,1,1,1,1,-1,0,0,1,1,0]","[-3,-2,-1,0,1,1,2,2,-1,1,1,1,3,4,4,0,3,1,3,1,2,2,1,2,1,2,1,1,1,1,-1,0,0,1,1,0]",t^8+90t^6+693t^4+152t^2,"[-2,-2,-1,-1,0,1,2,3,0,0,1,1,1,2,1,0,1,1,2,3,1,1,0,0,0,1,0,1,2,3,-1,-1,2,1,1,2]","[-3,-2,-1,0,1,1,2,2,2,1,2,1,3,1,1,1,-1,0,2,2,3,-1,0,1,1,2,0,0,1,1,-1,0,0,1,1,0]","[-2,-2,-1,-1,0,1,2,3,0,0,1,1,1,1,4,0,1,1,2,2,4,1,1,1,1,1,1,2,3,3,2,3,1,0,1,-1]",c,"[[{8, 2}, {3, 7}, {5, 6}, {1, 4}], [{8, 5}, {3, 7}, {2, 6}, {1, 4}]]",1,- 4 K_1^2 - 10 K_1 K_2 - 2 K_1 K_3 + 5 K_1 - 2 K_2^2 + 3 K_2 + 5 K_3 + 2 K_4 + 4,O1O2O3O4U5U4O6U3O7O8U6U1U8U7O5U2,O1O2O3O4U2U1O5U4O6O7U6U5U8U3O8U7,O1O2O3O4U5O6U2U6U7U8O5O8U1O7U4U3,c,{'O1O2O3O4U3O5U6U7U4U8O7O6U2O8U1U5'},1,"<a href=""/flatknot/8.733972"">8.733972</a>",t^9-86t^7-274t^6+278t^5+1032t^4+371t^3-32t^2+48t-10,-t^3+t^2+t,,
8.733973,O1O2O3O4U3O5U6U7U8U1O7O6U2O8U5U4,4,2z^3+25z^2+72z+61,2w^4z^3-12w^4z^2+37w^3z^2-32w^3z+104w^2z+61w,False,False,"[[ 0  0  0 -1  3  2 -2 -2  0],[ 0  0 -1  0  1 -1  1  0  1],[ 0  1  0  0  2  0  0  0  2],[ 1  0  0  0  1  0  1  1  1],[-3 -1 -2 -1  0  0 -4 -4 -1],[-2  1  0  0  0  0 -3 -3  0],[ 2 -1  0 -1  4  3  0  0  0],[ 2  0  0 -1  4  3  0  0  1],[ 0 -1 -2 -1  1  0  0 -1  0]]","[[ 0  3  2  0  0  0 -1 -2 -2],[-3  0  0 -1 -1 -2 -1 -4 -4],[-2  0  0  1  0  0  0 -3 -3],[ 0  1 -1  0  1 -1  0  1  0],[ 0  1  0 -1  0 -2 -1  0 -1],[ 0  2  0  1  2  0  0  0  0],[ 1  1  0  0  1  0  0  1  1],[ 2  4  3 -1  0  0 -1  0  0],[ 2  4  3  0  1  0 -1  0  0]]",True,"[-3,-2,0,0,0,1,2,2,0,1,1,2,1,4,4,-1,0,0,0,3,3,-1,1,0,-1,0,2,1,0,1,0,0,0,-1,-1,0]","[-3,-2,0,0,0,1,2,2,0,1,1,2,1,4,4,-1,0,0,0,3,3,-1,1,0,-1,0,2,1,0,1,0,0,0,-1,-1,0]",t^8+69t^6+616t^4+205t^2+1,"[-2,-2,-1,0,0,0,2,3,0,2,1,2,2,1,1,2,2,2,3,1,1,0,1,1,3,3,2,1,2,2,-1,2,1,3,2,1]","[-3,-2,0,0,0,1,2,2,1,1,2,2,3,1,1,2,2,3,3,1,1,2,1,1,2,2,-1,0,1,2,1,2,3,2,2,0]","[-2,-2,-1,0,0,0,2,3,0,-1,-1,0,0,3,4,-1,0,0,1,3,4,0,0,1,0,1,-1,1,-1,1,2,0,2,0,1,0]",c,"[[{8, 1}, {2, 7}, {3, 6}, {4, 5}], [{8, 1}, {2, 7}, {4, 6}, {3, 5}], [{8, 1}, {2, 7}, {5, 6}, {3, 4}], [{8, 1}, {2, 7}, {6}, {5}, {3, 4}], [{8, 1}, {3, 7}, {2, 6}, {4, 5}], [{8, 1}, {3, 7}, {4, 6}, {2, 5}], [{8, 1}, {3, 7}, {5, 6}, {2, 4}], [{8, 1}, {3, 7}, {5, 6}, {4}, {2}], [{8, 1}, {4, 7}, {2, 6}, {3, 5}], [{8, 1}, {4, 7}, {3, 6}, {2, 5}], [{8, 1}, {4, 7}, {5, 6}, {2, 3}], [{8, 1}, {4, 7}, {5, 6}, {3}, {2}], [{8, 1}, {5, 7}, {2, 6}, {3, 4}], [{8, 1}, {5, 7}, {3, 6}, {2, 4}], [{8, 1}, {5, 7}, {4, 6}, {2, 3}], [{8, 1}, {6, 7}, {2, 5}, {3, 4}], [{8, 1}, {6, 7}, {3, 5}, {2, 4}], [{8, 1}, {6, 7}, {4, 5}, {2, 3}], [{8, 1}, {7}, {5, 6}, {3, 4}, {2}], [{8, 1}, {7}, {6}, {3, 5}, {2, 4}], [{8, 2}, {1, 7}, {3, 6}, {4, 5}], [{8, 2}, {1, 7}, {4, 6}, {3, 5}], [{8, 2}, {1, 7}, {5, 6}, {3, 4}], [{8, 2}, {1, 7}, {6}, {5}, {3, 4}], [{8, 2}, {3, 7}, {1, 6}, {4, 5}], [{8, 2}, {3, 7}, {4, 6}, {1, 5}], [{8, 2}, {3, 7}, {5, 6}, {1, 4}], [{8, 2}, {3, 7}, {5, 6}, {4}, {1}], [{8, 2}, {4, 7}, {1, 6}, {3, 5}], [{8, 2}, {4, 7}, {3, 6}, {1, 5}], [{8, 2}, {4, 7}, {5, 6}, {1, 3}], [{8, 2}, {4, 7}, {5, 6}, {3}, {1}], [{8, 2}, {5, 7}, {1, 6}, {3, 4}], [{8, 2}, {5, 7}, {3, 6}, {1, 4}], [{8, 2}, {5, 7}, {3, 6}, {4}, {1}], [{8, 2}, {5, 7}, {4, 6}, {1, 3}], [{8, 2}, {5, 7}, {4, 6}, {3}, {1}], [{8, 2}, {5, 7}, {6}, {3, 4}, {1}], [{8, 2}, {6, 7}, {1, 5}, {3, 4}], [{8, 2}, {6, 7}, {3, 5}, {1, 4}], [{8, 2}, {6, 7}, {4, 5}, {1, 3}], [{8, 2}, {6, 7}, {5}, {3, 4}, {1}], [{8, 2}, {7}, {1, 6}, {3, 5}, {4}], [{8, 2}, {7}, {1, 6}, {4, 5}, {3}], [{8, 2}, {7}, {1, 6}, {5}, {3, 4}], [{8, 2}, {7}, {5, 6}, {3, 4}, {1}], [{8, 2}, {7}, {6}, {1, 5}, {3, 4}], [{8, 2}, {7}, {6}, {5}, {3, 4}, {1}], [{8, 3}, {1, 7}, {2, 6}, {4, 5}], [{8, 3}, {1, 7}, {2, 6}, {5}, {4}], [{8, 3}, {1, 7}, {4, 6}, {2, 5}], [{8, 3}, {1, 7}, {5, 6}, {2, 4}], [{8, 3}, {2, 7}, {1, 6}, {4, 5}], [{8, 3}, {2, 7}, {4, 6}, {1, 5}], [{8, 3}, {2, 7}, {5, 6}, {1, 4}], [{8, 3}, {4, 7}, {1, 6}, {2, 5}], [{8, 3}, {4, 7}, {2, 6}, {1, 5}], [{8, 3}, {4, 7}, {5, 6}, {1, 2}], [{8, 3}, {4, 7}, {5, 6}, {2}, {1}], [{8, 3}, {5, 7}, {1, 6}, {2, 4}], [{8, 3}, {5, 7}, {2, 6}, {1, 4}], [{8, 3}, {5, 7}, {4, 6}, {1, 2}], [{8, 3}, {6, 7}, {1, 5}, {2, 4}], [{8, 3}, {6, 7}, {2, 5}, {1, 4}], [{8, 3}, {6, 7}, {4, 5}, {1, 2}], [{8, 3}, {7}, {6}, {2, 5}, {1, 4}], [{8, 4}, {1, 7}, {2, 6}, {3, 5}], [{8, 4}, {1, 7}, {2, 6}, {5}, {3}], [{8, 4}, {1, 7}, {3, 6}, {2, 5}], [{8, 4}, {1, 7}, {5, 6}, {2, 3}], [{8, 4}, {2, 7}, {1, 6}, {3, 5}], [{8, 4}, {2, 7}, {3, 6}, {1, 5}], [{8, 4}, {2, 7}, {5, 6}, {1, 3}], [{8, 4}, {3, 7}, {1, 6}, {2, 5}], [{8, 4}, {3, 7}, {2, 6}, {1, 5}], [{8, 4}, {3, 7}, {5, 6}, {1, 2}], [{8, 4}, {3, 7}, {5, 6}, {2}, {1}], [{8, 4}, {5, 7}, {1, 6}, {2, 3}], [{8, 4}, {5, 7}, {2, 6}, {1, 3}], [{8, 4}, {5, 7}, {3, 6}, {1, 2}], [{8, 4}, {6, 7}, {1, 5}, {2, 3}], [{8, 4}, {6, 7}, {2, 5}, {1, 3}], [{8, 4}, {6, 7}, {3, 5}, {1, 2}], [{8, 5}, {1, 7}, {2, 6}, {3, 4}], [{8, 5}, {1, 7}, {2, 6}, {4}, {3}], [{8, 5}, {1, 7}, {3, 6}, {2, 4}], [{8, 5}, {1, 7}, {4, 6}, {2, 3}], [{8, 5}, {1, 7}, {6}, {3, 4}, {2}], [{8, 5}, {2, 7}, {1, 6}, {3, 4}], [{8, 5}, {2, 7}, {3, 6}, {1, 4}], [{8, 5}, {2, 7}, {4, 6}, {1, 3}], [{8, 5}, {3, 7}, {1, 6}, {2, 4}], [{8, 5}, {3, 7}, {2, 6}, {1, 4}], [{8, 5}, {3, 7}, {4, 6}, {1, 2}], [{8, 5}, {4, 7}, {1, 6}, {2, 3}], [{8, 5}, {4, 7}, {2, 6}, {1, 3}], [{8, 5}, {4, 7}, {3, 6}, {1, 2}], [{8, 5}, {6, 7}, {1, 4}, {2, 3}], [{8, 5}, {6, 7}, {2, 4}, {1, 3}], [{8, 5}, {6, 7}, {3, 4}, {1, 2}], [{8, 6}, {1, 7}, {2, 5}, {3, 4}], [{8, 6}, {1, 7}, {3, 5}, {2, 4}], [{8, 6}, {1, 7}, {4, 5}, {2, 3}], [{8, 6}, {1, 7}, {5}, {3, 4}, {2}], [{8, 6}, {2, 7}, {1, 5}, {3, 4}], [{8, 6}, {2, 7}, {3, 5}, {1, 4}], [{8, 6}, {2, 7}, {4, 5}, {1, 3}], [{8, 6}, {2, 7}, {4, 5}, {3}, {1}], [{8, 6}, {3, 7}, {1, 5}, {2, 4}], [{8, 6}, {3, 7}, {2, 5}, {1, 4}], [{8, 6}, {3, 7}, {4, 5}, {1, 2}], [{8, 6}, {4, 7}, {1, 5}, {2, 3}], [{8, 6}, {4, 7}, {1, 5}, {3}, {2}], [{8, 6}, {4, 7}, {2, 5}, {1, 3}], [{8, 6}, {4, 7}, {3, 5}, {1, 2}], [{8, 6}, {5, 7}, {1, 4}, {2, 3}], [{8, 6}, {5, 7}, {2, 4}, {1, 3}], [{8, 6}, {5, 7}, {3, 4}, {1, 2}], [{8, 7}, {1, 6}, {2, 5}, {3, 4}], [{8, 7}, {1, 6}, {3, 5}, {2, 4}], [{8, 7}, {1, 6}, {4, 5}, {2, 3}], [{8, 7}, {2, 6}, {1, 5}, {3, 4}], [{8, 7}, {2, 6}, {3, 5}, {1, 4}], [{8, 7}, {2, 6}, {4, 5}, {1, 3}], [{8, 7}, {3, 6}, {1, 5}, {2, 4}], [{8, 7}, {3, 6}, {2, 5}, {1, 4}], [{8, 7}, {3, 6}, {4, 5}, {1, 2}], [{8, 7}, {4, 6}, {1, 5}, {2, 3}], [{8, 7}, {4, 6}, {2, 5}, {1, 3}], [{8, 7}, {4, 6}, {3, 5}, {1, 2}], [{8, 7}, {5, 6}, {1, 4}, {2, 3}], [{8, 7}, {5, 6}, {2, 4}, {1, 3}], [{8, 7}, {5, 6}, {3, 4}, {1, 2}], [{8, 7}, {5, 6}, {3, 4}, {2}, {1}], [{8, 7}, {6}, {5}, {3, 4}, {1, 2}], [{8}, {1, 7}, {2, 6}, {3, 5}, {4}], [{8}, {1, 7}, {2, 6}, {4, 5}, {3}], [{8}, {1, 7}, {2, 6}, {5}, {3, 4}], [{8}, {1, 7}, {2, 6}, {5}, {4}, {3}], [{8}, {1, 7}, {3, 6}, {5}, {2, 4}], [{8}, {1, 7}, {4, 6}, {5}, {2, 3}], [{8}, {1, 7}, {5, 6}, {3, 4}, {2}], [{8}, {1, 7}, {6}, {2, 5}, {3, 4}], [{8}, {1, 7}, {6}, {5}, {3, 4}, {2}], [{8}, {2, 7}, {4, 6}, {1, 5}, {3}], [{8}, {2, 7}, {5, 6}, {3, 4}, {1}], [{8}, {3, 7}, {5, 6}, {1, 4}, {2}], [{8}, {3, 7}, {5, 6}, {2, 4}, {1}], [{8}, {3, 7}, {5, 6}, {4}, {1, 2}], [{8}, {4, 7}, {5, 6}, {1, 3}, {2}], [{8}, {4, 7}, {5, 6}, {2, 3}, {1}], [{8}, {4, 7}, {5, 6}, {3}, {1, 2}], [{8}, {5, 7}, {1, 6}, {2, 4}, {3}], [{8}, {6, 7}, {2, 5}, {1, 4}, {3}], [{8}, {7}, {5, 6}, {3, 4}, {1, 2}]]",2,- 4 K_1^3 + 2 K_1^2 + 2 K_1 K_2 + 2 K_1 - K_2,O1O2O3O4U1U5O6U3O7O8U4U6U8U7O5U2,O1O2O3O4U2U1O5U3O6O7U4U5U8U7O8U6,O1O2O3O4U5O6U7U6U8U1O7O5U2O8U4U3,c,{'O1O2O3O4U3O5U6U7U8U1O7O6U2O8U5U4'},1,"<a href=""/flatknot/8.733973"">8.733973</a>",t^9-65t^7-68t^6+451t^5+574t^4-386t^3-642t^2-268t+100,-t^3+t^2+t,,
8.733974,O1O2O3O4U3O5U6U7U8U1O7O6U4O8U5U2,4,28z^2+113z+115,28w^3z^2+113w^2z+115w,False,False,"[[ 0  0  1 -1  2  2 -2 -2  0],[ 0  0  0  0  0 -1  1  0  1],[-1  0  0 -1  1  1 -2 -2  0],[ 1  0  1  0  1  1  1  1  0],[-2  0 -1 -1  0  0 -2 -2  0],[-2  1 -1 -1  0  0 -3 -3  0],[ 2 -1  2 -1  2  3  0  0  0],[ 2  0  2 -1  2  3  0  0  1],[ 0 -1  0  0  0  0  0 -1  0]]","[[ 0  2  2  1  0  0 -1 -2 -2],[-2  0  0 -1  1  0 -1 -3 -3],[-2  0  0 -1  0  0 -1 -2 -2],[-1  1  1  0  0  0 -1 -2 -2],[ 0 -1  0  0  0  1  0  1  0],[ 0  0  0  0 -1  0  0  0 -1],[ 1  1  1  1  0  0  0  1  1],[ 2  3  2  2 -1  0 -1  0  0],[ 2  3  2  2  0  1 -1  0  0]]",True,"[-2,-2,-1,0,0,1,2,2,0,1,-1,0,1,3,3,1,0,0,1,2,2,0,0,1,2,2,-1,0,-1,0,0,0,1,-1,-1,0]","[-2,-2,-1,0,0,1,2,2,0,-1,-1,0,2,2,3,-1,0,1,2,2,3,0,0,1,1,1,1,0,0,-1,0,0,0,1,1,0]",t^8+45t^6+120t^4+33t^2+1,"[-2,-2,-1,0,0,1,2,2,0,2,1,2,1,1,2,2,2,3,1,1,2,1,1,1,2,2,1,1,2,2,1,3,2,0,0,0]","[-2,-2,-1,0,0,1,2,2,0,0,2,2,2,2,2,0,2,3,2,1,1,1,1,1,1,1,-1,1,1,2,1,2,3,2,2,0]","[-2,-2,-1,0,0,1,2,2,0,-1,-1,0,2,2,3,-1,0,1,2,2,3,0,0,1,1,1,1,0,0,-1,0,0,0,1,1,0]",c,"[[{8, 3}, {5, 7}, {1, 6}, {2, 4}], [{8, 3}, {5, 7}, {1, 6}, {4}, {2}]]",1,- 4 K_1^2 + 2 K_2 + 3,O1O2O3O4U3U5O6U1O7O8U4U6U8U7O5U2,O1O2O3O4U2U1O5U3O6O7U4U7U8U5O8U6,O1O2O3O4U5O6U7U6U8U1O8O5U2O7U4U3,c,{'O1O2O3O4U3O5U6U7U8U1O7O6U4O8U5U2'},1,"<a href=""/flatknot/8.733974"">8.733974</a>",t^9-45t^7-78t^6+50t^5+118t^4+31t^3-20t^2-26t-4,0,,
8.733975,O1O2O3O4U3O5U6U7U8U2O7O6U1O8U5U4,4,7z^3+46z^2+94z+61,7w^4z^3+46w^3z^2+94w^2z+61w,False,False,"[[ 0 -1  1 -1  3  2 -2 -2  0],[ 1  0  2  0  3  1  0  0  2],[-1 -2  0  0  0 -2  0 -1  1],[ 1  0  0  0  1  0  1  1  1],[-3 -3  0 -1  0  0 -4 -4 -1],[-2 -1  2  0  0  0 -3 -3  0],[ 2  0  0 -1  4  3  0  0  0],[ 2  0  1 -1  4  3  0  0  1],[ 0 -2 -1 -1  1  0  0 -1  0]]","[[ 0  3  2  1  0 -1 -1 -2 -2],[-3  0  0  0 -1 -1 -3 -4 -4],[-2  0  0  2  0  0 -1 -3 -3],[-1  0 -2  0  1  0 -2  0 -1],[ 0  1  0 -1  0 -1 -2  0 -1],[ 1  1  0  0  1  0  0  1  1],[ 1  3  1  2  2  0  0  0  0],[ 2  4  3  0  0 -1  0  0  0],[ 2  4  3  1  1 -1  0  0  0]]",True,"[-3,-2,-1,0,1,1,2,2,0,0,1,1,3,4,4,-2,0,0,1,3,3,-1,0,2,0,1,1,2,0,1,0,-1,-1,0,0,0]","[-3,-2,-1,0,1,1,2,2,0,0,1,1,3,4,4,-2,0,0,1,3,3,-1,0,2,0,1,1,2,0,1,0,-1,-1,0,0,0]",t^8+80t^6+833t^4+171t^2,"[-2,-2,-1,-1,0,1,2,3,0,1,2,1,2,1,1,1,2,2,3,1,1,0,-1,0,2,1,0,2,3,3,2,2,2,3,2,1]","[-3,-2,-1,0,1,1,2,2,1,2,2,1,3,1,1,3,2,2,3,1,1,2,0,2,2,3,-1,0,1,2,0,1,1,2,2,0]","[-2,-2,-1,-1,0,1,2,3,0,-1,0,0,0,3,4,-1,0,1,1,3,4,0,1,0,0,1,2,2,1,3,-1,0,1,-2,0,0]",c,"[[{8, 1}, {2, 7}, {3, 6}, {4, 5}], [{8, 1}, {2, 7}, {3, 6}, {5}, {4}], [{8, 1}, {2, 7}, {4, 6}, {3, 5}], [{8, 1}, {2, 7}, {4, 6}, {5}, {3}], [{8, 1}, {2, 7}, {5, 6}, {3, 4}], [{8, 1}, {2, 7}, {5, 6}, {4}, {3}], [{8, 1}, {2, 7}, {6}, {3, 5}, {4}], [{8, 1}, {2, 7}, {6}, {4, 5}, {3}], [{8, 1}, {2, 7}, {6}, {5}, {3, 4}], [{8, 1}, {3, 7}, {2, 6}, {4, 5}], [{8, 1}, {3, 7}, {4, 6}, {2, 5}], [{8, 1}, {3, 7}, {4, 6}, {5}, {2}], [{8, 1}, {3, 7}, {5, 6}, {2, 4}], [{8, 1}, {3, 7}, {5, 6}, {4}, {2}], [{8, 1}, {3, 7}, {6}, {4, 5}, {2}], [{8, 1}, {4, 7}, {2, 6}, {3, 5}], [{8, 1}, {4, 7}, {3, 6}, {2, 5}], [{8, 1}, {4, 7}, {3, 6}, {5}, {2}], [{8, 1}, {4, 7}, {5, 6}, {2, 3}], [{8, 1}, {4, 7}, {5, 6}, {3}, {2}], [{8, 1}, {4, 7}, {6}, {3, 5}, {2}], [{8, 1}, {5, 7}, {2, 6}, {3, 4}], [{8, 1}, {5, 7}, {3, 6}, {2, 4}], [{8, 1}, {5, 7}, {3, 6}, {4}, {2}], [{8, 1}, {5, 7}, {4, 6}, {2, 3}], [{8, 1}, {5, 7}, {4, 6}, {3}, {2}], [{8, 1}, {5, 7}, {6}, {3, 4}, {2}], [{8, 1}, {6, 7}, {2, 5}, {3, 4}], [{8, 1}, {6, 7}, {3, 5}, {2, 4}], [{8, 1}, {6, 7}, {3, 5}, {4}, {2}], [{8, 1}, {6, 7}, {4, 5}, {2, 3}], [{8, 1}, {6, 7}, {4, 5}, {3}, {2}], [{8, 1}, {6, 7}, {5}, {3, 4}, {2}], [{8, 1}, {7}, {2, 6}, {3, 5}, {4}], [{8, 1}, {7}, {2, 6}, {4, 5}, {3}], [{8, 1}, {7}, {2, 6}, {5}, {3, 4}], [{8, 1}, {7}, {3, 6}, {2, 5}, {4}], [{8, 1}, {7}, {3, 6}, {4, 5}, {2}], [{8, 1}, {7}, {3, 6}, {5}, {2, 4}], [{8, 1}, {7}, {3, 6}, {5}, {4}, {2}], [{8, 1}, {7}, {4, 6}, {2, 5}, {3}], [{8, 1}, {7}, {4, 6}, {3, 5}, {2}], [{8, 1}, {7}, {4, 6}, {5}, {2, 3}], [{8, 1}, {7}, {4, 6}, {5}, {3}, {2}], [{8, 1}, {7}, {5, 6}, {2, 4}, {3}], [{8, 1}, {7}, {5, 6}, {3, 4}, {2}], [{8, 1}, {7}, {5, 6}, {4}, {2, 3}], [{8, 1}, {7}, {5, 6}, {4}, {3}, {2}], [{8, 1}, {7}, {6}, {2, 5}, {3, 4}], [{8, 1}, {7}, {6}, {3, 5}, {2, 4}], [{8, 1}, {7}, {6}, {3, 5}, {4}, {2}], [{8, 1}, {7}, {6}, {4, 5}, {2, 3}], [{8, 1}, {7}, {6}, {4, 5}, {3}, {2}], [{8, 1}, {7}, {6}, {5}, {3, 4}, {2}], [{8, 2}, {1, 7}, {3, 6}, {4, 5}], [{8, 2}, {1, 7}, {4, 6}, {3, 5}], [{8, 2}, {1, 7}, {5, 6}, {3, 4}], [{8, 2}, {1, 7}, {6}, {5}, {3, 4}], [{8, 2}, {3, 7}, {1, 6}, {4, 5}], [{8, 2}, {3, 7}, {4, 6}, {1, 5}], [{8, 2}, {3, 7}, {5, 6}, {1, 4}], [{8, 2}, {4, 7}, {1, 6}, {3, 5}], [{8, 2}, {4, 7}, {1, 6}, {5}, {3}], [{8, 2}, {4, 7}, {3, 6}, {1, 5}], [{8, 2}, {4, 7}, {5, 6}, {1, 3}], [{8, 2}, {5, 7}, {1, 6}, {3, 4}], [{8, 2}, {5, 7}, {3, 6}, {1, 4}], [{8, 2}, {5, 7}, {4, 6}, {1, 3}], [{8, 2}, {6, 7}, {1, 5}, {3, 4}], [{8, 2}, {6, 7}, {3, 5}, {1, 4}], [{8, 2}, {6, 7}, {4, 5}, {1, 3}], [{8, 2}, {7}, {6}, {3, 5}, {1, 4}], [{8, 3}, {1, 7}, {2, 6}, {4, 5}], [{8, 3}, {1, 7}, {4, 6}, {2, 5}], [{8, 3}, {1, 7}, {5, 6}, {2, 4}], [{8, 3}, {2, 7}, {1, 6}, {4, 5}], [{8, 3}, {2, 7}, {4, 6}, {1, 5}], [{8, 3}, {2, 7}, {5, 6}, {1, 4}], [{8, 3}, {4, 7}, {1, 6}, {2, 5}], [{8, 3}, {4, 7}, {2, 6}, {1, 5}], [{8, 3}, {4, 7}, {5, 6}, {1, 2}], [{8, 3}, {5, 7}, {1, 6}, {2, 4}], [{8, 3}, {5, 7}, {2, 6}, {1, 4}], [{8, 3}, {5, 7}, {4, 6}, {1, 2}], [{8, 3}, {6, 7}, {1, 5}, {2, 4}], [{8, 3}, {6, 7}, {2, 5}, {1, 4}], [{8, 3}, {6, 7}, {4, 5}, {1, 2}], [{8, 3}, {7}, {2, 6}, {4, 5}, {1}], [{8, 3}, {7}, {6}, {1, 5}, {2, 4}], [{8, 4}, {1, 7}, {2, 6}, {3, 5}], [{8, 4}, {1, 7}, {3, 6}, {2, 5}], [{8, 4}, {1, 7}, {5, 6}, {2, 3}], [{8, 4}, {2, 7}, {1, 6}, {3, 5}], [{8, 4}, {2, 7}, {3, 6}, {1, 5}], [{8, 4}, {2, 7}, {5, 6}, {1, 3}], [{8, 4}, {3, 7}, {1, 6}, {2, 5}], [{8, 4}, {3, 7}, {2, 6}, {1, 5}], [{8, 4}, {3, 7}, {5, 6}, {1, 2}], [{8, 4}, {3, 7}, {6}, {5}, {1, 2}], [{8, 4}, {5, 7}, {1, 6}, {2, 3}], [{8, 4}, {5, 7}, {2, 6}, {1, 3}], [{8, 4}, {5, 7}, {3, 6}, {1, 2}], [{8, 4}, {5, 7}, {6}, {3}, {1, 2}], [{8, 4}, {6, 7}, {1, 5}, {2, 3}], [{8, 4}, {6, 7}, {2, 5}, {1, 3}], [{8, 4}, {6, 7}, {3, 5}, {1, 2}], [{8, 4}, {7}, {6}, {3, 5}, {1, 2}], [{8, 5}, {1, 7}, {2, 6}, {3, 4}], [{8, 5}, {1, 7}, {3, 6}, {2, 4}], [{8, 5}, {1, 7}, {4, 6}, {2, 3}], [{8, 5}, {2, 7}, {1, 6}, {3, 4}], [{8, 5}, {2, 7}, {1, 6}, {4}, {3}], [{8, 5}, {2, 7}, {3, 6}, {1, 4}], [{8, 5}, {2, 7}, {4, 6}, {1, 3}], [{8, 5}, {2, 7}, {6}, {3, 4}, {1}], [{8, 5}, {3, 7}, {1, 6}, {2, 4}], [{8, 5}, {3, 7}, {2, 6}, {1, 4}], [{8, 5}, {3, 7}, {4, 6}, {1, 2}], [{8, 5}, {4, 7}, {1, 6}, {2, 3}], [{8, 5}, {4, 7}, {2, 6}, {1, 3}], [{8, 5}, {4, 7}, {3, 6}, {1, 2}], [{8, 5}, {4, 7}, {6}, {3}, {1, 2}], [{8, 5}, {6, 7}, {1, 4}, {2, 3}], [{8, 5}, {6, 7}, {2, 4}, {1, 3}], [{8, 5}, {6, 7}, {3, 4}, {1, 2}], [{8, 5}, {7}, {2, 6}, {1, 4}, {3}], [{8, 6}, {1, 7}, {2, 5}, {3, 4}], [{8, 6}, {1, 7}, {3, 5}, {2, 4}], [{8, 6}, {1, 7}, {4, 5}, {2, 3}], [{8, 6}, {1, 7}, {4, 5}, {3}, {2}], [{8, 6}, {2, 7}, {1, 5}, {3, 4}], [{8, 6}, {2, 7}, {3, 5}, {1, 4}], [{8, 6}, {2, 7}, {4, 5}, {1, 3}], [{8, 6}, {2, 7}, {5}, {1, 4}, {3}], [{8, 6}, {2, 7}, {5}, {3, 4}, {1}], [{8, 6}, {2, 7}, {5}, {4}, {1, 3}], [{8, 6}, {3, 7}, {1, 5}, {2, 4}], [{8, 6}, {3, 7}, {2, 5}, {1, 4}], [{8, 6}, {3, 7}, {4, 5}, {1, 2}], [{8, 6}, {4, 7}, {1, 5}, {2, 3}], [{8, 6}, {4, 7}, {2, 5}, {1, 3}], [{8, 6}, {4, 7}, {3, 5}, {1, 2}], [{8, 6}, {5, 7}, {1, 4}, {2, 3}], [{8, 6}, {5, 7}, {2, 4}, {1, 3}], [{8, 6}, {5, 7}, {2, 4}, {3}, {1}], [{8, 6}, {5, 7}, {3, 4}, {1, 2}], [{8, 6}, {7}, {4, 5}, {2, 3}, {1}], [{8, 7}, {1, 6}, {2, 5}, {3, 4}], [{8, 7}, {1, 6}, {2, 5}, {4}, {3}], [{8, 7}, {1, 6}, {3, 5}, {2, 4}], [{8, 7}, {1, 6}, {4, 5}, {2, 3}], [{8, 7}, {1, 6}, {4, 5}, {3}, {2}], [{8, 7}, {1, 6}, {5}, {2, 4}, {3}], [{8, 7}, {2, 6}, {1, 5}, {3, 4}], [{8, 7}, {2, 6}, {3, 5}, {1, 4}], [{8, 7}, {2, 6}, {4, 5}, {1, 3}], [{8, 7}, {3, 6}, {1, 5}, {2, 4}], [{8, 7}, {3, 6}, {2, 5}, {1, 4}], [{8, 7}, {3, 6}, {4, 5}, {1, 2}], [{8, 7}, {4, 6}, {1, 5}, {2, 3}], [{8, 7}, {4, 6}, {2, 5}, {1, 3}], [{8, 7}, {4, 6}, {2, 5}, {3}, {1}], [{8, 7}, {4, 6}, {3, 5}, {1, 2}], [{8, 7}, {5, 6}, {1, 4}, {2, 3}], [{8, 7}, {5, 6}, {2, 4}, {1, 3}], [{8, 7}, {5, 6}, {3, 4}, {1, 2}], [{8, 7}, {6}, {2, 5}, {1, 4}, {3}], [{8, 7}, {6}, {4, 5}, {2, 3}, {1}], [{8, 7}, {6}, {5}, {3, 4}, {1, 2}], [{8}, {1, 7}, {4, 6}, {2, 5}, {3}], [{8}, {1, 7}, {6}, {4, 5}, {2, 3}], [{8}, {2, 7}, {1, 6}, {5}, {3, 4}], [{8}, {2, 7}, {3, 6}, {4, 5}, {1}], [{8}, {2, 7}, {4, 6}, {3, 5}, {1}], [{8}, {2, 7}, {5, 6}, {3, 4}, {1}], [{8}, {2, 7}, {6}, {1, 5}, {3, 4}], [{8}, {2, 7}, {6}, {5}, {3, 4}, {1}], [{8}, {3, 7}, {5, 6}, {2, 4}, {1}], [{8}, {4, 7}, {6}, {2, 5}, {1, 3}], [{8}, {6, 7}, {4, 5}, {2, 3}, {1}], [{8}, {7}, {1, 6}, {4, 5}, {2, 3}], [{8}, {7}, {2, 6}, {4, 5}, {1, 3}]]",2,12 K_1^3 - 2 K_1^2 - 6 K_1 K_2 - 6 K_1 + K_2 + 2,O1O2O3O4U1U5O6U4O7O8U3U6U8U7O5U2,O1O2O3O4U2U1O5U3O6O7U5U4U8U7O8U6,O1O2O3O4U5O6U7U6U1U8O7O5U2O8U4U3,c,{'O1O2O3O4U3O5U6U7U8U2O7O6U1O8U5U4'},1,"<a href=""/flatknot/8.733975"">8.733975</a>",t^9-76t^7-70t^6+696t^5+486t^4-1340t^3-544t^2-186t+6,-t^3+t^2+t,,
8.733976,O1O2O3O4U3O5U6U7U8U2O7O6U4O8U1U5,4,4z^3+38z^2+111z+103,4w^4z^3+38w^3z^2+111w^2z+103w,False,False,"[[ 0 -1  1 -1  2  3 -2 -2  0],[ 1  0  2 -1  3  3 -1 -1  1],[-1 -2  0  0  0 -1  0 -1  0],[ 1  1  0  0  1  1  1  1  0],[-2 -3  0 -1  0  0 -2 -2  0],[-3 -3  1 -1  0  0 -4 -4 -1],[ 2  1  0 -1  2  4  0  0  0],[ 2  1  1 -1  2  4  0  0  1],[ 0 -1  0  0  0  1  0 -1  0]]","[[ 0  3  2  1  0 -1 -1 -2 -2],[-3  0  0  1 -1 -1 -3 -4 -4],[-2  0  0  0  0 -1 -3 -2 -2],[-1 -1  0  0  0  0 -2  0 -1],[ 0  1  0  0  0  0 -1  0 -1],[ 1  1  1  0  0  0  1  1  1],[ 1  3  3  2  1 -1  0 -1 -1],[ 2  4  2  0  0 -1  1  0  0],[ 2  4  2  1  1 -1  1  0  0]]",True,"[-3,-2,-1,0,1,1,2,2,0,-1,1,1,3,4,4,0,0,1,3,2,2,0,0,2,0,1,0,1,0,1,-1,-1,-1,1,1,0]","[-3,-2,-1,0,1,1,2,2,0,-1,1,1,3,4,4,0,0,1,3,2,2,0,0,2,0,1,0,1,0,1,-1,-1,-1,1,1,0]",t^8+74t^6+322t^4+220t^2+4,"[-2,-2,-1,-1,0,1,2,3,0,0,2,1,2,2,1,0,2,2,3,2,1,1,0,0,0,1,1,2,2,3,1,2,2,1,3,1]","[-3,-2,-1,0,1,1,2,2,1,3,2,1,3,1,1,1,2,0,2,2,2,1,0,2,2,3,0,1,1,2,-1,0,0,2,2,0]","[-2,-2,-1,-1,0,1,2,3,0,-1,1,0,0,2,4,-1,1,1,1,2,4,1,0,0,1,1,1,2,3,3,0,0,1,0,-1,0]",c,"[[{8, 1}, {2, 7}, {3, 6}, {4, 5}], [{8, 1}, {2, 7}, {3, 6}, {5}, {4}], [{8, 1}, {2, 7}, {4, 6}, {3, 5}], [{8, 1}, {2, 7}, {4, 6}, {5}, {3}], [{8, 1}, {2, 7}, {5, 6}, {3, 4}], [{8, 1}, {2, 7}, {5, 6}, {4}, {3}], [{8, 1}, {2, 7}, {6}, {3, 5}, {4}], [{8, 1}, {2, 7}, {6}, {4, 5}, {3}], [{8, 1}, {2, 7}, {6}, {5}, {3, 4}], [{8, 1}, {2, 7}, {6}, {5}, {4}, {3}], [{8, 1}, {3, 7}, {2, 6}, {4, 5}], [{8, 1}, {3, 7}, {4, 6}, {2, 5}], [{8, 1}, {3, 7}, {5, 6}, {2, 4}], [{8, 1}, {3, 7}, {6}, {2, 5}, {4}], [{8, 1}, {4, 7}, {2, 6}, {3, 5}], [{8, 1}, {4, 7}, {3, 6}, {2, 5}], [{8, 1}, {4, 7}, {5, 6}, {2, 3}], [{8, 1}, {4, 7}, {6}, {3, 5}, {2}], [{8, 1}, {5, 7}, {2, 6}, {3, 4}], [{8, 1}, {5, 7}, {3, 6}, {2, 4}], [{8, 1}, {5, 7}, {4, 6}, {2, 3}], [{8, 1}, {5, 7}, {6}, {4}, {2, 3}], [{8, 1}, {6, 7}, {2, 5}, {3, 4}], [{8, 1}, {6, 7}, {3, 5}, {2, 4}], [{8, 1}, {6, 7}, {3, 5}, {4}, {2}], [{8, 1}, {6, 7}, {4, 5}, {2, 3}], [{8, 1}, {7}, {2, 6}, {3, 5}, {4}], [{8, 1}, {7}, {4, 6}, {3, 5}, {2}], [{8, 1}, {7}, {6}, {3, 5}, {2, 4}], [{8, 1}, {7}, {6}, {3, 5}, {4}, {2}], [{8, 2}, {1, 7}, {3, 6}, {4, 5}], [{8, 2}, {1, 7}, {4, 6}, {3, 5}], [{8, 2}, {1, 7}, {5, 6}, {3, 4}], [{8, 2}, {3, 7}, {1, 6}, {4, 5}], [{8, 2}, {3, 7}, {4, 6}, {1, 5}], [{8, 2}, {3, 7}, {5, 6}, {1, 4}], [{8, 2}, {4, 7}, {1, 6}, {3, 5}], [{8, 2}, {4, 7}, {1, 6}, {5}, {3}], [{8, 2}, {4, 7}, {3, 6}, {1, 5}], [{8, 2}, {4, 7}, {5, 6}, {1, 3}], [{8, 2}, {4, 7}, {5, 6}, {3}, {1}], [{8, 2}, {4, 7}, {6}, {1, 5}, {3}], [{8, 2}, {5, 7}, {1, 6}, {3, 4}], [{8, 2}, {5, 7}, {3, 6}, {1, 4}], [{8, 2}, {5, 7}, {4, 6}, {1, 3}], [{8, 2}, {6, 7}, {1, 5}, {3, 4}], [{8, 2}, {6, 7}, {3, 5}, {1, 4}], [{8, 2}, {6, 7}, {4, 5}, {1, 3}], [{8, 2}, {7}, {4, 6}, {3, 5}, {1}], [{8, 3}, {1, 7}, {2, 6}, {4, 5}], [{8, 3}, {1, 7}, {4, 6}, {2, 5}], [{8, 3}, {1, 7}, {5, 6}, {2, 4}], [{8, 3}, {1, 7}, {6}, {2, 5}, {4}], [{8, 3}, {2, 7}, {1, 6}, {4, 5}], [{8, 3}, {2, 7}, {1, 6}, {5}, {4}], [{8, 3}, {2, 7}, {4, 6}, {1, 5}], [{8, 3}, {2, 7}, {5, 6}, {1, 4}], [{8, 3}, {4, 7}, {1, 6}, {2, 5}], [{8, 3}, {4, 7}, {1, 6}, {5}, {2}], [{8, 3}, {4, 7}, {2, 6}, {1, 5}], [{8, 3}, {4, 7}, {5, 6}, {1, 2}], [{8, 3}, {4, 7}, {5, 6}, {2}, {1}], [{8, 3}, {4, 7}, {6}, {1, 5}, {2}], [{8, 3}, {5, 7}, {1, 6}, {2, 4}], [{8, 3}, {5, 7}, {1, 6}, {4}, {2}], [{8, 3}, {5, 7}, {2, 6}, {1, 4}], [{8, 3}, {5, 7}, {4, 6}, {1, 2}], [{8, 3}, {5, 7}, {4, 6}, {2}, {1}], [{8, 3}, {5, 7}, {6}, {1, 4}, {2}], [{8, 3}, {6, 7}, {1, 5}, {2, 4}], [{8, 3}, {6, 7}, {2, 5}, {1, 4}], [{8, 3}, {6, 7}, {2, 5}, {4}, {1}], [{8, 3}, {6, 7}, {4, 5}, {1, 2}], [{8, 3}, {7}, {1, 6}, {2, 5}, {4}], [{8, 3}, {7}, {1, 6}, {4, 5}, {2}], [{8, 3}, {7}, {1, 6}, {5}, {2, 4}], [{8, 3}, {7}, {2, 6}, {1, 5}, {4}], [{8, 3}, {7}, {2, 6}, {4, 5}, {1}], [{8, 3}, {7}, {2, 6}, {5}, {1, 4}], [{8, 3}, {7}, {4, 6}, {5}, {1, 2}], [{8, 3}, {7}, {5, 6}, {4}, {1, 2}], [{8, 3}, {7}, {6}, {4, 5}, {1, 2}], [{8, 4}, {1, 7}, {2, 6}, {3, 5}], [{8, 4}, {1, 7}, {3, 6}, {2, 5}], [{8, 4}, {1, 7}, {5, 6}, {2, 3}], [{8, 4}, {1, 7}, {5, 6}, {3}, {2}], [{8, 4}, {2, 7}, {1, 6}, {3, 5}], [{8, 4}, {2, 7}, {3, 6}, {1, 5}], [{8, 4}, {2, 7}, {5, 6}, {1, 3}], [{8, 4}, {3, 7}, {1, 6}, {2, 5}], [{8, 4}, {3, 7}, {2, 6}, {1, 5}], [{8, 4}, {3, 7}, {5, 6}, {1, 2}], [{8, 4}, {5, 7}, {1, 6}, {2, 3}], [{8, 4}, {5, 7}, {2, 6}, {1, 3}], [{8, 4}, {5, 7}, {3, 6}, {1, 2}], [{8, 4}, {6, 7}, {1, 5}, {2, 3}], [{8, 4}, {6, 7}, {2, 5}, {1, 3}], [{8, 4}, {6, 7}, {3, 5}, {1, 2}], [{8, 4}, {7}, {1, 6}, {3, 5}, {2}], [{8, 4}, {7}, {3, 6}, {5}, {1, 2}], [{8, 4}, {7}, {6}, {1, 5}, {2, 3}], [{8, 5}, {1, 7}, {2, 6}, {3, 4}], [{8, 5}, {1, 7}, {3, 6}, {2, 4}], [{8, 5}, {1, 7}, {4, 6}, {2, 3}], [{8, 5}, {2, 7}, {1, 6}, {3, 4}], [{8, 5}, {2, 7}, {3, 6}, {1, 4}], [{8, 5}, {2, 7}, {4, 6}, {1, 3}], [{8, 5}, {3, 7}, {1, 6}, {2, 4}], [{8, 5}, {3, 7}, {2, 6}, {1, 4}], [{8, 5}, {3, 7}, {4, 6}, {1, 2}], [{8, 5}, {3, 7}, {4, 6}, {2}, {1}], [{8, 5}, {4, 7}, {1, 6}, {2, 3}], [{8, 5}, {4, 7}, {2, 6}, {1, 3}], [{8, 5}, {4, 7}, {3, 6}, {1, 2}], [{8, 5}, {4, 7}, {6}, {3}, {1, 2}], [{8, 5}, {6, 7}, {1, 4}, {2, 3}], [{8, 5}, {6, 7}, {2, 4}, {1, 3}], [{8, 5}, {6, 7}, {3, 4}, {1, 2}], [{8, 5}, {6, 7}, {4}, {3}, {1, 2}], [{8, 5}, {7}, {1, 6}, {3, 4}, {2}], [{8, 5}, {7}, {4, 6}, {3}, {1, 2}], [{8, 6}, {1, 7}, {2, 5}, {3, 4}], [{8, 6}, {1, 7}, {3, 5}, {2, 4}], [{8, 6}, {1, 7}, {4, 5}, {2, 3}], [{8, 6}, {2, 7}, {1, 5}, {3, 4}], [{8, 6}, {2, 7}, {3, 5}, {1, 4}], [{8, 6}, {2, 7}, {4, 5}, {1, 3}], [{8, 6}, {2, 7}, {5}, {4}, {1, 3}], [{8, 6}, {3, 7}, {1, 5}, {2, 4}], [{8, 6}, {3, 7}, {2, 5}, {1, 4}], [{8, 6}, {3, 7}, {4, 5}, {1, 2}], [{8, 6}, {3, 7}, {5}, {1, 4}, {2}], [{8, 6}, {4, 7}, {1, 5}, {2, 3}], [{8, 6}, {4, 7}, {2, 5}, {1, 3}], [{8, 6}, {4, 7}, {3, 5}, {1, 2}], [{8, 6}, {5, 7}, {1, 4}, {2, 3}], [{8, 6}, {5, 7}, {1, 4}, {3}, {2}], [{8, 6}, {5, 7}, {2, 4}, {1, 3}], [{8, 6}, {5, 7}, {3, 4}, {1, 2}], [{8, 6}, {7}, {3, 5}, {1, 4}, {2}], [{8, 7}, {1, 6}, {2, 5}, {3, 4}], [{8, 7}, {1, 6}, {3, 5}, {2, 4}], [{8, 7}, {1, 6}, {4, 5}, {2, 3}], [{8, 7}, {2, 6}, {1, 5}, {3, 4}], [{8, 7}, {2, 6}, {3, 5}, {1, 4}], [{8, 7}, {2, 6}, {4, 5}, {1, 3}], [{8, 7}, {2, 6}, {4, 5}, {3}, {1}], [{8, 7}, {3, 6}, {1, 5}, {2, 4}], [{8, 7}, {3, 6}, {2, 5}, {1, 4}], [{8, 7}, {3, 6}, {4, 5}, {1, 2}], [{8, 7}, {4, 6}, {1, 5}, {2, 3}], [{8, 7}, {4, 6}, {2, 5}, {1, 3}], [{8, 7}, {4, 6}, {3, 5}, {1, 2}], [{8, 7}, {4, 6}, {3, 5}, {2}, {1}], [{8, 7}, {4, 6}, {5}, {3}, {1, 2}], [{8, 7}, {5, 6}, {1, 4}, {2, 3}], [{8, 7}, {5, 6}, {2, 4}, {1, 3}], [{8, 7}, {5, 6}, {3, 4}, {1, 2}], [{8, 7}, {5, 6}, {4}, {1, 3}, {2}], [{8, 7}, {6}, {1, 5}, {4}, {2, 3}], [{8}, {1, 7}, {2, 6}, {5}, {3, 4}], [{8}, {1, 7}, {3, 6}, {5}, {2, 4}], [{8}, {1, 7}, {4, 6}, {3, 5}, {2}], [{8}, {2, 7}, {4, 6}, {3, 5}, {1}], [{8}, {2, 7}, {5, 6}, {3, 4}, {1}], [{8}, {3, 7}, {2, 6}, {4, 5}, {1}], [{8}, {3, 7}, {4, 6}, {5}, {1, 2}], [{8}, {4, 7}, {1, 6}, {5}, {2, 3}], [{8}, {4, 7}, {5, 6}, {2, 3}, {1}], [{8}, {4, 7}, {6}, {1, 5}, {2, 3}], [{8}, {5, 7}, {2, 6}, {4}, {1, 3}], [{8}, {5, 7}, {3, 6}, {1, 4}, {2}], [{8}, {5, 7}, {4, 6}, {3}, {1, 2}], [{8}, {7}, {4, 6}, {3, 5}, {1, 2}], [{8}, {7}, {4, 6}, {3, 5}, {2}, {1}]]",2,- 6 K_1^2 - 6 K_1 K_2 + 3 K_1 + 3 K_2 + 3 K_3 + 4,O1O2O3O4U5U4O6U1O7O8U3U6U8U7O5U2,O1O2O3O4U2U1O5U3O6O7U6U4U8U5O8U7,O1O2O3O4U5O6U7U6U1U8O5O8U2O7U4U3,c,{'O1O2O3O4U3O5U6U7U8U2O7O6U4O8U1U5'},1,"<a href=""/flatknot/8.733976"">8.733976</a>",t^9-70t^7-164t^6+165t^5+376t^4+52t^3-212t^2-58t-20,-t^3+t^2+t,,
8.733977,O1O2O3O4U3O5U6U7U8U4O7O6U1O8U2U5,3,11z^2+49z+55,-12w^4z^2+4w^4z+23w^3z^2-34w^3z+79w^2z+55w,False,False,"[[ 0 -1  0 -1  3  3 -2 -2  0],[ 1  0  0 -1  3  2  0  0  2],[ 0  0  0 -1  4  2 -2 -2  1],[ 1  1  1  0  1  1  0  0  0],[-3 -3 -4 -1  0 -2 -2 -3 -1],[-3 -2 -2 -1  2  0 -4 -4 -1],[ 2  0  2  0  2  4  0  0  0],[ 2  0  2  0  3  4  0  0  1],[ 0 -2 -1  0  1  1  0 -1  0]]","[[ 0  3  3  0  0 -1 -1 -2 -2],[-3  0  2 -1 -2 -1 -2 -4 -4],[-3 -2  0 -1 -4 -1 -3 -2 -3],[ 0  1  1  0 -1  0 -2  0 -1],[ 0  2  4  1  0 -1  0 -2 -2],[ 1  1  1  0  1  0  1  0  0],[ 1  2  3  2  0 -1  0  0  0],[ 2  4  2  0  2  0  0  0  0],[ 2  4  3  1  2  0  0  0  0]]",True,"[-3,-3,0,0,1,1,2,2,-2,1,2,1,2,4,4,1,4,1,3,2,3,1,0,2,0,1,1,0,2,2,-1,0,0,0,0,0]","[-3,-3,0,0,1,1,2,2,-2,-1,2,1,3,2,3,1,2,2,3,1,1,1,1,0,0,0,-1,1,1,2,-1,1,1,1,1,0]",t^8+102t^6+753t^4+236t^2,"[-2,-2,-1,-1,0,0,3,3,0,1,1,0,1,1,2,1,1,0,2,1,3,-1,0,1,3,3,1,-1,2,1,-1,1,-1,2,2,-2]","[-3,-3,0,0,1,1,2,2,-2,-1,2,1,3,2,3,1,2,2,3,1,1,1,1,0,0,0,-1,1,1,2,-1,1,1,1,1,0]","[-2,-2,-1,-1,0,0,3,3,0,0,0,0,2,2,4,0,0,1,2,3,4,-1,2,0,3,2,0,1,1,1,-1,1,1,4,2,-2]",c,"[[{8, 2}, {3, 7}, {1, 6}, {4, 5}]]",1,12 K_1^3 - 8 K_1^2 - 12 K_1 K_2 - 4 K_1 K_3 - 3 K_1 + 6 K_2 + 3 K_3 + 2 K_4 + 5,O1O2O3O4U5U3O6U4O7O8U1U6U8U7O5U2,O1O2O3O4U2U1O5U3O6O7U5U6U8U4O8U7,O1O2O3O4U5O6U1U6U7U8O5O7U2O8U4U3,c,{'O1O2O3O4U3O5U6U7U8U4O7O6U1O8U2U5'},1,"<a href=""/flatknot/8.733977"">8.733977</a>",t^9-94t^7-326t^6+315t^5+1314t^4+410t^3-1032t^2+4t+32,-2t^3+2t^2+2t,,
8.733978,O1O2O3O4U3O5U6U7U8U4O7O6U1O8U5U2,4,2z^3+35z^2+114z+105,2w^4z^3+35w^3z^2+114w^2z+105w,False,False,"[[ 0 -1  1 -1  3  2 -2 -2  0],[ 1  0  1 -1  3  1  0  0  2],[-1 -1  0 -1  3  1 -3 -3  0],[ 1  1  1  0  1  1  0  0  0],[-3 -3 -3 -1  0 -2 -2 -3 -1],[-2 -1 -1 -1  2  0 -3 -3  0],[ 2  0  3  0  2  3  0  0  0],[ 2  0  3  0  3  3  0  0  1],[ 0 -2  0  0  1  0  0 -1  0]]","[[ 0  3  2  1  0 -1 -1 -2 -2],[-3  0 -2 -3 -1 -1 -3 -2 -3],[-2  2  0 -1  0 -1 -1 -3 -3],[-1  3  1  0  0 -1 -1 -3 -3],[ 0  1  0  0  0  0 -2  0 -1],[ 1  1  1  1  0  0  1  0  0],[ 1  3  1  1  2 -1  0  0  0],[ 2  2  3  3  0  0  0  0  0],[ 2  3  3  3  1  0  0  0  0]]",True,"[-3,-2,-1,0,1,1,2,2,2,3,1,1,3,2,3,1,0,1,1,3,3,0,1,1,3,3,0,2,0,1,-1,0,0,0,0,0]","[-3,-2,-1,0,1,1,2,2,-1,-1,2,1,3,2,3,0,2,2,2,1,1,1,1,1,0,0,-1,1,1,2,-1,1,1,1,1,0]",t^8+84t^6+497t^4+119t^2+1,"[-2,-2,-1,-1,0,1,2,3,0,1,1,1,0,1,2,1,1,2,0,1,3,-1,1,1,2,3,-1,1,2,1,1,2,2,0,-1,-1]","[-3,-2,-1,0,1,1,2,2,-1,-1,2,1,3,2,3,0,2,2,2,1,1,1,1,1,0,0,-1,1,1,2,-1,1,1,1,1,0]","[-2,-2,-1,-1,0,1,2,3,0,0,0,0,3,3,2,0,0,1,3,3,3,-1,2,1,1,3,0,1,1,1,0,0,1,1,3,2]",c,"[[{8, 1}, {2, 7}, {3, 6}, {4, 5}], [{8, 1}, {2, 7}, {4, 6}, {3, 5}], [{8, 1}, {2, 7}, {5, 6}, {3, 4}], [{8, 1}, {2, 7}, {5, 6}, {4}, {3}], [{8, 1}, {3, 7}, {2, 6}, {4, 5}], [{8, 1}, {3, 7}, {4, 6}, {2, 5}], [{8, 1}, {3, 7}, {5, 6}, {2, 4}], [{8, 1}, {3, 7}, {6}, {2, 5}, {4}], [{8, 1}, {4, 7}, {2, 6}, {3, 5}], [{8, 1}, {4, 7}, {3, 6}, {2, 5}], [{8, 1}, {4, 7}, {5, 6}, {2, 3}], [{8, 1}, {5, 7}, {2, 6}, {3, 4}], [{8, 1}, {5, 7}, {3, 6}, {2, 4}], [{8, 1}, {5, 7}, {4, 6}, {2, 3}], [{8, 1}, {6, 7}, {2, 5}, {3, 4}], [{8, 1}, {6, 7}, {3, 5}, {2, 4}], [{8, 1}, {6, 7}, {4, 5}, {2, 3}], [{8, 1}, {7}, {4, 6}, {3, 5}, {2}], [{8, 1}, {7}, {5, 6}, {3, 4}, {2}], [{8, 2}, {1, 7}, {3, 6}, {4, 5}], [{8, 2}, {1, 7}, {3, 6}, {5}, {4}], [{8, 2}, {1, 7}, {4, 6}, {3, 5}], [{8, 2}, {1, 7}, {5, 6}, {3, 4}], [{8, 2}, {1, 7}, {6}, {4, 5}, {3}], [{8, 2}, {3, 7}, {1, 6}, {4, 5}], [{8, 2}, {3, 7}, {4, 6}, {1, 5}], [{8, 2}, {3, 7}, {5, 6}, {1, 4}], [{8, 2}, {3, 7}, {6}, {4, 5}, {1}], [{8, 2}, {4, 7}, {1, 6}, {3, 5}], [{8, 2}, {4, 7}, {1, 6}, {5}, {3}], [{8, 2}, {4, 7}, {3, 6}, {1, 5}], [{8, 2}, {4, 7}, {5, 6}, {1, 3}], [{8, 2}, {5, 7}, {1, 6}, {3, 4}], [{8, 2}, {5, 7}, {3, 6}, {1, 4}], [{8, 2}, {5, 7}, {3, 6}, {4}, {1}], [{8, 2}, {5, 7}, {4, 6}, {1, 3}], [{8, 2}, {6, 7}, {1, 5}, {3, 4}], [{8, 2}, {6, 7}, {3, 5}, {1, 4}], [{8, 2}, {6, 7}, {4, 5}, {1, 3}], [{8, 2}, {7}, {3, 6}, {1, 5}, {4}], [{8, 2}, {7}, {4, 6}, {3, 5}, {1}], [{8, 2}, {7}, {5, 6}, {3, 4}, {1}], [{8, 2}, {7}, {6}, {4, 5}, {1, 3}], [{8, 3}, {1, 7}, {2, 6}, {4, 5}], [{8, 3}, {1, 7}, {4, 6}, {2, 5}], [{8, 3}, {1, 7}, {5, 6}, {2, 4}], [{8, 3}, {2, 7}, {1, 6}, {4, 5}], [{8, 3}, {2, 7}, {4, 6}, {1, 5}], [{8, 3}, {2, 7}, {5, 6}, {1, 4}], [{8, 3}, {2, 7}, {5, 6}, {4}, {1}], [{8, 3}, {4, 7}, {1, 6}, {2, 5}], [{8, 3}, {4, 7}, {1, 6}, {5}, {2}], [{8, 3}, {4, 7}, {2, 6}, {1, 5}], [{8, 3}, {4, 7}, {5, 6}, {1, 2}], [{8, 3}, {5, 7}, {1, 6}, {2, 4}], [{8, 3}, {5, 7}, {2, 6}, {1, 4}], [{8, 3}, {5, 7}, {4, 6}, {1, 2}], [{8, 3}, {6, 7}, {1, 5}, {2, 4}], [{8, 3}, {6, 7}, {2, 5}, {1, 4}], [{8, 3}, {6, 7}, {4, 5}, {1, 2}], [{8, 3}, {7}, {2, 6}, {5}, {1, 4}], [{8, 3}, {7}, {6}, {1, 5}, {2, 4}], [{8, 4}, {1, 7}, {2, 6}, {3, 5}], [{8, 4}, {1, 7}, {3, 6}, {2, 5}], [{8, 4}, {1, 7}, {5, 6}, {2, 3}], [{8, 4}, {2, 7}, {1, 6}, {3, 5}], [{8, 4}, {2, 7}, {3, 6}, {1, 5}], [{8, 4}, {2, 7}, {5, 6}, {1, 3}], [{8, 4}, {2, 7}, {6}, {5}, {1, 3}], [{8, 4}, {3, 7}, {1, 6}, {2, 5}], [{8, 4}, {3, 7}, {2, 6}, {1, 5}], [{8, 4}, {3, 7}, {5, 6}, {1, 2}], [{8, 4}, {5, 7}, {1, 6}, {2, 3}], [{8, 4}, {5, 7}, {2, 6}, {1, 3}], [{8, 4}, {5, 7}, {3, 6}, {1, 2}], [{8, 4}, {6, 7}, {1, 5}, {2, 3}], [{8, 4}, {6, 7}, {2, 5}, {1, 3}], [{8, 4}, {6, 7}, {3, 5}, {1, 2}], [{8, 4}, {6, 7}, {3, 5}, {2}, {1}], [{8, 4}, {7}, {5, 6}, {1, 3}, {2}], [{8, 5}, {1, 7}, {2, 6}, {3, 4}], [{8, 5}, {1, 7}, {3, 6}, {2, 4}], [{8, 5}, {1, 7}, {4, 6}, {2, 3}], [{8, 5}, {1, 7}, {4, 6}, {3}, {2}], [{8, 5}, {2, 7}, {1, 6}, {3, 4}], [{8, 5}, {2, 7}, {1, 6}, {4}, {3}], [{8, 5}, {2, 7}, {3, 6}, {1, 4}], [{8, 5}, {2, 7}, {3, 6}, {4}, {1}], [{8, 5}, {2, 7}, {4, 6}, {1, 3}], [{8, 5}, {2, 7}, {6}, {4}, {1, 3}], [{8, 5}, {3, 7}, {1, 6}, {2, 4}], [{8, 5}, {3, 7}, {2, 6}, {1, 4}], [{8, 5}, {3, 7}, {2, 6}, {4}, {1}], [{8, 5}, {3, 7}, {4, 6}, {1, 2}], [{8, 5}, {4, 7}, {1, 6}, {2, 3}], [{8, 5}, {4, 7}, {1, 6}, {3}, {2}], [{8, 5}, {4, 7}, {2, 6}, {1, 3}], [{8, 5}, {4, 7}, {3, 6}, {1, 2}], [{8, 5}, {4, 7}, {3, 6}, {2}, {1}], [{8, 5}, {4, 7}, {6}, {1, 3}, {2}], [{8, 5}, {6, 7}, {1, 4}, {2, 3}], [{8, 5}, {6, 7}, {2, 4}, {1, 3}], [{8, 5}, {6, 7}, {3, 4}, {1, 2}], [{8, 5}, {7}, {1, 6}, {2, 4}, {3}], [{8, 5}, {7}, {3, 6}, {2, 4}, {1}], [{8, 5}, {7}, {6}, {2, 4}, {1, 3}], [{8, 5}, {7}, {6}, {3, 4}, {1, 2}], [{8, 6}, {1, 7}, {2, 5}, {3, 4}], [{8, 6}, {1, 7}, {3, 5}, {2, 4}], [{8, 6}, {1, 7}, {3, 5}, {4}, {2}], [{8, 6}, {1, 7}, {4, 5}, {2, 3}], [{8, 6}, {2, 7}, {1, 5}, {3, 4}], [{8, 6}, {2, 7}, {3, 5}, {1, 4}], [{8, 6}, {2, 7}, {4, 5}, {1, 3}], [{8, 6}, {2, 7}, {5}, {4}, {1, 3}], [{8, 6}, {3, 7}, {1, 5}, {2, 4}], [{8, 6}, {3, 7}, {2, 5}, {1, 4}], [{8, 6}, {3, 7}, {4, 5}, {1, 2}], [{8, 6}, {4, 7}, {1, 5}, {2, 3}], [{8, 6}, {4, 7}, {2, 5}, {1, 3}], [{8, 6}, {4, 7}, {3, 5}, {1, 2}], [{8, 6}, {5, 7}, {1, 4}, {2, 3}], [{8, 6}, {5, 7}, {2, 4}, {1, 3}], [{8, 6}, {5, 7}, {3, 4}, {1, 2}], [{8, 6}, {7}, {5}, {3, 4}, {1, 2}], [{8, 7}, {1, 6}, {2, 5}, {3, 4}], [{8, 7}, {1, 6}, {3, 5}, {2, 4}], [{8, 7}, {1, 6}, {4, 5}, {2, 3}], [{8, 7}, {2, 6}, {1, 5}, {3, 4}], [{8, 7}, {2, 6}, {3, 5}, {1, 4}], [{8, 7}, {2, 6}, {4, 5}, {1, 3}], [{8, 7}, {3, 6}, {1, 5}, {2, 4}], [{8, 7}, {3, 6}, {2, 5}, {1, 4}], [{8, 7}, {3, 6}, {4, 5}, {1, 2}], [{8, 7}, {4, 6}, {1, 5}, {2, 3}], [{8, 7}, {4, 6}, {2, 5}, {1, 3}], [{8, 7}, {4, 6}, {3, 5}, {1, 2}], [{8, 7}, {5, 6}, {1, 4}, {2, 3}], [{8, 7}, {5, 6}, {2, 4}, {1, 3}], [{8, 7}, {5, 6}, {3, 4}, {1, 2}], [{8, 7}, {6}, {1, 5}, {2, 4}, {3}], [{8, 7}, {6}, {1, 5}, {3, 4}, {2}], [{8, 7}, {6}, {1, 5}, {4}, {2, 3}], [{8, 7}, {6}, {2, 5}, {1, 4}, {3}], [{8, 7}, {6}, {3, 5}, {1, 4}, {2}], [{8, 7}, {6}, {4, 5}, {1, 3}, {2}], [{8, 7}, {6}, {4, 5}, {2, 3}, {1}], [{8, 7}, {6}, {4, 5}, {3}, {1, 2}], [{8, 7}, {6}, {5}, {1, 4}, {2, 3}], [{8}, {1, 7}, {4, 6}, {5}, {2, 3}], [{8}, {1, 7}, {6}, {3, 5}, {2, 4}], [{8}, {2, 7}, {4, 6}, {5}, {1, 3}], [{8}, {2, 7}, {5, 6}, {4}, {1, 3}], [{8}, {2, 7}, {6}, {4, 5}, {1, 3}], [{8}, {2, 7}, {6}, {5}, {4}, {1, 3}], [{8}, {3, 7}, {1, 6}, {4, 5}, {2}], [{8}, {3, 7}, {5, 6}, {4}, {1, 2}], [{8}, {3, 7}, {6}, {1, 5}, {2, 4}], [{8}, {4, 7}, {1, 6}, {2, 5}, {3}], [{8}, {4, 7}, {1, 6}, {3, 5}, {2}], [{8}, {4, 7}, {1, 6}, {5}, {2, 3}], [{8}, {4, 7}, {1, 6}, {5}, {3}, {2}], [{8}, {4, 7}, {2, 6}, {1, 5}, {3}], [{8}, {4, 7}, {5, 6}, {3}, {1, 2}], [{8}, {5, 7}, {1, 6}, {3, 4}, {2}], [{8}, {5, 7}, {2, 6}, {1, 4}, {3}], [{8}, {5, 7}, {4, 6}, {1, 3}, {2}], [{8}, {7}, {4, 6}, {2, 5}, {1, 3}], [{8}, {7}, {4, 6}, {3, 5}, {1, 2}], [{8}, {7}, {5, 6}, {3, 4}, {1, 2}]]",2,8 K_1^2 K_2 - 10 K_1^2 - 2 K_1 K_2 - 4 K_1 K_3 + K_1 + 3 K_2 + K_3 + 4,O1O2O3O4U3U5O6U4O7O8U1U6U8U7O5U2,O1O2O3O4U2U1O5U3O6O7U5U7U8U4O8U6,O1O2O3O4U5O6U1U6U7U8O7O5U2O8U4U3,c,{'O1O2O3O4U3O5U6U7U8U4O7O6U1O8U5U2'},1,"<a href=""/flatknot/8.733978"">8.733978</a>",t^9-80t^7-226t^6+328t^5+1158t^4+643t^3-230t^2-216t-34,-t^3+t^2+t,,
8.733979,O1O2O3O4U3O5U6U7U8U4O7O6U2O8U1U5,4,2z^3+31z^2+110z+113,2w^4z^3+31w^3z^2+110w^2z+113w,False,False,"[[ 0 -1  0 -1  3  3 -2 -2  0],[ 1  0  1 -1  4  3 -1 -1  1],[ 0 -1  0 -1  3  1 -1 -1  1],[ 1  1  1  0  1  1  0  0  0],[-3 -4 -3 -1  0 -2 -2 -3 -1],[-3 -3 -1 -1  2  0 -4 -4 -1],[ 2  1  1  0  2  4  0  0  0],[ 2  1  1  0  3  4  0  0  1],[ 0 -1 -1  0  1  1  0 -1  0]]","[[ 0  3  3  0  0 -1 -1 -2 -2],[-3  0  2 -1 -1 -1 -3 -4 -4],[-3 -2  0 -1 -3 -1 -4 -2 -3],[ 0  1  1  0 -1  0 -1  0 -1],[ 0  1  3  1  0 -1 -1 -1 -1],[ 1  1  1  0  1  0  1  0  0],[ 1  3  4  1  1 -1  0 -1 -1],[ 2  4  2  0  1  0  1  0  0],[ 2  4  3  1  1  0  1  0  0]]",True,"[-3,-3,0,0,1,1,2,2,-2,1,1,1,3,4,4,1,3,1,4,2,3,1,0,1,0,1,1,1,1,1,-1,0,0,1,1,0]","[-3,-3,0,0,1,1,2,2,-2,0,2,0,3,2,3,2,2,1,3,1,1,1,0,0,1,1,0,1,1,2,-1,0,0,1,1,0]",t^8+98t^6+470t^4+118t^2+1,"[-2,-2,-1,-1,0,0,3,3,0,0,1,1,1,1,2,0,1,1,2,1,3,1,0,0,1,0,0,1,3,3,-1,2,0,2,2,-2]","[-3,-3,0,0,1,1,2,2,-2,0,2,0,3,2,3,2,2,1,3,1,1,1,0,0,1,1,0,1,1,2,-1,0,0,1,1,0]","[-2,-2,-1,-1,0,0,3,3,0,0,1,0,1,2,4,0,1,1,1,3,4,1,0,1,1,1,1,1,4,3,-1,1,1,3,1,-2]",c,"[[{8, 2}, {3, 7}, {1, 6}, {4, 5}]]",1,4 K_1^2 K_2 - 14 K_1^2 - 12 K_1 K_2 - 2 K_1 K_3 + 6 K_1 - 2 K_2^2 + 6 K_2 + 6 K_3 + K_4 + 8,O1O2O3O4U5U4O6U3O7O8U1U6U8U7O5U2,O1O2O3O4U2U1O5U3O6O7U6U5U8U4O8U7,O1O2O3O4U5O6U1U6U7U8O5O8U2O7U4U3,c,{'O1O2O3O4U3O5U6U7U8U4O7O6U2O8U1U5'},1,"<a href=""/flatknot/8.733979"">8.733979</a>",t^9-90t^7-356t^6-82t^5+828t^4+667t^3-220t^2-254t-4,-2t^3+2t^2+2t,,
8.733980,O1O2O3O4U3O5U6U7U1U2O8O6U4O7U5U8,3,7z^2+44z+61,7w^3z^2+44w^2z+61w,False,False,"[[ 0 -1  1 -1  2  2 -2 -1  0],[ 1  0  1  0  2  1  0  0  0],[-1 -1  0  0  1  0 -1 -1  0],[ 1  0  0  0  1  1  1  0  1],[-2 -2 -1 -1  0  0 -2 -1  0],[-2 -1  0 -1  0  0 -3 -1 -1],[ 2  0  1 -1  2  3  0  0  1],[ 1  0  1  0  1  1  0  0  0],[ 0  0  0 -1  0  1 -1  0  0]]","[[ 0  2  2  1  0 -1 -1 -1 -2],[-2  0  0  0 -1 -1 -1 -1 -3],[-2  0  0 -1  0 -1 -1 -2 -2],[-1  0  1  0  0  0 -1 -1 -1],[ 0  1  0  0  0 -1  0  0 -1],[ 1  1  1  0  1  0  0  0  1],[ 1  1  1  1  0  0  0  0  0],[ 1  1  2  1  0  0  0  0  0],[ 2  3  2  1  1 -1  0  0  0]]",True,"[-2,-2,-1,0,1,1,1,2,0,0,1,1,1,1,3,1,0,1,1,2,2,0,0,1,1,1,1,0,0,1,0,0,-1,0,0,0]","[-2,-2,-1,0,1,1,1,2,0,0,1,1,1,1,3,1,0,1,1,2,2,0,0,1,1,1,1,0,0,1,0,0,-1,0,0,0]",t^8+30t^6+97t^4+16t^2,"[-2,-1,-1,-1,0,1,2,2,1,1,2,1,2,1,2,0,0,1,1,2,1,0,1,1,2,2,0,2,2,2,1,1,2,1,0,0]","[-2,-2,-1,0,1,1,1,2,0,0,2,1,2,2,2,1,1,2,2,2,1,1,1,1,2,2,1,1,0,1,0,0,1,0,1,2]","[-2,-1,-1,-1,0,1,2,2,-1,0,0,1,1,2,3,0,0,1,0,1,1,0,0,1,1,1,0,1,2,1,0,0,1,1,0,0]",c,"[[{8, 1}, {6, 7}, {2, 5}, {3, 4}], [{8, 2}, {6, 7}, {3, 5}, {1, 4}], [{8, 2}, {7}, {6}, {3, 5}, {1, 4}], [{8, 3}, {6, 7}, {2, 5}, {1, 4}], [{8, 3}, {7}, {6}, {2, 5}, {1, 4}], [{8, 4}, {5, 7}, {2, 6}, {1, 3}], [{8, 4}, {5, 7}, {2, 6}, {3}, {1}]]",1,- 18 K_1^2 + 9 K_2 + 10,O1O2O3O4U5U6O7U1O8O5U3U4U7U8O6U2,O1O2O3O4U5U1O6U2O7O5U3U4U8U6O8U7,O1O2O3O4U5O6U7U6U1U2O8O5U3O7U4U8,c,"{'O1O2O3O4U3O5U6U7U1U2O8O6U4O7U5U8', 'O1O2O3O4U5U2O6U7U1O5U3O8U4O7U8U6', 'O1O2O3O4U3U5O6U7U1U2O5O8U4O7U8U6'}",3,"<a href=""/flatknot/8.733980"">8.733980</a>",t^9-28t^7-30t^6+74t^5+112t^4+28t^3-8t^2,-t^2+2t,,
8.733981,O1O2O3O4U3O5U6U7U1U2O8O6U4O7U8U5,4,6z^3+43z^2+94z+65,6w^4z^3-8w^4z^2+51w^3z^2-8w^3z+102w^2z+65w,False,False,"[[ 0 -1  1 -1  2  3 -2 -1 -1],[ 1  0  1  0  2  1  0  0 -1],[-1 -1  0  0  1  0 -1 -1 -1],[ 1  0  0  0  1  1  1  0  1],[-2 -2 -1 -1  0  1 -2 -1 -1],[-3 -1  0 -1 -1  0 -3 -1 -2],[ 2  0  1 -1  2  3  0  0  0],[ 1  0  1  0  1  1  0  0 -1],[ 1  1  1 -1  1  2  0  1  0]]","[[ 0  3  2  1 -1 -1 -1 -1 -2],[-3  0 -1  0 -1 -1 -1 -2 -3],[-2  1  0 -1 -1 -1 -2 -1 -2],[-1  0  1  0  0 -1 -1 -1 -1],[ 1  1  1  0  0  0  0  1  1],[ 1  1  1  1  0  0  0 -1  0],[ 1  1  2  1  0  0  0 -1  0],[ 1  2  1  1 -1  1  1  0  0],[ 2  3  2  1 -1  0  0  0  0]]",True,"[-3,-2,-1,1,1,1,1,2,1,0,1,1,1,2,3,1,1,1,2,1,2,0,1,1,1,1,0,0,-1,-1,0,1,0,1,0,0]","[-3,-2,-1,1,1,1,1,2,0,2,2,3,3,3,2,0,2,1,2,2,2,1,1,1,2,2,1,1,-1,1,0,0,1,0,1,2]",t^8+37t^6+168t^4+47t^2,"[-2,-1,-1,-1,-1,1,2,3,1,1,1,2,2,2,2,-1,-1,1,1,2,2,0,0,1,1,3,0,1,2,3,2,2,3,0,2,0]","[-3,-2,-1,1,1,1,1,2,0,2,2,3,3,3,2,0,2,1,2,2,2,1,1,1,2,2,1,1,-1,1,0,0,1,0,1,2]","[-2,-1,-1,-1,-1,1,2,3,-1,0,0,0,1,2,3,0,0,1,0,1,1,0,-1,1,1,1,-1,1,2,1,1,1,2,1,0,1]",c,"[[{8, 1}, {2, 7}, {3, 6}, {4, 5}], [{8, 1}, {2, 7}, {4, 6}, {3, 5}], [{8, 1}, {2, 7}, {5, 6}, {3, 4}], [{8, 1}, {2, 7}, {6}, {3, 5}, {4}], [{8, 1}, {3, 7}, {2, 6}, {4, 5}], [{8, 1}, {3, 7}, {4, 6}, {2, 5}], [{8, 1}, {3, 7}, {5, 6}, {2, 4}], [{8, 1}, {3, 7}, {6}, {2, 5}, {4}], [{8, 1}, {3, 7}, {6}, {4, 5}, {2}], [{8, 1}, {3, 7}, {6}, {5}, {2, 4}], [{8, 1}, {4, 7}, {2, 6}, {3, 5}], [{8, 1}, {4, 7}, {3, 6}, {2, 5}], [{8, 1}, {4, 7}, {5, 6}, {2, 3}], [{8, 1}, {4, 7}, {6}, {3, 5}, {2}], [{8, 1}, {5, 7}, {2, 6}, {3, 4}], [{8, 1}, {5, 7}, {3, 6}, {2, 4}], [{8, 1}, {5, 7}, {4, 6}, {2, 3}], [{8, 1}, {5, 7}, {6}, {2, 4}, {3}], [{8, 1}, {6, 7}, {2, 5}, {3, 4}], [{8, 1}, {6, 7}, {3, 5}, {2, 4}], [{8, 1}, {6, 7}, {4, 5}, {2, 3}], [{8, 1}, {7}, {5, 6}, {4}, {2, 3}], [{8, 1}, {7}, {6}, {3, 5}, {2, 4}], [{8, 2}, {1, 7}, {3, 6}, {4, 5}], [{8, 2}, {1, 7}, {4, 6}, {3, 5}], [{8, 2}, {1, 7}, {5, 6}, {3, 4}], [{8, 2}, {1, 7}, {6}, {3, 5}, {4}], [{8, 2}, {3, 7}, {1, 6}, {4, 5}], [{8, 2}, {3, 7}, {4, 6}, {1, 5}], [{8, 2}, {3, 7}, {4, 6}, {5}, {1}], [{8, 2}, {3, 7}, {5, 6}, {1, 4}], [{8, 2}, {4, 7}, {1, 6}, {3, 5}], [{8, 2}, {4, 7}, {3, 6}, {1, 5}], [{8, 2}, {4, 7}, {5, 6}, {1, 3}], [{8, 2}, {4, 7}, {6}, {1, 5}, {3}], [{8, 2}, {4, 7}, {6}, {3, 5}, {1}], [{8, 2}, {4, 7}, {6}, {5}, {1, 3}], [{8, 2}, {5, 7}, {1, 6}, {3, 4}], [{8, 2}, {5, 7}, {1, 6}, {4}, {3}], [{8, 2}, {5, 7}, {3, 6}, {1, 4}], [{8, 2}, {5, 7}, {4, 6}, {1, 3}], [{8, 2}, {6, 7}, {1, 5}, {3, 4}], [{8, 2}, {6, 7}, {3, 5}, {1, 4}], [{8, 2}, {6, 7}, {4, 5}, {1, 3}], [{8, 2}, {7}, {3, 6}, {1, 5}, {4}], [{8, 2}, {7}, {6}, {3, 5}, {1, 4}], [{8, 3}, {1, 7}, {2, 6}, {4, 5}], [{8, 3}, {1, 7}, {4, 6}, {2, 5}], [{8, 3}, {1, 7}, {5, 6}, {2, 4}], [{8, 3}, {2, 7}, {1, 6}, {4, 5}], [{8, 3}, {2, 7}, {4, 6}, {1, 5}], [{8, 3}, {2, 7}, {5, 6}, {1, 4}], [{8, 3}, {2, 7}, {5, 6}, {4}, {1}], [{8, 3}, {4, 7}, {1, 6}, {2, 5}], [{8, 3}, {4, 7}, {2, 6}, {1, 5}], [{8, 3}, {4, 7}, {5, 6}, {1, 2}], [{8, 3}, {5, 7}, {1, 6}, {2, 4}], [{8, 3}, {5, 7}, {2, 6}, {1, 4}], [{8, 3}, {5, 7}, {4, 6}, {1, 2}], [{8, 3}, {6, 7}, {1, 5}, {2, 4}], [{8, 3}, {6, 7}, {2, 5}, {1, 4}], [{8, 3}, {6, 7}, {4, 5}, {1, 2}], [{8, 3}, {7}, {1, 6}, {5}, {2, 4}], [{8, 3}, {7}, {6}, {2, 5}, {1, 4}], [{8, 4}, {1, 7}, {2, 6}, {3, 5}], [{8, 4}, {1, 7}, {3, 6}, {2, 5}], [{8, 4}, {1, 7}, {5, 6}, {2, 3}], [{8, 4}, {1, 7}, {6}, {3, 5}, {2}], [{8, 4}, {2, 7}, {1, 6}, {3, 5}], [{8, 4}, {2, 7}, {1, 6}, {5}, {3}], [{8, 4}, {2, 7}, {3, 6}, {1, 5}], [{8, 4}, {2, 7}, {5, 6}, {1, 3}], [{8, 4}, {2, 7}, {6}, {3, 5}, {1}], [{8, 4}, {3, 7}, {1, 6}, {2, 5}], [{8, 4}, {3, 7}, {2, 6}, {1, 5}], [{8, 4}, {3, 7}, {2, 6}, {5}, {1}], [{8, 4}, {3, 7}, {5, 6}, {1, 2}], [{8, 4}, {5, 7}, {1, 6}, {2, 3}], [{8, 4}, {5, 7}, {2, 6}, {1, 3}], [{8, 4}, {5, 7}, {3, 6}, {1, 2}], [{8, 4}, {6, 7}, {1, 5}, {2, 3}], [{8, 4}, {6, 7}, {2, 5}, {1, 3}], [{8, 4}, {6, 7}, {3, 5}, {1, 2}], [{8, 4}, {7}, {3, 6}, {5}, {1, 2}], [{8, 4}, {7}, {5, 6}, {1, 3}, {2}], [{8, 4}, {7}, {5, 6}, {2, 3}, {1}], [{8, 4}, {7}, {5, 6}, {3}, {1, 2}], [{8, 4}, {7}, {6}, {3, 5}, {1, 2}], [{8, 5}, {1, 7}, {2, 6}, {3, 4}], [{8, 5}, {1, 7}, {3, 6}, {2, 4}], [{8, 5}, {1, 7}, {4, 6}, {2, 3}], [{8, 5}, {2, 7}, {1, 6}, {3, 4}], [{8, 5}, {2, 7}, {3, 6}, {1, 4}], [{8, 5}, {2, 7}, {4, 6}, {1, 3}], [{8, 5}, {3, 7}, {1, 6}, {2, 4}], [{8, 5}, {3, 7}, {2, 6}, {1, 4}], [{8, 5}, {3, 7}, {4, 6}, {1, 2}], [{8, 5}, {3, 7}, {6}, {1, 4}, {2}], [{8, 5}, {4, 7}, {1, 6}, {2, 3}], [{8, 5}, {4, 7}, {2, 6}, {1, 3}], [{8, 5}, {4, 7}, {3, 6}, {1, 2}], [{8, 5}, {6, 7}, {1, 4}, {2, 3}], [{8, 5}, {6, 7}, {2, 4}, {1, 3}], [{8, 5}, {6, 7}, {3, 4}, {1, 2}], [{8, 5}, {7}, {2, 6}, {1, 4}, {3}], [{8, 5}, {7}, {2, 6}, {3, 4}, {1}], [{8, 5}, {7}, {2, 6}, {4}, {1, 3}], [{8, 6}, {1, 7}, {2, 5}, {3, 4}], [{8, 6}, {1, 7}, {3, 5}, {2, 4}], [{8, 6}, {1, 7}, {4, 5}, {2, 3}], [{8, 6}, {2, 7}, {1, 5}, {3, 4}], [{8, 6}, {2, 7}, {3, 5}, {1, 4}], [{8, 6}, {2, 7}, {4, 5}, {1, 3}], [{8, 6}, {3, 7}, {1, 5}, {2, 4}], [{8, 6}, {3, 7}, {2, 5}, {1, 4}], [{8, 6}, {3, 7}, {4, 5}, {1, 2}], [{8, 6}, {3, 7}, {5}, {2, 4}, {1}], [{8, 6}, {4, 7}, {1, 5}, {2, 3}], [{8, 6}, {4, 7}, {2, 5}, {1, 3}], [{8, 6}, {4, 7}, {3, 5}, {1, 2}], [{8, 6}, {4, 7}, {5}, {1, 3}, {2}], [{8, 6}, {5, 7}, {1, 4}, {2, 3}], [{8, 6}, {5, 7}, {2, 4}, {1, 3}], [{8, 6}, {5, 7}, {3, 4}, {1, 2}], [{8, 7}, {1, 6}, {2, 5}, {3, 4}], [{8, 7}, {1, 6}, {3, 5}, {2, 4}], [{8, 7}, {1, 6}, {3, 5}, {4}, {2}], [{8, 7}, {1, 6}, {4, 5}, {2, 3}], [{8, 7}, {1, 6}, {5}, {2, 4}, {3}], [{8, 7}, {2, 6}, {1, 5}, {3, 4}], [{8, 7}, {2, 6}, {3, 5}, {1, 4}], [{8, 7}, {2, 6}, {3, 5}, {4}, {1}], [{8, 7}, {2, 6}, {4, 5}, {1, 3}], [{8, 7}, {2, 6}, {5}, {1, 4}, {3}], [{8, 7}, {3, 6}, {1, 5}, {2, 4}], [{8, 7}, {3, 6}, {2, 5}, {1, 4}], [{8, 7}, {3, 6}, {4, 5}, {1, 2}], [{8, 7}, {3, 6}, {5}, {4}, {1, 2}], [{8, 7}, {4, 6}, {1, 5}, {2, 3}], [{8, 7}, {4, 6}, {2, 5}, {1, 3}], [{8, 7}, {4, 6}, {3, 5}, {1, 2}], [{8, 7}, {4, 6}, {3, 5}, {2}, {1}], [{8, 7}, {5, 6}, {1, 4}, {2, 3}], [{8, 7}, {5, 6}, {2, 4}, {1, 3}], [{8, 7}, {5, 6}, {3, 4}, {1, 2}], [{8, 7}, {5, 6}, {4}, {3}, {1, 2}], [{8, 7}, {6}, {3, 5}, {1, 4}, {2}], [{8, 7}, {6}, {3, 5}, {2, 4}, {1}], [{8, 7}, {6}, {3, 5}, {4}, {1, 2}], [{8, 7}, {6}, {3, 5}, {4}, {2}, {1}], [{8}, {1, 7}, {6}, {3, 5}, {2, 4}], [{8}, {2, 7}, {3, 6}, {4, 5}, {1}], [{8}, {2, 7}, {6}, {3, 5}, {1, 4}], [{8}, {3, 7}, {1, 6}, {5}, {2, 4}], [{8}, {3, 7}, {2, 6}, {1, 5}, {4}], [{8}, {4, 7}, {2, 6}, {5}, {1, 3}], [{8}, {4, 7}, {3, 6}, {5}, {1, 2}], [{8}, {4, 7}, {5, 6}, {3}, {1, 2}], [{8}, {4, 7}, {6}, {3, 5}, {1, 2}], [{8}, {5, 7}, {2, 6}, {1, 4}, {3}], [{8}, {7}, {5, 6}, {1, 4}, {2, 3}]]",2,- 16 K_1^4 + 4 K_1^3 + 8 K_1^2 K_2 + 4 K_1^2 - 2 K_1 K_2 - 2 K_1 + 2 K_2 + 3,O1O2O3O4U5U6O7U1O8O6U3U4U7U8O5U2,O1O2O3O4U5U1O6U2O5O7U3U4U8U6O8U7,O1O2O3O4U5O6U7U6U1U2O5O8U3O7U4U8,c,{'O1O2O3O4U3O5U6U7U1U2O8O6U4O7U8U5'},1,"<a href=""/flatknot/8.733981"">8.733981</a>",t^9-31t^7-64t^6+24t^5+96t^4+84t^3+38t^2-18t-4,-t^3+3t,,
8.733982,O1O2O3O4U3O5U6U7U1U4O8O6U2O7U5U8,4,12z^2+65z+83,12w^3z^2+65w^2z+83w,False,False,"[[ 0 -1  0 -1  3  2 -2 -1  0],[ 1  0  1  0  2  1  0  0  0],[ 0 -1  0 -1  2  1 -1  0  0],[ 1  0  1  0  1  1  0  0  0],[-3 -2 -2 -1  0 -1 -3 -2 -1],[-2 -1 -1 -1  1  0 -3 -1 -1],[ 2  0  1  0  3  3  0  0  1],[ 1  0  0  0  2  1  0  0  0],[ 0  0  0  0  1  1 -1  0  0]]","[[ 0  3  2  0  0 -1 -1 -1 -2],[-3  0 -1 -1 -2 -1 -2 -2 -3],[-2  1  0 -1 -1 -1 -1 -1 -3],[ 0  1  1  0  0  0  0  0 -1],[ 0  2  1  0  0 -1  0 -1 -1],[ 1  1  1  0  1  0  0  0  0],[ 1  2  1  0  0  0  0  0  0],[ 1  2  1  0  1  0  0  0  0],[ 2  3  3  1  1  0  0  0  0]]",True,"[-3,-2,0,0,1,1,1,2,1,1,2,1,2,2,3,1,1,1,1,1,3,0,0,0,0,1,1,0,1,1,0,0,0,0,0,0]","[-3,-2,0,0,1,1,1,2,0,1,2,2,2,3,2,1,1,2,2,2,1,0,0,1,0,1,1,1,1,1,0,0,1,0,1,1]",t^8+42t^6+77t^4+35t^2+1,"[-2,-1,-1,-1,0,0,2,3,1,1,1,1,1,1,2,0,0,0,1,2,2,0,0,1,2,3,1,1,2,2,0,1,1,1,2,0]","[-3,-2,0,0,1,1,1,2,0,1,2,2,2,3,2,1,1,2,2,2,1,0,0,1,0,1,1,1,1,1,0,0,1,0,1,1]","[-2,-1,-1,-1,0,0,2,3,0,0,0,1,1,3,3,0,0,0,0,1,2,0,0,1,1,1,0,1,1,2,0,1,1,1,2,1]",c,"[[{8, 3}, {5, 7}, {2, 6}, {1, 4}], [{8, 7}, {2, 6}, {3, 5}, {1, 4}]]",1,- 12 K_1^2 - 10 K_1 K_2 + 5 K_1 + 6 K_2 + 5 K_3 + 7,O1O2O3O4U5U6O7U3O8O5U1U4U7U8O6U2,O1O2O3O4U5U1O6U2O7O5U3U6U8U4O8U7,O1O2O3O4U5O6U1U6U7U2O8O5U3O7U4U8,c,"{'O1O2O3O4U3O5U6U7U1U4O8O6U2O7U5U8', 'O1O2O3O4U3U5O6U7U1U4O5O8U2O7U8U6'}",2,"<a href=""/flatknot/8.733982"">8.733982</a>",t^9-36t^7-68t^6+47t^5+94t^4-29t^3-22t^2+16t+2,-t^3+3t,,
8.733983,O1O2O3O4U3O5U6U7U1U4O8O6U2O7U8U5,4,2z^3+24z^2+87z+95,2w^4z^3+24w^3z^2+87w^2z+95w,False,False,"[[ 0 -1  0 -1  3  3 -2 -1 -1],[ 1  0  1  0  2  1  0  0 -1],[ 0 -1  0 -1  2  2 -1  0 -1],[ 1  0  1  0  1  1  0  0  0],[-3 -2 -2 -1  0 -1 -3 -2 -2],[-3 -1 -2 -1  1  0 -3 -1 -2],[ 2  0  1  0  3  3  0  0  0],[ 1  0  0  0  2  1  0  0 -1],[ 1  1  1  0  2  2  0  1  0]]","[[ 0  3  3  0 -1 -1 -1 -1 -2],[-3  0  1 -2 -1 -1 -1 -2 -3],[-3 -1  0 -2 -1 -2 -2 -2 -3],[ 0  2  2  0 -1  0 -1 -1 -1],[ 1  1  1  1  0  0  0  0  0],[ 1  1  2  0  0  0  0 -1  0],[ 1  1  2  1  0  0  0 -1  0],[ 1  2  2  1  0  1  1  0  0],[ 2  3  3  1  0  0  0  0  0]]",True,"[-3,-3,0,1,1,1,1,2,-1,2,1,1,1,2,3,2,1,2,2,2,3,1,0,1,1,1,0,0,0,0,0,1,0,1,0,0]","[-3,-3,0,1,1,1,1,2,-1,1,2,2,2,3,2,1,2,3,3,3,2,0,0,1,0,1,1,1,0,1,0,0,1,0,1,1]",t^8+53t^6+130t^4+63t^2,"[-2,-1,-1,-1,-1,0,3,3,1,1,1,1,1,2,2,-1,-1,0,0,2,2,0,0,0,2,3,0,1,2,3,0,3,3,1,1,1]","[-3,-3,0,1,1,1,1,2,-1,1,2,2,2,3,2,1,2,3,3,3,2,0,0,1,0,1,1,1,0,1,0,0,1,0,1,1]","[-2,-1,-1,-1,-1,0,3,3,0,0,0,0,1,3,3,-1,0,0,0,1,2,0,1,1,2,2,0,1,1,1,1,1,2,2,2,1]",c,"[[{8, 4}, {6, 7}, {1, 5}, {2, 3}], [{8, 4}, {6, 7}, {3, 5}, {1, 2}]]",1,8 K_1^3 - 14 K_1^2 - 16 K_1 K_2 - 4 K_1 K_3 + 2 K_1 + 9 K_2 + 6 K_3 + 2 K_4 + 8,O1O2O3O4U5U6O7U3O8O6U1U4U7U8O5U2,O1O2O3O4U5U1O6U2O5O7U3U6U8U4O8U7,O1O2O3O4U5O6U1U6U7U2O5O8U3O7U4U8,c,{'O1O2O3O4U3O5U6U7U1U4O8O6U2O7U8U5'},1,"<a href=""/flatknot/8.733983"">8.733983</a>",t^9-43t^7-116t^6-5t^5+146t^4-12t^3-28t^2+28t+2,-2t^3+t^2+4t,,
8.733984,O1O2O3O4U3O5U6U7U2U1O8O6U4O7U8U5,4,7z^3+51z^2+115z+83,7w^4z^3+51w^3z^2+115w^2z+83w,False,False,"[[ 0  0  0 -1  2  3 -2 -1 -1],[ 0  0  0  0  2  1 -1 -1 -1],[ 0  0  0  0  1  0  0  0 -1],[ 1  0  0  0  1  1  1  0  1],[-2 -2 -1 -1  0  1 -2 -1 -1],[-3 -1  0 -1 -1  0 -3 -1 -2],[ 2  1  0 -1  2  3  0  0  0],[ 1  1  0  0  1  1  0  0 -1],[ 1  1  1 -1  1  2  0  1  0]]","[[ 0  3  2  0  0 -1 -1 -1 -2],[-3  0 -1  0 -1 -1 -1 -2 -3],[-2  1  0 -1 -2 -1 -1 -1 -2],[ 0  0  1  0  0  0  0 -1  0],[ 0  1  2  0  0  0 -1 -1 -1],[ 1  1  1  0  0  0  0  1  1],[ 1  1  1  0  1  0  0 -1  0],[ 1  2  1  1  1 -1  1  0  0],[ 2  3  2  0  1 -1  0  0  0]]",True,"[-3,-2,0,0,1,1,1,2,1,0,1,1,1,2,3,1,2,1,1,1,2,0,0,0,1,0,0,1,1,1,0,-1,-1,1,0,0]","[-3,-2,0,0,1,1,1,2,0,2,3,2,3,3,2,0,1,2,2,2,2,0,0,0,1,1,0,1,1,2,1,-1,1,0,1,2]",t^8+36t^6+172t^4+108t^2+4,"[-2,-1,-1,-1,0,0,2,3,1,1,2,1,2,2,2,-1,1,0,0,2,2,0,0,1,2,3,1,1,2,3,0,0,2,1,3,0]","[-3,-2,0,0,1,1,1,2,0,2,3,2,3,3,2,0,1,2,2,2,2,0,0,0,1,1,0,1,1,2,1,-1,1,0,1,2]","[-2,-1,-1,-1,0,0,2,3,-1,0,0,0,1,2,3,0,1,0,0,1,1,-1,0,1,1,1,1,1,1,2,0,1,0,2,1,1]",c,"[[{8, 1}, {2, 7}, {3, 6}, {4, 5}], [{8, 1}, {2, 7}, {4, 6}, {3, 5}], [{8, 1}, {2, 7}, {5, 6}, {3, 4}], [{8, 1}, {2, 7}, {6}, {3, 5}, {4}], [{8, 1}, {3, 7}, {2, 6}, {4, 5}], [{8, 1}, {3, 7}, {4, 6}, {2, 5}], [{8, 1}, {3, 7}, {4, 6}, {5}, {2}], [{8, 1}, {3, 7}, {5, 6}, {2, 4}], [{8, 1}, {4, 7}, {2, 6}, {3, 5}], [{8, 1}, {4, 7}, {3, 6}, {2, 5}], [{8, 1}, {4, 7}, {3, 6}, {5}, {2}], [{8, 1}, {4, 7}, {5, 6}, {2, 3}], [{8, 1}, {4, 7}, {5, 6}, {3}, {2}], [{8, 1}, {4, 7}, {6}, {3, 5}, {2}], [{8, 1}, {5, 7}, {2, 6}, {3, 4}], [{8, 1}, {5, 7}, {2, 6}, {4}, {3}], [{8, 1}, {5, 7}, {3, 6}, {2, 4}], [{8, 1}, {5, 7}, {4, 6}, {2, 3}], [{8, 1}, {6, 7}, {2, 5}, {3, 4}], [{8, 1}, {6, 7}, {3, 5}, {2, 4}], [{8, 1}, {6, 7}, {4, 5}, {2, 3}], [{8, 1}, {7}, {3, 6}, {2, 5}, {4}], [{8, 1}, {7}, {6}, {3, 5}, {2, 4}], [{8, 2}, {1, 7}, {3, 6}, {4, 5}], [{8, 2}, {1, 7}, {4, 6}, {3, 5}], [{8, 2}, {1, 7}, {5, 6}, {3, 4}], [{8, 2}, {1, 7}, {6}, {3, 5}, {4}], [{8, 2}, {3, 7}, {1, 6}, {4, 5}], [{8, 2}, {3, 7}, {4, 6}, {1, 5}], [{8, 2}, {3, 7}, {5, 6}, {1, 4}], [{8, 2}, {3, 7}, {6}, {5}, {1, 4}], [{8, 2}, {4, 7}, {1, 6}, {3, 5}], [{8, 2}, {4, 7}, {3, 6}, {1, 5}], [{8, 2}, {4, 7}, {3, 6}, {5}, {1}], [{8, 2}, {4, 7}, {5, 6}, {1, 3}], [{8, 2}, {4, 7}, {5, 6}, {3}, {1}], [{8, 2}, {4, 7}, {6}, {3, 5}, {1}], [{8, 2}, {5, 7}, {1, 6}, {3, 4}], [{8, 2}, {5, 7}, {3, 6}, {1, 4}], [{8, 2}, {5, 7}, {4, 6}, {1, 3}], [{8, 2}, {5, 7}, {6}, {1, 4}, {3}], [{8, 2}, {6, 7}, {1, 5}, {3, 4}], [{8, 2}, {6, 7}, {3, 5}, {1, 4}], [{8, 2}, {6, 7}, {4, 5}, {1, 3}], [{8, 2}, {7}, {5, 6}, {4}, {1, 3}], [{8, 2}, {7}, {6}, {3, 5}, {1, 4}], [{8, 3}, {1, 7}, {2, 6}, {4, 5}], [{8, 3}, {1, 7}, {4, 6}, {2, 5}], [{8, 3}, {1, 7}, {5, 6}, {2, 4}], [{8, 3}, {2, 7}, {1, 6}, {4, 5}], [{8, 3}, {2, 7}, {1, 6}, {5}, {4}], [{8, 3}, {2, 7}, {4, 6}, {1, 5}], [{8, 3}, {2, 7}, {5, 6}, {1, 4}], [{8, 3}, {4, 7}, {1, 6}, {2, 5}], [{8, 3}, {4, 7}, {2, 6}, {1, 5}], [{8, 3}, {4, 7}, {5, 6}, {1, 2}], [{8, 3}, {4, 7}, {5, 6}, {2}, {1}], [{8, 3}, {5, 7}, {1, 6}, {2, 4}], [{8, 3}, {5, 7}, {2, 6}, {1, 4}], [{8, 3}, {5, 7}, {4, 6}, {1, 2}], [{8, 3}, {5, 7}, {4, 6}, {2}, {1}], [{8, 3}, {6, 7}, {1, 5}, {2, 4}], [{8, 3}, {6, 7}, {2, 5}, {1, 4}], [{8, 3}, {6, 7}, {4, 5}, {1, 2}], [{8, 3}, {6, 7}, {4, 5}, {2}, {1}], [{8, 3}, {7}, {6}, {1, 5}, {2, 4}], [{8, 4}, {1, 7}, {2, 6}, {3, 5}], [{8, 4}, {1, 7}, {3, 6}, {2, 5}], [{8, 4}, {1, 7}, {3, 6}, {5}, {2}], [{8, 4}, {1, 7}, {5, 6}, {2, 3}], [{8, 4}, {1, 7}, {5, 6}, {3}, {2}], [{8, 4}, {1, 7}, {6}, {3, 5}, {2}], [{8, 4}, {2, 7}, {1, 6}, {3, 5}], [{8, 4}, {2, 7}, {3, 6}, {1, 5}], [{8, 4}, {2, 7}, {3, 6}, {5}, {1}], [{8, 4}, {2, 7}, {5, 6}, {1, 3}], [{8, 4}, {2, 7}, {5, 6}, {3}, {1}], [{8, 4}, {2, 7}, {6}, {3, 5}, {1}], [{8, 4}, {3, 7}, {1, 6}, {2, 5}], [{8, 4}, {3, 7}, {1, 6}, {5}, {2}], [{8, 4}, {3, 7}, {2, 6}, {1, 5}], [{8, 4}, {3, 7}, {5, 6}, {1, 2}], [{8, 4}, {3, 7}, {5, 6}, {2}, {1}], [{8, 4}, {3, 7}, {6}, {1, 5}, {2}], [{8, 4}, {5, 7}, {1, 6}, {2, 3}], [{8, 4}, {5, 7}, {1, 6}, {3}, {2}], [{8, 4}, {5, 7}, {2, 6}, {1, 3}], [{8, 4}, {5, 7}, {3, 6}, {1, 2}], [{8, 4}, {5, 7}, {3, 6}, {2}, {1}], [{8, 4}, {5, 7}, {6}, {1, 3}, {2}], [{8, 4}, {6, 7}, {1, 5}, {2, 3}], [{8, 4}, {6, 7}, {1, 5}, {3}, {2}], [{8, 4}, {6, 7}, {2, 5}, {1, 3}], [{8, 4}, {6, 7}, {3, 5}, {1, 2}], [{8, 4}, {6, 7}, {3, 5}, {2}, {1}], [{8, 4}, {6, 7}, {5}, {1, 3}, {2}], [{8, 4}, {7}, {1, 6}, {3, 5}, {2}], [{8, 4}, {7}, {2, 6}, {3, 5}, {1}], [{8, 4}, {7}, {3, 6}, {1, 5}, {2}], [{8, 4}, {7}, {3, 6}, {2, 5}, {1}], [{8, 4}, {7}, {3, 6}, {5}, {1, 2}], [{8, 4}, {7}, {3, 6}, {5}, {2}, {1}], [{8, 4}, {7}, {5, 6}, {1, 3}, {2}], [{8, 4}, {7}, {5, 6}, {2, 3}, {1}], [{8, 4}, {7}, {5, 6}, {3}, {1, 2}], [{8, 4}, {7}, {5, 6}, {3}, {2}, {1}], [{8, 4}, {7}, {6}, {3, 5}, {1, 2}], [{8, 4}, {7}, {6}, {3, 5}, {2}, {1}], [{8, 5}, {1, 7}, {2, 6}, {3, 4}], [{8, 5}, {1, 7}, {3, 6}, {2, 4}], [{8, 5}, {1, 7}, {4, 6}, {2, 3}], [{8, 5}, {2, 7}, {1, 6}, {3, 4}], [{8, 5}, {2, 7}, {3, 6}, {1, 4}], [{8, 5}, {2, 7}, {4, 6}, {1, 3}], [{8, 5}, {3, 7}, {1, 6}, {2, 4}], [{8, 5}, {3, 7}, {2, 6}, {1, 4}], [{8, 5}, {3, 7}, {4, 6}, {1, 2}], [{8, 5}, {3, 7}, {4, 6}, {2}, {1}], [{8, 5}, {4, 7}, {1, 6}, {2, 3}], [{8, 5}, {4, 7}, {2, 6}, {1, 3}], [{8, 5}, {4, 7}, {3, 6}, {1, 2}], [{8, 5}, {4, 7}, {3, 6}, {2}, {1}], [{8, 5}, {6, 7}, {1, 4}, {2, 3}], [{8, 5}, {6, 7}, {2, 4}, {1, 3}], [{8, 5}, {6, 7}, {3, 4}, {1, 2}], [{8, 5}, {6, 7}, {3, 4}, {2}, {1}], [{8, 5}, {7}, {1, 6}, {2, 4}, {3}], [{8, 6}, {1, 7}, {2, 5}, {3, 4}], [{8, 6}, {1, 7}, {3, 5}, {2, 4}], [{8, 6}, {1, 7}, {4, 5}, {2, 3}], [{8, 6}, {2, 7}, {1, 5}, {3, 4}], [{8, 6}, {2, 7}, {3, 5}, {1, 4}], [{8, 6}, {2, 7}, {4, 5}, {1, 3}], [{8, 6}, {3, 7}, {1, 5}, {2, 4}], [{8, 6}, {3, 7}, {1, 5}, {4}, {2}], [{8, 6}, {3, 7}, {2, 5}, {1, 4}], [{8, 6}, {3, 7}, {4, 5}, {1, 2}], [{8, 6}, {3, 7}, {4, 5}, {2}, {1}], [{8, 6}, {3, 7}, {5}, {1, 4}, {2}], [{8, 6}, {4, 7}, {1, 5}, {2, 3}], [{8, 6}, {4, 7}, {2, 5}, {1, 3}], [{8, 6}, {4, 7}, {3, 5}, {1, 2}], [{8, 6}, {4, 7}, {3, 5}, {2}, {1}], [{8, 6}, {5, 7}, {1, 4}, {2, 3}], [{8, 6}, {5, 7}, {2, 4}, {1, 3}], [{8, 6}, {5, 7}, {3, 4}, {1, 2}], [{8, 6}, {5, 7}, {3, 4}, {2}, {1}], [{8, 7}, {1, 6}, {2, 5}, {3, 4}], [{8, 7}, {1, 6}, {3, 5}, {2, 4}], [{8, 7}, {1, 6}, {3, 5}, {4}, {2}], [{8, 7}, {1, 6}, {4, 5}, {2, 3}], [{8, 7}, {2, 6}, {1, 5}, {3, 4}], [{8, 7}, {2, 6}, {3, 5}, {1, 4}], [{8, 7}, {2, 6}, {3, 5}, {4}, {1}], [{8, 7}, {2, 6}, {4, 5}, {1, 3}], [{8, 7}, {3, 6}, {1, 5}, {2, 4}], [{8, 7}, {3, 6}, {1, 5}, {4}, {2}], [{8, 7}, {3, 6}, {2, 5}, {1, 4}], [{8, 7}, {3, 6}, {2, 5}, {4}, {1}], [{8, 7}, {3, 6}, {4, 5}, {1, 2}], [{8, 7}, {3, 6}, {4, 5}, {2}, {1}], [{8, 7}, {3, 6}, {5}, {1, 4}, {2}], [{8, 7}, {3, 6}, {5}, {2, 4}, {1}], [{8, 7}, {3, 6}, {5}, {4}, {1, 2}], [{8, 7}, {3, 6}, {5}, {4}, {2}, {1}], [{8, 7}, {4, 6}, {1, 5}, {2, 3}], [{8, 7}, {4, 6}, {2, 5}, {1, 3}], [{8, 7}, {4, 6}, {3, 5}, {1, 2}], [{8, 7}, {4, 6}, {3, 5}, {2}, {1}], [{8, 7}, {5, 6}, {1, 4}, {2, 3}], [{8, 7}, {5, 6}, {1, 4}, {3}, {2}], [{8, 7}, {5, 6}, {2, 4}, {1, 3}], [{8, 7}, {5, 6}, {2, 4}, {3}, {1}], [{8, 7}, {5, 6}, {3, 4}, {1, 2}], [{8, 7}, {5, 6}, {3, 4}, {2}, {1}], [{8, 7}, {5, 6}, {4}, {1, 3}, {2}], [{8, 7}, {5, 6}, {4}, {2, 3}, {1}], [{8, 7}, {5, 6}, {4}, {3}, {1, 2}], [{8, 7}, {5, 6}, {4}, {3}, {2}, {1}], [{8, 7}, {6}, {3, 5}, {1, 4}, {2}], [{8, 7}, {6}, {3, 5}, {2, 4}, {1}], [{8, 7}, {6}, {3, 5}, {4}, {1, 2}], [{8, 7}, {6}, {3, 5}, {4}, {2}, {1}], [{8}, {1, 7}, {3, 6}, {2, 5}, {4}], [{8}, {1, 7}, {6}, {3, 5}, {2, 4}], [{8}, {2, 7}, {5, 6}, {4}, {1, 3}], [{8}, {2, 7}, {6}, {3, 5}, {1, 4}], [{8}, {3, 7}, {1, 6}, {2, 5}, {4}], [{8}, {3, 7}, {2, 6}, {5}, {1, 4}], [{8}, {3, 7}, {4, 6}, {1, 5}, {2}], [{8}, {4, 7}, {1, 6}, {3, 5}, {2}], [{8}, {4, 7}, {2, 6}, {3, 5}, {1}], [{8}, {4, 7}, {3, 6}, {1, 5}, {2}], [{8}, {4, 7}, {3, 6}, {2, 5}, {1}], [{8}, {4, 7}, {3, 6}, {5}, {1, 2}], [{8}, {4, 7}, {3, 6}, {5}, {2}, {1}], [{8}, {4, 7}, {5, 6}, {1, 3}, {2}], [{8}, {4, 7}, {5, 6}, {2, 3}, {1}], [{8}, {4, 7}, {5, 6}, {3}, {1, 2}], [{8}, {4, 7}, {5, 6}, {3}, {2}, {1}], [{8}, {4, 7}, {6}, {3, 5}, {1, 2}], [{8}, {4, 7}, {6}, {3, 5}, {2}, {1}], [{8}, {7}, {3, 6}, {2, 5}, {1, 4}], [{8}, {7}, {5, 6}, {2, 4}, {1, 3}]]",2,- 8 K_1^4 + 4 K_1^3 + 8 K_1^2 K_2 + 2 K_1^2 - 2 K_1 K_2 - 2 K_1 K_3 - 2 K_1 + 1,O1O2O3O4U5U6O7U1O8O6U4U3U7U8O5U2,O1O2O3O4U5U1O6U2O5O7U4U3U8U6O8U7,O1O2O3O4U5O6U7U6U2U1O5O8U3O7U4U8,c,{'O1O2O3O4U3O5U6U7U2U1O8O6U4O7U8U5'},1,"<a href=""/flatknot/8.733984"">8.733984</a>",t^9-30t^7-74t^6-4t^5+126t^4+66t^3-46t^2-43t+14,-t^3+3t,,
8.733985,O1O2O3O4U3O5U6U7U2U4O8O6U1O7U5U8,4,3z^3+24z^2+68z+65,3w^4z^3+24w^3z^2+68w^2z+65w,False,False,"[[ 0 -1  0 -1  3  2 -2 -1  0],[ 1  0  0 -1  3  2 -1  0  0],[ 0  0  0  0  2  0 -1  0 -1],[ 1  1  0  0  1  1  0  0  0],[-3 -3 -2 -1  0 -1 -3 -2 -1],[-2 -2  0 -1  1  0 -3 -1 -1],[ 2  1  1  0  3  3  0  0  1],[ 1  0  0  0  2  1  0  0  0],[ 0  0  1  0  1  1 -1  0  0]]","[[ 0  3  2  0  0 -1 -1 -1 -2],[-3  0 -1 -1 -2 -1 -2 -3 -3],[-2  1  0 -1  0 -1 -1 -2 -3],[ 0  1  1  0  1  0  0  0 -1],[ 0  2  0 -1  0  0  0  0 -1],[ 1  1  1  0  0  0  0  1  0],[ 1  2  1  0  0  0  0  0  0],[ 1  3  2  0  0 -1  0  0 -1],[ 2  3  3  1  1  0  0  1  0]]",True,"[-3,-2,0,0,1,1,1,2,1,1,2,1,2,3,3,1,0,1,1,2,3,-1,0,0,0,1,0,0,0,1,0,-1,0,0,0,1]","[-3,-2,0,0,1,1,1,2,0,1,2,1,2,3,2,2,1,1,2,2,1,-1,1,1,1,1,1,1,1,1,0,-1,0,0,1,1]",t^8+50t^6+160t^4+77t^2+1,"[-2,-1,-1,-1,0,0,2,3,0,1,1,1,1,1,2,0,1,1,1,1,1,0,1,1,2,2,1,1,2,3,-1,1,2,2,1,0]","[-3,-2,0,0,1,1,1,2,0,1,2,1,2,3,2,2,1,1,2,2,1,-1,1,1,1,1,1,1,1,1,0,-1,0,0,1,1]","[-2,-1,-1,-1,0,0,2,3,0,0,1,1,1,3,3,0,0,0,0,1,2,1,0,0,1,1,0,0,2,3,-1,0,2,1,1,1]",c,"[[{8, 1}, {2, 7}, {3, 6}, {4, 5}], [{8, 1}, {2, 7}, {4, 6}, {3, 5}], [{8, 1}, {2, 7}, {5, 6}, {3, 4}], [{8, 1}, {3, 7}, {2, 6}, {4, 5}], [{8, 1}, {3, 7}, {4, 6}, {2, 5}], [{8, 1}, {3, 7}, {5, 6}, {2, 4}], [{8, 1}, {3, 7}, {5, 6}, {4}, {2}], [{8, 1}, {3, 7}, {6}, {5}, {2, 4}], [{8, 1}, {4, 7}, {2, 6}, {3, 5}], [{8, 1}, {4, 7}, {3, 6}, {2, 5}], [{8, 1}, {4, 7}, {3, 6}, {5}, {2}], [{8, 1}, {4, 7}, {5, 6}, {2, 3}], [{8, 1}, {4, 7}, {5, 6}, {3}, {2}], [{8, 1}, {4, 7}, {6}, {3, 5}, {2}], [{8, 1}, {5, 7}, {2, 6}, {3, 4}], [{8, 1}, {5, 7}, {3, 6}, {2, 4}], [{8, 1}, {5, 7}, {4, 6}, {2, 3}], [{8, 1}, {5, 7}, {6}, {3, 4}, {2}], [{8, 1}, {6, 7}, {2, 5}, {3, 4}], [{8, 1}, {6, 7}, {2, 5}, {4}, {3}], [{8, 1}, {6, 7}, {3, 5}, {2, 4}], [{8, 1}, {6, 7}, {4, 5}, {2, 3}], [{8, 1}, {6, 7}, {5}, {3, 4}, {2}], [{8, 1}, {7}, {2, 6}, {3, 5}, {4}], [{8, 1}, {7}, {4, 6}, {5}, {2, 3}], [{8, 1}, {7}, {5, 6}, {3, 4}, {2}], [{8, 2}, {1, 7}, {3, 6}, {4, 5}], [{8, 2}, {1, 7}, {4, 6}, {3, 5}], [{8, 2}, {1, 7}, {5, 6}, {3, 4}], [{8, 2}, {1, 7}, {5, 6}, {4}, {3}], [{8, 2}, {3, 7}, {1, 6}, {4, 5}], [{8, 2}, {3, 7}, {4, 6}, {1, 5}], [{8, 2}, {3, 7}, {4, 6}, {5}, {1}], [{8, 2}, {3, 7}, {5, 6}, {1, 4}], [{8, 2}, {3, 7}, {5, 6}, {4}, {1}], [{8, 2}, {3, 7}, {6}, {4, 5}, {1}], [{8, 2}, {4, 7}, {1, 6}, {3, 5}], [{8, 2}, {4, 7}, {3, 6}, {1, 5}], [{8, 2}, {4, 7}, {5, 6}, {1, 3}], [{8, 2}, {4, 7}, {5, 6}, {3}, {1}], [{8, 2}, {5, 7}, {1, 6}, {3, 4}], [{8, 2}, {5, 7}, {3, 6}, {1, 4}], [{8, 2}, {5, 7}, {4, 6}, {1, 3}], [{8, 2}, {5, 7}, {4, 6}, {3}, {1}], [{8, 2}, {5, 7}, {6}, {4}, {1, 3}], [{8, 2}, {6, 7}, {1, 5}, {3, 4}], [{8, 2}, {6, 7}, {3, 5}, {1, 4}], [{8, 2}, {6, 7}, {4, 5}, {1, 3}], [{8, 2}, {6, 7}, {5}, {4}, {1, 3}], [{8, 2}, {7}, {4, 6}, {3, 5}, {1}], [{8, 2}, {7}, {5, 6}, {1, 4}, {3}], [{8, 2}, {7}, {5, 6}, {3, 4}, {1}], [{8, 2}, {7}, {5, 6}, {4}, {1, 3}], [{8, 3}, {1, 7}, {2, 6}, {4, 5}], [{8, 3}, {1, 7}, {4, 6}, {2, 5}], [{8, 3}, {1, 7}, {5, 6}, {2, 4}], [{8, 3}, {1, 7}, {5, 6}, {4}, {2}], [{8, 3}, {2, 7}, {1, 6}, {4, 5}], [{8, 3}, {2, 7}, {4, 6}, {1, 5}], [{8, 3}, {2, 7}, {5, 6}, {1, 4}], [{8, 3}, {2, 7}, {6}, {4, 5}, {1}], [{8, 3}, {4, 7}, {1, 6}, {2, 5}], [{8, 3}, {4, 7}, {1, 6}, {5}, {2}], [{8, 3}, {4, 7}, {2, 6}, {1, 5}], [{8, 3}, {4, 7}, {5, 6}, {1, 2}], [{8, 3}, {4, 7}, {5, 6}, {2}, {1}], [{8, 3}, {4, 7}, {6}, {1, 5}, {2}], [{8, 3}, {5, 7}, {1, 6}, {2, 4}], [{8, 3}, {5, 7}, {2, 6}, {1, 4}], [{8, 3}, {5, 7}, {4, 6}, {1, 2}], [{8, 3}, {5, 7}, {6}, {1, 4}, {2}], [{8, 3}, {6, 7}, {1, 5}, {2, 4}], [{8, 3}, {6, 7}, {2, 5}, {1, 4}], [{8, 3}, {6, 7}, {4, 5}, {1, 2}], [{8, 3}, {6, 7}, {5}, {1, 4}, {2}], [{8, 3}, {7}, {1, 6}, {2, 5}, {4}], [{8, 3}, {7}, {4, 6}, {5}, {1, 2}], [{8, 3}, {7}, {5, 6}, {1, 4}, {2}], [{8, 4}, {1, 7}, {2, 6}, {3, 5}], [{8, 4}, {1, 7}, {3, 6}, {2, 5}], [{8, 4}, {1, 7}, {5, 6}, {2, 3}], [{8, 4}, {1, 7}, {5, 6}, {3}, {2}], [{8, 4}, {1, 7}, {6}, {5}, {2, 3}], [{8, 4}, {2, 7}, {1, 6}, {3, 5}], [{8, 4}, {2, 7}, {3, 6}, {1, 5}], [{8, 4}, {2, 7}, {5, 6}, {1, 3}], [{8, 4}, {2, 7}, {6}, {3, 5}, {1}], [{8, 4}, {3, 7}, {1, 6}, {2, 5}], [{8, 4}, {3, 7}, {2, 6}, {1, 5}], [{8, 4}, {3, 7}, {2, 6}, {5}, {1}], [{8, 4}, {3, 7}, {5, 6}, {1, 2}], [{8, 4}, {3, 7}, {5, 6}, {2}, {1}], [{8, 4}, {3, 7}, {6}, {2, 5}, {1}], [{8, 4}, {5, 7}, {1, 6}, {2, 3}], [{8, 4}, {5, 7}, {2, 6}, {1, 3}], [{8, 4}, {5, 7}, {3, 6}, {1, 2}], [{8, 4}, {5, 7}, {6}, {3}, {1, 2}], [{8, 4}, {6, 7}, {1, 5}, {2, 3}], [{8, 4}, {6, 7}, {2, 5}, {1, 3}], [{8, 4}, {6, 7}, {3, 5}, {1, 2}], [{8, 4}, {6, 7}, {5}, {2, 3}, {1}], [{8, 4}, {7}, {1, 6}, {5}, {2, 3}], [{8, 4}, {7}, {3, 6}, {5}, {1, 2}], [{8, 4}, {7}, {5, 6}, {1, 3}, {2}], [{8, 5}, {1, 7}, {2, 6}, {3, 4}], [{8, 5}, {1, 7}, {3, 6}, {2, 4}], [{8, 5}, {1, 7}, {4, 6}, {2, 3}], [{8, 5}, {1, 7}, {4, 6}, {3}, {2}], [{8, 5}, {1, 7}, {6}, {4}, {2, 3}], [{8, 5}, {2, 7}, {1, 6}, {3, 4}], [{8, 5}, {2, 7}, {3, 6}, {1, 4}], [{8, 5}, {2, 7}, {4, 6}, {1, 3}], [{8, 5}, {3, 7}, {1, 6}, {2, 4}], [{8, 5}, {3, 7}, {2, 6}, {1, 4}], [{8, 5}, {3, 7}, {2, 6}, {4}, {1}], [{8, 5}, {3, 7}, {4, 6}, {1, 2}], [{8, 5}, {3, 7}, {4, 6}, {2}, {1}], [{8, 5}, {3, 7}, {6}, {2, 4}, {1}], [{8, 5}, {4, 7}, {1, 6}, {2, 3}], [{8, 5}, {4, 7}, {2, 6}, {1, 3}], [{8, 5}, {4, 7}, {3, 6}, {1, 2}], [{8, 5}, {6, 7}, {1, 4}, {2, 3}], [{8, 5}, {6, 7}, {2, 4}, {1, 3}], [{8, 5}, {6, 7}, {3, 4}, {1, 2}], [{8, 5}, {7}, {2, 6}, {1, 4}, {3}], [{8, 5}, {7}, {4, 6}, {1, 3}, {2}], [{8, 6}, {1, 7}, {2, 5}, {3, 4}], [{8, 6}, {1, 7}, {3, 5}, {2, 4}], [{8, 6}, {1, 7}, {4, 5}, {2, 3}], [{8, 6}, {1, 7}, {4, 5}, {3}, {2}], [{8, 6}, {1, 7}, {5}, {4}, {2, 3}], [{8, 6}, {2, 7}, {1, 5}, {3, 4}], [{8, 6}, {2, 7}, {3, 5}, {1, 4}], [{8, 6}, {2, 7}, {4, 5}, {1, 3}], [{8, 6}, {3, 7}, {1, 5}, {2, 4}], [{8, 6}, {3, 7}, {2, 5}, {1, 4}], [{8, 6}, {3, 7}, {2, 5}, {4}, {1}], [{8, 6}, {3, 7}, {4, 5}, {1, 2}], [{8, 6}, {3, 7}, {4, 5}, {2}, {1}], [{8, 6}, {3, 7}, {5}, {2, 4}, {1}], [{8, 6}, {4, 7}, {1, 5}, {2, 3}], [{8, 6}, {4, 7}, {2, 5}, {1, 3}], [{8, 6}, {4, 7}, {3, 5}, {1, 2}], [{8, 6}, {5, 7}, {1, 4}, {2, 3}], [{8, 6}, {5, 7}, {2, 4}, {1, 3}], [{8, 6}, {5, 7}, {3, 4}, {1, 2}], [{8, 6}, {7}, {2, 5}, {1, 4}, {3}], [{8, 6}, {7}, {4, 5}, {1, 3}, {2}], [{8, 7}, {1, 6}, {2, 5}, {3, 4}], [{8, 7}, {1, 6}, {3, 5}, {2, 4}], [{8, 7}, {1, 6}, {4, 5}, {2, 3}], [{8, 7}, {1, 6}, {5}, {3, 4}, {2}], [{8, 7}, {2, 6}, {1, 5}, {3, 4}], [{8, 7}, {2, 6}, {1, 5}, {4}, {3}], [{8, 7}, {2, 6}, {3, 5}, {1, 4}], [{8, 7}, {2, 6}, {3, 5}, {4}, {1}], [{8, 7}, {2, 6}, {4, 5}, {1, 3}], [{8, 7}, {2, 6}, {5}, {4}, {1, 3}], [{8, 7}, {3, 6}, {1, 5}, {2, 4}], [{8, 7}, {3, 6}, {2, 5}, {1, 4}], [{8, 7}, {3, 6}, {4, 5}, {1, 2}], [{8, 7}, {3, 6}, {5}, {1, 4}, {2}], [{8, 7}, {4, 6}, {1, 5}, {2, 3}], [{8, 7}, {4, 6}, {2, 5}, {1, 3}], [{8, 7}, {4, 6}, {3, 5}, {1, 2}], [{8, 7}, {4, 6}, {5}, {2, 3}, {1}], [{8, 7}, {5, 6}, {1, 4}, {2, 3}], [{8, 7}, {5, 6}, {1, 4}, {3}, {2}], [{8, 7}, {5, 6}, {2, 4}, {1, 3}], [{8, 7}, {5, 6}, {3, 4}, {1, 2}], [{8, 7}, {5, 6}, {3, 4}, {2}, {1}], [{8, 7}, {5, 6}, {4}, {1, 3}, {2}], [{8, 7}, {6}, {1, 5}, {3, 4}, {2}], [{8, 7}, {6}, {2, 5}, {4}, {1, 3}], [{8, 7}, {6}, {3, 5}, {1, 4}, {2}], [{8, 7}, {6}, {4, 5}, {3}, {1, 2}], [{8}, {1, 7}, {2, 6}, {3, 5}, {4}], [{8}, {1, 7}, {3, 6}, {2, 5}, {4}], [{8}, {1, 7}, {4, 6}, {5}, {2, 3}], [{8}, {1, 7}, {5, 6}, {2, 4}, {3}], [{8}, {1, 7}, {5, 6}, {3, 4}, {2}], [{8}, {1, 7}, {5, 6}, {4}, {2, 3}], [{8}, {1, 7}, {5, 6}, {4}, {3}, {2}], [{8}, {1, 7}, {6}, {4, 5}, {2, 3}], [{8}, {1, 7}, {6}, {5}, {4}, {2, 3}], [{8}, {2, 7}, {5, 6}, {1, 4}, {3}], [{8}, {2, 7}, {5, 6}, {3, 4}, {1}], [{8}, {2, 7}, {5, 6}, {4}, {1, 3}], [{8}, {3, 7}, {1, 6}, {5}, {2, 4}], [{8}, {3, 7}, {2, 6}, {4, 5}, {1}], [{8}, {3, 7}, {4, 6}, {2, 5}, {1}], [{8}, {3, 7}, {5, 6}, {1, 4}, {2}], [{8}, {3, 7}, {5, 6}, {2, 4}, {1}], [{8}, {3, 7}, {5, 6}, {4}, {1, 2}], [{8}, {3, 7}, {5, 6}, {4}, {2}, {1}], [{8}, {3, 7}, {6}, {1, 5}, {2, 4}], [{8}, {3, 7}, {6}, {5}, {2, 4}, {1}], [{8}, {4, 7}, {5, 6}, {1, 3}, {2}], [{8}, {4, 7}, {5, 6}, {2, 3}, {1}], [{8}, {4, 7}, {5, 6}, {3}, {1, 2}], [{8}, {4, 7}, {5, 6}, {3}, {2}, {1}], [{8}, {5, 7}, {1, 6}, {2, 4}, {3}], [{8}, {5, 7}, {3, 6}, {4}, {1, 2}], [{8}, {7}, {1, 6}, {3, 5}, {2, 4}], [{8}, {7}, {5, 6}, {1, 4}, {2, 3}], [{8}, {7}, {5, 6}, {1, 4}, {3}, {2}], [{8}, {7}, {5, 6}, {2, 4}, {1, 3}], [{8}, {7}, {5, 6}, {3, 4}, {1, 2}], [{8}, {7}, {5, 6}, {3, 4}, {2}, {1}], [{8}, {7}, {5, 6}, {4}, {1, 3}, {2}]]",2,- 8 K_1^4 + 12 K_1^3 + 8 K_1^2 K_2 - 4 K_1^2 - 10 K_1 K_2 - 4 K_1 - 2 K_2^2 + 2 K_2 + 2 K_3 + 5,O1O2O3O4U5U6O7U4O8O5U1U3U7U8O6U2,O1O2O3O4U5U1O6U2O7O5U6U3U8U4O8U7,O1O2O3O4U5O6U1U6U2U7O8O5U3O7U4U8,c,"{'O1O2O3O4U3O5U6U7U2U4O8O6U1O7U5U8', 'O1O2O3O4U3U5O6U7U2U4O5O8U1O7U8U6'}",2,"<a href=""/flatknot/8.733985"">8.733985</a>",t^9-44t^7-102t^6+86t^5+246t^4+6t^3-30t^2+4t-2,-t^3+3t,,
8.733986,O1O2O3O4U3O5U6U7U2U4O8O6U1O7U8U5,3,14z^2+59z+63,-8w^4z^2+22w^3z^2-8w^3z+67w^2z+63w,False,False,"[[ 0 -1  0 -1  3  3 -2 -1 -1],[ 1  0  0 -1  3  3 -1  0 -1],[ 0  0  0  0  2  0 -1  0 -2],[ 1  1  0  0  1  1  0  0  0],[-3 -3 -2 -1  0 -1 -3 -2 -2],[-3 -3  0 -1  1  0 -3 -1 -2],[ 2  1  1  0  3  3  0  0  0],[ 1  0  0  0  2  1  0  0 -1],[ 1  1  2  0  2  2  0  1  0]]","[[ 0  3  3  0 -1 -1 -1 -1 -2],[-3  0  1  0 -1 -1 -2 -3 -3],[-3 -1  0 -2 -1 -2 -2 -3 -3],[ 0  0  2  0  0  0 -2  0 -1],[ 1  1  1  0  0  0  0  1  0],[ 1  1  2  0  0  0 -1  0  0],[ 1  2  2  2  0  1  0  1  0],[ 1  3  3  0 -1  0 -1  0 -1],[ 2  3  3  1  0  0  0  1  0]]",True,"[-3,-3,0,1,1,1,1,2,-1,0,1,1,2,3,3,2,1,2,2,3,3,0,0,2,0,1,0,0,-1,0,1,0,0,-1,0,1]","[-3,-3,0,1,1,1,1,2,-1,0,1,1,2,3,3,2,1,2,2,3,3,0,0,2,0,1,0,0,-1,0,1,0,0,-1,0,1]",t^8+65t^6+273t^4+128t^2,"[-2,-1,-1,-1,-1,0,3,3,0,1,1,1,1,2,2,0,1,1,1,1,1,0,1,1,2,3,0,1,3,3,-1,2,2,1,3,1]","[-3,-3,0,1,1,1,1,2,-1,1,1,2,2,3,2,3,1,2,3,3,2,1,-1,1,1,1,-1,0,-1,0,1,0,1,0,1,1]","[-2,-1,-1,-1,-1,0,3,3,0,0,0,1,1,3,3,-1,0,0,0,1,2,0,1,2,2,2,1,0,1,1,0,3,3,0,2,1]",c,"[[{8, 1}, {2, 7}, {3, 6}, {4, 5}], [{8, 1}, {2, 7}, {4, 6}, {3, 5}], [{8, 1}, {2, 7}, {4, 6}, {5}, {3}], [{8, 1}, {2, 7}, {5, 6}, {3, 4}], [{8, 1}, {3, 7}, {2, 6}, {4, 5}], [{8, 1}, {3, 7}, {4, 6}, {2, 5}], [{8, 1}, {3, 7}, {4, 6}, {5}, {2}], [{8, 1}, {3, 7}, {5, 6}, {2, 4}], [{8, 1}, {4, 7}, {2, 6}, {3, 5}], [{8, 1}, {4, 7}, {3, 6}, {2, 5}], [{8, 1}, {4, 7}, {5, 6}, {2, 3}], [{8, 1}, {4, 7}, {5, 6}, {3}, {2}], [{8, 1}, {5, 7}, {2, 6}, {3, 4}], [{8, 1}, {5, 7}, {2, 6}, {4}, {3}], [{8, 1}, {5, 7}, {3, 6}, {2, 4}], [{8, 1}, {5, 7}, {3, 6}, {4}, {2}], [{8, 1}, {5, 7}, {4, 6}, {2, 3}], [{8, 1}, {5, 7}, {4, 6}, {3}, {2}], [{8, 1}, {5, 7}, {6}, {2, 4}, {3}], [{8, 1}, {5, 7}, {6}, {3, 4}, {2}], [{8, 1}, {5, 7}, {6}, {4}, {2, 3}], [{8, 1}, {5, 7}, {6}, {4}, {3}, {2}], [{8, 1}, {6, 7}, {2, 5}, {3, 4}], [{8, 1}, {6, 7}, {3, 5}, {2, 4}], [{8, 1}, {6, 7}, {4, 5}, {2, 3}], [{8, 1}, {6, 7}, {4, 5}, {3}, {2}], [{8, 1}, {7}, {4, 6}, {2, 5}, {3}], [{8, 1}, {7}, {4, 6}, {3, 5}, {2}], [{8, 1}, {7}, {4, 6}, {5}, {2, 3}], [{8, 1}, {7}, {4, 6}, {5}, {3}, {2}], [{8, 2}, {1, 7}, {3, 6}, {4, 5}], [{8, 2}, {1, 7}, {4, 6}, {3, 5}], [{8, 2}, {1, 7}, {5, 6}, {3, 4}], [{8, 2}, {3, 7}, {1, 6}, {4, 5}], [{8, 2}, {3, 7}, {4, 6}, {1, 5}], [{8, 2}, {3, 7}, {5, 6}, {1, 4}], [{8, 2}, {3, 7}, {6}, {5}, {1, 4}], [{8, 2}, {4, 7}, {1, 6}, {3, 5}], [{8, 2}, {4, 7}, {3, 6}, {1, 5}], [{8, 2}, {4, 7}, {3, 6}, {5}, {1}], [{8, 2}, {4, 7}, {5, 6}, {1, 3}], [{8, 2}, {4, 7}, {5, 6}, {3}, {1}], [{8, 2}, {4, 7}, {6}, {3, 5}, {1}], [{8, 2}, {5, 7}, {1, 6}, {3, 4}], [{8, 2}, {5, 7}, {3, 6}, {1, 4}], [{8, 2}, {5, 7}, {4, 6}, {1, 3}], [{8, 2}, {5, 7}, {4, 6}, {3}, {1}], [{8, 2}, {6, 7}, {1, 5}, {3, 4}], [{8, 2}, {6, 7}, {3, 5}, {1, 4}], [{8, 2}, {6, 7}, {4, 5}, {1, 3}], [{8, 2}, {7}, {6}, {1, 5}, {3, 4}], [{8, 3}, {1, 7}, {2, 6}, {4, 5}], [{8, 3}, {1, 7}, {4, 6}, {2, 5}], [{8, 3}, {1, 7}, {5, 6}, {2, 4}], [{8, 3}, {2, 7}, {1, 6}, {4, 5}], [{8, 3}, {2, 7}, {4, 6}, {1, 5}], [{8, 3}, {2, 7}, {5, 6}, {1, 4}], [{8, 3}, {2, 7}, {6}, {5}, {1, 4}], [{8, 3}, {4, 7}, {1, 6}, {2, 5}], [{8, 3}, {4, 7}, {1, 6}, {5}, {2}], [{8, 3}, {4, 7}, {2, 6}, {1, 5}], [{8, 3}, {4, 7}, {5, 6}, {1, 2}], [{8, 3}, {4, 7}, {5, 6}, {2}, {1}], [{8, 3}, {4, 7}, {6}, {1, 5}, {2}], [{8, 3}, {5, 7}, {1, 6}, {2, 4}], [{8, 3}, {5, 7}, {2, 6}, {1, 4}], [{8, 3}, {5, 7}, {4, 6}, {1, 2}], [{8, 3}, {5, 7}, {4, 6}, {2}, {1}], [{8, 3}, {6, 7}, {1, 5}, {2, 4}], [{8, 3}, {6, 7}, {2, 5}, {1, 4}], [{8, 3}, {6, 7}, {4, 5}, {1, 2}], [{8, 4}, {1, 7}, {2, 6}, {3, 5}], [{8, 4}, {1, 7}, {2, 6}, {5}, {3}], [{8, 4}, {1, 7}, {3, 6}, {2, 5}], [{8, 4}, {1, 7}, {5, 6}, {2, 3}], [{8, 4}, {1, 7}, {6}, {3, 5}, {2}], [{8, 4}, {2, 7}, {1, 6}, {3, 5}], [{8, 4}, {2, 7}, {1, 6}, {5}, {3}], [{8, 4}, {2, 7}, {3, 6}, {1, 5}], [{8, 4}, {2, 7}, {5, 6}, {1, 3}], [{8, 4}, {2, 7}, {6}, {3, 5}, {1}], [{8, 4}, {3, 7}, {1, 6}, {2, 5}], [{8, 4}, {3, 7}, {1, 6}, {5}, {2}], [{8, 4}, {3, 7}, {2, 6}, {1, 5}], [{8, 4}, {3, 7}, {5, 6}, {1, 2}], [{8, 4}, {3, 7}, {5, 6}, {2}, {1}], [{8, 4}, {3, 7}, {6}, {1, 5}, {2}], [{8, 4}, {5, 7}, {1, 6}, {2, 3}], [{8, 4}, {5, 7}, {1, 6}, {3}, {2}], [{8, 4}, {5, 7}, {2, 6}, {1, 3}], [{8, 4}, {5, 7}, {3, 6}, {1, 2}], [{8, 4}, {6, 7}, {1, 5}, {2, 3}], [{8, 4}, {6, 7}, {2, 5}, {1, 3}], [{8, 4}, {6, 7}, {3, 5}, {1, 2}], [{8, 4}, {6, 7}, {3, 5}, {2}, {1}], [{8, 4}, {6, 7}, {5}, {3}, {1, 2}], [{8, 4}, {7}, {1, 6}, {2, 5}, {3}], [{8, 4}, {7}, {1, 6}, {3, 5}, {2}], [{8, 4}, {7}, {1, 6}, {5}, {2, 3}], [{8, 4}, {7}, {1, 6}, {5}, {3}, {2}], [{8, 4}, {7}, {2, 6}, {3, 5}, {1}], [{8, 4}, {7}, {3, 6}, {2, 5}, {1}], [{8, 4}, {7}, {6}, {2, 5}, {1, 3}], [{8, 4}, {7}, {6}, {3, 5}, {1, 2}], [{8, 5}, {1, 7}, {2, 6}, {3, 4}], [{8, 5}, {1, 7}, {3, 6}, {2, 4}], [{8, 5}, {1, 7}, {3, 6}, {4}, {2}], [{8, 5}, {1, 7}, {4, 6}, {2, 3}], [{8, 5}, {1, 7}, {4, 6}, {3}, {2}], [{8, 5}, {1, 7}, {6}, {3, 4}, {2}], [{8, 5}, {2, 7}, {1, 6}, {3, 4}], [{8, 5}, {2, 7}, {3, 6}, {1, 4}], [{8, 5}, {2, 7}, {4, 6}, {1, 3}], [{8, 5}, {3, 7}, {1, 6}, {2, 4}], [{8, 5}, {3, 7}, {2, 6}, {1, 4}], [{8, 5}, {3, 7}, {4, 6}, {1, 2}], [{8, 5}, {3, 7}, {6}, {1, 4}, {2}], [{8, 5}, {4, 7}, {1, 6}, {2, 3}], [{8, 5}, {4, 7}, {2, 6}, {1, 3}], [{8, 5}, {4, 7}, {3, 6}, {1, 2}], [{8, 5}, {6, 7}, {1, 4}, {2, 3}], [{8, 5}, {6, 7}, {2, 4}, {1, 3}], [{8, 5}, {6, 7}, {3, 4}, {1, 2}], [{8, 6}, {1, 7}, {2, 5}, {3, 4}], [{8, 6}, {1, 7}, {3, 5}, {2, 4}], [{8, 6}, {1, 7}, {4, 5}, {2, 3}], [{8, 6}, {2, 7}, {1, 5}, {3, 4}], [{8, 6}, {2, 7}, {3, 5}, {1, 4}], [{8, 6}, {2, 7}, {4, 5}, {1, 3}], [{8, 6}, {3, 7}, {1, 5}, {2, 4}], [{8, 6}, {3, 7}, {2, 5}, {1, 4}], [{8, 6}, {3, 7}, {4, 5}, {1, 2}], [{8, 6}, {4, 7}, {1, 5}, {2, 3}], [{8, 6}, {4, 7}, {2, 5}, {1, 3}], [{8, 6}, {4, 7}, {3, 5}, {1, 2}], [{8, 6}, {5, 7}, {1, 4}, {2, 3}], [{8, 6}, {5, 7}, {1, 4}, {3}, {2}], [{8, 6}, {5, 7}, {2, 4}, {1, 3}], [{8, 6}, {5, 7}, {3, 4}, {1, 2}], [{8, 6}, {7}, {1, 5}, {3, 4}, {2}], [{8, 7}, {1, 6}, {2, 5}, {3, 4}], [{8, 7}, {1, 6}, {3, 5}, {2, 4}], [{8, 7}, {1, 6}, {4, 5}, {2, 3}], [{8, 7}, {1, 6}, {5}, {3, 4}, {2}], [{8, 7}, {2, 6}, {1, 5}, {3, 4}], [{8, 7}, {2, 6}, {1, 5}, {4}, {3}], [{8, 7}, {2, 6}, {3, 5}, {1, 4}], [{8, 7}, {2, 6}, {4, 5}, {1, 3}], [{8, 7}, {2, 6}, {5}, {3, 4}, {1}], [{8, 7}, {3, 6}, {1, 5}, {2, 4}], [{8, 7}, {3, 6}, {1, 5}, {4}, {2}], [{8, 7}, {3, 6}, {2, 5}, {1, 4}], [{8, 7}, {3, 6}, {4, 5}, {1, 2}], [{8, 7}, {4, 6}, {1, 5}, {2, 3}], [{8, 7}, {4, 6}, {1, 5}, {3}, {2}], [{8, 7}, {4, 6}, {2, 5}, {1, 3}], [{8, 7}, {4, 6}, {3, 5}, {1, 2}], [{8, 7}, {5, 6}, {1, 4}, {2, 3}], [{8, 7}, {5, 6}, {2, 4}, {1, 3}], [{8, 7}, {5, 6}, {3, 4}, {1, 2}], [{8, 7}, {5, 6}, {3, 4}, {2}, {1}], [{8, 7}, {6}, {1, 5}, {2, 4}, {3}], [{8, 7}, {6}, {1, 5}, {3, 4}, {2}], [{8, 7}, {6}, {1, 5}, {4}, {2, 3}], [{8, 7}, {6}, {1, 5}, {4}, {3}, {2}], [{8, 7}, {6}, {2, 5}, {3, 4}, {1}], [{8, 7}, {6}, {3, 5}, {1, 4}, {2}], [{8, 7}, {6}, {4, 5}, {1, 3}, {2}], [{8, 7}, {6}, {5}, {3, 4}, {1, 2}], [{8, 7}, {6}, {5}, {3, 4}, {2}, {1}], [{8}, {1, 7}, {2, 6}, {3, 5}, {4}], [{8}, {2, 7}, {1, 6}, {3, 5}, {4}], [{8}, {2, 7}, {6}, {1, 5}, {3, 4}], [{8}, {3, 7}, {6}, {2, 5}, {1, 4}], [{8}, {3, 7}, {6}, {4, 5}, {1, 2}], [{8}, {4, 7}, {5, 6}, {1, 3}, {2}], [{8}, {4, 7}, {5, 6}, {2, 3}, {1}], [{8}, {4, 7}, {5, 6}, {3}, {1, 2}], [{8}, {4, 7}, {5, 6}, {3}, {2}, {1}], [{8}, {5, 7}, {4, 6}, {1, 3}, {2}], [{8}, {5, 7}, {4, 6}, {2, 3}, {1}], [{8}, {5, 7}, {4, 6}, {3}, {1, 2}], [{8}, {5, 7}, {4, 6}, {3}, {2}, {1}], [{8}, {6, 7}, {1, 5}, {3, 4}, {2}], [{8}, {6, 7}, {3, 5}, {4}, {1, 2}], [{8}, {7}, {2, 6}, {1, 5}, {3, 4}], [{8}, {7}, {6}, {1, 5}, {3, 4}, {2}]]",2,- 8 K_1^4 + 8 K_1^3 + 8 K_1^2 K_2 - 10 K_1^2 - 12 K_1 K_2 - 4 K_1 K_3 - 2 K_2^2 + 7 K_2 + 4 K_3 + 2 K_4 + 8,O1O2O3O4U5U6O7U4O8O6U1U3U7U8O5U2,O1O2O3O4U5U1O6U2O5O7U6U3U8U4O8U7,O1O2O3O4U5O6U1U6U2U7O5O8U3O7U4U8,c,{'O1O2O3O4U3O5U6U7U2U4O8O6U1O7U8U5'},1,"<a href=""/flatknot/8.733986"">8.733986</a>",t^9-55t^7-154t^6+102t^5+434t^4+46t^3-44t^2+24t-16,-2t^3+t^2+4t,,
8.733987,O1O2O3O4U3O5U6U7U4U1O8O6U2O7U8U5,4,2z^3+27z^2+106z+121,2w^4z^3+27w^3z^2+106w^2z+121w,False,False,"[[ 0  0  0 -1  2  3 -2 -1 -1],[ 0  0  0 -1  1  1 -1 -1 -1],[ 0  0  0 -1  2  2 -1  0 -1],[ 1  1  1  0  1  1  0  0  0],[-2 -1 -2 -1  0 -1 -2 -1 -2],[-3 -1 -2 -1  1  0 -3 -1 -2],[ 2  1  1  0  2  3  0  0  0],[ 1  1  0  0  1  1  0  0 -1],[ 1  1  1  0  2  2  0  1  0]]","[[ 0  3  2  0  0 -1 -1 -1 -2],[-3  0  1 -1 -2 -1 -1 -2 -3],[-2 -1  0 -1 -2 -1 -1 -2 -2],[ 0  1  1  0  0 -1 -1 -1 -1],[ 0  2  2  0  0  0 -1 -1 -1],[ 1  1  1  1  0  0  0 -1  0],[ 1  1  1  1  1  0  0  0  0],[ 1  2  2  1  1  1  0  0  0],[ 2  3  2  1  1  0  0  0  0]]",True,"[-3,-2,0,0,1,1,1,2,-1,1,2,1,1,2,3,1,2,1,1,2,2,0,1,1,1,1,0,1,1,1,0,1,0,0,0,0]","[-3,-2,0,0,1,1,1,2,-1,1,2,1,1,2,3,1,2,1,1,2,2,0,1,1,1,1,0,1,1,1,0,1,0,0,0,0]",t^8+44t^6+84t^4+32t^2,"[-2,-1,-1,-1,0,0,2,3,1,1,1,1,1,2,2,-1,0,0,0,1,2,0,0,1,2,3,0,0,2,3,0,1,2,0,1,2]","[-3,-2,0,0,1,1,1,2,2,1,2,2,3,3,2,0,1,1,2,2,2,0,0,0,1,1,0,0,0,1,0,1,1,0,1,1]","[-2,-1,-1,-1,0,0,2,3,0,0,0,1,1,2,3,-1,0,0,1,1,1,0,1,1,2,2,1,1,1,1,0,2,2,1,1,-1]",c,"[[{8, 1}, {2, 7}, {3, 6}, {4, 5}], [{8, 1}, {2, 7}, {4, 6}, {3, 5}], [{8, 1}, {2, 7}, {5, 6}, {3, 4}], [{8, 1}, {3, 7}, {2, 6}, {4, 5}], [{8, 1}, {3, 7}, {4, 6}, {2, 5}], [{8, 1}, {3, 7}, {5, 6}, {2, 4}], [{8, 1}, {4, 7}, {2, 6}, {3, 5}], [{8, 1}, {4, 7}, {3, 6}, {2, 5}], [{8, 1}, {4, 7}, {5, 6}, {2, 3}], [{8, 1}, {4, 7}, {5, 6}, {3}, {2}], [{8, 1}, {4, 7}, {6}, {5}, {2, 3}], [{8, 1}, {5, 7}, {2, 6}, {3, 4}], [{8, 1}, {5, 7}, {3, 6}, {2, 4}], [{8, 1}, {5, 7}, {4, 6}, {2, 3}], [{8, 1}, {5, 7}, {4, 6}, {3}, {2}], [{8, 1}, {5, 7}, {6}, {4}, {2, 3}], [{8, 1}, {6, 7}, {2, 5}, {3, 4}], [{8, 1}, {6, 7}, {3, 5}, {2, 4}], [{8, 1}, {6, 7}, {4, 5}, {2, 3}], [{8, 1}, {6, 7}, {4, 5}, {3}, {2}], [{8, 1}, {6, 7}, {5}, {4}, {2, 3}], [{8, 1}, {7}, {4, 6}, {5}, {2, 3}], [{8, 1}, {7}, {5, 6}, {4}, {2, 3}], [{8, 1}, {7}, {6}, {4, 5}, {2, 3}], [{8, 1}, {7}, {6}, {5}, {4}, {2, 3}], [{8, 2}, {1, 7}, {3, 6}, {4, 5}], [{8, 2}, {1, 7}, {4, 6}, {3, 5}], [{8, 2}, {1, 7}, {5, 6}, {3, 4}], [{8, 2}, {3, 7}, {1, 6}, {4, 5}], [{8, 2}, {3, 7}, {4, 6}, {1, 5}], [{8, 2}, {3, 7}, {5, 6}, {1, 4}], [{8, 2}, {4, 7}, {1, 6}, {3, 5}], [{8, 2}, {4, 7}, {3, 6}, {1, 5}], [{8, 2}, {4, 7}, {5, 6}, {1, 3}], [{8, 2}, {5, 7}, {1, 6}, {3, 4}], [{8, 2}, {5, 7}, {3, 6}, {1, 4}], [{8, 2}, {5, 7}, {4, 6}, {1, 3}], [{8, 2}, {6, 7}, {1, 5}, {3, 4}], [{8, 2}, {6, 7}, {3, 5}, {1, 4}], [{8, 2}, {6, 7}, {4, 5}, {1, 3}], [{8, 2}, {7}, {5, 6}, {3, 4}, {1}], [{8, 2}, {7}, {6}, {4, 5}, {1, 3}], [{8, 3}, {1, 7}, {2, 6}, {4, 5}], [{8, 3}, {1, 7}, {4, 6}, {2, 5}], [{8, 3}, {1, 7}, {5, 6}, {2, 4}], [{8, 3}, {2, 7}, {1, 6}, {4, 5}], [{8, 3}, {2, 7}, {4, 6}, {1, 5}], [{8, 3}, {2, 7}, {5, 6}, {1, 4}], [{8, 3}, {4, 7}, {1, 6}, {2, 5}], [{8, 3}, {4, 7}, {2, 6}, {1, 5}], [{8, 3}, {4, 7}, {5, 6}, {1, 2}], [{8, 3}, {5, 7}, {1, 6}, {2, 4}], [{8, 3}, {5, 7}, {2, 6}, {1, 4}], [{8, 3}, {5, 7}, {2, 6}, {4}, {1}], [{8, 3}, {5, 7}, {4, 6}, {1, 2}], [{8, 3}, {6, 7}, {1, 5}, {2, 4}], [{8, 3}, {6, 7}, {2, 5}, {1, 4}], [{8, 3}, {6, 7}, {4, 5}, {1, 2}], [{8, 3}, {7}, {4, 6}, {1, 5}, {2}], [{8, 3}, {7}, {6}, {2, 5}, {1, 4}], [{8, 4}, {1, 7}, {2, 6}, {3, 5}], [{8, 4}, {1, 7}, {2, 6}, {5}, {3}], [{8, 4}, {1, 7}, {3, 6}, {2, 5}], [{8, 4}, {1, 7}, {3, 6}, {5}, {2}], [{8, 4}, {1, 7}, {5, 6}, {2, 3}], [{8, 4}, {1, 7}, {6}, {5}, {2, 3}], [{8, 4}, {2, 7}, {1, 6}, {3, 5}], [{8, 4}, {2, 7}, {3, 6}, {1, 5}], [{8, 4}, {2, 7}, {5, 6}, {1, 3}], [{8, 4}, {2, 7}, {6}, {1, 5}, {3}], [{8, 4}, {3, 7}, {1, 6}, {2, 5}], [{8, 4}, {3, 7}, {2, 6}, {1, 5}], [{8, 4}, {3, 7}, {5, 6}, {1, 2}], [{8, 4}, {3, 7}, {5, 6}, {2}, {1}], [{8, 4}, {5, 7}, {1, 6}, {2, 3}], [{8, 4}, {5, 7}, {1, 6}, {3}, {2}], [{8, 4}, {5, 7}, {2, 6}, {1, 3}], [{8, 4}, {5, 7}, {3, 6}, {1, 2}], [{8, 4}, {5, 7}, {3, 6}, {2}, {1}], [{8, 4}, {5, 7}, {6}, {1, 3}, {2}], [{8, 4}, {6, 7}, {1, 5}, {2, 3}], [{8, 4}, {6, 7}, {2, 5}, {1, 3}], [{8, 4}, {6, 7}, {2, 5}, {3}, {1}], [{8, 4}, {6, 7}, {3, 5}, {1, 2}], [{8, 4}, {7}, {3, 6}, {1, 5}, {2}], [{8, 4}, {7}, {5, 6}, {3}, {1, 2}], [{8, 5}, {1, 7}, {2, 6}, {3, 4}], [{8, 5}, {1, 7}, {2, 6}, {4}, {3}], [{8, 5}, {1, 7}, {3, 6}, {2, 4}], [{8, 5}, {1, 7}, {4, 6}, {2, 3}], [{8, 5}, {1, 7}, {6}, {3, 4}, {2}], [{8, 5}, {2, 7}, {1, 6}, {3, 4}], [{8, 5}, {2, 7}, {3, 6}, {1, 4}], [{8, 5}, {2, 7}, {4, 6}, {1, 3}], [{8, 5}, {2, 7}, {6}, {3, 4}, {1}], [{8, 5}, {3, 7}, {1, 6}, {2, 4}], [{8, 5}, {3, 7}, {1, 6}, {4}, {2}], [{8, 5}, {3, 7}, {2, 6}, {1, 4}], [{8, 5}, {3, 7}, {4, 6}, {1, 2}], [{8, 5}, {4, 7}, {1, 6}, {2, 3}], [{8, 5}, {4, 7}, {2, 6}, {1, 3}], [{8, 5}, {4, 7}, {3, 6}, {1, 2}], [{8, 5}, {4, 7}, {6}, {2, 3}, {1}], [{8, 5}, {6, 7}, {1, 4}, {2, 3}], [{8, 5}, {6, 7}, {2, 4}, {1, 3}], [{8, 5}, {6, 7}, {2, 4}, {3}, {1}], [{8, 5}, {6, 7}, {3, 4}, {1, 2}], [{8, 5}, {7}, {6}, {3, 4}, {1, 2}], [{8, 6}, {1, 7}, {2, 5}, {3, 4}], [{8, 6}, {1, 7}, {3, 5}, {2, 4}], [{8, 6}, {1, 7}, {4, 5}, {2, 3}], [{8, 6}, {2, 7}, {1, 5}, {3, 4}], [{8, 6}, {2, 7}, {3, 5}, {1, 4}], [{8, 6}, {2, 7}, {4, 5}, {1, 3}], [{8, 6}, {2, 7}, {5}, {1, 4}, {3}], [{8, 6}, {2, 7}, {5}, {3, 4}, {1}], [{8, 6}, {2, 7}, {5}, {4}, {1, 3}], [{8, 6}, {3, 7}, {1, 5}, {2, 4}], [{8, 6}, {3, 7}, {2, 5}, {1, 4}], [{8, 6}, {3, 7}, {4, 5}, {1, 2}], [{8, 6}, {3, 7}, {4, 5}, {2}, {1}], [{8, 6}, {4, 7}, {1, 5}, {2, 3}], [{8, 6}, {4, 7}, {2, 5}, {1, 3}], [{8, 6}, {4, 7}, {3, 5}, {1, 2}], [{8, 6}, {4, 7}, {5}, {2, 3}, {1}], [{8, 6}, {5, 7}, {1, 4}, {2, 3}], [{8, 6}, {5, 7}, {2, 4}, {1, 3}], [{8, 6}, {5, 7}, {3, 4}, {1, 2}], [{8, 6}, {5, 7}, {3, 4}, {2}, {1}], [{8, 6}, {7}, {2, 5}, {3, 4}, {1}], [{8, 7}, {1, 6}, {2, 5}, {3, 4}], [{8, 7}, {1, 6}, {3, 5}, {2, 4}], [{8, 7}, {1, 6}, {4, 5}, {2, 3}], [{8, 7}, {1, 6}, {5}, {3, 4}, {2}], [{8, 7}, {2, 6}, {1, 5}, {3, 4}], [{8, 7}, {2, 6}, {3, 5}, {1, 4}], [{8, 7}, {2, 6}, {4, 5}, {1, 3}], [{8, 7}, {3, 6}, {1, 5}, {2, 4}], [{8, 7}, {3, 6}, {2, 5}, {1, 4}], [{8, 7}, {3, 6}, {4, 5}, {1, 2}], [{8, 7}, {3, 6}, {4, 5}, {2}, {1}], [{8, 7}, {4, 6}, {1, 5}, {2, 3}], [{8, 7}, {4, 6}, {2, 5}, {1, 3}], [{8, 7}, {4, 6}, {3, 5}, {1, 2}], [{8, 7}, {5, 6}, {1, 4}, {2, 3}], [{8, 7}, {5, 6}, {2, 4}, {1, 3}], [{8, 7}, {5, 6}, {3, 4}, {1, 2}], [{8, 7}, {5, 6}, {3, 4}, {2}, {1}], [{8, 7}, {6}, {1, 5}, {3, 4}, {2}], [{8, 7}, {6}, {2, 5}, {1, 4}, {3}], [{8, 7}, {6}, {3, 5}, {1, 4}, {2}], [{8, 7}, {6}, {3, 5}, {2, 4}, {1}], [{8, 7}, {6}, {3, 5}, {4}, {1, 2}], [{8, 7}, {6}, {5}, {1, 4}, {2, 3}], [{8}, {1, 7}, {2, 6}, {4, 5}, {3}], [{8}, {2, 7}, {1, 6}, {4, 5}, {3}], [{8}, {2, 7}, {4, 6}, {3, 5}, {1}], [{8}, {2, 7}, {5, 6}, {3, 4}, {1}], [{8}, {3, 7}, {5, 6}, {4}, {1, 2}], [{8}, {3, 7}, {6}, {2, 5}, {1, 4}], [{8}, {4, 7}, {1, 6}, {5}, {2, 3}], [{8}, {4, 7}, {5, 6}, {2, 3}, {1}], [{8}, {4, 7}, {6}, {1, 5}, {2, 3}], [{8}, {4, 7}, {6}, {5}, {2, 3}, {1}], [{8}, {5, 7}, {4, 6}, {2, 3}, {1}], [{8}, {6, 7}, {4, 5}, {2, 3}, {1}]]",2,8 K_1^3 - 18 K_1^2 - 18 K_1 K_2 - 2 K_1 K_3 + 3 K_1 - 2 K_2^2 + 10 K_2 + 7 K_3 + 2 K_4 + 11,O1O2O3O4U5U6O7U3O8O6U4U1U7U8O5U2,O1O2O3O4U5U1O6U2O5O7U4U6U8U3O8U7,O1O2O3O4U5O6U2U6U7U1O5O8U3O7U4U8,c,{'O1O2O3O4U3O5U6U7U4U1O8O6U2O7U8U5'},1,"<a href=""/flatknot/8.733987"">8.733987</a>",t^9-38t^7-104t^6-18t^5+130t^4+32t^3-60t^2+8,-t^3+3t,,
8.733988,O1O2O3O4U3O5U6U7U4U2O8O6U1O7U8U5,3,13z^2+56z+61,-4w^4z^2+17w^3z^2-6w^3z+62w^2z+61w,False,False,"[[ 0 -1  1 -1  2  3 -2 -1 -1],[ 1  0  1 -1  2  3 -1  0 -1],[-1 -1  0 -1  1  0 -2 -1 -2],[ 1  1  1  0  1  1  0  0  0],[-2 -2 -1 -1  0 -1 -2 -1 -2],[-3 -3  0 -1  1  0 -3 -1 -2],[ 2  1  2  0  2  3  0  0  0],[ 1  0  1  0  1  1  0  0 -1],[ 1  1  2  0  2  2  0  1  0]]","[[ 0  3  2  1 -1 -1 -1 -1 -2],[-3  0  1  0 -1 -1 -2 -3 -3],[-2 -1  0 -1 -1 -1 -2 -2 -2],[-1  0  1  0 -1 -1 -2 -1 -2],[ 1  1  1  1  0  0  0  1  0],[ 1  1  1  1  0  0 -1  0  0],[ 1  2  2  2  0  1  0  1  0],[ 1  3  2  1 -1  0 -1  0 -1],[ 2  3  2  2  0  0  0  1  0]]",True,"[-3,-2,-1,1,1,1,1,2,-1,0,1,1,2,3,3,1,1,1,2,2,2,1,1,2,1,2,0,0,-1,0,1,0,0,-1,0,1]","[-3,-2,-1,1,1,1,1,2,-1,0,1,1,2,3,3,1,1,1,2,2,2,1,1,2,1,2,0,0,-1,0,1,0,0,-1,0,1]",t^8+55t^6+113t^4+48t^2,"[-2,-1,-1,-1,-1,1,2,3,0,1,1,1,1,2,2,0,1,1,1,1,1,0,1,1,2,3,0,1,2,3,0,1,2,0,2,2]","[-3,-2,-1,1,1,1,1,2,2,2,1,2,3,3,2,0,1,1,2,2,2,1,0,1,1,1,-1,-1,0,0,0,1,1,0,1,1]","[-2,-1,-1,-1,-1,1,2,3,0,0,0,1,2,2,3,-1,0,0,1,1,1,0,1,2,2,2,1,1,1,1,1,2,3,1,0,-1]",c,"[[{8, 1}, {2, 7}, {3, 6}, {4, 5}], [{8, 1}, {2, 7}, {4, 6}, {3, 5}], [{8, 1}, {2, 7}, {4, 6}, {5}, {3}], [{8, 1}, {2, 7}, {5, 6}, {3, 4}], [{8, 1}, {2, 7}, {6}, {3, 5}, {4}], [{8, 1}, {3, 7}, {2, 6}, {4, 5}], [{8, 1}, {3, 7}, {4, 6}, {2, 5}], [{8, 1}, {3, 7}, {5, 6}, {2, 4}], [{8, 1}, {3, 7}, {6}, {2, 5}, {4}], [{8, 1}, {4, 7}, {2, 6}, {3, 5}], [{8, 1}, {4, 7}, {2, 6}, {5}, {3}], [{8, 1}, {4, 7}, {3, 6}, {2, 5}], [{8, 1}, {4, 7}, {5, 6}, {2, 3}], [{8, 1}, {5, 7}, {2, 6}, {3, 4}], [{8, 1}, {5, 7}, {3, 6}, {2, 4}], [{8, 1}, {5, 7}, {4, 6}, {2, 3}], [{8, 1}, {5, 7}, {6}, {3, 4}, {2}], [{8, 1}, {6, 7}, {2, 5}, {3, 4}], [{8, 1}, {6, 7}, {3, 5}, {2, 4}], [{8, 1}, {6, 7}, {4, 5}, {2, 3}], [{8, 1}, {6, 7}, {5}, {3, 4}, {2}], [{8, 1}, {7}, {4, 6}, {3, 5}, {2}], [{8, 1}, {7}, {5, 6}, {3, 4}, {2}], [{8, 2}, {1, 7}, {3, 6}, {4, 5}], [{8, 2}, {1, 7}, {4, 6}, {3, 5}], [{8, 2}, {1, 7}, {5, 6}, {3, 4}], [{8, 2}, {3, 7}, {1, 6}, {4, 5}], [{8, 2}, {3, 7}, {4, 6}, {1, 5}], [{8, 2}, {3, 7}, {5, 6}, {1, 4}], [{8, 2}, {3, 7}, {6}, {1, 5}, {4}], [{8, 2}, {4, 7}, {1, 6}, {3, 5}], [{8, 2}, {4, 7}, {3, 6}, {1, 5}], [{8, 2}, {4, 7}, {5, 6}, {1, 3}], [{8, 2}, {4, 7}, {6}, {1, 5}, {3}], [{8, 2}, {5, 7}, {1, 6}, {3, 4}], [{8, 2}, {5, 7}, {3, 6}, {1, 4}], [{8, 2}, {5, 7}, {4, 6}, {1, 3}], [{8, 2}, {6, 7}, {1, 5}, {3, 4}], [{8, 2}, {6, 7}, {1, 5}, {4}, {3}], [{8, 2}, {6, 7}, {3, 5}, {1, 4}], [{8, 2}, {6, 7}, {4, 5}, {1, 3}], [{8, 2}, {7}, {3, 6}, {1, 5}, {4}], [{8, 2}, {7}, {4, 6}, {1, 5}, {3}], [{8, 2}, {7}, {6}, {1, 5}, {3, 4}], [{8, 2}, {7}, {6}, {1, 5}, {4}, {3}], [{8, 2}, {7}, {6}, {3, 5}, {1, 4}], [{8, 2}, {7}, {6}, {4, 5}, {1, 3}], [{8, 3}, {1, 7}, {2, 6}, {4, 5}], [{8, 3}, {1, 7}, {4, 6}, {2, 5}], [{8, 3}, {1, 7}, {5, 6}, {2, 4}], [{8, 3}, {2, 7}, {1, 6}, {4, 5}], [{8, 3}, {2, 7}, {4, 6}, {1, 5}], [{8, 3}, {2, 7}, {4, 6}, {5}, {1}], [{8, 3}, {2, 7}, {5, 6}, {1, 4}], [{8, 3}, {2, 7}, {6}, {1, 5}, {4}], [{8, 3}, {4, 7}, {1, 6}, {2, 5}], [{8, 3}, {4, 7}, {2, 6}, {1, 5}], [{8, 3}, {4, 7}, {5, 6}, {1, 2}], [{8, 3}, {4, 7}, {6}, {1, 5}, {2}], [{8, 3}, {4, 7}, {6}, {2, 5}, {1}], [{8, 3}, {4, 7}, {6}, {5}, {1, 2}], [{8, 3}, {5, 7}, {1, 6}, {2, 4}], [{8, 3}, {5, 7}, {2, 6}, {1, 4}], [{8, 3}, {5, 7}, {4, 6}, {1, 2}], [{8, 3}, {6, 7}, {1, 5}, {2, 4}], [{8, 3}, {6, 7}, {1, 5}, {4}, {2}], [{8, 3}, {6, 7}, {2, 5}, {1, 4}], [{8, 3}, {6, 7}, {4, 5}, {1, 2}], [{8, 3}, {7}, {2, 6}, {1, 5}, {4}], [{8, 3}, {7}, {4, 6}, {1, 5}, {2}], [{8, 3}, {7}, {6}, {1, 5}, {2, 4}], [{8, 3}, {7}, {6}, {1, 5}, {4}, {2}], [{8, 4}, {1, 7}, {2, 6}, {3, 5}], [{8, 4}, {1, 7}, {3, 6}, {2, 5}], [{8, 4}, {1, 7}, {5, 6}, {2, 3}], [{8, 4}, {2, 7}, {1, 6}, {3, 5}], [{8, 4}, {2, 7}, {3, 6}, {1, 5}], [{8, 4}, {2, 7}, {5, 6}, {1, 3}], [{8, 4}, {2, 7}, {6}, {1, 5}, {3}], [{8, 4}, {2, 7}, {6}, {3, 5}, {1}], [{8, 4}, {2, 7}, {6}, {5}, {1, 3}], [{8, 4}, {3, 7}, {1, 6}, {2, 5}], [{8, 4}, {3, 7}, {2, 6}, {1, 5}], [{8, 4}, {3, 7}, {5, 6}, {1, 2}], [{8, 4}, {3, 7}, {6}, {1, 5}, {2}], [{8, 4}, {3, 7}, {6}, {2, 5}, {1}], [{8, 4}, {3, 7}, {6}, {5}, {1, 2}], [{8, 4}, {5, 7}, {1, 6}, {2, 3}], [{8, 4}, {5, 7}, {2, 6}, {1, 3}], [{8, 4}, {5, 7}, {3, 6}, {1, 2}], [{8, 4}, {6, 7}, {1, 5}, {2, 3}], [{8, 4}, {6, 7}, {1, 5}, {3}, {2}], [{8, 4}, {6, 7}, {2, 5}, {1, 3}], [{8, 4}, {6, 7}, {3, 5}, {1, 2}], [{8, 4}, {6, 7}, {3, 5}, {2}, {1}], [{8, 4}, {6, 7}, {5}, {1, 3}, {2}], [{8, 4}, {7}, {2, 6}, {1, 5}, {3}], [{8, 4}, {7}, {2, 6}, {3, 5}, {1}], [{8, 4}, {7}, {2, 6}, {5}, {1, 3}], [{8, 4}, {7}, {3, 6}, {1, 5}, {2}], [{8, 4}, {7}, {6}, {1, 5}, {2, 3}], [{8, 4}, {7}, {6}, {1, 5}, {3}, {2}], [{8, 5}, {1, 7}, {2, 6}, {3, 4}], [{8, 5}, {1, 7}, {3, 6}, {2, 4}], [{8, 5}, {1, 7}, {4, 6}, {2, 3}], [{8, 5}, {1, 7}, {6}, {3, 4}, {2}], [{8, 5}, {2, 7}, {1, 6}, {3, 4}], [{8, 5}, {2, 7}, {3, 6}, {1, 4}], [{8, 5}, {2, 7}, {4, 6}, {1, 3}], [{8, 5}, {2, 7}, {4, 6}, {3}, {1}], [{8, 5}, {2, 7}, {6}, {4}, {1, 3}], [{8, 5}, {3, 7}, {1, 6}, {2, 4}], [{8, 5}, {3, 7}, {2, 6}, {1, 4}], [{8, 5}, {3, 7}, {4, 6}, {1, 2}], [{8, 5}, {3, 7}, {6}, {4}, {1, 2}], [{8, 5}, {4, 7}, {1, 6}, {2, 3}], [{8, 5}, {4, 7}, {2, 6}, {1, 3}], [{8, 5}, {4, 7}, {2, 6}, {3}, {1}], [{8, 5}, {4, 7}, {3, 6}, {1, 2}], [{8, 5}, {6, 7}, {1, 4}, {2, 3}], [{8, 5}, {6, 7}, {2, 4}, {1, 3}], [{8, 5}, {6, 7}, {3, 4}, {1, 2}], [{8, 5}, {6, 7}, {3, 4}, {2}, {1}], [{8, 5}, {7}, {1, 6}, {3, 4}, {2}], [{8, 5}, {7}, {4, 6}, {1, 3}, {2}], [{8, 6}, {1, 7}, {2, 5}, {3, 4}], [{8, 6}, {1, 7}, {3, 5}, {2, 4}], [{8, 6}, {1, 7}, {4, 5}, {2, 3}], [{8, 6}, {1, 7}, {5}, {3, 4}, {2}], [{8, 6}, {2, 7}, {1, 5}, {3, 4}], [{8, 6}, {2, 7}, {1, 5}, {4}, {3}], [{8, 6}, {2, 7}, {3, 5}, {1, 4}], [{8, 6}, {2, 7}, {3, 5}, {4}, {1}], [{8, 6}, {2, 7}, {4, 5}, {1, 3}], [{8, 6}, {2, 7}, {5}, {4}, {1, 3}], [{8, 6}, {3, 7}, {1, 5}, {2, 4}], [{8, 6}, {3, 7}, {1, 5}, {4}, {2}], [{8, 6}, {3, 7}, {2, 5}, {1, 4}], [{8, 6}, {3, 7}, {2, 5}, {4}, {1}], [{8, 6}, {3, 7}, {4, 5}, {1, 2}], [{8, 6}, {3, 7}, {5}, {4}, {1, 2}], [{8, 6}, {4, 7}, {1, 5}, {2, 3}], [{8, 6}, {4, 7}, {1, 5}, {3}, {2}], [{8, 6}, {4, 7}, {2, 5}, {1, 3}], [{8, 6}, {4, 7}, {3, 5}, {1, 2}], [{8, 6}, {5, 7}, {1, 4}, {2, 3}], [{8, 6}, {5, 7}, {2, 4}, {1, 3}], [{8, 6}, {5, 7}, {3, 4}, {1, 2}], [{8, 6}, {5, 7}, {3, 4}, {2}, {1}], [{8, 6}, {7}, {1, 5}, {2, 4}, {3}], [{8, 6}, {7}, {1, 5}, {3, 4}, {2}], [{8, 6}, {7}, {1, 5}, {4}, {2, 3}], [{8, 6}, {7}, {1, 5}, {4}, {3}, {2}], [{8, 7}, {1, 6}, {2, 5}, {3, 4}], [{8, 7}, {1, 6}, {3, 5}, {2, 4}], [{8, 7}, {1, 6}, {4, 5}, {2, 3}], [{8, 7}, {1, 6}, {5}, {3, 4}, {2}], [{8, 7}, {2, 6}, {1, 5}, {3, 4}], [{8, 7}, {2, 6}, {1, 5}, {4}, {3}], [{8, 7}, {2, 6}, {3, 5}, {1, 4}], [{8, 7}, {2, 6}, {4, 5}, {1, 3}], [{8, 7}, {2, 6}, {5}, {3, 4}, {1}], [{8, 7}, {3, 6}, {1, 5}, {2, 4}], [{8, 7}, {3, 6}, {1, 5}, {4}, {2}], [{8, 7}, {3, 6}, {2, 5}, {1, 4}], [{8, 7}, {3, 6}, {4, 5}, {1, 2}], [{8, 7}, {4, 6}, {1, 5}, {2, 3}], [{8, 7}, {4, 6}, {1, 5}, {3}, {2}], [{8, 7}, {4, 6}, {2, 5}, {1, 3}], [{8, 7}, {4, 6}, {3, 5}, {1, 2}], [{8, 7}, {5, 6}, {1, 4}, {2, 3}], [{8, 7}, {5, 6}, {2, 4}, {1, 3}], [{8, 7}, {5, 6}, {3, 4}, {1, 2}], [{8, 7}, {5, 6}, {3, 4}, {2}, {1}], [{8, 7}, {6}, {1, 5}, {2, 4}, {3}], [{8, 7}, {6}, {1, 5}, {3, 4}, {2}], [{8, 7}, {6}, {1, 5}, {4}, {2, 3}], [{8, 7}, {6}, {1, 5}, {4}, {3}, {2}], [{8, 7}, {6}, {2, 5}, {3, 4}, {1}], [{8, 7}, {6}, {3, 5}, {1, 4}, {2}], [{8, 7}, {6}, {4, 5}, {1, 3}, {2}], [{8, 7}, {6}, {5}, {3, 4}, {1, 2}], [{8, 7}, {6}, {5}, {3, 4}, {2}, {1}], [{8}, {1, 7}, {5, 6}, {3, 4}, {2}], [{8}, {2, 7}, {1, 6}, {3, 5}, {4}], [{8}, {2, 7}, {3, 6}, {1, 5}, {4}], [{8}, {2, 7}, {4, 6}, {1, 5}, {3}], [{8}, {2, 7}, {4, 6}, {3, 5}, {1}], [{8}, {2, 7}, {4, 6}, {5}, {1, 3}], [{8}, {2, 7}, {5, 6}, {4}, {1, 3}], [{8}, {2, 7}, {6}, {1, 5}, {3, 4}], [{8}, {2, 7}, {6}, {1, 5}, {4}, {3}], [{8}, {2, 7}, {6}, {3, 5}, {1, 4}], [{8}, {2, 7}, {6}, {3, 5}, {4}, {1}], [{8}, {2, 7}, {6}, {4, 5}, {1, 3}], [{8}, {2, 7}, {6}, {5}, {4}, {1, 3}], [{8}, {3, 7}, {1, 6}, {2, 5}, {4}], [{8}, {3, 7}, {2, 6}, {1, 5}, {4}], [{8}, {3, 7}, {4, 6}, {1, 5}, {2}], [{8}, {3, 7}, {4, 6}, {2, 5}, {1}], [{8}, {3, 7}, {4, 6}, {5}, {1, 2}], [{8}, {3, 7}, {5, 6}, {4}, {1, 2}], [{8}, {3, 7}, {6}, {1, 5}, {2, 4}], [{8}, {3, 7}, {6}, {1, 5}, {4}, {2}], [{8}, {3, 7}, {6}, {2, 5}, {1, 4}], [{8}, {3, 7}, {6}, {2, 5}, {4}, {1}], [{8}, {3, 7}, {6}, {4, 5}, {1, 2}], [{8}, {3, 7}, {6}, {5}, {4}, {1, 2}], [{8}, {4, 7}, {2, 6}, {1, 5}, {3}], [{8}, {4, 7}, {3, 6}, {1, 5}, {2}], [{8}, {4, 7}, {6}, {1, 5}, {2, 3}], [{8}, {4, 7}, {6}, {1, 5}, {3}, {2}], [{8}, {5, 7}, {1, 6}, {3, 4}, {2}], [{8}, {6, 7}, {1, 5}, {2, 4}, {3}], [{8}, {6, 7}, {1, 5}, {3, 4}, {2}], [{8}, {6, 7}, {1, 5}, {4}, {2, 3}], [{8}, {6, 7}, {1, 5}, {4}, {3}, {2}], [{8}, {7}, {2, 6}, {1, 5}, {3, 4}], [{8}, {7}, {2, 6}, {1, 5}, {4}, {3}], [{8}, {7}, {3, 6}, {1, 5}, {2, 4}], [{8}, {7}, {3, 6}, {1, 5}, {4}, {2}], [{8}, {7}, {4, 6}, {1, 5}, {2, 3}], [{8}, {7}, {4, 6}, {1, 5}, {3}, {2}], [{8}, {7}, {6}, {1, 5}, {2, 4}, {3}], [{8}, {7}, {6}, {1, 5}, {3, 4}, {2}], [{8}, {7}, {6}, {1, 5}, {4}, {2, 3}], [{8}, {7}, {6}, {1, 5}, {4}, {3}, {2}]]",2,8 K_1^3 - 8 K_1^2 - 14 K_1 K_2 - 4 K_1 K_3 + K_1 + 6 K_2 + 5 K_3 + 2 K_4 + 5,O1O2O3O4U5U6O7U4O8O6U3U1U7U8O5U2,O1O2O3O4U5U1O6U2O5O7U6U4U8U3O8U7,O1O2O3O4U5O6U2U6U1U7O5O8U3O7U4U8,c,"{'O1O2O3O4U3O5U6U7U4U2O8O6U1O7U8U5', 'O1O2O3U2O4O5U6U7U3U4O8O6U1O7U8U5'}",2,"<a href=""/flatknot/8.733988"">8.733988</a>",t^9-49t^7-132t^6-25t^5+166t^4+65t^3-32t^2+28t,-t^3+3t,,
8.733989,O1O2O3O4U3O5U6U7U8U1O8O6U2O7U5U4,4,9z^2+78z+121,9w^3z^2+78w^2z+121w,False,False,"[[ 0  0  0 -1  3  2 -2 -1 -1],[ 0  0 -1  0  1 -1  1  1  0],[ 0  1  0  0  2  0  0  1  0],[ 1  0  0  0  1  0  1  1  1],[-3 -1 -2 -1  0  0 -4 -2 -3],[-2  1  0  0  0  0 -3 -1 -2],[ 2 -1  0 -1  4  3  0  0  1],[ 1 -1 -1 -1  2  1  0  0  0],[ 1  0  0 -1  3  2 -1  0  0]]","[[ 0  3  2  0  0 -1 -1 -1 -2],[-3  0  0 -1 -2 -1 -2 -3 -4],[-2  0  0  1  0  0 -1 -2 -3],[ 0  1 -1  0 -1  0  1  0  1],[ 0  2  0  1  0  0  1  0  0],[ 1  1  0  0  0  0  1  1  1],[ 1  2  1 -1 -1 -1  0  0  0],[ 1  3  2  0  0 -1  0  0 -1],[ 2  4  3 -1  0 -1  0  1  0]]",True,"[-3,-2,0,0,1,1,1,2,0,1,2,1,2,3,4,-1,0,0,1,2,3,1,0,-1,0,-1,0,-1,0,0,-1,-1,-1,0,0,1]","[-3,-2,0,0,1,1,1,2,0,1,2,1,2,3,4,-1,0,0,1,2,3,1,0,-1,0,-1,0,-1,0,0,-1,-1,-1,0,0,1]",t^8+58t^6+357t^4+44t^2,"[-2,-1,-1,-1,0,0,2,3,0,1,2,2,3,1,1,0,1,1,1,1,1,1,2,2,2,2,1,1,3,3,-1,2,1,3,2,1]","[-3,-2,0,0,1,1,1,2,1,1,2,1,2,3,1,2,3,1,2,3,1,1,1,2,1,2,1,2,1,3,0,-1,0,-1,1,2]","[-2,-1,-1,-1,0,0,2,3,-1,0,1,-1,0,3,4,1,1,0,0,0,1,0,-1,-1,1,2,0,0,2,3,-1,-1,1,0,2,0]",c,"[[{8, 1}, {2, 7}, {3, 6}, {4, 5}], [{8, 1}, {2, 7}, {3, 6}, {5}, {4}], [{8, 1}, {2, 7}, {4, 6}, {3, 5}], [{8, 1}, {2, 7}, {4, 6}, {5}, {3}], [{8, 1}, {2, 7}, {5, 6}, {3, 4}], [{8, 1}, {2, 7}, {5, 6}, {4}, {3}], [{8, 1}, {2, 7}, {6}, {3, 5}, {4}], [{8, 1}, {2, 7}, {6}, {4, 5}, {3}], [{8, 1}, {2, 7}, {6}, {5}, {3, 4}], [{8, 1}, {3, 7}, {2, 6}, {4, 5}], [{8, 1}, {3, 7}, {4, 6}, {2, 5}], [{8, 1}, {3, 7}, {5, 6}, {2, 4}], [{8, 1}, {4, 7}, {2, 6}, {3, 5}], [{8, 1}, {4, 7}, {3, 6}, {2, 5}], [{8, 1}, {4, 7}, {5, 6}, {2, 3}], [{8, 1}, {5, 7}, {2, 6}, {3, 4}], [{8, 1}, {5, 7}, {2, 6}, {4}, {3}], [{8, 1}, {5, 7}, {3, 6}, {2, 4}], [{8, 1}, {5, 7}, {4, 6}, {2, 3}], [{8, 1}, {6, 7}, {2, 5}, {3, 4}], [{8, 1}, {6, 7}, {3, 5}, {2, 4}], [{8, 1}, {6, 7}, {4, 5}, {2, 3}], [{8, 1}, {6, 7}, {5}, {2, 4}, {3}], [{8, 1}, {7}, {3, 6}, {4, 5}, {2}], [{8, 1}, {7}, {4, 6}, {3, 5}, {2}], [{8, 1}, {7}, {5, 6}, {3, 4}, {2}], [{8, 2}, {1, 7}, {3, 6}, {4, 5}], [{8, 2}, {1, 7}, {3, 6}, {5}, {4}], [{8, 2}, {1, 7}, {4, 6}, {3, 5}], [{8, 2}, {1, 7}, {4, 6}, {5}, {3}], [{8, 2}, {1, 7}, {5, 6}, {3, 4}], [{8, 2}, {1, 7}, {6}, {5}, {3, 4}], [{8, 2}, {3, 7}, {1, 6}, {4, 5}], [{8, 2}, {3, 7}, {4, 6}, {1, 5}], [{8, 2}, {3, 7}, {5, 6}, {1, 4}], [{8, 2}, {4, 7}, {1, 6}, {3, 5}], [{8, 2}, {4, 7}, {3, 6}, {1, 5}], [{8, 2}, {4, 7}, {5, 6}, {1, 3}], [{8, 2}, {5, 7}, {1, 6}, {3, 4}], [{8, 2}, {5, 7}, {1, 6}, {4}, {3}], [{8, 2}, {5, 7}, {3, 6}, {1, 4}], [{8, 2}, {5, 7}, {4, 6}, {1, 3}], [{8, 2}, {6, 7}, {1, 5}, {3, 4}], [{8, 2}, {6, 7}, {3, 5}, {1, 4}], [{8, 2}, {6, 7}, {4, 5}, {1, 3}], [{8, 3}, {1, 7}, {2, 6}, {4, 5}], [{8, 3}, {1, 7}, {4, 6}, {2, 5}], [{8, 3}, {1, 7}, {5, 6}, {2, 4}], [{8, 3}, {2, 7}, {1, 6}, {4, 5}], [{8, 3}, {2, 7}, {4, 6}, {1, 5}], [{8, 3}, {2, 7}, {5, 6}, {1, 4}], [{8, 3}, {2, 7}, {5, 6}, {4}, {1}], [{8, 3}, {4, 7}, {1, 6}, {2, 5}], [{8, 3}, {4, 7}, {2, 6}, {1, 5}], [{8, 3}, {4, 7}, {5, 6}, {1, 2}], [{8, 3}, {5, 7}, {1, 6}, {2, 4}], [{8, 3}, {5, 7}, {2, 6}, {1, 4}], [{8, 3}, {5, 7}, {4, 6}, {1, 2}], [{8, 3}, {6, 7}, {1, 5}, {2, 4}], [{8, 3}, {6, 7}, {2, 5}, {1, 4}], [{8, 3}, {6, 7}, {4, 5}, {1, 2}], [{8, 3}, {7}, {1, 6}, {5}, {2, 4}], [{8, 4}, {1, 7}, {2, 6}, {3, 5}], [{8, 4}, {1, 7}, {3, 6}, {2, 5}], [{8, 4}, {1, 7}, {5, 6}, {2, 3}], [{8, 4}, {2, 7}, {1, 6}, {3, 5}], [{8, 4}, {2, 7}, {3, 6}, {1, 5}], [{8, 4}, {2, 7}, {5, 6}, {1, 3}], [{8, 4}, {2, 7}, {5, 6}, {3}, {1}], [{8, 4}, {3, 7}, {1, 6}, {2, 5}], [{8, 4}, {3, 7}, {2, 6}, {1, 5}], [{8, 4}, {3, 7}, {5, 6}, {1, 2}], [{8, 4}, {3, 7}, {6}, {1, 5}, {2}], [{8, 4}, {5, 7}, {1, 6}, {2, 3}], [{8, 4}, {5, 7}, {1, 6}, {3}, {2}], [{8, 4}, {5, 7}, {2, 6}, {1, 3}], [{8, 4}, {5, 7}, {3, 6}, {1, 2}], [{8, 4}, {6, 7}, {1, 5}, {2, 3}], [{8, 4}, {6, 7}, {2, 5}, {1, 3}], [{8, 4}, {6, 7}, {3, 5}, {1, 2}], [{8, 4}, {7}, {1, 6}, {5}, {2, 3}], [{8, 4}, {7}, {2, 6}, {1, 5}, {3}], [{8, 4}, {7}, {5, 6}, {1, 3}, {2}], [{8, 5}, {1, 7}, {2, 6}, {3, 4}], [{8, 5}, {1, 7}, {3, 6}, {2, 4}], [{8, 5}, {1, 7}, {4, 6}, {2, 3}], [{8, 5}, {2, 7}, {1, 6}, {3, 4}], [{8, 5}, {2, 7}, {3, 6}, {1, 4}], [{8, 5}, {2, 7}, {4, 6}, {1, 3}], [{8, 5}, {2, 7}, {6}, {1, 4}, {3}], [{8, 5}, {3, 7}, {1, 6}, {2, 4}], [{8, 5}, {3, 7}, {2, 6}, {1, 4}], [{8, 5}, {3, 7}, {4, 6}, {1, 2}], [{8, 5}, {4, 7}, {1, 6}, {2, 3}], [{8, 5}, {4, 7}, {2, 6}, {1, 3}], [{8, 5}, {4, 7}, {3, 6}, {1, 2}], [{8, 5}, {6, 7}, {1, 4}, {2, 3}], [{8, 5}, {6, 7}, {2, 4}, {1, 3}], [{8, 5}, {6, 7}, {3, 4}, {1, 2}], [{8, 5}, {6, 7}, {4}, {3}, {1, 2}], [{8, 6}, {1, 7}, {2, 5}, {3, 4}], [{8, 6}, {1, 7}, {3, 5}, {2, 4}], [{8, 6}, {1, 7}, {4, 5}, {2, 3}], [{8, 6}, {2, 7}, {1, 5}, {3, 4}], [{8, 6}, {2, 7}, {3, 5}, {1, 4}], [{8, 6}, {2, 7}, {4, 5}, {1, 3}], [{8, 6}, {2, 7}, {5}, {1, 4}, {3}], [{8, 6}, {3, 7}, {1, 5}, {2, 4}], [{8, 6}, {3, 7}, {2, 5}, {1, 4}], [{8, 6}, {3, 7}, {4, 5}, {1, 2}], [{8, 6}, {4, 7}, {1, 5}, {2, 3}], [{8, 6}, {4, 7}, {2, 5}, {1, 3}], [{8, 6}, {4, 7}, {3, 5}, {1, 2}], [{8, 6}, {4, 7}, {5}, {2, 3}, {1}], [{8, 6}, {5, 7}, {1, 4}, {2, 3}], [{8, 6}, {5, 7}, {2, 4}, {1, 3}], [{8, 6}, {5, 7}, {3, 4}, {1, 2}], [{8, 7}, {1, 6}, {2, 5}, {3, 4}], [{8, 7}, {1, 6}, {3, 5}, {2, 4}], [{8, 7}, {1, 6}, {4, 5}, {2, 3}], [{8, 7}, {1, 6}, {5}, {3, 4}, {2}], [{8, 7}, {2, 6}, {1, 5}, {3, 4}], [{8, 7}, {2, 6}, {3, 5}, {1, 4}], [{8, 7}, {2, 6}, {4, 5}, {1, 3}], [{8, 7}, {3, 6}, {1, 5}, {2, 4}], [{8, 7}, {3, 6}, {2, 5}, {1, 4}], [{8, 7}, {3, 6}, {4, 5}, {1, 2}], [{8, 7}, {4, 6}, {1, 5}, {2, 3}], [{8, 7}, {4, 6}, {2, 5}, {1, 3}], [{8, 7}, {4, 6}, {3, 5}, {1, 2}], [{8, 7}, {5, 6}, {1, 4}, {2, 3}], [{8, 7}, {5, 6}, {2, 4}, {1, 3}], [{8, 7}, {5, 6}, {3, 4}, {1, 2}], [{8, 7}, {6}, {1, 5}, {2, 4}, {3}], [{8}, {1, 7}, {2, 6}, {4, 5}, {3}], [{8}, {1, 7}, {5, 6}, {2, 4}, {3}], [{8}, {2, 7}, {3, 6}, {4, 5}, {1}], [{8}, {2, 7}, {4, 6}, {3, 5}, {1}], [{8}, {2, 7}, {5, 6}, {1, 4}, {3}], [{8}, {2, 7}, {5, 6}, {3, 4}, {1}], [{8}, {2, 7}, {5, 6}, {4}, {1, 3}], [{8}, {2, 7}, {5, 6}, {4}, {3}, {1}], [{8}, {4, 7}, {5, 6}, {3}, {1, 2}], [{8}, {4, 7}, {6}, {1, 5}, {2, 3}], [{8}, {5, 7}, {1, 6}, {2, 4}, {3}], [{8}, {5, 7}, {6}, {1, 4}, {2, 3}], [{8}, {6, 7}, {5}, {3, 4}, {1, 2}]]",2,4 K_1^3 - 28 K_1^2 - 10 K_1 K_2 + 2 K_1 + 14 K_2 + 4 K_3 + 15,O1O2O3O4U1U5O6U3O7O8U4U8U6U7O5U2,O1O2O3O4U3U1O5U2O6O7U4U5U8U7O8U6,O1O2O3O4U5O6U7U6U8U1O7O5U3O8U4U2,c,{'O1O2O3O4U3O5U6U7U8U1O8O6U2O7U5U4'},1,"<a href=""/flatknot/8.733989"">8.733989</a>",t^9-52t^7-102t^6+163t^5+476t^4+81t^3-412t^2-184t+38,-t^3+3t,,
8.733990,O1O2O3O4U3O5U6U7U8U1O8O6U4O7U2U5,4,2z^3+23z^2+100z+125,2w^4z^3+23w^3z^2+100w^2z+125w,False,False,"[[ 0  0  0 -1  2  3 -2 -1 -1],[ 0  0 -1  0  0  0  1  1  0],[ 0  1  0 -1  2  2 -1  0  0],[ 1  0  1  0  1  1  1  0  1],[-2  0 -2 -1  0  0 -2 -1 -2],[-3  0 -2 -1  0  0 -4 -2 -3],[ 2 -1  1 -1  2  4  0  0  1],[ 1 -1  0  0  1  2  0  0  0],[ 1  0  0 -1  2  3 -1  0  0]]","[[ 0  3  2  0  0 -1 -1 -1 -2],[-3  0  0  0 -2 -1 -2 -3 -4],[-2  0  0  0 -2 -1 -1 -2 -2],[ 0  0  0  0 -1  0  1  0  1],[ 0  2  2  1  0 -1  0  0 -1],[ 1  1  1  0  1  0  0  1  1],[ 1  2  1 -1  0  0  0  0  0],[ 1  3  2  0  0 -1  0  0 -1],[ 2  4  2 -1  1 -1  0  1  0]]",True,"[-3,-2,0,0,1,1,1,2,0,0,2,1,2,3,4,0,2,1,1,2,2,1,0,-1,0,-1,1,0,0,1,0,-1,-1,0,0,1]","[-3,-2,0,0,1,1,1,2,0,0,2,1,2,3,4,0,2,1,1,2,2,1,0,-1,0,-1,1,0,0,1,0,-1,-1,0,0,1]",t^8+56t^6+204t^4+63t^2,"[-2,-1,-1,-1,0,0,2,3,0,1,2,1,3,2,1,0,1,1,1,1,1,0,1,2,2,2,0,1,2,3,-1,0,1,2,3,1]","[-3,-2,0,0,1,1,1,2,1,1,3,1,2,3,1,0,2,1,2,2,2,1,1,1,0,1,1,2,1,3,0,-1,0,0,1,2]","[-2,-1,-1,-1,0,0,2,3,-1,0,1,-1,1,2,4,0,1,0,1,1,1,0,-1,0,1,2,0,0,2,3,-1,0,0,2,2,0]",c,"[[{8, 1}, {2, 7}, {3, 6}, {4, 5}], [{8, 1}, {2, 7}, {3, 6}, {5}, {4}], [{8, 1}, {2, 7}, {4, 6}, {3, 5}], [{8, 1}, {2, 7}, {4, 6}, {5}, {3}], [{8, 1}, {2, 7}, {5, 6}, {3, 4}], [{8, 1}, {2, 7}, {5, 6}, {4}, {3}], [{8, 1}, {2, 7}, {6}, {3, 5}, {4}], [{8, 1}, {2, 7}, {6}, {4, 5}, {3}], [{8, 1}, {2, 7}, {6}, {5}, {3, 4}], [{8, 1}, {2, 7}, {6}, {5}, {4}, {3}], [{8, 1}, {3, 7}, {2, 6}, {4, 5}], [{8, 1}, {3, 7}, {2, 6}, {5}, {4}], [{8, 1}, {3, 7}, {4, 6}, {2, 5}], [{8, 1}, {3, 7}, {5, 6}, {2, 4}], [{8, 1}, {4, 7}, {2, 6}, {3, 5}], [{8, 1}, {4, 7}, {3, 6}, {2, 5}], [{8, 1}, {4, 7}, {5, 6}, {2, 3}], [{8, 1}, {4, 7}, {6}, {3, 5}, {2}], [{8, 1}, {5, 7}, {2, 6}, {3, 4}], [{8, 1}, {5, 7}, {3, 6}, {2, 4}], [{8, 1}, {5, 7}, {4, 6}, {2, 3}], [{8, 1}, {6, 7}, {2, 5}, {3, 4}], [{8, 1}, {6, 7}, {3, 5}, {2, 4}], [{8, 1}, {6, 7}, {4, 5}, {2, 3}], [{8, 1}, {6, 7}, {5}, {4}, {2, 3}], [{8, 1}, {7}, {5, 6}, {3, 4}, {2}], [{8, 1}, {7}, {6}, {3, 5}, {2, 4}], [{8, 2}, {1, 7}, {3, 6}, {4, 5}], [{8, 2}, {1, 7}, {3, 6}, {5}, {4}], [{8, 2}, {1, 7}, {4, 6}, {3, 5}], [{8, 2}, {1, 7}, {5, 6}, {3, 4}], [{8, 2}, {3, 7}, {1, 6}, {4, 5}], [{8, 2}, {3, 7}, {4, 6}, {1, 5}], [{8, 2}, {3, 7}, {5, 6}, {1, 4}], [{8, 2}, {3, 7}, {5, 6}, {4}, {1}], [{8, 2}, {3, 7}, {6}, {5}, {1, 4}], [{8, 2}, {4, 7}, {1, 6}, {3, 5}], [{8, 2}, {4, 7}, {3, 6}, {1, 5}], [{8, 2}, {4, 7}, {5, 6}, {1, 3}], [{8, 2}, {5, 7}, {1, 6}, {3, 4}], [{8, 2}, {5, 7}, {3, 6}, {1, 4}], [{8, 2}, {5, 7}, {4, 6}, {1, 3}], [{8, 2}, {5, 7}, {6}, {1, 4}, {3}], [{8, 2}, {6, 7}, {1, 5}, {3, 4}], [{8, 2}, {6, 7}, {3, 5}, {1, 4}], [{8, 2}, {6, 7}, {4, 5}, {1, 3}], [{8, 2}, {7}, {6}, {3, 5}, {1, 4}], [{8, 3}, {1, 7}, {2, 6}, {4, 5}], [{8, 3}, {1, 7}, {4, 6}, {2, 5}], [{8, 3}, {1, 7}, {5, 6}, {2, 4}], [{8, 3}, {1, 7}, {6}, {2, 5}, {4}], [{8, 3}, {1, 7}, {6}, {4, 5}, {2}], [{8, 3}, {1, 7}, {6}, {5}, {2, 4}], [{8, 3}, {2, 7}, {1, 6}, {4, 5}], [{8, 3}, {2, 7}, {4, 6}, {1, 5}], [{8, 3}, {2, 7}, {5, 6}, {1, 4}], [{8, 3}, {2, 7}, {6}, {1, 5}, {4}], [{8, 3}, {4, 7}, {1, 6}, {2, 5}], [{8, 3}, {4, 7}, {2, 6}, {1, 5}], [{8, 3}, {4, 7}, {5, 6}, {1, 2}], [{8, 3}, {4, 7}, {6}, {1, 5}, {2}], [{8, 3}, {5, 7}, {1, 6}, {2, 4}], [{8, 3}, {5, 7}, {2, 6}, {1, 4}], [{8, 3}, {5, 7}, {2, 6}, {4}, {1}], [{8, 3}, {5, 7}, {4, 6}, {1, 2}], [{8, 3}, {5, 7}, {4, 6}, {2}, {1}], [{8, 3}, {5, 7}, {6}, {2, 4}, {1}], [{8, 3}, {6, 7}, {1, 5}, {2, 4}], [{8, 3}, {6, 7}, {2, 5}, {1, 4}], [{8, 3}, {6, 7}, {4, 5}, {1, 2}], [{8, 3}, {6, 7}, {5}, {2, 4}, {1}], [{8, 3}, {7}, {1, 6}, {5}, {2, 4}], [{8, 3}, {7}, {5, 6}, {1, 4}, {2}], [{8, 3}, {7}, {5, 6}, {2, 4}, {1}], [{8, 3}, {7}, {5, 6}, {4}, {1, 2}], [{8, 3}, {7}, {6}, {1, 5}, {2, 4}], [{8, 3}, {7}, {6}, {5}, {2, 4}, {1}], [{8, 4}, {1, 7}, {2, 6}, {3, 5}], [{8, 4}, {1, 7}, {3, 6}, {2, 5}], [{8, 4}, {1, 7}, {5, 6}, {2, 3}], [{8, 4}, {1, 7}, {6}, {2, 5}, {3}], [{8, 4}, {2, 7}, {1, 6}, {3, 5}], [{8, 4}, {2, 7}, {1, 6}, {5}, {3}], [{8, 4}, {2, 7}, {3, 6}, {1, 5}], [{8, 4}, {2, 7}, {5, 6}, {1, 3}], [{8, 4}, {2, 7}, {5, 6}, {3}, {1}], [{8, 4}, {2, 7}, {6}, {1, 5}, {3}], [{8, 4}, {3, 7}, {1, 6}, {2, 5}], [{8, 4}, {3, 7}, {2, 6}, {1, 5}], [{8, 4}, {3, 7}, {5, 6}, {1, 2}], [{8, 4}, {3, 7}, {6}, {1, 5}, {2}], [{8, 4}, {3, 7}, {6}, {2, 5}, {1}], [{8, 4}, {3, 7}, {6}, {5}, {1, 2}], [{8, 4}, {5, 7}, {1, 6}, {2, 3}], [{8, 4}, {5, 7}, {2, 6}, {1, 3}], [{8, 4}, {5, 7}, {3, 6}, {1, 2}], [{8, 4}, {6, 7}, {1, 5}, {2, 3}], [{8, 4}, {6, 7}, {2, 5}, {1, 3}], [{8, 4}, {6, 7}, {3, 5}, {1, 2}], [{8, 4}, {7}, {1, 6}, {3, 5}, {2}], [{8, 4}, {7}, {6}, {1, 5}, {2, 3}], [{8, 4}, {7}, {6}, {2, 5}, {1, 3}], [{8, 5}, {1, 7}, {2, 6}, {3, 4}], [{8, 5}, {1, 7}, {2, 6}, {4}, {3}], [{8, 5}, {1, 7}, {3, 6}, {2, 4}], [{8, 5}, {1, 7}, {4, 6}, {2, 3}], [{8, 5}, {2, 7}, {1, 6}, {3, 4}], [{8, 5}, {2, 7}, {1, 6}, {4}, {3}], [{8, 5}, {2, 7}, {3, 6}, {1, 4}], [{8, 5}, {2, 7}, {3, 6}, {4}, {1}], [{8, 5}, {2, 7}, {4, 6}, {1, 3}], [{8, 5}, {2, 7}, {4, 6}, {3}, {1}], [{8, 5}, {2, 7}, {6}, {1, 4}, {3}], [{8, 5}, {2, 7}, {6}, {3, 4}, {1}], [{8, 5}, {2, 7}, {6}, {4}, {1, 3}], [{8, 5}, {2, 7}, {6}, {4}, {3}, {1}], [{8, 5}, {3, 7}, {1, 6}, {2, 4}], [{8, 5}, {3, 7}, {2, 6}, {1, 4}], [{8, 5}, {3, 7}, {4, 6}, {1, 2}], [{8, 5}, {3, 7}, {4, 6}, {2}, {1}], [{8, 5}, {4, 7}, {1, 6}, {2, 3}], [{8, 5}, {4, 7}, {2, 6}, {1, 3}], [{8, 5}, {4, 7}, {3, 6}, {1, 2}], [{8, 5}, {4, 7}, {6}, {1, 3}, {2}], [{8, 5}, {6, 7}, {1, 4}, {2, 3}], [{8, 5}, {6, 7}, {2, 4}, {1, 3}], [{8, 5}, {6, 7}, {3, 4}, {1, 2}], [{8, 5}, {6, 7}, {4}, {3}, {1, 2}], [{8, 5}, {7}, {4, 6}, {2, 3}, {1}], [{8, 5}, {7}, {6}, {2, 4}, {1, 3}], [{8, 6}, {1, 7}, {2, 5}, {3, 4}], [{8, 6}, {1, 7}, {3, 5}, {2, 4}], [{8, 6}, {1, 7}, {4, 5}, {2, 3}], [{8, 6}, {2, 7}, {1, 5}, {3, 4}], [{8, 6}, {2, 7}, {1, 5}, {4}, {3}], [{8, 6}, {2, 7}, {3, 5}, {1, 4}], [{8, 6}, {2, 7}, {4, 5}, {1, 3}], [{8, 6}, {2, 7}, {4, 5}, {3}, {1}], [{8, 6}, {2, 7}, {5}, {1, 4}, {3}], [{8, 6}, {3, 7}, {1, 5}, {2, 4}], [{8, 6}, {3, 7}, {2, 5}, {1, 4}], [{8, 6}, {3, 7}, {4, 5}, {1, 2}], [{8, 6}, {4, 7}, {1, 5}, {2, 3}], [{8, 6}, {4, 7}, {2, 5}, {1, 3}], [{8, 6}, {4, 7}, {3, 5}, {1, 2}], [{8, 6}, {5, 7}, {1, 4}, {2, 3}], [{8, 6}, {5, 7}, {1, 4}, {3}, {2}], [{8, 6}, {5, 7}, {2, 4}, {1, 3}], [{8, 6}, {5, 7}, {3, 4}, {1, 2}], [{8, 6}, {7}, {2, 5}, {1, 4}, {3}], [{8, 7}, {1, 6}, {2, 5}, {3, 4}], [{8, 7}, {1, 6}, {3, 5}, {2, 4}], [{8, 7}, {1, 6}, {4, 5}, {2, 3}], [{8, 7}, {2, 6}, {1, 5}, {3, 4}], [{8, 7}, {2, 6}, {3, 5}, {1, 4}], [{8, 7}, {2, 6}, {4, 5}, {1, 3}], [{8, 7}, {3, 6}, {1, 5}, {2, 4}], [{8, 7}, {3, 6}, {2, 5}, {1, 4}], [{8, 7}, {3, 6}, {4, 5}, {1, 2}], [{8, 7}, {4, 6}, {1, 5}, {2, 3}], [{8, 7}, {4, 6}, {2, 5}, {1, 3}], [{8, 7}, {4, 6}, {3, 5}, {1, 2}], [{8, 7}, {4, 6}, {3, 5}, {2}, {1}], [{8, 7}, {5, 6}, {1, 4}, {2, 3}], [{8, 7}, {5, 6}, {2, 4}, {1, 3}], [{8, 7}, {5, 6}, {3, 4}, {1, 2}], [{8, 7}, {5, 6}, {3, 4}, {2}, {1}], [{8, 7}, {6}, {3, 5}, {4}, {1, 2}], [{8}, {1, 7}, {2, 6}, {5}, {3, 4}], [{8}, {1, 7}, {5, 6}, {3, 4}, {2}], [{8}, {1, 7}, {6}, {2, 5}, {3, 4}], [{8}, {2, 7}, {1, 6}, {4, 5}, {3}], [{8}, {2, 7}, {3, 6}, {1, 5}, {4}], [{8}, {2, 7}, {4, 6}, {1, 5}, {3}], [{8}, {2, 7}, {5, 6}, {1, 4}, {3}], [{8}, {2, 7}, {6}, {1, 5}, {3, 4}], [{8}, {2, 7}, {6}, {1, 5}, {4}, {3}], [{8}, {3, 7}, {1, 6}, {2, 5}, {4}], [{8}, {4, 7}, {1, 6}, {2, 5}, {3}], [{8}, {4, 7}, {5, 6}, {2, 3}, {1}], [{8}, {5, 7}, {2, 6}, {1, 4}, {3}], [{8}, {5, 7}, {6}, {3, 4}, {1, 2}], [{8}, {6, 7}, {2, 5}, {3, 4}, {1}], [{8}, {7}, {1, 6}, {2, 5}, {3, 4}], [{8}, {7}, {4, 6}, {3, 5}, {1, 2}]]",2,12 K_1^3 - 28 K_1^2 - 10 K_1 K_2 - 4 K_1 + 14 K_2 + 2 K_3 + 15,O1O2O3O4U5U3O6U1O7O8U4U8U6U7O5U2,O1O2O3O4U3U1O5U2O6O7U4U6U8U5O8U7,O1O2O3O4U5O6U7U6U8U1O5O8U3O7U4U2,c,{'O1O2O3O4U3O5U6U7U8U1O8O6U4O7U2U5'},1,"<a href=""/flatknot/8.733990"">8.733990</a>",t^9-50t^7-102t^6+70t^5+168t^4+13t^3-52t^2-27t-12,-t^3+3t,,
8.733991,O1O2O3O4U3O5U6U7U8U1O8O6U4O7U5U2,4,4z^3+37z^2+110z+105,4w^4z^3+37w^3z^2+110w^2z+105w,False,False,"[[ 0  0  1 -1  2  2 -2 -1 -1],[ 0  0  0  0  0 -1  1  1  0],[-1  0  0 -1  1  1 -2 -1 -1],[ 1  0  1  0  1  1  1  0  1],[-2  0 -1 -1  0  0 -2 -1 -2],[-2  1 -1 -1  0  0 -3 -1 -2],[ 2 -1  2 -1  2  3  0  0  1],[ 1 -1  1  0  1  1  0  0  0],[ 1  0  1 -1  2  2 -1  0  0]]","[[ 0  2  2  1  0 -1 -1 -1 -2],[-2  0  0 -1  1 -1 -1 -2 -3],[-2  0  0 -1  0 -1 -1 -2 -2],[-1  1  1  0  0 -1 -1 -1 -2],[ 0 -1  0  0  0  1  0  0  1],[ 1  1  1  1 -1  0  0  0  0],[ 1  1  1  1  0  0  0  1  1],[ 1  2  2  1  0  0 -1  0 -1],[ 2  3  2  2 -1  0 -1  1  0]]",True,"[-2,-2,-1,0,1,1,1,2,0,1,-1,1,1,2,3,1,0,1,1,2,2,0,1,1,1,2,-1,0,0,-1,0,0,0,-1,-1,1]","[-2,-2,-1,0,1,1,1,2,0,0,2,1,2,2,2,0,3,1,2,2,1,1,1,1,1,1,1,1,2,3,-1,0,0,0,2,1]",t^8+40t^6+73t^4+23t^2+1,"[-2,-1,-1,-1,0,1,2,2,0,1,2,3,1,1,2,0,1,1,1,1,1,0,2,1,2,2,1,1,2,2,1,3,2,0,0,0]","[-2,-2,-1,0,1,1,1,2,0,0,2,1,2,2,2,0,3,1,2,2,1,1,1,1,1,1,1,1,2,3,-1,0,0,0,2,1]","[-2,-1,-1,-1,0,1,2,2,-1,0,1,-1,2,2,3,0,1,0,1,1,1,0,-1,1,1,1,0,1,2,2,0,0,-1,1,1,0]",c,"[[{8, 2}, {3, 7}, {1, 6}, {4, 5}], [{8, 2}, {3, 7}, {1, 6}, {5}, {4}]]",1,- 10 K_1^2 + 5 K_2 + 6,O1O2O3O4U3U5O6U1O7O8U4U8U6U7O5U2,O1O2O3O4U3U1O5U2O6O7U4U7U8U5O8U6,O1O2O3O4U5O6U7U6U8U1O8O5U3O7U4U2,c,{'O1O2O3O4U3O5U6U7U8U1O8O6U4O7U5U2'},1,"<a href=""/flatknot/8.733991"">8.733991</a>",t^9-38t^7-96t^6-22t^5+112t^4+105t^3+34t^2+4t,-t^2+2t,,
8.733992,O1O2O3O4U3O5U6U7U8U2O8O6U1O7U5U4,4,15z^2+100z+141,15w^3z^2+100w^2z+141w,False,False,"[[ 0 -1  1 -1  3  2 -2 -1 -1],[ 1  0  2  0  3  1  0  1  0],[-1 -2  0  0  0 -2  0  1 -1],[ 1  0  0  0  1  0  1  1  1],[-3 -3  0 -1  0  0 -4 -2 -3],[-2 -1  2  0  0  0 -3 -1 -2],[ 2  0  0 -1  4  3  0  0  1],[ 1 -1 -1 -1  2  1  0  0  0],[ 1  0  1 -1  3  2 -1  0  0]]","[[ 0  3  2  1 -1 -1 -1 -1 -2],[-3  0  0  0 -1 -2 -3 -3 -4],[-2  0  0  2  0 -1 -1 -2 -3],[-1  0 -2  0  0  1 -2 -1  0],[ 1  1  0  0  0  1  0  1  1],[ 1  2  1 -1 -1  0 -1  0  0],[ 1  3  1  2  0  1  0  0  0],[ 1  3  2  1 -1  0  0  0 -1],[ 2  4  3  0 -1  0  0  1  0]]",True,"[-3,-2,-1,1,1,1,1,2,0,0,1,2,3,3,4,-2,0,1,1,2,3,0,-1,2,1,0,-1,0,-1,-1,1,0,0,0,0,1]","[-3,-2,-1,1,1,1,1,2,0,0,1,2,3,3,4,-2,0,1,1,2,3,0,-1,2,1,0,-1,0,-1,-1,1,0,0,0,0,1]",t^8+69t^6+615t^4+108t^2,"[-2,-1,-1,-1,-1,1,2,3,0,1,1,2,3,1,1,0,0,1,1,1,1,-1,0,0,2,1,1,3,2,2,2,3,3,3,2,1]","[-3,-2,-1,1,1,1,1,2,1,2,1,1,2,3,1,3,1,2,2,3,1,1,0,3,2,3,0,0,-1,0,1,0,1,-1,1,2]","[-2,-1,-1,-1,-1,1,2,3,-1,0,0,1,0,3,4,0,1,1,0,0,1,1,0,2,1,3,0,-1,1,2,1,2,3,-2,0,0]",c,"[[{8, 1}, {2, 7}, {3, 6}, {4, 5}], [{8, 1}, {2, 7}, {4, 6}, {3, 5}], [{8, 1}, {2, 7}, {5, 6}, {3, 4}], [{8, 1}, {2, 7}, {6}, {3, 5}, {4}], [{8, 1}, {2, 7}, {6}, {4, 5}, {3}], [{8, 1}, {2, 7}, {6}, {5}, {3, 4}], [{8, 1}, {3, 7}, {2, 6}, {4, 5}], [{8, 1}, {3, 7}, {4, 6}, {2, 5}], [{8, 1}, {3, 7}, {5, 6}, {2, 4}], [{8, 1}, {4, 7}, {2, 6}, {3, 5}], [{8, 1}, {4, 7}, {3, 6}, {2, 5}], [{8, 1}, {4, 7}, {5, 6}, {2, 3}], [{8, 1}, {4, 7}, {6}, {2, 5}, {3}], [{8, 1}, {5, 7}, {2, 6}, {3, 4}], [{8, 1}, {5, 7}, {2, 6}, {4}, {3}], [{8, 1}, {5, 7}, {3, 6}, {2, 4}], [{8, 1}, {5, 7}, {4, 6}, {2, 3}], [{8, 1}, {6, 7}, {2, 5}, {3, 4}], [{8, 1}, {6, 7}, {3, 5}, {2, 4}], [{8, 1}, {6, 7}, {4, 5}, {2, 3}], [{8, 1}, {7}, {5, 6}, {2, 4}, {3}], [{8, 2}, {1, 7}, {3, 6}, {4, 5}], [{8, 2}, {1, 7}, {4, 6}, {3, 5}], [{8, 2}, {1, 7}, {5, 6}, {3, 4}], [{8, 2}, {1, 7}, {6}, {3, 5}, {4}], [{8, 2}, {1, 7}, {6}, {4, 5}, {3}], [{8, 2}, {1, 7}, {6}, {5}, {3, 4}], [{8, 2}, {3, 7}, {1, 6}, {4, 5}], [{8, 2}, {3, 7}, {4, 6}, {1, 5}], [{8, 2}, {3, 7}, {5, 6}, {1, 4}], [{8, 2}, {4, 7}, {1, 6}, {3, 5}], [{8, 2}, {4, 7}, {3, 6}, {1, 5}], [{8, 2}, {4, 7}, {5, 6}, {1, 3}], [{8, 2}, {4, 7}, {6}, {5}, {1, 3}], [{8, 2}, {5, 7}, {1, 6}, {3, 4}], [{8, 2}, {5, 7}, {1, 6}, {4}, {3}], [{8, 2}, {5, 7}, {3, 6}, {1, 4}], [{8, 2}, {5, 7}, {4, 6}, {1, 3}], [{8, 2}, {6, 7}, {1, 5}, {3, 4}], [{8, 2}, {6, 7}, {3, 5}, {1, 4}], [{8, 2}, {6, 7}, {4, 5}, {1, 3}], [{8, 2}, {7}, {4, 6}, {1, 5}, {3}], [{8, 2}, {7}, {5, 6}, {1, 4}, {3}], [{8, 3}, {1, 7}, {2, 6}, {4, 5}], [{8, 3}, {1, 7}, {4, 6}, {2, 5}], [{8, 3}, {1, 7}, {5, 6}, {2, 4}], [{8, 3}, {1, 7}, {5, 6}, {4}, {2}], [{8, 3}, {2, 7}, {1, 6}, {4, 5}], [{8, 3}, {2, 7}, {4, 6}, {1, 5}], [{8, 3}, {2, 7}, {5, 6}, {1, 4}], [{8, 3}, {4, 7}, {1, 6}, {2, 5}], [{8, 3}, {4, 7}, {2, 6}, {1, 5}], [{8, 3}, {4, 7}, {5, 6}, {1, 2}], [{8, 3}, {4, 7}, {5, 6}, {2}, {1}], [{8, 3}, {5, 7}, {1, 6}, {2, 4}], [{8, 3}, {5, 7}, {2, 6}, {1, 4}], [{8, 3}, {5, 7}, {4, 6}, {1, 2}], [{8, 3}, {6, 7}, {1, 5}, {2, 4}], [{8, 3}, {6, 7}, {2, 5}, {1, 4}], [{8, 3}, {6, 7}, {2, 5}, {4}, {1}], [{8, 3}, {6, 7}, {4, 5}, {1, 2}], [{8, 3}, {7}, {2, 6}, {5}, {1, 4}], [{8, 3}, {7}, {5, 6}, {1, 4}, {2}], [{8, 3}, {7}, {6}, {2, 5}, {1, 4}], [{8, 4}, {1, 7}, {2, 6}, {3, 5}], [{8, 4}, {1, 7}, {3, 6}, {2, 5}], [{8, 4}, {1, 7}, {5, 6}, {2, 3}], [{8, 4}, {1, 7}, {6}, {2, 5}, {3}], [{8, 4}, {2, 7}, {1, 6}, {3, 5}], [{8, 4}, {2, 7}, {3, 6}, {1, 5}], [{8, 4}, {2, 7}, {5, 6}, {1, 3}], [{8, 4}, {2, 7}, {6}, {5}, {1, 3}], [{8, 4}, {3, 7}, {1, 6}, {2, 5}], [{8, 4}, {3, 7}, {2, 6}, {1, 5}], [{8, 4}, {3, 7}, {5, 6}, {1, 2}], [{8, 4}, {5, 7}, {1, 6}, {2, 3}], [{8, 4}, {5, 7}, {2, 6}, {1, 3}], [{8, 4}, {5, 7}, {2, 6}, {3}, {1}], [{8, 4}, {5, 7}, {3, 6}, {1, 2}], [{8, 4}, {6, 7}, {1, 5}, {2, 3}], [{8, 4}, {6, 7}, {2, 5}, {1, 3}], [{8, 4}, {6, 7}, {3, 5}, {1, 2}], [{8, 4}, {6, 7}, {3, 5}, {2}, {1}], [{8, 4}, {7}, {5, 6}, {3}, {1, 2}], [{8, 5}, {1, 7}, {2, 6}, {3, 4}], [{8, 5}, {1, 7}, {2, 6}, {4}, {3}], [{8, 5}, {1, 7}, {3, 6}, {2, 4}], [{8, 5}, {1, 7}, {4, 6}, {2, 3}], [{8, 5}, {2, 7}, {1, 6}, {3, 4}], [{8, 5}, {2, 7}, {3, 6}, {1, 4}], [{8, 5}, {2, 7}, {4, 6}, {1, 3}], [{8, 5}, {3, 7}, {1, 6}, {2, 4}], [{8, 5}, {3, 7}, {2, 6}, {1, 4}], [{8, 5}, {3, 7}, {4, 6}, {1, 2}], [{8, 5}, {4, 7}, {1, 6}, {2, 3}], [{8, 5}, {4, 7}, {2, 6}, {1, 3}], [{8, 5}, {4, 7}, {2, 6}, {3}, {1}], [{8, 5}, {4, 7}, {3, 6}, {1, 2}], [{8, 5}, {6, 7}, {1, 4}, {2, 3}], [{8, 5}, {6, 7}, {2, 4}, {1, 3}], [{8, 5}, {6, 7}, {3, 4}, {1, 2}], [{8, 5}, {7}, {2, 6}, {1, 4}, {3}], [{8, 6}, {1, 7}, {2, 5}, {3, 4}], [{8, 6}, {1, 7}, {3, 5}, {2, 4}], [{8, 6}, {1, 7}, {4, 5}, {2, 3}], [{8, 6}, {2, 7}, {1, 5}, {3, 4}], [{8, 6}, {2, 7}, {3, 5}, {1, 4}], [{8, 6}, {2, 7}, {4, 5}, {1, 3}], [{8, 6}, {3, 7}, {1, 5}, {2, 4}], [{8, 6}, {3, 7}, {2, 5}, {1, 4}], [{8, 6}, {3, 7}, {2, 5}, {4}, {1}], [{8, 6}, {3, 7}, {4, 5}, {1, 2}], [{8, 6}, {4, 7}, {1, 5}, {2, 3}], [{8, 6}, {4, 7}, {2, 5}, {1, 3}], [{8, 6}, {4, 7}, {3, 5}, {1, 2}], [{8, 6}, {4, 7}, {3, 5}, {2}, {1}], [{8, 6}, {5, 7}, {1, 4}, {2, 3}], [{8, 6}, {5, 7}, {2, 4}, {1, 3}], [{8, 6}, {5, 7}, {3, 4}, {1, 2}], [{8, 6}, {7}, {2, 5}, {1, 4}, {3}], [{8, 7}, {1, 6}, {2, 5}, {3, 4}], [{8, 7}, {1, 6}, {2, 5}, {4}, {3}], [{8, 7}, {1, 6}, {3, 5}, {2, 4}], [{8, 7}, {1, 6}, {4, 5}, {2, 3}], [{8, 7}, {1, 6}, {4, 5}, {3}, {2}], [{8, 7}, {1, 6}, {5}, {2, 4}, {3}], [{8, 7}, {2, 6}, {1, 5}, {3, 4}], [{8, 7}, {2, 6}, {3, 5}, {1, 4}], [{8, 7}, {2, 6}, {4, 5}, {1, 3}], [{8, 7}, {2, 6}, {5}, {1, 4}, {3}], [{8, 7}, {2, 6}, {5}, {3, 4}, {1}], [{8, 7}, {2, 6}, {5}, {4}, {1, 3}], [{8, 7}, {3, 6}, {1, 5}, {2, 4}], [{8, 7}, {3, 6}, {2, 5}, {1, 4}], [{8, 7}, {3, 6}, {2, 5}, {4}, {1}], [{8, 7}, {3, 6}, {4, 5}, {1, 2}], [{8, 7}, {4, 6}, {1, 5}, {2, 3}], [{8, 7}, {4, 6}, {2, 5}, {1, 3}], [{8, 7}, {4, 6}, {2, 5}, {3}, {1}], [{8, 7}, {4, 6}, {3, 5}, {1, 2}], [{8, 7}, {5, 6}, {1, 4}, {2, 3}], [{8, 7}, {5, 6}, {1, 4}, {3}, {2}], [{8, 7}, {5, 6}, {2, 4}, {1, 3}], [{8, 7}, {5, 6}, {3, 4}, {1, 2}], [{8, 7}, {5, 6}, {3, 4}, {2}, {1}], [{8, 7}, {5, 6}, {4}, {1, 3}, {2}], [{8, 7}, {6}, {2, 5}, {1, 4}, {3}], [{8, 7}, {6}, {2, 5}, {3, 4}, {1}], [{8, 7}, {6}, {2, 5}, {4}, {1, 3}], [{8, 7}, {6}, {2, 5}, {4}, {3}, {1}], [{8}, {1, 7}, {3, 6}, {4, 5}, {2}], [{8}, {2, 7}, {5, 6}, {1, 4}, {3}], [{8}, {3, 7}, {2, 6}, {5}, {1, 4}], [{8}, {3, 7}, {4, 6}, {1, 5}, {2}], [{8}, {3, 7}, {5, 6}, {1, 4}, {2}], [{8}, {3, 7}, {6}, {2, 5}, {1, 4}], [{8}, {5, 7}, {1, 6}, {3, 4}, {2}], [{8}, {5, 7}, {2, 6}, {1, 4}, {3}], [{8}, {6, 7}, {2, 5}, {1, 4}, {3}], [{8}, {6, 7}, {5}, {3, 4}, {1, 2}], [{8}, {7}, {1, 6}, {4, 5}, {2, 3}], [{8}, {7}, {2, 6}, {3, 5}, {1, 4}], [{8}, {7}, {2, 6}, {5}, {1, 4}, {3}], [{8}, {7}, {3, 6}, {2, 5}, {1, 4}], [{8}, {7}, {5, 6}, {1, 4}, {2, 3}], [{8}, {7}, {5, 6}, {1, 4}, {3}, {2}], [{8}, {7}, {6}, {2, 5}, {1, 4}, {3}]]",2,4 K_1^3 - 32 K_1^2 - 18 K_1 K_2 + 6 K_1 + 16 K_2 + 8 K_3 + 17,O1O2O3O4U1U5O6U4O7O8U3U8U6U7O5U2,O1O2O3O4U3U1O5U2O6O7U5U4U8U7O8U6,O1O2O3O4U5O6U7U6U1U8O7O5U3O8U4U2,c,{'O1O2O3O4U3O5U6U7U8U2O8O6U1O7U5U4'},1,"<a href=""/flatknot/8.733992"">8.733992</a>",t^9-63t^7-100t^6+433t^5+594t^4-607t^3-688t^2-34t-10,-t^3+3t,,
8.733993,O1O2O3O4U3O5U6U7U8U2O8O6U4O7U1U5,3,9z^2+82z+129,9w^3z^2+82w^2z+129w,False,False,"[[ 0 -1  1 -1  2  3 -2 -1 -1],[ 1  0  2 -1  3  3 -1  0  0],[-1 -2  0  0  0 -1  0  0 -1],[ 1  1  0  0  1  1  1  0  1],[-2 -3  0 -1  0  0 -2 -1 -2],[-3 -3  1 -1  0  0 -4 -2 -3],[ 2  1  0 -1  2  4  0  0  1],[ 1  0  0  0  1  2  0  0  0],[ 1  0  1 -1  2  3 -1  0  0]]","[[ 0  3  2  1 -1 -1 -1 -1 -2],[-3  0  0  1 -1 -2 -3 -3 -4],[-2  0  0  0 -1 -1 -2 -3 -2],[-1 -1  0  0  0  0 -1 -2  0],[ 1  1  1  0  0  0  1  1  1],[ 1  2  1  0  0  0  0  0  0],[ 1  3  2  1 -1  0  0  0 -1],[ 1  3  3  2 -1  0  0  0 -1],[ 2  4  2  0 -1  0  1  1  0]]",True,"[-3,-2,-1,1,1,1,1,2,0,-1,1,2,3,3,4,0,1,1,2,3,2,0,0,1,2,0,0,-1,-1,-1,0,0,0,0,1,1]","[-3,-2,-1,1,1,1,1,2,0,-1,1,2,3,3,4,0,1,1,2,3,2,0,0,1,2,0,0,-1,-1,-1,0,0,0,0,1,1]",t^8+69t^6+243t^4+87t^2,"[-2,-1,-1,-1,-1,1,2,3,0,0,1,2,3,2,1,0,0,1,0,0,1,0,1,1,1,1,0,2,2,2,2,2,3,1,3,1]","[-3,-2,-1,1,1,1,1,2,1,3,1,1,2,3,1,1,0,1,2,2,2,0,1,2,2,3,0,0,-1,0,0,-1,0,0,1,2]","[-2,-1,-1,-1,-1,1,2,3,-1,0,1,1,0,2,4,0,1,1,0,1,1,0,0,0,1,2,0,1,2,3,2,3,3,0,-1,0]",c,"[[{8, 1}, {2, 7}, {3, 6}, {4, 5}], [{8, 1}, {2, 7}, {4, 6}, {3, 5}], [{8, 1}, {2, 7}, {5, 6}, {3, 4}], [{8, 1}, {3, 7}, {2, 6}, {4, 5}], [{8, 1}, {3, 7}, {2, 6}, {5}, {4}], [{8, 1}, {3, 7}, {4, 6}, {2, 5}], [{8, 1}, {3, 7}, {5, 6}, {2, 4}], [{8, 1}, {3, 7}, {5, 6}, {4}, {2}], [{8, 1}, {3, 7}, {6}, {2, 5}, {4}], [{8, 1}, {4, 7}, {2, 6}, {3, 5}], [{8, 1}, {4, 7}, {3, 6}, {2, 5}], [{8, 1}, {4, 7}, {5, 6}, {2, 3}], [{8, 1}, {5, 7}, {2, 6}, {3, 4}], [{8, 1}, {5, 7}, {3, 6}, {2, 4}], [{8, 1}, {5, 7}, {4, 6}, {2, 3}], [{8, 1}, {5, 7}, {6}, {2, 4}, {3}], [{8, 1}, {6, 7}, {2, 5}, {3, 4}], [{8, 1}, {6, 7}, {3, 5}, {2, 4}], [{8, 1}, {6, 7}, {4, 5}, {2, 3}], [{8, 1}, {6, 7}, {5}, {4}, {2, 3}], [{8, 2}, {1, 7}, {3, 6}, {4, 5}], [{8, 2}, {1, 7}, {3, 6}, {5}, {4}], [{8, 2}, {1, 7}, {4, 6}, {3, 5}], [{8, 2}, {1, 7}, {5, 6}, {3, 4}], [{8, 2}, {1, 7}, {5, 6}, {4}, {3}], [{8, 2}, {1, 7}, {6}, {3, 5}, {4}], [{8, 2}, {3, 7}, {1, 6}, {4, 5}], [{8, 2}, {3, 7}, {4, 6}, {1, 5}], [{8, 2}, {3, 7}, {5, 6}, {1, 4}], [{8, 2}, {4, 7}, {1, 6}, {3, 5}], [{8, 2}, {4, 7}, {3, 6}, {1, 5}], [{8, 2}, {4, 7}, {3, 6}, {5}, {1}], [{8, 2}, {4, 7}, {5, 6}, {1, 3}], [{8, 2}, {4, 7}, {5, 6}, {3}, {1}], [{8, 2}, {4, 7}, {6}, {3, 5}, {1}], [{8, 2}, {5, 7}, {1, 6}, {3, 4}], [{8, 2}, {5, 7}, {1, 6}, {4}, {3}], [{8, 2}, {5, 7}, {3, 6}, {1, 4}], [{8, 2}, {5, 7}, {3, 6}, {4}, {1}], [{8, 2}, {5, 7}, {4, 6}, {1, 3}], [{8, 2}, {5, 7}, {6}, {4}, {1, 3}], [{8, 2}, {6, 7}, {1, 5}, {3, 4}], [{8, 2}, {6, 7}, {3, 5}, {1, 4}], [{8, 2}, {6, 7}, {4, 5}, {1, 3}], [{8, 2}, {7}, {3, 6}, {1, 5}, {4}], [{8, 2}, {7}, {3, 6}, {4, 5}, {1}], [{8, 2}, {7}, {3, 6}, {5}, {1, 4}], [{8, 2}, {7}, {3, 6}, {5}, {4}, {1}], [{8, 2}, {7}, {4, 6}, {1, 5}, {3}], [{8, 2}, {7}, {5, 6}, {1, 4}, {3}], [{8, 2}, {7}, {6}, {1, 5}, {3, 4}], [{8, 2}, {7}, {6}, {3, 5}, {1, 4}], [{8, 3}, {1, 7}, {2, 6}, {4, 5}], [{8, 3}, {1, 7}, {2, 6}, {5}, {4}], [{8, 3}, {1, 7}, {4, 6}, {2, 5}], [{8, 3}, {1, 7}, {5, 6}, {2, 4}], [{8, 3}, {1, 7}, {5, 6}, {4}, {2}], [{8, 3}, {1, 7}, {6}, {2, 5}, {4}], [{8, 3}, {2, 7}, {1, 6}, {4, 5}], [{8, 3}, {2, 7}, {4, 6}, {1, 5}], [{8, 3}, {2, 7}, {5, 6}, {1, 4}], [{8, 3}, {4, 7}, {1, 6}, {2, 5}], [{8, 3}, {4, 7}, {2, 6}, {1, 5}], [{8, 3}, {4, 7}, {2, 6}, {5}, {1}], [{8, 3}, {4, 7}, {5, 6}, {1, 2}], [{8, 3}, {4, 7}, {6}, {1, 5}, {2}], [{8, 3}, {5, 7}, {1, 6}, {2, 4}], [{8, 3}, {5, 7}, {1, 6}, {4}, {2}], [{8, 3}, {5, 7}, {2, 6}, {1, 4}], [{8, 3}, {5, 7}, {2, 6}, {4}, {1}], [{8, 3}, {5, 7}, {4, 6}, {1, 2}], [{8, 3}, {5, 7}, {4, 6}, {2}, {1}], [{8, 3}, {5, 7}, {6}, {1, 4}, {2}], [{8, 3}, {5, 7}, {6}, {2, 4}, {1}], [{8, 3}, {5, 7}, {6}, {4}, {1, 2}], [{8, 3}, {6, 7}, {1, 5}, {2, 4}], [{8, 3}, {6, 7}, {2, 5}, {1, 4}], [{8, 3}, {6, 7}, {4, 5}, {1, 2}], [{8, 3}, {7}, {1, 6}, {5}, {2, 4}], [{8, 3}, {7}, {2, 6}, {1, 5}, {4}], [{8, 3}, {7}, {2, 6}, {4, 5}, {1}], [{8, 3}, {7}, {2, 6}, {5}, {1, 4}], [{8, 3}, {7}, {2, 6}, {5}, {4}, {1}], [{8, 3}, {7}, {4, 6}, {5}, {1, 2}], [{8, 4}, {1, 7}, {2, 6}, {3, 5}], [{8, 4}, {1, 7}, {3, 6}, {2, 5}], [{8, 4}, {1, 7}, {5, 6}, {2, 3}], [{8, 4}, {1, 7}, {5, 6}, {3}, {2}], [{8, 4}, {2, 7}, {1, 6}, {3, 5}], [{8, 4}, {2, 7}, {3, 6}, {1, 5}], [{8, 4}, {2, 7}, {5, 6}, {1, 3}], [{8, 4}, {2, 7}, {5, 6}, {3}, {1}], [{8, 4}, {3, 7}, {1, 6}, {2, 5}], [{8, 4}, {3, 7}, {2, 6}, {1, 5}], [{8, 4}, {3, 7}, {2, 6}, {5}, {1}], [{8, 4}, {3, 7}, {5, 6}, {1, 2}], [{8, 4}, {3, 7}, {6}, {1, 5}, {2}], [{8, 4}, {5, 7}, {1, 6}, {2, 3}], [{8, 4}, {5, 7}, {1, 6}, {3}, {2}], [{8, 4}, {5, 7}, {2, 6}, {1, 3}], [{8, 4}, {5, 7}, {3, 6}, {1, 2}], [{8, 4}, {5, 7}, {3, 6}, {2}, {1}], [{8, 4}, {5, 7}, {6}, {1, 3}, {2}], [{8, 4}, {6, 7}, {1, 5}, {2, 3}], [{8, 4}, {6, 7}, {2, 5}, {1, 3}], [{8, 4}, {6, 7}, {3, 5}, {1, 2}], [{8, 4}, {6, 7}, {5}, {2, 3}, {1}], [{8, 4}, {7}, {2, 6}, {1, 5}, {3}], [{8, 4}, {7}, {5, 6}, {3}, {1, 2}], [{8, 5}, {1, 7}, {2, 6}, {3, 4}], [{8, 5}, {1, 7}, {3, 6}, {2, 4}], [{8, 5}, {1, 7}, {4, 6}, {2, 3}], [{8, 5}, {2, 7}, {1, 6}, {3, 4}], [{8, 5}, {2, 7}, {3, 6}, {1, 4}], [{8, 5}, {2, 7}, {4, 6}, {1, 3}], [{8, 5}, {3, 7}, {1, 6}, {2, 4}], [{8, 5}, {3, 7}, {1, 6}, {4}, {2}], [{8, 5}, {3, 7}, {2, 6}, {1, 4}], [{8, 5}, {3, 7}, {2, 6}, {4}, {1}], [{8, 5}, {3, 7}, {4, 6}, {1, 2}], [{8, 5}, {3, 7}, {4, 6}, {2}, {1}], [{8, 5}, {3, 7}, {6}, {1, 4}, {2}], [{8, 5}, {3, 7}, {6}, {2, 4}, {1}], [{8, 5}, {3, 7}, {6}, {4}, {1, 2}], [{8, 5}, {4, 7}, {1, 6}, {2, 3}], [{8, 5}, {4, 7}, {2, 6}, {1, 3}], [{8, 5}, {4, 7}, {3, 6}, {1, 2}], [{8, 5}, {4, 7}, {6}, {1, 3}, {2}], [{8, 5}, {6, 7}, {1, 4}, {2, 3}], [{8, 5}, {6, 7}, {2, 4}, {1, 3}], [{8, 5}, {6, 7}, {3, 4}, {1, 2}], [{8, 5}, {6, 7}, {4}, {2, 3}, {1}], [{8, 5}, {7}, {1, 6}, {2, 4}, {3}], [{8, 5}, {7}, {2, 6}, {1, 4}, {3}], [{8, 5}, {7}, {4, 6}, {3}, {1, 2}], [{8, 6}, {1, 7}, {2, 5}, {3, 4}], [{8, 6}, {1, 7}, {3, 5}, {2, 4}], [{8, 6}, {1, 7}, {4, 5}, {2, 3}], [{8, 6}, {2, 7}, {1, 5}, {3, 4}], [{8, 6}, {2, 7}, {3, 5}, {1, 4}], [{8, 6}, {2, 7}, {4, 5}, {1, 3}], [{8, 6}, {3, 7}, {1, 5}, {2, 4}], [{8, 6}, {3, 7}, {2, 5}, {1, 4}], [{8, 6}, {3, 7}, {4, 5}, {1, 2}], [{8, 6}, {4, 7}, {1, 5}, {2, 3}], [{8, 6}, {4, 7}, {2, 5}, {1, 3}], [{8, 6}, {4, 7}, {3, 5}, {1, 2}], [{8, 6}, {5, 7}, {1, 4}, {2, 3}], [{8, 6}, {5, 7}, {2, 4}, {1, 3}], [{8, 6}, {5, 7}, {2, 4}, {3}, {1}], [{8, 6}, {5, 7}, {3, 4}, {1, 2}], [{8, 6}, {7}, {1, 5}, {3, 4}, {2}], [{8, 6}, {7}, {3, 5}, {1, 4}, {2}], [{8, 6}, {7}, {4, 5}, {1, 3}, {2}], [{8, 7}, {1, 6}, {2, 5}, {3, 4}], [{8, 7}, {1, 6}, {3, 5}, {2, 4}], [{8, 7}, {1, 6}, {3, 5}, {4}, {2}], [{8, 7}, {1, 6}, {4, 5}, {2, 3}], [{8, 7}, {1, 6}, {5}, {2, 4}, {3}], [{8, 7}, {2, 6}, {1, 5}, {3, 4}], [{8, 7}, {2, 6}, {1, 5}, {4}, {3}], [{8, 7}, {2, 6}, {3, 5}, {1, 4}], [{8, 7}, {2, 6}, {3, 5}, {4}, {1}], [{8, 7}, {2, 6}, {4, 5}, {1, 3}], [{8, 7}, {2, 6}, {4, 5}, {3}, {1}], [{8, 7}, {2, 6}, {5}, {1, 4}, {3}], [{8, 7}, {2, 6}, {5}, {3, 4}, {1}], [{8, 7}, {2, 6}, {5}, {4}, {1, 3}], [{8, 7}, {2, 6}, {5}, {4}, {3}, {1}], [{8, 7}, {3, 6}, {1, 5}, {2, 4}], [{8, 7}, {3, 6}, {2, 5}, {1, 4}], [{8, 7}, {3, 6}, {4, 5}, {1, 2}], [{8, 7}, {4, 6}, {1, 5}, {2, 3}], [{8, 7}, {4, 6}, {2, 5}, {1, 3}], [{8, 7}, {4, 6}, {3, 5}, {1, 2}], [{8, 7}, {4, 6}, {3, 5}, {2}, {1}], [{8, 7}, {4, 6}, {5}, {3}, {1, 2}], [{8, 7}, {5, 6}, {1, 4}, {2, 3}], [{8, 7}, {5, 6}, {2, 4}, {1, 3}], [{8, 7}, {5, 6}, {3, 4}, {1, 2}], [{8, 7}, {5, 6}, {4}, {1, 3}, {2}], [{8, 7}, {6}, {1, 5}, {3, 4}, {2}], [{8, 7}, {6}, {2, 5}, {4}, {1, 3}], [{8, 7}, {6}, {3, 5}, {1, 4}, {2}], [{8, 7}, {6}, {3, 5}, {2, 4}, {1}], [{8, 7}, {6}, {3, 5}, {4}, {1, 2}], [{8}, {1, 7}, {5, 6}, {2, 4}, {3}], [{8}, {1, 7}, {5, 6}, {3, 4}, {2}], [{8}, {1, 7}, {5, 6}, {4}, {2, 3}], [{8}, {1, 7}, {5, 6}, {4}, {3}, {2}], [{8}, {2, 7}, {1, 6}, {4, 5}, {3}], [{8}, {2, 7}, {6}, {1, 5}, {3, 4}], [{8}, {2, 7}, {6}, {3, 5}, {1, 4}], [{8}, {3, 7}, {1, 6}, {5}, {2, 4}], [{8}, {3, 7}, {2, 6}, {1, 5}, {4}], [{8}, {3, 7}, {2, 6}, {4, 5}, {1}], [{8}, {3, 7}, {2, 6}, {5}, {1, 4}], [{8}, {3, 7}, {2, 6}, {5}, {4}, {1}], [{8}, {3, 7}, {4, 6}, {5}, {1, 2}], [{8}, {4, 7}, {1, 6}, {2, 5}, {3}], [{8}, {4, 7}, {2, 6}, {1, 5}, {3}], [{8}, {5, 7}, {1, 6}, {2, 4}, {3}], [{8}, {5, 7}, {1, 6}, {3, 4}, {2}], [{8}, {5, 7}, {1, 6}, {4}, {2, 3}], [{8}, {5, 7}, {1, 6}, {4}, {3}, {2}], [{8}, {5, 7}, {2, 6}, {1, 4}, {3}], [{8}, {5, 7}, {3, 6}, {2, 4}, {1}], [{8}, {5, 7}, {4, 6}, {3}, {1, 2}], [{8}, {5, 7}, {6}, {2, 4}, {1, 3}], [{8}, {5, 7}, {6}, {2, 4}, {3}, {1}], [{8}, {6, 7}, {1, 5}, {2, 4}, {3}], [{8}, {6, 7}, {1, 5}, {3, 4}, {2}], [{8}, {6, 7}, {1, 5}, {4}, {2, 3}], [{8}, {6, 7}, {2, 5}, {1, 4}, {3}], [{8}, {6, 7}, {3, 5}, {1, 4}, {2}], [{8}, {6, 7}, {4, 5}, {2, 3}, {1}], [{8}, {6, 7}, {5}, {1, 4}, {2, 3}], [{8}, {6, 7}, {5}, {4}, {2, 3}, {1}], [{8}, {7}, {1, 6}, {3, 5}, {2, 4}], [{8}, {7}, {1, 6}, {5}, {2, 4}, {3}], [{8}, {7}, {2, 6}, {1, 5}, {3, 4}], [{8}, {7}, {2, 6}, {3, 5}, {1, 4}], [{8}, {7}, {4, 6}, {3, 5}, {1, 2}], [{8}, {7}, {6}, {1, 5}, {3, 4}, {2}], [{8}, {7}, {6}, {3, 5}, {1, 4}, {2}]]",2,4 K_1^3 - 28 K_1^2 - 18 K_1 K_2 + 6 K_1 + 14 K_2 + 8 K_3 + 15,O1O2O3O4U5U4O6U1O7O8U3U8U6U7O5U2,O1O2O3O4U3U1O5U2O6O7U6U4U8U5O8U7,O1O2O3O4U5O6U7U6U1U8O5O8U3O7U4U2,c,{'O1O2O3O4U3O5U6U7U8U2O8O6U4O7U1U5'},1,"<a href=""/flatknot/8.733993"">8.733993</a>",t^9-63t^7-134t^6+163t^5+230t^4-50t^3-60t^2,-t^3+3t,,
8.733994,O1O2O3O4U3O5U6U7U8U4O8O6U1O7U2U5,4,6z^3+45z^2+112z+93,6w^4z^3+45w^3z^2+112w^2z+93w,False,False,"[[ 0 -1  0 -1  3  3 -2 -1 -1],[ 1  0  0 -1  3  2  0  1  0],[ 0  0  0 -1  4  2 -2  0 -1],[ 1  1  1  0  1  1  0  0  0],[-3 -3 -4 -1  0 -2 -2 -1 -3],[-3 -2 -2 -1  2  0 -4 -2 -3],[ 2  0  2  0  2  4  0  0  1],[ 1 -1  0  0  1  2  0  0  0],[ 1  0  1  0  3  3 -1  0  0]]","[[ 0  3  3  0 -1 -1 -1 -1 -2],[-3  0  2 -2 -1 -2 -2 -3 -4],[-3 -2  0 -4 -1 -1 -3 -3 -2],[ 0  2  4  0 -1  0  0 -1 -2],[ 1  1  1  1  0  0  1  0  0],[ 1  2  1  0  0  0 -1  0  0],[ 1  2  3  0 -1  1  0  0  0],[ 1  3  3  1  0  0  0  0 -1],[ 2  4  2  2  0  0  0  1  0]]",True,"[-3,-3,0,1,1,1,1,2,-2,2,1,2,2,3,4,4,1,1,3,3,2,1,0,0,1,2,0,-1,0,0,1,0,0,0,0,1]","[-3,-3,0,1,1,1,1,2,-2,-1,1,1,3,3,3,1,1,2,2,3,1,0,1,1,0,0,0,0,0,0,1,-1,1,0,1,1]",t^8+91t^6+511t^4+116t^2,"[-2,-1,-1,-1,-1,0,3,3,0,1,1,1,0,1,3,0,0,0,0,1,1,-1,0,0,3,3,-1,1,2,1,1,2,3,1,-1,-2]","[-3,-3,0,1,1,1,1,2,-2,-1,1,1,3,3,3,1,1,2,2,3,1,0,1,1,0,0,0,0,0,0,1,-1,1,0,1,1]","[-2,-1,-1,-1,-1,0,3,3,0,0,0,1,2,2,4,-1,0,0,0,1,2,-1,0,0,3,2,0,1,1,1,1,3,3,4,2,-2]",c,"[[{8, 1}, {2, 7}, {3, 6}, {4, 5}], [{8, 1}, {2, 7}, {4, 6}, {3, 5}], [{8, 1}, {2, 7}, {4, 6}, {5}, {3}], [{8, 1}, {2, 7}, {5, 6}, {3, 4}], [{8, 1}, {3, 7}, {2, 6}, {4, 5}], [{8, 1}, {3, 7}, {4, 6}, {2, 5}], [{8, 1}, {3, 7}, {5, 6}, {2, 4}], [{8, 1}, {4, 7}, {2, 6}, {3, 5}], [{8, 1}, {4, 7}, {3, 6}, {2, 5}], [{8, 1}, {4, 7}, {5, 6}, {2, 3}], [{8, 1}, {5, 7}, {2, 6}, {3, 4}], [{8, 1}, {5, 7}, {2, 6}, {4}, {3}], [{8, 1}, {5, 7}, {3, 6}, {2, 4}], [{8, 1}, {5, 7}, {4, 6}, {2, 3}], [{8, 1}, {6, 7}, {2, 5}, {3, 4}], [{8, 1}, {6, 7}, {3, 5}, {2, 4}], [{8, 1}, {6, 7}, {4, 5}, {2, 3}], [{8, 2}, {1, 7}, {3, 6}, {4, 5}], [{8, 2}, {1, 7}, {3, 6}, {5}, {4}], [{8, 2}, {1, 7}, {4, 6}, {3, 5}], [{8, 2}, {1, 7}, {5, 6}, {3, 4}], [{8, 2}, {3, 7}, {1, 6}, {4, 5}], [{8, 2}, {3, 7}, {4, 6}, {1, 5}], [{8, 2}, {3, 7}, {5, 6}, {1, 4}], [{8, 2}, {4, 7}, {1, 6}, {3, 5}], [{8, 2}, {4, 7}, {3, 6}, {1, 5}], [{8, 2}, {4, 7}, {5, 6}, {1, 3}], [{8, 2}, {4, 7}, {5, 6}, {3}, {1}], [{8, 2}, {5, 7}, {1, 6}, {3, 4}], [{8, 2}, {5, 7}, {3, 6}, {1, 4}], [{8, 2}, {5, 7}, {4, 6}, {1, 3}], [{8, 2}, {6, 7}, {1, 5}, {3, 4}], [{8, 2}, {6, 7}, {3, 5}, {1, 4}], [{8, 2}, {6, 7}, {4, 5}, {1, 3}], [{8, 2}, {7}, {5, 6}, {4}, {1, 3}], [{8, 3}, {1, 7}, {2, 6}, {4, 5}], [{8, 3}, {1, 7}, {2, 6}, {5}, {4}], [{8, 3}, {1, 7}, {4, 6}, {2, 5}], [{8, 3}, {1, 7}, {4, 6}, {5}, {2}], [{8, 3}, {1, 7}, {5, 6}, {2, 4}], [{8, 3}, {1, 7}, {6}, {5}, {2, 4}], [{8, 3}, {2, 7}, {1, 6}, {4, 5}], [{8, 3}, {2, 7}, {4, 6}, {1, 5}], [{8, 3}, {2, 7}, {4, 6}, {5}, {1}], [{8, 3}, {2, 7}, {5, 6}, {1, 4}], [{8, 3}, {2, 7}, {6}, {1, 5}, {4}], [{8, 3}, {4, 7}, {1, 6}, {2, 5}], [{8, 3}, {4, 7}, {2, 6}, {1, 5}], [{8, 3}, {4, 7}, {5, 6}, {1, 2}], [{8, 3}, {4, 7}, {6}, {1, 5}, {2}], [{8, 3}, {5, 7}, {1, 6}, {2, 4}], [{8, 3}, {5, 7}, {2, 6}, {1, 4}], [{8, 3}, {5, 7}, {2, 6}, {4}, {1}], [{8, 3}, {5, 7}, {4, 6}, {1, 2}], [{8, 3}, {5, 7}, {4, 6}, {2}, {1}], [{8, 3}, {5, 7}, {6}, {2, 4}, {1}], [{8, 3}, {6, 7}, {1, 5}, {2, 4}], [{8, 3}, {6, 7}, {1, 5}, {4}, {2}], [{8, 3}, {6, 7}, {2, 5}, {1, 4}], [{8, 3}, {6, 7}, {4, 5}, {1, 2}], [{8, 3}, {7}, {1, 6}, {4, 5}, {2}], [{8, 3}, {7}, {2, 6}, {1, 5}, {4}], [{8, 3}, {7}, {4, 6}, {1, 5}, {2}], [{8, 3}, {7}, {4, 6}, {2, 5}, {1}], [{8, 3}, {7}, {4, 6}, {5}, {1, 2}], [{8, 3}, {7}, {4, 6}, {5}, {2}, {1}], [{8, 3}, {7}, {5, 6}, {1, 4}, {2}], [{8, 3}, {7}, {6}, {1, 5}, {2, 4}], [{8, 3}, {7}, {6}, {1, 5}, {4}, {2}], [{8, 4}, {1, 7}, {2, 6}, {3, 5}], [{8, 4}, {1, 7}, {3, 6}, {2, 5}], [{8, 4}, {1, 7}, {5, 6}, {2, 3}], [{8, 4}, {2, 7}, {1, 6}, {3, 5}], [{8, 4}, {2, 7}, {1, 6}, {5}, {3}], [{8, 4}, {2, 7}, {3, 6}, {1, 5}], [{8, 4}, {2, 7}, {5, 6}, {1, 3}], [{8, 4}, {3, 7}, {1, 6}, {2, 5}], [{8, 4}, {3, 7}, {2, 6}, {1, 5}], [{8, 4}, {3, 7}, {5, 6}, {1, 2}], [{8, 4}, {3, 7}, {6}, {1, 5}, {2}], [{8, 4}, {5, 7}, {1, 6}, {2, 3}], [{8, 4}, {5, 7}, {2, 6}, {1, 3}], [{8, 4}, {5, 7}, {2, 6}, {3}, {1}], [{8, 4}, {5, 7}, {3, 6}, {1, 2}], [{8, 4}, {5, 7}, {3, 6}, {2}, {1}], [{8, 4}, {5, 7}, {6}, {2, 3}, {1}], [{8, 4}, {6, 7}, {1, 5}, {2, 3}], [{8, 4}, {6, 7}, {2, 5}, {1, 3}], [{8, 4}, {6, 7}, {3, 5}, {1, 2}], [{8, 5}, {1, 7}, {2, 6}, {3, 4}], [{8, 5}, {1, 7}, {3, 6}, {2, 4}], [{8, 5}, {1, 7}, {4, 6}, {2, 3}], [{8, 5}, {2, 7}, {1, 6}, {3, 4}], [{8, 5}, {2, 7}, {3, 6}, {1, 4}], [{8, 5}, {2, 7}, {3, 6}, {4}, {1}], [{8, 5}, {2, 7}, {4, 6}, {1, 3}], [{8, 5}, {2, 7}, {6}, {1, 4}, {3}], [{8, 5}, {3, 7}, {1, 6}, {2, 4}], [{8, 5}, {3, 7}, {2, 6}, {1, 4}], [{8, 5}, {3, 7}, {4, 6}, {1, 2}], [{8, 5}, {4, 7}, {1, 6}, {2, 3}], [{8, 5}, {4, 7}, {2, 6}, {1, 3}], [{8, 5}, {4, 7}, {3, 6}, {1, 2}], [{8, 5}, {6, 7}, {1, 4}, {2, 3}], [{8, 5}, {6, 7}, {2, 4}, {1, 3}], [{8, 5}, {6, 7}, {3, 4}, {1, 2}], [{8, 6}, {1, 7}, {2, 5}, {3, 4}], [{8, 6}, {1, 7}, {3, 5}, {2, 4}], [{8, 6}, {1, 7}, {4, 5}, {2, 3}], [{8, 6}, {2, 7}, {1, 5}, {3, 4}], [{8, 6}, {2, 7}, {3, 5}, {1, 4}], [{8, 6}, {2, 7}, {4, 5}, {1, 3}], [{8, 6}, {2, 7}, {5}, {1, 4}, {3}], [{8, 6}, {3, 7}, {1, 5}, {2, 4}], [{8, 6}, {3, 7}, {2, 5}, {1, 4}], [{8, 6}, {3, 7}, {4, 5}, {1, 2}], [{8, 6}, {4, 7}, {1, 5}, {2, 3}], [{8, 6}, {4, 7}, {2, 5}, {1, 3}], [{8, 6}, {4, 7}, {3, 5}, {1, 2}], [{8, 6}, {5, 7}, {1, 4}, {2, 3}], [{8, 6}, {5, 7}, {2, 4}, {1, 3}], [{8, 6}, {5, 7}, {3, 4}, {1, 2}], [{8, 6}, {7}, {4, 5}, {1, 3}, {2}], [{8, 7}, {1, 6}, {2, 5}, {3, 4}], [{8, 7}, {1, 6}, {3, 5}, {2, 4}], [{8, 7}, {1, 6}, {4, 5}, {2, 3}], [{8, 7}, {2, 6}, {1, 5}, {3, 4}], [{8, 7}, {2, 6}, {3, 5}, {1, 4}], [{8, 7}, {2, 6}, {4, 5}, {1, 3}], [{8, 7}, {3, 6}, {1, 5}, {2, 4}], [{8, 7}, {3, 6}, {2, 5}, {1, 4}], [{8, 7}, {3, 6}, {4, 5}, {1, 2}], [{8, 7}, {4, 6}, {1, 5}, {2, 3}], [{8, 7}, {4, 6}, {2, 5}, {1, 3}], [{8, 7}, {4, 6}, {3, 5}, {1, 2}], [{8, 7}, {5, 6}, {1, 4}, {2, 3}], [{8, 7}, {5, 6}, {2, 4}, {1, 3}], [{8, 7}, {5, 6}, {3, 4}, {1, 2}], [{8, 7}, {6}, {1, 5}, {3, 4}, {2}], [{8, 7}, {6}, {2, 5}, {3, 4}, {1}], [{8, 7}, {6}, {3, 5}, {1, 4}, {2}], [{8, 7}, {6}, {5}, {3, 4}, {1, 2}], [{8}, {2, 7}, {1, 6}, {3, 5}, {4}], [{8}, {2, 7}, {4, 6}, {5}, {1, 3}], [{8}, {2, 7}, {5, 6}, {1, 4}, {3}], [{8}, {3, 7}, {1, 6}, {5}, {2, 4}], [{8}, {5, 7}, {2, 6}, {1, 4}, {3}], [{8}, {5, 7}, {2, 6}, {3, 4}, {1}], [{8}, {5, 7}, {2, 6}, {4}, {1, 3}], [{8}, {5, 7}, {2, 6}, {4}, {3}, {1}]]",2,8 K_1^3 + 4 K_1^2 K_2 - 8 K_1^2 - 12 K_1 K_2 - 2 K_1 K_3 - 2 K_2^2 + 3 K_2 + 4 K_3 + K_4 + 5,O1O2O3O4U5U3O6U4O7O8U1U8U6U7O5U2,O1O2O3O4U3U1O5U2O6O7U5U6U8U4O8U7,O1O2O3O4U5O6U1U6U7U8O5O7U3O8U4U2,c,{'O1O2O3O4U3O5U6U7U8U4O8O6U1O7U2U5'},1,"<a href=""/flatknot/8.733994"">8.733994</a>",t^9-81t^7-284t^6+224t^5+1190t^4+105t^3-1222t^2-318t+186,-2t^3+t^2+4t,,
8.733995,O1O2O3O4U3O5U6U7U8U4O8O6U1O7U5U2,4,4z^3+38z^2+111z+103,4w^4z^3+38w^3z^2+111w^2z+103w,False,False,"[[ 0 -1  1 -1  3  2 -2 -1 -1],[ 1  0  1 -1  3  1  0  1  0],[-1 -1  0 -1  3  1 -3 -1 -2],[ 1  1  1  0  1  1  0  0  0],[-3 -3 -3 -1  0 -2 -2 -1 -3],[-2 -1 -1 -1  2  0 -3 -1 -2],[ 2  0  3  0  2  3  0  0  1],[ 1 -1  1  0  1  1  0  0  0],[ 1  0  2  0  3  2 -1  0  0]]","[[ 0  3  2  1 -1 -1 -1 -1 -2],[-3  0 -2 -3 -1 -1 -3 -3 -2],[-2  2  0 -1 -1 -1 -1 -2 -3],[-1  3  1  0 -1 -1 -1 -2 -3],[ 1  1  1  1  0  0  1  0  0],[ 1  1  1  1  0  0 -1  0  0],[ 1  3  1  1 -1  1  0  0  0],[ 1  3  2  2  0  0  0  0 -1],[ 2  2  3  3  0  0  0  1  0]]",True,"[-3,-2,-1,1,1,1,1,2,2,3,1,1,3,3,2,1,1,1,1,2,3,1,1,1,2,3,0,-1,0,0,1,0,0,0,0,1]","[-3,-2,-1,1,1,1,1,2,-1,-1,1,1,3,3,3,0,1,2,2,2,1,0,1,1,1,0,0,0,0,0,-1,1,1,0,1,1]",t^8+73t^6+297t^4+80t^2,"[-2,-1,-1,-1,-1,1,2,3,0,1,1,1,0,1,3,0,0,0,0,1,1,-1,0,1,2,3,-1,1,2,1,1,2,3,0,-1,-1]","[-3,-2,-1,1,1,1,1,2,-1,-1,1,1,3,3,3,0,1,2,2,2,1,0,1,1,1,0,0,0,0,0,-1,1,1,0,1,1]","[-2,-1,-1,-1,-1,1,2,3,0,0,0,1,3,3,2,-1,0,0,1,1,1,-1,0,1,1,3,0,1,1,1,2,2,3,1,3,2]",c,"[[{8, 1}, {2, 7}, {3, 6}, {4, 5}], [{8, 1}, {2, 7}, {4, 6}, {3, 5}], [{8, 1}, {2, 7}, {4, 6}, {5}, {3}], [{8, 1}, {2, 7}, {5, 6}, {3, 4}], [{8, 1}, {3, 7}, {2, 6}, {4, 5}], [{8, 1}, {3, 7}, {4, 6}, {2, 5}], [{8, 1}, {3, 7}, {4, 6}, {5}, {2}], [{8, 1}, {3, 7}, {5, 6}, {2, 4}], [{8, 1}, {4, 7}, {2, 6}, {3, 5}], [{8, 1}, {4, 7}, {3, 6}, {2, 5}], [{8, 1}, {4, 7}, {5, 6}, {2, 3}], [{8, 1}, {4, 7}, {6}, {3, 5}, {2}], [{8, 1}, {5, 7}, {2, 6}, {3, 4}], [{8, 1}, {5, 7}, {3, 6}, {2, 4}], [{8, 1}, {5, 7}, {3, 6}, {4}, {2}], [{8, 1}, {5, 7}, {4, 6}, {2, 3}], [{8, 1}, {5, 7}, {4, 6}, {3}, {2}], [{8, 1}, {5, 7}, {6}, {3, 4}, {2}], [{8, 1}, {6, 7}, {2, 5}, {3, 4}], [{8, 1}, {6, 7}, {3, 5}, {2, 4}], [{8, 1}, {6, 7}, {3, 5}, {4}, {2}], [{8, 1}, {6, 7}, {4, 5}, {2, 3}], [{8, 1}, {7}, {4, 6}, {2, 5}, {3}], [{8, 1}, {7}, {4, 6}, {3, 5}, {2}], [{8, 1}, {7}, {4, 6}, {5}, {2, 3}], [{8, 1}, {7}, {4, 6}, {5}, {3}, {2}], [{8, 2}, {1, 7}, {3, 6}, {4, 5}], [{8, 2}, {1, 7}, {4, 6}, {3, 5}], [{8, 2}, {1, 7}, {5, 6}, {3, 4}], [{8, 2}, {1, 7}, {6}, {5}, {3, 4}], [{8, 2}, {3, 7}, {1, 6}, {4, 5}], [{8, 2}, {3, 7}, {4, 6}, {1, 5}], [{8, 2}, {3, 7}, {5, 6}, {1, 4}], [{8, 2}, {4, 7}, {1, 6}, {3, 5}], [{8, 2}, {4, 7}, {3, 6}, {1, 5}], [{8, 2}, {4, 7}, {5, 6}, {1, 3}], [{8, 2}, {5, 7}, {1, 6}, {3, 4}], [{8, 2}, {5, 7}, {3, 6}, {1, 4}], [{8, 2}, {5, 7}, {3, 6}, {4}, {1}], [{8, 2}, {5, 7}, {4, 6}, {1, 3}], [{8, 2}, {6, 7}, {1, 5}, {3, 4}], [{8, 2}, {6, 7}, {3, 5}, {1, 4}], [{8, 2}, {6, 7}, {4, 5}, {1, 3}], [{8, 3}, {1, 7}, {2, 6}, {4, 5}], [{8, 3}, {1, 7}, {2, 6}, {5}, {4}], [{8, 3}, {1, 7}, {4, 6}, {2, 5}], [{8, 3}, {1, 7}, {5, 6}, {2, 4}], [{8, 3}, {1, 7}, {5, 6}, {4}, {2}], [{8, 3}, {1, 7}, {6}, {2, 5}, {4}], [{8, 3}, {2, 7}, {1, 6}, {4, 5}], [{8, 3}, {2, 7}, {4, 6}, {1, 5}], [{8, 3}, {2, 7}, {5, 6}, {1, 4}], [{8, 3}, {4, 7}, {1, 6}, {2, 5}], [{8, 3}, {4, 7}, {2, 6}, {1, 5}], [{8, 3}, {4, 7}, {5, 6}, {1, 2}], [{8, 3}, {5, 7}, {1, 6}, {2, 4}], [{8, 3}, {5, 7}, {2, 6}, {1, 4}], [{8, 3}, {5, 7}, {2, 6}, {4}, {1}], [{8, 3}, {5, 7}, {4, 6}, {1, 2}], [{8, 3}, {5, 7}, {4, 6}, {2}, {1}], [{8, 3}, {5, 7}, {6}, {2, 4}, {1}], [{8, 3}, {6, 7}, {1, 5}, {2, 4}], [{8, 3}, {6, 7}, {2, 5}, {1, 4}], [{8, 3}, {6, 7}, {4, 5}, {1, 2}], [{8, 3}, {7}, {1, 6}, {4, 5}, {2}], [{8, 3}, {7}, {2, 6}, {1, 5}, {4}], [{8, 4}, {1, 7}, {2, 6}, {3, 5}], [{8, 4}, {1, 7}, {3, 6}, {2, 5}], [{8, 4}, {1, 7}, {5, 6}, {2, 3}], [{8, 4}, {2, 7}, {1, 6}, {3, 5}], [{8, 4}, {2, 7}, {1, 6}, {5}, {3}], [{8, 4}, {2, 7}, {3, 6}, {1, 5}], [{8, 4}, {2, 7}, {5, 6}, {1, 3}], [{8, 4}, {3, 7}, {1, 6}, {2, 5}], [{8, 4}, {3, 7}, {1, 6}, {5}, {2}], [{8, 4}, {3, 7}, {2, 6}, {1, 5}], [{8, 4}, {3, 7}, {5, 6}, {1, 2}], [{8, 4}, {5, 7}, {1, 6}, {2, 3}], [{8, 4}, {5, 7}, {1, 6}, {3}, {2}], [{8, 4}, {5, 7}, {2, 6}, {1, 3}], [{8, 4}, {5, 7}, {2, 6}, {3}, {1}], [{8, 4}, {5, 7}, {3, 6}, {1, 2}], [{8, 4}, {5, 7}, {6}, {3}, {1, 2}], [{8, 4}, {6, 7}, {1, 5}, {2, 3}], [{8, 4}, {6, 7}, {2, 5}, {1, 3}], [{8, 4}, {6, 7}, {3, 5}, {1, 2}], [{8, 4}, {7}, {1, 6}, {2, 5}, {3}], [{8, 4}, {7}, {1, 6}, {3, 5}, {2}], [{8, 4}, {7}, {1, 6}, {5}, {2, 3}], [{8, 4}, {7}, {1, 6}, {5}, {3}, {2}], [{8, 5}, {1, 7}, {2, 6}, {3, 4}], [{8, 5}, {1, 7}, {3, 6}, {2, 4}], [{8, 5}, {1, 7}, {4, 6}, {2, 3}], [{8, 5}, {2, 7}, {1, 6}, {3, 4}], [{8, 5}, {2, 7}, {3, 6}, {1, 4}], [{8, 5}, {2, 7}, {4, 6}, {1, 3}], [{8, 5}, {2, 7}, {4, 6}, {3}, {1}], [{8, 5}, {3, 7}, {1, 6}, {2, 4}], [{8, 5}, {3, 7}, {2, 6}, {1, 4}], [{8, 5}, {3, 7}, {4, 6}, {1, 2}], [{8, 5}, {4, 7}, {1, 6}, {2, 3}], [{8, 5}, {4, 7}, {2, 6}, {1, 3}], [{8, 5}, {4, 7}, {3, 6}, {1, 2}], [{8, 5}, {6, 7}, {1, 4}, {2, 3}], [{8, 5}, {6, 7}, {2, 4}, {1, 3}], [{8, 5}, {6, 7}, {3, 4}, {1, 2}], [{8, 5}, {7}, {1, 6}, {3, 4}, {2}], [{8, 6}, {1, 7}, {2, 5}, {3, 4}], [{8, 6}, {1, 7}, {3, 5}, {2, 4}], [{8, 6}, {1, 7}, {4, 5}, {2, 3}], [{8, 6}, {2, 7}, {1, 5}, {3, 4}], [{8, 6}, {2, 7}, {3, 5}, {1, 4}], [{8, 6}, {2, 7}, {4, 5}, {1, 3}], [{8, 6}, {3, 7}, {1, 5}, {2, 4}], [{8, 6}, {3, 7}, {2, 5}, {1, 4}], [{8, 6}, {3, 7}, {4, 5}, {1, 2}], [{8, 6}, {3, 7}, {5}, {1, 4}, {2}], [{8, 6}, {4, 7}, {1, 5}, {2, 3}], [{8, 6}, {4, 7}, {2, 5}, {1, 3}], [{8, 6}, {4, 7}, {3, 5}, {1, 2}], [{8, 6}, {5, 7}, {1, 4}, {2, 3}], [{8, 6}, {5, 7}, {2, 4}, {1, 3}], [{8, 6}, {5, 7}, {3, 4}, {1, 2}], [{8, 6}, {5, 7}, {4}, {2, 3}, {1}], [{8, 6}, {7}, {2, 5}, {3, 4}, {1}], [{8, 7}, {1, 6}, {2, 5}, {3, 4}], [{8, 7}, {1, 6}, {3, 5}, {2, 4}], [{8, 7}, {1, 6}, {4, 5}, {2, 3}], [{8, 7}, {2, 6}, {1, 5}, {3, 4}], [{8, 7}, {2, 6}, {3, 5}, {1, 4}], [{8, 7}, {2, 6}, {4, 5}, {1, 3}], [{8, 7}, {2, 6}, {5}, {4}, {1, 3}], [{8, 7}, {3, 6}, {1, 5}, {2, 4}], [{8, 7}, {3, 6}, {2, 5}, {1, 4}], [{8, 7}, {3, 6}, {4, 5}, {1, 2}], [{8, 7}, {3, 6}, {4, 5}, {2}, {1}], [{8, 7}, {4, 6}, {1, 5}, {2, 3}], [{8, 7}, {4, 6}, {2, 5}, {1, 3}], [{8, 7}, {4, 6}, {3, 5}, {1, 2}], [{8, 7}, {4, 6}, {3, 5}, {2}, {1}], [{8, 7}, {5, 6}, {1, 4}, {2, 3}], [{8, 7}, {5, 6}, {2, 4}, {1, 3}], [{8, 7}, {5, 6}, {3, 4}, {1, 2}], [{8, 7}, {6}, {1, 5}, {2, 4}, {3}], [{8, 7}, {6}, {5}, {3, 4}, {1, 2}], [{8}, {1, 7}, {4, 6}, {3, 5}, {2}], [{8}, {2, 7}, {3, 6}, {5}, {1, 4}], [{8}, {2, 7}, {4, 6}, {1, 5}, {3}], [{8}, {2, 7}, {5, 6}, {1, 4}, {3}], [{8}, {2, 7}, {6}, {3, 5}, {1, 4}], [{8}, {3, 7}, {2, 6}, {4, 5}, {1}], [{8}, {3, 7}, {5, 6}, {2, 4}, {1}], [{8}, {4, 7}, {2, 6}, {1, 5}, {3}], [{8}, {5, 7}, {2, 6}, {3, 4}, {1}], [{8}, {5, 7}, {3, 6}, {4}, {1, 2}], [{8}, {5, 7}, {4, 6}, {1, 3}, {2}], [{8}, {6, 7}, {1, 5}, {3, 4}, {2}], [{8}, {7}, {5, 6}, {3, 4}, {1, 2}]]",2,20 K_1^3 - 14 K_1^2 - 22 K_1 K_2 - 2 K_1 K_3 - 4 K_1 - 2 K_2^2 + 8 K_2 + 6 K_3 + 2 K_4 + 9,O1O2O3O4U3U5O6U4O7O8U1U8U6U7O5U2,O1O2O3O4U3U1O5U2O6O7U5U7U8U4O8U6,O1O2O3O4U5O6U1U6U7U8O7O5U3O8U4U2,c,{'O1O2O3O4U3O5U6U7U8U4O8O6U1O7U5U2'},1,"<a href=""/flatknot/8.733995"">8.733995</a>",t^9-67t^7-232t^6+7t^5+604t^4+489t^3-106t^2-182t,-t^3+3t,,
8.733996,O1O2O3O4U3O5U6U7U8U4O8O6U2O7U1U5,3,15z^2+74z+89,15w^3z^2-2w^3z+76w^2z+89w,False,False,"[[ 0 -1  0 -1  3  3 -2 -1 -1],[ 1  0  1 -1  4  3 -1  0  0],[ 0 -1  0 -1  3  1 -1  0 -1],[ 1  1  1  0  1  1  0  0  0],[-3 -4 -3 -1  0 -2 -2 -1 -3],[-3 -3 -1 -1  2  0 -4 -2 -3],[ 2  1  1  0  2  4  0  0  1],[ 1  0  0  0  1  2  0  0  0],[ 1  0  1  0  3  3 -1  0  0]]","[[ 0  3  3  0 -1 -1 -1 -1 -2],[-3  0  2 -1 -1 -2 -3 -3 -4],[-3 -2  0 -3 -1 -1 -3 -4 -2],[ 0  1  3  0 -1  0 -1 -1 -1],[ 1  1  1  1  0  0  0  1  0],[ 1  2  1  0  0  0  0  0  0],[ 1  3  3  1  0  0  0  0 -1],[ 1  3  4  1 -1  0  0  0 -1],[ 2  4  2  1  0  0  1  1  0]]",True,"[-3,-3,0,1,1,1,1,2,-2,1,1,2,3,3,4,3,1,1,3,4,2,1,0,1,1,1,0,0,-1,0,0,0,0,0,1,1]","[-3,-3,0,1,1,1,1,2,-2,0,0,1,3,3,3,2,1,1,2,3,1,0,0,1,0,1,0,0,-1,0,0,0,0,0,1,1]",t^8+91t^6+345t^4+99t^2,"[-2,-1,-1,-1,-1,0,3,3,0,0,1,1,1,1,3,0,0,0,0,1,1,0,1,0,1,0,0,1,2,3,0,3,3,2,0,-2]","[-3,-3,0,1,1,1,1,2,-2,0,0,1,3,3,3,2,1,1,2,3,1,0,0,1,0,1,0,0,-1,0,0,0,0,0,1,1]","[-2,-1,-1,-1,-1,0,3,3,0,0,1,1,1,2,4,0,0,0,0,1,2,0,1,1,1,1,0,1,3,3,1,4,3,3,1,-2]",c,"[[{8, 1}, {2, 7}, {3, 6}, {4, 5}], [{8, 1}, {2, 7}, {4, 6}, {3, 5}], [{8, 1}, {2, 7}, {5, 6}, {3, 4}], [{8, 1}, {2, 7}, {6}, {5}, {3, 4}], [{8, 1}, {3, 7}, {2, 6}, {4, 5}], [{8, 1}, {3, 7}, {4, 6}, {2, 5}], [{8, 1}, {3, 7}, {5, 6}, {2, 4}], [{8, 1}, {4, 7}, {2, 6}, {3, 5}], [{8, 1}, {4, 7}, {3, 6}, {2, 5}], [{8, 1}, {4, 7}, {5, 6}, {2, 3}], [{8, 1}, {5, 7}, {2, 6}, {3, 4}], [{8, 1}, {5, 7}, {3, 6}, {2, 4}], [{8, 1}, {5, 7}, {4, 6}, {2, 3}], [{8, 1}, {5, 7}, {6}, {3, 4}, {2}], [{8, 1}, {6, 7}, {2, 5}, {3, 4}], [{8, 1}, {6, 7}, {3, 5}, {2, 4}], [{8, 1}, {6, 7}, {4, 5}, {2, 3}], [{8, 1}, {6, 7}, {5}, {3, 4}, {2}], [{8, 1}, {7}, {2, 6}, {5}, {3, 4}], [{8, 1}, {7}, {5, 6}, {3, 4}, {2}], [{8, 1}, {7}, {6}, {2, 5}, {3, 4}], [{8, 1}, {7}, {6}, {5}, {3, 4}, {2}], [{8, 2}, {1, 7}, {3, 6}, {4, 5}], [{8, 2}, {1, 7}, {3, 6}, {5}, {4}], [{8, 2}, {1, 7}, {4, 6}, {3, 5}], [{8, 2}, {1, 7}, {4, 6}, {5}, {3}], [{8, 2}, {1, 7}, {5, 6}, {3, 4}], [{8, 2}, {1, 7}, {6}, {5}, {3, 4}], [{8, 2}, {3, 7}, {1, 6}, {4, 5}], [{8, 2}, {3, 7}, {4, 6}, {1, 5}], [{8, 2}, {3, 7}, {5, 6}, {1, 4}], [{8, 2}, {4, 7}, {1, 6}, {3, 5}], [{8, 2}, {4, 7}, {3, 6}, {1, 5}], [{8, 2}, {4, 7}, {5, 6}, {1, 3}], [{8, 2}, {5, 7}, {1, 6}, {3, 4}], [{8, 2}, {5, 7}, {3, 6}, {1, 4}], [{8, 2}, {5, 7}, {4, 6}, {1, 3}], [{8, 2}, {5, 7}, {6}, {3, 4}, {1}], [{8, 2}, {6, 7}, {1, 5}, {3, 4}], [{8, 2}, {6, 7}, {3, 5}, {1, 4}], [{8, 2}, {6, 7}, {4, 5}, {1, 3}], [{8, 2}, {6, 7}, {5}, {3, 4}, {1}], [{8, 2}, {7}, {1, 6}, {3, 5}, {4}], [{8, 2}, {7}, {1, 6}, {4, 5}, {3}], [{8, 2}, {7}, {1, 6}, {5}, {3, 4}], [{8, 2}, {7}, {5, 6}, {3, 4}, {1}], [{8, 2}, {7}, {6}, {1, 5}, {3, 4}], [{8, 2}, {7}, {6}, {5}, {3, 4}, {1}], [{8, 3}, {1, 7}, {2, 6}, {4, 5}], [{8, 3}, {1, 7}, {2, 6}, {5}, {4}], [{8, 3}, {1, 7}, {4, 6}, {2, 5}], [{8, 3}, {1, 7}, {5, 6}, {2, 4}], [{8, 3}, {1, 7}, {6}, {4, 5}, {2}], [{8, 3}, {2, 7}, {1, 6}, {4, 5}], [{8, 3}, {2, 7}, {4, 6}, {1, 5}], [{8, 3}, {2, 7}, {5, 6}, {1, 4}], [{8, 3}, {4, 7}, {1, 6}, {2, 5}], [{8, 3}, {4, 7}, {2, 6}, {1, 5}], [{8, 3}, {4, 7}, {5, 6}, {1, 2}], [{8, 3}, {5, 7}, {1, 6}, {2, 4}], [{8, 3}, {5, 7}, {2, 6}, {1, 4}], [{8, 3}, {5, 7}, {4, 6}, {1, 2}], [{8, 3}, {5, 7}, {6}, {1, 4}, {2}], [{8, 3}, {6, 7}, {1, 5}, {2, 4}], [{8, 3}, {6, 7}, {2, 5}, {1, 4}], [{8, 3}, {6, 7}, {4, 5}, {1, 2}], [{8, 3}, {6, 7}, {5}, {1, 4}, {2}], [{8, 3}, {7}, {1, 6}, {2, 5}, {4}], [{8, 3}, {7}, {2, 6}, {4, 5}, {1}], [{8, 3}, {7}, {4, 6}, {1, 5}, {2}], [{8, 3}, {7}, {5, 6}, {1, 4}, {2}], [{8, 4}, {1, 7}, {2, 6}, {3, 5}], [{8, 4}, {1, 7}, {2, 6}, {5}, {3}], [{8, 4}, {1, 7}, {3, 6}, {2, 5}], [{8, 4}, {1, 7}, {5, 6}, {2, 3}], [{8, 4}, {1, 7}, {6}, {3, 5}, {2}], [{8, 4}, {2, 7}, {1, 6}, {3, 5}], [{8, 4}, {2, 7}, {3, 6}, {1, 5}], [{8, 4}, {2, 7}, {5, 6}, {1, 3}], [{8, 4}, {3, 7}, {1, 6}, {2, 5}], [{8, 4}, {3, 7}, {2, 6}, {1, 5}], [{8, 4}, {3, 7}, {5, 6}, {1, 2}], [{8, 4}, {5, 7}, {1, 6}, {2, 3}], [{8, 4}, {5, 7}, {2, 6}, {1, 3}], [{8, 4}, {5, 7}, {3, 6}, {1, 2}], [{8, 4}, {5, 7}, {6}, {1, 3}, {2}], [{8, 4}, {6, 7}, {1, 5}, {2, 3}], [{8, 4}, {6, 7}, {2, 5}, {1, 3}], [{8, 4}, {6, 7}, {3, 5}, {1, 2}], [{8, 4}, {6, 7}, {5}, {1, 3}, {2}], [{8, 4}, {7}, {1, 6}, {2, 5}, {3}], [{8, 4}, {7}, {2, 6}, {3, 5}, {1}], [{8, 4}, {7}, {3, 6}, {1, 5}, {2}], [{8, 4}, {7}, {5, 6}, {1, 3}, {2}], [{8, 5}, {1, 7}, {2, 6}, {3, 4}], [{8, 5}, {1, 7}, {2, 6}, {4}, {3}], [{8, 5}, {1, 7}, {3, 6}, {2, 4}], [{8, 5}, {1, 7}, {4, 6}, {2, 3}], [{8, 5}, {1, 7}, {6}, {3, 4}, {2}], [{8, 5}, {2, 7}, {1, 6}, {3, 4}], [{8, 5}, {2, 7}, {1, 6}, {4}, {3}], [{8, 5}, {2, 7}, {3, 6}, {1, 4}], [{8, 5}, {2, 7}, {3, 6}, {4}, {1}], [{8, 5}, {2, 7}, {4, 6}, {1, 3}], [{8, 5}, {2, 7}, {4, 6}, {3}, {1}], [{8, 5}, {2, 7}, {6}, {1, 4}, {3}], [{8, 5}, {2, 7}, {6}, {3, 4}, {1}], [{8, 5}, {2, 7}, {6}, {4}, {1, 3}], [{8, 5}, {3, 7}, {1, 6}, {2, 4}], [{8, 5}, {3, 7}, {2, 6}, {1, 4}], [{8, 5}, {3, 7}, {4, 6}, {1, 2}], [{8, 5}, {4, 7}, {1, 6}, {2, 3}], [{8, 5}, {4, 7}, {2, 6}, {1, 3}], [{8, 5}, {4, 7}, {3, 6}, {1, 2}], [{8, 5}, {6, 7}, {1, 4}, {2, 3}], [{8, 5}, {6, 7}, {2, 4}, {1, 3}], [{8, 5}, {6, 7}, {3, 4}, {1, 2}], [{8, 5}, {6, 7}, {3, 4}, {2}, {1}], [{8, 5}, {7}, {1, 6}, {3, 4}, {2}], [{8, 5}, {7}, {2, 6}, {3, 4}, {1}], [{8, 5}, {7}, {3, 6}, {1, 4}, {2}], [{8, 5}, {7}, {4, 6}, {1, 3}, {2}], [{8, 5}, {7}, {6}, {3, 4}, {1, 2}], [{8, 5}, {7}, {6}, {3, 4}, {2}, {1}], [{8, 6}, {1, 7}, {2, 5}, {3, 4}], [{8, 6}, {1, 7}, {3, 5}, {2, 4}], [{8, 6}, {1, 7}, {4, 5}, {2, 3}], [{8, 6}, {1, 7}, {5}, {3, 4}, {2}], [{8, 6}, {2, 7}, {1, 5}, {3, 4}], [{8, 6}, {2, 7}, {3, 5}, {1, 4}], [{8, 6}, {2, 7}, {4, 5}, {1, 3}], [{8, 6}, {2, 7}, {5}, {3, 4}, {1}], [{8, 6}, {3, 7}, {1, 5}, {2, 4}], [{8, 6}, {3, 7}, {2, 5}, {1, 4}], [{8, 6}, {3, 7}, {4, 5}, {1, 2}], [{8, 6}, {4, 7}, {1, 5}, {2, 3}], [{8, 6}, {4, 7}, {2, 5}, {1, 3}], [{8, 6}, {4, 7}, {3, 5}, {1, 2}], [{8, 6}, {5, 7}, {1, 4}, {2, 3}], [{8, 6}, {5, 7}, {2, 4}, {1, 3}], [{8, 6}, {5, 7}, {3, 4}, {1, 2}], [{8, 6}, {5, 7}, {3, 4}, {2}, {1}], [{8, 6}, {7}, {1, 5}, {3, 4}, {2}], [{8, 6}, {7}, {2, 5}, {3, 4}, {1}], [{8, 6}, {7}, {5}, {3, 4}, {1, 2}], [{8, 6}, {7}, {5}, {3, 4}, {2}, {1}], [{8, 7}, {1, 6}, {2, 5}, {3, 4}], [{8, 7}, {1, 6}, {3, 5}, {2, 4}], [{8, 7}, {1, 6}, {4, 5}, {2, 3}], [{8, 7}, {1, 6}, {5}, {3, 4}, {2}], [{8, 7}, {2, 6}, {1, 5}, {3, 4}], [{8, 7}, {2, 6}, {3, 5}, {1, 4}], [{8, 7}, {2, 6}, {4, 5}, {1, 3}], [{8, 7}, {2, 6}, {5}, {3, 4}, {1}], [{8, 7}, {3, 6}, {1, 5}, {2, 4}], [{8, 7}, {3, 6}, {2, 5}, {1, 4}], [{8, 7}, {3, 6}, {4, 5}, {1, 2}], [{8, 7}, {4, 6}, {1, 5}, {2, 3}], [{8, 7}, {4, 6}, {2, 5}, {1, 3}], [{8, 7}, {4, 6}, {3, 5}, {1, 2}], [{8, 7}, {5, 6}, {1, 4}, {2, 3}], [{8, 7}, {5, 6}, {2, 4}, {1, 3}], [{8, 7}, {5, 6}, {3, 4}, {1, 2}], [{8, 7}, {5, 6}, {3, 4}, {2}, {1}], [{8, 7}, {6}, {1, 5}, {3, 4}, {2}], [{8, 7}, {6}, {2, 5}, {3, 4}, {1}], [{8, 7}, {6}, {3, 5}, {1, 4}, {2}], [{8, 7}, {6}, {4, 5}, {1, 3}, {2}], [{8, 7}, {6}, {5}, {3, 4}, {1, 2}], [{8, 7}, {6}, {5}, {3, 4}, {2}, {1}], [{8}, {1, 7}, {2, 6}, {3, 5}, {4}], [{8}, {1, 7}, {2, 6}, {4, 5}, {3}], [{8}, {1, 7}, {2, 6}, {5}, {3, 4}], [{8}, {1, 7}, {5, 6}, {2, 4}, {3}], [{8}, {1, 7}, {5, 6}, {3, 4}, {2}], [{8}, {1, 7}, {5, 6}, {4}, {2, 3}], [{8}, {1, 7}, {6}, {2, 5}, {3, 4}], [{8}, {1, 7}, {6}, {5}, {3, 4}, {2}], [{8}, {2, 7}, {1, 6}, {5}, {3, 4}], [{8}, {2, 7}, {3, 6}, {5}, {1, 4}], [{8}, {2, 7}, {4, 6}, {5}, {1, 3}], [{8}, {2, 7}, {5, 6}, {3, 4}, {1}], [{8}, {2, 7}, {6}, {1, 5}, {3, 4}], [{8}, {2, 7}, {6}, {5}, {3, 4}, {1}], [{8}, {3, 7}, {6}, {2, 5}, {1, 4}], [{8}, {4, 7}, {6}, {2, 5}, {1, 3}], [{8}, {5, 7}, {1, 6}, {2, 4}, {3}], [{8}, {5, 7}, {1, 6}, {3, 4}, {2}], [{8}, {5, 7}, {1, 6}, {4}, {2, 3}], [{8}, {5, 7}, {2, 6}, {3, 4}, {1}], [{8}, {5, 7}, {6}, {3, 4}, {1, 2}], [{8}, {5, 7}, {6}, {3, 4}, {2}, {1}], [{8}, {6, 7}, {1, 5}, {2, 4}, {3}], [{8}, {6, 7}, {1, 5}, {3, 4}, {2}], [{8}, {6, 7}, {1, 5}, {4}, {2, 3}], [{8}, {6, 7}, {2, 5}, {3, 4}, {1}], [{8}, {6, 7}, {5}, {3, 4}, {1, 2}], [{8}, {6, 7}, {5}, {3, 4}, {2}, {1}], [{8}, {7}, {1, 6}, {2, 5}, {3, 4}], [{8}, {7}, {1, 6}, {5}, {3, 4}, {2}], [{8}, {7}, {2, 6}, {1, 5}, {3, 4}], [{8}, {7}, {2, 6}, {5}, {3, 4}, {1}], [{8}, {7}, {5, 6}, {3, 4}, {1, 2}], [{8}, {7}, {5, 6}, {3, 4}, {2}, {1}], [{8}, {7}, {6}, {1, 5}, {3, 4}, {2}], [{8}, {7}, {6}, {2, 5}, {3, 4}, {1}], [{8}, {7}, {6}, {5}, {3, 4}, {1, 2}], [{8}, {7}, {6}, {5}, {3, 4}, {2}, {1}]]",2,20 K_1^3 - 16 K_1^2 - 24 K_1 K_2 - 2 K_1 K_3 - 3 K_1 - 2 K_2^2 + 9 K_2 + 7 K_3 + 2 K_4 + 10,O1O2O3O4U5U4O6U3O7O8U1U8U6U7O5U2,O1O2O3O4U3U1O5U2O6O7U6U5U8U4O8U7,O1O2O3O4U5O6U1U6U7U8O5O8U3O7U4U2,c,{'O1O2O3O4U3O5U6U7U8U4O8O6U2O7U1U5'},1,"<a href=""/flatknot/8.733996"">8.733996</a>",t^9-81t^7-292t^6+60t^5+846t^4+433t^3-382t^2-168t,-2t^3+t^2+4t,,
8.733997,O1O2O3O4U3O5U6U1U2U4O7O8U7O6U8U5,4,5z^3+42z^2+112z+97,5w^4z^3+42w^3z^2+112w^2z+97w,False,False,"[[ 0 -2  0 -1  3  3 -2 -1  0],[ 2  0  1  0  3  2  0  0 -1],[ 0 -1  0  0  2  1 -1  0 -1],[ 1  0  0  0  1  1  0  0  0],[-3 -3 -2 -1  0  0 -3  0 -1],[-3 -2 -1 -1  0  0 -2 -1  0],[ 2  0  1  0  3  2  0 -1 -1],[ 1  0  0  0  0  1  1  0  1],[ 0  1  1  0  1  0  1 -1  0]]","[[ 0  3  3  0  0 -1 -1 -2 -2],[-3  0  0  0 -1 -1 -1 -2 -2],[-3  0  0 -1 -2  0 -1 -3 -3],[ 0  0  1  0  1 -1  0  1  1],[ 0  1  2 -1  0  0  0 -1 -1],[ 1  1  0  1  0  0  0  1  0],[ 1  1  1  0  0  0  0  0  0],[ 2  2  3 -1  1 -1  0  0  0],[ 2  2  3 -1  1  0  0  0  0]]",True,"[-3,-3,0,0,1,1,2,2,0,0,1,1,1,2,2,1,2,0,1,3,3,-1,1,0,-1,-1,0,0,1,1,0,-1,0,0,0,0]","[-3,-3,0,0,1,1,2,2,0,0,1,1,1,2,2,1,2,0,1,3,3,-1,1,0,-1,-1,0,0,1,1,0,-1,0,0,0,0]",t^8+42t^6+119t^4+22t^2+1,"[-2,-2,-1,-1,0,0,3,3,0,1,1,1,3,2,3,1,2,1,3,2,3,0,1,1,3,3,1,0,4,3,1,1,2,2,3,0]","[-3,-3,0,0,1,1,2,2,0,1,2,3,4,2,2,2,3,3,3,3,3,-1,1,1,1,1,1,0,3,3,0,1,1,1,2,0]","[-2,-2,-1,-1,0,0,3,3,0,-1,0,-1,1,2,3,0,0,-1,1,2,3,0,1,0,1,0,0,0,1,1,1,0,1,1,2,0]",c,"[[{8, 4}, {6, 7}, {2, 5}, {1, 3}], [{8, 4}, {6, 7}, {5}, {1, 3}, {2}]]",1,24 K_1^3 + 8 K_1^2 K_2 - 16 K_1^2 - 16 K_1 K_2 - 4 K_1 K_3 - 10 K_1 + 6 K_2 + 2 K_3 + 7,O1O2O3O4U5U6O7U8O6O8U1U3U4U7O5U2,O1O2O3O4U5U6O5U1O6O7U2U3U8U4O8U7,O1O2O3O4U5O6U1U6U2U3O5O7U4O8U7U8,c,{'O1O2O3O4U3O5U6U1U2U4O7O8U7O6U8U5'},1,"<a href=""/flatknot/8.733997"">8.733997</a>",t^9-34t^7-62t^6+13t^5+22t^4+20t^3+124t^2+35t+2,-2t^3+2t^2+2t,,
8.733998,O1O2O3O4U3O5U6U1U2U7O8O7U4O6U8U5,4,2z^3+34z^2+113z+107,2w^4z^3+34w^3z^2+113w^2z+107w,False,False,"[[ 0 -2  0 -1  2  3 -2  1 -1],[ 2  0  1  0  3  2  0  2  0],[ 0 -1  0  0  2  1 -1  0  0],[ 1  0  0  0  1  1  0  1  1],[-2 -3 -2 -1  0  1 -2 -2 -1],[-3 -2 -1 -1 -1  0 -2 -2 -2],[ 2  0  1  0  2  2  0  3  0],[-1 -2  0 -1  2  2 -3  0 -1],[ 1  0  0 -1  1  2  0  1  0]]","[[ 0  3  2  1  0 -1 -1 -2 -2],[-3  0 -1 -2 -1 -1 -2 -2 -2],[-2  1  0 -2 -2 -1 -1 -2 -3],[-1  2  2  0  0 -1 -1 -3 -2],[ 0  1  2  0  0  0  0 -1 -1],[ 1  1  1  1  0  0  1  0  0],[ 1  2  1  1  0 -1  0  0  0],[ 2  2  2  3  1  0  0  0  0],[ 2  2  3  2  1  0  0  0  0]]",True,"[-3,-2,-1,0,1,1,2,2,1,2,1,1,2,2,2,2,2,1,1,2,3,0,1,1,3,2,0,0,1,1,-1,0,0,0,0,0]","[-3,-2,-1,0,1,1,2,2,0,0,2,2,3,3,3,-1,0,2,2,1,2,1,1,1,1,0,1,1,1,1,-1,1,1,1,1,0]",t^8+60t^6+222t^4+149t^2,"[-2,-2,-1,-1,0,1,2,3,0,1,1,1,0,2,3,1,1,1,1,1,3,-1,1,1,2,3,1,1,2,2,1,0,2,-1,0,0]","[-3,-2,-1,0,1,1,2,2,0,0,2,2,3,3,3,-1,0,2,2,1,2,1,1,1,1,0,1,1,1,1,-1,1,1,1,1,0]","[-2,-2,-1,-1,0,1,2,3,0,0,0,1,2,3,2,0,0,1,3,2,2,-1,0,1,1,2,0,1,1,1,0,2,1,2,2,1]",c,"[[{8, 1}, {2, 7}, {3, 6}, {4, 5}], [{8, 1}, {2, 7}, {4, 6}, {3, 5}], [{8, 1}, {2, 7}, {5, 6}, {3, 4}], [{8, 1}, {3, 7}, {2, 6}, {4, 5}], [{8, 1}, {3, 7}, {4, 6}, {2, 5}], [{8, 1}, {3, 7}, {5, 6}, {2, 4}], [{8, 1}, {4, 7}, {2, 6}, {3, 5}], [{8, 1}, {4, 7}, {3, 6}, {2, 5}], [{8, 1}, {4, 7}, {3, 6}, {5}, {2}], [{8, 1}, {4, 7}, {5, 6}, {2, 3}], [{8, 1}, {5, 7}, {2, 6}, {3, 4}], [{8, 1}, {5, 7}, {3, 6}, {2, 4}], [{8, 1}, {5, 7}, {4, 6}, {2, 3}], [{8, 1}, {6, 7}, {2, 5}, {3, 4}], [{8, 1}, {6, 7}, {3, 5}, {2, 4}], [{8, 1}, {6, 7}, {4, 5}, {2, 3}], [{8, 1}, {7}, {2, 6}, {3, 5}, {4}], [{8, 1}, {7}, {4, 6}, {5}, {2, 3}], [{8, 1}, {7}, {5, 6}, {2, 4}, {3}], [{8, 2}, {1, 7}, {3, 6}, {4, 5}], [{8, 2}, {1, 7}, {4, 6}, {3, 5}], [{8, 2}, {1, 7}, {5, 6}, {3, 4}], [{8, 2}, {1, 7}, {5, 6}, {4}, {3}], [{8, 2}, {3, 7}, {1, 6}, {4, 5}], [{8, 2}, {3, 7}, {4, 6}, {1, 5}], [{8, 2}, {3, 7}, {5, 6}, {1, 4}], [{8, 2}, {3, 7}, {6}, {4, 5}, {1}], [{8, 2}, {4, 7}, {1, 6}, {3, 5}], [{8, 2}, {4, 7}, {3, 6}, {1, 5}], [{8, 2}, {4, 7}, {5, 6}, {1, 3}], [{8, 2}, {4, 7}, {6}, {3, 5}, {1}], [{8, 2}, {5, 7}, {1, 6}, {3, 4}], [{8, 2}, {5, 7}, {3, 6}, {1, 4}], [{8, 2}, {5, 7}, {4, 6}, {1, 3}], [{8, 2}, {5, 7}, {6}, {3, 4}, {1}], [{8, 2}, {6, 7}, {1, 5}, {3, 4}], [{8, 2}, {6, 7}, {1, 5}, {4}, {3}], [{8, 2}, {6, 7}, {3, 5}, {1, 4}], [{8, 2}, {6, 7}, {4, 5}, {1, 3}], [{8, 3}, {1, 7}, {2, 6}, {4, 5}], [{8, 3}, {1, 7}, {4, 6}, {2, 5}], [{8, 3}, {1, 7}, {5, 6}, {2, 4}], [{8, 3}, {2, 7}, {1, 6}, {4, 5}], [{8, 3}, {2, 7}, {4, 6}, {1, 5}], [{8, 3}, {2, 7}, {5, 6}, {1, 4}], [{8, 3}, {4, 7}, {1, 6}, {2, 5}], [{8, 3}, {4, 7}, {2, 6}, {1, 5}], [{8, 3}, {4, 7}, {5, 6}, {1, 2}], [{8, 3}, {4, 7}, {6}, {2, 5}, {1}], [{8, 3}, {5, 7}, {1, 6}, {2, 4}], [{8, 3}, {5, 7}, {2, 6}, {1, 4}], [{8, 3}, {5, 7}, {4, 6}, {1, 2}], [{8, 3}, {5, 7}, {6}, {4}, {1, 2}], [{8, 3}, {6, 7}, {1, 5}, {2, 4}], [{8, 3}, {6, 7}, {2, 5}, {1, 4}], [{8, 3}, {6, 7}, {4, 5}, {1, 2}], [{8, 3}, {7}, {1, 6}, {4, 5}, {2}], [{8, 3}, {7}, {5, 6}, {2, 4}, {1}], [{8, 4}, {1, 7}, {2, 6}, {3, 5}], [{8, 4}, {1, 7}, {3, 6}, {2, 5}], [{8, 4}, {1, 7}, {5, 6}, {2, 3}], [{8, 4}, {2, 7}, {1, 6}, {3, 5}], [{8, 4}, {2, 7}, {3, 6}, {1, 5}], [{8, 4}, {2, 7}, {5, 6}, {1, 3}], [{8, 4}, {3, 7}, {1, 6}, {2, 5}], [{8, 4}, {3, 7}, {2, 6}, {1, 5}], [{8, 4}, {3, 7}, {5, 6}, {1, 2}], [{8, 4}, {3, 7}, {6}, {1, 5}, {2}], [{8, 4}, {5, 7}, {1, 6}, {2, 3}], [{8, 4}, {5, 7}, {2, 6}, {1, 3}], [{8, 4}, {5, 7}, {3, 6}, {1, 2}], [{8, 4}, {6, 7}, {1, 5}, {2, 3}], [{8, 4}, {6, 7}, {2, 5}, {1, 3}], [{8, 4}, {6, 7}, {3, 5}, {1, 2}], [{8, 4}, {6, 7}, {5}, {2, 3}, {1}], [{8, 4}, {7}, {1, 6}, {2, 5}, {3}], [{8, 5}, {1, 7}, {2, 6}, {3, 4}], [{8, 5}, {1, 7}, {2, 6}, {4}, {3}], [{8, 5}, {1, 7}, {3, 6}, {2, 4}], [{8, 5}, {1, 7}, {4, 6}, {2, 3}], [{8, 5}, {2, 7}, {1, 6}, {3, 4}], [{8, 5}, {2, 7}, {3, 6}, {1, 4}], [{8, 5}, {2, 7}, {4, 6}, {1, 3}], [{8, 5}, {2, 7}, {6}, {3, 4}, {1}], [{8, 5}, {3, 7}, {1, 6}, {2, 4}], [{8, 5}, {3, 7}, {2, 6}, {1, 4}], [{8, 5}, {3, 7}, {4, 6}, {1, 2}], [{8, 5}, {3, 7}, {6}, {1, 4}, {2}], [{8, 5}, {3, 7}, {6}, {2, 4}, {1}], [{8, 5}, {3, 7}, {6}, {4}, {1, 2}], [{8, 5}, {4, 7}, {1, 6}, {2, 3}], [{8, 5}, {4, 7}, {2, 6}, {1, 3}], [{8, 5}, {4, 7}, {3, 6}, {1, 2}], [{8, 5}, {4, 7}, {6}, {2, 3}, {1}], [{8, 5}, {6, 7}, {1, 4}, {2, 3}], [{8, 5}, {6, 7}, {2, 4}, {1, 3}], [{8, 5}, {6, 7}, {3, 4}, {1, 2}], [{8, 5}, {6, 7}, {3, 4}, {2}, {1}], [{8, 5}, {6, 7}, {4}, {3}, {1, 2}], [{8, 5}, {7}, {2, 6}, {3, 4}, {1}], [{8, 5}, {7}, {3, 6}, {4}, {1, 2}], [{8, 5}, {7}, {4, 6}, {1, 3}, {2}], [{8, 6}, {1, 7}, {2, 5}, {3, 4}], [{8, 6}, {1, 7}, {3, 5}, {2, 4}], [{8, 6}, {1, 7}, {4, 5}, {2, 3}], [{8, 6}, {1, 7}, {4, 5}, {3}, {2}], [{8, 6}, {2, 7}, {1, 5}, {3, 4}], [{8, 6}, {2, 7}, {3, 5}, {1, 4}], [{8, 6}, {2, 7}, {4, 5}, {1, 3}], [{8, 6}, {3, 7}, {1, 5}, {2, 4}], [{8, 6}, {3, 7}, {2, 5}, {1, 4}], [{8, 6}, {3, 7}, {4, 5}, {1, 2}], [{8, 6}, {3, 7}, {5}, {1, 4}, {2}], [{8, 6}, {4, 7}, {1, 5}, {2, 3}], [{8, 6}, {4, 7}, {2, 5}, {1, 3}], [{8, 6}, {4, 7}, {3, 5}, {1, 2}], [{8, 6}, {4, 7}, {5}, {1, 3}, {2}], [{8, 6}, {5, 7}, {1, 4}, {2, 3}], [{8, 6}, {5, 7}, {2, 4}, {1, 3}], [{8, 6}, {5, 7}, {3, 4}, {1, 2}], [{8, 6}, {7}, {1, 5}, {2, 4}, {3}], [{8, 6}, {7}, {1, 5}, {3, 4}, {2}], [{8, 6}, {7}, {1, 5}, {4}, {2, 3}], [{8, 7}, {1, 6}, {2, 5}, {3, 4}], [{8, 7}, {1, 6}, {3, 5}, {2, 4}], [{8, 7}, {1, 6}, {4, 5}, {2, 3}], [{8, 7}, {2, 6}, {1, 5}, {3, 4}], [{8, 7}, {2, 6}, {3, 5}, {1, 4}], [{8, 7}, {2, 6}, {4, 5}, {1, 3}], [{8, 7}, {3, 6}, {1, 5}, {2, 4}], [{8, 7}, {3, 6}, {2, 5}, {1, 4}], [{8, 7}, {3, 6}, {4, 5}, {1, 2}], [{8, 7}, {4, 6}, {1, 5}, {2, 3}], [{8, 7}, {4, 6}, {1, 5}, {3}, {2}], [{8, 7}, {4, 6}, {2, 5}, {1, 3}], [{8, 7}, {4, 6}, {3, 5}, {1, 2}], [{8, 7}, {4, 6}, {3, 5}, {2}, {1}], [{8, 7}, {4, 6}, {5}, {1, 3}, {2}], [{8, 7}, {5, 6}, {1, 4}, {2, 3}], [{8, 7}, {5, 6}, {2, 4}, {1, 3}], [{8, 7}, {5, 6}, {3, 4}, {1, 2}], [{8, 7}, {5, 6}, {3, 4}, {2}, {1}], [{8, 7}, {6}, {5}, {1, 4}, {2, 3}], [{8}, {1, 7}, {6}, {4, 5}, {2, 3}], [{8}, {2, 7}, {3, 6}, {5}, {1, 4}], [{8}, {2, 7}, {5, 6}, {1, 4}, {3}], [{8}, {2, 7}, {6}, {3, 5}, {1, 4}], [{8}, {2, 7}, {6}, {4, 5}, {1, 3}], [{8}, {3, 7}, {5, 6}, {1, 4}, {2}], [{8}, {5, 7}, {4, 6}, {1, 3}, {2}], [{8}, {6, 7}, {3, 5}, {2, 4}, {1}], [{8}, {6, 7}, {4, 5}, {1, 3}, {2}], [{8}, {7}, {2, 6}, {4, 5}, {1, 3}], [{8}, {7}, {4, 6}, {3, 5}, {1, 2}], [{8}, {7}, {5, 6}, {1, 4}, {2, 3}], [{8}, {7}, {5, 6}, {2, 4}, {1, 3}], [{8}, {7}, {5, 6}, {3, 4}, {1, 2}]]",2,16 K_1^3 + 16 K_1^2 K_2 - 26 K_1^2 - 18 K_1 K_2 - 8 K_1 K_3 - 3 K_1 + 9 K_2 + 5 K_3 + 10,O1O2O3O4U5U6O7U1O8O6U8U3U4U7O5U2,O1O2O3O4U5U4O6U1O5O7U2U3U8U6O8U7,O1O2O3O4U5O6U7U6U2U3O5O8U4O7U1U8,c,{'O1O2O3O4U3O5U6U1U2U7O8O7U4O6U8U5'},1,"<a href=""/flatknot/8.733998"">8.733998</a>",t^9-56t^7-152t^6+71t^5+320t^4+111t^3+12t^2-63t-16,-t^3+t^2+t,,
8.733999,O1O2O3O4U3O5U6U1U4U2O7O8U7O6U8U5,4,16z^2+69z+75,16w^3z^2+69w^2z+75w,False,False,"[[ 0 -2  1 -1  2  3 -2 -1  0],[ 2  0  2  0  2  2  0  0 -1],[-1 -2  0 -1  1  1 -2  0 -1],[ 1  0  1  0  1  1  0  0  0],[-2 -2 -1 -1  0  0 -2  0 -1],[-3 -2 -1 -1  0  0 -2 -1  0],[ 2  0  2  0  2  2  0 -1 -1],[ 1  0  0  0  0  1  1  0  1],[ 0  1  1  0  1  0  1 -1  0]]","[[ 0  3  2  1  0 -1 -1 -2 -2],[-3  0  0 -1  0 -1 -1 -2 -2],[-2  0  0 -1 -1  0 -1 -2 -2],[-1  1  1  0 -1  0 -1 -2 -2],[ 0  0  1  1  0 -1  0  1  1],[ 1  1  0  0  1  0  0  1  0],[ 1  1  1  1  0  0  0  0  0],[ 2  2  2  2 -1 -1  0  0  0],[ 2  2  2  2 -1  0  0  0  0]]",True,"[-3,-2,-1,0,1,1,2,2,0,1,0,1,1,2,2,1,1,0,1,2,2,1,0,1,2,2,1,0,-1,-1,0,-1,0,0,0,0]","[-3,-2,-1,0,1,1,2,2,0,1,0,1,1,2,2,1,1,0,1,2,2,1,0,1,2,2,1,0,-1,-1,0,-1,0,0,0,0]",t^8+36t^6+99t^4+24t^2,"[-2,-2,-1,-1,0,1,2,3,0,1,1,3,1,2,3,1,2,3,1,2,3,0,1,1,2,3,0,2,3,3,0,1,3,0,1,1]","[-3,-2,-1,0,1,1,2,2,1,1,3,3,3,3,3,0,1,2,3,2,2,0,1,2,1,1,1,0,3,3,0,1,1,1,2,0]","[-2,-2,-1,-1,0,1,2,3,0,-1,0,-1,2,2,2,0,0,-1,2,2,2,0,1,0,0,1,0,1,1,1,1,1,0,1,1,0]",c,"[[{8, 1}, {2, 7}, {3, 6}, {4, 5}], [{8, 1}, {2, 7}, {4, 6}, {3, 5}], [{8, 1}, {2, 7}, {5, 6}, {3, 4}], [{8, 1}, {3, 7}, {2, 6}, {4, 5}], [{8, 1}, {3, 7}, {4, 6}, {2, 5}], [{8, 1}, {3, 7}, {5, 6}, {2, 4}], [{8, 1}, {4, 7}, {2, 6}, {3, 5}], [{8, 1}, {4, 7}, {3, 6}, {2, 5}], [{8, 1}, {4, 7}, {5, 6}, {2, 3}], [{8, 1}, {5, 7}, {2, 6}, {3, 4}], [{8, 1}, {5, 7}, {3, 6}, {2, 4}], [{8, 1}, {5, 7}, {4, 6}, {2, 3}], [{8, 1}, {5, 7}, {6}, {3, 4}, {2}], [{8, 1}, {6, 7}, {2, 5}, {3, 4}], [{8, 1}, {6, 7}, {2, 5}, {4}, {3}], [{8, 1}, {6, 7}, {3, 5}, {2, 4}], [{8, 1}, {6, 7}, {3, 5}, {4}, {2}], [{8, 1}, {6, 7}, {4, 5}, {2, 3}], [{8, 1}, {6, 7}, {4, 5}, {3}, {2}], [{8, 1}, {6, 7}, {5}, {2, 4}, {3}], [{8, 1}, {6, 7}, {5}, {3, 4}, {2}], [{8, 1}, {6, 7}, {5}, {4}, {2, 3}], [{8, 1}, {6, 7}, {5}, {4}, {3}, {2}], [{8, 1}, {7}, {5, 6}, {3, 4}, {2}], [{8, 2}, {1, 7}, {3, 6}, {4, 5}], [{8, 2}, {1, 7}, {4, 6}, {3, 5}], [{8, 2}, {1, 7}, {5, 6}, {3, 4}], [{8, 2}, {3, 7}, {1, 6}, {4, 5}], [{8, 2}, {3, 7}, {4, 6}, {1, 5}], [{8, 2}, {3, 7}, {5, 6}, {1, 4}], [{8, 2}, {4, 7}, {1, 6}, {3, 5}], [{8, 2}, {4, 7}, {3, 6}, {1, 5}], [{8, 2}, {4, 7}, {3, 6}, {5}, {1}], [{8, 2}, {4, 7}, {5, 6}, {1, 3}], [{8, 2}, {4, 7}, {5, 6}, {3}, {1}], [{8, 2}, {4, 7}, {6}, {3, 5}, {1}], [{8, 2}, {5, 7}, {1, 6}, {3, 4}], [{8, 2}, {5, 7}, {3, 6}, {1, 4}], [{8, 2}, {5, 7}, {4, 6}, {1, 3}], [{8, 2}, {6, 7}, {1, 5}, {3, 4}], [{8, 2}, {6, 7}, {3, 5}, {1, 4}], [{8, 2}, {6, 7}, {4, 5}, {1, 3}], [{8, 2}, {6, 7}, {5}, {1, 4}, {3}], [{8, 2}, {6, 7}, {5}, {3, 4}, {1}], [{8, 2}, {6, 7}, {5}, {4}, {1, 3}], [{8, 2}, {7}, {3, 6}, {1, 5}, {4}], [{8, 2}, {7}, {4, 6}, {1, 5}, {3}], [{8, 2}, {7}, {6}, {1, 5}, {3, 4}], [{8, 3}, {1, 7}, {2, 6}, {4, 5}], [{8, 3}, {1, 7}, {4, 6}, {2, 5}], [{8, 3}, {1, 7}, {5, 6}, {2, 4}], [{8, 3}, {2, 7}, {1, 6}, {4, 5}], [{8, 3}, {2, 7}, {4, 6}, {1, 5}], [{8, 3}, {2, 7}, {5, 6}, {1, 4}], [{8, 3}, {4, 7}, {1, 6}, {2, 5}], [{8, 3}, {4, 7}, {2, 6}, {1, 5}], [{8, 3}, {4, 7}, {5, 6}, {1, 2}], [{8, 3}, {5, 7}, {1, 6}, {2, 4}], [{8, 3}, {5, 7}, {2, 6}, {1, 4}], [{8, 3}, {5, 7}, {4, 6}, {1, 2}], [{8, 3}, {6, 7}, {1, 5}, {2, 4}], [{8, 3}, {6, 7}, {2, 5}, {1, 4}], [{8, 3}, {6, 7}, {4, 5}, {1, 2}], [{8, 3}, {6, 7}, {5}, {1, 4}, {2}], [{8, 3}, {6, 7}, {5}, {2, 4}, {1}], [{8, 3}, {6, 7}, {5}, {4}, {1, 2}], [{8, 3}, {7}, {2, 6}, {1, 5}, {4}], [{8, 4}, {1, 7}, {2, 6}, {3, 5}], [{8, 4}, {1, 7}, {3, 6}, {2, 5}], [{8, 4}, {1, 7}, {5, 6}, {2, 3}], [{8, 4}, {1, 7}, {6}, {3, 5}, {2}], [{8, 4}, {2, 7}, {1, 6}, {3, 5}], [{8, 4}, {2, 7}, {3, 6}, {1, 5}], [{8, 4}, {2, 7}, {3, 6}, {5}, {1}], [{8, 4}, {2, 7}, {5, 6}, {1, 3}], [{8, 4}, {2, 7}, {5, 6}, {3}, {1}], [{8, 4}, {2, 7}, {6}, {3, 5}, {1}], [{8, 4}, {3, 7}, {1, 6}, {2, 5}], [{8, 4}, {3, 7}, {1, 6}, {5}, {2}], [{8, 4}, {3, 7}, {2, 6}, {1, 5}], [{8, 4}, {3, 7}, {5, 6}, {1, 2}], [{8, 4}, {5, 7}, {1, 6}, {2, 3}], [{8, 4}, {5, 7}, {2, 6}, {1, 3}], [{8, 4}, {5, 7}, {3, 6}, {1, 2}], [{8, 4}, {6, 7}, {1, 5}, {2, 3}], [{8, 4}, {6, 7}, {2, 5}, {1, 3}], [{8, 4}, {6, 7}, {3, 5}, {1, 2}], [{8, 4}, {6, 7}, {5}, {1, 3}, {2}], [{8, 4}, {6, 7}, {5}, {2, 3}, {1}], [{8, 4}, {6, 7}, {5}, {3}, {1, 2}], [{8, 4}, {7}, {2, 6}, {1, 5}, {3}], [{8, 4}, {7}, {6}, {3, 5}, {1, 2}], [{8, 5}, {1, 7}, {2, 6}, {3, 4}], [{8, 5}, {1, 7}, {3, 6}, {2, 4}], [{8, 5}, {1, 7}, {4, 6}, {2, 3}], [{8, 5}, {1, 7}, {6}, {3, 4}, {2}], [{8, 5}, {2, 7}, {1, 6}, {3, 4}], [{8, 5}, {2, 7}, {3, 6}, {1, 4}], [{8, 5}, {2, 7}, {4, 6}, {1, 3}], [{8, 5}, {2, 7}, {4, 6}, {3}, {1}], [{8, 5}, {3, 7}, {1, 6}, {2, 4}], [{8, 5}, {3, 7}, {2, 6}, {1, 4}], [{8, 5}, {3, 7}, {4, 6}, {1, 2}], [{8, 5}, {4, 7}, {1, 6}, {2, 3}], [{8, 5}, {4, 7}, {2, 6}, {1, 3}], [{8, 5}, {4, 7}, {2, 6}, {3}, {1}], [{8, 5}, {4, 7}, {3, 6}, {1, 2}], [{8, 5}, {6, 7}, {1, 4}, {2, 3}], [{8, 5}, {6, 7}, {2, 4}, {1, 3}], [{8, 5}, {6, 7}, {3, 4}, {1, 2}], [{8, 5}, {6, 7}, {3, 4}, {2}, {1}], [{8, 5}, {7}, {1, 6}, {3, 4}, {2}], [{8, 6}, {1, 7}, {2, 5}, {3, 4}], [{8, 6}, {1, 7}, {3, 5}, {2, 4}], [{8, 6}, {1, 7}, {4, 5}, {2, 3}], [{8, 6}, {1, 7}, {5}, {3, 4}, {2}], [{8, 6}, {2, 7}, {1, 5}, {3, 4}], [{8, 6}, {2, 7}, {3, 5}, {1, 4}], [{8, 6}, {2, 7}, {4, 5}, {1, 3}], [{8, 6}, {3, 7}, {1, 5}, {2, 4}], [{8, 6}, {3, 7}, {2, 5}, {1, 4}], [{8, 6}, {3, 7}, {4, 5}, {1, 2}], [{8, 6}, {4, 7}, {1, 5}, {2, 3}], [{8, 6}, {4, 7}, {2, 5}, {1, 3}], [{8, 6}, {4, 7}, {3, 5}, {1, 2}], [{8, 6}, {4, 7}, {5}, {2, 3}, {1}], [{8, 6}, {5, 7}, {1, 4}, {2, 3}], [{8, 6}, {5, 7}, {1, 4}, {3}, {2}], [{8, 6}, {5, 7}, {2, 4}, {1, 3}], [{8, 6}, {5, 7}, {2, 4}, {3}, {1}], [{8, 6}, {5, 7}, {3, 4}, {1, 2}], [{8, 6}, {5, 7}, {3, 4}, {2}, {1}], [{8, 6}, {5, 7}, {4}, {1, 3}, {2}], [{8, 6}, {5, 7}, {4}, {2, 3}, {1}], [{8, 6}, {5, 7}, {4}, {3}, {1, 2}], [{8, 6}, {5, 7}, {4}, {3}, {2}, {1}], [{8, 6}, {7}, {1, 5}, {3, 4}, {2}], [{8, 6}, {7}, {4, 5}, {2, 3}, {1}], [{8, 7}, {1, 6}, {2, 5}, {3, 4}], [{8, 7}, {1, 6}, {3, 5}, {2, 4}], [{8, 7}, {1, 6}, {4, 5}, {2, 3}], [{8, 7}, {1, 6}, {5}, {3, 4}, {2}], [{8, 7}, {2, 6}, {1, 5}, {3, 4}], [{8, 7}, {2, 6}, {3, 5}, {1, 4}], [{8, 7}, {2, 6}, {4, 5}, {1, 3}], [{8, 7}, {3, 6}, {1, 5}, {2, 4}], [{8, 7}, {3, 6}, {2, 5}, {1, 4}], [{8, 7}, {3, 6}, {4, 5}, {1, 2}], [{8, 7}, {4, 6}, {1, 5}, {2, 3}], [{8, 7}, {4, 6}, {2, 5}, {1, 3}], [{8, 7}, {4, 6}, {3, 5}, {1, 2}], [{8, 7}, {5, 6}, {1, 4}, {2, 3}], [{8, 7}, {5, 6}, {2, 4}, {1, 3}], [{8, 7}, {5, 6}, {3, 4}, {1, 2}], [{8, 7}, {5, 6}, {3, 4}, {2}, {1}], [{8, 7}, {6}, {1, 5}, {3, 4}, {2}], [{8, 7}, {6}, {3, 5}, {1, 4}, {2}], [{8}, {1, 7}, {5, 6}, {3, 4}, {2}], [{8}, {2, 7}, {6}, {1, 5}, {3, 4}], [{8}, {5, 7}, {1, 6}, {3, 4}, {2}], [{8}, {5, 7}, {6}, {1, 4}, {2, 3}], [{8}, {6, 7}, {1, 5}, {3, 4}, {2}], [{8}, {6, 7}, {2, 5}, {3, 4}, {1}], [{8}, {6, 7}, {5}, {1, 4}, {2, 3}], [{8}, {6, 7}, {5}, {2, 4}, {1, 3}], [{8}, {6, 7}, {5}, {3, 4}, {1, 2}], [{8}, {6, 7}, {5}, {3, 4}, {2}, {1}], [{8}, {7}, {1, 6}, {3, 5}, {2, 4}], [{8}, {7}, {2, 6}, {1, 5}, {3, 4}], [{8}, {7}, {5, 6}, {1, 4}, {2, 3}], [{8}, {7}, {6}, {1, 5}, {3, 4}, {2}]]",2,8 K_1^3 + 8 K_1^2 K_2 - 14 K_1^2 - 10 K_1 K_2 - K_1 - 4 K_2^2 + 3 K_2 + 3 K_3 + 8,O1O2O3O4U5U6O7U8O6O8U3U1U4U7O5U2,O1O2O3O4U5U6O5U1O6O7U2U4U8U3O8U7,O1O2O3O4U5O6U2U6U1U3O5O7U4O8U7U8,c,"{'O1O2O3O4U3O5U6U1U4U2O7O8U7O6U8U5', 'O1O2O3U2O4O5U6U1U3U4O7O8U7O6U8U5'}",2,"<a href=""/flatknot/8.733999"">8.733999</a>",t^9-32t^7-54t^6-12t^5-26t^4+48t^3+90t^2+19t-2,-t^3+t^2+t,,
8.734000,O1O2O3O4U3O5U6U1U4U7O8O7U2O6U8U5,3,13z^2+74z+97,13w^3z^2+74w^2z+97w,False,False,"[[ 0 -2  0 -1  2  3 -2  1 -1],[ 2  0  2  0  2  2  0  2  0],[ 0 -2  0 -1  1  2 -1  0 -1],[ 1  0  1  0  1  1  0  1  0],[-2 -2 -1 -1  0  0 -2 -2 -1],[-3 -2 -2 -1  0  0 -2 -2 -2],[ 2  0  1  0  2  2  0  3  0],[-1 -2  0 -1  2  2 -3  0 -1],[ 1  0  1  0  1  2  0  1  0]]","[[ 0  3  2  1  0 -1 -1 -2 -2],[-3  0  0 -2 -2 -1 -2 -2 -2],[-2  0  0 -2 -1 -1 -1 -2 -2],[-1  2  2  0  0 -1 -1 -2 -3],[ 0  2  1  0  0 -1 -1 -2 -1],[ 1  1  1  1  1  0  0  0  0],[ 1  2  1  1  1  0  0  0  0],[ 2  2  2  2  2  0  0  0  0],[ 2  2  2  3  1  0  0  0  0]]",True,"[-3,-2,-1,0,1,1,2,2,0,2,2,1,2,2,2,2,1,1,1,2,2,0,1,1,2,3,1,1,2,1,0,0,0,0,0,0]","[-3,-2,-1,0,1,1,2,2,0,2,2,1,2,2,2,2,1,1,1,2,2,0,1,1,2,3,1,1,2,1,0,0,0,0,0,0]",t^8+58t^6+121t^4+40t^2,"[-2,-2,-1,-1,0,1,2,3,0,1,1,0,1,2,3,1,1,1,0,2,3,0,0,1,2,2,0,1,2,3,1,1,1,-1,0,1]","[-3,-2,-1,0,1,1,2,2,1,0,1,2,3,3,3,-1,1,2,2,2,2,1,1,1,0,1,0,0,1,0,0,1,1,1,1,0]","[-2,-2,-1,-1,0,1,2,3,0,0,0,1,3,2,2,0,0,2,2,2,2,0,1,1,1,1,1,1,1,2,0,1,2,2,2,0]",c,"[[{8, 1}, {2, 7}, {3, 6}, {4, 5}], [{8, 1}, {2, 7}, {3, 6}, {5}, {4}], [{8, 1}, {2, 7}, {4, 6}, {3, 5}], [{8, 1}, {2, 7}, {4, 6}, {5}, {3}], [{8, 1}, {2, 7}, {5, 6}, {3, 4}], [{8, 1}, {2, 7}, {5, 6}, {4}, {3}], [{8, 1}, {2, 7}, {6}, {3, 5}, {4}], [{8, 1}, {2, 7}, {6}, {4, 5}, {3}], [{8, 1}, {2, 7}, {6}, {5}, {3, 4}], [{8, 1}, {2, 7}, {6}, {5}, {4}, {3}], [{8, 1}, {3, 7}, {2, 6}, {4, 5}], [{8, 1}, {3, 7}, {4, 6}, {2, 5}], [{8, 1}, {3, 7}, {5, 6}, {2, 4}], [{8, 1}, {4, 7}, {2, 6}, {3, 5}], [{8, 1}, {4, 7}, {3, 6}, {2, 5}], [{8, 1}, {4, 7}, {5, 6}, {2, 3}], [{8, 1}, {5, 7}, {2, 6}, {3, 4}], [{8, 1}, {5, 7}, {3, 6}, {2, 4}], [{8, 1}, {5, 7}, {4, 6}, {2, 3}], [{8, 1}, {5, 7}, {4, 6}, {3}, {2}], [{8, 1}, {6, 7}, {2, 5}, {3, 4}], [{8, 1}, {6, 7}, {3, 5}, {2, 4}], [{8, 1}, {6, 7}, {4, 5}, {2, 3}], [{8, 1}, {6, 7}, {4, 5}, {3}, {2}], [{8, 1}, {7}, {2, 6}, {4, 5}, {3}], [{8, 1}, {7}, {4, 6}, {2, 5}, {3}], [{8, 1}, {7}, {5, 6}, {3, 4}, {2}], [{8, 2}, {1, 7}, {3, 6}, {4, 5}], [{8, 2}, {1, 7}, {4, 6}, {3, 5}], [{8, 2}, {1, 7}, {5, 6}, {3, 4}], [{8, 2}, {1, 7}, {6}, {4, 5}, {3}], [{8, 2}, {3, 7}, {1, 6}, {4, 5}], [{8, 2}, {3, 7}, {4, 6}, {1, 5}], [{8, 2}, {3, 7}, {5, 6}, {1, 4}], [{8, 2}, {3, 7}, {6}, {4, 5}, {1}], [{8, 2}, {4, 7}, {1, 6}, {3, 5}], [{8, 2}, {4, 7}, {3, 6}, {1, 5}], [{8, 2}, {4, 7}, {5, 6}, {1, 3}], [{8, 2}, {4, 7}, {5, 6}, {3}, {1}], [{8, 2}, {5, 7}, {1, 6}, {3, 4}], [{8, 2}, {5, 7}, {3, 6}, {1, 4}], [{8, 2}, {5, 7}, {4, 6}, {1, 3}], [{8, 2}, {5, 7}, {4, 6}, {3}, {1}], [{8, 2}, {6, 7}, {1, 5}, {3, 4}], [{8, 2}, {6, 7}, {1, 5}, {4}, {3}], [{8, 2}, {6, 7}, {3, 5}, {1, 4}], [{8, 2}, {6, 7}, {3, 5}, {4}, {1}], [{8, 2}, {6, 7}, {4, 5}, {1, 3}], [{8, 2}, {6, 7}, {4, 5}, {3}, {1}], [{8, 2}, {6, 7}, {5}, {1, 4}, {3}], [{8, 2}, {6, 7}, {5}, {3, 4}, {1}], [{8, 2}, {6, 7}, {5}, {4}, {1, 3}], [{8, 2}, {6, 7}, {5}, {4}, {3}, {1}], [{8, 2}, {7}, {1, 6}, {4, 5}, {3}], [{8, 2}, {7}, {3, 6}, {4, 5}, {1}], [{8, 2}, {7}, {6}, {4, 5}, {1, 3}], [{8, 2}, {7}, {6}, {4, 5}, {3}, {1}], [{8, 3}, {1, 7}, {2, 6}, {4, 5}], [{8, 3}, {1, 7}, {4, 6}, {2, 5}], [{8, 3}, {1, 7}, {5, 6}, {2, 4}], [{8, 3}, {2, 7}, {1, 6}, {4, 5}], [{8, 3}, {2, 7}, {1, 6}, {5}, {4}], [{8, 3}, {2, 7}, {4, 6}, {1, 5}], [{8, 3}, {2, 7}, {4, 6}, {5}, {1}], [{8, 3}, {2, 7}, {5, 6}, {1, 4}], [{8, 3}, {2, 7}, {5, 6}, {4}, {1}], [{8, 3}, {2, 7}, {6}, {1, 5}, {4}], [{8, 3}, {2, 7}, {6}, {4, 5}, {1}], [{8, 3}, {2, 7}, {6}, {5}, {1, 4}], [{8, 3}, {2, 7}, {6}, {5}, {4}, {1}], [{8, 3}, {4, 7}, {1, 6}, {2, 5}], [{8, 3}, {4, 7}, {2, 6}, {1, 5}], [{8, 3}, {4, 7}, {5, 6}, {1, 2}], [{8, 3}, {5, 7}, {1, 6}, {2, 4}], [{8, 3}, {5, 7}, {2, 6}, {1, 4}], [{8, 3}, {5, 7}, {4, 6}, {1, 2}], [{8, 3}, {5, 7}, {4, 6}, {2}, {1}], [{8, 3}, {6, 7}, {1, 5}, {2, 4}], [{8, 3}, {6, 7}, {2, 5}, {1, 4}], [{8, 3}, {6, 7}, {4, 5}, {1, 2}], [{8, 3}, {6, 7}, {4, 5}, {2}, {1}], [{8, 3}, {7}, {2, 6}, {4, 5}, {1}], [{8, 3}, {7}, {4, 6}, {2, 5}, {1}], [{8, 4}, {1, 7}, {2, 6}, {3, 5}], [{8, 4}, {1, 7}, {3, 6}, {2, 5}], [{8, 4}, {1, 7}, {5, 6}, {2, 3}], [{8, 4}, {1, 7}, {6}, {2, 5}, {3}], [{8, 4}, {2, 7}, {1, 6}, {3, 5}], [{8, 4}, {2, 7}, {1, 6}, {5}, {3}], [{8, 4}, {2, 7}, {3, 6}, {1, 5}], [{8, 4}, {2, 7}, {3, 6}, {5}, {1}], [{8, 4}, {2, 7}, {5, 6}, {1, 3}], [{8, 4}, {2, 7}, {5, 6}, {3}, {1}], [{8, 4}, {2, 7}, {6}, {1, 5}, {3}], [{8, 4}, {2, 7}, {6}, {3, 5}, {1}], [{8, 4}, {2, 7}, {6}, {5}, {1, 3}], [{8, 4}, {2, 7}, {6}, {5}, {3}, {1}], [{8, 4}, {3, 7}, {1, 6}, {2, 5}], [{8, 4}, {3, 7}, {2, 6}, {1, 5}], [{8, 4}, {3, 7}, {5, 6}, {1, 2}], [{8, 4}, {3, 7}, {6}, {2, 5}, {1}], [{8, 4}, {5, 7}, {1, 6}, {2, 3}], [{8, 4}, {5, 7}, {1, 6}, {3}, {2}], [{8, 4}, {5, 7}, {2, 6}, {1, 3}], [{8, 4}, {5, 7}, {2, 6}, {3}, {1}], [{8, 4}, {5, 7}, {3, 6}, {1, 2}], [{8, 4}, {5, 7}, {3, 6}, {2}, {1}], [{8, 4}, {5, 7}, {6}, {1, 3}, {2}], [{8, 4}, {5, 7}, {6}, {2, 3}, {1}], [{8, 4}, {5, 7}, {6}, {3}, {1, 2}], [{8, 4}, {5, 7}, {6}, {3}, {2}, {1}], [{8, 4}, {6, 7}, {1, 5}, {2, 3}], [{8, 4}, {6, 7}, {2, 5}, {1, 3}], [{8, 4}, {6, 7}, {2, 5}, {3}, {1}], [{8, 4}, {6, 7}, {3, 5}, {1, 2}], [{8, 4}, {7}, {1, 6}, {2, 5}, {3}], [{8, 4}, {7}, {3, 6}, {2, 5}, {1}], [{8, 4}, {7}, {6}, {2, 5}, {1, 3}], [{8, 4}, {7}, {6}, {2, 5}, {3}, {1}], [{8, 5}, {1, 7}, {2, 6}, {3, 4}], [{8, 5}, {1, 7}, {3, 6}, {2, 4}], [{8, 5}, {1, 7}, {4, 6}, {2, 3}], [{8, 5}, {2, 7}, {1, 6}, {3, 4}], [{8, 5}, {2, 7}, {1, 6}, {4}, {3}], [{8, 5}, {2, 7}, {3, 6}, {1, 4}], [{8, 5}, {2, 7}, {3, 6}, {4}, {1}], [{8, 5}, {2, 7}, {4, 6}, {1, 3}], [{8, 5}, {2, 7}, {4, 6}, {3}, {1}], [{8, 5}, {2, 7}, {6}, {1, 4}, {3}], [{8, 5}, {2, 7}, {6}, {3, 4}, {1}], [{8, 5}, {2, 7}, {6}, {4}, {1, 3}], [{8, 5}, {2, 7}, {6}, {4}, {3}, {1}], [{8, 5}, {3, 7}, {1, 6}, {2, 4}], [{8, 5}, {3, 7}, {2, 6}, {1, 4}], [{8, 5}, {3, 7}, {4, 6}, {1, 2}], [{8, 5}, {3, 7}, {6}, {1, 4}, {2}], [{8, 5}, {4, 7}, {1, 6}, {2, 3}], [{8, 5}, {4, 7}, {2, 6}, {1, 3}], [{8, 5}, {4, 7}, {2, 6}, {3}, {1}], [{8, 5}, {4, 7}, {3, 6}, {1, 2}], [{8, 5}, {6, 7}, {1, 4}, {2, 3}], [{8, 5}, {6, 7}, {2, 4}, {1, 3}], [{8, 5}, {6, 7}, {2, 4}, {3}, {1}], [{8, 5}, {6, 7}, {3, 4}, {1, 2}], [{8, 5}, {7}, {1, 6}, {3, 4}, {2}], [{8, 5}, {7}, {6}, {1, 4}, {2, 3}], [{8, 6}, {1, 7}, {2, 5}, {3, 4}], [{8, 6}, {1, 7}, {2, 5}, {4}, {3}], [{8, 6}, {1, 7}, {3, 5}, {2, 4}], [{8, 6}, {1, 7}, {3, 5}, {4}, {2}], [{8, 6}, {1, 7}, {4, 5}, {2, 3}], [{8, 6}, {1, 7}, {4, 5}, {3}, {2}], [{8, 6}, {1, 7}, {5}, {2, 4}, {3}], [{8, 6}, {1, 7}, {5}, {3, 4}, {2}], [{8, 6}, {1, 7}, {5}, {4}, {2, 3}], [{8, 6}, {1, 7}, {5}, {4}, {3}, {2}], [{8, 6}, {2, 7}, {1, 5}, {3, 4}], [{8, 6}, {2, 7}, {1, 5}, {4}, {3}], [{8, 6}, {2, 7}, {3, 5}, {1, 4}], [{8, 6}, {2, 7}, {3, 5}, {4}, {1}], [{8, 6}, {2, 7}, {4, 5}, {1, 3}], [{8, 6}, {2, 7}, {4, 5}, {3}, {1}], [{8, 6}, {2, 7}, {5}, {1, 4}, {3}], [{8, 6}, {2, 7}, {5}, {3, 4}, {1}], [{8, 6}, {2, 7}, {5}, {4}, {1, 3}], [{8, 6}, {2, 7}, {5}, {4}, {3}, {1}], [{8, 6}, {3, 7}, {1, 5}, {2, 4}], [{8, 6}, {3, 7}, {1, 5}, {4}, {2}], [{8, 6}, {3, 7}, {2, 5}, {1, 4}], [{8, 6}, {3, 7}, {2, 5}, {4}, {1}], [{8, 6}, {3, 7}, {4, 5}, {1, 2}], [{8, 6}, {3, 7}, {4, 5}, {2}, {1}], [{8, 6}, {3, 7}, {5}, {1, 4}, {2}], [{8, 6}, {3, 7}, {5}, {2, 4}, {1}], [{8, 6}, {3, 7}, {5}, {4}, {1, 2}], [{8, 6}, {3, 7}, {5}, {4}, {2}, {1}], [{8, 6}, {4, 7}, {1, 5}, {2, 3}], [{8, 6}, {4, 7}, {1, 5}, {3}, {2}], [{8, 6}, {4, 7}, {2, 5}, {1, 3}], [{8, 6}, {4, 7}, {2, 5}, {3}, {1}], [{8, 6}, {4, 7}, {3, 5}, {1, 2}], [{8, 6}, {4, 7}, {3, 5}, {2}, {1}], [{8, 6}, {4, 7}, {5}, {1, 3}, {2}], [{8, 6}, {4, 7}, {5}, {2, 3}, {1}], [{8, 6}, {4, 7}, {5}, {3}, {1, 2}], [{8, 6}, {4, 7}, {5}, {3}, {2}, {1}], [{8, 6}, {5, 7}, {1, 4}, {2, 3}], [{8, 6}, {5, 7}, {1, 4}, {3}, {2}], [{8, 6}, {5, 7}, {2, 4}, {1, 3}], [{8, 6}, {5, 7}, {2, 4}, {3}, {1}], [{8, 6}, {5, 7}, {3, 4}, {1, 2}], [{8, 6}, {5, 7}, {3, 4}, {2}, {1}], [{8, 6}, {5, 7}, {4}, {1, 3}, {2}], [{8, 6}, {5, 7}, {4}, {2, 3}, {1}], [{8, 6}, {5, 7}, {4}, {3}, {1, 2}], [{8, 6}, {5, 7}, {4}, {3}, {2}, {1}], [{8, 6}, {7}, {1, 5}, {2, 4}, {3}], [{8, 6}, {7}, {1, 5}, {3, 4}, {2}], [{8, 6}, {7}, {1, 5}, {4}, {2, 3}], [{8, 6}, {7}, {1, 5}, {4}, {3}, {2}], [{8, 6}, {7}, {2, 5}, {1, 4}, {3}], [{8, 6}, {7}, {2, 5}, {3, 4}, {1}], [{8, 6}, {7}, {2, 5}, {4}, {1, 3}], [{8, 6}, {7}, {2, 5}, {4}, {3}, {1}], [{8, 6}, {7}, {3, 5}, {1, 4}, {2}], [{8, 6}, {7}, {3, 5}, {2, 4}, {1}], [{8, 6}, {7}, {3, 5}, {4}, {1, 2}], [{8, 6}, {7}, {3, 5}, {4}, {2}, {1}], [{8, 6}, {7}, {4, 5}, {1, 3}, {2}], [{8, 6}, {7}, {4, 5}, {2, 3}, {1}], [{8, 6}, {7}, {4, 5}, {3}, {1, 2}], [{8, 6}, {7}, {4, 5}, {3}, {2}, {1}], [{8, 6}, {7}, {5}, {1, 4}, {2, 3}], [{8, 6}, {7}, {5}, {1, 4}, {3}, {2}], [{8, 6}, {7}, {5}, {2, 4}, {1, 3}], [{8, 6}, {7}, {5}, {2, 4}, {3}, {1}], [{8, 6}, {7}, {5}, {3, 4}, {1, 2}], [{8, 6}, {7}, {5}, {3, 4}, {2}, {1}], [{8, 6}, {7}, {5}, {4}, {1, 3}, {2}], [{8, 6}, {7}, {5}, {4}, {2, 3}, {1}], [{8, 6}, {7}, {5}, {4}, {3}, {1, 2}], [{8, 6}, {7}, {5}, {4}, {3}, {2}, {1}], [{8, 7}, {1, 6}, {2, 5}, {3, 4}], [{8, 7}, {1, 6}, {3, 5}, {2, 4}], [{8, 7}, {1, 6}, {4, 5}, {2, 3}], [{8, 7}, {1, 6}, {4, 5}, {3}, {2}], [{8, 7}, {2, 6}, {1, 5}, {3, 4}], [{8, 7}, {2, 6}, {1, 5}, {4}, {3}], [{8, 7}, {2, 6}, {3, 5}, {1, 4}], [{8, 7}, {2, 6}, {3, 5}, {4}, {1}], [{8, 7}, {2, 6}, {4, 5}, {1, 3}], [{8, 7}, {2, 6}, {4, 5}, {3}, {1}], [{8, 7}, {2, 6}, {5}, {1, 4}, {3}], [{8, 7}, {2, 6}, {5}, {3, 4}, {1}], [{8, 7}, {2, 6}, {5}, {4}, {1, 3}], [{8, 7}, {2, 6}, {5}, {4}, {3}, {1}], [{8, 7}, {3, 6}, {1, 5}, {2, 4}], [{8, 7}, {3, 6}, {2, 5}, {1, 4}], [{8, 7}, {3, 6}, {4, 5}, {1, 2}], [{8, 7}, {3, 6}, {4, 5}, {2}, {1}], [{8, 7}, {4, 6}, {1, 5}, {2, 3}], [{8, 7}, {4, 6}, {2, 5}, {1, 3}], [{8, 7}, {4, 6}, {2, 5}, {3}, {1}], [{8, 7}, {4, 6}, {3, 5}, {1, 2}], [{8, 7}, {5, 6}, {1, 4}, {2, 3}], [{8, 7}, {5, 6}, {2, 4}, {1, 3}], [{8, 7}, {5, 6}, {2, 4}, {3}, {1}], [{8, 7}, {5, 6}, {3, 4}, {1, 2}], [{8, 7}, {6}, {4, 5}, {1, 3}, {2}], [{8, 7}, {6}, {4, 5}, {2, 3}, {1}], [{8, 7}, {6}, {4, 5}, {3}, {1, 2}], [{8, 7}, {6}, {4, 5}, {3}, {2}, {1}], [{8}, {1, 7}, {2, 6}, {4, 5}, {3}], [{8}, {1, 7}, {4, 6}, {2, 5}, {3}], [{8}, {2, 7}, {1, 6}, {3, 5}, {4}], [{8}, {2, 7}, {1, 6}, {4, 5}, {3}], [{8}, {2, 7}, {1, 6}, {5}, {3, 4}], [{8}, {2, 7}, {1, 6}, {5}, {4}, {3}], [{8}, {2, 7}, {3, 6}, {1, 5}, {4}], [{8}, {2, 7}, {3, 6}, {4, 5}, {1}], [{8}, {2, 7}, {3, 6}, {5}, {1, 4}], [{8}, {2, 7}, {3, 6}, {5}, {4}, {1}], [{8}, {2, 7}, {4, 6}, {1, 5}, {3}], [{8}, {2, 7}, {4, 6}, {3, 5}, {1}], [{8}, {2, 7}, {4, 6}, {5}, {1, 3}], [{8}, {2, 7}, {4, 6}, {5}, {3}, {1}], [{8}, {2, 7}, {5, 6}, {1, 4}, {3}], [{8}, {2, 7}, {5, 6}, {3, 4}, {1}], [{8}, {2, 7}, {5, 6}, {4}, {1, 3}], [{8}, {2, 7}, {5, 6}, {4}, {3}, {1}], [{8}, {2, 7}, {6}, {1, 5}, {3, 4}], [{8}, {2, 7}, {6}, {1, 5}, {4}, {3}], [{8}, {2, 7}, {6}, {3, 5}, {1, 4}], [{8}, {2, 7}, {6}, {3, 5}, {4}, {1}], [{8}, {2, 7}, {6}, {4, 5}, {1, 3}], [{8}, {2, 7}, {6}, {4, 5}, {3}, {1}], [{8}, {2, 7}, {6}, {5}, {1, 4}, {3}], [{8}, {2, 7}, {6}, {5}, {3, 4}, {1}], [{8}, {2, 7}, {6}, {5}, {4}, {1, 3}], [{8}, {2, 7}, {6}, {5}, {4}, {3}, {1}], [{8}, {3, 7}, {2, 6}, {4, 5}, {1}], [{8}, {3, 7}, {4, 6}, {2, 5}, {1}], [{8}, {3, 7}, {5, 6}, {1, 4}, {2}], [{8}, {5, 7}, {4, 6}, {1, 3}, {2}], [{8}, {5, 7}, {4, 6}, {2, 3}, {1}], [{8}, {5, 7}, {4, 6}, {3}, {1, 2}], [{8}, {5, 7}, {4, 6}, {3}, {2}, {1}], [{8}, {6, 7}, {4, 5}, {1, 3}, {2}], [{8}, {6, 7}, {4, 5}, {2, 3}, {1}], [{8}, {6, 7}, {4, 5}, {3}, {1, 2}], [{8}, {6, 7}, {4, 5}, {3}, {2}, {1}], [{8}, {7}, {2, 6}, {4, 5}, {1, 3}], [{8}, {7}, {2, 6}, {4, 5}, {3}, {1}], [{8}, {7}, {4, 6}, {2, 5}, {1, 3}], [{8}, {7}, {4, 6}, {2, 5}, {3}, {1}], [{8}, {7}, {5, 6}, {1, 4}, {2, 3}]]",2,4 K_1^3 + 4 K_1^2 K_2 - 20 K_1^2 - 22 K_1 K_2 - 6 K_1 K_3 + 8 K_1 - 2 K_2^2 + 11 K_2 + 10 K_3 + 3 K_4 + 11,O1O2O3O4U5U6O7U3O8O6U8U1U4U7O5U2,O1O2O3O4U5U4O6U1O5O7U2U6U8U3O8U7,O1O2O3O4U5O6U2U6U7U3O5O8U4O7U1U8,c,{'O1O2O3O4U3O5U6U1U4U7O8O7U2O6U8U5'},1,"<a href=""/flatknot/8.734000"">8.734000</a>",t^9-54t^7-132t^6+62t^5+214t^4+106t^3+12t^2,-t^3+t^2+t,,
