name,gcode,vgenus,jk_poly_normed,en_poly_normed,is_cc,is_ac,bsMtxNoSrt,primMatrix,isPrim,phi,phi_sym,inPoly,inv_phi,bar_phi,invbar_phi,matrix_sym_type,fillings,alg_genus,arrowpoly,reverse,mirror_img,rev_mir_img,diag_sym_type,r3_orbit,r3_orbit_length,namelink,outPoly,uPoly,cable_arr_poly,slice
8.850501,O1O2O3O4U5U2O6U7U4O7O8U3O5U8U1U6,4,5z^3+38z^2+108z+105,5w^4z^3+38w^3z^2+108w^2z+105w,False,False,"[[ 0 -1 -1  0  2 -1  2 -1  0],[ 1  0 -1  1  3 -1  2  0  0],[ 1  1  0  2  1 -1  1  0  0],[ 0 -1 -2  0  1 -1  2 -1  0],[-2 -3 -1 -1  0 -1 -1 -2 -1],[ 1  1  1  1  1  0  1  0  0],[-2 -2 -1 -2  1 -1  0 -2  0],[ 1  0  0  1  2  0  2  0  0],[ 0  0  0  0  1  0  0  0  0]]","[[ 0  2  2  0  0 -1 -1 -1 -1],[-2  0  1  0 -2 -1 -1 -2 -2],[-2 -1  0 -1 -1 -1 -1 -2 -3],[ 0  0  1  0  0  0  0  0  0],[ 0  2  1  0  0 -1 -2 -1 -1],[ 1  1  1  0  1  0  1  0  1],[ 1  1  1  0  2 -1  0  0  1],[ 1  2  2  0  1  0  0  0  0],[ 1  2  3  0  1 -1 -1  0  0]]",True,"[-2,-2,0,0,1,1,1,1,-1,0,2,1,1,2,2,1,1,1,1,2,3,0,0,0,0,0,1,2,1,1,-1,0,-1,0,-1,0]","[-2,-2,0,0,1,1,1,1,-1,0,2,1,1,2,2,1,1,1,1,2,3,0,0,0,0,0,1,2,1,1,-1,0,-1,0,-1,0]",t^8+42t^6+169t^4+143t^2+4,"[-1,-1,-1,-1,0,0,2,2,-1,-1,0,0,1,2,2,-1,0,-1,1,2,2,0,0,1,0,1,0,1,1,1,0,1,0,1,2,1]","[-2,-2,0,0,1,1,1,1,-1,1,1,0,1,2,2,0,2,1,1,2,2,0,0,0,-1,0,1,1,1,1,0,-1,-1,0,0,-1]","[-1,-1,-1,-1,0,0,2,2,-1,-1,0,0,1,2,3,-1,0,0,2,1,1,0,0,1,1,1,0,1,2,2,0,0,1,2,1,1]",c,"[[{8, 1}, {2, 7}, {3, 6}, {4, 5}], [{8, 1}, {2, 7}, {4, 6}, {3, 5}], [{8, 1}, {2, 7}, {4, 6}, {5}, {3}], [{8, 1}, {2, 7}, {5, 6}, {3, 4}], [{8, 1}, {3, 7}, {2, 6}, {4, 5}], [{8, 1}, {3, 7}, {4, 6}, {2, 5}], [{8, 1}, {3, 7}, {5, 6}, {2, 4}], [{8, 1}, {4, 7}, {2, 6}, {3, 5}], [{8, 1}, {4, 7}, {3, 6}, {2, 5}], [{8, 1}, {4, 7}, {5, 6}, {2, 3}], [{8, 1}, {5, 7}, {2, 6}, {3, 4}], [{8, 1}, {5, 7}, {3, 6}, {2, 4}], [{8, 1}, {5, 7}, {4, 6}, {2, 3}], [{8, 1}, {6, 7}, {2, 5}, {3, 4}], [{8, 1}, {6, 7}, {3, 5}, {2, 4}], [{8, 1}, {6, 7}, {3, 5}, {4}, {2}], [{8, 1}, {6, 7}, {4, 5}, {2, 3}], [{8, 1}, {6, 7}, {5}, {2, 4}, {3}], [{8, 2}, {1, 7}, {3, 6}, {4, 5}], [{8, 2}, {1, 7}, {4, 6}, {3, 5}], [{8, 2}, {1, 7}, {5, 6}, {3, 4}], [{8, 2}, {1, 7}, {6}, {3, 5}, {4}], [{8, 2}, {3, 7}, {1, 6}, {4, 5}], [{8, 2}, {3, 7}, {4, 6}, {1, 5}], [{8, 2}, {3, 7}, {4, 6}, {5}, {1}], [{8, 2}, {3, 7}, {5, 6}, {1, 4}], [{8, 2}, {4, 7}, {1, 6}, {3, 5}], [{8, 2}, {4, 7}, {1, 6}, {5}, {3}], [{8, 2}, {4, 7}, {3, 6}, {1, 5}], [{8, 2}, {4, 7}, {3, 6}, {5}, {1}], [{8, 2}, {4, 7}, {5, 6}, {1, 3}], [{8, 2}, {4, 7}, {6}, {5}, {1, 3}], [{8, 2}, {5, 7}, {1, 6}, {3, 4}], [{8, 2}, {5, 7}, {3, 6}, {1, 4}], [{8, 2}, {5, 7}, {4, 6}, {1, 3}], [{8, 2}, {5, 7}, {6}, {1, 4}, {3}], [{8, 2}, {6, 7}, {1, 5}, {3, 4}], [{8, 2}, {6, 7}, {3, 5}, {1, 4}], [{8, 2}, {6, 7}, {3, 5}, {4}, {1}], [{8, 2}, {6, 7}, {4, 5}, {1, 3}], [{8, 2}, {7}, {1, 6}, {3, 5}, {4}], [{8, 2}, {7}, {3, 6}, {1, 5}, {4}], [{8, 2}, {7}, {5, 6}, {4}, {1, 3}], [{8, 3}, {1, 7}, {2, 6}, {4, 5}], [{8, 3}, {1, 7}, {4, 6}, {2, 5}], [{8, 3}, {1, 7}, {5, 6}, {2, 4}], [{8, 3}, {1, 7}, {6}, {5}, {2, 4}], [{8, 3}, {2, 7}, {1, 6}, {4, 5}], [{8, 3}, {2, 7}, {4, 6}, {1, 5}], [{8, 3}, {2, 7}, {5, 6}, {1, 4}], [{8, 3}, {4, 7}, {1, 6}, {2, 5}], [{8, 3}, {4, 7}, {2, 6}, {1, 5}], [{8, 3}, {4, 7}, {5, 6}, {1, 2}], [{8, 3}, {4, 7}, {6}, {5}, {1, 2}], [{8, 3}, {5, 7}, {1, 6}, {2, 4}], [{8, 3}, {5, 7}, {2, 6}, {1, 4}], [{8, 3}, {5, 7}, {4, 6}, {1, 2}], [{8, 3}, {5, 7}, {4, 6}, {2}, {1}], [{8, 3}, {6, 7}, {1, 5}, {2, 4}], [{8, 3}, {6, 7}, {2, 5}, {1, 4}], [{8, 3}, {6, 7}, {4, 5}, {1, 2}], [{8, 3}, {6, 7}, {5}, {2, 4}, {1}], [{8, 3}, {7}, {1, 6}, {5}, {2, 4}], [{8, 3}, {7}, {2, 6}, {1, 5}, {4}], [{8, 3}, {7}, {2, 6}, {4, 5}, {1}], [{8, 3}, {7}, {2, 6}, {5}, {1, 4}], [{8, 3}, {7}, {5, 6}, {4}, {1, 2}], [{8, 4}, {1, 7}, {2, 6}, {3, 5}], [{8, 4}, {1, 7}, {3, 6}, {2, 5}], [{8, 4}, {1, 7}, {5, 6}, {2, 3}], [{8, 4}, {1, 7}, {6}, {3, 5}, {2}], [{8, 4}, {2, 7}, {1, 6}, {3, 5}], [{8, 4}, {2, 7}, {1, 6}, {5}, {3}], [{8, 4}, {2, 7}, {3, 6}, {1, 5}], [{8, 4}, {2, 7}, {5, 6}, {1, 3}], [{8, 4}, {3, 7}, {1, 6}, {2, 5}], [{8, 4}, {3, 7}, {2, 6}, {1, 5}], [{8, 4}, {3, 7}, {5, 6}, {1, 2}], [{8, 4}, {3, 7}, {5, 6}, {2}, {1}], [{8, 4}, {5, 7}, {1, 6}, {2, 3}], [{8, 4}, {5, 7}, {2, 6}, {1, 3}], [{8, 4}, {5, 7}, {3, 6}, {1, 2}], [{8, 4}, {6, 7}, {1, 5}, {2, 3}], [{8, 4}, {6, 7}, {2, 5}, {1, 3}], [{8, 4}, {6, 7}, {3, 5}, {1, 2}], [{8, 4}, {6, 7}, {3, 5}, {2}, {1}], [{8, 4}, {7}, {1, 6}, {3, 5}, {2}], [{8, 4}, {7}, {3, 6}, {5}, {1, 2}], [{8, 5}, {1, 7}, {2, 6}, {3, 4}], [{8, 5}, {1, 7}, {3, 6}, {2, 4}], [{8, 5}, {1, 7}, {4, 6}, {2, 3}], [{8, 5}, {1, 7}, {6}, {2, 4}, {3}], [{8, 5}, {2, 7}, {1, 6}, {3, 4}], [{8, 5}, {2, 7}, {3, 6}, {1, 4}], [{8, 5}, {2, 7}, {4, 6}, {1, 3}], [{8, 5}, {3, 7}, {1, 6}, {2, 4}], [{8, 5}, {3, 7}, {2, 6}, {1, 4}], [{8, 5}, {3, 7}, {4, 6}, {1, 2}], [{8, 5}, {3, 7}, {6}, {2, 4}, {1}], [{8, 5}, {4, 7}, {1, 6}, {2, 3}], [{8, 5}, {4, 7}, {2, 6}, {1, 3}], [{8, 5}, {4, 7}, {3, 6}, {1, 2}], [{8, 5}, {6, 7}, {1, 4}, {2, 3}], [{8, 5}, {6, 7}, {2, 4}, {1, 3}], [{8, 5}, {6, 7}, {2, 4}, {3}, {1}], [{8, 5}, {6, 7}, {3, 4}, {1, 2}], [{8, 5}, {7}, {1, 6}, {2, 4}, {3}], [{8, 5}, {7}, {2, 6}, {4}, {1, 3}], [{8, 5}, {7}, {3, 6}, {1, 4}, {2}], [{8, 5}, {7}, {3, 6}, {2, 4}, {1}], [{8, 5}, {7}, {3, 6}, {4}, {1, 2}], [{8, 5}, {7}, {4, 6}, {1, 3}, {2}], [{8, 5}, {7}, {6}, {2, 4}, {1, 3}], [{8, 6}, {1, 7}, {2, 5}, {3, 4}], [{8, 6}, {1, 7}, {3, 5}, {2, 4}], [{8, 6}, {1, 7}, {3, 5}, {4}, {2}], [{8, 6}, {1, 7}, {4, 5}, {2, 3}], [{8, 6}, {1, 7}, {5}, {2, 4}, {3}], [{8, 6}, {2, 7}, {1, 5}, {3, 4}], [{8, 6}, {2, 7}, {3, 5}, {1, 4}], [{8, 6}, {2, 7}, {4, 5}, {1, 3}], [{8, 6}, {2, 7}, {5}, {3, 4}, {1}], [{8, 6}, {3, 7}, {1, 5}, {2, 4}], [{8, 6}, {3, 7}, {2, 5}, {1, 4}], [{8, 6}, {3, 7}, {2, 5}, {4}, {1}], [{8, 6}, {3, 7}, {4, 5}, {1, 2}], [{8, 6}, {4, 7}, {1, 5}, {2, 3}], [{8, 6}, {4, 7}, {2, 5}, {1, 3}], [{8, 6}, {4, 7}, {3, 5}, {1, 2}], [{8, 6}, {5, 7}, {1, 4}, {2, 3}], [{8, 6}, {5, 7}, {2, 4}, {1, 3}], [{8, 6}, {5, 7}, {3, 4}, {1, 2}], [{8, 6}, {5, 7}, {4}, {3}, {1, 2}], [{8, 6}, {7}, {1, 5}, {3, 4}, {2}], [{8, 6}, {7}, {2, 5}, {1, 4}, {3}], [{8, 7}, {1, 6}, {2, 5}, {3, 4}], [{8, 7}, {1, 6}, {3, 5}, {2, 4}], [{8, 7}, {1, 6}, {3, 5}, {4}, {2}], [{8, 7}, {1, 6}, {4, 5}, {2, 3}], [{8, 7}, {1, 6}, {5}, {2, 4}, {3}], [{8, 7}, {2, 6}, {1, 5}, {3, 4}], [{8, 7}, {2, 6}, {3, 5}, {1, 4}], [{8, 7}, {2, 6}, {4, 5}, {1, 3}], [{8, 7}, {2, 6}, {4, 5}, {3}, {1}], [{8, 7}, {3, 6}, {1, 5}, {2, 4}], [{8, 7}, {3, 6}, {2, 5}, {1, 4}], [{8, 7}, {3, 6}, {4, 5}, {1, 2}], [{8, 7}, {4, 6}, {1, 5}, {2, 3}], [{8, 7}, {4, 6}, {2, 5}, {1, 3}], [{8, 7}, {4, 6}, {3, 5}, {1, 2}], [{8, 7}, {5, 6}, {1, 4}, {2, 3}], [{8, 7}, {5, 6}, {1, 4}, {3}, {2}], [{8, 7}, {5, 6}, {2, 4}, {1, 3}], [{8, 7}, {5, 6}, {3, 4}, {1, 2}], [{8}, {1, 7}, {2, 6}, {3, 5}, {4}], [{8}, {1, 7}, {3, 6}, {5}, {2, 4}], [{8}, {1, 7}, {4, 6}, {3, 5}, {2}], [{8}, {1, 7}, {5, 6}, {2, 4}, {3}], [{8}, {1, 7}, {6}, {2, 5}, {3, 4}], [{8}, {1, 7}, {6}, {3, 5}, {2, 4}], [{8}, {1, 7}, {6}, {3, 5}, {4}, {2}], [{8}, {1, 7}, {6}, {4, 5}, {2, 3}], [{8}, {1, 7}, {6}, {5}, {2, 4}, {3}], [{8}, {2, 7}, {1, 6}, {3, 5}, {4}], [{8}, {2, 7}, {3, 6}, {5}, {1, 4}], [{8}, {2, 7}, {6}, {1, 5}, {3, 4}], [{8}, {3, 7}, {1, 6}, {5}, {2, 4}], [{8}, {3, 7}, {2, 6}, {4, 5}, {1}], [{8}, {3, 7}, {6}, {2, 5}, {1, 4}], [{8}, {4, 7}, {1, 6}, {3, 5}, {2}], [{8}, {4, 7}, {5, 6}, {2, 3}, {1}], [{8}, {5, 7}, {1, 6}, {2, 4}, {3}], [{8}, {6, 7}, {1, 5}, {2, 4}, {3}], [{8}, {6, 7}, {2, 5}, {3, 4}, {1}], [{8}, {6, 7}, {3, 5}, {1, 4}, {2}], [{8}, {6, 7}, {3, 5}, {2, 4}, {1}], [{8}, {6, 7}, {3, 5}, {4}, {1, 2}], [{8}, {6, 7}, {3, 5}, {4}, {2}, {1}], [{8}, {6, 7}, {4, 5}, {2, 3}, {1}], [{8}, {6, 7}, {5}, {2, 4}, {1, 3}], [{8}, {6, 7}, {5}, {2, 4}, {3}, {1}], [{8}, {7}, {1, 6}, {2, 5}, {3, 4}], [{8}, {7}, {1, 6}, {3, 5}, {2, 4}], [{8}, {7}, {1, 6}, {3, 5}, {4}, {2}], [{8}, {7}, {1, 6}, {4, 5}, {2, 3}], [{8}, {7}, {1, 6}, {5}, {2, 4}, {3}], [{8}, {7}, {3, 6}, {4, 5}, {1, 2}], [{8}, {7}, {4, 6}, {1, 5}, {2, 3}]]",2,4 K_1^3 - 12 K_1^2 - 12 K_1 K_2 + 3 K_1 + 6 K_2 + 5 K_3 + 7,O1O2O3O4U5U4U6O7U2O6O8U1U8O5U3U7,O1O2O3U2U4U5U6O7O4U3O8O6U8U1O5U7,O1O2O3U4O5U3U6O7O6U1O8O4U7U5U8U2,c,{'O1O2O3O4U5U2O6U7U4O7O8U3O5U8U1U6'},1,"<a href=""/flatknot/8.850501"">8.850501</a>",t^9-38t^7-106t^6-33t^5+82t^4-21t^3-36t^2+31t,-2t^2+4t,,
8.850502,O1O2O3O4U5U2O6U7U4O7O8U6O5U1U3U8,4,13z^2+82z+113,13w^3z^2+82w^2z+113w,False,False,"[[ 0 -2 -1  1  2 -1  0 -1  2],[ 2  0  0  2  2  0  1  1  2],[ 1  0  0  1  1  0  1  0  0],[-1 -2 -1  0  1 -2  1 -2  1],[-2 -2 -1 -1  0 -2  0 -2  0],[ 1  0  0  2  2  0  0  0  1],[ 0 -1 -1 -1  0  0  0  0  1],[ 1 -1  0  2  2  0  0  0  2],[-2 -2  0 -1  0 -1 -1 -2  0]]","[[ 0  2  2  1  0 -1 -1 -1 -2],[-2  0  0 -1  0 -1 -2 -2 -2],[-2  0  0 -1 -1  0 -1 -2 -2],[-1  1  1  0  1 -1 -2 -2 -2],[ 0  0  1 -1  0 -1  0  0 -1],[ 1  1  0  1  1  0  0  0  0],[ 1  2  1  2  0  0  0  0  0],[ 1  2  2  2  0  0  0  0 -1],[ 2  2  2  2  1  0  0  1  0]]",True,"[-2,-2,-1,0,1,1,1,2,0,1,0,1,2,2,2,1,1,0,1,2,2,-1,1,2,2,2,1,0,0,1,0,0,0,0,0,1]","[-2,-2,-1,0,1,1,1,2,0,0,1,1,2,3,2,0,2,1,1,2,2,2,0,0,1,1,1,1,0,1,0,0,0,0,1,1]",t^8+42t^6+157t^4+64t^2+4,"[-2,-1,-1,-1,0,1,2,2,0,1,1,1,1,2,2,0,0,1,0,1,1,0,0,1,2,3,1,0,1,2,2,2,1,0,0,0]","[-2,-2,-1,0,1,1,1,2,0,0,1,1,2,3,2,0,2,1,1,2,2,2,0,0,1,1,1,1,0,1,0,0,0,0,1,1]","[-2,-1,-1,-1,0,1,2,2,0,0,1,1,2,2,2,0,0,0,2,1,2,0,1,1,0,1,0,2,2,2,-1,1,0,1,1,0]",c,"[[{8, 1}, {2, 7}, {3, 6}, {4, 5}], [{8, 1}, {2, 7}, {4, 6}, {3, 5}], [{8, 1}, {2, 7}, {4, 6}, {5}, {3}], [{8, 1}, {2, 7}, {5, 6}, {3, 4}], [{8, 1}, {3, 7}, {2, 6}, {4, 5}], [{8, 1}, {3, 7}, {4, 6}, {2, 5}], [{8, 1}, {3, 7}, {4, 6}, {5}, {2}], [{8, 1}, {3, 7}, {5, 6}, {2, 4}], [{8, 1}, {4, 7}, {2, 6}, {3, 5}], [{8, 1}, {4, 7}, {3, 6}, {2, 5}], [{8, 1}, {4, 7}, {5, 6}, {2, 3}], [{8, 1}, {4, 7}, {5, 6}, {3}, {2}], [{8, 1}, {4, 7}, {6}, {5}, {2, 3}], [{8, 1}, {5, 7}, {2, 6}, {3, 4}], [{8, 1}, {5, 7}, {3, 6}, {2, 4}], [{8, 1}, {5, 7}, {4, 6}, {2, 3}], [{8, 1}, {5, 7}, {4, 6}, {3}, {2}], [{8, 1}, {5, 7}, {6}, {4}, {2, 3}], [{8, 1}, {6, 7}, {2, 5}, {3, 4}], [{8, 1}, {6, 7}, {3, 5}, {2, 4}], [{8, 1}, {6, 7}, {4, 5}, {2, 3}], [{8, 1}, {6, 7}, {4, 5}, {3}, {2}], [{8, 1}, {6, 7}, {5}, {4}, {2, 3}], [{8, 1}, {7}, {2, 6}, {5}, {3, 4}], [{8, 1}, {7}, {3, 6}, {5}, {2, 4}], [{8, 1}, {7}, {4, 6}, {2, 5}, {3}], [{8, 1}, {7}, {4, 6}, {3, 5}, {2}], [{8, 1}, {7}, {4, 6}, {5}, {2, 3}], [{8, 1}, {7}, {4, 6}, {5}, {3}, {2}], [{8, 1}, {7}, {5, 6}, {4}, {2, 3}], [{8, 1}, {7}, {6}, {4, 5}, {2, 3}], [{8, 1}, {7}, {6}, {5}, {4}, {2, 3}], [{8, 2}, {1, 7}, {3, 6}, {4, 5}], [{8, 2}, {1, 7}, {4, 6}, {3, 5}], [{8, 2}, {1, 7}, {5, 6}, {3, 4}], [{8, 2}, {1, 7}, {5, 6}, {4}, {3}], [{8, 2}, {3, 7}, {1, 6}, {4, 5}], [{8, 2}, {3, 7}, {4, 6}, {1, 5}], [{8, 2}, {3, 7}, {5, 6}, {1, 4}], [{8, 2}, {3, 7}, {5, 6}, {4}, {1}], [{8, 2}, {4, 7}, {1, 6}, {3, 5}], [{8, 2}, {4, 7}, {3, 6}, {1, 5}], [{8, 2}, {4, 7}, {5, 6}, {1, 3}], [{8, 2}, {4, 7}, {5, 6}, {3}, {1}], [{8, 2}, {4, 7}, {6}, {5}, {1, 3}], [{8, 2}, {5, 7}, {1, 6}, {3, 4}], [{8, 2}, {5, 7}, {1, 6}, {4}, {3}], [{8, 2}, {5, 7}, {3, 6}, {1, 4}], [{8, 2}, {5, 7}, {3, 6}, {4}, {1}], [{8, 2}, {5, 7}, {4, 6}, {1, 3}], [{8, 2}, {5, 7}, {4, 6}, {3}, {1}], [{8, 2}, {5, 7}, {6}, {1, 4}, {3}], [{8, 2}, {5, 7}, {6}, {3, 4}, {1}], [{8, 2}, {5, 7}, {6}, {4}, {1, 3}], [{8, 2}, {5, 7}, {6}, {4}, {3}, {1}], [{8, 2}, {6, 7}, {1, 5}, {3, 4}], [{8, 2}, {6, 7}, {1, 5}, {4}, {3}], [{8, 2}, {6, 7}, {3, 5}, {1, 4}], [{8, 2}, {6, 7}, {3, 5}, {4}, {1}], [{8, 2}, {6, 7}, {4, 5}, {1, 3}], [{8, 2}, {6, 7}, {4, 5}, {3}, {1}], [{8, 2}, {6, 7}, {5}, {1, 4}, {3}], [{8, 2}, {6, 7}, {5}, {3, 4}, {1}], [{8, 2}, {6, 7}, {5}, {4}, {1, 3}], [{8, 2}, {6, 7}, {5}, {4}, {3}, {1}], [{8, 2}, {7}, {4, 6}, {5}, {1, 3}], [{8, 2}, {7}, {5, 6}, {1, 4}, {3}], [{8, 2}, {7}, {5, 6}, {3, 4}, {1}], [{8, 2}, {7}, {5, 6}, {4}, {1, 3}], [{8, 2}, {7}, {5, 6}, {4}, {3}, {1}], [{8, 2}, {7}, {6}, {4, 5}, {1, 3}], [{8, 3}, {1, 7}, {2, 6}, {4, 5}], [{8, 3}, {1, 7}, {4, 6}, {2, 5}], [{8, 3}, {1, 7}, {5, 6}, {2, 4}], [{8, 3}, {1, 7}, {5, 6}, {4}, {2}], [{8, 3}, {2, 7}, {1, 6}, {4, 5}], [{8, 3}, {2, 7}, {1, 6}, {5}, {4}], [{8, 3}, {2, 7}, {4, 6}, {1, 5}], [{8, 3}, {2, 7}, {5, 6}, {1, 4}], [{8, 3}, {2, 7}, {5, 6}, {4}, {1}], [{8, 3}, {2, 7}, {6}, {1, 5}, {4}], [{8, 3}, {4, 7}, {1, 6}, {2, 5}], [{8, 3}, {4, 7}, {1, 6}, {5}, {2}], [{8, 3}, {4, 7}, {2, 6}, {1, 5}], [{8, 3}, {4, 7}, {2, 6}, {5}, {1}], [{8, 3}, {4, 7}, {5, 6}, {1, 2}], [{8, 3}, {4, 7}, {5, 6}, {2}, {1}], [{8, 3}, {4, 7}, {6}, {1, 5}, {2}], [{8, 3}, {4, 7}, {6}, {2, 5}, {1}], [{8, 3}, {4, 7}, {6}, {5}, {1, 2}], [{8, 3}, {4, 7}, {6}, {5}, {2}, {1}], [{8, 3}, {5, 7}, {1, 6}, {2, 4}], [{8, 3}, {5, 7}, {2, 6}, {1, 4}], [{8, 3}, {5, 7}, {4, 6}, {1, 2}], [{8, 3}, {5, 7}, {4, 6}, {2}, {1}], [{8, 3}, {5, 7}, {6}, {4}, {1, 2}], [{8, 3}, {6, 7}, {1, 5}, {2, 4}], [{8, 3}, {6, 7}, {2, 5}, {1, 4}], [{8, 3}, {6, 7}, {4, 5}, {1, 2}], [{8, 3}, {6, 7}, {4, 5}, {2}, {1}], [{8, 3}, {6, 7}, {5}, {4}, {1, 2}], [{8, 3}, {7}, {1, 6}, {5}, {2, 4}], [{8, 3}, {7}, {4, 6}, {5}, {1, 2}], [{8, 3}, {7}, {5, 6}, {1, 4}, {2}], [{8, 3}, {7}, {5, 6}, {2, 4}, {1}], [{8, 3}, {7}, {5, 6}, {4}, {1, 2}], [{8, 3}, {7}, {5, 6}, {4}, {2}, {1}], [{8, 3}, {7}, {6}, {1, 5}, {2, 4}], [{8, 3}, {7}, {6}, {4, 5}, {1, 2}], [{8, 4}, {1, 7}, {2, 6}, {3, 5}], [{8, 4}, {1, 7}, {3, 6}, {2, 5}], [{8, 4}, {1, 7}, {5, 6}, {2, 3}], [{8, 4}, {2, 7}, {1, 6}, {3, 5}], [{8, 4}, {2, 7}, {3, 6}, {1, 5}], [{8, 4}, {2, 7}, {5, 6}, {1, 3}], [{8, 4}, {3, 7}, {1, 6}, {2, 5}], [{8, 4}, {3, 7}, {2, 6}, {1, 5}], [{8, 4}, {3, 7}, {5, 6}, {1, 2}], [{8, 4}, {3, 7}, {6}, {2, 5}, {1}], [{8, 4}, {5, 7}, {1, 6}, {2, 3}], [{8, 4}, {5, 7}, {2, 6}, {1, 3}], [{8, 4}, {5, 7}, {3, 6}, {1, 2}], [{8, 4}, {6, 7}, {1, 5}, {2, 3}], [{8, 4}, {6, 7}, {2, 5}, {1, 3}], [{8, 4}, {6, 7}, {3, 5}, {1, 2}], [{8, 4}, {6, 7}, {3, 5}, {2}, {1}], [{8, 4}, {7}, {2, 6}, {1, 5}, {3}], [{8, 4}, {7}, {5, 6}, {2, 3}, {1}], [{8, 4}, {7}, {6}, {3, 5}, {1, 2}], [{8, 5}, {1, 7}, {2, 6}, {3, 4}], [{8, 5}, {1, 7}, {3, 6}, {2, 4}], [{8, 5}, {1, 7}, {4, 6}, {2, 3}], [{8, 5}, {2, 7}, {1, 6}, {3, 4}], [{8, 5}, {2, 7}, {3, 6}, {1, 4}], [{8, 5}, {2, 7}, {3, 6}, {4}, {1}], [{8, 5}, {2, 7}, {4, 6}, {1, 3}], [{8, 5}, {2, 7}, {6}, {1, 4}, {3}], [{8, 5}, {3, 7}, {1, 6}, {2, 4}], [{8, 5}, {3, 7}, {2, 6}, {1, 4}], [{8, 5}, {3, 7}, {4, 6}, {1, 2}], [{8, 5}, {4, 7}, {1, 6}, {2, 3}], [{8, 5}, {4, 7}, {1, 6}, {3}, {2}], [{8, 5}, {4, 7}, {2, 6}, {1, 3}], [{8, 5}, {4, 7}, {2, 6}, {3}, {1}], [{8, 5}, {4, 7}, {3, 6}, {1, 2}], [{8, 5}, {4, 7}, {6}, {3}, {1, 2}], [{8, 5}, {6, 7}, {1, 4}, {2, 3}], [{8, 5}, {6, 7}, {2, 4}, {1, 3}], [{8, 5}, {6, 7}, {3, 4}, {1, 2}], [{8, 5}, {7}, {1, 6}, {4}, {2, 3}], [{8, 6}, {1, 7}, {2, 5}, {3, 4}], [{8, 6}, {1, 7}, {3, 5}, {2, 4}], [{8, 6}, {1, 7}, {4, 5}, {2, 3}], [{8, 6}, {2, 7}, {1, 5}, {3, 4}], [{8, 6}, {2, 7}, {3, 5}, {1, 4}], [{8, 6}, {2, 7}, {3, 5}, {4}, {1}], [{8, 6}, {2, 7}, {4, 5}, {1, 3}], [{8, 6}, {2, 7}, {5}, {1, 4}, {3}], [{8, 6}, {3, 7}, {1, 5}, {2, 4}], [{8, 6}, {3, 7}, {2, 5}, {1, 4}], [{8, 6}, {3, 7}, {4, 5}, {1, 2}], [{8, 6}, {3, 7}, {4, 5}, {2}, {1}], [{8, 6}, {4, 7}, {1, 5}, {2, 3}], [{8, 6}, {4, 7}, {2, 5}, {1, 3}], [{8, 6}, {4, 7}, {3, 5}, {1, 2}], [{8, 6}, {4, 7}, {5}, {3}, {1, 2}], [{8, 6}, {5, 7}, {1, 4}, {2, 3}], [{8, 6}, {5, 7}, {2, 4}, {1, 3}], [{8, 6}, {5, 7}, {3, 4}, {1, 2}], [{8, 6}, {7}, {1, 5}, {4}, {2, 3}], [{8, 6}, {7}, {5}, {2, 4}, {1, 3}], [{8, 7}, {1, 6}, {2, 5}, {3, 4}], [{8, 7}, {1, 6}, {3, 5}, {2, 4}], [{8, 7}, {1, 6}, {4, 5}, {2, 3}], [{8, 7}, {2, 6}, {1, 5}, {3, 4}], [{8, 7}, {2, 6}, {3, 5}, {1, 4}], [{8, 7}, {2, 6}, {4, 5}, {1, 3}], [{8, 7}, {3, 6}, {1, 5}, {2, 4}], [{8, 7}, {3, 6}, {2, 5}, {1, 4}], [{8, 7}, {3, 6}, {4, 5}, {1, 2}], [{8, 7}, {3, 6}, {5}, {2, 4}, {1}], [{8, 7}, {4, 6}, {1, 5}, {2, 3}], [{8, 7}, {4, 6}, {2, 5}, {1, 3}], [{8, 7}, {4, 6}, {3, 5}, {1, 2}], [{8, 7}, {5, 6}, {1, 4}, {2, 3}], [{8, 7}, {5, 6}, {1, 4}, {3}, {2}], [{8, 7}, {5, 6}, {2, 4}, {1, 3}], [{8, 7}, {5, 6}, {3, 4}, {1, 2}], [{8, 7}, {5, 6}, {4}, {2, 3}, {1}], [{8, 7}, {6}, {3, 5}, {4}, {1, 2}], [{8}, {1, 7}, {3, 6}, {5}, {2, 4}], [{8}, {1, 7}, {5, 6}, {4}, {2, 3}], [{8}, {2, 7}, {1, 6}, {4, 5}, {3}], [{8}, {2, 7}, {5, 6}, {1, 4}, {3}], [{8}, {3, 7}, {5, 6}, {1, 4}, {2}], [{8}, {4, 7}, {1, 6}, {3, 5}, {2}], [{8}, {4, 7}, {2, 6}, {3, 5}, {1}], [{8}, {4, 7}, {3, 6}, {5}, {1, 2}], [{8}, {4, 7}, {5, 6}, {1, 3}, {2}], [{8}, {4, 7}, {5, 6}, {2, 3}, {1}], [{8}, {4, 7}, {5, 6}, {3}, {1, 2}], [{8}, {4, 7}, {6}, {3, 5}, {1, 2}], [{8}, {4, 7}, {6}, {5}, {3}, {1, 2}], [{8}, {5, 7}, {4, 6}, {1, 3}, {2}], [{8}, {5, 7}, {4, 6}, {2, 3}, {1}], [{8}, {5, 7}, {4, 6}, {3}, {1, 2}], [{8}, {6, 7}, {3, 5}, {2, 4}, {1}], [{8}, {6, 7}, {4, 5}, {1, 3}, {2}], [{8}, {6, 7}, {4, 5}, {2, 3}, {1}], [{8}, {6, 7}, {4, 5}, {3}, {1, 2}], [{8}, {7}, {5, 6}, {1, 4}, {2, 3}], [{8}, {7}, {5, 6}, {4}, {2, 3}, {1}]]",2,8 K_1^3 + 12 K_1^2 K_2 - 34 K_1^2 - 24 K_1 K_2 - 4 K_1 K_3 + 6 K_1 - 8 K_2^2 + 13 K_2 + 10 K_3 + 3 K_4 + 19,O1O2O3O4U5U2U4O6U7O5O8U1U8O7U3U6,O1O2O3U1U4U2U5O6O4U7O8O5U8U3O7U6,O1O2O3U4O5U1U6O7O6U5O8O4U7U2U8U3,c,{'O1O2O3O4U5U2O6U7U4O7O8U6O5U1U3U8'},1,"<a href=""/flatknot/8.850502"">8.850502</a>",t^9-40t^7-78t^6+68t^5+178t^4-19t^3-114t^2+4t+16,-t^2+2t,,
8.850503,O1O2O3O4U5U2O6U7U4O7O8U6O5U1U8U3,4,16z^2+85z+107,16w^3z^2+85w^2z+107w,False,False,"[[ 0 -2 -1  2  2 -1  0 -1  1],[ 2  0  0  3  2  0  1  1  1],[ 1  0  0  1  1  0  1  0 -1],[-2 -3 -1  0  1 -2  0 -3  0],[-2 -2 -1 -1  0 -2  0 -2  0],[ 1  0  0  2  2  0  0  0  0],[ 0 -1 -1  0  0  0  0  0  1],[ 1 -1  0  3  2  0  0  0  1],[-1 -1  1  0  0  0 -1 -1  0]]","[[ 0  2  2  1  0 -1 -1 -1 -2],[-2  0  1  0  0 -1 -2 -3 -3],[-2 -1  0  0  0 -1 -2 -2 -2],[-1  0  0  0 -1  1  0 -1 -1],[ 0  0  0  1  0 -1  0  0 -1],[ 1  1  1 -1  1  0  0  0  0],[ 1  2  2  0  0  0  0  0  0],[ 1  3  2  1  0  0  0  0 -1],[ 2  3  2  1  1  0  0  1  0]]",True,"[-2,-2,-1,0,1,1,1,2,-1,0,0,1,2,3,3,0,0,1,2,2,2,1,-1,0,1,1,1,0,0,1,0,0,0,0,0,1]","[-2,-2,-1,0,1,1,1,2,-1,0,0,1,2,3,3,0,0,1,2,2,2,1,-1,0,1,1,1,0,0,1,0,0,0,0,0,1]",t^8+44t^6+191t^4+99t^2+4,"[-2,-1,-1,-1,0,1,2,2,0,1,1,1,2,1,2,0,0,1,1,0,1,0,0,3,2,2,1,2,1,1,0,2,2,1,1,-1]","[-2,-2,-1,0,1,1,1,2,-1,1,2,1,1,2,2,1,2,0,1,2,1,0,1,2,3,2,1,1,0,1,0,0,0,0,1,1]","[-2,-1,-1,-1,0,1,2,2,0,0,1,1,1,2,3,0,0,0,0,2,2,0,1,-1,1,1,0,1,2,3,1,0,0,0,0,-1]",c,"[[{8, 2}, {3, 7}, {5, 6}, {1, 4}], [{8, 2}, {4, 7}, {5, 6}, {1, 3}], [{8, 2}, {5, 7}, {3, 6}, {1, 4}], [{8, 2}, {5, 7}, {4, 6}, {1, 3}], [{8, 2}, {6, 7}, {3, 5}, {1, 4}], [{8, 2}, {6, 7}, {4, 5}, {1, 3}]]",1,4 K_1^3 + 12 K_1^2 K_2 - 24 K_1^2 - 16 K_1 K_2 - 10 K_1 K_3 + 5 K_1 - 2 K_2^2 + 11 K_2 + 7 K_3 + 3 K_4 + 11,O1O2O3O4U2U5U4O6U7O5O8U1U8O7U3U6,O1O2O3U1U4U3U5O6O4U7O8O5U8U2O7U6,O1O2O3U4O5U2U6O7O6U5O8O4U7U1U8U3,c,{'O1O2O3O4U5U2O6U7U4O7O8U6O5U1U8U3'},1,"<a href=""/flatknot/8.850503"">8.850503</a>",t^9-42t^7-62t^6+120t^5+248t^4+76t^3-46t^2-16t,-t^2+2t,,
8.850504,O1O2O3O4U5U2O6U7U4O7O8U6O5U3U1U8,3,10z^2+49z+59,10w^3z^2+49w^2z+59w,False,False,"[[ 0 -1 -1  0  2 -1  0 -1  2],[ 1  0 -1  1  2 -1  1  0  2],[ 1  1  0  1  1  0  1  0  0],[ 0 -1 -1  0  1 -1  1 -1  1],[-2 -2 -1 -1  0 -2  0 -2  0],[ 1  1  0  1  2  0  0  0  1],[ 0 -1 -1 -1  0  0  0  0  1],[ 1  0  0  1  2  0  0  0  2],[-2 -2  0 -1  0 -1 -1 -2  0]]","[[ 0  2  2  0  0 -1 -1 -1 -1],[-2  0  0  0 -1 -1 -2 -2 -2],[-2  0  0 -1 -1  0 -1 -2 -2],[ 0  0  1  0 -1 -1  0  0 -1],[ 0  1  1  1  0 -1 -1 -1 -1],[ 1  1  0  1  1  0  0  0  1],[ 1  2  1  0  1  0  0  0  1],[ 1  2  2  0  1  0  0  0  0],[ 1  2  2  1  1 -1 -1  0  0]]",True,"[-2,-2,0,0,1,1,1,1,0,0,1,1,2,2,2,1,1,0,1,2,2,1,1,0,0,1,1,1,1,1,0,0,-1,0,-1,0]","[-2,-2,0,0,1,1,1,1,0,0,1,1,2,2,2,1,1,0,1,2,2,1,1,0,0,1,1,1,1,1,0,0,-1,0,-1,0]",t^8+34t^6+125t^4+44t^2,"[-1,-1,-1,-1,0,0,2,2,-1,0,0,0,0,2,3,0,1,0,0,1,1,0,0,1,1,1,0,1,1,2,-1,1,1,2,1,0]","[-2,-2,0,0,1,1,1,1,0,1,1,1,1,2,3,1,2,1,1,1,2,1,0,0,0,0,0,1,1,0,0,-1,-1,0,0,0]","[-1,-1,-1,-1,0,0,2,2,-1,-1,0,1,1,2,2,0,0,0,1,1,2,0,1,1,0,1,0,1,2,2,-1,1,0,1,1,0]",c,"[[{8, 1}, {4, 7}, {5, 6}, {2, 3}], [{8, 1}, {6, 7}, {4, 5}, {2, 3}], [{8, 2}, {4, 7}, {5, 6}, {1, 3}], [{8, 2}, {6, 7}, {4, 5}, {1, 3}], [{8, 6}, {2, 7}, {1, 5}, {3, 4}]]",1,8 K_1^3 - 6 K_1^2 - 20 K_1 K_2 - 2 K_1 K_3 + 4 K_1 - 2 K_2^2 + 4 K_2 + 8 K_3 + 2 K_4 + 5,O1O2O3O4U5U4U2O6U7O5O8U1U8O7U3U6,O1O2O3U2U4U1U5O6O4U7O8O5U8U3O7U6,O1O2O3U4O5U1U6O7O6U5O8O4U7U3U8U2,c,"{'O1O2O3O4U5U2O6U7U4O7O8U6O5U3U1U8', 'O1O2O3O4U3U5O6U7U4O7O8U6U2O5U1U8'}",2,"<a href=""/flatknot/8.850504"">8.850504</a>",t^9-30t^7-60t^6+33t^5+96t^4-4t^3-24t^2-16t,-2t^2+4t,,
8.850505,O1O2O3O4U5U2O6U7U4O7O8U6O5U8U1U3,4,7z^2+76z+125,7w^3z^2+76w^2z+125w,False,False,"[[ 0 -1 -1  2  2 -1  0 -1  0],[ 1  0  0  2  2  0  0  0  0],[ 1  0  0  1  1  0  1  0 -1],[-2 -2 -1  0  1 -2  0 -3  0],[-2 -2 -1 -1  0 -2  0 -2  0],[ 1  0  0  2  2  0  0  0 -1],[ 0  0 -1  0  0  0  0  0  1],[ 1  0  0  3  2  0  0  0  0],[ 0  0  1  0  0  1 -1  0  0]]","[[ 0  2  2  0  0 -1 -1 -1 -1],[-2  0  1  0  0 -1 -2 -2 -3],[-2 -1  0  0  0 -1 -2 -2 -2],[ 0  0  0  0  1 -1  0  0  0],[ 0  0  0 -1  0  1  1  0  0],[ 1  1  1  1 -1  0  0  0  0],[ 1  2  2  0 -1  0  0  0  0],[ 1  2  2  0  0  0  0  0  0],[ 1  3  2  0  0  0  0  0  0]]",True,"[-2,-2,0,0,1,1,1,1,-1,0,0,1,2,2,3,0,0,1,2,2,2,-1,1,0,0,0,-1,-1,0,0,0,0,0,0,0,0]","[-2,-2,0,0,1,1,1,1,-1,0,0,1,2,2,3,0,0,1,2,2,2,-1,1,0,0,0,-1,-1,0,0,0,0,0,0,0,0]",t^8+36t^6+118t^4+48t^2+4,"[-1,-1,-1,-1,0,0,2,2,0,0,0,0,2,2,2,0,0,1,1,0,1,0,1,1,1,1,1,2,1,1,-1,2,2,2,2,-1]","[-2,-2,0,0,1,1,1,1,-1,2,2,1,1,1,2,2,2,0,1,1,2,-1,1,1,2,2,1,1,1,0,0,0,0,0,0,0]","[-1,-1,-1,-1,0,0,2,2,0,0,0,-1,0,2,2,0,0,-1,1,1,1,0,0,0,2,2,0,0,2,3,-1,0,0,0,0,-1]",c,"[[{8, 1}, {6, 7}, {4, 5}, {2, 3}], [{8, 2}, {4, 7}, {5, 6}, {1, 3}], [{8, 2}, {4, 7}, {6}, {5}, {1, 3}], [{8, 3}, {4, 7}, {5, 6}, {1, 2}]]",1,4 K_1^3 - 28 K_1^2 - 16 K_1 K_2 + 5 K_1 + 14 K_2 + 7 K_3 + 15,O1O2O3O4U2U4U5O6U7O5O8U1U8O7U3U6,O1O2O3U2U4U3U5O6O4U7O8O5U8U1O7U6,O1O2O3U4O5U3U6O7O6U5O8O4U7U1U8U2,c,{'O1O2O3O4U5U2O6U7U4O7O8U6O5U8U1U3'},1,"<a href=""/flatknot/8.850505"">8.850505</a>",t^9-32t^7-24t^6+108t^5+116t^4-26t^3-32t^2+8t,-2t^2+4t,,
8.850506,O1O2O3O4U5U2O6U7U8O7O8U1O5U3U4U6,3,12z^2+49z+51,12w^3z^2+49w^2z+51w,False,False,"[[ 0 -2 -1  0  2 -1  2 -1  1],[ 2  0  0  1  2  1  2  1  3],[ 1  0  0  0  1  1  1  1  1],[ 0 -1  0  0  1  0  1 -1  1],[-2 -2 -1 -1  0 -2  0 -3 -1],[ 1 -1 -1  0  2  0  2  1  1],[-2 -2 -1 -1  0 -2  0 -3 -1],[ 1 -1 -1  1  3 -1  3  0  1],[-1 -3 -1 -1  1 -1  1 -1  0]]","[[ 0  2  2  1  0 -1 -1 -1 -2],[-2  0  0 -1 -1 -1 -2 -3 -2],[-2  0  0 -1 -1 -1 -2 -3 -2],[-1  1  1  0 -1 -1 -1 -1 -3],[ 0  1  1  1  0  0  0 -1 -1],[ 1  1  1  1  0  0  1  1  0],[ 1  2  2  1  0 -1  0  1 -1],[ 1  3  3  1  1 -1 -1  0 -1],[ 2  2  2  3  1  0  1  1  0]]",True,"[-2,-2,-1,0,1,1,1,2,0,1,1,1,2,3,2,1,1,1,2,3,2,1,1,1,1,3,0,0,1,1,-1,-1,0,-1,1,1]","[-2,-2,-1,0,1,1,1,2,0,0,1,0,1,2,2,0,1,0,1,2,2,0,1,1,1,0,0,1,1,1,-1,-1,0,-1,0,1]",t^8+60t^6+220t^4+61t^2,"[-2,-1,-1,-1,0,1,2,2,0,0,1,1,0,2,2,-1,1,1,1,1,1,1,0,1,0,0,1,1,2,2,0,1,1,0,0,0]","[-2,-2,-1,0,1,1,1,2,0,0,1,0,1,2,2,0,1,0,1,2,2,0,1,1,1,0,0,1,1,1,-1,-1,0,-1,0,1]","[-2,-1,-1,-1,0,1,2,2,0,1,1,1,3,2,2,1,1,0,1,1,1,-1,1,1,3,3,0,1,2,2,1,1,1,1,1,0]",c,"[[{8, 1}, {2, 7}, {4, 6}, {3, 5}], [{8, 1}, {2, 7}, {6}, {3, 5}, {4}], [{8, 1}, {4, 7}, {2, 6}, {3, 5}], [{8, 1}, {4, 7}, {6}, {3, 5}, {2}], [{8, 1}, {6, 7}, {3, 5}, {2, 4}], [{8, 1}, {6, 7}, {3, 5}, {4}, {2}], [{8, 1}, {7}, {2, 6}, {3, 5}, {4}], [{8, 1}, {7}, {4, 6}, {3, 5}, {2}], [{8, 1}, {7}, {6}, {3, 5}, {2, 4}], [{8, 1}, {7}, {6}, {3, 5}, {4}, {2}], [{8, 2}, {1, 7}, {4, 6}, {3, 5}], [{8, 2}, {1, 7}, {6}, {3, 5}, {4}], [{8, 4}, {1, 7}, {2, 6}, {3, 5}], [{8, 4}, {1, 7}, {6}, {3, 5}, {2}], [{8, 6}, {1, 7}, {3, 5}, {2, 4}], [{8, 6}, {1, 7}, {3, 5}, {4}, {2}], [{8, 7}, {1, 6}, {2, 5}, {3, 4}], [{8, 7}, {1, 6}, {3, 5}, {2, 4}], [{8, 7}, {1, 6}, {3, 5}, {4}, {2}], [{8, 7}, {1, 6}, {4, 5}, {2, 3}], [{8, 7}, {2, 6}, {3, 5}, {1, 4}], [{8, 7}, {2, 6}, {3, 5}, {4}, {1}], [{8, 7}, {3, 6}, {2, 5}, {1, 4}], [{8, 7}, {4, 6}, {3, 5}, {1, 2}], [{8, 7}, {4, 6}, {3, 5}, {2}, {1}], [{8, 7}, {5, 6}, {1, 4}, {2, 3}], [{8, 7}, {6}, {3, 5}, {1, 4}, {2}], [{8, 7}, {6}, {3, 5}, {2, 4}, {1}], [{8, 7}, {6}, {3, 5}, {4}, {1, 2}], [{8, 7}, {6}, {3, 5}, {4}, {2}, {1}], [{8}, {1, 7}, {2, 6}, {3, 5}, {4}], [{8}, {1, 7}, {4, 6}, {3, 5}, {2}], [{8}, {1, 7}, {6}, {3, 5}, {2, 4}], [{8}, {1, 7}, {6}, {3, 5}, {4}, {2}]]",1,20 K_1^3 - 10 K_1^2 - 20 K_1 K_2 - 5 K_1 + 5 K_2 + 5 K_3 + 6,O1O2O3O4U5U1U2O6U4O7O8U7U8O5U3U6,O1O2O3U4U5U1U2O6O5U3O7O8U7U8O4U6,O1O2O3U4O5U6U7O6O7U1O8O4U2U3U8U5,c,"{'O1O2O3O4U5U2O6U7U8O7O8U1O5U3U4U6', 'O1O2O3O4U3U5O6U7U8O7O8U1U2O5U4U6'}",2,"<a href=""/flatknot/8.850506"">8.850506</a>",t^9-58t^7-194t^6-47t^5+304t^4+172t^3-90t^2-64t,-t^2+2t,,
8.850507,O1O2O3O4U5U2O6U7U8O7O8U1O5U6U3U4,4,10z^3+53z^2+100z+69,-4w^5z^3+14w^4z^3-8w^4z^2+61w^3z^2+100w^2z+69w,False,False,"[[ 0 -2 -1  1  3 -1  0 -1  1],[ 2  0  0  2  3  1  0  1  3],[ 1  0  0  0  1  1 -1  1  1],[-1 -2  0  0  1  0 -1 -2  0],[-3 -3 -1 -1  0 -2 -1 -4 -2],[ 1 -1 -1  0  2  0  0  1  1],[ 0  0  1  1  1  0  0 -1  1],[ 1 -1 -1  2  4 -1  1  0  1],[-1 -3 -1  0  2 -1 -1 -1  0]]","[[ 0  3  1  1  0 -1 -1 -1 -2],[-3  0 -1 -2 -1 -1 -2 -4 -3],[-1  1  0  0 -1  0  0 -2 -2],[-1  2  0  0 -1 -1 -1 -1 -3],[ 0  1  1  1  0  1  0 -1  0],[ 1  1  0  1 -1  0  1  1  0],[ 1  2  0  1  0 -1  0  1 -1],[ 1  4  2  1  1 -1 -1  0 -1],[ 2  3  2  3  0  0  1  1  0]]",True,"[-3,-1,-1,0,1,1,1,2,1,2,1,1,2,4,3,0,1,0,0,2,2,1,1,1,1,3,-1,0,1,0,-1,-1,0,-1,1,1]","[-3,-1,-1,0,1,1,1,2,0,1,2,0,2,3,2,0,0,1,1,1,0,0,0,2,2,1,0,1,2,2,-1,-1,0,-1,0,1]",t^8+65t^6+433t^4+216t^2+25,"[-2,-1,-1,-1,0,1,1,3,0,0,1,2,0,1,2,-1,1,1,1,2,2,1,0,1,0,0,2,1,2,3,0,0,2,0,0,1]","[-3,-1,-1,0,1,1,1,2,0,1,2,0,2,3,2,0,0,1,1,1,0,0,0,2,2,1,0,1,2,2,-1,-1,0,-1,0,1]","[-2,-1,-1,-1,0,1,1,3,0,1,1,0,2,3,3,1,1,-1,0,1,1,-1,1,2,1,4,0,0,1,2,1,1,1,0,1,2]",c,"[[{8, 7}, {2, 6}, {4, 5}, {1, 3}]]",1,- 24 K_1^4 + 8 K_1^3 + 16 K_1^2 K_2 - 4 K_1^2 - 6 K_1 K_2 - 2 K_1 K_3 - 3 K_1 + 7 K_2 + K_3 + 8,O1O2O3O4U1U2U5O6U4O7O8U7U8O5U3U6,O1O2O3U4U5U2U3O6O5U1O7O8U7U8O4U6,O1O2O3U4O5U6U7O6O7U3O8O4U1U2U8U5,c,{'O1O2O3O4U5U2O6U7U8O7O8U1O5U6U3U4'},1,"<a href=""/flatknot/8.850507"">8.850507</a>",t^9-61t^7-208t^6+16t^5+598t^4+178t^3-474t^2-60t+10,-t^3+t^2+t,,
8.850508,O1O2O3O4U5U2O6U7U8O7O8U1O5U6U4U3,4,6z^3+43z^2+102z+81,6w^4z^3-2w^4z^2+45w^3z^2-6w^3z+108w^2z+81w,False,False,"[[ 0 -2 -1  2  2 -1  0 -1  1],[ 2  0  0  3  2  1  0  1  3],[ 1  0  0  1  0  1 -1  1  1],[-2 -3 -1  0  0 -1 -1 -3 -1],[-2 -2  0  0  0 -1 -1 -3 -1],[ 1 -1 -1  1  1  0  0  1  1],[ 0  0  1  1  1  0  0 -1  1],[ 1 -1 -1  3  3 -1  1  0  1],[-1 -3 -1  1  1 -1 -1 -1  0]]","[[ 0  2  2  1  0 -1 -1 -1 -2],[-2  0  0 -1 -1  0 -1 -3 -2],[-2  0  0 -1 -1 -1 -1 -3 -3],[-1  1  1  0 -1 -1 -1 -1 -3],[ 0  1  1  1  0  1  0 -1  0],[ 1  0  1  1 -1  0  1  1  0],[ 1  1  1  1  0 -1  0  1 -1],[ 1  3  3  1  1 -1 -1  0 -1],[ 2  2  3  3  0  0  1  1  0]]",True,"[-2,-2,-1,0,1,1,1,2,0,1,1,0,1,3,2,1,1,1,1,3,3,1,1,1,1,3,-1,0,1,0,-1,-1,0,-1,1,1]","[-2,-2,-1,0,1,1,1,2,0,0,1,0,2,2,1,0,1,0,2,3,2,0,1,1,1,0,0,1,2,2,-1,-1,0,-1,0,1]",t^8+58t^6+357t^4+157t^2+1,"[-2,-1,-1,-1,0,1,2,2,0,0,1,2,0,1,2,-1,1,1,1,2,2,1,0,1,0,0,2,1,2,3,0,1,1,0,0,0]","[-2,-2,-1,0,1,1,1,2,0,0,1,0,2,2,1,0,1,0,2,3,2,0,1,1,1,0,0,1,2,2,-1,-1,0,-1,0,1]","[-2,-1,-1,-1,0,1,2,2,0,1,1,0,3,2,3,1,1,-1,1,0,1,-1,1,1,3,3,0,1,1,1,1,1,1,1,1,0]",c,"[[{8, 7}, {2, 6}, {4, 5}, {1, 3}], [{8, 7}, {4, 6}, {2, 5}, {1, 3}], [{8, 7}, {5, 6}, {2, 4}, {1, 3}]]",1,- 8 K_1^4 + 8 K_1^3 + 20 K_1^2 K_2 - 4 K_1^2 - 12 K_1 K_2 - 10 K_1 K_3 - 4 K_2^2 + K_2 + 4 K_3 + 3 K_4 + 3,O1O2O3O4U2U1U5O6U4O7O8U7U8O5U3U6,O1O2O3U4U5U3U2O6O5U1O7O8U7U8O4U6,O1O2O3U4O5U6U7O6O7U3O8O4U2U1U8U5,c,{'O1O2O3O4U5U2O6U7U8O7O8U1O5U6U4U3'},1,"<a href=""/flatknot/8.850508"">8.850508</a>",t^9-56t^7-160t^6+62t^5+324t^4-71t^3-150t^2+40t+10,-t^2+2t,,
8.850509,O1O2O3O4U5U2O6U7U8O7O8U3O5U1U4U6,4,5z^3+39z^2+107z+99,5w^4z^3+39w^3z^2+107w^2z+99w,False,False,"[[ 0 -2 -1  0  2 -1  2 -1  1],[ 2  0  0  2  3  0  2  1  3],[ 1  0  0  1  1  0  1  1  1],[ 0 -2 -1  0  0  0  1 -1  1],[-2 -3 -1  0  0 -2  0 -3 -1],[ 1  0  0  0  2  0  2  1  1],[-2 -2 -1 -1  0 -2  0 -3 -1],[ 1 -1 -1  1  3 -1  3  0  1],[-1 -3 -1 -1  1 -1  1 -1  0]]","[[ 0  2  2  1  0 -1 -1 -1 -2],[-2  0  0 -1  0 -1 -2 -3 -3],[-2  0  0 -1 -1 -1 -2 -3 -2],[-1  1  1  0 -1 -1 -1 -1 -3],[ 0  0  1  1  0 -1  0 -1 -2],[ 1  1  1  1  1  0  0  1  0],[ 1  2  2  1  0  0  0  1  0],[ 1  3  3  1  1 -1 -1  0 -1],[ 2  3  2  3  2  0  0  1  0]]",True,"[-2,-2,-1,0,1,1,1,2,0,1,0,1,2,3,3,1,1,1,2,3,2,1,1,1,1,3,1,0,1,2,0,-1,0,-1,0,1]","[-2,-2,-1,0,1,1,1,2,0,0,1,0,1,2,2,0,2,0,1,2,1,0,1,1,1,0,0,1,0,0,-1,-1,0,0,1,1]",t^8+66t^6+305t^4+236t^2+16,"[-2,-1,-1,-1,0,1,2,2,0,1,1,0,0,1,2,1,1,0,1,0,0,0,0,1,2,2,1,1,1,1,0,2,1,0,0,0]","[-2,-2,-1,0,1,1,1,2,0,0,1,0,1,2,2,0,2,0,1,2,1,0,1,1,1,0,0,1,0,0,-1,-1,0,0,1,1]","[-2,-1,-1,-1,0,1,2,2,0,0,1,2,3,2,3,0,1,0,1,2,2,1,1,1,1,1,1,1,3,3,1,1,0,1,1,0]",c,"[[{8, 1}, {2, 7}, {3, 6}, {4, 5}], [{8, 1}, {2, 7}, {3, 6}, {5}, {4}], [{8, 1}, {2, 7}, {4, 6}, {3, 5}], [{8, 1}, {2, 7}, {5, 6}, {3, 4}], [{8, 1}, {2, 7}, {5, 6}, {4}, {3}], [{8, 1}, {2, 7}, {6}, {3, 5}, {4}], [{8, 1}, {3, 7}, {2, 6}, {4, 5}], [{8, 1}, {3, 7}, {4, 6}, {2, 5}], [{8, 1}, {3, 7}, {5, 6}, {2, 4}], [{8, 1}, {3, 7}, {5, 6}, {4}, {2}], [{8, 1}, {4, 7}, {2, 6}, {3, 5}], [{8, 1}, {4, 7}, {3, 6}, {2, 5}], [{8, 1}, {4, 7}, {3, 6}, {5}, {2}], [{8, 1}, {4, 7}, {5, 6}, {2, 3}], [{8, 1}, {4, 7}, {5, 6}, {3}, {2}], [{8, 1}, {4, 7}, {6}, {3, 5}, {2}], [{8, 1}, {5, 7}, {2, 6}, {3, 4}], [{8, 1}, {5, 7}, {3, 6}, {2, 4}], [{8, 1}, {5, 7}, {3, 6}, {4}, {2}], [{8, 1}, {5, 7}, {4, 6}, {2, 3}], [{8, 1}, {6, 7}, {2, 5}, {3, 4}], [{8, 1}, {6, 7}, {3, 5}, {2, 4}], [{8, 1}, {6, 7}, {3, 5}, {4}, {2}], [{8, 1}, {6, 7}, {4, 5}, {2, 3}], [{8, 1}, {7}, {2, 6}, {3, 5}, {4}], [{8, 1}, {7}, {3, 6}, {2, 5}, {4}], [{8, 1}, {7}, {3, 6}, {4, 5}, {2}], [{8, 1}, {7}, {3, 6}, {5}, {2, 4}], [{8, 1}, {7}, {3, 6}, {5}, {4}, {2}], [{8, 1}, {7}, {4, 6}, {3, 5}, {2}], [{8, 1}, {7}, {5, 6}, {2, 4}, {3}], [{8, 1}, {7}, {5, 6}, {3, 4}, {2}], [{8, 1}, {7}, {5, 6}, {4}, {2, 3}], [{8, 1}, {7}, {5, 6}, {4}, {3}, {2}], [{8, 1}, {7}, {6}, {3, 5}, {2, 4}], [{8, 1}, {7}, {6}, {3, 5}, {4}, {2}], [{8, 2}, {1, 7}, {3, 6}, {4, 5}], [{8, 2}, {1, 7}, {3, 6}, {5}, {4}], [{8, 2}, {1, 7}, {4, 6}, {3, 5}], [{8, 2}, {1, 7}, {4, 6}, {5}, {3}], [{8, 2}, {1, 7}, {5, 6}, {3, 4}], [{8, 2}, {1, 7}, {5, 6}, {4}, {3}], [{8, 2}, {1, 7}, {6}, {3, 5}, {4}], [{8, 2}, {1, 7}, {6}, {4, 5}, {3}], [{8, 2}, {1, 7}, {6}, {5}, {3, 4}], [{8, 2}, {3, 7}, {1, 6}, {4, 5}], [{8, 2}, {3, 7}, {4, 6}, {1, 5}], [{8, 2}, {3, 7}, {5, 6}, {1, 4}], [{8, 2}, {3, 7}, {6}, {1, 5}, {4}], [{8, 2}, {4, 7}, {1, 6}, {3, 5}], [{8, 2}, {4, 7}, {3, 6}, {1, 5}], [{8, 2}, {4, 7}, {3, 6}, {5}, {1}], [{8, 2}, {4, 7}, {5, 6}, {1, 3}], [{8, 2}, {5, 7}, {1, 6}, {3, 4}], [{8, 2}, {5, 7}, {3, 6}, {1, 4}], [{8, 2}, {5, 7}, {4, 6}, {1, 3}], [{8, 2}, {5, 7}, {6}, {4}, {1, 3}], [{8, 2}, {6, 7}, {1, 5}, {3, 4}], [{8, 2}, {6, 7}, {3, 5}, {1, 4}], [{8, 2}, {6, 7}, {4, 5}, {1, 3}], [{8, 2}, {6, 7}, {5}, {3, 4}, {1}], [{8, 2}, {7}, {1, 6}, {5}, {3, 4}], [{8, 2}, {7}, {3, 6}, {5}, {1, 4}], [{8, 3}, {1, 7}, {2, 6}, {4, 5}], [{8, 3}, {1, 7}, {4, 6}, {2, 5}], [{8, 3}, {1, 7}, {5, 6}, {2, 4}], [{8, 3}, {1, 7}, {5, 6}, {4}, {2}], [{8, 3}, {2, 7}, {1, 6}, {4, 5}], [{8, 3}, {2, 7}, {4, 6}, {1, 5}], [{8, 3}, {2, 7}, {5, 6}, {1, 4}], [{8, 3}, {2, 7}, {6}, {1, 5}, {4}], [{8, 3}, {4, 7}, {1, 6}, {2, 5}], [{8, 3}, {4, 7}, {2, 6}, {1, 5}], [{8, 3}, {4, 7}, {2, 6}, {5}, {1}], [{8, 3}, {4, 7}, {5, 6}, {1, 2}], [{8, 3}, {4, 7}, {6}, {1, 5}, {2}], [{8, 3}, {5, 7}, {1, 6}, {2, 4}], [{8, 3}, {5, 7}, {1, 6}, {4}, {2}], [{8, 3}, {5, 7}, {2, 6}, {1, 4}], [{8, 3}, {5, 7}, {4, 6}, {1, 2}], [{8, 3}, {6, 7}, {1, 5}, {2, 4}], [{8, 3}, {6, 7}, {1, 5}, {4}, {2}], [{8, 3}, {6, 7}, {2, 5}, {1, 4}], [{8, 3}, {6, 7}, {4, 5}, {1, 2}], [{8, 3}, {7}, {2, 6}, {1, 5}, {4}], [{8, 3}, {7}, {4, 6}, {1, 5}, {2}], [{8, 3}, {7}, {6}, {1, 5}, {2, 4}], [{8, 3}, {7}, {6}, {1, 5}, {4}, {2}], [{8, 4}, {1, 7}, {2, 6}, {3, 5}], [{8, 4}, {1, 7}, {3, 6}, {2, 5}], [{8, 4}, {1, 7}, {3, 6}, {5}, {2}], [{8, 4}, {1, 7}, {5, 6}, {2, 3}], [{8, 4}, {1, 7}, {5, 6}, {3}, {2}], [{8, 4}, {1, 7}, {6}, {3, 5}, {2}], [{8, 4}, {2, 7}, {1, 6}, {3, 5}], [{8, 4}, {2, 7}, {3, 6}, {1, 5}], [{8, 4}, {2, 7}, {3, 6}, {5}, {1}], [{8, 4}, {2, 7}, {5, 6}, {1, 3}], [{8, 4}, {3, 7}, {1, 6}, {2, 5}], [{8, 4}, {3, 7}, {2, 6}, {1, 5}], [{8, 4}, {3, 7}, {5, 6}, {1, 2}], [{8, 4}, {3, 7}, {6}, {1, 5}, {2}], [{8, 4}, {5, 7}, {1, 6}, {2, 3}], [{8, 4}, {5, 7}, {2, 6}, {1, 3}], [{8, 4}, {5, 7}, {3, 6}, {1, 2}], [{8, 4}, {5, 7}, {6}, {1, 3}, {2}], [{8, 4}, {6, 7}, {1, 5}, {2, 3}], [{8, 4}, {6, 7}, {2, 5}, {1, 3}], [{8, 4}, {6, 7}, {3, 5}, {1, 2}], [{8, 4}, {7}, {3, 6}, {5}, {1, 2}], [{8, 5}, {1, 7}, {2, 6}, {3, 4}], [{8, 5}, {1, 7}, {3, 6}, {2, 4}], [{8, 5}, {1, 7}, {3, 6}, {4}, {2}], [{8, 5}, {1, 7}, {4, 6}, {2, 3}], [{8, 5}, {2, 7}, {1, 6}, {3, 4}], [{8, 5}, {2, 7}, {3, 6}, {1, 4}], [{8, 5}, {2, 7}, {4, 6}, {1, 3}], [{8, 5}, {2, 7}, {6}, {4}, {1, 3}], [{8, 5}, {3, 7}, {1, 6}, {2, 4}], [{8, 5}, {3, 7}, {1, 6}, {4}, {2}], [{8, 5}, {3, 7}, {2, 6}, {1, 4}], [{8, 5}, {3, 7}, {4, 6}, {1, 2}], [{8, 5}, {4, 7}, {1, 6}, {2, 3}], [{8, 5}, {4, 7}, {2, 6}, {1, 3}], [{8, 5}, {4, 7}, {3, 6}, {1, 2}], [{8, 5}, {4, 7}, {6}, {1, 3}, {2}], [{8, 5}, {6, 7}, {1, 4}, {2, 3}], [{8, 5}, {6, 7}, {2, 4}, {1, 3}], [{8, 5}, {6, 7}, {3, 4}, {1, 2}], [{8, 5}, {6, 7}, {4}, {1, 3}, {2}], [{8, 5}, {7}, {2, 6}, {4}, {1, 3}], [{8, 5}, {7}, {4, 6}, {1, 3}, {2}], [{8, 5}, {7}, {6}, {2, 4}, {1, 3}], [{8, 5}, {7}, {6}, {4}, {1, 3}, {2}], [{8, 6}, {1, 7}, {2, 5}, {3, 4}], [{8, 6}, {1, 7}, {3, 5}, {2, 4}], [{8, 6}, {1, 7}, {3, 5}, {4}, {2}], [{8, 6}, {1, 7}, {4, 5}, {2, 3}], [{8, 6}, {2, 7}, {1, 5}, {3, 4}], [{8, 6}, {2, 7}, {3, 5}, {1, 4}], [{8, 6}, {2, 7}, {4, 5}, {1, 3}], [{8, 6}, {2, 7}, {4, 5}, {3}, {1}], [{8, 6}, {3, 7}, {1, 5}, {2, 4}], [{8, 6}, {3, 7}, {1, 5}, {4}, {2}], [{8, 6}, {3, 7}, {2, 5}, {1, 4}], [{8, 6}, {3, 7}, {2, 5}, {4}, {1}], [{8, 6}, {3, 7}, {4, 5}, {1, 2}], [{8, 6}, {3, 7}, {4, 5}, {2}, {1}], [{8, 6}, {3, 7}, {5}, {1, 4}, {2}], [{8, 6}, {3, 7}, {5}, {2, 4}, {1}], [{8, 6}, {3, 7}, {5}, {4}, {1, 2}], [{8, 6}, {3, 7}, {5}, {4}, {2}, {1}], [{8, 6}, {4, 7}, {1, 5}, {2, 3}], [{8, 6}, {4, 7}, {2, 5}, {1, 3}], [{8, 6}, {4, 7}, {3, 5}, {1, 2}], [{8, 6}, {5, 7}, {1, 4}, {2, 3}], [{8, 6}, {5, 7}, {2, 4}, {1, 3}], [{8, 6}, {5, 7}, {3, 4}, {1, 2}], [{8, 6}, {5, 7}, {4}, {1, 3}, {2}], [{8, 6}, {7}, {4, 5}, {2, 3}, {1}], [{8, 7}, {1, 6}, {2, 5}, {3, 4}], [{8, 7}, {1, 6}, {2, 5}, {4}, {3}], [{8, 7}, {1, 6}, {3, 5}, {2, 4}], [{8, 7}, {1, 6}, {3, 5}, {4}, {2}], [{8, 7}, {1, 6}, {4, 5}, {2, 3}], [{8, 7}, {1, 6}, {4, 5}, {3}, {2}], [{8, 7}, {1, 6}, {5}, {2, 4}, {3}], [{8, 7}, {1, 6}, {5}, {3, 4}, {2}], [{8, 7}, {1, 6}, {5}, {4}, {2, 3}], [{8, 7}, {1, 6}, {5}, {4}, {3}, {2}], [{8, 7}, {2, 6}, {1, 5}, {3, 4}], [{8, 7}, {2, 6}, {1, 5}, {4}, {3}], [{8, 7}, {2, 6}, {3, 5}, {1, 4}], [{8, 7}, {2, 6}, {3, 5}, {4}, {1}], [{8, 7}, {2, 6}, {4, 5}, {1, 3}], [{8, 7}, {2, 6}, {4, 5}, {3}, {1}], [{8, 7}, {2, 6}, {5}, {1, 4}, {3}], [{8, 7}, {2, 6}, {5}, {3, 4}, {1}], [{8, 7}, {2, 6}, {5}, {4}, {1, 3}], [{8, 7}, {3, 6}, {1, 5}, {2, 4}], [{8, 7}, {3, 6}, {1, 5}, {4}, {2}], [{8, 7}, {3, 6}, {2, 5}, {1, 4}], [{8, 7}, {3, 6}, {2, 5}, {4}, {1}], [{8, 7}, {3, 6}, {4, 5}, {1, 2}], [{8, 7}, {3, 6}, {4, 5}, {2}, {1}], [{8, 7}, {3, 6}, {5}, {1, 4}, {2}], [{8, 7}, {3, 6}, {5}, {2, 4}, {1}], [{8, 7}, {3, 6}, {5}, {4}, {1, 2}], [{8, 7}, {3, 6}, {5}, {4}, {2}, {1}], [{8, 7}, {4, 6}, {1, 5}, {2, 3}], [{8, 7}, {4, 6}, {1, 5}, {3}, {2}], [{8, 7}, {4, 6}, {2, 5}, {1, 3}], [{8, 7}, {4, 6}, {2, 5}, {3}, {1}], [{8, 7}, {4, 6}, {3, 5}, {1, 2}], [{8, 7}, {4, 6}, {3, 5}, {2}, {1}], [{8, 7}, {4, 6}, {5}, {1, 3}, {2}], [{8, 7}, {4, 6}, {5}, {2, 3}, {1}], [{8, 7}, {4, 6}, {5}, {3}, {1, 2}], [{8, 7}, {5, 6}, {1, 4}, {2, 3}], [{8, 7}, {5, 6}, {1, 4}, {3}, {2}], [{8, 7}, {5, 6}, {2, 4}, {1, 3}], [{8, 7}, {5, 6}, {2, 4}, {3}, {1}], [{8, 7}, {5, 6}, {3, 4}, {1, 2}], [{8, 7}, {5, 6}, {3, 4}, {2}, {1}], [{8, 7}, {5, 6}, {4}, {1, 3}, {2}], [{8, 7}, {5, 6}, {4}, {2, 3}, {1}], [{8, 7}, {5, 6}, {4}, {3}, {1, 2}], [{8, 7}, {5, 6}, {4}, {3}, {2}, {1}], [{8, 7}, {6}, {1, 5}, {2, 4}, {3}], [{8, 7}, {6}, {1, 5}, {3, 4}, {2}], [{8, 7}, {6}, {1, 5}, {4}, {2, 3}], [{8, 7}, {6}, {1, 5}, {4}, {3}, {2}], [{8, 7}, {6}, {2, 5}, {1, 4}, {3}], [{8, 7}, {6}, {2, 5}, {3, 4}, {1}], [{8, 7}, {6}, {2, 5}, {4}, {1, 3}], [{8, 7}, {6}, {3, 5}, {1, 4}, {2}], [{8, 7}, {6}, {3, 5}, {2, 4}, {1}], [{8, 7}, {6}, {3, 5}, {4}, {1, 2}], [{8, 7}, {6}, {3, 5}, {4}, {2}, {1}], [{8, 7}, {6}, {4, 5}, {1, 3}, {2}], [{8, 7}, {6}, {4, 5}, {2, 3}, {1}], [{8, 7}, {6}, {4, 5}, {3}, {1, 2}], [{8, 7}, {6}, {5}, {1, 4}, {2, 3}], [{8, 7}, {6}, {5}, {2, 4}, {1, 3}], [{8, 7}, {6}, {5}, {3, 4}, {1, 2}], [{8, 7}, {6}, {5}, {4}, {1, 3}, {2}], [{8}, {1, 7}, {2, 6}, {3, 5}, {4}], [{8}, {1, 7}, {3, 6}, {2, 5}, {4}], [{8}, {1, 7}, {3, 6}, {4, 5}, {2}], [{8}, {1, 7}, {3, 6}, {5}, {2, 4}], [{8}, {1, 7}, {3, 6}, {5}, {4}, {2}], [{8}, {1, 7}, {4, 6}, {3, 5}, {2}], [{8}, {1, 7}, {5, 6}, {2, 4}, {3}], [{8}, {1, 7}, {5, 6}, {3, 4}, {2}], [{8}, {1, 7}, {5, 6}, {4}, {2, 3}], [{8}, {1, 7}, {5, 6}, {4}, {3}, {2}], [{8}, {1, 7}, {6}, {3, 5}, {2, 4}], [{8}, {1, 7}, {6}, {3, 5}, {4}, {2}], [{8}, {2, 7}, {1, 6}, {5}, {3, 4}], [{8}, {2, 7}, {3, 6}, {5}, {1, 4}], [{8}, {3, 7}, {2, 6}, {1, 5}, {4}], [{8}, {3, 7}, {4, 6}, {1, 5}, {2}], [{8}, {3, 7}, {6}, {1, 5}, {2, 4}], [{8}, {3, 7}, {6}, {1, 5}, {4}, {2}], [{8}, {4, 7}, {3, 6}, {5}, {1, 2}], [{8}, {5, 7}, {2, 6}, {4}, {1, 3}], [{8}, {5, 7}, {4, 6}, {1, 3}, {2}], [{8}, {5, 7}, {6}, {2, 4}, {1, 3}], [{8}, {5, 7}, {6}, {4}, {1, 3}, {2}], [{8}, {6, 7}, {4, 5}, {2, 3}, {1}]]",2,12 K_1^3 + 8 K_1^2 K_2 - 20 K_1^2 - 24 K_1 K_2 - 6 K_1 K_3 + 3 K_1 - 2 K_2^2 + 9 K_2 + 9 K_3 + 2 K_4 + 10,O1O2O3O4U5U1U4O6U2O7O8U7U8O5U3U6,O1O2O3U1U4U5U2O6O4U3O7O8U7U8O5U6,O1O2O3U4O5U6U7O6O7U1O8O4U2U5U8U3,c,{'O1O2O3O4U5U2O6U7U8O7O8U3O5U1U4U6'},1,"<a href=""/flatknot/8.850509"">8.850509</a>",t^9-64t^7-170t^6+108t^5+400t^4+16t^3-166t^2-5t+8,-t^2+2t,,
8.850510,O1O2O3O4U5U2O6U7U8O7O8U3O5U1U6U4,4,8z^3+49z^2+106z+81,-2w^5z^3+10w^4z^3-2w^4z^2+51w^3z^2+106w^2z+81w,False,False,"[[ 0 -2 -1  0  3 -1  1 -1  1],[ 2  0  0  2  4  0  1  1  3],[ 1  0  0  1  1  0  0  1  1],[ 0 -2 -1  0  1  0  0 -1  1],[-3 -4 -1 -1  0 -2 -1 -4 -2],[ 1  0  0  0  2  0  1  1  1],[-1 -1  0  0  1 -1  0 -2  0],[ 1 -1 -1  1  4 -1  2  0  1],[-1 -3 -1 -1  2 -1  0 -1  0]]","[[ 0  3  1  1  0 -1 -1 -1 -2],[-3  0 -1 -2 -1 -1 -2 -4 -4],[-1  1  0  0  0  0 -1 -2 -1],[-1  2  0  0 -1 -1 -1 -1 -3],[ 0  1  0  1  0 -1  0 -1 -2],[ 1  1  0  1  1  0  0  1  0],[ 1  2  1  1  0  0  0  1  0],[ 1  4  2  1  1 -1 -1  0 -1],[ 2  4  1  3  2  0  0  1  0]]",True,"[-3,-1,-1,0,1,1,1,2,1,2,1,1,2,4,4,0,0,0,1,2,1,1,1,1,1,3,1,0,1,2,0,-1,0,-1,0,1]","[-3,-1,-1,0,1,1,1,2,0,1,2,0,2,3,1,0,0,1,1,1,0,1,0,1,2,2,0,1,0,0,-1,-1,0,0,1,1]",t^8+71t^6+309t^4+223t^2+4,"[-2,-1,-1,-1,0,1,1,3,0,1,1,0,0,2,1,1,1,0,1,0,0,0,0,1,2,3,1,1,1,2,0,1,2,0,0,1]","[-3,-1,-1,0,1,1,1,2,0,1,2,0,2,3,1,0,0,1,1,1,0,1,0,1,2,2,0,1,0,0,-1,-1,0,0,1,1]","[-2,-1,-1,-1,0,1,1,3,0,0,1,2,1,3,4,0,1,0,1,1,2,1,1,0,1,1,1,2,1,4,0,1,1,0,1,2]",c,"[[{8, 7}, {3, 6}, {4, 5}, {1, 2}], [{8, 7}, {4, 6}, {2, 5}, {1, 3}]]",1,20 K_1^3 + 4 K_1^2 K_2 - 18 K_1^2 - 18 K_1 K_2 - 4 K_1 K_3 - 6 K_1 + 9 K_2 + 4 K_3 + K_4 + 9,O1O2O3O4U1U5U4O6U2O7O8U7U8O5U3U6,O1O2O3U1U4U5U3O6O4U2O7O8U7U8O5U6,O1O2O3U4O5U6U7O6O7U2O8O4U1U5U8U3,c,{'O1O2O3O4U5U2O6U7U8O7O8U3O5U1U6U4'},1,"<a href=""/flatknot/8.850510"">8.850510</a>",t^9-67t^7-220t^6+6t^5+544t^4+410t^3+32t^2+6t+24,-t^3+t^2+t,,
8.850511,O1O2O3O4U5U2O6U7U8O7O8U3O5U6U1U4,4,5z^3+41z^2+111z+99,5w^4z^3+41w^3z^2+111w^2z+99w,False,False,"[[ 0 -1 -1  0  3 -1  0 -1  1],[ 1  0  0  1  3  0  0  0  2],[ 1  0  0  1  1  0  0  1  1],[ 0 -1 -1  0  1  0  0 -1  1],[-3 -3 -1 -1  0 -2 -1 -4 -2],[ 1  0  0  0  2  0  0  1  1],[ 0  0  0  0  1  0  0 -1  1],[ 1  0 -1  1  4 -1  1  0  1],[-1 -2 -1 -1  2 -1 -1 -1  0]]","[[ 0  3  1  0  0 -1 -1 -1 -1],[-3  0 -2 -1 -1 -1 -2 -3 -4],[-1  2  0 -1 -1 -1 -1 -2 -1],[ 0  1  1  0  0  0  0  0 -1],[ 0  1  1  0  0 -1  0 -1 -1],[ 1  1  1  0  1  0  0  0  1],[ 1  2  1  0  0  0  0  0  1],[ 1  3  2  0  1  0  0  0  0],[ 1  4  1  1  1 -1 -1  0  0]]",True,"[-3,-1,0,0,1,1,1,1,2,1,1,1,2,3,4,1,1,1,1,2,1,0,0,0,0,1,1,0,1,1,0,0,-1,0,-1,0]","[-3,-1,0,0,1,1,1,1,0,2,2,0,1,2,3,0,0,1,0,1,1,0,0,0,1,0,0,1,1,1,0,-1,-1,0,0,0]",t^8+51t^6+200t^4+152t^2+4,"[-1,-1,-1,-1,0,0,1,3,-1,0,0,0,1,1,3,0,1,0,0,1,0,0,0,1,0,1,1,1,1,2,0,0,2,0,2,0]","[-3,-1,0,0,1,1,1,1,0,2,2,0,1,2,3,0,0,1,0,1,1,0,0,0,1,0,0,1,1,1,0,-1,-1,0,0,0]","[-1,-1,-1,-1,0,0,1,3,-1,-1,0,1,1,1,4,0,0,0,0,1,2,0,0,1,1,1,0,1,2,3,0,1,1,1,1,2]",c,"[[{8, 7}, {2, 6}, {1, 5}, {3, 4}], [{8, 7}, {2, 6}, {4, 5}, {1, 3}], [{8, 7}, {3, 6}, {1, 5}, {2, 4}], [{8, 7}, {3, 6}, {2, 5}, {1, 4}], [{8, 7}, {3, 6}, {4, 5}, {1, 2}], [{8, 7}, {5, 6}, {2, 4}, {1, 3}], [{8, 7}, {5, 6}, {3, 4}, {1, 2}]]",1,8 K_1^3 + 12 K_1^2 K_2 - 16 K_1^2 - 18 K_1 K_2 - 8 K_1 K_3 + 3 K_1 - 4 K_2^2 + 6 K_2 + 7 K_3 + 3 K_4 + 8,O1O2O3O4U1U4U5O6U2O7O8U7U8O5U3U6,O1O2O3U2U4U5U3O6O4U1O7O8U7U8O5U6,O1O2O3U4O5U6U7O6O7U3O8O4U1U5U8U2,c,{'O1O2O3O4U5U2O6U7U8O7O8U3O5U6U1U4'},1,"<a href=""/flatknot/8.850511"">8.850511</a>",t^9-45t^7-116t^6+20t^5+176t^4+18t^3-80t^2+8t+18,-t^3+3t,,
8.850512,O1O2O3O4U5U2O6U7U8O7O8U6O5U1U3U4,4,8z^3+42z^2+71z+39,8w^4z^3+42w^3z^2+71w^2z+39w,False,False,"[[ 0 -2 -1  1  3 -1  0 -1  1],[ 2  0  1  2  3  1  0  1  3],[ 1 -1  0  0  1  1  0  1  1],[-1 -2  0  0  1 -1  0 -2  0],[-3 -3 -1 -1  0 -3  0 -4 -2],[ 1 -1 -1  1  3  0  0  1  1],[ 0  0  0  0  0  0  0 -1  1],[ 1 -1 -1  2  4 -1  1  0  1],[-1 -3 -1  0  2 -1 -1 -1  0]]","[[ 0  3  1  1  0 -1 -1 -1 -2],[-3  0 -1 -2  0 -1 -3 -4 -3],[-1  1  0  0  0  0 -1 -2 -2],[-1  2  0  0 -1 -1 -1 -1 -3],[ 0  0  0  1  0  0  0 -1  0],[ 1  1  0  1  0  0  1  1 -1],[ 1  3  1  1  0 -1  0  1 -1],[ 1  4  2  1  1 -1 -1  0 -1],[ 2  3  2  3  0  1  1  1  0]]",True,"[-3,-1,-1,0,1,1,1,2,1,2,0,1,3,4,3,0,0,0,1,2,2,1,1,1,1,3,0,0,1,0,-1,-1,1,-1,1,1]","[-3,-1,-1,0,1,1,1,2,0,1,3,0,1,3,2,0,0,1,1,1,0,1,0,1,2,1,0,1,1,2,-1,-1,0,-1,0,0]",t^8+69t^6+403t^4+243t^2+4,"[-2,-1,-1,-1,0,1,1,3,0,0,0,2,0,1,2,-1,-1,1,1,2,3,-1,1,1,1,1,0,1,0,0,0,1,3,0,0,1]","[-3,-1,-1,0,1,1,1,2,0,1,3,0,1,3,2,0,0,1,1,1,0,1,0,1,2,1,0,1,1,2,-1,-1,0,-1,0,0]","[-2,-1,-1,-1,0,1,1,3,1,1,1,0,2,3,3,-1,-1,1,2,1,4,-1,0,1,1,3,0,0,1,1,0,1,0,0,1,2]",c,"[[{8, 7}, {1, 6}, {3, 5}, {2, 4}], [{8, 7}, {2, 6}, {3, 5}, {1, 4}], [{8, 7}, {4, 6}, {3, 5}, {1, 2}], [{8, 7}, {6}, {3, 5}, {1, 4}, {2}], [{8, 7}, {6}, {3, 5}, {2, 4}, {1}], [{8, 7}, {6}, {3, 5}, {4}, {1, 2}]]",1,- 8 K_1^4 + 8 K_1^2 K_2 - 2 K_1 K_2 - 2 K_1 K_3 + K_1 + K_2 + K_3 + 2,O1O2O3O4U1U2U4O5U6O7O8U7U8O6U3U5,O1O2O3U1U4U2U3O5O4U6O7O8U7U8O6U5,O1O2O3U4O5U6U7O6O7U5O8O4U1U2U8U3,c,{'O1O2O3O4U5U2O6U7U8O7O8U6O5U1U3U4'},1,"<a href=""/flatknot/8.850512"">8.850512</a>",t^9-65t^7-238t^6-112t^5+302t^4+221t^3-100t^2-79t+2,-t^3+t^2+t,,
8.850513,O1O2O3O4U5U2O6U7U8O7O8U6O5U1U4U3,3,16z^2+51z+39,-12w^4z^2+28w^3z^2-6w^3z+57w^2z+39w,False,False,"[[ 0 -2 -1  2  2 -1  0 -1  1],[ 2  0  1  3  2  1  0  1  3],[ 1 -1  0  1  0  1  0  1  1],[-2 -3 -1  0  0 -2  0 -3 -1],[-2 -2  0  0  0 -2  0 -3 -1],[ 1 -1 -1  2  2  0  0  1  1],[ 0  0  0  0  0  0  0 -1  1],[ 1 -1 -1  3  3 -1  1  0  1],[-1 -3 -1  1  1 -1 -1 -1  0]]","[[ 0  2  2  1  0 -1 -1 -1 -2],[-2  0  0 -1  0  0 -2 -3 -2],[-2  0  0 -1  0 -1 -2 -3 -3],[-1  1  1  0 -1 -1 -1 -1 -3],[ 0  0  0  1  0  0  0 -1  0],[ 1  0  1  1  0  0  1  1 -1],[ 1  2  2  1  0 -1  0  1 -1],[ 1  3  3  1  1 -1 -1  0 -1],[ 2  2  3  3  0  1  1  1  0]]",True,"[-2,-2,-1,0,1,1,1,2,0,1,0,0,2,3,2,1,0,1,2,3,3,1,1,1,1,3,0,0,1,0,-1,-1,1,-1,1,1]","[-2,-2,-1,0,1,1,1,2,0,0,2,0,1,2,1,0,2,0,1,3,2,0,1,1,1,0,0,1,1,2,-1,-1,0,-1,0,0]",t^8+62t^6+369t^4+272t^2,"[-2,-1,-1,-1,0,1,2,2,0,0,0,2,0,1,2,-1,-1,1,1,2,3,-1,1,1,1,1,0,1,0,0,0,2,2,0,0,0]","[-2,-2,-1,0,1,1,1,2,0,0,2,0,1,2,1,0,2,0,1,3,2,0,1,1,1,0,0,1,1,2,-1,-1,0,-1,0,0]","[-2,-1,-1,-1,0,1,2,2,1,1,1,0,3,2,3,-1,-1,1,1,3,3,-1,0,1,2,2,0,1,0,1,1,0,0,1,1,0]",c,"[[{8, 3}, {6, 7}, {1, 5}, {2, 4}], [{8, 6}, {3, 7}, {1, 5}, {2, 4}], [{8, 6}, {7}, {1, 5}, {2, 4}, {3}], [{8, 7}, {3, 6}, {1, 5}, {2, 4}], [{8, 7}, {6}, {1, 5}, {2, 4}, {3}], [{8}, {6, 7}, {1, 5}, {2, 4}, {3}]]",1,- 8 K_1^4 + 12 K_1^2 K_2 + 2 K_1^2 - 4 K_1 K_3 - 2 K_2^2 - K_2 + K_4 + 1,O1O2O3O4U2U1U4O5U6O7O8U7U8O6U3U5,O1O2O3U1U4U3U2O5O4U6O7O8U7U8O6U5,O1O2O3U4O5U6U7O6O7U5O8O4U2U1U8U3,c,{'O1O2O3O4U5U2O6U7U8O7O8U6O5U1U4U3'},1,"<a href=""/flatknot/8.850513"">8.850513</a>",t^9-60t^7-186t^6-16t^5+224t^4+73t^3-36t^2-32t-8,-t^2+2t,,
8.850514,O1O2O3O4U5U2O6U7U8O7O8U6O5U3U1U4,3,12z^2+43z+39,12w^3z^2+43w^2z+39w,False,False,"[[ 0 -1 -1  0  3 -1  0 -1  1],[ 1  0  0  1  3  0  0  0  2],[ 1  0  0  0  1  1  0  1  1],[ 0 -1  0  0  1  0  0 -1  1],[-3 -3 -1 -1  0 -3  0 -4 -2],[ 1  0 -1  0  3  0  0  1  1],[ 0  0  0  0  0  0  0 -1  1],[ 1  0 -1  1  4 -1  1  0  1],[-1 -2 -1 -1  2 -1 -1 -1  0]]","[[ 0  3  1  0  0 -1 -1 -1 -1],[-3  0 -2  0 -1 -1 -3 -3 -4],[-1  2  0 -1 -1 -1 -1 -2 -1],[ 0  0  1  0  0  0  0  0 -1],[ 0  1  1  0  0  0  0 -1 -1],[ 1  1  1  0  0  0  1  0  1],[ 1  3  1  0  0 -1  0  0  1],[ 1  3  2  0  1  0  0  0  0],[ 1  4  1  1  1 -1 -1  0  0]]",True,"[-3,-1,0,0,1,1,1,1,2,0,1,1,3,3,4,1,1,1,1,2,1,0,0,0,0,1,0,0,1,1,-1,0,-1,0,-1,0]","[-3,-1,0,0,1,1,1,1,0,2,3,0,1,1,3,0,0,1,0,1,1,0,0,0,1,1,0,1,1,1,0,-1,-1,0,0,-1]",t^8+55t^6+259t^4+105t^2,"[-1,-1,-1,-1,0,0,1,3,-1,-1,0,1,1,1,3,-1,0,1,1,1,1,0,0,0,1,0,0,1,0,1,0,0,2,0,3,0]","[-3,-1,0,0,1,1,1,1,0,2,3,0,1,1,3,0,0,1,0,1,1,0,0,0,1,1,0,1,1,1,0,-1,-1,0,0,-1]","[-1,-1,-1,-1,0,0,1,3,-1,-1,0,1,1,1,4,-1,0,0,0,1,3,0,0,0,1,1,0,1,2,3,0,1,0,1,1,2]",c,"[[{8, 7}, {2, 6}, {3, 5}, {1, 4}], [{8, 7}, {2, 6}, {5}, {1, 4}, {3}], [{8, 7}, {3, 6}, {1, 5}, {2, 4}], [{8, 7}, {3, 6}, {2, 5}, {1, 4}], [{8, 7}, {3, 6}, {4, 5}, {1, 2}], [{8, 7}, {3, 6}, {5}, {1, 4}, {2}], [{8, 7}, {5, 6}, {1, 4}, {2, 3}], [{8, 7}, {5, 6}, {1, 4}, {3}, {2}], [{8, 7}, {6}, {1, 5}, {2, 4}, {3}], [{8, 7}, {6}, {2, 5}, {1, 4}, {3}], [{8, 7}, {6}, {3, 5}, {1, 4}, {2}], [{8, 7}, {6}, {4, 5}, {3}, {1, 2}], [{8, 7}, {6}, {5}, {1, 4}, {2, 3}], [{8, 7}, {6}, {5}, {1, 4}, {3}, {2}]]",1,8 K_1^3 + 4 K_1^2 K_2 - 4 K_1^2 - 10 K_1 K_2 - 4 K_1 K_3 - K_1 + 2 K_2 + 3 K_3 + K_4 + 2,O1O2O3O4U1U4U2O5U6O7O8U7U8O6U3U5,O1O2O3U2U4U1U3O5O4U6O7O8U7U8O6U5,O1O2O3U4O5U6U7O6O7U5O8O4U1U3U8U2,c,"{'O1O2O3O4U5U2O6U7U8O7O8U6O5U3U1U4', 'O1O2O3O4U3U5O6U7U8O7O8U6U2O5U1U4'}",2,"<a href=""/flatknot/8.850514"">8.850514</a>",t^9-49t^7-122t^6+49t^5+266t^4+135t^3-16t^2-40t,-t^3+3t,,
8.850515,O1O2O3O4U5U2O6U7U1O8O7U3O5U6U8U4,3,6z^2+43z+63,6w^3z^2+43w^2z+63w,False,False,"[[ 0 -1 -1  0  3 -1  0  0  0],[ 1  0  0  1  2  0  0  1  0],[ 1  0  0  1  1  0  0  1  0],[ 0 -1 -1  0  2  0  0  0  0],[-3 -2 -1 -2  0 -1 -2 -2 -1],[ 1  0  0  0  1  0  0  1  0],[ 0  0  0  0  2  0  0  0  0],[ 0 -1 -1  0  2 -1  0  0  0],[ 0  0  0  0  1  0  0  0  0]]","[[ 0  3  0  0 -1 -1 -1],[-3  0 -2 -2 -1 -1 -2],[ 0  2  0  0  0  0  0],[ 0  2  0  0  0 -1 -1],[ 1  1  0  0  0  0  0],[ 1  1  0  1  0  0  0],[ 1  2  0  1  0  0  0]]",False,"[-3,0,0,1,1,1,2,2,1,1,2,0,0,0,0,0,1,1,0,0,0]","[-3,0,0,1,1,1,1,1,2,3,3,0,0,0,1,1,1,1,0,0,0]",t^6+16t^4+11t^2,"[-1,-1,-1,0,0,3,0,0,0,1,2,0,0,1,3,1,1,3,0,1,1]","[-3,0,0,1,1,1,1,1,2,3,3,0,0,0,1,1,1,1,0,0,0]","[-1,-1,-1,0,0,3,0,0,0,0,1,0,0,1,1,0,1,2,0,2,2]",c,"[[{8, 7}, {4, 6}, {1, 5}, {2, 3}], [{8, 7}, {5, 6}, {2, 4}, {1, 3}]]",1,- 12 K_1^2 - 14 K_1 K_2 + 7 K_1 + 6 K_2 + 7 K_3 + 7,O1O2O3O4U1U5U6O7U2O8O5U4U8O6U3U7,O1O2O3U4U5U6U3O7O5U1O8O4U2U8O6U7,O1O2O3U4O5U6U2O7O6U3O8O4U1U5U8U7,c,"{'O1O2O3O4U5U6U1O7O6U2O8U3O5U8U7U4', 'O1O2O3O4U5U2U6O7U1O6O8U3O5U8U7U4', 'O1O2O3O4U5U2O6U7U1O8O7U3O5U6U8U4'}",3,"<a href=""/flatknot/8.850515"">8.850515</a>",t^7-10t^5-12t^4+21t^3+4t^2-9t,-t^3+3t,,
8.850516,O1O2O3O4U5U2O6U7U1O8O7U3O5U8U4U6,4,19z^2+104z+133,19w^3z^2+104w^2z+133w,False,False,"[[ 0 -1 -1  0  2 -1  2  0 -1],[ 1  0  0  1  1  0  1  1 -1],[ 1  0  0  1  1  0  1  1  0],[ 0 -1 -1  0  1  0  2  0 -1],[-2 -1 -1 -1  0 -1  0 -1 -2],[ 1  0  0  0  1  0  1  1  0],[-2 -1 -1 -2  0 -1  0 -1 -1],[ 0 -1 -1  0  1 -1  1  0 -1],[ 1  1  0  1  2  0  1  1  0]]","[[ 0  2  2  0  0 -1 -1 -1 -1],[-2  0  0 -1 -1 -1 -1 -1 -2],[-2  0  0 -1 -2 -1 -1 -1 -1],[ 0  1  1  0  0 -1 -1 -1 -1],[ 0  1  2  0  0  0 -1 -1 -1],[ 1  1  1  1  0  0  0  0  0],[ 1  1  1  1  1  0  0  0  0],[ 1  1  1  1  1  0  0  0 -1],[ 1  2  1  1  1  0  0  1  0]]",True,"[-2,-2,0,0,1,1,1,1,0,1,1,1,1,1,2,1,2,1,1,1,1,0,1,1,1,1,0,1,1,1,0,0,0,0,0,1]","[-2,-2,0,0,1,1,1,1,0,0,1,2,2,2,2,1,1,1,2,2,2,0,0,0,0,1,0,0,0,0,0,1,0,0,0,0]",t^8+26t^6+57t^4+24t^2,"[-1,-1,-1,-1,0,0,2,2,-1,0,0,0,0,1,2,0,0,0,0,2,2,0,0,0,2,2,0,1,2,2,0,1,1,1,0,0]","[-2,-2,0,0,1,1,1,1,0,0,1,2,2,2,2,1,1,1,2,2,2,0,0,0,0,1,0,0,0,0,0,1,0,0,0,0]","[-1,-1,-1,-1,0,0,2,2,-1,0,0,1,1,1,1,0,0,1,1,1,2,0,0,1,1,1,1,1,1,1,0,2,1,1,1,0]",c,"[[{8, 7}, {1, 6}, {4, 5}, {2, 3}], [{8, 7}, {1, 6}, {4, 5}, {3}, {2}]]",1,- 16 K_1^2 - 16 K_1 K_2 + 8 K_1 + 8 K_2 + 8 K_3 + 9,O1O2O3O4U5U1U6O7U2O8O6U4U8O5U3U7,O1O2O3U4U5U6U2O7O5U3O8O4U1U8O6U7,O1O2O3U4O5U6U3O7O6U1O8O4U2U5U8U7,c,{'O1O2O3O4U5U2O6U7U1O8O7U3O5U8U4U6'},1,"<a href=""/flatknot/8.850516"">8.850516</a>",t^9-22t^7-50t^6-7t^5+58t^4+44t^3-4t^2-24t,-2t^2+4t,,
8.850517,O1O2O3O4U5U2O6U7U1O8O7U3O5U8U6U4,4,5z^3+37z^2+99z+91,5w^4z^3+37w^3z^2+99w^2z+91w,False,False,"[[ 0 -1 -1  0  3 -1  1  0 -1],[ 1  0  0  1  2  0  0  1 -1],[ 1  0  0  1  1  0  0  1  0],[ 0 -1 -1  0  2  0  1  0 -1],[-3 -2 -1 -2  0 -1 -1 -2 -2],[ 1  0  0  0  1  0  0  1  0],[-1  0  0 -1  1  0  0  0 -1],[ 0 -1 -1  0  2 -1  0  0 -1],[ 1  1  0  1  2  0  1  1  0]]","[[ 0  3  1  0  0 -1 -1 -1 -1],[-3  0 -1 -2 -2 -1 -1 -2 -2],[-1  1  0  0 -1  0  0  0 -1],[ 0  2  0  0  0 -1 -1 -1 -1],[ 0  2  1  0  0  0 -1 -1 -1],[ 1  1  0  1  0  0  0  0  0],[ 1  1  0  1  1  0  0  0  0],[ 1  2  0  1  1  0  0  0 -1],[ 1  2  1  1  1  0  0  1  0]]",True,"[-3,-1,0,0,1,1,1,1,1,2,2,1,1,2,2,0,1,0,0,0,1,0,1,1,1,1,0,1,1,1,0,0,0,0,0,1]","[-3,-1,0,0,1,1,1,1,1,1,1,2,2,3,3,0,1,1,2,2,2,0,0,0,0,1,0,0,0,0,1,0,0,0,0,0]",t^8+29t^6+67t^4+31t^2,"[-1,-1,-1,-1,0,0,1,3,-1,0,0,0,0,1,2,0,0,0,0,2,2,0,0,0,2,3,0,1,2,3,0,1,1,0,1,1]","[-3,-1,0,0,1,1,1,1,1,1,1,2,2,3,3,0,1,1,2,2,2,0,0,0,0,1,0,0,0,0,1,0,0,0,0,0]","[-1,-1,-1,-1,0,0,1,3,-1,0,0,1,1,0,2,0,0,1,1,1,2,0,0,1,0,1,1,1,0,1,0,1,2,0,2,1]",c,"[[{8, 1}, {2, 7}, {3, 6}, {4, 5}], [{8, 1}, {2, 7}, {4, 6}, {3, 5}], [{8, 1}, {2, 7}, {5, 6}, {3, 4}], [{8, 1}, {2, 7}, {6}, {4, 5}, {3}], [{8, 1}, {3, 7}, {2, 6}, {4, 5}], [{8, 1}, {3, 7}, {4, 6}, {2, 5}], [{8, 1}, {3, 7}, {5, 6}, {2, 4}], [{8, 1}, {4, 7}, {2, 6}, {3, 5}], [{8, 1}, {4, 7}, {3, 6}, {2, 5}], [{8, 1}, {4, 7}, {5, 6}, {2, 3}], [{8, 1}, {5, 7}, {2, 6}, {3, 4}], [{8, 1}, {5, 7}, {3, 6}, {2, 4}], [{8, 1}, {5, 7}, {4, 6}, {2, 3}], [{8, 1}, {5, 7}, {6}, {3, 4}, {2}], [{8, 1}, {6, 7}, {2, 5}, {3, 4}], [{8, 1}, {6, 7}, {3, 5}, {2, 4}], [{8, 1}, {6, 7}, {4, 5}, {2, 3}], [{8, 1}, {6, 7}, {4, 5}, {3}, {2}], [{8, 1}, {7}, {2, 6}, {4, 5}, {3}], [{8, 1}, {7}, {3, 6}, {2, 5}, {4}], [{8, 1}, {7}, {4, 6}, {3, 5}, {2}], [{8, 2}, {1, 7}, {3, 6}, {4, 5}], [{8, 2}, {1, 7}, {4, 6}, {3, 5}], [{8, 2}, {1, 7}, {5, 6}, {3, 4}], [{8, 2}, {1, 7}, {6}, {4, 5}, {3}], [{8, 2}, {3, 7}, {1, 6}, {4, 5}], [{8, 2}, {3, 7}, {4, 6}, {1, 5}], [{8, 2}, {3, 7}, {5, 6}, {1, 4}], [{8, 2}, {4, 7}, {1, 6}, {3, 5}], [{8, 2}, {4, 7}, {3, 6}, {1, 5}], [{8, 2}, {4, 7}, {5, 6}, {1, 3}], [{8, 2}, {4, 7}, {6}, {3, 5}, {1}], [{8, 2}, {5, 7}, {1, 6}, {3, 4}], [{8, 2}, {5, 7}, {3, 6}, {1, 4}], [{8, 2}, {5, 7}, {4, 6}, {1, 3}], [{8, 2}, {6, 7}, {1, 5}, {3, 4}], [{8, 2}, {6, 7}, {3, 5}, {1, 4}], [{8, 2}, {6, 7}, {4, 5}, {1, 3}], [{8, 2}, {6, 7}, {4, 5}, {3}, {1}], [{8, 2}, {7}, {1, 6}, {4, 5}, {3}], [{8, 3}, {1, 7}, {2, 6}, {4, 5}], [{8, 3}, {1, 7}, {4, 6}, {2, 5}], [{8, 3}, {1, 7}, {5, 6}, {2, 4}], [{8, 3}, {2, 7}, {1, 6}, {4, 5}], [{8, 3}, {2, 7}, {4, 6}, {1, 5}], [{8, 3}, {2, 7}, {5, 6}, {1, 4}], [{8, 3}, {2, 7}, {5, 6}, {4}, {1}], [{8, 3}, {4, 7}, {1, 6}, {2, 5}], [{8, 3}, {4, 7}, {2, 6}, {1, 5}], [{8, 3}, {4, 7}, {5, 6}, {1, 2}], [{8, 3}, {4, 7}, {6}, {2, 5}, {1}], [{8, 3}, {5, 7}, {1, 6}, {2, 4}], [{8, 3}, {5, 7}, {2, 6}, {1, 4}], [{8, 3}, {5, 7}, {2, 6}, {4}, {1}], [{8, 3}, {5, 7}, {4, 6}, {1, 2}], [{8, 3}, {6, 7}, {1, 5}, {2, 4}], [{8, 3}, {6, 7}, {2, 5}, {1, 4}], [{8, 3}, {6, 7}, {4, 5}, {1, 2}], [{8, 3}, {6, 7}, {4, 5}, {2}, {1}], [{8, 3}, {7}, {1, 6}, {5}, {2, 4}], [{8, 3}, {7}, {6}, {4, 5}, {1, 2}], [{8, 4}, {1, 7}, {2, 6}, {3, 5}], [{8, 4}, {1, 7}, {3, 6}, {2, 5}], [{8, 4}, {1, 7}, {5, 6}, {2, 3}], [{8, 4}, {1, 7}, {6}, {2, 5}, {3}], [{8, 4}, {2, 7}, {1, 6}, {3, 5}], [{8, 4}, {2, 7}, {3, 6}, {1, 5}], [{8, 4}, {2, 7}, {5, 6}, {1, 3}], [{8, 4}, {2, 7}, {6}, {1, 5}, {3}], [{8, 4}, {3, 7}, {1, 6}, {2, 5}], [{8, 4}, {3, 7}, {2, 6}, {1, 5}], [{8, 4}, {3, 7}, {5, 6}, {1, 2}], [{8, 4}, {3, 7}, {5, 6}, {2}, {1}], [{8, 4}, {5, 7}, {1, 6}, {2, 3}], [{8, 4}, {5, 7}, {2, 6}, {1, 3}], [{8, 4}, {5, 7}, {3, 6}, {1, 2}], [{8, 4}, {5, 7}, {3, 6}, {2}, {1}], [{8, 4}, {6, 7}, {1, 5}, {2, 3}], [{8, 4}, {6, 7}, {1, 5}, {3}, {2}], [{8, 4}, {6, 7}, {2, 5}, {1, 3}], [{8, 4}, {6, 7}, {2, 5}, {3}, {1}], [{8, 4}, {6, 7}, {3, 5}, {1, 2}], [{8, 4}, {6, 7}, {3, 5}, {2}, {1}], [{8, 4}, {6, 7}, {5}, {1, 3}, {2}], [{8, 4}, {6, 7}, {5}, {2, 3}, {1}], [{8, 4}, {6, 7}, {5}, {3}, {1, 2}], [{8, 4}, {6, 7}, {5}, {3}, {2}, {1}], [{8, 4}, {7}, {1, 6}, {2, 5}, {3}], [{8, 4}, {7}, {2, 6}, {1, 5}, {3}], [{8, 5}, {1, 7}, {2, 6}, {3, 4}], [{8, 5}, {1, 7}, {3, 6}, {2, 4}], [{8, 5}, {1, 7}, {3, 6}, {4}, {2}], [{8, 5}, {1, 7}, {4, 6}, {2, 3}], [{8, 5}, {1, 7}, {6}, {2, 4}, {3}], [{8, 5}, {2, 7}, {1, 6}, {3, 4}], [{8, 5}, {2, 7}, {3, 6}, {1, 4}], [{8, 5}, {2, 7}, {4, 6}, {1, 3}], [{8, 5}, {2, 7}, {6}, {1, 4}, {3}], [{8, 5}, {2, 7}, {6}, {3, 4}, {1}], [{8, 5}, {2, 7}, {6}, {4}, {1, 3}], [{8, 5}, {3, 7}, {1, 6}, {2, 4}], [{8, 5}, {3, 7}, {1, 6}, {4}, {2}], [{8, 5}, {3, 7}, {2, 6}, {1, 4}], [{8, 5}, {3, 7}, {4, 6}, {1, 2}], [{8, 5}, {3, 7}, {6}, {2, 4}, {1}], [{8, 5}, {4, 7}, {1, 6}, {2, 3}], [{8, 5}, {4, 7}, {2, 6}, {1, 3}], [{8, 5}, {4, 7}, {3, 6}, {1, 2}], [{8, 5}, {4, 7}, {6}, {1, 3}, {2}], [{8, 5}, {6, 7}, {1, 4}, {2, 3}], [{8, 5}, {6, 7}, {1, 4}, {3}, {2}], [{8, 5}, {6, 7}, {2, 4}, {1, 3}], [{8, 5}, {6, 7}, {2, 4}, {3}, {1}], [{8, 5}, {6, 7}, {3, 4}, {1, 2}], [{8, 5}, {6, 7}, {3, 4}, {2}, {1}], [{8, 5}, {6, 7}, {4}, {1, 3}, {2}], [{8, 5}, {6, 7}, {4}, {2, 3}, {1}], [{8, 5}, {6, 7}, {4}, {3}, {1, 2}], [{8, 5}, {6, 7}, {4}, {3}, {2}, {1}], [{8, 5}, {7}, {1, 6}, {2, 4}, {3}], [{8, 5}, {7}, {2, 6}, {1, 4}, {3}], [{8, 5}, {7}, {2, 6}, {3, 4}, {1}], [{8, 5}, {7}, {2, 6}, {4}, {1, 3}], [{8, 5}, {7}, {3, 6}, {2, 4}, {1}], [{8, 5}, {7}, {4, 6}, {1, 3}, {2}], [{8, 5}, {7}, {6}, {2, 4}, {1, 3}], [{8, 5}, {7}, {6}, {4}, {1, 3}, {2}], [{8, 6}, {1, 7}, {2, 5}, {3, 4}], [{8, 6}, {1, 7}, {3, 5}, {2, 4}], [{8, 6}, {1, 7}, {4, 5}, {2, 3}], [{8, 6}, {1, 7}, {4, 5}, {3}, {2}], [{8, 6}, {2, 7}, {1, 5}, {3, 4}], [{8, 6}, {2, 7}, {3, 5}, {1, 4}], [{8, 6}, {2, 7}, {4, 5}, {1, 3}], [{8, 6}, {2, 7}, {4, 5}, {3}, {1}], [{8, 6}, {3, 7}, {1, 5}, {2, 4}], [{8, 6}, {3, 7}, {2, 5}, {1, 4}], [{8, 6}, {3, 7}, {2, 5}, {4}, {1}], [{8, 6}, {3, 7}, {4, 5}, {1, 2}], [{8, 6}, {4, 7}, {1, 5}, {2, 3}], [{8, 6}, {4, 7}, {2, 5}, {1, 3}], [{8, 6}, {4, 7}, {3, 5}, {1, 2}], [{8, 6}, {5, 7}, {1, 4}, {2, 3}], [{8, 6}, {5, 7}, {2, 4}, {1, 3}], [{8, 6}, {5, 7}, {3, 4}, {1, 2}], [{8, 6}, {7}, {1, 5}, {2, 4}, {3}], [{8, 6}, {7}, {2, 5}, {1, 4}, {3}], [{8, 6}, {7}, {4, 5}, {3}, {1, 2}], [{8, 7}, {1, 6}, {2, 5}, {3, 4}], [{8, 7}, {1, 6}, {3, 5}, {2, 4}], [{8, 7}, {1, 6}, {4, 5}, {2, 3}], [{8, 7}, {1, 6}, {4, 5}, {3}, {2}], [{8, 7}, {2, 6}, {1, 5}, {3, 4}], [{8, 7}, {2, 6}, {3, 5}, {1, 4}], [{8, 7}, {2, 6}, {4, 5}, {1, 3}], [{8, 7}, {2, 6}, {4, 5}, {3}, {1}], [{8, 7}, {3, 6}, {1, 5}, {2, 4}], [{8, 7}, {3, 6}, {2, 5}, {1, 4}], [{8, 7}, {3, 6}, {4, 5}, {1, 2}], [{8, 7}, {4, 6}, {1, 5}, {2, 3}], [{8, 7}, {4, 6}, {2, 5}, {1, 3}], [{8, 7}, {4, 6}, {3, 5}, {1, 2}], [{8, 7}, {4, 6}, {5}, {1, 3}, {2}], [{8, 7}, {5, 6}, {1, 4}, {2, 3}], [{8, 7}, {5, 6}, {2, 4}, {1, 3}], [{8, 7}, {5, 6}, {3, 4}, {1, 2}], [{8, 7}, {5, 6}, {4}, {2, 3}, {1}], [{8, 7}, {6}, {3, 5}, {1, 4}, {2}], [{8, 7}, {6}, {4, 5}, {3}, {1, 2}], [{8}, {1, 7}, {2, 6}, {4, 5}, {3}], [{8}, {1, 7}, {5, 6}, {3, 4}, {2}], [{8}, {2, 7}, {1, 6}, {4, 5}, {3}], [{8}, {3, 7}, {2, 6}, {5}, {1, 4}], [{8}, {3, 7}, {6}, {4, 5}, {1, 2}], [{8}, {4, 7}, {1, 6}, {5}, {2, 3}], [{8}, {4, 7}, {3, 6}, {1, 5}, {2}], [{8}, {5, 7}, {4, 6}, {1, 3}, {2}], [{8}, {6, 7}, {4, 5}, {1, 3}, {2}], [{8}, {6, 7}, {4, 5}, {2, 3}, {1}], [{8}, {6, 7}, {4, 5}, {3}, {1, 2}], [{8}, {6, 7}, {4, 5}, {3}, {2}, {1}], [{8}, {7}, {1, 6}, {3, 5}, {2, 4}], [{8}, {7}, {3, 6}, {4, 5}, {1, 2}], [{8}, {7}, {4, 6}, {1, 5}, {2, 3}], [{8}, {7}, {6}, {4, 5}, {3}, {1, 2}]]",2,- 8 K_1^4 + 4 K_1^3 + 8 K_1^2 K_2 - 20 K_1^2 - 10 K_1 K_2 + 2 K_1 - 2 K_2^2 + 10 K_2 + 4 K_3 + 13,O1O2O3O4U1U5U6O7U2O8O6U4U8O5U3U7,O1O2O3U4U5U6U3O7O5U2O8O4U1U8O6U7,O1O2O3U4O5U6U3O7O6U2O8O4U1U5U8U7,c,{'O1O2O3O4U5U2O6U7U1O8O7U3O5U8U6U4'},1,"<a href=""/flatknot/8.850517"">8.850517</a>",t^9-23t^7-62t^6-29t^5+64t^4+82t^3+36t^2-t-6,-t^3+3t,,
8.850518,O1O2O3O4U5U2O6U7U1O8O7U8O5U3U4U6,3,11z^2+56z+69,11w^3z^2+56w^2z+69w,False,False,"[[ 0 -1 -1  0  2 -1  2  0 -1],[ 1  0  0  0  1  1  1  1 -1],[ 1  0  0  0  1  1  1  1  0],[ 0  0  0  0  1  0  1  1 -1],[-2 -1 -1 -1  0 -2  0 -1 -1],[ 1 -1 -1  0  2  0  2  0  0],[-2 -1 -1 -1  0 -2  0 -1 -1],[ 0 -1 -1 -1  1  0  1  0 -1],[ 1  1  0  1  1  0  1  1  0]]","[[ 0  2  2  0  0 -1 -1 -1 -1],[-2  0  0 -1 -1 -1 -1 -1 -2],[-2  0  0 -1 -1 -1 -1 -1 -2],[ 0  1  1  0  1  0  0 -1  0],[ 0  1  1 -1  0 -1 -1 -1  0],[ 1  1  1  0  1  0  0  0  1],[ 1  1  1  0  1  0  0 -1  1],[ 1  1  1  1  1  0  1  0  0],[ 1  2  2  0  0 -1 -1  0  0]]",True,"[-2,-2,0,0,1,1,1,1,0,1,1,1,1,1,2,1,1,1,1,1,2,-1,0,0,1,0,1,1,1,0,0,0,-1,1,-1,0]","[-2,-2,0,0,1,1,1,1,0,1,1,1,1,1,2,1,1,1,1,1,2,-1,0,0,1,0,1,1,1,0,0,0,-1,1,-1,0]",t^8+26t^6+69t^4+9t^2,"[-1,-1,-1,-1,0,0,2,2,-1,0,0,0,0,2,2,-1,0,0,1,2,2,1,1,1,1,1,0,1,2,2,1,1,1,1,1,0]","[-2,-2,0,0,1,1,1,1,0,1,1,1,2,2,2,1,1,1,2,2,2,-1,1,0,0,0,1,0,1,1,0,-1,-1,0,1,0]","[-1,-1,-1,-1,0,0,2,2,-1,-1,0,0,0,2,2,0,-1,0,1,1,1,0,0,1,1,1,1,1,1,1,1,1,1,1,1,0]",c,"[[{8, 5}, {3, 7}, {4, 6}, {1, 2}], [{8, 5}, {3, 7}, {6}, {4}, {1, 2}]]",1,12 K_1^3 - 12 K_1^2 - 16 K_1 K_2 - K_1 + 6 K_2 + 5 K_3 + 7,O1O2O3O4U5U1U2O6U7O8O7U4U8O5U3U6,O1O2O3U4U5U1U2O6O5U3O7O4U8U7O8U6,O1O2O3U4O5U6U5O7O6U1O8O4U2U3U8U7,c,"{'O1O2O3O4U5U2O6U7U1O8O7U8O5U3U4U6', 'O1O2O3O4U3U5O6U7U1O8O7U8U2O5U4U6'}",2,"<a href=""/flatknot/8.850518"">8.850518</a>",t^9-22t^7-50t^6+7t^5+88t^4+40t^3-2t^2-8t,-2t^2+4t,,
8.850519,O1O2O3O4U5U2O6U7U1O8O7U8O5U6U3U4,4,5z^3+36z^2+98z+93,5w^4z^3+36w^3z^2+98w^2z+93w,False,False,"[[ 0 -1 -1  1  3 -1  0  0 -1],[ 1  0  0  1  2  1 -1  1 -1],[ 1  0  0  0  1  1 -1  1  0],[-1 -1  0  0  1  0 -1  0 -1],[-3 -2 -1 -1  0 -2 -1 -2 -1],[ 1 -1 -1  0  2  0  0  0  0],[ 0  1  1  1  1  0  0  1 -1],[ 0 -1 -1  0  2  0 -1  0 -1],[ 1  1  0  1  1  0  1  1  0]]","[[ 0  3  1  0  0 -1 -1 -1 -1],[-3  0 -1 -1 -2 -1 -1 -2 -2],[-1  1  0 -1  0  0 -1  0 -1],[ 0  1  1  0  1  1 -1  0  1],[ 0  2  0 -1  0 -1 -1  0 -1],[ 1  1  0 -1  1  0  0  1  0],[ 1  1  1  1  1  0  0  0  1],[ 1  2  0  0  0 -1  0  0 -1],[ 1  2  1 -1  1  0 -1  1  0]]",True,"[-3,-1,0,0,1,1,1,1,1,1,2,1,1,2,2,1,0,0,1,0,1,-1,-1,1,0,-1,1,1,0,1,0,-1,0,0,-1,1]","[-3,-1,0,0,1,1,1,1,1,1,2,1,1,2,2,1,0,0,1,0,1,-1,-1,1,0,-1,1,1,0,1,0,-1,0,0,-1,1]",t^8+29t^6+104t^4+28t^2+1,"[-1,-1,-1,-1,0,0,1,3,-1,0,0,0,0,1,3,-1,0,0,2,1,2,1,1,1,2,2,0,2,2,3,1,1,1,0,2,1]","[-3,-1,0,0,1,1,1,1,1,1,2,2,2,3,3,1,0,1,2,1,2,-1,0,1,0,0,2,1,0,2,1,-1,0,0,-1,0]","[-1,-1,-1,-1,0,0,1,3,-1,-1,0,0,0,0,2,0,-1,-1,1,1,2,0,-1,1,0,1,1,1,1,1,1,1,1,0,2,1]",c,"[[{8, 1}, {4, 7}, {5, 6}, {2, 3}]]",1,- 8 K_1^4 + 16 K_1^3 + 8 K_1^2 K_2 - 14 K_1^2 - 10 K_1 K_2 - 2 K_1 K_3 - 7 K_1 + 8 K_2 + K_3 + 9,O1O2O3O4U1U2U5O6U7O8O7U4U8O5U3U6,O1O2O3U4U5U2U3O6O5U1O7O4U8U7O8U6,O1O2O3U4O5U6U5O7O6U3O8O4U1U2U8U7,c,{'O1O2O3O4U5U2O6U7U1O8O7U8O5U6U3U4'},1,"<a href=""/flatknot/8.850519"">8.850519</a>",t^9-23t^7-68t^6-58t^5+66t^4+178t^3+112t^2+14t,-t^3+3t,,
8.850520,O1O2O3O4U5U2O6U7U1O8O7U8O5U6U4U3,4,25z^2+110z+121,25w^3z^2+110w^2z+121w,False,False,"[[ 0 -1 -1  2  2 -1  0  0 -1],[ 1  0  0  2  1  1 -1  1 -1],[ 1  0  0  1  0  1 -1  1  0],[-2 -2 -1  0  0 -1 -1 -1 -1],[-2 -1  0  0  0 -1 -1 -1 -1],[ 1 -1 -1  1  1  0  0  0  0],[ 0  1  1  1  1  0  0  1 -1],[ 0 -1 -1  1  1  0 -1  0 -1],[ 1  1  0  1  1  0  1  1  0]]","[[ 0  2  2  0  0 -1 -1 -1 -1],[-2  0  0 -1 -1  0 -1 -1 -1],[-2  0  0 -1 -1 -1 -1 -1 -2],[ 0  1  1  0  1  1  0 -1  1],[ 0  1  1 -1  0 -1  0 -1 -1],[ 1  0  1 -1  1  0  1  0  0],[ 1  1  1  0  0 -1  0  0 -1],[ 1  1  1  1  1  0  0  0  1],[ 1  1  2 -1  1  0  1 -1  0]]",True,"[-2,-2,0,0,1,1,1,1,0,1,1,0,1,1,1,1,1,1,1,1,2,-1,-1,0,1,-1,1,0,1,1,-1,0,0,0,1,-1]","[-2,-2,0,0,1,1,1,1,0,1,1,0,1,1,1,1,1,1,1,1,2,-1,-1,0,1,-1,1,0,1,1,-1,0,0,0,1,-1]",t^8+24t^6+82t^4+20t^2+1,"[-1,-1,-1,-1,0,0,2,2,-1,0,0,0,0,2,2,-1,0,0,2,1,2,1,1,1,2,2,0,2,2,3,1,1,1,1,1,0]","[-2,-2,0,0,1,1,1,1,0,1,1,1,2,2,2,1,1,2,2,2,3,-1,0,0,1,0,2,0,1,2,-1,1,0,0,0,-1]","[-1,-1,-1,-1,0,0,2,2,-1,-1,0,0,0,1,1,0,-1,-1,1,1,2,0,-1,1,0,1,1,1,1,1,1,1,1,1,1,0]",c,"[[{8, 1}, {2, 7}, {3, 6}, {4, 5}], [{8, 1}, {2, 7}, {4, 6}, {3, 5}], [{8, 1}, {2, 7}, {5, 6}, {3, 4}], [{8, 1}, {2, 7}, {6}, {4, 5}, {3}], [{8, 1}, {3, 7}, {2, 6}, {4, 5}], [{8, 1}, {3, 7}, {4, 6}, {2, 5}], [{8, 1}, {3, 7}, {5, 6}, {2, 4}], [{8, 1}, {4, 7}, {2, 6}, {3, 5}], [{8, 1}, {4, 7}, {3, 6}, {2, 5}], [{8, 1}, {4, 7}, {5, 6}, {2, 3}], [{8, 1}, {4, 7}, {6}, {5}, {2, 3}], [{8, 1}, {5, 7}, {2, 6}, {3, 4}], [{8, 1}, {5, 7}, {3, 6}, {2, 4}], [{8, 1}, {5, 7}, {4, 6}, {2, 3}], [{8, 1}, {6, 7}, {2, 5}, {3, 4}], [{8, 1}, {6, 7}, {3, 5}, {2, 4}], [{8, 1}, {6, 7}, {4, 5}, {2, 3}], [{8, 1}, {6, 7}, {4, 5}, {3}, {2}], [{8, 1}, {7}, {2, 6}, {4, 5}, {3}], [{8, 1}, {7}, {3, 6}, {5}, {2, 4}], [{8, 1}, {7}, {4, 6}, {3, 5}, {2}], [{8, 1}, {7}, {5, 6}, {4}, {2, 3}], [{8, 1}, {7}, {6}, {2, 5}, {3, 4}], [{8, 2}, {1, 7}, {3, 6}, {4, 5}], [{8, 2}, {1, 7}, {3, 6}, {5}, {4}], [{8, 2}, {1, 7}, {4, 6}, {3, 5}], [{8, 2}, {1, 7}, {5, 6}, {3, 4}], [{8, 2}, {3, 7}, {1, 6}, {4, 5}], [{8, 2}, {3, 7}, {4, 6}, {1, 5}], [{8, 2}, {3, 7}, {5, 6}, {1, 4}], [{8, 2}, {3, 7}, {5, 6}, {4}, {1}], [{8, 2}, {4, 7}, {1, 6}, {3, 5}], [{8, 2}, {4, 7}, {1, 6}, {5}, {3}], [{8, 2}, {4, 7}, {3, 6}, {1, 5}], [{8, 2}, {4, 7}, {5, 6}, {1, 3}], [{8, 2}, {4, 7}, {5, 6}, {3}, {1}], [{8, 2}, {4, 7}, {6}, {1, 5}, {3}], [{8, 2}, {5, 7}, {1, 6}, {3, 4}], [{8, 2}, {5, 7}, {3, 6}, {1, 4}], [{8, 2}, {5, 7}, {3, 6}, {4}, {1}], [{8, 2}, {5, 7}, {4, 6}, {1, 3}], [{8, 2}, {6, 7}, {1, 5}, {3, 4}], [{8, 2}, {6, 7}, {3, 5}, {1, 4}], [{8, 2}, {6, 7}, {4, 5}, {1, 3}], [{8, 2}, {6, 7}, {4, 5}, {3}, {1}], [{8, 2}, {7}, {3, 6}, {1, 5}, {4}], [{8, 2}, {7}, {4, 6}, {5}, {1, 3}], [{8, 2}, {7}, {5, 6}, {3, 4}, {1}], [{8, 3}, {1, 7}, {2, 6}, {4, 5}], [{8, 3}, {1, 7}, {4, 6}, {2, 5}], [{8, 3}, {1, 7}, {5, 6}, {2, 4}], [{8, 3}, {1, 7}, {6}, {5}, {2, 4}], [{8, 3}, {2, 7}, {1, 6}, {4, 5}], [{8, 3}, {2, 7}, {4, 6}, {1, 5}], [{8, 3}, {2, 7}, {5, 6}, {1, 4}], [{8, 3}, {2, 7}, {6}, {1, 5}, {4}], [{8, 3}, {2, 7}, {6}, {4, 5}, {1}], [{8, 3}, {2, 7}, {6}, {5}, {1, 4}], [{8, 3}, {4, 7}, {1, 6}, {2, 5}], [{8, 3}, {4, 7}, {2, 6}, {1, 5}], [{8, 3}, {4, 7}, {5, 6}, {1, 2}], [{8, 3}, {4, 7}, {5, 6}, {2}, {1}], [{8, 3}, {5, 7}, {1, 6}, {2, 4}], [{8, 3}, {5, 7}, {2, 6}, {1, 4}], [{8, 3}, {5, 7}, {4, 6}, {1, 2}], [{8, 3}, {6, 7}, {1, 5}, {2, 4}], [{8, 3}, {6, 7}, {2, 5}, {1, 4}], [{8, 3}, {6, 7}, {4, 5}, {1, 2}], [{8, 3}, {6, 7}, {4, 5}, {2}, {1}], [{8, 3}, {7}, {2, 6}, {4, 5}, {1}], [{8, 3}, {7}, {4, 6}, {5}, {1, 2}], [{8, 4}, {1, 7}, {2, 6}, {3, 5}], [{8, 4}, {1, 7}, {2, 6}, {5}, {3}], [{8, 4}, {1, 7}, {3, 6}, {2, 5}], [{8, 4}, {1, 7}, {3, 6}, {5}, {2}], [{8, 4}, {1, 7}, {5, 6}, {2, 3}], [{8, 4}, {1, 7}, {6}, {5}, {2, 3}], [{8, 4}, {2, 7}, {1, 6}, {3, 5}], [{8, 4}, {2, 7}, {1, 6}, {5}, {3}], [{8, 4}, {2, 7}, {3, 6}, {1, 5}], [{8, 4}, {2, 7}, {3, 6}, {5}, {1}], [{8, 4}, {2, 7}, {5, 6}, {1, 3}], [{8, 4}, {2, 7}, {6}, {5}, {1, 3}], [{8, 4}, {3, 7}, {1, 6}, {2, 5}], [{8, 4}, {3, 7}, {1, 6}, {5}, {2}], [{8, 4}, {3, 7}, {2, 6}, {1, 5}], [{8, 4}, {3, 7}, {2, 6}, {5}, {1}], [{8, 4}, {3, 7}, {5, 6}, {1, 2}], [{8, 4}, {3, 7}, {6}, {5}, {1, 2}], [{8, 4}, {5, 7}, {1, 6}, {2, 3}], [{8, 4}, {5, 7}, {2, 6}, {1, 3}], [{8, 4}, {5, 7}, {3, 6}, {1, 2}], [{8, 4}, {5, 7}, {6}, {1, 3}, {2}], [{8, 4}, {6, 7}, {1, 5}, {2, 3}], [{8, 4}, {6, 7}, {1, 5}, {3}, {2}], [{8, 4}, {6, 7}, {2, 5}, {1, 3}], [{8, 4}, {6, 7}, {2, 5}, {3}, {1}], [{8, 4}, {6, 7}, {3, 5}, {1, 2}], [{8, 4}, {6, 7}, {3, 5}, {2}, {1}], [{8, 4}, {6, 7}, {5}, {1, 3}, {2}], [{8, 4}, {6, 7}, {5}, {2, 3}, {1}], [{8, 4}, {6, 7}, {5}, {3}, {1, 2}], [{8, 4}, {6, 7}, {5}, {3}, {2}, {1}], [{8, 4}, {7}, {1, 6}, {5}, {2, 3}], [{8, 4}, {7}, {2, 6}, {5}, {1, 3}], [{8, 4}, {7}, {3, 6}, {5}, {1, 2}], [{8, 4}, {7}, {5, 6}, {1, 3}, {2}], [{8, 4}, {7}, {6}, {2, 5}, {1, 3}], [{8, 4}, {7}, {6}, {5}, {1, 3}, {2}], [{8, 5}, {1, 7}, {2, 6}, {3, 4}], [{8, 5}, {1, 7}, {2, 6}, {4}, {3}], [{8, 5}, {1, 7}, {3, 6}, {2, 4}], [{8, 5}, {1, 7}, {3, 6}, {4}, {2}], [{8, 5}, {1, 7}, {4, 6}, {2, 3}], [{8, 5}, {1, 7}, {6}, {4}, {2, 3}], [{8, 5}, {2, 7}, {1, 6}, {3, 4}], [{8, 5}, {2, 7}, {1, 6}, {4}, {3}], [{8, 5}, {2, 7}, {3, 6}, {1, 4}], [{8, 5}, {2, 7}, {3, 6}, {4}, {1}], [{8, 5}, {2, 7}, {4, 6}, {1, 3}], [{8, 5}, {2, 7}, {6}, {4}, {1, 3}], [{8, 5}, {3, 7}, {1, 6}, {2, 4}], [{8, 5}, {3, 7}, {1, 6}, {4}, {2}], [{8, 5}, {3, 7}, {2, 6}, {1, 4}], [{8, 5}, {3, 7}, {2, 6}, {4}, {1}], [{8, 5}, {3, 7}, {4, 6}, {1, 2}], [{8, 5}, {3, 7}, {6}, {4}, {1, 2}], [{8, 5}, {4, 7}, {1, 6}, {2, 3}], [{8, 5}, {4, 7}, {2, 6}, {1, 3}], [{8, 5}, {4, 7}, {3, 6}, {1, 2}], [{8, 5}, {6, 7}, {1, 4}, {2, 3}], [{8, 5}, {6, 7}, {1, 4}, {3}, {2}], [{8, 5}, {6, 7}, {2, 4}, {1, 3}], [{8, 5}, {6, 7}, {2, 4}, {3}, {1}], [{8, 5}, {6, 7}, {3, 4}, {1, 2}], [{8, 5}, {6, 7}, {3, 4}, {2}, {1}], [{8, 5}, {6, 7}, {4}, {1, 3}, {2}], [{8, 5}, {6, 7}, {4}, {2, 3}, {1}], [{8, 5}, {6, 7}, {4}, {3}, {1, 2}], [{8, 5}, {6, 7}, {4}, {3}, {2}, {1}], [{8, 5}, {7}, {1, 6}, {4}, {2, 3}], [{8, 5}, {7}, {2, 6}, {4}, {1, 3}], [{8, 5}, {7}, {3, 6}, {4}, {1, 2}], [{8, 6}, {1, 7}, {2, 5}, {3, 4}], [{8, 6}, {1, 7}, {3, 5}, {2, 4}], [{8, 6}, {1, 7}, {4, 5}, {2, 3}], [{8, 6}, {1, 7}, {5}, {2, 4}, {3}], [{8, 6}, {2, 7}, {1, 5}, {3, 4}], [{8, 6}, {2, 7}, {3, 5}, {1, 4}], [{8, 6}, {2, 7}, {4, 5}, {1, 3}], [{8, 6}, {2, 7}, {4, 5}, {3}, {1}], [{8, 6}, {3, 7}, {1, 5}, {2, 4}], [{8, 6}, {3, 7}, {2, 5}, {1, 4}], [{8, 6}, {3, 7}, {4, 5}, {1, 2}], [{8, 6}, {3, 7}, {5}, {2, 4}, {1}], [{8, 6}, {4, 7}, {1, 5}, {2, 3}], [{8, 6}, {4, 7}, {2, 5}, {1, 3}], [{8, 6}, {4, 7}, {3, 5}, {1, 2}], [{8, 6}, {5, 7}, {1, 4}, {2, 3}], [{8, 6}, {5, 7}, {2, 4}, {1, 3}], [{8, 6}, {5, 7}, {3, 4}, {1, 2}], [{8, 6}, {7}, {5}, {2, 4}, {1, 3}], [{8, 7}, {1, 6}, {2, 5}, {3, 4}], [{8, 7}, {1, 6}, {3, 5}, {2, 4}], [{8, 7}, {1, 6}, {4, 5}, {2, 3}], [{8, 7}, {2, 6}, {1, 5}, {3, 4}], [{8, 7}, {2, 6}, {3, 5}, {1, 4}], [{8, 7}, {2, 6}, {4, 5}, {1, 3}], [{8, 7}, {2, 6}, {4, 5}, {3}, {1}], [{8, 7}, {2, 6}, {5}, {4}, {1, 3}], [{8, 7}, {3, 6}, {1, 5}, {2, 4}], [{8, 7}, {3, 6}, {2, 5}, {1, 4}], [{8, 7}, {3, 6}, {4, 5}, {1, 2}], [{8, 7}, {3, 6}, {5}, {2, 4}, {1}], [{8, 7}, {4, 6}, {1, 5}, {2, 3}], [{8, 7}, {4, 6}, {2, 5}, {1, 3}], [{8, 7}, {4, 6}, {3, 5}, {1, 2}], [{8, 7}, {5, 6}, {1, 4}, {2, 3}], [{8, 7}, {5, 6}, {1, 4}, {3}, {2}], [{8, 7}, {5, 6}, {2, 4}, {1, 3}], [{8, 7}, {5, 6}, {2, 4}, {3}, {1}], [{8, 7}, {5, 6}, {3, 4}, {1, 2}], [{8, 7}, {5, 6}, {4}, {3}, {1, 2}], [{8, 7}, {6}, {3, 5}, {2, 4}, {1}], [{8}, {1, 7}, {2, 6}, {4, 5}, {3}], [{8}, {1, 7}, {3, 6}, {2, 5}, {4}], [{8}, {1, 7}, {3, 6}, {4, 5}, {2}], [{8}, {1, 7}, {3, 6}, {5}, {2, 4}], [{8}, {1, 7}, {3, 6}, {5}, {4}, {2}], [{8}, {1, 7}, {6}, {4, 5}, {2, 3}], [{8}, {2, 7}, {1, 6}, {4, 5}, {3}], [{8}, {2, 7}, {3, 6}, {4, 5}, {1}], [{8}, {2, 7}, {6}, {4, 5}, {1, 3}], [{8}, {2, 7}, {6}, {4, 5}, {3}, {1}], [{8}, {3, 7}, {1, 6}, {4, 5}, {2}], [{8}, {3, 7}, {2, 6}, {4, 5}, {1}], [{8}, {3, 7}, {6}, {4, 5}, {1, 2}], [{8}, {4, 7}, {2, 6}, {5}, {1, 3}], [{8}, {4, 7}, {5, 6}, {2, 3}, {1}], [{8}, {4, 7}, {6}, {3, 5}, {1, 2}], [{8}, {5, 7}, {2, 6}, {4}, {1, 3}], [{8}, {6, 7}, {4, 5}, {1, 3}, {2}], [{8}, {6, 7}, {4, 5}, {2, 3}, {1}], [{8}, {6, 7}, {4, 5}, {3}, {1, 2}], [{8}, {6, 7}, {4, 5}, {3}, {2}, {1}], [{8}, {7}, {1, 6}, {3, 5}, {2, 4}], [{8}, {7}, {1, 6}, {4, 5}, {2, 3}], [{8}, {7}, {2, 6}, {1, 5}, {3, 4}], [{8}, {7}, {2, 6}, {3, 5}, {1, 4}], [{8}, {7}, {2, 6}, {4, 5}, {1, 3}], [{8}, {7}, {2, 6}, {4, 5}, {3}, {1}], [{8}, {7}, {2, 6}, {5}, {4}, {1, 3}], [{8}, {7}, {3, 6}, {4, 5}, {1, 2}]]",2,8 K_1^3 - 8 K_1^2 - 16 K_1 K_2 + 2 K_1 + 4 K_2 + 6 K_3 + 5,O1O2O3O4U2U1U5O6U7O8O7U4U8O5U3U6,O1O2O3U4U5U3U2O6O5U1O7O4U8U7O8U6,O1O2O3U4O5U6U5O7O6U3O8O4U2U1U8U7,c,{'O1O2O3O4U5U2O6U7U1O8O7U8O5U6U4U3'},1,"<a href=""/flatknot/8.850520"">8.850520</a>",t^9-20t^7-58t^6-52t^5+44t^4+83t^3+18t^2-8t,-2t^2+4t,,
8.850521,O1O2O3O4U5U2O6U7U3O8O7U1O5U6U8U4,4,5z^3+30z^2+68z+57,5w^4z^3+30w^3z^2+68w^2z+57w,False,False,"[[ 0 -2 -1  1  3 -1  0  0  0],[ 2  0 -1  2  4  0  1  1  0],[ 1  1  0  1  1  0  0  0 -1],[-1 -2 -1  0  0  0 -1 -1 -1],[-3 -4 -1  0  0 -1 -2 -2 -1],[ 1  0  0  0  1  0  0  1  0],[ 0 -1  0  1  2  0  0  0  0],[ 0 -1  0  1  2 -1  0  0  0],[ 0  0  1  1  1  0  0  0  0]]","[[ 0  3  1  0  0  0 -1 -1 -2],[-3  0  0 -1 -2 -2 -1 -1 -4],[-1  0  0 -1 -1 -1  0 -1 -2],[ 0  1  1  0  0  0  0  1  0],[ 0  2  1  0  0  0  0  0 -1],[ 0  2  1  0  0  0 -1  0 -1],[ 1  1  0  0  0  1  0  0  0],[ 1  1  1 -1  0  0  0  0  1],[ 2  4  2  0  1  1  0 -1  0]]",True,"[-3,-1,0,0,0,1,1,2,0,1,2,2,1,1,4,1,1,1,0,1,2,0,0,0,-1,0,0,0,0,1,1,0,1,0,0,-1]","[-3,-1,0,0,0,1,1,2,0,1,2,2,1,1,4,1,1,1,0,1,2,0,0,0,-1,0,0,0,0,1,1,0,1,0,0,-1]",t^8+40t^6+124t^4+68t^2+1,"[-2,-1,-1,0,0,0,1,3,1,2,1,1,2,1,1,0,0,1,1,2,3,1,1,2,1,3,0,0,0,1,0,0,1,0,2,2]","[-3,-1,0,0,0,1,1,2,2,1,1,2,3,3,1,0,0,0,1,2,1,0,0,1,0,1,0,1,1,1,2,1,2,0,2,1]","[-2,-1,-1,0,0,0,1,3,-1,0,0,1,1,2,4,0,-1,0,0,1,1,0,0,1,0,1,0,0,1,1,0,1,2,1,2,0]",c,"[[{8, 3}, {2, 7}, {4, 6}, {1, 5}], [{8, 3}, {5, 7}, {4, 6}, {1, 2}]]",1,12 K_1^3 - 6 K_1^2 - 6 K_1 K_2 - 6 K_1 + 3 K_2 + 4,O1O2O3O4U1U5U6O7U4O8O5U2U8O6U3U7,O1O2O3U4U5U6U3O7O5U1O8O6U2U8O4U7,O1O2O3U4O5U6U2O7O6U3O8O4U1U7U8U5,c,"{'O1O2O3O4U5U2U6O7U3O6O8U1O5U8U7U4', 'O1O2O3O4U5U2O6U7U3O8O7U1O5U6U8U4'}",2,"<a href=""/flatknot/8.850521"">8.850521</a>",t^9-36t^7-64t^6+107t^5+164t^4-110t^3-92t^2+22t+8,-t^3+t^2+t,,
8.850522,O1O2O3O4U5U2O6U7U3O8O7U1O5U8U4U6,4,5z^3+37z^2+107z+107,5w^4z^3+37w^3z^2+107w^2z+107w,False,False,"[[ 0 -2 -1  1  2 -1  2  0 -1],[ 2  0 -1  2  3  0  3  1 -1],[ 1  1  0  1  1  0  1  0 -1],[-1 -2 -1  0 -1  0  0 -1 -2],[-2 -3 -1  1  0 -1  0 -1 -2],[ 1  0  0  0  1  0  1  1  0],[-2 -3 -1  0  0 -1  0 -1 -1],[ 0 -1  0  1  1 -1  1  0 -1],[ 1  1  1  2  2  0  1  1  0]]","[[ 0  2  2  1  0 -1 -1 -1 -2],[-2  0  0  1 -1 -1 -1 -2 -3],[-2  0  0  0 -1 -1 -1 -1 -3],[-1 -1  0  0 -1  0 -1 -2 -2],[ 0  1  1  1  0 -1  0 -1 -1],[ 1  1  1  0  1  0  0  0  0],[ 1  1  1  1  0  0  0 -1  1],[ 1  2  1  2  1  0  1  0  1],[ 2  3  3  2  1  0 -1 -1  0]]",True,"[-2,-2,-1,0,1,1,1,2,0,-1,1,1,1,2,3,0,1,1,1,1,3,1,0,1,2,2,1,0,1,1,0,0,0,1,-1,-1]","[-2,-2,-1,0,1,1,1,2,0,-1,1,1,1,2,3,0,1,1,1,1,3,1,0,1,2,2,1,0,1,1,0,0,0,1,-1,-1]",t^8+46t^6+160t^4+82t^2+4,"[-2,-1,-1,-1,0,1,2,2,1,2,2,1,1,1,1,0,0,0,2,2,2,-1,0,0,1,2,1,1,2,2,0,1,1,2,1,0]","[-2,-2,-1,0,1,1,1,2,0,1,1,2,2,2,1,2,1,1,2,2,1,0,0,1,2,1,0,1,0,1,1,0,2,0,2,1]","[-2,-1,-1,-1,0,1,2,2,-1,-1,0,1,2,3,3,-1,0,0,1,1,1,0,1,2,1,2,1,0,1,1,1,1,1,0,-1,0]",c,"[[{8, 1}, {2, 7}, {3, 6}, {4, 5}], [{8, 1}, {2, 7}, {4, 6}, {3, 5}], [{8, 1}, {2, 7}, {5, 6}, {3, 4}], [{8, 1}, {3, 7}, {2, 6}, {4, 5}], [{8, 1}, {3, 7}, {4, 6}, {2, 5}], [{8, 1}, {3, 7}, {4, 6}, {5}, {2}], [{8, 1}, {3, 7}, {5, 6}, {2, 4}], [{8, 1}, {4, 7}, {2, 6}, {3, 5}], [{8, 1}, {4, 7}, {2, 6}, {5}, {3}], [{8, 1}, {4, 7}, {3, 6}, {2, 5}], [{8, 1}, {4, 7}, {5, 6}, {2, 3}], [{8, 1}, {5, 7}, {2, 6}, {3, 4}], [{8, 1}, {5, 7}, {3, 6}, {2, 4}], [{8, 1}, {5, 7}, {4, 6}, {2, 3}], [{8, 1}, {6, 7}, {2, 5}, {3, 4}], [{8, 1}, {6, 7}, {3, 5}, {2, 4}], [{8, 1}, {6, 7}, {4, 5}, {2, 3}], [{8, 2}, {1, 7}, {3, 6}, {4, 5}], [{8, 2}, {1, 7}, {4, 6}, {3, 5}], [{8, 2}, {1, 7}, {5, 6}, {3, 4}], [{8, 2}, {1, 7}, {6}, {3, 5}, {4}], [{8, 2}, {3, 7}, {1, 6}, {4, 5}], [{8, 2}, {3, 7}, {4, 6}, {1, 5}], [{8, 2}, {3, 7}, {5, 6}, {1, 4}], [{8, 2}, {4, 7}, {1, 6}, {3, 5}], [{8, 2}, {4, 7}, {3, 6}, {1, 5}], [{8, 2}, {4, 7}, {5, 6}, {1, 3}], [{8, 2}, {4, 7}, {6}, {3, 5}, {1}], [{8, 2}, {5, 7}, {1, 6}, {3, 4}], [{8, 2}, {5, 7}, {3, 6}, {1, 4}], [{8, 2}, {5, 7}, {4, 6}, {1, 3}], [{8, 2}, {6, 7}, {1, 5}, {3, 4}], [{8, 2}, {6, 7}, {3, 5}, {1, 4}], [{8, 2}, {6, 7}, {3, 5}, {4}, {1}], [{8, 2}, {6, 7}, {4, 5}, {1, 3}], [{8, 2}, {7}, {1, 6}, {3, 5}, {4}], [{8, 2}, {7}, {1, 6}, {4, 5}, {3}], [{8, 2}, {7}, {1, 6}, {5}, {3, 4}], [{8, 2}, {7}, {3, 6}, {5}, {1, 4}], [{8, 2}, {7}, {4, 6}, {3, 5}, {1}], [{8, 2}, {7}, {5, 6}, {1, 4}, {3}], [{8, 2}, {7}, {6}, {3, 5}, {1, 4}], [{8, 2}, {7}, {6}, {3, 5}, {4}, {1}], [{8, 3}, {1, 7}, {2, 6}, {4, 5}], [{8, 3}, {1, 7}, {2, 6}, {5}, {4}], [{8, 3}, {1, 7}, {4, 6}, {2, 5}], [{8, 3}, {1, 7}, {4, 6}, {5}, {2}], [{8, 3}, {1, 7}, {5, 6}, {2, 4}], [{8, 3}, {1, 7}, {5, 6}, {4}, {2}], [{8, 3}, {1, 7}, {6}, {2, 5}, {4}], [{8, 3}, {1, 7}, {6}, {4, 5}, {2}], [{8, 3}, {1, 7}, {6}, {5}, {2, 4}], [{8, 3}, {1, 7}, {6}, {5}, {4}, {2}], [{8, 3}, {2, 7}, {1, 6}, {4, 5}], [{8, 3}, {2, 7}, {4, 6}, {1, 5}], [{8, 3}, {2, 7}, {5, 6}, {1, 4}], [{8, 3}, {2, 7}, {6}, {1, 5}, {4}], [{8, 3}, {4, 7}, {1, 6}, {2, 5}], [{8, 3}, {4, 7}, {2, 6}, {1, 5}], [{8, 3}, {4, 7}, {2, 6}, {5}, {1}], [{8, 3}, {4, 7}, {5, 6}, {1, 2}], [{8, 3}, {4, 7}, {5, 6}, {2}, {1}], [{8, 3}, {4, 7}, {6}, {2, 5}, {1}], [{8, 3}, {5, 7}, {1, 6}, {2, 4}], [{8, 3}, {5, 7}, {2, 6}, {1, 4}], [{8, 3}, {5, 7}, {4, 6}, {1, 2}], [{8, 3}, {5, 7}, {6}, {4}, {1, 2}], [{8, 3}, {6, 7}, {1, 5}, {2, 4}], [{8, 3}, {6, 7}, {2, 5}, {1, 4}], [{8, 3}, {6, 7}, {2, 5}, {4}, {1}], [{8, 3}, {6, 7}, {4, 5}, {1, 2}], [{8, 3}, {6, 7}, {4, 5}, {2}, {1}], [{8, 3}, {6, 7}, {5}, {2, 4}, {1}], [{8, 3}, {7}, {1, 6}, {2, 5}, {4}], [{8, 3}, {7}, {1, 6}, {4, 5}, {2}], [{8, 3}, {7}, {1, 6}, {5}, {2, 4}], [{8, 3}, {7}, {2, 6}, {5}, {1, 4}], [{8, 3}, {7}, {4, 6}, {2, 5}, {1}], [{8, 3}, {7}, {5, 6}, {1, 4}, {2}], [{8, 3}, {7}, {6}, {2, 5}, {1, 4}], [{8, 3}, {7}, {6}, {2, 5}, {4}, {1}], [{8, 4}, {1, 7}, {2, 6}, {3, 5}], [{8, 4}, {1, 7}, {3, 6}, {2, 5}], [{8, 4}, {1, 7}, {5, 6}, {2, 3}], [{8, 4}, {1, 7}, {5, 6}, {3}, {2}], [{8, 4}, {2, 7}, {1, 6}, {3, 5}], [{8, 4}, {2, 7}, {3, 6}, {1, 5}], [{8, 4}, {2, 7}, {5, 6}, {1, 3}], [{8, 4}, {3, 7}, {1, 6}, {2, 5}], [{8, 4}, {3, 7}, {2, 6}, {1, 5}], [{8, 4}, {3, 7}, {5, 6}, {1, 2}], [{8, 4}, {3, 7}, {5, 6}, {2}, {1}], [{8, 4}, {5, 7}, {1, 6}, {2, 3}], [{8, 4}, {5, 7}, {2, 6}, {1, 3}], [{8, 4}, {5, 7}, {3, 6}, {1, 2}], [{8, 4}, {6, 7}, {1, 5}, {2, 3}], [{8, 4}, {6, 7}, {2, 5}, {1, 3}], [{8, 4}, {6, 7}, {3, 5}, {1, 2}], [{8, 4}, {7}, {1, 6}, {2, 5}, {3}], [{8, 4}, {7}, {1, 6}, {3, 5}, {2}], [{8, 4}, {7}, {1, 6}, {5}, {2, 3}], [{8, 4}, {7}, {5, 6}, {1, 3}, {2}], [{8, 5}, {1, 7}, {2, 6}, {3, 4}], [{8, 5}, {1, 7}, {3, 6}, {2, 4}], [{8, 5}, {1, 7}, {4, 6}, {2, 3}], [{8, 5}, {1, 7}, {6}, {4}, {2, 3}], [{8, 5}, {2, 7}, {1, 6}, {3, 4}], [{8, 5}, {2, 7}, {3, 6}, {1, 4}], [{8, 5}, {2, 7}, {4, 6}, {1, 3}], [{8, 5}, {3, 7}, {1, 6}, {2, 4}], [{8, 5}, {3, 7}, {2, 6}, {1, 4}], [{8, 5}, {3, 7}, {4, 6}, {1, 2}], [{8, 5}, {4, 7}, {1, 6}, {2, 3}], [{8, 5}, {4, 7}, {2, 6}, {1, 3}], [{8, 5}, {4, 7}, {3, 6}, {1, 2}], [{8, 5}, {4, 7}, {6}, {2, 3}, {1}], [{8, 5}, {6, 7}, {1, 4}, {2, 3}], [{8, 5}, {6, 7}, {2, 4}, {1, 3}], [{8, 5}, {6, 7}, {3, 4}, {1, 2}], [{8, 5}, {6, 7}, {4}, {2, 3}, {1}], [{8, 5}, {7}, {1, 6}, {2, 4}, {3}], [{8, 5}, {7}, {1, 6}, {3, 4}, {2}], [{8, 5}, {7}, {1, 6}, {4}, {2, 3}], [{8, 5}, {7}, {2, 6}, {1, 4}, {3}], [{8, 5}, {7}, {3, 6}, {1, 4}, {2}], [{8, 5}, {7}, {4, 6}, {2, 3}, {1}], [{8, 5}, {7}, {6}, {1, 4}, {2, 3}], [{8, 5}, {7}, {6}, {4}, {2, 3}, {1}], [{8, 6}, {1, 7}, {2, 5}, {3, 4}], [{8, 6}, {1, 7}, {3, 5}, {2, 4}], [{8, 6}, {1, 7}, {4, 5}, {2, 3}], [{8, 6}, {2, 7}, {1, 5}, {3, 4}], [{8, 6}, {2, 7}, {1, 5}, {4}, {3}], [{8, 6}, {2, 7}, {3, 5}, {1, 4}], [{8, 6}, {2, 7}, {4, 5}, {1, 3}], [{8, 6}, {3, 7}, {1, 5}, {2, 4}], [{8, 6}, {3, 7}, {2, 5}, {1, 4}], [{8, 6}, {3, 7}, {4, 5}, {1, 2}], [{8, 6}, {4, 7}, {1, 5}, {2, 3}], [{8, 6}, {4, 7}, {2, 5}, {1, 3}], [{8, 6}, {4, 7}, {3, 5}, {1, 2}], [{8, 6}, {5, 7}, {1, 4}, {2, 3}], [{8, 6}, {5, 7}, {2, 4}, {1, 3}], [{8, 6}, {5, 7}, {3, 4}, {1, 2}], [{8, 6}, {7}, {2, 5}, {1, 4}, {3}], [{8, 6}, {7}, {3, 5}, {1, 4}, {2}], [{8, 6}, {7}, {4, 5}, {1, 3}, {2}], [{8, 6}, {7}, {5}, {1, 4}, {2, 3}], [{8, 7}, {1, 6}, {2, 5}, {3, 4}], [{8, 7}, {1, 6}, {3, 5}, {2, 4}], [{8, 7}, {1, 6}, {4, 5}, {2, 3}], [{8, 7}, {1, 6}, {4, 5}, {3}, {2}], [{8, 7}, {2, 6}, {1, 5}, {3, 4}], [{8, 7}, {2, 6}, {3, 5}, {1, 4}], [{8, 7}, {2, 6}, {4, 5}, {1, 3}], [{8, 7}, {3, 6}, {1, 5}, {2, 4}], [{8, 7}, {3, 6}, {2, 5}, {1, 4}], [{8, 7}, {3, 6}, {4, 5}, {1, 2}], [{8, 7}, {4, 6}, {1, 5}, {2, 3}], [{8, 7}, {4, 6}, {2, 5}, {1, 3}], [{8, 7}, {4, 6}, {3, 5}, {1, 2}], [{8, 7}, {5, 6}, {1, 4}, {2, 3}], [{8, 7}, {5, 6}, {2, 4}, {1, 3}], [{8, 7}, {5, 6}, {3, 4}, {1, 2}], [{8, 7}, {5, 6}, {4}, {3}, {1, 2}], [{8}, {1, 7}, {2, 6}, {4, 5}, {3}], [{8}, {1, 7}, {5, 6}, {3, 4}, {2}], [{8}, {2, 7}, {1, 6}, {4, 5}, {3}], [{8}, {2, 7}, {3, 6}, {1, 5}, {4}], [{8}, {3, 7}, {1, 6}, {4, 5}, {2}], [{8}, {4, 7}, {2, 6}, {5}, {1, 3}], [{8}, {7}, {1, 6}, {2, 5}, {3, 4}], [{8}, {7}, {1, 6}, {3, 5}, {2, 4}], [{8}, {7}, {1, 6}, {4, 5}, {2, 3}], [{8}, {7}, {2, 6}, {3, 5}, {1, 4}], [{8}, {7}, {3, 6}, {2, 5}, {1, 4}], [{8}, {7}, {5, 6}, {1, 4}, {2, 3}]]",2,- 8 K_1^4 + 8 K_1^3 + 12 K_1^2 K_2 - 18 K_1^2 - 12 K_1 K_2 - 4 K_1 K_3 - 2 K_2^2 + 9 K_2 + 4 K_3 + K_4 + 11,O1O2O3O4U5U1U6O7U4O8O6U2U8O5U3U7,O1O2O3U4U5U6U2O7O5U3O8O6U1U8O4U7,O1O2O3U4O5U6U3O7O6U1O8O4U2U7U8U5,c,{'O1O2O3O4U5U2O6U7U3O8O7U1O5U8U4U6'},1,"<a href=""/flatknot/8.850522"">8.850522</a>",t^9-44t^7-116t^6-17t^5+180t^4+115t^3-46t^2-39t+2,-t^2+2t,,
8.850523,O1O2O3O4U5U2O6U7U3O8O7U1O5U8U6U4,3,17z^2+70z+73,-6w^4z^2+23w^3z^2-6w^3z+76w^2z+73w,False,False,"[[ 0 -2 -1  1  3 -1  1  0 -1],[ 2  0 -1  2  4  0  2  1 -1],[ 1  1  0  1  1  0  0  0 -1],[-1 -2 -1  0  0  0 -1 -1 -2],[-3 -4 -1  0  0 -1 -1 -2 -2],[ 1  0  0  0  1  0  0  1  0],[-1 -2  0  1  1  0  0  0 -1],[ 0 -1  0  1  2 -1  0  0 -1],[ 1  1  1  2  2  0  1  1  0]]","[[ 0  3  1  1  0 -1 -1 -1 -2],[-3  0  0 -1 -2 -1 -1 -2 -4],[-1  0  0 -1 -1  0 -1 -2 -2],[-1  1  1  0  0  0  0 -1 -2],[ 0  2  1  0  0 -1  0 -1 -1],[ 1  1  0  0  1  0  0  0  0],[ 1  1  1  0  0  0  0 -1  1],[ 1  2  2  1  1  0  1  0  1],[ 2  4  2  2  1  0 -1 -1  0]]",True,"[-3,-1,-1,0,1,1,1,2,0,1,2,1,1,2,4,1,1,0,1,2,2,0,0,0,1,2,1,0,1,1,0,0,0,1,-1,-1]","[-3,-1,-1,0,1,1,1,2,0,1,2,1,1,2,4,1,1,0,1,2,2,0,0,0,1,2,1,0,1,1,0,0,0,1,-1,-1]",t^8+49t^6+181t^4+144t^2,"[-2,-1,-1,-1,0,1,1,3,1,2,2,1,1,1,1,0,0,0,2,2,3,-1,0,0,1,2,1,1,2,3,0,1,1,1,2,1]","[-3,-1,-1,0,1,1,1,2,1,2,1,2,3,3,1,1,1,1,2,2,1,0,0,1,2,1,0,1,0,1,1,0,2,0,2,1]","[-2,-1,-1,-1,0,1,1,3,-1,-1,0,1,2,2,4,-1,0,0,0,1,1,0,1,1,2,2,1,0,0,1,0,1,2,1,1,0]",c,"[[{8, 1}, {2, 7}, {3, 6}, {4, 5}], [{8, 1}, {2, 7}, {4, 6}, {3, 5}], [{8, 1}, {2, 7}, {5, 6}, {3, 4}], [{8, 1}, {3, 7}, {2, 6}, {4, 5}], [{8, 1}, {3, 7}, {2, 6}, {5}, {4}], [{8, 1}, {3, 7}, {4, 6}, {2, 5}], [{8, 1}, {3, 7}, {4, 6}, {5}, {2}], [{8, 1}, {3, 7}, {5, 6}, {2, 4}], [{8, 1}, {3, 7}, {5, 6}, {4}, {2}], [{8, 1}, {3, 7}, {6}, {2, 5}, {4}], [{8, 1}, {3, 7}, {6}, {4, 5}, {2}], [{8, 1}, {3, 7}, {6}, {5}, {2, 4}], [{8, 1}, {3, 7}, {6}, {5}, {4}, {2}], [{8, 1}, {4, 7}, {2, 6}, {3, 5}], [{8, 1}, {4, 7}, {3, 6}, {2, 5}], [{8, 1}, {4, 7}, {5, 6}, {2, 3}], [{8, 1}, {5, 7}, {2, 6}, {3, 4}], [{8, 1}, {5, 7}, {2, 6}, {4}, {3}], [{8, 1}, {5, 7}, {3, 6}, {2, 4}], [{8, 1}, {5, 7}, {4, 6}, {2, 3}], [{8, 1}, {6, 7}, {2, 5}, {3, 4}], [{8, 1}, {6, 7}, {3, 5}, {2, 4}], [{8, 1}, {6, 7}, {4, 5}, {2, 3}], [{8, 1}, {7}, {2, 6}, {3, 5}, {4}], [{8, 2}, {1, 7}, {3, 6}, {4, 5}], [{8, 2}, {1, 7}, {4, 6}, {3, 5}], [{8, 2}, {1, 7}, {5, 6}, {3, 4}], [{8, 2}, {1, 7}, {5, 6}, {4}, {3}], [{8, 2}, {3, 7}, {1, 6}, {4, 5}], [{8, 2}, {3, 7}, {4, 6}, {1, 5}], [{8, 2}, {3, 7}, {5, 6}, {1, 4}], [{8, 2}, {4, 7}, {1, 6}, {3, 5}], [{8, 2}, {4, 7}, {3, 6}, {1, 5}], [{8, 2}, {4, 7}, {5, 6}, {1, 3}], [{8, 2}, {5, 7}, {1, 6}, {3, 4}], [{8, 2}, {5, 7}, {3, 6}, {1, 4}], [{8, 2}, {5, 7}, {4, 6}, {1, 3}], [{8, 2}, {5, 7}, {6}, {1, 4}, {3}], [{8, 2}, {6, 7}, {1, 5}, {3, 4}], [{8, 2}, {6, 7}, {3, 5}, {1, 4}], [{8, 2}, {6, 7}, {4, 5}, {1, 3}], [{8, 2}, {7}, {3, 6}, {4, 5}, {1}], [{8, 2}, {7}, {4, 6}, {3, 5}, {1}], [{8, 3}, {1, 7}, {2, 6}, {4, 5}], [{8, 3}, {1, 7}, {2, 6}, {5}, {4}], [{8, 3}, {1, 7}, {4, 6}, {2, 5}], [{8, 3}, {1, 7}, {4, 6}, {5}, {2}], [{8, 3}, {1, 7}, {5, 6}, {2, 4}], [{8, 3}, {1, 7}, {5, 6}, {4}, {2}], [{8, 3}, {1, 7}, {6}, {2, 5}, {4}], [{8, 3}, {1, 7}, {6}, {4, 5}, {2}], [{8, 3}, {1, 7}, {6}, {5}, {2, 4}], [{8, 3}, {1, 7}, {6}, {5}, {4}, {2}], [{8, 3}, {2, 7}, {1, 6}, {4, 5}], [{8, 3}, {2, 7}, {4, 6}, {1, 5}], [{8, 3}, {2, 7}, {5, 6}, {1, 4}], [{8, 3}, {4, 7}, {1, 6}, {2, 5}], [{8, 3}, {4, 7}, {2, 6}, {1, 5}], [{8, 3}, {4, 7}, {2, 6}, {5}, {1}], [{8, 3}, {4, 7}, {5, 6}, {1, 2}], [{8, 3}, {4, 7}, {6}, {1, 5}, {2}], [{8, 3}, {5, 7}, {1, 6}, {2, 4}], [{8, 3}, {5, 7}, {2, 6}, {1, 4}], [{8, 3}, {5, 7}, {2, 6}, {4}, {1}], [{8, 3}, {5, 7}, {4, 6}, {1, 2}], [{8, 3}, {5, 7}, {6}, {1, 4}, {2}], [{8, 3}, {6, 7}, {1, 5}, {2, 4}], [{8, 3}, {6, 7}, {2, 5}, {1, 4}], [{8, 3}, {6, 7}, {4, 5}, {1, 2}], [{8, 3}, {6, 7}, {5}, {2, 4}, {1}], [{8, 3}, {7}, {1, 6}, {5}, {2, 4}], [{8, 3}, {7}, {2, 6}, {1, 5}, {4}], [{8, 3}, {7}, {2, 6}, {4, 5}, {1}], [{8, 3}, {7}, {2, 6}, {5}, {1, 4}], [{8, 3}, {7}, {4, 6}, {2, 5}, {1}], [{8, 4}, {1, 7}, {2, 6}, {3, 5}], [{8, 4}, {1, 7}, {3, 6}, {2, 5}], [{8, 4}, {1, 7}, {5, 6}, {2, 3}], [{8, 4}, {2, 7}, {1, 6}, {3, 5}], [{8, 4}, {2, 7}, {3, 6}, {1, 5}], [{8, 4}, {2, 7}, {5, 6}, {1, 3}], [{8, 4}, {3, 7}, {1, 6}, {2, 5}], [{8, 4}, {3, 7}, {2, 6}, {1, 5}], [{8, 4}, {3, 7}, {2, 6}, {5}, {1}], [{8, 4}, {3, 7}, {5, 6}, {1, 2}], [{8, 4}, {5, 7}, {1, 6}, {2, 3}], [{8, 4}, {5, 7}, {2, 6}, {1, 3}], [{8, 4}, {5, 7}, {2, 6}, {3}, {1}], [{8, 4}, {5, 7}, {3, 6}, {1, 2}], [{8, 4}, {6, 7}, {1, 5}, {2, 3}], [{8, 4}, {6, 7}, {2, 5}, {1, 3}], [{8, 4}, {6, 7}, {3, 5}, {1, 2}], [{8, 4}, {6, 7}, {5}, {1, 3}, {2}], [{8, 4}, {6, 7}, {5}, {2, 3}, {1}], [{8, 4}, {6, 7}, {5}, {3}, {1, 2}], [{8, 4}, {7}, {2, 6}, {3, 5}, {1}], [{8, 4}, {7}, {3, 6}, {2, 5}, {1}], [{8, 5}, {1, 7}, {2, 6}, {3, 4}], [{8, 5}, {1, 7}, {3, 6}, {2, 4}], [{8, 5}, {1, 7}, {4, 6}, {2, 3}], [{8, 5}, {2, 7}, {1, 6}, {3, 4}], [{8, 5}, {2, 7}, {3, 6}, {1, 4}], [{8, 5}, {2, 7}, {4, 6}, {1, 3}], [{8, 5}, {3, 7}, {1, 6}, {2, 4}], [{8, 5}, {3, 7}, {2, 6}, {1, 4}], [{8, 5}, {3, 7}, {4, 6}, {1, 2}], [{8, 5}, {4, 7}, {1, 6}, {2, 3}], [{8, 5}, {4, 7}, {2, 6}, {1, 3}], [{8, 5}, {4, 7}, {3, 6}, {1, 2}], [{8, 5}, {6, 7}, {1, 4}, {2, 3}], [{8, 5}, {6, 7}, {2, 4}, {1, 3}], [{8, 5}, {6, 7}, {3, 4}, {1, 2}], [{8, 5}, {6, 7}, {4}, {1, 3}, {2}], [{8, 5}, {6, 7}, {4}, {2, 3}, {1}], [{8, 5}, {6, 7}, {4}, {3}, {1, 2}], [{8, 5}, {7}, {1, 6}, {2, 4}, {3}], [{8, 5}, {7}, {2, 6}, {1, 4}, {3}], [{8, 6}, {1, 7}, {2, 5}, {3, 4}], [{8, 6}, {1, 7}, {3, 5}, {2, 4}], [{8, 6}, {1, 7}, {4, 5}, {2, 3}], [{8, 6}, {2, 7}, {1, 5}, {3, 4}], [{8, 6}, {2, 7}, {3, 5}, {1, 4}], [{8, 6}, {2, 7}, {4, 5}, {1, 3}], [{8, 6}, {3, 7}, {1, 5}, {2, 4}], [{8, 6}, {3, 7}, {2, 5}, {1, 4}], [{8, 6}, {3, 7}, {2, 5}, {4}, {1}], [{8, 6}, {3, 7}, {4, 5}, {1, 2}], [{8, 6}, {3, 7}, {4, 5}, {2}, {1}], [{8, 6}, {3, 7}, {5}, {2, 4}, {1}], [{8, 6}, {4, 7}, {1, 5}, {2, 3}], [{8, 6}, {4, 7}, {2, 5}, {1, 3}], [{8, 6}, {4, 7}, {3, 5}, {1, 2}], [{8, 6}, {4, 7}, {5}, {2, 3}, {1}], [{8, 6}, {5, 7}, {1, 4}, {2, 3}], [{8, 6}, {5, 7}, {1, 4}, {3}, {2}], [{8, 6}, {5, 7}, {2, 4}, {1, 3}], [{8, 6}, {5, 7}, {3, 4}, {1, 2}], [{8, 7}, {1, 6}, {2, 5}, {3, 4}], [{8, 7}, {1, 6}, {3, 5}, {2, 4}], [{8, 7}, {1, 6}, {4, 5}, {2, 3}], [{8, 7}, {1, 6}, {5}, {2, 4}, {3}], [{8, 7}, {2, 6}, {1, 5}, {3, 4}], [{8, 7}, {2, 6}, {3, 5}, {1, 4}], [{8, 7}, {2, 6}, {4, 5}, {1, 3}], [{8, 7}, {2, 6}, {5}, {1, 4}, {3}], [{8, 7}, {3, 6}, {1, 5}, {2, 4}], [{8, 7}, {3, 6}, {2, 5}, {1, 4}], [{8, 7}, {3, 6}, {4, 5}, {1, 2}], [{8, 7}, {4, 6}, {1, 5}, {2, 3}], [{8, 7}, {4, 6}, {2, 5}, {1, 3}], [{8, 7}, {4, 6}, {3, 5}, {1, 2}], [{8, 7}, {5, 6}, {1, 4}, {2, 3}], [{8, 7}, {5, 6}, {2, 4}, {1, 3}], [{8, 7}, {5, 6}, {3, 4}, {1, 2}], [{8}, {1, 7}, {2, 6}, {4, 5}, {3}], [{8}, {1, 7}, {4, 6}, {2, 5}, {3}], [{8}, {1, 7}, {5, 6}, {4}, {2, 3}], [{8}, {2, 7}, {5, 6}, {1, 4}, {3}], [{8}, {3, 7}, {1, 6}, {2, 5}, {4}], [{8}, {3, 7}, {1, 6}, {4, 5}, {2}], [{8}, {3, 7}, {1, 6}, {5}, {2, 4}], [{8}, {3, 7}, {2, 6}, {5}, {1, 4}], [{8}, {4, 7}, {2, 6}, {1, 5}, {3}], [{8}, {5, 7}, {1, 6}, {2, 4}, {3}], [{8}, {5, 7}, {2, 6}, {1, 4}, {3}], [{8}, {5, 7}, {2, 6}, {3, 4}, {1}], [{8}, {5, 7}, {2, 6}, {4}, {1, 3}], [{8}, {5, 7}, {2, 6}, {4}, {3}, {1}], [{8}, {5, 7}, {3, 6}, {1, 4}, {2}], [{8}, {5, 7}, {4, 6}, {3}, {1, 2}], [{8}, {5, 7}, {6}, {1, 4}, {2, 3}], [{8}, {5, 7}, {6}, {1, 4}, {3}, {2}], [{8}, {6, 7}, {2, 5}, {1, 4}, {3}], [{8}, {6, 7}, {4, 5}, {1, 3}, {2}], [{8}, {6, 7}, {4, 5}, {2, 3}, {1}], [{8}, {6, 7}, {4, 5}, {3}, {1, 2}], [{8}, {7}, {1, 6}, {3, 5}, {2, 4}], [{8}, {7}, {1, 6}, {5}, {2, 4}, {3}], [{8}, {7}, {2, 6}, {3, 5}, {1, 4}], [{8}, {7}, {2, 6}, {5}, {1, 4}, {3}]]",2,12 K_1^3 + 4 K_1^2 K_2 - 10 K_1^2 - 6 K_1 K_2 - 4 K_1 K_3 - 6 K_1 + 5 K_2 + K_4 + 5,O1O2O3O4U1U5U6O7U4O8O6U2U8O5U3U7,O1O2O3U4U5U6U3O7O5U2O8O6U1U8O4U7,O1O2O3U4O5U6U3O7O6U2O8O4U1U7U8U5,c,{'O1O2O3O4U5U2O6U7U3O8O7U1O5U8U6U4'},1,"<a href=""/flatknot/8.850523"">8.850523</a>",t^9-45t^7-122t^6+14t^5+226t^4+33t^3-78t^2+92t+40,-t^3+t^2+t,,
8.850524,O1O2O3O4U5U2O6U7U3O8O7U8O5U1U4U6,4,19z^2+104z+133,19w^3z^2+104w^2z+133w,False,False,"[[ 0 -2 -1  1  2 -1  2  0 -1],[ 2  0  0  3  3  0  2  2 -1],[ 1  0  0  1  1  0  1  0  0],[-1 -3 -1  0 -1  0  0 -1 -1],[-2 -3 -1  1  0 -2  0 -1 -1],[ 1  0  0  0  2  0  2  0  0],[-2 -2 -1  0  0 -2  0 -1 -1],[ 0 -2  0  1  1  0  1  0 -1],[ 1  1  0  1  1  0  1  1  0]]","[[ 0  2  2  1  0 -1 -1 -1 -2],[-2  0  0  1 -1 -1 -1 -2 -3],[-2  0  0  0 -1 -1 -1 -2 -2],[-1 -1  0  0 -1 -1 -1  0 -3],[ 0  1  1  1  0  0 -1  0 -2],[ 1  1  1  1  0  0  0  0  0],[ 1  1  1  1  1  0  0  0  1],[ 1  2  2  0  0  0  0  0  0],[ 2  3  2  3  2  0 -1  0  0]]",True,"[-2,-2,-1,0,1,1,1,2,0,-1,1,1,1,2,3,0,1,1,1,2,2,1,1,1,0,3,0,1,0,2,0,0,0,0,-1,0]","[-2,-2,-1,0,1,1,1,2,0,-1,1,1,1,2,3,0,1,1,1,2,2,1,1,1,0,3,0,1,0,2,0,0,0,0,-1,0]",t^8+46t^6+190t^4+89t^2+4,"[-2,-1,-1,-1,0,1,2,2,1,1,2,0,0,1,2,0,0,1,1,2,2,0,1,2,1,1,0,1,2,2,0,1,1,2,1,0]","[-2,-2,-1,0,1,1,1,2,0,1,1,1,2,2,2,2,1,1,2,2,1,0,2,1,1,0,1,0,1,0,0,0,1,0,2,1]","[-2,-1,-1,-1,0,1,2,2,-1,0,0,2,3,2,3,0,0,1,1,1,1,0,0,0,2,2,0,1,1,1,1,1,1,0,-1,0]",c,"[[{8, 1}, {2, 7}, {3, 6}, {4, 5}], [{8, 1}, {2, 7}, {4, 6}, {3, 5}], [{8, 1}, {2, 7}, {5, 6}, {3, 4}], [{8, 1}, {2, 7}, {5, 6}, {4}, {3}], [{8, 1}, {2, 7}, {6}, {5}, {3, 4}], [{8, 1}, {3, 7}, {2, 6}, {4, 5}], [{8, 1}, {3, 7}, {4, 6}, {2, 5}], [{8, 1}, {3, 7}, {5, 6}, {2, 4}], [{8, 1}, {3, 7}, {6}, {2, 5}, {4}], [{8, 1}, {4, 7}, {2, 6}, {3, 5}], [{8, 1}, {4, 7}, {3, 6}, {2, 5}], [{8, 1}, {4, 7}, {5, 6}, {2, 3}], [{8, 1}, {4, 7}, {5, 6}, {3}, {2}], [{8, 1}, {5, 7}, {2, 6}, {3, 4}], [{8, 1}, {5, 7}, {3, 6}, {2, 4}], [{8, 1}, {5, 7}, {4, 6}, {2, 3}], [{8, 1}, {6, 7}, {2, 5}, {3, 4}], [{8, 1}, {6, 7}, {3, 5}, {2, 4}], [{8, 1}, {6, 7}, {4, 5}, {2, 3}], [{8, 1}, {7}, {2, 6}, {4, 5}, {3}], [{8, 1}, {7}, {5, 6}, {2, 4}, {3}], [{8, 2}, {1, 7}, {3, 6}, {4, 5}], [{8, 2}, {1, 7}, {4, 6}, {3, 5}], [{8, 2}, {1, 7}, {5, 6}, {3, 4}], [{8, 2}, {3, 7}, {1, 6}, {4, 5}], [{8, 2}, {3, 7}, {4, 6}, {1, 5}], [{8, 2}, {3, 7}, {5, 6}, {1, 4}], [{8, 2}, {4, 7}, {1, 6}, {3, 5}], [{8, 2}, {4, 7}, {3, 6}, {1, 5}], [{8, 2}, {4, 7}, {5, 6}, {1, 3}], [{8, 2}, {5, 7}, {1, 6}, {3, 4}], [{8, 2}, {5, 7}, {3, 6}, {1, 4}], [{8, 2}, {5, 7}, {4, 6}, {1, 3}], [{8, 2}, {5, 7}, {6}, {4}, {1, 3}], [{8, 2}, {6, 7}, {1, 5}, {3, 4}], [{8, 2}, {6, 7}, {3, 5}, {1, 4}], [{8, 2}, {6, 7}, {3, 5}, {4}, {1}], [{8, 2}, {6, 7}, {4, 5}, {1, 3}], [{8, 3}, {1, 7}, {2, 6}, {4, 5}], [{8, 3}, {1, 7}, {4, 6}, {2, 5}], [{8, 3}, {1, 7}, {5, 6}, {2, 4}], [{8, 3}, {1, 7}, {6}, {2, 5}, {4}], [{8, 3}, {2, 7}, {1, 6}, {4, 5}], [{8, 3}, {2, 7}, {4, 6}, {1, 5}], [{8, 3}, {2, 7}, {5, 6}, {1, 4}], [{8, 3}, {2, 7}, {5, 6}, {4}, {1}], [{8, 3}, {2, 7}, {6}, {5}, {1, 4}], [{8, 3}, {4, 7}, {1, 6}, {2, 5}], [{8, 3}, {4, 7}, {2, 6}, {1, 5}], [{8, 3}, {4, 7}, {5, 6}, {1, 2}], [{8, 3}, {4, 7}, {5, 6}, {2}, {1}], [{8, 3}, {5, 7}, {1, 6}, {2, 4}], [{8, 3}, {5, 7}, {2, 6}, {1, 4}], [{8, 3}, {5, 7}, {4, 6}, {1, 2}], [{8, 3}, {6, 7}, {1, 5}, {2, 4}], [{8, 3}, {6, 7}, {2, 5}, {1, 4}], [{8, 3}, {6, 7}, {4, 5}, {1, 2}], [{8, 3}, {7}, {2, 6}, {4, 5}, {1}], [{8, 3}, {7}, {5, 6}, {2, 4}, {1}], [{8, 4}, {1, 7}, {2, 6}, {3, 5}], [{8, 4}, {1, 7}, {3, 6}, {2, 5}], [{8, 4}, {1, 7}, {5, 6}, {2, 3}], [{8, 4}, {2, 7}, {1, 6}, {3, 5}], [{8, 4}, {2, 7}, {3, 6}, {1, 5}], [{8, 4}, {2, 7}, {5, 6}, {1, 3}], [{8, 4}, {2, 7}, {5, 6}, {3}, {1}], [{8, 4}, {2, 7}, {6}, {5}, {1, 3}], [{8, 4}, {3, 7}, {1, 6}, {2, 5}], [{8, 4}, {3, 7}, {2, 6}, {1, 5}], [{8, 4}, {3, 7}, {5, 6}, {1, 2}], [{8, 4}, {5, 7}, {1, 6}, {2, 3}], [{8, 4}, {5, 7}, {2, 6}, {1, 3}], [{8, 4}, {5, 7}, {3, 6}, {1, 2}], [{8, 4}, {5, 7}, {6}, {2, 3}, {1}], [{8, 4}, {6, 7}, {1, 5}, {2, 3}], [{8, 4}, {6, 7}, {2, 5}, {1, 3}], [{8, 4}, {6, 7}, {3, 5}, {1, 2}], [{8, 4}, {7}, {6}, {3, 5}, {1, 2}], [{8, 5}, {1, 7}, {2, 6}, {3, 4}], [{8, 5}, {1, 7}, {3, 6}, {2, 4}], [{8, 5}, {1, 7}, {4, 6}, {2, 3}], [{8, 5}, {2, 7}, {1, 6}, {3, 4}], [{8, 5}, {2, 7}, {3, 6}, {1, 4}], [{8, 5}, {2, 7}, {4, 6}, {1, 3}], [{8, 5}, {2, 7}, {6}, {1, 4}, {3}], [{8, 5}, {2, 7}, {6}, {3, 4}, {1}], [{8, 5}, {2, 7}, {6}, {4}, {1, 3}], [{8, 5}, {3, 7}, {1, 6}, {2, 4}], [{8, 5}, {3, 7}, {2, 6}, {1, 4}], [{8, 5}, {3, 7}, {4, 6}, {1, 2}], [{8, 5}, {3, 7}, {6}, {2, 4}, {1}], [{8, 5}, {4, 7}, {1, 6}, {2, 3}], [{8, 5}, {4, 7}, {1, 6}, {3}, {2}], [{8, 5}, {4, 7}, {2, 6}, {1, 3}], [{8, 5}, {4, 7}, {3, 6}, {1, 2}], [{8, 5}, {6, 7}, {1, 4}, {2, 3}], [{8, 5}, {6, 7}, {2, 4}, {1, 3}], [{8, 5}, {6, 7}, {3, 4}, {1, 2}], [{8, 5}, {6, 7}, {4}, {2, 3}, {1}], [{8, 6}, {1, 7}, {2, 5}, {3, 4}], [{8, 6}, {1, 7}, {3, 5}, {2, 4}], [{8, 6}, {1, 7}, {4, 5}, {2, 3}], [{8, 6}, {1, 7}, {5}, {2, 4}, {3}], [{8, 6}, {2, 7}, {1, 5}, {3, 4}], [{8, 6}, {2, 7}, {3, 5}, {1, 4}], [{8, 6}, {2, 7}, {4, 5}, {1, 3}], [{8, 6}, {2, 7}, {5}, {1, 4}, {3}], [{8, 6}, {2, 7}, {5}, {3, 4}, {1}], [{8, 6}, {2, 7}, {5}, {4}, {1, 3}], [{8, 6}, {3, 7}, {1, 5}, {2, 4}], [{8, 6}, {3, 7}, {2, 5}, {1, 4}], [{8, 6}, {3, 7}, {4, 5}, {1, 2}], [{8, 6}, {3, 7}, {5}, {4}, {1, 2}], [{8, 6}, {4, 7}, {1, 5}, {2, 3}], [{8, 6}, {4, 7}, {2, 5}, {1, 3}], [{8, 6}, {4, 7}, {3, 5}, {1, 2}], [{8, 6}, {5, 7}, {1, 4}, {2, 3}], [{8, 6}, {5, 7}, {2, 4}, {1, 3}], [{8, 6}, {5, 7}, {3, 4}, {1, 2}], [{8, 6}, {5, 7}, {4}, {3}, {1, 2}], [{8, 6}, {7}, {3, 5}, {4}, {1, 2}], [{8, 7}, {1, 6}, {2, 5}, {3, 4}], [{8, 7}, {1, 6}, {3, 5}, {2, 4}], [{8, 7}, {1, 6}, {3, 5}, {4}, {2}], [{8, 7}, {1, 6}, {4, 5}, {2, 3}], [{8, 7}, {1, 6}, {5}, {2, 4}, {3}], [{8, 7}, {2, 6}, {1, 5}, {3, 4}], [{8, 7}, {2, 6}, {3, 5}, {1, 4}], [{8, 7}, {2, 6}, {4, 5}, {1, 3}], [{8, 7}, {3, 6}, {1, 5}, {2, 4}], [{8, 7}, {3, 6}, {2, 5}, {1, 4}], [{8, 7}, {3, 6}, {4, 5}, {1, 2}], [{8, 7}, {4, 6}, {1, 5}, {2, 3}], [{8, 7}, {4, 6}, {1, 5}, {3}, {2}], [{8, 7}, {4, 6}, {2, 5}, {1, 3}], [{8, 7}, {4, 6}, {3, 5}, {1, 2}], [{8, 7}, {5, 6}, {1, 4}, {2, 3}], [{8, 7}, {5, 6}, {2, 4}, {1, 3}], [{8, 7}, {5, 6}, {3, 4}, {1, 2}], [{8, 7}, {6}, {2, 5}, {4}, {1, 3}], [{8, 7}, {6}, {4, 5}, {2, 3}, {1}], [{8}, {1, 7}, {2, 6}, {5}, {3, 4}], [{8}, {1, 7}, {5, 6}, {4}, {2, 3}], [{8}, {2, 7}, {1, 6}, {5}, {3, 4}], [{8}, {2, 7}, {3, 6}, {5}, {1, 4}], [{8}, {2, 7}, {4, 6}, {5}, {1, 3}], [{8}, {2, 7}, {5, 6}, {1, 4}, {3}], [{8}, {2, 7}, {5, 6}, {3, 4}, {1}], [{8}, {2, 7}, {5, 6}, {4}, {1, 3}], [{8}, {2, 7}, {6}, {1, 5}, {3, 4}], [{8}, {2, 7}, {6}, {3, 5}, {1, 4}], [{8}, {2, 7}, {6}, {4, 5}, {1, 3}], [{8}, {2, 7}, {6}, {5}, {1, 4}, {3}], [{8}, {2, 7}, {6}, {5}, {3, 4}, {1}], [{8}, {2, 7}, {6}, {5}, {4}, {1, 3}], [{8}, {3, 7}, {1, 6}, {4, 5}, {2}], [{8}, {3, 7}, {2, 6}, {1, 5}, {4}], [{8}, {4, 7}, {1, 6}, {5}, {2, 3}], [{8}, {4, 7}, {5, 6}, {1, 3}, {2}], [{8}, {5, 7}, {3, 6}, {2, 4}, {1}], [{8}, {6, 7}, {4, 5}, {1, 3}, {2}], [{8}, {6, 7}, {5}, {3, 4}, {1, 2}], [{8}, {7}, {2, 6}, {4, 5}, {1, 3}], [{8}, {7}, {4, 6}, {3, 5}, {1, 2}], [{8}, {7}, {5, 6}, {2, 4}, {1, 3}]]",2,8 K_1^3 + 4 K_1^2 K_2 - 22 K_1^2 - 24 K_1 K_2 - 4 K_1 K_3 + 6 K_1 - 4 K_2^2 + 11 K_2 + 10 K_3 + 3 K_4 + 13,O1O2O3O4U5U1U4O6U7O8O7U2U8O5U3U6,O1O2O3U1U4U5U2O6O4U3O7O5U8U7O8U6,O1O2O3U4O5U6U5O7O6U1O8O4U2U7U8U3,c,{'O1O2O3O4U5U2O6U7U3O8O7U8O5U1U4U6'},1,"<a href=""/flatknot/8.850524"">8.850524</a>",t^9-44t^7-82t^6+89t^5+180t^4-48t^3-80t^2+25t+2,-t^2+2t,,
8.850525,O1O2O3O4U5U2O6U7U3O8O7U8O5U1U6U4,4,2z^3+33z^2+108z+101,2w^4z^3-2w^4z^2+35w^3z^2-2w^3z+110w^2z+101w,False,False,"[[ 0 -2 -1  1  3 -1  1  0 -1],[ 2  0  0  3  4  0  1  2 -1],[ 1  0  0  1  1  0  0  0  0],[-1 -3 -1  0  0  0 -1 -1 -1],[-3 -4 -1  0  0 -2 -1 -2 -1],[ 1  0  0  0  2  0  1  0  0],[-1 -1  0  1  1 -1  0  0 -1],[ 0 -2  0  1  2  0  0  0 -1],[ 1  1  0  1  1  0  1  1  0]]","[[ 0  3  1  1  0 -1 -1 -1 -2],[-3  0  0 -1 -2 -1 -1 -2 -4],[-1  0  0 -1 -1 -1 -1  0 -3],[-1  1  1  0  0  0 -1 -1 -1],[ 0  2  1  0  0  0 -1  0 -2],[ 1  1  1  0  0  0  0  0  0],[ 1  1  1  1  1  0  0  0  1],[ 1  2  0  1  0  0  0  0  0],[ 2  4  3  1  2  0 -1  0  0]]",True,"[-3,-1,-1,0,1,1,1,2,0,1,2,1,1,2,4,1,1,1,1,0,3,0,0,1,1,1,0,1,0,2,0,0,0,0,-1,0]","[-3,-1,-1,0,1,1,1,2,0,1,2,1,1,2,4,1,1,1,1,0,3,0,0,1,1,1,0,1,0,2,0,0,0,0,-1,0]",t^8+49t^6+138t^4+62t^2+4,"[-2,-1,-1,-1,0,1,1,3,1,1,2,0,0,2,1,0,0,1,1,2,3,0,1,2,1,2,0,1,1,3,0,1,1,1,2,1]","[-3,-1,-1,0,1,1,1,2,1,2,1,2,3,3,1,1,1,1,1,2,2,0,2,1,1,0,1,0,1,0,0,0,1,0,2,1]","[-2,-1,-1,-1,0,1,1,3,-1,0,0,2,1,3,4,0,0,1,1,1,1,0,0,0,1,1,0,1,0,2,0,1,2,1,1,0]",c,"[[{8, 1}, {2, 7}, {3, 6}, {4, 5}], [{8, 1}, {2, 7}, {4, 6}, {3, 5}], [{8, 1}, {2, 7}, {5, 6}, {3, 4}], [{8, 1}, {2, 7}, {6}, {5}, {3, 4}], [{8, 1}, {3, 7}, {2, 6}, {4, 5}], [{8, 1}, {3, 7}, {4, 6}, {2, 5}], [{8, 1}, {3, 7}, {5, 6}, {2, 4}], [{8, 1}, {4, 7}, {2, 6}, {3, 5}], [{8, 1}, {4, 7}, {3, 6}, {2, 5}], [{8, 1}, {4, 7}, {5, 6}, {2, 3}], [{8, 1}, {5, 7}, {2, 6}, {3, 4}], [{8, 1}, {5, 7}, {3, 6}, {2, 4}], [{8, 1}, {5, 7}, {4, 6}, {2, 3}], [{8, 1}, {6, 7}, {2, 5}, {3, 4}], [{8, 1}, {6, 7}, {3, 5}, {2, 4}], [{8, 1}, {6, 7}, {4, 5}, {2, 3}], [{8, 1}, {7}, {2, 6}, {4, 5}, {3}], [{8, 1}, {7}, {5, 6}, {2, 4}, {3}], [{8, 2}, {1, 7}, {3, 6}, {4, 5}], [{8, 2}, {1, 7}, {4, 6}, {3, 5}], [{8, 2}, {1, 7}, {5, 6}, {3, 4}], [{8, 2}, {3, 7}, {1, 6}, {4, 5}], [{8, 2}, {3, 7}, {4, 6}, {1, 5}], [{8, 2}, {3, 7}, {5, 6}, {1, 4}], [{8, 2}, {4, 7}, {1, 6}, {3, 5}], [{8, 2}, {4, 7}, {3, 6}, {1, 5}], [{8, 2}, {4, 7}, {5, 6}, {1, 3}], [{8, 2}, {4, 7}, {5, 6}, {3}, {1}], [{8, 2}, {5, 7}, {1, 6}, {3, 4}], [{8, 2}, {5, 7}, {3, 6}, {1, 4}], [{8, 2}, {5, 7}, {4, 6}, {1, 3}], [{8, 2}, {6, 7}, {1, 5}, {3, 4}], [{8, 2}, {6, 7}, {3, 5}, {1, 4}], [{8, 2}, {6, 7}, {4, 5}, {1, 3}], [{8, 3}, {1, 7}, {2, 6}, {4, 5}], [{8, 3}, {1, 7}, {4, 6}, {2, 5}], [{8, 3}, {1, 7}, {5, 6}, {2, 4}], [{8, 3}, {2, 7}, {1, 6}, {4, 5}], [{8, 3}, {2, 7}, {4, 6}, {1, 5}], [{8, 3}, {2, 7}, {5, 6}, {1, 4}], [{8, 3}, {2, 7}, {6}, {5}, {1, 4}], [{8, 3}, {4, 7}, {1, 6}, {2, 5}], [{8, 3}, {4, 7}, {2, 6}, {1, 5}], [{8, 3}, {4, 7}, {5, 6}, {1, 2}], [{8, 3}, {5, 7}, {1, 6}, {2, 4}], [{8, 3}, {5, 7}, {2, 6}, {1, 4}], [{8, 3}, {5, 7}, {4, 6}, {1, 2}], [{8, 3}, {5, 7}, {6}, {1, 4}, {2}], [{8, 3}, {6, 7}, {1, 5}, {2, 4}], [{8, 3}, {6, 7}, {2, 5}, {1, 4}], [{8, 3}, {6, 7}, {4, 5}, {1, 2}], [{8, 3}, {6, 7}, {5}, {1, 4}, {2}], [{8, 3}, {7}, {2, 6}, {1, 5}, {4}], [{8, 3}, {7}, {2, 6}, {4, 5}, {1}], [{8, 3}, {7}, {2, 6}, {5}, {1, 4}], [{8, 3}, {7}, {5, 6}, {1, 4}, {2}], [{8, 3}, {7}, {5, 6}, {2, 4}, {1}], [{8, 3}, {7}, {5, 6}, {4}, {1, 2}], [{8, 3}, {7}, {6}, {2, 5}, {1, 4}], [{8, 3}, {7}, {6}, {5}, {1, 4}, {2}], [{8, 4}, {1, 7}, {2, 6}, {3, 5}], [{8, 4}, {1, 7}, {3, 6}, {2, 5}], [{8, 4}, {1, 7}, {5, 6}, {2, 3}], [{8, 4}, {1, 7}, {6}, {5}, {2, 3}], [{8, 4}, {2, 7}, {1, 6}, {3, 5}], [{8, 4}, {2, 7}, {3, 6}, {1, 5}], [{8, 4}, {2, 7}, {5, 6}, {1, 3}], [{8, 4}, {2, 7}, {6}, {5}, {1, 3}], [{8, 4}, {3, 7}, {1, 6}, {2, 5}], [{8, 4}, {3, 7}, {2, 6}, {1, 5}], [{8, 4}, {3, 7}, {5, 6}, {1, 2}], [{8, 4}, {3, 7}, {6}, {1, 5}, {2}], [{8, 4}, {5, 7}, {1, 6}, {2, 3}], [{8, 4}, {5, 7}, {2, 6}, {1, 3}], [{8, 4}, {5, 7}, {3, 6}, {1, 2}], [{8, 4}, {6, 7}, {1, 5}, {2, 3}], [{8, 4}, {6, 7}, {2, 5}, {1, 3}], [{8, 4}, {6, 7}, {3, 5}, {1, 2}], [{8, 4}, {7}, {6}, {3, 5}, {1, 2}], [{8, 5}, {1, 7}, {2, 6}, {3, 4}], [{8, 5}, {1, 7}, {3, 6}, {2, 4}], [{8, 5}, {1, 7}, {4, 6}, {2, 3}], [{8, 5}, {2, 7}, {1, 6}, {3, 4}], [{8, 5}, {2, 7}, {3, 6}, {1, 4}], [{8, 5}, {2, 7}, {4, 6}, {1, 3}], [{8, 5}, {2, 7}, {6}, {3, 4}, {1}], [{8, 5}, {3, 7}, {1, 6}, {2, 4}], [{8, 5}, {3, 7}, {2, 6}, {1, 4}], [{8, 5}, {3, 7}, {4, 6}, {1, 2}], [{8, 5}, {4, 7}, {1, 6}, {2, 3}], [{8, 5}, {4, 7}, {2, 6}, {1, 3}], [{8, 5}, {4, 7}, {3, 6}, {1, 2}], [{8, 5}, {6, 7}, {1, 4}, {2, 3}], [{8, 5}, {6, 7}, {2, 4}, {1, 3}], [{8, 5}, {6, 7}, {3, 4}, {1, 2}], [{8, 5}, {6, 7}, {4}, {1, 3}, {2}], [{8, 5}, {7}, {3, 6}, {1, 4}, {2}], [{8, 5}, {7}, {3, 6}, {2, 4}, {1}], [{8, 5}, {7}, {3, 6}, {4}, {1, 2}], [{8, 6}, {1, 7}, {2, 5}, {3, 4}], [{8, 6}, {1, 7}, {3, 5}, {2, 4}], [{8, 6}, {1, 7}, {4, 5}, {2, 3}], [{8, 6}, {2, 7}, {1, 5}, {3, 4}], [{8, 6}, {2, 7}, {3, 5}, {1, 4}], [{8, 6}, {2, 7}, {4, 5}, {1, 3}], [{8, 6}, {2, 7}, {5}, {3, 4}, {1}], [{8, 6}, {3, 7}, {1, 5}, {2, 4}], [{8, 6}, {3, 7}, {2, 5}, {1, 4}], [{8, 6}, {3, 7}, {4, 5}, {1, 2}], [{8, 6}, {4, 7}, {1, 5}, {2, 3}], [{8, 6}, {4, 7}, {2, 5}, {1, 3}], [{8, 6}, {4, 7}, {3, 5}, {1, 2}], [{8, 6}, {5, 7}, {1, 4}, {2, 3}], [{8, 6}, {5, 7}, {2, 4}, {1, 3}], [{8, 6}, {5, 7}, {3, 4}, {1, 2}], [{8, 6}, {7}, {3, 5}, {1, 4}, {2}], [{8, 6}, {7}, {3, 5}, {2, 4}, {1}], [{8, 6}, {7}, {3, 5}, {4}, {1, 2}], [{8, 7}, {1, 6}, {2, 5}, {3, 4}], [{8, 7}, {1, 6}, {3, 5}, {2, 4}], [{8, 7}, {1, 6}, {3, 5}, {4}, {2}], [{8, 7}, {1, 6}, {4, 5}, {2, 3}], [{8, 7}, {1, 6}, {5}, {2, 4}, {3}], [{8, 7}, {2, 6}, {1, 5}, {3, 4}], [{8, 7}, {2, 6}, {3, 5}, {1, 4}], [{8, 7}, {2, 6}, {4, 5}, {1, 3}], [{8, 7}, {2, 6}, {5}, {1, 4}, {3}], [{8, 7}, {3, 6}, {1, 5}, {2, 4}], [{8, 7}, {3, 6}, {2, 5}, {1, 4}], [{8, 7}, {3, 6}, {2, 5}, {4}, {1}], [{8, 7}, {3, 6}, {4, 5}, {1, 2}], [{8, 7}, {3, 6}, {4, 5}, {2}, {1}], [{8, 7}, {3, 6}, {5}, {2, 4}, {1}], [{8, 7}, {4, 6}, {1, 5}, {2, 3}], [{8, 7}, {4, 6}, {2, 5}, {1, 3}], [{8, 7}, {4, 6}, {3, 5}, {1, 2}], [{8, 7}, {5, 6}, {1, 4}, {2, 3}], [{8, 7}, {5, 6}, {2, 4}, {1, 3}], [{8, 7}, {5, 6}, {3, 4}, {1, 2}], [{8, 7}, {5, 6}, {4}, {1, 3}, {2}], [{8, 7}, {6}, {5}, {2, 4}, {1, 3}], [{8}, {1, 7}, {2, 6}, {5}, {3, 4}], [{8}, {1, 7}, {5, 6}, {4}, {2, 3}], [{8}, {2, 7}, {1, 6}, {5}, {3, 4}], [{8}, {2, 7}, {5, 6}, {3, 4}, {1}], [{8}, {2, 7}, {6}, {1, 5}, {3, 4}], [{8}, {2, 7}, {6}, {5}, {3, 4}, {1}], [{8}, {3, 7}, {2, 6}, {5}, {1, 4}], [{8}, {4, 7}, {2, 6}, {1, 5}, {3}], [{8}, {4, 7}, {3, 6}, {5}, {1, 2}], [{8}, {4, 7}, {6}, {2, 5}, {1, 3}], [{8}, {5, 7}, {3, 6}, {2, 4}, {1}], [{8}, {6, 7}, {5}, {3, 4}, {1, 2}], [{8}, {7}, {2, 6}, {4, 5}, {1, 3}], [{8}, {7}, {4, 6}, {3, 5}, {1, 2}], [{8}, {7}, {5, 6}, {2, 4}, {1, 3}]]",2,8 K_1^3 + 4 K_1^2 K_2 - 20 K_1^2 - 10 K_1 K_2 - 2 K_1 K_3 - K_1 - 2 K_2^2 + 9 K_2 + 3 K_3 + K_4 + 11,O1O2O3O4U1U5U4O6U7O8O7U2U8O5U3U6,O1O2O3U1U4U5U3O6O4U2O7O5U8U7O8U6,O1O2O3U4O5U6U5O7O6U2O8O4U1U7U8U3,c,{'O1O2O3O4U5U2O6U7U3O8O7U8O5U1U6U4'},1,"<a href=""/flatknot/8.850525"">8.850525</a>",t^9-45t^7-88t^6+69t^5+122t^4-116t^3-82t^2+42t+4,-t^3+t^2+t,,
8.850526,O1O2O3O4U5U2O6U7U3O8O7U8O5U6U1U4,4,15z^2+100z+141,15w^3z^2+100w^2z+141w,False,False,"[[ 0 -1 -1  1  3 -1  0  0 -1],[ 1  0  0  2  3  0  0  1 -1],[ 1  0  0  1  1  0  0  0  0],[-1 -2 -1  0  0  0 -1 -1 -1],[-3 -3 -1  0  0 -2 -1 -2 -1],[ 1  0  0  0  2  0  0  0  0],[ 0  0  0  1  1  0  0  1 -1],[ 0 -1  0  1  2  0 -1  0 -1],[ 1  1  0  1  1  0  1  1  0]]","[[ 0  3  1  0  0 -1 -1 -1 -1],[-3  0  0 -1 -2 -1 -1 -2 -3],[-1  0  0 -1 -1 -1 -1  0 -2],[ 0  1  1  0  1  0 -1  0  0],[ 0  2  1 -1  0  0 -1  0 -1],[ 1  1  1  0  0  0  0  0  0],[ 1  1  1  1  1  0  0  0  1],[ 1  2  0  0  0  0  0  0  0],[ 1  3  2  0  1  0 -1  0  0]]",True,"[-3,-1,0,0,1,1,1,1,0,1,2,1,1,2,3,1,1,1,1,0,2,-1,0,1,0,0,0,1,0,1,0,0,0,0,-1,0]","[-3,-1,0,0,1,1,1,1,0,1,2,1,1,2,3,1,1,1,1,0,2,-1,0,1,0,0,0,1,0,1,0,0,0,0,-1,0]",t^8+33t^6+84t^4+35t^2,"[-1,-1,-1,-1,0,0,1,3,-1,0,0,0,0,1,3,0,0,0,1,0,1,0,1,1,1,3,1,1,2,2,1,0,1,0,2,2]","[-3,-1,0,0,1,1,1,1,2,1,2,1,2,3,3,0,0,0,2,1,1,-1,0,1,0,1,1,1,0,1,0,-1,0,0,0,0]","[-1,-1,-1,-1,0,0,1,3,-1,0,0,0,1,2,3,0,0,1,1,1,1,0,0,0,0,2,0,0,1,1,1,1,1,1,2,0]",c,"[[{8, 1}, {2, 7}, {3, 6}, {4, 5}], [{8, 1}, {2, 7}, {4, 6}, {3, 5}], [{8, 1}, {2, 7}, {5, 6}, {3, 4}], [{8, 1}, {3, 7}, {2, 6}, {4, 5}], [{8, 1}, {3, 7}, {4, 6}, {2, 5}], [{8, 1}, {3, 7}, {5, 6}, {2, 4}], [{8, 1}, {3, 7}, {6}, {2, 5}, {4}], [{8, 1}, {4, 7}, {2, 6}, {3, 5}], [{8, 1}, {4, 7}, {3, 6}, {2, 5}], [{8, 1}, {4, 7}, {5, 6}, {2, 3}], [{8, 1}, {4, 7}, {6}, {3, 5}, {2}], [{8, 1}, {5, 7}, {2, 6}, {3, 4}], [{8, 1}, {5, 7}, {3, 6}, {2, 4}], [{8, 1}, {5, 7}, {4, 6}, {2, 3}], [{8, 1}, {6, 7}, {2, 5}, {3, 4}], [{8, 1}, {6, 7}, {3, 5}, {2, 4}], [{8, 1}, {6, 7}, {4, 5}, {2, 3}], [{8, 1}, {6, 7}, {5}, {3, 4}, {2}], [{8, 1}, {7}, {2, 6}, {4, 5}, {3}], [{8, 1}, {7}, {5, 6}, {2, 4}, {3}], [{8, 2}, {1, 7}, {3, 6}, {4, 5}], [{8, 2}, {1, 7}, {4, 6}, {3, 5}], [{8, 2}, {1, 7}, {5, 6}, {3, 4}], [{8, 2}, {1, 7}, {5, 6}, {4}, {3}], [{8, 2}, {3, 7}, {1, 6}, {4, 5}], [{8, 2}, {3, 7}, {4, 6}, {1, 5}], [{8, 2}, {3, 7}, {5, 6}, {1, 4}], [{8, 2}, {4, 7}, {1, 6}, {3, 5}], [{8, 2}, {4, 7}, {3, 6}, {1, 5}], [{8, 2}, {4, 7}, {5, 6}, {1, 3}], [{8, 2}, {5, 7}, {1, 6}, {3, 4}], [{8, 2}, {5, 7}, {3, 6}, {1, 4}], [{8, 2}, {5, 7}, {4, 6}, {1, 3}], [{8, 2}, {6, 7}, {1, 5}, {3, 4}], [{8, 2}, {6, 7}, {3, 5}, {1, 4}], [{8, 2}, {6, 7}, {4, 5}, {1, 3}], [{8, 2}, {7}, {3, 6}, {1, 5}, {4}], [{8, 2}, {7}, {4, 6}, {1, 5}, {3}], [{8, 2}, {7}, {6}, {1, 5}, {3, 4}], [{8, 3}, {1, 7}, {2, 6}, {4, 5}], [{8, 3}, {1, 7}, {4, 6}, {2, 5}], [{8, 3}, {1, 7}, {5, 6}, {2, 4}], [{8, 3}, {1, 7}, {6}, {2, 5}, {4}], [{8, 3}, {2, 7}, {1, 6}, {4, 5}], [{8, 3}, {2, 7}, {4, 6}, {1, 5}], [{8, 3}, {2, 7}, {5, 6}, {1, 4}], [{8, 3}, {2, 7}, {6}, {1, 5}, {4}], [{8, 3}, {4, 7}, {1, 6}, {2, 5}], [{8, 3}, {4, 7}, {2, 6}, {1, 5}], [{8, 3}, {4, 7}, {5, 6}, {1, 2}], [{8, 3}, {5, 7}, {1, 6}, {2, 4}], [{8, 3}, {5, 7}, {2, 6}, {1, 4}], [{8, 3}, {5, 7}, {4, 6}, {1, 2}], [{8, 3}, {6, 7}, {1, 5}, {2, 4}], [{8, 3}, {6, 7}, {2, 5}, {1, 4}], [{8, 3}, {6, 7}, {4, 5}, {1, 2}], [{8, 3}, {7}, {2, 6}, {4, 5}, {1}], [{8, 3}, {7}, {5, 6}, {2, 4}, {1}], [{8, 4}, {1, 7}, {2, 6}, {3, 5}], [{8, 4}, {1, 7}, {3, 6}, {2, 5}], [{8, 4}, {1, 7}, {5, 6}, {2, 3}], [{8, 4}, {1, 7}, {5, 6}, {3}, {2}], [{8, 4}, {2, 7}, {1, 6}, {3, 5}], [{8, 4}, {2, 7}, {3, 6}, {1, 5}], [{8, 4}, {2, 7}, {5, 6}, {1, 3}], [{8, 4}, {2, 7}, {6}, {1, 5}, {3}], [{8, 4}, {3, 7}, {1, 6}, {2, 5}], [{8, 4}, {3, 7}, {2, 6}, {1, 5}], [{8, 4}, {3, 7}, {5, 6}, {1, 2}], [{8, 4}, {5, 7}, {1, 6}, {2, 3}], [{8, 4}, {5, 7}, {2, 6}, {1, 3}], [{8, 4}, {5, 7}, {3, 6}, {1, 2}], [{8, 4}, {6, 7}, {1, 5}, {2, 3}], [{8, 4}, {6, 7}, {2, 5}, {1, 3}], [{8, 4}, {6, 7}, {3, 5}, {1, 2}], [{8, 4}, {6, 7}, {3, 5}, {2}, {1}], [{8, 5}, {1, 7}, {2, 6}, {3, 4}], [{8, 5}, {1, 7}, {3, 6}, {2, 4}], [{8, 5}, {1, 7}, {4, 6}, {2, 3}], [{8, 5}, {2, 7}, {1, 6}, {3, 4}], [{8, 5}, {2, 7}, {3, 6}, {1, 4}], [{8, 5}, {2, 7}, {4, 6}, {1, 3}], [{8, 5}, {2, 7}, {6}, {4}, {1, 3}], [{8, 5}, {3, 7}, {1, 6}, {2, 4}], [{8, 5}, {3, 7}, {2, 6}, {1, 4}], [{8, 5}, {3, 7}, {4, 6}, {1, 2}], [{8, 5}, {4, 7}, {1, 6}, {2, 3}], [{8, 5}, {4, 7}, {2, 6}, {1, 3}], [{8, 5}, {4, 7}, {3, 6}, {1, 2}], [{8, 5}, {6, 7}, {1, 4}, {2, 3}], [{8, 5}, {6, 7}, {1, 4}, {3}, {2}], [{8, 5}, {6, 7}, {2, 4}, {1, 3}], [{8, 5}, {6, 7}, {3, 4}, {1, 2}], [{8, 5}, {6, 7}, {4}, {2, 3}, {1}], [{8, 5}, {7}, {3, 6}, {4}, {1, 2}], [{8, 5}, {7}, {4, 6}, {3}, {1, 2}], [{8, 5}, {7}, {6}, {3, 4}, {1, 2}], [{8, 6}, {1, 7}, {2, 5}, {3, 4}], [{8, 6}, {1, 7}, {3, 5}, {2, 4}], [{8, 6}, {1, 7}, {4, 5}, {2, 3}], [{8, 6}, {1, 7}, {5}, {3, 4}, {2}], [{8, 6}, {2, 7}, {1, 5}, {3, 4}], [{8, 6}, {2, 7}, {3, 5}, {1, 4}], [{8, 6}, {2, 7}, {3, 5}, {4}, {1}], [{8, 6}, {2, 7}, {4, 5}, {1, 3}], [{8, 6}, {3, 7}, {1, 5}, {2, 4}], [{8, 6}, {3, 7}, {2, 5}, {1, 4}], [{8, 6}, {3, 7}, {4, 5}, {1, 2}], [{8, 6}, {4, 7}, {1, 5}, {2, 3}], [{8, 6}, {4, 7}, {2, 5}, {1, 3}], [{8, 6}, {4, 7}, {3, 5}, {1, 2}], [{8, 6}, {4, 7}, {5}, {2, 3}, {1}], [{8, 6}, {5, 7}, {1, 4}, {2, 3}], [{8, 6}, {5, 7}, {2, 4}, {1, 3}], [{8, 6}, {5, 7}, {3, 4}, {1, 2}], [{8, 7}, {1, 6}, {2, 5}, {3, 4}], [{8, 7}, {1, 6}, {2, 5}, {4}, {3}], [{8, 7}, {1, 6}, {3, 5}, {2, 4}], [{8, 7}, {1, 6}, {4, 5}, {2, 3}], [{8, 7}, {1, 6}, {5}, {3, 4}, {2}], [{8, 7}, {2, 6}, {1, 5}, {3, 4}], [{8, 7}, {2, 6}, {3, 5}, {1, 4}], [{8, 7}, {2, 6}, {3, 5}, {4}, {1}], [{8, 7}, {2, 6}, {4, 5}, {1, 3}], [{8, 7}, {2, 6}, {4, 5}, {3}, {1}], [{8, 7}, {2, 6}, {5}, {3, 4}, {1}], [{8, 7}, {3, 6}, {1, 5}, {2, 4}], [{8, 7}, {3, 6}, {2, 5}, {1, 4}], [{8, 7}, {3, 6}, {2, 5}, {4}, {1}], [{8, 7}, {3, 6}, {4, 5}, {1, 2}], [{8, 7}, {3, 6}, {4, 5}, {2}, {1}], [{8, 7}, {3, 6}, {5}, {2, 4}, {1}], [{8, 7}, {4, 6}, {1, 5}, {2, 3}], [{8, 7}, {4, 6}, {2, 5}, {1, 3}], [{8, 7}, {4, 6}, {2, 5}, {3}, {1}], [{8, 7}, {4, 6}, {3, 5}, {1, 2}], [{8, 7}, {4, 6}, {3, 5}, {2}, {1}], [{8, 7}, {4, 6}, {5}, {2, 3}, {1}], [{8, 7}, {5, 6}, {1, 4}, {2, 3}], [{8, 7}, {5, 6}, {2, 4}, {1, 3}], [{8, 7}, {5, 6}, {2, 4}, {3}, {1}], [{8, 7}, {5, 6}, {3, 4}, {1, 2}], [{8, 7}, {5, 6}, {3, 4}, {2}, {1}], [{8, 7}, {5, 6}, {4}, {2, 3}, {1}], [{8, 7}, {6}, {1, 5}, {3, 4}, {2}], [{8, 7}, {6}, {2, 5}, {1, 4}, {3}], [{8, 7}, {6}, {2, 5}, {3, 4}, {1}], [{8, 7}, {6}, {2, 5}, {4}, {1, 3}], [{8, 7}, {6}, {2, 5}, {4}, {3}, {1}], [{8, 7}, {6}, {3, 5}, {2, 4}, {1}], [{8, 7}, {6}, {4, 5}, {2, 3}, {1}], [{8, 7}, {6}, {5}, {3, 4}, {1, 2}], [{8, 7}, {6}, {5}, {3, 4}, {2}, {1}], [{8}, {1, 7}, {2, 6}, {4, 5}, {3}], [{8}, {1, 7}, {5, 6}, {2, 4}, {3}], [{8}, {2, 7}, {6}, {1, 5}, {3, 4}], [{8}, {3, 7}, {2, 6}, {4, 5}, {1}], [{8}, {3, 7}, {5, 6}, {2, 4}, {1}], [{8}, {4, 7}, {2, 6}, {1, 5}, {3}], [{8}, {5, 7}, {2, 6}, {1, 4}, {3}], [{8}, {5, 7}, {6}, {3, 4}, {1, 2}], [{8}, {7}, {2, 6}, {4, 5}, {1, 3}], [{8}, {7}, {2, 6}, {4, 5}, {3}, {1}], [{8}, {7}, {5, 6}, {2, 4}, {1, 3}], [{8}, {7}, {5, 6}, {2, 4}, {3}, {1}]]",2,- 20 K_1^2 - 22 K_1 K_2 + 11 K_1 - 4 K_2^2 + 10 K_2 + 11 K_3 + 2 K_4 + 13,O1O2O3O4U1U4U5O6U7O8O7U2U8O5U3U6,O1O2O3U2U4U5U3O6O4U1O7O5U8U7O8U6,O1O2O3U4O5U6U5O7O6U3O8O4U1U7U8U2,c,{'O1O2O3O4U5U2O6U7U3O8O7U8O5U6U1U4'},1,"<a href=""/flatknot/8.850526"">8.850526</a>",t^9-27t^7-48t^6+44t^5+84t^4-68t^3-72t^2+11t+2,-t^3+3t,,
8.850527,O1O2O3O4U5U2O6U7U4O8O7U1O5U3U8U6,4,3z^3+22z^2+66z+69,3w^4z^3+22w^3z^2+66w^2z+69w,False,False,"[[ 0 -2 -1  0  2 -1  2  0  0],[ 2  0 -1  1  2  0  3  1  0],[ 1  1  0  1  1  0  1  0  0],[ 0 -1 -1  0  2 -1  2 -1 -1],[-2 -2 -1 -2  0 -1 -1 -2 -2],[ 1  0  0  1  1  0  1  1  1],[-2 -3 -1 -2  1 -1  0 -1 -1],[ 0 -1  0  1  2 -1  1  0  0],[ 0  0  0  1  2 -1  1  0  0]]","[[ 0  2  2  0  0  0 -1 -1 -2],[-2  0  1 -1 -1 -2 -1 -1 -3],[-2 -1  0 -2 -2 -2 -1 -1 -2],[ 0  1  2  0  0  1  0 -1  0],[ 0  1  2  0  0  1  0 -1 -1],[ 0  2  2 -1 -1  0 -1 -1 -1],[ 1  1  1  0  0  1  0  0  1],[ 1  1  1  1  1  1  0  0  0],[ 2  3  2  0  1  1 -1  0  0]]",True,"[-2,-2,0,0,0,1,1,2,-1,1,1,2,1,1,3,2,2,2,1,1,2,0,-1,0,1,0,-1,0,1,1,1,1,1,0,-1,0]","[-2,-2,0,0,0,1,1,2,-1,0,0,0,2,2,2,0,1,1,2,2,1,-1,-1,0,0,1,0,0,1,1,0,1,2,0,1,2]",t^8+45t^6+155t^4+30t^2+1,"[-2,-1,-1,0,0,0,2,2,1,2,1,1,2,1,2,0,0,0,0,2,2,0,1,1,2,2,1,1,0,0,0,1,0,1,0,-1]","[-2,-2,0,0,0,1,1,2,-1,0,0,0,2,2,2,0,1,1,2,2,1,-1,-1,0,0,1,0,0,1,1,0,1,2,0,1,2]","[-2,-1,-1,0,0,0,2,2,-1,0,0,1,1,2,3,0,0,0,1,1,1,1,1,1,1,1,0,1,2,1,1,2,1,2,2,-1]",c,"[[{8, 1}, {4, 7}, {3, 6}, {2, 5}], [{8, 4}, {1, 7}, {2, 6}, {3, 5}], [{8, 4}, {1, 7}, {6}, {3, 5}, {2}]]",1,- 8 K_1^4 + 8 K_1^3 + 8 K_1^2 K_2 - 12 K_1^2 - 12 K_1 K_2 - 2 K_1 K_3 + 7 K_2 + 4 K_3 + 8,O1O2O3O4U5U6U2O7U4O8O6U1U8O5U3U7,O1O2O3U4U5U1U6O7O5U3O8O6U2U8O4U7,O1O2O3U4O5U6U2O7O6U1O8O4U7U3U8U5,c,"{'O1O2O3O4U3U5O6U7U4O8O7U1U2O5U8U6', 'O1O2O3O4U5U2O6U7U4O8O7U1O5U3U8U6'}",2,"<a href=""/flatknot/8.850527"">8.850527</a>",t^9-43t^7-132t^6+14t^5+410t^4+358t^3+64t^2-12t,-t^2+2t,,
8.850528,O1O2O3O4U5U2O6U7U4O8O7U1O5U6U3U8,4,5z^3+37z^2+107z+107,5w^4z^3+37w^3z^2+107w^2z+107w,False,False,"[[ 0 -2 -1  1  2 -1  0  0  1],[ 2  0 -1  2  2  0  1  1  1],[ 1  1  0  1  1  0  0  0  0],[-1 -2 -1  0  1 -1  0 -2  0],[-2 -2 -1 -1  0 -1 -1 -2 -1],[ 1  0  0  1  1  0  0  1  1],[ 0 -1  0  0  1  0  0  0  0],[ 0 -1  0  2  2 -1  0  0  1],[-1 -1  0  0  1 -1  0 -1  0]]","[[ 0  2  1  1  0  0 -1 -1 -2],[-2  0 -1 -1 -1 -2 -1 -1 -2],[-1  1  0  0  0 -1  0 -1 -1],[-1  1  0  0  0 -2 -1 -1 -2],[ 0  1  0  0  0  0  0  0 -1],[ 0  2  1  2  0  0  0 -1 -1],[ 1  1  0  1  0  0  0  0  1],[ 1  1  1  1  0  1  0  0  0],[ 2  2  1  2  1  1 -1  0  0]]",True,"[-2,-1,-1,0,0,1,1,2,1,1,1,2,1,1,2,0,0,1,0,1,1,0,2,1,1,2,0,0,0,1,0,1,1,0,-1,0]","[-2,-1,-1,0,0,1,1,2,-1,0,1,1,1,2,2,0,0,0,0,1,1,0,1,1,1,1,0,0,0,1,1,2,2,0,1,1]",t^8+30t^6+71t^4+40t^2+4,"[-2,-1,-1,0,0,1,1,2,1,2,1,1,1,2,2,0,0,1,1,1,2,1,1,1,2,2,0,-1,0,0,1,1,1,0,0,0]","[-2,-1,-1,0,0,1,1,2,0,0,0,1,2,2,2,0,-1,1,1,1,1,0,1,1,2,2,0,0,1,1,1,1,1,0,1,2]","[-2,-1,-1,0,0,1,1,2,-1,0,1,1,1,2,2,0,0,0,0,1,1,0,1,1,1,1,0,0,0,1,1,2,2,0,1,1]",c,"[[{8, 1}, {2, 7}, {3, 6}, {4, 5}], [{8, 1}, {2, 7}, {4, 6}, {3, 5}], [{8, 1}, {2, 7}, {5, 6}, {3, 4}], [{8, 1}, {2, 7}, {5, 6}, {4}, {3}], [{8, 1}, {3, 7}, {2, 6}, {4, 5}], [{8, 1}, {3, 7}, {4, 6}, {2, 5}], [{8, 1}, {3, 7}, {5, 6}, {2, 4}], [{8, 1}, {4, 7}, {2, 6}, {3, 5}], [{8, 1}, {4, 7}, {3, 6}, {2, 5}], [{8, 1}, {4, 7}, {5, 6}, {2, 3}], [{8, 1}, {5, 7}, {2, 6}, {3, 4}], [{8, 1}, {5, 7}, {2, 6}, {4}, {3}], [{8, 1}, {5, 7}, {3, 6}, {2, 4}], [{8, 1}, {5, 7}, {4, 6}, {2, 3}], [{8, 1}, {6, 7}, {2, 5}, {3, 4}], [{8, 1}, {6, 7}, {2, 5}, {4}, {3}], [{8, 1}, {6, 7}, {3, 5}, {2, 4}], [{8, 1}, {6, 7}, {3, 5}, {4}, {2}], [{8, 1}, {6, 7}, {4, 5}, {2, 3}], [{8, 1}, {6, 7}, {4, 5}, {3}, {2}], [{8, 1}, {6, 7}, {5}, {2, 4}, {3}], [{8, 1}, {6, 7}, {5}, {3, 4}, {2}], [{8, 1}, {6, 7}, {5}, {4}, {2, 3}], [{8, 1}, {6, 7}, {5}, {4}, {3}, {2}], [{8, 1}, {7}, {6}, {3, 5}, {2, 4}], [{8, 1}, {7}, {6}, {4, 5}, {2, 3}], [{8, 2}, {1, 7}, {3, 6}, {4, 5}], [{8, 2}, {1, 7}, {4, 6}, {3, 5}], [{8, 2}, {1, 7}, {4, 6}, {5}, {3}], [{8, 2}, {1, 7}, {5, 6}, {3, 4}], [{8, 2}, {1, 7}, {6}, {3, 5}, {4}], [{8, 2}, {3, 7}, {1, 6}, {4, 5}], [{8, 2}, {3, 7}, {4, 6}, {1, 5}], [{8, 2}, {3, 7}, {5, 6}, {1, 4}], [{8, 2}, {3, 7}, {6}, {5}, {1, 4}], [{8, 2}, {4, 7}, {1, 6}, {3, 5}], [{8, 2}, {4, 7}, {3, 6}, {1, 5}], [{8, 2}, {4, 7}, {5, 6}, {1, 3}], [{8, 2}, {4, 7}, {6}, {3, 5}, {1}], [{8, 2}, {5, 7}, {1, 6}, {3, 4}], [{8, 2}, {5, 7}, {3, 6}, {1, 4}], [{8, 2}, {5, 7}, {4, 6}, {1, 3}], [{8, 2}, {5, 7}, {6}, {1, 4}, {3}], [{8, 2}, {6, 7}, {1, 5}, {3, 4}], [{8, 2}, {6, 7}, {3, 5}, {1, 4}], [{8, 2}, {6, 7}, {4, 5}, {1, 3}], [{8, 2}, {6, 7}, {4, 5}, {3}, {1}], [{8, 2}, {7}, {6}, {1, 5}, {3, 4}], [{8, 2}, {7}, {6}, {3, 5}, {1, 4}], [{8, 2}, {7}, {6}, {4, 5}, {1, 3}], [{8, 3}, {1, 7}, {2, 6}, {4, 5}], [{8, 3}, {1, 7}, {2, 6}, {5}, {4}], [{8, 3}, {1, 7}, {4, 6}, {2, 5}], [{8, 3}, {1, 7}, {5, 6}, {2, 4}], [{8, 3}, {1, 7}, {5, 6}, {4}, {2}], [{8, 3}, {1, 7}, {6}, {2, 5}, {4}], [{8, 3}, {2, 7}, {1, 6}, {4, 5}], [{8, 3}, {2, 7}, {1, 6}, {5}, {4}], [{8, 3}, {2, 7}, {4, 6}, {1, 5}], [{8, 3}, {2, 7}, {4, 6}, {5}, {1}], [{8, 3}, {2, 7}, {5, 6}, {1, 4}], [{8, 3}, {2, 7}, {6}, {5}, {1, 4}], [{8, 3}, {4, 7}, {1, 6}, {2, 5}], [{8, 3}, {4, 7}, {1, 6}, {5}, {2}], [{8, 3}, {4, 7}, {2, 6}, {1, 5}], [{8, 3}, {4, 7}, {5, 6}, {1, 2}], [{8, 3}, {4, 7}, {6}, {2, 5}, {1}], [{8, 3}, {5, 7}, {1, 6}, {2, 4}], [{8, 3}, {5, 7}, {2, 6}, {1, 4}], [{8, 3}, {5, 7}, {4, 6}, {1, 2}], [{8, 3}, {5, 7}, {6}, {1, 4}, {2}], [{8, 3}, {6, 7}, {1, 5}, {2, 4}], [{8, 3}, {6, 7}, {1, 5}, {4}, {2}], [{8, 3}, {6, 7}, {2, 5}, {1, 4}], [{8, 3}, {6, 7}, {4, 5}, {1, 2}], [{8, 3}, {7}, {1, 6}, {5}, {2, 4}], [{8, 3}, {7}, {6}, {2, 5}, {1, 4}], [{8, 4}, {1, 7}, {2, 6}, {3, 5}], [{8, 4}, {1, 7}, {2, 6}, {5}, {3}], [{8, 4}, {1, 7}, {3, 6}, {2, 5}], [{8, 4}, {1, 7}, {5, 6}, {2, 3}], [{8, 4}, {2, 7}, {1, 6}, {3, 5}], [{8, 4}, {2, 7}, {1, 6}, {5}, {3}], [{8, 4}, {2, 7}, {3, 6}, {1, 5}], [{8, 4}, {2, 7}, {5, 6}, {1, 3}], [{8, 4}, {3, 7}, {1, 6}, {2, 5}], [{8, 4}, {3, 7}, {2, 6}, {1, 5}], [{8, 4}, {3, 7}, {5, 6}, {1, 2}], [{8, 4}, {5, 7}, {1, 6}, {2, 3}], [{8, 4}, {5, 7}, {1, 6}, {3}, {2}], [{8, 4}, {5, 7}, {2, 6}, {1, 3}], [{8, 4}, {5, 7}, {3, 6}, {1, 2}], [{8, 4}, {6, 7}, {1, 5}, {2, 3}], [{8, 4}, {6, 7}, {2, 5}, {1, 3}], [{8, 4}, {6, 7}, {3, 5}, {1, 2}], [{8, 4}, {7}, {1, 6}, {2, 5}, {3}], [{8, 4}, {7}, {6}, {1, 5}, {2, 3}], [{8, 4}, {7}, {6}, {3, 5}, {1, 2}], [{8, 5}, {1, 7}, {2, 6}, {3, 4}], [{8, 5}, {1, 7}, {3, 6}, {2, 4}], [{8, 5}, {1, 7}, {4, 6}, {2, 3}], [{8, 5}, {1, 7}, {6}, {4}, {2, 3}], [{8, 5}, {2, 7}, {1, 6}, {3, 4}], [{8, 5}, {2, 7}, {3, 6}, {1, 4}], [{8, 5}, {2, 7}, {4, 6}, {1, 3}], [{8, 5}, {2, 7}, {6}, {1, 4}, {3}], [{8, 5}, {3, 7}, {1, 6}, {2, 4}], [{8, 5}, {3, 7}, {2, 6}, {1, 4}], [{8, 5}, {3, 7}, {4, 6}, {1, 2}], [{8, 5}, {3, 7}, {6}, {1, 4}, {2}], [{8, 5}, {4, 7}, {1, 6}, {2, 3}], [{8, 5}, {4, 7}, {1, 6}, {3}, {2}], [{8, 5}, {4, 7}, {2, 6}, {1, 3}], [{8, 5}, {4, 7}, {3, 6}, {1, 2}], [{8, 5}, {4, 7}, {6}, {2, 3}, {1}], [{8, 5}, {6, 7}, {1, 4}, {2, 3}], [{8, 5}, {6, 7}, {2, 4}, {1, 3}], [{8, 5}, {6, 7}, {3, 4}, {1, 2}], [{8, 5}, {6, 7}, {4}, {1, 3}, {2}], [{8, 5}, {7}, {6}, {1, 4}, {2, 3}], [{8, 5}, {7}, {6}, {2, 4}, {1, 3}], [{8, 5}, {7}, {6}, {3, 4}, {1, 2}], [{8, 6}, {1, 7}, {2, 5}, {3, 4}], [{8, 6}, {1, 7}, {3, 5}, {2, 4}], [{8, 6}, {1, 7}, {4, 5}, {2, 3}], [{8, 6}, {2, 7}, {1, 5}, {3, 4}], [{8, 6}, {2, 7}, {3, 5}, {1, 4}], [{8, 6}, {2, 7}, {4, 5}, {1, 3}], [{8, 6}, {3, 7}, {1, 5}, {2, 4}], [{8, 6}, {3, 7}, {2, 5}, {1, 4}], [{8, 6}, {3, 7}, {4, 5}, {1, 2}], [{8, 6}, {3, 7}, {5}, {1, 4}, {2}], [{8, 6}, {4, 7}, {1, 5}, {2, 3}], [{8, 6}, {4, 7}, {2, 5}, {1, 3}], [{8, 6}, {4, 7}, {3, 5}, {1, 2}], [{8, 6}, {4, 7}, {5}, {2, 3}, {1}], [{8, 6}, {5, 7}, {1, 4}, {2, 3}], [{8, 6}, {5, 7}, {2, 4}, {1, 3}], [{8, 6}, {5, 7}, {3, 4}, {1, 2}], [{8, 7}, {1, 6}, {2, 5}, {3, 4}], [{8, 7}, {1, 6}, {3, 5}, {2, 4}], [{8, 7}, {1, 6}, {4, 5}, {2, 3}], [{8, 7}, {1, 6}, {5}, {2, 4}, {3}], [{8, 7}, {2, 6}, {1, 5}, {3, 4}], [{8, 7}, {2, 6}, {3, 5}, {1, 4}], [{8, 7}, {2, 6}, {4, 5}, {1, 3}], [{8, 7}, {3, 6}, {1, 5}, {2, 4}], [{8, 7}, {3, 6}, {2, 5}, {1, 4}], [{8, 7}, {3, 6}, {4, 5}, {1, 2}], [{8, 7}, {4, 6}, {1, 5}, {2, 3}], [{8, 7}, {4, 6}, {2, 5}, {1, 3}], [{8, 7}, {4, 6}, {3, 5}, {1, 2}], [{8, 7}, {5, 6}, {1, 4}, {2, 3}], [{8, 7}, {5, 6}, {2, 4}, {1, 3}], [{8, 7}, {5, 6}, {3, 4}, {1, 2}], [{8, 7}, {6}, {2, 5}, {1, 4}, {3}], [{8, 7}, {6}, {3, 5}, {1, 4}, {2}], [{8, 7}, {6}, {5}, {1, 4}, {2, 3}], [{8}, {1, 7}, {2, 6}, {5}, {3, 4}], [{8}, {2, 7}, {1, 6}, {5}, {3, 4}], [{8}, {2, 7}, {3, 6}, {1, 5}, {4}], [{8}, {2, 7}, {6}, {3, 5}, {1, 4}], [{8}, {3, 7}, {1, 6}, {2, 5}, {4}], [{8}, {3, 7}, {1, 6}, {4, 5}, {2}], [{8}, {3, 7}, {1, 6}, {5}, {2, 4}], [{8}, {3, 7}, {2, 6}, {1, 5}, {4}], [{8}, {3, 7}, {2, 6}, {4, 5}, {1}], [{8}, {3, 7}, {2, 6}, {5}, {1, 4}], [{8}, {3, 7}, {4, 6}, {1, 5}, {2}], [{8}, {3, 7}, {4, 6}, {2, 5}, {1}], [{8}, {3, 7}, {4, 6}, {5}, {1, 2}], [{8}, {3, 7}, {5, 6}, {1, 4}, {2}], [{8}, {3, 7}, {5, 6}, {2, 4}, {1}], [{8}, {3, 7}, {5, 6}, {4}, {1, 2}], [{8}, {3, 7}, {6}, {1, 5}, {2, 4}], [{8}, {3, 7}, {6}, {2, 5}, {1, 4}], [{8}, {3, 7}, {6}, {4, 5}, {1, 2}], [{8}, {3, 7}, {6}, {5}, {1, 4}, {2}], [{8}, {4, 7}, {1, 6}, {3, 5}, {2}], [{8}, {4, 7}, {3, 6}, {5}, {1, 2}], [{8}, {4, 7}, {5, 6}, {2, 3}, {1}], [{8}, {5, 7}, {3, 6}, {4}, {1, 2}], [{8}, {5, 7}, {4, 6}, {1, 3}, {2}], [{8}, {5, 7}, {6}, {1, 4}, {2, 3}], [{8}, {6, 7}, {4, 5}, {3}, {1, 2}], [{8}, {7}, {3, 6}, {4, 5}, {1, 2}]]",2,- 8 K_1^4 + 16 K_1^3 + 8 K_1^2 K_2 - 18 K_1^2 - 12 K_1 K_2 - 2 K_1 K_3 - 6 K_1 + 10 K_2 + 2 K_3 + 11,O1O2O3O4U5U2U6O7U4O8O5U1U8O6U3U7,O1O2O3U4U5U2U6O7O5U1O8O6U3U8O4U7,O1O2O3U4O5U6U1O7O6U3O8O4U7U2U8U5,c,{'O1O2O3O4U5U2O6U7U4O8O7U1O5U6U3U8'},1,"<a href=""/flatknot/8.850528"">8.850528</a>",t^9-30t^7-66t^6+43t^5+170t^4+27t^3-74t^2-4t+12,0,,
8.850529,O1O2O3O4U5U2O6U7U4O8O7U1O5U6U8U3,3,8z^2+41z+51,8w^3z^2-2w^3z+43w^2z+51w,False,False,"[[ 0 -2 -1  2  2 -1  0  0  0],[ 2  0 -1  3  2  0  1  1  0],[ 1  1  0  1  1  0  0  0 -1],[-2 -3 -1  0  1 -1 -1 -2 -1],[-2 -2 -1 -1  0 -1 -1 -2 -1],[ 1  0  0  1  1  0  0  1  0],[ 0 -1  0  1  1  0  0  0  0],[ 0 -1  0  2  2 -1  0  0  0],[ 0  0  1  1  1  0  0  0  0]]","[[ 0  2  2  0  0  0 -1 -1 -2],[-2  0  1 -1 -1 -2 -1 -1 -3],[-2 -1  0 -1 -1 -2 -1 -1 -2],[ 0  1  1  0  0  0  1  0  0],[ 0  1  1  0  0  0  0  0 -1],[ 0  2  2  0  0  0  0 -1 -1],[ 1  1  1 -1  0  0  0  0  1],[ 1  1  1  0  0  1  0  0  0],[ 2  3  2  0  1  1 -1  0  0]]",True,"[-2,-2,0,0,0,1,1,2,-1,1,1,2,1,1,3,1,1,2,1,1,2,0,0,-1,0,0,0,0,0,1,0,1,1,0,-1,0]","[-2,-2,0,0,0,1,1,2,-1,0,1,1,2,2,2,0,1,1,2,2,1,0,0,0,1,1,0,1,1,1,1,2,2,0,1,2]",t^8+35t^6+98t^4+38t^2,"[-2,-1,-1,0,0,0,2,2,1,2,1,1,2,1,2,0,0,1,1,2,2,1,1,2,2,2,0,0,0,0,0,1,1,1,1,-1]","[-2,-2,0,0,0,1,1,2,-1,0,1,1,2,2,2,0,1,1,2,2,1,0,0,0,1,1,0,1,1,1,1,2,2,0,1,2]","[-2,-1,-1,0,0,0,2,2,-1,0,0,1,1,2,3,0,-1,0,0,1,1,0,0,1,1,1,0,0,1,1,0,1,1,2,2,-1]",c,"[[{8, 4}, {3, 7}, {2, 6}, {1, 5}], [{8, 4}, {3, 7}, {2, 6}, {5}, {1}]]",1,8 K_1^3 + 4 K_1^2 K_2 - 12 K_1^2 - 16 K_1 K_2 - 2 K_1 K_3 + 2 K_1 - 2 K_2^2 + 5 K_2 + 6 K_3 + K_4 + 7,O1O2O3O4U2U5U6O7U4O8O5U1U8O6U3U7,O1O2O3U4U5U3U6O7O5U1O8O6U2U8O4U7,O1O2O3U4O5U6U2O7O6U3O8O4U7U1U8U5,c,"{'O1O2O3O4U5U2U6U3O7O6O8U1O5U8U4U7', 'O1O2O3O4U5U2O6U7U4O8O7U1O5U6U8U3', 'O1O2O3O4U5U2U6O7U4O6O8U1O5U8U7U3'}",3,"<a href=""/flatknot/8.850529"">8.850529</a>",t^9-33t^7-76t^6+53t^5+196t^4-18t^3-136t^2+4t+24,-t^2+2t,,
8.850530,O1O2O3O4U5U2O6U7U4O8O7U1O5U8U6U3,4,5z^3+36z^2+98z+93,-2w^5z^3+7w^4z^3-6w^4z^2+42w^3z^2-4w^3z+102w^2z+93w,False,False,"[[ 0 -2 -1  2  2 -1  1  0 -1],[ 2  0 -1  3  2  0  2  1 -1],[ 1  1  0  1  1  0  0  0 -1],[-2 -3 -1  0  1 -1  0 -2 -2],[-2 -2 -1 -1  0 -1 -1 -2 -2],[ 1  0  0  1  1  0  0  1  0],[-1 -2  0  0  1  0  0  0 -1],[ 0 -1  0  2  2 -1  0  0 -1],[ 1  1  1  2  2  0  1  1  0]]","[[ 0  2  2  1  0 -1 -1 -1 -2],[-2  0  1  0 -2 -1 -1 -2 -3],[-2 -1  0 -1 -2 -1 -1 -2 -2],[-1  0  1  0  0  0  0 -1 -2],[ 0  2  2  0  0  0 -1 -1 -1],[ 1  1  1  0  0  0  0 -1  1],[ 1  1  1  0  1  0  0  0  0],[ 1  2  2  1  1  1  0  0  1],[ 2  3  2  2  1 -1  0 -1  0]]",True,"[-2,-2,-1,0,1,1,1,2,-1,0,2,1,1,2,3,1,2,1,1,2,2,0,0,0,1,2,0,1,1,1,0,1,-1,0,0,-1]","[-2,-2,-1,0,1,1,1,2,-1,0,0,1,2,2,2,1,0,1,2,2,1,1,1,2,2,1,0,0,1,1,0,1,2,0,1,2]",t^8+46t^6+178t^4+128t^2+4,"[-2,-1,-1,-1,0,1,2,2,1,2,2,1,1,1,2,0,0,0,2,2,2,-1,0,1,1,1,1,2,2,2,1,0,0,1,0,-1]","[-2,-2,-1,0,1,1,1,2,-1,0,0,1,2,2,2,1,0,1,2,2,1,1,1,2,2,1,0,0,1,1,0,1,2,0,1,2]","[-2,-1,-1,-1,0,1,2,2,-1,-1,0,1,2,2,3,-1,0,0,0,1,1,0,1,1,2,2,1,0,1,1,0,2,2,1,0,-1]",c,"[[{8, 1}, {2, 7}, {3, 6}, {4, 5}], [{8, 1}, {2, 7}, {4, 6}, {3, 5}], [{8, 1}, {2, 7}, {5, 6}, {3, 4}], [{8, 1}, {3, 7}, {2, 6}, {4, 5}], [{8, 1}, {3, 7}, {4, 6}, {2, 5}], [{8, 1}, {3, 7}, {5, 6}, {2, 4}], [{8, 1}, {4, 7}, {2, 6}, {3, 5}], [{8, 1}, {4, 7}, {3, 6}, {2, 5}], [{8, 1}, {4, 7}, {5, 6}, {2, 3}], [{8, 1}, {5, 7}, {2, 6}, {3, 4}], [{8, 1}, {5, 7}, {3, 6}, {2, 4}], [{8, 1}, {5, 7}, {4, 6}, {2, 3}], [{8, 1}, {5, 7}, {6}, {4}, {2, 3}], [{8, 1}, {6, 7}, {2, 5}, {3, 4}], [{8, 1}, {6, 7}, {3, 5}, {2, 4}], [{8, 1}, {6, 7}, {4, 5}, {2, 3}], [{8, 1}, {6, 7}, {5}, {4}, {2, 3}], [{8, 1}, {7}, {2, 6}, {3, 5}, {4}], [{8, 1}, {7}, {4, 6}, {3, 5}, {2}], [{8, 1}, {7}, {5, 6}, {4}, {2, 3}], [{8, 1}, {7}, {6}, {3, 5}, {2, 4}], [{8, 2}, {1, 7}, {3, 6}, {4, 5}], [{8, 2}, {1, 7}, {4, 6}, {3, 5}], [{8, 2}, {1, 7}, {5, 6}, {3, 4}], [{8, 2}, {3, 7}, {1, 6}, {4, 5}], [{8, 2}, {3, 7}, {4, 6}, {1, 5}], [{8, 2}, {3, 7}, {5, 6}, {1, 4}], [{8, 2}, {4, 7}, {1, 6}, {3, 5}], [{8, 2}, {4, 7}, {3, 6}, {1, 5}], [{8, 2}, {4, 7}, {5, 6}, {1, 3}], [{8, 2}, {5, 7}, {1, 6}, {3, 4}], [{8, 2}, {5, 7}, {3, 6}, {1, 4}], [{8, 2}, {5, 7}, {4, 6}, {1, 3}], [{8, 2}, {6, 7}, {1, 5}, {3, 4}], [{8, 2}, {6, 7}, {3, 5}, {1, 4}], [{8, 2}, {6, 7}, {4, 5}, {1, 3}], [{8, 2}, {7}, {3, 6}, {4, 5}, {1}], [{8, 2}, {7}, {5, 6}, {4}, {1, 3}], [{8, 3}, {1, 7}, {2, 6}, {4, 5}], [{8, 3}, {1, 7}, {4, 6}, {2, 5}], [{8, 3}, {1, 7}, {5, 6}, {2, 4}], [{8, 3}, {1, 7}, {5, 6}, {4}, {2}], [{8, 3}, {2, 7}, {1, 6}, {4, 5}], [{8, 3}, {2, 7}, {4, 6}, {1, 5}], [{8, 3}, {2, 7}, {5, 6}, {1, 4}], [{8, 3}, {4, 7}, {1, 6}, {2, 5}], [{8, 3}, {4, 7}, {2, 6}, {1, 5}], [{8, 3}, {4, 7}, {5, 6}, {1, 2}], [{8, 3}, {5, 7}, {1, 6}, {2, 4}], [{8, 3}, {5, 7}, {2, 6}, {1, 4}], [{8, 3}, {5, 7}, {4, 6}, {1, 2}], [{8, 3}, {6, 7}, {1, 5}, {2, 4}], [{8, 3}, {6, 7}, {2, 5}, {1, 4}], [{8, 3}, {6, 7}, {4, 5}, {1, 2}], [{8, 3}, {7}, {1, 6}, {5}, {2, 4}], [{8, 3}, {7}, {4, 6}, {2, 5}, {1}], [{8, 4}, {1, 7}, {2, 6}, {3, 5}], [{8, 4}, {1, 7}, {3, 6}, {2, 5}], [{8, 4}, {1, 7}, {5, 6}, {2, 3}], [{8, 4}, {1, 7}, {6}, {3, 5}, {2}], [{8, 4}, {2, 7}, {1, 6}, {3, 5}], [{8, 4}, {2, 7}, {3, 6}, {1, 5}], [{8, 4}, {2, 7}, {5, 6}, {1, 3}], [{8, 4}, {2, 7}, {6}, {5}, {1, 3}], [{8, 4}, {3, 7}, {1, 6}, {2, 5}], [{8, 4}, {3, 7}, {2, 6}, {1, 5}], [{8, 4}, {3, 7}, {5, 6}, {1, 2}], [{8, 4}, {3, 7}, {6}, {1, 5}, {2}], [{8, 4}, {5, 7}, {1, 6}, {2, 3}], [{8, 4}, {5, 7}, {2, 6}, {1, 3}], [{8, 4}, {5, 7}, {3, 6}, {1, 2}], [{8, 4}, {5, 7}, {6}, {1, 3}, {2}], [{8, 4}, {6, 7}, {1, 5}, {2, 3}], [{8, 4}, {6, 7}, {2, 5}, {1, 3}], [{8, 4}, {6, 7}, {3, 5}, {1, 2}], [{8, 4}, {6, 7}, {5}, {1, 3}, {2}], [{8, 4}, {7}, {1, 6}, {5}, {2, 3}], [{8, 4}, {7}, {2, 6}, {5}, {1, 3}], [{8, 4}, {7}, {3, 6}, {5}, {1, 2}], [{8, 4}, {7}, {5, 6}, {1, 3}, {2}], [{8, 4}, {7}, {6}, {2, 5}, {1, 3}], [{8, 4}, {7}, {6}, {5}, {1, 3}, {2}], [{8, 5}, {1, 7}, {2, 6}, {3, 4}], [{8, 5}, {1, 7}, {3, 6}, {2, 4}], [{8, 5}, {1, 7}, {4, 6}, {2, 3}], [{8, 5}, {1, 7}, {6}, {2, 4}, {3}], [{8, 5}, {2, 7}, {1, 6}, {3, 4}], [{8, 5}, {2, 7}, {3, 6}, {1, 4}], [{8, 5}, {2, 7}, {3, 6}, {4}, {1}], [{8, 5}, {2, 7}, {4, 6}, {1, 3}], [{8, 5}, {3, 7}, {1, 6}, {2, 4}], [{8, 5}, {3, 7}, {1, 6}, {4}, {2}], [{8, 5}, {3, 7}, {2, 6}, {1, 4}], [{8, 5}, {3, 7}, {4, 6}, {1, 2}], [{8, 5}, {4, 7}, {1, 6}, {2, 3}], [{8, 5}, {4, 7}, {2, 6}, {1, 3}], [{8, 5}, {4, 7}, {3, 6}, {1, 2}], [{8, 5}, {6, 7}, {1, 4}, {2, 3}], [{8, 5}, {6, 7}, {2, 4}, {1, 3}], [{8, 5}, {6, 7}, {3, 4}, {1, 2}], [{8, 5}, {7}, {2, 6}, {4}, {1, 3}], [{8, 6}, {1, 7}, {2, 5}, {3, 4}], [{8, 6}, {1, 7}, {3, 5}, {2, 4}], [{8, 6}, {1, 7}, {4, 5}, {2, 3}], [{8, 6}, {2, 7}, {1, 5}, {3, 4}], [{8, 6}, {2, 7}, {3, 5}, {1, 4}], [{8, 6}, {2, 7}, {4, 5}, {1, 3}], [{8, 6}, {3, 7}, {1, 5}, {2, 4}], [{8, 6}, {3, 7}, {2, 5}, {1, 4}], [{8, 6}, {3, 7}, {2, 5}, {4}, {1}], [{8, 6}, {3, 7}, {4, 5}, {1, 2}], [{8, 6}, {4, 7}, {1, 5}, {2, 3}], [{8, 6}, {4, 7}, {2, 5}, {1, 3}], [{8, 6}, {4, 7}, {3, 5}, {1, 2}], [{8, 6}, {5, 7}, {1, 4}, {2, 3}], [{8, 6}, {5, 7}, {2, 4}, {1, 3}], [{8, 6}, {5, 7}, {3, 4}, {1, 2}], [{8, 6}, {7}, {2, 5}, {1, 4}, {3}], [{8, 6}, {7}, {3, 5}, {1, 4}, {2}], [{8, 6}, {7}, {5}, {1, 4}, {2, 3}], [{8, 7}, {1, 6}, {2, 5}, {3, 4}], [{8, 7}, {1, 6}, {3, 5}, {2, 4}], [{8, 7}, {1, 6}, {4, 5}, {2, 3}], [{8, 7}, {2, 6}, {1, 5}, {3, 4}], [{8, 7}, {2, 6}, {3, 5}, {1, 4}], [{8, 7}, {2, 6}, {3, 5}, {4}, {1}], [{8, 7}, {2, 6}, {4, 5}, {1, 3}], [{8, 7}, {3, 6}, {1, 5}, {2, 4}], [{8, 7}, {3, 6}, {2, 5}, {1, 4}], [{8, 7}, {3, 6}, {4, 5}, {1, 2}], [{8, 7}, {4, 6}, {1, 5}, {2, 3}], [{8, 7}, {4, 6}, {2, 5}, {1, 3}], [{8, 7}, {4, 6}, {3, 5}, {1, 2}], [{8, 7}, {5, 6}, {1, 4}, {2, 3}], [{8, 7}, {5, 6}, {2, 4}, {1, 3}], [{8, 7}, {5, 6}, {3, 4}, {1, 2}], [{8}, {1, 7}, {2, 6}, {3, 5}, {4}], [{8}, {1, 7}, {4, 6}, {5}, {2, 3}], [{8}, {3, 7}, {2, 6}, {1, 5}, {4}], [{8}, {7}, {2, 6}, {4, 5}, {1, 3}], [{8}, {7}, {5, 6}, {2, 4}, {1, 3}]]",2,- 8 K_1^4 + 4 K_1^3 + 8 K_1^2 K_2 - 12 K_1^2 - 4 K_1 K_2 - 2 K_1 K_3 - K_1 + 7 K_2 + K_3 + 8,O1O2O3O4U2U5U6O7U4O8O6U1U8O5U3U7,O1O2O3U4U5U3U6O7O5U2O8O6U1U8O4U7,O1O2O3U4O5U6U3O7O6U2O8O4U7U1U8U5,c,{'O1O2O3O4U5U2O6U7U4O8O7U1O5U8U6U3'},1,"<a href=""/flatknot/8.850530"">8.850530</a>",t^9-44t^7-132t^6-11t^5+300t^4+170t^3-132t^2-39t+14,-t^2+2t,,
8.850531,O1O2O3O4U5U2O6U7U4O8O7U3O5U1U6U8,4,4z^3+27z^2+68z+61,4w^4z^3+27w^3z^2+68w^2z+61w,False,False,"[[ 0 -2 -1  0  2 -1  1  0  1],[ 2  0 -1  2  3 -1  2  1  1],[ 1  1  0  2  1 -1  1  0  0],[ 0 -2 -2  0  1 -1  1 -1  0],[-2 -3 -1 -1  0 -1 -1 -2 -1],[ 1  1  1  1  1  0  1  1  1],[-1 -2 -1 -1  1 -1  0 -1  0],[ 0 -1  0  1  2 -1  1  0  1],[-1 -1  0  0  1 -1  0 -1  0]]","[[ 0  2  1  1  0  0 -1 -1 -2],[-2  0 -1 -1 -1 -2 -1 -1 -3],[-1  1  0  0  0 -1  0 -1 -1],[-1  1  0  0 -1 -1 -1 -1 -2],[ 0  1  0  1  0 -1 -2 -1 -2],[ 0  2  1  1  1  0  0 -1 -1],[ 1  1  0  1  2  0  0 -1  1],[ 1  1  1  1  1  1  1  0  1],[ 2  3  1  2  2  1 -1 -1  0]]",True,"[-2,-1,-1,0,0,1,1,2,1,1,1,2,1,1,3,0,0,1,0,1,1,1,1,1,1,2,1,2,1,2,0,1,1,1,-1,-1]","[-2,-1,-1,0,0,1,1,2,-1,-1,1,2,1,2,3,-1,0,2,0,1,1,1,1,1,1,1,1,1,1,2,0,1,1,0,1,1]",t^8+44t^6+140t^4+50t^2+1,"[-2,-1,-1,0,0,1,1,2,2,2,0,1,1,2,1,-1,0,0,1,1,2,-1,1,1,2,2,1,0,1,1,0,0,0,0,0,0]","[-2,-1,-1,0,0,1,1,2,0,0,0,1,2,2,1,0,0,0,1,1,1,0,1,1,2,2,1,0,1,1,0,-1,0,1,2,2]","[-2,-1,-1,0,0,1,1,2,-1,-1,1,2,1,2,3,-1,0,2,0,1,1,1,1,1,1,1,1,1,1,2,0,1,1,0,1,1]",c,"[[{8, 1}, {2, 7}, {3, 6}, {4, 5}], [{8, 1}, {2, 7}, {3, 6}, {5}, {4}], [{8, 1}, {2, 7}, {4, 6}, {3, 5}], [{8, 1}, {2, 7}, {4, 6}, {5}, {3}], [{8, 1}, {2, 7}, {5, 6}, {3, 4}], [{8, 1}, {2, 7}, {6}, {5}, {3, 4}], [{8, 1}, {3, 7}, {2, 6}, {4, 5}], [{8, 1}, {3, 7}, {4, 6}, {2, 5}], [{8, 1}, {3, 7}, {4, 6}, {5}, {2}], [{8, 1}, {3, 7}, {5, 6}, {2, 4}], [{8, 1}, {3, 7}, {5, 6}, {4}, {2}], [{8, 1}, {3, 7}, {6}, {4, 5}, {2}], [{8, 1}, {4, 7}, {2, 6}, {3, 5}], [{8, 1}, {4, 7}, {3, 6}, {2, 5}], [{8, 1}, {4, 7}, {3, 6}, {5}, {2}], [{8, 1}, {4, 7}, {5, 6}, {2, 3}], [{8, 1}, {4, 7}, {5, 6}, {3}, {2}], [{8, 1}, {4, 7}, {6}, {3, 5}, {2}], [{8, 1}, {5, 7}, {2, 6}, {3, 4}], [{8, 1}, {5, 7}, {3, 6}, {2, 4}], [{8, 1}, {5, 7}, {4, 6}, {2, 3}], [{8, 1}, {5, 7}, {4, 6}, {3}, {2}], [{8, 1}, {6, 7}, {2, 5}, {3, 4}], [{8, 1}, {6, 7}, {3, 5}, {2, 4}], [{8, 1}, {6, 7}, {3, 5}, {4}, {2}], [{8, 1}, {6, 7}, {4, 5}, {2, 3}], [{8, 1}, {7}, {2, 6}, {4, 5}, {3}], [{8, 1}, {7}, {3, 6}, {5}, {2, 4}], [{8, 1}, {7}, {4, 6}, {2, 5}, {3}], [{8, 1}, {7}, {4, 6}, {3, 5}, {2}], [{8, 1}, {7}, {4, 6}, {5}, {2, 3}], [{8, 1}, {7}, {5, 6}, {3, 4}, {2}], [{8, 2}, {1, 7}, {3, 6}, {4, 5}], [{8, 2}, {1, 7}, {4, 6}, {3, 5}], [{8, 2}, {1, 7}, {5, 6}, {3, 4}], [{8, 2}, {1, 7}, {5, 6}, {4}, {3}], [{8, 2}, {1, 7}, {6}, {5}, {3, 4}], [{8, 2}, {3, 7}, {1, 6}, {4, 5}], [{8, 2}, {3, 7}, {1, 6}, {5}, {4}], [{8, 2}, {3, 7}, {4, 6}, {1, 5}], [{8, 2}, {3, 7}, {5, 6}, {1, 4}], [{8, 2}, {4, 7}, {1, 6}, {3, 5}], [{8, 2}, {4, 7}, {3, 6}, {1, 5}], [{8, 2}, {4, 7}, {5, 6}, {1, 3}], [{8, 2}, {4, 7}, {5, 6}, {3}, {1}], [{8, 2}, {5, 7}, {1, 6}, {3, 4}], [{8, 2}, {5, 7}, {3, 6}, {1, 4}], [{8, 2}, {5, 7}, {4, 6}, {1, 3}], [{8, 2}, {5, 7}, {6}, {1, 4}, {3}], [{8, 2}, {5, 7}, {6}, {3, 4}, {1}], [{8, 2}, {5, 7}, {6}, {4}, {1, 3}], [{8, 2}, {6, 7}, {1, 5}, {3, 4}], [{8, 2}, {6, 7}, {3, 5}, {1, 4}], [{8, 2}, {6, 7}, {3, 5}, {4}, {1}], [{8, 2}, {6, 7}, {4, 5}, {1, 3}], [{8, 2}, {6, 7}, {5}, {1, 4}, {3}], [{8, 2}, {7}, {1, 6}, {4, 5}, {3}], [{8, 2}, {7}, {3, 6}, {1, 5}, {4}], [{8, 2}, {7}, {4, 6}, {1, 5}, {3}], [{8, 2}, {7}, {5, 6}, {1, 4}, {3}], [{8, 2}, {7}, {6}, {1, 5}, {3, 4}], [{8, 3}, {1, 7}, {2, 6}, {4, 5}], [{8, 3}, {1, 7}, {4, 6}, {2, 5}], [{8, 3}, {1, 7}, {4, 6}, {5}, {2}], [{8, 3}, {1, 7}, {5, 6}, {2, 4}], [{8, 3}, {1, 7}, {5, 6}, {4}, {2}], [{8, 3}, {1, 7}, {6}, {4, 5}, {2}], [{8, 3}, {2, 7}, {1, 6}, {4, 5}], [{8, 3}, {2, 7}, {4, 6}, {1, 5}], [{8, 3}, {2, 7}, {5, 6}, {1, 4}], [{8, 3}, {4, 7}, {1, 6}, {2, 5}], [{8, 3}, {4, 7}, {2, 6}, {1, 5}], [{8, 3}, {4, 7}, {5, 6}, {1, 2}], [{8, 3}, {5, 7}, {1, 6}, {2, 4}], [{8, 3}, {5, 7}, {2, 6}, {1, 4}], [{8, 3}, {5, 7}, {4, 6}, {1, 2}], [{8, 3}, {6, 7}, {1, 5}, {2, 4}], [{8, 3}, {6, 7}, {2, 5}, {1, 4}], [{8, 3}, {6, 7}, {4, 5}, {1, 2}], [{8, 3}, {6, 7}, {5}, {1, 4}, {2}], [{8, 3}, {7}, {1, 6}, {5}, {2, 4}], [{8, 3}, {7}, {2, 6}, {1, 5}, {4}], [{8, 3}, {7}, {4, 6}, {2, 5}, {1}], [{8, 4}, {1, 7}, {2, 6}, {3, 5}], [{8, 4}, {1, 7}, {3, 6}, {2, 5}], [{8, 4}, {1, 7}, {5, 6}, {2, 3}], [{8, 4}, {1, 7}, {6}, {3, 5}, {2}], [{8, 4}, {2, 7}, {1, 6}, {3, 5}], [{8, 4}, {2, 7}, {3, 6}, {1, 5}], [{8, 4}, {2, 7}, {5, 6}, {1, 3}], [{8, 4}, {3, 7}, {1, 6}, {2, 5}], [{8, 4}, {3, 7}, {2, 6}, {1, 5}], [{8, 4}, {3, 7}, {5, 6}, {1, 2}], [{8, 4}, {5, 7}, {1, 6}, {2, 3}], [{8, 4}, {5, 7}, {2, 6}, {1, 3}], [{8, 4}, {5, 7}, {3, 6}, {1, 2}], [{8, 4}, {6, 7}, {1, 5}, {2, 3}], [{8, 4}, {6, 7}, {2, 5}, {1, 3}], [{8, 4}, {6, 7}, {3, 5}, {1, 2}], [{8, 4}, {6, 7}, {3, 5}, {2}, {1}], [{8, 4}, {7}, {1, 6}, {2, 5}, {3}], [{8, 4}, {7}, {1, 6}, {3, 5}, {2}], [{8, 4}, {7}, {1, 6}, {5}, {2, 3}], [{8, 4}, {7}, {2, 6}, {1, 5}, {3}], [{8, 4}, {7}, {3, 6}, {2, 5}, {1}], [{8, 4}, {7}, {6}, {2, 5}, {1, 3}], [{8, 5}, {1, 7}, {2, 6}, {3, 4}], [{8, 5}, {1, 7}, {3, 6}, {2, 4}], [{8, 5}, {1, 7}, {4, 6}, {2, 3}], [{8, 5}, {2, 7}, {1, 6}, {3, 4}], [{8, 5}, {2, 7}, {3, 6}, {1, 4}], [{8, 5}, {2, 7}, {4, 6}, {1, 3}], [{8, 5}, {2, 7}, {6}, {1, 4}, {3}], [{8, 5}, {2, 7}, {6}, {3, 4}, {1}], [{8, 5}, {2, 7}, {6}, {4}, {1, 3}], [{8, 5}, {3, 7}, {1, 6}, {2, 4}], [{8, 5}, {3, 7}, {2, 6}, {1, 4}], [{8, 5}, {3, 7}, {4, 6}, {1, 2}], [{8, 5}, {4, 7}, {1, 6}, {2, 3}], [{8, 5}, {4, 7}, {2, 6}, {1, 3}], [{8, 5}, {4, 7}, {3, 6}, {1, 2}], [{8, 5}, {6, 7}, {1, 4}, {2, 3}], [{8, 5}, {6, 7}, {1, 4}, {3}, {2}], [{8, 5}, {6, 7}, {2, 4}, {1, 3}], [{8, 5}, {6, 7}, {3, 4}, {1, 2}], [{8, 5}, {7}, {1, 6}, {3, 4}, {2}], [{8, 5}, {7}, {2, 6}, {1, 4}, {3}], [{8, 6}, {1, 7}, {2, 5}, {3, 4}], [{8, 6}, {1, 7}, {3, 5}, {2, 4}], [{8, 6}, {1, 7}, {4, 5}, {2, 3}], [{8, 6}, {2, 7}, {1, 5}, {3, 4}], [{8, 6}, {2, 7}, {3, 5}, {1, 4}], [{8, 6}, {2, 7}, {4, 5}, {1, 3}], [{8, 6}, {2, 7}, {5}, {3, 4}, {1}], [{8, 6}, {3, 7}, {1, 5}, {2, 4}], [{8, 6}, {3, 7}, {2, 5}, {1, 4}], [{8, 6}, {3, 7}, {4, 5}, {1, 2}], [{8, 6}, {3, 7}, {5}, {1, 4}, {2}], [{8, 6}, {4, 7}, {1, 5}, {2, 3}], [{8, 6}, {4, 7}, {2, 5}, {1, 3}], [{8, 6}, {4, 7}, {3, 5}, {1, 2}], [{8, 6}, {4, 7}, {5}, {1, 3}, {2}], [{8, 6}, {5, 7}, {1, 4}, {2, 3}], [{8, 6}, {5, 7}, {2, 4}, {1, 3}], [{8, 6}, {5, 7}, {3, 4}, {1, 2}], [{8, 6}, {7}, {1, 5}, {3, 4}, {2}], [{8, 6}, {7}, {2, 5}, {4}, {1, 3}], [{8, 7}, {1, 6}, {2, 5}, {3, 4}], [{8, 7}, {1, 6}, {3, 5}, {2, 4}], [{8, 7}, {1, 6}, {4, 5}, {2, 3}], [{8, 7}, {2, 6}, {1, 5}, {3, 4}], [{8, 7}, {2, 6}, {3, 5}, {1, 4}], [{8, 7}, {2, 6}, {4, 5}, {1, 3}], [{8, 7}, {3, 6}, {1, 5}, {2, 4}], [{8, 7}, {3, 6}, {2, 5}, {1, 4}], [{8, 7}, {3, 6}, {4, 5}, {1, 2}], [{8, 7}, {3, 6}, {5}, {1, 4}, {2}], [{8, 7}, {3, 6}, {5}, {2, 4}, {1}], [{8, 7}, {3, 6}, {5}, {4}, {1, 2}], [{8, 7}, {4, 6}, {1, 5}, {2, 3}], [{8, 7}, {4, 6}, {2, 5}, {1, 3}], [{8, 7}, {4, 6}, {3, 5}, {1, 2}], [{8, 7}, {5, 6}, {1, 4}, {2, 3}], [{8, 7}, {5, 6}, {2, 4}, {1, 3}], [{8, 7}, {5, 6}, {3, 4}, {1, 2}], [{8, 7}, {6}, {1, 5}, {3, 4}, {2}], [{8, 7}, {6}, {2, 5}, {4}, {1, 3}], [{8}, {1, 7}, {3, 6}, {5}, {2, 4}], [{8}, {1, 7}, {5, 6}, {4}, {2, 3}], [{8}, {2, 7}, {1, 6}, {5}, {3, 4}], [{8}, {2, 7}, {5, 6}, {3, 4}, {1}], [{8}, {2, 7}, {6}, {1, 5}, {3, 4}], [{8}, {3, 7}, {2, 6}, {4, 5}, {1}], [{8}, {4, 7}, {5, 6}, {3}, {1, 2}], [{8}, {4, 7}, {6}, {2, 5}, {1, 3}], [{8}, {6, 7}, {1, 5}, {2, 4}, {3}], [{8}, {6, 7}, {1, 5}, {3, 4}, {2}], [{8}, {6, 7}, {1, 5}, {4}, {2, 3}], [{8}, {6, 7}, {2, 5}, {1, 4}, {3}], [{8}, {6, 7}, {2, 5}, {3, 4}, {1}], [{8}, {6, 7}, {2, 5}, {4}, {1, 3}], [{8}, {6, 7}, {3, 5}, {1, 4}, {2}], [{8}, {6, 7}, {3, 5}, {2, 4}, {1}], [{8}, {6, 7}, {3, 5}, {4}, {1, 2}], [{8}, {6, 7}, {3, 5}, {4}, {2}, {1}], [{8}, {6, 7}, {4, 5}, {1, 3}, {2}], [{8}, {6, 7}, {4, 5}, {2, 3}, {1}], [{8}, {6, 7}, {4, 5}, {3}, {1, 2}], [{8}, {6, 7}, {5}, {1, 4}, {2, 3}], [{8}, {6, 7}, {5}, {1, 4}, {3}, {2}], [{8}, {6, 7}, {5}, {2, 4}, {1, 3}], [{8}, {6, 7}, {5}, {3, 4}, {1, 2}], [{8}, {7}, {2, 6}, {1, 5}, {3, 4}], [{8}, {7}, {4, 6}, {2, 5}, {1, 3}], [{8}, {7}, {6}, {1, 5}, {3, 4}, {2}], [{8}, {7}, {6}, {2, 5}, {4}, {1, 3}]]",2,- 8 K_1^4 + 4 K_1^3 + 8 K_1^2 K_2 - 12 K_1^2 - 8 K_1 K_2 + K_1 - 2 K_2^2 + 6 K_2 + 3 K_3 + 9,O1O2O3O4U5U6U4O7U2O8O5U1U8O6U3U7,O1O2O3U1U4U5U6O7O4U2O8O6U3U8O5U7,O1O2O3U4O5U6U1O7O6U2O8O4U7U5U8U3,c,"{'O1O2O3O4U5U2U6O7U4O6O8U3O5U1U8U7', 'O1O2O3O4U5U2O6U7U4O8O7U3O5U1U6U8'}",2,"<a href=""/flatknot/8.850531"">8.850531</a>",t^9-44t^7-152t^6-142t^5+58t^4+105t^3-20t^2-38t-4,0,,
8.850532,O1O2O3O4U5U2O6U7U4O8O7U3O5U1U8U6,4,2z^3+24z^2+87z+95,2w^4z^3-6w^4z^2+30w^3z^2-10w^3z+97w^2z+95w,False,False,"[[ 0 -2 -1  0  2 -1  2  0  0],[ 2  0 -1  2  3 -1  3  1  0],[ 1  1  0  2  1 -1  1  0  0],[ 0 -2 -2  0  1 -1  2 -1 -1],[-2 -3 -1 -1  0 -1 -1 -2 -2],[ 1  1  1  1  1  0  1  1  1],[-2 -3 -1 -2  1 -1  0 -1 -1],[ 0 -1  0  1  2 -1  1  0  0],[ 0  0  0  1  2 -1  1  0  0]]","[[ 0  2  2  0  0  0 -1 -1 -2],[-2  0  1 -1 -1 -2 -1 -1 -3],[-2 -1  0 -2 -2 -1 -1 -1 -3],[ 0  1  2  0  0  1  0 -1  0],[ 0  1  2  0  0  1  0 -1 -1],[ 0  2  1 -1 -1  0 -2 -1 -2],[ 1  1  1  0  0  2  0 -1  1],[ 1  1  1  1  1  1  1  0  1],[ 2  3  3  0  1  2 -1 -1  0]]",True,"[-2,-2,0,0,0,1,1,2,-1,1,1,2,1,1,3,2,2,1,1,1,3,0,-1,0,1,0,-1,0,1,1,2,1,2,1,-1,-1]","[-2,-2,0,0,0,1,1,2,-1,0,0,1,2,2,1,1,1,0,2,2,1,0,1,0,1,1,1,0,1,2,0,-1,0,1,2,2]",t^8+55t^6+224t^4+88t^2+4,"[-2,-1,-1,0,0,0,2,2,2,2,0,1,2,1,1,-1,0,0,0,2,2,-1,1,1,2,2,1,1,0,1,0,1,0,1,0,-1]","[-2,-2,0,0,0,1,1,2,-1,0,0,1,2,2,1,1,1,0,2,2,1,0,1,0,1,1,1,0,1,2,0,-1,0,1,2,2]","[-2,-1,-1,0,0,0,2,2,-1,-1,0,1,2,3,3,-1,0,0,2,1,1,1,1,1,1,1,0,1,1,2,1,1,2,2,1,1]",c,"[[{8, 1}, {2, 7}, {3, 6}, {4, 5}], [{8, 1}, {2, 7}, {4, 6}, {3, 5}], [{8, 1}, {2, 7}, {5, 6}, {3, 4}], [{8, 1}, {3, 7}, {2, 6}, {4, 5}], [{8, 1}, {3, 7}, {4, 6}, {2, 5}], [{8, 1}, {3, 7}, {5, 6}, {2, 4}], [{8, 1}, {3, 7}, {5, 6}, {4}, {2}], [{8, 1}, {3, 7}, {6}, {5}, {2, 4}], [{8, 1}, {4, 7}, {2, 6}, {3, 5}], [{8, 1}, {4, 7}, {3, 6}, {2, 5}], [{8, 1}, {4, 7}, {5, 6}, {2, 3}], [{8, 1}, {4, 7}, {6}, {3, 5}, {2}], [{8, 1}, {5, 7}, {2, 6}, {3, 4}], [{8, 1}, {5, 7}, {3, 6}, {2, 4}], [{8, 1}, {5, 7}, {4, 6}, {2, 3}], [{8, 1}, {6, 7}, {2, 5}, {3, 4}], [{8, 1}, {6, 7}, {3, 5}, {2, 4}], [{8, 1}, {6, 7}, {4, 5}, {2, 3}], [{8, 1}, {6, 7}, {5}, {2, 4}, {3}], [{8, 1}, {7}, {2, 6}, {4, 5}, {3}], [{8, 1}, {7}, {3, 6}, {5}, {2, 4}], [{8, 2}, {1, 7}, {3, 6}, {4, 5}], [{8, 2}, {1, 7}, {4, 6}, {3, 5}], [{8, 2}, {1, 7}, {5, 6}, {3, 4}], [{8, 2}, {3, 7}, {1, 6}, {4, 5}], [{8, 2}, {3, 7}, {4, 6}, {1, 5}], [{8, 2}, {3, 7}, {5, 6}, {1, 4}], [{8, 2}, {3, 7}, {6}, {5}, {1, 4}], [{8, 2}, {4, 7}, {1, 6}, {3, 5}], [{8, 2}, {4, 7}, {3, 6}, {1, 5}], [{8, 2}, {4, 7}, {5, 6}, {1, 3}], [{8, 2}, {5, 7}, {1, 6}, {3, 4}], [{8, 2}, {5, 7}, {3, 6}, {1, 4}], [{8, 2}, {5, 7}, {4, 6}, {1, 3}], [{8, 2}, {6, 7}, {1, 5}, {3, 4}], [{8, 2}, {6, 7}, {3, 5}, {1, 4}], [{8, 2}, {6, 7}, {4, 5}, {1, 3}], [{8, 2}, {6, 7}, {5}, {1, 4}, {3}], [{8, 2}, {7}, {3, 6}, {5}, {1, 4}], [{8, 3}, {1, 7}, {2, 6}, {4, 5}], [{8, 3}, {1, 7}, {4, 6}, {2, 5}], [{8, 3}, {1, 7}, {5, 6}, {2, 4}], [{8, 3}, {2, 7}, {1, 6}, {4, 5}], [{8, 3}, {2, 7}, {4, 6}, {1, 5}], [{8, 3}, {2, 7}, {5, 6}, {1, 4}], [{8, 3}, {4, 7}, {1, 6}, {2, 5}], [{8, 3}, {4, 7}, {2, 6}, {1, 5}], [{8, 3}, {4, 7}, {5, 6}, {1, 2}], [{8, 3}, {5, 7}, {1, 6}, {2, 4}], [{8, 3}, {5, 7}, {2, 6}, {1, 4}], [{8, 3}, {5, 7}, {4, 6}, {1, 2}], [{8, 3}, {6, 7}, {1, 5}, {2, 4}], [{8, 3}, {6, 7}, {2, 5}, {1, 4}], [{8, 3}, {6, 7}, {4, 5}, {1, 2}], [{8, 3}, {7}, {2, 6}, {4, 5}, {1}], [{8, 3}, {7}, {4, 6}, {2, 5}, {1}], [{8, 4}, {1, 7}, {2, 6}, {3, 5}], [{8, 4}, {1, 7}, {3, 6}, {2, 5}], [{8, 4}, {1, 7}, {3, 6}, {5}, {2}], [{8, 4}, {1, 7}, {5, 6}, {2, 3}], [{8, 4}, {1, 7}, {5, 6}, {3}, {2}], [{8, 4}, {1, 7}, {6}, {3, 5}, {2}], [{8, 4}, {2, 7}, {1, 6}, {3, 5}], [{8, 4}, {2, 7}, {3, 6}, {1, 5}], [{8, 4}, {2, 7}, {3, 6}, {5}, {1}], [{8, 4}, {2, 7}, {5, 6}, {1, 3}], [{8, 4}, {2, 7}, {6}, {1, 5}, {3}], [{8, 4}, {3, 7}, {1, 6}, {2, 5}], [{8, 4}, {3, 7}, {1, 6}, {5}, {2}], [{8, 4}, {3, 7}, {2, 6}, {1, 5}], [{8, 4}, {3, 7}, {5, 6}, {1, 2}], [{8, 4}, {3, 7}, {5, 6}, {2}, {1}], [{8, 4}, {3, 7}, {6}, {1, 5}, {2}], [{8, 4}, {5, 7}, {1, 6}, {2, 3}], [{8, 4}, {5, 7}, {1, 6}, {3}, {2}], [{8, 4}, {5, 7}, {2, 6}, {1, 3}], [{8, 4}, {5, 7}, {3, 6}, {1, 2}], [{8, 4}, {5, 7}, {3, 6}, {2}, {1}], [{8, 4}, {5, 7}, {6}, {1, 3}, {2}], [{8, 4}, {6, 7}, {1, 5}, {2, 3}], [{8, 4}, {6, 7}, {1, 5}, {3}, {2}], [{8, 4}, {6, 7}, {2, 5}, {1, 3}], [{8, 4}, {6, 7}, {3, 5}, {1, 2}], [{8, 4}, {6, 7}, {3, 5}, {2}, {1}], [{8, 4}, {6, 7}, {5}, {1, 3}, {2}], [{8, 4}, {7}, {1, 6}, {3, 5}, {2}], [{8, 4}, {7}, {2, 6}, {1, 5}, {3}], [{8, 4}, {7}, {3, 6}, {1, 5}, {2}], [{8, 4}, {7}, {3, 6}, {2, 5}, {1}], [{8, 4}, {7}, {3, 6}, {5}, {1, 2}], [{8, 4}, {7}, {3, 6}, {5}, {2}, {1}], [{8, 4}, {7}, {5, 6}, {1, 3}, {2}], [{8, 4}, {7}, {6}, {1, 5}, {2, 3}], [{8, 4}, {7}, {6}, {1, 5}, {3}, {2}], [{8, 5}, {1, 7}, {2, 6}, {3, 4}], [{8, 5}, {1, 7}, {3, 6}, {2, 4}], [{8, 5}, {1, 7}, {4, 6}, {2, 3}], [{8, 5}, {2, 7}, {1, 6}, {3, 4}], [{8, 5}, {2, 7}, {3, 6}, {1, 4}], [{8, 5}, {2, 7}, {4, 6}, {1, 3}], [{8, 5}, {2, 7}, {6}, {4}, {1, 3}], [{8, 5}, {3, 7}, {1, 6}, {2, 4}], [{8, 5}, {3, 7}, {2, 6}, {1, 4}], [{8, 5}, {3, 7}, {4, 6}, {1, 2}], [{8, 5}, {3, 7}, {6}, {1, 4}, {2}], [{8, 5}, {4, 7}, {1, 6}, {2, 3}], [{8, 5}, {4, 7}, {2, 6}, {1, 3}], [{8, 5}, {4, 7}, {3, 6}, {1, 2}], [{8, 5}, {6, 7}, {1, 4}, {2, 3}], [{8, 5}, {6, 7}, {2, 4}, {1, 3}], [{8, 5}, {6, 7}, {3, 4}, {1, 2}], [{8, 5}, {6, 7}, {3, 4}, {2}, {1}], [{8, 5}, {7}, {3, 6}, {4}, {1, 2}], [{8, 6}, {1, 7}, {2, 5}, {3, 4}], [{8, 6}, {1, 7}, {3, 5}, {2, 4}], [{8, 6}, {1, 7}, {3, 5}, {4}, {2}], [{8, 6}, {1, 7}, {4, 5}, {2, 3}], [{8, 6}, {2, 7}, {1, 5}, {3, 4}], [{8, 6}, {2, 7}, {3, 5}, {1, 4}], [{8, 6}, {2, 7}, {4, 5}, {1, 3}], [{8, 6}, {3, 7}, {1, 5}, {2, 4}], [{8, 6}, {3, 7}, {2, 5}, {1, 4}], [{8, 6}, {3, 7}, {4, 5}, {1, 2}], [{8, 6}, {3, 7}, {5}, {1, 4}, {2}], [{8, 6}, {4, 7}, {1, 5}, {2, 3}], [{8, 6}, {4, 7}, {2, 5}, {1, 3}], [{8, 6}, {4, 7}, {3, 5}, {1, 2}], [{8, 6}, {5, 7}, {1, 4}, {2, 3}], [{8, 6}, {5, 7}, {2, 4}, {1, 3}], [{8, 6}, {5, 7}, {3, 4}, {1, 2}], [{8, 7}, {1, 6}, {2, 5}, {3, 4}], [{8, 7}, {1, 6}, {3, 5}, {2, 4}], [{8, 7}, {1, 6}, {4, 5}, {2, 3}], [{8, 7}, {2, 6}, {1, 5}, {3, 4}], [{8, 7}, {2, 6}, {3, 5}, {1, 4}], [{8, 7}, {2, 6}, {4, 5}, {1, 3}], [{8, 7}, {2, 6}, {4, 5}, {3}, {1}], [{8, 7}, {3, 6}, {1, 5}, {2, 4}], [{8, 7}, {3, 6}, {2, 5}, {1, 4}], [{8, 7}, {3, 6}, {4, 5}, {1, 2}], [{8, 7}, {3, 6}, {5}, {4}, {1, 2}], [{8, 7}, {4, 6}, {1, 5}, {2, 3}], [{8, 7}, {4, 6}, {2, 5}, {1, 3}], [{8, 7}, {4, 6}, {3, 5}, {1, 2}], [{8, 7}, {5, 6}, {1, 4}, {2, 3}], [{8, 7}, {5, 6}, {2, 4}, {1, 3}], [{8, 7}, {5, 6}, {3, 4}, {1, 2}], [{8, 7}, {6}, {5}, {1, 4}, {2, 3}], [{8}, {1, 7}, {2, 6}, {4, 5}, {3}], [{8}, {1, 7}, {4, 6}, {3, 5}, {2}], [{8}, {1, 7}, {6}, {2, 5}, {3, 4}], [{8}, {2, 7}, {1, 6}, {5}, {3, 4}], [{8}, {2, 7}, {6}, {3, 5}, {1, 4}], [{8}, {3, 7}, {2, 6}, {1, 5}, {4}], [{8}, {3, 7}, {2, 6}, {4, 5}, {1}], [{8}, {3, 7}, {2, 6}, {5}, {1, 4}], [{8}, {3, 7}, {5, 6}, {1, 4}, {2}], [{8}, {3, 7}, {6}, {2, 5}, {1, 4}], [{8}, {4, 7}, {3, 6}, {5}, {1, 2}], [{8}, {4, 7}, {6}, {2, 5}, {1, 3}], [{8}, {5, 7}, {3, 6}, {4}, {1, 2}], [{8}, {6, 7}, {1, 5}, {4}, {2, 3}], [{8}, {7}, {2, 6}, {4, 5}, {1, 3}], [{8}, {7}, {3, 6}, {4, 5}, {1, 2}], [{8}, {7}, {3, 6}, {5}, {4}, {1, 2}]]",2,- 8 K_1^4 + 8 K_1^3 + 8 K_1^2 K_2 - 12 K_1^2 - 16 K_1 K_2 - 2 K_1 K_3 + 2 K_1 + 7 K_2 + 6 K_3 + 8,O1O2O3O4U5U6U4O7U2O8O6U1U8O5U3U7,O1O2O3U1U4U5U6O7O4U3O8O6U2U8O5U7,O1O2O3U4O5U6U2O7O6U1O8O4U7U5U8U3,c,{'O1O2O3O4U5U2O6U7U4O8O7U3O5U1U8U6'},1,"<a href=""/flatknot/8.850532"">8.850532</a>",t^9-53t^7-192t^6-159t^5+142t^4+159t^3+66t^2+52t-16,-t^2+2t,,
8.850533,O1O2O3O4U5U2O6U7U4O8O7U3O5U6U1U8,4,3z^3+30z^2+106z+117,3w^4z^3+30w^3z^2+106w^2z+117w,False,False,"[[ 0 -1 -1  0  2 -1  0  0  1],[ 1  0 -1  1  2 -1  1  0  1],[ 1  1  0  2  1 -1  1  0  0],[ 0 -1 -2  0  1 -1  1 -1  0],[-2 -2 -1 -1  0 -1 -1 -2 -1],[ 1  1  1  1  1  0  0  1  1],[ 0 -1 -1 -1  1  0  0  0  0],[ 0  0  0  1  2 -1  0  0  1],[-1 -1  0  0  1 -1  0 -1  0]]","[[ 0  2  1  0  0  0 -1 -1 -1],[-2  0 -1 -1 -1 -2 -1 -1 -2],[-1  1  0  0  0 -1  0 -1 -1],[ 0  1  0  0  1 -1 -2 -1 -1],[ 0  1  0 -1  0  0 -1  0 -1],[ 0  2  1  1  0  0  0 -1  0],[ 1  1  0  2  1  0  0 -1  1],[ 1  1  1  1  0  1  1  0  1],[ 1  2  1  1  1  0 -1 -1  0]]",True,"[-2,-1,0,0,0,1,1,1,1,1,1,2,1,1,2,0,0,1,0,1,1,-1,1,2,1,1,0,1,0,1,0,1,0,1,-1,-1]","[-2,-1,0,0,0,1,1,1,0,0,1,1,1,2,2,0,1,1,1,1,2,0,1,1,0,1,-1,0,1,0,0,0,-1,-1,-1,1]",t^8+30t^6+111t^4+29t^2,"[-1,-1,-1,0,0,0,1,2,-1,-1,0,0,1,1,2,-1,-1,1,0,2,2,0,1,0,1,1,1,-1,1,1,0,0,0,1,1,0]","[-2,-1,0,0,0,1,1,1,0,0,1,1,1,2,2,0,1,1,1,1,2,0,1,1,0,1,-1,0,1,0,0,0,-1,-1,-1,1]","[-1,-1,-1,0,0,0,1,2,-1,-1,0,1,1,1,2,-1,0,1,2,0,1,1,0,1,1,1,0,1,1,2,-1,0,1,0,1,1]",c,"[[{8, 1}, {2, 7}, {3, 6}, {4, 5}], [{8, 1}, {2, 7}, {4, 6}, {3, 5}], [{8, 1}, {2, 7}, {5, 6}, {3, 4}], [{8, 1}, {2, 7}, {6}, {5}, {3, 4}], [{8, 1}, {3, 7}, {2, 6}, {4, 5}], [{8, 1}, {3, 7}, {4, 6}, {2, 5}], [{8, 1}, {3, 7}, {4, 6}, {5}, {2}], [{8, 1}, {3, 7}, {5, 6}, {2, 4}], [{8, 1}, {4, 7}, {2, 6}, {3, 5}], [{8, 1}, {4, 7}, {3, 6}, {2, 5}], [{8, 1}, {4, 7}, {5, 6}, {2, 3}], [{8, 1}, {5, 7}, {2, 6}, {3, 4}], [{8, 1}, {5, 7}, {3, 6}, {2, 4}], [{8, 1}, {5, 7}, {4, 6}, {2, 3}], [{8, 1}, {6, 7}, {2, 5}, {3, 4}], [{8, 1}, {6, 7}, {3, 5}, {2, 4}], [{8, 1}, {6, 7}, {3, 5}, {4}, {2}], [{8, 1}, {6, 7}, {4, 5}, {2, 3}], [{8, 1}, {7}, {3, 6}, {2, 5}, {4}], [{8, 1}, {7}, {3, 6}, {4, 5}, {2}], [{8, 1}, {7}, {3, 6}, {5}, {2, 4}], [{8, 2}, {1, 7}, {3, 6}, {4, 5}], [{8, 2}, {1, 7}, {4, 6}, {3, 5}], [{8, 2}, {1, 7}, {5, 6}, {3, 4}], [{8, 2}, {1, 7}, {5, 6}, {4}, {3}], [{8, 2}, {1, 7}, {6}, {5}, {3, 4}], [{8, 2}, {3, 7}, {1, 6}, {4, 5}], [{8, 2}, {3, 7}, {4, 6}, {1, 5}], [{8, 2}, {3, 7}, {5, 6}, {1, 4}], [{8, 2}, {3, 7}, {6}, {1, 5}, {4}], [{8, 2}, {3, 7}, {6}, {4, 5}, {1}], [{8, 2}, {3, 7}, {6}, {5}, {1, 4}], [{8, 2}, {4, 7}, {1, 6}, {3, 5}], [{8, 2}, {4, 7}, {3, 6}, {1, 5}], [{8, 2}, {4, 7}, {5, 6}, {1, 3}], [{8, 2}, {4, 7}, {6}, {3, 5}, {1}], [{8, 2}, {5, 7}, {1, 6}, {3, 4}], [{8, 2}, {5, 7}, {1, 6}, {4}, {3}], [{8, 2}, {5, 7}, {3, 6}, {1, 4}], [{8, 2}, {5, 7}, {4, 6}, {1, 3}], [{8, 2}, {6, 7}, {1, 5}, {3, 4}], [{8, 2}, {6, 7}, {3, 5}, {1, 4}], [{8, 2}, {6, 7}, {3, 5}, {4}, {1}], [{8, 2}, {6, 7}, {4, 5}, {1, 3}], [{8, 2}, {7}, {4, 6}, {3, 5}, {1}], [{8, 2}, {7}, {5, 6}, {3, 4}, {1}], [{8, 3}, {1, 7}, {2, 6}, {4, 5}], [{8, 3}, {1, 7}, {4, 6}, {2, 5}], [{8, 3}, {1, 7}, {4, 6}, {5}, {2}], [{8, 3}, {1, 7}, {5, 6}, {2, 4}], [{8, 3}, {2, 7}, {1, 6}, {4, 5}], [{8, 3}, {2, 7}, {4, 6}, {1, 5}], [{8, 3}, {2, 7}, {5, 6}, {1, 4}], [{8, 3}, {2, 7}, {6}, {5}, {1, 4}], [{8, 3}, {4, 7}, {1, 6}, {2, 5}], [{8, 3}, {4, 7}, {2, 6}, {1, 5}], [{8, 3}, {4, 7}, {5, 6}, {1, 2}], [{8, 3}, {4, 7}, {5, 6}, {2}, {1}], [{8, 3}, {5, 7}, {1, 6}, {2, 4}], [{8, 3}, {5, 7}, {2, 6}, {1, 4}], [{8, 3}, {5, 7}, {4, 6}, {1, 2}], [{8, 3}, {6, 7}, {1, 5}, {2, 4}], [{8, 3}, {6, 7}, {1, 5}, {4}, {2}], [{8, 3}, {6, 7}, {2, 5}, {1, 4}], [{8, 3}, {6, 7}, {4, 5}, {1, 2}], [{8, 3}, {7}, {1, 6}, {5}, {2, 4}], [{8, 3}, {7}, {4, 6}, {2, 5}, {1}], [{8, 4}, {1, 7}, {2, 6}, {3, 5}], [{8, 4}, {1, 7}, {3, 6}, {2, 5}], [{8, 4}, {1, 7}, {5, 6}, {2, 3}], [{8, 4}, {1, 7}, {6}, {3, 5}, {2}], [{8, 4}, {2, 7}, {1, 6}, {3, 5}], [{8, 4}, {2, 7}, {1, 6}, {5}, {3}], [{8, 4}, {2, 7}, {3, 6}, {1, 5}], [{8, 4}, {2, 7}, {3, 6}, {5}, {1}], [{8, 4}, {2, 7}, {5, 6}, {1, 3}], [{8, 4}, {2, 7}, {5, 6}, {3}, {1}], [{8, 4}, {2, 7}, {6}, {1, 5}, {3}], [{8, 4}, {2, 7}, {6}, {3, 5}, {1}], [{8, 4}, {2, 7}, {6}, {5}, {1, 3}], [{8, 4}, {2, 7}, {6}, {5}, {3}, {1}], [{8, 4}, {3, 7}, {1, 6}, {2, 5}], [{8, 4}, {3, 7}, {2, 6}, {1, 5}], [{8, 4}, {3, 7}, {5, 6}, {1, 2}], [{8, 4}, {3, 7}, {6}, {2, 5}, {1}], [{8, 4}, {5, 7}, {1, 6}, {2, 3}], [{8, 4}, {5, 7}, {2, 6}, {1, 3}], [{8, 4}, {5, 7}, {3, 6}, {1, 2}], [{8, 4}, {5, 7}, {6}, {2, 3}, {1}], [{8, 4}, {6, 7}, {1, 5}, {2, 3}], [{8, 4}, {6, 7}, {2, 5}, {1, 3}], [{8, 4}, {6, 7}, {3, 5}, {1, 2}], [{8, 4}, {6, 7}, {3, 5}, {2}, {1}], [{8, 4}, {7}, {1, 6}, {3, 5}, {2}], [{8, 4}, {7}, {2, 6}, {3, 5}, {1}], [{8, 4}, {7}, {6}, {3, 5}, {1, 2}], [{8, 4}, {7}, {6}, {3, 5}, {2}, {1}], [{8, 5}, {1, 7}, {2, 6}, {3, 4}], [{8, 5}, {1, 7}, {3, 6}, {2, 4}], [{8, 5}, {1, 7}, {4, 6}, {2, 3}], [{8, 5}, {1, 7}, {6}, {4}, {2, 3}], [{8, 5}, {2, 7}, {1, 6}, {3, 4}], [{8, 5}, {2, 7}, {3, 6}, {1, 4}], [{8, 5}, {2, 7}, {4, 6}, {1, 3}], [{8, 5}, {3, 7}, {1, 6}, {2, 4}], [{8, 5}, {3, 7}, {2, 6}, {1, 4}], [{8, 5}, {3, 7}, {4, 6}, {1, 2}], [{8, 5}, {4, 7}, {1, 6}, {2, 3}], [{8, 5}, {4, 7}, {2, 6}, {1, 3}], [{8, 5}, {4, 7}, {3, 6}, {1, 2}], [{8, 5}, {4, 7}, {6}, {2, 3}, {1}], [{8, 5}, {6, 7}, {1, 4}, {2, 3}], [{8, 5}, {6, 7}, {2, 4}, {1, 3}], [{8, 5}, {6, 7}, {3, 4}, {1, 2}], [{8, 5}, {6, 7}, {4}, {1, 3}, {2}], [{8, 5}, {7}, {6}, {1, 4}, {2, 3}], [{8, 5}, {7}, {6}, {2, 4}, {1, 3}], [{8, 5}, {7}, {6}, {3, 4}, {1, 2}], [{8, 6}, {1, 7}, {2, 5}, {3, 4}], [{8, 6}, {1, 7}, {3, 5}, {2, 4}], [{8, 6}, {1, 7}, {4, 5}, {2, 3}], [{8, 6}, {1, 7}, {5}, {3, 4}, {2}], [{8, 6}, {2, 7}, {1, 5}, {3, 4}], [{8, 6}, {2, 7}, {3, 5}, {1, 4}], [{8, 6}, {2, 7}, {3, 5}, {4}, {1}], [{8, 6}, {2, 7}, {4, 5}, {1, 3}], [{8, 6}, {3, 7}, {1, 5}, {2, 4}], [{8, 6}, {3, 7}, {1, 5}, {4}, {2}], [{8, 6}, {3, 7}, {2, 5}, {1, 4}], [{8, 6}, {3, 7}, {4, 5}, {1, 2}], [{8, 6}, {3, 7}, {4, 5}, {2}, {1}], [{8, 6}, {3, 7}, {5}, {1, 4}, {2}], [{8, 6}, {4, 7}, {1, 5}, {2, 3}], [{8, 6}, {4, 7}, {2, 5}, {1, 3}], [{8, 6}, {4, 7}, {3, 5}, {1, 2}], [{8, 6}, {4, 7}, {3, 5}, {2}, {1}], [{8, 6}, {5, 7}, {1, 4}, {2, 3}], [{8, 6}, {5, 7}, {2, 4}, {1, 3}], [{8, 6}, {5, 7}, {3, 4}, {1, 2}], [{8, 6}, {5, 7}, {4}, {2, 3}, {1}], [{8, 6}, {7}, {3, 5}, {2, 4}, {1}], [{8, 7}, {1, 6}, {2, 5}, {3, 4}], [{8, 7}, {1, 6}, {3, 5}, {2, 4}], [{8, 7}, {1, 6}, {4, 5}, {2, 3}], [{8, 7}, {2, 6}, {1, 5}, {3, 4}], [{8, 7}, {2, 6}, {3, 5}, {1, 4}], [{8, 7}, {2, 6}, {3, 5}, {4}, {1}], [{8, 7}, {2, 6}, {4, 5}, {1, 3}], [{8, 7}, {3, 6}, {1, 5}, {2, 4}], [{8, 7}, {3, 6}, {2, 5}, {1, 4}], [{8, 7}, {3, 6}, {4, 5}, {1, 2}], [{8, 7}, {4, 6}, {1, 5}, {2, 3}], [{8, 7}, {4, 6}, {2, 5}, {1, 3}], [{8, 7}, {4, 6}, {3, 5}, {1, 2}], [{8, 7}, {4, 6}, {3, 5}, {2}, {1}], [{8, 7}, {5, 6}, {1, 4}, {2, 3}], [{8, 7}, {5, 6}, {2, 4}, {1, 3}], [{8, 7}, {5, 6}, {3, 4}, {1, 2}], [{8, 7}, {5, 6}, {4}, {2, 3}, {1}], [{8, 7}, {6}, {1, 5}, {3, 4}, {2}], [{8, 7}, {6}, {3, 5}, {2, 4}, {1}], [{8}, {1, 7}, {2, 6}, {5}, {3, 4}], [{8}, {1, 7}, {4, 6}, {2, 5}, {3}], [{8}, {2, 7}, {3, 6}, {1, 5}, {4}], [{8}, {2, 7}, {4, 6}, {3, 5}, {1}], [{8}, {3, 7}, {2, 6}, {1, 5}, {4}], [{8}, {3, 7}, {2, 6}, {4, 5}, {1}], [{8}, {3, 7}, {2, 6}, {5}, {1, 4}], [{8}, {3, 7}, {5, 6}, {2, 4}, {1}], [{8}, {4, 7}, {2, 6}, {3, 5}, {1}], [{8}, {5, 7}, {1, 6}, {3, 4}, {2}], [{8}, {5, 7}, {4, 6}, {1, 3}, {2}], [{8}, {5, 7}, {4, 6}, {2, 3}, {1}], [{8}, {5, 7}, {4, 6}, {3}, {1, 2}], [{8}, {6, 7}, {3, 5}, {1, 4}, {2}], [{8}, {6, 7}, {3, 5}, {2, 4}, {1}], [{8}, {6, 7}, {3, 5}, {4}, {1, 2}], [{8}, {6, 7}, {3, 5}, {4}, {2}, {1}]]",2,4 K_1^3 - 14 K_1^2 - 16 K_1 K_2 + 5 K_1 + 7 K_2 + 7 K_3 + 8,O1O2O3O4U5U4U6O7U2O8O5U1U8O6U3U7,O1O2O3U2U4U5U6O7O4U1O8O6U3U8O5U7,O1O2O3U4O5U6U1O7O6U3O8O4U7U5U8U2,c,{'O1O2O3O4U5U2O6U7U4O8O7U3O5U6U1U8'},1,"<a href=""/flatknot/8.850533"">8.850533</a>",t^9-28t^7-74t^6-18t^5+114t^4+69t^3-58t^2-17t+26,-t^2+2t,,
8.850534,O1O2O3O4U5U2O6U7U4O8O7U3O5U8U1U6,4,6z^3+40z^2+103z+95,-2w^5z^3+8w^4z^3-4w^4z^2+44w^3z^2+103w^2z+95w,False,False,"[[ 0 -1 -1  0  2 -1  2  0 -1],[ 1  0 -1  1  3 -1  2  1 -1],[ 1  1  0  2  1 -1  1  0  0],[ 0 -1 -2  0  1 -1  2 -1 -1],[-2 -3 -1 -1  0 -1 -1 -2 -2],[ 1  1  1  1  1  0  1  1  0],[-2 -2 -1 -2  1 -1  0 -1 -1],[ 0 -1  0  1  2 -1  1  0 -1],[ 1  1  0  1  2  0  1  1  0]]","[[ 0  2  2  0  0 -1 -1 -1 -1],[-2  0  1 -1 -2 -1 -1 -1 -2],[-2 -1  0 -2 -1 -1 -1 -2 -3],[ 0  1  2  0  1  0 -1 -1 -1],[ 0  2  1 -1  0 -2 -1 -1 -1],[ 1  1  1  0  2  0 -1  0  1],[ 1  1  1  1  1  1  0  0  1],[ 1  1  2  1  1  0  0  0  1],[ 1  2  3  1  1 -1 -1 -1  0]]",True,"[-2,-2,0,0,1,1,1,1,-1,1,2,1,1,1,2,2,1,1,1,2,3,-1,0,1,1,1,2,1,1,1,1,0,-1,0,-1,-1]","[-2,-2,0,0,1,1,1,1,-1,0,1,0,1,2,2,1,0,1,2,2,2,1,0,0,0,1,0,0,0,-1,-1,-1,-1,0,0,1]",t^8+48t^6+218t^4+146t^2+16,"[-1,-1,-1,-1,0,0,2,2,-1,-1,0,0,0,2,2,-1,0,-1,1,2,2,1,0,0,0,1,0,0,1,2,1,1,0,0,1,1]","[-2,-2,0,0,1,1,1,1,-1,0,1,0,1,2,2,1,0,1,2,2,2,1,0,0,0,1,0,0,0,-1,-1,-1,-1,0,0,1]","[-1,-1,-1,-1,0,0,2,2,-1,-1,-1,1,1,2,3,-1,0,0,2,1,1,0,1,1,1,1,1,1,1,2,1,1,2,2,1,1]",c,"[[{8, 1}, {2, 7}, {3, 6}, {4, 5}], [{8, 1}, {2, 7}, {4, 6}, {3, 5}], [{8, 1}, {2, 7}, {5, 6}, {3, 4}], [{8, 1}, {3, 7}, {2, 6}, {4, 5}], [{8, 1}, {3, 7}, {4, 6}, {2, 5}], [{8, 1}, {3, 7}, {5, 6}, {2, 4}], [{8, 1}, {3, 7}, {5, 6}, {4}, {2}], [{8, 1}, {3, 7}, {6}, {5}, {2, 4}], [{8, 1}, {4, 7}, {2, 6}, {3, 5}], [{8, 1}, {4, 7}, {3, 6}, {2, 5}], [{8, 1}, {4, 7}, {5, 6}, {2, 3}], [{8, 1}, {5, 7}, {2, 6}, {3, 4}], [{8, 1}, {5, 7}, {3, 6}, {2, 4}], [{8, 1}, {5, 7}, {4, 6}, {2, 3}], [{8, 1}, {6, 7}, {2, 5}, {3, 4}], [{8, 1}, {6, 7}, {3, 5}, {2, 4}], [{8, 1}, {6, 7}, {4, 5}, {2, 3}], [{8, 2}, {1, 7}, {3, 6}, {4, 5}], [{8, 2}, {1, 7}, {4, 6}, {3, 5}], [{8, 2}, {1, 7}, {5, 6}, {3, 4}], [{8, 2}, {3, 7}, {1, 6}, {4, 5}], [{8, 2}, {3, 7}, {1, 6}, {5}, {4}], [{8, 2}, {3, 7}, {4, 6}, {1, 5}], [{8, 2}, {3, 7}, {5, 6}, {1, 4}], [{8, 2}, {3, 7}, {5, 6}, {4}, {1}], [{8, 2}, {3, 7}, {6}, {1, 5}, {4}], [{8, 2}, {4, 7}, {1, 6}, {3, 5}], [{8, 2}, {4, 7}, {1, 6}, {5}, {3}], [{8, 2}, {4, 7}, {3, 6}, {1, 5}], [{8, 2}, {4, 7}, {5, 6}, {1, 3}], [{8, 2}, {5, 7}, {1, 6}, {3, 4}], [{8, 2}, {5, 7}, {1, 6}, {4}, {3}], [{8, 2}, {5, 7}, {3, 6}, {1, 4}], [{8, 2}, {5, 7}, {4, 6}, {1, 3}], [{8, 2}, {6, 7}, {1, 5}, {3, 4}], [{8, 2}, {6, 7}, {3, 5}, {1, 4}], [{8, 2}, {6, 7}, {4, 5}, {1, 3}], [{8, 2}, {7}, {1, 6}, {3, 5}, {4}], [{8, 2}, {7}, {1, 6}, {4, 5}, {3}], [{8, 2}, {7}, {1, 6}, {5}, {3, 4}], [{8, 2}, {7}, {1, 6}, {5}, {4}, {3}], [{8, 3}, {1, 7}, {2, 6}, {4, 5}], [{8, 3}, {1, 7}, {4, 6}, {2, 5}], [{8, 3}, {1, 7}, {4, 6}, {5}, {2}], [{8, 3}, {1, 7}, {5, 6}, {2, 4}], [{8, 3}, {2, 7}, {1, 6}, {4, 5}], [{8, 3}, {2, 7}, {4, 6}, {1, 5}], [{8, 3}, {2, 7}, {5, 6}, {1, 4}], [{8, 3}, {4, 7}, {1, 6}, {2, 5}], [{8, 3}, {4, 7}, {2, 6}, {1, 5}], [{8, 3}, {4, 7}, {5, 6}, {1, 2}], [{8, 3}, {5, 7}, {1, 6}, {2, 4}], [{8, 3}, {5, 7}, {2, 6}, {1, 4}], [{8, 3}, {5, 7}, {4, 6}, {1, 2}], [{8, 3}, {6, 7}, {1, 5}, {2, 4}], [{8, 3}, {6, 7}, {2, 5}, {1, 4}], [{8, 3}, {6, 7}, {4, 5}, {1, 2}], [{8, 3}, {7}, {1, 6}, {5}, {2, 4}], [{8, 3}, {7}, {5, 6}, {1, 4}, {2}], [{8, 3}, {7}, {6}, {4, 5}, {1, 2}], [{8, 4}, {1, 7}, {2, 6}, {3, 5}], [{8, 4}, {1, 7}, {3, 6}, {2, 5}], [{8, 4}, {1, 7}, {5, 6}, {2, 3}], [{8, 4}, {1, 7}, {6}, {3, 5}, {2}], [{8, 4}, {2, 7}, {1, 6}, {3, 5}], [{8, 4}, {2, 7}, {1, 6}, {5}, {3}], [{8, 4}, {2, 7}, {3, 6}, {1, 5}], [{8, 4}, {2, 7}, {5, 6}, {1, 3}], [{8, 4}, {3, 7}, {1, 6}, {2, 5}], [{8, 4}, {3, 7}, {1, 6}, {5}, {2}], [{8, 4}, {3, 7}, {2, 6}, {1, 5}], [{8, 4}, {3, 7}, {5, 6}, {1, 2}], [{8, 4}, {3, 7}, {5, 6}, {2}, {1}], [{8, 4}, {3, 7}, {6}, {1, 5}, {2}], [{8, 4}, {5, 7}, {1, 6}, {2, 3}], [{8, 4}, {5, 7}, {1, 6}, {3}, {2}], [{8, 4}, {5, 7}, {2, 6}, {1, 3}], [{8, 4}, {5, 7}, {3, 6}, {1, 2}], [{8, 4}, {6, 7}, {1, 5}, {2, 3}], [{8, 4}, {6, 7}, {2, 5}, {1, 3}], [{8, 4}, {6, 7}, {3, 5}, {1, 2}], [{8, 4}, {6, 7}, {3, 5}, {2}, {1}], [{8, 4}, {7}, {1, 6}, {2, 5}, {3}], [{8, 4}, {7}, {1, 6}, {3, 5}, {2}], [{8, 4}, {7}, {1, 6}, {5}, {2, 3}], [{8, 4}, {7}, {1, 6}, {5}, {3}, {2}], [{8, 4}, {7}, {2, 6}, {5}, {1, 3}], [{8, 4}, {7}, {3, 6}, {5}, {1, 2}], [{8, 5}, {1, 7}, {2, 6}, {3, 4}], [{8, 5}, {1, 7}, {3, 6}, {2, 4}], [{8, 5}, {1, 7}, {4, 6}, {2, 3}], [{8, 5}, {2, 7}, {1, 6}, {3, 4}], [{8, 5}, {2, 7}, {3, 6}, {1, 4}], [{8, 5}, {2, 7}, {4, 6}, {1, 3}], [{8, 5}, {3, 7}, {1, 6}, {2, 4}], [{8, 5}, {3, 7}, {2, 6}, {1, 4}], [{8, 5}, {3, 7}, {4, 6}, {1, 2}], [{8, 5}, {3, 7}, {6}, {1, 4}, {2}], [{8, 5}, {3, 7}, {6}, {2, 4}, {1}], [{8, 5}, {3, 7}, {6}, {4}, {1, 2}], [{8, 5}, {4, 7}, {1, 6}, {2, 3}], [{8, 5}, {4, 7}, {2, 6}, {1, 3}], [{8, 5}, {4, 7}, {3, 6}, {1, 2}], [{8, 5}, {6, 7}, {1, 4}, {2, 3}], [{8, 5}, {6, 7}, {2, 4}, {1, 3}], [{8, 5}, {6, 7}, {3, 4}, {1, 2}], [{8, 5}, {7}, {1, 6}, {2, 4}, {3}], [{8, 6}, {1, 7}, {2, 5}, {3, 4}], [{8, 6}, {1, 7}, {3, 5}, {2, 4}], [{8, 6}, {1, 7}, {4, 5}, {2, 3}], [{8, 6}, {2, 7}, {1, 5}, {3, 4}], [{8, 6}, {2, 7}, {3, 5}, {1, 4}], [{8, 6}, {2, 7}, {4, 5}, {1, 3}], [{8, 6}, {3, 7}, {1, 5}, {2, 4}], [{8, 6}, {3, 7}, {2, 5}, {1, 4}], [{8, 6}, {3, 7}, {4, 5}, {1, 2}], [{8, 6}, {3, 7}, {5}, {1, 4}, {2}], [{8, 6}, {3, 7}, {5}, {2, 4}, {1}], [{8, 6}, {3, 7}, {5}, {4}, {1, 2}], [{8, 6}, {4, 7}, {1, 5}, {2, 3}], [{8, 6}, {4, 7}, {2, 5}, {1, 3}], [{8, 6}, {4, 7}, {3, 5}, {1, 2}], [{8, 6}, {5, 7}, {1, 4}, {2, 3}], [{8, 6}, {5, 7}, {1, 4}, {3}, {2}], [{8, 6}, {5, 7}, {2, 4}, {1, 3}], [{8, 6}, {5, 7}, {3, 4}, {1, 2}], [{8, 6}, {7}, {3, 5}, {1, 4}, {2}], [{8, 7}, {1, 6}, {2, 5}, {3, 4}], [{8, 7}, {1, 6}, {3, 5}, {2, 4}], [{8, 7}, {1, 6}, {3, 5}, {4}, {2}], [{8, 7}, {1, 6}, {4, 5}, {2, 3}], [{8, 7}, {1, 6}, {5}, {2, 4}, {3}], [{8, 7}, {2, 6}, {1, 5}, {3, 4}], [{8, 7}, {2, 6}, {1, 5}, {4}, {3}], [{8, 7}, {2, 6}, {3, 5}, {1, 4}], [{8, 7}, {2, 6}, {4, 5}, {1, 3}], [{8, 7}, {3, 6}, {1, 5}, {2, 4}], [{8, 7}, {3, 6}, {2, 5}, {1, 4}], [{8, 7}, {3, 6}, {4, 5}, {1, 2}], [{8, 7}, {4, 6}, {1, 5}, {2, 3}], [{8, 7}, {4, 6}, {2, 5}, {1, 3}], [{8, 7}, {4, 6}, {3, 5}, {1, 2}], [{8, 7}, {5, 6}, {1, 4}, {2, 3}], [{8, 7}, {5, 6}, {1, 4}, {3}, {2}], [{8, 7}, {5, 6}, {2, 4}, {1, 3}], [{8, 7}, {5, 6}, {3, 4}, {1, 2}], [{8, 7}, {6}, {1, 5}, {3, 4}, {2}], [{8}, {1, 7}, {2, 6}, {3, 5}, {4}], [{8}, {1, 7}, {3, 6}, {5}, {2, 4}], [{8}, {1, 7}, {6}, {4, 5}, {2, 3}], [{8}, {2, 7}, {1, 6}, {3, 5}, {4}], [{8}, {3, 7}, {1, 6}, {5}, {2, 4}], [{8}, {3, 7}, {2, 6}, {4, 5}, {1}], [{8}, {3, 7}, {4, 6}, {2, 5}, {1}], [{8}, {3, 7}, {5, 6}, {1, 4}, {2}], [{8}, {3, 7}, {5, 6}, {2, 4}, {1}], [{8}, {3, 7}, {5, 6}, {4}, {1, 2}], [{8}, {3, 7}, {5, 6}, {4}, {2}, {1}], [{8}, {3, 7}, {6}, {1, 5}, {2, 4}], [{8}, {3, 7}, {6}, {5}, {2, 4}, {1}], [{8}, {4, 7}, {1, 6}, {3, 5}, {2}], [{8}, {4, 7}, {6}, {1, 5}, {2, 3}], [{8}, {5, 7}, {1, 6}, {2, 4}, {3}], [{8}, {6, 7}, {2, 5}, {3, 4}, {1}], [{8}, {6, 7}, {5}, {2, 4}, {1, 3}], [{8}, {7}, {1, 6}, {3, 5}, {2, 4}], [{8}, {7}, {1, 6}, {5}, {2, 4}, {3}], [{8}, {7}, {2, 6}, {1, 5}, {3, 4}]]",2,8 K_1^3 - 12 K_1^2 - 12 K_1 K_2 + 6 K_2 + 4 K_3 + 7,O1O2O3O4U5U4U6O7U2O8O6U1U8O5U3U7,O1O2O3U2U4U5U6O7O4U3O8O6U1U8O5U7,O1O2O3U4O5U6U3O7O6U1O8O4U7U5U8U2,c,{'O1O2O3O4U5U2O6U7U4O8O7U3O5U8U1U6'},1,"<a href=""/flatknot/8.850534"">8.850534</a>",t^9-44t^7-172t^6-200t^5+100t^4+406t^3+350t^2+118t+14,-2t^2+4t,,
8.850535,O1O2O3O4U5U2O6U7U4O8O7U8O5U1U6U3,4,6z^3+38z^2+89z+75,6w^4z^3+38w^3z^2+89w^2z+75w,False,False,"[[ 0 -2 -1  2  2 -1  1  0 -1],[ 2  0  0  3  3  0  1  2 -1],[ 1  0  0  1  1  0  0  0  0],[-2 -3 -1  0  1 -2  0 -2 -1],[-2 -3 -1 -1  0 -1 -1 -2 -1],[ 1  0  0  2  1  0  1  0  0],[-1 -1  0  0  1 -1  0  0 -1],[ 0 -2  0  2  2  0  0  0 -1],[ 1  1  0  1  1  0  1  1  0]]","[[ 0  2  2  1  0 -1 -1 -1 -2],[-2  0  1  0 -2 -1 -1 -2 -3],[-2 -1  0 -1 -2 -1 -1 -1 -3],[-1  0  1  0  0  0 -1 -1 -1],[ 0  2  2  0  0  0 -1  0 -2],[ 1  1  1  0  0  0  0  0  0],[ 1  1  1  1  1  0  0  0  1],[ 1  2  1  1  0  0  0  0  0],[ 2  3  3  1  2  0 -1  0  0]]",True,"[-2,-2,-1,0,1,1,1,2,-1,0,2,1,1,2,3,1,2,1,1,1,3,0,0,1,1,1,0,1,0,2,0,0,0,0,-1,0]","[-2,-2,-1,0,1,1,1,2,-1,0,0,2,2,2,1,1,0,1,2,2,1,1,1,1,2,2,1,0,1,0,0,0,1,0,2,1]",t^8+46t^6+116t^4+32t^2+1,"[-2,-1,-1,-1,0,1,2,2,1,1,2,0,2,1,1,0,0,1,1,1,2,0,1,2,2,2,0,1,2,2,1,0,0,1,0,-1]","[-2,-2,-1,0,1,1,1,2,-1,0,0,2,2,2,1,1,0,1,2,2,1,1,1,1,2,2,1,0,1,0,0,0,1,0,2,1]","[-2,-1,-1,-1,0,1,2,2,-1,0,0,2,1,3,3,0,0,1,1,1,1,0,0,0,1,1,0,1,1,2,0,2,2,1,0,-1]",c,"[[{8, 4}, {5, 7}, {2, 6}, {1, 3}], [{8, 5}, {4, 7}, {2, 6}, {1, 3}], [{8, 7}, {1, 6}, {4, 5}, {2, 3}], [{8, 7}, {2, 6}, {4, 5}, {1, 3}], [{8}, {5, 7}, {2, 6}, {4}, {1, 3}]]",1,4 K_1^3 + 8 K_1^2 K_2 - 18 K_1^2 - 4 K_1 K_2 - 4 K_1 K_3 - K_1 + 7 K_2 + K_3 + 8,O1O2O3O4U2U5U4O6U7O8O7U1U8O5U3U6,O1O2O3U1U4U3U5O6O4U2O7O5U8U7O8U6,O1O2O3U4O5U6U5O7O6U2O8O4U7U1U8U3,c,{'O1O2O3O4U5U2O6U7U4O8O7U8O5U1U6U3'},1,"<a href=""/flatknot/8.850535"">8.850535</a>",t^9-44t^7-110t^6+33t^5+170t^4-70t^3-82t^2+33t+8,-t^2+2t,,
8.850536,O1O2O3O4U5U2O6U7U4O8O7U8O5U3U1U6,3,10z^2+59z+79,10w^3z^2+59w^2z+79w,False,False,"[[ 0 -1 -1  0  2 -1  2  0 -1],[ 1  0 -1  1  3 -1  2  1 -1],[ 1  1  0  1  1  0  1  0  0],[ 0 -1 -1  0  2 -1  1  0 -1],[-2 -3 -1 -2  0 -1 -1 -2 -1],[ 1  1  0  1  1  0  2  0  0],[-2 -2 -1 -1  1 -2  0 -1 -1],[ 0 -1  0  0  2  0  1  0 -1],[ 1  1  0  1  1  0  1  1  0]]","[[ 0  2  2  0  0 -1 -1 -1 -1],[-2  0  1 -1 -1 -1 -1 -2 -2],[-2 -1  0 -2 -2 -1 -1 -1 -3],[ 0  1  2  0  0  0 -1  0 -1],[ 0  1  2  0  0 -1 -1 -1 -1],[ 1  1  1  0  1  0  0  0  1],[ 1  1  1  1  1  0  0  0  1],[ 1  2  1  0  1  0  0  0  1],[ 1  2  3  1  1 -1 -1 -1  0]]",True,"[-2,-2,0,0,1,1,1,1,-1,1,1,1,1,2,2,2,2,1,1,1,3,0,0,1,0,1,1,1,1,1,0,0,-1,0,-1,-1]","[-2,-2,0,0,1,1,1,1,-1,0,0,0,2,2,2,1,1,1,1,2,2,0,0,0,0,0,0,1,0,1,-1,-1,-1,0,0,0]",t^8+42t^6+84t^4+17t^2,"[-1,-1,-1,-1,0,0,2,2,-1,0,0,0,0,2,2,1,1,0,0,0,1,0,0,1,2,1,0,1,2,2,0,0,1,0,1,1]","[-2,-2,0,0,1,1,1,1,-1,0,0,0,2,2,2,1,1,1,1,2,2,0,0,0,0,0,0,1,0,1,-1,-1,-1,0,0,0]","[-1,-1,-1,-1,0,0,2,2,-1,-1,-1,1,1,2,3,0,0,0,1,1,1,0,0,1,2,1,1,1,1,1,0,1,2,1,2,1]",c,"[[{8, 2}, {3, 7}, {4, 6}, {1, 5}]]",1,4 K_1^3 - 8 K_1^2 - 8 K_1 K_2 + K_1 + 4 K_2 + 3 K_3 + 5,O1O2O3O4U5U4U2O6U7O8O7U1U8O5U3U6,O1O2O3U2U4U1U5O6O4U3O7O5U8U7O8U6,O1O2O3U4O5U6U5O7O6U1O8O4U7U3U8U2,c,"{'O1O2O3O4U3U5O6U7U4O8O7U8U2O5U1U6', 'O1O2O3O4U5U2O6U7U4O8O7U8O5U3U1U6'}",2,"<a href=""/flatknot/8.850536"">8.850536</a>",t^9-38t^7-126t^6-84t^5+124t^4+131t^3+14t^2+8t,-2t^2+4t,,
8.850537,O1O2O3O4U5U2O6U7U4O8O7U8O5U6U1U3,4,24z^2+109z+123,24w^3z^2+109w^2z+123w,False,False,"[[ 0 -1 -1  2  2 -1  0  0 -1],[ 1  0  0  2  2  0  0  1 -1],[ 1  0  0  1  1  0  0  0  0],[-2 -2 -1  0  1 -2  0 -2 -1],[-2 -2 -1 -1  0 -1 -1 -2 -1],[ 1  0  0  2  1  0  0  0  0],[ 0  0  0  0  1  0  0  1 -1],[ 0 -1  0  2  2  0 -1  0 -1],[ 1  1  0  1  1  0  1  1  0]]","[[ 0  2  2  0  0 -1 -1 -1 -1],[-2  0  1  0 -2 -1 -1 -2 -2],[-2 -1  0 -1 -2 -1 -1 -1 -2],[ 0  0  1  0  1  0 -1  0  0],[ 0  2  2 -1  0  0 -1  0 -1],[ 1  1  1  0  0  0  0  0  0],[ 1  1  1  1  1  0  0  0  1],[ 1  2  1  0  0  0  0  0  0],[ 1  2  2  0  1  0 -1  0  0]]",True,"[-2,-2,0,0,1,1,1,1,-1,0,2,1,1,2,2,1,2,1,1,1,2,-1,0,1,0,0,0,1,0,1,0,0,0,0,-1,0]","[-2,-2,0,0,1,1,1,1,-1,0,1,1,2,2,2,0,2,1,1,2,2,-1,0,1,0,1,1,1,0,1,0,-1,0,0,0,0]",t^8+32t^6+91t^4+11t^2,"[-1,-1,-1,-1,0,0,2,2,-1,0,0,0,0,2,2,0,0,0,1,1,1,0,1,1,1,2,1,1,2,2,1,0,0,2,1,-1]","[-2,-2,0,0,1,1,1,1,-1,0,1,1,2,2,2,0,2,1,1,2,2,-1,0,1,0,1,1,1,0,1,0,-1,0,0,0,0]","[-1,-1,-1,-1,0,0,2,2,-1,0,0,0,1,2,2,0,0,1,1,1,1,0,0,0,1,1,0,0,1,2,1,1,0,2,2,-1]",c,"[[{8, 1}, {2, 7}, {3, 6}, {4, 5}], [{8, 1}, {2, 7}, {3, 6}, {5}, {4}], [{8, 1}, {2, 7}, {4, 6}, {3, 5}], [{8, 1}, {2, 7}, {5, 6}, {3, 4}], [{8, 1}, {3, 7}, {2, 6}, {4, 5}], [{8, 1}, {3, 7}, {2, 6}, {5}, {4}], [{8, 1}, {3, 7}, {4, 6}, {2, 5}], [{8, 1}, {3, 7}, {5, 6}, {2, 4}], [{8, 1}, {3, 7}, {6}, {4, 5}, {2}], [{8, 1}, {4, 7}, {2, 6}, {3, 5}], [{8, 1}, {4, 7}, {3, 6}, {2, 5}], [{8, 1}, {4, 7}, {5, 6}, {2, 3}], [{8, 1}, {4, 7}, {5, 6}, {3}, {2}], [{8, 1}, {5, 7}, {2, 6}, {3, 4}], [{8, 1}, {5, 7}, {3, 6}, {2, 4}], [{8, 1}, {5, 7}, {4, 6}, {2, 3}], [{8, 1}, {6, 7}, {2, 5}, {3, 4}], [{8, 1}, {6, 7}, {3, 5}, {2, 4}], [{8, 1}, {6, 7}, {4, 5}, {2, 3}], [{8, 2}, {1, 7}, {3, 6}, {4, 5}], [{8, 2}, {1, 7}, {4, 6}, {3, 5}], [{8, 2}, {1, 7}, {5, 6}, {3, 4}], [{8, 2}, {3, 7}, {1, 6}, {4, 5}], [{8, 2}, {3, 7}, {4, 6}, {1, 5}], [{8, 2}, {3, 7}, {5, 6}, {1, 4}], [{8, 2}, {3, 7}, {5, 6}, {4}, {1}], [{8, 2}, {4, 7}, {1, 6}, {3, 5}], [{8, 2}, {4, 7}, {3, 6}, {1, 5}], [{8, 2}, {4, 7}, {5, 6}, {1, 3}], [{8, 2}, {4, 7}, {5, 6}, {3}, {1}], [{8, 2}, {5, 7}, {1, 6}, {3, 4}], [{8, 2}, {5, 7}, {3, 6}, {1, 4}], [{8, 2}, {5, 7}, {4, 6}, {1, 3}], [{8, 2}, {6, 7}, {1, 5}, {3, 4}], [{8, 2}, {6, 7}, {3, 5}, {1, 4}], [{8, 2}, {6, 7}, {4, 5}, {1, 3}], [{8, 2}, {6, 7}, {4, 5}, {3}, {1}], [{8, 2}, {7}, {3, 6}, {1, 5}, {4}], [{8, 2}, {7}, {4, 6}, {3, 5}, {1}], [{8, 2}, {7}, {5, 6}, {3, 4}, {1}], [{8, 3}, {1, 7}, {2, 6}, {4, 5}], [{8, 3}, {1, 7}, {4, 6}, {2, 5}], [{8, 3}, {1, 7}, {5, 6}, {2, 4}], [{8, 3}, {2, 7}, {1, 6}, {4, 5}], [{8, 3}, {2, 7}, {4, 6}, {1, 5}], [{8, 3}, {2, 7}, {5, 6}, {1, 4}], [{8, 3}, {2, 7}, {5, 6}, {4}, {1}], [{8, 3}, {4, 7}, {1, 6}, {2, 5}], [{8, 3}, {4, 7}, {2, 6}, {1, 5}], [{8, 3}, {4, 7}, {5, 6}, {1, 2}], [{8, 3}, {4, 7}, {5, 6}, {2}, {1}], [{8, 3}, {5, 7}, {1, 6}, {2, 4}], [{8, 3}, {5, 7}, {2, 6}, {1, 4}], [{8, 3}, {5, 7}, {4, 6}, {1, 2}], [{8, 3}, {6, 7}, {1, 5}, {2, 4}], [{8, 3}, {6, 7}, {2, 5}, {1, 4}], [{8, 3}, {6, 7}, {4, 5}, {1, 2}], [{8, 3}, {6, 7}, {4, 5}, {2}, {1}], [{8, 3}, {7}, {5, 6}, {2, 4}, {1}], [{8, 4}, {1, 7}, {2, 6}, {3, 5}], [{8, 4}, {1, 7}, {3, 6}, {2, 5}], [{8, 4}, {1, 7}, {5, 6}, {2, 3}], [{8, 4}, {1, 7}, {5, 6}, {3}, {2}], [{8, 4}, {1, 7}, {6}, {5}, {2, 3}], [{8, 4}, {2, 7}, {1, 6}, {3, 5}], [{8, 4}, {2, 7}, {1, 6}, {5}, {3}], [{8, 4}, {2, 7}, {3, 6}, {1, 5}], [{8, 4}, {2, 7}, {3, 6}, {5}, {1}], [{8, 4}, {2, 7}, {5, 6}, {1, 3}], [{8, 4}, {2, 7}, {5, 6}, {3}, {1}], [{8, 4}, {2, 7}, {6}, {1, 5}, {3}], [{8, 4}, {2, 7}, {6}, {3, 5}, {1}], [{8, 4}, {2, 7}, {6}, {5}, {1, 3}], [{8, 4}, {2, 7}, {6}, {5}, {3}, {1}], [{8, 4}, {3, 7}, {1, 6}, {2, 5}], [{8, 4}, {3, 7}, {1, 6}, {5}, {2}], [{8, 4}, {3, 7}, {2, 6}, {1, 5}], [{8, 4}, {3, 7}, {2, 6}, {5}, {1}], [{8, 4}, {3, 7}, {5, 6}, {1, 2}], [{8, 4}, {3, 7}, {5, 6}, {2}, {1}], [{8, 4}, {3, 7}, {6}, {1, 5}, {2}], [{8, 4}, {3, 7}, {6}, {2, 5}, {1}], [{8, 4}, {3, 7}, {6}, {5}, {1, 2}], [{8, 4}, {3, 7}, {6}, {5}, {2}, {1}], [{8, 4}, {5, 7}, {1, 6}, {2, 3}], [{8, 4}, {5, 7}, {2, 6}, {1, 3}], [{8, 4}, {5, 7}, {2, 6}, {3}, {1}], [{8, 4}, {5, 7}, {3, 6}, {1, 2}], [{8, 4}, {5, 7}, {3, 6}, {2}, {1}], [{8, 4}, {5, 7}, {6}, {2, 3}, {1}], [{8, 4}, {6, 7}, {1, 5}, {2, 3}], [{8, 4}, {6, 7}, {2, 5}, {1, 3}], [{8, 4}, {6, 7}, {2, 5}, {3}, {1}], [{8, 4}, {6, 7}, {3, 5}, {1, 2}], [{8, 4}, {6, 7}, {3, 5}, {2}, {1}], [{8, 4}, {6, 7}, {5}, {2, 3}, {1}], [{8, 4}, {7}, {1, 6}, {5}, {2, 3}], [{8, 4}, {7}, {2, 6}, {3, 5}, {1}], [{8, 4}, {7}, {3, 6}, {2, 5}, {1}], [{8, 4}, {7}, {5, 6}, {1, 3}, {2}], [{8, 4}, {7}, {5, 6}, {2, 3}, {1}], [{8, 4}, {7}, {5, 6}, {3}, {1, 2}], [{8, 4}, {7}, {5, 6}, {3}, {2}, {1}], [{8, 4}, {7}, {6}, {1, 5}, {2, 3}], [{8, 4}, {7}, {6}, {5}, {2, 3}, {1}], [{8, 5}, {1, 7}, {2, 6}, {3, 4}], [{8, 5}, {1, 7}, {3, 6}, {2, 4}], [{8, 5}, {1, 7}, {4, 6}, {2, 3}], [{8, 5}, {2, 7}, {1, 6}, {3, 4}], [{8, 5}, {2, 7}, {3, 6}, {1, 4}], [{8, 5}, {2, 7}, {4, 6}, {1, 3}], [{8, 5}, {3, 7}, {1, 6}, {2, 4}], [{8, 5}, {3, 7}, {2, 6}, {1, 4}], [{8, 5}, {3, 7}, {2, 6}, {4}, {1}], [{8, 5}, {3, 7}, {4, 6}, {1, 2}], [{8, 5}, {3, 7}, {6}, {1, 4}, {2}], [{8, 5}, {4, 7}, {1, 6}, {2, 3}], [{8, 5}, {4, 7}, {2, 6}, {1, 3}], [{8, 5}, {4, 7}, {3, 6}, {1, 2}], [{8, 5}, {6, 7}, {1, 4}, {2, 3}], [{8, 5}, {6, 7}, {1, 4}, {3}, {2}], [{8, 5}, {6, 7}, {2, 4}, {1, 3}], [{8, 5}, {6, 7}, {3, 4}, {1, 2}], [{8, 5}, {6, 7}, {4}, {2, 3}, {1}], [{8, 5}, {7}, {3, 6}, {1, 4}, {2}], [{8, 6}, {1, 7}, {2, 5}, {3, 4}], [{8, 6}, {1, 7}, {3, 5}, {2, 4}], [{8, 6}, {1, 7}, {4, 5}, {2, 3}], [{8, 6}, {2, 7}, {1, 5}, {3, 4}], [{8, 6}, {2, 7}, {1, 5}, {4}, {3}], [{8, 6}, {2, 7}, {3, 5}, {1, 4}], [{8, 6}, {2, 7}, {3, 5}, {4}, {1}], [{8, 6}, {2, 7}, {4, 5}, {1, 3}], [{8, 6}, {2, 7}, {5}, {4}, {1, 3}], [{8, 6}, {3, 7}, {1, 5}, {2, 4}], [{8, 6}, {3, 7}, {2, 5}, {1, 4}], [{8, 6}, {3, 7}, {4, 5}, {1, 2}], [{8, 6}, {3, 7}, {5}, {4}, {1, 2}], [{8, 6}, {4, 7}, {1, 5}, {2, 3}], [{8, 6}, {4, 7}, {2, 5}, {1, 3}], [{8, 6}, {4, 7}, {3, 5}, {1, 2}], [{8, 6}, {5, 7}, {1, 4}, {2, 3}], [{8, 6}, {5, 7}, {2, 4}, {1, 3}], [{8, 6}, {5, 7}, {2, 4}, {3}, {1}], [{8, 6}, {5, 7}, {3, 4}, {1, 2}], [{8, 7}, {1, 6}, {2, 5}, {3, 4}], [{8, 7}, {1, 6}, {3, 5}, {2, 4}], [{8, 7}, {1, 6}, {4, 5}, {2, 3}], [{8, 7}, {1, 6}, {5}, {3, 4}, {2}], [{8, 7}, {2, 6}, {1, 5}, {3, 4}], [{8, 7}, {2, 6}, {3, 5}, {1, 4}], [{8, 7}, {2, 6}, {4, 5}, {1, 3}], [{8, 7}, {2, 6}, {5}, {3, 4}, {1}], [{8, 7}, {3, 6}, {1, 5}, {2, 4}], [{8, 7}, {3, 6}, {2, 5}, {1, 4}], [{8, 7}, {3, 6}, {4, 5}, {1, 2}], [{8, 7}, {3, 6}, {4, 5}, {2}, {1}], [{8, 7}, {4, 6}, {1, 5}, {2, 3}], [{8, 7}, {4, 6}, {2, 5}, {1, 3}], [{8, 7}, {4, 6}, {3, 5}, {1, 2}], [{8, 7}, {4, 6}, {3, 5}, {2}, {1}], [{8, 7}, {5, 6}, {1, 4}, {2, 3}], [{8, 7}, {5, 6}, {1, 4}, {3}, {2}], [{8, 7}, {5, 6}, {2, 4}, {1, 3}], [{8, 7}, {5, 6}, {2, 4}, {3}, {1}], [{8, 7}, {5, 6}, {3, 4}, {1, 2}], [{8, 7}, {5, 6}, {3, 4}, {2}, {1}], [{8, 7}, {5, 6}, {4}, {1, 3}, {2}], [{8, 7}, {5, 6}, {4}, {2, 3}, {1}], [{8, 7}, {5, 6}, {4}, {3}, {1, 2}], [{8, 7}, {5, 6}, {4}, {3}, {2}, {1}], [{8, 7}, {6}, {1, 5}, {3, 4}, {2}], [{8, 7}, {6}, {2, 5}, {3, 4}, {1}], [{8, 7}, {6}, {5}, {3, 4}, {1, 2}], [{8, 7}, {6}, {5}, {3, 4}, {2}, {1}], [{8}, {2, 7}, {3, 6}, {5}, {1, 4}], [{8}, {2, 7}, {4, 6}, {1, 5}, {3}], [{8}, {2, 7}, {4, 6}, {3, 5}, {1}], [{8}, {2, 7}, {4, 6}, {5}, {1, 3}], [{8}, {2, 7}, {5, 6}, {3, 4}, {1}], [{8}, {3, 7}, {2, 6}, {1, 5}, {4}], [{8}, {3, 7}, {2, 6}, {4, 5}, {1}], [{8}, {3, 7}, {2, 6}, {5}, {1, 4}], [{8}, {3, 7}, {4, 6}, {5}, {1, 2}], [{8}, {3, 7}, {5, 6}, {2, 4}, {1}], [{8}, {4, 7}, {5, 6}, {1, 3}, {2}], [{8}, {4, 7}, {5, 6}, {2, 3}, {1}], [{8}, {4, 7}, {5, 6}, {3}, {1, 2}], [{8}, {4, 7}, {5, 6}, {3}, {2}, {1}], [{8}, {5, 7}, {2, 6}, {4}, {1, 3}], [{8}, {6, 7}, {4, 5}, {2, 3}, {1}]]",2,4 K_1^3 - 8 K_1^2 - 8 K_1 K_2 + K_1 + 4 K_2 + 3 K_3 + 5,O1O2O3O4U2U4U5O6U7O8O7U1U8O5U3U6,O1O2O3U2U4U3U5O6O4U1O7O5U8U7O8U6,O1O2O3U4O5U6U5O7O6U3O8O4U7U1U8U2,c,{'O1O2O3O4U5U2O6U7U4O8O7U8O5U6U1U3'},1,"<a href=""/flatknot/8.850537"">8.850537</a>",t^9-28t^7-60t^6+31t^5+122t^4-12t^3-70t^2+3t,-2t^2+4t,,
8.850538,O1O2O3O4U5U2O6U7U6O8O7U1O5U3U4U8,4,3z^3+22z^2+66z+69,3w^4z^3+22w^3z^2+66w^2z+69w,False,False,"[[ 0 -2 -1  0  2 -1  1  0  1],[ 2  0  0  1  2  1  1  1  1],[ 1  0  0  0  1  1  0  1  1],[ 0 -1  0  0  1  0  1 -1  0],[-2 -2 -1 -1  0 -2  1 -3 -1],[ 1 -1 -1  0  2  0  0  2  2],[-1 -1  0 -1 -1  0  0 -1 -1],[ 0 -1 -1  1  3 -2  1  0  1],[-1 -1 -1  0  1 -2  1 -1  0]]","[[ 0  2  1  1  0  0 -1 -1 -2],[-2  0  1 -1 -1 -3 -1 -2 -2],[-1 -1  0 -1 -1 -1  0  0 -1],[-1  1  1  0  0 -1 -1 -2 -1],[ 0  1  1  0  0 -1  0  0 -1],[ 0  3  1  1  1  0 -1 -2 -1],[ 1  1  0  1  0  1  0  1  0],[ 1  2  0  2  0  2 -1  0 -1],[ 2  2  1  1  1  1  0  1  0]]",True,"[-2,-1,-1,0,0,1,1,2,-1,1,1,3,1,2,2,1,1,1,0,0,1,0,1,1,2,1,1,0,0,1,1,2,1,-1,0,1]","[-2,-1,-1,0,0,1,1,2,-1,1,1,3,1,2,2,1,1,1,0,0,1,0,1,1,2,1,1,0,0,1,1,2,1,-1,0,1]",t^8+42t^6+163t^4+38t^2+1,"[-2,-1,-1,0,0,1,1,2,0,1,1,1,2,2,2,1,-1,1,0,2,1,0,1,1,2,2,-1,0,0,-1,1,0,1,-1,0,2]","[-2,-1,-1,0,0,1,1,2,0,2,-1,1,1,2,2,1,0,1,0,1,2,0,0,2,2,2,1,-1,0,1,1,1,1,-1,0,1]","[-2,-1,-1,0,0,1,1,2,0,1,1,1,1,1,2,1,0,1,0,1,1,0,2,0,2,2,-1,1,0,1,1,1,3,-1,-1,1]",c,"[[{8, 2}, {3, 7}, {5, 6}, {1, 4}]]",1,16 K_1^3 - 16 K_1^2 - 20 K_1 K_2 - 2 K_1 + 8 K_2 + 6 K_3 + 9,O1O2O3O4U5U1U2O6U4O7O5U8U7O8U3U6,O1O2O3U4U5U1U2O6O5U7O8O7U3U8O4U6,O1O2O3U4O5U6U1O7O6U7O8O4U2U3U8U5,c,"{'O1O2O3O4U3U5O6U7U6O8O7U1U2O5U4U8', 'O1O2O3O4U5U2O6U7U6O8O7U1O5U3U4U8'}",2,"<a href=""/flatknot/8.850538"">8.850538</a>",t^9-42t^7-134t^6-15t^5+362t^4+247t^3-190t^2-126t-2,0,,
8.850539,O1O2O3O4U5U2O6U7U6O8O7U1O5U3U8U4,4,16z^2+69z+75,16w^3z^2+69w^2z+75w,False,False,"[[ 0 -2 -1  0  3 -1  1  0  0],[ 2  0  0  1  3  1  1  1  0],[ 1  0  0  0  1  1  0  1  0],[ 0 -1  0  0  2  0  1 -1 -1],[-3 -3 -1 -2  0 -2  1 -3 -2],[ 1 -1 -1  0  2  0  0  2  1],[-1 -1  0 -1 -1  0  0 -1 -1],[ 0 -1 -1  1  3 -2  1  0  0],[ 0  0  0  1  2 -1  1  0  0]]","[[ 0  3  1  0  0  0 -1 -1 -2],[-3  0  1 -2 -2 -3 -1 -2 -3],[-1 -1  0 -1 -1 -1  0  0 -1],[ 0  2  1  0  1  0  0 -1  0],[ 0  2  1 -1  0 -1  0  0 -1],[ 0  3  1  0  1  0 -1 -2 -1],[ 1  1  0  0  0  1  0  1  0],[ 1  2  0  1  0  2 -1  0 -1],[ 2  3  1  0  1  1  0  1  0]]",True,"[-3,-1,0,0,0,1,1,2,-1,2,2,3,1,2,3,1,1,1,0,0,1,-1,0,0,1,0,1,0,0,1,1,2,1,-1,0,1]","[-3,-1,0,0,0,1,1,2,-1,2,2,3,1,2,3,1,1,1,0,0,1,-1,0,0,1,0,1,0,0,1,1,2,1,-1,0,1]",t^8+48t^6+255t^4+35t^2+1,"[-2,-1,-1,0,0,0,1,3,0,1,1,1,2,2,2,1,-1,1,0,2,2,0,1,1,2,3,-1,0,0,0,1,0,1,0,1,3]","[-3,-1,0,0,0,1,1,2,3,0,1,1,2,3,2,0,0,0,2,2,2,0,1,-1,0,1,1,0,1,2,1,1,1,-1,0,1]","[-2,-1,-1,0,0,0,1,3,0,1,0,1,1,1,3,1,0,0,1,0,1,1,0,2,0,2,1,0,1,2,-1,1,2,1,3,-1]",c,"[[{8, 1}, {2, 7}, {3, 6}, {4, 5}], [{8, 1}, {2, 7}, {4, 6}, {3, 5}], [{8, 1}, {2, 7}, {5, 6}, {3, 4}], [{8, 1}, {2, 7}, {6}, {3, 5}, {4}], [{8, 1}, {2, 7}, {6}, {4, 5}, {3}], [{8, 1}, {2, 7}, {6}, {5}, {3, 4}], [{8, 1}, {3, 7}, {2, 6}, {4, 5}], [{8, 1}, {3, 7}, {4, 6}, {2, 5}], [{8, 1}, {3, 7}, {5, 6}, {2, 4}], [{8, 1}, {3, 7}, {6}, {2, 5}, {4}], [{8, 1}, {3, 7}, {6}, {4, 5}, {2}], [{8, 1}, {3, 7}, {6}, {5}, {2, 4}], [{8, 1}, {4, 7}, {2, 6}, {3, 5}], [{8, 1}, {4, 7}, {2, 6}, {5}, {3}], [{8, 1}, {4, 7}, {3, 6}, {2, 5}], [{8, 1}, {4, 7}, {3, 6}, {5}, {2}], [{8, 1}, {4, 7}, {5, 6}, {2, 3}], [{8, 1}, {4, 7}, {5, 6}, {3}, {2}], [{8, 1}, {4, 7}, {6}, {2, 5}, {3}], [{8, 1}, {4, 7}, {6}, {3, 5}, {2}], [{8, 1}, {4, 7}, {6}, {5}, {2, 3}], [{8, 1}, {4, 7}, {6}, {5}, {3}, {2}], [{8, 1}, {5, 7}, {2, 6}, {3, 4}], [{8, 1}, {5, 7}, {3, 6}, {2, 4}], [{8, 1}, {5, 7}, {4, 6}, {2, 3}], [{8, 1}, {5, 7}, {6}, {2, 4}, {3}], [{8, 1}, {5, 7}, {6}, {3, 4}, {2}], [{8, 1}, {5, 7}, {6}, {4}, {2, 3}], [{8, 1}, {6, 7}, {2, 5}, {3, 4}], [{8, 1}, {6, 7}, {3, 5}, {2, 4}], [{8, 1}, {6, 7}, {3, 5}, {4}, {2}], [{8, 1}, {6, 7}, {4, 5}, {2, 3}], [{8, 1}, {7}, {2, 6}, {3, 5}, {4}], [{8, 1}, {7}, {4, 6}, {3, 5}, {2}], [{8, 1}, {7}, {6}, {2, 5}, {3, 4}], [{8, 1}, {7}, {6}, {3, 5}, {2, 4}], [{8, 1}, {7}, {6}, {3, 5}, {4}, {2}], [{8, 1}, {7}, {6}, {4, 5}, {2, 3}], [{8, 2}, {1, 7}, {3, 6}, {4, 5}], [{8, 2}, {1, 7}, {4, 6}, {3, 5}], [{8, 2}, {1, 7}, {5, 6}, {3, 4}], [{8, 2}, {1, 7}, {6}, {4, 5}, {3}], [{8, 2}, {3, 7}, {1, 6}, {4, 5}], [{8, 2}, {3, 7}, {4, 6}, {1, 5}], [{8, 2}, {3, 7}, {5, 6}, {1, 4}], [{8, 2}, {3, 7}, {6}, {1, 5}, {4}], [{8, 2}, {4, 7}, {1, 6}, {3, 5}], [{8, 2}, {4, 7}, {3, 6}, {1, 5}], [{8, 2}, {4, 7}, {5, 6}, {1, 3}], [{8, 2}, {5, 7}, {1, 6}, {3, 4}], [{8, 2}, {5, 7}, {3, 6}, {1, 4}], [{8, 2}, {5, 7}, {4, 6}, {1, 3}], [{8, 2}, {5, 7}, {6}, {1, 4}, {3}], [{8, 2}, {6, 7}, {1, 5}, {3, 4}], [{8, 2}, {6, 7}, {3, 5}, {1, 4}], [{8, 2}, {6, 7}, {4, 5}, {1, 3}], [{8, 2}, {7}, {3, 6}, {5}, {1, 4}], [{8, 3}, {1, 7}, {2, 6}, {4, 5}], [{8, 3}, {1, 7}, {4, 6}, {2, 5}], [{8, 3}, {1, 7}, {5, 6}, {2, 4}], [{8, 3}, {2, 7}, {1, 6}, {4, 5}], [{8, 3}, {2, 7}, {4, 6}, {1, 5}], [{8, 3}, {2, 7}, {5, 6}, {1, 4}], [{8, 3}, {2, 7}, {6}, {4, 5}, {1}], [{8, 3}, {4, 7}, {1, 6}, {2, 5}], [{8, 3}, {4, 7}, {2, 6}, {1, 5}], [{8, 3}, {4, 7}, {5, 6}, {1, 2}], [{8, 3}, {5, 7}, {1, 6}, {2, 4}], [{8, 3}, {5, 7}, {2, 6}, {1, 4}], [{8, 3}, {5, 7}, {4, 6}, {1, 2}], [{8, 3}, {5, 7}, {6}, {2, 4}, {1}], [{8, 3}, {6, 7}, {1, 5}, {2, 4}], [{8, 3}, {6, 7}, {2, 5}, {1, 4}], [{8, 3}, {6, 7}, {4, 5}, {1, 2}], [{8, 3}, {6, 7}, {4, 5}, {2}, {1}], [{8, 3}, {7}, {2, 6}, {1, 5}, {4}], [{8, 3}, {7}, {2, 6}, {4, 5}, {1}], [{8, 3}, {7}, {2, 6}, {5}, {1, 4}], [{8, 4}, {1, 7}, {2, 6}, {3, 5}], [{8, 4}, {1, 7}, {3, 6}, {2, 5}], [{8, 4}, {1, 7}, {5, 6}, {2, 3}], [{8, 4}, {1, 7}, {6}, {3, 5}, {2}], [{8, 4}, {2, 7}, {1, 6}, {3, 5}], [{8, 4}, {2, 7}, {3, 6}, {1, 5}], [{8, 4}, {2, 7}, {5, 6}, {1, 3}], [{8, 4}, {3, 7}, {1, 6}, {2, 5}], [{8, 4}, {3, 7}, {2, 6}, {1, 5}], [{8, 4}, {3, 7}, {5, 6}, {1, 2}], [{8, 4}, {3, 7}, {5, 6}, {2}, {1}], [{8, 4}, {5, 7}, {1, 6}, {2, 3}], [{8, 4}, {5, 7}, {2, 6}, {1, 3}], [{8, 4}, {5, 7}, {3, 6}, {1, 2}], [{8, 4}, {6, 7}, {1, 5}, {2, 3}], [{8, 4}, {6, 7}, {2, 5}, {1, 3}], [{8, 4}, {6, 7}, {3, 5}, {1, 2}], [{8, 4}, {6, 7}, {3, 5}, {2}, {1}], [{8, 4}, {7}, {1, 6}, {3, 5}, {2}], [{8, 4}, {7}, {3, 6}, {1, 5}, {2}], [{8, 5}, {1, 7}, {2, 6}, {3, 4}], [{8, 5}, {1, 7}, {3, 6}, {2, 4}], [{8, 5}, {1, 7}, {4, 6}, {2, 3}], [{8, 5}, {1, 7}, {6}, {2, 4}, {3}], [{8, 5}, {2, 7}, {1, 6}, {3, 4}], [{8, 5}, {2, 7}, {3, 6}, {1, 4}], [{8, 5}, {2, 7}, {4, 6}, {1, 3}], [{8, 5}, {2, 7}, {6}, {1, 4}, {3}], [{8, 5}, {3, 7}, {1, 6}, {2, 4}], [{8, 5}, {3, 7}, {1, 6}, {4}, {2}], [{8, 5}, {3, 7}, {2, 6}, {1, 4}], [{8, 5}, {3, 7}, {4, 6}, {1, 2}], [{8, 5}, {4, 7}, {1, 6}, {2, 3}], [{8, 5}, {4, 7}, {2, 6}, {1, 3}], [{8, 5}, {4, 7}, {3, 6}, {1, 2}], [{8, 5}, {4, 7}, {6}, {2, 3}, {1}], [{8, 5}, {6, 7}, {1, 4}, {2, 3}], [{8, 5}, {6, 7}, {2, 4}, {1, 3}], [{8, 5}, {6, 7}, {3, 4}, {1, 2}], [{8, 5}, {7}, {3, 6}, {1, 4}, {2}], [{8, 6}, {1, 7}, {2, 5}, {3, 4}], [{8, 6}, {1, 7}, {3, 5}, {2, 4}], [{8, 6}, {1, 7}, {3, 5}, {4}, {2}], [{8, 6}, {1, 7}, {4, 5}, {2, 3}], [{8, 6}, {2, 7}, {1, 5}, {3, 4}], [{8, 6}, {2, 7}, {3, 5}, {1, 4}], [{8, 6}, {2, 7}, {4, 5}, {1, 3}], [{8, 6}, {3, 7}, {1, 5}, {2, 4}], [{8, 6}, {3, 7}, {1, 5}, {4}, {2}], [{8, 6}, {3, 7}, {2, 5}, {1, 4}], [{8, 6}, {3, 7}, {4, 5}, {1, 2}], [{8, 6}, {4, 7}, {1, 5}, {2, 3}], [{8, 6}, {4, 7}, {2, 5}, {1, 3}], [{8, 6}, {4, 7}, {3, 5}, {1, 2}], [{8, 6}, {4, 7}, {3, 5}, {2}, {1}], [{8, 6}, {5, 7}, {1, 4}, {2, 3}], [{8, 6}, {5, 7}, {2, 4}, {1, 3}], [{8, 6}, {5, 7}, {3, 4}, {1, 2}], [{8, 6}, {7}, {3, 5}, {1, 4}, {2}], [{8, 6}, {7}, {4, 5}, {2, 3}, {1}], [{8, 7}, {1, 6}, {2, 5}, {3, 4}], [{8, 7}, {1, 6}, {3, 5}, {2, 4}], [{8, 7}, {1, 6}, {3, 5}, {4}, {2}], [{8, 7}, {1, 6}, {4, 5}, {2, 3}], [{8, 7}, {2, 6}, {1, 5}, {3, 4}], [{8, 7}, {2, 6}, {1, 5}, {4}, {3}], [{8, 7}, {2, 6}, {3, 5}, {1, 4}], [{8, 7}, {2, 6}, {4, 5}, {1, 3}], [{8, 7}, {2, 6}, {4, 5}, {3}, {1}], [{8, 7}, {2, 6}, {5}, {1, 4}, {3}], [{8, 7}, {3, 6}, {1, 5}, {2, 4}], [{8, 7}, {3, 6}, {2, 5}, {1, 4}], [{8, 7}, {3, 6}, {4, 5}, {1, 2}], [{8, 7}, {3, 6}, {5}, {1, 4}, {2}], [{8, 7}, {4, 6}, {1, 5}, {2, 3}], [{8, 7}, {4, 6}, {2, 5}, {1, 3}], [{8, 7}, {4, 6}, {3, 5}, {1, 2}], [{8, 7}, {4, 6}, {3, 5}, {2}, {1}], [{8, 7}, {5, 6}, {1, 4}, {2, 3}], [{8, 7}, {5, 6}, {1, 4}, {3}, {2}], [{8, 7}, {5, 6}, {2, 4}, {1, 3}], [{8, 7}, {5, 6}, {2, 4}, {3}, {1}], [{8, 7}, {5, 6}, {3, 4}, {1, 2}], [{8, 7}, {5, 6}, {4}, {3}, {1, 2}], [{8, 7}, {6}, {2, 5}, {1, 4}, {3}], [{8, 7}, {6}, {2, 5}, {3, 4}, {1}], [{8, 7}, {6}, {2, 5}, {4}, {1, 3}], [{8, 7}, {6}, {3, 5}, {1, 4}, {2}], [{8, 7}, {6}, {5}, {1, 4}, {2, 3}], [{8, 7}, {6}, {5}, {1, 4}, {3}, {2}], [{8}, {1, 7}, {4, 6}, {3, 5}, {2}], [{8}, {1, 7}, {6}, {2, 5}, {3, 4}], [{8}, {2, 7}, {3, 6}, {5}, {1, 4}], [{8}, {2, 7}, {6}, {4, 5}, {1, 3}], [{8}, {3, 7}, {2, 6}, {1, 5}, {4}], [{8}, {3, 7}, {2, 6}, {4, 5}, {1}], [{8}, {3, 7}, {2, 6}, {5}, {1, 4}], [{8}, {4, 7}, {1, 6}, {3, 5}, {2}], [{8}, {4, 7}, {6}, {1, 5}, {2, 3}], [{8}, {5, 7}, {3, 6}, {1, 4}, {2}], [{8}, {5, 7}, {6}, {2, 4}, {1, 3}], [{8}, {6, 7}, {1, 5}, {3, 4}, {2}], [{8}, {6, 7}, {3, 5}, {1, 4}, {2}], [{8}, {7}, {1, 6}, {4, 5}, {2, 3}], [{8}, {7}, {3, 6}, {2, 5}, {1, 4}]]",2,8 K_1^3 - 14 K_1^2 - 10 K_1 K_2 - K_1 + 7 K_2 + 3 K_3 + 8,O1O2O3O4U1U5U2O6U4O7O5U8U7O8U3U6,O1O2O3U4U5U1U3O6O5U7O8O7U2U8O4U6,O1O2O3U4O5U6U2O7O6U7O8O4U1U3U8U5,c,"{'O1O2O3O4U5U2O6U7U6O8O7U1O5U3U8U4', 'O1O2O3O4U3U5O6U7U6O8O7U1U2O5U8U4'}",2,"<a href=""/flatknot/8.850539"">8.850539</a>",t^9-44t^7-142t^6+10t^5+468t^4+321t^3-162t^2-158t-22,-t^3+t^2+t,,
8.850540,O1O2O3O4U5U2O6U7U6O8O7U1O5U8U3U4,4,6z^3+40z^2+99z+87,6w^4z^3-4w^4z^2+44w^3z^2-4w^3z+103w^2z+87w,False,False,"[[ 0 -2 -1  1  3 -1  1  0 -1],[ 2  0  0  2  3  1  1  1 -1],[ 1  0  0  0  1  1  0  1 -1],[-1 -2  0  0  1  0  1 -1 -2],[-3 -3 -1 -1  0 -2  1 -3 -2],[ 1 -1 -1  0  2  0  0  2  0],[-1 -1  0 -1 -1  0  0 -1 -1],[ 0 -1 -1  1  3 -2  1  0 -1],[ 1  1  1  2  2  0  1  1  0]]","[[ 0  3  1  1  0 -1 -1 -1 -2],[-3  0  1 -1 -3 -1 -2 -2 -3],[-1 -1  0 -1 -1  0  0 -1 -1],[-1  1  1  0 -1  0  0 -2 -2],[ 0  3  1  1  0 -1 -2 -1 -1],[ 1  1  0  0  1  0  1 -1  0],[ 1  2  0  0  2 -1  0  0 -1],[ 1  2  1  2  1  1  0  0  1],[ 2  3  1  2  1  0  1 -1  0]]",True,"[-3,-1,-1,0,1,1,1,2,-1,1,3,1,2,2,3,1,1,0,0,1,1,1,0,0,2,2,1,2,1,1,-1,1,0,0,1,-1]","[-3,-1,-1,0,1,1,1,2,-1,1,3,1,2,2,3,1,1,0,0,1,1,1,0,0,2,2,1,2,1,1,-1,1,0,0,1,-1]",t^8+53t^6+349t^4+173t^2+1,"[-2,-1,-1,-1,0,1,1,3,0,1,2,1,1,2,2,1,0,-1,2,2,2,1,0,2,2,3,0,0,1,2,0,0,0,-1,1,3]","[-3,-1,-1,0,1,1,1,2,1,3,0,2,2,3,2,1,0,0,2,2,1,0,1,2,2,2,0,-1,0,1,0,1,2,-1,0,1]","[-2,-1,-1,-1,0,1,1,3,-1,0,1,1,1,2,3,1,0,1,1,2,2,1,1,0,0,1,2,0,0,2,1,1,3,-1,-1,1]",c,"[[{8, 1}, {2, 7}, {3, 6}, {4, 5}], [{8, 1}, {2, 7}, {4, 6}, {3, 5}], [{8, 1}, {2, 7}, {5, 6}, {3, 4}], [{8, 1}, {2, 7}, {5, 6}, {4}, {3}], [{8, 1}, {3, 7}, {2, 6}, {4, 5}], [{8, 1}, {3, 7}, {4, 6}, {2, 5}], [{8, 1}, {3, 7}, {5, 6}, {2, 4}], [{8, 1}, {3, 7}, {6}, {2, 5}, {4}], [{8, 1}, {3, 7}, {6}, {4, 5}, {2}], [{8, 1}, {3, 7}, {6}, {5}, {2, 4}], [{8, 1}, {4, 7}, {2, 6}, {3, 5}], [{8, 1}, {4, 7}, {3, 6}, {2, 5}], [{8, 1}, {4, 7}, {5, 6}, {2, 3}], [{8, 1}, {5, 7}, {2, 6}, {3, 4}], [{8, 1}, {5, 7}, {3, 6}, {2, 4}], [{8, 1}, {5, 7}, {4, 6}, {2, 3}], [{8, 1}, {6, 7}, {2, 5}, {3, 4}], [{8, 1}, {6, 7}, {3, 5}, {2, 4}], [{8, 1}, {6, 7}, {4, 5}, {2, 3}], [{8, 2}, {1, 7}, {3, 6}, {4, 5}], [{8, 2}, {1, 7}, {4, 6}, {3, 5}], [{8, 2}, {1, 7}, {5, 6}, {3, 4}], [{8, 2}, {3, 7}, {1, 6}, {4, 5}], [{8, 2}, {3, 7}, {4, 6}, {1, 5}], [{8, 2}, {3, 7}, {5, 6}, {1, 4}], [{8, 2}, {3, 7}, {6}, {1, 5}, {4}], [{8, 2}, {4, 7}, {1, 6}, {3, 5}], [{8, 2}, {4, 7}, {3, 6}, {1, 5}], [{8, 2}, {4, 7}, {5, 6}, {1, 3}], [{8, 2}, {4, 7}, {6}, {1, 5}, {3}], [{8, 2}, {5, 7}, {1, 6}, {3, 4}], [{8, 2}, {5, 7}, {3, 6}, {1, 4}], [{8, 2}, {5, 7}, {4, 6}, {1, 3}], [{8, 2}, {6, 7}, {1, 5}, {3, 4}], [{8, 2}, {6, 7}, {1, 5}, {4}, {3}], [{8, 2}, {6, 7}, {3, 5}, {1, 4}], [{8, 2}, {6, 7}, {4, 5}, {1, 3}], [{8, 2}, {7}, {3, 6}, {1, 5}, {4}], [{8, 2}, {7}, {4, 6}, {1, 5}, {3}], [{8, 2}, {7}, {6}, {1, 5}, {3, 4}], [{8, 2}, {7}, {6}, {1, 5}, {4}, {3}], [{8, 2}, {7}, {6}, {3, 5}, {1, 4}], [{8, 2}, {7}, {6}, {4, 5}, {1, 3}], [{8, 3}, {1, 7}, {2, 6}, {4, 5}], [{8, 3}, {1, 7}, {4, 6}, {2, 5}], [{8, 3}, {1, 7}, {5, 6}, {2, 4}], [{8, 3}, {2, 7}, {1, 6}, {4, 5}], [{8, 3}, {2, 7}, {4, 6}, {1, 5}], [{8, 3}, {2, 7}, {5, 6}, {1, 4}], [{8, 3}, {2, 7}, {6}, {4, 5}, {1}], [{8, 3}, {4, 7}, {1, 6}, {2, 5}], [{8, 3}, {4, 7}, {1, 6}, {5}, {2}], [{8, 3}, {4, 7}, {2, 6}, {1, 5}], [{8, 3}, {4, 7}, {5, 6}, {1, 2}], [{8, 3}, {5, 7}, {1, 6}, {2, 4}], [{8, 3}, {5, 7}, {2, 6}, {1, 4}], [{8, 3}, {5, 7}, {4, 6}, {1, 2}], [{8, 3}, {6, 7}, {1, 5}, {2, 4}], [{8, 3}, {6, 7}, {2, 5}, {1, 4}], [{8, 3}, {6, 7}, {4, 5}, {1, 2}], [{8, 3}, {6, 7}, {4, 5}, {2}, {1}], [{8, 3}, {7}, {2, 6}, {1, 5}, {4}], [{8, 3}, {7}, {2, 6}, {4, 5}, {1}], [{8, 3}, {7}, {2, 6}, {5}, {1, 4}], [{8, 3}, {7}, {4, 6}, {1, 5}, {2}], [{8, 3}, {7}, {6}, {1, 5}, {2, 4}], [{8, 4}, {1, 7}, {2, 6}, {3, 5}], [{8, 4}, {1, 7}, {3, 6}, {2, 5}], [{8, 4}, {1, 7}, {5, 6}, {2, 3}], [{8, 4}, {2, 7}, {1, 6}, {3, 5}], [{8, 4}, {2, 7}, {3, 6}, {1, 5}], [{8, 4}, {2, 7}, {5, 6}, {1, 3}], [{8, 4}, {2, 7}, {6}, {1, 5}, {3}], [{8, 4}, {3, 7}, {1, 6}, {2, 5}], [{8, 4}, {3, 7}, {1, 6}, {5}, {2}], [{8, 4}, {3, 7}, {2, 6}, {1, 5}], [{8, 4}, {3, 7}, {5, 6}, {1, 2}], [{8, 4}, {3, 7}, {5, 6}, {2}, {1}], [{8, 4}, {3, 7}, {6}, {1, 5}, {2}], [{8, 4}, {5, 7}, {1, 6}, {2, 3}], [{8, 4}, {5, 7}, {2, 6}, {1, 3}], [{8, 4}, {5, 7}, {3, 6}, {1, 2}], [{8, 4}, {6, 7}, {1, 5}, {2, 3}], [{8, 4}, {6, 7}, {1, 5}, {3}, {2}], [{8, 4}, {6, 7}, {2, 5}, {1, 3}], [{8, 4}, {6, 7}, {3, 5}, {1, 2}], [{8, 4}, {6, 7}, {3, 5}, {2}, {1}], [{8, 4}, {6, 7}, {5}, {1, 3}, {2}], [{8, 4}, {7}, {2, 6}, {1, 5}, {3}], [{8, 4}, {7}, {3, 6}, {1, 5}, {2}], [{8, 4}, {7}, {6}, {1, 5}, {2, 3}], [{8, 4}, {7}, {6}, {1, 5}, {3}, {2}], [{8, 5}, {1, 7}, {2, 6}, {3, 4}], [{8, 5}, {1, 7}, {3, 6}, {2, 4}], [{8, 5}, {1, 7}, {4, 6}, {2, 3}], [{8, 5}, {1, 7}, {6}, {3, 4}, {2}], [{8, 5}, {2, 7}, {1, 6}, {3, 4}], [{8, 5}, {2, 7}, {3, 6}, {1, 4}], [{8, 5}, {2, 7}, {4, 6}, {1, 3}], [{8, 5}, {3, 7}, {1, 6}, {2, 4}], [{8, 5}, {3, 7}, {2, 6}, {1, 4}], [{8, 5}, {3, 7}, {4, 6}, {1, 2}], [{8, 5}, {3, 7}, {6}, {2, 4}, {1}], [{8, 5}, {4, 7}, {1, 6}, {2, 3}], [{8, 5}, {4, 7}, {2, 6}, {1, 3}], [{8, 5}, {4, 7}, {3, 6}, {1, 2}], [{8, 5}, {4, 7}, {6}, {2, 3}, {1}], [{8, 5}, {6, 7}, {1, 4}, {2, 3}], [{8, 5}, {6, 7}, {2, 4}, {1, 3}], [{8, 5}, {6, 7}, {3, 4}, {1, 2}], [{8, 5}, {6, 7}, {4}, {3}, {1, 2}], [{8, 6}, {1, 7}, {2, 5}, {3, 4}], [{8, 6}, {1, 7}, {3, 5}, {2, 4}], [{8, 6}, {1, 7}, {4, 5}, {2, 3}], [{8, 6}, {2, 7}, {1, 5}, {3, 4}], [{8, 6}, {2, 7}, {1, 5}, {4}, {3}], [{8, 6}, {2, 7}, {3, 5}, {1, 4}], [{8, 6}, {2, 7}, {4, 5}, {1, 3}], [{8, 6}, {3, 7}, {1, 5}, {2, 4}], [{8, 6}, {3, 7}, {1, 5}, {4}, {2}], [{8, 6}, {3, 7}, {2, 5}, {1, 4}], [{8, 6}, {3, 7}, {4, 5}, {1, 2}], [{8, 6}, {4, 7}, {1, 5}, {2, 3}], [{8, 6}, {4, 7}, {1, 5}, {3}, {2}], [{8, 6}, {4, 7}, {2, 5}, {1, 3}], [{8, 6}, {4, 7}, {3, 5}, {1, 2}], [{8, 6}, {5, 7}, {1, 4}, {2, 3}], [{8, 6}, {5, 7}, {2, 4}, {1, 3}], [{8, 6}, {5, 7}, {3, 4}, {1, 2}], [{8, 6}, {7}, {1, 5}, {2, 4}, {3}], [{8, 6}, {7}, {1, 5}, {3, 4}, {2}], [{8, 6}, {7}, {1, 5}, {4}, {2, 3}], [{8, 6}, {7}, {1, 5}, {4}, {3}, {2}], [{8, 6}, {7}, {4, 5}, {2, 3}, {1}], [{8, 6}, {7}, {5}, {1, 4}, {2, 3}], [{8, 7}, {1, 6}, {2, 5}, {3, 4}], [{8, 7}, {1, 6}, {3, 5}, {2, 4}], [{8, 7}, {1, 6}, {4, 5}, {2, 3}], [{8, 7}, {1, 6}, {5}, {3, 4}, {2}], [{8, 7}, {2, 6}, {1, 5}, {3, 4}], [{8, 7}, {2, 6}, {1, 5}, {4}, {3}], [{8, 7}, {2, 6}, {3, 5}, {1, 4}], [{8, 7}, {2, 6}, {4, 5}, {1, 3}], [{8, 7}, {2, 6}, {4, 5}, {3}, {1}], [{8, 7}, {2, 6}, {5}, {1, 4}, {3}], [{8, 7}, {3, 6}, {1, 5}, {2, 4}], [{8, 7}, {3, 6}, {2, 5}, {1, 4}], [{8, 7}, {3, 6}, {4, 5}, {1, 2}], [{8, 7}, {3, 6}, {5}, {1, 4}, {2}], [{8, 7}, {4, 6}, {1, 5}, {2, 3}], [{8, 7}, {4, 6}, {1, 5}, {3}, {2}], [{8, 7}, {4, 6}, {2, 5}, {1, 3}], [{8, 7}, {4, 6}, {3, 5}, {1, 2}], [{8, 7}, {5, 6}, {1, 4}, {2, 3}], [{8, 7}, {5, 6}, {2, 4}, {1, 3}], [{8, 7}, {5, 6}, {3, 4}, {1, 2}], [{8, 7}, {6}, {1, 5}, {2, 4}, {3}], [{8, 7}, {6}, {3, 5}, {2, 4}, {1}], [{8, 7}, {6}, {5}, {1, 4}, {2, 3}], [{8, 7}, {6}, {5}, {2, 4}, {1, 3}], [{8}, {2, 7}, {1, 6}, {4, 5}, {3}], [{8}, {2, 7}, {4, 6}, {1, 5}, {3}], [{8}, {3, 7}, {2, 6}, {1, 5}, {4}], [{8}, {3, 7}, {2, 6}, {4, 5}, {1}], [{8}, {3, 7}, {2, 6}, {5}, {1, 4}], [{8}, {3, 7}, {4, 6}, {1, 5}, {2}], [{8}, {3, 7}, {6}, {1, 5}, {2, 4}], [{8}, {4, 7}, {2, 6}, {1, 5}, {3}], [{8}, {4, 7}, {2, 6}, {3, 5}, {1}], [{8}, {4, 7}, {2, 6}, {5}, {1, 3}], [{8}, {5, 7}, {6}, {3, 4}, {1, 2}], [{8}, {6, 7}, {1, 5}, {2, 4}, {3}], [{8}, {6, 7}, {5}, {1, 4}, {2, 3}], [{8}, {7}, {2, 6}, {1, 5}, {3, 4}], [{8}, {7}, {2, 6}, {1, 5}, {4}, {3}], [{8}, {7}, {3, 6}, {1, 5}, {2, 4}], [{8}, {7}, {4, 6}, {1, 5}, {2, 3}], [{8}, {7}, {4, 6}, {1, 5}, {3}, {2}], [{8}, {7}, {6}, {1, 5}, {2, 4}, {3}]]",2,- 8 K_1^4 + 16 K_1^3 + 8 K_1^2 K_2 - 16 K_1^2 - 10 K_1 K_2 - 2 K_1 K_3 - 7 K_1 + 9 K_2 + K_3 + 10,O1O2O3O4U1U2U5O6U4O7O5U8U7O8U3U6,O1O2O3U4U5U2U3O6O5U7O8O7U1U8O4U6,O1O2O3U4O5U6U3O7O6U7O8O4U1U2U8U5,c,{'O1O2O3O4U5U2O6U7U6O8O7U1O5U8U3U4'},1,"<a href=""/flatknot/8.850540"">8.850540</a>",t^9-49t^7-178t^6-44t^5+610t^4+666t^3-174t^2-206t+80,-t^3+t^2+t,,
8.850541,O1O2O3O4U5U2O6U7U6O8O7U1O5U8U4U3,4,4z^3+35z^2+104z+101,4w^4z^3+35w^3z^2-4w^3z+108w^2z+101w,False,False,"[[ 0 -2 -1  2  2 -1  1  0 -1],[ 2  0  0  3  2  1  1  1 -1],[ 1  0  0  1  0  1  0  1 -1],[-2 -3 -1  0  0 -1  1 -2 -2],[-2 -2  0  0  0 -1  1 -2 -2],[ 1 -1 -1  1  1  0  0  2  0],[-1 -1  0 -1 -1  0  0 -1 -1],[ 0 -1 -1  2  2 -2  1  0 -1],[ 1  1  1  2  2  0  1  1  0]]","[[ 0  2  2  1  0 -1 -1 -1 -2],[-2  0  0  1 -2  0 -1 -2 -2],[-2  0  0  1 -2 -1 -1 -2 -3],[-1 -1 -1  0 -1  0  0 -1 -1],[ 0  2  2  1  0 -1 -2 -1 -1],[ 1  0  1  0  1  0  1 -1  0],[ 1  1  1  0  2 -1  0  0 -1],[ 1  2  2  1  1  1  0  0  1],[ 2  2  3  1  1  0  1 -1  0]]",True,"[-2,-2,-1,0,1,1,1,2,0,-1,2,0,1,2,2,-1,2,1,1,2,3,1,0,0,1,1,1,2,1,1,-1,1,0,0,1,-1]","[-2,-2,-1,0,1,1,1,2,0,-1,2,0,1,2,2,-1,2,1,1,2,3,1,0,0,1,1,1,2,1,1,-1,1,0,0,1,-1]",t^8+48t^6+287t^4+161t^2+1,"[-2,-1,-1,-1,0,1,2,2,0,1,2,1,2,1,2,1,0,-1,2,2,2,1,0,2,2,3,0,1,1,1,0,0,0,2,2,0]","[-2,-2,-1,0,1,1,1,2,0,2,0,1,2,2,1,2,0,1,2,3,2,0,1,2,2,2,0,-1,0,1,0,1,2,-1,0,1]","[-2,-1,-1,-1,0,1,2,2,-1,0,1,1,1,2,3,1,0,1,1,2,2,1,1,0,0,1,2,0,1,1,1,2,2,-1,-1,0]",c,"[[{8, 1}, {2, 7}, {3, 6}, {4, 5}], [{8, 1}, {2, 7}, {4, 6}, {3, 5}], [{8, 1}, {2, 7}, {5, 6}, {3, 4}], [{8, 1}, {3, 7}, {2, 6}, {4, 5}], [{8, 1}, {3, 7}, {4, 6}, {2, 5}], [{8, 1}, {3, 7}, {5, 6}, {2, 4}], [{8, 1}, {3, 7}, {5, 6}, {4}, {2}], [{8, 1}, {4, 7}, {2, 6}, {3, 5}], [{8, 1}, {4, 7}, {3, 6}, {2, 5}], [{8, 1}, {4, 7}, {5, 6}, {2, 3}], [{8, 1}, {4, 7}, {6}, {2, 5}, {3}], [{8, 1}, {4, 7}, {6}, {3, 5}, {2}], [{8, 1}, {4, 7}, {6}, {5}, {2, 3}], [{8, 1}, {5, 7}, {2, 6}, {3, 4}], [{8, 1}, {5, 7}, {2, 6}, {4}, {3}], [{8, 1}, {5, 7}, {3, 6}, {2, 4}], [{8, 1}, {5, 7}, {4, 6}, {2, 3}], [{8, 1}, {6, 7}, {2, 5}, {3, 4}], [{8, 1}, {6, 7}, {3, 5}, {2, 4}], [{8, 1}, {6, 7}, {4, 5}, {2, 3}], [{8, 1}, {7}, {5, 6}, {2, 4}, {3}], [{8, 2}, {1, 7}, {3, 6}, {4, 5}], [{8, 2}, {1, 7}, {4, 6}, {3, 5}], [{8, 2}, {1, 7}, {5, 6}, {3, 4}], [{8, 2}, {3, 7}, {1, 6}, {4, 5}], [{8, 2}, {3, 7}, {4, 6}, {1, 5}], [{8, 2}, {3, 7}, {5, 6}, {1, 4}], [{8, 2}, {3, 7}, {6}, {1, 5}, {4}], [{8, 2}, {4, 7}, {1, 6}, {3, 5}], [{8, 2}, {4, 7}, {3, 6}, {1, 5}], [{8, 2}, {4, 7}, {5, 6}, {1, 3}], [{8, 2}, {4, 7}, {6}, {1, 5}, {3}], [{8, 2}, {5, 7}, {1, 6}, {3, 4}], [{8, 2}, {5, 7}, {3, 6}, {1, 4}], [{8, 2}, {5, 7}, {4, 6}, {1, 3}], [{8, 2}, {6, 7}, {1, 5}, {3, 4}], [{8, 2}, {6, 7}, {1, 5}, {4}, {3}], [{8, 2}, {6, 7}, {3, 5}, {1, 4}], [{8, 2}, {6, 7}, {4, 5}, {1, 3}], [{8, 2}, {7}, {3, 6}, {1, 5}, {4}], [{8, 2}, {7}, {4, 6}, {1, 5}, {3}], [{8, 2}, {7}, {6}, {1, 5}, {3, 4}], [{8, 2}, {7}, {6}, {1, 5}, {4}, {3}], [{8, 2}, {7}, {6}, {3, 5}, {1, 4}], [{8, 2}, {7}, {6}, {4, 5}, {1, 3}], [{8, 3}, {1, 7}, {2, 6}, {4, 5}], [{8, 3}, {1, 7}, {4, 6}, {2, 5}], [{8, 3}, {1, 7}, {5, 6}, {2, 4}], [{8, 3}, {2, 7}, {1, 6}, {4, 5}], [{8, 3}, {2, 7}, {4, 6}, {1, 5}], [{8, 3}, {2, 7}, {5, 6}, {1, 4}], [{8, 3}, {2, 7}, {6}, {1, 5}, {4}], [{8, 3}, {4, 7}, {1, 6}, {2, 5}], [{8, 3}, {4, 7}, {1, 6}, {5}, {2}], [{8, 3}, {4, 7}, {2, 6}, {1, 5}], [{8, 3}, {4, 7}, {5, 6}, {1, 2}], [{8, 3}, {4, 7}, {5, 6}, {2}, {1}], [{8, 3}, {4, 7}, {6}, {1, 5}, {2}], [{8, 3}, {5, 7}, {1, 6}, {2, 4}], [{8, 3}, {5, 7}, {2, 6}, {1, 4}], [{8, 3}, {5, 7}, {4, 6}, {1, 2}], [{8, 3}, {6, 7}, {1, 5}, {2, 4}], [{8, 3}, {6, 7}, {1, 5}, {4}, {2}], [{8, 3}, {6, 7}, {2, 5}, {1, 4}], [{8, 3}, {6, 7}, {4, 5}, {1, 2}], [{8, 3}, {6, 7}, {4, 5}, {2}, {1}], [{8, 3}, {6, 7}, {5}, {1, 4}, {2}], [{8, 3}, {7}, {2, 6}, {1, 5}, {4}], [{8, 3}, {7}, {4, 6}, {1, 5}, {2}], [{8, 3}, {7}, {6}, {1, 5}, {2, 4}], [{8, 3}, {7}, {6}, {1, 5}, {4}, {2}], [{8, 4}, {1, 7}, {2, 6}, {3, 5}], [{8, 4}, {1, 7}, {3, 6}, {2, 5}], [{8, 4}, {1, 7}, {5, 6}, {2, 3}], [{8, 4}, {2, 7}, {1, 6}, {3, 5}], [{8, 4}, {2, 7}, {3, 6}, {1, 5}], [{8, 4}, {2, 7}, {5, 6}, {1, 3}], [{8, 4}, {3, 7}, {1, 6}, {2, 5}], [{8, 4}, {3, 7}, {1, 6}, {5}, {2}], [{8, 4}, {3, 7}, {2, 6}, {1, 5}], [{8, 4}, {3, 7}, {5, 6}, {1, 2}], [{8, 4}, {5, 7}, {1, 6}, {2, 3}], [{8, 4}, {5, 7}, {2, 6}, {1, 3}], [{8, 4}, {5, 7}, {3, 6}, {1, 2}], [{8, 4}, {6, 7}, {1, 5}, {2, 3}], [{8, 4}, {6, 7}, {2, 5}, {1, 3}], [{8, 4}, {6, 7}, {3, 5}, {1, 2}], [{8, 4}, {6, 7}, {3, 5}, {2}, {1}], [{8, 4}, {7}, {2, 6}, {1, 5}, {3}], [{8, 4}, {7}, {3, 6}, {1, 5}, {2}], [{8, 4}, {7}, {6}, {1, 5}, {2, 3}], [{8, 5}, {1, 7}, {2, 6}, {3, 4}], [{8, 5}, {1, 7}, {2, 6}, {4}, {3}], [{8, 5}, {1, 7}, {3, 6}, {2, 4}], [{8, 5}, {1, 7}, {4, 6}, {2, 3}], [{8, 5}, {1, 7}, {6}, {3, 4}, {2}], [{8, 5}, {2, 7}, {1, 6}, {3, 4}], [{8, 5}, {2, 7}, {3, 6}, {1, 4}], [{8, 5}, {2, 7}, {4, 6}, {1, 3}], [{8, 5}, {3, 7}, {1, 6}, {2, 4}], [{8, 5}, {3, 7}, {2, 6}, {1, 4}], [{8, 5}, {3, 7}, {4, 6}, {1, 2}], [{8, 5}, {3, 7}, {6}, {2, 4}, {1}], [{8, 5}, {4, 7}, {1, 6}, {2, 3}], [{8, 5}, {4, 7}, {2, 6}, {1, 3}], [{8, 5}, {4, 7}, {3, 6}, {1, 2}], [{8, 5}, {4, 7}, {6}, {2, 3}, {1}], [{8, 5}, {6, 7}, {1, 4}, {2, 3}], [{8, 5}, {6, 7}, {2, 4}, {1, 3}], [{8, 5}, {6, 7}, {3, 4}, {1, 2}], [{8, 5}, {7}, {1, 6}, {2, 4}, {3}], [{8, 6}, {1, 7}, {2, 5}, {3, 4}], [{8, 6}, {1, 7}, {3, 5}, {2, 4}], [{8, 6}, {1, 7}, {4, 5}, {2, 3}], [{8, 6}, {1, 7}, {5}, {2, 4}, {3}], [{8, 6}, {2, 7}, {1, 5}, {3, 4}], [{8, 6}, {2, 7}, {1, 5}, {4}, {3}], [{8, 6}, {2, 7}, {3, 5}, {1, 4}], [{8, 6}, {2, 7}, {4, 5}, {1, 3}], [{8, 6}, {3, 7}, {1, 5}, {2, 4}], [{8, 6}, {3, 7}, {1, 5}, {4}, {2}], [{8, 6}, {3, 7}, {2, 5}, {1, 4}], [{8, 6}, {3, 7}, {4, 5}, {1, 2}], [{8, 6}, {4, 7}, {1, 5}, {2, 3}], [{8, 6}, {4, 7}, {1, 5}, {3}, {2}], [{8, 6}, {4, 7}, {2, 5}, {1, 3}], [{8, 6}, {4, 7}, {3, 5}, {1, 2}], [{8, 6}, {5, 7}, {1, 4}, {2, 3}], [{8, 6}, {5, 7}, {2, 4}, {1, 3}], [{8, 6}, {5, 7}, {2, 4}, {3}, {1}], [{8, 6}, {5, 7}, {3, 4}, {1, 2}], [{8, 6}, {7}, {1, 5}, {2, 4}, {3}], [{8, 6}, {7}, {1, 5}, {3, 4}, {2}], [{8, 6}, {7}, {1, 5}, {4}, {2, 3}], [{8, 6}, {7}, {1, 5}, {4}, {3}, {2}], [{8, 7}, {1, 6}, {2, 5}, {3, 4}], [{8, 7}, {1, 6}, {3, 5}, {2, 4}], [{8, 7}, {1, 6}, {4, 5}, {2, 3}], [{8, 7}, {1, 6}, {5}, {3, 4}, {2}], [{8, 7}, {2, 6}, {1, 5}, {3, 4}], [{8, 7}, {2, 6}, {1, 5}, {4}, {3}], [{8, 7}, {2, 6}, {3, 5}, {1, 4}], [{8, 7}, {2, 6}, {4, 5}, {1, 3}], [{8, 7}, {3, 6}, {1, 5}, {2, 4}], [{8, 7}, {3, 6}, {1, 5}, {4}, {2}], [{8, 7}, {3, 6}, {2, 5}, {1, 4}], [{8, 7}, {3, 6}, {4, 5}, {1, 2}], [{8, 7}, {4, 6}, {1, 5}, {2, 3}], [{8, 7}, {4, 6}, {2, 5}, {1, 3}], [{8, 7}, {4, 6}, {3, 5}, {1, 2}], [{8, 7}, {4, 6}, {3, 5}, {2}, {1}], [{8, 7}, {5, 6}, {1, 4}, {2, 3}], [{8, 7}, {5, 6}, {2, 4}, {1, 3}], [{8, 7}, {5, 6}, {3, 4}, {1, 2}], [{8, 7}, {5, 6}, {4}, {3}, {1, 2}], [{8, 7}, {6}, {1, 5}, {4}, {2, 3}], [{8, 7}, {6}, {4, 5}, {2, 3}, {1}], [{8, 7}, {6}, {5}, {1, 4}, {2, 3}], [{8, 7}, {6}, {5}, {2, 4}, {1, 3}], [{8}, {1, 7}, {4, 6}, {2, 5}, {3}], [{8}, {2, 7}, {3, 6}, {1, 5}, {4}], [{8}, {3, 7}, {2, 6}, {1, 5}, {4}], [{8}, {3, 7}, {2, 6}, {4, 5}, {1}], [{8}, {3, 7}, {2, 6}, {5}, {1, 4}], [{8}, {4, 7}, {2, 6}, {1, 5}, {3}], [{8}, {4, 7}, {2, 6}, {3, 5}, {1}], [{8}, {4, 7}, {2, 6}, {5}, {1, 3}], [{8}, {4, 7}, {3, 6}, {1, 5}, {2}], [{8}, {4, 7}, {6}, {1, 5}, {2, 3}], [{8}, {5, 7}, {6}, {3, 4}, {1, 2}], [{8}, {6, 7}, {1, 5}, {4}, {2, 3}], [{8}, {7}, {2, 6}, {1, 5}, {3, 4}], [{8}, {7}, {2, 6}, {1, 5}, {4}, {3}], [{8}, {7}, {3, 6}, {1, 5}, {2, 4}], [{8}, {7}, {3, 6}, {1, 5}, {4}, {2}], [{8}, {7}, {4, 6}, {1, 5}, {2, 3}], [{8}, {7}, {6}, {1, 5}, {4}, {2, 3}]]",2,8 K_1^3 + 4 K_1^2 K_2 - 10 K_1^2 - 20 K_1 K_2 - 4 K_1 K_3 + 4 K_1 - 4 K_2^2 + 5 K_2 + 8 K_3 + 3 K_4 + 7,O1O2O3O4U2U1U5O6U4O7O5U8U7O8U3U6,O1O2O3U4U5U3U2O6O5U7O8O7U1U8O4U6,O1O2O3U4O5U6U3O7O6U7O8O4U2U1U8U5,c,{'O1O2O3O4U5U2O6U7U6O8O7U1O5U8U4U3'},1,"<a href=""/flatknot/8.850541"">8.850541</a>",t^9-46t^7-140t^6+4t^5+248t^4-125t^3-220t^2+55t+2,-t^2+2t,,
8.850542,O1O2O3O4U5U2O6U7U6O8O7U3O5U1U4U8,4,23z^2+108z+125,23w^3z^2+108w^2z+125w,False,False,"[[ 0 -2 -1  0  2 -1  1  0  1],[ 2  0  0  2  3  0  1  1  1],[ 1  0  0  1  1  0  0  1  1],[ 0 -2 -1  0  0  0  1 -1  0],[-2 -3 -1  0  0 -2  1 -3 -1],[ 1  0  0  0  2  0  0  2  2],[-1 -1  0 -1 -1  0  0 -1 -1],[ 0 -1 -1  1  3 -2  1  0  1],[-1 -1 -1  0  1 -2  1 -1  0]]","[[ 0  2  1  1  0  0 -1 -1 -2],[-2  0  1 -1  0 -3 -1 -2 -3],[-1 -1  0 -1 -1 -1  0  0 -1],[-1  1  1  0  0 -1 -1 -2 -1],[ 0  0  1  0  0 -1 -1  0 -2],[ 0  3  1  1  1  0 -1 -2 -1],[ 1  1  0  1  1  1  0  0  0],[ 1  2  0  2  0  2  0  0  0],[ 2  3  1  1  2  1  0  0  0]]",True,"[-2,-1,-1,0,0,1,1,2,-1,1,0,3,1,2,3,1,1,1,0,0,1,0,1,1,2,1,1,1,0,2,1,2,1,0,0,0]","[-2,-1,-1,0,0,1,1,2,-1,1,0,3,1,2,3,1,1,1,0,0,1,0,1,1,2,1,1,1,0,2,1,2,1,0,0,0]",t^8+48t^6+176t^4+91t^2+4,"[-2,-1,-1,0,0,1,1,2,1,1,0,1,2,2,1,0,0,0,1,2,2,1,-1,0,2,1,1,1,0,2,0,0,-1,-1,0,2]","[-2,-1,-1,0,0,1,1,2,0,2,-1,2,1,2,1,1,0,1,0,1,2,0,0,2,2,2,1,-1,0,1,1,0,0,0,1,1]","[-2,-1,-1,0,0,1,1,2,0,0,1,2,1,1,3,0,1,1,0,1,1,2,0,0,2,2,1,1,1,3,1,0,0,-1,-1,1]",c,"[[{8, 2}, {3, 7}, {5, 6}, {1, 4}]]",1,4 K_1^3 - 12 K_1^2 - 16 K_1 K_2 + 5 K_1 + 6 K_2 + 7 K_3 + 7,O1O2O3O4U5U1U4O6U2O7O5U8U7O8U3U6,O1O2O3U1U4U5U2O6O4U7O8O7U3U8O5U6,O1O2O3U4O5U6U1O7O6U7O8O4U2U5U8U3,c,{'O1O2O3O4U5U2O6U7U6O8O7U3O5U1U4U8'},1,"<a href=""/flatknot/8.850542"">8.850542</a>",t^9-48t^7-104t^6+152t^5+346t^4+75t^3-10t^2+70t+2,0,,
8.850543,O1O2O3O4U5U2O6U7U6O8O7U3O5U1U8U4,4,3z^3+33z^2+105z+103,3w^4z^3+33w^3z^2-4w^3z+109w^2z+103w,False,False,"[[ 0 -2 -1  0  3 -1  1  0  0],[ 2  0  0  2  4  0  1  1  0],[ 1  0  0  1  1  0  0  1  0],[ 0 -2 -1  0  1  0  1 -1 -1],[-3 -4 -1 -1  0 -2  1 -3 -2],[ 1  0  0  0  2  0  0  2  1],[-1 -1  0 -1 -1  0  0 -1 -1],[ 0 -1 -1  1  3 -2  1  0  0],[ 0  0  0  1  2 -1  1  0  0]]","[[ 0  3  1  0  0  0 -1 -1 -2],[-3  0  1 -1 -2 -3 -1 -2 -4],[-1 -1  0 -1 -1 -1  0  0 -1],[ 0  1  1  0 -1 -1 -1  0 -2],[ 0  2  1  1  0  0  0 -1  0],[ 0  3  1  1  0  0 -1 -2 -1],[ 1  1  0  1  0  1  0  0  0],[ 1  2  0  0  1  2  0  0  0],[ 2  4  1  2  0  1  0  0  0]]",True,"[-3,-1,0,0,0,1,1,2,-1,1,2,3,1,2,4,1,1,1,0,0,1,1,1,1,0,2,0,0,1,0,1,2,1,0,0,0]","[-3,-1,0,0,0,1,1,2,-1,1,2,3,1,2,4,1,1,1,0,0,1,1,1,1,0,2,0,0,1,0,1,2,1,0,0,0]",t^8+54t^6+190t^4+107t^2+9,"[-2,-1,-1,0,0,0,1,3,1,1,0,1,2,2,1,0,0,0,1,2,3,1,-1,0,2,2,1,1,0,2,0,0,0,0,1,3]","[-3,-1,0,0,0,1,1,2,3,0,1,2,2,3,1,0,0,0,2,2,2,0,1,-1,0,1,1,0,1,2,1,0,0,0,1,1]","[-2,-1,-1,0,0,0,1,3,0,0,0,1,2,1,4,0,0,1,1,0,1,1,2,0,0,2,0,1,1,2,1,1,3,1,1,-1]",c,"[[{8, 3}, {6, 7}, {2, 5}, {1, 4}]]",1,4 K_1^3 - 18 K_1^2 - 10 K_1 K_2 + 2 K_1 + 9 K_2 + 4 K_3 + 10,O1O2O3O4U1U5U4O6U2O7O5U8U7O8U3U6,O1O2O3U1U4U5U3O6O4U7O8O7U2U8O5U6,O1O2O3U4O5U6U2O7O6U7O8O4U1U5U8U3,c,{'O1O2O3O4U5U2O6U7U6O8O7U3O5U1U8U4'},1,"<a href=""/flatknot/8.850543"">8.850543</a>",t^9-50t^7-120t^6+111t^5+282t^4+35t^3-186t^2-37t,-t^3+t^2+t,,
8.850544,O1O2O3O4U5U2O6U7U6O8O7U3O5U8U1U4,4,21z^2+102z+121,21w^3z^2-4w^3z+106w^2z+121w,False,False,"[[ 0 -1 -1  0  3 -1  1  0 -1],[ 1  0  0  1  3  0  1  1 -1],[ 1  0  0  1  1  0  0  1  0],[ 0 -1 -1  0  1  0  1 -1 -1],[-3 -3 -1 -1  0 -2  1 -3 -2],[ 1  0  0  0  2  0  0  2  0],[-1 -1  0 -1 -1  0  0 -1 -1],[ 0 -1 -1  1  3 -2  1  0 -1],[ 1  1  0  1  2  0  1  1  0]]","[[ 0  3  1  0  0 -1 -1 -1 -1],[-3  0  1 -1 -3 -1 -2 -2 -3],[-1 -1  0 -1 -1  0  0 -1 -1],[ 0  1  1  0 -1 -1  0 -1 -1],[ 0  3  1  1  0 -1 -2 -1 -1],[ 1  1  0  1  1  0  0  0  0],[ 1  2  0  0  2  0  0  0  0],[ 1  2  1  1  1  0  0  0  1],[ 1  3  1  1  1  0  0 -1  0]]",True,"[-3,-1,0,0,1,1,1,1,-1,1,3,1,2,2,3,1,1,0,0,1,1,1,1,0,1,1,1,2,1,1,0,0,0,0,0,-1]","[-3,-1,0,0,1,1,1,1,-1,1,3,1,2,2,3,1,1,0,0,1,1,1,1,0,1,1,1,2,1,1,0,0,0,0,0,-1]",t^8+45t^6+133t^4+69t^2+4,"[-1,-1,-1,-1,0,0,1,3,-1,0,0,0,0,1,2,0,0,0,0,1,1,0,-1,1,2,2,0,0,2,3,-1,0,0,0,2,3]","[-3,-1,0,0,1,1,1,1,3,0,2,1,2,2,3,0,0,1,1,2,2,1,0,0,-1,0,0,0,1,0,-1,0,0,0,0,0]","[-1,-1,-1,-1,0,0,1,3,-1,0,0,1,1,1,3,0,0,1,1,1,2,0,0,2,0,2,1,1,0,1,-1,1,1,1,3,-1]",c,"[[{8, 1}, {2, 7}, {3, 6}, {4, 5}], [{8, 1}, {2, 7}, {4, 6}, {3, 5}], [{8, 1}, {2, 7}, {5, 6}, {3, 4}], [{8, 1}, {3, 7}, {2, 6}, {4, 5}], [{8, 1}, {3, 7}, {4, 6}, {2, 5}], [{8, 1}, {3, 7}, {4, 6}, {5}, {2}], [{8, 1}, {3, 7}, {5, 6}, {2, 4}], [{8, 1}, {4, 7}, {2, 6}, {3, 5}], [{8, 1}, {4, 7}, {2, 6}, {5}, {3}], [{8, 1}, {4, 7}, {3, 6}, {2, 5}], [{8, 1}, {4, 7}, {5, 6}, {2, 3}], [{8, 1}, {5, 7}, {2, 6}, {3, 4}], [{8, 1}, {5, 7}, {3, 6}, {2, 4}], [{8, 1}, {5, 7}, {4, 6}, {2, 3}], [{8, 1}, {5, 7}, {4, 6}, {3}, {2}], [{8, 1}, {6, 7}, {2, 5}, {3, 4}], [{8, 1}, {6, 7}, {3, 5}, {2, 4}], [{8, 1}, {6, 7}, {4, 5}, {2, 3}], [{8, 1}, {7}, {2, 6}, {3, 5}, {4}], [{8, 1}, {7}, {4, 6}, {3, 5}, {2}], [{8, 1}, {7}, {6}, {3, 5}, {2, 4}], [{8, 2}, {1, 7}, {3, 6}, {4, 5}], [{8, 2}, {1, 7}, {4, 6}, {3, 5}], [{8, 2}, {1, 7}, {5, 6}, {3, 4}], [{8, 2}, {1, 7}, {6}, {5}, {3, 4}], [{8, 2}, {3, 7}, {1, 6}, {4, 5}], [{8, 2}, {3, 7}, {4, 6}, {1, 5}], [{8, 2}, {3, 7}, {5, 6}, {1, 4}], [{8, 2}, {3, 7}, {6}, {4, 5}, {1}], [{8, 2}, {4, 7}, {1, 6}, {3, 5}], [{8, 2}, {4, 7}, {3, 6}, {1, 5}], [{8, 2}, {4, 7}, {5, 6}, {1, 3}], [{8, 2}, {4, 7}, {6}, {5}, {1, 3}], [{8, 2}, {5, 7}, {1, 6}, {3, 4}], [{8, 2}, {5, 7}, {3, 6}, {1, 4}], [{8, 2}, {5, 7}, {4, 6}, {1, 3}], [{8, 2}, {6, 7}, {1, 5}, {3, 4}], [{8, 2}, {6, 7}, {3, 5}, {1, 4}], [{8, 2}, {6, 7}, {4, 5}, {1, 3}], [{8, 2}, {6, 7}, {5}, {3, 4}, {1}], [{8, 2}, {7}, {1, 6}, {3, 5}, {4}], [{8, 2}, {7}, {1, 6}, {4, 5}, {3}], [{8, 2}, {7}, {1, 6}, {5}, {3, 4}], [{8, 2}, {7}, {4, 6}, {3, 5}, {1}], [{8, 2}, {7}, {6}, {3, 5}, {1, 4}], [{8, 3}, {1, 7}, {2, 6}, {4, 5}], [{8, 3}, {1, 7}, {4, 6}, {2, 5}], [{8, 3}, {1, 7}, {5, 6}, {2, 4}], [{8, 3}, {1, 7}, {6}, {5}, {2, 4}], [{8, 3}, {2, 7}, {1, 6}, {4, 5}], [{8, 3}, {2, 7}, {4, 6}, {1, 5}], [{8, 3}, {2, 7}, {5, 6}, {1, 4}], [{8, 3}, {4, 7}, {1, 6}, {2, 5}], [{8, 3}, {4, 7}, {2, 6}, {1, 5}], [{8, 3}, {4, 7}, {5, 6}, {1, 2}], [{8, 3}, {5, 7}, {1, 6}, {2, 4}], [{8, 3}, {5, 7}, {2, 6}, {1, 4}], [{8, 3}, {5, 7}, {4, 6}, {1, 2}], [{8, 3}, {6, 7}, {1, 5}, {2, 4}], [{8, 3}, {6, 7}, {2, 5}, {1, 4}], [{8, 3}, {6, 7}, {4, 5}, {1, 2}], [{8, 3}, {6, 7}, {5}, {2, 4}, {1}], [{8, 3}, {7}, {1, 6}, {2, 5}, {4}], [{8, 3}, {7}, {1, 6}, {4, 5}, {2}], [{8, 3}, {7}, {1, 6}, {5}, {2, 4}], [{8, 3}, {7}, {4, 6}, {5}, {1, 2}], [{8, 3}, {7}, {5, 6}, {1, 4}, {2}], [{8, 4}, {1, 7}, {2, 6}, {3, 5}], [{8, 4}, {1, 7}, {3, 6}, {2, 5}], [{8, 4}, {1, 7}, {3, 6}, {5}, {2}], [{8, 4}, {1, 7}, {5, 6}, {2, 3}], [{8, 4}, {2, 7}, {1, 6}, {3, 5}], [{8, 4}, {2, 7}, {1, 6}, {5}, {3}], [{8, 4}, {2, 7}, {3, 6}, {1, 5}], [{8, 4}, {2, 7}, {5, 6}, {1, 3}], [{8, 4}, {3, 7}, {1, 6}, {2, 5}], [{8, 4}, {3, 7}, {1, 6}, {5}, {2}], [{8, 4}, {3, 7}, {2, 6}, {1, 5}], [{8, 4}, {3, 7}, {5, 6}, {1, 2}], [{8, 4}, {5, 7}, {1, 6}, {2, 3}], [{8, 4}, {5, 7}, {1, 6}, {3}, {2}], [{8, 4}, {5, 7}, {2, 6}, {1, 3}], [{8, 4}, {5, 7}, {3, 6}, {1, 2}], [{8, 4}, {6, 7}, {1, 5}, {2, 3}], [{8, 4}, {6, 7}, {2, 5}, {1, 3}], [{8, 4}, {6, 7}, {3, 5}, {1, 2}], [{8, 4}, {7}, {1, 6}, {2, 5}, {3}], [{8, 4}, {7}, {1, 6}, {3, 5}, {2}], [{8, 4}, {7}, {1, 6}, {5}, {2, 3}], [{8, 4}, {7}, {2, 6}, {3, 5}, {1}], [{8, 4}, {7}, {6}, {3, 5}, {1, 2}], [{8, 5}, {1, 7}, {2, 6}, {3, 4}], [{8, 5}, {1, 7}, {3, 6}, {2, 4}], [{8, 5}, {1, 7}, {3, 6}, {4}, {2}], [{8, 5}, {1, 7}, {4, 6}, {2, 3}], [{8, 5}, {2, 7}, {1, 6}, {3, 4}], [{8, 5}, {2, 7}, {3, 6}, {1, 4}], [{8, 5}, {2, 7}, {4, 6}, {1, 3}], [{8, 5}, {2, 7}, {6}, {3, 4}, {1}], [{8, 5}, {3, 7}, {1, 6}, {2, 4}], [{8, 5}, {3, 7}, {2, 6}, {1, 4}], [{8, 5}, {3, 7}, {4, 6}, {1, 2}], [{8, 5}, {3, 7}, {6}, {2, 4}, {1}], [{8, 5}, {4, 7}, {1, 6}, {2, 3}], [{8, 5}, {4, 7}, {2, 6}, {1, 3}], [{8, 5}, {4, 7}, {2, 6}, {3}, {1}], [{8, 5}, {4, 7}, {3, 6}, {1, 2}], [{8, 5}, {4, 7}, {3, 6}, {2}, {1}], [{8, 5}, {4, 7}, {6}, {2, 3}, {1}], [{8, 5}, {6, 7}, {1, 4}, {2, 3}], [{8, 5}, {6, 7}, {2, 4}, {1, 3}], [{8, 5}, {6, 7}, {3, 4}, {1, 2}], [{8, 5}, {6, 7}, {4}, {1, 3}, {2}], [{8, 5}, {7}, {1, 6}, {2, 4}, {3}], [{8, 5}, {7}, {1, 6}, {3, 4}, {2}], [{8, 5}, {7}, {1, 6}, {4}, {2, 3}], [{8, 5}, {7}, {3, 6}, {1, 4}, {2}], [{8, 5}, {7}, {4, 6}, {3}, {1, 2}], [{8, 6}, {1, 7}, {2, 5}, {3, 4}], [{8, 6}, {1, 7}, {3, 5}, {2, 4}], [{8, 6}, {1, 7}, {3, 5}, {4}, {2}], [{8, 6}, {1, 7}, {4, 5}, {2, 3}], [{8, 6}, {2, 7}, {1, 5}, {3, 4}], [{8, 6}, {2, 7}, {3, 5}, {1, 4}], [{8, 6}, {2, 7}, {3, 5}, {4}, {1}], [{8, 6}, {2, 7}, {4, 5}, {1, 3}], [{8, 6}, {3, 7}, {1, 5}, {2, 4}], [{8, 6}, {3, 7}, {1, 5}, {4}, {2}], [{8, 6}, {3, 7}, {2, 5}, {1, 4}], [{8, 6}, {3, 7}, {2, 5}, {4}, {1}], [{8, 6}, {3, 7}, {4, 5}, {1, 2}], [{8, 6}, {3, 7}, {4, 5}, {2}, {1}], [{8, 6}, {3, 7}, {5}, {1, 4}, {2}], [{8, 6}, {3, 7}, {5}, {2, 4}, {1}], [{8, 6}, {3, 7}, {5}, {4}, {1, 2}], [{8, 6}, {3, 7}, {5}, {4}, {2}, {1}], [{8, 6}, {4, 7}, {1, 5}, {2, 3}], [{8, 6}, {4, 7}, {2, 5}, {1, 3}], [{8, 6}, {4, 7}, {3, 5}, {1, 2}], [{8, 6}, {4, 7}, {3, 5}, {2}, {1}], [{8, 6}, {5, 7}, {1, 4}, {2, 3}], [{8, 6}, {5, 7}, {1, 4}, {3}, {2}], [{8, 6}, {5, 7}, {2, 4}, {1, 3}], [{8, 6}, {5, 7}, {2, 4}, {3}, {1}], [{8, 6}, {5, 7}, {3, 4}, {1, 2}], [{8, 6}, {5, 7}, {3, 4}, {2}, {1}], [{8, 6}, {5, 7}, {4}, {1, 3}, {2}], [{8, 6}, {5, 7}, {4}, {2, 3}, {1}], [{8, 6}, {5, 7}, {4}, {3}, {1, 2}], [{8, 6}, {5, 7}, {4}, {3}, {2}, {1}], [{8, 6}, {7}, {3, 5}, {1, 4}, {2}], [{8, 6}, {7}, {3, 5}, {2, 4}, {1}], [{8, 6}, {7}, {3, 5}, {4}, {1, 2}], [{8, 6}, {7}, {3, 5}, {4}, {2}, {1}], [{8, 7}, {1, 6}, {2, 5}, {3, 4}], [{8, 7}, {1, 6}, {3, 5}, {2, 4}], [{8, 7}, {1, 6}, {4, 5}, {2, 3}], [{8, 7}, {2, 6}, {1, 5}, {3, 4}], [{8, 7}, {2, 6}, {3, 5}, {1, 4}], [{8, 7}, {2, 6}, {4, 5}, {1, 3}], [{8, 7}, {3, 6}, {1, 5}, {2, 4}], [{8, 7}, {3, 6}, {2, 5}, {1, 4}], [{8, 7}, {3, 6}, {4, 5}, {1, 2}], [{8, 7}, {4, 6}, {1, 5}, {2, 3}], [{8, 7}, {4, 6}, {2, 5}, {1, 3}], [{8, 7}, {4, 6}, {3, 5}, {1, 2}], [{8, 7}, {5, 6}, {1, 4}, {2, 3}], [{8, 7}, {5, 6}, {2, 4}, {1, 3}], [{8, 7}, {5, 6}, {3, 4}, {1, 2}], [{8, 7}, {5, 6}, {4}, {3}, {1, 2}], [{8, 7}, {6}, {1, 5}, {3, 4}, {2}], [{8, 7}, {6}, {2, 5}, {1, 4}, {3}], [{8, 7}, {6}, {5}, {2, 4}, {1, 3}], [{8}, {1, 7}, {3, 6}, {4, 5}, {2}], [{8}, {2, 7}, {6}, {4, 5}, {1, 3}], [{8}, {3, 7}, {2, 6}, {4, 5}, {1}], [{8}, {3, 7}, {5, 6}, {2, 4}, {1}], [{8}, {4, 7}, {2, 6}, {1, 5}, {3}], [{8}, {6, 7}, {1, 5}, {2, 4}, {3}], [{8}, {6, 7}, {4, 5}, {3}, {1, 2}], [{8}, {7}, {1, 6}, {2, 5}, {3, 4}], [{8}, {7}, {1, 6}, {3, 5}, {2, 4}], [{8}, {7}, {1, 6}, {4, 5}, {2, 3}], [{8}, {7}, {2, 6}, {3, 5}, {1, 4}], [{8}, {7}, {4, 6}, {3, 5}, {1, 2}]]",2,- 10 K_1^2 - 14 K_1 K_2 - 2 K_1 K_3 + 7 K_1 - 2 K_2^2 + 6 K_2 + 7 K_3 + 2 K_4 + 7,O1O2O3O4U1U4U5O6U2O7O5U8U7O8U3U6,O1O2O3U2U4U5U3O6O4U7O8O7U1U8O5U6,O1O2O3U4O5U6U3O7O6U7O8O4U1U5U8U2,c,{'O1O2O3O4U5U2O6U7U6O8O7U3O5U8U1U4'},1,"<a href=""/flatknot/8.850544"">8.850544</a>",t^9-39t^7-126t^6-61t^5+196t^4+247t^3+54t^2-20t+4,-t^3+3t,,
8.850545,O1O2O3O4U5U2O6U7U6O8O7U8O5U1U3U4,4,12z^3+65z^2+114z+65,12w^4z^3+65w^3z^2+114w^2z+65w,False,False,"[[ 0 -2 -1  1  3 -1  1  0 -1],[ 2  0  1  2  3  1  1  2 -1],[ 1 -1  0  0  1  1  0  1  0],[-1 -2  0  0  1 -1  1 -1 -1],[-3 -3 -1 -1  0 -3  1 -3 -1],[ 1 -1 -1  1  3  0  0  1  0],[-1 -1  0 -1 -1  0  0 -1 -1],[ 0 -2 -1  1  3 -1  1  0 -1],[ 1  1  0  1  1  0  1  1  0]]","[[ 0  3  1  1 -1 -1 -1 -2],[-3  0  1 -1 -1 -1 -3 -3],[-1 -1  0 -1  0 -1  0 -1],[-1  1  1  0  0 -1 -1 -2],[ 1  1  0  0  0  0  1 -1],[ 1  1  1  1  0  0  0  1],[ 1  3  0  1 -1  0  0 -1],[ 2  3  1  2  1 -1  1  0]]",False,"[-3,-1,-1,1,1,1,2,-1,1,1,1,3,3,1,0,1,0,1,0,1,1,2,0,-1,1,0,-1,1]","[-3,-1,-1,1,1,1,2,-1,1,1,1,3,3,1,0,1,0,1,0,1,1,2,0,-1,1,0,-1,1]",t^7+35t^5+137t^3+43t,"[-2,-1,-1,-1,1,1,3,0,0,2,1,2,2,-1,0,2,2,3,0,1,2,1,1,1,3,-1,1,3]","[-3,-1,-1,1,1,1,2,1,3,1,3,3,2,1,1,1,2,1,2,1,2,2,0,-1,0,0,2,0]","[-2,-1,-1,-1,1,1,3,-1,1,1,1,2,3,0,0,1,1,1,-1,0,1,3,0,0,1,-1,-1,1]",c,"[[{8, 6}, {1, 7}, {3, 5}, {2, 4}], [{8, 6}, {2, 7}, {3, 5}, {1, 4}], [{8, 6}, {4, 7}, {3, 5}, {1, 2}], [{8, 6}, {7}, {3, 5}, {1, 4}, {2}], [{8, 6}, {7}, {3, 5}, {2, 4}, {1}], [{8, 6}, {7}, {3, 5}, {4}, {1, 2}]]",1,- 8 K_1^4 + 8 K_1^2 K_2 - 2 K_1 K_2 - 2 K_1 K_3 + K_1 + K_2 + K_3 + 2,O1O2O3O4U1U2U4O5U6O7O6U8U7O8U3U5,O1O2O3U1U4U2U3O5O4U6O7O6U8U7O8U5,O1O2O3U4O5U6U5O7O6U7O8O4U1U2U8U3,c,{'O1O2O3O4U5U2O6U7U6O8O7U8O5U1U3U4'},1,"<a href=""/flatknot/8.850545"">8.850545</a>",t^8-31t^6-84t^5-26t^4+142t^3+173t^2+52t-7,-t^3+t^2+t,,
8.850546,O1O2O3O4U5U2O6U7U6O8O7U8O5U1U4U3,3,25z^2+82z+65,-18w^4z^2+43w^3z^2-10w^3z+92w^2z+65w,False,False,"[[ 0 -2 -1  2  2 -1  1  0 -1],[ 2  0  1  3  2  1  1  2 -1],[ 1 -1  0  1  0  1  0  1  0],[-2 -3 -1  0  0 -2  1 -2 -1],[-2 -2  0  0  0 -2  1 -2 -1],[ 1 -1 -1  2  2  0  0  1  0],[-1 -1  0 -1 -1  0  0 -1 -1],[ 0 -2 -1  2  2 -1  1  0 -1],[ 1  1  0  1  1  0  1  1  0]]","[[ 0  2  2  1 -1 -1 -1 -2],[-2  0  0  1  0 -1 -2 -2],[-2  0  0  1 -1 -1 -2 -3],[-1 -1 -1  0  0 -1  0 -1],[ 1  0  1  0  0  0  1 -1],[ 1  1  1  1  0  0  0  1],[ 1  2  2  0 -1  0  0 -1],[ 2  2  3  1  1 -1  1  0]]",False,"[-2,-2,-1,1,1,1,2,0,-1,0,1,2,2,-1,1,1,2,3,0,1,0,1,0,-1,1,0,-1,1]","[-2,-2,-1,1,1,1,2,0,-1,0,1,2,2,-1,1,1,2,3,0,1,0,1,0,-1,1,0,-1,1]",t^7+32t^5+125t^3+52t,"[-2,-1,-1,-1,1,2,2,0,0,2,2,1,2,-1,0,2,2,3,0,2,1,1,1,2,2,2,2,0]","[-2,-2,-1,1,1,1,2,0,2,1,2,2,1,2,1,2,3,2,2,1,2,2,0,-1,0,0,2,0]","[-2,-1,-1,-1,1,2,2,-1,1,1,1,2,3,0,0,1,1,1,-1,0,2,2,0,0,1,-1,-1,0]",c,"[[{8, 6}, {3, 7}, {1, 5}, {2, 4}], [{8, 6}, {7}, {1, 5}, {2, 4}, {3}]]",1,- 8 K_1^4 + 12 K_1^2 K_2 + 2 K_1^2 - 4 K_1 K_3 - 2 K_2^2 - K_2 + K_4 + 1,O1O2O3O4U2U1U4O5U6O7O6U8U7O8U3U5,O1O2O3U1U4U3U2O5O4U6O7O6U8U7O8U5,O1O2O3U4O5U6U5O7O6U7O8O4U2U1U8U3,c,{'O1O2O3O4U5U2O6U7U6O8O7U8O5U1U4U3'},1,"<a href=""/flatknot/8.850546"">8.850546</a>",t^8-30t^6-64t^5+4t^4+70t^3+13t^2-14t+4,-t^2+2t,,
8.850547,O1O2O3O4U5U2O6U7U6O8O7U8O5U3U1U4,3,18z^2+68z+65,18w^3z^2+68w^2z+65w,False,False,"[[ 0 -1 -1  0  3 -1  1  0 -1],[ 1  0  0  1  3  0  1  1 -1],[ 1  0  0  0  1  1  0  1  0],[ 0 -1  0  0  1  0  1  0 -1],[-3 -3 -1 -1  0 -3  1 -3 -1],[ 1  0 -1  0  3  0  0  1  0],[-1 -1  0 -1 -1  0  0 -1 -1],[ 0 -1 -1  0  3 -1  1  0 -1],[ 1  1  0  1  1  0  1  1  0]]","[[ 0  3  1  0 -1 -1 -1 -1],[-3  0  1 -1 -1 -1 -3 -3],[-1 -1  0 -1  0 -1  0 -1],[ 0  1  1  0  0 -1  0 -1],[ 1  1  0  0  0  0  1  0],[ 1  1  1  1  0  0  0  1],[ 1  3  0  0 -1  0  0  0],[ 1  3  1  1  0 -1  0  0]]",False,"[-3,-1,0,1,1,1,1,-1,1,1,1,3,3,1,0,1,0,1,0,1,0,1,0,-1,0,0,-1,0]","[-3,-1,0,1,1,1,1,-1,1,1,1,3,3,1,0,1,0,1,0,1,0,1,0,-1,0,0,-1,0]",t^7+29t^5+91t^3+23t,"[-1,-1,-1,-1,0,1,3,-1,0,0,0,1,3,0,0,0,1,1,-1,1,2,3,1,2,1,0,2,3]","[-3,-1,0,1,1,1,1,3,2,1,1,3,3,0,1,2,1,2,0,1,0,1,0,-1,0,0,-1,0]","[-1,-1,-1,-1,0,1,3,-1,0,0,0,0,3,0,0,0,0,1,-1,1,1,3,1,1,1,1,1,-1]",c,"[[{8, 2}, {3, 7}, {1, 6}, {4, 5}], [{8, 2}, {3, 7}, {4, 6}, {1, 5}], [{8, 2}, {7}, {1, 6}, {4, 5}, {3}], [{8, 2}, {7}, {4, 6}, {1, 5}, {3}], [{8, 4}, {2, 7}, {1, 6}, {3, 5}], [{8, 4}, {2, 7}, {1, 6}, {5}, {3}], [{8, 4}, {3, 7}, {1, 6}, {2, 5}], [{8, 4}, {3, 7}, {1, 6}, {5}, {2}], [{8, 4}, {5, 7}, {1, 6}, {2, 3}], [{8, 4}, {5, 7}, {1, 6}, {3}, {2}], [{8, 4}, {7}, {1, 6}, {2, 5}, {3}], [{8, 4}, {7}, {1, 6}, {3, 5}, {2}], [{8, 4}, {7}, {1, 6}, {5}, {2, 3}], [{8, 4}, {7}, {1, 6}, {5}, {3}, {2}], [{8, 5}, {3, 7}, {1, 6}, {2, 4}], [{8, 5}, {3, 7}, {4, 6}, {1, 2}], [{8, 5}, {7}, {1, 6}, {2, 4}, {3}], [{8, 5}, {7}, {4, 6}, {3}, {1, 2}], [{8, 6}, {2, 7}, {3, 5}, {1, 4}], [{8, 6}, {2, 7}, {5}, {1, 4}, {3}], [{8, 6}, {3, 7}, {1, 5}, {2, 4}], [{8, 6}, {3, 7}, {2, 5}, {1, 4}], [{8, 6}, {3, 7}, {4, 5}, {1, 2}], [{8, 6}, {3, 7}, {5}, {1, 4}, {2}], [{8, 6}, {5, 7}, {1, 4}, {2, 3}], [{8, 6}, {5, 7}, {1, 4}, {3}, {2}], [{8, 6}, {7}, {1, 5}, {2, 4}, {3}], [{8, 6}, {7}, {2, 5}, {1, 4}, {3}], [{8, 6}, {7}, {3, 5}, {1, 4}, {2}], [{8, 6}, {7}, {4, 5}, {3}, {1, 2}], [{8, 6}, {7}, {5}, {1, 4}, {2, 3}], [{8, 6}, {7}, {5}, {1, 4}, {3}, {2}]]",1,8 K_1^3 + 4 K_1^2 K_2 - 4 K_1^2 - 10 K_1 K_2 - 4 K_1 K_3 - K_1 + 2 K_2 + 3 K_3 + K_4 + 2,O1O2O3O4U1U4U2O5U6O7O6U8U7O8U3U5,O1O2O3U2U4U1U3O5O4U6O7O6U8U7O8U5,O1O2O3U4O5U6U5O7O6U7O8O4U1U3U8U2,c,"{'O1O2O3O4U3U5O6U7U6O8O7U8U2O5U1U4', 'O1O2O3O4U5U2O6U7U6O8O7U8O5U3U1U4'}",2,"<a href=""/flatknot/8.850547"">8.850547</a>",t^8-23t^6-36t^5+45t^4+138t^3+105t^2+26t,-t^3+3t,,
8.850548,O1O2O3O4U5U3O6U1U2O7O8U6O5U7U4U8,4,6z^3+42z^2+109z+99,6w^4z^3+42w^3z^2+109w^2z+99w,False,False,"[[ 0 -2  0  0  2 -1  0 -1  2],[ 2  0  1  0  3 -1  2  0  1],[ 0 -1  0  0  2 -2  1  0  1],[ 0  0  0  0  0  0  0 -1  0],[-2 -3 -2  0  0 -1 -1  0  2],[ 1  1  2  0  1  0  0 -2  0],[ 0 -2 -1  0  1  0  0  1  2],[ 1  0  0  1  0  2 -1  0  1],[-2 -1 -1  0 -2  0 -2 -1  0]]","[[ 0  2  2  0  0  0 -1 -1 -2],[-2  0  2  0 -1 -2  0 -1 -3],[-2 -2  0  0 -2 -1 -1  0 -1],[ 0  0  0  0  0  0 -1  0  0],[ 0  1  2  0  0 -1  1  0 -2],[ 0  2  1  0  1  0  0 -2 -1],[ 1  0  1  1 -1  0  0  2  0],[ 1  1  0  0  0  2 -2  0  1],[ 2  3  1  0  2  1  0 -1  0]]",True,"[-2,-2,0,0,0,1,1,2,-2,0,1,2,0,1,3,0,2,1,1,0,1,0,0,1,0,0,1,-1,0,2,0,2,1,-2,0,-1]","[-2,-2,0,0,0,1,1,2,-2,0,1,2,0,1,3,0,2,1,1,0,1,0,0,1,0,0,1,-1,0,2,0,2,1,-2,0,-1]",t^8+43t^6+293t^4+94t^2,"[-2,-1,-1,0,0,0,2,2,1,2,0,1,2,1,3,-2,2,1,0,3,2,1,-1,1,2,3,1,0,1,0,0,0,1,2,2,-2]","[-2,-2,0,0,0,1,1,2,-2,0,1,2,2,3,3,1,0,2,3,2,1,-1,0,2,1,0,0,1,-1,1,0,1,2,2,1,2]","[-2,-1,-1,0,0,0,2,2,-1,0,0,1,2,1,3,-2,0,2,0,0,1,1,0,-1,1,0,0,0,0,0,1,1,2,2,1,-2]",c,"[[{8, 1}, {2, 7}, {3, 6}, {4, 5}], [{8, 1}, {2, 7}, {4, 6}, {3, 5}], [{8, 1}, {2, 7}, {5, 6}, {3, 4}], [{8, 1}, {2, 7}, {6}, {3, 5}, {4}], [{8, 1}, {2, 7}, {6}, {4, 5}, {3}], [{8, 1}, {2, 7}, {6}, {5}, {3, 4}], [{8, 1}, {3, 7}, {2, 6}, {4, 5}], [{8, 1}, {3, 7}, {4, 6}, {2, 5}], [{8, 1}, {3, 7}, {5, 6}, {2, 4}], [{8, 1}, {4, 7}, {2, 6}, {3, 5}], [{8, 1}, {4, 7}, {2, 6}, {5}, {3}], [{8, 1}, {4, 7}, {3, 6}, {2, 5}], [{8, 1}, {4, 7}, {5, 6}, {2, 3}], [{8, 1}, {4, 7}, {5, 6}, {3}, {2}], [{8, 1}, {4, 7}, {6}, {2, 5}, {3}], [{8, 1}, {5, 7}, {2, 6}, {3, 4}], [{8, 1}, {5, 7}, {2, 6}, {4}, {3}], [{8, 1}, {5, 7}, {3, 6}, {2, 4}], [{8, 1}, {5, 7}, {4, 6}, {2, 3}], [{8, 1}, {5, 7}, {4, 6}, {3}, {2}], [{8, 1}, {5, 7}, {6}, {2, 4}, {3}], [{8, 1}, {6, 7}, {2, 5}, {3, 4}], [{8, 1}, {6, 7}, {3, 5}, {2, 4}], [{8, 1}, {6, 7}, {4, 5}, {2, 3}], [{8, 1}, {6, 7}, {4, 5}, {3}, {2}], [{8, 1}, {7}, {2, 6}, {4, 5}, {3}], [{8, 1}, {7}, {3, 6}, {5}, {2, 4}], [{8, 1}, {7}, {5, 6}, {4}, {2, 3}], [{8, 2}, {1, 7}, {3, 6}, {4, 5}], [{8, 2}, {1, 7}, {4, 6}, {3, 5}], [{8, 2}, {1, 7}, {5, 6}, {3, 4}], [{8, 2}, {3, 7}, {1, 6}, {4, 5}], [{8, 2}, {3, 7}, {4, 6}, {1, 5}], [{8, 2}, {3, 7}, {5, 6}, {1, 4}], [{8, 2}, {4, 7}, {1, 6}, {3, 5}], [{8, 2}, {4, 7}, {3, 6}, {1, 5}], [{8, 2}, {4, 7}, {5, 6}, {1, 3}], [{8, 2}, {4, 7}, {6}, {3, 5}, {1}], [{8, 2}, {5, 7}, {1, 6}, {3, 4}], [{8, 2}, {5, 7}, {3, 6}, {1, 4}], [{8, 2}, {5, 7}, {4, 6}, {1, 3}], [{8, 2}, {5, 7}, {6}, {4}, {1, 3}], [{8, 2}, {6, 7}, {1, 5}, {3, 4}], [{8, 2}, {6, 7}, {1, 5}, {4}, {3}], [{8, 2}, {6, 7}, {3, 5}, {1, 4}], [{8, 2}, {6, 7}, {3, 5}, {4}, {1}], [{8, 2}, {6, 7}, {4, 5}, {1, 3}], [{8, 2}, {6, 7}, {5}, {4}, {1, 3}], [{8, 2}, {7}, {1, 6}, {5}, {3, 4}], [{8, 2}, {7}, {3, 6}, {4, 5}, {1}], [{8, 2}, {7}, {4, 6}, {3, 5}, {1}], [{8, 2}, {7}, {5, 6}, {1, 4}, {3}], [{8, 2}, {7}, {5, 6}, {3, 4}, {1}], [{8, 2}, {7}, {5, 6}, {4}, {1, 3}], [{8, 2}, {7}, {6}, {1, 5}, {3, 4}], [{8, 3}, {1, 7}, {2, 6}, {4, 5}], [{8, 3}, {1, 7}, {4, 6}, {2, 5}], [{8, 3}, {1, 7}, {5, 6}, {2, 4}], [{8, 3}, {1, 7}, {6}, {2, 5}, {4}], [{8, 3}, {2, 7}, {1, 6}, {4, 5}], [{8, 3}, {2, 7}, {4, 6}, {1, 5}], [{8, 3}, {2, 7}, {4, 6}, {5}, {1}], [{8, 3}, {2, 7}, {5, 6}, {1, 4}], [{8, 3}, {4, 7}, {1, 6}, {2, 5}], [{8, 3}, {4, 7}, {2, 6}, {1, 5}], [{8, 3}, {4, 7}, {5, 6}, {1, 2}], [{8, 3}, {5, 7}, {1, 6}, {2, 4}], [{8, 3}, {5, 7}, {2, 6}, {1, 4}], [{8, 3}, {5, 7}, {2, 6}, {4}, {1}], [{8, 3}, {5, 7}, {4, 6}, {1, 2}], [{8, 3}, {6, 7}, {1, 5}, {2, 4}], [{8, 3}, {6, 7}, {2, 5}, {1, 4}], [{8, 3}, {6, 7}, {4, 5}, {1, 2}], [{8, 3}, {7}, {1, 6}, {4, 5}, {2}], [{8, 3}, {7}, {5, 6}, {1, 4}, {2}], [{8, 4}, {1, 7}, {2, 6}, {3, 5}], [{8, 4}, {1, 7}, {3, 6}, {2, 5}], [{8, 4}, {1, 7}, {5, 6}, {2, 3}], [{8, 4}, {1, 7}, {6}, {3, 5}, {2}], [{8, 4}, {2, 7}, {1, 6}, {3, 5}], [{8, 4}, {2, 7}, {3, 6}, {1, 5}], [{8, 4}, {2, 7}, {5, 6}, {1, 3}], [{8, 4}, {2, 7}, {5, 6}, {3}, {1}], [{8, 4}, {3, 7}, {1, 6}, {2, 5}], [{8, 4}, {3, 7}, {1, 6}, {5}, {2}], [{8, 4}, {3, 7}, {2, 6}, {1, 5}], [{8, 4}, {3, 7}, {5, 6}, {1, 2}], [{8, 4}, {3, 7}, {5, 6}, {2}, {1}], [{8, 4}, {3, 7}, {6}, {1, 5}, {2}], [{8, 4}, {5, 7}, {1, 6}, {2, 3}], [{8, 4}, {5, 7}, {2, 6}, {1, 3}], [{8, 4}, {5, 7}, {2, 6}, {3}, {1}], [{8, 4}, {5, 7}, {3, 6}, {1, 2}], [{8, 4}, {6, 7}, {1, 5}, {2, 3}], [{8, 4}, {6, 7}, {2, 5}, {1, 3}], [{8, 4}, {6, 7}, {3, 5}, {1, 2}], [{8, 4}, {7}, {3, 6}, {2, 5}, {1}], [{8, 4}, {7}, {5, 6}, {2, 3}, {1}], [{8, 5}, {1, 7}, {2, 6}, {3, 4}], [{8, 5}, {1, 7}, {3, 6}, {2, 4}], [{8, 5}, {1, 7}, {4, 6}, {2, 3}], [{8, 5}, {2, 7}, {1, 6}, {3, 4}], [{8, 5}, {2, 7}, {3, 6}, {1, 4}], [{8, 5}, {2, 7}, {4, 6}, {1, 3}], [{8, 5}, {3, 7}, {1, 6}, {2, 4}], [{8, 5}, {3, 7}, {1, 6}, {4}, {2}], [{8, 5}, {3, 7}, {2, 6}, {1, 4}], [{8, 5}, {3, 7}, {4, 6}, {1, 2}], [{8, 5}, {3, 7}, {6}, {2, 4}, {1}], [{8, 5}, {4, 7}, {1, 6}, {2, 3}], [{8, 5}, {4, 7}, {2, 6}, {1, 3}], [{8, 5}, {4, 7}, {3, 6}, {1, 2}], [{8, 5}, {4, 7}, {6}, {1, 3}, {2}], [{8, 5}, {6, 7}, {1, 4}, {2, 3}], [{8, 5}, {6, 7}, {2, 4}, {1, 3}], [{8, 5}, {6, 7}, {3, 4}, {1, 2}], [{8, 5}, {7}, {1, 6}, {2, 4}, {3}], [{8, 5}, {7}, {2, 6}, {1, 4}, {3}], [{8, 5}, {7}, {3, 6}, {1, 4}, {2}], [{8, 5}, {7}, {6}, {1, 4}, {2, 3}], [{8, 5}, {7}, {6}, {3, 4}, {1, 2}], [{8, 6}, {1, 7}, {2, 5}, {3, 4}], [{8, 6}, {1, 7}, {3, 5}, {2, 4}], [{8, 6}, {1, 7}, {4, 5}, {2, 3}], [{8, 6}, {2, 7}, {1, 5}, {3, 4}], [{8, 6}, {2, 7}, {3, 5}, {1, 4}], [{8, 6}, {2, 7}, {4, 5}, {1, 3}], [{8, 6}, {2, 7}, {5}, {1, 4}, {3}], [{8, 6}, {3, 7}, {1, 5}, {2, 4}], [{8, 6}, {3, 7}, {2, 5}, {1, 4}], [{8, 6}, {3, 7}, {4, 5}, {1, 2}], [{8, 6}, {3, 7}, {5}, {1, 4}, {2}], [{8, 6}, {4, 7}, {1, 5}, {2, 3}], [{8, 6}, {4, 7}, {1, 5}, {3}, {2}], [{8, 6}, {4, 7}, {2, 5}, {1, 3}], [{8, 6}, {4, 7}, {3, 5}, {1, 2}], [{8, 6}, {5, 7}, {1, 4}, {2, 3}], [{8, 6}, {5, 7}, {2, 4}, {1, 3}], [{8, 6}, {5, 7}, {3, 4}, {1, 2}], [{8, 6}, {5, 7}, {4}, {1, 3}, {2}], [{8, 6}, {7}, {1, 5}, {4}, {2, 3}], [{8, 6}, {7}, {2, 5}, {3, 4}, {1}], [{8, 6}, {7}, {4, 5}, {2, 3}, {1}], [{8, 6}, {7}, {5}, {1, 4}, {2, 3}], [{8, 7}, {1, 6}, {2, 5}, {3, 4}], [{8, 7}, {1, 6}, {3, 5}, {2, 4}], [{8, 7}, {1, 6}, {4, 5}, {2, 3}], [{8, 7}, {1, 6}, {4, 5}, {3}, {2}], [{8, 7}, {2, 6}, {1, 5}, {3, 4}], [{8, 7}, {2, 6}, {3, 5}, {1, 4}], [{8, 7}, {2, 6}, {4, 5}, {1, 3}], [{8, 7}, {2, 6}, {5}, {1, 4}, {3}], [{8, 7}, {3, 6}, {1, 5}, {2, 4}], [{8, 7}, {3, 6}, {1, 5}, {4}, {2}], [{8, 7}, {3, 6}, {2, 5}, {1, 4}], [{8, 7}, {3, 6}, {2, 5}, {4}, {1}], [{8, 7}, {3, 6}, {4, 5}, {1, 2}], [{8, 7}, {3, 6}, {4, 5}, {2}, {1}], [{8, 7}, {3, 6}, {5}, {1, 4}, {2}], [{8, 7}, {3, 6}, {5}, {2, 4}, {1}], [{8, 7}, {3, 6}, {5}, {4}, {1, 2}], [{8, 7}, {3, 6}, {5}, {4}, {2}, {1}], [{8, 7}, {4, 6}, {1, 5}, {2, 3}], [{8, 7}, {4, 6}, {2, 5}, {1, 3}], [{8, 7}, {4, 6}, {3, 5}, {1, 2}], [{8, 7}, {4, 6}, {5}, {3}, {1, 2}], [{8, 7}, {5, 6}, {1, 4}, {2, 3}], [{8, 7}, {5, 6}, {2, 4}, {1, 3}], [{8, 7}, {5, 6}, {2, 4}, {3}, {1}], [{8, 7}, {5, 6}, {3, 4}, {1, 2}], [{8, 7}, {6}, {3, 5}, {2, 4}, {1}], [{8, 7}, {6}, {4, 5}, {1, 3}, {2}], [{8, 7}, {6}, {5}, {1, 4}, {2, 3}], [{8, 7}, {6}, {5}, {3, 4}, {1, 2}], [{8}, {1, 7}, {3, 6}, {5}, {2, 4}], [{8}, {2, 7}, {3, 6}, {4, 5}, {1}], [{8}, {3, 7}, {1, 6}, {4, 5}, {2}], [{8}, {4, 7}, {3, 6}, {2, 5}, {1}], [{8}, {5, 7}, {1, 6}, {3, 4}, {2}], [{8}, {5, 7}, {2, 6}, {1, 4}, {3}], [{8}, {5, 7}, {2, 6}, {3, 4}, {1}], [{8}, {5, 7}, {2, 6}, {4}, {1, 3}], [{8}, {5, 7}, {2, 6}, {4}, {3}, {1}], [{8}, {5, 7}, {3, 6}, {1, 4}, {2}], [{8}, {5, 7}, {6}, {1, 4}, {2, 3}], [{8}, {5, 7}, {6}, {3, 4}, {1, 2}], [{8}, {6, 7}, {5}, {1, 4}, {2, 3}], [{8}, {7}, {5, 6}, {1, 4}, {2, 3}], [{8}, {7}, {6}, {5}, {1, 4}, {2, 3}]]",2,16 K_1^3 + 8 K_1^2 K_2 - 14 K_1^2 - 8 K_1 K_2 - 8 K_1 K_3 - 8 K_1 + 7 K_2 + 2 K_4 + 6,O1O2O3O4U5U1U6O7U8O5O6U3U4O8U2U7,O1O2O3U4U5U6U2O7O6U8O4O5U1U3O8U7,O1O2O3U4O5U1U3O6O7U5O8O4U2U8U6U7,c,{'O1O2O3O4U5U3O6U1U2O7O8U6O5U7U4U8'},1,"<a href=""/flatknot/8.850548"">8.850548</a>",t^9-41t^7-88t^6+118t^5+324t^4+123t^3-258t^2-43t+12,-t^2+2t,,
8.850549,O1O2O3O4U5U3O6U1U2O7O8U6O5U7U8U4,4,5z^3+39z^2+93z+71,5w^4z^3+39w^3z^2+93w^2z+71w,False,False,"[[ 0 -2  0  0  3 -1  0 -1  1],[ 2  0  1  0  3 -1  2  0  0],[ 0 -1  0  0  2 -2  1  0  0],[ 0  0  0  0  0  0  0 -1 -1],[-3 -3 -2  0  0 -1 -2 -1  1],[ 1  1  2  0  1  0  0 -2 -1],[ 0 -2 -1  0  2  0  0  1  2],[ 1  0  0  1  1  2 -1  0  1],[-1  0  0  1 -1  1 -2 -1  0]]","[[ 0  3  1  0  0  0 -1 -1 -2],[-3  0  1  0 -2 -2 -1 -1 -3],[-1 -1  0  1  0 -2  1 -1  0],[ 0  0 -1  0  0  0  0 -1  0],[ 0  2  0  0  0  1 -2  0 -1],[ 0  2  2  0 -1  0  0  1 -2],[ 1  1 -1  0  2  0  0 -2  1],[ 1  1  1  1  0 -1  2  0  0],[ 2  3  0  0  1  2 -1  0  0]]",True,"[-3,-1,0,0,0,1,1,2,-1,0,2,2,1,1,3,-1,0,2,-1,1,0,0,0,0,1,0,-1,2,0,1,0,-1,2,2,-1,0]","[-3,-1,0,0,0,1,1,2,-1,0,2,2,1,1,3,-1,0,2,-1,1,0,0,0,0,1,0,-1,2,0,1,0,-1,2,2,-1,0]",t^8+44t^6+393t^4+251t^2+4,"[-2,-1,-1,0,0,0,1,3,1,2,0,1,2,3,2,-2,2,1,0,1,3,1,-1,1,3,3,1,0,-1,1,0,1,1,2,3,3]","[-3,-1,0,0,0,1,1,2,3,1,1,3,3,3,2,-1,1,2,1,3,3,-1,0,2,1,0,0,1,-1,1,0,1,2,2,1,2]","[-2,-1,-1,0,0,0,1,3,-1,0,0,1,2,0,3,-2,0,2,0,-1,1,1,0,-1,1,1,0,0,-1,0,1,0,2,2,2,-1]",c,"[[{8, 2}, {3, 7}, {4, 6}, {1, 5}]]",1,- 16 K_1^4 + 20 K_1^3 + 20 K_1^2 K_2 - 8 K_1^2 - 14 K_1 K_2 - 6 K_1 K_3 - 8 K_1 - 2 K_2^2 + 5 K_2 + 2 K_3 + K_4 + 7,O1O2O3O4U1U5U6O7U8O5O6U3U4O8U2U7,O1O2O3U4U5U6U3O7O6U8O4O5U1U2O8U7,O1O2O3U4O5U2U3O6O7U5O8O4U1U8U6U7,c,{'O1O2O3O4U5U3O6U1U2O7O8U6O5U7U8U4'},1,"<a href=""/flatknot/8.850549"">8.850549</a>",t^9-40t^7-98t^6+94t^5+562t^4+251t^3-666t^2-202t+86,-t^3+t^2+t,,
8.850550,O1O2O3O4U5U3O6U1U2O7O8U6O5U8U4U7,4,z^3+26z^2+108z+121,w^4z^3+26w^3z^2+108w^2z+121w,False,False,"[[ 0 -2  0  0  2 -1  0  1  0],[ 2  0  1  0  3 -1  2  1  0],[ 0 -1  0  0  2 -2  1  1  0],[ 0  0  0  0  0  0  0  0 -1],[-2 -3 -2  0  0 -1 -1  1  0],[ 1  1  2  0  1  0  0 -1 -1],[ 0 -2 -1  0  1  0  0  2  1],[-1 -1 -1  0 -1  1 -2  0  0],[ 0  0  0  1  0  1 -1  0  0]]","[[ 0  2  1  0  0  0  0 -1 -2],[-2  0  1  0  0 -1 -2 -1 -3],[-1 -1  0  0  0 -2 -1  1 -1],[ 0  0  0  0  1 -1  0  1  0],[ 0  0  0 -1  0  0  0  0  0],[ 0  1  2  1  0  0 -1  0 -2],[ 0  2  1  0  0  1  0 -2 -1],[ 1  1 -1 -1  0  0  2  0  1],[ 2  3  1  0  0  2  1 -1  0]]",True,"[-2,-1,0,0,0,0,1,2,-1,0,0,1,2,1,3,0,0,2,1,-1,1,-1,1,0,-1,0,0,0,0,0,1,0,2,2,1,-1]","[-2,-1,0,0,0,0,1,2,-1,0,0,1,2,1,3,-1,0,2,0,-1,1,1,0,-1,0,0,0,0,0,0,1,1,2,2,1,-1]",t^8+37t^6+157t^4+102t^2+9,"[-2,-1,0,0,0,0,1,2,2,0,1,2,2,2,1,1,-1,1,2,3,2,1,0,-1,-1,1,0,0,0,0,1,1,2,1,2,2]","[-2,-1,0,0,0,0,1,2,2,0,1,2,2,2,1,0,-1,1,1,3,2,1,0,0,-1,1,0,1,1,0,-1,1,2,2,2,2]","[-2,-1,0,0,0,0,1,2,-1,0,0,1,2,1,3,-1,0,2,0,-1,1,1,0,-1,0,0,0,0,0,0,1,1,2,2,1,-1]",c,"[[{8, 3}, {2, 7}, {5, 6}, {1, 4}], [{8, 3}, {5, 7}, {2, 6}, {1, 4}], [{8, 3}, {6, 7}, {2, 5}, {1, 4}]]",1,16 K_1^3 - 24 K_1^2 - 16 K_1 K_2 - 4 K_1 + 12 K_2 + 4 K_3 + 13,O1O2O3O4U5U1U6O7U8O6O5U3U4O8U2U7,O1O2O3U4U5U6U2O7O6U8O4O5U3U1O8U7,O1O2O3U4O5U3U1O6O7U5O8O4U2U8U6U7,c,{'O1O2O3O4U5U3O6U1U2O7O8U6O5U8U4U7'},1,"<a href=""/flatknot/8.850550"">8.850550</a>",t^9-37t^7-86t^6+61t^5+224t^4-56t^3-156t^2+26t+20,0,,
8.850551,O1O2O3O4U5U3O6U1U2O7O8U6O5U8U7U4,4,5z^3+40z^2+94z+69,5w^4z^3+40w^3z^2+94w^2z+69w,False,False,"[[ 0 -2  0  0  3 -1  0  0  0],[ 2  0  1  0  3 -1  2  0  0],[ 0 -1  0  0  2 -2  1  0  0],[ 0  0  0  0  0  0  0 -1 -1],[-3 -3 -2  0  0 -1 -2  0  0],[ 1  1  2  0  1  0  0 -2 -1],[ 0 -2 -1  0  2  0  0  2  1],[ 0  0  0  1  0  2 -2  0  0],[ 0  0  0  1  0  1 -1  0  0]]","[[ 0  3  0  0  0  0  0 -1 -2],[-3  0  0  0  0 -2 -2 -1 -3],[ 0  0  0  1  0  0 -1  1  0],[ 0  0 -1  0 -1  0  0  0  0],[ 0  0  0  1  0  0 -2  2  0],[ 0  2  0  0  0  0  1 -2 -1],[ 0  2  1  0  2 -1  0  0 -2],[ 1  1 -1  0 -2  2  0  0  1],[ 2  3  0  0  0  1  2 -1  0]]",True,"[-3,0,0,0,0,0,1,2,0,0,0,2,2,1,3,-1,0,0,1,-1,0,1,0,0,0,0,0,2,-2,0,-1,2,1,0,2,-1]","[-3,0,0,0,0,0,1,2,0,0,0,2,2,1,3,-1,0,0,1,-1,0,1,0,0,0,0,0,2,-2,0,-1,2,1,0,2,-1]",t^8+41t^6+315t^4+179t^2+4,"[-2,-1,0,0,0,0,0,3,2,0,1,2,2,2,2,1,-1,1,2,3,3,1,0,-1,-2,1,0,0,0,1,1,1,3,0,3,3]","[-3,0,0,0,0,0,1,2,1,1,3,3,3,3,2,-1,0,1,2,1,0,0,0,0,-1,1,-1,-1,1,2,0,2,2,3,2,2]","[-2,-1,0,0,0,0,0,3,-1,0,0,0,1,2,3,-2,-1,0,2,0,1,0,1,0,-2,0,1,0,-1,0,0,0,0,1,2,2]",c,"[[{8, 1}, {2, 7}, {3, 6}, {4, 5}], [{8, 1}, {2, 7}, {4, 6}, {3, 5}], [{8, 1}, {2, 7}, {5, 6}, {3, 4}], [{8, 1}, {2, 7}, {6}, {4, 5}, {3}], [{8, 1}, {3, 7}, {2, 6}, {4, 5}], [{8, 1}, {3, 7}, {2, 6}, {5}, {4}], [{8, 1}, {3, 7}, {4, 6}, {2, 5}], [{8, 1}, {3, 7}, {5, 6}, {2, 4}], [{8, 1}, {4, 7}, {2, 6}, {3, 5}], [{8, 1}, {4, 7}, {3, 6}, {2, 5}], [{8, 1}, {4, 7}, {5, 6}, {2, 3}], [{8, 1}, {4, 7}, {6}, {2, 5}, {3}], [{8, 1}, {5, 7}, {2, 6}, {3, 4}], [{8, 1}, {5, 7}, {3, 6}, {2, 4}], [{8, 1}, {5, 7}, {4, 6}, {2, 3}], [{8, 1}, {6, 7}, {2, 5}, {3, 4}], [{8, 1}, {6, 7}, {3, 5}, {2, 4}], [{8, 1}, {6, 7}, {4, 5}, {2, 3}], [{8, 1}, {7}, {5, 6}, {4}, {2, 3}], [{8, 2}, {1, 7}, {3, 6}, {4, 5}], [{8, 2}, {1, 7}, {4, 6}, {3, 5}], [{8, 2}, {1, 7}, {5, 6}, {3, 4}], [{8, 2}, {3, 7}, {1, 6}, {4, 5}], [{8, 2}, {3, 7}, {1, 6}, {5}, {4}], [{8, 2}, {3, 7}, {4, 6}, {1, 5}], [{8, 2}, {3, 7}, {4, 6}, {5}, {1}], [{8, 2}, {3, 7}, {5, 6}, {1, 4}], [{8, 2}, {3, 7}, {5, 6}, {4}, {1}], [{8, 2}, {3, 7}, {6}, {1, 5}, {4}], [{8, 2}, {3, 7}, {6}, {4, 5}, {1}], [{8, 2}, {3, 7}, {6}, {5}, {1, 4}], [{8, 2}, {4, 7}, {1, 6}, {3, 5}], [{8, 2}, {4, 7}, {3, 6}, {1, 5}], [{8, 2}, {4, 7}, {5, 6}, {1, 3}], [{8, 2}, {4, 7}, {6}, {3, 5}, {1}], [{8, 2}, {5, 7}, {1, 6}, {3, 4}], [{8, 2}, {5, 7}, {3, 6}, {1, 4}], [{8, 2}, {5, 7}, {4, 6}, {1, 3}], [{8, 2}, {6, 7}, {1, 5}, {3, 4}], [{8, 2}, {6, 7}, {3, 5}, {1, 4}], [{8, 2}, {6, 7}, {4, 5}, {1, 3}], [{8, 2}, {7}, {1, 6}, {4, 5}, {3}], [{8, 2}, {7}, {4, 6}, {1, 5}, {3}], [{8, 2}, {7}, {5, 6}, {1, 4}, {3}], [{8, 3}, {1, 7}, {2, 6}, {4, 5}], [{8, 3}, {1, 7}, {4, 6}, {2, 5}], [{8, 3}, {1, 7}, {5, 6}, {2, 4}], [{8, 3}, {1, 7}, {6}, {2, 5}, {4}], [{8, 3}, {2, 7}, {1, 6}, {4, 5}], [{8, 3}, {2, 7}, {1, 6}, {5}, {4}], [{8, 3}, {2, 7}, {4, 6}, {1, 5}], [{8, 3}, {2, 7}, {4, 6}, {5}, {1}], [{8, 3}, {2, 7}, {5, 6}, {1, 4}], [{8, 3}, {2, 7}, {5, 6}, {4}, {1}], [{8, 3}, {2, 7}, {6}, {1, 5}, {4}], [{8, 3}, {2, 7}, {6}, {4, 5}, {1}], [{8, 3}, {2, 7}, {6}, {5}, {1, 4}], [{8, 3}, {4, 7}, {1, 6}, {2, 5}], [{8, 3}, {4, 7}, {2, 6}, {1, 5}], [{8, 3}, {4, 7}, {2, 6}, {5}, {1}], [{8, 3}, {4, 7}, {5, 6}, {1, 2}], [{8, 3}, {5, 7}, {1, 6}, {2, 4}], [{8, 3}, {5, 7}, {2, 6}, {1, 4}], [{8, 3}, {5, 7}, {4, 6}, {1, 2}], [{8, 3}, {6, 7}, {1, 5}, {2, 4}], [{8, 3}, {6, 7}, {2, 5}, {1, 4}], [{8, 3}, {6, 7}, {4, 5}, {1, 2}], [{8, 3}, {7}, {1, 6}, {4, 5}, {2}], [{8, 3}, {7}, {4, 6}, {1, 5}, {2}], [{8, 3}, {7}, {5, 6}, {1, 4}, {2}], [{8, 4}, {1, 7}, {2, 6}, {3, 5}], [{8, 4}, {1, 7}, {3, 6}, {2, 5}], [{8, 4}, {1, 7}, {5, 6}, {2, 3}], [{8, 4}, {1, 7}, {6}, {5}, {2, 3}], [{8, 4}, {2, 7}, {1, 6}, {3, 5}], [{8, 4}, {2, 7}, {3, 6}, {1, 5}], [{8, 4}, {2, 7}, {5, 6}, {1, 3}], [{8, 4}, {2, 7}, {6}, {1, 5}, {3}], [{8, 4}, {3, 7}, {1, 6}, {2, 5}], [{8, 4}, {3, 7}, {2, 6}, {1, 5}], [{8, 4}, {3, 7}, {5, 6}, {1, 2}], [{8, 4}, {5, 7}, {1, 6}, {2, 3}], [{8, 4}, {5, 7}, {2, 6}, {1, 3}], [{8, 4}, {5, 7}, {3, 6}, {1, 2}], [{8, 4}, {6, 7}, {1, 5}, {2, 3}], [{8, 4}, {6, 7}, {2, 5}, {1, 3}], [{8, 4}, {6, 7}, {3, 5}, {1, 2}], [{8, 4}, {7}, {5, 6}, {2, 3}, {1}], [{8, 5}, {1, 7}, {2, 6}, {3, 4}], [{8, 5}, {1, 7}, {3, 6}, {2, 4}], [{8, 5}, {1, 7}, {4, 6}, {2, 3}], [{8, 5}, {2, 7}, {1, 6}, {3, 4}], [{8, 5}, {2, 7}, {3, 6}, {1, 4}], [{8, 5}, {2, 7}, {4, 6}, {1, 3}], [{8, 5}, {2, 7}, {6}, {1, 4}, {3}], [{8, 5}, {3, 7}, {1, 6}, {2, 4}], [{8, 5}, {3, 7}, {2, 6}, {1, 4}], [{8, 5}, {3, 7}, {4, 6}, {1, 2}], [{8, 5}, {4, 7}, {1, 6}, {2, 3}], [{8, 5}, {4, 7}, {2, 6}, {1, 3}], [{8, 5}, {4, 7}, {3, 6}, {1, 2}], [{8, 5}, {6, 7}, {1, 4}, {2, 3}], [{8, 5}, {6, 7}, {2, 4}, {1, 3}], [{8, 5}, {6, 7}, {3, 4}, {1, 2}], [{8, 6}, {1, 7}, {2, 5}, {3, 4}], [{8, 6}, {1, 7}, {3, 5}, {2, 4}], [{8, 6}, {1, 7}, {4, 5}, {2, 3}], [{8, 6}, {2, 7}, {1, 5}, {3, 4}], [{8, 6}, {2, 7}, {1, 5}, {4}, {3}], [{8, 6}, {2, 7}, {3, 5}, {1, 4}], [{8, 6}, {2, 7}, {4, 5}, {1, 3}], [{8, 6}, {2, 7}, {4, 5}, {3}, {1}], [{8, 6}, {2, 7}, {5}, {1, 4}, {3}], [{8, 6}, {3, 7}, {1, 5}, {2, 4}], [{8, 6}, {3, 7}, {2, 5}, {1, 4}], [{8, 6}, {3, 7}, {4, 5}, {1, 2}], [{8, 6}, {4, 7}, {1, 5}, {2, 3}], [{8, 6}, {4, 7}, {2, 5}, {1, 3}], [{8, 6}, {4, 7}, {3, 5}, {1, 2}], [{8, 6}, {5, 7}, {1, 4}, {2, 3}], [{8, 6}, {5, 7}, {2, 4}, {1, 3}], [{8, 6}, {5, 7}, {3, 4}, {1, 2}], [{8, 7}, {1, 6}, {2, 5}, {3, 4}], [{8, 7}, {1, 6}, {3, 5}, {2, 4}], [{8, 7}, {1, 6}, {4, 5}, {2, 3}], [{8, 7}, {1, 6}, {4, 5}, {3}, {2}], [{8, 7}, {1, 6}, {5}, {4}, {2, 3}], [{8, 7}, {2, 6}, {1, 5}, {3, 4}], [{8, 7}, {2, 6}, {3, 5}, {1, 4}], [{8, 7}, {2, 6}, {4, 5}, {1, 3}], [{8, 7}, {3, 6}, {1, 5}, {2, 4}], [{8, 7}, {3, 6}, {2, 5}, {1, 4}], [{8, 7}, {3, 6}, {4, 5}, {1, 2}], [{8, 7}, {4, 6}, {1, 5}, {2, 3}], [{8, 7}, {4, 6}, {1, 5}, {3}, {2}], [{8, 7}, {4, 6}, {2, 5}, {1, 3}], [{8, 7}, {4, 6}, {3, 5}, {1, 2}], [{8, 7}, {4, 6}, {5}, {2, 3}, {1}], [{8, 7}, {5, 6}, {1, 4}, {2, 3}], [{8, 7}, {5, 6}, {1, 4}, {3}, {2}], [{8, 7}, {5, 6}, {2, 4}, {1, 3}], [{8, 7}, {5, 6}, {3, 4}, {1, 2}], [{8, 7}, {5, 6}, {4}, {2, 3}, {1}], [{8, 7}, {6}, {1, 5}, {4}, {2, 3}], [{8, 7}, {6}, {4, 5}, {2, 3}, {1}], [{8, 7}, {6}, {5}, {1, 4}, {2, 3}], [{8}, {1, 7}, {2, 6}, {4, 5}, {3}], [{8}, {1, 7}, {5, 6}, {4}, {2, 3}], [{8}, {1, 7}, {6}, {3, 5}, {2, 4}], [{8}, {2, 7}, {1, 6}, {4, 5}, {3}], [{8}, {2, 7}, {3, 6}, {1, 5}, {4}], [{8}, {2, 7}, {3, 6}, {4, 5}, {1}], [{8}, {2, 7}, {3, 6}, {5}, {1, 4}], [{8}, {2, 7}, {4, 6}, {1, 5}, {3}], [{8}, {2, 7}, {5, 6}, {1, 4}, {3}], [{8}, {2, 7}, {6}, {1, 5}, {3, 4}], [{8}, {2, 7}, {6}, {1, 5}, {4}, {3}], [{8}, {2, 7}, {6}, {3, 5}, {1, 4}], [{8}, {2, 7}, {6}, {4, 5}, {1, 3}], [{8}, {2, 7}, {6}, {4, 5}, {3}, {1}], [{8}, {2, 7}, {6}, {5}, {1, 4}, {3}], [{8}, {3, 7}, {1, 6}, {4, 5}, {2}], [{8}, {3, 7}, {4, 6}, {1, 5}, {2}], [{8}, {3, 7}, {5, 6}, {1, 4}, {2}], [{8}, {4, 7}, {2, 6}, {1, 5}, {3}], [{8}, {4, 7}, {3, 6}, {2, 5}, {1}], [{8}, {4, 7}, {5, 6}, {2, 3}, {1}], [{8}, {5, 7}, {2, 6}, {1, 4}, {3}], [{8}, {5, 7}, {2, 6}, {3, 4}, {1}], [{8}, {5, 7}, {2, 6}, {4}, {1, 3}], [{8}, {6, 7}, {1, 5}, {2, 4}, {3}], [{8}, {6, 7}, {2, 5}, {1, 4}, {3}], [{8}, {6, 7}, {4, 5}, {3}, {1, 2}], [{8}, {7}, {1, 6}, {4, 5}, {2, 3}], [{8}, {7}, {1, 6}, {4, 5}, {3}, {2}], [{8}, {7}, {4, 6}, {1, 5}, {2, 3}], [{8}, {7}, {4, 6}, {1, 5}, {3}, {2}], [{8}, {7}, {5, 6}, {1, 4}, {2, 3}], [{8}, {7}, {5, 6}, {1, 4}, {3}, {2}], [{8}, {7}, {5, 6}, {2, 4}, {1, 3}], [{8}, {7}, {5, 6}, {3, 4}, {1, 2}], [{8}, {7}, {5, 6}, {4}, {2, 3}, {1}]]",2,8 K_1^3 - 6 K_1^2 - 6 K_1 K_2 - 3 K_1 + 3 K_2 + K_3 + 4,O1O2O3O4U1U5U6O7U8O6O5U3U4O8U2U7,O1O2O3U4U5U6U3O7O6U8O4O5U2U1O8U7,O1O2O3U4O5U3U2O6O7U5O8O4U1U8U6U7,c,{'O1O2O3O4U5U3O6U1U2O7O8U6O5U8U7U4'},1,"<a href=""/flatknot/8.850551"">8.850551</a>",t^9-37t^7-70t^6+118t^5+282t^4-196t^3-14t^2+38t-18,-t^3+t^2+t,,
8.850552,O1O2O3O4U5U3O6U1U2O7O8U7O5U6U4U8,4,z^3+20z^2+86z+101,w^4z^3-4w^4z^2+24w^3z^2-12w^3z+98w^2z+101w,False,False,"[[ 0 -2  0  0  2 -1  0 -1  2],[ 2  0  1  0  3  0  1  0  1],[ 0 -1  0  0  2 -1  0  0  1],[ 0  0  0  0  0  0 -1  0  0],[-2 -3 -2  0  0 -1 -1  0  2],[ 1  0  1  0  1  0  0 -1  0],[ 0 -1  0  1  1  0  0  0  2],[ 1  0  0  0  0  1  0  0  1],[-2 -1 -1  0 -2  0 -2 -1  0]]","[[ 0  2  2  0  0  0 -1 -1 -2],[-2  0  2  0 -1 -2  0 -1 -3],[-2 -2  0  0 -2 -1 -1  0 -1],[ 0  0  0  0 -1  0  0  0  0],[ 0  1  2  1  0  0  0  0 -1],[ 0  2  1  0  0  0  0 -1 -1],[ 1  0  1  0  0  0  0  1  0],[ 1  1  0  0  0  1 -1  0  0],[ 2  3  1  0  1  1  0  0  0]]",True,"[-2,-2,0,0,0,1,1,2,-2,0,1,2,0,1,3,0,2,1,1,0,1,1,0,0,0,0,0,0,0,1,0,1,1,-1,0,0]","[-2,-2,0,0,0,1,1,2,-2,0,1,2,0,1,3,0,2,1,1,0,1,1,0,0,0,0,0,0,0,1,0,1,1,-1,0,0]",t^8+31t^6+113t^4+65t^2+1,"[-2,-1,-1,0,0,0,2,2,1,1,1,1,2,1,3,-1,1,1,1,3,2,0,1,1,2,3,0,0,0,1,-1,1,0,2,2,-2]","[-2,-2,0,0,0,1,1,2,-2,0,1,2,2,3,3,1,0,2,3,2,1,0,1,1,1,1,0,1,0,1,1,1,2,1,1,1]","[-2,-1,-1,0,0,0,2,2,0,0,0,1,1,1,3,-1,0,0,1,0,1,0,0,0,1,0,-1,0,0,0,0,2,1,1,2,-2]",c,"[[{8, 1}, {2, 7}, {3, 6}, {4, 5}], [{8, 1}, {2, 7}, {3, 6}, {5}, {4}], [{8, 1}, {2, 7}, {4, 6}, {3, 5}], [{8, 1}, {2, 7}, {5, 6}, {3, 4}], [{8, 1}, {2, 7}, {6}, {4, 5}, {3}], [{8, 1}, {3, 7}, {2, 6}, {4, 5}], [{8, 1}, {3, 7}, {4, 6}, {2, 5}], [{8, 1}, {3, 7}, {4, 6}, {5}, {2}], [{8, 1}, {3, 7}, {5, 6}, {2, 4}], [{8, 1}, {4, 7}, {2, 6}, {3, 5}], [{8, 1}, {4, 7}, {2, 6}, {5}, {3}], [{8, 1}, {4, 7}, {3, 6}, {2, 5}], [{8, 1}, {4, 7}, {5, 6}, {2, 3}], [{8, 1}, {4, 7}, {5, 6}, {3}, {2}], [{8, 1}, {4, 7}, {6}, {2, 5}, {3}], [{8, 1}, {5, 7}, {2, 6}, {3, 4}], [{8, 1}, {5, 7}, {2, 6}, {4}, {3}], [{8, 1}, {5, 7}, {3, 6}, {2, 4}], [{8, 1}, {5, 7}, {4, 6}, {2, 3}], [{8, 1}, {5, 7}, {4, 6}, {3}, {2}], [{8, 1}, {5, 7}, {6}, {2, 4}, {3}], [{8, 1}, {6, 7}, {2, 5}, {3, 4}], [{8, 1}, {6, 7}, {3, 5}, {2, 4}], [{8, 1}, {6, 7}, {4, 5}, {2, 3}], [{8, 1}, {6, 7}, {4, 5}, {3}, {2}], [{8, 1}, {6, 7}, {5}, {4}, {2, 3}], [{8, 1}, {7}, {2, 6}, {4, 5}, {3}], [{8, 1}, {7}, {4, 6}, {3, 5}, {2}], [{8, 2}, {1, 7}, {3, 6}, {4, 5}], [{8, 2}, {1, 7}, {4, 6}, {3, 5}], [{8, 2}, {1, 7}, {5, 6}, {3, 4}], [{8, 2}, {1, 7}, {5, 6}, {4}, {3}], [{8, 2}, {1, 7}, {6}, {5}, {3, 4}], [{8, 2}, {3, 7}, {1, 6}, {4, 5}], [{8, 2}, {3, 7}, {4, 6}, {1, 5}], [{8, 2}, {3, 7}, {4, 6}, {5}, {1}], [{8, 2}, {3, 7}, {5, 6}, {1, 4}], [{8, 2}, {4, 7}, {1, 6}, {3, 5}], [{8, 2}, {4, 7}, {3, 6}, {1, 5}], [{8, 2}, {4, 7}, {5, 6}, {1, 3}], [{8, 2}, {4, 7}, {6}, {1, 5}, {3}], [{8, 2}, {5, 7}, {1, 6}, {3, 4}], [{8, 2}, {5, 7}, {3, 6}, {1, 4}], [{8, 2}, {5, 7}, {4, 6}, {1, 3}], [{8, 2}, {5, 7}, {4, 6}, {3}, {1}], [{8, 2}, {6, 7}, {1, 5}, {3, 4}], [{8, 2}, {6, 7}, {3, 5}, {1, 4}], [{8, 2}, {6, 7}, {4, 5}, {1, 3}], [{8, 2}, {6, 7}, {5}, {1, 4}, {3}], [{8, 2}, {7}, {1, 6}, {4, 5}, {3}], [{8, 2}, {7}, {4, 6}, {3, 5}, {1}], [{8, 3}, {1, 7}, {2, 6}, {4, 5}], [{8, 3}, {1, 7}, {2, 6}, {5}, {4}], [{8, 3}, {1, 7}, {4, 6}, {2, 5}], [{8, 3}, {1, 7}, {5, 6}, {2, 4}], [{8, 3}, {2, 7}, {1, 6}, {4, 5}], [{8, 3}, {2, 7}, {1, 6}, {5}, {4}], [{8, 3}, {2, 7}, {4, 6}, {1, 5}], [{8, 3}, {2, 7}, {4, 6}, {5}, {1}], [{8, 3}, {2, 7}, {5, 6}, {1, 4}], [{8, 3}, {2, 7}, {6}, {5}, {1, 4}], [{8, 3}, {4, 7}, {1, 6}, {2, 5}], [{8, 3}, {4, 7}, {2, 6}, {1, 5}], [{8, 3}, {4, 7}, {5, 6}, {1, 2}], [{8, 3}, {5, 7}, {1, 6}, {2, 4}], [{8, 3}, {5, 7}, {2, 6}, {1, 4}], [{8, 3}, {5, 7}, {4, 6}, {1, 2}], [{8, 3}, {5, 7}, {4, 6}, {2}, {1}], [{8, 3}, {6, 7}, {1, 5}, {2, 4}], [{8, 3}, {6, 7}, {2, 5}, {1, 4}], [{8, 3}, {6, 7}, {4, 5}, {1, 2}], [{8, 3}, {7}, {4, 6}, {2, 5}, {1}], [{8, 4}, {1, 7}, {2, 6}, {3, 5}], [{8, 4}, {1, 7}, {3, 6}, {2, 5}], [{8, 4}, {1, 7}, {5, 6}, {2, 3}], [{8, 4}, {2, 7}, {1, 6}, {3, 5}], [{8, 4}, {2, 7}, {3, 6}, {1, 5}], [{8, 4}, {2, 7}, {3, 6}, {5}, {1}], [{8, 4}, {2, 7}, {5, 6}, {1, 3}], [{8, 4}, {2, 7}, {5, 6}, {3}, {1}], [{8, 4}, {2, 7}, {6}, {3, 5}, {1}], [{8, 4}, {3, 7}, {1, 6}, {2, 5}], [{8, 4}, {3, 7}, {2, 6}, {1, 5}], [{8, 4}, {3, 7}, {2, 6}, {5}, {1}], [{8, 4}, {3, 7}, {5, 6}, {1, 2}], [{8, 4}, {5, 7}, {1, 6}, {2, 3}], [{8, 4}, {5, 7}, {2, 6}, {1, 3}], [{8, 4}, {5, 7}, {3, 6}, {1, 2}], [{8, 4}, {5, 7}, {6}, {1, 3}, {2}], [{8, 4}, {6, 7}, {1, 5}, {2, 3}], [{8, 4}, {6, 7}, {2, 5}, {1, 3}], [{8, 4}, {6, 7}, {2, 5}, {3}, {1}], [{8, 4}, {6, 7}, {3, 5}, {1, 2}], [{8, 5}, {1, 7}, {2, 6}, {3, 4}], [{8, 5}, {1, 7}, {3, 6}, {2, 4}], [{8, 5}, {1, 7}, {4, 6}, {2, 3}], [{8, 5}, {2, 7}, {1, 6}, {3, 4}], [{8, 5}, {2, 7}, {3, 6}, {1, 4}], [{8, 5}, {2, 7}, {4, 6}, {1, 3}], [{8, 5}, {3, 7}, {1, 6}, {2, 4}], [{8, 5}, {3, 7}, {2, 6}, {1, 4}], [{8, 5}, {3, 7}, {4, 6}, {1, 2}], [{8, 5}, {4, 7}, {1, 6}, {2, 3}], [{8, 5}, {4, 7}, {2, 6}, {1, 3}], [{8, 5}, {4, 7}, {3, 6}, {1, 2}], [{8, 5}, {6, 7}, {1, 4}, {2, 3}], [{8, 5}, {6, 7}, {2, 4}, {1, 3}], [{8, 5}, {6, 7}, {2, 4}, {3}, {1}], [{8, 5}, {6, 7}, {3, 4}, {1, 2}], [{8, 6}, {1, 7}, {2, 5}, {3, 4}], [{8, 6}, {1, 7}, {3, 5}, {2, 4}], [{8, 6}, {1, 7}, {4, 5}, {2, 3}], [{8, 6}, {1, 7}, {5}, {2, 4}, {3}], [{8, 6}, {2, 7}, {1, 5}, {3, 4}], [{8, 6}, {2, 7}, {1, 5}, {4}, {3}], [{8, 6}, {2, 7}, {3, 5}, {1, 4}], [{8, 6}, {2, 7}, {4, 5}, {1, 3}], [{8, 6}, {2, 7}, {4, 5}, {3}, {1}], [{8, 6}, {2, 7}, {5}, {1, 4}, {3}], [{8, 6}, {3, 7}, {1, 5}, {2, 4}], [{8, 6}, {3, 7}, {1, 5}, {4}, {2}], [{8, 6}, {3, 7}, {2, 5}, {1, 4}], [{8, 6}, {3, 7}, {4, 5}, {1, 2}], [{8, 6}, {3, 7}, {4, 5}, {2}, {1}], [{8, 6}, {3, 7}, {5}, {1, 4}, {2}], [{8, 6}, {4, 7}, {1, 5}, {2, 3}], [{8, 6}, {4, 7}, {2, 5}, {1, 3}], [{8, 6}, {4, 7}, {2, 5}, {3}, {1}], [{8, 6}, {4, 7}, {3, 5}, {1, 2}], [{8, 6}, {5, 7}, {1, 4}, {2, 3}], [{8, 6}, {5, 7}, {2, 4}, {1, 3}], [{8, 6}, {5, 7}, {3, 4}, {1, 2}], [{8, 6}, {5, 7}, {4}, {1, 3}, {2}], [{8, 6}, {7}, {1, 5}, {4}, {2, 3}], [{8, 6}, {7}, {4, 5}, {2, 3}, {1}], [{8, 6}, {7}, {5}, {1, 4}, {2, 3}], [{8, 7}, {1, 6}, {2, 5}, {3, 4}], [{8, 7}, {1, 6}, {3, 5}, {2, 4}], [{8, 7}, {1, 6}, {4, 5}, {2, 3}], [{8, 7}, {1, 6}, {4, 5}, {3}, {2}], [{8, 7}, {1, 6}, {5}, {4}, {2, 3}], [{8, 7}, {2, 6}, {1, 5}, {3, 4}], [{8, 7}, {2, 6}, {3, 5}, {1, 4}], [{8, 7}, {2, 6}, {4, 5}, {1, 3}], [{8, 7}, {2, 6}, {4, 5}, {3}, {1}], [{8, 7}, {3, 6}, {1, 5}, {2, 4}], [{8, 7}, {3, 6}, {2, 5}, {1, 4}], [{8, 7}, {3, 6}, {4, 5}, {1, 2}], [{8, 7}, {3, 6}, {5}, {4}, {1, 2}], [{8, 7}, {4, 6}, {1, 5}, {2, 3}], [{8, 7}, {4, 6}, {2, 5}, {1, 3}], [{8, 7}, {4, 6}, {3, 5}, {1, 2}], [{8, 7}, {5, 6}, {1, 4}, {2, 3}], [{8, 7}, {5, 6}, {2, 4}, {1, 3}], [{8, 7}, {5, 6}, {3, 4}, {1, 2}], [{8, 7}, {6}, {4, 5}, {3}, {1, 2}], [{8}, {1, 7}, {2, 6}, {4, 5}, {3}], [{8}, {2, 7}, {1, 6}, {4, 5}, {3}], [{8}, {2, 7}, {3, 6}, {5}, {1, 4}], [{8}, {3, 7}, {4, 6}, {5}, {1, 2}], [{8}, {4, 7}, {1, 6}, {2, 5}, {3}], [{8}, {4, 7}, {2, 6}, {3, 5}, {1}], [{8}, {5, 7}, {4, 6}, {1, 3}, {2}], [{8}, {5, 7}, {4, 6}, {2, 3}, {1}], [{8}, {5, 7}, {4, 6}, {3}, {1, 2}], [{8}, {5, 7}, {4, 6}, {3}, {2}, {1}], [{8}, {7}, {4, 6}, {3, 5}, {1, 2}]]",2,- 16 K_1^4 + 32 K_1^3 + 24 K_1^2 K_2 - 34 K_1^2 - 28 K_1 K_2 - 12 K_1 K_3 - 10 K_1 + 19 K_2 + 6 K_3 + 2 K_4 + 18,O1O2O3O4U5U1U6O7U8O5O8U3U4O6U2U7,O1O2O3U4U5U6U2O7O6U1O4O5U8U3O8U7,O1O2O3U4O5U1U5O6O7U3O8O4U2U8U6U7,c,{'O1O2O3O4U5U3O6U1U2O7O8U7O5U6U4U8'},1,"<a href=""/flatknot/8.850552"">8.850552</a>",t^9-29t^7-42t^6+118t^5+204t^4-164t^3-162t^2+113t-42,-t^2+2t,,
8.850553,O1O2O3O4U5U3O6U1U2O7O8U7O5U6U8U4,4,2z^3+24z^2+87z+95,2w^4z^3-4w^4z^2+28w^3z^2-12w^3z+99w^2z+95w,False,False,"[[ 0 -2  0  0  3 -1  0 -1  1],[ 2  0  1  0  3  0  1  0  0],[ 0 -1  0  0  2 -1  0  0  0],[ 0  0  0  0  0  0 -1  0 -1],[-3 -3 -2  0  0 -1 -2 -1  1],[ 1  0  1  0  1  0  0 -1 -1],[ 0 -1  0  1  2  0  0  0  2],[ 1  0  0  0  1  1  0  0  1],[-1  0  0  1 -1  1 -2 -1  0]]","[[ 0  3  1  0  0  0 -1 -1 -2],[-3  0  1  0 -2 -2 -1 -1 -3],[-1 -1  0  1  0 -2  1 -1  0],[ 0  0 -1  0  0 -1  0  0  0],[ 0  2  0  0  0  0 -1  0 -1],[ 0  2  2  1  0  0  0  0 -1],[ 1  1 -1  0  1  0  0 -1  0],[ 1  1  1  0  0  0  1  0  0],[ 2  3  0  0  1  1  0  0  0]]",True,"[-3,-1,0,0,0,1,1,2,-1,0,2,2,1,1,3,-1,0,2,-1,1,0,0,1,0,0,0,0,1,0,1,0,0,1,1,0,0]","[-3,-1,0,0,0,1,1,2,-1,0,2,2,1,1,3,-1,0,2,-1,1,0,0,1,0,0,0,0,1,0,1,0,0,1,1,0,0]",t^8+32t^6+191t^4+142t^2+1,"[-2,-1,-1,0,0,0,1,3,1,1,1,1,2,3,2,-1,1,1,1,1,3,0,1,1,3,3,0,0,1,1,-1,-1,1,2,3,3]","[-3,-1,0,0,0,1,1,2,3,1,1,3,3,3,2,-1,1,2,1,3,3,0,1,1,1,1,0,1,0,1,1,1,2,1,1,1]","[-2,-1,-1,0,0,0,1,3,0,0,0,1,1,0,3,-1,0,0,1,-1,1,0,0,0,1,1,-1,0,-1,0,0,2,2,0,2,-1]",c,"[[{8, 1}, {2, 7}, {3, 6}, {4, 5}], [{8, 1}, {2, 7}, {4, 6}, {3, 5}], [{8, 1}, {2, 7}, {5, 6}, {3, 4}], [{8, 1}, {3, 7}, {2, 6}, {4, 5}], [{8, 1}, {3, 7}, {4, 6}, {2, 5}], [{8, 1}, {3, 7}, {5, 6}, {2, 4}], [{8, 1}, {4, 7}, {2, 6}, {3, 5}], [{8, 1}, {4, 7}, {3, 6}, {2, 5}], [{8, 1}, {4, 7}, {3, 6}, {5}, {2}], [{8, 1}, {4, 7}, {5, 6}, {2, 3}], [{8, 1}, {4, 7}, {5, 6}, {3}, {2}], [{8, 1}, {4, 7}, {6}, {3, 5}, {2}], [{8, 1}, {5, 7}, {2, 6}, {3, 4}], [{8, 1}, {5, 7}, {3, 6}, {2, 4}], [{8, 1}, {5, 7}, {4, 6}, {2, 3}], [{8, 1}, {6, 7}, {2, 5}, {3, 4}], [{8, 1}, {6, 7}, {3, 5}, {2, 4}], [{8, 1}, {6, 7}, {4, 5}, {2, 3}], [{8, 1}, {6, 7}, {5}, {2, 4}, {3}], [{8, 2}, {1, 7}, {3, 6}, {4, 5}], [{8, 2}, {1, 7}, {3, 6}, {5}, {4}], [{8, 2}, {1, 7}, {4, 6}, {3, 5}], [{8, 2}, {1, 7}, {5, 6}, {3, 4}], [{8, 2}, {1, 7}, {6}, {4, 5}, {3}], [{8, 2}, {3, 7}, {1, 6}, {4, 5}], [{8, 2}, {3, 7}, {1, 6}, {5}, {4}], [{8, 2}, {3, 7}, {4, 6}, {1, 5}], [{8, 2}, {3, 7}, {4, 6}, {5}, {1}], [{8, 2}, {3, 7}, {5, 6}, {1, 4}], [{8, 2}, {3, 7}, {6}, {5}, {1, 4}], [{8, 2}, {4, 7}, {1, 6}, {3, 5}], [{8, 2}, {4, 7}, {3, 6}, {1, 5}], [{8, 2}, {4, 7}, {5, 6}, {1, 3}], [{8, 2}, {5, 7}, {1, 6}, {3, 4}], [{8, 2}, {5, 7}, {3, 6}, {1, 4}], [{8, 2}, {5, 7}, {4, 6}, {1, 3}], [{8, 2}, {6, 7}, {1, 5}, {3, 4}], [{8, 2}, {6, 7}, {3, 5}, {1, 4}], [{8, 2}, {6, 7}, {4, 5}, {1, 3}], [{8, 2}, {6, 7}, {4, 5}, {3}, {1}], [{8, 2}, {7}, {1, 6}, {4, 5}, {3}], [{8, 2}, {7}, {5, 6}, {1, 4}, {3}], [{8, 2}, {7}, {5, 6}, {3, 4}, {1}], [{8, 2}, {7}, {5, 6}, {4}, {1, 3}], [{8, 3}, {1, 7}, {2, 6}, {4, 5}], [{8, 3}, {1, 7}, {2, 6}, {5}, {4}], [{8, 3}, {1, 7}, {4, 6}, {2, 5}], [{8, 3}, {1, 7}, {4, 6}, {5}, {2}], [{8, 3}, {1, 7}, {5, 6}, {2, 4}], [{8, 3}, {1, 7}, {6}, {5}, {2, 4}], [{8, 3}, {2, 7}, {1, 6}, {4, 5}], [{8, 3}, {2, 7}, {4, 6}, {1, 5}], [{8, 3}, {2, 7}, {4, 6}, {5}, {1}], [{8, 3}, {2, 7}, {5, 6}, {1, 4}], [{8, 3}, {2, 7}, {5, 6}, {4}, {1}], [{8, 3}, {2, 7}, {6}, {4, 5}, {1}], [{8, 3}, {4, 7}, {1, 6}, {2, 5}], [{8, 3}, {4, 7}, {2, 6}, {1, 5}], [{8, 3}, {4, 7}, {5, 6}, {1, 2}], [{8, 3}, {5, 7}, {1, 6}, {2, 4}], [{8, 3}, {5, 7}, {2, 6}, {1, 4}], [{8, 3}, {5, 7}, {4, 6}, {1, 2}], [{8, 3}, {6, 7}, {1, 5}, {2, 4}], [{8, 3}, {6, 7}, {2, 5}, {1, 4}], [{8, 3}, {6, 7}, {4, 5}, {1, 2}], [{8, 3}, {7}, {4, 6}, {5}, {1, 2}], [{8, 4}, {1, 7}, {2, 6}, {3, 5}], [{8, 4}, {1, 7}, {3, 6}, {2, 5}], [{8, 4}, {1, 7}, {5, 6}, {2, 3}], [{8, 4}, {2, 7}, {1, 6}, {3, 5}], [{8, 4}, {2, 7}, {3, 6}, {1, 5}], [{8, 4}, {2, 7}, {5, 6}, {1, 3}], [{8, 4}, {3, 7}, {1, 6}, {2, 5}], [{8, 4}, {3, 7}, {2, 6}, {1, 5}], [{8, 4}, {3, 7}, {5, 6}, {1, 2}], [{8, 4}, {3, 7}, {5, 6}, {2}, {1}], [{8, 4}, {5, 7}, {1, 6}, {2, 3}], [{8, 4}, {5, 7}, {1, 6}, {3}, {2}], [{8, 4}, {5, 7}, {2, 6}, {1, 3}], [{8, 4}, {5, 7}, {2, 6}, {3}, {1}], [{8, 4}, {5, 7}, {3, 6}, {1, 2}], [{8, 4}, {5, 7}, {3, 6}, {2}, {1}], [{8, 4}, {5, 7}, {6}, {1, 3}, {2}], [{8, 4}, {5, 7}, {6}, {2, 3}, {1}], [{8, 4}, {5, 7}, {6}, {3}, {1, 2}], [{8, 4}, {5, 7}, {6}, {3}, {2}, {1}], [{8, 4}, {6, 7}, {1, 5}, {2, 3}], [{8, 4}, {6, 7}, {2, 5}, {1, 3}], [{8, 4}, {6, 7}, {3, 5}, {1, 2}], [{8, 4}, {6, 7}, {3, 5}, {2}, {1}], [{8, 5}, {1, 7}, {2, 6}, {3, 4}], [{8, 5}, {1, 7}, {3, 6}, {2, 4}], [{8, 5}, {1, 7}, {4, 6}, {2, 3}], [{8, 5}, {2, 7}, {1, 6}, {3, 4}], [{8, 5}, {2, 7}, {3, 6}, {1, 4}], [{8, 5}, {2, 7}, {4, 6}, {1, 3}], [{8, 5}, {3, 7}, {1, 6}, {2, 4}], [{8, 5}, {3, 7}, {2, 6}, {1, 4}], [{8, 5}, {3, 7}, {4, 6}, {1, 2}], [{8, 5}, {4, 7}, {1, 6}, {2, 3}], [{8, 5}, {4, 7}, {2, 6}, {1, 3}], [{8, 5}, {4, 7}, {3, 6}, {1, 2}], [{8, 5}, {6, 7}, {1, 4}, {2, 3}], [{8, 5}, {6, 7}, {2, 4}, {1, 3}], [{8, 5}, {6, 7}, {3, 4}, {1, 2}], [{8, 6}, {1, 7}, {2, 5}, {3, 4}], [{8, 6}, {1, 7}, {3, 5}, {2, 4}], [{8, 6}, {1, 7}, {4, 5}, {2, 3}], [{8, 6}, {2, 7}, {1, 5}, {3, 4}], [{8, 6}, {2, 7}, {3, 5}, {1, 4}], [{8, 6}, {2, 7}, {4, 5}, {1, 3}], [{8, 6}, {3, 7}, {1, 5}, {2, 4}], [{8, 6}, {3, 7}, {2, 5}, {1, 4}], [{8, 6}, {3, 7}, {4, 5}, {1, 2}], [{8, 6}, {4, 7}, {1, 5}, {2, 3}], [{8, 6}, {4, 7}, {2, 5}, {1, 3}], [{8, 6}, {4, 7}, {3, 5}, {1, 2}], [{8, 6}, {5, 7}, {1, 4}, {2, 3}], [{8, 6}, {5, 7}, {2, 4}, {1, 3}], [{8, 6}, {5, 7}, {3, 4}, {1, 2}], [{8, 6}, {5, 7}, {4}, {1, 3}, {2}], [{8, 6}, {7}, {1, 5}, {2, 4}, {3}], [{8, 6}, {7}, {2, 5}, {1, 4}, {3}], [{8, 6}, {7}, {4, 5}, {3}, {1, 2}], [{8, 7}, {1, 6}, {2, 5}, {3, 4}], [{8, 7}, {1, 6}, {3, 5}, {2, 4}], [{8, 7}, {1, 6}, {4, 5}, {2, 3}], [{8, 7}, {1, 6}, {4, 5}, {3}, {2}], [{8, 7}, {2, 6}, {1, 5}, {3, 4}], [{8, 7}, {2, 6}, {3, 5}, {1, 4}], [{8, 7}, {2, 6}, {4, 5}, {1, 3}], [{8, 7}, {3, 6}, {1, 5}, {2, 4}], [{8, 7}, {3, 6}, {1, 5}, {4}, {2}], [{8, 7}, {3, 6}, {2, 5}, {1, 4}], [{8, 7}, {3, 6}, {4, 5}, {1, 2}], [{8, 7}, {3, 6}, {4, 5}, {2}, {1}], [{8, 7}, {3, 6}, {5}, {1, 4}, {2}], [{8, 7}, {4, 6}, {1, 5}, {2, 3}], [{8, 7}, {4, 6}, {1, 5}, {3}, {2}], [{8, 7}, {4, 6}, {2, 5}, {1, 3}], [{8, 7}, {4, 6}, {3, 5}, {1, 2}], [{8, 7}, {5, 6}, {1, 4}, {2, 3}], [{8, 7}, {5, 6}, {1, 4}, {3}, {2}], [{8, 7}, {5, 6}, {2, 4}, {1, 3}], [{8, 7}, {5, 6}, {3, 4}, {1, 2}], [{8, 7}, {5, 6}, {4}, {2, 3}, {1}], [{8, 7}, {6}, {1, 5}, {3, 4}, {2}], [{8, 7}, {6}, {3, 5}, {1, 4}, {2}], [{8, 7}, {6}, {4, 5}, {1, 3}, {2}], [{8}, {1, 7}, {5, 6}, {3, 4}, {2}], [{8}, {2, 7}, {1, 6}, {4, 5}, {3}], [{8}, {2, 7}, {5, 6}, {1, 4}, {3}], [{8}, {5, 7}, {4, 6}, {1, 3}, {2}], [{8}, {6, 7}, {2, 5}, {3, 4}, {1}]]",2,20 K_1^3 + 12 K_1^2 K_2 - 22 K_1^2 - 22 K_1 K_2 - 8 K_1 K_3 - 4 K_1 - 4 K_2^2 + 9 K_2 + 6 K_3 + 3 K_4 + 11,O1O2O3O4U1U5U6O7U8O5O8U3U4O6U2U7,O1O2O3U4U5U6U3O7O6U1O4O5U8U2O8U7,O1O2O3U4O5U2U5O6O7U3O8O4U1U8U6U7,c,{'O1O2O3O4U5U3O6U1U2O7O8U7O5U6U8U4'},1,"<a href=""/flatknot/8.850553"">8.850553</a>",t^9-28t^7-44t^6+160t^5+314t^4-234t^3-472t^2-3t+58,-t^3+t^2+t,,
8.850554,O1O2O3O4U5U3O6U1U2O7O8U7O5U8U6U4,4,z^3+20z^2+86z+101,w^4z^3-4w^4z^2+24w^3z^2-12w^3z+98w^2z+101w,False,False,"[[ 0 -2  0  0  3 -1  1 -1  0],[ 2  0  1  0  3  0  1  0 -1],[ 0 -1  0  0  2 -1  0  0 -1],[ 0  0  0  0  0  0 -1  0 -1],[-3 -3 -2  0  0 -1 -1 -1  0],[ 1  0  1  0  1  0  0 -1 -1],[-1 -1  0  1  1  0  0 -1  1],[ 1  0  0  0  1  1  1  0  1],[ 0  1  1  1  0  1 -1 -1  0]]","[[ 0  3  1  0  0  0 -1 -1 -2],[-3  0 -1  0  0 -2 -1 -1 -3],[-1  1  0  1  1  0  0 -1 -1],[ 0  0 -1  0  1  1  1 -1  1],[ 0  0 -1 -1  0  0  0  0  0],[ 0  2  0 -1  0  0 -1  0 -1],[ 1  1  0 -1  0  1  0 -1  0],[ 1  1  1  1  0  0  1  0  0],[ 2  3  1 -1  0  1  0  0  0]]",True,"[-3,-1,0,0,0,1,1,2,1,0,0,2,1,1,3,-1,-1,0,0,1,1,-1,-1,-1,1,-1,0,0,0,0,1,0,1,1,0,0]","[-3,-1,0,0,0,1,1,2,1,0,0,2,1,1,3,-1,-1,0,0,1,1,-1,-1,-1,1,-1,0,0,0,0,1,0,1,1,0,0]",t^8+28t^6+163t^4+111t^2+1,"[-2,-1,-1,0,0,0,1,3,1,1,1,2,3,2,2,-1,1,1,0,1,3,0,1,2,2,3,0,1,1,1,1,2,3,2,3,1]","[-3,-1,0,0,0,1,1,2,1,1,3,3,3,3,2,1,2,2,1,2,2,-1,0,1,0,1,1,0,2,3,1,1,2,1,1,1]","[-2,-1,-1,0,0,0,1,3,0,0,-1,0,1,1,3,-1,-1,0,1,0,1,1,0,0,1,1,1,1,-1,0,0,-1,0,0,2,1]",c,"[[{8, 1}, {2, 7}, {3, 6}, {4, 5}], [{8, 1}, {2, 7}, {3, 6}, {5}, {4}], [{8, 1}, {2, 7}, {4, 6}, {3, 5}], [{8, 1}, {2, 7}, {5, 6}, {3, 4}], [{8, 1}, {3, 7}, {2, 6}, {4, 5}], [{8, 1}, {3, 7}, {4, 6}, {2, 5}], [{8, 1}, {3, 7}, {5, 6}, {2, 4}], [{8, 1}, {4, 7}, {2, 6}, {3, 5}], [{8, 1}, {4, 7}, {3, 6}, {2, 5}], [{8, 1}, {4, 7}, {5, 6}, {2, 3}], [{8, 1}, {5, 7}, {2, 6}, {3, 4}], [{8, 1}, {5, 7}, {2, 6}, {4}, {3}], [{8, 1}, {5, 7}, {3, 6}, {2, 4}], [{8, 1}, {5, 7}, {3, 6}, {4}, {2}], [{8, 1}, {5, 7}, {4, 6}, {2, 3}], [{8, 1}, {5, 7}, {6}, {4}, {2, 3}], [{8, 1}, {6, 7}, {2, 5}, {3, 4}], [{8, 1}, {6, 7}, {3, 5}, {2, 4}], [{8, 1}, {6, 7}, {4, 5}, {2, 3}], [{8, 1}, {7}, {3, 6}, {2, 5}, {4}], [{8, 2}, {1, 7}, {3, 6}, {4, 5}], [{8, 2}, {1, 7}, {4, 6}, {3, 5}], [{8, 2}, {1, 7}, {5, 6}, {3, 4}], [{8, 2}, {1, 7}, {6}, {4, 5}, {3}], [{8, 2}, {3, 7}, {1, 6}, {4, 5}], [{8, 2}, {3, 7}, {4, 6}, {1, 5}], [{8, 2}, {3, 7}, {5, 6}, {1, 4}], [{8, 2}, {4, 7}, {1, 6}, {3, 5}], [{8, 2}, {4, 7}, {3, 6}, {1, 5}], [{8, 2}, {4, 7}, {5, 6}, {1, 3}], [{8, 2}, {5, 7}, {1, 6}, {3, 4}], [{8, 2}, {5, 7}, {3, 6}, {1, 4}], [{8, 2}, {5, 7}, {4, 6}, {1, 3}], [{8, 2}, {6, 7}, {1, 5}, {3, 4}], [{8, 2}, {6, 7}, {1, 5}, {4}, {3}], [{8, 2}, {6, 7}, {3, 5}, {1, 4}], [{8, 2}, {6, 7}, {4, 5}, {1, 3}], [{8, 2}, {6, 7}, {4, 5}, {3}, {1}], [{8, 2}, {6, 7}, {5}, {1, 4}, {3}], [{8, 2}, {7}, {1, 6}, {4, 5}, {3}], [{8, 3}, {1, 7}, {2, 6}, {4, 5}], [{8, 3}, {1, 7}, {2, 6}, {5}, {4}], [{8, 3}, {1, 7}, {4, 6}, {2, 5}], [{8, 3}, {1, 7}, {5, 6}, {2, 4}], [{8, 3}, {1, 7}, {5, 6}, {4}, {2}], [{8, 3}, {1, 7}, {6}, {2, 5}, {4}], [{8, 3}, {2, 7}, {1, 6}, {4, 5}], [{8, 3}, {2, 7}, {4, 6}, {1, 5}], [{8, 3}, {2, 7}, {5, 6}, {1, 4}], [{8, 3}, {2, 7}, {6}, {4, 5}, {1}], [{8, 3}, {4, 7}, {1, 6}, {2, 5}], [{8, 3}, {4, 7}, {2, 6}, {1, 5}], [{8, 3}, {4, 7}, {2, 6}, {5}, {1}], [{8, 3}, {4, 7}, {5, 6}, {1, 2}], [{8, 3}, {4, 7}, {5, 6}, {2}, {1}], [{8, 3}, {4, 7}, {6}, {2, 5}, {1}], [{8, 3}, {5, 7}, {1, 6}, {2, 4}], [{8, 3}, {5, 7}, {2, 6}, {1, 4}], [{8, 3}, {5, 7}, {4, 6}, {1, 2}], [{8, 3}, {6, 7}, {1, 5}, {2, 4}], [{8, 3}, {6, 7}, {2, 5}, {1, 4}], [{8, 3}, {6, 7}, {4, 5}, {1, 2}], [{8, 3}, {7}, {2, 6}, {5}, {1, 4}], [{8, 3}, {7}, {5, 6}, {1, 4}, {2}], [{8, 3}, {7}, {6}, {2, 5}, {1, 4}], [{8, 4}, {1, 7}, {2, 6}, {3, 5}], [{8, 4}, {1, 7}, {3, 6}, {2, 5}], [{8, 4}, {1, 7}, {5, 6}, {2, 3}], [{8, 4}, {2, 7}, {1, 6}, {3, 5}], [{8, 4}, {2, 7}, {3, 6}, {1, 5}], [{8, 4}, {2, 7}, {3, 6}, {5}, {1}], [{8, 4}, {2, 7}, {5, 6}, {1, 3}], [{8, 4}, {2, 7}, {5, 6}, {3}, {1}], [{8, 4}, {2, 7}, {6}, {3, 5}, {1}], [{8, 4}, {3, 7}, {1, 6}, {2, 5}], [{8, 4}, {3, 7}, {2, 6}, {1, 5}], [{8, 4}, {3, 7}, {2, 6}, {5}, {1}], [{8, 4}, {3, 7}, {5, 6}, {1, 2}], [{8, 4}, {3, 7}, {5, 6}, {2}, {1}], [{8, 4}, {3, 7}, {6}, {2, 5}, {1}], [{8, 4}, {5, 7}, {1, 6}, {2, 3}], [{8, 4}, {5, 7}, {1, 6}, {3}, {2}], [{8, 4}, {5, 7}, {2, 6}, {1, 3}], [{8, 4}, {5, 7}, {2, 6}, {3}, {1}], [{8, 4}, {5, 7}, {3, 6}, {1, 2}], [{8, 4}, {5, 7}, {3, 6}, {2}, {1}], [{8, 4}, {5, 7}, {6}, {1, 3}, {2}], [{8, 4}, {5, 7}, {6}, {2, 3}, {1}], [{8, 4}, {5, 7}, {6}, {3}, {1, 2}], [{8, 4}, {5, 7}, {6}, {3}, {2}, {1}], [{8, 4}, {6, 7}, {1, 5}, {2, 3}], [{8, 4}, {6, 7}, {2, 5}, {1, 3}], [{8, 4}, {6, 7}, {2, 5}, {3}, {1}], [{8, 4}, {6, 7}, {3, 5}, {1, 2}], [{8, 4}, {6, 7}, {3, 5}, {2}, {1}], [{8, 4}, {6, 7}, {5}, {2, 3}, {1}], [{8, 4}, {7}, {2, 6}, {3, 5}, {1}], [{8, 4}, {7}, {3, 6}, {2, 5}, {1}], [{8, 4}, {7}, {5, 6}, {2, 3}, {1}], [{8, 5}, {1, 7}, {2, 6}, {3, 4}], [{8, 5}, {1, 7}, {3, 6}, {2, 4}], [{8, 5}, {1, 7}, {4, 6}, {2, 3}], [{8, 5}, {2, 7}, {1, 6}, {3, 4}], [{8, 5}, {2, 7}, {3, 6}, {1, 4}], [{8, 5}, {2, 7}, {4, 6}, {1, 3}], [{8, 5}, {3, 7}, {1, 6}, {2, 4}], [{8, 5}, {3, 7}, {2, 6}, {1, 4}], [{8, 5}, {3, 7}, {4, 6}, {1, 2}], [{8, 5}, {4, 7}, {1, 6}, {2, 3}], [{8, 5}, {4, 7}, {2, 6}, {1, 3}], [{8, 5}, {4, 7}, {3, 6}, {1, 2}], [{8, 5}, {6, 7}, {1, 4}, {2, 3}], [{8, 5}, {6, 7}, {2, 4}, {1, 3}], [{8, 5}, {6, 7}, {3, 4}, {1, 2}], [{8, 6}, {1, 7}, {2, 5}, {3, 4}], [{8, 6}, {1, 7}, {3, 5}, {2, 4}], [{8, 6}, {1, 7}, {4, 5}, {2, 3}], [{8, 6}, {2, 7}, {1, 5}, {3, 4}], [{8, 6}, {2, 7}, {3, 5}, {1, 4}], [{8, 6}, {2, 7}, {4, 5}, {1, 3}], [{8, 6}, {3, 7}, {1, 5}, {2, 4}], [{8, 6}, {3, 7}, {2, 5}, {1, 4}], [{8, 6}, {3, 7}, {4, 5}, {1, 2}], [{8, 6}, {4, 7}, {1, 5}, {2, 3}], [{8, 6}, {4, 7}, {2, 5}, {1, 3}], [{8, 6}, {4, 7}, {3, 5}, {1, 2}], [{8, 6}, {5, 7}, {1, 4}, {2, 3}], [{8, 6}, {5, 7}, {2, 4}, {1, 3}], [{8, 6}, {5, 7}, {3, 4}, {1, 2}], [{8, 6}, {5, 7}, {4}, {1, 3}, {2}], [{8, 6}, {7}, {1, 5}, {2, 4}, {3}], [{8, 6}, {7}, {2, 5}, {1, 4}, {3}], [{8, 6}, {7}, {4, 5}, {3}, {1, 2}], [{8, 7}, {1, 6}, {2, 5}, {3, 4}], [{8, 7}, {1, 6}, {3, 5}, {2, 4}], [{8, 7}, {1, 6}, {4, 5}, {2, 3}], [{8, 7}, {1, 6}, {4, 5}, {3}, {2}], [{8, 7}, {2, 6}, {1, 5}, {3, 4}], [{8, 7}, {2, 6}, {3, 5}, {1, 4}], [{8, 7}, {2, 6}, {4, 5}, {1, 3}], [{8, 7}, {3, 6}, {1, 5}, {2, 4}], [{8, 7}, {3, 6}, {2, 5}, {1, 4}], [{8, 7}, {3, 6}, {4, 5}, {1, 2}], [{8, 7}, {4, 6}, {1, 5}, {2, 3}], [{8, 7}, {4, 6}, {2, 5}, {1, 3}], [{8, 7}, {4, 6}, {3, 5}, {1, 2}], [{8, 7}, {5, 6}, {1, 4}, {2, 3}], [{8, 7}, {5, 6}, {2, 4}, {1, 3}], [{8, 7}, {5, 6}, {2, 4}, {3}, {1}], [{8, 7}, {5, 6}, {3, 4}, {1, 2}], [{8}, {2, 7}, {1, 6}, {4, 5}, {3}], [{8}, {2, 7}, {3, 6}, {5}, {1, 4}], [{8}, {4, 7}, {1, 6}, {2, 5}, {3}], [{8}, {5, 7}, {2, 6}, {1, 4}, {3}], [{8}, {5, 7}, {3, 6}, {1, 4}, {2}], [{8}, {5, 7}, {4, 6}, {1, 3}, {2}], [{8}, {5, 7}, {6}, {1, 4}, {2, 3}], [{8}, {7}, {3, 6}, {2, 5}, {1, 4}]]",2,- 8 K_1^4 + 32 K_1^3 + 8 K_1^2 K_2 - 28 K_1^2 - 26 K_1 K_2 - 2 K_1 K_3 - 11 K_1 + 15 K_2 + 5 K_3 + 16,O1O2O3O4U1U5U6O7U8O6O8U3U4O5U2U7,O1O2O3U4U5U6U3O7O6U2O4O5U8U1O8U7,O1O2O3U4O5U3U5O6O7U2O8O4U1U8U6U7,c,{'O1O2O3O4U5U3O6U1U2O7O8U7O5U8U6U4'},1,"<a href=""/flatknot/8.850554"">8.850554</a>",t^9-24t^7-34t^6+52t^5+50t^4-32t^3+76t^2+41t-30,-t^3+t^2+t,,
8.850555,O1O2O3O4U5U3O6U1U4O7O8U2O5U6U7U8,4,3z^3+34z^2+106z+101,3w^4z^3+34w^3z^2+106w^2z+101w,False,False,"[[ 0 -2 -1  0  2 -1  0  0  2],[ 2  0  2  0  2 -1  2  1  1],[ 1 -2  0 -1  1 -1  1  1  2],[ 0  0  1  0  1 -1  0 -1 -1],[-2 -2 -1 -1  0 -2  0  0  0],[ 1  1  1  1  2  0  0 -1  0],[ 0 -2 -1  0  0  0  0  1  2],[ 0 -1 -1  1  0  1 -1  0  1],[-2 -1 -2  1  0  0 -2 -1  0]]","[[ 0  2  2  0  0  0 -1 -1 -2],[-2  0  0  1 -1 -2  0 -2 -1],[-2  0  0 -1  0  0 -2 -1 -2],[ 0 -1  1  0 -1  0 -1  1  0],[ 0  1  0  1  0 -1  1 -1 -1],[ 0  2  0  0  1  0  0 -1 -2],[ 1  0  2  1 -1  0  0  1  1],[ 1  2  1 -1  1  1 -1  0 -2],[ 2  1  2  0  1  2 -1  2  0]]",True,"[-2,-2,0,0,0,1,1,2,0,-1,1,2,0,2,1,1,0,0,2,1,2,1,0,1,-1,0,1,-1,1,1,0,1,2,-1,-1,2]","[-2,-2,0,0,0,1,1,2,0,-1,1,2,0,2,1,1,0,0,2,1,2,1,0,1,-1,0,1,-1,1,1,0,1,2,-1,-1,2]",t^8+39t^6+292t^4+107t^2+1,"[-2,-1,-1,0,0,0,2,2,-1,2,0,1,2,2,3,1,0,0,2,2,1,1,2,0,1,3,-1,0,2,0,-1,2,1,1,3,0]","[-2,-2,0,0,0,1,1,2,0,0,1,3,1,3,3,2,2,1,2,1,2,1,0,0,1,0,1,0,2,1,2,0,2,-1,-1,2]","[-2,-1,-1,0,0,0,2,2,-1,2,0,1,2,1,2,1,1,-1,0,0,2,-1,1,1,2,1,-1,0,-1,1,-1,1,0,2,0,0]",c,"[[{8, 1}, {2, 7}, {3, 6}, {4, 5}], [{8, 1}, {2, 7}, {3, 6}, {5}, {4}], [{8, 1}, {2, 7}, {4, 6}, {3, 5}], [{8, 1}, {2, 7}, {4, 6}, {5}, {3}], [{8, 1}, {2, 7}, {5, 6}, {3, 4}], [{8, 1}, {2, 7}, {5, 6}, {4}, {3}], [{8, 1}, {2, 7}, {6}, {3, 5}, {4}], [{8, 1}, {2, 7}, {6}, {4, 5}, {3}], [{8, 1}, {2, 7}, {6}, {5}, {3, 4}], [{8, 1}, {2, 7}, {6}, {5}, {4}, {3}], [{8, 1}, {3, 7}, {2, 6}, {4, 5}], [{8, 1}, {3, 7}, {4, 6}, {2, 5}], [{8, 1}, {3, 7}, {5, 6}, {2, 4}], [{8, 1}, {3, 7}, {5, 6}, {4}, {2}], [{8, 1}, {4, 7}, {2, 6}, {3, 5}], [{8, 1}, {4, 7}, {3, 6}, {2, 5}], [{8, 1}, {4, 7}, {3, 6}, {5}, {2}], [{8, 1}, {4, 7}, {5, 6}, {2, 3}], [{8, 1}, {4, 7}, {6}, {2, 5}, {3}], [{8, 1}, {5, 7}, {2, 6}, {3, 4}], [{8, 1}, {5, 7}, {3, 6}, {2, 4}], [{8, 1}, {5, 7}, {3, 6}, {4}, {2}], [{8, 1}, {5, 7}, {4, 6}, {2, 3}], [{8, 1}, {5, 7}, {6}, {2, 4}, {3}], [{8, 1}, {6, 7}, {2, 5}, {3, 4}], [{8, 1}, {6, 7}, {3, 5}, {2, 4}], [{8, 1}, {6, 7}, {4, 5}, {2, 3}], [{8, 1}, {7}, {3, 6}, {2, 5}, {4}], [{8, 1}, {7}, {3, 6}, {4, 5}, {2}], [{8, 1}, {7}, {3, 6}, {5}, {2, 4}], [{8, 1}, {7}, {5, 6}, {4}, {2, 3}], [{8, 2}, {1, 7}, {3, 6}, {4, 5}], [{8, 2}, {1, 7}, {4, 6}, {3, 5}], [{8, 2}, {1, 7}, {5, 6}, {3, 4}], [{8, 2}, {1, 7}, {6}, {3, 5}, {4}], [{8, 2}, {3, 7}, {1, 6}, {4, 5}], [{8, 2}, {3, 7}, {4, 6}, {1, 5}], [{8, 2}, {3, 7}, {4, 6}, {5}, {1}], [{8, 2}, {3, 7}, {5, 6}, {1, 4}], [{8, 2}, {3, 7}, {6}, {1, 5}, {4}], [{8, 2}, {4, 7}, {1, 6}, {3, 5}], [{8, 2}, {4, 7}, {3, 6}, {1, 5}], [{8, 2}, {4, 7}, {3, 6}, {5}, {1}], [{8, 2}, {4, 7}, {5, 6}, {1, 3}], [{8, 2}, {5, 7}, {1, 6}, {3, 4}], [{8, 2}, {5, 7}, {3, 6}, {1, 4}], [{8, 2}, {5, 7}, {4, 6}, {1, 3}], [{8, 2}, {6, 7}, {1, 5}, {3, 4}], [{8, 2}, {6, 7}, {1, 5}, {4}, {3}], [{8, 2}, {6, 7}, {3, 5}, {1, 4}], [{8, 2}, {6, 7}, {4, 5}, {1, 3}], [{8, 2}, {7}, {3, 6}, {1, 5}, {4}], [{8, 2}, {7}, {5, 6}, {1, 4}, {3}], [{8, 2}, {7}, {5, 6}, {3, 4}, {1}], [{8, 2}, {7}, {5, 6}, {4}, {1, 3}], [{8, 3}, {1, 7}, {2, 6}, {4, 5}], [{8, 3}, {1, 7}, {4, 6}, {2, 5}], [{8, 3}, {1, 7}, {5, 6}, {2, 4}], [{8, 3}, {1, 7}, {6}, {5}, {2, 4}], [{8, 3}, {2, 7}, {1, 6}, {4, 5}], [{8, 3}, {2, 7}, {4, 6}, {1, 5}], [{8, 3}, {2, 7}, {5, 6}, {1, 4}], [{8, 3}, {4, 7}, {1, 6}, {2, 5}], [{8, 3}, {4, 7}, {2, 6}, {1, 5}], [{8, 3}, {4, 7}, {5, 6}, {1, 2}], [{8, 3}, {5, 7}, {1, 6}, {2, 4}], [{8, 3}, {5, 7}, {2, 6}, {1, 4}], [{8, 3}, {5, 7}, {4, 6}, {1, 2}], [{8, 3}, {6, 7}, {1, 5}, {2, 4}], [{8, 3}, {6, 7}, {2, 5}, {1, 4}], [{8, 3}, {6, 7}, {4, 5}, {1, 2}], [{8, 3}, {7}, {1, 6}, {4, 5}, {2}], [{8, 3}, {7}, {5, 6}, {2, 4}, {1}], [{8, 4}, {1, 7}, {2, 6}, {3, 5}], [{8, 4}, {1, 7}, {3, 6}, {2, 5}], [{8, 4}, {1, 7}, {5, 6}, {2, 3}], [{8, 4}, {1, 7}, {6}, {2, 5}, {3}], [{8, 4}, {2, 7}, {1, 6}, {3, 5}], [{8, 4}, {2, 7}, {3, 6}, {1, 5}], [{8, 4}, {2, 7}, {5, 6}, {1, 3}], [{8, 4}, {3, 7}, {1, 6}, {2, 5}], [{8, 4}, {3, 7}, {2, 6}, {1, 5}], [{8, 4}, {3, 7}, {5, 6}, {1, 2}], [{8, 4}, {5, 7}, {1, 6}, {2, 3}], [{8, 4}, {5, 7}, {2, 6}, {1, 3}], [{8, 4}, {5, 7}, {3, 6}, {1, 2}], [{8, 4}, {6, 7}, {1, 5}, {2, 3}], [{8, 4}, {6, 7}, {2, 5}, {1, 3}], [{8, 4}, {6, 7}, {2, 5}, {3}, {1}], [{8, 4}, {6, 7}, {3, 5}, {1, 2}], [{8, 4}, {7}, {1, 6}, {2, 5}, {3}], [{8, 4}, {7}, {2, 6}, {5}, {1, 3}], [{8, 5}, {1, 7}, {2, 6}, {3, 4}], [{8, 5}, {1, 7}, {3, 6}, {2, 4}], [{8, 5}, {1, 7}, {4, 6}, {2, 3}], [{8, 5}, {2, 7}, {1, 6}, {3, 4}], [{8, 5}, {2, 7}, {3, 6}, {1, 4}], [{8, 5}, {2, 7}, {4, 6}, {1, 3}], [{8, 5}, {3, 7}, {1, 6}, {2, 4}], [{8, 5}, {3, 7}, {2, 6}, {1, 4}], [{8, 5}, {3, 7}, {4, 6}, {1, 2}], [{8, 5}, {3, 7}, {4, 6}, {2}, {1}], [{8, 5}, {4, 7}, {1, 6}, {2, 3}], [{8, 5}, {4, 7}, {2, 6}, {1, 3}], [{8, 5}, {4, 7}, {3, 6}, {1, 2}], [{8, 5}, {4, 7}, {3, 6}, {2}, {1}], [{8, 5}, {6, 7}, {1, 4}, {2, 3}], [{8, 5}, {6, 7}, {2, 4}, {1, 3}], [{8, 5}, {6, 7}, {3, 4}, {1, 2}], [{8, 5}, {7}, {2, 6}, {1, 4}, {3}], [{8, 5}, {7}, {2, 6}, {3, 4}, {1}], [{8, 5}, {7}, {2, 6}, {4}, {1, 3}], [{8, 6}, {1, 7}, {2, 5}, {3, 4}], [{8, 6}, {1, 7}, {3, 5}, {2, 4}], [{8, 6}, {1, 7}, {4, 5}, {2, 3}], [{8, 6}, {2, 7}, {1, 5}, {3, 4}], [{8, 6}, {2, 7}, {3, 5}, {1, 4}], [{8, 6}, {2, 7}, {4, 5}, {1, 3}], [{8, 6}, {3, 7}, {1, 5}, {2, 4}], [{8, 6}, {3, 7}, {2, 5}, {1, 4}], [{8, 6}, {3, 7}, {4, 5}, {1, 2}], [{8, 6}, {4, 7}, {1, 5}, {2, 3}], [{8, 6}, {4, 7}, {2, 5}, {1, 3}], [{8, 6}, {4, 7}, {3, 5}, {1, 2}], [{8, 6}, {5, 7}, {1, 4}, {2, 3}], [{8, 6}, {5, 7}, {2, 4}, {1, 3}], [{8, 6}, {5, 7}, {3, 4}, {1, 2}], [{8, 6}, {7}, {1, 5}, {4}, {2, 3}], [{8, 6}, {7}, {2, 5}, {1, 4}, {3}], [{8, 6}, {7}, {2, 5}, {3, 4}, {1}], [{8, 6}, {7}, {2, 5}, {4}, {1, 3}], [{8, 7}, {1, 6}, {2, 5}, {3, 4}], [{8, 7}, {1, 6}, {3, 5}, {2, 4}], [{8, 7}, {1, 6}, {4, 5}, {2, 3}], [{8, 7}, {2, 6}, {1, 5}, {3, 4}], [{8, 7}, {2, 6}, {3, 5}, {1, 4}], [{8, 7}, {2, 6}, {4, 5}, {1, 3}], [{8, 7}, {3, 6}, {1, 5}, {2, 4}], [{8, 7}, {3, 6}, {2, 5}, {1, 4}], [{8, 7}, {3, 6}, {4, 5}, {1, 2}], [{8, 7}, {4, 6}, {1, 5}, {2, 3}], [{8, 7}, {4, 6}, {2, 5}, {1, 3}], [{8, 7}, {4, 6}, {3, 5}, {1, 2}], [{8, 7}, {5, 6}, {1, 4}, {2, 3}], [{8, 7}, {5, 6}, {2, 4}, {1, 3}], [{8, 7}, {5, 6}, {3, 4}, {1, 2}], [{8, 7}, {5, 6}, {4}, {2, 3}, {1}], [{8, 7}, {6}, {3, 5}, {4}, {1, 2}], [{8, 7}, {6}, {5}, {2, 4}, {1, 3}], [{8}, {1, 7}, {5, 6}, {2, 4}, {3}], [{8}, {1, 7}, {5, 6}, {3, 4}, {2}], [{8}, {1, 7}, {5, 6}, {4}, {2, 3}], [{8}, {2, 7}, {3, 6}, {4, 5}, {1}], [{8}, {3, 7}, {4, 6}, {2, 5}, {1}], [{8}, {4, 7}, {3, 6}, {1, 5}, {2}], [{8}, {4, 7}, {3, 6}, {2, 5}, {1}], [{8}, {4, 7}, {3, 6}, {5}, {1, 2}], [{8}, {4, 7}, {3, 6}, {5}, {2}, {1}], [{8}, {5, 7}, {3, 6}, {2, 4}, {1}], [{8}, {6, 7}, {4, 5}, {3}, {1, 2}], [{8}, {7}, {2, 6}, {4, 5}, {1, 3}]]",2,- 16 K_1^4 + 36 K_1^3 + 24 K_1^2 K_2 - 26 K_1^2 - 24 K_1 K_2 - 8 K_1 K_3 - 15 K_1 + 13 K_2 + 3 K_3 + 14,O1O2O3O4U5U6U7O8U3O5O6U1U4O7U2U8,O1O2O3U4U5U6U7O8O6U1O4O7U2U3O5U8,O1O2O3U4O5U1U2O6O7U3O8O4U6U8U5U7,c,{'O1O2O3O4U5U3O6U1U4O7O8U2O5U6U7U8'},1,"<a href=""/flatknot/8.850555"">8.850555</a>",t^9-37t^7-112t^6-3t^5+528t^4+974t^3+326t^2-749t-596,-t^2+2t,,
8.850556,O1O2O3O4U5U3O6U1U4O7O8U2O5U6U8U7,4,5z^3+43z^2+113z+95,5w^4z^3+43w^3z^2+113w^2z+95w,False,False,"[[ 0 -2 -1  0  2 -1  0  1  1],[ 2  0  2  0  2 -1  2  1  1],[ 1 -2  0 -1  1 -1  1  2  1],[ 0  0  1  0  1 -1  0 -1 -1],[-2 -2 -1 -1  0 -2  0  0  0],[ 1  1  1  1  2  0  0 -1  0],[ 0 -2 -1  0  0  0  0  2  1],[-1 -1 -2  1  0  1 -2  0  0],[-1 -1 -1  1  0  0 -1  0  0]]","[[ 0  2  1  1  0  0 -1 -1 -2],[-2  0  0  0  0 -1 -1 -2 -2],[-1  0  0  0 -1  1 -1  0 -1],[-1  0  0  0 -2  1 -2  1 -1],[ 0  0  1  2  0  0 -1  0 -2],[ 0  1 -1 -1  0  0  1 -1  0],[ 1  1  1  2  1 -1  0 -1 -2],[ 1  2  0 -1  0  1  1  0  1],[ 2  2  1  1  2  0  2 -1  0]]",True,"[-2,-1,-1,0,0,1,1,2,0,0,0,1,1,2,2,0,1,-1,1,0,1,2,-1,2,-1,1,0,1,0,2,-1,1,0,1,2,-1]","[-2,-1,-1,0,0,1,1,2,-1,2,0,2,1,1,2,1,1,0,-1,0,2,-1,1,2,1,1,0,-1,-1,1,2,1,0,0,0,0]",t^8+38t^6+257t^4+123t^2,"[-2,-1,-1,0,0,1,1,2,-1,2,0,2,2,2,2,1,0,2,0,1,2,1,0,3,2,1,0,-1,0,2,2,2,1,0,1,1]","[-2,-1,-1,0,0,1,1,2,1,1,1,2,1,2,2,0,2,-1,3,0,2,2,0,2,1,2,0,0,2,2,1,0,0,1,2,-1]","[-2,-1,-1,0,0,1,1,2,-1,2,0,2,1,1,2,1,1,0,-1,0,2,-1,1,2,1,1,0,-1,-1,1,2,1,0,0,0,0]",c,"[[{8, 1}, {2, 7}, {3, 6}, {4, 5}], [{8, 1}, {2, 7}, {4, 6}, {3, 5}], [{8, 1}, {2, 7}, {5, 6}, {3, 4}], [{8, 1}, {2, 7}, {6}, {3, 5}, {4}], [{8, 1}, {3, 7}, {2, 6}, {4, 5}], [{8, 1}, {3, 7}, {4, 6}, {2, 5}], [{8, 1}, {3, 7}, {5, 6}, {2, 4}], [{8, 1}, {4, 7}, {2, 6}, {3, 5}], [{8, 1}, {4, 7}, {3, 6}, {2, 5}], [{8, 1}, {4, 7}, {5, 6}, {2, 3}], [{8, 1}, {5, 7}, {2, 6}, {3, 4}], [{8, 1}, {5, 7}, {3, 6}, {2, 4}], [{8, 1}, {5, 7}, {4, 6}, {2, 3}], [{8, 1}, {6, 7}, {2, 5}, {3, 4}], [{8, 1}, {6, 7}, {3, 5}, {2, 4}], [{8, 1}, {6, 7}, {4, 5}, {2, 3}], [{8, 1}, {6, 7}, {5}, {2, 4}, {3}], [{8, 1}, {7}, {3, 6}, {4, 5}, {2}], [{8, 1}, {7}, {5, 6}, {4}, {2, 3}], [{8, 2}, {1, 7}, {3, 6}, {4, 5}], [{8, 2}, {1, 7}, {3, 6}, {5}, {4}], [{8, 2}, {1, 7}, {4, 6}, {3, 5}], [{8, 2}, {1, 7}, {4, 6}, {5}, {3}], [{8, 2}, {1, 7}, {5, 6}, {3, 4}], [{8, 2}, {1, 7}, {5, 6}, {4}, {3}], [{8, 2}, {1, 7}, {6}, {3, 5}, {4}], [{8, 2}, {1, 7}, {6}, {4, 5}, {3}], [{8, 2}, {1, 7}, {6}, {5}, {3, 4}], [{8, 2}, {1, 7}, {6}, {5}, {4}, {3}], [{8, 2}, {3, 7}, {1, 6}, {4, 5}], [{8, 2}, {3, 7}, {4, 6}, {1, 5}], [{8, 2}, {3, 7}, {5, 6}, {1, 4}], [{8, 2}, {4, 7}, {1, 6}, {3, 5}], [{8, 2}, {4, 7}, {3, 6}, {1, 5}], [{8, 2}, {4, 7}, {5, 6}, {1, 3}], [{8, 2}, {4, 7}, {6}, {1, 5}, {3}], [{8, 2}, {5, 7}, {1, 6}, {3, 4}], [{8, 2}, {5, 7}, {3, 6}, {1, 4}], [{8, 2}, {5, 7}, {4, 6}, {1, 3}], [{8, 2}, {5, 7}, {6}, {1, 4}, {3}], [{8, 2}, {6, 7}, {1, 5}, {3, 4}], [{8, 2}, {6, 7}, {3, 5}, {1, 4}], [{8, 2}, {6, 7}, {4, 5}, {1, 3}], [{8, 2}, {7}, {5, 6}, {3, 4}, {1}], [{8, 3}, {1, 7}, {2, 6}, {4, 5}], [{8, 3}, {1, 7}, {4, 6}, {2, 5}], [{8, 3}, {1, 7}, {5, 6}, {2, 4}], [{8, 3}, {1, 7}, {5, 6}, {4}, {2}], [{8, 3}, {1, 7}, {6}, {5}, {2, 4}], [{8, 3}, {2, 7}, {1, 6}, {4, 5}], [{8, 3}, {2, 7}, {4, 6}, {1, 5}], [{8, 3}, {2, 7}, {5, 6}, {1, 4}], [{8, 3}, {4, 7}, {1, 6}, {2, 5}], [{8, 3}, {4, 7}, {2, 6}, {1, 5}], [{8, 3}, {4, 7}, {5, 6}, {1, 2}], [{8, 3}, {5, 7}, {1, 6}, {2, 4}], [{8, 3}, {5, 7}, {2, 6}, {1, 4}], [{8, 3}, {5, 7}, {4, 6}, {1, 2}], [{8, 3}, {6, 7}, {1, 5}, {2, 4}], [{8, 3}, {6, 7}, {2, 5}, {1, 4}], [{8, 3}, {6, 7}, {4, 5}, {1, 2}], [{8, 3}, {7}, {5, 6}, {2, 4}, {1}], [{8, 4}, {1, 7}, {2, 6}, {3, 5}], [{8, 4}, {1, 7}, {3, 6}, {2, 5}], [{8, 4}, {1, 7}, {5, 6}, {2, 3}], [{8, 4}, {1, 7}, {5, 6}, {3}, {2}], [{8, 4}, {1, 7}, {6}, {5}, {2, 3}], [{8, 4}, {2, 7}, {1, 6}, {3, 5}], [{8, 4}, {2, 7}, {3, 6}, {1, 5}], [{8, 4}, {2, 7}, {5, 6}, {1, 3}], [{8, 4}, {3, 7}, {1, 6}, {2, 5}], [{8, 4}, {3, 7}, {2, 6}, {1, 5}], [{8, 4}, {3, 7}, {5, 6}, {1, 2}], [{8, 4}, {5, 7}, {1, 6}, {2, 3}], [{8, 4}, {5, 7}, {2, 6}, {1, 3}], [{8, 4}, {5, 7}, {3, 6}, {1, 2}], [{8, 4}, {5, 7}, {3, 6}, {2}, {1}], [{8, 4}, {6, 7}, {1, 5}, {2, 3}], [{8, 4}, {6, 7}, {2, 5}, {1, 3}], [{8, 4}, {6, 7}, {3, 5}, {1, 2}], [{8, 4}, {7}, {1, 6}, {2, 5}, {3}], [{8, 4}, {7}, {5, 6}, {2, 3}, {1}], [{8, 5}, {1, 7}, {2, 6}, {3, 4}], [{8, 5}, {1, 7}, {3, 6}, {2, 4}], [{8, 5}, {1, 7}, {3, 6}, {4}, {2}], [{8, 5}, {1, 7}, {4, 6}, {2, 3}], [{8, 5}, {2, 7}, {1, 6}, {3, 4}], [{8, 5}, {2, 7}, {3, 6}, {1, 4}], [{8, 5}, {2, 7}, {4, 6}, {1, 3}], [{8, 5}, {2, 7}, {6}, {1, 4}, {3}], [{8, 5}, {3, 7}, {1, 6}, {2, 4}], [{8, 5}, {3, 7}, {2, 6}, {1, 4}], [{8, 5}, {3, 7}, {4, 6}, {1, 2}], [{8, 5}, {4, 7}, {1, 6}, {2, 3}], [{8, 5}, {4, 7}, {2, 6}, {1, 3}], [{8, 5}, {4, 7}, {3, 6}, {1, 2}], [{8, 5}, {6, 7}, {1, 4}, {2, 3}], [{8, 5}, {6, 7}, {2, 4}, {1, 3}], [{8, 5}, {6, 7}, {3, 4}, {1, 2}], [{8, 5}, {7}, {2, 6}, {3, 4}, {1}], [{8, 6}, {1, 7}, {2, 5}, {3, 4}], [{8, 6}, {1, 7}, {3, 5}, {2, 4}], [{8, 6}, {1, 7}, {4, 5}, {2, 3}], [{8, 6}, {2, 7}, {1, 5}, {3, 4}], [{8, 6}, {2, 7}, {3, 5}, {1, 4}], [{8, 6}, {2, 7}, {4, 5}, {1, 3}], [{8, 6}, {3, 7}, {1, 5}, {2, 4}], [{8, 6}, {3, 7}, {2, 5}, {1, 4}], [{8, 6}, {3, 7}, {4, 5}, {1, 2}], [{8, 6}, {4, 7}, {1, 5}, {2, 3}], [{8, 6}, {4, 7}, {2, 5}, {1, 3}], [{8, 6}, {4, 7}, {3, 5}, {1, 2}], [{8, 6}, {5, 7}, {1, 4}, {2, 3}], [{8, 6}, {5, 7}, {2, 4}, {1, 3}], [{8, 6}, {5, 7}, {2, 4}, {3}, {1}], [{8, 6}, {5, 7}, {3, 4}, {1, 2}], [{8, 7}, {1, 6}, {2, 5}, {3, 4}], [{8, 7}, {1, 6}, {3, 5}, {2, 4}], [{8, 7}, {1, 6}, {4, 5}, {2, 3}], [{8, 7}, {2, 6}, {1, 5}, {3, 4}], [{8, 7}, {2, 6}, {3, 5}, {1, 4}], [{8, 7}, {2, 6}, {4, 5}, {1, 3}], [{8, 7}, {3, 6}, {1, 5}, {2, 4}], [{8, 7}, {3, 6}, {2, 5}, {1, 4}], [{8, 7}, {3, 6}, {4, 5}, {1, 2}], [{8, 7}, {4, 6}, {1, 5}, {2, 3}], [{8, 7}, {4, 6}, {2, 5}, {1, 3}], [{8, 7}, {4, 6}, {3, 5}, {1, 2}], [{8, 7}, {5, 6}, {1, 4}, {2, 3}], [{8, 7}, {5, 6}, {2, 4}, {1, 3}], [{8, 7}, {5, 6}, {3, 4}, {1, 2}], [{8, 7}, {5, 6}, {4}, {2, 3}, {1}], [{8, 7}, {6}, {3, 5}, {4}, {1, 2}], [{8, 7}, {6}, {5}, {2, 4}, {1, 3}], [{8}, {1, 7}, {3, 6}, {2, 5}, {4}], [{8}, {1, 7}, {5, 6}, {2, 4}, {3}], [{8}, {1, 7}, {5, 6}, {3, 4}, {2}], [{8}, {1, 7}, {5, 6}, {4}, {2, 3}], [{8}, {2, 7}, {3, 6}, {4, 5}, {1}], [{8}, {2, 7}, {4, 6}, {5}, {1, 3}], [{8}, {4, 7}, {3, 6}, {2, 5}, {1}], [{8}, {4, 7}, {5, 6}, {1, 3}, {2}], [{8}, {4, 7}, {5, 6}, {2, 3}, {1}], [{8}, {4, 7}, {5, 6}, {3}, {1, 2}], [{8}, {5, 7}, {4, 6}, {2, 3}, {1}], [{8}, {6, 7}, {4, 5}, {2, 3}, {1}], [{8}, {7}, {3, 6}, {2, 5}, {1, 4}], [{8}, {7}, {5, 6}, {1, 4}, {2, 3}], [{8}, {7}, {5, 6}, {4}, {2, 3}, {1}]]",2,12 K_1^3 + 4 K_1^2 K_2 - 8 K_1^2 - 16 K_1 K_2 - 4 K_1 K_3 - K_1 - 4 K_2^2 + 4 K_2 + 5 K_3 + 3 K_4 + 6,O1O2O3O4U5U6U7O8U3O6O5U1U4O7U2U8,O1O2O3U4U5U6U7O8O6U1O4O7U3U2O5U8,O1O2O3U4O5U2U1O6O7U3O8O4U6U8U5U7,c,{'O1O2O3O4U5U3O6U1U4O7O8U2O5U6U8U7'},1,"<a href=""/flatknot/8.850556"">8.850556</a>",t^9-38t^7-102t^6+61t^5+420t^4+193t^3-356t^2-182t+46,0,,
8.850557,O1O2O3O4U5U3O6U1U4O7O8U2O5U7U6U8,4,4z^3+34z^2+91z+79,4w^4z^3+34w^3z^2+91w^2z+79w,False,False,"[[ 0 -2 -1  0  2 -1  1 -1  2],[ 2  0  2  0  2 -1  2  0  1],[ 1 -2  0 -1  1 -1  2  0  2],[ 0  0  1  0  1 -1  0 -1 -1],[-2 -2 -1 -1  0 -2  0 -1  0],[ 1  1  1  1  2  0  0 -1  0],[-1 -2 -2  0  0  0  0  0  2],[ 1  0  0  1  1  1  0  0  1],[-2 -1 -2  1  0  0 -2 -1  0]]","[[ 0  2  2  1  0 -1 -1 -1 -2],[-2  0  0  0 -1 -1 -1 -2 -2],[-2  0  0 -2  1 -1 -2  0 -1],[-1  0  2  0  0  0 -2  0 -2],[ 0  1 -1  0  0 -1  1 -1  0],[ 1  1  1  0  1  0  0  1  0],[ 1  1  2  2 -1  0  0 -1 -2],[ 1  2  0  0  1 -1  1  0  1],[ 2  2  1  2  0  0  2 -1  0]]",True,"[-2,-2,-1,0,1,1,1,2,0,0,1,1,1,2,2,2,-1,1,2,0,1,0,0,2,0,2,1,-1,1,0,0,-1,0,1,2,-1]","[-2,-2,-1,0,1,1,1,2,0,-1,3,1,2,3,3,1,1,2,2,1,2,1,0,2,2,1,2,0,0,2,0,-1,-1,1,1,2]",t^8+40t^6+320t^4+59t^2,"[-2,-1,-1,-1,0,1,2,2,-1,1,2,2,1,2,3,0,1,2,0,2,1,-1,0,2,2,2,0,2,1,3,1,1,3,1,-1,0]","[-2,-2,-1,0,1,1,1,2,0,-1,3,1,2,3,3,1,1,2,2,1,2,1,0,2,2,1,2,0,0,2,0,-1,-1,1,1,2]","[-2,-1,-1,-1,0,1,2,2,-1,0,2,0,2,1,2,-1,1,1,0,0,2,0,1,0,1,1,-1,2,2,1,0,-1,1,2,0,0]",c,"[[{8, 1}, {2, 7}, {3, 6}, {4, 5}], [{8, 1}, {2, 7}, {4, 6}, {3, 5}], [{8, 1}, {2, 7}, {4, 6}, {5}, {3}], [{8, 1}, {2, 7}, {5, 6}, {3, 4}], [{8, 1}, {2, 7}, {5, 6}, {4}, {3}], [{8, 1}, {2, 7}, {6}, {4, 5}, {3}], [{8, 1}, {3, 7}, {2, 6}, {4, 5}], [{8, 1}, {3, 7}, {4, 6}, {2, 5}], [{8, 1}, {3, 7}, {5, 6}, {2, 4}], [{8, 1}, {3, 7}, {6}, {2, 5}, {4}], [{8, 1}, {4, 7}, {2, 6}, {3, 5}], [{8, 1}, {4, 7}, {2, 6}, {5}, {3}], [{8, 1}, {4, 7}, {3, 6}, {2, 5}], [{8, 1}, {4, 7}, {3, 6}, {5}, {2}], [{8, 1}, {4, 7}, {5, 6}, {2, 3}], [{8, 1}, {4, 7}, {5, 6}, {3}, {2}], [{8, 1}, {4, 7}, {6}, {2, 5}, {3}], [{8, 1}, {4, 7}, {6}, {3, 5}, {2}], [{8, 1}, {4, 7}, {6}, {5}, {2, 3}], [{8, 1}, {4, 7}, {6}, {5}, {3}, {2}], [{8, 1}, {5, 7}, {2, 6}, {3, 4}], [{8, 1}, {5, 7}, {2, 6}, {4}, {3}], [{8, 1}, {5, 7}, {3, 6}, {2, 4}], [{8, 1}, {5, 7}, {4, 6}, {2, 3}], [{8, 1}, {5, 7}, {4, 6}, {3}, {2}], [{8, 1}, {5, 7}, {6}, {2, 4}, {3}], [{8, 1}, {6, 7}, {2, 5}, {3, 4}], [{8, 1}, {6, 7}, {2, 5}, {4}, {3}], [{8, 1}, {6, 7}, {3, 5}, {2, 4}], [{8, 1}, {6, 7}, {4, 5}, {2, 3}], [{8, 1}, {6, 7}, {4, 5}, {3}, {2}], [{8, 1}, {6, 7}, {5}, {2, 4}, {3}], [{8, 1}, {7}, {2, 6}, {4, 5}, {3}], [{8, 1}, {7}, {3, 6}, {2, 5}, {4}], [{8, 1}, {7}, {4, 6}, {2, 5}, {3}], [{8, 1}, {7}, {5, 6}, {2, 4}, {3}], [{8, 1}, {7}, {6}, {2, 5}, {3, 4}], [{8, 1}, {7}, {6}, {2, 5}, {4}, {3}], [{8, 2}, {1, 7}, {3, 6}, {4, 5}], [{8, 2}, {1, 7}, {4, 6}, {3, 5}], [{8, 2}, {1, 7}, {5, 6}, {3, 4}], [{8, 2}, {1, 7}, {6}, {4, 5}, {3}], [{8, 2}, {3, 7}, {1, 6}, {4, 5}], [{8, 2}, {3, 7}, {4, 6}, {1, 5}], [{8, 2}, {3, 7}, {4, 6}, {5}, {1}], [{8, 2}, {3, 7}, {5, 6}, {1, 4}], [{8, 2}, {4, 7}, {1, 6}, {3, 5}], [{8, 2}, {4, 7}, {3, 6}, {1, 5}], [{8, 2}, {4, 7}, {3, 6}, {5}, {1}], [{8, 2}, {4, 7}, {5, 6}, {1, 3}], [{8, 2}, {4, 7}, {6}, {1, 5}, {3}], [{8, 2}, {5, 7}, {1, 6}, {3, 4}], [{8, 2}, {5, 7}, {3, 6}, {1, 4}], [{8, 2}, {5, 7}, {4, 6}, {1, 3}], [{8, 2}, {6, 7}, {1, 5}, {3, 4}], [{8, 2}, {6, 7}, {3, 5}, {1, 4}], [{8, 2}, {6, 7}, {4, 5}, {1, 3}], [{8, 2}, {6, 7}, {5}, {1, 4}, {3}], [{8, 2}, {7}, {1, 6}, {5}, {3, 4}], [{8, 2}, {7}, {3, 6}, {1, 5}, {4}], [{8, 2}, {7}, {5, 6}, {4}, {1, 3}], [{8, 3}, {1, 7}, {2, 6}, {4, 5}], [{8, 3}, {1, 7}, {2, 6}, {5}, {4}], [{8, 3}, {1, 7}, {4, 6}, {2, 5}], [{8, 3}, {1, 7}, {5, 6}, {2, 4}], [{8, 3}, {2, 7}, {1, 6}, {4, 5}], [{8, 3}, {2, 7}, {4, 6}, {1, 5}], [{8, 3}, {2, 7}, {5, 6}, {1, 4}], [{8, 3}, {4, 7}, {1, 6}, {2, 5}], [{8, 3}, {4, 7}, {1, 6}, {5}, {2}], [{8, 3}, {4, 7}, {2, 6}, {1, 5}], [{8, 3}, {4, 7}, {5, 6}, {1, 2}], [{8, 3}, {5, 7}, {1, 6}, {2, 4}], [{8, 3}, {5, 7}, {2, 6}, {1, 4}], [{8, 3}, {5, 7}, {4, 6}, {1, 2}], [{8, 3}, {6, 7}, {1, 5}, {2, 4}], [{8, 3}, {6, 7}, {2, 5}, {1, 4}], [{8, 3}, {6, 7}, {4, 5}, {1, 2}], [{8, 4}, {1, 7}, {2, 6}, {3, 5}], [{8, 4}, {1, 7}, {3, 6}, {2, 5}], [{8, 4}, {1, 7}, {5, 6}, {2, 3}], [{8, 4}, {1, 7}, {5, 6}, {3}, {2}], [{8, 4}, {2, 7}, {1, 6}, {3, 5}], [{8, 4}, {2, 7}, {3, 6}, {1, 5}], [{8, 4}, {2, 7}, {5, 6}, {1, 3}], [{8, 4}, {3, 7}, {1, 6}, {2, 5}], [{8, 4}, {3, 7}, {2, 6}, {1, 5}], [{8, 4}, {3, 7}, {5, 6}, {1, 2}], [{8, 4}, {5, 7}, {1, 6}, {2, 3}], [{8, 4}, {5, 7}, {2, 6}, {1, 3}], [{8, 4}, {5, 7}, {3, 6}, {1, 2}], [{8, 4}, {5, 7}, {6}, {3}, {1, 2}], [{8, 4}, {6, 7}, {1, 5}, {2, 3}], [{8, 4}, {6, 7}, {2, 5}, {1, 3}], [{8, 4}, {6, 7}, {2, 5}, {3}, {1}], [{8, 4}, {6, 7}, {3, 5}, {1, 2}], [{8, 4}, {7}, {2, 6}, {5}, {1, 3}], [{8, 4}, {7}, {3, 6}, {5}, {1, 2}], [{8, 5}, {1, 7}, {2, 6}, {3, 4}], [{8, 5}, {1, 7}, {3, 6}, {2, 4}], [{8, 5}, {1, 7}, {4, 6}, {2, 3}], [{8, 5}, {2, 7}, {1, 6}, {3, 4}], [{8, 5}, {2, 7}, {3, 6}, {1, 4}], [{8, 5}, {2, 7}, {4, 6}, {1, 3}], [{8, 5}, {3, 7}, {1, 6}, {2, 4}], [{8, 5}, {3, 7}, {2, 6}, {1, 4}], [{8, 5}, {3, 7}, {4, 6}, {1, 2}], [{8, 5}, {3, 7}, {4, 6}, {2}, {1}], [{8, 5}, {4, 7}, {1, 6}, {2, 3}], [{8, 5}, {4, 7}, {2, 6}, {1, 3}], [{8, 5}, {4, 7}, {3, 6}, {1, 2}], [{8, 5}, {4, 7}, {3, 6}, {2}, {1}], [{8, 5}, {4, 7}, {6}, {3}, {1, 2}], [{8, 5}, {6, 7}, {1, 4}, {2, 3}], [{8, 5}, {6, 7}, {1, 4}, {3}, {2}], [{8, 5}, {6, 7}, {2, 4}, {1, 3}], [{8, 5}, {6, 7}, {3, 4}, {1, 2}], [{8, 5}, {7}, {1, 6}, {3, 4}, {2}], [{8, 5}, {7}, {3, 6}, {4}, {1, 2}], [{8, 6}, {1, 7}, {2, 5}, {3, 4}], [{8, 6}, {1, 7}, {3, 5}, {2, 4}], [{8, 6}, {1, 7}, {4, 5}, {2, 3}], [{8, 6}, {2, 7}, {1, 5}, {3, 4}], [{8, 6}, {2, 7}, {3, 5}, {1, 4}], [{8, 6}, {2, 7}, {4, 5}, {1, 3}], [{8, 6}, {2, 7}, {4, 5}, {3}, {1}], [{8, 6}, {3, 7}, {1, 5}, {2, 4}], [{8, 6}, {3, 7}, {2, 5}, {1, 4}], [{8, 6}, {3, 7}, {4, 5}, {1, 2}], [{8, 6}, {4, 7}, {1, 5}, {2, 3}], [{8, 6}, {4, 7}, {2, 5}, {1, 3}], [{8, 6}, {4, 7}, {3, 5}, {1, 2}], [{8, 6}, {4, 7}, {5}, {1, 3}, {2}], [{8, 6}, {5, 7}, {1, 4}, {2, 3}], [{8, 6}, {5, 7}, {2, 4}, {1, 3}], [{8, 6}, {5, 7}, {3, 4}, {1, 2}], [{8, 6}, {7}, {1, 5}, {4}, {2, 3}], [{8, 6}, {7}, {2, 5}, {3, 4}, {1}], [{8, 7}, {1, 6}, {2, 5}, {3, 4}], [{8, 7}, {1, 6}, {3, 5}, {2, 4}], [{8, 7}, {1, 6}, {4, 5}, {2, 3}], [{8, 7}, {1, 6}, {5}, {2, 4}, {3}], [{8, 7}, {2, 6}, {1, 5}, {3, 4}], [{8, 7}, {2, 6}, {3, 5}, {1, 4}], [{8, 7}, {2, 6}, {4, 5}, {1, 3}], [{8, 7}, {3, 6}, {1, 5}, {2, 4}], [{8, 7}, {3, 6}, {2, 5}, {1, 4}], [{8, 7}, {3, 6}, {4, 5}, {1, 2}], [{8, 7}, {3, 6}, {5}, {4}, {1, 2}], [{8, 7}, {4, 6}, {1, 5}, {2, 3}], [{8, 7}, {4, 6}, {2, 5}, {1, 3}], [{8, 7}, {4, 6}, {3, 5}, {1, 2}], [{8, 7}, {4, 6}, {5}, {1, 3}, {2}], [{8, 7}, {5, 6}, {1, 4}, {2, 3}], [{8, 7}, {5, 6}, {2, 4}, {1, 3}], [{8, 7}, {5, 6}, {3, 4}, {1, 2}], [{8}, {1, 7}, {3, 6}, {5}, {2, 4}], [{8}, {1, 7}, {5, 6}, {4}, {2, 3}], [{8}, {2, 7}, {1, 6}, {4, 5}, {3}], [{8}, {2, 7}, {3, 6}, {5}, {1, 4}], [{8}, {2, 7}, {5, 6}, {3, 4}, {1}], [{8}, {3, 7}, {4, 6}, {2, 5}, {1}], [{8}, {4, 7}, {3, 6}, {1, 5}, {2}], [{8}, {4, 7}, {3, 6}, {2, 5}, {1}], [{8}, {4, 7}, {3, 6}, {5}, {1, 2}], [{8}, {4, 7}, {3, 6}, {5}, {2}, {1}], [{8}, {5, 7}, {3, 6}, {4}, {1, 2}], [{8}, {6, 7}, {2, 5}, {1, 4}, {3}], [{8}, {6, 7}, {4, 5}, {2, 3}, {1}], [{8}, {7}, {1, 6}, {2, 5}, {3, 4}], [{8}, {7}, {3, 6}, {4, 5}, {1, 2}], [{8}, {7}, {3, 6}, {5}, {4}, {1, 2}]]",2,4 K_1^2 K_2 - 8 K_1^2 - 4 K_1 K_2 - 2 K_1 K_3 + 2 K_1 - 2 K_2^2 + 3 K_2 + 2 K_3 + K_4 + 5,O1O2O3O4U5U6U7O8U3O5O7U1U4O6U2U8,O1O2O3U4U5U6U7O8O6U2O4O7U1U3O5U8,O1O2O3U4O5U1U3O6O7U2O8O4U6U8U5U7,c,{'O1O2O3O4U5U3O6U1U4O7O8U2O5U7U6U8'},1,"<a href=""/flatknot/8.850557"">8.850557</a>",t^9-38t^7-102t^6+115t^5+778t^4+908t^3-306t^2-1202t-514,-t^2+2t,,
8.850558,O1O2O3O4U5U3O6U1U4O7O8U2O5U8U6U7,3,14z^2+63z+71,-4w^4z^2+18w^3z^2-14w^3z+77w^2z+71w,False,False,"[[ 0 -2 -1  0  2 -1  1  1  0],[ 2  0  2  0  2 -1  2  1  0],[ 1 -2  0 -1  1 -1  2  2  0],[ 0  0  1  0  1 -1  0 -1 -1],[-2 -2 -1 -1  0 -2  0  0 -1],[ 1  1  1  1  2  0  0 -1  0],[-1 -2 -2  0  0  0  0  1  0],[-1 -1 -2  1  0  1 -1  0  0],[ 0  0  0  1  1  0  0  0  0]]","[[ 0  2  1  1  0  0 -1 -1 -2],[-2  0  0  0 -1 -1 -1 -2 -2],[-1  0  0  1  0  0 -2  0 -2],[-1  0 -1  0  1  0 -2  1 -1],[ 0  1  0 -1  0 -1  1 -1  0],[ 0  1  0  0  1  0  0  0  0],[ 1  1  2  2 -1  0  0 -1 -2],[ 1  2  0 -1  1  0  1  0  1],[ 2  2  2  1  0  0  2 -1  0]]",True,"[-2,-1,-1,0,0,1,1,2,0,0,1,1,1,2,2,-1,0,0,2,0,2,-1,0,2,-1,1,1,-1,1,0,0,0,0,1,2,-1]","[-2,-1,-1,0,0,1,1,2,-1,2,0,0,1,2,2,1,0,1,-1,0,2,0,-1,2,2,1,1,0,0,1,-1,0,1,-1,0,0]",t^8+36t^6+228t^4+48t^2,"[-2,-1,-1,0,0,1,1,2,-1,2,2,2,1,2,2,1,1,2,0,0,2,1,0,2,3,1,-1,1,1,1,1,2,1,-1,1,1]","[-2,-1,-1,0,0,1,1,2,1,1,1,1,1,2,2,-1,1,2,3,0,2,1,1,2,0,1,1,1,1,2,0,2,2,1,2,-1]","[-2,-1,-1,0,0,1,1,2,-1,2,0,0,1,2,2,1,0,1,-1,0,2,0,-1,2,2,1,1,0,0,1,-1,0,1,-1,0,0]",c,"[[{8, 2}, {3, 7}, {1, 6}, {4, 5}], [{8, 2}, {4, 7}, {1, 6}, {3, 5}], [{8, 3}, {2, 7}, {5, 6}, {1, 4}], [{8, 3}, {5, 7}, {2, 6}, {1, 4}], [{8, 4}, {6, 7}, {2, 5}, {1, 3}]]",1,44 K_1^3 - 20 K_1^2 - 24 K_1 K_2 - 21 K_1 + 10 K_2 + K_3 + 11,O1O2O3O4U5U6U7O8U3O7O5U1U4O6U2U8,O1O2O3U4U5U6U7O8O6U2O4O7U3U1O5U8,O1O2O3U4O5U3U1O6O7U2O8O4U6U8U5U7,c,{'O1O2O3O4U5U3O6U1U4O7O8U2O5U8U6U7'},1,"<a href=""/flatknot/8.850558"">8.850558</a>",t^9-36t^7-94t^6+76t^5+470t^4+312t^3-328t^2-308t+24,0,,
8.850559,O1O2O3O4U5U3O6U1U4O7O8U6O5U2U7U8,4,5z^3+38z^2+104z+97,5w^4z^3-2w^4z^2+40w^3z^2-4w^3z+108w^2z+97w,False,False,"[[ 0 -2 -1  0  2 -1  0  0  2],[ 2  0  2  0  2 -1  2  1  1],[ 1 -2  0  0  1 -1  1  1  2],[ 0  0  0  0  1 -1  1 -1 -1],[-2 -2 -1 -1  0 -3  1  0  0],[ 1  1  1  1  3  0  0 -1  0],[ 0 -2 -1 -1 -1  0  0  1  2],[ 0 -1 -1  1  0  1 -1  0  1],[-2 -1 -2  1  0  0 -2 -1  0]]","[[ 0  2  2  0  0  0 -1 -1 -2],[-2  0  0  1  0 -1 -1 -3 -2],[-2  0  0 -2 -1  1 -2  0 -1],[ 0 -1  2  0  1 -1 -1  0 -2],[ 0  0  1 -1  0  1 -1  1 -1],[ 0  1 -1  1 -1  0  0 -1  0],[ 1  1  2  1  1  0  0 -1 -2],[ 1  3  0  0 -1  1  1  0  1],[ 2  2  1  2  1  0  2 -1  0]]",True,"[-2,-2,0,0,0,1,1,2,0,-1,0,1,1,3,2,2,1,-1,2,0,1,-1,1,1,0,2,-1,1,-1,1,0,1,0,1,2,-1]","[-2,-2,0,0,0,1,1,2,0,-1,0,1,1,3,2,2,1,-1,2,0,1,-1,1,1,0,2,-1,1,-1,1,0,1,0,1,2,-1]",t^8+45t^6+433t^4+241t^2,"[-2,-1,-1,0,0,0,2,2,-1,2,0,1,2,2,3,1,0,0,1,2,1,1,2,0,0,3,-1,1,3,0,-1,2,1,1,3,0]","[-2,-2,0,0,0,1,1,2,0,0,1,3,1,3,3,3,2,1,2,0,2,1,-1,0,1,0,1,0,2,1,1,0,2,-1,-1,2]","[-2,-1,-1,0,0,0,2,2,-1,2,0,1,2,1,2,1,1,-1,0,0,3,0,1,1,2,1,-1,1,-1,1,-1,1,0,2,-1,0]",c,"[[{8, 1}, {2, 7}, {3, 6}, {4, 5}], [{8, 1}, {2, 7}, {3, 6}, {5}, {4}], [{8, 1}, {2, 7}, {4, 6}, {3, 5}], [{8, 1}, {2, 7}, {5, 6}, {3, 4}], [{8, 1}, {2, 7}, {6}, {4, 5}, {3}], [{8, 1}, {3, 7}, {2, 6}, {4, 5}], [{8, 1}, {3, 7}, {4, 6}, {2, 5}], [{8, 1}, {3, 7}, {5, 6}, {2, 4}], [{8, 1}, {4, 7}, {2, 6}, {3, 5}], [{8, 1}, {4, 7}, {2, 6}, {5}, {3}], [{8, 1}, {4, 7}, {3, 6}, {2, 5}], [{8, 1}, {4, 7}, {3, 6}, {5}, {2}], [{8, 1}, {4, 7}, {5, 6}, {2, 3}], [{8, 1}, {4, 7}, {5, 6}, {3}, {2}], [{8, 1}, {4, 7}, {6}, {2, 5}, {3}], [{8, 1}, {4, 7}, {6}, {3, 5}, {2}], [{8, 1}, {4, 7}, {6}, {5}, {2, 3}], [{8, 1}, {4, 7}, {6}, {5}, {3}, {2}], [{8, 1}, {5, 7}, {2, 6}, {3, 4}], [{8, 1}, {5, 7}, {3, 6}, {2, 4}], [{8, 1}, {5, 7}, {3, 6}, {4}, {2}], [{8, 1}, {5, 7}, {4, 6}, {2, 3}], [{8, 1}, {5, 7}, {6}, {2, 4}, {3}], [{8, 1}, {6, 7}, {2, 5}, {3, 4}], [{8, 1}, {6, 7}, {3, 5}, {2, 4}], [{8, 1}, {6, 7}, {4, 5}, {2, 3}], [{8, 1}, {7}, {3, 6}, {2, 5}, {4}], [{8, 1}, {7}, {3, 6}, {4, 5}, {2}], [{8, 1}, {7}, {3, 6}, {5}, {2, 4}], [{8, 1}, {7}, {5, 6}, {4}, {2, 3}], [{8, 2}, {1, 7}, {3, 6}, {4, 5}], [{8, 2}, {1, 7}, {4, 6}, {3, 5}], [{8, 2}, {1, 7}, {5, 6}, {3, 4}], [{8, 2}, {3, 7}, {1, 6}, {4, 5}], [{8, 2}, {3, 7}, {4, 6}, {1, 5}], [{8, 2}, {3, 7}, {5, 6}, {1, 4}], [{8, 2}, {4, 7}, {1, 6}, {3, 5}], [{8, 2}, {4, 7}, {3, 6}, {1, 5}], [{8, 2}, {4, 7}, {5, 6}, {1, 3}], [{8, 2}, {5, 7}, {1, 6}, {3, 4}], [{8, 2}, {5, 7}, {3, 6}, {1, 4}], [{8, 2}, {5, 7}, {4, 6}, {1, 3}], [{8, 2}, {6, 7}, {1, 5}, {3, 4}], [{8, 2}, {6, 7}, {3, 5}, {1, 4}], [{8, 2}, {6, 7}, {4, 5}, {1, 3}], [{8, 2}, {7}, {1, 6}, {3, 5}, {4}], [{8, 2}, {7}, {3, 6}, {1, 5}, {4}], [{8, 2}, {7}, {4, 6}, {5}, {1, 3}], [{8, 2}, {7}, {5, 6}, {1, 4}, {3}], [{8, 2}, {7}, {5, 6}, {3, 4}, {1}], [{8, 2}, {7}, {5, 6}, {4}, {1, 3}], [{8, 2}, {7}, {6}, {4, 5}, {1, 3}], [{8, 3}, {1, 7}, {2, 6}, {4, 5}], [{8, 3}, {1, 7}, {4, 6}, {2, 5}], [{8, 3}, {1, 7}, {5, 6}, {2, 4}], [{8, 3}, {2, 7}, {1, 6}, {4, 5}], [{8, 3}, {2, 7}, {4, 6}, {1, 5}], [{8, 3}, {2, 7}, {5, 6}, {1, 4}], [{8, 3}, {4, 7}, {1, 6}, {2, 5}], [{8, 3}, {4, 7}, {2, 6}, {1, 5}], [{8, 3}, {4, 7}, {5, 6}, {1, 2}], [{8, 3}, {4, 7}, {6}, {1, 5}, {2}], [{8, 3}, {5, 7}, {1, 6}, {2, 4}], [{8, 3}, {5, 7}, {2, 6}, {1, 4}], [{8, 3}, {5, 7}, {4, 6}, {1, 2}], [{8, 3}, {6, 7}, {1, 5}, {2, 4}], [{8, 3}, {6, 7}, {2, 5}, {1, 4}], [{8, 3}, {6, 7}, {2, 5}, {4}, {1}], [{8, 3}, {6, 7}, {4, 5}, {1, 2}], [{8, 3}, {7}, {1, 6}, {4, 5}, {2}], [{8, 3}, {7}, {5, 6}, {4}, {1, 2}], [{8, 4}, {1, 7}, {2, 6}, {3, 5}], [{8, 4}, {1, 7}, {3, 6}, {2, 5}], [{8, 4}, {1, 7}, {5, 6}, {2, 3}], [{8, 4}, {1, 7}, {6}, {2, 5}, {3}], [{8, 4}, {2, 7}, {1, 6}, {3, 5}], [{8, 4}, {2, 7}, {3, 6}, {1, 5}], [{8, 4}, {2, 7}, {5, 6}, {1, 3}], [{8, 4}, {3, 7}, {1, 6}, {2, 5}], [{8, 4}, {3, 7}, {2, 6}, {1, 5}], [{8, 4}, {3, 7}, {5, 6}, {1, 2}], [{8, 4}, {5, 7}, {1, 6}, {2, 3}], [{8, 4}, {5, 7}, {2, 6}, {1, 3}], [{8, 4}, {5, 7}, {3, 6}, {1, 2}], [{8, 4}, {6, 7}, {1, 5}, {2, 3}], [{8, 4}, {6, 7}, {2, 5}, {1, 3}], [{8, 4}, {6, 7}, {3, 5}, {1, 2}], [{8, 4}, {7}, {5, 6}, {1, 3}, {2}], [{8, 5}, {1, 7}, {2, 6}, {3, 4}], [{8, 5}, {1, 7}, {3, 6}, {2, 4}], [{8, 5}, {1, 7}, {3, 6}, {4}, {2}], [{8, 5}, {1, 7}, {4, 6}, {2, 3}], [{8, 5}, {2, 7}, {1, 6}, {3, 4}], [{8, 5}, {2, 7}, {3, 6}, {1, 4}], [{8, 5}, {2, 7}, {4, 6}, {1, 3}], [{8, 5}, {3, 7}, {1, 6}, {2, 4}], [{8, 5}, {3, 7}, {2, 6}, {1, 4}], [{8, 5}, {3, 7}, {4, 6}, {1, 2}], [{8, 5}, {4, 7}, {1, 6}, {2, 3}], [{8, 5}, {4, 7}, {2, 6}, {1, 3}], [{8, 5}, {4, 7}, {3, 6}, {1, 2}], [{8, 5}, {4, 7}, {6}, {1, 3}, {2}], [{8, 5}, {6, 7}, {1, 4}, {2, 3}], [{8, 5}, {6, 7}, {2, 4}, {1, 3}], [{8, 5}, {6, 7}, {3, 4}, {1, 2}], [{8, 5}, {7}, {2, 6}, {1, 4}, {3}], [{8, 5}, {7}, {2, 6}, {3, 4}, {1}], [{8, 5}, {7}, {2, 6}, {4}, {1, 3}], [{8, 6}, {1, 7}, {2, 5}, {3, 4}], [{8, 6}, {1, 7}, {3, 5}, {2, 4}], [{8, 6}, {1, 7}, {4, 5}, {2, 3}], [{8, 6}, {2, 7}, {1, 5}, {3, 4}], [{8, 6}, {2, 7}, {3, 5}, {1, 4}], [{8, 6}, {2, 7}, {4, 5}, {1, 3}], [{8, 6}, {3, 7}, {1, 5}, {2, 4}], [{8, 6}, {3, 7}, {2, 5}, {1, 4}], [{8, 6}, {3, 7}, {4, 5}, {1, 2}], [{8, 6}, {4, 7}, {1, 5}, {2, 3}], [{8, 6}, {4, 7}, {2, 5}, {1, 3}], [{8, 6}, {4, 7}, {3, 5}, {1, 2}], [{8, 6}, {5, 7}, {1, 4}, {2, 3}], [{8, 6}, {5, 7}, {2, 4}, {1, 3}], [{8, 6}, {5, 7}, {3, 4}, {1, 2}], [{8, 6}, {7}, {1, 5}, {4}, {2, 3}], [{8, 6}, {7}, {2, 5}, {1, 4}, {3}], [{8, 6}, {7}, {2, 5}, {3, 4}, {1}], [{8, 6}, {7}, {2, 5}, {4}, {1, 3}], [{8, 7}, {1, 6}, {2, 5}, {3, 4}], [{8, 7}, {1, 6}, {3, 5}, {2, 4}], [{8, 7}, {1, 6}, {4, 5}, {2, 3}], [{8, 7}, {1, 6}, {4, 5}, {3}, {2}], [{8, 7}, {2, 6}, {1, 5}, {3, 4}], [{8, 7}, {2, 6}, {3, 5}, {1, 4}], [{8, 7}, {2, 6}, {4, 5}, {1, 3}], [{8, 7}, {3, 6}, {1, 5}, {2, 4}], [{8, 7}, {3, 6}, {2, 5}, {1, 4}], [{8, 7}, {3, 6}, {4, 5}, {1, 2}], [{8, 7}, {4, 6}, {1, 5}, {2, 3}], [{8, 7}, {4, 6}, {2, 5}, {1, 3}], [{8, 7}, {4, 6}, {3, 5}, {1, 2}], [{8, 7}, {5, 6}, {1, 4}, {2, 3}], [{8, 7}, {5, 6}, {2, 4}, {1, 3}], [{8, 7}, {5, 6}, {3, 4}, {1, 2}], [{8, 7}, {5, 6}, {4}, {2, 3}, {1}], [{8}, {1, 7}, {5, 6}, {2, 4}, {3}], [{8}, {1, 7}, {5, 6}, {3, 4}, {2}], [{8}, {1, 7}, {5, 6}, {4}, {2, 3}], [{8}, {2, 7}, {3, 6}, {4, 5}, {1}], [{8}, {3, 7}, {1, 6}, {4, 5}, {2}], [{8}, {3, 7}, {4, 6}, {2, 5}, {1}], [{8}, {3, 7}, {5, 6}, {2, 4}, {1}], [{8}, {4, 7}, {3, 6}, {2, 5}, {1}], [{8}, {5, 7}, {3, 6}, {2, 4}, {1}], [{8}, {5, 7}, {4, 6}, {3}, {1, 2}], [{8}, {6, 7}, {1, 5}, {3, 4}, {2}], [{8}, {7}, {5, 6}, {2, 4}, {1, 3}]]",2,20 K_1^3 + 8 K_1^2 K_2 - 26 K_1^2 - 16 K_1 K_2 - 4 K_1 K_3 - 7 K_1 + 11 K_2 + 3 K_3 + 12,O1O2O3O4U5U6U3O7U8O5O6U1U4O8U2U7,O1O2O3U4U1U5U6O7O5U8O4O6U2U3O8U7,O1O2O3U4O5U1U2O6O7U5O8O4U6U8U3U7,c,{'O1O2O3O4U5U3O6U1U4O7O8U6O5U2U7U8'},1,"<a href=""/flatknot/8.850559"">8.850559</a>",t^9-43t^7-128t^6+70t^5+762t^4+1003t^3-212t^2-1342t-540,-t^2+2t,,
8.850560,O1O2O3O4U5U3O6U1U4O7O8U6O5U2U8U7,4,3z^3+32z^2+100z+97,3w^4z^3-4w^4z^2+36w^3z^2-4w^3z+104w^2z+97w,False,False,"[[ 0 -2 -1  0  2 -1  0  1  1],[ 2  0  2  0  2 -1  2  1  1],[ 1 -2  0  0  1 -1  1  2  1],[ 0  0  0  0  1 -1  1 -1 -1],[-2 -2 -1 -1  0 -3  1  0  0],[ 1  1  1  1  3  0  0 -1  0],[ 0 -2 -1 -1 -1  0  0  2  1],[-1 -1 -2  1  0  1 -2  0  0],[-1 -1 -1  1  0  0 -1  0  0]]","[[ 0  2  1  1  0  0 -1 -1 -2],[-2  0  0  0  1 -1 -1 -3 -2],[-1  0  0  0 -1  1 -1  0 -1],[-1  0  0  0 -2  1 -2  1 -1],[ 0 -1  1  2  0 -1 -1  0 -2],[ 0  1 -1 -1  1  0  0 -1  0],[ 1  1  1  2  1  0  0 -1 -2],[ 1  3  0 -1  0  1  1  0  1],[ 2  2  1  1  2  0  2 -1  0]]",True,"[-2,-1,-1,0,0,1,1,2,0,0,-1,1,1,3,2,0,1,-1,1,0,1,2,-1,2,-1,1,1,1,0,2,0,1,0,1,2,-1]","[-2,-1,-1,0,0,1,1,2,-1,2,0,2,1,1,2,1,1,0,-1,0,3,0,1,2,1,1,1,-1,-1,1,2,1,-1,0,0,0]",t^8+44t^6+388t^4+235t^2+4,"[-2,-1,-1,0,0,1,1,2,-1,2,0,2,2,2,2,1,0,1,0,1,2,1,0,3,2,0,1,-1,0,3,2,2,1,0,1,1]","[-2,-1,-1,0,0,1,1,2,1,1,1,3,0,2,2,0,2,-1,3,0,2,2,0,2,1,2,1,0,1,2,1,0,0,1,2,-1]","[-2,-1,-1,0,0,1,1,2,-1,2,0,2,1,1,2,1,1,0,-1,0,3,0,1,2,1,1,1,-1,-1,1,2,1,-1,0,0,0]",c,"[[{8, 2}, {4, 7}, {5, 6}, {1, 3}], [{8, 3}, {4, 7}, {5, 6}, {1, 2}]]",1,4 K_1^3 + 4 K_1^2 K_2 - 10 K_1^2 - 12 K_1 K_2 - 6 K_1 K_3 + 3 K_1 - 2 K_2^2 + 6 K_2 + 5 K_3 + 3 K_4 + 6,O1O2O3O4U5U6U3O7U8O6O5U1U4O8U2U7,O1O2O3U4U1U5U6O7O5U8O4O6U3U2O8U7,O1O2O3U4O5U2U1O6O7U5O8O4U6U8U3U7,c,{'O1O2O3O4U5U3O6U1U4O7O8U6O5U2U8U7'},1,"<a href=""/flatknot/8.850560"">8.850560</a>",t^9-44t^7-118t^6+132t^5+594t^4+62t^3-690t^2-251t+82,0,,
8.850561,O1O2O3O4U5U3O6U1U4O7O8U6O5U7U2U8,4,25z^2+106z+113,25w^3z^2+106w^2z+113w,False,False,"[[ 0 -2  0  0  2 -1  0 -1  2],[ 2  0  2  0  2 -1  2  0  1],[ 0 -2  0  0  1 -1  0  0  2],[ 0  0  0  0  1 -1  1 -1 -1],[-2 -2 -1 -1  0 -3  1  0  0],[ 1  1  1  1  3  0  0 -2  0],[ 0 -2  0 -1 -1  0  0  1  2],[ 1  0  0  1  0  2 -1  0  1],[-2 -1 -2  1  0  0 -2 -1  0]]","[[ 0  2  2  0  0  0 -1 -1 -2],[-2  0  0  1 -1 -1  0 -3 -2],[-2  0  0 -2  1 -2 -1  0 -1],[ 0 -1  2  0 -1  0  1  0 -2],[ 0  1 -1  1  0  0 -1 -1  0],[ 0  1  2  0  0  0  0 -1 -2],[ 1  0  1 -1  1  0  0  2  0],[ 1  3  0  0  1  1 -2  0  1],[ 2  2  1  2  0  2  0 -1  0]]",True,"[-2,-2,0,0,0,1,1,2,0,-1,1,1,0,3,2,2,-1,2,1,0,1,1,0,-1,0,2,0,1,1,0,0,1,2,-2,0,-1]","[-2,-2,0,0,0,1,1,2,0,-1,1,1,0,3,2,2,-1,2,1,0,1,1,0,-1,0,2,0,1,1,0,0,1,2,-2,0,-1]",t^8+45t^6+459t^4+190t^2+1,"[-2,-1,-1,0,0,0,2,2,1,2,0,0,2,2,3,-2,1,2,0,3,2,0,1,0,0,3,0,0,1,0,1,3,0,1,3,0]","[-2,-2,0,0,0,1,1,2,0,0,0,3,2,3,3,1,3,1,3,0,2,0,0,1,0,0,-1,2,1,0,0,0,2,2,1,2]","[-2,-1,-1,0,0,0,2,2,-1,0,0,2,2,1,2,-2,1,0,1,0,3,1,-1,0,1,0,1,0,-1,1,0,2,-1,2,1,0]",c,"[[{8, 1}, {2, 7}, {3, 6}, {4, 5}], [{8, 1}, {2, 7}, {3, 6}, {5}, {4}], [{8, 1}, {2, 7}, {4, 6}, {3, 5}], [{8, 1}, {2, 7}, {5, 6}, {3, 4}], [{8, 1}, {2, 7}, {6}, {4, 5}, {3}], [{8, 1}, {3, 7}, {2, 6}, {4, 5}], [{8, 1}, {3, 7}, {4, 6}, {2, 5}], [{8, 1}, {3, 7}, {5, 6}, {2, 4}], [{8, 1}, {3, 7}, {6}, {4, 5}, {2}], [{8, 1}, {4, 7}, {2, 6}, {3, 5}], [{8, 1}, {4, 7}, {2, 6}, {5}, {3}], [{8, 1}, {4, 7}, {3, 6}, {2, 5}], [{8, 1}, {4, 7}, {3, 6}, {5}, {2}], [{8, 1}, {4, 7}, {5, 6}, {2, 3}], [{8, 1}, {4, 7}, {5, 6}, {3}, {2}], [{8, 1}, {4, 7}, {6}, {2, 5}, {3}], [{8, 1}, {4, 7}, {6}, {3, 5}, {2}], [{8, 1}, {4, 7}, {6}, {5}, {2, 3}], [{8, 1}, {4, 7}, {6}, {5}, {3}, {2}], [{8, 1}, {5, 7}, {2, 6}, {3, 4}], [{8, 1}, {5, 7}, {2, 6}, {4}, {3}], [{8, 1}, {5, 7}, {3, 6}, {2, 4}], [{8, 1}, {5, 7}, {3, 6}, {4}, {2}], [{8, 1}, {5, 7}, {4, 6}, {2, 3}], [{8, 1}, {5, 7}, {4, 6}, {3}, {2}], [{8, 1}, {5, 7}, {6}, {2, 4}, {3}], [{8, 1}, {5, 7}, {6}, {3, 4}, {2}], [{8, 1}, {5, 7}, {6}, {4}, {2, 3}], [{8, 1}, {5, 7}, {6}, {4}, {3}, {2}], [{8, 1}, {6, 7}, {2, 5}, {3, 4}], [{8, 1}, {6, 7}, {3, 5}, {2, 4}], [{8, 1}, {6, 7}, {4, 5}, {2, 3}], [{8, 1}, {6, 7}, {4, 5}, {3}, {2}], [{8, 1}, {6, 7}, {5}, {4}, {2, 3}], [{8, 1}, {7}, {2, 6}, {4, 5}, {3}], [{8, 1}, {7}, {3, 6}, {2, 5}, {4}], [{8, 1}, {7}, {3, 6}, {4, 5}, {2}], [{8, 1}, {7}, {3, 6}, {5}, {2, 4}], [{8, 1}, {7}, {4, 6}, {5}, {2, 3}], [{8, 1}, {7}, {5, 6}, {4}, {2, 3}], [{8, 1}, {7}, {6}, {4, 5}, {2, 3}], [{8, 1}, {7}, {6}, {4, 5}, {3}, {2}], [{8, 2}, {1, 7}, {3, 6}, {4, 5}], [{8, 2}, {1, 7}, {4, 6}, {3, 5}], [{8, 2}, {1, 7}, {5, 6}, {3, 4}], [{8, 2}, {1, 7}, {5, 6}, {4}, {3}], [{8, 2}, {1, 7}, {6}, {5}, {3, 4}], [{8, 2}, {3, 7}, {1, 6}, {4, 5}], [{8, 2}, {3, 7}, {4, 6}, {1, 5}], [{8, 2}, {3, 7}, {5, 6}, {1, 4}], [{8, 2}, {3, 7}, {5, 6}, {4}, {1}], [{8, 2}, {4, 7}, {1, 6}, {3, 5}], [{8, 2}, {4, 7}, {3, 6}, {1, 5}], [{8, 2}, {4, 7}, {3, 6}, {5}, {1}], [{8, 2}, {4, 7}, {5, 6}, {1, 3}], [{8, 2}, {5, 7}, {1, 6}, {3, 4}], [{8, 2}, {5, 7}, {3, 6}, {1, 4}], [{8, 2}, {5, 7}, {4, 6}, {1, 3}], [{8, 2}, {6, 7}, {1, 5}, {3, 4}], [{8, 2}, {6, 7}, {3, 5}, {1, 4}], [{8, 2}, {6, 7}, {4, 5}, {1, 3}], [{8, 2}, {7}, {5, 6}, {4}, {1, 3}], [{8, 3}, {1, 7}, {2, 6}, {4, 5}], [{8, 3}, {1, 7}, {4, 6}, {2, 5}], [{8, 3}, {1, 7}, {5, 6}, {2, 4}], [{8, 3}, {1, 7}, {5, 6}, {4}, {2}], [{8, 3}, {2, 7}, {1, 6}, {4, 5}], [{8, 3}, {2, 7}, {4, 6}, {1, 5}], [{8, 3}, {2, 7}, {5, 6}, {1, 4}], [{8, 3}, {2, 7}, {5, 6}, {4}, {1}], [{8, 3}, {4, 7}, {1, 6}, {2, 5}], [{8, 3}, {4, 7}, {1, 6}, {5}, {2}], [{8, 3}, {4, 7}, {2, 6}, {1, 5}], [{8, 3}, {4, 7}, {5, 6}, {1, 2}], [{8, 3}, {4, 7}, {5, 6}, {2}, {1}], [{8, 3}, {4, 7}, {6}, {1, 5}, {2}], [{8, 3}, {5, 7}, {1, 6}, {2, 4}], [{8, 3}, {5, 7}, {2, 6}, {1, 4}], [{8, 3}, {5, 7}, {4, 6}, {1, 2}], [{8, 3}, {5, 7}, {4, 6}, {2}, {1}], [{8, 3}, {6, 7}, {1, 5}, {2, 4}], [{8, 3}, {6, 7}, {2, 5}, {1, 4}], [{8, 3}, {6, 7}, {4, 5}, {1, 2}], [{8, 3}, {6, 7}, {4, 5}, {2}, {1}], [{8, 3}, {7}, {2, 6}, {5}, {1, 4}], [{8, 3}, {7}, {5, 6}, {1, 4}, {2}], [{8, 3}, {7}, {5, 6}, {2, 4}, {1}], [{8, 3}, {7}, {5, 6}, {4}, {1, 2}], [{8, 3}, {7}, {6}, {2, 5}, {1, 4}], [{8, 4}, {1, 7}, {2, 6}, {3, 5}], [{8, 4}, {1, 7}, {3, 6}, {2, 5}], [{8, 4}, {1, 7}, {5, 6}, {2, 3}], [{8, 4}, {1, 7}, {6}, {2, 5}, {3}], [{8, 4}, {2, 7}, {1, 6}, {3, 5}], [{8, 4}, {2, 7}, {3, 6}, {1, 5}], [{8, 4}, {2, 7}, {5, 6}, {1, 3}], [{8, 4}, {3, 7}, {1, 6}, {2, 5}], [{8, 4}, {3, 7}, {2, 6}, {1, 5}], [{8, 4}, {3, 7}, {5, 6}, {1, 2}], [{8, 4}, {3, 7}, {5, 6}, {2}, {1}], [{8, 4}, {3, 7}, {6}, {5}, {1, 2}], [{8, 4}, {5, 7}, {1, 6}, {2, 3}], [{8, 4}, {5, 7}, {2, 6}, {1, 3}], [{8, 4}, {5, 7}, {3, 6}, {1, 2}], [{8, 4}, {6, 7}, {1, 5}, {2, 3}], [{8, 4}, {6, 7}, {2, 5}, {1, 3}], [{8, 4}, {6, 7}, {3, 5}, {1, 2}], [{8, 4}, {6, 7}, {3, 5}, {2}, {1}], [{8, 5}, {1, 7}, {2, 6}, {3, 4}], [{8, 5}, {1, 7}, {3, 6}, {2, 4}], [{8, 5}, {1, 7}, {4, 6}, {2, 3}], [{8, 5}, {2, 7}, {1, 6}, {3, 4}], [{8, 5}, {2, 7}, {3, 6}, {1, 4}], [{8, 5}, {2, 7}, {4, 6}, {1, 3}], [{8, 5}, {3, 7}, {1, 6}, {2, 4}], [{8, 5}, {3, 7}, {2, 6}, {1, 4}], [{8, 5}, {3, 7}, {4, 6}, {1, 2}], [{8, 5}, {4, 7}, {1, 6}, {2, 3}], [{8, 5}, {4, 7}, {1, 6}, {3}, {2}], [{8, 5}, {4, 7}, {2, 6}, {1, 3}], [{8, 5}, {4, 7}, {3, 6}, {1, 2}], [{8, 5}, {4, 7}, {3, 6}, {2}, {1}], [{8, 5}, {4, 7}, {6}, {1, 3}, {2}], [{8, 5}, {6, 7}, {1, 4}, {2, 3}], [{8, 5}, {6, 7}, {2, 4}, {1, 3}], [{8, 5}, {6, 7}, {3, 4}, {1, 2}], [{8, 6}, {1, 7}, {2, 5}, {3, 4}], [{8, 6}, {1, 7}, {3, 5}, {2, 4}], [{8, 6}, {1, 7}, {3, 5}, {4}, {2}], [{8, 6}, {1, 7}, {4, 5}, {2, 3}], [{8, 6}, {2, 7}, {1, 5}, {3, 4}], [{8, 6}, {2, 7}, {3, 5}, {1, 4}], [{8, 6}, {2, 7}, {3, 5}, {4}, {1}], [{8, 6}, {2, 7}, {4, 5}, {1, 3}], [{8, 6}, {3, 7}, {1, 5}, {2, 4}], [{8, 6}, {3, 7}, {2, 5}, {1, 4}], [{8, 6}, {3, 7}, {4, 5}, {1, 2}], [{8, 6}, {3, 7}, {4, 5}, {2}, {1}], [{8, 6}, {4, 7}, {1, 5}, {2, 3}], [{8, 6}, {4, 7}, {1, 5}, {3}, {2}], [{8, 6}, {4, 7}, {2, 5}, {1, 3}], [{8, 6}, {4, 7}, {3, 5}, {1, 2}], [{8, 6}, {4, 7}, {3, 5}, {2}, {1}], [{8, 6}, {4, 7}, {5}, {1, 3}, {2}], [{8, 6}, {5, 7}, {1, 4}, {2, 3}], [{8, 6}, {5, 7}, {2, 4}, {1, 3}], [{8, 6}, {5, 7}, {3, 4}, {1, 2}], [{8, 6}, {5, 7}, {3, 4}, {2}, {1}], [{8, 6}, {7}, {3, 5}, {1, 4}, {2}], [{8, 6}, {7}, {3, 5}, {2, 4}, {1}], [{8, 6}, {7}, {3, 5}, {4}, {1, 2}], [{8, 7}, {1, 6}, {2, 5}, {3, 4}], [{8, 7}, {1, 6}, {3, 5}, {2, 4}], [{8, 7}, {1, 6}, {4, 5}, {2, 3}], [{8, 7}, {2, 6}, {1, 5}, {3, 4}], [{8, 7}, {2, 6}, {3, 5}, {1, 4}], [{8, 7}, {2, 6}, {4, 5}, {1, 3}], [{8, 7}, {2, 6}, {5}, {3, 4}, {1}], [{8, 7}, {3, 6}, {1, 5}, {2, 4}], [{8, 7}, {3, 6}, {2, 5}, {1, 4}], [{8, 7}, {3, 6}, {4, 5}, {1, 2}], [{8, 7}, {4, 6}, {1, 5}, {2, 3}], [{8, 7}, {4, 6}, {2, 5}, {1, 3}], [{8, 7}, {4, 6}, {3, 5}, {1, 2}], [{8, 7}, {4, 6}, {3, 5}, {2}, {1}], [{8, 7}, {5, 6}, {1, 4}, {2, 3}], [{8, 7}, {5, 6}, {2, 4}, {1, 3}], [{8, 7}, {5, 6}, {2, 4}, {3}, {1}], [{8, 7}, {5, 6}, {3, 4}, {1, 2}], [{8, 7}, {5, 6}, {3, 4}, {2}, {1}], [{8, 7}, {5, 6}, {4}, {2, 3}, {1}], [{8, 7}, {6}, {2, 5}, {3, 4}, {1}], [{8}, {1, 7}, {5, 6}, {4}, {2, 3}], [{8}, {2, 7}, {3, 6}, {4, 5}, {1}], [{8}, {3, 7}, {1, 6}, {4, 5}, {2}], [{8}, {3, 7}, {5, 6}, {2, 4}, {1}], [{8}, {4, 7}, {1, 6}, {3, 5}, {2}], [{8}, {4, 7}, {3, 6}, {1, 5}, {2}], [{8}, {4, 7}, {3, 6}, {2, 5}, {1}], [{8}, {4, 7}, {3, 6}, {5}, {1, 2}], [{8}, {4, 7}, {3, 6}, {5}, {2}, {1}], [{8}, {4, 7}, {5, 6}, {1, 3}, {2}], [{8}, {5, 7}, {1, 6}, {3, 4}, {2}], [{8}, {5, 7}, {3, 6}, {2, 4}, {1}], [{8}, {5, 7}, {4, 6}, {1, 3}, {2}], [{8}, {6, 7}, {4, 5}, {1, 3}, {2}]]",2,4 K_1^2 K_2 - 8 K_1^2 - 4 K_1 K_2 - 2 K_1 K_3 + 2 K_1 - 2 K_2^2 + 3 K_2 + 2 K_3 + K_4 + 5,O1O2O3O4U5U3U6O7U8O5O6U1U4O8U2U7,O1O2O3U4U2U5U6O7O5U8O4O6U1U3O8U7,O1O2O3U4O5U1U3O6O7U5O8O4U6U8U2U7,c,{'O1O2O3O4U5U3O6U1U4O7O8U6O5U7U2U8'},1,"<a href=""/flatknot/8.850561"">8.850561</a>",t^9-43t^7-86t^6+252t^5+634t^4-297t^3-1260t^2+59t,-t^2+2t,,
8.850562,O1O2O3O4U5U3O6U1U4O7O8U6O5U7U8U2,4,5z^3+34z^2+88z+81,5w^4z^3-6w^4z^2+40w^3z^2-10w^3z+98w^2z+81w,False,False,"[[ 0 -2  1  0  2 -1  0 -1  1],[ 2  0  2  0  2 -1  2  0  0],[-1 -2  0  0  1 -1 -1 -1  1],[ 0  0  0  0  1 -1  1 -1 -1],[-2 -2 -1 -1  0 -3  1  0  0],[ 1  1  1  1  3  0  0 -2 -1],[ 0 -2  1 -1 -1  0  0  1  2],[ 1  0  1  1  0  2 -1  0  1],[-1  0 -1  1  0  1 -2 -1  0]]","[[ 0  2  1  1  0  0 -1 -1 -2],[-2  0  0 -1  1 -1  0 -3 -2],[-1  0  0 -1 -2  1 -1  1  0],[-1  1  1  0 -1  0 -1 -1 -2],[ 0 -1  2  1  0 -1  1  0 -2],[ 0  1 -1  0  1  0 -1 -1  0],[ 1  0  1  1 -1  1  0  2  0],[ 1  3 -1  1  0  1 -2  0  1],[ 2  2  0  2  2  0  0 -1  0]]",True,"[-2,-1,-1,0,0,1,1,2,0,1,-1,1,0,3,2,1,2,-1,1,-1,0,1,0,1,1,2,1,-1,0,2,1,1,0,-2,0,-1]","[-2,-1,-1,0,0,1,1,2,-1,0,0,2,0,2,2,-2,1,0,-1,1,3,1,-1,1,1,0,1,-1,0,1,2,1,-1,-1,0,1]",t^8+44t^6+418t^4+127t^2,"[-2,-1,-1,0,0,1,1,2,1,2,0,2,1,3,2,-2,2,0,1,1,3,1,0,1,3,0,1,0,-1,3,1,2,1,-1,0,1]","[-2,-1,-1,0,0,1,1,2,0,1,1,3,0,3,2,1,1,0,1,1,1,2,-1,3,1,3,1,0,0,2,1,2,0,-2,2,1]","[-2,-1,-1,0,0,1,1,2,-1,0,0,2,0,2,2,-2,1,0,-1,1,3,1,-1,1,1,0,1,-1,0,1,2,1,-1,-1,0,1]",c,"[[{8, 1}, {3, 7}, {2, 6}, {4, 5}]]",1,4 K_1^3 + 8 K_1^2 K_2 - 18 K_1^2 - 8 K_1 K_2 - 6 K_1 K_3 + K_1 - 2 K_2^2 + 8 K_2 + 3 K_3 + 2 K_4 + 9,O1O2O3O4U3U5U6O7U8O5O6U1U4O8U2U7,O1O2O3U4U3U5U6O7O5U8O4O6U1U2O8U7,O1O2O3U4O5U2U3O6O7U5O8O4U6U8U1U7,c,{'O1O2O3O4U5U3O6U1U4O7O8U6O5U7U8U2'},1,"<a href=""/flatknot/8.850562"">8.850562</a>",t^9-44t^7-94t^6+204t^5+486t^4-178t^3-610t^2-118t+130,0,,
8.850563,O1O2O3O4U5U3O6U1U4O7O8U6O5U8U2U7,4,10z^2+95z+151,10w^3z^2+95w^2z+151w,False,False,"[[ 0 -2  0  0  2 -1  0  1  0],[ 2  0  2  0  2 -1  2  1  0],[ 0 -2  0  0  1 -1  0  1  0],[ 0  0  0  0  1 -1  1 -1 -1],[-2 -2 -1 -1  0 -3  1  0  0],[ 1  1  1  1  3  0  0 -1 -1],[ 0 -2  0 -1 -1  0  0  2  1],[-1 -1 -1  1  0  1 -2  0  0],[ 0  0  0  1  0  1 -1  0  0]]","[[ 0  2  1  0  0  0  0 -1 -2],[-2  0  0  1  0 -1 -1 -3 -2],[-1  0  0 -2  0  1 -1  1 -1],[ 0 -1  2  0  1 -1  0  0 -2],[ 0  0  0 -1  0  1  0  1  0],[ 0  1 -1  1 -1  0  0 -1  0],[ 0  1  1  0  0  0  0 -1 -2],[ 1  3 -1  0 -1  1  1  0  1],[ 2  2  1  2  0  0  2 -1  0]]",True,"[-2,-1,0,0,0,0,1,2,0,-1,0,1,1,3,2,2,0,-1,1,-1,1,-1,1,0,0,2,-1,0,-1,0,0,1,0,1,2,-1]","[-2,-1,0,0,0,0,1,2,-1,0,0,2,2,1,2,-1,1,0,1,-1,3,1,-1,0,0,0,1,0,-1,1,0,2,-1,1,1,0]",t^8+39t^6+296t^4+104t^2+1,"[-2,-1,0,0,0,0,1,2,2,0,0,2,2,2,2,0,1,0,2,3,0,0,0,0,0,1,1,-1,-1,3,1,2,1,1,2,1]","[-2,-1,0,0,0,0,1,2,1,1,1,2,3,0,2,0,2,1,-1,3,2,0,0,0,0,0,-1,1,0,2,-1,2,2,1,0,2]","[-2,-1,0,0,0,0,1,2,-1,0,0,2,2,1,2,-1,1,0,1,-1,3,1,-1,0,0,0,1,0,-1,1,0,2,-1,1,1,0]",c,"[[{8, 1}, {2, 7}, {3, 6}, {4, 5}], [{8, 1}, {2, 7}, {4, 6}, {3, 5}], [{8, 1}, {2, 7}, {5, 6}, {3, 4}], [{8, 1}, {3, 7}, {2, 6}, {4, 5}], [{8, 1}, {3, 7}, {4, 6}, {2, 5}], [{8, 1}, {3, 7}, {5, 6}, {2, 4}], [{8, 1}, {4, 7}, {2, 6}, {3, 5}], [{8, 1}, {4, 7}, {3, 6}, {2, 5}], [{8, 1}, {4, 7}, {3, 6}, {5}, {2}], [{8, 1}, {4, 7}, {5, 6}, {2, 3}], [{8, 1}, {5, 7}, {2, 6}, {3, 4}], [{8, 1}, {5, 7}, {3, 6}, {2, 4}], [{8, 1}, {5, 7}, {3, 6}, {4}, {2}], [{8, 1}, {5, 7}, {4, 6}, {2, 3}], [{8, 1}, {6, 7}, {2, 5}, {3, 4}], [{8, 1}, {6, 7}, {3, 5}, {2, 4}], [{8, 1}, {6, 7}, {4, 5}, {2, 3}], [{8, 1}, {7}, {3, 6}, {4, 5}, {2}], [{8, 1}, {7}, {4, 6}, {2, 5}, {3}], [{8, 1}, {7}, {5, 6}, {2, 4}, {3}], [{8, 1}, {7}, {5, 6}, {3, 4}, {2}], [{8, 1}, {7}, {5, 6}, {4}, {2, 3}], [{8, 2}, {1, 7}, {3, 6}, {4, 5}], [{8, 2}, {1, 7}, {4, 6}, {3, 5}], [{8, 2}, {1, 7}, {5, 6}, {3, 4}], [{8, 2}, {3, 7}, {1, 6}, {4, 5}], [{8, 2}, {3, 7}, {4, 6}, {1, 5}], [{8, 2}, {3, 7}, {5, 6}, {1, 4}], [{8, 2}, {3, 7}, {5, 6}, {4}, {1}], [{8, 2}, {4, 7}, {1, 6}, {3, 5}], [{8, 2}, {4, 7}, {3, 6}, {1, 5}], [{8, 2}, {4, 7}, {5, 6}, {1, 3}], [{8, 2}, {4, 7}, {5, 6}, {3}, {1}], [{8, 2}, {5, 7}, {1, 6}, {3, 4}], [{8, 2}, {5, 7}, {3, 6}, {1, 4}], [{8, 2}, {5, 7}, {4, 6}, {1, 3}], [{8, 2}, {5, 7}, {6}, {1, 4}, {3}], [{8, 2}, {6, 7}, {1, 5}, {3, 4}], [{8, 2}, {6, 7}, {3, 5}, {1, 4}], [{8, 2}, {6, 7}, {3, 5}, {4}, {1}], [{8, 2}, {6, 7}, {4, 5}, {1, 3}], [{8, 2}, {7}, {1, 6}, {4, 5}, {3}], [{8, 2}, {7}, {3, 6}, {4, 5}, {1}], [{8, 2}, {7}, {5, 6}, {3, 4}, {1}], [{8, 2}, {7}, {6}, {4, 5}, {1, 3}], [{8, 3}, {1, 7}, {2, 6}, {4, 5}], [{8, 3}, {1, 7}, {4, 6}, {2, 5}], [{8, 3}, {1, 7}, {5, 6}, {2, 4}], [{8, 3}, {1, 7}, {6}, {4, 5}, {2}], [{8, 3}, {2, 7}, {1, 6}, {4, 5}], [{8, 3}, {2, 7}, {4, 6}, {1, 5}], [{8, 3}, {2, 7}, {5, 6}, {1, 4}], [{8, 3}, {2, 7}, {5, 6}, {4}, {1}], [{8, 3}, {4, 7}, {1, 6}, {2, 5}], [{8, 3}, {4, 7}, {1, 6}, {5}, {2}], [{8, 3}, {4, 7}, {2, 6}, {1, 5}], [{8, 3}, {4, 7}, {2, 6}, {5}, {1}], [{8, 3}, {4, 7}, {5, 6}, {1, 2}], [{8, 3}, {4, 7}, {5, 6}, {2}, {1}], [{8, 3}, {4, 7}, {6}, {1, 5}, {2}], [{8, 3}, {4, 7}, {6}, {2, 5}, {1}], [{8, 3}, {4, 7}, {6}, {5}, {1, 2}], [{8, 3}, {5, 7}, {1, 6}, {2, 4}], [{8, 3}, {5, 7}, {2, 6}, {1, 4}], [{8, 3}, {5, 7}, {4, 6}, {1, 2}], [{8, 3}, {5, 7}, {6}, {1, 4}, {2}], [{8, 3}, {6, 7}, {1, 5}, {2, 4}], [{8, 3}, {6, 7}, {2, 5}, {1, 4}], [{8, 3}, {6, 7}, {2, 5}, {4}, {1}], [{8, 3}, {6, 7}, {4, 5}, {1, 2}], [{8, 3}, {7}, {4, 6}, {2, 5}, {1}], [{8, 3}, {7}, {5, 6}, {2, 4}, {1}], [{8, 4}, {1, 7}, {2, 6}, {3, 5}], [{8, 4}, {1, 7}, {2, 6}, {5}, {3}], [{8, 4}, {1, 7}, {3, 6}, {2, 5}], [{8, 4}, {1, 7}, {3, 6}, {5}, {2}], [{8, 4}, {1, 7}, {5, 6}, {2, 3}], [{8, 4}, {1, 7}, {6}, {5}, {2, 3}], [{8, 4}, {2, 7}, {1, 6}, {3, 5}], [{8, 4}, {2, 7}, {3, 6}, {1, 5}], [{8, 4}, {2, 7}, {5, 6}, {1, 3}], [{8, 4}, {2, 7}, {5, 6}, {3}, {1}], [{8, 4}, {3, 7}, {1, 6}, {2, 5}], [{8, 4}, {3, 7}, {2, 6}, {1, 5}], [{8, 4}, {3, 7}, {2, 6}, {5}, {1}], [{8, 4}, {3, 7}, {5, 6}, {1, 2}], [{8, 4}, {3, 7}, {5, 6}, {2}, {1}], [{8, 4}, {3, 7}, {6}, {2, 5}, {1}], [{8, 4}, {5, 7}, {1, 6}, {2, 3}], [{8, 4}, {5, 7}, {2, 6}, {1, 3}], [{8, 4}, {5, 7}, {3, 6}, {1, 2}], [{8, 4}, {5, 7}, {3, 6}, {2}, {1}], [{8, 4}, {6, 7}, {1, 5}, {2, 3}], [{8, 4}, {6, 7}, {2, 5}, {1, 3}], [{8, 4}, {6, 7}, {3, 5}, {1, 2}], [{8, 4}, {7}, {2, 6}, {5}, {1, 3}], [{8, 4}, {7}, {3, 6}, {1, 5}, {2}], [{8, 4}, {7}, {5, 6}, {2, 3}, {1}], [{8, 5}, {1, 7}, {2, 6}, {3, 4}], [{8, 5}, {1, 7}, {3, 6}, {2, 4}], [{8, 5}, {1, 7}, {3, 6}, {4}, {2}], [{8, 5}, {1, 7}, {4, 6}, {2, 3}], [{8, 5}, {2, 7}, {1, 6}, {3, 4}], [{8, 5}, {2, 7}, {3, 6}, {1, 4}], [{8, 5}, {2, 7}, {4, 6}, {1, 3}], [{8, 5}, {3, 7}, {1, 6}, {2, 4}], [{8, 5}, {3, 7}, {1, 6}, {4}, {2}], [{8, 5}, {3, 7}, {2, 6}, {1, 4}], [{8, 5}, {3, 7}, {4, 6}, {1, 2}], [{8, 5}, {4, 7}, {1, 6}, {2, 3}], [{8, 5}, {4, 7}, {2, 6}, {1, 3}], [{8, 5}, {4, 7}, {3, 6}, {1, 2}], [{8, 5}, {4, 7}, {3, 6}, {2}, {1}], [{8, 5}, {6, 7}, {1, 4}, {2, 3}], [{8, 5}, {6, 7}, {2, 4}, {1, 3}], [{8, 5}, {6, 7}, {3, 4}, {1, 2}], [{8, 5}, {7}, {3, 6}, {1, 4}, {2}], [{8, 6}, {1, 7}, {2, 5}, {3, 4}], [{8, 6}, {1, 7}, {3, 5}, {2, 4}], [{8, 6}, {1, 7}, {4, 5}, {2, 3}], [{8, 6}, {1, 7}, {4, 5}, {3}, {2}], [{8, 6}, {2, 7}, {1, 5}, {3, 4}], [{8, 6}, {2, 7}, {3, 5}, {1, 4}], [{8, 6}, {2, 7}, {3, 5}, {4}, {1}], [{8, 6}, {2, 7}, {4, 5}, {1, 3}], [{8, 6}, {3, 7}, {1, 5}, {2, 4}], [{8, 6}, {3, 7}, {2, 5}, {1, 4}], [{8, 6}, {3, 7}, {2, 5}, {4}, {1}], [{8, 6}, {3, 7}, {4, 5}, {1, 2}], [{8, 6}, {4, 7}, {1, 5}, {2, 3}], [{8, 6}, {4, 7}, {1, 5}, {3}, {2}], [{8, 6}, {4, 7}, {2, 5}, {1, 3}], [{8, 6}, {4, 7}, {3, 5}, {1, 2}], [{8, 6}, {5, 7}, {1, 4}, {2, 3}], [{8, 6}, {5, 7}, {1, 4}, {3}, {2}], [{8, 6}, {5, 7}, {2, 4}, {1, 3}], [{8, 6}, {5, 7}, {3, 4}, {1, 2}], [{8, 7}, {1, 6}, {2, 5}, {3, 4}], [{8, 7}, {1, 6}, {3, 5}, {2, 4}], [{8, 7}, {1, 6}, {4, 5}, {2, 3}], [{8, 7}, {2, 6}, {1, 5}, {3, 4}], [{8, 7}, {2, 6}, {3, 5}, {1, 4}], [{8, 7}, {2, 6}, {4, 5}, {1, 3}], [{8, 7}, {3, 6}, {1, 5}, {2, 4}], [{8, 7}, {3, 6}, {1, 5}, {4}, {2}], [{8, 7}, {3, 6}, {2, 5}, {1, 4}], [{8, 7}, {3, 6}, {4, 5}, {1, 2}], [{8, 7}, {3, 6}, {4, 5}, {2}, {1}], [{8, 7}, {3, 6}, {5}, {1, 4}, {2}], [{8, 7}, {4, 6}, {1, 5}, {2, 3}], [{8, 7}, {4, 6}, {2, 5}, {1, 3}], [{8, 7}, {4, 6}, {2, 5}, {3}, {1}], [{8, 7}, {4, 6}, {3, 5}, {1, 2}], [{8, 7}, {5, 6}, {1, 4}, {2, 3}], [{8, 7}, {5, 6}, {2, 4}, {1, 3}], [{8, 7}, {5, 6}, {2, 4}, {3}, {1}], [{8, 7}, {5, 6}, {3, 4}, {1, 2}], [{8, 7}, {5, 6}, {3, 4}, {2}, {1}], [{8, 7}, {5, 6}, {4}, {2, 3}, {1}], [{8}, {1, 7}, {3, 6}, {4, 5}, {2}], [{8}, {1, 7}, {4, 6}, {2, 5}, {3}], [{8}, {1, 7}, {5, 6}, {2, 4}, {3}], [{8}, {1, 7}, {5, 6}, {3, 4}, {2}], [{8}, {1, 7}, {5, 6}, {4}, {2, 3}], [{8}, {2, 7}, {3, 6}, {4, 5}, {1}], [{8}, {2, 7}, {5, 6}, {3, 4}, {1}], [{8}, {3, 7}, {4, 6}, {2, 5}, {1}], [{8}, {3, 7}, {5, 6}, {2, 4}, {1}], [{8}, {4, 7}, {3, 6}, {1, 5}, {2}], [{8}, {4, 7}, {5, 6}, {2, 3}, {1}], [{8}, {5, 7}, {2, 6}, {1, 4}, {3}], [{8}, {5, 7}, {3, 6}, {1, 4}, {2}], [{8}, {5, 7}, {6}, {1, 4}, {2, 3}], [{8}, {6, 7}, {5}, {1, 4}, {2, 3}], [{8}, {7}, {3, 6}, {4, 5}, {1, 2}], [{8}, {7}, {3, 6}, {4, 5}, {2}, {1}], [{8}, {7}, {4, 6}, {2, 5}, {1, 3}], [{8}, {7}, {4, 6}, {2, 5}, {3}, {1}], [{8}, {7}, {5, 6}, {1, 4}, {2, 3}], [{8}, {7}, {5, 6}, {2, 4}, {1, 3}], [{8}, {7}, {5, 6}, {2, 4}, {3}, {1}], [{8}, {7}, {5, 6}, {3, 4}, {1, 2}], [{8}, {7}, {5, 6}, {3, 4}, {2}, {1}], [{8}, {7}, {5, 6}, {4}, {2, 3}, {1}]]",2,12 K_1^3 + 4 K_1^2 K_2 - 28 K_1^2 - 24 K_1 K_2 - 4 K_1 K_3 + 3 K_1 - 4 K_2^2 + 14 K_2 + 9 K_3 + 3 K_4 + 16,O1O2O3O4U5U3U6O7U8O6O5U1U4O8U2U7,O1O2O3U4U2U5U6O7O5U8O4O6U3U1O8U7,O1O2O3U4O5U3U1O6O7U5O8O4U6U8U2U7,c,{'O1O2O3O4U5U3O6U1U4O7O8U6O5U8U2U7'},1,"<a href=""/flatknot/8.850563"">8.850563</a>",t^9-39t^7-76t^6+162t^5+328t^4-53t^3-304t^2-226t-56,0,,
8.850564,O1O2O3O4U5U3O6U1U4O7O8U6O5U8U7U2,4,25z^2+110z+121,25w^3z^2+110w^2z+121w,False,False,"[[ 0 -2  1  0  2 -1  0  0  0],[ 2  0  2  0  2 -1  2  0  0],[-1 -2  0  0  1 -1 -1  0  0],[ 0  0  0  0  1 -1  1 -1 -1],[-2 -2 -1 -1  0 -3  1  0  0],[ 1  1  1  1  3  0  0 -2 -1],[ 0 -2  1 -1 -1  0  0  2  1],[ 0  0  0  1  0  2 -2  0  0],[ 0  0  0  1  0  1 -1  0  0]]","[[ 0  2  1  0  0  0  0 -1 -2],[-2  0 -1  1  0  0 -1 -3 -2],[-1  1  0 -1  0  0  0 -1 -2],[ 0 -1  1  0  2  1 -1  0 -2],[ 0  0  0 -2  0  0  1  2  0],[ 0  0  0 -1  0  0  1  1  0],[ 0  1  0  1 -1 -1  0 -1  0],[ 1  3  1  0 -2 -1  1  0  1],[ 2  2  2  2  0  0  0 -1  0]]",True,"[-2,-1,0,0,0,0,1,2,1,-1,0,0,1,3,2,1,0,0,0,1,2,-2,-1,1,0,2,0,-1,-2,0,-1,-1,0,1,0,-1]","[-2,-1,0,0,0,0,1,2,-1,0,0,0,2,2,2,-2,-1,1,0,1,3,0,1,-2,0,0,1,-1,0,0,1,0,1,1,-1,1]",t^8+41t^6+312t^4+113t^2+1,"[-2,-1,0,0,0,0,1,2,2,0,2,2,2,1,2,1,0,2,3,1,0,1,-1,-2,0,3,1,1,1,1,0,1,2,1,2,0]","[-2,-1,0,0,0,0,1,2,0,1,2,2,3,0,2,1,1,1,0,1,1,-1,-1,1,0,2,0,-2,3,2,-1,2,2,1,0,2]","[-2,-1,0,0,0,0,1,2,-1,0,0,0,2,2,2,-2,-1,1,0,1,3,0,1,-2,0,0,1,-1,0,0,1,0,1,1,-1,1]",c,"[[{8, 3}, {1, 7}, {4, 6}, {2, 5}], [{8, 3}, {4, 7}, {1, 6}, {2, 5}], [{8, 3}, {6, 7}, {2, 5}, {1, 4}]]",1,4 K_1^2 K_2 - 4 K_1^2 - 8 K_1 K_2 - 4 K_1 K_3 + 4 K_1 - 4 K_2^2 + 2 K_2 + 4 K_3 + 3 K_4 + 4,O1O2O3O4U3U5U6O7U8O6O5U1U4O8U2U7,O1O2O3U4U3U5U6O7O5U8O4O6U2U1O8U7,O1O2O3U4O5U3U2O6O7U5O8O4U6U8U1U7,c,{'O1O2O3O4U5U3O6U1U4O7O8U6O5U8U7U2'},1,"<a href=""/flatknot/8.850564"">8.850564</a>",t^9-41t^7-68t^6+194t^5+236t^4-210t^3+4t^2+192t-24,0,,
8.850565,O1O2O3O4U5U3O6U1U4O7O8U7O5U2U6U8,4,3z^3+28z^2+72z+57,3w^4z^3-12w^4z^2+40w^3z^2-32w^3z+104w^2z+57w,False,False,"[[ 0 -2 -1  0  2 -1  1 -1  2],[ 2  0  1  0  2  0  2  0  1],[ 1 -1  0  0  2 -1  1  0  2],[ 0  0  0  0  1 -1  0  0 -1],[-2 -2 -2 -1  0 -2  0  0  0],[ 1  0  1  1  2  0  1 -1  0],[-1 -2 -1  0  0 -1  0  0  2],[ 1  0  0  0  0  1  0  0  1],[-2 -1 -2  1  0  0 -2 -1  0]]","[[ 0  2  2  1  0 -1 -1 -1 -2],[-2  0  0  0 -1  0 -2 -2 -2],[-2  0  0 -2  1 -1  0 -2 -1],[-1  0  2  0  0  0 -1 -1 -2],[ 0  1 -1  0  0  0 -1  0  0],[ 1  0  1  0  0  0  1  0  0],[ 1  2  0  1  1 -1  0  1  0],[ 1  2  2  1  0  0 -1  0 -1],[ 2  2  1  2  0  0  0  1  0]]",True,"[-2,-2,-1,0,1,1,1,2,0,0,1,0,2,2,2,2,-1,1,0,2,1,0,0,1,1,2,0,1,0,0,-1,0,0,-1,0,1]","[-2,-2,-1,0,1,1,1,2,0,-1,3,1,2,3,3,1,1,1,3,1,2,1,1,2,1,1,1,1,0,2,0,-1,0,1,1,1]",t^8+34t^6+213t^4+131t^2+4,"[-2,-1,-1,-1,0,1,2,2,0,1,1,2,1,2,3,0,1,1,1,1,1,-1,1,2,3,2,0,1,1,3,1,1,3,1,-1,0]","[-2,-2,-1,0,1,1,1,2,0,-1,3,1,2,3,3,1,1,1,3,1,2,1,1,2,1,1,1,1,0,2,0,-1,0,1,1,1]","[-2,-1,-1,-1,0,1,2,2,0,0,1,0,2,1,2,-1,1,1,1,0,2,0,0,0,1,0,0,1,2,2,0,-1,1,2,0,0]",c,"[[{8, 1}, {2, 7}, {3, 6}, {4, 5}], [{8, 1}, {2, 7}, {4, 6}, {3, 5}], [{8, 1}, {2, 7}, {5, 6}, {3, 4}], [{8, 1}, {3, 7}, {2, 6}, {4, 5}], [{8, 1}, {3, 7}, {4, 6}, {2, 5}], [{8, 1}, {3, 7}, {5, 6}, {2, 4}], [{8, 1}, {4, 7}, {2, 6}, {3, 5}], [{8, 1}, {4, 7}, {2, 6}, {5}, {3}], [{8, 1}, {4, 7}, {3, 6}, {2, 5}], [{8, 1}, {4, 7}, {5, 6}, {2, 3}], [{8, 1}, {5, 7}, {2, 6}, {3, 4}], [{8, 1}, {5, 7}, {2, 6}, {4}, {3}], [{8, 1}, {5, 7}, {3, 6}, {2, 4}], [{8, 1}, {5, 7}, {4, 6}, {2, 3}], [{8, 1}, {5, 7}, {4, 6}, {3}, {2}], [{8, 1}, {5, 7}, {6}, {2, 4}, {3}], [{8, 1}, {6, 7}, {2, 5}, {3, 4}], [{8, 1}, {6, 7}, {3, 5}, {2, 4}], [{8, 1}, {6, 7}, {4, 5}, {2, 3}], [{8, 1}, {6, 7}, {5}, {3, 4}, {2}], [{8, 1}, {7}, {2, 6}, {4, 5}, {3}], [{8, 1}, {7}, {3, 6}, {5}, {2, 4}], [{8, 1}, {7}, {5, 6}, {4}, {2, 3}], [{8, 2}, {1, 7}, {3, 6}, {4, 5}], [{8, 2}, {1, 7}, {4, 6}, {3, 5}], [{8, 2}, {1, 7}, {5, 6}, {3, 4}], [{8, 2}, {3, 7}, {1, 6}, {4, 5}], [{8, 2}, {3, 7}, {4, 6}, {1, 5}], [{8, 2}, {3, 7}, {5, 6}, {1, 4}], [{8, 2}, {4, 7}, {1, 6}, {3, 5}], [{8, 2}, {4, 7}, {3, 6}, {1, 5}], [{8, 2}, {4, 7}, {5, 6}, {1, 3}], [{8, 2}, {4, 7}, {5, 6}, {3}, {1}], [{8, 2}, {5, 7}, {1, 6}, {3, 4}], [{8, 2}, {5, 7}, {3, 6}, {1, 4}], [{8, 2}, {5, 7}, {3, 6}, {4}, {1}], [{8, 2}, {5, 7}, {4, 6}, {1, 3}], [{8, 2}, {6, 7}, {1, 5}, {3, 4}], [{8, 2}, {6, 7}, {3, 5}, {1, 4}], [{8, 2}, {6, 7}, {4, 5}, {1, 3}], [{8, 2}, {6, 7}, {5}, {3, 4}, {1}], [{8, 2}, {7}, {1, 6}, {4, 5}, {3}], [{8, 3}, {1, 7}, {2, 6}, {4, 5}], [{8, 3}, {1, 7}, {4, 6}, {2, 5}], [{8, 3}, {1, 7}, {5, 6}, {2, 4}], [{8, 3}, {1, 7}, {6}, {4, 5}, {2}], [{8, 3}, {2, 7}, {1, 6}, {4, 5}], [{8, 3}, {2, 7}, {4, 6}, {1, 5}], [{8, 3}, {2, 7}, {5, 6}, {1, 4}], [{8, 3}, {4, 7}, {1, 6}, {2, 5}], [{8, 3}, {4, 7}, {1, 6}, {5}, {2}], [{8, 3}, {4, 7}, {2, 6}, {1, 5}], [{8, 3}, {4, 7}, {5, 6}, {1, 2}], [{8, 3}, {5, 7}, {1, 6}, {2, 4}], [{8, 3}, {5, 7}, {1, 6}, {4}, {2}], [{8, 3}, {5, 7}, {2, 6}, {1, 4}], [{8, 3}, {5, 7}, {4, 6}, {1, 2}], [{8, 3}, {5, 7}, {4, 6}, {2}, {1}], [{8, 3}, {5, 7}, {6}, {1, 4}, {2}], [{8, 3}, {6, 7}, {1, 5}, {2, 4}], [{8, 3}, {6, 7}, {2, 5}, {1, 4}], [{8, 3}, {6, 7}, {4, 5}, {1, 2}], [{8, 3}, {6, 7}, {4, 5}, {2}, {1}], [{8, 3}, {7}, {1, 6}, {4, 5}, {2}], [{8, 4}, {1, 7}, {2, 6}, {3, 5}], [{8, 4}, {1, 7}, {3, 6}, {2, 5}], [{8, 4}, {1, 7}, {5, 6}, {2, 3}], [{8, 4}, {2, 7}, {1, 6}, {3, 5}], [{8, 4}, {2, 7}, {3, 6}, {1, 5}], [{8, 4}, {2, 7}, {5, 6}, {1, 3}], [{8, 4}, {2, 7}, {5, 6}, {3}, {1}], [{8, 4}, {3, 7}, {1, 6}, {2, 5}], [{8, 4}, {3, 7}, {2, 6}, {1, 5}], [{8, 4}, {3, 7}, {5, 6}, {1, 2}], [{8, 4}, {5, 7}, {1, 6}, {2, 3}], [{8, 4}, {5, 7}, {2, 6}, {1, 3}], [{8, 4}, {5, 7}, {2, 6}, {3}, {1}], [{8, 4}, {5, 7}, {3, 6}, {1, 2}], [{8, 4}, {5, 7}, {3, 6}, {2}, {1}], [{8, 4}, {5, 7}, {6}, {2, 3}, {1}], [{8, 4}, {6, 7}, {1, 5}, {2, 3}], [{8, 4}, {6, 7}, {2, 5}, {1, 3}], [{8, 4}, {6, 7}, {3, 5}, {1, 2}], [{8, 4}, {6, 7}, {3, 5}, {2}, {1}], [{8, 5}, {1, 7}, {2, 6}, {3, 4}], [{8, 5}, {1, 7}, {3, 6}, {2, 4}], [{8, 5}, {1, 7}, {4, 6}, {2, 3}], [{8, 5}, {1, 7}, {6}, {2, 4}, {3}], [{8, 5}, {2, 7}, {1, 6}, {3, 4}], [{8, 5}, {2, 7}, {3, 6}, {1, 4}], [{8, 5}, {2, 7}, {4, 6}, {1, 3}], [{8, 5}, {3, 7}, {1, 6}, {2, 4}], [{8, 5}, {3, 7}, {2, 6}, {1, 4}], [{8, 5}, {3, 7}, {4, 6}, {1, 2}], [{8, 5}, {4, 7}, {1, 6}, {2, 3}], [{8, 5}, {4, 7}, {2, 6}, {1, 3}], [{8, 5}, {4, 7}, {3, 6}, {1, 2}], [{8, 5}, {6, 7}, {1, 4}, {2, 3}], [{8, 5}, {6, 7}, {2, 4}, {1, 3}], [{8, 5}, {6, 7}, {3, 4}, {1, 2}], [{8, 5}, {6, 7}, {3, 4}, {2}, {1}], [{8, 5}, {7}, {2, 6}, {1, 4}, {3}], [{8, 6}, {1, 7}, {2, 5}, {3, 4}], [{8, 6}, {1, 7}, {3, 5}, {2, 4}], [{8, 6}, {1, 7}, {4, 5}, {2, 3}], [{8, 6}, {2, 7}, {1, 5}, {3, 4}], [{8, 6}, {2, 7}, {3, 5}, {1, 4}], [{8, 6}, {2, 7}, {4, 5}, {1, 3}], [{8, 6}, {2, 7}, {5}, {4}, {1, 3}], [{8, 6}, {3, 7}, {1, 5}, {2, 4}], [{8, 6}, {3, 7}, {2, 5}, {1, 4}], [{8, 6}, {3, 7}, {4, 5}, {1, 2}], [{8, 6}, {4, 7}, {1, 5}, {2, 3}], [{8, 6}, {4, 7}, {2, 5}, {1, 3}], [{8, 6}, {4, 7}, {3, 5}, {1, 2}], [{8, 6}, {4, 7}, {5}, {1, 3}, {2}], [{8, 6}, {5, 7}, {1, 4}, {2, 3}], [{8, 6}, {5, 7}, {2, 4}, {1, 3}], [{8, 6}, {5, 7}, {3, 4}, {1, 2}], [{8, 6}, {5, 7}, {3, 4}, {2}, {1}], [{8, 6}, {7}, {1, 5}, {4}, {2, 3}], [{8, 6}, {7}, {4, 5}, {3}, {1, 2}], [{8, 6}, {7}, {5}, {2, 4}, {1, 3}], [{8, 7}, {1, 6}, {2, 5}, {3, 4}], [{8, 7}, {1, 6}, {3, 5}, {2, 4}], [{8, 7}, {1, 6}, {4, 5}, {2, 3}], [{8, 7}, {1, 6}, {4, 5}, {3}, {2}], [{8, 7}, {2, 6}, {1, 5}, {3, 4}], [{8, 7}, {2, 6}, {3, 5}, {1, 4}], [{8, 7}, {2, 6}, {4, 5}, {1, 3}], [{8, 7}, {2, 6}, {5}, {1, 4}, {3}], [{8, 7}, {3, 6}, {1, 5}, {2, 4}], [{8, 7}, {3, 6}, {2, 5}, {1, 4}], [{8, 7}, {3, 6}, {4, 5}, {1, 2}], [{8, 7}, {3, 6}, {4, 5}, {2}, {1}], [{8, 7}, {4, 6}, {1, 5}, {2, 3}], [{8, 7}, {4, 6}, {2, 5}, {1, 3}], [{8, 7}, {4, 6}, {3, 5}, {1, 2}], [{8, 7}, {4, 6}, {3, 5}, {2}, {1}], [{8, 7}, {5, 6}, {1, 4}, {2, 3}], [{8, 7}, {5, 6}, {2, 4}, {1, 3}], [{8, 7}, {5, 6}, {3, 4}, {1, 2}], [{8, 7}, {5, 6}, {4}, {2, 3}, {1}], [{8, 7}, {6}, {4, 5}, {1, 3}, {2}], [{8}, {1, 7}, {5, 6}, {4}, {2, 3}], [{8}, {2, 7}, {1, 6}, {4, 5}, {3}], [{8}, {3, 7}, {1, 6}, {4, 5}, {2}], [{8}, {3, 7}, {4, 6}, {2, 5}, {1}], [{8}, {3, 7}, {5, 6}, {1, 4}, {2}], [{8}, {3, 7}, {5, 6}, {2, 4}, {1}], [{8}, {3, 7}, {5, 6}, {4}, {1, 2}], [{8}, {4, 7}, {3, 6}, {2, 5}, {1}], [{8}, {5, 7}, {2, 6}, {1, 4}, {3}], [{8}, {5, 7}, {3, 6}, {2, 4}, {1}], [{8}, {5, 7}, {4, 6}, {1, 3}, {2}], [{8}, {6, 7}, {1, 5}, {3, 4}, {2}], [{8}, {6, 7}, {2, 5}, {3, 4}, {1}], [{8}, {6, 7}, {5}, {3, 4}, {1, 2}], [{8}, {7}, {1, 6}, {4, 5}, {2, 3}], [{8}, {7}, {1, 6}, {4, 5}, {3}, {2}]]",2,8 K_1^3 + 4 K_1^2 K_2 - 8 K_1^2 - 8 K_1 K_2 - 2 K_1 K_3 - 2 K_1 - 2 K_2^2 + 3 K_2 + 2 K_3 + K_4 + 5,O1O2O3O4U5U6U3O7U8O5O8U1U4O6U2U7,O1O2O3U4U1U5U6O7O5U2O4O6U8U3O8U7,O1O2O3U4O5U1U5O6O7U2O8O4U6U8U3U7,c,{'O1O2O3O4U5U3O6U1U4O7O8U7O5U2U6U8'},1,"<a href=""/flatknot/8.850565"">8.850565</a>",t^9-32t^7-46t^6+150t^5+206t^4-249t^3-200t^2+107t+64,-t^2+2t,,
8.850566,O1O2O3O4U5U3O6U1U4O7O8U7O5U6U2U8,4,26z^2+111z+119,26w^3z^2+111w^2z+119w,False,False,"[[ 0 -2  0  0  2 -1  0 -1  2],[ 2  0  2  0  2  0  1  0  1],[ 0 -2  0  0  1 -1  0  0  2],[ 0  0  0  0  1 -1  0  0 -1],[-2 -2 -1 -1  0 -2  0  0  0],[ 1  0  1  1  2  0  0 -1  0],[ 0 -1  0  0  0  0  0  0  2],[ 1  0  0  0  0  1  0  0  1],[-2 -1 -2  1  0  0 -2 -1  0]]","[[ 0  2  2  0  0  0 -1 -1 -2],[-2  0  0  1 -2 -2  0 -1 -1],[-2  0  0 -1  0 -1 -2  0 -2],[ 0 -1  1  0  0  0 -1  0  0],[ 0  2  0  0  0  0  0  0 -1],[ 0  2  1  0  0  0 -1  0 -2],[ 1  0  2  1  0  1  0 -1  0],[ 1  1  0  0  0  0  1  0  0],[ 2  1  2  0  1  2  0  0  0]]",True,"[-2,-2,0,0,0,1,1,2,0,-1,2,2,0,1,1,1,0,1,2,0,2,0,0,1,0,0,0,0,0,1,1,0,2,1,0,0]","[-2,-2,0,0,0,1,1,2,0,-1,2,2,0,1,1,1,0,1,2,0,2,0,0,1,0,0,0,0,0,1,1,0,2,1,0,0]",t^8+29t^6+183t^4+46t^2+1,"[-2,-1,-1,0,0,0,2,2,1,1,0,1,2,2,3,-1,1,1,1,3,2,0,1,0,1,3,0,0,1,0,0,2,0,1,3,0]","[-2,-2,0,0,0,1,1,2,0,0,0,3,2,3,3,1,2,1,3,1,2,0,0,1,0,0,0,1,1,1,1,0,2,1,1,1]","[-2,-1,-1,0,0,0,2,2,0,0,0,1,2,1,2,-1,1,0,1,0,2,0,0,0,1,0,0,0,-1,1,0,2,0,2,1,0]",c,"[[{8, 2}, {5, 7}, {3, 6}, {1, 4}], [{8, 5}, {2, 7}, {3, 6}, {1, 4}], [{8, 7}, {3, 6}, {2, 5}, {1, 4}]]",1,4 K_1^2 K_2 - 8 K_1^2 - 8 K_1 K_2 - 2 K_1 K_3 + 4 K_1 - 6 K_2^2 + 3 K_2 + 4 K_3 + 3 K_4 + 7,O1O2O3O4U5U3U6O7U8O5O8U1U4O6U2U7,O1O2O3U4U2U5U6O7O5U1O4O6U8U3O8U7,O1O2O3U4O5U1U5O6O7U3O8O4U6U8U2U7,c,{'O1O2O3O4U5U3O6U1U4O7O8U7O5U6U2U8'},1,"<a href=""/flatknot/8.850566"">8.850566</a>",t^9-27t^7-30t^6+140t^5+212t^4-238t^3-242t^2+138t+54,-t^2+2t,,
8.850567,O1O2O3O4U5U3O6U1U4O7O8U7O5U6U8U2,4,19z^2+104z+133,19w^3z^2+104w^2z+133w,False,False,"[[ 0 -2  1  0  2 -1  0 -1  1],[ 2  0  2  0  2  0  1  0  0],[-1 -2  0  0  1 -1 -1 -1  1],[ 0  0  0  0  1 -1  0  0 -1],[-2 -2 -1 -1  0 -2  0  0  0],[ 1  0  1  1  2  0  0 -1 -1],[ 0 -1  1  0  0  0  0  0  2],[ 1  0  1  0  0  1  0  0  1],[-1  0 -1  1  0  1 -2 -1  0]]","[[ 0  2  1  1  0  0 -1 -1 -2],[-2  0  0 -1  0 -1  0 -2 -2],[-1  0  0 -1 -2  1 -1  1  0],[-1  1  1  0 -1  0 -1 -1 -2],[ 0  0  2  1  0  0  0  0 -1],[ 0  1 -1  0  0  0  0 -1  0],[ 1  0  1  1  0  0  0  1  0],[ 1  2 -1  1  0  1 -1  0  0],[ 2  2  0  2  1  0  0  0  0]]",True,"[-2,-1,-1,0,0,1,1,2,0,1,0,1,0,2,2,1,2,-1,1,-1,0,1,0,1,1,2,0,0,0,1,0,1,0,-1,0,0]","[-2,-1,-1,0,0,1,1,2,0,0,0,1,0,2,2,-1,1,0,-1,1,2,0,0,1,1,0,0,-1,0,1,2,1,0,-1,0,1]",t^8+28t^6+190t^4+50t^2+1,"[-2,-1,-1,0,0,1,1,2,1,1,1,2,1,3,2,-1,1,1,1,1,3,1,0,1,3,1,0,0,-1,2,1,2,1,-1,0,1]","[-2,-1,-1,0,0,1,1,2,0,1,1,2,1,3,2,1,1,0,1,1,1,2,-1,3,1,3,0,0,1,2,1,1,1,-1,1,1]","[-2,-1,-1,0,0,1,1,2,0,0,0,1,0,2,2,-1,1,0,-1,1,2,0,0,1,1,0,0,-1,0,1,2,1,0,-1,0,1]",c,"[[{8, 5}, {3, 7}, {4, 6}, {1, 2}]]",1,8 K_1^3 - 16 K_1^2 - 16 K_1 K_2 - 4 K_1 K_3 + 2 K_1 - 4 K_2^2 + 10 K_2 + 6 K_3 + 4 K_4 + 11,O1O2O3O4U3U5U6O7U8O5O8U1U4O6U2U7,O1O2O3U4U3U5U6O7O5U1O4O6U8U2O8U7,O1O2O3U4O5U2U5O6O7U3O8O4U6U8U1U7,c,{'O1O2O3O4U5U3O6U1U4O7O8U7O5U6U8U2'},1,"<a href=""/flatknot/8.850567"">8.850567</a>",t^9-28t^7-30t^6+168t^5+190t^4-362t^3-328t^2+233t+132,0,,
8.850568,O1O2O3O4U5U3O6U1U4O7O8U7O5U8U6U2,4,26z^2+111z+119,26w^3z^2+111w^2z+119w,False,False,"[[ 0 -2  1  0  2 -1  1 -1  0],[ 2  0  2  0  2  0  1  0 -1],[-1 -2  0  0  1 -1  0 -1  0],[ 0  0  0  0  1 -1  0  0 -1],[-2 -2 -1 -1  0 -2  0  0 -1],[ 1  0  1  1  2  0  0 -1 -1],[-1 -1  0  0  0  0  0 -1  1],[ 1  0  1  0  0  1  1  0  1],[ 0  1  0  1  1  1 -1 -1  0]]","[[ 0  2  1  1  0  0 -1 -1 -2],[-2  0  0 -1 -1 -1  0 -2 -2],[-1  0  0  0  1  0 -1  0 -1],[-1  1  0  0  0  0 -1 -1 -2],[ 0  1 -1  0  0  1 -1  1  1],[ 0  1  0  0 -1  0  0 -1  0],[ 1  0  1  1  1  0  0  1  0],[ 1  2  0  1 -1  1 -1  0  0],[ 2  2  1  2 -1  0  0  0  0]]",True,"[-2,-1,-1,0,0,1,1,2,0,1,1,1,0,2,2,0,-1,0,1,0,1,0,0,1,1,2,-1,1,-1,-1,0,1,0,-1,0,0]","[-2,-1,-1,0,0,1,1,2,0,0,-1,0,1,2,2,-1,-1,1,0,1,2,1,0,1,1,0,1,-1,0,1,0,0,1,0,0,1]",t^8+26t^6+131t^4+26t^2+1,"[-2,-1,-1,0,0,1,1,2,1,1,2,3,1,2,2,-1,1,0,1,1,3,0,2,1,2,1,1,1,1,1,1,2,1,0,0,1]","[-2,-1,-1,0,0,1,1,2,0,1,1,1,1,3,2,0,1,1,1,1,1,1,2,2,1,2,-1,0,1,2,2,0,3,-1,1,1]","[-2,-1,-1,0,0,1,1,2,0,0,-1,0,1,2,2,-1,-1,1,0,1,2,1,0,1,1,0,1,-1,0,1,0,0,1,0,0,1]",c,"[[{8, 1}, {2, 7}, {3, 6}, {4, 5}], [{8, 1}, {2, 7}, {4, 6}, {3, 5}], [{8, 1}, {2, 7}, {4, 6}, {5}, {3}], [{8, 1}, {2, 7}, {5, 6}, {3, 4}], [{8, 1}, {2, 7}, {5, 6}, {4}, {3}], [{8, 1}, {2, 7}, {6}, {4, 5}, {3}], [{8, 1}, {3, 7}, {2, 6}, {4, 5}], [{8, 1}, {3, 7}, {2, 6}, {5}, {4}], [{8, 1}, {3, 7}, {4, 6}, {2, 5}], [{8, 1}, {3, 7}, {4, 6}, {5}, {2}], [{8, 1}, {3, 7}, {5, 6}, {2, 4}], [{8, 1}, {3, 7}, {5, 6}, {4}, {2}], [{8, 1}, {3, 7}, {6}, {2, 5}, {4}], [{8, 1}, {3, 7}, {6}, {4, 5}, {2}], [{8, 1}, {3, 7}, {6}, {5}, {2, 4}], [{8, 1}, {3, 7}, {6}, {5}, {4}, {2}], [{8, 1}, {4, 7}, {2, 6}, {3, 5}], [{8, 1}, {4, 7}, {3, 6}, {2, 5}], [{8, 1}, {4, 7}, {3, 6}, {5}, {2}], [{8, 1}, {4, 7}, {5, 6}, {2, 3}], [{8, 1}, {4, 7}, {5, 6}, {3}, {2}], [{8, 1}, {4, 7}, {6}, {3, 5}, {2}], [{8, 1}, {5, 7}, {2, 6}, {3, 4}], [{8, 1}, {5, 7}, {3, 6}, {2, 4}], [{8, 1}, {5, 7}, {3, 6}, {4}, {2}], [{8, 1}, {5, 7}, {4, 6}, {2, 3}], [{8, 1}, {5, 7}, {4, 6}, {3}, {2}], [{8, 1}, {5, 7}, {6}, {3, 4}, {2}], [{8, 1}, {6, 7}, {2, 5}, {3, 4}], [{8, 1}, {6, 7}, {3, 5}, {2, 4}], [{8, 1}, {6, 7}, {3, 5}, {4}, {2}], [{8, 1}, {6, 7}, {4, 5}, {2, 3}], [{8, 1}, {6, 7}, {4, 5}, {3}, {2}], [{8, 1}, {6, 7}, {5}, {3, 4}, {2}], [{8, 1}, {7}, {2, 6}, {4, 5}, {3}], [{8, 1}, {7}, {3, 6}, {4, 5}, {2}], [{8, 1}, {7}, {4, 6}, {2, 5}, {3}], [{8, 1}, {7}, {4, 6}, {3, 5}, {2}], [{8, 1}, {7}, {4, 6}, {5}, {2, 3}], [{8, 1}, {7}, {4, 6}, {5}, {3}, {2}], [{8, 1}, {7}, {5, 6}, {2, 4}, {3}], [{8, 1}, {7}, {5, 6}, {3, 4}, {2}], [{8, 1}, {7}, {5, 6}, {4}, {2, 3}], [{8, 1}, {7}, {5, 6}, {4}, {3}, {2}], [{8, 1}, {7}, {6}, {4, 5}, {2, 3}], [{8, 1}, {7}, {6}, {4, 5}, {3}, {2}], [{8, 2}, {1, 7}, {3, 6}, {4, 5}], [{8, 2}, {1, 7}, {4, 6}, {3, 5}], [{8, 2}, {1, 7}, {5, 6}, {3, 4}], [{8, 2}, {1, 7}, {6}, {3, 5}, {4}], [{8, 2}, {3, 7}, {1, 6}, {4, 5}], [{8, 2}, {3, 7}, {4, 6}, {1, 5}], [{8, 2}, {3, 7}, {5, 6}, {1, 4}], [{8, 2}, {4, 7}, {1, 6}, {3, 5}], [{8, 2}, {4, 7}, {3, 6}, {1, 5}], [{8, 2}, {4, 7}, {5, 6}, {1, 3}], [{8, 2}, {4, 7}, {6}, {1, 5}, {3}], [{8, 2}, {4, 7}, {6}, {3, 5}, {1}], [{8, 2}, {4, 7}, {6}, {5}, {1, 3}], [{8, 2}, {5, 7}, {1, 6}, {3, 4}], [{8, 2}, {5, 7}, {3, 6}, {1, 4}], [{8, 2}, {5, 7}, {4, 6}, {1, 3}], [{8, 2}, {5, 7}, {4, 6}, {3}, {1}], [{8, 2}, {6, 7}, {1, 5}, {3, 4}], [{8, 2}, {6, 7}, {3, 5}, {1, 4}], [{8, 2}, {6, 7}, {4, 5}, {1, 3}], [{8, 2}, {6, 7}, {5}, {3, 4}, {1}], [{8, 2}, {7}, {1, 6}, {4, 5}, {3}], [{8, 2}, {7}, {3, 6}, {1, 5}, {4}], [{8, 2}, {7}, {6}, {3, 5}, {1, 4}], [{8, 3}, {1, 7}, {2, 6}, {4, 5}], [{8, 3}, {1, 7}, {4, 6}, {2, 5}], [{8, 3}, {1, 7}, {5, 6}, {2, 4}], [{8, 3}, {2, 7}, {1, 6}, {4, 5}], [{8, 3}, {2, 7}, {4, 6}, {1, 5}], [{8, 3}, {2, 7}, {5, 6}, {1, 4}], [{8, 3}, {2, 7}, {6}, {1, 5}, {4}], [{8, 3}, {4, 7}, {1, 6}, {2, 5}], [{8, 3}, {4, 7}, {2, 6}, {1, 5}], [{8, 3}, {4, 7}, {5, 6}, {1, 2}], [{8, 3}, {4, 7}, {6}, {5}, {1, 2}], [{8, 3}, {5, 7}, {1, 6}, {2, 4}], [{8, 3}, {5, 7}, {2, 6}, {1, 4}], [{8, 3}, {5, 7}, {2, 6}, {4}, {1}], [{8, 3}, {5, 7}, {4, 6}, {1, 2}], [{8, 3}, {6, 7}, {1, 5}, {2, 4}], [{8, 3}, {6, 7}, {2, 5}, {1, 4}], [{8, 3}, {6, 7}, {4, 5}, {1, 2}], [{8, 3}, {7}, {1, 6}, {4, 5}, {2}], [{8, 4}, {1, 7}, {2, 6}, {3, 5}], [{8, 4}, {1, 7}, {2, 6}, {5}, {3}], [{8, 4}, {1, 7}, {3, 6}, {2, 5}], [{8, 4}, {1, 7}, {3, 6}, {5}, {2}], [{8, 4}, {1, 7}, {5, 6}, {2, 3}], [{8, 4}, {1, 7}, {6}, {5}, {2, 3}], [{8, 4}, {2, 7}, {1, 6}, {3, 5}], [{8, 4}, {2, 7}, {1, 6}, {5}, {3}], [{8, 4}, {2, 7}, {3, 6}, {1, 5}], [{8, 4}, {2, 7}, {5, 6}, {1, 3}], [{8, 4}, {2, 7}, {5, 6}, {3}, {1}], [{8, 4}, {2, 7}, {6}, {1, 5}, {3}], [{8, 4}, {3, 7}, {1, 6}, {2, 5}], [{8, 4}, {3, 7}, {1, 6}, {5}, {2}], [{8, 4}, {3, 7}, {2, 6}, {1, 5}], [{8, 4}, {3, 7}, {5, 6}, {1, 2}], [{8, 4}, {3, 7}, {5, 6}, {2}, {1}], [{8, 4}, {3, 7}, {6}, {1, 5}, {2}], [{8, 4}, {5, 7}, {1, 6}, {2, 3}], [{8, 4}, {5, 7}, {2, 6}, {1, 3}], [{8, 4}, {5, 7}, {2, 6}, {3}, {1}], [{8, 4}, {5, 7}, {3, 6}, {1, 2}], [{8, 4}, {5, 7}, {3, 6}, {2}, {1}], [{8, 4}, {5, 7}, {6}, {2, 3}, {1}], [{8, 4}, {6, 7}, {1, 5}, {2, 3}], [{8, 4}, {6, 7}, {1, 5}, {3}, {2}], [{8, 4}, {6, 7}, {2, 5}, {1, 3}], [{8, 4}, {6, 7}, {3, 5}, {1, 2}], [{8, 4}, {6, 7}, {5}, {2, 3}, {1}], [{8, 4}, {7}, {1, 6}, {5}, {2, 3}], [{8, 4}, {7}, {2, 6}, {1, 5}, {3}], [{8, 4}, {7}, {3, 6}, {1, 5}, {2}], [{8, 4}, {7}, {5, 6}, {2, 3}, {1}], [{8, 4}, {7}, {6}, {1, 5}, {2, 3}], [{8, 4}, {7}, {6}, {1, 5}, {3}, {2}], [{8, 4}, {7}, {6}, {2, 5}, {1, 3}], [{8, 4}, {7}, {6}, {3, 5}, {1, 2}], [{8, 4}, {7}, {6}, {5}, {2, 3}, {1}], [{8, 5}, {1, 7}, {2, 6}, {3, 4}], [{8, 5}, {1, 7}, {3, 6}, {2, 4}], [{8, 5}, {1, 7}, {4, 6}, {2, 3}], [{8, 5}, {2, 7}, {1, 6}, {3, 4}], [{8, 5}, {2, 7}, {1, 6}, {4}, {3}], [{8, 5}, {2, 7}, {3, 6}, {1, 4}], [{8, 5}, {2, 7}, {4, 6}, {1, 3}], [{8, 5}, {2, 7}, {4, 6}, {3}, {1}], [{8, 5}, {2, 7}, {6}, {1, 4}, {3}], [{8, 5}, {3, 7}, {1, 6}, {2, 4}], [{8, 5}, {3, 7}, {1, 6}, {4}, {2}], [{8, 5}, {3, 7}, {2, 6}, {1, 4}], [{8, 5}, {3, 7}, {4, 6}, {1, 2}], [{8, 5}, {3, 7}, {4, 6}, {2}, {1}], [{8, 5}, {3, 7}, {6}, {1, 4}, {2}], [{8, 5}, {4, 7}, {1, 6}, {2, 3}], [{8, 5}, {4, 7}, {2, 6}, {1, 3}], [{8, 5}, {4, 7}, {3, 6}, {1, 2}], [{8, 5}, {4, 7}, {3, 6}, {2}, {1}], [{8, 5}, {4, 7}, {6}, {3}, {1, 2}], [{8, 5}, {6, 7}, {1, 4}, {2, 3}], [{8, 5}, {6, 7}, {2, 4}, {1, 3}], [{8, 5}, {6, 7}, {3, 4}, {1, 2}], [{8, 5}, {7}, {1, 6}, {4}, {2, 3}], [{8, 5}, {7}, {3, 6}, {4}, {1, 2}], [{8, 5}, {7}, {4, 6}, {2, 3}, {1}], [{8, 5}, {7}, {6}, {1, 4}, {2, 3}], [{8, 6}, {1, 7}, {2, 5}, {3, 4}], [{8, 6}, {1, 7}, {3, 5}, {2, 4}], [{8, 6}, {1, 7}, {4, 5}, {2, 3}], [{8, 6}, {1, 7}, {4, 5}, {3}, {2}], [{8, 6}, {2, 7}, {1, 5}, {3, 4}], [{8, 6}, {2, 7}, {1, 5}, {4}, {3}], [{8, 6}, {2, 7}, {3, 5}, {1, 4}], [{8, 6}, {2, 7}, {4, 5}, {1, 3}], [{8, 6}, {2, 7}, {4, 5}, {3}, {1}], [{8, 6}, {2, 7}, {5}, {1, 4}, {3}], [{8, 6}, {3, 7}, {1, 5}, {2, 4}], [{8, 6}, {3, 7}, {1, 5}, {4}, {2}], [{8, 6}, {3, 7}, {2, 5}, {1, 4}], [{8, 6}, {3, 7}, {4, 5}, {1, 2}], [{8, 6}, {3, 7}, {4, 5}, {2}, {1}], [{8, 6}, {3, 7}, {5}, {1, 4}, {2}], [{8, 6}, {4, 7}, {1, 5}, {2, 3}], [{8, 6}, {4, 7}, {2, 5}, {1, 3}], [{8, 6}, {4, 7}, {3, 5}, {1, 2}], [{8, 6}, {5, 7}, {1, 4}, {2, 3}], [{8, 6}, {5, 7}, {2, 4}, {1, 3}], [{8, 6}, {5, 7}, {3, 4}, {1, 2}], [{8, 6}, {7}, {1, 5}, {4}, {2, 3}], [{8, 6}, {7}, {4, 5}, {1, 3}, {2}], [{8, 6}, {7}, {4, 5}, {2, 3}, {1}], [{8, 6}, {7}, {4, 5}, {3}, {1, 2}], [{8, 6}, {7}, {4, 5}, {3}, {2}, {1}], [{8, 6}, {7}, {5}, {1, 4}, {2, 3}], [{8, 7}, {1, 6}, {2, 5}, {3, 4}], [{8, 7}, {1, 6}, {3, 5}, {2, 4}], [{8, 7}, {1, 6}, {4, 5}, {2, 3}], [{8, 7}, {1, 6}, {4, 5}, {3}, {2}], [{8, 7}, {1, 6}, {5}, {4}, {2, 3}], [{8, 7}, {2, 6}, {1, 5}, {3, 4}], [{8, 7}, {2, 6}, {3, 5}, {1, 4}], [{8, 7}, {2, 6}, {4, 5}, {1, 3}], [{8, 7}, {2, 6}, {5}, {4}, {1, 3}], [{8, 7}, {3, 6}, {1, 5}, {2, 4}], [{8, 7}, {3, 6}, {1, 5}, {4}, {2}], [{8, 7}, {3, 6}, {2, 5}, {1, 4}], [{8, 7}, {3, 6}, {4, 5}, {1, 2}], [{8, 7}, {4, 6}, {1, 5}, {2, 3}], [{8, 7}, {4, 6}, {2, 5}, {1, 3}], [{8, 7}, {4, 6}, {3, 5}, {1, 2}], [{8, 7}, {5, 6}, {1, 4}, {2, 3}], [{8, 7}, {5, 6}, {2, 4}, {1, 3}], [{8, 7}, {5, 6}, {3, 4}, {1, 2}], [{8, 7}, {5, 6}, {3, 4}, {2}, {1}], [{8, 7}, {6}, {1, 5}, {2, 4}, {3}], [{8, 7}, {6}, {3, 5}, {4}, {1, 2}], [{8}, {1, 7}, {3, 6}, {2, 5}, {4}], [{8}, {1, 7}, {5, 6}, {3, 4}, {2}], [{8}, {2, 7}, {1, 6}, {4, 5}, {3}], [{8}, {2, 7}, {3, 6}, {1, 5}, {4}], [{8}, {2, 7}, {4, 6}, {1, 5}, {3}], [{8}, {2, 7}, {5, 6}, {1, 4}, {3}], [{8}, {2, 7}, {6}, {1, 5}, {3, 4}], [{8}, {2, 7}, {6}, {1, 5}, {4}, {3}], [{8}, {3, 7}, {1, 6}, {4, 5}, {2}], [{8}, {3, 7}, {4, 6}, {1, 5}, {2}], [{8}, {3, 7}, {5, 6}, {1, 4}, {2}], [{8}, {4, 7}, {1, 6}, {5}, {2, 3}], [{8}, {4, 7}, {3, 6}, {1, 5}, {2}], [{8}, {4, 7}, {6}, {3, 5}, {1, 2}], [{8}, {5, 7}, {1, 6}, {4}, {2, 3}], [{8}, {5, 7}, {2, 6}, {3, 4}, {1}], [{8}, {5, 7}, {3, 6}, {1, 4}, {2}], [{8}, {5, 7}, {4, 6}, {3}, {1, 2}], [{8}, {5, 7}, {6}, {2, 4}, {1, 3}], [{8}, {6, 7}, {2, 5}, {1, 4}, {3}], [{8}, {6, 7}, {5}, {3, 4}, {1, 2}], [{8}, {7}, {1, 6}, {2, 5}, {3, 4}], [{8}, {7}, {1, 6}, {3, 5}, {2, 4}], [{8}, {7}, {1, 6}, {4, 5}, {2, 3}], [{8}, {7}, {1, 6}, {4, 5}, {3}, {2}], [{8}, {7}, {1, 6}, {5}, {4}, {2, 3}], [{8}, {7}, {3, 6}, {1, 5}, {2, 4}], [{8}, {7}, {4, 6}, {1, 5}, {2, 3}], [{8}, {7}, {5, 6}, {1, 4}, {2, 3}]]",2,- 4 K_1 K_2 + 2 K_1 + 2 K_3 + 1,O1O2O3O4U3U5U6O7U8O6O8U1U4O5U2U7,O1O2O3U4U3U5U6O7O5U2O4O6U8U1O8U7,O1O2O3U4O5U3U5O6O7U2O8O4U6U8U1U7,c,{'O1O2O3O4U5U3O6U1U4O7O8U7O5U8U6U2'},1,"<a href=""/flatknot/8.850568"">8.850568</a>",t^9-26t^7-34t^6+83t^5+108t^4-61t^3-94t^2-10t+16,0,,
8.850569,O1O2O3O4U5U3O6U1U6O7O8U2O5U7U4U8,4,2z^3+23z^2+102z+129,2w^4z^3+23w^3z^2+102w^2z+129w,False,False,"[[ 0 -2 -1  0  2 -1  1 -1  2],[ 2  0  2  0  3 -1  1  0  1],[ 1 -2  0  0  2  0  0  0  2],[ 0  0  0  0  0  0  0 -1  0],[-2 -3 -2  0  0 -1  0 -1  1],[ 1  1  0  0  1  0  1 -1  1],[-1 -1  0  0  0 -1  0  0  0],[ 1  0  0  1  1  1  0  0  1],[-2 -1 -2  0 -1 -1  0 -1  0]]","[[ 0  2  2  1  0 -1 -1 -1 -2],[-2  0  1  0  0 -1 -1 -2 -3],[-2 -1  0  0  0 -1 -1 -2 -1],[-1  0  0  0  0  0 -1  0 -1],[ 0  0  0  0  0 -1  0  0  0],[ 1  1  1  0  1  0  1  0  0],[ 1  1  1  1  0 -1  0  0  1],[ 1  2  2  0  0  0  0  0 -2],[ 2  3  1  1  0  0 -1  2  0]]",True,"[-2,-2,-1,0,1,1,1,2,-1,0,0,1,1,2,3,0,0,1,1,2,1,0,0,1,0,1,1,0,0,0,-1,0,0,0,-1,2]","[-2,-2,-1,0,1,1,1,2,-1,0,0,1,1,2,3,0,0,1,1,2,1,0,0,1,0,1,1,0,0,0,-1,0,0,0,-1,2]",t^8+32t^6+149t^4+80t^2+4,"[-2,-1,-1,-1,0,1,2,2,-1,1,2,2,2,1,3,0,0,1,2,1,1,-1,0,2,2,2,1,1,2,2,1,2,2,1,1,-1]","[-2,-2,-1,0,1,1,1,2,-1,1,2,1,2,2,3,1,2,1,2,2,1,1,2,1,2,2,1,1,0,2,0,0,-1,-1,2,1]","[-2,-1,-1,-1,0,1,2,2,-1,0,2,0,1,1,3,-1,0,0,1,1,1,0,1,0,1,1,0,0,2,2,0,0,0,0,0,-1]",c,"[[{8, 1}, {2, 7}, {3, 6}, {4, 5}], [{8, 1}, {2, 7}, {3, 6}, {5}, {4}], [{8, 1}, {2, 7}, {4, 6}, {3, 5}], [{8, 1}, {2, 7}, {5, 6}, {3, 4}], [{8, 1}, {3, 7}, {2, 6}, {4, 5}], [{8, 1}, {3, 7}, {2, 6}, {5}, {4}], [{8, 1}, {3, 7}, {4, 6}, {2, 5}], [{8, 1}, {3, 7}, {5, 6}, {2, 4}], [{8, 1}, {3, 7}, {5, 6}, {4}, {2}], [{8, 1}, {3, 7}, {6}, {2, 5}, {4}], [{8, 1}, {4, 7}, {2, 6}, {3, 5}], [{8, 1}, {4, 7}, {3, 6}, {2, 5}], [{8, 1}, {4, 7}, {5, 6}, {2, 3}], [{8, 1}, {4, 7}, {6}, {2, 5}, {3}], [{8, 1}, {4, 7}, {6}, {3, 5}, {2}], [{8, 1}, {4, 7}, {6}, {5}, {2, 3}], [{8, 1}, {5, 7}, {2, 6}, {3, 4}], [{8, 1}, {5, 7}, {3, 6}, {2, 4}], [{8, 1}, {5, 7}, {3, 6}, {4}, {2}], [{8, 1}, {5, 7}, {4, 6}, {2, 3}], [{8, 1}, {6, 7}, {2, 5}, {3, 4}], [{8, 1}, {6, 7}, {2, 5}, {4}, {3}], [{8, 1}, {6, 7}, {3, 5}, {2, 4}], [{8, 1}, {6, 7}, {4, 5}, {2, 3}], [{8, 1}, {6, 7}, {4, 5}, {3}, {2}], [{8, 1}, {6, 7}, {5}, {2, 4}, {3}], [{8, 1}, {7}, {3, 6}, {2, 5}, {4}], [{8, 1}, {7}, {4, 6}, {2, 5}, {3}], [{8, 1}, {7}, {6}, {2, 5}, {3, 4}], [{8, 2}, {1, 7}, {3, 6}, {4, 5}], [{8, 2}, {1, 7}, {4, 6}, {3, 5}], [{8, 2}, {1, 7}, {4, 6}, {5}, {3}], [{8, 2}, {1, 7}, {5, 6}, {3, 4}], [{8, 2}, {3, 7}, {1, 6}, {4, 5}], [{8, 2}, {3, 7}, {4, 6}, {1, 5}], [{8, 2}, {3, 7}, {5, 6}, {1, 4}], [{8, 2}, {4, 7}, {1, 6}, {3, 5}], [{8, 2}, {4, 7}, {1, 6}, {5}, {3}], [{8, 2}, {4, 7}, {3, 6}, {1, 5}], [{8, 2}, {4, 7}, {5, 6}, {1, 3}], [{8, 2}, {5, 7}, {1, 6}, {3, 4}], [{8, 2}, {5, 7}, {3, 6}, {1, 4}], [{8, 2}, {5, 7}, {4, 6}, {1, 3}], [{8, 2}, {6, 7}, {1, 5}, {3, 4}], [{8, 2}, {6, 7}, {3, 5}, {1, 4}], [{8, 2}, {6, 7}, {4, 5}, {1, 3}], [{8, 2}, {6, 7}, {5}, {1, 4}, {3}], [{8, 2}, {7}, {3, 6}, {1, 5}, {4}], [{8, 2}, {7}, {5, 6}, {4}, {1, 3}], [{8, 3}, {1, 7}, {2, 6}, {4, 5}], [{8, 3}, {1, 7}, {2, 6}, {5}, {4}], [{8, 3}, {1, 7}, {4, 6}, {2, 5}], [{8, 3}, {1, 7}, {5, 6}, {2, 4}], [{8, 3}, {1, 7}, {5, 6}, {4}, {2}], [{8, 3}, {1, 7}, {6}, {2, 5}, {4}], [{8, 3}, {2, 7}, {1, 6}, {4, 5}], [{8, 3}, {2, 7}, {4, 6}, {1, 5}], [{8, 3}, {2, 7}, {5, 6}, {1, 4}], [{8, 3}, {4, 7}, {1, 6}, {2, 5}], [{8, 3}, {4, 7}, {2, 6}, {1, 5}], [{8, 3}, {4, 7}, {5, 6}, {1, 2}], [{8, 3}, {4, 7}, {6}, {2, 5}, {1}], [{8, 3}, {5, 7}, {1, 6}, {2, 4}], [{8, 3}, {5, 7}, {2, 6}, {1, 4}], [{8, 3}, {5, 7}, {4, 6}, {1, 2}], [{8, 3}, {6, 7}, {1, 5}, {2, 4}], [{8, 3}, {6, 7}, {2, 5}, {1, 4}], [{8, 3}, {6, 7}, {4, 5}, {1, 2}], [{8, 3}, {7}, {1, 6}, {4, 5}, {2}], [{8, 3}, {7}, {6}, {2, 5}, {1, 4}], [{8, 4}, {1, 7}, {2, 6}, {3, 5}], [{8, 4}, {1, 7}, {2, 6}, {5}, {3}], [{8, 4}, {1, 7}, {3, 6}, {2, 5}], [{8, 4}, {1, 7}, {5, 6}, {2, 3}], [{8, 4}, {2, 7}, {1, 6}, {3, 5}], [{8, 4}, {2, 7}, {3, 6}, {1, 5}], [{8, 4}, {2, 7}, {3, 6}, {5}, {1}], [{8, 4}, {2, 7}, {5, 6}, {1, 3}], [{8, 4}, {3, 7}, {1, 6}, {2, 5}], [{8, 4}, {3, 7}, {2, 6}, {1, 5}], [{8, 4}, {3, 7}, {2, 6}, {5}, {1}], [{8, 4}, {3, 7}, {5, 6}, {1, 2}], [{8, 4}, {3, 7}, {5, 6}, {2}, {1}], [{8, 4}, {3, 7}, {6}, {2, 5}, {1}], [{8, 4}, {5, 7}, {1, 6}, {2, 3}], [{8, 4}, {5, 7}, {2, 6}, {1, 3}], [{8, 4}, {5, 7}, {3, 6}, {1, 2}], [{8, 4}, {5, 7}, {3, 6}, {2}, {1}], [{8, 4}, {6, 7}, {1, 5}, {2, 3}], [{8, 4}, {6, 7}, {2, 5}, {1, 3}], [{8, 4}, {6, 7}, {2, 5}, {3}, {1}], [{8, 4}, {6, 7}, {3, 5}, {1, 2}], [{8, 4}, {7}, {2, 6}, {5}, {1, 3}], [{8, 4}, {7}, {3, 6}, {2, 5}, {1}], [{8, 5}, {1, 7}, {2, 6}, {3, 4}], [{8, 5}, {1, 7}, {2, 6}, {4}, {3}], [{8, 5}, {1, 7}, {3, 6}, {2, 4}], [{8, 5}, {1, 7}, {4, 6}, {2, 3}], [{8, 5}, {2, 7}, {1, 6}, {3, 4}], [{8, 5}, {2, 7}, {3, 6}, {1, 4}], [{8, 5}, {2, 7}, {3, 6}, {4}, {1}], [{8, 5}, {2, 7}, {4, 6}, {1, 3}], [{8, 5}, {3, 7}, {1, 6}, {2, 4}], [{8, 5}, {3, 7}, {2, 6}, {1, 4}], [{8, 5}, {3, 7}, {2, 6}, {4}, {1}], [{8, 5}, {3, 7}, {4, 6}, {1, 2}], [{8, 5}, {4, 7}, {1, 6}, {2, 3}], [{8, 5}, {4, 7}, {2, 6}, {1, 3}], [{8, 5}, {4, 7}, {3, 6}, {1, 2}], [{8, 5}, {6, 7}, {1, 4}, {2, 3}], [{8, 5}, {6, 7}, {1, 4}, {3}, {2}], [{8, 5}, {6, 7}, {2, 4}, {1, 3}], [{8, 5}, {6, 7}, {3, 4}, {1, 2}], [{8, 5}, {7}, {2, 6}, {4}, {1, 3}], [{8, 6}, {1, 7}, {2, 5}, {3, 4}], [{8, 6}, {1, 7}, {3, 5}, {2, 4}], [{8, 6}, {1, 7}, {4, 5}, {2, 3}], [{8, 6}, {2, 7}, {1, 5}, {3, 4}], [{8, 6}, {2, 7}, {3, 5}, {1, 4}], [{8, 6}, {2, 7}, {4, 5}, {1, 3}], [{8, 6}, {3, 7}, {1, 5}, {2, 4}], [{8, 6}, {3, 7}, {2, 5}, {1, 4}], [{8, 6}, {3, 7}, {4, 5}, {1, 2}], [{8, 6}, {4, 7}, {1, 5}, {2, 3}], [{8, 6}, {4, 7}, {2, 5}, {1, 3}], [{8, 6}, {4, 7}, {3, 5}, {1, 2}], [{8, 6}, {5, 7}, {1, 4}, {2, 3}], [{8, 6}, {5, 7}, {2, 4}, {1, 3}], [{8, 6}, {5, 7}, {3, 4}, {1, 2}], [{8, 6}, {7}, {1, 5}, {4}, {2, 3}], [{8, 6}, {7}, {2, 5}, {1, 4}, {3}], [{8, 7}, {1, 6}, {2, 5}, {3, 4}], [{8, 7}, {1, 6}, {3, 5}, {2, 4}], [{8, 7}, {1, 6}, {4, 5}, {2, 3}], [{8, 7}, {2, 6}, {1, 5}, {3, 4}], [{8, 7}, {2, 6}, {3, 5}, {1, 4}], [{8, 7}, {2, 6}, {4, 5}, {1, 3}], [{8, 7}, {2, 6}, {5}, {4}, {1, 3}], [{8, 7}, {3, 6}, {1, 5}, {2, 4}], [{8, 7}, {3, 6}, {1, 5}, {4}, {2}], [{8, 7}, {3, 6}, {2, 5}, {1, 4}], [{8, 7}, {3, 6}, {4, 5}, {1, 2}], [{8, 7}, {4, 6}, {1, 5}, {2, 3}], [{8, 7}, {4, 6}, {2, 5}, {1, 3}], [{8, 7}, {4, 6}, {3, 5}, {1, 2}], [{8, 7}, {4, 6}, {5}, {1, 3}, {2}], [{8, 7}, {5, 6}, {1, 4}, {2, 3}], [{8, 7}, {5, 6}, {2, 4}, {1, 3}], [{8, 7}, {5, 6}, {3, 4}, {1, 2}], [{8, 7}, {6}, {2, 5}, {1, 4}, {3}], [{8, 7}, {6}, {3, 5}, {1, 4}, {2}], [{8, 7}, {6}, {4, 5}, {3}, {1, 2}], [{8, 7}, {6}, {5}, {1, 4}, {2, 3}], [{8, 7}, {6}, {5}, {2, 4}, {1, 3}], [{8}, {1, 7}, {2, 6}, {3, 5}, {4}], [{8}, {1, 7}, {2, 6}, {4, 5}, {3}], [{8}, {1, 7}, {2, 6}, {5}, {3, 4}], [{8}, {1, 7}, {3, 6}, {4, 5}, {2}], [{8}, {1, 7}, {6}, {4, 5}, {2, 3}], [{8}, {2, 7}, {3, 6}, {1, 5}, {4}], [{8}, {2, 7}, {3, 6}, {4, 5}, {1}], [{8}, {2, 7}, {3, 6}, {5}, {1, 4}], [{8}, {2, 7}, {3, 6}, {5}, {4}, {1}], [{8}, {2, 7}, {4, 6}, {3, 5}, {1}], [{8}, {2, 7}, {5, 6}, {3, 4}, {1}], [{8}, {3, 7}, {2, 6}, {1, 5}, {4}], [{8}, {3, 7}, {2, 6}, {4, 5}, {1}], [{8}, {3, 7}, {2, 6}, {5}, {1, 4}], [{8}, {3, 7}, {5, 6}, {1, 4}, {2}], [{8}, {3, 7}, {6}, {2, 5}, {1, 4}], [{8}, {4, 7}, {2, 6}, {5}, {1, 3}], [{8}, {4, 7}, {5, 6}, {1, 3}, {2}], [{8}, {4, 7}, {6}, {2, 5}, {1, 3}], [{8}, {5, 7}, {2, 6}, {4}, {1, 3}], [{8}, {5, 7}, {3, 6}, {1, 4}, {2}], [{8}, {5, 7}, {4, 6}, {3}, {1, 2}], [{8}, {6, 7}, {2, 5}, {1, 4}, {3}], [{8}, {7}, {2, 6}, {4, 5}, {1, 3}], [{8}, {7}, {3, 6}, {2, 5}, {1, 4}], [{8}, {7}, {3, 6}, {4, 5}, {1, 2}]]",2,- 8 K_1^4 + 24 K_1^3 + 12 K_1^2 K_2 - 32 K_1^2 - 36 K_1 K_2 - 6 K_1 K_3 + 17 K_2 + 12 K_3 + K_4 + 17,O1O2O3O4U5U1U6O7U3O5O6U8U4O8U2U7,O1O2O3U4U5U6U2O7O6U8O4O8U1U3O5U7,O1O2O3U4O5U1U3O6O7U6O8O4U2U8U5U7,c,{'O1O2O3O4U5U3O6U1U6O7O8U2O5U7U4U8'},1,"<a href=""/flatknot/8.850569"">8.850569</a>",t^9-30t^7-70t^6+18t^5+172t^4+129t^3-54t^2-104t-26,-t^2+2t,,
8.850570,O1O2O3O4U5U3O6U1U6O7O8U2O5U7U8U4,4,z^3+28z^2+94z+85,w^4z^3+28w^3z^2+94w^2z+85w,False,False,"[[ 0 -2 -1  0  3 -1  1 -1  1],[ 2  0  2  0  3 -1  1  0  0],[ 1 -2  0  0  3  0  0  0  1],[ 0  0  0  0  0  0  0 -1 -1],[-3 -3 -3  0  0 -1  0 -2  0],[ 1  1  0  0  1  0  1 -1  0],[-1 -1  0  0  0 -1  0  0  0],[ 1  0  0  1  2  1  0  0  1],[-1  0 -1  1  0  0  0 -1  0]]","[[ 0  3  1  1  0 -1 -1 -1 -2],[-3  0  0  0  0 -1 -2 -3 -3],[-1  0  0  0  1  0 -1 -1  0],[-1  0  0  0  0 -1  0  0 -1],[ 0  0 -1  0  0  0 -1  0  0],[ 1  1  0  1  0  0 -1  0  1],[ 1  2  1  0  1  1  0  0  0],[ 1  3  1  0  0  0  0  0 -2],[ 2  3  0  1  0 -1  0  2  0]]",True,"[-3,-1,-1,0,1,1,1,2,0,0,0,1,2,3,3,0,-1,0,1,1,0,0,1,0,0,1,0,1,0,0,1,0,-1,0,0,2]","[-3,-1,-1,0,1,1,1,2,0,0,0,1,2,3,3,0,-1,0,1,1,0,0,1,0,0,1,0,1,0,0,1,0,-1,0,0,2]",t^8+35t^6+204t^4+164t^2+1,"[-2,-1,-1,-1,0,1,1,3,-1,1,2,2,2,3,2,0,0,1,2,1,1,-1,0,2,1,2,1,1,2,3,1,2,3,0,2,2]","[-3,-1,-1,0,1,1,1,2,2,2,3,1,2,3,2,0,1,2,2,1,2,2,1,1,2,3,1,0,1,2,0,0,-1,1,1,2]","[-2,-1,-1,-1,0,1,1,3,-1,0,2,0,0,1,3,-1,0,0,0,1,1,0,1,1,0,2,0,1,0,3,-1,0,0,0,0,0]",c,"[[{8, 1}, {2, 7}, {3, 6}, {4, 5}], [{8, 1}, {2, 7}, {4, 6}, {3, 5}], [{8, 1}, {2, 7}, {5, 6}, {3, 4}], [{8, 1}, {3, 7}, {2, 6}, {4, 5}], [{8, 1}, {3, 7}, {4, 6}, {2, 5}], [{8, 1}, {3, 7}, {5, 6}, {2, 4}], [{8, 1}, {4, 7}, {2, 6}, {3, 5}], [{8, 1}, {4, 7}, {3, 6}, {2, 5}], [{8, 1}, {4, 7}, {5, 6}, {2, 3}], [{8, 1}, {4, 7}, {5, 6}, {3}, {2}], [{8, 1}, {5, 7}, {2, 6}, {3, 4}], [{8, 1}, {5, 7}, {3, 6}, {2, 4}], [{8, 1}, {5, 7}, {4, 6}, {2, 3}], [{8, 1}, {6, 7}, {2, 5}, {3, 4}], [{8, 1}, {6, 7}, {3, 5}, {2, 4}], [{8, 1}, {6, 7}, {4, 5}, {2, 3}], [{8, 1}, {7}, {3, 6}, {5}, {2, 4}], [{8, 1}, {7}, {4, 6}, {2, 5}, {3}], [{8, 2}, {1, 7}, {3, 6}, {4, 5}], [{8, 2}, {1, 7}, {4, 6}, {3, 5}], [{8, 2}, {1, 7}, {5, 6}, {3, 4}], [{8, 2}, {1, 7}, {5, 6}, {4}, {3}], [{8, 2}, {3, 7}, {1, 6}, {4, 5}], [{8, 2}, {3, 7}, {4, 6}, {1, 5}], [{8, 2}, {3, 7}, {5, 6}, {1, 4}], [{8, 2}, {3, 7}, {6}, {5}, {1, 4}], [{8, 2}, {4, 7}, {1, 6}, {3, 5}], [{8, 2}, {4, 7}, {3, 6}, {1, 5}], [{8, 2}, {4, 7}, {5, 6}, {1, 3}], [{8, 2}, {4, 7}, {5, 6}, {3}, {1}], [{8, 2}, {5, 7}, {1, 6}, {3, 4}], [{8, 2}, {5, 7}, {3, 6}, {1, 4}], [{8, 2}, {5, 7}, {3, 6}, {4}, {1}], [{8, 2}, {5, 7}, {4, 6}, {1, 3}], [{8, 2}, {5, 7}, {6}, {1, 4}, {3}], [{8, 2}, {6, 7}, {1, 5}, {3, 4}], [{8, 2}, {6, 7}, {1, 5}, {4}, {3}], [{8, 2}, {6, 7}, {3, 5}, {1, 4}], [{8, 2}, {6, 7}, {4, 5}, {1, 3}], [{8, 2}, {6, 7}, {4, 5}, {3}, {1}], [{8, 2}, {6, 7}, {5}, {1, 4}, {3}], [{8, 2}, {7}, {3, 6}, {5}, {1, 4}], [{8, 2}, {7}, {5, 6}, {1, 4}, {3}], [{8, 2}, {7}, {6}, {3, 5}, {1, 4}], [{8, 2}, {7}, {6}, {5}, {1, 4}, {3}], [{8, 3}, {1, 7}, {2, 6}, {4, 5}], [{8, 3}, {1, 7}, {2, 6}, {5}, {4}], [{8, 3}, {1, 7}, {4, 6}, {2, 5}], [{8, 3}, {1, 7}, {5, 6}, {2, 4}], [{8, 3}, {2, 7}, {1, 6}, {4, 5}], [{8, 3}, {2, 7}, {4, 6}, {1, 5}], [{8, 3}, {2, 7}, {5, 6}, {1, 4}], [{8, 3}, {4, 7}, {1, 6}, {2, 5}], [{8, 3}, {4, 7}, {2, 6}, {1, 5}], [{8, 3}, {4, 7}, {5, 6}, {1, 2}], [{8, 3}, {4, 7}, {5, 6}, {2}, {1}], [{8, 3}, {5, 7}, {1, 6}, {2, 4}], [{8, 3}, {5, 7}, {2, 6}, {1, 4}], [{8, 3}, {5, 7}, {2, 6}, {4}, {1}], [{8, 3}, {5, 7}, {4, 6}, {1, 2}], [{8, 3}, {6, 7}, {1, 5}, {2, 4}], [{8, 3}, {6, 7}, {2, 5}, {1, 4}], [{8, 3}, {6, 7}, {4, 5}, {1, 2}], [{8, 3}, {7}, {1, 6}, {4, 5}, {2}], [{8, 3}, {7}, {2, 6}, {1, 5}, {4}], [{8, 3}, {7}, {6}, {2, 5}, {1, 4}], [{8, 4}, {1, 7}, {2, 6}, {3, 5}], [{8, 4}, {1, 7}, {2, 6}, {5}, {3}], [{8, 4}, {1, 7}, {3, 6}, {2, 5}], [{8, 4}, {1, 7}, {5, 6}, {2, 3}], [{8, 4}, {2, 7}, {1, 6}, {3, 5}], [{8, 4}, {2, 7}, {3, 6}, {1, 5}], [{8, 4}, {2, 7}, {5, 6}, {1, 3}], [{8, 4}, {3, 7}, {1, 6}, {2, 5}], [{8, 4}, {3, 7}, {2, 6}, {1, 5}], [{8, 4}, {3, 7}, {5, 6}, {1, 2}], [{8, 4}, {5, 7}, {1, 6}, {2, 3}], [{8, 4}, {5, 7}, {2, 6}, {1, 3}], [{8, 4}, {5, 7}, {3, 6}, {1, 2}], [{8, 4}, {6, 7}, {1, 5}, {2, 3}], [{8, 4}, {6, 7}, {2, 5}, {1, 3}], [{8, 4}, {6, 7}, {3, 5}, {1, 2}], [{8, 4}, {7}, {1, 6}, {2, 5}, {3}], [{8, 5}, {1, 7}, {2, 6}, {3, 4}], [{8, 5}, {1, 7}, {2, 6}, {4}, {3}], [{8, 5}, {1, 7}, {3, 6}, {2, 4}], [{8, 5}, {1, 7}, {4, 6}, {2, 3}], [{8, 5}, {2, 7}, {1, 6}, {3, 4}], [{8, 5}, {2, 7}, {3, 6}, {1, 4}], [{8, 5}, {2, 7}, {3, 6}, {4}, {1}], [{8, 5}, {2, 7}, {4, 6}, {1, 3}], [{8, 5}, {2, 7}, {6}, {1, 4}, {3}], [{8, 5}, {3, 7}, {1, 6}, {2, 4}], [{8, 5}, {3, 7}, {2, 6}, {1, 4}], [{8, 5}, {3, 7}, {4, 6}, {1, 2}], [{8, 5}, {3, 7}, {6}, {1, 4}, {2}], [{8, 5}, {4, 7}, {1, 6}, {2, 3}], [{8, 5}, {4, 7}, {2, 6}, {1, 3}], [{8, 5}, {4, 7}, {2, 6}, {3}, {1}], [{8, 5}, {4, 7}, {3, 6}, {1, 2}], [{8, 5}, {6, 7}, {1, 4}, {2, 3}], [{8, 5}, {6, 7}, {1, 4}, {3}, {2}], [{8, 5}, {6, 7}, {2, 4}, {1, 3}], [{8, 5}, {6, 7}, {2, 4}, {3}, {1}], [{8, 5}, {6, 7}, {3, 4}, {1, 2}], [{8, 5}, {6, 7}, {4}, {3}, {1, 2}], [{8, 5}, {7}, {2, 6}, {1, 4}, {3}], [{8, 5}, {7}, {3, 6}, {1, 4}, {2}], [{8, 5}, {7}, {6}, {1, 4}, {2, 3}], [{8, 5}, {7}, {6}, {1, 4}, {3}, {2}], [{8, 6}, {1, 7}, {2, 5}, {3, 4}], [{8, 6}, {1, 7}, {3, 5}, {2, 4}], [{8, 6}, {1, 7}, {4, 5}, {2, 3}], [{8, 6}, {2, 7}, {1, 5}, {3, 4}], [{8, 6}, {2, 7}, {3, 5}, {1, 4}], [{8, 6}, {2, 7}, {4, 5}, {1, 3}], [{8, 6}, {3, 7}, {1, 5}, {2, 4}], [{8, 6}, {3, 7}, {2, 5}, {1, 4}], [{8, 6}, {3, 7}, {4, 5}, {1, 2}], [{8, 6}, {4, 7}, {1, 5}, {2, 3}], [{8, 6}, {4, 7}, {2, 5}, {1, 3}], [{8, 6}, {4, 7}, {3, 5}, {1, 2}], [{8, 6}, {5, 7}, {1, 4}, {2, 3}], [{8, 6}, {5, 7}, {2, 4}, {1, 3}], [{8, 6}, {5, 7}, {3, 4}, {1, 2}], [{8, 6}, {7}, {2, 5}, {1, 4}, {3}], [{8, 7}, {1, 6}, {2, 5}, {3, 4}], [{8, 7}, {1, 6}, {3, 5}, {2, 4}], [{8, 7}, {1, 6}, {4, 5}, {2, 3}], [{8, 7}, {1, 6}, {5}, {2, 4}, {3}], [{8, 7}, {2, 6}, {1, 5}, {3, 4}], [{8, 7}, {2, 6}, {3, 5}, {1, 4}], [{8, 7}, {2, 6}, {4, 5}, {1, 3}], [{8, 7}, {3, 6}, {1, 5}, {2, 4}], [{8, 7}, {3, 6}, {2, 5}, {1, 4}], [{8, 7}, {3, 6}, {2, 5}, {4}, {1}], [{8, 7}, {3, 6}, {4, 5}, {1, 2}], [{8, 7}, {3, 6}, {5}, {1, 4}, {2}], [{8, 7}, {4, 6}, {1, 5}, {2, 3}], [{8, 7}, {4, 6}, {2, 5}, {1, 3}], [{8, 7}, {4, 6}, {3, 5}, {1, 2}], [{8, 7}, {5, 6}, {1, 4}, {2, 3}], [{8, 7}, {5, 6}, {2, 4}, {1, 3}], [{8, 7}, {5, 6}, {3, 4}, {1, 2}], [{8, 7}, {6}, {2, 5}, {1, 4}, {3}], [{8, 7}, {6}, {4, 5}, {3}, {1, 2}], [{8}, {1, 7}, {2, 6}, {3, 5}, {4}], [{8}, {1, 7}, {2, 6}, {4, 5}, {3}], [{8}, {1, 7}, {2, 6}, {5}, {3, 4}], [{8}, {2, 7}, {3, 6}, {5}, {1, 4}], [{8}, {3, 7}, {6}, {2, 5}, {1, 4}], [{8}, {4, 7}, {1, 6}, {5}, {2, 3}], [{8}, {4, 7}, {5, 6}, {1, 3}, {2}], [{8}, {4, 7}, {5, 6}, {2, 3}, {1}], [{8}, {4, 7}, {5, 6}, {3}, {1, 2}], [{8}, {4, 7}, {6}, {1, 5}, {2, 3}], [{8}, {5, 7}, {3, 6}, {1, 4}, {2}], [{8}, {6, 7}, {2, 5}, {1, 4}, {3}], [{8}, {7}, {3, 6}, {2, 5}, {1, 4}], [{8}, {7}, {6}, {2, 5}, {1, 4}, {3}]]",2,16 K_1^3 + 4 K_1^2 K_2 - 18 K_1^2 - 18 K_1 K_2 - 4 K_1 K_3 - 3 K_1 + 9 K_2 + 5 K_3 + K_4 + 9,O1O2O3O4U1U5U6O7U3O5O6U8U4O8U2U7,O1O2O3U4U5U6U3O7O6U8O4O8U1U2O5U7,O1O2O3U4O5U2U3O6O7U6O8O4U1U8U5U7,c,{'O1O2O3O4U5U3O6U1U6O7O8U2O5U7U8U4'},1,"<a href=""/flatknot/8.850570"">8.850570</a>",t^9-31t^7-64t^6+89t^5+306t^4+110t^3-316t^2-261t-12,-t^3+t^2+t,,
8.850571,O1O2O3O4U5U3O6U1U6O7O8U2O5U8U4U7,4,z^3+23z^2+105z+127,w^4z^3+23w^3z^2+105w^2z+127w,False,False,"[[ 0 -2 -1  0  2 -1  1  1  0],[ 2  0  2  0  3 -1  1  1  0],[ 1 -2  0  0  2  0  0  2  0],[ 0  0  0  0  0  0  0  0 -1],[-2 -3 -2  0  0 -1  0  0 -1],[ 1  1  0  0  1  0  1  0  0],[-1 -1  0  0  0 -1  0  0  0],[-1 -1 -2  0  0  0  0  0  0],[ 0  0  0  1  1  0  0  0  0]]","[[ 0  2  1  1  0  0 -1 -1 -2],[-2  0  0  0  0 -1 -1 -2 -3],[-1  0  0  0  0  0  0 -2 -1],[-1  0  0  0  0  0 -1  0 -1],[ 0  0  0  0  0 -1  0  0  0],[ 0  1  0  0  1  0  0  0  0],[ 1  1  0  1  0  0  0  0  1],[ 1  2  2  0  0  0  0  0 -2],[ 2  3  1  1  0  0 -1  2  0]]",True,"[-2,-1,-1,0,0,1,1,2,0,0,0,1,1,2,3,0,0,0,0,2,1,0,0,1,0,1,1,0,0,0,0,0,0,0,-1,2]","[-2,-1,-1,0,0,1,1,2,-1,2,0,0,1,1,3,0,0,0,0,1,1,0,0,2,0,2,-1,0,0,0,0,0,1,0,0,0]",t^8+28t^6+104t^4+87t^2+4,"[-2,-1,-1,0,0,1,1,2,-1,2,2,2,2,2,1,0,1,1,0,2,1,1,1,2,1,2,-1,1,1,1,1,1,2,0,1,1]","[-2,-1,-1,0,0,1,1,2,1,1,1,2,1,2,1,0,1,1,0,2,2,1,1,2,1,2,1,1,1,2,1,1,2,0,-1,2]","[-2,-1,-1,0,0,1,1,2,-1,2,0,0,1,1,3,0,0,0,0,1,1,0,0,2,0,2,-1,0,0,0,0,0,1,0,0,0]",c,"[[{8, 2}, {3, 7}, {1, 6}, {4, 5}], [{8, 3}, {2, 7}, {5, 6}, {1, 4}], [{8, 4}, {6, 7}, {2, 5}, {1, 3}]]",1,- 16 K_1^2 + 8 K_2 + 9,O1O2O3O4U5U1U6O7U3O6O5U8U4O8U2U7,O1O2O3U4U5U6U2O7O6U8O4O8U3U1O5U7,O1O2O3U4O5U3U1O6O7U6O8O4U2U8U5U7,c,{'O1O2O3O4U5U3O6U1U6O7O8U2O5U8U4U7'},1,"<a href=""/flatknot/8.850571"">8.850571</a>",t^9-28t^7-52t^6+66t^5+170t^4+3t^3-138t^2-62t,0,,
8.850572,O1O2O3O4U5U3O6U1U6O7O8U2O5U8U7U4,4,4z^3+38z^2+95z+71,4w^4z^3+38w^3z^2+95w^2z+71w,False,False,"[[ 0 -2 -1  0  3 -1  1  0  0],[ 2  0  2  0  3 -1  1  0  0],[ 1 -2  0  0  3  0  0  1  0],[ 0  0  0  0  0  0  0 -1 -1],[-3 -3 -3  0  0 -1  0 -1 -1],[ 1  1  0  0  1  0  1 -1  0],[-1 -1  0  0  0 -1  0  0  0],[ 0  0 -1  1  1  1  0  0  0],[ 0  0  0  1  1  0  0  0  0]]","[[ 0  3  1  0  0  0 -1 -1 -2],[-3  0  0  0 -1 -1 -1 -3 -3],[-1  0  0  0  0  0 -1  0 -1],[ 0  0  0  0 -1 -1  0  0  0],[ 0  1  0  1  0  0  1 -1  0],[ 0  1  0  1  0  0  0  0  0],[ 1  1  1  0 -1  0  0  0  1],[ 1  3  0  0  1  0  0  0 -2],[ 2  3  1  0  0  0 -1  2  0]]",True,"[-3,-1,0,0,0,1,1,2,0,0,1,1,1,3,3,0,0,0,1,0,1,1,1,0,0,0,0,-1,1,0,0,0,0,0,-1,2]","[-3,-1,0,0,0,1,1,2,0,0,1,1,1,3,3,0,0,0,1,0,1,1,1,0,0,0,0,-1,1,0,0,0,0,0,-1,2]",t^8+32t^6+177t^4+149t^2+1,"[-2,-1,-1,0,0,0,1,3,-1,2,2,2,2,2,2,0,0,1,1,2,1,2,1,1,1,3,-1,0,1,2,1,1,3,1,2,2]","[-3,-1,0,0,0,1,1,2,2,2,2,3,1,3,2,1,1,1,2,1,2,0,1,0,2,2,1,1,1,2,1,1,2,0,-1,2]","[-2,-1,-1,0,0,0,1,3,-1,2,0,0,0,1,3,0,-1,0,0,1,1,1,0,0,0,3,0,1,0,1,1,0,1,0,0,0]",c,"[[{8, 2}, {5, 7}, {3, 6}, {1, 4}], [{8, 3}, {1, 7}, {2, 6}, {4, 5}], [{8, 3}, {1, 7}, {5, 6}, {2, 4}], [{8, 3}, {2, 7}, {5, 6}, {1, 4}], [{8, 3}, {4, 7}, {2, 6}, {1, 5}], [{8, 3}, {4, 7}, {5, 6}, {1, 2}], [{8, 3}, {5, 7}, {2, 6}, {1, 4}], [{8, 5}, {2, 7}, {3, 6}, {1, 4}]]",1,12 K_1^3 - 2 K_1^2 - 10 K_1 K_2 - 4 K_1 + K_2 + 2 K_3 + 2,O1O2O3O4U1U5U6O7U3O6O5U8U4O8U2U7,O1O2O3U4U5U6U3O7O6U8O4O8U2U1O5U7,O1O2O3U4O5U3U2O6O7U6O8O4U1U8U5U7,c,{'O1O2O3O4U5U3O6U1U6O7O8U2O5U8U7U4'},1,"<a href=""/flatknot/8.850572"">8.850572</a>",t^9-28t^7-64t^6+50t^5+230t^4+44t^3-174t^2-83t,-t^3+t^2+t,,
8.850573,O1O2O3O4U5U3O6U1U6O7O8U7O5U2U4U8,3,8z^2+77z+123,8w^3z^2+77w^2z+123w,False,False,"[[ 0 -2 -1  0  2 -1  1 -1  2],[ 2  0  1  0  3  0  1  0  1],[ 1 -1  0  1  2  0  0  0  2],[ 0  0 -1  0  0  0  0  0  0],[-2 -3 -2  0  0 -2  0  0  1],[ 1  0  0  0  2  0  1 -1  1],[-1 -1  0  0  0 -1  0  0  0],[ 1  0  0  0  0  1  0  0  1],[-2 -1 -2  0 -1 -1  0 -1  0]]","[[ 0  2  2  1  0 -1 -1 -1 -2],[-2  0  1  0  0  0 -2 -2 -3],[-2 -1  0  0  0 -1 -1 -2 -1],[-1  0  0  0  0  0 -1  0 -1],[ 0  0  0  0  0  0  0 -1  0],[ 1  0  1  0  0  0  1  0  0],[ 1  2  1  1  0 -1  0  0  0],[ 1  2  2  0  1  0  0  0 -1],[ 2  3  1  1  0  0  0  1  0]]",True,"[-2,-2,-1,0,1,1,1,2,-1,0,0,0,2,2,3,0,0,1,1,2,1,0,0,1,0,1,0,0,1,0,-1,0,0,0,0,1]","[-2,-2,-1,0,1,1,1,2,-1,0,0,0,2,2,3,0,0,1,1,2,1,0,0,1,0,1,0,0,1,0,-1,0,0,0,0,1]",t^8+30t^6+104t^4+50t^2,"[-2,-1,-1,-1,0,1,2,2,0,1,1,2,2,1,3,0,0,0,2,1,1,-1,1,2,3,2,1,1,1,2,1,2,2,1,1,-1]","[-2,-2,-1,0,1,1,1,2,-1,1,2,1,2,2,3,1,2,1,1,3,1,1,2,1,2,2,0,1,1,2,0,0,0,-1,1,1]","[-2,-1,-1,-1,0,1,2,2,0,0,1,0,1,1,3,-1,0,0,1,1,2,0,0,0,1,0,1,0,2,2,0,0,0,0,0,-1]",c,"[[{8, 1}, {2, 7}, {3, 6}, {4, 5}], [{8, 1}, {2, 7}, {3, 6}, {5}, {4}], [{8, 1}, {6, 7}, {2, 5}, {3, 4}], [{8, 1}, {6, 7}, {3, 5}, {2, 4}], [{8, 1}, {6, 7}, {4, 5}, {2, 3}], [{8, 1}, {6, 7}, {5}, {4}, {2, 3}], [{8, 1}, {7}, {6}, {3, 5}, {2, 4}]]",1,4 K_1^3 - 34 K_1^2 - 20 K_1 K_2 + 7 K_1 + 17 K_2 + 9 K_3 + 18,O1O2O3O4U5U1U3O6U7O5O7U8U4O8U2U6,O1O2O3U4U1U5U2O6O5U7O4O7U8U3O8U6,O1O2O3U4O5U1U5O6O7U6O8O4U2U8U3U7,c,{'O1O2O3O4U5U3O6U1U6O7O8U7O5U2U4U8'},1,"<a href=""/flatknot/8.850573"">8.850573</a>",t^9-28t^7-34t^6+81t^5+80t^4-69t^3-28t^2,-t^2+2t,,
8.850574,O1O2O3O4U5U3O6U1U6O7O8U7O5U2U8U4,4,14z^2+83z+111,14w^3z^2+83w^2z+111w,False,False,"[[ 0 -2 -1  0  3 -1  1 -1  1],[ 2  0  1  0  3  0  1  0  0],[ 1 -1  0  1  3  0  0  0  1],[ 0  0 -1  0  0  0  0  0 -1],[-3 -3 -3  0  0 -2  0 -1  0],[ 1  0  0  0  2  0  1 -1  0],[-1 -1  0  0  0 -1  0  0  0],[ 1  0  0  0  1  1  0  0  1],[-1  0 -1  1  0  0  0 -1  0]]","[[ 0  3  1  1  0 -1 -1 -1 -2],[-3  0  0  0  0 -1 -2 -3 -3],[-1  0  0  0  1 -1  0 -1  0],[-1  0  0  0  0  0 -1  0 -1],[ 0  0 -1  0  0  0  0 -1  0],[ 1  1  1  0  0  0  1  0  0],[ 1  2  0  1  0 -1  0  0  0],[ 1  3  1  0  1  0  0  0 -1],[ 2  3  0  1  0  0  0  1  0]]",True,"[-3,-1,-1,0,1,1,1,2,0,0,0,1,2,3,3,0,-1,1,0,1,0,0,0,1,0,1,0,0,1,0,-1,0,0,0,0,1]","[-3,-1,-1,0,1,1,1,2,0,0,0,1,2,3,3,0,-1,1,0,1,0,0,0,1,0,1,0,0,1,0,-1,0,0,0,0,1]",t^8+31t^6+128t^4+108t^2+1,"[-2,-1,-1,-1,0,1,1,3,0,1,1,2,2,3,2,0,0,0,2,1,1,-1,1,2,1,3,1,1,2,2,1,2,3,0,2,2]","[-3,-1,-1,0,1,1,1,2,2,2,3,1,2,3,2,0,1,2,1,2,2,2,1,2,1,3,0,1,1,2,0,0,0,-1,1,1]","[-2,-1,-1,-1,0,1,1,3,0,0,1,0,0,1,3,-1,0,0,0,1,2,0,0,1,0,1,1,1,0,3,-1,0,0,0,0,0]",c,"[[{8, 1}, {2, 7}, {3, 6}, {4, 5}], [{8, 1}, {2, 7}, {4, 6}, {3, 5}], [{8, 1}, {2, 7}, {5, 6}, {3, 4}], [{8, 1}, {3, 7}, {2, 6}, {4, 5}], [{8, 1}, {3, 7}, {4, 6}, {2, 5}], [{8, 1}, {3, 7}, {5, 6}, {2, 4}], [{8, 1}, {3, 7}, {6}, {5}, {2, 4}], [{8, 1}, {4, 7}, {2, 6}, {3, 5}], [{8, 1}, {4, 7}, {2, 6}, {5}, {3}], [{8, 1}, {4, 7}, {3, 6}, {2, 5}], [{8, 1}, {4, 7}, {5, 6}, {2, 3}], [{8, 1}, {5, 7}, {2, 6}, {3, 4}], [{8, 1}, {5, 7}, {3, 6}, {2, 4}], [{8, 1}, {5, 7}, {4, 6}, {2, 3}], [{8, 1}, {5, 7}, {6}, {4}, {2, 3}], [{8, 1}, {6, 7}, {2, 5}, {3, 4}], [{8, 1}, {6, 7}, {3, 5}, {2, 4}], [{8, 1}, {6, 7}, {3, 5}, {4}, {2}], [{8, 1}, {6, 7}, {4, 5}, {2, 3}], [{8, 1}, {6, 7}, {4, 5}, {3}, {2}], [{8, 1}, {6, 7}, {5}, {3, 4}, {2}], [{8, 1}, {7}, {3, 6}, {2, 5}, {4}], [{8, 1}, {7}, {5, 6}, {2, 4}, {3}], [{8, 2}, {1, 7}, {3, 6}, {4, 5}], [{8, 2}, {1, 7}, {4, 6}, {3, 5}], [{8, 2}, {1, 7}, {4, 6}, {5}, {3}], [{8, 2}, {1, 7}, {5, 6}, {3, 4}], [{8, 2}, {1, 7}, {5, 6}, {4}, {3}], [{8, 2}, {1, 7}, {6}, {4, 5}, {3}], [{8, 2}, {3, 7}, {1, 6}, {4, 5}], [{8, 2}, {3, 7}, {4, 6}, {1, 5}], [{8, 2}, {3, 7}, {5, 6}, {1, 4}], [{8, 2}, {3, 7}, {6}, {5}, {1, 4}], [{8, 2}, {4, 7}, {1, 6}, {3, 5}], [{8, 2}, {4, 7}, {1, 6}, {5}, {3}], [{8, 2}, {4, 7}, {3, 6}, {1, 5}], [{8, 2}, {4, 7}, {5, 6}, {1, 3}], [{8, 2}, {4, 7}, {5, 6}, {3}, {1}], [{8, 2}, {4, 7}, {6}, {1, 5}, {3}], [{8, 2}, {5, 7}, {1, 6}, {3, 4}], [{8, 2}, {5, 7}, {1, 6}, {4}, {3}], [{8, 2}, {5, 7}, {3, 6}, {1, 4}], [{8, 2}, {5, 7}, {3, 6}, {4}, {1}], [{8, 2}, {5, 7}, {4, 6}, {1, 3}], [{8, 2}, {5, 7}, {4, 6}, {3}, {1}], [{8, 2}, {5, 7}, {6}, {1, 4}, {3}], [{8, 2}, {5, 7}, {6}, {3, 4}, {1}], [{8, 2}, {5, 7}, {6}, {4}, {1, 3}], [{8, 2}, {5, 7}, {6}, {4}, {3}, {1}], [{8, 2}, {6, 7}, {1, 5}, {3, 4}], [{8, 2}, {6, 7}, {1, 5}, {4}, {3}], [{8, 2}, {6, 7}, {3, 5}, {1, 4}], [{8, 2}, {6, 7}, {4, 5}, {1, 3}], [{8, 2}, {6, 7}, {4, 5}, {3}, {1}], [{8, 2}, {6, 7}, {5}, {1, 4}, {3}], [{8, 2}, {7}, {1, 6}, {4, 5}, {3}], [{8, 2}, {7}, {3, 6}, {5}, {1, 4}], [{8, 2}, {7}, {4, 6}, {1, 5}, {3}], [{8, 2}, {7}, {5, 6}, {1, 4}, {3}], [{8, 2}, {7}, {6}, {3, 5}, {1, 4}], [{8, 2}, {7}, {6}, {5}, {1, 4}, {3}], [{8, 3}, {1, 7}, {2, 6}, {4, 5}], [{8, 3}, {1, 7}, {4, 6}, {2, 5}], [{8, 3}, {1, 7}, {4, 6}, {5}, {2}], [{8, 3}, {1, 7}, {5, 6}, {2, 4}], [{8, 3}, {2, 7}, {1, 6}, {4, 5}], [{8, 3}, {2, 7}, {4, 6}, {1, 5}], [{8, 3}, {2, 7}, {5, 6}, {1, 4}], [{8, 3}, {4, 7}, {1, 6}, {2, 5}], [{8, 3}, {4, 7}, {2, 6}, {1, 5}], [{8, 3}, {4, 7}, {5, 6}, {1, 2}], [{8, 3}, {5, 7}, {1, 6}, {2, 4}], [{8, 3}, {5, 7}, {2, 6}, {1, 4}], [{8, 3}, {5, 7}, {4, 6}, {1, 2}], [{8, 3}, {5, 7}, {6}, {4}, {1, 2}], [{8, 3}, {6, 7}, {1, 5}, {2, 4}], [{8, 3}, {6, 7}, {2, 5}, {1, 4}], [{8, 3}, {6, 7}, {4, 5}, {1, 2}], [{8, 3}, {6, 7}, {5}, {1, 4}, {2}], [{8, 3}, {6, 7}, {5}, {2, 4}, {1}], [{8, 3}, {6, 7}, {5}, {4}, {1, 2}], [{8, 3}, {7}, {1, 6}, {2, 5}, {4}], [{8, 3}, {7}, {5, 6}, {4}, {1, 2}], [{8, 4}, {1, 7}, {2, 6}, {3, 5}], [{8, 4}, {1, 7}, {3, 6}, {2, 5}], [{8, 4}, {1, 7}, {5, 6}, {2, 3}], [{8, 4}, {1, 7}, {6}, {2, 5}, {3}], [{8, 4}, {2, 7}, {1, 6}, {3, 5}], [{8, 4}, {2, 7}, {3, 6}, {1, 5}], [{8, 4}, {2, 7}, {5, 6}, {1, 3}], [{8, 4}, {2, 7}, {5, 6}, {3}, {1}], [{8, 4}, {3, 7}, {1, 6}, {2, 5}], [{8, 4}, {3, 7}, {2, 6}, {1, 5}], [{8, 4}, {3, 7}, {5, 6}, {1, 2}], [{8, 4}, {3, 7}, {5, 6}, {2}, {1}], [{8, 4}, {5, 7}, {1, 6}, {2, 3}], [{8, 4}, {5, 7}, {2, 6}, {1, 3}], [{8, 4}, {5, 7}, {3, 6}, {1, 2}], [{8, 4}, {6, 7}, {1, 5}, {2, 3}], [{8, 4}, {6, 7}, {2, 5}, {1, 3}], [{8, 4}, {6, 7}, {3, 5}, {1, 2}], [{8, 4}, {7}, {3, 6}, {2, 5}, {1}], [{8, 4}, {7}, {5, 6}, {2, 3}, {1}], [{8, 5}, {1, 7}, {2, 6}, {3, 4}], [{8, 5}, {1, 7}, {3, 6}, {2, 4}], [{8, 5}, {1, 7}, {4, 6}, {2, 3}], [{8, 5}, {1, 7}, {6}, {4}, {2, 3}], [{8, 5}, {2, 7}, {1, 6}, {3, 4}], [{8, 5}, {2, 7}, {3, 6}, {1, 4}], [{8, 5}, {2, 7}, {3, 6}, {4}, {1}], [{8, 5}, {2, 7}, {4, 6}, {1, 3}], [{8, 5}, {2, 7}, {6}, {1, 4}, {3}], [{8, 5}, {3, 7}, {1, 6}, {2, 4}], [{8, 5}, {3, 7}, {2, 6}, {1, 4}], [{8, 5}, {3, 7}, {4, 6}, {1, 2}], [{8, 5}, {3, 7}, {6}, {4}, {1, 2}], [{8, 5}, {4, 7}, {1, 6}, {2, 3}], [{8, 5}, {4, 7}, {2, 6}, {1, 3}], [{8, 5}, {4, 7}, {3, 6}, {1, 2}], [{8, 5}, {6, 7}, {1, 4}, {2, 3}], [{8, 5}, {6, 7}, {2, 4}, {1, 3}], [{8, 5}, {6, 7}, {3, 4}, {1, 2}], [{8, 5}, {6, 7}, {3, 4}, {2}, {1}], [{8, 5}, {7}, {3, 6}, {1, 4}, {2}], [{8, 6}, {1, 7}, {2, 5}, {3, 4}], [{8, 6}, {1, 7}, {3, 5}, {2, 4}], [{8, 6}, {1, 7}, {4, 5}, {2, 3}], [{8, 6}, {1, 7}, {5}, {2, 4}, {3}], [{8, 6}, {2, 7}, {1, 5}, {3, 4}], [{8, 6}, {2, 7}, {3, 5}, {1, 4}], [{8, 6}, {2, 7}, {4, 5}, {1, 3}], [{8, 6}, {2, 7}, {4, 5}, {3}, {1}], [{8, 6}, {3, 7}, {1, 5}, {2, 4}], [{8, 6}, {3, 7}, {2, 5}, {1, 4}], [{8, 6}, {3, 7}, {4, 5}, {1, 2}], [{8, 6}, {4, 7}, {1, 5}, {2, 3}], [{8, 6}, {4, 7}, {2, 5}, {1, 3}], [{8, 6}, {4, 7}, {3, 5}, {1, 2}], [{8, 6}, {4, 7}, {5}, {2, 3}, {1}], [{8, 6}, {5, 7}, {1, 4}, {2, 3}], [{8, 6}, {5, 7}, {2, 4}, {1, 3}], [{8, 6}, {5, 7}, {3, 4}, {1, 2}], [{8, 6}, {7}, {2, 5}, {4}, {1, 3}], [{8, 7}, {1, 6}, {2, 5}, {3, 4}], [{8, 7}, {1, 6}, {3, 5}, {2, 4}], [{8, 7}, {1, 6}, {4, 5}, {2, 3}], [{8, 7}, {2, 6}, {1, 5}, {3, 4}], [{8, 7}, {2, 6}, {3, 5}, {1, 4}], [{8, 7}, {2, 6}, {4, 5}, {1, 3}], [{8, 7}, {3, 6}, {1, 5}, {2, 4}], [{8, 7}, {3, 6}, {1, 5}, {4}, {2}], [{8, 7}, {3, 6}, {2, 5}, {1, 4}], [{8, 7}, {3, 6}, {2, 5}, {4}, {1}], [{8, 7}, {3, 6}, {4, 5}, {1, 2}], [{8, 7}, {3, 6}, {4, 5}, {2}, {1}], [{8, 7}, {3, 6}, {5}, {1, 4}, {2}], [{8, 7}, {3, 6}, {5}, {2, 4}, {1}], [{8, 7}, {3, 6}, {5}, {4}, {1, 2}], [{8, 7}, {3, 6}, {5}, {4}, {2}, {1}], [{8, 7}, {4, 6}, {1, 5}, {2, 3}], [{8, 7}, {4, 6}, {2, 5}, {1, 3}], [{8, 7}, {4, 6}, {3, 5}, {1, 2}], [{8, 7}, {5, 6}, {1, 4}, {2, 3}], [{8, 7}, {5, 6}, {2, 4}, {1, 3}], [{8, 7}, {5, 6}, {3, 4}, {1, 2}], [{8, 7}, {6}, {2, 5}, {1, 4}, {3}], [{8}, {1, 7}, {3, 6}, {2, 5}, {4}], [{8}, {1, 7}, {4, 6}, {5}, {2, 3}], [{8}, {2, 7}, {3, 6}, {5}, {1, 4}], [{8}, {4, 7}, {3, 6}, {2, 5}, {1}], [{8}, {5, 7}, {3, 6}, {1, 4}, {2}], [{8}, {6, 7}, {1, 5}, {3, 4}, {2}], [{8}, {6, 7}, {4, 5}, {3}, {1, 2}], [{8}, {6, 7}, {5}, {1, 4}, {2, 3}], [{8}, {7}, {3, 6}, {2, 5}, {1, 4}], [{8}, {7}, {3, 6}, {2, 5}, {4}, {1}]]",2,4 K_1^3 + 4 K_1^2 K_2 - 20 K_1^2 - 14 K_1 K_2 - 2 K_1 K_3 + 4 K_1 - 2 K_2^2 + 9 K_2 + 6 K_3 + K_4 + 11,O1O2O3O4U1U5U3O6U7O5O7U8U4O8U2U6,O1O2O3U4U1U5U3O6O5U7O4O7U8U2O8U6,O1O2O3U4O5U2U5O6O7U6O8O4U1U8U3U7,c,{'O1O2O3O4U5U3O6U1U6O7O8U7O5U2U8U4'},1,"<a href=""/flatknot/8.850574"">8.850574</a>",t^9-27t^7-30t^6+105t^5+124t^4-101t^3-110t^2+t,-t^3+t^2+t,,
8.850575,O1O2O3O4U5U3O6U1U6O7O8U7O5U8U2U4,4,3z^2+72z+133,3w^3z^2+72w^2z+133w,False,False,"[[ 0 -2  0  0  3 -1  1 -1  0],[ 2  0  1  0  3  0  1  0 -1],[ 0 -1  0  1  2  0  0 -1  0],[ 0  0 -1  0  0  0  0  0 -1],[-3 -3 -2  0  0 -2  0 -1  0],[ 1  0  0  0  2  0  1 -1 -1],[-1 -1  0  0  0 -1  0  0  0],[ 1  0  1  0  1  1  0  0  1],[ 0  1  0  1  0  1  0 -1  0]]","[[ 0  3  1  0  0  0 -1 -1 -2],[-3  0  0  0  0 -2 -1 -2 -3],[-1  0  0  0  0  0  0 -1 -1],[ 0  0  0  0  1  0 -1  1  1],[ 0  0  0 -1  0 -1  0  0  0],[ 0  2  0  0  1  0 -1  0 -1],[ 1  1  0  1  0  1  0  1  0],[ 1  2  1 -1  0  0 -1  0  0],[ 2  3  1 -1  0  1  0  0  0]]",True,"[-3,-1,0,0,0,1,1,2,0,0,0,2,1,2,3,0,0,0,0,1,1,-1,0,1,-1,-1,1,0,0,0,1,0,1,-1,0,0]","[-3,-1,0,0,0,1,1,2,0,0,0,2,1,2,3,0,0,0,0,1,1,-1,0,1,-1,-1,1,0,0,0,1,0,1,-1,0,0]",t^8+28t^6+123t^4+67t^2+1,"[-2,-1,-1,0,0,0,1,3,1,1,1,2,3,2,2,-1,0,1,0,2,3,1,1,2,1,2,-1,0,1,1,1,1,3,1,3,2]","[-3,-1,0,0,0,1,1,2,2,1,3,3,2,3,2,1,1,1,1,2,2,0,1,1,0,1,1,2,0,3,1,1,2,-1,1,1]","[-2,-1,-1,0,0,0,1,3,0,0,-1,0,1,1,3,-1,-1,0,0,1,2,1,0,1,0,1,1,0,0,0,-1,0,0,0,2,0]",c,"[[{8, 3}, {5, 7}, {4, 6}, {1, 2}]]",1,- 26 K_1^2 - 18 K_1 K_2 + 9 K_1 - 4 K_2^2 + 13 K_2 + 9 K_3 + 2 K_4 + 16,O1O2O3O4U1U3U5O6U7O5O7U8U4O8U2U6,O1O2O3U4U2U5U3O6O5U7O4O7U8U1O8U6,O1O2O3U4O5U3U5O6O7U6O8O4U1U8U2U7,c,{'O1O2O3O4U5U3O6U1U6O7O8U7O5U8U2U4'},1,"<a href=""/flatknot/8.850575"">8.850575</a>",t^9-24t^7-24t^6+60t^5-2t^4-48t^3+28t^2+17t-8,-t^3+t^2+t,,
8.850576,O1O2O3O4U5U3O6U1U6O7O8U7O5U8U4U2,4,31z^2+116z+109,31w^3z^2+116w^2z+109w,False,False,"[[ 0 -2  1  0  2 -1  1 -1  0],[ 2  0  2  0  2  0  1  0 -1],[-1 -2  0  0  1 -1  0 -1  0],[ 0  0  0  0  0  0  0  0 -1],[-2 -2 -1  0  0 -1  0 -1  0],[ 1  0  1  0  1  0  1 -1 -1],[-1 -1  0  0  0 -1  0  0  0],[ 1  0  1  0  1  1  0  0  1],[ 0  1  0  1  0  1  0 -1  0]]","[[ 0  2  1  1  0  0 -1 -1 -2],[-2  0  0 -1  0  0 -1 -1 -2],[-1  0  0  0  0  0  0 -1 -1],[-1  1  0  0  0  0 -1 -1 -2],[ 0  0  0  0  0  1 -1  1  1],[ 0  0  0  0 -1  0  0  0  0],[ 1  1  0  1  1  0  0  1  0],[ 1  1  1  1 -1  0 -1  0  0],[ 2  2  1  2 -1  0  0  0  0]]",True,"[-2,-1,-1,0,0,1,1,2,0,1,0,0,1,1,2,0,0,0,0,1,1,0,0,1,1,2,-1,1,-1,-1,0,0,0,-1,0,0]","[-2,-1,-1,0,0,1,1,2,0,0,-1,0,1,2,2,-1,-1,0,1,1,1,1,0,0,1,1,1,0,0,0,0,0,0,0,0,1]",t^8+20t^6+68t^4+24t^2+1,"[-2,-1,-1,0,0,1,1,2,1,1,2,3,1,2,2,-1,1,0,1,2,2,1,2,1,1,2,1,1,1,2,1,1,2,0,0,1]","[-2,-1,-1,0,0,1,1,2,0,1,2,2,2,2,2,0,1,1,1,1,1,1,1,1,2,2,-1,1,1,2,2,0,3,-1,1,1]","[-2,-1,-1,0,0,1,1,2,0,0,-1,0,1,2,2,-1,-1,0,1,1,1,1,0,0,1,1,1,0,0,0,0,0,0,0,0,1]",c,"[[{8, 3}, {2, 7}, {5, 6}, {1, 4}], [{8}, {2, 7}, {5, 6}, {1, 4}, {3}]]",1,20 K_1^3 - 12 K_1^2 - 16 K_1 K_2 - 7 K_1 + 6 K_2 + 3 K_3 + 7,O1O2O3O4U3U1U5O6U7O5O7U8U4O8U2U6,O1O2O3U4U3U5U2O6O5U7O4O7U8U1O8U6,O1O2O3U4O5U3U5O6O7U6O8O4U2U8U1U7,c,{'O1O2O3O4U5U3O6U1U6O7O8U7O5U8U4U2'},1,"<a href=""/flatknot/8.850576"">8.850576</a>",t^9-20t^7-16t^6+20t^5+6t^4-4t^3+4t^2-2t,0,,
8.850577,O1O2O3O4U5U3O6U1U7O8O7U2O5U6U4U8,4,z^3+19z^2+85z+103,w^4z^3-4w^4z^2+23w^3z^2-12w^3z+97w^2z+103w,False,False,"[[ 0 -2 -1  0  2 -1  0  1  1],[ 2  0  1  0  3  0  1  2  2],[ 1 -1  0  0  2  0  0  1  1],[ 0  0  0  0  0  0 -1  0  0],[-2 -3 -2  0  0 -1 -1 -2  0],[ 1  0  0  0  1  0  0  2  1],[ 0 -1  0  1  1  0  0  0  0],[-1 -2 -1  0  2 -2  0  0  1],[-1 -2 -1  0  0 -1  0 -1  0]]","[[ 0  2  1  1  0  0 -1 -1 -2],[-2  0  0 -2  0 -1 -1 -2 -3],[-1  0  0 -1  0  0 -1 -1 -2],[-1  2  1  0  0  0 -2 -1 -2],[ 0  0  0  0  0 -1  0  0  0],[ 0  1  0  0  1  0  0  0 -1],[ 1  1  1  2  0  0  0  0  0],[ 1  2  1  1  0  0  0  0 -1],[ 2  3  2  2  0  1  0  1  0]]",True,"[-2,-1,-1,0,0,1,1,2,0,2,0,1,1,2,3,1,0,0,1,1,2,0,0,2,1,2,1,0,0,0,0,0,1,0,0,1]","[-2,-1,-1,0,0,1,1,2,-1,1,1,2,1,2,1,1,1,1,1,0,1,1,1,1,1,1,1,1,1,1,1,1,2,0,0,1]",t^8+38t^6+100t^4+60t^2+4,"[-2,-1,-1,0,0,1,1,2,0,1,1,2,1,1,1,0,1,1,1,1,1,1,1,0,1,2,-1,1,1,1,1,1,2,-1,-1,1]","[-2,-1,-1,0,0,1,1,2,-1,1,1,2,1,2,1,1,1,1,1,0,1,1,1,1,1,1,1,1,1,1,1,1,2,0,0,1]","[-2,-1,-1,0,0,1,1,2,0,1,0,1,2,2,3,0,0,0,1,2,1,0,0,1,1,2,-1,0,0,0,0,0,1,-1,0,2]",c,"[[{8, 2}, {5, 7}, {3, 6}, {1, 4}], [{8, 5}, {2, 7}, {3, 6}, {1, 4}], [{8, 7}, {3, 6}, {2, 5}, {1, 4}]]",1,- 16 K_1^4 + 32 K_1^3 + 24 K_1^2 K_2 - 32 K_1^2 - 36 K_1 K_2 - 12 K_1 K_3 - 6 K_1 + 18 K_2 + 10 K_3 + 2 K_4 + 17,O1O2O3O4U5U1U6O7U3O8O5U8U4O6U2U7,O1O2O3U4U5U6U2O7O6U1O4O8U3U8O5U7,O1O2O3U4O5U6U1O6O7U3O8O4U2U8U5U7,c,{'O1O2O3O4U5U3O6U1U7O8O7U2O5U6U4U8'},1,"<a href=""/flatknot/8.850577"">8.850577</a>",t^9-38t^7-74t^6+88t^5+162t^4-53t^3-52t^2+8t,0,,
8.850578,O1O2O3O4U5U3O6U1U7O8O7U2O5U6U8U4,4,11z^2+80z+117,-4w^4z^2+15w^3z^2-12w^3z+92w^2z+117w,False,False,"[[ 0 -2 -1  0  3 -1  0  1  0],[ 2  0  1  0  3  0  1  2  1],[ 1 -1  0  0  3  0  0  1  0],[ 0  0  0  0  0  0 -1  0 -1],[-3 -3 -3  0  0 -1 -2 -2 -1],[ 1  0  0  0  1  0  0  2  0],[ 0 -1  0  1  2  0  0  0  0],[-1 -2 -1  0  2 -2  0  0  0],[ 0 -1  0  1  1  0  0  0  0]]","[[ 0  3  1  0  0  0 -1 -1 -2],[-3  0 -2  0 -1 -2 -1 -3 -3],[-1  2  0  0  0  0 -2 -1 -2],[ 0  0  0  0 -1 -1  0  0  0],[ 0  1  0  1  0  0  0  0 -1],[ 0  2  0  1  0  0  0  0 -1],[ 1  1  2  0  0  0  0  0  0],[ 1  3  1  0  0  0  0  0 -1],[ 2  3  2  0  1  1  0  1  0]]",True,"[-3,-1,0,0,0,1,1,2,2,0,1,2,1,3,3,0,0,0,2,1,2,1,1,0,0,0,0,0,0,1,0,0,1,0,0,1]","[-3,-1,0,0,0,1,1,2,0,1,2,3,1,3,2,1,1,1,1,0,1,0,1,1,1,1,1,1,1,1,1,1,2,0,0,1]",t^8+42t^6+161t^4+119t^2+4,"[-2,-1,-1,0,0,0,1,3,0,1,1,1,2,1,2,0,1,1,1,1,1,1,1,1,0,3,0,-1,1,1,-1,1,2,1,3,0]","[-3,-1,0,0,0,1,1,2,0,1,2,3,1,3,2,1,1,1,1,0,1,0,1,1,1,1,1,1,1,1,1,1,2,0,0,1]","[-2,-1,-1,0,0,0,1,3,0,1,0,1,1,2,3,0,0,0,0,2,1,0,0,0,1,3,-1,-1,0,0,0,0,1,0,2,2]",c,"[[{8, 1}, {2, 7}, {3, 6}, {4, 5}], [{8, 1}, {5, 7}, {3, 6}, {2, 4}], [{8, 2}, {5, 7}, {3, 6}, {1, 4}], [{8, 4}, {2, 7}, {3, 6}, {1, 5}], [{8, 4}, {5, 7}, {3, 6}, {1, 2}], [{8, 5}, {2, 7}, {3, 6}, {1, 4}]]",1,16 K_1^3 + 12 K_1^2 K_2 - 28 K_1^2 - 26 K_1 K_2 - 10 K_1 K_3 + K_1 - 2 K_2^2 + 13 K_2 + 9 K_3 + 3 K_4 + 13,O1O2O3O4U1U5U6O7U3O8O5U8U4O6U2U7,O1O2O3U4U5U6U3O7O6U1O4O8U2U8O5U7,O1O2O3U4O5U6U2O6O7U3O8O4U1U8U5U7,c,{'O1O2O3O4U5U3O6U1U7O8O7U2O5U6U8U4'},1,"<a href=""/flatknot/8.850578"">8.850578</a>",t^9-38t^7-76t^6+138t^5+240t^4-98t^3-94t^2+26t+4,-t^3+t^2+t,,
8.850579,O1O2O3O4U5U3O6U1U7O8O7U2O5U8U6U4,4,z^3+19z^2+85z+103,w^4z^3-4w^4z^2+23w^3z^2-12w^3z+97w^2z+103w,False,False,"[[ 0 -2 -1  0  3 -1  1  1 -1],[ 2  0  1  0  3  0  1  2  0],[ 1 -1  0  0  3  0  1  1 -1],[ 0  0  0  0  0  0 -1  0 -1],[-3 -3 -3  0  0 -1 -1 -2 -2],[ 1  0  0  0  1  0  0  2  0],[-1 -1 -1  1  1  0  0  0 -1],[-1 -2 -1  0  2 -2  0  0 -1],[ 1  0  1  1  2  0  1  1  0]]","[[ 0  3  1  1  0 -1 -1 -1 -2],[-3  0 -1 -2  0 -1 -2 -3 -3],[-1  1  0  0  1  0 -1 -1 -1],[-1  2  0  0  0 -2 -1 -1 -2],[ 0  0 -1  0  0  0 -1  0  0],[ 1  1  0  2  0  0  0  0  0],[ 1  2  1  1  1  0  0  1  0],[ 1  3  1  1  0  0 -1  0 -1],[ 2  3  1  2  0  0  0  1  0]]",True,"[-3,-1,-1,0,1,1,1,2,1,2,0,1,2,3,3,0,-1,0,1,1,1,0,2,1,1,2,0,1,0,0,0,0,0,-1,0,1]","[-3,-1,-1,0,1,1,1,2,0,1,3,1,2,3,2,0,1,1,1,0,1,2,1,1,2,2,1,0,1,2,-1,0,0,0,1,1]",t^8+45t^6+163t^4+136t^2+4,"[-2,-1,-1,-1,0,1,1,3,0,1,1,2,1,2,2,0,1,1,1,1,1,0,1,0,2,3,0,1,1,2,1,2,3,0,0,1]","[-3,-1,-1,0,1,1,1,2,0,1,3,1,2,3,2,0,1,1,1,0,1,2,1,1,2,2,1,0,1,2,-1,0,0,0,1,1]","[-2,-1,-1,-1,0,1,1,3,0,0,1,0,1,2,3,0,0,0,0,2,1,1,1,1,1,2,0,1,1,3,-1,0,0,0,1,2]",c,"[[{8, 1}, {2, 7}, {3, 6}, {4, 5}], [{8, 1}, {2, 7}, {4, 6}, {3, 5}], [{8, 1}, {2, 7}, {5, 6}, {3, 4}], [{8, 1}, {2, 7}, {6}, {4, 5}, {3}], [{8, 1}, {3, 7}, {2, 6}, {4, 5}], [{8, 1}, {3, 7}, {2, 6}, {5}, {4}], [{8, 1}, {3, 7}, {4, 6}, {2, 5}], [{8, 1}, {3, 7}, {5, 6}, {2, 4}], [{8, 1}, {4, 7}, {2, 6}, {3, 5}], [{8, 1}, {4, 7}, {3, 6}, {2, 5}], [{8, 1}, {4, 7}, {5, 6}, {2, 3}], [{8, 1}, {5, 7}, {2, 6}, {3, 4}], [{8, 1}, {5, 7}, {3, 6}, {2, 4}], [{8, 1}, {5, 7}, {4, 6}, {2, 3}], [{8, 1}, {6, 7}, {2, 5}, {3, 4}], [{8, 1}, {6, 7}, {3, 5}, {2, 4}], [{8, 1}, {6, 7}, {4, 5}, {2, 3}], [{8, 2}, {1, 7}, {3, 6}, {4, 5}], [{8, 2}, {1, 7}, {4, 6}, {3, 5}], [{8, 2}, {1, 7}, {5, 6}, {3, 4}], [{8, 2}, {3, 7}, {1, 6}, {4, 5}], [{8, 2}, {3, 7}, {4, 6}, {1, 5}], [{8, 2}, {3, 7}, {5, 6}, {1, 4}], [{8, 2}, {4, 7}, {1, 6}, {3, 5}], [{8, 2}, {4, 7}, {3, 6}, {1, 5}], [{8, 2}, {4, 7}, {3, 6}, {5}, {1}], [{8, 2}, {4, 7}, {5, 6}, {1, 3}], [{8, 2}, {5, 7}, {1, 6}, {3, 4}], [{8, 2}, {5, 7}, {3, 6}, {1, 4}], [{8, 2}, {5, 7}, {4, 6}, {1, 3}], [{8, 2}, {6, 7}, {1, 5}, {3, 4}], [{8, 2}, {6, 7}, {3, 5}, {1, 4}], [{8, 2}, {6, 7}, {4, 5}, {1, 3}], [{8, 2}, {6, 7}, {4, 5}, {3}, {1}], [{8, 2}, {7}, {4, 6}, {3, 5}, {1}], [{8, 3}, {1, 7}, {2, 6}, {4, 5}], [{8, 3}, {1, 7}, {4, 6}, {2, 5}], [{8, 3}, {1, 7}, {5, 6}, {2, 4}], [{8, 3}, {1, 7}, {6}, {4, 5}, {2}], [{8, 3}, {2, 7}, {1, 6}, {4, 5}], [{8, 3}, {2, 7}, {1, 6}, {5}, {4}], [{8, 3}, {2, 7}, {4, 6}, {1, 5}], [{8, 3}, {2, 7}, {5, 6}, {1, 4}], [{8, 3}, {2, 7}, {5, 6}, {4}, {1}], [{8, 3}, {2, 7}, {6}, {1, 5}, {4}], [{8, 3}, {4, 7}, {1, 6}, {2, 5}], [{8, 3}, {4, 7}, {2, 6}, {1, 5}], [{8, 3}, {4, 7}, {5, 6}, {1, 2}], [{8, 3}, {5, 7}, {1, 6}, {2, 4}], [{8, 3}, {5, 7}, {2, 6}, {1, 4}], [{8, 3}, {5, 7}, {4, 6}, {1, 2}], [{8, 3}, {6, 7}, {1, 5}, {2, 4}], [{8, 3}, {6, 7}, {2, 5}, {1, 4}], [{8, 3}, {6, 7}, {4, 5}, {1, 2}], [{8, 3}, {6, 7}, {5}, {2, 4}, {1}], [{8, 3}, {7}, {2, 6}, {4, 5}, {1}], [{8, 3}, {7}, {4, 6}, {2, 5}, {1}], [{8, 3}, {7}, {5, 6}, {1, 4}, {2}], [{8, 4}, {1, 7}, {2, 6}, {3, 5}], [{8, 4}, {1, 7}, {3, 6}, {2, 5}], [{8, 4}, {1, 7}, {3, 6}, {5}, {2}], [{8, 4}, {1, 7}, {5, 6}, {2, 3}], [{8, 4}, {2, 7}, {1, 6}, {3, 5}], [{8, 4}, {2, 7}, {3, 6}, {1, 5}], [{8, 4}, {2, 7}, {3, 6}, {5}, {1}], [{8, 4}, {2, 7}, {5, 6}, {1, 3}], [{8, 4}, {3, 7}, {1, 6}, {2, 5}], [{8, 4}, {3, 7}, {2, 6}, {1, 5}], [{8, 4}, {3, 7}, {2, 6}, {5}, {1}], [{8, 4}, {3, 7}, {5, 6}, {1, 2}], [{8, 4}, {3, 7}, {6}, {1, 5}, {2}], [{8, 4}, {5, 7}, {1, 6}, {2, 3}], [{8, 4}, {5, 7}, {2, 6}, {1, 3}], [{8, 4}, {5, 7}, {3, 6}, {1, 2}], [{8, 4}, {5, 7}, {6}, {1, 3}, {2}], [{8, 4}, {6, 7}, {1, 5}, {2, 3}], [{8, 4}, {6, 7}, {2, 5}, {1, 3}], [{8, 4}, {6, 7}, {3, 5}, {1, 2}], [{8, 4}, {6, 7}, {3, 5}, {2}, {1}], [{8, 4}, {7}, {1, 6}, {2, 5}, {3}], [{8, 4}, {7}, {2, 6}, {1, 5}, {3}], [{8, 4}, {7}, {3, 6}, {5}, {1, 2}], [{8, 5}, {1, 7}, {2, 6}, {3, 4}], [{8, 5}, {1, 7}, {3, 6}, {2, 4}], [{8, 5}, {1, 7}, {3, 6}, {4}, {2}], [{8, 5}, {1, 7}, {4, 6}, {2, 3}], [{8, 5}, {2, 7}, {1, 6}, {3, 4}], [{8, 5}, {2, 7}, {3, 6}, {1, 4}], [{8, 5}, {2, 7}, {4, 6}, {1, 3}], [{8, 5}, {3, 7}, {1, 6}, {2, 4}], [{8, 5}, {3, 7}, {2, 6}, {1, 4}], [{8, 5}, {3, 7}, {4, 6}, {1, 2}], [{8, 5}, {3, 7}, {4, 6}, {2}, {1}], [{8, 5}, {4, 7}, {1, 6}, {2, 3}], [{8, 5}, {4, 7}, {1, 6}, {3}, {2}], [{8, 5}, {4, 7}, {2, 6}, {1, 3}], [{8, 5}, {4, 7}, {2, 6}, {3}, {1}], [{8, 5}, {4, 7}, {3, 6}, {1, 2}], [{8, 5}, {4, 7}, {6}, {3}, {1, 2}], [{8, 5}, {6, 7}, {1, 4}, {2, 3}], [{8, 5}, {6, 7}, {2, 4}, {1, 3}], [{8, 5}, {6, 7}, {3, 4}, {1, 2}], [{8, 5}, {7}, {3, 6}, {2, 4}, {1}], [{8, 6}, {1, 7}, {2, 5}, {3, 4}], [{8, 6}, {1, 7}, {2, 5}, {4}, {3}], [{8, 6}, {1, 7}, {3, 5}, {2, 4}], [{8, 6}, {1, 7}, {4, 5}, {2, 3}], [{8, 6}, {1, 7}, {4, 5}, {3}, {2}], [{8, 6}, {1, 7}, {5}, {2, 4}, {3}], [{8, 6}, {2, 7}, {1, 5}, {3, 4}], [{8, 6}, {2, 7}, {1, 5}, {4}, {3}], [{8, 6}, {2, 7}, {3, 5}, {1, 4}], [{8, 6}, {2, 7}, {4, 5}, {1, 3}], [{8, 6}, {2, 7}, {4, 5}, {3}, {1}], [{8, 6}, {2, 7}, {5}, {1, 4}, {3}], [{8, 6}, {3, 7}, {1, 5}, {2, 4}], [{8, 6}, {3, 7}, {2, 5}, {1, 4}], [{8, 6}, {3, 7}, {4, 5}, {1, 2}], [{8, 6}, {4, 7}, {1, 5}, {2, 3}], [{8, 6}, {4, 7}, {1, 5}, {3}, {2}], [{8, 6}, {4, 7}, {2, 5}, {1, 3}], [{8, 6}, {4, 7}, {2, 5}, {3}, {1}], [{8, 6}, {4, 7}, {3, 5}, {1, 2}], [{8, 6}, {4, 7}, {5}, {3}, {1, 2}], [{8, 6}, {5, 7}, {1, 4}, {2, 3}], [{8, 6}, {5, 7}, {1, 4}, {3}, {2}], [{8, 6}, {5, 7}, {2, 4}, {1, 3}], [{8, 6}, {5, 7}, {2, 4}, {3}, {1}], [{8, 6}, {5, 7}, {3, 4}, {1, 2}], [{8, 6}, {5, 7}, {3, 4}, {2}, {1}], [{8, 6}, {5, 7}, {4}, {1, 3}, {2}], [{8, 6}, {5, 7}, {4}, {2, 3}, {1}], [{8, 6}, {5, 7}, {4}, {3}, {1, 2}], [{8, 6}, {5, 7}, {4}, {3}, {2}, {1}], [{8, 6}, {7}, {1, 5}, {2, 4}, {3}], [{8, 6}, {7}, {2, 5}, {1, 4}, {3}], [{8, 6}, {7}, {4, 5}, {3}, {1, 2}], [{8, 7}, {1, 6}, {2, 5}, {3, 4}], [{8, 7}, {1, 6}, {3, 5}, {2, 4}], [{8, 7}, {1, 6}, {4, 5}, {2, 3}], [{8, 7}, {2, 6}, {1, 5}, {3, 4}], [{8, 7}, {2, 6}, {3, 5}, {1, 4}], [{8, 7}, {2, 6}, {4, 5}, {1, 3}], [{8, 7}, {3, 6}, {1, 5}, {2, 4}], [{8, 7}, {3, 6}, {2, 5}, {1, 4}], [{8, 7}, {3, 6}, {2, 5}, {4}, {1}], [{8, 7}, {3, 6}, {4, 5}, {1, 2}], [{8, 7}, {4, 6}, {1, 5}, {2, 3}], [{8, 7}, {4, 6}, {2, 5}, {1, 3}], [{8, 7}, {4, 6}, {3, 5}, {1, 2}], [{8, 7}, {5, 6}, {1, 4}, {2, 3}], [{8, 7}, {5, 6}, {2, 4}, {1, 3}], [{8, 7}, {5, 6}, {3, 4}, {1, 2}], [{8, 7}, {6}, {2, 5}, {1, 4}, {3}], [{8}, {1, 7}, {2, 6}, {3, 5}, {4}], [{8}, {1, 7}, {3, 6}, {4, 5}, {2}], [{8}, {2, 7}, {1, 6}, {4, 5}, {3}], [{8}, {2, 7}, {3, 6}, {1, 5}, {4}], [{8}, {3, 7}, {1, 6}, {2, 5}, {4}], [{8}, {3, 7}, {1, 6}, {4, 5}, {2}], [{8}, {3, 7}, {1, 6}, {5}, {2, 4}], [{8}, {3, 7}, {2, 6}, {5}, {1, 4}], [{8}, {4, 7}, {5, 6}, {3}, {1, 2}], [{8}, {5, 7}, {4, 6}, {1, 3}, {2}], [{8}, {6, 7}, {1, 5}, {4}, {2, 3}], [{8}, {6, 7}, {2, 5}, {1, 4}, {3}], [{8}, {7}, {1, 6}, {4, 5}, {2, 3}]]",2,- 8 K_1^4 + 40 K_1^3 + 12 K_1^2 K_2 - 28 K_1^2 - 38 K_1 K_2 - 6 K_1 K_3 - 11 K_1 + 15 K_2 + 9 K_3 + K_4 + 15,O1O2O3O4U1U5U6O7U3O8O6U8U4O5U2U7,O1O2O3U4U5U6U3O7O6U2O4O8U1U8O5U7,O1O2O3U4O5U6U3O6O7U2O8O4U1U8U5U7,c,{'O1O2O3O4U5U3O6U1U7O8O7U2O5U8U6U4'},1,"<a href=""/flatknot/8.850579"">8.850579</a>",t^9-41t^7-98t^6+92t^5+356t^4+124t^3-138t^2-52t+4,-t^3+t^2+t,,
8.850580,O1O2O3O4U5U3O6U1U7O8O7U6O5U2U4U8,3,16z^2+93z+123,16w^3z^2+93w^2z+123w,False,False,"[[ 0 -2 -1  0  2 -1  0  1  1],[ 2  0  1  0  3  0  1  2  2],[ 1 -1  0  1  2  0  0  1  1],[ 0  0 -1  0  0  0  0  0  0],[-2 -3 -2  0  0 -2  0 -2  0],[ 1  0  0  0  2  0  0  2  1],[ 0 -1  0  0  0  0  0  0  0],[-1 -2 -1  0  2 -2  0  0  1],[-1 -2 -1  0  0 -1  0 -1  0]]","[[ 0  2  1  0  0 -1 -2],[-2  0 -2  0  0 -2 -3],[-1  2  0  0  0 -1 -2],[ 0  0  0  0  0  0 -1],[ 0  0  0  0  0 -1  0],[ 1  2  1  0  1  0 -1],[ 2  3  2  1  0  1  0]]",False,"[-2,-1,0,0,1,2,2,0,0,2,3,0,0,1,2,0,0,1,1,0,1]","[-2,-1,0,0,1,2,-1,2,2,1,1,1,1,1,1,0,0,2,1,1,0]",t^6+25t^4+28t^2+4,"[-2,-1,0,0,1,2,0,1,2,1,1,1,0,1,1,0,1,2,1,2,-1]","[-2,-1,0,0,1,2,-1,2,2,1,1,1,1,1,1,0,0,2,1,1,0]","[-2,-1,0,0,1,2,1,0,1,2,3,1,0,1,2,0,0,0,0,0,2]",c,"[[{8, 5}, {2, 7}, {3, 6}, {1, 4}], [{8, 5}, {3, 7}, {2, 6}, {1, 4}], [{8, 5}, {6, 7}, {1, 4}, {2, 3}]]",1,4 K_1^3 - 32 K_1^2 - 20 K_1 K_2 + 7 K_1 + 16 K_2 + 9 K_3 + 17,O1O2O3O4U5U1U3O6U7O8O5U8U4O7U2U6,O1O2O3U4U1U5U2O6O5U7O4O8U3U8O7U6,O1O2O3U4O5U6U1O6O7U5O8O4U2U8U3U7,c,{'O1O2O3O4U5U3O6U1U7O8O7U6O5U2U4U8'},1,"<a href=""/flatknot/8.850580"">8.850580</a>",t^7-25t^5-44t^4+14t^3+24t^2-18t+8,0,,
8.850581,O1O2O3O4U5U3O6U1U7O8O7U6O5U2U8U4,4,9z^2+78z+121,9w^3z^2+78w^2z+121w,False,False,"[[ 0 -2 -1  0  3 -1  0  1  0],[ 2  0  1  0  3  0  1  2  1],[ 1 -1  0  1  3  0  0  1  0],[ 0  0 -1  0  0  0  0  0 -1],[-3 -3 -3  0  0 -2 -1 -2 -1],[ 1  0  0  0  2  0  0  2  0],[ 0 -1  0  0  1  0  0  0  0],[-1 -2 -1  0  2 -2  0  0  0],[ 0 -1  0  1  1  0  0  0  0]]","[[ 0  3  1  0  0  0 -1 -1 -2],[-3  0 -2  0 -1 -1 -2 -3 -3],[-1  2  0  0  0  0 -2 -1 -2],[ 0  0  0  0  0 -1  0 -1  0],[ 0  1  0  0  0  0  0  0 -1],[ 0  1  0  1  0  0  0  0 -1],[ 1  2  2  0  0  0  0  0  0],[ 1  3  1  1  0  0  0  0 -1],[ 2  3  2  0  1  1  0  1  0]]",True,"[-3,-1,0,0,0,1,1,2,2,0,1,1,2,3,3,0,0,0,2,1,2,0,1,0,1,0,0,0,0,1,0,0,1,0,0,1]","[-3,-1,0,0,0,1,1,2,0,2,2,3,1,2,2,1,1,1,1,0,1,0,0,1,1,1,1,1,1,1,0,1,2,0,0,1]",t^8+42t^6+124t^4+51t^2+4,"[-2,-1,-1,0,0,0,1,3,0,1,1,1,2,1,2,0,1,1,0,1,1,1,1,1,0,2,0,-1,1,2,0,1,2,1,3,0]","[-3,-1,0,0,0,1,1,2,0,2,2,3,1,2,2,1,1,1,1,0,1,0,0,1,1,1,1,1,1,1,0,1,2,0,0,1]","[-2,-1,-1,0,0,0,1,3,0,1,0,1,1,2,3,0,0,0,0,2,2,1,0,0,1,3,-1,0,0,0,0,0,1,0,1,2]",c,"[[{8, 1}, {2, 7}, {3, 6}, {4, 5}], [{8, 1}, {2, 7}, {4, 6}, {3, 5}], [{8, 1}, {2, 7}, {5, 6}, {3, 4}], [{8, 1}, {2, 7}, {6}, {4, 5}, {3}], [{8, 1}, {3, 7}, {2, 6}, {4, 5}], [{8, 1}, {3, 7}, {4, 6}, {2, 5}], [{8, 1}, {3, 7}, {5, 6}, {2, 4}], [{8, 1}, {3, 7}, {5, 6}, {4}, {2}], [{8, 1}, {4, 7}, {2, 6}, {3, 5}], [{8, 1}, {4, 7}, {3, 6}, {2, 5}], [{8, 1}, {4, 7}, {5, 6}, {2, 3}], [{8, 1}, {5, 7}, {2, 6}, {3, 4}], [{8, 1}, {5, 7}, {3, 6}, {2, 4}], [{8, 1}, {5, 7}, {3, 6}, {4}, {2}], [{8, 1}, {5, 7}, {4, 6}, {2, 3}], [{8, 1}, {5, 7}, {6}, {2, 4}, {3}], [{8, 1}, {6, 7}, {2, 5}, {3, 4}], [{8, 1}, {6, 7}, {3, 5}, {2, 4}], [{8, 1}, {6, 7}, {4, 5}, {2, 3}], [{8, 1}, {6, 7}, {5}, {3, 4}, {2}], [{8, 1}, {7}, {4, 6}, {3, 5}, {2}], [{8, 2}, {1, 7}, {3, 6}, {4, 5}], [{8, 2}, {1, 7}, {4, 6}, {3, 5}], [{8, 2}, {1, 7}, {5, 6}, {3, 4}], [{8, 2}, {3, 7}, {1, 6}, {4, 5}], [{8, 2}, {3, 7}, {1, 6}, {5}, {4}], [{8, 2}, {3, 7}, {4, 6}, {1, 5}], [{8, 2}, {3, 7}, {4, 6}, {5}, {1}], [{8, 2}, {3, 7}, {5, 6}, {1, 4}], [{8, 2}, {3, 7}, {5, 6}, {4}, {1}], [{8, 2}, {3, 7}, {6}, {1, 5}, {4}], [{8, 2}, {3, 7}, {6}, {4, 5}, {1}], [{8, 2}, {3, 7}, {6}, {5}, {1, 4}], [{8, 2}, {4, 7}, {1, 6}, {3, 5}], [{8, 2}, {4, 7}, {3, 6}, {1, 5}], [{8, 2}, {4, 7}, {5, 6}, {1, 3}], [{8, 2}, {5, 7}, {1, 6}, {3, 4}], [{8, 2}, {5, 7}, {3, 6}, {1, 4}], [{8, 2}, {5, 7}, {4, 6}, {1, 3}], [{8, 2}, {5, 7}, {6}, {1, 4}, {3}], [{8, 2}, {6, 7}, {1, 5}, {3, 4}], [{8, 2}, {6, 7}, {3, 5}, {1, 4}], [{8, 2}, {6, 7}, {4, 5}, {1, 3}], [{8, 2}, {6, 7}, {5}, {1, 4}, {3}], [{8, 2}, {7}, {1, 6}, {4, 5}, {3}], [{8, 2}, {7}, {3, 6}, {5}, {1, 4}], [{8, 2}, {7}, {4, 6}, {1, 5}, {3}], [{8, 2}, {7}, {5, 6}, {1, 4}, {3}], [{8, 2}, {7}, {6}, {3, 5}, {1, 4}], [{8, 2}, {7}, {6}, {5}, {1, 4}, {3}], [{8, 3}, {1, 7}, {2, 6}, {4, 5}], [{8, 3}, {1, 7}, {4, 6}, {2, 5}], [{8, 3}, {1, 7}, {5, 6}, {2, 4}], [{8, 3}, {1, 7}, {5, 6}, {4}, {2}], [{8, 3}, {2, 7}, {1, 6}, {4, 5}], [{8, 3}, {2, 7}, {1, 6}, {5}, {4}], [{8, 3}, {2, 7}, {4, 6}, {1, 5}], [{8, 3}, {2, 7}, {4, 6}, {5}, {1}], [{8, 3}, {2, 7}, {5, 6}, {1, 4}], [{8, 3}, {2, 7}, {5, 6}, {4}, {1}], [{8, 3}, {2, 7}, {6}, {1, 5}, {4}], [{8, 3}, {2, 7}, {6}, {4, 5}, {1}], [{8, 3}, {2, 7}, {6}, {5}, {1, 4}], [{8, 3}, {4, 7}, {1, 6}, {2, 5}], [{8, 3}, {4, 7}, {2, 6}, {1, 5}], [{8, 3}, {4, 7}, {5, 6}, {1, 2}], [{8, 3}, {4, 7}, {5, 6}, {2}, {1}], [{8, 3}, {5, 7}, {1, 6}, {2, 4}], [{8, 3}, {5, 7}, {2, 6}, {1, 4}], [{8, 3}, {5, 7}, {4, 6}, {1, 2}], [{8, 3}, {5, 7}, {6}, {1, 4}, {2}], [{8, 3}, {5, 7}, {6}, {2, 4}, {1}], [{8, 3}, {5, 7}, {6}, {4}, {1, 2}], [{8, 3}, {6, 7}, {1, 5}, {2, 4}], [{8, 3}, {6, 7}, {2, 5}, {1, 4}], [{8, 3}, {6, 7}, {4, 5}, {1, 2}], [{8, 3}, {6, 7}, {5}, {1, 4}, {2}], [{8, 3}, {6, 7}, {5}, {2, 4}, {1}], [{8, 3}, {6, 7}, {5}, {4}, {1, 2}], [{8, 3}, {7}, {1, 6}, {4, 5}, {2}], [{8, 3}, {7}, {2, 6}, {5}, {1, 4}], [{8, 3}, {7}, {4, 6}, {1, 5}, {2}], [{8, 3}, {7}, {5, 6}, {1, 4}, {2}], [{8, 3}, {7}, {5, 6}, {2, 4}, {1}], [{8, 3}, {7}, {5, 6}, {4}, {1, 2}], [{8, 3}, {7}, {5, 6}, {4}, {2}, {1}], [{8, 3}, {7}, {6}, {2, 5}, {1, 4}], [{8, 3}, {7}, {6}, {5}, {1, 4}, {2}], [{8, 4}, {1, 7}, {2, 6}, {3, 5}], [{8, 4}, {1, 7}, {3, 6}, {2, 5}], [{8, 4}, {1, 7}, {5, 6}, {2, 3}], [{8, 4}, {2, 7}, {1, 6}, {3, 5}], [{8, 4}, {2, 7}, {3, 6}, {1, 5}], [{8, 4}, {2, 7}, {5, 6}, {1, 3}], [{8, 4}, {2, 7}, {6}, {1, 5}, {3}], [{8, 4}, {3, 7}, {1, 6}, {2, 5}], [{8, 4}, {3, 7}, {2, 6}, {1, 5}], [{8, 4}, {3, 7}, {5, 6}, {1, 2}], [{8, 4}, {3, 7}, {5, 6}, {2}, {1}], [{8, 4}, {5, 7}, {1, 6}, {2, 3}], [{8, 4}, {5, 7}, {2, 6}, {1, 3}], [{8, 4}, {5, 7}, {3, 6}, {1, 2}], [{8, 4}, {5, 7}, {6}, {3}, {1, 2}], [{8, 4}, {6, 7}, {1, 5}, {2, 3}], [{8, 4}, {6, 7}, {2, 5}, {1, 3}], [{8, 4}, {6, 7}, {2, 5}, {3}, {1}], [{8, 4}, {6, 7}, {3, 5}, {1, 2}], [{8, 4}, {7}, {2, 6}, {3, 5}, {1}], [{8, 5}, {1, 7}, {2, 6}, {3, 4}], [{8, 5}, {1, 7}, {3, 6}, {2, 4}], [{8, 5}, {1, 7}, {4, 6}, {2, 3}], [{8, 5}, {2, 7}, {1, 6}, {3, 4}], [{8, 5}, {2, 7}, {3, 6}, {1, 4}], [{8, 5}, {2, 7}, {4, 6}, {1, 3}], [{8, 5}, {2, 7}, {6}, {1, 4}, {3}], [{8, 5}, {3, 7}, {1, 6}, {2, 4}], [{8, 5}, {3, 7}, {2, 6}, {1, 4}], [{8, 5}, {3, 7}, {4, 6}, {1, 2}], [{8, 5}, {3, 7}, {6}, {1, 4}, {2}], [{8, 5}, {3, 7}, {6}, {2, 4}, {1}], [{8, 5}, {3, 7}, {6}, {4}, {1, 2}], [{8, 5}, {4, 7}, {1, 6}, {2, 3}], [{8, 5}, {4, 7}, {2, 6}, {1, 3}], [{8, 5}, {4, 7}, {3, 6}, {1, 2}], [{8, 5}, {6, 7}, {1, 4}, {2, 3}], [{8, 5}, {6, 7}, {2, 4}, {1, 3}], [{8, 5}, {6, 7}, {3, 4}, {1, 2}], [{8, 5}, {6, 7}, {4}, {2, 3}, {1}], [{8, 5}, {7}, {6}, {1, 4}, {2, 3}], [{8, 6}, {1, 7}, {2, 5}, {3, 4}], [{8, 6}, {1, 7}, {3, 5}, {2, 4}], [{8, 6}, {1, 7}, {3, 5}, {4}, {2}], [{8, 6}, {1, 7}, {4, 5}, {2, 3}], [{8, 6}, {2, 7}, {1, 5}, {3, 4}], [{8, 6}, {2, 7}, {1, 5}, {4}, {3}], [{8, 6}, {2, 7}, {3, 5}, {1, 4}], [{8, 6}, {2, 7}, {4, 5}, {1, 3}], [{8, 6}, {2, 7}, {4, 5}, {3}, {1}], [{8, 6}, {2, 7}, {5}, {1, 4}, {3}], [{8, 6}, {3, 7}, {1, 5}, {2, 4}], [{8, 6}, {3, 7}, {2, 5}, {1, 4}], [{8, 6}, {3, 7}, {4, 5}, {1, 2}], [{8, 6}, {3, 7}, {5}, {1, 4}, {2}], [{8, 6}, {3, 7}, {5}, {2, 4}, {1}], [{8, 6}, {3, 7}, {5}, {4}, {1, 2}], [{8, 6}, {4, 7}, {1, 5}, {2, 3}], [{8, 6}, {4, 7}, {2, 5}, {1, 3}], [{8, 6}, {4, 7}, {3, 5}, {1, 2}], [{8, 6}, {4, 7}, {5}, {1, 3}, {2}], [{8, 6}, {5, 7}, {1, 4}, {2, 3}], [{8, 6}, {5, 7}, {2, 4}, {1, 3}], [{8, 6}, {5, 7}, {3, 4}, {1, 2}], [{8, 6}, {7}, {1, 5}, {3, 4}, {2}], [{8, 6}, {7}, {5}, {1, 4}, {2, 3}], [{8, 7}, {1, 6}, {2, 5}, {3, 4}], [{8, 7}, {1, 6}, {3, 5}, {2, 4}], [{8, 7}, {1, 6}, {4, 5}, {2, 3}], [{8, 7}, {1, 6}, {4, 5}, {3}, {2}], [{8, 7}, {1, 6}, {5}, {4}, {2, 3}], [{8, 7}, {2, 6}, {1, 5}, {3, 4}], [{8, 7}, {2, 6}, {3, 5}, {1, 4}], [{8, 7}, {2, 6}, {4, 5}, {1, 3}], [{8, 7}, {2, 6}, {5}, {1, 4}, {3}], [{8, 7}, {3, 6}, {1, 5}, {2, 4}], [{8, 7}, {3, 6}, {2, 5}, {1, 4}], [{8, 7}, {3, 6}, {4, 5}, {1, 2}], [{8, 7}, {3, 6}, {5}, {1, 4}, {2}], [{8, 7}, {3, 6}, {5}, {2, 4}, {1}], [{8, 7}, {3, 6}, {5}, {4}, {1, 2}], [{8, 7}, {4, 6}, {1, 5}, {2, 3}], [{8, 7}, {4, 6}, {1, 5}, {3}, {2}], [{8, 7}, {4, 6}, {2, 5}, {1, 3}], [{8, 7}, {4, 6}, {3, 5}, {1, 2}], [{8, 7}, {4, 6}, {5}, {2, 3}, {1}], [{8, 7}, {5, 6}, {1, 4}, {2, 3}], [{8, 7}, {5, 6}, {1, 4}, {3}, {2}], [{8, 7}, {5, 6}, {2, 4}, {1, 3}], [{8, 7}, {5, 6}, {2, 4}, {3}, {1}], [{8, 7}, {5, 6}, {3, 4}, {1, 2}], [{8, 7}, {5, 6}, {3, 4}, {2}, {1}], [{8, 7}, {5, 6}, {4}, {1, 3}, {2}], [{8, 7}, {5, 6}, {4}, {2, 3}, {1}], [{8, 7}, {5, 6}, {4}, {3}, {1, 2}], [{8, 7}, {5, 6}, {4}, {3}, {2}, {1}], [{8, 7}, {6}, {1, 5}, {4}, {2, 3}], [{8, 7}, {6}, {2, 5}, {1, 4}, {3}], [{8, 7}, {6}, {3, 5}, {1, 4}, {2}], [{8, 7}, {6}, {3, 5}, {2, 4}, {1}], [{8, 7}, {6}, {3, 5}, {4}, {1, 2}], [{8, 7}, {6}, {4, 5}, {2, 3}, {1}], [{8, 7}, {6}, {5}, {1, 4}, {2, 3}], [{8, 7}, {6}, {5}, {1, 4}, {3}, {2}], [{8}, {1, 7}, {2, 6}, {4, 5}, {3}], [{8}, {2, 7}, {1, 6}, {4, 5}, {3}], [{8}, {2, 7}, {3, 6}, {1, 5}, {4}], [{8}, {2, 7}, {3, 6}, {4, 5}, {1}], [{8}, {2, 7}, {3, 6}, {5}, {1, 4}], [{8}, {2, 7}, {4, 6}, {1, 5}, {3}], [{8}, {2, 7}, {5, 6}, {1, 4}, {3}], [{8}, {2, 7}, {6}, {1, 5}, {3, 4}], [{8}, {2, 7}, {6}, {1, 5}, {4}, {3}], [{8}, {2, 7}, {6}, {3, 5}, {1, 4}], [{8}, {2, 7}, {6}, {4, 5}, {1, 3}], [{8}, {2, 7}, {6}, {4, 5}, {3}, {1}], [{8}, {2, 7}, {6}, {5}, {1, 4}, {3}], [{8}, {3, 7}, {1, 6}, {4, 5}, {2}], [{8}, {3, 7}, {2, 6}, {5}, {1, 4}], [{8}, {3, 7}, {4, 6}, {1, 5}, {2}], [{8}, {3, 7}, {5, 6}, {1, 4}, {2}], [{8}, {3, 7}, {5, 6}, {2, 4}, {1}], [{8}, {3, 7}, {5, 6}, {4}, {1, 2}], [{8}, {3, 7}, {5, 6}, {4}, {2}, {1}], [{8}, {3, 7}, {6}, {2, 5}, {1, 4}], [{8}, {3, 7}, {6}, {5}, {1, 4}, {2}], [{8}, {4, 7}, {3, 6}, {1, 5}, {2}], [{8}, {5, 7}, {2, 6}, {4}, {1, 3}], [{8}, {5, 7}, {4, 6}, {1, 3}, {2}], [{8}, {5, 7}, {6}, {1, 4}, {2, 3}], [{8}, {5, 7}, {6}, {2, 4}, {1, 3}], [{8}, {5, 7}, {6}, {3, 4}, {1, 2}], [{8}, {6, 7}, {2, 5}, {4}, {1, 3}], [{8}, {6, 7}, {4, 5}, {3}, {1, 2}], [{8}, {6, 7}, {5}, {1, 4}, {2, 3}], [{8}, {7}, {1, 6}, {4, 5}, {2, 3}], [{8}, {7}, {1, 6}, {4, 5}, {3}, {2}], [{8}, {7}, {3, 6}, {1, 5}, {2, 4}], [{8}, {7}, {4, 6}, {1, 5}, {2, 3}], [{8}, {7}, {5, 6}, {1, 4}, {2, 3}], [{8}, {7}, {6}, {5}, {1, 4}, {2, 3}]]",2,8 K_1^3 - 28 K_1^2 - 22 K_1 K_2 - 2 K_1 K_3 + 5 K_1 - 2 K_2^2 + 15 K_2 + 9 K_3 + 2 K_4 + 16,O1O2O3O4U1U5U3O6U7O8O5U8U4O7U2U6,O1O2O3U4U1U5U3O6O5U7O4O8U2U8O7U6,O1O2O3U4O5U6U2O6O7U5O8O4U1U8U3U7,c,{'O1O2O3O4U5U3O6U1U7O8O7U6O5U2U8U4'},1,"<a href=""/flatknot/8.850581"">8.850581</a>",t^9-38t^7-78t^6+91t^5+158t^4-59t^3-48t^2+10t-2,-t^3+t^2+t,,
8.850582,O1O2O3O4U5U3O6U1U7O8O7U6O5U8U2U4,4,12z^2+81z+115,12w^3z^2+81w^2z+115w,False,False,"[[ 0 -2  0  0  3 -1  0  1 -1],[ 2  0  1  0  3  0  1  2  0],[ 0 -1  0  1  2  0 -1  1 -1],[ 0  0 -1  0  0  0  0  0 -1],[-3 -3 -2  0  0 -2 -1 -2 -1],[ 1  0  0  0  2  0  0  2 -1],[ 0 -1  1  0  1  0  0  0  0],[-1 -2 -1  0  2 -2  0  0 -1],[ 1  0  1  1  1  1  0  1  0]]","[[ 0  3  1  0  0  0 -1 -1 -2],[-3  0 -2  0 -1 -2 -1 -2 -3],[-1  2  0  0  0 -1 -1 -2 -2],[ 0  0  0  0  0 -1 -1  0  0],[ 0  1  0  0  0  1  0  0 -1],[ 0  2  1  1 -1  0 -1  0 -1],[ 1  1  1  1  0  1  0  1  0],[ 1  2  2  0  0  0 -1  0  0],[ 2  3  2  0  1  1  0  0  0]]",True,"[-3,-1,0,0,0,1,1,2,2,0,1,2,1,2,3,0,0,1,1,2,2,0,1,1,0,0,-1,0,0,1,1,0,1,-1,0,0]","[-3,-1,0,0,0,1,1,2,0,1,2,3,2,3,2,0,1,1,0,1,1,-1,1,1,0,1,0,1,1,1,1,0,2,-1,1,1]",t^8+40t^6+163t^4+68t^2+4,"[-2,-1,-1,0,0,0,1,3,1,1,1,1,2,1,2,-1,0,1,0,1,3,1,1,1,0,2,1,-1,0,1,0,1,2,1,3,0]","[-3,-1,0,0,0,1,1,2,0,1,2,3,2,3,2,0,1,1,0,1,1,-1,1,1,0,1,0,1,1,1,1,0,2,-1,1,1]","[-2,-1,-1,0,0,0,1,3,0,0,0,1,1,2,3,-1,0,0,0,2,2,1,0,1,1,1,0,-1,0,0,1,0,1,1,2,2]",c,"[[{8, 1}, {2, 7}, {3, 6}, {4, 5}], [{8, 1}, {2, 7}, {3, 6}, {5}, {4}], [{8, 1}, {2, 7}, {4, 6}, {3, 5}], [{8, 1}, {2, 7}, {5, 6}, {3, 4}], [{8, 1}, {2, 7}, {6}, {4, 5}, {3}], [{8, 1}, {3, 7}, {2, 6}, {4, 5}], [{8, 1}, {3, 7}, {4, 6}, {2, 5}], [{8, 1}, {3, 7}, {5, 6}, {2, 4}], [{8, 1}, {4, 7}, {2, 6}, {3, 5}], [{8, 1}, {4, 7}, {3, 6}, {2, 5}], [{8, 1}, {4, 7}, {5, 6}, {2, 3}], [{8, 1}, {5, 7}, {2, 6}, {3, 4}], [{8, 1}, {5, 7}, {3, 6}, {2, 4}], [{8, 1}, {5, 7}, {4, 6}, {2, 3}], [{8, 1}, {5, 7}, {6}, {2, 4}, {3}], [{8, 1}, {5, 7}, {6}, {3, 4}, {2}], [{8, 1}, {5, 7}, {6}, {4}, {2, 3}], [{8, 1}, {6, 7}, {2, 5}, {3, 4}], [{8, 1}, {6, 7}, {2, 5}, {4}, {3}], [{8, 1}, {6, 7}, {3, 5}, {2, 4}], [{8, 1}, {6, 7}, {4, 5}, {2, 3}], [{8, 2}, {1, 7}, {3, 6}, {4, 5}], [{8, 2}, {1, 7}, {4, 6}, {3, 5}], [{8, 2}, {1, 7}, {5, 6}, {3, 4}], [{8, 2}, {3, 7}, {1, 6}, {4, 5}], [{8, 2}, {3, 7}, {1, 6}, {5}, {4}], [{8, 2}, {3, 7}, {4, 6}, {1, 5}], [{8, 2}, {3, 7}, {4, 6}, {5}, {1}], [{8, 2}, {3, 7}, {5, 6}, {1, 4}], [{8, 2}, {3, 7}, {5, 6}, {4}, {1}], [{8, 2}, {3, 7}, {6}, {1, 5}, {4}], [{8, 2}, {3, 7}, {6}, {4, 5}, {1}], [{8, 2}, {3, 7}, {6}, {5}, {1, 4}], [{8, 2}, {4, 7}, {1, 6}, {3, 5}], [{8, 2}, {4, 7}, {3, 6}, {1, 5}], [{8, 2}, {4, 7}, {5, 6}, {1, 3}], [{8, 2}, {5, 7}, {1, 6}, {3, 4}], [{8, 2}, {5, 7}, {3, 6}, {1, 4}], [{8, 2}, {5, 7}, {4, 6}, {1, 3}], [{8, 2}, {5, 7}, {6}, {1, 4}, {3}], [{8, 2}, {6, 7}, {1, 5}, {3, 4}], [{8, 2}, {6, 7}, {3, 5}, {1, 4}], [{8, 2}, {6, 7}, {4, 5}, {1, 3}], [{8, 2}, {6, 7}, {5}, {1, 4}, {3}], [{8, 2}, {7}, {1, 6}, {4, 5}, {3}], [{8, 2}, {7}, {3, 6}, {5}, {1, 4}], [{8, 2}, {7}, {4, 6}, {1, 5}, {3}], [{8, 2}, {7}, {5, 6}, {1, 4}, {3}], [{8, 2}, {7}, {6}, {3, 5}, {1, 4}], [{8, 2}, {7}, {6}, {5}, {1, 4}, {3}], [{8, 3}, {1, 7}, {2, 6}, {4, 5}], [{8, 3}, {1, 7}, {4, 6}, {2, 5}], [{8, 3}, {1, 7}, {5, 6}, {2, 4}], [{8, 3}, {2, 7}, {1, 6}, {4, 5}], [{8, 3}, {2, 7}, {1, 6}, {5}, {4}], [{8, 3}, {2, 7}, {4, 6}, {1, 5}], [{8, 3}, {2, 7}, {4, 6}, {5}, {1}], [{8, 3}, {2, 7}, {5, 6}, {1, 4}], [{8, 3}, {2, 7}, {5, 6}, {4}, {1}], [{8, 3}, {2, 7}, {6}, {1, 5}, {4}], [{8, 3}, {2, 7}, {6}, {4, 5}, {1}], [{8, 3}, {2, 7}, {6}, {5}, {1, 4}], [{8, 3}, {4, 7}, {1, 6}, {2, 5}], [{8, 3}, {4, 7}, {2, 6}, {1, 5}], [{8, 3}, {4, 7}, {5, 6}, {1, 2}], [{8, 3}, {5, 7}, {1, 6}, {2, 4}], [{8, 3}, {5, 7}, {2, 6}, {1, 4}], [{8, 3}, {5, 7}, {4, 6}, {1, 2}], [{8, 3}, {5, 7}, {6}, {1, 4}, {2}], [{8, 3}, {6, 7}, {1, 5}, {2, 4}], [{8, 3}, {6, 7}, {2, 5}, {1, 4}], [{8, 3}, {6, 7}, {4, 5}, {1, 2}], [{8, 3}, {6, 7}, {5}, {1, 4}, {2}], [{8, 3}, {6, 7}, {5}, {2, 4}, {1}], [{8, 3}, {6, 7}, {5}, {4}, {1, 2}], [{8, 3}, {7}, {1, 6}, {4, 5}, {2}], [{8, 3}, {7}, {2, 6}, {5}, {1, 4}], [{8, 3}, {7}, {4, 6}, {1, 5}, {2}], [{8, 3}, {7}, {5, 6}, {1, 4}, {2}], [{8, 3}, {7}, {6}, {2, 5}, {1, 4}], [{8, 3}, {7}, {6}, {5}, {1, 4}, {2}], [{8, 4}, {1, 7}, {2, 6}, {3, 5}], [{8, 4}, {1, 7}, {3, 6}, {2, 5}], [{8, 4}, {1, 7}, {5, 6}, {2, 3}], [{8, 4}, {2, 7}, {1, 6}, {3, 5}], [{8, 4}, {2, 7}, {3, 6}, {1, 5}], [{8, 4}, {2, 7}, {5, 6}, {1, 3}], [{8, 4}, {3, 7}, {1, 6}, {2, 5}], [{8, 4}, {3, 7}, {1, 6}, {5}, {2}], [{8, 4}, {3, 7}, {2, 6}, {1, 5}], [{8, 4}, {3, 7}, {2, 6}, {5}, {1}], [{8, 4}, {3, 7}, {5, 6}, {1, 2}], [{8, 4}, {3, 7}, {6}, {5}, {1, 2}], [{8, 4}, {5, 7}, {1, 6}, {2, 3}], [{8, 4}, {5, 7}, {2, 6}, {1, 3}], [{8, 4}, {5, 7}, {3, 6}, {1, 2}], [{8, 4}, {5, 7}, {6}, {1, 3}, {2}], [{8, 4}, {5, 7}, {6}, {2, 3}, {1}], [{8, 4}, {5, 7}, {6}, {3}, {1, 2}], [{8, 4}, {6, 7}, {1, 5}, {2, 3}], [{8, 4}, {6, 7}, {2, 5}, {1, 3}], [{8, 4}, {6, 7}, {3, 5}, {1, 2}], [{8, 4}, {6, 7}, {3, 5}, {2}, {1}], [{8, 4}, {7}, {2, 6}, {1, 5}, {3}], [{8, 4}, {7}, {6}, {3, 5}, {1, 2}], [{8, 5}, {1, 7}, {2, 6}, {3, 4}], [{8, 5}, {1, 7}, {3, 6}, {2, 4}], [{8, 5}, {1, 7}, {3, 6}, {4}, {2}], [{8, 5}, {1, 7}, {4, 6}, {2, 3}], [{8, 5}, {2, 7}, {1, 6}, {3, 4}], [{8, 5}, {2, 7}, {3, 6}, {1, 4}], [{8, 5}, {2, 7}, {4, 6}, {1, 3}], [{8, 5}, {3, 7}, {1, 6}, {2, 4}], [{8, 5}, {3, 7}, {1, 6}, {4}, {2}], [{8, 5}, {3, 7}, {2, 6}, {1, 4}], [{8, 5}, {3, 7}, {4, 6}, {1, 2}], [{8, 5}, {3, 7}, {6}, {2, 4}, {1}], [{8, 5}, {4, 7}, {1, 6}, {2, 3}], [{8, 5}, {4, 7}, {2, 6}, {1, 3}], [{8, 5}, {4, 7}, {3, 6}, {1, 2}], [{8, 5}, {4, 7}, {3, 6}, {2}, {1}], [{8, 5}, {4, 7}, {6}, {3}, {1, 2}], [{8, 5}, {6, 7}, {1, 4}, {2, 3}], [{8, 5}, {6, 7}, {2, 4}, {1, 3}], [{8, 5}, {6, 7}, {3, 4}, {1, 2}], [{8, 5}, {6, 7}, {4}, {2, 3}, {1}], [{8, 5}, {7}, {2, 6}, {1, 4}, {3}], [{8, 5}, {7}, {3, 6}, {1, 4}, {2}], [{8, 5}, {7}, {4, 6}, {1, 3}, {2}], [{8, 5}, {7}, {6}, {1, 4}, {2, 3}], [{8, 6}, {1, 7}, {2, 5}, {3, 4}], [{8, 6}, {1, 7}, {3, 5}, {2, 4}], [{8, 6}, {1, 7}, {4, 5}, {2, 3}], [{8, 6}, {2, 7}, {1, 5}, {3, 4}], [{8, 6}, {2, 7}, {3, 5}, {1, 4}], [{8, 6}, {2, 7}, {4, 5}, {1, 3}], [{8, 6}, {2, 7}, {4, 5}, {3}, {1}], [{8, 6}, {3, 7}, {1, 5}, {2, 4}], [{8, 6}, {3, 7}, {2, 5}, {1, 4}], [{8, 6}, {3, 7}, {4, 5}, {1, 2}], [{8, 6}, {4, 7}, {1, 5}, {2, 3}], [{8, 6}, {4, 7}, {2, 5}, {1, 3}], [{8, 6}, {4, 7}, {3, 5}, {1, 2}], [{8, 6}, {4, 7}, {5}, {1, 3}, {2}], [{8, 6}, {5, 7}, {1, 4}, {2, 3}], [{8, 6}, {5, 7}, {2, 4}, {1, 3}], [{8, 6}, {5, 7}, {3, 4}, {1, 2}], [{8, 6}, {5, 7}, {3, 4}, {2}, {1}], [{8, 6}, {7}, {2, 5}, {1, 4}, {3}], [{8, 6}, {7}, {3, 5}, {1, 4}, {2}], [{8, 6}, {7}, {3, 5}, {2, 4}, {1}], [{8, 6}, {7}, {3, 5}, {4}, {1, 2}], [{8, 6}, {7}, {5}, {1, 4}, {2, 3}], [{8, 7}, {1, 6}, {2, 5}, {3, 4}], [{8, 7}, {1, 6}, {3, 5}, {2, 4}], [{8, 7}, {1, 6}, {4, 5}, {2, 3}], [{8, 7}, {1, 6}, {4, 5}, {3}, {2}], [{8, 7}, {1, 6}, {5}, {4}, {2, 3}], [{8, 7}, {2, 6}, {1, 5}, {3, 4}], [{8, 7}, {2, 6}, {3, 5}, {1, 4}], [{8, 7}, {2, 6}, {3, 5}, {4}, {1}], [{8, 7}, {2, 6}, {4, 5}, {1, 3}], [{8, 7}, {3, 6}, {1, 5}, {2, 4}], [{8, 7}, {3, 6}, {2, 5}, {1, 4}], [{8, 7}, {3, 6}, {4, 5}, {1, 2}], [{8, 7}, {3, 6}, {5}, {2, 4}, {1}], [{8, 7}, {4, 6}, {1, 5}, {2, 3}], [{8, 7}, {4, 6}, {1, 5}, {3}, {2}], [{8, 7}, {4, 6}, {2, 5}, {1, 3}], [{8, 7}, {4, 6}, {3, 5}, {1, 2}], [{8, 7}, {4, 6}, {5}, {2, 3}, {1}], [{8, 7}, {5, 6}, {1, 4}, {2, 3}], [{8, 7}, {5, 6}, {1, 4}, {3}, {2}], [{8, 7}, {5, 6}, {2, 4}, {1, 3}], [{8, 7}, {5, 6}, {3, 4}, {1, 2}], [{8, 7}, {5, 6}, {4}, {2, 3}, {1}], [{8, 7}, {6}, {1, 5}, {4}, {2, 3}], [{8, 7}, {6}, {4, 5}, {2, 3}, {1}], [{8, 7}, {6}, {5}, {1, 4}, {2, 3}], [{8, 7}, {6}, {5}, {3, 4}, {1, 2}], [{8}, {1, 7}, {2, 6}, {4, 5}, {3}], [{8}, {1, 7}, {6}, {2, 5}, {3, 4}], [{8}, {2, 7}, {1, 6}, {4, 5}, {3}], [{8}, {2, 7}, {3, 6}, {4, 5}, {1}], [{8}, {2, 7}, {4, 6}, {1, 5}, {3}], [{8}, {2, 7}, {5, 6}, {1, 4}, {3}], [{8}, {2, 7}, {6}, {4, 5}, {1, 3}], [{8}, {2, 7}, {6}, {4, 5}, {3}, {1}], [{8}, {3, 7}, {1, 6}, {2, 5}, {4}], [{8}, {3, 7}, {1, 6}, {4, 5}, {2}], [{8}, {3, 7}, {1, 6}, {5}, {2, 4}], [{8}, {3, 7}, {1, 6}, {5}, {4}, {2}], [{8}, {3, 7}, {4, 6}, {1, 5}, {2}], [{8}, {3, 7}, {5, 6}, {1, 4}, {2}], [{8}, {4, 7}, {1, 6}, {3, 5}, {2}], [{8}, {5, 7}, {1, 6}, {3, 4}, {2}], [{8}, {5, 7}, {2, 6}, {4}, {1, 3}], [{8}, {5, 7}, {3, 6}, {4}, {1, 2}], [{8}, {5, 7}, {6}, {1, 4}, {2, 3}], [{8}, {6, 7}, {1, 5}, {3, 4}, {2}], [{8}, {6, 7}, {4, 5}, {3}, {1, 2}], [{8}, {6, 7}, {5}, {1, 4}, {2, 3}], [{8}, {7}, {1, 6}, {4, 5}, {2, 3}], [{8}, {7}, {1, 6}, {4, 5}, {3}, {2}], [{8}, {7}, {2, 6}, {3, 5}, {1, 4}], [{8}, {7}, {3, 6}, {2, 5}, {1, 4}], [{8}, {7}, {4, 6}, {1, 5}, {2, 3}], [{8}, {7}, {4, 6}, {3, 5}, {1, 2}], [{8}, {7}, {5, 6}, {1, 4}, {2, 3}], [{8}, {7}, {5, 6}, {1, 4}, {3}, {2}], [{8}, {7}, {6}, {5}, {1, 4}, {2, 3}]]",2,8 K_1^3 + 4 K_1^2 K_2 - 18 K_1^2 - 18 K_1 K_2 - 4 K_1 K_3 + 3 K_1 - 8 K_2^2 + 9 K_2 + 7 K_3 + 5 K_4 + 13,O1O2O3O4U1U3U5O6U7O8O5U8U4O7U2U6,O1O2O3U4U2U5U3O6O5U7O4O8U1U8O7U6,O1O2O3U4O5U6U3O6O7U5O8O4U1U8U2U7,c,{'O1O2O3O4U5U3O6U1U7O8O7U6O5U8U2U4'},1,"<a href=""/flatknot/8.850582"">8.850582</a>",t^9-36t^7-86t^6+68t^5+284t^4-9t^3-264t^2+66,-t^3+t^2+t,,
8.850583,O1O2O3O4U5U3O6U1U7O8O7U6O5U8U4U2,4,20z^2+105z+131,20w^3z^2+105w^2z+131w,False,False,"[[ 0 -2  1  0  2 -1  0  1 -1],[ 2  0  2  0  2  0  1  2  0],[-1 -2  0  0  1 -1 -1  0 -1],[ 0  0  0  0  0  0  0  0 -1],[-2 -2 -1  0  0 -1 -1 -1 -1],[ 1  0  1  0  1  0  0  2 -1],[ 0 -1  1  0  1  0  0  0  0],[-1 -2  0  0  1 -2  0  0 -1],[ 1  0  1  1  1  1  0  1  0]]","[[ 0  1  1  0  0 -1 -1],[-1  0  0  0  0 -1 -2],[-1  0  0  0 -1 -1 -1],[ 0  0  0  0  0 -1  0],[ 0  0  1  0  0  0  0],[ 1  1  1  1  0  0  1],[ 1  2  1  0  0 -1  0]]",False,"[-1,-1,0,0,1,1,0,0,0,1,2,0,1,1,1,0,1,0,0,0,-1]","[-1,-1,0,0,1,1,-1,0,0,1,2,0,1,1,1,0,1,0,0,0,0]",t^6+10t^4+13t^2+4,"[-1,-1,0,0,1,1,-1,0,1,1,1,1,1,0,1,0,1,1,1,0,0]","[-1,-1,0,0,1,1,0,0,1,1,1,1,1,0,1,0,1,1,1,0,-1]","[-1,-1,0,0,1,1,-1,0,0,1,2,0,1,1,1,0,1,0,0,0,0]",c,"[[{8, 2}, {5, 7}, {3, 6}, {1, 4}], [{8, 2}, {5, 7}, {6}, {1, 4}, {3}], [{8, 3}, {2, 7}, {5, 6}, {1, 4}], [{8, 3}, {7}, {5, 6}, {1, 4}, {2}], [{8, 5}, {2, 7}, {1, 6}, {3, 4}], [{8, 5}, {2, 7}, {3, 6}, {1, 4}], [{8, 7}, {3, 6}, {2, 5}, {1, 4}]]",1,16 K_1^3 + 8 K_1^2 K_2 - 20 K_1^2 - 32 K_1 K_2 - 12 K_1 K_3 + 4 K_1 - 4 K_2^2 + 12 K_2 + 12 K_3 + 6 K_4 + 11,O1O2O3O4U3U1U5O6U7O8O5U8U4O7U2U6,O1O2O3U4U3U5U2O6O5U7O4O8U1U8O7U6,O1O2O3U4O5U6U3O6O7U5O8O4U2U8U1U7,c,{'O1O2O3O4U5U3O6U1U7O8O7U6O5U8U4U2'},1,"<a href=""/flatknot/8.850583"">8.850583</a>",t^7-10t^5-8t^4+11t^3+6t^2-3t,0,,
8.850584,O1O2O3O4U5U3O6U2U1O7O8U6O5U7U4U8,4,3z^3+34z^2+110z+109,3w^4z^3+34w^3z^2+110w^2z+109w,False,False,"[[ 0 -1 -1  0  2 -1  0 -1  2],[ 1  0  0  0  3 -2  2  0  1],[ 1  0  0  0  2 -1  1  0  1],[ 0  0  0  0  0  0  0 -1  0],[-2 -3 -2  0  0 -1 -1  0  2],[ 1  2  1  0  1  0  0 -2  0],[ 0 -2 -1  0  1  0  0  1  2],[ 1  0  0  1  0  2 -1  0  1],[-2 -1 -1  0 -2  0 -2 -1  0]]","[[ 0  2  2  0  0 -1 -1 -1 -1],[-2  0  2  0 -1  0 -1 -2 -3],[-2 -2  0  0 -2 -1  0 -1 -1],[ 0  0  0  0  0 -1  0  0  0],[ 0  1  2  0  0  1  0 -1 -2],[ 1  0  1  1 -1  0  2  0  0],[ 1  1  0  0  0 -2  0  1  2],[ 1  2  1  0  1  0 -1  0  0],[ 1  3  1  0  2  0 -2  0  0]]",True,"[-2,-2,0,0,1,1,1,1,-2,0,1,0,1,2,3,0,2,1,0,1,1,0,1,0,0,0,-1,0,1,2,-2,0,0,-1,-2,0]","[-2,-2,0,0,1,1,1,1,-2,0,1,0,1,2,3,0,2,1,0,1,1,0,1,0,0,0,-1,0,1,2,-2,0,0,-1,-2,0]",t^8+42t^6+268t^4+66t^2,"[-1,-1,-1,-1,0,0,2,2,-2,-1,2,1,1,2,3,0,0,-1,1,0,2,0,0,1,1,2,2,0,3,2,0,1,0,2,2,-2]","[-2,-2,0,0,1,1,1,1,-2,0,2,2,2,2,3,1,2,0,1,3,2,0,-1,0,2,1,1,1,0,1,0,0,-2,0,-1,2]","[-1,-1,-1,-1,0,0,2,2,-2,0,0,0,2,1,3,-2,1,0,0,0,1,0,1,-1,1,0,0,1,1,2,0,0,0,2,1,-2]",c,"[[{8, 4}, {2, 7}, {5, 6}, {1, 3}], [{8, 6}, {2, 7}, {1, 5}, {3, 4}]]",1,8 K_1^3 - 4 K_1^2 - 20 K_1 K_2 - 4 K_1 K_3 + 4 K_1 - 4 K_2^2 + 4 K_2 + 8 K_3 + 4 K_4 + 5,O1O2O3O4U5U1U6O7U8O5O6U4U3O8U2U7,O1O2O3U4U5U6U2O7O6U8O5O4U1U3O8U7,O1O2O3U4O5U1U3O6O7U5O8O4U2U8U7U6,c,{'O1O2O3O4U5U3O6U2U1O7O8U6O5U7U4U8'},1,"<a href=""/flatknot/8.850584"">8.850584</a>",t^9-38t^7-70t^6+76t^5+206t^4+345t^3-314t^2-91t+18,-2t^2+4t,,
8.850585,O1O2O3O4U5U3O6U2U1O7O8U6O5U7U8U4,4,5z^3+40z^2+94z+69,-2w^5z^3+7w^4z^3-10w^4z^2+50w^3z^2-8w^3z+102w^2z+69w,False,False,"[[ 0 -1 -1  0  3 -1  0 -1  1],[ 1  0  0  0  3 -2  2  0  0],[ 1  0  0  0  2 -1  1  0  0],[ 0  0  0  0  0  0  0 -1 -1],[-3 -3 -2  0  0 -1 -2 -1  1],[ 1  2  1  0  1  0  0 -2 -1],[ 0 -2 -1  0  2  0  0  1  2],[ 1  0  0  1  1  2 -1  0  1],[-1  0  0  1 -1  1 -2 -1  0]]","[[ 0  3  1  0  0 -1 -1 -1 -1],[-3  0  1  0 -2 -1 -1 -2 -3],[-1 -1  0  1 -2  1 -1  0  0],[ 0  0 -1  0  0  0 -1  0  0],[ 0  2  2  0  0  0  1 -1 -2],[ 1  1 -1  0  0  0 -2  1  2],[ 1  1  1  1 -1  2  0  0  0],[ 1  2  0  0  1 -1  0  0  0],[ 1  3  0  0  2 -2  0  0  0]]",True,"[-3,-1,0,0,1,1,1,1,-1,0,2,1,1,2,3,-1,2,-1,1,0,0,0,0,1,0,0,0,-1,1,2,2,-1,-2,0,0,0]","[-3,-1,0,0,1,1,1,1,-1,0,2,1,1,2,3,-1,2,-1,1,0,0,0,0,1,0,0,0,-1,1,2,2,-1,-2,0,0,0]",t^8+43t^6+359t^4+203t^2+4,"[-1,-1,-1,-1,0,0,1,3,-2,-1,2,1,1,3,3,0,0,-1,1,2,1,0,0,1,2,2,2,0,1,3,0,-1,1,2,3,3]","[-3,-1,0,0,1,1,1,1,3,1,3,1,2,3,3,-1,2,2,2,1,3,0,-1,0,2,1,1,1,0,1,0,0,-2,0,-1,2]","[-1,-1,-1,-1,0,0,1,3,-2,0,0,0,2,0,3,-2,1,0,0,-1,1,0,1,-1,1,1,0,1,0,2,0,-1,0,2,2,-1]",c,"[[{8, 2}, {1, 7}, {3, 6}, {4, 5}], [{8, 2}, {3, 7}, {4, 6}, {1, 5}], [{8, 2}, {4, 7}, {3, 6}, {1, 5}], [{8, 2}, {5, 7}, {3, 6}, {1, 4}], [{8}, {4, 7}, {3, 6}, {1, 5}, {2}]]",1,4 K_1^3 + 4 K_1^2 K_2 - 8 K_1^2 - 6 K_1 K_2 - 4 K_1 K_3 + 4 K_2 + 2 K_3 + K_4 + 4,O1O2O3O4U1U5U6O7U8O5O6U4U3O8U2U7,O1O2O3U4U5U6U3O7O6U8O5O4U1U2O8U7,O1O2O3U4O5U2U3O6O7U5O8O4U1U8U7U6,c,{'O1O2O3O4U5U3O6U2U1O7O8U6O5U7U8U4'},1,"<a href=""/flatknot/8.850585"">8.850585</a>",t^9-37t^7-82t^6+21t^5+418t^4+329t^3-470t^2-312t+24,-t^3+3t,,
8.850586,O1O2O3O4U5U3O6U2U1O7O8U6O5U8U7U4,4,5z^3+46z^2+116z+89,5w^4z^3+46w^3z^2+116w^2z+89w,False,False,"[[ 0 -1 -1  0  3 -1  0  0  0],[ 1  0  0  0  3 -2  2  0  0],[ 1  0  0  0  2 -1  1  0  0],[ 0  0  0  0  0  0  0 -1 -1],[-3 -3 -2  0  0 -1 -2  0  0],[ 1  2  1  0  1  0  0 -2 -1],[ 0 -2 -1  0  2  0  0  2  1],[ 0  0  0  1  0  2 -2  0  0],[ 0  0  0  1  0  1 -1  0  0]]","[[ 0  3  0  0  0  0 -1 -1 -1],[-3  0  0  0  0 -2 -1 -2 -3],[ 0  0  0  1  0 -1  1  0  0],[ 0  0 -1  0 -1  0  0  0  0],[ 0  0  0  1  0 -2  2  0  0],[ 0  2  1  0  2  0  0 -1 -2],[ 1  1 -1  0 -2  0  0  1  2],[ 1  2  0  0  0  1 -1  0  0],[ 1  3  0  0  0  2 -2  0  0]]",True,"[-3,0,0,0,0,1,1,1,0,0,0,2,1,2,3,-1,0,1,-1,0,0,1,0,0,0,0,2,-2,0,0,0,1,2,-1,-2,0]","[-3,0,0,0,0,1,1,1,0,0,0,2,1,2,3,-1,0,1,-1,0,0,1,0,0,0,0,2,-2,0,0,0,1,2,-1,-2,0]",t^8+40t^6+280t^4+129t^2,"[-1,-1,-1,0,0,0,0,3,-2,-1,1,1,2,3,3,0,-1,1,1,1,1,0,1,1,1,2,0,-1,-2,1,1,1,3,0,3,3]","[-3,0,0,0,0,1,1,1,1,3,3,3,1,2,3,0,1,2,-1,0,1,-1,-1,1,1,1,0,1,1,2,1,1,3,0,-2,-1]","[-1,-1,-1,0,0,0,0,3,-2,0,0,0,0,2,3,1,-2,-1,0,0,1,0,0,0,1,2,0,1,-2,0,1,-1,0,0,0,2]",c,"[[{8, 1}, {2, 7}, {3, 6}, {4, 5}], [{8, 1}, {2, 7}, {4, 6}, {3, 5}], [{8, 1}, {2, 7}, {5, 6}, {3, 4}], [{8, 1}, {3, 7}, {2, 6}, {4, 5}], [{8, 1}, {3, 7}, {4, 6}, {2, 5}], [{8, 1}, {3, 7}, {5, 6}, {2, 4}], [{8, 1}, {4, 7}, {2, 6}, {3, 5}], [{8, 1}, {4, 7}, {3, 6}, {2, 5}], [{8, 1}, {4, 7}, {5, 6}, {2, 3}], [{8, 1}, {4, 7}, {6}, {3, 5}, {2}], [{8, 1}, {5, 7}, {2, 6}, {3, 4}], [{8, 1}, {5, 7}, {3, 6}, {2, 4}], [{8, 1}, {5, 7}, {4, 6}, {2, 3}], [{8, 1}, {6, 7}, {2, 5}, {3, 4}], [{8, 1}, {6, 7}, {3, 5}, {2, 4}], [{8, 1}, {6, 7}, {4, 5}, {2, 3}], [{8, 1}, {7}, {5, 6}, {2, 4}, {3}], [{8, 1}, {7}, {5, 6}, {3, 4}, {2}], [{8, 1}, {7}, {5, 6}, {4}, {2, 3}], [{8, 2}, {1, 7}, {3, 6}, {4, 5}], [{8, 2}, {1, 7}, {4, 6}, {3, 5}], [{8, 2}, {1, 7}, {5, 6}, {3, 4}], [{8, 2}, {1, 7}, {6}, {3, 5}, {4}], [{8, 2}, {1, 7}, {6}, {4, 5}, {3}], [{8, 2}, {1, 7}, {6}, {5}, {3, 4}], [{8, 2}, {3, 7}, {1, 6}, {4, 5}], [{8, 2}, {3, 7}, {4, 6}, {1, 5}], [{8, 2}, {3, 7}, {4, 6}, {5}, {1}], [{8, 2}, {3, 7}, {5, 6}, {1, 4}], [{8, 2}, {3, 7}, {5, 6}, {4}, {1}], [{8, 2}, {3, 7}, {6}, {4, 5}, {1}], [{8, 2}, {4, 7}, {1, 6}, {3, 5}], [{8, 2}, {4, 7}, {1, 6}, {5}, {3}], [{8, 2}, {4, 7}, {3, 6}, {1, 5}], [{8, 2}, {4, 7}, {5, 6}, {1, 3}], [{8, 2}, {4, 7}, {5, 6}, {3}, {1}], [{8, 2}, {4, 7}, {6}, {1, 5}, {3}], [{8, 2}, {5, 7}, {1, 6}, {3, 4}], [{8, 2}, {5, 7}, {3, 6}, {1, 4}], [{8, 2}, {5, 7}, {4, 6}, {1, 3}], [{8, 2}, {6, 7}, {1, 5}, {3, 4}], [{8, 2}, {6, 7}, {3, 5}, {1, 4}], [{8, 2}, {6, 7}, {4, 5}, {1, 3}], [{8, 2}, {7}, {5, 6}, {3, 4}, {1}], [{8, 2}, {7}, {6}, {4, 5}, {1, 3}], [{8, 3}, {1, 7}, {2, 6}, {4, 5}], [{8, 3}, {1, 7}, {4, 6}, {2, 5}], [{8, 3}, {1, 7}, {5, 6}, {2, 4}], [{8, 3}, {1, 7}, {6}, {2, 5}, {4}], [{8, 3}, {2, 7}, {1, 6}, {4, 5}], [{8, 3}, {2, 7}, {1, 6}, {5}, {4}], [{8, 3}, {2, 7}, {4, 6}, {1, 5}], [{8, 3}, {2, 7}, {5, 6}, {1, 4}], [{8, 3}, {2, 7}, {5, 6}, {4}, {1}], [{8, 3}, {2, 7}, {6}, {1, 5}, {4}], [{8, 3}, {4, 7}, {1, 6}, {2, 5}], [{8, 3}, {4, 7}, {2, 6}, {1, 5}], [{8, 3}, {4, 7}, {5, 6}, {1, 2}], [{8, 3}, {4, 7}, {5, 6}, {2}, {1}], [{8, 3}, {5, 7}, {1, 6}, {2, 4}], [{8, 3}, {5, 7}, {2, 6}, {1, 4}], [{8, 3}, {5, 7}, {4, 6}, {1, 2}], [{8, 3}, {6, 7}, {1, 5}, {2, 4}], [{8, 3}, {6, 7}, {2, 5}, {1, 4}], [{8, 3}, {6, 7}, {4, 5}, {1, 2}], [{8, 3}, {7}, {1, 6}, {4, 5}, {2}], [{8, 3}, {7}, {4, 6}, {2, 5}, {1}], [{8, 3}, {7}, {5, 6}, {2, 4}, {1}], [{8, 4}, {1, 7}, {2, 6}, {3, 5}], [{8, 4}, {1, 7}, {3, 6}, {2, 5}], [{8, 4}, {1, 7}, {5, 6}, {2, 3}], [{8, 4}, {2, 7}, {1, 6}, {3, 5}], [{8, 4}, {2, 7}, {3, 6}, {1, 5}], [{8, 4}, {2, 7}, {5, 6}, {1, 3}], [{8, 4}, {2, 7}, {5, 6}, {3}, {1}], [{8, 4}, {2, 7}, {6}, {5}, {1, 3}], [{8, 4}, {3, 7}, {1, 6}, {2, 5}], [{8, 4}, {3, 7}, {2, 6}, {1, 5}], [{8, 4}, {3, 7}, {5, 6}, {1, 2}], [{8, 4}, {3, 7}, {5, 6}, {2}, {1}], [{8, 4}, {5, 7}, {1, 6}, {2, 3}], [{8, 4}, {5, 7}, {2, 6}, {1, 3}], [{8, 4}, {5, 7}, {3, 6}, {1, 2}], [{8, 4}, {6, 7}, {1, 5}, {2, 3}], [{8, 4}, {6, 7}, {2, 5}, {1, 3}], [{8, 4}, {6, 7}, {3, 5}, {1, 2}], [{8, 4}, {6, 7}, {5}, {1, 3}, {2}], [{8, 4}, {7}, {2, 6}, {5}, {1, 3}], [{8, 4}, {7}, {3, 6}, {1, 5}, {2}], [{8, 4}, {7}, {5, 6}, {2, 3}, {1}], [{8, 5}, {1, 7}, {2, 6}, {3, 4}], [{8, 5}, {1, 7}, {3, 6}, {2, 4}], [{8, 5}, {1, 7}, {4, 6}, {2, 3}], [{8, 5}, {1, 7}, {4, 6}, {3}, {2}], [{8, 5}, {2, 7}, {1, 6}, {3, 4}], [{8, 5}, {2, 7}, {3, 6}, {1, 4}], [{8, 5}, {2, 7}, {4, 6}, {1, 3}], [{8, 5}, {2, 7}, {6}, {1, 4}, {3}], [{8, 5}, {3, 7}, {1, 6}, {2, 4}], [{8, 5}, {3, 7}, {2, 6}, {1, 4}], [{8, 5}, {3, 7}, {4, 6}, {1, 2}], [{8, 5}, {3, 7}, {4, 6}, {2}, {1}], [{8, 5}, {4, 7}, {1, 6}, {2, 3}], [{8, 5}, {4, 7}, {2, 6}, {1, 3}], [{8, 5}, {4, 7}, {3, 6}, {1, 2}], [{8, 5}, {6, 7}, {1, 4}, {2, 3}], [{8, 5}, {6, 7}, {2, 4}, {1, 3}], [{8, 5}, {6, 7}, {3, 4}, {1, 2}], [{8, 5}, {7}, {4, 6}, {1, 3}, {2}], [{8, 6}, {1, 7}, {2, 5}, {3, 4}], [{8, 6}, {1, 7}, {3, 5}, {2, 4}], [{8, 6}, {1, 7}, {4, 5}, {2, 3}], [{8, 6}, {2, 7}, {1, 5}, {3, 4}], [{8, 6}, {2, 7}, {3, 5}, {1, 4}], [{8, 6}, {2, 7}, {3, 5}, {4}, {1}], [{8, 6}, {2, 7}, {4, 5}, {1, 3}], [{8, 6}, {3, 7}, {1, 5}, {2, 4}], [{8, 6}, {3, 7}, {2, 5}, {1, 4}], [{8, 6}, {3, 7}, {4, 5}, {1, 2}], [{8, 6}, {4, 7}, {1, 5}, {2, 3}], [{8, 6}, {4, 7}, {2, 5}, {1, 3}], [{8, 6}, {4, 7}, {3, 5}, {1, 2}], [{8, 6}, {5, 7}, {1, 4}, {2, 3}], [{8, 6}, {5, 7}, {2, 4}, {1, 3}], [{8, 6}, {5, 7}, {3, 4}, {1, 2}], [{8, 6}, {7}, {2, 5}, {4}, {1, 3}], [{8, 6}, {7}, {3, 5}, {1, 4}, {2}], [{8, 7}, {1, 6}, {2, 5}, {3, 4}], [{8, 7}, {1, 6}, {3, 5}, {2, 4}], [{8, 7}, {1, 6}, {4, 5}, {2, 3}], [{8, 7}, {1, 6}, {4, 5}, {3}, {2}], [{8, 7}, {2, 6}, {1, 5}, {3, 4}], [{8, 7}, {2, 6}, {3, 5}, {1, 4}], [{8, 7}, {2, 6}, {4, 5}, {1, 3}], [{8, 7}, {3, 6}, {1, 5}, {2, 4}], [{8, 7}, {3, 6}, {1, 5}, {4}, {2}], [{8, 7}, {3, 6}, {2, 5}, {1, 4}], [{8, 7}, {3, 6}, {4, 5}, {1, 2}], [{8, 7}, {4, 6}, {1, 5}, {2, 3}], [{8, 7}, {4, 6}, {2, 5}, {1, 3}], [{8, 7}, {4, 6}, {2, 5}, {3}, {1}], [{8, 7}, {4, 6}, {3, 5}, {1, 2}], [{8, 7}, {5, 6}, {1, 4}, {2, 3}], [{8, 7}, {5, 6}, {2, 4}, {1, 3}], [{8, 7}, {5, 6}, {2, 4}, {3}, {1}], [{8, 7}, {5, 6}, {3, 4}, {1, 2}], [{8, 7}, {5, 6}, {3, 4}, {2}, {1}], [{8, 7}, {5, 6}, {4}, {2, 3}, {1}], [{8}, {1, 7}, {3, 6}, {4, 5}, {2}], [{8}, {1, 7}, {5, 6}, {2, 4}, {3}], [{8}, {1, 7}, {5, 6}, {3, 4}, {2}], [{8}, {1, 7}, {5, 6}, {4}, {2, 3}], [{8}, {2, 7}, {3, 6}, {5}, {1, 4}], [{8}, {2, 7}, {5, 6}, {3, 4}, {1}], [{8}, {3, 7}, {1, 6}, {4, 5}, {2}], [{8}, {3, 7}, {4, 6}, {2, 5}, {1}], [{8}, {3, 7}, {5, 6}, {2, 4}, {1}], [{8}, {4, 7}, {3, 6}, {1, 5}, {2}], [{8}, {4, 7}, {5, 6}, {2, 3}, {1}], [{8}, {5, 7}, {1, 6}, {2, 4}, {3}], [{8}, {6, 7}, {1, 5}, {2, 4}, {3}], [{8}, {6, 7}, {2, 5}, {1, 4}, {3}], [{8}, {6, 7}, {4, 5}, {3}, {1, 2}], [{8}, {7}, {5, 6}, {1, 4}, {2, 3}], [{8}, {7}, {5, 6}, {2, 4}, {1, 3}], [{8}, {7}, {5, 6}, {2, 4}, {3}, {1}], [{8}, {7}, {5, 6}, {3, 4}, {1, 2}], [{8}, {7}, {5, 6}, {3, 4}, {2}, {1}], [{8}, {7}, {5, 6}, {4}, {2, 3}, {1}]]",2,4 K_1^2 + 2 K_1 K_2 - K_1 - 2 K_2 - K_3 - 1,O1O2O3O4U1U5U6O7U8O6O5U4U3O8U2U7,O1O2O3U4U5U6U3O7O6U8O5O4U2U1O8U7,O1O2O3U4O5U3U2O6O7U5O8O4U1U8U7U6,c,{'O1O2O3O4U5U3O6U2U1O7O8U6O5U8U7U4'},1,"<a href=""/flatknot/8.850586"">8.850586</a>",t^9-34t^7-54t^6+58t^5+156t^4-37t^3-96t^2+35t,-t^3+3t,,
8.850587,O1O2O3O4U5U3O6U2U1O7O8U7O5U6U4U8,4,2z^3+20z^2+67z+71,-2w^5z^3+4w^4z^3-14w^4z^2+34w^3z^2-16w^3z+83w^2z+71w,False,False,"[[ 0 -1 -1  0  2 -1  0 -1  2],[ 1  0  0  0  3 -1  1  0  1],[ 1  0  0  0  2  0  0  0  1],[ 0  0  0  0  0  0 -1  0  0],[-2 -3 -2  0  0 -1 -1  0  2],[ 1  1  0  0  1  0  0 -1  0],[ 0 -1  0  1  1  0  0  0  2],[ 1  0  0  0  0  1  0  0  1],[-2 -1 -1  0 -2  0 -2 -1  0]]","[[ 0  2  2  0  0 -1 -1 -1 -1],[-2  0  2  0 -1  0 -1 -2 -3],[-2 -2  0  0 -2 -1  0 -1 -1],[ 0  0  0  0 -1  0  0  0  0],[ 0  1  2  1  0  0  0  0 -1],[ 1  0  1  0  0  0  1  0  0],[ 1  1  0  0  0 -1  0  0  1],[ 1  2  1  0  0  0  0  0  0],[ 1  3  1  0  1  0 -1  0  0]]",True,"[-2,-2,0,0,1,1,1,1,-2,0,1,0,1,2,3,0,2,1,0,1,1,1,0,0,0,0,0,0,0,1,-1,0,0,0,-1,0]","[-2,-2,0,0,1,1,1,1,-2,0,1,0,1,2,3,0,2,1,0,1,1,1,0,0,0,0,0,0,0,1,-1,0,0,0,-1,0]",t^8+30t^6+114t^4+72t^2+1,"[-1,-1,-1,-1,0,0,2,2,-1,0,0,1,1,2,3,-1,0,1,1,3,2,0,0,1,2,0,1,1,2,1,-1,0,1,2,2,2]","[-2,-2,0,0,1,1,1,1,-2,0,2,2,2,2,3,1,2,0,1,3,2,1,0,1,1,1,1,1,1,1,0,0,-1,0,0,1]","[-1,-1,-1,-1,0,0,2,2,-1,0,0,0,1,1,3,-1,0,0,0,0,1,0,0,0,1,0,0,0,1,2,-1,0,0,2,1,-2]",c,"[[{8, 1}, {2, 7}, {3, 6}, {4, 5}], [{8, 1}, {2, 7}, {4, 6}, {3, 5}], [{8, 1}, {2, 7}, {5, 6}, {3, 4}], [{8, 1}, {2, 7}, {5, 6}, {4}, {3}], [{8, 1}, {2, 7}, {6}, {5}, {3, 4}], [{8, 1}, {3, 7}, {2, 6}, {4, 5}], [{8, 1}, {3, 7}, {4, 6}, {2, 5}], [{8, 1}, {3, 7}, {4, 6}, {5}, {2}], [{8, 1}, {3, 7}, {5, 6}, {2, 4}], [{8, 1}, {4, 7}, {2, 6}, {3, 5}], [{8, 1}, {4, 7}, {3, 6}, {2, 5}], [{8, 1}, {4, 7}, {5, 6}, {2, 3}], [{8, 1}, {4, 7}, {6}, {2, 5}, {3}], [{8, 1}, {5, 7}, {2, 6}, {3, 4}], [{8, 1}, {5, 7}, {3, 6}, {2, 4}], [{8, 1}, {5, 7}, {4, 6}, {2, 3}], [{8, 1}, {5, 7}, {4, 6}, {3}, {2}], [{8, 1}, {6, 7}, {2, 5}, {3, 4}], [{8, 1}, {6, 7}, {3, 5}, {2, 4}], [{8, 1}, {6, 7}, {4, 5}, {2, 3}], [{8, 1}, {6, 7}, {5}, {2, 4}, {3}], [{8, 1}, {7}, {2, 6}, {4, 5}, {3}], [{8, 1}, {7}, {4, 6}, {3, 5}, {2}], [{8, 2}, {1, 7}, {3, 6}, {4, 5}], [{8, 2}, {1, 7}, {4, 6}, {3, 5}], [{8, 2}, {1, 7}, {5, 6}, {3, 4}], [{8, 2}, {1, 7}, {6}, {3, 5}, {4}], [{8, 2}, {3, 7}, {1, 6}, {4, 5}], [{8, 2}, {3, 7}, {4, 6}, {1, 5}], [{8, 2}, {3, 7}, {4, 6}, {5}, {1}], [{8, 2}, {3, 7}, {5, 6}, {1, 4}], [{8, 2}, {4, 7}, {1, 6}, {3, 5}], [{8, 2}, {4, 7}, {3, 6}, {1, 5}], [{8, 2}, {4, 7}, {5, 6}, {1, 3}], [{8, 2}, {4, 7}, {6}, {1, 5}, {3}], [{8, 2}, {5, 7}, {1, 6}, {3, 4}], [{8, 2}, {5, 7}, {3, 6}, {1, 4}], [{8, 2}, {5, 7}, {4, 6}, {1, 3}], [{8, 2}, {5, 7}, {4, 6}, {3}, {1}], [{8, 2}, {6, 7}, {1, 5}, {3, 4}], [{8, 2}, {6, 7}, {3, 5}, {1, 4}], [{8, 2}, {6, 7}, {4, 5}, {1, 3}], [{8, 2}, {7}, {1, 6}, {4, 5}, {3}], [{8, 2}, {7}, {4, 6}, {3, 5}, {1}], [{8, 3}, {1, 7}, {2, 6}, {4, 5}], [{8, 3}, {1, 7}, {2, 6}, {5}, {4}], [{8, 3}, {1, 7}, {4, 6}, {2, 5}], [{8, 3}, {1, 7}, {4, 6}, {5}, {2}], [{8, 3}, {1, 7}, {5, 6}, {2, 4}], [{8, 3}, {1, 7}, {6}, {5}, {2, 4}], [{8, 3}, {2, 7}, {1, 6}, {4, 5}], [{8, 3}, {2, 7}, {1, 6}, {5}, {4}], [{8, 3}, {2, 7}, {4, 6}, {1, 5}], [{8, 3}, {2, 7}, {5, 6}, {1, 4}], [{8, 3}, {4, 7}, {1, 6}, {2, 5}], [{8, 3}, {4, 7}, {2, 6}, {1, 5}], [{8, 3}, {4, 7}, {5, 6}, {1, 2}], [{8, 3}, {5, 7}, {1, 6}, {2, 4}], [{8, 3}, {5, 7}, {2, 6}, {1, 4}], [{8, 3}, {5, 7}, {4, 6}, {1, 2}], [{8, 3}, {6, 7}, {1, 5}, {2, 4}], [{8, 3}, {6, 7}, {2, 5}, {1, 4}], [{8, 3}, {6, 7}, {4, 5}, {1, 2}], [{8, 4}, {1, 7}, {2, 6}, {3, 5}], [{8, 4}, {1, 7}, {3, 6}, {2, 5}], [{8, 4}, {1, 7}, {5, 6}, {2, 3}], [{8, 4}, {2, 7}, {1, 6}, {3, 5}], [{8, 4}, {2, 7}, {3, 6}, {1, 5}], [{8, 4}, {2, 7}, {5, 6}, {1, 3}], [{8, 4}, {3, 7}, {1, 6}, {2, 5}], [{8, 4}, {3, 7}, {1, 6}, {5}, {2}], [{8, 4}, {3, 7}, {2, 6}, {1, 5}], [{8, 4}, {3, 7}, {5, 6}, {1, 2}], [{8, 4}, {3, 7}, {5, 6}, {2}, {1}], [{8, 4}, {3, 7}, {6}, {1, 5}, {2}], [{8, 4}, {5, 7}, {1, 6}, {2, 3}], [{8, 4}, {5, 7}, {2, 6}, {1, 3}], [{8, 4}, {5, 7}, {3, 6}, {1, 2}], [{8, 4}, {6, 7}, {1, 5}, {2, 3}], [{8, 4}, {6, 7}, {2, 5}, {1, 3}], [{8, 4}, {6, 7}, {2, 5}, {3}, {1}], [{8, 4}, {6, 7}, {3, 5}, {1, 2}], [{8, 5}, {1, 7}, {2, 6}, {3, 4}], [{8, 5}, {1, 7}, {3, 6}, {2, 4}], [{8, 5}, {1, 7}, {4, 6}, {2, 3}], [{8, 5}, {1, 7}, {4, 6}, {3}, {2}], [{8, 5}, {2, 7}, {1, 6}, {3, 4}], [{8, 5}, {2, 7}, {3, 6}, {1, 4}], [{8, 5}, {2, 7}, {4, 6}, {1, 3}], [{8, 5}, {3, 7}, {1, 6}, {2, 4}], [{8, 5}, {3, 7}, {2, 6}, {1, 4}], [{8, 5}, {3, 7}, {4, 6}, {1, 2}], [{8, 5}, {4, 7}, {1, 6}, {2, 3}], [{8, 5}, {4, 7}, {2, 6}, {1, 3}], [{8, 5}, {4, 7}, {2, 6}, {3}, {1}], [{8, 5}, {4, 7}, {3, 6}, {1, 2}], [{8, 5}, {6, 7}, {1, 4}, {2, 3}], [{8, 5}, {6, 7}, {1, 4}, {3}, {2}], [{8, 5}, {6, 7}, {2, 4}, {1, 3}], [{8, 5}, {6, 7}, {3, 4}, {1, 2}], [{8, 6}, {1, 7}, {2, 5}, {3, 4}], [{8, 6}, {1, 7}, {2, 5}, {4}, {3}], [{8, 6}, {1, 7}, {3, 5}, {2, 4}], [{8, 6}, {1, 7}, {4, 5}, {2, 3}], [{8, 6}, {2, 7}, {1, 5}, {3, 4}], [{8, 6}, {2, 7}, {3, 5}, {1, 4}], [{8, 6}, {2, 7}, {4, 5}, {1, 3}], [{8, 6}, {3, 7}, {1, 5}, {2, 4}], [{8, 6}, {3, 7}, {2, 5}, {1, 4}], [{8, 6}, {3, 7}, {4, 5}, {1, 2}], [{8, 6}, {4, 7}, {1, 5}, {2, 3}], [{8, 6}, {4, 7}, {2, 5}, {1, 3}], [{8, 6}, {4, 7}, {3, 5}, {1, 2}], [{8, 6}, {5, 7}, {1, 4}, {2, 3}], [{8, 6}, {5, 7}, {2, 4}, {1, 3}], [{8, 6}, {5, 7}, {3, 4}, {1, 2}], [{8, 6}, {5, 7}, {3, 4}, {2}, {1}], [{8, 6}, {7}, {4, 5}, {1, 3}, {2}], [{8, 7}, {1, 6}, {2, 5}, {3, 4}], [{8, 7}, {1, 6}, {3, 5}, {2, 4}], [{8, 7}, {1, 6}, {4, 5}, {2, 3}], [{8, 7}, {1, 6}, {4, 5}, {3}, {2}], [{8, 7}, {2, 6}, {1, 5}, {3, 4}], [{8, 7}, {2, 6}, {1, 5}, {4}, {3}], [{8, 7}, {2, 6}, {3, 5}, {1, 4}], [{8, 7}, {2, 6}, {4, 5}, {1, 3}], [{8, 7}, {2, 6}, {4, 5}, {3}, {1}], [{8, 7}, {2, 6}, {5}, {1, 4}, {3}], [{8, 7}, {3, 6}, {1, 5}, {2, 4}], [{8, 7}, {3, 6}, {1, 5}, {4}, {2}], [{8, 7}, {3, 6}, {2, 5}, {1, 4}], [{8, 7}, {3, 6}, {2, 5}, {4}, {1}], [{8, 7}, {3, 6}, {4, 5}, {1, 2}], [{8, 7}, {3, 6}, {4, 5}, {2}, {1}], [{8, 7}, {3, 6}, {5}, {1, 4}, {2}], [{8, 7}, {3, 6}, {5}, {2, 4}, {1}], [{8, 7}, {3, 6}, {5}, {4}, {1, 2}], [{8, 7}, {3, 6}, {5}, {4}, {2}, {1}], [{8, 7}, {4, 6}, {1, 5}, {2, 3}], [{8, 7}, {4, 6}, {2, 5}, {1, 3}], [{8, 7}, {4, 6}, {3, 5}, {1, 2}], [{8, 7}, {4, 6}, {3, 5}, {2}, {1}], [{8, 7}, {5, 6}, {1, 4}, {2, 3}], [{8, 7}, {5, 6}, {2, 4}, {1, 3}], [{8, 7}, {5, 6}, {3, 4}, {1, 2}], [{8, 7}, {5, 6}, {3, 4}, {2}, {1}], [{8, 7}, {6}, {1, 5}, {4}, {2, 3}], [{8, 7}, {6}, {4, 5}, {1, 3}, {2}], [{8, 7}, {6}, {4, 5}, {2, 3}, {1}], [{8, 7}, {6}, {4, 5}, {3}, {1, 2}], [{8, 7}, {6}, {4, 5}, {3}, {2}, {1}], [{8, 7}, {6}, {5}, {1, 4}, {2, 3}], [{8}, {1, 7}, {2, 6}, {4, 5}, {3}], [{8}, {1, 7}, {4, 6}, {3, 5}, {2}], [{8}, {2, 7}, {1, 6}, {4, 5}, {3}], [{8}, {2, 7}, {4, 6}, {3, 5}, {1}], [{8}, {3, 7}, {4, 6}, {5}, {1, 2}], [{8}, {5, 7}, {4, 6}, {3}, {1, 2}], [{8}, {6, 7}, {1, 5}, {3, 4}, {2}], [{8}, {6, 7}, {4, 5}, {1, 3}, {2}], [{8}, {7}, {4, 6}, {3, 5}, {1, 2}], [{8}, {7}, {4, 6}, {3, 5}, {2}, {1}]]",2,4 K_1^3 - 8 K_1^2 - 8 K_1 K_2 + K_1 + 4 K_2 + 3 K_3 + 5,O1O2O3O4U5U1U6O7U8O5O8U4U3O6U2U7,O1O2O3U4U5U6U2O7O6U1O5O4U8U3O8U7,O1O2O3U4O5U1U5O6O7U3O8O4U2U8U7U6,c,{'O1O2O3O4U5U3O6U2U1O7O8U7O5U6U4U8'},1,"<a href=""/flatknot/8.850587"">8.850587</a>",t^9-26t^7-32t^6+94t^5+144t^4-64t^3-110t^2+24t,-2t^2+4t,,
8.850588,O1O2O3O4U5U3O6U2U1O7O8U7O5U6U8U4,4,3z^3+34z^2+110z+109,3w^4z^3+34w^3z^2+110w^2z+109w,False,False,"[[ 0 -1 -1  0  3 -1  0 -1  1],[ 1  0  0  0  3 -1  1  0  0],[ 1  0  0  0  2  0  0  0  0],[ 0  0  0  0  0  0 -1  0 -1],[-3 -3 -2  0  0 -1 -2 -1  1],[ 1  1  0  0  1  0  0 -1 -1],[ 0 -1  0  1  2  0  0  0  2],[ 1  0  0  0  1  1  0  0  1],[-1  0  0  1 -1  1 -2 -1  0]]","[[ 0  3  1  0  0 -1 -1 -1 -1],[-3  0  1  0 -2 -1 -1 -2 -3],[-1 -1  0  1 -2  1 -1  0  0],[ 0  0 -1  0 -1  0  0  0  0],[ 0  2  2  1  0  0  0  0 -1],[ 1  1 -1  0  0  0 -1  0  1],[ 1  1  1  0  0  1  0  0  0],[ 1  2  0  0  0  0  0  0  0],[ 1  3  0  0  1 -1  0  0  0]]",True,"[-3,-1,0,0,1,1,1,1,-1,0,2,1,1,2,3,-1,2,-1,1,0,0,1,0,0,0,0,0,0,0,1,1,0,-1,0,0,0]","[-3,-1,0,0,1,1,1,1,-1,0,2,1,1,2,3,-1,2,-1,1,0,0,1,0,0,0,0,0,0,0,1,1,0,-1,0,0,0]",t^8+31t^6+183t^4+143t^2,"[-1,-1,-1,-1,0,0,1,3,-1,0,0,1,1,1,3,-1,0,1,1,3,3,0,0,1,2,1,1,1,2,2,-1,-1,1,2,3,3]","[-3,-1,0,0,1,1,1,1,3,1,3,1,2,3,3,-1,2,2,2,1,3,1,0,1,1,1,1,1,1,1,0,0,-1,0,0,1]","[-1,-1,-1,-1,0,0,1,3,-1,0,0,0,1,0,3,-1,0,0,0,-1,1,0,0,0,1,1,0,0,0,2,-1,-1,0,2,2,-1]",c,"[[{8, 1}, {2, 7}, {3, 6}, {4, 5}], [{8, 1}, {2, 7}, {4, 6}, {3, 5}], [{8, 1}, {2, 7}, {5, 6}, {3, 4}], [{8, 1}, {3, 7}, {2, 6}, {4, 5}], [{8, 1}, {3, 7}, {4, 6}, {2, 5}], [{8, 1}, {3, 7}, {5, 6}, {2, 4}], [{8, 1}, {3, 7}, {6}, {5}, {2, 4}], [{8, 1}, {4, 7}, {2, 6}, {3, 5}], [{8, 1}, {4, 7}, {3, 6}, {2, 5}], [{8, 1}, {4, 7}, {3, 6}, {5}, {2}], [{8, 1}, {4, 7}, {5, 6}, {2, 3}], [{8, 1}, {5, 7}, {2, 6}, {3, 4}], [{8, 1}, {5, 7}, {3, 6}, {2, 4}], [{8, 1}, {5, 7}, {4, 6}, {2, 3}], [{8, 1}, {6, 7}, {2, 5}, {3, 4}], [{8, 1}, {6, 7}, {3, 5}, {2, 4}], [{8, 1}, {6, 7}, {4, 5}, {2, 3}], [{8, 1}, {6, 7}, {4, 5}, {3}, {2}], [{8, 1}, {7}, {4, 6}, {2, 5}, {3}], [{8, 1}, {7}, {5, 6}, {2, 4}, {3}], [{8, 1}, {7}, {5, 6}, {3, 4}, {2}], [{8, 1}, {7}, {5, 6}, {4}, {2, 3}], [{8, 2}, {1, 7}, {3, 6}, {4, 5}], [{8, 2}, {1, 7}, {3, 6}, {5}, {4}], [{8, 2}, {1, 7}, {4, 6}, {3, 5}], [{8, 2}, {1, 7}, {4, 6}, {5}, {3}], [{8, 2}, {1, 7}, {5, 6}, {3, 4}], [{8, 2}, {1, 7}, {5, 6}, {4}, {3}], [{8, 2}, {1, 7}, {6}, {3, 5}, {4}], [{8, 2}, {1, 7}, {6}, {4, 5}, {3}], [{8, 2}, {1, 7}, {6}, {5}, {3, 4}], [{8, 2}, {3, 7}, {1, 6}, {4, 5}], [{8, 2}, {3, 7}, {4, 6}, {1, 5}], [{8, 2}, {3, 7}, {5, 6}, {1, 4}], [{8, 2}, {4, 7}, {1, 6}, {3, 5}], [{8, 2}, {4, 7}, {3, 6}, {1, 5}], [{8, 2}, {4, 7}, {5, 6}, {1, 3}], [{8, 2}, {4, 7}, {6}, {1, 5}, {3}], [{8, 2}, {5, 7}, {1, 6}, {3, 4}], [{8, 2}, {5, 7}, {3, 6}, {1, 4}], [{8, 2}, {5, 7}, {4, 6}, {1, 3}], [{8, 2}, {5, 7}, {6}, {1, 4}, {3}], [{8, 2}, {6, 7}, {1, 5}, {3, 4}], [{8, 2}, {6, 7}, {3, 5}, {1, 4}], [{8, 2}, {6, 7}, {4, 5}, {1, 3}], [{8, 3}, {1, 7}, {2, 6}, {4, 5}], [{8, 3}, {1, 7}, {4, 6}, {2, 5}], [{8, 3}, {1, 7}, {4, 6}, {5}, {2}], [{8, 3}, {1, 7}, {5, 6}, {2, 4}], [{8, 3}, {1, 7}, {5, 6}, {4}, {2}], [{8, 3}, {1, 7}, {6}, {4, 5}, {2}], [{8, 3}, {2, 7}, {1, 6}, {4, 5}], [{8, 3}, {2, 7}, {4, 6}, {1, 5}], [{8, 3}, {2, 7}, {4, 6}, {5}, {1}], [{8, 3}, {2, 7}, {5, 6}, {1, 4}], [{8, 3}, {4, 7}, {1, 6}, {2, 5}], [{8, 3}, {4, 7}, {2, 6}, {1, 5}], [{8, 3}, {4, 7}, {5, 6}, {1, 2}], [{8, 3}, {5, 7}, {1, 6}, {2, 4}], [{8, 3}, {5, 7}, {2, 6}, {1, 4}], [{8, 3}, {5, 7}, {4, 6}, {1, 2}], [{8, 3}, {6, 7}, {1, 5}, {2, 4}], [{8, 3}, {6, 7}, {2, 5}, {1, 4}], [{8, 3}, {6, 7}, {4, 5}, {1, 2}], [{8, 3}, {7}, {4, 6}, {5}, {1, 2}], [{8, 4}, {1, 7}, {2, 6}, {3, 5}], [{8, 4}, {1, 7}, {3, 6}, {2, 5}], [{8, 4}, {1, 7}, {5, 6}, {2, 3}], [{8, 4}, {1, 7}, {5, 6}, {3}, {2}], [{8, 4}, {2, 7}, {1, 6}, {3, 5}], [{8, 4}, {2, 7}, {3, 6}, {1, 5}], [{8, 4}, {2, 7}, {5, 6}, {1, 3}], [{8, 4}, {3, 7}, {1, 6}, {2, 5}], [{8, 4}, {3, 7}, {2, 6}, {1, 5}], [{8, 4}, {3, 7}, {5, 6}, {1, 2}], [{8, 4}, {3, 7}, {5, 6}, {2}, {1}], [{8, 4}, {5, 7}, {1, 6}, {2, 3}], [{8, 4}, {5, 7}, {2, 6}, {1, 3}], [{8, 4}, {5, 7}, {3, 6}, {1, 2}], [{8, 4}, {5, 7}, {6}, {3}, {1, 2}], [{8, 4}, {6, 7}, {1, 5}, {2, 3}], [{8, 4}, {6, 7}, {2, 5}, {1, 3}], [{8, 4}, {6, 7}, {3, 5}, {1, 2}], [{8, 4}, {7}, {3, 6}, {2, 5}, {1}], [{8, 4}, {7}, {5, 6}, {1, 3}, {2}], [{8, 5}, {1, 7}, {2, 6}, {3, 4}], [{8, 5}, {1, 7}, {3, 6}, {2, 4}], [{8, 5}, {1, 7}, {4, 6}, {2, 3}], [{8, 5}, {1, 7}, {4, 6}, {3}, {2}], [{8, 5}, {2, 7}, {1, 6}, {3, 4}], [{8, 5}, {2, 7}, {3, 6}, {1, 4}], [{8, 5}, {2, 7}, {4, 6}, {1, 3}], [{8, 5}, {3, 7}, {1, 6}, {2, 4}], [{8, 5}, {3, 7}, {2, 6}, {1, 4}], [{8, 5}, {3, 7}, {4, 6}, {1, 2}], [{8, 5}, {3, 7}, {4, 6}, {2}, {1}], [{8, 5}, {4, 7}, {1, 6}, {2, 3}], [{8, 5}, {4, 7}, {2, 6}, {1, 3}], [{8, 5}, {4, 7}, {3, 6}, {1, 2}], [{8, 5}, {6, 7}, {1, 4}, {2, 3}], [{8, 5}, {6, 7}, {2, 4}, {1, 3}], [{8, 5}, {6, 7}, {3, 4}, {1, 2}], [{8, 5}, {7}, {4, 6}, {1, 3}, {2}], [{8, 6}, {1, 7}, {2, 5}, {3, 4}], [{8, 6}, {1, 7}, {3, 5}, {2, 4}], [{8, 6}, {1, 7}, {4, 5}, {2, 3}], [{8, 6}, {1, 7}, {4, 5}, {3}, {2}], [{8, 6}, {2, 7}, {1, 5}, {3, 4}], [{8, 6}, {2, 7}, {3, 5}, {1, 4}], [{8, 6}, {2, 7}, {4, 5}, {1, 3}], [{8, 6}, {2, 7}, {4, 5}, {3}, {1}], [{8, 6}, {3, 7}, {1, 5}, {2, 4}], [{8, 6}, {3, 7}, {2, 5}, {1, 4}], [{8, 6}, {3, 7}, {4, 5}, {1, 2}], [{8, 6}, {3, 7}, {4, 5}, {2}, {1}], [{8, 6}, {4, 7}, {1, 5}, {2, 3}], [{8, 6}, {4, 7}, {2, 5}, {1, 3}], [{8, 6}, {4, 7}, {3, 5}, {1, 2}], [{8, 6}, {5, 7}, {1, 4}, {2, 3}], [{8, 6}, {5, 7}, {2, 4}, {1, 3}], [{8, 6}, {5, 7}, {3, 4}, {1, 2}], [{8, 6}, {7}, {1, 5}, {2, 4}, {3}], [{8, 6}, {7}, {2, 5}, {1, 4}, {3}], [{8, 6}, {7}, {4, 5}, {1, 3}, {2}], [{8, 6}, {7}, {4, 5}, {2, 3}, {1}], [{8, 6}, {7}, {4, 5}, {3}, {1, 2}], [{8, 6}, {7}, {4, 5}, {3}, {2}, {1}], [{8, 7}, {1, 6}, {2, 5}, {3, 4}], [{8, 7}, {1, 6}, {3, 5}, {2, 4}], [{8, 7}, {1, 6}, {4, 5}, {2, 3}], [{8, 7}, {1, 6}, {4, 5}, {3}, {2}], [{8, 7}, {2, 6}, {1, 5}, {3, 4}], [{8, 7}, {2, 6}, {3, 5}, {1, 4}], [{8, 7}, {2, 6}, {4, 5}, {1, 3}], [{8, 7}, {3, 6}, {1, 5}, {2, 4}], [{8, 7}, {3, 6}, {2, 5}, {1, 4}], [{8, 7}, {3, 6}, {4, 5}, {1, 2}], [{8, 7}, {3, 6}, {5}, {2, 4}, {1}], [{8, 7}, {4, 6}, {1, 5}, {2, 3}], [{8, 7}, {4, 6}, {2, 5}, {1, 3}], [{8, 7}, {4, 6}, {2, 5}, {3}, {1}], [{8, 7}, {4, 6}, {3, 5}, {1, 2}], [{8, 7}, {5, 6}, {1, 4}, {2, 3}], [{8, 7}, {5, 6}, {2, 4}, {1, 3}], [{8, 7}, {5, 6}, {2, 4}, {3}, {1}], [{8, 7}, {5, 6}, {3, 4}, {1, 2}], [{8, 7}, {5, 6}, {3, 4}, {2}, {1}], [{8, 7}, {5, 6}, {4}, {2, 3}, {1}], [{8, 7}, {6}, {2, 5}, {4}, {1, 3}], [{8, 7}, {6}, {3, 5}, {2, 4}, {1}], [{8}, {1, 7}, {2, 6}, {4, 5}, {3}], [{8}, {1, 7}, {3, 6}, {4, 5}, {2}], [{8}, {1, 7}, {4, 6}, {2, 5}, {3}], [{8}, {1, 7}, {4, 6}, {3, 5}, {2}], [{8}, {1, 7}, {4, 6}, {5}, {2, 3}], [{8}, {1, 7}, {4, 6}, {5}, {3}, {2}], [{8}, {1, 7}, {5, 6}, {2, 4}, {3}], [{8}, {1, 7}, {5, 6}, {3, 4}, {2}], [{8}, {1, 7}, {5, 6}, {4}, {2, 3}], [{8}, {1, 7}, {5, 6}, {4}, {3}, {2}], [{8}, {1, 7}, {6}, {4, 5}, {2, 3}], [{8}, {1, 7}, {6}, {4, 5}, {3}, {2}], [{8}, {6, 7}, {5}, {1, 4}, {2, 3}]]",2,- 6 K_1^2 - 6 K_1 K_2 - 2 K_1 K_3 + 3 K_1 - 2 K_2^2 + 4 K_2 + 3 K_3 + 2 K_4 + 5,O1O2O3O4U1U5U6O7U8O5O8U4U3O6U2U7,O1O2O3U4U5U6U3O7O6U1O5O4U8U2O8U7,O1O2O3U4O5U2U5O6O7U3O8O4U1U8U7U6,c,{'O1O2O3O4U5U3O6U2U1O7O8U7O5U6U8U4'},1,"<a href=""/flatknot/8.850588"">8.850588</a>",t^9-25t^7-36t^6+105t^5+214t^4-78t^3-280t^2-73t+24,-t^3+3t,,
8.850589,O1O2O3O4U5U3O6U2U1O7O8U7O5U8U6U4,4,3z^3+33z^2+109z+111,3w^4z^3+33w^3z^2+109w^2z+111w,False,False,"[[ 0 -1 -1  0  3 -1  1 -1  0],[ 1  0  0  0  3 -1  1  0 -1],[ 1  0  0  0  2  0  0  0 -1],[ 0  0  0  0  0  0 -1  0 -1],[-3 -3 -2  0  0 -1 -1 -1  0],[ 1  1  0  0  1  0  0 -1 -1],[-1 -1  0  1  1  0  0 -1  1],[ 1  0  0  0  1  1  1  0  1],[ 0  1  1  1  0  1 -1 -1  0]]","[[ 0  3  1  0  0 -1 -1 -1 -1],[-3  0 -1  0  0 -1 -1 -2 -3],[-1  1  0  1  1  0 -1  0 -1],[ 0  0 -1  0  1  1 -1  1  1],[ 0  0 -1 -1  0  0  0  0  0],[ 1  1  0 -1  0  0 -1  0  1],[ 1  1  1  1  0  1  0  0  0],[ 1  2  0 -1  0  0  0  0  0],[ 1  3  1 -1  0 -1  0  0  0]]",True,"[-3,-1,0,0,1,1,1,1,1,0,0,1,1,2,3,-1,-1,0,1,0,1,-1,-1,1,-1,-1,0,0,0,0,1,0,-1,0,0,0]","[-3,-1,0,0,1,1,1,1,1,0,0,1,1,2,3,-1,-1,0,1,0,1,-1,-1,1,-1,-1,0,0,0,0,1,0,-1,0,0,0]",t^8+27t^6+161t^4+141t^2,"[-1,-1,-1,-1,0,0,1,3,-1,0,0,0,1,1,3,-1,0,2,1,2,3,0,2,1,1,1,2,1,2,2,-1,2,3,2,3,1]","[-3,-1,0,0,1,1,1,1,1,3,3,1,2,3,3,2,2,1,2,1,2,-1,1,1,1,1,2,2,0,2,0,0,-1,0,0,1]","[-1,-1,-1,-1,0,0,1,3,-1,0,0,-1,0,1,3,-1,0,-1,0,0,1,0,1,0,1,1,-1,0,0,2,1,-1,0,-1,0,1]",c,"[[{8, 1}, {2, 7}, {3, 6}, {4, 5}], [{8, 1}, {2, 7}, {4, 6}, {3, 5}], [{8, 1}, {2, 7}, {5, 6}, {3, 4}], [{8, 1}, {3, 7}, {2, 6}, {4, 5}], [{8, 1}, {3, 7}, {2, 6}, {5}, {4}], [{8, 1}, {3, 7}, {4, 6}, {2, 5}], [{8, 1}, {3, 7}, {5, 6}, {2, 4}], [{8, 1}, {4, 7}, {2, 6}, {3, 5}], [{8, 1}, {4, 7}, {2, 6}, {5}, {3}], [{8, 1}, {4, 7}, {3, 6}, {2, 5}], [{8, 1}, {4, 7}, {5, 6}, {2, 3}], [{8, 1}, {4, 7}, {6}, {3, 5}, {2}], [{8, 1}, {5, 7}, {2, 6}, {3, 4}], [{8, 1}, {5, 7}, {3, 6}, {2, 4}], [{8, 1}, {5, 7}, {4, 6}, {2, 3}], [{8, 1}, {6, 7}, {2, 5}, {3, 4}], [{8, 1}, {6, 7}, {3, 5}, {2, 4}], [{8, 1}, {6, 7}, {4, 5}, {2, 3}], [{8, 1}, {6, 7}, {4, 5}, {3}, {2}], [{8, 1}, {7}, {2, 6}, {5}, {3, 4}], [{8, 2}, {1, 7}, {3, 6}, {4, 5}], [{8, 2}, {1, 7}, {4, 6}, {3, 5}], [{8, 2}, {1, 7}, {5, 6}, {3, 4}], [{8, 2}, {1, 7}, {6}, {4, 5}, {3}], [{8, 2}, {3, 7}, {1, 6}, {4, 5}], [{8, 2}, {3, 7}, {4, 6}, {1, 5}], [{8, 2}, {3, 7}, {5, 6}, {1, 4}], [{8, 2}, {3, 7}, {5, 6}, {4}, {1}], [{8, 2}, {4, 7}, {1, 6}, {3, 5}], [{8, 2}, {4, 7}, {3, 6}, {1, 5}], [{8, 2}, {4, 7}, {5, 6}, {1, 3}], [{8, 2}, {4, 7}, {5, 6}, {3}, {1}], [{8, 2}, {5, 7}, {1, 6}, {3, 4}], [{8, 2}, {5, 7}, {1, 6}, {4}, {3}], [{8, 2}, {5, 7}, {3, 6}, {1, 4}], [{8, 2}, {5, 7}, {4, 6}, {1, 3}], [{8, 2}, {6, 7}, {1, 5}, {3, 4}], [{8, 2}, {6, 7}, {3, 5}, {1, 4}], [{8, 2}, {6, 7}, {4, 5}, {1, 3}], [{8, 2}, {6, 7}, {5}, {1, 4}, {3}], [{8, 2}, {7}, {4, 6}, {1, 5}, {3}], [{8, 2}, {7}, {5, 6}, {3, 4}, {1}], [{8, 3}, {1, 7}, {2, 6}, {4, 5}], [{8, 3}, {1, 7}, {4, 6}, {2, 5}], [{8, 3}, {1, 7}, {5, 6}, {2, 4}], [{8, 3}, {1, 7}, {6}, {4, 5}, {2}], [{8, 3}, {2, 7}, {1, 6}, {4, 5}], [{8, 3}, {2, 7}, {4, 6}, {1, 5}], [{8, 3}, {2, 7}, {5, 6}, {1, 4}], [{8, 3}, {4, 7}, {1, 6}, {2, 5}], [{8, 3}, {4, 7}, {2, 6}, {1, 5}], [{8, 3}, {4, 7}, {5, 6}, {1, 2}], [{8, 3}, {4, 7}, {6}, {1, 5}, {2}], [{8, 3}, {5, 7}, {1, 6}, {2, 4}], [{8, 3}, {5, 7}, {2, 6}, {1, 4}], [{8, 3}, {5, 7}, {4, 6}, {1, 2}], [{8, 3}, {6, 7}, {1, 5}, {2, 4}], [{8, 3}, {6, 7}, {1, 5}, {4}, {2}], [{8, 3}, {6, 7}, {2, 5}, {1, 4}], [{8, 3}, {6, 7}, {4, 5}, {1, 2}], [{8, 3}, {7}, {2, 6}, {5}, {1, 4}], [{8, 3}, {7}, {4, 6}, {1, 5}, {2}], [{8, 3}, {7}, {5, 6}, {2, 4}, {1}], [{8, 4}, {1, 7}, {2, 6}, {3, 5}], [{8, 4}, {1, 7}, {3, 6}, {2, 5}], [{8, 4}, {1, 7}, {5, 6}, {2, 3}], [{8, 4}, {1, 7}, {5, 6}, {3}, {2}], [{8, 4}, {2, 7}, {1, 6}, {3, 5}], [{8, 4}, {2, 7}, {3, 6}, {1, 5}], [{8, 4}, {2, 7}, {5, 6}, {1, 3}], [{8, 4}, {3, 7}, {1, 6}, {2, 5}], [{8, 4}, {3, 7}, {2, 6}, {1, 5}], [{8, 4}, {3, 7}, {5, 6}, {1, 2}], [{8, 4}, {5, 7}, {1, 6}, {2, 3}], [{8, 4}, {5, 7}, {2, 6}, {1, 3}], [{8, 4}, {5, 7}, {3, 6}, {1, 2}], [{8, 4}, {5, 7}, {6}, {3}, {1, 2}], [{8, 4}, {6, 7}, {1, 5}, {2, 3}], [{8, 4}, {6, 7}, {1, 5}, {3}, {2}], [{8, 4}, {6, 7}, {2, 5}, {1, 3}], [{8, 4}, {6, 7}, {3, 5}, {1, 2}], [{8, 4}, {7}, {2, 6}, {3, 5}, {1}], [{8, 4}, {7}, {3, 6}, {2, 5}, {1}], [{8, 5}, {1, 7}, {2, 6}, {3, 4}], [{8, 5}, {1, 7}, {3, 6}, {2, 4}], [{8, 5}, {1, 7}, {4, 6}, {2, 3}], [{8, 5}, {1, 7}, {4, 6}, {3}, {2}], [{8, 5}, {2, 7}, {1, 6}, {3, 4}], [{8, 5}, {2, 7}, {3, 6}, {1, 4}], [{8, 5}, {2, 7}, {4, 6}, {1, 3}], [{8, 5}, {2, 7}, {6}, {1, 4}, {3}], [{8, 5}, {3, 7}, {1, 6}, {2, 4}], [{8, 5}, {3, 7}, {2, 6}, {1, 4}], [{8, 5}, {3, 7}, {4, 6}, {1, 2}], [{8, 5}, {4, 7}, {1, 6}, {2, 3}], [{8, 5}, {4, 7}, {2, 6}, {1, 3}], [{8, 5}, {4, 7}, {2, 6}, {3}, {1}], [{8, 5}, {4, 7}, {3, 6}, {1, 2}], [{8, 5}, {4, 7}, {3, 6}, {2}, {1}], [{8, 5}, {4, 7}, {6}, {2, 3}, {1}], [{8, 5}, {6, 7}, {1, 4}, {2, 3}], [{8, 5}, {6, 7}, {2, 4}, {1, 3}], [{8, 5}, {6, 7}, {3, 4}, {1, 2}], [{8, 6}, {1, 7}, {2, 5}, {3, 4}], [{8, 6}, {1, 7}, {3, 5}, {2, 4}], [{8, 6}, {1, 7}, {4, 5}, {2, 3}], [{8, 6}, {1, 7}, {4, 5}, {3}, {2}], [{8, 6}, {2, 7}, {1, 5}, {3, 4}], [{8, 6}, {2, 7}, {3, 5}, {1, 4}], [{8, 6}, {2, 7}, {4, 5}, {1, 3}], [{8, 6}, {2, 7}, {4, 5}, {3}, {1}], [{8, 6}, {3, 7}, {1, 5}, {2, 4}], [{8, 6}, {3, 7}, {2, 5}, {1, 4}], [{8, 6}, {3, 7}, {4, 5}, {1, 2}], [{8, 6}, {3, 7}, {4, 5}, {2}, {1}], [{8, 6}, {4, 7}, {1, 5}, {2, 3}], [{8, 6}, {4, 7}, {2, 5}, {1, 3}], [{8, 6}, {4, 7}, {3, 5}, {1, 2}], [{8, 6}, {5, 7}, {1, 4}, {2, 3}], [{8, 6}, {5, 7}, {2, 4}, {1, 3}], [{8, 6}, {5, 7}, {3, 4}, {1, 2}], [{8, 6}, {7}, {1, 5}, {2, 4}, {3}], [{8, 6}, {7}, {2, 5}, {1, 4}, {3}], [{8, 6}, {7}, {4, 5}, {1, 3}, {2}], [{8, 6}, {7}, {4, 5}, {2, 3}, {1}], [{8, 6}, {7}, {4, 5}, {3}, {1, 2}], [{8, 6}, {7}, {4, 5}, {3}, {2}, {1}], [{8, 7}, {1, 6}, {2, 5}, {3, 4}], [{8, 7}, {1, 6}, {3, 5}, {2, 4}], [{8, 7}, {1, 6}, {4, 5}, {2, 3}], [{8, 7}, {1, 6}, {4, 5}, {3}, {2}], [{8, 7}, {2, 6}, {1, 5}, {3, 4}], [{8, 7}, {2, 6}, {3, 5}, {1, 4}], [{8, 7}, {2, 6}, {4, 5}, {1, 3}], [{8, 7}, {2, 6}, {5}, {3, 4}, {1}], [{8, 7}, {3, 6}, {1, 5}, {2, 4}], [{8, 7}, {3, 6}, {2, 5}, {1, 4}], [{8, 7}, {3, 6}, {4, 5}, {1, 2}], [{8, 7}, {4, 6}, {1, 5}, {2, 3}], [{8, 7}, {4, 6}, {2, 5}, {1, 3}], [{8, 7}, {4, 6}, {3, 5}, {1, 2}], [{8, 7}, {5, 6}, {1, 4}, {2, 3}], [{8, 7}, {5, 6}, {1, 4}, {3}, {2}], [{8, 7}, {5, 6}, {2, 4}, {1, 3}], [{8, 7}, {5, 6}, {3, 4}, {1, 2}], [{8}, {1, 7}, {2, 6}, {3, 5}, {4}], [{8}, {1, 7}, {2, 6}, {4, 5}, {3}], [{8}, {1, 7}, {2, 6}, {5}, {3, 4}], [{8}, {1, 7}, {3, 6}, {2, 5}, {4}], [{8}, {1, 7}, {3, 6}, {4, 5}, {2}], [{8}, {1, 7}, {3, 6}, {5}, {2, 4}], [{8}, {1, 7}, {6}, {4, 5}, {2, 3}], [{8}, {1, 7}, {6}, {4, 5}, {3}, {2}], [{8}, {4, 7}, {2, 6}, {1, 5}, {3}], [{8}, {5, 7}, {2, 6}, {1, 4}, {3}], [{8}, {5, 7}, {3, 6}, {1, 4}, {2}], [{8}, {5, 7}, {6}, {1, 4}, {2, 3}], [{8}, {6, 7}, {1, 5}, {3, 4}, {2}], [{8}, {7}, {4, 6}, {1, 5}, {2, 3}]]",2,4 K_1^3 + 4 K_1^2 K_2 - 8 K_1^2 - 6 K_1 K_2 - 4 K_1 K_3 + 4 K_2 + 2 K_3 + K_4 + 4,O1O2O3O4U1U5U6O7U8O6O8U4U3O5U2U7,O1O2O3U4U5U6U3O7O6U2O5O4U8U1O8U7,O1O2O3U4O5U3U5O6O7U2O8O4U1U8U7U6,c,{'O1O2O3O4U5U3O6U2U1O7O8U7O5U8U6U4'},1,"<a href=""/flatknot/8.850589"">8.850589</a>",t^9-21t^7-24t^6+17t^5+6t^4+42t^3+22t^2-42t+8,-t^3+3t,,
8.850590,O1O2O3O4U5U3O6U2U4O7O8U1O5U6U8U7,4,2z^3+24z^2+87z+95,2w^4z^3+24w^3z^2+87w^2z+95w,False,False,"[[ 0 -2 -1  0  2 -1  0  1  1],[ 2  0 -1 -1  2 -1  2  2  1],[ 1  1  0  0  2 -1  1  0  0],[ 0  1  0  0  1 -1  0 -1 -1],[-2 -2 -2 -1  0 -2  0  0  0],[ 1  1  1  1  2  0  0 -1  0],[ 0 -2 -1  0  0  0  0  2  1],[-1 -2  0  1  0  1 -2  0  0],[-1 -1  0  1  0  0 -1  0  0]]","[[ 0  2  1  1  0  0 -1 -1 -2],[-2  0  0  0  0 -1 -2 -2 -2],[-1  0  0  0 -1  1  0  0 -1],[-1  0  0  0 -2  1  1  0 -2],[ 0  0  1  2  0  0  0 -1 -2],[ 0  1 -1 -1  0  0 -1  0  1],[ 1  2  0 -1  0  1  0  1  1],[ 1  2  0  0  1  0 -1  0  1],[ 2  2  1  2  2 -1 -1 -1  0]]",True,"[-2,-1,-1,0,0,1,1,2,0,0,0,1,2,2,2,0,1,-1,0,0,1,2,-1,-1,0,2,0,0,1,2,1,0,-1,-1,-1,-1]","[-2,-1,-1,0,0,1,1,2,-1,-1,-1,2,1,2,2,-1,0,1,0,0,2,1,0,0,-1,2,0,-1,-1,1,1,2,0,0,0,0]",t^8+36t^6+248t^4+92t^2,"[-2,-1,-1,0,0,1,1,2,2,2,0,3,1,2,2,-1,1,0,3,2,1,0,1,2,2,1,0,-1,0,2,2,2,1,0,1,1]","[-2,-1,-1,0,0,1,1,2,1,1,1,2,1,1,2,0,2,-1,2,3,1,2,0,2,2,2,0,1,0,3,0,1,0,-1,2,2]","[-2,-1,-1,0,0,1,1,2,-1,-1,-1,2,1,2,2,-1,0,1,0,0,2,1,0,0,-1,2,0,-1,-1,1,1,2,0,0,0,0]",c,"[[{8, 1}, {3, 7}, {2, 6}, {4, 5}], [{8, 1}, {4, 7}, {2, 6}, {3, 5}]]",1,- 6 K_1^2 - 8 K_1 K_2 - 2 K_1 K_3 + 4 K_1 - 2 K_2^2 + 4 K_2 + 4 K_3 + 2 K_4 + 5,O1O2O3O4U5U6U7O8U4O6O5U1U3O7U2U8,O1O2O3U4U5U6U7O8O6U1O5O7U3U2O4U8,O1O2O3U4O5U2U1O6O7U3O8O4U6U8U7U5,c,{'O1O2O3O4U5U3O6U2U4O7O8U1O5U6U8U7'},1,"<a href=""/flatknot/8.850590"">8.850590</a>",t^9-36t^7-82t^6+114t^5+442t^4+220t^3-194t^2-116t-12,0,,
8.850591,O1O2O3O4U5U3O6U2U4O7O8U1O5U7U8U6,4,4z^3+30z^2+87z+87,4w^4z^3-8w^4z^2+38w^3z^2-8w^3z+95w^2z+87w,False,False,"[[ 0 -2 -1  0  2 -1  2 -1  1],[ 2  0 -1 -1  2 -1  4  0  1],[ 1  1  0  0  2 -1  1 -1 -1],[ 0  1  0  0  1 -1  0 -1 -1],[-2 -2 -2 -1  0 -2  0 -1 -1],[ 1  1  1  1  2  0  0 -1  0],[-2 -4 -1  0  0  0  0 -1  1],[ 1  0  1  1  1  1  1  0  1],[-1 -1  1  1  1  0 -1 -1  0]]","[[ 0  2  2  1  0 -1 -1 -1 -2],[-2  0  0  1  0  0 -1 -1 -4],[-2  0  0 -1 -1 -2 -1 -2 -2],[-1 -1  1  0  1  0 -1  1 -1],[ 0  0  1 -1  0 -1 -1  0  1],[ 1  0  2  0  1  0 -1  1  1],[ 1  1  1  1  1  1  0  1  0],[ 1  1  2 -1  0 -1 -1  0  1],[ 2  4  2  1 -1 -1  0 -1  0]]",True,"[-2,-2,-1,0,1,1,1,2,0,-1,0,0,1,1,4,1,1,2,1,2,2,-1,0,1,-1,1,1,1,0,-1,1,-1,-1,-1,0,-1]","[-2,-2,-1,0,1,1,1,2,0,-1,0,0,1,1,4,1,1,2,1,2,2,-1,0,1,-1,1,1,1,0,-1,1,-1,-1,-1,0,-1]",t^8+46t^6+469t^4+100t^2+4,"[-2,-1,-1,-1,0,1,2,2,1,2,2,3,2,0,2,-1,-1,0,1,2,2,-1,0,2,3,1,1,3,2,1,2,2,1,2,0,0]","[-2,-2,-1,0,1,1,1,2,0,0,1,1,1,2,2,2,2,2,3,2,0,2,3,2,1,2,1,0,0,3,-1,-1,2,-1,2,1]","[-2,-1,-1,-1,0,1,2,2,-1,-1,0,-1,1,2,4,-1,-1,0,-1,2,1,-1,1,0,2,0,1,1,1,1,-1,1,0,1,-1,0]",c,"[[{8, 1}, {2, 7}, {3, 6}, {4, 5}], [{8, 1}, {2, 7}, {4, 6}, {3, 5}], [{8, 1}, {2, 7}, {5, 6}, {3, 4}], [{8, 1}, {3, 7}, {2, 6}, {4, 5}], [{8, 1}, {3, 7}, {4, 6}, {2, 5}], [{8, 1}, {3, 7}, {4, 6}, {5}, {2}], [{8, 1}, {3, 7}, {5, 6}, {2, 4}], [{8, 1}, {4, 7}, {2, 6}, {3, 5}], [{8, 1}, {4, 7}, {3, 6}, {2, 5}], [{8, 1}, {4, 7}, {3, 6}, {5}, {2}], [{8, 1}, {4, 7}, {5, 6}, {2, 3}], [{8, 1}, {4, 7}, {6}, {2, 5}, {3}], [{8, 1}, {5, 7}, {2, 6}, {3, 4}], [{8, 1}, {5, 7}, {3, 6}, {2, 4}], [{8, 1}, {5, 7}, {4, 6}, {2, 3}], [{8, 1}, {6, 7}, {2, 5}, {3, 4}], [{8, 1}, {6, 7}, {3, 5}, {2, 4}], [{8, 1}, {6, 7}, {4, 5}, {2, 3}], [{8, 1}, {7}, {2, 6}, {4, 5}, {3}], [{8, 2}, {1, 7}, {3, 6}, {4, 5}], [{8, 2}, {1, 7}, {4, 6}, {3, 5}], [{8, 2}, {1, 7}, {5, 6}, {3, 4}], [{8, 2}, {3, 7}, {1, 6}, {4, 5}], [{8, 2}, {3, 7}, {4, 6}, {1, 5}], [{8, 2}, {3, 7}, {5, 6}, {1, 4}], [{8, 2}, {4, 7}, {1, 6}, {3, 5}], [{8, 2}, {4, 7}, {1, 6}, {5}, {3}], [{8, 2}, {4, 7}, {3, 6}, {1, 5}], [{8, 2}, {4, 7}, {5, 6}, {1, 3}], [{8, 2}, {4, 7}, {6}, {3, 5}, {1}], [{8, 2}, {5, 7}, {1, 6}, {3, 4}], [{8, 2}, {5, 7}, {1, 6}, {4}, {3}], [{8, 2}, {5, 7}, {3, 6}, {1, 4}], [{8, 2}, {5, 7}, {4, 6}, {1, 3}], [{8, 2}, {5, 7}, {4, 6}, {3}, {1}], [{8, 2}, {5, 7}, {6}, {1, 4}, {3}], [{8, 2}, {6, 7}, {1, 5}, {3, 4}], [{8, 2}, {6, 7}, {3, 5}, {1, 4}], [{8, 2}, {6, 7}, {4, 5}, {1, 3}], [{8, 2}, {6, 7}, {5}, {1, 4}, {3}], [{8, 2}, {7}, {1, 6}, {4, 5}, {3}], [{8, 2}, {7}, {5, 6}, {1, 4}, {3}], [{8, 3}, {1, 7}, {2, 6}, {4, 5}], [{8, 3}, {1, 7}, {4, 6}, {2, 5}], [{8, 3}, {1, 7}, {5, 6}, {2, 4}], [{8, 3}, {2, 7}, {1, 6}, {4, 5}], [{8, 3}, {2, 7}, {4, 6}, {1, 5}], [{8, 3}, {2, 7}, {5, 6}, {1, 4}], [{8, 3}, {4, 7}, {1, 6}, {2, 5}], [{8, 3}, {4, 7}, {1, 6}, {5}, {2}], [{8, 3}, {4, 7}, {2, 6}, {1, 5}], [{8, 3}, {4, 7}, {2, 6}, {5}, {1}], [{8, 3}, {4, 7}, {5, 6}, {1, 2}], [{8, 3}, {4, 7}, {6}, {5}, {1, 2}], [{8, 3}, {5, 7}, {1, 6}, {2, 4}], [{8, 3}, {5, 7}, {2, 6}, {1, 4}], [{8, 3}, {5, 7}, {4, 6}, {1, 2}], [{8, 3}, {6, 7}, {1, 5}, {2, 4}], [{8, 3}, {6, 7}, {2, 5}, {1, 4}], [{8, 3}, {6, 7}, {4, 5}, {1, 2}], [{8, 3}, {6, 7}, {5}, {1, 4}, {2}], [{8, 3}, {7}, {4, 6}, {1, 5}, {2}], [{8, 4}, {1, 7}, {2, 6}, {3, 5}], [{8, 4}, {1, 7}, {3, 6}, {2, 5}], [{8, 4}, {1, 7}, {5, 6}, {2, 3}], [{8, 4}, {2, 7}, {1, 6}, {3, 5}], [{8, 4}, {2, 7}, {3, 6}, {1, 5}], [{8, 4}, {2, 7}, {5, 6}, {1, 3}], [{8, 4}, {2, 7}, {5, 6}, {3}, {1}], [{8, 4}, {3, 7}, {1, 6}, {2, 5}], [{8, 4}, {3, 7}, {2, 6}, {1, 5}], [{8, 4}, {3, 7}, {5, 6}, {1, 2}], [{8, 4}, {3, 7}, {6}, {1, 5}, {2}], [{8, 4}, {5, 7}, {1, 6}, {2, 3}], [{8, 4}, {5, 7}, {2, 6}, {1, 3}], [{8, 4}, {5, 7}, {3, 6}, {1, 2}], [{8, 4}, {6, 7}, {1, 5}, {2, 3}], [{8, 4}, {6, 7}, {2, 5}, {1, 3}], [{8, 4}, {6, 7}, {3, 5}, {1, 2}], [{8, 4}, {7}, {1, 6}, {3, 5}, {2}], [{8, 5}, {1, 7}, {2, 6}, {3, 4}], [{8, 5}, {1, 7}, {3, 6}, {2, 4}], [{8, 5}, {1, 7}, {4, 6}, {2, 3}], [{8, 5}, {2, 7}, {1, 6}, {3, 4}], [{8, 5}, {2, 7}, {3, 6}, {1, 4}], [{8, 5}, {2, 7}, {4, 6}, {1, 3}], [{8, 5}, {2, 7}, {6}, {4}, {1, 3}], [{8, 5}, {3, 7}, {1, 6}, {2, 4}], [{8, 5}, {3, 7}, {2, 6}, {1, 4}], [{8, 5}, {3, 7}, {4, 6}, {1, 2}], [{8, 5}, {4, 7}, {1, 6}, {2, 3}], [{8, 5}, {4, 7}, {2, 6}, {1, 3}], [{8, 5}, {4, 7}, {3, 6}, {1, 2}], [{8, 5}, {6, 7}, {1, 4}, {2, 3}], [{8, 5}, {6, 7}, {2, 4}, {1, 3}], [{8, 5}, {6, 7}, {3, 4}, {1, 2}], [{8, 5}, {7}, {4, 6}, {2, 3}, {1}], [{8, 6}, {1, 7}, {2, 5}, {3, 4}], [{8, 6}, {1, 7}, {3, 5}, {2, 4}], [{8, 6}, {1, 7}, {4, 5}, {2, 3}], [{8, 6}, {1, 7}, {4, 5}, {3}, {2}], [{8, 6}, {1, 7}, {5}, {4}, {2, 3}], [{8, 6}, {2, 7}, {1, 5}, {3, 4}], [{8, 6}, {2, 7}, {3, 5}, {1, 4}], [{8, 6}, {2, 7}, {4, 5}, {1, 3}], [{8, 6}, {3, 7}, {1, 5}, {2, 4}], [{8, 6}, {3, 7}, {2, 5}, {1, 4}], [{8, 6}, {3, 7}, {4, 5}, {1, 2}], [{8, 6}, {3, 7}, {5}, {1, 4}, {2}], [{8, 6}, {4, 7}, {1, 5}, {2, 3}], [{8, 6}, {4, 7}, {1, 5}, {3}, {2}], [{8, 6}, {4, 7}, {2, 5}, {1, 3}], [{8, 6}, {4, 7}, {3, 5}, {1, 2}], [{8, 6}, {5, 7}, {1, 4}, {2, 3}], [{8, 6}, {5, 7}, {2, 4}, {1, 3}], [{8, 6}, {5, 7}, {3, 4}, {1, 2}], [{8, 6}, {7}, {4, 5}, {2, 3}, {1}], [{8, 6}, {7}, {5}, {2, 4}, {1, 3}], [{8, 7}, {1, 6}, {2, 5}, {3, 4}], [{8, 7}, {1, 6}, {3, 5}, {2, 4}], [{8, 7}, {1, 6}, {4, 5}, {2, 3}], [{8, 7}, {2, 6}, {1, 5}, {3, 4}], [{8, 7}, {2, 6}, {3, 5}, {1, 4}], [{8, 7}, {2, 6}, {4, 5}, {1, 3}], [{8, 7}, {3, 6}, {1, 5}, {2, 4}], [{8, 7}, {3, 6}, {1, 5}, {4}, {2}], [{8, 7}, {3, 6}, {2, 5}, {1, 4}], [{8, 7}, {3, 6}, {4, 5}, {1, 2}], [{8, 7}, {4, 6}, {1, 5}, {2, 3}], [{8, 7}, {4, 6}, {2, 5}, {1, 3}], [{8, 7}, {4, 6}, {3, 5}, {1, 2}], [{8, 7}, {5, 6}, {1, 4}, {2, 3}], [{8, 7}, {5, 6}, {2, 4}, {1, 3}], [{8, 7}, {5, 6}, {3, 4}, {1, 2}], [{8}, {1, 7}, {4, 6}, {3, 5}, {2}], [{8}, {1, 7}, {6}, {4, 5}, {2, 3}], [{8}, {2, 7}, {1, 6}, {3, 5}, {4}], [{8}, {3, 7}, {5, 6}, {2, 4}, {1}], [{8}, {3, 7}, {6}, {4, 5}, {1, 2}], [{8}, {4, 7}, {1, 6}, {5}, {2, 3}], [{8}, {5, 7}, {3, 6}, {2, 4}, {1}], [{8}, {5, 7}, {4, 6}, {1, 3}, {2}], [{8}, {6, 7}, {1, 5}, {3, 4}, {2}], [{8}, {6, 7}, {4, 5}, {3}, {1, 2}], [{8}, {6, 7}, {5}, {1, 4}, {2, 3}], [{8}, {7}, {3, 6}, {4, 5}, {1, 2}]]",2,4 K_1^3 + 4 K_1^2 K_2 - 18 K_1^2 - 8 K_1 K_2 - 4 K_1 K_3 + K_1 + 9 K_2 + 3 K_3 + K_4 + 9,O1O2O3O4U5U6U7O8U4O6O7U1U3O5U2U8,O1O2O3U4U5U6U7O8O6U3O5O7U1U2O4U8,O1O2O3U4O5U2U3O6O7U1O8O4U6U8U7U5,c,{'O1O2O3O4U5U3O6U2U4O7O8U1O5U7U8U6'},1,"<a href=""/flatknot/8.850591"">8.850591</a>",t^9-44t^7-98t^6+122t^5+460t^4+223t^3-188t^2-88t-8,-t^2+2t,,
8.850592,O1O2O3O4U5U3O6U2U4O7O8U1O5U8U6U7,4,18z^2+103z+135,18w^3z^2+103w^2z+135w,False,False,"[[ 0 -2 -1  0  2 -1  1  1  0],[ 2  0 -1 -1  2 -1  3  2  0],[ 1  1  0  0  2 -1  1  0 -1],[ 0  1  0  0  1 -1  0 -1 -1],[-2 -2 -2 -1  0 -2  0  0 -1],[ 1  1  1  1  2  0  0 -1  0],[-1 -3 -1  0  0  0  0  1  0],[-1 -2  0  1  0  1 -1  0  0],[ 0  0  1  1  1  0  0  0  0]]","[[ 0  2  1  1  0  0 -1 -1 -2],[-2  0  0  0 -1 -1 -2 -2 -2],[-1  0  0  1  0  0  0 -1 -3],[-1  0 -1  0  1  0  1  0 -2],[ 0  1  0 -1  0 -1 -1  0  1],[ 0  1  0  0  1  0  0  1  0],[ 1  2  0 -1  1  0  0  1  1],[ 1  2  1  0  0 -1 -1  0  1],[ 2  2  3  2 -1  0 -1 -1  0]]",True,"[-2,-1,-1,0,0,1,1,2,0,0,1,1,2,2,2,-1,0,0,0,1,3,-1,0,-1,0,2,1,1,0,-1,0,-1,0,-1,-1,-1]","[-2,-1,-1,0,0,1,1,2,-1,-1,-1,0,2,3,2,-1,0,-1,0,1,2,1,0,-1,0,2,-1,-1,0,1,0,0,1,-1,0,0]",t^8+38t^6+277t^4+102t^2+1,"[-2,-1,-1,0,0,1,1,2,2,2,2,3,0,1,2,-1,1,0,2,3,1,2,1,1,2,1,-1,1,1,1,1,2,1,-1,1,1]","[-2,-1,-1,0,0,1,1,2,1,1,1,1,1,1,2,-1,1,2,2,3,1,1,1,1,2,0,1,2,1,2,1,0,3,-1,2,2]","[-2,-1,-1,0,0,1,1,2,-1,-1,-1,0,2,3,2,-1,0,-1,0,1,2,1,0,-1,0,2,-1,-1,0,1,0,0,1,-1,0,0]",c,"[[{8, 1}, {2, 7}, {3, 6}, {4, 5}], [{8, 1}, {2, 7}, {4, 6}, {3, 5}], [{8, 1}, {2, 7}, {5, 6}, {3, 4}], [{8, 1}, {2, 7}, {5, 6}, {4}, {3}], [{8, 1}, {2, 7}, {6}, {5}, {3, 4}], [{8, 1}, {3, 7}, {2, 6}, {4, 5}], [{8, 1}, {3, 7}, {4, 6}, {2, 5}], [{8, 1}, {3, 7}, {5, 6}, {2, 4}], [{8, 1}, {4, 7}, {2, 6}, {3, 5}], [{8, 1}, {4, 7}, {3, 6}, {2, 5}], [{8, 1}, {4, 7}, {5, 6}, {2, 3}], [{8, 1}, {5, 7}, {2, 6}, {3, 4}], [{8, 1}, {5, 7}, {3, 6}, {2, 4}], [{8, 1}, {5, 7}, {4, 6}, {2, 3}], [{8, 1}, {6, 7}, {2, 5}, {3, 4}], [{8, 1}, {6, 7}, {2, 5}, {4}, {3}], [{8, 1}, {6, 7}, {3, 5}, {2, 4}], [{8, 1}, {6, 7}, {4, 5}, {2, 3}], [{8, 1}, {6, 7}, {4, 5}, {3}, {2}], [{8, 1}, {6, 7}, {5}, {2, 4}, {3}], [{8, 1}, {7}, {5, 6}, {3, 4}, {2}], [{8, 2}, {1, 7}, {3, 6}, {4, 5}], [{8, 2}, {1, 7}, {4, 6}, {3, 5}], [{8, 2}, {1, 7}, {5, 6}, {3, 4}], [{8, 2}, {1, 7}, {6}, {4, 5}, {3}], [{8, 2}, {3, 7}, {1, 6}, {4, 5}], [{8, 2}, {3, 7}, {4, 6}, {1, 5}], [{8, 2}, {3, 7}, {5, 6}, {1, 4}], [{8, 2}, {4, 7}, {1, 6}, {3, 5}], [{8, 2}, {4, 7}, {3, 6}, {1, 5}], [{8, 2}, {4, 7}, {5, 6}, {1, 3}], [{8, 2}, {5, 7}, {1, 6}, {3, 4}], [{8, 2}, {5, 7}, {3, 6}, {1, 4}], [{8, 2}, {5, 7}, {3, 6}, {4}, {1}], [{8, 2}, {5, 7}, {4, 6}, {1, 3}], [{8, 2}, {6, 7}, {1, 5}, {3, 4}], [{8, 2}, {6, 7}, {3, 5}, {1, 4}], [{8, 2}, {6, 7}, {4, 5}, {1, 3}], [{8, 2}, {7}, {6}, {3, 5}, {1, 4}], [{8, 3}, {1, 7}, {2, 6}, {4, 5}], [{8, 3}, {1, 7}, {2, 6}, {5}, {4}], [{8, 3}, {1, 7}, {4, 6}, {2, 5}], [{8, 3}, {1, 7}, {5, 6}, {2, 4}], [{8, 3}, {1, 7}, {6}, {4, 5}, {2}], [{8, 3}, {2, 7}, {1, 6}, {4, 5}], [{8, 3}, {2, 7}, {4, 6}, {1, 5}], [{8, 3}, {2, 7}, {5, 6}, {1, 4}], [{8, 3}, {4, 7}, {1, 6}, {2, 5}], [{8, 3}, {4, 7}, {2, 6}, {1, 5}], [{8, 3}, {4, 7}, {5, 6}, {1, 2}], [{8, 3}, {5, 7}, {1, 6}, {2, 4}], [{8, 3}, {5, 7}, {2, 6}, {1, 4}], [{8, 3}, {5, 7}, {4, 6}, {1, 2}], [{8, 3}, {6, 7}, {1, 5}, {2, 4}], [{8, 3}, {6, 7}, {1, 5}, {4}, {2}], [{8, 3}, {6, 7}, {2, 5}, {1, 4}], [{8, 3}, {6, 7}, {4, 5}, {1, 2}], [{8, 3}, {7}, {6}, {2, 5}, {1, 4}], [{8, 4}, {1, 7}, {2, 6}, {3, 5}], [{8, 4}, {1, 7}, {3, 6}, {2, 5}], [{8, 4}, {1, 7}, {5, 6}, {2, 3}], [{8, 4}, {2, 7}, {1, 6}, {3, 5}], [{8, 4}, {2, 7}, {3, 6}, {1, 5}], [{8, 4}, {2, 7}, {5, 6}, {1, 3}], [{8, 4}, {2, 7}, {5, 6}, {3}, {1}], [{8, 4}, {3, 7}, {1, 6}, {2, 5}], [{8, 4}, {3, 7}, {2, 6}, {1, 5}], [{8, 4}, {3, 7}, {2, 6}, {5}, {1}], [{8, 4}, {3, 7}, {5, 6}, {1, 2}], [{8, 4}, {3, 7}, {5, 6}, {2}, {1}], [{8, 4}, {3, 7}, {6}, {2, 5}, {1}], [{8, 4}, {5, 7}, {1, 6}, {2, 3}], [{8, 4}, {5, 7}, {2, 6}, {1, 3}], [{8, 4}, {5, 7}, {3, 6}, {1, 2}], [{8, 4}, {6, 7}, {1, 5}, {2, 3}], [{8, 4}, {6, 7}, {2, 5}, {1, 3}], [{8, 4}, {6, 7}, {3, 5}, {1, 2}], [{8, 4}, {6, 7}, {5}, {1, 3}, {2}], [{8, 4}, {7}, {3, 6}, {1, 5}, {2}], [{8, 4}, {7}, {5, 6}, {2, 3}, {1}], [{8, 5}, {1, 7}, {2, 6}, {3, 4}], [{8, 5}, {1, 7}, {3, 6}, {2, 4}], [{8, 5}, {1, 7}, {4, 6}, {2, 3}], [{8, 5}, {2, 7}, {1, 6}, {3, 4}], [{8, 5}, {2, 7}, {3, 6}, {1, 4}], [{8, 5}, {2, 7}, {3, 6}, {4}, {1}], [{8, 5}, {2, 7}, {4, 6}, {1, 3}], [{8, 5}, {3, 7}, {1, 6}, {2, 4}], [{8, 5}, {3, 7}, {2, 6}, {1, 4}], [{8, 5}, {3, 7}, {4, 6}, {1, 2}], [{8, 5}, {3, 7}, {4, 6}, {2}, {1}], [{8, 5}, {4, 7}, {1, 6}, {2, 3}], [{8, 5}, {4, 7}, {1, 6}, {3}, {2}], [{8, 5}, {4, 7}, {2, 6}, {1, 3}], [{8, 5}, {4, 7}, {3, 6}, {1, 2}], [{8, 5}, {6, 7}, {1, 4}, {2, 3}], [{8, 5}, {6, 7}, {2, 4}, {1, 3}], [{8, 5}, {6, 7}, {3, 4}, {1, 2}], [{8, 5}, {7}, {3, 6}, {1, 4}, {2}], [{8, 5}, {7}, {6}, {2, 4}, {1, 3}], [{8, 6}, {1, 7}, {2, 5}, {3, 4}], [{8, 6}, {1, 7}, {2, 5}, {4}, {3}], [{8, 6}, {1, 7}, {3, 5}, {2, 4}], [{8, 6}, {1, 7}, {4, 5}, {2, 3}], [{8, 6}, {1, 7}, {4, 5}, {3}, {2}], [{8, 6}, {1, 7}, {5}, {2, 4}, {3}], [{8, 6}, {2, 7}, {1, 5}, {3, 4}], [{8, 6}, {2, 7}, {3, 5}, {1, 4}], [{8, 6}, {2, 7}, {4, 5}, {1, 3}], [{8, 6}, {2, 7}, {4, 5}, {3}, {1}], [{8, 6}, {3, 7}, {1, 5}, {2, 4}], [{8, 6}, {3, 7}, {2, 5}, {1, 4}], [{8, 6}, {3, 7}, {4, 5}, {1, 2}], [{8, 6}, {3, 7}, {4, 5}, {2}, {1}], [{8, 6}, {4, 7}, {1, 5}, {2, 3}], [{8, 6}, {4, 7}, {2, 5}, {1, 3}], [{8, 6}, {4, 7}, {3, 5}, {1, 2}], [{8, 6}, {4, 7}, {3, 5}, {2}, {1}], [{8, 6}, {5, 7}, {1, 4}, {2, 3}], [{8, 6}, {5, 7}, {2, 4}, {1, 3}], [{8, 6}, {5, 7}, {3, 4}, {1, 2}], [{8, 6}, {5, 7}, {3, 4}, {2}, {1}], [{8, 6}, {7}, {4, 5}, {1, 3}, {2}], [{8, 6}, {7}, {4, 5}, {2, 3}, {1}], [{8, 6}, {7}, {4, 5}, {3}, {1, 2}], [{8, 6}, {7}, {4, 5}, {3}, {2}, {1}], [{8, 7}, {1, 6}, {2, 5}, {3, 4}], [{8, 7}, {1, 6}, {2, 5}, {4}, {3}], [{8, 7}, {1, 6}, {3, 5}, {2, 4}], [{8, 7}, {1, 6}, {4, 5}, {2, 3}], [{8, 7}, {1, 6}, {4, 5}, {3}, {2}], [{8, 7}, {1, 6}, {5}, {2, 4}, {3}], [{8, 7}, {2, 6}, {1, 5}, {3, 4}], [{8, 7}, {2, 6}, {3, 5}, {1, 4}], [{8, 7}, {2, 6}, {4, 5}, {1, 3}], [{8, 7}, {3, 6}, {1, 5}, {2, 4}], [{8, 7}, {3, 6}, {2, 5}, {1, 4}], [{8, 7}, {3, 6}, {4, 5}, {1, 2}], [{8, 7}, {3, 6}, {5}, {1, 4}, {2}], [{8, 7}, {4, 6}, {1, 5}, {2, 3}], [{8, 7}, {4, 6}, {1, 5}, {3}, {2}], [{8, 7}, {4, 6}, {2, 5}, {1, 3}], [{8, 7}, {4, 6}, {3, 5}, {1, 2}], [{8, 7}, {5, 6}, {1, 4}, {2, 3}], [{8, 7}, {5, 6}, {2, 4}, {1, 3}], [{8, 7}, {5, 6}, {3, 4}, {1, 2}], [{8}, {1, 7}, {2, 6}, {4, 5}, {3}], [{8}, {1, 7}, {3, 6}, {4, 5}, {2}], [{8}, {1, 7}, {6}, {4, 5}, {2, 3}], [{8}, {1, 7}, {6}, {4, 5}, {3}, {2}], [{8}, {2, 7}, {5, 6}, {1, 4}, {3}], [{8}, {4, 7}, {2, 6}, {1, 5}, {3}], [{8}, {4, 7}, {3, 6}, {5}, {1, 2}], [{8}, {5, 7}, {2, 6}, {1, 4}, {3}], [{8}, {5, 7}, {3, 6}, {1, 4}, {2}], [{8}, {5, 7}, {4, 6}, {1, 3}, {2}], [{8}, {5, 7}, {6}, {1, 4}, {2, 3}]]",2,4 K_1^3 + 4 K_1^2 K_2 - 12 K_1^2 - 8 K_1 K_2 - 4 K_1 K_3 + K_1 + 6 K_2 + 3 K_3 + K_4 + 6,O1O2O3O4U5U6U7O8U4O7O5U1U3O6U2U8,O1O2O3U4U5U6U7O8O6U2O5O7U3U1O4U8,O1O2O3U4O5U3U1O6O7U2O8O4U6U8U7U5,c,{'O1O2O3O4U5U3O6U2U4O7O8U1O5U8U6U7'},1,"<a href=""/flatknot/8.850592"">8.850592</a>",t^9-38t^7-78t^6+149t^5+468t^4+95t^3-460t^2-188t+110,0,,
8.850593,O1O2O3O4U5U3O6U2U4O7O8U1O5U8U7U6,4,17z^2+86z+105,17w^3z^2+86w^2z+105w,False,False,"[[ 0 -2 -1  0  2 -1  2  0  0],[ 2  0 -1 -1  2 -1  4  1  0],[ 1  1  0  0  2 -1  1 -1 -1],[ 0  1  0  0  1 -1  0 -1 -1],[-2 -2 -2 -1  0 -2  0 -1 -1],[ 1  1  1  1  2  0  0 -1  0],[-2 -4 -1  0  0  0  0  0  0],[ 0 -1  1  1  1  1  0  0  0],[ 0  0  1  1  1  0  0  0  0]]","[[ 0  2  2  0  0  0 -1 -1 -2],[-2  0  0  0  0  0  0 -1 -4],[-2  0  0 -1 -1 -1 -2 -2 -2],[ 0  0  1  0  1  0  1  1 -1],[ 0  0  1 -1  0 -1 -1  0  1],[ 0  0  1  0  1  0  0  1  0],[ 1  0  2 -1  1  0  0  1  1],[ 1  1  2 -1  0 -1 -1  0  1],[ 2  4  2  1 -1  0 -1 -1  0]]",True,"[-2,-2,0,0,0,1,1,2,0,0,0,0,0,1,4,1,1,1,2,2,2,-1,0,-1,-1,1,1,1,0,-1,0,-1,0,-1,-1,-1]","[-2,-2,0,0,0,1,1,2,0,0,0,0,0,1,4,1,1,1,2,2,2,-1,0,-1,-1,1,1,1,0,-1,0,-1,0,-1,-1,-1]",t^8+43t^6+389t^4+135t^2,"[-2,-1,-1,0,0,0,2,2,2,2,1,2,3,0,2,-1,2,1,0,3,1,2,2,1,2,1,0,-1,2,1,-1,2,1,2,1,0]","[-2,-2,0,0,0,1,1,2,0,1,1,1,1,1,2,2,2,2,2,3,0,-1,-1,1,0,3,0,2,1,2,2,2,1,-1,2,2]","[-2,-1,-1,0,0,0,2,2,-1,-1,-1,0,1,2,4,-1,0,-1,-1,2,1,1,0,-1,2,0,-1,-1,1,0,0,1,0,1,0,0]",c,"[[{8, 1}, {2, 7}, {3, 6}, {4, 5}], [{8, 1}, {2, 7}, {4, 6}, {3, 5}], [{8, 1}, {2, 7}, {5, 6}, {3, 4}], [{8, 1}, {2, 7}, {6}, {4, 5}, {3}], [{8, 1}, {3, 7}, {2, 6}, {4, 5}], [{8, 1}, {3, 7}, {4, 6}, {2, 5}], [{8, 1}, {3, 7}, {5, 6}, {2, 4}], [{8, 1}, {4, 7}, {2, 6}, {3, 5}], [{8, 1}, {4, 7}, {3, 6}, {2, 5}], [{8, 1}, {4, 7}, {3, 6}, {5}, {2}], [{8, 1}, {4, 7}, {5, 6}, {2, 3}], [{8, 1}, {4, 7}, {6}, {2, 5}, {3}], [{8, 1}, {5, 7}, {2, 6}, {3, 4}], [{8, 1}, {5, 7}, {3, 6}, {2, 4}], [{8, 1}, {5, 7}, {4, 6}, {2, 3}], [{8, 1}, {6, 7}, {2, 5}, {3, 4}], [{8, 1}, {6, 7}, {3, 5}, {2, 4}], [{8, 1}, {6, 7}, {4, 5}, {2, 3}], [{8, 1}, {6, 7}, {4, 5}, {3}, {2}], [{8, 1}, {7}, {2, 6}, {4, 5}, {3}], [{8, 1}, {7}, {3, 6}, {2, 5}, {4}], [{8, 1}, {7}, {5, 6}, {2, 4}, {3}], [{8, 2}, {1, 7}, {3, 6}, {4, 5}], [{8, 2}, {1, 7}, {4, 6}, {3, 5}], [{8, 2}, {1, 7}, {5, 6}, {3, 4}], [{8, 2}, {1, 7}, {5, 6}, {4}, {3}], [{8, 2}, {3, 7}, {1, 6}, {4, 5}], [{8, 2}, {3, 7}, {4, 6}, {1, 5}], [{8, 2}, {3, 7}, {5, 6}, {1, 4}], [{8, 2}, {3, 7}, {6}, {4, 5}, {1}], [{8, 2}, {4, 7}, {1, 6}, {3, 5}], [{8, 2}, {4, 7}, {3, 6}, {1, 5}], [{8, 2}, {4, 7}, {3, 6}, {5}, {1}], [{8, 2}, {4, 7}, {5, 6}, {1, 3}], [{8, 2}, {4, 7}, {6}, {1, 5}, {3}], [{8, 2}, {5, 7}, {1, 6}, {3, 4}], [{8, 2}, {5, 7}, {1, 6}, {4}, {3}], [{8, 2}, {5, 7}, {3, 6}, {1, 4}], [{8, 2}, {5, 7}, {4, 6}, {1, 3}], [{8, 2}, {5, 7}, {4, 6}, {3}, {1}], [{8, 2}, {5, 7}, {6}, {1, 4}, {3}], [{8, 2}, {6, 7}, {1, 5}, {3, 4}], [{8, 2}, {6, 7}, {3, 5}, {1, 4}], [{8, 2}, {6, 7}, {4, 5}, {1, 3}], [{8, 2}, {7}, {3, 6}, {1, 5}, {4}], [{8, 3}, {1, 7}, {2, 6}, {4, 5}], [{8, 3}, {1, 7}, {4, 6}, {2, 5}], [{8, 3}, {1, 7}, {5, 6}, {2, 4}], [{8, 3}, {1, 7}, {6}, {4, 5}, {2}], [{8, 3}, {2, 7}, {1, 6}, {4, 5}], [{8, 3}, {2, 7}, {4, 6}, {1, 5}], [{8, 3}, {2, 7}, {5, 6}, {1, 4}], [{8, 3}, {4, 7}, {1, 6}, {2, 5}], [{8, 3}, {4, 7}, {2, 6}, {1, 5}], [{8, 3}, {4, 7}, {2, 6}, {5}, {1}], [{8, 3}, {4, 7}, {5, 6}, {1, 2}], [{8, 3}, {5, 7}, {1, 6}, {2, 4}], [{8, 3}, {5, 7}, {2, 6}, {1, 4}], [{8, 3}, {5, 7}, {4, 6}, {1, 2}], [{8, 3}, {6, 7}, {1, 5}, {2, 4}], [{8, 3}, {6, 7}, {2, 5}, {1, 4}], [{8, 3}, {6, 7}, {4, 5}, {1, 2}], [{8, 4}, {1, 7}, {2, 6}, {3, 5}], [{8, 4}, {1, 7}, {3, 6}, {2, 5}], [{8, 4}, {1, 7}, {5, 6}, {2, 3}], [{8, 4}, {2, 7}, {1, 6}, {3, 5}], [{8, 4}, {2, 7}, {1, 6}, {5}, {3}], [{8, 4}, {2, 7}, {3, 6}, {1, 5}], [{8, 4}, {2, 7}, {5, 6}, {1, 3}], [{8, 4}, {2, 7}, {5, 6}, {3}, {1}], [{8, 4}, {2, 7}, {6}, {1, 5}, {3}], [{8, 4}, {3, 7}, {1, 6}, {2, 5}], [{8, 4}, {3, 7}, {2, 6}, {1, 5}], [{8, 4}, {3, 7}, {5, 6}, {1, 2}], [{8, 4}, {5, 7}, {1, 6}, {2, 3}], [{8, 4}, {5, 7}, {2, 6}, {1, 3}], [{8, 4}, {5, 7}, {3, 6}, {1, 2}], [{8, 4}, {6, 7}, {1, 5}, {2, 3}], [{8, 4}, {6, 7}, {2, 5}, {1, 3}], [{8, 4}, {6, 7}, {2, 5}, {3}, {1}], [{8, 4}, {6, 7}, {3, 5}, {1, 2}], [{8, 4}, {7}, {3, 6}, {1, 5}, {2}], [{8, 5}, {1, 7}, {2, 6}, {3, 4}], [{8, 5}, {1, 7}, {3, 6}, {2, 4}], [{8, 5}, {1, 7}, {4, 6}, {2, 3}], [{8, 5}, {2, 7}, {1, 6}, {3, 4}], [{8, 5}, {2, 7}, {3, 6}, {1, 4}], [{8, 5}, {2, 7}, {4, 6}, {1, 3}], [{8, 5}, {3, 7}, {1, 6}, {2, 4}], [{8, 5}, {3, 7}, {1, 6}, {4}, {2}], [{8, 5}, {3, 7}, {2, 6}, {1, 4}], [{8, 5}, {3, 7}, {4, 6}, {1, 2}], [{8, 5}, {3, 7}, {4, 6}, {2}, {1}], [{8, 5}, {3, 7}, {6}, {1, 4}, {2}], [{8, 5}, {4, 7}, {1, 6}, {2, 3}], [{8, 5}, {4, 7}, {2, 6}, {1, 3}], [{8, 5}, {4, 7}, {3, 6}, {1, 2}], [{8, 5}, {4, 7}, {3, 6}, {2}, {1}], [{8, 5}, {4, 7}, {6}, {3}, {1, 2}], [{8, 5}, {6, 7}, {1, 4}, {2, 3}], [{8, 5}, {6, 7}, {2, 4}, {1, 3}], [{8, 5}, {6, 7}, {3, 4}, {1, 2}], [{8, 5}, {7}, {3, 6}, {4}, {1, 2}], [{8, 6}, {1, 7}, {2, 5}, {3, 4}], [{8, 6}, {1, 7}, {3, 5}, {2, 4}], [{8, 6}, {1, 7}, {4, 5}, {2, 3}], [{8, 6}, {2, 7}, {1, 5}, {3, 4}], [{8, 6}, {2, 7}, {3, 5}, {1, 4}], [{8, 6}, {2, 7}, {4, 5}, {1, 3}], [{8, 6}, {2, 7}, {5}, {1, 4}, {3}], [{8, 6}, {3, 7}, {1, 5}, {2, 4}], [{8, 6}, {3, 7}, {2, 5}, {1, 4}], [{8, 6}, {3, 7}, {4, 5}, {1, 2}], [{8, 6}, {3, 7}, {5}, {2, 4}, {1}], [{8, 6}, {4, 7}, {1, 5}, {2, 3}], [{8, 6}, {4, 7}, {2, 5}, {1, 3}], [{8, 6}, {4, 7}, {3, 5}, {1, 2}], [{8, 6}, {5, 7}, {1, 4}, {2, 3}], [{8, 6}, {5, 7}, {2, 4}, {1, 3}], [{8, 6}, {5, 7}, {3, 4}, {1, 2}], [{8, 6}, {7}, {4, 5}, {2, 3}, {1}], [{8, 7}, {1, 6}, {2, 5}, {3, 4}], [{8, 7}, {1, 6}, {3, 5}, {2, 4}], [{8, 7}, {1, 6}, {4, 5}, {2, 3}], [{8, 7}, {2, 6}, {1, 5}, {3, 4}], [{8, 7}, {2, 6}, {3, 5}, {1, 4}], [{8, 7}, {2, 6}, {4, 5}, {1, 3}], [{8, 7}, {3, 6}, {1, 5}, {2, 4}], [{8, 7}, {3, 6}, {1, 5}, {4}, {2}], [{8, 7}, {3, 6}, {2, 5}, {1, 4}], [{8, 7}, {3, 6}, {4, 5}, {1, 2}], [{8, 7}, {4, 6}, {1, 5}, {2, 3}], [{8, 7}, {4, 6}, {2, 5}, {1, 3}], [{8, 7}, {4, 6}, {3, 5}, {1, 2}], [{8, 7}, {5, 6}, {1, 4}, {2, 3}], [{8, 7}, {5, 6}, {2, 4}, {1, 3}], [{8, 7}, {5, 6}, {3, 4}, {1, 2}], [{8}, {2, 7}, {3, 6}, {1, 5}, {4}], [{8}, {4, 7}, {1, 6}, {3, 5}, {2}], [{8}, {4, 7}, {3, 6}, {1, 5}, {2}], [{8}, {4, 7}, {3, 6}, {2, 5}, {1}], [{8}, {4, 7}, {3, 6}, {5}, {1, 2}], [{8}, {6, 7}, {5}, {1, 4}, {2, 3}], [{8}, {7}, {2, 6}, {1, 5}, {3, 4}], [{8}, {7}, {3, 6}, {1, 5}, {2, 4}], [{8}, {7}, {3, 6}, {1, 5}, {4}, {2}], [{8}, {7}, {4, 6}, {1, 5}, {2, 3}]]",2,- 4 K_1^2 - 8 K_1 K_2 - 2 K_1 K_3 + 4 K_1 - 2 K_2^2 + 3 K_2 + 4 K_3 + 2 K_4 + 4,O1O2O3O4U5U6U7O8U4O7O6U1U3O5U2U8,O1O2O3U4U5U6U7O8O6U3O5O7U2U1O4U8,O1O2O3U4O5U3U2O6O7U1O8O4U6U8U7U5,c,{'O1O2O3O4U5U3O6U2U4O7O8U1O5U8U7U6'},1,"<a href=""/flatknot/8.850593"">8.850593</a>",t^9-41t^7-84t^6+150t^5+494t^4+306t^3-58t^2-72t+18,-t^2+2t,,
8.850594,O1O2O3O4U5U3O6U2U4O7O8U6O5U1U7U8,4,2z^3+37z^2+116z+101,2w^4z^3+37w^3z^2+116w^2z+101w,False,False,"[[ 0 -2 -1  0  2 -1  0  0  2],[ 2  0 -1  0  2 -1  2  1  2],[ 1  1  0  0  2 -2  2  0  0],[ 0  0  0  0  1 -1  1 -1 -1],[-2 -2 -2 -1  0 -3  1  0  0],[ 1  1  2  1  3  0  0 -1  0],[ 0 -2 -2 -1 -1  0  0  1  2],[ 0 -1  0  1  0  1 -1  0  1],[-2 -2  0  1  0  0 -2 -1  0]]","[[ 0  2  2  0  0  0 -1 -1 -2],[-2  0  0  1  0 -1 -2 -3 -2],[-2  0  0 -2 -1  1  0  0 -2],[ 0 -1  2  0  1 -1 -2  0 -2],[ 0  0  1 -1  0  1  0  1 -1],[ 0  1 -1  1 -1  0  0 -1  0],[ 1  2  0  2  0  0  0 -2  1],[ 1  3  0  0 -1  1  2  0  1],[ 2  2  2  2  1  0 -1 -1  0]]",True,"[-2,-2,0,0,0,1,1,2,0,-1,0,1,2,3,2,2,1,-1,0,0,2,-1,1,2,0,2,-1,0,-1,1,0,1,0,2,-1,-1]","[-2,-2,0,0,0,1,1,2,0,-1,0,1,2,3,2,2,1,-1,0,0,2,-1,1,2,0,2,-1,0,-1,1,0,1,0,2,-1,-1]",t^8+49t^6+470t^4+260t^2+4,"[-2,-1,-1,0,0,0,2,2,2,2,0,1,2,2,2,-2,1,2,0,0,3,-1,1,1,1,3,-1,1,3,0,-1,2,1,1,3,0]","[-2,-2,0,0,0,1,1,2,0,0,1,3,3,3,2,3,2,1,0,1,2,1,-1,1,-1,0,1,2,1,1,0,1,2,2,2,2]","[-2,-1,-1,0,0,0,2,2,-1,-1,0,1,2,2,2,-2,0,0,2,0,2,1,-1,0,0,3,-1,1,-1,1,-1,1,0,2,-1,0]",c,"[[{8, 1}, {2, 7}, {3, 6}, {4, 5}], [{8, 1}, {2, 7}, {4, 6}, {3, 5}], [{8, 1}, {2, 7}, {5, 6}, {3, 4}], [{8, 1}, {2, 7}, {5, 6}, {4}, {3}], [{8, 1}, {3, 7}, {2, 6}, {4, 5}], [{8, 1}, {3, 7}, {4, 6}, {2, 5}], [{8, 1}, {3, 7}, {5, 6}, {2, 4}], [{8, 1}, {3, 7}, {5, 6}, {4}, {2}], [{8, 1}, {4, 7}, {2, 6}, {3, 5}], [{8, 1}, {4, 7}, {3, 6}, {2, 5}], [{8, 1}, {4, 7}, {5, 6}, {2, 3}], [{8, 1}, {4, 7}, {5, 6}, {3}, {2}], [{8, 1}, {4, 7}, {6}, {5}, {2, 3}], [{8, 1}, {5, 7}, {2, 6}, {3, 4}], [{8, 1}, {5, 7}, {3, 6}, {2, 4}], [{8, 1}, {5, 7}, {4, 6}, {2, 3}], [{8, 1}, {6, 7}, {2, 5}, {3, 4}], [{8, 1}, {6, 7}, {3, 5}, {2, 4}], [{8, 1}, {6, 7}, {4, 5}, {2, 3}], [{8, 1}, {7}, {2, 6}, {4, 5}, {3}], [{8, 1}, {7}, {4, 6}, {2, 5}, {3}], [{8, 1}, {7}, {5, 6}, {2, 4}, {3}], [{8, 1}, {7}, {5, 6}, {3, 4}, {2}], [{8, 1}, {7}, {5, 6}, {4}, {2, 3}], [{8, 1}, {7}, {5, 6}, {4}, {3}, {2}], [{8, 2}, {1, 7}, {3, 6}, {4, 5}], [{8, 2}, {1, 7}, {4, 6}, {3, 5}], [{8, 2}, {1, 7}, {5, 6}, {3, 4}], [{8, 2}, {3, 7}, {1, 6}, {4, 5}], [{8, 2}, {3, 7}, {4, 6}, {1, 5}], [{8, 2}, {3, 7}, {5, 6}, {1, 4}], [{8, 2}, {3, 7}, {6}, {5}, {1, 4}], [{8, 2}, {4, 7}, {1, 6}, {3, 5}], [{8, 2}, {4, 7}, {3, 6}, {1, 5}], [{8, 2}, {4, 7}, {5, 6}, {1, 3}], [{8, 2}, {5, 7}, {1, 6}, {3, 4}], [{8, 2}, {5, 7}, {3, 6}, {1, 4}], [{8, 2}, {5, 7}, {4, 6}, {1, 3}], [{8, 2}, {5, 7}, {6}, {3, 4}, {1}], [{8, 2}, {6, 7}, {1, 5}, {3, 4}], [{8, 2}, {6, 7}, {3, 5}, {1, 4}], [{8, 2}, {6, 7}, {4, 5}, {1, 3}], [{8, 2}, {7}, {3, 6}, {4, 5}, {1}], [{8, 2}, {7}, {4, 6}, {5}, {1, 3}], [{8, 3}, {1, 7}, {2, 6}, {4, 5}], [{8, 3}, {1, 7}, {4, 6}, {2, 5}], [{8, 3}, {1, 7}, {5, 6}, {2, 4}], [{8, 3}, {2, 7}, {1, 6}, {4, 5}], [{8, 3}, {2, 7}, {4, 6}, {1, 5}], [{8, 3}, {2, 7}, {5, 6}, {1, 4}], [{8, 3}, {4, 7}, {1, 6}, {2, 5}], [{8, 3}, {4, 7}, {2, 6}, {1, 5}], [{8, 3}, {4, 7}, {5, 6}, {1, 2}], [{8, 3}, {4, 7}, {5, 6}, {2}, {1}], [{8, 3}, {5, 7}, {1, 6}, {2, 4}], [{8, 3}, {5, 7}, {2, 6}, {1, 4}], [{8, 3}, {5, 7}, {4, 6}, {1, 2}], [{8, 3}, {6, 7}, {1, 5}, {2, 4}], [{8, 3}, {6, 7}, {2, 5}, {1, 4}], [{8, 3}, {6, 7}, {4, 5}, {1, 2}], [{8, 3}, {6, 7}, {4, 5}, {2}, {1}], [{8, 4}, {1, 7}, {2, 6}, {3, 5}], [{8, 4}, {1, 7}, {3, 6}, {2, 5}], [{8, 4}, {1, 7}, {5, 6}, {2, 3}], [{8, 4}, {2, 7}, {1, 6}, {3, 5}], [{8, 4}, {2, 7}, {3, 6}, {1, 5}], [{8, 4}, {2, 7}, {5, 6}, {1, 3}], [{8, 4}, {2, 7}, {5, 6}, {3}, {1}], [{8, 4}, {3, 7}, {1, 6}, {2, 5}], [{8, 4}, {3, 7}, {2, 6}, {1, 5}], [{8, 4}, {3, 7}, {5, 6}, {1, 2}], [{8, 4}, {3, 7}, {5, 6}, {2}, {1}], [{8, 4}, {5, 7}, {1, 6}, {2, 3}], [{8, 4}, {5, 7}, {2, 6}, {1, 3}], [{8, 4}, {5, 7}, {2, 6}, {3}, {1}], [{8, 4}, {5, 7}, {3, 6}, {1, 2}], [{8, 4}, {6, 7}, {1, 5}, {2, 3}], [{8, 4}, {6, 7}, {2, 5}, {1, 3}], [{8, 4}, {6, 7}, {3, 5}, {1, 2}], [{8, 4}, {7}, {5, 6}, {2, 3}, {1}], [{8, 5}, {1, 7}, {2, 6}, {3, 4}], [{8, 5}, {1, 7}, {3, 6}, {2, 4}], [{8, 5}, {1, 7}, {4, 6}, {2, 3}], [{8, 5}, {2, 7}, {1, 6}, {3, 4}], [{8, 5}, {2, 7}, {3, 6}, {1, 4}], [{8, 5}, {2, 7}, {4, 6}, {1, 3}], [{8, 5}, {2, 7}, {6}, {3, 4}, {1}], [{8, 5}, {3, 7}, {1, 6}, {2, 4}], [{8, 5}, {3, 7}, {2, 6}, {1, 4}], [{8, 5}, {3, 7}, {4, 6}, {1, 2}], [{8, 5}, {3, 7}, {6}, {1, 4}, {2}], [{8, 5}, {4, 7}, {1, 6}, {2, 3}], [{8, 5}, {4, 7}, {2, 6}, {1, 3}], [{8, 5}, {4, 7}, {3, 6}, {1, 2}], [{8, 5}, {6, 7}, {1, 4}, {2, 3}], [{8, 5}, {6, 7}, {2, 4}, {1, 3}], [{8, 5}, {6, 7}, {3, 4}, {1, 2}], [{8, 6}, {1, 7}, {2, 5}, {3, 4}], [{8, 6}, {1, 7}, {3, 5}, {2, 4}], [{8, 6}, {1, 7}, {4, 5}, {2, 3}], [{8, 6}, {2, 7}, {1, 5}, {3, 4}], [{8, 6}, {2, 7}, {1, 5}, {4}, {3}], [{8, 6}, {2, 7}, {3, 5}, {1, 4}], [{8, 6}, {2, 7}, {4, 5}, {1, 3}], [{8, 6}, {3, 7}, {1, 5}, {2, 4}], [{8, 6}, {3, 7}, {2, 5}, {1, 4}], [{8, 6}, {3, 7}, {4, 5}, {1, 2}], [{8, 6}, {3, 7}, {5}, {1, 4}, {2}], [{8, 6}, {4, 7}, {1, 5}, {2, 3}], [{8, 6}, {4, 7}, {2, 5}, {1, 3}], [{8, 6}, {4, 7}, {3, 5}, {1, 2}], [{8, 6}, {5, 7}, {1, 4}, {2, 3}], [{8, 6}, {5, 7}, {1, 4}, {3}, {2}], [{8, 6}, {5, 7}, {2, 4}, {1, 3}], [{8, 6}, {5, 7}, {3, 4}, {1, 2}], [{8, 6}, {7}, {1, 5}, {3, 4}, {2}], [{8, 6}, {7}, {2, 5}, {3, 4}, {1}], [{8, 6}, {7}, {3, 5}, {1, 4}, {2}], [{8, 6}, {7}, {5}, {3, 4}, {1, 2}], [{8, 7}, {1, 6}, {2, 5}, {3, 4}], [{8, 7}, {1, 6}, {3, 5}, {2, 4}], [{8, 7}, {1, 6}, {4, 5}, {2, 3}], [{8, 7}, {2, 6}, {1, 5}, {3, 4}], [{8, 7}, {2, 6}, {3, 5}, {1, 4}], [{8, 7}, {2, 6}, {4, 5}, {1, 3}], [{8, 7}, {2, 6}, {5}, {3, 4}, {1}], [{8, 7}, {3, 6}, {1, 5}, {2, 4}], [{8, 7}, {3, 6}, {2, 5}, {1, 4}], [{8, 7}, {3, 6}, {4, 5}, {1, 2}], [{8, 7}, {3, 6}, {5}, {1, 4}, {2}], [{8, 7}, {4, 6}, {1, 5}, {2, 3}], [{8, 7}, {4, 6}, {2, 5}, {1, 3}], [{8, 7}, {4, 6}, {3, 5}, {1, 2}], [{8, 7}, {5, 6}, {1, 4}, {2, 3}], [{8, 7}, {5, 6}, {2, 4}, {1, 3}], [{8, 7}, {5, 6}, {3, 4}, {1, 2}], [{8, 7}, {6}, {5}, {2, 4}, {1, 3}], [{8}, {1, 7}, {3, 6}, {4, 5}, {2}], [{8}, {2, 7}, {5, 6}, {1, 4}, {3}], [{8}, {3, 7}, {2, 6}, {5}, {1, 4}], [{8}, {3, 7}, {5, 6}, {1, 4}, {2}], [{8}, {3, 7}, {6}, {2, 5}, {1, 4}], [{8}, {4, 7}, {5, 6}, {1, 3}, {2}], [{8}, {5, 7}, {4, 6}, {1, 3}, {2}], [{8}, {5, 7}, {4, 6}, {2, 3}, {1}], [{8}, {5, 7}, {4, 6}, {3}, {1, 2}], [{8}, {7}, {5, 6}, {1, 4}, {2, 3}]]",2,28 K_1^3 + 12 K_1^2 K_2 - 20 K_1^2 - 24 K_1 K_2 - 6 K_1 K_3 - 9 K_1 - 2 K_2^2 + 7 K_2 + 5 K_3 + K_4 + 9,O1O2O3O4U5U6U4O7U8O5O6U1U3O8U2U7,O1O2O3U1U4U5U6O7O5U8O4O6U2U3O8U7,O1O2O3U4O5U1U2O6O7U5O8O4U6U8U7U3,c,{'O1O2O3O4U5U3O6U2U4O7O8U6O5U1U7U8'},1,"<a href=""/flatknot/8.850594"">8.850594</a>",t^9-47t^7-132t^6+145t^5+948t^4+1222t^3+94t^2-1165t-480,-t^2+2t,,
8.850595,O1O2O3O4U5U3O6U2U4O7O8U6O5U1U8U7,4,4z^3+38z^2+95z+71,4w^4z^3-4w^4z^2+42w^3z^2-12w^3z+107w^2z+71w,False,False,"[[ 0 -2 -1  0  2 -1  0  1  1],[ 2  0 -1  0  2 -1  2  2  1],[ 1  1  0  0  2 -2  2  0  0],[ 0  0  0  0  1 -1  1 -1 -1],[-2 -2 -2 -1  0 -3  1  0  0],[ 1  1  2  1  3  0  0 -1  0],[ 0 -2 -2 -1 -1  0  0  2  1],[-1 -2  0  1  0  1 -2  0  0],[-1 -1  0  1  0  0 -1  0  0]]","[[ 0  2  1  1  0  0 -1 -1 -2],[-2  0  0  0  1 -1 -2 -3 -2],[-1  0  0  0 -1  1  0  0 -1],[-1  0  0  0 -2  1  0  1 -2],[ 0 -1  1  2  0 -1 -2  0 -2],[ 0  1 -1 -1  1  0  0 -1  0],[ 1  2  0  0  2  0  0 -2  1],[ 1  3  0 -1  0  1  2  0  1],[ 2  2  1  2  2  0 -1 -1  0]]",True,"[-2,-1,-1,0,0,1,1,2,0,0,-1,1,2,3,2,0,1,-1,0,0,1,2,-1,0,-1,2,1,2,0,2,0,1,0,2,-1,-1]","[-2,-1,-1,0,0,1,1,2,-1,-1,0,2,1,2,2,-2,0,2,0,0,2,1,0,0,-1,3,1,-1,-1,1,1,2,-1,0,0,0]",t^8+48t^6+413t^4+273t^2+1,"[-2,-1,-1,0,0,1,1,2,2,2,0,2,1,2,2,-2,1,0,3,2,0,-1,1,2,2,1,1,-1,0,3,2,2,1,0,1,1]","[-2,-1,-1,0,0,1,1,2,1,1,1,3,0,1,2,0,2,-1,3,2,1,2,0,2,2,2,1,0,1,2,1,-1,0,2,2,2]","[-2,-1,-1,0,0,1,1,2,-1,-1,0,2,1,2,2,-2,0,2,0,0,2,1,0,0,-1,3,1,-1,-1,1,1,2,-1,0,0,0]",c,"[[{8, 2}, {5, 7}, {3, 6}, {1, 4}], [{8, 5}, {2, 7}, {3, 6}, {1, 4}]]",1,8 K_1^3 + 4 K_1^2 K_2 - 8 K_1^2 - 8 K_1 K_2 - 4 K_1 K_3 - 2 K_1 + 4 K_2 + 2 K_3 + K_4 + 4,O1O2O3O4U5U6U4O7U8O6O5U1U3O8U2U7,O1O2O3U1U4U5U6O7O5U8O4O6U3U2O8U7,O1O2O3U4O5U2U1O6O7U5O8O4U6U8U7U3,c,{'O1O2O3O4U5U3O6U2U4O7O8U6O5U1U8U7'},1,"<a href=""/flatknot/8.850595"">8.850595</a>",t^9-48t^7-124t^6+173t^5+672t^4+243t^3-290t^2-129t+6,0,,
8.850596,O1O2O3O4U5U3O6U2U4O7O8U6O5U7U1U8,4,4z^3+31z^2+100z+109,4w^4z^3+31w^3z^2+100w^2z+109w,False,False,"[[ 0 -1 -1  0  2 -1  0 -1  2],[ 1  0 -1  0  2 -1  1  0  2],[ 1  1  0  0  2 -2  2  0  0],[ 0  0  0  0  1 -1  1 -1 -1],[-2 -2 -2 -1  0 -3  1  0  0],[ 1  1  2  1  3  0  0 -2  0],[ 0 -1 -2 -1 -1  0  0  1  2],[ 1  0  0  1  0  2 -1  0  1],[-2 -2  0  1  0  0 -2 -1  0]]","[[ 0  2  2  0  0 -1 -1 -1 -1],[-2  0  0  1 -1  0 -2 -2 -3],[-2  0  0 -2  1 -1  0 -2  0],[ 0 -1  2  0 -1  1 -2 -1  0],[ 0  1 -1  1  0 -1  0  0 -1],[ 1  0  1 -1  1  0  0  0  2],[ 1  2  0  2  0  0  0  1 -2],[ 1  2  2  1  0  0 -1  0 -1],[ 1  3  0  0  1 -2  2  1  0]]",True,"[-2,-2,0,0,1,1,1,1,0,-1,1,0,2,2,3,2,-1,1,0,2,0,1,-1,2,1,0,1,0,0,1,0,0,-2,-1,2,1]","[-2,-2,0,0,1,1,1,1,0,-1,1,0,2,2,3,2,-1,1,0,2,0,1,-1,2,1,0,1,0,0,1,0,0,-2,-1,2,1]",t^8+48t^6+463t^4+290t^2+1,"[-1,-1,-1,-1,0,0,2,2,-2,-1,2,0,1,0,3,-1,0,1,-1,1,3,0,1,0,1,1,0,2,3,2,-1,1,3,3,0,0]","[-2,-2,0,0,1,1,1,1,0,0,3,1,2,3,3,3,1,1,3,0,1,-1,0,2,1,-1,1,0,0,1,0,-1,-1,2,0,2]","[-1,-1,-1,-1,0,0,2,2,-2,0,1,0,2,0,2,-2,1,1,0,0,3,0,1,-1,1,0,0,1,2,2,1,-1,1,2,-1,0]",c,"[[{8, 1}, {2, 7}, {3, 6}, {4, 5}], [{8, 1}, {2, 7}, {4, 6}, {3, 5}], [{8, 1}, {2, 7}, {5, 6}, {3, 4}], [{8, 1}, {2, 7}, {6}, {5}, {3, 4}], [{8, 1}, {3, 7}, {2, 6}, {4, 5}], [{8, 1}, {3, 7}, {4, 6}, {2, 5}], [{8, 1}, {3, 7}, {5, 6}, {2, 4}], [{8, 1}, {4, 7}, {2, 6}, {3, 5}], [{8, 1}, {4, 7}, {3, 6}, {2, 5}], [{8, 1}, {4, 7}, {3, 6}, {5}, {2}], [{8, 1}, {4, 7}, {5, 6}, {2, 3}], [{8, 1}, {4, 7}, {6}, {2, 5}, {3}], [{8, 1}, {5, 7}, {2, 6}, {3, 4}], [{8, 1}, {5, 7}, {3, 6}, {2, 4}], [{8, 1}, {5, 7}, {4, 6}, {2, 3}], [{8, 1}, {6, 7}, {2, 5}, {3, 4}], [{8, 1}, {6, 7}, {3, 5}, {2, 4}], [{8, 1}, {6, 7}, {4, 5}, {2, 3}], [{8, 1}, {7}, {3, 6}, {2, 5}, {4}], [{8, 1}, {7}, {5, 6}, {4}, {2, 3}], [{8, 2}, {1, 7}, {3, 6}, {4, 5}], [{8, 2}, {1, 7}, {4, 6}, {3, 5}], [{8, 2}, {1, 7}, {5, 6}, {3, 4}], [{8, 2}, {1, 7}, {6}, {3, 5}, {4}], [{8, 2}, {3, 7}, {1, 6}, {4, 5}], [{8, 2}, {3, 7}, {4, 6}, {1, 5}], [{8, 2}, {3, 7}, {5, 6}, {1, 4}], [{8, 2}, {4, 7}, {1, 6}, {3, 5}], [{8, 2}, {4, 7}, {3, 6}, {1, 5}], [{8, 2}, {4, 7}, {5, 6}, {1, 3}], [{8, 2}, {4, 7}, {6}, {5}, {1, 3}], [{8, 2}, {5, 7}, {1, 6}, {3, 4}], [{8, 2}, {5, 7}, {3, 6}, {1, 4}], [{8, 2}, {5, 7}, {3, 6}, {4}, {1}], [{8, 2}, {5, 7}, {4, 6}, {1, 3}], [{8, 2}, {6, 7}, {1, 5}, {3, 4}], [{8, 2}, {6, 7}, {3, 5}, {1, 4}], [{8, 2}, {6, 7}, {4, 5}, {1, 3}], [{8, 2}, {7}, {5, 6}, {4}, {1, 3}], [{8, 3}, {1, 7}, {2, 6}, {4, 5}], [{8, 3}, {1, 7}, {4, 6}, {2, 5}], [{8, 3}, {1, 7}, {5, 6}, {2, 4}], [{8, 3}, {1, 7}, {6}, {4, 5}, {2}], [{8, 3}, {2, 7}, {1, 6}, {4, 5}], [{8, 3}, {2, 7}, {1, 6}, {5}, {4}], [{8, 3}, {2, 7}, {4, 6}, {1, 5}], [{8, 3}, {2, 7}, {5, 6}, {1, 4}], [{8, 3}, {2, 7}, {5, 6}, {4}, {1}], [{8, 3}, {2, 7}, {6}, {1, 5}, {4}], [{8, 3}, {4, 7}, {1, 6}, {2, 5}], [{8, 3}, {4, 7}, {1, 6}, {5}, {2}], [{8, 3}, {4, 7}, {2, 6}, {1, 5}], [{8, 3}, {4, 7}, {5, 6}, {1, 2}], [{8, 3}, {4, 7}, {6}, {2, 5}, {1}], [{8, 3}, {5, 7}, {1, 6}, {2, 4}], [{8, 3}, {5, 7}, {1, 6}, {4}, {2}], [{8, 3}, {5, 7}, {2, 6}, {1, 4}], [{8, 3}, {5, 7}, {2, 6}, {4}, {1}], [{8, 3}, {5, 7}, {4, 6}, {1, 2}], [{8, 3}, {5, 7}, {6}, {4}, {1, 2}], [{8, 3}, {6, 7}, {1, 5}, {2, 4}], [{8, 3}, {6, 7}, {2, 5}, {1, 4}], [{8, 3}, {6, 7}, {4, 5}, {1, 2}], [{8, 3}, {6, 7}, {4, 5}, {2}, {1}], [{8, 3}, {7}, {1, 6}, {2, 5}, {4}], [{8, 3}, {7}, {1, 6}, {4, 5}, {2}], [{8, 3}, {7}, {1, 6}, {5}, {2, 4}], [{8, 3}, {7}, {1, 6}, {5}, {4}, {2}], [{8, 4}, {1, 7}, {2, 6}, {3, 5}], [{8, 4}, {1, 7}, {3, 6}, {2, 5}], [{8, 4}, {1, 7}, {5, 6}, {2, 3}], [{8, 4}, {2, 7}, {1, 6}, {3, 5}], [{8, 4}, {2, 7}, {3, 6}, {1, 5}], [{8, 4}, {2, 7}, {5, 6}, {1, 3}], [{8, 4}, {2, 7}, {5, 6}, {3}, {1}], [{8, 4}, {3, 7}, {1, 6}, {2, 5}], [{8, 4}, {3, 7}, {2, 6}, {1, 5}], [{8, 4}, {3, 7}, {5, 6}, {1, 2}], [{8, 4}, {5, 7}, {1, 6}, {2, 3}], [{8, 4}, {5, 7}, {2, 6}, {1, 3}], [{8, 4}, {5, 7}, {3, 6}, {1, 2}], [{8, 4}, {6, 7}, {1, 5}, {2, 3}], [{8, 4}, {6, 7}, {2, 5}, {1, 3}], [{8, 4}, {6, 7}, {3, 5}, {1, 2}], [{8, 5}, {1, 7}, {2, 6}, {3, 4}], [{8, 5}, {1, 7}, {3, 6}, {2, 4}], [{8, 5}, {1, 7}, {4, 6}, {2, 3}], [{8, 5}, {2, 7}, {1, 6}, {3, 4}], [{8, 5}, {2, 7}, {3, 6}, {1, 4}], [{8, 5}, {2, 7}, {3, 6}, {4}, {1}], [{8, 5}, {2, 7}, {4, 6}, {1, 3}], [{8, 5}, {3, 7}, {1, 6}, {2, 4}], [{8, 5}, {3, 7}, {2, 6}, {1, 4}], [{8, 5}, {3, 7}, {4, 6}, {1, 2}], [{8, 5}, {4, 7}, {1, 6}, {2, 3}], [{8, 5}, {4, 7}, {2, 6}, {1, 3}], [{8, 5}, {4, 7}, {3, 6}, {1, 2}], [{8, 5}, {4, 7}, {6}, {1, 3}, {2}], [{8, 5}, {6, 7}, {1, 4}, {2, 3}], [{8, 5}, {6, 7}, {2, 4}, {1, 3}], [{8, 5}, {6, 7}, {3, 4}, {1, 2}], [{8, 5}, {7}, {2, 6}, {3, 4}, {1}], [{8, 6}, {1, 7}, {2, 5}, {3, 4}], [{8, 6}, {1, 7}, {3, 5}, {2, 4}], [{8, 6}, {1, 7}, {4, 5}, {2, 3}], [{8, 6}, {2, 7}, {1, 5}, {3, 4}], [{8, 6}, {2, 7}, {3, 5}, {1, 4}], [{8, 6}, {2, 7}, {4, 5}, {1, 3}], [{8, 6}, {3, 7}, {1, 5}, {2, 4}], [{8, 6}, {3, 7}, {2, 5}, {1, 4}], [{8, 6}, {3, 7}, {4, 5}, {1, 2}], [{8, 6}, {4, 7}, {1, 5}, {2, 3}], [{8, 6}, {4, 7}, {2, 5}, {1, 3}], [{8, 6}, {4, 7}, {2, 5}, {3}, {1}], [{8, 6}, {4, 7}, {3, 5}, {1, 2}], [{8, 6}, {4, 7}, {5}, {1, 3}, {2}], [{8, 6}, {5, 7}, {1, 4}, {2, 3}], [{8, 6}, {5, 7}, {1, 4}, {3}, {2}], [{8, 6}, {5, 7}, {2, 4}, {1, 3}], [{8, 6}, {5, 7}, {3, 4}, {1, 2}], [{8, 6}, {7}, {2, 5}, {4}, {1, 3}], [{8, 7}, {1, 6}, {2, 5}, {3, 4}], [{8, 7}, {1, 6}, {3, 5}, {2, 4}], [{8, 7}, {1, 6}, {4, 5}, {2, 3}], [{8, 7}, {2, 6}, {1, 5}, {3, 4}], [{8, 7}, {2, 6}, {3, 5}, {1, 4}], [{8, 7}, {2, 6}, {4, 5}, {1, 3}], [{8, 7}, {3, 6}, {1, 5}, {2, 4}], [{8, 7}, {3, 6}, {2, 5}, {1, 4}], [{8, 7}, {3, 6}, {4, 5}, {1, 2}], [{8, 7}, {4, 6}, {1, 5}, {2, 3}], [{8, 7}, {4, 6}, {2, 5}, {1, 3}], [{8, 7}, {4, 6}, {3, 5}, {1, 2}], [{8, 7}, {5, 6}, {1, 4}, {2, 3}], [{8, 7}, {5, 6}, {2, 4}, {1, 3}], [{8, 7}, {5, 6}, {3, 4}, {1, 2}], [{8, 7}, {5, 6}, {4}, {3}, {1, 2}], [{8}, {2, 7}, {5, 6}, {3, 4}, {1}], [{8}, {3, 7}, {4, 6}, {1, 5}, {2}], [{8}, {3, 7}, {5, 6}, {1, 4}, {2}], [{8}, {4, 7}, {1, 6}, {2, 5}, {3}], [{8}, {4, 7}, {2, 6}, {5}, {1, 3}], [{8}, {4, 7}, {3, 6}, {2, 5}, {1}], [{8}, {4, 7}, {5, 6}, {1, 3}, {2}], [{8}, {4, 7}, {6}, {1, 5}, {2, 3}], [{8}, {4, 7}, {6}, {2, 5}, {1, 3}], [{8}, {4, 7}, {6}, {2, 5}, {3}, {1}], [{8}, {4, 7}, {6}, {3, 5}, {1, 2}], [{8}, {4, 7}, {6}, {5}, {1, 3}, {2}]]",2,4 K_1^3 + 4 K_1^2 K_2 - 18 K_1^2 - 12 K_1 K_2 - 2 K_1 K_3 + 3 K_1 - 2 K_2^2 + 8 K_2 + 5 K_3 + K_4 + 10,O1O2O3O4U5U4U6O7U8O5O6U1U3O8U2U7,O1O2O3U2U4U5U6O7O5U8O4O6U1U3O8U7,O1O2O3U4O5U1U3O6O7U5O8O4U6U8U7U2,c,{'O1O2O3O4U5U3O6U2U4O7O8U6O5U7U1U8'},1,"<a href=""/flatknot/8.850596"">8.850596</a>",t^9-44t^7-108t^6+163t^5+678t^4+265t^3-686t^2-449t-312,-2t^2+4t,,
8.850597,O1O2O3O4U5U3O6U2U4O7O8U6O5U8U1U7,3,9z^2+60z+85,9w^3z^2+60w^2z+85w,False,False,"[[ 0 -1 -1  0  2 -1  0  1  0],[ 1  0 -1  0  2 -1  1  1  0],[ 1  1  0  0  2 -2  2  0  0],[ 0  0  0  0  1 -1  1 -1 -1],[-2 -2 -2 -1  0 -3  1  0  0],[ 1  1  2  1  3  0  0 -1 -1],[ 0 -1 -2 -1 -1  0  0  2  1],[-1 -1  0  1  0  1 -2  0  0],[ 0  0  0  1  0  1 -1  0  0]]","[[ 0  2  1  0  0  0 -1 -1 -1],[-2  0  0  1  0 -1 -2 -2 -3],[-1  0  0 -2  0  1  0 -1  1],[ 0 -1  2  0  1 -1 -2 -1  0],[ 0  0  0 -1  0  1  0  0  1],[ 0  1 -1  1 -1  0  0  0 -1],[ 1  2  0  2  0  0  0  1 -2],[ 1  2  1  1  0  0 -1  0 -1],[ 1  3 -1  0 -1  1  2  1  0]]",True,"[-2,-1,0,0,0,1,1,1,0,-1,0,1,2,2,3,2,0,-1,0,1,-1,-1,1,2,1,0,-1,0,0,-1,0,0,1,-1,2,1]","[-2,-1,0,0,0,1,1,1,0,-1,0,1,2,2,3,2,0,-1,0,1,-1,-1,1,2,1,0,-1,0,0,-1,0,0,1,-1,2,1]",t^8+42t^6+254t^4+143t^2,"[-1,-1,-1,0,0,0,1,2,-2,-1,0,1,2,3,0,-1,1,-1,1,2,1,1,0,1,1,1,-1,1,2,1,-1,-1,3,1,2,1]","[-2,-1,0,0,0,1,1,1,1,1,2,3,0,1,1,2,1,-1,3,1,2,-1,1,0,1,1,-1,2,1,1,1,0,-1,1,2,-1]","[-1,-1,-1,0,0,0,1,2,-2,1,0,0,2,0,2,1,-1,1,0,-1,3,0,0,1,1,2,1,-1,0,0,1,-1,1,2,-1,0]",c,"[[{8, 1}, {2, 7}, {3, 6}, {4, 5}], [{8, 1}, {2, 7}, {4, 6}, {3, 5}], [{8, 1}, {2, 7}, {5, 6}, {3, 4}], [{8, 1}, {2, 7}, {6}, {4, 5}, {3}], [{8, 1}, {3, 7}, {2, 6}, {4, 5}], [{8, 1}, {3, 7}, {4, 6}, {2, 5}], [{8, 1}, {3, 7}, {5, 6}, {2, 4}], [{8, 1}, {3, 7}, {6}, {4, 5}, {2}], [{8, 1}, {4, 7}, {2, 6}, {3, 5}], [{8, 1}, {4, 7}, {3, 6}, {2, 5}], [{8, 1}, {4, 7}, {5, 6}, {2, 3}], [{8, 1}, {4, 7}, {6}, {5}, {2, 3}], [{8, 1}, {5, 7}, {2, 6}, {3, 4}], [{8, 1}, {5, 7}, {3, 6}, {2, 4}], [{8, 1}, {5, 7}, {4, 6}, {2, 3}], [{8, 1}, {5, 7}, {6}, {4}, {2, 3}], [{8, 1}, {6, 7}, {2, 5}, {3, 4}], [{8, 1}, {6, 7}, {3, 5}, {2, 4}], [{8, 1}, {6, 7}, {4, 5}, {2, 3}], [{8, 1}, {6, 7}, {5}, {4}, {2, 3}], [{8, 1}, {7}, {4, 6}, {5}, {2, 3}], [{8, 1}, {7}, {5, 6}, {4}, {2, 3}], [{8, 1}, {7}, {6}, {4, 5}, {2, 3}], [{8, 1}, {7}, {6}, {5}, {4}, {2, 3}], [{8, 2}, {1, 7}, {3, 6}, {4, 5}], [{8, 2}, {1, 7}, {4, 6}, {3, 5}], [{8, 2}, {1, 7}, {5, 6}, {3, 4}], [{8, 2}, {1, 7}, {5, 6}, {4}, {3}], [{8, 2}, {3, 7}, {1, 6}, {4, 5}], [{8, 2}, {3, 7}, {4, 6}, {1, 5}], [{8, 2}, {3, 7}, {5, 6}, {1, 4}], [{8, 2}, {4, 7}, {1, 6}, {3, 5}], [{8, 2}, {4, 7}, {1, 6}, {5}, {3}], [{8, 2}, {4, 7}, {3, 6}, {1, 5}], [{8, 2}, {4, 7}, {3, 6}, {5}, {1}], [{8, 2}, {4, 7}, {5, 6}, {1, 3}], [{8, 2}, {4, 7}, {5, 6}, {3}, {1}], [{8, 2}, {4, 7}, {6}, {1, 5}, {3}], [{8, 2}, {4, 7}, {6}, {3, 5}, {1}], [{8, 2}, {4, 7}, {6}, {5}, {1, 3}], [{8, 2}, {4, 7}, {6}, {5}, {3}, {1}], [{8, 2}, {5, 7}, {1, 6}, {3, 4}], [{8, 2}, {5, 7}, {3, 6}, {1, 4}], [{8, 2}, {5, 7}, {4, 6}, {1, 3}], [{8, 2}, {6, 7}, {1, 5}, {3, 4}], [{8, 2}, {6, 7}, {3, 5}, {1, 4}], [{8, 2}, {6, 7}, {4, 5}, {1, 3}], [{8, 2}, {7}, {5, 6}, {1, 4}, {3}], [{8, 3}, {1, 7}, {2, 6}, {4, 5}], [{8, 3}, {1, 7}, {4, 6}, {2, 5}], [{8, 3}, {1, 7}, {5, 6}, {2, 4}], [{8, 3}, {1, 7}, {5, 6}, {4}, {2}], [{8, 3}, {2, 7}, {1, 6}, {4, 5}], [{8, 3}, {2, 7}, {4, 6}, {1, 5}], [{8, 3}, {2, 7}, {5, 6}, {1, 4}], [{8, 3}, {4, 7}, {1, 6}, {2, 5}], [{8, 3}, {4, 7}, {1, 6}, {5}, {2}], [{8, 3}, {4, 7}, {2, 6}, {1, 5}], [{8, 3}, {4, 7}, {2, 6}, {5}, {1}], [{8, 3}, {4, 7}, {5, 6}, {1, 2}], [{8, 3}, {4, 7}, {5, 6}, {2}, {1}], [{8, 3}, {4, 7}, {6}, {1, 5}, {2}], [{8, 3}, {4, 7}, {6}, {2, 5}, {1}], [{8, 3}, {4, 7}, {6}, {5}, {1, 2}], [{8, 3}, {4, 7}, {6}, {5}, {2}, {1}], [{8, 3}, {5, 7}, {1, 6}, {2, 4}], [{8, 3}, {5, 7}, {2, 6}, {1, 4}], [{8, 3}, {5, 7}, {4, 6}, {1, 2}], [{8, 3}, {6, 7}, {1, 5}, {2, 4}], [{8, 3}, {6, 7}, {2, 5}, {1, 4}], [{8, 3}, {6, 7}, {4, 5}, {1, 2}], [{8, 3}, {7}, {5, 6}, {1, 4}, {2}], [{8, 4}, {1, 7}, {2, 6}, {3, 5}], [{8, 4}, {1, 7}, {3, 6}, {2, 5}], [{8, 4}, {1, 7}, {5, 6}, {2, 3}], [{8, 4}, {1, 7}, {5, 6}, {3}, {2}], [{8, 4}, {1, 7}, {6}, {5}, {2, 3}], [{8, 4}, {2, 7}, {1, 6}, {3, 5}], [{8, 4}, {2, 7}, {1, 6}, {5}, {3}], [{8, 4}, {2, 7}, {3, 6}, {1, 5}], [{8, 4}, {2, 7}, {3, 6}, {5}, {1}], [{8, 4}, {2, 7}, {5, 6}, {1, 3}], [{8, 4}, {2, 7}, {5, 6}, {3}, {1}], [{8, 4}, {2, 7}, {6}, {1, 5}, {3}], [{8, 4}, {2, 7}, {6}, {3, 5}, {1}], [{8, 4}, {2, 7}, {6}, {5}, {1, 3}], [{8, 4}, {2, 7}, {6}, {5}, {3}, {1}], [{8, 4}, {3, 7}, {1, 6}, {2, 5}], [{8, 4}, {3, 7}, {1, 6}, {5}, {2}], [{8, 4}, {3, 7}, {2, 6}, {1, 5}], [{8, 4}, {3, 7}, {2, 6}, {5}, {1}], [{8, 4}, {3, 7}, {5, 6}, {1, 2}], [{8, 4}, {3, 7}, {5, 6}, {2}, {1}], [{8, 4}, {3, 7}, {6}, {1, 5}, {2}], [{8, 4}, {3, 7}, {6}, {2, 5}, {1}], [{8, 4}, {3, 7}, {6}, {5}, {1, 2}], [{8, 4}, {3, 7}, {6}, {5}, {2}, {1}], [{8, 4}, {5, 7}, {1, 6}, {2, 3}], [{8, 4}, {5, 7}, {2, 6}, {1, 3}], [{8, 4}, {5, 7}, {3, 6}, {1, 2}], [{8, 4}, {5, 7}, {6}, {2, 3}, {1}], [{8, 4}, {6, 7}, {1, 5}, {2, 3}], [{8, 4}, {6, 7}, {2, 5}, {1, 3}], [{8, 4}, {6, 7}, {3, 5}, {1, 2}], [{8, 4}, {6, 7}, {5}, {2, 3}, {1}], [{8, 4}, {7}, {1, 6}, {5}, {2, 3}], [{8, 4}, {7}, {5, 6}, {1, 3}, {2}], [{8, 4}, {7}, {5, 6}, {2, 3}, {1}], [{8, 4}, {7}, {5, 6}, {3}, {1, 2}], [{8, 4}, {7}, {6}, {1, 5}, {2, 3}], [{8, 4}, {7}, {6}, {5}, {2, 3}, {1}], [{8, 5}, {1, 7}, {2, 6}, {3, 4}], [{8, 5}, {1, 7}, {3, 6}, {2, 4}], [{8, 5}, {1, 7}, {4, 6}, {2, 3}], [{8, 5}, {1, 7}, {6}, {4}, {2, 3}], [{8, 5}, {2, 7}, {1, 6}, {3, 4}], [{8, 5}, {2, 7}, {3, 6}, {1, 4}], [{8, 5}, {2, 7}, {4, 6}, {1, 3}], [{8, 5}, {2, 7}, {6}, {1, 4}, {3}], [{8, 5}, {3, 7}, {1, 6}, {2, 4}], [{8, 5}, {3, 7}, {2, 6}, {1, 4}], [{8, 5}, {3, 7}, {4, 6}, {1, 2}], [{8, 5}, {3, 7}, {6}, {1, 4}, {2}], [{8, 5}, {4, 7}, {1, 6}, {2, 3}], [{8, 5}, {4, 7}, {2, 6}, {1, 3}], [{8, 5}, {4, 7}, {3, 6}, {1, 2}], [{8, 5}, {4, 7}, {6}, {2, 3}, {1}], [{8, 5}, {6, 7}, {1, 4}, {2, 3}], [{8, 5}, {6, 7}, {2, 4}, {1, 3}], [{8, 5}, {6, 7}, {3, 4}, {1, 2}], [{8, 5}, {6, 7}, {4}, {2, 3}, {1}], [{8, 5}, {7}, {1, 6}, {4}, {2, 3}], [{8, 5}, {7}, {4, 6}, {2, 3}, {1}], [{8, 5}, {7}, {6}, {1, 4}, {2, 3}], [{8, 5}, {7}, {6}, {4}, {2, 3}, {1}], [{8, 6}, {1, 7}, {2, 5}, {3, 4}], [{8, 6}, {1, 7}, {3, 5}, {2, 4}], [{8, 6}, {1, 7}, {4, 5}, {2, 3}], [{8, 6}, {1, 7}, {5}, {4}, {2, 3}], [{8, 6}, {2, 7}, {1, 5}, {3, 4}], [{8, 6}, {2, 7}, {3, 5}, {1, 4}], [{8, 6}, {2, 7}, {4, 5}, {1, 3}], [{8, 6}, {3, 7}, {1, 5}, {2, 4}], [{8, 6}, {3, 7}, {2, 5}, {1, 4}], [{8, 6}, {3, 7}, {4, 5}, {1, 2}], [{8, 6}, {4, 7}, {1, 5}, {2, 3}], [{8, 6}, {4, 7}, {2, 5}, {1, 3}], [{8, 6}, {4, 7}, {3, 5}, {1, 2}], [{8, 6}, {4, 7}, {5}, {2, 3}, {1}], [{8, 6}, {5, 7}, {1, 4}, {2, 3}], [{8, 6}, {5, 7}, {2, 4}, {1, 3}], [{8, 6}, {5, 7}, {3, 4}, {1, 2}], [{8, 6}, {5, 7}, {4}, {2, 3}, {1}], [{8, 6}, {7}, {1, 5}, {4}, {2, 3}], [{8, 6}, {7}, {4, 5}, {2, 3}, {1}], [{8, 6}, {7}, {5}, {1, 4}, {2, 3}], [{8, 6}, {7}, {5}, {4}, {2, 3}, {1}], [{8, 7}, {1, 6}, {2, 5}, {3, 4}], [{8, 7}, {1, 6}, {3, 5}, {2, 4}], [{8, 7}, {1, 6}, {4, 5}, {2, 3}], [{8, 7}, {1, 6}, {5}, {4}, {2, 3}], [{8, 7}, {2, 6}, {1, 5}, {3, 4}], [{8, 7}, {2, 6}, {3, 5}, {1, 4}], [{8, 7}, {2, 6}, {4, 5}, {1, 3}], [{8, 7}, {3, 6}, {1, 5}, {2, 4}], [{8, 7}, {3, 6}, {2, 5}, {1, 4}], [{8, 7}, {3, 6}, {4, 5}, {1, 2}], [{8, 7}, {4, 6}, {1, 5}, {2, 3}], [{8, 7}, {4, 6}, {2, 5}, {1, 3}], [{8, 7}, {4, 6}, {3, 5}, {1, 2}], [{8, 7}, {4, 6}, {5}, {2, 3}, {1}], [{8, 7}, {5, 6}, {1, 4}, {2, 3}], [{8, 7}, {5, 6}, {2, 4}, {1, 3}], [{8, 7}, {5, 6}, {3, 4}, {1, 2}], [{8, 7}, {5, 6}, {4}, {2, 3}, {1}], [{8, 7}, {6}, {1, 5}, {4}, {2, 3}], [{8, 7}, {6}, {4, 5}, {2, 3}, {1}], [{8, 7}, {6}, {5}, {1, 4}, {2, 3}], [{8, 7}, {6}, {5}, {4}, {2, 3}, {1}], [{8}, {1, 7}, {2, 6}, {3, 5}, {4}], [{8}, {1, 7}, {2, 6}, {4, 5}, {3}], [{8}, {1, 7}, {2, 6}, {5}, {3, 4}], [{8}, {1, 7}, {3, 6}, {2, 5}, {4}], [{8}, {1, 7}, {3, 6}, {4, 5}, {2}], [{8}, {1, 7}, {3, 6}, {5}, {2, 4}], [{8}, {1, 7}, {4, 6}, {2, 5}, {3}], [{8}, {1, 7}, {4, 6}, {3, 5}, {2}], [{8}, {1, 7}, {4, 6}, {5}, {2, 3}], [{8}, {1, 7}, {5, 6}, {2, 4}, {3}], [{8}, {1, 7}, {5, 6}, {3, 4}, {2}], [{8}, {1, 7}, {5, 6}, {4}, {2, 3}], [{8}, {1, 7}, {5, 6}, {4}, {3}, {2}], [{8}, {1, 7}, {6}, {2, 5}, {3, 4}], [{8}, {1, 7}, {6}, {3, 5}, {2, 4}], [{8}, {1, 7}, {6}, {4, 5}, {2, 3}], [{8}, {1, 7}, {6}, {5}, {4}, {2, 3}], [{8}, {2, 7}, {5, 6}, {4}, {1, 3}], [{8}, {3, 7}, {5, 6}, {4}, {1, 2}], [{8}, {4, 7}, {1, 6}, {5}, {2, 3}], [{8}, {4, 7}, {5, 6}, {2, 3}, {1}], [{8}, {4, 7}, {6}, {1, 5}, {2, 3}], [{8}, {4, 7}, {6}, {5}, {2, 3}, {1}], [{8}, {5, 7}, {1, 6}, {4}, {2, 3}], [{8}, {5, 7}, {4, 6}, {2, 3}, {1}], [{8}, {5, 7}, {6}, {1, 4}, {2, 3}], [{8}, {5, 7}, {6}, {2, 4}, {1, 3}], [{8}, {5, 7}, {6}, {3, 4}, {1, 2}], [{8}, {5, 7}, {6}, {4}, {2, 3}, {1}], [{8}, {6, 7}, {1, 5}, {4}, {2, 3}], [{8}, {6, 7}, {2, 5}, {1, 4}, {3}], [{8}, {6, 7}, {3, 5}, {1, 4}, {2}], [{8}, {6, 7}, {4, 5}, {2, 3}, {1}], [{8}, {6, 7}, {5}, {1, 4}, {2, 3}], [{8}, {6, 7}, {5}, {4}, {2, 3}, {1}], [{8}, {7}, {1, 6}, {4, 5}, {2, 3}], [{8}, {7}, {1, 6}, {5}, {4}, {2, 3}], [{8}, {7}, {4, 6}, {1, 5}, {2, 3}], [{8}, {7}, {4, 6}, {5}, {2, 3}, {1}], [{8}, {7}, {5, 6}, {1, 4}, {2, 3}], [{8}, {7}, {5, 6}, {4}, {2, 3}, {1}], [{8}, {7}, {6}, {1, 5}, {4}, {2, 3}], [{8}, {7}, {6}, {4, 5}, {2, 3}, {1}], [{8}, {7}, {6}, {5}, {1, 4}, {2, 3}], [{8}, {7}, {6}, {5}, {4}, {2, 3}, {1}]]",2,4 K_1^3 - 18 K_1^2 - 8 K_1 K_2 + K_1 + 9 K_2 + 3 K_3 + 10,O1O2O3O4U5U4U6O7U8O6O5U1U3O8U2U7,O1O2O3U2U4U5U6O7O5U8O4O6U3U1O8U7,O1O2O3U4O5U3U1O6O7U5O8O4U6U8U7U2,c,"{'O1O2O3O4U5U3O6U2U4O7O8U6O5U8U1U7', 'O1O2O3U4U2O5U1U3O6O7U5O4U8U6O8U7'}",2,"<a href=""/flatknot/8.850597"">8.850597</a>",t^9-40t^7-96t^6+79t^5+370t^4+258t^3-54t^2-176t-96,-t^2+2t,,
8.850598,O1O2O3O4U5U3O6U2U4O7O8U7O5U1U6U8,4,24z^2+109z+123,24w^3z^2+109w^2z+123w,False,False,"[[ 0 -2 -1  0  2 -1  1 -1  2],[ 2  0  0  0  3 -1  2  0  2],[ 1  0  0  0  2 -1  1  0  0],[ 0  0  0  0  1 -1  0  0 -1],[-2 -3 -2 -1  0 -2  0  0  0],[ 1  1  1  1  2  0  1 -1  0],[-1 -2 -1  0  0 -1  0  0  2],[ 1  0  0  0  0  1  0  0  1],[-2 -2  0  1  0  0 -2 -1  0]]","[[ 0  2  2  1  0 -1 -1 -1 -2],[-2  0  0  0 -1  0 -2 -2 -3],[-2  0  0 -2  1 -1  0  0 -2],[-1  0  2  0  0  0 -1 -1 -2],[ 0  1 -1  0  0  0  0 -1  0],[ 1  0  1  0  0  0  0  1  0],[ 1  2  0  1  0  0  0 -1  0],[ 1  2  0  1  1 -1  1  0  1],[ 2  3  2  2  0  0  0 -1  0]]",True,"[-2,-2,-1,0,1,1,1,2,0,0,1,0,2,2,3,2,-1,1,0,0,2,0,0,1,1,2,0,0,1,0,0,-1,0,1,0,-1]","[-2,-2,-1,0,1,1,1,2,0,-1,3,2,3,3,2,1,1,3,1,1,1,1,2,1,1,1,1,0,1,2,1,0,1,1,2,1]",t^8+38t^6+254t^4+118t^2+1,"[-2,-1,-1,-1,0,1,2,2,1,1,2,2,1,1,2,0,-1,1,2,3,2,1,1,1,1,3,0,1,1,3,1,1,3,1,-1,0]","[-2,-2,-1,0,1,1,1,2,0,-1,3,2,3,3,2,1,1,3,1,1,1,1,2,1,1,1,1,0,1,2,1,0,1,1,2,1]","[-2,-1,-1,-1,0,1,2,2,-1,0,0,0,2,2,3,-1,1,1,1,0,2,0,0,0,1,0,0,1,0,2,0,-1,1,2,0,0]",c,"[[{8, 1}, {2, 7}, {3, 6}, {4, 5}], [{8, 1}, {2, 7}, {4, 6}, {3, 5}], [{8, 1}, {2, 7}, {5, 6}, {3, 4}], [{8, 1}, {2, 7}, {5, 6}, {4}, {3}], [{8, 1}, {3, 7}, {2, 6}, {4, 5}], [{8, 1}, {3, 7}, {4, 6}, {2, 5}], [{8, 1}, {3, 7}, {5, 6}, {2, 4}], [{8, 1}, {4, 7}, {2, 6}, {3, 5}], [{8, 1}, {4, 7}, {2, 6}, {5}, {3}], [{8, 1}, {4, 7}, {3, 6}, {2, 5}], [{8, 1}, {4, 7}, {5, 6}, {2, 3}], [{8, 1}, {4, 7}, {5, 6}, {3}, {2}], [{8, 1}, {4, 7}, {6}, {2, 5}, {3}], [{8, 1}, {5, 7}, {2, 6}, {3, 4}], [{8, 1}, {5, 7}, {2, 6}, {4}, {3}], [{8, 1}, {5, 7}, {3, 6}, {2, 4}], [{8, 1}, {5, 7}, {4, 6}, {2, 3}], [{8, 1}, {5, 7}, {6}, {3, 4}, {2}], [{8, 1}, {6, 7}, {2, 5}, {3, 4}], [{8, 1}, {6, 7}, {3, 5}, {2, 4}], [{8, 1}, {6, 7}, {3, 5}, {4}, {2}], [{8, 1}, {6, 7}, {4, 5}, {2, 3}], [{8, 1}, {7}, {2, 6}, {4, 5}, {3}], [{8, 1}, {7}, {4, 6}, {5}, {2, 3}], [{8, 1}, {7}, {5, 6}, {2, 4}, {3}], [{8, 2}, {1, 7}, {3, 6}, {4, 5}], [{8, 2}, {1, 7}, {4, 6}, {3, 5}], [{8, 2}, {1, 7}, {5, 6}, {3, 4}], [{8, 2}, {3, 7}, {1, 6}, {4, 5}], [{8, 2}, {3, 7}, {4, 6}, {1, 5}], [{8, 2}, {3, 7}, {5, 6}, {1, 4}], [{8, 2}, {4, 7}, {1, 6}, {3, 5}], [{8, 2}, {4, 7}, {3, 6}, {1, 5}], [{8, 2}, {4, 7}, {5, 6}, {1, 3}], [{8, 2}, {5, 7}, {1, 6}, {3, 4}], [{8, 2}, {5, 7}, {3, 6}, {1, 4}], [{8, 2}, {5, 7}, {4, 6}, {1, 3}], [{8, 2}, {5, 7}, {6}, {1, 4}, {3}], [{8, 2}, {5, 7}, {6}, {3, 4}, {1}], [{8, 2}, {5, 7}, {6}, {4}, {1, 3}], [{8, 2}, {6, 7}, {1, 5}, {3, 4}], [{8, 2}, {6, 7}, {3, 5}, {1, 4}], [{8, 2}, {6, 7}, {3, 5}, {4}, {1}], [{8, 2}, {6, 7}, {4, 5}, {1, 3}], [{8, 2}, {7}, {1, 6}, {4, 5}, {3}], [{8, 3}, {1, 7}, {2, 6}, {4, 5}], [{8, 3}, {1, 7}, {4, 6}, {2, 5}], [{8, 3}, {1, 7}, {5, 6}, {2, 4}], [{8, 3}, {2, 7}, {1, 6}, {4, 5}], [{8, 3}, {2, 7}, {4, 6}, {1, 5}], [{8, 3}, {2, 7}, {5, 6}, {1, 4}], [{8, 3}, {4, 7}, {1, 6}, {2, 5}], [{8, 3}, {4, 7}, {1, 6}, {5}, {2}], [{8, 3}, {4, 7}, {2, 6}, {1, 5}], [{8, 3}, {4, 7}, {5, 6}, {1, 2}], [{8, 3}, {5, 7}, {1, 6}, {2, 4}], [{8, 3}, {5, 7}, {2, 6}, {1, 4}], [{8, 3}, {5, 7}, {2, 6}, {4}, {1}], [{8, 3}, {5, 7}, {4, 6}, {1, 2}], [{8, 3}, {5, 7}, {6}, {1, 4}, {2}], [{8, 3}, {6, 7}, {1, 5}, {2, 4}], [{8, 3}, {6, 7}, {2, 5}, {1, 4}], [{8, 3}, {6, 7}, {2, 5}, {4}, {1}], [{8, 3}, {6, 7}, {4, 5}, {1, 2}], [{8, 4}, {1, 7}, {2, 6}, {3, 5}], [{8, 4}, {1, 7}, {3, 6}, {2, 5}], [{8, 4}, {1, 7}, {5, 6}, {2, 3}], [{8, 4}, {1, 7}, {5, 6}, {3}, {2}], [{8, 4}, {2, 7}, {1, 6}, {3, 5}], [{8, 4}, {2, 7}, {3, 6}, {1, 5}], [{8, 4}, {2, 7}, {5, 6}, {1, 3}], [{8, 4}, {3, 7}, {1, 6}, {2, 5}], [{8, 4}, {3, 7}, {2, 6}, {1, 5}], [{8, 4}, {3, 7}, {2, 6}, {5}, {1}], [{8, 4}, {3, 7}, {5, 6}, {1, 2}], [{8, 4}, {5, 7}, {1, 6}, {2, 3}], [{8, 4}, {5, 7}, {2, 6}, {1, 3}], [{8, 4}, {5, 7}, {2, 6}, {3}, {1}], [{8, 4}, {5, 7}, {3, 6}, {1, 2}], [{8, 4}, {5, 7}, {6}, {1, 3}, {2}], [{8, 4}, {6, 7}, {1, 5}, {2, 3}], [{8, 4}, {6, 7}, {2, 5}, {1, 3}], [{8, 4}, {6, 7}, {3, 5}, {1, 2}], [{8, 4}, {7}, {2, 6}, {3, 5}, {1}], [{8, 5}, {1, 7}, {2, 6}, {3, 4}], [{8, 5}, {1, 7}, {3, 6}, {2, 4}], [{8, 5}, {1, 7}, {4, 6}, {2, 3}], [{8, 5}, {1, 7}, {6}, {2, 4}, {3}], [{8, 5}, {2, 7}, {1, 6}, {3, 4}], [{8, 5}, {2, 7}, {3, 6}, {1, 4}], [{8, 5}, {2, 7}, {4, 6}, {1, 3}], [{8, 5}, {3, 7}, {1, 6}, {2, 4}], [{8, 5}, {3, 7}, {2, 6}, {1, 4}], [{8, 5}, {3, 7}, {4, 6}, {1, 2}], [{8, 5}, {4, 7}, {1, 6}, {2, 3}], [{8, 5}, {4, 7}, {2, 6}, {1, 3}], [{8, 5}, {4, 7}, {3, 6}, {1, 2}], [{8, 5}, {6, 7}, {1, 4}, {2, 3}], [{8, 5}, {6, 7}, {2, 4}, {1, 3}], [{8, 5}, {6, 7}, {3, 4}, {1, 2}], [{8, 5}, {7}, {2, 6}, {1, 4}, {3}], [{8, 5}, {7}, {3, 6}, {1, 4}, {2}], [{8, 5}, {7}, {6}, {1, 4}, {2, 3}], [{8, 6}, {1, 7}, {2, 5}, {3, 4}], [{8, 6}, {1, 7}, {3, 5}, {2, 4}], [{8, 6}, {1, 7}, {3, 5}, {4}, {2}], [{8, 6}, {1, 7}, {4, 5}, {2, 3}], [{8, 6}, {1, 7}, {4, 5}, {3}, {2}], [{8, 6}, {1, 7}, {5}, {3, 4}, {2}], [{8, 6}, {2, 7}, {1, 5}, {3, 4}], [{8, 6}, {2, 7}, {3, 5}, {1, 4}], [{8, 6}, {2, 7}, {4, 5}, {1, 3}], [{8, 6}, {2, 7}, {4, 5}, {3}, {1}], [{8, 6}, {3, 7}, {1, 5}, {2, 4}], [{8, 6}, {3, 7}, {1, 5}, {4}, {2}], [{8, 6}, {3, 7}, {2, 5}, {1, 4}], [{8, 6}, {3, 7}, {4, 5}, {1, 2}], [{8, 6}, {3, 7}, {4, 5}, {2}, {1}], [{8, 6}, {3, 7}, {5}, {1, 4}, {2}], [{8, 6}, {4, 7}, {1, 5}, {2, 3}], [{8, 6}, {4, 7}, {1, 5}, {3}, {2}], [{8, 6}, {4, 7}, {2, 5}, {1, 3}], [{8, 6}, {4, 7}, {3, 5}, {1, 2}], [{8, 6}, {4, 7}, {3, 5}, {2}, {1}], [{8, 6}, {4, 7}, {5}, {1, 3}, {2}], [{8, 6}, {5, 7}, {1, 4}, {2, 3}], [{8, 6}, {5, 7}, {1, 4}, {3}, {2}], [{8, 6}, {5, 7}, {2, 4}, {1, 3}], [{8, 6}, {5, 7}, {3, 4}, {1, 2}], [{8, 6}, {5, 7}, {3, 4}, {2}, {1}], [{8, 6}, {5, 7}, {4}, {1, 3}, {2}], [{8, 6}, {7}, {1, 5}, {3, 4}, {2}], [{8, 6}, {7}, {3, 5}, {1, 4}, {2}], [{8, 6}, {7}, {4, 5}, {1, 3}, {2}], [{8, 6}, {7}, {4, 5}, {2, 3}, {1}], [{8, 6}, {7}, {4, 5}, {3}, {1, 2}], [{8, 6}, {7}, {4, 5}, {3}, {2}, {1}], [{8, 7}, {1, 6}, {2, 5}, {3, 4}], [{8, 7}, {1, 6}, {3, 5}, {2, 4}], [{8, 7}, {1, 6}, {4, 5}, {2, 3}], [{8, 7}, {2, 6}, {1, 5}, {3, 4}], [{8, 7}, {2, 6}, {3, 5}, {1, 4}], [{8, 7}, {2, 6}, {4, 5}, {1, 3}], [{8, 7}, {2, 6}, {5}, {1, 4}, {3}], [{8, 7}, {3, 6}, {1, 5}, {2, 4}], [{8, 7}, {3, 6}, {2, 5}, {1, 4}], [{8, 7}, {3, 6}, {4, 5}, {1, 2}], [{8, 7}, {3, 6}, {5}, {1, 4}, {2}], [{8, 7}, {4, 6}, {1, 5}, {2, 3}], [{8, 7}, {4, 6}, {2, 5}, {1, 3}], [{8, 7}, {4, 6}, {3, 5}, {1, 2}], [{8, 7}, {5, 6}, {1, 4}, {2, 3}], [{8, 7}, {5, 6}, {2, 4}, {1, 3}], [{8, 7}, {5, 6}, {3, 4}, {1, 2}], [{8, 7}, {6}, {5}, {1, 4}, {2, 3}], [{8}, {3, 7}, {5, 6}, {2, 4}, {1}], [{8}, {5, 7}, {1, 6}, {3, 4}, {2}], [{8}, {5, 7}, {2, 6}, {1, 4}, {3}], [{8}, {5, 7}, {2, 6}, {3, 4}, {1}], [{8}, {5, 7}, {2, 6}, {4}, {1, 3}], [{8}, {5, 7}, {3, 6}, {1, 4}, {2}], [{8}, {5, 7}, {4, 6}, {1, 3}, {2}], [{8}, {5, 7}, {6}, {1, 4}, {2, 3}], [{8}, {5, 7}, {6}, {1, 4}, {3}, {2}], [{8}, {5, 7}, {6}, {2, 4}, {1, 3}], [{8}, {5, 7}, {6}, {3, 4}, {1, 2}], [{8}, {5, 7}, {6}, {3, 4}, {2}, {1}], [{8}, {5, 7}, {6}, {4}, {1, 3}, {2}], [{8}, {6, 7}, {3, 5}, {4}, {1, 2}]]",2,4 K_1^3 + 4 K_1^2 K_2 - 6 K_1^2 - 4 K_1 K_2 - 4 K_1 K_3 - K_1 + 3 K_2 + K_3 + K_4 + 3,O1O2O3O4U5U6U4O7U8O5O8U1U3O6U2U7,O1O2O3U1U4U5U6O7O5U2O4O6U8U3O8U7,O1O2O3U4O5U1U5O6O7U2O8O4U6U8U7U3,c,{'O1O2O3O4U5U3O6U2U4O7O8U7O5U1U6U8'},1,"<a href=""/flatknot/8.850598"">8.850598</a>",t^9-36t^7-46t^6+175t^5+174t^4-202t^3-216t^2+132t+18,-t^2+2t,,
8.850599,O1O2O3O4U5U3O6U2U4O7O8U7O5U1U8U6,4,19z^2+104z+133,19w^3z^2+104w^2z+133w,False,False,"[[ 0 -2 -1  0  2 -1  2 -1  1],[ 2  0  0  0  3 -1  3  0  1],[ 1  0  0  0  2 -1  1  0 -1],[ 0  0  0  0  1 -1  0  0 -1],[-2 -3 -2 -1  0 -2  0  0 -1],[ 1  1  1  1  2  0  1 -1  0],[-2 -3 -1  0  0 -1  0 -1  1],[ 1  0  0  0  0  1  1  0  1],[-1 -1  1  1  1  0 -1 -1  0]]","[[ 0  2  2  1  0 -1 -1 -1 -2],[-2  0  0  1  0 -1 -1 -1 -3],[-2  0  0 -1 -1  0 -2 -2 -3],[-1 -1  1  0  1 -1  1  0 -1],[ 0  0  1 -1  0  0  0 -1  0],[ 1  1  0  1  0  0  0  1  0],[ 1  1  2 -1  0  0  0 -1  0],[ 1  1  2  0  1 -1  1  0  1],[ 2  3  3  1  0  0  0 -1  0]]",True,"[-2,-2,-1,0,1,1,1,2,0,-1,0,1,1,1,3,1,1,0,2,2,3,-1,1,-1,0,1,0,0,1,0,0,-1,0,1,0,-1]","[-2,-2,-1,0,1,1,1,2,0,-1,0,1,1,1,3,1,1,0,2,2,3,-1,1,-1,0,1,0,0,1,0,0,-1,0,1,0,-1]",t^8+40t^6+285t^4+111t^2,"[-2,-1,-1,-1,0,1,2,2,1,1,2,2,2,1,1,0,-1,1,1,2,3,1,1,3,2,1,0,2,2,1,2,2,1,2,0,0]","[-2,-2,-1,0,1,1,1,2,0,0,1,1,1,3,1,2,2,2,2,2,1,2,2,3,1,2,0,1,1,2,1,-1,2,0,1,1]","[-2,-1,-1,-1,0,1,2,2,-1,0,0,0,1,3,3,-1,1,1,0,1,2,0,0,1,1,0,0,-1,1,2,-1,0,1,-1,1,0]",c,"[[{8, 1}, {2, 7}, {3, 6}, {4, 5}], [{8, 1}, {2, 7}, {3, 6}, {5}, {4}], [{8, 1}, {2, 7}, {4, 6}, {3, 5}], [{8, 1}, {2, 7}, {5, 6}, {3, 4}], [{8, 1}, {2, 7}, {6}, {4, 5}, {3}], [{8, 1}, {3, 7}, {2, 6}, {4, 5}], [{8, 1}, {3, 7}, {2, 6}, {5}, {4}], [{8, 1}, {3, 7}, {4, 6}, {2, 5}], [{8, 1}, {3, 7}, {5, 6}, {2, 4}], [{8, 1}, {3, 7}, {6}, {4, 5}, {2}], [{8, 1}, {4, 7}, {2, 6}, {3, 5}], [{8, 1}, {4, 7}, {3, 6}, {2, 5}], [{8, 1}, {4, 7}, {5, 6}, {2, 3}], [{8, 1}, {5, 7}, {2, 6}, {3, 4}], [{8, 1}, {5, 7}, {3, 6}, {2, 4}], [{8, 1}, {5, 7}, {4, 6}, {2, 3}], [{8, 1}, {6, 7}, {2, 5}, {3, 4}], [{8, 1}, {6, 7}, {3, 5}, {2, 4}], [{8, 1}, {6, 7}, {4, 5}, {2, 3}], [{8, 1}, {6, 7}, {4, 5}, {3}, {2}], [{8, 1}, {7}, {2, 6}, {4, 5}, {3}], [{8, 1}, {7}, {3, 6}, {4, 5}, {2}], [{8, 1}, {7}, {6}, {4, 5}, {2, 3}], [{8, 1}, {7}, {6}, {4, 5}, {3}, {2}], [{8, 2}, {1, 7}, {3, 6}, {4, 5}], [{8, 2}, {1, 7}, {4, 6}, {3, 5}], [{8, 2}, {1, 7}, {5, 6}, {3, 4}], [{8, 2}, {3, 7}, {1, 6}, {4, 5}], [{8, 2}, {3, 7}, {4, 6}, {1, 5}], [{8, 2}, {3, 7}, {5, 6}, {1, 4}], [{8, 2}, {3, 7}, {5, 6}, {4}, {1}], [{8, 2}, {4, 7}, {1, 6}, {3, 5}], [{8, 2}, {4, 7}, {1, 6}, {5}, {3}], [{8, 2}, {4, 7}, {3, 6}, {1, 5}], [{8, 2}, {4, 7}, {5, 6}, {1, 3}], [{8, 2}, {5, 7}, {1, 6}, {3, 4}], [{8, 2}, {5, 7}, {1, 6}, {4}, {3}], [{8, 2}, {5, 7}, {3, 6}, {1, 4}], [{8, 2}, {5, 7}, {4, 6}, {1, 3}], [{8, 2}, {5, 7}, {4, 6}, {3}, {1}], [{8, 2}, {5, 7}, {6}, {1, 4}, {3}], [{8, 2}, {6, 7}, {1, 5}, {3, 4}], [{8, 2}, {6, 7}, {3, 5}, {1, 4}], [{8, 2}, {6, 7}, {4, 5}, {1, 3}], [{8, 2}, {6, 7}, {5}, {1, 4}, {3}], [{8, 2}, {7}, {1, 6}, {4, 5}, {3}], [{8, 2}, {7}, {4, 6}, {5}, {1, 3}], [{8, 2}, {7}, {5, 6}, {1, 4}, {3}], [{8, 3}, {1, 7}, {2, 6}, {4, 5}], [{8, 3}, {1, 7}, {4, 6}, {2, 5}], [{8, 3}, {1, 7}, {5, 6}, {2, 4}], [{8, 3}, {1, 7}, {6}, {2, 5}, {4}], [{8, 3}, {2, 7}, {1, 6}, {4, 5}], [{8, 3}, {2, 7}, {4, 6}, {1, 5}], [{8, 3}, {2, 7}, {5, 6}, {1, 4}], [{8, 3}, {2, 7}, {5, 6}, {4}, {1}], [{8, 3}, {4, 7}, {1, 6}, {2, 5}], [{8, 3}, {4, 7}, {2, 6}, {1, 5}], [{8, 3}, {4, 7}, {5, 6}, {1, 2}], [{8, 3}, {5, 7}, {1, 6}, {2, 4}], [{8, 3}, {5, 7}, {2, 6}, {1, 4}], [{8, 3}, {5, 7}, {4, 6}, {1, 2}], [{8, 3}, {6, 7}, {1, 5}, {2, 4}], [{8, 3}, {6, 7}, {2, 5}, {1, 4}], [{8, 3}, {6, 7}, {4, 5}, {1, 2}], [{8, 3}, {7}, {1, 6}, {4, 5}, {2}], [{8, 3}, {7}, {2, 6}, {1, 5}, {4}], [{8, 3}, {7}, {5, 6}, {1, 4}, {2}], [{8, 4}, {1, 7}, {2, 6}, {3, 5}], [{8, 4}, {1, 7}, {3, 6}, {2, 5}], [{8, 4}, {1, 7}, {5, 6}, {2, 3}], [{8, 4}, {1, 7}, {6}, {3, 5}, {2}], [{8, 4}, {2, 7}, {1, 6}, {3, 5}], [{8, 4}, {2, 7}, {3, 6}, {1, 5}], [{8, 4}, {2, 7}, {5, 6}, {1, 3}], [{8, 4}, {2, 7}, {6}, {1, 5}, {3}], [{8, 4}, {3, 7}, {1, 6}, {2, 5}], [{8, 4}, {3, 7}, {2, 6}, {1, 5}], [{8, 4}, {3, 7}, {5, 6}, {1, 2}], [{8, 4}, {3, 7}, {6}, {1, 5}, {2}], [{8, 4}, {5, 7}, {1, 6}, {2, 3}], [{8, 4}, {5, 7}, {2, 6}, {1, 3}], [{8, 4}, {5, 7}, {3, 6}, {1, 2}], [{8, 4}, {5, 7}, {6}, {1, 3}, {2}], [{8, 4}, {6, 7}, {1, 5}, {2, 3}], [{8, 4}, {6, 7}, {1, 5}, {3}, {2}], [{8, 4}, {6, 7}, {2, 5}, {1, 3}], [{8, 4}, {6, 7}, {3, 5}, {1, 2}], [{8, 4}, {7}, {2, 6}, {1, 5}, {3}], [{8, 4}, {7}, {3, 6}, {1, 5}, {2}], [{8, 4}, {7}, {3, 6}, {2, 5}, {1}], [{8, 4}, {7}, {3, 6}, {5}, {1, 2}], [{8, 4}, {7}, {6}, {1, 5}, {2, 3}], [{8, 4}, {7}, {6}, {1, 5}, {3}, {2}], [{8, 5}, {1, 7}, {2, 6}, {3, 4}], [{8, 5}, {1, 7}, {3, 6}, {2, 4}], [{8, 5}, {1, 7}, {4, 6}, {2, 3}], [{8, 5}, {2, 7}, {1, 6}, {3, 4}], [{8, 5}, {2, 7}, {3, 6}, {1, 4}], [{8, 5}, {2, 7}, {4, 6}, {1, 3}], [{8, 5}, {3, 7}, {1, 6}, {2, 4}], [{8, 5}, {3, 7}, {2, 6}, {1, 4}], [{8, 5}, {3, 7}, {4, 6}, {1, 2}], [{8, 5}, {4, 7}, {1, 6}, {2, 3}], [{8, 5}, {4, 7}, {2, 6}, {1, 3}], [{8, 5}, {4, 7}, {2, 6}, {3}, {1}], [{8, 5}, {4, 7}, {3, 6}, {1, 2}], [{8, 5}, {6, 7}, {1, 4}, {2, 3}], [{8, 5}, {6, 7}, {2, 4}, {1, 3}], [{8, 5}, {6, 7}, {2, 4}, {3}, {1}], [{8, 5}, {6, 7}, {3, 4}, {1, 2}], [{8, 6}, {1, 7}, {2, 5}, {3, 4}], [{8, 6}, {1, 7}, {3, 5}, {2, 4}], [{8, 6}, {1, 7}, {4, 5}, {2, 3}], [{8, 6}, {1, 7}, {4, 5}, {3}, {2}], [{8, 6}, {2, 7}, {1, 5}, {3, 4}], [{8, 6}, {2, 7}, {3, 5}, {1, 4}], [{8, 6}, {2, 7}, {4, 5}, {1, 3}], [{8, 6}, {2, 7}, {4, 5}, {3}, {1}], [{8, 6}, {3, 7}, {1, 5}, {2, 4}], [{8, 6}, {3, 7}, {2, 5}, {1, 4}], [{8, 6}, {3, 7}, {4, 5}, {1, 2}], [{8, 6}, {3, 7}, {4, 5}, {2}, {1}], [{8, 6}, {4, 7}, {1, 5}, {2, 3}], [{8, 6}, {4, 7}, {2, 5}, {1, 3}], [{8, 6}, {4, 7}, {3, 5}, {1, 2}], [{8, 6}, {4, 7}, {5}, {1, 3}, {2}], [{8, 6}, {5, 7}, {1, 4}, {2, 3}], [{8, 6}, {5, 7}, {2, 4}, {1, 3}], [{8, 6}, {5, 7}, {3, 4}, {1, 2}], [{8, 6}, {5, 7}, {4}, {1, 3}, {2}], [{8, 6}, {7}, {4, 5}, {1, 3}, {2}], [{8, 6}, {7}, {4, 5}, {2, 3}, {1}], [{8, 6}, {7}, {4, 5}, {3}, {1, 2}], [{8, 6}, {7}, {4, 5}, {3}, {2}, {1}], [{8, 7}, {1, 6}, {2, 5}, {3, 4}], [{8, 7}, {1, 6}, {2, 5}, {4}, {3}], [{8, 7}, {1, 6}, {3, 5}, {2, 4}], [{8, 7}, {1, 6}, {4, 5}, {2, 3}], [{8, 7}, {1, 6}, {4, 5}, {3}, {2}], [{8, 7}, {1, 6}, {5}, {2, 4}, {3}], [{8, 7}, {2, 6}, {1, 5}, {3, 4}], [{8, 7}, {2, 6}, {3, 5}, {1, 4}], [{8, 7}, {2, 6}, {3, 5}, {4}, {1}], [{8, 7}, {2, 6}, {4, 5}, {1, 3}], [{8, 7}, {2, 6}, {5}, {1, 4}, {3}], [{8, 7}, {3, 6}, {1, 5}, {2, 4}], [{8, 7}, {3, 6}, {1, 5}, {4}, {2}], [{8, 7}, {3, 6}, {2, 5}, {1, 4}], [{8, 7}, {3, 6}, {4, 5}, {1, 2}], [{8, 7}, {4, 6}, {1, 5}, {2, 3}], [{8, 7}, {4, 6}, {2, 5}, {1, 3}], [{8, 7}, {4, 6}, {2, 5}, {3}, {1}], [{8, 7}, {4, 6}, {3, 5}, {1, 2}], [{8, 7}, {5, 6}, {1, 4}, {2, 3}], [{8, 7}, {5, 6}, {1, 4}, {3}, {2}], [{8, 7}, {5, 6}, {2, 4}, {1, 3}], [{8, 7}, {5, 6}, {3, 4}, {1, 2}], [{8, 7}, {6}, {2, 5}, {1, 4}, {3}], [{8}, {1, 7}, {2, 6}, {5}, {3, 4}], [{8}, {1, 7}, {5, 6}, {4}, {2, 3}], [{8}, {2, 7}, {1, 6}, {4, 5}, {3}], [{8}, {2, 7}, {5, 6}, {1, 4}, {3}], [{8}, {3, 7}, {1, 6}, {4, 5}, {2}], [{8}, {3, 7}, {5, 6}, {1, 4}, {2}], [{8}, {4, 7}, {3, 6}, {1, 5}, {2}], [{8}, {4, 7}, {5, 6}, {2, 3}, {1}], [{8}, {5, 7}, {2, 6}, {3, 4}, {1}], [{8}, {5, 7}, {4, 6}, {1, 3}, {2}], [{8}, {6, 7}, {5}, {3, 4}, {1, 2}], [{8}, {7}, {1, 6}, {4, 5}, {2, 3}], [{8}, {7}, {1, 6}, {4, 5}, {3}, {2}], [{8}, {7}, {2, 6}, {1, 5}, {3, 4}], [{8}, {7}, {5, 6}, {1, 4}, {2, 3}], [{8}, {7}, {5, 6}, {1, 4}, {3}, {2}]]",2,- 16 K_1^2 - 8 K_1 K_2 - 2 K_1 K_3 + 4 K_1 - 2 K_2^2 + 9 K_2 + 4 K_3 + 2 K_4 + 10,O1O2O3O4U5U6U4O7U8O6O8U1U3O5U2U7,O1O2O3U1U4U5U6O7O5U3O4O6U8U2O8U7,O1O2O3U4O5U2U5O6O7U1O8O4U6U8U7U3,c,{'O1O2O3O4U5U3O6U2U4O7O8U7O5U1U8U6'},1,"<a href=""/flatknot/8.850599"">8.850599</a>",t^9-38t^7-56t^6+126t^5+104t^4-126t^3-14t^2+18t,-t^2+2t,,
8.850600,O1O2O3O4U5U3O6U2U4O7O8U7O5U6U1U8,4,2z^3+19z^2+66z+73,2w^4z^3+19w^3z^2+66w^2z+73w,False,False,"[[ 0 -1 -1  0  2 -1  0 -1  2],[ 1  0 -1  0  2 -1  1  0  2],[ 1  1  0  0  2 -1  1  0  0],[ 0  0  0  0  1 -1  0  0 -1],[-2 -2 -2 -1  0 -2  0  0  0],[ 1  1  1  1  2  0  0 -1  0],[ 0 -1 -1  0  0  0  0  0  2],[ 1  0  0  0  0  1  0  0  1],[-2 -2  0  1  0  0 -2 -1  0]]","[[ 0  2  2  0  0 -1 -1 -1 -1],[-2  0  0  1 -2  0  0 -1 -2],[-2  0  0 -1  0 -2 -2  0 -2],[ 0 -1  1  0  0  0 -1  0  0],[ 0  2  0  0  0 -1  0  0 -1],[ 1  0  2  0  1  0 -1  0  1],[ 1  0  2  1  0  1  0 -1  1],[ 1  1  0  0  0  0  1  0  0],[ 1  2  2  0  1 -1 -1  0  0]]",True,"[-2,-2,0,0,1,1,1,1,0,-1,2,0,0,1,2,1,0,2,2,0,2,0,0,1,0,0,1,0,0,1,1,0,-1,1,-1,0]","[-2,-2,0,0,1,1,1,1,0,-1,2,0,0,1,2,1,0,2,2,0,2,0,0,1,0,0,1,0,0,1,1,0,-1,1,-1,0]",t^8+30t^6+199t^4+32t^2,"[-1,-1,-1,-1,0,0,2,2,-1,-1,1,0,1,1,3,-1,0,1,0,1,3,0,1,0,1,1,1,1,3,2,0,1,3,2,0,0]","[-2,-2,0,0,1,1,1,1,0,0,3,1,2,3,3,2,1,1,3,1,1,0,0,1,0,1,1,1,1,0,0,-1,-1,0,1,-1]","[-1,-1,-1,-1,0,0,2,2,-1,-1,0,0,1,2,2,-1,0,0,1,0,2,-1,1,0,0,2,0,0,1,0,0,-1,1,2,0,0]",c,"[[{8, 1}, {2, 7}, {3, 6}, {4, 5}], [{8, 1}, {2, 7}, {3, 6}, {5}, {4}], [{8, 1}, {2, 7}, {4, 6}, {3, 5}], [{8, 1}, {2, 7}, {4, 6}, {5}, {3}], [{8, 1}, {2, 7}, {5, 6}, {3, 4}], [{8, 1}, {2, 7}, {6}, {5}, {3, 4}], [{8, 1}, {3, 7}, {2, 6}, {4, 5}], [{8, 1}, {3, 7}, {4, 6}, {2, 5}], [{8, 1}, {3, 7}, {5, 6}, {2, 4}], [{8, 1}, {4, 7}, {2, 6}, {3, 5}], [{8, 1}, {4, 7}, {3, 6}, {2, 5}], [{8, 1}, {4, 7}, {3, 6}, {5}, {2}], [{8, 1}, {4, 7}, {5, 6}, {2, 3}], [{8, 1}, {5, 7}, {2, 6}, {3, 4}], [{8, 1}, {5, 7}, {3, 6}, {2, 4}], [{8, 1}, {5, 7}, {4, 6}, {2, 3}], [{8, 1}, {6, 7}, {2, 5}, {3, 4}], [{8, 1}, {6, 7}, {3, 5}, {2, 4}], [{8, 1}, {6, 7}, {4, 5}, {2, 3}], [{8, 1}, {7}, {2, 6}, {4, 5}, {3}], [{8, 1}, {7}, {3, 6}, {5}, {2, 4}], [{8, 1}, {7}, {5, 6}, {4}, {2, 3}], [{8, 2}, {1, 7}, {3, 6}, {4, 5}], [{8, 2}, {1, 7}, {3, 6}, {5}, {4}], [{8, 2}, {1, 7}, {4, 6}, {3, 5}], [{8, 2}, {1, 7}, {4, 6}, {5}, {3}], [{8, 2}, {1, 7}, {5, 6}, {3, 4}], [{8, 2}, {1, 7}, {6}, {5}, {3, 4}], [{8, 2}, {3, 7}, {1, 6}, {4, 5}], [{8, 2}, {3, 7}, {4, 6}, {1, 5}], [{8, 2}, {3, 7}, {5, 6}, {1, 4}], [{8, 2}, {4, 7}, {1, 6}, {3, 5}], [{8, 2}, {4, 7}, {3, 6}, {1, 5}], [{8, 2}, {4, 7}, {3, 6}, {5}, {1}], [{8, 2}, {4, 7}, {5, 6}, {1, 3}], [{8, 2}, {5, 7}, {1, 6}, {3, 4}], [{8, 2}, {5, 7}, {3, 6}, {1, 4}], [{8, 2}, {5, 7}, {4, 6}, {1, 3}], [{8, 2}, {6, 7}, {1, 5}, {3, 4}], [{8, 2}, {6, 7}, {3, 5}, {1, 4}], [{8, 2}, {6, 7}, {4, 5}, {1, 3}], [{8, 2}, {7}, {1, 6}, {4, 5}, {3}], [{8, 2}, {7}, {3, 6}, {5}, {1, 4}], [{8, 2}, {7}, {5, 6}, {4}, {1, 3}], [{8, 3}, {1, 7}, {2, 6}, {4, 5}], [{8, 3}, {1, 7}, {4, 6}, {2, 5}], [{8, 3}, {1, 7}, {5, 6}, {2, 4}], [{8, 3}, {2, 7}, {1, 6}, {4, 5}], [{8, 3}, {2, 7}, {4, 6}, {1, 5}], [{8, 3}, {2, 7}, {5, 6}, {1, 4}], [{8, 3}, {2, 7}, {5, 6}, {4}, {1}], [{8, 3}, {4, 7}, {1, 6}, {2, 5}], [{8, 3}, {4, 7}, {2, 6}, {1, 5}], [{8, 3}, {4, 7}, {2, 6}, {5}, {1}], [{8, 3}, {4, 7}, {5, 6}, {1, 2}], [{8, 3}, {5, 7}, {1, 6}, {2, 4}], [{8, 3}, {5, 7}, {2, 6}, {1, 4}], [{8, 3}, {5, 7}, {2, 6}, {4}, {1}], [{8, 3}, {5, 7}, {4, 6}, {1, 2}], [{8, 3}, {6, 7}, {1, 5}, {2, 4}], [{8, 3}, {6, 7}, {2, 5}, {1, 4}], [{8, 3}, {6, 7}, {4, 5}, {1, 2}], [{8, 3}, {7}, {2, 6}, {4, 5}, {1}], [{8, 3}, {7}, {4, 6}, {5}, {1, 2}], [{8, 4}, {1, 7}, {2, 6}, {3, 5}], [{8, 4}, {1, 7}, {3, 6}, {2, 5}], [{8, 4}, {1, 7}, {5, 6}, {2, 3}], [{8, 4}, {1, 7}, {6}, {2, 5}, {3}], [{8, 4}, {2, 7}, {1, 6}, {3, 5}], [{8, 4}, {2, 7}, {3, 6}, {1, 5}], [{8, 4}, {2, 7}, {3, 6}, {5}, {1}], [{8, 4}, {2, 7}, {5, 6}, {1, 3}], [{8, 4}, {2, 7}, {6}, {1, 5}, {3}], [{8, 4}, {3, 7}, {1, 6}, {2, 5}], [{8, 4}, {3, 7}, {2, 6}, {1, 5}], [{8, 4}, {3, 7}, {2, 6}, {5}, {1}], [{8, 4}, {3, 7}, {5, 6}, {1, 2}], [{8, 4}, {5, 7}, {1, 6}, {2, 3}], [{8, 4}, {5, 7}, {2, 6}, {1, 3}], [{8, 4}, {5, 7}, {2, 6}, {3}, {1}], [{8, 4}, {5, 7}, {3, 6}, {1, 2}], [{8, 4}, {6, 7}, {1, 5}, {2, 3}], [{8, 4}, {6, 7}, {2, 5}, {1, 3}], [{8, 4}, {6, 7}, {3, 5}, {1, 2}], [{8, 4}, {7}, {2, 6}, {3, 5}, {1}], [{8, 4}, {7}, {3, 6}, {1, 5}, {2}], [{8, 4}, {7}, {5, 6}, {1, 3}, {2}], [{8, 5}, {1, 7}, {2, 6}, {3, 4}], [{8, 5}, {1, 7}, {3, 6}, {2, 4}], [{8, 5}, {1, 7}, {4, 6}, {2, 3}], [{8, 5}, {2, 7}, {1, 6}, {3, 4}], [{8, 5}, {2, 7}, {3, 6}, {1, 4}], [{8, 5}, {2, 7}, {4, 6}, {1, 3}], [{8, 5}, {3, 7}, {1, 6}, {2, 4}], [{8, 5}, {3, 7}, {2, 6}, {1, 4}], [{8, 5}, {3, 7}, {2, 6}, {4}, {1}], [{8, 5}, {3, 7}, {4, 6}, {1, 2}], [{8, 5}, {4, 7}, {1, 6}, {2, 3}], [{8, 5}, {4, 7}, {2, 6}, {1, 3}], [{8, 5}, {4, 7}, {2, 6}, {3}, {1}], [{8, 5}, {4, 7}, {3, 6}, {1, 2}], [{8, 5}, {6, 7}, {1, 4}, {2, 3}], [{8, 5}, {6, 7}, {2, 4}, {1, 3}], [{8, 5}, {6, 7}, {3, 4}, {1, 2}], [{8, 5}, {7}, {2, 6}, {3, 4}, {1}], [{8, 5}, {7}, {3, 6}, {4}, {1, 2}], [{8, 6}, {1, 7}, {2, 5}, {3, 4}], [{8, 6}, {1, 7}, {3, 5}, {2, 4}], [{8, 6}, {1, 7}, {4, 5}, {2, 3}], [{8, 6}, {1, 7}, {5}, {4}, {2, 3}], [{8, 6}, {2, 7}, {1, 5}, {3, 4}], [{8, 6}, {2, 7}, {3, 5}, {1, 4}], [{8, 6}, {2, 7}, {4, 5}, {1, 3}], [{8, 6}, {3, 7}, {1, 5}, {2, 4}], [{8, 6}, {3, 7}, {2, 5}, {1, 4}], [{8, 6}, {3, 7}, {4, 5}, {1, 2}], [{8, 6}, {4, 7}, {1, 5}, {2, 3}], [{8, 6}, {4, 7}, {2, 5}, {1, 3}], [{8, 6}, {4, 7}, {2, 5}, {3}, {1}], [{8, 6}, {4, 7}, {3, 5}, {1, 2}], [{8, 6}, {4, 7}, {5}, {1, 3}, {2}], [{8, 6}, {5, 7}, {1, 4}, {2, 3}], [{8, 6}, {5, 7}, {2, 4}, {1, 3}], [{8, 6}, {5, 7}, {3, 4}, {1, 2}], [{8, 6}, {7}, {4, 5}, {3}, {1, 2}], [{8, 7}, {1, 6}, {2, 5}, {3, 4}], [{8, 7}, {1, 6}, {3, 5}, {2, 4}], [{8, 7}, {1, 6}, {4, 5}, {2, 3}], [{8, 7}, {1, 6}, {5}, {3, 4}, {2}], [{8, 7}, {2, 6}, {1, 5}, {3, 4}], [{8, 7}, {2, 6}, {3, 5}, {1, 4}], [{8, 7}, {2, 6}, {3, 5}, {4}, {1}], [{8, 7}, {2, 6}, {4, 5}, {1, 3}], [{8, 7}, {2, 6}, {4, 5}, {3}, {1}], [{8, 7}, {2, 6}, {5}, {3, 4}, {1}], [{8, 7}, {3, 6}, {1, 5}, {2, 4}], [{8, 7}, {3, 6}, {2, 5}, {1, 4}], [{8, 7}, {3, 6}, {4, 5}, {1, 2}], [{8, 7}, {3, 6}, {5}, {1, 4}, {2}], [{8, 7}, {4, 6}, {1, 5}, {2, 3}], [{8, 7}, {4, 6}, {2, 5}, {1, 3}], [{8, 7}, {4, 6}, {3, 5}, {1, 2}], [{8, 7}, {4, 6}, {5}, {1, 3}, {2}], [{8, 7}, {5, 6}, {1, 4}, {2, 3}], [{8, 7}, {5, 6}, {2, 4}, {1, 3}], [{8, 7}, {5, 6}, {3, 4}, {1, 2}], [{8, 7}, {5, 6}, {3, 4}, {2}, {1}], [{8, 7}, {5, 6}, {4}, {3}, {1, 2}], [{8, 7}, {6}, {1, 5}, {3, 4}, {2}], [{8, 7}, {6}, {2, 5}, {3, 4}, {1}], [{8, 7}, {6}, {5}, {3, 4}, {1, 2}], [{8, 7}, {6}, {5}, {3, 4}, {2}, {1}], [{8}, {1, 7}, {2, 6}, {4, 5}, {3}], [{8}, {1, 7}, {3, 6}, {4, 5}, {2}], [{8}, {1, 7}, {6}, {3, 5}, {2, 4}], [{8}, {1, 7}, {6}, {4, 5}, {2, 3}], [{8}, {2, 7}, {3, 6}, {5}, {1, 4}], [{8}, {2, 7}, {5, 6}, {1, 4}, {3}], [{8}, {2, 7}, {6}, {3, 5}, {1, 4}], [{8}, {2, 7}, {6}, {4, 5}, {1, 3}], [{8}, {3, 7}, {2, 6}, {4, 5}, {1}], [{8}, {4, 7}, {2, 6}, {3, 5}, {1}], [{8}, {4, 7}, {3, 6}, {5}, {1, 2}], [{8}, {4, 7}, {6}, {1, 5}, {2, 3}], [{8}, {4, 7}, {6}, {2, 5}, {1, 3}], [{8}, {5, 7}, {2, 6}, {3, 4}, {1}], [{8}, {5, 7}, {6}, {1, 4}, {2, 3}], [{8}, {5, 7}, {6}, {2, 4}, {1, 3}], [{8}, {6, 7}, {2, 5}, {4}, {1, 3}], [{8}, {6, 7}, {4, 5}, {1, 3}, {2}], [{8}, {6, 7}, {5}, {2, 4}, {1, 3}], [{8}, {7}, {2, 6}, {4, 5}, {1, 3}], [{8}, {7}, {2, 6}, {4, 5}, {3}, {1}], [{8}, {7}, {4, 6}, {2, 5}, {1, 3}], [{8}, {7}, {5, 6}, {2, 4}, {1, 3}]]",2,8 K_1^3 - 8 K_1^2 - 12 K_1 K_2 - 4 K_1 K_3 + 6 K_2 + 4 K_3 + 2 K_4 + 5,O1O2O3O4U5U4U6O7U8O5O8U1U3O6U2U7,O1O2O3U2U4U5U6O7O5U1O4O6U8U3O8U7,O1O2O3U4O5U1U5O6O7U3O8O4U6U8U7U2,c,"{'O1O2O3O4U5U3U1O6U4O7O8U7O5U2U6U8', 'O1O2O3O4U5U3O6U2U4O7O8U7O5U6U1U8'}",2,"<a href=""/flatknot/8.850600"">8.850600</a>",t^9-26t^7-48t^6+95t^5+312t^4+73t^3-392t^2-121t+138,-2t^2+4t,,
8.850601,O1O2O3O4U5U3O6U2U4O7O8U7O5U8U1U6,4,26z^2+111z+119,26w^3z^2+111w^2z+119w,False,False,"[[ 0 -1 -1  0  2 -1  2 -1  0],[ 1  0  0  0  3 -1  2 -1  0],[ 1  0  0  0  2 -1  1  0 -1],[ 0  0  0  0  1 -1  0  0 -1],[-2 -3 -2 -1  0 -2  0  0 -1],[ 1  1  1  1  2  0  1 -1 -1],[-2 -2 -1  0  0 -1  0 -1  1],[ 1  1  0  0  0  1  1  0  1],[ 0  0  1  1  1  1 -1 -1  0]]","[[ 0  2  2  0  0 -1 -1 -1 -1],[-2  0  0  1  0 -1 -1 -1 -2],[-2  0  0 -1 -1  0 -2 -2 -3],[ 0 -1  1  0  1 -1  1  1  0],[ 0  0  1 -1  0  0  0 -1  0],[ 1  1  0  1  0  0  0  1  1],[ 1  1  2 -1  0  0  0 -1  0],[ 1  1  2 -1  1 -1  1  0  1],[ 1  2  3  0  0 -1  0 -1  0]]",True,"[-2,-2,0,0,1,1,1,1,0,-1,0,1,1,1,2,1,1,0,2,2,3,-1,1,-1,-1,0,0,0,1,0,0,-1,-1,1,0,-1]","[-2,-2,0,0,1,1,1,1,0,-1,0,1,1,1,2,1,1,0,2,2,3,-1,1,-1,-1,0,0,0,1,0,0,-1,-1,1,0,-1]",t^8+36t^6+198t^4+100t^2+4,"[-1,-1,-1,-1,0,0,2,2,-1,-1,0,0,1,2,3,-1,-1,2,0,2,1,0,1,1,1,0,2,1,2,1,-1,3,1,2,1,0]","[-2,-2,0,0,1,1,1,1,0,1,1,0,1,1,3,2,3,1,2,2,2,-1,1,0,1,1,1,2,2,0,-1,0,-1,1,-1,0]","[-1,-1,-1,-1,0,0,2,2,-1,-1,0,0,0,2,3,-1,1,-1,1,1,2,0,1,0,1,0,-1,0,1,2,1,-1,1,0,1,0]",c,"[[{8, 1}, {2, 7}, {3, 6}, {4, 5}], [{8, 1}, {2, 7}, {4, 6}, {3, 5}], [{8, 1}, {2, 7}, {5, 6}, {3, 4}], [{8, 1}, {2, 7}, {6}, {4, 5}, {3}], [{8, 1}, {3, 7}, {2, 6}, {4, 5}], [{8, 1}, {3, 7}, {4, 6}, {2, 5}], [{8, 1}, {3, 7}, {5, 6}, {2, 4}], [{8, 1}, {3, 7}, {6}, {4, 5}, {2}], [{8, 1}, {4, 7}, {2, 6}, {3, 5}], [{8, 1}, {4, 7}, {3, 6}, {2, 5}], [{8, 1}, {4, 7}, {5, 6}, {2, 3}], [{8, 1}, {5, 7}, {2, 6}, {3, 4}], [{8, 1}, {5, 7}, {3, 6}, {2, 4}], [{8, 1}, {5, 7}, {4, 6}, {2, 3}], [{8, 1}, {6, 7}, {2, 5}, {3, 4}], [{8, 1}, {6, 7}, {3, 5}, {2, 4}], [{8, 1}, {6, 7}, {4, 5}, {2, 3}], [{8, 1}, {6, 7}, {4, 5}, {3}, {2}], [{8, 1}, {7}, {2, 6}, {4, 5}, {3}], [{8, 1}, {7}, {3, 6}, {4, 5}, {2}], [{8, 1}, {7}, {4, 6}, {2, 5}, {3}], [{8, 1}, {7}, {5, 6}, {2, 4}, {3}], [{8, 1}, {7}, {6}, {4, 5}, {2, 3}], [{8, 1}, {7}, {6}, {4, 5}, {3}, {2}], [{8, 2}, {1, 7}, {3, 6}, {4, 5}], [{8, 2}, {1, 7}, {4, 6}, {3, 5}], [{8, 2}, {1, 7}, {5, 6}, {3, 4}], [{8, 2}, {3, 7}, {1, 6}, {4, 5}], [{8, 2}, {3, 7}, {4, 6}, {1, 5}], [{8, 2}, {3, 7}, {5, 6}, {1, 4}], [{8, 2}, {4, 7}, {1, 6}, {3, 5}], [{8, 2}, {4, 7}, {3, 6}, {1, 5}], [{8, 2}, {4, 7}, {5, 6}, {1, 3}], [{8, 2}, {5, 7}, {1, 6}, {3, 4}], [{8, 2}, {5, 7}, {3, 6}, {1, 4}], [{8, 2}, {5, 7}, {4, 6}, {1, 3}], [{8, 2}, {6, 7}, {1, 5}, {3, 4}], [{8, 2}, {6, 7}, {3, 5}, {1, 4}], [{8, 2}, {6, 7}, {4, 5}, {1, 3}], [{8, 2}, {6, 7}, {5}, {1, 4}, {3}], [{8, 2}, {7}, {1, 6}, {4, 5}, {3}], [{8, 2}, {7}, {3, 6}, {1, 5}, {4}], [{8, 2}, {7}, {4, 6}, {1, 5}, {3}], [{8, 2}, {7}, {6}, {1, 5}, {3, 4}], [{8, 3}, {1, 7}, {2, 6}, {4, 5}], [{8, 3}, {1, 7}, {4, 6}, {2, 5}], [{8, 3}, {1, 7}, {5, 6}, {2, 4}], [{8, 3}, {1, 7}, {5, 6}, {4}, {2}], [{8, 3}, {2, 7}, {1, 6}, {4, 5}], [{8, 3}, {2, 7}, {4, 6}, {1, 5}], [{8, 3}, {2, 7}, {5, 6}, {1, 4}], [{8, 3}, {2, 7}, {5, 6}, {4}, {1}], [{8, 3}, {4, 7}, {1, 6}, {2, 5}], [{8, 3}, {4, 7}, {2, 6}, {1, 5}], [{8, 3}, {4, 7}, {5, 6}, {1, 2}], [{8, 3}, {4, 7}, {5, 6}, {2}, {1}], [{8, 3}, {5, 7}, {1, 6}, {2, 4}], [{8, 3}, {5, 7}, {2, 6}, {1, 4}], [{8, 3}, {5, 7}, {4, 6}, {1, 2}], [{8, 3}, {6, 7}, {1, 5}, {2, 4}], [{8, 3}, {6, 7}, {2, 5}, {1, 4}], [{8, 3}, {6, 7}, {4, 5}, {1, 2}], [{8, 3}, {7}, {2, 6}, {4, 5}, {1}], [{8, 3}, {7}, {4, 6}, {2, 5}, {1}], [{8, 3}, {7}, {5, 6}, {1, 4}, {2}], [{8, 3}, {7}, {5, 6}, {2, 4}, {1}], [{8, 3}, {7}, {5, 6}, {4}, {1, 2}], [{8, 3}, {7}, {5, 6}, {4}, {2}, {1}], [{8, 4}, {1, 7}, {2, 6}, {3, 5}], [{8, 4}, {1, 7}, {3, 6}, {2, 5}], [{8, 4}, {1, 7}, {5, 6}, {2, 3}], [{8, 4}, {2, 7}, {1, 6}, {3, 5}], [{8, 4}, {2, 7}, {3, 6}, {1, 5}], [{8, 4}, {2, 7}, {5, 6}, {1, 3}], [{8, 4}, {3, 7}, {1, 6}, {2, 5}], [{8, 4}, {3, 7}, {2, 6}, {1, 5}], [{8, 4}, {3, 7}, {2, 6}, {5}, {1}], [{8, 4}, {3, 7}, {5, 6}, {1, 2}], [{8, 4}, {5, 7}, {1, 6}, {2, 3}], [{8, 4}, {5, 7}, {2, 6}, {1, 3}], [{8, 4}, {5, 7}, {3, 6}, {1, 2}], [{8, 4}, {5, 7}, {6}, {1, 3}, {2}], [{8, 4}, {6, 7}, {1, 5}, {2, 3}], [{8, 4}, {6, 7}, {2, 5}, {1, 3}], [{8, 4}, {6, 7}, {3, 5}, {1, 2}], [{8, 4}, {6, 7}, {3, 5}, {2}, {1}], [{8, 4}, {7}, {5, 6}, {3}, {1, 2}], [{8, 5}, {1, 7}, {2, 6}, {3, 4}], [{8, 5}, {1, 7}, {3, 6}, {2, 4}], [{8, 5}, {1, 7}, {4, 6}, {2, 3}], [{8, 5}, {1, 7}, {6}, {3, 4}, {2}], [{8, 5}, {2, 7}, {1, 6}, {3, 4}], [{8, 5}, {2, 7}, {3, 6}, {1, 4}], [{8, 5}, {2, 7}, {4, 6}, {1, 3}], [{8, 5}, {3, 7}, {1, 6}, {2, 4}], [{8, 5}, {3, 7}, {2, 6}, {1, 4}], [{8, 5}, {3, 7}, {2, 6}, {4}, {1}], [{8, 5}, {3, 7}, {4, 6}, {1, 2}], [{8, 5}, {4, 7}, {1, 6}, {2, 3}], [{8, 5}, {4, 7}, {2, 6}, {1, 3}], [{8, 5}, {4, 7}, {3, 6}, {1, 2}], [{8, 5}, {4, 7}, {6}, {1, 3}, {2}], [{8, 5}, {6, 7}, {1, 4}, {2, 3}], [{8, 5}, {6, 7}, {2, 4}, {1, 3}], [{8, 5}, {6, 7}, {3, 4}, {1, 2}], [{8, 5}, {7}, {4, 6}, {2, 3}, {1}], [{8, 6}, {1, 7}, {2, 5}, {3, 4}], [{8, 6}, {1, 7}, {3, 5}, {2, 4}], [{8, 6}, {1, 7}, {4, 5}, {2, 3}], [{8, 6}, {2, 7}, {1, 5}, {3, 4}], [{8, 6}, {2, 7}, {1, 5}, {4}, {3}], [{8, 6}, {2, 7}, {3, 5}, {1, 4}], [{8, 6}, {2, 7}, {4, 5}, {1, 3}], [{8, 6}, {3, 7}, {1, 5}, {2, 4}], [{8, 6}, {3, 7}, {2, 5}, {1, 4}], [{8, 6}, {3, 7}, {4, 5}, {1, 2}], [{8, 6}, {3, 7}, {5}, {4}, {1, 2}], [{8, 6}, {4, 7}, {1, 5}, {2, 3}], [{8, 6}, {4, 7}, {2, 5}, {1, 3}], [{8, 6}, {4, 7}, {3, 5}, {1, 2}], [{8, 6}, {5, 7}, {1, 4}, {2, 3}], [{8, 6}, {5, 7}, {2, 4}, {1, 3}], [{8, 6}, {5, 7}, {3, 4}, {1, 2}], [{8, 6}, {5, 7}, {4}, {2, 3}, {1}], [{8, 6}, {7}, {2, 5}, {3, 4}, {1}], [{8, 6}, {7}, {4, 5}, {3}, {1, 2}], [{8, 7}, {1, 6}, {2, 5}, {3, 4}], [{8, 7}, {1, 6}, {2, 5}, {4}, {3}], [{8, 7}, {1, 6}, {3, 5}, {2, 4}], [{8, 7}, {1, 6}, {4, 5}, {2, 3}], [{8, 7}, {2, 6}, {1, 5}, {3, 4}], [{8, 7}, {2, 6}, {3, 5}, {1, 4}], [{8, 7}, {2, 6}, {4, 5}, {1, 3}], [{8, 7}, {2, 6}, {4, 5}, {3}, {1}], [{8, 7}, {3, 6}, {1, 5}, {2, 4}], [{8, 7}, {3, 6}, {2, 5}, {1, 4}], [{8, 7}, {3, 6}, {4, 5}, {1, 2}], [{8, 7}, {4, 6}, {1, 5}, {2, 3}], [{8, 7}, {4, 6}, {2, 5}, {1, 3}], [{8, 7}, {4, 6}, {3, 5}, {1, 2}], [{8, 7}, {4, 6}, {5}, {3}, {1, 2}], [{8, 7}, {5, 6}, {1, 4}, {2, 3}], [{8, 7}, {5, 6}, {2, 4}, {1, 3}], [{8, 7}, {5, 6}, {3, 4}, {1, 2}], [{8}, {1, 7}, {2, 6}, {4, 5}, {3}], [{8}, {2, 7}, {3, 6}, {4, 5}, {1}], [{8}, {3, 7}, {2, 6}, {4, 5}, {1}], [{8}, {4, 7}, {2, 6}, {1, 5}, {3}], [{8}, {5, 7}, {2, 6}, {1, 4}, {3}], [{8}, {5, 7}, {3, 6}, {1, 4}, {2}], [{8}, {5, 7}, {6}, {1, 4}, {2, 3}], [{8}, {6, 7}, {4, 5}, {2, 3}, {1}], [{8}, {7}, {2, 6}, {4, 5}, {1, 3}], [{8}, {7}, {2, 6}, {4, 5}, {3}, {1}], [{8}, {7}, {4, 6}, {2, 5}, {1, 3}], [{8}, {7}, {5, 6}, {2, 4}, {1, 3}], [{8}, {7}, {5, 6}, {3, 4}, {1, 2}]]",2,- 4 K_1^2 - 4 K_1 K_2 + 2 K_1 + 2 K_2 + 2 K_3 + 3,O1O2O3O4U5U4U6O7U8O6O8U1U3O5U2U7,O1O2O3U2U4U5U6O7O5U3O4O6U8U1O8U7,O1O2O3U4O5U3U5O6O7U1O8O4U6U8U7U2,c,{'O1O2O3O4U5U3O6U2U4O7O8U7O5U8U1U6'},1,"<a href=""/flatknot/8.850601"">8.850601</a>",t^9-32t^7-68t^6+36t^5+136t^4+23t^3-38t^2-16t-6,-2t^2+4t,,
8.850602,O1O2O3O4U5U3O6U2U6O7O8U1O5U7U8U4,4,3z^3+38z^2+110z+93,3w^4z^3-4w^4z^2+42w^3z^2+110w^2z+93w,False,False,"[[ 0 -2 -1  0  3 -1  1 -1  1],[ 2  0 -1  0  4  0  1  0  1],[ 1  1  0  0  2 -1  1 -1 -1],[ 0  0  0  0  0  0  0 -1 -1],[-3 -4 -2  0  0 -1  0 -2  0],[ 1  0  1  0  1  0  1 -1  0],[-1 -1 -1  0  0 -1  0  0  0],[ 1  0  1  1  2  1  0  0  1],[-1 -1  1  1  0  0  0 -1  0]]","[[ 0  3  1  1  0 -1 -1 -1 -2],[-3  0  0  0  0 -1 -2 -2 -4],[-1  0  0  0  1  0  1 -1 -1],[-1  0  0  0  0 -1 -1  0 -1],[ 0  0 -1  0  0  0  0 -1  0],[ 1  1  0  1  0  0  1 -1  0],[ 1  2 -1  1  0 -1  0 -1  1],[ 1  2  1  0  1  1  1  0  0],[ 2  4  1  1  0  0 -1  0  0]]",True,"[-3,-1,-1,0,1,1,1,2,0,0,0,1,2,2,4,0,-1,0,-1,1,1,0,1,1,0,1,0,0,1,0,-1,1,0,1,-1,0]","[-3,-1,-1,0,1,1,1,2,0,0,0,1,2,2,4,0,-1,0,-1,1,1,0,1,1,0,1,0,0,1,0,-1,1,0,1,-1,0]",t^8+37t^6+251t^4+189t^2+1,"[-2,-1,-1,-1,0,1,1,3,1,1,2,2,2,2,1,-1,-1,0,1,2,2,-1,1,2,1,3,1,3,1,2,2,1,3,0,2,2]","[-3,-1,-1,0,1,1,1,2,2,2,3,2,2,3,1,0,1,1,2,1,2,2,3,1,2,2,1,0,1,2,-1,-1,2,1,1,1]","[-2,-1,-1,-1,0,1,1,3,-1,0,0,0,1,1,4,-1,-1,0,-1,1,2,-1,0,0,1,1,1,1,0,2,-1,0,0,0,0,0]",c,"[[{8, 1}, {2, 7}, {3, 6}, {4, 5}], [{8, 1}, {2, 7}, {3, 6}, {5}, {4}], [{8, 1}, {2, 7}, {4, 6}, {3, 5}], [{8, 1}, {2, 7}, {5, 6}, {3, 4}], [{8, 1}, {3, 7}, {2, 6}, {4, 5}], [{8, 1}, {3, 7}, {4, 6}, {2, 5}], [{8, 1}, {3, 7}, {5, 6}, {2, 4}], [{8, 1}, {3, 7}, {5, 6}, {4}, {2}], [{8, 1}, {4, 7}, {2, 6}, {3, 5}], [{8, 1}, {4, 7}, {3, 6}, {2, 5}], [{8, 1}, {4, 7}, {5, 6}, {2, 3}], [{8, 1}, {4, 7}, {6}, {3, 5}, {2}], [{8, 1}, {5, 7}, {2, 6}, {3, 4}], [{8, 1}, {5, 7}, {3, 6}, {2, 4}], [{8, 1}, {5, 7}, {4, 6}, {2, 3}], [{8, 1}, {5, 7}, {6}, {2, 4}, {3}], [{8, 1}, {6, 7}, {2, 5}, {3, 4}], [{8, 1}, {6, 7}, {3, 5}, {2, 4}], [{8, 1}, {6, 7}, {4, 5}, {2, 3}], [{8, 1}, {6, 7}, {5}, {2, 4}, {3}], [{8, 1}, {7}, {2, 6}, {4, 5}, {3}], [{8, 1}, {7}, {4, 6}, {5}, {2, 3}], [{8, 1}, {7}, {5, 6}, {2, 4}, {3}], [{8, 1}, {7}, {6}, {2, 5}, {3, 4}], [{8, 2}, {1, 7}, {3, 6}, {4, 5}], [{8, 2}, {1, 7}, {4, 6}, {3, 5}], [{8, 2}, {1, 7}, {5, 6}, {3, 4}], [{8, 2}, {3, 7}, {1, 6}, {4, 5}], [{8, 2}, {3, 7}, {4, 6}, {1, 5}], [{8, 2}, {3, 7}, {5, 6}, {1, 4}], [{8, 2}, {3, 7}, {6}, {5}, {1, 4}], [{8, 2}, {4, 7}, {1, 6}, {3, 5}], [{8, 2}, {4, 7}, {3, 6}, {1, 5}], [{8, 2}, {4, 7}, {5, 6}, {1, 3}], [{8, 2}, {5, 7}, {1, 6}, {3, 4}], [{8, 2}, {5, 7}, {3, 6}, {1, 4}], [{8, 2}, {5, 7}, {4, 6}, {1, 3}], [{8, 2}, {6, 7}, {1, 5}, {3, 4}], [{8, 2}, {6, 7}, {1, 5}, {4}, {3}], [{8, 2}, {6, 7}, {3, 5}, {1, 4}], [{8, 2}, {6, 7}, {4, 5}, {1, 3}], [{8, 2}, {6, 7}, {4, 5}, {3}, {1}], [{8, 2}, {6, 7}, {5}, {1, 4}, {3}], [{8, 2}, {7}, {3, 6}, {5}, {1, 4}], [{8, 3}, {1, 7}, {2, 6}, {4, 5}], [{8, 3}, {1, 7}, {4, 6}, {2, 5}], [{8, 3}, {1, 7}, {5, 6}, {2, 4}], [{8, 3}, {2, 7}, {1, 6}, {4, 5}], [{8, 3}, {2, 7}, {1, 6}, {5}, {4}], [{8, 3}, {2, 7}, {4, 6}, {1, 5}], [{8, 3}, {2, 7}, {5, 6}, {1, 4}], [{8, 3}, {4, 7}, {1, 6}, {2, 5}], [{8, 3}, {4, 7}, {1, 6}, {5}, {2}], [{8, 3}, {4, 7}, {2, 6}, {1, 5}], [{8, 3}, {4, 7}, {5, 6}, {1, 2}], [{8, 3}, {4, 7}, {6}, {2, 5}, {1}], [{8, 3}, {5, 7}, {1, 6}, {2, 4}], [{8, 3}, {5, 7}, {2, 6}, {1, 4}], [{8, 3}, {5, 7}, {4, 6}, {1, 2}], [{8, 3}, {5, 7}, {4, 6}, {2}, {1}], [{8, 3}, {5, 7}, {6}, {4}, {1, 2}], [{8, 3}, {6, 7}, {1, 5}, {2, 4}], [{8, 3}, {6, 7}, {2, 5}, {1, 4}], [{8, 3}, {6, 7}, {4, 5}, {1, 2}], [{8, 3}, {7}, {1, 6}, {5}, {2, 4}], [{8, 3}, {7}, {2, 6}, {4, 5}, {1}], [{8, 3}, {7}, {5, 6}, {2, 4}, {1}], [{8, 3}, {7}, {6}, {1, 5}, {2, 4}], [{8, 4}, {1, 7}, {2, 6}, {3, 5}], [{8, 4}, {1, 7}, {3, 6}, {2, 5}], [{8, 4}, {1, 7}, {5, 6}, {2, 3}], [{8, 4}, {2, 7}, {1, 6}, {3, 5}], [{8, 4}, {2, 7}, {1, 6}, {5}, {3}], [{8, 4}, {2, 7}, {3, 6}, {1, 5}], [{8, 4}, {2, 7}, {5, 6}, {1, 3}], [{8, 4}, {3, 7}, {1, 6}, {2, 5}], [{8, 4}, {3, 7}, {2, 6}, {1, 5}], [{8, 4}, {3, 7}, {5, 6}, {1, 2}], [{8, 4}, {3, 7}, {6}, {2, 5}, {1}], [{8, 4}, {5, 7}, {1, 6}, {2, 3}], [{8, 4}, {5, 7}, {2, 6}, {1, 3}], [{8, 4}, {5, 7}, {3, 6}, {1, 2}], [{8, 4}, {6, 7}, {1, 5}, {2, 3}], [{8, 4}, {6, 7}, {2, 5}, {1, 3}], [{8, 4}, {6, 7}, {2, 5}, {3}, {1}], [{8, 4}, {6, 7}, {3, 5}, {1, 2}], [{8, 4}, {7}, {3, 6}, {2, 5}, {1}], [{8, 4}, {7}, {6}, {3, 5}, {1, 2}], [{8, 5}, {1, 7}, {2, 6}, {3, 4}], [{8, 5}, {1, 7}, {3, 6}, {2, 4}], [{8, 5}, {1, 7}, {4, 6}, {2, 3}], [{8, 5}, {1, 7}, {6}, {2, 4}, {3}], [{8, 5}, {2, 7}, {1, 6}, {3, 4}], [{8, 5}, {2, 7}, {3, 6}, {1, 4}], [{8, 5}, {2, 7}, {4, 6}, {1, 3}], [{8, 5}, {3, 7}, {1, 6}, {2, 4}], [{8, 5}, {3, 7}, {2, 6}, {1, 4}], [{8, 5}, {3, 7}, {4, 6}, {1, 2}], [{8, 5}, {3, 7}, {4, 6}, {2}, {1}], [{8, 5}, {4, 7}, {1, 6}, {2, 3}], [{8, 5}, {4, 7}, {2, 6}, {1, 3}], [{8, 5}, {4, 7}, {3, 6}, {1, 2}], [{8, 5}, {6, 7}, {1, 4}, {2, 3}], [{8, 5}, {6, 7}, {2, 4}, {1, 3}], [{8, 5}, {6, 7}, {3, 4}, {1, 2}], [{8, 5}, {7}, {1, 6}, {3, 4}, {2}], [{8, 6}, {1, 7}, {2, 5}, {3, 4}], [{8, 6}, {1, 7}, {3, 5}, {2, 4}], [{8, 6}, {1, 7}, {4, 5}, {2, 3}], [{8, 6}, {1, 7}, {5}, {2, 4}, {3}], [{8, 6}, {2, 7}, {1, 5}, {3, 4}], [{8, 6}, {2, 7}, {3, 5}, {1, 4}], [{8, 6}, {2, 7}, {4, 5}, {1, 3}], [{8, 6}, {2, 7}, {4, 5}, {3}, {1}], [{8, 6}, {3, 7}, {1, 5}, {2, 4}], [{8, 6}, {3, 7}, {2, 5}, {1, 4}], [{8, 6}, {3, 7}, {4, 5}, {1, 2}], [{8, 6}, {4, 7}, {1, 5}, {2, 3}], [{8, 6}, {4, 7}, {2, 5}, {1, 3}], [{8, 6}, {4, 7}, {3, 5}, {1, 2}], [{8, 6}, {5, 7}, {1, 4}, {2, 3}], [{8, 6}, {5, 7}, {2, 4}, {1, 3}], [{8, 6}, {5, 7}, {3, 4}, {1, 2}], [{8, 7}, {1, 6}, {2, 5}, {3, 4}], [{8, 7}, {1, 6}, {3, 5}, {2, 4}], [{8, 7}, {1, 6}, {4, 5}, {2, 3}], [{8, 7}, {2, 6}, {1, 5}, {3, 4}], [{8, 7}, {2, 6}, {1, 5}, {4}, {3}], [{8, 7}, {2, 6}, {3, 5}, {1, 4}], [{8, 7}, {2, 6}, {4, 5}, {1, 3}], [{8, 7}, {2, 6}, {4, 5}, {3}, {1}], [{8, 7}, {2, 6}, {5}, {1, 4}, {3}], [{8, 7}, {3, 6}, {1, 5}, {2, 4}], [{8, 7}, {3, 6}, {2, 5}, {1, 4}], [{8, 7}, {3, 6}, {4, 5}, {1, 2}], [{8, 7}, {3, 6}, {5}, {2, 4}, {1}], [{8, 7}, {4, 6}, {1, 5}, {2, 3}], [{8, 7}, {4, 6}, {2, 5}, {1, 3}], [{8, 7}, {4, 6}, {3, 5}, {1, 2}], [{8, 7}, {5, 6}, {1, 4}, {2, 3}], [{8, 7}, {5, 6}, {1, 4}, {3}, {2}], [{8, 7}, {5, 6}, {2, 4}, {1, 3}], [{8, 7}, {5, 6}, {2, 4}, {3}, {1}], [{8, 7}, {5, 6}, {3, 4}, {1, 2}], [{8, 7}, {5, 6}, {4}, {3}, {1, 2}], [{8, 7}, {6}, {2, 5}, {1, 4}, {3}], [{8, 7}, {6}, {3, 5}, {2, 4}, {1}], [{8}, {1, 7}, {2, 6}, {4, 5}, {3}], [{8}, {1, 7}, {5, 6}, {2, 4}, {3}], [{8}, {2, 7}, {1, 6}, {5}, {3, 4}], [{8}, {3, 7}, {2, 6}, {4, 5}, {1}], [{8}, {3, 7}, {5, 6}, {2, 4}, {1}], [{8}, {5, 7}, {6}, {1, 4}, {2, 3}], [{8}, {7}, {2, 6}, {4, 5}, {1, 3}], [{8}, {7}, {2, 6}, {4, 5}, {3}, {1}], [{8}, {7}, {4, 6}, {2, 5}, {1, 3}], [{8}, {7}, {5, 6}, {2, 4}, {1, 3}], [{8}, {7}, {5, 6}, {2, 4}, {3}, {1}]]",2,12 K_1^3 + 4 K_1^2 K_2 - 16 K_1^2 - 14 K_1 K_2 - 2 K_1 K_3 - 2 K_1 - 2 K_2^2 + 7 K_2 + 4 K_3 + K_4 + 9,O1O2O3O4U1U5U6O7U4O5O6U8U3O8U2U7,O1O2O3U4U5U6U3O7O6U8O5O8U1U2O4U7,O1O2O3U4O5U2U3O6O7U6O8O4U1U8U7U5,c,{'O1O2O3O4U5U3O6U2U6O7O8U1O5U7U8U4'},1,"<a href=""/flatknot/8.850602"">8.850602</a>",t^9-33t^7-54t^6+78t^5+166t^4-4t^3-98t^2-33t+4,-t^3+t^2+t,,
8.850603,O1O2O3O4U5U3O6U2U6O7O8U1O5U8U4U7,4,19z^2+104z+133,19w^3z^2+104w^2z+133w,False,False,"[[ 0 -2 -1  0  2 -1  1  1  0],[ 2  0 -1  0  3  0  1  2  0],[ 1  1  0  0  2 -1  1  0 -1],[ 0  0  0  0  0  0  0  0 -1],[-2 -3 -2  0  0 -1  0  0 -1],[ 1  0  1  0  1  0  1  0  0],[-1 -1 -1  0  0 -1  0  0  0],[-1 -2  0  0  0  0  0  0  0],[ 0  0  1  1  1  0  0  0  0]]","[[ 0  2  1  1  0  0 -1 -1 -2],[-2  0  0  0  0 -1 -1 -2 -3],[-1  0  0  0  0  0  0  0 -2],[-1  0  0  0  0  0 -1 -1 -1],[ 0  0  0  0  0 -1  0  0  0],[ 0  1  0  0  1  0  0  1  0],[ 1  1  0  1  0  0  0  1  0],[ 1  2  0  1  0 -1 -1  0  1],[ 2  3  2  1  0  0  0 -1  0]]",True,"[-2,-1,-1,0,0,1,1,2,0,0,0,1,1,2,3,0,0,0,0,0,2,0,0,1,1,1,1,0,0,0,0,-1,0,-1,0,-1]","[-2,-1,-1,0,0,1,1,2,-1,0,0,0,1,2,3,-1,-1,0,1,0,2,0,0,1,0,1,1,0,0,1,0,0,0,0,0,0]",t^8+26t^6+110t^4+90t^2+4,"[-2,-1,-1,0,0,1,1,2,1,2,2,2,1,2,1,-1,1,1,2,1,2,1,2,2,1,1,1,1,1,2,1,1,1,0,1,1]","[-2,-1,-1,0,0,1,1,2,1,1,1,2,1,2,1,0,1,1,1,1,2,1,1,2,2,1,1,2,1,2,1,1,2,-1,2,1]","[-2,-1,-1,0,0,1,1,2,-1,0,0,0,1,2,3,-1,-1,0,1,0,2,0,0,1,0,1,1,0,0,1,0,0,0,0,0,0]",c,"[[{8, 1}, {2, 7}, {3, 6}, {4, 5}], [{8, 1}, {2, 7}, {5, 6}, {3, 4}], [{8, 3}, {2, 7}, {5, 6}, {1, 4}], [{8, 4}, {2, 7}, {5, 6}, {1, 3}]]",1,8 K_1^3 - 20 K_1^2 - 12 K_1 K_2 + 10 K_2 + 4 K_3 + 11,O1O2O3O4U5U1U6O7U4O6O5U8U3O8U2U7,O1O2O3U4U5U6U2O7O6U8O5O8U3U1O4U7,O1O2O3U4O5U3U1O6O7U6O8O4U2U8U7U5,c,{'O1O2O3O4U5U3O6U2U6O7O8U1O5U8U4U7'},1,"<a href=""/flatknot/8.850603"">8.850603</a>",t^9-26t^7-30t^6+76t^5+96t^4-50t^3-74t^2-9t,0,,
8.850604,O1O2O3O4U5U3O6U2U6O7O8U1O5U8U7U4,4,8z^3+52z^2+105z+67,8w^4z^3-4w^4z^2+56w^3z^2-4w^3z+109w^2z+67w,False,False,"[[ 0 -2 -1  0  3 -1  1  0  0],[ 2  0 -1  0  4  0  1  1  0],[ 1  1  0  0  2 -1  1 -1 -1],[ 0  0  0  0  0  0  0 -1 -1],[-3 -4 -2  0  0 -1  0 -1 -1],[ 1  0  1  0  1  0  1 -1  0],[-1 -1 -1  0  0 -1  0  0  0],[ 0 -1  1  1  1  1  0  0  0],[ 0  0  1  1  1  0  0  0  0]]","[[ 0  3  1  0  0  0 -1 -1 -2],[-3  0  0  0 -1 -1 -1 -2 -4],[-1  0  0  0  0  0 -1 -1 -1],[ 0  0  0  0 -1 -1  0  0  0],[ 0  1  0  1  0  0  1  1 -1],[ 0  1  0  1  0  0  0  1  0],[ 1  1  1  0 -1  0  0  1  0],[ 1  2  1  0 -1 -1 -1  0  1],[ 2  4  1  0  1  0  0 -1  0]]",True,"[-3,-1,0,0,0,1,1,2,0,0,1,1,1,2,4,0,0,0,1,1,1,1,1,0,0,0,0,-1,-1,1,0,-1,0,-1,0,-1]","[-3,-1,0,0,0,1,1,2,0,0,1,1,1,2,4,0,0,0,1,1,1,1,1,0,0,0,0,-1,-1,1,0,-1,0,-1,0,-1]",t^8+34t^6+220t^4+201t^2+1,"[-2,-1,-1,0,0,0,1,3,1,2,1,2,2,2,1,-1,2,1,1,1,3,2,1,2,1,2,-1,0,1,2,1,1,3,1,2,2]","[-3,-1,0,0,0,1,1,2,2,2,2,3,2,3,1,1,1,1,1,1,2,0,1,2,1,2,1,2,2,1,1,1,2,-1,2,1]","[-2,-1,-1,0,0,0,1,3,-1,0,0,0,1,1,4,-1,-1,0,-1,1,2,0,0,-1,1,1,1,0,0,1,-1,0,0,0,1,0]",c,"[[{8, 1}, {2, 7}, {3, 6}, {4, 5}], [{8, 1}, {2, 7}, {4, 6}, {3, 5}], [{8, 1}, {2, 7}, {4, 6}, {5}, {3}], [{8, 1}, {2, 7}, {5, 6}, {3, 4}], [{8, 1}, {3, 7}, {2, 6}, {4, 5}], [{8, 1}, {3, 7}, {4, 6}, {2, 5}], [{8, 1}, {3, 7}, {5, 6}, {2, 4}], [{8, 1}, {3, 7}, {6}, {2, 5}, {4}], [{8, 1}, {4, 7}, {2, 6}, {3, 5}], [{8, 1}, {4, 7}, {3, 6}, {2, 5}], [{8, 1}, {4, 7}, {5, 6}, {2, 3}], [{8, 1}, {5, 7}, {2, 6}, {3, 4}], [{8, 1}, {5, 7}, {3, 6}, {2, 4}], [{8, 1}, {5, 7}, {4, 6}, {2, 3}], [{8, 1}, {5, 7}, {6}, {2, 4}, {3}], [{8, 1}, {6, 7}, {2, 5}, {3, 4}], [{8, 1}, {6, 7}, {3, 5}, {2, 4}], [{8, 1}, {6, 7}, {4, 5}, {2, 3}], [{8, 1}, {7}, {2, 6}, {4, 5}, {3}], [{8, 1}, {7}, {3, 6}, {4, 5}, {2}], [{8, 1}, {7}, {5, 6}, {3, 4}, {2}], [{8, 1}, {7}, {6}, {4, 5}, {2, 3}], [{8, 2}, {1, 7}, {3, 6}, {4, 5}], [{8, 2}, {1, 7}, {4, 6}, {3, 5}], [{8, 2}, {1, 7}, {5, 6}, {3, 4}], [{8, 2}, {3, 7}, {1, 6}, {4, 5}], [{8, 2}, {3, 7}, {4, 6}, {1, 5}], [{8, 2}, {3, 7}, {5, 6}, {1, 4}], [{8, 2}, {4, 7}, {1, 6}, {3, 5}], [{8, 2}, {4, 7}, {3, 6}, {1, 5}], [{8, 2}, {4, 7}, {5, 6}, {1, 3}], [{8, 2}, {4, 7}, {6}, {1, 5}, {3}], [{8, 2}, {5, 7}, {1, 6}, {3, 4}], [{8, 2}, {5, 7}, {3, 6}, {1, 4}], [{8, 2}, {5, 7}, {4, 6}, {1, 3}], [{8, 2}, {6, 7}, {1, 5}, {3, 4}], [{8, 2}, {6, 7}, {3, 5}, {1, 4}], [{8, 2}, {6, 7}, {4, 5}, {1, 3}], [{8, 2}, {6, 7}, {4, 5}, {3}, {1}], [{8, 3}, {1, 7}, {2, 6}, {4, 5}], [{8, 3}, {1, 7}, {4, 6}, {2, 5}], [{8, 3}, {1, 7}, {5, 6}, {2, 4}], [{8, 3}, {1, 7}, {6}, {2, 5}, {4}], [{8, 3}, {2, 7}, {1, 6}, {4, 5}], [{8, 3}, {2, 7}, {1, 6}, {5}, {4}], [{8, 3}, {2, 7}, {4, 6}, {1, 5}], [{8, 3}, {2, 7}, {4, 6}, {5}, {1}], [{8, 3}, {2, 7}, {5, 6}, {1, 4}], [{8, 3}, {2, 7}, {6}, {5}, {1, 4}], [{8, 3}, {4, 7}, {1, 6}, {2, 5}], [{8, 3}, {4, 7}, {2, 6}, {1, 5}], [{8, 3}, {4, 7}, {5, 6}, {1, 2}], [{8, 3}, {5, 7}, {1, 6}, {2, 4}], [{8, 3}, {5, 7}, {2, 6}, {1, 4}], [{8, 3}, {5, 7}, {4, 6}, {1, 2}], [{8, 3}, {6, 7}, {1, 5}, {2, 4}], [{8, 3}, {6, 7}, {2, 5}, {1, 4}], [{8, 3}, {6, 7}, {4, 5}, {1, 2}], [{8, 3}, {6, 7}, {5}, {1, 4}, {2}], [{8, 3}, {7}, {1, 6}, {4, 5}, {2}], [{8, 3}, {7}, {2, 6}, {1, 5}, {4}], [{8, 3}, {7}, {2, 6}, {4, 5}, {1}], [{8, 3}, {7}, {2, 6}, {5}, {1, 4}], [{8, 3}, {7}, {6}, {4, 5}, {1, 2}], [{8, 4}, {1, 7}, {2, 6}, {3, 5}], [{8, 4}, {1, 7}, {3, 6}, {2, 5}], [{8, 4}, {1, 7}, {5, 6}, {2, 3}], [{8, 4}, {2, 7}, {1, 6}, {3, 5}], [{8, 4}, {2, 7}, {1, 6}, {5}, {3}], [{8, 4}, {2, 7}, {3, 6}, {1, 5}], [{8, 4}, {2, 7}, {5, 6}, {1, 3}], [{8, 4}, {2, 7}, {5, 6}, {3}, {1}], [{8, 4}, {2, 7}, {6}, {1, 5}, {3}], [{8, 4}, {3, 7}, {1, 6}, {2, 5}], [{8, 4}, {3, 7}, {1, 6}, {5}, {2}], [{8, 4}, {3, 7}, {2, 6}, {1, 5}], [{8, 4}, {3, 7}, {5, 6}, {1, 2}], [{8, 4}, {5, 7}, {1, 6}, {2, 3}], [{8, 4}, {5, 7}, {2, 6}, {1, 3}], [{8, 4}, {5, 7}, {3, 6}, {1, 2}], [{8, 4}, {5, 7}, {6}, {1, 3}, {2}], [{8, 4}, {6, 7}, {1, 5}, {2, 3}], [{8, 4}, {6, 7}, {1, 5}, {3}, {2}], [{8, 4}, {6, 7}, {2, 5}, {1, 3}], [{8, 4}, {6, 7}, {3, 5}, {1, 2}], [{8, 4}, {7}, {1, 6}, {5}, {2, 3}], [{8, 4}, {7}, {2, 6}, {1, 5}, {3}], [{8, 4}, {7}, {6}, {3, 5}, {1, 2}], [{8, 5}, {1, 7}, {2, 6}, {3, 4}], [{8, 5}, {1, 7}, {3, 6}, {2, 4}], [{8, 5}, {1, 7}, {4, 6}, {2, 3}], [{8, 5}, {1, 7}, {6}, {2, 4}, {3}], [{8, 5}, {2, 7}, {1, 6}, {3, 4}], [{8, 5}, {2, 7}, {3, 6}, {1, 4}], [{8, 5}, {2, 7}, {4, 6}, {1, 3}], [{8, 5}, {2, 7}, {6}, {3, 4}, {1}], [{8, 5}, {3, 7}, {1, 6}, {2, 4}], [{8, 5}, {3, 7}, {2, 6}, {1, 4}], [{8, 5}, {3, 7}, {4, 6}, {1, 2}], [{8, 5}, {3, 7}, {6}, {1, 4}, {2}], [{8, 5}, {4, 7}, {1, 6}, {2, 3}], [{8, 5}, {4, 7}, {2, 6}, {1, 3}], [{8, 5}, {4, 7}, {3, 6}, {1, 2}], [{8, 5}, {6, 7}, {1, 4}, {2, 3}], [{8, 5}, {6, 7}, {2, 4}, {1, 3}], [{8, 5}, {6, 7}, {3, 4}, {1, 2}], [{8, 5}, {7}, {2, 6}, {1, 4}, {3}], [{8, 5}, {7}, {3, 6}, {4}, {1, 2}], [{8, 6}, {1, 7}, {2, 5}, {3, 4}], [{8, 6}, {1, 7}, {3, 5}, {2, 4}], [{8, 6}, {1, 7}, {4, 5}, {2, 3}], [{8, 6}, {2, 7}, {1, 5}, {3, 4}], [{8, 6}, {2, 7}, {3, 5}, {1, 4}], [{8, 6}, {2, 7}, {4, 5}, {1, 3}], [{8, 6}, {2, 7}, {4, 5}, {3}, {1}], [{8, 6}, {3, 7}, {1, 5}, {2, 4}], [{8, 6}, {3, 7}, {2, 5}, {1, 4}], [{8, 6}, {3, 7}, {4, 5}, {1, 2}], [{8, 6}, {4, 7}, {1, 5}, {2, 3}], [{8, 6}, {4, 7}, {1, 5}, {3}, {2}], [{8, 6}, {4, 7}, {2, 5}, {1, 3}], [{8, 6}, {4, 7}, {3, 5}, {1, 2}], [{8, 6}, {5, 7}, {1, 4}, {2, 3}], [{8, 6}, {5, 7}, {2, 4}, {1, 3}], [{8, 6}, {5, 7}, {2, 4}, {3}, {1}], [{8, 6}, {5, 7}, {3, 4}, {1, 2}], [{8, 7}, {1, 6}, {2, 5}, {3, 4}], [{8, 7}, {1, 6}, {3, 5}, {2, 4}], [{8, 7}, {1, 6}, {4, 5}, {2, 3}], [{8, 7}, {2, 6}, {1, 5}, {3, 4}], [{8, 7}, {2, 6}, {1, 5}, {4}, {3}], [{8, 7}, {2, 6}, {3, 5}, {1, 4}], [{8, 7}, {2, 6}, {4, 5}, {1, 3}], [{8, 7}, {2, 6}, {4, 5}, {3}, {1}], [{8, 7}, {2, 6}, {5}, {1, 4}, {3}], [{8, 7}, {3, 6}, {1, 5}, {2, 4}], [{8, 7}, {3, 6}, {2, 5}, {1, 4}], [{8, 7}, {3, 6}, {4, 5}, {1, 2}], [{8, 7}, {3, 6}, {5}, {2, 4}, {1}], [{8, 7}, {4, 6}, {1, 5}, {2, 3}], [{8, 7}, {4, 6}, {2, 5}, {1, 3}], [{8, 7}, {4, 6}, {3, 5}, {1, 2}], [{8, 7}, {5, 6}, {1, 4}, {2, 3}], [{8, 7}, {5, 6}, {1, 4}, {3}, {2}], [{8, 7}, {5, 6}, {2, 4}, {1, 3}], [{8, 7}, {5, 6}, {2, 4}, {3}, {1}], [{8, 7}, {5, 6}, {3, 4}, {1, 2}], [{8, 7}, {5, 6}, {4}, {3}, {1, 2}], [{8, 7}, {6}, {2, 5}, {1, 4}, {3}], [{8, 7}, {6}, {3, 5}, {2, 4}, {1}], [{8}, {1, 7}, {2, 6}, {4, 5}, {3}], [{8}, {1, 7}, {4, 6}, {2, 5}, {3}], [{8}, {2, 7}, {1, 6}, {5}, {3, 4}], [{8}, {2, 7}, {4, 6}, {5}, {1, 3}], [{8}, {3, 7}, {2, 6}, {1, 5}, {4}], [{8}, {3, 7}, {2, 6}, {4, 5}, {1}], [{8}, {3, 7}, {2, 6}, {5}, {1, 4}], [{8}, {4, 7}, {2, 6}, {1, 5}, {3}], [{8}, {5, 7}, {1, 6}, {2, 4}, {3}], [{8}, {5, 7}, {2, 6}, {1, 4}, {3}], [{8}, {7}, {2, 6}, {1, 5}, {3, 4}], [{8}, {7}, {2, 6}, {1, 5}, {4}, {3}], [{8}, {7}, {2, 6}, {3, 5}, {1, 4}], [{8}, {7}, {2, 6}, {4, 5}, {1, 3}], [{8}, {7}, {2, 6}, {4, 5}, {3}, {1}], [{8}, {7}, {2, 6}, {5}, {1, 4}, {3}], [{8}, {7}, {3, 6}, {1, 5}, {2, 4}], [{8}, {7}, {4, 6}, {1, 5}, {2, 3}]]",2,4 K_1^3 - 2 K_1^2 - 2 K_1 K_2 - 2 K_1 + K_2 + 2,O1O2O3O4U1U5U6O7U4O6O5U8U3O8U2U7,O1O2O3U4U5U6U3O7O6U8O5O8U2U1O4U7,O1O2O3U4O5U3U2O6O7U6O8O4U1U8U7U5,c,{'O1O2O3O4U5U3O6U2U6O7O8U1O5U8U7U4'},1,"<a href=""/flatknot/8.850604"">8.850604</a>",t^9-30t^7-52t^6+47t^5+92t^4+3t^3-34t^2-24t,-t^3+t^2+t,,
8.850605,O1O2O3O4U5U3O6U2U6O7O8U7O5U1U4U8,4,17z^2+102z+137,17w^3z^2+102w^2z+137w,False,False,"[[ 0 -2 -1  0  2 -1  1 -1  2],[ 2  0  0  1  3  0  1  0  2],[ 1  0  0  0  2 -1  1  0  0],[ 0 -1  0  0  0  0  0  0  0],[-2 -3 -2  0  0 -2  0  0  1],[ 1  0  1  0  2  0  1 -1  1],[-1 -1 -1  0  0 -1  0  0  0],[ 1  0  0  0  0  1  0  0  1],[-2 -2  0  0 -1 -1  0 -1  0]]","[[ 0  2  2  1  0 -1 -1 -1 -2],[-2  0  1  0  0  0 -2 -2 -3],[-2 -1  0  0  0 -1  0 -1 -2],[-1  0  0  0  0  0 -1 -1 -1],[ 0  0  0  0  0  0  0  0 -1],[ 1  0  1  0  0  0  0  1  0],[ 1  2  0  1  0  0  0 -1  0],[ 1  2  1  1  0 -1  1  0  0],[ 2  3  2  1  1  0  0  0  0]]",True,"[-2,-2,-1,0,1,1,1,2,-1,0,0,0,2,2,3,0,0,1,0,1,2,0,0,1,1,1,0,0,0,1,0,-1,0,1,0,0]","[-2,-2,-1,0,1,1,1,2,-1,0,0,0,2,2,3,0,0,1,0,1,2,0,0,1,1,1,0,0,0,1,0,-1,0,1,0,0]",t^8+30t^6+111t^4+38t^2+1,"[-2,-1,-1,-1,0,1,2,2,1,1,1,1,2,1,2,-1,0,1,2,3,2,-1,1,1,1,2,1,1,1,3,1,2,2,1,1,-1]","[-2,-2,-1,0,1,1,1,2,-1,1,2,2,2,3,2,1,2,1,3,1,1,1,1,2,1,2,1,1,1,1,-1,1,1,0,1,1]","[-2,-1,-1,-1,0,1,2,2,0,0,0,1,1,2,3,-1,0,0,1,0,2,-1,0,1,1,2,0,0,1,0,0,0,0,0,0,-1]",c,"[[{8, 1}, {2, 7}, {3, 6}, {4, 5}], [{8, 1}, {2, 7}, {4, 6}, {3, 5}], [{8, 1}, {2, 7}, {5, 6}, {3, 4}], [{8, 1}, {2, 7}, {6}, {3, 5}, {4}], [{8, 1}, {3, 7}, {2, 6}, {4, 5}], [{8, 1}, {3, 7}, {4, 6}, {2, 5}], [{8, 1}, {3, 7}, {5, 6}, {2, 4}], [{8, 1}, {3, 7}, {6}, {2, 5}, {4}], [{8, 1}, {4, 7}, {2, 6}, {3, 5}], [{8, 1}, {4, 7}, {2, 6}, {5}, {3}], [{8, 1}, {4, 7}, {3, 6}, {2, 5}], [{8, 1}, {4, 7}, {3, 6}, {5}, {2}], [{8, 1}, {4, 7}, {5, 6}, {2, 3}], [{8, 1}, {4, 7}, {6}, {5}, {2, 3}], [{8, 1}, {5, 7}, {2, 6}, {3, 4}], [{8, 1}, {5, 7}, {2, 6}, {4}, {3}], [{8, 1}, {5, 7}, {3, 6}, {2, 4}], [{8, 1}, {5, 7}, {3, 6}, {4}, {2}], [{8, 1}, {5, 7}, {4, 6}, {2, 3}], [{8, 1}, {5, 7}, {4, 6}, {3}, {2}], [{8, 1}, {5, 7}, {6}, {2, 4}, {3}], [{8, 1}, {5, 7}, {6}, {3, 4}, {2}], [{8, 1}, {5, 7}, {6}, {4}, {2, 3}], [{8, 1}, {5, 7}, {6}, {4}, {3}, {2}], [{8, 1}, {6, 7}, {2, 5}, {3, 4}], [{8, 1}, {6, 7}, {3, 5}, {2, 4}], [{8, 1}, {6, 7}, {4, 5}, {2, 3}], [{8, 1}, {6, 7}, {5}, {4}, {2, 3}], [{8, 1}, {7}, {2, 6}, {4, 5}, {3}], [{8, 1}, {7}, {3, 6}, {4, 5}, {2}], [{8, 1}, {7}, {4, 6}, {5}, {2, 3}], [{8, 1}, {7}, {5, 6}, {4}, {2, 3}], [{8, 1}, {7}, {6}, {4, 5}, {2, 3}], [{8, 1}, {7}, {6}, {5}, {4}, {2, 3}], [{8, 2}, {1, 7}, {3, 6}, {4, 5}], [{8, 2}, {1, 7}, {3, 6}, {5}, {4}], [{8, 2}, {1, 7}, {4, 6}, {3, 5}], [{8, 2}, {1, 7}, {5, 6}, {3, 4}], [{8, 2}, {1, 7}, {5, 6}, {4}, {3}], [{8, 2}, {1, 7}, {6}, {3, 5}, {4}], [{8, 2}, {3, 7}, {1, 6}, {4, 5}], [{8, 2}, {3, 7}, {4, 6}, {1, 5}], [{8, 2}, {3, 7}, {5, 6}, {1, 4}], [{8, 2}, {3, 7}, {6}, {5}, {1, 4}], [{8, 2}, {4, 7}, {1, 6}, {3, 5}], [{8, 2}, {4, 7}, {3, 6}, {1, 5}], [{8, 2}, {4, 7}, {3, 6}, {5}, {1}], [{8, 2}, {4, 7}, {5, 6}, {1, 3}], [{8, 2}, {4, 7}, {5, 6}, {3}, {1}], [{8, 2}, {4, 7}, {6}, {3, 5}, {1}], [{8, 2}, {5, 7}, {1, 6}, {3, 4}], [{8, 2}, {5, 7}, {3, 6}, {1, 4}], [{8, 2}, {5, 7}, {4, 6}, {1, 3}], [{8, 2}, {5, 7}, {6}, {1, 4}, {3}], [{8, 2}, {5, 7}, {6}, {3, 4}, {1}], [{8, 2}, {5, 7}, {6}, {4}, {1, 3}], [{8, 2}, {6, 7}, {1, 5}, {3, 4}], [{8, 2}, {6, 7}, {1, 5}, {4}, {3}], [{8, 2}, {6, 7}, {3, 5}, {1, 4}], [{8, 2}, {6, 7}, {4, 5}, {1, 3}], [{8, 2}, {6, 7}, {4, 5}, {3}, {1}], [{8, 2}, {6, 7}, {5}, {1, 4}, {3}], [{8, 2}, {7}, {3, 6}, {5}, {1, 4}], [{8, 2}, {7}, {5, 6}, {1, 4}, {3}], [{8, 2}, {7}, {6}, {3, 5}, {1, 4}], [{8, 2}, {7}, {6}, {5}, {1, 4}, {3}], [{8, 3}, {1, 7}, {2, 6}, {4, 5}], [{8, 3}, {1, 7}, {4, 6}, {2, 5}], [{8, 3}, {1, 7}, {5, 6}, {2, 4}], [{8, 3}, {1, 7}, {6}, {2, 5}, {4}], [{8, 3}, {2, 7}, {1, 6}, {4, 5}], [{8, 3}, {2, 7}, {4, 6}, {1, 5}], [{8, 3}, {2, 7}, {5, 6}, {1, 4}], [{8, 3}, {4, 7}, {1, 6}, {2, 5}], [{8, 3}, {4, 7}, {2, 6}, {1, 5}], [{8, 3}, {4, 7}, {5, 6}, {1, 2}], [{8, 3}, {5, 7}, {1, 6}, {2, 4}], [{8, 3}, {5, 7}, {2, 6}, {1, 4}], [{8, 3}, {5, 7}, {4, 6}, {1, 2}], [{8, 3}, {5, 7}, {6}, {1, 4}, {2}], [{8, 3}, {5, 7}, {6}, {2, 4}, {1}], [{8, 3}, {5, 7}, {6}, {4}, {1, 2}], [{8, 3}, {6, 7}, {1, 5}, {2, 4}], [{8, 3}, {6, 7}, {2, 5}, {1, 4}], [{8, 3}, {6, 7}, {4, 5}, {1, 2}], [{8, 3}, {7}, {1, 6}, {4, 5}, {2}], [{8, 4}, {1, 7}, {2, 6}, {3, 5}], [{8, 4}, {1, 7}, {3, 6}, {2, 5}], [{8, 4}, {1, 7}, {5, 6}, {2, 3}], [{8, 4}, {1, 7}, {6}, {3, 5}, {2}], [{8, 4}, {2, 7}, {1, 6}, {3, 5}], [{8, 4}, {2, 7}, {3, 6}, {1, 5}], [{8, 4}, {2, 7}, {5, 6}, {1, 3}], [{8, 4}, {3, 7}, {1, 6}, {2, 5}], [{8, 4}, {3, 7}, {2, 6}, {1, 5}], [{8, 4}, {3, 7}, {5, 6}, {1, 2}], [{8, 4}, {5, 7}, {1, 6}, {2, 3}], [{8, 4}, {5, 7}, {2, 6}, {1, 3}], [{8, 4}, {5, 7}, {3, 6}, {1, 2}], [{8, 4}, {5, 7}, {6}, {1, 3}, {2}], [{8, 4}, {5, 7}, {6}, {2, 3}, {1}], [{8, 4}, {5, 7}, {6}, {3}, {1, 2}], [{8, 4}, {6, 7}, {1, 5}, {2, 3}], [{8, 4}, {6, 7}, {2, 5}, {1, 3}], [{8, 4}, {6, 7}, {3, 5}, {1, 2}], [{8, 5}, {1, 7}, {2, 6}, {3, 4}], [{8, 5}, {1, 7}, {3, 6}, {2, 4}], [{8, 5}, {1, 7}, {4, 6}, {2, 3}], [{8, 5}, {2, 7}, {1, 6}, {3, 4}], [{8, 5}, {2, 7}, {3, 6}, {1, 4}], [{8, 5}, {2, 7}, {3, 6}, {4}, {1}], [{8, 5}, {2, 7}, {4, 6}, {1, 3}], [{8, 5}, {3, 7}, {1, 6}, {2, 4}], [{8, 5}, {3, 7}, {2, 6}, {1, 4}], [{8, 5}, {3, 7}, {4, 6}, {1, 2}], [{8, 5}, {4, 7}, {1, 6}, {2, 3}], [{8, 5}, {4, 7}, {2, 6}, {1, 3}], [{8, 5}, {4, 7}, {3, 6}, {1, 2}], [{8, 5}, {6, 7}, {1, 4}, {2, 3}], [{8, 5}, {6, 7}, {1, 4}, {3}, {2}], [{8, 5}, {6, 7}, {2, 4}, {1, 3}], [{8, 5}, {6, 7}, {3, 4}, {1, 2}], [{8, 5}, {7}, {1, 6}, {2, 4}, {3}], [{8, 5}, {7}, {6}, {3, 4}, {1, 2}], [{8, 6}, {1, 7}, {2, 5}, {3, 4}], [{8, 6}, {1, 7}, {3, 5}, {2, 4}], [{8, 6}, {1, 7}, {4, 5}, {2, 3}], [{8, 6}, {2, 7}, {1, 5}, {3, 4}], [{8, 6}, {2, 7}, {1, 5}, {4}, {3}], [{8, 6}, {2, 7}, {3, 5}, {1, 4}], [{8, 6}, {2, 7}, {3, 5}, {4}, {1}], [{8, 6}, {2, 7}, {4, 5}, {1, 3}], [{8, 6}, {2, 7}, {5}, {4}, {1, 3}], [{8, 6}, {3, 7}, {1, 5}, {2, 4}], [{8, 6}, {3, 7}, {2, 5}, {1, 4}], [{8, 6}, {3, 7}, {4, 5}, {1, 2}], [{8, 6}, {4, 7}, {1, 5}, {2, 3}], [{8, 6}, {4, 7}, {2, 5}, {1, 3}], [{8, 6}, {4, 7}, {3, 5}, {1, 2}], [{8, 6}, {5, 7}, {1, 4}, {2, 3}], [{8, 6}, {5, 7}, {2, 4}, {1, 3}], [{8, 6}, {5, 7}, {3, 4}, {1, 2}], [{8, 6}, {7}, {4, 5}, {1, 3}, {2}], [{8, 6}, {7}, {5}, {3, 4}, {1, 2}], [{8, 7}, {1, 6}, {2, 5}, {3, 4}], [{8, 7}, {1, 6}, {3, 5}, {2, 4}], [{8, 7}, {1, 6}, {4, 5}, {2, 3}], [{8, 7}, {1, 6}, {4, 5}, {3}, {2}], [{8, 7}, {2, 6}, {1, 5}, {3, 4}], [{8, 7}, {2, 6}, {3, 5}, {1, 4}], [{8, 7}, {2, 6}, {4, 5}, {1, 3}], [{8, 7}, {2, 6}, {4, 5}, {3}, {1}], [{8, 7}, {3, 6}, {1, 5}, {2, 4}], [{8, 7}, {3, 6}, {1, 5}, {4}, {2}], [{8, 7}, {3, 6}, {2, 5}, {1, 4}], [{8, 7}, {3, 6}, {4, 5}, {1, 2}], [{8, 7}, {4, 6}, {1, 5}, {2, 3}], [{8, 7}, {4, 6}, {2, 5}, {1, 3}], [{8, 7}, {4, 6}, {3, 5}, {1, 2}], [{8, 7}, {5, 6}, {1, 4}, {2, 3}], [{8, 7}, {5, 6}, {1, 4}, {3}, {2}], [{8, 7}, {5, 6}, {2, 4}, {1, 3}], [{8, 7}, {5, 6}, {3, 4}, {1, 2}], [{8, 7}, {6}, {1, 5}, {2, 4}, {3}], [{8, 7}, {6}, {2, 5}, {4}, {1, 3}], [{8, 7}, {6}, {3, 5}, {4}, {1, 2}], [{8, 7}, {6}, {4, 5}, {3}, {1, 2}], [{8, 7}, {6}, {5}, {3, 4}, {1, 2}], [{8}, {1, 7}, {2, 6}, {4, 5}, {3}], [{8}, {1, 7}, {6}, {3, 5}, {2, 4}], [{8}, {2, 7}, {1, 6}, {3, 5}, {4}], [{8}, {2, 7}, {5, 6}, {1, 4}, {3}], [{8}, {2, 7}, {6}, {4, 5}, {1, 3}], [{8}, {3, 7}, {1, 6}, {4, 5}, {2}], [{8}, {3, 7}, {4, 6}, {5}, {1, 2}], [{8}, {4, 7}, {3, 6}, {5}, {1, 2}], [{8}, {5, 7}, {6}, {1, 4}, {2, 3}], [{8}, {5, 7}, {6}, {2, 4}, {1, 3}], [{8}, {5, 7}, {6}, {3, 4}, {1, 2}], [{8}, {6, 7}, {2, 5}, {1, 4}, {3}], [{8}, {6, 7}, {5}, {3, 4}, {1, 2}], [{8}, {7}, {5, 6}, {3, 4}, {1, 2}], [{8}, {7}, {6}, {5}, {3, 4}, {1, 2}]]",2,28 K_1^3 + 4 K_1^2 K_2 - 32 K_1^2 - 40 K_1 K_2 - 6 K_1 K_3 - K_1 - 2 K_2^2 + 17 K_2 + 13 K_3 + 3 K_4 + 17,O1O2O3O4U5U1U4O6U7O5O7U8U3O8U2U6,O1O2O3U1U4U5U2O6O5U7O4O7U8U3O8U6,O1O2O3U4O5U1U5O6O7U6O8O4U2U8U7U3,c,{'O1O2O3O4U5U3O6U2U6O7O8U7O5U1U4U8'},1,"<a href=""/flatknot/8.850605"">8.850605</a>",t^9-28t^7-24t^6+80t^5+44t^4-49t^3+6t^2-35t+2,-t^2+2t,,
8.850606,O1O2O3O4U5U3O6U2U6O7O8U7O5U1U8U4,3,15z^2+82z+105,-4w^4z^2+19w^3z^2-12w^3z+94w^2z+105w,False,False,"[[ 0 -2 -1  0  3 -1  1 -1  1],[ 2  0  0  1  4  0  1  0  1],[ 1  0  0  0  2 -1  1  0 -1],[ 0 -1  0  0  0  0  0  0 -1],[-3 -4 -2  0  0 -2  0 -1  0],[ 1  0  1  0  2  0  1 -1  0],[-1 -1 -1  0  0 -1  0  0  0],[ 1  0  0  0  1  1  0  0  1],[-1 -1  1  1  0  0  0 -1  0]]","[[ 0  3  1  1  0 -1 -1 -1 -2],[-3  0  0  0  0 -1 -2 -2 -4],[-1  0  0  0  1 -1  1  0 -1],[-1  0  0  0  0  0 -1 -1 -1],[ 0  0 -1  0  0  0  0  0 -1],[ 1  1  1  0  0  0  0  1  0],[ 1  2 -1  1  0  0  0 -1  0],[ 1  2  0  1  0 -1  1  0  0],[ 2  4  1  1  1  0  0  0  0]]",True,"[-3,-1,-1,0,1,1,1,2,0,0,0,1,2,2,4,0,-1,1,-1,0,1,0,0,1,1,1,0,0,0,1,0,-1,0,1,0,0]","[-3,-1,-1,0,1,1,1,2,0,0,0,1,2,2,4,0,-1,1,-1,0,1,0,0,1,1,1,0,0,0,1,0,-1,0,1,0,0]",t^8+35t^6+177t^4+140t^2,"[-2,-1,-1,-1,0,1,1,3,1,1,1,1,2,2,1,-1,0,1,1,2,3,-1,1,2,1,2,1,3,1,2,2,1,3,0,2,2]","[-3,-1,-1,0,1,1,1,2,2,2,3,2,2,3,1,0,1,1,1,2,2,2,2,3,1,2,1,1,1,1,1,-1,1,0,1,1]","[-2,-1,-1,-1,0,1,1,3,0,0,0,1,1,1,4,-1,0,0,-1,1,2,-1,0,0,1,2,0,1,0,1,-1,0,0,0,0,0]",c,"[[{8, 1}, {2, 7}, {3, 6}, {4, 5}], [{8, 1}, {2, 7}, {3, 6}, {5}, {4}], [{8, 1}, {2, 7}, {4, 6}, {3, 5}], [{8, 1}, {2, 7}, {5, 6}, {3, 4}], [{8, 1}, {3, 7}, {2, 6}, {4, 5}], [{8, 1}, {3, 7}, {4, 6}, {2, 5}], [{8, 1}, {3, 7}, {5, 6}, {2, 4}], [{8, 1}, {3, 7}, {6}, {5}, {2, 4}], [{8, 1}, {4, 7}, {2, 6}, {3, 5}], [{8, 1}, {4, 7}, {3, 6}, {2, 5}], [{8, 1}, {4, 7}, {3, 6}, {5}, {2}], [{8, 1}, {4, 7}, {5, 6}, {2, 3}], [{8, 1}, {5, 7}, {2, 6}, {3, 4}], [{8, 1}, {5, 7}, {3, 6}, {2, 4}], [{8, 1}, {5, 7}, {4, 6}, {2, 3}], [{8, 1}, {5, 7}, {6}, {2, 4}, {3}], [{8, 1}, {5, 7}, {6}, {3, 4}, {2}], [{8, 1}, {5, 7}, {6}, {4}, {2, 3}], [{8, 1}, {6, 7}, {2, 5}, {3, 4}], [{8, 1}, {6, 7}, {3, 5}, {2, 4}], [{8, 1}, {6, 7}, {4, 5}, {2, 3}], [{8, 1}, {6, 7}, {5}, {2, 4}, {3}], [{8, 1}, {7}, {2, 6}, {4, 5}, {3}], [{8, 1}, {7}, {3, 6}, {5}, {2, 4}], [{8, 1}, {7}, {4, 6}, {2, 5}, {3}], [{8, 1}, {7}, {5, 6}, {2, 4}, {3}], [{8, 1}, {7}, {6}, {3, 5}, {2, 4}], [{8, 1}, {7}, {6}, {5}, {2, 4}, {3}], [{8, 2}, {1, 7}, {3, 6}, {4, 5}], [{8, 2}, {1, 7}, {4, 6}, {3, 5}], [{8, 2}, {1, 7}, {5, 6}, {3, 4}], [{8, 2}, {1, 7}, {5, 6}, {4}, {3}], [{8, 2}, {3, 7}, {1, 6}, {4, 5}], [{8, 2}, {3, 7}, {1, 6}, {5}, {4}], [{8, 2}, {3, 7}, {4, 6}, {1, 5}], [{8, 2}, {3, 7}, {4, 6}, {5}, {1}], [{8, 2}, {3, 7}, {5, 6}, {1, 4}], [{8, 2}, {3, 7}, {6}, {5}, {1, 4}], [{8, 2}, {4, 7}, {1, 6}, {3, 5}], [{8, 2}, {4, 7}, {3, 6}, {1, 5}], [{8, 2}, {4, 7}, {5, 6}, {1, 3}], [{8, 2}, {4, 7}, {5, 6}, {3}, {1}], [{8, 2}, {5, 7}, {1, 6}, {3, 4}], [{8, 2}, {5, 7}, {3, 6}, {1, 4}], [{8, 2}, {5, 7}, {4, 6}, {1, 3}], [{8, 2}, {5, 7}, {6}, {1, 4}, {3}], [{8, 2}, {5, 7}, {6}, {3, 4}, {1}], [{8, 2}, {5, 7}, {6}, {4}, {1, 3}], [{8, 2}, {6, 7}, {1, 5}, {3, 4}], [{8, 2}, {6, 7}, {1, 5}, {4}, {3}], [{8, 2}, {6, 7}, {3, 5}, {1, 4}], [{8, 2}, {6, 7}, {4, 5}, {1, 3}], [{8, 2}, {6, 7}, {4, 5}, {3}, {1}], [{8, 2}, {6, 7}, {5}, {1, 4}, {3}], [{8, 2}, {7}, {3, 6}, {5}, {1, 4}], [{8, 2}, {7}, {5, 6}, {1, 4}, {3}], [{8, 2}, {7}, {6}, {3, 5}, {1, 4}], [{8, 2}, {7}, {6}, {5}, {1, 4}, {3}], [{8, 3}, {1, 7}, {2, 6}, {4, 5}], [{8, 3}, {1, 7}, {2, 6}, {5}, {4}], [{8, 3}, {1, 7}, {4, 6}, {2, 5}], [{8, 3}, {1, 7}, {5, 6}, {2, 4}], [{8, 3}, {1, 7}, {6}, {4, 5}, {2}], [{8, 3}, {2, 7}, {1, 6}, {4, 5}], [{8, 3}, {2, 7}, {4, 6}, {1, 5}], [{8, 3}, {2, 7}, {5, 6}, {1, 4}], [{8, 3}, {2, 7}, {6}, {1, 5}, {4}], [{8, 3}, {4, 7}, {1, 6}, {2, 5}], [{8, 3}, {4, 7}, {2, 6}, {1, 5}], [{8, 3}, {4, 7}, {5, 6}, {1, 2}], [{8, 3}, {5, 7}, {1, 6}, {2, 4}], [{8, 3}, {5, 7}, {2, 6}, {1, 4}], [{8, 3}, {5, 7}, {4, 6}, {1, 2}], [{8, 3}, {5, 7}, {6}, {1, 4}, {2}], [{8, 3}, {5, 7}, {6}, {2, 4}, {1}], [{8, 3}, {5, 7}, {6}, {4}, {1, 2}], [{8, 3}, {6, 7}, {1, 5}, {2, 4}], [{8, 3}, {6, 7}, {2, 5}, {1, 4}], [{8, 3}, {6, 7}, {4, 5}, {1, 2}], [{8, 3}, {7}, {2, 6}, {4, 5}, {1}], [{8, 4}, {1, 7}, {2, 6}, {3, 5}], [{8, 4}, {1, 7}, {3, 6}, {2, 5}], [{8, 4}, {1, 7}, {5, 6}, {2, 3}], [{8, 4}, {2, 7}, {1, 6}, {3, 5}], [{8, 4}, {2, 7}, {1, 6}, {5}, {3}], [{8, 4}, {2, 7}, {3, 6}, {1, 5}], [{8, 4}, {2, 7}, {5, 6}, {1, 3}], [{8, 4}, {2, 7}, {5, 6}, {3}, {1}], [{8, 4}, {2, 7}, {6}, {1, 5}, {3}], [{8, 4}, {3, 7}, {1, 6}, {2, 5}], [{8, 4}, {3, 7}, {2, 6}, {1, 5}], [{8, 4}, {3, 7}, {5, 6}, {1, 2}], [{8, 4}, {5, 7}, {1, 6}, {2, 3}], [{8, 4}, {5, 7}, {2, 6}, {1, 3}], [{8, 4}, {5, 7}, {3, 6}, {1, 2}], [{8, 4}, {5, 7}, {6}, {1, 3}, {2}], [{8, 4}, {5, 7}, {6}, {2, 3}, {1}], [{8, 4}, {5, 7}, {6}, {3}, {1, 2}], [{8, 4}, {6, 7}, {1, 5}, {2, 3}], [{8, 4}, {6, 7}, {2, 5}, {1, 3}], [{8, 4}, {6, 7}, {2, 5}, {3}, {1}], [{8, 4}, {6, 7}, {3, 5}, {1, 2}], [{8, 5}, {1, 7}, {2, 6}, {3, 4}], [{8, 5}, {1, 7}, {3, 6}, {2, 4}], [{8, 5}, {1, 7}, {4, 6}, {2, 3}], [{8, 5}, {2, 7}, {1, 6}, {3, 4}], [{8, 5}, {2, 7}, {3, 6}, {1, 4}], [{8, 5}, {2, 7}, {3, 6}, {4}, {1}], [{8, 5}, {2, 7}, {4, 6}, {1, 3}], [{8, 5}, {3, 7}, {1, 6}, {2, 4}], [{8, 5}, {3, 7}, {2, 6}, {1, 4}], [{8, 5}, {3, 7}, {4, 6}, {1, 2}], [{8, 5}, {4, 7}, {1, 6}, {2, 3}], [{8, 5}, {4, 7}, {2, 6}, {1, 3}], [{8, 5}, {4, 7}, {3, 6}, {1, 2}], [{8, 5}, {4, 7}, {3, 6}, {2}, {1}], [{8, 5}, {6, 7}, {1, 4}, {2, 3}], [{8, 5}, {6, 7}, {2, 4}, {1, 3}], [{8, 5}, {6, 7}, {3, 4}, {1, 2}], [{8, 5}, {6, 7}, {4}, {1, 3}, {2}], [{8, 5}, {7}, {3, 6}, {2, 4}, {1}], [{8, 6}, {1, 7}, {2, 5}, {3, 4}], [{8, 6}, {1, 7}, {3, 5}, {2, 4}], [{8, 6}, {1, 7}, {4, 5}, {2, 3}], [{8, 6}, {2, 7}, {1, 5}, {3, 4}], [{8, 6}, {2, 7}, {1, 5}, {4}, {3}], [{8, 6}, {2, 7}, {3, 5}, {1, 4}], [{8, 6}, {2, 7}, {4, 5}, {1, 3}], [{8, 6}, {2, 7}, {4, 5}, {3}, {1}], [{8, 6}, {2, 7}, {5}, {1, 4}, {3}], [{8, 6}, {3, 7}, {1, 5}, {2, 4}], [{8, 6}, {3, 7}, {2, 5}, {1, 4}], [{8, 6}, {3, 7}, {4, 5}, {1, 2}], [{8, 6}, {4, 7}, {1, 5}, {2, 3}], [{8, 6}, {4, 7}, {2, 5}, {1, 3}], [{8, 6}, {4, 7}, {2, 5}, {3}, {1}], [{8, 6}, {4, 7}, {3, 5}, {1, 2}], [{8, 6}, {5, 7}, {1, 4}, {2, 3}], [{8, 6}, {5, 7}, {2, 4}, {1, 3}], [{8, 6}, {5, 7}, {3, 4}, {1, 2}], [{8, 6}, {5, 7}, {4}, {3}, {1, 2}], [{8, 7}, {1, 6}, {2, 5}, {3, 4}], [{8, 7}, {1, 6}, {3, 5}, {2, 4}], [{8, 7}, {1, 6}, {4, 5}, {2, 3}], [{8, 7}, {2, 6}, {1, 5}, {3, 4}], [{8, 7}, {2, 6}, {1, 5}, {4}, {3}], [{8, 7}, {2, 6}, {3, 5}, {1, 4}], [{8, 7}, {2, 6}, {4, 5}, {1, 3}], [{8, 7}, {2, 6}, {4, 5}, {3}, {1}], [{8, 7}, {2, 6}, {5}, {1, 4}, {3}], [{8, 7}, {3, 6}, {1, 5}, {2, 4}], [{8, 7}, {3, 6}, {2, 5}, {1, 4}], [{8, 7}, {3, 6}, {4, 5}, {1, 2}], [{8, 7}, {4, 6}, {1, 5}, {2, 3}], [{8, 7}, {4, 6}, {2, 5}, {1, 3}], [{8, 7}, {4, 6}, {3, 5}, {1, 2}], [{8, 7}, {5, 6}, {1, 4}, {2, 3}], [{8, 7}, {5, 6}, {2, 4}, {1, 3}], [{8, 7}, {5, 6}, {3, 4}, {1, 2}], [{8, 7}, {5, 6}, {4}, {1, 3}, {2}], [{8, 7}, {6}, {3, 5}, {2, 4}, {1}], [{8}, {1, 7}, {2, 6}, {4, 5}, {3}], [{8}, {1, 7}, {4, 6}, {5}, {2, 3}], [{8}, {1, 7}, {6}, {3, 5}, {2, 4}], [{8}, {2, 7}, {3, 6}, {1, 5}, {4}], [{8}, {2, 7}, {4, 6}, {1, 5}, {3}], [{8}, {2, 7}, {4, 6}, {3, 5}, {1}], [{8}, {2, 7}, {4, 6}, {5}, {1, 3}], [{8}, {2, 7}, {6}, {1, 5}, {3, 4}], [{8}, {2, 7}, {6}, {1, 5}, {4}, {3}], [{8}, {3, 7}, {2, 6}, {4, 5}, {1}], [{8}, {4, 7}, {3, 6}, {1, 5}, {2}], [{8}, {5, 7}, {3, 6}, {4}, {1, 2}], [{8}, {5, 7}, {4, 6}, {3}, {1, 2}], [{8}, {5, 7}, {6}, {1, 4}, {2, 3}], [{8}, {5, 7}, {6}, {2, 4}, {1, 3}], [{8}, {5, 7}, {6}, {3, 4}, {1, 2}], [{8}, {5, 7}, {6}, {4}, {3}, {1, 2}], [{8}, {7}, {2, 6}, {4, 5}, {1, 3}], [{8}, {7}, {2, 6}, {4, 5}, {3}, {1}], [{8}, {7}, {3, 6}, {1, 5}, {2, 4}]]",2,4 K_1^3 + 4 K_1^2 K_2 - 20 K_1^2 - 14 K_1 K_2 - 2 K_1 K_3 + 4 K_1 - 2 K_2^2 + 9 K_2 + 6 K_3 + K_4 + 11,O1O2O3O4U1U5U4O6U7O5O7U8U3O8U2U6,O1O2O3U1U4U5U3O6O5U7O4O7U8U2O8U6,O1O2O3U4O5U2U5O6O7U6O8O4U1U8U7U3,c,{'O1O2O3O4U5U3O6U2U6O7O8U7O5U1U8U4'},1,"<a href=""/flatknot/8.850606"">8.850606</a>",t^9-31t^7-20t^6+100t^5+38t^4-59t^3-40t^2+12t+8,-t^3+t^2+t,,
8.850607,O1O2O3O4U5U3O6U2U6O7O8U7O5U8U1U4,3,7z^2+76z+125,7w^3z^2+76w^2z+125w,False,False,"[[ 0 -1 -1  0  3 -1  1 -1  0],[ 1  0  0  1  3  0  1 -1  0],[ 1  0  0  0  2 -1  1  0 -1],[ 0 -1  0  0  0  0  0  0 -1],[-3 -3 -2  0  0 -2  0 -1  0],[ 1  0  1  0  2  0  1 -1 -1],[-1 -1 -1  0  0 -1  0  0  0],[ 1  1  0  0  1  1  0  0  1],[ 0  0  1  1  0  1  0 -1  0]]","[[ 0  3  1  0  0 -1 -1 -1 -1],[-3  0  0  0  0 -1 -2 -2 -3],[-1  0  0  0  0  0 -1 -1 -1],[ 0  0  0  0  1 -1  1  1  0],[ 0  0  0 -1  0  0  0  0 -1],[ 1  1  0  1  0  0  1  0  1],[ 1  2  1 -1  0 -1  0  1  0],[ 1  2  1 -1  0  0 -1  0  0],[ 1  3  1  0  1 -1  0  0  0]]",True,"[-3,-1,0,0,1,1,1,1,0,0,0,1,2,2,3,0,0,0,1,1,1,-1,1,-1,-1,0,0,0,0,1,-1,0,-1,-1,0,0]","[-3,-1,0,0,1,1,1,1,0,0,0,1,2,2,3,0,0,0,1,1,1,-1,1,-1,-1,0,0,0,0,1,-1,0,-1,-1,0,0]",t^8+29t^6+122t^4+56t^2,"[-1,-1,-1,-1,0,0,1,3,-1,-1,0,0,1,2,3,0,-1,2,1,1,2,0,1,0,1,1,2,1,1,2,-1,1,3,1,3,2]","[-3,-1,0,0,1,1,1,1,2,3,3,1,2,2,3,1,1,1,1,1,2,-1,0,1,1,1,1,2,2,0,0,0,-1,-1,0,-1]","[-1,-1,-1,-1,0,0,1,3,-1,0,0,-1,0,1,2,-1,0,-1,0,1,2,1,1,0,0,1,0,1,1,3,1,0,0,0,0,0]",c,"[[{8, 1}, {2, 7}, {3, 6}, {4, 5}], [{8, 1}, {2, 7}, {4, 6}, {3, 5}], [{8, 1}, {2, 7}, {5, 6}, {3, 4}], [{8, 1}, {2, 7}, {6}, {3, 5}, {4}], [{8, 1}, {3, 7}, {2, 6}, {4, 5}], [{8, 1}, {3, 7}, {4, 6}, {2, 5}], [{8, 1}, {3, 7}, {5, 6}, {2, 4}], [{8, 1}, {3, 7}, {6}, {5}, {2, 4}], [{8, 1}, {4, 7}, {2, 6}, {3, 5}], [{8, 1}, {4, 7}, {3, 6}, {2, 5}], [{8, 1}, {4, 7}, {5, 6}, {2, 3}], [{8, 1}, {4, 7}, {6}, {3, 5}, {2}], [{8, 1}, {5, 7}, {2, 6}, {3, 4}], [{8, 1}, {5, 7}, {3, 6}, {2, 4}], [{8, 1}, {5, 7}, {4, 6}, {2, 3}], [{8, 1}, {5, 7}, {6}, {2, 4}, {3}], [{8, 1}, {5, 7}, {6}, {3, 4}, {2}], [{8, 1}, {5, 7}, {6}, {4}, {2, 3}], [{8, 1}, {6, 7}, {2, 5}, {3, 4}], [{8, 1}, {6, 7}, {3, 5}, {2, 4}], [{8, 1}, {6, 7}, {4, 5}, {2, 3}], [{8, 1}, {6, 7}, {5}, {2, 4}, {3}], [{8, 1}, {7}, {2, 6}, {4, 5}, {3}], [{8, 1}, {7}, {3, 6}, {5}, {2, 4}], [{8, 1}, {7}, {4, 6}, {2, 5}, {3}], [{8, 1}, {7}, {5, 6}, {2, 4}, {3}], [{8, 1}, {7}, {6}, {3, 5}, {2, 4}], [{8, 1}, {7}, {6}, {5}, {2, 4}, {3}], [{8, 2}, {1, 7}, {3, 6}, {4, 5}], [{8, 2}, {1, 7}, {4, 6}, {3, 5}], [{8, 2}, {1, 7}, {5, 6}, {3, 4}], [{8, 2}, {1, 7}, {6}, {5}, {3, 4}], [{8, 2}, {3, 7}, {1, 6}, {4, 5}], [{8, 2}, {3, 7}, {1, 6}, {5}, {4}], [{8, 2}, {3, 7}, {4, 6}, {1, 5}], [{8, 2}, {3, 7}, {5, 6}, {1, 4}], [{8, 2}, {3, 7}, {5, 6}, {4}, {1}], [{8, 2}, {3, 7}, {6}, {1, 5}, {4}], [{8, 2}, {4, 7}, {1, 6}, {3, 5}], [{8, 2}, {4, 7}, {1, 6}, {5}, {3}], [{8, 2}, {4, 7}, {3, 6}, {1, 5}], [{8, 2}, {4, 7}, {5, 6}, {1, 3}], [{8, 2}, {4, 7}, {5, 6}, {3}, {1}], [{8, 2}, {4, 7}, {6}, {1, 5}, {3}], [{8, 2}, {5, 7}, {1, 6}, {3, 4}], [{8, 2}, {5, 7}, {3, 6}, {1, 4}], [{8, 2}, {5, 7}, {4, 6}, {1, 3}], [{8, 2}, {5, 7}, {6}, {1, 4}, {3}], [{8, 2}, {5, 7}, {6}, {3, 4}, {1}], [{8, 2}, {5, 7}, {6}, {4}, {1, 3}], [{8, 2}, {6, 7}, {1, 5}, {3, 4}], [{8, 2}, {6, 7}, {3, 5}, {1, 4}], [{8, 2}, {6, 7}, {3, 5}, {4}, {1}], [{8, 2}, {6, 7}, {4, 5}, {1, 3}], [{8, 2}, {6, 7}, {4, 5}, {3}, {1}], [{8, 2}, {6, 7}, {5}, {3, 4}, {1}], [{8, 2}, {7}, {1, 6}, {5}, {3, 4}], [{8, 2}, {7}, {5, 6}, {3, 4}, {1}], [{8, 2}, {7}, {6}, {1, 5}, {3, 4}], [{8, 2}, {7}, {6}, {5}, {3, 4}, {1}], [{8, 3}, {1, 7}, {2, 6}, {4, 5}], [{8, 3}, {1, 7}, {4, 6}, {2, 5}], [{8, 3}, {1, 7}, {5, 6}, {2, 4}], [{8, 3}, {1, 7}, {6}, {5}, {2, 4}], [{8, 3}, {2, 7}, {1, 6}, {4, 5}], [{8, 3}, {2, 7}, {4, 6}, {1, 5}], [{8, 3}, {2, 7}, {5, 6}, {1, 4}], [{8, 3}, {2, 7}, {6}, {1, 5}, {4}], [{8, 3}, {4, 7}, {1, 6}, {2, 5}], [{8, 3}, {4, 7}, {2, 6}, {1, 5}], [{8, 3}, {4, 7}, {5, 6}, {1, 2}], [{8, 3}, {4, 7}, {6}, {1, 5}, {2}], [{8, 3}, {5, 7}, {1, 6}, {2, 4}], [{8, 3}, {5, 7}, {2, 6}, {1, 4}], [{8, 3}, {5, 7}, {4, 6}, {1, 2}], [{8, 3}, {5, 7}, {6}, {1, 4}, {2}], [{8, 3}, {5, 7}, {6}, {2, 4}, {1}], [{8, 3}, {5, 7}, {6}, {4}, {1, 2}], [{8, 3}, {6, 7}, {1, 5}, {2, 4}], [{8, 3}, {6, 7}, {2, 5}, {1, 4}], [{8, 3}, {6, 7}, {4, 5}, {1, 2}], [{8, 3}, {6, 7}, {5}, {2, 4}, {1}], [{8, 3}, {7}, {1, 6}, {5}, {2, 4}], [{8, 3}, {7}, {2, 6}, {4, 5}, {1}], [{8, 3}, {7}, {4, 6}, {2, 5}, {1}], [{8, 3}, {7}, {5, 6}, {2, 4}, {1}], [{8, 3}, {7}, {6}, {1, 5}, {2, 4}], [{8, 3}, {7}, {6}, {5}, {2, 4}, {1}], [{8, 4}, {1, 7}, {2, 6}, {3, 5}], [{8, 4}, {1, 7}, {3, 6}, {2, 5}], [{8, 4}, {1, 7}, {5, 6}, {2, 3}], [{8, 4}, {2, 7}, {1, 6}, {3, 5}], [{8, 4}, {2, 7}, {3, 6}, {1, 5}], [{8, 4}, {2, 7}, {3, 6}, {5}, {1}], [{8, 4}, {2, 7}, {5, 6}, {1, 3}], [{8, 4}, {2, 7}, {5, 6}, {3}, {1}], [{8, 4}, {2, 7}, {6}, {3, 5}, {1}], [{8, 4}, {3, 7}, {1, 6}, {2, 5}], [{8, 4}, {3, 7}, {2, 6}, {1, 5}], [{8, 4}, {3, 7}, {5, 6}, {1, 2}], [{8, 4}, {5, 7}, {1, 6}, {2, 3}], [{8, 4}, {5, 7}, {2, 6}, {1, 3}], [{8, 4}, {5, 7}, {3, 6}, {1, 2}], [{8, 4}, {5, 7}, {6}, {1, 3}, {2}], [{8, 4}, {5, 7}, {6}, {2, 3}, {1}], [{8, 4}, {5, 7}, {6}, {3}, {1, 2}], [{8, 4}, {6, 7}, {1, 5}, {2, 3}], [{8, 4}, {6, 7}, {2, 5}, {1, 3}], [{8, 4}, {6, 7}, {2, 5}, {3}, {1}], [{8, 4}, {6, 7}, {3, 5}, {1, 2}], [{8, 5}, {1, 7}, {2, 6}, {3, 4}], [{8, 5}, {1, 7}, {3, 6}, {2, 4}], [{8, 5}, {1, 7}, {4, 6}, {2, 3}], [{8, 5}, {2, 7}, {1, 6}, {3, 4}], [{8, 5}, {2, 7}, {3, 6}, {1, 4}], [{8, 5}, {2, 7}, {4, 6}, {1, 3}], [{8, 5}, {2, 7}, {6}, {4}, {1, 3}], [{8, 5}, {3, 7}, {1, 6}, {2, 4}], [{8, 5}, {3, 7}, {2, 6}, {1, 4}], [{8, 5}, {3, 7}, {4, 6}, {1, 2}], [{8, 5}, {3, 7}, {6}, {4}, {1, 2}], [{8, 5}, {4, 7}, {1, 6}, {2, 3}], [{8, 5}, {4, 7}, {2, 6}, {1, 3}], [{8, 5}, {4, 7}, {3, 6}, {1, 2}], [{8, 5}, {4, 7}, {6}, {1, 3}, {2}], [{8, 5}, {6, 7}, {1, 4}, {2, 3}], [{8, 5}, {6, 7}, {2, 4}, {1, 3}], [{8, 5}, {6, 7}, {3, 4}, {1, 2}], [{8, 5}, {7}, {6}, {1, 4}, {2, 3}], [{8, 5}, {7}, {6}, {2, 4}, {1, 3}], [{8, 6}, {1, 7}, {2, 5}, {3, 4}], [{8, 6}, {1, 7}, {3, 5}, {2, 4}], [{8, 6}, {1, 7}, {4, 5}, {2, 3}], [{8, 6}, {2, 7}, {1, 5}, {3, 4}], [{8, 6}, {2, 7}, {3, 5}, {1, 4}], [{8, 6}, {2, 7}, {3, 5}, {4}, {1}], [{8, 6}, {2, 7}, {4, 5}, {1, 3}], [{8, 6}, {2, 7}, {4, 5}, {3}, {1}], [{8, 6}, {2, 7}, {5}, {3, 4}, {1}], [{8, 6}, {3, 7}, {1, 5}, {2, 4}], [{8, 6}, {3, 7}, {2, 5}, {1, 4}], [{8, 6}, {3, 7}, {4, 5}, {1, 2}], [{8, 6}, {4, 7}, {1, 5}, {2, 3}], [{8, 6}, {4, 7}, {1, 5}, {3}, {2}], [{8, 6}, {4, 7}, {2, 5}, {1, 3}], [{8, 6}, {4, 7}, {2, 5}, {3}, {1}], [{8, 6}, {4, 7}, {3, 5}, {1, 2}], [{8, 6}, {4, 7}, {5}, {3}, {1, 2}], [{8, 6}, {5, 7}, {1, 4}, {2, 3}], [{8, 6}, {5, 7}, {1, 4}, {3}, {2}], [{8, 6}, {5, 7}, {2, 4}, {1, 3}], [{8, 6}, {5, 7}, {3, 4}, {1, 2}], [{8, 6}, {5, 7}, {4}, {2, 3}, {1}], [{8, 6}, {7}, {5}, {1, 4}, {2, 3}], [{8, 6}, {7}, {5}, {2, 4}, {1, 3}], [{8, 7}, {1, 6}, {2, 5}, {3, 4}], [{8, 7}, {1, 6}, {3, 5}, {2, 4}], [{8, 7}, {1, 6}, {4, 5}, {2, 3}], [{8, 7}, {2, 6}, {1, 5}, {3, 4}], [{8, 7}, {2, 6}, {3, 5}, {1, 4}], [{8, 7}, {2, 6}, {3, 5}, {4}, {1}], [{8, 7}, {2, 6}, {4, 5}, {1, 3}], [{8, 7}, {2, 6}, {4, 5}, {3}, {1}], [{8, 7}, {2, 6}, {5}, {3, 4}, {1}], [{8, 7}, {3, 6}, {1, 5}, {2, 4}], [{8, 7}, {3, 6}, {2, 5}, {1, 4}], [{8, 7}, {3, 6}, {4, 5}, {1, 2}], [{8, 7}, {4, 6}, {1, 5}, {2, 3}], [{8, 7}, {4, 6}, {2, 5}, {1, 3}], [{8, 7}, {4, 6}, {3, 5}, {1, 2}], [{8, 7}, {5, 6}, {1, 4}, {2, 3}], [{8, 7}, {5, 6}, {2, 4}, {1, 3}], [{8, 7}, {5, 6}, {3, 4}, {1, 2}], [{8, 7}, {6}, {5}, {1, 4}, {2, 3}], [{8, 7}, {6}, {5}, {2, 4}, {1, 3}], [{8}, {1, 7}, {2, 6}, {4, 5}, {3}], [{8}, {1, 7}, {3, 6}, {4, 5}, {2}], [{8}, {1, 7}, {6}, {4, 5}, {2, 3}], [{8}, {2, 7}, {1, 6}, {3, 5}, {4}], [{8}, {2, 7}, {4, 6}, {3, 5}, {1}], [{8}, {2, 7}, {6}, {3, 5}, {1, 4}], [{8}, {2, 7}, {6}, {3, 5}, {4}, {1}], [{8}, {3, 7}, {2, 6}, {4, 5}, {1}], [{8}, {3, 7}, {6}, {2, 5}, {1, 4}], [{8}, {4, 7}, {2, 6}, {1, 5}, {3}], [{8}, {4, 7}, {3, 6}, {1, 5}, {2}], [{8}, {4, 7}, {6}, {1, 5}, {2, 3}], [{8}, {4, 7}, {6}, {1, 5}, {3}, {2}], [{8}, {5, 7}, {1, 6}, {4}, {2, 3}], [{8}, {5, 7}, {2, 6}, {1, 4}, {3}], [{8}, {5, 7}, {3, 6}, {1, 4}, {2}], [{8}, {5, 7}, {4, 6}, {2, 3}, {1}], [{8}, {5, 7}, {6}, {1, 4}, {2, 3}], [{8}, {5, 7}, {6}, {1, 4}, {3}, {2}], [{8}, {5, 7}, {6}, {2, 4}, {1, 3}], [{8}, {5, 7}, {6}, {3, 4}, {1, 2}], [{8}, {5, 7}, {6}, {4}, {2, 3}, {1}], [{8}, {6, 7}, {5}, {1, 4}, {2, 3}], [{8}, {6, 7}, {5}, {2, 4}, {1, 3}], [{8}, {7}, {2, 6}, {4, 5}, {1, 3}], [{8}, {7}, {2, 6}, {4, 5}, {3}, {1}], [{8}, {7}, {4, 6}, {2, 5}, {1, 3}], [{8}, {7}, {5, 6}, {1, 4}, {2, 3}], [{8}, {7}, {5, 6}, {2, 4}, {1, 3}], [{8}, {7}, {6}, {5}, {1, 4}, {2, 3}], [{8}, {7}, {6}, {5}, {2, 4}, {1, 3}]]",2,12 K_1^3 - 32 K_1^2 - 22 K_1 K_2 - 4 K_1 K_3 + 2 K_1 + 18 K_2 + 8 K_3 + 2 K_4 + 17,O1O2O3O4U1U4U5O6U7O5O7U8U3O8U2U6,O1O2O3U2U4U5U3O6O5U7O4O7U8U1O8U6,O1O2O3U4O5U3U5O6O7U6O8O4U1U8U7U2,c,{'O1O2O3O4U5U3O6U2U6O7O8U7O5U8U1U4'},1,"<a href=""/flatknot/8.850607"">8.850607</a>",t^9-23t^7-30t^6+38t^5+16t^4-19t^3+38t^2+4t,-t^3+3t,,
8.850608,O1O2O3O4U5U3O6U2U7O8O7U1O5U6U4U8,4,2z^3+29z^2+104z+109,2w^4z^3+29w^3z^2+104w^2z+109w,False,False,"[[ 0 -2 -1  0  2 -1  0  1  1],[ 2  0  0  0  3  0  1  2  1],[ 1  0  0  0  2  0  0  1  1],[ 0  0  0  0  0  0 -1  0  0],[-2 -3 -2  0  0 -1 -1 -2  0],[ 1  0  0  0  1  0  0  2  1],[ 0 -1  0  1  1  0  0  0  0],[-1 -2 -1  0  2 -2  0  0  1],[-1 -1 -1  0  0 -1  0 -1  0]]","[[ 0  2  1  1  0  0 -1 -1 -2],[-2  0  0 -2  0 -1 -1 -2 -3],[-1  0  0 -1  0  0 -1 -1 -1],[-1  2  1  0  0  0 -2 -1 -2],[ 0  0  0  0  0 -1  0  0  0],[ 0  1  0  0  1  0  0  0 -1],[ 1  1  1  2  0  0  0  0  0],[ 1  2  1  1  0  0  0  0  0],[ 2  3  1  2  0  1  0  0  0]]",True,"[-2,-1,-1,0,0,1,1,2,0,2,0,1,1,2,3,1,0,0,1,1,1,0,0,2,1,2,1,0,0,0,0,0,1,0,0,0]","[-2,-1,-1,0,0,1,1,2,-1,1,1,2,1,2,1,1,1,1,1,0,1,1,1,1,1,2,1,1,1,1,1,1,2,0,1,1]",t^8+34t^6+89t^4+54t^2+4,"[-2,-1,-1,0,0,1,1,2,1,1,1,2,1,2,1,0,1,1,0,1,2,1,1,1,1,1,-1,1,1,1,1,1,2,-1,-1,1]","[-2,-1,-1,0,0,1,1,2,-1,1,1,2,1,2,1,1,1,1,1,0,1,1,1,1,1,2,1,1,1,1,1,1,2,0,1,1]","[-2,-1,-1,0,0,1,1,2,0,0,0,1,1,2,3,0,0,0,1,1,2,0,0,1,2,1,-1,0,0,0,0,0,1,-1,0,2]",c,"[[{8, 2}, {1, 7}, {3, 6}, {4, 5}], [{8, 2}, {1, 7}, {5, 6}, {3, 4}], [{8, 2}, {4, 7}, {3, 6}, {1, 5}], [{8, 2}, {5, 7}, {3, 6}, {1, 4}], [{8, 3}, {1, 7}, {2, 6}, {4, 5}], [{8, 5}, {1, 7}, {3, 6}, {2, 4}], [{8, 5}, {2, 7}, {3, 6}, {1, 4}], [{8, 5}, {4, 7}, {3, 6}, {1, 2}]]",1,4 K_1^3 - 8 K_1^2 - 8 K_1 K_2 + K_1 + 4 K_2 + 3 K_3 + 5,O1O2O3O4U5U1U6O7U4O8O5U8U3O6U2U7,O1O2O3U4U5U6U2O7O6U1O5O8U3U8O4U7,O1O2O3U4O5U6U1O6O7U3O8O4U2U8U7U5,c,{'O1O2O3O4U5U3O6U2U7O8O7U1O5U6U4U8'},1,"<a href=""/flatknot/8.850608"">8.850608</a>",t^9-34t^7-46t^6+115t^5+90t^4-94t^3-12t^2+18t-2,0,,
8.850609,O1O2O3O4U5U3O6U2U7O8O7U1O5U6U8U4,4,2z^3+26z^2+105z+123,2w^4z^3+26w^3z^2+105w^2z+123w,False,False,"[[ 0 -2 -1  0  3 -1  0  1  0],[ 2  0  0  0  4  0  1  2  0],[ 1  0  0  0  2  0  0  1  0],[ 0  0  0  0  0  0 -1  0 -1],[-3 -4 -2  0  0 -1 -2 -2 -1],[ 1  0  0  0  1  0  0  2  0],[ 0 -1  0  1  2  0  0  0  0],[-1 -2 -1  0  2 -2  0  0  0],[ 0  0  0  1  1  0  0  0  0]]","[[ 0  3  1  0  0  0 -1 -1 -2],[-3  0 -2  0 -1 -2 -1 -2 -4],[-1  2  0  0  0  0 -2 -1 -2],[ 0  0  0  0 -1 -1  0  0  0],[ 0  1  0  1  0  0  0  0  0],[ 0  2  0  1  0  0  0  0 -1],[ 1  1  2  0  0  0  0  0  0],[ 1  2  1  0  0  0  0  0  0],[ 2  4  2  0  0  1  0  0  0]]",True,"[-3,-1,0,0,0,1,1,2,2,0,1,2,1,2,4,0,0,0,2,1,2,1,1,0,0,0,0,0,0,0,0,0,1,0,0,0]","[-3,-1,0,0,0,1,1,2,0,1,2,3,2,3,1,1,1,1,1,0,1,0,1,1,1,1,1,1,1,2,1,1,2,0,1,1]",t^8+42t^6+159t^4+119t^2+9,"[-2,-1,-1,0,0,0,1,3,1,1,1,2,2,1,1,0,1,1,1,0,3,1,1,1,1,2,-1,0,1,1,1,1,3,1,2,0]","[-3,-1,0,0,0,1,1,2,0,1,2,3,2,3,1,1,1,1,1,0,1,0,1,1,1,1,1,1,1,2,1,1,2,0,1,1]","[-2,-1,-1,0,0,0,1,3,0,0,0,0,1,2,4,0,0,0,0,1,2,0,0,0,2,1,-1,-1,0,0,0,0,1,0,2,2]",c,"[[{8, 1}, {2, 7}, {3, 6}, {4, 5}], [{8, 1}, {5, 7}, {3, 6}, {2, 4}], [{8, 2}, {5, 7}, {3, 6}, {1, 4}], [{8, 3}, {2, 7}, {1, 6}, {4, 5}], [{8, 3}, {2, 7}, {4, 6}, {1, 5}], [{8, 3}, {2, 7}, {5, 6}, {1, 4}], [{8, 3}, {5, 7}, {1, 6}, {2, 4}], [{8, 3}, {5, 7}, {2, 6}, {1, 4}], [{8, 3}, {5, 7}, {4, 6}, {1, 2}], [{8, 4}, {2, 7}, {3, 6}, {1, 5}], [{8, 4}, {5, 7}, {3, 6}, {1, 2}], [{8, 5}, {2, 7}, {3, 6}, {1, 4}]]",1,4 K_1^3 - 16 K_1^2 - 14 K_1 K_2 - 2 K_1 K_3 + 4 K_1 - 2 K_2^2 + 9 K_2 + 6 K_3 + 2 K_4 + 10,O1O2O3O4U1U5U6O7U4O8O5U8U3O6U2U7,O1O2O3U4U5U6U3O7O6U1O5O8U2U8O4U7,O1O2O3U4O5U6U2O6O7U3O8O4U1U8U7U5,c,{'O1O2O3O4U5U3O6U2U7O8O7U1O5U6U8U4'},1,"<a href=""/flatknot/8.850609"">8.850609</a>",t^9-38t^7-52t^6+172t^5+128t^4-150t^3+8t^2+7t-4,-t^3+t^2+t,,
8.850610,O1O2O3O4U5U3O6U2U7O8O7U1O5U8U6U4,4,3z^3+34z^2+110z+109,3w^4z^3+34w^3z^2+110w^2z+109w,False,False,"[[ 0 -2 -1  0  3 -1  1  1 -1],[ 2  0  0  0  4  0  2  2 -1],[ 1  0  0  0  2  0  0  1 -1],[ 0  0  0  0  0  0 -1  0 -1],[-3 -4 -2  0  0 -1 -1 -2 -2],[ 1  0  0  0  1  0  0  2  0],[-1 -2  0  1  1  0  0  0 -1],[-1 -2 -1  0  2 -2  0  0 -1],[ 1  1  1  1  2  0  1  1  0]]","[[ 0  3  1  1  0 -1 -1 -1 -2],[-3  0 -1 -2  0 -1 -2 -2 -4],[-1  1  0  0  1  0  0 -1 -2],[-1  2  0  0  0 -2 -1 -1 -2],[ 0  0 -1  0  0  0  0 -1  0],[ 1  1  0  2  0  0  0  0  0],[ 1  2  0  1  0  0  0 -1  0],[ 1  2  1  1  1  0  1  0  1],[ 2  4  2  2  0  0  0 -1  0]]",True,"[-3,-1,-1,0,1,1,1,2,1,2,0,1,2,2,4,0,-1,0,0,1,2,0,2,1,1,2,0,0,1,0,0,0,0,1,0,-1]","[-3,-1,-1,0,1,1,1,2,0,1,3,2,2,3,1,0,1,1,1,0,1,2,1,2,2,1,0,1,1,2,1,0,2,0,1,1]",t^8+49t^6+219t^4+242t^2+9,"[-2,-1,-1,-1,0,1,1,3,1,1,2,2,1,1,1,0,0,1,0,2,3,1,1,1,2,2,0,1,1,2,1,2,3,0,0,1]","[-3,-1,-1,0,1,1,1,2,0,1,3,2,2,3,1,0,1,1,1,0,1,2,1,2,2,1,0,1,1,2,1,0,2,0,1,1]","[-2,-1,-1,-1,0,1,1,3,-1,0,0,0,2,2,4,0,1,1,1,1,2,0,0,0,2,1,0,0,1,2,-1,0,0,0,1,2]",c,"[[{8, 4}, {6, 7}, {2, 5}, {1, 3}]]",1,4 K_1^2 K_2 - 6 K_1^2 - 2 K_1 K_2 - 4 K_1 K_3 + K_1 + 3 K_2 + K_3 + K_4 + 3,O1O2O3O4U1U5U6O7U4O8O6U8U3O5U2U7,O1O2O3U4U5U6U3O7O6U2O5O8U1U8O4U7,O1O2O3U4O5U6U3O6O7U2O8O4U1U8U7U5,c,{'O1O2O3O4U5U3O6U2U7O8O7U1O5U8U6U4'},1,"<a href=""/flatknot/8.850610"">8.850610</a>",t^9-45t^7-100t^6+130t^5+360t^4-30t^3-142t^2+102t-36,-t^3+t^2+t,,
8.850611,O1O2O3O4U5U3O6U2U7O8O7U6O5U1U4U8,3,7z^2+84z+141,7w^3z^2+84w^2z+141w,False,False,"[[ 0 -2 -1  0  2 -1  0  1  1],[ 2  0  0  1  3  0  1  2  1],[ 1  0  0  0  2 -1  1  1  1],[ 0 -1  0  0  0  0  0  0  0],[-2 -3 -2  0  0 -2  0 -2  0],[ 1  0  1  0  2  0  0  2  1],[ 0 -1 -1  0  0  0  0  0  0],[-1 -2 -1  0  2 -2  0  0  1],[-1 -1 -1  0  0 -1  0 -1  0]]","[[ 0  2  1  1  0  0 -1 -1 -2],[-2  0  0 -2  0  0 -2 -2 -3],[-1  0  0 -1  0  0 -1 -1 -1],[-1  2  1  0  0  0 -1 -2 -2],[ 0  0  0  0  0  0  0  0 -1],[ 0  0  0  0  0  0 -1  0 -1],[ 1  2  1  1  0  1  0 -1  0],[ 1  2  1  2  0  0  1  0  0],[ 2  3  1  2  1  1  0  0  0]]",True,"[-2,-1,-1,0,0,1,1,2,0,2,0,0,2,2,3,1,0,0,1,1,1,0,0,1,2,2,0,0,0,1,1,0,1,1,0,0]","[-2,-1,-1,0,0,1,1,2,-1,1,2,2,1,1,1,1,1,1,0,1,1,1,1,1,1,2,0,1,0,1,1,1,1,1,1,1]",t^8+38t^6+76t^4+20t^2,"[-2,-1,-1,0,0,1,1,2,1,1,1,1,1,2,1,-1,1,1,0,1,1,0,1,1,1,1,0,1,1,2,1,1,2,-1,-1,1]","[-2,-1,-1,0,0,1,1,2,-1,1,2,2,1,1,1,1,1,1,0,1,1,1,1,1,1,2,0,1,0,1,1,1,1,1,1,1]","[-2,-1,-1,0,0,1,1,2,0,0,1,1,1,2,3,-1,0,1,1,1,2,0,0,1,2,2,0,0,0,0,0,0,0,-1,0,2]",c,"[[{8, 2}, {3, 7}, {1, 6}, {4, 5}]]",1,12 K_1^3 - 36 K_1^2 - 36 K_1 K_2 - 4 K_1 K_3 + 9 K_1 - 4 K_2^2 + 20 K_2 + 15 K_3 + 4 K_4 + 21,O1O2O3O4U5U1U4O6U7O8O5U8U3O7U2U6,O1O2O3U1U4U5U2O6O5U7O4O8U3U8O7U6,O1O2O3U4O5U6U1O6O7U5O8O4U2U8U7U3,c,{'O1O2O3O4U5U3O6U2U7O8O7U6O5U1U4U8'},1,"<a href=""/flatknot/8.850611"">8.850611</a>",t^9-38t^7-64t^6+72t^5+96t^4-18t^3-4t^2,0,,
8.850612,O1O2O3O4U5U3O6U2U7O8O7U6O5U1U8U4,3,10z^2+75z+111,10w^3z^2+75w^2z+111w,False,False,"[[ 0 -2 -1  0  3 -1  0  1  0],[ 2  0  0  1  4  0  1  2  0],[ 1  0  0  0  2 -1  1  1  0],[ 0 -1  0  0  0  0  0  0 -1],[-3 -4 -2  0  0 -2 -1 -2 -1],[ 1  0  1  0  2  0  0  2  0],[ 0 -1 -1  0  1  0  0  0  0],[-1 -2 -1  0  2 -2  0  0  0],[ 0  0  0  1  1  0  0  0  0]]","[[ 0  3  1  0  0  0 -1 -1 -2],[-3  0 -2  0 -1 -1 -2 -2 -4],[-1  2  0  0  0  0 -1 -2 -2],[ 0  0  0  0  0 -1  0  0 -1],[ 0  1  0  0  0  0 -1  0 -1],[ 0  1  0  1  0  0  0  0  0],[ 1  2  1  0  1  0  0 -1  0],[ 1  2  2  0  0  0  1  0  0],[ 2  4  2  1  1  0  0  0  0]]",True,"[-3,-1,0,0,0,1,1,2,2,0,1,1,2,2,4,0,0,0,1,2,2,0,1,0,0,1,0,1,0,1,0,0,0,1,0,0]","[-3,-1,0,0,0,1,1,2,0,2,2,3,2,2,1,1,1,1,0,1,1,0,0,1,0,1,1,1,1,2,1,1,1,1,1,1]",t^8+44t^6+134t^4+83t^2,"[-2,-1,-1,0,0,0,1,3,1,1,1,1,2,1,1,-1,1,1,1,0,2,0,1,1,1,2,0,0,1,2,1,1,3,1,2,0]","[-3,-1,0,0,0,1,1,2,0,2,2,3,2,2,1,1,1,1,0,1,1,0,0,1,0,1,1,1,1,2,1,1,1,1,1,1]","[-2,-1,-1,0,0,0,1,3,0,0,0,1,1,2,4,-1,0,0,1,1,2,0,0,0,2,2,1,0,0,1,0,0,0,0,1,2]",c,"[[{8, 3}, {2, 7}, {1, 6}, {4, 5}], [{8, 3}, {2, 7}, {4, 6}, {1, 5}], [{8, 3}, {2, 7}, {5, 6}, {1, 4}], [{8, 3}, {6, 7}, {2, 5}, {1, 4}]]",1,- 20 K_1^2 - 14 K_1 K_2 - 2 K_1 K_3 + 7 K_1 - 2 K_2^2 + 11 K_2 + 7 K_3 + 2 K_4 + 12,O1O2O3O4U1U5U4O6U7O8O5U8U3O7U2U6,O1O2O3U1U4U5U3O6O5U7O4O8U2U8O7U6,O1O2O3U4O5U6U2O6O7U5O8O4U1U8U7U3,c,{'O1O2O3O4U5U3O6U2U7O8O7U6O5U1U8U4'},1,"<a href=""/flatknot/8.850612"">8.850612</a>",t^9-40t^7-70t^6+93t^5+154t^4-31t^3-28t^2-12t,-t^3+t^2+t,,
8.850613,O1O2O3O4U5U3O6U2U7O8O7U6O5U8U1U4,3,13z^2+94z+137,13w^3z^2+94w^2z+137w,False,False,"[[ 0 -1 -1  0  3 -1  0  1 -1],[ 1  0  0  1  3  0  0  2 -1],[ 1  0  0  0  2 -1  1  1  0],[ 0 -1  0  0  0  0  0  0 -1],[-3 -3 -2  0  0 -2 -1 -2 -1],[ 1  0  1  0  2  0  0  2 -1],[ 0  0 -1  0  1  0  0  0  0],[-1 -2 -1  0  2 -2  0  0 -1],[ 1  1  0  1  1  1  0  1  0]]","[[ 0  3  1  0  0 -1 -1 -1 -1],[-3  0 -2  0 -1 -1 -2 -2 -3],[-1  2  0  0  0 -1 -1 -2 -2],[ 0  0  0  0  0 -1  0  0 -1],[ 0  1  0  0  0  0 -1  0  0],[ 1  1  1  1  0  0  0  1  1],[ 1  2  1  0  1  0  0 -1  0],[ 1  2  2  0  0 -1  1  0  0],[ 1  3  2  1  0 -1  0  0  0]]",True,"[-3,-1,0,0,1,1,1,1,2,0,1,1,2,2,3,0,0,1,1,2,2,0,1,0,0,1,0,1,0,0,0,-1,-1,1,0,0]","[-3,-1,0,0,1,1,1,1,0,2,3,1,2,2,3,1,1,0,0,1,1,0,1,1,0,1,0,1,1,0,0,0,-1,1,-1,0]",t^8+39t^6+132t^4+44t^2,"[-1,-1,-1,-1,0,0,1,3,-1,-1,0,0,1,1,3,0,-1,1,1,0,2,0,0,1,0,1,1,0,1,2,0,1,3,1,2,0]","[-3,-1,0,0,1,1,1,1,0,2,3,1,2,2,3,1,1,0,0,1,1,0,1,1,0,1,0,1,1,0,0,0,-1,1,-1,0]","[-1,-1,-1,-1,0,0,1,3,-1,0,0,0,1,1,2,-1,0,0,0,2,2,1,1,0,1,1,1,0,2,3,0,0,0,0,1,2]",c,"[[{8, 1}, {2, 7}, {3, 6}, {4, 5}], [{8, 1}, {2, 7}, {4, 6}, {3, 5}], [{8, 1}, {2, 7}, {5, 6}, {3, 4}], [{8, 1}, {3, 7}, {2, 6}, {4, 5}], [{8, 1}, {3, 7}, {4, 6}, {2, 5}], [{8, 1}, {3, 7}, {5, 6}, {2, 4}], [{8, 1}, {3, 7}, {6}, {5}, {2, 4}], [{8, 1}, {4, 7}, {2, 6}, {3, 5}], [{8, 1}, {4, 7}, {3, 6}, {2, 5}], [{8, 1}, {4, 7}, {5, 6}, {2, 3}], [{8, 1}, {5, 7}, {2, 6}, {3, 4}], [{8, 1}, {5, 7}, {3, 6}, {2, 4}], [{8, 1}, {5, 7}, {4, 6}, {2, 3}], [{8, 1}, {5, 7}, {6}, {2, 4}, {3}], [{8, 1}, {5, 7}, {6}, {3, 4}, {2}], [{8, 1}, {5, 7}, {6}, {4}, {2, 3}], [{8, 1}, {6, 7}, {2, 5}, {3, 4}], [{8, 1}, {6, 7}, {3, 5}, {2, 4}], [{8, 1}, {6, 7}, {4, 5}, {2, 3}], [{8, 1}, {6, 7}, {5}, {2, 4}, {3}], [{8, 1}, {7}, {2, 6}, {4, 5}, {3}], [{8, 1}, {7}, {3, 6}, {5}, {2, 4}], [{8, 1}, {7}, {4, 6}, {2, 5}, {3}], [{8, 1}, {7}, {5, 6}, {2, 4}, {3}], [{8, 1}, {7}, {6}, {3, 5}, {2, 4}], [{8, 1}, {7}, {6}, {5}, {2, 4}, {3}], [{8, 2}, {1, 7}, {3, 6}, {4, 5}], [{8, 2}, {1, 7}, {3, 6}, {5}, {4}], [{8, 2}, {1, 7}, {4, 6}, {3, 5}], [{8, 2}, {1, 7}, {5, 6}, {3, 4}], [{8, 2}, {1, 7}, {6}, {4, 5}, {3}], [{8, 2}, {3, 7}, {1, 6}, {4, 5}], [{8, 2}, {3, 7}, {4, 6}, {1, 5}], [{8, 2}, {3, 7}, {5, 6}, {1, 4}], [{8, 2}, {3, 7}, {5, 6}, {4}, {1}], [{8, 2}, {4, 7}, {1, 6}, {3, 5}], [{8, 2}, {4, 7}, {3, 6}, {1, 5}], [{8, 2}, {4, 7}, {5, 6}, {1, 3}], [{8, 2}, {5, 7}, {1, 6}, {3, 4}], [{8, 2}, {5, 7}, {3, 6}, {1, 4}], [{8, 2}, {5, 7}, {4, 6}, {1, 3}], [{8, 2}, {5, 7}, {6}, {1, 4}, {3}], [{8, 2}, {5, 7}, {6}, {3, 4}, {1}], [{8, 2}, {5, 7}, {6}, {4}, {1, 3}], [{8, 2}, {6, 7}, {1, 5}, {3, 4}], [{8, 2}, {6, 7}, {3, 5}, {1, 4}], [{8, 2}, {6, 7}, {3, 5}, {4}, {1}], [{8, 2}, {6, 7}, {4, 5}, {1, 3}], [{8, 2}, {7}, {3, 6}, {4, 5}, {1}], [{8, 3}, {1, 7}, {2, 6}, {4, 5}], [{8, 3}, {1, 7}, {4, 6}, {2, 5}], [{8, 3}, {1, 7}, {5, 6}, {2, 4}], [{8, 3}, {1, 7}, {6}, {5}, {2, 4}], [{8, 3}, {2, 7}, {1, 6}, {4, 5}], [{8, 3}, {2, 7}, {4, 6}, {1, 5}], [{8, 3}, {2, 7}, {5, 6}, {1, 4}], [{8, 3}, {4, 7}, {1, 6}, {2, 5}], [{8, 3}, {4, 7}, {2, 6}, {1, 5}], [{8, 3}, {4, 7}, {5, 6}, {1, 2}], [{8, 3}, {5, 7}, {1, 6}, {2, 4}], [{8, 3}, {5, 7}, {2, 6}, {1, 4}], [{8, 3}, {5, 7}, {4, 6}, {1, 2}], [{8, 3}, {5, 7}, {6}, {1, 4}, {2}], [{8, 3}, {5, 7}, {6}, {2, 4}, {1}], [{8, 3}, {5, 7}, {6}, {4}, {1, 2}], [{8, 3}, {6, 7}, {1, 5}, {2, 4}], [{8, 3}, {6, 7}, {2, 5}, {1, 4}], [{8, 3}, {6, 7}, {4, 5}, {1, 2}], [{8, 3}, {6, 7}, {5}, {2, 4}, {1}], [{8, 3}, {7}, {1, 6}, {5}, {2, 4}], [{8, 3}, {7}, {2, 6}, {4, 5}, {1}], [{8, 3}, {7}, {4, 6}, {2, 5}, {1}], [{8, 3}, {7}, {5, 6}, {2, 4}, {1}], [{8, 3}, {7}, {6}, {1, 5}, {2, 4}], [{8, 3}, {7}, {6}, {5}, {2, 4}, {1}], [{8, 4}, {1, 7}, {2, 6}, {3, 5}], [{8, 4}, {1, 7}, {3, 6}, {2, 5}], [{8, 4}, {1, 7}, {3, 6}, {5}, {2}], [{8, 4}, {1, 7}, {5, 6}, {2, 3}], [{8, 4}, {1, 7}, {6}, {2, 5}, {3}], [{8, 4}, {2, 7}, {1, 6}, {3, 5}], [{8, 4}, {2, 7}, {3, 6}, {1, 5}], [{8, 4}, {2, 7}, {5, 6}, {1, 3}], [{8, 4}, {3, 7}, {1, 6}, {2, 5}], [{8, 4}, {3, 7}, {2, 6}, {1, 5}], [{8, 4}, {3, 7}, {5, 6}, {1, 2}], [{8, 4}, {3, 7}, {5, 6}, {2}, {1}], [{8, 4}, {5, 7}, {1, 6}, {2, 3}], [{8, 4}, {5, 7}, {2, 6}, {1, 3}], [{8, 4}, {5, 7}, {3, 6}, {1, 2}], [{8, 4}, {5, 7}, {6}, {1, 3}, {2}], [{8, 4}, {5, 7}, {6}, {2, 3}, {1}], [{8, 4}, {5, 7}, {6}, {3}, {1, 2}], [{8, 4}, {6, 7}, {1, 5}, {2, 3}], [{8, 4}, {6, 7}, {2, 5}, {1, 3}], [{8, 4}, {6, 7}, {3, 5}, {1, 2}], [{8, 4}, {6, 7}, {3, 5}, {2}, {1}], [{8, 4}, {7}, {3, 6}, {2, 5}, {1}], [{8, 5}, {1, 7}, {2, 6}, {3, 4}], [{8, 5}, {1, 7}, {3, 6}, {2, 4}], [{8, 5}, {1, 7}, {3, 6}, {4}, {2}], [{8, 5}, {1, 7}, {4, 6}, {2, 3}], [{8, 5}, {1, 7}, {6}, {2, 4}, {3}], [{8, 5}, {2, 7}, {1, 6}, {3, 4}], [{8, 5}, {2, 7}, {3, 6}, {1, 4}], [{8, 5}, {2, 7}, {4, 6}, {1, 3}], [{8, 5}, {3, 7}, {1, 6}, {2, 4}], [{8, 5}, {3, 7}, {2, 6}, {1, 4}], [{8, 5}, {3, 7}, {2, 6}, {4}, {1}], [{8, 5}, {3, 7}, {4, 6}, {1, 2}], [{8, 5}, {3, 7}, {4, 6}, {2}, {1}], [{8, 5}, {3, 7}, {6}, {2, 4}, {1}], [{8, 5}, {4, 7}, {1, 6}, {2, 3}], [{8, 5}, {4, 7}, {2, 6}, {1, 3}], [{8, 5}, {4, 7}, {3, 6}, {1, 2}], [{8, 5}, {6, 7}, {1, 4}, {2, 3}], [{8, 5}, {6, 7}, {2, 4}, {1, 3}], [{8, 5}, {6, 7}, {2, 4}, {3}, {1}], [{8, 5}, {6, 7}, {3, 4}, {1, 2}], [{8, 5}, {6, 7}, {3, 4}, {2}, {1}], [{8, 5}, {6, 7}, {4}, {2, 3}, {1}], [{8, 5}, {7}, {1, 6}, {2, 4}, {3}], [{8, 5}, {7}, {3, 6}, {2, 4}, {1}], [{8, 5}, {7}, {6}, {2, 4}, {1, 3}], [{8, 5}, {7}, {6}, {2, 4}, {3}, {1}], [{8, 6}, {1, 7}, {2, 5}, {3, 4}], [{8, 6}, {1, 7}, {3, 5}, {2, 4}], [{8, 6}, {1, 7}, {4, 5}, {2, 3}], [{8, 6}, {1, 7}, {5}, {2, 4}, {3}], [{8, 6}, {2, 7}, {1, 5}, {3, 4}], [{8, 6}, {2, 7}, {3, 5}, {1, 4}], [{8, 6}, {2, 7}, {4, 5}, {1, 3}], [{8, 6}, {3, 7}, {1, 5}, {2, 4}], [{8, 6}, {3, 7}, {2, 5}, {1, 4}], [{8, 6}, {3, 7}, {4, 5}, {1, 2}], [{8, 6}, {3, 7}, {5}, {2, 4}, {1}], [{8, 6}, {4, 7}, {1, 5}, {2, 3}], [{8, 6}, {4, 7}, {2, 5}, {1, 3}], [{8, 6}, {4, 7}, {3, 5}, {1, 2}], [{8, 6}, {5, 7}, {1, 4}, {2, 3}], [{8, 6}, {5, 7}, {2, 4}, {1, 3}], [{8, 6}, {5, 7}, {2, 4}, {3}, {1}], [{8, 6}, {5, 7}, {3, 4}, {1, 2}], [{8, 6}, {5, 7}, {3, 4}, {2}, {1}], [{8, 6}, {5, 7}, {4}, {2, 3}, {1}], [{8, 6}, {7}, {1, 5}, {2, 4}, {3}], [{8, 6}, {7}, {3, 5}, {2, 4}, {1}], [{8, 6}, {7}, {5}, {2, 4}, {1, 3}], [{8, 6}, {7}, {5}, {2, 4}, {3}, {1}], [{8, 7}, {1, 6}, {2, 5}, {3, 4}], [{8, 7}, {1, 6}, {3, 5}, {2, 4}], [{8, 7}, {1, 6}, {4, 5}, {2, 3}], [{8, 7}, {1, 6}, {5}, {2, 4}, {3}], [{8, 7}, {2, 6}, {1, 5}, {3, 4}], [{8, 7}, {2, 6}, {3, 5}, {1, 4}], [{8, 7}, {2, 6}, {3, 5}, {4}, {1}], [{8, 7}, {2, 6}, {4, 5}, {1, 3}], [{8, 7}, {3, 6}, {1, 5}, {2, 4}], [{8, 7}, {3, 6}, {2, 5}, {1, 4}], [{8, 7}, {3, 6}, {4, 5}, {1, 2}], [{8, 7}, {3, 6}, {5}, {2, 4}, {1}], [{8, 7}, {4, 6}, {1, 5}, {2, 3}], [{8, 7}, {4, 6}, {2, 5}, {1, 3}], [{8, 7}, {4, 6}, {3, 5}, {1, 2}], [{8, 7}, {4, 6}, {3, 5}, {2}, {1}], [{8, 7}, {5, 6}, {1, 4}, {2, 3}], [{8, 7}, {5, 6}, {2, 4}, {1, 3}], [{8, 7}, {5, 6}, {2, 4}, {3}, {1}], [{8, 7}, {5, 6}, {3, 4}, {1, 2}], [{8, 7}, {5, 6}, {3, 4}, {2}, {1}], [{8, 7}, {5, 6}, {4}, {2, 3}, {1}], [{8, 7}, {6}, {1, 5}, {2, 4}, {3}], [{8, 7}, {6}, {2, 5}, {1, 4}, {3}], [{8, 7}, {6}, {3, 5}, {2, 4}, {1}], [{8, 7}, {6}, {4, 5}, {3}, {1, 2}], [{8, 7}, {6}, {5}, {2, 4}, {1, 3}], [{8, 7}, {6}, {5}, {2, 4}, {3}, {1}], [{8}, {1, 7}, {3, 6}, {2, 5}, {4}], [{8}, {1, 7}, {3, 6}, {4, 5}, {2}], [{8}, {1, 7}, {3, 6}, {5}, {2, 4}], [{8}, {1, 7}, {5, 6}, {2, 4}, {3}], [{8}, {1, 7}, {6}, {3, 5}, {2, 4}], [{8}, {1, 7}, {6}, {5}, {2, 4}, {3}], [{8}, {2, 7}, {1, 6}, {3, 5}, {4}], [{8}, {2, 7}, {1, 6}, {4, 5}, {3}], [{8}, {2, 7}, {1, 6}, {5}, {3, 4}], [{8}, {3, 7}, {1, 6}, {2, 5}, {4}], [{8}, {3, 7}, {1, 6}, {4, 5}, {2}], [{8}, {3, 7}, {1, 6}, {5}, {2, 4}], [{8}, {3, 7}, {5, 6}, {2, 4}, {1}], [{8}, {3, 7}, {6}, {1, 5}, {2, 4}], [{8}, {3, 7}, {6}, {5}, {2, 4}, {1}], [{8}, {4, 7}, {1, 6}, {2, 5}, {3}], [{8}, {4, 7}, {1, 6}, {3, 5}, {2}], [{8}, {4, 7}, {1, 6}, {5}, {2, 3}], [{8}, {5, 7}, {1, 6}, {2, 4}, {3}], [{8}, {5, 7}, {1, 6}, {3, 4}, {2}], [{8}, {5, 7}, {1, 6}, {4}, {2, 3}], [{8}, {5, 7}, {2, 6}, {3, 4}, {1}], [{8}, {5, 7}, {3, 6}, {2, 4}, {1}], [{8}, {5, 7}, {4, 6}, {2, 3}, {1}], [{8}, {5, 7}, {6}, {1, 4}, {2, 3}], [{8}, {5, 7}, {6}, {2, 4}, {1, 3}], [{8}, {5, 7}, {6}, {2, 4}, {3}, {1}], [{8}, {5, 7}, {6}, {3, 4}, {1, 2}], [{8}, {5, 7}, {6}, {3, 4}, {2}, {1}], [{8}, {5, 7}, {6}, {4}, {2, 3}, {1}], [{8}, {6, 7}, {1, 5}, {2, 4}, {3}], [{8}, {6, 7}, {3, 5}, {2, 4}, {1}], [{8}, {6, 7}, {5}, {2, 4}, {1, 3}], [{8}, {6, 7}, {5}, {2, 4}, {3}, {1}], [{8}, {7}, {1, 6}, {2, 5}, {3, 4}], [{8}, {7}, {1, 6}, {3, 5}, {2, 4}], [{8}, {7}, {1, 6}, {4, 5}, {2, 3}], [{8}, {7}, {1, 6}, {5}, {2, 4}, {3}], [{8}, {7}, {2, 6}, {4, 5}, {1, 3}], [{8}, {7}, {3, 6}, {1, 5}, {2, 4}], [{8}, {7}, {3, 6}, {5}, {2, 4}, {1}], [{8}, {7}, {4, 6}, {2, 5}, {1, 3}], [{8}, {7}, {5, 6}, {2, 4}, {1, 3}], [{8}, {7}, {5, 6}, {2, 4}, {3}, {1}], [{8}, {7}, {6}, {1, 5}, {2, 4}, {3}], [{8}, {7}, {6}, {3, 5}, {2, 4}, {1}], [{8}, {7}, {6}, {5}, {2, 4}, {1, 3}], [{8}, {7}, {6}, {5}, {2, 4}, {3}, {1}]]",2,20 K_1^3 + 4 K_1^2 K_2 - 34 K_1^2 - 34 K_1 K_2 - 6 K_1 K_3 + 2 K_1 - 2 K_2^2 + 18 K_2 + 12 K_3 + 3 K_4 + 18,O1O2O3O4U1U4U5O6U7O8O5U8U3O7U2U6,O1O2O3U2U4U5U3O6O5U7O4O8U1U8O7U6,O1O2O3U4O5U6U3O6O7U5O8O4U1U8U7U2,c,{'O1O2O3O4U5U3O6U2U7O8O7U6O5U8U1U4'},1,"<a href=""/flatknot/8.850613"">8.850613</a>",t^9-33t^7-82t^6+14t^5+184t^4+124t^3+20t^2-8t-24,-t^3+3t,,
8.850614,O1O2O3O4U5U3O6U4U1O7O8U2O5U6U7U8,4,z^3+20z^2+70z+69,w^4z^3+20w^3z^2+70w^2z+69w,False,False,"[[ 0 -1 -1  0  1 -1  0  0  2],[ 1  0  1 -1  1 -2  2  1  1],[ 1 -1  0 -1  1 -1  1  1  2],[ 0  1  1  0  1 -1  0 -1 -1],[-1 -1 -1 -1  0 -1  0  0  0],[ 1  2  1  1  1  0  0 -1  0],[ 0 -2 -1  0  0  0  0  1  2],[ 0 -1 -1  1  0  1 -1  0  1],[-2 -1 -2  1  0  0 -2 -1  0]]","[[ 0  2  1  0  0  0 -1 -1 -1],[-2  0  0  1 -1 -2  0 -1 -2],[-1  0  0 -1  0  0 -1 -1 -1],[ 0 -1  1  0 -1  0 -1  1  1],[ 0  1  0  1  0 -1  1 -1 -1],[ 0  2  0  0  1  0  0 -2 -1],[ 1  0  1  1 -1  0  0  2  1],[ 1  1  1 -1  1  2 -2  0  1],[ 1  2  1 -1  1  1 -1 -1  0]]",True,"[-2,-1,0,0,0,1,1,1,0,-1,1,2,0,1,2,1,0,0,1,1,1,1,0,1,-1,-1,1,-1,1,1,0,2,1,-2,-1,-1]","[-2,-1,0,0,0,1,1,1,0,-1,1,2,0,1,2,1,0,0,1,1,1,1,0,1,-1,-1,1,-1,1,1,0,2,1,-2,-1,-1]",t^8+34t^6+174t^4+59t^2+1,"[-1,-1,-1,0,0,0,1,2,-2,-1,0,1,2,1,3,-1,2,-1,0,1,2,2,0,0,1,1,0,1,0,3,-1,1,0,1,1,1]","[-2,-1,0,0,0,1,1,1,1,0,1,3,1,2,3,1,1,0,1,1,1,1,0,0,-1,1,1,0,0,2,2,2,0,-1,-1,-2]","[-1,-1,-1,0,0,0,1,2,-2,1,-1,1,2,1,1,1,1,-1,0,1,0,-1,1,1,1,2,-1,0,1,-1,-1,0,1,0,2,0]",c,"[[{8, 1}, {2, 7}, {3, 6}, {4, 5}], [{8, 1}, {2, 7}, {6}, {4, 5}, {3}], [{8, 2}, {1, 7}, {3, 6}, {4, 5}], [{8, 2}, {1, 7}, {6}, {4, 5}, {3}], [{8, 7}, {3, 6}, {4, 5}, {1, 2}], [{8, 7}, {6}, {4, 5}, {3}, {1, 2}]]",1,12 K_1^3 - 14 K_1^2 - 12 K_1 K_2 - 3 K_1 + 7 K_2 + 3 K_3 + 8,O1O2O3O4U5U6U7O8U3O5O6U4U1O7U2U8,O1O2O3U4U5U6U7O8O6U1O7O4U2U3O5U8,O1O2O3U4O5U1U2O6O7U3O8O4U7U8U5U6,c,"{'O1O2O3O4U5U3O6U4U1O7O8U2O5U6U7U8', 'O1O2O3U4O5U3U5O6U1O7O8U2U6O4U7U8'}",2,"<a href=""/flatknot/8.850614"">8.850614</a>",t^9-32t^7-96t^6-49t^5+182t^4+356t^3+342t^2+188t+16,-t^2+2t,,
8.850615,O1O2O3O4U5U3O6U4U1O7O8U2O5U7U6U8,4,21z^2+106z+129,21w^3z^2+106w^2z+129w,False,False,"[[ 0 -1 -1  0  1 -1  1 -1  2],[ 1  0  1 -1  1 -2  2  0  1],[ 1 -1  0 -1  1 -1  2  0  2],[ 0  1  1  0  1 -1  0 -1 -1],[-1 -1 -1 -1  0 -1  0 -1  0],[ 1  2  1  1  1  0  0 -1  0],[-1 -2 -2  0  0  0  0  0  2],[ 1  0  0  1  1  1  0  0  1],[-2 -1 -2  1  0  0 -2 -1  0]]","[[ 0  2  1  1  0 -1 -1 -1 -1],[-2  0  0 -2  1  0 -1 -1 -2],[-1  0  0  0 -1 -1 -1 -1 -1],[-1  2  0  0  0  0  0 -2 -2],[ 0 -1  1  0  0 -1 -1  1  1],[ 1  0  1  0  1  0 -1  2  1],[ 1  1  1  0  1  1  0  0  0],[ 1  1  1  2 -1 -2  0  0  1],[ 1  2  1  2 -1 -1  0 -1  0]]",True,"[-2,-1,-1,0,1,1,1,1,0,2,-1,0,1,1,2,0,1,1,1,1,1,0,0,0,2,2,1,1,-1,-1,1,-2,-1,0,0,-1]","[-2,-1,-1,0,1,1,1,1,-1,1,3,1,2,2,3,0,1,0,0,2,2,0,1,1,1,1,2,2,0,0,-1,0,-1,0,-2,1]",t^8+35t^6+229t^4+108t^2,"[-1,-1,-1,-1,0,1,1,2,-2,-1,1,0,1,2,3,-1,0,2,1,0,2,0,2,1,0,1,0,1,2,2,0,1,3,0,1,-1]","[-2,-1,-1,0,1,1,1,1,-1,1,3,1,2,2,3,0,1,0,0,2,2,0,1,1,1,1,2,2,0,0,-1,0,-1,0,-2,1]","[-1,-1,-1,-1,0,1,1,2,-2,0,1,-1,1,2,1,-1,1,1,1,0,0,0,1,1,0,1,-1,1,2,2,1,0,-1,0,0,2]",c,"[[{8, 1}, {2, 7}, {3, 6}, {4, 5}], [{8, 1}, {2, 7}, {4, 6}, {3, 5}], [{8, 1}, {2, 7}, {4, 6}, {5}, {3}], [{8, 1}, {2, 7}, {5, 6}, {3, 4}], [{8, 1}, {2, 7}, {5, 6}, {4}, {3}], [{8, 1}, {2, 7}, {6}, {4, 5}, {3}], [{8, 1}, {3, 7}, {2, 6}, {4, 5}], [{8, 1}, {3, 7}, {2, 6}, {5}, {4}], [{8, 1}, {3, 7}, {4, 6}, {2, 5}], [{8, 1}, {3, 7}, {5, 6}, {2, 4}], [{8, 1}, {4, 7}, {2, 6}, {3, 5}], [{8, 1}, {4, 7}, {3, 6}, {2, 5}], [{8, 1}, {4, 7}, {5, 6}, {2, 3}], [{8, 1}, {4, 7}, {6}, {2, 5}, {3}], [{8, 1}, {5, 7}, {2, 6}, {3, 4}], [{8, 1}, {5, 7}, {3, 6}, {2, 4}], [{8, 1}, {5, 7}, {4, 6}, {2, 3}], [{8, 1}, {5, 7}, {4, 6}, {3}, {2}], [{8, 1}, {6, 7}, {2, 5}, {3, 4}], [{8, 1}, {6, 7}, {2, 5}, {4}, {3}], [{8, 1}, {6, 7}, {3, 5}, {2, 4}], [{8, 1}, {6, 7}, {4, 5}, {2, 3}], [{8, 1}, {7}, {3, 6}, {4, 5}, {2}], [{8, 1}, {7}, {4, 6}, {2, 5}, {3}], [{8, 1}, {7}, {6}, {3, 5}, {2, 4}], [{8, 2}, {1, 7}, {3, 6}, {4, 5}], [{8, 2}, {1, 7}, {4, 6}, {3, 5}], [{8, 2}, {1, 7}, {4, 6}, {5}, {3}], [{8, 2}, {1, 7}, {5, 6}, {3, 4}], [{8, 2}, {1, 7}, {5, 6}, {4}, {3}], [{8, 2}, {1, 7}, {6}, {4, 5}, {3}], [{8, 2}, {3, 7}, {1, 6}, {4, 5}], [{8, 2}, {3, 7}, {4, 6}, {1, 5}], [{8, 2}, {3, 7}, {5, 6}, {1, 4}], [{8, 2}, {3, 7}, {6}, {5}, {1, 4}], [{8, 2}, {4, 7}, {1, 6}, {3, 5}], [{8, 2}, {4, 7}, {3, 6}, {1, 5}], [{8, 2}, {4, 7}, {3, 6}, {5}, {1}], [{8, 2}, {4, 7}, {5, 6}, {1, 3}], [{8, 2}, {4, 7}, {6}, {1, 5}, {3}], [{8, 2}, {5, 7}, {1, 6}, {3, 4}], [{8, 2}, {5, 7}, {3, 6}, {1, 4}], [{8, 2}, {5, 7}, {4, 6}, {1, 3}], [{8, 2}, {5, 7}, {4, 6}, {3}, {1}], [{8, 2}, {5, 7}, {6}, {4}, {1, 3}], [{8, 2}, {6, 7}, {1, 5}, {3, 4}], [{8, 2}, {6, 7}, {1, 5}, {4}, {3}], [{8, 2}, {6, 7}, {3, 5}, {1, 4}], [{8, 2}, {6, 7}, {4, 5}, {1, 3}], [{8, 2}, {7}, {4, 6}, {1, 5}, {3}], [{8, 3}, {1, 7}, {2, 6}, {4, 5}], [{8, 3}, {1, 7}, {4, 6}, {2, 5}], [{8, 3}, {1, 7}, {4, 6}, {5}, {2}], [{8, 3}, {1, 7}, {5, 6}, {2, 4}], [{8, 3}, {1, 7}, {6}, {2, 5}, {4}], [{8, 3}, {2, 7}, {1, 6}, {4, 5}], [{8, 3}, {2, 7}, {4, 6}, {1, 5}], [{8, 3}, {2, 7}, {5, 6}, {1, 4}], [{8, 3}, {4, 7}, {1, 6}, {2, 5}], [{8, 3}, {4, 7}, {2, 6}, {1, 5}], [{8, 3}, {4, 7}, {5, 6}, {1, 2}], [{8, 3}, {5, 7}, {1, 6}, {2, 4}], [{8, 3}, {5, 7}, {1, 6}, {4}, {2}], [{8, 3}, {5, 7}, {2, 6}, {1, 4}], [{8, 3}, {5, 7}, {4, 6}, {1, 2}], [{8, 3}, {6, 7}, {1, 5}, {2, 4}], [{8, 3}, {6, 7}, {2, 5}, {1, 4}], [{8, 3}, {6, 7}, {4, 5}, {1, 2}], [{8, 3}, {7}, {5, 6}, {1, 4}, {2}], [{8, 4}, {1, 7}, {2, 6}, {3, 5}], [{8, 4}, {1, 7}, {3, 6}, {2, 5}], [{8, 4}, {1, 7}, {3, 6}, {5}, {2}], [{8, 4}, {1, 7}, {5, 6}, {2, 3}], [{8, 4}, {1, 7}, {6}, {2, 5}, {3}], [{8, 4}, {2, 7}, {1, 6}, {3, 5}], [{8, 4}, {2, 7}, {3, 6}, {1, 5}], [{8, 4}, {2, 7}, {5, 6}, {1, 3}], [{8, 4}, {2, 7}, {6}, {1, 5}, {3}], [{8, 4}, {3, 7}, {1, 6}, {2, 5}], [{8, 4}, {3, 7}, {2, 6}, {1, 5}], [{8, 4}, {3, 7}, {2, 6}, {5}, {1}], [{8, 4}, {3, 7}, {5, 6}, {1, 2}], [{8, 4}, {3, 7}, {5, 6}, {2}, {1}], [{8, 4}, {3, 7}, {6}, {2, 5}, {1}], [{8, 4}, {5, 7}, {1, 6}, {2, 3}], [{8, 4}, {5, 7}, {2, 6}, {1, 3}], [{8, 4}, {5, 7}, {3, 6}, {1, 2}], [{8, 4}, {5, 7}, {6}, {2, 3}, {1}], [{8, 4}, {6, 7}, {1, 5}, {2, 3}], [{8, 4}, {6, 7}, {2, 5}, {1, 3}], [{8, 4}, {6, 7}, {3, 5}, {1, 2}], [{8, 4}, {7}, {6}, {2, 5}, {1, 3}], [{8, 5}, {1, 7}, {2, 6}, {3, 4}], [{8, 5}, {1, 7}, {3, 6}, {2, 4}], [{8, 5}, {1, 7}, {4, 6}, {2, 3}], [{8, 5}, {1, 7}, {4, 6}, {3}, {2}], [{8, 5}, {2, 7}, {1, 6}, {3, 4}], [{8, 5}, {2, 7}, {3, 6}, {1, 4}], [{8, 5}, {2, 7}, {4, 6}, {1, 3}], [{8, 5}, {2, 7}, {4, 6}, {3}, {1}], [{8, 5}, {3, 7}, {1, 6}, {2, 4}], [{8, 5}, {3, 7}, {1, 6}, {4}, {2}], [{8, 5}, {3, 7}, {2, 6}, {1, 4}], [{8, 5}, {3, 7}, {4, 6}, {1, 2}], [{8, 5}, {4, 7}, {1, 6}, {2, 3}], [{8, 5}, {4, 7}, {2, 6}, {1, 3}], [{8, 5}, {4, 7}, {3, 6}, {1, 2}], [{8, 5}, {4, 7}, {6}, {2, 3}, {1}], [{8, 5}, {6, 7}, {1, 4}, {2, 3}], [{8, 5}, {6, 7}, {2, 4}, {1, 3}], [{8, 5}, {6, 7}, {3, 4}, {1, 2}], [{8, 5}, {7}, {3, 6}, {1, 4}, {2}], [{8, 5}, {7}, {4, 6}, {3}, {1, 2}], [{8, 6}, {1, 7}, {2, 5}, {3, 4}], [{8, 6}, {1, 7}, {2, 5}, {4}, {3}], [{8, 6}, {1, 7}, {3, 5}, {2, 4}], [{8, 6}, {1, 7}, {4, 5}, {2, 3}], [{8, 6}, {1, 7}, {5}, {3, 4}, {2}], [{8, 6}, {2, 7}, {1, 5}, {3, 4}], [{8, 6}, {2, 7}, {1, 5}, {4}, {3}], [{8, 6}, {2, 7}, {3, 5}, {1, 4}], [{8, 6}, {2, 7}, {4, 5}, {1, 3}], [{8, 6}, {3, 7}, {1, 5}, {2, 4}], [{8, 6}, {3, 7}, {2, 5}, {1, 4}], [{8, 6}, {3, 7}, {4, 5}, {1, 2}], [{8, 6}, {3, 7}, {5}, {1, 4}, {2}], [{8, 6}, {4, 7}, {1, 5}, {2, 3}], [{8, 6}, {4, 7}, {2, 5}, {1, 3}], [{8, 6}, {4, 7}, {3, 5}, {1, 2}], [{8, 6}, {4, 7}, {5}, {2, 3}, {1}], [{8, 6}, {5, 7}, {1, 4}, {2, 3}], [{8, 6}, {5, 7}, {2, 4}, {1, 3}], [{8, 6}, {5, 7}, {3, 4}, {1, 2}], [{8, 7}, {1, 6}, {2, 5}, {3, 4}], [{8, 7}, {1, 6}, {3, 5}, {2, 4}], [{8, 7}, {1, 6}, {4, 5}, {2, 3}], [{8, 7}, {2, 6}, {1, 5}, {3, 4}], [{8, 7}, {2, 6}, {3, 5}, {1, 4}], [{8, 7}, {2, 6}, {4, 5}, {1, 3}], [{8, 7}, {2, 6}, {5}, {3, 4}, {1}], [{8, 7}, {3, 6}, {1, 5}, {2, 4}], [{8, 7}, {3, 6}, {2, 5}, {1, 4}], [{8, 7}, {3, 6}, {4, 5}, {1, 2}], [{8, 7}, {4, 6}, {1, 5}, {2, 3}], [{8, 7}, {4, 6}, {1, 5}, {3}, {2}], [{8, 7}, {4, 6}, {2, 5}, {1, 3}], [{8, 7}, {4, 6}, {2, 5}, {3}, {1}], [{8, 7}, {4, 6}, {3, 5}, {1, 2}], [{8, 7}, {4, 6}, {5}, {3}, {1, 2}], [{8, 7}, {5, 6}, {1, 4}, {2, 3}], [{8, 7}, {5, 6}, {2, 4}, {1, 3}], [{8, 7}, {5, 6}, {3, 4}, {1, 2}], [{8, 7}, {5, 6}, {4}, {1, 3}, {2}], [{8, 7}, {6}, {1, 5}, {4}, {2, 3}], [{8, 7}, {6}, {4, 5}, {2, 3}, {1}], [{8, 7}, {6}, {5}, {1, 4}, {2, 3}], [{8}, {1, 7}, {3, 6}, {2, 5}, {4}], [{8}, {1, 7}, {4, 6}, {2, 5}, {3}], [{8}, {1, 7}, {4, 6}, {3, 5}, {2}], [{8}, {1, 7}, {4, 6}, {5}, {2, 3}], [{8}, {1, 7}, {4, 6}, {5}, {3}, {2}], [{8}, {1, 7}, {6}, {2, 5}, {3, 4}], [{8}, {2, 7}, {4, 6}, {1, 5}, {3}], [{8}, {3, 7}, {2, 6}, {5}, {1, 4}], [{8}, {3, 7}, {6}, {4, 5}, {1, 2}], [{8}, {4, 7}, {1, 6}, {3, 5}, {2}], [{8}, {4, 7}, {3, 6}, {1, 5}, {2}], [{8}, {4, 7}, {5, 6}, {2, 3}, {1}], [{8}, {5, 7}, {4, 6}, {3}, {1, 2}], [{8}, {6, 7}, {3, 5}, {1, 4}, {2}], [{8}, {7}, {1, 6}, {4, 5}, {2, 3}], [{8}, {7}, {5, 6}, {2, 4}, {1, 3}]]",2,20 K_1^3 + 8 K_1^2 K_2 - 30 K_1^2 - 40 K_1 K_2 - 4 K_1 K_3 + 5 K_1 - 4 K_2^2 + 13 K_2 + 15 K_3 + 2 K_4 + 16,O1O2O3O4U5U6U7O8U3O5O7U4U1O6U2U8,O1O2O3U4U5U6U7O8O6U2O7O4U1U3O5U8,O1O2O3U4O5U1U3O6O7U2O8O4U7U8U5U6,c,{'O1O2O3O4U5U3O6U4U1O7O8U2O5U7U6U8'},1,"<a href=""/flatknot/8.850615"">8.850615</a>",t^9-33t^7-78t^6+50t^5+304t^4+307t^3+168t^2+119t+56,-t^2+2t,,
8.850616,O1O2O3O4U5U3O6U4U1O7O8U2O5U7U8U6,4,5z^3+43z^2+113z+95,5w^4z^3+43w^3z^2+113w^2z+95w,False,False,"[[ 0 -1 -1  0  1 -1  2 -1  1],[ 1  0  1 -1  1 -2  2  0  0],[ 1 -1  0 -1  1 -1  3  0  1],[ 0  1  1  0  1 -1  0 -1 -1],[-1 -1 -1 -1  0 -1  0 -1 -1],[ 1  2  1  1  1  0  0 -1  0],[-2 -2 -3  0  0  0  0 -1  1],[ 1  0  0  1  1  1  1  0  1],[-1  0 -1  1  1  0 -1 -1  0]]","[[ 0  2  1  1  0 -1 -1 -1 -1],[-2  0  1  0  0  0 -1 -2 -3],[-1 -1  0  1  1  0 -1  0 -1],[-1  0 -1  0 -1 -1 -1 -1 -1],[ 0  0 -1  1  0 -1 -1  1  1],[ 1  0  0  1  1  0 -1  2  1],[ 1  1  1  1  1  1  0  0  0],[ 1  2  0  1 -1 -2  0  0  1],[ 1  3  1  1 -1 -1  0 -1  0]]",True,"[-2,-1,-1,0,1,1,1,1,-1,0,0,0,1,2,3,-1,-1,0,1,0,1,1,1,1,1,1,1,1,-1,-1,1,-2,-1,0,0,-1]","[-2,-1,-1,0,1,1,1,1,-1,0,0,0,1,2,3,-1,-1,0,1,0,1,1,1,1,1,1,1,1,-1,-1,1,-2,-1,0,0,-1]",t^8+35t^6+264t^4+139t^2+1,"[-1,-1,-1,-1,0,1,1,2,-2,-1,1,0,1,2,3,-1,0,2,1,2,1,0,2,1,1,0,0,1,1,2,0,2,2,1,1,2]","[-2,-1,-1,0,1,1,1,1,1,2,2,0,1,2,3,-1,0,1,1,1,1,2,1,2,1,2,2,2,0,0,-1,0,-1,0,-2,1]","[-1,-1,-1,-1,0,1,1,2,-2,0,1,-1,0,1,2,-1,1,1,0,1,0,0,1,1,1,1,-1,1,1,3,-1,1,0,1,-1,0]",c,"[[{8, 1}, {2, 7}, {3, 6}, {4, 5}], [{8, 1}, {2, 7}, {4, 6}, {3, 5}], [{8, 1}, {2, 7}, {4, 6}, {5}, {3}], [{8, 1}, {2, 7}, {5, 6}, {3, 4}], [{8, 1}, {2, 7}, {5, 6}, {4}, {3}], [{8, 1}, {2, 7}, {6}, {4, 5}, {3}], [{8, 1}, {3, 7}, {2, 6}, {4, 5}], [{8, 1}, {3, 7}, {4, 6}, {2, 5}], [{8, 1}, {3, 7}, {5, 6}, {2, 4}], [{8, 1}, {4, 7}, {2, 6}, {3, 5}], [{8, 1}, {4, 7}, {2, 6}, {5}, {3}], [{8, 1}, {4, 7}, {3, 6}, {2, 5}], [{8, 1}, {4, 7}, {3, 6}, {5}, {2}], [{8, 1}, {4, 7}, {5, 6}, {2, 3}], [{8, 1}, {4, 7}, {5, 6}, {3}, {2}], [{8, 1}, {4, 7}, {6}, {2, 5}, {3}], [{8, 1}, {4, 7}, {6}, {3, 5}, {2}], [{8, 1}, {4, 7}, {6}, {5}, {2, 3}], [{8, 1}, {5, 7}, {2, 6}, {3, 4}], [{8, 1}, {5, 7}, {2, 6}, {4}, {3}], [{8, 1}, {5, 7}, {3, 6}, {2, 4}], [{8, 1}, {5, 7}, {4, 6}, {2, 3}], [{8, 1}, {5, 7}, {4, 6}, {3}, {2}], [{8, 1}, {5, 7}, {6}, {2, 4}, {3}], [{8, 1}, {6, 7}, {2, 5}, {3, 4}], [{8, 1}, {6, 7}, {2, 5}, {4}, {3}], [{8, 1}, {6, 7}, {3, 5}, {2, 4}], [{8, 1}, {6, 7}, {4, 5}, {2, 3}], [{8, 1}, {6, 7}, {4, 5}, {3}, {2}], [{8, 1}, {6, 7}, {5}, {2, 4}, {3}], [{8, 1}, {7}, {2, 6}, {4, 5}, {3}], [{8, 1}, {7}, {4, 6}, {2, 5}, {3}], [{8, 1}, {7}, {5, 6}, {2, 4}, {3}], [{8, 2}, {1, 7}, {3, 6}, {4, 5}], [{8, 2}, {1, 7}, {4, 6}, {3, 5}], [{8, 2}, {1, 7}, {5, 6}, {3, 4}], [{8, 2}, {1, 7}, {6}, {4, 5}, {3}], [{8, 2}, {3, 7}, {1, 6}, {4, 5}], [{8, 2}, {3, 7}, {1, 6}, {5}, {4}], [{8, 2}, {3, 7}, {4, 6}, {1, 5}], [{8, 2}, {3, 7}, {5, 6}, {1, 4}], [{8, 2}, {4, 7}, {1, 6}, {3, 5}], [{8, 2}, {4, 7}, {1, 6}, {5}, {3}], [{8, 2}, {4, 7}, {3, 6}, {1, 5}], [{8, 2}, {4, 7}, {5, 6}, {1, 3}], [{8, 2}, {4, 7}, {5, 6}, {3}, {1}], [{8, 2}, {4, 7}, {6}, {1, 5}, {3}], [{8, 2}, {5, 7}, {1, 6}, {3, 4}], [{8, 2}, {5, 7}, {1, 6}, {4}, {3}], [{8, 2}, {5, 7}, {3, 6}, {1, 4}], [{8, 2}, {5, 7}, {4, 6}, {1, 3}], [{8, 2}, {6, 7}, {1, 5}, {3, 4}], [{8, 2}, {6, 7}, {3, 5}, {1, 4}], [{8, 2}, {6, 7}, {4, 5}, {1, 3}], [{8, 2}, {6, 7}, {4, 5}, {3}, {1}], [{8, 2}, {7}, {1, 6}, {3, 5}, {4}], [{8, 2}, {7}, {1, 6}, {4, 5}, {3}], [{8, 2}, {7}, {1, 6}, {5}, {3, 4}], [{8, 2}, {7}, {1, 6}, {5}, {4}, {3}], [{8, 3}, {1, 7}, {2, 6}, {4, 5}], [{8, 3}, {1, 7}, {4, 6}, {2, 5}], [{8, 3}, {1, 7}, {4, 6}, {5}, {2}], [{8, 3}, {1, 7}, {5, 6}, {2, 4}], [{8, 3}, {1, 7}, {6}, {2, 5}, {4}], [{8, 3}, {2, 7}, {1, 6}, {4, 5}], [{8, 3}, {2, 7}, {4, 6}, {1, 5}], [{8, 3}, {2, 7}, {5, 6}, {1, 4}], [{8, 3}, {4, 7}, {1, 6}, {2, 5}], [{8, 3}, {4, 7}, {2, 6}, {1, 5}], [{8, 3}, {4, 7}, {5, 6}, {1, 2}], [{8, 3}, {4, 7}, {6}, {1, 5}, {2}], [{8, 3}, {4, 7}, {6}, {2, 5}, {1}], [{8, 3}, {4, 7}, {6}, {5}, {1, 2}], [{8, 3}, {5, 7}, {1, 6}, {2, 4}], [{8, 3}, {5, 7}, {2, 6}, {1, 4}], [{8, 3}, {5, 7}, {4, 6}, {1, 2}], [{8, 3}, {5, 7}, {6}, {2, 4}, {1}], [{8, 3}, {6, 7}, {1, 5}, {2, 4}], [{8, 3}, {6, 7}, {2, 5}, {1, 4}], [{8, 3}, {6, 7}, {4, 5}, {1, 2}], [{8, 3}, {6, 7}, {4, 5}, {2}, {1}], [{8, 3}, {7}, {6}, {2, 5}, {1, 4}], [{8, 4}, {1, 7}, {2, 6}, {3, 5}], [{8, 4}, {1, 7}, {3, 6}, {2, 5}], [{8, 4}, {1, 7}, {3, 6}, {5}, {2}], [{8, 4}, {1, 7}, {5, 6}, {2, 3}], [{8, 4}, {1, 7}, {6}, {2, 5}, {3}], [{8, 4}, {2, 7}, {1, 6}, {3, 5}], [{8, 4}, {2, 7}, {1, 6}, {5}, {3}], [{8, 4}, {2, 7}, {3, 6}, {1, 5}], [{8, 4}, {2, 7}, {5, 6}, {1, 3}], [{8, 4}, {2, 7}, {5, 6}, {3}, {1}], [{8, 4}, {2, 7}, {6}, {1, 5}, {3}], [{8, 4}, {3, 7}, {1, 6}, {2, 5}], [{8, 4}, {3, 7}, {2, 6}, {1, 5}], [{8, 4}, {3, 7}, {5, 6}, {1, 2}], [{8, 4}, {3, 7}, {6}, {2, 5}, {1}], [{8, 4}, {5, 7}, {1, 6}, {2, 3}], [{8, 4}, {5, 7}, {2, 6}, {1, 3}], [{8, 4}, {5, 7}, {3, 6}, {1, 2}], [{8, 4}, {6, 7}, {1, 5}, {2, 3}], [{8, 4}, {6, 7}, {2, 5}, {1, 3}], [{8, 4}, {6, 7}, {3, 5}, {1, 2}], [{8, 4}, {7}, {2, 6}, {5}, {1, 3}], [{8, 4}, {7}, {5, 6}, {1, 3}, {2}], [{8, 4}, {7}, {6}, {2, 5}, {1, 3}], [{8, 5}, {1, 7}, {2, 6}, {3, 4}], [{8, 5}, {1, 7}, {3, 6}, {2, 4}], [{8, 5}, {1, 7}, {4, 6}, {2, 3}], [{8, 5}, {2, 7}, {1, 6}, {3, 4}], [{8, 5}, {2, 7}, {3, 6}, {1, 4}], [{8, 5}, {2, 7}, {4, 6}, {1, 3}], [{8, 5}, {3, 7}, {1, 6}, {2, 4}], [{8, 5}, {3, 7}, {1, 6}, {4}, {2}], [{8, 5}, {3, 7}, {2, 6}, {1, 4}], [{8, 5}, {3, 7}, {2, 6}, {4}, {1}], [{8, 5}, {3, 7}, {4, 6}, {1, 2}], [{8, 5}, {3, 7}, {6}, {4}, {1, 2}], [{8, 5}, {4, 7}, {1, 6}, {2, 3}], [{8, 5}, {4, 7}, {2, 6}, {1, 3}], [{8, 5}, {4, 7}, {3, 6}, {1, 2}], [{8, 5}, {4, 7}, {6}, {2, 3}, {1}], [{8, 5}, {6, 7}, {1, 4}, {2, 3}], [{8, 5}, {6, 7}, {2, 4}, {1, 3}], [{8, 5}, {6, 7}, {3, 4}, {1, 2}], [{8, 6}, {1, 7}, {2, 5}, {3, 4}], [{8, 6}, {1, 7}, {2, 5}, {4}, {3}], [{8, 6}, {1, 7}, {3, 5}, {2, 4}], [{8, 6}, {1, 7}, {4, 5}, {2, 3}], [{8, 6}, {1, 7}, {5}, {3, 4}, {2}], [{8, 6}, {2, 7}, {1, 5}, {3, 4}], [{8, 6}, {2, 7}, {3, 5}, {1, 4}], [{8, 6}, {2, 7}, {4, 5}, {1, 3}], [{8, 6}, {3, 7}, {1, 5}, {2, 4}], [{8, 6}, {3, 7}, {1, 5}, {4}, {2}], [{8, 6}, {3, 7}, {2, 5}, {1, 4}], [{8, 6}, {3, 7}, {4, 5}, {1, 2}], [{8, 6}, {4, 7}, {1, 5}, {2, 3}], [{8, 6}, {4, 7}, {2, 5}, {1, 3}], [{8, 6}, {4, 7}, {3, 5}, {1, 2}], [{8, 6}, {5, 7}, {1, 4}, {2, 3}], [{8, 6}, {5, 7}, {2, 4}, {1, 3}], [{8, 6}, {5, 7}, {3, 4}, {1, 2}], [{8, 6}, {5, 7}, {4}, {2, 3}, {1}], [{8, 7}, {1, 6}, {2, 5}, {3, 4}], [{8, 7}, {1, 6}, {3, 5}, {2, 4}], [{8, 7}, {1, 6}, {4, 5}, {2, 3}], [{8, 7}, {1, 6}, {5}, {2, 4}, {3}], [{8, 7}, {2, 6}, {1, 5}, {3, 4}], [{8, 7}, {2, 6}, {3, 5}, {1, 4}], [{8, 7}, {2, 6}, {4, 5}, {1, 3}], [{8, 7}, {3, 6}, {1, 5}, {2, 4}], [{8, 7}, {3, 6}, {2, 5}, {1, 4}], [{8, 7}, {3, 6}, {4, 5}, {1, 2}], [{8, 7}, {4, 6}, {1, 5}, {2, 3}], [{8, 7}, {4, 6}, {2, 5}, {1, 3}], [{8, 7}, {4, 6}, {2, 5}, {3}, {1}], [{8, 7}, {4, 6}, {3, 5}, {1, 2}], [{8, 7}, {5, 6}, {1, 4}, {2, 3}], [{8, 7}, {5, 6}, {2, 4}, {1, 3}], [{8, 7}, {5, 6}, {2, 4}, {3}, {1}], [{8, 7}, {5, 6}, {3, 4}, {1, 2}], [{8, 7}, {6}, {1, 5}, {2, 4}, {3}], [{8, 7}, {6}, {2, 5}, {4}, {1, 3}], [{8, 7}, {6}, {5}, {1, 4}, {2, 3}], [{8}, {1, 7}, {3, 6}, {2, 5}, {4}], [{8}, {1, 7}, {4, 6}, {2, 5}, {3}], [{8}, {1, 7}, {5, 6}, {2, 4}, {3}], [{8}, {1, 7}, {6}, {2, 5}, {3, 4}], [{8}, {2, 7}, {5, 6}, {1, 4}, {3}], [{8}, {3, 7}, {1, 6}, {2, 5}, {4}], [{8}, {3, 7}, {5, 6}, {1, 4}, {2}], [{8}, {4, 7}, {5, 6}, {3}, {1, 2}], [{8}, {4, 7}, {6}, {1, 5}, {2, 3}], [{8}, {4, 7}, {6}, {2, 5}, {1, 3}], [{8}, {5, 7}, {1, 6}, {3, 4}, {2}], [{8}, {5, 7}, {6}, {2, 4}, {1, 3}], [{8}, {6, 7}, {4, 5}, {1, 3}, {2}], [{8}, {6, 7}, {4, 5}, {2, 3}, {1}], [{8}, {6, 7}, {4, 5}, {3}, {1, 2}], [{8}, {6, 7}, {4, 5}, {3}, {2}, {1}], [{8}, {7}, {2, 6}, {1, 5}, {3, 4}], [{8}, {7}, {5, 6}, {1, 4}, {2, 3}]]",2,20 K_1^3 - 18 K_1^2 - 20 K_1 K_2 - 5 K_1 + 9 K_2 + 5 K_3 + 10,O1O2O3O4U5U6U7O8U3O6O7U4U1O5U2U8,O1O2O3U4U5U6U7O8O6U3O7O4U1U2O5U8,O1O2O3U4O5U2U3O6O7U1O8O4U7U8U5U6,c,{'O1O2O3O4U5U3O6U4U1O7O8U2O5U7U8U6'},1,"<a href=""/flatknot/8.850616"">8.850616</a>",t^9-33t^7-66t^6+49t^5+164t^4+29t^3-60t^2+38t+60,-t^2+2t,,
8.850617,O1O2O3O4U5U3O6U4U1O7O8U2O5U8U7U6,4,4z^3+36z^2+93z+75,4w^4z^3-6w^4z^2+42w^3z^2-16w^3z+109w^2z+75w,False,False,"[[ 0 -1 -1  0  1 -1  2  0  0],[ 1  0  1 -1  1 -2  2  0  0],[ 1 -1  0 -1  1 -1  3  1  0],[ 0  1  1  0  1 -1  0 -1 -1],[-1 -1 -1 -1  0 -1  0 -1 -1],[ 1  2  1  1  1  0  0 -1  0],[-2 -2 -3  0  0  0  0  0  0],[ 0  0 -1  1  1  1  0  0  0],[ 0  0  0  1  1  0  0  0  0]]","[[ 0  2  1  0  0  0 -1 -1 -1],[-2  0  0  0  0  0  0 -2 -3],[-1  0  0 -1 -1 -1 -1 -1 -1],[ 0  0  1  0  1  0  1  0 -1],[ 0  0  1 -1  0 -1 -1  1  1],[ 0  0  1  0  1  0  0  0  0],[ 1  0  1 -1  1  0  0  2  1],[ 1  2  1  0 -1  0 -2  0  1],[ 1  3  1  1 -1  0 -1 -1  0]]",True,"[-2,-1,0,0,0,1,1,1,0,0,0,0,0,2,3,1,1,1,1,1,1,-1,0,-1,0,1,1,1,-1,-1,0,0,0,-2,-1,-1]","[-2,-1,0,0,0,1,1,1,0,0,0,0,0,2,3,1,1,1,1,1,1,-1,0,-1,0,1,1,1,-1,-1,0,0,0,-2,-1,-1]",t^8+32t^6+195t^4+116t^2+4,"[-1,-1,-1,0,0,0,1,2,-2,-1,0,1,2,1,3,-1,2,1,1,1,1,2,1,0,1,0,1,1,0,2,0,0,2,0,2,1]","[-2,-1,0,0,0,1,1,1,1,2,2,2,0,1,3,0,0,0,1,1,1,-1,-1,2,2,0,0,0,1,2,1,1,1,-1,-1,-2]","[-1,-1,-1,0,0,0,1,2,-2,1,-1,0,0,1,2,1,1,-1,0,1,0,-1,1,0,1,3,-1,-1,1,0,0,1,0,1,0,0]",c,"[[{8, 1}, {2, 7}, {3, 6}, {4, 5}], [{8, 1}, {2, 7}, {4, 6}, {3, 5}], [{8, 1}, {2, 7}, {5, 6}, {3, 4}], [{8, 1}, {2, 7}, {6}, {4, 5}, {3}], [{8, 1}, {3, 7}, {2, 6}, {4, 5}], [{8, 1}, {3, 7}, {2, 6}, {5}, {4}], [{8, 1}, {3, 7}, {4, 6}, {2, 5}], [{8, 1}, {3, 7}, {5, 6}, {2, 4}], [{8, 1}, {4, 7}, {2, 6}, {3, 5}], [{8, 1}, {4, 7}, {3, 6}, {2, 5}], [{8, 1}, {4, 7}, {5, 6}, {2, 3}], [{8, 1}, {4, 7}, {6}, {2, 5}, {3}], [{8, 1}, {4, 7}, {6}, {3, 5}, {2}], [{8, 1}, {4, 7}, {6}, {5}, {2, 3}], [{8, 1}, {5, 7}, {2, 6}, {3, 4}], [{8, 1}, {5, 7}, {3, 6}, {2, 4}], [{8, 1}, {5, 7}, {4, 6}, {2, 3}], [{8, 1}, {6, 7}, {2, 5}, {3, 4}], [{8, 1}, {6, 7}, {2, 5}, {4}, {3}], [{8, 1}, {6, 7}, {3, 5}, {2, 4}], [{8, 1}, {6, 7}, {4, 5}, {2, 3}], [{8, 1}, {7}, {4, 6}, {2, 5}, {3}], [{8, 1}, {7}, {5, 6}, {2, 4}, {3}], [{8, 2}, {1, 7}, {3, 6}, {4, 5}], [{8, 2}, {1, 7}, {3, 6}, {5}, {4}], [{8, 2}, {1, 7}, {4, 6}, {3, 5}], [{8, 2}, {1, 7}, {5, 6}, {3, 4}], [{8, 2}, {1, 7}, {6}, {4, 5}, {3}], [{8, 2}, {3, 7}, {1, 6}, {4, 5}], [{8, 2}, {3, 7}, {4, 6}, {1, 5}], [{8, 2}, {3, 7}, {5, 6}, {1, 4}], [{8, 2}, {4, 7}, {1, 6}, {3, 5}], [{8, 2}, {4, 7}, {1, 6}, {5}, {3}], [{8, 2}, {4, 7}, {3, 6}, {1, 5}], [{8, 2}, {4, 7}, {5, 6}, {1, 3}], [{8, 2}, {4, 7}, {5, 6}, {3}, {1}], [{8, 2}, {4, 7}, {6}, {1, 5}, {3}], [{8, 2}, {5, 7}, {1, 6}, {3, 4}], [{8, 2}, {5, 7}, {3, 6}, {1, 4}], [{8, 2}, {5, 7}, {4, 6}, {1, 3}], [{8, 2}, {6, 7}, {1, 5}, {3, 4}], [{8, 2}, {6, 7}, {3, 5}, {1, 4}], [{8, 2}, {6, 7}, {4, 5}, {1, 3}], [{8, 2}, {7}, {3, 6}, {4, 5}, {1}], [{8, 2}, {7}, {4, 6}, {5}, {1, 3}], [{8, 3}, {1, 7}, {2, 6}, {4, 5}], [{8, 3}, {1, 7}, {4, 6}, {2, 5}], [{8, 3}, {1, 7}, {4, 6}, {5}, {2}], [{8, 3}, {1, 7}, {5, 6}, {2, 4}], [{8, 3}, {2, 7}, {1, 6}, {4, 5}], [{8, 3}, {2, 7}, {1, 6}, {5}, {4}], [{8, 3}, {2, 7}, {4, 6}, {1, 5}], [{8, 3}, {2, 7}, {5, 6}, {1, 4}], [{8, 3}, {4, 7}, {1, 6}, {2, 5}], [{8, 3}, {4, 7}, {2, 6}, {1, 5}], [{8, 3}, {4, 7}, {5, 6}, {1, 2}], [{8, 3}, {4, 7}, {6}, {1, 5}, {2}], [{8, 3}, {4, 7}, {6}, {2, 5}, {1}], [{8, 3}, {4, 7}, {6}, {5}, {1, 2}], [{8, 3}, {5, 7}, {1, 6}, {2, 4}], [{8, 3}, {5, 7}, {2, 6}, {1, 4}], [{8, 3}, {5, 7}, {4, 6}, {1, 2}], [{8, 3}, {6, 7}, {1, 5}, {2, 4}], [{8, 3}, {6, 7}, {2, 5}, {1, 4}], [{8, 3}, {6, 7}, {2, 5}, {4}, {1}], [{8, 3}, {6, 7}, {4, 5}, {1, 2}], [{8, 3}, {7}, {4, 6}, {2, 5}, {1}], [{8, 4}, {1, 7}, {2, 6}, {3, 5}], [{8, 4}, {1, 7}, {3, 6}, {2, 5}], [{8, 4}, {1, 7}, {5, 6}, {2, 3}], [{8, 4}, {1, 7}, {6}, {2, 5}, {3}], [{8, 4}, {2, 7}, {1, 6}, {3, 5}], [{8, 4}, {2, 7}, {1, 6}, {5}, {3}], [{8, 4}, {2, 7}, {3, 6}, {1, 5}], [{8, 4}, {2, 7}, {5, 6}, {1, 3}], [{8, 4}, {2, 7}, {5, 6}, {3}, {1}], [{8, 4}, {2, 7}, {6}, {1, 5}, {3}], [{8, 4}, {3, 7}, {1, 6}, {2, 5}], [{8, 4}, {3, 7}, {1, 6}, {5}, {2}], [{8, 4}, {3, 7}, {2, 6}, {1, 5}], [{8, 4}, {3, 7}, {5, 6}, {1, 2}], [{8, 4}, {3, 7}, {6}, {2, 5}, {1}], [{8, 4}, {5, 7}, {1, 6}, {2, 3}], [{8, 4}, {5, 7}, {2, 6}, {1, 3}], [{8, 4}, {5, 7}, {3, 6}, {1, 2}], [{8, 4}, {6, 7}, {1, 5}, {2, 3}], [{8, 4}, {6, 7}, {2, 5}, {1, 3}], [{8, 4}, {6, 7}, {3, 5}, {1, 2}], [{8, 4}, {6, 7}, {3, 5}, {2}, {1}], [{8, 4}, {7}, {1, 6}, {5}, {2, 3}], [{8, 4}, {7}, {2, 6}, {5}, {1, 3}], [{8, 4}, {7}, {5, 6}, {1, 3}, {2}], [{8, 4}, {7}, {6}, {2, 5}, {1, 3}], [{8, 5}, {1, 7}, {2, 6}, {3, 4}], [{8, 5}, {1, 7}, {3, 6}, {2, 4}], [{8, 5}, {1, 7}, {4, 6}, {2, 3}], [{8, 5}, {2, 7}, {1, 6}, {3, 4}], [{8, 5}, {2, 7}, {3, 6}, {1, 4}], [{8, 5}, {2, 7}, {4, 6}, {1, 3}], [{8, 5}, {3, 7}, {1, 6}, {2, 4}], [{8, 5}, {3, 7}, {1, 6}, {4}, {2}], [{8, 5}, {3, 7}, {2, 6}, {1, 4}], [{8, 5}, {3, 7}, {4, 6}, {1, 2}], [{8, 5}, {3, 7}, {6}, {2, 4}, {1}], [{8, 5}, {4, 7}, {1, 6}, {2, 3}], [{8, 5}, {4, 7}, {2, 6}, {1, 3}], [{8, 5}, {4, 7}, {3, 6}, {1, 2}], [{8, 5}, {4, 7}, {6}, {2, 3}, {1}], [{8, 5}, {6, 7}, {1, 4}, {2, 3}], [{8, 5}, {6, 7}, {2, 4}, {1, 3}], [{8, 5}, {6, 7}, {3, 4}, {1, 2}], [{8, 5}, {7}, {1, 6}, {2, 4}, {3}], [{8, 5}, {7}, {4, 6}, {1, 3}, {2}], [{8, 6}, {1, 7}, {2, 5}, {3, 4}], [{8, 6}, {1, 7}, {2, 5}, {4}, {3}], [{8, 6}, {1, 7}, {3, 5}, {2, 4}], [{8, 6}, {1, 7}, {4, 5}, {2, 3}], [{8, 6}, {2, 7}, {1, 5}, {3, 4}], [{8, 6}, {2, 7}, {3, 5}, {1, 4}], [{8, 6}, {2, 7}, {4, 5}, {1, 3}], [{8, 6}, {3, 7}, {1, 5}, {2, 4}], [{8, 6}, {3, 7}, {2, 5}, {1, 4}], [{8, 6}, {3, 7}, {2, 5}, {4}, {1}], [{8, 6}, {3, 7}, {4, 5}, {1, 2}], [{8, 6}, {3, 7}, {5}, {1, 4}, {2}], [{8, 6}, {4, 7}, {1, 5}, {2, 3}], [{8, 6}, {4, 7}, {2, 5}, {1, 3}], [{8, 6}, {4, 7}, {3, 5}, {1, 2}], [{8, 6}, {5, 7}, {1, 4}, {2, 3}], [{8, 6}, {5, 7}, {2, 4}, {1, 3}], [{8, 6}, {5, 7}, {3, 4}, {1, 2}], [{8, 6}, {7}, {1, 5}, {2, 4}, {3}], [{8, 6}, {7}, {2, 5}, {4}, {1, 3}], [{8, 6}, {7}, {4, 5}, {2, 3}, {1}], [{8, 7}, {1, 6}, {2, 5}, {3, 4}], [{8, 7}, {1, 6}, {3, 5}, {2, 4}], [{8, 7}, {1, 6}, {4, 5}, {2, 3}], [{8, 7}, {1, 6}, {5}, {2, 4}, {3}], [{8, 7}, {2, 6}, {1, 5}, {3, 4}], [{8, 7}, {2, 6}, {3, 5}, {1, 4}], [{8, 7}, {2, 6}, {4, 5}, {1, 3}], [{8, 7}, {3, 6}, {1, 5}, {2, 4}], [{8, 7}, {3, 6}, {2, 5}, {1, 4}], [{8, 7}, {3, 6}, {4, 5}, {1, 2}], [{8, 7}, {4, 6}, {1, 5}, {2, 3}], [{8, 7}, {4, 6}, {2, 5}, {1, 3}], [{8, 7}, {4, 6}, {2, 5}, {3}, {1}], [{8, 7}, {4, 6}, {3, 5}, {1, 2}], [{8, 7}, {5, 6}, {1, 4}, {2, 3}], [{8, 7}, {5, 6}, {2, 4}, {1, 3}], [{8, 7}, {5, 6}, {2, 4}, {3}, {1}], [{8, 7}, {5, 6}, {3, 4}, {1, 2}], [{8, 7}, {6}, {1, 5}, {2, 4}, {3}], [{8, 7}, {6}, {2, 5}, {4}, {1, 3}], [{8, 7}, {6}, {5}, {1, 4}, {2, 3}], [{8}, {1, 7}, {2, 6}, {5}, {3, 4}], [{8}, {1, 7}, {4, 6}, {2, 5}, {3}], [{8}, {1, 7}, {5, 6}, {2, 4}, {3}], [{8}, {2, 7}, {1, 6}, {5}, {3, 4}], [{8}, {3, 7}, {1, 6}, {4, 5}, {2}], [{8}, {3, 7}, {2, 6}, {4, 5}, {1}], [{8}, {3, 7}, {4, 6}, {2, 5}, {1}], [{8}, {3, 7}, {6}, {4, 5}, {1, 2}], [{8}, {4, 7}, {6}, {1, 5}, {2, 3}], [{8}, {4, 7}, {6}, {2, 5}, {1, 3}], [{8}, {5, 7}, {1, 6}, {2, 4}, {3}], [{8}, {5, 7}, {1, 6}, {3, 4}, {2}], [{8}, {5, 7}, {1, 6}, {4}, {2, 3}], [{8}, {6, 7}, {1, 5}, {2, 4}, {3}], [{8}, {6, 7}, {2, 5}, {4}, {1, 3}], [{8}, {6, 7}, {3, 5}, {4}, {1, 2}], [{8}, {7}, {1, 6}, {2, 5}, {3, 4}], [{8}, {7}, {2, 6}, {3, 5}, {1, 4}], [{8}, {7}, {3, 6}, {2, 5}, {1, 4}], [{8}, {7}, {4, 6}, {2, 5}, {1, 3}], [{8}, {7}, {4, 6}, {2, 5}, {3}, {1}], [{8}, {7}, {5, 6}, {1, 4}, {2, 3}], [{8}, {7}, {6}, {2, 5}, {4}, {1, 3}]]",2,2 K_1^2 - K_2,O1O2O3O4U5U6U7O8U3O7O6U4U1O5U2U8,O1O2O3U4U5U6U7O8O6U3O7O4U2U1O5U8,O1O2O3U4O5U3U2O6O7U1O8O4U7U8U5U6,c,{'O1O2O3O4U5U3O6U4U1O7O8U2O5U8U7U6'},1,"<a href=""/flatknot/8.850617"">8.850617</a>",t^9-30t^7-60t^6+60t^5+210t^4+123t^3-18t^2-44t+14,-t^2+2t,,
8.850618,O1O2O3O4U5U3O6U4U1O7O8U6O5U7U2U8,4,2z^3+23z^2+94z+113,2w^4z^3+23w^3z^2+94w^2z+113w,False,False,"[[ 0 -1  0  0  1 -1  0 -1  2],[ 1  0  1 -1  1 -2  2  0  1],[ 0 -1  0  0  1 -1  0  0  2],[ 0  1  0  0  1 -1  1 -1 -1],[-1 -1 -1 -1  0 -2  1  0  0],[ 1  2  1  1  2  0  0 -2  0],[ 0 -2  0 -1 -1  0  0  1  2],[ 1  0  0  1  0  2 -1  0  1],[-2 -1 -2  1  0  0 -2 -1  0]]","[[ 0  2  1  0  0  0 -1 -1 -1],[-2  0  0  1 -2 -2  0 -1 -1],[-1  0  0 -1  1 -1 -2  0 -1],[ 0 -1  1  0  1  0 -1 -1  1],[ 0  2 -1 -1  0  0  0  1 -2],[ 0  2  1  0  0  0 -1  0 -1],[ 1  0  2  1  0  1  0 -2  2],[ 1  1  0  1 -1  0  2  0  0],[ 1  1  1 -1  2  1 -2  0  0]]",True,"[-2,-1,0,0,0,1,1,1,0,-1,2,2,0,1,1,1,-1,1,2,0,1,-1,0,1,1,-1,0,0,-1,2,1,0,1,2,-2,0]","[-2,-1,0,0,0,1,1,1,0,-1,2,2,0,1,1,1,-1,1,2,0,1,-1,0,1,1,-1,0,0,-1,2,1,0,1,2,-2,0]",t^8+38t^6+299t^4+104t^2+1,"[-1,-1,-1,0,0,0,1,2,-2,0,0,1,2,2,2,-2,0,0,1,0,3,2,0,-1,1,2,0,-1,0,3,0,0,0,2,0,1]","[-2,-1,0,0,0,1,1,1,1,0,0,3,2,2,3,0,2,0,1,2,0,0,0,0,1,0,-1,-1,2,1,2,0,0,0,-2,2]","[-1,-1,-1,0,0,0,1,2,-2,0,-1,1,2,1,1,-2,1,1,0,2,0,1,0,-1,0,1,0,1,1,-1,0,1,2,-1,2,0]",c,"[[{8, 1}, {3, 7}, {5, 6}, {2, 4}]]",1,4 K_1^3 + 8 K_1^2 K_2 - 16 K_1^2 - 8 K_1 K_2 - 6 K_1 K_3 + K_1 - 2 K_2^2 + 7 K_2 + 3 K_3 + 2 K_4 + 8,O1O2O3O4U5U3U6O7U8O5O6U4U1O8U2U7,O1O2O3U4U2U5U6O7O5U8O6O4U1U3O8U7,O1O2O3U4O5U1U3O6O7U5O8O4U7U8U2U6,c,{'O1O2O3O4U5U3O6U4U1O7O8U6O5U7U2U8'},1,"<a href=""/flatknot/8.850618"">8.850618</a>",t^9-36t^7-76t^6+84t^5+258t^4-13t^3-220t^2+6t+20,-t^2+2t,,
8.850619,O1O2O3O4U5U3O6U4U1O7O8U6O5U7U8U2,4,5z^3+40z^2+110z+101,5w^4z^3+40w^3z^2+110w^2z+101w,False,False,"[[ 0 -1  1  0  1 -1  0 -1  1],[ 1  0  1 -1  1 -2  2  0  0],[-1 -1  0  0  1 -1 -1 -1  1],[ 0  1  0  0  1 -1  1 -1 -1],[-1 -1 -1 -1  0 -2  1  0  0],[ 1  2  1  1  2  0  0 -2 -1],[ 0 -2  1 -1 -1  0  0  1  2],[ 1  0  1  1  0  2 -1  0  1],[-1  0 -1  1  0  1 -2 -1  0]]","[[ 0  1  1  1  0  0 -1 -1 -1],[-1  0  1  1  0 -1 -1 -1 -1],[-1 -1  0  0  1 -2  1  0 -1],[-1 -1  0  0 -1  1 -2 -1  0],[ 0  0 -1  1  0  1 -1  1 -1],[ 0  1  2 -1 -1  0  0 -2  1],[ 1  1 -1  2  1  0  0  2 -2],[ 1  1  0  1 -1  2 -2  0  0],[ 1  1  1  0  1 -1  2  0  0]]",True,"[-1,-1,-1,0,0,1,1,1,-1,-1,0,1,1,1,1,0,-1,2,-1,0,1,1,-1,2,1,0,-1,1,-1,1,0,2,-1,-2,2,0]","[-1,-1,-1,0,0,1,1,1,-2,0,-1,2,0,1,1,-2,1,0,-1,1,2,1,-1,1,1,0,1,-1,0,1,2,1,-1,-1,0,1]",t^8+37t^6+242t^4+41t^2,"[-1,-1,-1,0,0,1,1,1,-2,0,0,2,1,1,2,-2,0,1,1,3,0,2,-1,1,2,1,-1,1,2,0,0,-1,2,-1,-1,0]","[-1,-1,-1,0,0,1,1,1,-1,0,-1,2,1,2,3,1,0,1,1,1,1,2,0,2,1,0,-1,2,-1,1,0,2,0,0,2,-2]","[-1,-1,-1,0,0,1,1,1,-2,0,-1,2,0,1,1,-2,1,0,-1,1,2,1,-1,1,1,0,1,-1,0,1,2,1,-1,-1,0,1]",c,"[[{8, 1}, {4, 7}, {3, 6}, {2, 5}], [{8, 2}, {4, 7}, {3, 6}, {1, 5}], [{8, 5}, {4, 7}, {3, 6}, {1, 2}]]",1,12 K_1^3 - 12 K_1^2 - 16 K_1 K_2 - K_1 + 6 K_2 + 5 K_3 + 7,O1O2O3O4U3U5U6O7U8O5O6U4U1O8U2U7,O1O2O3U4U3U5U6O7O5U8O6O4U1U2O8U7,O1O2O3U4O5U2U3O6O7U5O8O4U7U8U1U6,c,{'O1O2O3O4U5U3O6U4U1O7O8U6O5U7U8U2'},1,"<a href=""/flatknot/8.850619"">8.850619</a>",t^9-37t^7-84t^6+24t^5+166t^4+85t^3-22t^2-53t-28,0,,
8.850620,O1O2O3O4U5U3O6U4U1O7O8U6O5U8U7U2,4,4z^3+32z^2+89z+83,4w^4z^3+32w^3z^2+89w^2z+83w,False,False,"[[ 0 -1  1  0  1 -1  0  0  0],[ 1  0  1 -1  1 -2  2  0  0],[-1 -1  0  0  1 -1 -1  0  0],[ 0  1  0  0  1 -1  1 -1 -1],[-1 -1 -1 -1  0 -2  1  0  0],[ 1  2  1  1  2  0  0 -2 -1],[ 0 -2  1 -1 -1  0  0  2  1],[ 0  0  0  1  0  2 -2  0  0],[ 0  0  0  1  0  1 -1  0  0]]","[[ 0  1  1  0  0  0  0 -1 -1],[-1  0  1  0  0  0 -1 -1 -1],[-1 -1  0  0  0 -1  1 -1 -2],[ 0  0  0  0  0  1 -1  0  1],[ 0  0  0  0  0  1 -2  0  2],[ 0  0  1 -1 -1  0  1  1 -1],[ 0  1 -1  1  2 -1  0 -2  0],[ 1  1  1  0  0 -1  2  0 -2],[ 1  1  2 -1 -2  1  0  2  0]]",True,"[-1,-1,0,0,0,0,1,1,-1,0,0,0,1,1,1,0,0,1,-1,1,2,0,-1,1,0,-1,-1,2,0,-2,-1,-1,1,2,0,2]","[-1,-1,0,0,0,0,1,1,-2,-1,0,0,2,1,1,1,-2,-1,0,1,2,-1,-1,1,0,1,0,-2,0,0,-1,0,0,1,-1,1]",t^8+34t^6+143t^4+29t^2+1,"[-1,-1,0,0,0,0,1,1,-2,0,1,2,3,0,1,2,-1,1,1,1,1,-1,1,1,0,1,-1,-2,2,0,0,1,1,1,1,1]","[-1,-1,0,0,0,0,1,1,-1,0,1,1,2,0,1,1,1,1,0,1,1,-1,-1,1,0,2,0,-2,3,1,-1,2,1,1,-1,2]","[-1,-1,0,0,0,0,1,1,-2,-1,0,0,2,1,1,1,-2,-1,0,1,2,-1,-1,1,0,1,0,-2,0,0,-1,0,0,1,-1,1]",c,"[[{8, 6}, {3, 7}, {4, 5}, {1, 2}], [{8}, {3, 7}, {6}, {4, 5}, {1, 2}]]",1,- 4 K_1^2 + 2 K_2 + 3,O1O2O3O4U3U5U6O7U8O6O5U4U1O8U2U7,O1O2O3U4U3U5U6O7O5U8O6O4U2U1O8U7,O1O2O3U4O5U3U2O6O7U5O8O4U7U8U1U6,c,{'O1O2O3O4U5U3O6U4U1O7O8U6O5U8U7U2'},1,"<a href=""/flatknot/8.850620"">8.850620</a>",t^9-34t^7-58t^6+21t^5+36t^4-41t^3-18t^2+5t,0,,
8.850621,O1O2O3O4U5U3O6U4U1O7O8U7O5U2U6U8,4,2z^3+27z^2+102z+113,2w^4z^3-2w^4z^2+29w^3z^2-2w^3z+104w^2z+113w,False,False,"[[ 0 -1 -1  0  1 -1  1 -1  2],[ 1  0  0 -1  1 -1  2  0  1],[ 1  0  0  0  2 -1  1  0  2],[ 0  1  0  0  1 -1  0  0 -1],[-1 -1 -2 -1  0 -1  0  0  0],[ 1  1  1  1  1  0  1 -1  0],[-1 -2 -1  0  0 -1  0  0  2],[ 1  0  0  0  0  1  0  0  1],[-2 -1 -2  1  0  0 -2 -1  0]]","[[ 0  2  1  1  0 -1 -1 -1 -1],[-2  0  0 -2  1  0 -1 -1 -2],[-1  0  0  0 -1 -1  0 -1 -2],[-1  2  0  0  0 -1  0 -2 -1],[ 0 -1  1  0  0 -1  0  1  0],[ 1  0  1  1  1  0 -1  1  1],[ 1  1  0  0  0  1  0  0  0],[ 1  1  1  2 -1 -1  0  0  0],[ 1  2  2  1  0 -1  0  0  0]]",True,"[-2,-1,-1,0,1,1,1,1,0,2,-1,0,1,1,2,0,1,1,0,1,2,0,1,0,2,1,1,0,-1,0,1,-1,-1,0,0,0]","[-2,-1,-1,0,1,1,1,1,-1,1,3,1,2,2,3,0,1,1,0,2,1,0,0,1,2,1,1,2,1,0,0,0,-1,0,-1,1]",t^8+29t^6+176t^4+177t^2+1,"[-1,-1,-1,-1,0,1,1,2,-1,-1,1,0,1,1,3,0,0,1,0,1,1,0,2,1,0,2,1,2,2,2,0,1,3,0,1,-1]","[-2,-1,-1,0,1,1,1,1,-1,1,3,1,2,2,3,0,1,1,0,2,1,0,0,1,2,1,1,2,1,0,0,0,-1,0,-1,1]","[-1,-1,-1,-1,0,1,1,2,-1,0,0,-1,1,2,1,-1,1,1,1,1,0,0,0,0,0,1,0,2,1,2,1,0,-1,0,0,2]",c,"[[{8, 1}, {2, 7}, {3, 6}, {4, 5}], [{8, 1}, {2, 7}, {4, 6}, {3, 5}], [{8, 1}, {2, 7}, {4, 6}, {5}, {3}], [{8, 1}, {2, 7}, {5, 6}, {3, 4}], [{8, 1}, {2, 7}, {5, 6}, {4}, {3}], [{8, 1}, {2, 7}, {6}, {4, 5}, {3}], [{8, 1}, {3, 7}, {2, 6}, {4, 5}], [{8, 1}, {3, 7}, {4, 6}, {2, 5}], [{8, 1}, {3, 7}, {5, 6}, {2, 4}], [{8, 1}, {3, 7}, {5, 6}, {4}, {2}], [{8, 1}, {4, 7}, {2, 6}, {3, 5}], [{8, 1}, {4, 7}, {3, 6}, {2, 5}], [{8, 1}, {4, 7}, {5, 6}, {2, 3}], [{8, 1}, {4, 7}, {6}, {5}, {2, 3}], [{8, 1}, {5, 7}, {2, 6}, {3, 4}], [{8, 1}, {5, 7}, {3, 6}, {2, 4}], [{8, 1}, {5, 7}, {4, 6}, {2, 3}], [{8, 1}, {5, 7}, {6}, {3, 4}, {2}], [{8, 1}, {6, 7}, {2, 5}, {3, 4}], [{8, 1}, {6, 7}, {2, 5}, {4}, {3}], [{8, 1}, {6, 7}, {3, 5}, {2, 4}], [{8, 1}, {6, 7}, {4, 5}, {2, 3}], [{8, 1}, {6, 7}, {4, 5}, {3}, {2}], [{8, 1}, {6, 7}, {5}, {2, 4}, {3}], [{8, 1}, {7}, {2, 6}, {4, 5}, {3}], [{8, 1}, {7}, {5, 6}, {4}, {2, 3}], [{8, 2}, {1, 7}, {3, 6}, {4, 5}], [{8, 2}, {1, 7}, {4, 6}, {3, 5}], [{8, 2}, {1, 7}, {5, 6}, {3, 4}], [{8, 2}, {1, 7}, {5, 6}, {4}, {3}], [{8, 2}, {3, 7}, {1, 6}, {4, 5}], [{8, 2}, {3, 7}, {4, 6}, {1, 5}], [{8, 2}, {3, 7}, {4, 6}, {5}, {1}], [{8, 2}, {3, 7}, {5, 6}, {1, 4}], [{8, 2}, {4, 7}, {1, 6}, {3, 5}], [{8, 2}, {4, 7}, {3, 6}, {1, 5}], [{8, 2}, {4, 7}, {5, 6}, {1, 3}], [{8, 2}, {5, 7}, {1, 6}, {3, 4}], [{8, 2}, {5, 7}, {3, 6}, {1, 4}], [{8, 2}, {5, 7}, {4, 6}, {1, 3}], [{8, 2}, {6, 7}, {1, 5}, {3, 4}], [{8, 2}, {6, 7}, {1, 5}, {4}, {3}], [{8, 2}, {6, 7}, {3, 5}, {1, 4}], [{8, 2}, {6, 7}, {4, 5}, {1, 3}], [{8, 2}, {6, 7}, {4, 5}, {3}, {1}], [{8, 2}, {6, 7}, {5}, {1, 4}, {3}], [{8, 2}, {7}, {5, 6}, {3, 4}, {1}], [{8, 3}, {1, 7}, {2, 6}, {4, 5}], [{8, 3}, {1, 7}, {4, 6}, {2, 5}], [{8, 3}, {1, 7}, {5, 6}, {2, 4}], [{8, 3}, {1, 7}, {5, 6}, {4}, {2}], [{8, 3}, {2, 7}, {1, 6}, {4, 5}], [{8, 3}, {2, 7}, {4, 6}, {1, 5}], [{8, 3}, {2, 7}, {5, 6}, {1, 4}], [{8, 3}, {4, 7}, {1, 6}, {2, 5}], [{8, 3}, {4, 7}, {2, 6}, {1, 5}], [{8, 3}, {4, 7}, {5, 6}, {1, 2}], [{8, 3}, {5, 7}, {1, 6}, {2, 4}], [{8, 3}, {5, 7}, {1, 6}, {4}, {2}], [{8, 3}, {5, 7}, {2, 6}, {1, 4}], [{8, 3}, {5, 7}, {4, 6}, {1, 2}], [{8, 3}, {6, 7}, {1, 5}, {2, 4}], [{8, 3}, {6, 7}, {2, 5}, {1, 4}], [{8, 3}, {6, 7}, {4, 5}, {1, 2}], [{8, 3}, {6, 7}, {5}, {2, 4}, {1}], [{8, 3}, {7}, {2, 6}, {4, 5}, {1}], [{8, 3}, {7}, {4, 6}, {5}, {1, 2}], [{8, 4}, {1, 7}, {2, 6}, {3, 5}], [{8, 4}, {1, 7}, {3, 6}, {2, 5}], [{8, 4}, {1, 7}, {5, 6}, {2, 3}], [{8, 4}, {2, 7}, {1, 6}, {3, 5}], [{8, 4}, {2, 7}, {3, 6}, {1, 5}], [{8, 4}, {2, 7}, {5, 6}, {1, 3}], [{8, 4}, {2, 7}, {6}, {1, 5}, {3}], [{8, 4}, {3, 7}, {1, 6}, {2, 5}], [{8, 4}, {3, 7}, {2, 6}, {1, 5}], [{8, 4}, {3, 7}, {5, 6}, {1, 2}], [{8, 4}, {3, 7}, {5, 6}, {2}, {1}], [{8, 4}, {5, 7}, {1, 6}, {2, 3}], [{8, 4}, {5, 7}, {2, 6}, {1, 3}], [{8, 4}, {5, 7}, {3, 6}, {1, 2}], [{8, 4}, {5, 7}, {6}, {1, 3}, {2}], [{8, 4}, {6, 7}, {1, 5}, {2, 3}], [{8, 4}, {6, 7}, {1, 5}, {3}, {2}], [{8, 4}, {6, 7}, {2, 5}, {1, 3}], [{8, 4}, {6, 7}, {2, 5}, {3}, {1}], [{8, 4}, {6, 7}, {3, 5}, {1, 2}], [{8, 4}, {6, 7}, {5}, {3}, {1, 2}], [{8, 4}, {7}, {1, 6}, {5}, {2, 3}], [{8, 4}, {7}, {2, 6}, {1, 5}, {3}], [{8, 5}, {1, 7}, {2, 6}, {3, 4}], [{8, 5}, {1, 7}, {3, 6}, {2, 4}], [{8, 5}, {1, 7}, {4, 6}, {2, 3}], [{8, 5}, {2, 7}, {1, 6}, {3, 4}], [{8, 5}, {2, 7}, {3, 6}, {1, 4}], [{8, 5}, {2, 7}, {4, 6}, {1, 3}], [{8, 5}, {2, 7}, {4, 6}, {3}, {1}], [{8, 5}, {3, 7}, {1, 6}, {2, 4}], [{8, 5}, {3, 7}, {1, 6}, {4}, {2}], [{8, 5}, {3, 7}, {2, 6}, {1, 4}], [{8, 5}, {3, 7}, {4, 6}, {1, 2}], [{8, 5}, {4, 7}, {1, 6}, {2, 3}], [{8, 5}, {4, 7}, {2, 6}, {1, 3}], [{8, 5}, {4, 7}, {3, 6}, {1, 2}], [{8, 5}, {6, 7}, {1, 4}, {2, 3}], [{8, 5}, {6, 7}, {1, 4}, {3}, {2}], [{8, 5}, {6, 7}, {2, 4}, {1, 3}], [{8, 5}, {6, 7}, {2, 4}, {3}, {1}], [{8, 5}, {6, 7}, {3, 4}, {1, 2}], [{8, 5}, {6, 7}, {4}, {3}, {1, 2}], [{8, 6}, {1, 7}, {2, 5}, {3, 4}], [{8, 6}, {1, 7}, {2, 5}, {4}, {3}], [{8, 6}, {1, 7}, {3, 5}, {2, 4}], [{8, 6}, {1, 7}, {4, 5}, {2, 3}], [{8, 6}, {2, 7}, {1, 5}, {3, 4}], [{8, 6}, {2, 7}, {1, 5}, {4}, {3}], [{8, 6}, {2, 7}, {3, 5}, {1, 4}], [{8, 6}, {2, 7}, {4, 5}, {1, 3}], [{8, 6}, {3, 7}, {1, 5}, {2, 4}], [{8, 6}, {3, 7}, {2, 5}, {1, 4}], [{8, 6}, {3, 7}, {4, 5}, {1, 2}], [{8, 6}, {3, 7}, {5}, {2, 4}, {1}], [{8, 6}, {4, 7}, {1, 5}, {2, 3}], [{8, 6}, {4, 7}, {2, 5}, {1, 3}], [{8, 6}, {4, 7}, {3, 5}, {1, 2}], [{8, 6}, {4, 7}, {5}, {2, 3}, {1}], [{8, 6}, {5, 7}, {1, 4}, {2, 3}], [{8, 6}, {5, 7}, {2, 4}, {1, 3}], [{8, 6}, {5, 7}, {3, 4}, {1, 2}], [{8, 7}, {1, 6}, {2, 5}, {3, 4}], [{8, 7}, {1, 6}, {3, 5}, {2, 4}], [{8, 7}, {1, 6}, {4, 5}, {2, 3}], [{8, 7}, {1, 6}, {5}, {4}, {2, 3}], [{8, 7}, {2, 6}, {1, 5}, {3, 4}], [{8, 7}, {2, 6}, {3, 5}, {1, 4}], [{8, 7}, {2, 6}, {4, 5}, {1, 3}], [{8, 7}, {2, 6}, {4, 5}, {3}, {1}], [{8, 7}, {3, 6}, {1, 5}, {2, 4}], [{8, 7}, {3, 6}, {2, 5}, {1, 4}], [{8, 7}, {3, 6}, {4, 5}, {1, 2}], [{8, 7}, {3, 6}, {5}, {2, 4}, {1}], [{8, 7}, {4, 6}, {1, 5}, {2, 3}], [{8, 7}, {4, 6}, {2, 5}, {1, 3}], [{8, 7}, {4, 6}, {3, 5}, {1, 2}], [{8, 7}, {5, 6}, {1, 4}, {2, 3}], [{8, 7}, {5, 6}, {2, 4}, {1, 3}], [{8, 7}, {5, 6}, {3, 4}, {1, 2}], [{8, 7}, {5, 6}, {4}, {2, 3}, {1}], [{8, 7}, {6}, {1, 5}, {4}, {2, 3}], [{8, 7}, {6}, {2, 5}, {4}, {1, 3}], [{8}, {1, 7}, {2, 6}, {4, 5}, {3}], [{8}, {1, 7}, {5, 6}, {4}, {2, 3}], [{8}, {2, 7}, {4, 6}, {1, 5}, {3}], [{8}, {3, 7}, {2, 6}, {4, 5}, {1}], [{8}, {3, 7}, {5, 6}, {1, 4}, {2}], [{8}, {4, 7}, {1, 6}, {5}, {2, 3}], [{8}, {4, 7}, {5, 6}, {1, 3}, {2}], [{8}, {5, 7}, {2, 6}, {3, 4}, {1}], [{8}, {6, 7}, {1, 5}, {2, 4}, {3}], [{8}, {6, 7}, {2, 5}, {1, 4}, {3}], [{8}, {6, 7}, {3, 5}, {2, 4}, {1}], [{8}, {6, 7}, {4, 5}, {3}, {1, 2}], [{8}, {6, 7}, {5}, {2, 4}, {1, 3}], [{8}, {6, 7}, {5}, {2, 4}, {3}, {1}], [{8}, {7}, {2, 6}, {4, 5}, {1, 3}]]",2,4 K_1^3 - 22 K_1^2 - 8 K_1 K_2 + K_1 + 11 K_2 + 3 K_3 + 12,O1O2O3O4U5U6U3O7U8O5O8U4U1O6U2U7,O1O2O3U4U1U5U6O7O5U2O6O4U8U3O8U7,O1O2O3U4O5U1U5O6O7U2O8O4U7U8U3U6,c,{'O1O2O3O4U5U3O6U4U1O7O8U7O5U2U6U8'},1,"<a href=""/flatknot/8.850621"">8.850621</a>",t^9-27t^7-34t^6+93t^5+54t^4-136t^3-14t^2+59t+4,-t^2+2t,,
8.850622,O1O2O3O4U5U3O6U4U1O7O8U7O5U2U8U6,4,z^3+24z^2+106z+125,w^4z^3+24w^3z^2+106w^2z+125w,False,False,"[[ 0 -1 -1  0  1 -1  2 -1  1],[ 1  0  0 -1  1 -1  2  0  0],[ 1  0  0  0  2 -1  2  0  1],[ 0  1  0  0  1 -1  0  0 -1],[-1 -1 -2 -1  0 -1  0  0 -1],[ 1  1  1  1  1  0  1 -1  0],[-2 -2 -2  0  0 -1  0 -1  1],[ 1  0  0  0  0  1  1  0  1],[-1  0 -1  1  1  0 -1 -1  0]]","[[ 0  2  1  1  0 -1 -1 -1 -1],[-2  0  1  0  0 -1 -1 -2 -2],[-1 -1  0  1  1  0 -1  0 -1],[-1  0 -1  0 -1 -1  0 -1 -2],[ 0  0 -1  1  0 -1  0  1  0],[ 1  1  0  1  1  0 -1  1  1],[ 1  1  1  0  0  1  0  0  0],[ 1  2  0  1 -1 -1  0  0  0],[ 1  2  1  2  0 -1  0  0  0]]",True,"[-2,-1,-1,0,1,1,1,1,-1,0,0,1,1,2,2,-1,-1,0,1,0,1,1,1,0,1,2,1,0,-1,0,1,-1,-1,0,0,0]","[-2,-1,-1,0,1,1,1,1,-1,0,0,1,1,2,2,-1,-1,0,1,0,1,1,1,0,1,2,1,0,-1,0,1,-1,-1,0,0,0]",t^8+27t^6+166t^4+149t^2+9,"[-1,-1,-1,-1,0,1,1,2,-1,-1,1,0,1,2,2,0,0,1,0,1,1,0,2,1,2,1,1,2,1,2,0,2,2,1,1,2]","[-2,-1,-1,0,1,1,1,1,1,2,2,1,1,2,2,-1,0,0,1,1,2,2,1,2,2,1,1,2,0,1,0,-1,0,-1,0,-1]","[-1,-1,-1,-1,0,1,1,2,-1,0,0,-1,0,1,2,-1,1,1,0,1,1,0,0,1,0,1,0,1,2,2,-1,1,0,1,-1,0]",c,"[[{8, 1}, {2, 7}, {3, 6}, {4, 5}], [{8, 1}, {2, 7}, {4, 6}, {3, 5}], [{8, 1}, {2, 7}, {4, 6}, {5}, {3}], [{8, 1}, {2, 7}, {5, 6}, {3, 4}], [{8, 1}, {2, 7}, {5, 6}, {4}, {3}], [{8, 1}, {2, 7}, {6}, {4, 5}, {3}], [{8, 1}, {3, 7}, {2, 6}, {4, 5}], [{8, 1}, {3, 7}, {4, 6}, {2, 5}], [{8, 1}, {3, 7}, {4, 6}, {5}, {2}], [{8, 1}, {3, 7}, {5, 6}, {2, 4}], [{8, 1}, {4, 7}, {2, 6}, {3, 5}], [{8, 1}, {4, 7}, {2, 6}, {5}, {3}], [{8, 1}, {4, 7}, {3, 6}, {2, 5}], [{8, 1}, {4, 7}, {3, 6}, {5}, {2}], [{8, 1}, {4, 7}, {5, 6}, {2, 3}], [{8, 1}, {4, 7}, {5, 6}, {3}, {2}], [{8, 1}, {4, 7}, {6}, {2, 5}, {3}], [{8, 1}, {4, 7}, {6}, {3, 5}, {2}], [{8, 1}, {4, 7}, {6}, {5}, {2, 3}], [{8, 1}, {5, 7}, {2, 6}, {3, 4}], [{8, 1}, {5, 7}, {2, 6}, {4}, {3}], [{8, 1}, {5, 7}, {3, 6}, {2, 4}], [{8, 1}, {5, 7}, {4, 6}, {2, 3}], [{8, 1}, {5, 7}, {4, 6}, {3}, {2}], [{8, 1}, {5, 7}, {6}, {2, 4}, {3}], [{8, 1}, {6, 7}, {2, 5}, {3, 4}], [{8, 1}, {6, 7}, {2, 5}, {4}, {3}], [{8, 1}, {6, 7}, {3, 5}, {2, 4}], [{8, 1}, {6, 7}, {3, 5}, {4}, {2}], [{8, 1}, {6, 7}, {4, 5}, {2, 3}], [{8, 1}, {6, 7}, {4, 5}, {3}, {2}], [{8, 1}, {6, 7}, {5}, {2, 4}, {3}], [{8, 1}, {6, 7}, {5}, {3, 4}, {2}], [{8, 1}, {6, 7}, {5}, {4}, {2, 3}], [{8, 1}, {7}, {2, 6}, {4, 5}, {3}], [{8, 1}, {7}, {4, 6}, {2, 5}, {3}], [{8, 1}, {7}, {4, 6}, {3, 5}, {2}], [{8, 1}, {7}, {4, 6}, {5}, {2, 3}], [{8, 1}, {7}, {5, 6}, {2, 4}, {3}], [{8, 2}, {1, 7}, {3, 6}, {4, 5}], [{8, 2}, {1, 7}, {4, 6}, {3, 5}], [{8, 2}, {1, 7}, {5, 6}, {3, 4}], [{8, 2}, {3, 7}, {1, 6}, {4, 5}], [{8, 2}, {3, 7}, {1, 6}, {5}, {4}], [{8, 2}, {3, 7}, {4, 6}, {1, 5}], [{8, 2}, {3, 7}, {5, 6}, {1, 4}], [{8, 2}, {4, 7}, {1, 6}, {3, 5}], [{8, 2}, {4, 7}, {1, 6}, {5}, {3}], [{8, 2}, {4, 7}, {3, 6}, {1, 5}], [{8, 2}, {4, 7}, {5, 6}, {1, 3}], [{8, 2}, {4, 7}, {5, 6}, {3}, {1}], [{8, 2}, {4, 7}, {6}, {1, 5}, {3}], [{8, 2}, {5, 7}, {1, 6}, {3, 4}], [{8, 2}, {5, 7}, {3, 6}, {1, 4}], [{8, 2}, {5, 7}, {4, 6}, {1, 3}], [{8, 2}, {6, 7}, {1, 5}, {3, 4}], [{8, 2}, {6, 7}, {3, 5}, {1, 4}], [{8, 2}, {6, 7}, {3, 5}, {4}, {1}], [{8, 2}, {6, 7}, {4, 5}, {1, 3}], [{8, 2}, {7}, {1, 6}, {5}, {3, 4}], [{8, 3}, {1, 7}, {2, 6}, {4, 5}], [{8, 3}, {1, 7}, {4, 6}, {2, 5}], [{8, 3}, {1, 7}, {5, 6}, {2, 4}], [{8, 3}, {1, 7}, {6}, {2, 5}, {4}], [{8, 3}, {2, 7}, {1, 6}, {4, 5}], [{8, 3}, {2, 7}, {4, 6}, {1, 5}], [{8, 3}, {2, 7}, {5, 6}, {1, 4}], [{8, 3}, {2, 7}, {5, 6}, {4}, {1}], [{8, 3}, {4, 7}, {1, 6}, {2, 5}], [{8, 3}, {4, 7}, {2, 6}, {1, 5}], [{8, 3}, {4, 7}, {5, 6}, {1, 2}], [{8, 3}, {4, 7}, {5, 6}, {2}, {1}], [{8, 3}, {4, 7}, {6}, {5}, {1, 2}], [{8, 3}, {5, 7}, {1, 6}, {2, 4}], [{8, 3}, {5, 7}, {2, 6}, {1, 4}], [{8, 3}, {5, 7}, {4, 6}, {1, 2}], [{8, 3}, {5, 7}, {6}, {2, 4}, {1}], [{8, 3}, {6, 7}, {1, 5}, {2, 4}], [{8, 3}, {6, 7}, {2, 5}, {1, 4}], [{8, 3}, {6, 7}, {4, 5}, {1, 2}], [{8, 3}, {6, 7}, {5}, {2, 4}, {1}], [{8, 3}, {7}, {5, 6}, {2, 4}, {1}], [{8, 4}, {1, 7}, {2, 6}, {3, 5}], [{8, 4}, {1, 7}, {3, 6}, {2, 5}], [{8, 4}, {1, 7}, {5, 6}, {2, 3}], [{8, 4}, {2, 7}, {1, 6}, {3, 5}], [{8, 4}, {2, 7}, {1, 6}, {5}, {3}], [{8, 4}, {2, 7}, {3, 6}, {1, 5}], [{8, 4}, {2, 7}, {5, 6}, {1, 3}], [{8, 4}, {2, 7}, {5, 6}, {3}, {1}], [{8, 4}, {2, 7}, {6}, {1, 5}, {3}], [{8, 4}, {3, 7}, {1, 6}, {2, 5}], [{8, 4}, {3, 7}, {2, 6}, {1, 5}], [{8, 4}, {3, 7}, {5, 6}, {1, 2}], [{8, 4}, {5, 7}, {1, 6}, {2, 3}], [{8, 4}, {5, 7}, {2, 6}, {1, 3}], [{8, 4}, {5, 7}, {3, 6}, {1, 2}], [{8, 4}, {6, 7}, {1, 5}, {2, 3}], [{8, 4}, {6, 7}, {1, 5}, {3}, {2}], [{8, 4}, {6, 7}, {2, 5}, {1, 3}], [{8, 4}, {6, 7}, {3, 5}, {1, 2}], [{8, 4}, {7}, {2, 6}, {1, 5}, {3}], [{8, 5}, {1, 7}, {2, 6}, {3, 4}], [{8, 5}, {1, 7}, {3, 6}, {2, 4}], [{8, 5}, {1, 7}, {4, 6}, {2, 3}], [{8, 5}, {2, 7}, {1, 6}, {3, 4}], [{8, 5}, {2, 7}, {3, 6}, {1, 4}], [{8, 5}, {2, 7}, {4, 6}, {1, 3}], [{8, 5}, {3, 7}, {1, 6}, {2, 4}], [{8, 5}, {3, 7}, {2, 6}, {1, 4}], [{8, 5}, {3, 7}, {4, 6}, {1, 2}], [{8, 5}, {4, 7}, {1, 6}, {2, 3}], [{8, 5}, {4, 7}, {2, 6}, {1, 3}], [{8, 5}, {4, 7}, {3, 6}, {1, 2}], [{8, 5}, {6, 7}, {1, 4}, {2, 3}], [{8, 5}, {6, 7}, {2, 4}, {1, 3}], [{8, 5}, {6, 7}, {3, 4}, {1, 2}], [{8, 5}, {6, 7}, {4}, {1, 3}, {2}], [{8, 5}, {7}, {6}, {2, 4}, {1, 3}], [{8, 6}, {1, 7}, {2, 5}, {3, 4}], [{8, 6}, {1, 7}, {3, 5}, {2, 4}], [{8, 6}, {1, 7}, {4, 5}, {2, 3}], [{8, 6}, {2, 7}, {1, 5}, {3, 4}], [{8, 6}, {2, 7}, {3, 5}, {1, 4}], [{8, 6}, {2, 7}, {4, 5}, {1, 3}], [{8, 6}, {3, 7}, {1, 5}, {2, 4}], [{8, 6}, {3, 7}, {2, 5}, {1, 4}], [{8, 6}, {3, 7}, {4, 5}, {1, 2}], [{8, 6}, {4, 7}, {1, 5}, {2, 3}], [{8, 6}, {4, 7}, {2, 5}, {1, 3}], [{8, 6}, {4, 7}, {3, 5}, {1, 2}], [{8, 6}, {5, 7}, {1, 4}, {2, 3}], [{8, 6}, {5, 7}, {2, 4}, {1, 3}], [{8, 6}, {5, 7}, {3, 4}, {1, 2}], [{8, 6}, {5, 7}, {4}, {2, 3}, {1}], [{8, 6}, {7}, {2, 5}, {3, 4}, {1}], [{8, 6}, {7}, {5}, {2, 4}, {1, 3}], [{8, 7}, {1, 6}, {2, 5}, {3, 4}], [{8, 7}, {1, 6}, {3, 5}, {2, 4}], [{8, 7}, {1, 6}, {4, 5}, {2, 3}], [{8, 7}, {1, 6}, {5}, {2, 4}, {3}], [{8, 7}, {2, 6}, {1, 5}, {3, 4}], [{8, 7}, {2, 6}, {3, 5}, {1, 4}], [{8, 7}, {2, 6}, {4, 5}, {1, 3}], [{8, 7}, {3, 6}, {1, 5}, {2, 4}], [{8, 7}, {3, 6}, {2, 5}, {1, 4}], [{8, 7}, {3, 6}, {4, 5}, {1, 2}], [{8, 7}, {3, 6}, {5}, {2, 4}, {1}], [{8, 7}, {4, 6}, {1, 5}, {2, 3}], [{8, 7}, {4, 6}, {2, 5}, {1, 3}], [{8, 7}, {4, 6}, {2, 5}, {3}, {1}], [{8, 7}, {4, 6}, {3, 5}, {1, 2}], [{8, 7}, {5, 6}, {1, 4}, {2, 3}], [{8, 7}, {5, 6}, {2, 4}, {1, 3}], [{8, 7}, {5, 6}, {2, 4}, {3}, {1}], [{8, 7}, {5, 6}, {3, 4}, {1, 2}], [{8, 7}, {6}, {1, 5}, {2, 4}, {3}], [{8, 7}, {6}, {2, 5}, {4}, {1, 3}], [{8, 7}, {6}, {3, 5}, {2, 4}, {1}], [{8, 7}, {6}, {4, 5}, {1, 3}, {2}], [{8, 7}, {6}, {5}, {2, 4}, {1, 3}], [{8}, {1, 7}, {4, 6}, {2, 5}, {3}], [{8}, {1, 7}, {5, 6}, {2, 4}, {3}], [{8}, {2, 7}, {5, 6}, {1, 4}, {3}], [{8}, {2, 7}, {5, 6}, {3, 4}, {1}], [{8}, {2, 7}, {5, 6}, {4}, {1, 3}], [{8}, {2, 7}, {5, 6}, {4}, {3}, {1}], [{8}, {3, 7}, {1, 6}, {4, 5}, {2}], [{8}, {3, 7}, {2, 6}, {4, 5}, {1}], [{8}, {3, 7}, {5, 6}, {2, 4}, {1}], [{8}, {3, 7}, {6}, {4, 5}, {1, 2}], [{8}, {4, 7}, {2, 6}, {3, 5}, {1}], [{8}, {4, 7}, {3, 6}, {2, 5}, {1}], [{8}, {4, 7}, {5, 6}, {1, 3}, {2}], [{8}, {4, 7}, {5, 6}, {2, 3}, {1}], [{8}, {4, 7}, {5, 6}, {3}, {1, 2}], [{8}, {4, 7}, {5, 6}, {3}, {2}, {1}], [{8}, {5, 7}, {1, 6}, {3, 4}, {2}], [{8}, {5, 7}, {2, 6}, {3, 4}, {1}], [{8}, {5, 7}, {6}, {2, 4}, {1, 3}], [{8}, {5, 7}, {6}, {3, 4}, {1, 2}], [{8}, {6, 7}, {3, 5}, {4}, {1, 2}], [{8}, {6, 7}, {5}, {2, 4}, {1, 3}], [{8}, {7}, {1, 6}, {3, 5}, {2, 4}], [{8}, {7}, {3, 6}, {1, 5}, {2, 4}], [{8}, {7}, {5, 6}, {2, 4}, {1, 3}], [{8}, {7}, {5, 6}, {2, 4}, {3}, {1}], [{8}, {7}, {6}, {5}, {2, 4}, {1, 3}]]",2,4 K_1^3 - 18 K_1^2 - 12 K_1 K_2 + 3 K_1 + 9 K_2 + 5 K_3 + 10,O1O2O3O4U5U6U3O7U8O6O8U4U1O5U2U7,O1O2O3U4U1U5U6O7O5U3O6O4U8U2O8U7,O1O2O3U4O5U2U5O6O7U1O8O4U7U8U3U6,c,{'O1O2O3O4U5U3O6U4U1O7O8U7O5U2U8U6'},1,"<a href=""/flatknot/8.850622"">8.850622</a>",t^9-25t^7-34t^6+59t^5+50t^4-50t^3+4t^2-11t+6,-t^2+2t,,
8.850623,O1O2O3O4U5U3O6U4U1O7O8U7O5U6U2U8,4,2z^3+18z^2+65z+75,2w^4z^3+18w^3z^2+65w^2z+75w,False,False,"[[ 0 -1  0  0  1 -1  0 -1  2],[ 1  0  1 -1  1 -1  1  0  1],[ 0 -1  0  0  1 -1  0  0  2],[ 0  1  0  0  1 -1  0  0 -1],[-1 -1 -1 -1  0 -1  0  0  0],[ 1  1  1  1  1  0  0 -1  0],[ 0 -1  0  0  0  0  0  0  2],[ 1  0  0  0  0  1  0  0  1],[-2 -1 -2  1  0  0 -2 -1  0]]","[[ 0  2  1  0  0  0 -1 -1 -1],[-2  0  0  1 -2 -2  0 -1 -1],[-1  0  0 -1  0 -1 -1  0 -1],[ 0 -1  1  0  0  0 -1  0  1],[ 0  2  0  0  0  0  0  0 -1],[ 0  2  1  0  0  0 -1  0 -1],[ 1  0  1  1  0  1  0 -1  1],[ 1  1  0  0  0  0  1  0  0],[ 1  1  1 -1  1  1 -1  0  0]]",True,"[-2,-1,0,0,0,1,1,1,0,-1,2,2,0,1,1,1,0,1,1,0,1,0,0,1,0,-1,0,0,0,1,1,0,1,1,-1,0]","[-2,-1,0,0,0,1,1,1,0,-1,2,2,0,1,1,1,0,1,1,0,1,0,0,1,0,-1,0,0,0,1,1,0,1,1,-1,0]",t^8+22t^6+109t^4+49t^2+1,"[-1,-1,-1,0,0,0,1,2,-1,0,1,1,1,2,2,-1,0,0,1,1,3,0,2,0,1,2,0,0,0,0,0,0,3,1,0,1]","[-2,-1,0,0,0,1,1,1,1,0,0,3,2,2,3,0,1,0,1,2,1,0,0,0,1,0,0,0,1,1,2,1,0,0,-1,1]","[-1,-1,-1,0,0,0,1,2,-1,0,-1,1,1,1,1,-1,1,0,1,1,0,0,0,0,0,1,0,0,1,-1,0,0,2,1,2,0]",c,"[[{8, 1}, {2, 7}, {3, 6}, {4, 5}], [{8, 1}, {2, 7}, {4, 6}, {3, 5}], [{8, 1}, {2, 7}, {4, 6}, {5}, {3}], [{8, 1}, {2, 7}, {5, 6}, {3, 4}], [{8, 1}, {2, 7}, {5, 6}, {4}, {3}], [{8, 1}, {2, 7}, {6}, {4, 5}, {3}], [{8, 1}, {3, 7}, {2, 6}, {4, 5}], [{8, 1}, {3, 7}, {4, 6}, {2, 5}], [{8, 1}, {3, 7}, {4, 6}, {5}, {2}], [{8, 1}, {3, 7}, {5, 6}, {2, 4}], [{8, 1}, {3, 7}, {5, 6}, {4}, {2}], [{8, 1}, {3, 7}, {6}, {4, 5}, {2}], [{8, 1}, {4, 7}, {2, 6}, {3, 5}], [{8, 1}, {4, 7}, {3, 6}, {2, 5}], [{8, 1}, {4, 7}, {3, 6}, {5}, {2}], [{8, 1}, {4, 7}, {5, 6}, {2, 3}], [{8, 1}, {5, 7}, {2, 6}, {3, 4}], [{8, 1}, {5, 7}, {3, 6}, {2, 4}], [{8, 1}, {5, 7}, {3, 6}, {4}, {2}], [{8, 1}, {5, 7}, {4, 6}, {2, 3}], [{8, 1}, {6, 7}, {2, 5}, {3, 4}], [{8, 1}, {6, 7}, {2, 5}, {4}, {3}], [{8, 1}, {6, 7}, {3, 5}, {2, 4}], [{8, 1}, {6, 7}, {4, 5}, {2, 3}], [{8, 1}, {6, 7}, {4, 5}, {3}, {2}], [{8, 1}, {6, 7}, {5}, {2, 4}, {3}], [{8, 1}, {7}, {2, 6}, {4, 5}, {3}], [{8, 1}, {7}, {3, 6}, {4, 5}, {2}], [{8, 1}, {7}, {4, 6}, {5}, {2, 3}], [{8, 1}, {7}, {5, 6}, {4}, {2, 3}], [{8, 1}, {7}, {6}, {4, 5}, {2, 3}], [{8, 1}, {7}, {6}, {4, 5}, {3}, {2}], [{8, 2}, {1, 7}, {3, 6}, {4, 5}], [{8, 2}, {1, 7}, {4, 6}, {3, 5}], [{8, 2}, {1, 7}, {4, 6}, {5}, {3}], [{8, 2}, {1, 7}, {5, 6}, {3, 4}], [{8, 2}, {1, 7}, {5, 6}, {4}, {3}], [{8, 2}, {1, 7}, {6}, {4, 5}, {3}], [{8, 2}, {3, 7}, {1, 6}, {4, 5}], [{8, 2}, {3, 7}, {4, 6}, {1, 5}], [{8, 2}, {3, 7}, {4, 6}, {5}, {1}], [{8, 2}, {3, 7}, {5, 6}, {1, 4}], [{8, 2}, {3, 7}, {5, 6}, {4}, {1}], [{8, 2}, {3, 7}, {6}, {4, 5}, {1}], [{8, 2}, {4, 7}, {1, 6}, {3, 5}], [{8, 2}, {4, 7}, {3, 6}, {1, 5}], [{8, 2}, {4, 7}, {3, 6}, {5}, {1}], [{8, 2}, {4, 7}, {5, 6}, {1, 3}], [{8, 2}, {5, 7}, {1, 6}, {3, 4}], [{8, 2}, {5, 7}, {3, 6}, {1, 4}], [{8, 2}, {5, 7}, {4, 6}, {1, 3}], [{8, 2}, {5, 7}, {6}, {3, 4}, {1}], [{8, 2}, {6, 7}, {1, 5}, {3, 4}], [{8, 2}, {6, 7}, {3, 5}, {1, 4}], [{8, 2}, {6, 7}, {4, 5}, {1, 3}], [{8, 2}, {7}, {4, 6}, {5}, {1, 3}], [{8, 2}, {7}, {5, 6}, {4}, {1, 3}], [{8, 2}, {7}, {6}, {4, 5}, {1, 3}], [{8, 3}, {1, 7}, {2, 6}, {4, 5}], [{8, 3}, {1, 7}, {4, 6}, {2, 5}], [{8, 3}, {1, 7}, {4, 6}, {5}, {2}], [{8, 3}, {1, 7}, {5, 6}, {2, 4}], [{8, 3}, {1, 7}, {5, 6}, {4}, {2}], [{8, 3}, {1, 7}, {6}, {4, 5}, {2}], [{8, 3}, {2, 7}, {1, 6}, {4, 5}], [{8, 3}, {2, 7}, {4, 6}, {1, 5}], [{8, 3}, {2, 7}, {4, 6}, {5}, {1}], [{8, 3}, {2, 7}, {5, 6}, {1, 4}], [{8, 3}, {2, 7}, {5, 6}, {4}, {1}], [{8, 3}, {2, 7}, {6}, {4, 5}, {1}], [{8, 3}, {4, 7}, {1, 6}, {2, 5}], [{8, 3}, {4, 7}, {2, 6}, {1, 5}], [{8, 3}, {4, 7}, {5, 6}, {1, 2}], [{8, 3}, {5, 7}, {1, 6}, {2, 4}], [{8, 3}, {5, 7}, {2, 6}, {1, 4}], [{8, 3}, {5, 7}, {4, 6}, {1, 2}], [{8, 3}, {6, 7}, {1, 5}, {2, 4}], [{8, 3}, {6, 7}, {2, 5}, {1, 4}], [{8, 3}, {6, 7}, {4, 5}, {1, 2}], [{8, 3}, {6, 7}, {4, 5}, {2}, {1}], [{8, 3}, {7}, {1, 6}, {4, 5}, {2}], [{8, 3}, {7}, {2, 6}, {4, 5}, {1}], [{8, 3}, {7}, {4, 6}, {5}, {1, 2}], [{8, 3}, {7}, {5, 6}, {4}, {1, 2}], [{8, 3}, {7}, {6}, {4, 5}, {1, 2}], [{8, 3}, {7}, {6}, {4, 5}, {2}, {1}], [{8, 4}, {1, 7}, {2, 6}, {3, 5}], [{8, 4}, {1, 7}, {3, 6}, {2, 5}], [{8, 4}, {1, 7}, {5, 6}, {2, 3}], [{8, 4}, {2, 7}, {1, 6}, {3, 5}], [{8, 4}, {2, 7}, {1, 6}, {5}, {3}], [{8, 4}, {2, 7}, {3, 6}, {1, 5}], [{8, 4}, {2, 7}, {5, 6}, {1, 3}], [{8, 4}, {2, 7}, {5, 6}, {3}, {1}], [{8, 4}, {2, 7}, {6}, {1, 5}, {3}], [{8, 4}, {3, 7}, {1, 6}, {2, 5}], [{8, 4}, {3, 7}, {1, 6}, {5}, {2}], [{8, 4}, {3, 7}, {2, 6}, {1, 5}], [{8, 4}, {3, 7}, {5, 6}, {1, 2}], [{8, 4}, {5, 7}, {1, 6}, {2, 3}], [{8, 4}, {5, 7}, {2, 6}, {1, 3}], [{8, 4}, {5, 7}, {3, 6}, {1, 2}], [{8, 4}, {6, 7}, {1, 5}, {2, 3}], [{8, 4}, {6, 7}, {1, 5}, {3}, {2}], [{8, 4}, {6, 7}, {2, 5}, {1, 3}], [{8, 4}, {6, 7}, {2, 5}, {3}, {1}], [{8, 4}, {6, 7}, {3, 5}, {1, 2}], [{8, 4}, {6, 7}, {5}, {3}, {1, 2}], [{8, 4}, {7}, {1, 6}, {5}, {2, 3}], [{8, 4}, {7}, {2, 6}, {1, 5}, {3}], [{8, 5}, {1, 7}, {2, 6}, {3, 4}], [{8, 5}, {1, 7}, {3, 6}, {2, 4}], [{8, 5}, {1, 7}, {4, 6}, {2, 3}], [{8, 5}, {2, 7}, {1, 6}, {3, 4}], [{8, 5}, {2, 7}, {3, 6}, {1, 4}], [{8, 5}, {2, 7}, {4, 6}, {1, 3}], [{8, 5}, {3, 7}, {1, 6}, {2, 4}], [{8, 5}, {3, 7}, {1, 6}, {4}, {2}], [{8, 5}, {3, 7}, {2, 6}, {1, 4}], [{8, 5}, {3, 7}, {4, 6}, {1, 2}], [{8, 5}, {4, 7}, {1, 6}, {2, 3}], [{8, 5}, {4, 7}, {2, 6}, {1, 3}], [{8, 5}, {4, 7}, {3, 6}, {1, 2}], [{8, 5}, {4, 7}, {3, 6}, {2}, {1}], [{8, 5}, {6, 7}, {1, 4}, {2, 3}], [{8, 5}, {6, 7}, {2, 4}, {1, 3}], [{8, 5}, {6, 7}, {3, 4}, {1, 2}], [{8, 6}, {1, 7}, {2, 5}, {3, 4}], [{8, 6}, {1, 7}, {2, 5}, {4}, {3}], [{8, 6}, {1, 7}, {3, 5}, {2, 4}], [{8, 6}, {1, 7}, {4, 5}, {2, 3}], [{8, 6}, {1, 7}, {4, 5}, {3}, {2}], [{8, 6}, {1, 7}, {5}, {2, 4}, {3}], [{8, 6}, {2, 7}, {1, 5}, {3, 4}], [{8, 6}, {2, 7}, {3, 5}, {1, 4}], [{8, 6}, {2, 7}, {4, 5}, {1, 3}], [{8, 6}, {3, 7}, {1, 5}, {2, 4}], [{8, 6}, {3, 7}, {2, 5}, {1, 4}], [{8, 6}, {3, 7}, {2, 5}, {4}, {1}], [{8, 6}, {3, 7}, {4, 5}, {1, 2}], [{8, 6}, {3, 7}, {4, 5}, {2}, {1}], [{8, 6}, {3, 7}, {5}, {2, 4}, {1}], [{8, 6}, {4, 7}, {1, 5}, {2, 3}], [{8, 6}, {4, 7}, {2, 5}, {1, 3}], [{8, 6}, {4, 7}, {3, 5}, {1, 2}], [{8, 6}, {5, 7}, {1, 4}, {2, 3}], [{8, 6}, {5, 7}, {2, 4}, {1, 3}], [{8, 6}, {5, 7}, {3, 4}, {1, 2}], [{8, 6}, {7}, {2, 5}, {4}, {1, 3}], [{8, 6}, {7}, {4, 5}, {1, 3}, {2}], [{8, 6}, {7}, {5}, {2, 4}, {1, 3}], [{8, 7}, {1, 6}, {2, 5}, {3, 4}], [{8, 7}, {1, 6}, {2, 5}, {4}, {3}], [{8, 7}, {1, 6}, {3, 5}, {2, 4}], [{8, 7}, {1, 6}, {4, 5}, {2, 3}], [{8, 7}, {1, 6}, {4, 5}, {3}, {2}], [{8, 7}, {1, 6}, {5}, {2, 4}, {3}], [{8, 7}, {2, 6}, {1, 5}, {3, 4}], [{8, 7}, {2, 6}, {3, 5}, {1, 4}], [{8, 7}, {2, 6}, {4, 5}, {1, 3}], [{8, 7}, {2, 6}, {4, 5}, {3}, {1}], [{8, 7}, {3, 6}, {1, 5}, {2, 4}], [{8, 7}, {3, 6}, {2, 5}, {1, 4}], [{8, 7}, {3, 6}, {4, 5}, {1, 2}], [{8, 7}, {3, 6}, {4, 5}, {2}, {1}], [{8, 7}, {4, 6}, {1, 5}, {2, 3}], [{8, 7}, {4, 6}, {2, 5}, {1, 3}], [{8, 7}, {4, 6}, {3, 5}, {1, 2}], [{8, 7}, {4, 6}, {5}, {1, 3}, {2}], [{8, 7}, {4, 6}, {5}, {2, 3}, {1}], [{8, 7}, {4, 6}, {5}, {3}, {1, 2}], [{8, 7}, {5, 6}, {1, 4}, {2, 3}], [{8, 7}, {5, 6}, {2, 4}, {1, 3}], [{8, 7}, {5, 6}, {3, 4}, {1, 2}], [{8, 7}, {5, 6}, {4}, {1, 3}, {2}], [{8, 7}, {5, 6}, {4}, {2, 3}, {1}], [{8, 7}, {5, 6}, {4}, {3}, {1, 2}], [{8, 7}, {6}, {4, 5}, {1, 3}, {2}], [{8, 7}, {6}, {4, 5}, {2, 3}, {1}], [{8, 7}, {6}, {4, 5}, {3}, {1, 2}], [{8, 7}, {6}, {4, 5}, {3}, {2}, {1}], [{8}, {1, 7}, {2, 6}, {4, 5}, {3}], [{8}, {1, 7}, {3, 6}, {4, 5}, {2}], [{8}, {1, 7}, {4, 6}, {5}, {2, 3}], [{8}, {1, 7}, {5, 6}, {4}, {2, 3}], [{8}, {1, 7}, {6}, {4, 5}, {2, 3}], [{8}, {1, 7}, {6}, {4, 5}, {3}, {2}], [{8}, {2, 7}, {4, 6}, {5}, {1, 3}], [{8}, {2, 7}, {5, 6}, {1, 4}, {3}], [{8}, {2, 7}, {5, 6}, {3, 4}, {1}], [{8}, {2, 7}, {5, 6}, {4}, {1, 3}], [{8}, {2, 7}, {5, 6}, {4}, {3}, {1}], [{8}, {2, 7}, {6}, {4, 5}, {1, 3}], [{8}, {3, 7}, {1, 6}, {4, 5}, {2}], [{8}, {3, 7}, {2, 6}, {4, 5}, {1}], [{8}, {3, 7}, {4, 6}, {5}, {1, 2}], [{8}, {3, 7}, {5, 6}, {4}, {1, 2}], [{8}, {3, 7}, {6}, {4, 5}, {1, 2}], [{8}, {3, 7}, {6}, {4, 5}, {2}, {1}], [{8}, {4, 7}, {1, 6}, {3, 5}, {2}], [{8}, {4, 7}, {3, 6}, {1, 5}, {2}], [{8}, {4, 7}, {3, 6}, {2, 5}, {1}], [{8}, {4, 7}, {3, 6}, {5}, {1, 2}], [{8}, {6, 7}, {2, 5}, {1, 4}, {3}], [{8}, {6, 7}, {4, 5}, {1, 3}, {2}], [{8}, {7}, {2, 6}, {4, 5}, {1, 3}], [{8}, {7}, {6}, {4, 5}, {1, 3}, {2}]]",2,- 10 K_1^2 - 4 K_1 K_2 + 2 K_1 + 5 K_2 + 2 K_3 + 6,O1O2O3O4U5U3U6O7U8O5O8U4U1O6U2U7,O1O2O3U4U2U5U6O7O5U1O6O4U8U3O8U7,O1O2O3U4O5U1U5O6O7U3O8O4U7U8U2U6,c,"{'O1O2O3O4U5U3O6U4U1O7O8U7O5U6U2U8', 'O1O2O3U4O5U3U5O6U1O7O8U7U6O4U2U8'}",2,"<a href=""/flatknot/8.850623"">8.850623</a>",t^9-20t^7-28t^6+54t^5+112t^4-6t^3-104t^2-38t+4,-t^2+2t,,
8.850624,O1O2O3O4U5U3O6U4U1O7O8U7O5U6U8U2,3,8z^2+57z+83,8w^3z^2+57w^2z+83w,False,False,"[[ 0 -1  1  0  1 -1  0 -1  1],[ 1  0  1 -1  1 -1  1  0  0],[-1 -1  0  0  1 -1 -1 -1  1],[ 0  1  0  0  1 -1  0  0 -1],[-1 -1 -1 -1  0 -1  0  0  0],[ 1  1  1  1  1  0  0 -1 -1],[ 0 -1  1  0  0  0  0  0  2],[ 1  0  1  0  0  1  0  0  1],[-1  0 -1  1  0  1 -2 -1  0]]","[[ 0  1  1  1  0  0 -1 -1 -1],[-1  0  1  1  0 -1 -1 -1 -1],[-1 -1  0  0  1 -2  1  0 -1],[-1 -1  0  0 -1  0 -1 -1  0],[ 0  0 -1  1  0  0 -1  1  0],[ 0  1  2  0  0  0  0 -1  0],[ 1  1 -1  1  1  0  0  1 -1],[ 1  1  0  1 -1  1 -1  0  0],[ 1  1  1  0  0  0  1  0  0]]",True,"[-1,-1,-1,0,0,1,1,1,-1,-1,0,1,1,1,1,0,-1,2,-1,0,1,1,0,1,1,0,0,1,-1,0,0,1,0,-1,1,0]","[-1,-1,-1,0,0,1,1,1,-1,-1,0,1,1,1,1,0,-1,2,-1,0,1,1,0,1,1,0,0,1,-1,0,0,1,0,-1,1,0]",t^8+21t^6+110t^4+50t^2,"[-1,-1,-1,0,0,1,1,1,-1,0,1,1,1,1,2,-1,0,1,1,3,1,2,0,1,2,1,0,1,2,0,0,-1,1,-1,-1,0]","[-1,-1,-1,0,0,1,1,1,-1,0,-1,2,1,2,3,1,0,1,1,1,1,1,0,2,1,1,0,1,0,1,1,2,0,0,1,-1]","[-1,-1,-1,0,0,1,1,1,-1,0,-1,1,0,1,1,-1,1,0,-1,1,1,0,0,1,0,1,0,-1,1,0,2,0,1,0,-1,-1]",c,"[[{8, 1}, {2, 7}, {3, 6}, {4, 5}], [{8, 1}, {2, 7}, {6}, {4, 5}, {3}], [{8, 1}, {4, 7}, {3, 6}, {2, 5}], [{8, 3}, {1, 7}, {4, 6}, {2, 5}], [{8, 3}, {1, 7}, {4, 6}, {5}, {2}], [{8, 4}, {3, 7}, {1, 6}, {2, 5}]]",1,4 K_1^3 - 20 K_1^2 - 8 K_1 K_2 + K_1 + 10 K_2 + 3 K_3 + 11,O1O2O3O4U3U5U6O7U8O5O8U4U1O6U2U7,O1O2O3U4U3U5U6O7O5U1O6O4U8U2O8U7,O1O2O3U4O5U2U5O6O7U3O8O4U7U8U1U6,c,"{'O1O2O3O4U5U3O6U4U1O7O8U7O5U6U8U2', 'O1O2O3U4O5U3U5O6U1O7O8U7U6O4U8U2'}",2,"<a href=""/flatknot/8.850624"">8.850624</a>",t^9-21t^7-30t^6+58t^5+108t^4-18t^3-78t^2-20t,0,,
8.850625,O1O2O3O4U5U3O6U4U1O7O8U7O5U8U2U6,4,17z^2+98z+129,17w^3z^2+98w^2z+129w,False,False,"[[ 0 -1  0  0  1 -1  2 -1  0],[ 1  0  0 -1  1 -1  2  0 -1],[ 0  0  0  0  2 -1  1 -1  0],[ 0  1  0  0  1 -1  0  0 -1],[-1 -1 -2 -1  0 -1  0  0 -1],[ 1  1  1  1  1  0  1 -1 -1],[-2 -2 -1  0  0 -1  0 -1  1],[ 1  0  1  0  0  1  1  0  1],[ 0  1  0  1  1  1 -1 -1  0]]","[[ 0  2  1  0  0  0 -1 -1 -1],[-2  0  0  1  0 -1 -1 -1 -2],[-1  0  0 -1 -1 -2  0 -1 -1],[ 0 -1  1  0  1  0 -1  1  1],[ 0  0  1 -1  0  0  0 -1  1],[ 0  1  2  0  0  0 -1 -1  0],[ 1  1  0  1  0  1  0  1  0],[ 1  1  1 -1  1  1 -1  0  1],[ 1  2  1 -1 -1  0  0 -1  0]]",True,"[-2,-1,0,0,0,1,1,1,0,-1,0,1,1,1,2,1,1,2,0,1,1,-1,0,1,-1,-1,0,0,1,-1,1,1,0,-1,0,-1]","[-2,-1,0,0,0,1,1,1,0,-1,0,1,1,1,2,1,1,2,0,1,1,-1,0,1,-1,-1,0,0,1,-1,1,1,0,-1,0,-1]",t^8+26t^6+156t^4+152t^2+1,"[-1,-1,-1,0,0,0,1,2,-1,0,0,0,1,2,2,-1,0,2,0,1,2,1,2,2,1,1,0,0,-1,1,-1,0,3,0,2,1]","[-2,-1,0,0,0,1,1,1,1,1,2,3,1,2,2,-1,0,0,1,1,2,0,0,1,0,0,-1,2,0,1,2,2,0,-1,0,-1]","[-1,-1,-1,0,0,0,1,2,-1,0,-1,-1,0,1,2,-1,-1,1,1,1,1,1,0,1,0,1,1,0,1,-1,0,1,0,2,1,0]",c,"[[{8, 4}, {3, 7}, {1, 6}, {2, 5}]]",1,8 K_1^3 - 26 K_1^2 - 12 K_1 K_2 + 13 K_2 + 4 K_3 + 14,O1O2O3O4U5U3U6O7U8O6O8U4U1O5U2U7,O1O2O3U4U2U5U6O7O5U3O6O4U8U1O8U7,O1O2O3U4O5U3U5O6O7U1O8O4U7U8U2U6,c,{'O1O2O3O4U5U3O6U4U1O7O8U7O5U8U2U6'},1,"<a href=""/flatknot/8.850625"">8.850625</a>",t^9-24t^7-50t^6+21t^5+94t^4+31t^3+4t^2-23t-54,-t^2+2t,,
8.850626,O1O2O3O4U5U3O6U4U1O7O8U7O5U8U6U2,4,15z^2+100z+141,15w^3z^2+100w^2z+141w,False,False,"[[ 0 -1  1  0  1 -1  1 -1  0],[ 1  0  1 -1  1 -1  1  0 -1],[-1 -1  0  0  1 -1  0 -1  0],[ 0  1  0  0  1 -1  0  0 -1],[-1 -1 -1 -1  0 -1  0  0 -1],[ 1  1  1  1  1  0  0 -1 -1],[-1 -1  0  0  0  0  0 -1  1],[ 1  0  1  0  0  1  1  0  1],[ 0  1  0  1  1  1 -1 -1  0]]","[[ 0  1  1  1  0  0 -1 -1 -1],[-1  0  1  0  0  0 -1 -1 -1],[-1 -1  0  0 -1 -1  0 -1 -1],[-1  0  0  0  1  0 -1  0 -1],[ 0  0  1 -1  0  1 -1  1  1],[ 0  0  1  0 -1  0  0 -1  1],[ 1  1  0  1  1  0  0  1  0],[ 1  1  1  0 -1  1 -1  0  1],[ 1  1  1  1 -1 -1  0 -1  0]]",True,"[-1,-1,-1,0,0,1,1,1,-1,0,0,0,1,1,1,0,1,1,0,1,1,-1,0,1,0,1,-1,1,-1,-1,0,1,-1,-1,0,-1]","[-1,-1,-1,0,0,1,1,1,-1,0,-1,-1,1,1,1,-1,-1,1,0,1,1,1,0,1,0,1,1,-1,1,0,0,1,0,0,0,-1]",t^8+19t^6+85t^4+51t^2+4,"[-1,-1,-1,0,0,1,1,1,-1,0,0,1,1,1,2,-1,2,0,1,2,1,2,2,1,1,1,-1,1,2,0,1,1,0,0,-1,0]","[-1,-1,-1,0,0,1,1,1,-1,0,0,0,1,1,2,0,1,1,1,1,1,1,2,1,2,1,-1,2,0,1,2,2,0,-1,0,-1]","[-1,-1,-1,0,0,1,1,1,-1,0,-1,-1,1,1,1,-1,-1,1,0,1,1,1,0,1,0,1,1,-1,1,0,0,1,0,0,0,-1]",c,"[[{8, 3}, {4, 7}, {1, 6}, {2, 5}]]",1,4 K_1^3 - 32 K_1^2 - 8 K_1 K_2 + K_1 + 16 K_2 + 3 K_3 + 17,O1O2O3O4U3U5U6O7U8O6O8U4U1O5U2U7,O1O2O3U4U3U5U6O7O5U2O6O4U8U1O8U7,O1O2O3U4O5U3U5O6O7U2O8O4U7U8U1U6,c,{'O1O2O3O4U5U3O6U4U1O7O8U7O5U8U6U2'},1,"<a href=""/flatknot/8.850626"">8.850626</a>",t^9-19t^7-36t^6+5t^5+48t^4+32t^3+12t^2-9t-14,0,,
8.850627,O1O2O3O4U5U3O6U4U2O7O8U1O5U6U8U7,3,19z^2+70z+65,19w^3z^2+70w^2z+65w,False,False,"[[ 0 -2  0  0  1 -1  0  1  1],[ 2  0  0 -1  1 -1  2  2  1],[ 0  0  0 -1  1 -2  1  0  0],[ 0  1  1  0  1 -1  0 -1 -1],[-1 -1 -1 -1  0 -1  0  0  0],[ 1  1  2  1  1  0  0 -1  0],[ 0 -2 -1  0  0  0  0  2  1],[-1 -2  0  1  0  1 -2  0  0],[-1 -1  0  1  0  0 -1  0  0]]","[[ 0  1  1  1  0  0  0 -1 -2],[-1  0  0  0  1  0 -1  0 -1],[-1  0  0  0  1  0 -2  1 -2],[-1  0  0  0 -1 -1  0 -1 -1],[ 0 -1 -1  1  0  1  0 -1  1],[ 0  0  0  1 -1  0  1 -2  0],[ 0  1  2  0  0 -1  0  0 -2],[ 1  0 -1  1  1  2  0  0  1],[ 2  1  2  1 -1  0  2 -1  0]]",True,"[-1,-1,-1,0,0,0,1,2,0,0,-1,0,1,0,1,0,-1,0,2,-1,2,1,1,0,1,1,-1,0,1,-1,-1,2,0,0,2,-1]","[-2,-1,0,0,0,1,1,1,-1,-1,0,2,1,1,2,1,2,0,0,1,-1,1,0,-1,1,-1,1,0,1,0,1,0,2,0,0,0]",t^8+30t^6+150t^4+51t^2,"[-2,-1,0,0,0,1,1,1,2,0,2,3,1,2,2,1,-1,0,3,1,2,1,0,-1,1,0,1,1,0,1,2,0,2,0,0,0]","[-1,-1,-1,0,0,0,1,2,0,0,-1,1,2,3,1,0,0,1,2,2,2,1,0,0,1,2,-1,0,1,0,-1,-1,2,0,3,2]","[-2,-1,0,0,0,1,1,1,-1,-1,0,2,1,1,2,1,2,0,0,1,-1,1,0,-1,1,-1,1,0,1,0,1,0,2,0,0,0]",c,"[[{8, 1}, {2, 7}, {3, 6}, {4, 5}], [{8, 1}, {2, 7}, {6}, {4, 5}, {3}], [{8, 1}, {4, 7}, {3, 6}, {2, 5}], [{8, 1}, {4, 7}, {6}, {2, 5}, {3}], [{8, 2}, {1, 7}, {3, 6}, {4, 5}], [{8, 2}, {1, 7}, {6}, {4, 5}, {3}], [{8, 7}, {3, 6}, {4, 5}, {1, 2}], [{8, 7}, {6}, {4, 5}, {3}, {1, 2}]]",1,4 K_1^3 - 2 K_1^2 - 4 K_1 K_2 - K_1 + K_2 + K_3 + 2,O1O2O3O4U5U6U7O8U4O6O5U3U1O7U2U8,O1O2O3U4U5U6U7O8O6U1O7O5U3U2O4U8,O1O2O3U4O5U2U1O6O7U3O8O4U7U8U6U5,c,"{'O1O2O3U4O5U3U5O6U2O7O8U1U6O4U8U7', 'O1O2O3O4U5U3O6U4U2O7O8U1O5U6U8U7'}",2,"<a href=""/flatknot/8.850627"">8.850627</a>",t^9-32t^7-54t^6+137t^5+282t^4-22t^3-68t^2+52t+24,t^2-2t,,
8.850628,O1O2O3O4U5U3O6U4U2O7O8U1O5U7U8U6,4,2z^3+34z^2+109z+99,2w^4z^3-2w^4z^2+36w^3z^2-2w^3z+111w^2z+99w,False,False,"[[ 0 -2  0  0  1 -1  2 -1  1],[ 2  0  0 -1  1 -1  4  0  1],[ 0  0  0 -1  1 -2  1 -1 -1],[ 0  1  1  0  1 -1  0 -1 -1],[-1 -1 -1 -1  0 -1  0 -1 -1],[ 1  1  2  1  1  0  0 -1  0],[-2 -4 -1  0  0  0  0 -1  1],[ 1  0  1  1  1  1  1  0  1],[-1 -1  1  1  1  0 -1 -1  0]]","[[ 0  2  1  1  0  0 -1 -1 -2],[-2  0  1  0  0 -1  0 -1 -4],[-1 -1  0  1  1  1  0 -1 -1],[-1  0 -1  0 -1 -1 -1 -1 -1],[ 0  0 -1  1  0  1 -1 -1  1],[ 0  1 -1  1 -1  0 -2 -1  0],[ 1  0  0  1  1  2  0 -1  1],[ 1  1  1  1  1  1  1  0  0],[ 2  4  1  1 -1  0 -1  0  0]]",True,"[-2,-1,-1,0,0,1,1,2,-1,0,0,1,0,1,4,-1,-1,-1,0,1,1,1,1,1,1,1,-1,1,1,-1,2,1,0,1,-1,0]","[-2,-1,-1,0,0,1,1,2,-1,0,-1,0,1,1,4,-1,1,2,0,1,0,1,1,1,1,1,1,-1,1,0,-1,1,1,1,-1,0]",t^8+40t^6+377t^4+104t^2,"[-2,-1,-1,0,0,1,1,2,1,2,2,3,2,2,0,-1,0,0,1,1,2,-1,0,1,2,3,1,0,2,1,0,2,2,1,1,2]","[-2,-1,-1,0,0,1,1,2,1,2,1,2,2,3,0,-1,0,0,1,1,2,2,2,1,2,2,-1,0,-1,2,0,0,3,1,1,2]","[-2,-1,-1,0,0,1,1,2,-1,0,-1,0,1,1,4,-1,1,2,0,1,0,1,1,1,1,1,1,-1,1,0,-1,1,1,1,-1,0]",c,"[[{8, 5}, {4, 7}, {1, 6}, {2, 3}]]",1,- 8 K_1^4 + 20 K_1^3 + 12 K_1^2 K_2 - 12 K_1^2 - 16 K_1 K_2 - 4 K_1 K_3 - 7 K_1 - 2 K_2^2 + 6 K_2 + 3 K_3 + K_4 + 8,O1O2O3O4U5U6U7O8U4O6O7U3U1O5U2U8,O1O2O3U4U5U6U7O8O6U3O7O5U1U2O4U8,O1O2O3U4O5U2U3O6O7U1O8O4U7U8U6U5,c,{'O1O2O3O4U5U3O6U4U2O7O8U1O5U7U8U6'},1,"<a href=""/flatknot/8.850628"">8.850628</a>",t^9-40t^7-62t^6+187t^5+384t^4+85t^3-142t^2-54t,0,,
8.850629,O1O2O3O4U5U3O6U4U2O7O8U1O5U8U6U7,3,6z^2+71z+119,6w^3z^2+71w^2z+119w,False,False,"[[ 0 -2  0  0  1 -1  1  1  0],[ 2  0  0 -1  1 -1  3  2  0],[ 0  0  0 -1  1 -2  1  0 -1],[ 0  1  1  0  1 -1  0 -1 -1],[-1 -1 -1 -1  0 -1  0  0 -1],[ 1  1  2  1  1  0  0 -1  0],[-1 -3 -1  0  0  0  0  1  0],[-1 -2  0  1  0  1 -1  0  0],[ 0  0  1  1  1  0  0  0  0]]","[[ 0  1  1  1  0  0  0 -1 -2],[-1  0  1  0  0  0 -1  0 -3],[-1 -1  0  0  1  0  0  1 -2],[-1  0  0  0 -1 -1 -1 -1 -1],[ 0  0 -1  1  0 -1  1 -1  1],[ 0  0  0  1  1  0  1  0  0],[ 0  1  0  1 -1 -1  0 -2  0],[ 1  0 -1  1  1  0  2  0  1],[ 2  3  2  1 -1  0  0 -1  0]]",True,"[-1,-1,-1,0,0,0,1,2,-1,0,0,0,1,0,3,0,-1,0,0,-1,2,1,1,1,1,1,1,-1,1,-1,-1,0,0,2,0,-1]","[-2,-1,0,0,0,1,1,1,-1,-1,0,0,1,2,3,1,0,2,1,-1,0,-1,1,1,-1,0,1,1,0,0,1,0,1,0,0,-1]",t^8+32t^6+194t^4+35t^2,"[-2,-1,0,0,0,1,1,1,2,2,2,3,0,1,2,-1,1,0,2,3,1,1,1,0,1,0,-1,1,1,0,1,2,0,-1,0,0]","[-1,-1,-1,0,0,0,1,2,-1,0,1,1,2,3,1,0,0,1,1,2,0,0,0,0,1,2,-1,-1,-1,2,1,1,2,0,3,2]","[-2,-1,0,0,0,1,1,1,-1,-1,0,0,1,2,3,1,0,2,1,-1,0,-1,1,1,-1,0,1,1,0,0,1,0,1,0,0,-1]",c,"[[{8, 1}, {2, 7}, {3, 6}, {4, 5}], [{8, 1}, {2, 7}, {3, 6}, {5}, {4}], [{8, 1}, {2, 7}, {4, 6}, {3, 5}], [{8, 1}, {2, 7}, {5, 6}, {3, 4}], [{8, 1}, {2, 7}, {6}, {4, 5}, {3}], [{8, 1}, {3, 7}, {2, 6}, {4, 5}], [{8, 1}, {3, 7}, {2, 6}, {5}, {4}], [{8, 1}, {3, 7}, {4, 6}, {2, 5}], [{8, 1}, {3, 7}, {5, 6}, {2, 4}], [{8, 1}, {4, 7}, {2, 6}, {3, 5}], [{8, 1}, {4, 7}, {3, 6}, {2, 5}], [{8, 1}, {4, 7}, {5, 6}, {2, 3}], [{8, 1}, {4, 7}, {6}, {2, 5}, {3}], [{8, 1}, {5, 7}, {2, 6}, {3, 4}], [{8, 1}, {5, 7}, {2, 6}, {4}, {3}], [{8, 1}, {5, 7}, {3, 6}, {2, 4}], [{8, 1}, {5, 7}, {4, 6}, {2, 3}], [{8, 1}, {6, 7}, {2, 5}, {3, 4}], [{8, 1}, {6, 7}, {3, 5}, {2, 4}], [{8, 1}, {6, 7}, {4, 5}, {2, 3}], [{8, 1}, {7}, {2, 6}, {3, 5}, {4}], [{8, 1}, {7}, {3, 6}, {4, 5}, {2}], [{8, 1}, {7}, {5, 6}, {3, 4}, {2}], [{8, 2}, {1, 7}, {3, 6}, {4, 5}], [{8, 2}, {1, 7}, {4, 6}, {3, 5}], [{8, 2}, {1, 7}, {5, 6}, {3, 4}], [{8, 2}, {1, 7}, {6}, {4, 5}, {3}], [{8, 2}, {3, 7}, {1, 6}, {4, 5}], [{8, 2}, {3, 7}, {4, 6}, {1, 5}], [{8, 2}, {3, 7}, {5, 6}, {1, 4}], [{8, 2}, {3, 7}, {6}, {5}, {1, 4}], [{8, 2}, {4, 7}, {1, 6}, {3, 5}], [{8, 2}, {4, 7}, {3, 6}, {1, 5}], [{8, 2}, {4, 7}, {5, 6}, {1, 3}], [{8, 2}, {4, 7}, {6}, {1, 5}, {3}], [{8, 2}, {5, 7}, {1, 6}, {3, 4}], [{8, 2}, {5, 7}, {3, 6}, {1, 4}], [{8, 2}, {5, 7}, {4, 6}, {1, 3}], [{8, 2}, {6, 7}, {1, 5}, {3, 4}], [{8, 2}, {6, 7}, {3, 5}, {1, 4}], [{8, 2}, {6, 7}, {4, 5}, {1, 3}], [{8, 2}, {6, 7}, {4, 5}, {3}, {1}], [{8, 2}, {7}, {1, 6}, {4, 5}, {3}], [{8, 3}, {1, 7}, {2, 6}, {4, 5}], [{8, 3}, {1, 7}, {2, 6}, {5}, {4}], [{8, 3}, {1, 7}, {4, 6}, {2, 5}], [{8, 3}, {1, 7}, {5, 6}, {2, 4}], [{8, 3}, {2, 7}, {1, 6}, {4, 5}], [{8, 3}, {2, 7}, {4, 6}, {1, 5}], [{8, 3}, {2, 7}, {4, 6}, {5}, {1}], [{8, 3}, {2, 7}, {5, 6}, {1, 4}], [{8, 3}, {4, 7}, {1, 6}, {2, 5}], [{8, 3}, {4, 7}, {2, 6}, {1, 5}], [{8, 3}, {4, 7}, {5, 6}, {1, 2}], [{8, 3}, {5, 7}, {1, 6}, {2, 4}], [{8, 3}, {5, 7}, {2, 6}, {1, 4}], [{8, 3}, {5, 7}, {2, 6}, {4}, {1}], [{8, 3}, {5, 7}, {4, 6}, {1, 2}], [{8, 3}, {6, 7}, {1, 5}, {2, 4}], [{8, 3}, {6, 7}, {2, 5}, {1, 4}], [{8, 3}, {6, 7}, {4, 5}, {1, 2}], [{8, 3}, {7}, {2, 6}, {1, 5}, {4}], [{8, 4}, {1, 7}, {2, 6}, {3, 5}], [{8, 4}, {1, 7}, {3, 6}, {2, 5}], [{8, 4}, {1, 7}, {5, 6}, {2, 3}], [{8, 4}, {1, 7}, {6}, {2, 5}, {3}], [{8, 4}, {2, 7}, {1, 6}, {3, 5}], [{8, 4}, {2, 7}, {3, 6}, {1, 5}], [{8, 4}, {2, 7}, {3, 6}, {5}, {1}], [{8, 4}, {2, 7}, {5, 6}, {1, 3}], [{8, 4}, {2, 7}, {6}, {1, 5}, {3}], [{8, 4}, {3, 7}, {1, 6}, {2, 5}], [{8, 4}, {3, 7}, {2, 6}, {1, 5}], [{8, 4}, {3, 7}, {5, 6}, {1, 2}], [{8, 4}, {3, 7}, {5, 6}, {2}, {1}], [{8, 4}, {3, 7}, {6}, {5}, {1, 2}], [{8, 4}, {5, 7}, {1, 6}, {2, 3}], [{8, 4}, {5, 7}, {2, 6}, {1, 3}], [{8, 4}, {5, 7}, {3, 6}, {1, 2}], [{8, 4}, {6, 7}, {1, 5}, {2, 3}], [{8, 4}, {6, 7}, {2, 5}, {1, 3}], [{8, 4}, {6, 7}, {2, 5}, {3}, {1}], [{8, 4}, {6, 7}, {3, 5}, {1, 2}], [{8, 4}, {7}, {1, 6}, {2, 5}, {3}], [{8, 4}, {7}, {3, 6}, {1, 5}, {2}], [{8, 4}, {7}, {5, 6}, {3}, {1, 2}], [{8, 5}, {1, 7}, {2, 6}, {3, 4}], [{8, 5}, {1, 7}, {2, 6}, {4}, {3}], [{8, 5}, {1, 7}, {3, 6}, {2, 4}], [{8, 5}, {1, 7}, {3, 6}, {4}, {2}], [{8, 5}, {1, 7}, {4, 6}, {2, 3}], [{8, 5}, {1, 7}, {4, 6}, {3}, {2}], [{8, 5}, {1, 7}, {6}, {2, 4}, {3}], [{8, 5}, {1, 7}, {6}, {3, 4}, {2}], [{8, 5}, {1, 7}, {6}, {4}, {2, 3}], [{8, 5}, {1, 7}, {6}, {4}, {3}, {2}], [{8, 5}, {2, 7}, {1, 6}, {3, 4}], [{8, 5}, {2, 7}, {1, 6}, {4}, {3}], [{8, 5}, {2, 7}, {3, 6}, {1, 4}], [{8, 5}, {2, 7}, {3, 6}, {4}, {1}], [{8, 5}, {2, 7}, {4, 6}, {1, 3}], [{8, 5}, {2, 7}, {4, 6}, {3}, {1}], [{8, 5}, {2, 7}, {6}, {1, 4}, {3}], [{8, 5}, {2, 7}, {6}, {3, 4}, {1}], [{8, 5}, {2, 7}, {6}, {4}, {1, 3}], [{8, 5}, {2, 7}, {6}, {4}, {3}, {1}], [{8, 5}, {3, 7}, {1, 6}, {2, 4}], [{8, 5}, {3, 7}, {1, 6}, {4}, {2}], [{8, 5}, {3, 7}, {2, 6}, {1, 4}], [{8, 5}, {3, 7}, {2, 6}, {4}, {1}], [{8, 5}, {3, 7}, {4, 6}, {1, 2}], [{8, 5}, {3, 7}, {4, 6}, {2}, {1}], [{8, 5}, {3, 7}, {6}, {1, 4}, {2}], [{8, 5}, {3, 7}, {6}, {2, 4}, {1}], [{8, 5}, {3, 7}, {6}, {4}, {1, 2}], [{8, 5}, {3, 7}, {6}, {4}, {2}, {1}], [{8, 5}, {4, 7}, {1, 6}, {2, 3}], [{8, 5}, {4, 7}, {1, 6}, {3}, {2}], [{8, 5}, {4, 7}, {2, 6}, {1, 3}], [{8, 5}, {4, 7}, {2, 6}, {3}, {1}], [{8, 5}, {4, 7}, {3, 6}, {1, 2}], [{8, 5}, {4, 7}, {3, 6}, {2}, {1}], [{8, 5}, {4, 7}, {6}, {1, 3}, {2}], [{8, 5}, {4, 7}, {6}, {2, 3}, {1}], [{8, 5}, {4, 7}, {6}, {3}, {1, 2}], [{8, 5}, {4, 7}, {6}, {3}, {2}, {1}], [{8, 5}, {6, 7}, {1, 4}, {2, 3}], [{8, 5}, {6, 7}, {1, 4}, {3}, {2}], [{8, 5}, {6, 7}, {2, 4}, {1, 3}], [{8, 5}, {6, 7}, {2, 4}, {3}, {1}], [{8, 5}, {6, 7}, {3, 4}, {1, 2}], [{8, 5}, {6, 7}, {3, 4}, {2}, {1}], [{8, 5}, {6, 7}, {4}, {1, 3}, {2}], [{8, 5}, {6, 7}, {4}, {2, 3}, {1}], [{8, 5}, {6, 7}, {4}, {3}, {1, 2}], [{8, 5}, {6, 7}, {4}, {3}, {2}, {1}], [{8, 5}, {7}, {1, 6}, {2, 4}, {3}], [{8, 5}, {7}, {1, 6}, {3, 4}, {2}], [{8, 5}, {7}, {1, 6}, {4}, {2, 3}], [{8, 5}, {7}, {1, 6}, {4}, {3}, {2}], [{8, 5}, {7}, {2, 6}, {1, 4}, {3}], [{8, 5}, {7}, {2, 6}, {3, 4}, {1}], [{8, 5}, {7}, {2, 6}, {4}, {1, 3}], [{8, 5}, {7}, {2, 6}, {4}, {3}, {1}], [{8, 5}, {7}, {3, 6}, {1, 4}, {2}], [{8, 5}, {7}, {3, 6}, {2, 4}, {1}], [{8, 5}, {7}, {3, 6}, {4}, {1, 2}], [{8, 5}, {7}, {3, 6}, {4}, {2}, {1}], [{8, 5}, {7}, {4, 6}, {1, 3}, {2}], [{8, 5}, {7}, {4, 6}, {2, 3}, {1}], [{8, 5}, {7}, {4, 6}, {3}, {1, 2}], [{8, 5}, {7}, {4, 6}, {3}, {2}, {1}], [{8, 5}, {7}, {6}, {1, 4}, {2, 3}], [{8, 5}, {7}, {6}, {1, 4}, {3}, {2}], [{8, 5}, {7}, {6}, {2, 4}, {1, 3}], [{8, 5}, {7}, {6}, {2, 4}, {3}, {1}], [{8, 5}, {7}, {6}, {3, 4}, {1, 2}], [{8, 5}, {7}, {6}, {3, 4}, {2}, {1}], [{8, 5}, {7}, {6}, {4}, {1, 3}, {2}], [{8, 5}, {7}, {6}, {4}, {2, 3}, {1}], [{8, 5}, {7}, {6}, {4}, {3}, {1, 2}], [{8, 5}, {7}, {6}, {4}, {3}, {2}, {1}], [{8, 6}, {1, 7}, {2, 5}, {3, 4}], [{8, 6}, {1, 7}, {3, 5}, {2, 4}], [{8, 6}, {1, 7}, {4, 5}, {2, 3}], [{8, 6}, {2, 7}, {1, 5}, {3, 4}], [{8, 6}, {2, 7}, {3, 5}, {1, 4}], [{8, 6}, {2, 7}, {4, 5}, {1, 3}], [{8, 6}, {2, 7}, {5}, {4}, {1, 3}], [{8, 6}, {3, 7}, {1, 5}, {2, 4}], [{8, 6}, {3, 7}, {2, 5}, {1, 4}], [{8, 6}, {3, 7}, {4, 5}, {1, 2}], [{8, 6}, {3, 7}, {4, 5}, {2}, {1}], [{8, 6}, {3, 7}, {5}, {4}, {1, 2}], [{8, 6}, {4, 7}, {1, 5}, {2, 3}], [{8, 6}, {4, 7}, {2, 5}, {1, 3}], [{8, 6}, {4, 7}, {3, 5}, {1, 2}], [{8, 6}, {5, 7}, {1, 4}, {2, 3}], [{8, 6}, {5, 7}, {2, 4}, {1, 3}], [{8, 6}, {5, 7}, {3, 4}, {1, 2}], [{8, 6}, {7}, {1, 5}, {3, 4}, {2}], [{8, 6}, {7}, {4, 5}, {3}, {1, 2}], [{8, 7}, {1, 6}, {2, 5}, {3, 4}], [{8, 7}, {1, 6}, {3, 5}, {2, 4}], [{8, 7}, {1, 6}, {4, 5}, {2, 3}], [{8, 7}, {2, 6}, {1, 5}, {3, 4}], [{8, 7}, {2, 6}, {1, 5}, {4}, {3}], [{8, 7}, {2, 6}, {3, 5}, {1, 4}], [{8, 7}, {2, 6}, {3, 5}, {4}, {1}], [{8, 7}, {2, 6}, {4, 5}, {1, 3}], [{8, 7}, {2, 6}, {5}, {4}, {1, 3}], [{8, 7}, {3, 6}, {1, 5}, {2, 4}], [{8, 7}, {3, 6}, {2, 5}, {1, 4}], [{8, 7}, {3, 6}, {4, 5}, {1, 2}], [{8, 7}, {3, 6}, {5}, {4}, {1, 2}], [{8, 7}, {4, 6}, {1, 5}, {2, 3}], [{8, 7}, {4, 6}, {2, 5}, {1, 3}], [{8, 7}, {4, 6}, {3, 5}, {1, 2}], [{8, 7}, {5, 6}, {1, 4}, {2, 3}], [{8, 7}, {5, 6}, {2, 4}, {1, 3}], [{8, 7}, {5, 6}, {3, 4}, {1, 2}], [{8}, {1, 7}, {2, 6}, {3, 5}, {4}], [{8}, {2, 7}, {3, 6}, {1, 5}, {4}], [{8}, {2, 7}, {3, 6}, {4, 5}, {1}], [{8}, {2, 7}, {3, 6}, {5}, {1, 4}], [{8}, {2, 7}, {4, 6}, {3, 5}, {1}], [{8}, {2, 7}, {5, 6}, {4}, {1, 3}], [{8}, {3, 7}, {2, 6}, {1, 5}, {4}], [{8}, {3, 7}, {4, 6}, {5}, {1, 2}], [{8}, {3, 7}, {5, 6}, {4}, {1, 2}], [{8}, {3, 7}, {6}, {2, 5}, {1, 4}], [{8}, {3, 7}, {6}, {4, 5}, {1, 2}], [{8}, {5, 7}, {2, 6}, {4}, {1, 3}], [{8}, {5, 7}, {3, 6}, {4}, {1, 2}]]",2,8 K_1^3 - 34 K_1^2 - 12 K_1 K_2 + 17 K_2 + 4 K_3 + 18,O1O2O3O4U5U6U7O8U4O7O5U3U1O6U2U8,O1O2O3U4U5U6U7O8O6U2O7O5U3U1O4U8,O1O2O3U4O5U3U1O6O7U2O8O4U7U8U6U5,c,{'O1O2O3O4U5U3O6U4U2O7O8U1O5U8U6U7'},1,"<a href=""/flatknot/8.850629"">8.850629</a>",t^9-34t^7-48t^6+181t^5+348t^4+68t^3-68t^2,t^2-2t,,
8.850630,O1O2O3O4U5U3O6U4U2O7O8U1O5U8U7U6,4,3z^3+38z^2+110z+93,3w^4z^3-2w^4z^2+40w^3z^2-2w^3z+112w^2z+93w,False,False,"[[ 0 -2  0  0  1 -1  2  0  0],[ 2  0  0 -1  1 -1  4  1  0],[ 0  0  0 -1  1 -2  1 -1 -1],[ 0  1  1  0  1 -1  0 -1 -1],[-1 -1 -1 -1  0 -1  0 -1 -1],[ 1  1  2  1  1  0  0 -1  0],[-2 -4 -1  0  0  0  0  0  0],[ 0 -1  1  1  1  1  0  0  0],[ 0  0  1  1  1  0  0  0  0]]","[[ 0  2  1  0  0  0  0 -1 -2],[-2  0  0  0  0  0 -1  0 -4],[-1  0  0 -1 -1 -1 -1 -1 -1],[ 0  0  1  0  1  0  1  1 -1],[ 0  0  1 -1  0 -1  1 -1  1],[ 0  0  1  0  1  0  1  0  0],[ 0  1  1 -1 -1 -1  0 -2  0],[ 1  0  1 -1  1  0  2  0  1],[ 2  4  1  1 -1  0  0 -1  0]]",True,"[-2,-1,0,0,0,0,1,2,0,0,0,0,1,0,4,1,1,1,1,1,1,-1,0,-1,-1,1,1,-1,1,-1,-1,0,0,2,0,-1]","[-2,-1,0,0,0,0,1,2,-1,-1,0,0,1,1,4,1,0,2,-1,1,0,-1,1,-1,1,0,1,0,1,0,-1,1,1,1,0,0]",t^8+37t^6+307t^4+131t^2+4,"[-2,-1,0,0,0,0,1,2,2,1,2,2,3,2,0,2,-1,1,0,1,3,-1,0,-1,0,2,1,1,0,1,-1,0,2,0,2,1]","[-2,-1,0,0,0,0,1,2,1,1,2,2,2,3,0,0,0,0,0,1,2,-1,-1,-1,-1,2,-1,-1,0,3,0,1,2,2,1,2]","[-2,-1,0,0,0,0,1,2,-1,-1,0,0,1,1,4,1,0,2,-1,1,0,-1,1,-1,1,0,1,0,1,0,-1,1,1,1,0,0]",c,"[[{8, 1}, {2, 7}, {3, 6}, {4, 5}], [{8, 1}, {2, 7}, {4, 6}, {3, 5}], [{8, 1}, {2, 7}, {4, 6}, {5}, {3}], [{8, 1}, {2, 7}, {5, 6}, {3, 4}], [{8, 1}, {2, 7}, {5, 6}, {4}, {3}], [{8, 1}, {2, 7}, {6}, {4, 5}, {3}], [{8, 1}, {3, 7}, {2, 6}, {4, 5}], [{8, 1}, {3, 7}, {4, 6}, {2, 5}], [{8, 1}, {3, 7}, {5, 6}, {2, 4}], [{8, 1}, {4, 7}, {2, 6}, {3, 5}], [{8, 1}, {4, 7}, {3, 6}, {2, 5}], [{8, 1}, {4, 7}, {5, 6}, {2, 3}], [{8, 1}, {4, 7}, {6}, {2, 5}, {3}], [{8, 1}, {5, 7}, {2, 6}, {3, 4}], [{8, 1}, {5, 7}, {3, 6}, {2, 4}], [{8, 1}, {5, 7}, {4, 6}, {2, 3}], [{8, 1}, {6, 7}, {2, 5}, {3, 4}], [{8, 1}, {6, 7}, {3, 5}, {2, 4}], [{8, 1}, {6, 7}, {4, 5}, {2, 3}], [{8, 1}, {7}, {2, 6}, {5}, {3, 4}], [{8, 2}, {1, 7}, {3, 6}, {4, 5}], [{8, 2}, {1, 7}, {4, 6}, {3, 5}], [{8, 2}, {1, 7}, {4, 6}, {5}, {3}], [{8, 2}, {1, 7}, {5, 6}, {3, 4}], [{8, 2}, {1, 7}, {5, 6}, {4}, {3}], [{8, 2}, {1, 7}, {6}, {4, 5}, {3}], [{8, 2}, {3, 7}, {1, 6}, {4, 5}], [{8, 2}, {3, 7}, {4, 6}, {1, 5}], [{8, 2}, {3, 7}, {5, 6}, {1, 4}], [{8, 2}, {4, 7}, {1, 6}, {3, 5}], [{8, 2}, {4, 7}, {1, 6}, {5}, {3}], [{8, 2}, {4, 7}, {3, 6}, {1, 5}], [{8, 2}, {4, 7}, {3, 6}, {5}, {1}], [{8, 2}, {4, 7}, {5, 6}, {1, 3}], [{8, 2}, {4, 7}, {5, 6}, {3}, {1}], [{8, 2}, {4, 7}, {6}, {1, 5}, {3}], [{8, 2}, {4, 7}, {6}, {3, 5}, {1}], [{8, 2}, {4, 7}, {6}, {5}, {1, 3}], [{8, 2}, {5, 7}, {1, 6}, {3, 4}], [{8, 2}, {5, 7}, {1, 6}, {4}, {3}], [{8, 2}, {5, 7}, {3, 6}, {1, 4}], [{8, 2}, {5, 7}, {4, 6}, {1, 3}], [{8, 2}, {5, 7}, {4, 6}, {3}, {1}], [{8, 2}, {5, 7}, {6}, {1, 4}, {3}], [{8, 2}, {6, 7}, {1, 5}, {3, 4}], [{8, 2}, {6, 7}, {1, 5}, {4}, {3}], [{8, 2}, {6, 7}, {3, 5}, {1, 4}], [{8, 2}, {6, 7}, {4, 5}, {1, 3}], [{8, 2}, {6, 7}, {4, 5}, {3}, {1}], [{8, 2}, {6, 7}, {5}, {1, 4}, {3}], [{8, 2}, {7}, {1, 6}, {4, 5}, {3}], [{8, 2}, {7}, {4, 6}, {1, 5}, {3}], [{8, 2}, {7}, {5, 6}, {1, 4}, {3}], [{8, 3}, {1, 7}, {2, 6}, {4, 5}], [{8, 3}, {1, 7}, {4, 6}, {2, 5}], [{8, 3}, {1, 7}, {5, 6}, {2, 4}], [{8, 3}, {2, 7}, {1, 6}, {4, 5}], [{8, 3}, {2, 7}, {4, 6}, {1, 5}], [{8, 3}, {2, 7}, {5, 6}, {1, 4}], [{8, 3}, {2, 7}, {6}, {5}, {1, 4}], [{8, 3}, {4, 7}, {1, 6}, {2, 5}], [{8, 3}, {4, 7}, {2, 6}, {1, 5}], [{8, 3}, {4, 7}, {5, 6}, {1, 2}], [{8, 3}, {5, 7}, {1, 6}, {2, 4}], [{8, 3}, {5, 7}, {2, 6}, {1, 4}], [{8, 3}, {5, 7}, {4, 6}, {1, 2}], [{8, 3}, {6, 7}, {1, 5}, {2, 4}], [{8, 3}, {6, 7}, {2, 5}, {1, 4}], [{8, 3}, {6, 7}, {4, 5}, {1, 2}], [{8, 3}, {7}, {1, 6}, {4, 5}, {2}], [{8, 3}, {7}, {4, 6}, {1, 5}, {2}], [{8, 3}, {7}, {5, 6}, {1, 4}, {2}], [{8, 4}, {1, 7}, {2, 6}, {3, 5}], [{8, 4}, {1, 7}, {3, 6}, {2, 5}], [{8, 4}, {1, 7}, {5, 6}, {2, 3}], [{8, 4}, {1, 7}, {6}, {2, 5}, {3}], [{8, 4}, {2, 7}, {1, 6}, {3, 5}], [{8, 4}, {2, 7}, {1, 6}, {5}, {3}], [{8, 4}, {2, 7}, {3, 6}, {1, 5}], [{8, 4}, {2, 7}, {5, 6}, {1, 3}], [{8, 4}, {2, 7}, {5, 6}, {3}, {1}], [{8, 4}, {2, 7}, {6}, {1, 5}, {3}], [{8, 4}, {3, 7}, {1, 6}, {2, 5}], [{8, 4}, {3, 7}, {2, 6}, {1, 5}], [{8, 4}, {3, 7}, {5, 6}, {1, 2}], [{8, 4}, {5, 7}, {1, 6}, {2, 3}], [{8, 4}, {5, 7}, {2, 6}, {1, 3}], [{8, 4}, {5, 7}, {2, 6}, {3}, {1}], [{8, 4}, {5, 7}, {3, 6}, {1, 2}], [{8, 4}, {6, 7}, {1, 5}, {2, 3}], [{8, 4}, {6, 7}, {2, 5}, {1, 3}], [{8, 4}, {6, 7}, {3, 5}, {1, 2}], [{8, 4}, {7}, {3, 6}, {5}, {1, 2}], [{8, 5}, {1, 7}, {2, 6}, {3, 4}], [{8, 5}, {1, 7}, {3, 6}, {2, 4}], [{8, 5}, {1, 7}, {4, 6}, {2, 3}], [{8, 5}, {2, 7}, {1, 6}, {3, 4}], [{8, 5}, {2, 7}, {1, 6}, {4}, {3}], [{8, 5}, {2, 7}, {3, 6}, {1, 4}], [{8, 5}, {2, 7}, {4, 6}, {1, 3}], [{8, 5}, {2, 7}, {4, 6}, {3}, {1}], [{8, 5}, {2, 7}, {6}, {1, 4}, {3}], [{8, 5}, {3, 7}, {1, 6}, {2, 4}], [{8, 5}, {3, 7}, {2, 6}, {1, 4}], [{8, 5}, {3, 7}, {2, 6}, {4}, {1}], [{8, 5}, {3, 7}, {4, 6}, {1, 2}], [{8, 5}, {4, 7}, {1, 6}, {2, 3}], [{8, 5}, {4, 7}, {2, 6}, {1, 3}], [{8, 5}, {4, 7}, {2, 6}, {3}, {1}], [{8, 5}, {4, 7}, {3, 6}, {1, 2}], [{8, 5}, {6, 7}, {1, 4}, {2, 3}], [{8, 5}, {6, 7}, {2, 4}, {1, 3}], [{8, 5}, {6, 7}, {3, 4}, {1, 2}], [{8, 5}, {6, 7}, {4}, {1, 3}, {2}], [{8, 5}, {7}, {2, 6}, {3, 4}, {1}], [{8, 5}, {7}, {3, 6}, {1, 4}, {2}], [{8, 6}, {1, 7}, {2, 5}, {3, 4}], [{8, 6}, {1, 7}, {3, 5}, {2, 4}], [{8, 6}, {1, 7}, {4, 5}, {2, 3}], [{8, 6}, {2, 7}, {1, 5}, {3, 4}], [{8, 6}, {2, 7}, {1, 5}, {4}, {3}], [{8, 6}, {2, 7}, {3, 5}, {1, 4}], [{8, 6}, {2, 7}, {4, 5}, {1, 3}], [{8, 6}, {2, 7}, {4, 5}, {3}, {1}], [{8, 6}, {2, 7}, {5}, {1, 4}, {3}], [{8, 6}, {3, 7}, {1, 5}, {2, 4}], [{8, 6}, {3, 7}, {2, 5}, {1, 4}], [{8, 6}, {3, 7}, {2, 5}, {4}, {1}], [{8, 6}, {3, 7}, {4, 5}, {1, 2}], [{8, 6}, {4, 7}, {1, 5}, {2, 3}], [{8, 6}, {4, 7}, {2, 5}, {1, 3}], [{8, 6}, {4, 7}, {3, 5}, {1, 2}], [{8, 6}, {5, 7}, {1, 4}, {2, 3}], [{8, 6}, {5, 7}, {2, 4}, {1, 3}], [{8, 6}, {5, 7}, {3, 4}, {1, 2}], [{8, 6}, {5, 7}, {3, 4}, {2}, {1}], [{8, 6}, {7}, {3, 5}, {1, 4}, {2}], [{8, 7}, {1, 6}, {2, 5}, {3, 4}], [{8, 7}, {1, 6}, {3, 5}, {2, 4}], [{8, 7}, {1, 6}, {4, 5}, {2, 3}], [{8, 7}, {1, 6}, {4, 5}, {3}, {2}], [{8, 7}, {2, 6}, {1, 5}, {3, 4}], [{8, 7}, {2, 6}, {3, 5}, {1, 4}], [{8, 7}, {2, 6}, {4, 5}, {1, 3}], [{8, 7}, {3, 6}, {1, 5}, {2, 4}], [{8, 7}, {3, 6}, {2, 5}, {1, 4}], [{8, 7}, {3, 6}, {4, 5}, {1, 2}], [{8, 7}, {4, 6}, {1, 5}, {2, 3}], [{8, 7}, {4, 6}, {1, 5}, {3}, {2}], [{8, 7}, {4, 6}, {2, 5}, {1, 3}], [{8, 7}, {4, 6}, {3, 5}, {1, 2}], [{8, 7}, {5, 6}, {1, 4}, {2, 3}], [{8, 7}, {5, 6}, {1, 4}, {3}, {2}], [{8, 7}, {5, 6}, {2, 4}, {1, 3}], [{8, 7}, {5, 6}, {3, 4}, {1, 2}], [{8}, {1, 7}, {2, 6}, {3, 5}, {4}], [{8}, {2, 7}, {1, 6}, {4, 5}, {3}], [{8}, {2, 7}, {3, 6}, {5}, {1, 4}], [{8}, {2, 7}, {4, 6}, {1, 5}, {3}], [{8}, {2, 7}, {5, 6}, {1, 4}, {3}], [{8}, {2, 7}, {6}, {3, 5}, {1, 4}], [{8}, {3, 7}, {1, 6}, {4, 5}, {2}], [{8}, {3, 7}, {4, 6}, {1, 5}, {2}], [{8}, {3, 7}, {5, 6}, {1, 4}, {2}], [{8}, {7}, {1, 6}, {4, 5}, {2, 3}], [{8}, {7}, {1, 6}, {4, 5}, {3}, {2}], [{8}, {7}, {2, 6}, {1, 5}, {3, 4}], [{8}, {7}, {3, 6}, {1, 5}, {2, 4}], [{8}, {7}, {4, 6}, {1, 5}, {2, 3}], [{8}, {7}, {4, 6}, {1, 5}, {3}, {2}], [{8}, {7}, {5, 6}, {1, 4}, {2, 3}], [{8}, {7}, {5, 6}, {1, 4}, {3}, {2}]]",2,4 K_1^3 - 8 K_1^2 - 4 K_1 K_2 - K_1 + 4 K_2 + K_3 + 5,O1O2O3O4U5U6U7O8U4O7O6U3U1O5U2U8,O1O2O3U4U5U6U7O8O6U3O7O5U2U1O4U8,O1O2O3U4O5U3U2O6O7U1O8O4U7U8U6U5,c,{'O1O2O3O4U5U3O6U4U2O7O8U1O5U8U7U6'},1,"<a href=""/flatknot/8.850630"">8.850630</a>",t^9-37t^7-48t^6+205t^5+400t^4+143t^3-32t^2-8t,0,,
8.850631,O1O2O3O4U5U3O6U4U2O7O8U6O5U1U7U8,4,4z^3+32z^2+73z+51,4w^4z^3-12w^4z^2+44w^3z^2-20w^3z+93w^2z+51w,False,False,"[[ 0 -2  0  0  1 -1  0  0  2],[ 2  0  0  0  1 -1  2  1  2],[ 0  0  0 -1  1 -3  2  0  0],[ 0  0  1  0  1 -1  1 -1 -1],[-1 -1 -1 -1  0 -2  1  0  0],[ 1  1  3  1  2  0  0 -1  0],[ 0 -2 -2 -1 -1  0  0  1  2],[ 0 -1  0  1  0  1 -1  0  1],[-2 -2  0  1  0  0 -2 -1  0]]","[[ 0  2  1  0  0  0  0 -1 -2],[-2  0  0  1  0 -1 -2  0 -2],[-1  0  0 -1 -1  0  1 -2 -1],[ 0 -1  1  0  1 -1  1 -1  0],[ 0  0  1 -1  0  0  2 -3  0],[ 0  1  0  1  0  0 -1  1 -1],[ 0  2 -1 -1 -2  1  0  0 -2],[ 1  0  2  1  3 -1  0  0  1],[ 2  2  1  0  0  1  2 -1  0]]",True,"[-2,-1,0,0,0,0,1,2,0,-1,0,1,2,0,2,1,1,0,-1,2,1,-1,1,-1,1,0,0,-2,3,0,1,-1,1,0,2,-1]","[-2,-1,0,0,0,0,1,2,-1,0,0,1,2,1,2,1,3,-1,0,2,0,1,-1,1,1,-1,0,2,1,0,-1,0,1,-1,2,0]",t^8+43t^6+346t^4+174t^2,"[-2,-1,0,0,0,0,1,2,2,0,1,2,2,2,2,1,2,-2,0,0,3,-1,2,1,2,0,0,-1,1,1,1,0,2,0,3,1]","[-2,-1,0,0,0,0,1,2,1,0,1,2,3,3,2,2,1,0,0,0,2,1,-2,-1,1,0,0,1,2,1,-1,-2,2,0,2,2]","[-2,-1,0,0,0,0,1,2,-1,0,0,1,2,1,2,1,3,-1,0,2,0,1,-1,1,1,-1,0,2,1,0,-1,0,1,-1,2,0]",c,"[[{8, 1}, {6, 7}, {4, 5}, {2, 3}]]",1,12 K_1^3 - 4 K_1^2 - 8 K_1 K_2 - 5 K_1 + 2 K_2 + K_3 + 3,O1O2O3O4U5U6U4O7U8O5O6U3U1O8U2U7,O1O2O3U1U4U5U6O7O5U8O6O4U2U3O8U7,O1O2O3U4O5U1U2O6O7U5O8O4U7U8U6U3,c,{'O1O2O3O4U5U3O6U4U2O7O8U6O5U1U7U8'},1,"<a href=""/flatknot/8.850631"">8.850631</a>",t^9-43t^7-86t^6+222t^5+696t^4+240t^3-668t^2-505t-28,0,,
8.850632,O1O2O3O4U5U3O6U4U2O7O8U6O5U1U8U7,4,5z^3+46z^2+116z+89,5w^4z^3+46w^3z^2+116w^2z+89w,False,False,"[[ 0 -2  0  0  1 -1  0  1  1],[ 2  0  0  0  1 -1  2  2  1],[ 0  0  0 -1  1 -3  2  0  0],[ 0  0  1  0  1 -1  1 -1 -1],[-1 -1 -1 -1  0 -2  1  0  0],[ 1  1  3  1  2  0  0 -1  0],[ 0 -2 -2 -1 -1  0  0  2  1],[-1 -2  0  1  0  1 -2  0  0],[-1 -1  0  1  0  0 -1  0  0]]","[[ 0  1  1  1  0  0  0 -1 -2],[-1  0  0  0  1  0 -1  0 -1],[-1  0  0  0  1  0 -2  1 -2],[-1  0  0  0 -1 -1  1 -2 -1],[ 0 -1 -1  1  0  1  1 -1  0],[ 0  0  0  1 -1  0  2 -3  0],[ 0  1  2 -1 -1 -2  0  0 -2],[ 1  0 -1  2  1  3  0  0  1],[ 2  1  2  1  0  0  2 -1  0]]",True,"[-1,-1,-1,0,0,0,1,2,0,0,-1,0,1,0,1,0,-1,0,2,-1,2,1,1,-1,2,1,-1,-1,1,0,-2,3,0,0,2,-1]","[-2,-1,0,0,0,1,1,1,-1,0,0,2,1,1,2,1,3,0,0,2,-1,1,1,-1,1,-1,2,0,1,0,1,-1,2,0,0,0]",t^8+42t^6+289t^4+187t^2+4,"[-2,-1,0,0,0,1,1,1,2,0,2,2,1,2,2,1,-2,0,3,0,2,2,1,-1,2,0,1,1,0,1,2,0,2,0,0,0]","[-1,-1,-1,0,0,0,1,2,0,0,-1,1,2,3,1,0,0,1,2,2,2,2,0,0,0,2,-2,-1,1,0,-1,-2,2,0,2,2]","[-2,-1,0,0,0,1,1,1,-1,0,0,2,1,1,2,1,3,0,0,2,-1,1,1,-1,1,-1,2,0,1,0,1,-1,2,0,0,0]",c,"[[{8, 1}, {2, 7}, {3, 6}, {4, 5}], [{8, 1}, {2, 7}, {4, 6}, {3, 5}], [{8, 1}, {2, 7}, {5, 6}, {3, 4}], [{8, 1}, {2, 7}, {5, 6}, {4}, {3}], [{8, 1}, {2, 7}, {6}, {5}, {3, 4}], [{8, 1}, {3, 7}, {2, 6}, {4, 5}], [{8, 1}, {3, 7}, {4, 6}, {2, 5}], [{8, 1}, {3, 7}, {5, 6}, {2, 4}], [{8, 1}, {4, 7}, {2, 6}, {3, 5}], [{8, 1}, {4, 7}, {3, 6}, {2, 5}], [{8, 1}, {4, 7}, {5, 6}, {2, 3}], [{8, 1}, {4, 7}, {5, 6}, {3}, {2}], [{8, 1}, {5, 7}, {2, 6}, {3, 4}], [{8, 1}, {5, 7}, {2, 6}, {4}, {3}], [{8, 1}, {5, 7}, {3, 6}, {2, 4}], [{8, 1}, {5, 7}, {4, 6}, {2, 3}], [{8, 1}, {6, 7}, {2, 5}, {3, 4}], [{8, 1}, {6, 7}, {2, 5}, {4}, {3}], [{8, 1}, {6, 7}, {3, 5}, {2, 4}], [{8, 1}, {6, 7}, {4, 5}, {2, 3}], [{8, 1}, {7}, {4, 6}, {5}, {2, 3}], [{8, 1}, {7}, {5, 6}, {2, 4}, {3}], [{8, 2}, {1, 7}, {3, 6}, {4, 5}], [{8, 2}, {1, 7}, {3, 6}, {5}, {4}], [{8, 2}, {1, 7}, {4, 6}, {3, 5}], [{8, 2}, {1, 7}, {5, 6}, {3, 4}], [{8, 2}, {3, 7}, {1, 6}, {4, 5}], [{8, 2}, {3, 7}, {4, 6}, {1, 5}], [{8, 2}, {3, 7}, {5, 6}, {1, 4}], [{8, 2}, {4, 7}, {1, 6}, {3, 5}], [{8, 2}, {4, 7}, {3, 6}, {1, 5}], [{8, 2}, {4, 7}, {5, 6}, {1, 3}], [{8, 2}, {4, 7}, {5, 6}, {3}, {1}], [{8, 2}, {5, 7}, {1, 6}, {3, 4}], [{8, 2}, {5, 7}, {1, 6}, {4}, {3}], [{8, 2}, {5, 7}, {3, 6}, {1, 4}], [{8, 2}, {5, 7}, {4, 6}, {1, 3}], [{8, 2}, {6, 7}, {1, 5}, {3, 4}], [{8, 2}, {6, 7}, {3, 5}, {1, 4}], [{8, 2}, {6, 7}, {4, 5}, {1, 3}], [{8, 2}, {6, 7}, {4, 5}, {3}, {1}], [{8, 3}, {1, 7}, {2, 6}, {4, 5}], [{8, 3}, {1, 7}, {4, 6}, {2, 5}], [{8, 3}, {1, 7}, {5, 6}, {2, 4}], [{8, 3}, {2, 7}, {1, 6}, {4, 5}], [{8, 3}, {2, 7}, {4, 6}, {1, 5}], [{8, 3}, {2, 7}, {5, 6}, {1, 4}], [{8, 3}, {4, 7}, {1, 6}, {2, 5}], [{8, 3}, {4, 7}, {2, 6}, {1, 5}], [{8, 3}, {4, 7}, {2, 6}, {5}, {1}], [{8, 3}, {4, 7}, {5, 6}, {1, 2}], [{8, 3}, {4, 7}, {6}, {1, 5}, {2}], [{8, 3}, {5, 7}, {1, 6}, {2, 4}], [{8, 3}, {5, 7}, {2, 6}, {1, 4}], [{8, 3}, {5, 7}, {4, 6}, {1, 2}], [{8, 3}, {6, 7}, {1, 5}, {2, 4}], [{8, 3}, {6, 7}, {2, 5}, {1, 4}], [{8, 3}, {6, 7}, {4, 5}, {1, 2}], [{8, 3}, {7}, {2, 6}, {1, 5}, {4}], [{8, 3}, {7}, {4, 6}, {5}, {1, 2}], [{8, 3}, {7}, {5, 6}, {4}, {1, 2}], [{8, 3}, {7}, {6}, {2, 5}, {1, 4}], [{8, 3}, {7}, {6}, {4, 5}, {1, 2}], [{8, 4}, {1, 7}, {2, 6}, {3, 5}], [{8, 4}, {1, 7}, {3, 6}, {2, 5}], [{8, 4}, {1, 7}, {5, 6}, {2, 3}], [{8, 4}, {1, 7}, {6}, {5}, {2, 3}], [{8, 4}, {2, 7}, {1, 6}, {3, 5}], [{8, 4}, {2, 7}, {3, 6}, {1, 5}], [{8, 4}, {2, 7}, {5, 6}, {1, 3}], [{8, 4}, {2, 7}, {5, 6}, {3}, {1}], [{8, 4}, {3, 7}, {1, 6}, {2, 5}], [{8, 4}, {3, 7}, {2, 6}, {1, 5}], [{8, 4}, {3, 7}, {5, 6}, {1, 2}], [{8, 4}, {5, 7}, {1, 6}, {2, 3}], [{8, 4}, {5, 7}, {2, 6}, {1, 3}], [{8, 4}, {5, 7}, {2, 6}, {3}, {1}], [{8, 4}, {5, 7}, {3, 6}, {1, 2}], [{8, 4}, {6, 7}, {1, 5}, {2, 3}], [{8, 4}, {6, 7}, {2, 5}, {1, 3}], [{8, 4}, {6, 7}, {2, 5}, {3}, {1}], [{8, 4}, {6, 7}, {3, 5}, {1, 2}], [{8, 4}, {7}, {5, 6}, {1, 3}, {2}], [{8, 5}, {1, 7}, {2, 6}, {3, 4}], [{8, 5}, {1, 7}, {3, 6}, {2, 4}], [{8, 5}, {1, 7}, {4, 6}, {2, 3}], [{8, 5}, {1, 7}, {6}, {3, 4}, {2}], [{8, 5}, {2, 7}, {1, 6}, {3, 4}], [{8, 5}, {2, 7}, {3, 6}, {1, 4}], [{8, 5}, {2, 7}, {4, 6}, {1, 3}], [{8, 5}, {3, 7}, {1, 6}, {2, 4}], [{8, 5}, {3, 7}, {2, 6}, {1, 4}], [{8, 5}, {3, 7}, {2, 6}, {4}, {1}], [{8, 5}, {3, 7}, {4, 6}, {1, 2}], [{8, 5}, {3, 7}, {6}, {1, 4}, {2}], [{8, 5}, {4, 7}, {1, 6}, {2, 3}], [{8, 5}, {4, 7}, {2, 6}, {1, 3}], [{8, 5}, {4, 7}, {3, 6}, {1, 2}], [{8, 5}, {4, 7}, {6}, {1, 3}, {2}], [{8, 5}, {6, 7}, {1, 4}, {2, 3}], [{8, 5}, {6, 7}, {2, 4}, {1, 3}], [{8, 5}, {6, 7}, {3, 4}, {1, 2}], [{8, 6}, {1, 7}, {2, 5}, {3, 4}], [{8, 6}, {1, 7}, {3, 5}, {2, 4}], [{8, 6}, {1, 7}, {3, 5}, {4}, {2}], [{8, 6}, {1, 7}, {4, 5}, {2, 3}], [{8, 6}, {2, 7}, {1, 5}, {3, 4}], [{8, 6}, {2, 7}, {3, 5}, {1, 4}], [{8, 6}, {2, 7}, {4, 5}, {1, 3}], [{8, 6}, {2, 7}, {4, 5}, {3}, {1}], [{8, 6}, {3, 7}, {1, 5}, {2, 4}], [{8, 6}, {3, 7}, {2, 5}, {1, 4}], [{8, 6}, {3, 7}, {4, 5}, {1, 2}], [{8, 6}, {4, 7}, {1, 5}, {2, 3}], [{8, 6}, {4, 7}, {2, 5}, {1, 3}], [{8, 6}, {4, 7}, {2, 5}, {3}, {1}], [{8, 6}, {4, 7}, {3, 5}, {1, 2}], [{8, 6}, {4, 7}, {3, 5}, {2}, {1}], [{8, 6}, {4, 7}, {5}, {2, 3}, {1}], [{8, 6}, {5, 7}, {1, 4}, {2, 3}], [{8, 6}, {5, 7}, {2, 4}, {1, 3}], [{8, 6}, {5, 7}, {3, 4}, {1, 2}], [{8, 6}, {5, 7}, {4}, {1, 3}, {2}], [{8, 6}, {7}, {1, 5}, {3, 4}, {2}], [{8, 6}, {7}, {3, 5}, {1, 4}, {2}], [{8, 7}, {1, 6}, {2, 5}, {3, 4}], [{8, 7}, {1, 6}, {3, 5}, {2, 4}], [{8, 7}, {1, 6}, {4, 5}, {2, 3}], [{8, 7}, {2, 6}, {1, 5}, {3, 4}], [{8, 7}, {2, 6}, {3, 5}, {1, 4}], [{8, 7}, {2, 6}, {4, 5}, {1, 3}], [{8, 7}, {3, 6}, {1, 5}, {2, 4}], [{8, 7}, {3, 6}, {2, 5}, {1, 4}], [{8, 7}, {3, 6}, {4, 5}, {1, 2}], [{8, 7}, {4, 6}, {1, 5}, {2, 3}], [{8, 7}, {4, 6}, {2, 5}, {1, 3}], [{8, 7}, {4, 6}, {3, 5}, {1, 2}], [{8, 7}, {5, 6}, {1, 4}, {2, 3}], [{8, 7}, {5, 6}, {2, 4}, {1, 3}], [{8, 7}, {5, 6}, {3, 4}, {1, 2}], [{8, 7}, {6}, {2, 5}, {3, 4}, {1}], [{8}, {1, 7}, {5, 6}, {4}, {2, 3}], [{8}, {2, 7}, {4, 6}, {1, 5}, {3}], [{8}, {2, 7}, {4, 6}, {3, 5}, {1}], [{8}, {2, 7}, {4, 6}, {5}, {1, 3}], [{8}, {2, 7}, {5, 6}, {1, 4}, {3}], [{8}, {4, 7}, {2, 6}, {1, 5}, {3}], [{8}, {4, 7}, {5, 6}, {3}, {1, 2}], [{8}, {5, 7}, {2, 6}, {1, 4}, {3}], [{8}, {5, 7}, {4, 6}, {3}, {1, 2}], [{8}, {6, 7}, {2, 5}, {1, 4}, {3}]]",2,8 K_1^3 + 2 K_1^2 - 8 K_1 K_2 - 2 K_1 - K_2 + 2 K_3,O1O2O3O4U5U6U4O7U8O6O5U3U1O8U2U7,O1O2O3U1U4U5U6O7O5U8O6O4U3U2O8U7,O1O2O3U4O5U2U1O6O7U5O8O4U7U8U6U3,c,{'O1O2O3O4U5U3O6U4U2O7O8U6O5U1U8U7'},1,"<a href=""/flatknot/8.850632"">8.850632</a>",t^9-44t^7-78t^6+252t^5+520t^4-132t^3-518t^2-178t+12,t^2-2t,,
8.850633,O1O2O3O4U5U3O6U4U2O7O8U6O5U7U1U8,4,z^3+30z^2+112z+113,w^4z^3+30w^3z^2+112w^2z+113w,False,False,"[[ 0 -1  0  0  1 -1  0 -1  2],[ 1  0  0  0  1 -1  1  0  2],[ 0  0  0 -1  1 -3  2  0  0],[ 0  0  1  0  1 -1  1 -1 -1],[-1 -1 -1 -1  0 -2  1  0  0],[ 1  1  3  1  2  0  0 -2  0],[ 0 -1 -2 -1 -1  0  0  1  2],[ 1  0  0  1  0  2 -1  0  1],[-2 -2  0  1  0  0 -2 -1  0]]","[[ 0  2  1  0  0  0 -1 -1 -1],[-2  0  0  1  0 -2  0 -1 -2],[-1  0  0 -1 -1  1 -2  0 -1],[ 0 -1  1  0  1  1 -1 -1  0],[ 0  0  1 -1  0  2 -3  0  0],[ 0  2 -1 -1 -2  0  0  1 -1],[ 1  0  2  1  3  0  0 -2  1],[ 1  1  0  1  0 -1  2  0  0],[ 1  2  1  0  0  1 -1  0  0]]",True,"[-2,-1,0,0,0,1,1,1,0,-1,0,2,0,1,2,1,1,-1,2,0,1,-1,-1,1,1,0,-2,3,0,0,0,-1,1,2,-1,0]","[-2,-1,0,0,0,1,1,1,0,-1,0,2,0,1,2,1,1,-1,2,0,1,-1,-1,1,1,0,-2,3,0,0,0,-1,1,2,-1,0]",t^8+42t^6+311t^4+126t^2+1,"[-1,-1,-1,0,0,0,1,2,-2,0,0,1,2,2,2,-1,0,-2,1,0,3,1,1,0,1,1,-1,-1,0,3,-2,0,2,2,0,1]","[-2,-1,0,0,0,1,1,1,1,0,2,3,1,2,3,2,0,0,1,2,0,-2,-1,0,2,1,-1,1,1,-2,1,0,0,0,-1,2]","[-1,-1,-1,0,0,0,1,2,-2,1,0,1,3,2,0,0,-1,1,0,0,1,1,0,0,1,2,-1,-2,-1,2,1,1,-1,1,0,0]",c,"[[{8, 1}, {2, 7}, {3, 6}, {4, 5}], [{8, 1}, {2, 7}, {4, 6}, {3, 5}], [{8, 1}, {2, 7}, {5, 6}, {3, 4}], [{8, 1}, {2, 7}, {6}, {3, 5}, {4}], [{8, 1}, {3, 7}, {2, 6}, {4, 5}], [{8, 1}, {3, 7}, {4, 6}, {2, 5}], [{8, 1}, {3, 7}, {5, 6}, {2, 4}], [{8, 1}, {4, 7}, {2, 6}, {3, 5}], [{8, 1}, {4, 7}, {3, 6}, {2, 5}], [{8, 1}, {4, 7}, {5, 6}, {2, 3}], [{8, 1}, {4, 7}, {6}, {3, 5}, {2}], [{8, 1}, {5, 7}, {2, 6}, {3, 4}], [{8, 1}, {5, 7}, {2, 6}, {4}, {3}], [{8, 1}, {5, 7}, {3, 6}, {2, 4}], [{8, 1}, {5, 7}, {4, 6}, {2, 3}], [{8, 1}, {6, 7}, {2, 5}, {3, 4}], [{8, 1}, {6, 7}, {3, 5}, {2, 4}], [{8, 1}, {6, 7}, {4, 5}, {2, 3}], [{8, 1}, {7}, {3, 6}, {2, 5}, {4}], [{8, 1}, {7}, {4, 6}, {5}, {2, 3}], [{8, 1}, {7}, {5, 6}, {4}, {2, 3}], [{8, 1}, {7}, {6}, {3, 5}, {2, 4}], [{8, 1}, {7}, {6}, {4, 5}, {2, 3}], [{8, 2}, {1, 7}, {3, 6}, {4, 5}], [{8, 2}, {1, 7}, {4, 6}, {3, 5}], [{8, 2}, {1, 7}, {5, 6}, {3, 4}], [{8, 2}, {1, 7}, {6}, {3, 5}, {4}], [{8, 2}, {3, 7}, {1, 6}, {4, 5}], [{8, 2}, {3, 7}, {4, 6}, {1, 5}], [{8, 2}, {3, 7}, {5, 6}, {1, 4}], [{8, 2}, {3, 7}, {6}, {5}, {1, 4}], [{8, 2}, {4, 7}, {1, 6}, {3, 5}], [{8, 2}, {4, 7}, {3, 6}, {1, 5}], [{8, 2}, {4, 7}, {5, 6}, {1, 3}], [{8, 2}, {4, 7}, {5, 6}, {3}, {1}], [{8, 2}, {4, 7}, {6}, {5}, {1, 3}], [{8, 2}, {5, 7}, {1, 6}, {3, 4}], [{8, 2}, {5, 7}, {1, 6}, {4}, {3}], [{8, 2}, {5, 7}, {3, 6}, {1, 4}], [{8, 2}, {5, 7}, {4, 6}, {1, 3}], [{8, 2}, {6, 7}, {1, 5}, {3, 4}], [{8, 2}, {6, 7}, {3, 5}, {1, 4}], [{8, 2}, {6, 7}, {4, 5}, {1, 3}], [{8, 2}, {6, 7}, {4, 5}, {3}, {1}], [{8, 2}, {7}, {3, 6}, {1, 5}, {4}], [{8, 2}, {7}, {5, 6}, {4}, {1, 3}], [{8, 3}, {1, 7}, {2, 6}, {4, 5}], [{8, 3}, {1, 7}, {2, 6}, {5}, {4}], [{8, 3}, {1, 7}, {4, 6}, {2, 5}], [{8, 3}, {1, 7}, {5, 6}, {2, 4}], [{8, 3}, {2, 7}, {1, 6}, {4, 5}], [{8, 3}, {2, 7}, {4, 6}, {1, 5}], [{8, 3}, {2, 7}, {5, 6}, {1, 4}], [{8, 3}, {2, 7}, {5, 6}, {4}, {1}], [{8, 3}, {4, 7}, {1, 6}, {2, 5}], [{8, 3}, {4, 7}, {2, 6}, {1, 5}], [{8, 3}, {4, 7}, {5, 6}, {1, 2}], [{8, 3}, {4, 7}, {6}, {1, 5}, {2}], [{8, 3}, {5, 7}, {1, 6}, {2, 4}], [{8, 3}, {5, 7}, {2, 6}, {1, 4}], [{8, 3}, {5, 7}, {4, 6}, {1, 2}], [{8, 3}, {6, 7}, {1, 5}, {2, 4}], [{8, 3}, {6, 7}, {2, 5}, {1, 4}], [{8, 3}, {6, 7}, {4, 5}, {1, 2}], [{8, 3}, {7}, {5, 6}, {1, 4}, {2}], [{8, 4}, {1, 7}, {2, 6}, {3, 5}], [{8, 4}, {1, 7}, {3, 6}, {2, 5}], [{8, 4}, {1, 7}, {5, 6}, {2, 3}], [{8, 4}, {2, 7}, {1, 6}, {3, 5}], [{8, 4}, {2, 7}, {3, 6}, {1, 5}], [{8, 4}, {2, 7}, {3, 6}, {5}, {1}], [{8, 4}, {2, 7}, {5, 6}, {1, 3}], [{8, 4}, {2, 7}, {5, 6}, {3}, {1}], [{8, 4}, {2, 7}, {6}, {3, 5}, {1}], [{8, 4}, {3, 7}, {1, 6}, {2, 5}], [{8, 4}, {3, 7}, {2, 6}, {1, 5}], [{8, 4}, {3, 7}, {5, 6}, {1, 2}], [{8, 4}, {5, 7}, {1, 6}, {2, 3}], [{8, 4}, {5, 7}, {2, 6}, {1, 3}], [{8, 4}, {5, 7}, {3, 6}, {1, 2}], [{8, 4}, {6, 7}, {1, 5}, {2, 3}], [{8, 4}, {6, 7}, {2, 5}, {1, 3}], [{8, 4}, {6, 7}, {2, 5}, {3}, {1}], [{8, 4}, {6, 7}, {3, 5}, {1, 2}], [{8, 4}, {7}, {5, 6}, {1, 3}, {2}], [{8, 5}, {1, 7}, {2, 6}, {3, 4}], [{8, 5}, {1, 7}, {3, 6}, {2, 4}], [{8, 5}, {1, 7}, {4, 6}, {2, 3}], [{8, 5}, {1, 7}, {6}, {3, 4}, {2}], [{8, 5}, {2, 7}, {1, 6}, {3, 4}], [{8, 5}, {2, 7}, {3, 6}, {1, 4}], [{8, 5}, {2, 7}, {4, 6}, {1, 3}], [{8, 5}, {3, 7}, {1, 6}, {2, 4}], [{8, 5}, {3, 7}, {2, 6}, {1, 4}], [{8, 5}, {3, 7}, {2, 6}, {4}, {1}], [{8, 5}, {3, 7}, {4, 6}, {1, 2}], [{8, 5}, {4, 7}, {1, 6}, {2, 3}], [{8, 5}, {4, 7}, {2, 6}, {1, 3}], [{8, 5}, {4, 7}, {3, 6}, {1, 2}], [{8, 5}, {4, 7}, {6}, {1, 3}, {2}], [{8, 5}, {6, 7}, {1, 4}, {2, 3}], [{8, 5}, {6, 7}, {1, 4}, {3}, {2}], [{8, 5}, {6, 7}, {2, 4}, {1, 3}], [{8, 5}, {6, 7}, {3, 4}, {1, 2}], [{8, 5}, {7}, {3, 6}, {2, 4}, {1}], [{8, 6}, {1, 7}, {2, 5}, {3, 4}], [{8, 6}, {1, 7}, {3, 5}, {2, 4}], [{8, 6}, {1, 7}, {4, 5}, {2, 3}], [{8, 6}, {2, 7}, {1, 5}, {3, 4}], [{8, 6}, {2, 7}, {3, 5}, {1, 4}], [{8, 6}, {2, 7}, {4, 5}, {1, 3}], [{8, 6}, {2, 7}, {4, 5}, {3}, {1}], [{8, 6}, {3, 7}, {1, 5}, {2, 4}], [{8, 6}, {3, 7}, {2, 5}, {1, 4}], [{8, 6}, {3, 7}, {4, 5}, {1, 2}], [{8, 6}, {4, 7}, {1, 5}, {2, 3}], [{8, 6}, {4, 7}, {2, 5}, {1, 3}], [{8, 6}, {4, 7}, {2, 5}, {3}, {1}], [{8, 6}, {4, 7}, {3, 5}, {1, 2}], [{8, 6}, {5, 7}, {1, 4}, {2, 3}], [{8, 6}, {5, 7}, {1, 4}, {3}, {2}], [{8, 6}, {5, 7}, {2, 4}, {1, 3}], [{8, 6}, {5, 7}, {2, 4}, {3}, {1}], [{8, 6}, {5, 7}, {3, 4}, {1, 2}], [{8, 6}, {5, 7}, {3, 4}, {2}, {1}], [{8, 6}, {5, 7}, {4}, {1, 3}, {2}], [{8, 6}, {5, 7}, {4}, {2, 3}, {1}], [{8, 6}, {5, 7}, {4}, {3}, {1, 2}], [{8, 6}, {5, 7}, {4}, {3}, {2}, {1}], [{8, 7}, {1, 6}, {2, 5}, {3, 4}], [{8, 7}, {1, 6}, {3, 5}, {2, 4}], [{8, 7}, {1, 6}, {4, 5}, {2, 3}], [{8, 7}, {2, 6}, {1, 5}, {3, 4}], [{8, 7}, {2, 6}, {3, 5}, {1, 4}], [{8, 7}, {2, 6}, {4, 5}, {1, 3}], [{8, 7}, {2, 6}, {5}, {4}, {1, 3}], [{8, 7}, {3, 6}, {1, 5}, {2, 4}], [{8, 7}, {3, 6}, {1, 5}, {4}, {2}], [{8, 7}, {3, 6}, {2, 5}, {1, 4}], [{8, 7}, {3, 6}, {4, 5}, {1, 2}], [{8, 7}, {4, 6}, {1, 5}, {2, 3}], [{8, 7}, {4, 6}, {2, 5}, {1, 3}], [{8, 7}, {4, 6}, {3, 5}, {1, 2}], [{8, 7}, {5, 6}, {1, 4}, {2, 3}], [{8, 7}, {5, 6}, {1, 4}, {3}, {2}], [{8, 7}, {5, 6}, {2, 4}, {1, 3}], [{8, 7}, {5, 6}, {2, 4}, {3}, {1}], [{8, 7}, {5, 6}, {3, 4}, {1, 2}], [{8, 7}, {5, 6}, {4}, {3}, {1, 2}], [{8, 7}, {6}, {4, 5}, {2, 3}, {1}], [{8}, {1, 7}, {6}, {4, 5}, {2, 3}], [{8}, {2, 7}, {3, 6}, {1, 5}, {4}], [{8}, {2, 7}, {5, 6}, {3, 4}, {1}], [{8}, {2, 7}, {6}, {3, 5}, {1, 4}], [{8}, {2, 7}, {6}, {4, 5}, {1, 3}], [{8}, {3, 7}, {5, 6}, {1, 4}, {2}], [{8}, {4, 7}, {6}, {2, 5}, {1, 3}], [{8}, {7}, {5, 6}, {2, 4}, {1, 3}]]",2,8 K_1^3 + 4 K_1^2 K_2 - 6 K_1^2 - 12 K_1 K_2 - 4 K_1 K_3 - 4 K_2^2 + 3 K_2 + 4 K_3 + 3 K_4 + 5,O1O2O3O4U5U4U6O7U8O5O6U3U1O8U2U7,O1O2O3U2U4U5U6O7O5U8O6O4U1U3O8U7,O1O2O3U4O5U1U3O6O7U5O8O4U7U8U6U2,c,{'O1O2O3O4U5U3O6U4U2O7O8U6O5U7U1U8'},1,"<a href=""/flatknot/8.850633"">8.850633</a>",t^9-40t^7-70t^6+162t^5+382t^4-203t^3-622t^2+50t+196,-t^2+2t,,
8.850634,O1O2O3O4U5U3O6U4U2O7O8U6O5U8U1U7,3,10z^2+51z+63,10w^3z^2+51w^2z+63w,False,False,"[[ 0 -1  0  0  1 -1  0  1  0],[ 1  0  0  0  1 -1  1  1  0],[ 0  0  0 -1  1 -3  2  0  0],[ 0  0  1  0  1 -1  1 -1 -1],[-1 -1 -1 -1  0 -2  1  0  0],[ 1  1  3  1  2  0  0 -1 -1],[ 0 -1 -2 -1 -1  0  0  2  1],[-1 -1  0  1  0  1 -2  0  0],[ 0  0  0  1  0  1 -1  0  0]]","[[ 0  1  1  0  0  0  0 -1 -1],[-1  0  0  1  0  0 -2  1 -1],[-1  0  0 -1  0 -1  1 -2 -1],[ 0 -1  1  0 -1  1  1 -1  0],[ 0  0  0  1  0  0 -1  1  0],[ 0  0  1 -1  0  0  2 -3  0],[ 0  2 -1 -1  1 -2  0  0 -1],[ 1 -1  2  1 -1  3  0  0  1],[ 1  1  1  0  0  0  1 -1  0]]",True,"[-1,-1,0,0,0,0,1,1,0,-1,0,0,2,-1,1,1,0,1,-1,2,1,1,-1,-1,1,0,0,1,-1,0,-2,3,0,0,1,-1]","[-1,-1,0,0,0,0,1,1,-1,-2,0,1,2,0,3,1,1,0,1,1,1,1,-2,0,0,1,-1,1,0,2,-1,2,-1,1,1,0]",t^8+36t^6+118t^4+45t^2,"[-1,-1,0,0,0,0,1,1,-1,-2,0,1,2,0,3,1,1,0,1,1,1,1,-2,0,0,1,-1,1,0,2,-1,2,-1,1,1,0]","[-1,-1,0,0,0,0,1,1,0,-1,1,1,2,1,3,2,0,1,0,1,0,-2,1,-1,0,1,0,-1,1,-2,1,1,2,1,0,-1]","[-1,-1,0,0,0,0,1,1,-1,0,0,0,1,1,1,-1,1,3,0,-1,2,1,0,-1,0,0,1,1,-1,1,2,0,1,2,-1,0]",c,"[[{8, 2}, {5, 7}, {3, 6}, {1, 4}], [{8, 2}, {5, 7}, {6}, {1, 4}, {3}], [{8, 3}, {5, 7}, {2, 6}, {1, 4}], [{8, 3}, {5, 7}, {6}, {1, 4}, {2}], [{8, 6}, {1, 7}, {4, 5}, {2, 3}], [{8, 6}, {5, 7}, {1, 4}, {2, 3}], [{8}, {1, 7}, {6}, {4, 5}, {2, 3}], [{8}, {5, 7}, {6}, {1, 4}, {2, 3}]]",1,- 8 K_1^2 + 4 K_2 + 5,O1O2O3O4U5U4U6O7U8O6O5U3U1O8U2U7,O1O2O3U2U4U5U6O7O5U8O6O4U3U1O8U7,O1O2O3U4O5U3U1O6O7U5O8O4U7U8U6U2,c,"{'O1O2O3O4U5U3O6U4U2O7O8U6O5U8U1U7', 'O1O2O3U4U2O5U3U1O6O7U5O4U8U6O8U7'}",2,"<a href=""/flatknot/8.850634"">8.850634</a>",t^9-36t^7-58t^6+78t^5+168t^4-14t^3-120t^2-36t+8,0,,
8.850635,O1O2O3O4U5U3O6U4U2O7O8U7O5U1U6U8,4,11z^2+96z+149,11w^3z^2+96w^2z+149w,False,False,"[[ 0 -2  0  0  1 -1  1 -1  2],[ 2  0  1  0  2 -1  2  0  2],[ 0 -1  0 -1  1 -2  1  0  0],[ 0  0  1  0  1 -1  0  0 -1],[-1 -2 -1 -1  0 -1  0  0  0],[ 1  1  2  1  1  0  1 -1  0],[-1 -2 -1  0  0 -1  0  0  2],[ 1  0  0  0  0  1  0  0  1],[-2 -2  0  1  0  0 -2 -1  0]]","[[ 0  2  1  1  0  0 -1 -1 -2],[-2  0  0 -2  1  0  0 -1 -2],[-1  0  0  0 -1 -1 -1  0 -2],[-1  2  0  0  0 -1 -1  0 -2],[ 0 -1  1  0  0  1 -1  0  0],[ 0  0  1  1 -1  0 -2  0 -1],[ 1  0  1  1  1  2  0 -1  1],[ 1  1  0  0  0  0  1  0  0],[ 2  2  2  2  0  1 -1  0  0]]",True,"[-2,-1,-1,0,0,1,1,2,0,2,-1,0,0,1,2,0,1,1,1,0,2,0,1,1,0,2,-1,1,0,0,2,0,1,1,-1,0]","[-2,-1,-1,0,0,1,1,2,-1,0,0,1,2,2,2,-1,1,2,1,1,0,0,0,0,0,1,1,0,1,-1,1,1,0,0,2,0]",t^8+32t^6+215t^4+125t^2+4,"[-2,-1,-1,0,0,1,1,2,1,2,1,2,1,1,2,-1,1,1,2,2,2,-1,0,1,1,3,1,0,0,2,0,1,3,0,1,-1]","[-2,-1,-1,0,0,1,1,2,-1,1,2,3,2,3,2,0,0,1,2,1,1,0,0,2,1,1,-1,1,-1,1,1,0,2,1,1,2]","[-2,-1,-1,0,0,1,1,2,-1,0,0,1,2,2,2,-1,1,2,1,1,0,0,0,0,0,1,1,0,1,-1,1,1,0,0,2,0]",c,"[[{8, 1}, {4, 7}, {5, 6}, {2, 3}], [{8, 1}, {6, 7}, {4, 5}, {2, 3}], [{8, 1}, {6, 7}, {4, 5}, {3}, {2}], [{8, 2}, {6, 7}, {4, 5}, {1, 3}], [{8, 2}, {6, 7}, {4, 5}, {3}, {1}], [{8, 3}, {6, 7}, {4, 5}, {1, 2}], [{8, 4}, {6, 7}, {2, 5}, {1, 3}], [{8, 4}, {6, 7}, {2, 5}, {3}, {1}], [{8}, {6, 7}, {4, 5}, {3}, {1, 2}]]",1,24 K_1^3 + 4 K_1^2 K_2 - 42 K_1^2 - 44 K_1 K_2 - 6 K_1 K_3 + 4 K_1 - 2 K_2^2 + 22 K_2 + 16 K_3 + 3 K_4 + 22,O1O2O3O4U5U6U4O7U8O5O8U3U1O6U2U7,O1O2O3U1U4U5U6O7O5U2O6O4U8U3O8U7,O1O2O3U4O5U1U5O6O7U2O8O4U7U8U6U3,c,{'O1O2O3O4U5U3O6U4U2O7O8U7O5U1U6U8'},1,"<a href=""/flatknot/8.850635"">8.850635</a>",t^9-32t^7-50t^6+129t^5+116t^4-353t^3-120t^2+157t-12,0,,
8.850636,O1O2O3O4U5U3O6U4U2O7O8U7O5U1U8U6,4,16z^2+93z+123,16w^3z^2+93w^2z+123w,False,False,"[[ 0 -2  0  0  1 -1  2 -1  1],[ 2  0  1  0  2 -1  3  0  1],[ 0 -1  0 -1  1 -2  1  0 -1],[ 0  0  1  0  1 -1  0  0 -1],[-1 -2 -1 -1  0 -1  0  0 -1],[ 1  1  2  1  1  0  1 -1  0],[-2 -3 -1  0  0 -1  0 -1  1],[ 1  0  0  0  0  1  1  0  1],[-1 -1  1  1  1  0 -1 -1  0]]","[[ 0  2  1  1  0  0 -1 -1 -2],[-2  0  1  0  0 -1 -1 -1 -3],[-1 -1  0  1  1  1  0 -1 -1],[-1  0 -1  0 -1 -1 -1  0 -2],[ 0  0 -1  1  0  1 -1  0  0],[ 0  1 -1  1 -1  0 -2  0 -1],[ 1  1  0  1  1  2  0 -1  1],[ 1  1  1  0  0  0  1  0  0],[ 2  3  1  2  0  1 -1  0  0]]",True,"[-2,-1,-1,0,0,1,1,2,-1,0,0,1,1,1,3,-1,-1,-1,0,1,1,1,1,1,0,2,-1,1,0,0,2,0,1,1,-1,0]","[-2,-1,-1,0,0,1,1,2,-1,0,0,1,1,1,3,-1,-1,-1,0,1,1,1,1,1,0,2,-1,1,0,0,2,0,1,1,-1,0]",t^8+34t^6+245t^4+148t^2+4,"[-2,-1,-1,0,0,1,1,2,1,2,1,2,1,2,1,-1,1,1,2,1,2,-1,0,1,2,2,1,0,2,1,0,2,2,1,1,2]","[-2,-1,-1,0,0,1,1,2,1,2,1,2,2,2,1,-1,0,0,1,2,1,2,2,2,1,2,-1,-1,1,1,0,1,2,-1,2,1]","[-2,-1,-1,0,0,1,1,2,-1,0,0,1,1,2,3,-1,1,2,0,1,1,0,0,1,0,1,1,-1,1,0,-1,1,1,1,-1,0]",c,"[[{8, 3}, {2, 7}, {5, 6}, {1, 4}], [{8}, {2, 7}, {5, 6}, {1, 4}, {3}]]",1,16 K_1^3 + 4 K_1^2 K_2 - 24 K_1^2 - 28 K_1 K_2 - 4 K_1 K_3 + 2 K_1 - 4 K_2^2 + 12 K_2 + 10 K_3 + 3 K_4 + 14,O1O2O3O4U5U6U4O7U8O6O8U3U1O5U2U7,O1O2O3U1U4U5U6O7O5U3O6O4U8U2O8U7,O1O2O3U4O5U2U5O6O7U1O8O4U7U8U6U3,c,{'O1O2O3O4U5U3O6U4U2O7O8U7O5U1U8U6'},1,"<a href=""/flatknot/8.850636"">8.850636</a>",t^9-34t^7-64t^6+89t^5+150t^4-103t^3-38t^2+79t-36,0,,
8.850637,O1O2O3O4U5U3O6U4U2O7O8U7O5U6U1U8,3,18z^2+69z+67,18w^3z^2+69w^2z+67w,False,False,"[[ 0 -1  0  0  1 -1  0 -1  2],[ 1  0  0  0  1 -1  1  0  2],[ 0  0  0 -1  1 -2  1  0  0],[ 0  0  1  0  1 -1  0  0 -1],[-1 -1 -1 -1  0 -1  0  0  0],[ 1  1  2  1  1  0  0 -1  0],[ 0 -1 -1  0  0  0  0  0  2],[ 1  0  0  0  0  1  0  0  1],[-2 -2  0  1  0  0 -2 -1  0]]","[[ 0  2  1  0  0  0 -1 -1 -1],[-2  0  0  1  0 -2  0 -1 -2],[-1  0  0 -1 -1  0 -1  0 -1],[ 0 -1  1  0  1  0 -1  0  0],[ 0  0  1 -1  0  1 -2  0  0],[ 0  2  0  0 -1  0  0  0 -1],[ 1  0  1  1  2  0  0 -1  1],[ 1  1  0  0  0  0  1  0  0],[ 1  2  1  0  0  1 -1  0  0]]",True,"[-2,-1,0,0,0,1,1,1,0,-1,0,2,0,1,2,1,1,0,1,0,1,-1,0,1,0,0,-1,2,0,0,0,0,1,1,-1,0]","[-2,-1,0,0,0,1,1,1,0,-1,0,2,0,1,2,1,1,0,1,0,1,-1,0,1,0,0,-1,2,0,0,0,0,1,1,-1,0]",t^8+24t^6+139t^4+43t^2,"[-1,-1,-1,0,0,0,1,2,-1,0,1,1,1,2,2,-1,-1,0,1,1,3,1,1,0,1,1,1,-1,0,2,0,0,3,1,0,1]","[-2,-1,0,0,0,1,1,1,1,0,2,3,1,2,3,1,0,0,1,2,1,-1,0,0,1,1,-1,1,1,-1,1,1,0,0,-1,1]","[-1,-1,-1,0,0,0,1,2,-1,0,0,0,1,1,2,-1,1,2,0,1,0,0,0,0,0,1,1,0,1,-1,1,1,0,0,2,0]",c,"[[{8, 1}, {2, 7}, {3, 6}, {4, 5}], [{8, 1}, {2, 7}, {6}, {4, 5}, {3}], [{8, 2}, {1, 7}, {3, 6}, {4, 5}], [{8, 2}, {1, 7}, {6}, {4, 5}, {3}], [{8, 7}, {3, 6}, {4, 5}, {1, 2}], [{8, 7}, {6}, {4, 5}, {3}, {1, 2}]]",1,8 K_1^3 - 6 K_1^2 - 12 K_1 K_2 + 3 K_2 + 4 K_3 + 4,O1O2O3O4U5U4U6O7U8O5O8U3U1O6U2U7,O1O2O3U2U4U5U6O7O5U1O6O4U8U3O8U7,O1O2O3U4O5U1U5O6O7U3O8O4U7U8U6U2,c,"{'O1O2O3U4O5U3U5O6U2O7O8U7U6O4U1U8', 'O1O2O3O4U5U3O6U4U2O7O8U7O5U6U1U8'}",2,"<a href=""/flatknot/8.850637"">8.850637</a>",t^9-22t^7-26t^6+94t^5+156t^4-66t^3-192t^2-44t,-t^2+2t,,
8.850638,O1O2O3O4U5U3O6U4U2O7O8U7O5U8U1U6,4,13z^2+98z+145,13w^3z^2+98w^2z+145w,False,False,"[[ 0 -1  0  0  1 -1  2 -1  0],[ 1  0  1  0  2 -1  2 -1  0],[ 0 -1  0 -1  1 -2  1  0 -1],[ 0  0  1  0  1 -1  0  0 -1],[-1 -2 -1 -1  0 -1  0  0 -1],[ 1  1  2  1  1  0  1 -1 -1],[-2 -2 -1  0  0 -1  0 -1  1],[ 1  1  0  0  0  1  1  0  1],[ 0  0  1  1  1  1 -1 -1  0]]","[[ 0  2  1  0  0  0 -1 -1 -1],[-2  0  0  1  0 -1 -1 -1 -2],[-1  0  0 -1 -1 -1  0 -1 -2],[ 0 -1  1  0  1  1 -1  1  0],[ 0  0  1 -1  0  1  0 -1  0],[ 0  1  1 -1 -1  0  0 -2 -1],[ 1  1  0  1  0  0  0  1  1],[ 1  1  1 -1  1  2 -1  0  1],[ 1  2  2  0  0  1 -1 -1  0]]",True,"[-2,-1,0,0,0,1,1,1,0,-1,0,1,1,1,2,1,1,1,0,1,2,-1,-1,1,-1,0,-1,0,1,0,0,2,1,-1,-1,-1]","[-2,-1,0,0,0,1,1,1,0,-1,0,1,1,1,2,1,1,1,0,1,2,-1,-1,1,-1,0,-1,0,1,0,0,2,1,-1,-1,-1]",t^8+30t^6+170t^4+126t^2+1,"[-1,-1,-1,0,0,0,1,2,-1,-1,0,1,1,2,2,-1,2,-1,0,1,2,1,0,1,0,1,-1,-1,0,3,1,0,1,0,2,1]","[-2,-1,0,0,0,1,1,1,1,1,2,3,1,2,2,0,0,0,0,1,2,-1,-1,0,-1,1,-1,1,0,1,1,2,0,-1,-1,-1]","[-1,-1,-1,0,0,0,1,2,-1,-1,0,0,1,2,2,-1,-1,1,2,1,1,1,0,0,0,1,1,1,1,-1,1,1,0,1,1,0]",c,"[[{8, 1}, {2, 7}, {3, 6}, {4, 5}], [{8, 1}, {2, 7}, {4, 6}, {3, 5}], [{8, 1}, {2, 7}, {5, 6}, {3, 4}], [{8, 1}, {3, 7}, {2, 6}, {4, 5}], [{8, 1}, {3, 7}, {4, 6}, {2, 5}], [{8, 1}, {3, 7}, {5, 6}, {2, 4}], [{8, 1}, {4, 7}, {2, 6}, {3, 5}], [{8, 1}, {4, 7}, {3, 6}, {2, 5}], [{8, 1}, {4, 7}, {5, 6}, {2, 3}], [{8, 1}, {5, 7}, {2, 6}, {3, 4}], [{8, 1}, {5, 7}, {3, 6}, {2, 4}], [{8, 1}, {5, 7}, {4, 6}, {2, 3}], [{8, 1}, {6, 7}, {2, 5}, {3, 4}], [{8, 1}, {6, 7}, {3, 5}, {2, 4}], [{8, 1}, {6, 7}, {4, 5}, {2, 3}], [{8, 1}, {7}, {4, 6}, {5}, {2, 3}], [{8, 2}, {1, 7}, {3, 6}, {4, 5}], [{8, 2}, {1, 7}, {4, 6}, {3, 5}], [{8, 2}, {1, 7}, {5, 6}, {3, 4}], [{8, 2}, {1, 7}, {6}, {4, 5}, {3}], [{8, 2}, {3, 7}, {1, 6}, {4, 5}], [{8, 2}, {3, 7}, {1, 6}, {5}, {4}], [{8, 2}, {3, 7}, {4, 6}, {1, 5}], [{8, 2}, {3, 7}, {4, 6}, {5}, {1}], [{8, 2}, {3, 7}, {5, 6}, {1, 4}], [{8, 2}, {3, 7}, {6}, {5}, {1, 4}], [{8, 2}, {4, 7}, {1, 6}, {3, 5}], [{8, 2}, {4, 7}, {3, 6}, {1, 5}], [{8, 2}, {4, 7}, {3, 6}, {5}, {1}], [{8, 2}, {4, 7}, {5, 6}, {1, 3}], [{8, 2}, {5, 7}, {1, 6}, {3, 4}], [{8, 2}, {5, 7}, {3, 6}, {1, 4}], [{8, 2}, {5, 7}, {4, 6}, {1, 3}], [{8, 2}, {5, 7}, {6}, {4}, {1, 3}], [{8, 2}, {6, 7}, {1, 5}, {3, 4}], [{8, 2}, {6, 7}, {3, 5}, {1, 4}], [{8, 2}, {6, 7}, {4, 5}, {1, 3}], [{8, 2}, {6, 7}, {4, 5}, {3}, {1}], [{8, 2}, {7}, {1, 6}, {4, 5}, {3}], [{8, 2}, {7}, {3, 6}, {1, 5}, {4}], [{8, 2}, {7}, {5, 6}, {3, 4}, {1}], [{8, 3}, {1, 7}, {2, 6}, {4, 5}], [{8, 3}, {1, 7}, {4, 6}, {2, 5}], [{8, 3}, {1, 7}, {5, 6}, {2, 4}], [{8, 3}, {1, 7}, {6}, {4, 5}, {2}], [{8, 3}, {2, 7}, {1, 6}, {4, 5}], [{8, 3}, {2, 7}, {4, 6}, {1, 5}], [{8, 3}, {2, 7}, {5, 6}, {1, 4}], [{8, 3}, {2, 7}, {6}, {4, 5}, {1}], [{8, 3}, {4, 7}, {1, 6}, {2, 5}], [{8, 3}, {4, 7}, {2, 6}, {1, 5}], [{8, 3}, {4, 7}, {5, 6}, {1, 2}], [{8, 3}, {5, 7}, {1, 6}, {2, 4}], [{8, 3}, {5, 7}, {2, 6}, {1, 4}], [{8, 3}, {5, 7}, {4, 6}, {1, 2}], [{8, 3}, {5, 7}, {6}, {1, 4}, {2}], [{8, 3}, {6, 7}, {1, 5}, {2, 4}], [{8, 3}, {6, 7}, {1, 5}, {4}, {2}], [{8, 3}, {6, 7}, {2, 5}, {1, 4}], [{8, 3}, {6, 7}, {4, 5}, {1, 2}], [{8, 3}, {6, 7}, {4, 5}, {2}, {1}], [{8, 3}, {6, 7}, {5}, {1, 4}, {2}], [{8, 3}, {7}, {1, 6}, {4, 5}, {2}], [{8, 3}, {7}, {2, 6}, {4, 5}, {1}], [{8, 3}, {7}, {4, 6}, {2, 5}, {1}], [{8, 3}, {7}, {5, 6}, {1, 4}, {2}], [{8, 3}, {7}, {6}, {4, 5}, {1, 2}], [{8, 4}, {1, 7}, {2, 6}, {3, 5}], [{8, 4}, {1, 7}, {3, 6}, {2, 5}], [{8, 4}, {1, 7}, {5, 6}, {2, 3}], [{8, 4}, {1, 7}, {6}, {2, 5}, {3}], [{8, 4}, {2, 7}, {1, 6}, {3, 5}], [{8, 4}, {2, 7}, {3, 6}, {1, 5}], [{8, 4}, {2, 7}, {5, 6}, {1, 3}], [{8, 4}, {2, 7}, {6}, {5}, {1, 3}], [{8, 4}, {3, 7}, {1, 6}, {2, 5}], [{8, 4}, {3, 7}, {2, 6}, {1, 5}], [{8, 4}, {3, 7}, {5, 6}, {1, 2}], [{8, 4}, {5, 7}, {1, 6}, {2, 3}], [{8, 4}, {5, 7}, {2, 6}, {1, 3}], [{8, 4}, {5, 7}, {3, 6}, {1, 2}], [{8, 4}, {6, 7}, {1, 5}, {2, 3}], [{8, 4}, {6, 7}, {2, 5}, {1, 3}], [{8, 4}, {6, 7}, {2, 5}, {3}, {1}], [{8, 4}, {6, 7}, {3, 5}, {1, 2}], [{8, 4}, {7}, {1, 6}, {2, 5}, {3}], [{8, 4}, {7}, {2, 6}, {1, 5}, {3}], [{8, 4}, {7}, {5, 6}, {1, 3}, {2}], [{8, 4}, {7}, {5, 6}, {2, 3}, {1}], [{8, 4}, {7}, {5, 6}, {3}, {1, 2}], [{8, 5}, {1, 7}, {2, 6}, {3, 4}], [{8, 5}, {1, 7}, {3, 6}, {2, 4}], [{8, 5}, {1, 7}, {4, 6}, {2, 3}], [{8, 5}, {1, 7}, {6}, {3, 4}, {2}], [{8, 5}, {2, 7}, {1, 6}, {3, 4}], [{8, 5}, {2, 7}, {3, 6}, {1, 4}], [{8, 5}, {2, 7}, {4, 6}, {1, 3}], [{8, 5}, {2, 7}, {6}, {3, 4}, {1}], [{8, 5}, {3, 7}, {1, 6}, {2, 4}], [{8, 5}, {3, 7}, {2, 6}, {1, 4}], [{8, 5}, {3, 7}, {4, 6}, {1, 2}], [{8, 5}, {3, 7}, {6}, {4}, {1, 2}], [{8, 5}, {4, 7}, {1, 6}, {2, 3}], [{8, 5}, {4, 7}, {2, 6}, {1, 3}], [{8, 5}, {4, 7}, {3, 6}, {1, 2}], [{8, 5}, {4, 7}, {6}, {3}, {1, 2}], [{8, 5}, {6, 7}, {1, 4}, {2, 3}], [{8, 5}, {6, 7}, {1, 4}, {3}, {2}], [{8, 5}, {6, 7}, {2, 4}, {1, 3}], [{8, 5}, {6, 7}, {3, 4}, {1, 2}], [{8, 5}, {6, 7}, {3, 4}, {2}, {1}], [{8, 5}, {6, 7}, {4}, {1, 3}, {2}], [{8, 5}, {7}, {1, 6}, {3, 4}, {2}], [{8, 5}, {7}, {2, 6}, {3, 4}, {1}], [{8, 5}, {7}, {6}, {3, 4}, {1, 2}], [{8, 6}, {1, 7}, {2, 5}, {3, 4}], [{8, 6}, {1, 7}, {3, 5}, {2, 4}], [{8, 6}, {1, 7}, {4, 5}, {2, 3}], [{8, 6}, {2, 7}, {1, 5}, {3, 4}], [{8, 6}, {2, 7}, {3, 5}, {1, 4}], [{8, 6}, {2, 7}, {4, 5}, {1, 3}], [{8, 6}, {2, 7}, {5}, {3, 4}, {1}], [{8, 6}, {3, 7}, {1, 5}, {2, 4}], [{8, 6}, {3, 7}, {2, 5}, {1, 4}], [{8, 6}, {3, 7}, {2, 5}, {4}, {1}], [{8, 6}, {3, 7}, {4, 5}, {1, 2}], [{8, 6}, {4, 7}, {1, 5}, {2, 3}], [{8, 6}, {4, 7}, {2, 5}, {1, 3}], [{8, 6}, {4, 7}, {3, 5}, {1, 2}], [{8, 6}, {4, 7}, {5}, {3}, {1, 2}], [{8, 6}, {5, 7}, {1, 4}, {2, 3}], [{8, 6}, {5, 7}, {1, 4}, {3}, {2}], [{8, 6}, {5, 7}, {2, 4}, {1, 3}], [{8, 6}, {5, 7}, {3, 4}, {1, 2}], [{8, 6}, {7}, {1, 5}, {3, 4}, {2}], [{8, 7}, {1, 6}, {2, 5}, {3, 4}], [{8, 7}, {1, 6}, {2, 5}, {4}, {3}], [{8, 7}, {1, 6}, {3, 5}, {2, 4}], [{8, 7}, {1, 6}, {4, 5}, {2, 3}], [{8, 7}, {2, 6}, {1, 5}, {3, 4}], [{8, 7}, {2, 6}, {1, 5}, {4}, {3}], [{8, 7}, {2, 6}, {3, 5}, {1, 4}], [{8, 7}, {2, 6}, {4, 5}, {1, 3}], [{8, 7}, {3, 6}, {1, 5}, {2, 4}], [{8, 7}, {3, 6}, {2, 5}, {1, 4}], [{8, 7}, {3, 6}, {4, 5}, {1, 2}], [{8, 7}, {4, 6}, {1, 5}, {2, 3}], [{8, 7}, {4, 6}, {2, 5}, {1, 3}], [{8, 7}, {4, 6}, {3, 5}, {1, 2}], [{8, 7}, {5, 6}, {1, 4}, {2, 3}], [{8, 7}, {5, 6}, {1, 4}, {3}, {2}], [{8, 7}, {5, 6}, {2, 4}, {1, 3}], [{8, 7}, {5, 6}, {2, 4}, {3}, {1}], [{8, 7}, {5, 6}, {3, 4}, {1, 2}], [{8, 7}, {5, 6}, {3, 4}, {2}, {1}], [{8, 7}, {5, 6}, {4}, {1, 3}, {2}], [{8, 7}, {5, 6}, {4}, {2, 3}, {1}], [{8, 7}, {5, 6}, {4}, {3}, {1, 2}], [{8, 7}, {5, 6}, {4}, {3}, {2}, {1}], [{8}, {1, 7}, {6}, {4, 5}, {2, 3}], [{8}, {2, 7}, {5, 6}, {3, 4}, {1}], [{8}, {3, 7}, {4, 6}, {1, 5}, {2}], [{8}, {3, 7}, {5, 6}, {1, 4}, {2}], [{8}, {4, 7}, {1, 6}, {2, 5}, {3}], [{8}, {4, 7}, {1, 6}, {3, 5}, {2}], [{8}, {4, 7}, {1, 6}, {5}, {2, 3}], [{8}, {4, 7}, {2, 6}, {1, 5}, {3}], [{8}, {4, 7}, {3, 6}, {1, 5}, {2}], [{8}, {4, 7}, {5, 6}, {1, 3}, {2}], [{8}, {4, 7}, {5, 6}, {2, 3}, {1}], [{8}, {4, 7}, {5, 6}, {3}, {1, 2}], [{8}, {4, 7}, {6}, {1, 5}, {2, 3}], [{8}, {5, 7}, {1, 6}, {4}, {2, 3}], [{8}, {5, 7}, {3, 6}, {1, 4}, {2}], [{8}, {5, 7}, {4, 6}, {1, 3}, {2}], [{8}, {6, 7}, {3, 5}, {1, 4}, {2}], [{8}, {6, 7}, {4, 5}, {2, 3}, {1}], [{8}, {7}, {1, 6}, {4, 5}, {2, 3}]]",2,12 K_1^3 - 34 K_1^2 - 20 K_1 K_2 + K_1 + 17 K_2 + 7 K_3 + 18,O1O2O3O4U5U4U6O7U8O6O8U3U1O5U2U7,O1O2O3U2U4U5U6O7O5U3O6O4U8U1O8U7,O1O2O3U4O5U3U5O6O7U1O8O4U7U8U6U2,c,{'O1O2O3O4U5U3O6U4U2O7O8U7O5U8U1U6'},1,"<a href=""/flatknot/8.850638"">8.850638</a>",t^9-28t^7-72t^6-13t^5+128t^4+128t^3+10t^2-28t-6,-t^2+2t,,
8.850639,O1O2O3O4U5U3O6U4U7O8O7U1O5U2U6U8,4,z^3+26z^2+108z+121,w^4z^3+26w^3z^2+108w^2z+121w,False,False,"[[ 0 -2 -1  0  1 -1  1  1  1],[ 2  0  0 -1  1  0  2  2  1],[ 1  0  0  0  2 -1  1  1  0],[ 0  1  0  0  1 -1  0  0 -1],[-1 -1 -2 -1  0 -1  0 -1  0],[ 1  0  1  1  1  0  1  2  1],[-1 -2 -1  0  0 -1  0 -1  0],[-1 -2 -1  0  1 -2  1  0  1],[-1 -1  0  1  0 -1  0 -1  0]]","[[ 0  1  1  1  1  0 -1 -1 -2],[-1  0  1  1  1  0 -1 -2 -2],[-1 -1  0  0  0  1  0 -1 -1],[-1 -1  0  0  0  0 -1 -1 -2],[-1 -1  0  0  0 -1 -2 -1 -1],[ 0  0 -1  0  1  0  0 -1  1],[ 1  1  0  1  2  0  0 -1  0],[ 1  2  1  1  1  1  1  0  0],[ 2  2  1  2  1 -1  0  0  0]]",True,"[-1,-1,-1,-1,0,1,1,2,-1,-1,-1,0,1,2,2,0,0,-1,0,1,1,0,0,1,1,2,1,2,1,1,0,1,-1,1,0,0]","[-2,-1,-1,0,1,1,1,1,0,0,-1,1,1,2,2,-1,0,0,2,1,1,1,1,1,1,2,-1,1,0,0,0,0,-1,0,-1,-1]",t^8+31t^6+160t^4+64t^2+4,"[-2,-1,-1,0,1,1,1,1,1,1,3,1,1,2,2,-1,0,0,1,1,1,1,1,1,0,2,1,1,0,2,-1,-1,-1,0,0,0]","[-1,-1,-1,-1,0,1,1,2,-1,0,0,0,0,1,2,1,1,1,1,0,1,0,1,1,1,1,2,2,1,2,1,0,3,-1,1,1]","[-2,-1,-1,0,1,1,1,1,0,0,-1,1,1,2,2,-1,0,0,2,1,1,1,1,1,1,2,-1,1,0,0,0,0,-1,0,-1,-1]",c,"[[{8, 1}, {2, 7}, {3, 6}, {4, 5}], [{8, 1}, {2, 7}, {4, 6}, {3, 5}], [{8, 1}, {2, 7}, {5, 6}, {3, 4}], [{8, 1}, {2, 7}, {6}, {3, 5}, {4}], [{8, 1}, {2, 7}, {6}, {4, 5}, {3}], [{8, 1}, {2, 7}, {6}, {5}, {3, 4}], [{8, 1}, {3, 7}, {2, 6}, {4, 5}], [{8, 1}, {3, 7}, {4, 6}, {2, 5}], [{8, 1}, {3, 7}, {4, 6}, {5}, {2}], [{8, 1}, {3, 7}, {5, 6}, {2, 4}], [{8, 1}, {4, 7}, {2, 6}, {3, 5}], [{8, 1}, {4, 7}, {3, 6}, {2, 5}], [{8, 1}, {4, 7}, {5, 6}, {2, 3}], [{8, 1}, {4, 7}, {5, 6}, {3}, {2}], [{8, 1}, {5, 7}, {2, 6}, {3, 4}], [{8, 1}, {5, 7}, {3, 6}, {2, 4}], [{8, 1}, {5, 7}, {4, 6}, {2, 3}], [{8, 1}, {5, 7}, {4, 6}, {3}, {2}], [{8, 1}, {6, 7}, {2, 5}, {3, 4}], [{8, 1}, {6, 7}, {3, 5}, {2, 4}], [{8, 1}, {6, 7}, {4, 5}, {2, 3}], [{8, 1}, {6, 7}, {4, 5}, {3}, {2}], [{8, 1}, {7}, {2, 6}, {4, 5}, {3}], [{8, 1}, {7}, {4, 6}, {3, 5}, {2}], [{8, 2}, {1, 7}, {3, 6}, {4, 5}], [{8, 2}, {1, 7}, {3, 6}, {5}, {4}], [{8, 2}, {1, 7}, {4, 6}, {3, 5}], [{8, 2}, {1, 7}, {5, 6}, {3, 4}], [{8, 2}, {3, 7}, {1, 6}, {4, 5}], [{8, 2}, {3, 7}, {4, 6}, {1, 5}], [{8, 2}, {3, 7}, {5, 6}, {1, 4}], [{8, 2}, {3, 7}, {6}, {4, 5}, {1}], [{8, 2}, {4, 7}, {1, 6}, {3, 5}], [{8, 2}, {4, 7}, {3, 6}, {1, 5}], [{8, 2}, {4, 7}, {5, 6}, {1, 3}], [{8, 2}, {5, 7}, {1, 6}, {3, 4}], [{8, 2}, {5, 7}, {3, 6}, {1, 4}], [{8, 2}, {5, 7}, {4, 6}, {1, 3}], [{8, 2}, {6, 7}, {1, 5}, {3, 4}], [{8, 2}, {6, 7}, {3, 5}, {1, 4}], [{8, 2}, {6, 7}, {4, 5}, {1, 3}], [{8, 2}, {7}, {5, 6}, {4}, {1, 3}], [{8, 3}, {1, 7}, {2, 6}, {4, 5}], [{8, 3}, {1, 7}, {4, 6}, {2, 5}], [{8, 3}, {1, 7}, {4, 6}, {5}, {2}], [{8, 3}, {1, 7}, {5, 6}, {2, 4}], [{8, 3}, {2, 7}, {1, 6}, {4, 5}], [{8, 3}, {2, 7}, {4, 6}, {1, 5}], [{8, 3}, {2, 7}, {5, 6}, {1, 4}], [{8, 3}, {2, 7}, {6}, {5}, {1, 4}], [{8, 3}, {4, 7}, {1, 6}, {2, 5}], [{8, 3}, {4, 7}, {2, 6}, {1, 5}], [{8, 3}, {4, 7}, {2, 6}, {5}, {1}], [{8, 3}, {4, 7}, {5, 6}, {1, 2}], [{8, 3}, {4, 7}, {5, 6}, {2}, {1}], [{8, 3}, {4, 7}, {6}, {2, 5}, {1}], [{8, 3}, {5, 7}, {1, 6}, {2, 4}], [{8, 3}, {5, 7}, {2, 6}, {1, 4}], [{8, 3}, {5, 7}, {2, 6}, {4}, {1}], [{8, 3}, {5, 7}, {4, 6}, {1, 2}], [{8, 3}, {6, 7}, {1, 5}, {2, 4}], [{8, 3}, {6, 7}, {2, 5}, {1, 4}], [{8, 3}, {6, 7}, {4, 5}, {1, 2}], [{8, 3}, {6, 7}, {5}, {2, 4}, {1}], [{8, 3}, {7}, {1, 6}, {4, 5}, {2}], [{8, 3}, {7}, {2, 6}, {4, 5}, {1}], [{8, 3}, {7}, {6}, {4, 5}, {1, 2}], [{8, 4}, {1, 7}, {2, 6}, {3, 5}], [{8, 4}, {1, 7}, {3, 6}, {2, 5}], [{8, 4}, {1, 7}, {3, 6}, {5}, {2}], [{8, 4}, {1, 7}, {5, 6}, {2, 3}], [{8, 4}, {2, 7}, {1, 6}, {3, 5}], [{8, 4}, {2, 7}, {3, 6}, {1, 5}], [{8, 4}, {2, 7}, {5, 6}, {1, 3}], [{8, 4}, {2, 7}, {6}, {1, 5}, {3}], [{8, 4}, {3, 7}, {1, 6}, {2, 5}], [{8, 4}, {3, 7}, {1, 6}, {5}, {2}], [{8, 4}, {3, 7}, {2, 6}, {1, 5}], [{8, 4}, {3, 7}, {5, 6}, {1, 2}], [{8, 4}, {3, 7}, {6}, {2, 5}, {1}], [{8, 4}, {5, 7}, {1, 6}, {2, 3}], [{8, 4}, {5, 7}, {2, 6}, {1, 3}], [{8, 4}, {5, 7}, {3, 6}, {1, 2}], [{8, 4}, {6, 7}, {1, 5}, {2, 3}], [{8, 4}, {6, 7}, {1, 5}, {3}, {2}], [{8, 4}, {6, 7}, {2, 5}, {1, 3}], [{8, 4}, {6, 7}, {3, 5}, {1, 2}], [{8, 4}, {7}, {2, 6}, {1, 5}, {3}], [{8, 4}, {7}, {5, 6}, {1, 3}, {2}], [{8, 4}, {7}, {6}, {3, 5}, {1, 2}], [{8, 5}, {1, 7}, {2, 6}, {3, 4}], [{8, 5}, {1, 7}, {3, 6}, {2, 4}], [{8, 5}, {1, 7}, {4, 6}, {2, 3}], [{8, 5}, {2, 7}, {1, 6}, {3, 4}], [{8, 5}, {2, 7}, {3, 6}, {1, 4}], [{8, 5}, {2, 7}, {4, 6}, {1, 3}], [{8, 5}, {3, 7}, {1, 6}, {2, 4}], [{8, 5}, {3, 7}, {2, 6}, {1, 4}], [{8, 5}, {3, 7}, {4, 6}, {1, 2}], [{8, 5}, {4, 7}, {1, 6}, {2, 3}], [{8, 5}, {4, 7}, {2, 6}, {1, 3}], [{8, 5}, {4, 7}, {3, 6}, {1, 2}], [{8, 5}, {6, 7}, {1, 4}, {2, 3}], [{8, 5}, {6, 7}, {2, 4}, {1, 3}], [{8, 5}, {6, 7}, {3, 4}, {1, 2}], [{8, 5}, {6, 7}, {4}, {3}, {1, 2}], [{8, 5}, {7}, {1, 6}, {3, 4}, {2}], [{8, 5}, {7}, {3, 6}, {2, 4}, {1}], [{8, 6}, {1, 7}, {2, 5}, {3, 4}], [{8, 6}, {1, 7}, {3, 5}, {2, 4}], [{8, 6}, {1, 7}, {4, 5}, {2, 3}], [{8, 6}, {2, 7}, {1, 5}, {3, 4}], [{8, 6}, {2, 7}, {3, 5}, {1, 4}], [{8, 6}, {2, 7}, {3, 5}, {4}, {1}], [{8, 6}, {2, 7}, {4, 5}, {1, 3}], [{8, 6}, {2, 7}, {4, 5}, {3}, {1}], [{8, 6}, {2, 7}, {5}, {3, 4}, {1}], [{8, 6}, {3, 7}, {1, 5}, {2, 4}], [{8, 6}, {3, 7}, {2, 5}, {1, 4}], [{8, 6}, {3, 7}, {4, 5}, {1, 2}], [{8, 6}, {3, 7}, {4, 5}, {2}, {1}], [{8, 6}, {4, 7}, {1, 5}, {2, 3}], [{8, 6}, {4, 7}, {2, 5}, {1, 3}], [{8, 6}, {4, 7}, {3, 5}, {1, 2}], [{8, 6}, {5, 7}, {1, 4}, {2, 3}], [{8, 6}, {5, 7}, {2, 4}, {1, 3}], [{8, 6}, {5, 7}, {3, 4}, {1, 2}], [{8, 6}, {7}, {3, 5}, {1, 4}, {2}], [{8, 6}, {7}, {4, 5}, {2, 3}, {1}], [{8, 7}, {1, 6}, {2, 5}, {3, 4}], [{8, 7}, {1, 6}, {3, 5}, {2, 4}], [{8, 7}, {1, 6}, {4, 5}, {2, 3}], [{8, 7}, {2, 6}, {1, 5}, {3, 4}], [{8, 7}, {2, 6}, {3, 5}, {1, 4}], [{8, 7}, {2, 6}, {4, 5}, {1, 3}], [{8, 7}, {2, 6}, {4, 5}, {3}, {1}], [{8, 7}, {3, 6}, {1, 5}, {2, 4}], [{8, 7}, {3, 6}, {2, 5}, {1, 4}], [{8, 7}, {3, 6}, {4, 5}, {1, 2}], [{8, 7}, {3, 6}, {5}, {1, 4}, {2}], [{8, 7}, {4, 6}, {1, 5}, {2, 3}], [{8, 7}, {4, 6}, {2, 5}, {1, 3}], [{8, 7}, {4, 6}, {3, 5}, {1, 2}], [{8, 7}, {5, 6}, {1, 4}, {2, 3}], [{8, 7}, {5, 6}, {1, 4}, {3}, {2}], [{8, 7}, {5, 6}, {2, 4}, {1, 3}], [{8, 7}, {5, 6}, {3, 4}, {1, 2}], [{8, 7}, {5, 6}, {3, 4}, {2}, {1}], [{8, 7}, {5, 6}, {4}, {1, 3}, {2}], [{8, 7}, {6}, {3, 5}, {1, 4}, {2}], [{8}, {1, 7}, {2, 6}, {4, 5}, {3}], [{8}, {1, 7}, {3, 6}, {5}, {2, 4}], [{8}, {1, 7}, {5, 6}, {4}, {2, 3}], [{8}, {2, 7}, {1, 6}, {3, 5}, {4}], [{8}, {2, 7}, {1, 6}, {4, 5}, {3}], [{8}, {2, 7}, {1, 6}, {5}, {3, 4}], [{8}, {2, 7}, {5, 6}, {4}, {1, 3}], [{8}, {3, 7}, {1, 6}, {2, 5}, {4}], [{8}, {3, 7}, {2, 6}, {4, 5}, {1}], [{8}, {3, 7}, {5, 6}, {4}, {1, 2}], [{8}, {3, 7}, {6}, {1, 5}, {2, 4}], [{8}, {4, 7}, {5, 6}, {1, 3}, {2}], [{8}, {6, 7}, {1, 5}, {4}, {2, 3}], [{8}, {6, 7}, {3, 5}, {1, 4}, {2}], [{8}, {7}, {2, 6}, {4, 5}, {1, 3}], [{8}, {7}, {4, 6}, {2, 5}, {1, 3}], [{8}, {7}, {5, 6}, {2, 4}, {1, 3}], [{8}, {7}, {5, 6}, {4}, {1, 3}, {2}]]",2,4 K_1^3 - 22 K_1^2 - 8 K_1 K_2 + K_1 + 11 K_2 + 3 K_3 + 12,O1O2O3O4U5U6U3O7U4O8O5U8U1O6U2U7,O1O2O3U4U1U5U6O7O5U2O6O8U3U8O4U7,O1O2O3U4O5U6U1O6O7U2O8O4U7U8U3U5,c,{'O1O2O3O4U5U3O6U4U7O8O7U1O5U2U6U8'},1,"<a href=""/flatknot/8.850639"">8.850639</a>",t^9-33t^7-48t^6+113t^5+136t^4-103t^3-96t^2+6t+8,t^2-2t,,
8.850640,O1O2O3O4U5U3O6U4U7O8O7U1O5U2U8U6,4,z^3+19z^2+101z+135,w^4z^3+19w^3z^2+101w^2z+135w,False,False,"[[ 0 -2 -1  0  1 -1  2  1  0],[ 2  0  0 -1  1  0  3  2  0],[ 1  0  0  0  2 -1  2  1 -1],[ 0  1  0  0  1 -1  0  0 -1],[-1 -1 -2 -1  0 -1  0 -1 -1],[ 1  0  1  1  1  0  1  2  1],[-2 -3 -2  0  0 -1  0 -1 -1],[-1 -2 -1  0  1 -2  1  0  0],[ 0  0  1  1  1 -1  1  0  0]]","[[ 0  2  1  1  0  0 -1 -1 -2],[-2  0  0 -1  0 -1 -1 -2 -3],[-1  0  0 -1 -1 -1 -1 -2 -1],[-1  1  1  0  0  0 -2 -1 -2],[ 0  0  1  0  0 -1 -1  0  1],[ 0  1  1  0  1  0 -1  1  0],[ 1  1  1  2  1  1  0  1  0],[ 1  2  2  1  0 -1 -1  0  0],[ 2  3  1  2 -1  0  0  0  0]]",True,"[-2,-1,-1,0,0,1,1,2,0,1,0,1,1,2,3,1,1,1,1,2,1,0,0,2,1,2,1,1,0,-1,1,-1,0,-1,0,0]","[-2,-1,-1,0,0,1,1,2,0,0,-1,0,1,2,3,-1,0,-1,2,1,2,1,1,1,2,1,-1,1,0,0,1,0,1,-1,0,1]",t^8+40t^6+259t^4+227t^2+9,"[-2,-1,-1,0,0,1,1,2,1,1,2,3,1,2,1,-1,0,0,0,1,2,2,1,1,0,1,-1,1,0,1,1,0,2,-1,0,1]","[-2,-1,-1,0,0,1,1,2,0,1,1,2,1,2,1,1,1,1,1,0,1,0,0,0,1,2,1,2,0,2,1,0,3,-1,1,1]","[-2,-1,-1,0,0,1,1,2,0,0,-1,0,1,2,3,-1,0,-1,2,1,2,1,1,1,2,1,-1,1,0,0,1,0,1,-1,0,1]",c,"[[{8, 1}, {2, 7}, {3, 6}, {4, 5}], [{8, 1}, {2, 7}, {6}, {4, 5}, {3}], [{8, 3}, {2, 7}, {1, 6}, {4, 5}], [{8, 6}, {2, 7}, {4, 5}, {1, 3}], [{8, 6}, {2, 7}, {4, 5}, {3}, {1}], [{8}, {2, 7}, {1, 6}, {4, 5}, {3}]]",1,4 K_1^3 - 28 K_1^2 - 16 K_1 K_2 + 5 K_1 + 14 K_2 + 7 K_3 + 15,O1O2O3O4U5U6U3O7U4O8O6U8U1O5U2U7,O1O2O3U4U1U5U6O7O5U3O6O8U2U8O4U7,O1O2O3U4O5U6U2O6O7U1O8O4U7U8U3U5,c,{'O1O2O3O4U5U3O6U4U7O8O7U1O5U2U8U6'},1,"<a href=""/flatknot/8.850640"">8.850640</a>",t^9-40t^7-62t^6+165t^5+184t^4-169t^3+26t^2+25t-8,0,,
8.850641,O1O2O3O4U5U3O6U4U7O8O7U1O5U6U2U8,4,2z^3+19z^2+66z+73,2w^4z^3+19w^3z^2+66w^2z+73w,False,False,"[[ 0 -2  0  0  1 -1  0  1  1],[ 2  0  1 -1  1  0  1  2  1],[ 0 -1  0  0  1 -1  0  0  0],[ 0  1  0  0  1 -1  0  0 -1],[-1 -1 -1 -1  0 -1  0 -1  0],[ 1  0  1  1  1  0  0  2  1],[ 0 -1  0  0  0  0  0  0  0],[-1 -2  0  0  1 -2  0  0  1],[-1 -1  0  1  0 -1  0 -1  0]]","[[ 0  1  1  1  0  0  0 -1 -2],[-1  0  1  1  0  0  0 -2 -2],[-1 -1  0  0  1  0  0 -1 -1],[-1 -1  0  0 -1  0 -1 -1 -1],[ 0  0 -1  1  0  0  0 -1  1],[ 0  0  0  0  0  0  0  0 -1],[ 0  0  0  1  0  0  0 -1 -1],[ 1  2  1  1  1  0  1  0  0],[ 2  2  1  1 -1  1  1  0  0]]",True,"[-1,-1,-1,0,0,0,1,2,-1,-1,0,0,0,2,2,0,-1,0,0,1,1,1,0,1,1,1,0,0,1,-1,0,0,1,1,1,0]","[-2,-1,0,0,0,1,1,1,0,-1,1,1,1,1,2,1,0,1,1,1,2,0,0,-1,1,0,0,0,0,0,0,1,0,0,-1,-1]",t^8+22t^6+87t^4+38t^2+1,"[-2,-1,0,0,0,1,1,1,1,1,1,3,1,2,2,0,1,0,0,1,1,0,0,1,0,1,0,1,1,1,1,0,2,-1,-1,0]","[-1,-1,-1,0,0,0,1,2,-1,0,0,0,1,1,2,1,1,1,1,0,1,1,2,1,1,2,0,0,0,1,0,0,3,1,1,1]","[-2,-1,0,0,0,1,1,1,0,-1,1,1,1,1,2,1,0,1,1,1,2,0,0,-1,1,0,0,0,0,0,0,1,0,0,-1,-1]",c,"[[{8, 1}, {2, 7}, {3, 6}, {4, 5}], [{8, 1}, {2, 7}, {4, 6}, {3, 5}], [{8, 1}, {2, 7}, {4, 6}, {5}, {3}], [{8, 1}, {2, 7}, {5, 6}, {3, 4}], [{8, 1}, {2, 7}, {5, 6}, {4}, {3}], [{8, 1}, {2, 7}, {6}, {4, 5}, {3}], [{8, 1}, {3, 7}, {2, 6}, {4, 5}], [{8, 1}, {3, 7}, {4, 6}, {2, 5}], [{8, 1}, {3, 7}, {4, 6}, {5}, {2}], [{8, 1}, {3, 7}, {5, 6}, {2, 4}], [{8, 1}, {3, 7}, {5, 6}, {4}, {2}], [{8, 1}, {3, 7}, {6}, {4, 5}, {2}], [{8, 1}, {4, 7}, {2, 6}, {3, 5}], [{8, 1}, {4, 7}, {3, 6}, {2, 5}], [{8, 1}, {4, 7}, {3, 6}, {5}, {2}], [{8, 1}, {4, 7}, {5, 6}, {2, 3}], [{8, 1}, {5, 7}, {2, 6}, {3, 4}], [{8, 1}, {5, 7}, {3, 6}, {2, 4}], [{8, 1}, {5, 7}, {3, 6}, {4}, {2}], [{8, 1}, {5, 7}, {4, 6}, {2, 3}], [{8, 1}, {6, 7}, {2, 5}, {3, 4}], [{8, 1}, {6, 7}, {2, 5}, {4}, {3}], [{8, 1}, {6, 7}, {3, 5}, {2, 4}], [{8, 1}, {6, 7}, {4, 5}, {2, 3}], [{8, 1}, {6, 7}, {4, 5}, {3}, {2}], [{8, 1}, {6, 7}, {5}, {2, 4}, {3}], [{8, 1}, {7}, {2, 6}, {4, 5}, {3}], [{8, 1}, {7}, {3, 6}, {4, 5}, {2}], [{8, 1}, {7}, {4, 6}, {5}, {2, 3}], [{8, 1}, {7}, {5, 6}, {4}, {2, 3}], [{8, 1}, {7}, {6}, {4, 5}, {2, 3}], [{8, 1}, {7}, {6}, {4, 5}, {3}, {2}], [{8, 2}, {1, 7}, {3, 6}, {4, 5}], [{8, 2}, {1, 7}, {4, 6}, {3, 5}], [{8, 2}, {1, 7}, {4, 6}, {5}, {3}], [{8, 2}, {1, 7}, {5, 6}, {3, 4}], [{8, 2}, {1, 7}, {5, 6}, {4}, {3}], [{8, 2}, {1, 7}, {6}, {4, 5}, {3}], [{8, 2}, {3, 7}, {1, 6}, {4, 5}], [{8, 2}, {3, 7}, {4, 6}, {1, 5}], [{8, 2}, {3, 7}, {4, 6}, {5}, {1}], [{8, 2}, {3, 7}, {5, 6}, {1, 4}], [{8, 2}, {3, 7}, {5, 6}, {4}, {1}], [{8, 2}, {3, 7}, {6}, {4, 5}, {1}], [{8, 2}, {4, 7}, {1, 6}, {3, 5}], [{8, 2}, {4, 7}, {3, 6}, {1, 5}], [{8, 2}, {4, 7}, {5, 6}, {1, 3}], [{8, 2}, {5, 7}, {1, 6}, {3, 4}], [{8, 2}, {5, 7}, {3, 6}, {1, 4}], [{8, 2}, {5, 7}, {4, 6}, {1, 3}], [{8, 2}, {5, 7}, {6}, {3, 4}, {1}], [{8, 2}, {6, 7}, {1, 5}, {3, 4}], [{8, 2}, {6, 7}, {3, 5}, {1, 4}], [{8, 2}, {6, 7}, {4, 5}, {1, 3}], [{8, 2}, {7}, {4, 6}, {5}, {1, 3}], [{8, 2}, {7}, {5, 6}, {4}, {1, 3}], [{8, 2}, {7}, {6}, {3, 5}, {1, 4}], [{8, 2}, {7}, {6}, {4, 5}, {1, 3}], [{8, 3}, {1, 7}, {2, 6}, {4, 5}], [{8, 3}, {1, 7}, {4, 6}, {2, 5}], [{8, 3}, {1, 7}, {4, 6}, {5}, {2}], [{8, 3}, {1, 7}, {5, 6}, {2, 4}], [{8, 3}, {1, 7}, {5, 6}, {4}, {2}], [{8, 3}, {1, 7}, {6}, {4, 5}, {2}], [{8, 3}, {2, 7}, {1, 6}, {4, 5}], [{8, 3}, {2, 7}, {1, 6}, {5}, {4}], [{8, 3}, {2, 7}, {4, 6}, {1, 5}], [{8, 3}, {2, 7}, {4, 6}, {5}, {1}], [{8, 3}, {2, 7}, {5, 6}, {1, 4}], [{8, 3}, {2, 7}, {5, 6}, {4}, {1}], [{8, 3}, {2, 7}, {6}, {1, 5}, {4}], [{8, 3}, {2, 7}, {6}, {4, 5}, {1}], [{8, 3}, {2, 7}, {6}, {5}, {1, 4}], [{8, 3}, {2, 7}, {6}, {5}, {4}, {1}], [{8, 3}, {4, 7}, {1, 6}, {2, 5}], [{8, 3}, {4, 7}, {1, 6}, {5}, {2}], [{8, 3}, {4, 7}, {2, 6}, {1, 5}], [{8, 3}, {4, 7}, {5, 6}, {1, 2}], [{8, 3}, {4, 7}, {6}, {2, 5}, {1}], [{8, 3}, {5, 7}, {1, 6}, {2, 4}], [{8, 3}, {5, 7}, {1, 6}, {4}, {2}], [{8, 3}, {5, 7}, {2, 6}, {1, 4}], [{8, 3}, {5, 7}, {4, 6}, {1, 2}], [{8, 3}, {5, 7}, {6}, {2, 4}, {1}], [{8, 3}, {6, 7}, {1, 5}, {2, 4}], [{8, 3}, {6, 7}, {2, 5}, {1, 4}], [{8, 3}, {6, 7}, {4, 5}, {1, 2}], [{8, 3}, {6, 7}, {4, 5}, {2}, {1}], [{8, 3}, {7}, {1, 6}, {2, 5}, {4}], [{8, 3}, {7}, {1, 6}, {4, 5}, {2}], [{8, 3}, {7}, {1, 6}, {5}, {2, 4}], [{8, 3}, {7}, {2, 6}, {4, 5}, {1}], [{8, 3}, {7}, {4, 6}, {5}, {1, 2}], [{8, 3}, {7}, {5, 6}, {4}, {1, 2}], [{8, 3}, {7}, {6}, {4, 5}, {1, 2}], [{8, 3}, {7}, {6}, {4, 5}, {2}, {1}], [{8, 4}, {1, 7}, {2, 6}, {3, 5}], [{8, 4}, {1, 7}, {3, 6}, {2, 5}], [{8, 4}, {1, 7}, {5, 6}, {2, 3}], [{8, 4}, {2, 7}, {1, 6}, {3, 5}], [{8, 4}, {2, 7}, {3, 6}, {1, 5}], [{8, 4}, {2, 7}, {5, 6}, {1, 3}], [{8, 4}, {2, 7}, {6}, {1, 5}, {3}], [{8, 4}, {3, 7}, {1, 6}, {2, 5}], [{8, 4}, {3, 7}, {2, 6}, {1, 5}], [{8, 4}, {3, 7}, {5, 6}, {1, 2}], [{8, 4}, {5, 7}, {1, 6}, {2, 3}], [{8, 4}, {5, 7}, {2, 6}, {1, 3}], [{8, 4}, {5, 7}, {3, 6}, {1, 2}], [{8, 4}, {5, 7}, {3, 6}, {2}, {1}], [{8, 4}, {6, 7}, {1, 5}, {2, 3}], [{8, 4}, {6, 7}, {1, 5}, {3}, {2}], [{8, 4}, {6, 7}, {2, 5}, {1, 3}], [{8, 4}, {6, 7}, {3, 5}, {1, 2}], [{8, 4}, {7}, {2, 6}, {1, 5}, {3}], [{8, 4}, {7}, {5, 6}, {1, 3}, {2}], [{8, 4}, {7}, {6}, {3, 5}, {1, 2}], [{8, 5}, {1, 7}, {2, 6}, {3, 4}], [{8, 5}, {1, 7}, {3, 6}, {2, 4}], [{8, 5}, {1, 7}, {4, 6}, {2, 3}], [{8, 5}, {2, 7}, {1, 6}, {3, 4}], [{8, 5}, {2, 7}, {1, 6}, {4}, {3}], [{8, 5}, {2, 7}, {3, 6}, {1, 4}], [{8, 5}, {2, 7}, {4, 6}, {1, 3}], [{8, 5}, {3, 7}, {1, 6}, {2, 4}], [{8, 5}, {3, 7}, {2, 6}, {1, 4}], [{8, 5}, {3, 7}, {4, 6}, {1, 2}], [{8, 5}, {4, 7}, {1, 6}, {2, 3}], [{8, 5}, {4, 7}, {2, 6}, {1, 3}], [{8, 5}, {4, 7}, {3, 6}, {1, 2}], [{8, 5}, {6, 7}, {1, 4}, {2, 3}], [{8, 5}, {6, 7}, {2, 4}, {1, 3}], [{8, 5}, {6, 7}, {3, 4}, {1, 2}], [{8, 5}, {6, 7}, {4}, {3}, {1, 2}], [{8, 5}, {7}, {4, 6}, {1, 3}, {2}], [{8, 6}, {1, 7}, {2, 5}, {3, 4}], [{8, 6}, {1, 7}, {2, 5}, {4}, {3}], [{8, 6}, {1, 7}, {3, 5}, {2, 4}], [{8, 6}, {1, 7}, {4, 5}, {2, 3}], [{8, 6}, {1, 7}, {4, 5}, {3}, {2}], [{8, 6}, {1, 7}, {5}, {2, 4}, {3}], [{8, 6}, {2, 7}, {1, 5}, {3, 4}], [{8, 6}, {2, 7}, {3, 5}, {1, 4}], [{8, 6}, {2, 7}, {4, 5}, {1, 3}], [{8, 6}, {3, 7}, {1, 5}, {2, 4}], [{8, 6}, {3, 7}, {2, 5}, {1, 4}], [{8, 6}, {3, 7}, {4, 5}, {1, 2}], [{8, 6}, {3, 7}, {4, 5}, {2}, {1}], [{8, 6}, {4, 7}, {1, 5}, {2, 3}], [{8, 6}, {4, 7}, {2, 5}, {1, 3}], [{8, 6}, {4, 7}, {3, 5}, {1, 2}], [{8, 6}, {5, 7}, {1, 4}, {2, 3}], [{8, 6}, {5, 7}, {2, 4}, {1, 3}], [{8, 6}, {5, 7}, {3, 4}, {1, 2}], [{8, 6}, {7}, {1, 5}, {3, 4}, {2}], [{8, 6}, {7}, {4, 5}, {1, 3}, {2}], [{8, 7}, {1, 6}, {2, 5}, {3, 4}], [{8, 7}, {1, 6}, {2, 5}, {4}, {3}], [{8, 7}, {1, 6}, {3, 5}, {2, 4}], [{8, 7}, {1, 6}, {4, 5}, {2, 3}], [{8, 7}, {1, 6}, {4, 5}, {3}, {2}], [{8, 7}, {1, 6}, {5}, {2, 4}, {3}], [{8, 7}, {2, 6}, {1, 5}, {3, 4}], [{8, 7}, {2, 6}, {3, 5}, {1, 4}], [{8, 7}, {2, 6}, {4, 5}, {1, 3}], [{8, 7}, {2, 6}, {4, 5}, {3}, {1}], [{8, 7}, {3, 6}, {1, 5}, {2, 4}], [{8, 7}, {3, 6}, {2, 5}, {1, 4}], [{8, 7}, {3, 6}, {4, 5}, {1, 2}], [{8, 7}, {3, 6}, {4, 5}, {2}, {1}], [{8, 7}, {4, 6}, {1, 5}, {2, 3}], [{8, 7}, {4, 6}, {2, 5}, {1, 3}], [{8, 7}, {4, 6}, {3, 5}, {1, 2}], [{8, 7}, {4, 6}, {5}, {1, 3}, {2}], [{8, 7}, {4, 6}, {5}, {2, 3}, {1}], [{8, 7}, {4, 6}, {5}, {3}, {1, 2}], [{8, 7}, {5, 6}, {1, 4}, {2, 3}], [{8, 7}, {5, 6}, {2, 4}, {1, 3}], [{8, 7}, {5, 6}, {3, 4}, {1, 2}], [{8, 7}, {5, 6}, {4}, {1, 3}, {2}], [{8, 7}, {5, 6}, {4}, {2, 3}, {1}], [{8, 7}, {5, 6}, {4}, {3}, {1, 2}], [{8, 7}, {6}, {4, 5}, {1, 3}, {2}], [{8, 7}, {6}, {4, 5}, {2, 3}, {1}], [{8, 7}, {6}, {4, 5}, {3}, {1, 2}], [{8, 7}, {6}, {4, 5}, {3}, {2}, {1}], [{8}, {1, 7}, {2, 6}, {4, 5}, {3}], [{8}, {1, 7}, {3, 6}, {4, 5}, {2}], [{8}, {1, 7}, {4, 6}, {5}, {2, 3}], [{8}, {1, 7}, {5, 6}, {4}, {2, 3}], [{8}, {1, 7}, {6}, {4, 5}, {2, 3}], [{8}, {1, 7}, {6}, {4, 5}, {3}, {2}], [{8}, {2, 7}, {1, 6}, {3, 5}, {4}], [{8}, {2, 7}, {4, 6}, {5}, {1, 3}], [{8}, {2, 7}, {5, 6}, {4}, {1, 3}], [{8}, {2, 7}, {6}, {1, 5}, {3, 4}], [{8}, {2, 7}, {6}, {4, 5}, {1, 3}], [{8}, {3, 7}, {1, 6}, {2, 5}, {4}], [{8}, {3, 7}, {1, 6}, {4, 5}, {2}], [{8}, {3, 7}, {1, 6}, {5}, {2, 4}], [{8}, {3, 7}, {2, 6}, {4, 5}, {1}], [{8}, {3, 7}, {4, 6}, {5}, {1, 2}], [{8}, {3, 7}, {5, 6}, {4}, {1, 2}], [{8}, {3, 7}, {6}, {4, 5}, {1, 2}], [{8}, {3, 7}, {6}, {4, 5}, {2}, {1}], [{8}, {4, 7}, {5, 6}, {1, 3}, {2}], [{8}, {5, 7}, {3, 6}, {1, 4}, {2}], [{8}, {5, 7}, {4, 6}, {1, 3}, {2}], [{8}, {6, 7}, {1, 5}, {4}, {2, 3}], [{8}, {6, 7}, {2, 5}, {3, 4}, {1}], [{8}, {6, 7}, {3, 5}, {1, 4}, {2}], [{8}, {6, 7}, {4, 5}, {1, 3}, {2}], [{8}, {7}, {2, 6}, {4, 5}, {1, 3}], [{8}, {7}, {4, 6}, {2, 5}, {1, 3}], [{8}, {7}, {4, 6}, {5}, {1, 3}, {2}], [{8}, {7}, {5, 6}, {2, 4}, {1, 3}], [{8}, {7}, {5, 6}, {4}, {1, 3}, {2}], [{8}, {7}, {6}, {4, 5}, {1, 3}, {2}]]",2,- 10 K_1^2 - 4 K_1 K_2 + 2 K_1 + 5 K_2 + 2 K_3 + 6,O1O2O3O4U5U3U6O7U4O8O5U8U1O6U2U7,O1O2O3U4U2U5U6O7O5U1O6O8U3U8O4U7,O1O2O3U4O5U6U1O6O7U3O8O4U7U8U2U5,c,"{'O1O2O3O4U5U3O6U4U7O8O7U1O5U6U2U8', 'O1O2O3U4O5U3U5O6U7O8O7U1U6O4U2U8'}",2,"<a href=""/flatknot/8.850641"">8.850641</a>",t^9-24t^7-24t^6+38t^5+30t^4-12t^3-8t^2,t^2-2t,,
8.850642,O1O2O3O4U5U3O6U4U7O8O7U1O5U6U8U2,3,7z^2+58z+89,7w^3z^2+58w^2z+89w,False,False,"[[ 0 -2  1  0  1 -1  0  1  0],[ 2  0  2 -1  1  0  1  2  0],[-1 -2  0  0  1 -1 -1  0 -1],[ 0  1  0  0  1 -1  0  0 -1],[-1 -1 -1 -1  0 -1  0 -1  0],[ 1  0  1  1  1  0  0  2  0],[ 0 -1  1  0  0  0  0  0  0],[-1 -2  0  0  1 -2  0  0  0],[ 0  0  1  1  0  0  0  0  0]]","[[ 0  1  1  1  0  0  0 -1 -2],[-1  0  1  0  0  0  0 -2 -2],[-1 -1  0 -1  0  0 -1 -1 -1],[-1  0  1  0 -1 -1  0 -1 -2],[ 0  0  0  1  0  0  1  0  0],[ 0  0  0  1  0  0  0  0 -1],[ 0  0  1  0 -1  0  0 -1  1],[ 1  2  1  1  0  0  1  0  0],[ 2  2  1  2  0  1 -1  0  0]]",True,"[-1,-1,-1,0,0,0,1,2,-1,0,0,0,0,2,2,1,0,0,1,1,1,1,1,0,1,2,0,-1,0,0,0,0,1,1,-1,0]","[-2,-1,0,0,0,1,1,1,0,-1,0,1,1,2,2,1,0,0,1,1,2,-1,0,1,0,0,0,0,1,0,0,1,0,-1,-1,0]",t^8+24t^6+114t^4+118t^2,"[-2,-1,0,0,0,1,1,1,1,1,2,3,1,1,2,1,1,0,0,1,1,0,0,1,0,1,-1,1,0,1,1,1,0,0,-1,-1]","[-1,-1,-1,0,0,0,1,2,-1,-1,0,1,1,1,2,0,1,0,0,1,1,1,1,1,0,1,-1,0,0,3,0,1,2,1,1,1]","[-2,-1,0,0,0,1,1,1,0,-1,0,1,1,2,2,1,0,0,1,1,2,-1,0,1,0,0,0,0,1,0,0,1,0,-1,-1,0]",c,"[[{8, 1}, {2, 7}, {3, 6}, {4, 5}], [{8, 1}, {2, 7}, {6}, {4, 5}, {3}], [{8, 2}, {1, 7}, {3, 6}, {4, 5}], [{8, 2}, {1, 7}, {6}, {4, 5}, {3}], [{8, 7}, {3, 6}, {4, 5}, {1, 2}], [{8, 7}, {6}, {4, 5}, {3}, {1, 2}]]",1,4 K_1^3 - 18 K_1^2 - 12 K_1 K_2 + 3 K_1 + 9 K_2 + 5 K_3 + 10,O1O2O3O4U3U5U6O7U4O8O5U8U1O6U2U7,O1O2O3U4U3U5U6O7O5U1O6O8U2U8O4U7,O1O2O3U4O5U6U2O6O7U3O8O4U7U8U1U5,c,"{'O1O2O3U4O5U3U5O6U7O8O7U1U6O4U8U2', 'O1O2O3O4U5U3O6U4U7O8O7U1O5U6U8U2'}",2,"<a href=""/flatknot/8.850642"">8.850642</a>",t^9-26t^7-18t^6+73t^5+48t^4-39t^3-38t^2-8t,t^2-2t,,
8.850643,O1O2O3O4U5U3O6U4U7O8O7U1O5U8U2U6,4,2z^3+24z^2+101z+123,2w^4z^3+24w^3z^2+101w^2z+123w,False,False,"[[ 0 -2  0  0  1 -1  2  1 -1],[ 2  0  1 -1  1  0  3  2 -1],[ 0 -1  0  0  2 -1  1  1 -2],[ 0  1  0  0  1 -1  0  0 -1],[-1 -1 -2 -1  0 -1  0 -1 -1],[ 1  0  1  1  1  0  1  2  0],[-2 -3 -1  0  0 -1  0 -1 -1],[-1 -2 -1  0  1 -2  1  0 -1],[ 1  1  2  1  1  0  1  1  0]]","[[ 0  2  1  1  0  0 -1 -1 -2],[-2  0  0 -1  0 -1 -1 -1 -3],[-1  0  0 -1 -1 -2 -1 -1 -1],[-1  1  1  0  0 -1 -1 -2 -2],[ 0  0  1  0  0  0 -1 -1  1],[ 0  1  2  1  0  0 -2 -1 -1],[ 1  1  1  1  1  2  0  0  1],[ 1  1  1  2  1  1  0  0  0],[ 2  3  1  2 -1  1 -1  0  0]]",True,"[-2,-1,-1,0,0,1,1,2,0,1,0,1,1,1,3,1,1,2,1,1,1,0,1,1,2,2,0,1,1,-1,2,1,1,0,-1,0]","[-2,-1,-1,0,0,1,1,2,-1,0,-1,1,1,2,3,0,1,2,1,1,1,1,1,1,2,1,0,1,0,0,2,1,1,-1,0,1]",t^8+42t^6+243t^4+230t^2+9,"[-2,-1,-1,0,0,1,1,2,1,2,1,3,1,2,1,0,0,0,0,1,2,-1,0,1,1,2,0,0,-1,1,1,0,2,-1,0,1]","[-2,-1,-1,0,0,1,1,2,0,1,1,2,2,2,1,1,0,1,0,1,1,-1,0,1,1,2,0,0,-1,1,0,0,3,0,1,2]","[-2,-1,-1,0,0,1,1,2,-1,0,-1,1,1,2,3,0,1,2,1,1,1,1,1,1,2,1,0,1,0,0,2,1,1,-1,0,1]",c,"[[{8, 4}, {1, 7}, {5, 6}, {2, 3}], [{8, 4}, {1, 7}, {5, 6}, {3}, {2}], [{8, 4}, {5, 7}, {1, 6}, {2, 3}], [{8, 4}, {5, 7}, {1, 6}, {3}, {2}], [{8, 4}, {6, 7}, {1, 5}, {2, 3}], [{8, 4}, {6, 7}, {1, 5}, {3}, {2}]]",1,12 K_1^3 + 4 K_1^2 K_2 - 20 K_1^2 - 20 K_1 K_2 - 4 K_1 K_3 + K_1 - 4 K_2^2 + 10 K_2 + 7 K_3 + 3 K_4 + 12,O1O2O3O4U5U3U6O7U4O8O6U8U1O5U2U7,O1O2O3U4U2U5U6O7O5U3O6O8U1U8O4U7,O1O2O3U4O5U6U3O6O7U1O8O4U7U8U2U5,c,{'O1O2O3O4U5U3O6U4U7O8O7U1O5U8U2U6'},1,"<a href=""/flatknot/8.850643"">8.850643</a>",t^9-42t^7-96t^6+71t^5+218t^4-32t^3-114t^2+24t+16,0,,
8.850644,O1O2O3O4U5U3O6U4U7O8O7U1O5U8U6U2,4,20z^2+105z+131,20w^3z^2+105w^2z+131w,False,False,"[[ 0 -2  1  0  1 -1  1  1 -1],[ 2  0  2 -1  1  0  2  2 -1],[-1 -2  0  0  1 -1  0  0 -2],[ 0  1  0  0  1 -1  0  0 -1],[-1 -1 -1 -1  0 -1  0 -1 -1],[ 1  0  1  1  1  0  0  2  0],[-1 -2  0  0  0  0  0  0 -1],[-1 -2  0  0  1 -2  0  0 -1],[ 1  1  2  1  1  0  1  1  0]]","[[ 0  1  1  1  1  0 -1 -1 -2],[-1  0  1  0  0  0 -1 -2 -2],[-1 -1  0  0 -1 -1 -1 -1 -1],[-1  0  0  0  0  0  0 -1 -2],[-1  0  1  0  0  0 -2 -1 -2],[ 0  0  1  0  0  0 -1 -1  1],[ 1  1  1  0  2  1  0  0  0],[ 1  2  1  1  1  1  0  0  1],[ 2  2  1  2  2 -1  0 -1  0]]",True,"[-1,-1,-1,-1,0,1,1,2,-1,0,0,0,1,2,2,0,1,1,1,1,1,0,0,0,1,2,0,2,1,2,1,1,-1,0,0,-1]","[-2,-1,-1,0,1,1,1,1,-1,0,-1,1,2,2,2,0,1,1,1,1,2,1,1,0,2,1,1,0,0,0,0,-1,-1,0,0,0]",t^8+33t^6+175t^4+163t^2+1,"[-2,-1,-1,0,1,1,1,1,1,2,3,1,1,1,2,0,0,0,1,2,1,0,1,0,1,1,1,1,1,0,0,0,-1,0,-1,0]","[-1,-1,-1,-1,0,1,1,2,-1,-1,0,0,1,1,2,0,0,1,0,1,1,0,1,1,0,1,1,1,2,1,0,0,3,0,2,1]","[-2,-1,-1,0,1,1,1,1,-1,0,-1,1,2,2,2,0,1,1,1,1,2,1,1,0,2,1,1,0,0,0,0,-1,-1,0,0,0]",c,"[[{8, 1}, {2, 7}, {3, 6}, {4, 5}], [{8, 1}, {2, 7}, {4, 6}, {3, 5}], [{8, 1}, {2, 7}, {4, 6}, {5}, {3}], [{8, 1}, {2, 7}, {5, 6}, {3, 4}], [{8, 1}, {2, 7}, {5, 6}, {4}, {3}], [{8, 1}, {2, 7}, {6}, {4, 5}, {3}], [{8, 1}, {3, 7}, {2, 6}, {4, 5}], [{8, 1}, {3, 7}, {4, 6}, {2, 5}], [{8, 1}, {3, 7}, {5, 6}, {2, 4}], [{8, 1}, {4, 7}, {2, 6}, {3, 5}], [{8, 1}, {4, 7}, {3, 6}, {2, 5}], [{8, 1}, {4, 7}, {5, 6}, {2, 3}], [{8, 1}, {4, 7}, {5, 6}, {3}, {2}], [{8, 1}, {5, 7}, {2, 6}, {3, 4}], [{8, 1}, {5, 7}, {3, 6}, {2, 4}], [{8, 1}, {5, 7}, {4, 6}, {2, 3}], [{8, 1}, {5, 7}, {4, 6}, {3}, {2}], [{8, 1}, {6, 7}, {2, 5}, {3, 4}], [{8, 1}, {6, 7}, {3, 5}, {2, 4}], [{8, 1}, {6, 7}, {4, 5}, {2, 3}], [{8, 1}, {6, 7}, {4, 5}, {3}, {2}], [{8, 1}, {6, 7}, {5}, {4}, {2, 3}], [{8, 1}, {7}, {2, 6}, {4, 5}, {3}], [{8, 1}, {7}, {4, 6}, {2, 5}, {3}], [{8, 1}, {7}, {5, 6}, {2, 4}, {3}], [{8, 2}, {1, 7}, {3, 6}, {4, 5}], [{8, 2}, {1, 7}, {3, 6}, {5}, {4}], [{8, 2}, {1, 7}, {4, 6}, {3, 5}], [{8, 2}, {1, 7}, {5, 6}, {3, 4}], [{8, 2}, {3, 7}, {1, 6}, {4, 5}], [{8, 2}, {3, 7}, {4, 6}, {1, 5}], [{8, 2}, {3, 7}, {5, 6}, {1, 4}], [{8, 2}, {4, 7}, {1, 6}, {3, 5}], [{8, 2}, {4, 7}, {3, 6}, {1, 5}], [{8, 2}, {4, 7}, {5, 6}, {1, 3}], [{8, 2}, {5, 7}, {1, 6}, {3, 4}], [{8, 2}, {5, 7}, {3, 6}, {1, 4}], [{8, 2}, {5, 7}, {4, 6}, {1, 3}], [{8, 2}, {6, 7}, {1, 5}, {3, 4}], [{8, 2}, {6, 7}, {3, 5}, {1, 4}], [{8, 2}, {6, 7}, {4, 5}, {1, 3}], [{8, 2}, {6, 7}, {5}, {4}, {1, 3}], [{8, 2}, {7}, {1, 6}, {3, 5}, {4}], [{8, 3}, {1, 7}, {2, 6}, {4, 5}], [{8, 3}, {1, 7}, {4, 6}, {2, 5}], [{8, 3}, {1, 7}, {4, 6}, {5}, {2}], [{8, 3}, {1, 7}, {5, 6}, {2, 4}], [{8, 3}, {1, 7}, {5, 6}, {4}, {2}], [{8, 3}, {1, 7}, {6}, {4, 5}, {2}], [{8, 3}, {2, 7}, {1, 6}, {4, 5}], [{8, 3}, {2, 7}, {4, 6}, {1, 5}], [{8, 3}, {2, 7}, {5, 6}, {1, 4}], [{8, 3}, {4, 7}, {1, 6}, {2, 5}], [{8, 3}, {4, 7}, {2, 6}, {1, 5}], [{8, 3}, {4, 7}, {5, 6}, {1, 2}], [{8, 3}, {5, 7}, {1, 6}, {2, 4}], [{8, 3}, {5, 7}, {2, 6}, {1, 4}], [{8, 3}, {5, 7}, {4, 6}, {1, 2}], [{8, 3}, {6, 7}, {1, 5}, {2, 4}], [{8, 3}, {6, 7}, {1, 5}, {4}, {2}], [{8, 3}, {6, 7}, {2, 5}, {1, 4}], [{8, 3}, {6, 7}, {4, 5}, {1, 2}], [{8, 3}, {7}, {1, 6}, {2, 5}, {4}], [{8, 4}, {1, 7}, {2, 6}, {3, 5}], [{8, 4}, {1, 7}, {3, 6}, {2, 5}], [{8, 4}, {1, 7}, {3, 6}, {5}, {2}], [{8, 4}, {1, 7}, {5, 6}, {2, 3}], [{8, 4}, {2, 7}, {1, 6}, {3, 5}], [{8, 4}, {2, 7}, {3, 6}, {1, 5}], [{8, 4}, {2, 7}, {5, 6}, {1, 3}], [{8, 4}, {2, 7}, {6}, {1, 5}, {3}], [{8, 4}, {3, 7}, {1, 6}, {2, 5}], [{8, 4}, {3, 7}, {2, 6}, {1, 5}], [{8, 4}, {3, 7}, {5, 6}, {1, 2}], [{8, 4}, {5, 7}, {1, 6}, {2, 3}], [{8, 4}, {5, 7}, {2, 6}, {1, 3}], [{8, 4}, {5, 7}, {3, 6}, {1, 2}], [{8, 4}, {6, 7}, {1, 5}, {2, 3}], [{8, 4}, {6, 7}, {1, 5}, {3}, {2}], [{8, 4}, {6, 7}, {2, 5}, {1, 3}], [{8, 4}, {6, 7}, {3, 5}, {1, 2}], [{8, 4}, {7}, {2, 6}, {1, 5}, {3}], [{8, 5}, {1, 7}, {2, 6}, {3, 4}], [{8, 5}, {1, 7}, {2, 6}, {4}, {3}], [{8, 5}, {1, 7}, {3, 6}, {2, 4}], [{8, 5}, {1, 7}, {4, 6}, {2, 3}], [{8, 5}, {2, 7}, {1, 6}, {3, 4}], [{8, 5}, {2, 7}, {1, 6}, {4}, {3}], [{8, 5}, {2, 7}, {3, 6}, {1, 4}], [{8, 5}, {2, 7}, {4, 6}, {1, 3}], [{8, 5}, {3, 7}, {1, 6}, {2, 4}], [{8, 5}, {3, 7}, {1, 6}, {4}, {2}], [{8, 5}, {3, 7}, {2, 6}, {1, 4}], [{8, 5}, {3, 7}, {4, 6}, {1, 2}], [{8, 5}, {4, 7}, {1, 6}, {2, 3}], [{8, 5}, {4, 7}, {1, 6}, {3}, {2}], [{8, 5}, {4, 7}, {2, 6}, {1, 3}], [{8, 5}, {4, 7}, {3, 6}, {1, 2}], [{8, 5}, {6, 7}, {1, 4}, {2, 3}], [{8, 5}, {6, 7}, {2, 4}, {1, 3}], [{8, 5}, {6, 7}, {3, 4}, {1, 2}], [{8, 5}, {6, 7}, {4}, {3}, {1, 2}], [{8, 5}, {7}, {1, 6}, {2, 4}, {3}], [{8, 5}, {7}, {1, 6}, {3, 4}, {2}], [{8, 5}, {7}, {1, 6}, {4}, {2, 3}], [{8, 5}, {7}, {1, 6}, {4}, {3}, {2}], [{8, 5}, {7}, {3, 6}, {1, 4}, {2}], [{8, 5}, {7}, {4, 6}, {1, 3}, {2}], [{8, 6}, {1, 7}, {2, 5}, {3, 4}], [{8, 6}, {1, 7}, {3, 5}, {2, 4}], [{8, 6}, {1, 7}, {4, 5}, {2, 3}], [{8, 6}, {1, 7}, {5}, {4}, {2, 3}], [{8, 6}, {2, 7}, {1, 5}, {3, 4}], [{8, 6}, {2, 7}, {3, 5}, {1, 4}], [{8, 6}, {2, 7}, {4, 5}, {1, 3}], [{8, 6}, {3, 7}, {1, 5}, {2, 4}], [{8, 6}, {3, 7}, {2, 5}, {1, 4}], [{8, 6}, {3, 7}, {4, 5}, {1, 2}], [{8, 6}, {4, 7}, {1, 5}, {2, 3}], [{8, 6}, {4, 7}, {2, 5}, {1, 3}], [{8, 6}, {4, 7}, {3, 5}, {1, 2}], [{8, 6}, {5, 7}, {1, 4}, {2, 3}], [{8, 6}, {5, 7}, {2, 4}, {1, 3}], [{8, 6}, {5, 7}, {3, 4}, {1, 2}], [{8, 6}, {5, 7}, {4}, {2, 3}, {1}], [{8, 6}, {7}, {1, 5}, {4}, {2, 3}], [{8, 6}, {7}, {3, 5}, {4}, {1, 2}], [{8, 7}, {1, 6}, {2, 5}, {3, 4}], [{8, 7}, {1, 6}, {3, 5}, {2, 4}], [{8, 7}, {1, 6}, {4, 5}, {2, 3}], [{8, 7}, {2, 6}, {1, 5}, {3, 4}], [{8, 7}, {2, 6}, {3, 5}, {1, 4}], [{8, 7}, {2, 6}, {4, 5}, {1, 3}], [{8, 7}, {3, 6}, {1, 5}, {2, 4}], [{8, 7}, {3, 6}, {1, 5}, {4}, {2}], [{8, 7}, {3, 6}, {2, 5}, {1, 4}], [{8, 7}, {3, 6}, {4, 5}, {1, 2}], [{8, 7}, {3, 6}, {4, 5}, {2}, {1}], [{8, 7}, {3, 6}, {5}, {1, 4}, {2}], [{8, 7}, {4, 6}, {1, 5}, {2, 3}], [{8, 7}, {4, 6}, {2, 5}, {1, 3}], [{8, 7}, {4, 6}, {3, 5}, {1, 2}], [{8, 7}, {5, 6}, {1, 4}, {2, 3}], [{8, 7}, {5, 6}, {2, 4}, {1, 3}], [{8, 7}, {5, 6}, {3, 4}, {1, 2}], [{8}, {1, 7}, {3, 6}, {5}, {2, 4}], [{8}, {4, 7}, {6}, {1, 5}, {2, 3}], [{8}, {5, 7}, {3, 6}, {1, 4}, {2}], [{8}, {6, 7}, {1, 5}, {3, 4}, {2}], [{8}, {6, 7}, {3, 5}, {2, 4}, {1}], [{8}, {6, 7}, {4, 5}, {2, 3}, {1}]]",2,24 K_1^3 + 4 K_1^2 K_2 - 28 K_1^2 - 36 K_1 K_2 - 6 K_1 K_3 - 2 K_2^2 + 15 K_2 + 12 K_3 + 3 K_4 + 15,O1O2O3O4U3U5U6O7U4O8O6U8U1O5U2U7,O1O2O3U4U3U5U6O7O5U2O6O8U1U8O4U7,O1O2O3U4O5U6U3O6O7U2O8O4U7U8U1U5,c,{'O1O2O3O4U5U3O6U4U7O8O7U1O5U8U6U2'},1,"<a href=""/flatknot/8.850644"">8.850644</a>",t^9-35t^7-46t^6+82t^5+144t^4+18t^3-38t^2-10t-4,t^2-2t,,
8.850645,O1O2O3O4U5U3O6U4U7O8O7U2O5U1U6U8,4,14z^2+99z+143,14w^3z^2+99w^2z+143w,False,False,"[[ 0 -2 -1  0  1 -1  1  1  1],[ 2  0  1  0  2 -1  2  2  1],[ 1 -1  0 -1  1 -1  1  1  0],[ 0  0  1  0  1 -1  0  0 -1],[-1 -2 -1 -1  0 -1  0 -1  0],[ 1  1  1  1  1  0  1  2  1],[-1 -2 -1  0  0 -1  0 -1  0],[-1 -2 -1  0  1 -2  1  0  1],[-1 -1  0  1  0 -1  0 -1  0]]","[[ 0  1  1  1  1  0 -1 -1 -2],[-1  0  1  1  1  0 -1 -2 -2],[-1 -1  0  0  0  1  0 -1 -1],[-1 -1  0  0  0  0 -1 -1 -2],[-1 -1  0  0  0 -1 -1 -1 -2],[ 0  0 -1  0  1  0  1 -1  0],[ 1  1  0  1  1 -1  0 -1 -1],[ 1  2  1  1  1  1  1  0  1],[ 2  2  1  2  2  0  1 -1  0]]",True,"[-1,-1,-1,-1,0,1,1,2,-1,-1,-1,0,1,2,2,0,0,-1,0,1,1,0,0,1,1,2,1,1,1,2,-1,1,0,1,1,-1]","[-2,-1,-1,0,1,1,1,1,-1,1,0,1,2,2,2,1,1,1,1,1,2,-1,0,1,1,1,-1,0,1,0,0,0,-1,0,-1,-1]",t^8+33t^6+124t^4+29t^2+1,"[-2,-1,-1,0,1,1,1,1,0,2,2,1,1,1,2,1,2,1,1,1,2,0,0,1,1,1,1,0,1,2,-1,-1,-1,0,0,0]","[-1,-1,-1,-1,0,1,1,2,-1,0,0,0,1,1,1,1,1,1,0,1,1,0,1,1,1,1,2,1,2,2,0,2,2,1,2,0]","[-2,-1,-1,0,1,1,1,1,-1,1,0,1,2,2,2,1,1,1,1,1,2,-1,0,1,1,1,-1,0,1,0,0,0,-1,0,-1,-1]",c,"[[{8, 1}, {2, 7}, {3, 6}, {4, 5}], [{8, 1}, {2, 7}, {4, 6}, {3, 5}], [{8, 1}, {2, 7}, {5, 6}, {3, 4}], [{8, 1}, {2, 7}, {6}, {3, 5}, {4}], [{8, 1}, {3, 7}, {2, 6}, {4, 5}], [{8, 1}, {3, 7}, {2, 6}, {5}, {4}], [{8, 1}, {3, 7}, {4, 6}, {2, 5}], [{8, 1}, {3, 7}, {4, 6}, {5}, {2}], [{8, 1}, {3, 7}, {5, 6}, {2, 4}], [{8, 1}, {3, 7}, {6}, {5}, {2, 4}], [{8, 1}, {4, 7}, {2, 6}, {3, 5}], [{8, 1}, {4, 7}, {3, 6}, {2, 5}], [{8, 1}, {4, 7}, {5, 6}, {2, 3}], [{8, 1}, {5, 7}, {2, 6}, {3, 4}], [{8, 1}, {5, 7}, {3, 6}, {2, 4}], [{8, 1}, {5, 7}, {4, 6}, {2, 3}], [{8, 1}, {6, 7}, {2, 5}, {3, 4}], [{8, 1}, {6, 7}, {3, 5}, {2, 4}], [{8, 1}, {6, 7}, {4, 5}, {2, 3}], [{8, 1}, {7}, {5, 6}, {2, 4}, {3}], [{8, 2}, {1, 7}, {3, 6}, {4, 5}], [{8, 2}, {1, 7}, {4, 6}, {3, 5}], [{8, 2}, {1, 7}, {5, 6}, {3, 4}], [{8, 2}, {1, 7}, {6}, {4, 5}, {3}], [{8, 2}, {3, 7}, {1, 6}, {4, 5}], [{8, 2}, {3, 7}, {4, 6}, {1, 5}], [{8, 2}, {3, 7}, {5, 6}, {1, 4}], [{8, 2}, {4, 7}, {1, 6}, {3, 5}], [{8, 2}, {4, 7}, {3, 6}, {1, 5}], [{8, 2}, {4, 7}, {5, 6}, {1, 3}], [{8, 2}, {5, 7}, {1, 6}, {3, 4}], [{8, 2}, {5, 7}, {3, 6}, {1, 4}], [{8, 2}, {5, 7}, {4, 6}, {1, 3}], [{8, 2}, {5, 7}, {6}, {3, 4}, {1}], [{8, 2}, {6, 7}, {1, 5}, {3, 4}], [{8, 2}, {6, 7}, {3, 5}, {1, 4}], [{8, 2}, {6, 7}, {4, 5}, {1, 3}], [{8, 2}, {6, 7}, {4, 5}, {3}, {1}], [{8, 2}, {7}, {1, 6}, {3, 5}, {4}], [{8, 2}, {7}, {1, 6}, {4, 5}, {3}], [{8, 2}, {7}, {1, 6}, {5}, {3, 4}], [{8, 2}, {7}, {4, 6}, {3, 5}, {1}], [{8, 2}, {7}, {6}, {3, 5}, {1, 4}], [{8, 3}, {1, 7}, {2, 6}, {4, 5}], [{8, 3}, {1, 7}, {2, 6}, {5}, {4}], [{8, 3}, {1, 7}, {4, 6}, {2, 5}], [{8, 3}, {1, 7}, {4, 6}, {5}, {2}], [{8, 3}, {1, 7}, {5, 6}, {2, 4}], [{8, 3}, {1, 7}, {6}, {5}, {2, 4}], [{8, 3}, {2, 7}, {1, 6}, {4, 5}], [{8, 3}, {2, 7}, {1, 6}, {5}, {4}], [{8, 3}, {2, 7}, {4, 6}, {1, 5}], [{8, 3}, {2, 7}, {5, 6}, {1, 4}], [{8, 3}, {2, 7}, {5, 6}, {4}, {1}], [{8, 3}, {2, 7}, {6}, {1, 5}, {4}], [{8, 3}, {4, 7}, {1, 6}, {2, 5}], [{8, 3}, {4, 7}, {2, 6}, {1, 5}], [{8, 3}, {4, 7}, {5, 6}, {1, 2}], [{8, 3}, {4, 7}, {5, 6}, {2}, {1}], [{8, 3}, {5, 7}, {1, 6}, {2, 4}], [{8, 3}, {5, 7}, {2, 6}, {1, 4}], [{8, 3}, {5, 7}, {4, 6}, {1, 2}], [{8, 3}, {6, 7}, {1, 5}, {2, 4}], [{8, 3}, {6, 7}, {2, 5}, {1, 4}], [{8, 3}, {6, 7}, {4, 5}, {1, 2}], [{8, 3}, {7}, {5, 6}, {2, 4}, {1}], [{8, 3}, {7}, {6}, {2, 5}, {1, 4}], [{8, 3}, {7}, {6}, {4, 5}, {1, 2}], [{8, 4}, {1, 7}, {2, 6}, {3, 5}], [{8, 4}, {1, 7}, {3, 6}, {2, 5}], [{8, 4}, {1, 7}, {5, 6}, {2, 3}], [{8, 4}, {1, 7}, {6}, {2, 5}, {3}], [{8, 4}, {2, 7}, {1, 6}, {3, 5}], [{8, 4}, {2, 7}, {3, 6}, {1, 5}], [{8, 4}, {2, 7}, {5, 6}, {1, 3}], [{8, 4}, {3, 7}, {1, 6}, {2, 5}], [{8, 4}, {3, 7}, {2, 6}, {1, 5}], [{8, 4}, {3, 7}, {5, 6}, {1, 2}], [{8, 4}, {5, 7}, {1, 6}, {2, 3}], [{8, 4}, {5, 7}, {2, 6}, {1, 3}], [{8, 4}, {5, 7}, {3, 6}, {1, 2}], [{8, 4}, {5, 7}, {6}, {2, 3}, {1}], [{8, 4}, {6, 7}, {1, 5}, {2, 3}], [{8, 4}, {6, 7}, {2, 5}, {1, 3}], [{8, 4}, {6, 7}, {2, 5}, {3}, {1}], [{8, 4}, {6, 7}, {3, 5}, {1, 2}], [{8, 4}, {7}, {1, 6}, {2, 5}, {3}], [{8, 4}, {7}, {6}, {3, 5}, {1, 2}], [{8, 5}, {1, 7}, {2, 6}, {3, 4}], [{8, 5}, {1, 7}, {3, 6}, {2, 4}], [{8, 5}, {1, 7}, {4, 6}, {2, 3}], [{8, 5}, {1, 7}, {6}, {2, 4}, {3}], [{8, 5}, {2, 7}, {1, 6}, {3, 4}], [{8, 5}, {2, 7}, {3, 6}, {1, 4}], [{8, 5}, {2, 7}, {3, 6}, {4}, {1}], [{8, 5}, {2, 7}, {4, 6}, {1, 3}], [{8, 5}, {3, 7}, {1, 6}, {2, 4}], [{8, 5}, {3, 7}, {2, 6}, {1, 4}], [{8, 5}, {3, 7}, {4, 6}, {1, 2}], [{8, 5}, {3, 7}, {6}, {2, 4}, {1}], [{8, 5}, {4, 7}, {1, 6}, {2, 3}], [{8, 5}, {4, 7}, {2, 6}, {1, 3}], [{8, 5}, {4, 7}, {3, 6}, {1, 2}], [{8, 5}, {4, 7}, {3, 6}, {2}, {1}], [{8, 5}, {6, 7}, {1, 4}, {2, 3}], [{8, 5}, {6, 7}, {2, 4}, {1, 3}], [{8, 5}, {6, 7}, {2, 4}, {3}, {1}], [{8, 5}, {6, 7}, {3, 4}, {1, 2}], [{8, 5}, {7}, {1, 6}, {2, 4}, {3}], [{8, 5}, {7}, {3, 6}, {2, 4}, {1}], [{8, 5}, {7}, {6}, {2, 4}, {1, 3}], [{8, 6}, {1, 7}, {2, 5}, {3, 4}], [{8, 6}, {1, 7}, {3, 5}, {2, 4}], [{8, 6}, {1, 7}, {4, 5}, {2, 3}], [{8, 6}, {1, 7}, {5}, {2, 4}, {3}], [{8, 6}, {2, 7}, {1, 5}, {3, 4}], [{8, 6}, {2, 7}, {3, 5}, {1, 4}], [{8, 6}, {2, 7}, {4, 5}, {1, 3}], [{8, 6}, {3, 7}, {1, 5}, {2, 4}], [{8, 6}, {3, 7}, {2, 5}, {1, 4}], [{8, 6}, {3, 7}, {4, 5}, {1, 2}], [{8, 6}, {3, 7}, {5}, {2, 4}, {1}], [{8, 6}, {4, 7}, {1, 5}, {2, 3}], [{8, 6}, {4, 7}, {2, 5}, {1, 3}], [{8, 6}, {4, 7}, {3, 5}, {1, 2}], [{8, 6}, {5, 7}, {1, 4}, {2, 3}], [{8, 6}, {5, 7}, {2, 4}, {1, 3}], [{8, 6}, {5, 7}, {3, 4}, {1, 2}], [{8, 6}, {7}, {5}, {2, 4}, {1, 3}], [{8, 7}, {1, 6}, {2, 5}, {3, 4}], [{8, 7}, {1, 6}, {3, 5}, {2, 4}], [{8, 7}, {1, 6}, {4, 5}, {2, 3}], [{8, 7}, {2, 6}, {1, 5}, {3, 4}], [{8, 7}, {2, 6}, {3, 5}, {1, 4}], [{8, 7}, {2, 6}, {4, 5}, {1, 3}], [{8, 7}, {3, 6}, {1, 5}, {2, 4}], [{8, 7}, {3, 6}, {2, 5}, {1, 4}], [{8, 7}, {3, 6}, {4, 5}, {1, 2}], [{8, 7}, {3, 6}, {5}, {1, 4}, {2}], [{8, 7}, {4, 6}, {1, 5}, {2, 3}], [{8, 7}, {4, 6}, {2, 5}, {1, 3}], [{8, 7}, {4, 6}, {3, 5}, {1, 2}], [{8, 7}, {5, 6}, {1, 4}, {2, 3}], [{8, 7}, {5, 6}, {2, 4}, {1, 3}], [{8, 7}, {5, 6}, {2, 4}, {3}, {1}], [{8, 7}, {5, 6}, {3, 4}, {1, 2}], [{8, 7}, {6}, {2, 5}, {3, 4}, {1}], [{8, 7}, {6}, {4, 5}, {2, 3}, {1}], [{8, 7}, {6}, {5}, {2, 4}, {1, 3}], [{8}, {1, 7}, {3, 6}, {5}, {2, 4}], [{8}, {1, 7}, {5, 6}, {2, 4}, {3}], [{8}, {1, 7}, {6}, {3, 5}, {2, 4}], [{8}, {1, 7}, {6}, {5}, {2, 4}, {3}], [{8}, {3, 7}, {1, 6}, {2, 5}, {4}], [{8}, {3, 7}, {1, 6}, {4, 5}, {2}], [{8}, {3, 7}, {1, 6}, {5}, {2, 4}], [{8}, {3, 7}, {5, 6}, {2, 4}, {1}], [{8}, {3, 7}, {6}, {1, 5}, {2, 4}], [{8}, {3, 7}, {6}, {5}, {2, 4}, {1}], [{8}, {5, 7}, {1, 6}, {3, 4}, {2}], [{8}, {5, 7}, {6}, {2, 4}, {1, 3}], [{8}, {6, 7}, {5}, {2, 4}, {1, 3}], [{8}, {7}, {2, 6}, {4, 5}, {1, 3}], [{8}, {7}, {4, 6}, {2, 5}, {1, 3}], [{8}, {7}, {5, 6}, {2, 4}, {1, 3}], [{8}, {7}, {6}, {5}, {2, 4}, {1, 3}]]",2,20 K_1^3 + 8 K_1^2 K_2 - 46 K_1^2 - 40 K_1 K_2 - 4 K_1 K_3 + 5 K_1 - 4 K_2^2 + 21 K_2 + 15 K_3 + 2 K_4 + 24,O1O2O3O4U5U6U4O7U3O8O5U8U1O6U2U7,O1O2O3U1U4U5U6O7O5U2O6O8U3U8O4U7,O1O2O3U4O5U6U1O6O7U2O8O4U7U8U5U3,c,{'O1O2O3O4U5U3O6U4U7O8O7U2O5U1U6U8'},1,"<a href=""/flatknot/8.850645"">8.850645</a>",t^9-35t^7-88t^6+5t^5+134t^4+50t^3-6t^2+9t,t^2-2t,,
8.850646,O1O2O3O4U5U3O6U4U7O8O7U2O5U1U8U6,4,z^3+16z^2+90z+125,w^4z^3+16w^3z^2+90w^2z+125w,False,False,"[[ 0 -2 -1  0  1 -1  2  1  0],[ 2  0  1  0  2 -1  3  2  0],[ 1 -1  0 -1  1 -1  2  1 -1],[ 0  0  1  0  1 -1  0  0 -1],[-1 -2 -1 -1  0 -1  0 -1 -1],[ 1  1  1  1  1  0  1  2  1],[-2 -3 -2  0  0 -1  0 -1 -1],[-1 -2 -1  0  1 -2  1  0  0],[ 0  0  1  1  1 -1  1  0  0]]","[[ 0  2  1  1  0  0 -1 -1 -2],[-2  0  0 -1  0 -1 -1 -2 -3],[-1  0  0 -1 -1 -1 -1 -1 -2],[-1  1  1  0  0  0 -2 -1 -2],[ 0  0  1  0  0 -1 -1  1  0],[ 0  1  1  0  1  0 -1  1  0],[ 1  1  1  2  1  1  0  1  1],[ 1  2  1  1 -1 -1 -1  0 -1],[ 2  3  2  2  0  0 -1  1  0]]",True,"[-2,-1,-1,0,0,1,1,2,0,1,0,1,1,2,3,1,1,1,1,1,2,0,0,2,1,2,1,1,-1,0,1,-1,0,-1,-1,1]","[-2,-1,-1,0,0,1,1,2,-1,1,0,0,2,2,3,1,1,1,1,2,1,-1,-1,1,1,2,-1,1,0,0,1,0,1,-1,0,1]",t^8+42t^6+185t^4+112t^2+4,"[-2,-1,-1,0,0,1,1,2,0,2,2,2,1,1,1,1,2,2,1,1,1,0,0,0,1,2,-1,1,0,1,1,0,2,-1,0,1]","[-2,-1,-1,0,0,1,1,2,0,1,1,2,1,2,1,1,1,1,1,0,1,0,0,1,1,1,1,2,0,2,2,0,2,-1,0,2]","[-2,-1,-1,0,0,1,1,2,-1,1,0,0,2,2,3,1,1,1,1,2,1,-1,-1,1,1,2,-1,1,0,0,1,0,1,-1,0,1]",c,"[[{8, 3}, {5, 7}, {1, 6}, {2, 4}], [{8, 7}, {5, 6}, {1, 4}, {2, 3}], [{8, 7}, {5, 6}, {1, 4}, {3}, {2}]]",1,16 K_1^3 + 8 K_1^2 K_2 - 30 K_1^2 - 28 K_1 K_2 - 6 K_1 K_3 + 2 K_1 - 2 K_2^2 + 14 K_2 + 10 K_3 + 2 K_4 + 15,O1O2O3O4U5U6U4O7U3O8O6U8U1O5U2U7,O1O2O3U1U4U5U6O7O5U3O6O8U2U8O4U7,O1O2O3U4O5U6U2O6O7U1O8O4U7U8U5U3,c,{'O1O2O3O4U5U3O6U4U7O8O7U2O5U1U8U6'},1,"<a href=""/flatknot/8.850646"">8.850646</a>",t^9-42t^7-112t^6+35t^5+296t^4+160t^3-44t^2-7t+4,0,,
8.850647,O1O2O3O4U5U3O6U4U7O8O7U2O5U6U1U8,4,18z^2+71z+71,18w^3z^2+71w^2z+71w,False,False,"[[ 0 -1 -1  0  1 -1  0  1  1],[ 1  0  0  0  1 -1  1  1  1],[ 1  0  0 -1  1 -1  1  1  0],[ 0  0  1  0  1 -1  0  0 -1],[-1 -1 -1 -1  0 -1  0 -1  0],[ 1  1  1  1  1  0  0  2  1],[ 0 -1 -1  0  0  0  0  0  0],[-1 -1 -1  0  1 -2  0  0  1],[-1 -1  0  1  0 -1  0 -1  0]]","[[ 0  1  1  1  0  0 -1 -1 -1],[-1  0  1  1  0  0 -1 -1 -2],[-1 -1  0  0  1  0  0 -1 -1],[-1 -1  0  0 -1  0 -1 -1 -1],[ 0  0 -1  1  0  0  1  0 -1],[ 0  0  0  0  0  0 -1 -1  0],[ 1  1  0  1 -1  1  0  0 -1],[ 1  1  1  1  0  1  0  0 -1],[ 1  2  1  1  1  0  1  1  0]]",True,"[-1,-1,-1,0,0,1,1,1,-1,-1,0,0,1,1,2,0,-1,0,0,1,1,1,0,1,1,1,0,-1,0,1,1,1,0,0,1,1]","[-1,-1,-1,0,0,1,1,1,-1,-1,0,0,1,1,2,0,-1,0,0,1,1,1,0,1,1,1,0,-1,0,1,1,1,0,0,1,1]",t^8+21t^6+85t^4+53t^2+1,"[-1,-1,-1,0,0,1,1,1,-1,-1,0,1,0,1,1,0,1,0,1,1,1,2,0,1,1,2,0,1,0,2,1,1,1,-1,-1,0]","[-1,-1,-1,0,0,1,1,1,-1,0,0,1,1,1,1,1,1,1,0,1,1,2,1,1,1,2,0,0,1,2,1,0,0,1,1,0]","[-1,-1,-1,0,0,1,1,1,-1,0,-1,1,0,1,1,1,1,0,1,1,2,0,1,1,1,1,0,-1,1,0,0,0,0,0,-1,-1]",c,"[[{8, 2}, {1, 7}, {3, 6}, {4, 5}], [{8, 2}, {1, 7}, {6}, {4, 5}, {3}]]",1,8 K_1^3 - 8 K_1^2 - 8 K_1 K_2 - 2 K_1 + 4 K_2 + 2 K_3 + 5,O1O2O3O4U5U4U6O7U3O8O5U8U1O6U2U7,O1O2O3U2U4U5U6O7O5U1O6O8U3U8O4U7,O1O2O3U4O5U6U1O6O7U3O8O4U7U8U5U2,c,"{'O1O2O3U4O5U3U5O6U7O8O7U2U6O4U1U8', 'O1O2O3O4U5U3O6U4U7O8O7U2O5U6U1U8'}",2,"<a href=""/flatknot/8.850647"">8.850647</a>",t^9-21t^7-36t^6+21t^5+44t^4-12t^3-10t^2,0,,
8.850648,O1O2O3O4U5U3O6U4U7O8O7U2O5U8U1U6,4,2z^3+26z^2+105z+123,2w^4z^3+26w^3z^2+105w^2z+123w,False,False,"[[ 0 -1 -1  0  1 -1  2  1 -1],[ 1  0  0  0  2 -1  2  2 -1],[ 1  0  0 -1  1 -1  2  1 -1],[ 0  0  1  0  1 -1  0  0 -1],[-1 -2 -1 -1  0 -1  0 -1 -1],[ 1  1  1  1  1  0  1  2  0],[-2 -2 -2  0  0 -1  0 -1 -1],[-1 -2 -1  0  1 -2  1  0 -1],[ 1  1  1  1  1  0  1  1  0]]","[[ 0  2  1  1  0 -1 -1 -1 -1],[-2  0  0 -1  0 -1 -1 -2 -2],[-1  0  0 -1 -1 -1 -1 -1 -2],[-1  1  1  0  0 -1 -2 -1 -2],[ 0  0  1  0  0 -1 -1  1  0],[ 1  1  1  1  1  0  0  1  1],[ 1  1  1  2  1  0  0  1  1],[ 1  2  1  1 -1 -1 -1  0  0],[ 1  2  2  2  0 -1 -1  0  0]]",True,"[-2,-1,-1,0,1,1,1,1,0,1,0,1,1,2,2,1,1,1,1,1,2,0,1,2,1,2,1,1,-1,0,0,-1,-1,-1,-1,0]","[-2,-1,-1,0,1,1,1,1,0,1,0,1,1,2,2,1,1,1,1,1,2,0,1,2,1,2,1,1,-1,0,0,-1,-1,-1,-1,0]",t^8+37t^6+117t^4+51t^2+4,"[-1,-1,-1,-1,0,1,1,2,-1,-1,0,0,0,1,2,0,1,1,0,0,1,1,2,1,1,1,0,1,1,2,1,0,2,-1,0,1]","[-2,-1,-1,0,1,1,1,1,0,1,2,1,1,2,2,1,1,0,1,0,1,0,0,1,1,1,1,2,0,0,0,-1,-1,-1,-1,0]","[-1,-1,-1,-1,0,1,1,2,-1,-1,0,-1,1,1,2,0,1,1,1,1,1,1,1,1,2,1,0,2,2,2,1,0,0,-1,0,1]",c,"[[{8, 2}, {1, 7}, {3, 6}, {4, 5}], [{8, 2}, {1, 7}, {6}, {4, 5}, {3}], [{8, 3}, {1, 7}, {2, 6}, {4, 5}], [{8, 6}, {1, 7}, {4, 5}, {2, 3}], [{8, 6}, {1, 7}, {4, 5}, {3}, {2}], [{8}, {1, 7}, {2, 6}, {4, 5}, {3}]]",1,32 K_1^3 - 30 K_1^2 - 32 K_1 K_2 - 8 K_1 + 15 K_2 + 8 K_3 + 16,O1O2O3O4U5U4U6O7U3O8O6U8U1O5U2U7,O1O2O3U2U4U5U6O7O5U3O6O8U1U8O4U7,O1O2O3U4O5U6U3O6O7U1O8O4U7U8U5U2,c,{'O1O2O3O4U5U3O6U4U7O8O7U2O5U8U1U6'},1,"<a href=""/flatknot/8.850648"">8.850648</a>",t^9-35t^7-92t^6-14t^5+92t^4+12t^3-2t^2+28t-6,-t^2+2t,,
8.850649,O1O2O3O4U5U3O6U4U7O8O7U6O5U1U2U8,4,4z^3+37z^2+110z+105,4w^4z^3+37w^3z^2+110w^2z+105w,False,False,"[[ 0 -2  0  0  1 -1  0  1  1],[ 2  0  1  0  1  0  1  2  1],[ 0 -1  0  0  1 -2  1  0  0],[ 0  0  0  0  1 -1  1  0 -1],[-1 -1 -1 -1  0 -2  1 -1  0],[ 1  0  2  1  2  0  0  2  1],[ 0 -1 -1 -1 -1  0  0  0  0],[-1 -2  0  0  1 -2  0  0  1],[-1 -1  0  1  0 -1  0 -1  0]]","[[ 0  1  1  1  0  0  0 -1 -2],[-1  0  1  1  0  0  0 -2 -2],[-1 -1  0  0  1  0  0 -1 -1],[-1 -1  0  0 -1  1 -1 -2 -1],[ 0  0 -1  1  0  1  0 -1  0],[ 0  0  0 -1 -1  0 -1  0 -1],[ 0  0  0  1  0  1  0 -2 -1],[ 1  2  1  2  1  0  2  0  0],[ 2  2  1  1  0  1  1  0  0]]",True,"[-1,-1,-1,0,0,0,1,2,-1,-1,0,0,0,2,2,0,-1,0,0,1,1,1,-1,1,2,1,-1,0,1,0,1,0,1,2,1,0]","[-2,-1,0,0,0,1,1,1,0,0,1,1,1,1,2,1,0,2,1,2,2,1,0,-1,1,0,-1,0,-1,0,0,1,0,0,-1,-1]",t^8+30t^6+134t^4+69t^2+1,"[-2,-1,0,0,0,1,1,1,1,1,1,2,1,2,2,-1,1,0,0,0,1,-1,0,1,0,1,1,1,2,1,1,0,2,-1,-1,0]","[-1,-1,-1,0,0,0,1,2,-1,0,0,0,2,0,2,1,1,1,1,0,1,1,2,1,1,2,0,1,-1,1,1,0,2,1,1,1]","[-2,-1,0,0,0,1,1,1,0,0,1,1,1,1,2,1,0,2,1,2,2,1,0,-1,1,0,-1,0,-1,0,0,1,0,0,-1,-1]",c,"[[{8, 1}, {2, 7}, {3, 6}, {4, 5}], [{8, 1}, {2, 7}, {4, 6}, {3, 5}], [{8, 1}, {2, 7}, {5, 6}, {3, 4}], [{8, 1}, {2, 7}, {6}, {3, 5}, {4}], [{8, 1}, {3, 7}, {2, 6}, {4, 5}], [{8, 1}, {3, 7}, {4, 6}, {2, 5}], [{8, 1}, {3, 7}, {4, 6}, {5}, {2}], [{8, 1}, {3, 7}, {5, 6}, {2, 4}], [{8, 1}, {3, 7}, {5, 6}, {4}, {2}], [{8, 1}, {3, 7}, {6}, {4, 5}, {2}], [{8, 1}, {4, 7}, {2, 6}, {3, 5}], [{8, 1}, {4, 7}, {3, 6}, {2, 5}], [{8, 1}, {4, 7}, {5, 6}, {2, 3}], [{8, 1}, {4, 7}, {6}, {3, 5}, {2}], [{8, 1}, {5, 7}, {2, 6}, {3, 4}], [{8, 1}, {5, 7}, {3, 6}, {2, 4}], [{8, 1}, {5, 7}, {4, 6}, {2, 3}], [{8, 1}, {5, 7}, {6}, {4}, {2, 3}], [{8, 1}, {6, 7}, {2, 5}, {3, 4}], [{8, 1}, {6, 7}, {2, 5}, {4}, {3}], [{8, 1}, {6, 7}, {3, 5}, {2, 4}], [{8, 1}, {6, 7}, {4, 5}, {2, 3}], [{8, 1}, {6, 7}, {4, 5}, {3}, {2}], [{8, 1}, {6, 7}, {5}, {2, 4}, {3}], [{8, 1}, {7}, {3, 6}, {4, 5}, {2}], [{8, 1}, {7}, {6}, {3, 5}, {2, 4}], [{8, 2}, {1, 7}, {3, 6}, {4, 5}], [{8, 2}, {1, 7}, {4, 6}, {3, 5}], [{8, 2}, {1, 7}, {5, 6}, {3, 4}], [{8, 2}, {1, 7}, {5, 6}, {4}, {3}], [{8, 2}, {3, 7}, {1, 6}, {4, 5}], [{8, 2}, {3, 7}, {4, 6}, {1, 5}], [{8, 2}, {3, 7}, {5, 6}, {1, 4}], [{8, 2}, {4, 7}, {1, 6}, {3, 5}], [{8, 2}, {4, 7}, {3, 6}, {1, 5}], [{8, 2}, {4, 7}, {5, 6}, {1, 3}], [{8, 2}, {5, 7}, {1, 6}, {3, 4}], [{8, 2}, {5, 7}, {3, 6}, {1, 4}], [{8, 2}, {5, 7}, {4, 6}, {1, 3}], [{8, 2}, {6, 7}, {1, 5}, {3, 4}], [{8, 2}, {6, 7}, {3, 5}, {1, 4}], [{8, 2}, {6, 7}, {4, 5}, {1, 3}], [{8, 2}, {7}, {6}, {4, 5}, {1, 3}], [{8, 3}, {1, 7}, {2, 6}, {4, 5}], [{8, 3}, {1, 7}, {4, 6}, {2, 5}], [{8, 3}, {1, 7}, {4, 6}, {5}, {2}], [{8, 3}, {1, 7}, {5, 6}, {2, 4}], [{8, 3}, {1, 7}, {5, 6}, {4}, {2}], [{8, 3}, {1, 7}, {6}, {4, 5}, {2}], [{8, 3}, {2, 7}, {1, 6}, {4, 5}], [{8, 3}, {2, 7}, {4, 6}, {1, 5}], [{8, 3}, {2, 7}, {5, 6}, {1, 4}], [{8, 3}, {2, 7}, {6}, {1, 5}, {4}], [{8, 3}, {4, 7}, {1, 6}, {2, 5}], [{8, 3}, {4, 7}, {1, 6}, {5}, {2}], [{8, 3}, {4, 7}, {2, 6}, {1, 5}], [{8, 3}, {4, 7}, {5, 6}, {1, 2}], [{8, 3}, {4, 7}, {5, 6}, {2}, {1}], [{8, 3}, {4, 7}, {6}, {1, 5}, {2}], [{8, 3}, {5, 7}, {1, 6}, {2, 4}], [{8, 3}, {5, 7}, {1, 6}, {4}, {2}], [{8, 3}, {5, 7}, {2, 6}, {1, 4}], [{8, 3}, {5, 7}, {2, 6}, {4}, {1}], [{8, 3}, {5, 7}, {4, 6}, {1, 2}], [{8, 3}, {5, 7}, {6}, {4}, {1, 2}], [{8, 3}, {6, 7}, {1, 5}, {2, 4}], [{8, 3}, {6, 7}, {2, 5}, {1, 4}], [{8, 3}, {6, 7}, {2, 5}, {4}, {1}], [{8, 3}, {6, 7}, {4, 5}, {1, 2}], [{8, 3}, {6, 7}, {4, 5}, {2}, {1}], [{8, 3}, {6, 7}, {5}, {2, 4}, {1}], [{8, 3}, {7}, {1, 6}, {4, 5}, {2}], [{8, 3}, {7}, {5, 6}, {1, 4}, {2}], [{8, 3}, {7}, {6}, {1, 5}, {2, 4}], [{8, 4}, {1, 7}, {2, 6}, {3, 5}], [{8, 4}, {1, 7}, {3, 6}, {2, 5}], [{8, 4}, {1, 7}, {3, 6}, {5}, {2}], [{8, 4}, {1, 7}, {5, 6}, {2, 3}], [{8, 4}, {1, 7}, {5, 6}, {3}, {2}], [{8, 4}, {1, 7}, {6}, {3, 5}, {2}], [{8, 4}, {2, 7}, {1, 6}, {3, 5}], [{8, 4}, {2, 7}, {3, 6}, {1, 5}], [{8, 4}, {2, 7}, {5, 6}, {1, 3}], [{8, 4}, {2, 7}, {5, 6}, {3}, {1}], [{8, 4}, {3, 7}, {1, 6}, {2, 5}], [{8, 4}, {3, 7}, {2, 6}, {1, 5}], [{8, 4}, {3, 7}, {5, 6}, {1, 2}], [{8, 4}, {3, 7}, {6}, {1, 5}, {2}], [{8, 4}, {5, 7}, {1, 6}, {2, 3}], [{8, 4}, {5, 7}, {2, 6}, {1, 3}], [{8, 4}, {5, 7}, {3, 6}, {1, 2}], [{8, 4}, {5, 7}, {6}, {2, 3}, {1}], [{8, 4}, {6, 7}, {1, 5}, {2, 3}], [{8, 4}, {6, 7}, {2, 5}, {1, 3}], [{8, 4}, {6, 7}, {3, 5}, {1, 2}], [{8, 4}, {7}, {5, 6}, {3}, {1, 2}], [{8, 4}, {7}, {6}, {2, 5}, {1, 3}], [{8, 5}, {1, 7}, {2, 6}, {3, 4}], [{8, 5}, {1, 7}, {3, 6}, {2, 4}], [{8, 5}, {1, 7}, {3, 6}, {4}, {2}], [{8, 5}, {1, 7}, {4, 6}, {2, 3}], [{8, 5}, {2, 7}, {1, 6}, {3, 4}], [{8, 5}, {2, 7}, {3, 6}, {1, 4}], [{8, 5}, {2, 7}, {4, 6}, {1, 3}], [{8, 5}, {2, 7}, {4, 6}, {3}, {1}], [{8, 5}, {3, 7}, {1, 6}, {2, 4}], [{8, 5}, {3, 7}, {2, 6}, {1, 4}], [{8, 5}, {3, 7}, {4, 6}, {1, 2}], [{8, 5}, {4, 7}, {1, 6}, {2, 3}], [{8, 5}, {4, 7}, {2, 6}, {1, 3}], [{8, 5}, {4, 7}, {3, 6}, {1, 2}], [{8, 5}, {4, 7}, {3, 6}, {2}, {1}], [{8, 5}, {6, 7}, {1, 4}, {2, 3}], [{8, 5}, {6, 7}, {2, 4}, {1, 3}], [{8, 5}, {6, 7}, {2, 4}, {3}, {1}], [{8, 5}, {6, 7}, {3, 4}, {1, 2}], [{8, 5}, {7}, {3, 6}, {1, 4}, {2}], [{8, 5}, {7}, {6}, {2, 4}, {1, 3}], [{8, 5}, {7}, {6}, {3, 4}, {1, 2}], [{8, 6}, {1, 7}, {2, 5}, {3, 4}], [{8, 6}, {1, 7}, {3, 5}, {2, 4}], [{8, 6}, {1, 7}, {4, 5}, {2, 3}], [{8, 6}, {1, 7}, {4, 5}, {3}, {2}], [{8, 6}, {2, 7}, {1, 5}, {3, 4}], [{8, 6}, {2, 7}, {3, 5}, {1, 4}], [{8, 6}, {2, 7}, {3, 5}, {4}, {1}], [{8, 6}, {2, 7}, {4, 5}, {1, 3}], [{8, 6}, {2, 7}, {4, 5}, {3}, {1}], [{8, 6}, {2, 7}, {5}, {3, 4}, {1}], [{8, 6}, {3, 7}, {1, 5}, {2, 4}], [{8, 6}, {3, 7}, {2, 5}, {1, 4}], [{8, 6}, {3, 7}, {4, 5}, {1, 2}], [{8, 6}, {3, 7}, {4, 5}, {2}, {1}], [{8, 6}, {4, 7}, {1, 5}, {2, 3}], [{8, 6}, {4, 7}, {2, 5}, {1, 3}], [{8, 6}, {4, 7}, {3, 5}, {1, 2}], [{8, 6}, {5, 7}, {1, 4}, {2, 3}], [{8, 6}, {5, 7}, {2, 4}, {1, 3}], [{8, 6}, {5, 7}, {3, 4}, {1, 2}], [{8, 6}, {7}, {2, 5}, {4}, {1, 3}], [{8, 6}, {7}, {4, 5}, {1, 3}, {2}], [{8, 6}, {7}, {4, 5}, {2, 3}, {1}], [{8, 6}, {7}, {4, 5}, {3}, {1, 2}], [{8, 6}, {7}, {4, 5}, {3}, {2}, {1}], [{8, 6}, {7}, {5}, {2, 4}, {1, 3}], [{8, 7}, {1, 6}, {2, 5}, {3, 4}], [{8, 7}, {1, 6}, {3, 5}, {2, 4}], [{8, 7}, {1, 6}, {4, 5}, {2, 3}], [{8, 7}, {1, 6}, {4, 5}, {3}, {2}], [{8, 7}, {2, 6}, {1, 5}, {3, 4}], [{8, 7}, {2, 6}, {3, 5}, {1, 4}], [{8, 7}, {2, 6}, {4, 5}, {1, 3}], [{8, 7}, {3, 6}, {1, 5}, {2, 4}], [{8, 7}, {3, 6}, {2, 5}, {1, 4}], [{8, 7}, {3, 6}, {4, 5}, {1, 2}], [{8, 7}, {3, 6}, {4, 5}, {2}, {1}], [{8, 7}, {4, 6}, {1, 5}, {2, 3}], [{8, 7}, {4, 6}, {2, 5}, {1, 3}], [{8, 7}, {4, 6}, {3, 5}, {1, 2}], [{8, 7}, {5, 6}, {1, 4}, {2, 3}], [{8, 7}, {5, 6}, {2, 4}, {1, 3}], [{8, 7}, {5, 6}, {3, 4}, {1, 2}], [{8, 7}, {6}, {2, 5}, {4}, {1, 3}], [{8, 7}, {6}, {4, 5}, {1, 3}, {2}], [{8, 7}, {6}, {5}, {2, 4}, {1, 3}], [{8}, {1, 7}, {3, 6}, {4, 5}, {2}], [{8}, {1, 7}, {5, 6}, {2, 4}, {3}], [{8}, {1, 7}, {5, 6}, {3, 4}, {2}], [{8}, {1, 7}, {5, 6}, {4}, {2, 3}], [{8}, {2, 7}, {1, 6}, {3, 5}, {4}], [{8}, {2, 7}, {6}, {4, 5}, {1, 3}], [{8}, {3, 7}, {1, 6}, {4, 5}, {2}], [{8}, {3, 7}, {5, 6}, {2, 4}, {1}], [{8}, {4, 7}, {6}, {2, 5}, {1, 3}], [{8}, {5, 7}, {6}, {1, 4}, {2, 3}], [{8}, {5, 7}, {6}, {2, 4}, {1, 3}], [{8}, {6, 7}, {1, 5}, {2, 4}, {3}], [{8}, {6, 7}, {2, 5}, {4}, {1, 3}], [{8}, {6, 7}, {3, 5}, {1, 4}, {2}], [{8}, {6, 7}, {3, 5}, {2, 4}, {1}], [{8}, {6, 7}, {3, 5}, {4}, {1, 2}], [{8}, {6, 7}, {4, 5}, {1, 3}, {2}], [{8}, {6, 7}, {5}, {2, 4}, {1, 3}], [{8}, {7}, {2, 6}, {4, 5}, {1, 3}], [{8}, {7}, {4, 6}, {2, 5}, {1, 3}], [{8}, {7}, {5, 6}, {2, 4}, {1, 3}], [{8}, {7}, {6}, {2, 5}, {4}, {1, 3}], [{8}, {7}, {6}, {4, 5}, {1, 3}, {2}], [{8}, {7}, {6}, {5}, {2, 4}, {1, 3}]]",2,8 K_1^3 + 8 K_1^2 K_2 - 16 K_1^2 - 8 K_1 K_2 - 6 K_1 K_3 - 2 K_1 - 2 K_2^2 + 7 K_2 + 2 K_3 + 2 K_4 + 8,O1O2O3O4U5U3U4O6U7O8O5U8U1O7U2U6,O1O2O3U1U2U4U5O6O4U7O5O8U3U8O7U6,O1O2O3U4O5U6U1O6O7U5O8O4U7U8U2U3,c,{'O1O2O3O4U5U3O6U4U7O8O7U6O5U1U2U8'},1,"<a href=""/flatknot/8.850649"">8.850649</a>",t^9-32t^7-40t^6+125t^5+112t^4-187t^3-56t^2+48t+12,t^2-2t,,
8.850650,O1O2O3O4U5U3O6U4U7O8O7U6O5U1U8U2,4,2z^3+26z^2+105z+123,2w^4z^3+26w^3z^2+105w^2z+123w,False,False,"[[ 0 -2  1  0  1 -1  0  1  0],[ 2  0  2  0  1  0  1  2  0],[-1 -2  0  0  1 -2  0  0 -1],[ 0  0  0  0  1 -1  1  0 -1],[-1 -1 -1 -1  0 -2  1 -1  0],[ 1  0  2  1  2  0  0  2  0],[ 0 -1  0 -1 -1  0  0  0  0],[-1 -2  0  0  1 -2  0  0  0],[ 0  0  1  1  0  0  0  0  0]]","[[ 0  1  1  1  0  0  0 -1 -2],[-1  0  1  0  0  0  0 -2 -2],[-1 -1  0 -1  1  0 -1 -2 -1],[-1  0  1  0  0 -1  0 -2 -2],[ 0  0 -1  0  0  0 -1  0 -1],[ 0  0  0  1  0  0  1  0  0],[ 0  0  1  0  1 -1  0 -1  0],[ 1  2  2  2  0  0  1  0  0],[ 2  2  1  2  1  0  0  0  0]]",True,"[-1,-1,-1,0,0,0,1,2,-1,0,0,0,0,2,2,1,-1,0,1,2,1,0,1,0,2,2,0,1,0,1,-1,0,0,1,0,0]","[-2,-1,0,0,0,1,1,1,0,0,0,1,1,2,2,0,1,0,2,2,2,1,0,0,0,1,1,1,0,0,-1,0,0,-1,-1,0]",t^8+30t^6+123t^4+98t^2+1,"[-2,-1,0,0,0,1,1,1,1,1,2,2,1,1,2,1,0,1,0,0,0,1,0,1,1,2,1,1,1,0,0,1,1,0,-1,-1]","[-1,-1,-1,0,0,0,1,2,-1,-1,0,1,2,0,2,0,1,0,1,0,1,1,1,1,0,1,-1,1,0,2,0,1,2,1,1,1]","[-2,-1,0,0,0,1,1,1,0,0,0,1,1,2,2,0,1,0,2,2,2,1,0,0,0,1,1,1,0,0,-1,0,0,-1,-1,0]",c,"[[{8, 1}, {2, 7}, {3, 6}, {4, 5}], [{8, 1}, {2, 7}, {4, 6}, {3, 5}], [{8, 1}, {2, 7}, {5, 6}, {3, 4}], [{8, 1}, {3, 7}, {2, 6}, {4, 5}], [{8, 1}, {3, 7}, {2, 6}, {5}, {4}], [{8, 1}, {3, 7}, {4, 6}, {2, 5}], [{8, 1}, {3, 7}, {5, 6}, {2, 4}], [{8, 1}, {3, 7}, {5, 6}, {4}, {2}], [{8, 1}, {3, 7}, {6}, {2, 5}, {4}], [{8, 1}, {4, 7}, {2, 6}, {3, 5}], [{8, 1}, {4, 7}, {2, 6}, {5}, {3}], [{8, 1}, {4, 7}, {3, 6}, {2, 5}], [{8, 1}, {4, 7}, {5, 6}, {2, 3}], [{8, 1}, {4, 7}, {5, 6}, {3}, {2}], [{8, 1}, {4, 7}, {6}, {2, 5}, {3}], [{8, 1}, {5, 7}, {2, 6}, {3, 4}], [{8, 1}, {5, 7}, {3, 6}, {2, 4}], [{8, 1}, {5, 7}, {4, 6}, {2, 3}], [{8, 1}, {5, 7}, {6}, {4}, {2, 3}], [{8, 1}, {6, 7}, {2, 5}, {3, 4}], [{8, 1}, {6, 7}, {3, 5}, {2, 4}], [{8, 1}, {6, 7}, {3, 5}, {4}, {2}], [{8, 1}, {6, 7}, {4, 5}, {2, 3}], [{8, 1}, {7}, {2, 6}, {5}, {3, 4}], [{8, 1}, {7}, {3, 6}, {5}, {2, 4}], [{8, 1}, {7}, {5, 6}, {3, 4}, {2}], [{8, 1}, {7}, {6}, {2, 5}, {3, 4}], [{8, 2}, {1, 7}, {3, 6}, {4, 5}], [{8, 2}, {1, 7}, {4, 6}, {3, 5}], [{8, 2}, {1, 7}, {5, 6}, {3, 4}], [{8, 2}, {3, 7}, {1, 6}, {4, 5}], [{8, 2}, {3, 7}, {4, 6}, {1, 5}], [{8, 2}, {3, 7}, {5, 6}, {1, 4}], [{8, 2}, {4, 7}, {1, 6}, {3, 5}], [{8, 2}, {4, 7}, {3, 6}, {1, 5}], [{8, 2}, {4, 7}, {5, 6}, {1, 3}], [{8, 2}, {5, 7}, {1, 6}, {3, 4}], [{8, 2}, {5, 7}, {3, 6}, {1, 4}], [{8, 2}, {5, 7}, {4, 6}, {1, 3}], [{8, 2}, {6, 7}, {1, 5}, {3, 4}], [{8, 2}, {6, 7}, {3, 5}, {1, 4}], [{8, 2}, {6, 7}, {4, 5}, {1, 3}], [{8, 2}, {7}, {1, 6}, {3, 5}, {4}], [{8, 2}, {7}, {5, 6}, {4}, {1, 3}], [{8, 3}, {1, 7}, {2, 6}, {4, 5}], [{8, 3}, {1, 7}, {4, 6}, {2, 5}], [{8, 3}, {1, 7}, {5, 6}, {2, 4}], [{8, 3}, {1, 7}, {6}, {4, 5}, {2}], [{8, 3}, {2, 7}, {1, 6}, {4, 5}], [{8, 3}, {2, 7}, {4, 6}, {1, 5}], [{8, 3}, {2, 7}, {5, 6}, {1, 4}], [{8, 3}, {2, 7}, {6}, {4, 5}, {1}], [{8, 3}, {4, 7}, {1, 6}, {2, 5}], [{8, 3}, {4, 7}, {2, 6}, {1, 5}], [{8, 3}, {4, 7}, {5, 6}, {1, 2}], [{8, 3}, {4, 7}, {5, 6}, {2}, {1}], [{8, 3}, {5, 7}, {1, 6}, {2, 4}], [{8, 3}, {5, 7}, {2, 6}, {1, 4}], [{8, 3}, {5, 7}, {4, 6}, {1, 2}], [{8, 3}, {6, 7}, {1, 5}, {2, 4}], [{8, 3}, {6, 7}, {2, 5}, {1, 4}], [{8, 3}, {6, 7}, {4, 5}, {1, 2}], [{8, 3}, {6, 7}, {5}, {1, 4}, {2}], [{8, 3}, {6, 7}, {5}, {2, 4}, {1}], [{8, 3}, {6, 7}, {5}, {4}, {1, 2}], [{8, 3}, {7}, {6}, {4, 5}, {1, 2}], [{8, 4}, {1, 7}, {2, 6}, {3, 5}], [{8, 4}, {1, 7}, {2, 6}, {5}, {3}], [{8, 4}, {1, 7}, {3, 6}, {2, 5}], [{8, 4}, {1, 7}, {5, 6}, {2, 3}], [{8, 4}, {1, 7}, {5, 6}, {3}, {2}], [{8, 4}, {1, 7}, {6}, {2, 5}, {3}], [{8, 4}, {2, 7}, {1, 6}, {3, 5}], [{8, 4}, {2, 7}, {3, 6}, {1, 5}], [{8, 4}, {2, 7}, {5, 6}, {1, 3}], [{8, 4}, {2, 7}, {5, 6}, {3}, {1}], [{8, 4}, {3, 7}, {1, 6}, {2, 5}], [{8, 4}, {3, 7}, {2, 6}, {1, 5}], [{8, 4}, {3, 7}, {5, 6}, {1, 2}], [{8, 4}, {3, 7}, {6}, {5}, {1, 2}], [{8, 4}, {5, 7}, {1, 6}, {2, 3}], [{8, 4}, {5, 7}, {2, 6}, {1, 3}], [{8, 4}, {5, 7}, {2, 6}, {3}, {1}], [{8, 4}, {5, 7}, {3, 6}, {1, 2}], [{8, 4}, {5, 7}, {3, 6}, {2}, {1}], [{8, 4}, {5, 7}, {6}, {2, 3}, {1}], [{8, 4}, {6, 7}, {1, 5}, {2, 3}], [{8, 4}, {6, 7}, {2, 5}, {1, 3}], [{8, 4}, {6, 7}, {2, 5}, {3}, {1}], [{8, 4}, {6, 7}, {3, 5}, {1, 2}], [{8, 4}, {6, 7}, {5}, {1, 3}, {2}], [{8, 4}, {7}, {1, 6}, {2, 5}, {3}], [{8, 4}, {7}, {2, 6}, {1, 5}, {3}], [{8, 4}, {7}, {5, 6}, {3}, {1, 2}], [{8, 5}, {1, 7}, {2, 6}, {3, 4}], [{8, 5}, {1, 7}, {3, 6}, {2, 4}], [{8, 5}, {1, 7}, {4, 6}, {2, 3}], [{8, 5}, {1, 7}, {6}, {2, 4}, {3}], [{8, 5}, {2, 7}, {1, 6}, {3, 4}], [{8, 5}, {2, 7}, {3, 6}, {1, 4}], [{8, 5}, {2, 7}, {4, 6}, {1, 3}], [{8, 5}, {3, 7}, {1, 6}, {2, 4}], [{8, 5}, {3, 7}, {2, 6}, {1, 4}], [{8, 5}, {3, 7}, {4, 6}, {1, 2}], [{8, 5}, {3, 7}, {6}, {2, 4}, {1}], [{8, 5}, {4, 7}, {1, 6}, {2, 3}], [{8, 5}, {4, 7}, {2, 6}, {1, 3}], [{8, 5}, {4, 7}, {3, 6}, {1, 2}], [{8, 5}, {6, 7}, {1, 4}, {2, 3}], [{8, 5}, {6, 7}, {2, 4}, {1, 3}], [{8, 5}, {6, 7}, {2, 4}, {3}, {1}], [{8, 5}, {6, 7}, {3, 4}, {1, 2}], [{8, 5}, {7}, {1, 6}, {2, 4}, {3}], [{8, 5}, {7}, {3, 6}, {2, 4}, {1}], [{8, 5}, {7}, {6}, {2, 4}, {1, 3}], [{8, 5}, {7}, {6}, {2, 4}, {3}, {1}], [{8, 6}, {1, 7}, {2, 5}, {3, 4}], [{8, 6}, {1, 7}, {3, 5}, {2, 4}], [{8, 6}, {1, 7}, {4, 5}, {2, 3}], [{8, 6}, {1, 7}, {4, 5}, {3}, {2}], [{8, 6}, {2, 7}, {1, 5}, {3, 4}], [{8, 6}, {2, 7}, {3, 5}, {1, 4}], [{8, 6}, {2, 7}, {4, 5}, {1, 3}], [{8, 6}, {2, 7}, {4, 5}, {3}, {1}], [{8, 6}, {3, 7}, {1, 5}, {2, 4}], [{8, 6}, {3, 7}, {2, 5}, {1, 4}], [{8, 6}, {3, 7}, {4, 5}, {1, 2}], [{8, 6}, {3, 7}, {5}, {2, 4}, {1}], [{8, 6}, {4, 7}, {1, 5}, {2, 3}], [{8, 6}, {4, 7}, {2, 5}, {1, 3}], [{8, 6}, {4, 7}, {3, 5}, {1, 2}], [{8, 6}, {5, 7}, {1, 4}, {2, 3}], [{8, 6}, {5, 7}, {2, 4}, {1, 3}], [{8, 6}, {5, 7}, {3, 4}, {1, 2}], [{8, 6}, {7}, {2, 5}, {4}, {1, 3}], [{8, 6}, {7}, {4, 5}, {3}, {1, 2}], [{8, 7}, {1, 6}, {2, 5}, {3, 4}], [{8, 7}, {1, 6}, {3, 5}, {2, 4}], [{8, 7}, {1, 6}, {4, 5}, {2, 3}], [{8, 7}, {2, 6}, {1, 5}, {3, 4}], [{8, 7}, {2, 6}, {3, 5}, {1, 4}], [{8, 7}, {2, 6}, {4, 5}, {1, 3}], [{8, 7}, {2, 6}, {5}, {1, 4}, {3}], [{8, 7}, {3, 6}, {1, 5}, {2, 4}], [{8, 7}, {3, 6}, {2, 5}, {1, 4}], [{8, 7}, {3, 6}, {4, 5}, {1, 2}], [{8, 7}, {4, 6}, {1, 5}, {2, 3}], [{8, 7}, {4, 6}, {2, 5}, {1, 3}], [{8, 7}, {4, 6}, {3, 5}, {1, 2}], [{8, 7}, {5, 6}, {1, 4}, {2, 3}], [{8, 7}, {5, 6}, {1, 4}, {3}, {2}], [{8, 7}, {5, 6}, {2, 4}, {1, 3}], [{8, 7}, {5, 6}, {3, 4}, {1, 2}], [{8, 7}, {6}, {2, 5}, {1, 4}, {3}], [{8, 7}, {6}, {5}, {2, 4}, {1, 3}], [{8}, {1, 7}, {3, 6}, {4, 5}, {2}], [{8}, {1, 7}, {5, 6}, {4}, {2, 3}], [{8}, {2, 7}, {3, 6}, {4, 5}, {1}], [{8}, {3, 7}, {1, 6}, {4, 5}, {2}], [{8}, {3, 7}, {5, 6}, {2, 4}, {1}], [{8}, {4, 7}, {5, 6}, {1, 3}, {2}], [{8}, {4, 7}, {6}, {3, 5}, {1, 2}], [{8}, {5, 7}, {6}, {1, 4}, {2, 3}], [{8}, {5, 7}, {6}, {2, 4}, {1, 3}], [{8}, {5, 7}, {6}, {3, 4}, {1, 2}], [{8}, {6, 7}, {3, 5}, {2, 4}, {1}], [{8}, {7}, {2, 6}, {4, 5}, {1, 3}], [{8}, {7}, {3, 6}, {1, 5}, {2, 4}], [{8}, {7}, {3, 6}, {4, 5}, {1, 2}]]",2,4 K_1^3 + 4 K_1^2 K_2 - 14 K_1^2 - 8 K_1 K_2 - 4 K_1 K_3 + K_1 - 4 K_2^2 + 7 K_2 + 3 K_3 + 3 K_4 + 9,O1O2O3O4U3U5U4O6U7O8O5U8U1O7U2U6,O1O2O3U1U3U4U5O6O4U7O5O8U2U8O7U6,O1O2O3U4O5U6U2O6O7U5O8O4U7U8U1U3,c,{'O1O2O3O4U5U3O6U4U7O8O7U6O5U1U8U2'},1,"<a href=""/flatknot/8.850650"">8.850650</a>",t^9-32t^7-28t^6+144t^5+94t^4-198t^3-40t^2+53t+12,t^2-2t,,
8.850651,O1O2O3O4U5U3O6U4U7O8O7U6O5U2U1U8,4,12z^3+58z^2+103z+71,-4w^5z^3+16w^4z^3-4w^4z^2+62w^3z^2+103w^2z+71w,False,False,"[[ 0 -1 -1  0  1 -1  0  1  1],[ 1  0  0  0  1 -1  1  1  1],[ 1  0  0  0  1 -1  1  1  0],[ 0  0  0  0  1 -1  1  0 -1],[-1 -1 -1 -1  0 -2  1 -1  0],[ 1  1  1  1  2  0  0  2  1],[ 0 -1 -1 -1 -1  0  0  0  0],[-1 -1 -1  0  1 -2  0  0  1],[-1 -1  0  1  0 -1  0 -1  0]]","[[ 0  1  1  1  0  0 -1 -1 -1],[-1  0  1  1  0  0 -1 -1 -2],[-1 -1  0  0  1  0  0 -1 -1],[-1 -1  0  0 -1  1 -1 -1 -2],[ 0  0 -1  1  0  1  0  0 -1],[ 0  0  0 -1 -1  0 -1 -1  0],[ 1  1  0  1  0  1  0  0 -1],[ 1  1  1  1  0  1  0  0 -1],[ 1  2  1  2  1  0  1  1  0]]",True,"[-1,-1,-1,0,0,1,1,1,-1,-1,0,0,1,1,2,0,-1,0,0,1,1,1,-1,1,1,2,-1,0,0,1,1,1,0,0,1,1]","[-1,-1,-1,0,0,1,1,1,-1,-1,0,0,1,1,2,0,-1,0,0,1,1,1,-1,1,1,2,-1,0,0,1,1,1,0,0,1,1]",t^8+25t^6+98t^4+54t^2+1,"[-1,-1,-1,0,0,1,1,1,-1,-1,0,1,0,0,1,0,1,0,1,1,1,1,0,1,1,2,-1,0,1,2,2,1,1,1,0,-1]","[-1,-1,-1,0,0,1,1,1,-1,0,0,2,0,1,1,1,1,1,0,1,1,2,1,1,1,2,1,0,1,1,1,0,0,1,1,0]","[-1,-1,-1,0,0,1,1,1,-1,0,0,1,0,1,1,1,1,0,1,2,2,0,1,1,1,1,1,-1,0,1,0,0,-1,-1,0,1]",c,"[[{8, 5}, {1, 7}, {3, 6}, {2, 4}]]",1,- 4 K_1^2 + 2 K_2 + 3,O1O2O3O4U5U4U3O6U7O8O5U8U1O7U2U6,O1O2O3U2U1U4U5O6O4U7O5O8U3U8O7U6,O1O2O3U4O5U6U1O6O7U5O8O4U7U8U3U2,c,{'O1O2O3O4U5U3O6U4U7O8O7U6O5U2U1U8'},1,"<a href=""/flatknot/8.850651"">8.850651</a>",t^9-25t^7-48t^6+36t^5+90t^4-37t^3-46t^2+5t+4,0,,
8.850652,O1O2O3O4U5U3O6U4U7O8O7U6O5U8U1U2,4,4z^3+37z^2+110z+105,4w^4z^3+37w^3z^2+110w^2z+105w,False,False,"[[ 0 -1  1  0  1 -1  0  1 -1],[ 1  0  1  0  1  0  0  2 -1],[-1 -1  0  0  1 -2  0  0 -1],[ 0  0  0  0  1 -1  1  0 -1],[-1 -1 -1 -1  0 -2  1 -1  0],[ 1  0  2  1  2  0  0  2 -1],[ 0  0  0 -1 -1  0  0  0  0],[-1 -2  0  0  1 -2  0  0 -1],[ 1  1  1  1  0  1  0  1  0]]","[[ 0  1  1  1  0  0 -1 -1 -1],[-1  0  1  0  0  0 -1 -1 -2],[-1 -1  0 -1  1 -1  0 -1 -2],[-1  0  1  0  0  0 -1 -2 -2],[ 0  0 -1  0  0 -1  0  0  0],[ 0  0  1  0  1  0 -1  0 -1],[ 1  1  0  1  0  1  0  1  1],[ 1  1  1  2  0  0 -1  0  0],[ 1  2  2  2  0  1 -1  0  0]]",True,"[-1,-1,-1,0,0,1,1,1,-1,0,0,0,1,1,2,1,-1,1,0,1,2,0,0,1,2,2,1,0,0,0,1,0,1,-1,-1,0]","[-1,-1,-1,0,0,1,1,1,-1,-1,0,1,1,1,2,0,0,1,0,0,0,1,1,0,1,1,-1,1,1,0,1,1,2,0,-1,-1]",t^8+29t^6+75t^4+35t^2+4,"[-1,-1,-1,0,0,1,1,1,-1,-1,0,1,1,1,2,0,0,1,0,0,0,1,1,0,1,1,-1,1,1,0,1,1,2,0,-1,-1]","[-1,-1,-1,0,0,1,1,1,-1,-1,0,2,0,1,2,0,1,1,0,0,1,1,1,0,1,1,1,0,1,0,1,1,1,0,-1,-1]","[-1,-1,-1,0,0,1,1,1,-1,0,0,0,1,1,2,1,0,1,0,1,1,0,1,2,2,2,-1,-1,0,0,1,0,0,-1,-1,0]",c,"[[{8, 2}, {5, 7}, {3, 6}, {1, 4}], [{8, 2}, {5, 7}, {6}, {1, 4}, {3}], [{8, 4}, {3, 7}, {5, 6}, {1, 2}], [{8, 4}, {5, 7}, {3, 6}, {1, 2}], [{8, 4}, {5, 7}, {6}, {3}, {1, 2}], [{8, 4}, {6, 7}, {3, 5}, {1, 2}], [{8, 4}, {6, 7}, {5}, {3}, {1, 2}], [{8, 4}, {7}, {5, 6}, {3}, {1, 2}], [{8, 7}, {3, 6}, {4, 5}, {1, 2}]]",1,8 K_1^3 - 12 K_1^2 - 8 K_1 K_2 - 2 K_1 + 6 K_2 + 2 K_3 + 7,O1O2O3O4U3U4U5O6U7O8O5U8U1O7U2U6,O1O2O3U2U3U4U5O6O4U7O5O8U1U8O7U6,O1O2O3U4O5U6U3O6O7U5O8O4U7U8U1U2,c,{'O1O2O3O4U5U3O6U4U7O8O7U6O5U8U1U2'},1,"<a href=""/flatknot/8.850652"">8.850652</a>",t^9-29t^7-44t^6+79t^5+118t^4-22t^3-20t^2+t,0,,
8.850653,O1O2O3O4U5U3O6U7U1O7O8U2O5U6U4U8,4,3z^3+31z^2+107z+115,3w^4z^3+31w^3z^2+107w^2z+115w,False,False,"[[ 0 -1 -1  0  2 -1  0 -1  2],[ 1  0  0  0  2  0  0  1  2],[ 1  0  0  0  2  0  0  1  2],[ 0  0  0  0  0  0 -1  0  0],[-2 -2 -2  0  0 -1 -1 -2  1],[ 1  0  0  0  1  0  0  0  1],[ 0  0  0  1  1  0  0  0  1],[ 1 -1 -1  0  2  0  0  0  2],[-2 -2 -2  0 -1 -1 -1 -2  0]]","[[ 0  2  2  0  0 -1 -1 -1 -1],[-2  0  1  0 -1 -1 -2 -2 -2],[-2 -1  0  0 -1 -1 -2 -2 -2],[ 0  0  0  0 -1  0  0  0  0],[ 0  1  1  1  0  0  0  0  0],[ 1  1  1  0  0  0  0  0  0],[ 1  2  2  0  0  0  0  1  0],[ 1  2  2  0  0  0 -1  0 -1],[ 1  2  2  0  0  0  0  1  0]]",True,"[-2,-2,0,0,1,1,1,1,-1,0,1,1,2,2,2,0,1,1,2,2,2,1,0,0,0,0,0,0,0,0,0,0,0,-1,0,1]","[-2,-2,0,0,1,1,1,1,-1,0,1,1,2,2,2,0,1,1,2,2,2,1,0,0,0,0,0,0,0,0,0,0,0,-1,0,1]",t^8+32t^6+39t^4+6t^2,"[-1,-1,-1,-1,0,0,2,2,-1,0,0,1,1,1,1,0,1,1,1,1,1,0,1,1,2,2,1,1,1,1,-1,1,1,2,2,-1]","[-2,-2,0,0,1,1,1,1,-1,1,2,1,1,1,2,1,2,1,1,1,2,1,1,1,1,1,1,1,1,1,-1,-1,0,0,0,0]","[-1,-1,-1,-1,0,0,2,2,-1,-1,0,0,0,2,2,0,0,0,0,2,2,0,0,0,2,2,0,0,1,1,-1,0,0,1,1,-1]",c,"[[{8, 3}, {6, 7}, {4, 5}, {1, 2}], [{8, 3}, {6, 7}, {4, 5}, {2}, {1}]]",1,- 16 K_1^4 + 24 K_1^3 + 24 K_1^2 K_2 - 24 K_1^2 - 28 K_1 K_2 - 12 K_1 K_3 - 4 K_1 + 14 K_2 + 8 K_3 + 2 K_4 + 13,O1O2O3O4U5U1U6O7U3O5O8U4U8O6U2U7,O1O2O3U4U5U6U2O7O6U1O8O4U8U3O5U7,O1O2O3U4O5U1U6O7O6U3O8O4U2U8U5U7,c,{'O1O2O3O4U5U3O6U7U1O7O8U2O5U6U4U8'},1,"<a href=""/flatknot/8.850653"">8.850653</a>",t^9-28t^7-56t^6+7t^5+80t^4+40t^3-10t^2-6t,-2t^2+4t,,
8.850654,O1O2O3O4U5U3O6U7U1O7O8U2O5U6U8U4,4,21z^2+102z+121,21w^3z^2-4w^3z+106w^2z+121w,False,False,"[[ 0 -1 -1  0  3 -1  0 -1  1],[ 1  0  0  0  2  0  0  1  1],[ 1  0  0  0  3  0  0  1  1],[ 0  0  0  0  0  0 -1  0 -1],[-3 -2 -3  0  0 -1 -2 -3  0],[ 1  0  0  0  1  0  0  0  0],[ 0  0  0  1  2  0  0  0  1],[ 1 -1 -1  0  3  0  0  0  1],[-1 -1 -1  1  0  0 -1 -1  0]]","[[ 0  3  1  0  0 -1 -1 -1 -1],[-3  0  0  0 -2 -1 -2 -3 -3],[-1  0  0  1 -1  0 -1 -1 -1],[ 0  0 -1  0 -1  0  0  0  0],[ 0  2  1  1  0  0  0  0  0],[ 1  1  0  0  0  0  0  0  0],[ 1  2  1  0  0  0  0  1  0],[ 1  3  1  0  0  0 -1  0 -1],[ 1  3  1  0  0  0  0  1  0]]",True,"[-3,-1,0,0,1,1,1,1,0,0,2,1,2,3,3,-1,1,0,1,1,1,1,0,0,0,0,0,0,0,0,0,0,0,-1,0,1]","[-3,-1,0,0,1,1,1,1,0,0,2,1,2,3,3,-1,1,0,1,1,1,1,0,0,0,0,0,0,0,0,0,0,0,-1,0,1]",t^8+35t^6+78t^4+26t^2,"[-1,-1,-1,-1,0,0,1,3,-1,0,0,1,1,1,1,0,1,1,1,1,1,0,1,1,2,3,1,1,1,2,-1,0,1,2,3,2]","[-3,-1,0,0,1,1,1,1,2,1,3,1,1,2,3,0,2,1,1,1,2,1,1,1,1,1,1,1,1,1,-1,-1,0,0,0,0]","[-1,-1,-1,-1,0,0,1,3,-1,-1,0,0,0,1,3,0,0,0,0,1,2,0,0,0,1,3,0,0,0,1,-1,-1,0,1,2,0]",c,"[[{8, 1}, {2, 7}, {3, 6}, {4, 5}], [{8, 1}, {2, 7}, {4, 6}, {3, 5}], [{8, 1}, {2, 7}, {5, 6}, {3, 4}], [{8, 1}, {3, 7}, {2, 6}, {4, 5}], [{8, 1}, {3, 7}, {4, 6}, {2, 5}], [{8, 1}, {3, 7}, {5, 6}, {2, 4}], [{8, 1}, {3, 7}, {5, 6}, {4}, {2}], [{8, 1}, {4, 7}, {2, 6}, {3, 5}], [{8, 1}, {4, 7}, {3, 6}, {2, 5}], [{8, 1}, {4, 7}, {5, 6}, {2, 3}], [{8, 1}, {5, 7}, {2, 6}, {3, 4}], [{8, 1}, {5, 7}, {3, 6}, {2, 4}], [{8, 1}, {5, 7}, {4, 6}, {2, 3}], [{8, 1}, {6, 7}, {2, 5}, {3, 4}], [{8, 1}, {6, 7}, {3, 5}, {2, 4}], [{8, 1}, {6, 7}, {3, 5}, {4}, {2}], [{8, 1}, {6, 7}, {4, 5}, {2, 3}], [{8, 1}, {6, 7}, {4, 5}, {3}, {2}], [{8, 1}, {6, 7}, {5}, {3, 4}, {2}], [{8, 1}, {7}, {3, 6}, {5}, {2, 4}], [{8, 1}, {7}, {4, 6}, {2, 5}, {3}], [{8, 1}, {7}, {5, 6}, {2, 4}, {3}], [{8, 1}, {7}, {6}, {3, 5}, {2, 4}], [{8, 1}, {7}, {6}, {4, 5}, {2, 3}], [{8, 2}, {1, 7}, {3, 6}, {4, 5}], [{8, 2}, {1, 7}, {4, 6}, {3, 5}], [{8, 2}, {1, 7}, {5, 6}, {3, 4}], [{8, 2}, {1, 7}, {6}, {3, 5}, {4}], [{8, 2}, {1, 7}, {6}, {4, 5}, {3}], [{8, 2}, {1, 7}, {6}, {5}, {3, 4}], [{8, 2}, {3, 7}, {1, 6}, {4, 5}], [{8, 2}, {3, 7}, {4, 6}, {1, 5}], [{8, 2}, {3, 7}, {4, 6}, {5}, {1}], [{8, 2}, {3, 7}, {5, 6}, {1, 4}], [{8, 2}, {4, 7}, {1, 6}, {3, 5}], [{8, 2}, {4, 7}, {3, 6}, {1, 5}], [{8, 2}, {4, 7}, {5, 6}, {1, 3}], [{8, 2}, {4, 7}, {6}, {1, 5}, {3}], [{8, 2}, {5, 7}, {1, 6}, {3, 4}], [{8, 2}, {5, 7}, {3, 6}, {1, 4}], [{8, 2}, {5, 7}, {4, 6}, {1, 3}], [{8, 2}, {5, 7}, {6}, {1, 4}, {3}], [{8, 2}, {6, 7}, {1, 5}, {3, 4}], [{8, 2}, {6, 7}, {3, 5}, {1, 4}], [{8, 2}, {6, 7}, {3, 5}, {4}, {1}], [{8, 2}, {6, 7}, {4, 5}, {1, 3}], [{8, 2}, {6, 7}, {4, 5}, {3}, {1}], [{8, 2}, {6, 7}, {5}, {3, 4}, {1}], [{8, 2}, {7}, {1, 6}, {3, 5}, {4}], [{8, 2}, {7}, {1, 6}, {4, 5}, {3}], [{8, 2}, {7}, {1, 6}, {5}, {3, 4}], [{8, 2}, {7}, {3, 6}, {5}, {1, 4}], [{8, 3}, {1, 7}, {2, 6}, {4, 5}], [{8, 3}, {1, 7}, {2, 6}, {5}, {4}], [{8, 3}, {1, 7}, {4, 6}, {2, 5}], [{8, 3}, {1, 7}, {4, 6}, {5}, {2}], [{8, 3}, {1, 7}, {5, 6}, {2, 4}], [{8, 3}, {1, 7}, {6}, {5}, {2, 4}], [{8, 3}, {2, 7}, {1, 6}, {4, 5}], [{8, 3}, {2, 7}, {4, 6}, {1, 5}], [{8, 3}, {2, 7}, {5, 6}, {1, 4}], [{8, 3}, {4, 7}, {1, 6}, {2, 5}], [{8, 3}, {4, 7}, {2, 6}, {1, 5}], [{8, 3}, {4, 7}, {5, 6}, {1, 2}], [{8, 3}, {4, 7}, {6}, {2, 5}, {1}], [{8, 3}, {5, 7}, {1, 6}, {2, 4}], [{8, 3}, {5, 7}, {2, 6}, {1, 4}], [{8, 3}, {5, 7}, {2, 6}, {4}, {1}], [{8, 3}, {5, 7}, {4, 6}, {1, 2}], [{8, 3}, {6, 7}, {1, 5}, {2, 4}], [{8, 3}, {6, 7}, {2, 5}, {1, 4}], [{8, 3}, {6, 7}, {4, 5}, {1, 2}], [{8, 3}, {6, 7}, {5}, {2, 4}, {1}], [{8, 3}, {7}, {1, 6}, {5}, {2, 4}], [{8, 3}, {7}, {2, 6}, {1, 5}, {4}], [{8, 4}, {1, 7}, {2, 6}, {3, 5}], [{8, 4}, {1, 7}, {3, 6}, {2, 5}], [{8, 4}, {1, 7}, {5, 6}, {2, 3}], [{8, 4}, {1, 7}, {6}, {2, 5}, {3}], [{8, 4}, {2, 7}, {1, 6}, {3, 5}], [{8, 4}, {2, 7}, {3, 6}, {1, 5}], [{8, 4}, {2, 7}, {5, 6}, {1, 3}], [{8, 4}, {3, 7}, {1, 6}, {2, 5}], [{8, 4}, {3, 7}, {2, 6}, {1, 5}], [{8, 4}, {3, 7}, {5, 6}, {1, 2}], [{8, 4}, {3, 7}, {5, 6}, {2}, {1}], [{8, 4}, {5, 7}, {1, 6}, {2, 3}], [{8, 4}, {5, 7}, {2, 6}, {1, 3}], [{8, 4}, {5, 7}, {3, 6}, {1, 2}], [{8, 4}, {5, 7}, {3, 6}, {2}, {1}], [{8, 4}, {6, 7}, {1, 5}, {2, 3}], [{8, 4}, {6, 7}, {2, 5}, {1, 3}], [{8, 4}, {6, 7}, {2, 5}, {3}, {1}], [{8, 4}, {6, 7}, {3, 5}, {1, 2}], [{8, 4}, {7}, {1, 6}, {2, 5}, {3}], [{8, 5}, {1, 7}, {2, 6}, {3, 4}], [{8, 5}, {1, 7}, {3, 6}, {2, 4}], [{8, 5}, {1, 7}, {3, 6}, {4}, {2}], [{8, 5}, {1, 7}, {4, 6}, {2, 3}], [{8, 5}, {2, 7}, {1, 6}, {3, 4}], [{8, 5}, {2, 7}, {3, 6}, {1, 4}], [{8, 5}, {2, 7}, {3, 6}, {4}, {1}], [{8, 5}, {2, 7}, {4, 6}, {1, 3}], [{8, 5}, {3, 7}, {1, 6}, {2, 4}], [{8, 5}, {3, 7}, {1, 6}, {4}, {2}], [{8, 5}, {3, 7}, {2, 6}, {1, 4}], [{8, 5}, {3, 7}, {4, 6}, {1, 2}], [{8, 5}, {4, 7}, {1, 6}, {2, 3}], [{8, 5}, {4, 7}, {2, 6}, {1, 3}], [{8, 5}, {4, 7}, {3, 6}, {1, 2}], [{8, 5}, {4, 7}, {3, 6}, {2}, {1}], [{8, 5}, {6, 7}, {1, 4}, {2, 3}], [{8, 5}, {6, 7}, {2, 4}, {1, 3}], [{8, 5}, {6, 7}, {3, 4}, {1, 2}], [{8, 5}, {6, 7}, {4}, {1, 3}, {2}], [{8, 5}, {7}, {3, 6}, {1, 4}, {2}], [{8, 5}, {7}, {3, 6}, {2, 4}, {1}], [{8, 5}, {7}, {3, 6}, {4}, {1, 2}], [{8, 5}, {7}, {3, 6}, {4}, {2}, {1}], [{8, 6}, {1, 7}, {2, 5}, {3, 4}], [{8, 6}, {1, 7}, {3, 5}, {2, 4}], [{8, 6}, {1, 7}, {4, 5}, {2, 3}], [{8, 6}, {2, 7}, {1, 5}, {3, 4}], [{8, 6}, {2, 7}, {3, 5}, {1, 4}], [{8, 6}, {2, 7}, {4, 5}, {1, 3}], [{8, 6}, {2, 7}, {4, 5}, {3}, {1}], [{8, 6}, {3, 7}, {1, 5}, {2, 4}], [{8, 6}, {3, 7}, {2, 5}, {1, 4}], [{8, 6}, {3, 7}, {4, 5}, {1, 2}], [{8, 6}, {3, 7}, {5}, {2, 4}, {1}], [{8, 6}, {4, 7}, {1, 5}, {2, 3}], [{8, 6}, {4, 7}, {2, 5}, {1, 3}], [{8, 6}, {4, 7}, {3, 5}, {1, 2}], [{8, 6}, {5, 7}, {1, 4}, {2, 3}], [{8, 6}, {5, 7}, {2, 4}, {1, 3}], [{8, 6}, {5, 7}, {3, 4}, {1, 2}], [{8, 7}, {1, 6}, {2, 5}, {3, 4}], [{8, 7}, {1, 6}, {3, 5}, {2, 4}], [{8, 7}, {1, 6}, {4, 5}, {2, 3}], [{8, 7}, {1, 6}, {5}, {4}, {2, 3}], [{8, 7}, {2, 6}, {1, 5}, {3, 4}], [{8, 7}, {2, 6}, {3, 5}, {1, 4}], [{8, 7}, {2, 6}, {4, 5}, {1, 3}], [{8, 7}, {3, 6}, {1, 5}, {2, 4}], [{8, 7}, {3, 6}, {2, 5}, {1, 4}], [{8, 7}, {3, 6}, {4, 5}, {1, 2}], [{8, 7}, {3, 6}, {4, 5}, {2}, {1}], [{8, 7}, {4, 6}, {1, 5}, {2, 3}], [{8, 7}, {4, 6}, {2, 5}, {1, 3}], [{8, 7}, {4, 6}, {3, 5}, {1, 2}], [{8, 7}, {5, 6}, {1, 4}, {2, 3}], [{8, 7}, {5, 6}, {2, 4}, {1, 3}], [{8, 7}, {5, 6}, {3, 4}, {1, 2}], [{8, 7}, {6}, {2, 5}, {4}, {1, 3}], [{8}, {2, 7}, {4, 6}, {5}, {1, 3}], [{8}, {2, 7}, {5, 6}, {4}, {1, 3}], [{8}, {2, 7}, {6}, {1, 5}, {3, 4}], [{8}, {2, 7}, {6}, {4, 5}, {1, 3}], [{8}, {3, 7}, {5, 6}, {1, 4}, {2}], [{8}, {4, 7}, {5, 6}, {2, 3}, {1}], [{8}, {6, 7}, {3, 5}, {4}, {1, 2}], [{8}, {6, 7}, {4, 5}, {3}, {1, 2}], [{8}, {6, 7}, {5}, {3, 4}, {1, 2}], [{8}, {7}, {3, 6}, {1, 5}, {2, 4}], [{8}, {7}, {3, 6}, {2, 5}, {1, 4}]]",2,20 K_1^3 + 4 K_1^2 K_2 - 28 K_1^2 - 30 K_1 K_2 - 4 K_1 K_3 - 4 K_2^2 + 14 K_2 + 10 K_3 + 3 K_4 + 16,O1O2O3O4U1U5U6O7U3O5O8U4U8O6U2U7,O1O2O3U4U5U6U3O7O6U1O8O4U8U2O5U7,O1O2O3U4O5U2U6O7O6U3O8O4U1U8U5U7,c,{'O1O2O3O4U5U3O6U7U1O7O8U2O5U6U8U4'},1,"<a href=""/flatknot/8.850654"">8.850654</a>",t^9-29t^7-40t^6+80t^5+138t^4-14t^3-58t^2+10t+4,-t^3+3t,,
8.850655,O1O2O3O4U5U3O6U7U1O7O8U2O5U8U6U4,4,5z^3+43z^2+109z+87,5w^4z^3+43w^3z^2-4w^3z+113w^2z+87w,False,False,"[[ 0 -1 -1  0  3 -1  1 -1  0],[ 1  0  0  0  2  0  0  1  0],[ 1  0  0  0  3  0  1  1  0],[ 0  0  0  0  0  0 -1  0 -1],[-3 -2 -3  0  0 -1 -1 -3 -1],[ 1  0  0  0  1  0  0  0  0],[-1  0 -1  1  1  0  0 -1  0],[ 1 -1 -1  0  3  0  1  0  0],[ 0  0  0  1  1  0  0  0  0]]","[[ 0  3  1  0  0 -1 -1 -1 -1],[-3  0 -1  0 -1 -1 -2 -3 -3],[-1  1  0  1  0  0  0 -1 -1],[ 0  0 -1  0 -1  0  0  0  0],[ 0  1  0  1  0  0  0  0  0],[ 1  1  0  0  0  0  0  0  0],[ 1  2  0  0  0  0  0  1  0],[ 1  3  1  0  0  0 -1  0 -1],[ 1  3  1  0  0  0  0  1  0]]",True,"[-3,-1,0,0,1,1,1,1,1,0,1,1,2,3,3,-1,0,0,0,1,1,1,0,0,0,0,0,0,0,0,0,0,0,-1,0,1]","[-3,-1,0,0,1,1,1,1,1,0,1,1,2,3,3,-1,0,0,0,1,1,1,0,0,0,0,0,0,0,0,0,0,0,-1,0,1]",t^8+31t^6+76t^4+19t^2+1,"[-1,-1,-1,-1,0,0,1,3,-1,0,0,1,1,1,1,0,1,1,1,1,1,0,1,1,2,3,1,1,2,2,-1,1,2,2,3,1]","[-3,-1,0,0,1,1,1,1,1,2,3,1,1,2,3,1,2,1,1,2,2,1,1,1,1,1,1,1,1,1,-1,-1,0,0,0,0]","[-1,-1,-1,-1,0,0,1,3,-1,-1,0,0,0,1,3,0,0,0,0,0,2,0,0,0,1,3,0,0,0,1,-1,-1,0,0,1,1]",c,"[[{8, 1}, {2, 7}, {3, 6}, {4, 5}], [{8, 1}, {2, 7}, {4, 6}, {3, 5}], [{8, 1}, {2, 7}, {5, 6}, {3, 4}], [{8, 1}, {3, 7}, {2, 6}, {4, 5}], [{8, 1}, {3, 7}, {4, 6}, {2, 5}], [{8, 1}, {3, 7}, {5, 6}, {2, 4}], [{8, 1}, {3, 7}, {6}, {4, 5}, {2}], [{8, 1}, {4, 7}, {2, 6}, {3, 5}], [{8, 1}, {4, 7}, {3, 6}, {2, 5}], [{8, 1}, {4, 7}, {3, 6}, {5}, {2}], [{8, 1}, {4, 7}, {5, 6}, {2, 3}], [{8, 1}, {4, 7}, {6}, {2, 5}, {3}], [{8, 1}, {5, 7}, {2, 6}, {3, 4}], [{8, 1}, {5, 7}, {3, 6}, {2, 4}], [{8, 1}, {5, 7}, {3, 6}, {4}, {2}], [{8, 1}, {5, 7}, {4, 6}, {2, 3}], [{8, 1}, {6, 7}, {2, 5}, {3, 4}], [{8, 1}, {6, 7}, {2, 5}, {4}, {3}], [{8, 1}, {6, 7}, {3, 5}, {2, 4}], [{8, 1}, {6, 7}, {4, 5}, {2, 3}], [{8, 1}, {6, 7}, {4, 5}, {3}, {2}], [{8, 1}, {6, 7}, {5}, {2, 4}, {3}], [{8, 1}, {7}, {3, 6}, {4, 5}, {2}], [{8, 1}, {7}, {4, 6}, {2, 5}, {3}], [{8, 2}, {1, 7}, {3, 6}, {4, 5}], [{8, 2}, {1, 7}, {4, 6}, {3, 5}], [{8, 2}, {1, 7}, {5, 6}, {3, 4}], [{8, 2}, {1, 7}, {6}, {4, 5}, {3}], [{8, 2}, {3, 7}, {1, 6}, {4, 5}], [{8, 2}, {3, 7}, {4, 6}, {1, 5}], [{8, 2}, {3, 7}, {5, 6}, {1, 4}], [{8, 2}, {4, 7}, {1, 6}, {3, 5}], [{8, 2}, {4, 7}, {3, 6}, {1, 5}], [{8, 2}, {4, 7}, {5, 6}, {1, 3}], [{8, 2}, {5, 7}, {1, 6}, {3, 4}], [{8, 2}, {5, 7}, {3, 6}, {1, 4}], [{8, 2}, {5, 7}, {4, 6}, {1, 3}], [{8, 2}, {6, 7}, {1, 5}, {3, 4}], [{8, 2}, {6, 7}, {1, 5}, {4}, {3}], [{8, 2}, {6, 7}, {3, 5}, {1, 4}], [{8, 2}, {6, 7}, {4, 5}, {1, 3}], [{8, 2}, {6, 7}, {4, 5}, {3}, {1}], [{8, 2}, {6, 7}, {5}, {1, 4}, {3}], [{8, 2}, {7}, {1, 6}, {4, 5}, {3}], [{8, 3}, {1, 7}, {2, 6}, {4, 5}], [{8, 3}, {1, 7}, {4, 6}, {2, 5}], [{8, 3}, {1, 7}, {4, 6}, {5}, {2}], [{8, 3}, {1, 7}, {5, 6}, {2, 4}], [{8, 3}, {2, 7}, {1, 6}, {4, 5}], [{8, 3}, {2, 7}, {4, 6}, {1, 5}], [{8, 3}, {2, 7}, {4, 6}, {5}, {1}], [{8, 3}, {2, 7}, {5, 6}, {1, 4}], [{8, 3}, {4, 7}, {1, 6}, {2, 5}], [{8, 3}, {4, 7}, {2, 6}, {1, 5}], [{8, 3}, {4, 7}, {5, 6}, {1, 2}], [{8, 3}, {4, 7}, {6}, {2, 5}, {1}], [{8, 3}, {5, 7}, {1, 6}, {2, 4}], [{8, 3}, {5, 7}, {2, 6}, {1, 4}], [{8, 3}, {5, 7}, {4, 6}, {1, 2}], [{8, 3}, {5, 7}, {4, 6}, {2}, {1}], [{8, 3}, {6, 7}, {1, 5}, {2, 4}], [{8, 3}, {6, 7}, {2, 5}, {1, 4}], [{8, 3}, {6, 7}, {2, 5}, {4}, {1}], [{8, 3}, {6, 7}, {4, 5}, {1, 2}], [{8, 3}, {7}, {2, 6}, {1, 5}, {4}], [{8, 3}, {7}, {4, 6}, {1, 5}, {2}], [{8, 3}, {7}, {4, 6}, {2, 5}, {1}], [{8, 3}, {7}, {4, 6}, {5}, {1, 2}], [{8, 3}, {7}, {6}, {1, 5}, {2, 4}], [{8, 4}, {1, 7}, {2, 6}, {3, 5}], [{8, 4}, {1, 7}, {3, 6}, {2, 5}], [{8, 4}, {1, 7}, {3, 6}, {5}, {2}], [{8, 4}, {1, 7}, {5, 6}, {2, 3}], [{8, 4}, {1, 7}, {6}, {2, 5}, {3}], [{8, 4}, {2, 7}, {1, 6}, {3, 5}], [{8, 4}, {2, 7}, {3, 6}, {1, 5}], [{8, 4}, {2, 7}, {5, 6}, {1, 3}], [{8, 4}, {2, 7}, {6}, {1, 5}, {3}], [{8, 4}, {3, 7}, {1, 6}, {2, 5}], [{8, 4}, {3, 7}, {1, 6}, {5}, {2}], [{8, 4}, {3, 7}, {2, 6}, {1, 5}], [{8, 4}, {3, 7}, {5, 6}, {1, 2}], [{8, 4}, {3, 7}, {6}, {2, 5}, {1}], [{8, 4}, {5, 7}, {1, 6}, {2, 3}], [{8, 4}, {5, 7}, {2, 6}, {1, 3}], [{8, 4}, {5, 7}, {3, 6}, {1, 2}], [{8, 4}, {5, 7}, {6}, {2, 3}, {1}], [{8, 4}, {6, 7}, {1, 5}, {2, 3}], [{8, 4}, {6, 7}, {1, 5}, {3}, {2}], [{8, 4}, {6, 7}, {2, 5}, {1, 3}], [{8, 4}, {6, 7}, {2, 5}, {3}, {1}], [{8, 4}, {6, 7}, {3, 5}, {1, 2}], [{8, 4}, {6, 7}, {3, 5}, {2}, {1}], [{8, 4}, {6, 7}, {5}, {1, 3}, {2}], [{8, 4}, {6, 7}, {5}, {2, 3}, {1}], [{8, 4}, {6, 7}, {5}, {3}, {1, 2}], [{8, 4}, {6, 7}, {5}, {3}, {2}, {1}], [{8, 4}, {7}, {1, 6}, {2, 5}, {3}], [{8, 4}, {7}, {2, 6}, {1, 5}, {3}], [{8, 4}, {7}, {3, 6}, {2, 5}, {1}], [{8, 4}, {7}, {5, 6}, {2, 3}, {1}], [{8, 4}, {7}, {6}, {2, 5}, {1, 3}], [{8, 5}, {1, 7}, {2, 6}, {3, 4}], [{8, 5}, {1, 7}, {3, 6}, {2, 4}], [{8, 5}, {1, 7}, {4, 6}, {2, 3}], [{8, 5}, {2, 7}, {1, 6}, {3, 4}], [{8, 5}, {2, 7}, {3, 6}, {1, 4}], [{8, 5}, {2, 7}, {4, 6}, {1, 3}], [{8, 5}, {3, 7}, {1, 6}, {2, 4}], [{8, 5}, {3, 7}, {2, 6}, {1, 4}], [{8, 5}, {3, 7}, {2, 6}, {4}, {1}], [{8, 5}, {3, 7}, {4, 6}, {1, 2}], [{8, 5}, {3, 7}, {4, 6}, {2}, {1}], [{8, 5}, {3, 7}, {6}, {2, 4}, {1}], [{8, 5}, {4, 7}, {1, 6}, {2, 3}], [{8, 5}, {4, 7}, {2, 6}, {1, 3}], [{8, 5}, {4, 7}, {3, 6}, {1, 2}], [{8, 5}, {6, 7}, {1, 4}, {2, 3}], [{8, 5}, {6, 7}, {1, 4}, {3}, {2}], [{8, 5}, {6, 7}, {2, 4}, {1, 3}], [{8, 5}, {6, 7}, {2, 4}, {3}, {1}], [{8, 5}, {6, 7}, {3, 4}, {1, 2}], [{8, 5}, {6, 7}, {4}, {3}, {1, 2}], [{8, 5}, {7}, {3, 6}, {2, 4}, {1}], [{8, 6}, {1, 7}, {2, 5}, {3, 4}], [{8, 6}, {1, 7}, {3, 5}, {2, 4}], [{8, 6}, {1, 7}, {4, 5}, {2, 3}], [{8, 6}, {2, 7}, {1, 5}, {3, 4}], [{8, 6}, {2, 7}, {3, 5}, {1, 4}], [{8, 6}, {2, 7}, {4, 5}, {1, 3}], [{8, 6}, {2, 7}, {4, 5}, {3}, {1}], [{8, 6}, {3, 7}, {1, 5}, {2, 4}], [{8, 6}, {3, 7}, {2, 5}, {1, 4}], [{8, 6}, {3, 7}, {4, 5}, {1, 2}], [{8, 6}, {3, 7}, {5}, {1, 4}, {2}], [{8, 6}, {4, 7}, {1, 5}, {2, 3}], [{8, 6}, {4, 7}, {2, 5}, {1, 3}], [{8, 6}, {4, 7}, {3, 5}, {1, 2}], [{8, 6}, {4, 7}, {3, 5}, {2}, {1}], [{8, 6}, {5, 7}, {1, 4}, {2, 3}], [{8, 6}, {5, 7}, {2, 4}, {1, 3}], [{8, 6}, {5, 7}, {3, 4}, {1, 2}], [{8, 6}, {7}, {2, 5}, {4}, {1, 3}], [{8, 7}, {1, 6}, {2, 5}, {3, 4}], [{8, 7}, {1, 6}, {3, 5}, {2, 4}], [{8, 7}, {1, 6}, {4, 5}, {2, 3}], [{8, 7}, {1, 6}, {5}, {2, 4}, {3}], [{8, 7}, {1, 6}, {5}, {3, 4}, {2}], [{8, 7}, {1, 6}, {5}, {4}, {2, 3}], [{8, 7}, {2, 6}, {1, 5}, {3, 4}], [{8, 7}, {2, 6}, {3, 5}, {1, 4}], [{8, 7}, {2, 6}, {4, 5}, {1, 3}], [{8, 7}, {3, 6}, {1, 5}, {2, 4}], [{8, 7}, {3, 6}, {2, 5}, {1, 4}], [{8, 7}, {3, 6}, {4, 5}, {1, 2}], [{8, 7}, {4, 6}, {1, 5}, {2, 3}], [{8, 7}, {4, 6}, {2, 5}, {1, 3}], [{8, 7}, {4, 6}, {3, 5}, {1, 2}], [{8, 7}, {4, 6}, {5}, {1, 3}, {2}], [{8, 7}, {5, 6}, {1, 4}, {2, 3}], [{8, 7}, {5, 6}, {2, 4}, {1, 3}], [{8, 7}, {5, 6}, {3, 4}, {1, 2}], [{8, 7}, {6}, {2, 5}, {4}, {1, 3}], [{8}, {1, 7}, {2, 6}, {5}, {3, 4}], [{8}, {1, 7}, {3, 6}, {2, 5}, {4}], [{8}, {1, 7}, {5, 6}, {4}, {2, 3}], [{8}, {2, 7}, {1, 6}, {3, 5}, {4}], [{8}, {2, 7}, {3, 6}, {1, 5}, {4}], [{8}, {3, 7}, {1, 6}, {2, 5}, {4}], [{8}, {3, 7}, {5, 6}, {4}, {1, 2}], [{8}, {4, 7}, {6}, {2, 5}, {1, 3}], [{8}, {5, 7}, {2, 6}, {3, 4}, {1}], [{8}, {6, 7}, {1, 5}, {2, 4}, {3}], [{8}, {6, 7}, {2, 5}, {1, 4}, {3}], [{8}, {6, 7}, {2, 5}, {3, 4}, {1}], [{8}, {6, 7}, {2, 5}, {4}, {1, 3}], [{8}, {6, 7}, {2, 5}, {4}, {3}, {1}], [{8}, {6, 7}, {4, 5}, {3}, {1, 2}], [{8}, {7}, {2, 6}, {1, 5}, {3, 4}], [{8}, {7}, {4, 6}, {2, 5}, {1, 3}], [{8}, {7}, {6}, {2, 5}, {4}, {1, 3}]]",2,40 K_1^3 - 12 K_1^2 - 22 K_1 K_2 - 19 K_1 + 6 K_2 + K_3 + 7,O1O2O3O4U1U5U6O7U3O6O8U4U8O5U2U7,O1O2O3U4U5U6U3O7O6U2O8O4U8U1O5U7,O1O2O3U4O5U3U6O7O6U2O8O4U1U8U5U7,c,{'O1O2O3O4U5U3O6U7U1O7O8U2O5U8U6U4'},1,"<a href=""/flatknot/8.850655"">8.850655</a>",t^9-25t^7-42t^6+44t^5+110t^4+4t^3-50t^2+t+2,-t^3+3t,,
8.850656,O1O2O3O4U5U3O6U7U1O7O8U6O5U2U4U8,4,z^3+22z^2+104z+129,w^4z^3+22w^3z^2+104w^2z+129w,False,False,"[[ 0 -1 -1  0  2 -1  0 -1  2],[ 1  0  0  0  2  0  0  1  2],[ 1  0  0  1  2  0  0  1  2],[ 0  0 -1  0  0  0  0  0  0],[-2 -2 -2  0  0 -2  0 -2  1],[ 1  0  0  0  2  0  0  0  1],[ 0  0  0  0  0  0  0  0  1],[ 1 -1 -1  0  2  0  0  0  2],[-2 -2 -2  0 -1 -1 -1 -2  0]]","[[ 0  2  2  0  0 -1 -1 -1 -1],[-2  0  1  0  0 -2 -2 -2 -2],[-2 -1  0  0 -1 -1 -2 -2 -2],[ 0  0  0  0  0  0  0  0 -1],[ 0  0  1  0  0  0  0  0  0],[ 1  2  1  0  0  0  0  0  0],[ 1  2  2  0  0  0  0  1  0],[ 1  2  2  0  0  0 -1  0 -1],[ 1  2  2  1  0  0  0  1  0]]",True,"[-2,-2,0,0,1,1,1,1,-1,0,0,2,2,2,2,0,1,1,2,2,2,0,0,0,0,1,0,0,0,0,0,0,0,-1,0,1]","[-2,-2,0,0,1,1,1,1,-1,0,0,2,2,2,2,0,1,1,2,2,2,0,0,0,0,1,0,0,0,0,0,0,0,-1,0,1]",t^8+34t^6+66t^4+35t^2+4,"[-1,-1,-1,-1,0,0,2,2,-1,0,0,0,1,1,1,0,1,1,1,1,1,0,1,1,1,2,1,1,1,1,0,2,2,2,1,-1]","[-2,-2,0,0,1,1,1,1,-1,1,2,1,1,1,2,2,2,1,1,1,1,0,1,1,1,1,0,1,1,1,0,1,0,1,0,0]","[-1,-1,-1,-1,0,0,2,2,-1,-1,0,0,0,2,2,0,0,0,0,2,2,0,0,1,2,2,0,0,1,2,0,1,0,0,0,-1]",c,"[[{8, 4}, {2, 7}, {5, 6}, {1, 3}], [{8, 6}, {2, 7}, {1, 5}, {3, 4}], [{8, 6}, {2, 7}, {4, 5}, {1, 3}]]",1,8 K_1^3 - 36 K_1^2 - 24 K_1 K_2 + 6 K_1 + 18 K_2 + 10 K_3 + 19,O1O2O3O4U5U1U3O6U7O5O8U4U8O7U2U6,O1O2O3U4U1U5U2O6O5U7O8O4U8U3O7U6,O1O2O3U4O5U1U6O7O6U5O8O4U2U8U3U7,c,{'O1O2O3O4U5U3O6U7U1O7O8U6O5U2U4U8'},1,"<a href=""/flatknot/8.850656"">8.850656</a>",t^9-30t^7-56t^6+18t^5+66t^4-18t^2-2t,-2t^2+4t,,
8.850657,O1O2O3O4U5U3O6U7U1O7O8U6O5U2U8U4,4,z^3+22z^2+102z+125,w^4z^3+22w^3z^2+102w^2z+125w,False,False,"[[ 0 -1 -1  0  3 -1  0 -1  1],[ 1  0  0  0  2  0  0  1  1],[ 1  0  0  1  3  0  0  1  1],[ 0  0 -1  0  0  0  0  0 -1],[-3 -2 -3  0  0 -2 -1 -3  0],[ 1  0  0  0  2  0  0  0  0],[ 0  0  0  0  1  0  0  0  1],[ 1 -1 -1  0  3  0  0  0  1],[-1 -1 -1  1  0  0 -1 -1  0]]","[[ 0  3  1  0  0 -1 -1 -1 -1],[-3  0  0  0 -1 -2 -2 -3 -3],[-1  0  0  1 -1  0 -1 -1 -1],[ 0  0 -1  0  0  0  0  0 -1],[ 0  1  1  0  0  0  0  0  0],[ 1  2  0  0  0  0  0  0  0],[ 1  2  1  0  0  0  0  1  0],[ 1  3  1  0  0  0 -1  0 -1],[ 1  3  1  1  0  0  0  1  0]]",True,"[-3,-1,0,0,1,1,1,1,0,0,1,2,2,3,3,-1,1,0,1,1,1,0,0,0,0,1,0,0,0,0,0,0,0,-1,0,1]","[-3,-1,0,0,1,1,1,1,0,0,1,2,2,3,3,-1,1,0,1,1,1,0,0,0,0,1,0,0,0,0,0,0,0,-1,0,1]",t^8+35t^6+93t^4+50t^2+4,"[-1,-1,-1,-1,0,0,1,3,-1,0,0,0,1,1,1,0,1,1,1,1,1,0,1,1,2,2,1,1,1,2,0,2,3,0,2,2]","[-3,-1,0,0,1,1,1,1,2,2,3,1,1,2,2,0,2,1,1,1,2,0,1,1,1,1,0,1,1,1,1,0,0,-1,0,0]","[-1,-1,-1,-1,0,0,1,3,-1,-1,0,0,0,1,3,0,0,0,0,1,2,0,0,1,1,3,0,0,0,2,0,1,1,-1,0,0]",c,"[[{8, 1}, {2, 7}, {3, 6}, {4, 5}], [{8, 1}, {2, 7}, {4, 6}, {3, 5}], [{8, 1}, {2, 7}, {5, 6}, {3, 4}], [{8, 1}, {2, 7}, {6}, {4, 5}, {3}], [{8, 1}, {3, 7}, {2, 6}, {4, 5}], [{8, 1}, {3, 7}, {2, 6}, {5}, {4}], [{8, 1}, {3, 7}, {4, 6}, {2, 5}], [{8, 1}, {3, 7}, {4, 6}, {5}, {2}], [{8, 1}, {3, 7}, {5, 6}, {2, 4}], [{8, 1}, {3, 7}, {6}, {5}, {2, 4}], [{8, 1}, {4, 7}, {2, 6}, {3, 5}], [{8, 1}, {4, 7}, {3, 6}, {2, 5}], [{8, 1}, {4, 7}, {5, 6}, {2, 3}], [{8, 1}, {4, 7}, {6}, {2, 5}, {3}], [{8, 1}, {5, 7}, {2, 6}, {3, 4}], [{8, 1}, {5, 7}, {3, 6}, {2, 4}], [{8, 1}, {5, 7}, {4, 6}, {2, 3}], [{8, 1}, {5, 7}, {6}, {2, 4}, {3}], [{8, 1}, {6, 7}, {2, 5}, {3, 4}], [{8, 1}, {6, 7}, {3, 5}, {2, 4}], [{8, 1}, {6, 7}, {4, 5}, {2, 3}], [{8, 1}, {6, 7}, {5}, {2, 4}, {3}], [{8, 1}, {7}, {3, 6}, {5}, {2, 4}], [{8, 1}, {7}, {5, 6}, {2, 4}, {3}], [{8, 1}, {7}, {6}, {3, 5}, {2, 4}], [{8, 1}, {7}, {6}, {5}, {2, 4}, {3}], [{8, 2}, {1, 7}, {3, 6}, {4, 5}], [{8, 2}, {1, 7}, {4, 6}, {3, 5}], [{8, 2}, {1, 7}, {5, 6}, {3, 4}], [{8, 2}, {1, 7}, {6}, {5}, {3, 4}], [{8, 2}, {3, 7}, {1, 6}, {4, 5}], [{8, 2}, {3, 7}, {4, 6}, {1, 5}], [{8, 2}, {3, 7}, {5, 6}, {1, 4}], [{8, 2}, {4, 7}, {1, 6}, {3, 5}], [{8, 2}, {4, 7}, {3, 6}, {1, 5}], [{8, 2}, {4, 7}, {5, 6}, {1, 3}], [{8, 2}, {4, 7}, {5, 6}, {3}, {1}], [{8, 2}, {5, 7}, {1, 6}, {3, 4}], [{8, 2}, {5, 7}, {3, 6}, {1, 4}], [{8, 2}, {5, 7}, {4, 6}, {1, 3}], [{8, 2}, {5, 7}, {6}, {3, 4}, {1}], [{8, 2}, {6, 7}, {1, 5}, {3, 4}], [{8, 2}, {6, 7}, {3, 5}, {1, 4}], [{8, 2}, {6, 7}, {4, 5}, {1, 3}], [{8, 2}, {6, 7}, {4, 5}, {3}, {1}], [{8, 2}, {7}, {3, 6}, {5}, {1, 4}], [{8, 2}, {7}, {6}, {1, 5}, {3, 4}], [{8, 3}, {1, 7}, {2, 6}, {4, 5}], [{8, 3}, {1, 7}, {4, 6}, {2, 5}], [{8, 3}, {1, 7}, {5, 6}, {2, 4}], [{8, 3}, {1, 7}, {6}, {4, 5}, {2}], [{8, 3}, {2, 7}, {1, 6}, {4, 5}], [{8, 3}, {2, 7}, {4, 6}, {1, 5}], [{8, 3}, {2, 7}, {5, 6}, {1, 4}], [{8, 3}, {2, 7}, {6}, {4, 5}, {1}], [{8, 3}, {4, 7}, {1, 6}, {2, 5}], [{8, 3}, {4, 7}, {1, 6}, {5}, {2}], [{8, 3}, {4, 7}, {2, 6}, {1, 5}], [{8, 3}, {4, 7}, {2, 6}, {5}, {1}], [{8, 3}, {4, 7}, {5, 6}, {1, 2}], [{8, 3}, {4, 7}, {5, 6}, {2}, {1}], [{8, 3}, {4, 7}, {6}, {1, 5}, {2}], [{8, 3}, {4, 7}, {6}, {2, 5}, {1}], [{8, 3}, {4, 7}, {6}, {5}, {1, 2}], [{8, 3}, {4, 7}, {6}, {5}, {2}, {1}], [{8, 3}, {5, 7}, {1, 6}, {2, 4}], [{8, 3}, {5, 7}, {1, 6}, {4}, {2}], [{8, 3}, {5, 7}, {2, 6}, {1, 4}], [{8, 3}, {5, 7}, {2, 6}, {4}, {1}], [{8, 3}, {5, 7}, {4, 6}, {1, 2}], [{8, 3}, {5, 7}, {4, 6}, {2}, {1}], [{8, 3}, {5, 7}, {6}, {1, 4}, {2}], [{8, 3}, {5, 7}, {6}, {2, 4}, {1}], [{8, 3}, {5, 7}, {6}, {4}, {1, 2}], [{8, 3}, {5, 7}, {6}, {4}, {2}, {1}], [{8, 3}, {6, 7}, {1, 5}, {2, 4}], [{8, 3}, {6, 7}, {2, 5}, {1, 4}], [{8, 3}, {6, 7}, {4, 5}, {1, 2}], [{8, 3}, {6, 7}, {4, 5}, {2}, {1}], [{8, 3}, {6, 7}, {5}, {4}, {1, 2}], [{8, 3}, {7}, {1, 6}, {4, 5}, {2}], [{8, 3}, {7}, {2, 6}, {4, 5}, {1}], [{8, 3}, {7}, {4, 6}, {5}, {1, 2}], [{8, 3}, {7}, {5, 6}, {4}, {1, 2}], [{8, 3}, {7}, {6}, {4, 5}, {1, 2}], [{8, 3}, {7}, {6}, {4, 5}, {2}, {1}], [{8, 4}, {1, 7}, {2, 6}, {3, 5}], [{8, 4}, {1, 7}, {3, 6}, {2, 5}], [{8, 4}, {1, 7}, {5, 6}, {2, 3}], [{8, 4}, {1, 7}, {5, 6}, {3}, {2}], [{8, 4}, {2, 7}, {1, 6}, {3, 5}], [{8, 4}, {2, 7}, {3, 6}, {1, 5}], [{8, 4}, {2, 7}, {5, 6}, {1, 3}], [{8, 4}, {2, 7}, {6}, {5}, {1, 3}], [{8, 4}, {3, 7}, {1, 6}, {2, 5}], [{8, 4}, {3, 7}, {2, 6}, {1, 5}], [{8, 4}, {3, 7}, {5, 6}, {1, 2}], [{8, 4}, {3, 7}, {6}, {2, 5}, {1}], [{8, 4}, {5, 7}, {1, 6}, {2, 3}], [{8, 4}, {5, 7}, {2, 6}, {1, 3}], [{8, 4}, {5, 7}, {3, 6}, {1, 2}], [{8, 4}, {5, 7}, {6}, {2, 3}, {1}], [{8, 4}, {6, 7}, {1, 5}, {2, 3}], [{8, 4}, {6, 7}, {2, 5}, {1, 3}], [{8, 4}, {6, 7}, {3, 5}, {1, 2}], [{8, 4}, {6, 7}, {5}, {2, 3}, {1}], [{8, 4}, {7}, {2, 6}, {1, 5}, {3}], [{8, 4}, {7}, {3, 6}, {5}, {1, 2}], [{8, 4}, {7}, {5, 6}, {2, 3}, {1}], [{8, 5}, {1, 7}, {2, 6}, {3, 4}], [{8, 5}, {1, 7}, {3, 6}, {2, 4}], [{8, 5}, {1, 7}, {4, 6}, {2, 3}], [{8, 5}, {1, 7}, {6}, {2, 4}, {3}], [{8, 5}, {2, 7}, {1, 6}, {3, 4}], [{8, 5}, {2, 7}, {3, 6}, {1, 4}], [{8, 5}, {2, 7}, {4, 6}, {1, 3}], [{8, 5}, {2, 7}, {6}, {1, 4}, {3}], [{8, 5}, {2, 7}, {6}, {3, 4}, {1}], [{8, 5}, {2, 7}, {6}, {4}, {1, 3}], [{8, 5}, {3, 7}, {1, 6}, {2, 4}], [{8, 5}, {3, 7}, {2, 6}, {1, 4}], [{8, 5}, {3, 7}, {4, 6}, {1, 2}], [{8, 5}, {4, 7}, {1, 6}, {2, 3}], [{8, 5}, {4, 7}, {2, 6}, {1, 3}], [{8, 5}, {4, 7}, {3, 6}, {1, 2}], [{8, 5}, {4, 7}, {6}, {3}, {1, 2}], [{8, 5}, {6, 7}, {1, 4}, {2, 3}], [{8, 5}, {6, 7}, {2, 4}, {1, 3}], [{8, 5}, {6, 7}, {3, 4}, {1, 2}], [{8, 5}, {6, 7}, {4}, {2, 3}, {1}], [{8, 5}, {7}, {3, 6}, {2, 4}, {1}], [{8, 6}, {1, 7}, {2, 5}, {3, 4}], [{8, 6}, {1, 7}, {3, 5}, {2, 4}], [{8, 6}, {1, 7}, {4, 5}, {2, 3}], [{8, 6}, {1, 7}, {4, 5}, {3}, {2}], [{8, 6}, {2, 7}, {1, 5}, {3, 4}], [{8, 6}, {2, 7}, {3, 5}, {1, 4}], [{8, 6}, {2, 7}, {4, 5}, {1, 3}], [{8, 6}, {2, 7}, {5}, {4}, {1, 3}], [{8, 6}, {3, 7}, {1, 5}, {2, 4}], [{8, 6}, {3, 7}, {2, 5}, {1, 4}], [{8, 6}, {3, 7}, {4, 5}, {1, 2}], [{8, 6}, {4, 7}, {1, 5}, {2, 3}], [{8, 6}, {4, 7}, {1, 5}, {3}, {2}], [{8, 6}, {4, 7}, {2, 5}, {1, 3}], [{8, 6}, {4, 7}, {3, 5}, {1, 2}], [{8, 6}, {5, 7}, {1, 4}, {2, 3}], [{8, 6}, {5, 7}, {2, 4}, {1, 3}], [{8, 6}, {5, 7}, {2, 4}, {3}, {1}], [{8, 6}, {5, 7}, {3, 4}, {1, 2}], [{8, 7}, {1, 6}, {2, 5}, {3, 4}], [{8, 7}, {1, 6}, {3, 5}, {2, 4}], [{8, 7}, {1, 6}, {4, 5}, {2, 3}], [{8, 7}, {2, 6}, {1, 5}, {3, 4}], [{8, 7}, {2, 6}, {3, 5}, {1, 4}], [{8, 7}, {2, 6}, {4, 5}, {1, 3}], [{8, 7}, {3, 6}, {1, 5}, {2, 4}], [{8, 7}, {3, 6}, {2, 5}, {1, 4}], [{8, 7}, {3, 6}, {4, 5}, {1, 2}], [{8, 7}, {3, 6}, {5}, {2, 4}, {1}], [{8, 7}, {4, 6}, {1, 5}, {2, 3}], [{8, 7}, {4, 6}, {2, 5}, {1, 3}], [{8, 7}, {4, 6}, {3, 5}, {1, 2}], [{8, 7}, {5, 6}, {1, 4}, {2, 3}], [{8, 7}, {5, 6}, {2, 4}, {1, 3}], [{8, 7}, {5, 6}, {3, 4}, {1, 2}], [{8, 7}, {5, 6}, {4}, {2, 3}, {1}], [{8, 7}, {6}, {1, 5}, {2, 4}, {3}], [{8, 7}, {6}, {2, 5}, {1, 4}, {3}], [{8, 7}, {6}, {3, 5}, {1, 4}, {2}], [{8, 7}, {6}, {4, 5}, {3}, {1, 2}], [{8, 7}, {6}, {5}, {1, 4}, {2, 3}], [{8}, {1, 7}, {3, 6}, {2, 5}, {4}], [{8}, {1, 7}, {3, 6}, {4, 5}, {2}], [{8}, {1, 7}, {3, 6}, {5}, {2, 4}], [{8}, {2, 7}, {1, 6}, {3, 5}, {4}], [{8}, {2, 7}, {3, 6}, {1, 5}, {4}], [{8}, {2, 7}, {4, 6}, {5}, {1, 3}], [{8}, {2, 7}, {5, 6}, {4}, {1, 3}], [{8}, {2, 7}, {6}, {4, 5}, {1, 3}], [{8}, {2, 7}, {6}, {5}, {4}, {1, 3}], [{8}, {3, 7}, {5, 6}, {1, 4}, {2}], [{8}, {3, 7}, {6}, {4, 5}, {1, 2}], [{8}, {4, 7}, {3, 6}, {1, 5}, {2}], [{8}, {4, 7}, {5, 6}, {2, 3}, {1}], [{8}, {4, 7}, {6}, {2, 5}, {1, 3}], [{8}, {4, 7}, {6}, {3, 5}, {1, 2}], [{8}, {5, 7}, {1, 6}, {2, 4}, {3}], [{8}, {5, 7}, {3, 6}, {2, 4}, {1}], [{8}, {5, 7}, {6}, {2, 4}, {1, 3}], [{8}, {5, 7}, {6}, {2, 4}, {3}, {1}], [{8}, {6, 7}, {4, 5}, {2, 3}, {1}], [{8}, {7}, {3, 6}, {1, 5}, {2, 4}]]",2,12 K_1^3 + 4 K_1^2 K_2 - 26 K_1^2 - 22 K_1 K_2 - 6 K_1 K_3 + 2 K_1 - 2 K_2^2 + 14 K_2 + 8 K_3 + 3 K_4 + 14,O1O2O3O4U1U5U3O6U7O5O8U4U8O7U2U6,O1O2O3U4U1U5U3O6O5U7O8O4U8U2O7U6,O1O2O3U4O5U2U6O7O6U5O8O4U1U8U3U7,c,{'O1O2O3O4U5U3O6U7U1O7O8U6O5U2U8U4'},1,"<a href=""/flatknot/8.850657"">8.850657</a>",t^9-29t^7-40t^6+65t^5+98t^4-25t^3-32t^2+11t-2,-t^3+3t,,
8.850658,O1O2O3O4U5U3O6U7U1O7O8U6O5U8U2U4,4,7z^2+76z+125,7w^3z^2+76w^2z+125w,False,False,"[[ 0 -1  0  0  3 -1  0 -1  0],[ 1  0  0  0  2  0  0  1  0],[ 0  0  0  1  2  0 -1  0  0],[ 0  0 -1  0  0  0  0  0 -1],[-3 -2 -2  0  0 -2 -1 -3  0],[ 1  0  0  0  2  0  0  0 -1],[ 0  0  1  0  1  0  0  0  1],[ 1 -1  0  0  3  0  0  0  0],[ 0  0  0  1  0  1 -1  0  0]]","[[ 0  3  0  0  0  0 -1 -1 -1],[-3  0  0  0 -1 -2 -2 -2 -3],[ 0  0  0  1 -1  0  1  0  0],[ 0  0 -1  0  0 -1  0  0  0],[ 0  1  1  0  0  1  0  0  0],[ 0  2  0  1 -1  0  0  0  0],[ 1  2 -1  0  0  0  0  0  0],[ 1  2  0  0  0  0  0  0  1],[ 1  3  0  0  0  0  0 -1  0]]",True,"[-3,0,0,0,0,1,1,1,0,0,1,2,2,2,3,-1,1,0,-1,0,0,0,1,0,0,0,-1,0,0,0,0,0,0,0,0,-1]","[-3,0,0,0,0,1,1,1,0,0,1,2,2,2,3,-1,1,0,-1,0,0,0,1,0,0,0,-1,0,0,0,0,0,0,0,0,-1]",t^8+28t^6+116t^4+64t^2+1,"[-1,-1,-1,0,0,0,0,3,-1,0,1,1,1,1,2,0,1,1,1,1,1,1,1,1,2,2,-1,0,-1,2,-1,0,1,1,3,3]","[-3,0,0,0,0,1,1,1,1,2,3,3,1,2,2,-1,0,1,1,1,1,1,0,1,1,1,1,1,1,2,1,1,1,-1,0,0]","[-1,-1,-1,0,0,0,0,3,-1,0,0,0,0,0,3,0,0,0,0,0,2,-1,0,0,0,2,-1,0,1,0,1,0,1,1,2,0]",c,"[[{8, 1}, {2, 7}, {5, 6}, {3, 4}], [{8, 1}, {4, 7}, {5, 6}, {2, 3}]]",1,8 K_1^3 + 4 K_1^2 K_2 - 28 K_1^2 - 18 K_1 K_2 - 4 K_1 K_3 + 3 K_1 - 4 K_2^2 + 14 K_2 + 7 K_3 + 3 K_4 + 16,O1O2O3O4U1U3U5O6U7O5O8U4U8O7U2U6,O1O2O3U4U2U5U3O6O5U7O8O4U8U1O7U6,O1O2O3U4O5U3U6O7O6U5O8O4U1U8U2U7,c,{'O1O2O3O4U5U3O6U7U1O7O8U6O5U8U2U4'},1,"<a href=""/flatknot/8.850658"">8.850658</a>",t^9-22t^7-18t^6+86t^5+84t^4-49t^3-68t^2-19t+2,-t^3+3t,,
8.850659,O1O2O3O4U5U3O6U7U1O7O8U6O5U8U4U2,4,24z^2+109z+123,24w^3z^2+109w^2z+123w,False,False,"[[ 0 -1  1  0  2 -1  0 -1  0],[ 1  0  1  0  1  0  0  1  0],[-1 -1  0  0  1 -1 -1 -1  0],[ 0  0  0  0  0  0  0  0 -1],[-2 -1 -1  0  0 -1 -1 -2  0],[ 1  0  1  0  1  0  0  0 -1],[ 0  0  1  0  1  0  0  0  1],[ 1 -1  1  0  2  0  0  0  0],[ 0  0  0  1  0  1 -1  0  0]]","[[ 0  2  1  0  0  0 -1 -1 -1],[-2  0 -1  0  0 -1 -1 -1 -2],[-1  1  0  0  0 -1 -1 -1 -1],[ 0  0  0  0  1 -1  1  0  0],[ 0  0  0 -1  0  0  0  0  0],[ 0  1  1  1  0  0  0  0  0],[ 1  1  1 -1  0  0  0  0  0],[ 1  1  1  0  0  0  0  0  1],[ 1  2  1  0  0  0  0 -1  0]]",True,"[-2,-1,0,0,0,1,1,1,1,0,0,1,1,1,2,0,0,1,1,1,1,-1,1,-1,0,0,0,0,0,0,0,0,0,0,0,-1]","[-2,-1,0,0,0,1,1,1,0,1,2,2,1,2,2,0,1,1,1,1,1,0,1,1,1,1,-1,1,1,1,1,1,2,-1,0,0]",t^8+16t^6+45t^4+18t^2,"[-1,-1,-1,0,0,0,1,2,-1,0,1,1,1,1,2,0,1,1,1,1,1,1,1,2,1,2,0,-1,0,1,1,1,2,1,2,0]","[-2,-1,0,0,0,1,1,1,0,1,2,2,1,2,2,0,1,1,1,1,1,0,1,1,1,1,-1,1,1,1,1,1,2,-1,0,0]","[-1,-1,-1,0,0,0,1,2,-1,0,0,0,0,1,2,0,0,0,0,1,1,-1,0,0,1,1,-1,1,0,0,0,1,1,0,0,1]",c,"[[{8, 1}, {4, 7}, {5, 6}, {2, 3}], [{8, 3}, {4, 7}, {5, 6}, {1, 2}], [{8, 3}, {5, 7}, {4, 6}, {1, 2}], [{8, 3}, {6, 7}, {4, 5}, {1, 2}]]",1,8 K_1^3 - 22 K_1^2 - 8 K_1 K_2 - 2 K_1 + 11 K_2 + 2 K_3 + 12,O1O2O3O4U3U1U5O6U7O5O8U4U8O7U2U6,O1O2O3U4U3U5U2O6O5U7O8O4U8U1O7U6,O1O2O3U4O5U3U6O7O6U5O8O4U2U8U1U7,c,{'O1O2O3O4U5U3O6U7U1O7O8U6O5U8U4U2'},1,"<a href=""/flatknot/8.850659"">8.850659</a>",t^9-14t^7-14t^6+30t^5+46t^4-22t^2-5t+2,-t^2+2t,,
8.850660,O1O2O3O4U5U3O6U7U2O7O8U1O5U6U8U4,4,24z^2+109z+123,24w^3z^2+109w^2z+123w,False,False,"[[ 0 -2  0  0  3 -1  0 -1  1],[ 2  0  1  0  4  0  1  1  1],[ 0 -1  0  0  1  0 -1  0  0],[ 0  0  0  0  0  0 -1  0 -1],[-3 -4 -1  0  0 -1 -2 -3  0],[ 1  0  0  0  1  0  0  0  0],[ 0 -1  1  1  2  0  0  0  1],[ 1 -1  0  0  3  0  0  0  1],[-1 -1  0  1  0  0 -1 -1  0]]","[[ 0  3  1  0  0  0 -1 -1 -2],[-3  0  0  0 -1 -2 -1 -3 -4],[-1  0  0  1  0 -1  0 -1 -1],[ 0  0 -1  0  0 -1  0  0  0],[ 0  1  0  0  0 -1  0  0 -1],[ 0  2  1  1  1  0  0  0 -1],[ 1  1  0  0  0  0  0  0  0],[ 1  3  1  0  0  0  0  0 -1],[ 2  4  1  0  1  1  0  1  0]]",True,"[-3,-1,0,0,0,1,1,2,0,0,1,2,1,3,4,-1,0,1,0,1,1,0,1,0,0,0,1,0,0,1,0,0,1,0,0,1]","[-3,-1,0,0,0,1,1,2,0,0,1,2,1,3,4,-1,0,1,0,1,1,0,1,0,0,0,1,0,0,1,0,0,1,0,0,1]",t^8+40t^6+106t^4+33t^2,"[-2,-1,-1,0,0,0,1,3,0,1,1,1,2,2,1,0,1,1,1,1,1,1,1,1,2,3,-1,-1,0,1,0,1,2,2,3,2]","[-3,-1,0,0,0,1,1,2,2,1,2,3,1,3,1,0,1,2,1,2,2,1,1,1,1,1,0,1,1,1,1,1,2,0,0,1]","[-2,-1,-1,0,0,0,1,3,0,1,0,1,1,1,4,0,0,0,0,0,1,0,0,0,1,3,-1,0,-1,0,1,1,2,0,1,0]",c,"[[{8, 1}, {2, 7}, {3, 6}, {4, 5}], [{8, 1}, {2, 7}, {4, 6}, {3, 5}], [{8, 1}, {2, 7}, {5, 6}, {3, 4}], [{8, 1}, {3, 7}, {2, 6}, {4, 5}], [{8, 1}, {3, 7}, {4, 6}, {2, 5}], [{8, 1}, {3, 7}, {5, 6}, {2, 4}], [{8, 1}, {3, 7}, {6}, {4, 5}, {2}], [{8, 1}, {4, 7}, {2, 6}, {3, 5}], [{8, 1}, {4, 7}, {2, 6}, {5}, {3}], [{8, 1}, {4, 7}, {3, 6}, {2, 5}], [{8, 1}, {4, 7}, {5, 6}, {2, 3}], [{8, 1}, {4, 7}, {5, 6}, {3}, {2}], [{8, 1}, {4, 7}, {6}, {2, 5}, {3}], [{8, 1}, {5, 7}, {2, 6}, {3, 4}], [{8, 1}, {5, 7}, {3, 6}, {2, 4}], [{8, 1}, {5, 7}, {4, 6}, {2, 3}], [{8, 1}, {5, 7}, {6}, {2, 4}, {3}], [{8, 1}, {5, 7}, {6}, {3, 4}, {2}], [{8, 1}, {5, 7}, {6}, {4}, {2, 3}], [{8, 1}, {6, 7}, {2, 5}, {3, 4}], [{8, 1}, {6, 7}, {3, 5}, {2, 4}], [{8, 1}, {6, 7}, {4, 5}, {2, 3}], [{8, 1}, {6, 7}, {4, 5}, {3}, {2}], [{8, 1}, {7}, {3, 6}, {4, 5}, {2}], [{8, 2}, {1, 7}, {3, 6}, {4, 5}], [{8, 2}, {1, 7}, {3, 6}, {5}, {4}], [{8, 2}, {1, 7}, {4, 6}, {3, 5}], [{8, 2}, {1, 7}, {5, 6}, {3, 4}], [{8, 2}, {1, 7}, {6}, {4, 5}, {3}], [{8, 2}, {3, 7}, {1, 6}, {4, 5}], [{8, 2}, {3, 7}, {4, 6}, {1, 5}], [{8, 2}, {3, 7}, {5, 6}, {1, 4}], [{8, 2}, {3, 7}, {6}, {4, 5}, {1}], [{8, 2}, {4, 7}, {1, 6}, {3, 5}], [{8, 2}, {4, 7}, {3, 6}, {1, 5}], [{8, 2}, {4, 7}, {3, 6}, {5}, {1}], [{8, 2}, {4, 7}, {5, 6}, {1, 3}], [{8, 2}, {5, 7}, {1, 6}, {3, 4}], [{8, 2}, {5, 7}, {3, 6}, {1, 4}], [{8, 2}, {5, 7}, {3, 6}, {4}, {1}], [{8, 2}, {5, 7}, {4, 6}, {1, 3}], [{8, 2}, {6, 7}, {1, 5}, {3, 4}], [{8, 2}, {6, 7}, {3, 5}, {1, 4}], [{8, 2}, {6, 7}, {4, 5}, {1, 3}], [{8, 2}, {6, 7}, {4, 5}, {3}, {1}], [{8, 2}, {7}, {1, 6}, {3, 5}, {4}], [{8, 2}, {7}, {1, 6}, {4, 5}, {3}], [{8, 2}, {7}, {1, 6}, {5}, {3, 4}], [{8, 2}, {7}, {3, 6}, {1, 5}, {4}], [{8, 2}, {7}, {3, 6}, {4, 5}, {1}], [{8, 2}, {7}, {3, 6}, {5}, {1, 4}], [{8, 2}, {7}, {3, 6}, {5}, {4}, {1}], [{8, 2}, {7}, {4, 6}, {1, 5}, {3}], [{8, 2}, {7}, {4, 6}, {3, 5}, {1}], [{8, 2}, {7}, {4, 6}, {5}, {1, 3}], [{8, 2}, {7}, {5, 6}, {1, 4}, {3}], [{8, 2}, {7}, {5, 6}, {3, 4}, {1}], [{8, 2}, {7}, {5, 6}, {4}, {1, 3}], [{8, 2}, {7}, {6}, {1, 5}, {3, 4}], [{8, 2}, {7}, {6}, {3, 5}, {1, 4}], [{8, 2}, {7}, {6}, {4, 5}, {1, 3}], [{8, 2}, {7}, {6}, {4, 5}, {3}, {1}], [{8, 3}, {1, 7}, {2, 6}, {4, 5}], [{8, 3}, {1, 7}, {4, 6}, {2, 5}], [{8, 3}, {1, 7}, {5, 6}, {2, 4}], [{8, 3}, {1, 7}, {6}, {4, 5}, {2}], [{8, 3}, {2, 7}, {1, 6}, {4, 5}], [{8, 3}, {2, 7}, {4, 6}, {1, 5}], [{8, 3}, {2, 7}, {5, 6}, {1, 4}], [{8, 3}, {4, 7}, {1, 6}, {2, 5}], [{8, 3}, {4, 7}, {2, 6}, {1, 5}], [{8, 3}, {4, 7}, {5, 6}, {1, 2}], [{8, 3}, {5, 7}, {1, 6}, {2, 4}], [{8, 3}, {5, 7}, {2, 6}, {1, 4}], [{8, 3}, {5, 7}, {4, 6}, {1, 2}], [{8, 3}, {5, 7}, {6}, {1, 4}, {2}], [{8, 3}, {6, 7}, {1, 5}, {2, 4}], [{8, 3}, {6, 7}, {1, 5}, {4}, {2}], [{8, 3}, {6, 7}, {2, 5}, {1, 4}], [{8, 3}, {6, 7}, {4, 5}, {1, 2}], [{8, 3}, {6, 7}, {4, 5}, {2}, {1}], [{8, 3}, {6, 7}, {5}, {1, 4}, {2}], [{8, 3}, {7}, {1, 6}, {4, 5}, {2}], [{8, 3}, {7}, {4, 6}, {5}, {1, 2}], [{8, 3}, {7}, {5, 6}, {1, 4}, {2}], [{8, 4}, {1, 7}, {2, 6}, {3, 5}], [{8, 4}, {1, 7}, {3, 6}, {2, 5}], [{8, 4}, {1, 7}, {5, 6}, {2, 3}], [{8, 4}, {2, 7}, {1, 6}, {3, 5}], [{8, 4}, {2, 7}, {3, 6}, {1, 5}], [{8, 4}, {2, 7}, {5, 6}, {1, 3}], [{8, 4}, {3, 7}, {1, 6}, {2, 5}], [{8, 4}, {3, 7}, {2, 6}, {1, 5}], [{8, 4}, {3, 7}, {5, 6}, {1, 2}], [{8, 4}, {3, 7}, {5, 6}, {2}, {1}], [{8, 4}, {5, 7}, {1, 6}, {2, 3}], [{8, 4}, {5, 7}, {2, 6}, {1, 3}], [{8, 4}, {5, 7}, {2, 6}, {3}, {1}], [{8, 4}, {5, 7}, {3, 6}, {1, 2}], [{8, 4}, {6, 7}, {1, 5}, {2, 3}], [{8, 4}, {6, 7}, {2, 5}, {1, 3}], [{8, 4}, {6, 7}, {3, 5}, {1, 2}], [{8, 4}, {6, 7}, {5}, {2, 3}, {1}], [{8, 4}, {7}, {6}, {2, 5}, {1, 3}], [{8, 5}, {1, 7}, {2, 6}, {3, 4}], [{8, 5}, {1, 7}, {3, 6}, {2, 4}], [{8, 5}, {1, 7}, {4, 6}, {2, 3}], [{8, 5}, {1, 7}, {6}, {3, 4}, {2}], [{8, 5}, {2, 7}, {1, 6}, {3, 4}], [{8, 5}, {2, 7}, {3, 6}, {1, 4}], [{8, 5}, {2, 7}, {4, 6}, {1, 3}], [{8, 5}, {3, 7}, {1, 6}, {2, 4}], [{8, 5}, {3, 7}, {1, 6}, {4}, {2}], [{8, 5}, {3, 7}, {2, 6}, {1, 4}], [{8, 5}, {3, 7}, {4, 6}, {1, 2}], [{8, 5}, {3, 7}, {4, 6}, {2}, {1}], [{8, 5}, {3, 7}, {6}, {1, 4}, {2}], [{8, 5}, {4, 7}, {1, 6}, {2, 3}], [{8, 5}, {4, 7}, {2, 6}, {1, 3}], [{8, 5}, {4, 7}, {3, 6}, {1, 2}], [{8, 5}, {4, 7}, {6}, {1, 3}, {2}], [{8, 5}, {6, 7}, {1, 4}, {2, 3}], [{8, 5}, {6, 7}, {2, 4}, {1, 3}], [{8, 5}, {6, 7}, {3, 4}, {1, 2}], [{8, 5}, {6, 7}, {4}, {2, 3}, {1}], [{8, 6}, {1, 7}, {2, 5}, {3, 4}], [{8, 6}, {1, 7}, {3, 5}, {2, 4}], [{8, 6}, {1, 7}, {4, 5}, {2, 3}], [{8, 6}, {2, 7}, {1, 5}, {3, 4}], [{8, 6}, {2, 7}, {3, 5}, {1, 4}], [{8, 6}, {2, 7}, {4, 5}, {1, 3}], [{8, 6}, {2, 7}, {4, 5}, {3}, {1}], [{8, 6}, {3, 7}, {1, 5}, {2, 4}], [{8, 6}, {3, 7}, {2, 5}, {1, 4}], [{8, 6}, {3, 7}, {4, 5}, {1, 2}], [{8, 6}, {4, 7}, {1, 5}, {2, 3}], [{8, 6}, {4, 7}, {2, 5}, {1, 3}], [{8, 6}, {4, 7}, {3, 5}, {1, 2}], [{8, 6}, {5, 7}, {1, 4}, {2, 3}], [{8, 6}, {5, 7}, {1, 4}, {3}, {2}], [{8, 6}, {5, 7}, {2, 4}, {1, 3}], [{8, 6}, {5, 7}, {3, 4}, {1, 2}], [{8, 6}, {7}, {1, 5}, {2, 4}, {3}], [{8, 7}, {1, 6}, {2, 5}, {3, 4}], [{8, 7}, {1, 6}, {3, 5}, {2, 4}], [{8, 7}, {1, 6}, {4, 5}, {2, 3}], [{8, 7}, {2, 6}, {1, 5}, {3, 4}], [{8, 7}, {2, 6}, {1, 5}, {4}, {3}], [{8, 7}, {2, 6}, {3, 5}, {1, 4}], [{8, 7}, {2, 6}, {4, 5}, {1, 3}], [{8, 7}, {2, 6}, {4, 5}, {3}, {1}], [{8, 7}, {2, 6}, {5}, {1, 4}, {3}], [{8, 7}, {3, 6}, {1, 5}, {2, 4}], [{8, 7}, {3, 6}, {2, 5}, {1, 4}], [{8, 7}, {3, 6}, {4, 5}, {1, 2}], [{8, 7}, {4, 6}, {1, 5}, {2, 3}], [{8, 7}, {4, 6}, {2, 5}, {1, 3}], [{8, 7}, {4, 6}, {3, 5}, {1, 2}], [{8, 7}, {5, 6}, {1, 4}, {2, 3}], [{8, 7}, {5, 6}, {2, 4}, {1, 3}], [{8, 7}, {5, 6}, {2, 4}, {3}, {1}], [{8, 7}, {5, 6}, {3, 4}, {1, 2}], [{8, 7}, {6}, {5}, {2, 4}, {1, 3}], [{8}, {1, 7}, {2, 6}, {5}, {3, 4}], [{8}, {1, 7}, {6}, {4, 5}, {2, 3}], [{8}, {3, 7}, {6}, {1, 5}, {2, 4}], [{8}, {3, 7}, {6}, {4, 5}, {1, 2}], [{8}, {4, 7}, {3, 6}, {1, 5}, {2}], [{8}, {4, 7}, {6}, {3, 5}, {1, 2}], [{8}, {5, 7}, {3, 6}, {1, 4}, {2}], [{8}, {6, 7}, {4, 5}, {1, 3}, {2}], [{8}, {6, 7}, {4, 5}, {2, 3}, {1}], [{8}, {6, 7}, {4, 5}, {3}, {1, 2}], [{8}, {6, 7}, {4, 5}, {3}, {2}, {1}], [{8}, {7}, {1, 6}, {4, 5}, {2, 3}], [{8}, {7}, {3, 6}, {4, 5}, {1, 2}], [{8}, {7}, {5, 6}, {1, 4}, {2, 3}]]",2,8 K_1^3 + 4 K_1^2 K_2 - 16 K_1^2 - 14 K_1 K_2 - 6 K_1 K_3 + K_1 - 2 K_2^2 + 9 K_2 + 5 K_3 + 3 K_4 + 9,O1O2O3O4U1U5U6O7U4O5O8U3U8O6U2U7,O1O2O3U4U5U6U3O7O6U1O8O5U8U2O4U7,O1O2O3U4O5U2U6O7O6U3O8O4U1U8U7U5,c,{'O1O2O3O4U5U3O6U7U2O7O8U1O5U6U8U4'},1,"<a href=""/flatknot/8.850660"">8.850660</a>",t^9-36t^7-64t^6+101t^5+218t^4-13t^3-124t^2-4t+18,-t^3+t^2+t,,
8.850661,O1O2O3O4U5U3O6U7U2O7O8U1O5U8U6U4,4,5z^3+45z^2+113z+87,5w^4z^3+45w^3z^2-2w^3z+115w^2z+87w,False,False,"[[ 0 -2  0  0  3 -1  1 -1  0],[ 2  0  1  0  4  0  2  1  0],[ 0 -1  0  0  1  0 -1  0 -1],[ 0  0  0  0  0  0 -1  0 -1],[-3 -4 -1  0  0 -1 -1 -3 -1],[ 1  0  0  0  1  0  0  0  0],[-1 -2  1  1  1  0  0 -1  0],[ 1 -1  0  0  3  0  1  0  0],[ 0  0  1  1  1  0  0  0  0]]","[[ 0  3  1  0  0  0 -1 -1 -2],[-3  0 -1  0 -1 -1 -1 -3 -4],[-1  1  0  1  1  0  0 -1 -2],[ 0  0 -1  0  0 -1  0  0  0],[ 0  1 -1  0  0 -1  0  0 -1],[ 0  1  0  1  1  0  0  0  0],[ 1  1  0  0  0  0  0  0  0],[ 1  3  1  0  0  0  0  0 -1],[ 2  4  2  0  1  0  0  1  0]]",True,"[-3,-1,0,0,0,1,1,2,1,0,1,1,1,3,4,-1,-1,0,0,1,2,0,1,0,0,0,1,0,0,1,0,0,0,0,0,1]","[-3,-1,0,0,0,1,1,2,1,0,1,1,1,3,4,-1,-1,0,0,1,2,0,1,0,0,0,1,0,0,1,0,0,0,0,0,1]",t^8+40t^6+152t^4+46t^2+1,"[-2,-1,-1,0,0,0,1,3,0,1,1,2,2,1,1,0,1,1,1,1,1,1,1,1,2,3,0,1,2,2,1,2,3,1,2,1]","[-3,-1,0,0,0,1,1,2,1,2,2,3,1,3,1,1,2,2,1,2,1,1,1,1,1,2,0,1,1,1,1,1,2,0,0,1]","[-2,-1,-1,0,0,0,1,3,0,1,0,0,1,2,4,0,0,0,0,0,1,0,0,0,1,3,-1,0,-1,0,1,0,1,-1,1,1]",c,"[[{8, 1}, {2, 7}, {3, 6}, {4, 5}], [{8, 1}, {2, 7}, {4, 6}, {3, 5}], [{8, 1}, {2, 7}, {5, 6}, {3, 4}], [{8, 1}, {3, 7}, {2, 6}, {4, 5}], [{8, 1}, {3, 7}, {4, 6}, {2, 5}], [{8, 1}, {3, 7}, {5, 6}, {2, 4}], [{8, 1}, {4, 7}, {2, 6}, {3, 5}], [{8, 1}, {4, 7}, {3, 6}, {2, 5}], [{8, 1}, {4, 7}, {5, 6}, {2, 3}], [{8, 1}, {4, 7}, {5, 6}, {3}, {2}], [{8, 1}, {5, 7}, {2, 6}, {3, 4}], [{8, 1}, {5, 7}, {2, 6}, {4}, {3}], [{8, 1}, {5, 7}, {3, 6}, {2, 4}], [{8, 1}, {5, 7}, {4, 6}, {2, 3}], [{8, 1}, {5, 7}, {6}, {3, 4}, {2}], [{8, 1}, {6, 7}, {2, 5}, {3, 4}], [{8, 1}, {6, 7}, {2, 5}, {4}, {3}], [{8, 1}, {6, 7}, {3, 5}, {2, 4}], [{8, 1}, {6, 7}, {4, 5}, {2, 3}], [{8, 1}, {6, 7}, {4, 5}, {3}, {2}], [{8, 1}, {6, 7}, {5}, {2, 4}, {3}], [{8, 1}, {7}, {2, 6}, {5}, {3, 4}], [{8, 2}, {1, 7}, {3, 6}, {4, 5}], [{8, 2}, {1, 7}, {4, 6}, {3, 5}], [{8, 2}, {1, 7}, {5, 6}, {3, 4}], [{8, 2}, {1, 7}, {6}, {4, 5}, {3}], [{8, 2}, {3, 7}, {1, 6}, {4, 5}], [{8, 2}, {3, 7}, {4, 6}, {1, 5}], [{8, 2}, {3, 7}, {5, 6}, {1, 4}], [{8, 2}, {3, 7}, {6}, {4, 5}, {1}], [{8, 2}, {4, 7}, {1, 6}, {3, 5}], [{8, 2}, {4, 7}, {3, 6}, {1, 5}], [{8, 2}, {4, 7}, {5, 6}, {1, 3}], [{8, 2}, {5, 7}, {1, 6}, {3, 4}], [{8, 2}, {5, 7}, {3, 6}, {1, 4}], [{8, 2}, {5, 7}, {4, 6}, {1, 3}], [{8, 2}, {6, 7}, {1, 5}, {3, 4}], [{8, 2}, {6, 7}, {1, 5}, {4}, {3}], [{8, 2}, {6, 7}, {3, 5}, {1, 4}], [{8, 2}, {6, 7}, {4, 5}, {1, 3}], [{8, 2}, {6, 7}, {4, 5}, {3}, {1}], [{8, 2}, {6, 7}, {5}, {1, 4}, {3}], [{8, 2}, {7}, {1, 6}, {4, 5}, {3}], [{8, 2}, {7}, {3, 6}, {4, 5}, {1}], [{8, 2}, {7}, {6}, {4, 5}, {1, 3}], [{8, 2}, {7}, {6}, {4, 5}, {3}, {1}], [{8, 3}, {1, 7}, {2, 6}, {4, 5}], [{8, 3}, {1, 7}, {4, 6}, {2, 5}], [{8, 3}, {1, 7}, {5, 6}, {2, 4}], [{8, 3}, {2, 7}, {1, 6}, {4, 5}], [{8, 3}, {2, 7}, {4, 6}, {1, 5}], [{8, 3}, {2, 7}, {5, 6}, {1, 4}], [{8, 3}, {4, 7}, {1, 6}, {2, 5}], [{8, 3}, {4, 7}, {2, 6}, {1, 5}], [{8, 3}, {4, 7}, {5, 6}, {1, 2}], [{8, 3}, {5, 7}, {1, 6}, {2, 4}], [{8, 3}, {5, 7}, {2, 6}, {1, 4}], [{8, 3}, {5, 7}, {4, 6}, {1, 2}], [{8, 3}, {6, 7}, {1, 5}, {2, 4}], [{8, 3}, {6, 7}, {1, 5}, {4}, {2}], [{8, 3}, {6, 7}, {2, 5}, {1, 4}], [{8, 3}, {6, 7}, {4, 5}, {1, 2}], [{8, 3}, {6, 7}, {4, 5}, {2}, {1}], [{8, 3}, {6, 7}, {5}, {1, 4}, {2}], [{8, 3}, {7}, {5, 6}, {4}, {1, 2}], [{8, 3}, {7}, {6}, {1, 5}, {2, 4}], [{8, 4}, {1, 7}, {2, 6}, {3, 5}], [{8, 4}, {1, 7}, {2, 6}, {5}, {3}], [{8, 4}, {1, 7}, {3, 6}, {2, 5}], [{8, 4}, {1, 7}, {5, 6}, {2, 3}], [{8, 4}, {1, 7}, {5, 6}, {3}, {2}], [{8, 4}, {1, 7}, {6}, {2, 5}, {3}], [{8, 4}, {2, 7}, {1, 6}, {3, 5}], [{8, 4}, {2, 7}, {3, 6}, {1, 5}], [{8, 4}, {2, 7}, {5, 6}, {1, 3}], [{8, 4}, {2, 7}, {6}, {3, 5}, {1}], [{8, 4}, {3, 7}, {1, 6}, {2, 5}], [{8, 4}, {3, 7}, {2, 6}, {1, 5}], [{8, 4}, {3, 7}, {5, 6}, {1, 2}], [{8, 4}, {3, 7}, {6}, {2, 5}, {1}], [{8, 4}, {5, 7}, {1, 6}, {2, 3}], [{8, 4}, {5, 7}, {2, 6}, {1, 3}], [{8, 4}, {5, 7}, {3, 6}, {1, 2}], [{8, 4}, {5, 7}, {6}, {2, 3}, {1}], [{8, 4}, {6, 7}, {1, 5}, {2, 3}], [{8, 4}, {6, 7}, {1, 5}, {3}, {2}], [{8, 4}, {6, 7}, {2, 5}, {1, 3}], [{8, 4}, {6, 7}, {2, 5}, {3}, {1}], [{8, 4}, {6, 7}, {3, 5}, {1, 2}], [{8, 4}, {6, 7}, {5}, {3}, {1, 2}], [{8, 4}, {7}, {1, 6}, {2, 5}, {3}], [{8, 4}, {7}, {3, 6}, {2, 5}, {1}], [{8, 4}, {7}, {6}, {2, 5}, {1, 3}], [{8, 4}, {7}, {6}, {2, 5}, {3}, {1}], [{8, 5}, {1, 7}, {2, 6}, {3, 4}], [{8, 5}, {1, 7}, {3, 6}, {2, 4}], [{8, 5}, {1, 7}, {4, 6}, {2, 3}], [{8, 5}, {1, 7}, {6}, {3, 4}, {2}], [{8, 5}, {2, 7}, {1, 6}, {3, 4}], [{8, 5}, {2, 7}, {3, 6}, {1, 4}], [{8, 5}, {2, 7}, {3, 6}, {4}, {1}], [{8, 5}, {2, 7}, {4, 6}, {1, 3}], [{8, 5}, {2, 7}, {6}, {1, 4}, {3}], [{8, 5}, {3, 7}, {1, 6}, {2, 4}], [{8, 5}, {3, 7}, {2, 6}, {1, 4}], [{8, 5}, {3, 7}, {4, 6}, {1, 2}], [{8, 5}, {3, 7}, {6}, {1, 4}, {2}], [{8, 5}, {4, 7}, {1, 6}, {2, 3}], [{8, 5}, {4, 7}, {2, 6}, {1, 3}], [{8, 5}, {4, 7}, {3, 6}, {1, 2}], [{8, 5}, {4, 7}, {6}, {1, 3}, {2}], [{8, 5}, {6, 7}, {1, 4}, {2, 3}], [{8, 5}, {6, 7}, {1, 4}, {3}, {2}], [{8, 5}, {6, 7}, {2, 4}, {1, 3}], [{8, 5}, {6, 7}, {2, 4}, {3}, {1}], [{8, 5}, {6, 7}, {3, 4}, {1, 2}], [{8, 5}, {6, 7}, {4}, {3}, {1, 2}], [{8, 5}, {7}, {2, 6}, {1, 4}, {3}], [{8, 5}, {7}, {3, 6}, {1, 4}, {2}], [{8, 5}, {7}, {6}, {1, 4}, {2, 3}], [{8, 5}, {7}, {6}, {1, 4}, {3}, {2}], [{8, 6}, {1, 7}, {2, 5}, {3, 4}], [{8, 6}, {1, 7}, {3, 5}, {2, 4}], [{8, 6}, {1, 7}, {4, 5}, {2, 3}], [{8, 6}, {2, 7}, {1, 5}, {3, 4}], [{8, 6}, {2, 7}, {3, 5}, {1, 4}], [{8, 6}, {2, 7}, {4, 5}, {1, 3}], [{8, 6}, {2, 7}, {4, 5}, {3}, {1}], [{8, 6}, {3, 7}, {1, 5}, {2, 4}], [{8, 6}, {3, 7}, {2, 5}, {1, 4}], [{8, 6}, {3, 7}, {4, 5}, {1, 2}], [{8, 6}, {3, 7}, {5}, {4}, {1, 2}], [{8, 6}, {4, 7}, {1, 5}, {2, 3}], [{8, 6}, {4, 7}, {2, 5}, {1, 3}], [{8, 6}, {4, 7}, {3, 5}, {1, 2}], [{8, 6}, {5, 7}, {1, 4}, {2, 3}], [{8, 6}, {5, 7}, {1, 4}, {3}, {2}], [{8, 6}, {5, 7}, {2, 4}, {1, 3}], [{8, 6}, {5, 7}, {3, 4}, {1, 2}], [{8, 6}, {5, 7}, {3, 4}, {2}, {1}], [{8, 6}, {5, 7}, {4}, {1, 3}, {2}], [{8, 6}, {7}, {1, 5}, {2, 4}, {3}], [{8, 7}, {1, 6}, {2, 5}, {3, 4}], [{8, 7}, {1, 6}, {3, 5}, {2, 4}], [{8, 7}, {1, 6}, {4, 5}, {2, 3}], [{8, 7}, {2, 6}, {1, 5}, {3, 4}], [{8, 7}, {2, 6}, {3, 5}, {1, 4}], [{8, 7}, {2, 6}, {4, 5}, {1, 3}], [{8, 7}, {2, 6}, {4, 5}, {3}, {1}], [{8, 7}, {3, 6}, {1, 5}, {2, 4}], [{8, 7}, {3, 6}, {2, 5}, {1, 4}], [{8, 7}, {3, 6}, {4, 5}, {1, 2}], [{8, 7}, {4, 6}, {1, 5}, {2, 3}], [{8, 7}, {4, 6}, {2, 5}, {1, 3}], [{8, 7}, {4, 6}, {3, 5}, {1, 2}], [{8, 7}, {5, 6}, {1, 4}, {2, 3}], [{8, 7}, {5, 6}, {1, 4}, {3}, {2}], [{8, 7}, {5, 6}, {2, 4}, {1, 3}], [{8, 7}, {5, 6}, {3, 4}, {1, 2}], [{8, 7}, {6}, {1, 5}, {2, 4}, {3}], [{8}, {2, 7}, {4, 6}, {1, 5}, {3}], [{8}, {3, 7}, {6}, {1, 5}, {2, 4}], [{8}, {4, 7}, {2, 6}, {1, 5}, {3}], [{8}, {5, 7}, {1, 6}, {3, 4}, {2}], [{8}, {6, 7}, {1, 5}, {2, 4}, {3}], [{8}, {6, 7}, {1, 5}, {3, 4}, {2}], [{8}, {6, 7}, {1, 5}, {4}, {2, 3}], [{8}, {6, 7}, {1, 5}, {4}, {3}, {2}], [{8}, {6, 7}, {2, 5}, {1, 4}, {3}], [{8}, {6, 7}, {3, 5}, {1, 4}, {2}], [{8}, {6, 7}, {4, 5}, {1, 3}, {2}], [{8}, {6, 7}, {4, 5}, {2, 3}, {1}], [{8}, {6, 7}, {4, 5}, {3}, {1, 2}], [{8}, {6, 7}, {4, 5}, {3}, {2}, {1}], [{8}, {6, 7}, {5}, {1, 4}, {2, 3}], [{8}, {6, 7}, {5}, {1, 4}, {3}, {2}], [{8}, {7}, {3, 6}, {1, 5}, {2, 4}], [{8}, {7}, {6}, {1, 5}, {2, 4}, {3}]]",2,- 2 K_1^2 - 2 K_1 K_2 + K_1 + K_2 + K_3 + 2,O1O2O3O4U1U5U6O7U4O6O8U3U8O5U2U7,O1O2O3U4U5U6U3O7O6U2O8O5U8U1O4U7,O1O2O3U4O5U3U6O7O6U2O8O4U1U8U7U5,c,{'O1O2O3O4U5U3O6U7U2O7O8U1O5U8U6U4'},1,"<a href=""/flatknot/8.850661"">8.850661</a>",t^9-36t^7-64t^6+91t^5+188t^4-17t^3-66t^2+10t,-t^3+t^2+t,,
8.850662,O1O2O3O4U5U3O6U7U2O7O8U6O5U1U4U8,4,8z^2+93z+155,8w^3z^2+93w^2z+155w,False,False,"[[ 0 -2  0  0  2 -1  0 -1  2],[ 2  0  1  1  3  0  1  1  2],[ 0 -1  0  0  1 -1  0  0  1],[ 0 -1  0  0  0  0  0  0  0],[-2 -3 -1  0  0 -2  0 -2  1],[ 1  0  1  0  2  0  0  0  1],[ 0 -1  0  0  0  0  0  0  1],[ 1 -1  0  0  2  0  0  0  2],[-2 -2 -1  0 -1 -1 -1 -2  0]]","[[ 0  2  2  0  0  0 -1 -1 -2],[-2  0  1  0  0 -1 -2 -2 -3],[-2 -1  0  0 -1 -1 -1 -2 -2],[ 0  0  0  0  0  0  0  0 -1],[ 0  0  1  0  0  0  0  0 -1],[ 0  1  1  0  0  0 -1  0 -1],[ 1  2  1  0  0  1  0  0  0],[ 1  2  2  0  0  0  0  0 -1],[ 2  3  2  1  1  1  0  1  0]]",True,"[-2,-2,0,0,0,1,1,2,-1,0,0,1,2,2,3,0,1,1,1,2,2,0,0,0,0,1,0,0,0,1,1,0,1,0,0,1]","[-2,-2,0,0,0,1,1,2,-1,0,0,1,2,2,3,0,1,1,1,2,2,0,0,0,0,1,0,0,0,1,1,0,1,0,0,1]",t^8+35t^6+68t^4+33t^2+4,"[-2,-1,-1,0,0,0,2,2,0,1,1,1,1,1,2,0,1,1,1,1,1,0,1,1,1,2,0,0,1,1,0,2,1,2,2,-1]","[-2,-2,0,0,0,1,1,2,-1,1,1,2,1,2,2,1,2,2,1,1,1,0,0,1,0,1,0,1,1,1,1,1,1,0,0,1]","[-2,-1,-1,0,0,0,2,2,0,1,1,1,1,2,3,0,0,0,1,1,2,0,0,0,2,2,0,0,0,0,0,1,0,1,1,-1]",c,"[[{8, 5}, {4, 7}, {2, 6}, {1, 3}], [{8}, {4, 7}, {2, 6}, {5}, {1, 3}]]",1,4 K_1^3 + 8 K_1^2 K_2 - 34 K_1^2 - 32 K_1 K_2 - 12 K_1 K_3 + 13 K_1 - 4 K_2^2 + 19 K_2 + 15 K_3 + 6 K_4 + 18,O1O2O3O4U5U1U4O6U7O5O8U3U8O7U2U6,O1O2O3U1U4U5U2O6O5U7O8O4U8U3O7U6,O1O2O3U4O5U1U6O7O6U5O8O4U2U8U7U3,c,{'O1O2O3O4U5U3O6U7U2O7O8U6O5U1U4U8'},1,"<a href=""/flatknot/8.850662"">8.850662</a>",t^9-33t^7-62t^6+27t^5+78t^4-t^3-14t^2+7t,-t^2+2t,,
8.850663,O1O2O3O4U5U3O6U7U2O7O8U6O5U1U8U4,4,z^3+24z^2+106z+125,w^4z^3+24w^3z^2+106w^2z+125w,False,False,"[[ 0 -2  0  0  3 -1  0 -1  1],[ 2  0  1  1  4  0  1  1  1],[ 0 -1  0  0  1 -1  0  0  0],[ 0 -1  0  0  0  0  0  0 -1],[-3 -4 -1  0  0 -2 -1 -3  0],[ 1  0  1  0  2  0  0  0  0],[ 0 -1  0  0  1  0  0  0  1],[ 1 -1  0  0  3  0  0  0  1],[-1 -1  0  1  0  0 -1 -1  0]]","[[ 0  3  1  0  0  0 -1 -1 -2],[-3  0  0  0 -1 -1 -2 -3 -4],[-1  0  0  1  0 -1  0 -1 -1],[ 0  0 -1  0  0  0  0  0 -1],[ 0  1  0  0  0  0 -1  0 -1],[ 0  1  1  0  0  0  0  0 -1],[ 1  2  0  0  1  0  0  0  0],[ 1  3  1  0  0  0  0  0 -1],[ 2  4  1  1  1  1  0  1  0]]",True,"[-3,-1,0,0,0,1,1,2,0,0,1,1,2,3,4,-1,0,1,0,1,1,0,0,0,0,1,0,1,0,1,0,0,1,0,0,1]","[-3,-1,0,0,0,1,1,2,0,0,1,1,2,3,4,-1,0,1,0,1,1,0,0,0,0,1,0,1,0,1,0,0,1,0,0,1]",t^8+40t^6+123t^4+96t^2+16,"[-2,-1,-1,0,0,0,1,3,0,1,1,1,1,2,1,0,1,1,1,1,1,0,1,1,2,2,0,0,1,2,0,0,2,2,3,2]","[-3,-1,0,0,0,1,1,2,2,2,2,3,1,2,1,0,1,2,1,2,2,0,0,1,1,1,0,1,0,1,1,1,1,0,0,1]","[-2,-1,-1,0,0,0,1,3,0,1,1,1,1,1,4,0,0,0,1,0,2,0,0,0,1,3,0,0,-1,0,0,1,1,0,1,0]",c,"[[{8, 3}, {4, 7}, {2, 6}, {1, 5}], [{8, 3}, {4, 7}, {5, 6}, {1, 2}], [{8, 3}, {6, 7}, {4, 5}, {1, 2}]]",1,4 K_1^3 + 8 K_1^2 K_2 - 18 K_1^2 - 10 K_1 K_2 - 4 K_1 K_3 + 2 K_1 - 4 K_2^2 + 7 K_2 + 4 K_3 + 2 K_4 + 10,O1O2O3O4U1U5U4O6U7O5O8U3U8O7U2U6,O1O2O3U1U4U5U3O6O5U7O8O4U8U2O7U6,O1O2O3U4O5U2U6O7O6U5O8O4U1U8U7U3,c,{'O1O2O3O4U5U3O6U7U2O7O8U6O5U1U8U4'},1,"<a href=""/flatknot/8.850663"">8.850663</a>",t^9-36t^7-54t^6+86t^5+138t^4+21t^3-18t^2-4t+2,-t^3+t^2+t,,
8.850664,O1O2O3O4U5U3O6U7U2O7O8U6O5U8U1U4,4,8z^2+93z+155,8w^3z^2+93w^2z+155w,False,False,"[[ 0 -1  0  0  3 -1  0 -1  0],[ 1  0  1  1  3  0  0  0  0],[ 0 -1  0  0  1 -1  0  0  0],[ 0 -1  0  0  0  0  0  0 -1],[-3 -3 -1  0  0 -2 -1 -3  0],[ 1  0  1  0  2  0  0  0 -1],[ 0  0  0  0  1  0  0  0  1],[ 1  0  0  0  3  0  0  0  0],[ 0  0  0  1  0  1 -1  0  0]]","[[ 0  3  0  0  0  0 -1 -1 -1],[-3  0  0  0 -1 -1 -2 -3 -3],[ 0  0  0  1  0 -1  1  0  0],[ 0  0 -1  0  0  0  0  0 -1],[ 0  1  0  0  0  0 -1  0 -1],[ 0  1  1  0  0  0  0  0  0],[ 1  2 -1  0  1  0  0  0  0],[ 1  3  0  0  0  0  0  0  0],[ 1  3  0  1  1  0  0  0  0]]",True,"[-3,0,0,0,0,1,1,1,0,0,1,1,2,3,3,-1,0,1,-1,0,0,0,0,0,0,1,0,1,0,1,0,0,0,0,0,0]","[-3,0,0,0,0,1,1,1,0,0,1,1,2,3,3,-1,0,1,-1,0,0,0,0,0,0,1,0,1,0,1,0,0,0,0,0,0]",t^8+30t^6+115t^4+84t^2+9,"[-1,-1,-1,0,0,0,0,3,0,0,0,0,1,1,1,0,0,1,1,2,2,1,1,1,1,1,0,0,0,2,0,1,3,-1,2,3]","[-3,0,0,0,0,1,1,1,2,2,3,3,1,1,2,0,0,0,0,1,0,0,1,1,1,1,-1,0,1,1,1,1,2,0,0,0]","[-1,-1,-1,0,0,0,0,3,0,0,-1,0,0,1,2,0,0,0,0,0,3,0,0,1,1,3,-1,1,0,0,0,0,1,0,0,1]",c,"[[{8, 2}, {1, 7}, {3, 6}, {4, 5}], [{8, 2}, {4, 7}, {3, 6}, {1, 5}], [{8, 2}, {5, 7}, {3, 6}, {1, 4}]]",1,8 K_1^3 + 4 K_1^2 K_2 - 34 K_1^2 - 26 K_1 K_2 - 6 K_1 K_3 + 7 K_1 - 2 K_2^2 + 18 K_2 + 11 K_3 + 3 K_4 + 18,O1O2O3O4U1U4U5O6U7O5O8U3U8O7U2U6,O1O2O3U2U4U5U3O6O5U7O8O4U8U1O7U6,O1O2O3U4O5U3U6O7O6U5O8O4U1U8U7U2,c,{'O1O2O3O4U5U3O6U7U2O7O8U6O5U8U1U4'},1,"<a href=""/flatknot/8.850664"">8.850664</a>",t^9-24t^7-10t^6+73t^5+4t^4-62t^3+18t^2+16t-8,-t^3+3t,,
8.850665,O1O2O3O4U5U3O6U7U4O7O8U1O5U2U8U6,4,3z^3+29z^2+105z+119,3w^4z^3+29w^3z^2+105w^2z+119w,False,False,"[[ 0 -2 -1  0  2 -1  2 -1  1],[ 2  0  0 -1  2  0  3  1  1],[ 1  0  0  0  3 -1  2  0  0],[ 0  1  0  0  1 -1  0 -1 -1],[-2 -2 -3 -1  0 -1 -1 -2 -1],[ 1  0  1  1  1  0  1  0  1],[-2 -3 -2  0  1 -1  0 -2  0],[ 1 -1  0  1  2  0  2  0  1],[-1 -1  0  1  1 -1  0 -1  0]]","[[ 0  2  2  1  0 -1 -1 -1 -2],[-2  0  1  0  0 -1 -2 -2 -3],[-2 -1  0 -1 -1 -1 -2 -3 -2],[-1  0  1  0  1 -1 -1  0 -1],[ 0  0  1 -1  0 -1 -1  0  1],[ 1  1  1  1  1  0  0  1  0],[ 1  2  2  1  1  0  0  0 -1],[ 1  2  3  0  0 -1  0  0  0],[ 2  3  2  1 -1  0  1  0  0]]",True,"[-2,-2,-1,0,1,1,1,2,-1,0,0,1,2,2,3,1,1,1,2,3,2,-1,1,1,0,1,1,1,0,-1,0,-1,0,0,1,0]","[-2,-2,-1,0,1,1,1,2,-1,0,0,1,2,2,3,1,1,1,2,3,2,-1,1,1,0,1,1,1,0,-1,0,-1,0,0,1,0]",t^8+48t^6+313t^4+110t^2+4,"[-2,-1,-1,-1,0,1,2,2,0,1,1,3,2,1,2,0,0,0,1,1,1,-1,0,1,2,2,1,2,1,0,2,2,1,1,0,-1]","[-2,-2,-1,0,1,1,1,2,-1,0,1,0,1,2,2,1,2,1,1,2,1,2,2,1,1,2,1,0,0,3,0,-1,1,0,0,1]","[-2,-1,-1,-1,0,1,2,2,0,0,1,-1,1,2,3,-1,0,0,0,3,2,0,1,1,1,1,1,1,2,2,-1,1,0,1,0,-1]",c,"[[{8, 1}, {2, 7}, {3, 6}, {4, 5}], [{8, 1}, {2, 7}, {4, 6}, {3, 5}], [{8, 1}, {2, 7}, {5, 6}, {3, 4}], [{8, 1}, {3, 7}, {2, 6}, {4, 5}], [{8, 1}, {3, 7}, {2, 6}, {5}, {4}], [{8, 1}, {3, 7}, {4, 6}, {2, 5}], [{8, 1}, {3, 7}, {4, 6}, {5}, {2}], [{8, 1}, {3, 7}, {5, 6}, {2, 4}], [{8, 1}, {3, 7}, {5, 6}, {4}, {2}], [{8, 1}, {3, 7}, {6}, {2, 5}, {4}], [{8, 1}, {3, 7}, {6}, {4, 5}, {2}], [{8, 1}, {3, 7}, {6}, {5}, {2, 4}], [{8, 1}, {3, 7}, {6}, {5}, {4}, {2}], [{8, 1}, {4, 7}, {2, 6}, {3, 5}], [{8, 1}, {4, 7}, {3, 6}, {2, 5}], [{8, 1}, {4, 7}, {5, 6}, {2, 3}], [{8, 1}, {4, 7}, {5, 6}, {3}, {2}], [{8, 1}, {5, 7}, {2, 6}, {3, 4}], [{8, 1}, {5, 7}, {3, 6}, {2, 4}], [{8, 1}, {5, 7}, {4, 6}, {2, 3}], [{8, 1}, {6, 7}, {2, 5}, {3, 4}], [{8, 1}, {6, 7}, {3, 5}, {2, 4}], [{8, 1}, {6, 7}, {4, 5}, {2, 3}], [{8, 1}, {6, 7}, {4, 5}, {3}, {2}], [{8, 1}, {7}, {3, 6}, {4, 5}, {2}], [{8, 1}, {7}, {4, 6}, {2, 5}, {3}], [{8, 1}, {7}, {5, 6}, {3, 4}, {2}], [{8, 2}, {1, 7}, {3, 6}, {4, 5}], [{8, 2}, {1, 7}, {4, 6}, {3, 5}], [{8, 2}, {1, 7}, {5, 6}, {3, 4}], [{8, 2}, {3, 7}, {1, 6}, {4, 5}], [{8, 2}, {3, 7}, {4, 6}, {1, 5}], [{8, 2}, {3, 7}, {5, 6}, {1, 4}], [{8, 2}, {3, 7}, {6}, {4, 5}, {1}], [{8, 2}, {4, 7}, {1, 6}, {3, 5}], [{8, 2}, {4, 7}, {3, 6}, {1, 5}], [{8, 2}, {4, 7}, {5, 6}, {1, 3}], [{8, 2}, {5, 7}, {1, 6}, {3, 4}], [{8, 2}, {5, 7}, {3, 6}, {1, 4}], [{8, 2}, {5, 7}, {4, 6}, {1, 3}], [{8, 2}, {6, 7}, {1, 5}, {3, 4}], [{8, 2}, {6, 7}, {3, 5}, {1, 4}], [{8, 2}, {6, 7}, {4, 5}, {1, 3}], [{8, 2}, {6, 7}, {4, 5}, {3}, {1}], [{8, 2}, {7}, {3, 6}, {4, 5}, {1}], [{8, 2}, {7}, {6}, {1, 5}, {3, 4}], [{8, 3}, {1, 7}, {2, 6}, {4, 5}], [{8, 3}, {1, 7}, {4, 6}, {2, 5}], [{8, 3}, {1, 7}, {5, 6}, {2, 4}], [{8, 3}, {2, 7}, {1, 6}, {4, 5}], [{8, 3}, {2, 7}, {4, 6}, {1, 5}], [{8, 3}, {2, 7}, {5, 6}, {1, 4}], [{8, 3}, {2, 7}, {6}, {1, 5}, {4}], [{8, 3}, {4, 7}, {1, 6}, {2, 5}], [{8, 3}, {4, 7}, {2, 6}, {1, 5}], [{8, 3}, {4, 7}, {5, 6}, {1, 2}], [{8, 3}, {4, 7}, {5, 6}, {2}, {1}], [{8, 3}, {5, 7}, {1, 6}, {2, 4}], [{8, 3}, {5, 7}, {2, 6}, {1, 4}], [{8, 3}, {5, 7}, {4, 6}, {1, 2}], [{8, 3}, {6, 7}, {1, 5}, {2, 4}], [{8, 3}, {6, 7}, {2, 5}, {1, 4}], [{8, 3}, {6, 7}, {4, 5}, {1, 2}], [{8, 3}, {6, 7}, {4, 5}, {2}, {1}], [{8, 3}, {7}, {1, 6}, {5}, {2, 4}], [{8, 3}, {7}, {2, 6}, {5}, {1, 4}], [{8, 4}, {1, 7}, {2, 6}, {3, 5}], [{8, 4}, {1, 7}, {3, 6}, {2, 5}], [{8, 4}, {1, 7}, {5, 6}, {2, 3}], [{8, 4}, {1, 7}, {6}, {2, 5}, {3}], [{8, 4}, {2, 7}, {1, 6}, {3, 5}], [{8, 4}, {2, 7}, {3, 6}, {1, 5}], [{8, 4}, {2, 7}, {3, 6}, {5}, {1}], [{8, 4}, {2, 7}, {5, 6}, {1, 3}], [{8, 4}, {2, 7}, {5, 6}, {3}, {1}], [{8, 4}, {2, 7}, {6}, {3, 5}, {1}], [{8, 4}, {3, 7}, {1, 6}, {2, 5}], [{8, 4}, {3, 7}, {1, 6}, {5}, {2}], [{8, 4}, {3, 7}, {2, 6}, {1, 5}], [{8, 4}, {3, 7}, {5, 6}, {1, 2}], [{8, 4}, {3, 7}, {5, 6}, {2}, {1}], [{8, 4}, {3, 7}, {6}, {1, 5}, {2}], [{8, 4}, {5, 7}, {1, 6}, {2, 3}], [{8, 4}, {5, 7}, {2, 6}, {1, 3}], [{8, 4}, {5, 7}, {3, 6}, {1, 2}], [{8, 4}, {5, 7}, {6}, {1, 3}, {2}], [{8, 4}, {6, 7}, {1, 5}, {2, 3}], [{8, 4}, {6, 7}, {2, 5}, {1, 3}], [{8, 4}, {6, 7}, {3, 5}, {1, 2}], [{8, 4}, {6, 7}, {5}, {3}, {1, 2}], [{8, 4}, {7}, {5, 6}, {2, 3}, {1}], [{8, 5}, {1, 7}, {2, 6}, {3, 4}], [{8, 5}, {1, 7}, {3, 6}, {2, 4}], [{8, 5}, {1, 7}, {4, 6}, {2, 3}], [{8, 5}, {2, 7}, {1, 6}, {3, 4}], [{8, 5}, {2, 7}, {3, 6}, {1, 4}], [{8, 5}, {2, 7}, {3, 6}, {4}, {1}], [{8, 5}, {2, 7}, {4, 6}, {1, 3}], [{8, 5}, {3, 7}, {1, 6}, {2, 4}], [{8, 5}, {3, 7}, {1, 6}, {4}, {2}], [{8, 5}, {3, 7}, {2, 6}, {1, 4}], [{8, 5}, {3, 7}, {4, 6}, {1, 2}], [{8, 5}, {3, 7}, {4, 6}, {2}, {1}], [{8, 5}, {3, 7}, {6}, {1, 4}, {2}], [{8, 5}, {4, 7}, {1, 6}, {2, 3}], [{8, 5}, {4, 7}, {2, 6}, {1, 3}], [{8, 5}, {4, 7}, {3, 6}, {1, 2}], [{8, 5}, {6, 7}, {1, 4}, {2, 3}], [{8, 5}, {6, 7}, {2, 4}, {1, 3}], [{8, 5}, {6, 7}, {3, 4}, {1, 2}], [{8, 5}, {6, 7}, {4}, {3}, {1, 2}], [{8, 5}, {7}, {6}, {2, 4}, {1, 3}], [{8, 6}, {1, 7}, {2, 5}, {3, 4}], [{8, 6}, {1, 7}, {3, 5}, {2, 4}], [{8, 6}, {1, 7}, {4, 5}, {2, 3}], [{8, 6}, {2, 7}, {1, 5}, {3, 4}], [{8, 6}, {2, 7}, {3, 5}, {1, 4}], [{8, 6}, {2, 7}, {4, 5}, {1, 3}], [{8, 6}, {3, 7}, {1, 5}, {2, 4}], [{8, 6}, {3, 7}, {1, 5}, {4}, {2}], [{8, 6}, {3, 7}, {2, 5}, {1, 4}], [{8, 6}, {3, 7}, {4, 5}, {1, 2}], [{8, 6}, {3, 7}, {4, 5}, {2}, {1}], [{8, 6}, {3, 7}, {5}, {1, 4}, {2}], [{8, 6}, {4, 7}, {1, 5}, {2, 3}], [{8, 6}, {4, 7}, {2, 5}, {1, 3}], [{8, 6}, {4, 7}, {3, 5}, {1, 2}], [{8, 6}, {4, 7}, {3, 5}, {2}, {1}], [{8, 6}, {5, 7}, {1, 4}, {2, 3}], [{8, 6}, {5, 7}, {2, 4}, {1, 3}], [{8, 6}, {5, 7}, {3, 4}, {1, 2}], [{8, 6}, {7}, {2, 5}, {4}, {1, 3}], [{8, 7}, {1, 6}, {2, 5}, {3, 4}], [{8, 7}, {1, 6}, {3, 5}, {2, 4}], [{8, 7}, {1, 6}, {4, 5}, {2, 3}], [{8, 7}, {2, 6}, {1, 5}, {3, 4}], [{8, 7}, {2, 6}, {3, 5}, {1, 4}], [{8, 7}, {2, 6}, {4, 5}, {1, 3}], [{8, 7}, {2, 6}, {5}, {3, 4}, {1}], [{8, 7}, {3, 6}, {1, 5}, {2, 4}], [{8, 7}, {3, 6}, {2, 5}, {1, 4}], [{8, 7}, {3, 6}, {2, 5}, {4}, {1}], [{8, 7}, {3, 6}, {4, 5}, {1, 2}], [{8, 7}, {3, 6}, {4, 5}, {2}, {1}], [{8, 7}, {3, 6}, {5}, {2, 4}, {1}], [{8, 7}, {4, 6}, {1, 5}, {2, 3}], [{8, 7}, {4, 6}, {2, 5}, {1, 3}], [{8, 7}, {4, 6}, {3, 5}, {1, 2}], [{8, 7}, {5, 6}, {1, 4}, {2, 3}], [{8, 7}, {5, 6}, {2, 4}, {1, 3}], [{8, 7}, {5, 6}, {2, 4}, {3}, {1}], [{8, 7}, {5, 6}, {3, 4}, {1, 2}], [{8, 7}, {6}, {3, 5}, {2, 4}, {1}], [{8}, {1, 7}, {3, 6}, {4, 5}, {2}], [{8}, {2, 7}, {3, 6}, {4, 5}, {1}], [{8}, {2, 7}, {4, 6}, {1, 5}, {3}], [{8}, {3, 7}, {1, 6}, {4, 5}, {2}], [{8}, {3, 7}, {2, 6}, {4, 5}, {1}], [{8}, {3, 7}, {4, 6}, {1, 5}, {2}], [{8}, {3, 7}, {5, 6}, {1, 4}, {2}], [{8}, {3, 7}, {6}, {4, 5}, {1, 2}], [{8}, {3, 7}, {6}, {4, 5}, {2}, {1}], [{8}, {4, 7}, {5, 6}, {1, 3}, {2}], [{8}, {6, 7}, {4, 5}, {1, 3}, {2}], [{8}, {6, 7}, {4, 5}, {2, 3}, {1}], [{8}, {6, 7}, {4, 5}, {3}, {1, 2}], [{8}, {6, 7}, {4, 5}, {3}, {2}, {1}], [{8}, {7}, {3, 6}, {4, 5}, {1, 2}], [{8}, {7}, {3, 6}, {4, 5}, {2}, {1}], [{8}, {7}, {4, 6}, {1, 5}, {2, 3}]]",2,4 K_1^3 - 14 K_1^2 - 16 K_1 K_2 - 4 K_1 K_3 + 5 K_1 + 9 K_2 + 7 K_3 + 2 K_4 + 8,O1O2O3O4U5U6U3O7U4O6O8U1U8O5U2U7,O1O2O3U4U1U5U6O7O5U3O8O6U8U2O4U7,O1O2O3U4O5U2U6O7O6U1O8O4U7U8U3U5,c,{'O1O2O3O4U5U3O6U7U4O7O8U1O5U2U8U6'},1,"<a href=""/flatknot/8.850665"">8.850665</a>",t^9-46t^7-90t^6+150t^5+310t^4-58t^3-290t^2-99t+34,-t^2+2t,,
8.850666,O1O2O3O4U5U3O6U7U4O7O8U1O5U6U8U2,4,3z^3+28z^2+104z+121,3w^4z^3+28w^3z^2+104w^2z+121w,False,False,"[[ 0 -2  1  0  2 -1  0 -1  1],[ 2  0  2 -1  2  0  1  1  1],[-1 -2  0  0  2 -1 -1 -2  0],[ 0  1  0  0  1 -1  0 -1 -1],[-2 -2 -2 -1  0 -1 -1 -2  0],[ 1  0  1  1  1  0  0  0  0],[ 0 -1  1  0  1  0  0  0  1],[ 1 -1  2  1  2  0  0  0  1],[-1 -1  0  1  0  0 -1 -1  0]]","[[ 0  2  1  1  0  0 -1 -1 -2],[-2  0  0 -2 -1 -1 -1 -2 -2],[-1  0  0  0  1 -1  0 -1 -1],[-1  2  0  0  0 -1 -1 -2 -2],[ 0  1 -1  0  0  0 -1 -1  1],[ 0  1  1  1  0  0  0  0 -1],[ 1  1  0  1  1  0  0  0  0],[ 1  2  1  2  1  0  0  0 -1],[ 2  2  1  2 -1  1  0  1  0]]",True,"[-2,-1,-1,0,0,1,1,2,0,2,1,1,1,2,2,0,-1,1,0,1,1,0,1,1,2,2,0,1,1,-1,0,0,1,0,0,1]","[-2,-1,-1,0,0,1,1,2,-1,1,1,1,1,2,2,0,0,1,0,1,1,0,2,1,2,2,0,1,1,1,0,0,3,0,0,1]",t^8+34t^6+169t^4+18t^2,"[-2,-1,-1,0,0,1,1,2,0,1,1,3,1,2,2,0,1,0,0,1,1,1,0,1,2,2,0,0,0,1,1,2,1,0,-1,1]","[-2,-1,-1,0,0,1,1,2,-1,1,1,1,1,2,2,0,0,1,0,1,1,0,2,1,2,2,0,1,1,1,0,0,3,0,0,1]","[-2,-1,-1,0,0,1,1,2,0,1,-1,1,1,2,2,0,1,0,0,1,1,1,0,1,2,2,0,-1,0,1,1,1,1,0,0,2]",c,"[[{8, 1}, {2, 7}, {3, 6}, {4, 5}], [{8, 1}, {2, 7}, {4, 6}, {3, 5}], [{8, 1}, {2, 7}, {5, 6}, {3, 4}], [{8, 1}, {2, 7}, {5, 6}, {4}, {3}], [{8, 1}, {3, 7}, {2, 6}, {4, 5}], [{8, 1}, {3, 7}, {4, 6}, {2, 5}], [{8, 1}, {3, 7}, {4, 6}, {5}, {2}], [{8, 1}, {3, 7}, {5, 6}, {2, 4}], [{8, 1}, {3, 7}, {5, 6}, {4}, {2}], [{8, 1}, {3, 7}, {6}, {4, 5}, {2}], [{8, 1}, {4, 7}, {2, 6}, {3, 5}], [{8, 1}, {4, 7}, {3, 6}, {2, 5}], [{8, 1}, {4, 7}, {3, 6}, {5}, {2}], [{8, 1}, {4, 7}, {5, 6}, {2, 3}], [{8, 1}, {4, 7}, {5, 6}, {3}, {2}], [{8, 1}, {4, 7}, {6}, {3, 5}, {2}], [{8, 1}, {5, 7}, {2, 6}, {3, 4}], [{8, 1}, {5, 7}, {3, 6}, {2, 4}], [{8, 1}, {5, 7}, {4, 6}, {2, 3}], [{8, 1}, {6, 7}, {2, 5}, {3, 4}], [{8, 1}, {6, 7}, {3, 5}, {2, 4}], [{8, 1}, {6, 7}, {4, 5}, {2, 3}], [{8, 1}, {7}, {5, 6}, {2, 4}, {3}], [{8, 1}, {7}, {5, 6}, {3, 4}, {2}], [{8, 1}, {7}, {5, 6}, {4}, {2, 3}], [{8, 1}, {7}, {5, 6}, {4}, {3}, {2}], [{8, 2}, {1, 7}, {3, 6}, {4, 5}], [{8, 2}, {1, 7}, {4, 6}, {3, 5}], [{8, 2}, {1, 7}, {5, 6}, {3, 4}], [{8, 2}, {3, 7}, {1, 6}, {4, 5}], [{8, 2}, {3, 7}, {4, 6}, {1, 5}], [{8, 2}, {3, 7}, {5, 6}, {1, 4}], [{8, 2}, {3, 7}, {6}, {4, 5}, {1}], [{8, 2}, {4, 7}, {1, 6}, {3, 5}], [{8, 2}, {4, 7}, {3, 6}, {1, 5}], [{8, 2}, {4, 7}, {5, 6}, {1, 3}], [{8, 2}, {4, 7}, {6}, {3, 5}, {1}], [{8, 2}, {5, 7}, {1, 6}, {3, 4}], [{8, 2}, {5, 7}, {3, 6}, {1, 4}], [{8, 2}, {5, 7}, {4, 6}, {1, 3}], [{8, 2}, {5, 7}, {4, 6}, {3}, {1}], [{8, 2}, {6, 7}, {1, 5}, {3, 4}], [{8, 2}, {6, 7}, {3, 5}, {1, 4}], [{8, 2}, {6, 7}, {4, 5}, {1, 3}], [{8, 2}, {7}, {5, 6}, {1, 4}, {3}], [{8, 2}, {7}, {5, 6}, {3, 4}, {1}], [{8, 2}, {7}, {5, 6}, {4}, {1, 3}], [{8, 3}, {1, 7}, {2, 6}, {4, 5}], [{8, 3}, {1, 7}, {4, 6}, {2, 5}], [{8, 3}, {1, 7}, {5, 6}, {2, 4}], [{8, 3}, {2, 7}, {1, 6}, {4, 5}], [{8, 3}, {2, 7}, {4, 6}, {1, 5}], [{8, 3}, {2, 7}, {5, 6}, {1, 4}], [{8, 3}, {4, 7}, {1, 6}, {2, 5}], [{8, 3}, {4, 7}, {2, 6}, {1, 5}], [{8, 3}, {4, 7}, {5, 6}, {1, 2}], [{8, 3}, {5, 7}, {1, 6}, {2, 4}], [{8, 3}, {5, 7}, {2, 6}, {1, 4}], [{8, 3}, {5, 7}, {4, 6}, {1, 2}], [{8, 3}, {6, 7}, {1, 5}, {2, 4}], [{8, 3}, {6, 7}, {2, 5}, {1, 4}], [{8, 3}, {6, 7}, {4, 5}, {1, 2}], [{8, 3}, {7}, {4, 6}, {1, 5}, {2}], [{8, 3}, {7}, {5, 6}, {1, 4}, {2}], [{8, 3}, {7}, {5, 6}, {2, 4}, {1}], [{8, 3}, {7}, {5, 6}, {4}, {1, 2}], [{8, 4}, {1, 7}, {2, 6}, {3, 5}], [{8, 4}, {1, 7}, {3, 6}, {2, 5}], [{8, 4}, {1, 7}, {5, 6}, {2, 3}], [{8, 4}, {1, 7}, {5, 6}, {3}, {2}], [{8, 4}, {2, 7}, {1, 6}, {3, 5}], [{8, 4}, {2, 7}, {3, 6}, {1, 5}], [{8, 4}, {2, 7}, {5, 6}, {1, 3}], [{8, 4}, {2, 7}, {5, 6}, {3}, {1}], [{8, 4}, {2, 7}, {6}, {5}, {1, 3}], [{8, 4}, {3, 7}, {1, 6}, {2, 5}], [{8, 4}, {3, 7}, {2, 6}, {1, 5}], [{8, 4}, {3, 7}, {5, 6}, {1, 2}], [{8, 4}, {3, 7}, {5, 6}, {2}, {1}], [{8, 4}, {5, 7}, {1, 6}, {2, 3}], [{8, 4}, {5, 7}, {2, 6}, {1, 3}], [{8, 4}, {5, 7}, {3, 6}, {1, 2}], [{8, 4}, {5, 7}, {6}, {1, 3}, {2}], [{8, 4}, {6, 7}, {1, 5}, {2, 3}], [{8, 4}, {6, 7}, {2, 5}, {1, 3}], [{8, 4}, {6, 7}, {3, 5}, {1, 2}], [{8, 4}, {6, 7}, {5}, {1, 3}, {2}], [{8, 4}, {7}, {1, 6}, {3, 5}, {2}], [{8, 4}, {7}, {2, 6}, {5}, {1, 3}], [{8, 4}, {7}, {3, 6}, {1, 5}, {2}], [{8, 4}, {7}, {5, 6}, {1, 3}, {2}], [{8, 4}, {7}, {5, 6}, {2, 3}, {1}], [{8, 4}, {7}, {5, 6}, {3}, {1, 2}], [{8, 4}, {7}, {5, 6}, {3}, {2}, {1}], [{8, 4}, {7}, {6}, {2, 5}, {1, 3}], [{8, 4}, {7}, {6}, {5}, {1, 3}, {2}], [{8, 5}, {1, 7}, {2, 6}, {3, 4}], [{8, 5}, {1, 7}, {3, 6}, {2, 4}], [{8, 5}, {1, 7}, {3, 6}, {4}, {2}], [{8, 5}, {1, 7}, {4, 6}, {2, 3}], [{8, 5}, {2, 7}, {1, 6}, {3, 4}], [{8, 5}, {2, 7}, {3, 6}, {1, 4}], [{8, 5}, {2, 7}, {4, 6}, {1, 3}], [{8, 5}, {2, 7}, {6}, {1, 4}, {3}], [{8, 5}, {2, 7}, {6}, {3, 4}, {1}], [{8, 5}, {2, 7}, {6}, {4}, {1, 3}], [{8, 5}, {3, 7}, {1, 6}, {2, 4}], [{8, 5}, {3, 7}, {2, 6}, {1, 4}], [{8, 5}, {3, 7}, {4, 6}, {1, 2}], [{8, 5}, {4, 7}, {1, 6}, {2, 3}], [{8, 5}, {4, 7}, {2, 6}, {1, 3}], [{8, 5}, {4, 7}, {3, 6}, {1, 2}], [{8, 5}, {6, 7}, {1, 4}, {2, 3}], [{8, 5}, {6, 7}, {2, 4}, {1, 3}], [{8, 5}, {6, 7}, {3, 4}, {1, 2}], [{8, 5}, {7}, {1, 6}, {3, 4}, {2}], [{8, 6}, {1, 7}, {2, 5}, {3, 4}], [{8, 6}, {1, 7}, {3, 5}, {2, 4}], [{8, 6}, {1, 7}, {4, 5}, {2, 3}], [{8, 6}, {2, 7}, {1, 5}, {3, 4}], [{8, 6}, {2, 7}, {3, 5}, {1, 4}], [{8, 6}, {2, 7}, {4, 5}, {1, 3}], [{8, 6}, {2, 7}, {5}, {1, 4}, {3}], [{8, 6}, {3, 7}, {1, 5}, {2, 4}], [{8, 6}, {3, 7}, {2, 5}, {1, 4}], [{8, 6}, {3, 7}, {4, 5}, {1, 2}], [{8, 6}, {4, 7}, {1, 5}, {2, 3}], [{8, 6}, {4, 7}, {2, 5}, {1, 3}], [{8, 6}, {4, 7}, {3, 5}, {1, 2}], [{8, 6}, {5, 7}, {1, 4}, {2, 3}], [{8, 6}, {5, 7}, {2, 4}, {1, 3}], [{8, 6}, {5, 7}, {3, 4}, {1, 2}], [{8, 6}, {5, 7}, {4}, {1, 3}, {2}], [{8, 7}, {1, 6}, {2, 5}, {3, 4}], [{8, 7}, {1, 6}, {3, 5}, {2, 4}], [{8, 7}, {1, 6}, {4, 5}, {2, 3}], [{8, 7}, {2, 6}, {1, 5}, {3, 4}], [{8, 7}, {2, 6}, {3, 5}, {1, 4}], [{8, 7}, {2, 6}, {4, 5}, {1, 3}], [{8, 7}, {2, 6}, {5}, {1, 4}, {3}], [{8, 7}, {3, 6}, {1, 5}, {2, 4}], [{8, 7}, {3, 6}, {2, 5}, {1, 4}], [{8, 7}, {3, 6}, {4, 5}, {1, 2}], [{8, 7}, {4, 6}, {1, 5}, {2, 3}], [{8, 7}, {4, 6}, {2, 5}, {1, 3}], [{8, 7}, {4, 6}, {3, 5}, {1, 2}], [{8, 7}, {5, 6}, {1, 4}, {2, 3}], [{8, 7}, {5, 6}, {1, 4}, {3}, {2}], [{8, 7}, {5, 6}, {2, 4}, {1, 3}], [{8, 7}, {5, 6}, {3, 4}, {1, 2}], [{8, 7}, {5, 6}, {4}, {2, 3}, {1}], [{8, 7}, {6}, {2, 5}, {1, 4}, {3}], [{8, 7}, {6}, {2, 5}, {3, 4}, {1}], [{8, 7}, {6}, {2, 5}, {4}, {1, 3}], [{8}, {1, 7}, {2, 6}, {5}, {3, 4}], [{8}, {1, 7}, {4, 6}, {3, 5}, {2}], [{8}, {1, 7}, {5, 6}, {4}, {2, 3}], [{8}, {2, 7}, {1, 6}, {5}, {3, 4}], [{8}, {2, 7}, {3, 6}, {1, 5}, {4}], [{8}, {2, 7}, {4, 6}, {3, 5}, {1}], [{8}, {2, 7}, {5, 6}, {1, 4}, {3}], [{8}, {2, 7}, {6}, {4, 5}, {1, 3}], [{8}, {3, 7}, {5, 6}, {1, 4}, {2}], [{8}, {3, 7}, {6}, {4, 5}, {1, 2}], [{8}, {4, 7}, {5, 6}, {2, 3}, {1}], [{8}, {4, 7}, {6}, {2, 5}, {1, 3}], [{8}, {4, 7}, {6}, {3, 5}, {1, 2}], [{8}, {5, 7}, {2, 6}, {3, 4}, {1}], [{8}, {5, 7}, {4, 6}, {1, 3}, {2}], [{8}, {6, 7}, {3, 5}, {4}, {1, 2}], [{8}, {7}, {2, 6}, {1, 5}, {3, 4}], [{8}, {7}, {4, 6}, {3, 5}, {1, 2}], [{8}, {7}, {5, 6}, {1, 4}, {2, 3}], [{8}, {7}, {5, 6}, {1, 4}, {3}, {2}], [{8}, {7}, {5, 6}, {2, 4}, {1, 3}], [{8}, {7}, {5, 6}, {3, 4}, {1, 2}], [{8}, {7}, {5, 6}, {4}, {2, 3}, {1}]]",2,- 8 K_1^4 + 16 K_1^3 + 16 K_1^2 K_2 - 22 K_1^2 - 24 K_1 K_2 - 6 K_1 K_3 - 4 K_2^2 + 10 K_2 + 8 K_3 + 2 K_4 + 13,O1O2O3O4U3U5U6O7U4O5O8U1U8O6U2U7,O1O2O3U4U3U5U6O7O5U1O8O6U8U2O4U7,O1O2O3U4O5U2U6O7O6U3O8O4U7U8U1U5,c,{'O1O2O3O4U5U3O6U7U4O7O8U1O5U6U8U2'},1,"<a href=""/flatknot/8.850666"">8.850666</a>",t^9-34t^7-80t^6+33t^5+166t^4-24t^3-94t^2+27t,0,,
8.850667,O1O2O3O4U5U3O6U7U4O7O8U1O5U8U2U6,4,z^3+17z^2+91z+123,w^4z^3-2w^4z^2+19w^3z^2-6w^3z+97w^2z+123w,False,False,"[[ 0 -2  0  0  2 -1  2 -1  0],[ 2  0  1 -1  2  0  3  1  0],[ 0 -1  0  0  3 -1  1 -1 -1],[ 0  1  0  0  1 -1  0 -1 -1],[-2 -2 -3 -1  0 -1 -1 -2 -1],[ 1  0  1  1  1  0  1  0  0],[-2 -3 -1  0  1 -1  0 -2  0],[ 1 -1  1  1  2  0  2  0  0],[ 0  0  1  1  1  0  0  0  0]]","[[ 0  2  2  0  0  0 -1 -1 -2],[-2  0  1  0  0 -1 -1 -2 -3],[-2 -1  0 -1 -1 -3 -1 -2 -2],[ 0  0  1  0  1  1  0  0  0],[ 0  0  1 -1  0  0 -1 -1  1],[ 0  1  3 -1  0  0 -1 -1 -1],[ 1  1  1  0  1  1  0  0  0],[ 1  2  2  0  1  1  0  0 -1],[ 2  3  2  0 -1  1  0  1  0]]",True,"[-2,-2,0,0,0,1,1,2,-1,0,0,1,1,2,3,1,1,3,1,2,2,-1,-1,0,0,0,0,1,1,-1,1,1,1,0,0,1]","[-2,-2,0,0,0,1,1,2,-1,-1,1,1,1,2,2,1,2,2,1,2,1,-1,0,0,0,1,1,1,1,2,0,0,3,0,0,1]",t^8+45t^6+273t^4+140t^2,"[-2,-1,-1,0,0,0,2,2,0,1,1,2,3,1,2,0,0,1,0,1,1,0,1,0,2,2,1,0,1,-1,-1,2,1,2,1,-1]","[-2,-2,0,0,0,1,1,2,-1,-1,1,1,1,2,2,1,2,2,1,2,1,-1,0,0,0,1,1,1,1,2,0,0,3,0,0,1]","[-2,-1,-1,0,0,0,2,2,0,1,-1,0,1,2,3,0,1,0,1,1,1,1,0,1,2,2,-1,0,1,0,1,1,0,3,1,-1]",c,"[[{8, 1}, {2, 7}, {3, 6}, {4, 5}], [{8, 1}, {2, 7}, {4, 6}, {3, 5}], [{8, 1}, {2, 7}, {5, 6}, {3, 4}], [{8, 1}, {3, 7}, {2, 6}, {4, 5}], [{8, 1}, {3, 7}, {4, 6}, {2, 5}], [{8, 1}, {3, 7}, {4, 6}, {5}, {2}], [{8, 1}, {3, 7}, {5, 6}, {2, 4}], [{8, 1}, {4, 7}, {2, 6}, {3, 5}], [{8, 1}, {4, 7}, {3, 6}, {2, 5}], [{8, 1}, {4, 7}, {5, 6}, {2, 3}], [{8, 1}, {5, 7}, {2, 6}, {3, 4}], [{8, 1}, {5, 7}, {3, 6}, {2, 4}], [{8, 1}, {5, 7}, {3, 6}, {4}, {2}], [{8, 1}, {5, 7}, {4, 6}, {2, 3}], [{8, 1}, {5, 7}, {4, 6}, {3}, {2}], [{8, 1}, {5, 7}, {6}, {3, 4}, {2}], [{8, 1}, {6, 7}, {2, 5}, {3, 4}], [{8, 1}, {6, 7}, {3, 5}, {2, 4}], [{8, 1}, {6, 7}, {4, 5}, {2, 3}], [{8, 1}, {7}, {4, 6}, {3, 5}, {2}], [{8, 2}, {1, 7}, {3, 6}, {4, 5}], [{8, 2}, {1, 7}, {4, 6}, {3, 5}], [{8, 2}, {1, 7}, {5, 6}, {3, 4}], [{8, 2}, {3, 7}, {1, 6}, {4, 5}], [{8, 2}, {3, 7}, {4, 6}, {1, 5}], [{8, 2}, {3, 7}, {5, 6}, {1, 4}], [{8, 2}, {4, 7}, {1, 6}, {3, 5}], [{8, 2}, {4, 7}, {3, 6}, {1, 5}], [{8, 2}, {4, 7}, {5, 6}, {1, 3}], [{8, 2}, {5, 7}, {1, 6}, {3, 4}], [{8, 2}, {5, 7}, {3, 6}, {1, 4}], [{8, 2}, {5, 7}, {4, 6}, {1, 3}], [{8, 2}, {6, 7}, {1, 5}, {3, 4}], [{8, 2}, {6, 7}, {3, 5}, {1, 4}], [{8, 2}, {6, 7}, {4, 5}, {1, 3}], [{8, 2}, {6, 7}, {4, 5}, {3}, {1}], [{8, 2}, {7}, {1, 6}, {5}, {3, 4}], [{8, 2}, {7}, {6}, {4, 5}, {1, 3}], [{8, 3}, {1, 7}, {2, 6}, {4, 5}], [{8, 3}, {1, 7}, {4, 6}, {2, 5}], [{8, 3}, {1, 7}, {5, 6}, {2, 4}], [{8, 3}, {2, 7}, {1, 6}, {4, 5}], [{8, 3}, {2, 7}, {4, 6}, {1, 5}], [{8, 3}, {2, 7}, {5, 6}, {1, 4}], [{8, 3}, {4, 7}, {1, 6}, {2, 5}], [{8, 3}, {4, 7}, {1, 6}, {5}, {2}], [{8, 3}, {4, 7}, {2, 6}, {1, 5}], [{8, 3}, {4, 7}, {5, 6}, {1, 2}], [{8, 3}, {4, 7}, {5, 6}, {2}, {1}], [{8, 3}, {4, 7}, {6}, {1, 5}, {2}], [{8, 3}, {5, 7}, {1, 6}, {2, 4}], [{8, 3}, {5, 7}, {1, 6}, {4}, {2}], [{8, 3}, {5, 7}, {2, 6}, {1, 4}], [{8, 3}, {5, 7}, {4, 6}, {1, 2}], [{8, 3}, {6, 7}, {1, 5}, {2, 4}], [{8, 3}, {6, 7}, {2, 5}, {1, 4}], [{8, 3}, {6, 7}, {4, 5}, {1, 2}], [{8, 3}, {7}, {1, 6}, {4, 5}, {2}], [{8, 4}, {1, 7}, {2, 6}, {3, 5}], [{8, 4}, {1, 7}, {3, 6}, {2, 5}], [{8, 4}, {1, 7}, {3, 6}, {5}, {2}], [{8, 4}, {1, 7}, {5, 6}, {2, 3}], [{8, 4}, {2, 7}, {1, 6}, {3, 5}], [{8, 4}, {2, 7}, {3, 6}, {1, 5}], [{8, 4}, {2, 7}, {5, 6}, {1, 3}], [{8, 4}, {2, 7}, {5, 6}, {3}, {1}], [{8, 4}, {3, 7}, {1, 6}, {2, 5}], [{8, 4}, {3, 7}, {1, 6}, {5}, {2}], [{8, 4}, {3, 7}, {2, 6}, {1, 5}], [{8, 4}, {3, 7}, {5, 6}, {1, 2}], [{8, 4}, {3, 7}, {5, 6}, {2}, {1}], [{8, 4}, {3, 7}, {6}, {1, 5}, {2}], [{8, 4}, {5, 7}, {1, 6}, {2, 3}], [{8, 4}, {5, 7}, {1, 6}, {3}, {2}], [{8, 4}, {5, 7}, {2, 6}, {1, 3}], [{8, 4}, {5, 7}, {3, 6}, {1, 2}], [{8, 4}, {6, 7}, {1, 5}, {2, 3}], [{8, 4}, {6, 7}, {2, 5}, {1, 3}], [{8, 4}, {6, 7}, {3, 5}, {1, 2}], [{8, 4}, {6, 7}, {5}, {1, 3}, {2}], [{8, 4}, {7}, {1, 6}, {3, 5}, {2}], [{8, 4}, {7}, {3, 6}, {2, 5}, {1}], [{8, 4}, {7}, {5, 6}, {2, 3}, {1}], [{8, 5}, {1, 7}, {2, 6}, {3, 4}], [{8, 5}, {1, 7}, {3, 6}, {2, 4}], [{8, 5}, {1, 7}, {4, 6}, {2, 3}], [{8, 5}, {2, 7}, {1, 6}, {3, 4}], [{8, 5}, {2, 7}, {3, 6}, {1, 4}], [{8, 5}, {2, 7}, {4, 6}, {1, 3}], [{8, 5}, {2, 7}, {4, 6}, {3}, {1}], [{8, 5}, {3, 7}, {1, 6}, {2, 4}], [{8, 5}, {3, 7}, {1, 6}, {4}, {2}], [{8, 5}, {3, 7}, {2, 6}, {1, 4}], [{8, 5}, {3, 7}, {4, 6}, {1, 2}], [{8, 5}, {4, 7}, {1, 6}, {2, 3}], [{8, 5}, {4, 7}, {1, 6}, {3}, {2}], [{8, 5}, {4, 7}, {2, 6}, {1, 3}], [{8, 5}, {4, 7}, {3, 6}, {1, 2}], [{8, 5}, {6, 7}, {1, 4}, {2, 3}], [{8, 5}, {6, 7}, {2, 4}, {1, 3}], [{8, 5}, {6, 7}, {3, 4}, {1, 2}], [{8, 5}, {6, 7}, {4}, {1, 3}, {2}], [{8, 5}, {7}, {1, 6}, {3, 4}, {2}], [{8, 5}, {7}, {2, 6}, {1, 4}, {3}], [{8, 5}, {7}, {3, 6}, {4}, {1, 2}], [{8, 6}, {1, 7}, {2, 5}, {3, 4}], [{8, 6}, {1, 7}, {3, 5}, {2, 4}], [{8, 6}, {1, 7}, {4, 5}, {2, 3}], [{8, 6}, {2, 7}, {1, 5}, {3, 4}], [{8, 6}, {2, 7}, {3, 5}, {1, 4}], [{8, 6}, {2, 7}, {4, 5}, {1, 3}], [{8, 6}, {3, 7}, {1, 5}, {2, 4}], [{8, 6}, {3, 7}, {2, 5}, {1, 4}], [{8, 6}, {3, 7}, {4, 5}, {1, 2}], [{8, 6}, {3, 7}, {5}, {1, 4}, {2}], [{8, 6}, {4, 7}, {1, 5}, {2, 3}], [{8, 6}, {4, 7}, {2, 5}, {1, 3}], [{8, 6}, {4, 7}, {3, 5}, {1, 2}], [{8, 6}, {5, 7}, {1, 4}, {2, 3}], [{8, 6}, {5, 7}, {2, 4}, {1, 3}], [{8, 6}, {5, 7}, {3, 4}, {1, 2}], [{8, 6}, {5, 7}, {3, 4}, {2}, {1}], [{8, 6}, {7}, {2, 5}, {1, 4}, {3}], [{8, 7}, {1, 6}, {2, 5}, {3, 4}], [{8, 7}, {1, 6}, {3, 5}, {2, 4}], [{8, 7}, {1, 6}, {3, 5}, {4}, {2}], [{8, 7}, {1, 6}, {4, 5}, {2, 3}], [{8, 7}, {1, 6}, {4, 5}, {3}, {2}], [{8, 7}, {1, 6}, {5}, {3, 4}, {2}], [{8, 7}, {2, 6}, {1, 5}, {3, 4}], [{8, 7}, {2, 6}, {3, 5}, {1, 4}], [{8, 7}, {2, 6}, {4, 5}, {1, 3}], [{8, 7}, {3, 6}, {1, 5}, {2, 4}], [{8, 7}, {3, 6}, {2, 5}, {1, 4}], [{8, 7}, {3, 6}, {4, 5}, {1, 2}], [{8, 7}, {4, 6}, {1, 5}, {2, 3}], [{8, 7}, {4, 6}, {2, 5}, {1, 3}], [{8, 7}, {4, 6}, {3, 5}, {1, 2}], [{8, 7}, {5, 6}, {1, 4}, {2, 3}], [{8, 7}, {5, 6}, {2, 4}, {1, 3}], [{8, 7}, {5, 6}, {2, 4}, {3}, {1}], [{8, 7}, {5, 6}, {3, 4}, {1, 2}], [{8}, {1, 7}, {3, 6}, {2, 5}, {4}], [{8}, {2, 7}, {1, 6}, {5}, {3, 4}], [{8}, {2, 7}, {3, 6}, {1, 5}, {4}], [{8}, {2, 7}, {3, 6}, {4, 5}, {1}], [{8}, {2, 7}, {3, 6}, {5}, {1, 4}], [{8}, {3, 7}, {1, 6}, {4, 5}, {2}], [{8}, {3, 7}, {5, 6}, {4}, {1, 2}], [{8}, {3, 7}, {6}, {2, 5}, {1, 4}], [{8}, {4, 7}, {1, 6}, {3, 5}, {2}], [{8}, {4, 7}, {5, 6}, {3}, {1, 2}], [{8}, {5, 7}, {1, 6}, {3, 4}, {2}], [{8}, {5, 7}, {6}, {2, 4}, {1, 3}], [{8}, {6, 7}, {4, 5}, {1, 3}, {2}], [{8}, {7}, {1, 6}, {2, 5}, {3, 4}], [{8}, {7}, {5, 6}, {3, 4}, {1, 2}]]",2,24 K_1^3 + 4 K_1^2 K_2 - 26 K_1^2 - 20 K_1 K_2 - 4 K_1 K_3 - 8 K_1 + 13 K_2 + 4 K_3 + K_4 + 13,O1O2O3O4U5U3U6O7U4O6O8U1U8O5U2U7,O1O2O3U4U2U5U6O7O5U3O8O6U8U1O4U7,O1O2O3U4O5U3U6O7O6U1O8O4U7U8U2U5,c,{'O1O2O3O4U5U3O6U7U4O7O8U1O5U8U2U6'},1,"<a href=""/flatknot/8.850667"">8.850667</a>",t^9-43t^7-108t^6+80t^5+344t^4+120t^3-124t^2-47t+8,-t^2+2t,,
8.850668,O1O2O3O4U5U3O6U7U4O7O8U1O5U8U6U2,4,22z^2+107z+127,22w^3z^2+107w^2z+127w,False,False,"[[ 0 -2  1  0  2 -1  1 -1  0],[ 2  0  2 -1  2  0  2  1  0],[-1 -2  0  0  2 -1  0 -2 -1],[ 0  1  0  0  1 -1  0 -1 -1],[-2 -2 -2 -1  0 -1 -1 -2 -1],[ 1  0  1  1  1  0  0  0  0],[-1 -2  0  0  1  0  0 -1  0],[ 1 -1  2  1  2  0  1  0  0],[ 0  0  1  1  1  0  0  0  0]]","[[ 0  2  1  1  0  0 -1 -1 -2],[-2  0 -1 -2 -1 -1 -1 -2 -2],[-1  1  0  0  0  0  0 -1 -2],[-1  2  0  0  0 -1 -1 -2 -2],[ 0  1  0  0  0 -1 -1 -1  1],[ 0  1  0  1  1  0  0  0  0],[ 1  1  0  1  1  0  0  0  0],[ 1  2  1  2  1  0  0  0 -1],[ 2  2  2  2 -1  0  0  1  0]]",True,"[-2,-1,-1,0,0,1,1,2,1,2,1,1,1,2,2,0,0,0,0,1,2,0,1,1,2,2,1,1,1,-1,0,0,0,0,0,1]","[-2,-1,-1,0,0,1,1,2,-1,0,1,1,1,2,2,0,0,1,0,1,1,1,1,1,2,1,1,1,1,2,0,0,3,0,0,1]",t^8+36t^6+170t^4+16t^2,"[-2,-1,-1,0,0,1,1,2,0,1,2,3,1,1,2,0,1,0,0,1,1,1,0,1,2,2,-1,0,1,1,1,1,1,0,-1,0]","[-2,-1,-1,0,0,1,1,2,-1,0,1,1,1,2,2,0,0,1,0,1,1,1,1,1,2,1,1,1,1,2,0,0,3,0,0,1]","[-2,-1,-1,0,0,1,1,2,0,1,-1,0,2,2,2,0,1,0,0,1,1,1,0,1,2,2,-1,0,0,1,0,1,1,0,1,2]",c,"[[{8, 1}, {2, 7}, {3, 6}, {4, 5}], [{8, 1}, {2, 7}, {4, 6}, {3, 5}], [{8, 1}, {2, 7}, {5, 6}, {3, 4}], [{8, 1}, {2, 7}, {5, 6}, {4}, {3}], [{8, 1}, {2, 7}, {6}, {5}, {3, 4}], [{8, 1}, {3, 7}, {2, 6}, {4, 5}], [{8, 1}, {3, 7}, {4, 6}, {2, 5}], [{8, 1}, {3, 7}, {4, 6}, {5}, {2}], [{8, 1}, {3, 7}, {5, 6}, {2, 4}], [{8, 1}, {4, 7}, {2, 6}, {3, 5}], [{8, 1}, {4, 7}, {3, 6}, {2, 5}], [{8, 1}, {4, 7}, {3, 6}, {5}, {2}], [{8, 1}, {4, 7}, {5, 6}, {2, 3}], [{8, 1}, {5, 7}, {2, 6}, {3, 4}], [{8, 1}, {5, 7}, {3, 6}, {2, 4}], [{8, 1}, {5, 7}, {4, 6}, {2, 3}], [{8, 1}, {5, 7}, {6}, {3, 4}, {2}], [{8, 1}, {6, 7}, {2, 5}, {3, 4}], [{8, 1}, {6, 7}, {3, 5}, {2, 4}], [{8, 1}, {6, 7}, {4, 5}, {2, 3}], [{8, 1}, {6, 7}, {5}, {3, 4}, {2}], [{8, 1}, {7}, {2, 6}, {5}, {3, 4}], [{8, 1}, {7}, {5, 6}, {3, 4}, {2}], [{8, 1}, {7}, {6}, {2, 5}, {3, 4}], [{8, 1}, {7}, {6}, {5}, {3, 4}, {2}], [{8, 2}, {1, 7}, {3, 6}, {4, 5}], [{8, 2}, {1, 7}, {4, 6}, {3, 5}], [{8, 2}, {1, 7}, {5, 6}, {3, 4}], [{8, 2}, {3, 7}, {1, 6}, {4, 5}], [{8, 2}, {3, 7}, {4, 6}, {1, 5}], [{8, 2}, {3, 7}, {5, 6}, {1, 4}], [{8, 2}, {3, 7}, {6}, {4, 5}, {1}], [{8, 2}, {4, 7}, {1, 6}, {3, 5}], [{8, 2}, {4, 7}, {3, 6}, {1, 5}], [{8, 2}, {4, 7}, {5, 6}, {1, 3}], [{8, 2}, {5, 7}, {1, 6}, {3, 4}], [{8, 2}, {5, 7}, {3, 6}, {1, 4}], [{8, 2}, {5, 7}, {4, 6}, {1, 3}], [{8, 2}, {5, 7}, {6}, {1, 4}, {3}], [{8, 2}, {6, 7}, {1, 5}, {3, 4}], [{8, 2}, {6, 7}, {1, 5}, {4}, {3}], [{8, 2}, {6, 7}, {3, 5}, {1, 4}], [{8, 2}, {6, 7}, {4, 5}, {1, 3}], [{8, 2}, {7}, {3, 6}, {5}, {1, 4}], [{8, 2}, {7}, {6}, {1, 5}, {3, 4}], [{8, 3}, {1, 7}, {2, 6}, {4, 5}], [{8, 3}, {1, 7}, {4, 6}, {2, 5}], [{8, 3}, {1, 7}, {5, 6}, {2, 4}], [{8, 3}, {2, 7}, {1, 6}, {4, 5}], [{8, 3}, {2, 7}, {4, 6}, {1, 5}], [{8, 3}, {2, 7}, {5, 6}, {1, 4}], [{8, 3}, {4, 7}, {1, 6}, {2, 5}], [{8, 3}, {4, 7}, {1, 6}, {5}, {2}], [{8, 3}, {4, 7}, {2, 6}, {1, 5}], [{8, 3}, {4, 7}, {5, 6}, {1, 2}], [{8, 3}, {5, 7}, {1, 6}, {2, 4}], [{8, 3}, {5, 7}, {2, 6}, {1, 4}], [{8, 3}, {5, 7}, {4, 6}, {1, 2}], [{8, 3}, {6, 7}, {1, 5}, {2, 4}], [{8, 3}, {6, 7}, {1, 5}, {4}, {2}], [{8, 3}, {6, 7}, {2, 5}, {1, 4}], [{8, 3}, {6, 7}, {4, 5}, {1, 2}], [{8, 3}, {7}, {5, 6}, {4}, {1, 2}], [{8, 4}, {1, 7}, {2, 6}, {3, 5}], [{8, 4}, {1, 7}, {2, 6}, {5}, {3}], [{8, 4}, {1, 7}, {3, 6}, {2, 5}], [{8, 4}, {1, 7}, {3, 6}, {5}, {2}], [{8, 4}, {1, 7}, {5, 6}, {2, 3}], [{8, 4}, {1, 7}, {6}, {5}, {2, 3}], [{8, 4}, {2, 7}, {1, 6}, {3, 5}], [{8, 4}, {2, 7}, {3, 6}, {1, 5}], [{8, 4}, {2, 7}, {5, 6}, {1, 3}], [{8, 4}, {2, 7}, {5, 6}, {3}, {1}], [{8, 4}, {3, 7}, {1, 6}, {2, 5}], [{8, 4}, {3, 7}, {2, 6}, {1, 5}], [{8, 4}, {3, 7}, {5, 6}, {1, 2}], [{8, 4}, {3, 7}, {5, 6}, {2}, {1}], [{8, 4}, {5, 7}, {1, 6}, {2, 3}], [{8, 4}, {5, 7}, {2, 6}, {1, 3}], [{8, 4}, {5, 7}, {3, 6}, {1, 2}], [{8, 4}, {5, 7}, {6}, {1, 3}, {2}], [{8, 4}, {6, 7}, {1, 5}, {2, 3}], [{8, 4}, {6, 7}, {1, 5}, {3}, {2}], [{8, 4}, {6, 7}, {2, 5}, {1, 3}], [{8, 4}, {6, 7}, {3, 5}, {1, 2}], [{8, 4}, {7}, {1, 6}, {3, 5}, {2}], [{8, 4}, {7}, {2, 6}, {3, 5}, {1}], [{8, 4}, {7}, {5, 6}, {2, 3}, {1}], [{8, 4}, {7}, {6}, {3, 5}, {1, 2}], [{8, 5}, {1, 7}, {2, 6}, {3, 4}], [{8, 5}, {1, 7}, {3, 6}, {2, 4}], [{8, 5}, {1, 7}, {3, 6}, {4}, {2}], [{8, 5}, {1, 7}, {4, 6}, {2, 3}], [{8, 5}, {1, 7}, {4, 6}, {3}, {2}], [{8, 5}, {1, 7}, {6}, {3, 4}, {2}], [{8, 5}, {2, 7}, {1, 6}, {3, 4}], [{8, 5}, {2, 7}, {3, 6}, {1, 4}], [{8, 5}, {2, 7}, {3, 6}, {4}, {1}], [{8, 5}, {2, 7}, {4, 6}, {1, 3}], [{8, 5}, {2, 7}, {4, 6}, {3}, {1}], [{8, 5}, {2, 7}, {6}, {3, 4}, {1}], [{8, 5}, {3, 7}, {1, 6}, {2, 4}], [{8, 5}, {3, 7}, {2, 6}, {1, 4}], [{8, 5}, {3, 7}, {4, 6}, {1, 2}], [{8, 5}, {3, 7}, {4, 6}, {2}, {1}], [{8, 5}, {4, 7}, {1, 6}, {2, 3}], [{8, 5}, {4, 7}, {2, 6}, {1, 3}], [{8, 5}, {4, 7}, {3, 6}, {1, 2}], [{8, 5}, {4, 7}, {3, 6}, {2}, {1}], [{8, 5}, {6, 7}, {1, 4}, {2, 3}], [{8, 5}, {6, 7}, {2, 4}, {1, 3}], [{8, 5}, {6, 7}, {3, 4}, {1, 2}], [{8, 5}, {6, 7}, {3, 4}, {2}, {1}], [{8, 5}, {7}, {1, 6}, {3, 4}, {2}], [{8, 5}, {7}, {2, 6}, {3, 4}, {1}], [{8, 5}, {7}, {3, 6}, {1, 4}, {2}], [{8, 5}, {7}, {3, 6}, {2, 4}, {1}], [{8, 5}, {7}, {3, 6}, {4}, {1, 2}], [{8, 5}, {7}, {3, 6}, {4}, {2}, {1}], [{8, 5}, {7}, {4, 6}, {1, 3}, {2}], [{8, 5}, {7}, {4, 6}, {2, 3}, {1}], [{8, 5}, {7}, {4, 6}, {3}, {1, 2}], [{8, 5}, {7}, {4, 6}, {3}, {2}, {1}], [{8, 5}, {7}, {6}, {3, 4}, {1, 2}], [{8, 5}, {7}, {6}, {3, 4}, {2}, {1}], [{8, 6}, {1, 7}, {2, 5}, {3, 4}], [{8, 6}, {1, 7}, {3, 5}, {2, 4}], [{8, 6}, {1, 7}, {3, 5}, {4}, {2}], [{8, 6}, {1, 7}, {4, 5}, {2, 3}], [{8, 6}, {2, 7}, {1, 5}, {3, 4}], [{8, 6}, {2, 7}, {3, 5}, {1, 4}], [{8, 6}, {2, 7}, {4, 5}, {1, 3}], [{8, 6}, {3, 7}, {1, 5}, {2, 4}], [{8, 6}, {3, 7}, {2, 5}, {1, 4}], [{8, 6}, {3, 7}, {4, 5}, {1, 2}], [{8, 6}, {4, 7}, {1, 5}, {2, 3}], [{8, 6}, {4, 7}, {2, 5}, {1, 3}], [{8, 6}, {4, 7}, {3, 5}, {1, 2}], [{8, 6}, {5, 7}, {1, 4}, {2, 3}], [{8, 6}, {5, 7}, {2, 4}, {1, 3}], [{8, 6}, {5, 7}, {3, 4}, {1, 2}], [{8, 6}, {7}, {1, 5}, {3, 4}, {2}], [{8, 7}, {1, 6}, {2, 5}, {3, 4}], [{8, 7}, {1, 6}, {3, 5}, {2, 4}], [{8, 7}, {1, 6}, {4, 5}, {2, 3}], [{8, 7}, {2, 6}, {1, 5}, {3, 4}], [{8, 7}, {2, 6}, {3, 5}, {1, 4}], [{8, 7}, {2, 6}, {4, 5}, {1, 3}], [{8, 7}, {3, 6}, {1, 5}, {2, 4}], [{8, 7}, {3, 6}, {2, 5}, {1, 4}], [{8, 7}, {3, 6}, {4, 5}, {1, 2}], [{8, 7}, {4, 6}, {1, 5}, {2, 3}], [{8, 7}, {4, 6}, {2, 5}, {1, 3}], [{8, 7}, {4, 6}, {3, 5}, {1, 2}], [{8, 7}, {5, 6}, {1, 4}, {2, 3}], [{8, 7}, {5, 6}, {2, 4}, {1, 3}], [{8, 7}, {5, 6}, {3, 4}, {1, 2}], [{8, 7}, {6}, {1, 5}, {3, 4}, {2}], [{8, 7}, {6}, {3, 5}, {1, 4}, {2}], [{8, 7}, {6}, {3, 5}, {2, 4}, {1}], [{8, 7}, {6}, {3, 5}, {4}, {1, 2}], [{8}, {1, 7}, {3, 6}, {4, 5}, {2}], [{8}, {2, 7}, {5, 6}, {1, 4}, {3}], [{8}, {2, 7}, {6}, {1, 5}, {3, 4}], [{8}, {2, 7}, {6}, {4, 5}, {1, 3}], [{8}, {3, 7}, {4, 6}, {1, 5}, {2}], [{8}, {3, 7}, {6}, {2, 5}, {1, 4}], [{8}, {4, 7}, {3, 6}, {1, 5}, {2}], [{8}, {4, 7}, {5, 6}, {1, 3}, {2}], [{8}, {4, 7}, {6}, {3, 5}, {1, 2}], [{8}, {6, 7}, {1, 5}, {2, 4}, {3}], [{8}, {6, 7}, {1, 5}, {3, 4}, {2}], [{8}, {6, 7}, {1, 5}, {4}, {2, 3}], [{8}, {6, 7}, {1, 5}, {4}, {3}, {2}], [{8}, {6, 7}, {2, 5}, {1, 4}, {3}], [{8}, {6, 7}, {4, 5}, {3}, {1, 2}], [{8}, {7}, {2, 6}, {1, 5}, {3, 4}], [{8}, {7}, {3, 6}, {2, 5}, {1, 4}], [{8}, {7}, {6}, {1, 5}, {3, 4}, {2}]]",2,20 K_1^3 + 4 K_1^2 K_2 - 20 K_1^2 - 20 K_1 K_2 - 4 K_1 K_3 - 5 K_1 + 10 K_2 + 5 K_3 + K_4 + 10,O1O2O3O4U3U5U6O7U4O6O8U1U8O5U2U7,O1O2O3U4U3U5U6O7O5U2O8O6U8U1O4U7,O1O2O3U4O5U3U6O7O6U2O8O4U7U8U1U5,c,{'O1O2O3O4U5U3O6U7U4O7O8U1O5U8U6U2'},1,"<a href=""/flatknot/8.850668"">8.850668</a>",t^9-36t^7-78t^6+38t^5+170t^4+53t^3-58t^2-32t+4,0,,
8.850669,O1O2O3O4U5U3O6U7U4O7O8U2O5U1U6U8,4,24z^2+109z+123,24w^3z^2+109w^2z+123w,False,False,"[[ 0 -2 -1  0  2 -1  1 -1  2],[ 2  0  1  0  3 -1  2  1  2],[ 1 -1  0 -1  2 -1  1  0  1],[ 0  0  1  0  1 -1  0 -1 -1],[-2 -3 -2 -1  0 -1 -1 -2  0],[ 1  1  1  1  1  0  1  0  1],[-1 -2 -1  0  1 -1  0 -1  1],[ 1 -1  0  1  2  0  1  0  2],[-2 -2 -1  1  0 -1 -1 -2  0]]","[[ 0  2  2  1  0 -1 -1 -1 -2],[-2  0  0 -1  1 -1 -1 -2 -2],[-2  0  0 -1 -1 -1 -2 -2 -3],[-1  1  1  0  0 -1 -1 -1 -2],[ 0 -1  1  0  0 -1  1 -1  0],[ 1  1  1  1  1  0  1  0  1],[ 1  1  2  1 -1 -1  0  0 -1],[ 1  2  2  1  1  0  0  0 -1],[ 2  2  3  2  0 -1  1  1  0]]",True,"[-2,-2,-1,0,1,1,1,2,0,1,-1,1,1,2,2,1,1,1,2,2,3,0,1,1,1,2,1,-1,1,0,-1,0,-1,0,1,1]","[-2,-2,-1,0,1,1,1,2,0,0,1,1,1,2,1,0,3,1,2,2,2,1,1,1,1,1,0,2,0,2,0,0,0,-1,0,2]",t^8+46t^6+243t^4+71t^2,"[-2,-1,-1,-1,0,1,2,2,0,0,2,2,1,1,2,0,0,0,1,1,1,1,2,1,1,2,0,1,2,2,1,1,3,0,0,0]","[-2,-2,-1,0,1,1,1,2,0,0,1,1,1,2,1,0,3,1,2,2,2,1,1,1,1,1,0,2,0,2,0,0,0,-1,0,2]","[-2,-1,-1,-1,0,1,2,2,-1,1,1,0,2,2,3,0,1,1,1,1,1,0,1,1,2,2,-1,1,1,2,0,-1,1,1,1,0]",c,"[[{8, 1}, {2, 7}, {3, 6}, {4, 5}], [{8, 1}, {2, 7}, {3, 6}, {5}, {4}], [{8, 1}, {2, 7}, {4, 6}, {3, 5}], [{8, 1}, {2, 7}, {5, 6}, {3, 4}], [{8, 1}, {2, 7}, {5, 6}, {4}, {3}], [{8, 1}, {2, 7}, {6}, {3, 5}, {4}], [{8, 1}, {3, 7}, {2, 6}, {4, 5}], [{8, 1}, {3, 7}, {4, 6}, {2, 5}], [{8, 1}, {3, 7}, {5, 6}, {2, 4}], [{8, 1}, {4, 7}, {2, 6}, {3, 5}], [{8, 1}, {4, 7}, {3, 6}, {2, 5}], [{8, 1}, {4, 7}, {5, 6}, {2, 3}], [{8, 1}, {4, 7}, {5, 6}, {3}, {2}], [{8, 1}, {5, 7}, {2, 6}, {3, 4}], [{8, 1}, {5, 7}, {3, 6}, {2, 4}], [{8, 1}, {5, 7}, {4, 6}, {2, 3}], [{8, 1}, {5, 7}, {6}, {2, 4}, {3}], [{8, 1}, {6, 7}, {2, 5}, {3, 4}], [{8, 1}, {6, 7}, {2, 5}, {4}, {3}], [{8, 1}, {6, 7}, {3, 5}, {2, 4}], [{8, 1}, {6, 7}, {4, 5}, {2, 3}], [{8, 1}, {6, 7}, {4, 5}, {3}, {2}], [{8, 1}, {6, 7}, {5}, {2, 4}, {3}], [{8, 1}, {7}, {5, 6}, {2, 4}, {3}], [{8, 1}, {7}, {6}, {2, 5}, {3, 4}], [{8, 2}, {1, 7}, {3, 6}, {4, 5}], [{8, 2}, {1, 7}, {4, 6}, {3, 5}], [{8, 2}, {1, 7}, {5, 6}, {3, 4}], [{8, 2}, {1, 7}, {6}, {3, 5}, {4}], [{8, 2}, {1, 7}, {6}, {4, 5}, {3}], [{8, 2}, {1, 7}, {6}, {5}, {3, 4}], [{8, 2}, {3, 7}, {1, 6}, {4, 5}], [{8, 2}, {3, 7}, {1, 6}, {5}, {4}], [{8, 2}, {3, 7}, {4, 6}, {1, 5}], [{8, 2}, {3, 7}, {4, 6}, {5}, {1}], [{8, 2}, {3, 7}, {5, 6}, {1, 4}], [{8, 2}, {3, 7}, {6}, {5}, {1, 4}], [{8, 2}, {4, 7}, {1, 6}, {3, 5}], [{8, 2}, {4, 7}, {3, 6}, {1, 5}], [{8, 2}, {4, 7}, {5, 6}, {1, 3}], [{8, 2}, {4, 7}, {6}, {1, 5}, {3}], [{8, 2}, {5, 7}, {1, 6}, {3, 4}], [{8, 2}, {5, 7}, {1, 6}, {4}, {3}], [{8, 2}, {5, 7}, {3, 6}, {1, 4}], [{8, 2}, {5, 7}, {4, 6}, {1, 3}], [{8, 2}, {6, 7}, {1, 5}, {3, 4}], [{8, 2}, {6, 7}, {3, 5}, {1, 4}], [{8, 2}, {6, 7}, {3, 5}, {4}, {1}], [{8, 2}, {6, 7}, {4, 5}, {1, 3}], [{8, 2}, {6, 7}, {5}, {1, 4}, {3}], [{8, 2}, {7}, {1, 6}, {3, 5}, {4}], [{8, 2}, {7}, {3, 6}, {1, 5}, {4}], [{8, 2}, {7}, {3, 6}, {4, 5}, {1}], [{8, 2}, {7}, {3, 6}, {5}, {1, 4}], [{8, 2}, {7}, {5, 6}, {4}, {1, 3}], [{8, 3}, {1, 7}, {2, 6}, {4, 5}], [{8, 3}, {1, 7}, {4, 6}, {2, 5}], [{8, 3}, {1, 7}, {4, 6}, {5}, {2}], [{8, 3}, {1, 7}, {5, 6}, {2, 4}], [{8, 3}, {2, 7}, {1, 6}, {4, 5}], [{8, 3}, {2, 7}, {1, 6}, {5}, {4}], [{8, 3}, {2, 7}, {4, 6}, {1, 5}], [{8, 3}, {2, 7}, {5, 6}, {1, 4}], [{8, 3}, {2, 7}, {6}, {4, 5}, {1}], [{8, 3}, {4, 7}, {1, 6}, {2, 5}], [{8, 3}, {4, 7}, {2, 6}, {1, 5}], [{8, 3}, {4, 7}, {5, 6}, {1, 2}], [{8, 3}, {4, 7}, {6}, {2, 5}, {1}], [{8, 3}, {5, 7}, {1, 6}, {2, 4}], [{8, 3}, {5, 7}, {2, 6}, {1, 4}], [{8, 3}, {5, 7}, {2, 6}, {4}, {1}], [{8, 3}, {5, 7}, {4, 6}, {1, 2}], [{8, 3}, {5, 7}, {6}, {1, 4}, {2}], [{8, 3}, {6, 7}, {1, 5}, {2, 4}], [{8, 3}, {6, 7}, {2, 5}, {1, 4}], [{8, 3}, {6, 7}, {4, 5}, {1, 2}], [{8, 3}, {7}, {1, 6}, {4, 5}, {2}], [{8, 3}, {7}, {2, 6}, {5}, {1, 4}], [{8, 4}, {1, 7}, {2, 6}, {3, 5}], [{8, 4}, {1, 7}, {3, 6}, {2, 5}], [{8, 4}, {1, 7}, {5, 6}, {2, 3}], [{8, 4}, {2, 7}, {1, 6}, {3, 5}], [{8, 4}, {2, 7}, {3, 6}, {1, 5}], [{8, 4}, {2, 7}, {5, 6}, {1, 3}], [{8, 4}, {3, 7}, {1, 6}, {2, 5}], [{8, 4}, {3, 7}, {2, 6}, {1, 5}], [{8, 4}, {3, 7}, {5, 6}, {1, 2}], [{8, 4}, {5, 7}, {1, 6}, {2, 3}], [{8, 4}, {5, 7}, {2, 6}, {1, 3}], [{8, 4}, {5, 7}, {3, 6}, {1, 2}], [{8, 4}, {6, 7}, {1, 5}, {2, 3}], [{8, 4}, {6, 7}, {2, 5}, {1, 3}], [{8, 4}, {6, 7}, {2, 5}, {3}, {1}], [{8, 4}, {6, 7}, {3, 5}, {1, 2}], [{8, 4}, {7}, {3, 6}, {5}, {1, 2}], [{8, 4}, {7}, {6}, {2, 5}, {1, 3}], [{8, 5}, {1, 7}, {2, 6}, {3, 4}], [{8, 5}, {1, 7}, {3, 6}, {2, 4}], [{8, 5}, {1, 7}, {4, 6}, {2, 3}], [{8, 5}, {2, 7}, {1, 6}, {3, 4}], [{8, 5}, {2, 7}, {3, 6}, {1, 4}], [{8, 5}, {2, 7}, {4, 6}, {1, 3}], [{8, 5}, {2, 7}, {6}, {1, 4}, {3}], [{8, 5}, {3, 7}, {1, 6}, {2, 4}], [{8, 5}, {3, 7}, {2, 6}, {1, 4}], [{8, 5}, {3, 7}, {2, 6}, {4}, {1}], [{8, 5}, {3, 7}, {4, 6}, {1, 2}], [{8, 5}, {3, 7}, {6}, {1, 4}, {2}], [{8, 5}, {4, 7}, {1, 6}, {2, 3}], [{8, 5}, {4, 7}, {2, 6}, {1, 3}], [{8, 5}, {4, 7}, {3, 6}, {1, 2}], [{8, 5}, {6, 7}, {1, 4}, {2, 3}], [{8, 5}, {6, 7}, {1, 4}, {3}, {2}], [{8, 5}, {6, 7}, {2, 4}, {1, 3}], [{8, 5}, {6, 7}, {3, 4}, {1, 2}], [{8, 5}, {7}, {2, 6}, {1, 4}, {3}], [{8, 5}, {7}, {3, 6}, {1, 4}, {2}], [{8, 5}, {7}, {6}, {1, 4}, {2, 3}], [{8, 5}, {7}, {6}, {1, 4}, {3}, {2}], [{8, 6}, {1, 7}, {2, 5}, {3, 4}], [{8, 6}, {1, 7}, {2, 5}, {4}, {3}], [{8, 6}, {1, 7}, {3, 5}, {2, 4}], [{8, 6}, {1, 7}, {4, 5}, {2, 3}], [{8, 6}, {1, 7}, {4, 5}, {3}, {2}], [{8, 6}, {1, 7}, {5}, {2, 4}, {3}], [{8, 6}, {2, 7}, {1, 5}, {3, 4}], [{8, 6}, {2, 7}, {3, 5}, {1, 4}], [{8, 6}, {2, 7}, {4, 5}, {1, 3}], [{8, 6}, {2, 7}, {4, 5}, {3}, {1}], [{8, 6}, {3, 7}, {1, 5}, {2, 4}], [{8, 6}, {3, 7}, {2, 5}, {1, 4}], [{8, 6}, {3, 7}, {4, 5}, {1, 2}], [{8, 6}, {3, 7}, {5}, {1, 4}, {2}], [{8, 6}, {4, 7}, {1, 5}, {2, 3}], [{8, 6}, {4, 7}, {2, 5}, {1, 3}], [{8, 6}, {4, 7}, {3, 5}, {1, 2}], [{8, 6}, {5, 7}, {1, 4}, {2, 3}], [{8, 6}, {5, 7}, {2, 4}, {1, 3}], [{8, 6}, {5, 7}, {3, 4}, {1, 2}], [{8, 6}, {7}, {4, 5}, {3}, {1, 2}], [{8, 7}, {1, 6}, {2, 5}, {3, 4}], [{8, 7}, {1, 6}, {3, 5}, {2, 4}], [{8, 7}, {1, 6}, {4, 5}, {2, 3}], [{8, 7}, {2, 6}, {1, 5}, {3, 4}], [{8, 7}, {2, 6}, {3, 5}, {1, 4}], [{8, 7}, {2, 6}, {3, 5}, {4}, {1}], [{8, 7}, {2, 6}, {4, 5}, {1, 3}], [{8, 7}, {2, 6}, {5}, {1, 4}, {3}], [{8, 7}, {3, 6}, {1, 5}, {2, 4}], [{8, 7}, {3, 6}, {2, 5}, {1, 4}], [{8, 7}, {3, 6}, {4, 5}, {1, 2}], [{8, 7}, {3, 6}, {4, 5}, {2}, {1}], [{8, 7}, {4, 6}, {1, 5}, {2, 3}], [{8, 7}, {4, 6}, {2, 5}, {1, 3}], [{8, 7}, {4, 6}, {3, 5}, {1, 2}], [{8, 7}, {4, 6}, {5}, {1, 3}, {2}], [{8, 7}, {5, 6}, {1, 4}, {2, 3}], [{8, 7}, {5, 6}, {2, 4}, {1, 3}], [{8, 7}, {5, 6}, {3, 4}, {1, 2}], [{8, 7}, {5, 6}, {3, 4}, {2}, {1}], [{8, 7}, {6}, {3, 5}, {1, 4}, {2}], [{8}, {1, 7}, {2, 6}, {4, 5}, {3}], [{8}, {2, 7}, {3, 6}, {4, 5}, {1}], [{8}, {3, 7}, {2, 6}, {5}, {1, 4}], [{8}, {3, 7}, {5, 6}, {1, 4}, {2}], [{8}, {3, 7}, {6}, {1, 5}, {2, 4}], [{8}, {3, 7}, {6}, {2, 5}, {1, 4}], [{8}, {3, 7}, {6}, {4, 5}, {1, 2}], [{8}, {3, 7}, {6}, {5}, {1, 4}, {2}], [{8}, {4, 7}, {2, 6}, {5}, {1, 3}], [{8}, {4, 7}, {6}, {3, 5}, {1, 2}], [{8}, {5, 7}, {2, 6}, {1, 4}, {3}], [{8}, {5, 7}, {3, 6}, {4}, {1, 2}], [{8}, {5, 7}, {4, 6}, {3}, {1, 2}], [{8}, {5, 7}, {6}, {3, 4}, {1, 2}], [{8}, {6, 7}, {1, 5}, {4}, {2, 3}], [{8}, {6, 7}, {2, 5}, {1, 4}, {3}], [{8}, {7}, {2, 6}, {3, 5}, {1, 4}], [{8}, {7}, {3, 6}, {2, 5}, {1, 4}]]",2,28 K_1^3 + 12 K_1^2 K_2 - 36 K_1^2 - 36 K_1 K_2 - 6 K_1 K_3 - 3 K_1 - 2 K_2^2 + 15 K_2 + 11 K_3 + K_4 + 17,O1O2O3O4U5U6U4O7U3O5O8U1U8O6U2U7,O1O2O3U1U4U5U6O7O5U2O8O6U8U3O4U7,O1O2O3U4O5U1U6O7O6U2O8O4U7U8U5U3,c,{'O1O2O3O4U5U3O6U7U4O7O8U2O5U1U6U8'},1,"<a href=""/flatknot/8.850669"">8.850669</a>",t^9-44t^7-132t^6-46t^5+158t^4+52t^3-66t^2+6t,-t^2+2t,,
8.850670,O1O2O3O4U5U3O6U7U4O7O8U2O5U1U8U6,4,22z^2+91z+95,-6w^4z^2+28w^3z^2-10w^3z+101w^2z+95w,False,False,"[[ 0 -2 -1  0  2 -1  2 -1  1],[ 2  0  1  0  3 -1  3  1  1],[ 1 -1  0 -1  2 -1  2  0  0],[ 0  0  1  0  1 -1  0 -1 -1],[-2 -3 -2 -1  0 -1 -1 -2 -1],[ 1  1  1  1  1  0  1  0  1],[-2 -3 -2  0  1 -1  0 -2  0],[ 1 -1  0  1  2  0  2  0  1],[-1 -1  0  1  1 -1  0 -1  0]]","[[ 0  2  2  1  0 -1 -1 -1 -2],[-2  0  1  0  0 -1 -2 -2 -3],[-2 -1  0 -1 -1 -1 -2 -2 -3],[-1  0  1  0  1 -1  0 -1 -1],[ 0  0  1 -1  0 -1  1 -1  0],[ 1  1  1  1  1  0  1  0  1],[ 1  2  2  0 -1 -1  0  0 -1],[ 1  2  2  1  1  0  0  0 -1],[ 2  3  3  1  0 -1  1  1  0]]",True,"[-2,-2,-1,0,1,1,1,2,-1,0,0,1,2,2,3,1,1,1,2,2,3,-1,1,0,1,1,1,-1,1,0,-1,0,-1,0,1,1]","[-2,-2,-1,0,1,1,1,2,-1,0,0,1,2,2,3,1,1,1,2,2,3,-1,1,0,1,1,1,-1,1,0,-1,0,-1,0,1,1]",t^8+50t^6+264t^4+91t^2+1,"[-2,-1,-1,-1,0,1,2,2,0,0,2,2,2,1,1,0,0,0,1,1,1,1,2,2,1,1,0,1,2,2,2,1,2,0,1,1]","[-2,-2,-1,0,1,1,1,2,-1,0,1,1,1,2,1,1,2,1,1,2,1,2,1,2,1,2,0,2,0,2,0,0,0,-1,0,2]","[-2,-1,-1,-1,0,1,2,2,-1,1,1,0,1,3,3,0,1,1,1,1,1,0,1,1,2,2,-1,0,2,2,-1,0,1,0,1,1]",c,"[[{8, 1}, {2, 7}, {3, 6}, {4, 5}], [{8, 1}, {2, 7}, {4, 6}, {3, 5}], [{8, 1}, {2, 7}, {5, 6}, {3, 4}], [{8, 1}, {3, 7}, {2, 6}, {4, 5}], [{8, 1}, {3, 7}, {2, 6}, {5}, {4}], [{8, 1}, {3, 7}, {4, 6}, {2, 5}], [{8, 1}, {3, 7}, {5, 6}, {2, 4}], [{8, 1}, {4, 7}, {2, 6}, {3, 5}], [{8, 1}, {4, 7}, {2, 6}, {5}, {3}], [{8, 1}, {4, 7}, {3, 6}, {2, 5}], [{8, 1}, {4, 7}, {5, 6}, {2, 3}], [{8, 1}, {5, 7}, {2, 6}, {3, 4}], [{8, 1}, {5, 7}, {3, 6}, {2, 4}], [{8, 1}, {5, 7}, {4, 6}, {2, 3}], [{8, 1}, {6, 7}, {2, 5}, {3, 4}], [{8, 1}, {6, 7}, {3, 5}, {2, 4}], [{8, 1}, {6, 7}, {4, 5}, {2, 3}], [{8, 1}, {6, 7}, {4, 5}, {3}, {2}], [{8, 1}, {7}, {2, 6}, {5}, {3, 4}], [{8, 2}, {1, 7}, {3, 6}, {4, 5}], [{8, 2}, {1, 7}, {4, 6}, {3, 5}], [{8, 2}, {1, 7}, {5, 6}, {3, 4}], [{8, 2}, {1, 7}, {6}, {4, 5}, {3}], [{8, 2}, {3, 7}, {1, 6}, {4, 5}], [{8, 2}, {3, 7}, {4, 6}, {1, 5}], [{8, 2}, {3, 7}, {4, 6}, {5}, {1}], [{8, 2}, {3, 7}, {5, 6}, {1, 4}], [{8, 2}, {3, 7}, {5, 6}, {4}, {1}], [{8, 2}, {3, 7}, {6}, {4, 5}, {1}], [{8, 2}, {4, 7}, {1, 6}, {3, 5}], [{8, 2}, {4, 7}, {1, 6}, {5}, {3}], [{8, 2}, {4, 7}, {3, 6}, {1, 5}], [{8, 2}, {4, 7}, {3, 6}, {5}, {1}], [{8, 2}, {4, 7}, {5, 6}, {1, 3}], [{8, 2}, {4, 7}, {6}, {5}, {1, 3}], [{8, 2}, {5, 7}, {1, 6}, {3, 4}], [{8, 2}, {5, 7}, {1, 6}, {4}, {3}], [{8, 2}, {5, 7}, {3, 6}, {1, 4}], [{8, 2}, {5, 7}, {3, 6}, {4}, {1}], [{8, 2}, {5, 7}, {4, 6}, {1, 3}], [{8, 2}, {5, 7}, {6}, {4}, {1, 3}], [{8, 2}, {6, 7}, {1, 5}, {3, 4}], [{8, 2}, {6, 7}, {3, 5}, {1, 4}], [{8, 2}, {6, 7}, {4, 5}, {1, 3}], [{8, 2}, {6, 7}, {4, 5}, {3}, {1}], [{8, 2}, {7}, {1, 6}, {4, 5}, {3}], [{8, 2}, {7}, {3, 6}, {4, 5}, {1}], [{8, 2}, {7}, {6}, {4, 5}, {1, 3}], [{8, 3}, {1, 7}, {2, 6}, {4, 5}], [{8, 3}, {1, 7}, {4, 6}, {2, 5}], [{8, 3}, {1, 7}, {5, 6}, {2, 4}], [{8, 3}, {2, 7}, {1, 6}, {4, 5}], [{8, 3}, {2, 7}, {4, 6}, {1, 5}], [{8, 3}, {2, 7}, {4, 6}, {5}, {1}], [{8, 3}, {2, 7}, {5, 6}, {1, 4}], [{8, 3}, {2, 7}, {5, 6}, {4}, {1}], [{8, 3}, {2, 7}, {6}, {4, 5}, {1}], [{8, 3}, {4, 7}, {1, 6}, {2, 5}], [{8, 3}, {4, 7}, {2, 6}, {1, 5}], [{8, 3}, {4, 7}, {2, 6}, {5}, {1}], [{8, 3}, {4, 7}, {5, 6}, {1, 2}], [{8, 3}, {5, 7}, {1, 6}, {2, 4}], [{8, 3}, {5, 7}, {2, 6}, {1, 4}], [{8, 3}, {5, 7}, {4, 6}, {1, 2}], [{8, 3}, {6, 7}, {1, 5}, {2, 4}], [{8, 3}, {6, 7}, {2, 5}, {1, 4}], [{8, 3}, {6, 7}, {4, 5}, {1, 2}], [{8, 3}, {7}, {6}, {2, 5}, {1, 4}], [{8, 4}, {1, 7}, {2, 6}, {3, 5}], [{8, 4}, {1, 7}, {3, 6}, {2, 5}], [{8, 4}, {1, 7}, {5, 6}, {2, 3}], [{8, 4}, {1, 7}, {6}, {5}, {2, 3}], [{8, 4}, {2, 7}, {1, 6}, {3, 5}], [{8, 4}, {2, 7}, {3, 6}, {1, 5}], [{8, 4}, {2, 7}, {5, 6}, {1, 3}], [{8, 4}, {2, 7}, {6}, {1, 5}, {3}], [{8, 4}, {3, 7}, {1, 6}, {2, 5}], [{8, 4}, {3, 7}, {2, 6}, {1, 5}], [{8, 4}, {3, 7}, {5, 6}, {1, 2}], [{8, 4}, {3, 7}, {6}, {5}, {1, 2}], [{8, 4}, {5, 7}, {1, 6}, {2, 3}], [{8, 4}, {5, 7}, {2, 6}, {1, 3}], [{8, 4}, {5, 7}, {3, 6}, {1, 2}], [{8, 4}, {6, 7}, {1, 5}, {2, 3}], [{8, 4}, {6, 7}, {2, 5}, {1, 3}], [{8, 4}, {6, 7}, {2, 5}, {3}, {1}], [{8, 4}, {6, 7}, {3, 5}, {1, 2}], [{8, 4}, {7}, {6}, {2, 5}, {1, 3}], [{8, 5}, {1, 7}, {2, 6}, {3, 4}], [{8, 5}, {1, 7}, {3, 6}, {2, 4}], [{8, 5}, {1, 7}, {4, 6}, {2, 3}], [{8, 5}, {2, 7}, {1, 6}, {3, 4}], [{8, 5}, {2, 7}, {3, 6}, {1, 4}], [{8, 5}, {2, 7}, {4, 6}, {1, 3}], [{8, 5}, {3, 7}, {1, 6}, {2, 4}], [{8, 5}, {3, 7}, {2, 6}, {1, 4}], [{8, 5}, {3, 7}, {4, 6}, {1, 2}], [{8, 5}, {4, 7}, {1, 6}, {2, 3}], [{8, 5}, {4, 7}, {2, 6}, {1, 3}], [{8, 5}, {4, 7}, {3, 6}, {1, 2}], [{8, 5}, {4, 7}, {6}, {1, 3}, {2}], [{8, 5}, {6, 7}, {1, 4}, {2, 3}], [{8, 5}, {6, 7}, {2, 4}, {1, 3}], [{8, 5}, {6, 7}, {3, 4}, {1, 2}], [{8, 5}, {6, 7}, {4}, {1, 3}, {2}], [{8, 5}, {7}, {4, 6}, {1, 3}, {2}], [{8, 6}, {1, 7}, {2, 5}, {3, 4}], [{8, 6}, {1, 7}, {3, 5}, {2, 4}], [{8, 6}, {1, 7}, {4, 5}, {2, 3}], [{8, 6}, {2, 7}, {1, 5}, {3, 4}], [{8, 6}, {2, 7}, {3, 5}, {1, 4}], [{8, 6}, {2, 7}, {4, 5}, {1, 3}], [{8, 6}, {2, 7}, {4, 5}, {3}, {1}], [{8, 6}, {3, 7}, {1, 5}, {2, 4}], [{8, 6}, {3, 7}, {1, 5}, {4}, {2}], [{8, 6}, {3, 7}, {2, 5}, {1, 4}], [{8, 6}, {3, 7}, {4, 5}, {1, 2}], [{8, 6}, {4, 7}, {1, 5}, {2, 3}], [{8, 6}, {4, 7}, {2, 5}, {1, 3}], [{8, 6}, {4, 7}, {3, 5}, {1, 2}], [{8, 6}, {4, 7}, {5}, {1, 3}, {2}], [{8, 6}, {5, 7}, {1, 4}, {2, 3}], [{8, 6}, {5, 7}, {2, 4}, {1, 3}], [{8, 6}, {5, 7}, {3, 4}, {1, 2}], [{8, 7}, {1, 6}, {2, 5}, {3, 4}], [{8, 7}, {1, 6}, {3, 5}, {2, 4}], [{8, 7}, {1, 6}, {4, 5}, {2, 3}], [{8, 7}, {2, 6}, {1, 5}, {3, 4}], [{8, 7}, {2, 6}, {3, 5}, {1, 4}], [{8, 7}, {2, 6}, {4, 5}, {1, 3}], [{8, 7}, {2, 6}, {5}, {3, 4}, {1}], [{8, 7}, {3, 6}, {1, 5}, {2, 4}], [{8, 7}, {3, 6}, {2, 5}, {1, 4}], [{8, 7}, {3, 6}, {4, 5}, {1, 2}], [{8, 7}, {3, 6}, {4, 5}, {2}, {1}], [{8, 7}, {4, 6}, {1, 5}, {2, 3}], [{8, 7}, {4, 6}, {2, 5}, {1, 3}], [{8, 7}, {4, 6}, {3, 5}, {1, 2}], [{8, 7}, {5, 6}, {1, 4}, {2, 3}], [{8, 7}, {5, 6}, {2, 4}, {1, 3}], [{8, 7}, {5, 6}, {3, 4}, {1, 2}], [{8, 7}, {6}, {2, 5}, {4}, {1, 3}], [{8}, {1, 7}, {2, 6}, {5}, {3, 4}], [{8}, {1, 7}, {5, 6}, {3, 4}, {2}], [{8}, {1, 7}, {6}, {2, 5}, {3, 4}], [{8}, {2, 7}, {3, 6}, {4, 5}, {1}], [{8}, {2, 7}, {5, 6}, {1, 4}, {3}], [{8}, {3, 7}, {5, 6}, {1, 4}, {2}], [{8}, {4, 7}, {2, 6}, {5}, {1, 3}], [{8}, {4, 7}, {5, 6}, {1, 3}, {2}], [{8}, {4, 7}, {6}, {2, 5}, {1, 3}], [{8}, {4, 7}, {6}, {5}, {1, 3}, {2}], [{8}, {5, 7}, {2, 6}, {1, 4}, {3}], [{8}, {5, 7}, {3, 6}, {1, 4}, {2}], [{8}, {5, 7}, {6}, {1, 4}, {2, 3}], [{8}, {6, 7}, {4, 5}, {3}, {1, 2}], [{8}, {6, 7}, {5}, {1, 4}, {2, 3}], [{8}, {7}, {5, 6}, {1, 4}, {2, 3}]]",2,20 K_1^3 - 18 K_1^2 - 28 K_1 K_2 - K_1 - 4 K_2^2 + 9 K_2 + 9 K_3 + 2 K_4 + 12,O1O2O3O4U5U6U4O7U3O6O8U1U8O5U2U7,O1O2O3U1U4U5U6O7O5U3O8O6U8U2O4U7,O1O2O3U4O5U2U6O7O6U1O8O4U7U8U5U3,c,{'O1O2O3O4U5U3O6U7U4O7O8U2O5U1U8U6'},1,"<a href=""/flatknot/8.850670"">8.850670</a>",t^9-48t^7-142t^6-9t^5+310t^4+206t^3-70t^2-43t+12,-t^2+2t,,
8.850671,O1O2O3O4U5U3O6U7U4O7O8U2O5U6U1U8,3,14z^2+83z+111,-6w^4z^2+20w^3z^2-10w^3z+93w^2z+111w,False,False,"[[ 0 -1 -1  0  2 -1  0 -1  2],[ 1  0  0  0  2 -1  1  0  2],[ 1  0  0 -1  2 -1  1  0  1],[ 0  0  1  0  1 -1  0 -1 -1],[-2 -2 -2 -1  0 -1 -1 -2  0],[ 1  1  1  1  1  0  0  0  1],[ 0 -1 -1  0  1  0  0  0  1],[ 1  0  0  1  2  0  0  0  2],[-2 -2 -1  1  0 -1 -1 -2  0]]","[[ 0  2  2  0  0 -1 -1 -1 -1],[-2  0  0  1 -1 -1 -1 -2 -2],[-2  0  0 -1 -1 -1 -2 -2 -2],[ 0 -1  1  0  0 -1  1  0 -1],[ 0  1  1  0  0  0 -1 -1  0],[ 1  1  1  1  0  0  1  1  0],[ 1  1  2 -1  1 -1  0  0  0],[ 1  2  2  0  1 -1  0  0  0],[ 1  2  2  1  0  0  0  0  0]]",True,"[-2,-2,0,0,1,1,1,1,0,-1,1,1,1,2,2,1,1,1,2,2,2,0,1,-1,0,1,0,1,1,0,-1,-1,0,0,0,0]","[-2,-2,0,0,1,1,1,1,0,-1,1,1,1,2,2,1,1,1,2,2,2,0,1,-1,0,1,0,1,1,0,-1,-1,0,0,0,0]",t^8+34t^6+193t^4+108t^2,"[-1,-1,-1,-1,0,0,2,2,-1,-1,0,0,1,2,2,0,0,1,0,1,1,0,2,0,1,2,0,1,1,1,0,1,3,1,1,0]","[-2,-2,0,0,1,1,1,1,0,1,1,1,1,1,2,1,3,1,1,2,2,0,0,1,0,1,1,0,2,0,0,0,-1,0,0,-1]","[-1,-1,-1,-1,0,0,2,2,-1,0,0,-1,1,1,2,0,1,1,0,1,1,0,1,0,2,2,0,1,2,2,0,-1,1,1,1,0]",c,"[[{8, 2}, {3, 7}, {1, 6}, {4, 5}]]",1,- 8 K_1^4 + 16 K_1^3 + 16 K_1^2 K_2 - 12 K_1^2 - 24 K_1 K_2 - 8 K_1 K_3 - 2 K_2^2 + 6 K_2 + 8 K_3 + 2 K_4 + 7,O1O2O3O4U5U4U6O7U3O5O8U1U8O6U2U7,O1O2O3U2U4U5U6O7O5U1O8O6U8U3O4U7,O1O2O3U4O5U1U6O7O6U3O8O4U7U8U5U2,c,{'O1O2O3O4U5U3O6U7U4O7O8U2O5U6U1U8'},1,"<a href=""/flatknot/8.850671"">8.850671</a>",t^9-30t^7-52t^6+45t^5+80t^4-40t^3-16t^2+12t,-2t^2+4t,,
8.850672,O1O2O3O4U5U3O6U7U4O7O8U2O5U8U1U6,4,12z^2+65z+83,12w^3z^2+65w^2z+83w,False,False,"[[ 0 -1 -1  0  2 -1  2 -1  0],[ 1  0  0  0  3 -1  2  0  0],[ 1  0  0 -1  2 -1  2  0  0],[ 0  0  1  0  1 -1  0 -1 -1],[-2 -3 -2 -1  0 -1 -1 -2 -1],[ 1  1  1  1  1  0  1  0  0],[-2 -2 -2  0  1 -1  0 -2  0],[ 1  0  0  1  2  0  2  0  0],[ 0  0  0  1  1  0  0  0  0]]","[[ 0  2  2  0  0 -1 -1 -1 -1],[-2  0  1  0  0 -1 -2 -2 -2],[-2 -1  0 -1 -1 -1 -2 -2 -3],[ 0  0  1  0  1  0  0  0  0],[ 0  0  1 -1  0 -1  1 -1  0],[ 1  1  1  0  1  0  1  0  1],[ 1  2  2  0 -1 -1  0  0  0],[ 1  2  2  0  1  0  0  0  0],[ 1  2  3  0  0 -1  0  0  0]]",True,"[-2,-2,0,0,1,1,1,1,-1,0,0,1,2,2,2,1,1,1,2,2,3,-1,0,0,0,0,1,-1,1,0,-1,0,-1,0,0,0]","[-2,-2,0,0,1,1,1,1,-1,0,0,1,2,2,2,1,1,1,2,2,3,-1,0,0,0,0,1,-1,1,0,-1,0,-1,0,0,0]",t^8+40t^6+174t^4+89t^2,"[-1,-1,-1,-1,0,0,2,2,-1,-1,0,0,1,2,2,0,0,1,1,0,1,0,2,1,1,1,0,1,1,1,1,1,2,1,2,1]","[-2,-2,0,0,1,1,1,1,-1,1,1,0,1,1,2,2,2,1,1,1,2,-1,1,0,2,0,1,1,1,1,0,0,-1,0,0,-1]","[-1,-1,-1,-1,0,0,2,2,-1,0,0,-1,0,2,2,0,1,1,0,1,1,0,1,0,2,2,0,0,2,3,-1,0,1,0,1,1]",c,"[[{8, 1}, {2, 7}, {3, 6}, {4, 5}], [{8, 1}, {2, 7}, {4, 6}, {3, 5}], [{8, 1}, {2, 7}, {5, 6}, {3, 4}], [{8, 1}, {3, 7}, {2, 6}, {4, 5}], [{8, 1}, {3, 7}, {2, 6}, {5}, {4}], [{8, 1}, {3, 7}, {4, 6}, {2, 5}], [{8, 1}, {3, 7}, {5, 6}, {2, 4}], [{8, 1}, {4, 7}, {2, 6}, {3, 5}], [{8, 1}, {4, 7}, {3, 6}, {2, 5}], [{8, 1}, {4, 7}, {5, 6}, {2, 3}], [{8, 1}, {5, 7}, {2, 6}, {3, 4}], [{8, 1}, {5, 7}, {3, 6}, {2, 4}], [{8, 1}, {5, 7}, {4, 6}, {2, 3}], [{8, 1}, {6, 7}, {2, 5}, {3, 4}], [{8, 1}, {6, 7}, {2, 5}, {4}, {3}], [{8, 1}, {6, 7}, {3, 5}, {2, 4}], [{8, 1}, {6, 7}, {4, 5}, {2, 3}], [{8, 1}, {6, 7}, {5}, {3, 4}, {2}], [{8, 1}, {7}, {2, 6}, {4, 5}, {3}], [{8, 2}, {1, 7}, {3, 6}, {4, 5}], [{8, 2}, {1, 7}, {4, 6}, {3, 5}], [{8, 2}, {1, 7}, {5, 6}, {3, 4}], [{8, 2}, {3, 7}, {1, 6}, {4, 5}], [{8, 2}, {3, 7}, {1, 6}, {5}, {4}], [{8, 2}, {3, 7}, {4, 6}, {1, 5}], [{8, 2}, {3, 7}, {4, 6}, {5}, {1}], [{8, 2}, {3, 7}, {5, 6}, {1, 4}], [{8, 2}, {3, 7}, {5, 6}, {4}, {1}], [{8, 2}, {3, 7}, {6}, {1, 5}, {4}], [{8, 2}, {3, 7}, {6}, {4, 5}, {1}], [{8, 2}, {3, 7}, {6}, {5}, {1, 4}], [{8, 2}, {3, 7}, {6}, {5}, {4}, {1}], [{8, 2}, {4, 7}, {1, 6}, {3, 5}], [{8, 2}, {4, 7}, {3, 6}, {1, 5}], [{8, 2}, {4, 7}, {3, 6}, {5}, {1}], [{8, 2}, {4, 7}, {5, 6}, {1, 3}], [{8, 2}, {4, 7}, {5, 6}, {3}, {1}], [{8, 2}, {4, 7}, {6}, {3, 5}, {1}], [{8, 2}, {5, 7}, {1, 6}, {3, 4}], [{8, 2}, {5, 7}, {3, 6}, {1, 4}], [{8, 2}, {5, 7}, {3, 6}, {4}, {1}], [{8, 2}, {5, 7}, {4, 6}, {1, 3}], [{8, 2}, {5, 7}, {4, 6}, {3}, {1}], [{8, 2}, {5, 7}, {6}, {3, 4}, {1}], [{8, 2}, {6, 7}, {1, 5}, {3, 4}], [{8, 2}, {6, 7}, {3, 5}, {1, 4}], [{8, 2}, {6, 7}, {3, 5}, {4}, {1}], [{8, 2}, {6, 7}, {4, 5}, {1, 3}], [{8, 2}, {6, 7}, {4, 5}, {3}, {1}], [{8, 2}, {6, 7}, {5}, {3, 4}, {1}], [{8, 2}, {7}, {3, 6}, {4, 5}, {1}], [{8, 2}, {7}, {4, 6}, {3, 5}, {1}], [{8, 2}, {7}, {5, 6}, {3, 4}, {1}], [{8, 3}, {1, 7}, {2, 6}, {4, 5}], [{8, 3}, {1, 7}, {2, 6}, {5}, {4}], [{8, 3}, {1, 7}, {4, 6}, {2, 5}], [{8, 3}, {1, 7}, {5, 6}, {2, 4}], [{8, 3}, {2, 7}, {1, 6}, {4, 5}], [{8, 3}, {2, 7}, {4, 6}, {1, 5}], [{8, 3}, {2, 7}, {4, 6}, {5}, {1}], [{8, 3}, {2, 7}, {5, 6}, {1, 4}], [{8, 3}, {2, 7}, {5, 6}, {4}, {1}], [{8, 3}, {2, 7}, {6}, {4, 5}, {1}], [{8, 3}, {4, 7}, {1, 6}, {2, 5}], [{8, 3}, {4, 7}, {2, 6}, {1, 5}], [{8, 3}, {4, 7}, {2, 6}, {5}, {1}], [{8, 3}, {4, 7}, {5, 6}, {1, 2}], [{8, 3}, {5, 7}, {1, 6}, {2, 4}], [{8, 3}, {5, 7}, {2, 6}, {1, 4}], [{8, 3}, {5, 7}, {4, 6}, {1, 2}], [{8, 3}, {6, 7}, {1, 5}, {2, 4}], [{8, 3}, {6, 7}, {2, 5}, {1, 4}], [{8, 3}, {6, 7}, {4, 5}, {1, 2}], [{8, 3}, {7}, {1, 6}, {5}, {2, 4}], [{8, 3}, {7}, {2, 6}, {5}, {1, 4}], [{8, 3}, {7}, {4, 6}, {1, 5}, {2}], [{8, 4}, {1, 7}, {2, 6}, {3, 5}], [{8, 4}, {1, 7}, {3, 6}, {2, 5}], [{8, 4}, {1, 7}, {5, 6}, {2, 3}], [{8, 4}, {2, 7}, {1, 6}, {3, 5}], [{8, 4}, {2, 7}, {3, 6}, {1, 5}], [{8, 4}, {2, 7}, {5, 6}, {1, 3}], [{8, 4}, {3, 7}, {1, 6}, {2, 5}], [{8, 4}, {3, 7}, {2, 6}, {1, 5}], [{8, 4}, {3, 7}, {5, 6}, {1, 2}], [{8, 4}, {5, 7}, {1, 6}, {2, 3}], [{8, 4}, {5, 7}, {2, 6}, {1, 3}], [{8, 4}, {5, 7}, {3, 6}, {1, 2}], [{8, 4}, {6, 7}, {1, 5}, {2, 3}], [{8, 4}, {6, 7}, {2, 5}, {1, 3}], [{8, 4}, {6, 7}, {3, 5}, {1, 2}], [{8, 4}, {7}, {6}, {2, 5}, {1, 3}], [{8, 5}, {1, 7}, {2, 6}, {3, 4}], [{8, 5}, {1, 7}, {3, 6}, {2, 4}], [{8, 5}, {1, 7}, {4, 6}, {2, 3}], [{8, 5}, {2, 7}, {1, 6}, {3, 4}], [{8, 5}, {2, 7}, {3, 6}, {1, 4}], [{8, 5}, {2, 7}, {4, 6}, {1, 3}], [{8, 5}, {3, 7}, {1, 6}, {2, 4}], [{8, 5}, {3, 7}, {2, 6}, {1, 4}], [{8, 5}, {3, 7}, {4, 6}, {1, 2}], [{8, 5}, {4, 7}, {1, 6}, {2, 3}], [{8, 5}, {4, 7}, {2, 6}, {1, 3}], [{8, 5}, {4, 7}, {3, 6}, {1, 2}], [{8, 5}, {6, 7}, {1, 4}, {2, 3}], [{8, 5}, {6, 7}, {2, 4}, {1, 3}], [{8, 5}, {6, 7}, {3, 4}, {1, 2}], [{8, 5}, {6, 7}, {3, 4}, {2}, {1}], [{8, 5}, {7}, {3, 6}, {4}, {1, 2}], [{8, 5}, {7}, {4, 6}, {1, 3}, {2}], [{8, 5}, {7}, {6}, {1, 4}, {2, 3}], [{8, 6}, {1, 7}, {2, 5}, {3, 4}], [{8, 6}, {1, 7}, {3, 5}, {2, 4}], [{8, 6}, {1, 7}, {4, 5}, {2, 3}], [{8, 6}, {2, 7}, {1, 5}, {3, 4}], [{8, 6}, {2, 7}, {3, 5}, {1, 4}], [{8, 6}, {2, 7}, {4, 5}, {1, 3}], [{8, 6}, {3, 7}, {1, 5}, {2, 4}], [{8, 6}, {3, 7}, {2, 5}, {1, 4}], [{8, 6}, {3, 7}, {4, 5}, {1, 2}], [{8, 6}, {3, 7}, {5}, {4}, {1, 2}], [{8, 6}, {4, 7}, {1, 5}, {2, 3}], [{8, 6}, {4, 7}, {2, 5}, {1, 3}], [{8, 6}, {4, 7}, {3, 5}, {1, 2}], [{8, 6}, {5, 7}, {1, 4}, {2, 3}], [{8, 6}, {5, 7}, {2, 4}, {1, 3}], [{8, 6}, {5, 7}, {3, 4}, {1, 2}], [{8, 7}, {1, 6}, {2, 5}, {3, 4}], [{8, 7}, {1, 6}, {3, 5}, {2, 4}], [{8, 7}, {1, 6}, {4, 5}, {2, 3}], [{8, 7}, {2, 6}, {1, 5}, {3, 4}], [{8, 7}, {2, 6}, {3, 5}, {1, 4}], [{8, 7}, {2, 6}, {4, 5}, {1, 3}], [{8, 7}, {3, 6}, {1, 5}, {2, 4}], [{8, 7}, {3, 6}, {2, 5}, {1, 4}], [{8, 7}, {3, 6}, {4, 5}, {1, 2}], [{8, 7}, {4, 6}, {1, 5}, {2, 3}], [{8, 7}, {4, 6}, {2, 5}, {1, 3}], [{8, 7}, {4, 6}, {3, 5}, {1, 2}], [{8, 7}, {4, 6}, {5}, {3}, {1, 2}], [{8, 7}, {5, 6}, {1, 4}, {2, 3}], [{8, 7}, {5, 6}, {2, 4}, {1, 3}], [{8, 7}, {5, 6}, {3, 4}, {1, 2}], [{8, 7}, {6}, {2, 5}, {4}, {1, 3}], [{8}, {1, 7}, {3, 6}, {2, 5}, {4}], [{8}, {1, 7}, {4, 6}, {2, 5}, {3}], [{8}, {1, 7}, {6}, {2, 5}, {3, 4}], [{8}, {2, 7}, {3, 6}, {1, 5}, {4}], [{8}, {2, 7}, {4, 6}, {1, 5}, {3}], [{8}, {2, 7}, {6}, {1, 5}, {3, 4}], [{8}, {4, 7}, {6}, {1, 5}, {2, 3}], [{8}, {4, 7}, {6}, {2, 5}, {1, 3}], [{8}, {5, 7}, {1, 6}, {4}, {2, 3}], [{8}, {5, 7}, {2, 6}, {4}, {1, 3}], [{8}, {6, 7}, {1, 5}, {3, 4}, {2}], [{8}, {6, 7}, {2, 5}, {3, 4}, {1}], [{8}, {6, 7}, {5}, {1, 4}, {2, 3}], [{8}, {6, 7}, {5}, {2, 4}, {1, 3}], [{8}, {6, 7}, {5}, {3, 4}, {1, 2}], [{8}, {6, 7}, {5}, {3, 4}, {2}, {1}], [{8}, {7}, {1, 6}, {2, 5}, {3, 4}], [{8}, {7}, {2, 6}, {1, 5}, {3, 4}]]",2,24 K_1^3 - 20 K_1^2 - 16 K_1 K_2 - 10 K_1 + 10 K_2 + 2 K_3 + 11,O1O2O3O4U5U4U6O7U3O6O8U1U8O5U2U7,O1O2O3U2U4U5U6O7O5U3O8O6U8U1O4U7,O1O2O3U4O5U3U6O7O6U1O8O4U7U8U5U2,c,"{'O1O2O3O4U5U3O6U7U4O7O8U2O5U8U1U6', 'O1O2O3O4U5U3O6U7U4O7U1O8O5U2U8U6'}",2,"<a href=""/flatknot/8.850672"">8.850672</a>",t^9-36t^7-58t^6+66t^5+72t^4-50t^3-6t^2+7t,-2t^2+4t,,
8.850673,O1O2O3O4U5U3O6U7U4O7O8U6O5U1U2U8,3,15z^2+76z+93,-2w^4z^2+17w^3z^2-6w^3z+82w^2z+93w,False,False,"[[ 0 -2  0  0  2 -1  0 -1  2],[ 2  0  1  0  2  0  1  1  2],[ 0 -1  0  0  2 -2  1 -1  1],[ 0  0  0  0  1 -1  1 -1 -1],[-2 -2 -2 -1  0 -2  0 -2  0],[ 1  0  2  1  2  0  0  0  1],[ 0 -1 -1 -1  0  0  0  0  1],[ 1 -1  1  1  2  0  0  0  2],[-2 -2 -1  1  0 -1 -1 -2  0]]","[[ 0  2  2  0  0  0 -1 -1 -2],[-2  0  0  1 -1 -1 -1 -2 -2],[-2  0  0 -1  0 -2 -2 -2 -2],[ 0 -1  1  0  1  0 -1 -1  0],[ 0  1  0 -1  0 -1  0  0 -1],[ 0  1  2  0  1  0 -2 -1 -1],[ 1  1  2  1  0  2  0  0  0],[ 1  2  2  1  0  1  0  0 -1],[ 2  2  2  0  1  1  0  1  0]]",True,"[-2,-2,0,0,0,1,1,2,0,-1,1,1,1,2,2,1,0,2,2,2,2,-1,0,1,1,0,1,0,0,1,2,1,1,0,0,1]","[-2,-2,0,0,0,1,1,2,0,-1,1,1,1,2,2,1,0,2,2,2,2,-1,0,1,1,0,1,0,0,1,2,1,1,0,0,1]",t^8+41t^6+253t^4+80t^2,"[-2,-1,-1,0,0,0,2,2,0,1,1,1,2,2,2,0,0,1,0,1,1,-1,1,0,1,2,-1,0,0,1,1,2,1,1,3,0]","[-2,-2,0,0,0,1,1,2,0,0,1,2,1,1,2,1,3,1,1,2,2,0,1,0,-1,1,1,0,0,2,1,1,1,0,0,1]","[-2,-1,-1,0,0,0,2,2,0,1,0,1,1,2,2,0,1,0,2,1,2,1,0,1,2,2,1,0,-1,1,-1,1,0,1,2,0]",c,"[[{8, 2}, {6, 7}, {4, 5}, {1, 3}]]",1,16 K_1^3 + 12 K_1^2 K_2 - 24 K_1^2 - 16 K_1 K_2 - 10 K_1 K_3 - 4 K_1 - 2 K_2^2 + 11 K_2 + 4 K_3 + 3 K_4 + 11,O1O2O3O4U5U3U4O6U7O5O8U1U8O7U2U6,O1O2O3U1U2U4U5O6O4U7O8O5U8U3O7U6,O1O2O3U4O5U1U6O7O6U5O8O4U7U8U2U3,c,{'O1O2O3O4U5U3O6U7U4O7O8U6O5U1U2U8'},1,"<a href=""/flatknot/8.850673"">8.850673</a>",t^9-39t^7-90t^6+92t^5+290t^4-20t^3-174t^2-32t+16,-t^2+2t,,
8.850674,O1O2O3O4U5U3O6U7U4O7O8U6O5U1U8U2,3,6z^2+71z+119,6w^3z^2+71w^2z+119w,False,False,"[[ 0 -2  1  0  2 -1  0 -1  1],[ 2  0  2  0  2  0  1  1  1],[-1 -2  0  0  2 -2  0 -2  0],[ 0  0  0  0  1 -1  1 -1 -1],[-2 -2 -2 -1  0 -2  0 -2  0],[ 1  0  2  1  2  0  0  0  0],[ 0 -1  0 -1  0  0  0  0  1],[ 1 -1  2  1  2  0  0  0  1],[-1 -1  0  1  0  0 -1 -1  0]]","[[ 0  2  1  1  0  0 -1 -1 -2],[-2  0  0 -2  0 -1 -2 -2 -2],[-1  0  0  0 -1  1  0 -1 -1],[-1  2  0  0  0  0 -2 -2 -2],[ 0  0  1  0  0 -1  0  0 -1],[ 0  1 -1  0  1  0 -1 -1  0],[ 1  2  0  2  0  1  0  0  0],[ 1  2  1  2  0  1  0  0 -1],[ 2  2  1  2  1  0  0  1  0]]",True,"[-2,-1,-1,0,0,1,1,2,0,2,0,1,2,2,2,0,1,-1,0,1,1,0,0,2,2,2,1,0,0,1,1,1,0,0,0,1]","[-2,-1,-1,0,0,1,1,2,-1,1,1,2,1,1,2,0,1,1,0,0,1,2,0,1,2,2,1,0,0,2,1,1,1,0,0,1]",t^8+38t^6+190t^4+36t^2,"[-2,-1,-1,0,0,1,1,2,0,1,1,2,1,2,2,0,1,0,0,1,1,1,0,0,2,1,1,1,0,2,1,2,1,0,-1,1]","[-2,-1,-1,0,0,1,1,2,-1,1,1,2,1,1,2,0,1,1,0,0,1,2,0,1,2,2,1,0,0,2,1,1,1,0,0,1]","[-2,-1,-1,0,0,1,1,2,0,1,0,1,1,2,2,0,1,0,0,2,2,1,0,1,2,2,1,-1,0,1,1,0,0,0,0,2]",c,"[[{8, 1}, {5, 7}, {2, 6}, {3, 4}], [{8, 1}, {5, 7}, {4, 6}, {2, 3}], [{8, 1}, {7}, {2, 6}, {5}, {3, 4}], [{8, 1}, {7}, {4, 6}, {5}, {2, 3}], [{8, 5}, {2, 7}, {3, 6}, {1, 4}], [{8, 5}, {2, 7}, {6}, {1, 4}, {3}]]",1,4 K_1^3 + 4 K_1^2 K_2 - 24 K_1^2 - 20 K_1 K_2 - 8 K_1 K_3 + 7 K_1 - 4 K_2^2 + 14 K_2 + 9 K_3 + 5 K_4 + 14,O1O2O3O4U3U5U4O6U7O5O8U1U8O7U2U6,O1O2O3U1U3U4U5O6O4U7O8O5U8U2O7U6,O1O2O3U4O5U2U6O7O6U5O8O4U7U8U1U3,c,{'O1O2O3O4U5U3O6U7U4O7O8U6O5U1U8U2'},1,"<a href=""/flatknot/8.850674"">8.850674</a>",t^9-38t^7-76t^6+136t^5+378t^4+27t^3-344t^2-176t,0,,
8.850675,O1O2O3O4U5U3O6U7U4O7O8U6O5U2U1U8,4,4z^3+31z^2+88z+85,4w^4z^3+31w^3z^2+88w^2z+85w,False,False,"[[ 0 -1 -1  0  2 -1  0 -1  2],[ 1  0  0  0  2 -1  1  0  2],[ 1  0  0  0  2 -1  1  0  1],[ 0  0  0  0  1 -1  1 -1 -1],[-2 -2 -2 -1  0 -2  0 -2  0],[ 1  1  1  1  2  0  0  0  1],[ 0 -1 -1 -1  0  0  0  0  1],[ 1  0  0  1  2  0  0  0  2],[-2 -2 -1  1  0 -1 -1 -2  0]]","[[ 0  2  2  0  0 -1 -1 -1 -1],[-2  0  0  1 -1 -1 -1 -2 -2],[-2  0  0 -1  0 -2 -2 -2 -2],[ 0 -1  1  0  1  0 -1  0 -1],[ 0  1  0 -1  0 -1  0 -1  0],[ 1  1  2  0  1  0 -1  0  0],[ 1  1  2  1  0  1  0  1  0],[ 1  2  2  0  1  0 -1  0  0],[ 1  2  2  1  0  0  0  0  0]]",True,"[-2,-2,0,0,1,1,1,1,0,-1,1,1,1,2,2,1,0,2,2,2,2,-1,0,1,0,1,1,0,1,0,1,0,0,-1,0,0]","[-2,-2,0,0,1,1,1,1,0,-1,1,1,1,2,2,1,0,2,2,2,2,-1,0,1,0,1,1,0,1,0,1,0,0,-1,0,0]",t^8+36t^6+202t^4+72t^2+4,"[-1,-1,-1,-1,0,0,2,2,-1,-1,0,0,1,1,2,0,0,1,0,1,1,0,1,0,1,2,0,1,1,1,-1,1,3,2,1,0]","[-2,-2,0,0,1,1,1,1,0,1,2,1,1,1,1,3,1,1,1,2,2,1,0,1,0,1,1,0,1,0,0,0,0,-1,0,1]","[-1,-1,-1,-1,0,0,2,2,-1,0,0,0,1,1,2,0,1,1,0,1,2,0,1,0,2,2,0,1,2,2,1,-1,1,1,0,0]",c,"[[{8, 2}, {6, 7}, {4, 5}, {1, 3}], [{8}, {6, 7}, {4, 5}, {1, 3}, {2}]]",1,- 6 K_1^2 - 12 K_1 K_2 - 2 K_1 K_3 + 6 K_1 - 2 K_2^2 + 4 K_2 + 6 K_3 + 2 K_4 + 5,O1O2O3O4U5U4U3O6U7O5O8U1U8O7U2U6,O1O2O3U2U1U4U5O6O4U7O8O5U8U3O7U6,O1O2O3U4O5U1U6O7O6U5O8O4U7U8U3U2,c,{'O1O2O3O4U5U3O6U7U4O7O8U6O5U2U1U8'},1,"<a href=""/flatknot/8.850675"">8.850675</a>",t^9-32t^7-48t^6+72t^5+80t^4-13t^3-16t^2-24t,-2t^2+4t,,
8.850676,O1O2O3O4U5U3O6U7U4O7O8U6O5U8U1U2,4,z^3+21z^2+87z+99,w^4z^3+21w^3z^2+87w^2z+99w,False,False,"[[ 0 -1  1  0  2 -1  0 -1  0],[ 1  0  1  0  2  0  0  0  0],[-1 -1  0  0  2 -2  0 -2  0],[ 0  0  0  0  1 -1  1 -1 -1],[-2 -2 -2 -1  0 -2  0 -2  0],[ 1  0  2  1  2  0  0  0 -1],[ 0  0  0 -1  0  0  0  0  1],[ 1  0  2  1  2  0  0  0  0],[ 0  0  0  1  0  1 -1  0  0]]","[[ 0  2  1  0  0  0 -1 -1 -1],[-2  0 -2  0  0 -1 -2 -2 -2],[-1  2  0  0  0  0 -1 -2 -2],[ 0  0  0  0  1 -1  0  0  0],[ 0  0  0 -1  0  1  0  1  0],[ 0  1  0  1 -1  0  0 -1 -1],[ 1  2  1  0  0  0  0  0  0],[ 1  2  2  0 -1  1  0  0  0],[ 1  2  2  0  0  1  0  0  0]]",True,"[-2,-1,0,0,0,1,1,1,2,0,0,1,2,2,2,0,0,0,1,2,2,-1,1,0,0,0,-1,0,-1,0,0,1,1,0,0,0]","[-2,-1,0,0,0,1,1,1,-1,1,2,2,1,1,1,1,1,1,0,0,1,-1,1,0,0,1,-1,1,2,1,1,1,1,0,0,0]",t^8+32t^6+111t^4+56t^2+4,"[-1,-1,-1,0,0,0,1,2,0,0,0,1,1,0,1,0,0,1,2,0,1,1,1,1,1,1,-1,1,1,1,-1,1,2,1,2,-1]","[-2,-1,0,0,0,1,1,1,-1,1,2,2,1,1,1,1,1,1,0,0,1,-1,1,0,0,1,-1,1,2,1,1,1,1,0,0,0]","[-1,-1,-1,0,0,0,1,2,0,0,-1,0,1,2,2,0,0,0,0,1,2,0,0,1,2,2,-1,1,0,0,-1,0,0,0,1,2]",c,"[[{8, 1}, {4, 7}, {5, 6}, {2, 3}], [{8, 3}, {4, 7}, {5, 6}, {1, 2}], [{8, 3}, {4, 7}, {6}, {5}, {1, 2}], [{8, 3}, {5, 7}, {4, 6}, {1, 2}], [{8, 3}, {5, 7}, {6}, {4}, {1, 2}], [{8, 3}, {6, 7}, {4, 5}, {1, 2}], [{8, 3}, {7}, {6}, {4, 5}, {1, 2}], [{8, 4}, {1, 7}, {5, 6}, {2, 3}], [{8, 4}, {3, 7}, {5, 6}, {1, 2}], [{8, 5}, {6, 7}, {3, 4}, {1, 2}]]",1,12 K_1^3 - 22 K_1^2 - 12 K_1 K_2 - 3 K_1 + 11 K_2 + 3 K_3 + 12,O1O2O3O4U3U4U5O6U7O5O8U1U8O7U2U6,O1O2O3U2U3U4U5O6O4U7O8O5U8U1O7U6,O1O2O3U4O5U3U6O7O6U5O8O4U7U8U1U2,c,{'O1O2O3O4U5U3O6U7U4O7O8U6O5U8U1U2'},1,"<a href=""/flatknot/8.850676"">8.850676</a>",t^9-30t^7-44t^6+102t^5+168t^4-9t^3-48t^2+8t,-t^2+2t,,
8.850677,O1O2O3O4U5U3O6U7U8O7O8U1O5U2U6U4,4,6z^3+43z^2+102z+81,-2w^5z^3+8w^4z^3-8w^4z^2+51w^3z^2+102w^2z+81w,False,False,"[[ 0 -2 -1  0  3 -1  1 -1  1],[ 2  0  0  0  3  1  1  1  3],[ 1  0  0  1  3  0  0  0  2],[ 0  0 -1  0  0  0 -1  0  0],[-3 -3 -3  0  0 -2 -1 -4 -2],[ 1 -1  0  0  2  0  1  1  1],[-1 -1  0  1  1 -1  0 -2  0],[ 1 -1  0  0  4 -1  2  0  1],[-1 -3 -2  0  2 -1  0 -1  0]]","[[ 0  3  1  1  0 -1 -1 -1 -2],[-3  0 -1 -2  0 -2 -3 -4 -3],[-1  1  0  0  1 -1  0 -2 -1],[-1  2  0  0  0 -1 -2 -1 -3],[ 0  0 -1  0  0  0 -1  0  0],[ 1  2  1  1  0  0  0  1 -1],[ 1  3  0  2  1  0  0  0  0],[ 1  4  2  1  0 -1  0  0 -1],[ 2  3  1  3  0  1  0  1  0]]",True,"[-3,-1,-1,0,1,1,1,2,1,2,0,2,3,4,3,0,-1,1,0,2,1,0,1,2,1,3,0,1,0,0,0,-1,1,0,0,1]","[-3,-1,-1,0,1,1,1,2,0,1,3,0,1,2,2,0,1,1,0,1,0,2,0,2,1,2,1,0,1,2,0,-1,0,0,1,0]",t^8+69t^6+407t^4+338t^2+1,"[-2,-1,-1,-1,0,1,1,3,0,0,1,2,0,2,2,-1,0,1,1,1,2,0,1,1,0,0,0,0,2,1,1,2,3,0,0,1]","[-3,-1,-1,0,1,1,1,2,0,1,3,0,1,2,2,0,1,1,0,1,0,2,0,2,1,2,1,0,1,2,0,-1,0,0,1,0]","[-2,-1,-1,-1,0,1,1,3,0,1,1,0,1,3,3,0,0,1,0,2,3,-1,0,2,1,4,0,1,1,2,-1,0,0,0,1,2]",c,"[[{8, 1}, {2, 7}, {3, 6}, {4, 5}], [{8, 1}, {2, 7}, {3, 6}, {5}, {4}], [{8, 1}, {2, 7}, {4, 6}, {3, 5}], [{8, 1}, {2, 7}, {5, 6}, {3, 4}], [{8, 1}, {3, 7}, {2, 6}, {4, 5}], [{8, 1}, {3, 7}, {4, 6}, {2, 5}], [{8, 1}, {3, 7}, {5, 6}, {2, 4}], [{8, 1}, {4, 7}, {2, 6}, {3, 5}], [{8, 1}, {4, 7}, {3, 6}, {2, 5}], [{8, 1}, {4, 7}, {3, 6}, {5}, {2}], [{8, 1}, {4, 7}, {5, 6}, {2, 3}], [{8, 1}, {5, 7}, {2, 6}, {3, 4}], [{8, 1}, {5, 7}, {3, 6}, {2, 4}], [{8, 1}, {5, 7}, {3, 6}, {4}, {2}], [{8, 1}, {5, 7}, {4, 6}, {2, 3}], [{8, 1}, {6, 7}, {2, 5}, {3, 4}], [{8, 1}, {6, 7}, {3, 5}, {2, 4}], [{8, 1}, {6, 7}, {4, 5}, {2, 3}], [{8, 1}, {7}, {3, 6}, {2, 5}, {4}], [{8, 1}, {7}, {3, 6}, {4, 5}, {2}], [{8, 1}, {7}, {3, 6}, {5}, {2, 4}], [{8, 1}, {7}, {3, 6}, {5}, {4}, {2}], [{8, 2}, {1, 7}, {3, 6}, {4, 5}], [{8, 2}, {1, 7}, {3, 6}, {5}, {4}], [{8, 2}, {1, 7}, {4, 6}, {3, 5}], [{8, 2}, {1, 7}, {4, 6}, {5}, {3}], [{8, 2}, {1, 7}, {5, 6}, {3, 4}], [{8, 2}, {1, 7}, {6}, {5}, {3, 4}], [{8, 2}, {3, 7}, {1, 6}, {4, 5}], [{8, 2}, {3, 7}, {4, 6}, {1, 5}], [{8, 2}, {3, 7}, {5, 6}, {1, 4}], [{8, 2}, {3, 7}, {6}, {5}, {1, 4}], [{8, 2}, {4, 7}, {1, 6}, {3, 5}], [{8, 2}, {4, 7}, {3, 6}, {1, 5}], [{8, 2}, {4, 7}, {3, 6}, {5}, {1}], [{8, 2}, {4, 7}, {5, 6}, {1, 3}], [{8, 2}, {5, 7}, {1, 6}, {3, 4}], [{8, 2}, {5, 7}, {3, 6}, {1, 4}], [{8, 2}, {5, 7}, {4, 6}, {1, 3}], [{8, 2}, {6, 7}, {1, 5}, {3, 4}], [{8, 2}, {6, 7}, {1, 5}, {4}, {3}], [{8, 2}, {6, 7}, {3, 5}, {1, 4}], [{8, 2}, {6, 7}, {4, 5}, {1, 3}], [{8, 2}, {6, 7}, {4, 5}, {3}, {1}], [{8, 2}, {6, 7}, {5}, {1, 4}, {3}], [{8, 2}, {7}, {3, 6}, {5}, {1, 4}], [{8, 3}, {1, 7}, {2, 6}, {4, 5}], [{8, 3}, {1, 7}, {4, 6}, {2, 5}], [{8, 3}, {1, 7}, {5, 6}, {2, 4}], [{8, 3}, {1, 7}, {6}, {5}, {2, 4}], [{8, 3}, {2, 7}, {1, 6}, {4, 5}], [{8, 3}, {2, 7}, {1, 6}, {5}, {4}], [{8, 3}, {2, 7}, {4, 6}, {1, 5}], [{8, 3}, {2, 7}, {5, 6}, {1, 4}], [{8, 3}, {4, 7}, {1, 6}, {2, 5}], [{8, 3}, {4, 7}, {1, 6}, {5}, {2}], [{8, 3}, {4, 7}, {2, 6}, {1, 5}], [{8, 3}, {4, 7}, {5, 6}, {1, 2}], [{8, 3}, {5, 7}, {1, 6}, {2, 4}], [{8, 3}, {5, 7}, {1, 6}, {4}, {2}], [{8, 3}, {5, 7}, {2, 6}, {1, 4}], [{8, 3}, {5, 7}, {4, 6}, {1, 2}], [{8, 3}, {6, 7}, {1, 5}, {2, 4}], [{8, 3}, {6, 7}, {2, 5}, {1, 4}], [{8, 3}, {6, 7}, {4, 5}, {1, 2}], [{8, 3}, {6, 7}, {5}, {1, 4}, {2}], [{8, 3}, {6, 7}, {5}, {2, 4}, {1}], [{8, 3}, {6, 7}, {5}, {4}, {1, 2}], [{8, 3}, {7}, {1, 6}, {2, 5}, {4}], [{8, 3}, {7}, {1, 6}, {4, 5}, {2}], [{8, 3}, {7}, {1, 6}, {5}, {2, 4}], [{8, 4}, {1, 7}, {2, 6}, {3, 5}], [{8, 4}, {1, 7}, {3, 6}, {2, 5}], [{8, 4}, {1, 7}, {3, 6}, {5}, {2}], [{8, 4}, {1, 7}, {5, 6}, {2, 3}], [{8, 4}, {1, 7}, {6}, {2, 5}, {3}], [{8, 4}, {2, 7}, {1, 6}, {3, 5}], [{8, 4}, {2, 7}, {3, 6}, {1, 5}], [{8, 4}, {2, 7}, {3, 6}, {5}, {1}], [{8, 4}, {2, 7}, {5, 6}, {1, 3}], [{8, 4}, {2, 7}, {6}, {1, 5}, {3}], [{8, 4}, {3, 7}, {1, 6}, {2, 5}], [{8, 4}, {3, 7}, {2, 6}, {1, 5}], [{8, 4}, {3, 7}, {5, 6}, {1, 2}], [{8, 4}, {5, 7}, {1, 6}, {2, 3}], [{8, 4}, {5, 7}, {1, 6}, {3}, {2}], [{8, 4}, {5, 7}, {2, 6}, {1, 3}], [{8, 4}, {5, 7}, {3, 6}, {1, 2}], [{8, 4}, {6, 7}, {1, 5}, {2, 3}], [{8, 4}, {6, 7}, {2, 5}, {1, 3}], [{8, 4}, {6, 7}, {3, 5}, {1, 2}], [{8, 4}, {7}, {3, 6}, {5}, {1, 2}], [{8, 4}, {7}, {5, 6}, {1, 3}, {2}], [{8, 4}, {7}, {5, 6}, {2, 3}, {1}], [{8, 4}, {7}, {5, 6}, {3}, {1, 2}], [{8, 4}, {7}, {6}, {3, 5}, {1, 2}], [{8, 5}, {1, 7}, {2, 6}, {3, 4}], [{8, 5}, {1, 7}, {2, 6}, {4}, {3}], [{8, 5}, {1, 7}, {3, 6}, {2, 4}], [{8, 5}, {1, 7}, {3, 6}, {4}, {2}], [{8, 5}, {1, 7}, {4, 6}, {2, 3}], [{8, 5}, {1, 7}, {6}, {4}, {2, 3}], [{8, 5}, {2, 7}, {1, 6}, {3, 4}], [{8, 5}, {2, 7}, {3, 6}, {1, 4}], [{8, 5}, {2, 7}, {4, 6}, {1, 3}], [{8, 5}, {3, 7}, {1, 6}, {2, 4}], [{8, 5}, {3, 7}, {2, 6}, {1, 4}], [{8, 5}, {3, 7}, {4, 6}, {1, 2}], [{8, 5}, {4, 7}, {1, 6}, {2, 3}], [{8, 5}, {4, 7}, {2, 6}, {1, 3}], [{8, 5}, {4, 7}, {2, 6}, {3}, {1}], [{8, 5}, {4, 7}, {3, 6}, {1, 2}], [{8, 5}, {6, 7}, {1, 4}, {2, 3}], [{8, 5}, {6, 7}, {2, 4}, {1, 3}], [{8, 5}, {6, 7}, {3, 4}, {1, 2}], [{8, 5}, {7}, {1, 6}, {3, 4}, {2}], [{8, 5}, {7}, {2, 6}, {1, 4}, {3}], [{8, 6}, {1, 7}, {2, 5}, {3, 4}], [{8, 6}, {1, 7}, {3, 5}, {2, 4}], [{8, 6}, {1, 7}, {4, 5}, {2, 3}], [{8, 6}, {1, 7}, {5}, {2, 4}, {3}], [{8, 6}, {2, 7}, {1, 5}, {3, 4}], [{8, 6}, {2, 7}, {3, 5}, {1, 4}], [{8, 6}, {2, 7}, {4, 5}, {1, 3}], [{8, 6}, {2, 7}, {4, 5}, {3}, {1}], [{8, 6}, {3, 7}, {1, 5}, {2, 4}], [{8, 6}, {3, 7}, {2, 5}, {1, 4}], [{8, 6}, {3, 7}, {4, 5}, {1, 2}], [{8, 6}, {4, 7}, {1, 5}, {2, 3}], [{8, 6}, {4, 7}, {1, 5}, {3}, {2}], [{8, 6}, {4, 7}, {2, 5}, {1, 3}], [{8, 6}, {4, 7}, {3, 5}, {1, 2}], [{8, 6}, {5, 7}, {1, 4}, {2, 3}], [{8, 6}, {5, 7}, {2, 4}, {1, 3}], [{8, 6}, {5, 7}, {3, 4}, {1, 2}], [{8, 6}, {7}, {2, 5}, {4}, {1, 3}], [{8, 6}, {7}, {5}, {1, 4}, {2, 3}], [{8, 7}, {1, 6}, {2, 5}, {3, 4}], [{8, 7}, {1, 6}, {2, 5}, {4}, {3}], [{8, 7}, {1, 6}, {3, 5}, {2, 4}], [{8, 7}, {1, 6}, {3, 5}, {4}, {2}], [{8, 7}, {1, 6}, {4, 5}, {2, 3}], [{8, 7}, {1, 6}, {4, 5}, {3}, {2}], [{8, 7}, {1, 6}, {5}, {2, 4}, {3}], [{8, 7}, {1, 6}, {5}, {3, 4}, {2}], [{8, 7}, {1, 6}, {5}, {4}, {2, 3}], [{8, 7}, {2, 6}, {1, 5}, {3, 4}], [{8, 7}, {2, 6}, {1, 5}, {4}, {3}], [{8, 7}, {2, 6}, {3, 5}, {1, 4}], [{8, 7}, {2, 6}, {3, 5}, {4}, {1}], [{8, 7}, {2, 6}, {4, 5}, {1, 3}], [{8, 7}, {2, 6}, {4, 5}, {3}, {1}], [{8, 7}, {2, 6}, {5}, {1, 4}, {3}], [{8, 7}, {2, 6}, {5}, {3, 4}, {1}], [{8, 7}, {2, 6}, {5}, {4}, {1, 3}], [{8, 7}, {3, 6}, {1, 5}, {2, 4}], [{8, 7}, {3, 6}, {1, 5}, {4}, {2}], [{8, 7}, {3, 6}, {2, 5}, {1, 4}], [{8, 7}, {3, 6}, {2, 5}, {4}, {1}], [{8, 7}, {3, 6}, {4, 5}, {1, 2}], [{8, 7}, {3, 6}, {4, 5}, {2}, {1}], [{8, 7}, {3, 6}, {5}, {1, 4}, {2}], [{8, 7}, {3, 6}, {5}, {2, 4}, {1}], [{8, 7}, {3, 6}, {5}, {4}, {1, 2}], [{8, 7}, {3, 6}, {5}, {4}, {2}, {1}], [{8, 7}, {4, 6}, {1, 5}, {2, 3}], [{8, 7}, {4, 6}, {1, 5}, {3}, {2}], [{8, 7}, {4, 6}, {2, 5}, {1, 3}], [{8, 7}, {4, 6}, {2, 5}, {3}, {1}], [{8, 7}, {4, 6}, {3, 5}, {1, 2}], [{8, 7}, {4, 6}, {3, 5}, {2}, {1}], [{8, 7}, {4, 6}, {5}, {1, 3}, {2}], [{8, 7}, {4, 6}, {5}, {2, 3}, {1}], [{8, 7}, {4, 6}, {5}, {3}, {1, 2}], [{8, 7}, {5, 6}, {1, 4}, {2, 3}], [{8, 7}, {5, 6}, {1, 4}, {3}, {2}], [{8, 7}, {5, 6}, {2, 4}, {1, 3}], [{8, 7}, {5, 6}, {2, 4}, {3}, {1}], [{8, 7}, {5, 6}, {3, 4}, {1, 2}], [{8, 7}, {5, 6}, {3, 4}, {2}, {1}], [{8, 7}, {5, 6}, {4}, {1, 3}, {2}], [{8, 7}, {5, 6}, {4}, {2, 3}, {1}], [{8, 7}, {5, 6}, {4}, {3}, {1, 2}], [{8, 7}, {6}, {1, 5}, {2, 4}, {3}], [{8, 7}, {6}, {1, 5}, {3, 4}, {2}], [{8, 7}, {6}, {1, 5}, {4}, {2, 3}], [{8, 7}, {6}, {2, 5}, {1, 4}, {3}], [{8, 7}, {6}, {2, 5}, {3, 4}, {1}], [{8, 7}, {6}, {2, 5}, {4}, {1, 3}], [{8, 7}, {6}, {3, 5}, {1, 4}, {2}], [{8, 7}, {6}, {3, 5}, {2, 4}, {1}], [{8, 7}, {6}, {3, 5}, {4}, {1, 2}], [{8, 7}, {6}, {4, 5}, {1, 3}, {2}], [{8, 7}, {6}, {4, 5}, {2, 3}, {1}], [{8, 7}, {6}, {4, 5}, {3}, {1, 2}], [{8, 7}, {6}, {4, 5}, {3}, {2}, {1}], [{8, 7}, {6}, {5}, {1, 4}, {2, 3}], [{8, 7}, {6}, {5}, {2, 4}, {1, 3}], [{8, 7}, {6}, {5}, {3, 4}, {1, 2}], [{8}, {1, 7}, {3, 6}, {2, 5}, {4}], [{8}, {1, 7}, {3, 6}, {4, 5}, {2}], [{8}, {1, 7}, {3, 6}, {5}, {2, 4}], [{8}, {1, 7}, {3, 6}, {5}, {4}, {2}], [{8}, {2, 7}, {3, 6}, {5}, {1, 4}], [{8}, {3, 7}, {1, 6}, {2, 5}, {4}], [{8}, {3, 7}, {1, 6}, {4, 5}, {2}], [{8}, {3, 7}, {1, 6}, {5}, {2, 4}], [{8}, {4, 7}, {3, 6}, {5}, {1, 2}], [{8}, {4, 7}, {5, 6}, {1, 3}, {2}], [{8}, {4, 7}, {5, 6}, {2, 3}, {1}], [{8}, {4, 7}, {5, 6}, {3}, {1, 2}], [{8}, {4, 7}, {6}, {3, 5}, {1, 2}], [{8}, {5, 7}, {1, 6}, {3, 4}, {2}], [{8}, {5, 7}, {2, 6}, {1, 4}, {3}], [{8}, {6, 7}, {2, 5}, {4}, {1, 3}], [{8}, {6, 7}, {5}, {1, 4}, {2, 3}]]",2,20 K_1^3 + 4 K_1^2 K_2 - 22 K_1^2 - 18 K_1 K_2 - 4 K_1 K_3 - 6 K_1 + 11 K_2 + 4 K_3 + K_4 + 11,O1O2O3O4U1U5U3O6U4O7O8U7U8O5U2U6,O1O2O3U4U1U5U3O6O5U2O7O8U7U8O4U6,O1O2O3U4O5U6U7O6O7U2O8O4U1U8U3U5,c,{'O1O2O3O4U5U3O6U7U8O7O8U1O5U2U6U4'},1,"<a href=""/flatknot/8.850677"">8.850677</a>",t^9-65t^7-180t^6+208t^5+756t^4-46t^3-568t^2-184t-30,-t^3+t^2+t,,
8.850678,O1O2O3O4U5U3O6U7U8O7O8U1O5U6U2U4,4,5z^3+43z^2+109z+87,5w^4z^3-4w^4z^2+47w^3z^2+109w^2z+87w,False,False,"[[ 0 -2  0  0  3 -1  0 -1  1],[ 2  0  1  0  3  1  0  1  3],[ 0 -1  0  1  2  0 -1 -1  1],[ 0  0 -1  0  0  0 -1  0  0],[-3 -3 -2  0  0 -2 -1 -4 -2],[ 1 -1  0  0  2  0  0  1  1],[ 0  0  1  1  1  0  0 -1  1],[ 1 -1  1  0  4 -1  1  0  1],[-1 -3 -1  0  2 -1 -1 -1  0]]","[[ 0  3  1  0  0  0 -1 -1 -2],[-3  0 -2  0 -1 -2 -2 -4 -3],[-1  2  0  0 -1 -1 -1 -1 -3],[ 0  0  0  0 -1 -1  0  0  0],[ 0  1  1  1  0  1  0 -1  0],[ 0  2  1  1 -1  0  0 -1 -1],[ 1  2  1  0  0  0  0  1 -1],[ 1  4  1  0  1  1 -1  0 -1],[ 2  3  3  0  0  1  1  1  0]]",True,"[-3,-1,0,0,0,1,1,2,2,0,1,2,2,4,3,0,1,1,1,1,3,1,1,0,0,0,-1,0,1,0,0,1,1,-1,1,1]","[-3,-1,0,0,0,1,1,2,0,1,2,3,0,2,2,0,0,1,1,1,0,-1,1,0,1,1,1,0,1,2,1,1,2,-1,0,0]",t^8+60t^6+351t^4+241t^2+9,"[-2,-1,-1,0,0,0,1,3,0,0,1,2,2,0,2,-1,1,1,1,1,2,0,0,1,1,0,1,-1,0,1,-1,0,2,1,3,0]","[-3,-1,0,0,0,1,1,2,0,1,2,3,0,2,2,0,0,1,1,1,0,-1,1,0,1,1,1,0,1,2,1,1,2,-1,0,0]","[-2,-1,-1,0,0,0,1,3,1,1,0,0,1,3,3,-1,0,1,1,1,4,0,0,0,1,2,-1,-1,0,0,1,1,1,1,2,2]",c,"[[{8, 1}, {2, 7}, {3, 6}, {4, 5}], [{8, 1}, {2, 7}, {4, 6}, {3, 5}], [{8, 1}, {2, 7}, {5, 6}, {3, 4}], [{8, 1}, {2, 7}, {5, 6}, {4}, {3}], [{8, 1}, {2, 7}, {6}, {5}, {3, 4}], [{8, 1}, {3, 7}, {2, 6}, {4, 5}], [{8, 1}, {3, 7}, {4, 6}, {2, 5}], [{8, 1}, {3, 7}, {5, 6}, {2, 4}], [{8, 1}, {3, 7}, {6}, {4, 5}, {2}], [{8, 1}, {4, 7}, {2, 6}, {3, 5}], [{8, 1}, {4, 7}, {3, 6}, {2, 5}], [{8, 1}, {4, 7}, {5, 6}, {2, 3}], [{8, 1}, {4, 7}, {6}, {3, 5}, {2}], [{8, 1}, {5, 7}, {2, 6}, {3, 4}], [{8, 1}, {5, 7}, {3, 6}, {2, 4}], [{8, 1}, {5, 7}, {4, 6}, {2, 3}], [{8, 1}, {5, 7}, {6}, {3, 4}, {2}], [{8, 1}, {6, 7}, {2, 5}, {3, 4}], [{8, 1}, {6, 7}, {3, 5}, {2, 4}], [{8, 1}, {6, 7}, {4, 5}, {2, 3}], [{8, 1}, {6, 7}, {5}, {3, 4}, {2}], [{8, 1}, {7}, {2, 6}, {5}, {3, 4}], [{8, 1}, {7}, {5, 6}, {3, 4}, {2}], [{8, 1}, {7}, {6}, {2, 5}, {3, 4}], [{8, 1}, {7}, {6}, {5}, {3, 4}, {2}], [{8, 2}, {1, 7}, {3, 6}, {4, 5}], [{8, 2}, {1, 7}, {4, 6}, {3, 5}], [{8, 2}, {1, 7}, {5, 6}, {3, 4}], [{8, 2}, {1, 7}, {6}, {5}, {3, 4}], [{8, 2}, {3, 7}, {1, 6}, {4, 5}], [{8, 2}, {3, 7}, {4, 6}, {1, 5}], [{8, 2}, {3, 7}, {5, 6}, {1, 4}], [{8, 2}, {4, 7}, {1, 6}, {3, 5}], [{8, 2}, {4, 7}, {3, 6}, {1, 5}], [{8, 2}, {4, 7}, {3, 6}, {5}, {1}], [{8, 2}, {4, 7}, {5, 6}, {1, 3}], [{8, 2}, {4, 7}, {5, 6}, {3}, {1}], [{8, 2}, {4, 7}, {6}, {3, 5}, {1}], [{8, 2}, {5, 7}, {1, 6}, {3, 4}], [{8, 2}, {5, 7}, {3, 6}, {1, 4}], [{8, 2}, {5, 7}, {4, 6}, {1, 3}], [{8, 2}, {5, 7}, {6}, {1, 4}, {3}], [{8, 2}, {6, 7}, {1, 5}, {3, 4}], [{8, 2}, {6, 7}, {3, 5}, {1, 4}], [{8, 2}, {6, 7}, {4, 5}, {1, 3}], [{8, 2}, {6, 7}, {4, 5}, {3}, {1}], [{8, 3}, {1, 7}, {2, 6}, {4, 5}], [{8, 3}, {1, 7}, {4, 6}, {2, 5}], [{8, 3}, {1, 7}, {5, 6}, {2, 4}], [{8, 3}, {1, 7}, {6}, {4, 5}, {2}], [{8, 3}, {2, 7}, {1, 6}, {4, 5}], [{8, 3}, {2, 7}, {4, 6}, {1, 5}], [{8, 3}, {2, 7}, {5, 6}, {1, 4}], [{8, 3}, {4, 7}, {1, 6}, {2, 5}], [{8, 3}, {4, 7}, {1, 6}, {5}, {2}], [{8, 3}, {4, 7}, {2, 6}, {1, 5}], [{8, 3}, {4, 7}, {2, 6}, {5}, {1}], [{8, 3}, {4, 7}, {5, 6}, {1, 2}], [{8, 3}, {4, 7}, {5, 6}, {2}, {1}], [{8, 3}, {4, 7}, {6}, {1, 5}, {2}], [{8, 3}, {4, 7}, {6}, {2, 5}, {1}], [{8, 3}, {4, 7}, {6}, {5}, {1, 2}], [{8, 3}, {4, 7}, {6}, {5}, {2}, {1}], [{8, 3}, {5, 7}, {1, 6}, {2, 4}], [{8, 3}, {5, 7}, {2, 6}, {1, 4}], [{8, 3}, {5, 7}, {4, 6}, {1, 2}], [{8, 3}, {5, 7}, {6}, {1, 4}, {2}], [{8, 3}, {6, 7}, {1, 5}, {2, 4}], [{8, 3}, {6, 7}, {2, 5}, {1, 4}], [{8, 3}, {6, 7}, {4, 5}, {1, 2}], [{8, 3}, {6, 7}, {5}, {4}, {1, 2}], [{8, 3}, {7}, {4, 6}, {5}, {1, 2}], [{8, 4}, {1, 7}, {2, 6}, {3, 5}], [{8, 4}, {1, 7}, {3, 6}, {2, 5}], [{8, 4}, {1, 7}, {5, 6}, {2, 3}], [{8, 4}, {1, 7}, {6}, {3, 5}, {2}], [{8, 4}, {2, 7}, {1, 6}, {3, 5}], [{8, 4}, {2, 7}, {3, 6}, {1, 5}], [{8, 4}, {2, 7}, {5, 6}, {1, 3}], [{8, 4}, {2, 7}, {6}, {3, 5}, {1}], [{8, 4}, {3, 7}, {1, 6}, {2, 5}], [{8, 4}, {3, 7}, {2, 6}, {1, 5}], [{8, 4}, {3, 7}, {5, 6}, {1, 2}], [{8, 4}, {3, 7}, {6}, {1, 5}, {2}], [{8, 4}, {5, 7}, {1, 6}, {2, 3}], [{8, 4}, {5, 7}, {2, 6}, {1, 3}], [{8, 4}, {5, 7}, {3, 6}, {1, 2}], [{8, 4}, {5, 7}, {6}, {1, 3}, {2}], [{8, 4}, {6, 7}, {1, 5}, {2, 3}], [{8, 4}, {6, 7}, {2, 5}, {1, 3}], [{8, 4}, {6, 7}, {3, 5}, {1, 2}], [{8, 4}, {6, 7}, {3, 5}, {2}, {1}], [{8, 4}, {7}, {1, 6}, {3, 5}, {2}], [{8, 4}, {7}, {2, 6}, {3, 5}, {1}], [{8, 4}, {7}, {3, 6}, {2, 5}, {1}], [{8, 4}, {7}, {5, 6}, {2, 3}, {1}], [{8, 4}, {7}, {6}, {3, 5}, {1, 2}], [{8, 4}, {7}, {6}, {3, 5}, {2}, {1}], [{8, 5}, {1, 7}, {2, 6}, {3, 4}], [{8, 5}, {1, 7}, {2, 6}, {4}, {3}], [{8, 5}, {1, 7}, {3, 6}, {2, 4}], [{8, 5}, {1, 7}, {3, 6}, {4}, {2}], [{8, 5}, {1, 7}, {4, 6}, {2, 3}], [{8, 5}, {1, 7}, {4, 6}, {3}, {2}], [{8, 5}, {1, 7}, {6}, {2, 4}, {3}], [{8, 5}, {1, 7}, {6}, {3, 4}, {2}], [{8, 5}, {1, 7}, {6}, {4}, {2, 3}], [{8, 5}, {1, 7}, {6}, {4}, {3}, {2}], [{8, 5}, {2, 7}, {1, 6}, {3, 4}], [{8, 5}, {2, 7}, {3, 6}, {1, 4}], [{8, 5}, {2, 7}, {4, 6}, {1, 3}], [{8, 5}, {2, 7}, {6}, {1, 4}, {3}], [{8, 5}, {3, 7}, {1, 6}, {2, 4}], [{8, 5}, {3, 7}, {2, 6}, {1, 4}], [{8, 5}, {3, 7}, {4, 6}, {1, 2}], [{8, 5}, {3, 7}, {6}, {1, 4}, {2}], [{8, 5}, {4, 7}, {1, 6}, {2, 3}], [{8, 5}, {4, 7}, {1, 6}, {3}, {2}], [{8, 5}, {4, 7}, {2, 6}, {1, 3}], [{8, 5}, {4, 7}, {2, 6}, {3}, {1}], [{8, 5}, {4, 7}, {3, 6}, {1, 2}], [{8, 5}, {4, 7}, {3, 6}, {2}, {1}], [{8, 5}, {4, 7}, {6}, {1, 3}, {2}], [{8, 5}, {4, 7}, {6}, {2, 3}, {1}], [{8, 5}, {4, 7}, {6}, {3}, {1, 2}], [{8, 5}, {4, 7}, {6}, {3}, {2}, {1}], [{8, 5}, {6, 7}, {1, 4}, {2, 3}], [{8, 5}, {6, 7}, {1, 4}, {3}, {2}], [{8, 5}, {6, 7}, {2, 4}, {1, 3}], [{8, 5}, {6, 7}, {3, 4}, {1, 2}], [{8, 5}, {7}, {2, 6}, {1, 4}, {3}], [{8, 5}, {7}, {3, 6}, {1, 4}, {2}], [{8, 5}, {7}, {6}, {1, 4}, {2, 3}], [{8, 5}, {7}, {6}, {1, 4}, {3}, {2}], [{8, 6}, {1, 7}, {2, 5}, {3, 4}], [{8, 6}, {1, 7}, {3, 5}, {2, 4}], [{8, 6}, {1, 7}, {4, 5}, {2, 3}], [{8, 6}, {1, 7}, {5}, {3, 4}, {2}], [{8, 6}, {2, 7}, {1, 5}, {3, 4}], [{8, 6}, {2, 7}, {3, 5}, {1, 4}], [{8, 6}, {2, 7}, {4, 5}, {1, 3}], [{8, 6}, {2, 7}, {4, 5}, {3}, {1}], [{8, 6}, {3, 7}, {1, 5}, {2, 4}], [{8, 6}, {3, 7}, {2, 5}, {1, 4}], [{8, 6}, {3, 7}, {4, 5}, {1, 2}], [{8, 6}, {4, 7}, {1, 5}, {2, 3}], [{8, 6}, {4, 7}, {2, 5}, {1, 3}], [{8, 6}, {4, 7}, {2, 5}, {3}, {1}], [{8, 6}, {4, 7}, {3, 5}, {1, 2}], [{8, 6}, {4, 7}, {3, 5}, {2}, {1}], [{8, 6}, {4, 7}, {5}, {2, 3}, {1}], [{8, 6}, {5, 7}, {1, 4}, {2, 3}], [{8, 6}, {5, 7}, {1, 4}, {3}, {2}], [{8, 6}, {5, 7}, {2, 4}, {1, 3}], [{8, 6}, {5, 7}, {3, 4}, {1, 2}], [{8, 6}, {7}, {1, 5}, {4}, {2, 3}], [{8, 7}, {1, 6}, {2, 5}, {3, 4}], [{8, 7}, {1, 6}, {2, 5}, {4}, {3}], [{8, 7}, {1, 6}, {3, 5}, {2, 4}], [{8, 7}, {1, 6}, {3, 5}, {4}, {2}], [{8, 7}, {1, 6}, {4, 5}, {2, 3}], [{8, 7}, {1, 6}, {4, 5}, {3}, {2}], [{8, 7}, {1, 6}, {5}, {2, 4}, {3}], [{8, 7}, {1, 6}, {5}, {3, 4}, {2}], [{8, 7}, {1, 6}, {5}, {4}, {2, 3}], [{8, 7}, {2, 6}, {1, 5}, {3, 4}], [{8, 7}, {2, 6}, {1, 5}, {4}, {3}], [{8, 7}, {2, 6}, {3, 5}, {1, 4}], [{8, 7}, {2, 6}, {3, 5}, {4}, {1}], [{8, 7}, {2, 6}, {4, 5}, {1, 3}], [{8, 7}, {2, 6}, {4, 5}, {3}, {1}], [{8, 7}, {2, 6}, {5}, {1, 4}, {3}], [{8, 7}, {2, 6}, {5}, {3, 4}, {1}], [{8, 7}, {2, 6}, {5}, {4}, {1, 3}], [{8, 7}, {3, 6}, {1, 5}, {2, 4}], [{8, 7}, {3, 6}, {1, 5}, {4}, {2}], [{8, 7}, {3, 6}, {2, 5}, {1, 4}], [{8, 7}, {3, 6}, {2, 5}, {4}, {1}], [{8, 7}, {3, 6}, {4, 5}, {1, 2}], [{8, 7}, {3, 6}, {4, 5}, {2}, {1}], [{8, 7}, {3, 6}, {5}, {1, 4}, {2}], [{8, 7}, {3, 6}, {5}, {2, 4}, {1}], [{8, 7}, {3, 6}, {5}, {4}, {1, 2}], [{8, 7}, {4, 6}, {1, 5}, {2, 3}], [{8, 7}, {4, 6}, {1, 5}, {3}, {2}], [{8, 7}, {4, 6}, {2, 5}, {1, 3}], [{8, 7}, {4, 6}, {2, 5}, {3}, {1}], [{8, 7}, {4, 6}, {3, 5}, {1, 2}], [{8, 7}, {4, 6}, {3, 5}, {2}, {1}], [{8, 7}, {4, 6}, {5}, {1, 3}, {2}], [{8, 7}, {4, 6}, {5}, {2, 3}, {1}], [{8, 7}, {4, 6}, {5}, {3}, {1, 2}], [{8, 7}, {5, 6}, {1, 4}, {2, 3}], [{8, 7}, {5, 6}, {1, 4}, {3}, {2}], [{8, 7}, {5, 6}, {2, 4}, {1, 3}], [{8, 7}, {5, 6}, {2, 4}, {3}, {1}], [{8, 7}, {5, 6}, {3, 4}, {1, 2}], [{8, 7}, {5, 6}, {3, 4}, {2}, {1}], [{8, 7}, {5, 6}, {4}, {1, 3}, {2}], [{8, 7}, {5, 6}, {4}, {2, 3}, {1}], [{8, 7}, {5, 6}, {4}, {3}, {1, 2}], [{8, 7}, {6}, {1, 5}, {2, 4}, {3}], [{8, 7}, {6}, {1, 5}, {3, 4}, {2}], [{8, 7}, {6}, {1, 5}, {4}, {2, 3}], [{8, 7}, {6}, {1, 5}, {4}, {3}, {2}], [{8, 7}, {6}, {2, 5}, {1, 4}, {3}], [{8, 7}, {6}, {2, 5}, {3, 4}, {1}], [{8, 7}, {6}, {2, 5}, {4}, {1, 3}], [{8, 7}, {6}, {3, 5}, {1, 4}, {2}], [{8, 7}, {6}, {3, 5}, {2, 4}, {1}], [{8, 7}, {6}, {3, 5}, {4}, {1, 2}], [{8, 7}, {6}, {3, 5}, {4}, {2}, {1}], [{8, 7}, {6}, {4, 5}, {1, 3}, {2}], [{8, 7}, {6}, {4, 5}, {2, 3}, {1}], [{8, 7}, {6}, {4, 5}, {3}, {1, 2}], [{8, 7}, {6}, {4, 5}, {3}, {2}, {1}], [{8, 7}, {6}, {5}, {1, 4}, {2, 3}], [{8, 7}, {6}, {5}, {1, 4}, {3}, {2}], [{8, 7}, {6}, {5}, {2, 4}, {1, 3}], [{8, 7}, {6}, {5}, {3, 4}, {1, 2}], [{8, 7}, {6}, {5}, {3, 4}, {2}, {1}], [{8, 7}, {6}, {5}, {4}, {1, 3}, {2}], [{8}, {1, 7}, {2, 6}, {5}, {3, 4}], [{8}, {1, 7}, {5, 6}, {3, 4}, {2}], [{8}, {1, 7}, {6}, {2, 5}, {3, 4}], [{8}, {1, 7}, {6}, {5}, {3, 4}, {2}], [{8}, {3, 7}, {4, 6}, {5}, {1, 2}], [{8}, {4, 7}, {1, 6}, {3, 5}, {2}], [{8}, {4, 7}, {2, 6}, {3, 5}, {1}], [{8}, {4, 7}, {3, 6}, {2, 5}, {1}], [{8}, {4, 7}, {5, 6}, {2, 3}, {1}], [{8}, {4, 7}, {6}, {3, 5}, {1, 2}], [{8}, {4, 7}, {6}, {3, 5}, {2}, {1}], [{8}, {5, 7}, {2, 6}, {1, 4}, {3}], [{8}, {5, 7}, {3, 6}, {1, 4}, {2}], [{8}, {5, 7}, {6}, {1, 4}, {2, 3}], [{8}, {5, 7}, {6}, {1, 4}, {3}, {2}], [{8}, {6, 7}, {1, 5}, {4}, {2, 3}]]",2,4 K_1^3 + 4 K_1^2 K_2 - 4 K_1^2 - 6 K_1 K_2 - 6 K_1 K_3 - 2 K_2^2 + 3 K_2 + 2 K_3 + 3 K_4 + 3,O1O2O3O4U1U3U5O6U4O7O8U7U8O5U2U6,O1O2O3U4U2U5U3O6O5U1O7O8U7U8O4U6,O1O2O3U4O5U6U7O6O7U3O8O4U1U8U2U5,c,{'O1O2O3O4U5U3O6U7U8O7O8U1O5U6U2U4'},1,"<a href=""/flatknot/8.850678"">8.850678</a>",t^9-56t^7-196t^6-18t^5+640t^4+716t^3+126t^2-79t-6,-t^3+t^2+t,,
8.850679,O1O2O3O4U5U3O6U7U8O7O8U1O5U6U4U2,4,2z^3+29z^2+108z+117,2w^4z^3+29w^3z^2+108w^2z+117w,False,False,"[[ 0 -2  1  0  2 -1  0 -1  1],[ 2  0  2  0  2  1  0  1  3],[-1 -2  0  0  1 -1 -1 -2  0],[ 0  0  0  0  0  0 -1  0  0],[-2 -2 -1  0  0 -1 -1 -3 -1],[ 1 -1  1  0  1  0  0  1  1],[ 0  0  1  1  1  0  0 -1  1],[ 1 -1  2  0  3 -1  1  0  1],[-1 -3  0  0  1 -1 -1 -1  0]]","[[ 0  2  1  1  0  0 -1 -1 -2],[-2  0 -1 -1  0 -1 -1 -3 -2],[-1  1  0  0  0 -1 -1 -1 -3],[-1  1  0  0  0 -1 -1 -2 -2],[ 0  0  0  0  0 -1  0  0  0],[ 0  1  1  1  1  0  0 -1  0],[ 1  1  1  1  0  0  0  1 -1],[ 1  3  1  2  0  1 -1  0 -1],[ 2  2  3  2  0  0  1  1  0]]",True,"[-2,-1,-1,0,0,1,1,2,1,1,0,1,1,3,2,0,0,1,1,1,3,0,1,1,2,2,1,0,0,0,0,1,0,-1,1,1]","[-2,-1,-1,0,0,1,1,2,0,0,1,2,0,2,2,0,0,1,0,1,1,0,1,1,1,0,1,0,1,2,1,1,2,-1,0,0]",t^8+44t^6+198t^4+104t^2+1,"[-2,-1,-1,0,0,1,1,2,0,0,2,2,0,1,2,-1,1,1,1,1,2,0,1,1,0,0,-1,0,0,1,1,1,2,0,0,0]","[-2,-1,-1,0,0,1,1,2,0,0,1,2,0,2,2,0,0,1,0,1,1,0,1,1,1,0,1,0,1,2,1,1,2,-1,0,0]","[-2,-1,-1,0,0,1,1,2,1,1,0,0,2,3,2,-1,0,1,2,1,3,0,0,1,1,1,-1,0,0,0,1,1,1,0,1,1]",c,"[[{8, 7}, {1, 6}, {4, 5}, {2, 3}], [{8, 7}, {2, 6}, {3, 5}, {1, 4}], [{8, 7}, {3, 6}, {2, 5}, {1, 4}], [{8, 7}, {5, 6}, {1, 4}, {2, 3}]]",1,- 16 K_1^4 + 32 K_1^3 + 24 K_1^2 K_2 - 32 K_1^2 - 32 K_1 K_2 - 12 K_1 K_3 - 8 K_1 + 18 K_2 + 8 K_3 + 2 K_4 + 17,O1O2O3O4U3U1U5O6U4O7O8U7U8O5U2U6,O1O2O3U4U3U5U2O6O5U1O7O8U7U8O4U6,O1O2O3U4O5U6U7O6O7U3O8O4U2U8U1U5,c,{'O1O2O3O4U5U3O6U7U8O7O8U1O5U6U4U2'},1,"<a href=""/flatknot/8.850679"">8.850679</a>",t^9-44t^7-114t^6+36t^5+286t^4+174t^3-68t^2-75t-12,0,,
8.850680,O1O2O3O4U5U3O6U7U8O7O8U2O5U1U6U4,3,10z^2+45z+51,4w^5z^2-16w^4z^2+4w^4z+22w^3z^2-24w^3z+65w^2z+51w,False,False,"[[ 0 -2 -1  0  3 -1  1 -1  1],[ 2  0  1  1  4  0  1  1  3],[ 1 -1  0  0  2  0  0  0  2],[ 0 -1  0  0  0  0 -1  0  0],[-3 -4 -2  0  0 -2 -1 -4 -2],[ 1  0  0  0  2  0  1  1  1],[-1 -1  0  1  1 -1  0 -2  0],[ 1 -1  0  0  4 -1  2  0  1],[-1 -3 -2  0  2 -1  0 -1  0]]","[[ 0  3  1  1  0 -1 -1 -1 -2],[-3  0 -1 -2  0 -2 -2 -4 -4],[-1  1  0  0  1  0 -1 -2 -1],[-1  2  0  0  0 -2 -1 -1 -3],[ 0  0 -1  0  0  0  0  0 -1],[ 1  2  0  2  0  0  0  0 -1],[ 1  2  1  1  0  0  0  1  0],[ 1  4  2  1  0  0 -1  0 -1],[ 2  4  1  3  1  1  0  1  0]]",True,"[-3,-1,-1,0,1,1,1,2,1,2,0,2,2,4,4,0,-1,0,1,2,1,0,2,1,1,3,0,0,0,1,0,0,1,-1,0,1]","[-3,-1,-1,0,1,1,1,2,0,1,3,0,2,2,1,0,1,1,0,1,0,2,0,2,1,2,1,1,1,1,0,-1,0,0,0,1]",t^8+71t^6+347t^4+155t^2,"[-2,-1,-1,-1,0,1,1,3,0,0,1,1,0,2,1,0,0,1,0,2,2,1,1,1,0,0,1,1,1,2,1,2,3,0,0,1]","[-3,-1,-1,0,1,1,1,2,0,1,3,0,2,2,1,0,1,1,0,1,0,2,0,2,1,2,1,1,1,1,0,-1,0,0,0,1]","[-2,-1,-1,-1,0,1,1,3,0,1,1,1,1,3,4,0,1,0,1,1,2,0,0,0,2,2,0,2,1,4,-1,0,0,0,1,2]",c,"[[{8, 5}, {2, 7}, {3, 6}, {1, 4}], [{8, 7}, {3, 6}, {2, 5}, {1, 4}]]",1,- 8 K_1^4 + 8 K_1^3 + 8 K_1^2 K_2 - 8 K_1^2 - 6 K_1 K_2 - 2 K_1 K_3 - 3 K_1 + 5 K_2 + K_3 + 6,O1O2O3O4U1U5U4O6U3O7O8U7U8O5U2U6,O1O2O3U1U4U5U3O6O5U2O7O8U7U8O4U6,O1O2O3U4O5U6U7O6O7U2O8O4U1U8U5U3,c,{'O1O2O3O4U5U3O6U7U8O7O8U2O5U1U6U4'},1,"<a href=""/flatknot/8.850680"">8.850680</a>",t^9-67t^7-202t^6+156t^5+938t^4+530t^3-372t^2-232t,-t^3+t^2+t,,
8.850681,O1O2O3O4U5U3O6U7U8O7O8U2O5U6U1U4,3,20z^2+89z+99,-4w^4z^2+24w^3z^2+89w^2z+99w,False,False,"[[ 0 -1 -1  0  3 -1  0 -1  1],[ 1  0  0  1  3  0  0  0  2],[ 1  0  0  0  2  0  0  0  2],[ 0 -1  0  0  0  0 -1  0  0],[-3 -3 -2  0  0 -2 -1 -4 -2],[ 1  0  0  0  2  0  0  1  1],[ 0  0  0  1  1  0  0 -1  1],[ 1  0  0  0  4 -1  1  0  1],[-1 -2 -2  0  2 -1 -1 -1  0]]","[[ 0  3  1  0  0 -1 -1 -1 -1],[-3  0 -2  0 -1 -2 -2 -3 -4],[-1  2  0  0 -1 -1 -2 -2 -1],[ 0  0  0  0 -1  0  0 -1  0],[ 0  1  1  1  0  0  0  0 -1],[ 1  2  1  0  0  0  0  0  1],[ 1  2  2  0  0  0  0  0  0],[ 1  3  2  1  0  0  0  0  0],[ 1  4  1  0  1 -1  0  0  0]]",True,"[-3,-1,0,0,1,1,1,1,2,0,1,2,2,3,4,0,1,1,2,2,1,1,0,0,1,0,0,0,0,1,0,0,-1,0,0,0]","[-3,-1,0,0,1,1,1,1,0,2,3,0,1,2,2,0,1,1,0,0,1,1,0,1,1,1,1,0,1,1,0,0,-1,0,0,0]",t^8+53t^6+228t^4+120t^2,"[-1,-1,-1,-1,0,0,1,3,-1,0,0,1,1,1,2,0,0,0,1,1,0,0,1,0,0,1,1,1,0,2,-1,0,2,1,3,0]","[-3,-1,0,0,1,1,1,1,0,2,3,0,1,2,2,0,1,1,0,0,1,1,0,1,1,1,1,0,1,1,0,0,-1,0,0,0]","[-1,-1,-1,-1,0,0,1,3,-1,0,0,0,1,1,4,0,0,0,0,1,2,0,0,0,2,2,1,0,2,3,-1,0,0,1,1,2]",c,"[[{8, 7}, {3, 6}, {1, 5}, {2, 4}], [{8, 7}, {3, 6}, {2, 5}, {1, 4}], [{8, 7}, {3, 6}, {4, 5}, {1, 2}], [{8, 7}, {3, 6}, {5}, {1, 4}, {2}], [{8, 7}, {4, 6}, {2, 5}, {1, 3}], [{8, 7}, {4, 6}, {5}, {1, 3}, {2}]]",1,- 16 K_1^4 + 32 K_1^3 + 20 K_1^2 K_2 - 26 K_1^2 - 30 K_1 K_2 - 6 K_1 K_3 - 9 K_1 - 2 K_2^2 + 14 K_2 + 7 K_3 + K_4 + 16,O1O2O3O4U1U4U5O6U3O7O8U7U8O5U2U6,O1O2O3U2U4U5U3O6O5U1O7O8U7U8O4U6,O1O2O3U4O5U6U7O6O7U3O8O4U1U8U5U2,c,{'O1O2O3O4U5U3O6U7U8O7O8U2O5U6U1U4'},1,"<a href=""/flatknot/8.850681"">8.850681</a>",t^9-47t^7-86t^6+148t^5+200t^4-138t^3-98t^2+20t,-t^3+3t,,
8.850682,O1O2O3O4U5U3O6U7U8O7O8U6O5U1U2U4,4,6z^3+37z^2+72z+45,6w^4z^3+37w^3z^2+72w^2z+45w,False,False,"[[ 0 -2  0  0  3 -1  0 -1  1],[ 2  0  1  1  3  1  0  1  3],[ 0 -1  0  1  2 -1  0 -1  1],[ 0 -1 -1  0  0  0  0  0  0],[-3 -3 -2  0  0 -3  0 -4 -2],[ 1 -1  1  0  3  0  0  1  1],[ 0  0  0  0  0  0  0 -1  1],[ 1 -1  1  0  4 -1  1  0  1],[-1 -3 -1  0  2 -1 -1 -1  0]]","[[ 0  3  1  0  0  0 -1 -1 -2],[-3  0 -2  0  0 -2 -3 -4 -3],[-1  2  0  0 -1 -1 -1 -1 -3],[ 0  0  0  0  0 -1  0  0 -1],[ 0  0  1  0  0  0  0 -1  0],[ 0  2  1  1  0  0 -1 -1 -1],[ 1  3  1  0  0  1  0  1 -1],[ 1  4  1  0  1  1 -1  0 -1],[ 2  3  3  1  0  1  1  1  0]]",True,"[-3,-1,0,0,0,1,1,2,2,0,0,2,3,4,3,0,1,1,1,1,3,0,1,0,0,1,0,0,1,0,1,1,1,-1,1,1]","[-3,-1,0,0,0,1,1,2,0,1,3,3,0,1,2,0,0,1,1,1,0,0,1,0,0,1,0,0,1,2,1,1,1,-1,0,0]",t^8+64t^6+330t^4+191t^2+4,"[-2,-1,-1,0,0,0,1,3,0,0,1,1,2,0,2,-1,0,1,1,1,1,0,1,0,1,0,-1,0,0,1,0,1,3,0,3,0]","[-3,-1,0,0,0,1,1,2,0,1,3,3,0,1,2,0,0,1,1,1,0,0,1,0,0,1,0,0,1,2,1,1,1,-1,0,0]","[-2,-1,-1,0,0,0,1,3,1,1,0,1,1,3,3,-1,1,0,1,1,4,0,0,1,1,3,0,0,1,0,-1,0,0,1,2,2]",c,"[[{8, 1}, {2, 7}, {3, 6}, {4, 5}], [{8, 1}, {2, 7}, {4, 6}, {3, 5}], [{8, 1}, {2, 7}, {5, 6}, {3, 4}], [{8, 1}, {3, 7}, {2, 6}, {4, 5}], [{8, 1}, {3, 7}, {4, 6}, {2, 5}], [{8, 1}, {3, 7}, {5, 6}, {2, 4}], [{8, 1}, {3, 7}, {5, 6}, {4}, {2}], [{8, 1}, {4, 7}, {2, 6}, {3, 5}], [{8, 1}, {4, 7}, {3, 6}, {2, 5}], [{8, 1}, {4, 7}, {5, 6}, {2, 3}], [{8, 1}, {5, 7}, {2, 6}, {3, 4}], [{8, 1}, {5, 7}, {3, 6}, {2, 4}], [{8, 1}, {5, 7}, {4, 6}, {2, 3}], [{8, 1}, {6, 7}, {2, 5}, {3, 4}], [{8, 1}, {6, 7}, {3, 5}, {2, 4}], [{8, 1}, {6, 7}, {4, 5}, {2, 3}], [{8, 1}, {7}, {4, 6}, {3, 5}, {2}], [{8, 2}, {1, 7}, {3, 6}, {4, 5}], [{8, 2}, {1, 7}, {4, 6}, {3, 5}], [{8, 2}, {1, 7}, {5, 6}, {3, 4}], [{8, 2}, {3, 7}, {1, 6}, {4, 5}], [{8, 2}, {3, 7}, {4, 6}, {1, 5}], [{8, 2}, {3, 7}, {5, 6}, {1, 4}], [{8, 2}, {4, 7}, {1, 6}, {3, 5}], [{8, 2}, {4, 7}, {3, 6}, {1, 5}], [{8, 2}, {4, 7}, {5, 6}, {1, 3}], [{8, 2}, {5, 7}, {1, 6}, {3, 4}], [{8, 2}, {5, 7}, {3, 6}, {1, 4}], [{8, 2}, {5, 7}, {4, 6}, {1, 3}], [{8, 2}, {6, 7}, {1, 5}, {3, 4}], [{8, 2}, {6, 7}, {3, 5}, {1, 4}], [{8, 2}, {6, 7}, {4, 5}, {1, 3}], [{8, 2}, {6, 7}, {5}, {1, 4}, {3}], [{8, 2}, {7}, {4, 6}, {5}, {1, 3}], [{8, 2}, {7}, {5, 6}, {3, 4}, {1}], [{8, 3}, {1, 7}, {2, 6}, {4, 5}], [{8, 3}, {1, 7}, {4, 6}, {2, 5}], [{8, 3}, {1, 7}, {4, 6}, {5}, {2}], [{8, 3}, {1, 7}, {5, 6}, {2, 4}], [{8, 3}, {2, 7}, {1, 6}, {4, 5}], [{8, 3}, {2, 7}, {4, 6}, {1, 5}], [{8, 3}, {2, 7}, {5, 6}, {1, 4}], [{8, 3}, {4, 7}, {1, 6}, {2, 5}], [{8, 3}, {4, 7}, {2, 6}, {1, 5}], [{8, 3}, {4, 7}, {5, 6}, {1, 2}], [{8, 3}, {5, 7}, {1, 6}, {2, 4}], [{8, 3}, {5, 7}, {2, 6}, {1, 4}], [{8, 3}, {5, 7}, {4, 6}, {1, 2}], [{8, 3}, {6, 7}, {1, 5}, {2, 4}], [{8, 3}, {6, 7}, {2, 5}, {1, 4}], [{8, 3}, {6, 7}, {4, 5}, {1, 2}], [{8, 3}, {6, 7}, {5}, {1, 4}, {2}], [{8, 3}, {7}, {5, 6}, {2, 4}, {1}], [{8, 4}, {1, 7}, {2, 6}, {3, 5}], [{8, 4}, {1, 7}, {3, 6}, {2, 5}], [{8, 4}, {1, 7}, {3, 6}, {5}, {2}], [{8, 4}, {1, 7}, {5, 6}, {2, 3}], [{8, 4}, {2, 7}, {1, 6}, {3, 5}], [{8, 4}, {2, 7}, {3, 6}, {1, 5}], [{8, 4}, {2, 7}, {5, 6}, {1, 3}], [{8, 4}, {3, 7}, {1, 6}, {2, 5}], [{8, 4}, {3, 7}, {2, 6}, {1, 5}], [{8, 4}, {3, 7}, {5, 6}, {1, 2}], [{8, 4}, {5, 7}, {1, 6}, {2, 3}], [{8, 4}, {5, 7}, {2, 6}, {1, 3}], [{8, 4}, {5, 7}, {3, 6}, {1, 2}], [{8, 4}, {6, 7}, {1, 5}, {2, 3}], [{8, 4}, {6, 7}, {2, 5}, {1, 3}], [{8, 4}, {6, 7}, {3, 5}, {1, 2}], [{8, 4}, {7}, {5, 6}, {1, 3}, {2}], [{8, 4}, {7}, {5, 6}, {2, 3}, {1}], [{8, 4}, {7}, {5, 6}, {3}, {1, 2}], [{8, 5}, {1, 7}, {2, 6}, {3, 4}], [{8, 5}, {1, 7}, {3, 6}, {2, 4}], [{8, 5}, {1, 7}, {4, 6}, {2, 3}], [{8, 5}, {1, 7}, {4, 6}, {3}, {2}], [{8, 5}, {2, 7}, {1, 6}, {3, 4}], [{8, 5}, {2, 7}, {3, 6}, {1, 4}], [{8, 5}, {2, 7}, {4, 6}, {1, 3}], [{8, 5}, {3, 7}, {1, 6}, {2, 4}], [{8, 5}, {3, 7}, {2, 6}, {1, 4}], [{8, 5}, {3, 7}, {2, 6}, {4}, {1}], [{8, 5}, {3, 7}, {4, 6}, {1, 2}], [{8, 5}, {4, 7}, {1, 6}, {2, 3}], [{8, 5}, {4, 7}, {1, 6}, {3}, {2}], [{8, 5}, {4, 7}, {2, 6}, {1, 3}], [{8, 5}, {4, 7}, {3, 6}, {1, 2}], [{8, 5}, {6, 7}, {1, 4}, {2, 3}], [{8, 5}, {6, 7}, {1, 4}, {3}, {2}], [{8, 5}, {6, 7}, {2, 4}, {1, 3}], [{8, 5}, {6, 7}, {3, 4}, {1, 2}], [{8, 6}, {1, 7}, {2, 5}, {3, 4}], [{8, 6}, {1, 7}, {3, 5}, {2, 4}], [{8, 6}, {1, 7}, {4, 5}, {2, 3}], [{8, 6}, {2, 7}, {1, 5}, {3, 4}], [{8, 6}, {2, 7}, {3, 5}, {1, 4}], [{8, 6}, {2, 7}, {4, 5}, {1, 3}], [{8, 6}, {2, 7}, {5}, {1, 4}, {3}], [{8, 6}, {3, 7}, {1, 5}, {2, 4}], [{8, 6}, {3, 7}, {2, 5}, {1, 4}], [{8, 6}, {3, 7}, {4, 5}, {1, 2}], [{8, 6}, {3, 7}, {5}, {1, 4}, {2}], [{8, 6}, {4, 7}, {1, 5}, {2, 3}], [{8, 6}, {4, 7}, {2, 5}, {1, 3}], [{8, 6}, {4, 7}, {3, 5}, {1, 2}], [{8, 6}, {5, 7}, {1, 4}, {2, 3}], [{8, 6}, {5, 7}, {1, 4}, {3}, {2}], [{8, 6}, {5, 7}, {2, 4}, {1, 3}], [{8, 6}, {5, 7}, {3, 4}, {1, 2}], [{8, 6}, {7}, {1, 5}, {2, 4}, {3}], [{8, 6}, {7}, {1, 5}, {3, 4}, {2}], [{8, 6}, {7}, {1, 5}, {4}, {2, 3}], [{8, 6}, {7}, {2, 5}, {1, 4}, {3}], [{8, 6}, {7}, {2, 5}, {3, 4}, {1}], [{8, 6}, {7}, {2, 5}, {4}, {1, 3}], [{8, 6}, {7}, {3, 5}, {1, 4}, {2}], [{8, 6}, {7}, {3, 5}, {2, 4}, {1}], [{8, 6}, {7}, {3, 5}, {4}, {1, 2}], [{8, 6}, {7}, {4, 5}, {1, 3}, {2}], [{8, 6}, {7}, {4, 5}, {2, 3}, {1}], [{8, 6}, {7}, {4, 5}, {3}, {1, 2}], [{8, 6}, {7}, {5}, {1, 4}, {2, 3}], [{8, 6}, {7}, {5}, {1, 4}, {3}, {2}], [{8, 6}, {7}, {5}, {2, 4}, {1, 3}], [{8, 6}, {7}, {5}, {3, 4}, {1, 2}], [{8, 7}, {1, 6}, {2, 5}, {3, 4}], [{8, 7}, {1, 6}, {2, 5}, {4}, {3}], [{8, 7}, {1, 6}, {3, 5}, {2, 4}], [{8, 7}, {1, 6}, {3, 5}, {4}, {2}], [{8, 7}, {1, 6}, {4, 5}, {2, 3}], [{8, 7}, {1, 6}, {4, 5}, {3}, {2}], [{8, 7}, {1, 6}, {5}, {2, 4}, {3}], [{8, 7}, {1, 6}, {5}, {3, 4}, {2}], [{8, 7}, {1, 6}, {5}, {4}, {2, 3}], [{8, 7}, {2, 6}, {1, 5}, {3, 4}], [{8, 7}, {2, 6}, {1, 5}, {4}, {3}], [{8, 7}, {2, 6}, {3, 5}, {1, 4}], [{8, 7}, {2, 6}, {3, 5}, {4}, {1}], [{8, 7}, {2, 6}, {4, 5}, {1, 3}], [{8, 7}, {2, 6}, {4, 5}, {3}, {1}], [{8, 7}, {2, 6}, {5}, {1, 4}, {3}], [{8, 7}, {2, 6}, {5}, {3, 4}, {1}], [{8, 7}, {2, 6}, {5}, {4}, {1, 3}], [{8, 7}, {3, 6}, {1, 5}, {2, 4}], [{8, 7}, {3, 6}, {1, 5}, {4}, {2}], [{8, 7}, {3, 6}, {2, 5}, {1, 4}], [{8, 7}, {3, 6}, {2, 5}, {4}, {1}], [{8, 7}, {3, 6}, {4, 5}, {1, 2}], [{8, 7}, {3, 6}, {4, 5}, {2}, {1}], [{8, 7}, {3, 6}, {5}, {1, 4}, {2}], [{8, 7}, {3, 6}, {5}, {2, 4}, {1}], [{8, 7}, {3, 6}, {5}, {4}, {1, 2}], [{8, 7}, {4, 6}, {1, 5}, {2, 3}], [{8, 7}, {4, 6}, {1, 5}, {3}, {2}], [{8, 7}, {4, 6}, {2, 5}, {1, 3}], [{8, 7}, {4, 6}, {2, 5}, {3}, {1}], [{8, 7}, {4, 6}, {3, 5}, {1, 2}], [{8, 7}, {4, 6}, {3, 5}, {2}, {1}], [{8, 7}, {4, 6}, {5}, {1, 3}, {2}], [{8, 7}, {4, 6}, {5}, {2, 3}, {1}], [{8, 7}, {4, 6}, {5}, {3}, {1, 2}], [{8, 7}, {5, 6}, {1, 4}, {2, 3}], [{8, 7}, {5, 6}, {1, 4}, {3}, {2}], [{8, 7}, {5, 6}, {2, 4}, {1, 3}], [{8, 7}, {5, 6}, {2, 4}, {3}, {1}], [{8, 7}, {5, 6}, {3, 4}, {1, 2}], [{8, 7}, {5, 6}, {3, 4}, {2}, {1}], [{8, 7}, {5, 6}, {4}, {1, 3}, {2}], [{8, 7}, {5, 6}, {4}, {2, 3}, {1}], [{8, 7}, {5, 6}, {4}, {3}, {1, 2}], [{8, 7}, {6}, {1, 5}, {2, 4}, {3}], [{8, 7}, {6}, {1, 5}, {3, 4}, {2}], [{8, 7}, {6}, {1, 5}, {4}, {2, 3}], [{8, 7}, {6}, {1, 5}, {4}, {3}, {2}], [{8, 7}, {6}, {2, 5}, {1, 4}, {3}], [{8, 7}, {6}, {2, 5}, {3, 4}, {1}], [{8, 7}, {6}, {2, 5}, {4}, {1, 3}], [{8, 7}, {6}, {2, 5}, {4}, {3}, {1}], [{8, 7}, {6}, {3, 5}, {1, 4}, {2}], [{8, 7}, {6}, {3, 5}, {2, 4}, {1}], [{8, 7}, {6}, {3, 5}, {4}, {1, 2}], [{8, 7}, {6}, {3, 5}, {4}, {2}, {1}], [{8, 7}, {6}, {4, 5}, {1, 3}, {2}], [{8, 7}, {6}, {4, 5}, {2, 3}, {1}], [{8, 7}, {6}, {4, 5}, {3}, {1, 2}], [{8, 7}, {6}, {4, 5}, {3}, {2}, {1}], [{8, 7}, {6}, {5}, {1, 4}, {2, 3}], [{8, 7}, {6}, {5}, {1, 4}, {3}, {2}], [{8, 7}, {6}, {5}, {2, 4}, {1, 3}], [{8, 7}, {6}, {5}, {2, 4}, {3}, {1}], [{8, 7}, {6}, {5}, {3, 4}, {1, 2}], [{8, 7}, {6}, {5}, {3, 4}, {2}, {1}], [{8, 7}, {6}, {5}, {4}, {1, 3}, {2}], [{8, 7}, {6}, {5}, {4}, {2, 3}, {1}], [{8, 7}, {6}, {5}, {4}, {3}, {1, 2}], [{8}, {1, 7}, {4, 6}, {3, 5}, {2}], [{8}, {2, 7}, {4, 6}, {5}, {1, 3}], [{8}, {2, 7}, {5, 6}, {3, 4}, {1}], [{8}, {3, 7}, {5, 6}, {2, 4}, {1}], [{8}, {4, 7}, {5, 6}, {1, 3}, {2}], [{8}, {4, 7}, {5, 6}, {2, 3}, {1}], [{8}, {4, 7}, {5, 6}, {3}, {1, 2}], [{8}, {6, 7}, {1, 5}, {2, 4}, {3}], [{8}, {6, 7}, {1, 5}, {3, 4}, {2}], [{8}, {6, 7}, {1, 5}, {4}, {2, 3}], [{8}, {6, 7}, {2, 5}, {1, 4}, {3}], [{8}, {6, 7}, {2, 5}, {3, 4}, {1}], [{8}, {6, 7}, {2, 5}, {4}, {1, 3}], [{8}, {6, 7}, {3, 5}, {1, 4}, {2}], [{8}, {6, 7}, {3, 5}, {2, 4}, {1}], [{8}, {6, 7}, {3, 5}, {4}, {1, 2}], [{8}, {6, 7}, {4, 5}, {1, 3}, {2}], [{8}, {6, 7}, {4, 5}, {2, 3}, {1}], [{8}, {6, 7}, {4, 5}, {3}, {1, 2}], [{8}, {6, 7}, {5}, {1, 4}, {2, 3}], [{8}, {6, 7}, {5}, {1, 4}, {3}, {2}], [{8}, {6, 7}, {5}, {2, 4}, {1, 3}], [{8}, {6, 7}, {5}, {3, 4}, {1, 2}]]",2,4 K_1^3 + 4 K_1^2 K_2 - 2 K_1^2 - 2 K_1 K_2 - 4 K_1 K_3 - 2 K_1 + K_2 + K_4 + 1,O1O2O3O4U1U3U4O5U6O7O8U7U8O6U2U5,O1O2O3U1U2U4U3O5O4U6O7O8U7U8O6U5,O1O2O3U4O5U6U7O6O7U5O8O4U1U8U2U3,c,{'O1O2O3O4U5U3O6U7U8O7O8U6O5U1U2U4'},1,"<a href=""/flatknot/8.850682"">8.850682</a>",t^9-60t^7-212t^6-71t^5+318t^4+81t^3-176t^2+17t+14,-t^3+t^2+t,,
8.850683,O1O2O3O4U5U3O6U7U8O7O8U6O5U1U4U2,4,22z^2+75z+63,22w^3z^2+75w^2z+63w,False,False,"[[ 0 -2  1  0  2 -1  0 -1  1],[ 2  0  2  1  2  1  0  1  3],[-1 -2  0  0  1 -2  0 -2  0],[ 0 -1  0  0  0  0  0  0  0],[-2 -2 -1  0  0 -2  0 -3 -1],[ 1 -1  2  0  2  0  0  1  1],[ 0  0  0  0  0  0  0 -1  1],[ 1 -1  2  0  3 -1  1  0  1],[-1 -3  0  0  1 -1 -1 -1  0]]","[[ 0  2  1  1  0  0 -1 -1 -2],[-2  0 -1 -1  0  0 -2 -3 -2],[-1  1  0  0  0  0 -2 -2 -2],[-1  1  0  0  0 -1 -1 -1 -3],[ 0  0  0  0  0  0  0  0 -1],[ 0  0  0  1  0  0  0 -1  0],[ 1  2  2  1  0  0  0  1 -1],[ 1  3  2  1  0  1 -1  0 -1],[ 2  2  2  3  1  0  1  1  0]]",True,"[-2,-1,-1,0,0,1,1,2,1,1,0,0,2,3,2,0,0,0,2,2,2,0,1,1,1,3,0,0,0,1,0,1,0,-1,1,1]","[-2,-1,-1,0,0,1,1,2,0,0,1,2,0,1,2,-1,1,1,1,0,1,1,0,1,0,0,0,1,1,2,0,1,2,0,0,0]",t^8+48t^6+209t^4+64t^2+4,"[-2,-1,-1,0,0,1,1,2,0,0,1,2,0,1,2,-1,1,1,1,0,1,1,0,1,0,0,0,1,1,2,0,1,2,0,0,0]","[-2,-1,-1,0,0,1,1,2,0,0,2,2,0,1,2,0,0,1,1,1,0,1,1,0,0,1,0,0,1,2,1,1,1,-1,0,0]","[-2,-1,-1,0,0,1,1,2,1,1,0,1,2,3,2,-1,1,0,2,1,3,0,0,2,1,2,0,0,1,0,0,0,0,0,1,1]",c,"[[{8, 1}, {2, 7}, {5, 6}, {3, 4}], [{8, 2}, {6, 7}, {1, 5}, {3, 4}], [{8, 6}, {2, 7}, {1, 5}, {3, 4}], [{8, 6}, {7}, {1, 5}, {3, 4}, {2}], [{8, 7}, {1, 6}, {2, 5}, {3, 4}], [{8, 7}, {2, 6}, {1, 5}, {3, 4}], [{8, 7}, {3, 6}, {2, 5}, {1, 4}], [{8, 7}, {4, 6}, {2, 5}, {1, 3}], [{8, 7}, {5, 6}, {3, 4}, {1, 2}], [{8, 7}, {6}, {1, 5}, {3, 4}, {2}], [{8, 7}, {6}, {2, 5}, {1, 4}, {3}], [{8, 7}, {6}, {2, 5}, {3, 4}, {1}], [{8, 7}, {6}, {2, 5}, {4}, {1, 3}], [{8, 7}, {6}, {5}, {3, 4}, {1, 2}], [{8}, {6, 7}, {1, 5}, {3, 4}, {2}]]",1,16 K_1^3 + 8 K_1^2 K_2 - 8 K_1^2 - 12 K_1 K_2 - 8 K_1 K_3 - 6 K_1 + 4 K_2 + 2 K_3 + 2 K_4 + 3,O1O2O3O4U3U1U4O5U6O7O8U7U8O6U2U5,O1O2O3U1U3U4U2O5O4U6O7O8U7U8O6U5,O1O2O3U4O5U6U7O6O7U5O8O4U2U8U1U3,c,{'O1O2O3O4U5U3O6U7U8O7O8U6O5U1U4U2'},1,"<a href=""/flatknot/8.850683"">8.850683</a>",t^9-48t^7-126t^6+45t^5+258t^4+99t^3-68t^2-79t-14,0,,
8.850684,O1O2O3O4U5U3O6U7U8O7O8U6O5U2U1U4,4,4z^3+32z^2+73z+51,4w^4z^3+32w^3z^2+73w^2z+51w,False,False,"[[ 0 -1 -1  0  3 -1  0 -1  1],[ 1  0  0  1  3  0  0  0  2],[ 1  0  0  1  2  0  0  0  2],[ 0 -1 -1  0  0  0  0  0  0],[-3 -3 -2  0  0 -3  0 -4 -2],[ 1  0  0  0  3  0  0  1  1],[ 0  0  0  0  0  0  0 -1  1],[ 1  0  0  0  4 -1  1  0  1],[-1 -2 -2  0  2 -1 -1 -1  0]]","[[ 0  3  1  0  0 -1 -1 -1 -1],[-3  0 -2  0  0 -2 -3 -3 -4],[-1  2  0  0 -1 -2 -1 -2 -1],[ 0  0  0  0  0 -1  0 -1  0],[ 0  0  1  0  0  0  0  0 -1],[ 1  2  2  1  0  0  0  0  0],[ 1  3  1  0  0  0  0  0  1],[ 1  3  2  1  0  0  0  0  0],[ 1  4  1  0  1  0 -1  0  0]]",True,"[-3,-1,0,0,1,1,1,1,2,0,0,2,3,3,4,0,1,2,1,2,1,0,1,0,1,0,0,0,0,1,0,0,0,0,-1,0]","[-3,-1,0,0,1,1,1,1,0,3,3,0,1,1,2,0,1,1,0,1,0,0,0,1,1,1,1,0,1,0,0,-1,0,0,0,0]",t^8+57t^6+273t^4+135t^2+4,"[-1,-1,-1,-1,0,0,1,3,-1,0,0,1,1,1,1,0,0,0,1,1,0,0,1,0,0,1,1,0,0,2,0,0,3,1,3,0]","[-3,-1,0,0,1,1,1,1,0,3,3,0,1,1,2,0,1,1,0,1,0,0,0,1,1,1,1,0,1,0,0,-1,0,0,0,0]","[-1,-1,-1,-1,0,0,1,3,-1,0,0,0,1,1,4,0,0,0,0,1,3,0,1,0,2,2,1,0,2,3,0,0,0,1,0,2]",c,"[[{8, 1}, {2, 7}, {3, 6}, {4, 5}], [{8, 1}, {2, 7}, {4, 6}, {3, 5}], [{8, 1}, {2, 7}, {5, 6}, {3, 4}], [{8, 1}, {3, 7}, {2, 6}, {4, 5}], [{8, 1}, {3, 7}, {4, 6}, {2, 5}], [{8, 1}, {3, 7}, {5, 6}, {2, 4}], [{8, 1}, {4, 7}, {2, 6}, {3, 5}], [{8, 1}, {4, 7}, {3, 6}, {2, 5}], [{8, 1}, {4, 7}, {5, 6}, {2, 3}], [{8, 1}, {5, 7}, {2, 6}, {3, 4}], [{8, 1}, {5, 7}, {3, 6}, {2, 4}], [{8, 1}, {5, 7}, {4, 6}, {2, 3}], [{8, 1}, {6, 7}, {2, 5}, {3, 4}], [{8, 1}, {6, 7}, {3, 5}, {2, 4}], [{8, 1}, {6, 7}, {4, 5}, {2, 3}], [{8, 1}, {7}, {5, 6}, {3, 4}, {2}], [{8, 2}, {1, 7}, {3, 6}, {4, 5}], [{8, 2}, {1, 7}, {4, 6}, {3, 5}], [{8, 2}, {1, 7}, {5, 6}, {3, 4}], [{8, 2}, {3, 7}, {1, 6}, {4, 5}], [{8, 2}, {3, 7}, {4, 6}, {1, 5}], [{8, 2}, {3, 7}, {5, 6}, {1, 4}], [{8, 2}, {4, 7}, {1, 6}, {3, 5}], [{8, 2}, {4, 7}, {3, 6}, {1, 5}], [{8, 2}, {4, 7}, {5, 6}, {1, 3}], [{8, 2}, {5, 7}, {1, 6}, {3, 4}], [{8, 2}, {5, 7}, {3, 6}, {1, 4}], [{8, 2}, {5, 7}, {4, 6}, {1, 3}], [{8, 2}, {6, 7}, {1, 5}, {3, 4}], [{8, 2}, {6, 7}, {3, 5}, {1, 4}], [{8, 2}, {6, 7}, {4, 5}, {1, 3}], [{8, 2}, {7}, {1, 6}, {5}, {3, 4}], [{8, 2}, {7}, {3, 6}, {5}, {1, 4}], [{8, 2}, {7}, {4, 6}, {5}, {1, 3}], [{8, 3}, {1, 7}, {2, 6}, {4, 5}], [{8, 3}, {1, 7}, {4, 6}, {2, 5}], [{8, 3}, {1, 7}, {4, 6}, {5}, {2}], [{8, 3}, {1, 7}, {5, 6}, {2, 4}], [{8, 3}, {2, 7}, {1, 6}, {4, 5}], [{8, 3}, {2, 7}, {4, 6}, {1, 5}], [{8, 3}, {2, 7}, {5, 6}, {1, 4}], [{8, 3}, {2, 7}, {5, 6}, {4}, {1}], [{8, 3}, {4, 7}, {1, 6}, {2, 5}], [{8, 3}, {4, 7}, {2, 6}, {1, 5}], [{8, 3}, {4, 7}, {5, 6}, {1, 2}], [{8, 3}, {5, 7}, {1, 6}, {2, 4}], [{8, 3}, {5, 7}, {2, 6}, {1, 4}], [{8, 3}, {5, 7}, {4, 6}, {1, 2}], [{8, 3}, {6, 7}, {1, 5}, {2, 4}], [{8, 3}, {6, 7}, {2, 5}, {1, 4}], [{8, 3}, {6, 7}, {4, 5}, {1, 2}], [{8, 3}, {7}, {1, 6}, {4, 5}, {2}], [{8, 3}, {7}, {5, 6}, {1, 4}, {2}], [{8, 4}, {1, 7}, {2, 6}, {3, 5}], [{8, 4}, {1, 7}, {3, 6}, {2, 5}], [{8, 4}, {1, 7}, {5, 6}, {2, 3}], [{8, 4}, {2, 7}, {1, 6}, {3, 5}], [{8, 4}, {2, 7}, {3, 6}, {1, 5}], [{8, 4}, {2, 7}, {5, 6}, {1, 3}], [{8, 4}, {3, 7}, {1, 6}, {2, 5}], [{8, 4}, {3, 7}, {1, 6}, {5}, {2}], [{8, 4}, {3, 7}, {2, 6}, {1, 5}], [{8, 4}, {3, 7}, {5, 6}, {1, 2}], [{8, 4}, {5, 7}, {1, 6}, {2, 3}], [{8, 4}, {5, 7}, {1, 6}, {3}, {2}], [{8, 4}, {5, 7}, {2, 6}, {1, 3}], [{8, 4}, {5, 7}, {3, 6}, {1, 2}], [{8, 4}, {6, 7}, {1, 5}, {2, 3}], [{8, 4}, {6, 7}, {2, 5}, {1, 3}], [{8, 4}, {6, 7}, {3, 5}, {1, 2}], [{8, 4}, {7}, {1, 6}, {3, 5}, {2}], [{8, 4}, {7}, {5, 6}, {1, 3}, {2}], [{8, 4}, {7}, {5, 6}, {2, 3}, {1}], [{8, 4}, {7}, {5, 6}, {3}, {1, 2}], [{8, 5}, {1, 7}, {2, 6}, {3, 4}], [{8, 5}, {1, 7}, {3, 6}, {2, 4}], [{8, 5}, {1, 7}, {4, 6}, {2, 3}], [{8, 5}, {2, 7}, {1, 6}, {3, 4}], [{8, 5}, {2, 7}, {3, 6}, {1, 4}], [{8, 5}, {2, 7}, {4, 6}, {1, 3}], [{8, 5}, {3, 7}, {1, 6}, {2, 4}], [{8, 5}, {3, 7}, {1, 6}, {4}, {2}], [{8, 5}, {3, 7}, {2, 6}, {1, 4}], [{8, 5}, {3, 7}, {4, 6}, {1, 2}], [{8, 5}, {4, 7}, {1, 6}, {2, 3}], [{8, 5}, {4, 7}, {2, 6}, {1, 3}], [{8, 5}, {4, 7}, {3, 6}, {1, 2}], [{8, 5}, {6, 7}, {1, 4}, {2, 3}], [{8, 5}, {6, 7}, {2, 4}, {1, 3}], [{8, 5}, {6, 7}, {3, 4}, {1, 2}], [{8, 6}, {1, 7}, {2, 5}, {3, 4}], [{8, 6}, {1, 7}, {3, 5}, {2, 4}], [{8, 6}, {1, 7}, {4, 5}, {2, 3}], [{8, 6}, {2, 7}, {1, 5}, {3, 4}], [{8, 6}, {2, 7}, {3, 5}, {1, 4}], [{8, 6}, {2, 7}, {4, 5}, {1, 3}], [{8, 6}, {3, 7}, {1, 5}, {2, 4}], [{8, 6}, {3, 7}, {2, 5}, {1, 4}], [{8, 6}, {3, 7}, {4, 5}, {1, 2}], [{8, 6}, {4, 7}, {1, 5}, {2, 3}], [{8, 6}, {4, 7}, {2, 5}, {1, 3}], [{8, 6}, {4, 7}, {3, 5}, {1, 2}], [{8, 6}, {5, 7}, {1, 4}, {2, 3}], [{8, 6}, {5, 7}, {2, 4}, {1, 3}], [{8, 6}, {5, 7}, {3, 4}, {1, 2}], [{8, 6}, {7}, {1, 5}, {2, 4}, {3}], [{8, 6}, {7}, {1, 5}, {3, 4}, {2}], [{8, 6}, {7}, {1, 5}, {4}, {2, 3}], [{8, 6}, {7}, {2, 5}, {1, 4}, {3}], [{8, 6}, {7}, {2, 5}, {3, 4}, {1}], [{8, 6}, {7}, {2, 5}, {4}, {1, 3}], [{8, 6}, {7}, {3, 5}, {1, 4}, {2}], [{8, 6}, {7}, {3, 5}, {2, 4}, {1}], [{8, 6}, {7}, {3, 5}, {4}, {1, 2}], [{8, 6}, {7}, {4, 5}, {1, 3}, {2}], [{8, 6}, {7}, {4, 5}, {2, 3}, {1}], [{8, 6}, {7}, {4, 5}, {3}, {1, 2}], [{8, 6}, {7}, {5}, {1, 4}, {2, 3}], [{8, 6}, {7}, {5}, {2, 4}, {1, 3}], [{8, 6}, {7}, {5}, {3, 4}, {1, 2}], [{8, 7}, {1, 6}, {2, 5}, {3, 4}], [{8, 7}, {1, 6}, {2, 5}, {4}, {3}], [{8, 7}, {1, 6}, {3, 5}, {2, 4}], [{8, 7}, {1, 6}, {3, 5}, {4}, {2}], [{8, 7}, {1, 6}, {4, 5}, {2, 3}], [{8, 7}, {1, 6}, {4, 5}, {3}, {2}], [{8, 7}, {1, 6}, {5}, {2, 4}, {3}], [{8, 7}, {1, 6}, {5}, {3, 4}, {2}], [{8, 7}, {1, 6}, {5}, {4}, {2, 3}], [{8, 7}, {2, 6}, {1, 5}, {3, 4}], [{8, 7}, {2, 6}, {1, 5}, {4}, {3}], [{8, 7}, {2, 6}, {3, 5}, {1, 4}], [{8, 7}, {2, 6}, {3, 5}, {4}, {1}], [{8, 7}, {2, 6}, {4, 5}, {1, 3}], [{8, 7}, {2, 6}, {4, 5}, {3}, {1}], [{8, 7}, {2, 6}, {5}, {1, 4}, {3}], [{8, 7}, {2, 6}, {5}, {3, 4}, {1}], [{8, 7}, {2, 6}, {5}, {4}, {1, 3}], [{8, 7}, {3, 6}, {1, 5}, {2, 4}], [{8, 7}, {3, 6}, {1, 5}, {4}, {2}], [{8, 7}, {3, 6}, {2, 5}, {1, 4}], [{8, 7}, {3, 6}, {2, 5}, {4}, {1}], [{8, 7}, {3, 6}, {4, 5}, {1, 2}], [{8, 7}, {3, 6}, {4, 5}, {2}, {1}], [{8, 7}, {3, 6}, {5}, {1, 4}, {2}], [{8, 7}, {3, 6}, {5}, {2, 4}, {1}], [{8, 7}, {3, 6}, {5}, {4}, {1, 2}], [{8, 7}, {4, 6}, {1, 5}, {2, 3}], [{8, 7}, {4, 6}, {1, 5}, {3}, {2}], [{8, 7}, {4, 6}, {2, 5}, {1, 3}], [{8, 7}, {4, 6}, {2, 5}, {3}, {1}], [{8, 7}, {4, 6}, {3, 5}, {1, 2}], [{8, 7}, {4, 6}, {3, 5}, {2}, {1}], [{8, 7}, {4, 6}, {5}, {1, 3}, {2}], [{8, 7}, {4, 6}, {5}, {2, 3}, {1}], [{8, 7}, {4, 6}, {5}, {3}, {1, 2}], [{8, 7}, {5, 6}, {1, 4}, {2, 3}], [{8, 7}, {5, 6}, {1, 4}, {3}, {2}], [{8, 7}, {5, 6}, {2, 4}, {1, 3}], [{8, 7}, {5, 6}, {2, 4}, {3}, {1}], [{8, 7}, {5, 6}, {3, 4}, {1, 2}], [{8, 7}, {5, 6}, {3, 4}, {2}, {1}], [{8, 7}, {5, 6}, {4}, {1, 3}, {2}], [{8, 7}, {5, 6}, {4}, {2, 3}, {1}], [{8, 7}, {5, 6}, {4}, {3}, {1, 2}], [{8, 7}, {6}, {1, 5}, {2, 4}, {3}], [{8, 7}, {6}, {1, 5}, {3, 4}, {2}], [{8, 7}, {6}, {1, 5}, {4}, {2, 3}], [{8, 7}, {6}, {1, 5}, {4}, {3}, {2}], [{8, 7}, {6}, {2, 5}, {1, 4}, {3}], [{8, 7}, {6}, {2, 5}, {3, 4}, {1}], [{8, 7}, {6}, {2, 5}, {4}, {1, 3}], [{8, 7}, {6}, {2, 5}, {4}, {3}, {1}], [{8, 7}, {6}, {3, 5}, {1, 4}, {2}], [{8, 7}, {6}, {3, 5}, {2, 4}, {1}], [{8, 7}, {6}, {3, 5}, {4}, {1, 2}], [{8, 7}, {6}, {3, 5}, {4}, {2}, {1}], [{8, 7}, {6}, {4, 5}, {1, 3}, {2}], [{8, 7}, {6}, {4, 5}, {2, 3}, {1}], [{8, 7}, {6}, {4, 5}, {3}, {1, 2}], [{8, 7}, {6}, {4, 5}, {3}, {2}, {1}], [{8, 7}, {6}, {5}, {1, 4}, {2, 3}], [{8, 7}, {6}, {5}, {1, 4}, {3}, {2}], [{8, 7}, {6}, {5}, {2, 4}, {1, 3}], [{8, 7}, {6}, {5}, {2, 4}, {3}, {1}], [{8, 7}, {6}, {5}, {3, 4}, {1, 2}], [{8, 7}, {6}, {5}, {3, 4}, {2}, {1}], [{8, 7}, {6}, {5}, {4}, {1, 3}, {2}], [{8, 7}, {6}, {5}, {4}, {2, 3}, {1}], [{8, 7}, {6}, {5}, {4}, {3}, {1, 2}], [{8}, {1, 7}, {5, 6}, {3, 4}, {2}], [{8}, {2, 7}, {1, 6}, {5}, {3, 4}], [{8}, {2, 7}, {3, 6}, {5}, {1, 4}], [{8}, {2, 7}, {4, 6}, {5}, {1, 3}], [{8}, {3, 7}, {1, 6}, {4, 5}, {2}], [{8}, {3, 7}, {5, 6}, {1, 4}, {2}], [{8}, {4, 7}, {1, 6}, {3, 5}, {2}], [{8}, {4, 7}, {5, 6}, {1, 3}, {2}], [{8}, {4, 7}, {5, 6}, {2, 3}, {1}], [{8}, {4, 7}, {5, 6}, {3}, {1, 2}], [{8}, {6, 7}, {1, 5}, {2, 4}, {3}], [{8}, {6, 7}, {1, 5}, {3, 4}, {2}], [{8}, {6, 7}, {1, 5}, {4}, {2, 3}], [{8}, {6, 7}, {2, 5}, {1, 4}, {3}], [{8}, {6, 7}, {2, 5}, {3, 4}, {1}], [{8}, {6, 7}, {2, 5}, {4}, {1, 3}], [{8}, {6, 7}, {3, 5}, {1, 4}, {2}], [{8}, {6, 7}, {3, 5}, {2, 4}, {1}], [{8}, {6, 7}, {3, 5}, {4}, {1, 2}], [{8}, {6, 7}, {4, 5}, {1, 3}, {2}], [{8}, {6, 7}, {4, 5}, {2, 3}, {1}], [{8}, {6, 7}, {4, 5}, {3}, {1, 2}], [{8}, {6, 7}, {5}, {1, 4}, {2, 3}], [{8}, {6, 7}, {5}, {2, 4}, {1, 3}], [{8}, {6, 7}, {5}, {3, 4}, {1, 2}]]",2,8 K_1^3 + 4 K_1^2 K_2 - 6 K_1 K_2 - 4 K_1 K_3 - 3 K_1 + K_3 + K_4,O1O2O3O4U1U4U3O5U6O7O8U7U8O6U2U5,O1O2O3U2U1U4U3O5O4U6O7O8U7U8O6U5,O1O2O3U4O5U6U7O6O7U5O8O4U1U8U3U2,c,{'O1O2O3O4U5U3O6U7U8O7O8U6O5U2U1U4'},1,"<a href=""/flatknot/8.850684"">8.850684</a>",t^9-51t^7-86t^6+179t^5+194t^4-32t^3-24t^2-11t+2,-t^3+3t,,
8.850685,O1O2O3O4U5U3O6U7U1O8O7U2O5U6U8U4,3,6z^2+43z+63,6w^3z^2+43w^2z+63w,False,False,"[[ 0 -1 -1  0  3 -1  0  0  0],[ 1  0  0  0  2  0  0  1  0],[ 1  0  0  0  3  0  0  1  0],[ 0  0  0  0  0  0 -1  0 -1],[-3 -2 -3  0  0 -1 -2 -2 -1],[ 1  0  0  0  1  0  0  1  0],[ 0  0  0  1  2  0  0  0  0],[ 0 -1 -1  0  2 -1  0  0  0],[ 0  0  0  1  1  0  0  0  0]]","[[ 0  3  0  0  0  0 -1 -1 -1],[-3  0  0 -1 -2 -2 -1 -2 -3],[ 0  0  0 -1  0 -1  0  0  0],[ 0  1  1  0  0  0  0  0  0],[ 0  2  0  0  0  0 -1 -1 -1],[ 0  2  1  0  0  0  0  0  0],[ 1  1  0  0  1  0  0  0  0],[ 1  2  0  0  1  0  0  0  0],[ 1  3  0  0  1  0  0  0  0]]",True,"[-3,0,0,0,0,1,1,1,0,1,2,2,1,2,3,1,0,1,0,0,0,0,0,0,0,0,0,1,1,1,0,0,0,0,0,0]","[-3,0,0,0,0,1,1,1,0,1,2,2,1,2,3,1,0,1,0,0,0,0,0,0,0,0,0,1,1,1,0,0,0,0,0,0]",t^8+28t^6+64t^4+15t^2,"[-1,-1,-1,0,0,0,0,3,0,0,0,1,1,1,1,0,0,1,1,1,2,0,1,1,1,3,0,0,0,1,-1,0,1,1,3,2]","[-3,0,0,0,0,1,1,1,1,1,2,3,1,2,3,0,0,0,0,0,0,0,1,1,1,1,1,1,1,1,1,1,1,0,0,0]","[-1,-1,-1,0,0,0,0,3,0,0,0,0,0,1,1,0,0,0,0,1,2,0,0,0,1,3,-1,-1,0,0,0,0,1,0,2,2]",c,"[[{8, 1}, {2, 7}, {3, 6}, {4, 5}], [{8, 1}, {2, 7}, {4, 6}, {3, 5}], [{8, 1}, {2, 7}, {5, 6}, {3, 4}], [{8, 1}, {2, 7}, {5, 6}, {4}, {3}], [{8, 1}, {2, 7}, {6}, {5}, {3, 4}], [{8, 1}, {3, 7}, {2, 6}, {4, 5}], [{8, 1}, {3, 7}, {4, 6}, {2, 5}], [{8, 1}, {3, 7}, {5, 6}, {2, 4}], [{8, 1}, {3, 7}, {5, 6}, {4}, {2}], [{8, 1}, {3, 7}, {6}, {5}, {2, 4}], [{8, 1}, {4, 7}, {2, 6}, {3, 5}], [{8, 1}, {4, 7}, {3, 6}, {2, 5}], [{8, 1}, {4, 7}, {5, 6}, {2, 3}], [{8, 1}, {4, 7}, {5, 6}, {3}, {2}], [{8, 1}, {4, 7}, {6}, {5}, {2, 3}], [{8, 1}, {5, 7}, {2, 6}, {3, 4}], [{8, 1}, {5, 7}, {3, 6}, {2, 4}], [{8, 1}, {5, 7}, {4, 6}, {2, 3}], [{8, 1}, {5, 7}, {6}, {3, 4}, {2}], [{8, 1}, {6, 7}, {2, 5}, {3, 4}], [{8, 1}, {6, 7}, {2, 5}, {4}, {3}], [{8, 1}, {6, 7}, {3, 5}, {2, 4}], [{8, 1}, {6, 7}, {4, 5}, {2, 3}], [{8, 1}, {6, 7}, {5}, {3, 4}, {2}], [{8, 1}, {7}, {2, 6}, {3, 5}, {4}], [{8, 1}, {7}, {2, 6}, {4, 5}, {3}], [{8, 1}, {7}, {2, 6}, {5}, {3, 4}], [{8, 1}, {7}, {5, 6}, {2, 4}, {3}], [{8, 1}, {7}, {5, 6}, {3, 4}, {2}], [{8, 1}, {7}, {5, 6}, {4}, {2, 3}], [{8, 1}, {7}, {6}, {2, 5}, {3, 4}], [{8, 1}, {7}, {6}, {5}, {3, 4}, {2}], [{8, 2}, {1, 7}, {3, 6}, {4, 5}], [{8, 2}, {1, 7}, {3, 6}, {5}, {4}], [{8, 2}, {1, 7}, {4, 6}, {3, 5}], [{8, 2}, {1, 7}, {4, 6}, {5}, {3}], [{8, 2}, {1, 7}, {5, 6}, {3, 4}], [{8, 2}, {1, 7}, {6}, {5}, {3, 4}], [{8, 2}, {3, 7}, {1, 6}, {4, 5}], [{8, 2}, {3, 7}, {1, 6}, {5}, {4}], [{8, 2}, {3, 7}, {4, 6}, {1, 5}], [{8, 2}, {3, 7}, {5, 6}, {1, 4}], [{8, 2}, {3, 7}, {6}, {4, 5}, {1}], [{8, 2}, {4, 7}, {1, 6}, {3, 5}], [{8, 2}, {4, 7}, {1, 6}, {5}, {3}], [{8, 2}, {4, 7}, {3, 6}, {1, 5}], [{8, 2}, {4, 7}, {5, 6}, {1, 3}], [{8, 2}, {4, 7}, {6}, {3, 5}, {1}], [{8, 2}, {5, 7}, {1, 6}, {3, 4}], [{8, 2}, {5, 7}, {1, 6}, {4}, {3}], [{8, 2}, {5, 7}, {3, 6}, {1, 4}], [{8, 2}, {5, 7}, {4, 6}, {1, 3}], [{8, 2}, {5, 7}, {6}, {3, 4}, {1}], [{8, 2}, {6, 7}, {1, 5}, {3, 4}], [{8, 2}, {6, 7}, {3, 5}, {1, 4}], [{8, 2}, {6, 7}, {4, 5}, {1, 3}], [{8, 2}, {6, 7}, {5}, {3, 4}, {1}], [{8, 2}, {7}, {1, 6}, {3, 5}, {4}], [{8, 2}, {7}, {1, 6}, {4, 5}, {3}], [{8, 2}, {7}, {1, 6}, {5}, {3, 4}], [{8, 2}, {7}, {5, 6}, {1, 4}, {3}], [{8, 2}, {7}, {5, 6}, {3, 4}, {1}], [{8, 2}, {7}, {5, 6}, {4}, {1, 3}], [{8, 2}, {7}, {6}, {1, 5}, {3, 4}], [{8, 2}, {7}, {6}, {5}, {3, 4}, {1}], [{8, 3}, {1, 7}, {2, 6}, {4, 5}], [{8, 3}, {1, 7}, {2, 6}, {5}, {4}], [{8, 3}, {1, 7}, {4, 6}, {2, 5}], [{8, 3}, {1, 7}, {4, 6}, {5}, {2}], [{8, 3}, {1, 7}, {5, 6}, {2, 4}], [{8, 3}, {1, 7}, {6}, {5}, {2, 4}], [{8, 3}, {2, 7}, {1, 6}, {4, 5}], [{8, 3}, {2, 7}, {4, 6}, {1, 5}], [{8, 3}, {2, 7}, {4, 6}, {5}, {1}], [{8, 3}, {2, 7}, {5, 6}, {1, 4}], [{8, 3}, {2, 7}, {5, 6}, {4}, {1}], [{8, 3}, {2, 7}, {6}, {4, 5}, {1}], [{8, 3}, {4, 7}, {1, 6}, {2, 5}], [{8, 3}, {4, 7}, {2, 6}, {1, 5}], [{8, 3}, {4, 7}, {5, 6}, {1, 2}], [{8, 3}, {4, 7}, {6}, {2, 5}, {1}], [{8, 3}, {5, 7}, {1, 6}, {2, 4}], [{8, 3}, {5, 7}, {2, 6}, {1, 4}], [{8, 3}, {5, 7}, {4, 6}, {1, 2}], [{8, 3}, {5, 7}, {4, 6}, {2}, {1}], [{8, 3}, {6, 7}, {1, 5}, {2, 4}], [{8, 3}, {6, 7}, {2, 5}, {1, 4}], [{8, 3}, {6, 7}, {2, 5}, {4}, {1}], [{8, 3}, {6, 7}, {4, 5}, {1, 2}], [{8, 3}, {7}, {4, 6}, {1, 5}, {2}], [{8, 3}, {7}, {4, 6}, {2, 5}, {1}], [{8, 3}, {7}, {4, 6}, {5}, {1, 2}], [{8, 3}, {7}, {4, 6}, {5}, {2}, {1}], [{8, 4}, {1, 7}, {2, 6}, {3, 5}], [{8, 4}, {1, 7}, {2, 6}, {5}, {3}], [{8, 4}, {1, 7}, {3, 6}, {2, 5}], [{8, 4}, {1, 7}, {3, 6}, {5}, {2}], [{8, 4}, {1, 7}, {5, 6}, {2, 3}], [{8, 4}, {1, 7}, {6}, {5}, {2, 3}], [{8, 4}, {2, 7}, {1, 6}, {3, 5}], [{8, 4}, {2, 7}, {3, 6}, {1, 5}], [{8, 4}, {2, 7}, {3, 6}, {5}, {1}], [{8, 4}, {2, 7}, {5, 6}, {1, 3}], [{8, 4}, {2, 7}, {5, 6}, {3}, {1}], [{8, 4}, {2, 7}, {6}, {3, 5}, {1}], [{8, 4}, {3, 7}, {1, 6}, {2, 5}], [{8, 4}, {3, 7}, {2, 6}, {1, 5}], [{8, 4}, {3, 7}, {5, 6}, {1, 2}], [{8, 4}, {3, 7}, {6}, {2, 5}, {1}], [{8, 4}, {5, 7}, {1, 6}, {2, 3}], [{8, 4}, {5, 7}, {2, 6}, {1, 3}], [{8, 4}, {5, 7}, {3, 6}, {1, 2}], [{8, 4}, {5, 7}, {3, 6}, {2}, {1}], [{8, 4}, {6, 7}, {1, 5}, {2, 3}], [{8, 4}, {6, 7}, {2, 5}, {1, 3}], [{8, 4}, {6, 7}, {2, 5}, {3}, {1}], [{8, 4}, {6, 7}, {3, 5}, {1, 2}], [{8, 4}, {7}, {3, 6}, {1, 5}, {2}], [{8, 4}, {7}, {3, 6}, {2, 5}, {1}], [{8, 4}, {7}, {3, 6}, {5}, {1, 2}], [{8, 4}, {7}, {3, 6}, {5}, {2}, {1}], [{8, 5}, {1, 7}, {2, 6}, {3, 4}], [{8, 5}, {1, 7}, {3, 6}, {2, 4}], [{8, 5}, {1, 7}, {4, 6}, {2, 3}], [{8, 5}, {1, 7}, {6}, {3, 4}, {2}], [{8, 5}, {2, 7}, {1, 6}, {3, 4}], [{8, 5}, {2, 7}, {3, 6}, {1, 4}], [{8, 5}, {2, 7}, {3, 6}, {4}, {1}], [{8, 5}, {2, 7}, {4, 6}, {1, 3}], [{8, 5}, {2, 7}, {4, 6}, {3}, {1}], [{8, 5}, {2, 7}, {6}, {3, 4}, {1}], [{8, 5}, {3, 7}, {1, 6}, {2, 4}], [{8, 5}, {3, 7}, {2, 6}, {1, 4}], [{8, 5}, {3, 7}, {4, 6}, {1, 2}], [{8, 5}, {4, 7}, {1, 6}, {2, 3}], [{8, 5}, {4, 7}, {2, 6}, {1, 3}], [{8, 5}, {4, 7}, {3, 6}, {1, 2}], [{8, 5}, {6, 7}, {1, 4}, {2, 3}], [{8, 5}, {6, 7}, {2, 4}, {1, 3}], [{8, 5}, {6, 7}, {3, 4}, {1, 2}], [{8, 5}, {6, 7}, {3, 4}, {2}, {1}], [{8, 5}, {7}, {1, 6}, {2, 4}, {3}], [{8, 5}, {7}, {1, 6}, {3, 4}, {2}], [{8, 5}, {7}, {1, 6}, {4}, {2, 3}], [{8, 5}, {7}, {2, 6}, {1, 4}, {3}], [{8, 5}, {7}, {2, 6}, {3, 4}, {1}], [{8, 5}, {7}, {2, 6}, {4}, {1, 3}], [{8, 5}, {7}, {6}, {3, 4}, {1, 2}], [{8, 5}, {7}, {6}, {3, 4}, {2}, {1}], [{8, 6}, {1, 7}, {2, 5}, {3, 4}], [{8, 6}, {1, 7}, {3, 5}, {2, 4}], [{8, 6}, {1, 7}, {4, 5}, {2, 3}], [{8, 6}, {1, 7}, {5}, {2, 4}, {3}], [{8, 6}, {1, 7}, {5}, {3, 4}, {2}], [{8, 6}, {1, 7}, {5}, {4}, {2, 3}], [{8, 6}, {2, 7}, {1, 5}, {3, 4}], [{8, 6}, {2, 7}, {3, 5}, {1, 4}], [{8, 6}, {2, 7}, {3, 5}, {4}, {1}], [{8, 6}, {2, 7}, {4, 5}, {1, 3}], [{8, 6}, {2, 7}, {4, 5}, {3}, {1}], [{8, 6}, {2, 7}, {5}, {3, 4}, {1}], [{8, 6}, {3, 7}, {1, 5}, {2, 4}], [{8, 6}, {3, 7}, {2, 5}, {1, 4}], [{8, 6}, {3, 7}, {2, 5}, {4}, {1}], [{8, 6}, {3, 7}, {4, 5}, {1, 2}], [{8, 6}, {4, 7}, {1, 5}, {2, 3}], [{8, 6}, {4, 7}, {2, 5}, {1, 3}], [{8, 6}, {4, 7}, {2, 5}, {3}, {1}], [{8, 6}, {4, 7}, {3, 5}, {1, 2}], [{8, 6}, {5, 7}, {1, 4}, {2, 3}], [{8, 6}, {5, 7}, {2, 4}, {1, 3}], [{8, 6}, {5, 7}, {3, 4}, {1, 2}], [{8, 6}, {5, 7}, {3, 4}, {2}, {1}], [{8, 6}, {7}, {1, 5}, {3, 4}, {2}], [{8, 6}, {7}, {2, 5}, {3, 4}, {1}], [{8, 6}, {7}, {5}, {3, 4}, {1, 2}], [{8, 6}, {7}, {5}, {3, 4}, {2}, {1}], [{8, 7}, {1, 6}, {2, 5}, {3, 4}], [{8, 7}, {1, 6}, {3, 5}, {2, 4}], [{8, 7}, {1, 6}, {4, 5}, {2, 3}], [{8, 7}, {1, 6}, {5}, {3, 4}, {2}], [{8, 7}, {2, 6}, {1, 5}, {3, 4}], [{8, 7}, {2, 6}, {3, 5}, {1, 4}], [{8, 7}, {2, 6}, {4, 5}, {1, 3}], [{8, 7}, {2, 6}, {5}, {3, 4}, {1}], [{8, 7}, {3, 6}, {1, 5}, {2, 4}], [{8, 7}, {3, 6}, {2, 5}, {1, 4}], [{8, 7}, {3, 6}, {2, 5}, {4}, {1}], [{8, 7}, {3, 6}, {4, 5}, {1, 2}], [{8, 7}, {4, 6}, {1, 5}, {2, 3}], [{8, 7}, {4, 6}, {2, 5}, {1, 3}], [{8, 7}, {4, 6}, {2, 5}, {3}, {1}], [{8, 7}, {4, 6}, {3, 5}, {1, 2}], [{8, 7}, {5, 6}, {1, 4}, {2, 3}], [{8, 7}, {5, 6}, {1, 4}, {3}, {2}], [{8, 7}, {5, 6}, {2, 4}, {1, 3}], [{8, 7}, {5, 6}, {3, 4}, {1, 2}], [{8, 7}, {5, 6}, {3, 4}, {2}, {1}], [{8, 7}, {5, 6}, {4}, {1, 3}, {2}], [{8, 7}, {6}, {1, 5}, {3, 4}, {2}], [{8, 7}, {6}, {2, 5}, {3, 4}, {1}], [{8, 7}, {6}, {5}, {3, 4}, {1, 2}], [{8, 7}, {6}, {5}, {3, 4}, {2}, {1}], [{8}, {1, 7}, {2, 6}, {5}, {3, 4}], [{8}, {1, 7}, {3, 6}, {5}, {2, 4}], [{8}, {1, 7}, {4, 6}, {5}, {2, 3}], [{8}, {1, 7}, {5, 6}, {3, 4}, {2}], [{8}, {1, 7}, {6}, {2, 5}, {3, 4}], [{8}, {1, 7}, {6}, {5}, {3, 4}, {2}], [{8}, {2, 7}, {1, 6}, {5}, {3, 4}], [{8}, {2, 7}, {3, 6}, {4, 5}, {1}], [{8}, {2, 7}, {4, 6}, {3, 5}, {1}], [{8}, {2, 7}, {5, 6}, {1, 4}, {3}], [{8}, {2, 7}, {5, 6}, {3, 4}, {1}], [{8}, {2, 7}, {5, 6}, {4}, {1, 3}], [{8}, {2, 7}, {5, 6}, {4}, {3}, {1}], [{8}, {2, 7}, {6}, {1, 5}, {3, 4}], [{8}, {2, 7}, {6}, {5}, {3, 4}, {1}], [{8}, {3, 7}, {1, 6}, {4, 5}, {2}], [{8}, {3, 7}, {4, 6}, {2, 5}, {1}], [{8}, {3, 7}, {5, 6}, {2, 4}, {1}], [{8}, {4, 7}, {1, 6}, {3, 5}, {2}], [{8}, {4, 7}, {3, 6}, {2, 5}, {1}], [{8}, {4, 7}, {5, 6}, {2, 3}, {1}], [{8}, {5, 7}, {1, 6}, {3, 4}, {2}], [{8}, {5, 7}, {2, 6}, {3, 4}, {1}], [{8}, {5, 7}, {6}, {3, 4}, {1, 2}], [{8}, {5, 7}, {6}, {3, 4}, {2}, {1}], [{8}, {6, 7}, {1, 5}, {2, 4}, {3}], [{8}, {6, 7}, {1, 5}, {3, 4}, {2}], [{8}, {6, 7}, {1, 5}, {4}, {2, 3}], [{8}, {6, 7}, {2, 5}, {1, 4}, {3}], [{8}, {6, 7}, {2, 5}, {3, 4}, {1}], [{8}, {6, 7}, {2, 5}, {4}, {1, 3}], [{8}, {6, 7}, {2, 5}, {4}, {3}, {1}], [{8}, {6, 7}, {3, 5}, {1, 4}, {2}], [{8}, {6, 7}, {3, 5}, {2, 4}, {1}], [{8}, {6, 7}, {3, 5}, {4}, {1, 2}], [{8}, {6, 7}, {4, 5}, {1, 3}, {2}], [{8}, {6, 7}, {4, 5}, {2, 3}, {1}], [{8}, {6, 7}, {4, 5}, {3}, {1, 2}], [{8}, {6, 7}, {5}, {1, 4}, {2, 3}], [{8}, {6, 7}, {5}, {2, 4}, {1, 3}], [{8}, {6, 7}, {5}, {3, 4}, {1, 2}], [{8}, {6, 7}, {5}, {3, 4}, {2}, {1}], [{8}, {7}, {1, 6}, {2, 5}, {3, 4}], [{8}, {7}, {1, 6}, {5}, {3, 4}, {2}], [{8}, {7}, {2, 6}, {1, 5}, {3, 4}], [{8}, {7}, {2, 6}, {5}, {3, 4}, {1}], [{8}, {7}, {5, 6}, {3, 4}, {1, 2}], [{8}, {7}, {5, 6}, {3, 4}, {2}, {1}], [{8}, {7}, {6}, {1, 5}, {3, 4}, {2}], [{8}, {7}, {6}, {2, 5}, {3, 4}, {1}], [{8}, {7}, {6}, {5}, {3, 4}, {1, 2}], [{8}, {7}, {6}, {5}, {3, 4}, {2}, {1}]]",2,16 K_1^3 - 20 K_1^2 - 14 K_1 K_2 - 5 K_1 + 10 K_2 + 3 K_3 + 11,O1O2O3O4U1U5U6O7U3O8O5U4U8O6U2U7,O1O2O3U4U5U6U3O7O6U1O8O4U2U8O5U7,O1O2O3U4O5U6U2O7O6U3O8O4U1U8U5U7,c,"{'O1O2O3O4U5U3O6U2U7O8U1O7O5U6U8U4', 'O1O2O3O4U5U3U6O7U1O6O8U2O5U8U7U4', 'O1O2O3O4U5U3O6U7U1O8O7U2O5U6U8U4'}",3,"<a href=""/flatknot/8.850685"">8.850685</a>",t^9-22t^7-24t^6+58t^5+48t^4,-t^3+3t,,
8.850686,O1O2O3O4U5U3O6U7U1O8O7U2O5U8U6U4,3,6z^2+39z+55,-4w^4z^2+10w^3z^2-14w^3z+53w^2z+55w,False,False,"[[ 0 -1 -1  0  3 -1  1  0 -1],[ 1  0  0  0  2  0  0  1 -1],[ 1  0  0  0  3  0  1  1 -1],[ 0  0  0  0  0  0 -1  0 -1],[-3 -2 -3  0  0 -1 -1 -2 -2],[ 1  0  0  0  1  0  0  1  0],[-1  0 -1  1  1  0  0  0 -1],[ 0 -1 -1  0  2 -1  0  0 -1],[ 1  1  1  1  2  0  1  1  0]]","[[ 0  3  1  0  0 -1 -1 -1 -1],[-3  0 -1  0 -2 -1 -2 -2 -3],[-1  1  0  1  0  0  0 -1 -1],[ 0  0 -1  0  0  0  0 -1  0],[ 0  2  0  0  0 -1 -1 -1 -1],[ 1  1  0  0  1  0  0  0  0],[ 1  2  0  0  1  0  0 -1  0],[ 1  2  1  1  1  0  1  0  1],[ 1  3  1  0  1  0  0 -1  0]]",True,"[-3,-1,0,0,1,1,1,1,1,0,2,1,2,2,3,-1,0,0,0,1,1,0,0,0,1,0,1,1,1,1,0,0,0,1,0,-1]","[-3,-1,0,0,1,1,1,1,1,0,2,1,2,2,3,-1,0,0,0,1,1,0,0,0,1,0,1,1,1,1,0,0,0,1,0,-1]",t^8+33t^6+82t^4+34t^2,"[-1,-1,-1,-1,0,0,1,3,-1,-1,0,0,0,1,2,0,0,0,1,1,1,0,0,1,2,2,0,1,2,3,0,1,1,2,3,1]","[-3,-1,0,0,1,1,1,1,1,1,3,1,2,2,3,1,2,1,1,2,2,0,0,0,0,0,1,0,1,1,-1,0,0,1,0,0]","[-1,-1,-1,-1,0,0,1,3,-1,0,0,0,1,0,2,0,1,1,1,1,2,0,0,1,0,1,0,1,1,3,0,-1,0,0,2,1]",c,"[[{8, 4}, {2, 7}, {3, 6}, {1, 5}], [{8, 4}, {2, 7}, {3, 6}, {5}, {1}], [{8, 4}, {6, 7}, {1, 5}, {2, 3}], [{8, 4}, {6, 7}, {5}, {2, 3}, {1}]]",1,12 K_1^3 + 4 K_1^2 K_2 - 8 K_1^2 - 6 K_1 K_2 - 4 K_1 K_3 - 6 K_1 + 4 K_2 + K_4 + 4,O1O2O3O4U1U5U6O7U3O8O6U4U8O5U2U7,O1O2O3U4U5U6U3O7O6U2O8O4U1U8O5U7,O1O2O3U4O5U6U3O7O6U2O8O4U1U8U5U7,c,"{'O1O2O3O4U5U3O6U7U1O8O7U2O5U8U6U4', 'O1O2O3O4U5U3O6U2U7O8U1O7O5U8U6U4'}",2,"<a href=""/flatknot/8.850686"">8.850686</a>",t^9-27t^7-68t^6-10t^5+116t^4+126t^3+50t^2-8t,-t^3+3t,,
8.850687,O1O2O3O4U5U3O6U7U1O8O7U8O5U2U6U4,4,2z^3+31z^2+102z+97,2w^4z^3+31w^3z^2+102w^2z+97w,False,False,"[[ 0 -1 -1  0  3 -1  1  0 -1],[ 1  0 -1  0  2  1  0  1 -1],[ 1  1  0  1  3  0  0  2 -1],[ 0  0 -1  0  0  0 -1  0  0],[-3 -2 -3  0  0 -2 -1 -2 -1],[ 1 -1  0  0  2  0  1  0  0],[-1  0  0  1  1 -1  0  0 -1],[ 0 -1 -2  0  2  0  0  0 -1],[ 1  1  1  0  1  0  1  1  0]]","[[ 0  3  1  0  0 -1 -1 -1 -1],[-3  0 -1  0 -2 -1 -2 -2 -3],[-1  1  0  1  0 -1  0 -1  0],[ 0  0 -1  0  0  0  0  0 -1],[ 0  2  0  0  0 -1 -1  0 -2],[ 1  1  1  0  1  0  1  0  1],[ 1  2  0  0  1 -1  0  1 -1],[ 1  2  1  0  0  0 -1  0  0],[ 1  3  0  1  2 -1  1  0  0]]",True,"[-3,-1,0,0,1,1,1,1,1,0,2,1,2,2,3,-1,0,1,0,1,0,0,0,0,0,1,1,1,0,2,-1,0,-1,-1,1,0]","[-3,-1,0,0,1,1,1,1,1,0,2,1,2,2,3,-1,0,1,0,1,0,0,0,0,0,1,1,1,0,2,-1,0,-1,-1,1,0]",t^8+37t^6+164t^4+76t^2+1,"[-1,-1,-1,-1,0,0,1,3,-1,-1,0,0,1,1,3,-1,0,-1,0,2,1,-1,0,1,2,2,1,1,1,2,0,1,1,2,3,1]","[-3,-1,0,0,1,1,1,1,1,1,3,1,2,2,3,1,2,2,1,2,1,0,-1,1,0,0,0,1,1,1,0,1,-1,-1,0,-1]","[-1,-1,-1,-1,0,0,1,3,-1,-1,1,0,1,0,2,-1,0,1,2,0,3,0,0,1,1,1,0,0,1,2,0,-1,0,0,2,1]",c,"[[{8, 1}, {2, 7}, {3, 6}, {4, 5}], [{8, 1}, {2, 7}, {3, 6}, {5}, {4}], [{8, 1}, {2, 7}, {4, 6}, {3, 5}], [{8, 1}, {2, 7}, {5, 6}, {3, 4}], [{8, 1}, {2, 7}, {6}, {4, 5}, {3}], [{8, 1}, {3, 7}, {2, 6}, {4, 5}], [{8, 1}, {3, 7}, {4, 6}, {2, 5}], [{8, 1}, {3, 7}, {5, 6}, {2, 4}], [{8, 1}, {3, 7}, {6}, {4, 5}, {2}], [{8, 1}, {4, 7}, {2, 6}, {3, 5}], [{8, 1}, {4, 7}, {3, 6}, {2, 5}], [{8, 1}, {4, 7}, {3, 6}, {5}, {2}], [{8, 1}, {4, 7}, {5, 6}, {2, 3}], [{8, 1}, {5, 7}, {2, 6}, {3, 4}], [{8, 1}, {5, 7}, {3, 6}, {2, 4}], [{8, 1}, {5, 7}, {3, 6}, {4}, {2}], [{8, 1}, {5, 7}, {4, 6}, {2, 3}], [{8, 1}, {6, 7}, {2, 5}, {3, 4}], [{8, 1}, {6, 7}, {3, 5}, {2, 4}], [{8, 1}, {6, 7}, {4, 5}, {2, 3}], [{8, 1}, {6, 7}, {4, 5}, {3}, {2}], [{8, 1}, {7}, {2, 6}, {4, 5}, {3}], [{8, 1}, {7}, {3, 6}, {2, 5}, {4}], [{8, 1}, {7}, {3, 6}, {4, 5}, {2}], [{8, 1}, {7}, {3, 6}, {5}, {2, 4}], [{8, 1}, {7}, {3, 6}, {5}, {4}, {2}], [{8, 1}, {7}, {4, 6}, {3, 5}, {2}], [{8, 1}, {7}, {5, 6}, {3, 4}, {2}], [{8, 1}, {7}, {6}, {4, 5}, {2, 3}], [{8, 1}, {7}, {6}, {4, 5}, {3}, {2}], [{8, 2}, {1, 7}, {3, 6}, {4, 5}], [{8, 2}, {1, 7}, {3, 6}, {5}, {4}], [{8, 2}, {1, 7}, {4, 6}, {3, 5}], [{8, 2}, {1, 7}, {5, 6}, {3, 4}], [{8, 2}, {3, 7}, {1, 6}, {4, 5}], [{8, 2}, {3, 7}, {4, 6}, {1, 5}], [{8, 2}, {3, 7}, {5, 6}, {1, 4}], [{8, 2}, {4, 7}, {1, 6}, {3, 5}], [{8, 2}, {4, 7}, {3, 6}, {1, 5}], [{8, 2}, {4, 7}, {3, 6}, {5}, {1}], [{8, 2}, {4, 7}, {5, 6}, {1, 3}], [{8, 2}, {5, 7}, {1, 6}, {3, 4}], [{8, 2}, {5, 7}, {3, 6}, {1, 4}], [{8, 2}, {5, 7}, {4, 6}, {1, 3}], [{8, 2}, {5, 7}, {6}, {4}, {1, 3}], [{8, 2}, {6, 7}, {1, 5}, {3, 4}], [{8, 2}, {6, 7}, {3, 5}, {1, 4}], [{8, 2}, {6, 7}, {4, 5}, {1, 3}], [{8, 2}, {7}, {1, 6}, {4, 5}, {3}], [{8, 2}, {7}, {3, 6}, {5}, {1, 4}], [{8, 2}, {7}, {5, 6}, {3, 4}, {1}], [{8, 3}, {1, 7}, {2, 6}, {4, 5}], [{8, 3}, {1, 7}, {4, 6}, {2, 5}], [{8, 3}, {1, 7}, {5, 6}, {2, 4}], [{8, 3}, {2, 7}, {1, 6}, {4, 5}], [{8, 3}, {2, 7}, {1, 6}, {5}, {4}], [{8, 3}, {2, 7}, {4, 6}, {1, 5}], [{8, 3}, {2, 7}, {5, 6}, {1, 4}], [{8, 3}, {4, 7}, {1, 6}, {2, 5}], [{8, 3}, {4, 7}, {2, 6}, {1, 5}], [{8, 3}, {4, 7}, {5, 6}, {1, 2}], [{8, 3}, {4, 7}, {6}, {1, 5}, {2}], [{8, 3}, {5, 7}, {1, 6}, {2, 4}], [{8, 3}, {5, 7}, {2, 6}, {1, 4}], [{8, 3}, {5, 7}, {4, 6}, {1, 2}], [{8, 3}, {6, 7}, {1, 5}, {2, 4}], [{8, 3}, {6, 7}, {2, 5}, {1, 4}], [{8, 3}, {6, 7}, {4, 5}, {1, 2}], [{8, 3}, {7}, {2, 6}, {4, 5}, {1}], [{8, 3}, {7}, {6}, {2, 5}, {1, 4}], [{8, 4}, {1, 7}, {2, 6}, {3, 5}], [{8, 4}, {1, 7}, {3, 6}, {2, 5}], [{8, 4}, {1, 7}, {3, 6}, {5}, {2}], [{8, 4}, {1, 7}, {5, 6}, {2, 3}], [{8, 4}, {2, 7}, {1, 6}, {3, 5}], [{8, 4}, {2, 7}, {1, 6}, {5}, {3}], [{8, 4}, {2, 7}, {3, 6}, {1, 5}], [{8, 4}, {2, 7}, {3, 6}, {5}, {1}], [{8, 4}, {2, 7}, {5, 6}, {1, 3}], [{8, 4}, {2, 7}, {6}, {5}, {1, 3}], [{8, 4}, {3, 7}, {1, 6}, {2, 5}], [{8, 4}, {3, 7}, {2, 6}, {1, 5}], [{8, 4}, {3, 7}, {5, 6}, {1, 2}], [{8, 4}, {3, 7}, {6}, {5}, {1, 2}], [{8, 4}, {5, 7}, {1, 6}, {2, 3}], [{8, 4}, {5, 7}, {1, 6}, {3}, {2}], [{8, 4}, {5, 7}, {2, 6}, {1, 3}], [{8, 4}, {5, 7}, {3, 6}, {1, 2}], [{8, 4}, {5, 7}, {3, 6}, {2}, {1}], [{8, 4}, {5, 7}, {6}, {1, 3}, {2}], [{8, 4}, {6, 7}, {1, 5}, {2, 3}], [{8, 4}, {6, 7}, {2, 5}, {1, 3}], [{8, 4}, {6, 7}, {3, 5}, {1, 2}], [{8, 4}, {6, 7}, {5}, {3}, {1, 2}], [{8, 4}, {7}, {1, 6}, {2, 5}, {3}], [{8, 4}, {7}, {2, 6}, {1, 5}, {3}], [{8, 4}, {7}, {3, 6}, {1, 5}, {2}], [{8, 4}, {7}, {3, 6}, {2, 5}, {1}], [{8, 4}, {7}, {3, 6}, {5}, {1, 2}], [{8, 4}, {7}, {3, 6}, {5}, {2}, {1}], [{8, 4}, {7}, {6}, {1, 5}, {2, 3}], [{8, 4}, {7}, {6}, {2, 5}, {1, 3}], [{8, 5}, {1, 7}, {2, 6}, {3, 4}], [{8, 5}, {1, 7}, {3, 6}, {2, 4}], [{8, 5}, {1, 7}, {4, 6}, {2, 3}], [{8, 5}, {2, 7}, {1, 6}, {3, 4}], [{8, 5}, {2, 7}, {3, 6}, {1, 4}], [{8, 5}, {2, 7}, {4, 6}, {1, 3}], [{8, 5}, {2, 7}, {6}, {3, 4}, {1}], [{8, 5}, {3, 7}, {1, 6}, {2, 4}], [{8, 5}, {3, 7}, {1, 6}, {4}, {2}], [{8, 5}, {3, 7}, {2, 6}, {1, 4}], [{8, 5}, {3, 7}, {4, 6}, {1, 2}], [{8, 5}, {3, 7}, {6}, {2, 4}, {1}], [{8, 5}, {4, 7}, {1, 6}, {2, 3}], [{8, 5}, {4, 7}, {2, 6}, {1, 3}], [{8, 5}, {4, 7}, {3, 6}, {1, 2}], [{8, 5}, {6, 7}, {1, 4}, {2, 3}], [{8, 5}, {6, 7}, {2, 4}, {1, 3}], [{8, 5}, {6, 7}, {3, 4}, {1, 2}], [{8, 5}, {6, 7}, {4}, {1, 3}, {2}], [{8, 5}, {7}, {1, 6}, {2, 4}, {3}], [{8, 5}, {7}, {2, 6}, {1, 4}, {3}], [{8, 5}, {7}, {3, 6}, {1, 4}, {2}], [{8, 5}, {7}, {6}, {1, 4}, {2, 3}], [{8, 6}, {1, 7}, {2, 5}, {3, 4}], [{8, 6}, {1, 7}, {3, 5}, {2, 4}], [{8, 6}, {1, 7}, {4, 5}, {2, 3}], [{8, 6}, {2, 7}, {1, 5}, {3, 4}], [{8, 6}, {2, 7}, {3, 5}, {1, 4}], [{8, 6}, {2, 7}, {3, 5}, {4}, {1}], [{8, 6}, {2, 7}, {4, 5}, {1, 3}], [{8, 6}, {3, 7}, {1, 5}, {2, 4}], [{8, 6}, {3, 7}, {2, 5}, {1, 4}], [{8, 6}, {3, 7}, {4, 5}, {1, 2}], [{8, 6}, {4, 7}, {1, 5}, {2, 3}], [{8, 6}, {4, 7}, {2, 5}, {1, 3}], [{8, 6}, {4, 7}, {3, 5}, {1, 2}], [{8, 6}, {5, 7}, {1, 4}, {2, 3}], [{8, 6}, {5, 7}, {2, 4}, {1, 3}], [{8, 6}, {5, 7}, {3, 4}, {1, 2}], [{8, 6}, {7}, {1, 5}, {2, 4}, {3}], [{8, 6}, {7}, {2, 5}, {1, 4}, {3}], [{8, 6}, {7}, {2, 5}, {3, 4}, {1}], [{8, 6}, {7}, {2, 5}, {4}, {1, 3}], [{8, 6}, {7}, {4, 5}, {3}, {1, 2}], [{8, 7}, {1, 6}, {2, 5}, {3, 4}], [{8, 7}, {1, 6}, {3, 5}, {2, 4}], [{8, 7}, {1, 6}, {4, 5}, {2, 3}], [{8, 7}, {2, 6}, {1, 5}, {3, 4}], [{8, 7}, {2, 6}, {3, 5}, {1, 4}], [{8, 7}, {2, 6}, {4, 5}, {1, 3}], [{8, 7}, {2, 6}, {4, 5}, {3}, {1}], [{8, 7}, {2, 6}, {5}, {4}, {1, 3}], [{8, 7}, {3, 6}, {1, 5}, {2, 4}], [{8, 7}, {3, 6}, {2, 5}, {1, 4}], [{8, 7}, {3, 6}, {4, 5}, {1, 2}], [{8, 7}, {3, 6}, {5}, {1, 4}, {2}], [{8, 7}, {3, 6}, {5}, {2, 4}, {1}], [{8, 7}, {3, 6}, {5}, {4}, {1, 2}], [{8, 7}, {4, 6}, {1, 5}, {2, 3}], [{8, 7}, {4, 6}, {2, 5}, {1, 3}], [{8, 7}, {4, 6}, {3, 5}, {1, 2}], [{8, 7}, {4, 6}, {5}, {2, 3}, {1}], [{8, 7}, {5, 6}, {1, 4}, {2, 3}], [{8, 7}, {5, 6}, {2, 4}, {1, 3}], [{8, 7}, {5, 6}, {3, 4}, {1, 2}], [{8, 7}, {6}, {1, 5}, {2, 4}, {3}], [{8}, {1, 7}, {2, 6}, {4, 5}, {3}], [{8}, {1, 7}, {3, 6}, {5}, {2, 4}], [{8}, {2, 7}, {1, 6}, {5}, {3, 4}], [{8}, {2, 7}, {3, 6}, {5}, {1, 4}], [{8}, {2, 7}, {4, 6}, {1, 5}, {3}], [{8}, {2, 7}, {5, 6}, {4}, {1, 3}], [{8}, {3, 7}, {2, 6}, {4, 5}, {1}], [{8}, {4, 7}, {3, 6}, {5}, {1, 2}], [{8}, {5, 7}, {3, 6}, {1, 4}, {2}], [{8}, {5, 7}, {6}, {2, 4}, {1, 3}], [{8}, {6, 7}, {1, 5}, {2, 4}, {3}], [{8}, {7}, {2, 6}, {4, 5}, {1, 3}], [{8}, {7}, {2, 6}, {4, 5}, {3}, {1}], [{8}, {7}, {3, 6}, {2, 5}, {1, 4}], [{8}, {7}, {3, 6}, {5}, {1, 4}, {2}], [{8}, {7}, {4, 6}, {2, 5}, {1, 3}], [{8}, {7}, {5, 6}, {3, 4}, {1, 2}]]",2,8 K_1^3 + 4 K_1^2 K_2 - 22 K_1^2 - 10 K_1 K_2 - 2 K_1 K_3 - K_1 - 2 K_2^2 + 10 K_2 + 3 K_3 + K_4 + 12,O1O2O3O4U1U5U3O6U7O8O7U4U8O5U2U6,O1O2O3U4U1U5U3O6O5U2O7O4U8U7O8U6,O1O2O3U4O5U6U5O7O6U2O8O4U1U8U3U7,c,{'O1O2O3O4U5U3O6U7U1O8O7U8O5U2U6U4'},1,"<a href=""/flatknot/8.850687"">8.850687</a>",t^9-31t^7-86t^6-36t^5+126t^4+137t^3-42t^2-88t+4,-t^3+3t,,
8.850688,O1O2O3O4U5U3O6U7U1O8O7U8O5U6U2U4,4,18z^2+95z+119,18w^3z^2+95w^2z+119w,False,False,"[[ 0 -1  0  0  3 -1  0  0 -1],[ 1  0  0  0  2  1 -1  1 -1],[ 0  0  0  1  2  0 -1  1 -1],[ 0  0 -1  0  0  0 -1  0  0],[-3 -2 -2  0  0 -2 -1 -2 -1],[ 1 -1  0  0  2  0  0  0  0],[ 0  1  1  1  1  0  0  1 -1],[ 0 -1 -1  0  2  0 -1  0 -1],[ 1  1  1  0  1  0  1  1  0]]","[[ 0  3  0  0  0  0 -1 -1 -1],[-3  0  0 -1 -2 -2 -1 -2 -2],[ 0  0  0 -1  0 -1  0  0  0],[ 0  1  1  0  1  1 -1  1  0],[ 0  2  0 -1  0 -1 -1 -1  0],[ 0  2  1 -1  1  0 -1  0  0],[ 1  1  0  1  1  1  0  1  0],[ 1  2  0 -1  1  0 -1  0  1],[ 1  2  0  0  0  0  0 -1  0]]",True,"[-3,0,0,0,0,1,1,1,0,1,2,2,1,2,2,1,0,1,0,0,0,-1,-1,1,-1,0,1,1,1,0,1,0,0,-1,0,-1]","[-3,0,0,0,0,1,1,1,0,1,2,2,1,2,2,1,0,1,0,0,0,-1,-1,1,-1,0,1,1,1,0,1,0,0,-1,0,-1]",t^8+30t^6+106t^4+49t^2+1,"[-1,-1,-1,0,0,0,0,3,-1,0,0,0,0,1,3,-1,0,1,2,1,2,1,1,1,1,2,1,1,0,1,1,-1,1,-1,2,3]","[-3,0,0,0,0,1,1,1,1,1,2,3,2,2,3,-1,-1,0,0,1,0,-1,1,1,1,0,1,2,1,0,1,1,1,1,-1,0]","[-1,-1,-1,0,0,0,0,3,-1,0,0,0,0,0,2,-1,-1,0,0,1,2,1,0,1,1,1,1,1,1,1,-1,0,0,1,2,2]",c,"[[{8, 1}, {2, 7}, {3, 6}, {4, 5}], [{8, 1}, {2, 7}, {4, 6}, {3, 5}], [{8, 1}, {2, 7}, {5, 6}, {3, 4}], [{8, 1}, {2, 7}, {6}, {4, 5}, {3}], [{8, 1}, {3, 7}, {2, 6}, {4, 5}], [{8, 1}, {3, 7}, {4, 6}, {2, 5}], [{8, 1}, {3, 7}, {5, 6}, {2, 4}], [{8, 1}, {3, 7}, {6}, {4, 5}, {2}], [{8, 1}, {4, 7}, {2, 6}, {3, 5}], [{8, 1}, {4, 7}, {3, 6}, {2, 5}], [{8, 1}, {4, 7}, {5, 6}, {2, 3}], [{8, 1}, {5, 7}, {2, 6}, {3, 4}], [{8, 1}, {5, 7}, {3, 6}, {2, 4}], [{8, 1}, {5, 7}, {4, 6}, {2, 3}], [{8, 1}, {6, 7}, {2, 5}, {3, 4}], [{8, 1}, {6, 7}, {3, 5}, {2, 4}], [{8, 1}, {6, 7}, {4, 5}, {2, 3}], [{8, 1}, {6, 7}, {4, 5}, {3}, {2}], [{8, 1}, {7}, {2, 6}, {4, 5}, {3}], [{8, 1}, {7}, {3, 6}, {4, 5}, {2}], [{8, 1}, {7}, {6}, {4, 5}, {2, 3}], [{8, 1}, {7}, {6}, {4, 5}, {3}, {2}], [{8, 2}, {1, 7}, {3, 6}, {4, 5}], [{8, 2}, {1, 7}, {4, 6}, {3, 5}], [{8, 2}, {1, 7}, {5, 6}, {3, 4}], [{8, 2}, {3, 7}, {1, 6}, {4, 5}], [{8, 2}, {3, 7}, {4, 6}, {1, 5}], [{8, 2}, {3, 7}, {5, 6}, {1, 4}], [{8, 2}, {3, 7}, {6}, {5}, {1, 4}], [{8, 2}, {4, 7}, {1, 6}, {3, 5}], [{8, 2}, {4, 7}, {3, 6}, {1, 5}], [{8, 2}, {4, 7}, {5, 6}, {1, 3}], [{8, 2}, {4, 7}, {6}, {5}, {1, 3}], [{8, 2}, {5, 7}, {1, 6}, {3, 4}], [{8, 2}, {5, 7}, {3, 6}, {1, 4}], [{8, 2}, {5, 7}, {4, 6}, {1, 3}], [{8, 2}, {6, 7}, {1, 5}, {3, 4}], [{8, 2}, {6, 7}, {3, 5}, {1, 4}], [{8, 2}, {6, 7}, {4, 5}, {1, 3}], [{8, 2}, {6, 7}, {5}, {1, 4}, {3}], [{8, 2}, {7}, {1, 6}, {4, 5}, {3}], [{8, 2}, {7}, {3, 6}, {5}, {1, 4}], [{8, 2}, {7}, {4, 6}, {3, 5}, {1}], [{8, 3}, {1, 7}, {2, 6}, {4, 5}], [{8, 3}, {1, 7}, {4, 6}, {2, 5}], [{8, 3}, {1, 7}, {5, 6}, {2, 4}], [{8, 3}, {2, 7}, {1, 6}, {4, 5}], [{8, 3}, {2, 7}, {4, 6}, {1, 5}], [{8, 3}, {2, 7}, {5, 6}, {1, 4}], [{8, 3}, {2, 7}, {6}, {5}, {1, 4}], [{8, 3}, {4, 7}, {1, 6}, {2, 5}], [{8, 3}, {4, 7}, {2, 6}, {1, 5}], [{8, 3}, {4, 7}, {5, 6}, {1, 2}], [{8, 3}, {5, 7}, {1, 6}, {2, 4}], [{8, 3}, {5, 7}, {2, 6}, {1, 4}], [{8, 3}, {5, 7}, {4, 6}, {1, 2}], [{8, 3}, {6, 7}, {1, 5}, {2, 4}], [{8, 3}, {6, 7}, {2, 5}, {1, 4}], [{8, 3}, {6, 7}, {4, 5}, {1, 2}], [{8, 3}, {7}, {2, 6}, {4, 5}, {1}], [{8, 3}, {7}, {5, 6}, {1, 4}, {2}], [{8, 4}, {1, 7}, {2, 6}, {3, 5}], [{8, 4}, {1, 7}, {3, 6}, {2, 5}], [{8, 4}, {1, 7}, {5, 6}, {2, 3}], [{8, 4}, {2, 7}, {1, 6}, {3, 5}], [{8, 4}, {2, 7}, {3, 6}, {1, 5}], [{8, 4}, {2, 7}, {5, 6}, {1, 3}], [{8, 4}, {2, 7}, {6}, {1, 5}, {3}], [{8, 4}, {3, 7}, {1, 6}, {2, 5}], [{8, 4}, {3, 7}, {1, 6}, {5}, {2}], [{8, 4}, {3, 7}, {2, 6}, {1, 5}], [{8, 4}, {3, 7}, {5, 6}, {1, 2}], [{8, 4}, {3, 7}, {5, 6}, {2}, {1}], [{8, 4}, {3, 7}, {6}, {1, 5}, {2}], [{8, 4}, {5, 7}, {1, 6}, {2, 3}], [{8, 4}, {5, 7}, {2, 6}, {1, 3}], [{8, 4}, {5, 7}, {3, 6}, {1, 2}], [{8, 4}, {6, 7}, {1, 5}, {2, 3}], [{8, 4}, {6, 7}, {1, 5}, {3}, {2}], [{8, 4}, {6, 7}, {2, 5}, {1, 3}], [{8, 4}, {6, 7}, {3, 5}, {1, 2}], [{8, 4}, {6, 7}, {3, 5}, {2}, {1}], [{8, 4}, {6, 7}, {5}, {1, 3}, {2}], [{8, 4}, {7}, {2, 6}, {1, 5}, {3}], [{8, 4}, {7}, {3, 6}, {1, 5}, {2}], [{8, 4}, {7}, {6}, {1, 5}, {2, 3}], [{8, 4}, {7}, {6}, {1, 5}, {3}, {2}], [{8, 5}, {1, 7}, {2, 6}, {3, 4}], [{8, 5}, {1, 7}, {3, 6}, {2, 4}], [{8, 5}, {1, 7}, {4, 6}, {2, 3}], [{8, 5}, {1, 7}, {4, 6}, {3}, {2}], [{8, 5}, {1, 7}, {6}, {4}, {2, 3}], [{8, 5}, {2, 7}, {1, 6}, {3, 4}], [{8, 5}, {2, 7}, {3, 6}, {1, 4}], [{8, 5}, {2, 7}, {4, 6}, {1, 3}], [{8, 5}, {2, 7}, {6}, {1, 4}, {3}], [{8, 5}, {3, 7}, {1, 6}, {2, 4}], [{8, 5}, {3, 7}, {2, 6}, {1, 4}], [{8, 5}, {3, 7}, {4, 6}, {1, 2}], [{8, 5}, {3, 7}, {6}, {1, 4}, {2}], [{8, 5}, {4, 7}, {1, 6}, {2, 3}], [{8, 5}, {4, 7}, {1, 6}, {3}, {2}], [{8, 5}, {4, 7}, {2, 6}, {1, 3}], [{8, 5}, {4, 7}, {3, 6}, {1, 2}], [{8, 5}, {4, 7}, {6}, {2, 3}, {1}], [{8, 5}, {6, 7}, {1, 4}, {2, 3}], [{8, 5}, {6, 7}, {1, 4}, {3}, {2}], [{8, 5}, {6, 7}, {2, 4}, {1, 3}], [{8, 5}, {6, 7}, {3, 4}, {1, 2}], [{8, 5}, {6, 7}, {4}, {2, 3}, {1}], [{8, 5}, {7}, {1, 6}, {4}, {2, 3}], [{8, 5}, {7}, {2, 6}, {1, 4}, {3}], [{8, 5}, {7}, {3, 6}, {1, 4}, {2}], [{8, 5}, {7}, {4, 6}, {2, 3}, {1}], [{8, 5}, {7}, {6}, {1, 4}, {2, 3}], [{8, 5}, {7}, {6}, {1, 4}, {3}, {2}], [{8, 5}, {7}, {6}, {2, 4}, {1, 3}], [{8, 5}, {7}, {6}, {3, 4}, {1, 2}], [{8, 5}, {7}, {6}, {4}, {2, 3}, {1}], [{8, 6}, {1, 7}, {2, 5}, {3, 4}], [{8, 6}, {1, 7}, {3, 5}, {2, 4}], [{8, 6}, {1, 7}, {4, 5}, {2, 3}], [{8, 6}, {2, 7}, {1, 5}, {3, 4}], [{8, 6}, {2, 7}, {3, 5}, {1, 4}], [{8, 6}, {2, 7}, {4, 5}, {1, 3}], [{8, 6}, {2, 7}, {5}, {1, 4}, {3}], [{8, 6}, {3, 7}, {1, 5}, {2, 4}], [{8, 6}, {3, 7}, {2, 5}, {1, 4}], [{8, 6}, {3, 7}, {4, 5}, {1, 2}], [{8, 6}, {4, 7}, {1, 5}, {2, 3}], [{8, 6}, {4, 7}, {2, 5}, {1, 3}], [{8, 6}, {4, 7}, {3, 5}, {1, 2}], [{8, 6}, {5, 7}, {1, 4}, {2, 3}], [{8, 6}, {5, 7}, {2, 4}, {1, 3}], [{8, 6}, {5, 7}, {3, 4}, {1, 2}], [{8, 6}, {7}, {3, 5}, {1, 4}, {2}], [{8, 6}, {7}, {3, 5}, {2, 4}, {1}], [{8, 6}, {7}, {3, 5}, {4}, {1, 2}], [{8, 6}, {7}, {4, 5}, {3}, {1, 2}], [{8, 6}, {7}, {5}, {3, 4}, {1, 2}], [{8, 7}, {1, 6}, {2, 5}, {3, 4}], [{8, 7}, {1, 6}, {3, 5}, {2, 4}], [{8, 7}, {1, 6}, {4, 5}, {2, 3}], [{8, 7}, {1, 6}, {5}, {2, 4}, {3}], [{8, 7}, {2, 6}, {1, 5}, {3, 4}], [{8, 7}, {2, 6}, {3, 5}, {1, 4}], [{8, 7}, {2, 6}, {4, 5}, {1, 3}], [{8, 7}, {2, 6}, {4, 5}, {3}, {1}], [{8, 7}, {2, 6}, {5}, {4}, {1, 3}], [{8, 7}, {3, 6}, {1, 5}, {2, 4}], [{8, 7}, {3, 6}, {2, 5}, {1, 4}], [{8, 7}, {3, 6}, {4, 5}, {1, 2}], [{8, 7}, {3, 6}, {5}, {1, 4}, {2}], [{8, 7}, {3, 6}, {5}, {2, 4}, {1}], [{8, 7}, {3, 6}, {5}, {4}, {1, 2}], [{8, 7}, {4, 6}, {1, 5}, {2, 3}], [{8, 7}, {4, 6}, {2, 5}, {1, 3}], [{8, 7}, {4, 6}, {3, 5}, {1, 2}], [{8, 7}, {4, 6}, {5}, {1, 3}, {2}], [{8, 7}, {4, 6}, {5}, {2, 3}, {1}], [{8, 7}, {4, 6}, {5}, {3}, {1, 2}], [{8, 7}, {5, 6}, {1, 4}, {2, 3}], [{8, 7}, {5, 6}, {2, 4}, {1, 3}], [{8, 7}, {5, 6}, {3, 4}, {1, 2}], [{8, 7}, {6}, {5}, {2, 4}, {1, 3}], [{8, 7}, {6}, {5}, {3, 4}, {1, 2}], [{8}, {1, 7}, {2, 6}, {4, 5}, {3}], [{8}, {1, 7}, {5, 6}, {3, 4}, {2}], [{8}, {2, 7}, {3, 6}, {5}, {1, 4}], [{8}, {2, 7}, {5, 6}, {1, 4}, {3}], [{8}, {2, 7}, {5, 6}, {3, 4}, {1}], [{8}, {2, 7}, {5, 6}, {4}, {1, 3}], [{8}, {2, 7}, {6}, {3, 5}, {1, 4}], [{8}, {3, 7}, {2, 6}, {4, 5}, {1}], [{8}, {3, 7}, {6}, {2, 5}, {1, 4}], [{8}, {4, 7}, {6}, {3, 5}, {1, 2}], [{8}, {5, 7}, {3, 6}, {1, 4}, {2}], [{8}, {5, 7}, {4, 6}, {2, 3}, {1}], [{8}, {5, 7}, {6}, {2, 4}, {1, 3}], [{8}, {5, 7}, {6}, {3, 4}, {1, 2}], [{8}, {6, 7}, {2, 5}, {1, 4}, {3}], [{8}, {6, 7}, {5}, {3, 4}, {1, 2}], [{8}, {7}, {2, 6}, {4, 5}, {1, 3}], [{8}, {7}, {2, 6}, {4, 5}, {3}, {1}], [{8}, {7}, {3, 6}, {2, 5}, {1, 4}], [{8}, {7}, {3, 6}, {5}, {1, 4}, {2}], [{8}, {7}, {4, 6}, {2, 5}, {1, 3}], [{8}, {7}, {5, 6}, {3, 4}, {1, 2}]]",2,- 14 K_1^2 - 10 K_1 K_2 - 2 K_1 K_3 + 5 K_1 - 2 K_2^2 + 8 K_2 + 5 K_3 + 2 K_4 + 9,O1O2O3O4U1U3U5O6U7O8O7U4U8O5U2U6,O1O2O3U4U2U5U3O6O5U1O7O4U8U7O8U6,O1O2O3U4O5U6U5O7O6U3O8O4U1U8U2U7,c,{'O1O2O3O4U5U3O6U7U1O8O7U8O5U6U2U4'},1,"<a href=""/flatknot/8.850688"">8.850688</a>",t^9-24t^7-70t^6-32t^5+126t^4+166t^3+56t^2+12t-4,-t^3+3t,,
8.850689,O1O2O3O4U5U3O6U7U1O8O7U8O5U6U4U2,4,16z^2+101z+139,16w^3z^2+101w^2z+139w,False,False,"[[ 0 -1  1  0  2 -1  0  0 -1],[ 1  0  1  0  1  1 -1  1 -1],[-1 -1  0  0  1 -1 -1  0 -1],[ 0  0  0  0  0  0 -1  0  0],[-2 -1 -1  0  0 -1 -1 -1 -1],[ 1 -1  1  0  1  0  0  0  0],[ 0  1  1  1  1  0  0  1 -1],[ 0 -1  0  0  1  0 -1  0 -1],[ 1  1  1  0  1  0  1  1  0]]","[[ 0  2  1  0  0  0 -1 -1 -1],[-2  0 -1  0 -1 -1 -1 -1 -1],[-1  1  0  0  0 -1 -1 -1 -1],[ 0  0  0  0  0 -1  0  0  0],[ 0  1  0  0  0 -1  0 -1 -1],[ 0  1  1  1  1  0  0  1 -1],[ 1  1  1  0  0  0  0 -1  0],[ 1  1  1  0  1 -1  1  0 -1],[ 1  1  1  0  1  1  0  1  0]]",True,"[-2,-1,0,0,0,1,1,1,1,0,1,1,1,1,1,0,0,1,1,1,1,0,1,0,0,0,1,0,1,1,0,-1,1,1,0,1]","[-2,-1,0,0,0,1,1,1,0,1,1,2,2,2,2,0,1,1,1,1,1,1,1,0,1,2,0,0,1,0,1,1,1,0,1,-1]",t^8+18t^6+49t^4+21t^2+1,"[-1,-1,-1,0,0,0,1,2,-1,0,0,0,1,1,2,-1,0,2,1,1,2,1,1,1,1,2,1,0,1,1,-1,0,1,1,2,0]","[-2,-1,0,0,0,1,1,1,0,1,1,2,2,2,2,0,1,1,1,1,1,1,1,0,1,2,0,0,1,0,1,1,1,0,1,-1]","[-1,-1,-1,0,0,0,1,2,-1,0,0,0,0,1,1,-1,-1,0,1,1,1,1,0,1,1,1,1,1,1,1,0,0,0,0,1,1]",c,"[[{8, 1}, {2, 7}, {3, 6}, {4, 5}], [{8, 1}, {2, 7}, {4, 6}, {3, 5}], [{8, 1}, {2, 7}, {5, 6}, {3, 4}], [{8, 1}, {3, 7}, {2, 6}, {4, 5}], [{8, 1}, {3, 7}, {4, 6}, {2, 5}], [{8, 1}, {3, 7}, {5, 6}, {2, 4}], [{8, 1}, {3, 7}, {6}, {4, 5}, {2}], [{8, 1}, {4, 7}, {2, 6}, {3, 5}], [{8, 1}, {4, 7}, {3, 6}, {2, 5}], [{8, 1}, {4, 7}, {5, 6}, {2, 3}], [{8, 1}, {5, 7}, {2, 6}, {3, 4}], [{8, 1}, {5, 7}, {3, 6}, {2, 4}], [{8, 1}, {5, 7}, {4, 6}, {2, 3}], [{8, 1}, {6, 7}, {2, 5}, {3, 4}], [{8, 1}, {6, 7}, {3, 5}, {2, 4}], [{8, 1}, {6, 7}, {3, 5}, {4}, {2}], [{8, 1}, {6, 7}, {4, 5}, {2, 3}], [{8, 1}, {7}, {2, 6}, {4, 5}, {3}], [{8, 1}, {7}, {3, 6}, {2, 5}, {4}], [{8, 1}, {7}, {4, 6}, {2, 5}, {3}], [{8, 1}, {7}, {6}, {2, 5}, {3, 4}], [{8, 2}, {1, 7}, {3, 6}, {4, 5}], [{8, 2}, {1, 7}, {4, 6}, {3, 5}], [{8, 2}, {1, 7}, {5, 6}, {3, 4}], [{8, 2}, {3, 7}, {1, 6}, {4, 5}], [{8, 2}, {3, 7}, {4, 6}, {1, 5}], [{8, 2}, {3, 7}, {5, 6}, {1, 4}], [{8, 2}, {3, 7}, {6}, {1, 5}, {4}], [{8, 2}, {3, 7}, {6}, {4, 5}, {1}], [{8, 2}, {3, 7}, {6}, {5}, {1, 4}], [{8, 2}, {4, 7}, {1, 6}, {3, 5}], [{8, 2}, {4, 7}, {3, 6}, {1, 5}], [{8, 2}, {4, 7}, {5, 6}, {1, 3}], [{8, 2}, {4, 7}, {6}, {5}, {1, 3}], [{8, 2}, {5, 7}, {1, 6}, {3, 4}], [{8, 2}, {5, 7}, {3, 6}, {1, 4}], [{8, 2}, {5, 7}, {3, 6}, {4}, {1}], [{8, 2}, {5, 7}, {4, 6}, {1, 3}], [{8, 2}, {5, 7}, {4, 6}, {3}, {1}], [{8, 2}, {5, 7}, {6}, {3, 4}, {1}], [{8, 2}, {6, 7}, {1, 5}, {3, 4}], [{8, 2}, {6, 7}, {3, 5}, {1, 4}], [{8, 2}, {6, 7}, {4, 5}, {1, 3}], [{8, 2}, {6, 7}, {5}, {4}, {1, 3}], [{8, 2}, {7}, {4, 6}, {5}, {1, 3}], [{8, 3}, {1, 7}, {2, 6}, {4, 5}], [{8, 3}, {1, 7}, {4, 6}, {2, 5}], [{8, 3}, {1, 7}, {5, 6}, {2, 4}], [{8, 3}, {2, 7}, {1, 6}, {4, 5}], [{8, 3}, {2, 7}, {4, 6}, {1, 5}], [{8, 3}, {2, 7}, {5, 6}, {1, 4}], [{8, 3}, {4, 7}, {1, 6}, {2, 5}], [{8, 3}, {4, 7}, {2, 6}, {1, 5}], [{8, 3}, {4, 7}, {5, 6}, {1, 2}], [{8, 3}, {4, 7}, {5, 6}, {2}, {1}], [{8, 3}, {5, 7}, {1, 6}, {2, 4}], [{8, 3}, {5, 7}, {2, 6}, {1, 4}], [{8, 3}, {5, 7}, {4, 6}, {1, 2}], [{8, 3}, {6, 7}, {1, 5}, {2, 4}], [{8, 3}, {6, 7}, {1, 5}, {4}, {2}], [{8, 3}, {6, 7}, {2, 5}, {1, 4}], [{8, 3}, {6, 7}, {4, 5}, {1, 2}], [{8, 3}, {7}, {2, 6}, {4, 5}, {1}], [{8, 3}, {7}, {4, 6}, {5}, {1, 2}], [{8, 3}, {7}, {6}, {2, 5}, {1, 4}], [{8, 4}, {1, 7}, {2, 6}, {3, 5}], [{8, 4}, {1, 7}, {2, 6}, {5}, {3}], [{8, 4}, {1, 7}, {3, 6}, {2, 5}], [{8, 4}, {1, 7}, {3, 6}, {5}, {2}], [{8, 4}, {1, 7}, {5, 6}, {2, 3}], [{8, 4}, {1, 7}, {6}, {5}, {2, 3}], [{8, 4}, {2, 7}, {1, 6}, {3, 5}], [{8, 4}, {2, 7}, {1, 6}, {5}, {3}], [{8, 4}, {2, 7}, {3, 6}, {1, 5}], [{8, 4}, {2, 7}, {3, 6}, {5}, {1}], [{8, 4}, {2, 7}, {5, 6}, {1, 3}], [{8, 4}, {2, 7}, {6}, {5}, {1, 3}], [{8, 4}, {3, 7}, {1, 6}, {2, 5}], [{8, 4}, {3, 7}, {1, 6}, {5}, {2}], [{8, 4}, {3, 7}, {2, 6}, {1, 5}], [{8, 4}, {3, 7}, {2, 6}, {5}, {1}], [{8, 4}, {3, 7}, {5, 6}, {1, 2}], [{8, 4}, {3, 7}, {6}, {5}, {1, 2}], [{8, 4}, {5, 7}, {1, 6}, {2, 3}], [{8, 4}, {5, 7}, {1, 6}, {3}, {2}], [{8, 4}, {5, 7}, {2, 6}, {1, 3}], [{8, 4}, {5, 7}, {3, 6}, {1, 2}], [{8, 4}, {5, 7}, {3, 6}, {2}, {1}], [{8, 4}, {5, 7}, {6}, {1, 3}, {2}], [{8, 4}, {6, 7}, {1, 5}, {2, 3}], [{8, 4}, {6, 7}, {2, 5}, {1, 3}], [{8, 4}, {6, 7}, {3, 5}, {1, 2}], [{8, 4}, {6, 7}, {5}, {1, 3}, {2}], [{8, 4}, {6, 7}, {5}, {2, 3}, {1}], [{8, 4}, {6, 7}, {5}, {3}, {1, 2}], [{8, 4}, {7}, {1, 6}, {2, 5}, {3}], [{8, 4}, {7}, {1, 6}, {3, 5}, {2}], [{8, 4}, {7}, {1, 6}, {5}, {2, 3}], [{8, 4}, {7}, {1, 6}, {5}, {3}, {2}], [{8, 4}, {7}, {2, 6}, {5}, {1, 3}], [{8, 4}, {7}, {3, 6}, {1, 5}, {2}], [{8, 4}, {7}, {3, 6}, {2, 5}, {1}], [{8, 4}, {7}, {3, 6}, {5}, {1, 2}], [{8, 4}, {7}, {3, 6}, {5}, {2}, {1}], [{8, 4}, {7}, {5, 6}, {1, 3}, {2}], [{8, 4}, {7}, {6}, {2, 5}, {1, 3}], [{8, 4}, {7}, {6}, {5}, {1, 3}, {2}], [{8, 5}, {1, 7}, {2, 6}, {3, 4}], [{8, 5}, {1, 7}, {2, 6}, {4}, {3}], [{8, 5}, {1, 7}, {3, 6}, {2, 4}], [{8, 5}, {1, 7}, {3, 6}, {4}, {2}], [{8, 5}, {1, 7}, {4, 6}, {2, 3}], [{8, 5}, {1, 7}, {6}, {4}, {2, 3}], [{8, 5}, {2, 7}, {1, 6}, {3, 4}], [{8, 5}, {2, 7}, {1, 6}, {4}, {3}], [{8, 5}, {2, 7}, {3, 6}, {1, 4}], [{8, 5}, {2, 7}, {3, 6}, {4}, {1}], [{8, 5}, {2, 7}, {4, 6}, {1, 3}], [{8, 5}, {2, 7}, {6}, {4}, {1, 3}], [{8, 5}, {3, 7}, {1, 6}, {2, 4}], [{8, 5}, {3, 7}, {1, 6}, {4}, {2}], [{8, 5}, {3, 7}, {2, 6}, {1, 4}], [{8, 5}, {3, 7}, {2, 6}, {4}, {1}], [{8, 5}, {3, 7}, {4, 6}, {1, 2}], [{8, 5}, {3, 7}, {6}, {4}, {1, 2}], [{8, 5}, {4, 7}, {1, 6}, {2, 3}], [{8, 5}, {4, 7}, {2, 6}, {1, 3}], [{8, 5}, {4, 7}, {3, 6}, {1, 2}], [{8, 5}, {4, 7}, {6}, {2, 3}, {1}], [{8, 5}, {6, 7}, {1, 4}, {2, 3}], [{8, 5}, {6, 7}, {1, 4}, {3}, {2}], [{8, 5}, {6, 7}, {2, 4}, {1, 3}], [{8, 5}, {6, 7}, {2, 4}, {3}, {1}], [{8, 5}, {6, 7}, {3, 4}, {1, 2}], [{8, 5}, {6, 7}, {3, 4}, {2}, {1}], [{8, 5}, {6, 7}, {4}, {1, 3}, {2}], [{8, 5}, {6, 7}, {4}, {2, 3}, {1}], [{8, 5}, {6, 7}, {4}, {3}, {1, 2}], [{8, 5}, {6, 7}, {4}, {3}, {2}, {1}], [{8, 5}, {7}, {1, 6}, {4}, {2, 3}], [{8, 5}, {7}, {2, 6}, {4}, {1, 3}], [{8, 5}, {7}, {3, 6}, {4}, {1, 2}], [{8, 5}, {7}, {4, 6}, {2, 3}, {1}], [{8, 5}, {7}, {6}, {1, 4}, {2, 3}], [{8, 5}, {7}, {6}, {4}, {2, 3}, {1}], [{8, 6}, {1, 7}, {2, 5}, {3, 4}], [{8, 6}, {1, 7}, {3, 5}, {2, 4}], [{8, 6}, {1, 7}, {4, 5}, {2, 3}], [{8, 6}, {2, 7}, {1, 5}, {3, 4}], [{8, 6}, {2, 7}, {1, 5}, {4}, {3}], [{8, 6}, {2, 7}, {3, 5}, {1, 4}], [{8, 6}, {2, 7}, {3, 5}, {4}, {1}], [{8, 6}, {2, 7}, {4, 5}, {1, 3}], [{8, 6}, {2, 7}, {5}, {4}, {1, 3}], [{8, 6}, {3, 7}, {1, 5}, {2, 4}], [{8, 6}, {3, 7}, {2, 5}, {1, 4}], [{8, 6}, {3, 7}, {4, 5}, {1, 2}], [{8, 6}, {3, 7}, {4, 5}, {2}, {1}], [{8, 6}, {4, 7}, {1, 5}, {2, 3}], [{8, 6}, {4, 7}, {2, 5}, {1, 3}], [{8, 6}, {4, 7}, {3, 5}, {1, 2}], [{8, 6}, {4, 7}, {5}, {1, 3}, {2}], [{8, 6}, {5, 7}, {1, 4}, {2, 3}], [{8, 6}, {5, 7}, {2, 4}, {1, 3}], [{8, 6}, {5, 7}, {3, 4}, {1, 2}], [{8, 6}, {7}, {2, 5}, {1, 4}, {3}], [{8, 6}, {7}, {5}, {2, 4}, {1, 3}], [{8, 7}, {1, 6}, {2, 5}, {3, 4}], [{8, 7}, {1, 6}, {2, 5}, {4}, {3}], [{8, 7}, {1, 6}, {3, 5}, {2, 4}], [{8, 7}, {1, 6}, {4, 5}, {2, 3}], [{8, 7}, {2, 6}, {1, 5}, {3, 4}], [{8, 7}, {2, 6}, {3, 5}, {1, 4}], [{8, 7}, {2, 6}, {4, 5}, {1, 3}], [{8, 7}, {2, 6}, {4, 5}, {3}, {1}], [{8, 7}, {2, 6}, {5}, {4}, {1, 3}], [{8, 7}, {3, 6}, {1, 5}, {2, 4}], [{8, 7}, {3, 6}, {2, 5}, {1, 4}], [{8, 7}, {3, 6}, {4, 5}, {1, 2}], [{8, 7}, {4, 6}, {1, 5}, {2, 3}], [{8, 7}, {4, 6}, {1, 5}, {3}, {2}], [{8, 7}, {4, 6}, {2, 5}, {1, 3}], [{8, 7}, {4, 6}, {3, 5}, {1, 2}], [{8, 7}, {4, 6}, {3, 5}, {2}, {1}], [{8, 7}, {4, 6}, {5}, {1, 3}, {2}], [{8, 7}, {5, 6}, {1, 4}, {2, 3}], [{8, 7}, {5, 6}, {2, 4}, {1, 3}], [{8, 7}, {5, 6}, {3, 4}, {1, 2}], [{8, 7}, {5, 6}, {4}, {3}, {1, 2}], [{8, 7}, {6}, {5}, {2, 4}, {1, 3}], [{8, 7}, {6}, {5}, {3, 4}, {1, 2}], [{8}, {1, 7}, {2, 6}, {4, 5}, {3}], [{8}, {1, 7}, {3, 6}, {4, 5}, {2}], [{8}, {1, 7}, {5, 6}, {3, 4}, {2}], [{8}, {1, 7}, {6}, {4, 5}, {2, 3}], [{8}, {2, 7}, {1, 6}, {4, 5}, {3}], [{8}, {2, 7}, {3, 6}, {4, 5}, {1}], [{8}, {2, 7}, {4, 6}, {5}, {1, 3}], [{8}, {2, 7}, {5, 6}, {1, 4}, {3}], [{8}, {2, 7}, {5, 6}, {3, 4}, {1}], [{8}, {2, 7}, {5, 6}, {4}, {1, 3}], [{8}, {2, 7}, {6}, {4, 5}, {1, 3}], [{8}, {2, 7}, {6}, {5}, {4}, {1, 3}], [{8}, {3, 7}, {1, 6}, {4, 5}, {2}], [{8}, {3, 7}, {2, 6}, {4, 5}, {1}], [{8}, {3, 7}, {6}, {4, 5}, {1, 2}], [{8}, {3, 7}, {6}, {4, 5}, {2}, {1}], [{8}, {4, 7}, {1, 6}, {2, 5}, {3}], [{8}, {4, 7}, {2, 6}, {5}, {1, 3}], [{8}, {4, 7}, {6}, {3, 5}, {1, 2}], [{8}, {5, 7}, {2, 6}, {4}, {1, 3}], [{8}, {5, 7}, {3, 6}, {2, 4}, {1}], [{8}, {6, 7}, {2, 5}, {4}, {1, 3}], [{8}, {6, 7}, {4, 5}, {1, 3}, {2}], [{8}, {6, 7}, {4, 5}, {2, 3}, {1}], [{8}, {6, 7}, {4, 5}, {3}, {1, 2}], [{8}, {6, 7}, {5}, {2, 4}, {1, 3}], [{8}, {6, 7}, {5}, {4}, {1, 3}, {2}], [{8}, {7}, {1, 6}, {4, 5}, {2, 3}], [{8}, {7}, {2, 6}, {1, 5}, {3, 4}], [{8}, {7}, {2, 6}, {3, 5}, {1, 4}], [{8}, {7}, {2, 6}, {4, 5}, {1, 3}], [{8}, {7}, {2, 6}, {4, 5}, {3}, {1}], [{8}, {7}, {2, 6}, {5}, {4}, {1, 3}], [{8}, {7}, {3, 6}, {2, 5}, {1, 4}], [{8}, {7}, {3, 6}, {4, 5}, {1, 2}], [{8}, {7}, {5, 6}, {3, 4}, {1, 2}]]",2,20 K_1^3 - 38 K_1^2 - 20 K_1 K_2 - 5 K_1 + 19 K_2 + 5 K_3 + 20,O1O2O3O4U3U1U5O6U7O8O7U4U8O5U2U6,O1O2O3U4U3U5U2O6O5U1O7O4U8U7O8U6,O1O2O3U4O5U6U5O7O6U3O8O4U2U8U1U7,c,{'O1O2O3O4U5U3O6U7U1O8O7U8O5U6U4U2'},1,"<a href=""/flatknot/8.850689"">8.850689</a>",t^9-16t^7-38t^6-30t^5+8t^4+40t^3+28t^2-4t-4,-t^2+2t,,
8.850690,O1O2O3O4U5U3O6U7U2O8O7U1O5U6U4U8,4,z^3+19z^2+101z+135,w^4z^3+19w^3z^2+101w^2z+135w,False,False,"[[ 0 -2  0  0  2 -1  0  0  1],[ 2  0  1  0  3  0  1  1  1],[ 0 -1  0  0  1  0 -1  0  0],[ 0  0  0  0  0  0 -1  0  0],[-2 -3 -1  0  0 -1 -1 -2  0],[ 1  0  0  0  1  0  0  1  1],[ 0 -1  1  1  1  0  0  0  0],[ 0 -1  0  0  2 -1  0  0  1],[-1 -1  0  0  0 -1  0 -1  0]]","[[ 0  2  1  0  0  0  0 -1 -2],[-2  0  0  0 -1 -1 -2 -1 -3],[-1  0  0  0  0  0 -1 -1 -1],[ 0  0  0  0  0 -1  0  0  0],[ 0  1  0  0  0 -1  0  0 -1],[ 0  1  0  1  1  0  0  0 -1],[ 0  2  1  0  0  0  0 -1 -1],[ 1  1  1  0  0  0  1  0  0],[ 2  3  1  0  1  1  1  0  0]]",True,"[-2,-1,0,0,0,0,1,2,0,0,1,1,2,1,3,0,0,0,1,1,1,0,1,0,0,0,1,0,0,1,0,0,1,1,1,0]","[-2,-1,0,0,0,0,1,2,0,0,1,1,1,1,3,0,0,0,1,1,1,-1,0,0,0,0,1,0,0,1,0,0,1,1,2,0]",t^8+25t^6+68t^4+31t^2+1,"[-2,-1,0,0,0,0,1,2,1,1,1,1,2,2,1,0,1,1,1,1,2,0,0,0,0,0,-1,-1,1,1,0,1,1,1,2,1]","[-2,-1,0,0,0,0,1,2,1,0,1,1,2,2,1,0,1,1,1,1,2,0,0,0,0,1,-1,0,1,1,1,1,1,1,2,1]","[-2,-1,0,0,0,0,1,2,0,0,1,1,1,1,3,0,0,0,1,1,1,-1,0,0,0,0,1,0,0,1,0,0,1,1,2,0]",c,"[[{8, 5}, {2, 7}, {1, 6}, {3, 4}], [{8, 5}, {2, 7}, {3, 6}, {1, 4}], [{8, 5}, {2, 7}, {4, 6}, {1, 3}], [{8, 5}, {3, 7}, {1, 6}, {2, 4}], [{8, 5}, {3, 7}, {2, 6}, {1, 4}], [{8, 5}, {3, 7}, {4, 6}, {1, 2}], [{8, 5}, {6, 7}, {1, 4}, {2, 3}], [{8, 5}, {6, 7}, {1, 4}, {3}, {2}]]",1,24 K_1^3 - 40 K_1^2 - 24 K_1 K_2 - 6 K_1 + 20 K_2 + 6 K_3 + 21,O1O2O3O4U5U1U6O7U4O8O5U3U8O6U2U7,O1O2O3U4U5U6U2O7O6U1O8O5U3U8O4U7,O1O2O3U4O5U6U1O7O6U3O8O4U2U8U7U5,c,{'O1O2O3O4U5U3O6U7U2O8O7U1O5U6U4U8'},1,"<a href=""/flatknot/8.850690"">8.850690</a>",t^9-25t^7-36t^6+72t^5+110t^4-28t^3-42t^2+3t+4,0,,
8.850691,O1O2O3O4U5U3O6U7U2O8O7U1O5U6U8U4,3,7z^2+38z+49,7w^3z^2-6w^3z+44w^2z+49w,False,False,"[[ 0 -2  0  0  3 -1  0  0  0],[ 2  0  1  0  4  0  1  1  0],[ 0 -1  0  0  1  0 -1  0 -1],[ 0  0  0  0  0  0 -1  0 -1],[-3 -4 -1  0  0 -1 -2 -2 -1],[ 1  0  0  0  1  0  0  1  0],[ 0 -1  1  1  2  0  0  0  0],[ 0 -1  0  0  2 -1  0  0  0],[ 0  0  1  1  1  0  0  0  0]]","[[ 0  3  0  0  0  0  0 -1 -2],[-3  0  0 -1 -1 -2 -2 -1 -4],[ 0  0  0  0 -1  0 -1  0  0],[ 0  1  0  0 -1  0 -1  0 -1],[ 0  1  1  1  0  0  0  0  0],[ 0  2  0  0  0  0  0 -1 -1],[ 0  2  1  1  0  0  0  0 -1],[ 1  1  0  0  0  1  0  0  0],[ 2  4  0  1  0  1  1  0  0]]",True,"[-3,0,0,0,0,0,1,2,0,1,1,2,2,1,4,0,1,0,1,0,0,1,0,1,0,1,0,0,0,0,0,1,1,0,1,0]","[-3,0,0,0,0,0,1,2,0,1,1,2,2,1,4,0,1,0,1,0,0,1,0,1,0,1,0,0,0,0,0,1,1,0,1,0]",t^8+35t^6+108t^4+43t^2,"[-2,-1,0,0,0,0,0,3,1,1,1,1,2,2,1,0,1,1,1,1,3,0,0,0,0,1,-1,-1,0,1,0,1,2,1,3,2]","[-3,0,0,0,0,0,1,2,1,1,2,2,3,3,1,0,0,0,0,0,1,0,1,1,1,1,1,1,1,2,0,1,1,1,2,1]","[-2,-1,0,0,0,0,0,3,0,0,0,1,1,1,4,0,0,0,0,1,1,-1,-1,0,0,0,0,1,0,1,1,0,2,0,1,2]",c,"[[{8, 1}, {2, 7}, {3, 6}, {4, 5}], [{8, 1}, {2, 7}, {4, 6}, {3, 5}], [{8, 1}, {2, 7}, {4, 6}, {5}, {3}], [{8, 1}, {2, 7}, {5, 6}, {3, 4}], [{8, 1}, {2, 7}, {5, 6}, {4}, {3}], [{8, 1}, {2, 7}, {6}, {4, 5}, {3}], [{8, 1}, {3, 7}, {2, 6}, {4, 5}], [{8, 1}, {3, 7}, {2, 6}, {5}, {4}], [{8, 1}, {3, 7}, {4, 6}, {2, 5}], [{8, 1}, {3, 7}, {5, 6}, {2, 4}], [{8, 1}, {3, 7}, {6}, {4, 5}, {2}], [{8, 1}, {4, 7}, {2, 6}, {3, 5}], [{8, 1}, {4, 7}, {3, 6}, {2, 5}], [{8, 1}, {4, 7}, {3, 6}, {5}, {2}], [{8, 1}, {4, 7}, {5, 6}, {2, 3}], [{8, 1}, {5, 7}, {2, 6}, {3, 4}], [{8, 1}, {5, 7}, {3, 6}, {2, 4}], [{8, 1}, {5, 7}, {3, 6}, {4}, {2}], [{8, 1}, {5, 7}, {4, 6}, {2, 3}], [{8, 1}, {6, 7}, {2, 5}, {3, 4}], [{8, 1}, {6, 7}, {3, 5}, {2, 4}], [{8, 1}, {6, 7}, {3, 5}, {4}, {2}], [{8, 1}, {6, 7}, {4, 5}, {2, 3}], [{8, 1}, {6, 7}, {4, 5}, {3}, {2}], [{8, 1}, {6, 7}, {5}, {3, 4}, {2}], [{8, 1}, {7}, {2, 6}, {4, 5}, {3}], [{8, 1}, {7}, {3, 6}, {4, 5}, {2}], [{8, 1}, {7}, {6}, {4, 5}, {2, 3}], [{8, 1}, {7}, {6}, {4, 5}, {3}, {2}], [{8, 2}, {1, 7}, {3, 6}, {4, 5}], [{8, 2}, {1, 7}, {3, 6}, {5}, {4}], [{8, 2}, {1, 7}, {4, 6}, {3, 5}], [{8, 2}, {1, 7}, {5, 6}, {3, 4}], [{8, 2}, {1, 7}, {6}, {4, 5}, {3}], [{8, 2}, {3, 7}, {1, 6}, {4, 5}], [{8, 2}, {3, 7}, {4, 6}, {1, 5}], [{8, 2}, {3, 7}, {5, 6}, {1, 4}], [{8, 2}, {3, 7}, {6}, {1, 5}, {4}], [{8, 2}, {3, 7}, {6}, {4, 5}, {1}], [{8, 2}, {3, 7}, {6}, {5}, {1, 4}], [{8, 2}, {4, 7}, {1, 6}, {3, 5}], [{8, 2}, {4, 7}, {3, 6}, {1, 5}], [{8, 2}, {4, 7}, {3, 6}, {5}, {1}], [{8, 2}, {4, 7}, {5, 6}, {1, 3}], [{8, 2}, {4, 7}, {6}, {1, 5}, {3}], [{8, 2}, {5, 7}, {1, 6}, {3, 4}], [{8, 2}, {5, 7}, {3, 6}, {1, 4}], [{8, 2}, {5, 7}, {3, 6}, {4}, {1}], [{8, 2}, {5, 7}, {4, 6}, {1, 3}], [{8, 2}, {5, 7}, {6}, {1, 4}, {3}], [{8, 2}, {6, 7}, {1, 5}, {3, 4}], [{8, 2}, {6, 7}, {1, 5}, {4}, {3}], [{8, 2}, {6, 7}, {3, 5}, {1, 4}], [{8, 2}, {6, 7}, {3, 5}, {4}, {1}], [{8, 2}, {6, 7}, {4, 5}, {1, 3}], [{8, 2}, {6, 7}, {4, 5}, {3}, {1}], [{8, 2}, {6, 7}, {5}, {1, 4}, {3}], [{8, 2}, {6, 7}, {5}, {3, 4}, {1}], [{8, 2}, {6, 7}, {5}, {4}, {1, 3}], [{8, 2}, {7}, {1, 6}, {4, 5}, {3}], [{8, 2}, {7}, {3, 6}, {1, 5}, {4}], [{8, 2}, {7}, {3, 6}, {4, 5}, {1}], [{8, 2}, {7}, {3, 6}, {5}, {1, 4}], [{8, 2}, {7}, {4, 6}, {1, 5}, {3}], [{8, 2}, {7}, {5, 6}, {1, 4}, {3}], [{8, 2}, {7}, {6}, {1, 5}, {3, 4}], [{8, 2}, {7}, {6}, {1, 5}, {4}, {3}], [{8, 2}, {7}, {6}, {3, 5}, {1, 4}], [{8, 2}, {7}, {6}, {4, 5}, {1, 3}], [{8, 2}, {7}, {6}, {4, 5}, {3}, {1}], [{8, 2}, {7}, {6}, {5}, {1, 4}, {3}], [{8, 3}, {1, 7}, {2, 6}, {4, 5}], [{8, 3}, {1, 7}, {4, 6}, {2, 5}], [{8, 3}, {1, 7}, {5, 6}, {2, 4}], [{8, 3}, {1, 7}, {6}, {4, 5}, {2}], [{8, 3}, {2, 7}, {1, 6}, {4, 5}], [{8, 3}, {2, 7}, {4, 6}, {1, 5}], [{8, 3}, {2, 7}, {5, 6}, {1, 4}], [{8, 3}, {2, 7}, {6}, {1, 5}, {4}], [{8, 3}, {2, 7}, {6}, {4, 5}, {1}], [{8, 3}, {2, 7}, {6}, {5}, {1, 4}], [{8, 3}, {4, 7}, {1, 6}, {2, 5}], [{8, 3}, {4, 7}, {2, 6}, {1, 5}], [{8, 3}, {4, 7}, {5, 6}, {1, 2}], [{8, 3}, {4, 7}, {6}, {1, 5}, {2}], [{8, 3}, {5, 7}, {1, 6}, {2, 4}], [{8, 3}, {5, 7}, {2, 6}, {1, 4}], [{8, 3}, {5, 7}, {4, 6}, {1, 2}], [{8, 3}, {5, 7}, {6}, {1, 4}, {2}], [{8, 3}, {6, 7}, {1, 5}, {2, 4}], [{8, 3}, {6, 7}, {1, 5}, {4}, {2}], [{8, 3}, {6, 7}, {2, 5}, {1, 4}], [{8, 3}, {6, 7}, {4, 5}, {1, 2}], [{8, 3}, {6, 7}, {4, 5}, {2}, {1}], [{8, 3}, {6, 7}, {5}, {1, 4}, {2}], [{8, 3}, {7}, {1, 6}, {4, 5}, {2}], [{8, 3}, {7}, {2, 6}, {1, 5}, {4}], [{8, 3}, {7}, {2, 6}, {4, 5}, {1}], [{8, 3}, {7}, {2, 6}, {5}, {1, 4}], [{8, 3}, {7}, {4, 6}, {1, 5}, {2}], [{8, 3}, {7}, {5, 6}, {1, 4}, {2}], [{8, 3}, {7}, {6}, {1, 5}, {2, 4}], [{8, 3}, {7}, {6}, {1, 5}, {4}, {2}], [{8, 3}, {7}, {6}, {2, 5}, {1, 4}], [{8, 3}, {7}, {6}, {4, 5}, {1, 2}], [{8, 3}, {7}, {6}, {4, 5}, {2}, {1}], [{8, 3}, {7}, {6}, {5}, {1, 4}, {2}], [{8, 4}, {1, 7}, {2, 6}, {3, 5}], [{8, 4}, {1, 7}, {3, 6}, {2, 5}], [{8, 4}, {1, 7}, {3, 6}, {5}, {2}], [{8, 4}, {1, 7}, {5, 6}, {2, 3}], [{8, 4}, {2, 7}, {1, 6}, {3, 5}], [{8, 4}, {2, 7}, {1, 6}, {5}, {3}], [{8, 4}, {2, 7}, {3, 6}, {1, 5}], [{8, 4}, {2, 7}, {5, 6}, {1, 3}], [{8, 4}, {2, 7}, {5, 6}, {3}, {1}], [{8, 4}, {2, 7}, {6}, {1, 5}, {3}], [{8, 4}, {3, 7}, {1, 6}, {2, 5}], [{8, 4}, {3, 7}, {2, 6}, {1, 5}], [{8, 4}, {3, 7}, {2, 6}, {5}, {1}], [{8, 4}, {3, 7}, {5, 6}, {1, 2}], [{8, 4}, {3, 7}, {6}, {1, 5}, {2}], [{8, 4}, {5, 7}, {1, 6}, {2, 3}], [{8, 4}, {5, 7}, {2, 6}, {1, 3}], [{8, 4}, {5, 7}, {3, 6}, {1, 2}], [{8, 4}, {5, 7}, {3, 6}, {2}, {1}], [{8, 4}, {6, 7}, {1, 5}, {2, 3}], [{8, 4}, {6, 7}, {1, 5}, {3}, {2}], [{8, 4}, {6, 7}, {2, 5}, {1, 3}], [{8, 4}, {6, 7}, {3, 5}, {1, 2}], [{8, 4}, {6, 7}, {3, 5}, {2}, {1}], [{8, 4}, {6, 7}, {5}, {1, 3}, {2}], [{8, 4}, {7}, {2, 6}, {1, 5}, {3}], [{8, 4}, {7}, {3, 6}, {1, 5}, {2}], [{8, 4}, {7}, {6}, {1, 5}, {2, 3}], [{8, 4}, {7}, {6}, {1, 5}, {3}, {2}], [{8, 5}, {1, 7}, {2, 6}, {3, 4}], [{8, 5}, {1, 7}, {3, 6}, {2, 4}], [{8, 5}, {1, 7}, {3, 6}, {4}, {2}], [{8, 5}, {1, 7}, {4, 6}, {2, 3}], [{8, 5}, {2, 7}, {1, 6}, {3, 4}], [{8, 5}, {2, 7}, {1, 6}, {4}, {3}], [{8, 5}, {2, 7}, {3, 6}, {1, 4}], [{8, 5}, {2, 7}, {4, 6}, {1, 3}], [{8, 5}, {2, 7}, {4, 6}, {3}, {1}], [{8, 5}, {2, 7}, {6}, {1, 4}, {3}], [{8, 5}, {3, 7}, {1, 6}, {2, 4}], [{8, 5}, {3, 7}, {2, 6}, {1, 4}], [{8, 5}, {3, 7}, {2, 6}, {4}, {1}], [{8, 5}, {3, 7}, {4, 6}, {1, 2}], [{8, 5}, {3, 7}, {6}, {1, 4}, {2}], [{8, 5}, {4, 7}, {1, 6}, {2, 3}], [{8, 5}, {4, 7}, {2, 6}, {1, 3}], [{8, 5}, {4, 7}, {3, 6}, {1, 2}], [{8, 5}, {4, 7}, {3, 6}, {2}, {1}], [{8, 5}, {6, 7}, {1, 4}, {2, 3}], [{8, 5}, {6, 7}, {1, 4}, {3}, {2}], [{8, 5}, {6, 7}, {2, 4}, {1, 3}], [{8, 5}, {6, 7}, {3, 4}, {1, 2}], [{8, 5}, {6, 7}, {3, 4}, {2}, {1}], [{8, 5}, {6, 7}, {4}, {1, 3}, {2}], [{8, 5}, {7}, {2, 6}, {1, 4}, {3}], [{8, 5}, {7}, {3, 6}, {1, 4}, {2}], [{8, 5}, {7}, {6}, {1, 4}, {2, 3}], [{8, 5}, {7}, {6}, {1, 4}, {3}, {2}], [{8, 6}, {1, 7}, {2, 5}, {3, 4}], [{8, 6}, {1, 7}, {3, 5}, {2, 4}], [{8, 6}, {1, 7}, {4, 5}, {2, 3}], [{8, 6}, {1, 7}, {4, 5}, {3}, {2}], [{8, 6}, {2, 7}, {1, 5}, {3, 4}], [{8, 6}, {2, 7}, {1, 5}, {4}, {3}], [{8, 6}, {2, 7}, {3, 5}, {1, 4}], [{8, 6}, {2, 7}, {4, 5}, {1, 3}], [{8, 6}, {2, 7}, {4, 5}, {3}, {1}], [{8, 6}, {2, 7}, {5}, {1, 4}, {3}], [{8, 6}, {3, 7}, {1, 5}, {2, 4}], [{8, 6}, {3, 7}, {1, 5}, {4}, {2}], [{8, 6}, {3, 7}, {2, 5}, {1, 4}], [{8, 6}, {3, 7}, {4, 5}, {1, 2}], [{8, 6}, {3, 7}, {4, 5}, {2}, {1}], [{8, 6}, {3, 7}, {5}, {1, 4}, {2}], [{8, 6}, {4, 7}, {1, 5}, {2, 3}], [{8, 6}, {4, 7}, {1, 5}, {3}, {2}], [{8, 6}, {4, 7}, {2, 5}, {1, 3}], [{8, 6}, {4, 7}, {3, 5}, {1, 2}], [{8, 6}, {5, 7}, {1, 4}, {2, 3}], [{8, 6}, {5, 7}, {1, 4}, {3}, {2}], [{8, 6}, {5, 7}, {2, 4}, {1, 3}], [{8, 6}, {5, 7}, {3, 4}, {1, 2}], [{8, 6}, {7}, {1, 5}, {2, 4}, {3}], [{8, 6}, {7}, {1, 5}, {3, 4}, {2}], [{8, 6}, {7}, {1, 5}, {4}, {2, 3}], [{8, 6}, {7}, {1, 5}, {4}, {3}, {2}], [{8, 6}, {7}, {2, 5}, {1, 4}, {3}], [{8, 6}, {7}, {3, 5}, {1, 4}, {2}], [{8, 6}, {7}, {4, 5}, {1, 3}, {2}], [{8, 6}, {7}, {4, 5}, {2, 3}, {1}], [{8, 6}, {7}, {4, 5}, {3}, {1, 2}], [{8, 6}, {7}, {4, 5}, {3}, {2}, {1}], [{8, 6}, {7}, {5}, {1, 4}, {2, 3}], [{8, 6}, {7}, {5}, {1, 4}, {3}, {2}], [{8, 7}, {1, 6}, {2, 5}, {3, 4}], [{8, 7}, {1, 6}, {3, 5}, {2, 4}], [{8, 7}, {1, 6}, {4, 5}, {2, 3}], [{8, 7}, {1, 6}, {4, 5}, {3}, {2}], [{8, 7}, {2, 6}, {1, 5}, {3, 4}], [{8, 7}, {2, 6}, {1, 5}, {4}, {3}], [{8, 7}, {2, 6}, {3, 5}, {1, 4}], [{8, 7}, {2, 6}, {4, 5}, {1, 3}], [{8, 7}, {2, 6}, {4, 5}, {3}, {1}], [{8, 7}, {2, 6}, {5}, {1, 4}, {3}], [{8, 7}, {3, 6}, {1, 5}, {2, 4}], [{8, 7}, {3, 6}, {1, 5}, {4}, {2}], [{8, 7}, {3, 6}, {2, 5}, {1, 4}], [{8, 7}, {3, 6}, {4, 5}, {1, 2}], [{8, 7}, {3, 6}, {4, 5}, {2}, {1}], [{8, 7}, {3, 6}, {5}, {1, 4}, {2}], [{8, 7}, {4, 6}, {1, 5}, {2, 3}], [{8, 7}, {4, 6}, {1, 5}, {3}, {2}], [{8, 7}, {4, 6}, {2, 5}, {1, 3}], [{8, 7}, {4, 6}, {3, 5}, {1, 2}], [{8, 7}, {5, 6}, {1, 4}, {2, 3}], [{8, 7}, {5, 6}, {1, 4}, {3}, {2}], [{8, 7}, {5, 6}, {2, 4}, {1, 3}], [{8, 7}, {5, 6}, {3, 4}, {1, 2}], [{8, 7}, {6}, {1, 5}, {2, 4}, {3}], [{8, 7}, {6}, {1, 5}, {3, 4}, {2}], [{8, 7}, {6}, {1, 5}, {4}, {2, 3}], [{8, 7}, {6}, {1, 5}, {4}, {3}, {2}], [{8, 7}, {6}, {2, 5}, {1, 4}, {3}], [{8, 7}, {6}, {3, 5}, {1, 4}, {2}], [{8, 7}, {6}, {4, 5}, {1, 3}, {2}], [{8, 7}, {6}, {4, 5}, {2, 3}, {1}], [{8, 7}, {6}, {4, 5}, {3}, {1, 2}], [{8, 7}, {6}, {4, 5}, {3}, {2}, {1}], [{8, 7}, {6}, {5}, {1, 4}, {2, 3}], [{8, 7}, {6}, {5}, {1, 4}, {3}, {2}], [{8}, {1, 7}, {2, 6}, {4, 5}, {3}], [{8}, {1, 7}, {3, 6}, {2, 5}, {4}], [{8}, {1, 7}, {3, 6}, {4, 5}, {2}], [{8}, {1, 7}, {3, 6}, {5}, {2, 4}], [{8}, {1, 7}, {3, 6}, {5}, {4}, {2}], [{8}, {1, 7}, {4, 6}, {3, 5}, {2}], [{8}, {1, 7}, {5, 6}, {3, 4}, {2}], [{8}, {1, 7}, {6}, {4, 5}, {2, 3}], [{8}, {1, 7}, {6}, {4, 5}, {3}, {2}], [{8}, {2, 7}, {1, 6}, {4, 5}, {3}], [{8}, {2, 7}, {3, 6}, {1, 5}, {4}], [{8}, {2, 7}, {3, 6}, {4, 5}, {1}], [{8}, {2, 7}, {3, 6}, {5}, {1, 4}], [{8}, {2, 7}, {4, 6}, {1, 5}, {3}], [{8}, {2, 7}, {5, 6}, {1, 4}, {3}], [{8}, {2, 7}, {6}, {1, 5}, {3, 4}], [{8}, {2, 7}, {6}, {1, 5}, {4}, {3}], [{8}, {2, 7}, {6}, {3, 5}, {1, 4}], [{8}, {2, 7}, {6}, {4, 5}, {1, 3}], [{8}, {2, 7}, {6}, {4, 5}, {3}, {1}], [{8}, {2, 7}, {6}, {5}, {1, 4}, {3}], [{8}, {3, 7}, {1, 6}, {4, 5}, {2}], [{8}, {3, 7}, {2, 6}, {1, 5}, {4}], [{8}, {3, 7}, {2, 6}, {4, 5}, {1}], [{8}, {3, 7}, {2, 6}, {5}, {1, 4}], [{8}, {3, 7}, {4, 6}, {1, 5}, {2}], [{8}, {3, 7}, {5, 6}, {1, 4}, {2}], [{8}, {3, 7}, {6}, {1, 5}, {2, 4}], [{8}, {3, 7}, {6}, {1, 5}, {4}, {2}], [{8}, {3, 7}, {6}, {2, 5}, {1, 4}], [{8}, {3, 7}, {6}, {4, 5}, {1, 2}], [{8}, {3, 7}, {6}, {4, 5}, {2}, {1}], [{8}, {3, 7}, {6}, {5}, {1, 4}, {2}], [{8}, {4, 7}, {1, 6}, {3, 5}, {2}], [{8}, {4, 7}, {2, 6}, {1, 5}, {3}], [{8}, {4, 7}, {3, 6}, {1, 5}, {2}], [{8}, {4, 7}, {3, 6}, {2, 5}, {1}], [{8}, {4, 7}, {3, 6}, {5}, {1, 2}], [{8}, {4, 7}, {3, 6}, {5}, {2}, {1}], [{8}, {4, 7}, {5, 6}, {1, 3}, {2}], [{8}, {4, 7}, {6}, {1, 5}, {2, 3}], [{8}, {4, 7}, {6}, {1, 5}, {3}, {2}], [{8}, {5, 7}, {1, 6}, {3, 4}, {2}], [{8}, {5, 7}, {2, 6}, {1, 4}, {3}], [{8}, {5, 7}, {3, 6}, {1, 4}, {2}], [{8}, {5, 7}, {3, 6}, {2, 4}, {1}], [{8}, {5, 7}, {3, 6}, {4}, {1, 2}], [{8}, {5, 7}, {3, 6}, {4}, {2}, {1}], [{8}, {5, 7}, {4, 6}, {1, 3}, {2}], [{8}, {5, 7}, {6}, {1, 4}, {2, 3}], [{8}, {5, 7}, {6}, {1, 4}, {3}, {2}], [{8}, {6, 7}, {1, 5}, {2, 4}, {3}], [{8}, {6, 7}, {1, 5}, {3, 4}, {2}], [{8}, {6, 7}, {1, 5}, {4}, {2, 3}], [{8}, {6, 7}, {1, 5}, {4}, {3}, {2}], [{8}, {6, 7}, {2, 5}, {1, 4}, {3}], [{8}, {6, 7}, {2, 5}, {3, 4}, {1}], [{8}, {6, 7}, {2, 5}, {4}, {1, 3}], [{8}, {6, 7}, {3, 5}, {1, 4}, {2}], [{8}, {6, 7}, {3, 5}, {2, 4}, {1}], [{8}, {6, 7}, {3, 5}, {4}, {1, 2}], [{8}, {6, 7}, {3, 5}, {4}, {2}, {1}], [{8}, {6, 7}, {4, 5}, {1, 3}, {2}], [{8}, {6, 7}, {4, 5}, {2, 3}, {1}], [{8}, {6, 7}, {4, 5}, {3}, {1, 2}], [{8}, {6, 7}, {4, 5}, {3}, {2}, {1}], [{8}, {6, 7}, {5}, {1, 4}, {2, 3}], [{8}, {6, 7}, {5}, {1, 4}, {3}, {2}], [{8}, {6, 7}, {5}, {2, 4}, {1, 3}], [{8}, {6, 7}, {5}, {3, 4}, {1, 2}], [{8}, {6, 7}, {5}, {3, 4}, {2}, {1}], [{8}, {6, 7}, {5}, {4}, {1, 3}, {2}], [{8}, {7}, {1, 6}, {4, 5}, {2, 3}], [{8}, {7}, {1, 6}, {4, 5}, {3}, {2}], [{8}, {7}, {2, 6}, {1, 5}, {3, 4}], [{8}, {7}, {2, 6}, {1, 5}, {4}, {3}], [{8}, {7}, {2, 6}, {3, 5}, {1, 4}], [{8}, {7}, {2, 6}, {4, 5}, {1, 3}], [{8}, {7}, {2, 6}, {4, 5}, {3}, {1}], [{8}, {7}, {2, 6}, {5}, {1, 4}, {3}], [{8}, {7}, {3, 6}, {1, 5}, {2, 4}], [{8}, {7}, {3, 6}, {1, 5}, {4}, {2}], [{8}, {7}, {3, 6}, {2, 5}, {1, 4}], [{8}, {7}, {3, 6}, {4, 5}, {1, 2}], [{8}, {7}, {3, 6}, {4, 5}, {2}, {1}], [{8}, {7}, {3, 6}, {5}, {1, 4}, {2}], [{8}, {7}, {4, 6}, {1, 5}, {2, 3}], [{8}, {7}, {4, 6}, {1, 5}, {3}, {2}], [{8}, {7}, {5, 6}, {1, 4}, {2, 3}], [{8}, {7}, {5, 6}, {1, 4}, {3}, {2}], [{8}, {7}, {6}, {1, 5}, {2, 4}, {3}], [{8}, {7}, {6}, {1, 5}, {3, 4}, {2}], [{8}, {7}, {6}, {1, 5}, {4}, {2, 3}], [{8}, {7}, {6}, {1, 5}, {4}, {3}, {2}], [{8}, {7}, {6}, {2, 5}, {1, 4}, {3}], [{8}, {7}, {6}, {3, 5}, {1, 4}, {2}], [{8}, {7}, {6}, {4, 5}, {1, 3}, {2}], [{8}, {7}, {6}, {4, 5}, {2, 3}, {1}], [{8}, {7}, {6}, {4, 5}, {3}, {1, 2}], [{8}, {7}, {6}, {4, 5}, {3}, {2}, {1}], [{8}, {7}, {6}, {5}, {1, 4}, {2, 3}], [{8}, {7}, {6}, {5}, {1, 4}, {3}, {2}]]",2,- 6 K_1^2 - 6 K_1 K_2 + 3 K_1 + 3 K_2 + 3 K_3 + 4,O1O2O3O4U1U5U6O7U4O8O5U3U8O6U2U7,O1O2O3U4U5U6U3O7O6U1O8O5U2U8O4U7,O1O2O3U4O5U6U2O7O6U3O8O4U1U8U7U5,c,"{'O1O2O3O4U5U6U2O7O6U3O8U1O5U8U7U4', 'O1O2O3O4U5U3O6U7U2O8O7U1O5U6U8U4', 'O1O2O3O4U5U3U6O7U2O6O8U1O5U8U7U4'}",3,"<a href=""/flatknot/8.850691"">8.850691</a>",t^9-31t^7-52t^6+97t^5+164t^4-34t^3-36t^2,-t^3+t^2+t,,
8.850692,O1O2O3O4U5U3O6U7U2O8O7U1O5U8U6U4,3,9z^2+46z+57,4w^5z^2-18w^4z^2+23w^3z^2-28w^3z+74w^2z+57w,False,False,"[[ 0 -2  0  0  3 -1  1  0 -1],[ 2  0  1  0  4  0  2  1 -1],[ 0 -1  0  0  1  0 -1  0 -2],[ 0  0  0  0  0  0 -1  0 -1],[-3 -4 -1  0  0 -1 -1 -2 -2],[ 1  0  0  0  1  0  0  1  0],[-1 -2  1  1  1  0  0  0 -1],[ 0 -1  0  0  2 -1  0  0 -1],[ 1  1  2  1  2  0  1  1  0]]","[[ 0  3  1  0  0  0 -1 -1 -2],[-3  0 -1  0 -1 -2 -1 -2 -4],[-1  1  0  1  1  0  0 -1 -2],[ 0  0 -1  0  0  0  0 -1  0],[ 0  1 -1  0  0  0  0 -2 -1],[ 0  2  0  0  0  0 -1 -1 -1],[ 1  1  0  0  0  1  0  0  0],[ 1  2  1  1  2  1  0  0  1],[ 2  4  2  0  1  1  0 -1  0]]",True,"[-3,-1,0,0,0,1,1,2,1,0,1,2,1,2,4,-1,-1,0,0,1,2,0,0,0,1,0,0,0,2,1,1,1,1,0,0,-1]","[-3,-1,0,0,0,1,1,2,1,0,1,2,1,2,4,-1,-1,0,0,1,2,0,0,0,1,0,0,0,2,1,1,1,1,0,0,-1]",t^8+44t^6+194t^4+136t^2,"[-2,-1,-1,0,0,0,1,3,1,2,1,1,2,1,1,0,0,1,1,2,3,0,-1,0,1,2,0,0,1,1,0,2,2,2,3,1]","[-3,-1,0,0,0,1,1,2,1,1,2,3,2,3,1,1,2,2,1,2,1,0,0,0,0,1,0,-1,1,1,0,1,2,0,2,1]","[-2,-1,-1,0,0,0,1,3,-1,0,0,1,1,2,4,0,1,1,2,1,2,0,1,0,0,1,0,0,-1,0,0,0,2,-1,1,1]",c,"[[{8, 1}, {2, 7}, {3, 6}, {4, 5}], [{8, 1}, {2, 7}, {4, 6}, {3, 5}], [{8, 1}, {2, 7}, {4, 6}, {5}, {3}], [{8, 1}, {2, 7}, {5, 6}, {3, 4}], [{8, 1}, {2, 7}, {5, 6}, {4}, {3}], [{8, 1}, {2, 7}, {6}, {4, 5}, {3}], [{8, 1}, {3, 7}, {2, 6}, {4, 5}], [{8, 1}, {3, 7}, {2, 6}, {5}, {4}], [{8, 1}, {3, 7}, {4, 6}, {2, 5}], [{8, 1}, {3, 7}, {5, 6}, {2, 4}], [{8, 1}, {3, 7}, {6}, {4, 5}, {2}], [{8, 1}, {4, 7}, {2, 6}, {3, 5}], [{8, 1}, {4, 7}, {3, 6}, {2, 5}], [{8, 1}, {4, 7}, {5, 6}, {2, 3}], [{8, 1}, {5, 7}, {2, 6}, {3, 4}], [{8, 1}, {5, 7}, {3, 6}, {2, 4}], [{8, 1}, {5, 7}, {4, 6}, {2, 3}], [{8, 1}, {6, 7}, {2, 5}, {3, 4}], [{8, 1}, {6, 7}, {3, 5}, {2, 4}], [{8, 1}, {6, 7}, {3, 5}, {4}, {2}], [{8, 1}, {6, 7}, {4, 5}, {2, 3}], [{8, 1}, {6, 7}, {4, 5}, {3}, {2}], [{8, 1}, {6, 7}, {5}, {3, 4}, {2}], [{8, 1}, {7}, {2, 6}, {4, 5}, {3}], [{8, 1}, {7}, {3, 6}, {4, 5}, {2}], [{8, 1}, {7}, {6}, {4, 5}, {2, 3}], [{8, 1}, {7}, {6}, {4, 5}, {3}, {2}], [{8, 2}, {1, 7}, {3, 6}, {4, 5}], [{8, 2}, {1, 7}, {4, 6}, {3, 5}], [{8, 2}, {1, 7}, {5, 6}, {3, 4}], [{8, 2}, {1, 7}, {6}, {4, 5}, {3}], [{8, 2}, {3, 7}, {1, 6}, {4, 5}], [{8, 2}, {3, 7}, {4, 6}, {1, 5}], [{8, 2}, {3, 7}, {5, 6}, {1, 4}], [{8, 2}, {3, 7}, {6}, {4, 5}, {1}], [{8, 2}, {4, 7}, {1, 6}, {3, 5}], [{8, 2}, {4, 7}, {3, 6}, {1, 5}], [{8, 2}, {4, 7}, {5, 6}, {1, 3}], [{8, 2}, {5, 7}, {1, 6}, {3, 4}], [{8, 2}, {5, 7}, {3, 6}, {1, 4}], [{8, 2}, {5, 7}, {4, 6}, {1, 3}], [{8, 2}, {6, 7}, {1, 5}, {3, 4}], [{8, 2}, {6, 7}, {3, 5}, {1, 4}], [{8, 2}, {6, 7}, {4, 5}, {1, 3}], [{8, 2}, {6, 7}, {4, 5}, {3}, {1}], [{8, 2}, {7}, {1, 6}, {3, 5}, {4}], [{8, 2}, {7}, {1, 6}, {4, 5}, {3}], [{8, 2}, {7}, {1, 6}, {5}, {3, 4}], [{8, 2}, {7}, {3, 6}, {4, 5}, {1}], [{8, 2}, {7}, {6}, {4, 5}, {1, 3}], [{8, 2}, {7}, {6}, {4, 5}, {3}, {1}], [{8, 3}, {1, 7}, {2, 6}, {4, 5}], [{8, 3}, {1, 7}, {4, 6}, {2, 5}], [{8, 3}, {1, 7}, {5, 6}, {2, 4}], [{8, 3}, {1, 7}, {6}, {4, 5}, {2}], [{8, 3}, {2, 7}, {1, 6}, {4, 5}], [{8, 3}, {2, 7}, {4, 6}, {1, 5}], [{8, 3}, {2, 7}, {5, 6}, {1, 4}], [{8, 3}, {2, 7}, {6}, {4, 5}, {1}], [{8, 3}, {4, 7}, {1, 6}, {2, 5}], [{8, 3}, {4, 7}, {2, 6}, {1, 5}], [{8, 3}, {4, 7}, {5, 6}, {1, 2}], [{8, 3}, {4, 7}, {6}, {1, 5}, {2}], [{8, 3}, {5, 7}, {1, 6}, {2, 4}], [{8, 3}, {5, 7}, {2, 6}, {1, 4}], [{8, 3}, {5, 7}, {4, 6}, {1, 2}], [{8, 3}, {5, 7}, {6}, {1, 4}, {2}], [{8, 3}, {6, 7}, {1, 5}, {2, 4}], [{8, 3}, {6, 7}, {2, 5}, {1, 4}], [{8, 3}, {6, 7}, {4, 5}, {1, 2}], [{8, 3}, {6, 7}, {4, 5}, {2}, {1}], [{8, 3}, {7}, {1, 6}, {4, 5}, {2}], [{8, 3}, {7}, {2, 6}, {4, 5}, {1}], [{8, 3}, {7}, {6}, {4, 5}, {1, 2}], [{8, 3}, {7}, {6}, {4, 5}, {2}, {1}], [{8, 4}, {1, 7}, {2, 6}, {3, 5}], [{8, 4}, {1, 7}, {3, 6}, {2, 5}], [{8, 4}, {1, 7}, {5, 6}, {2, 3}], [{8, 4}, {1, 7}, {6}, {2, 5}, {3}], [{8, 4}, {2, 7}, {1, 6}, {3, 5}], [{8, 4}, {2, 7}, {1, 6}, {5}, {3}], [{8, 4}, {2, 7}, {3, 6}, {1, 5}], [{8, 4}, {2, 7}, {5, 6}, {1, 3}], [{8, 4}, {2, 7}, {5, 6}, {3}, {1}], [{8, 4}, {2, 7}, {6}, {1, 5}, {3}], [{8, 4}, {3, 7}, {1, 6}, {2, 5}], [{8, 4}, {3, 7}, {2, 6}, {1, 5}], [{8, 4}, {3, 7}, {5, 6}, {1, 2}], [{8, 4}, {5, 7}, {1, 6}, {2, 3}], [{8, 4}, {5, 7}, {2, 6}, {1, 3}], [{8, 4}, {5, 7}, {3, 6}, {1, 2}], [{8, 4}, {6, 7}, {1, 5}, {2, 3}], [{8, 4}, {6, 7}, {2, 5}, {1, 3}], [{8, 4}, {6, 7}, {3, 5}, {1, 2}], [{8, 4}, {6, 7}, {5}, {1, 3}, {2}], [{8, 4}, {6, 7}, {5}, {2, 3}, {1}], [{8, 4}, {6, 7}, {5}, {3}, {1, 2}], [{8, 5}, {1, 7}, {2, 6}, {3, 4}], [{8, 5}, {1, 7}, {3, 6}, {2, 4}], [{8, 5}, {1, 7}, {4, 6}, {2, 3}], [{8, 5}, {1, 7}, {6}, {2, 4}, {3}], [{8, 5}, {2, 7}, {1, 6}, {3, 4}], [{8, 5}, {2, 7}, {1, 6}, {4}, {3}], [{8, 5}, {2, 7}, {3, 6}, {1, 4}], [{8, 5}, {2, 7}, {4, 6}, {1, 3}], [{8, 5}, {2, 7}, {4, 6}, {3}, {1}], [{8, 5}, {2, 7}, {6}, {1, 4}, {3}], [{8, 5}, {3, 7}, {1, 6}, {2, 4}], [{8, 5}, {3, 7}, {2, 6}, {1, 4}], [{8, 5}, {3, 7}, {4, 6}, {1, 2}], [{8, 5}, {4, 7}, {1, 6}, {2, 3}], [{8, 5}, {4, 7}, {2, 6}, {1, 3}], [{8, 5}, {4, 7}, {3, 6}, {1, 2}], [{8, 5}, {6, 7}, {1, 4}, {2, 3}], [{8, 5}, {6, 7}, {2, 4}, {1, 3}], [{8, 5}, {6, 7}, {3, 4}, {1, 2}], [{8, 5}, {6, 7}, {4}, {1, 3}, {2}], [{8, 5}, {6, 7}, {4}, {2, 3}, {1}], [{8, 5}, {6, 7}, {4}, {3}, {1, 2}], [{8, 6}, {1, 7}, {2, 5}, {3, 4}], [{8, 6}, {1, 7}, {3, 5}, {2, 4}], [{8, 6}, {1, 7}, {4, 5}, {2, 3}], [{8, 6}, {1, 7}, {4, 5}, {3}, {2}], [{8, 6}, {2, 7}, {1, 5}, {3, 4}], [{8, 6}, {2, 7}, {1, 5}, {4}, {3}], [{8, 6}, {2, 7}, {3, 5}, {1, 4}], [{8, 6}, {2, 7}, {4, 5}, {1, 3}], [{8, 6}, {2, 7}, {4, 5}, {3}, {1}], [{8, 6}, {2, 7}, {5}, {1, 4}, {3}], [{8, 6}, {3, 7}, {1, 5}, {2, 4}], [{8, 6}, {3, 7}, {1, 5}, {4}, {2}], [{8, 6}, {3, 7}, {2, 5}, {1, 4}], [{8, 6}, {3, 7}, {4, 5}, {1, 2}], [{8, 6}, {3, 7}, {4, 5}, {2}, {1}], [{8, 6}, {3, 7}, {5}, {1, 4}, {2}], [{8, 6}, {4, 7}, {1, 5}, {2, 3}], [{8, 6}, {4, 7}, {1, 5}, {3}, {2}], [{8, 6}, {4, 7}, {2, 5}, {1, 3}], [{8, 6}, {4, 7}, {3, 5}, {1, 2}], [{8, 6}, {5, 7}, {1, 4}, {2, 3}], [{8, 6}, {5, 7}, {1, 4}, {3}, {2}], [{8, 6}, {5, 7}, {2, 4}, {1, 3}], [{8, 6}, {5, 7}, {3, 4}, {1, 2}], [{8, 6}, {7}, {1, 5}, {2, 4}, {3}], [{8, 6}, {7}, {1, 5}, {3, 4}, {2}], [{8, 6}, {7}, {1, 5}, {4}, {2, 3}], [{8, 6}, {7}, {1, 5}, {4}, {3}, {2}], [{8, 6}, {7}, {2, 5}, {1, 4}, {3}], [{8, 6}, {7}, {3, 5}, {1, 4}, {2}], [{8, 6}, {7}, {4, 5}, {1, 3}, {2}], [{8, 6}, {7}, {4, 5}, {2, 3}, {1}], [{8, 6}, {7}, {4, 5}, {3}, {1, 2}], [{8, 6}, {7}, {4, 5}, {3}, {2}, {1}], [{8, 6}, {7}, {5}, {1, 4}, {2, 3}], [{8, 6}, {7}, {5}, {1, 4}, {3}, {2}], [{8, 7}, {1, 6}, {2, 5}, {3, 4}], [{8, 7}, {1, 6}, {3, 5}, {2, 4}], [{8, 7}, {1, 6}, {4, 5}, {2, 3}], [{8, 7}, {1, 6}, {4, 5}, {3}, {2}], [{8, 7}, {2, 6}, {1, 5}, {3, 4}], [{8, 7}, {2, 6}, {3, 5}, {1, 4}], [{8, 7}, {2, 6}, {4, 5}, {1, 3}], [{8, 7}, {2, 6}, {4, 5}, {3}, {1}], [{8, 7}, {3, 6}, {1, 5}, {2, 4}], [{8, 7}, {3, 6}, {2, 5}, {1, 4}], [{8, 7}, {3, 6}, {4, 5}, {1, 2}], [{8, 7}, {3, 6}, {4, 5}, {2}, {1}], [{8, 7}, {4, 6}, {1, 5}, {2, 3}], [{8, 7}, {4, 6}, {2, 5}, {1, 3}], [{8, 7}, {4, 6}, {3, 5}, {1, 2}], [{8, 7}, {5, 6}, {1, 4}, {2, 3}], [{8, 7}, {5, 6}, {2, 4}, {1, 3}], [{8, 7}, {5, 6}, {3, 4}, {1, 2}], [{8, 7}, {6}, {4, 5}, {1, 3}, {2}], [{8, 7}, {6}, {4, 5}, {2, 3}, {1}], [{8, 7}, {6}, {4, 5}, {3}, {1, 2}], [{8, 7}, {6}, {4, 5}, {3}, {2}, {1}], [{8}, {1, 7}, {2, 6}, {4, 5}, {3}], [{8}, {1, 7}, {3, 6}, {4, 5}, {2}], [{8}, {1, 7}, {6}, {4, 5}, {2, 3}], [{8}, {1, 7}, {6}, {4, 5}, {3}, {2}], [{8}, {2, 7}, {1, 6}, {4, 5}, {3}], [{8}, {2, 7}, {3, 6}, {4, 5}, {1}], [{8}, {2, 7}, {4, 6}, {1, 5}, {3}], [{8}, {2, 7}, {5, 6}, {1, 4}, {3}], [{8}, {2, 7}, {6}, {4, 5}, {1, 3}], [{8}, {2, 7}, {6}, {4, 5}, {3}, {1}], [{8}, {3, 7}, {1, 6}, {4, 5}, {2}], [{8}, {3, 7}, {2, 6}, {4, 5}, {1}], [{8}, {3, 7}, {6}, {4, 5}, {1, 2}], [{8}, {3, 7}, {6}, {4, 5}, {2}, {1}], [{8}, {4, 7}, {3, 6}, {1, 5}, {2}], [{8}, {5, 7}, {3, 6}, {1, 4}, {2}], [{8}, {6, 7}, {4, 5}, {1, 3}, {2}], [{8}, {6, 7}, {4, 5}, {2, 3}, {1}], [{8}, {6, 7}, {4, 5}, {3}, {1, 2}], [{8}, {6, 7}, {4, 5}, {3}, {2}, {1}], [{8}, {7}, {1, 6}, {4, 5}, {2, 3}], [{8}, {7}, {1, 6}, {4, 5}, {3}, {2}], [{8}, {7}, {2, 6}, {4, 5}, {1, 3}], [{8}, {7}, {2, 6}, {4, 5}, {3}, {1}], [{8}, {7}, {3, 6}, {4, 5}, {1, 2}], [{8}, {7}, {3, 6}, {4, 5}, {2}, {1}], [{8}, {7}, {6}, {4, 5}, {1, 3}, {2}], [{8}, {7}, {6}, {4, 5}, {2, 3}, {1}], [{8}, {7}, {6}, {4, 5}, {3}, {1, 2}], [{8}, {7}, {6}, {4, 5}, {3}, {2}, {1}]]",2,- 8 K_1^4 + 4 K_1^3 + 8 K_1^2 K_2 - 16 K_1^2 - 6 K_1 K_2 - 2 K_1 K_3 + 9 K_2 + 2 K_3 + 10,O1O2O3O4U1U5U6O7U4O8O6U3U8O5U2U7,O1O2O3U4U5U6U3O7O6U2O8O5U1U8O4U7,O1O2O3U4O5U6U3O7O6U2O8O4U1U8U7U5,c,{'O1O2O3O4U5U3O6U7U2O8O7U1O5U8U6U4'},1,"<a href=""/flatknot/8.850692"">8.850692</a>",t^9-40t^7-100t^6+47t^5+238t^4+81t^3+84t^2+76t-24,-t^3+t^2+t,,
8.850693,O1O2O3O4U5U3O6U7U2O8O7U8O5U1U6U4,4,3z^3+29z^2+89z+87,3w^4z^3+29w^3z^2+89w^2z+87w,False,False,"[[ 0 -2  0  0  3 -1  1  0 -1],[ 2  0  2  1  4  0  1  2 -1],[ 0 -2  0  0  1  0 -1  0 -1],[ 0 -1  0  0  0  0 -1  0  0],[-3 -4 -1  0  0 -2 -1 -2 -1],[ 1  0  0  0  2  0  1  0  0],[-1 -1  1  1  1 -1  0  0 -1],[ 0 -2  0  0  2  0  0  0 -1],[ 1  1  1  0  1  0  1  1  0]]","[[ 0  3  1  0  0  0 -1 -1 -2],[-3  0 -1  0 -1 -2 -1 -2 -4],[-1  1  0  1  1  0 -1 -1 -1],[ 0  0 -1  0  0  0  0  0 -1],[ 0  1 -1  0  0  0 -1  0 -2],[ 0  2  0  0  0  0 -1  0 -2],[ 1  1  1  0  1  1  0  0  1],[ 1  2  1  0  0  0  0  0  0],[ 2  4  1  1  2  2 -1  0  0]]",True,"[-3,-1,0,0,0,1,1,2,1,0,1,2,1,2,4,-1,-1,0,1,1,1,0,0,0,0,1,0,1,0,2,1,0,2,0,-1,0]","[-3,-1,0,0,0,1,1,2,1,0,1,2,1,2,4,-1,-1,0,1,1,1,0,0,0,0,1,0,1,0,2,1,0,2,0,-1,0]",t^8+44t^6+143t^4+43t^2+1,"[-2,-1,-1,0,0,0,1,3,1,2,0,0,1,2,1,0,1,1,1,1,2,0,0,1,1,3,0,0,1,1,0,2,2,2,3,1]","[-3,-1,0,0,0,1,1,2,1,1,2,3,2,3,1,1,2,2,1,1,2,0,0,1,0,0,0,1,0,0,1,1,1,0,1,2]","[-2,-1,-1,0,0,0,1,3,-1,0,1,2,2,1,4,0,0,1,1,1,1,0,0,0,1,2,0,0,-1,0,0,-1,1,0,2,1]",c,"[[{8, 2}, {5, 7}, {3, 6}, {1, 4}]]",1,12 K_1^3 + 8 K_1^2 K_2 - 14 K_1^2 - 6 K_1 K_2 - 4 K_1 K_3 - 6 K_1 + 5 K_2 + 6,O1O2O3O4U1U5U4O6U7O8O7U3U8O5U2U6,O1O2O3U1U4U5U3O6O5U2O7O4U8U7O8U6,O1O2O3U4O5U6U5O7O6U2O8O4U1U8U7U3,c,{'O1O2O3O4U5U3O6U7U2O8O7U8O5U1U6U4'},1,"<a href=""/flatknot/8.850693"">8.850693</a>",t^9-40t^7-94t^6+8t^5+88t^4-20t^3+62t^2+33t-4,-t^3+t^2+t,,
8.850694,O1O2O3O4U5U3O6U7U2O8O7U8O5U6U1U4,4,12z^2+97z+147,12w^3z^2+97w^2z+147w,False,False,"[[ 0 -1  0  0  3 -1  0  0 -1],[ 1  0  1  1  3  0  0  1 -1],[ 0 -1  0  0  1  0 -1  0 -1],[ 0 -1  0  0  0  0 -1  0  0],[-3 -3 -1  0  0 -2 -1 -2 -1],[ 1  0  0  0  2  0  0  0  0],[ 0  0  1  1  1  0  0  1 -1],[ 0 -1  0  0  2  0 -1  0 -1],[ 1  1  1  0  1  0  1  1  0]]","[[ 0  3  0  0  0  0 -1 -1 -1],[-3  0  0 -1 -1 -2 -1 -2 -3],[ 0  0  0  0 -1  0  0  0 -1],[ 0  1  0  0 -1  0 -1  0 -1],[ 0  1  1  1  0  1 -1  0  0],[ 0  2  0  0 -1  0 -1  0 -1],[ 1  1  0  1  1  1  0  0  1],[ 1  2  0  0  0  0  0  0  0],[ 1  3  1  1  0  1 -1  0  0]]",True,"[-3,0,0,0,0,1,1,1,0,1,1,2,1,2,3,0,1,0,0,0,1,1,0,1,0,1,-1,1,0,0,1,0,1,0,-1,0]","[-3,0,0,0,0,1,1,1,0,1,1,2,1,2,3,0,1,0,0,0,1,1,0,1,0,1,-1,1,0,0,1,0,1,0,-1,0]",t^8+30t^6+81t^4+26t^2,"[-1,-1,-1,0,0,0,0,3,-1,0,0,0,0,1,3,0,0,0,1,0,1,1,1,1,1,2,0,1,0,1,1,0,2,-1,2,3]","[-3,0,0,0,0,1,1,1,1,2,2,3,1,2,3,-1,0,0,0,1,0,1,1,1,1,0,0,0,1,0,0,1,1,0,-1,0]","[-1,-1,-1,0,0,0,0,3,-1,0,0,1,1,1,3,0,1,0,1,1,1,0,0,0,0,2,1,1,1,1,0,0,0,0,1,2]",c,"[[{8, 1}, {2, 7}, {3, 6}, {4, 5}], [{8, 1}, {2, 7}, {4, 6}, {3, 5}], [{8, 1}, {2, 7}, {5, 6}, {3, 4}], [{8, 1}, {3, 7}, {2, 6}, {4, 5}], [{8, 1}, {3, 7}, {2, 6}, {5}, {4}], [{8, 1}, {3, 7}, {4, 6}, {2, 5}], [{8, 1}, {3, 7}, {4, 6}, {5}, {2}], [{8, 1}, {3, 7}, {5, 6}, {2, 4}], [{8, 1}, {3, 7}, {6}, {5}, {2, 4}], [{8, 1}, {4, 7}, {2, 6}, {3, 5}], [{8, 1}, {4, 7}, {3, 6}, {2, 5}], [{8, 1}, {4, 7}, {3, 6}, {5}, {2}], [{8, 1}, {4, 7}, {5, 6}, {2, 3}], [{8, 1}, {5, 7}, {2, 6}, {3, 4}], [{8, 1}, {5, 7}, {3, 6}, {2, 4}], [{8, 1}, {5, 7}, {4, 6}, {2, 3}], [{8, 1}, {6, 7}, {2, 5}, {3, 4}], [{8, 1}, {6, 7}, {3, 5}, {2, 4}], [{8, 1}, {6, 7}, {4, 5}, {2, 3}], [{8, 1}, {6, 7}, {4, 5}, {3}, {2}], [{8, 1}, {7}, {5, 6}, {3, 4}, {2}], [{8, 2}, {1, 7}, {3, 6}, {4, 5}], [{8, 2}, {1, 7}, {4, 6}, {3, 5}], [{8, 2}, {1, 7}, {5, 6}, {3, 4}], [{8, 2}, {1, 7}, {6}, {4, 5}, {3}], [{8, 2}, {3, 7}, {1, 6}, {4, 5}], [{8, 2}, {3, 7}, {4, 6}, {1, 5}], [{8, 2}, {3, 7}, {5, 6}, {1, 4}], [{8, 2}, {3, 7}, {5, 6}, {4}, {1}], [{8, 2}, {4, 7}, {1, 6}, {3, 5}], [{8, 2}, {4, 7}, {3, 6}, {1, 5}], [{8, 2}, {4, 7}, {5, 6}, {1, 3}], [{8, 2}, {4, 7}, {5, 6}, {3}, {1}], [{8, 2}, {5, 7}, {1, 6}, {3, 4}], [{8, 2}, {5, 7}, {3, 6}, {1, 4}], [{8, 2}, {5, 7}, {3, 6}, {4}, {1}], [{8, 2}, {5, 7}, {4, 6}, {1, 3}], [{8, 2}, {5, 7}, {6}, {1, 4}, {3}], [{8, 2}, {6, 7}, {1, 5}, {3, 4}], [{8, 2}, {6, 7}, {3, 5}, {1, 4}], [{8, 2}, {6, 7}, {4, 5}, {1, 3}], [{8, 2}, {6, 7}, {4, 5}, {3}, {1}], [{8, 2}, {7}, {1, 6}, {4, 5}, {3}], [{8, 2}, {7}, {3, 6}, {5}, {1, 4}], [{8, 2}, {7}, {4, 6}, {5}, {1, 3}], [{8, 2}, {7}, {5, 6}, {3, 4}, {1}], [{8, 3}, {1, 7}, {2, 6}, {4, 5}], [{8, 3}, {1, 7}, {4, 6}, {2, 5}], [{8, 3}, {1, 7}, {5, 6}, {2, 4}], [{8, 3}, {1, 7}, {5, 6}, {4}, {2}], [{8, 3}, {2, 7}, {1, 6}, {4, 5}], [{8, 3}, {2, 7}, {4, 6}, {1, 5}], [{8, 3}, {2, 7}, {5, 6}, {1, 4}], [{8, 3}, {2, 7}, {5, 6}, {4}, {1}], [{8, 3}, {4, 7}, {1, 6}, {2, 5}], [{8, 3}, {4, 7}, {2, 6}, {1, 5}], [{8, 3}, {4, 7}, {5, 6}, {1, 2}], [{8, 3}, {4, 7}, {5, 6}, {2}, {1}], [{8, 3}, {5, 7}, {1, 6}, {2, 4}], [{8, 3}, {5, 7}, {2, 6}, {1, 4}], [{8, 3}, {5, 7}, {4, 6}, {1, 2}], [{8, 3}, {6, 7}, {1, 5}, {2, 4}], [{8, 3}, {6, 7}, {2, 5}, {1, 4}], [{8, 3}, {6, 7}, {4, 5}, {1, 2}], [{8, 3}, {7}, {5, 6}, {1, 4}, {2}], [{8, 3}, {7}, {5, 6}, {2, 4}, {1}], [{8, 3}, {7}, {5, 6}, {4}, {1, 2}], [{8, 3}, {7}, {5, 6}, {4}, {2}, {1}], [{8, 4}, {1, 7}, {2, 6}, {3, 5}], [{8, 4}, {1, 7}, {3, 6}, {2, 5}], [{8, 4}, {1, 7}, {5, 6}, {2, 3}], [{8, 4}, {1, 7}, {5, 6}, {3}, {2}], [{8, 4}, {2, 7}, {1, 6}, {3, 5}], [{8, 4}, {2, 7}, {3, 6}, {1, 5}], [{8, 4}, {2, 7}, {5, 6}, {1, 3}], [{8, 4}, {2, 7}, {5, 6}, {3}, {1}], [{8, 4}, {3, 7}, {1, 6}, {2, 5}], [{8, 4}, {3, 7}, {2, 6}, {1, 5}], [{8, 4}, {3, 7}, {5, 6}, {1, 2}], [{8, 4}, {3, 7}, {5, 6}, {2}, {1}], [{8, 4}, {5, 7}, {1, 6}, {2, 3}], [{8, 4}, {5, 7}, {1, 6}, {3}, {2}], [{8, 4}, {5, 7}, {2, 6}, {1, 3}], [{8, 4}, {5, 7}, {3, 6}, {1, 2}], [{8, 4}, {6, 7}, {1, 5}, {2, 3}], [{8, 4}, {6, 7}, {1, 5}, {3}, {2}], [{8, 4}, {6, 7}, {2, 5}, {1, 3}], [{8, 4}, {6, 7}, {3, 5}, {1, 2}], [{8, 4}, {7}, {2, 6}, {5}, {1, 3}], [{8, 4}, {7}, {3, 6}, {5}, {1, 2}], [{8, 4}, {7}, {5, 6}, {1, 3}, {2}], [{8, 4}, {7}, {5, 6}, {2, 3}, {1}], [{8, 4}, {7}, {5, 6}, {3}, {1, 2}], [{8, 4}, {7}, {5, 6}, {3}, {2}, {1}], [{8, 4}, {7}, {6}, {2, 5}, {1, 3}], [{8, 4}, {7}, {6}, {3, 5}, {1, 2}], [{8, 5}, {1, 7}, {2, 6}, {3, 4}], [{8, 5}, {1, 7}, {3, 6}, {2, 4}], [{8, 5}, {1, 7}, {4, 6}, {2, 3}], [{8, 5}, {2, 7}, {1, 6}, {3, 4}], [{8, 5}, {2, 7}, {1, 6}, {4}, {3}], [{8, 5}, {2, 7}, {3, 6}, {1, 4}], [{8, 5}, {2, 7}, {4, 6}, {1, 3}], [{8, 5}, {3, 7}, {1, 6}, {2, 4}], [{8, 5}, {3, 7}, {2, 6}, {1, 4}], [{8, 5}, {3, 7}, {4, 6}, {1, 2}], [{8, 5}, {3, 7}, {6}, {2, 4}, {1}], [{8, 5}, {4, 7}, {1, 6}, {2, 3}], [{8, 5}, {4, 7}, {2, 6}, {1, 3}], [{8, 5}, {4, 7}, {3, 6}, {1, 2}], [{8, 5}, {4, 7}, {3, 6}, {2}, {1}], [{8, 5}, {6, 7}, {1, 4}, {2, 3}], [{8, 5}, {6, 7}, {1, 4}, {3}, {2}], [{8, 5}, {6, 7}, {2, 4}, {1, 3}], [{8, 5}, {6, 7}, {3, 4}, {1, 2}], [{8, 5}, {6, 7}, {4}, {2, 3}, {1}], [{8, 5}, {7}, {2, 6}, {4}, {1, 3}], [{8, 5}, {7}, {4, 6}, {3}, {1, 2}], [{8, 6}, {1, 7}, {2, 5}, {3, 4}], [{8, 6}, {1, 7}, {2, 5}, {4}, {3}], [{8, 6}, {1, 7}, {3, 5}, {2, 4}], [{8, 6}, {1, 7}, {4, 5}, {2, 3}], [{8, 6}, {2, 7}, {1, 5}, {3, 4}], [{8, 6}, {2, 7}, {3, 5}, {1, 4}], [{8, 6}, {2, 7}, {4, 5}, {1, 3}], [{8, 6}, {3, 7}, {1, 5}, {2, 4}], [{8, 6}, {3, 7}, {2, 5}, {1, 4}], [{8, 6}, {3, 7}, {4, 5}, {1, 2}], [{8, 6}, {3, 7}, {5}, {1, 4}, {2}], [{8, 6}, {3, 7}, {5}, {2, 4}, {1}], [{8, 6}, {3, 7}, {5}, {4}, {1, 2}], [{8, 6}, {4, 7}, {1, 5}, {2, 3}], [{8, 6}, {4, 7}, {2, 5}, {1, 3}], [{8, 6}, {4, 7}, {3, 5}, {1, 2}], [{8, 6}, {4, 7}, {5}, {1, 3}, {2}], [{8, 6}, {5, 7}, {1, 4}, {2, 3}], [{8, 6}, {5, 7}, {2, 4}, {1, 3}], [{8, 6}, {5, 7}, {3, 4}, {1, 2}], [{8, 7}, {1, 6}, {2, 5}, {3, 4}], [{8, 7}, {1, 6}, {3, 5}, {2, 4}], [{8, 7}, {1, 6}, {4, 5}, {2, 3}], [{8, 7}, {2, 6}, {1, 5}, {3, 4}], [{8, 7}, {2, 6}, {1, 5}, {4}, {3}], [{8, 7}, {2, 6}, {3, 5}, {1, 4}], [{8, 7}, {2, 6}, {4, 5}, {1, 3}], [{8, 7}, {2, 6}, {4, 5}, {3}, {1}], [{8, 7}, {2, 6}, {5}, {1, 4}, {3}], [{8, 7}, {3, 6}, {1, 5}, {2, 4}], [{8, 7}, {3, 6}, {2, 5}, {1, 4}], [{8, 7}, {3, 6}, {4, 5}, {1, 2}], [{8, 7}, {4, 6}, {1, 5}, {2, 3}], [{8, 7}, {4, 6}, {2, 5}, {1, 3}], [{8, 7}, {4, 6}, {3, 5}, {1, 2}], [{8, 7}, {4, 6}, {5}, {3}, {1, 2}], [{8, 7}, {5, 6}, {1, 4}, {2, 3}], [{8, 7}, {5, 6}, {2, 4}, {1, 3}], [{8, 7}, {5, 6}, {2, 4}, {3}, {1}], [{8, 7}, {5, 6}, {3, 4}, {1, 2}], [{8, 7}, {5, 6}, {3, 4}, {2}, {1}], [{8, 7}, {5, 6}, {4}, {2, 3}, {1}], [{8}, {1, 7}, {3, 6}, {5}, {2, 4}], [{8}, {1, 7}, {5, 6}, {3, 4}, {2}], [{8}, {2, 7}, {3, 6}, {4, 5}, {1}], [{8}, {2, 7}, {5, 6}, {3, 4}, {1}], [{8}, {3, 7}, {1, 6}, {5}, {2, 4}], [{8}, {3, 7}, {5, 6}, {2, 4}, {1}], [{8}, {3, 7}, {6}, {1, 5}, {2, 4}], [{8}, {3, 7}, {6}, {5}, {2, 4}, {1}], [{8}, {4, 7}, {3, 6}, {1, 5}, {2}], [{8}, {4, 7}, {5, 6}, {2, 3}, {1}], [{8}, {5, 7}, {4, 6}, {1, 3}, {2}], [{8}, {5, 7}, {4, 6}, {2, 3}, {1}], [{8}, {5, 7}, {4, 6}, {3}, {1, 2}], [{8}, {6, 7}, {4, 5}, {3}, {1, 2}], [{8}, {6, 7}, {5}, {2, 4}, {1, 3}], [{8}, {7}, {2, 6}, {4, 5}, {1, 3}], [{8}, {7}, {5, 6}, {3, 4}, {1, 2}], [{8}, {7}, {5, 6}, {3, 4}, {2}, {1}]]",2,20 K_1^3 + 4 K_1^2 K_2 - 36 K_1^2 - 22 K_1 K_2 - 4 K_1 K_3 - 4 K_1 + 18 K_2 + 6 K_3 + K_4 + 18,O1O2O3O4U1U4U5O6U7O8O7U3U8O5U2U6,O1O2O3U2U4U5U3O6O5U1O7O4U8U7O8U6,O1O2O3U4O5U6U5O7O6U3O8O4U1U8U7U2,c,{'O1O2O3O4U5U3O6U7U2O8O7U8O5U6U1U4'},1,"<a href=""/flatknot/8.850694"">8.850694</a>",t^9-24t^7-48t^6+9t^5+26t^4-68t^3+12t^2+3t,-t^3+3t,,
8.850695,O1O2O3O4U5U3O6U7U4O8O7U1O5U2U6U8,4,2z^3+21z^2+68z+69,2w^4z^3+21w^3z^2+68w^2z+69w,False,False,"[[ 0 -2 -1  0  2 -1  1  0  1],[ 2  0  0 -1  2  0  2  1  1],[ 1  0  0  0  3 -1  1  0  0],[ 0  1  0  0  1 -1  0 -1 -1],[-2 -2 -3 -1  0 -1 -1 -2 -1],[ 1  0  1  1  1  0  1  1  1],[-1 -2 -1  0  1 -1  0 -1  0],[ 0 -1  0  1  2 -1  1  0  1],[-1 -1  0  1  1 -1  0 -1  0]]","[[ 0  2  1  1  0  0 -1 -1 -2],[-2  0 -1 -1 -1 -2 -1 -3 -2],[-1  1  0  0  1 -1 -1  0 -1],[-1  1  0  0  0 -1 -1 -1 -2],[ 0  1 -1  0  0 -1 -1  0  1],[ 0  2  1  1  1  0 -1  0 -1],[ 1  1  1  1  1  1  0  1  0],[ 1  3  0  1  0  0 -1  0  0],[ 2  2  1  2 -1  1  0  0  0]]",True,"[-2,-1,-1,0,0,1,1,2,1,1,1,2,1,3,2,0,-1,1,1,0,1,0,1,1,1,2,1,1,0,-1,1,0,1,-1,0,0]","[-2,-1,-1,0,0,1,1,2,0,0,-1,1,1,2,2,-1,0,0,0,1,3,1,1,1,1,1,-1,-1,0,1,1,1,2,0,1,1]",t^8+38t^6+212t^4+60t^2+1,"[-2,-1,-1,0,0,1,1,2,1,1,1,3,1,2,2,-1,0,0,1,1,2,1,1,1,2,0,-1,0,0,0,1,2,1,0,0,0]","[-2,-1,-1,0,0,1,1,2,0,0,0,1,0,2,2,0,0,1,1,1,1,0,2,2,1,2,1,1,0,1,1,0,3,-1,1,1]","[-2,-1,-1,0,0,1,1,2,0,0,-1,1,1,2,2,-1,0,0,0,1,3,1,1,1,1,1,-1,-1,0,1,1,1,2,0,1,1]",c,"[[{8, 2}, {3, 7}, {5, 6}, {1, 4}]]",1,4 K_1^3 + 4 K_1^2 K_2 - 18 K_1^2 - 8 K_1 K_2 - 2 K_1 K_3 + K_1 - 2 K_2^2 + 8 K_2 + 3 K_3 + K_4 + 10,O1O2O3O4U5U6U3O7U4O8O5U1U8O6U2U7,O1O2O3U4U1U5U6O7O5U2O8O6U3U8O4U7,O1O2O3U4O5U6U1O7O6U2O8O4U7U8U3U5,c,"{'O1O2O3O4U5U3O6U7U4O8O7U1O5U2U6U8', 'O1O2O3O4U5U3U6O7U4O6O8U1O5U2U8U7'}",2,"<a href=""/flatknot/8.850695"">8.850695</a>",t^9-38t^7-76t^6+110t^5+218t^4-51t^3-138t^2-18t,0,,
8.850696,O1O2O3O4U5U3O6U7U4O8O7U1O5U2U8U6,3,14z^2+73z+91,14w^3z^2-2w^3z+75w^2z+91w,False,False,"[[ 0 -2 -1  0  2 -1  2  0  0],[ 2  0  0 -1  2  0  3  1  0],[ 1  0  0  0  3 -1  2  0 -1],[ 0  1  0  0  1 -1  0 -1 -1],[-2 -2 -3 -1  0 -1 -1 -2 -2],[ 1  0  1  1  1  0  1  1  1],[-2 -3 -2  0  1 -1  0 -1 -1],[ 0 -1  0  1  2 -1  1  0  0],[ 0  0  1  1  2 -1  1  0  0]]","[[ 0  2  2  0  0  0 -1 -1 -2],[-2  0  1  0 -1 -1 -1 -2 -3],[-2 -1  0 -1 -2 -2 -1 -3 -2],[ 0  0  1  0 -1 -1 -1  0  1],[ 0  1  2  1  0  0 -1  1  0],[ 0  1  2  1  0  0 -1  0 -1],[ 1  1  1  1  1  1  0  1  0],[ 1  2  3  0 -1  0 -1  0  0],[ 2  3  2 -1  0  1  0  0  0]]",True,"[-2,-2,0,0,0,1,1,2,-1,0,1,1,1,2,3,1,2,2,1,3,2,1,1,1,0,-1,0,1,-1,0,1,0,1,-1,0,0]","[-2,-2,0,0,0,1,1,2,-1,0,0,1,0,2,2,1,1,2,1,2,1,0,1,1,0,1,1,2,0,2,1,0,3,-1,1,1]",t^8+49t^6+307t^4+36t^2,"[-2,-1,-1,0,0,0,2,2,1,1,1,2,3,1,2,-1,0,0,0,2,2,1,2,1,1,0,0,-1,1,0,-1,1,0,2,1,-1]","[-2,-2,0,0,0,1,1,2,-1,0,0,1,0,2,2,1,1,2,1,2,1,0,1,1,0,1,1,2,0,2,1,0,3,-1,1,1]","[-2,-1,-1,0,0,0,2,2,0,0,-1,0,1,2,3,-1,0,-1,0,3,2,1,1,1,1,1,-1,-1,1,0,0,2,1,2,1,-1]",c,"[[{8, 1}, {2, 7}, {3, 6}, {4, 5}], [{8, 1}, {2, 7}, {3, 6}, {5}, {4}], [{8, 1}, {2, 7}, {4, 6}, {3, 5}], [{8, 1}, {2, 7}, {5, 6}, {3, 4}], [{8, 1}, {3, 7}, {2, 6}, {4, 5}], [{8, 1}, {3, 7}, {4, 6}, {2, 5}], [{8, 1}, {3, 7}, {5, 6}, {2, 4}], [{8, 1}, {3, 7}, {6}, {4, 5}, {2}], [{8, 1}, {4, 7}, {2, 6}, {3, 5}], [{8, 1}, {4, 7}, {3, 6}, {2, 5}], [{8, 1}, {4, 7}, {3, 6}, {5}, {2}], [{8, 1}, {4, 7}, {5, 6}, {2, 3}], [{8, 1}, {5, 7}, {2, 6}, {3, 4}], [{8, 1}, {5, 7}, {3, 6}, {2, 4}], [{8, 1}, {5, 7}, {3, 6}, {4}, {2}], [{8, 1}, {5, 7}, {4, 6}, {2, 3}], [{8, 1}, {6, 7}, {2, 5}, {3, 4}], [{8, 1}, {6, 7}, {3, 5}, {2, 4}], [{8, 1}, {6, 7}, {4, 5}, {2, 3}], [{8, 1}, {6, 7}, {4, 5}, {3}, {2}], [{8, 1}, {7}, {2, 6}, {3, 5}, {4}], [{8, 1}, {7}, {3, 6}, {2, 5}, {4}], [{8, 1}, {7}, {3, 6}, {4, 5}, {2}], [{8, 1}, {7}, {3, 6}, {5}, {2, 4}], [{8, 1}, {7}, {3, 6}, {5}, {4}, {2}], [{8, 1}, {7}, {5, 6}, {4}, {2, 3}], [{8, 2}, {1, 7}, {3, 6}, {4, 5}], [{8, 2}, {1, 7}, {3, 6}, {5}, {4}], [{8, 2}, {1, 7}, {4, 6}, {3, 5}], [{8, 2}, {1, 7}, {5, 6}, {3, 4}], [{8, 2}, {3, 7}, {1, 6}, {4, 5}], [{8, 2}, {3, 7}, {4, 6}, {1, 5}], [{8, 2}, {3, 7}, {5, 6}, {1, 4}], [{8, 2}, {4, 7}, {1, 6}, {3, 5}], [{8, 2}, {4, 7}, {3, 6}, {1, 5}], [{8, 2}, {4, 7}, {3, 6}, {5}, {1}], [{8, 2}, {4, 7}, {5, 6}, {1, 3}], [{8, 2}, {5, 7}, {1, 6}, {3, 4}], [{8, 2}, {5, 7}, {3, 6}, {1, 4}], [{8, 2}, {5, 7}, {3, 6}, {4}, {1}], [{8, 2}, {5, 7}, {4, 6}, {1, 3}], [{8, 2}, {6, 7}, {1, 5}, {3, 4}], [{8, 2}, {6, 7}, {3, 5}, {1, 4}], [{8, 2}, {6, 7}, {4, 5}, {1, 3}], [{8, 2}, {7}, {1, 6}, {4, 5}, {3}], [{8, 2}, {7}, {3, 6}, {1, 5}, {4}], [{8, 2}, {7}, {3, 6}, {4, 5}, {1}], [{8, 2}, {7}, {3, 6}, {5}, {1, 4}], [{8, 2}, {7}, {3, 6}, {5}, {4}, {1}], [{8, 2}, {7}, {6}, {4, 5}, {1, 3}], [{8, 3}, {1, 7}, {2, 6}, {4, 5}], [{8, 3}, {1, 7}, {4, 6}, {2, 5}], [{8, 3}, {1, 7}, {4, 6}, {5}, {2}], [{8, 3}, {1, 7}, {5, 6}, {2, 4}], [{8, 3}, {2, 7}, {1, 6}, {4, 5}], [{8, 3}, {2, 7}, {4, 6}, {1, 5}], [{8, 3}, {2, 7}, {4, 6}, {5}, {1}], [{8, 3}, {2, 7}, {5, 6}, {1, 4}], [{8, 3}, {4, 7}, {1, 6}, {2, 5}], [{8, 3}, {4, 7}, {2, 6}, {1, 5}], [{8, 3}, {4, 7}, {5, 6}, {1, 2}], [{8, 3}, {5, 7}, {1, 6}, {2, 4}], [{8, 3}, {5, 7}, {2, 6}, {1, 4}], [{8, 3}, {5, 7}, {4, 6}, {1, 2}], [{8, 3}, {5, 7}, {4, 6}, {2}, {1}], [{8, 3}, {6, 7}, {1, 5}, {2, 4}], [{8, 3}, {6, 7}, {2, 5}, {1, 4}], [{8, 3}, {6, 7}, {4, 5}, {1, 2}], [{8, 3}, {7}, {4, 6}, {1, 5}, {2}], [{8, 3}, {7}, {4, 6}, {2, 5}, {1}], [{8, 3}, {7}, {4, 6}, {5}, {1, 2}], [{8, 3}, {7}, {4, 6}, {5}, {2}, {1}], [{8, 4}, {1, 7}, {2, 6}, {3, 5}], [{8, 4}, {1, 7}, {2, 6}, {5}, {3}], [{8, 4}, {1, 7}, {3, 6}, {2, 5}], [{8, 4}, {1, 7}, {3, 6}, {5}, {2}], [{8, 4}, {1, 7}, {5, 6}, {2, 3}], [{8, 4}, {1, 7}, {5, 6}, {3}, {2}], [{8, 4}, {1, 7}, {6}, {2, 5}, {3}], [{8, 4}, {1, 7}, {6}, {3, 5}, {2}], [{8, 4}, {1, 7}, {6}, {5}, {2, 3}], [{8, 4}, {1, 7}, {6}, {5}, {3}, {2}], [{8, 4}, {2, 7}, {1, 6}, {3, 5}], [{8, 4}, {2, 7}, {1, 6}, {5}, {3}], [{8, 4}, {2, 7}, {3, 6}, {1, 5}], [{8, 4}, {2, 7}, {3, 6}, {5}, {1}], [{8, 4}, {2, 7}, {5, 6}, {1, 3}], [{8, 4}, {2, 7}, {5, 6}, {3}, {1}], [{8, 4}, {2, 7}, {6}, {1, 5}, {3}], [{8, 4}, {2, 7}, {6}, {3, 5}, {1}], [{8, 4}, {2, 7}, {6}, {5}, {1, 3}], [{8, 4}, {2, 7}, {6}, {5}, {3}, {1}], [{8, 4}, {3, 7}, {1, 6}, {2, 5}], [{8, 4}, {3, 7}, {1, 6}, {5}, {2}], [{8, 4}, {3, 7}, {2, 6}, {1, 5}], [{8, 4}, {3, 7}, {2, 6}, {5}, {1}], [{8, 4}, {3, 7}, {5, 6}, {1, 2}], [{8, 4}, {3, 7}, {5, 6}, {2}, {1}], [{8, 4}, {3, 7}, {6}, {1, 5}, {2}], [{8, 4}, {3, 7}, {6}, {2, 5}, {1}], [{8, 4}, {3, 7}, {6}, {5}, {1, 2}], [{8, 4}, {3, 7}, {6}, {5}, {2}, {1}], [{8, 4}, {5, 7}, {1, 6}, {2, 3}], [{8, 4}, {5, 7}, {1, 6}, {3}, {2}], [{8, 4}, {5, 7}, {2, 6}, {1, 3}], [{8, 4}, {5, 7}, {2, 6}, {3}, {1}], [{8, 4}, {5, 7}, {3, 6}, {1, 2}], [{8, 4}, {5, 7}, {3, 6}, {2}, {1}], [{8, 4}, {5, 7}, {6}, {1, 3}, {2}], [{8, 4}, {5, 7}, {6}, {2, 3}, {1}], [{8, 4}, {5, 7}, {6}, {3}, {1, 2}], [{8, 4}, {5, 7}, {6}, {3}, {2}, {1}], [{8, 4}, {6, 7}, {1, 5}, {2, 3}], [{8, 4}, {6, 7}, {1, 5}, {3}, {2}], [{8, 4}, {6, 7}, {2, 5}, {1, 3}], [{8, 4}, {6, 7}, {2, 5}, {3}, {1}], [{8, 4}, {6, 7}, {3, 5}, {1, 2}], [{8, 4}, {6, 7}, {3, 5}, {2}, {1}], [{8, 4}, {6, 7}, {5}, {1, 3}, {2}], [{8, 4}, {6, 7}, {5}, {2, 3}, {1}], [{8, 4}, {6, 7}, {5}, {3}, {1, 2}], [{8, 4}, {6, 7}, {5}, {3}, {2}, {1}], [{8, 4}, {7}, {1, 6}, {2, 5}, {3}], [{8, 4}, {7}, {1, 6}, {3, 5}, {2}], [{8, 4}, {7}, {1, 6}, {5}, {2, 3}], [{8, 4}, {7}, {1, 6}, {5}, {3}, {2}], [{8, 4}, {7}, {2, 6}, {1, 5}, {3}], [{8, 4}, {7}, {2, 6}, {3, 5}, {1}], [{8, 4}, {7}, {2, 6}, {5}, {1, 3}], [{8, 4}, {7}, {2, 6}, {5}, {3}, {1}], [{8, 4}, {7}, {3, 6}, {1, 5}, {2}], [{8, 4}, {7}, {3, 6}, {2, 5}, {1}], [{8, 4}, {7}, {3, 6}, {5}, {1, 2}], [{8, 4}, {7}, {3, 6}, {5}, {2}, {1}], [{8, 4}, {7}, {5, 6}, {1, 3}, {2}], [{8, 4}, {7}, {5, 6}, {2, 3}, {1}], [{8, 4}, {7}, {5, 6}, {3}, {1, 2}], [{8, 4}, {7}, {5, 6}, {3}, {2}, {1}], [{8, 4}, {7}, {6}, {1, 5}, {2, 3}], [{8, 4}, {7}, {6}, {1, 5}, {3}, {2}], [{8, 4}, {7}, {6}, {2, 5}, {1, 3}], [{8, 4}, {7}, {6}, {2, 5}, {3}, {1}], [{8, 4}, {7}, {6}, {3, 5}, {1, 2}], [{8, 4}, {7}, {6}, {3, 5}, {2}, {1}], [{8, 4}, {7}, {6}, {5}, {1, 3}, {2}], [{8, 4}, {7}, {6}, {5}, {2, 3}, {1}], [{8, 4}, {7}, {6}, {5}, {3}, {1, 2}], [{8, 4}, {7}, {6}, {5}, {3}, {2}, {1}], [{8, 5}, {1, 7}, {2, 6}, {3, 4}], [{8, 5}, {1, 7}, {3, 6}, {2, 4}], [{8, 5}, {1, 7}, {3, 6}, {4}, {2}], [{8, 5}, {1, 7}, {4, 6}, {2, 3}], [{8, 5}, {2, 7}, {1, 6}, {3, 4}], [{8, 5}, {2, 7}, {3, 6}, {1, 4}], [{8, 5}, {2, 7}, {3, 6}, {4}, {1}], [{8, 5}, {2, 7}, {4, 6}, {1, 3}], [{8, 5}, {3, 7}, {1, 6}, {2, 4}], [{8, 5}, {3, 7}, {2, 6}, {1, 4}], [{8, 5}, {3, 7}, {4, 6}, {1, 2}], [{8, 5}, {3, 7}, {6}, {1, 4}, {2}], [{8, 5}, {4, 7}, {1, 6}, {2, 3}], [{8, 5}, {4, 7}, {2, 6}, {1, 3}], [{8, 5}, {4, 7}, {3, 6}, {1, 2}], [{8, 5}, {4, 7}, {3, 6}, {2}, {1}], [{8, 5}, {6, 7}, {1, 4}, {2, 3}], [{8, 5}, {6, 7}, {1, 4}, {3}, {2}], [{8, 5}, {6, 7}, {2, 4}, {1, 3}], [{8, 5}, {6, 7}, {3, 4}, {1, 2}], [{8, 5}, {7}, {1, 6}, {2, 4}, {3}], [{8, 5}, {7}, {3, 6}, {1, 4}, {2}], [{8, 5}, {7}, {3, 6}, {2, 4}, {1}], [{8, 5}, {7}, {3, 6}, {4}, {1, 2}], [{8, 5}, {7}, {3, 6}, {4}, {2}, {1}], [{8, 5}, {7}, {6}, {2, 4}, {1, 3}], [{8, 6}, {1, 7}, {2, 5}, {3, 4}], [{8, 6}, {1, 7}, {3, 5}, {2, 4}], [{8, 6}, {1, 7}, {4, 5}, {2, 3}], [{8, 6}, {1, 7}, {5}, {3, 4}, {2}], [{8, 6}, {2, 7}, {1, 5}, {3, 4}], [{8, 6}, {2, 7}, {3, 5}, {1, 4}], [{8, 6}, {2, 7}, {4, 5}, {1, 3}], [{8, 6}, {2, 7}, {5}, {3, 4}, {1}], [{8, 6}, {3, 7}, {1, 5}, {2, 4}], [{8, 6}, {3, 7}, {2, 5}, {1, 4}], [{8, 6}, {3, 7}, {4, 5}, {1, 2}], [{8, 6}, {4, 7}, {1, 5}, {2, 3}], [{8, 6}, {4, 7}, {2, 5}, {1, 3}], [{8, 6}, {4, 7}, {3, 5}, {1, 2}], [{8, 6}, {5, 7}, {1, 4}, {2, 3}], [{8, 6}, {5, 7}, {2, 4}, {1, 3}], [{8, 6}, {5, 7}, {3, 4}, {1, 2}], [{8, 6}, {5, 7}, {3, 4}, {2}, {1}], [{8, 6}, {7}, {1, 5}, {3, 4}, {2}], [{8, 6}, {7}, {2, 5}, {3, 4}, {1}], [{8, 6}, {7}, {5}, {3, 4}, {1, 2}], [{8, 6}, {7}, {5}, {3, 4}, {2}, {1}], [{8, 7}, {1, 6}, {2, 5}, {3, 4}], [{8, 7}, {1, 6}, {3, 5}, {2, 4}], [{8, 7}, {1, 6}, {3, 5}, {4}, {2}], [{8, 7}, {1, 6}, {4, 5}, {2, 3}], [{8, 7}, {2, 6}, {1, 5}, {3, 4}], [{8, 7}, {2, 6}, {3, 5}, {1, 4}], [{8, 7}, {2, 6}, {4, 5}, {1, 3}], [{8, 7}, {3, 6}, {1, 5}, {2, 4}], [{8, 7}, {3, 6}, {1, 5}, {4}, {2}], [{8, 7}, {3, 6}, {2, 5}, {1, 4}], [{8, 7}, {3, 6}, {2, 5}, {4}, {1}], [{8, 7}, {3, 6}, {4, 5}, {1, 2}], [{8, 7}, {3, 6}, {4, 5}, {2}, {1}], [{8, 7}, {3, 6}, {5}, {1, 4}, {2}], [{8, 7}, {3, 6}, {5}, {2, 4}, {1}], [{8, 7}, {3, 6}, {5}, {4}, {1, 2}], [{8, 7}, {3, 6}, {5}, {4}, {2}, {1}], [{8, 7}, {4, 6}, {1, 5}, {2, 3}], [{8, 7}, {4, 6}, {2, 5}, {1, 3}], [{8, 7}, {4, 6}, {3, 5}, {1, 2}], [{8, 7}, {5, 6}, {1, 4}, {2, 3}], [{8, 7}, {5, 6}, {2, 4}, {1, 3}], [{8, 7}, {5, 6}, {3, 4}, {1, 2}], [{8, 7}, {5, 6}, {4}, {1, 3}, {2}], [{8}, {1, 7}, {3, 6}, {2, 5}, {4}], [{8}, {1, 7}, {3, 6}, {4, 5}, {2}], [{8}, {1, 7}, {3, 6}, {5}, {2, 4}], [{8}, {1, 7}, {3, 6}, {5}, {4}, {2}], [{8}, {2, 7}, {3, 6}, {1, 5}, {4}], [{8}, {2, 7}, {3, 6}, {4, 5}, {1}], [{8}, {2, 7}, {3, 6}, {5}, {1, 4}], [{8}, {2, 7}, {3, 6}, {5}, {4}, {1}], [{8}, {4, 7}, {1, 6}, {3, 5}, {2}], [{8}, {4, 7}, {3, 6}, {1, 5}, {2}], [{8}, {4, 7}, {3, 6}, {2, 5}, {1}], [{8}, {4, 7}, {3, 6}, {5}, {1, 2}], [{8}, {4, 7}, {3, 6}, {5}, {2}, {1}], [{8}, {4, 7}, {5, 6}, {1, 3}, {2}], [{8}, {5, 7}, {3, 6}, {1, 4}, {2}], [{8}, {5, 7}, {3, 6}, {2, 4}, {1}], [{8}, {5, 7}, {3, 6}, {4}, {1, 2}], [{8}, {5, 7}, {3, 6}, {4}, {2}, {1}], [{8}, {7}, {2, 6}, {3, 5}, {1, 4}], [{8}, {7}, {3, 6}, {1, 5}, {2, 4}], [{8}, {7}, {3, 6}, {1, 5}, {4}, {2}], [{8}, {7}, {3, 6}, {2, 5}, {1, 4}], [{8}, {7}, {3, 6}, {2, 5}, {4}, {1}], [{8}, {7}, {3, 6}, {4, 5}, {1, 2}], [{8}, {7}, {3, 6}, {4, 5}, {2}, {1}], [{8}, {7}, {3, 6}, {5}, {1, 4}, {2}], [{8}, {7}, {3, 6}, {5}, {2, 4}, {1}], [{8}, {7}, {3, 6}, {5}, {4}, {1, 2}], [{8}, {7}, {3, 6}, {5}, {4}, {2}, {1}], [{8}, {7}, {5, 6}, {1, 4}, {2, 3}]]",2,20 K_1^3 + 8 K_1^2 K_2 - 26 K_1^2 - 16 K_1 K_2 - 4 K_1 K_3 - 7 K_1 + 11 K_2 + 3 K_3 + 12,O1O2O3O4U5U6U3O7U4O8O6U1U8O5U2U7,O1O2O3U4U1U5U6O7O5U3O8O6U2U8O4U7,O1O2O3U4O5U6U2O7O6U1O8O4U7U8U3U5,c,{'O1O2O3O4U5U3O6U7U4O8O7U1O5U2U8U6'},1,"<a href=""/flatknot/8.850696"">8.850696</a>",t^9-47t^7-102t^6+164t^5+326t^4-212t^3-192t^2+160t+80,-t^2+2t,,
8.850697,O1O2O3O4U5U3O6U7U4O8O7U1O5U6U2U8,4,17z^2+94z+121,17w^3z^2+94w^2z+121w,False,False,"[[ 0 -2  0  0  2 -1  0  0  1],[ 2  0  1 -1  2  0  1  1  1],[ 0 -1  0  0  2 -1  0 -1  0],[ 0  1  0  0  1 -1  0 -1 -1],[-2 -2 -2 -1  0 -1 -1 -2 -1],[ 1  0  1  1  1  0  0  1  1],[ 0 -1  0  0  1  0  0  0  0],[ 0 -1  1  1  2 -1  0  0  1],[-1 -1  0  1  1 -1  0 -1  0]]","[[ 0  2  1  0  0  0  0 -1 -2],[-2  0 -1 -1 -1 -2 -2 -1 -2],[-1  1  0  1  0  0 -1 -1 -1],[ 0  1 -1  0  0  0 -1 -1  1],[ 0  1  0  0  0  0  0  0 -1],[ 0  2  0  0  0  0 -1 -1 -1],[ 0  2  1  1  0  1  0 -1 -1],[ 1  1  1  1  0  1  1  0  0],[ 2  2  1 -1  1  1  1  0  0]]",True,"[-2,-1,0,0,0,0,1,2,1,1,1,2,2,1,2,-1,0,0,1,1,1,0,0,1,1,-1,0,0,0,1,1,1,1,1,1,0]","[-2,-1,0,0,0,0,1,2,0,-1,1,1,1,1,2,1,0,1,1,1,1,0,-1,0,-1,1,0,0,0,1,1,1,2,0,2,1]",t^8+29t^6+126t^4+41t^2+1,"[-2,-1,0,0,0,0,1,2,1,1,1,1,3,2,2,0,0,1,0,1,2,-1,0,-1,0,0,0,0,1,0,0,1,1,2,1,0]","[-2,-1,0,0,0,0,1,2,0,0,0,1,1,2,2,0,1,1,2,1,2,1,0,1,0,1,0,0,0,1,0,1,1,0,3,1]","[-2,-1,0,0,0,0,1,2,0,-1,1,1,1,1,2,1,0,1,1,1,1,0,-1,0,-1,1,0,0,0,1,1,1,2,0,2,1]",c,"[[{8, 5}, {3, 7}, {2, 6}, {1, 4}], [{8, 5}, {3, 7}, {6}, {1, 4}, {2}]]",1,- 14 K_1^2 - 12 K_1 K_2 - 2 K_1 K_3 + 6 K_1 - 2 K_2^2 + 8 K_2 + 6 K_3 + 2 K_4 + 9,O1O2O3O4U5U3U6O7U4O8O5U1U8O6U2U7,O1O2O3U4U2U5U6O7O5U1O8O6U3U8O4U7,O1O2O3U4O5U6U1O7O6U3O8O4U7U8U2U5,c,{'O1O2O3O4U5U3O6U7U4O8O7U1O5U6U2U8'},1,"<a href=""/flatknot/8.850697"">8.850697</a>",t^9-29t^7-72t^6+6t^5+128t^4+49t^3-48t^2-20t+2,0,,
8.850698,O1O2O3O4U5U3O6U7U4O8O7U1O5U6U8U2,4,7z^2+60z+93,7w^3z^2+60w^2z+93w,False,False,"[[ 0 -2  1  0  2 -1  0  0  0],[ 2  0  2 -1  2  0  1  1  0],[-1 -2  0  0  2 -1 -1 -1 -1],[ 0  1  0  0  1 -1  0 -1 -1],[-2 -2 -2 -1  0 -1 -1 -2 -1],[ 1  0  1  1  1  0  0  1  0],[ 0 -1  1  0  1  0  0  0  0],[ 0 -1  1  1  2 -1  0  0  0],[ 0  0  1  1  1  0  0  0  0]]","[[ 0  2  1  0  0  0  0 -1 -2],[-2  0 -2 -1 -1 -1 -2 -1 -2],[-1  2  0  0 -1 -1 -1 -1 -2],[ 0  1  0  0  0 -1 -1 -1  1],[ 0  1  1  0  0  0  0  0 -1],[ 0  1  1  1  0  0  0  0  0],[ 0  2  1  1  0  0  0 -1 -1],[ 1  1  1  1  0  0  1  0  0],[ 2  2  2 -1  1  0  1  0  0]]",True,"[-2,-1,0,0,0,0,1,2,2,1,1,1,2,1,2,0,1,1,1,1,2,0,1,1,1,-1,0,0,0,1,0,0,0,1,1,0]","[-2,-1,0,0,0,0,1,2,-1,0,1,1,1,2,2,0,0,0,1,1,1,0,0,1,0,1,0,0,1,1,1,1,2,0,3,1]",t^8+31t^6+132t^4+55t^2+1,"[-2,-1,0,0,0,0,1,2,1,1,1,2,3,1,2,0,1,1,0,1,2,0,0,-1,0,0,0,0,0,1,-1,0,1,1,1,-1]","[-2,-1,0,0,0,0,1,2,-1,0,1,1,1,2,2,0,0,0,1,1,1,0,0,1,0,1,0,0,1,1,1,1,2,0,3,1]","[-2,-1,0,0,0,0,1,2,0,-1,0,1,1,2,2,1,0,0,1,1,1,-1,0,-1,0,1,0,0,1,1,0,1,1,1,2,2]",c,"[[{8, 1}, {4, 7}, {3, 6}, {2, 5}], [{8, 4}, {1, 7}, {3, 6}, {2, 5}], [{8, 7}, {3, 6}, {2, 5}, {1, 4}]]",1,16 K_1^3 + 4 K_1^2 K_2 - 28 K_1^2 - 16 K_1 K_2 - 4 K_1 K_3 - 4 K_1 + 14 K_2 + 4 K_3 + K_4 + 14,O1O2O3O4U3U5U6O7U4O8O5U1U8O6U2U7,O1O2O3U4U3U5U6O7O5U1O8O6U2U8O4U7,O1O2O3U4O5U6U2O7O6U3O8O4U7U8U1U5,c,"{'O1O2O3O4U5U3O6U7U4O8O7U1O5U6U8U2', 'O1O2O3O4U5U3U6O7U4O6O8U1O5U8U7U2'}",2,"<a href=""/flatknot/8.850698"">8.850698</a>",t^9-31t^7-70t^6+32t^5+146t^4-2t^3-70t^2-18t,0,,
8.850699,O1O2O3O4U5U3O6U7U4O8O7U1O5U8U2U6,4,3z^3+32z^2+100z+97,3w^4z^3-2w^4z^2+34w^3z^2-6w^3z+106w^2z+97w,False,False,"[[ 0 -2  0  0  2 -1  2  0 -1],[ 2  0  1 -1  2  0  3  1 -1],[ 0 -1  0  0  3 -1  1  0 -2],[ 0  1  0  0  1 -1  0 -1 -1],[-2 -2 -3 -1  0 -1 -1 -2 -2],[ 1  0  1  1  1  0  1  1  0],[-2 -3 -1  0  1 -1  0 -1 -1],[ 0 -1  0  1  2 -1  1  0 -1],[ 1  1  2  1  2  0  1  1  0]]","[[ 0  2  2  0  0  0 -1 -1 -2],[-2  0  1  0 -1 -1 -1 -1 -3],[-2 -1  0 -1 -2 -3 -1 -2 -2],[ 0  0  1  0 -1  0 -1 -1  1],[ 0  1  2  1  0  0 -1 -1 -1],[ 0  1  3  0  0  0 -1 -2 -1],[ 1  1  1  1  1  1  0  0  0],[ 1  1  2  1  1  2  0  0  1],[ 2  3  2 -1  1  1  0 -1  0]]",True,"[-2,-2,0,0,0,1,1,2,-1,0,1,1,1,1,3,1,2,3,1,2,2,1,0,1,1,-1,0,1,1,1,1,2,1,0,0,-1]","[-2,-2,0,0,0,1,1,2,-1,-1,0,1,1,2,2,1,1,2,2,2,1,0,0,-1,0,1,1,0,0,1,0,0,3,0,2,1]",t^8+51t^6+298t^4+171t^2+4,"[-2,-1,-1,0,0,0,2,2,1,2,1,1,3,1,2,0,0,0,0,2,2,-1,0,0,2,1,0,0,1,-1,-1,1,0,2,1,-1]","[-2,-2,0,0,0,1,1,2,-1,-1,0,1,1,2,2,1,1,2,2,2,1,0,0,-1,0,1,1,0,0,1,0,0,3,0,2,1]","[-2,-1,-1,0,0,0,2,2,-1,0,-1,1,1,2,3,0,1,1,2,2,1,1,1,1,1,1,-1,0,1,0,0,2,1,3,1,-1]",c,"[[{8, 1}, {2, 7}, {3, 6}, {4, 5}], [{8, 1}, {2, 7}, {4, 6}, {3, 5}], [{8, 1}, {2, 7}, {5, 6}, {3, 4}], [{8, 1}, {3, 7}, {2, 6}, {4, 5}], [{8, 1}, {3, 7}, {4, 6}, {2, 5}], [{8, 1}, {3, 7}, {4, 6}, {5}, {2}], [{8, 1}, {3, 7}, {5, 6}, {2, 4}], [{8, 1}, {3, 7}, {5, 6}, {4}, {2}], [{8, 1}, {3, 7}, {6}, {4, 5}, {2}], [{8, 1}, {4, 7}, {2, 6}, {3, 5}], [{8, 1}, {4, 7}, {3, 6}, {2, 5}], [{8, 1}, {4, 7}, {5, 6}, {2, 3}], [{8, 1}, {5, 7}, {2, 6}, {3, 4}], [{8, 1}, {5, 7}, {3, 6}, {2, 4}], [{8, 1}, {5, 7}, {4, 6}, {2, 3}], [{8, 1}, {5, 7}, {4, 6}, {3}, {2}], [{8, 1}, {6, 7}, {2, 5}, {3, 4}], [{8, 1}, {6, 7}, {3, 5}, {2, 4}], [{8, 1}, {6, 7}, {4, 5}, {2, 3}], [{8, 1}, {7}, {4, 6}, {3, 5}, {2}], [{8, 2}, {1, 7}, {3, 6}, {4, 5}], [{8, 2}, {1, 7}, {4, 6}, {3, 5}], [{8, 2}, {1, 7}, {5, 6}, {3, 4}], [{8, 2}, {3, 7}, {1, 6}, {4, 5}], [{8, 2}, {3, 7}, {4, 6}, {1, 5}], [{8, 2}, {3, 7}, {5, 6}, {1, 4}], [{8, 2}, {4, 7}, {1, 6}, {3, 5}], [{8, 2}, {4, 7}, {3, 6}, {1, 5}], [{8, 2}, {4, 7}, {5, 6}, {1, 3}], [{8, 2}, {5, 7}, {1, 6}, {3, 4}], [{8, 2}, {5, 7}, {3, 6}, {1, 4}], [{8, 2}, {5, 7}, {4, 6}, {1, 3}], [{8, 2}, {6, 7}, {1, 5}, {3, 4}], [{8, 2}, {6, 7}, {3, 5}, {1, 4}], [{8, 2}, {6, 7}, {4, 5}, {1, 3}], [{8, 2}, {7}, {1, 6}, {4, 5}, {3}], [{8, 3}, {1, 7}, {2, 6}, {4, 5}], [{8, 3}, {1, 7}, {4, 6}, {2, 5}], [{8, 3}, {1, 7}, {5, 6}, {2, 4}], [{8, 3}, {1, 7}, {6}, {4, 5}, {2}], [{8, 3}, {2, 7}, {1, 6}, {4, 5}], [{8, 3}, {2, 7}, {4, 6}, {1, 5}], [{8, 3}, {2, 7}, {4, 6}, {5}, {1}], [{8, 3}, {2, 7}, {5, 6}, {1, 4}], [{8, 3}, {4, 7}, {1, 6}, {2, 5}], [{8, 3}, {4, 7}, {2, 6}, {1, 5}], [{8, 3}, {4, 7}, {5, 6}, {1, 2}], [{8, 3}, {4, 7}, {5, 6}, {2}, {1}], [{8, 3}, {5, 7}, {1, 6}, {2, 4}], [{8, 3}, {5, 7}, {2, 6}, {1, 4}], [{8, 3}, {5, 7}, {4, 6}, {1, 2}], [{8, 3}, {6, 7}, {1, 5}, {2, 4}], [{8, 3}, {6, 7}, {2, 5}, {1, 4}], [{8, 3}, {6, 7}, {4, 5}, {1, 2}], [{8, 3}, {6, 7}, {4, 5}, {2}, {1}], [{8, 3}, {7}, {1, 6}, {4, 5}, {2}], [{8, 4}, {1, 7}, {2, 6}, {3, 5}], [{8, 4}, {1, 7}, {3, 6}, {2, 5}], [{8, 4}, {1, 7}, {5, 6}, {2, 3}], [{8, 4}, {1, 7}, {6}, {2, 5}, {3}], [{8, 4}, {1, 7}, {6}, {3, 5}, {2}], [{8, 4}, {1, 7}, {6}, {5}, {2, 3}], [{8, 4}, {2, 7}, {1, 6}, {3, 5}], [{8, 4}, {2, 7}, {1, 6}, {5}, {3}], [{8, 4}, {2, 7}, {3, 6}, {1, 5}], [{8, 4}, {2, 7}, {5, 6}, {1, 3}], [{8, 4}, {2, 7}, {5, 6}, {3}, {1}], [{8, 4}, {2, 7}, {6}, {1, 5}, {3}], [{8, 4}, {3, 7}, {1, 6}, {2, 5}], [{8, 4}, {3, 7}, {1, 6}, {5}, {2}], [{8, 4}, {3, 7}, {2, 6}, {1, 5}], [{8, 4}, {3, 7}, {5, 6}, {1, 2}], [{8, 4}, {3, 7}, {5, 6}, {2}, {1}], [{8, 4}, {3, 7}, {6}, {1, 5}, {2}], [{8, 4}, {5, 7}, {1, 6}, {2, 3}], [{8, 4}, {5, 7}, {1, 6}, {3}, {2}], [{8, 4}, {5, 7}, {2, 6}, {1, 3}], [{8, 4}, {5, 7}, {3, 6}, {1, 2}], [{8, 4}, {5, 7}, {6}, {2, 3}, {1}], [{8, 4}, {6, 7}, {1, 5}, {2, 3}], [{8, 4}, {6, 7}, {2, 5}, {1, 3}], [{8, 4}, {6, 7}, {2, 5}, {3}, {1}], [{8, 4}, {6, 7}, {3, 5}, {1, 2}], [{8, 4}, {6, 7}, {3, 5}, {2}, {1}], [{8, 4}, {6, 7}, {5}, {2, 3}, {1}], [{8, 4}, {7}, {1, 6}, {2, 5}, {3}], [{8, 4}, {7}, {1, 6}, {3, 5}, {2}], [{8, 4}, {7}, {1, 6}, {5}, {2, 3}], [{8, 4}, {7}, {1, 6}, {5}, {3}, {2}], [{8, 4}, {7}, {2, 6}, {5}, {1, 3}], [{8, 4}, {7}, {3, 6}, {5}, {1, 2}], [{8, 4}, {7}, {5, 6}, {2, 3}, {1}], [{8, 4}, {7}, {6}, {1, 5}, {2, 3}], [{8, 4}, {7}, {6}, {5}, {2, 3}, {1}], [{8, 5}, {1, 7}, {2, 6}, {3, 4}], [{8, 5}, {1, 7}, {3, 6}, {2, 4}], [{8, 5}, {1, 7}, {4, 6}, {2, 3}], [{8, 5}, {1, 7}, {6}, {3, 4}, {2}], [{8, 5}, {2, 7}, {1, 6}, {3, 4}], [{8, 5}, {2, 7}, {1, 6}, {4}, {3}], [{8, 5}, {2, 7}, {3, 6}, {1, 4}], [{8, 5}, {2, 7}, {4, 6}, {1, 3}], [{8, 5}, {3, 7}, {1, 6}, {2, 4}], [{8, 5}, {3, 7}, {1, 6}, {4}, {2}], [{8, 5}, {3, 7}, {2, 6}, {1, 4}], [{8, 5}, {3, 7}, {4, 6}, {1, 2}], [{8, 5}, {3, 7}, {4, 6}, {2}, {1}], [{8, 5}, {3, 7}, {6}, {1, 4}, {2}], [{8, 5}, {4, 7}, {1, 6}, {2, 3}], [{8, 5}, {4, 7}, {1, 6}, {3}, {2}], [{8, 5}, {4, 7}, {2, 6}, {1, 3}], [{8, 5}, {4, 7}, {3, 6}, {1, 2}], [{8, 5}, {6, 7}, {1, 4}, {2, 3}], [{8, 5}, {6, 7}, {2, 4}, {1, 3}], [{8, 5}, {6, 7}, {3, 4}, {1, 2}], [{8, 5}, {6, 7}, {3, 4}, {2}, {1}], [{8, 5}, {7}, {1, 6}, {2, 4}, {3}], [{8, 5}, {7}, {1, 6}, {3, 4}, {2}], [{8, 5}, {7}, {1, 6}, {4}, {2, 3}], [{8, 5}, {7}, {1, 6}, {4}, {3}, {2}], [{8, 6}, {1, 7}, {2, 5}, {3, 4}], [{8, 6}, {1, 7}, {3, 5}, {2, 4}], [{8, 6}, {1, 7}, {4, 5}, {2, 3}], [{8, 6}, {2, 7}, {1, 5}, {3, 4}], [{8, 6}, {2, 7}, {3, 5}, {1, 4}], [{8, 6}, {2, 7}, {4, 5}, {1, 3}], [{8, 6}, {3, 7}, {1, 5}, {2, 4}], [{8, 6}, {3, 7}, {1, 5}, {4}, {2}], [{8, 6}, {3, 7}, {2, 5}, {1, 4}], [{8, 6}, {3, 7}, {4, 5}, {1, 2}], [{8, 6}, {3, 7}, {4, 5}, {2}, {1}], [{8, 6}, {3, 7}, {5}, {1, 4}, {2}], [{8, 6}, {4, 7}, {1, 5}, {2, 3}], [{8, 6}, {4, 7}, {2, 5}, {1, 3}], [{8, 6}, {4, 7}, {3, 5}, {1, 2}], [{8, 6}, {4, 7}, {3, 5}, {2}, {1}], [{8, 6}, {5, 7}, {1, 4}, {2, 3}], [{8, 6}, {5, 7}, {2, 4}, {1, 3}], [{8, 6}, {5, 7}, {3, 4}, {1, 2}], [{8, 6}, {7}, {5}, {3, 4}, {1, 2}], [{8, 7}, {1, 6}, {2, 5}, {3, 4}], [{8, 7}, {1, 6}, {3, 5}, {2, 4}], [{8, 7}, {1, 6}, {4, 5}, {2, 3}], [{8, 7}, {1, 6}, {4, 5}, {3}, {2}], [{8, 7}, {2, 6}, {1, 5}, {3, 4}], [{8, 7}, {2, 6}, {3, 5}, {1, 4}], [{8, 7}, {2, 6}, {4, 5}, {1, 3}], [{8, 7}, {3, 6}, {1, 5}, {2, 4}], [{8, 7}, {3, 6}, {2, 5}, {1, 4}], [{8, 7}, {3, 6}, {4, 5}, {1, 2}], [{8, 7}, {4, 6}, {1, 5}, {2, 3}], [{8, 7}, {4, 6}, {2, 5}, {1, 3}], [{8, 7}, {4, 6}, {3, 5}, {1, 2}], [{8, 7}, {5, 6}, {1, 4}, {2, 3}], [{8, 7}, {5, 6}, {2, 4}, {1, 3}], [{8, 7}, {5, 6}, {2, 4}, {3}, {1}], [{8, 7}, {5, 6}, {3, 4}, {1, 2}], [{8}, {1, 7}, {2, 6}, {3, 5}, {4}], [{8}, {1, 7}, {3, 6}, {2, 5}, {4}], [{8}, {2, 7}, {1, 6}, {4, 5}, {3}], [{8}, {2, 7}, {3, 6}, {5}, {1, 4}], [{8}, {3, 7}, {1, 6}, {4, 5}, {2}], [{8}, {3, 7}, {4, 6}, {1, 5}, {2}], [{8}, {3, 7}, {5, 6}, {1, 4}, {2}], [{8}, {7}, {1, 6}, {4, 5}, {2, 3}], [{8}, {7}, {1, 6}, {4, 5}, {3}, {2}], [{8}, {7}, {5, 6}, {2, 4}, {1, 3}]]",2,4 K_1^2 K_2 - 8 K_1^2 - 4 K_1 K_2 - 2 K_1 K_3 + 2 K_1 - 2 K_2^2 + 3 K_2 + 2 K_3 + K_4 + 5,O1O2O3O4U5U3U6O7U4O8O6U1U8O5U2U7,O1O2O3U4U2U5U6O7O5U3O8O6U1U8O4U7,O1O2O3U4O5U6U3O7O6U1O8O4U7U8U2U5,c,{'O1O2O3O4U5U3O6U7U4O8O7U1O5U8U2U6'},1,"<a href=""/flatknot/8.850699"">8.850699</a>",t^9-49t^7-150t^6+9t^5+280t^4-11t^3-122t^2+57t-24,-t^2+2t,,
8.850700,O1O2O3O4U5U3O6U7U4O8O7U1O5U8U6U2,4,6z^3+43z^2+94z+65,6w^4z^3+43w^3z^2+94w^2z+65w,False,False,"[[ 0 -2  1  0  2 -1  1  0 -1],[ 2  0  2 -1  2  0  2  1 -1],[-1 -2  0  0  2 -1  0 -1 -2],[ 0  1  0  0  1 -1  0 -1 -1],[-2 -2 -2 -1  0 -1 -1 -2 -2],[ 1  0  1  1  1  0  0  1  0],[-1 -2  0  0  1  0  0  0 -1],[ 0 -1  1  1  2 -1  0  0 -1],[ 1  1  2  1  2  0  1  1  0]]","[[ 0  2  1  1  0  0 -1 -1 -2],[-2  0 -1 -2 -1 -2 -1 -2 -2],[-1  1  0  0  0  0  0 -1 -2],[-1  2  0  0  0 -1 -1 -2 -2],[ 0  1  0  0  0 -1 -1 -1  1],[ 0  2  0  1  1  0 -1 -1 -1],[ 1  1  0  1  1  1  0  0  0],[ 1  2  1  2  1  1  0  0  1],[ 2  2  2  2 -1  1  0 -1  0]]",True,"[-2,-1,-1,0,0,1,1,2,1,2,1,2,1,2,2,0,0,0,0,1,2,0,1,1,2,2,1,1,1,-1,1,1,1,0,0,-1]","[-2,-1,-1,0,0,1,1,2,-1,0,-1,1,2,2,2,0,1,1,1,2,2,1,1,0,1,1,-1,0,0,1,0,1,2,0,1,2]",t^8+42t^6+211t^4+35t^2,"[-2,-1,-1,0,0,1,1,2,1,2,1,3,1,1,2,0,0,0,1,2,2,0,0,0,1,1,-1,0,1,0,1,1,1,0,-1,0]","[-2,-1,-1,0,0,1,1,2,-1,0,0,1,1,2,2,0,0,1,0,1,1,1,1,1,2,1,1,0,0,1,0,0,3,0,2,1]","[-2,-1,-1,0,0,1,1,2,-1,0,-1,1,2,2,2,0,1,1,1,2,2,1,1,0,1,1,-1,0,0,1,0,1,2,0,1,2]",c,"[[{8, 4}, {1, 7}, {3, 6}, {2, 5}], [{8, 4}, {2, 7}, {3, 6}, {1, 5}]]",1,4 K_1^2 K_2 - 2 K_1^2 - 2 K_1 K_3 - 2 K_2^2 + K_4 + 2,O1O2O3O4U3U5U6O7U4O8O6U1U8O5U2U7,O1O2O3U4U3U5U6O7O5U2O8O6U1U8O4U7,O1O2O3U4O5U6U3O7O6U2O8O4U7U8U1U5,c,{'O1O2O3O4U5U3O6U7U4O8O7U1O5U8U6U2'},1,"<a href=""/flatknot/8.850700"">8.850700</a>",t^9-42t^7-122t^6-29t^5+208t^4+153t^3-42t^2-30t+4,0,,
8.850701,O1O2O3O4U5U3O6U7U4O8O7U2O5U1U6U8,2,17z+35,8w^4z-26w^3z+8w^3+35w^2z+27w,False,False,"[[ 0 -2 -1  0  2 -1  1  0  1],[ 2  0  1  0  3 -1  2  1  1],[ 1 -1  0 -1  2 -1  1  0  0],[ 0  0  1  0  1 -1  0 -1 -1],[-2 -3 -2 -1  0 -1 -1 -2 -1],[ 1  1  1  1  1  0  1  1  1],[-1 -2 -1  0  1 -1  0 -1  0],[ 0 -1  0  1  2 -1  1  0  1],[-1 -1  0  1  1 -1  0 -1  0]]","[[ 0  2  1  1  0  0 -1 -1 -2],[-2  0 -1 -1 -1 -2 -1 -2 -3],[-1  1  0  0  1 -1 -1  0 -1],[-1  1  0  0  0 -1 -1 -1 -2],[ 0  1 -1  0  0 -1 -1  1  0],[ 0  2  1  1  1  0 -1  0 -1],[ 1  1  1  1  1  1  0  1  1],[ 1  2  0  1 -1  0 -1  0 -1],[ 2  3  1  2  0  1 -1  1  0]]",True,"[-2,-1,-1,0,0,1,1,2,1,1,1,2,1,2,3,0,-1,1,1,0,1,0,1,1,1,2,1,1,-1,0,1,0,1,-1,-1,1]","[-2,-1,-1,0,0,1,1,2,-1,1,0,1,1,2,3,1,1,1,1,1,1,-1,0,0,1,2,-1,-1,0,1,1,1,2,0,1,1]",t^8+40t^6+157t^4,"[-2,-1,-1,0,0,1,1,2,0,2,1,2,1,2,1,1,1,2,1,2,1,0,0,1,1,2,-1,0,0,0,1,2,1,0,0,0]","[-2,-1,-1,0,0,1,1,2,0,0,0,1,1,2,1,0,0,1,1,1,1,0,2,2,1,2,1,1,0,1,2,0,2,-1,0,2]","[-2,-1,-1,0,0,1,1,2,-1,1,0,1,1,2,3,1,1,1,1,1,1,-1,0,0,1,2,-1,-1,0,1,1,1,2,0,1,1]",c,"[[{8, 2}, {3, 7}, {5, 6}, {1, 4}], [{8, 2}, {7}, {5, 6}, {1, 4}, {3}], [{8, 5}, {3, 7}, {2, 6}, {1, 4}], [{8, 5}, {7}, {2, 6}, {1, 4}, {3}]]",1,16 K_1^3 + 4 K_1^2 K_2 - 8 K_1^2 - 8 K_1 K_2 - 4 K_1 K_3 - 8 K_1 + 4 K_2 + K_4 + 4,O1O2O3O4U5U6U4O7U3O8O5U1U8O6U2U7,O1O2O3U1U4U5U6O7O5U2O8O6U3U8O4U7,O1O2O3U4O5U6U1O7O6U2O8O4U7U8U5U3,c,"{'O1O2O3O4U5U3U6O7U4O6O8U2O5U1U8U7', 'O1O2O3O4U5U3O6U7U4O8O7U2O5U1U6U8'}",2,"<a href=""/flatknot/8.850701"">8.850701</a>",t^9-40t^7-120t^6-25t^5+252t^4+236t^3+16t^2-16t,0,,
8.850702,O1O2O3O4U5U3O6U7U4O8O7U2O5U1U8U6,3,13z^2+74z+97,13w^3z^2+74w^2z+97w,False,False,"[[ 0 -2 -1  0  2 -1  2  0  0],[ 2  0  1  0  3 -1  3  1  0],[ 1 -1  0 -1  2 -1  2  0 -1],[ 0  0  1  0  1 -1  0 -1 -1],[-2 -3 -2 -1  0 -1 -1 -2 -2],[ 1  1  1  1  1  0  1  1  1],[-2 -3 -2  0  1 -1  0 -1 -1],[ 0 -1  0  1  2 -1  1  0  0],[ 0  0  1  1  2 -1  1  0  0]]","[[ 0  2  2  0  0  0 -1 -1 -2],[-2  0  1  0 -1 -1 -1 -2 -3],[-2 -1  0 -1 -2 -2 -1 -2 -3],[ 0  0  1  0 -1 -1 -1  1  0],[ 0  1  2  1  0  0 -1  1  0],[ 0  1  2  1  0  0 -1  0 -1],[ 1  1  1  1  1  1  0  1  1],[ 1  2  2 -1 -1  0 -1  0 -1],[ 2  3  3  0  0  1 -1  1  0]]",True,"[-2,-2,0,0,0,1,1,2,-1,0,1,1,1,2,3,1,2,2,1,2,3,1,1,1,-1,0,0,1,-1,0,1,0,1,-1,-1,1]","[-2,-2,0,0,0,1,1,2,-1,0,0,1,1,2,1,1,1,2,1,2,1,0,1,1,0,1,1,2,0,2,2,0,2,-1,0,2]",t^8+51t^6+220t^4,"[-2,-1,-1,0,0,0,2,2,0,2,1,2,2,1,1,1,1,2,2,1,1,0,0,0,2,2,-1,0,0,1,1,1,2,0,1,1]","[-2,-2,0,0,0,1,1,2,-1,0,0,1,1,2,1,1,1,2,1,2,1,0,1,1,0,1,1,2,0,2,2,0,2,-1,0,2]","[-2,-1,-1,0,0,0,2,2,-1,1,0,0,1,3,3,1,1,1,1,1,1,-1,-1,0,2,2,-1,-1,0,1,0,1,2,1,2,1]",c,"[[{8, 1}, {2, 7}, {3, 6}, {4, 5}], [{8, 1}, {2, 7}, {3, 6}, {5}, {4}], [{8, 1}, {2, 7}, {4, 6}, {3, 5}], [{8, 1}, {2, 7}, {5, 6}, {3, 4}], [{8, 1}, {3, 7}, {2, 6}, {4, 5}], [{8, 1}, {3, 7}, {2, 6}, {5}, {4}], [{8, 1}, {3, 7}, {4, 6}, {2, 5}], [{8, 1}, {3, 7}, {5, 6}, {2, 4}], [{8, 1}, {4, 7}, {2, 6}, {3, 5}], [{8, 1}, {4, 7}, {2, 6}, {5}, {3}], [{8, 1}, {4, 7}, {3, 6}, {2, 5}], [{8, 1}, {4, 7}, {3, 6}, {5}, {2}], [{8, 1}, {4, 7}, {5, 6}, {2, 3}], [{8, 1}, {4, 7}, {6}, {5}, {2, 3}], [{8, 1}, {5, 7}, {2, 6}, {3, 4}], [{8, 1}, {5, 7}, {2, 6}, {4}, {3}], [{8, 1}, {5, 7}, {3, 6}, {2, 4}], [{8, 1}, {5, 7}, {3, 6}, {4}, {2}], [{8, 1}, {5, 7}, {4, 6}, {2, 3}], [{8, 1}, {5, 7}, {6}, {4}, {2, 3}], [{8, 1}, {6, 7}, {2, 5}, {3, 4}], [{8, 1}, {6, 7}, {3, 5}, {2, 4}], [{8, 1}, {6, 7}, {4, 5}, {2, 3}], [{8, 1}, {6, 7}, {5}, {4}, {2, 3}], [{8, 1}, {7}, {2, 6}, {3, 5}, {4}], [{8, 1}, {7}, {2, 6}, {4, 5}, {3}], [{8, 1}, {7}, {2, 6}, {5}, {3, 4}], [{8, 1}, {7}, {2, 6}, {5}, {4}, {3}], [{8, 1}, {7}, {3, 6}, {2, 5}, {4}], [{8, 1}, {7}, {3, 6}, {4, 5}, {2}], [{8, 1}, {7}, {3, 6}, {5}, {2, 4}], [{8, 1}, {7}, {3, 6}, {5}, {4}, {2}], [{8, 1}, {7}, {4, 6}, {5}, {2, 3}], [{8, 1}, {7}, {5, 6}, {4}, {2, 3}], [{8, 1}, {7}, {6}, {4, 5}, {2, 3}], [{8, 1}, {7}, {6}, {5}, {4}, {2, 3}], [{8, 2}, {1, 7}, {3, 6}, {4, 5}], [{8, 2}, {1, 7}, {3, 6}, {5}, {4}], [{8, 2}, {1, 7}, {4, 6}, {3, 5}], [{8, 2}, {1, 7}, {5, 6}, {3, 4}], [{8, 2}, {3, 7}, {1, 6}, {4, 5}], [{8, 2}, {3, 7}, {1, 6}, {5}, {4}], [{8, 2}, {3, 7}, {4, 6}, {1, 5}], [{8, 2}, {3, 7}, {5, 6}, {1, 4}], [{8, 2}, {4, 7}, {1, 6}, {3, 5}], [{8, 2}, {4, 7}, {1, 6}, {5}, {3}], [{8, 2}, {4, 7}, {3, 6}, {1, 5}], [{8, 2}, {4, 7}, {3, 6}, {5}, {1}], [{8, 2}, {4, 7}, {5, 6}, {1, 3}], [{8, 2}, {4, 7}, {6}, {5}, {1, 3}], [{8, 2}, {5, 7}, {1, 6}, {3, 4}], [{8, 2}, {5, 7}, {1, 6}, {4}, {3}], [{8, 2}, {5, 7}, {3, 6}, {1, 4}], [{8, 2}, {5, 7}, {3, 6}, {4}, {1}], [{8, 2}, {5, 7}, {4, 6}, {1, 3}], [{8, 2}, {5, 7}, {6}, {4}, {1, 3}], [{8, 2}, {6, 7}, {1, 5}, {3, 4}], [{8, 2}, {6, 7}, {3, 5}, {1, 4}], [{8, 2}, {6, 7}, {4, 5}, {1, 3}], [{8, 2}, {6, 7}, {5}, {4}, {1, 3}], [{8, 2}, {7}, {1, 6}, {3, 5}, {4}], [{8, 2}, {7}, {1, 6}, {4, 5}, {3}], [{8, 2}, {7}, {1, 6}, {5}, {3, 4}], [{8, 2}, {7}, {1, 6}, {5}, {4}, {3}], [{8, 2}, {7}, {3, 6}, {1, 5}, {4}], [{8, 2}, {7}, {3, 6}, {4, 5}, {1}], [{8, 2}, {7}, {3, 6}, {5}, {1, 4}], [{8, 2}, {7}, {3, 6}, {5}, {4}, {1}], [{8, 2}, {7}, {4, 6}, {5}, {1, 3}], [{8, 2}, {7}, {5, 6}, {4}, {1, 3}], [{8, 2}, {7}, {6}, {4, 5}, {1, 3}], [{8, 2}, {7}, {6}, {5}, {4}, {1, 3}], [{8, 3}, {1, 7}, {2, 6}, {4, 5}], [{8, 3}, {1, 7}, {4, 6}, {2, 5}], [{8, 3}, {1, 7}, {5, 6}, {2, 4}], [{8, 3}, {1, 7}, {6}, {5}, {2, 4}], [{8, 3}, {2, 7}, {1, 6}, {4, 5}], [{8, 3}, {2, 7}, {4, 6}, {1, 5}], [{8, 3}, {2, 7}, {5, 6}, {1, 4}], [{8, 3}, {2, 7}, {6}, {1, 5}, {4}], [{8, 3}, {2, 7}, {6}, {4, 5}, {1}], [{8, 3}, {2, 7}, {6}, {5}, {1, 4}], [{8, 3}, {4, 7}, {1, 6}, {2, 5}], [{8, 3}, {4, 7}, {2, 6}, {1, 5}], [{8, 3}, {4, 7}, {5, 6}, {1, 2}], [{8, 3}, {4, 7}, {6}, {2, 5}, {1}], [{8, 3}, {5, 7}, {1, 6}, {2, 4}], [{8, 3}, {5, 7}, {2, 6}, {1, 4}], [{8, 3}, {5, 7}, {4, 6}, {1, 2}], [{8, 3}, {6, 7}, {1, 5}, {2, 4}], [{8, 3}, {6, 7}, {2, 5}, {1, 4}], [{8, 3}, {6, 7}, {2, 5}, {4}, {1}], [{8, 3}, {6, 7}, {4, 5}, {1, 2}], [{8, 3}, {7}, {4, 6}, {2, 5}, {1}], [{8, 4}, {1, 7}, {2, 6}, {3, 5}], [{8, 4}, {1, 7}, {3, 6}, {2, 5}], [{8, 4}, {1, 7}, {3, 6}, {5}, {2}], [{8, 4}, {1, 7}, {5, 6}, {2, 3}], [{8, 4}, {1, 7}, {6}, {2, 5}, {3}], [{8, 4}, {2, 7}, {1, 6}, {3, 5}], [{8, 4}, {2, 7}, {3, 6}, {1, 5}], [{8, 4}, {2, 7}, {3, 6}, {5}, {1}], [{8, 4}, {2, 7}, {5, 6}, {1, 3}], [{8, 4}, {2, 7}, {6}, {1, 5}, {3}], [{8, 4}, {3, 7}, {1, 6}, {2, 5}], [{8, 4}, {3, 7}, {2, 6}, {1, 5}], [{8, 4}, {3, 7}, {5, 6}, {1, 2}], [{8, 4}, {3, 7}, {6}, {2, 5}, {1}], [{8, 4}, {5, 7}, {1, 6}, {2, 3}], [{8, 4}, {5, 7}, {2, 6}, {1, 3}], [{8, 4}, {5, 7}, {3, 6}, {1, 2}], [{8, 4}, {5, 7}, {3, 6}, {2}, {1}], [{8, 4}, {5, 7}, {6}, {3}, {1, 2}], [{8, 4}, {6, 7}, {1, 5}, {2, 3}], [{8, 4}, {6, 7}, {2, 5}, {1, 3}], [{8, 4}, {6, 7}, {2, 5}, {3}, {1}], [{8, 4}, {6, 7}, {3, 5}, {1, 2}], [{8, 4}, {7}, {1, 6}, {2, 5}, {3}], [{8, 4}, {7}, {2, 6}, {3, 5}, {1}], [{8, 4}, {7}, {3, 6}, {1, 5}, {2}], [{8, 4}, {7}, {3, 6}, {2, 5}, {1}], [{8, 4}, {7}, {3, 6}, {5}, {1, 2}], [{8, 4}, {7}, {3, 6}, {5}, {2}, {1}], [{8, 4}, {7}, {5, 6}, {2, 3}, {1}], [{8, 4}, {7}, {6}, {2, 5}, {1, 3}], [{8, 4}, {7}, {6}, {2, 5}, {3}, {1}], [{8, 5}, {1, 7}, {2, 6}, {3, 4}], [{8, 5}, {1, 7}, {3, 6}, {2, 4}], [{8, 5}, {1, 7}, {3, 6}, {4}, {2}], [{8, 5}, {1, 7}, {4, 6}, {2, 3}], [{8, 5}, {2, 7}, {1, 6}, {3, 4}], [{8, 5}, {2, 7}, {3, 6}, {1, 4}], [{8, 5}, {2, 7}, {3, 6}, {4}, {1}], [{8, 5}, {2, 7}, {4, 6}, {1, 3}], [{8, 5}, {3, 7}, {1, 6}, {2, 4}], [{8, 5}, {3, 7}, {2, 6}, {1, 4}], [{8, 5}, {3, 7}, {2, 6}, {4}, {1}], [{8, 5}, {3, 7}, {4, 6}, {1, 2}], [{8, 5}, {4, 7}, {1, 6}, {2, 3}], [{8, 5}, {4, 7}, {2, 6}, {1, 3}], [{8, 5}, {4, 7}, {3, 6}, {1, 2}], [{8, 5}, {4, 7}, {3, 6}, {2}, {1}], [{8, 5}, {6, 7}, {1, 4}, {2, 3}], [{8, 5}, {6, 7}, {2, 4}, {1, 3}], [{8, 5}, {6, 7}, {3, 4}, {1, 2}], [{8, 5}, {6, 7}, {4}, {2, 3}, {1}], [{8, 5}, {7}, {1, 6}, {2, 4}, {3}], [{8, 5}, {7}, {3, 6}, {1, 4}, {2}], [{8, 5}, {7}, {3, 6}, {2, 4}, {1}], [{8, 5}, {7}, {3, 6}, {4}, {1, 2}], [{8, 5}, {7}, {3, 6}, {4}, {2}, {1}], [{8, 5}, {7}, {6}, {2, 4}, {1, 3}], [{8, 6}, {1, 7}, {2, 5}, {3, 4}], [{8, 6}, {1, 7}, {3, 5}, {2, 4}], [{8, 6}, {1, 7}, {4, 5}, {2, 3}], [{8, 6}, {1, 7}, {5}, {2, 4}, {3}], [{8, 6}, {2, 7}, {1, 5}, {3, 4}], [{8, 6}, {2, 7}, {1, 5}, {4}, {3}], [{8, 6}, {2, 7}, {3, 5}, {1, 4}], [{8, 6}, {2, 7}, {4, 5}, {1, 3}], [{8, 6}, {2, 7}, {4, 5}, {3}, {1}], [{8, 6}, {2, 7}, {5}, {1, 4}, {3}], [{8, 6}, {3, 7}, {1, 5}, {2, 4}], [{8, 6}, {3, 7}, {2, 5}, {1, 4}], [{8, 6}, {3, 7}, {2, 5}, {4}, {1}], [{8, 6}, {3, 7}, {4, 5}, {1, 2}], [{8, 6}, {4, 7}, {1, 5}, {2, 3}], [{8, 6}, {4, 7}, {2, 5}, {1, 3}], [{8, 6}, {4, 7}, {2, 5}, {3}, {1}], [{8, 6}, {4, 7}, {3, 5}, {1, 2}], [{8, 6}, {5, 7}, {1, 4}, {2, 3}], [{8, 6}, {5, 7}, {2, 4}, {1, 3}], [{8, 6}, {5, 7}, {3, 4}, {1, 2}], [{8, 6}, {7}, {2, 5}, {3, 4}, {1}], [{8, 7}, {1, 6}, {2, 5}, {3, 4}], [{8, 7}, {1, 6}, {3, 5}, {2, 4}], [{8, 7}, {1, 6}, {3, 5}, {4}, {2}], [{8, 7}, {1, 6}, {4, 5}, {2, 3}], [{8, 7}, {2, 6}, {1, 5}, {3, 4}], [{8, 7}, {2, 6}, {3, 5}, {1, 4}], [{8, 7}, {2, 6}, {4, 5}, {1, 3}], [{8, 7}, {3, 6}, {1, 5}, {2, 4}], [{8, 7}, {3, 6}, {1, 5}, {4}, {2}], [{8, 7}, {3, 6}, {2, 5}, {1, 4}], [{8, 7}, {3, 6}, {2, 5}, {4}, {1}], [{8, 7}, {3, 6}, {4, 5}, {1, 2}], [{8, 7}, {3, 6}, {4, 5}, {2}, {1}], [{8, 7}, {3, 6}, {5}, {1, 4}, {2}], [{8, 7}, {3, 6}, {5}, {2, 4}, {1}], [{8, 7}, {3, 6}, {5}, {4}, {1, 2}], [{8, 7}, {3, 6}, {5}, {4}, {2}, {1}], [{8, 7}, {4, 6}, {1, 5}, {2, 3}], [{8, 7}, {4, 6}, {2, 5}, {1, 3}], [{8, 7}, {4, 6}, {2, 5}, {3}, {1}], [{8, 7}, {4, 6}, {3, 5}, {1, 2}], [{8, 7}, {5, 6}, {1, 4}, {2, 3}], [{8, 7}, {5, 6}, {2, 4}, {1, 3}], [{8, 7}, {5, 6}, {3, 4}, {1, 2}], [{8, 7}, {5, 6}, {4}, {1, 3}, {2}], [{8, 7}, {6}, {2, 5}, {3, 4}, {1}], [{8}, {1, 7}, {3, 6}, {2, 5}, {4}], [{8}, {1, 7}, {3, 6}, {4, 5}, {2}], [{8}, {1, 7}, {3, 6}, {5}, {2, 4}], [{8}, {1, 7}, {3, 6}, {5}, {4}, {2}], [{8}, {2, 7}, {1, 6}, {3, 5}, {4}], [{8}, {2, 7}, {3, 6}, {1, 5}, {4}], [{8}, {2, 7}, {3, 6}, {4, 5}, {1}], [{8}, {2, 7}, {3, 6}, {5}, {1, 4}], [{8}, {2, 7}, {3, 6}, {5}, {4}, {1}], [{8}, {2, 7}, {4, 6}, {1, 5}, {3}], [{8}, {2, 7}, {5, 6}, {4}, {1, 3}], [{8}, {2, 7}, {6}, {1, 5}, {3, 4}], [{8}, {2, 7}, {6}, {1, 5}, {4}, {3}], [{8}, {3, 7}, {2, 6}, {1, 5}, {4}], [{8}, {3, 7}, {4, 6}, {2, 5}, {1}], [{8}, {3, 7}, {6}, {4, 5}, {1, 2}], [{8}, {4, 7}, {3, 6}, {1, 5}, {2}], [{8}, {4, 7}, {3, 6}, {2, 5}, {1}], [{8}, {4, 7}, {3, 6}, {5}, {1, 2}], [{8}, {4, 7}, {3, 6}, {5}, {2}, {1}], [{8}, {4, 7}, {5, 6}, {3}, {1, 2}], [{8}, {4, 7}, {6}, {3, 5}, {1, 2}], [{8}, {5, 7}, {3, 6}, {1, 4}, {2}], [{8}, {5, 7}, {3, 6}, {2, 4}, {1}], [{8}, {5, 7}, {3, 6}, {4}, {1, 2}], [{8}, {5, 7}, {3, 6}, {4}, {2}, {1}], [{8}, {6, 7}, {1, 5}, {4}, {2, 3}], [{8}, {6, 7}, {2, 5}, {3, 4}, {1}], [{8}, {6, 7}, {4, 5}, {3}, {1, 2}], [{8}, {7}, {2, 6}, {3, 5}, {1, 4}], [{8}, {7}, {3, 6}, {1, 5}, {2, 4}], [{8}, {7}, {3, 6}, {1, 5}, {4}, {2}], [{8}, {7}, {3, 6}, {2, 5}, {1, 4}], [{8}, {7}, {3, 6}, {2, 5}, {4}, {1}], [{8}, {7}, {3, 6}, {4, 5}, {1, 2}], [{8}, {7}, {3, 6}, {4, 5}, {2}, {1}], [{8}, {7}, {3, 6}, {5}, {1, 4}, {2}], [{8}, {7}, {3, 6}, {5}, {2, 4}, {1}], [{8}, {7}, {3, 6}, {5}, {4}, {1, 2}], [{8}, {7}, {3, 6}, {5}, {4}, {2}, {1}], [{8}, {7}, {5, 6}, {1, 4}, {2, 3}]]",2,24 K_1^3 + 8 K_1^2 K_2 - 34 K_1^2 - 20 K_1 K_2 - 4 K_1 K_3 - 8 K_1 + 15 K_2 + 4 K_3 + 16,O1O2O3O4U5U6U4O7U3O8O6U1U8O5U2U7,O1O2O3U1U4U5U6O7O5U3O8O6U2U8O4U7,O1O2O3U4O5U6U2O7O6U1O8O4U7U8U5U3,c,{'O1O2O3O4U5U3O6U7U4O8O7U2O5U1U8U6'},1,"<a href=""/flatknot/8.850702"">8.850702</a>",t^9-49t^7-152t^6-7t^5+374t^4+223t^3-166t^2-80t+32,-t^2+2t,,
8.850703,O1O2O3O4U5U3O6U7U4O8O7U2O5U6U1U8,4,16z^2+101z+139,16w^3z^2+101w^2z+139w,False,False,"[[ 0 -1 -1  0  2 -1  0  0  1],[ 1  0  0  0  2 -1  1  0  1],[ 1  0  0 -1  2 -1  1  0  0],[ 0  0  1  0  1 -1  0 -1 -1],[-2 -2 -2 -1  0 -1 -1 -2 -1],[ 1  1  1  1  1  0  0  1  1],[ 0 -1 -1  0  1  0  0  0  0],[ 0  0  0  1  2 -1  0  0  1],[-1 -1  0  1  1 -1  0 -1  0]]","[[ 0  2  1  0  0  0 -1 -1 -1],[-2  0 -1 -1 -1 -2 -1 -2 -2],[-1  1  0  1  0 -1 -1  0 -1],[ 0  1 -1  0  0 -1 -1  1  0],[ 0  1  0  0  0  0  0 -1 -1],[ 0  2  1  1  0  0 -1  0  0],[ 1  1  1  1  0  1  0  1  1],[ 1  2  0 -1  1  0 -1  0  0],[ 1  2  1  0  1  0 -1  0  0]]",True,"[-2,-1,0,0,0,1,1,1,1,1,1,2,1,2,2,-1,0,1,1,0,1,0,1,1,-1,0,0,0,1,1,1,0,0,-1,-1,0]","[-2,-1,0,0,0,1,1,1,0,0,1,1,1,1,2,0,1,2,1,2,1,0,1,1,1,0,0,0,0,1,1,2,0,0,-1,-1]",t^8+28t^6+123t^4+70t^2+1,"[-1,-1,-1,0,0,0,1,2,-1,-1,0,0,1,1,2,0,1,1,0,1,1,1,2,0,2,1,-1,0,0,0,0,2,1,1,1,0]","[-2,-1,0,0,0,1,1,1,0,0,1,1,1,1,2,0,1,2,1,2,1,0,1,1,1,0,0,0,0,1,1,2,0,0,-1,-1]","[-1,-1,-1,0,0,0,1,2,-1,0,-1,0,1,0,2,1,1,1,0,1,1,0,0,1,1,2,-1,0,-1,1,0,1,2,0,1,1]",c,"[[{8, 1}, {2, 7}, {3, 6}, {4, 5}], [{8, 1}, {2, 7}, {4, 6}, {3, 5}], [{8, 1}, {2, 7}, {5, 6}, {3, 4}], [{8, 1}, {2, 7}, {6}, {4, 5}, {3}], [{8, 1}, {3, 7}, {2, 6}, {4, 5}], [{8, 1}, {3, 7}, {2, 6}, {5}, {4}], [{8, 1}, {3, 7}, {4, 6}, {2, 5}], [{8, 1}, {3, 7}, {5, 6}, {2, 4}], [{8, 1}, {4, 7}, {2, 6}, {3, 5}], [{8, 1}, {4, 7}, {3, 6}, {2, 5}], [{8, 1}, {4, 7}, {5, 6}, {2, 3}], [{8, 1}, {4, 7}, {6}, {2, 5}, {3}], [{8, 1}, {5, 7}, {2, 6}, {3, 4}], [{8, 1}, {5, 7}, {3, 6}, {2, 4}], [{8, 1}, {5, 7}, {4, 6}, {2, 3}], [{8, 1}, {5, 7}, {6}, {2, 4}, {3}], [{8, 1}, {6, 7}, {2, 5}, {3, 4}], [{8, 1}, {6, 7}, {2, 5}, {4}, {3}], [{8, 1}, {6, 7}, {3, 5}, {2, 4}], [{8, 1}, {6, 7}, {4, 5}, {2, 3}], [{8, 1}, {6, 7}, {4, 5}, {3}, {2}], [{8, 1}, {6, 7}, {5}, {2, 4}, {3}], [{8, 1}, {7}, {2, 6}, {4, 5}, {3}], [{8, 1}, {7}, {4, 6}, {2, 5}, {3}], [{8, 1}, {7}, {5, 6}, {2, 4}, {3}], [{8, 2}, {1, 7}, {3, 6}, {4, 5}], [{8, 2}, {1, 7}, {3, 6}, {5}, {4}], [{8, 2}, {1, 7}, {4, 6}, {3, 5}], [{8, 2}, {1, 7}, {4, 6}, {5}, {3}], [{8, 2}, {1, 7}, {5, 6}, {3, 4}], [{8, 2}, {1, 7}, {6}, {5}, {3, 4}], [{8, 2}, {3, 7}, {1, 6}, {4, 5}], [{8, 2}, {3, 7}, {1, 6}, {5}, {4}], [{8, 2}, {3, 7}, {4, 6}, {1, 5}], [{8, 2}, {3, 7}, {5, 6}, {1, 4}], [{8, 2}, {4, 7}, {1, 6}, {3, 5}], [{8, 2}, {4, 7}, {3, 6}, {1, 5}], [{8, 2}, {4, 7}, {5, 6}, {1, 3}], [{8, 2}, {4, 7}, {5, 6}, {3}, {1}], [{8, 2}, {5, 7}, {1, 6}, {3, 4}], [{8, 2}, {5, 7}, {3, 6}, {1, 4}], [{8, 2}, {5, 7}, {4, 6}, {1, 3}], [{8, 2}, {6, 7}, {1, 5}, {3, 4}], [{8, 2}, {6, 7}, {1, 5}, {4}, {3}], [{8, 2}, {6, 7}, {3, 5}, {1, 4}], [{8, 2}, {6, 7}, {4, 5}, {1, 3}], [{8, 2}, {6, 7}, {4, 5}, {3}, {1}], [{8, 2}, {6, 7}, {5}, {1, 4}, {3}], [{8, 3}, {1, 7}, {2, 6}, {4, 5}], [{8, 3}, {1, 7}, {4, 6}, {2, 5}], [{8, 3}, {1, 7}, {5, 6}, {2, 4}], [{8, 3}, {1, 7}, {5, 6}, {4}, {2}], [{8, 3}, {2, 7}, {1, 6}, {4, 5}], [{8, 3}, {2, 7}, {1, 6}, {5}, {4}], [{8, 3}, {2, 7}, {4, 6}, {1, 5}], [{8, 3}, {2, 7}, {5, 6}, {1, 4}], [{8, 3}, {2, 7}, {5, 6}, {4}, {1}], [{8, 3}, {2, 7}, {6}, {1, 5}, {4}], [{8, 3}, {4, 7}, {1, 6}, {2, 5}], [{8, 3}, {4, 7}, {2, 6}, {1, 5}], [{8, 3}, {4, 7}, {5, 6}, {1, 2}], [{8, 3}, {4, 7}, {6}, {1, 5}, {2}], [{8, 3}, {5, 7}, {1, 6}, {2, 4}], [{8, 3}, {5, 7}, {2, 6}, {1, 4}], [{8, 3}, {5, 7}, {4, 6}, {1, 2}], [{8, 3}, {6, 7}, {1, 5}, {2, 4}], [{8, 3}, {6, 7}, {2, 5}, {1, 4}], [{8, 3}, {6, 7}, {4, 5}, {1, 2}], [{8, 3}, {7}, {5, 6}, {4}, {1, 2}], [{8, 3}, {7}, {6}, {1, 5}, {2, 4}], [{8, 3}, {7}, {6}, {2, 5}, {1, 4}], [{8, 4}, {1, 7}, {2, 6}, {3, 5}], [{8, 4}, {1, 7}, {3, 6}, {2, 5}], [{8, 4}, {1, 7}, {5, 6}, {2, 3}], [{8, 4}, {2, 7}, {1, 6}, {3, 5}], [{8, 4}, {2, 7}, {3, 6}, {1, 5}], [{8, 4}, {2, 7}, {5, 6}, {1, 3}], [{8, 4}, {2, 7}, {6}, {3, 5}, {1}], [{8, 4}, {3, 7}, {1, 6}, {2, 5}], [{8, 4}, {3, 7}, {1, 6}, {5}, {2}], [{8, 4}, {3, 7}, {2, 6}, {1, 5}], [{8, 4}, {3, 7}, {5, 6}, {1, 2}], [{8, 4}, {5, 7}, {1, 6}, {2, 3}], [{8, 4}, {5, 7}, {2, 6}, {1, 3}], [{8, 4}, {5, 7}, {3, 6}, {1, 2}], [{8, 4}, {6, 7}, {1, 5}, {2, 3}], [{8, 4}, {6, 7}, {2, 5}, {1, 3}], [{8, 4}, {6, 7}, {3, 5}, {1, 2}], [{8, 4}, {6, 7}, {3, 5}, {2}, {1}], [{8, 4}, {7}, {2, 6}, {3, 5}, {1}], [{8, 4}, {7}, {6}, {1, 5}, {2, 3}], [{8, 4}, {7}, {6}, {2, 5}, {1, 3}], [{8, 5}, {1, 7}, {2, 6}, {3, 4}], [{8, 5}, {1, 7}, {3, 6}, {2, 4}], [{8, 5}, {1, 7}, {4, 6}, {2, 3}], [{8, 5}, {2, 7}, {1, 6}, {3, 4}], [{8, 5}, {2, 7}, {3, 6}, {1, 4}], [{8, 5}, {2, 7}, {4, 6}, {1, 3}], [{8, 5}, {3, 7}, {1, 6}, {2, 4}], [{8, 5}, {3, 7}, {2, 6}, {1, 4}], [{8, 5}, {3, 7}, {4, 6}, {1, 2}], [{8, 5}, {4, 7}, {1, 6}, {2, 3}], [{8, 5}, {4, 7}, {2, 6}, {1, 3}], [{8, 5}, {4, 7}, {2, 6}, {3}, {1}], [{8, 5}, {4, 7}, {3, 6}, {1, 2}], [{8, 5}, {6, 7}, {1, 4}, {2, 3}], [{8, 5}, {6, 7}, {2, 4}, {1, 3}], [{8, 5}, {6, 7}, {3, 4}, {1, 2}], [{8, 5}, {7}, {6}, {1, 4}, {2, 3}], [{8, 5}, {7}, {6}, {2, 4}, {1, 3}], [{8, 5}, {7}, {6}, {3, 4}, {1, 2}], [{8, 6}, {1, 7}, {2, 5}, {3, 4}], [{8, 6}, {1, 7}, {2, 5}, {4}, {3}], [{8, 6}, {1, 7}, {3, 5}, {2, 4}], [{8, 6}, {1, 7}, {4, 5}, {2, 3}], [{8, 6}, {1, 7}, {4, 5}, {3}, {2}], [{8, 6}, {1, 7}, {5}, {2, 4}, {3}], [{8, 6}, {2, 7}, {1, 5}, {3, 4}], [{8, 6}, {2, 7}, {3, 5}, {1, 4}], [{8, 6}, {2, 7}, {4, 5}, {1, 3}], [{8, 6}, {2, 7}, {5}, {4}, {1, 3}], [{8, 6}, {3, 7}, {1, 5}, {2, 4}], [{8, 6}, {3, 7}, {2, 5}, {1, 4}], [{8, 6}, {3, 7}, {4, 5}, {1, 2}], [{8, 6}, {3, 7}, {5}, {1, 4}, {2}], [{8, 6}, {4, 7}, {1, 5}, {2, 3}], [{8, 6}, {4, 7}, {2, 5}, {1, 3}], [{8, 6}, {4, 7}, {3, 5}, {1, 2}], [{8, 6}, {5, 7}, {1, 4}, {2, 3}], [{8, 6}, {5, 7}, {2, 4}, {1, 3}], [{8, 6}, {5, 7}, {3, 4}, {1, 2}], [{8, 6}, {7}, {1, 5}, {3, 4}, {2}], [{8, 7}, {1, 6}, {2, 5}, {3, 4}], [{8, 7}, {1, 6}, {3, 5}, {2, 4}], [{8, 7}, {1, 6}, {4, 5}, {2, 3}], [{8, 7}, {2, 6}, {1, 5}, {3, 4}], [{8, 7}, {2, 6}, {3, 5}, {1, 4}], [{8, 7}, {2, 6}, {4, 5}, {1, 3}], [{8, 7}, {3, 6}, {1, 5}, {2, 4}], [{8, 7}, {3, 6}, {1, 5}, {4}, {2}], [{8, 7}, {3, 6}, {2, 5}, {1, 4}], [{8, 7}, {3, 6}, {4, 5}, {1, 2}], [{8, 7}, {4, 6}, {1, 5}, {2, 3}], [{8, 7}, {4, 6}, {2, 5}, {1, 3}], [{8, 7}, {4, 6}, {3, 5}, {1, 2}], [{8, 7}, {5, 6}, {1, 4}, {2, 3}], [{8, 7}, {5, 6}, {2, 4}, {1, 3}], [{8, 7}, {5, 6}, {3, 4}, {1, 2}], [{8, 7}, {5, 6}, {3, 4}, {2}, {1}], [{8, 7}, {6}, {4, 5}, {2, 3}, {1}], [{8}, {2, 7}, {3, 6}, {5}, {1, 4}], [{8}, {3, 7}, {1, 6}, {5}, {2, 4}], [{8}, {4, 7}, {1, 6}, {5}, {2, 3}], [{8}, {5, 7}, {1, 6}, {4}, {2, 3}], [{8}, {5, 7}, {2, 6}, {1, 4}, {3}], [{8}, {6, 7}, {2, 5}, {3, 4}, {1}], [{8}, {6, 7}, {4, 5}, {3}, {1, 2}], [{8}, {7}, {1, 6}, {4, 5}, {2, 3}], [{8}, {7}, {4, 6}, {3, 5}, {1, 2}]]",2,20 K_1^3 - 30 K_1^2 - 20 K_1 K_2 - 5 K_1 + 15 K_2 + 5 K_3 + 16,O1O2O3O4U5U4U6O7U3O8O5U1U8O6U2U7,O1O2O3U2U4U5U6O7O5U1O8O6U3U8O4U7,O1O2O3U4O5U6U1O7O6U3O8O4U7U8U5U2,c,{'O1O2O3O4U5U3O6U7U4O8O7U2O5U6U1U8'},1,"<a href=""/flatknot/8.850703"">8.850703</a>",t^9-26t^7-54t^6+24t^5+140t^4+64t^3-66t^2-18t+18,-t^2+2t,,
8.850704,O1O2O3O4U5U3O6U7U4O8O7U2O5U8U1U6,4,z^3+28z^2+102z+101,w^4z^3-4w^4z^2+32w^3z^2-4w^3z+106w^2z+101w,False,False,"[[ 0 -1 -1  0  2 -1  2  0 -1],[ 1  0  0  0  3 -1  2  1 -1],[ 1  0  0 -1  2 -1  2  0 -1],[ 0  0  1  0  1 -1  0 -1 -1],[-2 -3 -2 -1  0 -1 -1 -2 -2],[ 1  1  1  1  1  0  1  1  0],[-2 -2 -2  0  1 -1  0 -1 -1],[ 0 -1  0  1  2 -1  1  0 -1],[ 1  1  1  1  2  0  1  1  0]]","[[ 0  2  2  0  0 -1 -1 -1 -1],[-2  0  1  0 -1 -1 -1 -2 -2],[-2 -1  0 -1 -2 -1 -2 -2 -3],[ 0  0  1  0 -1 -1 -1  1  0],[ 0  1  2  1  0 -1 -1  0 -1],[ 1  1  1  1  1  0  0  1  1],[ 1  1  2  1  1  0  0  1  1],[ 1  2  2 -1  0 -1 -1  0  0],[ 1  2  3  0  1 -1 -1  0  0]]",True,"[-2,-2,0,0,1,1,1,1,-1,0,1,1,1,2,2,1,2,1,2,2,3,1,1,1,-1,0,1,1,0,1,0,-1,-1,-1,-1,0]","[-2,-2,0,0,1,1,1,1,-1,0,1,0,1,1,2,1,2,1,1,2,2,1,0,1,0,0,1,2,0,0,0,-1,-1,-1,-1,0]",t^8+46t^6+181t^4+70t^2+4,"[-1,-1,-1,-1,0,0,2,2,-1,-1,0,0,0,1,2,0,1,0,1,0,1,1,1,2,1,1,0,0,2,2,-1,0,1,1,2,1]","[-2,-2,0,0,1,1,1,1,-1,0,1,0,1,1,2,1,2,1,1,2,2,1,0,1,0,0,1,2,0,0,0,-1,-1,-1,-1,0]","[-1,-1,-1,-1,0,0,2,2,-1,-1,0,-1,0,2,2,0,1,1,1,1,1,1,1,1,1,2,0,1,2,3,-1,0,1,1,2,1]",c,"[[{8, 1}, {2, 7}, {3, 6}, {4, 5}], [{8, 1}, {2, 7}, {4, 6}, {3, 5}], [{8, 1}, {2, 7}, {5, 6}, {3, 4}], [{8, 1}, {3, 7}, {2, 6}, {4, 5}], [{8, 1}, {3, 7}, {4, 6}, {2, 5}], [{8, 1}, {3, 7}, {5, 6}, {2, 4}], [{8, 1}, {4, 7}, {2, 6}, {3, 5}], [{8, 1}, {4, 7}, {3, 6}, {2, 5}], [{8, 1}, {4, 7}, {5, 6}, {2, 3}], [{8, 1}, {5, 7}, {2, 6}, {3, 4}], [{8, 1}, {5, 7}, {3, 6}, {2, 4}], [{8, 1}, {5, 7}, {4, 6}, {2, 3}], [{8, 1}, {6, 7}, {2, 5}, {3, 4}], [{8, 1}, {6, 7}, {3, 5}, {2, 4}], [{8, 1}, {6, 7}, {4, 5}, {2, 3}], [{8, 2}, {1, 7}, {3, 6}, {4, 5}], [{8, 2}, {1, 7}, {3, 6}, {5}, {4}], [{8, 2}, {1, 7}, {4, 6}, {3, 5}], [{8, 2}, {1, 7}, {5, 6}, {3, 4}], [{8, 2}, {3, 7}, {1, 6}, {4, 5}], [{8, 2}, {3, 7}, {4, 6}, {1, 5}], [{8, 2}, {3, 7}, {5, 6}, {1, 4}], [{8, 2}, {4, 7}, {1, 6}, {3, 5}], [{8, 2}, {4, 7}, {3, 6}, {1, 5}], [{8, 2}, {4, 7}, {5, 6}, {1, 3}], [{8, 2}, {5, 7}, {1, 6}, {3, 4}], [{8, 2}, {5, 7}, {3, 6}, {1, 4}], [{8, 2}, {5, 7}, {4, 6}, {1, 3}], [{8, 2}, {6, 7}, {1, 5}, {3, 4}], [{8, 2}, {6, 7}, {3, 5}, {1, 4}], [{8, 2}, {6, 7}, {3, 5}, {4}, {1}], [{8, 2}, {6, 7}, {4, 5}, {1, 3}], [{8, 2}, {6, 7}, {4, 5}, {3}, {1}], [{8, 2}, {6, 7}, {5}, {3, 4}, {1}], [{8, 2}, {7}, {4, 6}, {1, 5}, {3}], [{8, 2}, {7}, {5, 6}, {4}, {1, 3}], [{8, 3}, {1, 7}, {2, 6}, {4, 5}], [{8, 3}, {1, 7}, {2, 6}, {5}, {4}], [{8, 3}, {1, 7}, {4, 6}, {2, 5}], [{8, 3}, {1, 7}, {5, 6}, {2, 4}], [{8, 3}, {2, 7}, {1, 6}, {4, 5}], [{8, 3}, {2, 7}, {1, 6}, {5}, {4}], [{8, 3}, {2, 7}, {4, 6}, {1, 5}], [{8, 3}, {2, 7}, {5, 6}, {1, 4}], [{8, 3}, {2, 7}, {6}, {4, 5}, {1}], [{8, 3}, {4, 7}, {1, 6}, {2, 5}], [{8, 3}, {4, 7}, {2, 6}, {1, 5}], [{8, 3}, {4, 7}, {5, 6}, {1, 2}], [{8, 3}, {5, 7}, {1, 6}, {2, 4}], [{8, 3}, {5, 7}, {2, 6}, {1, 4}], [{8, 3}, {5, 7}, {4, 6}, {1, 2}], [{8, 3}, {5, 7}, {6}, {1, 4}, {2}], [{8, 3}, {6, 7}, {1, 5}, {2, 4}], [{8, 3}, {6, 7}, {1, 5}, {4}, {2}], [{8, 3}, {6, 7}, {2, 5}, {1, 4}], [{8, 3}, {6, 7}, {2, 5}, {4}, {1}], [{8, 3}, {6, 7}, {4, 5}, {1, 2}], [{8, 3}, {6, 7}, {5}, {4}, {1, 2}], [{8, 4}, {1, 7}, {2, 6}, {3, 5}], [{8, 4}, {1, 7}, {3, 6}, {2, 5}], [{8, 4}, {1, 7}, {5, 6}, {2, 3}], [{8, 4}, {2, 7}, {1, 6}, {3, 5}], [{8, 4}, {2, 7}, {3, 6}, {1, 5}], [{8, 4}, {2, 7}, {5, 6}, {1, 3}], [{8, 4}, {2, 7}, {6}, {5}, {1, 3}], [{8, 4}, {3, 7}, {1, 6}, {2, 5}], [{8, 4}, {3, 7}, {2, 6}, {1, 5}], [{8, 4}, {3, 7}, {5, 6}, {1, 2}], [{8, 4}, {5, 7}, {1, 6}, {2, 3}], [{8, 4}, {5, 7}, {2, 6}, {1, 3}], [{8, 4}, {5, 7}, {3, 6}, {1, 2}], [{8, 4}, {5, 7}, {6}, {1, 3}, {2}], [{8, 4}, {6, 7}, {1, 5}, {2, 3}], [{8, 4}, {6, 7}, {2, 5}, {1, 3}], [{8, 4}, {6, 7}, {3, 5}, {1, 2}], [{8, 4}, {6, 7}, {5}, {1, 3}, {2}], [{8, 4}, {7}, {1, 6}, {5}, {2, 3}], [{8, 4}, {7}, {2, 6}, {5}, {1, 3}], [{8, 4}, {7}, {3, 6}, {5}, {1, 2}], [{8, 4}, {7}, {5, 6}, {1, 3}, {2}], [{8, 4}, {7}, {6}, {2, 5}, {1, 3}], [{8, 4}, {7}, {6}, {5}, {1, 3}, {2}], [{8, 5}, {1, 7}, {2, 6}, {3, 4}], [{8, 5}, {1, 7}, {3, 6}, {2, 4}], [{8, 5}, {1, 7}, {4, 6}, {2, 3}], [{8, 5}, {2, 7}, {1, 6}, {3, 4}], [{8, 5}, {2, 7}, {3, 6}, {1, 4}], [{8, 5}, {2, 7}, {4, 6}, {1, 3}], [{8, 5}, {2, 7}, {6}, {1, 4}, {3}], [{8, 5}, {3, 7}, {1, 6}, {2, 4}], [{8, 5}, {3, 7}, {2, 6}, {1, 4}], [{8, 5}, {3, 7}, {4, 6}, {1, 2}], [{8, 5}, {4, 7}, {1, 6}, {2, 3}], [{8, 5}, {4, 7}, {2, 6}, {1, 3}], [{8, 5}, {4, 7}, {3, 6}, {1, 2}], [{8, 5}, {6, 7}, {1, 4}, {2, 3}], [{8, 5}, {6, 7}, {2, 4}, {1, 3}], [{8, 5}, {6, 7}, {3, 4}, {1, 2}], [{8, 5}, {7}, {4, 6}, {1, 3}, {2}], [{8, 6}, {1, 7}, {2, 5}, {3, 4}], [{8, 6}, {1, 7}, {3, 5}, {2, 4}], [{8, 6}, {1, 7}, {4, 5}, {2, 3}], [{8, 6}, {1, 7}, {5}, {2, 4}, {3}], [{8, 6}, {2, 7}, {1, 5}, {3, 4}], [{8, 6}, {2, 7}, {1, 5}, {4}, {3}], [{8, 6}, {2, 7}, {3, 5}, {1, 4}], [{8, 6}, {2, 7}, {4, 5}, {1, 3}], [{8, 6}, {2, 7}, {5}, {3, 4}, {1}], [{8, 6}, {3, 7}, {1, 5}, {2, 4}], [{8, 6}, {3, 7}, {2, 5}, {1, 4}], [{8, 6}, {3, 7}, {4, 5}, {1, 2}], [{8, 6}, {4, 7}, {1, 5}, {2, 3}], [{8, 6}, {4, 7}, {2, 5}, {1, 3}], [{8, 6}, {4, 7}, {3, 5}, {1, 2}], [{8, 6}, {5, 7}, {1, 4}, {2, 3}], [{8, 6}, {5, 7}, {2, 4}, {1, 3}], [{8, 6}, {5, 7}, {3, 4}, {1, 2}], [{8, 6}, {7}, {4, 5}, {1, 3}, {2}], [{8, 7}, {1, 6}, {2, 5}, {3, 4}], [{8, 7}, {1, 6}, {3, 5}, {2, 4}], [{8, 7}, {1, 6}, {4, 5}, {2, 3}], [{8, 7}, {2, 6}, {1, 5}, {3, 4}], [{8, 7}, {2, 6}, {3, 5}, {1, 4}], [{8, 7}, {2, 6}, {4, 5}, {1, 3}], [{8, 7}, {3, 6}, {1, 5}, {2, 4}], [{8, 7}, {3, 6}, {2, 5}, {1, 4}], [{8, 7}, {3, 6}, {4, 5}, {1, 2}], [{8, 7}, {4, 6}, {1, 5}, {2, 3}], [{8, 7}, {4, 6}, {2, 5}, {1, 3}], [{8, 7}, {4, 6}, {3, 5}, {1, 2}], [{8, 7}, {4, 6}, {5}, {3}, {1, 2}], [{8, 7}, {5, 6}, {1, 4}, {2, 3}], [{8, 7}, {5, 6}, {2, 4}, {1, 3}], [{8, 7}, {5, 6}, {3, 4}, {1, 2}], [{8, 7}, {5, 6}, {4}, {1, 3}, {2}], [{8, 7}, {6}, {5}, {1, 4}, {2, 3}], [{8}, {1, 7}, {6}, {3, 5}, {2, 4}], [{8}, {1, 7}, {6}, {4, 5}, {2, 3}], [{8}, {2, 7}, {5, 6}, {4}, {1, 3}], [{8}, {3, 7}, {2, 6}, {5}, {1, 4}], [{8}, {4, 7}, {3, 6}, {1, 5}, {2}], [{8}, {4, 7}, {5, 6}, {1, 3}, {2}], [{8}, {5, 7}, {2, 6}, {3, 4}, {1}], [{8}, {5, 7}, {3, 6}, {2, 4}, {1}], [{8}, {7}, {5, 6}, {2, 4}, {1, 3}], [{8}, {7}, {5, 6}, {4}, {1, 3}, {2}]]",2,- 4 K_1^2 - 4 K_1 K_2 + 2 K_1 + 2 K_2 + 2 K_3 + 3,O1O2O3O4U5U4U6O7U3O8O6U1U8O5U2U7,O1O2O3U2U4U5U6O7O5U3O8O6U1U8O4U7,O1O2O3U4O5U6U3O7O6U1O8O4U7U8U5U2,c,{'O1O2O3O4U5U3O6U7U4O8O7U2O5U8U1U6'},1,"<a href=""/flatknot/8.850704"">8.850704</a>",t^9-42t^7-134t^6-89t^5+62t^4-16t^3-30t^2+73t-10,-2t^2+4t,,
8.850705,O1O2O3O4U5U3O6U7U4O8O7U8O5U1U2U6,4,4z^3+37z^2+102z+89,4w^4z^3-4w^4z^2+41w^3z^2-8w^3z+110w^2z+89w,False,False,"[[ 0 -2  0  0  2 -1  2  0 -1],[ 2  0  1  0  3  0  2  2 -1],[ 0 -1  0  0  3 -2  1  0 -1],[ 0  0  0  0  1 -1  0 -1  0],[-2 -3 -3 -1  0 -1 -1 -2 -1],[ 1  0  2  1  1  0  2  0  0],[-2 -2 -1  0  1 -2  0 -1 -1],[ 0 -2  0  1  2  0  1  0 -1],[ 1  1  1  0  1  0  1  1  0]]","[[ 0  2  2  0  0  0 -1 -1 -2],[-2  0  1  0 -1 -1 -1 -2 -2],[-2 -1  0 -1 -2 -3 -1 -1 -3],[ 0  0  1  0 -1  0  0 -1  0],[ 0  1  2  1  0  0 -1  0 -2],[ 0  1  3  0  0  0 -1 -2 -1],[ 1  1  1  0  1  1  0  0  1],[ 1  2  1  1  0  2  0  0  0],[ 2  2  3  0  2  1 -1  0  0]]",True,"[-2,-2,0,0,0,1,1,2,-1,0,1,1,1,2,2,1,2,3,1,1,3,1,0,0,1,0,0,1,0,2,1,2,1,0,-1,0]","[-2,-2,0,0,0,1,1,2,-1,-1,0,1,2,2,1,1,1,2,1,2,2,0,0,-1,0,1,1,1,0,0,0,1,2,0,1,2]",t^8+51t^6+256t^4+151t^2+1,"[-2,-1,-1,0,0,0,2,2,1,2,0,1,2,1,2,0,1,-1,0,2,1,0,0,1,2,2,0,-1,0,1,0,-1,1,1,2,1]","[-2,-2,0,0,0,1,1,2,-1,-1,0,1,2,2,1,1,1,2,1,2,2,0,0,-1,0,1,1,1,0,0,0,1,2,0,1,2]","[-2,-1,-1,0,0,0,2,2,-1,0,0,1,2,2,3,0,0,1,1,1,1,1,2,0,2,1,0,-1,0,1,0,1,3,1,2,1]",c,"[[{8, 1}, {2, 7}, {3, 6}, {4, 5}], [{8, 1}, {2, 7}, {4, 6}, {3, 5}], [{8, 1}, {2, 7}, {5, 6}, {3, 4}], [{8, 1}, {3, 7}, {2, 6}, {4, 5}], [{8, 1}, {3, 7}, {4, 6}, {2, 5}], [{8, 1}, {3, 7}, {4, 6}, {5}, {2}], [{8, 1}, {3, 7}, {5, 6}, {2, 4}], [{8, 1}, {3, 7}, {5, 6}, {4}, {2}], [{8, 1}, {3, 7}, {6}, {4, 5}, {2}], [{8, 1}, {4, 7}, {2, 6}, {3, 5}], [{8, 1}, {4, 7}, {3, 6}, {2, 5}], [{8, 1}, {4, 7}, {5, 6}, {2, 3}], [{8, 1}, {5, 7}, {2, 6}, {3, 4}], [{8, 1}, {5, 7}, {3, 6}, {2, 4}], [{8, 1}, {5, 7}, {4, 6}, {2, 3}], [{8, 1}, {6, 7}, {2, 5}, {3, 4}], [{8, 1}, {6, 7}, {3, 5}, {2, 4}], [{8, 1}, {6, 7}, {4, 5}, {2, 3}], [{8, 2}, {1, 7}, {3, 6}, {4, 5}], [{8, 2}, {1, 7}, {4, 6}, {3, 5}], [{8, 2}, {1, 7}, {5, 6}, {3, 4}], [{8, 2}, {3, 7}, {1, 6}, {4, 5}], [{8, 2}, {3, 7}, {4, 6}, {1, 5}], [{8, 2}, {3, 7}, {4, 6}, {5}, {1}], [{8, 2}, {3, 7}, {5, 6}, {1, 4}], [{8, 2}, {4, 7}, {1, 6}, {3, 5}], [{8, 2}, {4, 7}, {3, 6}, {1, 5}], [{8, 2}, {4, 7}, {5, 6}, {1, 3}], [{8, 2}, {5, 7}, {1, 6}, {3, 4}], [{8, 2}, {5, 7}, {3, 6}, {1, 4}], [{8, 2}, {5, 7}, {4, 6}, {1, 3}], [{8, 2}, {5, 7}, {6}, {4}, {1, 3}], [{8, 2}, {6, 7}, {1, 5}, {3, 4}], [{8, 2}, {6, 7}, {3, 5}, {1, 4}], [{8, 2}, {6, 7}, {4, 5}, {1, 3}], [{8, 2}, {7}, {1, 6}, {4, 5}, {3}], [{8, 3}, {1, 7}, {2, 6}, {4, 5}], [{8, 3}, {1, 7}, {4, 6}, {2, 5}], [{8, 3}, {1, 7}, {5, 6}, {2, 4}], [{8, 3}, {2, 7}, {1, 6}, {4, 5}], [{8, 3}, {2, 7}, {4, 6}, {1, 5}], [{8, 3}, {2, 7}, {4, 6}, {5}, {1}], [{8, 3}, {2, 7}, {5, 6}, {1, 4}], [{8, 3}, {4, 7}, {1, 6}, {2, 5}], [{8, 3}, {4, 7}, {2, 6}, {1, 5}], [{8, 3}, {4, 7}, {5, 6}, {1, 2}], [{8, 3}, {5, 7}, {1, 6}, {2, 4}], [{8, 3}, {5, 7}, {2, 6}, {1, 4}], [{8, 3}, {5, 7}, {4, 6}, {1, 2}], [{8, 3}, {6, 7}, {1, 5}, {2, 4}], [{8, 3}, {6, 7}, {2, 5}, {1, 4}], [{8, 3}, {6, 7}, {4, 5}, {1, 2}], [{8, 3}, {7}, {1, 6}, {4, 5}, {2}], [{8, 3}, {7}, {4, 6}, {1, 5}, {2}], [{8, 3}, {7}, {6}, {2, 5}, {1, 4}], [{8, 4}, {1, 7}, {2, 6}, {3, 5}], [{8, 4}, {1, 7}, {3, 6}, {2, 5}], [{8, 4}, {1, 7}, {5, 6}, {2, 3}], [{8, 4}, {2, 7}, {1, 6}, {3, 5}], [{8, 4}, {2, 7}, {1, 6}, {5}, {3}], [{8, 4}, {2, 7}, {3, 6}, {1, 5}], [{8, 4}, {2, 7}, {5, 6}, {1, 3}], [{8, 4}, {3, 7}, {1, 6}, {2, 5}], [{8, 4}, {3, 7}, {1, 6}, {5}, {2}], [{8, 4}, {3, 7}, {2, 6}, {1, 5}], [{8, 4}, {3, 7}, {5, 6}, {1, 2}], [{8, 4}, {3, 7}, {5, 6}, {2}, {1}], [{8, 4}, {3, 7}, {6}, {1, 5}, {2}], [{8, 4}, {5, 7}, {1, 6}, {2, 3}], [{8, 4}, {5, 7}, {1, 6}, {3}, {2}], [{8, 4}, {5, 7}, {2, 6}, {1, 3}], [{8, 4}, {5, 7}, {3, 6}, {1, 2}], [{8, 4}, {5, 7}, {3, 6}, {2}, {1}], [{8, 4}, {5, 7}, {6}, {1, 3}, {2}], [{8, 4}, {6, 7}, {1, 5}, {2, 3}], [{8, 4}, {6, 7}, {2, 5}, {1, 3}], [{8, 4}, {6, 7}, {3, 5}, {1, 2}], [{8, 4}, {7}, {1, 6}, {2, 5}, {3}], [{8, 4}, {7}, {1, 6}, {3, 5}, {2}], [{8, 4}, {7}, {1, 6}, {5}, {2, 3}], [{8, 4}, {7}, {1, 6}, {5}, {3}, {2}], [{8, 5}, {1, 7}, {2, 6}, {3, 4}], [{8, 5}, {1, 7}, {3, 6}, {2, 4}], [{8, 5}, {1, 7}, {4, 6}, {2, 3}], [{8, 5}, {2, 7}, {1, 6}, {3, 4}], [{8, 5}, {2, 7}, {1, 6}, {4}, {3}], [{8, 5}, {2, 7}, {3, 6}, {1, 4}], [{8, 5}, {2, 7}, {4, 6}, {1, 3}], [{8, 5}, {3, 7}, {1, 6}, {2, 4}], [{8, 5}, {3, 7}, {1, 6}, {4}, {2}], [{8, 5}, {3, 7}, {2, 6}, {1, 4}], [{8, 5}, {3, 7}, {4, 6}, {1, 2}], [{8, 5}, {3, 7}, {4, 6}, {2}, {1}], [{8, 5}, {3, 7}, {6}, {1, 4}, {2}], [{8, 5}, {4, 7}, {1, 6}, {2, 3}], [{8, 5}, {4, 7}, {1, 6}, {3}, {2}], [{8, 5}, {4, 7}, {2, 6}, {1, 3}], [{8, 5}, {4, 7}, {3, 6}, {1, 2}], [{8, 5}, {4, 7}, {3, 6}, {2}, {1}], [{8, 5}, {4, 7}, {6}, {1, 3}, {2}], [{8, 5}, {6, 7}, {1, 4}, {2, 3}], [{8, 5}, {6, 7}, {2, 4}, {1, 3}], [{8, 5}, {6, 7}, {3, 4}, {1, 2}], [{8, 5}, {7}, {1, 6}, {2, 4}, {3}], [{8, 5}, {7}, {1, 6}, {3, 4}, {2}], [{8, 5}, {7}, {1, 6}, {4}, {2, 3}], [{8, 5}, {7}, {1, 6}, {4}, {3}, {2}], [{8, 6}, {1, 7}, {2, 5}, {3, 4}], [{8, 6}, {1, 7}, {3, 5}, {2, 4}], [{8, 6}, {1, 7}, {4, 5}, {2, 3}], [{8, 6}, {2, 7}, {1, 5}, {3, 4}], [{8, 6}, {2, 7}, {3, 5}, {1, 4}], [{8, 6}, {2, 7}, {4, 5}, {1, 3}], [{8, 6}, {3, 7}, {1, 5}, {2, 4}], [{8, 6}, {3, 7}, {1, 5}, {4}, {2}], [{8, 6}, {3, 7}, {2, 5}, {1, 4}], [{8, 6}, {3, 7}, {4, 5}, {1, 2}], [{8, 6}, {3, 7}, {4, 5}, {2}, {1}], [{8, 6}, {3, 7}, {5}, {1, 4}, {2}], [{8, 6}, {4, 7}, {1, 5}, {2, 3}], [{8, 6}, {4, 7}, {2, 5}, {1, 3}], [{8, 6}, {4, 7}, {3, 5}, {1, 2}], [{8, 6}, {5, 7}, {1, 4}, {2, 3}], [{8, 6}, {5, 7}, {2, 4}, {1, 3}], [{8, 6}, {5, 7}, {3, 4}, {1, 2}], [{8, 7}, {1, 6}, {2, 5}, {3, 4}], [{8, 7}, {1, 6}, {3, 5}, {2, 4}], [{8, 7}, {1, 6}, {4, 5}, {2, 3}], [{8, 7}, {1, 6}, {4, 5}, {3}, {2}], [{8, 7}, {2, 6}, {1, 5}, {3, 4}], [{8, 7}, {2, 6}, {3, 5}, {1, 4}], [{8, 7}, {2, 6}, {4, 5}, {1, 3}], [{8, 7}, {3, 6}, {1, 5}, {2, 4}], [{8, 7}, {3, 6}, {2, 5}, {1, 4}], [{8, 7}, {3, 6}, {4, 5}, {1, 2}], [{8, 7}, {3, 6}, {4, 5}, {2}, {1}], [{8, 7}, {4, 6}, {1, 5}, {2, 3}], [{8, 7}, {4, 6}, {1, 5}, {3}, {2}], [{8, 7}, {4, 6}, {2, 5}, {1, 3}], [{8, 7}, {4, 6}, {3, 5}, {1, 2}], [{8, 7}, {5, 6}, {1, 4}, {2, 3}], [{8, 7}, {5, 6}, {2, 4}, {1, 3}], [{8, 7}, {5, 6}, {3, 4}, {1, 2}], [{8, 7}, {6}, {4, 5}, {1, 3}, {2}], [{8}, {1, 7}, {2, 6}, {4, 5}, {3}], [{8}, {2, 7}, {1, 6}, {4, 5}, {3}], [{8}, {2, 7}, {5, 6}, {4}, {1, 3}], [{8}, {3, 7}, {1, 6}, {4, 5}, {2}], [{8}, {3, 7}, {4, 6}, {1, 5}, {2}], [{8}, {3, 7}, {4, 6}, {2, 5}, {1}], [{8}, {3, 7}, {4, 6}, {5}, {1, 2}], [{8}, {3, 7}, {5, 6}, {1, 4}, {2}], [{8}, {4, 7}, {5, 6}, {3}, {1, 2}], [{8}, {5, 7}, {3, 6}, {4}, {1, 2}], [{8}, {5, 7}, {6}, {2, 4}, {1, 3}], [{8}, {6, 7}, {4, 5}, {3}, {1, 2}], [{8}, {7}, {1, 6}, {4, 5}, {2, 3}], [{8}, {7}, {1, 6}, {4, 5}, {3}, {2}]]",2,4 K_1^3 + 4 K_1^2 K_2 - 8 K_1^2 - 4 K_1 K_2 - 2 K_1 K_3 - K_1 - 2 K_2^2 + 3 K_2 + K_3 + K_4 + 5,O1O2O3O4U5U3U4O6U7O8O7U1U8O5U2U6,O1O2O3U1U2U4U5O6O4U3O7O5U8U7O8U6,O1O2O3U4O5U6U5O7O6U1O8O4U7U8U2U3,c,{'O1O2O3O4U5U3O6U7U4O8O7U8O5U1U2U6'},1,"<a href=""/flatknot/8.850705"">8.850705</a>",t^9-49t^7-134t^6+121t^5+484t^4+33t^3-110t^2-102t-24,-t^2+2t,,
8.850706,O1O2O3O4U5U3O6U7U4O8O7U8O5U1U6U2,4,24z^2+109z+123,24w^3z^2+109w^2z+123w,False,False,"[[ 0 -2  1  0  2 -1  1  0 -1],[ 2  0  2  0  3  0  1  2 -1],[-1 -2  0  0  2 -2  0 -1 -1],[ 0  0  0  0  1 -1  0 -1  0],[-2 -3 -2 -1  0 -1 -1 -2 -1],[ 1  0  2  1  1  0  1  0  0],[-1 -1  0  0  1 -1  0  0 -1],[ 0 -2  1  1  2  0  0  0 -1],[ 1  1  1  0  1  0  1  1  0]]","[[ 0  2  1  1  0  0 -1 -1 -2],[-2  0 -1 -2 -1 -2 -1 -1 -3],[-1  1  0  0  0  0 -1 -1 -1],[-1  2  0  0  0 -1 -1 -2 -2],[ 0  1  0  0  0 -1  0 -1  0],[ 0  2  0  1  1  0 -1  0 -2],[ 1  1  1  1  0  1  0  0  1],[ 1  1  1  2  1  0  0  0  0],[ 2  3  1  2  0  2 -1  0  0]]",True,"[-2,-1,-1,0,0,1,1,2,1,2,1,2,1,1,3,0,0,0,1,1,1,0,1,1,2,2,1,0,1,0,1,0,2,0,-1,0]","[-2,-1,-1,0,0,1,1,2,-1,0,0,1,2,2,1,0,0,1,0,1,1,1,1,1,1,2,1,1,0,0,0,1,2,0,1,2]",t^8+42t^6+166t^4+79t^2+4,"[-2,-1,-1,0,0,1,1,2,1,2,0,2,1,2,1,0,1,0,0,1,2,0,1,1,1,2,-1,0,1,0,1,1,1,0,-1,0]","[-2,-1,-1,0,0,1,1,2,-1,0,0,1,2,2,1,0,0,1,0,1,1,1,1,1,1,2,1,1,0,0,0,1,2,0,1,2]","[-2,-1,-1,0,0,1,1,2,-1,0,0,2,1,2,3,0,0,1,1,1,1,1,0,1,2,1,-1,0,0,1,0,1,2,0,1,2]",c,"[[{8, 1}, {2, 7}, {3, 6}, {4, 5}], [{8, 1}, {2, 7}, {4, 6}, {3, 5}], [{8, 1}, {2, 7}, {4, 6}, {5}, {3}], [{8, 1}, {2, 7}, {5, 6}, {3, 4}], [{8, 1}, {3, 7}, {2, 6}, {4, 5}], [{8, 1}, {3, 7}, {4, 6}, {2, 5}], [{8, 1}, {3, 7}, {4, 6}, {5}, {2}], [{8, 1}, {3, 7}, {5, 6}, {2, 4}], [{8, 1}, {3, 7}, {5, 6}, {4}, {2}], [{8, 1}, {3, 7}, {6}, {4, 5}, {2}], [{8, 1}, {4, 7}, {2, 6}, {3, 5}], [{8, 1}, {4, 7}, {3, 6}, {2, 5}], [{8, 1}, {4, 7}, {5, 6}, {2, 3}], [{8, 1}, {5, 7}, {2, 6}, {3, 4}], [{8, 1}, {5, 7}, {3, 6}, {2, 4}], [{8, 1}, {5, 7}, {4, 6}, {2, 3}], [{8, 1}, {6, 7}, {2, 5}, {3, 4}], [{8, 1}, {6, 7}, {3, 5}, {2, 4}], [{8, 1}, {6, 7}, {4, 5}, {2, 3}], [{8, 1}, {7}, {4, 6}, {5}, {2, 3}], [{8, 2}, {1, 7}, {3, 6}, {4, 5}], [{8, 2}, {1, 7}, {4, 6}, {3, 5}], [{8, 2}, {1, 7}, {5, 6}, {3, 4}], [{8, 2}, {1, 7}, {6}, {4, 5}, {3}], [{8, 2}, {3, 7}, {1, 6}, {4, 5}], [{8, 2}, {3, 7}, {4, 6}, {1, 5}], [{8, 2}, {3, 7}, {4, 6}, {5}, {1}], [{8, 2}, {3, 7}, {5, 6}, {1, 4}], [{8, 2}, {4, 7}, {1, 6}, {3, 5}], [{8, 2}, {4, 7}, {3, 6}, {1, 5}], [{8, 2}, {4, 7}, {3, 6}, {5}, {1}], [{8, 2}, {4, 7}, {5, 6}, {1, 3}], [{8, 2}, {5, 7}, {1, 6}, {3, 4}], [{8, 2}, {5, 7}, {3, 6}, {1, 4}], [{8, 2}, {5, 7}, {4, 6}, {1, 3}], [{8, 2}, {6, 7}, {1, 5}, {3, 4}], [{8, 2}, {6, 7}, {3, 5}, {1, 4}], [{8, 2}, {6, 7}, {4, 5}, {1, 3}], [{8, 2}, {7}, {5, 6}, {1, 4}, {3}], [{8, 3}, {1, 7}, {2, 6}, {4, 5}], [{8, 3}, {1, 7}, {4, 6}, {2, 5}], [{8, 3}, {1, 7}, {4, 6}, {5}, {2}], [{8, 3}, {1, 7}, {5, 6}, {2, 4}], [{8, 3}, {1, 7}, {5, 6}, {4}, {2}], [{8, 3}, {1, 7}, {6}, {4, 5}, {2}], [{8, 3}, {2, 7}, {1, 6}, {4, 5}], [{8, 3}, {2, 7}, {4, 6}, {1, 5}], [{8, 3}, {2, 7}, {4, 6}, {5}, {1}], [{8, 3}, {2, 7}, {5, 6}, {1, 4}], [{8, 3}, {4, 7}, {1, 6}, {2, 5}], [{8, 3}, {4, 7}, {2, 6}, {1, 5}], [{8, 3}, {4, 7}, {5, 6}, {1, 2}], [{8, 3}, {5, 7}, {1, 6}, {2, 4}], [{8, 3}, {5, 7}, {2, 6}, {1, 4}], [{8, 3}, {5, 7}, {4, 6}, {1, 2}], [{8, 3}, {6, 7}, {1, 5}, {2, 4}], [{8, 3}, {6, 7}, {2, 5}, {1, 4}], [{8, 3}, {6, 7}, {4, 5}, {1, 2}], [{8, 3}, {7}, {1, 6}, {5}, {2, 4}], [{8, 3}, {7}, {4, 6}, {5}, {1, 2}], [{8, 4}, {1, 7}, {2, 6}, {3, 5}], [{8, 4}, {1, 7}, {3, 6}, {2, 5}], [{8, 4}, {1, 7}, {3, 6}, {5}, {2}], [{8, 4}, {1, 7}, {5, 6}, {2, 3}], [{8, 4}, {1, 7}, {5, 6}, {3}, {2}], [{8, 4}, {1, 7}, {6}, {3, 5}, {2}], [{8, 4}, {2, 7}, {1, 6}, {3, 5}], [{8, 4}, {2, 7}, {3, 6}, {1, 5}], [{8, 4}, {2, 7}, {5, 6}, {1, 3}], [{8, 4}, {3, 7}, {1, 6}, {2, 5}], [{8, 4}, {3, 7}, {2, 6}, {1, 5}], [{8, 4}, {3, 7}, {5, 6}, {1, 2}], [{8, 4}, {3, 7}, {6}, {1, 5}, {2}], [{8, 4}, {5, 7}, {1, 6}, {2, 3}], [{8, 4}, {5, 7}, {2, 6}, {1, 3}], [{8, 4}, {5, 7}, {3, 6}, {1, 2}], [{8, 4}, {5, 7}, {3, 6}, {2}, {1}], [{8, 4}, {6, 7}, {1, 5}, {2, 3}], [{8, 4}, {6, 7}, {1, 5}, {3}, {2}], [{8, 4}, {6, 7}, {2, 5}, {1, 3}], [{8, 4}, {6, 7}, {3, 5}, {1, 2}], [{8, 4}, {7}, {3, 6}, {1, 5}, {2}], [{8, 5}, {1, 7}, {2, 6}, {3, 4}], [{8, 5}, {1, 7}, {3, 6}, {2, 4}], [{8, 5}, {1, 7}, {3, 6}, {4}, {2}], [{8, 5}, {1, 7}, {4, 6}, {2, 3}], [{8, 5}, {1, 7}, {4, 6}, {3}, {2}], [{8, 5}, {1, 7}, {6}, {3, 4}, {2}], [{8, 5}, {2, 7}, {1, 6}, {3, 4}], [{8, 5}, {2, 7}, {3, 6}, {1, 4}], [{8, 5}, {2, 7}, {4, 6}, {1, 3}], [{8, 5}, {3, 7}, {1, 6}, {2, 4}], [{8, 5}, {3, 7}, {2, 6}, {1, 4}], [{8, 5}, {3, 7}, {4, 6}, {1, 2}], [{8, 5}, {3, 7}, {4, 6}, {2}, {1}], [{8, 5}, {4, 7}, {1, 6}, {2, 3}], [{8, 5}, {4, 7}, {2, 6}, {1, 3}], [{8, 5}, {4, 7}, {3, 6}, {1, 2}], [{8, 5}, {6, 7}, {1, 4}, {2, 3}], [{8, 5}, {6, 7}, {2, 4}, {1, 3}], [{8, 5}, {6, 7}, {2, 4}, {3}, {1}], [{8, 5}, {6, 7}, {3, 4}, {1, 2}], [{8, 5}, {7}, {4, 6}, {1, 3}, {2}], [{8, 6}, {1, 7}, {2, 5}, {3, 4}], [{8, 6}, {1, 7}, {3, 5}, {2, 4}], [{8, 6}, {1, 7}, {3, 5}, {4}, {2}], [{8, 6}, {1, 7}, {4, 5}, {2, 3}], [{8, 6}, {1, 7}, {4, 5}, {3}, {2}], [{8, 6}, {1, 7}, {5}, {3, 4}, {2}], [{8, 6}, {2, 7}, {1, 5}, {3, 4}], [{8, 6}, {2, 7}, {3, 5}, {1, 4}], [{8, 6}, {2, 7}, {4, 5}, {1, 3}], [{8, 6}, {3, 7}, {1, 5}, {2, 4}], [{8, 6}, {3, 7}, {1, 5}, {4}, {2}], [{8, 6}, {3, 7}, {2, 5}, {1, 4}], [{8, 6}, {3, 7}, {4, 5}, {1, 2}], [{8, 6}, {4, 7}, {1, 5}, {2, 3}], [{8, 6}, {4, 7}, {2, 5}, {1, 3}], [{8, 6}, {4, 7}, {3, 5}, {1, 2}], [{8, 6}, {5, 7}, {1, 4}, {2, 3}], [{8, 6}, {5, 7}, {2, 4}, {1, 3}], [{8, 6}, {5, 7}, {3, 4}, {1, 2}], [{8, 6}, {7}, {2, 5}, {1, 4}, {3}], [{8, 7}, {1, 6}, {2, 5}, {3, 4}], [{8, 7}, {1, 6}, {3, 5}, {2, 4}], [{8, 7}, {1, 6}, {4, 5}, {2, 3}], [{8, 7}, {1, 6}, {5}, {2, 4}, {3}], [{8, 7}, {2, 6}, {1, 5}, {3, 4}], [{8, 7}, {2, 6}, {3, 5}, {1, 4}], [{8, 7}, {2, 6}, {4, 5}, {1, 3}], [{8, 7}, {3, 6}, {1, 5}, {2, 4}], [{8, 7}, {3, 6}, {2, 5}, {1, 4}], [{8, 7}, {3, 6}, {4, 5}, {1, 2}], [{8, 7}, {3, 6}, {5}, {1, 4}, {2}], [{8, 7}, {4, 6}, {1, 5}, {2, 3}], [{8, 7}, {4, 6}, {2, 5}, {1, 3}], [{8, 7}, {4, 6}, {3, 5}, {1, 2}], [{8, 7}, {4, 6}, {5}, {3}, {1, 2}], [{8, 7}, {5, 6}, {1, 4}, {2, 3}], [{8, 7}, {5, 6}, {1, 4}, {3}, {2}], [{8, 7}, {5, 6}, {2, 4}, {1, 3}], [{8, 7}, {5, 6}, {3, 4}, {1, 2}], [{8, 7}, {6}, {1, 5}, {4}, {2, 3}], [{8, 7}, {6}, {3, 5}, {1, 4}, {2}], [{8, 7}, {6}, {4, 5}, {1, 3}, {2}], [{8}, {1, 7}, {2, 6}, {4, 5}, {3}], [{8}, {1, 7}, {3, 6}, {4, 5}, {2}], [{8}, {1, 7}, {4, 6}, {3, 5}, {2}], [{8}, {1, 7}, {5, 6}, {3, 4}, {2}], [{8}, {1, 7}, {6}, {4, 5}, {2, 3}], [{8}, {1, 7}, {6}, {4, 5}, {3}, {2}], [{8}, {2, 7}, {1, 6}, {4, 5}, {3}], [{8}, {2, 7}, {3, 6}, {1, 5}, {4}], [{8}, {2, 7}, {4, 6}, {5}, {1, 3}], [{8}, {2, 7}, {5, 6}, {1, 4}, {3}], [{8}, {3, 7}, {1, 6}, {5}, {2, 4}], [{8}, {3, 7}, {2, 6}, {5}, {1, 4}], [{8}, {3, 7}, {4, 6}, {1, 5}, {2}], [{8}, {3, 7}, {4, 6}, {2, 5}, {1}], [{8}, {3, 7}, {4, 6}, {5}, {1, 2}], [{8}, {4, 7}, {1, 6}, {2, 5}, {3}], [{8}, {4, 7}, {1, 6}, {3, 5}, {2}], [{8}, {4, 7}, {1, 6}, {5}, {2, 3}], [{8}, {4, 7}, {5, 6}, {3}, {1, 2}], [{8}, {5, 7}, {3, 6}, {4}, {1, 2}], [{8}, {6, 7}, {4, 5}, {3}, {1, 2}]]",2,- 6 K_1^2 - 4 K_1 K_2 - 2 K_1 K_3 + 2 K_1 - 2 K_2^2 + 4 K_2 + 2 K_3 + 2 K_4 + 5,O1O2O3O4U3U5U4O6U7O8O7U1U8O5U2U6,O1O2O3U1U3U4U5O6O4U2O7O5U8U7O8U6,O1O2O3U4O5U6U5O7O6U2O8O4U7U8U1U3,c,{'O1O2O3O4U5U3O6U7U4O8O7U8O5U1U6U2'},1,"<a href=""/flatknot/8.850706"">8.850706</a>",t^9-42t^7-106t^6+58t^5+224t^4-58t^3-52t^2-11t+2,0,,
8.850707,O1O2O3O4U5U3O6U7U4O8O7U8O5U2U1U6,4,6z^3+46z^2+113z+91,6w^4z^3+46w^3z^2+113w^2z+91w,False,False,"[[ 0 -1 -1  0  2 -1  2  0 -1],[ 1  0  0  0  3 -1  2  1 -1],[ 1  0  0  0  3 -1  1  1 -1],[ 0  0  0  0  1 -1  0 -1  0],[-2 -3 -3 -1  0 -1 -1 -2 -1],[ 1  1  1  1  1  0  2  0  0],[-2 -2 -1  0  1 -2  0 -1 -1],[ 0 -1 -1  1  2  0  1  0 -1],[ 1  1  1  0  1  0  1  1  0]]","[[ 0  2  2  0  0 -1 -1 -1 -1],[-2  0  1  0 -1 -1 -1 -2 -2],[-2 -1  0 -1 -2 -1 -3 -1 -3],[ 0  0  1  0 -1  0  0 -1  0],[ 0  1  2  1  0 -1 -1  0 -1],[ 1  1  1  0  1  0  1  0  1],[ 1  1  3  0  1 -1  0 -1  0],[ 1  2  1  1  0  0  1  0  1],[ 1  2  3  0  1 -1  0 -1  0]]",True,"[-2,-2,0,0,1,1,1,1,-1,0,1,1,1,2,2,1,2,1,3,1,3,1,0,0,1,0,1,1,0,1,-1,0,-1,1,0,-1]","[-2,-2,0,0,1,1,1,1,-1,0,1,0,0,2,2,1,2,1,2,1,2,1,0,0,1,0,1,1,0,1,0,-1,-1,-1,-1,0]",t^8+46t^6+179t^4+120t^2+1,"[-1,-1,-1,-1,0,0,2,2,-1,-1,0,0,1,1,2,0,1,1,0,1,0,1,1,0,2,0,1,0,2,2,1,2,1,1,0,-1]","[-2,-2,0,0,1,1,1,1,-1,0,1,0,0,2,2,1,2,1,2,1,2,1,0,0,1,0,1,1,0,1,0,-1,-1,-1,-1,0]","[-1,-1,-1,-1,0,0,2,2,-1,-1,0,0,1,1,3,0,1,0,1,1,1,1,1,0,2,1,0,1,2,3,-1,0,1,1,2,1]",c,"[[{8, 1}, {3, 7}, {4, 6}, {2, 5}]]",1,- 4 K_1 K_2 + 2 K_1 + 2 K_3 + 1,O1O2O3O4U5U4U3O6U7O8O7U1U8O5U2U6,O1O2O3U2U1U4U5O6O4U3O7O5U8U7O8U6,O1O2O3U4O5U6U5O7O6U1O8O4U7U8U3U2,c,{'O1O2O3O4U5U3O6U7U4O8O7U8O5U2U1U6'},1,"<a href=""/flatknot/8.850707"">8.850707</a>",t^9-42t^7-116t^6-11t^5+186t^4+32t^3-90t^2-5t+10,-2t^2+4t,,
8.850708,O1O2O3O4U5U3O6U7U4O8O7U8O5U6U1U2,4,23z^2+92z+93,23w^3z^2+92w^2z+93w,False,False,"[[ 0 -1  1  0  2 -1  0  0 -1],[ 1  0  1  0  2  0  0  1 -1],[-1 -1  0  0  2 -2  0 -1 -1],[ 0  0  0  0  1 -1  0 -1  0],[-2 -2 -2 -1  0 -1 -1 -2 -1],[ 1  0  2  1  1  0  0  0  0],[ 0  0  0  0  1  0  0  1 -1],[ 0 -1  1  1  2  0 -1  0 -1],[ 1  1  1  0  1  0  1  1  0]]","[[ 0  2  1  0  0  0 -1 -1 -1],[-2  0 -2 -1 -1 -2 -1 -1 -2],[-1  2  0  0  0 -1 -1 -2 -1],[ 0  1  0  0  0  1 -1  0  0],[ 0  1  0  0  0 -1  0 -1  0],[ 0  2  1 -1  1  0 -1  0 -1],[ 1  1  1  1  0  1  0  0  1],[ 1  1  2  0  1  0  0  0  0],[ 1  2  1  0  0  1 -1  0  0]]",True,"[-2,-1,0,0,0,1,1,1,2,1,1,2,1,1,2,0,0,1,1,2,1,0,-1,1,0,0,1,0,1,0,1,0,1,0,-1,0]","[-2,-1,0,0,0,1,1,1,-1,0,1,1,1,2,2,0,1,1,1,0,1,-1,1,0,1,0,0,1,1,0,1,0,1,0,-1,0]",t^8+30t^6+120t^4+38t^2+1,"[-1,-1,-1,0,0,0,1,2,-1,0,0,0,1,1,2,0,0,1,1,1,1,1,1,0,0,2,1,-1,0,0,0,1,1,1,1,-1]","[-2,-1,0,0,0,1,1,1,-1,0,1,1,1,2,2,0,1,1,1,0,1,-1,1,0,1,0,0,1,1,0,1,0,1,0,-1,0]","[-1,-1,-1,0,0,0,1,2,-1,0,0,0,1,1,2,0,0,1,1,1,1,1,0,0,2,1,0,-1,0,1,1,0,1,1,2,2]",c,"[[{8, 4}, {3, 7}, {5, 6}, {1, 2}], [{8, 4}, {5, 7}, {3, 6}, {1, 2}], [{8, 5}, {3, 7}, {4, 6}, {1, 2}], [{8, 5}, {4, 7}, {3, 6}, {1, 2}], [{8, 6}, {3, 7}, {4, 5}, {1, 2}], [{8, 7}, {3, 6}, {4, 5}, {1, 2}], [{8}, {5, 7}, {3, 6}, {4}, {1, 2}]]",1,4 K_1^3 - 6 K_1^2 - 4 K_1 K_2 - K_1 + 3 K_2 + K_3 + 4,O1O2O3O4U3U4U5O6U7O8O7U1U8O5U2U6,O1O2O3U2U3U4U5O6O4U1O7O5U8U7O8U6,O1O2O3U4O5U6U5O7O6U3O8O4U7U8U1U2,c,{'O1O2O3O4U5U3O6U7U4O8O7U8O5U6U1U2'},1,"<a href=""/flatknot/8.850708"">8.850708</a>",t^9-28t^7-60t^6+43t^5+168t^4+15t^3-102t^2-13t,-t^2+2t,,
8.850709,O1O2O3O4U5U3O6U7U6O8O7U1O5U2U4U8,4,3z^3+28z^2+104z+121,3w^4z^3+28w^3z^2+104w^2z+121w,False,False,"[[ 0 -2 -1  0  2 -1  1  0  1],[ 2  0  0  0  2  1  1  1  1],[ 1  0  0  1  2  0  1  0  0],[ 0  0 -1  0  0  0  0  0  0],[-2 -2 -2  0  0 -2  1 -3 -1],[ 1 -1  0  0  2  0  0  2  2],[-1 -1 -1  0 -1  0  0 -1 -1],[ 0 -1  0  0  3 -2  1  0  1],[-1 -1  0  0  1 -2  1 -1  0]]","[[ 0  2  1  1  0  0 -1 -1 -2],[-2  0  1 -1  0 -3 -2 -2 -2],[-1 -1  0 -1  0 -1  0 -1 -1],[-1  1  1  0  0 -1 -2  0 -1],[ 0  0  0  0  0  0  0 -1  0],[ 0  3  1  1  0  0 -2  0 -1],[ 1  2  0  2  0  2  0  0 -1],[ 1  2  1  0  1  0  0  0  0],[ 2  2  1  1  0  1  1  0  0]]",True,"[-2,-1,-1,0,0,1,1,2,-1,1,0,3,2,2,2,1,0,1,0,1,1,0,1,2,0,1,0,0,1,0,2,0,1,0,1,0]","[-2,-1,-1,0,0,1,1,2,-1,1,0,3,2,2,2,1,0,1,0,1,1,0,1,2,0,1,0,0,1,0,2,0,1,0,1,0]",t^8+40t^6+172t^4+104t^2+9,"[-2,-1,-1,0,0,1,1,2,0,1,1,2,2,2,2,0,-1,1,0,2,1,1,0,2,1,1,0,0,0,-1,1,1,2,-1,0,2]","[-2,-1,-1,0,0,1,1,2,0,2,-1,2,1,1,2,1,0,1,0,2,2,0,1,2,1,2,0,-1,1,1,1,0,2,0,0,1]","[-2,-1,-1,0,0,1,1,2,0,1,0,1,1,1,2,0,1,0,0,1,2,0,2,2,0,2,0,0,0,0,1,1,3,1,1,-1]",c,"[[{8, 1}, {2, 7}, {3, 6}, {4, 5}], [{8, 1}, {2, 7}, {4, 6}, {3, 5}], [{8, 1}, {2, 7}, {4, 6}, {5}, {3}], [{8, 1}, {2, 7}, {5, 6}, {3, 4}], [{8, 1}, {3, 7}, {2, 6}, {4, 5}], [{8, 1}, {3, 7}, {2, 6}, {5}, {4}], [{8, 1}, {3, 7}, {4, 6}, {2, 5}], [{8, 1}, {3, 7}, {4, 6}, {5}, {2}], [{8, 1}, {3, 7}, {5, 6}, {2, 4}], [{8, 1}, {3, 7}, {5, 6}, {4}, {2}], [{8, 1}, {3, 7}, {6}, {2, 5}, {4}], [{8, 1}, {3, 7}, {6}, {4, 5}, {2}], [{8, 1}, {3, 7}, {6}, {5}, {2, 4}], [{8, 1}, {3, 7}, {6}, {5}, {4}, {2}], [{8, 1}, {4, 7}, {2, 6}, {3, 5}], [{8, 1}, {4, 7}, {3, 6}, {2, 5}], [{8, 1}, {4, 7}, {5, 6}, {2, 3}], [{8, 1}, {4, 7}, {5, 6}, {3}, {2}], [{8, 1}, {5, 7}, {2, 6}, {3, 4}], [{8, 1}, {5, 7}, {3, 6}, {2, 4}], [{8, 1}, {5, 7}, {4, 6}, {2, 3}], [{8, 1}, {5, 7}, {6}, {2, 4}, {3}], [{8, 1}, {6, 7}, {2, 5}, {3, 4}], [{8, 1}, {6, 7}, {3, 5}, {2, 4}], [{8, 1}, {6, 7}, {4, 5}, {2, 3}], [{8, 1}, {6, 7}, {4, 5}, {3}, {2}], [{8, 1}, {7}, {3, 6}, {4, 5}, {2}], [{8, 1}, {7}, {4, 6}, {5}, {2, 3}], [{8, 1}, {7}, {5, 6}, {3, 4}, {2}], [{8, 1}, {7}, {6}, {3, 5}, {2, 4}], [{8, 2}, {1, 7}, {3, 6}, {4, 5}], [{8, 2}, {1, 7}, {4, 6}, {3, 5}], [{8, 2}, {1, 7}, {4, 6}, {5}, {3}], [{8, 2}, {1, 7}, {5, 6}, {3, 4}], [{8, 2}, {1, 7}, {5, 6}, {4}, {3}], [{8, 2}, {1, 7}, {6}, {4, 5}, {3}], [{8, 2}, {3, 7}, {1, 6}, {4, 5}], [{8, 2}, {3, 7}, {4, 6}, {1, 5}], [{8, 2}, {3, 7}, {5, 6}, {1, 4}], [{8, 2}, {4, 7}, {1, 6}, {3, 5}], [{8, 2}, {4, 7}, {3, 6}, {1, 5}], [{8, 2}, {4, 7}, {5, 6}, {1, 3}], [{8, 2}, {4, 7}, {5, 6}, {3}, {1}], [{8, 2}, {5, 7}, {1, 6}, {3, 4}], [{8, 2}, {5, 7}, {3, 6}, {1, 4}], [{8, 2}, {5, 7}, {4, 6}, {1, 3}], [{8, 2}, {6, 7}, {1, 5}, {3, 4}], [{8, 2}, {6, 7}, {3, 5}, {1, 4}], [{8, 2}, {6, 7}, {4, 5}, {1, 3}], [{8, 2}, {6, 7}, {5}, {3, 4}, {1}], [{8, 2}, {7}, {5, 6}, {1, 4}, {3}], [{8, 3}, {1, 7}, {2, 6}, {4, 5}], [{8, 3}, {1, 7}, {4, 6}, {2, 5}], [{8, 3}, {1, 7}, {5, 6}, {2, 4}], [{8, 3}, {1, 7}, {6}, {2, 5}, {4}], [{8, 3}, {1, 7}, {6}, {4, 5}, {2}], [{8, 3}, {1, 7}, {6}, {5}, {2, 4}], [{8, 3}, {2, 7}, {1, 6}, {4, 5}], [{8, 3}, {2, 7}, {4, 6}, {1, 5}], [{8, 3}, {2, 7}, {5, 6}, {1, 4}], [{8, 3}, {2, 7}, {5, 6}, {4}, {1}], [{8, 3}, {4, 7}, {1, 6}, {2, 5}], [{8, 3}, {4, 7}, {2, 6}, {1, 5}], [{8, 3}, {4, 7}, {2, 6}, {5}, {1}], [{8, 3}, {4, 7}, {5, 6}, {1, 2}], [{8, 3}, {4, 7}, {5, 6}, {2}, {1}], [{8, 3}, {4, 7}, {6}, {2, 5}, {1}], [{8, 3}, {5, 7}, {1, 6}, {2, 4}], [{8, 3}, {5, 7}, {2, 6}, {1, 4}], [{8, 3}, {5, 7}, {4, 6}, {1, 2}], [{8, 3}, {6, 7}, {1, 5}, {2, 4}], [{8, 3}, {6, 7}, {2, 5}, {1, 4}], [{8, 3}, {6, 7}, {4, 5}, {1, 2}], [{8, 3}, {6, 7}, {5}, {1, 4}, {2}], [{8, 3}, {7}, {2, 6}, {1, 5}, {4}], [{8, 3}, {7}, {5, 6}, {2, 4}, {1}], [{8, 3}, {7}, {6}, {2, 5}, {1, 4}], [{8, 4}, {1, 7}, {2, 6}, {3, 5}], [{8, 4}, {1, 7}, {3, 6}, {2, 5}], [{8, 4}, {1, 7}, {5, 6}, {2, 3}], [{8, 4}, {1, 7}, {6}, {5}, {2, 3}], [{8, 4}, {2, 7}, {1, 6}, {3, 5}], [{8, 4}, {2, 7}, {1, 6}, {5}, {3}], [{8, 4}, {2, 7}, {3, 6}, {1, 5}], [{8, 4}, {2, 7}, {5, 6}, {1, 3}], [{8, 4}, {3, 7}, {1, 6}, {2, 5}], [{8, 4}, {3, 7}, {1, 6}, {5}, {2}], [{8, 4}, {3, 7}, {2, 6}, {1, 5}], [{8, 4}, {3, 7}, {5, 6}, {1, 2}], [{8, 4}, {5, 7}, {1, 6}, {2, 3}], [{8, 4}, {5, 7}, {2, 6}, {1, 3}], [{8, 4}, {5, 7}, {3, 6}, {1, 2}], [{8, 4}, {5, 7}, {6}, {2, 3}, {1}], [{8, 4}, {6, 7}, {1, 5}, {2, 3}], [{8, 4}, {6, 7}, {2, 5}, {1, 3}], [{8, 4}, {6, 7}, {3, 5}, {1, 2}], [{8, 4}, {6, 7}, {5}, {1, 3}, {2}], [{8, 4}, {6, 7}, {5}, {2, 3}, {1}], [{8, 4}, {6, 7}, {5}, {3}, {1, 2}], [{8, 4}, {7}, {1, 6}, {5}, {2, 3}], [{8, 4}, {7}, {5, 6}, {2, 3}, {1}], [{8, 4}, {7}, {6}, {1, 5}, {2, 3}], [{8, 4}, {7}, {6}, {5}, {2, 3}, {1}], [{8, 5}, {1, 7}, {2, 6}, {3, 4}], [{8, 5}, {1, 7}, {3, 6}, {2, 4}], [{8, 5}, {1, 7}, {4, 6}, {2, 3}], [{8, 5}, {1, 7}, {6}, {4}, {2, 3}], [{8, 5}, {2, 7}, {1, 6}, {3, 4}], [{8, 5}, {2, 7}, {3, 6}, {1, 4}], [{8, 5}, {2, 7}, {3, 6}, {4}, {1}], [{8, 5}, {2, 7}, {4, 6}, {1, 3}], [{8, 5}, {3, 7}, {1, 6}, {2, 4}], [{8, 5}, {3, 7}, {2, 6}, {1, 4}], [{8, 5}, {3, 7}, {4, 6}, {1, 2}], [{8, 5}, {4, 7}, {1, 6}, {2, 3}], [{8, 5}, {4, 7}, {2, 6}, {1, 3}], [{8, 5}, {4, 7}, {3, 6}, {1, 2}], [{8, 5}, {6, 7}, {1, 4}, {2, 3}], [{8, 5}, {6, 7}, {2, 4}, {1, 3}], [{8, 5}, {6, 7}, {3, 4}, {1, 2}], [{8, 5}, {6, 7}, {4}, {2, 3}, {1}], [{8, 5}, {7}, {1, 6}, {4}, {2, 3}], [{8, 5}, {7}, {2, 6}, {1, 4}, {3}], [{8, 5}, {7}, {2, 6}, {3, 4}, {1}], [{8, 5}, {7}, {2, 6}, {4}, {1, 3}], [{8, 6}, {1, 7}, {2, 5}, {3, 4}], [{8, 6}, {1, 7}, {3, 5}, {2, 4}], [{8, 6}, {1, 7}, {4, 5}, {2, 3}], [{8, 6}, {1, 7}, {4, 5}, {3}, {2}], [{8, 6}, {2, 7}, {1, 5}, {3, 4}], [{8, 6}, {2, 7}, {1, 5}, {4}, {3}], [{8, 6}, {2, 7}, {3, 5}, {1, 4}], [{8, 6}, {2, 7}, {3, 5}, {4}, {1}], [{8, 6}, {2, 7}, {4, 5}, {1, 3}], [{8, 6}, {2, 7}, {4, 5}, {3}, {1}], [{8, 6}, {2, 7}, {5}, {1, 4}, {3}], [{8, 6}, {2, 7}, {5}, {3, 4}, {1}], [{8, 6}, {2, 7}, {5}, {4}, {1, 3}], [{8, 6}, {2, 7}, {5}, {4}, {3}, {1}], [{8, 6}, {3, 7}, {1, 5}, {2, 4}], [{8, 6}, {3, 7}, {2, 5}, {1, 4}], [{8, 6}, {3, 7}, {4, 5}, {1, 2}], [{8, 6}, {3, 7}, {5}, {1, 4}, {2}], [{8, 6}, {4, 7}, {1, 5}, {2, 3}], [{8, 6}, {4, 7}, {1, 5}, {3}, {2}], [{8, 6}, {4, 7}, {2, 5}, {1, 3}], [{8, 6}, {4, 7}, {3, 5}, {1, 2}], [{8, 6}, {5, 7}, {1, 4}, {2, 3}], [{8, 6}, {5, 7}, {2, 4}, {1, 3}], [{8, 6}, {5, 7}, {3, 4}, {1, 2}], [{8, 6}, {5, 7}, {4}, {1, 3}, {2}], [{8, 6}, {7}, {1, 5}, {2, 4}, {3}], [{8, 6}, {7}, {2, 5}, {4}, {1, 3}], [{8, 6}, {7}, {4, 5}, {3}, {1, 2}], [{8, 6}, {7}, {5}, {1, 4}, {2, 3}], [{8, 7}, {1, 6}, {2, 5}, {3, 4}], [{8, 7}, {1, 6}, {3, 5}, {2, 4}], [{8, 7}, {1, 6}, {4, 5}, {2, 3}], [{8, 7}, {1, 6}, {5}, {4}, {2, 3}], [{8, 7}, {2, 6}, {1, 5}, {3, 4}], [{8, 7}, {2, 6}, {3, 5}, {1, 4}], [{8, 7}, {2, 6}, {4, 5}, {1, 3}], [{8, 7}, {3, 6}, {1, 5}, {2, 4}], [{8, 7}, {3, 6}, {2, 5}, {1, 4}], [{8, 7}, {3, 6}, {4, 5}, {1, 2}], [{8, 7}, {3, 6}, {4, 5}, {2}, {1}], [{8, 7}, {4, 6}, {1, 5}, {2, 3}], [{8, 7}, {4, 6}, {2, 5}, {1, 3}], [{8, 7}, {4, 6}, {3, 5}, {1, 2}], [{8, 7}, {5, 6}, {1, 4}, {2, 3}], [{8, 7}, {5, 6}, {2, 4}, {1, 3}], [{8, 7}, {5, 6}, {3, 4}, {1, 2}], [{8, 7}, {5, 6}, {4}, {2, 3}, {1}], [{8, 7}, {6}, {1, 5}, {4}, {2, 3}], [{8, 7}, {6}, {5}, {2, 4}, {1, 3}], [{8}, {1, 7}, {2, 6}, {4, 5}, {3}], [{8}, {1, 7}, {3, 6}, {4, 5}, {2}], [{8}, {1, 7}, {6}, {4, 5}, {2, 3}], [{8}, {4, 7}, {1, 6}, {5}, {2, 3}], [{8}, {4, 7}, {5, 6}, {1, 3}, {2}], [{8}, {4, 7}, {5, 6}, {2, 3}, {1}], [{8}, {4, 7}, {5, 6}, {3}, {1, 2}], [{8}, {4, 7}, {6}, {1, 5}, {2, 3}], [{8}, {5, 7}, {1, 6}, {4}, {2, 3}], [{8}, {5, 7}, {3, 6}, {2, 4}, {1}], [{8}, {6, 7}, {1, 5}, {3, 4}, {2}], [{8}, {6, 7}, {2, 5}, {1, 4}, {3}], [{8}, {6, 7}, {3, 5}, {2, 4}, {1}], [{8}, {6, 7}, {4, 5}, {2, 3}, {1}], [{8}, {7}, {1, 6}, {4, 5}, {2, 3}], [{8}, {7}, {1, 6}, {5}, {4}, {2, 3}]]",2,- 20 K_1^2 - 12 K_1 K_2 + 6 K_1 + 10 K_2 + 6 K_3 + 11,O1O2O3O4U5U1U3O6U4O7O5U8U7O8U2U6,O1O2O3U4U1U5U2O6O5U7O8O7U3U8O4U6,O1O2O3U4O5U6U1O7O6U7O8O4U2U8U3U5,c,{'O1O2O3O4U5U3O6U7U6O8O7U1O5U2U4U8'},1,"<a href=""/flatknot/8.850709"">8.850709</a>",t^9-40t^7-96t^6+100t^5+324t^4-77t^3-234t^2+17t+14,0,,
8.850710,O1O2O3O4U5U3O6U7U6O8O7U1O5U2U8U4,4,2z^3+25z^2+96z+109,2w^4z^3-2w^4z^2+27w^3z^2-8w^3z+104w^2z+109w,False,False,"[[ 0 -2 -1  0  3 -1  1  0  0],[ 2  0  0  0  3  1  1  1  0],[ 1  0  0  1  3  0  1  0 -1],[ 0  0 -1  0  0  0  0  0 -1],[-3 -3 -3  0  0 -2  1 -3 -2],[ 1 -1  0  0  2  0  0  2  1],[-1 -1 -1  0 -1  0  0 -1 -1],[ 0 -1  0  0  3 -2  1  0  0],[ 0  0  1  1  2 -1  1  0  0]]","[[ 0  3  1  0  0  0 -1 -1 -2],[-3  0  1  0 -2 -3 -2 -3 -3],[-1 -1  0  0 -1 -1  0 -1 -1],[ 0  0  0  0 -1  0  0 -1  0],[ 0  2  1  1  0  0 -1  1  0],[ 0  3  1  0  0  0 -2  0 -1],[ 1  2  0  0  1  2  0  0 -1],[ 1  3  1  1 -1  0  0  0  0],[ 2  3  1  0  0  1  1  0  0]]",True,"[-3,-1,0,0,0,1,1,2,-1,0,2,3,2,3,3,0,1,1,0,1,1,1,0,0,1,0,0,1,-1,0,2,0,1,0,1,0]","[-3,-1,0,0,0,1,1,2,-1,0,2,3,2,3,3,0,1,1,0,1,1,1,0,0,1,0,0,1,-1,0,2,0,1,0,1,0]",t^8+50t^6+292t^4+224t^2+16,"[-2,-1,-1,0,0,0,1,3,0,1,1,2,2,2,2,0,-1,0,1,2,2,1,2,0,1,1,0,0,0,0,-1,0,1,1,3,3]","[-3,-1,0,0,0,1,1,2,3,0,1,3,1,2,2,0,0,1,1,2,2,0,0,1,-1,1,1,2,0,2,0,1,2,0,1,0]","[-2,-1,-1,0,0,0,1,3,0,1,0,0,1,1,3,0,-1,1,0,1,3,1,0,2,0,2,1,0,1,2,0,0,0,1,3,-1]",c,"[[{8, 1}, {2, 7}, {3, 6}, {4, 5}], [{8, 1}, {2, 7}, {4, 6}, {3, 5}], [{8, 1}, {2, 7}, {5, 6}, {3, 4}], [{8, 1}, {2, 7}, {6}, {3, 5}, {4}], [{8, 1}, {2, 7}, {6}, {4, 5}, {3}], [{8, 1}, {2, 7}, {6}, {5}, {3, 4}], [{8, 1}, {3, 7}, {2, 6}, {4, 5}], [{8, 1}, {3, 7}, {4, 6}, {2, 5}], [{8, 1}, {3, 7}, {5, 6}, {2, 4}], [{8, 1}, {4, 7}, {2, 6}, {3, 5}], [{8, 1}, {4, 7}, {3, 6}, {2, 5}], [{8, 1}, {4, 7}, {5, 6}, {2, 3}], [{8, 1}, {4, 7}, {6}, {3, 5}, {2}], [{8, 1}, {5, 7}, {2, 6}, {3, 4}], [{8, 1}, {5, 7}, {3, 6}, {2, 4}], [{8, 1}, {5, 7}, {4, 6}, {2, 3}], [{8, 1}, {6, 7}, {2, 5}, {3, 4}], [{8, 1}, {6, 7}, {2, 5}, {4}, {3}], [{8, 1}, {6, 7}, {3, 5}, {2, 4}], [{8, 1}, {6, 7}, {4, 5}, {2, 3}], [{8, 1}, {7}, {6}, {3, 5}, {2, 4}], [{8, 2}, {1, 7}, {3, 6}, {4, 5}], [{8, 2}, {1, 7}, {4, 6}, {3, 5}], [{8, 2}, {1, 7}, {4, 6}, {5}, {3}], [{8, 2}, {1, 7}, {5, 6}, {3, 4}], [{8, 2}, {3, 7}, {1, 6}, {4, 5}], [{8, 2}, {3, 7}, {4, 6}, {1, 5}], [{8, 2}, {3, 7}, {5, 6}, {1, 4}], [{8, 2}, {4, 7}, {1, 6}, {3, 5}], [{8, 2}, {4, 7}, {3, 6}, {1, 5}], [{8, 2}, {4, 7}, {5, 6}, {1, 3}], [{8, 2}, {5, 7}, {1, 6}, {3, 4}], [{8, 2}, {5, 7}, {1, 6}, {4}, {3}], [{8, 2}, {5, 7}, {3, 6}, {1, 4}], [{8, 2}, {5, 7}, {4, 6}, {1, 3}], [{8, 2}, {5, 7}, {4, 6}, {3}, {1}], [{8, 2}, {5, 7}, {6}, {1, 4}, {3}], [{8, 2}, {6, 7}, {1, 5}, {3, 4}], [{8, 2}, {6, 7}, {3, 5}, {1, 4}], [{8, 2}, {6, 7}, {4, 5}, {1, 3}], [{8, 2}, {6, 7}, {4, 5}, {3}, {1}], [{8, 2}, {7}, {4, 6}, {1, 5}, {3}], [{8, 3}, {1, 7}, {2, 6}, {4, 5}], [{8, 3}, {1, 7}, {4, 6}, {2, 5}], [{8, 3}, {1, 7}, {5, 6}, {2, 4}], [{8, 3}, {1, 7}, {6}, {5}, {2, 4}], [{8, 3}, {2, 7}, {1, 6}, {4, 5}], [{8, 3}, {2, 7}, {4, 6}, {1, 5}], [{8, 3}, {2, 7}, {5, 6}, {1, 4}], [{8, 3}, {2, 7}, {6}, {4, 5}, {1}], [{8, 3}, {4, 7}, {1, 6}, {2, 5}], [{8, 3}, {4, 7}, {2, 6}, {1, 5}], [{8, 3}, {4, 7}, {5, 6}, {1, 2}], [{8, 3}, {4, 7}, {5, 6}, {2}, {1}], [{8, 3}, {5, 7}, {1, 6}, {2, 4}], [{8, 3}, {5, 7}, {2, 6}, {1, 4}], [{8, 3}, {5, 7}, {2, 6}, {4}, {1}], [{8, 3}, {5, 7}, {4, 6}, {1, 2}], [{8, 3}, {5, 7}, {6}, {1, 4}, {2}], [{8, 3}, {6, 7}, {1, 5}, {2, 4}], [{8, 3}, {6, 7}, {2, 5}, {1, 4}], [{8, 3}, {6, 7}, {2, 5}, {4}, {1}], [{8, 3}, {6, 7}, {4, 5}, {1, 2}], [{8, 4}, {1, 7}, {2, 6}, {3, 5}], [{8, 4}, {1, 7}, {3, 6}, {2, 5}], [{8, 4}, {1, 7}, {5, 6}, {2, 3}], [{8, 4}, {1, 7}, {5, 6}, {3}, {2}], [{8, 4}, {1, 7}, {6}, {5}, {2, 3}], [{8, 4}, {2, 7}, {1, 6}, {3, 5}], [{8, 4}, {2, 7}, {3, 6}, {1, 5}], [{8, 4}, {2, 7}, {5, 6}, {1, 3}], [{8, 4}, {3, 7}, {1, 6}, {2, 5}], [{8, 4}, {3, 7}, {2, 6}, {1, 5}], [{8, 4}, {3, 7}, {5, 6}, {1, 2}], [{8, 4}, {5, 7}, {1, 6}, {2, 3}], [{8, 4}, {5, 7}, {1, 6}, {3}, {2}], [{8, 4}, {5, 7}, {2, 6}, {1, 3}], [{8, 4}, {5, 7}, {3, 6}, {1, 2}], [{8, 4}, {6, 7}, {1, 5}, {2, 3}], [{8, 4}, {6, 7}, {2, 5}, {1, 3}], [{8, 4}, {6, 7}, {2, 5}, {3}, {1}], [{8, 4}, {6, 7}, {3, 5}, {1, 2}], [{8, 4}, {6, 7}, {3, 5}, {2}, {1}], [{8, 4}, {6, 7}, {5}, {2, 3}, {1}], [{8, 4}, {7}, {1, 6}, {5}, {2, 3}], [{8, 5}, {1, 7}, {2, 6}, {3, 4}], [{8, 5}, {1, 7}, {3, 6}, {2, 4}], [{8, 5}, {1, 7}, {4, 6}, {2, 3}], [{8, 5}, {2, 7}, {1, 6}, {3, 4}], [{8, 5}, {2, 7}, {3, 6}, {1, 4}], [{8, 5}, {2, 7}, {4, 6}, {1, 3}], [{8, 5}, {3, 7}, {1, 6}, {2, 4}], [{8, 5}, {3, 7}, {2, 6}, {1, 4}], [{8, 5}, {3, 7}, {4, 6}, {1, 2}], [{8, 5}, {4, 7}, {1, 6}, {2, 3}], [{8, 5}, {4, 7}, {1, 6}, {3}, {2}], [{8, 5}, {4, 7}, {2, 6}, {1, 3}], [{8, 5}, {4, 7}, {3, 6}, {1, 2}], [{8, 5}, {6, 7}, {1, 4}, {2, 3}], [{8, 5}, {6, 7}, {2, 4}, {1, 3}], [{8, 5}, {6, 7}, {3, 4}, {1, 2}], [{8, 5}, {7}, {6}, {3, 4}, {1, 2}], [{8, 6}, {1, 7}, {2, 5}, {3, 4}], [{8, 6}, {1, 7}, {3, 5}, {2, 4}], [{8, 6}, {1, 7}, {4, 5}, {2, 3}], [{8, 6}, {1, 7}, {4, 5}, {3}, {2}], [{8, 6}, {2, 7}, {1, 5}, {3, 4}], [{8, 6}, {2, 7}, {3, 5}, {1, 4}], [{8, 6}, {2, 7}, {4, 5}, {1, 3}], [{8, 6}, {2, 7}, {4, 5}, {3}, {1}], [{8, 6}, {3, 7}, {1, 5}, {2, 4}], [{8, 6}, {3, 7}, {2, 5}, {1, 4}], [{8, 6}, {3, 7}, {4, 5}, {1, 2}], [{8, 6}, {3, 7}, {4, 5}, {2}, {1}], [{8, 6}, {4, 7}, {1, 5}, {2, 3}], [{8, 6}, {4, 7}, {2, 5}, {1, 3}], [{8, 6}, {4, 7}, {3, 5}, {1, 2}], [{8, 6}, {5, 7}, {1, 4}, {2, 3}], [{8, 6}, {5, 7}, {2, 4}, {1, 3}], [{8, 6}, {5, 7}, {3, 4}, {1, 2}], [{8, 6}, {7}, {4, 5}, {1, 3}, {2}], [{8, 6}, {7}, {4, 5}, {2, 3}, {1}], [{8, 6}, {7}, {4, 5}, {3}, {1, 2}], [{8, 6}, {7}, {4, 5}, {3}, {2}, {1}], [{8, 7}, {1, 6}, {2, 5}, {3, 4}], [{8, 7}, {1, 6}, {3, 5}, {2, 4}], [{8, 7}, {1, 6}, {4, 5}, {2, 3}], [{8, 7}, {2, 6}, {1, 5}, {3, 4}], [{8, 7}, {2, 6}, {1, 5}, {4}, {3}], [{8, 7}, {2, 6}, {3, 5}, {1, 4}], [{8, 7}, {2, 6}, {4, 5}, {1, 3}], [{8, 7}, {2, 6}, {4, 5}, {3}, {1}], [{8, 7}, {2, 6}, {5}, {1, 4}, {3}], [{8, 7}, {3, 6}, {1, 5}, {2, 4}], [{8, 7}, {3, 6}, {2, 5}, {1, 4}], [{8, 7}, {3, 6}, {4, 5}, {1, 2}], [{8, 7}, {4, 6}, {1, 5}, {2, 3}], [{8, 7}, {4, 6}, {2, 5}, {1, 3}], [{8, 7}, {4, 6}, {3, 5}, {1, 2}], [{8, 7}, {5, 6}, {1, 4}, {2, 3}], [{8, 7}, {5, 6}, {2, 4}, {1, 3}], [{8, 7}, {5, 6}, {3, 4}, {1, 2}], [{8, 7}, {6}, {5}, {2, 4}, {1, 3}], [{8}, {1, 7}, {3, 6}, {2, 5}, {4}], [{8}, {1, 7}, {5, 6}, {4}, {2, 3}], [{8}, {2, 7}, {1, 6}, {4, 5}, {3}], [{8}, {2, 7}, {3, 6}, {4, 5}, {1}], [{8}, {2, 7}, {6}, {4, 5}, {1, 3}], [{8}, {2, 7}, {6}, {4, 5}, {3}, {1}], [{8}, {5, 7}, {1, 6}, {2, 4}, {3}], [{8}, {5, 7}, {6}, {1, 4}, {2, 3}], [{8}, {6, 7}, {2, 5}, {1, 4}, {3}], [{8}, {6, 7}, {2, 5}, {3, 4}, {1}], [{8}, {6, 7}, {2, 5}, {4}, {1, 3}]]",2,4 K_1^3 - 22 K_1^2 - 10 K_1 K_2 + 2 K_1 + 11 K_2 + 4 K_3 + 12,O1O2O3O4U1U5U3O6U4O7O5U8U7O8U2U6,O1O2O3U4U1U5U3O6O5U7O8O7U2U8O4U6,O1O2O3U4O5U6U2O7O6U7O8O4U1U8U3U5,c,{'O1O2O3O4U5U3O6U7U6O8O7U1O5U2U8U4'},1,"<a href=""/flatknot/8.850710"">8.850710</a>",t^9-46t^7-104t^6+167t^5+454t^4+40t^3-174t^2+77t+80,-t^3+t^2+t,,
8.850711,O1O2O3O4U5U3O6U7U6O8O7U1O5U8U2U4,4,24z^2+107z+119,24w^3z^2-2w^3z+109w^2z+119w,False,False,"[[ 0 -2  0  0  3 -1  1  0 -1],[ 2  0  1  0  3  1  1  1 -1],[ 0 -1  0  1  2  0  1  0 -2],[ 0  0 -1  0  0  0  0  0 -1],[-3 -3 -2  0  0 -2  1 -3 -2],[ 1 -1  0  0  2  0  0  2  0],[-1 -1 -1  0 -1  0  0 -1 -1],[ 0 -1  0  0  3 -2  1  0 -1],[ 1  1  2  1  2  0  1  1  0]]","[[ 0  3  1  0  0  0 -1 -1 -2],[-3  0  1  0 -2 -3 -2 -2 -3],[-1 -1  0  0 -1 -1  0 -1 -1],[ 0  0  0  0 -1  0  0 -1  0],[ 0  2  1  1  0  0  0 -2 -1],[ 0  3  1  0  0  0 -2 -1 -1],[ 1  2  0  0  0  2  0  0 -1],[ 1  2  1  1  2  1  0  0  1],[ 2  3  1  0  1  1  1 -1  0]]",True,"[-3,-1,0,0,0,1,1,2,-1,0,2,3,2,2,3,0,1,1,0,1,1,1,0,0,1,0,0,0,2,1,2,1,1,0,1,-1]","[-3,-1,0,0,0,1,1,2,-1,0,2,3,2,2,3,0,1,1,0,1,1,1,0,0,1,0,0,0,2,1,2,1,1,0,1,-1]",t^8+50t^6+279t^4+258t^2+9,"[-2,-1,-1,0,0,0,1,3,0,2,1,1,2,2,2,0,-1,1,1,2,2,0,-1,0,1,2,0,0,0,0,-1,0,1,1,3,3]","[-3,-1,0,0,0,1,1,2,3,0,1,3,2,2,2,0,0,1,1,2,2,0,0,0,-1,1,1,-1,1,1,0,1,2,0,2,0]","[-2,-1,-1,0,0,0,1,3,-1,1,0,1,1,1,3,0,1,1,2,1,2,0,2,0,0,2,0,-1,0,0,0,1,3,1,2,-1]",c,"[[{8, 1}, {2, 7}, {3, 6}, {4, 5}], [{8, 1}, {2, 7}, {4, 6}, {3, 5}], [{8, 1}, {2, 7}, {5, 6}, {3, 4}], [{8, 1}, {2, 7}, {6}, {4, 5}, {3}], [{8, 1}, {3, 7}, {2, 6}, {4, 5}], [{8, 1}, {3, 7}, {4, 6}, {2, 5}], [{8, 1}, {3, 7}, {5, 6}, {2, 4}], [{8, 1}, {4, 7}, {2, 6}, {3, 5}], [{8, 1}, {4, 7}, {3, 6}, {2, 5}], [{8, 1}, {4, 7}, {5, 6}, {2, 3}], [{8, 1}, {4, 7}, {5, 6}, {3}, {2}], [{8, 1}, {4, 7}, {6}, {5}, {2, 3}], [{8, 1}, {5, 7}, {2, 6}, {3, 4}], [{8, 1}, {5, 7}, {3, 6}, {2, 4}], [{8, 1}, {5, 7}, {4, 6}, {2, 3}], [{8, 1}, {6, 7}, {2, 5}, {3, 4}], [{8, 1}, {6, 7}, {3, 5}, {2, 4}], [{8, 1}, {6, 7}, {4, 5}, {2, 3}], [{8, 1}, {6, 7}, {5}, {3, 4}, {2}], [{8, 2}, {1, 7}, {3, 6}, {4, 5}], [{8, 2}, {1, 7}, {4, 6}, {3, 5}], [{8, 2}, {1, 7}, {4, 6}, {5}, {3}], [{8, 2}, {1, 7}, {5, 6}, {3, 4}], [{8, 2}, {3, 7}, {1, 6}, {4, 5}], [{8, 2}, {3, 7}, {4, 6}, {1, 5}], [{8, 2}, {3, 7}, {5, 6}, {1, 4}], [{8, 2}, {4, 7}, {1, 6}, {3, 5}], [{8, 2}, {4, 7}, {3, 6}, {1, 5}], [{8, 2}, {4, 7}, {5, 6}, {1, 3}], [{8, 2}, {5, 7}, {1, 6}, {3, 4}], [{8, 2}, {5, 7}, {1, 6}, {4}, {3}], [{8, 2}, {5, 7}, {3, 6}, {1, 4}], [{8, 2}, {5, 7}, {4, 6}, {1, 3}], [{8, 2}, {5, 7}, {4, 6}, {3}, {1}], [{8, 2}, {5, 7}, {6}, {1, 4}, {3}], [{8, 2}, {6, 7}, {1, 5}, {3, 4}], [{8, 2}, {6, 7}, {3, 5}, {1, 4}], [{8, 2}, {6, 7}, {4, 5}, {1, 3}], [{8, 2}, {6, 7}, {4, 5}, {3}, {1}], [{8, 2}, {7}, {3, 6}, {1, 5}, {4}], [{8, 2}, {7}, {4, 6}, {1, 5}, {3}], [{8, 2}, {7}, {6}, {1, 5}, {3, 4}], [{8, 3}, {1, 7}, {2, 6}, {4, 5}], [{8, 3}, {1, 7}, {4, 6}, {2, 5}], [{8, 3}, {1, 7}, {5, 6}, {2, 4}], [{8, 3}, {2, 7}, {1, 6}, {4, 5}], [{8, 3}, {2, 7}, {4, 6}, {1, 5}], [{8, 3}, {2, 7}, {5, 6}, {1, 4}], [{8, 3}, {2, 7}, {6}, {4, 5}, {1}], [{8, 3}, {4, 7}, {1, 6}, {2, 5}], [{8, 3}, {4, 7}, {2, 6}, {1, 5}], [{8, 3}, {4, 7}, {5, 6}, {1, 2}], [{8, 3}, {5, 7}, {1, 6}, {2, 4}], [{8, 3}, {5, 7}, {2, 6}, {1, 4}], [{8, 3}, {5, 7}, {4, 6}, {1, 2}], [{8, 3}, {5, 7}, {6}, {1, 4}, {2}], [{8, 3}, {6, 7}, {1, 5}, {2, 4}], [{8, 3}, {6, 7}, {2, 5}, {1, 4}], [{8, 3}, {6, 7}, {4, 5}, {1, 2}], [{8, 3}, {7}, {2, 6}, {1, 5}, {4}], [{8, 3}, {7}, {4, 6}, {1, 5}, {2}], [{8, 3}, {7}, {6}, {1, 5}, {2, 4}], [{8, 4}, {1, 7}, {2, 6}, {3, 5}], [{8, 4}, {1, 7}, {3, 6}, {2, 5}], [{8, 4}, {1, 7}, {5, 6}, {2, 3}], [{8, 4}, {1, 7}, {5, 6}, {3}, {2}], [{8, 4}, {2, 7}, {1, 6}, {3, 5}], [{8, 4}, {2, 7}, {3, 6}, {1, 5}], [{8, 4}, {2, 7}, {5, 6}, {1, 3}], [{8, 4}, {3, 7}, {1, 6}, {2, 5}], [{8, 4}, {3, 7}, {1, 6}, {5}, {2}], [{8, 4}, {3, 7}, {2, 6}, {1, 5}], [{8, 4}, {3, 7}, {5, 6}, {1, 2}], [{8, 4}, {5, 7}, {1, 6}, {2, 3}], [{8, 4}, {5, 7}, {2, 6}, {1, 3}], [{8, 4}, {5, 7}, {3, 6}, {1, 2}], [{8, 4}, {6, 7}, {1, 5}, {2, 3}], [{8, 4}, {6, 7}, {2, 5}, {1, 3}], [{8, 4}, {6, 7}, {2, 5}, {3}, {1}], [{8, 4}, {6, 7}, {3, 5}, {1, 2}], [{8, 4}, {7}, {2, 6}, {1, 5}, {3}], [{8, 4}, {7}, {3, 6}, {1, 5}, {2}], [{8, 4}, {7}, {6}, {1, 5}, {2, 3}], [{8, 5}, {1, 7}, {2, 6}, {3, 4}], [{8, 5}, {1, 7}, {3, 6}, {2, 4}], [{8, 5}, {1, 7}, {4, 6}, {2, 3}], [{8, 5}, {1, 7}, {6}, {3, 4}, {2}], [{8, 5}, {2, 7}, {1, 6}, {3, 4}], [{8, 5}, {2, 7}, {3, 6}, {1, 4}], [{8, 5}, {2, 7}, {4, 6}, {1, 3}], [{8, 5}, {3, 7}, {1, 6}, {2, 4}], [{8, 5}, {3, 7}, {2, 6}, {1, 4}], [{8, 5}, {3, 7}, {4, 6}, {1, 2}], [{8, 5}, {3, 7}, {4, 6}, {2}, {1}], [{8, 5}, {4, 7}, {1, 6}, {2, 3}], [{8, 5}, {4, 7}, {2, 6}, {1, 3}], [{8, 5}, {4, 7}, {3, 6}, {1, 2}], [{8, 5}, {6, 7}, {1, 4}, {2, 3}], [{8, 5}, {6, 7}, {1, 4}, {3}, {2}], [{8, 5}, {6, 7}, {2, 4}, {1, 3}], [{8, 5}, {6, 7}, {3, 4}, {1, 2}], [{8, 6}, {1, 7}, {2, 5}, {3, 4}], [{8, 6}, {1, 7}, {2, 5}, {4}, {3}], [{8, 6}, {1, 7}, {3, 5}, {2, 4}], [{8, 6}, {1, 7}, {4, 5}, {2, 3}], [{8, 6}, {1, 7}, {4, 5}, {3}, {2}], [{8, 6}, {1, 7}, {5}, {2, 4}, {3}], [{8, 6}, {2, 7}, {1, 5}, {3, 4}], [{8, 6}, {2, 7}, {1, 5}, {4}, {3}], [{8, 6}, {2, 7}, {3, 5}, {1, 4}], [{8, 6}, {2, 7}, {4, 5}, {1, 3}], [{8, 6}, {2, 7}, {4, 5}, {3}, {1}], [{8, 6}, {2, 7}, {5}, {1, 4}, {3}], [{8, 6}, {3, 7}, {1, 5}, {2, 4}], [{8, 6}, {3, 7}, {1, 5}, {4}, {2}], [{8, 6}, {3, 7}, {2, 5}, {1, 4}], [{8, 6}, {3, 7}, {4, 5}, {1, 2}], [{8, 6}, {3, 7}, {4, 5}, {2}, {1}], [{8, 6}, {3, 7}, {5}, {1, 4}, {2}], [{8, 6}, {4, 7}, {1, 5}, {2, 3}], [{8, 6}, {4, 7}, {1, 5}, {3}, {2}], [{8, 6}, {4, 7}, {2, 5}, {1, 3}], [{8, 6}, {4, 7}, {2, 5}, {3}, {1}], [{8, 6}, {4, 7}, {3, 5}, {1, 2}], [{8, 6}, {4, 7}, {5}, {3}, {1, 2}], [{8, 6}, {5, 7}, {1, 4}, {2, 3}], [{8, 6}, {5, 7}, {1, 4}, {3}, {2}], [{8, 6}, {5, 7}, {2, 4}, {1, 3}], [{8, 6}, {5, 7}, {2, 4}, {3}, {1}], [{8, 6}, {5, 7}, {3, 4}, {1, 2}], [{8, 6}, {5, 7}, {4}, {3}, {1, 2}], [{8, 6}, {7}, {1, 5}, {2, 4}, {3}], [{8, 6}, {7}, {1, 5}, {3, 4}, {2}], [{8, 6}, {7}, {1, 5}, {4}, {2, 3}], [{8, 6}, {7}, {1, 5}, {4}, {3}, {2}], [{8, 6}, {7}, {2, 5}, {1, 4}, {3}], [{8, 6}, {7}, {3, 5}, {1, 4}, {2}], [{8, 6}, {7}, {4, 5}, {1, 3}, {2}], [{8, 6}, {7}, {4, 5}, {2, 3}, {1}], [{8, 6}, {7}, {4, 5}, {3}, {1, 2}], [{8, 6}, {7}, {4, 5}, {3}, {2}, {1}], [{8, 6}, {7}, {5}, {1, 4}, {2, 3}], [{8, 6}, {7}, {5}, {1, 4}, {3}, {2}], [{8, 7}, {1, 6}, {2, 5}, {3, 4}], [{8, 7}, {1, 6}, {3, 5}, {2, 4}], [{8, 7}, {1, 6}, {4, 5}, {2, 3}], [{8, 7}, {2, 6}, {1, 5}, {3, 4}], [{8, 7}, {2, 6}, {3, 5}, {1, 4}], [{8, 7}, {2, 6}, {4, 5}, {1, 3}], [{8, 7}, {2, 6}, {4, 5}, {3}, {1}], [{8, 7}, {3, 6}, {1, 5}, {2, 4}], [{8, 7}, {3, 6}, {2, 5}, {1, 4}], [{8, 7}, {3, 6}, {4, 5}, {1, 2}], [{8, 7}, {4, 6}, {1, 5}, {2, 3}], [{8, 7}, {4, 6}, {2, 5}, {1, 3}], [{8, 7}, {4, 6}, {3, 5}, {1, 2}], [{8, 7}, {4, 6}, {5}, {2, 3}, {1}], [{8, 7}, {5, 6}, {1, 4}, {2, 3}], [{8, 7}, {5, 6}, {1, 4}, {3}, {2}], [{8, 7}, {5, 6}, {2, 4}, {1, 3}], [{8, 7}, {5, 6}, {3, 4}, {1, 2}], [{8, 7}, {6}, {1, 5}, {2, 4}, {3}], [{8}, {2, 7}, {1, 6}, {4, 5}, {3}], [{8}, {2, 7}, {3, 6}, {4, 5}, {1}], [{8}, {2, 7}, {6}, {4, 5}, {1, 3}], [{8}, {2, 7}, {6}, {4, 5}, {3}, {1}], [{8}, {3, 7}, {6}, {1, 5}, {2, 4}], [{8}, {4, 7}, {5, 6}, {2, 3}, {1}], [{8}, {5, 7}, {2, 6}, {1, 4}, {3}], [{8}, {5, 7}, {3, 6}, {1, 4}, {2}], [{8}, {5, 7}, {6}, {1, 4}, {2, 3}], [{8}, {5, 7}, {6}, {1, 4}, {3}, {2}], [{8}, {6, 7}, {1, 5}, {2, 4}, {3}], [{8}, {7}, {2, 6}, {1, 5}, {3, 4}], [{8}, {7}, {3, 6}, {1, 5}, {2, 4}], [{8}, {7}, {4, 6}, {1, 5}, {2, 3}], [{8}, {7}, {6}, {1, 5}, {2, 4}, {3}]]",2,- 4 K_1^2 - 6 K_1 K_2 - 2 K_1 K_3 + 3 K_1 - 2 K_2^2 + 3 K_2 + 3 K_3 + 2 K_4 + 4,O1O2O3O4U1U3U5O6U4O7O5U8U7O8U2U6,O1O2O3U4U2U5U3O6O5U7O8O7U1U8O4U6,O1O2O3U4O5U6U3O7O6U7O8O4U1U8U2U5,c,{'O1O2O3O4U5U3O6U7U6O8O7U1O5U8U2U4'},1,"<a href=""/flatknot/8.850711"">8.850711</a>",t^9-46t^7-154t^6+36t^5+724t^4+790t^3+30t^2-56t+124,-t^3+t^2+t,,
8.850712,O1O2O3O4U5U3O6U7U6O8O7U1O5U8U4U2,4,12z^2+97z+147,12w^3z^2+97w^2z+147w,False,False,"[[ 0 -2  1  0  2 -1  1  0 -1],[ 2  0  2  0  2  1  1  1 -1],[-1 -2  0  0  1 -1  1 -1 -2],[ 0  0  0  0  0  0  0  0 -1],[-2 -2 -1  0  0 -1  1 -2 -2],[ 1 -1  1  0  1  0  0  2  0],[-1 -1 -1  0 -1  0  0 -1 -1],[ 0 -1  1  0  2 -2  1  0 -1],[ 1  1  2  1  2  0  1  1  0]]","[[ 0  2  1  1  0  0 -1 -1 -2],[-2  0  1 -1  0 -2 -1 -2 -2],[-1 -1  0 -1  0 -1  0 -1 -1],[-1  1  1  0  0 -1 -1 -2 -2],[ 0  0  0  0  0  0  0 -1  0],[ 0  2  1  1  0  0 -2 -1 -1],[ 1  1  0  1  0  2  0  0 -1],[ 1  2  1  2  1  1  0  0  1],[ 2  2  1  2  0  1  1 -1  0]]",True,"[-2,-1,-1,0,0,1,1,2,-1,1,0,2,1,2,2,1,0,1,0,1,1,0,1,1,2,2,0,0,1,0,2,1,1,0,1,-1]","[-2,-1,-1,0,0,1,1,2,-1,1,0,1,1,2,2,0,1,1,1,2,2,0,2,0,1,1,0,0,0,0,1,1,2,-1,-1,1]",t^8+38t^6+155t^4+73t^2+1,"[-2,-1,-1,0,0,1,1,2,0,2,1,2,1,2,2,0,-1,1,1,2,2,0,0,0,1,1,0,0,0,0,1,1,2,-1,0,2]","[-2,-1,-1,0,0,1,1,2,0,2,0,2,1,2,2,1,0,1,0,1,1,0,1,1,2,2,0,0,-1,1,0,1,2,0,2,0]","[-2,-1,-1,0,0,1,1,2,-1,1,0,1,1,2,2,0,1,1,1,2,2,0,2,0,1,1,0,0,0,0,1,1,2,-1,-1,1]",c,"[[{8, 1}, {2, 7}, {3, 6}, {4, 5}], [{8, 1}, {2, 7}, {4, 6}, {3, 5}], [{8, 1}, {2, 7}, {5, 6}, {3, 4}], [{8, 1}, {3, 7}, {2, 6}, {4, 5}], [{8, 1}, {3, 7}, {4, 6}, {2, 5}], [{8, 1}, {3, 7}, {4, 6}, {5}, {2}], [{8, 1}, {3, 7}, {5, 6}, {2, 4}], [{8, 1}, {4, 7}, {2, 6}, {3, 5}], [{8, 1}, {4, 7}, {3, 6}, {2, 5}], [{8, 1}, {4, 7}, {5, 6}, {2, 3}], [{8, 1}, {4, 7}, {6}, {5}, {2, 3}], [{8, 1}, {5, 7}, {2, 6}, {3, 4}], [{8, 1}, {5, 7}, {2, 6}, {4}, {3}], [{8, 1}, {5, 7}, {3, 6}, {2, 4}], [{8, 1}, {5, 7}, {3, 6}, {4}, {2}], [{8, 1}, {5, 7}, {4, 6}, {2, 3}], [{8, 1}, {5, 7}, {4, 6}, {3}, {2}], [{8, 1}, {5, 7}, {6}, {2, 4}, {3}], [{8, 1}, {5, 7}, {6}, {3, 4}, {2}], [{8, 1}, {5, 7}, {6}, {4}, {2, 3}], [{8, 1}, {5, 7}, {6}, {4}, {3}, {2}], [{8, 1}, {6, 7}, {2, 5}, {3, 4}], [{8, 1}, {6, 7}, {3, 5}, {2, 4}], [{8, 1}, {6, 7}, {4, 5}, {2, 3}], [{8, 1}, {6, 7}, {5}, {3, 4}, {2}], [{8, 1}, {7}, {4, 6}, {3, 5}, {2}], [{8, 1}, {7}, {5, 6}, {3, 4}, {2}], [{8, 1}, {7}, {6}, {4, 5}, {2, 3}], [{8, 2}, {1, 7}, {3, 6}, {4, 5}], [{8, 2}, {1, 7}, {4, 6}, {3, 5}], [{8, 2}, {1, 7}, {5, 6}, {3, 4}], [{8, 2}, {3, 7}, {1, 6}, {4, 5}], [{8, 2}, {3, 7}, {4, 6}, {1, 5}], [{8, 2}, {3, 7}, {5, 6}, {1, 4}], [{8, 2}, {4, 7}, {1, 6}, {3, 5}], [{8, 2}, {4, 7}, {1, 6}, {5}, {3}], [{8, 2}, {4, 7}, {3, 6}, {1, 5}], [{8, 2}, {4, 7}, {5, 6}, {1, 3}], [{8, 2}, {5, 7}, {1, 6}, {3, 4}], [{8, 2}, {5, 7}, {1, 6}, {4}, {3}], [{8, 2}, {5, 7}, {3, 6}, {1, 4}], [{8, 2}, {5, 7}, {4, 6}, {1, 3}], [{8, 2}, {6, 7}, {1, 5}, {3, 4}], [{8, 2}, {6, 7}, {3, 5}, {1, 4}], [{8, 2}, {6, 7}, {4, 5}, {1, 3}], [{8, 2}, {7}, {1, 6}, {4, 5}, {3}], [{8, 2}, {7}, {3, 6}, {1, 5}, {4}], [{8, 2}, {7}, {4, 6}, {1, 5}, {3}], [{8, 2}, {7}, {5, 6}, {1, 4}, {3}], [{8, 2}, {7}, {6}, {1, 5}, {3, 4}], [{8, 3}, {1, 7}, {2, 6}, {4, 5}], [{8, 3}, {1, 7}, {4, 6}, {2, 5}], [{8, 3}, {1, 7}, {5, 6}, {2, 4}], [{8, 3}, {1, 7}, {6}, {4, 5}, {2}], [{8, 3}, {2, 7}, {1, 6}, {4, 5}], [{8, 3}, {2, 7}, {4, 6}, {1, 5}], [{8, 3}, {2, 7}, {5, 6}, {1, 4}], [{8, 3}, {4, 7}, {1, 6}, {2, 5}], [{8, 3}, {4, 7}, {2, 6}, {1, 5}], [{8, 3}, {4, 7}, {5, 6}, {1, 2}], [{8, 3}, {5, 7}, {1, 6}, {2, 4}], [{8, 3}, {5, 7}, {1, 6}, {4}, {2}], [{8, 3}, {5, 7}, {2, 6}, {1, 4}], [{8, 3}, {5, 7}, {4, 6}, {1, 2}], [{8, 3}, {6, 7}, {1, 5}, {2, 4}], [{8, 3}, {6, 7}, {2, 5}, {1, 4}], [{8, 3}, {6, 7}, {4, 5}, {1, 2}], [{8, 3}, {7}, {2, 6}, {1, 5}, {4}], [{8, 3}, {7}, {4, 6}, {1, 5}, {2}], [{8, 3}, {7}, {6}, {1, 5}, {2, 4}], [{8, 4}, {1, 7}, {2, 6}, {3, 5}], [{8, 4}, {1, 7}, {3, 6}, {2, 5}], [{8, 4}, {1, 7}, {5, 6}, {2, 3}], [{8, 4}, {1, 7}, {6}, {2, 5}, {3}], [{8, 4}, {2, 7}, {1, 6}, {3, 5}], [{8, 4}, {2, 7}, {3, 6}, {1, 5}], [{8, 4}, {2, 7}, {5, 6}, {1, 3}], [{8, 4}, {2, 7}, {5, 6}, {3}, {1}], [{8, 4}, {3, 7}, {1, 6}, {2, 5}], [{8, 4}, {3, 7}, {2, 6}, {1, 5}], [{8, 4}, {3, 7}, {5, 6}, {1, 2}], [{8, 4}, {5, 7}, {1, 6}, {2, 3}], [{8, 4}, {5, 7}, {1, 6}, {3}, {2}], [{8, 4}, {5, 7}, {2, 6}, {1, 3}], [{8, 4}, {5, 7}, {3, 6}, {1, 2}], [{8, 4}, {6, 7}, {1, 5}, {2, 3}], [{8, 4}, {6, 7}, {2, 5}, {1, 3}], [{8, 4}, {6, 7}, {3, 5}, {1, 2}], [{8, 4}, {6, 7}, {5}, {3}, {1, 2}], [{8, 4}, {7}, {2, 6}, {1, 5}, {3}], [{8, 4}, {7}, {3, 6}, {1, 5}, {2}], [{8, 4}, {7}, {6}, {1, 5}, {2, 3}], [{8, 5}, {1, 7}, {2, 6}, {3, 4}], [{8, 5}, {1, 7}, {3, 6}, {2, 4}], [{8, 5}, {1, 7}, {4, 6}, {2, 3}], [{8, 5}, {1, 7}, {6}, {3, 4}, {2}], [{8, 5}, {2, 7}, {1, 6}, {3, 4}], [{8, 5}, {2, 7}, {3, 6}, {1, 4}], [{8, 5}, {2, 7}, {4, 6}, {1, 3}], [{8, 5}, {3, 7}, {1, 6}, {2, 4}], [{8, 5}, {3, 7}, {2, 6}, {1, 4}], [{8, 5}, {3, 7}, {4, 6}, {1, 2}], [{8, 5}, {4, 7}, {1, 6}, {2, 3}], [{8, 5}, {4, 7}, {2, 6}, {1, 3}], [{8, 5}, {4, 7}, {3, 6}, {1, 2}], [{8, 5}, {4, 7}, {6}, {1, 3}, {2}], [{8, 5}, {6, 7}, {1, 4}, {2, 3}], [{8, 5}, {6, 7}, {1, 4}, {3}, {2}], [{8, 5}, {6, 7}, {2, 4}, {1, 3}], [{8, 5}, {6, 7}, {2, 4}, {3}, {1}], [{8, 5}, {6, 7}, {3, 4}, {1, 2}], [{8, 5}, {6, 7}, {3, 4}, {2}, {1}], [{8, 5}, {6, 7}, {4}, {1, 3}, {2}], [{8, 5}, {6, 7}, {4}, {2, 3}, {1}], [{8, 5}, {6, 7}, {4}, {3}, {1, 2}], [{8, 5}, {6, 7}, {4}, {3}, {2}, {1}], [{8, 5}, {7}, {1, 6}, {3, 4}, {2}], [{8, 5}, {7}, {4, 6}, {1, 3}, {2}], [{8, 5}, {7}, {6}, {1, 4}, {2, 3}], [{8, 6}, {1, 7}, {2, 5}, {3, 4}], [{8, 6}, {1, 7}, {2, 5}, {4}, {3}], [{8, 6}, {1, 7}, {3, 5}, {2, 4}], [{8, 6}, {1, 7}, {3, 5}, {4}, {2}], [{8, 6}, {1, 7}, {4, 5}, {2, 3}], [{8, 6}, {1, 7}, {4, 5}, {3}, {2}], [{8, 6}, {1, 7}, {5}, {2, 4}, {3}], [{8, 6}, {1, 7}, {5}, {3, 4}, {2}], [{8, 6}, {1, 7}, {5}, {4}, {2, 3}], [{8, 6}, {1, 7}, {5}, {4}, {3}, {2}], [{8, 6}, {2, 7}, {1, 5}, {3, 4}], [{8, 6}, {2, 7}, {1, 5}, {4}, {3}], [{8, 6}, {2, 7}, {3, 5}, {1, 4}], [{8, 6}, {2, 7}, {4, 5}, {1, 3}], [{8, 6}, {2, 7}, {4, 5}, {3}, {1}], [{8, 6}, {2, 7}, {5}, {1, 4}, {3}], [{8, 6}, {3, 7}, {1, 5}, {2, 4}], [{8, 6}, {3, 7}, {1, 5}, {4}, {2}], [{8, 6}, {3, 7}, {2, 5}, {1, 4}], [{8, 6}, {3, 7}, {4, 5}, {1, 2}], [{8, 6}, {4, 7}, {1, 5}, {2, 3}], [{8, 6}, {4, 7}, {1, 5}, {3}, {2}], [{8, 6}, {4, 7}, {2, 5}, {1, 3}], [{8, 6}, {4, 7}, {2, 5}, {3}, {1}], [{8, 6}, {4, 7}, {3, 5}, {1, 2}], [{8, 6}, {4, 7}, {5}, {3}, {1, 2}], [{8, 6}, {5, 7}, {1, 4}, {2, 3}], [{8, 6}, {5, 7}, {1, 4}, {3}, {2}], [{8, 6}, {5, 7}, {2, 4}, {1, 3}], [{8, 6}, {5, 7}, {2, 4}, {3}, {1}], [{8, 6}, {5, 7}, {3, 4}, {1, 2}], [{8, 6}, {5, 7}, {3, 4}, {2}, {1}], [{8, 6}, {5, 7}, {4}, {1, 3}, {2}], [{8, 6}, {5, 7}, {4}, {2, 3}, {1}], [{8, 6}, {5, 7}, {4}, {3}, {1, 2}], [{8, 6}, {5, 7}, {4}, {3}, {2}, {1}], [{8, 6}, {7}, {1, 5}, {2, 4}, {3}], [{8, 6}, {7}, {1, 5}, {3, 4}, {2}], [{8, 6}, {7}, {1, 5}, {4}, {2, 3}], [{8, 6}, {7}, {1, 5}, {4}, {3}, {2}], [{8, 6}, {7}, {2, 5}, {1, 4}, {3}], [{8, 6}, {7}, {4, 5}, {3}, {1, 2}], [{8, 7}, {1, 6}, {2, 5}, {3, 4}], [{8, 7}, {1, 6}, {3, 5}, {2, 4}], [{8, 7}, {1, 6}, {4, 5}, {2, 3}], [{8, 7}, {1, 6}, {5}, {3, 4}, {2}], [{8, 7}, {2, 6}, {1, 5}, {3, 4}], [{8, 7}, {2, 6}, {3, 5}, {1, 4}], [{8, 7}, {2, 6}, {4, 5}, {1, 3}], [{8, 7}, {2, 6}, {5}, {3, 4}, {1}], [{8, 7}, {3, 6}, {1, 5}, {2, 4}], [{8, 7}, {3, 6}, {2, 5}, {1, 4}], [{8, 7}, {3, 6}, {4, 5}, {1, 2}], [{8, 7}, {4, 6}, {1, 5}, {2, 3}], [{8, 7}, {4, 6}, {2, 5}, {1, 3}], [{8, 7}, {4, 6}, {3, 5}, {1, 2}], [{8, 7}, {5, 6}, {1, 4}, {2, 3}], [{8, 7}, {5, 6}, {2, 4}, {1, 3}], [{8, 7}, {5, 6}, {3, 4}, {1, 2}], [{8, 7}, {5, 6}, {3, 4}, {2}, {1}], [{8, 7}, {6}, {1, 5}, {3, 4}, {2}], [{8, 7}, {6}, {2, 5}, {3, 4}, {1}], [{8, 7}, {6}, {3, 5}, {4}, {1, 2}], [{8, 7}, {6}, {4, 5}, {3}, {1, 2}], [{8, 7}, {6}, {5}, {3, 4}, {1, 2}], [{8, 7}, {6}, {5}, {3, 4}, {2}, {1}], [{8}, {1, 7}, {3, 6}, {4, 5}, {2}], [{8}, {1, 7}, {4, 6}, {2, 5}, {3}], [{8}, {1, 7}, {5, 6}, {3, 4}, {2}], [{8}, {2, 7}, {6}, {1, 5}, {3, 4}], [{8}, {4, 7}, {5, 6}, {2, 3}, {1}], [{8}, {5, 7}, {1, 6}, {2, 4}, {3}], [{8}, {5, 7}, {1, 6}, {3, 4}, {2}], [{8}, {5, 7}, {1, 6}, {4}, {2, 3}], [{8}, {5, 7}, {1, 6}, {4}, {3}, {2}], [{8}, {6, 7}, {1, 5}, {3, 4}, {2}], [{8}, {6, 7}, {4, 5}, {3}, {1, 2}], [{8}, {7}, {2, 6}, {1, 5}, {3, 4}], [{8}, {7}, {3, 6}, {1, 5}, {2, 4}], [{8}, {7}, {4, 6}, {1, 5}, {2, 3}], [{8}, {7}, {6}, {1, 5}, {3, 4}, {2}]]",2,28 K_1^3 + 8 K_1^2 K_2 - 40 K_1^2 - 32 K_1 K_2 - 8 K_1 K_3 - 5 K_1 + 20 K_2 + 9 K_3 + 2 K_4 + 19,O1O2O3O4U3U1U5O6U4O7O5U8U7O8U2U6,O1O2O3U4U3U5U2O6O5U7O8O7U1U8O4U6,O1O2O3U4O5U6U3O7O6U7O8O4U2U8U1U5,c,{'O1O2O3O4U5U3O6U7U6O8O7U1O5U8U4U2'},1,"<a href=""/flatknot/8.850712"">8.850712</a>",t^9-38t^7-116t^6-49t^5+152t^4+92t^3-64t^2-11t+24,0,,
8.850713,O1O2O3O4U5U3O6U7U6O8O7U2O5U1U4U8,4,18z^2+103z+135,18w^3z^2+103w^2z+135w,False,False,"[[ 0 -2 -1  0  2 -1  1  0  1],[ 2  0  1  1  3  0  1  1  1],[ 1 -1  0  0  1  0  1  0  0],[ 0 -1  0  0  0  0  0  0  0],[-2 -3 -1  0  0 -2  1 -3 -1],[ 1  0  0  0  2  0  0  2  2],[-1 -1 -1  0 -1  0  0 -1 -1],[ 0 -1  0  0  3 -2  1  0  1],[-1 -1  0  0  1 -2  1 -1  0]]","[[ 0  2  1  1  0  0 -1 -1 -2],[-2  0  1 -1  0 -3 -1 -2 -3],[-1 -1  0 -1  0 -1 -1  0 -1],[-1  1  1  0  0 -1  0 -2 -1],[ 0  0  0  0  0  0  0  0 -1],[ 0  3  1  1  0  0  0 -2 -1],[ 1  1  1  0  0  0  0  0 -1],[ 1  2  0  2  0  2  0  0  0],[ 2  3  1  1  1  1  1  0  0]]",True,"[-2,-1,-1,0,0,1,1,2,-1,1,0,3,1,2,3,1,0,1,1,0,1,0,1,0,2,1,0,0,0,1,0,2,1,0,1,0]","[-2,-1,-1,0,0,1,1,2,-1,1,0,3,1,2,3,1,0,1,1,0,1,0,1,0,2,1,0,0,0,1,0,2,1,0,1,0]",t^8+42t^6+125t^4+52t^2+4,"[-2,-1,-1,0,0,1,1,2,0,1,1,1,2,2,1,0,1,1,1,2,2,-1,1,2,0,1,0,0,0,-1,1,1,2,1,2,0]","[-2,-1,-1,0,0,1,1,2,0,2,-1,2,1,2,1,1,0,1,0,2,2,0,1,2,1,2,0,-1,1,1,1,1,1,0,1,0]","[-2,-1,-1,0,0,1,1,2,0,1,1,1,1,1,3,0,0,2,0,2,2,0,0,1,0,1,0,0,0,0,1,1,3,-1,-1,1]",c,"[[{8, 2}, {3, 7}, {5, 6}, {1, 4}], [{8, 3}, {2, 7}, {1, 6}, {4, 5}], [{8, 6}, {4, 7}, {2, 5}, {1, 3}]]",1,20 K_1^3 - 40 K_1^2 - 24 K_1 K_2 - 3 K_1 + 20 K_2 + 7 K_3 + 21,O1O2O3O4U5U1U4O6U3O7O5U8U7O8U2U6,O1O2O3U1U4U5U2O6O5U7O8O7U3U8O4U6,O1O2O3U4O5U6U1O7O6U7O8O4U2U8U5U3,c,{'O1O2O3O4U5U3O6U7U6O8O7U2O5U1U4U8'},1,"<a href=""/flatknot/8.850713"">8.850713</a>",t^9-42t^7-96t^6+133t^5+426t^4+140t^3-84t^2+32t+6,0,,
8.850714,O1O2O3O4U5U3O6U7U6O8O7U2O5U1U8U4,4,z^3+18z^2+84z+105,w^4z^3-4w^4z^2+22w^3z^2-16w^3z+100w^2z+105w,False,False,"[[ 0 -2 -1  0  3 -1  1  0  0],[ 2  0  1  1  4  0  1  1  0],[ 1 -1  0  0  2  0  1  0 -1],[ 0 -1  0  0  0  0  0  0 -1],[-3 -4 -2  0  0 -2  1 -3 -2],[ 1  0  0  0  2  0  0  2  1],[-1 -1 -1  0 -1  0  0 -1 -1],[ 0 -1  0  0  3 -2  1  0  0],[ 0  0  1  1  2 -1  1  0  0]]","[[ 0  3  1  0  0  0 -1 -1 -2],[-3  0  1  0 -2 -3 -2 -2 -4],[-1 -1  0  0 -1 -1  0 -1 -1],[ 0  0  0  0 -1  0  0  0 -1],[ 0  2  1  1  0  0 -1  1  0],[ 0  3  1  0  0  0 -2  0 -1],[ 1  2  0  0  1  2  0  0  0],[ 1  2  1  0 -1  0  0  0 -1],[ 2  4  1  1  0  1  0  1  0]]",True,"[-3,-1,0,0,0,1,1,2,-1,0,2,3,2,2,4,0,1,1,0,1,1,1,0,0,0,1,0,1,-1,0,2,0,1,0,0,1]","[-3,-1,0,0,0,1,1,2,-1,0,2,3,2,2,4,0,1,1,0,1,1,1,0,0,0,1,0,1,-1,0,2,0,1,0,0,1]",t^8+52t^6+202t^4+112t^2+9,"[-2,-1,-1,0,0,0,1,3,0,1,1,1,2,2,1,0,1,1,2,1,2,-1,1,0,2,2,0,0,0,0,1,1,3,0,1,3]","[-3,-1,0,0,0,1,1,2,3,0,1,3,2,2,1,0,0,1,1,2,2,0,0,1,-1,1,1,2,0,2,1,1,1,0,0,1]","[-2,-1,-1,0,0,0,1,3,0,1,0,1,1,1,4,0,1,0,2,0,2,-1,0,0,1,2,1,0,1,2,0,0,0,1,3,-1]",c,"[[{8, 1}, {2, 7}, {3, 6}, {4, 5}], [{8, 1}, {2, 7}, {4, 6}, {3, 5}], [{8, 1}, {2, 7}, {5, 6}, {3, 4}], [{8, 1}, {3, 7}, {2, 6}, {4, 5}], [{8, 1}, {3, 7}, {4, 6}, {2, 5}], [{8, 1}, {3, 7}, {5, 6}, {2, 4}], [{8, 1}, {3, 7}, {6}, {4, 5}, {2}], [{8, 1}, {4, 7}, {2, 6}, {3, 5}], [{8, 1}, {4, 7}, {2, 6}, {5}, {3}], [{8, 1}, {4, 7}, {3, 6}, {2, 5}], [{8, 1}, {4, 7}, {5, 6}, {2, 3}], [{8, 1}, {5, 7}, {2, 6}, {3, 4}], [{8, 1}, {5, 7}, {3, 6}, {2, 4}], [{8, 1}, {5, 7}, {4, 6}, {2, 3}], [{8, 1}, {6, 7}, {2, 5}, {3, 4}], [{8, 1}, {6, 7}, {3, 5}, {2, 4}], [{8, 1}, {6, 7}, {4, 5}, {2, 3}], [{8, 1}, {6, 7}, {4, 5}, {3}, {2}], [{8, 1}, {7}, {3, 6}, {4, 5}, {2}], [{8, 1}, {7}, {4, 6}, {2, 5}, {3}], [{8, 2}, {1, 7}, {3, 6}, {4, 5}], [{8, 2}, {1, 7}, {4, 6}, {3, 5}], [{8, 2}, {1, 7}, {5, 6}, {3, 4}], [{8, 2}, {1, 7}, {6}, {3, 5}, {4}], [{8, 2}, {3, 7}, {1, 6}, {4, 5}], [{8, 2}, {3, 7}, {4, 6}, {1, 5}], [{8, 2}, {3, 7}, {5, 6}, {1, 4}], [{8, 2}, {4, 7}, {1, 6}, {3, 5}], [{8, 2}, {4, 7}, {3, 6}, {1, 5}], [{8, 2}, {4, 7}, {5, 6}, {1, 3}], [{8, 2}, {4, 7}, {6}, {3, 5}, {1}], [{8, 2}, {5, 7}, {1, 6}, {3, 4}], [{8, 2}, {5, 7}, {3, 6}, {1, 4}], [{8, 2}, {5, 7}, {4, 6}, {1, 3}], [{8, 2}, {6, 7}, {1, 5}, {3, 4}], [{8, 2}, {6, 7}, {1, 5}, {4}, {3}], [{8, 2}, {6, 7}, {3, 5}, {1, 4}], [{8, 2}, {6, 7}, {4, 5}, {1, 3}], [{8, 2}, {7}, {1, 6}, {4, 5}, {3}], [{8, 2}, {7}, {6}, {3, 5}, {1, 4}], [{8, 3}, {1, 7}, {2, 6}, {4, 5}], [{8, 3}, {1, 7}, {4, 6}, {2, 5}], [{8, 3}, {1, 7}, {5, 6}, {2, 4}], [{8, 3}, {1, 7}, {6}, {2, 5}, {4}], [{8, 3}, {1, 7}, {6}, {4, 5}, {2}], [{8, 3}, {1, 7}, {6}, {5}, {2, 4}], [{8, 3}, {2, 7}, {1, 6}, {4, 5}], [{8, 3}, {2, 7}, {4, 6}, {1, 5}], [{8, 3}, {2, 7}, {5, 6}, {1, 4}], [{8, 3}, {2, 7}, {6}, {5}, {1, 4}], [{8, 3}, {4, 7}, {1, 6}, {2, 5}], [{8, 3}, {4, 7}, {1, 6}, {5}, {2}], [{8, 3}, {4, 7}, {2, 6}, {1, 5}], [{8, 3}, {4, 7}, {5, 6}, {1, 2}], [{8, 3}, {5, 7}, {1, 6}, {2, 4}], [{8, 3}, {5, 7}, {2, 6}, {1, 4}], [{8, 3}, {5, 7}, {4, 6}, {1, 2}], [{8, 3}, {6, 7}, {1, 5}, {2, 4}], [{8, 3}, {6, 7}, {2, 5}, {1, 4}], [{8, 3}, {6, 7}, {4, 5}, {1, 2}], [{8, 3}, {6, 7}, {5}, {1, 4}, {2}], [{8, 3}, {7}, {2, 6}, {1, 5}, {4}], [{8, 3}, {7}, {2, 6}, {4, 5}, {1}], [{8, 3}, {7}, {2, 6}, {5}, {1, 4}], [{8, 4}, {1, 7}, {2, 6}, {3, 5}], [{8, 4}, {1, 7}, {3, 6}, {2, 5}], [{8, 4}, {1, 7}, {5, 6}, {2, 3}], [{8, 4}, {2, 7}, {1, 6}, {3, 5}], [{8, 4}, {2, 7}, {3, 6}, {1, 5}], [{8, 4}, {2, 7}, {5, 6}, {1, 3}], [{8, 4}, {3, 7}, {1, 6}, {2, 5}], [{8, 4}, {3, 7}, {1, 6}, {5}, {2}], [{8, 4}, {3, 7}, {2, 6}, {1, 5}], [{8, 4}, {3, 7}, {5, 6}, {1, 2}], [{8, 4}, {5, 7}, {1, 6}, {2, 3}], [{8, 4}, {5, 7}, {2, 6}, {1, 3}], [{8, 4}, {5, 7}, {3, 6}, {1, 2}], [{8, 4}, {5, 7}, {6}, {1, 3}, {2}], [{8, 4}, {6, 7}, {1, 5}, {2, 3}], [{8, 4}, {6, 7}, {2, 5}, {1, 3}], [{8, 4}, {6, 7}, {3, 5}, {1, 2}], [{8, 5}, {1, 7}, {2, 6}, {3, 4}], [{8, 5}, {1, 7}, {3, 6}, {2, 4}], [{8, 5}, {1, 7}, {4, 6}, {2, 3}], [{8, 5}, {2, 7}, {1, 6}, {3, 4}], [{8, 5}, {2, 7}, {3, 6}, {1, 4}], [{8, 5}, {2, 7}, {4, 6}, {1, 3}], [{8, 5}, {3, 7}, {1, 6}, {2, 4}], [{8, 5}, {3, 7}, {2, 6}, {1, 4}], [{8, 5}, {3, 7}, {4, 6}, {1, 2}], [{8, 5}, {4, 7}, {1, 6}, {2, 3}], [{8, 5}, {4, 7}, {2, 6}, {1, 3}], [{8, 5}, {4, 7}, {2, 6}, {3}, {1}], [{8, 5}, {4, 7}, {3, 6}, {1, 2}], [{8, 5}, {6, 7}, {1, 4}, {2, 3}], [{8, 5}, {6, 7}, {2, 4}, {1, 3}], [{8, 5}, {6, 7}, {3, 4}, {1, 2}], [{8, 5}, {7}, {4, 6}, {1, 3}, {2}], [{8, 5}, {7}, {6}, {3, 4}, {1, 2}], [{8, 6}, {1, 7}, {2, 5}, {3, 4}], [{8, 6}, {1, 7}, {2, 5}, {4}, {3}], [{8, 6}, {1, 7}, {3, 5}, {2, 4}], [{8, 6}, {1, 7}, {4, 5}, {2, 3}], [{8, 6}, {2, 7}, {1, 5}, {3, 4}], [{8, 6}, {2, 7}, {1, 5}, {4}, {3}], [{8, 6}, {2, 7}, {3, 5}, {1, 4}], [{8, 6}, {2, 7}, {4, 5}, {1, 3}], [{8, 6}, {3, 7}, {1, 5}, {2, 4}], [{8, 6}, {3, 7}, {2, 5}, {1, 4}], [{8, 6}, {3, 7}, {4, 5}, {1, 2}], [{8, 6}, {4, 7}, {1, 5}, {2, 3}], [{8, 6}, {4, 7}, {2, 5}, {1, 3}], [{8, 6}, {4, 7}, {3, 5}, {1, 2}], [{8, 6}, {4, 7}, {5}, {1, 3}, {2}], [{8, 6}, {5, 7}, {1, 4}, {2, 3}], [{8, 6}, {5, 7}, {2, 4}, {1, 3}], [{8, 6}, {5, 7}, {3, 4}, {1, 2}], [{8, 6}, {7}, {4, 5}, {3}, {1, 2}], [{8, 6}, {7}, {5}, {1, 4}, {2, 3}], [{8, 7}, {1, 6}, {2, 5}, {3, 4}], [{8, 7}, {1, 6}, {3, 5}, {2, 4}], [{8, 7}, {1, 6}, {4, 5}, {2, 3}], [{8, 7}, {2, 6}, {1, 5}, {3, 4}], [{8, 7}, {2, 6}, {3, 5}, {1, 4}], [{8, 7}, {2, 6}, {4, 5}, {1, 3}], [{8, 7}, {3, 6}, {1, 5}, {2, 4}], [{8, 7}, {3, 6}, {2, 5}, {1, 4}], [{8, 7}, {3, 6}, {4, 5}, {1, 2}], [{8, 7}, {3, 6}, {5}, {2, 4}, {1}], [{8, 7}, {4, 6}, {1, 5}, {2, 3}], [{8, 7}, {4, 6}, {2, 5}, {1, 3}], [{8, 7}, {4, 6}, {3, 5}, {1, 2}], [{8, 7}, {5, 6}, {1, 4}, {2, 3}], [{8, 7}, {5, 6}, {2, 4}, {1, 3}], [{8, 7}, {5, 6}, {3, 4}, {1, 2}], [{8, 7}, {6}, {2, 5}, {1, 4}, {3}], [{8}, {1, 7}, {2, 6}, {4, 5}, {3}], [{8}, {1, 7}, {3, 6}, {2, 5}, {4}], [{8}, {1, 7}, {5, 6}, {2, 4}, {3}], [{8}, {2, 7}, {5, 6}, {1, 4}, {3}], [{8}, {4, 7}, {2, 6}, {1, 5}, {3}], [{8}, {4, 7}, {5, 6}, {3}, {1, 2}], [{8}, {4, 7}, {6}, {2, 5}, {1, 3}], [{8}, {5, 7}, {2, 6}, {1, 4}, {3}], [{8}, {5, 7}, {2, 6}, {3, 4}, {1}], [{8}, {5, 7}, {2, 6}, {4}, {1, 3}], [{8}, {6, 7}, {1, 5}, {3, 4}, {2}]]",2,8 K_1^3 - 18 K_1^2 - 10 K_1 K_2 - K_1 + 9 K_2 + 3 K_3 + 10,O1O2O3O4U1U5U4O6U3O7O5U8U7O8U2U6,O1O2O3U1U4U5U3O6O5U7O8O7U2U8O4U6,O1O2O3U4O5U6U2O7O6U7O8O4U1U8U5U3,c,{'O1O2O3O4U5U3O6U7U6O8O7U2O5U1U8U4'},1,"<a href=""/flatknot/8.850714"">8.850714</a>",t^9-48t^7-106t^6+181t^5+372t^4-225t^3-252t^2+129t-12,-t^3+t^2+t,,
8.850715,O1O2O3O4U5U3O6U7U6O8O7U2O5U8U1U4,4,18z^2+101z+131,18w^3z^2+101w^2z+131w,False,False,"[[ 0 -1 -1  0  3 -1  1  0 -1],[ 1  0  0  1  3  0  1  1 -1],[ 1  0  0  0  2  0  1  0 -1],[ 0 -1  0  0  0  0  0  0 -1],[-3 -3 -2  0  0 -2  1 -3 -2],[ 1  0  0  0  2  0  0  2  0],[-1 -1 -1  0 -1  0  0 -1 -1],[ 0 -1  0  0  3 -2  1  0 -1],[ 1  1  1  1  2  0  1  1  0]]","[[ 0  3  1  0  0 -1 -1 -1 -1],[-3  0  1  0 -3 -2 -2 -2 -3],[-1 -1  0  0 -1  0 -1 -1 -1],[ 0  0  0  0  0  0  0 -1 -1],[ 0  3  1  0  0 -2  0 -1 -1],[ 1  2  0  0  2  0  0  0  0],[ 1  2  1  0  0  0  0 -1  0],[ 1  2  1  1  1  0  1  0  1],[ 1  3  1  1  1  0  0 -1  0]]",True,"[-3,-1,0,0,1,1,1,1,-1,0,3,2,2,2,3,0,1,0,1,1,1,0,0,0,1,1,2,0,1,1,0,0,0,1,0,-1]","[-3,-1,0,0,1,1,1,1,-1,0,3,2,2,2,3,0,1,0,1,1,1,0,0,0,1,1,2,0,1,1,0,0,0,1,0,-1]",t^8+45t^6+151t^4+86t^2+4,"[-1,-1,-1,-1,0,0,1,3,-1,-1,0,0,0,1,2,0,0,0,0,1,1,0,1,1,1,2,-1,1,2,2,0,0,0,1,3,3]","[-3,-1,0,0,1,1,1,1,3,0,3,1,2,2,2,0,1,1,1,1,2,0,0,0,1,-1,0,0,1,1,-1,0,0,1,0,0]","[-1,-1,-1,-1,0,0,1,3,-1,0,0,0,0,1,2,0,1,1,1,1,2,0,0,2,0,2,1,1,1,3,0,0,0,1,3,-1]",c,"[[{8, 1}, {2, 7}, {3, 6}, {4, 5}], [{8, 1}, {2, 7}, {4, 6}, {3, 5}], [{8, 1}, {2, 7}, {5, 6}, {3, 4}], [{8, 1}, {3, 7}, {2, 6}, {4, 5}], [{8, 1}, {3, 7}, {4, 6}, {2, 5}], [{8, 1}, {3, 7}, {5, 6}, {2, 4}], [{8, 1}, {3, 7}, {6}, {5}, {2, 4}], [{8, 1}, {4, 7}, {2, 6}, {3, 5}], [{8, 1}, {4, 7}, {2, 6}, {5}, {3}], [{8, 1}, {4, 7}, {3, 6}, {2, 5}], [{8, 1}, {4, 7}, {5, 6}, {2, 3}], [{8, 1}, {5, 7}, {2, 6}, {3, 4}], [{8, 1}, {5, 7}, {3, 6}, {2, 4}], [{8, 1}, {5, 7}, {4, 6}, {2, 3}], [{8, 1}, {6, 7}, {2, 5}, {3, 4}], [{8, 1}, {6, 7}, {3, 5}, {2, 4}], [{8, 1}, {6, 7}, {4, 5}, {2, 3}], [{8, 1}, {6, 7}, {4, 5}, {3}, {2}], [{8, 1}, {7}, {3, 6}, {2, 5}, {4}], [{8, 1}, {7}, {4, 6}, {2, 5}, {3}], [{8, 1}, {7}, {6}, {2, 5}, {3, 4}], [{8, 2}, {1, 7}, {3, 6}, {4, 5}], [{8, 2}, {1, 7}, {4, 6}, {3, 5}], [{8, 2}, {1, 7}, {5, 6}, {3, 4}], [{8, 2}, {1, 7}, {6}, {5}, {3, 4}], [{8, 2}, {3, 7}, {1, 6}, {4, 5}], [{8, 2}, {3, 7}, {4, 6}, {1, 5}], [{8, 2}, {3, 7}, {4, 6}, {5}, {1}], [{8, 2}, {3, 7}, {5, 6}, {1, 4}], [{8, 2}, {4, 7}, {1, 6}, {3, 5}], [{8, 2}, {4, 7}, {3, 6}, {1, 5}], [{8, 2}, {4, 7}, {5, 6}, {1, 3}], [{8, 2}, {5, 7}, {1, 6}, {3, 4}], [{8, 2}, {5, 7}, {3, 6}, {1, 4}], [{8, 2}, {5, 7}, {4, 6}, {1, 3}], [{8, 2}, {6, 7}, {1, 5}, {3, 4}], [{8, 2}, {6, 7}, {3, 5}, {1, 4}], [{8, 2}, {6, 7}, {4, 5}, {1, 3}], [{8, 2}, {6, 7}, {5}, {3, 4}, {1}], [{8, 2}, {7}, {1, 6}, {3, 5}, {4}], [{8, 2}, {7}, {1, 6}, {4, 5}, {3}], [{8, 2}, {7}, {1, 6}, {5}, {3, 4}], [{8, 3}, {1, 7}, {2, 6}, {4, 5}], [{8, 3}, {1, 7}, {4, 6}, {2, 5}], [{8, 3}, {1, 7}, {5, 6}, {2, 4}], [{8, 3}, {1, 7}, {6}, {2, 5}, {4}], [{8, 3}, {1, 7}, {6}, {4, 5}, {2}], [{8, 3}, {1, 7}, {6}, {5}, {2, 4}], [{8, 3}, {2, 7}, {1, 6}, {4, 5}], [{8, 3}, {2, 7}, {4, 6}, {1, 5}], [{8, 3}, {2, 7}, {5, 6}, {1, 4}], [{8, 3}, {2, 7}, {6}, {4, 5}, {1}], [{8, 3}, {4, 7}, {1, 6}, {2, 5}], [{8, 3}, {4, 7}, {2, 6}, {1, 5}], [{8, 3}, {4, 7}, {5, 6}, {1, 2}], [{8, 3}, {4, 7}, {6}, {2, 5}, {1}], [{8, 3}, {5, 7}, {1, 6}, {2, 4}], [{8, 3}, {5, 7}, {2, 6}, {1, 4}], [{8, 3}, {5, 7}, {4, 6}, {1, 2}], [{8, 3}, {5, 7}, {6}, {2, 4}, {1}], [{8, 3}, {6, 7}, {1, 5}, {2, 4}], [{8, 3}, {6, 7}, {2, 5}, {1, 4}], [{8, 3}, {6, 7}, {2, 5}, {4}, {1}], [{8, 3}, {6, 7}, {4, 5}, {1, 2}], [{8, 3}, {6, 7}, {4, 5}, {2}, {1}], [{8, 3}, {6, 7}, {5}, {2, 4}, {1}], [{8, 3}, {7}, {1, 6}, {2, 5}, {4}], [{8, 3}, {7}, {1, 6}, {4, 5}, {2}], [{8, 3}, {7}, {1, 6}, {5}, {2, 4}], [{8, 3}, {7}, {2, 6}, {4, 5}, {1}], [{8, 3}, {7}, {4, 6}, {2, 5}, {1}], [{8, 3}, {7}, {5, 6}, {2, 4}, {1}], [{8, 3}, {7}, {6}, {1, 5}, {2, 4}], [{8, 3}, {7}, {6}, {2, 5}, {1, 4}], [{8, 3}, {7}, {6}, {2, 5}, {4}, {1}], [{8, 3}, {7}, {6}, {4, 5}, {1, 2}], [{8, 3}, {7}, {6}, {4, 5}, {2}, {1}], [{8, 3}, {7}, {6}, {5}, {2, 4}, {1}], [{8, 4}, {1, 7}, {2, 6}, {3, 5}], [{8, 4}, {1, 7}, {3, 6}, {2, 5}], [{8, 4}, {1, 7}, {5, 6}, {2, 3}], [{8, 4}, {1, 7}, {6}, {3, 5}, {2}], [{8, 4}, {2, 7}, {1, 6}, {3, 5}], [{8, 4}, {2, 7}, {3, 6}, {1, 5}], [{8, 4}, {2, 7}, {5, 6}, {1, 3}], [{8, 4}, {3, 7}, {1, 6}, {2, 5}], [{8, 4}, {3, 7}, {2, 6}, {1, 5}], [{8, 4}, {3, 7}, {5, 6}, {1, 2}], [{8, 4}, {5, 7}, {1, 6}, {2, 3}], [{8, 4}, {5, 7}, {2, 6}, {1, 3}], [{8, 4}, {5, 7}, {3, 6}, {1, 2}], [{8, 4}, {6, 7}, {1, 5}, {2, 3}], [{8, 4}, {6, 7}, {2, 5}, {1, 3}], [{8, 4}, {6, 7}, {3, 5}, {1, 2}], [{8, 4}, {6, 7}, {3, 5}, {2}, {1}], [{8, 4}, {7}, {1, 6}, {2, 5}, {3}], [{8, 4}, {7}, {1, 6}, {3, 5}, {2}], [{8, 4}, {7}, {1, 6}, {5}, {2, 3}], [{8, 4}, {7}, {3, 6}, {2, 5}, {1}], [{8, 4}, {7}, {6}, {2, 5}, {1, 3}], [{8, 5}, {1, 7}, {2, 6}, {3, 4}], [{8, 5}, {1, 7}, {3, 6}, {2, 4}], [{8, 5}, {1, 7}, {4, 6}, {2, 3}], [{8, 5}, {2, 7}, {1, 6}, {3, 4}], [{8, 5}, {2, 7}, {3, 6}, {1, 4}], [{8, 5}, {2, 7}, {4, 6}, {1, 3}], [{8, 5}, {2, 7}, {6}, {3, 4}, {1}], [{8, 5}, {3, 7}, {1, 6}, {2, 4}], [{8, 5}, {3, 7}, {2, 6}, {1, 4}], [{8, 5}, {3, 7}, {4, 6}, {1, 2}], [{8, 5}, {4, 7}, {1, 6}, {2, 3}], [{8, 5}, {4, 7}, {2, 6}, {1, 3}], [{8, 5}, {4, 7}, {3, 6}, {1, 2}], [{8, 5}, {6, 7}, {1, 4}, {2, 3}], [{8, 5}, {6, 7}, {2, 4}, {1, 3}], [{8, 5}, {6, 7}, {3, 4}, {1, 2}], [{8, 5}, {7}, {1, 6}, {2, 4}, {3}], [{8, 5}, {7}, {1, 6}, {3, 4}, {2}], [{8, 5}, {7}, {1, 6}, {4}, {2, 3}], [{8, 6}, {1, 7}, {2, 5}, {3, 4}], [{8, 6}, {1, 7}, {2, 5}, {4}, {3}], [{8, 6}, {1, 7}, {3, 5}, {2, 4}], [{8, 6}, {1, 7}, {4, 5}, {2, 3}], [{8, 6}, {2, 7}, {1, 5}, {3, 4}], [{8, 6}, {2, 7}, {3, 5}, {1, 4}], [{8, 6}, {2, 7}, {4, 5}, {1, 3}], [{8, 6}, {3, 7}, {1, 5}, {2, 4}], [{8, 6}, {3, 7}, {2, 5}, {1, 4}], [{8, 6}, {3, 7}, {2, 5}, {4}, {1}], [{8, 6}, {3, 7}, {4, 5}, {1, 2}], [{8, 6}, {4, 7}, {1, 5}, {2, 3}], [{8, 6}, {4, 7}, {2, 5}, {1, 3}], [{8, 6}, {4, 7}, {2, 5}, {3}, {1}], [{8, 6}, {4, 7}, {3, 5}, {1, 2}], [{8, 6}, {5, 7}, {1, 4}, {2, 3}], [{8, 6}, {5, 7}, {2, 4}, {1, 3}], [{8, 6}, {5, 7}, {3, 4}, {1, 2}], [{8, 6}, {7}, {1, 5}, {2, 4}, {3}], [{8, 6}, {7}, {2, 5}, {1, 4}, {3}], [{8, 6}, {7}, {2, 5}, {3, 4}, {1}], [{8, 6}, {7}, {2, 5}, {4}, {1, 3}], [{8, 6}, {7}, {2, 5}, {4}, {3}, {1}], [{8, 6}, {7}, {4, 5}, {3}, {1, 2}], [{8, 7}, {1, 6}, {2, 5}, {3, 4}], [{8, 7}, {1, 6}, {3, 5}, {2, 4}], [{8, 7}, {1, 6}, {4, 5}, {2, 3}], [{8, 7}, {2, 6}, {1, 5}, {3, 4}], [{8, 7}, {2, 6}, {3, 5}, {1, 4}], [{8, 7}, {2, 6}, {4, 5}, {1, 3}], [{8, 7}, {3, 6}, {1, 5}, {2, 4}], [{8, 7}, {3, 6}, {2, 5}, {1, 4}], [{8, 7}, {3, 6}, {2, 5}, {4}, {1}], [{8, 7}, {3, 6}, {4, 5}, {1, 2}], [{8, 7}, {4, 6}, {1, 5}, {2, 3}], [{8, 7}, {4, 6}, {2, 5}, {1, 3}], [{8, 7}, {4, 6}, {3, 5}, {1, 2}], [{8, 7}, {5, 6}, {1, 4}, {2, 3}], [{8, 7}, {5, 6}, {2, 4}, {1, 3}], [{8, 7}, {5, 6}, {3, 4}, {1, 2}], [{8, 7}, {6}, {2, 5}, {1, 4}, {3}], [{8, 7}, {6}, {3, 5}, {4}, {1, 2}], [{8, 7}, {6}, {5}, {2, 4}, {1, 3}], [{8}, {1, 7}, {2, 6}, {4, 5}, {3}], [{8}, {1, 7}, {3, 6}, {2, 5}, {4}], [{8}, {2, 7}, {4, 6}, {1, 5}, {3}], [{8}, {3, 7}, {6}, {2, 5}, {1, 4}], [{8}, {4, 7}, {3, 6}, {2, 5}, {1}], [{8}, {4, 7}, {5, 6}, {2, 3}, {1}], [{8}, {6, 7}, {2, 5}, {1, 4}, {3}], [{8}, {6, 7}, {4, 5}, {1, 3}, {2}], [{8}, {7}, {1, 6}, {2, 5}, {3, 4}], [{8}, {7}, {1, 6}, {3, 5}, {2, 4}], [{8}, {7}, {1, 6}, {4, 5}, {2, 3}], [{8}, {7}, {3, 6}, {1, 5}, {2, 4}], [{8}, {7}, {3, 6}, {2, 5}, {1, 4}], [{8}, {7}, {3, 6}, {2, 5}, {4}, {1}], [{8}, {7}, {3, 6}, {4, 5}, {1, 2}], [{8}, {7}, {4, 6}, {2, 5}, {1, 3}], [{8}, {7}, {6}, {2, 5}, {1, 4}, {3}]]",2,32 K_1^3 + 4 K_1^2 K_2 - 38 K_1^2 - 30 K_1 K_2 - 2 K_1 K_3 - 9 K_1 - 2 K_2^2 + 18 K_2 + 7 K_3 + K_4 + 20,O1O2O3O4U1U4U5O6U3O7O5U8U7O8U2U6,O1O2O3U2U4U5U3O6O5U7O8O7U1U8O4U6,O1O2O3U4O5U6U3O7O6U7O8O4U1U8U5U2,c,{'O1O2O3O4U5U3O6U7U6O8O7U2O5U8U1U4'},1,"<a href=""/flatknot/8.850715"">8.850715</a>",t^9-39t^7-104t^6+37t^5+284t^4+168t^3-46t^2-21t+14,-t^3+3t,,
8.850716,O1O2O3O4U5U3O6U7U6O8O7U8O5U1U2U4,4,9z^3+57z^2+115z+75,9w^4z^3+57w^3z^2+115w^2z+75w,False,False,"[[ 0 -2  0  0  3 -1  1  0 -1],[ 2  0  1  1  3  1  1  2 -1],[ 0 -1  0  1  2 -1  1  0 -1],[ 0 -1 -1  0  0  0  0  0  0],[-3 -3 -2  0  0 -3  1 -3 -1],[ 1 -1  1  0  3  0  0  1  0],[-1 -1 -1  0 -1  0  0 -1 -1],[ 0 -2  0  0  3 -1  1  0 -1],[ 1  1  1  0  1  0  1  1  0]]","[[ 0  3  1  0  0 -1 -1 -2],[-3  0  1  0 -2 -1 -3 -3],[-1 -1  0  0 -1 -1  0 -1],[ 0  0  0  0 -1  0  0 -1],[ 0  2  1  1  0 -1 -1 -1],[ 1  1  1  0  1  0  0  1],[ 1  3  0  0  1  0  0 -1],[ 2  3  1  1  1 -1  1  0]]",False,"[-3,-1,0,0,1,1,2,-1,0,2,1,3,3,0,1,1,0,1,1,0,0,1,1,1,1,0,-1,1]","[-3,-1,0,0,1,1,2,-1,0,2,1,3,3,0,1,1,0,1,1,0,0,1,1,1,1,0,-1,1]",t^7+34t^5+106t^3+35t,"[-2,-1,-1,0,0,1,3,0,2,1,1,2,2,0,0,1,2,1,0,1,1,3,-1,0,1,1,3,3]","[-3,-1,0,0,1,1,2,3,1,3,1,3,2,0,1,2,1,2,1,0,0,1,1,1,1,0,0,2]","[-2,-1,-1,0,0,1,3,-1,1,1,1,1,3,0,0,1,1,1,0,1,0,3,-1,0,0,1,2,-1]",c,"[[{8, 1}, {2, 7}, {3, 6}, {4, 5}], [{8, 1}, {2, 7}, {3, 6}, {5}, {4}], [{8, 1}, {2, 7}, {4, 6}, {3, 5}], [{8, 1}, {2, 7}, {5, 6}, {3, 4}], [{8, 1}, {3, 7}, {2, 6}, {4, 5}], [{8, 1}, {3, 7}, {4, 6}, {2, 5}], [{8, 1}, {3, 7}, {5, 6}, {2, 4}], [{8, 1}, {4, 7}, {2, 6}, {3, 5}], [{8, 1}, {4, 7}, {3, 6}, {2, 5}], [{8, 1}, {4, 7}, {3, 6}, {5}, {2}], [{8, 1}, {4, 7}, {5, 6}, {2, 3}], [{8, 1}, {5, 7}, {2, 6}, {3, 4}], [{8, 1}, {5, 7}, {3, 6}, {2, 4}], [{8, 1}, {5, 7}, {3, 6}, {4}, {2}], [{8, 1}, {5, 7}, {4, 6}, {2, 3}], [{8, 1}, {6, 7}, {2, 5}, {3, 4}], [{8, 1}, {6, 7}, {3, 5}, {2, 4}], [{8, 1}, {6, 7}, {4, 5}, {2, 3}], [{8, 1}, {7}, {2, 6}, {3, 5}, {4}], [{8, 1}, {7}, {2, 6}, {4, 5}, {3}], [{8, 1}, {7}, {2, 6}, {5}, {3, 4}], [{8, 1}, {7}, {3, 6}, {2, 5}, {4}], [{8, 1}, {7}, {3, 6}, {4, 5}, {2}], [{8, 1}, {7}, {3, 6}, {5}, {2, 4}], [{8, 1}, {7}, {3, 6}, {5}, {4}, {2}], [{8, 1}, {7}, {4, 6}, {2, 5}, {3}], [{8, 1}, {7}, {4, 6}, {3, 5}, {2}], [{8, 1}, {7}, {4, 6}, {5}, {2, 3}], [{8, 1}, {7}, {5, 6}, {2, 4}, {3}], [{8, 1}, {7}, {5, 6}, {3, 4}, {2}], [{8, 1}, {7}, {5, 6}, {4}, {2, 3}], [{8, 1}, {7}, {6}, {2, 5}, {3, 4}], [{8, 1}, {7}, {6}, {3, 5}, {2, 4}], [{8, 1}, {7}, {6}, {4, 5}, {2, 3}], [{8, 2}, {1, 7}, {3, 6}, {4, 5}], [{8, 2}, {1, 7}, {4, 6}, {3, 5}], [{8, 2}, {1, 7}, {5, 6}, {3, 4}], [{8, 2}, {3, 7}, {1, 6}, {4, 5}], [{8, 2}, {3, 7}, {4, 6}, {1, 5}], [{8, 2}, {3, 7}, {5, 6}, {1, 4}], [{8, 2}, {4, 7}, {1, 6}, {3, 5}], [{8, 2}, {4, 7}, {3, 6}, {1, 5}], [{8, 2}, {4, 7}, {5, 6}, {1, 3}], [{8, 2}, {5, 7}, {1, 6}, {3, 4}], [{8, 2}, {5, 7}, {3, 6}, {1, 4}], [{8, 2}, {5, 7}, {4, 6}, {1, 3}], [{8, 2}, {6, 7}, {1, 5}, {3, 4}], [{8, 2}, {6, 7}, {3, 5}, {1, 4}], [{8, 2}, {6, 7}, {4, 5}, {1, 3}], [{8, 2}, {7}, {1, 6}, {3, 5}, {4}], [{8, 2}, {7}, {1, 6}, {4, 5}, {3}], [{8, 2}, {7}, {1, 6}, {5}, {3, 4}], [{8, 2}, {7}, {3, 6}, {1, 5}, {4}], [{8, 2}, {7}, {3, 6}, {4, 5}, {1}], [{8, 2}, {7}, {3, 6}, {5}, {1, 4}], [{8, 2}, {7}, {4, 6}, {1, 5}, {3}], [{8, 2}, {7}, {4, 6}, {3, 5}, {1}], [{8, 2}, {7}, {4, 6}, {5}, {1, 3}], [{8, 2}, {7}, {5, 6}, {1, 4}, {3}], [{8, 2}, {7}, {5, 6}, {3, 4}, {1}], [{8, 2}, {7}, {5, 6}, {4}, {1, 3}], [{8, 2}, {7}, {6}, {1, 5}, {3, 4}], [{8, 2}, {7}, {6}, {3, 5}, {1, 4}], [{8, 2}, {7}, {6}, {4, 5}, {1, 3}], [{8, 3}, {1, 7}, {2, 6}, {4, 5}], [{8, 3}, {1, 7}, {4, 6}, {2, 5}], [{8, 3}, {1, 7}, {5, 6}, {2, 4}], [{8, 3}, {2, 7}, {1, 6}, {4, 5}], [{8, 3}, {2, 7}, {4, 6}, {1, 5}], [{8, 3}, {2, 7}, {5, 6}, {1, 4}], [{8, 3}, {2, 7}, {6}, {5}, {1, 4}], [{8, 3}, {4, 7}, {1, 6}, {2, 5}], [{8, 3}, {4, 7}, {2, 6}, {1, 5}], [{8, 3}, {4, 7}, {5, 6}, {1, 2}], [{8, 3}, {5, 7}, {1, 6}, {2, 4}], [{8, 3}, {5, 7}, {2, 6}, {1, 4}], [{8, 3}, {5, 7}, {4, 6}, {1, 2}], [{8, 3}, {5, 7}, {6}, {1, 4}, {2}], [{8, 3}, {6, 7}, {1, 5}, {2, 4}], [{8, 3}, {6, 7}, {2, 5}, {1, 4}], [{8, 3}, {6, 7}, {4, 5}, {1, 2}], [{8, 3}, {6, 7}, {5}, {1, 4}, {2}], [{8, 3}, {7}, {1, 6}, {2, 5}, {4}], [{8, 3}, {7}, {1, 6}, {4, 5}, {2}], [{8, 3}, {7}, {1, 6}, {5}, {2, 4}], [{8, 3}, {7}, {2, 6}, {1, 5}, {4}], [{8, 3}, {7}, {2, 6}, {4, 5}, {1}], [{8, 3}, {7}, {2, 6}, {5}, {1, 4}], [{8, 3}, {7}, {4, 6}, {1, 5}, {2}], [{8, 3}, {7}, {4, 6}, {2, 5}, {1}], [{8, 3}, {7}, {4, 6}, {5}, {1, 2}], [{8, 3}, {7}, {5, 6}, {1, 4}, {2}], [{8, 3}, {7}, {5, 6}, {2, 4}, {1}], [{8, 3}, {7}, {5, 6}, {4}, {1, 2}], [{8, 3}, {7}, {6}, {1, 5}, {2, 4}], [{8, 3}, {7}, {6}, {2, 5}, {1, 4}], [{8, 3}, {7}, {6}, {4, 5}, {1, 2}], [{8, 3}, {7}, {6}, {5}, {1, 4}, {2}], [{8, 4}, {1, 7}, {2, 6}, {3, 5}], [{8, 4}, {1, 7}, {3, 6}, {2, 5}], [{8, 4}, {1, 7}, {3, 6}, {5}, {2}], [{8, 4}, {1, 7}, {5, 6}, {2, 3}], [{8, 4}, {2, 7}, {1, 6}, {3, 5}], [{8, 4}, {2, 7}, {1, 6}, {5}, {3}], [{8, 4}, {2, 7}, {3, 6}, {1, 5}], [{8, 4}, {2, 7}, {3, 6}, {5}, {1}], [{8, 4}, {2, 7}, {5, 6}, {1, 3}], [{8, 4}, {2, 7}, {6}, {5}, {1, 3}], [{8, 4}, {3, 7}, {1, 6}, {2, 5}], [{8, 4}, {3, 7}, {1, 6}, {5}, {2}], [{8, 4}, {3, 7}, {2, 6}, {1, 5}], [{8, 4}, {3, 7}, {5, 6}, {1, 2}], [{8, 4}, {5, 7}, {1, 6}, {2, 3}], [{8, 4}, {5, 7}, {1, 6}, {3}, {2}], [{8, 4}, {5, 7}, {2, 6}, {1, 3}], [{8, 4}, {5, 7}, {3, 6}, {1, 2}], [{8, 4}, {5, 7}, {3, 6}, {2}, {1}], [{8, 4}, {5, 7}, {6}, {1, 3}, {2}], [{8, 4}, {6, 7}, {1, 5}, {2, 3}], [{8, 4}, {6, 7}, {2, 5}, {1, 3}], [{8, 4}, {6, 7}, {3, 5}, {1, 2}], [{8, 4}, {6, 7}, {5}, {1, 3}, {2}], [{8, 4}, {7}, {1, 6}, {2, 5}, {3}], [{8, 4}, {7}, {1, 6}, {3, 5}, {2}], [{8, 4}, {7}, {1, 6}, {5}, {2, 3}], [{8, 4}, {7}, {1, 6}, {5}, {3}, {2}], [{8, 4}, {7}, {2, 6}, {1, 5}, {3}], [{8, 4}, {7}, {2, 6}, {3, 5}, {1}], [{8, 4}, {7}, {2, 6}, {5}, {1, 3}], [{8, 4}, {7}, {3, 6}, {1, 5}, {2}], [{8, 4}, {7}, {3, 6}, {2, 5}, {1}], [{8, 4}, {7}, {3, 6}, {5}, {1, 2}], [{8, 4}, {7}, {3, 6}, {5}, {2}, {1}], [{8, 4}, {7}, {5, 6}, {1, 3}, {2}], [{8, 4}, {7}, {5, 6}, {2, 3}, {1}], [{8, 4}, {7}, {5, 6}, {3}, {1, 2}], [{8, 4}, {7}, {6}, {1, 5}, {2, 3}], [{8, 4}, {7}, {6}, {2, 5}, {1, 3}], [{8, 4}, {7}, {6}, {3, 5}, {1, 2}], [{8, 4}, {7}, {6}, {5}, {1, 3}, {2}], [{8, 5}, {1, 7}, {2, 6}, {3, 4}], [{8, 5}, {1, 7}, {3, 6}, {2, 4}], [{8, 5}, {1, 7}, {4, 6}, {2, 3}], [{8, 5}, {1, 7}, {4, 6}, {3}, {2}], [{8, 5}, {1, 7}, {6}, {4}, {2, 3}], [{8, 5}, {2, 7}, {1, 6}, {3, 4}], [{8, 5}, {2, 7}, {3, 6}, {1, 4}], [{8, 5}, {2, 7}, {4, 6}, {1, 3}], [{8, 5}, {2, 7}, {4, 6}, {3}, {1}], [{8, 5}, {3, 7}, {1, 6}, {2, 4}], [{8, 5}, {3, 7}, {2, 6}, {1, 4}], [{8, 5}, {3, 7}, {4, 6}, {1, 2}], [{8, 5}, {3, 7}, {4, 6}, {2}, {1}], [{8, 5}, {4, 7}, {1, 6}, {2, 3}], [{8, 5}, {4, 7}, {2, 6}, {1, 3}], [{8, 5}, {4, 7}, {3, 6}, {1, 2}], [{8, 5}, {4, 7}, {6}, {2, 3}, {1}], [{8, 5}, {6, 7}, {1, 4}, {2, 3}], [{8, 5}, {6, 7}, {2, 4}, {1, 3}], [{8, 5}, {6, 7}, {3, 4}, {1, 2}], [{8, 5}, {6, 7}, {4}, {2, 3}, {1}], [{8, 5}, {7}, {1, 6}, {2, 4}, {3}], [{8, 5}, {7}, {1, 6}, {3, 4}, {2}], [{8, 5}, {7}, {1, 6}, {4}, {2, 3}], [{8, 5}, {7}, {2, 6}, {1, 4}, {3}], [{8, 5}, {7}, {2, 6}, {3, 4}, {1}], [{8, 5}, {7}, {2, 6}, {4}, {1, 3}], [{8, 5}, {7}, {3, 6}, {1, 4}, {2}], [{8, 5}, {7}, {3, 6}, {2, 4}, {1}], [{8, 5}, {7}, {3, 6}, {4}, {1, 2}], [{8, 5}, {7}, {4, 6}, {1, 3}, {2}], [{8, 5}, {7}, {4, 6}, {2, 3}, {1}], [{8, 5}, {7}, {4, 6}, {3}, {1, 2}], [{8, 5}, {7}, {4, 6}, {3}, {2}, {1}], [{8, 5}, {7}, {6}, {1, 4}, {2, 3}], [{8, 5}, {7}, {6}, {2, 4}, {1, 3}], [{8, 5}, {7}, {6}, {3, 4}, {1, 2}], [{8, 5}, {7}, {6}, {4}, {2, 3}, {1}], [{8, 6}, {1, 7}, {2, 5}, {3, 4}], [{8, 6}, {1, 7}, {2, 5}, {4}, {3}], [{8, 6}, {1, 7}, {3, 5}, {2, 4}], [{8, 6}, {1, 7}, {3, 5}, {4}, {2}], [{8, 6}, {1, 7}, {4, 5}, {2, 3}], [{8, 6}, {1, 7}, {4, 5}, {3}, {2}], [{8, 6}, {1, 7}, {5}, {2, 4}, {3}], [{8, 6}, {1, 7}, {5}, {3, 4}, {2}], [{8, 6}, {1, 7}, {5}, {4}, {2, 3}], [{8, 6}, {2, 7}, {1, 5}, {3, 4}], [{8, 6}, {2, 7}, {1, 5}, {4}, {3}], [{8, 6}, {2, 7}, {3, 5}, {1, 4}], [{8, 6}, {2, 7}, {3, 5}, {4}, {1}], [{8, 6}, {2, 7}, {4, 5}, {1, 3}], [{8, 6}, {2, 7}, {4, 5}, {3}, {1}], [{8, 6}, {2, 7}, {5}, {1, 4}, {3}], [{8, 6}, {2, 7}, {5}, {3, 4}, {1}], [{8, 6}, {2, 7}, {5}, {4}, {1, 3}], [{8, 6}, {3, 7}, {1, 5}, {2, 4}], [{8, 6}, {3, 7}, {1, 5}, {4}, {2}], [{8, 6}, {3, 7}, {2, 5}, {1, 4}], [{8, 6}, {3, 7}, {2, 5}, {4}, {1}], [{8, 6}, {3, 7}, {4, 5}, {1, 2}], [{8, 6}, {3, 7}, {4, 5}, {2}, {1}], [{8, 6}, {3, 7}, {5}, {1, 4}, {2}], [{8, 6}, {3, 7}, {5}, {2, 4}, {1}], [{8, 6}, {3, 7}, {5}, {4}, {1, 2}], [{8, 6}, {4, 7}, {1, 5}, {2, 3}], [{8, 6}, {4, 7}, {1, 5}, {3}, {2}], [{8, 6}, {4, 7}, {2, 5}, {1, 3}], [{8, 6}, {4, 7}, {2, 5}, {3}, {1}], [{8, 6}, {4, 7}, {3, 5}, {1, 2}], [{8, 6}, {4, 7}, {3, 5}, {2}, {1}], [{8, 6}, {4, 7}, {5}, {1, 3}, {2}], [{8, 6}, {4, 7}, {5}, {2, 3}, {1}], [{8, 6}, {4, 7}, {5}, {3}, {1, 2}], [{8, 6}, {5, 7}, {1, 4}, {2, 3}], [{8, 6}, {5, 7}, {1, 4}, {3}, {2}], [{8, 6}, {5, 7}, {2, 4}, {1, 3}], [{8, 6}, {5, 7}, {2, 4}, {3}, {1}], [{8, 6}, {5, 7}, {3, 4}, {1, 2}], [{8, 6}, {5, 7}, {3, 4}, {2}, {1}], [{8, 6}, {5, 7}, {4}, {1, 3}, {2}], [{8, 6}, {5, 7}, {4}, {2, 3}, {1}], [{8, 6}, {5, 7}, {4}, {3}, {1, 2}], [{8, 6}, {7}, {1, 5}, {2, 4}, {3}], [{8, 6}, {7}, {1, 5}, {3, 4}, {2}], [{8, 6}, {7}, {1, 5}, {4}, {2, 3}], [{8, 6}, {7}, {1, 5}, {4}, {3}, {2}], [{8, 6}, {7}, {2, 5}, {1, 4}, {3}], [{8, 6}, {7}, {2, 5}, {3, 4}, {1}], [{8, 6}, {7}, {2, 5}, {4}, {1, 3}], [{8, 6}, {7}, {2, 5}, {4}, {3}, {1}], [{8, 6}, {7}, {3, 5}, {1, 4}, {2}], [{8, 6}, {7}, {3, 5}, {2, 4}, {1}], [{8, 6}, {7}, {3, 5}, {4}, {1, 2}], [{8, 6}, {7}, {3, 5}, {4}, {2}, {1}], [{8, 6}, {7}, {4, 5}, {1, 3}, {2}], [{8, 6}, {7}, {4, 5}, {2, 3}, {1}], [{8, 6}, {7}, {4, 5}, {3}, {1, 2}], [{8, 6}, {7}, {4, 5}, {3}, {2}, {1}], [{8, 6}, {7}, {5}, {1, 4}, {2, 3}], [{8, 6}, {7}, {5}, {1, 4}, {3}, {2}], [{8, 6}, {7}, {5}, {2, 4}, {1, 3}], [{8, 6}, {7}, {5}, {2, 4}, {3}, {1}], [{8, 6}, {7}, {5}, {3, 4}, {1, 2}], [{8, 6}, {7}, {5}, {3, 4}, {2}, {1}], [{8, 6}, {7}, {5}, {4}, {1, 3}, {2}], [{8, 6}, {7}, {5}, {4}, {2, 3}, {1}], [{8, 6}, {7}, {5}, {4}, {3}, {1, 2}], [{8, 7}, {1, 6}, {2, 5}, {3, 4}], [{8, 7}, {1, 6}, {3, 5}, {2, 4}], [{8, 7}, {1, 6}, {4, 5}, {2, 3}], [{8, 7}, {2, 6}, {1, 5}, {3, 4}], [{8, 7}, {2, 6}, {3, 5}, {1, 4}], [{8, 7}, {2, 6}, {4, 5}, {1, 3}], [{8, 7}, {3, 6}, {1, 5}, {2, 4}], [{8, 7}, {3, 6}, {2, 5}, {1, 4}], [{8, 7}, {3, 6}, {4, 5}, {1, 2}], [{8, 7}, {3, 6}, {5}, {1, 4}, {2}], [{8, 7}, {4, 6}, {1, 5}, {2, 3}], [{8, 7}, {4, 6}, {2, 5}, {1, 3}], [{8, 7}, {4, 6}, {3, 5}, {1, 2}], [{8, 7}, {4, 6}, {5}, {1, 3}, {2}], [{8, 7}, {5, 6}, {1, 4}, {2, 3}], [{8, 7}, {5, 6}, {2, 4}, {1, 3}], [{8, 7}, {5, 6}, {3, 4}, {1, 2}], [{8, 7}, {5, 6}, {4}, {2, 3}, {1}], [{8}, {1, 7}, {5, 6}, {4}, {2, 3}], [{8}, {2, 7}, {3, 6}, {5}, {1, 4}], [{8}, {2, 7}, {4, 6}, {5}, {1, 3}], [{8}, {4, 7}, {5, 6}, {2, 3}, {1}], [{8}, {5, 7}, {3, 6}, {1, 4}, {2}], [{8}, {5, 7}, {4, 6}, {1, 3}, {2}], [{8}, {7}, {1, 6}, {2, 5}, {3, 4}], [{8}, {7}, {1, 6}, {3, 5}, {2, 4}], [{8}, {7}, {1, 6}, {4, 5}, {2, 3}], [{8}, {7}, {2, 6}, {1, 5}, {3, 4}], [{8}, {7}, {2, 6}, {3, 5}, {1, 4}], [{8}, {7}, {2, 6}, {4, 5}, {1, 3}], [{8}, {7}, {3, 6}, {1, 5}, {2, 4}], [{8}, {7}, {3, 6}, {2, 5}, {1, 4}], [{8}, {7}, {3, 6}, {4, 5}, {1, 2}], [{8}, {7}, {3, 6}, {5}, {1, 4}, {2}], [{8}, {7}, {4, 6}, {1, 5}, {2, 3}], [{8}, {7}, {4, 6}, {2, 5}, {1, 3}], [{8}, {7}, {4, 6}, {3, 5}, {1, 2}], [{8}, {7}, {4, 6}, {5}, {1, 3}, {2}], [{8}, {7}, {5, 6}, {1, 4}, {2, 3}], [{8}, {7}, {5, 6}, {2, 4}, {1, 3}], [{8}, {7}, {5, 6}, {3, 4}, {1, 2}], [{8}, {7}, {5, 6}, {4}, {2, 3}, {1}]]",2,4 K_1^3 + 4 K_1^2 K_2 - 2 K_1^2 - 2 K_1 K_2 - 4 K_1 K_3 - 2 K_1 + K_2 + K_4 + 1,O1O2O3O4U1U3U4O5U6O7O6U8U7O8U2U5,O1O2O3U1U2U4U3O5O4U6O7O6U8U7O8U5,O1O2O3U4O5U6U5O7O6U7O8O4U1U8U2U3,c,{'O1O2O3O4U5U3O6U7U6O8O7U8O5U1U2U4'},1,"<a href=""/flatknot/8.850716"">8.850716</a>",t^8-30t^6-78t^5-15t^4+80t^3-7t^2-20t+33,-t^3+t^2+t,,
8.850717,O1O2O3O4U5U3O6U7U6O8O7U8O5U1U4U2,4,33z^2+118z+105,33w^3z^2+118w^2z+105w,False,False,"[[ 0 -2  1  0  2 -1  1  0 -1],[ 2  0  2  1  2  1  1  2 -1],[-1 -2  0  0  1 -2  1 -1 -1],[ 0 -1  0  0  0  0  0  0  0],[-2 -2 -1  0  0 -2  1 -2 -1],[ 1 -1  2  0  2  0  0  1  0],[-1 -1 -1  0 -1  0  0 -1 -1],[ 0 -2  1  0  2 -1  1  0 -1],[ 1  1  1  0  1  0  1  1  0]]","[[ 0  2  1  1  0 -1 -1 -2],[-2  0  1 -1  0 -1 -2 -2],[-1 -1  0 -1  0 -1  0 -1],[-1  1  1  0  0 -1 -2 -2],[ 0  0  0  0  0  0  0 -1],[ 1  1  1  1  0  0  0  1],[ 1  2  0  2  0  0  0 -1],[ 2  2  1  2  1 -1  1  0]]",False,"[-2,-1,-1,0,1,1,2,-1,1,0,1,2,2,1,0,1,0,1,0,1,2,2,0,0,1,0,-1,1]","[-2,-1,-1,0,1,1,2,-1,1,0,1,2,2,1,0,1,0,1,0,1,2,2,0,0,1,0,-1,1]",t^7+26t^5+71t^3+10t,"[-2,-1,-1,0,1,1,2,0,2,1,1,2,2,0,1,0,2,1,1,1,1,2,1,1,2,-1,0,2]","[-2,-1,-1,0,1,1,2,0,2,2,1,2,2,1,1,0,1,1,1,2,1,2,1,1,1,0,0,2]","[-2,-1,-1,0,1,1,2,-1,1,1,1,2,2,0,0,1,1,1,0,0,2,2,0,0,0,-1,-1,1]",c,"[[{8, 2}, {3, 7}, {5, 6}, {1, 4}], [{8, 2}, {7}, {5, 6}, {1, 4}, {3}], [{8, 3}, {5, 7}, {4, 6}, {1, 2}], [{8, 3}, {7}, {4, 6}, {5}, {1, 2}], [{8, 6}, {1, 7}, {2, 5}, {3, 4}], [{8, 6}, {2, 7}, {1, 5}, {3, 4}], [{8, 6}, {3, 7}, {2, 5}, {1, 4}], [{8, 6}, {4, 7}, {2, 5}, {1, 3}], [{8, 6}, {5, 7}, {3, 4}, {1, 2}], [{8, 6}, {7}, {1, 5}, {3, 4}, {2}], [{8, 6}, {7}, {2, 5}, {1, 4}, {3}], [{8, 6}, {7}, {2, 5}, {3, 4}, {1}], [{8, 6}, {7}, {2, 5}, {4}, {1, 3}], [{8, 6}, {7}, {5}, {3, 4}, {1, 2}]]",1,16 K_1^3 + 8 K_1^2 K_2 - 8 K_1^2 - 12 K_1 K_2 - 8 K_1 K_3 - 6 K_1 + 4 K_2 + 2 K_3 + 2 K_4 + 3,O1O2O3O4U3U1U4O5U6O7O6U8U7O8U2U5,O1O2O3U1U3U4U2O5O4U6O7O6U8U7O8U5,O1O2O3U4O5U6U5O7O6U7O8O4U2U8U1U3,c,{'O1O2O3O4U5U3O6U7U6O8O7U8O5U1U4U2'},1,"<a href=""/flatknot/8.850717"">8.850717</a>",t^8-26t^6-56t^5-13t^4+28t^3+9t^2+1,0,,
8.850718,O1O2O3O4U5U3O6U7U6O8O7U8O5U2U1U4,4,6z^3+49z^2+116z+85,6w^4z^3+49w^3z^2+116w^2z+85w,False,False,"[[ 0 -1 -1  0  3 -1  1  0 -1],[ 1  0  0  1  3  0  1  1 -1],[ 1  0  0  1  2  0  1  1 -1],[ 0 -1 -1  0  0  0  0  0  0],[-3 -3 -2  0  0 -3  1 -3 -1],[ 1  0  0  0  3  0  0  1  0],[-1 -1 -1  0 -1  0  0 -1 -1],[ 0 -1 -1  0  3 -1  1  0 -1],[ 1  1  1  0  1  0  1  1  0]]","[[ 0  3  1  0 -1 -1 -1 -1],[-3  0  1  0 -1 -2 -3 -3],[-1 -1  0  0 -1 -1  0 -1],[ 0  0  0  0  0 -1  0 -1],[ 1  1  1  0  0  1  0  1],[ 1  2  1  1 -1  0  0  0],[ 1  3  0  0  0  0  0  0],[ 1  3  1  1 -1  0  0  0]]",False,"[-3,-1,0,1,1,1,1,-1,0,1,2,3,3,0,1,1,0,1,0,1,0,1,-1,0,-1,0,0,0]","[-3,-1,0,1,1,1,1,-1,0,1,2,3,3,0,1,1,0,1,0,1,0,1,-1,0,-1,0,0,0]",t^7+31t^5+85t^3+19t,"[-1,-1,-1,-1,0,1,3,-1,-1,0,1,1,3,0,0,0,1,1,0,0,1,2,1,2,1,1,3,3]","[-3,-1,0,1,1,1,1,3,3,1,1,2,3,1,1,2,1,1,0,1,0,1,0,0,-1,0,0,-1]","[-1,-1,-1,-1,0,1,3,-1,0,0,1,1,2,0,1,0,1,1,0,0,0,3,1,1,3,0,0,-1]",c,"[[{8, 1}, {2, 7}, {3, 6}, {4, 5}], [{8, 1}, {2, 7}, {4, 6}, {3, 5}], [{8, 1}, {2, 7}, {4, 6}, {5}, {3}], [{8, 1}, {2, 7}, {5, 6}, {3, 4}], [{8, 1}, {2, 7}, {6}, {3, 5}, {4}], [{8, 1}, {3, 7}, {2, 6}, {4, 5}], [{8, 1}, {3, 7}, {4, 6}, {2, 5}], [{8, 1}, {3, 7}, {4, 6}, {5}, {2}], [{8, 1}, {3, 7}, {5, 6}, {2, 4}], [{8, 1}, {4, 7}, {2, 6}, {3, 5}], [{8, 1}, {4, 7}, {3, 6}, {2, 5}], [{8, 1}, {4, 7}, {5, 6}, {2, 3}], [{8, 1}, {4, 7}, {6}, {3, 5}, {2}], [{8, 1}, {5, 7}, {2, 6}, {3, 4}], [{8, 1}, {5, 7}, {3, 6}, {2, 4}], [{8, 1}, {5, 7}, {4, 6}, {2, 3}], [{8, 1}, {5, 7}, {4, 6}, {3}, {2}], [{8, 1}, {6, 7}, {2, 5}, {3, 4}], [{8, 1}, {6, 7}, {3, 5}, {2, 4}], [{8, 1}, {6, 7}, {3, 5}, {4}, {2}], [{8, 1}, {6, 7}, {4, 5}, {2, 3}], [{8, 1}, {7}, {2, 6}, {3, 5}, {4}], [{8, 1}, {7}, {2, 6}, {4, 5}, {3}], [{8, 1}, {7}, {2, 6}, {5}, {3, 4}], [{8, 1}, {7}, {3, 6}, {2, 5}, {4}], [{8, 1}, {7}, {3, 6}, {4, 5}, {2}], [{8, 1}, {7}, {3, 6}, {5}, {2, 4}], [{8, 1}, {7}, {4, 6}, {2, 5}, {3}], [{8, 1}, {7}, {4, 6}, {3, 5}, {2}], [{8, 1}, {7}, {4, 6}, {5}, {2, 3}], [{8, 1}, {7}, {4, 6}, {5}, {3}, {2}], [{8, 1}, {7}, {5, 6}, {2, 4}, {3}], [{8, 1}, {7}, {5, 6}, {3, 4}, {2}], [{8, 1}, {7}, {5, 6}, {4}, {2, 3}], [{8, 1}, {7}, {6}, {2, 5}, {3, 4}], [{8, 1}, {7}, {6}, {3, 5}, {2, 4}], [{8, 1}, {7}, {6}, {3, 5}, {4}, {2}], [{8, 1}, {7}, {6}, {4, 5}, {2, 3}], [{8, 2}, {1, 7}, {3, 6}, {4, 5}], [{8, 2}, {1, 7}, {4, 6}, {3, 5}], [{8, 2}, {1, 7}, {5, 6}, {3, 4}], [{8, 2}, {3, 7}, {1, 6}, {4, 5}], [{8, 2}, {3, 7}, {4, 6}, {1, 5}], [{8, 2}, {3, 7}, {5, 6}, {1, 4}], [{8, 2}, {4, 7}, {1, 6}, {3, 5}], [{8, 2}, {4, 7}, {3, 6}, {1, 5}], [{8, 2}, {4, 7}, {5, 6}, {1, 3}], [{8, 2}, {5, 7}, {1, 6}, {3, 4}], [{8, 2}, {5, 7}, {3, 6}, {1, 4}], [{8, 2}, {5, 7}, {4, 6}, {1, 3}], [{8, 2}, {6, 7}, {1, 5}, {3, 4}], [{8, 2}, {6, 7}, {3, 5}, {1, 4}], [{8, 2}, {6, 7}, {4, 5}, {1, 3}], [{8, 2}, {7}, {1, 6}, {3, 5}, {4}], [{8, 2}, {7}, {1, 6}, {4, 5}, {3}], [{8, 2}, {7}, {1, 6}, {5}, {3, 4}], [{8, 2}, {7}, {3, 6}, {1, 5}, {4}], [{8, 2}, {7}, {3, 6}, {4, 5}, {1}], [{8, 2}, {7}, {3, 6}, {5}, {1, 4}], [{8, 2}, {7}, {4, 6}, {1, 5}, {3}], [{8, 2}, {7}, {4, 6}, {3, 5}, {1}], [{8, 2}, {7}, {4, 6}, {5}, {1, 3}], [{8, 2}, {7}, {5, 6}, {1, 4}, {3}], [{8, 2}, {7}, {5, 6}, {3, 4}, {1}], [{8, 2}, {7}, {5, 6}, {4}, {1, 3}], [{8, 2}, {7}, {6}, {1, 5}, {3, 4}], [{8, 2}, {7}, {6}, {3, 5}, {1, 4}], [{8, 2}, {7}, {6}, {4, 5}, {1, 3}], [{8, 3}, {1, 7}, {2, 6}, {4, 5}], [{8, 3}, {1, 7}, {4, 6}, {2, 5}], [{8, 3}, {1, 7}, {4, 6}, {5}, {2}], [{8, 3}, {1, 7}, {5, 6}, {2, 4}], [{8, 3}, {1, 7}, {5, 6}, {4}, {2}], [{8, 3}, {1, 7}, {6}, {4, 5}, {2}], [{8, 3}, {2, 7}, {1, 6}, {4, 5}], [{8, 3}, {2, 7}, {4, 6}, {1, 5}], [{8, 3}, {2, 7}, {4, 6}, {5}, {1}], [{8, 3}, {2, 7}, {5, 6}, {1, 4}], [{8, 3}, {2, 7}, {5, 6}, {4}, {1}], [{8, 3}, {2, 7}, {6}, {4, 5}, {1}], [{8, 3}, {4, 7}, {1, 6}, {2, 5}], [{8, 3}, {4, 7}, {2, 6}, {1, 5}], [{8, 3}, {4, 7}, {5, 6}, {1, 2}], [{8, 3}, {4, 7}, {5, 6}, {2}, {1}], [{8, 3}, {5, 7}, {1, 6}, {2, 4}], [{8, 3}, {5, 7}, {2, 6}, {1, 4}], [{8, 3}, {5, 7}, {4, 6}, {1, 2}], [{8, 3}, {5, 7}, {4, 6}, {2}, {1}], [{8, 3}, {6, 7}, {1, 5}, {2, 4}], [{8, 3}, {6, 7}, {2, 5}, {1, 4}], [{8, 3}, {6, 7}, {4, 5}, {1, 2}], [{8, 3}, {6, 7}, {4, 5}, {2}, {1}], [{8, 3}, {7}, {1, 6}, {2, 5}, {4}], [{8, 3}, {7}, {1, 6}, {4, 5}, {2}], [{8, 3}, {7}, {1, 6}, {5}, {2, 4}], [{8, 3}, {7}, {2, 6}, {1, 5}, {4}], [{8, 3}, {7}, {2, 6}, {4, 5}, {1}], [{8, 3}, {7}, {2, 6}, {5}, {1, 4}], [{8, 3}, {7}, {4, 6}, {1, 5}, {2}], [{8, 3}, {7}, {4, 6}, {2, 5}, {1}], [{8, 3}, {7}, {4, 6}, {5}, {1, 2}], [{8, 3}, {7}, {4, 6}, {5}, {2}, {1}], [{8, 3}, {7}, {5, 6}, {1, 4}, {2}], [{8, 3}, {7}, {5, 6}, {2, 4}, {1}], [{8, 3}, {7}, {5, 6}, {4}, {1, 2}], [{8, 3}, {7}, {5, 6}, {4}, {2}, {1}], [{8, 3}, {7}, {6}, {1, 5}, {2, 4}], [{8, 3}, {7}, {6}, {2, 5}, {1, 4}], [{8, 3}, {7}, {6}, {4, 5}, {1, 2}], [{8, 3}, {7}, {6}, {4, 5}, {2}, {1}], [{8, 4}, {1, 7}, {2, 6}, {3, 5}], [{8, 4}, {1, 7}, {2, 6}, {5}, {3}], [{8, 4}, {1, 7}, {3, 6}, {2, 5}], [{8, 4}, {1, 7}, {5, 6}, {2, 3}], [{8, 4}, {1, 7}, {5, 6}, {3}, {2}], [{8, 4}, {1, 7}, {6}, {2, 5}, {3}], [{8, 4}, {2, 7}, {1, 6}, {3, 5}], [{8, 4}, {2, 7}, {3, 6}, {1, 5}], [{8, 4}, {2, 7}, {5, 6}, {1, 3}], [{8, 4}, {2, 7}, {5, 6}, {3}, {1}], [{8, 4}, {2, 7}, {6}, {5}, {1, 3}], [{8, 4}, {3, 7}, {1, 6}, {2, 5}], [{8, 4}, {3, 7}, {2, 6}, {1, 5}], [{8, 4}, {3, 7}, {2, 6}, {5}, {1}], [{8, 4}, {3, 7}, {5, 6}, {1, 2}], [{8, 4}, {3, 7}, {5, 6}, {2}, {1}], [{8, 4}, {3, 7}, {6}, {2, 5}, {1}], [{8, 4}, {5, 7}, {1, 6}, {2, 3}], [{8, 4}, {5, 7}, {2, 6}, {1, 3}], [{8, 4}, {5, 7}, {2, 6}, {3}, {1}], [{8, 4}, {5, 7}, {3, 6}, {1, 2}], [{8, 4}, {5, 7}, {6}, {1, 3}, {2}], [{8, 4}, {6, 7}, {1, 5}, {2, 3}], [{8, 4}, {6, 7}, {2, 5}, {1, 3}], [{8, 4}, {6, 7}, {2, 5}, {3}, {1}], [{8, 4}, {6, 7}, {3, 5}, {1, 2}], [{8, 4}, {6, 7}, {5}, {1, 3}, {2}], [{8, 4}, {7}, {1, 6}, {2, 5}, {3}], [{8, 4}, {7}, {1, 6}, {3, 5}, {2}], [{8, 4}, {7}, {1, 6}, {5}, {2, 3}], [{8, 4}, {7}, {2, 6}, {1, 5}, {3}], [{8, 4}, {7}, {2, 6}, {3, 5}, {1}], [{8, 4}, {7}, {2, 6}, {5}, {1, 3}], [{8, 4}, {7}, {2, 6}, {5}, {3}, {1}], [{8, 4}, {7}, {3, 6}, {1, 5}, {2}], [{8, 4}, {7}, {3, 6}, {2, 5}, {1}], [{8, 4}, {7}, {3, 6}, {5}, {1, 2}], [{8, 4}, {7}, {5, 6}, {1, 3}, {2}], [{8, 4}, {7}, {5, 6}, {2, 3}, {1}], [{8, 4}, {7}, {5, 6}, {3}, {1, 2}], [{8, 4}, {7}, {5, 6}, {3}, {2}, {1}], [{8, 4}, {7}, {6}, {1, 5}, {2, 3}], [{8, 4}, {7}, {6}, {2, 5}, {1, 3}], [{8, 4}, {7}, {6}, {2, 5}, {3}, {1}], [{8, 4}, {7}, {6}, {3, 5}, {1, 2}], [{8, 4}, {7}, {6}, {5}, {1, 3}, {2}], [{8, 5}, {1, 7}, {2, 6}, {3, 4}], [{8, 5}, {1, 7}, {3, 6}, {2, 4}], [{8, 5}, {1, 7}, {4, 6}, {2, 3}], [{8, 5}, {1, 7}, {6}, {3, 4}, {2}], [{8, 5}, {2, 7}, {1, 6}, {3, 4}], [{8, 5}, {2, 7}, {3, 6}, {1, 4}], [{8, 5}, {2, 7}, {4, 6}, {1, 3}], [{8, 5}, {2, 7}, {6}, {3, 4}, {1}], [{8, 5}, {3, 7}, {1, 6}, {2, 4}], [{8, 5}, {3, 7}, {2, 6}, {1, 4}], [{8, 5}, {3, 7}, {4, 6}, {1, 2}], [{8, 5}, {4, 7}, {1, 6}, {2, 3}], [{8, 5}, {4, 7}, {2, 6}, {1, 3}], [{8, 5}, {4, 7}, {3, 6}, {1, 2}], [{8, 5}, {6, 7}, {1, 4}, {2, 3}], [{8, 5}, {6, 7}, {2, 4}, {1, 3}], [{8, 5}, {6, 7}, {3, 4}, {1, 2}], [{8, 5}, {6, 7}, {3, 4}, {2}, {1}], [{8, 5}, {7}, {1, 6}, {2, 4}, {3}], [{8, 5}, {7}, {1, 6}, {3, 4}, {2}], [{8, 5}, {7}, {1, 6}, {4}, {2, 3}], [{8, 5}, {7}, {2, 6}, {1, 4}, {3}], [{8, 5}, {7}, {2, 6}, {3, 4}, {1}], [{8, 5}, {7}, {2, 6}, {4}, {1, 3}], [{8, 5}, {7}, {3, 6}, {1, 4}, {2}], [{8, 5}, {7}, {3, 6}, {2, 4}, {1}], [{8, 5}, {7}, {3, 6}, {4}, {1, 2}], [{8, 5}, {7}, {4, 6}, {1, 3}, {2}], [{8, 5}, {7}, {4, 6}, {2, 3}, {1}], [{8, 5}, {7}, {4, 6}, {3}, {1, 2}], [{8, 5}, {7}, {6}, {1, 4}, {2, 3}], [{8, 5}, {7}, {6}, {2, 4}, {1, 3}], [{8, 5}, {7}, {6}, {3, 4}, {1, 2}], [{8, 5}, {7}, {6}, {3, 4}, {2}, {1}], [{8, 6}, {1, 7}, {2, 5}, {3, 4}], [{8, 6}, {1, 7}, {2, 5}, {4}, {3}], [{8, 6}, {1, 7}, {3, 5}, {2, 4}], [{8, 6}, {1, 7}, {3, 5}, {4}, {2}], [{8, 6}, {1, 7}, {4, 5}, {2, 3}], [{8, 6}, {1, 7}, {4, 5}, {3}, {2}], [{8, 6}, {1, 7}, {5}, {2, 4}, {3}], [{8, 6}, {1, 7}, {5}, {3, 4}, {2}], [{8, 6}, {1, 7}, {5}, {4}, {2, 3}], [{8, 6}, {2, 7}, {1, 5}, {3, 4}], [{8, 6}, {2, 7}, {1, 5}, {4}, {3}], [{8, 6}, {2, 7}, {3, 5}, {1, 4}], [{8, 6}, {2, 7}, {3, 5}, {4}, {1}], [{8, 6}, {2, 7}, {4, 5}, {1, 3}], [{8, 6}, {2, 7}, {4, 5}, {3}, {1}], [{8, 6}, {2, 7}, {5}, {1, 4}, {3}], [{8, 6}, {2, 7}, {5}, {3, 4}, {1}], [{8, 6}, {2, 7}, {5}, {4}, {1, 3}], [{8, 6}, {3, 7}, {1, 5}, {2, 4}], [{8, 6}, {3, 7}, {1, 5}, {4}, {2}], [{8, 6}, {3, 7}, {2, 5}, {1, 4}], [{8, 6}, {3, 7}, {2, 5}, {4}, {1}], [{8, 6}, {3, 7}, {4, 5}, {1, 2}], [{8, 6}, {3, 7}, {4, 5}, {2}, {1}], [{8, 6}, {3, 7}, {5}, {1, 4}, {2}], [{8, 6}, {3, 7}, {5}, {2, 4}, {1}], [{8, 6}, {3, 7}, {5}, {4}, {1, 2}], [{8, 6}, {4, 7}, {1, 5}, {2, 3}], [{8, 6}, {4, 7}, {1, 5}, {3}, {2}], [{8, 6}, {4, 7}, {2, 5}, {1, 3}], [{8, 6}, {4, 7}, {2, 5}, {3}, {1}], [{8, 6}, {4, 7}, {3, 5}, {1, 2}], [{8, 6}, {4, 7}, {3, 5}, {2}, {1}], [{8, 6}, {4, 7}, {5}, {1, 3}, {2}], [{8, 6}, {4, 7}, {5}, {2, 3}, {1}], [{8, 6}, {4, 7}, {5}, {3}, {1, 2}], [{8, 6}, {5, 7}, {1, 4}, {2, 3}], [{8, 6}, {5, 7}, {1, 4}, {3}, {2}], [{8, 6}, {5, 7}, {2, 4}, {1, 3}], [{8, 6}, {5, 7}, {2, 4}, {3}, {1}], [{8, 6}, {5, 7}, {3, 4}, {1, 2}], [{8, 6}, {5, 7}, {3, 4}, {2}, {1}], [{8, 6}, {5, 7}, {4}, {1, 3}, {2}], [{8, 6}, {5, 7}, {4}, {2, 3}, {1}], [{8, 6}, {5, 7}, {4}, {3}, {1, 2}], [{8, 6}, {7}, {1, 5}, {2, 4}, {3}], [{8, 6}, {7}, {1, 5}, {3, 4}, {2}], [{8, 6}, {7}, {1, 5}, {4}, {2, 3}], [{8, 6}, {7}, {1, 5}, {4}, {3}, {2}], [{8, 6}, {7}, {2, 5}, {1, 4}, {3}], [{8, 6}, {7}, {2, 5}, {3, 4}, {1}], [{8, 6}, {7}, {2, 5}, {4}, {1, 3}], [{8, 6}, {7}, {2, 5}, {4}, {3}, {1}], [{8, 6}, {7}, {3, 5}, {1, 4}, {2}], [{8, 6}, {7}, {3, 5}, {2, 4}, {1}], [{8, 6}, {7}, {3, 5}, {4}, {1, 2}], [{8, 6}, {7}, {3, 5}, {4}, {2}, {1}], [{8, 6}, {7}, {4, 5}, {1, 3}, {2}], [{8, 6}, {7}, {4, 5}, {2, 3}, {1}], [{8, 6}, {7}, {4, 5}, {3}, {1, 2}], [{8, 6}, {7}, {4, 5}, {3}, {2}, {1}], [{8, 6}, {7}, {5}, {1, 4}, {2, 3}], [{8, 6}, {7}, {5}, {1, 4}, {3}, {2}], [{8, 6}, {7}, {5}, {2, 4}, {1, 3}], [{8, 6}, {7}, {5}, {2, 4}, {3}, {1}], [{8, 6}, {7}, {5}, {3, 4}, {1, 2}], [{8, 6}, {7}, {5}, {3, 4}, {2}, {1}], [{8, 6}, {7}, {5}, {4}, {1, 3}, {2}], [{8, 6}, {7}, {5}, {4}, {2, 3}, {1}], [{8, 6}, {7}, {5}, {4}, {3}, {1, 2}], [{8, 7}, {1, 6}, {2, 5}, {3, 4}], [{8, 7}, {1, 6}, {3, 5}, {2, 4}], [{8, 7}, {1, 6}, {3, 5}, {4}, {2}], [{8, 7}, {1, 6}, {4, 5}, {2, 3}], [{8, 7}, {2, 6}, {1, 5}, {3, 4}], [{8, 7}, {2, 6}, {3, 5}, {1, 4}], [{8, 7}, {2, 6}, {4, 5}, {1, 3}], [{8, 7}, {3, 6}, {1, 5}, {2, 4}], [{8, 7}, {3, 6}, {2, 5}, {1, 4}], [{8, 7}, {3, 6}, {4, 5}, {1, 2}], [{8, 7}, {3, 6}, {4, 5}, {2}, {1}], [{8, 7}, {4, 6}, {1, 5}, {2, 3}], [{8, 7}, {4, 6}, {2, 5}, {1, 3}], [{8, 7}, {4, 6}, {2, 5}, {3}, {1}], [{8, 7}, {4, 6}, {3, 5}, {1, 2}], [{8, 7}, {4, 6}, {5}, {1, 3}, {2}], [{8, 7}, {5, 6}, {1, 4}, {2, 3}], [{8, 7}, {5, 6}, {2, 4}, {1, 3}], [{8, 7}, {5, 6}, {3, 4}, {1, 2}], [{8, 7}, {5, 6}, {3, 4}, {2}, {1}], [{8}, {1, 7}, {3, 6}, {4, 5}, {2}], [{8}, {1, 7}, {4, 6}, {2, 5}, {3}], [{8}, {1, 7}, {5, 6}, {3, 4}, {2}], [{8}, {2, 7}, {1, 6}, {3, 5}, {4}], [{8}, {2, 7}, {3, 6}, {4, 5}, {1}], [{8}, {2, 7}, {4, 6}, {5}, {1, 3}], [{8}, {2, 7}, {5, 6}, {3, 4}, {1}], [{8}, {3, 7}, {4, 6}, {2, 5}, {1}], [{8}, {4, 7}, {1, 6}, {3, 5}, {2}], [{8}, {5, 7}, {4, 6}, {1, 3}, {2}], [{8}, {7}, {1, 6}, {2, 5}, {3, 4}], [{8}, {7}, {1, 6}, {3, 5}, {2, 4}], [{8}, {7}, {1, 6}, {3, 5}, {4}, {2}], [{8}, {7}, {1, 6}, {4, 5}, {2, 3}], [{8}, {7}, {2, 6}, {1, 5}, {3, 4}], [{8}, {7}, {2, 6}, {3, 5}, {1, 4}], [{8}, {7}, {2, 6}, {4, 5}, {1, 3}], [{8}, {7}, {3, 6}, {1, 5}, {2, 4}], [{8}, {7}, {3, 6}, {2, 5}, {1, 4}], [{8}, {7}, {3, 6}, {4, 5}, {1, 2}], [{8}, {7}, {3, 6}, {4, 5}, {2}, {1}], [{8}, {7}, {4, 6}, {1, 5}, {2, 3}], [{8}, {7}, {4, 6}, {2, 5}, {1, 3}], [{8}, {7}, {4, 6}, {2, 5}, {3}, {1}], [{8}, {7}, {4, 6}, {3, 5}, {1, 2}], [{8}, {7}, {4, 6}, {5}, {1, 3}, {2}], [{8}, {7}, {5, 6}, {1, 4}, {2, 3}], [{8}, {7}, {5, 6}, {2, 4}, {1, 3}], [{8}, {7}, {5, 6}, {3, 4}, {1, 2}], [{8}, {7}, {5, 6}, {3, 4}, {2}, {1}]]",2,8 K_1^3 + 4 K_1^2 K_2 - 6 K_1 K_2 - 4 K_1 K_3 - 3 K_1 + K_3 + K_4,O1O2O3O4U1U4U3O5U6O7O6U8U7O8U2U5,O1O2O3U2U1U4U3O5O4U6O7O6U8U7O8U5,O1O2O3U4O5U6U5O7O6U7O8O4U1U8U3U2,c,{'O1O2O3O4U5U3O6U7U6O8O7U8O5U2U1U4'},1,"<a href=""/flatknot/8.850718"">8.850718</a>",t^8-25t^6-24t^5+35t^4+22t^3-8t^2+6t+1,-t^3+3t,,
8.850719,O1O2O3O4U5U4O6U1U2O7O8U3O5U6U7U8,4,z^3+9z^2+27z+27,-6w^5z^3+7w^4z^3-34w^4z^2+43w^3z^2-48w^3z+75w^2z+27w,False,False,"[[ 0 -2  0  0  1 -1  0  0  2],[ 2  0  1  2  0 -1  2  1  1],[ 0 -1  0  1  0 -2  1  1  1],[ 0 -2 -1  0  0 -1  0  1  2],[-1  0  0  0  0 -1 -1 -1 -1],[ 1  1  2  1  1  0  0 -1  0],[ 0 -2 -1  0  1  0  0  1  2],[ 0 -1 -1 -1  1  1 -1  0  1],[-2 -1 -1 -2  1  0 -2 -1  0]]","[[ 0  2  1  0  0  0  0 -1 -2],[-2  0  1 -1 -1 -2 -2  0 -1],[-1 -1  0  0 -1  0 -1 -1  0],[ 0  1  0  0  1  1  1 -2 -1],[ 0  1  1 -1  0 -1 -1  1 -1],[ 0  2  0 -1  1  0  0 -1 -2],[ 0  2  1 -1  1  0  0  0 -2],[ 1  0  1  2 -1  1  0  0  1],[ 2  1  0  1  1  2  2 -1  0]]",True,"[-2,-1,0,0,0,0,1,2,-1,1,1,2,2,0,1,0,1,0,1,1,0,-1,-1,-1,2,1,1,1,-1,1,0,1,2,0,2,-1]","[-2,-1,0,0,0,0,1,2,-1,1,1,2,2,0,1,-1,2,0,1,1,0,-1,-1,-1,1,1,1,1,0,1,0,1,2,0,2,-1]",t^8+37t^6+193t^4+60t^2+1,"[-2,-1,0,0,0,0,1,2,2,0,0,1,1,3,3,0,1,-1,2,1,3,0,1,-1,1,0,1,-1,0,0,-1,1,1,0,1,2]","[-2,-1,0,0,0,0,1,2,2,0,0,1,1,3,3,0,1,0,1,1,3,0,1,-1,1,0,1,-1,0,0,-1,2,1,-1,1,2]","[-2,-1,0,0,0,0,1,2,-1,1,1,2,2,0,1,-1,2,0,1,1,0,-1,-1,-1,1,1,1,1,0,1,0,1,2,0,2,-1]",c,"[[{8, 1}, {2, 7}, {3, 6}, {4, 5}]]",0,28 K_1^3 - 8 K_1^2 - 16 K_1 K_2 - 13 K_1 + 4 K_2 + K_3 + 5,O1O2O3O4U5U6U7O8U2O5O6U3U4O7U1U8,O1O2O3U4U5U6U7O8O7U1O4O5U2U3O6U8,O1O2O3U4O5U1U2O6O7U3O8O4U8U5U6U7,c,{'O1O2O3O4U5U4O6U1U2O7O8U3O5U6U7U8'},1,"<a href=""/flatknot/8.850719"">8.850719</a>",t^9-37t^7-90t^6+25t^5+108t^4-100t^3-48t^2+81t,0,,
8.850720,O1O2O3O4U5U4O6U1U2O7O8U3O5U6U8U7,4,11z^3+57z^2+101z+63,-4w^5z^3+15w^4z^3-8w^4z^2+65w^3z^2+101w^2z+63w,False,False,"[[ 0 -2  0  0  1 -1  0  1  1],[ 2  0  1  2  0 -1  2  1  1],[ 0 -1  0  1  0 -2  1  1  1],[ 0 -2 -1  0  0 -1  0  2  1],[-1  0  0  0  0 -1 -1 -1 -1],[ 1  1  2  1  1  0  0 -1  0],[ 0 -2 -1  0  1  0  0  2  1],[-1 -1 -1 -2  1  1 -2  0  0],[-1 -1 -1 -1  1  0 -1  0  0]]","[[ 0  1  1  1  0  0  0 -1 -2],[-1  0  1  0 -1 -1 -1  0 -1],[-1 -1  0 -1  0  0 -1 -1  0],[-1  0  1  0 -1 -2 -2  1 -1],[ 0  1  0  1  0  1  1 -2 -1],[ 0  1  0  2 -1  0  0 -1 -2],[ 0  1  1  2 -1  0  0  0 -2],[ 1  0  1 -1  2  1  0  0  1],[ 2  1  0  1  1  2  2 -1  0]]",True,"[-1,-1,-1,0,0,0,1,2,-1,0,1,1,1,0,1,1,0,0,1,1,0,1,2,2,-1,1,-1,-1,2,1,0,1,2,0,2,-1]","[-2,-1,0,0,0,1,1,1,-1,1,2,2,0,1,1,2,0,1,1,-1,0,1,1,0,1,1,0,1,2,1,0,2,1,-1,-1,0]",t^8+36t^6+160t^4+60t^2,"[-2,-1,0,0,0,1,1,1,2,0,0,1,2,2,3,0,1,-1,2,3,1,0,1,0,-1,1,1,0,-1,0,0,0,1,0,-1,-1]","[-1,-1,-1,0,0,0,1,2,-1,-1,0,1,1,1,3,0,-1,-1,0,3,2,0,0,0,2,2,0,-1,1,0,-1,0,0,-1,1,2]","[-2,-1,0,0,0,1,1,1,-1,1,2,2,0,1,1,2,0,1,1,-1,0,1,1,0,1,1,0,1,2,1,0,2,1,-1,-1,0]",c,"[[{8, 1}, {2, 7}, {3, 6}, {4, 5}], [{8, 1}, {5, 7}, {4, 6}, {2, 3}], [{8, 2}, {1, 7}, {3, 6}, {4, 5}], [{8, 4}, {5, 7}, {1, 6}, {2, 3}], [{8, 6}, {5, 7}, {1, 4}, {2, 3}], [{8, 7}, {3, 6}, {4, 5}, {1, 2}]]",1,- 2 K_1^2 - 4 K_1 K_2 + 2 K_1 + K_2 + 2 K_3 + 2,O1O2O3O4U5U6U7O8U2O6O5U3U4O7U1U8,O1O2O3U4U5U6U7O8O7U1O4O5U3U2O6U8,O1O2O3U4O5U2U1O6O7U3O8O4U8U5U6U7,c,{'O1O2O3O4U5U4O6U1U2O7O8U3O5U6U8U7'},1,"<a href=""/flatknot/8.850720"">8.850720</a>",t^9-38t^7-78t^6+91t^5+100t^4-253t^3+94t^2+29t-6,t^2-2t,,
8.850721,O1O2O3O4U5U4O6U1U2O7O8U3O5U7U6U8,4,2z^3+29z^2+92z+85,2w^4z^3-6w^4z^2+35w^3z^2-10w^3z+102w^2z+85w,False,False,"[[ 0 -2  0  0  1 -1  1 -1  2],[ 2  0  1  2  0 -1  2  0  1],[ 0 -1  0  1  0 -2  1  0  1],[ 0 -2 -1  0  0 -1  1  0  2],[-1  0  0  0  0 -1 -1 -1 -1],[ 1  1  2  1  1  0  0 -1  0],[-1 -2 -1 -1  1  0  0  0  2],[ 1  0  0  0  1  1  0  0  1],[-2 -1 -1 -2  1  0 -2 -1  0]]","[[ 0  2  1  1  0  0 -1 -1 -2],[-2  0  1 -2 -1 -2  0 -1 -1],[-1 -1  0 -1  0  0 -1 -1  0],[-1  2  1  0 -1 -1  0  0 -2],[ 0  1  0  1  0  1 -2  0 -1],[ 0  2  0  1 -1  0 -1  0 -2],[ 1  0  1  0  2  1  0 -1  1],[ 1  1  1  0  0  0  1  0  0],[ 2  1  0  2  1  2 -1  0  0]]",True,"[-2,-1,-1,0,0,1,1,2,-1,2,1,2,0,1,1,1,0,0,1,1,0,1,1,0,0,2,-1,2,0,1,1,0,2,1,-1,0]","[-2,-1,-1,0,0,1,1,2,-1,0,1,2,0,2,1,-1,2,1,1,0,0,0,0,1,0,1,1,0,1,1,0,1,2,-1,-1,2]",t^8+34t^6+199t^4+45t^2+1,"[-2,-1,-1,0,0,1,1,2,1,2,0,1,1,3,3,-1,1,1,2,1,2,0,-1,2,1,3,1,0,1,0,0,1,1,-1,-1,2]","[-2,-1,-1,0,0,1,1,2,-1,2,0,1,2,3,3,1,0,0,2,2,1,1,1,1,1,3,-1,1,0,0,1,-1,1,1,1,2]","[-2,-1,-1,0,0,1,1,2,-1,0,1,2,0,2,1,-1,2,1,1,0,0,0,0,1,0,1,1,0,1,1,0,1,2,-1,-1,2]",c,"[[{8, 1}, {4, 7}, {5, 6}, {2, 3}]]",1,- 16 K_1^4 + 24 K_1^3 + 24 K_1^2 K_2 - 12 K_1^2 - 20 K_1 K_2 - 12 K_1 K_3 - 8 K_1 + 8 K_2 + 4 K_3 + 2 K_4 + 7,O1O2O3O4U5U6U7O8U2O5O7U3U4O6U1U8,O1O2O3U4U5U6U7O8O7U2O4O5U1U3O6U8,O1O2O3U4O5U1U3O6O7U2O8O4U8U5U6U7,c,{'O1O2O3O4U5U4O6U1U2O7O8U3O5U7U6U8'},1,"<a href=""/flatknot/8.850721"">8.850721</a>",t^9-34t^7-64t^6+109t^5+134t^4-363t^3-58t^2+685t+332,0,,
8.850722,O1O2O3O4U5U4O6U1U2O7O8U3O5U8U6U7,4,2z^3+31z^2+106z+105,2w^4z^3+31w^3z^2+106w^2z+105w,False,False,"[[ 0 -2  0  0  1 -1  1  1  0],[ 2  0  1  2  0 -1  2  1  0],[ 0 -1  0  1  0 -2  1  1  0],[ 0 -2 -1  0  0 -1  1  2  0],[-1  0  0  0  0 -1 -1 -1 -1],[ 1  1  2  1  1  0  0 -1  0],[-1 -2 -1 -1  1  0  0  1  0],[-1 -1 -1 -2  1  1 -1  0  0],[ 0  0  0  0  1  0  0  0  0]]","[[ 0  1  1  1  0  0  0 -1 -2],[-1  0  1  1  0 -1 -1  0 -2],[-1 -1  0  1  0 -1 -2  1 -1],[-1 -1 -1  0 -1  0  0 -1  0],[ 0  0  0  1  0  0  0  0  0],[ 0  1  1  0  0  0  1 -2 -1],[ 0  1  2  0  0 -1  0 -1 -2],[ 1  0 -1  1  0  2  1  0  1],[ 2  2  1  0  0  1  2 -1  0]]",True,"[-1,-1,-1,0,0,0,1,2,-1,-1,0,1,1,0,2,-1,0,1,2,-1,1,1,0,0,1,0,0,0,0,0,-1,2,1,1,2,-1]","[-2,-1,0,0,0,1,1,1,-1,0,1,2,0,1,2,0,2,1,1,-1,0,0,0,1,0,0,1,0,1,1,0,2,1,-1,-1,-1]",t^8+30t^6+123t^4+35t^2+1,"[-2,-1,0,0,0,1,1,1,2,0,1,2,1,2,3,0,-1,1,2,3,1,1,0,0,-1,1,0,0,0,1,1,1,0,-1,-1,-1]","[-1,-1,-1,0,0,0,1,2,-1,-1,0,1,1,1,3,-1,1,-1,0,3,2,1,0,0,2,1,0,0,1,2,-1,0,0,-1,1,2]","[-2,-1,0,0,0,1,1,1,-1,0,1,2,0,1,2,0,2,1,1,-1,0,0,0,1,0,0,1,0,1,1,0,2,1,-1,-1,-1]",c,"[[{8, 1}, {2, 7}, {3, 6}, {4, 5}], [{8, 3}, {1, 7}, {2, 6}, {4, 5}], [{8, 3}, {2, 7}, {1, 6}, {4, 5}], [{8, 3}, {2, 7}, {4, 6}, {1, 5}], [{8, 3}, {6, 7}, {4, 5}, {1, 2}], [{8, 4}, {2, 7}, {1, 6}, {3, 5}]]",1,28 K_1^3 - 38 K_1^2 - 28 K_1 K_2 - 7 K_1 + 19 K_2 + 7 K_3 + 20,O1O2O3O4U5U6U7O8U2O7O5U3U4O6U1U8,O1O2O3U4U5U6U7O8O7U2O4O5U3U1O6U8,O1O2O3U4O5U3U1O6O7U2O8O4U8U5U6U7,c,{'O1O2O3O4U5U4O6U1U2O7O8U3O5U8U6U7'},1,"<a href=""/flatknot/8.850722"">8.850722</a>",t^9-32t^7-66t^6+50t^5+80t^4-149t^3-30t^2+81t+30,t^2-2t,,
8.850723,O1O2O3O4U5U4O6U1U2O7O8U6O5U3U8U7,4,11z^3+60z^2+110z+69,-2w^5z^3+13w^4z^3+60w^3z^2+110w^2z+69w,False,False,"[[ 0 -2  0  0  1 -1  0  1  1],[ 2  0  1  2  0 -1  2  1  1],[ 0 -1  0  1  0 -2  1  1  1],[ 0 -2 -1  0  1 -1  0  2  1],[-1  0  0 -1  0 -1  0 -1 -1],[ 1  1  2  1  1  0  0 -1  0],[ 0 -2 -1  0  0  0  0  2  1],[-1 -1 -1 -2  1  1 -2  0  0],[-1 -1 -1 -1  1  0 -1  0  0]]","[[ 0  1  1  1  0  0  0 -1 -2],[-1  0  1  0 -1 -1 -1  0 -1],[-1 -1  0 -1  0  0 -1 -1  0],[-1  0  1  0 -1 -2 -2  1 -1],[ 0  1  0  1  0  1  1 -2 -1],[ 0  1  0  2 -1  0  0  0 -2],[ 0  1  1  2 -1  0  0 -1 -2],[ 1  0  1 -1  2  0  1  0  1],[ 2  1  0  1  1  2  2 -1  0]]",True,"[-1,-1,-1,0,0,0,1,2,-1,0,1,1,1,0,1,1,0,0,1,1,0,1,2,2,-1,1,-1,-1,2,1,0,0,2,1,2,-1]","[-2,-1,0,0,0,1,1,1,-1,1,2,2,0,1,1,2,0,1,1,-1,0,1,1,0,1,1,0,0,2,1,1,2,1,-1,-1,0]",t^8+36t^6+161t^4+59t^2+4,"[-2,-1,0,0,0,1,1,1,2,0,0,1,2,2,3,0,1,-1,2,3,1,0,1,0,-1,0,1,0,-1,1,0,0,1,0,-1,-1]","[-1,-1,-1,0,0,0,1,2,-1,-1,0,1,1,1,3,0,-1,-1,0,3,2,0,0,0,2,2,0,-1,0,0,-1,1,0,-1,1,2]","[-2,-1,0,0,0,1,1,1,-1,1,2,2,0,1,1,2,0,1,1,-1,0,1,1,0,1,1,0,0,2,1,1,2,1,-1,-1,0]",c,"[[{8, 1}, {2, 7}, {3, 6}, {4, 5}], [{8, 1}, {2, 7}, {6}, {4, 5}, {3}], [{8, 2}, {1, 7}, {3, 6}, {4, 5}], [{8, 2}, {1, 7}, {6}, {4, 5}, {3}], [{8, 7}, {3, 6}, {4, 5}, {1, 2}], [{8, 7}, {6}, {4, 5}, {3}, {1, 2}]]",1,8 K_1^3 - 2 K_1^2 - 12 K_1 K_2 + K_2 + 4 K_3 + 2,O1O2O3O4U5U6U2O7U8O6O5U3U4O8U1U7,O1O2O3U4U5U1U6O7O6U8O4O5U3U2O8U7,O1O2O3U4O5U2U1O6O7U5O8O4U8U3U6U7,c,{'O1O2O3O4U5U4O6U1U2O7O8U6O5U3U8U7'},1,"<a href=""/flatknot/8.850723"">8.850723</a>",t^9-38t^7-80t^6+88t^5+126t^4-228t^3+76t^2+97t-12,t^2-2t,,
8.850724,O1O2O3O4U5U4O6U1U2O7O8U6O5U7U3U8,3,13z^2+58z+65,4w^5z^2-20w^4z^2+29w^3z^2-18w^3z+76w^2z+65w,False,False,"[[ 0 -2  0  1  1 -1  0 -1  2],[ 2  0  1  2  0 -1  2  0  1],[ 0 -1  0  1  0 -2  1  0  1],[-1 -2 -1  0  1 -1 -1  0  2],[-1  0  0 -1  0 -1  0 -1 -1],[ 1  1  2  1  1  0  0 -2  0],[ 0 -2 -1  1  0  0  0  1  2],[ 1  0  0  0  1  2 -1  0  1],[-2 -1 -1 -2  1  0 -2 -1  0]]","[[ 0  2  1  1  0  0 -1 -1 -2],[-2  0  1 -2 -1 -2  0 -1 -1],[-1 -1  0 -1  0  0 -1 -1  0],[-1  2  1  0 -1 -1 -1  0 -2],[ 0  1  0  1  0  1 -2  0 -1],[ 0  2  0  1 -1  0  0  1 -2],[ 1  0  1  1  2  0  0 -2  1],[ 1  1  1  0  0 -1  2  0  0],[ 2  1  0  2  1  2 -1  0  0]]",True,"[-2,-1,-1,0,0,1,1,2,-1,2,1,2,0,1,1,1,0,0,1,1,0,1,1,1,0,2,-1,2,0,1,0,-1,2,2,-1,0]","[-2,-1,-1,0,0,1,1,2,-1,0,1,2,0,2,1,-2,2,0,1,1,0,0,-1,1,0,1,1,0,1,1,0,1,2,-1,-1,2]",t^8+38t^6+301t^4+76t^2,"[-2,-1,-1,0,0,1,1,2,1,2,0,1,1,3,3,-2,2,1,2,1,2,1,-1,1,1,3,1,0,1,0,0,1,1,-1,-1,2]","[-2,-1,-1,0,0,1,1,2,-1,2,0,1,2,3,3,1,0,0,2,1,1,1,1,1,1,3,-1,2,1,0,1,-1,1,2,1,2]","[-2,-1,-1,0,0,1,1,2,-1,0,1,2,0,2,1,-2,2,0,1,1,0,0,-1,1,0,1,1,0,1,1,0,1,2,-1,-1,2]",c,"[[{8, 2}, {5, 7}, {1, 6}, {3, 4}]]",1,- 8 K_1^4 + 12 K_1^3 + 12 K_1^2 K_2 - 10 K_1^2 - 8 K_1 K_2 - 6 K_1 K_3 - 5 K_1 + 6 K_2 + K_3 + K_4 + 6,O1O2O3O4U5U2U6O7U8O5O6U3U4O8U1U7,O1O2O3U4U5U2U6O7O6U8O4O5U1U3O8U7,O1O2O3U4O5U1U3O6O7U5O8O4U8U2U6U7,c,{'O1O2O3O4U5U4O6U1U2O7O8U6O5U7U3U8'},1,"<a href=""/flatknot/8.850724"">8.850724</a>",t^9-38t^7-74t^6+135t^5+214t^4-194t^3+268t^2+660t-144,0,,
8.850725,O1O2O3O4U5U4O6U1U2O7O8U6O5U7U8U3,4,10z^3+58z^2+113z+75,10w^4z^3+58w^3z^2+113w^2z+75w,False,False,"[[ 0 -2  0  2  1 -1  0 -1  1],[ 2  0  1  2  0 -1  2  0  0],[ 0 -1  0  1  0 -2  1  0  0],[-2 -2 -1  0  1 -1 -2 -1  1],[-1  0  0 -1  0 -1  0 -1 -1],[ 1  1  2  1  1  0  0 -2 -1],[ 0 -2 -1  2  0  0  0  1  2],[ 1  0  0  1  1  2 -1  0  1],[-1  0  0 -1  1  1 -2 -1  0]]","[[ 0  2  1  1  0  0 -1 -1 -2],[-2  0  1  1 -1 -2 -1 -1 -2],[-1 -1  0  1  0 -2  1 -1  0],[-1 -1 -1  0  0  0 -1 -1  0],[ 0  1  0  0  0  1 -2  0 -1],[ 0  2  2  0 -1  0  0  1 -2],[ 1  1 -1  1  2  0  0 -2  1],[ 1  1  1  1  0 -1  2  0  0],[ 2  2  0  0  1  2 -1  0  0]]",True,"[-2,-1,-1,0,0,1,1,2,-1,-1,1,2,1,1,2,-1,0,2,-1,1,0,0,0,1,1,0,-1,2,0,1,0,-1,2,2,-1,0]","[-2,-1,-1,0,0,1,1,2,-1,-1,1,2,1,1,2,-1,0,2,-1,1,0,0,0,1,1,0,-1,2,0,1,0,-1,2,2,-1,0]",t^8+38t^6+326t^4+50t^2+1,"[-2,-1,-1,0,0,1,1,2,1,2,0,1,3,3,2,-2,2,1,1,1,2,1,-1,1,3,2,1,1,-1,0,1,1,1,1,2,2]","[-2,-1,-1,0,0,1,1,2,2,2,0,1,2,2,2,-1,1,1,1,1,3,-1,1,1,3,3,-1,2,1,0,1,-1,1,2,1,2]","[-2,-1,-1,0,0,1,1,2,-1,0,1,2,0,0,2,-2,2,0,-1,1,1,0,-1,1,1,1,1,0,0,1,2,0,2,1,-1,-1]",c,"[[{8, 2}, {5, 7}, {1, 6}, {3, 4}], [{8, 4}, {2, 7}, {1, 6}, {3, 5}], [{8, 4}, {5, 7}, {1, 6}, {2, 3}]]",1,- 8 K_1^4 + 16 K_1^3 + 12 K_1^2 K_2 - 8 K_1^2 - 12 K_1 K_2 - 4 K_1 K_3 - 6 K_1 - 2 K_2^2 + 4 K_2 + 2 K_3 + K_4 + 6,O1O2O3O4U2U5U6O7U8O5O6U3U4O8U1U7,O1O2O3U4U5U3U6O7O6U8O4O5U1U2O8U7,O1O2O3U4O5U2U3O6O7U5O8O4U8U1U6U7,c,{'O1O2O3O4U5U4O6U1U2O7O8U6O5U7U8U3'},1,"<a href=""/flatknot/8.850725"">8.850725</a>",t^9-38t^7-80t^6+122t^5+326t^4-70t^3-204t^2+49t-42,0,,
8.850726,O1O2O3O4U5U4O6U1U2O7O8U6O5U8U7U3,4,6z^3+37z^2+72z+45,-4w^5z^3+10w^4z^3-16w^4z^2+53w^3z^2-12w^3z+84w^2z+45w,False,False,"[[ 0 -2  0  2  1 -1  0  0  0],[ 2  0  1  2  0 -1  2  0  0],[ 0 -1  0  1  0 -2  1  0  0],[-2 -2 -1  0  1 -1 -2  0  0],[-1  0  0 -1  0 -1  0 -1 -1],[ 1  1  2  1  1  0  0 -2 -1],[ 0 -2 -1  2  0  0  0  2  1],[ 0  0  0  0  1  2 -2  0  0],[ 0  0  0  0  1  1 -1  0  0]]","[[ 0  2  1  0  0  0  0 -1 -2],[-2  0  1  0  0 -1 -2 -1 -2],[-1 -1  0 -1 -1  0  0 -1  0],[ 0  0  1  0  0  0 -1  1  0],[ 0  0  1  0  0  0 -2  2  0],[ 0  1  0  0  0  0  1 -2 -1],[ 0  2  0  1  2 -1  0  0 -2],[ 1  1  1 -1 -2  2  0  0  1],[ 2  2  0  0  0  1  2 -1  0]]",True,"[-2,-1,0,0,0,0,1,2,-1,0,0,1,2,1,2,1,1,0,0,1,0,0,0,1,-1,0,0,2,-2,0,-1,2,1,0,2,-1]","[-2,-1,0,0,0,0,1,2,-1,0,0,1,2,0,2,-2,-1,2,0,1,1,0,0,-2,1,0,0,-1,1,0,1,0,1,0,2,-1]",t^8+35t^6+260t^4+54t^2,"[-2,-1,0,0,0,0,1,2,2,0,1,2,2,3,2,1,-1,2,3,1,2,1,-1,-2,1,0,0,0,1,1,0,0,2,0,2,2]","[-2,-1,0,0,0,0,1,2,2,0,1,2,2,2,2,1,1,0,0,1,3,-1,1,2,1,0,0,0,-1,1,0,2,2,3,2,2]","[-2,-1,0,0,0,0,1,2,-1,0,0,1,2,0,2,-2,-1,2,0,1,1,0,0,-2,1,0,0,-1,1,0,1,0,1,0,2,-1]",c,"[[{8, 2}, {6, 7}, {4, 5}, {1, 3}], [{8, 4}, {2, 7}, {1, 6}, {3, 5}], [{8, 4}, {5, 7}, {1, 6}, {2, 3}]]",1,4 K_1^3 - 4 K_1^2 - 4 K_1 K_2 - K_1 + 2 K_2 + K_3 + 3,O1O2O3O4U2U5U6O7U8O6O5U3U4O8U1U7,O1O2O3U4U5U3U6O7O6U8O4O5U2U1O8U7,O1O2O3U4O5U3U2O6O7U5O8O4U8U1U6U7,c,{'O1O2O3O4U5U4O6U1U2O7O8U6O5U8U7U3'},1,"<a href=""/flatknot/8.850726"">8.850726</a>",t^9-35t^7-48t^6+124t^5+88t^4-t^3+392t^2-277t-4,0,,
8.850727,O1O2O3O4U5U4O6U1U2O7O8U7O5U3U6U8,4,7z^3+46z^2+110z+93,7w^4z^3+46w^3z^2+110w^2z+93w,False,False,"[[ 0 -2  0  0  1 -1  1 -1  2],[ 2  0  1  1  0  0  2  0  1],[ 0 -1  0  0  0 -1  1  0  1],[ 0 -1  0  0  1 -1  0  0  2],[-1  0  0 -1  0 -1 -1  0 -1],[ 1  0  1  1  1  0  1 -1  0],[-1 -2 -1  0  1 -1  0  0  2],[ 1  0  0  0  0  1  0  0  1],[-2 -1 -1 -2  1  0 -2 -1  0]]","[[ 0  2  1  1  0  0 -1 -1 -2],[-2  0  1 -2 -1 -2  0 -1 -1],[-1 -1  0 -1  0 -1 -1  0  0],[-1  2  1  0 -1  0 -1  0 -2],[ 0  1  0  1  0  0 -1  0 -1],[ 0  2  1  0  0  0 -1  0 -1],[ 1  0  1  1  1  1  0 -1  0],[ 1  1  0  0  0  0  1  0  0],[ 2  1  0  2  1  1  0  0  0]]",True,"[-2,-1,-1,0,0,1,1,2,-1,2,1,2,0,1,1,1,0,1,1,0,0,1,0,1,0,2,0,1,0,1,1,0,1,1,0,0]","[-2,-1,-1,0,0,1,1,2,-1,2,0,1,2,3,3,1,1,0,2,1,1,0,1,2,1,3,0,1,0,1,1,0,1,1,1,1]",t^8+26t^6+101t^4+67t^2+1,"[-2,-1,-1,0,0,1,1,2,1,1,1,1,1,3,3,-1,1,1,2,2,2,0,0,1,1,3,0,0,1,1,1,0,0,-1,-1,2]","[-2,-1,-1,0,0,1,1,2,-1,2,0,1,2,3,3,1,1,0,2,1,1,0,1,2,1,3,0,1,0,1,1,0,1,1,1,1]","[-2,-1,-1,0,0,1,1,2,0,0,1,1,0,2,1,-1,1,1,1,1,0,0,0,0,0,1,0,0,1,1,1,0,2,-1,-1,2]",c,"[[{8, 3}, {5, 7}, {4, 6}, {1, 2}], [{8, 3}, {5, 7}, {4, 6}, {2}, {1}]]",1,- 8 K_1^4 + 32 K_1^3 + 12 K_1^2 K_2 - 24 K_1^2 - 32 K_1 K_2 - 4 K_1 K_3 - 8 K_1 - 2 K_2^2 + 12 K_2 + 8 K_3 + K_4 + 14,O1O2O3O4U5U6U2O7U8O5O8U3U4O6U1U7,O1O2O3U4U5U1U6O7O6U2O4O5U8U3O8U7,O1O2O3U4O5U1U5O6O7U2O8O4U8U3U6U7,c,{'O1O2O3O4U5U4O6U1U2O7O8U7O5U3U6U8'},1,"<a href=""/flatknot/8.850727"">8.850727</a>",t^9-26t^7-24t^6+95t^5+48t^4-100t^3-4t^2-2t+6,0,,
8.850728,O1O2O3O4U5U4O6U1U2O7O8U7O5U6U3U8,4,4z^3+40z^2+113z+99,4w^4z^3+40w^3z^2+113w^2z+99w,False,False,"[[ 0 -2  0  1  1 -1  0 -1  2],[ 2  0  1  2  0  0  1  0  1],[ 0 -1  0  1  0 -1  0  0  1],[-1 -2 -1  0  1 -1 -1  0  2],[-1  0  0 -1  0 -1 -1  0 -1],[ 1  0  1  1  1  0  0 -1  0],[ 0 -1  0  1  1  0  0  0  2],[ 1  0  0  0  0  1  0  0  1],[-2 -1 -1 -2  1  0 -2 -1  0]]","[[ 0  2  1  1  0  0 -1 -1 -2],[-2  0  1 -2 -1 -2  0 -1 -1],[-1 -1  0 -1  0 -1 -1  0  0],[-1  2  1  0 -1 -1 -1  0 -2],[ 0  1  0  1  0  0 -1  0 -1],[ 0  2  1  1  0  0  0  0 -1],[ 1  0  1  1  1  0  0 -1  0],[ 1  1  0  0  0  0  1  0  0],[ 2  1  0  2  1  1  0  0  0]]",True,"[-2,-1,-1,0,0,1,1,2,-1,2,1,2,0,1,1,1,0,1,1,0,0,1,1,1,0,2,0,1,0,1,0,0,1,1,0,0]","[-2,-1,-1,0,0,1,1,2,-1,2,0,1,2,3,3,1,0,0,2,1,1,0,1,2,1,3,0,1,1,1,1,0,1,1,1,1]",t^8+26t^6+94t^4+23t^2,"[-2,-1,-1,0,0,1,1,2,1,1,1,1,1,3,3,-1,1,1,2,2,2,0,1,1,1,3,0,0,1,1,0,0,0,-1,-1,2]","[-2,-1,-1,0,0,1,1,2,-1,2,0,1,2,3,3,1,0,0,2,1,1,0,1,2,1,3,0,1,1,1,1,0,1,1,1,1]","[-2,-1,-1,0,0,1,1,2,0,0,1,1,0,2,1,-1,0,1,1,1,0,0,0,0,0,1,0,1,1,2,0,1,1,-1,-1,2]",c,"[[{8, 1}, {2, 7}, {3, 6}, {4, 5}], [{8, 1}, {2, 7}, {4, 6}, {3, 5}], [{8, 1}, {2, 7}, {4, 6}, {5}, {3}], [{8, 1}, {2, 7}, {5, 6}, {3, 4}], [{8, 1}, {3, 7}, {2, 6}, {4, 5}], [{8, 1}, {3, 7}, {4, 6}, {2, 5}], [{8, 1}, {3, 7}, {5, 6}, {2, 4}], [{8, 1}, {3, 7}, {6}, {4, 5}, {2}], [{8, 1}, {4, 7}, {2, 6}, {3, 5}], [{8, 1}, {4, 7}, {3, 6}, {2, 5}], [{8, 1}, {4, 7}, {3, 6}, {5}, {2}], [{8, 1}, {4, 7}, {5, 6}, {2, 3}], [{8, 1}, {4, 7}, {5, 6}, {3}, {2}], [{8, 1}, {4, 7}, {6}, {3, 5}, {2}], [{8, 1}, {5, 7}, {2, 6}, {3, 4}], [{8, 1}, {5, 7}, {2, 6}, {4}, {3}], [{8, 1}, {5, 7}, {3, 6}, {2, 4}], [{8, 1}, {5, 7}, {4, 6}, {2, 3}], [{8, 1}, {5, 7}, {6}, {3, 4}, {2}], [{8, 1}, {6, 7}, {2, 5}, {3, 4}], [{8, 1}, {6, 7}, {2, 5}, {4}, {3}], [{8, 1}, {6, 7}, {3, 5}, {2, 4}], [{8, 1}, {6, 7}, {3, 5}, {4}, {2}], [{8, 1}, {6, 7}, {4, 5}, {2, 3}], [{8, 1}, {6, 7}, {5}, {4}, {2, 3}], [{8, 1}, {7}, {4, 6}, {3, 5}, {2}], [{8, 2}, {1, 7}, {3, 6}, {4, 5}], [{8, 2}, {1, 7}, {4, 6}, {3, 5}], [{8, 2}, {1, 7}, {4, 6}, {5}, {3}], [{8, 2}, {1, 7}, {5, 6}, {3, 4}], [{8, 2}, {3, 7}, {1, 6}, {4, 5}], [{8, 2}, {3, 7}, {4, 6}, {1, 5}], [{8, 2}, {3, 7}, {5, 6}, {1, 4}], [{8, 2}, {3, 7}, {5, 6}, {4}, {1}], [{8, 2}, {4, 7}, {1, 6}, {3, 5}], [{8, 2}, {4, 7}, {3, 6}, {1, 5}], [{8, 2}, {4, 7}, {3, 6}, {5}, {1}], [{8, 2}, {4, 7}, {5, 6}, {1, 3}], [{8, 2}, {5, 7}, {1, 6}, {3, 4}], [{8, 2}, {5, 7}, {1, 6}, {4}, {3}], [{8, 2}, {5, 7}, {3, 6}, {1, 4}], [{8, 2}, {5, 7}, {4, 6}, {1, 3}], [{8, 2}, {5, 7}, {6}, {3, 4}, {1}], [{8, 2}, {6, 7}, {1, 5}, {3, 4}], [{8, 2}, {6, 7}, {3, 5}, {1, 4}], [{8, 2}, {6, 7}, {4, 5}, {1, 3}], [{8, 2}, {6, 7}, {4, 5}, {3}, {1}], [{8, 2}, {6, 7}, {5}, {4}, {1, 3}], [{8, 2}, {7}, {4, 6}, {3, 5}, {1}], [{8, 3}, {1, 7}, {2, 6}, {4, 5}], [{8, 3}, {1, 7}, {4, 6}, {2, 5}], [{8, 3}, {1, 7}, {5, 6}, {2, 4}], [{8, 3}, {2, 7}, {1, 6}, {4, 5}], [{8, 3}, {2, 7}, {4, 6}, {1, 5}], [{8, 3}, {2, 7}, {4, 6}, {5}, {1}], [{8, 3}, {2, 7}, {5, 6}, {1, 4}], [{8, 3}, {4, 7}, {1, 6}, {2, 5}], [{8, 3}, {4, 7}, {2, 6}, {1, 5}], [{8, 3}, {4, 7}, {5, 6}, {1, 2}], [{8, 3}, {4, 7}, {6}, {1, 5}, {2}], [{8, 3}, {5, 7}, {1, 6}, {2, 4}], [{8, 3}, {5, 7}, {2, 6}, {1, 4}], [{8, 3}, {5, 7}, {4, 6}, {1, 2}], [{8, 3}, {6, 7}, {1, 5}, {2, 4}], [{8, 3}, {6, 7}, {2, 5}, {1, 4}], [{8, 3}, {6, 7}, {2, 5}, {4}, {1}], [{8, 3}, {6, 7}, {4, 5}, {1, 2}], [{8, 4}, {1, 7}, {2, 6}, {3, 5}], [{8, 4}, {1, 7}, {3, 6}, {2, 5}], [{8, 4}, {1, 7}, {5, 6}, {2, 3}], [{8, 4}, {1, 7}, {6}, {3, 5}, {2}], [{8, 4}, {2, 7}, {1, 6}, {3, 5}], [{8, 4}, {2, 7}, {1, 6}, {5}, {3}], [{8, 4}, {2, 7}, {3, 6}, {1, 5}], [{8, 4}, {2, 7}, {5, 6}, {1, 3}], [{8, 4}, {3, 7}, {1, 6}, {2, 5}], [{8, 4}, {3, 7}, {2, 6}, {1, 5}], [{8, 4}, {3, 7}, {5, 6}, {1, 2}], [{8, 4}, {5, 7}, {1, 6}, {2, 3}], [{8, 4}, {5, 7}, {2, 6}, {1, 3}], [{8, 4}, {5, 7}, {3, 6}, {1, 2}], [{8, 4}, {6, 7}, {1, 5}, {2, 3}], [{8, 4}, {6, 7}, {2, 5}, {1, 3}], [{8, 4}, {6, 7}, {3, 5}, {1, 2}], [{8, 4}, {6, 7}, {3, 5}, {2}, {1}], [{8, 4}, {7}, {1, 6}, {3, 5}, {2}], [{8, 5}, {1, 7}, {2, 6}, {3, 4}], [{8, 5}, {1, 7}, {3, 6}, {2, 4}], [{8, 5}, {1, 7}, {3, 6}, {4}, {2}], [{8, 5}, {1, 7}, {4, 6}, {2, 3}], [{8, 5}, {2, 7}, {1, 6}, {3, 4}], [{8, 5}, {2, 7}, {3, 6}, {1, 4}], [{8, 5}, {2, 7}, {4, 6}, {1, 3}], [{8, 5}, {2, 7}, {4, 6}, {3}, {1}], [{8, 5}, {3, 7}, {1, 6}, {2, 4}], [{8, 5}, {3, 7}, {1, 6}, {4}, {2}], [{8, 5}, {3, 7}, {2, 6}, {1, 4}], [{8, 5}, {3, 7}, {4, 6}, {1, 2}], [{8, 5}, {4, 7}, {1, 6}, {2, 3}], [{8, 5}, {4, 7}, {2, 6}, {1, 3}], [{8, 5}, {4, 7}, {3, 6}, {1, 2}], [{8, 5}, {4, 7}, {6}, {1, 3}, {2}], [{8, 5}, {6, 7}, {1, 4}, {2, 3}], [{8, 5}, {6, 7}, {2, 4}, {1, 3}], [{8, 5}, {6, 7}, {3, 4}, {1, 2}], [{8, 5}, {6, 7}, {4}, {1, 3}, {2}], [{8, 5}, {6, 7}, {4}, {2, 3}, {1}], [{8, 5}, {6, 7}, {4}, {3}, {1, 2}], [{8, 5}, {7}, {4, 6}, {1, 3}, {2}], [{8, 6}, {1, 7}, {2, 5}, {3, 4}], [{8, 6}, {1, 7}, {3, 5}, {2, 4}], [{8, 6}, {1, 7}, {3, 5}, {4}, {2}], [{8, 6}, {1, 7}, {4, 5}, {2, 3}], [{8, 6}, {2, 7}, {1, 5}, {3, 4}], [{8, 6}, {2, 7}, {3, 5}, {1, 4}], [{8, 6}, {2, 7}, {4, 5}, {1, 3}], [{8, 6}, {2, 7}, {5}, {1, 4}, {3}], [{8, 6}, {3, 7}, {1, 5}, {2, 4}], [{8, 6}, {3, 7}, {2, 5}, {1, 4}], [{8, 6}, {3, 7}, {2, 5}, {4}, {1}], [{8, 6}, {3, 7}, {4, 5}, {1, 2}], [{8, 6}, {4, 7}, {1, 5}, {2, 3}], [{8, 6}, {4, 7}, {2, 5}, {1, 3}], [{8, 6}, {4, 7}, {3, 5}, {1, 2}], [{8, 6}, {4, 7}, {3, 5}, {2}, {1}], [{8, 6}, {5, 7}, {1, 4}, {2, 3}], [{8, 6}, {5, 7}, {2, 4}, {1, 3}], [{8, 6}, {5, 7}, {3, 4}, {1, 2}], [{8, 6}, {5, 7}, {3, 4}, {2}, {1}], [{8, 6}, {7}, {3, 5}, {1, 4}, {2}], [{8, 7}, {1, 6}, {2, 5}, {3, 4}], [{8, 7}, {1, 6}, {2, 5}, {4}, {3}], [{8, 7}, {1, 6}, {3, 5}, {2, 4}], [{8, 7}, {1, 6}, {3, 5}, {4}, {2}], [{8, 7}, {1, 6}, {4, 5}, {2, 3}], [{8, 7}, {1, 6}, {5}, {4}, {2, 3}], [{8, 7}, {2, 6}, {1, 5}, {3, 4}], [{8, 7}, {2, 6}, {3, 5}, {1, 4}], [{8, 7}, {2, 6}, {4, 5}, {1, 3}], [{8, 7}, {3, 6}, {1, 5}, {2, 4}], [{8, 7}, {3, 6}, {2, 5}, {1, 4}], [{8, 7}, {3, 6}, {4, 5}, {1, 2}], [{8, 7}, {3, 6}, {5}, {1, 4}, {2}], [{8, 7}, {4, 6}, {1, 5}, {2, 3}], [{8, 7}, {4, 6}, {2, 5}, {1, 3}], [{8, 7}, {4, 6}, {3, 5}, {1, 2}], [{8, 7}, {4, 6}, {3, 5}, {2}, {1}], [{8, 7}, {4, 6}, {5}, {3}, {1, 2}], [{8, 7}, {5, 6}, {1, 4}, {2, 3}], [{8, 7}, {5, 6}, {1, 4}, {3}, {2}], [{8, 7}, {5, 6}, {2, 4}, {1, 3}], [{8, 7}, {5, 6}, {3, 4}, {1, 2}], [{8, 7}, {6}, {3, 5}, {1, 4}, {2}], [{8}, {1, 7}, {4, 6}, {3, 5}, {2}], [{8}, {1, 7}, {5, 6}, {3, 4}, {2}], [{8}, {2, 7}, {4, 6}, {1, 5}, {3}], [{8}, {2, 7}, {4, 6}, {3, 5}, {1}], [{8}, {2, 7}, {4, 6}, {5}, {1, 3}], [{8}, {2, 7}, {4, 6}, {5}, {3}, {1}], [{8}, {4, 7}, {1, 6}, {3, 5}, {2}], [{8}, {4, 7}, {2, 6}, {5}, {1, 3}], [{8}, {4, 7}, {3, 6}, {5}, {1, 2}], [{8}, {4, 7}, {5, 6}, {2, 3}, {1}], [{8}, {5, 7}, {1, 6}, {3, 4}, {2}], [{8}, {5, 7}, {2, 6}, {3, 4}, {1}], [{8}, {5, 7}, {6}, {3, 4}, {1, 2}], [{8}, {5, 7}, {6}, {3, 4}, {2}, {1}], [{8}, {6, 7}, {1, 5}, {2, 4}, {3}], [{8}, {6, 7}, {1, 5}, {3, 4}, {2}], [{8}, {6, 7}, {1, 5}, {4}, {2, 3}], [{8}, {6, 7}, {2, 5}, {4}, {1, 3}], [{8}, {6, 7}, {3, 5}, {1, 4}, {2}], [{8}, {7}, {4, 6}, {3, 5}, {1, 2}]]",2,8 K_1^3 + 8 K_1^2 K_2 - 10 K_1^2 - 12 K_1 K_2 - 6 K_1 K_3 - 2 K_2^2 + 4 K_2 + 4 K_3 + 2 K_4 + 5,O1O2O3O4U5U2U6O7U8O5O8U3U4O6U1U7,O1O2O3U4U5U2U6O7O6U1O4O5U8U3O8U7,O1O2O3U4O5U1U5O6O7U3O8O4U8U2U6U7,c,{'O1O2O3O4U5U4O6U1U2O7O8U7O5U6U3U8'},1,"<a href=""/flatknot/8.850728"">8.850728</a>",t^9-26t^7-36t^6+104t^5+160t^4-125t^3-158t^2+88t+16,0,,
8.850729,O1O2O3O4U5U4O6U1U2O7O8U7O5U6U8U3,4,4z^3+43z^2+116z+93,4w^4z^3+43w^3z^2+116w^2z+93w,False,False,"[[ 0 -2  0  2  1 -1  0 -1  1],[ 2  0  1  2  0  0  1  0  0],[ 0 -1  0  1  0 -1  0  0  0],[-2 -2 -1  0  1 -1 -2 -1  1],[-1  0  0 -1  0 -1 -1  0 -1],[ 1  0  1  1  1  0  0 -1 -1],[ 0 -1  0  2  1  0  0  0  2],[ 1  0  0  1  0  1  0  0  1],[-1  0  0 -1  1  1 -2 -1  0]]","[[ 0  2  1  1  0  0 -1 -1 -2],[-2  0  1  1 -1 -2 -1 -1 -2],[-1 -1  0  1  0 -2  1 -1  0],[-1 -1 -1  0  0 -1 -1  0  0],[ 0  1  0  0  0  0 -1  0 -1],[ 0  2  2  1  0  0  0  0 -1],[ 1  1 -1  1  1  0  0 -1  0],[ 1  1  1  0  0  0  1  0  0],[ 2  2  0  0  1  1  0  0  0]]",True,"[-2,-1,-1,0,0,1,1,2,-1,-1,1,2,1,1,2,-1,0,2,-1,1,0,0,1,1,0,0,0,1,0,1,0,0,1,1,0,0]","[-2,-1,-1,0,0,1,1,2,-1,-1,1,2,1,1,2,-1,0,2,-1,1,0,0,1,1,0,0,0,1,0,1,0,0,1,1,0,0]",t^8+26t^6+135t^4+53t^2+1,"[-2,-1,-1,0,0,1,1,2,1,1,1,1,3,3,2,-1,1,1,1,2,2,0,1,3,1,2,0,1,1,1,-1,0,0,-1,2,2]","[-2,-1,-1,0,0,1,1,2,2,2,0,1,2,2,2,-1,0,1,1,2,3,-1,1,3,1,3,0,1,1,1,0,1,1,-1,1,1]","[-2,-1,-1,0,0,1,1,2,0,0,1,1,0,0,2,-1,0,1,-1,1,1,0,0,1,0,1,0,2,1,2,0,0,1,1,-1,-1]",c,"[[{8, 5}, {4, 7}, {2, 6}, {1, 3}]]",1,- 8 K_1^4 + 16 K_1^3 + 12 K_1^2 K_2 - 8 K_1^2 - 12 K_1 K_2 - 4 K_1 K_3 - 6 K_1 - 2 K_2^2 + 4 K_2 + 2 K_3 + K_4 + 6,O1O2O3O4U2U5U6O7U8O5O8U3U4O6U1U7,O1O2O3U4U5U3U6O7O6U1O4O5U8U2O8U7,O1O2O3U4O5U2U5O6O7U3O8O4U8U1U6U7,c,{'O1O2O3O4U5U4O6U1U2O7O8U7O5U6U8U3'},1,"<a href=""/flatknot/8.850729"">8.850729</a>",t^9-26t^7-36t^6+131t^5+220t^4-159t^3-280t^2+19t+42,0,,
8.850730,O1O2O3O4U5U4O6U1U2O7O8U7O5U8U6U3,3,23z^2+84z+77,-8w^4z^2+31w^3z^2-8w^3z+92w^2z+77w,False,False,"[[ 0 -2  0  2  1 -1  1 -1  0],[ 2  0  1  2  0  0  1  0 -1],[ 0 -1  0  1  0 -1  0  0 -1],[-2 -2 -1  0  1 -1 -1 -1  0],[-1  0  0 -1  0 -1 -1  0 -1],[ 1  0  1  1  1  0  0 -1 -1],[-1 -1  0  1  1  0  0 -1  1],[ 1  0  0  1  0  1  1  0  1],[ 0  1  1  0  1  1 -1 -1  0]]","[[ 0  2  1  1  0  0 -1 -1 -2],[-2  0  1 -1  0 -1 -1 -1 -2],[-1 -1  0 -1 -1  0  0 -1  0],[-1  1  1  0  1  0 -1  0 -1],[ 0  0  1 -1  0  1 -1  1  1],[ 0  1  0  0 -1  0  0 -1 -1],[ 1  1  0  1  1  0  0  1  0],[ 1  1  1  0 -1  1 -1  0  0],[ 2  2  0  1 -1  1  0  0  0]]",True,"[-2,-1,-1,0,0,1,1,2,-1,1,0,1,1,1,2,1,1,0,0,1,0,-1,0,1,0,1,-1,1,-1,-1,0,1,1,-1,0,0]","[-2,-1,-1,0,0,1,1,2,-1,1,0,1,1,1,2,1,1,0,0,1,0,-1,0,1,0,1,-1,1,-1,-1,0,1,1,-1,0,0]",t^8+22t^6+115t^4+21t^2,"[-2,-1,-1,0,0,1,1,2,1,1,1,3,2,3,2,-1,1,0,1,2,2,0,2,2,1,2,1,1,1,1,2,0,2,-1,0,2]","[-2,-1,-1,0,0,1,1,2,0,2,1,2,2,2,2,1,1,2,1,2,2,1,0,2,1,3,-1,1,0,1,0,2,3,1,1,1]","[-2,-1,-1,0,0,1,1,2,0,0,-1,1,0,1,2,-1,-1,1,1,0,1,1,0,0,1,1,1,1,-1,0,0,0,1,-1,-1,1]",c,"[[{8, 2}, {4, 7}, {1, 6}, {3, 5}], [{8, 2}, {4, 7}, {3, 6}, {1, 5}], [{8, 2}, {4, 7}, {5, 6}, {1, 3}], [{8, 2}, {7}, {1, 6}, {3, 5}, {4}], [{8}, {4, 7}, {5, 6}, {1, 3}, {2}]]",1,16 K_1^3 + 8 K_1^2 K_2 - 12 K_1^2 - 12 K_1 K_2 - 8 K_1 K_3 - 6 K_1 + 6 K_2 + 2 K_3 + 2 K_4 + 5,O1O2O3O4U2U5U6O7U8O6O8U3U4O5U1U7,O1O2O3U4U5U3U6O7O6U2O4O5U8U1O8U7,O1O2O3U4O5U3U5O6O7U2O8O4U8U1U6U7,c,{'O1O2O3O4U5U4O6U1U2O7O8U7O5U8U6U3'},1,"<a href=""/flatknot/8.850730"">8.850730</a>",t^9-22t^7-24t^6+39t^5-24t^4-42t^3+112t^2-28t,0,,
8.850731,O1O2O3O4U5U4O6U1U3O7O8U2O5U6U7U8,3,13z^2+58z+65,-2w^4z^2+15w^3z^2-14w^3z+72w^2z+65w,False,False,"[[ 0 -2 -1  1  1 -1  0  0  2],[ 2  0  2  1  0 -1  2  1  1],[ 1 -2  0  0  0 -1  1  1  2],[-1 -1  0  0  0 -2  0  0  0],[-1  0  0  0  0 -1 -1 -1 -1],[ 1  1  1  2  1  0  0 -1  0],[ 0 -2 -1  0  1  0  0  1  2],[ 0 -1 -1  0  1  1 -1  0  1],[-2 -1 -2  0  1  0 -2 -1  0]]","[[ 0  2  1  1  0  0 -1 -1 -2],[-2  0  1  0 -1 -2  0 -2 -1],[-1 -1  0  0 -1 -1 -1  0  0],[-1  0  0  0  0  0 -2  0 -1],[ 0  1  1  0  0 -1  1 -1 -1],[ 0  2  1  0  1  0  0 -1 -2],[ 1  0  1  2 -1  0  0  1  1],[ 1  2  0  0  1  1 -1  0 -2],[ 2  1  0  1  1  2 -1  2  0]]",True,"[-2,-1,-1,0,0,1,1,2,-1,0,1,2,0,2,1,0,1,1,1,0,0,0,0,2,0,1,1,-1,1,1,0,1,2,-1,-1,2]","[-2,-1,-1,0,0,1,1,2,-1,0,1,2,0,2,1,0,1,1,1,0,0,0,0,2,0,1,1,-1,1,1,0,1,2,-1,-1,2]",t^8+34t^6+213t^4+44t^2,"[-2,-1,-1,0,0,1,1,2,-1,2,0,1,2,3,3,1,0,0,2,2,1,1,2,0,1,3,-1,1,0,0,1,0,1,0,1,2]","[-2,-1,-1,0,0,1,1,2,1,2,0,1,1,3,3,0,1,1,2,0,2,0,0,2,1,3,1,0,1,0,0,2,1,-1,-1,2]","[-2,-1,-1,0,0,1,1,2,-1,2,1,2,0,1,1,1,-1,0,1,2,0,1,1,0,0,2,-1,1,0,1,1,0,2,0,-1,0]",c,"[[{8, 1}, {2, 7}, {3, 6}, {4, 5}], [{8, 1}, {2, 7}, {3, 6}, {5}, {4}], [{8, 1}, {2, 7}, {4, 6}, {3, 5}], [{8, 1}, {2, 7}, {5, 6}, {3, 4}], [{8, 1}, {2, 7}, {5, 6}, {4}, {3}], [{8, 1}, {2, 7}, {6}, {3, 5}, {4}], [{8, 1}, {3, 7}, {2, 6}, {4, 5}], [{8, 1}, {3, 7}, {4, 6}, {2, 5}], [{8, 1}, {3, 7}, {4, 6}, {5}, {2}], [{8, 1}, {3, 7}, {5, 6}, {2, 4}], [{8, 1}, {3, 7}, {6}, {2, 5}, {4}], [{8, 1}, {4, 7}, {2, 6}, {3, 5}], [{8, 1}, {4, 7}, {3, 6}, {2, 5}], [{8, 1}, {4, 7}, {3, 6}, {5}, {2}], [{8, 1}, {4, 7}, {5, 6}, {2, 3}], [{8, 1}, {4, 7}, {5, 6}, {3}, {2}], [{8, 1}, {4, 7}, {6}, {3, 5}, {2}], [{8, 1}, {5, 7}, {2, 6}, {3, 4}], [{8, 1}, {5, 7}, {2, 6}, {4}, {3}], [{8, 1}, {5, 7}, {3, 6}, {2, 4}], [{8, 1}, {5, 7}, {4, 6}, {2, 3}], [{8, 1}, {6, 7}, {2, 5}, {3, 4}], [{8, 1}, {6, 7}, {3, 5}, {2, 4}], [{8, 1}, {6, 7}, {4, 5}, {2, 3}], [{8, 1}, {7}, {3, 6}, {5}, {2, 4}], [{8, 1}, {7}, {4, 6}, {2, 5}, {3}], [{8, 1}, {7}, {5, 6}, {2, 4}, {3}], [{8, 1}, {7}, {6}, {3, 5}, {2, 4}], [{8, 1}, {7}, {6}, {4, 5}, {2, 3}], [{8, 2}, {1, 7}, {3, 6}, {4, 5}], [{8, 2}, {1, 7}, {4, 6}, {3, 5}], [{8, 2}, {1, 7}, {5, 6}, {3, 4}], [{8, 2}, {1, 7}, {6}, {3, 5}, {4}], [{8, 2}, {3, 7}, {1, 6}, {4, 5}], [{8, 2}, {3, 7}, {4, 6}, {1, 5}], [{8, 2}, {3, 7}, {4, 6}, {5}, {1}], [{8, 2}, {3, 7}, {5, 6}, {1, 4}], [{8, 2}, {3, 7}, {6}, {1, 5}, {4}], [{8, 2}, {4, 7}, {1, 6}, {3, 5}], [{8, 2}, {4, 7}, {1, 6}, {5}, {3}], [{8, 2}, {4, 7}, {3, 6}, {1, 5}], [{8, 2}, {4, 7}, {3, 6}, {5}, {1}], [{8, 2}, {4, 7}, {5, 6}, {1, 3}], [{8, 2}, {4, 7}, {6}, {5}, {1, 3}], [{8, 2}, {5, 7}, {1, 6}, {3, 4}], [{8, 2}, {5, 7}, {3, 6}, {1, 4}], [{8, 2}, {5, 7}, {4, 6}, {1, 3}], [{8, 2}, {6, 7}, {1, 5}, {3, 4}], [{8, 2}, {6, 7}, {3, 5}, {1, 4}], [{8, 2}, {6, 7}, {4, 5}, {1, 3}], [{8, 2}, {7}, {4, 6}, {1, 5}, {3}], [{8, 2}, {7}, {5, 6}, {1, 4}, {3}], [{8, 3}, {1, 7}, {2, 6}, {4, 5}], [{8, 3}, {1, 7}, {2, 6}, {5}, {4}], [{8, 3}, {1, 7}, {4, 6}, {2, 5}], [{8, 3}, {1, 7}, {5, 6}, {2, 4}], [{8, 3}, {1, 7}, {5, 6}, {4}, {2}], [{8, 3}, {1, 7}, {6}, {2, 5}, {4}], [{8, 3}, {2, 7}, {1, 6}, {4, 5}], [{8, 3}, {2, 7}, {4, 6}, {1, 5}], [{8, 3}, {2, 7}, {5, 6}, {1, 4}], [{8, 3}, {2, 7}, {6}, {1, 5}, {4}], [{8, 3}, {4, 7}, {1, 6}, {2, 5}], [{8, 3}, {4, 7}, {2, 6}, {1, 5}], [{8, 3}, {4, 7}, {5, 6}, {1, 2}], [{8, 3}, {5, 7}, {1, 6}, {2, 4}], [{8, 3}, {5, 7}, {2, 6}, {1, 4}], [{8, 3}, {5, 7}, {4, 6}, {1, 2}], [{8, 3}, {6, 7}, {1, 5}, {2, 4}], [{8, 3}, {6, 7}, {2, 5}, {1, 4}], [{8, 3}, {6, 7}, {4, 5}, {1, 2}], [{8, 3}, {7}, {4, 6}, {5}, {1, 2}], [{8, 4}, {1, 7}, {2, 6}, {3, 5}], [{8, 4}, {1, 7}, {2, 6}, {5}, {3}], [{8, 4}, {1, 7}, {3, 6}, {2, 5}], [{8, 4}, {1, 7}, {5, 6}, {2, 3}], [{8, 4}, {1, 7}, {5, 6}, {3}, {2}], [{8, 4}, {1, 7}, {6}, {2, 5}, {3}], [{8, 4}, {2, 7}, {1, 6}, {3, 5}], [{8, 4}, {2, 7}, {3, 6}, {1, 5}], [{8, 4}, {2, 7}, {5, 6}, {1, 3}], [{8, 4}, {3, 7}, {1, 6}, {2, 5}], [{8, 4}, {3, 7}, {2, 6}, {1, 5}], [{8, 4}, {3, 7}, {5, 6}, {1, 2}], [{8, 4}, {3, 7}, {6}, {5}, {1, 2}], [{8, 4}, {5, 7}, {1, 6}, {2, 3}], [{8, 4}, {5, 7}, {2, 6}, {1, 3}], [{8, 4}, {5, 7}, {3, 6}, {1, 2}], [{8, 4}, {6, 7}, {1, 5}, {2, 3}], [{8, 4}, {6, 7}, {2, 5}, {1, 3}], [{8, 4}, {6, 7}, {3, 5}, {1, 2}], [{8, 5}, {1, 7}, {2, 6}, {3, 4}], [{8, 5}, {1, 7}, {3, 6}, {2, 4}], [{8, 5}, {1, 7}, {4, 6}, {2, 3}], [{8, 5}, {2, 7}, {1, 6}, {3, 4}], [{8, 5}, {2, 7}, {3, 6}, {1, 4}], [{8, 5}, {2, 7}, {4, 6}, {1, 3}], [{8, 5}, {3, 7}, {1, 6}, {2, 4}], [{8, 5}, {3, 7}, {2, 6}, {1, 4}], [{8, 5}, {3, 7}, {4, 6}, {1, 2}], [{8, 5}, {3, 7}, {4, 6}, {2}, {1}], [{8, 5}, {3, 7}, {6}, {4}, {1, 2}], [{8, 5}, {4, 7}, {1, 6}, {2, 3}], [{8, 5}, {4, 7}, {2, 6}, {1, 3}], [{8, 5}, {4, 7}, {3, 6}, {1, 2}], [{8, 5}, {4, 7}, {3, 6}, {2}, {1}], [{8, 5}, {6, 7}, {1, 4}, {2, 3}], [{8, 5}, {6, 7}, {2, 4}, {1, 3}], [{8, 5}, {6, 7}, {3, 4}, {1, 2}], [{8, 5}, {7}, {4, 6}, {3}, {1, 2}], [{8, 6}, {1, 7}, {2, 5}, {3, 4}], [{8, 6}, {1, 7}, {3, 5}, {2, 4}], [{8, 6}, {1, 7}, {4, 5}, {2, 3}], [{8, 6}, {2, 7}, {1, 5}, {3, 4}], [{8, 6}, {2, 7}, {3, 5}, {1, 4}], [{8, 6}, {2, 7}, {4, 5}, {1, 3}], [{8, 6}, {3, 7}, {1, 5}, {2, 4}], [{8, 6}, {3, 7}, {2, 5}, {1, 4}], [{8, 6}, {3, 7}, {4, 5}, {1, 2}], [{8, 6}, {3, 7}, {5}, {4}, {1, 2}], [{8, 6}, {4, 7}, {1, 5}, {2, 3}], [{8, 6}, {4, 7}, {2, 5}, {1, 3}], [{8, 6}, {4, 7}, {3, 5}, {1, 2}], [{8, 6}, {5, 7}, {1, 4}, {2, 3}], [{8, 6}, {5, 7}, {2, 4}, {1, 3}], [{8, 6}, {5, 7}, {3, 4}, {1, 2}], [{8, 6}, {7}, {1, 5}, {2, 4}, {3}], [{8, 6}, {7}, {2, 5}, {1, 4}, {3}], [{8, 6}, {7}, {3, 5}, {1, 4}, {2}], [{8, 6}, {7}, {5}, {1, 4}, {2, 3}], [{8, 7}, {1, 6}, {2, 5}, {3, 4}], [{8, 7}, {1, 6}, {3, 5}, {2, 4}], [{8, 7}, {1, 6}, {4, 5}, {2, 3}], [{8, 7}, {2, 6}, {1, 5}, {3, 4}], [{8, 7}, {2, 6}, {3, 5}, {1, 4}], [{8, 7}, {2, 6}, {4, 5}, {1, 3}], [{8, 7}, {3, 6}, {1, 5}, {2, 4}], [{8, 7}, {3, 6}, {2, 5}, {1, 4}], [{8, 7}, {3, 6}, {4, 5}, {1, 2}], [{8, 7}, {4, 6}, {1, 5}, {2, 3}], [{8, 7}, {4, 6}, {2, 5}, {1, 3}], [{8, 7}, {4, 6}, {3, 5}, {1, 2}], [{8, 7}, {4, 6}, {5}, {3}, {1, 2}], [{8, 7}, {5, 6}, {1, 4}, {2, 3}], [{8, 7}, {5, 6}, {2, 4}, {1, 3}], [{8, 7}, {5, 6}, {3, 4}, {1, 2}], [{8, 7}, {6}, {2, 5}, {1, 4}, {3}], [{8, 7}, {6}, {3, 5}, {1, 4}, {2}], [{8, 7}, {6}, {5}, {1, 4}, {2, 3}], [{8}, {1, 7}, {2, 6}, {5}, {3, 4}], [{8}, {1, 7}, {4, 6}, {5}, {2, 3}], [{8}, {1, 7}, {5, 6}, {3, 4}, {2}], [{8}, {1, 7}, {6}, {2, 5}, {3, 4}], [{8}, {2, 7}, {4, 6}, {5}, {1, 3}], [{8}, {3, 7}, {1, 6}, {5}, {2, 4}], [{8}, {3, 7}, {2, 6}, {5}, {1, 4}], [{8}, {3, 7}, {4, 6}, {1, 5}, {2}], [{8}, {3, 7}, {4, 6}, {2, 5}, {1}], [{8}, {3, 7}, {4, 6}, {5}, {1, 2}], [{8}, {3, 7}, {4, 6}, {5}, {2}, {1}], [{8}, {3, 7}, {5, 6}, {4}, {1, 2}], [{8}, {3, 7}, {6}, {4, 5}, {1, 2}], [{8}, {3, 7}, {6}, {5}, {4}, {1, 2}], [{8}, {4, 7}, {3, 6}, {1, 5}, {2}], [{8}, {4, 7}, {3, 6}, {2, 5}, {1}], [{8}, {4, 7}, {3, 6}, {5}, {1, 2}], [{8}, {4, 7}, {3, 6}, {5}, {2}, {1}], [{8}, {5, 7}, {4, 6}, {3}, {1, 2}], [{8}, {6, 7}, {2, 5}, {1, 4}, {3}], [{8}, {6, 7}, {3, 5}, {1, 4}, {2}], [{8}, {6, 7}, {5}, {1, 4}, {2, 3}], [{8}, {6, 7}, {5}, {3, 4}, {1, 2}], [{8}, {7}, {4, 6}, {3, 5}, {1, 2}], [{8}, {7}, {4, 6}, {5}, {3}, {1, 2}]]",2,16 K_1^3 - 8 K_1^2 - 16 K_1 K_2 - 4 K_1 + 4 K_2 + 4 K_3 + 5,O1O2O3O4U5U6U7O8U3O5O6U2U4O7U1U8,O1O2O3U4U5U6U7O8O7U1O4O6U2U3O5U8,O1O2O3U4O5U1U2O6O7U3O8O4U8U6U5U7,c,{'O1O2O3O4U5U4O6U1U3O7O8U2O5U6U7U8'},1,"<a href=""/flatknot/8.850731"">8.850731</a>",t^9-34t^7-84t^6+53t^5+396t^4+544t^3+148t^2-444t-280,0,,
8.850732,O1O2O3O4U5U4O6U1U3O7O8U2O5U6U8U7,4,2z^3+33z^2+104z+93,2w^4z^3+33w^3z^2+104w^2z+93w,False,False,"[[ 0 -2 -1  1  1 -1  0  1  1],[ 2  0  2  1  0 -1  2  1  1],[ 1 -2  0  0  0 -1  1  2  1],[-1 -1  0  0  0 -2  0  0  0],[-1  0  0  0  0 -1 -1 -1 -1],[ 1  1  1  2  1  0  0 -1  0],[ 0 -2 -1  0  1  0  0  2  1],[-1 -1 -2  0  1  1 -2  0  0],[-1 -1 -1  0  1  0 -1  0  0]]","[[ 0  1  1  1  1  0 -1 -1 -2],[-1  0  1  0  0 -1  0 -1 -1],[-1 -1  0  0 -1 -1 -1  0  0],[-1  0  0  0  0  0 -2  0 -1],[-1  0  1  0  0 -2  1 -2 -1],[ 0  1  1  0  2  0  0 -1 -2],[ 1  0  1  2 -1  0  0  1  1],[ 1  1  0  0  2  1 -1  0 -2],[ 2  1  0  1  1  2 -1  2  0]]",True,"[-1,-1,-1,-1,0,1,1,2,-1,0,0,1,0,1,1,0,1,1,1,0,0,0,0,2,0,1,2,-1,2,1,0,1,2,-1,-1,2]","[-2,-1,-1,0,1,1,1,1,-1,2,0,2,2,2,3,1,0,0,1,2,2,1,3,2,0,1,-1,0,1,0,0,0,-1,0,-1,0]",t^8+33t^6+187t^4+35t^2+1,"[-2,-1,-1,0,1,1,1,1,-1,2,0,2,2,2,3,1,0,0,1,2,2,1,3,2,0,1,-1,0,1,0,0,0,-1,0,-1,0]","[-1,-1,-1,-1,0,1,1,2,-1,-1,0,0,1,2,3,0,0,-1,3,0,2,0,0,2,1,2,1,0,2,2,1,0,0,1,2,-1]","[-2,-1,-1,0,1,1,1,1,-1,2,2,0,1,1,1,1,0,1,-1,0,2,1,0,2,1,0,1,2,1,0,-1,-1,0,0,0,0]",c,"[[{8, 1}, {2, 7}, {3, 6}, {4, 5}], [{8, 1}, {2, 7}, {4, 6}, {3, 5}], [{8, 1}, {2, 7}, {5, 6}, {3, 4}], [{8, 1}, {3, 7}, {2, 6}, {4, 5}], [{8, 1}, {3, 7}, {4, 6}, {2, 5}], [{8, 1}, {3, 7}, {5, 6}, {2, 4}], [{8, 1}, {4, 7}, {2, 6}, {3, 5}], [{8, 1}, {4, 7}, {3, 6}, {2, 5}], [{8, 1}, {4, 7}, {5, 6}, {2, 3}], [{8, 1}, {4, 7}, {5, 6}, {3}, {2}], [{8, 1}, {5, 7}, {2, 6}, {3, 4}], [{8, 1}, {5, 7}, {3, 6}, {2, 4}], [{8, 1}, {5, 7}, {4, 6}, {2, 3}], [{8, 1}, {6, 7}, {2, 5}, {3, 4}], [{8, 1}, {6, 7}, {3, 5}, {2, 4}], [{8, 1}, {6, 7}, {4, 5}, {2, 3}], [{8, 1}, {7}, {2, 6}, {3, 5}, {4}], [{8, 1}, {7}, {5, 6}, {4}, {2, 3}], [{8, 2}, {1, 7}, {3, 6}, {4, 5}], [{8, 2}, {1, 7}, {3, 6}, {5}, {4}], [{8, 2}, {1, 7}, {4, 6}, {3, 5}], [{8, 2}, {1, 7}, {4, 6}, {5}, {3}], [{8, 2}, {1, 7}, {5, 6}, {3, 4}], [{8, 2}, {1, 7}, {6}, {5}, {3, 4}], [{8, 2}, {3, 7}, {1, 6}, {4, 5}], [{8, 2}, {3, 7}, {4, 6}, {1, 5}], [{8, 2}, {3, 7}, {4, 6}, {5}, {1}], [{8, 2}, {3, 7}, {5, 6}, {1, 4}], [{8, 2}, {3, 7}, {6}, {1, 5}, {4}], [{8, 2}, {4, 7}, {1, 6}, {3, 5}], [{8, 2}, {4, 7}, {3, 6}, {1, 5}], [{8, 2}, {4, 7}, {5, 6}, {1, 3}], [{8, 2}, {5, 7}, {1, 6}, {3, 4}], [{8, 2}, {5, 7}, {3, 6}, {1, 4}], [{8, 2}, {5, 7}, {4, 6}, {1, 3}], [{8, 2}, {6, 7}, {1, 5}, {3, 4}], [{8, 2}, {6, 7}, {3, 5}, {1, 4}], [{8, 2}, {6, 7}, {4, 5}, {1, 3}], [{8, 2}, {6, 7}, {5}, {1, 4}, {3}], [{8, 2}, {7}, {1, 6}, {3, 5}, {4}], [{8, 2}, {7}, {4, 6}, {5}, {1, 3}], [{8, 3}, {1, 7}, {2, 6}, {4, 5}], [{8, 3}, {1, 7}, {4, 6}, {2, 5}], [{8, 3}, {1, 7}, {4, 6}, {5}, {2}], [{8, 3}, {1, 7}, {5, 6}, {2, 4}], [{8, 3}, {1, 7}, {5, 6}, {4}, {2}], [{8, 3}, {1, 7}, {6}, {4, 5}, {2}], [{8, 3}, {2, 7}, {1, 6}, {4, 5}], [{8, 3}, {2, 7}, {4, 6}, {1, 5}], [{8, 3}, {2, 7}, {5, 6}, {1, 4}], [{8, 3}, {2, 7}, {6}, {1, 5}, {4}], [{8, 3}, {4, 7}, {1, 6}, {2, 5}], [{8, 3}, {4, 7}, {2, 6}, {1, 5}], [{8, 3}, {4, 7}, {5, 6}, {1, 2}], [{8, 3}, {4, 7}, {6}, {2, 5}, {1}], [{8, 3}, {5, 7}, {1, 6}, {2, 4}], [{8, 3}, {5, 7}, {2, 6}, {1, 4}], [{8, 3}, {5, 7}, {4, 6}, {1, 2}], [{8, 3}, {6, 7}, {1, 5}, {2, 4}], [{8, 3}, {6, 7}, {2, 5}, {1, 4}], [{8, 3}, {6, 7}, {4, 5}, {1, 2}], [{8, 3}, {6, 7}, {5}, {1, 4}, {2}], [{8, 3}, {7}, {5, 6}, {2, 4}, {1}], [{8, 4}, {1, 7}, {2, 6}, {3, 5}], [{8, 4}, {1, 7}, {2, 6}, {5}, {3}], [{8, 4}, {1, 7}, {3, 6}, {2, 5}], [{8, 4}, {1, 7}, {5, 6}, {2, 3}], [{8, 4}, {1, 7}, {5, 6}, {3}, {2}], [{8, 4}, {1, 7}, {6}, {2, 5}, {3}], [{8, 4}, {2, 7}, {1, 6}, {3, 5}], [{8, 4}, {2, 7}, {3, 6}, {1, 5}], [{8, 4}, {2, 7}, {5, 6}, {1, 3}], [{8, 4}, {3, 7}, {1, 6}, {2, 5}], [{8, 4}, {3, 7}, {2, 6}, {1, 5}], [{8, 4}, {3, 7}, {2, 6}, {5}, {1}], [{8, 4}, {3, 7}, {5, 6}, {1, 2}], [{8, 4}, {3, 7}, {5, 6}, {2}, {1}], [{8, 4}, {3, 7}, {6}, {2, 5}, {1}], [{8, 4}, {5, 7}, {1, 6}, {2, 3}], [{8, 4}, {5, 7}, {2, 6}, {1, 3}], [{8, 4}, {5, 7}, {3, 6}, {1, 2}], [{8, 4}, {6, 7}, {1, 5}, {2, 3}], [{8, 4}, {6, 7}, {2, 5}, {1, 3}], [{8, 4}, {6, 7}, {3, 5}, {1, 2}], [{8, 4}, {7}, {2, 6}, {5}, {1, 3}], [{8, 4}, {7}, {5, 6}, {1, 3}, {2}], [{8, 4}, {7}, {6}, {2, 5}, {1, 3}], [{8, 5}, {1, 7}, {2, 6}, {3, 4}], [{8, 5}, {1, 7}, {3, 6}, {2, 4}], [{8, 5}, {1, 7}, {4, 6}, {2, 3}], [{8, 5}, {1, 7}, {4, 6}, {3}, {2}], [{8, 5}, {2, 7}, {1, 6}, {3, 4}], [{8, 5}, {2, 7}, {3, 6}, {1, 4}], [{8, 5}, {2, 7}, {4, 6}, {1, 3}], [{8, 5}, {3, 7}, {1, 6}, {2, 4}], [{8, 5}, {3, 7}, {2, 6}, {1, 4}], [{8, 5}, {3, 7}, {4, 6}, {1, 2}], [{8, 5}, {3, 7}, {4, 6}, {2}, {1}], [{8, 5}, {4, 7}, {1, 6}, {2, 3}], [{8, 5}, {4, 7}, {2, 6}, {1, 3}], [{8, 5}, {4, 7}, {3, 6}, {1, 2}], [{8, 5}, {6, 7}, {1, 4}, {2, 3}], [{8, 5}, {6, 7}, {1, 4}, {3}, {2}], [{8, 5}, {6, 7}, {2, 4}, {1, 3}], [{8, 5}, {6, 7}, {3, 4}, {1, 2}], [{8, 5}, {7}, {1, 6}, {4}, {2, 3}], [{8, 5}, {7}, {4, 6}, {1, 3}, {2}], [{8, 6}, {1, 7}, {2, 5}, {3, 4}], [{8, 6}, {1, 7}, {2, 5}, {4}, {3}], [{8, 6}, {1, 7}, {3, 5}, {2, 4}], [{8, 6}, {1, 7}, {4, 5}, {2, 3}], [{8, 6}, {2, 7}, {1, 5}, {3, 4}], [{8, 6}, {2, 7}, {3, 5}, {1, 4}], [{8, 6}, {2, 7}, {4, 5}, {1, 3}], [{8, 6}, {3, 7}, {1, 5}, {2, 4}], [{8, 6}, {3, 7}, {1, 5}, {4}, {2}], [{8, 6}, {3, 7}, {2, 5}, {1, 4}], [{8, 6}, {3, 7}, {2, 5}, {4}, {1}], [{8, 6}, {3, 7}, {4, 5}, {1, 2}], [{8, 6}, {3, 7}, {5}, {4}, {1, 2}], [{8, 6}, {4, 7}, {1, 5}, {2, 3}], [{8, 6}, {4, 7}, {2, 5}, {1, 3}], [{8, 6}, {4, 7}, {2, 5}, {3}, {1}], [{8, 6}, {4, 7}, {3, 5}, {1, 2}], [{8, 6}, {5, 7}, {1, 4}, {2, 3}], [{8, 6}, {5, 7}, {2, 4}, {1, 3}], [{8, 6}, {5, 7}, {3, 4}, {1, 2}], [{8, 6}, {7}, {2, 5}, {1, 4}, {3}], [{8, 6}, {7}, {2, 5}, {3, 4}, {1}], [{8, 6}, {7}, {2, 5}, {4}, {1, 3}], [{8, 6}, {7}, {2, 5}, {4}, {3}, {1}], [{8, 6}, {7}, {3, 5}, {1, 4}, {2}], [{8, 6}, {7}, {5}, {1, 4}, {2, 3}], [{8, 7}, {1, 6}, {2, 5}, {3, 4}], [{8, 7}, {1, 6}, {3, 5}, {2, 4}], [{8, 7}, {1, 6}, {4, 5}, {2, 3}], [{8, 7}, {2, 6}, {1, 5}, {3, 4}], [{8, 7}, {2, 6}, {3, 5}, {1, 4}], [{8, 7}, {2, 6}, {4, 5}, {1, 3}], [{8, 7}, {3, 6}, {1, 5}, {2, 4}], [{8, 7}, {3, 6}, {2, 5}, {1, 4}], [{8, 7}, {3, 6}, {4, 5}, {1, 2}], [{8, 7}, {4, 6}, {1, 5}, {2, 3}], [{8, 7}, {4, 6}, {2, 5}, {1, 3}], [{8, 7}, {4, 6}, {3, 5}, {1, 2}], [{8, 7}, {4, 6}, {5}, {3}, {1, 2}], [{8, 7}, {5, 6}, {1, 4}, {2, 3}], [{8, 7}, {5, 6}, {2, 4}, {1, 3}], [{8, 7}, {5, 6}, {3, 4}, {1, 2}], [{8, 7}, {6}, {2, 5}, {1, 4}, {3}], [{8, 7}, {6}, {3, 5}, {1, 4}, {2}], [{8, 7}, {6}, {5}, {1, 4}, {2, 3}], [{8}, {1, 7}, {4, 6}, {2, 5}, {3}], [{8}, {1, 7}, {4, 6}, {3, 5}, {2}], [{8}, {1, 7}, {4, 6}, {5}, {2, 3}], [{8}, {1, 7}, {5, 6}, {3, 4}, {2}], [{8}, {2, 7}, {4, 6}, {1, 5}, {3}], [{8}, {3, 7}, {2, 6}, {1, 5}, {4}], [{8}, {3, 7}, {4, 6}, {2, 5}, {1}], [{8}, {3, 7}, {6}, {4, 5}, {1, 2}], [{8}, {4, 7}, {3, 6}, {2, 5}, {1}], [{8}, {5, 7}, {3, 6}, {2, 4}, {1}], [{8}, {6, 7}, {2, 5}, {1, 4}, {3}], [{8}, {6, 7}, {3, 5}, {1, 4}, {2}], [{8}, {6, 7}, {5}, {1, 4}, {2, 3}], [{8}, {6, 7}, {5}, {1, 4}, {3}, {2}], [{8}, {7}, {4, 6}, {2, 5}, {1, 3}]]",2,8 K_1^3 - 6 K_1^2 - 12 K_1 K_2 + 3 K_2 + 4 K_3 + 4,O1O2O3O4U5U6U7O8U3O6O5U2U4O7U1U8,O1O2O3U4U5U6U7O8O7U1O4O6U3U2O5U8,O1O2O3U4O5U2U1O6O7U3O8O4U8U6U5U7,c,{'O1O2O3O4U5U4O6U1U3O7O8U2O5U6U8U7'},1,"<a href=""/flatknot/8.850732"">8.850732</a>",t^9-35t^7-74t^6+110t^5+306t^4+t^3-74t^2+62t,t^2-2t,,
8.850733,O1O2O3O4U5U4O6U1U3O7O8U2O5U7U6U8,3,14z^2+87z+119,14w^3z^2+87w^2z+119w,False,False,"[[ 0 -2 -1  1  1 -1  1 -1  2],[ 2  0  2  1  0 -1  2  0  1],[ 1 -2  0  0  0 -1  2  0  2],[-1 -1  0  0  0 -2  0 -1  0],[-1  0  0  0  0 -1 -1 -1 -1],[ 1  1  1  2  1  0  0 -1  0],[-1 -2 -2  0  1  0  0  0  2],[ 1  0  0  1  1  1  0  0  1],[-2 -1 -2  0  1  0 -2 -1  0]]","[[ 0  2  1  1  1 -1 -1 -1 -2],[-2  0  1  0 -2  0 -1 -2 -1],[-1 -1  0  0 -1 -1 -1  0  0],[-1  0  0  0  0 -2 -1  0 -1],[-1  2  1  0  0  0  0 -2 -2],[ 1  0  1  2  0  0 -1  1  1],[ 1  1  1  1  0  1  0  0  0],[ 1  2  0  0  2 -1  0  0 -2],[ 2  1  0  1  2 -1  0  2  0]]",True,"[-2,-1,-1,-1,1,1,1,2,-1,0,2,0,1,2,1,0,1,1,1,0,0,0,2,1,0,1,0,0,2,2,1,-1,-1,0,0,2]","[-2,-1,-1,-1,1,1,1,2,-1,0,2,0,1,2,1,-1,1,1,2,0,0,0,1,1,0,1,0,0,2,2,0,-1,-1,0,0,2]",t^8+35t^6+256t^4+28t^2,"[-2,-1,-1,-1,1,1,1,2,-1,1,2,1,2,3,3,0,1,0,2,2,1,-1,2,1,1,2,2,0,1,3,0,-1,-1,0,1,2]","[-2,-1,-1,-1,1,1,1,2,-1,1,2,1,2,3,3,0,1,0,2,2,1,0,2,1,0,2,2,1,1,3,0,-1,-1,1,1,2]","[-2,-1,-1,-1,1,1,1,2,-1,0,2,0,1,2,1,-1,1,1,2,0,0,0,1,1,0,1,0,0,2,2,0,-1,-1,0,0,2]",c,"[[{8, 1}, {3, 7}, {2, 6}, {4, 5}]]",0,28 K_1^3 + 12 K_1^2 K_2 - 38 K_1^2 - 32 K_1 K_2 - 14 K_1 K_3 - 5 K_1 - 2 K_2^2 + 20 K_2 + 9 K_3 + 5 K_4 + 18,O1O2O3O4U5U6U7O8U3O5O7U2U4O6U1U8,O1O2O3U4U5U6U7O8O7U2O4O6U1U3O5U8,O1O2O3U4O5U1U3O6O7U2O8O4U8U6U5U7,c,{'O1O2O3O4U5U4O6U1U3O7O8U2O5U7U6U8'},1,"<a href=""/flatknot/8.850733"">8.850733</a>",t^9-35t^7-70t^6+168t^5+546t^4+288t^3-200t^2-112t+32,0,,
8.850734,O1O2O3O4U5U4O6U1U3O7O8U2O5U8U6U7,3,z^2+50z+97,w^3z^2+50w^2z+97w,False,False,"[[ 0 -2 -1  1  1 -1  1  1  0],[ 2  0  2  1  0 -1  2  1  0],[ 1 -2  0  0  0 -1  2  2  0],[-1 -1  0  0  0 -2  0  0 -1],[-1  0  0  0  0 -1 -1 -1 -1],[ 1  1  1  2  1  0  0 -1  0],[-1 -2 -2  0  1  0  0  1  0],[-1 -1 -2  0  1  1 -1  0  0],[ 0  0  0  1  1  0  0  0  0]]","[[ 0  1  1  1  1  0 -1 -1 -2],[-1  0  1  1  0  0  0 -2 -2],[-1 -1  0  1  0  0  1 -2 -1],[-1 -1 -1  0  0 -1 -1  0  0],[-1  0  0  0  0 -1 -2  0 -1],[ 0  0  0  1  1  0  0  0  0],[ 1  0 -1  1  2  0  0  1  1],[ 1  2  2  0  0  0 -1  0 -2],[ 2  2  1  0  1  0 -1  2  0]]",True,"[-1,-1,-1,-1,0,1,1,2,-1,-1,0,0,0,2,2,-1,0,0,-1,2,1,0,1,1,0,0,1,2,0,1,0,0,0,-1,-1,2]","[-2,-1,-1,0,1,1,1,1,-1,2,0,0,1,1,2,1,0,1,-1,2,0,0,0,2,0,2,1,0,1,0,-1,0,-1,0,-1,0]",t^8+31t^6+187t^4+15t^2,"[-2,-1,-1,0,1,1,1,1,-1,2,2,1,2,2,3,1,1,0,0,2,2,1,2,3,0,1,1,1,0,0,-1,0,-1,0,-1,0]","[-1,-1,-1,-1,0,1,1,2,-1,-1,0,0,1,2,3,-1,0,1,3,0,2,0,1,2,0,1,0,0,2,2,1,1,2,1,2,-1]","[-2,-1,-1,0,1,1,1,1,-1,2,0,0,1,1,2,1,0,1,-1,2,0,0,0,2,0,2,1,0,1,0,-1,0,-1,0,-1,0]",c,"[[{8, 2}, {3, 7}, {1, 6}, {4, 5}], [{8, 2}, {3, 7}, {4, 6}, {1, 5}], [{8, 2}, {4, 7}, {1, 6}, {3, 5}]]",1,- 14 K_1^2 - 12 K_1 K_2 + 6 K_1 + 7 K_2 + 6 K_3 + 8,O1O2O3O4U5U6U7O8U3O7O5U2U4O6U1U8,O1O2O3U4U5U6U7O8O7U2O4O6U3U1O5U8,O1O2O3U4O5U3U1O6O7U2O8O4U8U6U5U7,c,{'O1O2O3O4U5U4O6U1U3O7O8U2O5U8U6U7'},1,"<a href=""/flatknot/8.850734"">8.850734</a>",t^9-33t^7-62t^6+128t^5+308t^4-38t^3-256t^2-92t,t^2-2t,,
8.850735,O1O2O3O4U5U4O6U1U3O7O8U6O5U2U7U8,3,13z^2+58z+65,4w^5z^2-20w^4z^2+29w^3z^2-18w^3z+76w^2z+65w,False,False,"[[ 0 -2 -1  1  1 -1  0  0  2],[ 2  0  2  1  0 -1  2  1  1],[ 1 -2  0  0  1 -1  1  1  2],[-1 -1  0  0  0 -3  1  0  0],[-1  0 -1  0  0 -1  0 -1 -1],[ 1  1  1  3  1  0  0 -1  0],[ 0 -2 -1 -1  0  0  0  1  2],[ 0 -1 -1  0  1  1 -1  0  1],[-2 -1 -2  0  1  0 -2 -1  0]]","[[ 0  2  1  1  0  0 -1 -1 -2],[-2  0  1  0 -1 -2  0 -2 -1],[-1 -1  0  0 -1  0 -1 -1  0],[-1  0  0  0  0  1 -3  0 -1],[ 0  1  1  0  0 -1  1 -1 -1],[ 0  2  0 -1  1  0  0 -1 -2],[ 1  0  1  3 -1  0  0  1  1],[ 1  2  1  0  1  1 -1  0 -2],[ 2  1  0  1  1  2 -1  2  0]]",True,"[-2,-1,-1,0,0,1,1,2,-1,0,1,2,0,2,1,0,1,0,1,1,0,0,-1,3,0,1,1,-1,1,1,0,1,2,-1,-1,2]","[-2,-1,-1,0,0,1,1,2,-1,0,1,2,0,2,1,0,1,0,1,1,0,0,-1,3,0,1,1,-1,1,1,0,1,2,-1,-1,2]",t^8+40t^6+344t^4+115t^2,"[-2,-1,-1,0,0,1,1,2,-1,2,0,1,2,3,3,1,0,0,2,1,1,1,2,-1,1,3,-1,2,1,0,1,0,1,0,1,2]","[-2,-1,-1,0,0,1,1,2,1,2,0,1,1,3,3,0,2,1,2,-1,2,1,0,1,1,3,1,0,1,0,0,2,1,-1,-1,2]","[-2,-1,-1,0,0,1,1,2,-1,2,1,2,0,1,1,1,-1,0,1,3,0,1,1,1,0,2,-1,1,0,1,0,-1,2,0,-1,0]",c,"[[{8, 1}, {6, 7}, {3, 5}, {2, 4}]]",1,16 K_1^3 - 12 K_1^2 - 16 K_1 K_2 - 4 K_1 + 6 K_2 + 4 K_3 + 7,O1O2O3O4U5U6U3O7U8O5O6U2U4O8U1U7,O1O2O3U4U1U5U6O7O6U8O4O5U2U3O8U7,O1O2O3U4O5U1U2O6O7U5O8O4U8U6U3U7,c,{'O1O2O3O4U5U4O6U1U3O7O8U6O5U2U7U8'},1,"<a href=""/flatknot/8.850735"">8.850735</a>",t^9-40t^7-92t^6+160t^5+632t^4+432t^3-196t^2-312t-96,0,,
8.850736,O1O2O3O4U5U4O6U1U3O7O8U6O5U2U8U7,4,3z^3+35z^2+111z+107,3w^4z^3+35w^3z^2+111w^2z+107w,False,False,"[[ 0 -2 -1  1  1 -1  0  1  1],[ 2  0  2  1  0 -1  2  1  1],[ 1 -2  0  0  1 -1  1  2  1],[-1 -1  0  0  0 -3  1  0  0],[-1  0 -1  0  0 -1  0 -1 -1],[ 1  1  1  3  1  0  0 -1  0],[ 0 -2 -1 -1  0  0  0  2  1],[-1 -1 -2  0  1  1 -2  0  0],[-1 -1 -1  0  1  0 -1  0  0]]","[[ 0  1  1  1  1  0 -1 -1 -2],[-1  0  1  0  0 -1  0 -1 -1],[-1 -1  0  0 -1  0 -1 -1  0],[-1  0  0  0  0  1 -3  0 -1],[-1  0  1  0  0 -2  1 -2 -1],[ 0  1  0 -1  2  0  0 -1 -2],[ 1  0  1  3 -1  0  0  1  1],[ 1  1  1  0  2  1 -1  0 -2],[ 2  1  0  1  1  2 -1  2  0]]",True,"[-1,-1,-1,-1,0,1,1,2,-1,0,0,1,0,1,1,0,1,0,1,1,0,0,-1,3,0,1,2,-1,2,1,0,1,2,-1,-1,2]","[-2,-1,-1,0,1,1,1,1,-1,2,0,2,2,2,3,1,0,0,1,2,1,1,3,2,-1,1,-1,0,2,1,0,0,-1,0,-1,0]",t^8+39t^6+306t^4+110t^2+1,"[-2,-1,-1,0,1,1,1,1,-1,2,0,2,2,2,3,1,0,0,1,2,1,1,3,2,-1,1,-1,0,2,1,0,0,-1,0,-1,0]","[-1,-1,-1,-1,0,1,1,2,-1,-1,0,1,1,1,3,0,0,-1,0,3,2,0,0,1,2,2,2,2,-1,2,0,1,0,-1,-1,2]","[-2,-1,-1,0,1,1,1,1,-1,2,2,0,1,1,1,1,0,1,-1,0,3,1,1,2,1,0,0,2,1,-1,-1,-1,0,0,0,0]",c,"[[{8, 1}, {2, 7}, {3, 6}, {4, 5}], [{8, 1}, {2, 7}, {4, 6}, {3, 5}], [{8, 1}, {2, 7}, {5, 6}, {3, 4}], [{8, 1}, {2, 7}, {5, 6}, {4}, {3}], [{8, 1}, {2, 7}, {6}, {5}, {3, 4}], [{8, 1}, {3, 7}, {2, 6}, {4, 5}], [{8, 1}, {3, 7}, {4, 6}, {2, 5}], [{8, 1}, {3, 7}, {4, 6}, {5}, {2}], [{8, 1}, {3, 7}, {5, 6}, {2, 4}], [{8, 1}, {3, 7}, {5, 6}, {4}, {2}], [{8, 1}, {3, 7}, {6}, {4, 5}, {2}], [{8, 1}, {4, 7}, {2, 6}, {3, 5}], [{8, 1}, {4, 7}, {3, 6}, {2, 5}], [{8, 1}, {4, 7}, {5, 6}, {2, 3}], [{8, 1}, {5, 7}, {2, 6}, {3, 4}], [{8, 1}, {5, 7}, {3, 6}, {2, 4}], [{8, 1}, {5, 7}, {4, 6}, {2, 3}], [{8, 1}, {5, 7}, {6}, {4}, {2, 3}], [{8, 1}, {6, 7}, {2, 5}, {3, 4}], [{8, 1}, {6, 7}, {2, 5}, {4}, {3}], [{8, 1}, {6, 7}, {3, 5}, {2, 4}], [{8, 1}, {6, 7}, {3, 5}, {4}, {2}], [{8, 1}, {6, 7}, {4, 5}, {2, 3}], [{8, 1}, {6, 7}, {5}, {4}, {2, 3}], [{8, 1}, {7}, {5, 6}, {4}, {2, 3}], [{8, 2}, {1, 7}, {3, 6}, {4, 5}], [{8, 2}, {1, 7}, {4, 6}, {3, 5}], [{8, 2}, {1, 7}, {5, 6}, {3, 4}], [{8, 2}, {1, 7}, {6}, {5}, {3, 4}], [{8, 2}, {3, 7}, {1, 6}, {4, 5}], [{8, 2}, {3, 7}, {4, 6}, {1, 5}], [{8, 2}, {3, 7}, {5, 6}, {1, 4}], [{8, 2}, {3, 7}, {6}, {5}, {1, 4}], [{8, 2}, {4, 7}, {1, 6}, {3, 5}], [{8, 2}, {4, 7}, {3, 6}, {1, 5}], [{8, 2}, {4, 7}, {5, 6}, {1, 3}], [{8, 2}, {5, 7}, {1, 6}, {3, 4}], [{8, 2}, {5, 7}, {3, 6}, {1, 4}], [{8, 2}, {5, 7}, {4, 6}, {1, 3}], [{8, 2}, {6, 7}, {1, 5}, {3, 4}], [{8, 2}, {6, 7}, {1, 5}, {4}, {3}], [{8, 2}, {6, 7}, {3, 5}, {1, 4}], [{8, 2}, {6, 7}, {3, 5}, {4}, {1}], [{8, 2}, {6, 7}, {4, 5}, {1, 3}], [{8, 2}, {6, 7}, {5}, {4}, {1, 3}], [{8, 3}, {1, 7}, {2, 6}, {4, 5}], [{8, 3}, {1, 7}, {4, 6}, {2, 5}], [{8, 3}, {1, 7}, {4, 6}, {5}, {2}], [{8, 3}, {1, 7}, {5, 6}, {2, 4}], [{8, 3}, {1, 7}, {5, 6}, {4}, {2}], [{8, 3}, {1, 7}, {6}, {4, 5}, {2}], [{8, 3}, {2, 7}, {1, 6}, {4, 5}], [{8, 3}, {2, 7}, {4, 6}, {1, 5}], [{8, 3}, {2, 7}, {5, 6}, {1, 4}], [{8, 3}, {4, 7}, {1, 6}, {2, 5}], [{8, 3}, {4, 7}, {2, 6}, {1, 5}], [{8, 3}, {4, 7}, {5, 6}, {1, 2}], [{8, 3}, {5, 7}, {1, 6}, {2, 4}], [{8, 3}, {5, 7}, {2, 6}, {1, 4}], [{8, 3}, {5, 7}, {4, 6}, {1, 2}], [{8, 3}, {6, 7}, {1, 5}, {2, 4}], [{8, 3}, {6, 7}, {2, 5}, {1, 4}], [{8, 3}, {6, 7}, {4, 5}, {1, 2}], [{8, 3}, {7}, {5, 6}, {2, 4}, {1}], [{8, 4}, {1, 7}, {2, 6}, {3, 5}], [{8, 4}, {1, 7}, {2, 6}, {5}, {3}], [{8, 4}, {1, 7}, {3, 6}, {2, 5}], [{8, 4}, {1, 7}, {5, 6}, {2, 3}], [{8, 4}, {1, 7}, {5, 6}, {3}, {2}], [{8, 4}, {1, 7}, {6}, {2, 5}, {3}], [{8, 4}, {2, 7}, {1, 6}, {3, 5}], [{8, 4}, {2, 7}, {3, 6}, {1, 5}], [{8, 4}, {2, 7}, {5, 6}, {1, 3}], [{8, 4}, {2, 7}, {6}, {1, 5}, {3}], [{8, 4}, {3, 7}, {1, 6}, {2, 5}], [{8, 4}, {3, 7}, {2, 6}, {1, 5}], [{8, 4}, {3, 7}, {2, 6}, {5}, {1}], [{8, 4}, {3, 7}, {5, 6}, {1, 2}], [{8, 4}, {3, 7}, {5, 6}, {2}, {1}], [{8, 4}, {3, 7}, {6}, {2, 5}, {1}], [{8, 4}, {5, 7}, {1, 6}, {2, 3}], [{8, 4}, {5, 7}, {1, 6}, {3}, {2}], [{8, 4}, {5, 7}, {2, 6}, {1, 3}], [{8, 4}, {5, 7}, {3, 6}, {1, 2}], [{8, 4}, {5, 7}, {6}, {2, 3}, {1}], [{8, 4}, {6, 7}, {1, 5}, {2, 3}], [{8, 4}, {6, 7}, {2, 5}, {1, 3}], [{8, 4}, {6, 7}, {3, 5}, {1, 2}], [{8, 4}, {6, 7}, {3, 5}, {2}, {1}], [{8, 4}, {7}, {1, 6}, {5}, {2, 3}], [{8, 4}, {7}, {2, 6}, {5}, {1, 3}], [{8, 4}, {7}, {5, 6}, {1, 3}, {2}], [{8, 4}, {7}, {6}, {2, 5}, {1, 3}], [{8, 5}, {1, 7}, {2, 6}, {3, 4}], [{8, 5}, {1, 7}, {3, 6}, {2, 4}], [{8, 5}, {1, 7}, {3, 6}, {4}, {2}], [{8, 5}, {1, 7}, {4, 6}, {2, 3}], [{8, 5}, {2, 7}, {1, 6}, {3, 4}], [{8, 5}, {2, 7}, {3, 6}, {1, 4}], [{8, 5}, {2, 7}, {4, 6}, {1, 3}], [{8, 5}, {3, 7}, {1, 6}, {2, 4}], [{8, 5}, {3, 7}, {2, 6}, {1, 4}], [{8, 5}, {3, 7}, {4, 6}, {1, 2}], [{8, 5}, {4, 7}, {1, 6}, {2, 3}], [{8, 5}, {4, 7}, {2, 6}, {1, 3}], [{8, 5}, {4, 7}, {3, 6}, {1, 2}], [{8, 5}, {6, 7}, {1, 4}, {2, 3}], [{8, 5}, {6, 7}, {2, 4}, {1, 3}], [{8, 5}, {6, 7}, {3, 4}, {1, 2}], [{8, 6}, {1, 7}, {2, 5}, {3, 4}], [{8, 6}, {1, 7}, {3, 5}, {2, 4}], [{8, 6}, {1, 7}, {4, 5}, {2, 3}], [{8, 6}, {2, 7}, {1, 5}, {3, 4}], [{8, 6}, {2, 7}, {3, 5}, {1, 4}], [{8, 6}, {2, 7}, {4, 5}, {1, 3}], [{8, 6}, {3, 7}, {1, 5}, {2, 4}], [{8, 6}, {3, 7}, {2, 5}, {1, 4}], [{8, 6}, {3, 7}, {4, 5}, {1, 2}], [{8, 6}, {4, 7}, {1, 5}, {2, 3}], [{8, 6}, {4, 7}, {2, 5}, {1, 3}], [{8, 6}, {4, 7}, {3, 5}, {1, 2}], [{8, 6}, {4, 7}, {3, 5}, {2}, {1}], [{8, 6}, {5, 7}, {1, 4}, {2, 3}], [{8, 6}, {5, 7}, {2, 4}, {1, 3}], [{8, 6}, {5, 7}, {3, 4}, {1, 2}], [{8, 7}, {1, 6}, {2, 5}, {3, 4}], [{8, 7}, {1, 6}, {3, 5}, {2, 4}], [{8, 7}, {1, 6}, {4, 5}, {2, 3}], [{8, 7}, {2, 6}, {1, 5}, {3, 4}], [{8, 7}, {2, 6}, {3, 5}, {1, 4}], [{8, 7}, {2, 6}, {4, 5}, {1, 3}], [{8, 7}, {3, 6}, {1, 5}, {2, 4}], [{8, 7}, {3, 6}, {2, 5}, {1, 4}], [{8, 7}, {3, 6}, {4, 5}, {1, 2}], [{8, 7}, {4, 6}, {1, 5}, {2, 3}], [{8, 7}, {4, 6}, {2, 5}, {1, 3}], [{8, 7}, {4, 6}, {3, 5}, {1, 2}], [{8, 7}, {4, 6}, {3, 5}, {2}, {1}], [{8, 7}, {5, 6}, {1, 4}, {2, 3}], [{8, 7}, {5, 6}, {2, 4}, {1, 3}], [{8, 7}, {5, 6}, {3, 4}, {1, 2}], [{8}, {1, 7}, {5, 6}, {3, 4}, {2}], [{8}, {3, 7}, {5, 6}, {1, 4}, {2}], [{8}, {4, 7}, {3, 6}, {2, 5}, {1}], [{8}, {4, 7}, {5, 6}, {2, 3}, {1}], [{8}, {5, 7}, {2, 6}, {1, 4}, {3}], [{8}, {5, 7}, {3, 6}, {1, 4}, {2}], [{8}, {5, 7}, {6}, {1, 4}, {2, 3}], [{8}, {6, 7}, {3, 5}, {1, 4}, {2}], [{8}, {6, 7}, {3, 5}, {2, 4}, {1}], [{8}, {6, 7}, {3, 5}, {4}, {1, 2}], [{8}, {6, 7}, {3, 5}, {4}, {2}, {1}], [{8}, {7}, {4, 6}, {1, 5}, {2, 3}]]",2,- 2 K_1^2 - 4 K_1 K_2 + 2 K_1 + K_2 + 2 K_3 + 2,O1O2O3O4U5U6U3O7U8O6O5U2U4O8U1U7,O1O2O3U4U1U5U6O7O6U8O4O5U3U2O8U7,O1O2O3U4O5U2U1O6O7U5O8O4U8U6U3U7,c,{'O1O2O3O4U5U4O6U1U3O7O8U6O5U2U8U7'},1,"<a href=""/flatknot/8.850736"">8.850736</a>",t^9-41t^7-82t^6+217t^5+478t^4-293t^3-258t^2+610t-118,t^2-2t,,
8.850737,O1O2O3O4U5U4O6U1U3O7O8U6O5U7U2U8,3,13z^2+66z+81,-8w^4z^2+21w^3z^2-16w^3z+82w^2z+81w,False,False,"[[ 0 -2  0  1  1 -1  0 -1  2],[ 2  0  2  1  0 -1  2  0  1],[ 0 -2  0  0  1 -1  0  0  2],[-1 -1  0  0  0 -3  1  0  0],[-1  0 -1  0  0 -1  0 -1 -1],[ 1  1  1  3  1  0  0 -2  0],[ 0 -2  0 -1  0  0  0  1  2],[ 1  0  0  0  1  2 -1  0  1],[-2 -1 -2  0  1  0 -2 -1  0]]","[[ 0  2  1  1  0  0 -1 -1 -2],[-2  0  1  0 -2 -2  0 -1 -1],[-1 -1  0  0  0 -1 -1 -1  0],[-1  0  0  0  1  0 -3  0 -1],[ 0  2  0 -1  0  0  0  1 -2],[ 0  2  1  0  0  0 -1  0 -2],[ 1  0  1  3  0  1  0 -2  1],[ 1  1  1  0 -1  0  2  0  0],[ 2  1  0  1  2  2 -1  0  0]]",True,"[-2,-1,-1,0,0,1,1,2,-1,0,2,2,0,1,1,0,0,1,1,1,0,-1,0,3,0,1,0,0,-1,2,1,0,2,2,-1,0]","[-2,-1,-1,0,0,1,1,2,-1,0,2,2,0,1,1,-2,0,1,1,3,0,-1,0,1,0,1,0,0,-1,2,1,0,2,0,-1,0]",t^8+40t^6+382t^4+116t^2,"[-2,-1,-1,0,0,1,1,2,1,2,0,0,2,3,3,-2,1,2,2,1,2,0,1,-1,1,3,0,1,0,0,2,1,0,0,1,2]","[-2,-1,-1,0,0,1,1,2,1,2,0,0,2,3,3,0,1,2,2,-1,2,0,1,1,1,3,0,1,0,0,2,1,0,2,1,2]","[-2,-1,-1,0,0,1,1,2,-1,0,2,2,0,1,1,-2,0,1,1,3,0,-1,0,1,0,1,0,0,-1,2,1,0,2,0,-1,0]",c,"[[{8, 1}, {3, 7}, {2, 6}, {4, 5}], [{8, 1}, {3, 7}, {6}, {4, 5}, {2}]]",0,- 2 K_1^2 - 4 K_1 K_2 - 6 K_1 K_3 + 2 K_1 - 2 K_2^2 + 4 K_2 + 2 K_3 + 4 K_4 + 3,O1O2O3O4U5U3U6O7U8O5O6U2U4O8U1U7,O1O2O3U4U2U5U6O7O6U8O4O5U1U3O8U7,O1O2O3U4O5U1U3O6O7U5O8O4U8U6U2U7,c,{'O1O2O3O4U5U4O6U1U3O7O8U6O5U7U2U8'},1,"<a href=""/flatknot/8.850737"">8.850737</a>",t^9-40t^7-50t^6+294t^5+336t^4-520t^3-376t^2+200t+64,0,,
8.850738,O1O2O3O4U5U4O6U1U3O7O8U6O5U7U8U2,4,3z^3+29z^2+89z+87,-2w^5z^3+5w^4z^3-8w^4z^2+37w^3z^2-6w^3z+95w^2z+87w,False,False,"[[ 0 -2  1  1  1 -1  0 -1  1],[ 2  0  2  1  0 -1  2  0  0],[-1 -2  0  0  1 -1 -1 -1  1],[-1 -1  0  0  0 -3  1  0  0],[-1  0 -1  0  0 -1  0 -1 -1],[ 1  1  1  3  1  0  0 -2 -1],[ 0 -2  1 -1  0  0  0  1  2],[ 1  0  1  0  1  2 -1  0  1],[-1  0 -1  0  1  1 -2 -1  0]]","[[ 0  1  1  1  1  0 -1 -1 -2],[-1  0  1  1  0 -1 -1 -1 -2],[-1 -1  0  1  0 -2  1 -1  0],[-1 -1 -1  0  0  0 -1 -1  0],[-1  0  0  0  0  1 -3  0 -1],[ 0  1  2  0 -1  0  0  1 -2],[ 1  1 -1  1  3  0  0 -2  1],[ 1  1  1  1  0 -1  2  0  0],[ 2  2  0  0  1  2 -1  0  0]]",True,"[-1,-1,-1,-1,0,1,1,2,-1,-1,0,1,1,1,2,-1,0,2,-1,1,0,0,0,1,1,0,-1,3,0,1,0,-1,2,2,-1,0]","[-2,-1,-1,0,1,1,1,1,-1,0,2,0,0,1,2,-2,0,-1,1,3,1,-1,1,1,0,1,2,0,-1,1,1,0,-1,0,-1,0]",t^8+39t^6+356t^4+124t^2,"[-2,-1,-1,0,1,1,1,1,1,2,0,1,2,3,3,-2,2,1,2,1,1,1,1,-1,1,3,0,2,1,-1,0,-1,-1,0,0,1]","[-1,-1,-1,-1,0,1,1,2,-1,-1,0,1,1,1,3,-1,0,-1,1,3,3,0,0,1,1,1,2,2,-1,2,2,1,0,2,1,2]","[-2,-1,-1,0,1,1,1,1,-1,0,2,0,0,1,2,-2,0,-1,1,3,1,-1,1,1,0,1,2,0,-1,1,1,0,-1,0,-1,0]",c,"[[{8, 1}, {2, 7}, {3, 6}, {4, 5}], [{8, 1}, {2, 7}, {4, 6}, {3, 5}], [{8, 1}, {2, 7}, {5, 6}, {3, 4}], [{8, 1}, {3, 7}, {2, 6}, {4, 5}], [{8, 1}, {3, 7}, {4, 6}, {2, 5}], [{8, 1}, {3, 7}, {4, 6}, {5}, {2}], [{8, 1}, {3, 7}, {5, 6}, {2, 4}], [{8, 1}, {3, 7}, {5, 6}, {4}, {2}], [{8, 1}, {3, 7}, {6}, {4, 5}, {2}], [{8, 1}, {4, 7}, {2, 6}, {3, 5}], [{8, 1}, {4, 7}, {3, 6}, {2, 5}], [{8, 1}, {4, 7}, {5, 6}, {2, 3}], [{8, 1}, {4, 7}, {5, 6}, {3}, {2}], [{8, 1}, {5, 7}, {2, 6}, {3, 4}], [{8, 1}, {5, 7}, {3, 6}, {2, 4}], [{8, 1}, {5, 7}, {4, 6}, {2, 3}], [{8, 1}, {6, 7}, {2, 5}, {3, 4}], [{8, 1}, {6, 7}, {3, 5}, {2, 4}], [{8, 1}, {6, 7}, {3, 5}, {4}, {2}], [{8, 1}, {6, 7}, {4, 5}, {2, 3}], [{8, 1}, {7}, {2, 6}, {5}, {3, 4}], [{8, 1}, {7}, {5, 6}, {3, 4}, {2}], [{8, 1}, {7}, {6}, {2, 5}, {3, 4}], [{8, 2}, {1, 7}, {3, 6}, {4, 5}], [{8, 2}, {1, 7}, {4, 6}, {3, 5}], [{8, 2}, {1, 7}, {5, 6}, {3, 4}], [{8, 2}, {3, 7}, {1, 6}, {4, 5}], [{8, 2}, {3, 7}, {4, 6}, {1, 5}], [{8, 2}, {3, 7}, {5, 6}, {1, 4}], [{8, 2}, {3, 7}, {6}, {4, 5}, {1}], [{8, 2}, {4, 7}, {1, 6}, {3, 5}], [{8, 2}, {4, 7}, {3, 6}, {1, 5}], [{8, 2}, {4, 7}, {5, 6}, {1, 3}], [{8, 2}, {4, 7}, {5, 6}, {3}, {1}], [{8, 2}, {5, 7}, {1, 6}, {3, 4}], [{8, 2}, {5, 7}, {3, 6}, {1, 4}], [{8, 2}, {5, 7}, {4, 6}, {1, 3}], [{8, 2}, {5, 7}, {6}, {4}, {1, 3}], [{8, 2}, {6, 7}, {1, 5}, {3, 4}], [{8, 2}, {6, 7}, {3, 5}, {1, 4}], [{8, 2}, {6, 7}, {4, 5}, {1, 3}], [{8, 2}, {7}, {4, 6}, {5}, {1, 3}], [{8, 3}, {1, 7}, {2, 6}, {4, 5}], [{8, 3}, {1, 7}, {4, 6}, {2, 5}], [{8, 3}, {1, 7}, {4, 6}, {5}, {2}], [{8, 3}, {1, 7}, {5, 6}, {2, 4}], [{8, 3}, {1, 7}, {5, 6}, {4}, {2}], [{8, 3}, {1, 7}, {6}, {4, 5}, {2}], [{8, 3}, {2, 7}, {1, 6}, {4, 5}], [{8, 3}, {2, 7}, {4, 6}, {1, 5}], [{8, 3}, {2, 7}, {5, 6}, {1, 4}], [{8, 3}, {4, 7}, {1, 6}, {2, 5}], [{8, 3}, {4, 7}, {2, 6}, {1, 5}], [{8, 3}, {4, 7}, {5, 6}, {1, 2}], [{8, 3}, {4, 7}, {5, 6}, {2}, {1}], [{8, 3}, {5, 7}, {1, 6}, {2, 4}], [{8, 3}, {5, 7}, {2, 6}, {1, 4}], [{8, 3}, {5, 7}, {4, 6}, {1, 2}], [{8, 3}, {6, 7}, {1, 5}, {2, 4}], [{8, 3}, {6, 7}, {2, 5}, {1, 4}], [{8, 3}, {6, 7}, {4, 5}, {1, 2}], [{8, 3}, {7}, {2, 6}, {5}, {1, 4}], [{8, 3}, {7}, {5, 6}, {1, 4}, {2}], [{8, 3}, {7}, {6}, {2, 5}, {1, 4}], [{8, 4}, {1, 7}, {2, 6}, {3, 5}], [{8, 4}, {1, 7}, {3, 6}, {2, 5}], [{8, 4}, {1, 7}, {3, 6}, {5}, {2}], [{8, 4}, {1, 7}, {5, 6}, {2, 3}], [{8, 4}, {2, 7}, {1, 6}, {3, 5}], [{8, 4}, {2, 7}, {3, 6}, {1, 5}], [{8, 4}, {2, 7}, {5, 6}, {1, 3}], [{8, 4}, {2, 7}, {6}, {1, 5}, {3}], [{8, 4}, {3, 7}, {1, 6}, {2, 5}], [{8, 4}, {3, 7}, {1, 6}, {5}, {2}], [{8, 4}, {3, 7}, {2, 6}, {1, 5}], [{8, 4}, {3, 7}, {5, 6}, {1, 2}], [{8, 4}, {3, 7}, {5, 6}, {2}, {1}], [{8, 4}, {3, 7}, {6}, {1, 5}, {2}], [{8, 4}, {5, 7}, {1, 6}, {2, 3}], [{8, 4}, {5, 7}, {2, 6}, {1, 3}], [{8, 4}, {5, 7}, {3, 6}, {1, 2}], [{8, 4}, {6, 7}, {1, 5}, {2, 3}], [{8, 4}, {6, 7}, {2, 5}, {1, 3}], [{8, 4}, {6, 7}, {3, 5}, {1, 2}], [{8, 4}, {6, 7}, {5}, {1, 3}, {2}], [{8, 4}, {7}, {6}, {1, 5}, {2, 3}], [{8, 5}, {1, 7}, {2, 6}, {3, 4}], [{8, 5}, {1, 7}, {3, 6}, {2, 4}], [{8, 5}, {1, 7}, {4, 6}, {2, 3}], [{8, 5}, {2, 7}, {1, 6}, {3, 4}], [{8, 5}, {2, 7}, {3, 6}, {1, 4}], [{8, 5}, {2, 7}, {4, 6}, {1, 3}], [{8, 5}, {3, 7}, {1, 6}, {2, 4}], [{8, 5}, {3, 7}, {2, 6}, {1, 4}], [{8, 5}, {3, 7}, {4, 6}, {1, 2}], [{8, 5}, {3, 7}, {4, 6}, {2}, {1}], [{8, 5}, {4, 7}, {1, 6}, {2, 3}], [{8, 5}, {4, 7}, {1, 6}, {3}, {2}], [{8, 5}, {4, 7}, {2, 6}, {1, 3}], [{8, 5}, {4, 7}, {3, 6}, {1, 2}], [{8, 5}, {6, 7}, {1, 4}, {2, 3}], [{8, 5}, {6, 7}, {2, 4}, {1, 3}], [{8, 5}, {6, 7}, {3, 4}, {1, 2}], [{8, 5}, {7}, {6}, {3, 4}, {1, 2}], [{8, 6}, {1, 7}, {2, 5}, {3, 4}], [{8, 6}, {1, 7}, {3, 5}, {2, 4}], [{8, 6}, {1, 7}, {4, 5}, {2, 3}], [{8, 6}, {2, 7}, {1, 5}, {3, 4}], [{8, 6}, {2, 7}, {3, 5}, {1, 4}], [{8, 6}, {2, 7}, {4, 5}, {1, 3}], [{8, 6}, {3, 7}, {1, 5}, {2, 4}], [{8, 6}, {3, 7}, {1, 5}, {4}, {2}], [{8, 6}, {3, 7}, {2, 5}, {1, 4}], [{8, 6}, {3, 7}, {4, 5}, {1, 2}], [{8, 6}, {4, 7}, {1, 5}, {2, 3}], [{8, 6}, {4, 7}, {1, 5}, {3}, {2}], [{8, 6}, {4, 7}, {2, 5}, {1, 3}], [{8, 6}, {4, 7}, {3, 5}, {1, 2}], [{8, 6}, {5, 7}, {1, 4}, {2, 3}], [{8, 6}, {5, 7}, {2, 4}, {1, 3}], [{8, 6}, {5, 7}, {3, 4}, {1, 2}], [{8, 6}, {7}, {1, 5}, {3, 4}, {2}], [{8, 7}, {1, 6}, {2, 5}, {3, 4}], [{8, 7}, {1, 6}, {3, 5}, {2, 4}], [{8, 7}, {1, 6}, {4, 5}, {2, 3}], [{8, 7}, {2, 6}, {1, 5}, {3, 4}], [{8, 7}, {2, 6}, {3, 5}, {1, 4}], [{8, 7}, {2, 6}, {4, 5}, {1, 3}], [{8, 7}, {3, 6}, {1, 5}, {2, 4}], [{8, 7}, {3, 6}, {2, 5}, {1, 4}], [{8, 7}, {3, 6}, {4, 5}, {1, 2}], [{8, 7}, {4, 6}, {1, 5}, {2, 3}], [{8, 7}, {4, 6}, {2, 5}, {1, 3}], [{8, 7}, {4, 6}, {3, 5}, {1, 2}], [{8, 7}, {4, 6}, {5}, {1, 3}, {2}], [{8, 7}, {5, 6}, {1, 4}, {2, 3}], [{8, 7}, {5, 6}, {1, 4}, {3}, {2}], [{8, 7}, {5, 6}, {2, 4}, {1, 3}], [{8, 7}, {5, 6}, {3, 4}, {1, 2}], [{8}, {2, 7}, {1, 6}, {3, 5}, {4}], [{8}, {2, 7}, {1, 6}, {4, 5}, {3}], [{8}, {2, 7}, {1, 6}, {5}, {3, 4}], [{8}, {2, 7}, {4, 6}, {5}, {1, 3}], [{8}, {3, 7}, {4, 6}, {1, 5}, {2}], [{8}, {3, 7}, {5, 6}, {1, 4}, {2}], [{8}, {3, 7}, {6}, {4, 5}, {1, 2}], [{8}, {4, 7}, {2, 6}, {3, 5}, {1}], [{8}, {4, 7}, {3, 6}, {2, 5}, {1}], [{8}, {4, 7}, {5, 6}, {1, 3}, {2}], [{8}, {4, 7}, {5, 6}, {2, 3}, {1}], [{8}, {4, 7}, {5, 6}, {3}, {1, 2}], [{8}, {7}, {2, 6}, {4, 5}, {1, 3}]]",2,- 8 K_1^4 + 16 K_1^3 + 12 K_1^2 K_2 - 18 K_1^2 - 16 K_1 K_2 - 4 K_1 K_3 - 4 K_1 - 2 K_2^2 + 9 K_2 + 4 K_3 + K_4 + 11,O1O2O3O4U3U5U6O7U8O5O6U2U4O8U1U7,O1O2O3U4U3U5U6O7O6U8O4O5U1U2O8U7,O1O2O3U4O5U2U3O6O7U5O8O4U8U6U1U7,c,{'O1O2O3O4U5U4O6U1U3O7O8U6O5U7U8U2'},1,"<a href=""/flatknot/8.850738"">8.850738</a>",t^9-41t^7-60t^6+261t^5+314t^4-479t^3-426t^2+92t+150,t^2-2t,,
8.850739,O1O2O3O4U5U4O6U1U3O7O8U6O5U8U2U7,4,z^3+22z^2+104z+129,w^4z^3+22w^3z^2+104w^2z+129w,False,False,"[[ 0 -2  0  1  1 -1  0  1  0],[ 2  0  2  1  0 -1  2  1  0],[ 0 -2  0  0  1 -1  0  1  0],[-1 -1  0  0  0 -3  1  0  0],[-1  0 -1  0  0 -1  0 -1 -1],[ 1  1  1  3  1  0  0 -1 -1],[ 0 -2  0 -1  0  0  0  2  1],[-1 -1 -1  0  1  1 -2  0  0],[ 0  0  0  0  1  1 -1  0  0]]","[[ 0  1  1  1  0  0  0 -1 -2],[-1  0  1  0  0 -1 -2  1 -1],[-1 -1  0  0 -1 -1  0 -1  0],[-1  0  0  0  0  0  1 -3 -1],[ 0  0  1  0  0  0 -1  1  0],[ 0  1  1  0  0  0  0 -1 -2],[ 0  2  0 -1  1  0  0  0 -2],[ 1 -1  1  3 -1  1  0  0  1],[ 2  1  0  1  0  2  2 -1  0]]",True,"[-1,-1,-1,0,0,0,1,2,-1,0,0,1,2,-1,1,0,1,1,0,1,0,0,0,-1,3,1,0,1,-1,0,0,1,2,0,2,-1]","[-2,-1,0,0,0,1,1,1,-1,0,2,2,0,1,1,-1,0,1,1,-1,3,-1,0,1,0,0,0,0,2,-1,1,1,0,-1,0,0]",t^8+34t^6+249t^4+114t^2+1,"[-2,-1,0,0,0,1,1,1,2,0,0,2,2,2,3,0,1,2,-1,3,1,0,0,1,0,0,-1,2,-1,1,1,1,0,0,0,-1]","[-1,-1,-1,0,0,0,1,2,-1,0,0,0,1,1,3,0,0,1,-1,3,2,1,1,2,-1,2,0,0,0,0,-1,2,2,1,0,2]","[-2,-1,0,0,0,1,1,1,-1,0,2,2,0,1,1,-1,0,1,1,-1,3,-1,0,1,0,0,0,0,2,-1,1,1,0,-1,0,0]",c,"[[{8, 1}, {2, 7}, {3, 6}, {4, 5}], [{8, 1}, {2, 7}, {4, 6}, {3, 5}], [{8, 1}, {2, 7}, {5, 6}, {3, 4}], [{8, 1}, {2, 7}, {6}, {4, 5}, {3}], [{8, 1}, {3, 7}, {2, 6}, {4, 5}], [{8, 1}, {3, 7}, {4, 6}, {2, 5}], [{8, 1}, {3, 7}, {4, 6}, {5}, {2}], [{8, 1}, {3, 7}, {5, 6}, {2, 4}], [{8, 1}, {3, 7}, {5, 6}, {4}, {2}], [{8, 1}, {3, 7}, {6}, {4, 5}, {2}], [{8, 1}, {4, 7}, {2, 6}, {3, 5}], [{8, 1}, {4, 7}, {2, 6}, {5}, {3}], [{8, 1}, {4, 7}, {3, 6}, {2, 5}], [{8, 1}, {4, 7}, {5, 6}, {2, 3}], [{8, 1}, {4, 7}, {5, 6}, {3}, {2}], [{8, 1}, {4, 7}, {6}, {2, 5}, {3}], [{8, 1}, {5, 7}, {2, 6}, {3, 4}], [{8, 1}, {5, 7}, {3, 6}, {2, 4}], [{8, 1}, {5, 7}, {4, 6}, {2, 3}], [{8, 1}, {6, 7}, {2, 5}, {3, 4}], [{8, 1}, {6, 7}, {3, 5}, {2, 4}], [{8, 1}, {6, 7}, {4, 5}, {2, 3}], [{8, 1}, {7}, {5, 6}, {3, 4}, {2}], [{8, 1}, {7}, {6}, {4, 5}, {2, 3}], [{8, 2}, {1, 7}, {3, 6}, {4, 5}], [{8, 2}, {1, 7}, {4, 6}, {3, 5}], [{8, 2}, {1, 7}, {5, 6}, {3, 4}], [{8, 2}, {1, 7}, {6}, {4, 5}, {3}], [{8, 2}, {3, 7}, {1, 6}, {4, 5}], [{8, 2}, {3, 7}, {4, 6}, {1, 5}], [{8, 2}, {3, 7}, {5, 6}, {1, 4}], [{8, 2}, {3, 7}, {6}, {4, 5}, {1}], [{8, 2}, {4, 7}, {1, 6}, {3, 5}], [{8, 2}, {4, 7}, {3, 6}, {1, 5}], [{8, 2}, {4, 7}, {5, 6}, {1, 3}], [{8, 2}, {4, 7}, {6}, {1, 5}, {3}], [{8, 2}, {5, 7}, {1, 6}, {3, 4}], [{8, 2}, {5, 7}, {3, 6}, {1, 4}], [{8, 2}, {5, 7}, {4, 6}, {1, 3}], [{8, 2}, {6, 7}, {1, 5}, {3, 4}], [{8, 2}, {6, 7}, {3, 5}, {1, 4}], [{8, 2}, {6, 7}, {4, 5}, {1, 3}], [{8, 2}, {6, 7}, {5}, {1, 4}, {3}], [{8, 2}, {7}, {4, 6}, {3, 5}, {1}], [{8, 2}, {7}, {5, 6}, {3, 4}, {1}], [{8, 2}, {7}, {6}, {4, 5}, {1, 3}], [{8, 3}, {1, 7}, {2, 6}, {4, 5}], [{8, 3}, {1, 7}, {2, 6}, {5}, {4}], [{8, 3}, {1, 7}, {4, 6}, {2, 5}], [{8, 3}, {1, 7}, {4, 6}, {5}, {2}], [{8, 3}, {1, 7}, {5, 6}, {2, 4}], [{8, 3}, {1, 7}, {5, 6}, {4}, {2}], [{8, 3}, {1, 7}, {6}, {2, 5}, {4}], [{8, 3}, {1, 7}, {6}, {4, 5}, {2}], [{8, 3}, {1, 7}, {6}, {5}, {2, 4}], [{8, 3}, {1, 7}, {6}, {5}, {4}, {2}], [{8, 3}, {2, 7}, {1, 6}, {4, 5}], [{8, 3}, {2, 7}, {4, 6}, {1, 5}], [{8, 3}, {2, 7}, {5, 6}, {1, 4}], [{8, 3}, {2, 7}, {6}, {4, 5}, {1}], [{8, 3}, {4, 7}, {1, 6}, {2, 5}], [{8, 3}, {4, 7}, {2, 6}, {1, 5}], [{8, 3}, {4, 7}, {5, 6}, {1, 2}], [{8, 3}, {5, 7}, {1, 6}, {2, 4}], [{8, 3}, {5, 7}, {2, 6}, {1, 4}], [{8, 3}, {5, 7}, {4, 6}, {1, 2}], [{8, 3}, {5, 7}, {4, 6}, {2}, {1}], [{8, 3}, {6, 7}, {1, 5}, {2, 4}], [{8, 3}, {6, 7}, {2, 5}, {1, 4}], [{8, 3}, {6, 7}, {4, 5}, {1, 2}], [{8, 3}, {7}, {4, 6}, {1, 5}, {2}], [{8, 3}, {7}, {6}, {4, 5}, {1, 2}], [{8, 4}, {1, 7}, {2, 6}, {3, 5}], [{8, 4}, {1, 7}, {2, 6}, {5}, {3}], [{8, 4}, {1, 7}, {3, 6}, {2, 5}], [{8, 4}, {1, 7}, {5, 6}, {2, 3}], [{8, 4}, {1, 7}, {5, 6}, {3}, {2}], [{8, 4}, {1, 7}, {6}, {2, 5}, {3}], [{8, 4}, {2, 7}, {1, 6}, {3, 5}], [{8, 4}, {2, 7}, {3, 6}, {1, 5}], [{8, 4}, {2, 7}, {5, 6}, {1, 3}], [{8, 4}, {2, 7}, {6}, {1, 5}, {3}], [{8, 4}, {3, 7}, {1, 6}, {2, 5}], [{8, 4}, {3, 7}, {1, 6}, {5}, {2}], [{8, 4}, {3, 7}, {2, 6}, {1, 5}], [{8, 4}, {3, 7}, {5, 6}, {1, 2}], [{8, 4}, {5, 7}, {1, 6}, {2, 3}], [{8, 4}, {5, 7}, {1, 6}, {3}, {2}], [{8, 4}, {5, 7}, {2, 6}, {1, 3}], [{8, 4}, {5, 7}, {3, 6}, {1, 2}], [{8, 4}, {6, 7}, {1, 5}, {2, 3}], [{8, 4}, {6, 7}, {2, 5}, {1, 3}], [{8, 4}, {6, 7}, {3, 5}, {1, 2}], [{8, 4}, {7}, {1, 6}, {3, 5}, {2}], [{8, 5}, {1, 7}, {2, 6}, {3, 4}], [{8, 5}, {1, 7}, {3, 6}, {2, 4}], [{8, 5}, {1, 7}, {4, 6}, {2, 3}], [{8, 5}, {1, 7}, {4, 6}, {3}, {2}], [{8, 5}, {2, 7}, {1, 6}, {3, 4}], [{8, 5}, {2, 7}, {3, 6}, {1, 4}], [{8, 5}, {2, 7}, {4, 6}, {1, 3}], [{8, 5}, {3, 7}, {1, 6}, {2, 4}], [{8, 5}, {3, 7}, {2, 6}, {1, 4}], [{8, 5}, {3, 7}, {4, 6}, {1, 2}], [{8, 5}, {4, 7}, {1, 6}, {2, 3}], [{8, 5}, {4, 7}, {2, 6}, {1, 3}], [{8, 5}, {4, 7}, {3, 6}, {1, 2}], [{8, 5}, {6, 7}, {1, 4}, {2, 3}], [{8, 5}, {6, 7}, {2, 4}, {1, 3}], [{8, 5}, {6, 7}, {3, 4}, {1, 2}], [{8, 5}, {7}, {4, 6}, {2, 3}, {1}], [{8, 6}, {1, 7}, {2, 5}, {3, 4}], [{8, 6}, {1, 7}, {3, 5}, {2, 4}], [{8, 6}, {1, 7}, {4, 5}, {2, 3}], [{8, 6}, {2, 7}, {1, 5}, {3, 4}], [{8, 6}, {2, 7}, {3, 5}, {1, 4}], [{8, 6}, {2, 7}, {4, 5}, {1, 3}], [{8, 6}, {3, 7}, {1, 5}, {2, 4}], [{8, 6}, {3, 7}, {2, 5}, {1, 4}], [{8, 6}, {3, 7}, {4, 5}, {1, 2}], [{8, 6}, {4, 7}, {1, 5}, {2, 3}], [{8, 6}, {4, 7}, {2, 5}, {1, 3}], [{8, 6}, {4, 7}, {3, 5}, {1, 2}], [{8, 6}, {5, 7}, {1, 4}, {2, 3}], [{8, 6}, {5, 7}, {2, 4}, {1, 3}], [{8, 6}, {5, 7}, {3, 4}, {1, 2}], [{8, 7}, {1, 6}, {2, 5}, {3, 4}], [{8, 7}, {1, 6}, {3, 5}, {2, 4}], [{8, 7}, {1, 6}, {3, 5}, {4}, {2}], [{8, 7}, {1, 6}, {4, 5}, {2, 3}], [{8, 7}, {2, 6}, {1, 5}, {3, 4}], [{8, 7}, {2, 6}, {3, 5}, {1, 4}], [{8, 7}, {2, 6}, {4, 5}, {1, 3}], [{8, 7}, {3, 6}, {1, 5}, {2, 4}], [{8, 7}, {3, 6}, {2, 5}, {1, 4}], [{8, 7}, {3, 6}, {4, 5}, {1, 2}], [{8, 7}, {4, 6}, {1, 5}, {2, 3}], [{8, 7}, {4, 6}, {2, 5}, {1, 3}], [{8, 7}, {4, 6}, {3, 5}, {1, 2}], [{8, 7}, {5, 6}, {1, 4}, {2, 3}], [{8, 7}, {5, 6}, {2, 4}, {1, 3}], [{8, 7}, {5, 6}, {3, 4}, {1, 2}], [{8, 7}, {5, 6}, {3, 4}, {2}, {1}], [{8, 7}, {6}, {4, 5}, {1, 3}, {2}], [{8, 7}, {6}, {4, 5}, {2, 3}, {1}], [{8, 7}, {6}, {4, 5}, {3}, {1, 2}], [{8}, {1, 7}, {2, 6}, {5}, {3, 4}], [{8}, {1, 7}, {4, 6}, {3, 5}, {2}], [{8}, {1, 7}, {5, 6}, {3, 4}, {2}], [{8}, {1, 7}, {6}, {2, 5}, {3, 4}], [{8}, {1, 7}, {6}, {4, 5}, {2, 3}], [{8}, {2, 7}, {4, 6}, {5}, {1, 3}], [{8}, {2, 7}, {5, 6}, {1, 4}, {3}], [{8}, {2, 7}, {5, 6}, {3, 4}, {1}], [{8}, {2, 7}, {5, 6}, {4}, {1, 3}], [{8}, {2, 7}, {6}, {4, 5}, {1, 3}], [{8}, {3, 7}, {6}, {2, 5}, {1, 4}], [{8}, {3, 7}, {6}, {4, 5}, {1, 2}], [{8}, {4, 7}, {1, 6}, {3, 5}, {2}], [{8}, {5, 7}, {6}, {1, 4}, {2, 3}], [{8}, {5, 7}, {6}, {2, 4}, {1, 3}], [{8}, {5, 7}, {6}, {3, 4}, {1, 2}], [{8}, {6, 7}, {1, 5}, {4}, {2, 3}], [{8}, {6, 7}, {3, 5}, {1, 4}, {2}], [{8}, {6, 7}, {5}, {3, 4}, {1, 2}], [{8}, {7}, {5, 6}, {3, 4}, {1, 2}], [{8}, {7}, {5, 6}, {3, 4}, {2}, {1}]]",2,8 K_1^3 - 18 K_1^2 - 12 K_1 K_2 + 9 K_2 + 4 K_3 + 10,O1O2O3O4U5U3U6O7U8O6O5U2U4O8U1U7,O1O2O3U4U2U5U6O7O6U8O4O5U3U1O8U7,O1O2O3U4O5U3U1O6O7U5O8O4U8U6U2U7,c,{'O1O2O3O4U5U4O6U1U3O7O8U6O5U8U2U7'},1,"<a href=""/flatknot/8.850739"">8.850739</a>",t^9-36t^7-40t^6+224t^5+122t^4-417t^3+12t^2+26t+100,t^2-2t,,
8.850740,O1O2O3O4U5U4O6U1U3O7O8U6O5U8U7U2,4,6z^3+44z^2+111z+95,6w^4z^3+44w^3z^2+111w^2z+95w,False,False,"[[ 0 -2  1  1  1 -1  0  0  0],[ 2  0  2  1  0 -1  2  0  0],[-1 -2  0  0  1 -1 -1  0  0],[-1 -1  0  0  0 -3  1  0  0],[-1  0 -1  0  0 -1  0 -1 -1],[ 1  1  1  3  1  0  0 -2 -1],[ 0 -2  1 -1  0  0  0  2  1],[ 0  0  0  0  1  2 -2  0  0],[ 0  0  0  0  1  1 -1  0  0]]","[[ 0  1  1  1  0  0  0 -1 -2],[-1  0  1  0  0  0 -1 -1 -2],[-1 -1  0  0 -1 -1  0 -1  0],[-1  0  0  0  0  0  1 -3 -1],[ 0  0  1  0  0  0 -1  1  0],[ 0  0  1  0  0  0 -2  2  0],[ 0  1  0 -1  1  2  0  0 -2],[ 1  1  1  3 -1 -2  0  0  1],[ 2  2  0  1  0  0  2 -1  0]]",True,"[-1,-1,-1,0,0,0,1,2,-1,0,0,0,1,1,2,0,1,1,0,1,0,0,0,-1,3,1,0,1,-1,0,2,-2,0,0,2,-1]","[-2,-1,0,0,0,1,1,1,-1,0,0,2,0,1,2,-2,-1,0,1,3,1,0,-2,1,0,0,-1,1,0,0,0,-1,1,0,-1,0]",t^8+36t^6+271t^4+107t^2+4,"[-2,-1,0,0,0,1,1,1,2,0,2,2,1,2,3,1,2,3,1,-1,1,-1,-2,0,2,1,0,1,1,0,1,1,0,0,-1,0]","[-1,-1,-1,0,0,0,1,2,-1,0,0,0,1,1,3,0,1,1,0,1,1,1,1,2,-1,2,0,-2,3,2,-1,2,2,1,0,2]","[-2,-1,0,0,0,1,1,1,-1,0,0,2,0,1,2,-2,-1,0,1,3,1,0,-2,1,0,0,-1,1,0,0,0,-1,1,0,-1,0]",c,"[[{8, 1}, {2, 7}, {3, 6}, {4, 5}], [{8, 1}, {2, 7}, {4, 6}, {3, 5}], [{8, 1}, {2, 7}, {5, 6}, {3, 4}], [{8, 1}, {3, 7}, {2, 6}, {4, 5}], [{8, 1}, {3, 7}, {4, 6}, {2, 5}], [{8, 1}, {3, 7}, {4, 6}, {5}, {2}], [{8, 1}, {3, 7}, {5, 6}, {2, 4}], [{8, 1}, {3, 7}, {5, 6}, {4}, {2}], [{8, 1}, {3, 7}, {6}, {4, 5}, {2}], [{8, 1}, {4, 7}, {2, 6}, {3, 5}], [{8, 1}, {4, 7}, {3, 6}, {2, 5}], [{8, 1}, {4, 7}, {5, 6}, {2, 3}], [{8, 1}, {5, 7}, {2, 6}, {3, 4}], [{8, 1}, {5, 7}, {3, 6}, {2, 4}], [{8, 1}, {5, 7}, {4, 6}, {2, 3}], [{8, 1}, {6, 7}, {2, 5}, {3, 4}], [{8, 1}, {6, 7}, {3, 5}, {2, 4}], [{8, 1}, {6, 7}, {4, 5}, {2, 3}], [{8, 2}, {1, 7}, {3, 6}, {4, 5}], [{8, 2}, {1, 7}, {4, 6}, {3, 5}], [{8, 2}, {1, 7}, {5, 6}, {3, 4}], [{8, 2}, {3, 7}, {1, 6}, {4, 5}], [{8, 2}, {3, 7}, {4, 6}, {1, 5}], [{8, 2}, {3, 7}, {5, 6}, {1, 4}], [{8, 2}, {4, 7}, {1, 6}, {3, 5}], [{8, 2}, {4, 7}, {3, 6}, {1, 5}], [{8, 2}, {4, 7}, {5, 6}, {1, 3}], [{8, 2}, {4, 7}, {6}, {3, 5}, {1}], [{8, 2}, {5, 7}, {1, 6}, {3, 4}], [{8, 2}, {5, 7}, {3, 6}, {1, 4}], [{8, 2}, {5, 7}, {4, 6}, {1, 3}], [{8, 2}, {5, 7}, {6}, {4}, {1, 3}], [{8, 2}, {6, 7}, {1, 5}, {3, 4}], [{8, 2}, {6, 7}, {3, 5}, {1, 4}], [{8, 2}, {6, 7}, {3, 5}, {4}, {1}], [{8, 2}, {6, 7}, {4, 5}, {1, 3}], [{8, 2}, {7}, {3, 6}, {1, 5}, {4}], [{8, 2}, {7}, {4, 6}, {1, 5}, {3}], [{8, 2}, {7}, {4, 6}, {3, 5}, {1}], [{8, 2}, {7}, {4, 6}, {5}, {1, 3}], [{8, 2}, {7}, {5, 6}, {1, 4}, {3}], [{8, 2}, {7}, {6}, {1, 5}, {3, 4}], [{8, 3}, {1, 7}, {2, 6}, {4, 5}], [{8, 3}, {1, 7}, {4, 6}, {2, 5}], [{8, 3}, {1, 7}, {4, 6}, {5}, {2}], [{8, 3}, {1, 7}, {5, 6}, {2, 4}], [{8, 3}, {1, 7}, {5, 6}, {4}, {2}], [{8, 3}, {1, 7}, {6}, {4, 5}, {2}], [{8, 3}, {2, 7}, {1, 6}, {4, 5}], [{8, 3}, {2, 7}, {4, 6}, {1, 5}], [{8, 3}, {2, 7}, {5, 6}, {1, 4}], [{8, 3}, {4, 7}, {1, 6}, {2, 5}], [{8, 3}, {4, 7}, {2, 6}, {1, 5}], [{8, 3}, {4, 7}, {5, 6}, {1, 2}], [{8, 3}, {4, 7}, {5, 6}, {2}, {1}], [{8, 3}, {5, 7}, {1, 6}, {2, 4}], [{8, 3}, {5, 7}, {2, 6}, {1, 4}], [{8, 3}, {5, 7}, {4, 6}, {1, 2}], [{8, 3}, {6, 7}, {1, 5}, {2, 4}], [{8, 3}, {6, 7}, {2, 5}, {1, 4}], [{8, 3}, {6, 7}, {4, 5}, {1, 2}], [{8, 3}, {7}, {5, 6}, {1, 4}, {2}], [{8, 4}, {1, 7}, {2, 6}, {3, 5}], [{8, 4}, {1, 7}, {3, 6}, {2, 5}], [{8, 4}, {1, 7}, {3, 6}, {5}, {2}], [{8, 4}, {1, 7}, {5, 6}, {2, 3}], [{8, 4}, {2, 7}, {1, 6}, {3, 5}], [{8, 4}, {2, 7}, {3, 6}, {1, 5}], [{8, 4}, {2, 7}, {5, 6}, {1, 3}], [{8, 4}, {2, 7}, {6}, {1, 5}, {3}], [{8, 4}, {3, 7}, {1, 6}, {2, 5}], [{8, 4}, {3, 7}, {1, 6}, {5}, {2}], [{8, 4}, {3, 7}, {2, 6}, {1, 5}], [{8, 4}, {3, 7}, {5, 6}, {1, 2}], [{8, 4}, {3, 7}, {5, 6}, {2}, {1}], [{8, 4}, {3, 7}, {6}, {1, 5}, {2}], [{8, 4}, {5, 7}, {1, 6}, {2, 3}], [{8, 4}, {5, 7}, {2, 6}, {1, 3}], [{8, 4}, {5, 7}, {3, 6}, {1, 2}], [{8, 4}, {6, 7}, {1, 5}, {2, 3}], [{8, 4}, {6, 7}, {2, 5}, {1, 3}], [{8, 4}, {6, 7}, {3, 5}, {1, 2}], [{8, 4}, {6, 7}, {5}, {1, 3}, {2}], [{8, 4}, {7}, {6}, {1, 5}, {2, 3}], [{8, 5}, {1, 7}, {2, 6}, {3, 4}], [{8, 5}, {1, 7}, {3, 6}, {2, 4}], [{8, 5}, {1, 7}, {4, 6}, {2, 3}], [{8, 5}, {2, 7}, {1, 6}, {3, 4}], [{8, 5}, {2, 7}, {3, 6}, {1, 4}], [{8, 5}, {2, 7}, {4, 6}, {1, 3}], [{8, 5}, {3, 7}, {1, 6}, {2, 4}], [{8, 5}, {3, 7}, {2, 6}, {1, 4}], [{8, 5}, {3, 7}, {4, 6}, {1, 2}], [{8, 5}, {3, 7}, {4, 6}, {2}, {1}], [{8, 5}, {3, 7}, {6}, {4}, {1, 2}], [{8, 5}, {4, 7}, {1, 6}, {2, 3}], [{8, 5}, {4, 7}, {2, 6}, {1, 3}], [{8, 5}, {4, 7}, {3, 6}, {1, 2}], [{8, 5}, {4, 7}, {3, 6}, {2}, {1}], [{8, 5}, {6, 7}, {1, 4}, {2, 3}], [{8, 5}, {6, 7}, {2, 4}, {1, 3}], [{8, 5}, {6, 7}, {3, 4}, {1, 2}], [{8, 5}, {6, 7}, {4}, {1, 3}, {2}], [{8, 5}, {7}, {4, 6}, {3}, {1, 2}], [{8, 6}, {1, 7}, {2, 5}, {3, 4}], [{8, 6}, {1, 7}, {3, 5}, {2, 4}], [{8, 6}, {1, 7}, {3, 5}, {4}, {2}], [{8, 6}, {1, 7}, {4, 5}, {2, 3}], [{8, 6}, {2, 7}, {1, 5}, {3, 4}], [{8, 6}, {2, 7}, {3, 5}, {1, 4}], [{8, 6}, {2, 7}, {4, 5}, {1, 3}], [{8, 6}, {3, 7}, {1, 5}, {2, 4}], [{8, 6}, {3, 7}, {1, 5}, {4}, {2}], [{8, 6}, {3, 7}, {2, 5}, {1, 4}], [{8, 6}, {3, 7}, {4, 5}, {1, 2}], [{8, 6}, {4, 7}, {1, 5}, {2, 3}], [{8, 6}, {4, 7}, {2, 5}, {1, 3}], [{8, 6}, {4, 7}, {3, 5}, {1, 2}], [{8, 6}, {5, 7}, {1, 4}, {2, 3}], [{8, 6}, {5, 7}, {2, 4}, {1, 3}], [{8, 6}, {5, 7}, {3, 4}, {1, 2}], [{8, 6}, {5, 7}, {4}, {1, 3}, {2}], [{8, 7}, {1, 6}, {2, 5}, {3, 4}], [{8, 7}, {1, 6}, {3, 5}, {2, 4}], [{8, 7}, {1, 6}, {4, 5}, {2, 3}], [{8, 7}, {2, 6}, {1, 5}, {3, 4}], [{8, 7}, {2, 6}, {3, 5}, {1, 4}], [{8, 7}, {2, 6}, {4, 5}, {1, 3}], [{8, 7}, {3, 6}, {1, 5}, {2, 4}], [{8, 7}, {3, 6}, {2, 5}, {1, 4}], [{8, 7}, {3, 6}, {4, 5}, {1, 2}], [{8, 7}, {4, 6}, {1, 5}, {2, 3}], [{8, 7}, {4, 6}, {2, 5}, {1, 3}], [{8, 7}, {4, 6}, {3, 5}, {1, 2}], [{8, 7}, {4, 6}, {5}, {1, 3}, {2}], [{8, 7}, {5, 6}, {1, 4}, {2, 3}], [{8, 7}, {5, 6}, {1, 4}, {3}, {2}], [{8, 7}, {5, 6}, {2, 4}, {1, 3}], [{8, 7}, {5, 6}, {3, 4}, {1, 2}], [{8}, {1, 7}, {6}, {2, 5}, {3, 4}], [{8}, {2, 7}, {1, 6}, {3, 5}, {4}], [{8}, {2, 7}, {4, 6}, {5}, {1, 3}], [{8}, {2, 7}, {5, 6}, {1, 4}, {3}], [{8}, {3, 7}, {2, 6}, {5}, {1, 4}], [{8}, {3, 7}, {4, 6}, {1, 5}, {2}], [{8}, {3, 7}, {5, 6}, {1, 4}, {2}], [{8}, {3, 7}, {6}, {2, 5}, {1, 4}], [{8}, {4, 7}, {6}, {2, 5}, {1, 3}], [{8}, {5, 7}, {2, 6}, {4}, {1, 3}], [{8}, {5, 7}, {6}, {1, 4}, {2, 3}], [{8}, {6, 7}, {1, 5}, {4}, {2, 3}], [{8}, {6, 7}, {4, 5}, {1, 3}, {2}], [{8}, {6, 7}, {4, 5}, {2, 3}, {1}], [{8}, {6, 7}, {4, 5}, {3}, {1, 2}], [{8}, {6, 7}, {5}, {1, 4}, {2, 3}], [{8}, {7}, {5, 6}, {1, 4}, {2, 3}], [{8}, {7}, {5, 6}, {1, 4}, {3}, {2}], [{8}, {7}, {5, 6}, {2, 4}, {1, 3}], [{8}, {7}, {5, 6}, {3, 4}, {1, 2}]]",2,- 2 K_1^2 - 4 K_1 K_2 + 2 K_1 + K_2 + 2 K_3 + 2,O1O2O3O4U3U5U6O7U8O6O5U2U4O8U1U7,O1O2O3U4U3U5U6O7O6U8O4O5U2U1O8U7,O1O2O3U4O5U3U2O6O7U5O8O4U8U6U1U7,c,{'O1O2O3O4U5U4O6U1U3O7O8U6O5U8U7U2'},1,"<a href=""/flatknot/8.850740"">8.850740</a>",t^9-38t^7-32t^6+240t^5+46t^4-366t^3+248t^2-186t-4,t^2-2t,,
8.850741,O1O2O3O4U5U4O6U1U3O7O8U7O5U2U6U8,4,22z^2+107z+127,22w^3z^2+107w^2z+127w,False,False,"[[ 0 -2 -1  1  1 -1  1 -1  2],[ 2  0  1  1  0  0  2  0  1],[ 1 -1  0  1  1 -1  1  0  2],[-1 -1 -1  0  0 -2  0  0  0],[-1  0 -1  0  0 -1 -1  0 -1],[ 1  0  1  2  1  0  1 -1  0],[-1 -2 -1  0  1 -1  0  0  2],[ 1  0  0  0  0  1  0  0  1],[-2 -1 -2  0  1  0 -2 -1  0]]","[[ 0  2  1  1  1 -1 -1 -1 -2],[-2  0  1  0 -2  0 -1 -2 -1],[-1 -1  0  0 -1 -1  0 -1  0],[-1  0  0  0  0 -2  0 -1 -1],[-1  2  1  0  0 -1  0 -1 -2],[ 1  0  1  2  1  0 -1  1  0],[ 1  1  0  0  0  1  0  0  0],[ 1  2  1  1  1 -1  0  0 -1],[ 2  1  0  1  2  0  0  1  0]]",True,"[-2,-1,-1,-1,1,1,1,2,-1,0,2,0,1,2,1,0,1,1,0,1,0,0,2,0,1,1,1,0,1,2,1,-1,0,0,0,1]","[-2,-1,-1,-1,1,1,1,2,-1,0,2,0,1,2,1,0,1,1,0,1,0,0,2,0,1,1,1,0,1,2,1,-1,0,0,0,1]",t^8+29t^6+147t^4+46t^2+1,"[-2,-1,-1,-1,1,1,1,2,0,1,1,1,2,3,3,0,1,1,1,1,1,-1,2,2,2,2,1,0,1,3,0,-1,-1,0,1,2]","[-2,-1,-1,-1,1,1,1,2,-1,1,2,1,2,3,3,0,1,1,2,1,1,0,1,2,0,2,1,2,1,3,0,-1,0,1,1,1]","[-2,-1,-1,-1,1,1,1,2,0,0,1,0,1,2,1,-1,1,1,2,1,0,0,0,0,0,1,1,1,1,2,0,-1,-1,0,0,2]",c,"[[{8, 1}, {3, 7}, {5, 6}, {2, 4}], [{8, 1}, {4, 7}, {5, 6}, {2, 3}]]",1,4 K_1^3 + 4 K_1^2 K_2 - 16 K_1^2 - 20 K_1 K_2 - 4 K_1 K_3 + 7 K_1 - 4 K_2^2 + 8 K_2 + 9 K_3 + 3 K_4 + 10,O1O2O3O4U5U6U3O7U8O5O8U2U4O6U1U7,O1O2O3U4U1U5U6O7O6U2O4O5U8U3O8U7,O1O2O3U4O5U1U5O6O7U2O8O4U8U6U3U7,c,{'O1O2O3O4U5U4O6U1U3O7O8U7O5U2U6U8'},1,"<a href=""/flatknot/8.850741"">8.850741</a>",t^9-29t^7-40t^6+127t^5+188t^4-177t^3-220t^2+59t+66,0,,
8.850742,O1O2O3O4U5U4O6U1U3O7O8U7O5U6U2U8,4,3z^3+28z^2+104z+121,3w^4z^3+28w^3z^2+104w^2z+121w,False,False,"[[ 0 -2  0  1  1 -1  0 -1  2],[ 2  0  2  1  0  0  1  0  1],[ 0 -2  0  0  1 -1  0  0  2],[-1 -1  0  0  0 -2  0  0  0],[-1  0 -1  0  0 -1 -1  0 -1],[ 1  0  1  2  1  0  0 -1  0],[ 0 -1  0  0  1  0  0  0  2],[ 1  0  0  0  0  1  0  0  1],[-2 -1 -2  0  1  0 -2 -1  0]]","[[ 0  2  1  1  0  0 -1 -1 -2],[-2  0  1  0 -2 -2  0 -1 -1],[-1 -1  0  0 -1 -1 -1  0  0],[-1  0  0  0  0  0 -2  0 -1],[ 0  2  1  0  0  0  0  0 -1],[ 0  2  1  0  0  0 -1  0 -2],[ 1  0  1  2  0  1  0 -1  0],[ 1  1  0  0  0  0  1  0  0],[ 2  1  0  1  1  2  0  0  0]]",True,"[-2,-1,-1,0,0,1,1,2,-1,0,2,2,0,1,1,0,1,1,1,0,0,0,0,2,0,1,0,0,0,1,1,0,2,1,0,0]","[-2,-1,-1,0,0,1,1,2,-1,0,2,2,0,1,1,0,1,1,1,0,0,0,0,2,0,1,0,0,0,1,1,0,2,1,0,0]",t^8+26t^6+139t^4+33t^2+1,"[-2,-1,-1,0,0,1,1,2,1,1,0,1,2,3,3,-1,1,1,2,2,2,0,1,0,1,3,0,1,0,0,1,0,0,0,1,2]","[-2,-1,-1,0,0,1,1,2,1,2,0,0,2,3,3,0,1,1,2,0,2,0,0,2,1,3,0,1,0,0,1,1,1,1,1,1]","[-2,-1,-1,0,0,1,1,2,0,0,1,2,0,1,1,-1,0,1,1,2,0,0,0,0,0,1,0,1,0,2,1,0,2,0,-1,0]",c,"[[{8, 1}, {2, 7}, {3, 6}, {4, 5}], [{8, 1}, {2, 7}, {4, 6}, {3, 5}], [{8, 1}, {2, 7}, {5, 6}, {3, 4}], [{8, 1}, {2, 7}, {5, 6}, {4}, {3}], [{8, 1}, {3, 7}, {2, 6}, {4, 5}], [{8, 1}, {3, 7}, {4, 6}, {2, 5}], [{8, 1}, {3, 7}, {4, 6}, {5}, {2}], [{8, 1}, {3, 7}, {5, 6}, {2, 4}], [{8, 1}, {3, 7}, {5, 6}, {4}, {2}], [{8, 1}, {3, 7}, {6}, {4, 5}, {2}], [{8, 1}, {4, 7}, {2, 6}, {3, 5}], [{8, 1}, {4, 7}, {3, 6}, {2, 5}], [{8, 1}, {4, 7}, {3, 6}, {5}, {2}], [{8, 1}, {4, 7}, {5, 6}, {2, 3}], [{8, 1}, {4, 7}, {5, 6}, {3}, {2}], [{8, 1}, {4, 7}, {6}, {3, 5}, {2}], [{8, 1}, {5, 7}, {2, 6}, {3, 4}], [{8, 1}, {5, 7}, {3, 6}, {2, 4}], [{8, 1}, {5, 7}, {3, 6}, {4}, {2}], [{8, 1}, {5, 7}, {4, 6}, {2, 3}], [{8, 1}, {5, 7}, {4, 6}, {3}, {2}], [{8, 1}, {5, 7}, {6}, {3, 4}, {2}], [{8, 1}, {6, 7}, {2, 5}, {3, 4}], [{8, 1}, {6, 7}, {3, 5}, {2, 4}], [{8, 1}, {6, 7}, {3, 5}, {4}, {2}], [{8, 1}, {6, 7}, {4, 5}, {2, 3}], [{8, 1}, {6, 7}, {4, 5}, {3}, {2}], [{8, 1}, {6, 7}, {5}, {3, 4}, {2}], [{8, 1}, {7}, {3, 6}, {4, 5}, {2}], [{8, 1}, {7}, {4, 6}, {3, 5}, {2}], [{8, 1}, {7}, {5, 6}, {2, 4}, {3}], [{8, 1}, {7}, {5, 6}, {3, 4}, {2}], [{8, 1}, {7}, {5, 6}, {4}, {2, 3}], [{8, 2}, {1, 7}, {3, 6}, {4, 5}], [{8, 2}, {1, 7}, {4, 6}, {3, 5}], [{8, 2}, {1, 7}, {5, 6}, {3, 4}], [{8, 2}, {3, 7}, {1, 6}, {4, 5}], [{8, 2}, {3, 7}, {4, 6}, {1, 5}], [{8, 2}, {3, 7}, {5, 6}, {1, 4}], [{8, 2}, {3, 7}, {6}, {5}, {1, 4}], [{8, 2}, {4, 7}, {1, 6}, {3, 5}], [{8, 2}, {4, 7}, {3, 6}, {1, 5}], [{8, 2}, {4, 7}, {5, 6}, {1, 3}], [{8, 2}, {4, 7}, {6}, {3, 5}, {1}], [{8, 2}, {5, 7}, {1, 6}, {3, 4}], [{8, 2}, {5, 7}, {3, 6}, {1, 4}], [{8, 2}, {5, 7}, {4, 6}, {1, 3}], [{8, 2}, {6, 7}, {1, 5}, {3, 4}], [{8, 2}, {6, 7}, {3, 5}, {1, 4}], [{8, 2}, {6, 7}, {3, 5}, {4}, {1}], [{8, 2}, {6, 7}, {4, 5}, {1, 3}], [{8, 2}, {7}, {3, 6}, {4, 5}, {1}], [{8, 2}, {7}, {4, 6}, {3, 5}, {1}], [{8, 3}, {1, 7}, {2, 6}, {4, 5}], [{8, 3}, {1, 7}, {4, 6}, {2, 5}], [{8, 3}, {1, 7}, {5, 6}, {2, 4}], [{8, 3}, {1, 7}, {6}, {4, 5}, {2}], [{8, 3}, {2, 7}, {1, 6}, {4, 5}], [{8, 3}, {2, 7}, {4, 6}, {1, 5}], [{8, 3}, {2, 7}, {5, 6}, {1, 4}], [{8, 3}, {2, 7}, {6}, {1, 5}, {4}], [{8, 3}, {4, 7}, {1, 6}, {2, 5}], [{8, 3}, {4, 7}, {2, 6}, {1, 5}], [{8, 3}, {4, 7}, {5, 6}, {1, 2}], [{8, 3}, {5, 7}, {1, 6}, {2, 4}], [{8, 3}, {5, 7}, {2, 6}, {1, 4}], [{8, 3}, {5, 7}, {4, 6}, {1, 2}], [{8, 3}, {6, 7}, {1, 5}, {2, 4}], [{8, 3}, {6, 7}, {2, 5}, {1, 4}], [{8, 3}, {6, 7}, {4, 5}, {1, 2}], [{8, 3}, {7}, {4, 6}, {2, 5}, {1}], [{8, 4}, {1, 7}, {2, 6}, {3, 5}], [{8, 4}, {1, 7}, {3, 6}, {2, 5}], [{8, 4}, {1, 7}, {3, 6}, {5}, {2}], [{8, 4}, {1, 7}, {5, 6}, {2, 3}], [{8, 4}, {2, 7}, {1, 6}, {3, 5}], [{8, 4}, {2, 7}, {3, 6}, {1, 5}], [{8, 4}, {2, 7}, {5, 6}, {1, 3}], [{8, 4}, {3, 7}, {1, 6}, {2, 5}], [{8, 4}, {3, 7}, {1, 6}, {5}, {2}], [{8, 4}, {3, 7}, {2, 6}, {1, 5}], [{8, 4}, {3, 7}, {5, 6}, {1, 2}], [{8, 4}, {3, 7}, {5, 6}, {2}, {1}], [{8, 4}, {3, 7}, {6}, {1, 5}, {2}], [{8, 4}, {5, 7}, {1, 6}, {2, 3}], [{8, 4}, {5, 7}, {2, 6}, {1, 3}], [{8, 4}, {5, 7}, {3, 6}, {1, 2}], [{8, 4}, {6, 7}, {1, 5}, {2, 3}], [{8, 4}, {6, 7}, {2, 5}, {1, 3}], [{8, 4}, {6, 7}, {3, 5}, {1, 2}], [{8, 4}, {6, 7}, {5}, {1, 3}, {2}], [{8, 4}, {7}, {5, 6}, {3}, {1, 2}], [{8, 5}, {1, 7}, {2, 6}, {3, 4}], [{8, 5}, {1, 7}, {3, 6}, {2, 4}], [{8, 5}, {1, 7}, {4, 6}, {2, 3}], [{8, 5}, {1, 7}, {4, 6}, {3}, {2}], [{8, 5}, {2, 7}, {1, 6}, {3, 4}], [{8, 5}, {2, 7}, {3, 6}, {1, 4}], [{8, 5}, {2, 7}, {4, 6}, {1, 3}], [{8, 5}, {3, 7}, {1, 6}, {2, 4}], [{8, 5}, {3, 7}, {1, 6}, {4}, {2}], [{8, 5}, {3, 7}, {2, 6}, {1, 4}], [{8, 5}, {3, 7}, {4, 6}, {1, 2}], [{8, 5}, {3, 7}, {4, 6}, {2}, {1}], [{8, 5}, {3, 7}, {6}, {1, 4}, {2}], [{8, 5}, {4, 7}, {1, 6}, {2, 3}], [{8, 5}, {4, 7}, {2, 6}, {1, 3}], [{8, 5}, {4, 7}, {3, 6}, {1, 2}], [{8, 5}, {6, 7}, {1, 4}, {2, 3}], [{8, 5}, {6, 7}, {2, 4}, {1, 3}], [{8, 5}, {6, 7}, {3, 4}, {1, 2}], [{8, 5}, {7}, {4, 6}, {1, 3}, {2}], [{8, 6}, {1, 7}, {2, 5}, {3, 4}], [{8, 6}, {1, 7}, {3, 5}, {2, 4}], [{8, 6}, {1, 7}, {4, 5}, {2, 3}], [{8, 6}, {2, 7}, {1, 5}, {3, 4}], [{8, 6}, {2, 7}, {3, 5}, {1, 4}], [{8, 6}, {2, 7}, {4, 5}, {1, 3}], [{8, 6}, {3, 7}, {1, 5}, {2, 4}], [{8, 6}, {3, 7}, {1, 5}, {4}, {2}], [{8, 6}, {3, 7}, {2, 5}, {1, 4}], [{8, 6}, {3, 7}, {2, 5}, {4}, {1}], [{8, 6}, {3, 7}, {4, 5}, {1, 2}], [{8, 6}, {3, 7}, {4, 5}, {2}, {1}], [{8, 6}, {3, 7}, {5}, {1, 4}, {2}], [{8, 6}, {3, 7}, {5}, {2, 4}, {1}], [{8, 6}, {3, 7}, {5}, {4}, {1, 2}], [{8, 6}, {3, 7}, {5}, {4}, {2}, {1}], [{8, 6}, {4, 7}, {1, 5}, {2, 3}], [{8, 6}, {4, 7}, {2, 5}, {1, 3}], [{8, 6}, {4, 7}, {3, 5}, {1, 2}], [{8, 6}, {5, 7}, {1, 4}, {2, 3}], [{8, 6}, {5, 7}, {2, 4}, {1, 3}], [{8, 6}, {5, 7}, {3, 4}, {1, 2}], [{8, 7}, {1, 6}, {2, 5}, {3, 4}], [{8, 7}, {1, 6}, {3, 5}, {2, 4}], [{8, 7}, {1, 6}, {4, 5}, {2, 3}], [{8, 7}, {2, 6}, {1, 5}, {3, 4}], [{8, 7}, {2, 6}, {3, 5}, {1, 4}], [{8, 7}, {2, 6}, {4, 5}, {1, 3}], [{8, 7}, {3, 6}, {1, 5}, {2, 4}], [{8, 7}, {3, 6}, {2, 5}, {1, 4}], [{8, 7}, {3, 6}, {4, 5}, {1, 2}], [{8, 7}, {4, 6}, {1, 5}, {2, 3}], [{8, 7}, {4, 6}, {2, 5}, {1, 3}], [{8, 7}, {4, 6}, {3, 5}, {1, 2}], [{8, 7}, {5, 6}, {1, 4}, {2, 3}], [{8, 7}, {5, 6}, {2, 4}, {1, 3}], [{8, 7}, {5, 6}, {3, 4}, {1, 2}], [{8, 7}, {6}, {4, 5}, {1, 3}, {2}], [{8}, {2, 7}, {6}, {3, 5}, {1, 4}], [{8}, {3, 7}, {1, 6}, {4, 5}, {2}], [{8}, {3, 7}, {2, 6}, {5}, {1, 4}], [{8}, {3, 7}, {4, 6}, {1, 5}, {2}], [{8}, {3, 7}, {5, 6}, {1, 4}, {2}], [{8}, {3, 7}, {6}, {2, 5}, {1, 4}], [{8}, {3, 7}, {6}, {5}, {1, 4}, {2}], [{8}, {4, 7}, {6}, {3, 5}, {1, 2}], [{8}, {5, 7}, {1, 6}, {4}, {2, 3}], [{8}, {5, 7}, {2, 6}, {3, 4}, {1}], [{8}, {5, 7}, {3, 6}, {2, 4}, {1}], [{8}, {5, 7}, {4, 6}, {2, 3}, {1}], [{8}, {5, 7}, {6}, {1, 4}, {2, 3}], [{8}, {6, 7}, {2, 5}, {4}, {1, 3}], [{8}, {6, 7}, {3, 5}, {4}, {1, 2}], [{8}, {6, 7}, {4, 5}, {2, 3}, {1}], [{8}, {7}, {3, 6}, {4, 5}, {1, 2}], [{8}, {7}, {4, 6}, {3, 5}, {1, 2}]]",2,12 K_1^3 + 4 K_1^2 K_2 - 18 K_1^2 - 16 K_1 K_2 - 6 K_1 K_3 - K_1 - 2 K_2^2 + 10 K_2 + 5 K_3 + 3 K_4 + 10,O1O2O3O4U5U3U6O7U8O5O8U2U4O6U1U7,O1O2O3U4U2U5U6O7O6U1O4O5U8U3O8U7,O1O2O3U4O5U1U5O6O7U3O8O4U8U6U2U7,c,{'O1O2O3O4U5U4O6U1U3O7O8U7O5U6U2U8'},1,"<a href=""/flatknot/8.850742"">8.850742</a>",t^9-26t^7-20t^6+143t^5+136t^4-212t^3-92t^2+98t+4,0,,
8.850743,O1O2O3O4U5U4O6U1U3O7O8U7O5U6U8U2,4,2z^3+26z^2+105z+123,2w^4z^3+26w^3z^2+105w^2z+123w,False,False,"[[ 0 -2  1  1  1 -1  0 -1  1],[ 2  0  2  1  0  0  1  0  0],[-1 -2  0  0  1 -1 -1 -1  1],[-1 -1  0  0  0 -2  0  0  0],[-1  0 -1  0  0 -1 -1  0 -1],[ 1  0  1  2  1  0  0 -1 -1],[ 0 -1  1  0  1  0  0  0  2],[ 1  0  1  0  0  1  0  0  1],[-1  0 -1  0  1  1 -2 -1  0]]","[[ 0  1  1  1  1  0 -1 -1 -2],[-1  0  1  1  0 -1 -1 -1 -2],[-1 -1  0  1  0 -2  1 -1  0],[-1 -1 -1  0  0 -1 -1  0  0],[-1  0  0  0  0  0 -2  0 -1],[ 0  1  2  1  0  0  0  0 -1],[ 1  1 -1  1  2  0  0 -1  0],[ 1  1  1  0  0  0  1  0  0],[ 2  2  0  0  1  1  0  0  0]]",True,"[-1,-1,-1,-1,0,1,1,2,-1,-1,0,1,1,1,2,-1,0,2,-1,1,0,0,1,1,0,0,0,2,0,1,0,0,1,1,0,0]","[-2,-1,-1,0,1,1,1,1,0,0,1,0,0,1,2,-1,0,-1,1,2,1,0,1,0,0,1,2,1,0,1,1,0,-1,0,-1,0]",t^8+25t^6+153t^4+60t^2+1,"[-2,-1,-1,0,1,1,1,1,1,1,1,1,2,3,3,-1,1,1,2,1,2,1,1,0,3,1,0,1,-1,0,0,-1,-1,0,0,-1]","[-1,-1,-1,-1,0,1,1,2,-1,-1,0,0,1,2,3,-1,0,-1,3,1,3,0,0,1,1,1,1,0,2,2,1,1,1,-1,1,1]","[-2,-1,-1,0,1,1,1,1,0,0,1,0,0,1,2,-1,0,-1,1,2,1,0,1,0,0,1,2,1,0,1,1,0,-1,0,-1,0]",c,"[[{8, 5}, {3, 7}, {1, 6}, {2, 4}], [{8, 5}, {3, 7}, {2, 6}, {1, 4}], [{8, 5}, {3, 7}, {4, 6}, {1, 2}]]",1,4 K_1^3 + 8 K_1^2 K_2 - 18 K_1^2 - 8 K_1 K_2 - 8 K_1 K_3 + K_1 + 9 K_2 + 3 K_3 + 2 K_4 + 8,O1O2O3O4U3U5U6O7U8O5O8U2U4O6U1U7,O1O2O3U4U3U5U6O7O6U1O4O5U8U2O8U7,O1O2O3U4O5U2U5O6O7U3O8O4U8U6U1U7,c,{'O1O2O3O4U5U4O6U1U3O7O8U7O5U6U8U2'},1,"<a href=""/flatknot/8.850743"">8.850743</a>",t^9-27t^7-24t^6+162t^5+156t^4-276t^3-206t^2+50t+52,t^2-2t,,
8.850744,O1O2O3O4U5U4O6U1U3O7O8U7O5U8U6U2,3,22z^2+93z+99,-8w^4z^2+30w^3z^2+93w^2z+99w,False,False,"[[ 0 -2  1  1  1 -1  1 -1  0],[ 2  0  2  1  0  0  1  0 -1],[-1 -2  0  0  1 -1  0 -1  0],[-1 -1  0  0  0 -2  0  0 -1],[-1  0 -1  0  0 -1 -1  0 -1],[ 1  0  1  2  1  0  0 -1 -1],[-1 -1  0  0  1  0  0 -1  1],[ 1  0  1  0  0  1  1  0  1],[ 0  1  0  1  1  1 -1 -1  0]]","[[ 0  1  1  1  1  0 -1 -1 -2],[-1  0  1  0  0  1  0 -1 -1],[-1 -1  0  0 -1 -1 -1  0  0],[-1  0  0  0  0 -1 -2  0 -1],[-1  0  1  0  0  0 -1 -1 -2],[ 0 -1  1  1  0  0  1 -1  1],[ 1  0  1  2  1 -1  0 -1  0],[ 1  1  0  0  1  1  1  0  0],[ 2  1  0  1  2 -1  0  0  0]]",True,"[-1,-1,-1,-1,0,1,1,2,-1,0,0,-1,0,1,1,0,1,1,1,0,0,0,1,2,0,1,0,1,1,2,-1,1,-1,1,0,0]","[-2,-1,-1,0,1,1,1,1,0,0,-1,0,1,1,2,-1,-1,1,0,2,1,1,0,1,0,1,1,-1,1,0,-1,0,-1,0,0,0]",t^8+23t^6+125t^4+20t^2,"[-2,-1,-1,0,1,1,1,1,1,1,3,1,2,2,3,-1,0,1,1,2,2,2,1,2,0,1,1,2,0,0,0,0,-1,0,-1,0]","[-1,-1,-1,-1,0,1,1,2,-1,-1,0,0,1,2,3,0,0,1,1,1,1,0,2,2,1,2,0,0,2,2,2,0,3,-1,1,1]","[-2,-1,-1,0,1,1,1,1,0,0,-1,0,1,1,2,-1,-1,1,0,2,1,1,0,1,0,1,1,-1,1,0,-1,0,-1,0,0,0]",c,"[[{8, 1}, {2, 7}, {3, 6}, {4, 5}], [{8, 1}, {2, 7}, {4, 6}, {3, 5}], [{8, 1}, {2, 7}, {5, 6}, {3, 4}], [{8, 1}, {3, 7}, {2, 6}, {4, 5}], [{8, 1}, {3, 7}, {4, 6}, {2, 5}], [{8, 1}, {3, 7}, {5, 6}, {2, 4}], [{8, 1}, {4, 7}, {2, 6}, {3, 5}], [{8, 1}, {4, 7}, {2, 6}, {5}, {3}], [{8, 1}, {4, 7}, {3, 6}, {2, 5}], [{8, 1}, {4, 7}, {3, 6}, {5}, {2}], [{8, 1}, {4, 7}, {5, 6}, {2, 3}], [{8, 1}, {4, 7}, {5, 6}, {3}, {2}], [{8, 1}, {4, 7}, {6}, {2, 5}, {3}], [{8, 1}, {4, 7}, {6}, {3, 5}, {2}], [{8, 1}, {4, 7}, {6}, {5}, {2, 3}], [{8, 1}, {5, 7}, {2, 6}, {3, 4}], [{8, 1}, {5, 7}, {3, 6}, {2, 4}], [{8, 1}, {5, 7}, {4, 6}, {2, 3}], [{8, 1}, {5, 7}, {4, 6}, {3}, {2}], [{8, 1}, {5, 7}, {6}, {4}, {2, 3}], [{8, 1}, {6, 7}, {2, 5}, {3, 4}], [{8, 1}, {6, 7}, {3, 5}, {2, 4}], [{8, 1}, {6, 7}, {4, 5}, {2, 3}], [{8, 1}, {6, 7}, {5}, {4}, {2, 3}], [{8, 1}, {7}, {2, 6}, {3, 5}, {4}], [{8, 1}, {7}, {3, 6}, {2, 5}, {4}], [{8, 1}, {7}, {4, 6}, {5}, {2, 3}], [{8, 1}, {7}, {5, 6}, {4}, {2, 3}], [{8, 1}, {7}, {6}, {4, 5}, {2, 3}], [{8, 1}, {7}, {6}, {5}, {4}, {2, 3}], [{8, 2}, {1, 7}, {3, 6}, {4, 5}], [{8, 2}, {1, 7}, {4, 6}, {3, 5}], [{8, 2}, {1, 7}, {5, 6}, {3, 4}], [{8, 2}, {3, 7}, {1, 6}, {4, 5}], [{8, 2}, {3, 7}, {4, 6}, {1, 5}], [{8, 2}, {3, 7}, {5, 6}, {1, 4}], [{8, 2}, {3, 7}, {6}, {5}, {1, 4}], [{8, 2}, {4, 7}, {1, 6}, {3, 5}], [{8, 2}, {4, 7}, {1, 6}, {5}, {3}], [{8, 2}, {4, 7}, {3, 6}, {1, 5}], [{8, 2}, {4, 7}, {3, 6}, {5}, {1}], [{8, 2}, {4, 7}, {5, 6}, {1, 3}], [{8, 2}, {4, 7}, {5, 6}, {3}, {1}], [{8, 2}, {4, 7}, {6}, {1, 5}, {3}], [{8, 2}, {4, 7}, {6}, {3, 5}, {1}], [{8, 2}, {4, 7}, {6}, {5}, {1, 3}], [{8, 2}, {5, 7}, {1, 6}, {3, 4}], [{8, 2}, {5, 7}, {3, 6}, {1, 4}], [{8, 2}, {5, 7}, {4, 6}, {1, 3}], [{8, 2}, {5, 7}, {4, 6}, {3}, {1}], [{8, 2}, {6, 7}, {1, 5}, {3, 4}], [{8, 2}, {6, 7}, {3, 5}, {1, 4}], [{8, 2}, {6, 7}, {4, 5}, {1, 3}], [{8, 2}, {7}, {1, 6}, {3, 5}, {4}], [{8, 2}, {7}, {3, 6}, {1, 5}, {4}], [{8, 2}, {7}, {5, 6}, {4}, {1, 3}], [{8, 3}, {1, 7}, {2, 6}, {4, 5}], [{8, 3}, {1, 7}, {4, 6}, {2, 5}], [{8, 3}, {1, 7}, {5, 6}, {2, 4}], [{8, 3}, {2, 7}, {1, 6}, {4, 5}], [{8, 3}, {2, 7}, {4, 6}, {1, 5}], [{8, 3}, {2, 7}, {5, 6}, {1, 4}], [{8, 3}, {2, 7}, {6}, {5}, {1, 4}], [{8, 3}, {4, 7}, {1, 6}, {2, 5}], [{8, 3}, {4, 7}, {1, 6}, {5}, {2}], [{8, 3}, {4, 7}, {2, 6}, {1, 5}], [{8, 3}, {4, 7}, {2, 6}, {5}, {1}], [{8, 3}, {4, 7}, {5, 6}, {1, 2}], [{8, 3}, {4, 7}, {5, 6}, {2}, {1}], [{8, 3}, {4, 7}, {6}, {1, 5}, {2}], [{8, 3}, {4, 7}, {6}, {2, 5}, {1}], [{8, 3}, {4, 7}, {6}, {5}, {1, 2}], [{8, 3}, {5, 7}, {1, 6}, {2, 4}], [{8, 3}, {5, 7}, {2, 6}, {1, 4}], [{8, 3}, {5, 7}, {4, 6}, {1, 2}], [{8, 3}, {5, 7}, {4, 6}, {2}, {1}], [{8, 3}, {6, 7}, {1, 5}, {2, 4}], [{8, 3}, {6, 7}, {2, 5}, {1, 4}], [{8, 3}, {6, 7}, {4, 5}, {1, 2}], [{8, 3}, {7}, {1, 6}, {2, 5}, {4}], [{8, 3}, {7}, {2, 6}, {1, 5}, {4}], [{8, 3}, {7}, {5, 6}, {4}, {1, 2}], [{8, 4}, {1, 7}, {2, 6}, {3, 5}], [{8, 4}, {1, 7}, {3, 6}, {2, 5}], [{8, 4}, {1, 7}, {5, 6}, {2, 3}], [{8, 4}, {1, 7}, {6}, {5}, {2, 3}], [{8, 4}, {2, 7}, {1, 6}, {3, 5}], [{8, 4}, {2, 7}, {3, 6}, {1, 5}], [{8, 4}, {2, 7}, {5, 6}, {1, 3}], [{8, 4}, {3, 7}, {1, 6}, {2, 5}], [{8, 4}, {3, 7}, {2, 6}, {1, 5}], [{8, 4}, {3, 7}, {5, 6}, {1, 2}], [{8, 4}, {5, 7}, {1, 6}, {2, 3}], [{8, 4}, {5, 7}, {2, 6}, {1, 3}], [{8, 4}, {5, 7}, {3, 6}, {1, 2}], [{8, 4}, {5, 7}, {6}, {2, 3}, {1}], [{8, 4}, {6, 7}, {1, 5}, {2, 3}], [{8, 4}, {6, 7}, {2, 5}, {1, 3}], [{8, 4}, {6, 7}, {3, 5}, {1, 2}], [{8, 4}, {6, 7}, {5}, {2, 3}, {1}], [{8, 4}, {7}, {1, 6}, {2, 5}, {3}], [{8, 4}, {7}, {1, 6}, {3, 5}, {2}], [{8, 4}, {7}, {1, 6}, {5}, {2, 3}], [{8, 4}, {7}, {5, 6}, {1, 3}, {2}], [{8, 4}, {7}, {5, 6}, {2, 3}, {1}], [{8, 4}, {7}, {5, 6}, {3}, {1, 2}], [{8, 4}, {7}, {6}, {1, 5}, {2, 3}], [{8, 4}, {7}, {6}, {5}, {2, 3}, {1}], [{8, 5}, {1, 7}, {2, 6}, {3, 4}], [{8, 5}, {1, 7}, {3, 6}, {2, 4}], [{8, 5}, {1, 7}, {4, 6}, {2, 3}], [{8, 5}, {1, 7}, {6}, {4}, {2, 3}], [{8, 5}, {2, 7}, {1, 6}, {3, 4}], [{8, 5}, {2, 7}, {3, 6}, {1, 4}], [{8, 5}, {2, 7}, {4, 6}, {1, 3}], [{8, 5}, {2, 7}, {6}, {1, 4}, {3}], [{8, 5}, {3, 7}, {1, 6}, {2, 4}], [{8, 5}, {3, 7}, {2, 6}, {1, 4}], [{8, 5}, {3, 7}, {4, 6}, {1, 2}], [{8, 5}, {3, 7}, {6}, {1, 4}, {2}], [{8, 5}, {4, 7}, {1, 6}, {2, 3}], [{8, 5}, {4, 7}, {1, 6}, {3}, {2}], [{8, 5}, {4, 7}, {2, 6}, {1, 3}], [{8, 5}, {4, 7}, {2, 6}, {3}, {1}], [{8, 5}, {4, 7}, {3, 6}, {1, 2}], [{8, 5}, {4, 7}, {3, 6}, {2}, {1}], [{8, 5}, {4, 7}, {6}, {1, 3}, {2}], [{8, 5}, {4, 7}, {6}, {2, 3}, {1}], [{8, 5}, {4, 7}, {6}, {3}, {1, 2}], [{8, 5}, {6, 7}, {1, 4}, {2, 3}], [{8, 5}, {6, 7}, {2, 4}, {1, 3}], [{8, 5}, {6, 7}, {3, 4}, {1, 2}], [{8, 5}, {6, 7}, {4}, {2, 3}, {1}], [{8, 5}, {7}, {1, 6}, {4}, {2, 3}], [{8, 5}, {7}, {2, 6}, {4}, {1, 3}], [{8, 5}, {7}, {3, 6}, {4}, {1, 2}], [{8, 5}, {7}, {4, 6}, {2, 3}, {1}], [{8, 5}, {7}, {6}, {1, 4}, {2, 3}], [{8, 5}, {7}, {6}, {4}, {2, 3}, {1}], [{8, 6}, {1, 7}, {2, 5}, {3, 4}], [{8, 6}, {1, 7}, {3, 5}, {2, 4}], [{8, 6}, {1, 7}, {4, 5}, {2, 3}], [{8, 6}, {1, 7}, {5}, {4}, {2, 3}], [{8, 6}, {2, 7}, {1, 5}, {3, 4}], [{8, 6}, {2, 7}, {3, 5}, {1, 4}], [{8, 6}, {2, 7}, {4, 5}, {1, 3}], [{8, 6}, {2, 7}, {5}, {1, 4}, {3}], [{8, 6}, {3, 7}, {1, 5}, {2, 4}], [{8, 6}, {3, 7}, {2, 5}, {1, 4}], [{8, 6}, {3, 7}, {4, 5}, {1, 2}], [{8, 6}, {3, 7}, {5}, {1, 4}, {2}], [{8, 6}, {4, 7}, {1, 5}, {2, 3}], [{8, 6}, {4, 7}, {1, 5}, {3}, {2}], [{8, 6}, {4, 7}, {2, 5}, {1, 3}], [{8, 6}, {4, 7}, {2, 5}, {3}, {1}], [{8, 6}, {4, 7}, {3, 5}, {1, 2}], [{8, 6}, {4, 7}, {3, 5}, {2}, {1}], [{8, 6}, {4, 7}, {5}, {1, 3}, {2}], [{8, 6}, {4, 7}, {5}, {2, 3}, {1}], [{8, 6}, {4, 7}, {5}, {3}, {1, 2}], [{8, 6}, {5, 7}, {1, 4}, {2, 3}], [{8, 6}, {5, 7}, {2, 4}, {1, 3}], [{8, 6}, {5, 7}, {3, 4}, {1, 2}], [{8, 6}, {5, 7}, {4}, {2, 3}, {1}], [{8, 6}, {7}, {1, 5}, {4}, {2, 3}], [{8, 6}, {7}, {2, 5}, {4}, {1, 3}], [{8, 6}, {7}, {3, 5}, {4}, {1, 2}], [{8, 6}, {7}, {4, 5}, {2, 3}, {1}], [{8, 6}, {7}, {5}, {1, 4}, {2, 3}], [{8, 6}, {7}, {5}, {4}, {2, 3}, {1}], [{8, 7}, {1, 6}, {2, 5}, {3, 4}], [{8, 7}, {1, 6}, {2, 5}, {4}, {3}], [{8, 7}, {1, 6}, {3, 5}, {2, 4}], [{8, 7}, {1, 6}, {3, 5}, {4}, {2}], [{8, 7}, {1, 6}, {4, 5}, {2, 3}], [{8, 7}, {1, 6}, {5}, {4}, {2, 3}], [{8, 7}, {2, 6}, {1, 5}, {3, 4}], [{8, 7}, {2, 6}, {3, 5}, {1, 4}], [{8, 7}, {2, 6}, {4, 5}, {1, 3}], [{8, 7}, {3, 6}, {1, 5}, {2, 4}], [{8, 7}, {3, 6}, {2, 5}, {1, 4}], [{8, 7}, {3, 6}, {4, 5}, {1, 2}], [{8, 7}, {4, 6}, {1, 5}, {2, 3}], [{8, 7}, {4, 6}, {2, 5}, {1, 3}], [{8, 7}, {4, 6}, {3, 5}, {1, 2}], [{8, 7}, {4, 6}, {5}, {2, 3}, {1}], [{8, 7}, {5, 6}, {1, 4}, {2, 3}], [{8, 7}, {5, 6}, {2, 4}, {1, 3}], [{8, 7}, {5, 6}, {3, 4}, {1, 2}], [{8, 7}, {5, 6}, {4}, {1, 3}, {2}], [{8, 7}, {5, 6}, {4}, {2, 3}, {1}], [{8, 7}, {5, 6}, {4}, {3}, {1, 2}], [{8, 7}, {6}, {1, 5}, {4}, {2, 3}], [{8, 7}, {6}, {4, 5}, {2, 3}, {1}], [{8, 7}, {6}, {5}, {1, 4}, {2, 3}], [{8, 7}, {6}, {5}, {4}, {2, 3}, {1}], [{8}, {1, 7}, {4, 6}, {5}, {2, 3}], [{8}, {1, 7}, {5, 6}, {2, 4}, {3}], [{8}, {1, 7}, {5, 6}, {3, 4}, {2}], [{8}, {1, 7}, {5, 6}, {4}, {2, 3}], [{8}, {1, 7}, {6}, {4, 5}, {2, 3}], [{8}, {1, 7}, {6}, {5}, {4}, {2, 3}], [{8}, {2, 7}, {1, 6}, {3, 5}, {4}], [{8}, {2, 7}, {3, 6}, {5}, {1, 4}], [{8}, {2, 7}, {4, 6}, {3, 5}, {1}], [{8}, {2, 7}, {5, 6}, {1, 4}, {3}], [{8}, {2, 7}, {5, 6}, {3, 4}, {1}], [{8}, {2, 7}, {5, 6}, {4}, {1, 3}], [{8}, {2, 7}, {6}, {3, 5}, {1, 4}], [{8}, {2, 7}, {6}, {5}, {1, 4}, {3}], [{8}, {3, 7}, {1, 6}, {2, 5}, {4}], [{8}, {3, 7}, {2, 6}, {5}, {1, 4}], [{8}, {3, 7}, {4, 6}, {2, 5}, {1}], [{8}, {3, 7}, {5, 6}, {1, 4}, {2}], [{8}, {3, 7}, {5, 6}, {2, 4}, {1}], [{8}, {3, 7}, {5, 6}, {4}, {1, 2}], [{8}, {3, 7}, {6}, {2, 5}, {1, 4}], [{8}, {3, 7}, {6}, {5}, {1, 4}, {2}], [{8}, {4, 7}, {1, 6}, {2, 5}, {3}], [{8}, {4, 7}, {1, 6}, {3, 5}, {2}], [{8}, {4, 7}, {1, 6}, {5}, {2, 3}], [{8}, {4, 7}, {2, 6}, {1, 5}, {3}], [{8}, {4, 7}, {2, 6}, {3, 5}, {1}], [{8}, {4, 7}, {2, 6}, {5}, {1, 3}], [{8}, {4, 7}, {3, 6}, {1, 5}, {2}], [{8}, {4, 7}, {3, 6}, {2, 5}, {1}], [{8}, {4, 7}, {3, 6}, {5}, {1, 2}], [{8}, {4, 7}, {5, 6}, {1, 3}, {2}], [{8}, {4, 7}, {5, 6}, {2, 3}, {1}], [{8}, {4, 7}, {5, 6}, {3}, {1, 2}], [{8}, {4, 7}, {5, 6}, {3}, {2}, {1}], [{8}, {4, 7}, {6}, {1, 5}, {2, 3}], [{8}, {4, 7}, {6}, {2, 5}, {1, 3}], [{8}, {4, 7}, {6}, {3, 5}, {1, 2}], [{8}, {4, 7}, {6}, {5}, {1, 3}, {2}], [{8}, {4, 7}, {6}, {5}, {2, 3}, {1}], [{8}, {4, 7}, {6}, {5}, {3}, {1, 2}], [{8}, {5, 7}, {1, 6}, {4}, {2, 3}], [{8}, {5, 7}, {2, 6}, {3, 4}, {1}], [{8}, {5, 7}, {3, 6}, {2, 4}, {1}], [{8}, {5, 7}, {4, 6}, {1, 3}, {2}], [{8}, {5, 7}, {4, 6}, {2, 3}, {1}], [{8}, {5, 7}, {4, 6}, {3}, {1, 2}], [{8}, {5, 7}, {4, 6}, {3}, {2}, {1}], [{8}, {5, 7}, {6}, {1, 4}, {2, 3}], [{8}, {5, 7}, {6}, {4}, {2, 3}, {1}], [{8}, {6, 7}, {1, 5}, {4}, {2, 3}], [{8}, {6, 7}, {4, 5}, {1, 3}, {2}], [{8}, {6, 7}, {4, 5}, {2, 3}, {1}], [{8}, {6, 7}, {4, 5}, {3}, {1, 2}], [{8}, {6, 7}, {5}, {1, 4}, {2, 3}], [{8}, {6, 7}, {5}, {4}, {2, 3}, {1}], [{8}, {7}, {1, 6}, {2, 5}, {3, 4}], [{8}, {7}, {1, 6}, {2, 5}, {4}, {3}], [{8}, {7}, {1, 6}, {3, 5}, {2, 4}], [{8}, {7}, {1, 6}, {3, 5}, {4}, {2}], [{8}, {7}, {1, 6}, {4, 5}, {2, 3}], [{8}, {7}, {1, 6}, {5}, {4}, {2, 3}], [{8}, {7}, {4, 6}, {1, 5}, {2, 3}], [{8}, {7}, {4, 6}, {5}, {2, 3}, {1}], [{8}, {7}, {5, 6}, {1, 4}, {2, 3}], [{8}, {7}, {5, 6}, {2, 4}, {1, 3}], [{8}, {7}, {5, 6}, {3, 4}, {1, 2}], [{8}, {7}, {5, 6}, {4}, {1, 3}, {2}], [{8}, {7}, {5, 6}, {4}, {2, 3}, {1}], [{8}, {7}, {5, 6}, {4}, {3}, {1, 2}], [{8}, {7}, {6}, {1, 5}, {4}, {2, 3}], [{8}, {7}, {6}, {4, 5}, {2, 3}, {1}], [{8}, {7}, {6}, {5}, {1, 4}, {2, 3}], [{8}, {7}, {6}, {5}, {4}, {2, 3}, {1}]]",2,- 16 K_1^4 + 16 K_1^3 + 16 K_1^2 K_2 - 10 K_1^2 - 16 K_1 K_2 - 4 K_1 - 4 K_2^2 + 5 K_2 + 4 K_3 + 10,O1O2O3O4U3U5U6O7U8O6O8U2U4O5U1U7,O1O2O3U4U3U5U6O7O6U2O4O5U8U1O8U7,O1O2O3U4O5U3U5O6O7U2O8O4U8U6U1U7,c,{'O1O2O3O4U5U4O6U1U3O7O8U7O5U8U6U2'},1,"<a href=""/flatknot/8.850744"">8.850744</a>",t^9-25t^7-18t^6+98t^5+28t^4-84t^3-28t^2+16t,t^2-2t,,
8.850745,O1O2O3O4U5U4O6U1U6O7O8U2O5U3U7U8,4,3z^3+30z^2+90z+85,3w^4z^3-8w^4z^2+38w^3z^2-8w^3z+98w^2z+85w,False,False,"[[ 0 -2 -1  0  1 -1  1  0  2],[ 2  0  2  2  0 -1  1  1  1],[ 1 -2  0  0  0  0  0  1  2],[ 0 -2  0  0  1 -1  0  0  1],[-1  0  0 -1  0 -1  0 -1 -1],[ 1  1  0  1  1  0  1  0  1],[-1 -1  0  0  0 -1  0  0  0],[ 0 -1 -1  0  1  0  0  0  1],[-2 -1 -2 -1  1 -1  0 -1  0]]","[[ 0  2  1  1  0  0 -1 -1 -2],[-2  0  1  0 -1 -1 -1 -2 -1],[-1 -1  0  0 -1 -1 -1  0  0],[-1  0  0  0  0  0 -1  0 -1],[ 0  1  1  0  0  0  0 -1 -1],[ 0  1  1  0  0  0 -1  0 -2],[ 1  1  1  1  0  1  0  0  1],[ 1  2  0  0  1  0  0  0 -2],[ 2  1  0  1  1  2 -1  2  0]]",True,"[-2,-1,-1,0,0,1,1,2,-1,0,1,1,1,2,1,0,1,1,1,0,0,0,0,1,0,1,0,0,1,1,1,0,2,0,-1,2]","[-2,-1,-1,0,0,1,1,2,-1,0,1,1,1,2,1,0,1,1,1,0,0,0,0,1,0,1,0,0,1,1,1,0,2,0,-1,2]",t^8+26t^6+123t^4+47t^2,"[-2,-1,-1,0,0,1,1,2,-1,2,0,1,2,3,3,0,1,0,2,2,1,0,1,1,1,2,0,1,0,1,1,0,1,0,1,2]","[-2,-1,-1,0,0,1,1,2,1,2,1,1,1,2,3,0,1,1,2,1,2,0,0,2,1,3,0,0,1,1,1,0,0,0,-1,2]","[-2,-1,-1,0,0,1,1,2,-1,2,1,2,0,1,1,0,0,1,1,1,1,1,0,0,0,2,0,1,0,1,1,0,1,0,-1,0]",c,"[[{8, 3}, {1, 7}, {4, 6}, {2, 5}], [{8, 3}, {7}, {4, 6}, {2, 5}, {1}]]",1,- 8 K_1^4 + 32 K_1^3 + 12 K_1^2 K_2 - 20 K_1^2 - 28 K_1 K_2 - 4 K_1 K_3 - 10 K_1 - 2 K_2^2 + 10 K_2 + 6 K_3 + K_4 + 12,O1O2O3O4U5U6U2O7U3O5O6U8U4O8U1U7,O1O2O3U4U5U1U6O7O6U8O4O8U2U3O5U7,O1O2O3U4O5U1U2O6O7U6O8O4U8U3U5U7,c,{'O1O2O3O4U5U4O6U1U6O7O8U2O5U3U7U8'},1,"<a href=""/flatknot/8.850745"">8.850745</a>",t^9-26t^7-48t^6+33t^5+126t^4+109t^3-46t^2-152t-30,0,,
8.850746,O1O2O3O4U5U4O6U1U6O7O8U2O5U3U8U7,4,2z^3+22z^2+69z+67,-2w^5z^3+4w^4z^3-14w^4z^2+36w^3z^2-16w^3z+85w^2z+67w,False,False,"[[ 0 -2 -1  0  1 -1  1  1  1],[ 2  0  2  2  0 -1  1  1  1],[ 1 -2  0  0  0  0  0  2  1],[ 0 -2  0  0  1 -1  0  1  0],[-1  0  0 -1  0 -1  0 -1 -1],[ 1  1  0  1  1  0  1  0  1],[-1 -1  0  0  0 -1  0  0  0],[-1 -1 -2 -1  1  0  0  0  0],[-1 -1 -1  0  1 -1  0  0  0]]","[[ 0  1  1  1  1  0 -1 -1 -2],[-1  0  1  0  0  0 -1 -1 -1],[-1 -1  0  0 -1 -1  0 -1  0],[-1  0  0  0  0  0  0 -1 -1],[-1  0  1  0  0 -1 -2  0 -1],[ 0  0  1  0  1  0  0 -1 -2],[ 1  1  0  0  2  0  0  0 -2],[ 1  1  1  1  0  1  0  0  1],[ 2  1  0  1  1  2  2 -1  0]]",True,"[-1,-1,-1,-1,0,1,1,2,-1,0,0,0,1,1,1,0,1,1,0,1,0,0,0,0,1,1,1,2,0,1,0,1,2,0,2,-1]","[-2,-1,-1,0,1,1,1,1,-1,2,0,2,2,2,3,0,1,0,1,2,2,0,2,1,1,1,0,1,1,0,0,0,-1,0,-1,0]",t^8+25t^6+117t^4+45t^2+1,"[-2,-1,-1,0,1,1,1,1,-1,2,0,2,2,2,3,0,1,0,1,2,2,0,2,1,1,1,0,1,1,0,0,0,-1,0,-1,0]","[-1,-1,-1,-1,0,1,1,2,-1,-1,0,0,1,2,3,0,0,0,2,0,2,0,1,1,1,2,1,1,2,2,0,1,0,0,2,-1]","[-2,-1,-1,0,1,1,1,1,-1,2,2,0,1,1,1,0,1,1,0,1,1,0,0,2,0,1,1,1,0,0,-1,0,-1,0,0,0]",c,"[[{8, 3}, {1, 7}, {4, 6}, {2, 5}]]",1,- 6 K_1^2 - 4 K_1 K_2 + 2 K_1 + 3 K_2 + 2 K_3 + 4,O1O2O3O4U5U6U2O7U3O6O5U8U4O8U1U7,O1O2O3U4U5U1U6O7O6U8O4O8U3U2O5U7,O1O2O3U4O5U2U1O6O7U6O8O4U8U3U5U7,c,{'O1O2O3O4U5U4O6U1U6O7O8U2O5U3U8U7'},1,"<a href=""/flatknot/8.850746"">8.850746</a>",t^9-27t^7-38t^6+80t^5+102t^4-16t^3-44t^2-98t+40,t^2-2t,,
8.850747,O1O2O3O4U5U4O6U1U6O7O8U2O5U7U3U8,4,18z^2+95z+119,18w^3z^2-8w^3z+103w^2z+119w,False,False,"[[ 0 -2 -1  1  1 -1  1 -1  2],[ 2  0  2  2  0 -1  1  0  1],[ 1 -2  0  1  0  0  0  0  2],[-1 -2 -1  0  1 -1  0 -1  1],[-1  0  0 -1  0 -1  0 -1 -1],[ 1  1  0  1  1  0  1 -1  1],[-1 -1  0  0  0 -1  0  0  0],[ 1  0  0  1  1  1  0  0  1],[-2 -1 -2 -1  1 -1  0 -1  0]]","[[ 0  2  1  1  1 -1 -1 -1 -2],[-2  0  1  0 -1 -1 -1 -2 -1],[-1 -1  0  0 -1 -1 -1  0  0],[-1  0  0  0  0  0 -1  0 -1],[-1  1  1  0  0 -1 -1 -1 -2],[ 1  1  1  0  1  0  1  0  0],[ 1  1  1  1  1 -1  0  0  1],[ 1  2  0  0  1  0  0  0 -2],[ 2  1  0  1  2  0 -1  2  0]]",True,"[-2,-1,-1,-1,1,1,1,2,-1,0,1,1,1,2,1,0,1,1,1,0,0,0,0,1,0,1,1,1,1,2,-1,0,0,0,-1,2]","[-2,-1,-1,-1,1,1,1,2,-1,0,1,1,1,2,1,0,1,1,1,0,0,0,0,1,0,1,1,1,1,2,-1,0,0,0,-1,2]",t^8+27t^6+144t^4+62t^2,"[-2,-1,-1,-1,1,1,1,2,-1,1,2,1,2,3,3,0,0,1,2,2,1,-1,1,2,1,2,1,1,1,2,0,-1,0,0,1,2]","[-2,-1,-1,-1,1,1,1,2,0,1,2,1,2,2,3,0,1,1,1,1,1,0,2,1,2,2,2,1,1,3,0,0,-1,-1,2,1]","[-2,-1,-1,-1,1,1,1,2,-1,0,2,0,1,2,1,-1,0,1,1,1,1,0,1,0,1,1,0,0,1,2,0,-1,-1,0,0,1]",c,"[[{8, 1}, {4, 7}, {2, 6}, {3, 5}], [{8, 1}, {4, 7}, {3, 6}, {2, 5}], [{8, 1}, {4, 7}, {5, 6}, {2, 3}]]",1,8 K_1^2 K_2 - 8 K_1^2 - 12 K_1 K_2 - 12 K_1 K_3 + 6 K_1 - 4 K_2^2 + 6 K_2 + 6 K_3 + 6 K_4 + 5,O1O2O3O4U5U2U6O7U3O5O6U8U4O8U1U7,O1O2O3U4U5U2U6O7O6U8O4O8U1U3O5U7,O1O2O3U4O5U1U3O6O7U6O8O4U8U2U5U7,c,{'O1O2O3O4U5U4O6U1U6O7O8U2O5U7U3U8'},1,"<a href=""/flatknot/8.850747"">8.850747</a>",t^9-27t^7-56t^6+40t^5+178t^4+125t^3-40t^2-123t-66,0,,
8.850748,O1O2O3O4U5U4O6U1U6O7O8U2O5U7U8U3,3,12z^2+61z+75,-10w^4z^2+22w^3z^2-22w^3z+83w^2z+75w,False,False,"[[ 0 -2 -1  2  1 -1  1 -1  1],[ 2  0  2  2  0 -1  1  0  0],[ 1 -2  0  2  0  0  0  0  1],[-2 -2 -2  0  1 -1  0 -2  0],[-1  0  0 -1  0 -1  0 -1 -1],[ 1  1  0  1  1  0  1 -1  0],[-1 -1  0  0  0 -1  0  0  0],[ 1  0  0  2  1  1  0  0  1],[-1  0 -1  0  1  0  0 -1  0]]","[[ 0  2  1  1  1 -1 -1 -1 -2],[-2  0  1  0  0 -1 -2 -2 -2],[-1 -1  0  0 -1 -1  0 -1  0],[-1  0  0  0  0 -1  0  0 -1],[-1  0  1  0  0  0 -1 -1  0],[ 1  1  1  1  0  0  0 -1  1],[ 1  2  0  0  1  0  0  0 -2],[ 1  2  1  0  1  1  0  0  0],[ 2  2  0  1  0 -1  2  0  0]]",True,"[-2,-1,-1,-1,1,1,1,2,-1,0,0,1,2,2,2,0,1,1,0,1,0,0,1,0,0,1,0,1,1,0,0,1,-1,0,2,0]","[-2,-1,-1,-1,1,1,1,2,-1,0,0,1,2,2,2,0,1,1,0,1,0,0,1,0,0,1,0,1,1,0,0,1,-1,0,2,0]",t^8+27t^6+154t^4+38t^2,"[-2,-1,-1,-1,1,1,1,2,-1,1,2,2,3,3,2,0,0,2,1,2,1,-1,2,1,1,1,1,2,1,2,0,0,1,-1,1,2]","[-2,-1,-1,-1,1,1,1,2,1,1,2,1,1,2,2,0,0,2,2,1,2,1,1,1,2,3,1,2,1,3,0,1,1,0,-1,2]","[-2,-1,-1,-1,1,1,1,2,-1,0,2,0,0,1,2,-1,0,0,1,1,1,0,1,1,0,2,1,0,0,2,1,0,0,0,-1,0]",c,"[[{8, 2}, {4, 7}, {5, 6}, {1, 3}], [{8, 5}, {4, 7}, {2, 6}, {1, 3}], [{8, 7}, {2, 6}, {4, 5}, {1, 3}], [{8, 7}, {5, 6}, {2, 4}, {1, 3}]]",1,- 16 K_1^4 + 24 K_1^3 + 16 K_1^2 K_2 - 16 K_1^2 - 24 K_1 K_2 - 4 K_1 K_3 - 6 K_1 + 10 K_2 + 6 K_3 + 11,O1O2O3O4U2U5U6O7U3O5O6U8U4O8U1U7,O1O2O3U4U5U3U6O7O6U8O4O8U1U2O5U7,O1O2O3U4O5U2U3O6O7U6O8O4U8U1U5U7,c,{'O1O2O3O4U5U4O6U1U6O7O8U2O5U7U8U3'},1,"<a href=""/flatknot/8.850748"">8.850748</a>",t^9-27t^7-44t^6+90t^5+198t^4+22t^3-148t^2-112t-32,0,,
8.850749,O1O2O3O4U5U4O6U1U6O7O8U2O5U8U3U7,4,z^3+20z^2+102z+133,w^4z^3+20w^3z^2+102w^2z+133w,False,False,"[[ 0 -2 -1  1  1 -1  1  1  0],[ 2  0  2  2  0 -1  1  1  0],[ 1 -2  0  1  0  0  0  2  0],[-1 -2 -1  0  1 -1  0  0 -1],[-1  0  0 -1  0 -1  0 -1 -1],[ 1  1  0  1  1  0  1  0  0],[-1 -1  0  0  0 -1  0  0  0],[-1 -1 -2  0  1  0  0  0  0],[ 0  0  0  1  1  0  0  0  0]]","[[ 0  1  1  1  1  0 -1 -1 -2],[-1  0  1  0  0  0  0 -2 -1],[-1 -1  0  0 -1 -1 -1  0  0],[-1  0  0  0  0  0 -1  0 -1],[-1  0  1  0  0 -1 -1 -1 -2],[ 0  0  1  0  1  0  0  0  0],[ 1  0  1  1  1  0  0  0  1],[ 1  2  0  0  1  0  0  0 -2],[ 2  1  0  1  2  0 -1  2  0]]",True,"[-1,-1,-1,-1,0,1,1,2,-1,0,0,0,0,2,1,0,1,1,1,0,0,0,0,1,0,1,1,1,1,2,0,0,0,0,-1,2]","[-2,-1,-1,0,1,1,1,1,-1,2,0,0,1,1,2,0,0,1,0,1,1,0,0,2,0,1,1,0,0,1,-1,0,-1,0,0,0]",t^8+23t^6+111t^4+53t^2+1,"[-2,-1,-1,0,1,1,1,1,-1,2,2,1,2,2,3,0,1,1,0,2,2,1,1,2,1,1,0,1,1,0,0,0,-1,0,-1,0]","[-1,-1,-1,-1,0,1,1,2,-1,-1,0,0,1,2,3,0,0,0,1,1,1,0,1,2,0,2,1,1,2,2,1,1,2,0,2,-1]","[-2,-1,-1,0,1,1,1,1,-1,2,0,0,1,1,2,0,0,1,0,1,1,0,0,2,0,1,1,0,0,1,-1,0,-1,0,0,0]",c,"[[{8, 1}, {2, 7}, {3, 6}, {4, 5}], [{8, 1}, {2, 7}, {4, 6}, {3, 5}], [{8, 1}, {2, 7}, {5, 6}, {3, 4}], [{8, 1}, {2, 7}, {5, 6}, {4}, {3}], [{8, 1}, {3, 7}, {2, 6}, {4, 5}], [{8, 1}, {3, 7}, {4, 6}, {2, 5}], [{8, 1}, {3, 7}, {5, 6}, {2, 4}], [{8, 1}, {4, 7}, {2, 6}, {3, 5}], [{8, 1}, {4, 7}, {2, 6}, {5}, {3}], [{8, 1}, {4, 7}, {3, 6}, {2, 5}], [{8, 1}, {4, 7}, {5, 6}, {2, 3}], [{8, 1}, {4, 7}, {6}, {3, 5}, {2}], [{8, 1}, {5, 7}, {2, 6}, {3, 4}], [{8, 1}, {5, 7}, {3, 6}, {2, 4}], [{8, 1}, {5, 7}, {4, 6}, {2, 3}], [{8, 1}, {5, 7}, {6}, {2, 4}, {3}], [{8, 1}, {6, 7}, {2, 5}, {3, 4}], [{8, 1}, {6, 7}, {3, 5}, {2, 4}], [{8, 1}, {6, 7}, {4, 5}, {2, 3}], [{8, 1}, {6, 7}, {4, 5}, {3}, {2}], [{8, 1}, {7}, {4, 6}, {2, 5}, {3}], [{8, 2}, {1, 7}, {3, 6}, {4, 5}], [{8, 2}, {1, 7}, {4, 6}, {3, 5}], [{8, 2}, {1, 7}, {5, 6}, {3, 4}], [{8, 2}, {1, 7}, {5, 6}, {4}, {3}], [{8, 2}, {3, 7}, {1, 6}, {4, 5}], [{8, 2}, {3, 7}, {4, 6}, {1, 5}], [{8, 2}, {3, 7}, {5, 6}, {1, 4}], [{8, 2}, {4, 7}, {1, 6}, {3, 5}], [{8, 2}, {4, 7}, {3, 6}, {1, 5}], [{8, 2}, {4, 7}, {5, 6}, {1, 3}], [{8, 2}, {5, 7}, {1, 6}, {3, 4}], [{8, 2}, {5, 7}, {3, 6}, {1, 4}], [{8, 2}, {5, 7}, {4, 6}, {1, 3}], [{8, 2}, {6, 7}, {1, 5}, {3, 4}], [{8, 2}, {6, 7}, {3, 5}, {1, 4}], [{8, 2}, {6, 7}, {4, 5}, {1, 3}], [{8, 3}, {1, 7}, {2, 6}, {4, 5}], [{8, 3}, {1, 7}, {2, 6}, {5}, {4}], [{8, 3}, {1, 7}, {4, 6}, {2, 5}], [{8, 3}, {1, 7}, {5, 6}, {2, 4}], [{8, 3}, {1, 7}, {5, 6}, {4}, {2}], [{8, 3}, {1, 7}, {6}, {2, 5}, {4}], [{8, 3}, {2, 7}, {1, 6}, {4, 5}], [{8, 3}, {2, 7}, {4, 6}, {1, 5}], [{8, 3}, {2, 7}, {5, 6}, {1, 4}], [{8, 3}, {2, 7}, {5, 6}, {4}, {1}], [{8, 3}, {4, 7}, {1, 6}, {2, 5}], [{8, 3}, {4, 7}, {2, 6}, {1, 5}], [{8, 3}, {4, 7}, {5, 6}, {1, 2}], [{8, 3}, {4, 7}, {6}, {2, 5}, {1}], [{8, 3}, {5, 7}, {1, 6}, {2, 4}], [{8, 3}, {5, 7}, {2, 6}, {1, 4}], [{8, 3}, {5, 7}, {4, 6}, {1, 2}], [{8, 3}, {6, 7}, {1, 5}, {2, 4}], [{8, 3}, {6, 7}, {2, 5}, {1, 4}], [{8, 3}, {6, 7}, {4, 5}, {1, 2}], [{8, 3}, {7}, {1, 6}, {4, 5}, {2}], [{8, 3}, {7}, {2, 6}, {4, 5}, {1}], [{8, 3}, {7}, {4, 6}, {5}, {1, 2}], [{8, 3}, {7}, {5, 6}, {4}, {1, 2}], [{8, 3}, {7}, {6}, {1, 5}, {2, 4}], [{8, 3}, {7}, {6}, {2, 5}, {1, 4}], [{8, 3}, {7}, {6}, {4, 5}, {1, 2}], [{8, 4}, {1, 7}, {2, 6}, {3, 5}], [{8, 4}, {1, 7}, {2, 6}, {5}, {3}], [{8, 4}, {1, 7}, {3, 6}, {2, 5}], [{8, 4}, {1, 7}, {3, 6}, {5}, {2}], [{8, 4}, {1, 7}, {5, 6}, {2, 3}], [{8, 4}, {1, 7}, {5, 6}, {3}, {2}], [{8, 4}, {1, 7}, {6}, {2, 5}, {3}], [{8, 4}, {1, 7}, {6}, {3, 5}, {2}], [{8, 4}, {1, 7}, {6}, {5}, {2, 3}], [{8, 4}, {1, 7}, {6}, {5}, {3}, {2}], [{8, 4}, {2, 7}, {1, 6}, {3, 5}], [{8, 4}, {2, 7}, {3, 6}, {1, 5}], [{8, 4}, {2, 7}, {3, 6}, {5}, {1}], [{8, 4}, {2, 7}, {5, 6}, {1, 3}], [{8, 4}, {2, 7}, {5, 6}, {3}, {1}], [{8, 4}, {2, 7}, {6}, {3, 5}, {1}], [{8, 4}, {3, 7}, {1, 6}, {2, 5}], [{8, 4}, {3, 7}, {1, 6}, {5}, {2}], [{8, 4}, {3, 7}, {2, 6}, {1, 5}], [{8, 4}, {3, 7}, {5, 6}, {1, 2}], [{8, 4}, {5, 7}, {1, 6}, {2, 3}], [{8, 4}, {5, 7}, {2, 6}, {1, 3}], [{8, 4}, {5, 7}, {3, 6}, {1, 2}], [{8, 4}, {5, 7}, {3, 6}, {2}, {1}], [{8, 4}, {6, 7}, {1, 5}, {2, 3}], [{8, 4}, {6, 7}, {2, 5}, {1, 3}], [{8, 4}, {6, 7}, {3, 5}, {1, 2}], [{8, 4}, {6, 7}, {5}, {1, 3}, {2}], [{8, 4}, {7}, {3, 6}, {1, 5}, {2}], [{8, 4}, {7}, {3, 6}, {2, 5}, {1}], [{8, 4}, {7}, {3, 6}, {5}, {1, 2}], [{8, 4}, {7}, {3, 6}, {5}, {2}, {1}], [{8, 4}, {7}, {5, 6}, {3}, {1, 2}], [{8, 4}, {7}, {6}, {3, 5}, {1, 2}], [{8, 5}, {1, 7}, {2, 6}, {3, 4}], [{8, 5}, {1, 7}, {3, 6}, {2, 4}], [{8, 5}, {1, 7}, {4, 6}, {2, 3}], [{8, 5}, {1, 7}, {4, 6}, {3}, {2}], [{8, 5}, {2, 7}, {1, 6}, {3, 4}], [{8, 5}, {2, 7}, {3, 6}, {1, 4}], [{8, 5}, {2, 7}, {4, 6}, {1, 3}], [{8, 5}, {3, 7}, {1, 6}, {2, 4}], [{8, 5}, {3, 7}, {2, 6}, {1, 4}], [{8, 5}, {3, 7}, {4, 6}, {1, 2}], [{8, 5}, {3, 7}, {6}, {2, 4}, {1}], [{8, 5}, {4, 7}, {1, 6}, {2, 3}], [{8, 5}, {4, 7}, {2, 6}, {1, 3}], [{8, 5}, {4, 7}, {3, 6}, {1, 2}], [{8, 5}, {6, 7}, {1, 4}, {2, 3}], [{8, 5}, {6, 7}, {2, 4}, {1, 3}], [{8, 5}, {6, 7}, {3, 4}, {1, 2}], [{8, 5}, {7}, {1, 6}, {2, 4}, {3}], [{8, 5}, {7}, {2, 6}, {1, 4}, {3}], [{8, 5}, {7}, {4, 6}, {2, 3}, {1}], [{8, 6}, {1, 7}, {2, 5}, {3, 4}], [{8, 6}, {1, 7}, {3, 5}, {2, 4}], [{8, 6}, {1, 7}, {4, 5}, {2, 3}], [{8, 6}, {1, 7}, {4, 5}, {3}, {2}], [{8, 6}, {2, 7}, {1, 5}, {3, 4}], [{8, 6}, {2, 7}, {3, 5}, {1, 4}], [{8, 6}, {2, 7}, {4, 5}, {1, 3}], [{8, 6}, {3, 7}, {1, 5}, {2, 4}], [{8, 6}, {3, 7}, {2, 5}, {1, 4}], [{8, 6}, {3, 7}, {4, 5}, {1, 2}], [{8, 6}, {3, 7}, {5}, {2, 4}, {1}], [{8, 6}, {4, 7}, {1, 5}, {2, 3}], [{8, 6}, {4, 7}, {2, 5}, {1, 3}], [{8, 6}, {4, 7}, {3, 5}, {1, 2}], [{8, 6}, {5, 7}, {1, 4}, {2, 3}], [{8, 6}, {5, 7}, {2, 4}, {1, 3}], [{8, 6}, {5, 7}, {3, 4}, {1, 2}], [{8, 6}, {7}, {2, 5}, {4}, {1, 3}], [{8, 7}, {1, 6}, {2, 5}, {3, 4}], [{8, 7}, {1, 6}, {3, 5}, {2, 4}], [{8, 7}, {1, 6}, {4, 5}, {2, 3}], [{8, 7}, {2, 6}, {1, 5}, {3, 4}], [{8, 7}, {2, 6}, {3, 5}, {1, 4}], [{8, 7}, {2, 6}, {4, 5}, {1, 3}], [{8, 7}, {3, 6}, {1, 5}, {2, 4}], [{8, 7}, {3, 6}, {2, 5}, {1, 4}], [{8, 7}, {3, 6}, {4, 5}, {1, 2}], [{8, 7}, {4, 6}, {1, 5}, {2, 3}], [{8, 7}, {4, 6}, {2, 5}, {1, 3}], [{8, 7}, {4, 6}, {3, 5}, {1, 2}], [{8, 7}, {4, 6}, {5}, {1, 3}, {2}], [{8, 7}, {5, 6}, {1, 4}, {2, 3}], [{8, 7}, {5, 6}, {2, 4}, {1, 3}], [{8, 7}, {5, 6}, {3, 4}, {1, 2}], [{8, 7}, {5, 6}, {4}, {3}, {1, 2}], [{8, 7}, {6}, {2, 5}, {4}, {1, 3}], [{8}, {1, 7}, {2, 6}, {5}, {3, 4}], [{8}, {1, 7}, {5, 6}, {2, 4}, {3}], [{8}, {1, 7}, {5, 6}, {3, 4}, {2}], [{8}, {1, 7}, {5, 6}, {4}, {2, 3}], [{8}, {1, 7}, {5, 6}, {4}, {3}, {2}], [{8}, {1, 7}, {6}, {2, 5}, {3, 4}], [{8}, {2, 7}, {5, 6}, {1, 4}, {3}], [{8}, {2, 7}, {5, 6}, {3, 4}, {1}], [{8}, {2, 7}, {5, 6}, {4}, {1, 3}], [{8}, {2, 7}, {5, 6}, {4}, {3}, {1}], [{8}, {3, 7}, {4, 6}, {2, 5}, {1}], [{8}, {3, 7}, {5, 6}, {1, 4}, {2}], [{8}, {3, 7}, {5, 6}, {2, 4}, {1}], [{8}, {3, 7}, {5, 6}, {4}, {1, 2}], [{8}, {4, 7}, {5, 6}, {1, 3}, {2}], [{8}, {4, 7}, {5, 6}, {2, 3}, {1}], [{8}, {4, 7}, {5, 6}, {3}, {1, 2}], [{8}, {6, 7}, {1, 5}, {2, 4}, {3}], [{8}, {6, 7}, {2, 5}, {1, 4}, {3}], [{8}, {6, 7}, {2, 5}, {3, 4}, {1}], [{8}, {6, 7}, {2, 5}, {4}, {1, 3}], [{8}, {7}, {1, 6}, {2, 5}, {3, 4}], [{8}, {7}, {5, 6}, {1, 4}, {2, 3}], [{8}, {7}, {5, 6}, {2, 4}, {1, 3}], [{8}, {7}, {5, 6}, {3, 4}, {1, 2}], [{8}, {7}, {5, 6}, {4}, {3}, {1, 2}]]",2,16 K_1^3 - 26 K_1^2 - 20 K_1 K_2 - 2 K_1 + 13 K_2 + 6 K_3 + 14,O1O2O3O4U5U2U6O7U3O6O5U8U4O8U1U7,O1O2O3U4U5U2U6O7O6U8O4O8U3U1O5U7,O1O2O3U4O5U3U1O6O7U6O8O4U8U2U5U7,c,{'O1O2O3O4U5U4O6U1U6O7O8U2O5U8U3U7'},1,"<a href=""/flatknot/8.850749"">8.850749</a>",t^9-25t^7-34t^6+90t^5+140t^4-46t^3-122t^2-88t-30,t^2-2t,,
8.850750,O1O2O3O4U5U4O6U1U6O7O8U2O5U8U7U3,4,24z^2+105z+115,24w^3z^2+105w^2z+115w,False,False,"[[ 0 -2 -1  2  1 -1  1  0  0],[ 2  0  2  2  0 -1  1  0  0],[ 1 -2  0  2  0  0  0  1  0],[-2 -2 -2  0  1 -1  0 -1 -1],[-1  0  0 -1  0 -1  0 -1 -1],[ 1  1  0  1  1  0  1 -1  0],[-1 -1  0  0  0 -1  0  0  0],[ 0  0 -1  1  1  1  0  0  0],[ 0  0  0  1  1  0  0  0  0]]","[[ 0  2  1  1  0  0 -1 -1 -2],[-2  0  1  0 -1 -1 -1 -2 -2],[-1 -1  0  0 -1 -1 -1  0  0],[-1  0  0  0  0  0 -1  0 -1],[ 0  1  1  0  0  0  1 -1  0],[ 0  1  1  0  0  0  0  0  0],[ 1  1  1  1 -1  0  0  0  1],[ 1  2  0  0  1  0  0  0 -2],[ 2  2  0  1  0  0 -1  2  0]]",True,"[-2,-1,-1,0,0,1,1,2,-1,0,1,1,1,2,2,0,1,1,1,0,0,0,0,1,0,1,0,-1,1,0,0,0,0,0,-1,2]","[-2,-1,-1,0,0,1,1,2,-1,0,1,1,1,2,2,0,1,1,1,0,0,0,0,1,0,1,0,-1,1,0,0,0,0,0,-1,2]",t^8+24t^6+133t^4+50t^2,"[-2,-1,-1,0,0,1,1,2,-1,2,2,2,2,3,2,0,0,1,2,2,1,2,1,1,1,2,0,1,0,1,1,0,1,0,1,2]","[-2,-1,-1,0,0,1,1,2,1,2,1,1,1,2,2,0,1,1,2,1,2,0,0,2,1,3,0,0,2,2,1,1,2,0,-1,2]","[-2,-1,-1,0,0,1,1,2,-1,2,0,0,0,1,2,0,-1,0,1,1,1,1,0,0,0,2,0,1,0,1,1,0,1,0,-1,0]",c,"[[{8, 7}, {2, 6}, {4, 5}, {1, 3}], [{8, 7}, {5, 6}, {2, 4}, {1, 3}]]",1,- 4 K_1^2 - 4 K_1 K_2 + 2 K_1 + 2 K_2 + 2 K_3 + 3,O1O2O3O4U2U5U6O7U3O6O5U8U4O8U1U7,O1O2O3U4U5U3U6O7O6U8O4O8U2U1O5U7,O1O2O3U4O5U3U2O6O7U6O8O4U8U1U5U7,c,{'O1O2O3O4U5U4O6U1U6O7O8U2O5U8U7U3'},1,"<a href=""/flatknot/8.850750"">8.850750</a>",t^9-24t^7-44t^6+61t^5+192t^4+52t^3-152t^2-78t,0,,
8.850751,O1O2O3O4U5U4O6U1U6O7O8U3O5U2U7U8,4,4z^3+40z^2+113z+99,4w^4z^3+40w^3z^2+113w^2z+99w,False,False,"[[ 0 -2 -1  0  1 -1  1  0  2],[ 2  0  2  2  0 -1  1  1  1],[ 1 -2  0  1  1 -1  0  1  2],[ 0 -2 -1  0  0 -1  0  0  1],[-1  0 -1  0  0 -1  0 -1 -1],[ 1  1  1  1  1  0  1  0  1],[-1 -1  0  0  0 -1  0  0  0],[ 0 -1 -1  0  1  0  0  0  1],[-2 -1 -2 -1  1 -1  0 -1  0]]","[[ 0  2  1  1  0  0 -1 -1 -2],[-2  0  1  0 -1 -1 -1 -2 -1],[-1 -1  0  0  0 -1 -1 -1  0],[-1  0  0  0  0  0 -1  0 -1],[ 0  1  0  0  0  0 -1 -1 -2],[ 0  1  1  0  0  0  0 -1 -1],[ 1  1  1  1  1  0  0  1  1],[ 1  2  1  0  1  1 -1  0 -2],[ 2  1  0  1  2  1 -1  2  0]]",True,"[-2,-1,-1,0,0,1,1,2,-1,0,1,1,1,2,1,0,0,1,1,1,0,0,0,1,0,1,0,1,1,2,0,1,1,-1,-1,2]","[-2,-1,-1,0,0,1,1,2,-1,0,1,1,1,2,1,0,0,1,1,1,0,0,0,1,0,1,0,1,1,2,0,1,1,-1,-1,2]",t^8+28t^6+109t^4+36t^2+1,"[-2,-1,-1,0,0,1,1,2,-1,2,0,1,2,3,3,1,0,0,2,1,1,0,1,1,1,2,0,1,1,1,1,0,1,0,1,2]","[-2,-1,-1,0,0,1,1,2,1,2,1,1,1,2,3,0,1,1,2,1,2,0,1,1,1,3,0,0,1,1,0,0,0,-1,-1,2]","[-2,-1,-1,0,0,1,1,2,-1,2,1,2,0,1,1,1,0,1,1,1,1,1,1,1,0,2,0,1,0,1,0,0,1,0,-1,0]",c,"[[{8, 1}, {3, 7}, {5, 6}, {2, 4}], [{8, 1}, {7}, {5, 6}, {2, 4}, {3}], [{8, 2}, {1, 7}, {4, 6}, {3, 5}], [{8, 4}, {1, 7}, {2, 6}, {3, 5}]]",1,- 8 K_1^4 + 32 K_1^3 + 12 K_1^2 K_2 - 20 K_1^2 - 28 K_1 K_2 - 4 K_1 K_3 - 10 K_1 - 2 K_2^2 + 10 K_2 + 6 K_3 + K_4 + 12,O1O2O3O4U5U6U3O7U2O5O6U8U4O8U1U7,O1O2O3U4U1U5U6O7O6U8O4O8U2U3O5U7,O1O2O3U4O5U1U2O6O7U6O8O4U8U5U3U7,c,{'O1O2O3O4U5U4O6U1U6O7O8U3O5U2U7U8'},1,"<a href=""/flatknot/8.850751"">8.850751</a>",t^9-28t^7-76t^6-49t^5+60t^4+146t^3+132t^2+35t+4,0,,
8.850752,O1O2O3O4U5U4O6U1U6O7O8U3O5U2U8U7,3,17z^2+62z+57,4w^5z^2-20w^4z^2+33w^3z^2-18w^3z+80w^2z+57w,False,False,"[[ 0 -2 -1  0  1 -1  1  1  1],[ 2  0  2  2  0 -1  1  1  1],[ 1 -2  0  1  1 -1  0  2  1],[ 0 -2 -1  0  0 -1  0  1  0],[-1  0 -1  0  0 -1  0 -1 -1],[ 1  1  1  1  1  0  1  0  1],[-1 -1  0  0  0 -1  0  0  0],[-1 -1 -2 -1  1  0  0  0  0],[-1 -1 -1  0  1 -1  0  0  0]]","[[ 0  1  1  1  1  0 -1 -1 -2],[-1  0  1  0  0  0 -1 -1 -1],[-1 -1  0  0 -1  0 -1 -1  0],[-1  0  0  0  0  0  0 -1 -1],[-1  0  1  0  0 -1 -2  0 -1],[ 0  0  0  0  1  0 -1 -1 -2],[ 1  1  1  0  2  1  0 -1 -2],[ 1  1  1  1  0  1  1  0  1],[ 2  1  0  1  1  2  2 -1  0]]",True,"[-1,-1,-1,-1,0,1,1,2,-1,0,0,0,1,1,1,0,1,0,1,1,0,0,0,0,1,1,1,2,0,1,1,1,2,1,2,-1]","[-2,-1,-1,0,1,1,1,1,-1,2,0,2,2,2,3,1,0,0,1,2,1,0,2,1,1,1,0,1,1,1,0,0,-1,0,-1,0]",t^8+27t^6+101t^4+32t^2,"[-2,-1,-1,0,1,1,1,1,-1,2,0,2,2,2,3,1,0,0,1,2,1,0,2,1,1,1,0,1,1,1,0,0,-1,0,-1,0]","[-1,-1,-1,-1,0,1,1,2,-1,-1,0,1,1,1,3,0,0,0,0,2,2,0,1,1,1,2,1,2,1,2,0,0,0,-1,-1,2]","[-2,-1,-1,0,1,1,1,1,-1,2,2,0,1,1,1,1,1,1,0,1,1,1,1,2,0,1,0,1,0,0,-1,0,-1,0,0,0]",c,"[[{8, 2}, {1, 7}, {4, 6}, {3, 5}], [{8, 4}, {1, 7}, {2, 6}, {3, 5}]]",1,8 K_1^3 - 6 K_1^2 - 12 K_1 K_2 + 3 K_2 + 4 K_3 + 4,O1O2O3O4U5U6U3O7U2O6O5U8U4O8U1U7,O1O2O3U4U1U5U6O7O6U8O4O8U3U2O5U7,O1O2O3U4O5U2U1O6O7U6O8O4U8U5U3U7,c,{'O1O2O3O4U5U4O6U1U6O7O8U3O5U2U8U7'},1,"<a href=""/flatknot/8.850752"">8.850752</a>",t^9-29t^7-64t^6+12t^5+84t^4+27t^3+22t^2-24t-32,t^2-2t,,
8.850753,O1O2O3O4U5U4O6U1U6O7O8U3O5U7U2U8,4,14z^2+83z+111,-6w^4z^2+20w^3z^2-10w^3z+93w^2z+111w,False,False,"[[ 0 -2  0  0  1 -1  1 -1  2],[ 2  0  2  2  0 -1  1  0  1],[ 0 -2  0  0  1 -1  0  0  2],[ 0 -2  0  0  0 -1  0  0  1],[-1  0 -1  0  0 -1  0 -1 -1],[ 1  1  1  1  1  0  1 -1  1],[-1 -1  0  0  0 -1  0  0  0],[ 1  0  0  0  1  1  0  0  1],[-2 -1 -2 -1  1 -1  0 -1  0]]","[[ 0  2  1  1  0  0 -1 -1 -2],[-2  0  1  0 -1 -2 -1 -1 -1],[-1 -1  0  0  0 -1 -1 -1  0],[-1  0  0  0  0  0  0 -1 -1],[ 0  1  0  0  0  0  0 -1 -2],[ 0  2  1  0  0  0  0 -1 -2],[ 1  1  1  0  0  0  0  1  0],[ 1  1  1  1  1  1 -1  0  1],[ 2  1  0  1  2  2  0 -1  0]]",True,"[-2,-1,-1,0,0,1,1,2,-1,0,1,2,1,1,1,0,0,1,1,1,0,0,0,0,1,1,0,0,1,2,0,1,2,-1,0,-1]","[-2,-1,-1,0,0,1,1,2,-1,0,1,2,1,1,1,0,0,1,1,1,0,0,0,0,1,1,0,0,1,2,0,1,2,-1,0,-1]",t^8+26t^6+127t^4+25t^2+1,"[-2,-1,-1,0,0,1,1,2,1,2,0,0,2,3,3,-1,1,1,2,1,2,0,0,1,1,2,0,1,0,0,1,1,1,0,1,2]","[-2,-1,-1,0,0,1,1,2,1,2,0,1,2,2,3,0,1,1,1,2,2,0,1,1,1,3,0,0,1,0,0,1,0,-1,2,1]","[-2,-1,-1,0,0,1,1,2,-1,0,2,2,0,1,1,-1,1,1,1,1,1,0,0,1,0,1,0,0,0,1,1,0,2,0,-1,0]",c,"[[{8, 1}, {2, 7}, {4, 6}, {3, 5}]]",1,20 K_1^3 + 12 K_1^2 K_2 - 26 K_1^2 - 20 K_1 K_2 - 14 K_1 K_3 - 5 K_1 - 2 K_2^2 + 14 K_2 + 5 K_3 + 5 K_4 + 12,O1O2O3O4U5U3U6O7U2O5O6U8U4O8U1U7,O1O2O3U4U2U5U6O7O6U8O4O8U1U3O5U7,O1O2O3U4O5U1U3O6O7U6O8O4U8U5U2U7,c,{'O1O2O3O4U5U4O6U1U6O7O8U3O5U7U2U8'},1,"<a href=""/flatknot/8.850753"">8.850753</a>",t^9-26t^7-46t^6+33t^5+116t^4+47t^3-62t^2-47t-4,0,,
8.850754,O1O2O3O4U5U4O6U1U6O7O8U3O5U7U8U2,4,2z^3+24z^2+71z+63,2w^4z^3+24w^3z^2+71w^2z+63w,False,False,"[[ 0 -2  1  0  1 -1  1 -1  1],[ 2  0  2  2  0 -1  1  0  0],[-1 -2  0 -1  1 -1  0 -1  1],[ 0 -2  1  0  0 -1  0  0  1],[-1  0 -1  0  0 -1  0 -1 -1],[ 1  1  1  1  1  0  1 -1  0],[-1 -1  0  0  0 -1  0  0  0],[ 1  0  1  0  1  1  0  0  1],[-1  0 -1 -1  1  0  0 -1  0]]","[[ 0  1  1  1  1  0 -1 -1 -2],[-1  0  1  1  0 -1 -1 -1 -2],[-1 -1  0  1  0 -1  0 -1  0],[-1 -1 -1  0  0  0 -1 -1  0],[-1  0  0  0  0  0 -1  0 -1],[ 0  1  1  0  0  0 -1  0 -2],[ 1  1  0  1  1  1  0 -1  1],[ 1  1  1  1  0  0  1  0  0],[ 2  2  0  0  1  2 -1  0  0]]",True,"[-1,-1,-1,-1,0,1,1,2,-1,-1,0,1,1,1,2,-1,0,1,0,1,0,0,0,1,1,0,0,1,0,1,1,0,2,1,-1,0]","[-2,-1,-1,0,1,1,1,1,-1,0,2,0,0,1,2,-1,1,0,1,1,1,0,1,1,0,1,1,0,0,1,1,0,-1,0,-1,0]",t^8+23t^6+113t^4+11t^2,"[-2,-1,-1,0,1,1,1,1,1,2,0,1,2,3,3,-1,1,1,2,1,1,0,1,1,1,2,0,1,1,0,0,-1,-1,0,0,1]","[-1,-1,-1,-1,0,1,1,2,-1,-1,0,1,1,1,3,-1,0,0,1,2,3,0,0,1,1,1,1,2,1,2,1,0,0,1,1,2]","[-2,-1,-1,0,1,1,1,1,-1,0,2,0,0,1,2,-1,1,0,1,1,1,0,1,1,0,1,1,0,0,1,1,0,-1,0,-1,0]",c,"[[{8, 1}, {2, 7}, {3, 6}, {4, 5}], [{8, 1}, {2, 7}, {4, 6}, {3, 5}], [{8, 1}, {2, 7}, {5, 6}, {3, 4}], [{8, 1}, {2, 7}, {6}, {3, 5}, {4}], [{8, 1}, {3, 7}, {2, 6}, {4, 5}], [{8, 1}, {3, 7}, {4, 6}, {2, 5}], [{8, 1}, {3, 7}, {5, 6}, {2, 4}], [{8, 1}, {4, 7}, {2, 6}, {3, 5}], [{8, 1}, {4, 7}, {2, 6}, {5}, {3}], [{8, 1}, {4, 7}, {3, 6}, {2, 5}], [{8, 1}, {4, 7}, {3, 6}, {5}, {2}], [{8, 1}, {4, 7}, {5, 6}, {2, 3}], [{8, 1}, {4, 7}, {5, 6}, {3}, {2}], [{8, 1}, {4, 7}, {6}, {2, 5}, {3}], [{8, 1}, {4, 7}, {6}, {3, 5}, {2}], [{8, 1}, {4, 7}, {6}, {5}, {2, 3}], [{8, 1}, {5, 7}, {2, 6}, {3, 4}], [{8, 1}, {5, 7}, {2, 6}, {4}, {3}], [{8, 1}, {5, 7}, {3, 6}, {2, 4}], [{8, 1}, {5, 7}, {4, 6}, {2, 3}], [{8, 1}, {6, 7}, {2, 5}, {3, 4}], [{8, 1}, {6, 7}, {3, 5}, {2, 4}], [{8, 1}, {6, 7}, {4, 5}, {2, 3}], [{8, 1}, {6, 7}, {5}, {2, 4}, {3}], [{8, 1}, {6, 7}, {5}, {3, 4}, {2}], [{8, 1}, {6, 7}, {5}, {4}, {2, 3}], [{8, 1}, {7}, {2, 6}, {4, 5}, {3}], [{8, 1}, {7}, {4, 6}, {5}, {2, 3}], [{8, 1}, {7}, {6}, {3, 5}, {2, 4}], [{8, 2}, {1, 7}, {3, 6}, {4, 5}], [{8, 2}, {1, 7}, {4, 6}, {3, 5}], [{8, 2}, {1, 7}, {5, 6}, {3, 4}], [{8, 2}, {1, 7}, {6}, {3, 5}, {4}], [{8, 2}, {3, 7}, {1, 6}, {4, 5}], [{8, 2}, {3, 7}, {4, 6}, {1, 5}], [{8, 2}, {3, 7}, {5, 6}, {1, 4}], [{8, 2}, {4, 7}, {1, 6}, {3, 5}], [{8, 2}, {4, 7}, {1, 6}, {5}, {3}], [{8, 2}, {4, 7}, {3, 6}, {1, 5}], [{8, 2}, {4, 7}, {3, 6}, {5}, {1}], [{8, 2}, {4, 7}, {5, 6}, {1, 3}], [{8, 2}, {4, 7}, {5, 6}, {3}, {1}], [{8, 2}, {4, 7}, {6}, {1, 5}, {3}], [{8, 2}, {4, 7}, {6}, {3, 5}, {1}], [{8, 2}, {4, 7}, {6}, {5}, {1, 3}], [{8, 2}, {5, 7}, {1, 6}, {3, 4}], [{8, 2}, {5, 7}, {3, 6}, {1, 4}], [{8, 2}, {5, 7}, {4, 6}, {1, 3}], [{8, 2}, {6, 7}, {1, 5}, {3, 4}], [{8, 2}, {6, 7}, {3, 5}, {1, 4}], [{8, 2}, {6, 7}, {4, 5}, {1, 3}], [{8, 2}, {7}, {6}, {3, 5}, {1, 4}], [{8, 3}, {1, 7}, {2, 6}, {4, 5}], [{8, 3}, {1, 7}, {4, 6}, {2, 5}], [{8, 3}, {1, 7}, {4, 6}, {5}, {2}], [{8, 3}, {1, 7}, {5, 6}, {2, 4}], [{8, 3}, {1, 7}, {5, 6}, {4}, {2}], [{8, 3}, {1, 7}, {6}, {4, 5}, {2}], [{8, 3}, {2, 7}, {1, 6}, {4, 5}], [{8, 3}, {2, 7}, {4, 6}, {1, 5}], [{8, 3}, {2, 7}, {5, 6}, {1, 4}], [{8, 3}, {4, 7}, {1, 6}, {2, 5}], [{8, 3}, {4, 7}, {1, 6}, {5}, {2}], [{8, 3}, {4, 7}, {2, 6}, {1, 5}], [{8, 3}, {4, 7}, {2, 6}, {5}, {1}], [{8, 3}, {4, 7}, {5, 6}, {1, 2}], [{8, 3}, {4, 7}, {5, 6}, {2}, {1}], [{8, 3}, {4, 7}, {6}, {1, 5}, {2}], [{8, 3}, {4, 7}, {6}, {2, 5}, {1}], [{8, 3}, {4, 7}, {6}, {5}, {1, 2}], [{8, 3}, {4, 7}, {6}, {5}, {2}, {1}], [{8, 3}, {5, 7}, {1, 6}, {2, 4}], [{8, 3}, {5, 7}, {1, 6}, {4}, {2}], [{8, 3}, {5, 7}, {2, 6}, {1, 4}], [{8, 3}, {5, 7}, {4, 6}, {1, 2}], [{8, 3}, {5, 7}, {4, 6}, {2}, {1}], [{8, 3}, {5, 7}, {6}, {1, 4}, {2}], [{8, 3}, {6, 7}, {1, 5}, {2, 4}], [{8, 3}, {6, 7}, {1, 5}, {4}, {2}], [{8, 3}, {6, 7}, {2, 5}, {1, 4}], [{8, 3}, {6, 7}, {4, 5}, {1, 2}], [{8, 3}, {6, 7}, {4, 5}, {2}, {1}], [{8, 3}, {6, 7}, {5}, {1, 4}, {2}], [{8, 3}, {7}, {1, 6}, {4, 5}, {2}], [{8, 3}, {7}, {4, 6}, {1, 5}, {2}], [{8, 3}, {7}, {5, 6}, {1, 4}, {2}], [{8, 4}, {1, 7}, {2, 6}, {3, 5}], [{8, 4}, {1, 7}, {3, 6}, {2, 5}], [{8, 4}, {1, 7}, {5, 6}, {2, 3}], [{8, 4}, {1, 7}, {6}, {3, 5}, {2}], [{8, 4}, {2, 7}, {1, 6}, {3, 5}], [{8, 4}, {2, 7}, {3, 6}, {1, 5}], [{8, 4}, {2, 7}, {5, 6}, {1, 3}], [{8, 4}, {3, 7}, {1, 6}, {2, 5}], [{8, 4}, {3, 7}, {2, 6}, {1, 5}], [{8, 4}, {3, 7}, {5, 6}, {1, 2}], [{8, 4}, {5, 7}, {1, 6}, {2, 3}], [{8, 4}, {5, 7}, {2, 6}, {1, 3}], [{8, 4}, {5, 7}, {3, 6}, {1, 2}], [{8, 4}, {6, 7}, {1, 5}, {2, 3}], [{8, 4}, {6, 7}, {2, 5}, {1, 3}], [{8, 4}, {6, 7}, {3, 5}, {1, 2}], [{8, 4}, {6, 7}, {3, 5}, {2}, {1}], [{8, 4}, {6, 7}, {5}, {3}, {1, 2}], [{8, 4}, {7}, {1, 6}, {2, 5}, {3}], [{8, 4}, {7}, {1, 6}, {3, 5}, {2}], [{8, 4}, {7}, {1, 6}, {5}, {2, 3}], [{8, 5}, {1, 7}, {2, 6}, {3, 4}], [{8, 5}, {1, 7}, {3, 6}, {2, 4}], [{8, 5}, {1, 7}, {4, 6}, {2, 3}], [{8, 5}, {2, 7}, {1, 6}, {3, 4}], [{8, 5}, {2, 7}, {1, 6}, {4}, {3}], [{8, 5}, {2, 7}, {3, 6}, {1, 4}], [{8, 5}, {2, 7}, {4, 6}, {1, 3}], [{8, 5}, {2, 7}, {4, 6}, {3}, {1}], [{8, 5}, {2, 7}, {6}, {1, 4}, {3}], [{8, 5}, {3, 7}, {1, 6}, {2, 4}], [{8, 5}, {3, 7}, {2, 6}, {1, 4}], [{8, 5}, {3, 7}, {4, 6}, {1, 2}], [{8, 5}, {4, 7}, {1, 6}, {2, 3}], [{8, 5}, {4, 7}, {1, 6}, {3}, {2}], [{8, 5}, {4, 7}, {2, 6}, {1, 3}], [{8, 5}, {4, 7}, {2, 6}, {3}, {1}], [{8, 5}, {4, 7}, {3, 6}, {1, 2}], [{8, 5}, {4, 7}, {3, 6}, {2}, {1}], [{8, 5}, {4, 7}, {6}, {1, 3}, {2}], [{8, 5}, {4, 7}, {6}, {2, 3}, {1}], [{8, 5}, {4, 7}, {6}, {3}, {1, 2}], [{8, 5}, {6, 7}, {1, 4}, {2, 3}], [{8, 5}, {6, 7}, {2, 4}, {1, 3}], [{8, 5}, {6, 7}, {3, 4}, {1, 2}], [{8, 5}, {7}, {1, 6}, {2, 4}, {3}], [{8, 6}, {1, 7}, {2, 5}, {3, 4}], [{8, 6}, {1, 7}, {3, 5}, {2, 4}], [{8, 6}, {1, 7}, {4, 5}, {2, 3}], [{8, 6}, {1, 7}, {5}, {4}, {2, 3}], [{8, 6}, {2, 7}, {1, 5}, {3, 4}], [{8, 6}, {2, 7}, {3, 5}, {1, 4}], [{8, 6}, {2, 7}, {4, 5}, {1, 3}], [{8, 6}, {3, 7}, {1, 5}, {2, 4}], [{8, 6}, {3, 7}, {2, 5}, {1, 4}], [{8, 6}, {3, 7}, {4, 5}, {1, 2}], [{8, 6}, {4, 7}, {1, 5}, {2, 3}], [{8, 6}, {4, 7}, {1, 5}, {3}, {2}], [{8, 6}, {4, 7}, {2, 5}, {1, 3}], [{8, 6}, {4, 7}, {2, 5}, {3}, {1}], [{8, 6}, {4, 7}, {3, 5}, {1, 2}], [{8, 6}, {4, 7}, {3, 5}, {2}, {1}], [{8, 6}, {4, 7}, {5}, {1, 3}, {2}], [{8, 6}, {4, 7}, {5}, {2, 3}, {1}], [{8, 6}, {4, 7}, {5}, {3}, {1, 2}], [{8, 6}, {5, 7}, {1, 4}, {2, 3}], [{8, 6}, {5, 7}, {2, 4}, {1, 3}], [{8, 6}, {5, 7}, {3, 4}, {1, 2}], [{8, 6}, {5, 7}, {3, 4}, {2}, {1}], [{8, 6}, {5, 7}, {4}, {3}, {1, 2}], [{8, 6}, {7}, {4, 5}, {3}, {1, 2}], [{8, 6}, {7}, {5}, {1, 4}, {2, 3}], [{8, 7}, {1, 6}, {2, 5}, {3, 4}], [{8, 7}, {1, 6}, {2, 5}, {4}, {3}], [{8, 7}, {1, 6}, {3, 5}, {2, 4}], [{8, 7}, {1, 6}, {3, 5}, {4}, {2}], [{8, 7}, {1, 6}, {4, 5}, {2, 3}], [{8, 7}, {1, 6}, {5}, {4}, {2, 3}], [{8, 7}, {2, 6}, {1, 5}, {3, 4}], [{8, 7}, {2, 6}, {3, 5}, {1, 4}], [{8, 7}, {2, 6}, {4, 5}, {1, 3}], [{8, 7}, {3, 6}, {1, 5}, {2, 4}], [{8, 7}, {3, 6}, {2, 5}, {1, 4}], [{8, 7}, {3, 6}, {4, 5}, {1, 2}], [{8, 7}, {4, 6}, {1, 5}, {2, 3}], [{8, 7}, {4, 6}, {2, 5}, {1, 3}], [{8, 7}, {4, 6}, {2, 5}, {3}, {1}], [{8, 7}, {4, 6}, {3, 5}, {1, 2}], [{8, 7}, {4, 6}, {5}, {1, 3}, {2}], [{8, 7}, {5, 6}, {1, 4}, {2, 3}], [{8, 7}, {5, 6}, {2, 4}, {1, 3}], [{8, 7}, {5, 6}, {3, 4}, {1, 2}], [{8, 7}, {6}, {2, 5}, {1, 4}, {3}], [{8, 7}, {6}, {3, 5}, {2, 4}, {1}], [{8}, {1, 7}, {6}, {2, 5}, {3, 4}], [{8}, {1, 7}, {6}, {3, 5}, {2, 4}], [{8}, {4, 7}, {1, 6}, {2, 5}, {3}], [{8}, {4, 7}, {1, 6}, {3, 5}, {2}], [{8}, {4, 7}, {1, 6}, {5}, {2, 3}], [{8}, {4, 7}, {1, 6}, {5}, {3}, {2}], [{8}, {4, 7}, {2, 6}, {1, 5}, {3}], [{8}, {4, 7}, {2, 6}, {3, 5}, {1}], [{8}, {4, 7}, {2, 6}, {5}, {1, 3}], [{8}, {4, 7}, {3, 6}, {1, 5}, {2}], [{8}, {4, 7}, {3, 6}, {2, 5}, {1}], [{8}, {4, 7}, {3, 6}, {5}, {1, 2}], [{8}, {4, 7}, {5, 6}, {1, 3}, {2}], [{8}, {4, 7}, {5, 6}, {2, 3}, {1}], [{8}, {4, 7}, {5, 6}, {3}, {1, 2}], [{8}, {4, 7}, {5, 6}, {3}, {2}, {1}], [{8}, {4, 7}, {6}, {1, 5}, {2, 3}], [{8}, {4, 7}, {6}, {1, 5}, {3}, {2}], [{8}, {4, 7}, {6}, {2, 5}, {1, 3}], [{8}, {4, 7}, {6}, {3, 5}, {1, 2}], [{8}, {5, 7}, {6}, {2, 4}, {1, 3}], [{8}, {5, 7}, {6}, {3, 4}, {1, 2}], [{8}, {6, 7}, {2, 5}, {4}, {1, 3}], [{8}, {6, 7}, {3, 5}, {4}, {1, 2}], [{8}, {7}, {4, 6}, {2, 5}, {1, 3}], [{8}, {7}, {4, 6}, {3, 5}, {1, 2}]]",2,12 K_1^3 + 8 K_1^2 K_2 - 16 K_1^2 - 12 K_1 K_2 - 6 K_1 K_3 - 3 K_1 - 2 K_2^2 + 7 K_2 + 3 K_3 + 2 K_4 + 8,O1O2O3O4U3U5U6O7U2O5O6U8U4O8U1U7,O1O2O3U4U3U5U6O7O6U8O4O8U1U2O5U7,O1O2O3U4O5U2U3O6O7U6O8O4U8U5U1U7,c,"{'O1O2O3O4U5U4O6U1U6O7O8U3O5U7U8U2', 'O1O2O3O4U5U4O6U1U6O7U2O8O5U7U3U8'}",2,"<a href=""/flatknot/8.850754"">8.850754</a>",t^9-25t^7-36t^6+60t^5+112t^4+39t^3-20t^2-41t-22,t^2-2t,,
8.850755,O1O2O3O4U5U4O6U1U6O7O8U3O5U8U2U7,3,12z^2+65z+83,12w^3z^2+65w^2z+83w,False,False,"[[ 0 -2  0  0  1 -1  1  1  0],[ 2  0  2  2  0 -1  1  1  0],[ 0 -2  0  0  1 -1  0  1  0],[ 0 -2  0  0  0 -1  0  1  0],[-1  0 -1  0  0 -1  0 -1 -1],[ 1  1  1  1  1  0  1  0  0],[-1 -1  0  0  0 -1  0  0  0],[-1 -1 -1 -1  1  0  0  0  0],[ 0  0  0  0  1  0  0  0  0]]","[[ 0  1  1  1  0  0  0 -1 -2],[-1  0  1  0  0 -1 -1  0 -1],[-1 -1  0  0 -1  0 -1 -1  0],[-1  0  0  0  0  0  0 -1 -1],[ 0  0  1  0  0  0  0  0  0],[ 0  1  0  0  0  0  0 -1 -2],[ 0  1  1  0  0  0  0 -1 -2],[ 1  0  1  1  0  1  1  0  1],[ 2  1  0  1  0  2  2 -1  0]]",True,"[-1,-1,-1,0,0,0,1,2,-1,0,0,1,1,0,1,0,1,0,1,1,0,0,0,0,1,1,0,0,0,0,0,1,2,1,2,-1]","[-2,-1,0,0,0,1,1,1,-1,0,2,2,0,1,1,0,1,1,1,0,1,0,0,1,0,0,0,0,1,0,1,1,0,-1,0,0]",t^8+20t^6+64t^4+11t^2,"[-2,-1,0,0,0,1,1,1,2,0,0,2,2,2,3,0,0,1,1,2,1,0,0,1,0,0,0,1,0,1,1,1,0,0,0,-1]","[-1,-1,-1,0,0,0,1,2,-1,0,0,0,1,1,3,0,0,1,0,2,2,1,1,1,1,2,0,0,0,0,0,1,2,0,0,2]","[-2,-1,0,0,0,1,1,1,-1,0,2,2,0,1,1,0,1,1,1,0,1,0,0,1,0,0,0,0,1,0,1,1,0,-1,0,0]",c,"[[{8, 1}, {2, 7}, {4, 6}, {3, 5}], [{8, 1}, {4, 7}, {2, 6}, {3, 5}], [{8, 2}, {1, 7}, {4, 6}, {3, 5}], [{8, 4}, {1, 7}, {2, 6}, {3, 5}]]",1,8 K_1^3 - 10 K_1^2 - 12 K_1 K_2 + 5 K_2 + 4 K_3 + 6,O1O2O3O4U5U3U6O7U2O6O5U8U4O8U1U7,O1O2O3U4U2U5U6O7O6U8O4O8U3U1O5U7,O1O2O3U4O5U3U1O6O7U6O8O4U8U5U2U7,c,"{'O1O2O3O4U5U4O6U1U6O7U2O8O5U3U8U7', 'O1O2O3O4U5U4O6U1U6O7O8U3O5U8U2U7'}",2,"<a href=""/flatknot/8.850755"">8.850755</a>",t^9-22t^7-24t^6+31t^5+24t^4+46t^3-8t^2-24t,t^2-2t,,
8.850756,O1O2O3O4U5U4O6U1U6O7O8U3O5U8U7U2,4,6z^3+47z^2+114z+89,6w^4z^3+47w^3z^2+114w^2z+89w,False,False,"[[ 0 -2  1  0  1 -1  1  0  0],[ 2  0  2  2  0 -1  1  0  0],[-1 -2  0 -1  1 -1  0  0  0],[ 0 -2  1  0  0 -1  0  1  0],[-1  0 -1  0  0 -1  0 -1 -1],[ 1  1  1  1  1  0  1 -1  0],[-1 -1  0  0  0 -1  0  0  0],[ 0  0  0 -1  1  1  0  0  0],[ 0  0  0  0  1  0  0  0  0]]","[[ 0  1  1  1  0  0  0 -1 -2],[-1  0  1  0  0  0 -1 -1 -2],[-1 -1  0  0 -1 -1  0 -1  0],[-1  0  0  0  0  0  0 -1 -1],[ 0  0  1  0  0  0  0  0  0],[ 0  0  1  0  0  0 -1  1  0],[ 0  1  0  0  0  1  0 -1 -2],[ 1  1  1  1  0 -1  1  0  1],[ 2  2  0  1  0  0  2 -1  0]]",True,"[-1,-1,-1,0,0,0,1,2,-1,0,0,0,1,1,2,0,1,1,0,1,0,0,0,0,1,1,0,0,0,0,1,-1,0,1,2,-1]","[-2,-1,0,0,0,1,1,1,-1,0,0,2,0,1,2,-1,0,1,1,1,1,0,-1,1,0,0,0,1,0,0,0,0,1,0,-1,0]",t^8+20t^6+80t^4+21t^2,"[-2,-1,0,0,0,1,1,1,2,0,2,2,1,2,3,0,1,2,1,1,1,0,-1,0,1,1,0,1,1,0,1,1,0,0,-1,0]","[-1,-1,-1,0,0,0,1,2,-1,0,0,0,1,1,3,0,1,1,0,1,1,1,1,1,1,2,0,-1,2,2,0,1,2,0,0,2]","[-2,-1,0,0,0,1,1,1,-1,0,0,2,0,1,2,-1,0,1,1,1,1,0,-1,1,0,0,0,1,0,0,0,0,1,0,-1,0]",c,"[[{8, 3}, {1, 7}, {2, 6}, {4, 5}], [{8, 3}, {2, 7}, {1, 6}, {4, 5}], [{8, 3}, {6, 7}, {4, 5}, {1, 2}]]",1,8 K_1^3 - 2 K_1^2 - 12 K_1 K_2 + K_2 + 4 K_3 + 2,O1O2O3O4U3U5U6O7U2O6O5U8U4O8U1U7,O1O2O3U4U3U5U6O7O6U8O4O8U2U1O5U7,O1O2O3U4O5U3U2O6O7U6O8O4U8U5U1U7,c,{'O1O2O3O4U5U4O6U1U6O7O8U3O5U8U7U2'},1,"<a href=""/flatknot/8.850756"">8.850756</a>",t^9-22t^7-28t^6+45t^5+48t^4+10t^3+44t^2-11t-4,t^2-2t,,
8.850757,O1O2O3O4U5U4O6U1U6O7O8U7O5U2U3U8,3,16z^2+81z+99,16w^3z^2+81w^2z+99w,False,False,"[[ 0 -2 -1  1  1 -1  1 -1  2],[ 2  0  1  2  0  0  1  0  1],[ 1 -1  0  1  1  0  0  0  2],[-1 -2 -1  0  1 -2  0  0  1],[-1  0 -1 -1  0 -1  0  0 -1],[ 1  0  0  2  1  0  1 -1  1],[-1 -1  0  0  0 -1  0  0  0],[ 1  0  0  0  0  1  0  0  1],[-2 -1 -2 -1  1 -1  0 -1  0]]","[[ 0  2  1  1  1 -1 -1 -1 -2],[-2  0  1  0 -1 -1 -1 -2 -1],[-1 -1  0  0 -1  0 -1 -1  0],[-1  0  0  0  0  0 -1  0 -1],[-1  1  1  0  0  0 -2 -1 -2],[ 1  1  0  0  0  0  1  0  0],[ 1  1  1  1  2 -1  0  0  0],[ 1  2  1  0  1  0  0  0 -1],[ 2  1  0  1  2  0  0  1  0]]",True,"[-2,-1,-1,-1,1,1,1,2,-1,0,1,1,1,2,1,0,1,0,1,1,0,0,0,1,0,1,0,2,1,2,-1,0,0,0,0,1]","[-2,-1,-1,-1,1,1,1,2,-1,0,1,1,1,2,1,0,1,0,1,1,0,0,0,1,0,1,0,2,1,2,-1,0,0,0,0,1]",t^8+25t^6+85t^4+20t^2,"[-2,-1,-1,-1,1,1,1,2,0,1,1,1,2,3,3,0,0,1,2,1,1,-1,2,2,2,2,0,1,1,2,0,-1,0,0,1,2]","[-2,-1,-1,-1,1,1,1,2,0,1,2,1,2,2,3,0,1,1,0,2,1,0,2,1,2,2,1,1,2,3,0,0,0,-1,1,1]","[-2,-1,-1,-1,1,1,1,2,0,0,1,0,1,2,1,-1,0,1,1,2,1,0,0,0,0,1,1,0,1,2,0,-1,-1,0,0,1]",c,"[[{8, 1}, {6, 7}, {4, 5}, {2, 3}]]",0,16 K_1^3 + 16 K_1^2 K_2 - 28 K_1^2 - 12 K_1 K_2 - 8 K_1 K_3 - 6 K_1 + 10 K_2 + 2 K_3 + 11,O1O2O3O4U5U2U3O6U7O5O7U8U4O8U1U6,O1O2O3U4U1U2U5O6O5U7O4O7U8U3O8U6,O1O2O3U4O5U1U5O6O7U6O8O4U8U2U3U7,c,{'O1O2O3O4U5U4O6U1U6O7O8U7O5U2U3U8'},1,"<a href=""/flatknot/8.850757"">8.850757</a>",t^9-25t^7-32t^6+79t^5+104t^4-82t^3-92t^2+12t+32,0,,
8.850758,O1O2O3O4U5U4O6U1U6O7O8U7O5U2U8U3,4,14z^2+99z+143,14w^3z^2+99w^2z+143w,False,False,"[[ 0 -2 -1  2  1 -1  1 -1  1],[ 2  0  1  2  0  0  1  0  0],[ 1 -1  0  2  1  0  0  0  1],[-2 -2 -2  0  1 -2  0 -1  0],[-1  0 -1 -1  0 -1  0  0 -1],[ 1  0  0  2  1  0  1 -1  0],[-1 -1  0  0  0 -1  0  0  0],[ 1  0  0  1  0  1  0  0  1],[-1  0 -1  0  1  0  0 -1  0]]","[[ 0  2  1  1  1 -1 -1 -1 -2],[-2  0  1  0  0 -1 -2 -2 -2],[-1 -1  0  0 -1  0 -1 -1  0],[-1  0  0  0  0  0  0 -1 -1],[-1  0  1  0  0 -1 -1  0  0],[ 1  1  0  0  1  0  0  1  0],[ 1  2  1  0  1  0  0  0 -1],[ 1  2  1  1  0 -1  0  0  0],[ 2  2  0  1  0  0  1  0  0]]",True,"[-2,-1,-1,-1,1,1,1,2,-1,0,0,1,2,2,2,0,1,0,1,1,0,0,0,0,1,1,1,1,0,0,0,-1,0,0,1,0]","[-2,-1,-1,-1,1,1,1,2,-1,0,0,1,2,2,2,0,1,0,1,1,0,0,0,0,1,1,1,1,0,0,0,-1,0,0,1,0]",t^8+23t^6+76t^4+23t^2,"[-2,-1,-1,-1,1,1,1,2,0,1,1,2,3,3,2,0,0,2,1,1,1,-1,2,1,2,2,1,2,1,1,0,0,1,-1,1,2]","[-2,-1,-1,-1,1,1,1,2,1,1,2,1,1,2,2,0,0,1,2,2,2,1,2,1,1,3,1,1,2,3,0,-1,1,0,0,1]","[-2,-1,-1,-1,1,1,1,2,0,0,1,0,0,1,2,-1,0,0,1,1,2,0,1,0,0,1,1,1,0,2,1,0,0,0,-1,0]",c,"[[{8, 1}, {5, 7}, {4, 6}, {2, 3}], [{8, 1}, {7}, {4, 6}, {5}, {2, 3}], [{8, 5}, {6, 7}, {2, 4}, {1, 3}]]",1,12 K_1^3 + 8 K_1^2 K_2 - 28 K_1^2 - 20 K_1 K_2 - 4 K_1 K_3 + K_1 - 4 K_2^2 + 12 K_2 + 7 K_3 + 2 K_4 + 15,O1O2O3O4U2U5U3O6U7O5O7U8U4O8U1U6,O1O2O3U4U1U3U5O6O5U7O4O7U8U2O8U6,O1O2O3U4O5U2U5O6O7U6O8O4U8U1U3U7,c,{'O1O2O3O4U5U4O6U1U6O7O8U7O5U2U8U3'},1,"<a href=""/flatknot/8.850758"">8.850758</a>",t^9-23t^7-22t^6+88t^5+70t^4-105t^3-36t^2+25t,0,,
8.850759,O1O2O3O4U5U4O6U1U6O7O8U7O5U3U2U8,3,21z^2+82z+81,-8w^4z^2+29w^3z^2+82w^2z+81w,False,False,"[[ 0 -2  0  0  1 -1  1 -1  2],[ 2  0  2  1  0  0  1  0  1],[ 0 -2  0  0  1 -1  0  0  2],[ 0 -1  0  0  1 -1  0  0  1],[-1  0 -1 -1  0 -1  0  0 -1],[ 1  0  1  1  1  0  1 -1  1],[-1 -1  0  0  0 -1  0  0  0],[ 1  0  0  0  0  1  0  0  1],[-2 -1 -2 -1  1 -1  0 -1  0]]","[[ 0  2  1  1  0  0 -1 -1 -2],[-2  0  1  0 -1 -2 -1 -1 -1],[-1 -1  0  0 -1 -1  0 -1  0],[-1  0  0  0  0  0  0 -1 -1],[ 0  1  1  0  0  0  0 -1 -1],[ 0  2  1  0  0  0  0 -1 -2],[ 1  1  0  0  0  0  0  1  0],[ 1  1  1  1  1  1 -1  0  0],[ 2  1  0  1  1  2  0  0  0]]",True,"[-2,-1,-1,0,0,1,1,2,-1,0,1,2,1,1,1,0,1,1,0,1,0,0,0,0,1,1,0,0,1,1,0,1,2,-1,0,0]","[-2,-1,-1,0,0,1,1,2,-1,0,1,2,1,1,1,0,1,1,0,1,0,0,0,0,1,1,0,0,1,1,0,1,2,-1,0,0]",t^8+22t^6+66t^4+20t^2,"[-2,-1,-1,0,0,1,1,2,1,1,0,1,2,3,3,-1,1,1,2,2,2,0,0,1,1,2,0,1,0,0,1,0,1,0,1,2]","[-2,-1,-1,0,0,1,1,2,1,2,0,1,2,2,3,0,1,1,1,2,2,0,0,1,2,3,0,0,1,0,0,1,1,-1,1,1]","[-2,-1,-1,0,0,1,1,2,0,0,1,2,0,1,1,-1,1,1,1,1,1,0,0,0,0,1,0,1,0,1,1,0,2,0,-1,0]",c,"[[{8, 1}, {6, 7}, {4, 5}, {2, 3}], [{8, 1}, {6, 7}, {4, 5}, {3}, {2}]]",0,- 2 K_1^2 - 12 K_1 K_2 - 2 K_1 K_3 + 6 K_1 - 6 K_2^2 + 2 K_2 + 6 K_3 + 4 K_4 + 5,O1O2O3O4U5U3U2O6U7O5O7U8U4O8U1U6,O1O2O3U4U2U1U5O6O5U7O4O7U8U3O8U6,O1O2O3U4O5U1U5O6O7U6O8O4U8U3U2U7,c,{'O1O2O3O4U5U4O6U1U6O7O8U7O5U3U2U8'},1,"<a href=""/flatknot/8.850759"">8.850759</a>",t^9-22t^7-28t^6+48t^5+88t^4-20t^3-88t^2+12t+8,0,,
8.850760,O1O2O3O4U5U4O6U1U6O7O8U7O5U3U8U2,4,4z^3+37z^2+110z+105,4w^4z^3+37w^3z^2+110w^2z+105w,False,False,"[[ 0 -2  1  0  1 -1  1 -1  1],[ 2  0  2  1  0  0  1  0  0],[-1 -2  0 -1  1 -1  0 -1  1],[ 0 -1  1  0  1 -1  0  0  1],[-1  0 -1 -1  0 -1  0  0 -1],[ 1  0  1  1  1  0  1 -1  0],[-1 -1  0  0  0 -1  0  0  0],[ 1  0  1  0  0  1  0  0  1],[-1  0 -1 -1  1  0  0 -1  0]]","[[ 0  1  1  1  1  0 -1 -1 -2],[-1  0  1  1  0 -1 -1 -1 -2],[-1 -1  0  1  0 -1  0 -1  0],[-1 -1 -1  0  0 -1 -1  0  0],[-1  0  0  0  0  0 -1  0 -1],[ 0  1  1  1  0  0 -1  0 -1],[ 1  1  0  1  1  1  0 -1  0],[ 1  1  1  0  0  0  1  0  0],[ 2  2  0  0  1  1  0  0  0]]",True,"[-1,-1,-1,-1,0,1,1,2,-1,-1,0,1,1,1,2,-1,0,1,0,1,0,0,1,1,0,0,0,1,0,1,1,0,1,1,0,0]","[-2,-1,-1,0,1,1,1,1,0,0,1,0,0,1,2,-1,1,0,1,1,1,0,1,0,0,1,1,1,0,1,1,0,-1,0,-1,0]",t^8+19t^6+68t^4+35t^2,"[-2,-1,-1,0,1,1,1,1,1,1,1,1,2,3,3,-1,1,1,2,1,2,0,1,1,2,1,0,1,0,0,0,-1,-1,0,0,-1]","[-1,-1,-1,-1,0,1,1,2,-1,-1,0,0,1,2,3,-1,0,0,2,1,3,0,0,1,1,1,1,1,2,2,0,1,1,-1,1,1]","[-2,-1,-1,0,1,1,1,1,0,0,1,0,0,1,2,-1,1,0,1,1,1,0,1,0,0,1,1,1,0,1,1,0,-1,0,-1,0]",c,"[[{8, 1}, {2, 7}, {3, 6}, {4, 5}], [{8, 1}, {2, 7}, {4, 6}, {3, 5}], [{8, 1}, {2, 7}, {5, 6}, {3, 4}], [{8, 1}, {2, 7}, {6}, {3, 5}, {4}], [{8, 1}, {2, 7}, {6}, {4, 5}, {3}], [{8, 1}, {2, 7}, {6}, {5}, {3, 4}], [{8, 1}, {3, 7}, {2, 6}, {4, 5}], [{8, 1}, {3, 7}, {4, 6}, {2, 5}], [{8, 1}, {3, 7}, {5, 6}, {2, 4}], [{8, 1}, {3, 7}, {6}, {2, 5}, {4}], [{8, 1}, {3, 7}, {6}, {4, 5}, {2}], [{8, 1}, {3, 7}, {6}, {5}, {2, 4}], [{8, 1}, {4, 7}, {2, 6}, {3, 5}], [{8, 1}, {4, 7}, {2, 6}, {5}, {3}], [{8, 1}, {4, 7}, {3, 6}, {2, 5}], [{8, 1}, {4, 7}, {3, 6}, {5}, {2}], [{8, 1}, {4, 7}, {5, 6}, {2, 3}], [{8, 1}, {4, 7}, {5, 6}, {3}, {2}], [{8, 1}, {4, 7}, {6}, {2, 5}, {3}], [{8, 1}, {4, 7}, {6}, {3, 5}, {2}], [{8, 1}, {4, 7}, {6}, {5}, {2, 3}], [{8, 1}, {4, 7}, {6}, {5}, {3}, {2}], [{8, 1}, {5, 7}, {2, 6}, {3, 4}], [{8, 1}, {5, 7}, {2, 6}, {4}, {3}], [{8, 1}, {5, 7}, {3, 6}, {2, 4}], [{8, 1}, {5, 7}, {3, 6}, {4}, {2}], [{8, 1}, {5, 7}, {4, 6}, {2, 3}], [{8, 1}, {5, 7}, {4, 6}, {3}, {2}], [{8, 1}, {5, 7}, {6}, {2, 4}, {3}], [{8, 1}, {5, 7}, {6}, {3, 4}, {2}], [{8, 1}, {5, 7}, {6}, {4}, {2, 3}], [{8, 1}, {5, 7}, {6}, {4}, {3}, {2}], [{8, 1}, {6, 7}, {2, 5}, {3, 4}], [{8, 1}, {6, 7}, {3, 5}, {2, 4}], [{8, 1}, {6, 7}, {4, 5}, {2, 3}], [{8, 1}, {6, 7}, {4, 5}, {3}, {2}], [{8, 1}, {6, 7}, {5}, {4}, {2, 3}], [{8, 1}, {7}, {2, 6}, {4, 5}, {3}], [{8, 1}, {7}, {3, 6}, {4, 5}, {2}], [{8, 1}, {7}, {4, 6}, {5}, {2, 3}], [{8, 1}, {7}, {5, 6}, {4}, {2, 3}], [{8, 1}, {7}, {6}, {2, 5}, {3, 4}], [{8, 1}, {7}, {6}, {3, 5}, {2, 4}], [{8, 1}, {7}, {6}, {4, 5}, {2, 3}], [{8, 1}, {7}, {6}, {4, 5}, {3}, {2}], [{8, 1}, {7}, {6}, {5}, {4}, {2, 3}], [{8, 2}, {1, 7}, {3, 6}, {4, 5}], [{8, 2}, {1, 7}, {4, 6}, {3, 5}], [{8, 2}, {1, 7}, {5, 6}, {3, 4}], [{8, 2}, {3, 7}, {1, 6}, {4, 5}], [{8, 2}, {3, 7}, {1, 6}, {5}, {4}], [{8, 2}, {3, 7}, {4, 6}, {1, 5}], [{8, 2}, {3, 7}, {5, 6}, {1, 4}], [{8, 2}, {4, 7}, {1, 6}, {3, 5}], [{8, 2}, {4, 7}, {3, 6}, {1, 5}], [{8, 2}, {4, 7}, {3, 6}, {5}, {1}], [{8, 2}, {4, 7}, {5, 6}, {1, 3}], [{8, 2}, {4, 7}, {5, 6}, {3}, {1}], [{8, 2}, {4, 7}, {6}, {3, 5}, {1}], [{8, 2}, {5, 7}, {1, 6}, {3, 4}], [{8, 2}, {5, 7}, {1, 6}, {4}, {3}], [{8, 2}, {5, 7}, {3, 6}, {1, 4}], [{8, 2}, {5, 7}, {4, 6}, {1, 3}], [{8, 2}, {5, 7}, {6}, {3, 4}, {1}], [{8, 2}, {6, 7}, {1, 5}, {3, 4}], [{8, 2}, {6, 7}, {3, 5}, {1, 4}], [{8, 2}, {6, 7}, {4, 5}, {1, 3}], [{8, 2}, {6, 7}, {4, 5}, {3}, {1}], [{8, 2}, {7}, {1, 6}, {3, 5}, {4}], [{8, 2}, {7}, {4, 6}, {5}, {1, 3}], [{8, 3}, {1, 7}, {2, 6}, {4, 5}], [{8, 3}, {1, 7}, {2, 6}, {5}, {4}], [{8, 3}, {1, 7}, {4, 6}, {2, 5}], [{8, 3}, {1, 7}, {5, 6}, {2, 4}], [{8, 3}, {2, 7}, {1, 6}, {4, 5}], [{8, 3}, {2, 7}, {4, 6}, {1, 5}], [{8, 3}, {2, 7}, {5, 6}, {1, 4}], [{8, 3}, {2, 7}, {5, 6}, {4}, {1}], [{8, 3}, {4, 7}, {1, 6}, {2, 5}], [{8, 3}, {4, 7}, {1, 6}, {5}, {2}], [{8, 3}, {4, 7}, {2, 6}, {1, 5}], [{8, 3}, {4, 7}, {5, 6}, {1, 2}], [{8, 3}, {4, 7}, {6}, {2, 5}, {1}], [{8, 3}, {5, 7}, {1, 6}, {2, 4}], [{8, 3}, {5, 7}, {2, 6}, {1, 4}], [{8, 3}, {5, 7}, {2, 6}, {4}, {1}], [{8, 3}, {5, 7}, {4, 6}, {1, 2}], [{8, 3}, {5, 7}, {4, 6}, {2}, {1}], [{8, 3}, {5, 7}, {6}, {2, 4}, {1}], [{8, 3}, {6, 7}, {1, 5}, {2, 4}], [{8, 3}, {6, 7}, {2, 5}, {1, 4}], [{8, 3}, {6, 7}, {4, 5}, {1, 2}], [{8, 3}, {7}, {2, 6}, {1, 5}, {4}], [{8, 3}, {7}, {4, 6}, {5}, {1, 2}], [{8, 3}, {7}, {5, 6}, {1, 4}, {2}], [{8, 4}, {1, 7}, {2, 6}, {3, 5}], [{8, 4}, {1, 7}, {2, 6}, {5}, {3}], [{8, 4}, {1, 7}, {3, 6}, {2, 5}], [{8, 4}, {1, 7}, {5, 6}, {2, 3}], [{8, 4}, {2, 7}, {1, 6}, {3, 5}], [{8, 4}, {2, 7}, {3, 6}, {1, 5}], [{8, 4}, {2, 7}, {5, 6}, {1, 3}], [{8, 4}, {3, 7}, {1, 6}, {2, 5}], [{8, 4}, {3, 7}, {2, 6}, {1, 5}], [{8, 4}, {3, 7}, {5, 6}, {1, 2}], [{8, 4}, {3, 7}, {6}, {2, 5}, {1}], [{8, 4}, {5, 7}, {1, 6}, {2, 3}], [{8, 4}, {5, 7}, {2, 6}, {1, 3}], [{8, 4}, {5, 7}, {2, 6}, {3}, {1}], [{8, 4}, {5, 7}, {3, 6}, {1, 2}], [{8, 4}, {6, 7}, {1, 5}, {2, 3}], [{8, 4}, {6, 7}, {2, 5}, {1, 3}], [{8, 4}, {6, 7}, {3, 5}, {1, 2}], [{8, 4}, {6, 7}, {5}, {2, 3}, {1}], [{8, 4}, {7}, {2, 6}, {1, 5}, {3}], [{8, 5}, {1, 7}, {2, 6}, {3, 4}], [{8, 5}, {1, 7}, {3, 6}, {2, 4}], [{8, 5}, {1, 7}, {4, 6}, {2, 3}], [{8, 5}, {2, 7}, {1, 6}, {3, 4}], [{8, 5}, {2, 7}, {3, 6}, {1, 4}], [{8, 5}, {2, 7}, {4, 6}, {1, 3}], [{8, 5}, {3, 7}, {1, 6}, {2, 4}], [{8, 5}, {3, 7}, {1, 6}, {4}, {2}], [{8, 5}, {3, 7}, {2, 6}, {1, 4}], [{8, 5}, {3, 7}, {4, 6}, {1, 2}], [{8, 5}, {4, 7}, {1, 6}, {2, 3}], [{8, 5}, {4, 7}, {2, 6}, {1, 3}], [{8, 5}, {4, 7}, {3, 6}, {1, 2}], [{8, 5}, {4, 7}, {3, 6}, {2}, {1}], [{8, 5}, {6, 7}, {1, 4}, {2, 3}], [{8, 5}, {6, 7}, {2, 4}, {1, 3}], [{8, 5}, {6, 7}, {3, 4}, {1, 2}], [{8, 5}, {7}, {6}, {3, 4}, {1, 2}], [{8, 6}, {1, 7}, {2, 5}, {3, 4}], [{8, 6}, {1, 7}, {3, 5}, {2, 4}], [{8, 6}, {1, 7}, {4, 5}, {2, 3}], [{8, 6}, {2, 7}, {1, 5}, {3, 4}], [{8, 6}, {2, 7}, {3, 5}, {1, 4}], [{8, 6}, {2, 7}, {3, 5}, {4}, {1}], [{8, 6}, {2, 7}, {4, 5}, {1, 3}], [{8, 6}, {2, 7}, {4, 5}, {3}, {1}], [{8, 6}, {2, 7}, {5}, {3, 4}, {1}], [{8, 6}, {3, 7}, {1, 5}, {2, 4}], [{8, 6}, {3, 7}, {2, 5}, {1, 4}], [{8, 6}, {3, 7}, {2, 5}, {4}, {1}], [{8, 6}, {3, 7}, {4, 5}, {1, 2}], [{8, 6}, {4, 7}, {1, 5}, {2, 3}], [{8, 6}, {4, 7}, {2, 5}, {1, 3}], [{8, 6}, {4, 7}, {2, 5}, {3}, {1}], [{8, 6}, {4, 7}, {3, 5}, {1, 2}], [{8, 6}, {4, 7}, {5}, {1, 3}, {2}], [{8, 6}, {5, 7}, {1, 4}, {2, 3}], [{8, 6}, {5, 7}, {2, 4}, {1, 3}], [{8, 6}, {5, 7}, {3, 4}, {1, 2}], [{8, 6}, {5, 7}, {3, 4}, {2}, {1}], [{8, 6}, {5, 7}, {4}, {3}, {1, 2}], [{8, 6}, {7}, {2, 5}, {3, 4}, {1}], [{8, 6}, {7}, {3, 5}, {1, 4}, {2}], [{8, 7}, {1, 6}, {2, 5}, {3, 4}], [{8, 7}, {1, 6}, {3, 5}, {2, 4}], [{8, 7}, {1, 6}, {3, 5}, {4}, {2}], [{8, 7}, {1, 6}, {4, 5}, {2, 3}], [{8, 7}, {2, 6}, {1, 5}, {3, 4}], [{8, 7}, {2, 6}, {3, 5}, {1, 4}], [{8, 7}, {2, 6}, {4, 5}, {1, 3}], [{8, 7}, {3, 6}, {1, 5}, {2, 4}], [{8, 7}, {3, 6}, {2, 5}, {1, 4}], [{8, 7}, {3, 6}, {4, 5}, {1, 2}], [{8, 7}, {4, 6}, {1, 5}, {2, 3}], [{8, 7}, {4, 6}, {2, 5}, {1, 3}], [{8, 7}, {4, 6}, {3, 5}, {1, 2}], [{8, 7}, {5, 6}, {1, 4}, {2, 3}], [{8, 7}, {5, 6}, {2, 4}, {1, 3}], [{8, 7}, {5, 6}, {3, 4}, {1, 2}], [{8, 7}, {6}, {1, 5}, {3, 4}, {2}], [{8, 7}, {6}, {2, 5}, {3, 4}, {1}], [{8, 7}, {6}, {3, 5}, {2, 4}, {1}], [{8, 7}, {6}, {5}, {3, 4}, {1, 2}], [{8}, {1, 7}, {2, 6}, {5}, {3, 4}], [{8}, {1, 7}, {5, 6}, {3, 4}, {2}], [{8}, {1, 7}, {6}, {2, 5}, {3, 4}], [{8}, {1, 7}, {6}, {3, 5}, {2, 4}], [{8}, {2, 7}, {1, 6}, {3, 5}, {4}], [{8}, {2, 7}, {1, 6}, {4, 5}, {3}], [{8}, {2, 7}, {1, 6}, {5}, {3, 4}], [{8}, {3, 7}, {1, 6}, {2, 5}, {4}], [{8}, {3, 7}, {4, 6}, {2, 5}, {1}], [{8}, {3, 7}, {6}, {2, 5}, {1, 4}], [{8}, {4, 7}, {1, 6}, {2, 5}, {3}], [{8}, {4, 7}, {3, 6}, {1, 5}, {2}], [{8}, {4, 7}, {3, 6}, {2, 5}, {1}], [{8}, {4, 7}, {3, 6}, {5}, {1, 2}], [{8}, {4, 7}, {3, 6}, {5}, {2}, {1}], [{8}, {4, 7}, {5, 6}, {3}, {1, 2}], [{8}, {4, 7}, {6}, {2, 5}, {1, 3}], [{8}, {4, 7}, {6}, {3, 5}, {1, 2}], [{8}, {5, 7}, {1, 6}, {3, 4}, {2}], [{8}, {5, 7}, {2, 6}, {1, 4}, {3}], [{8}, {5, 7}, {2, 6}, {3, 4}, {1}], [{8}, {5, 7}, {2, 6}, {4}, {1, 3}], [{8}, {5, 7}, {2, 6}, {4}, {3}, {1}], [{8}, {5, 7}, {4, 6}, {1, 3}, {2}], [{8}, {5, 7}, {6}, {2, 4}, {1, 3}], [{8}, {5, 7}, {6}, {3, 4}, {1, 2}], [{8}, {6, 7}, {2, 5}, {3, 4}, {1}], [{8}, {6, 7}, {4, 5}, {3}, {1, 2}], [{8}, {6, 7}, {5}, {1, 4}, {2, 3}], [{8}, {6, 7}, {5}, {2, 4}, {1, 3}], [{8}, {7}, {1, 6}, {2, 5}, {3, 4}], [{8}, {7}, {2, 6}, {1, 5}, {3, 4}], [{8}, {7}, {5, 6}, {2, 4}, {1, 3}]]",2,12 K_1^3 + 4 K_1^2 K_2 - 16 K_1^2 - 24 K_1 K_2 - 6 K_1 K_3 + 3 K_1 - 2 K_2^2 + 9 K_2 + 9 K_3 + 3 K_4 + 9,O1O2O3O4U3U5U2O6U7O5O7U8U4O8U1U6,O1O2O3U4U3U1U5O6O5U7O4O7U8U2O8U6,O1O2O3U4O5U2U5O6O7U6O8O4U8U3U1U7,c,{'O1O2O3O4U5U4O6U1U6O7O8U7O5U3U8U2'},1,"<a href=""/flatknot/8.850760"">8.850760</a>",t^9-21t^7-18t^6+63t^5+60t^4+t^3-48t^2-19t+16,t^2-2t,,
8.850761,O1O2O3O4U5U4O6U1U6O7O8U7O5U8U2U3,4,2z^3+29z^2+108z+117,2w^4z^3+29w^3z^2+108w^2z+117w,False,False,"[[ 0 -2  0  2  1 -1  1 -1  0],[ 2  0  1  2  0  0  1  0 -1],[ 0 -1  0  1  1  0  0 -1  0],[-2 -2 -1  0  1 -2  0 -1  0],[-1  0 -1 -1  0 -1  0  0 -1],[ 1  0  0  2  1  0  1 -1 -1],[-1 -1  0  0  0 -1  0  0  0],[ 1  0  1  1  0  1  0  0  1],[ 0  1  0  0  1  1  0 -1  0]]","[[ 0  2  1  1  0  0 -1 -1 -2],[-2  0  1  0  0 -1 -1 -2 -2],[-1 -1  0  0 -1 -1  0 -1  0],[-1  0  0  0  0  0  0 -1 -1],[ 0  0  1  0  0  0 -1  1  1],[ 0  1  1  0  0  0 -1  0 -1],[ 1  1  0  0  1  1  0  1  0],[ 1  2  1  1 -1  0 -1  0  0],[ 2  2  0  1 -1  1  0  0  0]]",True,"[-2,-1,-1,0,0,1,1,2,-1,0,0,1,1,2,2,0,1,1,0,1,0,0,0,0,1,1,0,1,-1,-1,1,0,1,-1,0,0]","[-2,-1,-1,0,0,1,1,2,-1,0,0,1,1,2,2,0,1,1,0,1,0,0,0,0,1,1,0,1,-1,-1,1,0,1,-1,0,0]",t^8+22t^6+88t^4+14t^2,"[-2,-1,-1,0,0,1,1,2,1,1,1,3,2,3,2,-1,0,0,2,2,2,1,2,1,1,1,0,1,0,1,1,0,2,0,1,2]","[-2,-1,-1,0,0,1,1,2,1,2,1,2,1,2,2,0,1,1,1,2,2,0,0,1,2,3,0,1,0,1,2,0,3,-1,1,1]","[-2,-1,-1,0,0,1,1,2,0,0,-1,1,0,1,2,-1,-1,0,1,1,2,1,1,0,0,1,0,1,0,0,1,0,1,0,-1,0]",c,"[[{8, 1}, {4, 7}, {5, 6}, {2, 3}], [{8, 1}, {4, 7}, {5, 6}, {3}, {2}], [{8, 2}, {4, 7}, {5, 6}, {1, 3}], [{8, 3}, {4, 7}, {5, 6}, {1, 2}], [{8, 3}, {4, 7}, {5, 6}, {2}, {1}], [{8}, {4, 7}, {5, 6}, {1, 3}, {2}]]",1,- 8 K_1^4 + 20 K_1^3 + 16 K_1^2 K_2 - 22 K_1^2 - 12 K_1 K_2 - 6 K_1 K_3 - 9 K_1 + 10 K_2 + K_3 + 11,O1O2O3O4U2U3U5O6U7O5O7U8U4O8U1U6,O1O2O3U4U2U3U5O6O5U7O4O7U8U1O8U6,O1O2O3U4O5U3U5O6O7U6O8O4U8U1U2U7,c,{'O1O2O3O4U5U4O6U1U6O7O8U7O5U8U2U3'},1,"<a href=""/flatknot/8.850761"">8.850761</a>",t^9-22t^7-18t^6+42t^5+6t^4-3t^3+2t^2-6t,0,,
8.850762,O1O2O3O4U5U4O6U1U6O7O8U7O5U8U3U2,4,10z^3+54z^2+109z+83,10w^4z^3+54w^3z^2+109w^2z+83w,False,False,"[[ 0 -2  1  1  1 -1  1 -1  0],[ 2  0  2  1  0  0  1  0 -1],[-1 -2  0  0  1 -1  0 -1  0],[-1 -1  0  0  1 -1  0 -1  0],[-1  0 -1 -1  0 -1  0  0 -1],[ 1  0  1  1  1  0  1 -1 -1],[-1 -1  0  0  0 -1  0  0  0],[ 1  0  1  1  0  1  0  0  1],[ 0  1  0  0  1  1  0 -1  0]]","[[ 0  1  1  1  1  0 -1 -1 -2],[-1  0  1  0  0  0 -1 -1 -1],[-1 -1  0  0 -1 -1  0 -1  0],[-1  0  0  0  0  0  0 -1 -1],[-1  0  1  0  0  0 -1 -1 -2],[ 0  0  1  0  0  0 -1  1  1],[ 1  1  0  0  1  1  0  1  0],[ 1  1  1  1  1 -1 -1  0  0],[ 2  1  0  1  2 -1  0  0  0]]",True,"[-1,-1,-1,-1,0,1,1,2,-1,0,0,0,1,1,1,0,1,1,0,1,0,0,0,0,1,1,0,1,1,2,1,-1,-1,-1,0,0]","[-2,-1,-1,0,1,1,1,1,0,0,-1,0,1,1,2,-1,-1,1,1,1,1,1,0,0,1,1,1,0,0,0,0,-1,-1,0,0,0]",t^8+19t^6+73t^4+12t^2,"[-2,-1,-1,0,1,1,1,1,1,1,3,1,2,2,3,-1,0,1,1,2,2,2,1,1,1,1,1,1,1,0,0,0,-1,0,-1,0]","[-1,-1,-1,-1,0,1,1,2,-1,-1,0,0,1,2,3,0,0,1,1,1,1,0,1,1,1,2,1,1,2,2,2,0,3,-1,1,1]","[-2,-1,-1,0,1,1,1,1,0,0,-1,0,1,1,2,-1,-1,1,1,1,1,1,0,0,1,1,1,0,0,0,0,-1,-1,0,0,0]",c,"[[{8, 1}, {4, 7}, {2, 6}, {3, 5}], [{8, 1}, {4, 7}, {5, 6}, {2, 3}], [{8, 2}, {4, 7}, {1, 6}, {3, 5}], [{8, 2}, {4, 7}, {5, 6}, {1, 3}], [{8, 3}, {4, 7}, {5, 6}, {1, 2}], [{8, 6}, {4, 7}, {3, 5}, {1, 2}]]",1,4 K_1^2 K_2 - 2 K_1^2 - 8 K_1 K_2 - 4 K_1 K_3 + 4 K_1 - 4 K_2^2 + K_2 + 4 K_3 + 3 K_4 + 3,O1O2O3O4U3U2U5O6U7O5O7U8U4O8U1U6,O1O2O3U4U3U2U5O6O5U7O4O7U8U1O8U6,O1O2O3U4O5U3U5O6O7U6O8O4U8U2U1U7,c,{'O1O2O3O4U5U4O6U1U6O7O8U7O5U8U3U2'},1,"<a href=""/flatknot/8.850762"">8.850762</a>",t^9-21t^7-10t^6+34t^5+8t^4+12t^3+2t^2-2t,t^2-2t,,
8.850763,O1O2O3O4U5U4O6U1U7O8O7U2O5U3U6U8,3,26z^2+95z+87,-12w^4z^2+38w^3z^2+95w^2z+87w,False,False,"[[ 0 -2 -1  0  1 -1  1  1  1],[ 2  0  1  1  0  0  2  2  2],[ 1 -1  0  0  0  0  1  1  1],[ 0 -1  0  0  1 -1  0  0  0],[-1  0  0 -1  0 -1 -1 -1 -1],[ 1  0  0  1  1  0  1  2  1],[-1 -2 -1  0  1 -1  0 -1  0],[-1 -2 -1  0  1 -2  1  0  1],[-1 -2 -1  0  1 -1  0 -1  0]]","[[ 0  1  1  1  1  0 -1 -1 -2],[-1  0  1  1  1  0 -1 -2 -2],[-1 -1  0  1  0  0 -1 -1 -2],[-1 -1 -1  0 -1 -1  0 -1  0],[-1 -1  0  1  0  0 -1 -1 -2],[ 0  0  0  1  0  0  0 -1 -1],[ 1  1  1  0  1  0  0  0 -1],[ 1  2  1  1  1  1  0  0  0],[ 2  2  2  0  2  1  1  0  0]]",True,"[-1,-1,-1,-1,0,1,1,2,-1,-1,-1,0,1,2,2,-1,0,0,1,1,2,1,1,0,1,0,0,1,1,2,0,1,1,0,1,0]","[-2,-1,-1,0,1,1,1,1,0,1,1,0,2,2,2,0,1,1,1,1,2,0,0,1,1,1,1,0,0,0,-1,-1,-1,0,-1,-1]",t^8+31t^6+69t^4+26t^2,"[-2,-1,-1,0,1,1,1,1,0,1,1,1,1,1,3,0,1,1,1,1,2,0,0,1,1,1,1,1,1,0,-1,-1,-1,0,-1,-1]","[-1,-1,-1,-1,0,1,1,2,-1,-1,-1,0,1,2,3,-1,0,1,1,1,1,1,1,0,1,1,1,1,1,1,0,1,1,0,1,0]","[-2,-1,-1,0,1,1,1,1,0,1,1,0,2,2,2,0,1,1,1,1,2,0,0,1,1,1,1,0,0,0,-1,-1,-1,0,-1,-1]",c,"[[{8, 1}, {2, 7}, {3, 6}, {4, 5}], [{8, 1}, {2, 7}, {4, 6}, {3, 5}], [{8, 1}, {2, 7}, {5, 6}, {3, 4}], [{8, 1}, {2, 7}, {5, 6}, {4}, {3}], [{8, 1}, {3, 7}, {2, 6}, {4, 5}], [{8, 1}, {3, 7}, {4, 6}, {2, 5}], [{8, 1}, {3, 7}, {5, 6}, {2, 4}], [{8, 1}, {3, 7}, {5, 6}, {4}, {2}], [{8, 1}, {4, 7}, {2, 6}, {3, 5}], [{8, 1}, {4, 7}, {3, 6}, {2, 5}], [{8, 1}, {4, 7}, {5, 6}, {2, 3}], [{8, 1}, {4, 7}, {5, 6}, {3}, {2}], [{8, 1}, {5, 7}, {2, 6}, {3, 4}], [{8, 1}, {5, 7}, {3, 6}, {2, 4}], [{8, 1}, {5, 7}, {4, 6}, {2, 3}], [{8, 1}, {5, 7}, {6}, {3, 4}, {2}], [{8, 1}, {6, 7}, {2, 5}, {3, 4}], [{8, 1}, {6, 7}, {3, 5}, {2, 4}], [{8, 1}, {6, 7}, {4, 5}, {2, 3}], [{8, 1}, {6, 7}, {5}, {3, 4}, {2}], [{8, 1}, {7}, {2, 6}, {4, 5}, {3}], [{8, 1}, {7}, {4, 6}, {2, 5}, {3}], [{8, 1}, {7}, {5, 6}, {2, 4}, {3}], [{8, 1}, {7}, {5, 6}, {3, 4}, {2}], [{8, 1}, {7}, {5, 6}, {4}, {2, 3}], [{8, 1}, {7}, {5, 6}, {4}, {3}, {2}], [{8, 2}, {1, 7}, {3, 6}, {4, 5}], [{8, 2}, {1, 7}, {4, 6}, {3, 5}], [{8, 2}, {1, 7}, {5, 6}, {3, 4}], [{8, 2}, {1, 7}, {6}, {4, 5}, {3}], [{8, 2}, {3, 7}, {1, 6}, {4, 5}], [{8, 2}, {3, 7}, {4, 6}, {1, 5}], [{8, 2}, {3, 7}, {5, 6}, {1, 4}], [{8, 2}, {3, 7}, {6}, {5}, {1, 4}], [{8, 2}, {4, 7}, {1, 6}, {3, 5}], [{8, 2}, {4, 7}, {3, 6}, {1, 5}], [{8, 2}, {4, 7}, {5, 6}, {1, 3}], [{8, 2}, {4, 7}, {6}, {5}, {1, 3}], [{8, 2}, {5, 7}, {1, 6}, {3, 4}], [{8, 2}, {5, 7}, {3, 6}, {1, 4}], [{8, 2}, {5, 7}, {4, 6}, {1, 3}], [{8, 2}, {5, 7}, {6}, {3, 4}, {1}], [{8, 2}, {6, 7}, {1, 5}, {3, 4}], [{8, 2}, {6, 7}, {3, 5}, {1, 4}], [{8, 2}, {6, 7}, {4, 5}, {1, 3}], [{8, 2}, {6, 7}, {4, 5}, {3}, {1}], [{8, 2}, {7}, {1, 6}, {4, 5}, {3}], [{8, 2}, {7}, {4, 6}, {1, 5}, {3}], [{8, 3}, {1, 7}, {2, 6}, {4, 5}], [{8, 3}, {1, 7}, {4, 6}, {2, 5}], [{8, 3}, {1, 7}, {5, 6}, {2, 4}], [{8, 3}, {1, 7}, {6}, {2, 5}, {4}], [{8, 3}, {1, 7}, {6}, {4, 5}, {2}], [{8, 3}, {1, 7}, {6}, {5}, {2, 4}], [{8, 3}, {2, 7}, {1, 6}, {4, 5}], [{8, 3}, {2, 7}, {4, 6}, {1, 5}], [{8, 3}, {2, 7}, {5, 6}, {1, 4}], [{8, 3}, {2, 7}, {6}, {5}, {1, 4}], [{8, 3}, {4, 7}, {1, 6}, {2, 5}], [{8, 3}, {4, 7}, {2, 6}, {1, 5}], [{8, 3}, {4, 7}, {5, 6}, {1, 2}], [{8, 3}, {4, 7}, {5, 6}, {2}, {1}], [{8, 3}, {5, 7}, {1, 6}, {2, 4}], [{8, 3}, {5, 7}, {2, 6}, {1, 4}], [{8, 3}, {5, 7}, {4, 6}, {1, 2}], [{8, 3}, {5, 7}, {4, 6}, {2}, {1}], [{8, 3}, {6, 7}, {1, 5}, {2, 4}], [{8, 3}, {6, 7}, {2, 5}, {1, 4}], [{8, 3}, {6, 7}, {4, 5}, {1, 2}], [{8, 4}, {1, 7}, {2, 6}, {3, 5}], [{8, 4}, {1, 7}, {3, 6}, {2, 5}], [{8, 4}, {1, 7}, {5, 6}, {2, 3}], [{8, 4}, {1, 7}, {6}, {2, 5}, {3}], [{8, 4}, {2, 7}, {1, 6}, {3, 5}], [{8, 4}, {2, 7}, {3, 6}, {1, 5}], [{8, 4}, {2, 7}, {5, 6}, {1, 3}], [{8, 4}, {2, 7}, {5, 6}, {3}, {1}], [{8, 4}, {3, 7}, {1, 6}, {2, 5}], [{8, 4}, {3, 7}, {2, 6}, {1, 5}], [{8, 4}, {3, 7}, {5, 6}, {1, 2}], [{8, 4}, {3, 7}, {5, 6}, {2}, {1}], [{8, 4}, {5, 7}, {1, 6}, {2, 3}], [{8, 4}, {5, 7}, {2, 6}, {1, 3}], [{8, 4}, {5, 7}, {3, 6}, {1, 2}], [{8, 4}, {5, 7}, {3, 6}, {2}, {1}], [{8, 4}, {6, 7}, {1, 5}, {2, 3}], [{8, 4}, {6, 7}, {2, 5}, {1, 3}], [{8, 4}, {6, 7}, {2, 5}, {3}, {1}], [{8, 4}, {6, 7}, {3, 5}, {1, 2}], [{8, 4}, {7}, {1, 6}, {2, 5}, {3}], [{8, 4}, {7}, {2, 6}, {1, 5}, {3}], [{8, 4}, {7}, {5, 6}, {2, 3}, {1}], [{8, 5}, {1, 7}, {2, 6}, {3, 4}], [{8, 5}, {1, 7}, {3, 6}, {2, 4}], [{8, 5}, {1, 7}, {4, 6}, {2, 3}], [{8, 5}, {1, 7}, {6}, {2, 4}, {3}], [{8, 5}, {2, 7}, {1, 6}, {3, 4}], [{8, 5}, {2, 7}, {1, 6}, {4}, {3}], [{8, 5}, {2, 7}, {3, 6}, {1, 4}], [{8, 5}, {2, 7}, {4, 6}, {1, 3}], [{8, 5}, {2, 7}, {4, 6}, {3}, {1}], [{8, 5}, {2, 7}, {6}, {1, 4}, {3}], [{8, 5}, {3, 7}, {1, 6}, {2, 4}], [{8, 5}, {3, 7}, {1, 6}, {4}, {2}], [{8, 5}, {3, 7}, {2, 6}, {1, 4}], [{8, 5}, {3, 7}, {4, 6}, {1, 2}], [{8, 5}, {3, 7}, {4, 6}, {2}, {1}], [{8, 5}, {3, 7}, {6}, {1, 4}, {2}], [{8, 5}, {4, 7}, {1, 6}, {2, 3}], [{8, 5}, {4, 7}, {1, 6}, {3}, {2}], [{8, 5}, {4, 7}, {2, 6}, {1, 3}], [{8, 5}, {4, 7}, {3, 6}, {1, 2}], [{8, 5}, {4, 7}, {3, 6}, {2}, {1}], [{8, 5}, {4, 7}, {6}, {1, 3}, {2}], [{8, 5}, {6, 7}, {1, 4}, {2, 3}], [{8, 5}, {6, 7}, {2, 4}, {1, 3}], [{8, 5}, {6, 7}, {2, 4}, {3}, {1}], [{8, 5}, {6, 7}, {3, 4}, {1, 2}], [{8, 5}, {7}, {1, 6}, {2, 4}, {3}], [{8, 5}, {7}, {1, 6}, {3, 4}, {2}], [{8, 5}, {7}, {1, 6}, {4}, {2, 3}], [{8, 5}, {7}, {1, 6}, {4}, {3}, {2}], [{8, 5}, {7}, {4, 6}, {2, 3}, {1}], [{8, 5}, {7}, {6}, {1, 4}, {2, 3}], [{8, 6}, {1, 7}, {2, 5}, {3, 4}], [{8, 6}, {1, 7}, {2, 5}, {4}, {3}], [{8, 6}, {1, 7}, {3, 5}, {2, 4}], [{8, 6}, {1, 7}, {4, 5}, {2, 3}], [{8, 6}, {1, 7}, {4, 5}, {3}, {2}], [{8, 6}, {1, 7}, {5}, {2, 4}, {3}], [{8, 6}, {2, 7}, {1, 5}, {3, 4}], [{8, 6}, {2, 7}, {3, 5}, {1, 4}], [{8, 6}, {2, 7}, {4, 5}, {1, 3}], [{8, 6}, {2, 7}, {5}, {1, 4}, {3}], [{8, 6}, {3, 7}, {1, 5}, {2, 4}], [{8, 6}, {3, 7}, {2, 5}, {1, 4}], [{8, 6}, {3, 7}, {4, 5}, {1, 2}], [{8, 6}, {3, 7}, {5}, {1, 4}, {2}], [{8, 6}, {4, 7}, {1, 5}, {2, 3}], [{8, 6}, {4, 7}, {2, 5}, {1, 3}], [{8, 6}, {4, 7}, {3, 5}, {1, 2}], [{8, 6}, {4, 7}, {5}, {1, 3}, {2}], [{8, 6}, {5, 7}, {1, 4}, {2, 3}], [{8, 6}, {5, 7}, {2, 4}, {1, 3}], [{8, 6}, {5, 7}, {3, 4}, {1, 2}], [{8, 6}, {5, 7}, {3, 4}, {2}, {1}], [{8, 6}, {7}, {5}, {1, 4}, {2, 3}], [{8, 7}, {1, 6}, {2, 5}, {3, 4}], [{8, 7}, {1, 6}, {3, 5}, {2, 4}], [{8, 7}, {1, 6}, {4, 5}, {2, 3}], [{8, 7}, {1, 6}, {5}, {3, 4}, {2}], [{8, 7}, {2, 6}, {1, 5}, {3, 4}], [{8, 7}, {2, 6}, {3, 5}, {1, 4}], [{8, 7}, {2, 6}, {4, 5}, {1, 3}], [{8, 7}, {2, 6}, {4, 5}, {3}, {1}], [{8, 7}, {3, 6}, {1, 5}, {2, 4}], [{8, 7}, {3, 6}, {2, 5}, {1, 4}], [{8, 7}, {3, 6}, {4, 5}, {1, 2}], [{8, 7}, {4, 6}, {1, 5}, {2, 3}], [{8, 7}, {4, 6}, {2, 5}, {1, 3}], [{8, 7}, {4, 6}, {2, 5}, {3}, {1}], [{8, 7}, {4, 6}, {3, 5}, {1, 2}], [{8, 7}, {5, 6}, {1, 4}, {2, 3}], [{8, 7}, {5, 6}, {2, 4}, {1, 3}], [{8, 7}, {5, 6}, {2, 4}, {3}, {1}], [{8, 7}, {5, 6}, {3, 4}, {1, 2}], [{8, 7}, {6}, {5}, {1, 4}, {2, 3}], [{8}, {1, 7}, {2, 6}, {4, 5}, {3}], [{8}, {1, 7}, {3, 6}, {2, 5}, {4}], [{8}, {1, 7}, {3, 6}, {4, 5}, {2}], [{8}, {1, 7}, {3, 6}, {5}, {2, 4}], [{8}, {1, 7}, {4, 6}, {2, 5}, {3}], [{8}, {1, 7}, {5, 6}, {2, 4}, {3}], [{8}, {1, 7}, {6}, {2, 5}, {3, 4}], [{8}, {1, 7}, {6}, {2, 5}, {4}, {3}], [{8}, {1, 7}, {6}, {3, 5}, {2, 4}], [{8}, {1, 7}, {6}, {4, 5}, {2, 3}], [{8}, {1, 7}, {6}, {4, 5}, {3}, {2}], [{8}, {1, 7}, {6}, {5}, {2, 4}, {3}], [{8}, {2, 7}, {3, 6}, {5}, {1, 4}], [{8}, {2, 7}, {5, 6}, {1, 4}, {3}], [{8}, {2, 7}, {6}, {1, 5}, {3, 4}], [{8}, {2, 7}, {6}, {3, 5}, {1, 4}], [{8}, {2, 7}, {6}, {4, 5}, {1, 3}], [{8}, {2, 7}, {6}, {5}, {1, 4}, {3}], [{8}, {3, 7}, {2, 6}, {5}, {1, 4}], [{8}, {3, 7}, {5, 6}, {1, 4}, {2}], [{8}, {3, 7}, {6}, {1, 5}, {2, 4}], [{8}, {3, 7}, {6}, {2, 5}, {1, 4}], [{8}, {3, 7}, {6}, {4, 5}, {1, 2}], [{8}, {3, 7}, {6}, {5}, {1, 4}, {2}], [{8}, {4, 7}, {2, 6}, {5}, {1, 3}], [{8}, {4, 7}, {5, 6}, {1, 3}, {2}], [{8}, {4, 7}, {6}, {1, 5}, {2, 3}], [{8}, {4, 7}, {6}, {2, 5}, {1, 3}], [{8}, {4, 7}, {6}, {3, 5}, {1, 2}], [{8}, {4, 7}, {6}, {5}, {1, 3}, {2}], [{8}, {5, 7}, {1, 6}, {3, 4}, {2}], [{8}, {5, 7}, {2, 6}, {3, 4}, {1}], [{8}, {5, 7}, {6}, {1, 4}, {2, 3}], [{8}, {5, 7}, {6}, {2, 4}, {1, 3}], [{8}, {5, 7}, {6}, {3, 4}, {1, 2}], [{8}, {5, 7}, {6}, {3, 4}, {2}, {1}], [{8}, {6, 7}, {5}, {1, 4}, {2, 3}], [{8}, {7}, {5, 6}, {1, 4}, {2, 3}], [{8}, {7}, {6}, {5}, {1, 4}, {2, 3}]]",2,- 16 K_1^4 + 20 K_1^3 + 16 K_1^2 K_2 - 14 K_1^2 - 24 K_1 K_2 - 3 K_1 - 4 K_2^2 + 7 K_2 + 7 K_3 + 12,O1O2O3O4U5U6U2O7U3O8O5U8U4O6U1U7,O1O2O3U4U5U1U6O7O6U2O4O8U3U8O5U7,O1O2O3U4O5U6U1O6O7U2O8O4U8U3U5U7,c,{'O1O2O3O4U5U4O6U1U7O8O7U2O5U3U6U8'},1,"<a href=""/flatknot/8.850763"">8.850763</a>",t^9-33t^7-48t^6+60t^5+120t^4+69t^3+20t^2,t^2-2t,,
8.850764,O1O2O3O4U5U4O6U1U7O8O7U2O5U6U3U8,4,3z^3+36z^2+112z+105,3w^4z^3+36w^3z^2+112w^2z+105w,False,False,"[[ 0 -2 -1  1  1 -1  0  1  1],[ 2  0  1  2  0  0  1  2  2],[ 1 -1  0  1  0  0  0  1  1],[-1 -2 -1  0  1 -1 -1 -1  0],[-1  0  0 -1  0 -1 -1 -1 -1],[ 1  0  0  1  1  0  0  2  1],[ 0 -1  0  1  1  0  0  0  0],[-1 -2 -1  1  1 -2  0  0  1],[-1 -2 -1  0  1 -1  0 -1  0]]","[[ 0  1  1  1  1  0 -1 -1 -2],[-1  0  1  1  1  0 -1 -2 -2],[-1 -1  0  1  0  0 -1 -1 -2],[-1 -1 -1  0 -1 -1  0 -1  0],[-1 -1  0  1  0 -1 -1 -1 -2],[ 0  0  0  1  1  0  0  0 -1],[ 1  1  1  0  1  0  0  0 -1],[ 1  2  1  1  1  0  0  0  0],[ 2  2  2  0  2  1  1  0  0]]",True,"[-1,-1,-1,-1,0,1,1,2,-1,-1,-1,0,1,2,2,-1,0,0,1,1,2,1,1,0,1,0,1,1,1,2,0,0,1,0,1,0]","[-2,-1,-1,0,1,1,1,1,0,1,1,0,2,2,2,0,0,1,1,1,2,0,0,1,1,1,1,0,1,0,-1,-1,-1,0,-1,-1]",t^8+31t^6+82t^4+51t^2+4,"[-2,-1,-1,0,1,1,1,1,0,1,1,1,1,1,3,0,1,1,1,1,2,1,0,1,1,1,1,0,1,0,-1,-1,-1,0,-1,-1]","[-1,-1,-1,-1,0,1,1,2,-1,-1,-1,0,1,2,3,-1,0,0,1,1,1,1,1,0,1,1,1,1,1,1,1,1,1,0,1,0]","[-2,-1,-1,0,1,1,1,1,0,1,1,0,2,2,2,0,0,1,1,1,2,0,0,1,1,1,1,0,1,0,-1,-1,-1,0,-1,-1]",c,"[[{8, 1}, {2, 7}, {4, 6}, {3, 5}], [{8, 4}, {2, 7}, {1, 6}, {3, 5}], [{8, 6}, {2, 7}, {3, 5}, {1, 4}]]",1,4 K_1^3 + 8 K_1^2 K_2 - 14 K_1^2 - 8 K_1 K_2 - 8 K_1 K_3 + K_1 + 7 K_2 + 3 K_3 + 2 K_4 + 6,O1O2O3O4U5U2U6O7U3O8O5U8U4O6U1U7,O1O2O3U4U5U2U6O7O6U1O4O8U3U8O5U7,O1O2O3U4O5U6U1O6O7U3O8O4U8U2U5U7,c,{'O1O2O3O4U5U4O6U1U7O8O7U2O5U6U3U8'},1,"<a href=""/flatknot/8.850764"">8.850764</a>",t^9-33t^7-52t^6+81t^5+150t^4-25t^3-92t^2-29t-4,t^2-2t,,
8.850765,O1O2O3O4U5U4O6U1U7O8O7U2O5U6U8U3,4,24z^2+109z+123,24w^3z^2+109w^2z+123w,False,False,"[[ 0 -2 -1  2  1 -1  0  1  0],[ 2  0  1  2  0  0  1  2  1],[ 1 -1  0  2  0  0  0  1  0],[-2 -2 -2  0  1 -1 -2 -1 -1],[-1  0  0 -1  0 -1 -1 -1 -1],[ 1  0  0  1  1  0  0  2  0],[ 0 -1  0  2  1  0  0  0  0],[-1 -2 -1  1  1 -2  0  0  0],[ 0 -1  0  1  1  0  0  0  0]]","[[ 0  2  1  1  0  0 -1 -1 -2],[-2  0  1 -1 -1 -2 -1 -2 -2],[-1 -1  0 -1 -1 -1 -1  0  0],[-1  1  1  0  0  0 -2 -1 -2],[ 0  1  1  0  0  0  0  0 -1],[ 0  2  1  0  0  0  0  0 -1],[ 1  1  1  2  0  0  0  0  0],[ 1  2  0  1  0  0  0  0 -1],[ 2  2  0  2  1  1  0  1  0]]",True,"[-2,-1,-1,0,0,1,1,2,-1,1,1,2,1,2,2,1,1,1,1,0,0,0,0,2,1,2,0,0,0,1,0,0,1,0,0,1]","[-2,-1,-1,0,0,1,1,2,-1,1,1,2,1,2,2,1,1,1,1,0,0,0,0,2,1,2,0,0,0,1,0,0,1,0,0,1]",t^8+32t^6+118t^4+104t^2+9,"[-2,-1,-1,0,0,1,1,2,0,1,1,1,1,3,2,0,1,1,1,2,1,1,1,0,1,2,0,1,0,0,1,0,1,-1,0,2]","[-2,-1,-1,0,0,1,1,2,0,2,0,1,1,2,2,1,1,1,1,0,1,0,0,2,1,3,0,1,1,1,1,1,1,0,0,1]","[-2,-1,-1,0,0,1,1,2,0,1,1,1,0,2,2,0,0,0,1,2,1,0,0,0,1,2,0,1,0,1,1,0,2,-1,-1,1]",c,"[[{8, 1}, {2, 7}, {3, 6}, {4, 5}], [{8, 1}, {2, 7}, {3, 6}, {5}, {4}], [{8, 1}, {2, 7}, {4, 6}, {3, 5}], [{8, 1}, {2, 7}, {5, 6}, {3, 4}], [{8, 1}, {3, 7}, {2, 6}, {4, 5}], [{8, 1}, {3, 7}, {4, 6}, {2, 5}], [{8, 1}, {3, 7}, {5, 6}, {2, 4}], [{8, 1}, {3, 7}, {5, 6}, {4}, {2}], [{8, 1}, {4, 7}, {2, 6}, {3, 5}], [{8, 1}, {4, 7}, {2, 6}, {5}, {3}], [{8, 1}, {4, 7}, {3, 6}, {2, 5}], [{8, 1}, {4, 7}, {5, 6}, {2, 3}], [{8, 1}, {4, 7}, {5, 6}, {3}, {2}], [{8, 1}, {4, 7}, {6}, {2, 5}, {3}], [{8, 1}, {5, 7}, {2, 6}, {3, 4}], [{8, 1}, {5, 7}, {3, 6}, {2, 4}], [{8, 1}, {5, 7}, {4, 6}, {2, 3}], [{8, 1}, {6, 7}, {2, 5}, {3, 4}], [{8, 1}, {6, 7}, {2, 5}, {4}, {3}], [{8, 1}, {6, 7}, {3, 5}, {2, 4}], [{8, 1}, {6, 7}, {4, 5}, {2, 3}], [{8, 1}, {7}, {4, 6}, {2, 5}, {3}], [{8, 1}, {7}, {5, 6}, {3, 4}, {2}], [{8, 2}, {1, 7}, {3, 6}, {4, 5}], [{8, 2}, {1, 7}, {4, 6}, {3, 5}], [{8, 2}, {1, 7}, {5, 6}, {3, 4}], [{8, 2}, {3, 7}, {1, 6}, {4, 5}], [{8, 2}, {3, 7}, {4, 6}, {1, 5}], [{8, 2}, {3, 7}, {5, 6}, {1, 4}], [{8, 2}, {3, 7}, {6}, {1, 5}, {4}], [{8, 2}, {4, 7}, {1, 6}, {3, 5}], [{8, 2}, {4, 7}, {3, 6}, {1, 5}], [{8, 2}, {4, 7}, {5, 6}, {1, 3}], [{8, 2}, {5, 7}, {1, 6}, {3, 4}], [{8, 2}, {5, 7}, {3, 6}, {1, 4}], [{8, 2}, {5, 7}, {4, 6}, {1, 3}], [{8, 2}, {5, 7}, {4, 6}, {3}, {1}], [{8, 2}, {6, 7}, {1, 5}, {3, 4}], [{8, 2}, {6, 7}, {3, 5}, {1, 4}], [{8, 2}, {6, 7}, {4, 5}, {1, 3}], [{8, 2}, {6, 7}, {5}, {4}, {1, 3}], [{8, 2}, {7}, {6}, {4, 5}, {1, 3}], [{8, 3}, {1, 7}, {2, 6}, {4, 5}], [{8, 3}, {1, 7}, {4, 6}, {2, 5}], [{8, 3}, {1, 7}, {4, 6}, {5}, {2}], [{8, 3}, {1, 7}, {5, 6}, {2, 4}], [{8, 3}, {1, 7}, {6}, {2, 5}, {4}], [{8, 3}, {2, 7}, {1, 6}, {4, 5}], [{8, 3}, {2, 7}, {4, 6}, {1, 5}], [{8, 3}, {2, 7}, {5, 6}, {1, 4}], [{8, 3}, {2, 7}, {6}, {5}, {1, 4}], [{8, 3}, {4, 7}, {1, 6}, {2, 5}], [{8, 3}, {4, 7}, {2, 6}, {1, 5}], [{8, 3}, {4, 7}, {5, 6}, {1, 2}], [{8, 3}, {5, 7}, {1, 6}, {2, 4}], [{8, 3}, {5, 7}, {2, 6}, {1, 4}], [{8, 3}, {5, 7}, {4, 6}, {1, 2}], [{8, 3}, {6, 7}, {1, 5}, {2, 4}], [{8, 3}, {6, 7}, {2, 5}, {1, 4}], [{8, 3}, {6, 7}, {4, 5}, {1, 2}], [{8, 3}, {7}, {2, 6}, {4, 5}, {1}], [{8, 3}, {7}, {4, 6}, {2, 5}, {1}], [{8, 4}, {1, 7}, {2, 6}, {3, 5}], [{8, 4}, {1, 7}, {2, 6}, {5}, {3}], [{8, 4}, {1, 7}, {3, 6}, {2, 5}], [{8, 4}, {1, 7}, {5, 6}, {2, 3}], [{8, 4}, {2, 7}, {1, 6}, {3, 5}], [{8, 4}, {2, 7}, {3, 6}, {1, 5}], [{8, 4}, {2, 7}, {3, 6}, {5}, {1}], [{8, 4}, {2, 7}, {5, 6}, {1, 3}], [{8, 4}, {3, 7}, {1, 6}, {2, 5}], [{8, 4}, {3, 7}, {2, 6}, {1, 5}], [{8, 4}, {3, 7}, {2, 6}, {5}, {1}], [{8, 4}, {3, 7}, {5, 6}, {1, 2}], [{8, 4}, {5, 7}, {1, 6}, {2, 3}], [{8, 4}, {5, 7}, {2, 6}, {1, 3}], [{8, 4}, {5, 7}, {3, 6}, {1, 2}], [{8, 4}, {6, 7}, {1, 5}, {2, 3}], [{8, 4}, {6, 7}, {2, 5}, {1, 3}], [{8, 4}, {6, 7}, {3, 5}, {1, 2}], [{8, 4}, {7}, {1, 6}, {5}, {2, 3}], [{8, 4}, {7}, {2, 6}, {5}, {1, 3}], [{8, 4}, {7}, {5, 6}, {1, 3}, {2}], [{8, 4}, {7}, {6}, {2, 5}, {1, 3}], [{8, 5}, {1, 7}, {2, 6}, {3, 4}], [{8, 5}, {1, 7}, {3, 6}, {2, 4}], [{8, 5}, {1, 7}, {4, 6}, {2, 3}], [{8, 5}, {2, 7}, {1, 6}, {3, 4}], [{8, 5}, {2, 7}, {3, 6}, {1, 4}], [{8, 5}, {2, 7}, {3, 6}, {4}, {1}], [{8, 5}, {2, 7}, {4, 6}, {1, 3}], [{8, 5}, {2, 7}, {6}, {1, 4}, {3}], [{8, 5}, {3, 7}, {1, 6}, {2, 4}], [{8, 5}, {3, 7}, {2, 6}, {1, 4}], [{8, 5}, {3, 7}, {2, 6}, {4}, {1}], [{8, 5}, {3, 7}, {4, 6}, {1, 2}], [{8, 5}, {3, 7}, {4, 6}, {2}, {1}], [{8, 5}, {3, 7}, {6}, {2, 4}, {1}], [{8, 5}, {4, 7}, {1, 6}, {2, 3}], [{8, 5}, {4, 7}, {2, 6}, {1, 3}], [{8, 5}, {4, 7}, {3, 6}, {1, 2}], [{8, 5}, {6, 7}, {1, 4}, {2, 3}], [{8, 5}, {6, 7}, {2, 4}, {1, 3}], [{8, 5}, {6, 7}, {3, 4}, {1, 2}], [{8, 6}, {1, 7}, {2, 5}, {3, 4}], [{8, 6}, {1, 7}, {3, 5}, {2, 4}], [{8, 6}, {1, 7}, {4, 5}, {2, 3}], [{8, 6}, {2, 7}, {1, 5}, {3, 4}], [{8, 6}, {2, 7}, {3, 5}, {1, 4}], [{8, 6}, {2, 7}, {4, 5}, {1, 3}], [{8, 6}, {2, 7}, {5}, {1, 4}, {3}], [{8, 6}, {3, 7}, {1, 5}, {2, 4}], [{8, 6}, {3, 7}, {2, 5}, {1, 4}], [{8, 6}, {3, 7}, {4, 5}, {1, 2}], [{8, 6}, {4, 7}, {1, 5}, {2, 3}], [{8, 6}, {4, 7}, {2, 5}, {1, 3}], [{8, 6}, {4, 7}, {3, 5}, {1, 2}], [{8, 6}, {5, 7}, {1, 4}, {2, 3}], [{8, 6}, {5, 7}, {2, 4}, {1, 3}], [{8, 6}, {5, 7}, {3, 4}, {1, 2}], [{8, 6}, {7}, {1, 5}, {4}, {2, 3}], [{8, 6}, {7}, {2, 5}, {4}, {1, 3}], [{8, 7}, {1, 6}, {2, 5}, {3, 4}], [{8, 7}, {1, 6}, {3, 5}, {2, 4}], [{8, 7}, {1, 6}, {4, 5}, {2, 3}], [{8, 7}, {2, 6}, {1, 5}, {3, 4}], [{8, 7}, {2, 6}, {3, 5}, {1, 4}], [{8, 7}, {2, 6}, {4, 5}, {1, 3}], [{8, 7}, {2, 6}, {4, 5}, {3}, {1}], [{8, 7}, {3, 6}, {1, 5}, {2, 4}], [{8, 7}, {3, 6}, {2, 5}, {1, 4}], [{8, 7}, {3, 6}, {4, 5}, {1, 2}], [{8, 7}, {4, 6}, {1, 5}, {2, 3}], [{8, 7}, {4, 6}, {2, 5}, {1, 3}], [{8, 7}, {4, 6}, {3, 5}, {1, 2}], [{8, 7}, {4, 6}, {5}, {2, 3}, {1}], [{8, 7}, {5, 6}, {1, 4}, {2, 3}], [{8, 7}, {5, 6}, {2, 4}, {1, 3}], [{8, 7}, {5, 6}, {3, 4}, {1, 2}], [{8, 7}, {6}, {2, 5}, {3, 4}, {1}], [{8, 7}, {6}, {4, 5}, {1, 3}, {2}], [{8}, {2, 7}, {1, 6}, {3, 5}, {4}], [{8}, {2, 7}, {1, 6}, {4, 5}, {3}], [{8}, {2, 7}, {1, 6}, {5}, {3, 4}], [{8}, {2, 7}, {3, 6}, {1, 5}, {4}], [{8}, {2, 7}, {3, 6}, {4, 5}, {1}], [{8}, {2, 7}, {3, 6}, {5}, {1, 4}], [{8}, {2, 7}, {3, 6}, {5}, {4}, {1}], [{8}, {2, 7}, {4, 6}, {1, 5}, {3}], [{8}, {2, 7}, {4, 6}, {3, 5}, {1}], [{8}, {2, 7}, {4, 6}, {5}, {1, 3}], [{8}, {2, 7}, {5, 6}, {1, 4}, {3}], [{8}, {2, 7}, {5, 6}, {3, 4}, {1}], [{8}, {2, 7}, {5, 6}, {4}, {1, 3}], [{8}, {2, 7}, {6}, {1, 5}, {3, 4}], [{8}, {2, 7}, {6}, {3, 5}, {1, 4}], [{8}, {2, 7}, {6}, {4, 5}, {1, 3}], [{8}, {2, 7}, {6}, {5}, {1, 4}, {3}], [{8}, {3, 7}, {2, 6}, {4, 5}, {1}], [{8}, {3, 7}, {4, 6}, {5}, {1, 2}], [{8}, {3, 7}, {6}, {2, 5}, {1, 4}], [{8}, {4, 7}, {3, 6}, {2, 5}, {1}], [{8}, {5, 7}, {1, 6}, {2, 4}, {3}], [{8}, {5, 7}, {2, 6}, {4}, {1, 3}], [{8}, {5, 7}, {3, 6}, {2, 4}, {1}], [{8}, {5, 7}, {4, 6}, {1, 3}, {2}], [{8}, {5, 7}, {6}, {1, 4}, {2, 3}], [{8}, {5, 7}, {6}, {2, 4}, {1, 3}], [{8}, {5, 7}, {6}, {3, 4}, {1, 2}], [{8}, {6, 7}, {1, 5}, {2, 4}, {3}], [{8}, {6, 7}, {3, 5}, {4}, {1, 2}], [{8}, {7}, {4, 6}, {2, 5}, {1, 3}]]",2,16 K_1^3 + 4 K_1^2 K_2 - 18 K_1^2 - 20 K_1 K_2 - 6 K_1 K_3 - 2 K_1 - 2 K_2^2 + 10 K_2 + 6 K_3 + 3 K_4 + 10,O1O2O3O4U2U5U6O7U3O8O5U8U4O6U1U7,O1O2O3U4U5U3U6O7O6U1O4O8U2U8O5U7,O1O2O3U4O5U6U2O6O7U3O8O4U8U1U5U7,c,{'O1O2O3O4U5U4O6U1U7O8O7U2O5U6U8U3'},1,"<a href=""/flatknot/8.850765"">8.850765</a>",t^9-32t^7-48t^6+132t^5+184t^4-136t^3-176t^2-28t+8,0,,
8.850766,O1O2O3O4U5U4O6U1U7O8O7U2O5U8U6U3,4,21z^2+106z+129,21w^3z^2+106w^2z+129w,False,False,"[[ 0 -2 -1  2  1 -1  1  1 -1],[ 2  0  1  2  0  0  1  2  0],[ 1 -1  0  2  0  0  1  1 -1],[-2 -2 -2  0  1 -1 -1 -1 -2],[-1  0  0 -1  0 -1 -1 -1 -1],[ 1  0  0  1  1  0  0  2  0],[-1 -1 -1  1  1  0  0  0 -1],[-1 -2 -1  1  1 -2  0  0 -1],[ 1  0  1  2  1  0  1  1  0]]","[[ 0  2  1  1  1 -1 -1 -1 -2],[-2  0  1 -1 -1 -1 -2 -2 -2],[-1 -1  0 -1 -1 -1  0 -1  0],[-1  1  1  0  0  0 -1 -1 -1],[-1  1  1  0  0 -2 -1 -1 -2],[ 1  1  1  0  2  0  0  0  0],[ 1  2  0  1  1  0  0 -1 -1],[ 1  2  1  1  1  0  1  0  0],[ 2  2  0  1  2  0  1  0  0]]",True,"[-2,-1,-1,-1,1,1,1,2,-1,1,1,1,2,2,2,1,1,1,0,1,0,0,0,1,1,1,2,1,1,2,0,0,0,1,1,0]","[-2,-1,-1,-1,1,1,1,2,-1,1,1,1,2,2,2,1,1,1,0,1,0,0,0,1,1,1,2,1,1,2,0,0,0,1,1,0]",t^8+35t^6+125t^4+105t^2+1,"[-2,-1,-1,-1,1,1,1,2,0,1,1,1,2,3,2,0,1,1,1,2,1,0,0,2,1,2,1,1,1,1,0,-1,0,-1,0,2]","[-2,-1,-1,-1,1,1,1,2,0,0,2,1,1,2,2,0,1,1,1,0,1,1,1,1,2,2,1,2,1,3,1,0,1,0,0,1]","[-2,-1,-1,-1,1,1,1,2,0,0,1,0,1,2,2,0,0,1,0,2,1,1,1,1,1,2,0,1,1,2,-1,-1,-1,0,1,1]",c,"[[{8, 4}, {2, 7}, {5, 6}, {1, 3}]]",1,8 K_1^3 + 4 K_1^2 K_2 - 16 K_1^2 - 28 K_1 K_2 - 4 K_1 K_3 + 8 K_1 - 12 K_2^2 + 8 K_2 + 12 K_3 + 7 K_4 + 14,O1O2O3O4U2U5U6O7U3O8O6U8U4O5U1U7,O1O2O3U4U5U3U6O7O6U2O4O8U1U8O5U7,O1O2O3U4O5U6U3O6O7U2O8O4U8U1U5U7,c,{'O1O2O3O4U5U4O6U1U7O8O7U2O5U8U6U3'},1,"<a href=""/flatknot/8.850766"">8.850766</a>",t^9-35t^7-66t^6+87t^5+236t^4+22t^3-174t^2-112t-42,0,,
8.850767,O1O2O3O4U5U4O6U1U7O8O7U3O5U2U6U8,4,3z^3+36z^2+112z+105,3w^4z^3+36w^3z^2+112w^2z+105w,False,False,"[[ 0 -2 -1  0  1 -1  1  1  1],[ 2  0  1  1  0  0  2  2  2],[ 1 -1  0  1  1 -1  1  1  1],[ 0 -1 -1  0  0 -1  0  0  0],[-1  0 -1  0  0 -1 -1 -1 -1],[ 1  0  1  1  1  0  1  2  1],[-1 -2 -1  0  1 -1  0 -1  0],[-1 -2 -1  0  1 -2  1  0  1],[-1 -2 -1  0  1 -1  0 -1  0]]","[[ 0  1  1  1  1  0 -1 -1 -2],[-1  0  1  1  1  0 -1 -2 -2],[-1 -1  0  1  0  0 -1 -1 -2],[-1 -1 -1  0 -1  0 -1 -1  0],[-1 -1  0  1  0  0 -1 -1 -2],[ 0  0  0  0  0  0 -1 -1 -1],[ 1  1  1  1  1  1  0 -1 -1],[ 1  2  1  1  1  1  1  0  0],[ 2  2  2  0  2  1  1  0  0]]",True,"[-1,-1,-1,-1,0,1,1,2,-1,-1,-1,0,1,2,2,-1,0,0,1,1,2,1,0,1,1,0,0,1,1,2,1,1,1,1,1,0]","[-2,-1,-1,0,1,1,1,1,0,1,1,0,2,2,2,1,1,1,1,1,2,1,1,1,1,1,0,0,0,0,-1,-1,-1,0,-1,-1]",t^8+33t^6+63t^4+15t^2,"[-2,-1,-1,0,1,1,1,1,0,1,1,1,1,1,3,1,0,1,1,1,1,0,0,1,1,1,1,1,1,1,-1,-1,-1,0,-1,-1]","[-1,-1,-1,-1,0,1,1,2,-1,-1,-1,1,1,1,3,-1,0,1,1,1,1,1,1,0,1,1,1,1,1,1,0,0,1,1,1,0]","[-2,-1,-1,0,1,1,1,1,0,1,1,0,2,2,2,1,1,1,1,1,2,1,1,1,1,1,0,0,0,0,-1,-1,-1,0,-1,-1]",c,"[[{8, 1}, {2, 7}, {3, 6}, {4, 5}], [{8, 1}, {2, 7}, {3, 6}, {5}, {4}], [{8, 1}, {2, 7}, {4, 6}, {3, 5}], [{8, 1}, {2, 7}, {5, 6}, {3, 4}], [{8, 1}, {3, 7}, {2, 6}, {4, 5}], [{8, 1}, {3, 7}, {4, 6}, {2, 5}], [{8, 1}, {3, 7}, {5, 6}, {2, 4}], [{8, 1}, {3, 7}, {5, 6}, {4}, {2}], [{8, 1}, {4, 7}, {2, 6}, {3, 5}], [{8, 1}, {4, 7}, {3, 6}, {2, 5}], [{8, 1}, {4, 7}, {5, 6}, {2, 3}], [{8, 1}, {5, 7}, {2, 6}, {3, 4}], [{8, 1}, {5, 7}, {2, 6}, {4}, {3}], [{8, 1}, {5, 7}, {3, 6}, {2, 4}], [{8, 1}, {5, 7}, {4, 6}, {2, 3}], [{8, 1}, {6, 7}, {2, 5}, {3, 4}], [{8, 1}, {6, 7}, {3, 5}, {2, 4}], [{8, 1}, {6, 7}, {3, 5}, {4}, {2}], [{8, 1}, {6, 7}, {4, 5}, {2, 3}], [{8, 1}, {6, 7}, {5}, {2, 4}, {3}], [{8, 2}, {1, 7}, {3, 6}, {4, 5}], [{8, 2}, {1, 7}, {3, 6}, {5}, {4}], [{8, 2}, {1, 7}, {4, 6}, {3, 5}], [{8, 2}, {1, 7}, {5, 6}, {3, 4}], [{8, 2}, {3, 7}, {1, 6}, {4, 5}], [{8, 2}, {3, 7}, {4, 6}, {1, 5}], [{8, 2}, {3, 7}, {5, 6}, {1, 4}], [{8, 2}, {3, 7}, {6}, {5}, {1, 4}], [{8, 2}, {4, 7}, {1, 6}, {3, 5}], [{8, 2}, {4, 7}, {3, 6}, {1, 5}], [{8, 2}, {4, 7}, {5, 6}, {1, 3}], [{8, 2}, {5, 7}, {1, 6}, {3, 4}], [{8, 2}, {5, 7}, {1, 6}, {4}, {3}], [{8, 2}, {5, 7}, {3, 6}, {1, 4}], [{8, 2}, {5, 7}, {4, 6}, {1, 3}], [{8, 2}, {5, 7}, {4, 6}, {3}, {1}], [{8, 2}, {5, 7}, {6}, {1, 4}, {3}], [{8, 2}, {6, 7}, {1, 5}, {3, 4}], [{8, 2}, {6, 7}, {3, 5}, {1, 4}], [{8, 2}, {6, 7}, {4, 5}, {1, 3}], [{8, 2}, {7}, {6}, {3, 5}, {1, 4}], [{8, 3}, {1, 7}, {2, 6}, {4, 5}], [{8, 3}, {1, 7}, {2, 6}, {5}, {4}], [{8, 3}, {1, 7}, {4, 6}, {2, 5}], [{8, 3}, {1, 7}, {5, 6}, {2, 4}], [{8, 3}, {2, 7}, {1, 6}, {4, 5}], [{8, 3}, {2, 7}, {1, 6}, {5}, {4}], [{8, 3}, {2, 7}, {4, 6}, {1, 5}], [{8, 3}, {2, 7}, {5, 6}, {1, 4}], [{8, 3}, {4, 7}, {1, 6}, {2, 5}], [{8, 3}, {4, 7}, {2, 6}, {1, 5}], [{8, 3}, {4, 7}, {5, 6}, {1, 2}], [{8, 3}, {5, 7}, {1, 6}, {2, 4}], [{8, 3}, {5, 7}, {2, 6}, {1, 4}], [{8, 3}, {5, 7}, {4, 6}, {1, 2}], [{8, 3}, {5, 7}, {6}, {1, 4}, {2}], [{8, 3}, {6, 7}, {1, 5}, {2, 4}], [{8, 3}, {6, 7}, {2, 5}, {1, 4}], [{8, 3}, {6, 7}, {4, 5}, {1, 2}], [{8, 3}, {6, 7}, {5}, {1, 4}, {2}], [{8, 3}, {7}, {4, 6}, {5}, {1, 2}], [{8, 3}, {7}, {5, 6}, {1, 4}, {2}], [{8, 4}, {1, 7}, {2, 6}, {3, 5}], [{8, 4}, {1, 7}, {3, 6}, {2, 5}], [{8, 4}, {1, 7}, {5, 6}, {2, 3}], [{8, 4}, {1, 7}, {5, 6}, {3}, {2}], [{8, 4}, {2, 7}, {1, 6}, {3, 5}], [{8, 4}, {2, 7}, {3, 6}, {1, 5}], [{8, 4}, {2, 7}, {5, 6}, {1, 3}], [{8, 4}, {3, 7}, {1, 6}, {2, 5}], [{8, 4}, {3, 7}, {2, 6}, {1, 5}], [{8, 4}, {3, 7}, {5, 6}, {1, 2}], [{8, 4}, {3, 7}, {5, 6}, {2}, {1}], [{8, 4}, {5, 7}, {1, 6}, {2, 3}], [{8, 4}, {5, 7}, {2, 6}, {1, 3}], [{8, 4}, {5, 7}, {2, 6}, {3}, {1}], [{8, 4}, {5, 7}, {3, 6}, {1, 2}], [{8, 4}, {6, 7}, {1, 5}, {2, 3}], [{8, 4}, {6, 7}, {2, 5}, {1, 3}], [{8, 4}, {6, 7}, {2, 5}, {3}, {1}], [{8, 4}, {6, 7}, {3, 5}, {1, 2}], [{8, 4}, {6, 7}, {3, 5}, {2}, {1}], [{8, 4}, {6, 7}, {5}, {2, 3}, {1}], [{8, 4}, {7}, {3, 6}, {5}, {1, 2}], [{8, 4}, {7}, {5, 6}, {1, 3}, {2}], [{8, 5}, {1, 7}, {2, 6}, {3, 4}], [{8, 5}, {1, 7}, {3, 6}, {2, 4}], [{8, 5}, {1, 7}, {4, 6}, {2, 3}], [{8, 5}, {1, 7}, {4, 6}, {3}, {2}], [{8, 5}, {2, 7}, {1, 6}, {3, 4}], [{8, 5}, {2, 7}, {3, 6}, {1, 4}], [{8, 5}, {2, 7}, {4, 6}, {1, 3}], [{8, 5}, {3, 7}, {1, 6}, {2, 4}], [{8, 5}, {3, 7}, {1, 6}, {4}, {2}], [{8, 5}, {3, 7}, {2, 6}, {1, 4}], [{8, 5}, {3, 7}, {4, 6}, {1, 2}], [{8, 5}, {3, 7}, {4, 6}, {2}, {1}], [{8, 5}, {3, 7}, {6}, {1, 4}, {2}], [{8, 5}, {4, 7}, {1, 6}, {2, 3}], [{8, 5}, {4, 7}, {2, 6}, {1, 3}], [{8, 5}, {4, 7}, {3, 6}, {1, 2}], [{8, 5}, {6, 7}, {1, 4}, {2, 3}], [{8, 5}, {6, 7}, {1, 4}, {3}, {2}], [{8, 5}, {6, 7}, {2, 4}, {1, 3}], [{8, 5}, {6, 7}, {3, 4}, {1, 2}], [{8, 5}, {7}, {3, 6}, {1, 4}, {2}], [{8, 5}, {7}, {4, 6}, {1, 3}, {2}], [{8, 6}, {1, 7}, {2, 5}, {3, 4}], [{8, 6}, {1, 7}, {3, 5}, {2, 4}], [{8, 6}, {1, 7}, {4, 5}, {2, 3}], [{8, 6}, {2, 7}, {1, 5}, {3, 4}], [{8, 6}, {2, 7}, {3, 5}, {1, 4}], [{8, 6}, {2, 7}, {4, 5}, {1, 3}], [{8, 6}, {3, 7}, {1, 5}, {2, 4}], [{8, 6}, {3, 7}, {2, 5}, {1, 4}], [{8, 6}, {3, 7}, {4, 5}, {1, 2}], [{8, 6}, {3, 7}, {5}, {1, 4}, {2}], [{8, 6}, {4, 7}, {1, 5}, {2, 3}], [{8, 6}, {4, 7}, {2, 5}, {1, 3}], [{8, 6}, {4, 7}, {3, 5}, {1, 2}], [{8, 6}, {5, 7}, {1, 4}, {2, 3}], [{8, 6}, {5, 7}, {1, 4}, {3}, {2}], [{8, 6}, {5, 7}, {2, 4}, {1, 3}], [{8, 6}, {5, 7}, {3, 4}, {1, 2}], [{8, 6}, {7}, {3, 5}, {1, 4}, {2}], [{8, 7}, {1, 6}, {2, 5}, {3, 4}], [{8, 7}, {1, 6}, {3, 5}, {2, 4}], [{8, 7}, {1, 6}, {3, 5}, {4}, {2}], [{8, 7}, {1, 6}, {4, 5}, {2, 3}], [{8, 7}, {1, 6}, {5}, {2, 4}, {3}], [{8, 7}, {2, 6}, {1, 5}, {3, 4}], [{8, 7}, {2, 6}, {3, 5}, {1, 4}], [{8, 7}, {2, 6}, {4, 5}, {1, 3}], [{8, 7}, {3, 6}, {1, 5}, {2, 4}], [{8, 7}, {3, 6}, {2, 5}, {1, 4}], [{8, 7}, {3, 6}, {4, 5}, {1, 2}], [{8, 7}, {3, 6}, {5}, {1, 4}, {2}], [{8, 7}, {4, 6}, {1, 5}, {2, 3}], [{8, 7}, {4, 6}, {2, 5}, {1, 3}], [{8, 7}, {4, 6}, {2, 5}, {3}, {1}], [{8, 7}, {4, 6}, {3, 5}, {1, 2}], [{8, 7}, {4, 6}, {3, 5}, {2}, {1}], [{8, 7}, {4, 6}, {5}, {2, 3}, {1}], [{8, 7}, {5, 6}, {1, 4}, {2, 3}], [{8, 7}, {5, 6}, {1, 4}, {3}, {2}], [{8, 7}, {5, 6}, {2, 4}, {1, 3}], [{8, 7}, {5, 6}, {3, 4}, {1, 2}], [{8, 7}, {6}, {3, 5}, {1, 4}, {2}], [{8}, {1, 7}, {6}, {2, 5}, {3, 4}], [{8}, {1, 7}, {6}, {3, 5}, {2, 4}], [{8}, {1, 7}, {6}, {4, 5}, {2, 3}], [{8}, {2, 7}, {6}, {1, 5}, {3, 4}], [{8}, {2, 7}, {6}, {3, 5}, {1, 4}], [{8}, {2, 7}, {6}, {4, 5}, {1, 3}], [{8}, {3, 7}, {2, 6}, {5}, {1, 4}], [{8}, {3, 7}, {5, 6}, {1, 4}, {2}], [{8}, {3, 7}, {6}, {1, 5}, {2, 4}], [{8}, {3, 7}, {6}, {2, 5}, {1, 4}], [{8}, {3, 7}, {6}, {4, 5}, {1, 2}], [{8}, {3, 7}, {6}, {5}, {1, 4}, {2}], [{8}, {4, 7}, {6}, {1, 5}, {2, 3}], [{8}, {4, 7}, {6}, {2, 5}, {1, 3}], [{8}, {4, 7}, {6}, {3, 5}, {1, 2}], [{8}, {5, 7}, {2, 6}, {1, 4}, {3}], [{8}, {5, 7}, {3, 6}, {1, 4}, {2}], [{8}, {5, 7}, {6}, {1, 4}, {2, 3}], [{8}, {5, 7}, {6}, {1, 4}, {3}, {2}], [{8}, {5, 7}, {6}, {2, 4}, {1, 3}], [{8}, {5, 7}, {6}, {3, 4}, {1, 2}], [{8}, {6, 7}, {3, 5}, {1, 4}, {2}], [{8}, {7}, {2, 6}, {3, 5}, {1, 4}], [{8}, {7}, {6}, {3, 5}, {1, 4}, {2}]]",2,12 K_1^3 + 8 K_1^2 K_2 - 22 K_1^2 - 16 K_1 K_2 - 8 K_1 K_3 - K_1 + 11 K_2 + 5 K_3 + 2 K_4 + 10,O1O2O3O4U5U6U3O7U2O8O5U8U4O6U1U7,O1O2O3U4U1U5U6O7O6U2O4O8U3U8O5U7,O1O2O3U4O5U6U1O6O7U2O8O4U8U5U3U7,c,{'O1O2O3O4U5U4O6U1U7O8O7U3O5U2U6U8'},1,"<a href=""/flatknot/8.850767"">8.850767</a>",t^9-35t^7-68t^6+20t^5+58t^4-18t^3+8t^2+10t,t^2-2t,,
8.850768,O1O2O3O4U5U4O6U1U7O8O7U3O5U6U2U8,4,6z^3+42z^2+105z+91,-2w^5z^3+8w^4z^3-6w^4z^2+48w^3z^2+105w^2z+91w,False,False,"[[ 0 -2  0  0  1 -1  0  1  1],[ 2  0  2  1  0  0  1  2  2],[ 0 -2  0  0  1 -1  0  0  1],[ 0 -1  0  0  0 -1  0  0  0],[-1  0 -1  0  0 -1 -1 -1 -1],[ 1  0  1  1  1  0  0  2  1],[ 0 -1  0  0  1  0  0  0  0],[-1 -2  0  0  1 -2  0  0  1],[-1 -2 -1  0  1 -1  0 -1  0]]","[[ 0  1  1  1  0  0  0 -1 -2],[-1  0  1  1  0  0  0 -2 -2],[-1 -1  0  1  0  0 -1 -1 -2],[-1 -1 -1  0  0 -1 -1 -1  0],[ 0  0  0  0  0  0  0 -1 -1],[ 0  0  0  1  0  0  0  0 -1],[ 0  0  1  1  0  0  0 -1 -2],[ 1  2  1  1  1  0  1  0  0],[ 2  2  2  0  1  1  2  0  0]]",True,"[-1,-1,-1,0,0,0,1,2,-1,-1,0,0,0,2,2,-1,0,0,1,1,2,0,1,1,1,0,0,0,1,1,0,0,1,1,2,0]","[-2,-1,0,0,0,1,1,1,0,1,1,2,0,2,2,0,1,1,1,1,2,0,0,1,0,0,0,0,0,0,1,1,0,-1,-1,-1]",t^8+28t^6+63t^4+18t^2+1,"[-2,-1,0,0,0,1,1,1,1,0,1,1,1,1,3,0,0,1,0,1,1,0,0,1,0,0,0,1,1,1,1,1,0,-1,-1,-1]","[-1,-1,-1,0,0,0,1,2,-1,-1,0,0,1,1,3,-1,0,1,1,1,1,1,1,1,0,1,0,0,0,0,0,1,1,0,1,1]","[-2,-1,0,0,0,1,1,1,0,1,1,2,0,2,2,0,1,1,1,1,2,0,0,1,0,0,0,0,0,0,1,1,0,-1,-1,-1]",c,"[[{8, 1}, {2, 7}, {3, 6}, {4, 5}], [{8, 1}, {2, 7}, {4, 6}, {3, 5}], [{8, 1}, {2, 7}, {5, 6}, {3, 4}], [{8, 1}, {2, 7}, {5, 6}, {4}, {3}], [{8, 1}, {3, 7}, {2, 6}, {4, 5}], [{8, 1}, {3, 7}, {4, 6}, {2, 5}], [{8, 1}, {3, 7}, {4, 6}, {5}, {2}], [{8, 1}, {3, 7}, {5, 6}, {2, 4}], [{8, 1}, {4, 7}, {2, 6}, {3, 5}], [{8, 1}, {4, 7}, {3, 6}, {2, 5}], [{8, 1}, {4, 7}, {5, 6}, {2, 3}], [{8, 1}, {4, 7}, {5, 6}, {3}, {2}], [{8, 1}, {5, 7}, {2, 6}, {3, 4}], [{8, 1}, {5, 7}, {3, 6}, {2, 4}], [{8, 1}, {5, 7}, {4, 6}, {2, 3}], [{8, 1}, {5, 7}, {6}, {2, 4}, {3}], [{8, 1}, {5, 7}, {6}, {3, 4}, {2}], [{8, 1}, {5, 7}, {6}, {4}, {2, 3}], [{8, 1}, {6, 7}, {2, 5}, {3, 4}], [{8, 1}, {6, 7}, {3, 5}, {2, 4}], [{8, 1}, {6, 7}, {3, 5}, {4}, {2}], [{8, 1}, {6, 7}, {4, 5}, {2, 3}], [{8, 1}, {6, 7}, {5}, {2, 4}, {3}], [{8, 1}, {7}, {3, 6}, {4, 5}, {2}], [{8, 1}, {7}, {5, 6}, {2, 4}, {3}], [{8, 2}, {1, 7}, {3, 6}, {4, 5}], [{8, 2}, {1, 7}, {4, 6}, {3, 5}], [{8, 2}, {1, 7}, {5, 6}, {3, 4}], [{8, 2}, {3, 7}, {1, 6}, {4, 5}], [{8, 2}, {3, 7}, {4, 6}, {1, 5}], [{8, 2}, {3, 7}, {5, 6}, {1, 4}], [{8, 2}, {3, 7}, {6}, {5}, {1, 4}], [{8, 2}, {4, 7}, {1, 6}, {3, 5}], [{8, 2}, {4, 7}, {3, 6}, {1, 5}], [{8, 2}, {4, 7}, {5, 6}, {1, 3}], [{8, 2}, {5, 7}, {1, 6}, {3, 4}], [{8, 2}, {5, 7}, {3, 6}, {1, 4}], [{8, 2}, {5, 7}, {4, 6}, {1, 3}], [{8, 2}, {5, 7}, {6}, {1, 4}, {3}], [{8, 2}, {6, 7}, {1, 5}, {3, 4}], [{8, 2}, {6, 7}, {3, 5}, {1, 4}], [{8, 2}, {6, 7}, {4, 5}, {1, 3}], [{8, 2}, {7}, {6}, {3, 5}, {1, 4}], [{8, 3}, {1, 7}, {2, 6}, {4, 5}], [{8, 3}, {1, 7}, {2, 6}, {5}, {4}], [{8, 3}, {1, 7}, {4, 6}, {2, 5}], [{8, 3}, {1, 7}, {4, 6}, {5}, {2}], [{8, 3}, {1, 7}, {5, 6}, {2, 4}], [{8, 3}, {1, 7}, {6}, {5}, {2, 4}], [{8, 3}, {2, 7}, {1, 6}, {4, 5}], [{8, 3}, {2, 7}, {4, 6}, {1, 5}], [{8, 3}, {2, 7}, {5, 6}, {1, 4}], [{8, 3}, {2, 7}, {6}, {5}, {1, 4}], [{8, 3}, {4, 7}, {1, 6}, {2, 5}], [{8, 3}, {4, 7}, {2, 6}, {1, 5}], [{8, 3}, {4, 7}, {5, 6}, {1, 2}], [{8, 3}, {4, 7}, {5, 6}, {2}, {1}], [{8, 3}, {4, 7}, {6}, {5}, {1, 2}], [{8, 3}, {5, 7}, {1, 6}, {2, 4}], [{8, 3}, {5, 7}, {1, 6}, {4}, {2}], [{8, 3}, {5, 7}, {2, 6}, {1, 4}], [{8, 3}, {5, 7}, {4, 6}, {1, 2}], [{8, 3}, {5, 7}, {4, 6}, {2}, {1}], [{8, 3}, {5, 7}, {6}, {1, 4}, {2}], [{8, 3}, {6, 7}, {1, 5}, {2, 4}], [{8, 3}, {6, 7}, {2, 5}, {1, 4}], [{8, 3}, {6, 7}, {4, 5}, {1, 2}], [{8, 3}, {6, 7}, {5}, {2, 4}, {1}], [{8, 3}, {7}, {1, 6}, {5}, {2, 4}], [{8, 3}, {7}, {4, 6}, {1, 5}, {2}], [{8, 3}, {7}, {6}, {2, 5}, {1, 4}], [{8, 4}, {1, 7}, {2, 6}, {3, 5}], [{8, 4}, {1, 7}, {3, 6}, {2, 5}], [{8, 4}, {1, 7}, {5, 6}, {2, 3}], [{8, 4}, {2, 7}, {1, 6}, {3, 5}], [{8, 4}, {2, 7}, {3, 6}, {1, 5}], [{8, 4}, {2, 7}, {3, 6}, {5}, {1}], [{8, 4}, {2, 7}, {5, 6}, {1, 3}], [{8, 4}, {3, 7}, {1, 6}, {2, 5}], [{8, 4}, {3, 7}, {2, 6}, {1, 5}], [{8, 4}, {3, 7}, {5, 6}, {1, 2}], [{8, 4}, {5, 7}, {1, 6}, {2, 3}], [{8, 4}, {5, 7}, {2, 6}, {1, 3}], [{8, 4}, {5, 7}, {3, 6}, {1, 2}], [{8, 4}, {5, 7}, {6}, {1, 3}, {2}], [{8, 4}, {5, 7}, {6}, {2, 3}, {1}], [{8, 4}, {5, 7}, {6}, {3}, {1, 2}], [{8, 4}, {6, 7}, {1, 5}, {2, 3}], [{8, 4}, {6, 7}, {2, 5}, {1, 3}], [{8, 4}, {6, 7}, {3, 5}, {1, 2}], [{8, 4}, {6, 7}, {3, 5}, {2}, {1}], [{8, 5}, {1, 7}, {2, 6}, {3, 4}], [{8, 5}, {1, 7}, {3, 6}, {2, 4}], [{8, 5}, {1, 7}, {4, 6}, {2, 3}], [{8, 5}, {1, 7}, {6}, {2, 4}, {3}], [{8, 5}, {1, 7}, {6}, {3, 4}, {2}], [{8, 5}, {1, 7}, {6}, {4}, {2, 3}], [{8, 5}, {2, 7}, {1, 6}, {3, 4}], [{8, 5}, {2, 7}, {1, 6}, {4}, {3}], [{8, 5}, {2, 7}, {3, 6}, {1, 4}], [{8, 5}, {2, 7}, {4, 6}, {1, 3}], [{8, 5}, {2, 7}, {4, 6}, {3}, {1}], [{8, 5}, {2, 7}, {6}, {1, 4}, {3}], [{8, 5}, {3, 7}, {1, 6}, {2, 4}], [{8, 5}, {3, 7}, {2, 6}, {1, 4}], [{8, 5}, {3, 7}, {4, 6}, {1, 2}], [{8, 5}, {3, 7}, {6}, {1, 4}, {2}], [{8, 5}, {4, 7}, {1, 6}, {2, 3}], [{8, 5}, {4, 7}, {2, 6}, {1, 3}], [{8, 5}, {4, 7}, {3, 6}, {1, 2}], [{8, 5}, {4, 7}, {6}, {1, 3}, {2}], [{8, 5}, {4, 7}, {6}, {2, 3}, {1}], [{8, 5}, {4, 7}, {6}, {3}, {1, 2}], [{8, 5}, {6, 7}, {1, 4}, {2, 3}], [{8, 5}, {6, 7}, {2, 4}, {1, 3}], [{8, 5}, {6, 7}, {3, 4}, {1, 2}], [{8, 5}, {7}, {3, 6}, {2, 4}, {1}], [{8, 5}, {7}, {6}, {1, 4}, {2, 3}], [{8, 6}, {1, 7}, {2, 5}, {3, 4}], [{8, 6}, {1, 7}, {3, 5}, {2, 4}], [{8, 6}, {1, 7}, {4, 5}, {2, 3}], [{8, 6}, {2, 7}, {1, 5}, {3, 4}], [{8, 6}, {2, 7}, {3, 5}, {1, 4}], [{8, 6}, {2, 7}, {4, 5}, {1, 3}], [{8, 6}, {3, 7}, {1, 5}, {2, 4}], [{8, 6}, {3, 7}, {2, 5}, {1, 4}], [{8, 6}, {3, 7}, {4, 5}, {1, 2}], [{8, 6}, {4, 7}, {1, 5}, {2, 3}], [{8, 6}, {4, 7}, {2, 5}, {1, 3}], [{8, 6}, {4, 7}, {3, 5}, {1, 2}], [{8, 6}, {4, 7}, {5}, {1, 3}, {2}], [{8, 6}, {5, 7}, {1, 4}, {2, 3}], [{8, 6}, {5, 7}, {2, 4}, {1, 3}], [{8, 6}, {5, 7}, {2, 4}, {3}, {1}], [{8, 6}, {5, 7}, {3, 4}, {1, 2}], [{8, 6}, {7}, {2, 5}, {1, 4}, {3}], [{8, 6}, {7}, {3, 5}, {1, 4}, {2}], [{8, 6}, {7}, {5}, {1, 4}, {2, 3}], [{8, 7}, {1, 6}, {2, 5}, {3, 4}], [{8, 7}, {1, 6}, {2, 5}, {4}, {3}], [{8, 7}, {1, 6}, {3, 5}, {2, 4}], [{8, 7}, {1, 6}, {3, 5}, {4}, {2}], [{8, 7}, {1, 6}, {4, 5}, {2, 3}], [{8, 7}, {1, 6}, {5}, {4}, {2, 3}], [{8, 7}, {2, 6}, {1, 5}, {3, 4}], [{8, 7}, {2, 6}, {3, 5}, {1, 4}], [{8, 7}, {2, 6}, {4, 5}, {1, 3}], [{8, 7}, {2, 6}, {5}, {1, 4}, {3}], [{8, 7}, {3, 6}, {1, 5}, {2, 4}], [{8, 7}, {3, 6}, {1, 5}, {4}, {2}], [{8, 7}, {3, 6}, {2, 5}, {1, 4}], [{8, 7}, {3, 6}, {4, 5}, {1, 2}], [{8, 7}, {3, 6}, {4, 5}, {2}, {1}], [{8, 7}, {3, 6}, {5}, {1, 4}, {2}], [{8, 7}, {4, 6}, {1, 5}, {2, 3}], [{8, 7}, {4, 6}, {2, 5}, {1, 3}], [{8, 7}, {4, 6}, {2, 5}, {3}, {1}], [{8, 7}, {4, 6}, {3, 5}, {1, 2}], [{8, 7}, {4, 6}, {3, 5}, {2}, {1}], [{8, 7}, {4, 6}, {5}, {2, 3}, {1}], [{8, 7}, {5, 6}, {1, 4}, {2, 3}], [{8, 7}, {5, 6}, {1, 4}, {3}, {2}], [{8, 7}, {5, 6}, {2, 4}, {1, 3}], [{8, 7}, {5, 6}, {3, 4}, {1, 2}], [{8, 7}, {6}, {2, 5}, {1, 4}, {3}], [{8, 7}, {6}, {3, 5}, {1, 4}, {2}], [{8, 7}, {6}, {5}, {1, 4}, {2, 3}], [{8, 7}, {6}, {5}, {1, 4}, {3}, {2}], [{8}, {1, 7}, {3, 6}, {4, 5}, {2}], [{8}, {1, 7}, {6}, {3, 5}, {2, 4}], [{8}, {2, 7}, {6}, {3, 5}, {1, 4}], [{8}, {3, 7}, {6}, {1, 5}, {2, 4}], [{8}, {3, 7}, {6}, {2, 5}, {1, 4}], [{8}, {3, 7}, {6}, {4, 5}, {1, 2}], [{8}, {4, 7}, {2, 6}, {1, 5}, {3}], [{8}, {4, 7}, {5, 6}, {1, 3}, {2}], [{8}, {4, 7}, {6}, {3, 5}, {1, 2}], [{8}, {5, 7}, {1, 6}, {2, 4}, {3}], [{8}, {5, 7}, {6}, {1, 4}, {2, 3}], [{8}, {6, 7}, {2, 5}, {1, 4}, {3}], [{8}, {6, 7}, {3, 5}, {1, 4}, {2}], [{8}, {6, 7}, {5}, {1, 4}, {2, 3}], [{8}, {6, 7}, {5}, {2, 4}, {1, 3}], [{8}, {7}, {2, 6}, {3, 5}, {1, 4}], [{8}, {7}, {3, 6}, {2, 5}, {1, 4}], [{8}, {7}, {5, 6}, {1, 4}, {2, 3}], [{8}, {7}, {6}, {2, 5}, {1, 4}, {3}], [{8}, {7}, {6}, {3, 5}, {1, 4}, {2}], [{8}, {7}, {6}, {5}, {1, 4}, {2, 3}]]",2,- 8 K_1^4 + 4 K_1^3 + 12 K_1^2 K_2 - 14 K_1^2 - 8 K_1 K_2 - 4 K_1 K_3 + K_1 - 2 K_2^2 + 7 K_2 + 3 K_3 + K_4 + 9,O1O2O3O4U5U3U6O7U2O8O5U8U4O6U1U7,O1O2O3U4U2U5U6O7O6U1O4O8U3U8O5U7,O1O2O3U4O5U6U1O6O7U3O8O4U8U5U2U7,c,{'O1O2O3O4U5U4O6U1U7O8O7U3O5U6U2U8'},1,"<a href=""/flatknot/8.850768"">8.850768</a>",t^9-30t^7-28t^6+56t^5+20t^4-28t^3+6t^2-3t,t^2-2t,,
8.850769,O1O2O3O4U5U4O6U1U7O8O7U3O5U6U8U2,4,5z^3+38z^2+108z+105,5w^4z^3+38w^3z^2+108w^2z+105w,False,False,"[[ 0 -2  1  0  1 -1  0  1  0],[ 2  0  2  1  0  0  1  2  1],[-1 -2  0 -1  1 -1 -1  0  0],[ 0 -1  1  0  0 -1  0  0  0],[-1  0 -1  0  0 -1 -1 -1 -1],[ 1  0  1  1  1  0  0  2  0],[ 0 -1  1  0  1  0  0  0  0],[-1 -2  0  0  1 -2  0  0  0],[ 0 -1  0  0  1  0  0  0  0]]","[[ 0  1  1  1  0  0  0 -1 -2],[-1  0  1  0  0  0  0 -2 -2],[-1 -1  0 -1  0 -1 -1 -1  0],[-1  0  1  0 -1  0 -1 -1 -2],[ 0  0  0  1  0  0  0 -1 -1],[ 0  0  1  0  0  0  0  0 -1],[ 0  0  1  1  0  0  0  0 -1],[ 1  2  1  1  1  0  0  0  0],[ 2  2  0  2  1  1  1  0  0]]",True,"[-1,-1,-1,0,0,0,1,2,-1,0,0,0,0,2,2,1,0,1,1,1,0,1,0,1,1,2,0,0,1,1,0,0,1,0,1,0]","[-2,-1,0,0,0,1,1,1,0,1,1,1,0,2,2,0,0,1,1,1,2,0,0,1,0,0,0,1,1,0,0,1,0,-1,-1,0]",t^8+24t^6+77t^4+53t^2+1,"[-2,-1,0,0,0,1,1,1,1,1,1,1,1,1,3,0,1,1,0,1,1,0,0,1,0,1,0,1,0,0,1,1,0,0,-1,-1]","[-1,-1,-1,0,0,0,1,2,-1,-1,0,0,1,1,3,0,0,1,0,1,1,1,1,1,0,1,0,0,1,1,0,1,1,0,1,1]","[-2,-1,0,0,0,1,1,1,0,1,1,1,0,2,2,0,0,1,1,1,2,0,0,1,0,0,0,1,1,0,0,1,0,-1,-1,0]",c,"[[{8, 1}, {2, 7}, {3, 6}, {4, 5}], [{8, 2}, {1, 7}, {3, 6}, {4, 5}], [{8, 2}, {1, 7}, {4, 6}, {3, 5}], [{8, 7}, {3, 6}, {4, 5}, {1, 2}]]",1,4 K_1^3 + 8 K_1^2 K_2 - 12 K_1^2 - 8 K_1 K_2 - 6 K_1 K_3 + K_1 - 2 K_2^2 + 5 K_2 + 3 K_3 + 2 K_4 + 6,O1O2O3O4U3U5U6O7U2O8O5U8U4O6U1U7,O1O2O3U4U3U5U6O7O6U1O4O8U2U8O5U7,O1O2O3U4O5U6U2O6O7U3O8O4U8U5U1U7,c,{'O1O2O3O4U5U4O6U1U7O8O7U3O5U6U8U2'},1,"<a href=""/flatknot/8.850769"">8.850769</a>",t^9-26t^7-14t^6+86t^5+22t^4-89t^3-10t^2+30t,t^2-2t,,
8.850770,O1O2O3O4U5U4O6U1U7O8O7U3O5U8U6U2,4,2z^3+26z^2+105z+123,2w^4z^3+26w^3z^2+105w^2z+123w,False,False,"[[ 0 -2  1  0  1 -1  1  1 -1],[ 2  0  2  1  0  0  1  2  0],[-1 -2  0 -1  1 -1  0  0 -1],[ 0 -1  1  0  0 -1  1  0 -1],[-1  0 -1  0  0 -1 -1 -1 -1],[ 1  0  1  1  1  0  0  2  0],[-1 -1  0 -1  1  0  0  0 -1],[-1 -2  0  0  1 -2  0  0 -1],[ 1  0  1  1  1  0  1  1  0]]","[[ 0  1  1  1  1  0 -1 -1 -2],[-1  0  1  0  0  0 -1 -2 -2],[-1 -1  0 -1 -1  0 -1 -1  0],[-1  0  1  0  0 -1 -1  0 -1],[-1  0  1  0  0 -1 -1 -1 -2],[ 0  0  0  1  1  0 -1 -1 -1],[ 1  1  1  1  1  1  0  0  0],[ 1  2  1  0  1  1  0  0  0],[ 2  2  0  1  2  1  0  0  0]]",True,"[-1,-1,-1,-1,0,1,1,2,-1,0,0,0,1,2,2,1,1,0,1,1,0,0,1,1,0,1,1,1,1,2,1,1,1,0,0,0]","[-2,-1,-1,0,1,1,1,1,0,0,1,0,1,2,2,0,1,1,0,1,2,1,1,1,1,1,0,1,1,0,-1,-1,-1,0,0,0]",t^8+27t^6+96t^4+65t^2,"[-2,-1,-1,0,1,1,1,1,1,1,1,1,1,2,3,0,0,0,1,2,1,0,1,1,1,1,1,0,0,1,0,0,-1,0,-1,-1]","[-1,-1,-1,-1,0,1,1,2,-1,-1,-1,1,1,1,3,0,0,0,1,1,1,0,0,1,2,2,1,1,0,1,0,0,1,0,1,1]","[-2,-1,-1,0,1,1,1,1,0,0,1,0,1,2,2,0,1,1,0,1,2,1,1,1,1,1,0,1,1,0,-1,-1,-1,0,0,0]",c,"[[{8, 4}, {2, 7}, {1, 6}, {3, 5}], [{8, 4}, {7}, {1, 6}, {3, 5}, {2}]]",1,- 8 K_1^4 + 20 K_1^3 + 20 K_1^2 K_2 - 30 K_1^2 - 32 K_1 K_2 - 12 K_1 K_3 + K_1 - 2 K_2^2 + 15 K_2 + 11 K_3 + 3 K_4 + 15,O1O2O3O4U3U5U6O7U2O8O6U8U4O5U1U7,O1O2O3U4U3U5U6O7O6U2O4O8U1U8O5U7,O1O2O3U4O5U6U3O6O7U2O8O4U8U5U1U7,c,{'O1O2O3O4U5U4O6U1U7O8O7U3O5U8U6U2'},1,"<a href=""/flatknot/8.850770"">8.850770</a>",t^9-29t^7-18t^6+93t^5+4t^4-27t^3-14t^2-12t,t^2-2t,,
8.850771,O1O2O3O4U5U4O6U1U7O8O7U6O5U2U3U8,4,4z^3+36z^2+109z+107,4w^4z^3+36w^3z^2+109w^2z+107w,False,False,"[[ 0 -2 -1  1  1 -1  0  1  1],[ 2  0  1  2  0  0  1  2  2],[ 1 -1  0  1  1  0  0  1  1],[-1 -2 -1  0  1 -2  0 -1  0],[-1  0 -1 -1  0 -1  0 -1 -1],[ 1  0  0  2  1  0  0  2  1],[ 0 -1  0  0  0  0  0  0  0],[-1 -2 -1  1  1 -2  0  0  1],[-1 -2 -1  0  1 -1  0 -1  0]]","[[ 0  1  1  1  1  0 -1 -1 -2],[-1  0  1  1  1  0 -1 -2 -2],[-1 -1  0  1  0  0 -1 -1 -2],[-1 -1 -1  0 -1  0 -1 -1  0],[-1 -1  0  1  0  0 -1 -2 -2],[ 0  0  0  0  0  0  0  0 -1],[ 1  1  1  1  1  0  0  0 -1],[ 1  2  1  1  2  0  0  0  0],[ 2  2  2  0  2  1  1  0  0]]",True,"[-1,-1,-1,-1,0,1,1,2,-1,-1,-1,0,1,2,2,-1,0,0,1,1,2,1,0,1,1,0,0,1,2,2,0,0,1,0,1,0]","[-2,-1,-1,0,1,1,1,1,0,1,1,0,2,2,2,0,0,1,1,2,2,0,1,1,1,1,0,0,0,0,-1,-1,-1,-1,0,1]",t^8+33t^6+67t^4+17t^2+1,"[-2,-1,-1,0,1,1,1,1,0,1,1,1,1,1,3,0,1,1,1,1,1,1,0,0,1,1,1,1,1,1,-1,-1,-1,0,-1,-1]","[-1,-1,-1,-1,0,1,1,2,-1,-1,-1,1,1,1,3,-1,0,1,0,1,1,1,1,0,1,1,1,1,1,1,1,1,1,0,1,0]","[-2,-1,-1,0,1,1,1,1,0,1,1,0,2,2,2,0,0,1,1,2,2,0,1,1,1,1,0,0,0,0,-1,-1,-1,-1,0,1]",c,"[[{8, 1}, {2, 7}, {3, 6}, {4, 5}], [{8, 1}, {2, 7}, {3, 6}, {5}, {4}], [{8, 1}, {2, 7}, {4, 6}, {3, 5}], [{8, 1}, {2, 7}, {4, 6}, {5}, {3}], [{8, 1}, {2, 7}, {5, 6}, {3, 4}], [{8, 1}, {2, 7}, {5, 6}, {4}, {3}], [{8, 1}, {2, 7}, {6}, {3, 5}, {4}], [{8, 1}, {2, 7}, {6}, {4, 5}, {3}], [{8, 1}, {2, 7}, {6}, {5}, {3, 4}], [{8, 1}, {2, 7}, {6}, {5}, {4}, {3}], [{8, 1}, {3, 7}, {2, 6}, {4, 5}], [{8, 1}, {3, 7}, {4, 6}, {2, 5}], [{8, 1}, {3, 7}, {4, 6}, {5}, {2}], [{8, 1}, {3, 7}, {5, 6}, {2, 4}], [{8, 1}, {3, 7}, {5, 6}, {4}, {2}], [{8, 1}, {3, 7}, {6}, {4, 5}, {2}], [{8, 1}, {4, 7}, {2, 6}, {3, 5}], [{8, 1}, {4, 7}, {2, 6}, {5}, {3}], [{8, 1}, {4, 7}, {3, 6}, {2, 5}], [{8, 1}, {4, 7}, {5, 6}, {2, 3}], [{8, 1}, {5, 7}, {2, 6}, {3, 4}], [{8, 1}, {5, 7}, {3, 6}, {2, 4}], [{8, 1}, {5, 7}, {4, 6}, {2, 3}], [{8, 1}, {5, 7}, {4, 6}, {3}, {2}], [{8, 1}, {6, 7}, {2, 5}, {3, 4}], [{8, 1}, {6, 7}, {3, 5}, {2, 4}], [{8, 1}, {6, 7}, {4, 5}, {2, 3}], [{8, 1}, {6, 7}, {5}, {2, 4}, {3}], [{8, 1}, {7}, {4, 6}, {2, 5}, {3}], [{8, 1}, {7}, {4, 6}, {3, 5}, {2}], [{8, 1}, {7}, {4, 6}, {5}, {2, 3}], [{8, 1}, {7}, {4, 6}, {5}, {3}, {2}], [{8, 1}, {7}, {5, 6}, {4}, {2, 3}], [{8, 1}, {7}, {6}, {4, 5}, {2, 3}], [{8, 2}, {1, 7}, {3, 6}, {4, 5}], [{8, 2}, {1, 7}, {3, 6}, {5}, {4}], [{8, 2}, {1, 7}, {4, 6}, {3, 5}], [{8, 2}, {1, 7}, {5, 6}, {3, 4}], [{8, 2}, {1, 7}, {5, 6}, {4}, {3}], [{8, 2}, {1, 7}, {6}, {3, 5}, {4}], [{8, 2}, {3, 7}, {1, 6}, {4, 5}], [{8, 2}, {3, 7}, {4, 6}, {1, 5}], [{8, 2}, {3, 7}, {5, 6}, {1, 4}], [{8, 2}, {4, 7}, {1, 6}, {3, 5}], [{8, 2}, {4, 7}, {3, 6}, {1, 5}], [{8, 2}, {4, 7}, {5, 6}, {1, 3}], [{8, 2}, {4, 7}, {6}, {1, 5}, {3}], [{8, 2}, {4, 7}, {6}, {3, 5}, {1}], [{8, 2}, {4, 7}, {6}, {5}, {1, 3}], [{8, 2}, {5, 7}, {1, 6}, {3, 4}], [{8, 2}, {5, 7}, {3, 6}, {1, 4}], [{8, 2}, {5, 7}, {4, 6}, {1, 3}], [{8, 2}, {6, 7}, {1, 5}, {3, 4}], [{8, 2}, {6, 7}, {3, 5}, {1, 4}], [{8, 2}, {6, 7}, {4, 5}, {1, 3}], [{8, 2}, {7}, {6}, {3, 5}, {1, 4}], [{8, 3}, {1, 7}, {2, 6}, {4, 5}], [{8, 3}, {1, 7}, {4, 6}, {2, 5}], [{8, 3}, {1, 7}, {5, 6}, {2, 4}], [{8, 3}, {2, 7}, {1, 6}, {4, 5}], [{8, 3}, {2, 7}, {4, 6}, {1, 5}], [{8, 3}, {2, 7}, {5, 6}, {1, 4}], [{8, 3}, {2, 7}, {6}, {1, 5}, {4}], [{8, 3}, {2, 7}, {6}, {4, 5}, {1}], [{8, 3}, {2, 7}, {6}, {5}, {1, 4}], [{8, 3}, {4, 7}, {1, 6}, {2, 5}], [{8, 3}, {4, 7}, {2, 6}, {1, 5}], [{8, 3}, {4, 7}, {5, 6}, {1, 2}], [{8, 3}, {4, 7}, {6}, {1, 5}, {2}], [{8, 3}, {4, 7}, {6}, {2, 5}, {1}], [{8, 3}, {4, 7}, {6}, {5}, {1, 2}], [{8, 3}, {5, 7}, {1, 6}, {2, 4}], [{8, 3}, {5, 7}, {2, 6}, {1, 4}], [{8, 3}, {5, 7}, {4, 6}, {1, 2}], [{8, 3}, {6, 7}, {1, 5}, {2, 4}], [{8, 3}, {6, 7}, {2, 5}, {1, 4}], [{8, 3}, {6, 7}, {4, 5}, {1, 2}], [{8, 3}, {7}, {5, 6}, {1, 4}, {2}], [{8, 3}, {7}, {6}, {1, 5}, {2, 4}], [{8, 4}, {1, 7}, {2, 6}, {3, 5}], [{8, 4}, {1, 7}, {3, 6}, {2, 5}], [{8, 4}, {1, 7}, {3, 6}, {5}, {2}], [{8, 4}, {1, 7}, {5, 6}, {2, 3}], [{8, 4}, {1, 7}, {6}, {2, 5}, {3}], [{8, 4}, {2, 7}, {1, 6}, {3, 5}], [{8, 4}, {2, 7}, {3, 6}, {1, 5}], [{8, 4}, {2, 7}, {5, 6}, {1, 3}], [{8, 4}, {2, 7}, {6}, {1, 5}, {3}], [{8, 4}, {2, 7}, {6}, {3, 5}, {1}], [{8, 4}, {2, 7}, {6}, {5}, {1, 3}], [{8, 4}, {3, 7}, {1, 6}, {2, 5}], [{8, 4}, {3, 7}, {2, 6}, {1, 5}], [{8, 4}, {3, 7}, {5, 6}, {1, 2}], [{8, 4}, {3, 7}, {5, 6}, {2}, {1}], [{8, 4}, {5, 7}, {1, 6}, {2, 3}], [{8, 4}, {5, 7}, {2, 6}, {1, 3}], [{8, 4}, {5, 7}, {2, 6}, {3}, {1}], [{8, 4}, {5, 7}, {3, 6}, {1, 2}], [{8, 4}, {6, 7}, {1, 5}, {2, 3}], [{8, 4}, {6, 7}, {2, 5}, {1, 3}], [{8, 4}, {6, 7}, {3, 5}, {1, 2}], [{8, 4}, {6, 7}, {5}, {3}, {1, 2}], [{8, 5}, {1, 7}, {2, 6}, {3, 4}], [{8, 5}, {1, 7}, {3, 6}, {2, 4}], [{8, 5}, {1, 7}, {4, 6}, {2, 3}], [{8, 5}, {2, 7}, {1, 6}, {3, 4}], [{8, 5}, {2, 7}, {1, 6}, {4}, {3}], [{8, 5}, {2, 7}, {3, 6}, {1, 4}], [{8, 5}, {2, 7}, {3, 6}, {4}, {1}], [{8, 5}, {2, 7}, {4, 6}, {1, 3}], [{8, 5}, {2, 7}, {4, 6}, {3}, {1}], [{8, 5}, {2, 7}, {6}, {1, 4}, {3}], [{8, 5}, {2, 7}, {6}, {3, 4}, {1}], [{8, 5}, {2, 7}, {6}, {4}, {1, 3}], [{8, 5}, {2, 7}, {6}, {4}, {3}, {1}], [{8, 5}, {3, 7}, {1, 6}, {2, 4}], [{8, 5}, {3, 7}, {2, 6}, {1, 4}], [{8, 5}, {3, 7}, {4, 6}, {1, 2}], [{8, 5}, {4, 7}, {1, 6}, {2, 3}], [{8, 5}, {4, 7}, {2, 6}, {1, 3}], [{8, 5}, {4, 7}, {2, 6}, {3}, {1}], [{8, 5}, {4, 7}, {3, 6}, {1, 2}], [{8, 5}, {6, 7}, {1, 4}, {2, 3}], [{8, 5}, {6, 7}, {2, 4}, {1, 3}], [{8, 5}, {6, 7}, {2, 4}, {3}, {1}], [{8, 5}, {6, 7}, {3, 4}, {1, 2}], [{8, 6}, {1, 7}, {2, 5}, {3, 4}], [{8, 6}, {1, 7}, {2, 5}, {4}, {3}], [{8, 6}, {1, 7}, {3, 5}, {2, 4}], [{8, 6}, {1, 7}, {4, 5}, {2, 3}], [{8, 6}, {2, 7}, {1, 5}, {3, 4}], [{8, 6}, {2, 7}, {1, 5}, {4}, {3}], [{8, 6}, {2, 7}, {3, 5}, {1, 4}], [{8, 6}, {2, 7}, {4, 5}, {1, 3}], [{8, 6}, {3, 7}, {1, 5}, {2, 4}], [{8, 6}, {3, 7}, {2, 5}, {1, 4}], [{8, 6}, {3, 7}, {4, 5}, {1, 2}], [{8, 6}, {3, 7}, {4, 5}, {2}, {1}], [{8, 6}, {4, 7}, {1, 5}, {2, 3}], [{8, 6}, {4, 7}, {1, 5}, {3}, {2}], [{8, 6}, {4, 7}, {2, 5}, {1, 3}], [{8, 6}, {4, 7}, {3, 5}, {1, 2}], [{8, 6}, {5, 7}, {1, 4}, {2, 3}], [{8, 6}, {5, 7}, {2, 4}, {1, 3}], [{8, 6}, {5, 7}, {3, 4}, {1, 2}], [{8, 6}, {5, 7}, {4}, {3}, {1, 2}], [{8, 6}, {7}, {1, 5}, {2, 4}, {3}], [{8, 7}, {1, 6}, {2, 5}, {3, 4}], [{8, 7}, {1, 6}, {3, 5}, {2, 4}], [{8, 7}, {1, 6}, {4, 5}, {2, 3}], [{8, 7}, {1, 6}, {5}, {2, 4}, {3}], [{8, 7}, {2, 6}, {1, 5}, {3, 4}], [{8, 7}, {2, 6}, {3, 5}, {1, 4}], [{8, 7}, {2, 6}, {4, 5}, {1, 3}], [{8, 7}, {3, 6}, {1, 5}, {2, 4}], [{8, 7}, {3, 6}, {2, 5}, {1, 4}], [{8, 7}, {3, 6}, {4, 5}, {1, 2}], [{8, 7}, {3, 6}, {5}, {1, 4}, {2}], [{8, 7}, {4, 6}, {1, 5}, {2, 3}], [{8, 7}, {4, 6}, {2, 5}, {1, 3}], [{8, 7}, {4, 6}, {2, 5}, {3}, {1}], [{8, 7}, {4, 6}, {3, 5}, {1, 2}], [{8, 7}, {5, 6}, {1, 4}, {2, 3}], [{8, 7}, {5, 6}, {1, 4}, {3}, {2}], [{8, 7}, {5, 6}, {2, 4}, {1, 3}], [{8, 7}, {5, 6}, {2, 4}, {3}, {1}], [{8, 7}, {5, 6}, {3, 4}, {1, 2}], [{8, 7}, {5, 6}, {4}, {3}, {1, 2}], [{8, 7}, {6}, {1, 5}, {2, 4}, {3}], [{8, 7}, {6}, {3, 5}, {1, 4}, {2}], [{8, 7}, {6}, {4, 5}, {2, 3}, {1}], [{8}, {1, 7}, {3, 6}, {5}, {2, 4}], [{8}, {1, 7}, {4, 6}, {2, 5}, {3}], [{8}, {1, 7}, {6}, {4, 5}, {2, 3}], [{8}, {2, 7}, {3, 6}, {1, 5}, {4}], [{8}, {2, 7}, {4, 6}, {1, 5}, {3}], [{8}, {2, 7}, {6}, {1, 5}, {3, 4}], [{8}, {2, 7}, {6}, {1, 5}, {4}, {3}], [{8}, {2, 7}, {6}, {3, 5}, {1, 4}], [{8}, {2, 7}, {6}, {4, 5}, {1, 3}], [{8}, {3, 7}, {1, 6}, {4, 5}, {2}], [{8}, {3, 7}, {2, 6}, {5}, {1, 4}], [{8}, {3, 7}, {5, 6}, {1, 4}, {2}], [{8}, {3, 7}, {6}, {1, 5}, {2, 4}], [{8}, {3, 7}, {6}, {2, 5}, {1, 4}], [{8}, {4, 7}, {2, 6}, {1, 5}, {3}], [{8}, {4, 7}, {3, 6}, {1, 5}, {2}], [{8}, {4, 7}, {6}, {1, 5}, {2, 3}], [{8}, {4, 7}, {6}, {1, 5}, {3}, {2}], [{8}, {5, 7}, {3, 6}, {2, 4}, {1}], [{8}, {5, 7}, {4, 6}, {2, 3}, {1}], [{8}, {6, 7}, {1, 5}, {2, 4}, {3}], [{8}, {6, 7}, {2, 5}, {1, 4}, {3}], [{8}, {7}, {3, 6}, {1, 5}, {2, 4}], [{8}, {7}, {3, 6}, {2, 5}, {1, 4}], [{8}, {7}, {6}, {1, 5}, {2, 4}, {3}]]",2,- 8 K_1^4 + 12 K_1^3 + 16 K_1^2 K_2 - 20 K_1^2 - 8 K_1 K_2 - 6 K_1 K_3 - 5 K_1 + 9 K_2 + K_3 + 10,O1O2O3O4U5U2U3O6U7O8O5U8U4O7U1U6,O1O2O3U4U1U2U5O6O5U7O4O8U3U8O7U6,O1O2O3U4O5U6U1O6O7U5O8O4U8U2U3U7,c,{'O1O2O3O4U5U4O6U1U7O8O7U6O5U2U3U8'},1,"<a href=""/flatknot/8.850771"">8.850771</a>",t^9-35t^7-58t^6+60t^5+130t^4+20t^3-20t^2+2t+2,t^2-2t,,
8.850772,O1O2O3O4U5U4O6U1U7O8O7U6O5U2U8U3,4,18z^2+95z+119,18w^3z^2+95w^2z+119w,False,False,"[[ 0 -2 -1  2  1 -1  0  1  0],[ 2  0  1  2  0  0  1  2  1],[ 1 -1  0  2  1  0  0  1  0],[-2 -2 -2  0  1 -2 -1 -1 -1],[-1  0 -1 -1  0 -1  0 -1 -1],[ 1  0  0  2  1  0  0  2  0],[ 0 -1  0  1  0  0  0  0  0],[-1 -2 -1  1  1 -2  0  0  0],[ 0 -1  0  1  1  0  0  0  0]]","[[ 0  2  1  1  0  0 -1 -1 -2],[-2  0  1 -1 -1 -1 -2 -2 -2],[-1 -1  0 -1  0 -1 -1 -1  0],[-1  1  1  0  0  0 -1 -2 -2],[ 0  1  0  0  0  0  0  0 -1],[ 0  1  1  0  0  0  0  0 -1],[ 1  2  1  1  0  0  0  0 -1],[ 1  2  1  2  0  0  0  0  0],[ 2  2  0  2  1  1  1  0  0]]",True,"[-2,-1,-1,0,0,1,1,2,-1,1,1,1,2,2,2,1,0,1,1,1,0,0,0,1,2,2,0,0,0,1,0,0,1,0,1,0]","[-2,-1,-1,0,0,1,1,2,-1,1,1,1,2,2,2,1,0,1,1,1,0,0,0,1,2,2,0,0,0,1,0,0,1,0,1,0]",t^8+32t^6+77t^4+26t^2,"[-2,-1,-1,0,0,1,1,2,0,1,1,1,1,3,2,0,1,1,1,1,1,1,1,0,1,1,0,1,0,1,1,1,1,-1,0,2]","[-2,-1,-1,0,0,1,1,2,0,2,1,1,1,1,2,1,1,1,0,1,1,0,1,1,1,3,0,1,1,1,1,1,1,0,1,0]","[-2,-1,-1,0,0,1,1,2,0,1,1,1,0,2,2,0,0,0,1,2,2,0,0,1,1,2,0,0,0,1,1,0,1,-1,-1,1]",c,"[[{8, 1}, {2, 7}, {3, 6}, {4, 5}], [{8, 1}, {2, 7}, {6}, {4, 5}, {3}], [{8, 2}, {4, 7}, {3, 6}, {1, 5}], [{8, 3}, {2, 7}, {1, 6}, {4, 5}], [{8, 3}, {2, 7}, {6}, {4, 5}, {1}], [{8, 4}, {1, 7}, {3, 6}, {2, 5}], [{8, 6}, {2, 7}, {4, 5}, {1, 3}], [{8}, {2, 7}, {6}, {4, 5}, {1, 3}]]",1,12 K_1^3 + 8 K_1^2 K_2 - 20 K_1^2 - 16 K_1 K_2 - 4 K_1 K_3 - K_1 - 4 K_2^2 + 8 K_2 + 5 K_3 + 2 K_4 + 11,O1O2O3O4U2U5U3O6U7O8O5U8U4O7U1U6,O1O2O3U4U1U3U5O6O5U7O4O8U2U8O7U6,O1O2O3U4O5U6U2O6O7U5O8O4U8U1U3U7,c,{'O1O2O3O4U5U4O6U1U7O8O7U6O5U2U8U3'},1,"<a href=""/flatknot/8.850772"">8.850772</a>",t^9-32t^7-52t^6+83t^5+112t^4-56t^3-50t^2+7t+2,0,,
8.850773,O1O2O3O4U5U4O6U1U7O8O7U6O5U3U2U8,4,8z^3+49z^2+102z+73,-4w^5z^3+12w^4z^3-12w^4z^2+61w^3z^2+102w^2z+73w,False,False,"[[ 0 -2  0  0  1 -1  0  1  1],[ 2  0  2  1  0  0  1  2  2],[ 0 -2  0  0  1 -1  0  0  1],[ 0 -1  0  0  1 -1  0  0  0],[-1  0 -1 -1  0 -1  0 -1 -1],[ 1  0  1  1  1  0  0  2  1],[ 0 -1  0  0  0  0  0  0  0],[-1 -2  0  0  1 -2  0  0  1],[-1 -2 -1  0  1 -1  0 -1  0]]","[[ 0  1  1  1  0  0  0 -1 -2],[-1  0  1  1  0  0  0 -2 -2],[-1 -1  0  1  0  0 -1 -1 -2],[-1 -1 -1  0  0 -1 -1 -1  0],[ 0  0  0  0  0  0  0  0 -1],[ 0  0  0  1  0  0  0 -1 -1],[ 0  0  1  1  0  0  0 -1 -2],[ 1  2  1  1  0  1  1  0  0],[ 2  2  2  0  1  1  2  0  0]]",True,"[-1,-1,-1,0,0,0,1,2,-1,-1,0,0,0,2,2,-1,0,0,1,1,2,0,1,1,1,0,0,0,0,1,0,1,1,1,2,0]","[-2,-1,0,0,0,1,1,1,0,1,1,2,0,2,2,0,1,1,1,1,2,0,0,0,0,0,0,1,0,0,1,1,0,-1,-1,-1]",t^8+28t^6+54t^4+16t^2+1,"[-2,-1,0,0,0,1,1,1,1,0,1,1,1,1,3,0,0,1,0,1,1,0,0,1,0,0,0,1,1,0,1,1,1,-1,-1,-1]","[-1,-1,-1,0,0,0,1,2,-1,-1,0,0,1,1,3,-1,0,1,1,1,1,1,1,1,0,1,0,0,0,0,0,0,1,1,1,1]","[-2,-1,0,0,0,1,1,1,0,1,1,2,0,2,2,0,1,1,1,1,2,0,0,0,0,0,0,1,0,0,1,1,0,-1,-1,-1]",c,"[[{8, 1}, {2, 7}, {3, 6}, {4, 5}], [{8, 1}, {2, 7}, {4, 6}, {3, 5}], [{8, 1}, {2, 7}, {4, 6}, {5}, {3}], [{8, 1}, {2, 7}, {5, 6}, {3, 4}], [{8, 1}, {2, 7}, {5, 6}, {4}, {3}], [{8, 1}, {2, 7}, {6}, {4, 5}, {3}], [{8, 1}, {3, 7}, {2, 6}, {4, 5}], [{8, 1}, {3, 7}, {4, 6}, {2, 5}], [{8, 1}, {3, 7}, {4, 6}, {5}, {2}], [{8, 1}, {3, 7}, {5, 6}, {2, 4}], [{8, 1}, {3, 7}, {5, 6}, {4}, {2}], [{8, 1}, {3, 7}, {6}, {4, 5}, {2}], [{8, 1}, {4, 7}, {2, 6}, {3, 5}], [{8, 1}, {4, 7}, {3, 6}, {2, 5}], [{8, 1}, {4, 7}, {5, 6}, {2, 3}], [{8, 1}, {4, 7}, {5, 6}, {3}, {2}], [{8, 1}, {5, 7}, {2, 6}, {3, 4}], [{8, 1}, {5, 7}, {3, 6}, {2, 4}], [{8, 1}, {5, 7}, {4, 6}, {2, 3}], [{8, 1}, {5, 7}, {4, 6}, {3}, {2}], [{8, 1}, {6, 7}, {2, 5}, {3, 4}], [{8, 1}, {6, 7}, {3, 5}, {2, 4}], [{8, 1}, {6, 7}, {4, 5}, {2, 3}], [{8, 1}, {6, 7}, {4, 5}, {3}, {2}], [{8, 1}, {7}, {2, 6}, {4, 5}, {3}], [{8, 1}, {7}, {3, 6}, {4, 5}, {2}], [{8, 1}, {7}, {4, 6}, {2, 5}, {3}], [{8, 1}, {7}, {4, 6}, {3, 5}, {2}], [{8, 1}, {7}, {4, 6}, {5}, {2, 3}], [{8, 1}, {7}, {4, 6}, {5}, {3}, {2}], [{8, 1}, {7}, {5, 6}, {2, 4}, {3}], [{8, 1}, {7}, {5, 6}, {3, 4}, {2}], [{8, 1}, {7}, {5, 6}, {4}, {2, 3}], [{8, 1}, {7}, {5, 6}, {4}, {3}, {2}], [{8, 1}, {7}, {6}, {4, 5}, {2, 3}], [{8, 1}, {7}, {6}, {4, 5}, {3}, {2}], [{8, 2}, {1, 7}, {3, 6}, {4, 5}], [{8, 2}, {1, 7}, {4, 6}, {3, 5}], [{8, 2}, {1, 7}, {5, 6}, {3, 4}], [{8, 2}, {1, 7}, {6}, {4, 5}, {3}], [{8, 2}, {3, 7}, {1, 6}, {4, 5}], [{8, 2}, {3, 7}, {4, 6}, {1, 5}], [{8, 2}, {3, 7}, {5, 6}, {1, 4}], [{8, 2}, {3, 7}, {6}, {5}, {1, 4}], [{8, 2}, {4, 7}, {1, 6}, {3, 5}], [{8, 2}, {4, 7}, {3, 6}, {1, 5}], [{8, 2}, {4, 7}, {5, 6}, {1, 3}], [{8, 2}, {4, 7}, {6}, {5}, {1, 3}], [{8, 2}, {5, 7}, {1, 6}, {3, 4}], [{8, 2}, {5, 7}, {3, 6}, {1, 4}], [{8, 2}, {5, 7}, {4, 6}, {1, 3}], [{8, 2}, {5, 7}, {6}, {3, 4}, {1}], [{8, 2}, {6, 7}, {1, 5}, {3, 4}], [{8, 2}, {6, 7}, {1, 5}, {4}, {3}], [{8, 2}, {6, 7}, {3, 5}, {1, 4}], [{8, 2}, {6, 7}, {4, 5}, {1, 3}], [{8, 3}, {1, 7}, {2, 6}, {4, 5}], [{8, 3}, {1, 7}, {4, 6}, {2, 5}], [{8, 3}, {1, 7}, {5, 6}, {2, 4}], [{8, 3}, {1, 7}, {6}, {4, 5}, {2}], [{8, 3}, {2, 7}, {1, 6}, {4, 5}], [{8, 3}, {2, 7}, {4, 6}, {1, 5}], [{8, 3}, {2, 7}, {5, 6}, {1, 4}], [{8, 3}, {4, 7}, {1, 6}, {2, 5}], [{8, 3}, {4, 7}, {2, 6}, {1, 5}], [{8, 3}, {4, 7}, {5, 6}, {1, 2}], [{8, 3}, {4, 7}, {5, 6}, {2}, {1}], [{8, 3}, {4, 7}, {6}, {5}, {1, 2}], [{8, 3}, {5, 7}, {1, 6}, {2, 4}], [{8, 3}, {5, 7}, {2, 6}, {1, 4}], [{8, 3}, {5, 7}, {4, 6}, {1, 2}], [{8, 3}, {5, 7}, {6}, {2, 4}, {1}], [{8, 3}, {6, 7}, {1, 5}, {2, 4}], [{8, 3}, {6, 7}, {2, 5}, {1, 4}], [{8, 3}, {6, 7}, {4, 5}, {1, 2}], [{8, 3}, {6, 7}, {4, 5}, {2}, {1}], [{8, 3}, {7}, {1, 6}, {4, 5}, {2}], [{8, 4}, {1, 7}, {2, 6}, {3, 5}], [{8, 4}, {1, 7}, {3, 6}, {2, 5}], [{8, 4}, {1, 7}, {5, 6}, {2, 3}], [{8, 4}, {1, 7}, {6}, {3, 5}, {2}], [{8, 4}, {2, 7}, {1, 6}, {3, 5}], [{8, 4}, {2, 7}, {1, 6}, {5}, {3}], [{8, 4}, {2, 7}, {3, 6}, {1, 5}], [{8, 4}, {2, 7}, {3, 6}, {5}, {1}], [{8, 4}, {2, 7}, {5, 6}, {1, 3}], [{8, 4}, {2, 7}, {6}, {5}, {1, 3}], [{8, 4}, {3, 7}, {1, 6}, {2, 5}], [{8, 4}, {3, 7}, {2, 6}, {1, 5}], [{8, 4}, {3, 7}, {5, 6}, {1, 2}], [{8, 4}, {3, 7}, {5, 6}, {2}, {1}], [{8, 4}, {5, 7}, {1, 6}, {2, 3}], [{8, 4}, {5, 7}, {1, 6}, {3}, {2}], [{8, 4}, {5, 7}, {2, 6}, {1, 3}], [{8, 4}, {5, 7}, {3, 6}, {1, 2}], [{8, 4}, {6, 7}, {1, 5}, {2, 3}], [{8, 4}, {6, 7}, {2, 5}, {1, 3}], [{8, 4}, {6, 7}, {3, 5}, {1, 2}], [{8, 4}, {6, 7}, {5}, {3}, {1, 2}], [{8, 4}, {7}, {1, 6}, {2, 5}, {3}], [{8, 4}, {7}, {2, 6}, {1, 5}, {3}], [{8, 5}, {1, 7}, {2, 6}, {3, 4}], [{8, 5}, {1, 7}, {3, 6}, {2, 4}], [{8, 5}, {1, 7}, {4, 6}, {2, 3}], [{8, 5}, {1, 7}, {6}, {3, 4}, {2}], [{8, 5}, {2, 7}, {1, 6}, {3, 4}], [{8, 5}, {2, 7}, {3, 6}, {1, 4}], [{8, 5}, {2, 7}, {4, 6}, {1, 3}], [{8, 5}, {2, 7}, {4, 6}, {3}, {1}], [{8, 5}, {3, 7}, {1, 6}, {2, 4}], [{8, 5}, {3, 7}, {2, 6}, {1, 4}], [{8, 5}, {3, 7}, {4, 6}, {1, 2}], [{8, 5}, {3, 7}, {6}, {1, 4}, {2}], [{8, 5}, {3, 7}, {6}, {2, 4}, {1}], [{8, 5}, {3, 7}, {6}, {4}, {1, 2}], [{8, 5}, {4, 7}, {1, 6}, {2, 3}], [{8, 5}, {4, 7}, {2, 6}, {1, 3}], [{8, 5}, {4, 7}, {3, 6}, {1, 2}], [{8, 5}, {4, 7}, {6}, {1, 3}, {2}], [{8, 5}, {6, 7}, {1, 4}, {2, 3}], [{8, 5}, {6, 7}, {2, 4}, {1, 3}], [{8, 5}, {6, 7}, {2, 4}, {3}, {1}], [{8, 5}, {6, 7}, {3, 4}, {1, 2}], [{8, 5}, {7}, {3, 6}, {2, 4}, {1}], [{8, 6}, {1, 7}, {2, 5}, {3, 4}], [{8, 6}, {1, 7}, {3, 5}, {2, 4}], [{8, 6}, {1, 7}, {4, 5}, {2, 3}], [{8, 6}, {1, 7}, {4, 5}, {3}, {2}], [{8, 6}, {2, 7}, {1, 5}, {3, 4}], [{8, 6}, {2, 7}, {3, 5}, {1, 4}], [{8, 6}, {2, 7}, {4, 5}, {1, 3}], [{8, 6}, {3, 7}, {1, 5}, {2, 4}], [{8, 6}, {3, 7}, {1, 5}, {4}, {2}], [{8, 6}, {3, 7}, {2, 5}, {1, 4}], [{8, 6}, {3, 7}, {4, 5}, {1, 2}], [{8, 6}, {3, 7}, {4, 5}, {2}, {1}], [{8, 6}, {3, 7}, {5}, {1, 4}, {2}], [{8, 6}, {4, 7}, {1, 5}, {2, 3}], [{8, 6}, {4, 7}, {2, 5}, {1, 3}], [{8, 6}, {4, 7}, {3, 5}, {1, 2}], [{8, 6}, {4, 7}, {5}, {1, 3}, {2}], [{8, 6}, {5, 7}, {1, 4}, {2, 3}], [{8, 6}, {5, 7}, {1, 4}, {3}, {2}], [{8, 6}, {5, 7}, {2, 4}, {1, 3}], [{8, 6}, {5, 7}, {3, 4}, {1, 2}], [{8, 6}, {5, 7}, {3, 4}, {2}, {1}], [{8, 6}, {5, 7}, {4}, {1, 3}, {2}], [{8, 6}, {7}, {3, 5}, {1, 4}, {2}], [{8, 6}, {7}, {4, 5}, {1, 3}, {2}], [{8, 7}, {1, 6}, {2, 5}, {3, 4}], [{8, 7}, {1, 6}, {3, 5}, {2, 4}], [{8, 7}, {1, 6}, {4, 5}, {2, 3}], [{8, 7}, {1, 6}, {4, 5}, {3}, {2}], [{8, 7}, {2, 6}, {1, 5}, {3, 4}], [{8, 7}, {2, 6}, {3, 5}, {1, 4}], [{8, 7}, {2, 6}, {4, 5}, {1, 3}], [{8, 7}, {2, 6}, {4, 5}, {3}, {1}], [{8, 7}, {3, 6}, {1, 5}, {2, 4}], [{8, 7}, {3, 6}, {1, 5}, {4}, {2}], [{8, 7}, {3, 6}, {2, 5}, {1, 4}], [{8, 7}, {3, 6}, {4, 5}, {1, 2}], [{8, 7}, {3, 6}, {4, 5}, {2}, {1}], [{8, 7}, {3, 6}, {5}, {1, 4}, {2}], [{8, 7}, {4, 6}, {1, 5}, {2, 3}], [{8, 7}, {4, 6}, {2, 5}, {1, 3}], [{8, 7}, {4, 6}, {2, 5}, {3}, {1}], [{8, 7}, {4, 6}, {3, 5}, {1, 2}], [{8, 7}, {5, 6}, {1, 4}, {2, 3}], [{8, 7}, {5, 6}, {2, 4}, {1, 3}], [{8, 7}, {5, 6}, {2, 4}, {3}, {1}], [{8, 7}, {5, 6}, {3, 4}, {1, 2}], [{8, 7}, {6}, {4, 5}, {1, 3}, {2}], [{8, 7}, {6}, {4, 5}, {2, 3}, {1}], [{8, 7}, {6}, {4, 5}, {3}, {1, 2}], [{8, 7}, {6}, {4, 5}, {3}, {2}, {1}], [{8}, {1, 7}, {2, 6}, {4, 5}, {3}], [{8}, {1, 7}, {3, 6}, {4, 5}, {2}], [{8}, {1, 7}, {4, 6}, {2, 5}, {3}], [{8}, {1, 7}, {5, 6}, {2, 4}, {3}], [{8}, {1, 7}, {6}, {4, 5}, {2, 3}], [{8}, {1, 7}, {6}, {4, 5}, {3}, {2}], [{8}, {2, 7}, {4, 6}, {1, 5}, {3}], [{8}, {2, 7}, {6}, {3, 5}, {1, 4}], [{8}, {3, 7}, {1, 6}, {4, 5}, {2}], [{8}, {3, 7}, {2, 6}, {5}, {1, 4}], [{8}, {3, 7}, {5, 6}, {1, 4}, {2}], [{8}, {3, 7}, {6}, {2, 5}, {1, 4}], [{8}, {4, 7}, {2, 6}, {5}, {1, 3}], [{8}, {4, 7}, {5, 6}, {1, 3}, {2}], [{8}, {4, 7}, {6}, {1, 5}, {2, 3}], [{8}, {4, 7}, {6}, {2, 5}, {1, 3}], [{8}, {5, 7}, {2, 6}, {3, 4}, {1}], [{8}, {5, 7}, {4, 6}, {2, 3}, {1}], [{8}, {6, 7}, {2, 5}, {1, 4}, {3}], [{8}, {6, 7}, {4, 5}, {1, 3}, {2}], [{8}, {7}, {3, 6}, {2, 5}, {1, 4}]]",2,4 K_1^2 K_2 - 2 K_1^2 - 8 K_1 K_2 - 4 K_1 K_3 + 4 K_1 - 4 K_2^2 + K_2 + 4 K_3 + 3 K_4 + 3,O1O2O3O4U5U3U2O6U7O8O5U8U4O7U1U6,O1O2O3U4U2U1U5O6O5U7O4O8U3U8O7U6,O1O2O3U4O5U6U1O6O7U5O8O4U8U3U2U7,c,{'O1O2O3O4U5U4O6U1U7O8O7U6O5U3U2U8'},1,"<a href=""/flatknot/8.850773"">8.850773</a>",t^9-30t^7-30t^6+47t^5+52t^4+12t^3-2t^2+2t,t^2-2t,,
8.850774,O1O2O3O4U5U4O6U1U7O8O7U6O5U3U8U2,4,5z^3+39z^2+107z+99,5w^4z^3-2w^4z^2+41w^3z^2+107w^2z+99w,False,False,"[[ 0 -2  1  0  1 -1  0  1  0],[ 2  0  2  1  0  0  1  2  1],[-1 -2  0 -1  1 -1 -1  0  0],[ 0 -1  1  0  1 -1  0  0  0],[-1  0 -1 -1  0 -1  0 -1 -1],[ 1  0  1  1  1  0  0  2  0],[ 0 -1  1  0  0  0  0  0  0],[-1 -2  0  0  1 -2  0  0  0],[ 0 -1  0  0  1  0  0  0  0]]","[[ 0  1  1  1  0  0  0 -1 -2],[-1  0  1  0  0  0  0 -2 -2],[-1 -1  0 -1  0 -1 -1 -1  0],[-1  0  1  0 -1  0 -1 -1 -2],[ 0  0  0  1  0  0  0  0 -1],[ 0  0  1  0  0  0  0  0 -1],[ 0  0  1  1  0  0  0 -1 -1],[ 1  2  1  1  0  0  1  0  0],[ 2  2  0  2  1  1  1  0  0]]",True,"[-1,-1,-1,0,0,0,1,2,-1,0,0,0,0,2,2,1,0,1,1,1,0,1,0,1,1,2,0,0,0,1,0,0,1,1,1,0]","[-2,-1,0,0,0,1,1,1,0,1,1,1,0,2,2,0,0,1,1,1,2,0,0,0,1,0,0,1,0,0,1,1,0,-1,-1,0]",t^8+24t^6+70t^4+52t^2+9,"[-2,-1,0,0,0,1,1,1,1,1,1,1,1,1,3,0,1,1,0,1,1,0,0,1,0,0,0,1,0,1,1,1,0,0,-1,-1]","[-1,-1,-1,0,0,0,1,2,-1,-1,0,0,1,1,3,0,0,1,0,1,1,1,1,1,0,1,0,0,0,1,0,1,1,1,1,1]","[-2,-1,0,0,0,1,1,1,0,1,1,1,0,2,2,0,0,1,1,1,2,0,0,0,1,0,0,1,0,0,1,1,0,-1,-1,0]",c,"[[{8, 1}, {2, 7}, {3, 6}, {4, 5}], [{8, 1}, {2, 7}, {6}, {4, 5}, {3}], [{8, 2}, {1, 7}, {3, 6}, {4, 5}], [{8, 2}, {1, 7}, {6}, {4, 5}, {3}], [{8, 3}, {4, 7}, {2, 6}, {1, 5}], [{8, 7}, {3, 6}, {4, 5}, {1, 2}], [{8, 7}, {6}, {4, 5}, {3}, {1, 2}]]",1,8 K_1^3 + 4 K_1^2 K_2 - 12 K_1^2 - 20 K_1 K_2 - 6 K_1 K_3 + 4 K_1 - 2 K_2^2 + 7 K_2 + 8 K_3 + 3 K_4 + 7,O1O2O3O4U3U5U2O6U7O8O5U8U4O7U1U6,O1O2O3U4U3U1U5O6O5U7O4O8U2U8O7U6,O1O2O3U4O5U6U2O6O7U5O8O4U8U3U1U7,c,{'O1O2O3O4U5U4O6U1U7O8O7U6O5U3U8U2'},1,"<a href=""/flatknot/8.850774"">8.850774</a>",t^9-26t^7-16t^6+79t^5+54t^4-68t^3-50t^2+18t+6,t^2-2t,,
8.850775,O1O2O3O4U5U4O6U1U7O8O7U6O5U8U2U3,4,3z^3+33z^2+109z+111,3w^4z^3+33w^3z^2+109w^2z+111w,False,False,"[[ 0 -2  0  2  1 -1  0  1 -1],[ 2  0  1  2  0  0  1  2  0],[ 0 -1  0  1  1  0 -1  1 -1],[-2 -2 -1  0  1 -2 -1 -1 -1],[-1  0 -1 -1  0 -1  0 -1 -1],[ 1  0  0  2  1  0  0  2 -1],[ 0 -1  1  1  0  0  0  0  0],[-1 -2 -1  1  1 -2  0  0 -1],[ 1  0  1  1  1  1  0  1  0]]","[[ 0  2  1  1  0  0 -1 -1 -2],[-2  0  1 -1 -1 -1 -1 -2 -2],[-1 -1  0 -1  0 -1 -1 -1  0],[-1  1  1  0  0 -1 -1 -2 -2],[ 0  1  0  0  0  1  0  0 -1],[ 0  1  1  1 -1  0 -1  0 -1],[ 1  1  1  1  0  1  0  1  0],[ 1  2  1  2  0  0 -1  0  0],[ 2  2  0  2  1  1  0  0  0]]",True,"[-2,-1,-1,0,0,1,1,2,-1,1,1,1,1,2,2,1,0,1,1,1,0,0,1,1,2,2,-1,0,0,1,1,0,1,-1,0,0]","[-2,-1,-1,0,0,1,1,2,-1,1,1,1,1,2,2,1,0,1,1,1,0,0,1,1,2,2,-1,0,0,1,1,0,1,-1,0,0]",t^8+32t^6+116t^4+57t^2+4,"[-2,-1,-1,0,0,1,1,2,1,1,1,1,1,3,2,-1,0,1,1,1,2,1,1,0,1,1,1,0,0,1,1,1,1,-1,0,2]","[-2,-1,-1,0,0,1,1,2,0,2,1,1,1,2,2,1,0,1,0,1,1,0,1,1,1,3,-1,1,0,1,1,1,1,-1,1,1]","[-2,-1,-1,0,0,1,1,2,0,0,1,1,0,2,2,-1,0,0,1,2,2,0,1,1,1,1,1,0,0,1,1,1,1,-1,-1,1]",c,"[[{8, 4}, {5, 7}, {1, 6}, {2, 3}], [{8, 4}, {5, 7}, {2, 6}, {1, 3}], [{8, 4}, {5, 7}, {3, 6}, {1, 2}], [{8, 4}, {6, 7}, {3, 5}, {1, 2}], [{8, 7}, {2, 6}, {4, 5}, {1, 3}]]",1,16 K_1^3 + 16 K_1^2 K_2 - 28 K_1^2 - 12 K_1 K_2 - 8 K_1 K_3 - 6 K_1 + 10 K_2 + 2 K_3 + 11,O1O2O3O4U2U3U5O6U7O8O5U8U4O7U1U6,O1O2O3U4U2U3U5O6O5U7O4O8U1U8O7U6,O1O2O3U4O5U6U3O6O7U5O8O4U8U1U2U7,c,{'O1O2O3O4U5U4O6U1U7O8O7U6O5U8U2U3'},1,"<a href=""/flatknot/8.850775"">8.850775</a>",t^9-32t^7-62t^6+62t^5+192t^4+52t^3-96t^2-59t-10,0,,
8.850776,O1O2O3O4U5U4O6U1U7O8O7U6O5U8U3U2,4,4z^3+37z^2+110z+105,4w^4z^3+37w^3z^2+110w^2z+105w,False,False,"[[ 0 -2  1  1  1 -1  0  1 -1],[ 2  0  2  1  0  0  1  2  0],[-1 -2  0  0  1 -1 -1  0 -1],[-1 -1  0  0  1 -1 -1  0 -1],[-1  0 -1 -1  0 -1  0 -1 -1],[ 1  0  1  1  1  0  0  2 -1],[ 0 -1  1  1  0  0  0  0  0],[-1 -2  0  0  1 -2  0  0 -1],[ 1  0  1  1  1  1  0  1  0]]","[[ 0  1  1  1  1  0 -1 -1 -2],[-1  0  1  0  0  0 -1 -2 -2],[-1 -1  0 -1 -1  0 -1 -1  0],[-1  0  1  0  0 -1 -1 -1 -1],[-1  0  1  0  0 -1 -1 -1 -2],[ 0  0  0  1  1  0  0  0 -1],[ 1  1  1  1  1  0  0  1  0],[ 1  2  1  1  1  0 -1  0  0],[ 2  2  0  1  2  1  0  0  0]]",True,"[-1,-1,-1,-1,0,1,1,2,-1,0,0,0,1,2,2,1,1,0,1,1,0,0,1,1,1,1,1,1,1,2,0,0,1,-1,0,0]","[-2,-1,-1,0,1,1,1,1,0,0,1,0,1,2,2,-1,0,1,1,1,2,0,1,1,1,1,0,1,1,0,-1,-1,-1,0,0,0]",t^8+27t^6+88t^4+42t^2+4,"[-2,-1,-1,0,1,1,1,1,1,1,1,1,1,2,3,-1,1,1,1,1,1,1,0,1,1,1,1,0,0,1,0,0,-1,0,-1,-1]","[-1,-1,-1,-1,0,1,1,2,-1,-1,-1,1,1,1,3,0,0,0,1,1,1,0,0,1,1,2,1,0,1,1,1,1,1,-1,1,1]","[-2,-1,-1,0,1,1,1,1,0,0,1,0,1,2,2,-1,0,1,1,1,2,0,1,1,1,1,0,1,1,0,-1,-1,-1,0,0,0]",c,"[[{8, 4}, {1, 7}, {3, 6}, {2, 5}], [{8, 4}, {3, 7}, {1, 6}, {2, 5}], [{8, 4}, {5, 7}, {1, 6}, {2, 3}], [{8, 4}, {5, 7}, {2, 6}, {1, 3}], [{8, 4}, {5, 7}, {2, 6}, {3}, {1}], [{8, 4}, {5, 7}, {3, 6}, {1, 2}], [{8, 4}, {6, 7}, {2, 5}, {1, 3}], [{8, 4}, {6, 7}, {2, 5}, {3}, {1}]]",1,- 12 K_1 K_2 - 2 K_1 K_3 + 6 K_1 - 6 K_2^2 + K_2 + 6 K_3 + 4 K_4 + 4,O1O2O3O4U3U2U5O6U7O8O5U8U4O7U1U6,O1O2O3U4U3U2U5O6O5U7O4O8U1U8O7U6,O1O2O3U4O5U6U3O6O7U5O8O4U8U2U1U7,c,{'O1O2O3O4U5U4O6U1U7O8O7U6O5U8U3U2'},1,"<a href=""/flatknot/8.850776"">8.850776</a>",t^9-29t^7-26t^6+97t^5+106t^4-56t^3-76t^2-9t,t^2-2t,,
8.850777,O1O2O3O4U5U4O6U2U1O7O8U3O5U6U7U8,4,11z^3+57z^2+101z+63,-4w^5z^3+15w^4z^3-8w^4z^2+65w^3z^2+101w^2z+63w,False,False,"[[ 0 -1 -1  0  1 -1  0  0  2],[ 1  0  0  2  0 -2  2  1  1],[ 1  0  0  1  0 -1  1  1  1],[ 0 -2 -1  0  0 -1  0  1  2],[-1  0  0  0  0 -1 -1 -1 -1],[ 1  2  1  1  1  0  0 -1  0],[ 0 -2 -1  0  1  0  0  1  2],[ 0 -1 -1 -1  1  1 -1  0  1],[-2 -1 -1 -2  1  0 -2 -1  0]]","[[ 0  2  1  0  0  0 -1 -1 -1],[-2  0  1 -1 -2 -2  0 -1 -1],[-1 -1  0 -1  0 -1 -1  0  0],[ 0  1  1  0 -1 -1  1 -1 -1],[ 0  2  0  1  0  0 -1 -1 -2],[ 0  2  1  1  0  0  0 -1 -2],[ 1  0  1 -1  1  0  0  1  2],[ 1  1  0  1  1  1 -1  0  0],[ 1  1  0  1  2  2 -2  0  0]]",True,"[-2,-1,0,0,0,1,1,1,-1,1,2,2,0,1,1,1,0,1,1,0,0,1,1,-1,1,1,0,1,1,2,0,1,2,-1,-2,0]","[-2,-1,0,0,0,1,1,1,-1,1,2,2,0,1,1,1,0,1,1,0,0,1,1,-1,1,1,0,1,1,2,0,1,2,-1,-2,0]",t^8+36t^6+172t^4+71t^2+4,"[-1,-1,-1,0,0,0,1,2,-2,-1,0,1,2,1,3,0,-1,-1,0,2,2,0,0,0,2,2,0,-1,1,0,-1,0,0,0,1,2]","[-2,-1,0,0,0,1,1,1,2,0,0,1,2,2,3,0,1,0,2,2,1,0,1,-1,0,1,1,-1,0,0,0,0,2,0,-2,-1]","[-1,-1,-1,0,0,0,1,2,-2,0,1,2,2,0,1,1,-1,0,1,1,0,1,1,1,0,1,-1,-1,1,1,0,1,2,0,2,-1]",c,"[[{8, 1}, {2, 7}, {3, 6}, {4, 5}], [{8, 2}, {1, 7}, {3, 6}, {4, 5}], [{8, 2}, {5, 7}, {4, 6}, {1, 3}], [{8, 7}, {3, 6}, {4, 5}, {1, 2}], [{8}, {5, 7}, {4, 6}, {1, 3}, {2}]]",1,4 K_1^3 - 2 K_1^2 - 4 K_1 K_2 - K_1 + K_2 + K_3 + 2,O1O2O3O4U5U6U7O8U2O5O6U4U3O7U1U8,O1O2O3U4U5U6U7O8O7U1O5O4U2U3O6U8,O1O2O3U4O5U1U2O6O7U3O8O4U8U5U7U6,c,{'O1O2O3O4U5U4O6U2U1O7O8U3O5U6U7U8'},1,"<a href=""/flatknot/8.850777"">8.850777</a>",t^9-34t^7-78t^6-9t^5+34t^4+34t^3+16t^2-35t+6,-t^2+2t,,
8.850778,O1O2O3O4U5U4O6U2U1O7O8U3O5U7U6U8,4,2z^3+33z^2+104z+93,2w^4z^3-4w^4z^2+37w^3z^2-8w^3z+112w^2z+93w,False,False,"[[ 0 -1 -1  0  1 -1  1 -1  2],[ 1  0  0  2  0 -2  2  0  1],[ 1  0  0  1  0 -1  1  0  1],[ 0 -2 -1  0  0 -1  1  0  2],[-1  0  0  0  0 -1 -1 -1 -1],[ 1  2  1  1  1  0  0 -1  0],[-1 -2 -1 -1  1  0  0  0  2],[ 1  0  0  0  1  1  0  0  1],[-2 -1 -1 -2  1  0 -2 -1  0]]","[[ 0  2  1  1  0 -1 -1 -1 -1],[-2  0  1 -2 -2  0 -1 -1 -1],[-1 -1  0 -1  0 -1  0  0 -1],[-1  2  1  0 -1  0 -1 -2  0],[ 0  2  0  1  0 -1 -1 -2  0],[ 1  0  1  0  1  0  1  2 -1],[ 1  1  0  1  1 -1  0  0  0],[ 1  1  0  2  2 -2  0  0  0],[ 1  1  1  0  0  1  0  0  0]]",True,"[-2,-1,-1,0,1,1,1,1,-1,2,2,0,1,1,1,1,0,1,0,0,1,1,0,1,2,0,1,1,2,0,-1,-2,1,0,0,0]","[-2,-1,-1,0,1,1,1,1,-1,2,0,2,2,2,3,1,0,0,1,2,2,1,2,2,1,1,-1,0,1,0,0,0,-2,0,-1,1]",t^8+33t^6+179t^4+35t^2+1,"[-1,-1,-1,-1,0,1,1,2,-2,-1,1,0,1,2,3,0,0,-1,2,0,2,0,0,2,1,2,1,1,2,2,1,0,0,1,2,-1]","[-2,-1,-1,0,1,1,1,1,-1,2,0,2,2,2,3,1,0,0,1,2,2,1,2,2,1,1,-1,0,1,0,0,0,-2,0,-1,1]","[-1,-1,-1,-1,0,1,1,2,-2,0,0,2,0,2,1,-1,1,1,1,0,0,0,0,1,0,1,1,0,1,1,0,1,2,-1,-1,2]",c,"[[{8, 1}, {2, 7}, {3, 6}, {4, 5}], [{8, 1}, {2, 7}, {4, 6}, {3, 5}], [{8, 1}, {2, 7}, {4, 6}, {5}, {3}], [{8, 1}, {2, 7}, {5, 6}, {3, 4}], [{8, 1}, {2, 7}, {5, 6}, {4}, {3}], [{8, 1}, {2, 7}, {6}, {4, 5}, {3}], [{8, 1}, {3, 7}, {2, 6}, {4, 5}], [{8, 1}, {3, 7}, {2, 6}, {5}, {4}], [{8, 1}, {3, 7}, {4, 6}, {2, 5}], [{8, 1}, {3, 7}, {4, 6}, {5}, {2}], [{8, 1}, {3, 7}, {5, 6}, {2, 4}], [{8, 1}, {3, 7}, {6}, {5}, {2, 4}], [{8, 1}, {4, 7}, {2, 6}, {3, 5}], [{8, 1}, {4, 7}, {3, 6}, {2, 5}], [{8, 1}, {4, 7}, {5, 6}, {2, 3}], [{8, 1}, {5, 7}, {2, 6}, {3, 4}], [{8, 1}, {5, 7}, {2, 6}, {4}, {3}], [{8, 1}, {5, 7}, {3, 6}, {2, 4}], [{8, 1}, {5, 7}, {4, 6}, {2, 3}], [{8, 1}, {5, 7}, {4, 6}, {3}, {2}], [{8, 1}, {5, 7}, {6}, {2, 4}, {3}], [{8, 1}, {6, 7}, {2, 5}, {3, 4}], [{8, 1}, {6, 7}, {3, 5}, {2, 4}], [{8, 1}, {6, 7}, {4, 5}, {2, 3}], [{8, 1}, {7}, {2, 6}, {3, 5}, {4}], [{8, 1}, {7}, {3, 6}, {2, 5}, {4}], [{8, 1}, {7}, {4, 6}, {2, 5}, {3}], [{8, 1}, {7}, {4, 6}, {3, 5}, {2}], [{8, 1}, {7}, {4, 6}, {5}, {2, 3}], [{8, 1}, {7}, {4, 6}, {5}, {3}, {2}], [{8, 1}, {7}, {6}, {2, 5}, {3, 4}], [{8, 1}, {7}, {6}, {3, 5}, {2, 4}], [{8, 2}, {1, 7}, {3, 6}, {4, 5}], [{8, 2}, {1, 7}, {4, 6}, {3, 5}], [{8, 2}, {1, 7}, {5, 6}, {3, 4}], [{8, 2}, {3, 7}, {1, 6}, {4, 5}], [{8, 2}, {3, 7}, {4, 6}, {1, 5}], [{8, 2}, {3, 7}, {5, 6}, {1, 4}], [{8, 2}, {3, 7}, {5, 6}, {4}, {1}], [{8, 2}, {4, 7}, {1, 6}, {3, 5}], [{8, 2}, {4, 7}, {1, 6}, {5}, {3}], [{8, 2}, {4, 7}, {3, 6}, {1, 5}], [{8, 2}, {4, 7}, {5, 6}, {1, 3}], [{8, 2}, {5, 7}, {1, 6}, {3, 4}], [{8, 2}, {5, 7}, {3, 6}, {1, 4}], [{8, 2}, {5, 7}, {4, 6}, {1, 3}], [{8, 2}, {6, 7}, {1, 5}, {3, 4}], [{8, 2}, {6, 7}, {3, 5}, {1, 4}], [{8, 2}, {6, 7}, {3, 5}, {4}, {1}], [{8, 2}, {6, 7}, {4, 5}, {1, 3}], [{8, 2}, {7}, {3, 6}, {1, 5}, {4}], [{8, 2}, {7}, {6}, {3, 5}, {1, 4}], [{8, 3}, {1, 7}, {2, 6}, {4, 5}], [{8, 3}, {1, 7}, {4, 6}, {2, 5}], [{8, 3}, {1, 7}, {5, 6}, {2, 4}], [{8, 3}, {2, 7}, {1, 6}, {4, 5}], [{8, 3}, {2, 7}, {4, 6}, {1, 5}], [{8, 3}, {2, 7}, {5, 6}, {1, 4}], [{8, 3}, {4, 7}, {1, 6}, {2, 5}], [{8, 3}, {4, 7}, {2, 6}, {1, 5}], [{8, 3}, {4, 7}, {5, 6}, {1, 2}], [{8, 3}, {5, 7}, {1, 6}, {2, 4}], [{8, 3}, {5, 7}, {2, 6}, {1, 4}], [{8, 3}, {5, 7}, {4, 6}, {1, 2}], [{8, 3}, {5, 7}, {4, 6}, {2}, {1}], [{8, 3}, {6, 7}, {1, 5}, {2, 4}], [{8, 3}, {6, 7}, {2, 5}, {1, 4}], [{8, 3}, {6, 7}, {4, 5}, {1, 2}], [{8, 3}, {7}, {2, 6}, {1, 5}, {4}], [{8, 4}, {1, 7}, {2, 6}, {3, 5}], [{8, 4}, {1, 7}, {2, 6}, {5}, {3}], [{8, 4}, {1, 7}, {3, 6}, {2, 5}], [{8, 4}, {1, 7}, {3, 6}, {5}, {2}], [{8, 4}, {1, 7}, {5, 6}, {2, 3}], [{8, 4}, {1, 7}, {6}, {5}, {2, 3}], [{8, 4}, {2, 7}, {1, 6}, {3, 5}], [{8, 4}, {2, 7}, {3, 6}, {1, 5}], [{8, 4}, {2, 7}, {5, 6}, {1, 3}], [{8, 4}, {3, 7}, {1, 6}, {2, 5}], [{8, 4}, {3, 7}, {2, 6}, {1, 5}], [{8, 4}, {3, 7}, {5, 6}, {1, 2}], [{8, 4}, {5, 7}, {1, 6}, {2, 3}], [{8, 4}, {5, 7}, {2, 6}, {1, 3}], [{8, 4}, {5, 7}, {3, 6}, {1, 2}], [{8, 4}, {6, 7}, {1, 5}, {2, 3}], [{8, 4}, {6, 7}, {2, 5}, {1, 3}], [{8, 4}, {6, 7}, {3, 5}, {1, 2}], [{8, 5}, {1, 7}, {2, 6}, {3, 4}], [{8, 5}, {1, 7}, {3, 6}, {2, 4}], [{8, 5}, {1, 7}, {4, 6}, {2, 3}], [{8, 5}, {2, 7}, {1, 6}, {3, 4}], [{8, 5}, {2, 7}, {3, 6}, {1, 4}], [{8, 5}, {2, 7}, {4, 6}, {1, 3}], [{8, 5}, {3, 7}, {1, 6}, {2, 4}], [{8, 5}, {3, 7}, {2, 6}, {1, 4}], [{8, 5}, {3, 7}, {4, 6}, {1, 2}], [{8, 5}, {4, 7}, {1, 6}, {2, 3}], [{8, 5}, {4, 7}, {1, 6}, {3}, {2}], [{8, 5}, {4, 7}, {2, 6}, {1, 3}], [{8, 5}, {4, 7}, {3, 6}, {1, 2}], [{8, 5}, {4, 7}, {6}, {2, 3}, {1}], [{8, 5}, {6, 7}, {1, 4}, {2, 3}], [{8, 5}, {6, 7}, {2, 4}, {1, 3}], [{8, 5}, {6, 7}, {3, 4}, {1, 2}], [{8, 5}, {7}, {1, 6}, {4}, {2, 3}], [{8, 6}, {1, 7}, {2, 5}, {3, 4}], [{8, 6}, {1, 7}, {3, 5}, {2, 4}], [{8, 6}, {1, 7}, {4, 5}, {2, 3}], [{8, 6}, {1, 7}, {4, 5}, {3}, {2}], [{8, 6}, {1, 7}, {5}, {4}, {2, 3}], [{8, 6}, {2, 7}, {1, 5}, {3, 4}], [{8, 6}, {2, 7}, {3, 5}, {1, 4}], [{8, 6}, {2, 7}, {4, 5}, {1, 3}], [{8, 6}, {3, 7}, {1, 5}, {2, 4}], [{8, 6}, {3, 7}, {2, 5}, {1, 4}], [{8, 6}, {3, 7}, {4, 5}, {1, 2}], [{8, 6}, {3, 7}, {5}, {1, 4}, {2}], [{8, 6}, {4, 7}, {1, 5}, {2, 3}], [{8, 6}, {4, 7}, {2, 5}, {1, 3}], [{8, 6}, {4, 7}, {3, 5}, {1, 2}], [{8, 6}, {4, 7}, {3, 5}, {2}, {1}], [{8, 6}, {5, 7}, {1, 4}, {2, 3}], [{8, 6}, {5, 7}, {2, 4}, {1, 3}], [{8, 6}, {5, 7}, {3, 4}, {1, 2}], [{8, 7}, {1, 6}, {2, 5}, {3, 4}], [{8, 7}, {1, 6}, {3, 5}, {2, 4}], [{8, 7}, {1, 6}, {4, 5}, {2, 3}], [{8, 7}, {2, 6}, {1, 5}, {3, 4}], [{8, 7}, {2, 6}, {3, 5}, {1, 4}], [{8, 7}, {2, 6}, {3, 5}, {4}, {1}], [{8, 7}, {2, 6}, {4, 5}, {1, 3}], [{8, 7}, {3, 6}, {1, 5}, {2, 4}], [{8, 7}, {3, 6}, {2, 5}, {1, 4}], [{8, 7}, {3, 6}, {2, 5}, {4}, {1}], [{8, 7}, {3, 6}, {4, 5}, {1, 2}], [{8, 7}, {4, 6}, {1, 5}, {2, 3}], [{8, 7}, {4, 6}, {2, 5}, {1, 3}], [{8, 7}, {4, 6}, {2, 5}, {3}, {1}], [{8, 7}, {4, 6}, {3, 5}, {1, 2}], [{8, 7}, {4, 6}, {3, 5}, {2}, {1}], [{8, 7}, {4, 6}, {5}, {2, 3}, {1}], [{8, 7}, {5, 6}, {1, 4}, {2, 3}], [{8, 7}, {5, 6}, {2, 4}, {1, 3}], [{8, 7}, {5, 6}, {3, 4}, {1, 2}], [{8, 7}, {6}, {2, 5}, {3, 4}, {1}], [{8, 7}, {6}, {3, 5}, {2, 4}, {1}], [{8}, {1, 7}, {2, 6}, {3, 5}, {4}], [{8}, {1, 7}, {3, 6}, {2, 5}, {4}], [{8}, {1, 7}, {4, 6}, {2, 5}, {3}], [{8}, {1, 7}, {4, 6}, {3, 5}, {2}], [{8}, {1, 7}, {4, 6}, {5}, {2, 3}], [{8}, {1, 7}, {6}, {2, 5}, {3, 4}], [{8}, {1, 7}, {6}, {3, 5}, {2, 4}], [{8}, {4, 7}, {1, 6}, {2, 5}, {3}], [{8}, {4, 7}, {5, 6}, {1, 3}, {2}], [{8}, {5, 7}, {4, 6}, {1, 3}, {2}], [{8}, {6, 7}, {2, 5}, {4}, {1, 3}], [{8}, {7}, {5, 6}, {3, 4}, {1, 2}]]",2,- 8 K_1^4 + 8 K_1^3 + 12 K_1^2 K_2 - 4 K_1^2 - 12 K_1 K_2 - 6 K_1 K_3 + 3 K_2 + 4 K_3 + K_4 + 3,O1O2O3O4U5U6U7O8U2O5O7U4U3O6U1U8,O1O2O3U4U5U6U7O8O7U2O5O4U1U3O6U8,O1O2O3U4O5U1U3O6O7U2O8O4U8U5U7U6,c,{'O1O2O3O4U5U4O6U2U1O7O8U3O5U7U6U8'},1,"<a href=""/flatknot/8.850778"">8.850778</a>",t^9-31t^7-54t^6+68t^5+70t^4-103t^3+98t^2+132t+20,-t^2+2t,,
8.850779,O1O2O3O4U5U4O6U2U1O7O8U3O5U7U8U6,4,5z^3+38z^2+92z+73,5w^4z^3+38w^3z^2+92w^2z+73w,False,False,"[[ 0 -1 -1  0  1 -1  2 -1  1],[ 1  0  0  2  0 -2  2  0  0],[ 1  0  0  1  0 -1  1  0  0],[ 0 -2 -1  0  0 -1  2  0  1],[-1  0  0  0  0 -1 -1 -1 -1],[ 1  2  1  1  1  0  0 -1  0],[-2 -2 -1 -2  1  0  0 -1  1],[ 1  0  0  0  1  1  1  0  1],[-1  0  0 -1  1  0 -1 -1  0]]","[[ 0  2  1  1  0 -1 -1 -1 -1],[-2  0  1  1 -2  0 -1 -1 -2],[-1 -1  0  1 -1  0  0 -1  0],[-1 -1 -1  0  0 -1  0 -1  0],[ 0  2  1  0  0 -1 -1  0 -2],[ 1  0  0  1  1  0  1 -1  2],[ 1  1  0  0  1 -1  0  0  0],[ 1  1  1  1  0  1  0  0  0],[ 1  2  0  0  2 -2  0  0  0]]",True,"[-2,-1,-1,0,1,1,1,1,-1,-1,2,0,1,1,2,-1,1,0,0,1,0,0,1,0,1,0,1,1,0,2,-1,1,-2,0,0,0]","[-2,-1,-1,0,1,1,1,1,-1,-1,2,0,1,1,2,-1,1,0,0,1,0,0,1,0,1,0,1,1,0,2,-1,1,-2,0,0,0]",t^8+29t^6+158t^4+16t^2,"[-1,-1,-1,-1,0,1,1,2,-2,-1,1,0,1,2,3,0,0,-1,2,2,1,0,0,2,2,2,1,1,1,2,1,0,0,1,2,2]","[-2,-1,-1,0,1,1,1,1,2,2,0,1,2,2,3,-1,1,2,1,2,1,0,2,1,2,2,-1,1,0,0,0,0,-2,0,1,-1]","[-1,-1,-1,-1,0,1,1,2,-2,0,0,2,0,0,2,-1,1,1,0,1,0,0,0,1,1,1,1,0,0,1,1,0,2,1,-1,-1]",c,"[[{8, 1}, {4, 7}, {2, 6}, {3, 5}], [{8, 1}, {4, 7}, {3, 6}, {2, 5}], [{8, 1}, {4, 7}, {5, 6}, {2, 3}], [{8, 3}, {1, 7}, {2, 6}, {4, 5}], [{8, 3}, {4, 7}, {2, 6}, {1, 5}], [{8, 4}, {1, 7}, {2, 6}, {3, 5}]]",1,8 K_1^3 + 8 K_1^2 K_2 - 10 K_1^2 - 12 K_1 K_2 - 8 K_1 K_3 + 5 K_2 + 4 K_3 + 2 K_4 + 4,O1O2O3O4U5U6U7O8U2O6O7U4U3O5U1U8,O1O2O3U4U5U6U7O8O7U3O5O4U1U2O6U8,O1O2O3U4O5U2U3O6O7U1O8O4U8U5U7U6,c,{'O1O2O3O4U5U4O6U2U1O7O8U3O5U7U8U6'},1,"<a href=""/flatknot/8.850779"">8.850779</a>",t^9-27t^7-42t^6+57t^5+74t^4-63t^3-92t^2-16t+12,-t^2+2t,,
8.850780,O1O2O3O4U5U4O6U2U1O7O8U3O5U8U7U6,4,7z^3+50z^2+114z+85,7w^4z^3+50w^3z^2+114w^2z+85w,False,False,"[[ 0 -1 -1  0  1 -1  2  0  0],[ 1  0  0  2  0 -2  2  0  0],[ 1  0  0  1  0 -1  1  0  0],[ 0 -2 -1  0  0 -1  2  1  0],[-1  0  0  0  0 -1 -1 -1 -1],[ 1  2  1  1  1  0  0 -1  0],[-2 -2 -1 -2  1  0  0  0  0],[ 0  0  0 -1  1  1  0  0  0],[ 0  0  0  0  1  0  0  0  0]]","[[ 0  2  1  0  0  0 -1 -1 -1],[-2  0  1  0  0 -2  0 -1 -2],[-1 -1  0 -1 -1  0 -1  0  0],[ 0  0  1  0  0  0  0  0  0],[ 0  0  1  0  0 -1  1  0  0],[ 0  2  0  0  1  0 -1 -1 -2],[ 1  0  1  0 -1  1  0  1  2],[ 1  1  0  0  0  1 -1  0  0],[ 1  2  0  0  0  2 -2  0  0]]",True,"[-2,-1,0,0,0,1,1,1,-1,0,0,2,0,1,2,1,1,0,1,0,0,0,0,0,0,0,1,-1,0,0,1,1,2,-1,-2,0]","[-2,-1,0,0,0,1,1,1,-1,0,0,2,0,1,2,1,1,0,1,0,0,0,0,0,0,0,1,-1,0,0,1,1,2,-1,-2,0]",t^8+26t^6+101t^4+19t^2,"[-1,-1,-1,0,0,0,1,2,-2,-1,0,1,2,1,3,0,-1,1,1,2,1,0,1,1,2,2,0,-1,1,0,0,0,2,0,2,2]","[-2,-1,0,0,0,1,1,1,2,0,2,2,1,2,3,1,0,0,2,2,1,0,1,-1,0,0,0,1,1,1,1,1,2,0,-2,-1]","[-1,-1,-1,0,0,0,1,2,-2,0,0,0,2,0,2,1,-1,0,1,1,0,0,0,1,0,1,0,-1,1,0,0,1,0,0,2,-1]",c,"[[{8, 1}, {4, 7}, {2, 6}, {3, 5}], [{8, 3}, {1, 7}, {2, 6}, {4, 5}], [{8, 3}, {2, 7}, {1, 6}, {4, 5}], [{8, 3}, {6, 7}, {4, 5}, {1, 2}], [{8, 4}, {1, 7}, {2, 6}, {3, 5}], [{8, 4}, {3, 7}, {2, 6}, {1, 5}]]",1,4 K_1^3 - 2 K_1^2 - 4 K_1 K_2 - K_1 + K_2 + K_3 + 2,O1O2O3O4U5U6U7O8U2O7O6U4U3O5U1U8,O1O2O3U4U5U6U7O8O7U3O5O4U2U1O6U8,O1O2O3U4O5U3U2O6O7U1O8O4U8U5U7U6,c,{'O1O2O3O4U5U4O6U2U1O7O8U3O5U8U7U6'},1,"<a href=""/flatknot/8.850780"">8.850780</a>",t^9-24t^7-36t^6+20t^5+18t^4+87t^3+54t^2+28t+2,-t^2+2t,,
8.850781,O1O2O3O4U5U4O6U2U1O7O8U6O5U3U7U8,4,11z^3+60z^2+110z+69,-2w^5z^3+13w^4z^3+60w^3z^2+110w^2z+69w,False,False,"[[ 0 -1 -1  0  1 -1  0  0  2],[ 1  0  0  2  0 -2  2  1  1],[ 1  0  0  1  0 -1  1  1  1],[ 0 -2 -1  0  1 -1  0  1  2],[-1  0  0 -1  0 -1  0 -1 -1],[ 1  2  1  1  1  0  0 -1  0],[ 0 -2 -1  0  0  0  0  1  2],[ 0 -1 -1 -1  1  1 -1  0  1],[-2 -1 -1 -2  1  0 -2 -1  0]]","[[ 0  2  1  0  0  0 -1 -1 -1],[-2  0  1 -1 -2 -2  0 -1 -1],[-1 -1  0 -1  0 -1 -1  0  0],[ 0  1  1  0 -1 -1  1 -1 -1],[ 0  2  0  1  0  0  0 -1 -2],[ 0  2  1  1  0  0 -1 -1 -2],[ 1  0  1 -1  0  1  0  1  2],[ 1  1  0  1  1  1 -1  0  0],[ 1  1  0  1  2  2 -2  0  0]]",True,"[-2,-1,0,0,0,1,1,1,-1,1,2,2,0,1,1,1,0,1,1,0,0,1,1,-1,1,1,0,0,1,2,1,1,2,-1,-2,0]","[-2,-1,0,0,0,1,1,1,-1,1,2,2,0,1,1,1,0,1,1,0,0,1,1,-1,1,1,0,0,1,2,1,1,2,-1,-2,0]",t^8+36t^6+173t^4+56t^2+4,"[-1,-1,-1,0,0,0,1,2,-2,-1,0,1,2,1,3,0,-1,-1,0,2,2,0,0,0,2,2,0,-1,0,0,-1,1,0,0,1,2]","[-2,-1,0,0,0,1,1,1,2,0,0,1,2,2,3,0,1,0,2,2,1,0,1,-1,0,0,1,-1,0,1,0,0,2,0,-2,-1]","[-1,-1,-1,0,0,0,1,2,-2,0,1,2,2,0,1,1,-1,0,1,1,0,1,1,1,0,1,-1,-1,1,1,0,0,2,1,2,-1]",c,"[[{8, 1}, {2, 7}, {3, 6}, {4, 5}], [{8, 1}, {2, 7}, {6}, {4, 5}, {3}], [{8, 2}, {1, 7}, {3, 6}, {4, 5}], [{8, 2}, {1, 7}, {6}, {4, 5}, {3}], [{8, 7}, {3, 6}, {4, 5}, {1, 2}], [{8, 7}, {6}, {4, 5}, {3}, {1, 2}]]",1,12 K_1^3 - 2 K_1^2 - 12 K_1 K_2 - 3 K_1 + K_2 + 3 K_3 + 2,O1O2O3O4U5U6U2O7U8O5O6U4U3O8U1U7,O1O2O3U4U5U1U6O7O6U8O5O4U2U3O8U7,O1O2O3U4O5U1U2O6O7U5O8O4U8U3U7U6,c,{'O1O2O3O4U5U4O6U2U1O7O8U6O5U3U7U8'},1,"<a href=""/flatknot/8.850781"">8.850781</a>",t^9-34t^7-80t^6-12t^5+48t^4+49t^3+96t^2+45t,-t^2+2t,,
8.850782,O1O2O3O4U5U4O6U2U1O7O8U6O5U7U3U8,4,3z^3+35z^2+111z+107,3w^4z^3+35w^3z^2+111w^2z+107w,False,False,"[[ 0 -1 -1  1  1 -1  0 -1  2],[ 1  0  0  2  0 -2  2  0  1],[ 1  0  0  1  0 -1  1  0  1],[-1 -2 -1  0  1 -1 -1  0  2],[-1  0  0 -1  0 -1  0 -1 -1],[ 1  2  1  1  1  0  0 -2  0],[ 0 -2 -1  1  0  0  0  1  2],[ 1  0  0  0  1  2 -1  0  1],[-2 -1 -1 -2  1  0 -2 -1  0]]","[[ 0  2  1  1  0 -1 -1 -1 -1],[-2  0  1 -2 -2  0 -1 -1 -1],[-1 -1  0 -1  0 -1  0  0 -1],[-1  2  1  0 -1 -1 -1 -2  0],[ 0  2  0  1  0  0 -1 -2  1],[ 1  0  1  1  0  0  1  2 -2],[ 1  1  0  1  1 -1  0  0  0],[ 1  1  0  2  2 -2  0  0  0],[ 1  1  1  0 -1  2  0  0  0]]",True,"[-2,-1,-1,0,1,1,1,1,-1,2,2,0,1,1,1,1,0,1,0,0,1,1,1,1,2,0,0,1,2,-1,-1,-2,2,0,0,0]","[-2,-1,-1,0,1,1,1,1,-1,2,0,2,2,2,3,1,0,0,1,2,1,1,2,2,1,1,-1,0,2,1,0,0,-2,0,-1,2]",t^8+37t^6+277t^4+75t^2+4,"[-1,-1,-1,-1,0,1,1,2,-2,-1,2,1,1,1,3,0,0,-1,0,2,2,0,0,1,2,2,2,2,1,2,0,1,0,-1,-1,2]","[-2,-1,-1,0,1,1,1,1,-1,2,0,2,2,2,3,1,0,0,1,2,1,1,2,2,1,1,-1,0,2,1,0,0,-2,0,-1,2]","[-1,-1,-1,-1,0,1,1,2,-2,0,0,2,0,2,1,-2,1,0,1,1,0,0,-1,1,0,1,1,0,1,1,0,1,2,-1,-1,2]",c,"[[{8, 1}, {5, 7}, {4, 6}, {2, 3}], [{8, 5}, {1, 7}, {4, 6}, {2, 3}]]",1,4 K_1^2 K_2 - 2 K_1^2 - 4 K_1 K_2 - 4 K_1 K_3 + 2 K_1 - 4 K_2^2 + K_2 + 2 K_3 + 3 K_4 + 3,O1O2O3O4U5U2U6O7U8O5O6U4U3O8U1U7,O1O2O3U4U5U2U6O7O6U8O5O4U1U3O8U7,O1O2O3U4O5U1U3O6O7U5O8O4U8U2U7U6,c,{'O1O2O3O4U5U4O6U2U1O7O8U6O5U7U3U8'},1,"<a href=""/flatknot/8.850782"">8.850782</a>",t^9-35t^7-64t^6+78t^5+122t^4+99t^3+306t^2-22t-6,-t^2+2t,,
8.850783,O1O2O3O4U5U4O6U2U1O7O8U6O5U7U8U3,4,9z^3+51z^2+93z+55,-2w^5z^3+11w^4z^3-8w^4z^2+59w^3z^2-6w^3z+99w^2z+55w,False,False,"[[ 0 -1 -1  2  1 -1  0 -1  1],[ 1  0  0  2  0 -2  2  0  0],[ 1  0  0  1  0 -1  1  0  0],[-2 -2 -1  0  1 -1 -2 -1  1],[-1  0  0 -1  0 -1  0 -1 -1],[ 1  2  1  1  1  0  0 -2 -1],[ 0 -2 -1  2  0  0  0  1  2],[ 1  0  0  1  1  2 -1  0  1],[-1  0  0 -1  1  1 -2 -1  0]]","[[ 0  2  1  1  0 -1 -1 -1 -1],[-2  0  1  1 -2 -1 -1 -1 -2],[-1 -1  0  1 -2  1  0 -1  0],[-1 -1 -1  0  0 -1  0 -1  0],[ 0  2  2  0  0  0 -1  1 -2],[ 1  1 -1  1  0  0  1 -2  2],[ 1  1  0  0  1 -1  0  0  0],[ 1  1  1  1 -1  2  0  0  0],[ 1  2  0  0  2 -2  0  0  0]]",True,"[-2,-1,-1,0,1,1,1,1,-1,-1,2,1,1,1,2,-1,2,-1,0,1,0,0,1,0,1,0,0,1,-1,2,-1,2,-2,0,0,0]","[-2,-1,-1,0,1,1,1,1,-1,-1,2,1,1,1,2,-1,2,-1,0,1,0,0,1,0,1,0,0,1,-1,2,-1,2,-2,0,0,0]",t^8+37t^6+292t^4+36t^2,"[-1,-1,-1,-1,0,1,1,2,-2,-1,2,1,1,3,2,0,0,-1,2,2,1,0,0,2,2,2,2,1,1,2,1,-1,0,1,2,2]","[-2,-1,-1,0,1,1,1,1,2,2,0,1,2,2,2,-1,1,2,1,1,2,-1,2,1,3,2,-1,2,1,0,0,-2,0,2,0,1]","[-1,-1,-1,-1,0,1,1,2,-2,0,0,2,0,0,2,-2,1,0,-1,1,1,0,-1,1,1,1,1,0,0,1,2,0,2,1,-1,-1]",c,"[[{8, 1}, {4, 7}, {2, 6}, {3, 5}], [{8, 1}, {4, 7}, {3, 6}, {2, 5}], [{8, 1}, {4, 7}, {5, 6}, {2, 3}], [{8, 4}, {1, 7}, {2, 6}, {3, 5}]]",1,8 K_1^3 - 2 K_1^2 - 4 K_1 K_2 - 4 K_1 + K_2 + 2,O1O2O3O4U2U5U6O7U8O5O6U4U3O8U1U7,O1O2O3U4U5U3U6O7O6U8O5O4U1U2O8U7,O1O2O3U4O5U2U3O6O7U5O8O4U8U1U7U6,c,{'O1O2O3O4U5U4O6U2U1O7O8U6O5U7U8U3'},1,"<a href=""/flatknot/8.850783"">8.850783</a>",t^9-35t^7-72t^6+37t^5+200t^4+169t^3-116t^2-220t+12,-t^2+2t,,
8.850784,O1O2O3O4U5U4O6U2U1O7O8U6O5U8U7U3,4,8z^3+54z^2+115z+79,8w^4z^3+54w^3z^2+115w^2z+79w,False,False,"[[ 0 -1 -1  2  1 -1  0  0  0],[ 1  0  0  2  0 -2  2  0  0],[ 1  0  0  1  0 -1  1  0  0],[-2 -2 -1  0  1 -1 -2  0  0],[-1  0  0 -1  0 -1  0 -1 -1],[ 1  2  1  1  1  0  0 -2 -1],[ 0 -2 -1  2  0  0  0  2  1],[ 0  0  0  0  1  2 -2  0  0],[ 0  0  0  0  1  1 -1  0  0]]","[[ 0  2  1  0  0  0 -1 -1 -1],[-2  0  1  0  0 -2 -1 -1 -2],[-1 -1  0 -1 -1  0  0 -1  0],[ 0  0  1  0  0 -1  0  1  0],[ 0  0  1  0  0 -2  0  2  0],[ 0  2  0  1  2  0 -1  0 -2],[ 1  1  0  0  0  1  0 -1  0],[ 1  1  1 -1 -2  0  1  0  2],[ 1  2  0  0  0  2  0 -2  0]]",True,"[-2,-1,0,0,0,1,1,1,-1,0,0,2,1,1,2,1,1,0,0,1,0,0,1,0,-1,0,2,0,-2,0,1,0,2,1,0,-2]","[-2,-1,0,0,0,1,1,1,-1,0,0,2,1,1,2,1,1,0,0,1,0,0,1,0,-1,0,2,0,-2,0,1,0,2,1,0,-2]",t^8+34t^6+225t^4+44t^2,"[-1,-1,-1,0,0,0,1,2,-2,-1,1,2,3,1,2,0,-1,1,1,2,1,0,1,1,2,2,-1,-2,1,0,0,0,2,0,2,2]","[-2,-1,0,0,0,1,1,1,2,0,2,2,1,2,2,1,0,0,2,1,2,1,2,-1,1,0,0,1,2,1,1,3,1,-2,0,1]","[-1,-1,-1,0,0,0,1,2,-2,0,0,0,2,0,2,1,-2,-1,0,1,1,0,0,1,0,1,0,-2,1,0,-1,1,0,0,2,-1]",c,"[[{8, 1}, {4, 7}, {2, 6}, {3, 5}], [{8, 4}, {1, 7}, {2, 6}, {3, 5}], [{8, 5}, {1, 7}, {2, 6}, {3, 4}]]",1,2 K_1^2 - K_2,O1O2O3O4U2U5U6O7U8O6O5U4U3O8U1U7,O1O2O3U4U5U3U6O7O6U8O5O4U2U1O8U7,O1O2O3U4O5U3U2O6O7U5O8O4U8U1U7U6,c,{'O1O2O3O4U5U4O6U2U1O7O8U6O5U8U7U3'},1,"<a href=""/flatknot/8.850784"">8.850784</a>",t^9-32t^7-40t^6+52t^5+30t^4+159t^3-34t^2+16t,-t^2+2t,,
8.850785,O1O2O3O4U5U4O6U2U1O7O8U7O5U3U6U8,4,2z^3+22z^2+69z+67,-2w^5z^3+4w^4z^3-14w^4z^2+36w^3z^2-16w^3z+85w^2z+67w,False,False,"[[ 0 -1 -1  0  1 -1  1 -1  2],[ 1  0  0  1  0 -1  2  0  1],[ 1  0  0  0  0  0  1  0  1],[ 0 -1  0  0  1 -1  0  0  2],[-1  0  0 -1  0 -1 -1  0 -1],[ 1  1  0  1  1  0  1 -1  0],[-1 -2 -1  0  1 -1  0  0  2],[ 1  0  0  0  0  1  0  0  1],[-2 -1 -1 -2  1  0 -2 -1  0]]","[[ 0  2  1  1  0 -1 -1 -1 -1],[-2  0  1 -2 -2  0 -1 -1 -1],[-1 -1  0 -1 -1 -1  0  0  0],[-1  2  1  0  0 -1  0 -1 -2],[ 0  2  1  0  0 -1  0  0 -1],[ 1  0  1  1  1  0 -1  0  1],[ 1  1  0  0  0  1  0  0  0],[ 1  1  0  1  0  0  0  0  0],[ 1  1  0  2  1 -1  0  0  0]]",True,"[-2,-1,-1,0,1,1,1,1,-1,2,2,0,1,1,1,1,1,1,0,0,0,0,1,0,1,2,1,0,0,1,1,0,-1,0,0,0]","[-2,-1,-1,0,1,1,1,1,-1,2,0,2,2,2,3,1,1,0,1,2,1,0,2,2,2,1,0,1,1,0,0,0,-1,0,0,1]",t^8+25t^6+99t^4+67t^2+1,"[-1,-1,-1,-1,0,1,1,2,-1,0,0,1,2,2,2,-1,0,0,1,1,3,0,0,0,2,2,1,1,2,2,1,0,0,-1,-1,2]","[-2,-1,-1,0,1,1,1,1,-1,2,0,2,2,2,3,1,1,0,1,2,1,0,2,2,2,1,0,1,1,0,0,0,-1,0,0,1]","[-1,-1,-1,-1,0,1,1,2,-1,0,0,1,0,2,1,-1,0,1,1,1,0,0,0,0,0,1,0,0,1,1,1,0,2,-1,-1,2]",c,"[[{8, 3}, {5, 7}, {4, 6}, {1, 2}]]",1,- 6 K_1^2 - 4 K_1 K_2 + 2 K_1 + 3 K_2 + 2 K_3 + 4,O1O2O3O4U5U6U2O7U8O5O8U4U3O6U1U7,O1O2O3U4U5U1U6O7O6U2O5O4U8U3O8U7,O1O2O3U4O5U1U5O6O7U2O8O4U8U3U7U6,c,{'O1O2O3O4U5U4O6U2U1O7O8U7O5U3U6U8'},1,"<a href=""/flatknot/8.850785"">8.850785</a>",t^9-23t^7-24t^6+62t^5+32t^4-33t^3-36t^2+8t+4,-t^2+2t,,
8.850786,O1O2O3O4U5U4O6U2U1O7O8U7O5U3U8U6,4,2z^3+28z^2+99z+103,2w^4z^3+28w^3z^2+99w^2z+103w,False,False,"[[ 0 -1 -1  0  1 -1  2 -1  1],[ 1  0  0  1  0 -1  2  0  0],[ 1  0  0  0  0  0  1  0  0],[ 0 -1  0  0  1 -1  1  0  1],[-1  0  0 -1  0 -1 -1  0 -1],[ 1  1  0  1  1  0  1 -1  0],[-2 -2 -1 -1  1 -1  0 -1  1],[ 1  0  0  0  0  1  1  0  1],[-1  0  0 -1  1  0 -1 -1  0]]","[[ 0  2  1  1  0 -1 -1 -1 -1],[-2  0  1  1 -1 -1 -1 -1 -2],[-1 -1  0  1 -1  0  0 -1  0],[-1 -1 -1  0 -1  0 -1  0  0],[ 0  1  1  1  0  0 -1  0 -1],[ 1  1  0  0  0  0  0  0  0],[ 1  1  0  1  1  0  0 -1  1],[ 1  1  1  0  0  0  1  0  0],[ 1  2  0  0  1  0 -1  0  0]]",True,"[-2,-1,-1,0,1,1,1,1,-1,-1,1,1,1,1,2,-1,1,0,0,1,0,1,0,1,0,0,0,1,0,1,0,0,0,1,-1,0]","[-2,-1,-1,0,1,1,1,1,-1,-1,1,1,1,1,2,-1,1,0,0,1,0,1,0,1,0,0,0,1,0,1,0,0,0,1,-1,0]",t^8+19t^6+74t^4+43t^2+1,"[-1,-1,-1,-1,0,1,1,2,-1,0,0,1,1,2,2,-1,0,0,2,1,2,0,0,2,2,1,1,2,2,2,0,0,1,-1,2,2]","[-2,-1,-1,0,1,1,1,1,2,2,1,1,2,2,2,-1,0,2,1,2,2,0,2,2,1,2,0,0,1,1,-1,0,0,-1,0,0]","[-1,-1,-1,-1,0,1,1,2,-1,0,0,1,0,0,2,-1,0,1,0,1,1,0,0,1,0,1,0,0,0,1,1,1,1,1,-1,-1]",c,"[[{8, 1}, {5, 7}, {2, 6}, {3, 4}]]",1,4 K_1^2 K_2 - 14 K_1^2 - 8 K_1 K_2 - 4 K_1 K_3 + 4 K_1 - 4 K_2^2 + 7 K_2 + 4 K_3 + 3 K_4 + 9,O1O2O3O4U5U6U2O7U8O6O8U4U3O5U1U7,O1O2O3U4U5U1U6O7O6U3O5O4U8U2O8U7,O1O2O3U4O5U2U5O6O7U1O8O4U8U3U7U6,c,{'O1O2O3O4U5U4O6U2U1O7O8U7O5U3U8U6'},1,"<a href=""/flatknot/8.850786"">8.850786</a>",t^9-17t^7-22t^6+23t^5+38t^4+11t^3-24t^2-2t,-t^2+2t,,
8.850787,O1O2O3O4U5U4O6U2U1O7O8U7O5U6U3U8,4,2z^3+25z^2+72z+61,-2w^5z^3+4w^4z^3-14w^4z^2+39w^3z^2-16w^3z+88w^2z+61w,False,False,"[[ 0 -1 -1  1  1 -1  0 -1  2],[ 1  0  0  2  0 -1  1  0  1],[ 1  0  0  1  0  0  0  0  1],[-1 -2 -1  0  1 -1 -1  0  2],[-1  0  0 -1  0 -1 -1  0 -1],[ 1  1  0  1  1  0  0 -1  0],[ 0 -1  0  1  1  0  0  0  2],[ 1  0  0  0  0  1  0  0  1],[-2 -1 -1 -2  1  0 -2 -1  0]]","[[ 0  2  1  1  0 -1 -1 -1 -1],[-2  0  1 -2 -2  0 -1 -1 -1],[-1 -1  0 -1 -1 -1  0  0  0],[-1  2  1  0 -1 -1  0 -1 -2],[ 0  2  1  1  0  0  0  0 -1],[ 1  0  1  1  0  0 -1  0  1],[ 1  1  0  0  0  1  0  0  0],[ 1  1  0  1  0  0  0  0  0],[ 1  1  0  2  1 -1  0  0  0]]",True,"[-2,-1,-1,0,1,1,1,1,-1,2,2,0,1,1,1,1,1,1,0,0,0,1,1,0,1,2,0,0,0,1,1,0,-1,0,0,0]","[-2,-1,-1,0,1,1,1,1,-1,2,0,2,2,2,3,1,0,0,1,2,1,0,2,2,2,1,0,1,1,1,0,0,-1,0,0,1]",t^8+25t^6+94t^4+34t^2+1,"[-1,-1,-1,-1,0,1,1,2,-1,0,0,1,2,2,2,-1,0,1,1,1,3,0,0,0,2,2,1,1,2,2,0,0,0,-1,-1,2]","[-2,-1,-1,0,1,1,1,1,-1,2,0,2,2,2,3,1,0,0,1,2,1,0,2,2,2,1,0,1,1,1,0,0,-1,0,0,1]","[-1,-1,-1,-1,0,1,1,2,-1,0,0,1,0,2,1,-1,0,0,1,1,0,0,0,0,0,1,0,0,1,1,1,1,2,-1,-1,2]",c,"[[{8, 1}, {2, 7}, {3, 6}, {4, 5}], [{8, 1}, {2, 7}, {4, 6}, {3, 5}], [{8, 1}, {2, 7}, {4, 6}, {5}, {3}], [{8, 1}, {2, 7}, {5, 6}, {3, 4}], [{8, 1}, {3, 7}, {2, 6}, {4, 5}], [{8, 1}, {3, 7}, {4, 6}, {2, 5}], [{8, 1}, {3, 7}, {5, 6}, {2, 4}], [{8, 1}, {3, 7}, {5, 6}, {4}, {2}], [{8, 1}, {4, 7}, {2, 6}, {3, 5}], [{8, 1}, {4, 7}, {3, 6}, {2, 5}], [{8, 1}, {4, 7}, {3, 6}, {5}, {2}], [{8, 1}, {4, 7}, {5, 6}, {2, 3}], [{8, 1}, {5, 7}, {2, 6}, {3, 4}], [{8, 1}, {5, 7}, {2, 6}, {4}, {3}], [{8, 1}, {5, 7}, {3, 6}, {2, 4}], [{8, 1}, {5, 7}, {4, 6}, {2, 3}], [{8, 1}, {5, 7}, {6}, {3, 4}, {2}], [{8, 1}, {6, 7}, {2, 5}, {3, 4}], [{8, 1}, {6, 7}, {3, 5}, {2, 4}], [{8, 1}, {6, 7}, {4, 5}, {2, 3}], [{8, 1}, {6, 7}, {4, 5}, {3}, {2}], [{8, 1}, {6, 7}, {5}, {4}, {2, 3}], [{8, 1}, {7}, {4, 6}, {3, 5}, {2}], [{8, 2}, {1, 7}, {3, 6}, {4, 5}], [{8, 2}, {1, 7}, {4, 6}, {3, 5}], [{8, 2}, {1, 7}, {4, 6}, {5}, {3}], [{8, 2}, {1, 7}, {5, 6}, {3, 4}], [{8, 2}, {3, 7}, {1, 6}, {4, 5}], [{8, 2}, {3, 7}, {4, 6}, {1, 5}], [{8, 2}, {3, 7}, {5, 6}, {1, 4}], [{8, 2}, {4, 7}, {1, 6}, {3, 5}], [{8, 2}, {4, 7}, {3, 6}, {1, 5}], [{8, 2}, {4, 7}, {3, 6}, {5}, {1}], [{8, 2}, {4, 7}, {5, 6}, {1, 3}], [{8, 2}, {5, 7}, {1, 6}, {3, 4}], [{8, 2}, {5, 7}, {1, 6}, {4}, {3}], [{8, 2}, {5, 7}, {3, 6}, {1, 4}], [{8, 2}, {5, 7}, {4, 6}, {1, 3}], [{8, 2}, {5, 7}, {6}, {3, 4}, {1}], [{8, 2}, {6, 7}, {1, 5}, {3, 4}], [{8, 2}, {6, 7}, {3, 5}, {1, 4}], [{8, 2}, {6, 7}, {4, 5}, {1, 3}], [{8, 2}, {6, 7}, {5}, {4}, {1, 3}], [{8, 2}, {7}, {4, 6}, {3, 5}, {1}], [{8, 3}, {1, 7}, {2, 6}, {4, 5}], [{8, 3}, {1, 7}, {4, 6}, {2, 5}], [{8, 3}, {1, 7}, {5, 6}, {2, 4}], [{8, 3}, {1, 7}, {5, 6}, {4}, {2}], [{8, 3}, {2, 7}, {1, 6}, {4, 5}], [{8, 3}, {2, 7}, {4, 6}, {1, 5}], [{8, 3}, {2, 7}, {5, 6}, {1, 4}], [{8, 3}, {4, 7}, {1, 6}, {2, 5}], [{8, 3}, {4, 7}, {2, 6}, {1, 5}], [{8, 3}, {4, 7}, {5, 6}, {1, 2}], [{8, 3}, {5, 7}, {1, 6}, {2, 4}], [{8, 3}, {5, 7}, {2, 6}, {1, 4}], [{8, 3}, {5, 7}, {4, 6}, {1, 2}], [{8, 3}, {5, 7}, {4, 6}, {2}, {1}], [{8, 3}, {6, 7}, {1, 5}, {2, 4}], [{8, 3}, {6, 7}, {2, 5}, {1, 4}], [{8, 3}, {6, 7}, {2, 5}, {4}, {1}], [{8, 3}, {6, 7}, {4, 5}, {1, 2}], [{8, 4}, {1, 7}, {2, 6}, {3, 5}], [{8, 4}, {1, 7}, {3, 6}, {2, 5}], [{8, 4}, {1, 7}, {3, 6}, {5}, {2}], [{8, 4}, {1, 7}, {5, 6}, {2, 3}], [{8, 4}, {2, 7}, {1, 6}, {3, 5}], [{8, 4}, {2, 7}, {1, 6}, {5}, {3}], [{8, 4}, {2, 7}, {3, 6}, {1, 5}], [{8, 4}, {2, 7}, {5, 6}, {1, 3}], [{8, 4}, {3, 7}, {1, 6}, {2, 5}], [{8, 4}, {3, 7}, {2, 6}, {1, 5}], [{8, 4}, {3, 7}, {5, 6}, {1, 2}], [{8, 4}, {5, 7}, {1, 6}, {2, 3}], [{8, 4}, {5, 7}, {2, 6}, {1, 3}], [{8, 4}, {5, 7}, {3, 6}, {1, 2}], [{8, 4}, {5, 7}, {6}, {1, 3}, {2}], [{8, 4}, {6, 7}, {1, 5}, {2, 3}], [{8, 4}, {6, 7}, {2, 5}, {1, 3}], [{8, 4}, {6, 7}, {3, 5}, {1, 2}], [{8, 4}, {7}, {1, 6}, {3, 5}, {2}], [{8, 5}, {1, 7}, {2, 6}, {3, 4}], [{8, 5}, {1, 7}, {3, 6}, {2, 4}], [{8, 5}, {1, 7}, {4, 6}, {2, 3}], [{8, 5}, {1, 7}, {6}, {3, 4}, {2}], [{8, 5}, {2, 7}, {1, 6}, {3, 4}], [{8, 5}, {2, 7}, {3, 6}, {1, 4}], [{8, 5}, {2, 7}, {4, 6}, {1, 3}], [{8, 5}, {3, 7}, {1, 6}, {2, 4}], [{8, 5}, {3, 7}, {2, 6}, {1, 4}], [{8, 5}, {3, 7}, {4, 6}, {1, 2}], [{8, 5}, {3, 7}, {4, 6}, {2}, {1}], [{8, 5}, {4, 7}, {1, 6}, {2, 3}], [{8, 5}, {4, 7}, {1, 6}, {3}, {2}], [{8, 5}, {4, 7}, {2, 6}, {1, 3}], [{8, 5}, {4, 7}, {3, 6}, {1, 2}], [{8, 5}, {6, 7}, {1, 4}, {2, 3}], [{8, 5}, {6, 7}, {2, 4}, {1, 3}], [{8, 5}, {6, 7}, {3, 4}, {1, 2}], [{8, 5}, {6, 7}, {4}, {3}, {1, 2}], [{8, 5}, {7}, {2, 6}, {4}, {1, 3}], [{8, 6}, {1, 7}, {2, 5}, {3, 4}], [{8, 6}, {1, 7}, {3, 5}, {2, 4}], [{8, 6}, {1, 7}, {4, 5}, {2, 3}], [{8, 6}, {1, 7}, {4, 5}, {3}, {2}], [{8, 6}, {1, 7}, {5}, {4}, {2, 3}], [{8, 6}, {2, 7}, {1, 5}, {3, 4}], [{8, 6}, {2, 7}, {3, 5}, {1, 4}], [{8, 6}, {2, 7}, {4, 5}, {1, 3}], [{8, 6}, {2, 7}, {5}, {1, 4}, {3}], [{8, 6}, {3, 7}, {1, 5}, {2, 4}], [{8, 6}, {3, 7}, {1, 5}, {4}, {2}], [{8, 6}, {3, 7}, {2, 5}, {1, 4}], [{8, 6}, {3, 7}, {4, 5}, {1, 2}], [{8, 6}, {4, 7}, {1, 5}, {2, 3}], [{8, 6}, {4, 7}, {2, 5}, {1, 3}], [{8, 6}, {4, 7}, {2, 5}, {3}, {1}], [{8, 6}, {4, 7}, {3, 5}, {1, 2}], [{8, 6}, {5, 7}, {1, 4}, {2, 3}], [{8, 6}, {5, 7}, {2, 4}, {1, 3}], [{8, 6}, {5, 7}, {3, 4}, {1, 2}], [{8, 6}, {7}, {3, 5}, {1, 4}, {2}], [{8, 7}, {1, 6}, {2, 5}, {3, 4}], [{8, 7}, {1, 6}, {3, 5}, {2, 4}], [{8, 7}, {1, 6}, {4, 5}, {2, 3}], [{8, 7}, {2, 6}, {1, 5}, {3, 4}], [{8, 7}, {2, 6}, {1, 5}, {4}, {3}], [{8, 7}, {2, 6}, {3, 5}, {1, 4}], [{8, 7}, {2, 6}, {4, 5}, {1, 3}], [{8, 7}, {3, 6}, {1, 5}, {2, 4}], [{8, 7}, {3, 6}, {2, 5}, {1, 4}], [{8, 7}, {3, 6}, {4, 5}, {1, 2}], [{8, 7}, {3, 6}, {4, 5}, {2}, {1}], [{8, 7}, {4, 6}, {1, 5}, {2, 3}], [{8, 7}, {4, 6}, {1, 5}, {3}, {2}], [{8, 7}, {4, 6}, {2, 5}, {1, 3}], [{8, 7}, {4, 6}, {2, 5}, {3}, {1}], [{8, 7}, {4, 6}, {3, 5}, {1, 2}], [{8, 7}, {4, 6}, {3, 5}, {2}, {1}], [{8, 7}, {4, 6}, {5}, {1, 3}, {2}], [{8, 7}, {4, 6}, {5}, {2, 3}, {1}], [{8, 7}, {4, 6}, {5}, {3}, {1, 2}], [{8, 7}, {4, 6}, {5}, {3}, {2}, {1}], [{8, 7}, {5, 6}, {1, 4}, {2, 3}], [{8, 7}, {5, 6}, {2, 4}, {1, 3}], [{8, 7}, {5, 6}, {3, 4}, {1, 2}], [{8, 7}, {5, 6}, {3, 4}, {2}, {1}], [{8, 7}, {6}, {1, 5}, {2, 4}, {3}], [{8}, {1, 7}, {4, 6}, {3, 5}, {2}], [{8}, {2, 7}, {4, 6}, {3, 5}, {1}], [{8}, {3, 7}, {1, 6}, {4, 5}, {2}], [{8}, {4, 7}, {1, 6}, {5}, {2, 3}], [{8}, {4, 7}, {2, 6}, {3, 5}, {1}], [{8}, {4, 7}, {3, 6}, {5}, {1, 2}], [{8}, {4, 7}, {5, 6}, {1, 3}, {2}], [{8}, {5, 7}, {6}, {3, 4}, {1, 2}], [{8}, {6, 7}, {3, 5}, {2, 4}, {1}], [{8}, {7}, {4, 6}, {3, 5}, {1, 2}], [{8}, {7}, {4, 6}, {3, 5}, {2}, {1}]]",2,- 2 K_1^2 - 4 K_1 K_2 + 2 K_1 + K_2 + 2 K_3 + 2,O1O2O3O4U5U2U6O7U8O5O8U4U3O6U1U7,O1O2O3U4U5U2U6O7O6U1O5O4U8U3O8U7,O1O2O3U4O5U1U5O6O7U3O8O4U8U2U7U6,c,{'O1O2O3O4U5U4O6U2U1O7O8U7O5U6U3U8'},1,"<a href=""/flatknot/8.850787"">8.850787</a>",t^9-23t^7-34t^6+67t^5+126t^4-7t^3-70t^2+8t+4,-t^2+2t,,
8.850788,O1O2O3O4U5U4O6U2U1O7O8U7O5U6U8U3,4,4z^3+44z^2+117z+91,4w^4z^3+44w^3z^2+117w^2z+91w,False,False,"[[ 0 -1 -1  2  1 -1  0 -1  1],[ 1  0  0  2  0 -1  1  0  0],[ 1  0  0  1  0  0  0  0  0],[-2 -2 -1  0  1 -1 -2 -1  1],[-1  0  0 -1  0 -1 -1  0 -1],[ 1  1  0  1  1  0  0 -1 -1],[ 0 -1  0  2  1  0  0  0  2],[ 1  0  0  1  0  1  0  0  1],[-1  0  0 -1  1  1 -2 -1  0]]","[[ 0  2  1  1  0 -1 -1 -1 -1],[-2  0  1  1 -2 -1 -1 -1 -2],[-1 -1  0  1 -2  1  0 -1  0],[-1 -1 -1  0 -1 -1  0  0  0],[ 0  2  2  1  0  0  0  0 -1],[ 1  1 -1  1  0  0  0 -1  1],[ 1  1  0  0  0  0  0  0  0],[ 1  1  1  0  0  1  0  0  0],[ 1  2  0  0  1 -1  0  0  0]]",True,"[-2,-1,-1,0,1,1,1,1,-1,-1,2,1,1,1,2,-1,2,-1,0,1,0,1,1,0,0,0,0,0,0,1,0,1,-1,0,0,0]","[-2,-1,-1,0,1,1,1,1,-1,-1,2,1,1,1,2,-1,2,-1,0,1,0,1,1,0,0,0,0,0,0,1,0,1,-1,0,0,0]",t^8+25t^6+125t^4+53t^2+1,"[-1,-1,-1,-1,0,1,1,2,-1,0,0,1,1,2,2,-1,0,1,3,1,2,0,0,2,2,1,1,2,2,2,-1,0,0,-1,2,2]","[-2,-1,-1,0,1,1,1,1,2,2,0,1,2,2,2,-1,0,2,1,2,2,-1,2,3,1,2,0,1,1,1,-1,0,0,-1,0,0]","[-1,-1,-1,-1,0,1,1,2,-1,0,0,1,0,0,2,-1,0,0,-1,1,1,0,0,1,0,1,0,0,0,1,2,1,2,1,-1,-1]",c,"[[{8, 1}, {2, 7}, {3, 6}, {4, 5}], [{8, 1}, {2, 7}, {4, 6}, {3, 5}], [{8, 1}, {2, 7}, {5, 6}, {3, 4}], [{8, 1}, {2, 7}, {6}, {3, 5}, {4}], [{8, 1}, {3, 7}, {2, 6}, {4, 5}], [{8, 1}, {3, 7}, {4, 6}, {2, 5}], [{8, 1}, {3, 7}, {4, 6}, {5}, {2}], [{8, 1}, {3, 7}, {5, 6}, {2, 4}], [{8, 1}, {4, 7}, {2, 6}, {3, 5}], [{8, 1}, {4, 7}, {3, 6}, {2, 5}], [{8, 1}, {4, 7}, {3, 6}, {5}, {2}], [{8, 1}, {4, 7}, {5, 6}, {2, 3}], [{8, 1}, {5, 7}, {2, 6}, {3, 4}], [{8, 1}, {5, 7}, {3, 6}, {2, 4}], [{8, 1}, {5, 7}, {4, 6}, {2, 3}], [{8, 1}, {5, 7}, {6}, {4}, {2, 3}], [{8, 1}, {6, 7}, {2, 5}, {3, 4}], [{8, 1}, {6, 7}, {2, 5}, {4}, {3}], [{8, 1}, {6, 7}, {3, 5}, {2, 4}], [{8, 1}, {6, 7}, {3, 5}, {4}, {2}], [{8, 1}, {6, 7}, {4, 5}, {2, 3}], [{8, 1}, {6, 7}, {4, 5}, {3}, {2}], [{8, 1}, {6, 7}, {5}, {2, 4}, {3}], [{8, 1}, {6, 7}, {5}, {3, 4}, {2}], [{8, 1}, {6, 7}, {5}, {4}, {2, 3}], [{8, 1}, {7}, {2, 6}, {3, 5}, {4}], [{8, 1}, {7}, {5, 6}, {4}, {2, 3}], [{8, 2}, {1, 7}, {3, 6}, {4, 5}], [{8, 2}, {1, 7}, {4, 6}, {3, 5}], [{8, 2}, {1, 7}, {5, 6}, {3, 4}], [{8, 2}, {3, 7}, {1, 6}, {4, 5}], [{8, 2}, {3, 7}, {1, 6}, {5}, {4}], [{8, 2}, {3, 7}, {4, 6}, {1, 5}], [{8, 2}, {3, 7}, {4, 6}, {5}, {1}], [{8, 2}, {3, 7}, {5, 6}, {1, 4}], [{8, 2}, {3, 7}, {6}, {5}, {1, 4}], [{8, 2}, {4, 7}, {1, 6}, {3, 5}], [{8, 2}, {4, 7}, {3, 6}, {1, 5}], [{8, 2}, {4, 7}, {5, 6}, {1, 3}], [{8, 2}, {4, 7}, {5, 6}, {3}, {1}], [{8, 2}, {5, 7}, {1, 6}, {3, 4}], [{8, 2}, {5, 7}, {1, 6}, {4}, {3}], [{8, 2}, {5, 7}, {3, 6}, {1, 4}], [{8, 2}, {5, 7}, {4, 6}, {1, 3}], [{8, 2}, {5, 7}, {4, 6}, {3}, {1}], [{8, 2}, {5, 7}, {6}, {1, 4}, {3}], [{8, 2}, {6, 7}, {1, 5}, {3, 4}], [{8, 2}, {6, 7}, {1, 5}, {4}, {3}], [{8, 2}, {6, 7}, {3, 5}, {1, 4}], [{8, 2}, {6, 7}, {4, 5}, {1, 3}], [{8, 2}, {7}, {1, 6}, {3, 5}, {4}], [{8, 2}, {7}, {4, 6}, {3, 5}, {1}], [{8, 2}, {7}, {6}, {3, 5}, {1, 4}], [{8, 3}, {1, 7}, {2, 6}, {4, 5}], [{8, 3}, {1, 7}, {4, 6}, {2, 5}], [{8, 3}, {1, 7}, {5, 6}, {2, 4}], [{8, 3}, {1, 7}, {6}, {4, 5}, {2}], [{8, 3}, {2, 7}, {1, 6}, {4, 5}], [{8, 3}, {2, 7}, {4, 6}, {1, 5}], [{8, 3}, {2, 7}, {5, 6}, {1, 4}], [{8, 3}, {4, 7}, {1, 6}, {2, 5}], [{8, 3}, {4, 7}, {2, 6}, {1, 5}], [{8, 3}, {4, 7}, {5, 6}, {1, 2}], [{8, 3}, {4, 7}, {6}, {1, 5}, {2}], [{8, 3}, {4, 7}, {6}, {2, 5}, {1}], [{8, 3}, {4, 7}, {6}, {5}, {1, 2}], [{8, 3}, {5, 7}, {1, 6}, {2, 4}], [{8, 3}, {5, 7}, {2, 6}, {1, 4}], [{8, 3}, {5, 7}, {2, 6}, {4}, {1}], [{8, 3}, {5, 7}, {4, 6}, {1, 2}], [{8, 3}, {6, 7}, {1, 5}, {2, 4}], [{8, 3}, {6, 7}, {2, 5}, {1, 4}], [{8, 3}, {6, 7}, {4, 5}, {1, 2}], [{8, 4}, {1, 7}, {2, 6}, {3, 5}], [{8, 4}, {1, 7}, {3, 6}, {2, 5}], [{8, 4}, {1, 7}, {3, 6}, {5}, {2}], [{8, 4}, {1, 7}, {5, 6}, {2, 3}], [{8, 4}, {2, 7}, {1, 6}, {3, 5}], [{8, 4}, {2, 7}, {3, 6}, {1, 5}], [{8, 4}, {2, 7}, {5, 6}, {1, 3}], [{8, 4}, {2, 7}, {6}, {3, 5}, {1}], [{8, 4}, {3, 7}, {1, 6}, {2, 5}], [{8, 4}, {3, 7}, {2, 6}, {1, 5}], [{8, 4}, {3, 7}, {5, 6}, {1, 2}], [{8, 4}, {5, 7}, {1, 6}, {2, 3}], [{8, 4}, {5, 7}, {2, 6}, {1, 3}], [{8, 4}, {5, 7}, {3, 6}, {1, 2}], [{8, 4}, {6, 7}, {1, 5}, {2, 3}], [{8, 4}, {6, 7}, {2, 5}, {1, 3}], [{8, 4}, {6, 7}, {3, 5}, {1, 2}], [{8, 4}, {6, 7}, {3, 5}, {2}, {1}], [{8, 4}, {7}, {2, 6}, {3, 5}, {1}], [{8, 4}, {7}, {3, 6}, {2, 5}, {1}], [{8, 5}, {1, 7}, {2, 6}, {3, 4}], [{8, 5}, {1, 7}, {3, 6}, {2, 4}], [{8, 5}, {1, 7}, {4, 6}, {2, 3}], [{8, 5}, {2, 7}, {1, 6}, {3, 4}], [{8, 5}, {2, 7}, {3, 6}, {1, 4}], [{8, 5}, {2, 7}, {4, 6}, {1, 3}], [{8, 5}, {3, 7}, {1, 6}, {2, 4}], [{8, 5}, {3, 7}, {2, 6}, {1, 4}], [{8, 5}, {3, 7}, {4, 6}, {1, 2}], [{8, 5}, {3, 7}, {4, 6}, {2}, {1}], [{8, 5}, {4, 7}, {1, 6}, {2, 3}], [{8, 5}, {4, 7}, {1, 6}, {3}, {2}], [{8, 5}, {4, 7}, {2, 6}, {1, 3}], [{8, 5}, {4, 7}, {3, 6}, {1, 2}], [{8, 5}, {6, 7}, {1, 4}, {2, 3}], [{8, 5}, {6, 7}, {2, 4}, {1, 3}], [{8, 5}, {6, 7}, {3, 4}, {1, 2}], [{8, 6}, {1, 7}, {2, 5}, {3, 4}], [{8, 6}, {1, 7}, {3, 5}, {2, 4}], [{8, 6}, {1, 7}, {3, 5}, {4}, {2}], [{8, 6}, {1, 7}, {4, 5}, {2, 3}], [{8, 6}, {2, 7}, {1, 5}, {3, 4}], [{8, 6}, {2, 7}, {3, 5}, {1, 4}], [{8, 6}, {2, 7}, {4, 5}, {1, 3}], [{8, 6}, {3, 7}, {1, 5}, {2, 4}], [{8, 6}, {3, 7}, {2, 5}, {1, 4}], [{8, 6}, {3, 7}, {4, 5}, {1, 2}], [{8, 6}, {4, 7}, {1, 5}, {2, 3}], [{8, 6}, {4, 7}, {2, 5}, {1, 3}], [{8, 6}, {4, 7}, {2, 5}, {3}, {1}], [{8, 6}, {4, 7}, {3, 5}, {1, 2}], [{8, 6}, {4, 7}, {3, 5}, {2}, {1}], [{8, 6}, {4, 7}, {5}, {2, 3}, {1}], [{8, 6}, {5, 7}, {1, 4}, {2, 3}], [{8, 6}, {5, 7}, {2, 4}, {1, 3}], [{8, 6}, {5, 7}, {3, 4}, {1, 2}], [{8, 6}, {7}, {1, 5}, {4}, {2, 3}], [{8, 6}, {7}, {2, 5}, {4}, {1, 3}], [{8, 6}, {7}, {3, 5}, {1, 4}, {2}], [{8, 6}, {7}, {4, 5}, {1, 3}, {2}], [{8, 6}, {7}, {5}, {2, 4}, {1, 3}], [{8, 7}, {1, 6}, {2, 5}, {3, 4}], [{8, 7}, {1, 6}, {3, 5}, {2, 4}], [{8, 7}, {1, 6}, {4, 5}, {2, 3}], [{8, 7}, {2, 6}, {1, 5}, {3, 4}], [{8, 7}, {2, 6}, {3, 5}, {1, 4}], [{8, 7}, {2, 6}, {4, 5}, {1, 3}], [{8, 7}, {2, 6}, {5}, {4}, {1, 3}], [{8, 7}, {3, 6}, {1, 5}, {2, 4}], [{8, 7}, {3, 6}, {2, 5}, {1, 4}], [{8, 7}, {3, 6}, {2, 5}, {4}, {1}], [{8, 7}, {3, 6}, {4, 5}, {1, 2}], [{8, 7}, {4, 6}, {1, 5}, {2, 3}], [{8, 7}, {4, 6}, {2, 5}, {1, 3}], [{8, 7}, {4, 6}, {3, 5}, {1, 2}], [{8, 7}, {5, 6}, {1, 4}, {2, 3}], [{8, 7}, {5, 6}, {2, 4}, {1, 3}], [{8, 7}, {5, 6}, {3, 4}, {1, 2}], [{8, 7}, {5, 6}, {3, 4}, {2}, {1}], [{8, 7}, {6}, {2, 5}, {1, 4}, {3}], [{8, 7}, {6}, {3, 5}, {1, 4}, {2}], [{8, 7}, {6}, {5}, {1, 4}, {2, 3}], [{8}, {2, 7}, {6}, {3, 5}, {1, 4}], [{8}, {3, 7}, {2, 6}, {4, 5}, {1}], [{8}, {3, 7}, {4, 6}, {1, 5}, {2}], [{8}, {3, 7}, {4, 6}, {2, 5}, {1}], [{8}, {3, 7}, {4, 6}, {5}, {1, 2}], [{8}, {3, 7}, {4, 6}, {5}, {2}, {1}], [{8}, {3, 7}, {5, 6}, {2, 4}, {1}], [{8}, {4, 7}, {3, 6}, {2, 5}, {1}], [{8}, {4, 7}, {5, 6}, {1, 3}, {2}], [{8}, {5, 7}, {6}, {2, 4}, {1, 3}], [{8}, {5, 7}, {6}, {3, 4}, {1, 2}], [{8}, {6, 7}, {3, 5}, {1, 4}, {2}], [{8}, {7}, {2, 6}, {3, 5}, {1, 4}], [{8}, {7}, {3, 6}, {4, 5}, {1, 2}], [{8}, {7}, {6}, {3, 5}, {1, 4}, {2}]]",2,4 K_1^3 - 2 K_1^2 - 4 K_1 K_2 - K_1 + K_2 + K_3 + 2,O1O2O3O4U2U5U6O7U8O5O8U4U3O6U1U7,O1O2O3U4U5U3U6O7O6U1O5O4U8U2O8U7,O1O2O3U4O5U2U5O6O7U3O8O4U8U1U7U6,c,{'O1O2O3O4U5U4O6U2U1O7O8U7O5U6U8U3'},1,"<a href=""/flatknot/8.850788"">8.850788</a>",t^9-23t^7-36t^6+70t^5+154t^4-5t^3-120t^2-16t+4,-t^2+2t,,
8.850789,O1O2O3O4U5U4O6U2U1O7O8U7O5U8U3U6,4,7z^3+45z^2+109z+95,7w^4z^3+45w^3z^2+109w^2z+95w,False,False,"[[ 0 -1 -1  1  1 -1  2 -1  0],[ 1  0  0  1  0 -1  2  0 -1],[ 1  0  0  0  0  0  1  0 -1],[-1 -1  0  0  1 -1  0 -1  0],[-1  0  0 -1  0 -1 -1  0 -1],[ 1  1  0  1  1  0  1 -1 -1],[-2 -2 -1  0  1 -1  0 -1  1],[ 1  0  0  1  0  1  1  0  1],[ 0  1  1  0  1  1 -1 -1  0]]","[[ 0  2  1  1  0 -1 -1 -1 -1],[-2  0  1  0  1 -1 -1 -1 -2],[-1 -1  0 -1 -1  0  0 -1  0],[-1  0  1  0  0  0 -1 -1 -1],[ 0 -1  1  0  0  1 -1  1  1],[ 1  1  0  0 -1  0  0  0  0],[ 1  1  0  1  1  0  0  1  0],[ 1  1  1  1 -1  0 -1  0  1],[ 1  2  0  1 -1  0  0 -1  0]]",True,"[-2,-1,-1,0,1,1,1,1,-1,0,-1,1,1,1,2,1,1,0,0,1,0,0,0,1,1,1,-1,1,-1,-1,0,0,0,-1,0,-1]","[-2,-1,-1,0,1,1,1,1,-1,0,-1,1,1,1,2,1,1,0,0,1,0,0,0,1,1,1,-1,1,-1,-1,0,0,0,-1,0,-1]",t^8+21t^6+108t^4+45t^2,"[-1,-1,-1,-1,0,1,1,2,-1,0,0,0,1,2,2,-1,0,2,1,1,2,0,2,1,2,1,2,2,2,2,1,0,3,-1,1,2]","[-2,-1,-1,0,1,1,1,1,1,2,3,1,2,2,2,1,1,1,1,1,2,0,2,1,2,2,2,2,0,2,-1,0,0,-1,0,0]","[-1,-1,-1,-1,0,1,1,2,-1,0,0,-1,0,1,2,-1,0,-1,1,1,1,0,1,0,1,1,-1,0,0,1,1,0,-1,-1,-1,0]",c,"[[{8, 1}, {4, 7}, {2, 6}, {3, 5}], [{8, 2}, {4, 7}, {1, 6}, {3, 5}], [{8, 2}, {4, 7}, {1, 6}, {5}, {3}], [{8, 4}, {2, 7}, {1, 6}, {3, 5}], [{8, 6}, {4, 7}, {3, 5}, {1, 2}]]",1,4 K_1^2 K_2 - 10 K_1^2 - 8 K_1 K_2 - 4 K_1 K_3 + 4 K_1 - 4 K_2^2 + 5 K_2 + 4 K_3 + 3 K_4 + 7,O1O2O3O4U5U2U6O7U8O6O8U4U3O5U1U7,O1O2O3U4U5U2U6O7O6U3O5O4U8U1O8U7,O1O2O3U4O5U3U5O6O7U1O8O4U8U2U7U6,c,{'O1O2O3O4U5U4O6U2U1O7O8U7O5U8U3U6'},1,"<a href=""/flatknot/8.850789"">8.850789</a>",t^9-19t^7-30t^6-9t^5+22t^4+42t^3+10t^2-4t,-t^2+2t,,
8.850790,O1O2O3O4U5U4O6U2U1O7O8U7O5U8U6U3,3,12z^2+41z+35,-16w^4z^2+28w^3z^2-48w^3z+89w^2z+35w,False,False,"[[ 0 -1 -1  2  1 -1  1 -1  0],[ 1  0  0  2  0 -1  1  0 -1],[ 1  0  0  1  0  0  0  0 -1],[-2 -2 -1  0  1 -1 -1 -1  0],[-1  0  0 -1  0 -1 -1  0 -1],[ 1  1  0  1  1  0  0 -1 -1],[-1 -1  0  1  1  0  0 -1  1],[ 1  0  0  1  0  1  1  0  1],[ 0  1  1  0  1  1 -1 -1  0]]","[[ 0  2  1  1  0 -1 -1 -1 -1],[-2  0  1 -1  0 -1 -1 -1 -2],[-1 -1  0 -1 -1  0  0 -1  0],[-1  1  1  0  1  0 -1  0 -1],[ 0  0  1 -1  0  1 -1  1  1],[ 1  1  0  0 -1  0  0  0  0],[ 1  1  0  1  1  0  0  1  0],[ 1  1  1  0 -1  0 -1  0  1],[ 1  2  0  1 -1  0  0 -1  0]]",True,"[-2,-1,-1,0,1,1,1,1,-1,1,0,1,1,1,2,1,1,0,0,1,0,-1,0,1,0,1,-1,1,-1,-1,0,0,0,-1,0,-1]","[-2,-1,-1,0,1,1,1,1,-1,1,0,1,1,1,2,1,1,0,0,1,0,-1,0,1,0,1,-1,1,-1,-1,0,0,0,-1,0,-1]",t^8+21t^6+113t^4+56t^2,"[-1,-1,-1,-1,0,1,1,2,-1,0,0,0,1,2,2,-1,0,2,2,1,2,0,2,1,2,1,2,2,2,2,2,0,2,-1,0,2]","[-2,-1,-1,0,1,1,1,1,0,2,2,1,2,2,2,1,2,1,1,2,2,0,2,2,1,2,2,0,2,2,0,-1,0,1,0,0]","[-1,-1,-1,-1,0,1,1,2,-1,0,0,-1,0,1,2,-1,0,-1,1,0,1,0,1,0,1,1,-1,0,0,1,1,-1,0,-1,-1,1]",c,"[[{8, 1}, {2, 7}, {3, 6}, {4, 5}], [{8, 1}, {2, 7}, {4, 6}, {3, 5}], [{8, 1}, {2, 7}, {5, 6}, {3, 4}], [{8, 1}, {3, 7}, {2, 6}, {4, 5}], [{8, 1}, {3, 7}, {4, 6}, {2, 5}], [{8, 1}, {3, 7}, {5, 6}, {2, 4}], [{8, 1}, {4, 7}, {2, 6}, {3, 5}], [{8, 1}, {4, 7}, {2, 6}, {5}, {3}], [{8, 1}, {4, 7}, {3, 6}, {2, 5}], [{8, 1}, {4, 7}, {3, 6}, {5}, {2}], [{8, 1}, {4, 7}, {5, 6}, {2, 3}], [{8, 1}, {4, 7}, {5, 6}, {3}, {2}], [{8, 1}, {4, 7}, {6}, {2, 5}, {3}], [{8, 1}, {4, 7}, {6}, {3, 5}, {2}], [{8, 1}, {4, 7}, {6}, {5}, {2, 3}], [{8, 1}, {5, 7}, {2, 6}, {3, 4}], [{8, 1}, {5, 7}, {3, 6}, {2, 4}], [{8, 1}, {5, 7}, {4, 6}, {2, 3}], [{8, 1}, {5, 7}, {4, 6}, {3}, {2}], [{8, 1}, {6, 7}, {2, 5}, {3, 4}], [{8, 1}, {6, 7}, {3, 5}, {2, 4}], [{8, 1}, {6, 7}, {4, 5}, {2, 3}], [{8, 1}, {7}, {2, 6}, {3, 5}, {4}], [{8, 1}, {7}, {3, 6}, {2, 5}, {4}], [{8, 1}, {7}, {5, 6}, {4}, {2, 3}], [{8, 2}, {1, 7}, {3, 6}, {4, 5}], [{8, 2}, {1, 7}, {4, 6}, {3, 5}], [{8, 2}, {1, 7}, {5, 6}, {3, 4}], [{8, 2}, {3, 7}, {1, 6}, {4, 5}], [{8, 2}, {3, 7}, {4, 6}, {1, 5}], [{8, 2}, {3, 7}, {5, 6}, {1, 4}], [{8, 2}, {4, 7}, {1, 6}, {3, 5}], [{8, 2}, {4, 7}, {1, 6}, {5}, {3}], [{8, 2}, {4, 7}, {3, 6}, {1, 5}], [{8, 2}, {4, 7}, {3, 6}, {5}, {1}], [{8, 2}, {4, 7}, {5, 6}, {1, 3}], [{8, 2}, {4, 7}, {5, 6}, {3}, {1}], [{8, 2}, {4, 7}, {6}, {1, 5}, {3}], [{8, 2}, {4, 7}, {6}, {3, 5}, {1}], [{8, 2}, {4, 7}, {6}, {5}, {1, 3}], [{8, 2}, {5, 7}, {1, 6}, {3, 4}], [{8, 2}, {5, 7}, {3, 6}, {1, 4}], [{8, 2}, {5, 7}, {4, 6}, {1, 3}], [{8, 2}, {5, 7}, {4, 6}, {3}, {1}], [{8, 2}, {5, 7}, {6}, {4}, {1, 3}], [{8, 2}, {6, 7}, {1, 5}, {3, 4}], [{8, 2}, {6, 7}, {3, 5}, {1, 4}], [{8, 2}, {6, 7}, {4, 5}, {1, 3}], [{8, 2}, {6, 7}, {5}, {4}, {1, 3}], [{8, 2}, {7}, {1, 6}, {3, 5}, {4}], [{8, 2}, {7}, {3, 6}, {1, 5}, {4}], [{8, 2}, {7}, {4, 6}, {5}, {1, 3}], [{8, 2}, {7}, {5, 6}, {4}, {1, 3}], [{8, 2}, {7}, {6}, {4, 5}, {1, 3}], [{8, 2}, {7}, {6}, {5}, {4}, {1, 3}], [{8, 3}, {1, 7}, {2, 6}, {4, 5}], [{8, 3}, {1, 7}, {4, 6}, {2, 5}], [{8, 3}, {1, 7}, {5, 6}, {2, 4}], [{8, 3}, {2, 7}, {1, 6}, {4, 5}], [{8, 3}, {2, 7}, {4, 6}, {1, 5}], [{8, 3}, {2, 7}, {5, 6}, {1, 4}], [{8, 3}, {4, 7}, {1, 6}, {2, 5}], [{8, 3}, {4, 7}, {1, 6}, {5}, {2}], [{8, 3}, {4, 7}, {2, 6}, {1, 5}], [{8, 3}, {4, 7}, {2, 6}, {5}, {1}], [{8, 3}, {4, 7}, {5, 6}, {1, 2}], [{8, 3}, {4, 7}, {5, 6}, {2}, {1}], [{8, 3}, {4, 7}, {6}, {1, 5}, {2}], [{8, 3}, {4, 7}, {6}, {2, 5}, {1}], [{8, 3}, {4, 7}, {6}, {5}, {1, 2}], [{8, 3}, {5, 7}, {1, 6}, {2, 4}], [{8, 3}, {5, 7}, {2, 6}, {1, 4}], [{8, 3}, {5, 7}, {4, 6}, {1, 2}], [{8, 3}, {5, 7}, {4, 6}, {2}, {1}], [{8, 3}, {6, 7}, {1, 5}, {2, 4}], [{8, 3}, {6, 7}, {2, 5}, {1, 4}], [{8, 3}, {6, 7}, {4, 5}, {1, 2}], [{8, 3}, {7}, {1, 6}, {2, 5}, {4}], [{8, 3}, {7}, {2, 6}, {1, 5}, {4}], [{8, 3}, {7}, {5, 6}, {4}, {1, 2}], [{8, 4}, {1, 7}, {2, 6}, {3, 5}], [{8, 4}, {1, 7}, {3, 6}, {2, 5}], [{8, 4}, {1, 7}, {5, 6}, {2, 3}], [{8, 4}, {2, 7}, {1, 6}, {3, 5}], [{8, 4}, {2, 7}, {3, 6}, {1, 5}], [{8, 4}, {2, 7}, {5, 6}, {1, 3}], [{8, 4}, {2, 7}, {6}, {5}, {1, 3}], [{8, 4}, {3, 7}, {1, 6}, {2, 5}], [{8, 4}, {3, 7}, {2, 6}, {1, 5}], [{8, 4}, {3, 7}, {5, 6}, {1, 2}], [{8, 4}, {5, 7}, {1, 6}, {2, 3}], [{8, 4}, {5, 7}, {2, 6}, {1, 3}], [{8, 4}, {5, 7}, {3, 6}, {1, 2}], [{8, 4}, {5, 7}, {6}, {1, 3}, {2}], [{8, 4}, {6, 7}, {1, 5}, {2, 3}], [{8, 4}, {6, 7}, {2, 5}, {1, 3}], [{8, 4}, {6, 7}, {3, 5}, {1, 2}], [{8, 4}, {6, 7}, {5}, {1, 3}, {2}], [{8, 4}, {7}, {2, 6}, {5}, {1, 3}], [{8, 4}, {7}, {5, 6}, {1, 3}, {2}], [{8, 4}, {7}, {5, 6}, {2, 3}, {1}], [{8, 4}, {7}, {5, 6}, {3}, {1, 2}], [{8, 4}, {7}, {6}, {2, 5}, {1, 3}], [{8, 4}, {7}, {6}, {5}, {1, 3}, {2}], [{8, 5}, {1, 7}, {2, 6}, {3, 4}], [{8, 5}, {1, 7}, {3, 6}, {2, 4}], [{8, 5}, {1, 7}, {4, 6}, {2, 3}], [{8, 5}, {2, 7}, {1, 6}, {3, 4}], [{8, 5}, {2, 7}, {3, 6}, {1, 4}], [{8, 5}, {2, 7}, {4, 6}, {1, 3}], [{8, 5}, {2, 7}, {6}, {4}, {1, 3}], [{8, 5}, {3, 7}, {1, 6}, {2, 4}], [{8, 5}, {3, 7}, {2, 6}, {1, 4}], [{8, 5}, {3, 7}, {4, 6}, {1, 2}], [{8, 5}, {4, 7}, {1, 6}, {2, 3}], [{8, 5}, {4, 7}, {1, 6}, {3}, {2}], [{8, 5}, {4, 7}, {2, 6}, {1, 3}], [{8, 5}, {4, 7}, {2, 6}, {3}, {1}], [{8, 5}, {4, 7}, {3, 6}, {1, 2}], [{8, 5}, {4, 7}, {3, 6}, {2}, {1}], [{8, 5}, {4, 7}, {6}, {1, 3}, {2}], [{8, 5}, {4, 7}, {6}, {2, 3}, {1}], [{8, 5}, {4, 7}, {6}, {3}, {1, 2}], [{8, 5}, {6, 7}, {1, 4}, {2, 3}], [{8, 5}, {6, 7}, {2, 4}, {1, 3}], [{8, 5}, {6, 7}, {3, 4}, {1, 2}], [{8, 5}, {6, 7}, {4}, {1, 3}, {2}], [{8, 5}, {7}, {1, 6}, {4}, {2, 3}], [{8, 5}, {7}, {2, 6}, {4}, {1, 3}], [{8, 5}, {7}, {3, 6}, {4}, {1, 2}], [{8, 5}, {7}, {4, 6}, {1, 3}, {2}], [{8, 5}, {7}, {6}, {2, 4}, {1, 3}], [{8, 5}, {7}, {6}, {4}, {1, 3}, {2}], [{8, 6}, {1, 7}, {2, 5}, {3, 4}], [{8, 6}, {1, 7}, {3, 5}, {2, 4}], [{8, 6}, {1, 7}, {4, 5}, {2, 3}], [{8, 6}, {2, 7}, {1, 5}, {3, 4}], [{8, 6}, {2, 7}, {3, 5}, {1, 4}], [{8, 6}, {2, 7}, {4, 5}, {1, 3}], [{8, 6}, {2, 7}, {5}, {4}, {1, 3}], [{8, 6}, {3, 7}, {1, 5}, {2, 4}], [{8, 6}, {3, 7}, {2, 5}, {1, 4}], [{8, 6}, {3, 7}, {4, 5}, {1, 2}], [{8, 6}, {4, 7}, {1, 5}, {2, 3}], [{8, 6}, {4, 7}, {1, 5}, {3}, {2}], [{8, 6}, {4, 7}, {2, 5}, {1, 3}], [{8, 6}, {4, 7}, {2, 5}, {3}, {1}], [{8, 6}, {4, 7}, {3, 5}, {1, 2}], [{8, 6}, {4, 7}, {3, 5}, {2}, {1}], [{8, 6}, {4, 7}, {5}, {1, 3}, {2}], [{8, 6}, {4, 7}, {5}, {2, 3}, {1}], [{8, 6}, {4, 7}, {5}, {3}, {1, 2}], [{8, 6}, {5, 7}, {1, 4}, {2, 3}], [{8, 6}, {5, 7}, {2, 4}, {1, 3}], [{8, 6}, {5, 7}, {3, 4}, {1, 2}], [{8, 6}, {5, 7}, {4}, {1, 3}, {2}], [{8, 6}, {7}, {1, 5}, {4}, {2, 3}], [{8, 6}, {7}, {2, 5}, {4}, {1, 3}], [{8, 6}, {7}, {3, 5}, {4}, {1, 2}], [{8, 6}, {7}, {4, 5}, {1, 3}, {2}], [{8, 6}, {7}, {5}, {2, 4}, {1, 3}], [{8, 6}, {7}, {5}, {4}, {1, 3}, {2}], [{8, 7}, {1, 6}, {2, 5}, {3, 4}], [{8, 7}, {1, 6}, {3, 5}, {2, 4}], [{8, 7}, {1, 6}, {4, 5}, {2, 3}], [{8, 7}, {2, 6}, {1, 5}, {3, 4}], [{8, 7}, {2, 6}, {3, 5}, {1, 4}], [{8, 7}, {2, 6}, {4, 5}, {1, 3}], [{8, 7}, {2, 6}, {5}, {4}, {1, 3}], [{8, 7}, {3, 6}, {1, 5}, {2, 4}], [{8, 7}, {3, 6}, {2, 5}, {1, 4}], [{8, 7}, {3, 6}, {4, 5}, {1, 2}], [{8, 7}, {4, 6}, {1, 5}, {2, 3}], [{8, 7}, {4, 6}, {2, 5}, {1, 3}], [{8, 7}, {4, 6}, {3, 5}, {1, 2}], [{8, 7}, {4, 6}, {5}, {1, 3}, {2}], [{8, 7}, {5, 6}, {1, 4}, {2, 3}], [{8, 7}, {5, 6}, {2, 4}, {1, 3}], [{8, 7}, {5, 6}, {3, 4}, {1, 2}], [{8, 7}, {5, 6}, {4}, {1, 3}, {2}], [{8, 7}, {5, 6}, {4}, {2, 3}, {1}], [{8, 7}, {5, 6}, {4}, {3}, {1, 2}], [{8, 7}, {6}, {2, 5}, {4}, {1, 3}], [{8, 7}, {6}, {4, 5}, {1, 3}, {2}], [{8, 7}, {6}, {5}, {2, 4}, {1, 3}], [{8, 7}, {6}, {5}, {4}, {1, 3}, {2}], [{8}, {1, 7}, {2, 6}, {4, 5}, {3}], [{8}, {1, 7}, {4, 6}, {3, 5}, {2}], [{8}, {1, 7}, {5, 6}, {2, 4}, {3}], [{8}, {1, 7}, {5, 6}, {3, 4}, {2}], [{8}, {1, 7}, {5, 6}, {4}, {2, 3}], [{8}, {2, 7}, {4, 6}, {5}, {1, 3}], [{8}, {2, 7}, {5, 6}, {1, 4}, {3}], [{8}, {2, 7}, {5, 6}, {3, 4}, {1}], [{8}, {2, 7}, {5, 6}, {4}, {1, 3}], [{8}, {2, 7}, {6}, {4, 5}, {1, 3}], [{8}, {2, 7}, {6}, {5}, {4}, {1, 3}], [{8}, {3, 7}, {2, 6}, {4, 5}, {1}], [{8}, {3, 7}, {4, 6}, {1, 5}, {2}], [{8}, {3, 7}, {5, 6}, {1, 4}, {2}], [{8}, {3, 7}, {5, 6}, {2, 4}, {1}], [{8}, {3, 7}, {5, 6}, {4}, {1, 2}], [{8}, {4, 7}, {1, 6}, {2, 5}, {3}], [{8}, {4, 7}, {1, 6}, {3, 5}, {2}], [{8}, {4, 7}, {1, 6}, {5}, {2, 3}], [{8}, {4, 7}, {2, 6}, {1, 5}, {3}], [{8}, {4, 7}, {2, 6}, {3, 5}, {1}], [{8}, {4, 7}, {2, 6}, {5}, {1, 3}], [{8}, {4, 7}, {3, 6}, {1, 5}, {2}], [{8}, {4, 7}, {3, 6}, {2, 5}, {1}], [{8}, {4, 7}, {3, 6}, {5}, {1, 2}], [{8}, {4, 7}, {5, 6}, {1, 3}, {2}], [{8}, {4, 7}, {5, 6}, {2, 3}, {1}], [{8}, {4, 7}, {5, 6}, {3}, {1, 2}], [{8}, {4, 7}, {5, 6}, {3}, {2}, {1}], [{8}, {4, 7}, {6}, {1, 5}, {2, 3}], [{8}, {4, 7}, {6}, {2, 5}, {1, 3}], [{8}, {4, 7}, {6}, {3, 5}, {1, 2}], [{8}, {4, 7}, {6}, {5}, {1, 3}, {2}], [{8}, {4, 7}, {6}, {5}, {2, 3}, {1}], [{8}, {4, 7}, {6}, {5}, {3}, {1, 2}], [{8}, {5, 7}, {1, 6}, {3, 4}, {2}], [{8}, {5, 7}, {2, 6}, {4}, {1, 3}], [{8}, {5, 7}, {3, 6}, {1, 4}, {2}], [{8}, {5, 7}, {4, 6}, {1, 3}, {2}], [{8}, {5, 7}, {4, 6}, {2, 3}, {1}], [{8}, {5, 7}, {4, 6}, {3}, {1, 2}], [{8}, {5, 7}, {4, 6}, {3}, {2}, {1}], [{8}, {5, 7}, {6}, {2, 4}, {1, 3}], [{8}, {5, 7}, {6}, {4}, {1, 3}, {2}], [{8}, {6, 7}, {1, 5}, {2, 4}, {3}], [{8}, {6, 7}, {2, 5}, {4}, {1, 3}], [{8}, {6, 7}, {3, 5}, {2, 4}, {1}], [{8}, {6, 7}, {4, 5}, {1, 3}, {2}], [{8}, {6, 7}, {4, 5}, {2, 3}, {1}], [{8}, {6, 7}, {4, 5}, {3}, {1, 2}], [{8}, {6, 7}, {5}, {2, 4}, {1, 3}], [{8}, {6, 7}, {5}, {4}, {1, 3}, {2}], [{8}, {7}, {2, 6}, {4, 5}, {1, 3}], [{8}, {7}, {2, 6}, {5}, {4}, {1, 3}], [{8}, {7}, {4, 6}, {2, 5}, {1, 3}], [{8}, {7}, {4, 6}, {5}, {1, 3}, {2}], [{8}, {7}, {5, 6}, {1, 4}, {2, 3}], [{8}, {7}, {5, 6}, {2, 4}, {1, 3}], [{8}, {7}, {5, 6}, {3, 4}, {1, 2}], [{8}, {7}, {5, 6}, {4}, {1, 3}, {2}], [{8}, {7}, {5, 6}, {4}, {2, 3}, {1}], [{8}, {7}, {5, 6}, {4}, {3}, {1, 2}], [{8}, {7}, {6}, {2, 5}, {4}, {1, 3}], [{8}, {7}, {6}, {4, 5}, {1, 3}, {2}], [{8}, {7}, {6}, {5}, {2, 4}, {1, 3}], [{8}, {7}, {6}, {5}, {4}, {1, 3}, {2}]]",2,8 K_1^3 - 2 K_1^2 - 4 K_1 K_2 - 4 K_1 + K_2 + 2,O1O2O3O4U2U5U6O7U8O6O8U4U3O5U1U7,O1O2O3U4U5U3U6O7O6U2O5O4U8U1O8U7,O1O2O3U4O5U3U5O6O7U2O8O4U8U1U7U6,c,{'O1O2O3O4U5U4O6U2U1O7O8U7O5U8U6U3'},1,"<a href=""/flatknot/8.850790"">8.850790</a>",t^9-19t^7-22t^6-30t^4+32t^3-8t^2,-t^2+2t,,
8.850791,O1O2O3O4U5U4O6U2U3O7O8U1O5U6U8U7,3,22z^2+79z+71,-6w^4z^2+28w^3z^2-2w^3z+81w^2z+71w,False,False,"[[ 0 -2 -1  1  1 -1  0  1  1],[ 2  0 -1  1  0 -1  2  2  1],[ 1  1  0  1  0 -1  1  0  0],[-1 -1 -1  0  0 -2  0  0  0],[-1  0  0  0  0 -1 -1 -1 -1],[ 1  1  1  2  1  0  0 -1  0],[ 0 -2 -1  0  1  0  0  2  1],[-1 -2  0  0  1  1 -2  0  0],[-1 -1  0  0  1  0 -1  0  0]]","[[ 0  1  1  1  1  0 -1 -1 -2],[-1  0  1  0  0 -1  0  0 -1],[-1 -1  0  0 -1 -1  0 -1  0],[-1  0  0  0  0  0 -1 -2 -1],[-1  0  1  0  0 -2  0  1 -2],[ 0  1  1  0  2  0 -1  0 -2],[ 1  0  0  1  0  1  0 -1  1],[ 1  0  1  2 -1  0  1  0  1],[ 2  1  0  1  2  2 -1 -1  0]]",True,"[-1,-1,-1,-1,0,1,1,2,-1,0,0,1,0,0,1,0,1,1,0,1,0,0,0,1,2,1,2,0,-1,2,1,0,2,1,-1,-1]","[-2,-1,-1,0,1,1,1,1,-1,-1,2,0,1,1,2,-1,1,0,0,1,0,0,1,0,2,-1,1,1,0,2,-1,0,-1,0,0,0]",t^8+29t^6+166t^4+36t^2,"[-2,-1,-1,0,1,1,1,1,2,2,0,1,2,2,3,-1,1,3,0,2,1,0,2,1,2,2,-1,1,0,0,0,0,-1,0,0,-1]","[-1,-1,-1,-1,0,1,1,2,-1,-1,0,0,1,2,3,0,0,-1,3,2,1,0,0,2,2,2,1,0,1,2,1,0,0,1,2,2]","[-2,-1,-1,0,1,1,1,1,-1,-1,2,0,1,1,2,-1,1,0,0,1,0,0,1,0,2,-1,1,1,0,2,-1,0,-1,0,0,0]",c,"[[{8, 1}, {3, 7}, {2, 6}, {4, 5}], [{8, 1}, {3, 7}, {4, 6}, {2, 5}], [{8, 1}, {4, 7}, {2, 6}, {3, 5}]]",1,4 K_1^3 - 6 K_1^2 - 8 K_1 K_2 + K_1 + 3 K_2 + 3 K_3 + 4,O1O2O3O4U5U6U7O8U4O6O5U2U3O7U1U8,O1O2O3U4U5U6U7O8O7U1O5O6U3U2O4U8,O1O2O3U4O5U2U1O6O7U3O8O4U8U6U7U5,c,{'O1O2O3O4U5U4O6U2U3O7O8U1O5U6U8U7'},1,"<a href=""/flatknot/8.850791"">8.850791</a>",t^9-31t^7-54t^6+121t^5+262t^4+47t^3+86t^2+80t,t^2-2t,,
8.850792,O1O2O3O4U5U4O6U2U3O7O8U1O5U7U8U6,4,8z^3+48z^2+108z+89,-2w^5z^3+10w^4z^3+48w^3z^2+108w^2z+89w,False,False,"[[ 0 -2 -1  1  1 -1  2 -1  1],[ 2  0 -1  1  0 -1  4  0  1],[ 1  1  0  1  0 -1  1 -1 -1],[-1 -1 -1  0  0 -2  0 -1 -1],[-1  0  0  0  0 -1 -1 -1 -1],[ 1  1  1  2  1  0  0 -1  0],[-2 -4 -1  0  1  0  0 -1  1],[ 1  0  1  1  1  1  1  0  1],[-1 -1  1  1  1  0 -1 -1  0]]","[[ 0  2  1  1  1 -1 -1 -1 -2],[-2  0  1  1  0  0 -1 -1 -4],[-1 -1  0  1  1  0  1 -1 -1],[-1 -1 -1  0  0 -1  0 -1  0],[-1  0 -1  0  0 -2 -1 -1 -1],[ 1  0  0  1  2  0  1 -1  1],[ 1  1 -1  0  1 -1  0 -1  1],[ 1  1  1  1  1  1  1  0  0],[ 2  4  1  0  1 -1 -1  0  0]]",True,"[-2,-1,-1,-1,1,1,1,2,-1,-1,0,0,1,1,4,-1,-1,0,-1,1,1,0,1,0,1,0,2,1,1,1,-1,1,-1,1,-1,0]","[-2,-1,-1,-1,1,1,1,2,-1,-1,0,0,1,1,4,-1,-1,0,-1,1,1,-1,1,0,2,0,1,1,1,1,-1,0,-1,1,-1,0]",t^8+39t^6+362t^4+103t^2+4,"[-2,-1,-1,-1,1,1,1,2,1,2,2,2,2,3,0,-1,-1,1,1,1,2,-1,0,2,1,3,1,3,2,2,1,0,1,-1,2,2]","[-2,-1,-1,-1,1,1,1,2,1,2,2,2,2,3,0,-1,0,1,1,0,2,1,1,3,2,2,1,2,1,3,1,1,1,-1,2,2]","[-2,-1,-1,-1,1,1,1,2,-1,-1,0,0,1,1,4,-1,-1,0,-1,1,1,-1,1,0,2,0,1,1,1,1,-1,0,-1,1,-1,0]",c,"[[{8, 2}, {3, 7}, {1, 6}, {4, 5}]]",0,- 16 K_1^4 + 28 K_1^3 + 16 K_1^2 K_2 - 16 K_1^2 - 16 K_1 K_2 - 4 K_1 K_3 - 13 K_1 + 10 K_2 + K_3 + 11,O1O2O3O4U5U6U7O8U4O6O7U2U3O5U1U8,O1O2O3U4U5U6U7O8O7U3O5O6U1U2O4U8,O1O2O3U4O5U2U3O6O7U1O8O4U8U6U7U5,c,{'O1O2O3O4U5U4O6U2U3O7O8U1O5U7U8U6'},1,"<a href=""/flatknot/8.850792"">8.850792</a>",t^9-39t^7-62t^6+166t^5+294t^4-15t^3-98t^2+22t+10,0,,
8.850793,O1O2O3O4U5U4O6U2U3O7O8U1O5U8U6U7,3,18z^2+79z+87,-2w^4z^2+20w^3z^2-6w^3z+85w^2z+87w,False,False,"[[ 0 -2 -1  1  1 -1  1  1  0],[ 2  0 -1  1  0 -1  3  2  0],[ 1  1  0  1  0 -1  1  0 -1],[-1 -1 -1  0  0 -2  0  0 -1],[-1  0  0  0  0 -1 -1 -1 -1],[ 1  1  1  2  1  0  0 -1  0],[-1 -3 -1  0  1  0  0  1  0],[-1 -2  0  0  1  1 -1  0  0],[ 0  0  1  1  1  0  0  0  0]]","[[ 0  1  1  1  1  0 -1 -1 -2],[-1  0  1  1  0  0  0 -1 -3],[-1 -1  0  1  0  0  1  0 -2],[-1 -1 -1  0  0 -1 -1  0  0],[-1  0  0  0  0 -1 -2 -1 -1],[ 0  0  0  1  1  0  0  1  0],[ 1  0 -1  1  2  0  0  1  1],[ 1  1  0  0  1 -1 -1  0  1],[ 2  3  2  0  1  0 -1 -1  0]]",True,"[-1,-1,-1,-1,0,1,1,2,-1,-1,0,0,0,1,3,-1,0,0,-1,0,2,0,1,1,0,0,1,2,1,1,0,-1,0,-1,-1,-1]","[-2,-1,-1,0,1,1,1,1,-1,-1,0,0,1,2,3,-1,-1,0,1,0,1,0,1,2,-1,0,1,1,0,0,0,-1,-1,0,0,-1]",t^8+31t^6+212t^4+76t^2,"[-2,-1,-1,0,1,1,1,1,2,2,2,0,1,2,3,-1,1,2,3,0,1,2,1,2,1,2,1,1,0,0,-1,0,-1,0,-1,0]","[-1,-1,-1,-1,0,1,1,2,-1,-1,0,0,1,2,3,-1,0,1,3,2,1,0,1,2,1,0,0,0,1,2,1,2,2,1,2,2]","[-2,-1,-1,0,1,1,1,1,-1,-1,0,0,1,2,3,-1,-1,0,1,0,1,0,1,2,-1,0,1,1,0,0,0,-1,-1,0,0,-1]",c,"[[{8, 1}, {2, 7}, {3, 6}, {4, 5}], [{8, 1}, {2, 7}, {4, 6}, {3, 5}], [{8, 1}, {2, 7}, {5, 6}, {3, 4}], [{8, 1}, {2, 7}, {5, 6}, {4}, {3}], [{8, 1}, {3, 7}, {2, 6}, {4, 5}], [{8, 1}, {3, 7}, {4, 6}, {2, 5}], [{8, 1}, {3, 7}, {4, 6}, {5}, {2}], [{8, 1}, {3, 7}, {5, 6}, {2, 4}], [{8, 1}, {3, 7}, {6}, {2, 5}, {4}], [{8, 1}, {4, 7}, {2, 6}, {3, 5}], [{8, 1}, {4, 7}, {3, 6}, {2, 5}], [{8, 1}, {4, 7}, {5, 6}, {2, 3}], [{8, 1}, {4, 7}, {6}, {3, 5}, {2}], [{8, 1}, {5, 7}, {2, 6}, {3, 4}], [{8, 1}, {5, 7}, {2, 6}, {4}, {3}], [{8, 1}, {5, 7}, {3, 6}, {2, 4}], [{8, 1}, {5, 7}, {4, 6}, {2, 3}], [{8, 1}, {6, 7}, {2, 5}, {3, 4}], [{8, 1}, {6, 7}, {3, 5}, {2, 4}], [{8, 1}, {6, 7}, {4, 5}, {2, 3}], [{8, 1}, {7}, {4, 6}, {2, 5}, {3}], [{8, 2}, {1, 7}, {3, 6}, {4, 5}], [{8, 2}, {1, 7}, {4, 6}, {3, 5}], [{8, 2}, {1, 7}, {5, 6}, {3, 4}], [{8, 2}, {1, 7}, {5, 6}, {4}, {3}], [{8, 2}, {3, 7}, {1, 6}, {4, 5}], [{8, 2}, {3, 7}, {4, 6}, {1, 5}], [{8, 2}, {3, 7}, {4, 6}, {5}, {1}], [{8, 2}, {3, 7}, {5, 6}, {1, 4}], [{8, 2}, {3, 7}, {6}, {1, 5}, {4}], [{8, 2}, {4, 7}, {1, 6}, {3, 5}], [{8, 2}, {4, 7}, {3, 6}, {1, 5}], [{8, 2}, {4, 7}, {5, 6}, {1, 3}], [{8, 2}, {4, 7}, {6}, {3, 5}, {1}], [{8, 2}, {5, 7}, {1, 6}, {3, 4}], [{8, 2}, {5, 7}, {1, 6}, {4}, {3}], [{8, 2}, {5, 7}, {3, 6}, {1, 4}], [{8, 2}, {5, 7}, {4, 6}, {1, 3}], [{8, 2}, {6, 7}, {1, 5}, {3, 4}], [{8, 2}, {6, 7}, {3, 5}, {1, 4}], [{8, 2}, {6, 7}, {4, 5}, {1, 3}], [{8, 2}, {7}, {4, 6}, {1, 5}, {3}], [{8, 3}, {1, 7}, {2, 6}, {4, 5}], [{8, 3}, {1, 7}, {2, 6}, {5}, {4}], [{8, 3}, {1, 7}, {4, 6}, {2, 5}], [{8, 3}, {1, 7}, {5, 6}, {2, 4}], [{8, 3}, {2, 7}, {1, 6}, {4, 5}], [{8, 3}, {2, 7}, {4, 6}, {1, 5}], [{8, 3}, {2, 7}, {5, 6}, {1, 4}], [{8, 3}, {2, 7}, {6}, {1, 5}, {4}], [{8, 3}, {2, 7}, {6}, {4, 5}, {1}], [{8, 3}, {2, 7}, {6}, {5}, {1, 4}], [{8, 3}, {4, 7}, {1, 6}, {2, 5}], [{8, 3}, {4, 7}, {2, 6}, {1, 5}], [{8, 3}, {4, 7}, {2, 6}, {5}, {1}], [{8, 3}, {4, 7}, {5, 6}, {1, 2}], [{8, 3}, {5, 7}, {1, 6}, {2, 4}], [{8, 3}, {5, 7}, {2, 6}, {1, 4}], [{8, 3}, {5, 7}, {4, 6}, {1, 2}], [{8, 3}, {5, 7}, {6}, {1, 4}, {2}], [{8, 3}, {6, 7}, {1, 5}, {2, 4}], [{8, 3}, {6, 7}, {2, 5}, {1, 4}], [{8, 3}, {6, 7}, {4, 5}, {1, 2}], [{8, 3}, {6, 7}, {5}, {1, 4}, {2}], [{8, 3}, {7}, {2, 6}, {5}, {1, 4}], [{8, 3}, {7}, {5, 6}, {1, 4}, {2}], [{8, 3}, {7}, {6}, {2, 5}, {1, 4}], [{8, 3}, {7}, {6}, {5}, {1, 4}, {2}], [{8, 4}, {1, 7}, {2, 6}, {3, 5}], [{8, 4}, {1, 7}, {3, 6}, {2, 5}], [{8, 4}, {1, 7}, {5, 6}, {2, 3}], [{8, 4}, {2, 7}, {1, 6}, {3, 5}], [{8, 4}, {2, 7}, {3, 6}, {1, 5}], [{8, 4}, {2, 7}, {5, 6}, {1, 3}], [{8, 4}, {2, 7}, {6}, {5}, {1, 3}], [{8, 4}, {3, 7}, {1, 6}, {2, 5}], [{8, 4}, {3, 7}, {2, 6}, {1, 5}], [{8, 4}, {3, 7}, {5, 6}, {1, 2}], [{8, 4}, {5, 7}, {1, 6}, {2, 3}], [{8, 4}, {5, 7}, {2, 6}, {1, 3}], [{8, 4}, {5, 7}, {3, 6}, {1, 2}], [{8, 4}, {5, 7}, {6}, {1, 3}, {2}], [{8, 4}, {6, 7}, {1, 5}, {2, 3}], [{8, 4}, {6, 7}, {2, 5}, {1, 3}], [{8, 4}, {6, 7}, {3, 5}, {1, 2}], [{8, 4}, {6, 7}, {5}, {1, 3}, {2}], [{8, 4}, {7}, {1, 6}, {3, 5}, {2}], [{8, 4}, {7}, {2, 6}, {5}, {1, 3}], [{8, 4}, {7}, {3, 6}, {1, 5}, {2}], [{8, 4}, {7}, {5, 6}, {1, 3}, {2}], [{8, 4}, {7}, {6}, {2, 5}, {1, 3}], [{8, 4}, {7}, {6}, {5}, {1, 3}, {2}], [{8, 5}, {1, 7}, {2, 6}, {3, 4}], [{8, 5}, {1, 7}, {2, 6}, {4}, {3}], [{8, 5}, {1, 7}, {3, 6}, {2, 4}], [{8, 5}, {1, 7}, {4, 6}, {2, 3}], [{8, 5}, {2, 7}, {1, 6}, {3, 4}], [{8, 5}, {2, 7}, {1, 6}, {4}, {3}], [{8, 5}, {2, 7}, {3, 6}, {1, 4}], [{8, 5}, {2, 7}, {4, 6}, {1, 3}], [{8, 5}, {3, 7}, {1, 6}, {2, 4}], [{8, 5}, {3, 7}, {2, 6}, {1, 4}], [{8, 5}, {3, 7}, {4, 6}, {1, 2}], [{8, 5}, {3, 7}, {4, 6}, {2}, {1}], [{8, 5}, {3, 7}, {6}, {4}, {1, 2}], [{8, 5}, {4, 7}, {1, 6}, {2, 3}], [{8, 5}, {4, 7}, {2, 6}, {1, 3}], [{8, 5}, {4, 7}, {2, 6}, {3}, {1}], [{8, 5}, {4, 7}, {3, 6}, {1, 2}], [{8, 5}, {6, 7}, {1, 4}, {2, 3}], [{8, 5}, {6, 7}, {2, 4}, {1, 3}], [{8, 5}, {6, 7}, {3, 4}, {1, 2}], [{8, 5}, {6, 7}, {4}, {2, 3}, {1}], [{8, 5}, {7}, {2, 6}, {1, 4}, {3}], [{8, 5}, {7}, {4, 6}, {3}, {1, 2}], [{8, 6}, {1, 7}, {2, 5}, {3, 4}], [{8, 6}, {1, 7}, {3, 5}, {2, 4}], [{8, 6}, {1, 7}, {4, 5}, {2, 3}], [{8, 6}, {1, 7}, {5}, {2, 4}, {3}], [{8, 6}, {2, 7}, {1, 5}, {3, 4}], [{8, 6}, {2, 7}, {3, 5}, {1, 4}], [{8, 6}, {2, 7}, {4, 5}, {1, 3}], [{8, 6}, {3, 7}, {1, 5}, {2, 4}], [{8, 6}, {3, 7}, {2, 5}, {1, 4}], [{8, 6}, {3, 7}, {4, 5}, {1, 2}], [{8, 6}, {3, 7}, {4, 5}, {2}, {1}], [{8, 6}, {4, 7}, {1, 5}, {2, 3}], [{8, 6}, {4, 7}, {2, 5}, {1, 3}], [{8, 6}, {4, 7}, {3, 5}, {1, 2}], [{8, 6}, {4, 7}, {3, 5}, {2}, {1}], [{8, 6}, {5, 7}, {1, 4}, {2, 3}], [{8, 6}, {5, 7}, {1, 4}, {3}, {2}], [{8, 6}, {5, 7}, {2, 4}, {1, 3}], [{8, 6}, {5, 7}, {2, 4}, {3}, {1}], [{8, 6}, {5, 7}, {3, 4}, {1, 2}], [{8, 6}, {5, 7}, {3, 4}, {2}, {1}], [{8, 6}, {5, 7}, {4}, {1, 3}, {2}], [{8, 6}, {5, 7}, {4}, {2, 3}, {1}], [{8, 6}, {5, 7}, {4}, {3}, {1, 2}], [{8, 6}, {5, 7}, {4}, {3}, {2}, {1}], [{8, 6}, {7}, {1, 5}, {2, 4}, {3}], [{8, 7}, {1, 6}, {2, 5}, {3, 4}], [{8, 7}, {1, 6}, {3, 5}, {2, 4}], [{8, 7}, {1, 6}, {3, 5}, {4}, {2}], [{8, 7}, {1, 6}, {4, 5}, {2, 3}], [{8, 7}, {2, 6}, {1, 5}, {3, 4}], [{8, 7}, {2, 6}, {3, 5}, {1, 4}], [{8, 7}, {2, 6}, {4, 5}, {1, 3}], [{8, 7}, {3, 6}, {1, 5}, {2, 4}], [{8, 7}, {3, 6}, {1, 5}, {4}, {2}], [{8, 7}, {3, 6}, {2, 5}, {1, 4}], [{8, 7}, {3, 6}, {4, 5}, {1, 2}], [{8, 7}, {4, 6}, {1, 5}, {2, 3}], [{8, 7}, {4, 6}, {2, 5}, {1, 3}], [{8, 7}, {4, 6}, {3, 5}, {1, 2}], [{8, 7}, {5, 6}, {1, 4}, {2, 3}], [{8, 7}, {5, 6}, {1, 4}, {3}, {2}], [{8, 7}, {5, 6}, {2, 4}, {1, 3}], [{8, 7}, {5, 6}, {2, 4}, {3}, {1}], [{8, 7}, {5, 6}, {3, 4}, {1, 2}], [{8, 7}, {5, 6}, {3, 4}, {2}, {1}], [{8, 7}, {5, 6}, {4}, {1, 3}, {2}], [{8, 7}, {5, 6}, {4}, {2, 3}, {1}], [{8, 7}, {5, 6}, {4}, {3}, {1, 2}], [{8, 7}, {5, 6}, {4}, {3}, {2}, {1}], [{8}, {1, 7}, {2, 6}, {3, 5}, {4}], [{8}, {1, 7}, {3, 6}, {2, 5}, {4}], [{8}, {3, 7}, {4, 6}, {1, 5}, {2}], [{8}, {3, 7}, {4, 6}, {2, 5}, {1}], [{8}, {3, 7}, {4, 6}, {5}, {1, 2}], [{8}, {3, 7}, {5, 6}, {1, 4}, {2}], [{8}, {4, 7}, {1, 6}, {3, 5}, {2}], [{8}, {4, 7}, {2, 6}, {3, 5}, {1}], [{8}, {4, 7}, {3, 6}, {1, 5}, {2}], [{8}, {4, 7}, {5, 6}, {1, 3}, {2}], [{8}, {4, 7}, {6}, {3, 5}, {1, 2}], [{8}, {4, 7}, {6}, {3, 5}, {2}, {1}], [{8}, {5, 7}, {3, 6}, {1, 4}, {2}], [{8}, {5, 7}, {4, 6}, {1, 3}, {2}], [{8}, {7}, {2, 6}, {3, 5}, {1, 4}]]",2,32 K_1^3 - 22 K_1^2 - 16 K_1 K_2 - 16 K_1 + 11 K_2 + 12,O1O2O3O4U5U6U7O8U4O7O5U2U3O6U1U8,O1O2O3U4U5U6U7O8O7U2O5O6U3U1O4U8,O1O2O3U4O5U3U1O6O7U2O8O4U8U6U7U5,c,{'O1O2O3O4U5U4O6U2U3O7O8U1O5U8U6U7'},1,"<a href=""/flatknot/8.850793"">8.850793</a>",t^9-33t^7-44t^6+163t^5+224t^4-155t^3-170t^2+60t+8,t^2-2t,,
8.850794,O1O2O3O4U5U4O6U2U3O7O8U1O5U8U7U6,4,8z^3+52z^2+113z+83,8w^4z^3+52w^3z^2+113w^2z+83w,False,False,"[[ 0 -2 -1  1  1 -1  2  0  0],[ 2  0 -1  1  0 -1  4  1  0],[ 1  1  0  1  0 -1  1 -1 -1],[-1 -1 -1  0  0 -2  0 -1 -1],[-1  0  0  0  0 -1 -1 -1 -1],[ 1  1  1  2  1  0  0 -1  0],[-2 -4 -1  0  1  0  0  0  0],[ 0 -1  1  1  1  1  0  0  0],[ 0  0  1  1  1  0  0  0  0]]","[[ 0  2  1  1  0  0 -1 -1 -2],[-2  0  1  0  0  0  0 -1 -4],[-1 -1  0  0 -1 -1 -1  0  0],[-1  0  0  0 -1 -1 -2 -1 -1],[ 0  0  1  1  0  0  1  1 -1],[ 0  0  1  1  0  0  0  1  0],[ 1  0  1  2 -1  0  0  1  1],[ 1  1  0  1 -1 -1 -1  0  1],[ 2  4  0  1  1  0 -1 -1  0]]",True,"[-2,-1,-1,0,0,1,1,2,-1,0,0,0,0,1,4,0,1,1,1,0,0,1,1,2,1,1,0,-1,-1,1,0,-1,0,-1,-1,-1]","[-2,-1,-1,0,0,1,1,2,-1,-1,0,1,0,1,4,-1,-1,-1,0,1,1,0,-1,1,2,0,0,1,1,0,1,1,0,0,-1,0]",t^8+36t^6+309t^4+147t^2+1,"[-2,-1,-1,0,0,1,1,2,2,2,1,2,2,3,0,-1,2,1,0,1,3,2,2,1,2,2,0,0,0,2,0,0,2,0,1,2]","[-2,-1,-1,0,0,1,1,2,1,2,2,2,2,3,0,0,0,0,1,0,2,0,0,2,1,3,0,2,1,2,2,2,1,-1,2,2]","[-2,-1,-1,0,0,1,1,2,-1,-1,0,1,0,1,4,-1,-1,-1,0,1,1,0,-1,1,2,0,0,1,1,0,1,1,0,0,-1,0]",c,"[[{8, 2}, {3, 7}, {1, 6}, {4, 5}], [{8, 3}, {2, 7}, {1, 6}, {4, 5}], [{8, 7}, {1, 6}, {4, 5}, {2, 3}]]",1,8 K_1^3 - 8 K_1^2 - 8 K_1 K_2 - 2 K_1 + 4 K_2 + 2 K_3 + 5,O1O2O3O4U5U6U7O8U4O7O6U2U3O5U1U8,O1O2O3U4U5U6U7O8O7U3O5O6U2U1O4U8,O1O2O3U4O5U3U2O6O7U1O8O4U8U6U7U5,c,{'O1O2O3O4U5U4O6U2U3O7O8U1O5U8U7U6'},1,"<a href=""/flatknot/8.850794"">8.850794</a>",t^9-36t^7-44t^6+175t^5+260t^4+14t^3-10t^2-54t+10,0,,
8.850795,O1O2O3O4U5U4O6U2U3O7O8U6O5U1U7U8,4,10z^3+58z^2+113z+75,10w^4z^3+58w^3z^2+113w^2z+75w,False,False,"[[ 0 -2 -1  1  1 -1  0  0  2],[ 2  0 -1  1  1 -1  2  1  2],[ 1  1  0  1  0 -2  2  0  0],[-1 -1 -1  0  0 -3  1  0  0],[-1 -1  0  0  0 -1  0 -1 -1],[ 1  1  2  3  1  0  0 -1  0],[ 0 -2 -2 -1  0  0  0  1  2],[ 0 -1  0  0  1  1 -1  0  1],[-2 -2  0  0  1  0 -2 -1  0]]","[[ 0  2  1  1  0  0 -1 -1 -2],[-2  0  1  0 -1 -2  0  0 -2],[-1 -1  0  0 -1  0  0 -1 -1],[-1  0  0  0  0  1 -1 -3 -1],[ 0  1  1  0  0 -1  0  1 -1],[ 0  2  0 -1  1  0 -2  0 -2],[ 1  0  0  1  0  2  0 -2  1],[ 1  0  1  3 -1  0  2  0  1],[ 2  2  1  1  1  2 -1 -1  0]]",True,"[-2,-1,-1,0,0,1,1,2,-1,0,1,2,0,0,2,0,1,0,0,1,1,0,-1,1,3,1,1,0,-1,1,2,0,2,2,-1,-1]","[-2,-1,-1,0,0,1,1,2,-1,-1,1,2,1,1,2,-2,0,2,0,1,0,-1,0,1,3,0,-1,1,0,1,0,-1,2,0,-1,0]",t^8+42t^6+386t^4+158t^2+4,"[-2,-1,-1,0,0,1,1,2,2,2,0,1,2,2,2,-2,1,2,-1,1,3,-1,1,1,2,3,-1,2,1,0,1,0,1,0,1,2]","[-2,-1,-1,0,0,1,1,2,1,2,0,1,3,3,2,0,2,1,-1,1,2,1,0,1,2,2,1,1,-1,0,2,1,1,2,2,2]","[-2,-1,-1,0,0,1,1,2,-1,-1,1,2,1,1,2,-2,0,2,0,1,0,-1,0,1,3,0,-1,1,0,1,0,-1,2,0,-1,0]",c,"[[{8, 1}, {6, 7}, {3, 5}, {2, 4}]]",1,16 K_1^3 - 8 K_1^2 - 12 K_1 K_2 - 6 K_1 + 4 K_2 + 2 K_3 + 5,O1O2O3O4U5U6U4O7U8O5O6U2U3O8U1U7,O1O2O3U1U4U5U6O7O6U8O4O5U2U3O8U7,O1O2O3U4O5U1U2O6O7U5O8O4U8U6U7U3,c,{'O1O2O3O4U5U4O6U2U3O7O8U6O5U1U7U8'},1,"<a href=""/flatknot/8.850795"">8.850795</a>",t^9-42t^7-90t^6+192t^5+608t^4+342t^3+52t^2-141t-220,0,,
8.850796,O1O2O3O4U5U4O6U2U3O7O8U6O5U1U8U7,4,9z^3+51z^2+93z+55,-2w^5z^3+11w^4z^3-8w^4z^2+59w^3z^2-6w^3z+99w^2z+55w,False,False,"[[ 0 -2 -1  1  1 -1  0  1  1],[ 2  0 -1  1  1 -1  2  2  1],[ 1  1  0  1  0 -2  2  0  0],[-1 -1 -1  0  0 -3  1  0  0],[-1 -1  0  0  0 -1  0 -1 -1],[ 1  1  2  3  1  0  0 -1  0],[ 0 -2 -2 -1  0  0  0  2  1],[-1 -2  0  0  1  1 -2  0  0],[-1 -1  0  0  1  0 -1  0  0]]","[[ 0  1  1  1  1  0 -1 -1 -2],[-1  0  1  0  0 -1  0  0 -1],[-1 -1  0  0 -1  0  0 -1 -1],[-1  0  0  0  0  1 -1 -3 -1],[-1  0  1  0  0 -2  0  1 -2],[ 0  1  0 -1  2  0 -2  0 -2],[ 1  0  0  1  0  2  0 -2  1],[ 1  0  1  3 -1  0  2  0  1],[ 2  1  1  1  2  2 -1 -1  0]]",True,"[-1,-1,-1,-1,0,1,1,2,-1,0,0,1,0,0,1,0,1,0,0,1,1,0,-1,1,3,1,2,0,-1,2,2,0,2,2,-1,-1]","[-2,-1,-1,0,1,1,1,1,-1,-1,2,1,1,1,2,-2,2,0,0,1,0,0,0,1,3,-1,1,0,-1,2,1,0,0,0,-1,0]",t^8+41t^6+338t^4+159t^2,"[-2,-1,-1,0,1,1,1,1,2,2,0,1,2,2,2,-2,1,3,-1,1,2,-1,2,1,2,2,-1,2,1,0,0,-1,0,0,0,1]","[-1,-1,-1,-1,0,1,1,2,-1,-1,0,1,1,2,2,0,0,-1,3,2,1,0,0,2,2,2,2,-1,1,2,1,-1,0,2,2,2]","[-2,-1,-1,0,1,1,1,1,-1,-1,2,1,1,1,2,-2,2,0,0,1,0,0,0,1,3,-1,1,0,-1,2,1,0,0,0,-1,0]",c,"[[{8, 1}, {2, 7}, {5, 6}, {3, 4}]]",1,4 K_1^3 - 2 K_1^2 - 4 K_1 K_2 - K_1 + K_2 + K_3 + 2,O1O2O3O4U5U6U4O7U8O6O5U2U3O8U1U7,O1O2O3U1U4U5U6O7O6U8O4O5U3U2O8U7,O1O2O3U4O5U2U1O6O7U5O8O4U8U6U7U3,c,{'O1O2O3O4U5U4O6U2U3O7O8U6O5U1U8U7'},1,"<a href=""/flatknot/8.850796"">8.850796</a>",t^9-43t^7-82t^6+215t^5+376t^4-236t^3+232t^2+576t-36,t^2-2t,,
8.850797,O1O2O3O4U5U4O6U2U3O7O8U6O5U7U1U8,4,3z^3+29z^2+89z+87,-2w^5z^3+5w^4z^3-8w^4z^2+37w^3z^2-6w^3z+95w^2z+87w,False,False,"[[ 0 -1 -1  1  1 -1  0 -1  2],[ 1  0 -1  1  1 -1  1  0  2],[ 1  1  0  1  0 -2  2  0  0],[-1 -1 -1  0  0 -3  1  0  0],[-1 -1  0  0  0 -1  0 -1 -1],[ 1  1  2  3  1  0  0 -2  0],[ 0 -1 -2 -1  0  0  0  1  2],[ 1  0  0  0  1  2 -1  0  1],[-2 -2  0  0  1  0 -2 -1  0]]","[[ 0  2  1  1  0 -1 -1 -1 -1],[-2  0  1  0 -2  0  0 -1 -2],[-1 -1  0  0  0  0 -1 -1 -1],[-1  0  0  0  1 -1 -3  0 -1],[ 0  2  0 -1  0 -2  0  1 -1],[ 1  0  0  1  2  0 -2  0  1],[ 1  0  1  3  0  2  0 -2  1],[ 1  1  1  0 -1  0  2  0  0],[ 1  2  1  1  1 -1 -1  0  0]]",True,"[-2,-1,-1,0,1,1,1,1,-1,0,2,0,0,1,2,0,0,0,1,1,1,-1,1,3,0,1,2,0,-1,1,2,0,-1,2,-1,0]","[-2,-1,-1,0,1,1,1,1,-1,0,2,0,0,1,2,0,0,0,1,1,1,-1,1,3,0,1,2,0,-1,1,2,0,-1,2,-1,0]",t^8+41t^6+375t^4+120t^2,"[-1,-1,-1,-1,0,1,1,2,-2,-1,2,1,-1,1,3,-1,0,-1,1,2,3,0,0,1,1,1,2,2,1,2,2,1,0,0,1,2]","[-2,-1,-1,0,1,1,1,1,1,2,0,1,2,3,3,0,2,1,2,-1,1,1,1,1,1,2,0,2,1,-1,0,-1,-1,2,0,2]","[-1,-1,-1,-1,0,1,1,2,-2,0,1,2,0,1,0,-2,1,0,1,3,0,0,-1,1,0,1,1,1,1,2,0,-1,2,0,-1,0]",c,"[[{8, 1}, {2, 7}, {3, 6}, {4, 5}], [{8, 1}, {2, 7}, {4, 6}, {3, 5}], [{8, 1}, {2, 7}, {5, 6}, {3, 4}], [{8, 1}, {3, 7}, {2, 6}, {4, 5}], [{8, 1}, {3, 7}, {4, 6}, {2, 5}], [{8, 1}, {3, 7}, {5, 6}, {2, 4}], [{8, 1}, {3, 7}, {6}, {4, 5}, {2}], [{8, 1}, {4, 7}, {2, 6}, {3, 5}], [{8, 1}, {4, 7}, {3, 6}, {2, 5}], [{8, 1}, {4, 7}, {5, 6}, {2, 3}], [{8, 1}, {5, 7}, {2, 6}, {3, 4}], [{8, 1}, {5, 7}, {3, 6}, {2, 4}], [{8, 1}, {5, 7}, {4, 6}, {2, 3}], [{8, 1}, {5, 7}, {6}, {2, 4}, {3}], [{8, 1}, {6, 7}, {2, 5}, {3, 4}], [{8, 1}, {6, 7}, {3, 5}, {2, 4}], [{8, 1}, {6, 7}, {4, 5}, {2, 3}], [{8, 2}, {1, 7}, {3, 6}, {4, 5}], [{8, 2}, {1, 7}, {4, 6}, {3, 5}], [{8, 2}, {1, 7}, {5, 6}, {3, 4}], [{8, 2}, {3, 7}, {1, 6}, {4, 5}], [{8, 2}, {3, 7}, {4, 6}, {1, 5}], [{8, 2}, {3, 7}, {4, 6}, {5}, {1}], [{8, 2}, {3, 7}, {5, 6}, {1, 4}], [{8, 2}, {3, 7}, {5, 6}, {4}, {1}], [{8, 2}, {3, 7}, {6}, {4, 5}, {1}], [{8, 2}, {4, 7}, {1, 6}, {3, 5}], [{8, 2}, {4, 7}, {3, 6}, {1, 5}], [{8, 2}, {4, 7}, {5, 6}, {1, 3}], [{8, 2}, {5, 7}, {1, 6}, {3, 4}], [{8, 2}, {5, 7}, {3, 6}, {1, 4}], [{8, 2}, {5, 7}, {4, 6}, {1, 3}], [{8, 2}, {5, 7}, {6}, {1, 4}, {3}], [{8, 2}, {6, 7}, {1, 5}, {3, 4}], [{8, 2}, {6, 7}, {3, 5}, {1, 4}], [{8, 2}, {6, 7}, {4, 5}, {1, 3}], [{8, 3}, {1, 7}, {2, 6}, {4, 5}], [{8, 3}, {1, 7}, {4, 6}, {2, 5}], [{8, 3}, {1, 7}, {5, 6}, {2, 4}], [{8, 3}, {2, 7}, {1, 6}, {4, 5}], [{8, 3}, {2, 7}, {4, 6}, {1, 5}], [{8, 3}, {2, 7}, {4, 6}, {5}, {1}], [{8, 3}, {2, 7}, {5, 6}, {1, 4}], [{8, 3}, {2, 7}, {5, 6}, {4}, {1}], [{8, 3}, {2, 7}, {6}, {4, 5}, {1}], [{8, 3}, {4, 7}, {1, 6}, {2, 5}], [{8, 3}, {4, 7}, {2, 6}, {1, 5}], [{8, 3}, {4, 7}, {5, 6}, {1, 2}], [{8, 3}, {5, 7}, {1, 6}, {2, 4}], [{8, 3}, {5, 7}, {2, 6}, {1, 4}], [{8, 3}, {5, 7}, {2, 6}, {4}, {1}], [{8, 3}, {5, 7}, {4, 6}, {1, 2}], [{8, 3}, {6, 7}, {1, 5}, {2, 4}], [{8, 3}, {6, 7}, {2, 5}, {1, 4}], [{8, 3}, {6, 7}, {4, 5}, {1, 2}], [{8, 4}, {1, 7}, {2, 6}, {3, 5}], [{8, 4}, {1, 7}, {3, 6}, {2, 5}], [{8, 4}, {1, 7}, {5, 6}, {2, 3}], [{8, 4}, {1, 7}, {6}, {2, 5}, {3}], [{8, 4}, {2, 7}, {1, 6}, {3, 5}], [{8, 4}, {2, 7}, {3, 6}, {1, 5}], [{8, 4}, {2, 7}, {5, 6}, {1, 3}], [{8, 4}, {3, 7}, {1, 6}, {2, 5}], [{8, 4}, {3, 7}, {2, 6}, {1, 5}], [{8, 4}, {3, 7}, {5, 6}, {1, 2}], [{8, 4}, {3, 7}, {6}, {2, 5}, {1}], [{8, 4}, {5, 7}, {1, 6}, {2, 3}], [{8, 4}, {5, 7}, {1, 6}, {3}, {2}], [{8, 4}, {5, 7}, {2, 6}, {1, 3}], [{8, 4}, {5, 7}, {3, 6}, {1, 2}], [{8, 4}, {6, 7}, {1, 5}, {2, 3}], [{8, 4}, {6, 7}, {2, 5}, {1, 3}], [{8, 4}, {6, 7}, {3, 5}, {1, 2}], [{8, 4}, {7}, {2, 6}, {1, 5}, {3}], [{8, 4}, {7}, {6}, {2, 5}, {1, 3}], [{8, 5}, {1, 7}, {2, 6}, {3, 4}], [{8, 5}, {1, 7}, {3, 6}, {2, 4}], [{8, 5}, {1, 7}, {4, 6}, {2, 3}], [{8, 5}, {2, 7}, {1, 6}, {3, 4}], [{8, 5}, {2, 7}, {3, 6}, {1, 4}], [{8, 5}, {2, 7}, {4, 6}, {1, 3}], [{8, 5}, {2, 7}, {6}, {1, 4}, {3}], [{8, 5}, {3, 7}, {1, 6}, {2, 4}], [{8, 5}, {3, 7}, {2, 6}, {1, 4}], [{8, 5}, {3, 7}, {4, 6}, {1, 2}], [{8, 5}, {4, 7}, {1, 6}, {2, 3}], [{8, 5}, {4, 7}, {2, 6}, {1, 3}], [{8, 5}, {4, 7}, {3, 6}, {1, 2}], [{8, 5}, {6, 7}, {1, 4}, {2, 3}], [{8, 5}, {6, 7}, {2, 4}, {1, 3}], [{8, 5}, {6, 7}, {3, 4}, {1, 2}], [{8, 5}, {7}, {2, 6}, {3, 4}, {1}], [{8, 6}, {1, 7}, {2, 5}, {3, 4}], [{8, 6}, {1, 7}, {3, 5}, {2, 4}], [{8, 6}, {1, 7}, {4, 5}, {2, 3}], [{8, 6}, {2, 7}, {1, 5}, {3, 4}], [{8, 6}, {2, 7}, {3, 5}, {1, 4}], [{8, 6}, {2, 7}, {4, 5}, {1, 3}], [{8, 6}, {3, 7}, {1, 5}, {2, 4}], [{8, 6}, {3, 7}, {2, 5}, {1, 4}], [{8, 6}, {3, 7}, {4, 5}, {1, 2}], [{8, 6}, {4, 7}, {1, 5}, {2, 3}], [{8, 6}, {4, 7}, {2, 5}, {1, 3}], [{8, 6}, {4, 7}, {3, 5}, {1, 2}], [{8, 6}, {4, 7}, {5}, {1, 3}, {2}], [{8, 6}, {5, 7}, {1, 4}, {2, 3}], [{8, 6}, {5, 7}, {2, 4}, {1, 3}], [{8, 6}, {5, 7}, {3, 4}, {1, 2}], [{8, 6}, {5, 7}, {4}, {1, 3}, {2}], [{8, 6}, {7}, {4, 5}, {1, 3}, {2}], [{8, 7}, {1, 6}, {2, 5}, {3, 4}], [{8, 7}, {1, 6}, {3, 5}, {2, 4}], [{8, 7}, {1, 6}, {4, 5}, {2, 3}], [{8, 7}, {1, 6}, {4, 5}, {3}, {2}], [{8, 7}, {2, 6}, {1, 5}, {3, 4}], [{8, 7}, {2, 6}, {3, 5}, {1, 4}], [{8, 7}, {2, 6}, {4, 5}, {1, 3}], [{8, 7}, {3, 6}, {1, 5}, {2, 4}], [{8, 7}, {3, 6}, {2, 5}, {1, 4}], [{8, 7}, {3, 6}, {4, 5}, {1, 2}], [{8, 7}, {4, 6}, {1, 5}, {2, 3}], [{8, 7}, {4, 6}, {2, 5}, {1, 3}], [{8, 7}, {4, 6}, {3, 5}, {1, 2}], [{8, 7}, {5, 6}, {1, 4}, {2, 3}], [{8, 7}, {5, 6}, {2, 4}, {1, 3}], [{8, 7}, {5, 6}, {3, 4}, {1, 2}], [{8, 7}, {5, 6}, {3, 4}, {2}, {1}], [{8, 7}, {6}, {5}, {3, 4}, {1, 2}], [{8}, {3, 7}, {4, 6}, {1, 5}, {2}], [{8}, {3, 7}, {5, 6}, {1, 4}, {2}], [{8}, {3, 7}, {6}, {4, 5}, {1, 2}]]",2,- 8 K_1^4 + 20 K_1^3 + 16 K_1^2 K_2 - 16 K_1^2 - 16 K_1 K_2 - 6 K_1 K_3 - 7 K_1 + 7 K_2 + 3 K_3 + 8,O1O2O3O4U5U4U6O7U8O5O6U2U3O8U1U7,O1O2O3U2U4U5U6O7O6U8O4O5U1U3O8U7,O1O2O3U4O5U1U3O6O7U5O8O4U8U6U7U2,c,{'O1O2O3O4U5U4O6U2U3O7O8U6O5U7U1U8'},1,"<a href=""/flatknot/8.850797"">8.850797</a>",t^9-39t^7-66t^6+176t^5+332t^4-106t^3-172t^2-144t-150,-t^2+2t,,
8.850798,O1O2O3O4U5U4O6U2U3O7O8U6O5U8U1U7,3,12z^2+57z+67,-4w^4z^2+16w^3z^2-4w^3z+61w^2z+67w,False,False,"[[ 0 -1 -1  1  1 -1  0  1  0],[ 1  0 -1  1  1 -1  1  1  0],[ 1  1  0  1  0 -2  2  0  0],[-1 -1 -1  0  0 -3  1  0  0],[-1 -1  0  0  0 -1  0 -1 -1],[ 1  1  2  3  1  0  0 -1 -1],[ 0 -1 -2 -1  0  0  0  2  1],[-1 -1  0  0  1  1 -2  0  0],[ 0  0  0  0  1  1 -1  0  0]]","[[ 0  1  1  1  0  0 -1 -1 -1],[-1  0  1  0  0 -2  1  0 -1],[-1 -1  0  0 -1  0 -1  0 -1],[-1  0  0  0  0  1 -3 -1 -1],[ 0  0  1  0  0 -1  1  0  0],[ 0  2  0 -1  1  0  0 -2 -1],[ 1 -1  1  3 -1  0  0  2  1],[ 1  0  0  1  0  2 -2  0  1],[ 1  1  1  1  0  1 -1 -1  0]]",True,"[-1,-1,-1,0,0,1,1,1,-1,0,0,2,-1,0,1,0,1,0,1,0,1,0,-1,3,1,1,1,-1,0,0,0,2,1,-2,-1,-1]","[-1,-1,-1,0,0,1,1,1,-2,-1,1,2,-1,1,3,-1,-1,1,1,2,2,0,1,1,1,1,-1,2,1,-1,1,0,1,0,0,1]",t^8+35t^6+216t^4+108t^2,"[-1,-1,-1,0,0,1,1,1,-2,-1,1,2,-1,1,3,-1,-1,1,1,2,2,0,1,1,1,1,-1,2,1,-1,1,0,1,0,0,1]","[-1,-1,-1,0,0,1,1,1,-1,0,0,1,1,1,2,0,1,-1,1,3,2,1,2,1,-1,1,-1,1,2,1,0,1,-1,-1,-1,2]","[-1,-1,-1,0,0,1,1,1,-2,1,0,2,0,0,1,1,-1,0,-1,1,3,0,1,1,1,1,-1,0,1,0,2,0,-1,1,0,0]",c,"[[{8, 6}, {2, 7}, {3, 5}, {1, 4}]]",1,- 8 K_1^2 + 4 K_2 + 5,O1O2O3O4U5U4U6O7U8O6O5U2U3O8U1U7,O1O2O3U2U4U5U6O7O6U8O4O5U3U1O8U7,O1O2O3U4O5U3U1O6O7U5O8O4U8U6U7U2,c,"{'O1O2O3U4U3O5U1U2O6O7U5O4U8U6O8U7', 'O1O2O3O4U5U4O6U2U3O7O8U6O5U8U1U7'}",2,"<a href=""/flatknot/8.850798"">8.850798</a>",t^9-35t^7-54t^6+110t^5+152t^4-77t^3-36t^2+32t-32,0,,
8.850799,O1O2O3O4U5U4O6U2U3O7O8U7O5U1U6U8,3,8z^2+47z+63,-6w^4z^2+8w^4z+14w^3z^2-34w^3z+73w^2z+63w,False,False,"[[ 0 -2 -1  1  1 -1  1 -1  2],[ 2  0  0  2  1 -1  2  0  2],[ 1  0  0  1  0 -1  1  0  0],[-1 -2 -1  0  0 -2  0  0  0],[-1 -1  0  0  0 -1 -1  0 -1],[ 1  1  1  2  1  0  1 -1  0],[-1 -2 -1  0  1 -1  0  0  2],[ 1  0  0  0  0  1  0  0  1],[-2 -2  0  0  1  0 -2 -1  0]]","[[ 0  2  1  1  1 -1 -1 -1 -2],[-2  0  1  0 -2  0  0 -1 -2],[-1 -1  0  0 -1  0 -1  0 -1],[-1  0  0  0  0 -1 -2  0 -2],[-1  2  1  0  0 -1 -1  0 -2],[ 1  0  0  1  1  0 -1  0  0],[ 1  0  1  2  1  1  0 -1  1],[ 1  1  0  0  0  0  1  0  0],[ 2  2  1  2  2  0 -1  0  0]]",True,"[-2,-1,-1,-1,1,1,1,2,-1,0,2,0,0,1,2,0,1,0,1,0,1,0,1,2,0,2,1,1,0,2,1,0,0,1,-1,0]","[-2,-1,-1,-1,1,1,1,2,-1,0,0,1,2,2,2,-1,1,1,1,2,0,0,0,0,0,1,0,1,1,0,-1,0,-1,0,2,0]",t^8+31t^6+176t^4+38t^2,"[-2,-1,-1,-1,1,1,1,2,1,1,2,1,1,2,2,0,-1,2,2,2,2,1,1,1,2,3,0,1,1,3,0,0,1,-1,-1,2]","[-2,-1,-1,-1,1,1,1,2,-1,1,2,2,3,3,2,0,1,2,1,1,1,0,2,0,1,1,2,1,2,2,1,0,1,1,2,1]","[-2,-1,-1,-1,1,1,1,2,-1,0,0,1,2,2,2,-1,1,1,1,2,0,0,0,0,0,1,0,1,1,0,-1,0,-1,0,2,0]",c,"[[{8, 1}, {4, 7}, {5, 6}, {2, 3}], [{8, 1}, {6, 7}, {4, 5}, {2, 3}]]",1,- 16 K_1^4 + 32 K_1^3 + 16 K_1^2 K_2 - 16 K_1^2 - 28 K_1 K_2 - 4 K_1 K_3 - 10 K_1 + 10 K_2 + 6 K_3 + 11,O1O2O3O4U5U6U4O7U8O5O8U2U3O6U1U7,O1O2O3U1U4U5U6O7O6U2O4O5U8U3O8U7,O1O2O3U4O5U1U5O6O7U2O8O4U8U6U7U3,c,{'O1O2O3O4U5U4O6U2U3O7O8U7O5U1U6U8'},1,"<a href=""/flatknot/8.850799"">8.850799</a>",t^9-31t^7-44t^6+126t^5+154t^4-141t^3-116t^2,0,,
8.850800,O1O2O3O4U5U4O6U2U3O7O8U7O5U1U8U6,3,15z^2+76z+93,-4w^4z^2+19w^3z^2-12w^3z+88w^2z+93w,False,False,"[[ 0 -2 -1  1  1 -1  2 -1  1],[ 2  0  0  2  1 -1  3  0  1],[ 1  0  0  1  0 -1  1  0 -1],[-1 -2 -1  0  0 -2  0  0 -1],[-1 -1  0  0  0 -1 -1  0 -1],[ 1  1  1  2  1  0  1 -1  0],[-2 -3 -1  0  1 -1  0 -1  1],[ 1  0  0  0  0  1  1  0  1],[-1 -1  1  1  1  0 -1 -1  0]]","[[ 0  2  1  1  1 -1 -1 -1 -2],[-2  0  1  1  0 -1 -1 -1 -3],[-1 -1  0  1  1  1  0 -1 -1],[-1 -1 -1  0  0  0 -1  0 -1],[-1  0 -1  0  0 -1 -2  0 -2],[ 1  1 -1  0  1  0 -1  0  0],[ 1  1  0  1  2  1  0 -1  1],[ 1  1  1  0  0  0  1  0  0],[ 2  3  1  1  2  0 -1  0  0]]",True,"[-2,-1,-1,-1,1,1,1,2,-1,-1,0,1,1,1,3,-1,-1,-1,0,1,1,0,0,1,0,1,1,2,0,2,1,0,0,1,-1,0]","[-2,-1,-1,-1,1,1,1,2,-1,-1,0,1,1,1,3,-1,-1,-1,0,1,1,0,0,1,0,1,1,2,0,2,1,0,0,1,-1,0]",t^8+33t^6+216t^4+72t^2,"[-2,-1,-1,-1,1,1,1,2,1,1,2,1,2,2,1,0,-1,2,1,2,2,1,1,3,2,2,0,2,1,2,1,0,1,-1,2,2]","[-2,-1,-1,-1,1,1,1,2,1,2,2,2,2,2,1,-1,0,0,1,2,1,1,2,3,1,2,1,2,2,2,1,-1,2,0,1,1]","[-2,-1,-1,-1,1,1,1,2,-1,0,0,1,1,2,3,-1,1,0,1,2,1,0,1,0,0,1,-1,0,1,1,1,1,-1,0,-1,0]",c,"[[{8, 1}, {2, 7}, {3, 6}, {4, 5}], [{8, 1}, {2, 7}, {3, 6}, {5}, {4}], [{8, 1}, {2, 7}, {4, 6}, {3, 5}], [{8, 1}, {2, 7}, {5, 6}, {3, 4}], [{8, 1}, {3, 7}, {2, 6}, {4, 5}], [{8, 1}, {3, 7}, {2, 6}, {5}, {4}], [{8, 1}, {3, 7}, {4, 6}, {2, 5}], [{8, 1}, {3, 7}, {5, 6}, {2, 4}], [{8, 1}, {4, 7}, {2, 6}, {3, 5}], [{8, 1}, {4, 7}, {3, 6}, {2, 5}], [{8, 1}, {4, 7}, {5, 6}, {2, 3}], [{8, 1}, {5, 7}, {2, 6}, {3, 4}], [{8, 1}, {5, 7}, {2, 6}, {4}, {3}], [{8, 1}, {5, 7}, {3, 6}, {2, 4}], [{8, 1}, {5, 7}, {3, 6}, {4}, {2}], [{8, 1}, {5, 7}, {4, 6}, {2, 3}], [{8, 1}, {5, 7}, {4, 6}, {3}, {2}], [{8, 1}, {5, 7}, {6}, {2, 4}, {3}], [{8, 1}, {5, 7}, {6}, {3, 4}, {2}], [{8, 1}, {5, 7}, {6}, {4}, {2, 3}], [{8, 1}, {5, 7}, {6}, {4}, {3}, {2}], [{8, 1}, {6, 7}, {2, 5}, {3, 4}], [{8, 1}, {6, 7}, {3, 5}, {2, 4}], [{8, 1}, {6, 7}, {4, 5}, {2, 3}], [{8, 1}, {7}, {2, 6}, {3, 5}, {4}], [{8, 1}, {7}, {3, 6}, {2, 5}, {4}], [{8, 2}, {1, 7}, {3, 6}, {4, 5}], [{8, 2}, {1, 7}, {4, 6}, {3, 5}], [{8, 2}, {1, 7}, {5, 6}, {3, 4}], [{8, 2}, {3, 7}, {1, 6}, {4, 5}], [{8, 2}, {3, 7}, {4, 6}, {1, 5}], [{8, 2}, {3, 7}, {5, 6}, {1, 4}], [{8, 2}, {3, 7}, {6}, {5}, {1, 4}], [{8, 2}, {4, 7}, {1, 6}, {3, 5}], [{8, 2}, {4, 7}, {3, 6}, {1, 5}], [{8, 2}, {4, 7}, {5, 6}, {1, 3}], [{8, 2}, {5, 7}, {1, 6}, {3, 4}], [{8, 2}, {5, 7}, {1, 6}, {4}, {3}], [{8, 2}, {5, 7}, {3, 6}, {1, 4}], [{8, 2}, {5, 7}, {3, 6}, {4}, {1}], [{8, 2}, {5, 7}, {4, 6}, {1, 3}], [{8, 2}, {5, 7}, {4, 6}, {3}, {1}], [{8, 2}, {5, 7}, {6}, {1, 4}, {3}], [{8, 2}, {5, 7}, {6}, {3, 4}, {1}], [{8, 2}, {5, 7}, {6}, {4}, {1, 3}], [{8, 2}, {5, 7}, {6}, {4}, {3}, {1}], [{8, 2}, {6, 7}, {1, 5}, {3, 4}], [{8, 2}, {6, 7}, {3, 5}, {1, 4}], [{8, 2}, {6, 7}, {4, 5}, {1, 3}], [{8, 2}, {7}, {6}, {3, 5}, {1, 4}], [{8, 3}, {1, 7}, {2, 6}, {4, 5}], [{8, 3}, {1, 7}, {2, 6}, {5}, {4}], [{8, 3}, {1, 7}, {4, 6}, {2, 5}], [{8, 3}, {1, 7}, {5, 6}, {2, 4}], [{8, 3}, {2, 7}, {1, 6}, {4, 5}], [{8, 3}, {2, 7}, {4, 6}, {1, 5}], [{8, 3}, {2, 7}, {5, 6}, {1, 4}], [{8, 3}, {4, 7}, {1, 6}, {2, 5}], [{8, 3}, {4, 7}, {2, 6}, {1, 5}], [{8, 3}, {4, 7}, {5, 6}, {1, 2}], [{8, 3}, {5, 7}, {1, 6}, {2, 4}], [{8, 3}, {5, 7}, {1, 6}, {4}, {2}], [{8, 3}, {5, 7}, {2, 6}, {1, 4}], [{8, 3}, {5, 7}, {2, 6}, {4}, {1}], [{8, 3}, {5, 7}, {4, 6}, {1, 2}], [{8, 3}, {5, 7}, {4, 6}, {2}, {1}], [{8, 3}, {5, 7}, {6}, {1, 4}, {2}], [{8, 3}, {5, 7}, {6}, {2, 4}, {1}], [{8, 3}, {5, 7}, {6}, {4}, {1, 2}], [{8, 3}, {5, 7}, {6}, {4}, {2}, {1}], [{8, 3}, {6, 7}, {1, 5}, {2, 4}], [{8, 3}, {6, 7}, {2, 5}, {1, 4}], [{8, 3}, {6, 7}, {4, 5}, {1, 2}], [{8, 3}, {6, 7}, {5}, {4}, {1, 2}], [{8, 3}, {7}, {2, 6}, {1, 5}, {4}], [{8, 3}, {7}, {5, 6}, {4}, {1, 2}], [{8, 4}, {1, 7}, {2, 6}, {3, 5}], [{8, 4}, {1, 7}, {2, 6}, {5}, {3}], [{8, 4}, {1, 7}, {3, 6}, {2, 5}], [{8, 4}, {1, 7}, {5, 6}, {2, 3}], [{8, 4}, {2, 7}, {1, 6}, {3, 5}], [{8, 4}, {2, 7}, {3, 6}, {1, 5}], [{8, 4}, {2, 7}, {5, 6}, {1, 3}], [{8, 4}, {3, 7}, {1, 6}, {2, 5}], [{8, 4}, {3, 7}, {2, 6}, {1, 5}], [{8, 4}, {3, 7}, {5, 6}, {1, 2}], [{8, 4}, {3, 7}, {5, 6}, {2}, {1}], [{8, 4}, {3, 7}, {6}, {5}, {1, 2}], [{8, 4}, {5, 7}, {1, 6}, {2, 3}], [{8, 4}, {5, 7}, {1, 6}, {3}, {2}], [{8, 4}, {5, 7}, {2, 6}, {1, 3}], [{8, 4}, {5, 7}, {2, 6}, {3}, {1}], [{8, 4}, {5, 7}, {3, 6}, {1, 2}], [{8, 4}, {5, 7}, {3, 6}, {2}, {1}], [{8, 4}, {5, 7}, {6}, {1, 3}, {2}], [{8, 4}, {5, 7}, {6}, {2, 3}, {1}], [{8, 4}, {5, 7}, {6}, {3}, {1, 2}], [{8, 4}, {5, 7}, {6}, {3}, {2}, {1}], [{8, 4}, {6, 7}, {1, 5}, {2, 3}], [{8, 4}, {6, 7}, {2, 5}, {1, 3}], [{8, 4}, {6, 7}, {3, 5}, {1, 2}], [{8, 4}, {6, 7}, {3, 5}, {2}, {1}], [{8, 4}, {6, 7}, {5}, {3}, {1, 2}], [{8, 4}, {7}, {2, 6}, {1, 5}, {3}], [{8, 4}, {7}, {3, 6}, {5}, {1, 2}], [{8, 4}, {7}, {5, 6}, {3}, {1, 2}], [{8, 4}, {7}, {6}, {3, 5}, {1, 2}], [{8, 5}, {1, 7}, {2, 6}, {3, 4}], [{8, 5}, {1, 7}, {2, 6}, {4}, {3}], [{8, 5}, {1, 7}, {3, 6}, {2, 4}], [{8, 5}, {1, 7}, {4, 6}, {2, 3}], [{8, 5}, {2, 7}, {1, 6}, {3, 4}], [{8, 5}, {2, 7}, {3, 6}, {1, 4}], [{8, 5}, {2, 7}, {4, 6}, {1, 3}], [{8, 5}, {3, 7}, {1, 6}, {2, 4}], [{8, 5}, {3, 7}, {2, 6}, {1, 4}], [{8, 5}, {3, 7}, {2, 6}, {4}, {1}], [{8, 5}, {3, 7}, {4, 6}, {1, 2}], [{8, 5}, {4, 7}, {1, 6}, {2, 3}], [{8, 5}, {4, 7}, {2, 6}, {1, 3}], [{8, 5}, {4, 7}, {3, 6}, {1, 2}], [{8, 5}, {6, 7}, {1, 4}, {2, 3}], [{8, 5}, {6, 7}, {2, 4}, {1, 3}], [{8, 5}, {6, 7}, {3, 4}, {1, 2}], [{8, 5}, {6, 7}, {4}, {3}, {1, 2}], [{8, 5}, {7}, {2, 6}, {4}, {1, 3}], [{8, 6}, {1, 7}, {2, 5}, {3, 4}], [{8, 6}, {1, 7}, {3, 5}, {2, 4}], [{8, 6}, {1, 7}, {4, 5}, {2, 3}], [{8, 6}, {2, 7}, {1, 5}, {3, 4}], [{8, 6}, {2, 7}, {3, 5}, {1, 4}], [{8, 6}, {2, 7}, {4, 5}, {1, 3}], [{8, 6}, {3, 7}, {1, 5}, {2, 4}], [{8, 6}, {3, 7}, {2, 5}, {1, 4}], [{8, 6}, {3, 7}, {4, 5}, {1, 2}], [{8, 6}, {3, 7}, {4, 5}, {2}, {1}], [{8, 6}, {4, 7}, {1, 5}, {2, 3}], [{8, 6}, {4, 7}, {2, 5}, {1, 3}], [{8, 6}, {4, 7}, {3, 5}, {1, 2}], [{8, 6}, {4, 7}, {3, 5}, {2}, {1}], [{8, 6}, {5, 7}, {1, 4}, {2, 3}], [{8, 6}, {5, 7}, {1, 4}, {3}, {2}], [{8, 6}, {5, 7}, {2, 4}, {1, 3}], [{8, 6}, {5, 7}, {2, 4}, {3}, {1}], [{8, 6}, {5, 7}, {3, 4}, {1, 2}], [{8, 6}, {5, 7}, {3, 4}, {2}, {1}], [{8, 6}, {5, 7}, {4}, {1, 3}, {2}], [{8, 6}, {5, 7}, {4}, {2, 3}, {1}], [{8, 6}, {5, 7}, {4}, {3}, {1, 2}], [{8, 6}, {5, 7}, {4}, {3}, {2}, {1}], [{8, 7}, {1, 6}, {2, 5}, {3, 4}], [{8, 7}, {1, 6}, {3, 5}, {2, 4}], [{8, 7}, {1, 6}, {4, 5}, {2, 3}], [{8, 7}, {2, 6}, {1, 5}, {3, 4}], [{8, 7}, {2, 6}, {1, 5}, {4}, {3}], [{8, 7}, {2, 6}, {3, 5}, {1, 4}], [{8, 7}, {2, 6}, {3, 5}, {4}, {1}], [{8, 7}, {2, 6}, {4, 5}, {1, 3}], [{8, 7}, {2, 6}, {5}, {4}, {1, 3}], [{8, 7}, {3, 6}, {1, 5}, {2, 4}], [{8, 7}, {3, 6}, {2, 5}, {1, 4}], [{8, 7}, {3, 6}, {4, 5}, {1, 2}], [{8, 7}, {4, 6}, {1, 5}, {2, 3}], [{8, 7}, {4, 6}, {2, 5}, {1, 3}], [{8, 7}, {4, 6}, {3, 5}, {1, 2}], [{8, 7}, {5, 6}, {1, 4}, {2, 3}], [{8, 7}, {5, 6}, {2, 4}, {1, 3}], [{8, 7}, {5, 6}, {3, 4}, {1, 2}], [{8, 7}, {5, 6}, {4}, {3}, {1, 2}], [{8}, {1, 7}, {2, 6}, {3, 5}, {4}], [{8}, {1, 7}, {2, 6}, {4, 5}, {3}], [{8}, {1, 7}, {2, 6}, {5}, {3, 4}], [{8}, {1, 7}, {2, 6}, {5}, {4}, {3}], [{8}, {3, 7}, {2, 6}, {1, 5}, {4}], [{8}, {3, 7}, {5, 6}, {4}, {1, 2}], [{8}, {4, 7}, {2, 6}, {1, 5}, {3}], [{8}, {4, 7}, {5, 6}, {1, 3}, {2}], [{8}, {4, 7}, {5, 6}, {2, 3}, {1}], [{8}, {4, 7}, {5, 6}, {3}, {1, 2}], [{8}, {5, 7}, {1, 6}, {2, 4}, {3}], [{8}, {5, 7}, {1, 6}, {3, 4}, {2}], [{8}, {5, 7}, {1, 6}, {4}, {2, 3}], [{8}, {5, 7}, {1, 6}, {4}, {3}, {2}], [{8}, {5, 7}, {2, 6}, {1, 4}, {3}], [{8}, {5, 7}, {2, 6}, {3, 4}, {1}], [{8}, {5, 7}, {2, 6}, {4}, {1, 3}], [{8}, {5, 7}, {2, 6}, {4}, {3}, {1}], [{8}, {5, 7}, {3, 6}, {1, 4}, {2}], [{8}, {5, 7}, {3, 6}, {2, 4}, {1}], [{8}, {5, 7}, {3, 6}, {4}, {1, 2}], [{8}, {5, 7}, {3, 6}, {4}, {2}, {1}], [{8}, {5, 7}, {4, 6}, {1, 3}, {2}], [{8}, {5, 7}, {4, 6}, {2, 3}, {1}], [{8}, {5, 7}, {4, 6}, {3}, {1, 2}], [{8}, {5, 7}, {4, 6}, {3}, {2}, {1}], [{8}, {5, 7}, {6}, {1, 4}, {2, 3}], [{8}, {5, 7}, {6}, {1, 4}, {3}, {2}], [{8}, {5, 7}, {6}, {2, 4}, {1, 3}], [{8}, {5, 7}, {6}, {2, 4}, {3}, {1}], [{8}, {5, 7}, {6}, {3, 4}, {1, 2}], [{8}, {5, 7}, {6}, {3, 4}, {2}, {1}], [{8}, {5, 7}, {6}, {4}, {1, 3}, {2}], [{8}, {5, 7}, {6}, {4}, {2, 3}, {1}], [{8}, {5, 7}, {6}, {4}, {3}, {1, 2}], [{8}, {5, 7}, {6}, {4}, {3}, {2}, {1}], [{8}, {6, 7}, {3, 5}, {4}, {1, 2}], [{8}, {6, 7}, {4, 5}, {1, 3}, {2}], [{8}, {6, 7}, {4, 5}, {2, 3}, {1}], [{8}, {6, 7}, {4, 5}, {3}, {1, 2}], [{8}, {6, 7}, {5}, {3, 4}, {1, 2}], [{8}, {6, 7}, {5}, {4}, {3}, {1, 2}], [{8}, {7}, {2, 6}, {1, 5}, {3, 4}], [{8}, {7}, {2, 6}, {1, 5}, {4}, {3}], [{8}, {7}, {5, 6}, {3, 4}, {1, 2}], [{8}, {7}, {5, 6}, {4}, {3}, {1, 2}]]",2,20 K_1^3 + 16 K_1^2 K_2 - 32 K_1^2 - 20 K_1 K_2 - 8 K_1 K_3 - 5 K_1 + 12 K_2 + 5 K_3 + 13,O1O2O3O4U5U6U4O7U8O6O8U2U3O5U1U7,O1O2O3U1U4U5U6O7O6U3O4O5U8U2O8U7,O1O2O3U4O5U2U5O6O7U1O8O4U8U6U7U3,c,{'O1O2O3O4U5U4O6U2U3O7O8U7O5U1U8U6'},1,"<a href=""/flatknot/8.850800"">8.850800</a>",t^9-33t^7-48t^6+82t^5+4t^4-69t^3+4t^2+12t,0,,
8.850801,O1O2O3O4U5U4O6U2U3O7O8U7O5U6U1U8,3,14z^2+55z+55,-4w^4z^2+18w^3z^2-4w^3z+59w^2z+55w,False,False,"[[ 0 -1 -1  1  1 -1  0 -1  2],[ 1  0 -1  1  1 -1  1  0  2],[ 1  1  0  1  0 -1  1  0  0],[-1 -1 -1  0  0 -2  0  0  0],[-1 -1  0  0  0 -1 -1  0 -1],[ 1  1  1  2  1  0  0 -1  0],[ 0 -1 -1  0  1  0  0  0  2],[ 1  0  0  0  0  1  0  0  1],[-2 -2  0  0  1  0 -2 -1  0]]","[[ 0  2  1  1  0 -1 -1 -1 -1],[-2  0  1  0 -2  0  0 -1 -2],[-1 -1  0  0 -1  0 -1  0 -1],[-1  0  0  0  0 -1 -2  0 -1],[ 0  2  1  0  0 -1  0  0 -1],[ 1  0  0  1  1  0 -1  0  1],[ 1  0  1  2  0  1  0 -1  1],[ 1  1  0  0  0  0  1  0  0],[ 1  2  1  1  1 -1 -1  0  0]]",True,"[-2,-1,-1,0,1,1,1,1,-1,0,2,0,0,1,2,0,1,0,1,0,1,0,1,2,0,1,1,0,0,1,1,0,-1,1,-1,0]","[-2,-1,-1,0,1,1,1,1,-1,0,2,0,0,1,2,0,1,0,1,0,1,0,1,2,0,1,1,0,0,1,1,0,-1,1,-1,0]",t^8+25t^6+144t^4+17t^2,"[-1,-1,-1,-1,0,1,1,2,-1,-1,1,1,0,1,3,-1,0,0,1,2,3,0,0,1,1,1,1,2,2,2,1,0,0,0,1,2]","[-2,-1,-1,0,1,1,1,1,1,2,0,1,2,3,3,0,1,1,2,0,1,0,1,2,1,2,0,1,1,0,0,-1,-1,1,0,1]","[-1,-1,-1,-1,0,1,1,2,-1,-1,0,1,1,1,2,-1,0,1,0,1,0,-1,0,1,2,0,0,0,0,1,1,0,2,0,-1,0]",c,"[[{8, 1}, {2, 7}, {3, 6}, {4, 5}], [{8, 1}, {2, 7}, {4, 6}, {3, 5}], [{8, 1}, {2, 7}, {5, 6}, {3, 4}], [{8, 1}, {2, 7}, {6}, {4, 5}, {3}], [{8, 1}, {3, 7}, {2, 6}, {4, 5}], [{8, 1}, {3, 7}, {4, 6}, {2, 5}], [{8, 1}, {3, 7}, {4, 6}, {5}, {2}], [{8, 1}, {3, 7}, {5, 6}, {2, 4}], [{8, 1}, {3, 7}, {6}, {2, 5}, {4}], [{8, 1}, {4, 7}, {2, 6}, {3, 5}], [{8, 1}, {4, 7}, {3, 6}, {2, 5}], [{8, 1}, {4, 7}, {3, 6}, {5}, {2}], [{8, 1}, {4, 7}, {5, 6}, {2, 3}], [{8, 1}, {4, 7}, {5, 6}, {3}, {2}], [{8, 1}, {4, 7}, {6}, {3, 5}, {2}], [{8, 1}, {5, 7}, {2, 6}, {3, 4}], [{8, 1}, {5, 7}, {3, 6}, {2, 4}], [{8, 1}, {5, 7}, {4, 6}, {2, 3}], [{8, 1}, {5, 7}, {6}, {2, 4}, {3}], [{8, 1}, {6, 7}, {2, 5}, {3, 4}], [{8, 1}, {6, 7}, {3, 5}, {2, 4}], [{8, 1}, {6, 7}, {4, 5}, {2, 3}], [{8, 1}, {7}, {4, 6}, {2, 5}, {3}], [{8, 2}, {1, 7}, {3, 6}, {4, 5}], [{8, 2}, {1, 7}, {4, 6}, {3, 5}], [{8, 2}, {1, 7}, {4, 6}, {5}, {3}], [{8, 2}, {1, 7}, {5, 6}, {3, 4}], [{8, 2}, {1, 7}, {5, 6}, {4}, {3}], [{8, 2}, {1, 7}, {6}, {4, 5}, {3}], [{8, 2}, {3, 7}, {1, 6}, {4, 5}], [{8, 2}, {3, 7}, {1, 6}, {5}, {4}], [{8, 2}, {3, 7}, {4, 6}, {1, 5}], [{8, 2}, {3, 7}, {5, 6}, {1, 4}], [{8, 2}, {3, 7}, {5, 6}, {4}, {1}], [{8, 2}, {3, 7}, {6}, {1, 5}, {4}], [{8, 2}, {4, 7}, {1, 6}, {3, 5}], [{8, 2}, {4, 7}, {3, 6}, {1, 5}], [{8, 2}, {4, 7}, {3, 6}, {5}, {1}], [{8, 2}, {4, 7}, {5, 6}, {1, 3}], [{8, 2}, {4, 7}, {5, 6}, {3}, {1}], [{8, 2}, {4, 7}, {6}, {3, 5}, {1}], [{8, 2}, {5, 7}, {1, 6}, {3, 4}], [{8, 2}, {5, 7}, {3, 6}, {1, 4}], [{8, 2}, {5, 7}, {4, 6}, {1, 3}], [{8, 2}, {5, 7}, {6}, {1, 4}, {3}], [{8, 2}, {6, 7}, {1, 5}, {3, 4}], [{8, 2}, {6, 7}, {3, 5}, {1, 4}], [{8, 2}, {6, 7}, {4, 5}, {1, 3}], [{8, 2}, {6, 7}, {5}, {1, 4}, {3}], [{8, 2}, {7}, {5, 6}, {1, 4}, {3}], [{8, 2}, {7}, {5, 6}, {3, 4}, {1}], [{8, 2}, {7}, {5, 6}, {4}, {1, 3}], [{8, 2}, {7}, {5, 6}, {4}, {3}, {1}], [{8, 3}, {1, 7}, {2, 6}, {4, 5}], [{8, 3}, {1, 7}, {4, 6}, {2, 5}], [{8, 3}, {1, 7}, {4, 6}, {5}, {2}], [{8, 3}, {1, 7}, {5, 6}, {2, 4}], [{8, 3}, {1, 7}, {6}, {2, 5}, {4}], [{8, 3}, {2, 7}, {1, 6}, {4, 5}], [{8, 3}, {2, 7}, {1, 6}, {5}, {4}], [{8, 3}, {2, 7}, {4, 6}, {1, 5}], [{8, 3}, {2, 7}, {5, 6}, {1, 4}], [{8, 3}, {2, 7}, {5, 6}, {4}, {1}], [{8, 3}, {2, 7}, {6}, {1, 5}, {4}], [{8, 3}, {4, 7}, {1, 6}, {2, 5}], [{8, 3}, {4, 7}, {2, 6}, {1, 5}], [{8, 3}, {4, 7}, {2, 6}, {5}, {1}], [{8, 3}, {4, 7}, {5, 6}, {1, 2}], [{8, 3}, {5, 7}, {1, 6}, {2, 4}], [{8, 3}, {5, 7}, {2, 6}, {1, 4}], [{8, 3}, {5, 7}, {2, 6}, {4}, {1}], [{8, 3}, {5, 7}, {4, 6}, {1, 2}], [{8, 3}, {6, 7}, {1, 5}, {2, 4}], [{8, 3}, {6, 7}, {2, 5}, {1, 4}], [{8, 3}, {6, 7}, {4, 5}, {1, 2}], [{8, 3}, {6, 7}, {5}, {1, 4}, {2}], [{8, 3}, {7}, {2, 6}, {4, 5}, {1}], [{8, 3}, {7}, {4, 6}, {2, 5}, {1}], [{8, 4}, {1, 7}, {2, 6}, {3, 5}], [{8, 4}, {1, 7}, {3, 6}, {2, 5}], [{8, 4}, {1, 7}, {5, 6}, {2, 3}], [{8, 4}, {2, 7}, {1, 6}, {3, 5}], [{8, 4}, {2, 7}, {3, 6}, {1, 5}], [{8, 4}, {2, 7}, {5, 6}, {1, 3}], [{8, 4}, {3, 7}, {1, 6}, {2, 5}], [{8, 4}, {3, 7}, {2, 6}, {1, 5}], [{8, 4}, {3, 7}, {2, 6}, {5}, {1}], [{8, 4}, {3, 7}, {5, 6}, {1, 2}], [{8, 4}, {5, 7}, {1, 6}, {2, 3}], [{8, 4}, {5, 7}, {2, 6}, {1, 3}], [{8, 4}, {5, 7}, {2, 6}, {3}, {1}], [{8, 4}, {5, 7}, {3, 6}, {1, 2}], [{8, 4}, {6, 7}, {1, 5}, {2, 3}], [{8, 4}, {6, 7}, {2, 5}, {1, 3}], [{8, 4}, {6, 7}, {3, 5}, {1, 2}], [{8, 4}, {7}, {2, 6}, {3, 5}, {1}], [{8, 5}, {1, 7}, {2, 6}, {3, 4}], [{8, 5}, {1, 7}, {2, 6}, {4}, {3}], [{8, 5}, {1, 7}, {3, 6}, {2, 4}], [{8, 5}, {1, 7}, {4, 6}, {2, 3}], [{8, 5}, {1, 7}, {4, 6}, {3}, {2}], [{8, 5}, {1, 7}, {6}, {2, 4}, {3}], [{8, 5}, {2, 7}, {1, 6}, {3, 4}], [{8, 5}, {2, 7}, {3, 6}, {1, 4}], [{8, 5}, {2, 7}, {4, 6}, {1, 3}], [{8, 5}, {2, 7}, {6}, {1, 4}, {3}], [{8, 5}, {3, 7}, {1, 6}, {2, 4}], [{8, 5}, {3, 7}, {2, 6}, {1, 4}], [{8, 5}, {3, 7}, {2, 6}, {4}, {1}], [{8, 5}, {3, 7}, {4, 6}, {1, 2}], [{8, 5}, {4, 7}, {1, 6}, {2, 3}], [{8, 5}, {4, 7}, {2, 6}, {1, 3}], [{8, 5}, {4, 7}, {2, 6}, {3}, {1}], [{8, 5}, {4, 7}, {3, 6}, {1, 2}], [{8, 5}, {6, 7}, {1, 4}, {2, 3}], [{8, 5}, {6, 7}, {1, 4}, {3}, {2}], [{8, 5}, {6, 7}, {2, 4}, {1, 3}], [{8, 5}, {6, 7}, {3, 4}, {1, 2}], [{8, 5}, {7}, {2, 6}, {1, 4}, {3}], [{8, 5}, {7}, {2, 6}, {3, 4}, {1}], [{8, 5}, {7}, {2, 6}, {4}, {1, 3}], [{8, 5}, {7}, {2, 6}, {4}, {3}, {1}], [{8, 6}, {1, 7}, {2, 5}, {3, 4}], [{8, 6}, {1, 7}, {3, 5}, {2, 4}], [{8, 6}, {1, 7}, {4, 5}, {2, 3}], [{8, 6}, {2, 7}, {1, 5}, {3, 4}], [{8, 6}, {2, 7}, {3, 5}, {1, 4}], [{8, 6}, {2, 7}, {4, 5}, {1, 3}], [{8, 6}, {3, 7}, {1, 5}, {2, 4}], [{8, 6}, {3, 7}, {2, 5}, {1, 4}], [{8, 6}, {3, 7}, {4, 5}, {1, 2}], [{8, 6}, {3, 7}, {5}, {1, 4}, {2}], [{8, 6}, {4, 7}, {1, 5}, {2, 3}], [{8, 6}, {4, 7}, {1, 5}, {3}, {2}], [{8, 6}, {4, 7}, {2, 5}, {1, 3}], [{8, 6}, {4, 7}, {3, 5}, {1, 2}], [{8, 6}, {4, 7}, {3, 5}, {2}, {1}], [{8, 6}, {4, 7}, {5}, {1, 3}, {2}], [{8, 6}, {5, 7}, {1, 4}, {2, 3}], [{8, 6}, {5, 7}, {2, 4}, {1, 3}], [{8, 6}, {5, 7}, {2, 4}, {3}, {1}], [{8, 6}, {5, 7}, {3, 4}, {1, 2}], [{8, 7}, {1, 6}, {2, 5}, {3, 4}], [{8, 7}, {1, 6}, {3, 5}, {2, 4}], [{8, 7}, {1, 6}, {4, 5}, {2, 3}], [{8, 7}, {1, 6}, {5}, {4}, {2, 3}], [{8, 7}, {2, 6}, {1, 5}, {3, 4}], [{8, 7}, {2, 6}, {3, 5}, {1, 4}], [{8, 7}, {2, 6}, {3, 5}, {4}, {1}], [{8, 7}, {2, 6}, {4, 5}, {1, 3}], [{8, 7}, {2, 6}, {4, 5}, {3}, {1}], [{8, 7}, {2, 6}, {5}, {3, 4}, {1}], [{8, 7}, {3, 6}, {1, 5}, {2, 4}], [{8, 7}, {3, 6}, {2, 5}, {1, 4}], [{8, 7}, {3, 6}, {4, 5}, {1, 2}], [{8, 7}, {3, 6}, {5}, {1, 4}, {2}], [{8, 7}, {4, 6}, {1, 5}, {2, 3}], [{8, 7}, {4, 6}, {2, 5}, {1, 3}], [{8, 7}, {4, 6}, {2, 5}, {3}, {1}], [{8, 7}, {4, 6}, {3, 5}, {1, 2}], [{8, 7}, {4, 6}, {5}, {1, 3}, {2}], [{8, 7}, {5, 6}, {1, 4}, {2, 3}], [{8, 7}, {5, 6}, {2, 4}, {1, 3}], [{8, 7}, {5, 6}, {3, 4}, {1, 2}], [{8, 7}, {5, 6}, {4}, {2, 3}, {1}], [{8, 7}, {6}, {1, 5}, {4}, {2, 3}], [{8, 7}, {6}, {2, 5}, {4}, {1, 3}], [{8}, {1, 7}, {4, 6}, {2, 5}, {3}], [{8}, {1, 7}, {4, 6}, {3, 5}, {2}], [{8}, {1, 7}, {4, 6}, {5}, {2, 3}], [{8}, {1, 7}, {4, 6}, {5}, {3}, {2}], [{8}, {3, 7}, {2, 6}, {4, 5}, {1}], [{8}, {3, 7}, {4, 6}, {2, 5}, {1}], [{8}, {4, 7}, {1, 6}, {3, 5}, {2}], [{8}, {4, 7}, {2, 6}, {3, 5}, {1}], [{8}, {4, 7}, {3, 6}, {5}, {1, 2}], [{8}, {4, 7}, {5, 6}, {3}, {1, 2}], [{8}, {4, 7}, {6}, {3, 5}, {1, 2}], [{8}, {4, 7}, {6}, {3, 5}, {2}, {1}], [{8}, {5, 7}, {1, 6}, {2, 4}, {3}], [{8}, {5, 7}, {2, 6}, {3, 4}, {1}], [{8}, {6, 7}, {2, 5}, {1, 4}, {3}], [{8}, {6, 7}, {3, 5}, {1, 4}, {2}], [{8}, {6, 7}, {5}, {1, 4}, {2, 3}], [{8}, {6, 7}, {5}, {1, 4}, {3}, {2}], [{8}, {7}, {4, 6}, {2, 5}, {1, 3}]]",2,8 K_1^3 - 10 K_1^2 - 12 K_1 K_2 + 5 K_2 + 4 K_3 + 6,O1O2O3O4U5U4U6O7U8O5O8U2U3O6U1U7,O1O2O3U2U4U5U6O7O6U1O4O5U8U3O8U7,O1O2O3U4O5U1U5O6O7U3O8O4U8U6U7U2,c,"{'O1O2O3O4U5U4O6U2U3O7O8U7O5U6U1U8', 'O1O2O3O4U5U4U1O6U3O7O8U7O5U2U6U8'}",2,"<a href=""/flatknot/8.850801"">8.850801</a>",t^9-23t^7-38t^6+79t^5+232t^4+111t^3-82t^2-68t,-t^2+2t,,
8.850802,O1O2O3O4U5U4O6U2U3O7O8U7O5U8U1U6,3,8z^2+51z+71,-6w^4z^2+8w^4z+14w^3z^2-34w^3z+77w^2z+71w,False,False,"[[ 0 -1 -1  1  1 -1  2 -1  0],[ 1  0  0  2  1 -1  2 -1  0],[ 1  0  0  1  0 -1  1  0 -1],[-1 -2 -1  0  0 -2  0  0 -1],[-1 -1  0  0  0 -1 -1  0 -1],[ 1  1  1  2  1  0  1 -1 -1],[-2 -2 -1  0  1 -1  0 -1  1],[ 1  1  0  0  0  1  1  0  1],[ 0  0  1  1  1  1 -1 -1  0]]","[[ 0  2  1  1  0 -1 -1 -1 -1],[-2  0  1  0  1 -1 -1 -1 -2],[-1 -1  0  0 -1  0  0 -1 -1],[-1  0  0  0 -1  0 -1 -2 -2],[ 0 -1  1  1  0 -1  1  1  0],[ 1  1  0  0  1  0  0  1  1],[ 1  1  0  1 -1  0  0 -1  0],[ 1  1  1  2 -1 -1  1  0  1],[ 1  2  1  2  0 -1  0 -1  0]]",True,"[-2,-1,-1,0,1,1,1,1,-1,0,-1,1,1,1,2,0,1,0,0,1,1,1,0,1,2,2,1,-1,-1,0,0,-1,-1,1,0,-1]","[-2,-1,-1,0,1,1,1,1,-1,0,-1,1,1,1,2,0,1,0,0,1,1,1,0,1,2,2,1,-1,-1,0,0,-1,-1,1,0,-1]",t^8+29t^6+160t^4+14t^2,"[-1,-1,-1,-1,0,1,1,2,-1,-1,0,0,2,2,2,-1,-1,2,0,1,2,0,1,0,1,1,2,1,2,2,0,0,3,0,1,2]","[-2,-1,-1,0,1,1,1,1,1,2,3,1,2,2,2,0,0,0,0,1,2,0,1,1,2,2,1,2,2,0,-1,0,-1,1,-1,0]","[-1,-1,-1,-1,0,1,1,2,-1,-1,0,0,1,2,2,-1,1,-1,1,2,1,0,1,0,0,1,-1,0,1,1,1,1,-1,0,-1,0]",c,"[[{8, 1}, {2, 7}, {3, 6}, {4, 5}], [{8, 1}, {2, 7}, {4, 6}, {3, 5}], [{8, 1}, {2, 7}, {5, 6}, {3, 4}], [{8, 1}, {3, 7}, {2, 6}, {4, 5}], [{8, 1}, {3, 7}, {4, 6}, {2, 5}], [{8, 1}, {3, 7}, {4, 6}, {5}, {2}], [{8, 1}, {3, 7}, {5, 6}, {2, 4}], [{8, 1}, {4, 7}, {2, 6}, {3, 5}], [{8, 1}, {4, 7}, {2, 6}, {5}, {3}], [{8, 1}, {4, 7}, {3, 6}, {2, 5}], [{8, 1}, {4, 7}, {3, 6}, {5}, {2}], [{8, 1}, {4, 7}, {5, 6}, {2, 3}], [{8, 1}, {4, 7}, {5, 6}, {3}, {2}], [{8, 1}, {4, 7}, {6}, {2, 5}, {3}], [{8, 1}, {4, 7}, {6}, {3, 5}, {2}], [{8, 1}, {4, 7}, {6}, {5}, {2, 3}], [{8, 1}, {5, 7}, {2, 6}, {3, 4}], [{8, 1}, {5, 7}, {3, 6}, {2, 4}], [{8, 1}, {5, 7}, {4, 6}, {2, 3}], [{8, 1}, {5, 7}, {6}, {2, 4}, {3}], [{8, 1}, {6, 7}, {2, 5}, {3, 4}], [{8, 1}, {6, 7}, {3, 5}, {2, 4}], [{8, 1}, {6, 7}, {4, 5}, {2, 3}], [{8, 1}, {7}, {2, 6}, {3, 5}, {4}], [{8, 1}, {7}, {3, 6}, {2, 5}, {4}], [{8, 1}, {7}, {5, 6}, {4}, {2, 3}], [{8, 2}, {1, 7}, {3, 6}, {4, 5}], [{8, 2}, {1, 7}, {4, 6}, {3, 5}], [{8, 2}, {1, 7}, {5, 6}, {3, 4}], [{8, 2}, {3, 7}, {1, 6}, {4, 5}], [{8, 2}, {3, 7}, {4, 6}, {1, 5}], [{8, 2}, {3, 7}, {5, 6}, {1, 4}], [{8, 2}, {3, 7}, {6}, {5}, {1, 4}], [{8, 2}, {4, 7}, {1, 6}, {3, 5}], [{8, 2}, {4, 7}, {1, 6}, {5}, {3}], [{8, 2}, {4, 7}, {3, 6}, {1, 5}], [{8, 2}, {4, 7}, {3, 6}, {5}, {1}], [{8, 2}, {4, 7}, {5, 6}, {1, 3}], [{8, 2}, {4, 7}, {5, 6}, {3}, {1}], [{8, 2}, {4, 7}, {6}, {1, 5}, {3}], [{8, 2}, {4, 7}, {6}, {3, 5}, {1}], [{8, 2}, {4, 7}, {6}, {5}, {1, 3}], [{8, 2}, {5, 7}, {1, 6}, {3, 4}], [{8, 2}, {5, 7}, {3, 6}, {1, 4}], [{8, 2}, {5, 7}, {4, 6}, {1, 3}], [{8, 2}, {6, 7}, {1, 5}, {3, 4}], [{8, 2}, {6, 7}, {3, 5}, {1, 4}], [{8, 2}, {6, 7}, {4, 5}, {1, 3}], [{8, 2}, {7}, {1, 6}, {3, 5}, {4}], [{8, 2}, {7}, {3, 6}, {1, 5}, {4}], [{8, 2}, {7}, {5, 6}, {4}, {1, 3}], [{8, 3}, {1, 7}, {2, 6}, {4, 5}], [{8, 3}, {1, 7}, {4, 6}, {2, 5}], [{8, 3}, {1, 7}, {5, 6}, {2, 4}], [{8, 3}, {2, 7}, {1, 6}, {4, 5}], [{8, 3}, {2, 7}, {4, 6}, {1, 5}], [{8, 3}, {2, 7}, {5, 6}, {1, 4}], [{8, 3}, {2, 7}, {6}, {4, 5}, {1}], [{8, 3}, {4, 7}, {1, 6}, {2, 5}], [{8, 3}, {4, 7}, {1, 6}, {5}, {2}], [{8, 3}, {4, 7}, {2, 6}, {1, 5}], [{8, 3}, {4, 7}, {2, 6}, {5}, {1}], [{8, 3}, {4, 7}, {5, 6}, {1, 2}], [{8, 3}, {4, 7}, {5, 6}, {2}, {1}], [{8, 3}, {4, 7}, {6}, {1, 5}, {2}], [{8, 3}, {4, 7}, {6}, {2, 5}, {1}], [{8, 3}, {4, 7}, {6}, {5}, {1, 2}], [{8, 3}, {5, 7}, {1, 6}, {2, 4}], [{8, 3}, {5, 7}, {2, 6}, {1, 4}], [{8, 3}, {5, 7}, {4, 6}, {1, 2}], [{8, 3}, {6, 7}, {1, 5}, {2, 4}], [{8, 3}, {6, 7}, {2, 5}, {1, 4}], [{8, 3}, {6, 7}, {4, 5}, {1, 2}], [{8, 3}, {7}, {1, 6}, {2, 5}, {4}], [{8, 3}, {7}, {2, 6}, {1, 5}, {4}], [{8, 3}, {7}, {5, 6}, {4}, {1, 2}], [{8, 4}, {1, 7}, {2, 6}, {3, 5}], [{8, 4}, {1, 7}, {3, 6}, {2, 5}], [{8, 4}, {1, 7}, {5, 6}, {2, 3}], [{8, 4}, {2, 7}, {1, 6}, {3, 5}], [{8, 4}, {2, 7}, {3, 6}, {1, 5}], [{8, 4}, {2, 7}, {5, 6}, {1, 3}], [{8, 4}, {3, 7}, {1, 6}, {2, 5}], [{8, 4}, {3, 7}, {1, 6}, {5}, {2}], [{8, 4}, {3, 7}, {2, 6}, {1, 5}], [{8, 4}, {3, 7}, {5, 6}, {1, 2}], [{8, 4}, {5, 7}, {1, 6}, {2, 3}], [{8, 4}, {5, 7}, {2, 6}, {1, 3}], [{8, 4}, {5, 7}, {3, 6}, {1, 2}], [{8, 4}, {5, 7}, {6}, {1, 3}, {2}], [{8, 4}, {6, 7}, {1, 5}, {2, 3}], [{8, 4}, {6, 7}, {2, 5}, {1, 3}], [{8, 4}, {6, 7}, {3, 5}, {1, 2}], [{8, 4}, {7}, {2, 6}, {3, 5}, {1}], [{8, 4}, {7}, {3, 6}, {2, 5}, {1}], [{8, 4}, {7}, {5, 6}, {2, 3}, {1}], [{8, 5}, {1, 7}, {2, 6}, {3, 4}], [{8, 5}, {1, 7}, {3, 6}, {2, 4}], [{8, 5}, {1, 7}, {4, 6}, {2, 3}], [{8, 5}, {1, 7}, {6}, {3, 4}, {2}], [{8, 5}, {2, 7}, {1, 6}, {3, 4}], [{8, 5}, {2, 7}, {3, 6}, {1, 4}], [{8, 5}, {2, 7}, {4, 6}, {1, 3}], [{8, 5}, {2, 7}, {6}, {4}, {1, 3}], [{8, 5}, {3, 7}, {1, 6}, {2, 4}], [{8, 5}, {3, 7}, {2, 6}, {1, 4}], [{8, 5}, {3, 7}, {4, 6}, {1, 2}], [{8, 5}, {3, 7}, {6}, {1, 4}, {2}], [{8, 5}, {4, 7}, {1, 6}, {2, 3}], [{8, 5}, {4, 7}, {1, 6}, {3}, {2}], [{8, 5}, {4, 7}, {2, 6}, {1, 3}], [{8, 5}, {4, 7}, {2, 6}, {3}, {1}], [{8, 5}, {4, 7}, {3, 6}, {1, 2}], [{8, 5}, {4, 7}, {3, 6}, {2}, {1}], [{8, 5}, {4, 7}, {6}, {1, 3}, {2}], [{8, 5}, {4, 7}, {6}, {2, 3}, {1}], [{8, 5}, {4, 7}, {6}, {3}, {1, 2}], [{8, 5}, {4, 7}, {6}, {3}, {2}, {1}], [{8, 5}, {6, 7}, {1, 4}, {2, 3}], [{8, 5}, {6, 7}, {2, 4}, {1, 3}], [{8, 5}, {6, 7}, {3, 4}, {1, 2}], [{8, 5}, {6, 7}, {4}, {1, 3}, {2}], [{8, 5}, {7}, {1, 6}, {4}, {2, 3}], [{8, 5}, {7}, {2, 6}, {4}, {1, 3}], [{8, 5}, {7}, {3, 6}, {4}, {1, 2}], [{8, 5}, {7}, {4, 6}, {1, 3}, {2}], [{8, 5}, {7}, {6}, {2, 4}, {1, 3}], [{8, 5}, {7}, {6}, {4}, {1, 3}, {2}], [{8, 6}, {1, 7}, {2, 5}, {3, 4}], [{8, 6}, {1, 7}, {3, 5}, {2, 4}], [{8, 6}, {1, 7}, {4, 5}, {2, 3}], [{8, 6}, {2, 7}, {1, 5}, {3, 4}], [{8, 6}, {2, 7}, {3, 5}, {1, 4}], [{8, 6}, {2, 7}, {4, 5}, {1, 3}], [{8, 6}, {3, 7}, {1, 5}, {2, 4}], [{8, 6}, {3, 7}, {2, 5}, {1, 4}], [{8, 6}, {3, 7}, {4, 5}, {1, 2}], [{8, 6}, {3, 7}, {5}, {1, 4}, {2}], [{8, 6}, {4, 7}, {1, 5}, {2, 3}], [{8, 6}, {4, 7}, {1, 5}, {3}, {2}], [{8, 6}, {4, 7}, {2, 5}, {1, 3}], [{8, 6}, {4, 7}, {2, 5}, {3}, {1}], [{8, 6}, {4, 7}, {3, 5}, {1, 2}], [{8, 6}, {4, 7}, {3, 5}, {2}, {1}], [{8, 6}, {4, 7}, {5}, {1, 3}, {2}], [{8, 6}, {4, 7}, {5}, {2, 3}, {1}], [{8, 6}, {4, 7}, {5}, {3}, {1, 2}], [{8, 6}, {5, 7}, {1, 4}, {2, 3}], [{8, 6}, {5, 7}, {2, 4}, {1, 3}], [{8, 6}, {5, 7}, {2, 4}, {3}, {1}], [{8, 6}, {5, 7}, {3, 4}, {1, 2}], [{8, 6}, {7}, {1, 5}, {4}, {2, 3}], [{8, 6}, {7}, {2, 5}, {4}, {1, 3}], [{8, 6}, {7}, {3, 5}, {4}, {1, 2}], [{8, 7}, {1, 6}, {2, 5}, {3, 4}], [{8, 7}, {1, 6}, {3, 5}, {2, 4}], [{8, 7}, {1, 6}, {4, 5}, {2, 3}], [{8, 7}, {2, 6}, {1, 5}, {3, 4}], [{8, 7}, {2, 6}, {3, 5}, {1, 4}], [{8, 7}, {2, 6}, {3, 5}, {4}, {1}], [{8, 7}, {2, 6}, {4, 5}, {1, 3}], [{8, 7}, {3, 6}, {1, 5}, {2, 4}], [{8, 7}, {3, 6}, {2, 5}, {1, 4}], [{8, 7}, {3, 6}, {2, 5}, {4}, {1}], [{8, 7}, {3, 6}, {4, 5}, {1, 2}], [{8, 7}, {4, 6}, {1, 5}, {2, 3}], [{8, 7}, {4, 6}, {2, 5}, {1, 3}], [{8, 7}, {4, 6}, {3, 5}, {1, 2}], [{8, 7}, {5, 6}, {1, 4}, {2, 3}], [{8, 7}, {5, 6}, {2, 4}, {1, 3}], [{8, 7}, {5, 6}, {3, 4}, {1, 2}], [{8, 7}, {5, 6}, {4}, {2, 3}, {1}], [{8, 7}, {6}, {4, 5}, {1, 3}, {2}], [{8}, {1, 7}, {2, 6}, {3, 5}, {4}], [{8}, {1, 7}, {3, 6}, {2, 5}, {4}], [{8}, {1, 7}, {5, 6}, {4}, {2, 3}], [{8}, {2, 7}, {3, 6}, {5}, {1, 4}], [{8}, {2, 7}, {5, 6}, {1, 4}, {3}], [{8}, {2, 7}, {6}, {3, 5}, {1, 4}], [{8}, {3, 7}, {2, 6}, {5}, {1, 4}], [{8}, {3, 7}, {5, 6}, {1, 4}, {2}], [{8}, {3, 7}, {6}, {2, 5}, {1, 4}], [{8}, {3, 7}, {6}, {5}, {1, 4}, {2}], [{8}, {4, 7}, {1, 6}, {2, 5}, {3}], [{8}, {4, 7}, {1, 6}, {3, 5}, {2}], [{8}, {4, 7}, {1, 6}, {5}, {2, 3}], [{8}, {4, 7}, {2, 6}, {1, 5}, {3}], [{8}, {4, 7}, {2, 6}, {3, 5}, {1}], [{8}, {4, 7}, {2, 6}, {5}, {1, 3}], [{8}, {4, 7}, {3, 6}, {1, 5}, {2}], [{8}, {4, 7}, {3, 6}, {2, 5}, {1}], [{8}, {4, 7}, {3, 6}, {5}, {1, 2}], [{8}, {4, 7}, {5, 6}, {1, 3}, {2}], [{8}, {4, 7}, {5, 6}, {2, 3}, {1}], [{8}, {4, 7}, {5, 6}, {3}, {1, 2}], [{8}, {4, 7}, {6}, {1, 5}, {2, 3}], [{8}, {4, 7}, {6}, {2, 5}, {1, 3}], [{8}, {4, 7}, {6}, {3, 5}, {1, 2}], [{8}, {4, 7}, {6}, {5}, {1, 3}, {2}], [{8}, {5, 7}, {1, 6}, {2, 4}, {3}], [{8}, {5, 7}, {2, 6}, {1, 4}, {3}], [{8}, {5, 7}, {3, 6}, {1, 4}, {2}], [{8}, {5, 7}, {6}, {1, 4}, {2, 3}], [{8}, {6, 7}, {1, 5}, {2, 4}, {3}], [{8}, {6, 7}, {2, 5}, {1, 4}, {3}], [{8}, {6, 7}, {3, 5}, {1, 4}, {2}], [{8}, {6, 7}, {5}, {1, 4}, {2, 3}], [{8}, {7}, {2, 6}, {3, 5}, {1, 4}], [{8}, {7}, {2, 6}, {3, 5}, {4}, {1}], [{8}, {7}, {3, 6}, {2, 5}, {1, 4}], [{8}, {7}, {3, 6}, {2, 5}, {4}, {1}], [{8}, {7}, {5, 6}, {1, 4}, {2, 3}], [{8}, {7}, {5, 6}, {4}, {2, 3}, {1}]]",2,- 16 K_1^4 + 24 K_1^3 + 16 K_1^2 K_2 - 18 K_1^2 - 16 K_1 K_2 - 4 K_1 K_3 - 10 K_1 + 11 K_2 + 2 K_3 + 12,O1O2O3O4U5U4U6O7U8O6O8U2U3O5U1U7,O1O2O3U2U4U5U6O7O6U3O4O5U8U1O8U7,O1O2O3U4O5U3U5O6O7U1O8O4U8U6U7U2,c,{'O1O2O3O4U5U4O6U2U3O7O8U7O5U8U1U6'},1,"<a href=""/flatknot/8.850802"">8.850802</a>",t^9-27t^7-58t^6+5t^5+42t^4-16t^3+16t^2-8t,-t^2+2t,,
8.850803,O1O2O3O4U5U4O6U2U6O7O8U1O5U3U8U7,4,2z^3+28z^2+99z+103,2w^4z^3+28w^3z^2+99w^2z+103w,False,False,"[[ 0 -2 -1  0  1 -1  1  1  1],[ 2  0 -1  1  0  0  1  2  1],[ 1  1  0  1  0 -1  1  0  0],[ 0 -1 -1  0  1 -1  0  1  0],[-1  0  0 -1  0 -1  0 -1 -1],[ 1  0  1  1  1  0  1  0  1],[-1 -1 -1  0  0 -1  0  0  0],[-1 -2  0 -1  1  0  0  0  0],[-1 -1  0  0  1 -1  0  0  0]]","[[ 0  1  1  1  1  0 -1 -1 -2],[-1  0  1  0  0  0  0 -1 -1],[-1 -1  0  0 -1 -1  0 -1  0],[-1  0  0  0  0  0 -1 -1 -1],[-1  0  1  0  0 -1  0  0 -2],[ 0  0  1  0  1  0 -1 -1 -1],[ 1  0  0  1  0  1  0 -1  1],[ 1  1  1  1  0  1  1  0  0],[ 2  1  0  1  2  1 -1  0  0]]",True,"[-1,-1,-1,-1,0,1,1,2,-1,0,0,0,0,1,1,0,1,1,0,1,0,0,0,1,1,1,1,0,0,2,1,1,1,1,-1,0]","[-2,-1,-1,0,1,1,1,1,-1,0,1,0,1,1,2,-1,1,0,0,1,0,1,1,1,1,0,1,0,0,1,-1,0,-1,0,0,0]",t^8+19t^6+80t^4+43t^2+1,"[-2,-1,-1,0,1,1,1,1,1,2,1,1,2,2,3,-1,0,2,1,1,1,0,2,1,2,2,0,1,1,0,0,0,-1,0,0,-1]","[-1,-1,-1,-1,0,1,1,2,-1,-1,0,0,1,2,3,0,0,0,2,2,1,0,1,1,2,2,1,1,1,2,0,0,1,1,1,2]","[-2,-1,-1,0,1,1,1,1,-1,0,1,0,1,1,2,-1,1,0,0,1,0,1,1,1,1,0,1,0,0,1,-1,0,-1,0,0,0]",c,"[[{8, 1}, {2, 7}, {3, 6}, {4, 5}], [{8, 1}, {2, 7}, {3, 6}, {5}, {4}], [{8, 1}, {2, 7}, {4, 6}, {3, 5}], [{8, 1}, {2, 7}, {4, 6}, {5}, {3}], [{8, 1}, {2, 7}, {5, 6}, {3, 4}], [{8, 1}, {2, 7}, {5, 6}, {4}, {3}], [{8, 1}, {2, 7}, {6}, {3, 5}, {4}], [{8, 1}, {2, 7}, {6}, {4, 5}, {3}], [{8, 1}, {2, 7}, {6}, {5}, {3, 4}], [{8, 1}, {3, 7}, {2, 6}, {4, 5}], [{8, 1}, {3, 7}, {4, 6}, {2, 5}], [{8, 1}, {3, 7}, {5, 6}, {2, 4}], [{8, 1}, {4, 7}, {2, 6}, {3, 5}], [{8, 1}, {4, 7}, {2, 6}, {5}, {3}], [{8, 1}, {4, 7}, {3, 6}, {2, 5}], [{8, 1}, {4, 7}, {5, 6}, {2, 3}], [{8, 1}, {5, 7}, {2, 6}, {3, 4}], [{8, 1}, {5, 7}, {3, 6}, {2, 4}], [{8, 1}, {5, 7}, {4, 6}, {2, 3}], [{8, 1}, {5, 7}, {6}, {4}, {2, 3}], [{8, 1}, {6, 7}, {2, 5}, {3, 4}], [{8, 1}, {6, 7}, {3, 5}, {2, 4}], [{8, 1}, {6, 7}, {3, 5}, {4}, {2}], [{8, 1}, {6, 7}, {4, 5}, {2, 3}], [{8, 1}, {7}, {2, 6}, {3, 5}, {4}], [{8, 2}, {1, 7}, {3, 6}, {4, 5}], [{8, 2}, {1, 7}, {4, 6}, {3, 5}], [{8, 2}, {1, 7}, {4, 6}, {5}, {3}], [{8, 2}, {1, 7}, {5, 6}, {3, 4}], [{8, 2}, {1, 7}, {5, 6}, {4}, {3}], [{8, 2}, {1, 7}, {6}, {4, 5}, {3}], [{8, 2}, {3, 7}, {1, 6}, {4, 5}], [{8, 2}, {3, 7}, {4, 6}, {1, 5}], [{8, 2}, {3, 7}, {5, 6}, {1, 4}], [{8, 2}, {3, 7}, {6}, {5}, {1, 4}], [{8, 2}, {4, 7}, {1, 6}, {3, 5}], [{8, 2}, {4, 7}, {3, 6}, {1, 5}], [{8, 2}, {4, 7}, {5, 6}, {1, 3}], [{8, 2}, {4, 7}, {5, 6}, {3}, {1}], [{8, 2}, {5, 7}, {1, 6}, {3, 4}], [{8, 2}, {5, 7}, {3, 6}, {1, 4}], [{8, 2}, {5, 7}, {4, 6}, {1, 3}], [{8, 2}, {6, 7}, {1, 5}, {3, 4}], [{8, 2}, {6, 7}, {3, 5}, {1, 4}], [{8, 2}, {6, 7}, {4, 5}, {1, 3}], [{8, 2}, {6, 7}, {4, 5}, {3}, {1}], [{8, 2}, {7}, {1, 6}, {4, 5}, {3}], [{8, 2}, {7}, {5, 6}, {1, 4}, {3}], [{8, 3}, {1, 7}, {2, 6}, {4, 5}], [{8, 3}, {1, 7}, {4, 6}, {2, 5}], [{8, 3}, {1, 7}, {5, 6}, {2, 4}], [{8, 3}, {2, 7}, {1, 6}, {4, 5}], [{8, 3}, {2, 7}, {4, 6}, {1, 5}], [{8, 3}, {2, 7}, {5, 6}, {1, 4}], [{8, 3}, {4, 7}, {1, 6}, {2, 5}], [{8, 3}, {4, 7}, {2, 6}, {1, 5}], [{8, 3}, {4, 7}, {5, 6}, {1, 2}], [{8, 3}, {5, 7}, {1, 6}, {2, 4}], [{8, 3}, {5, 7}, {2, 6}, {1, 4}], [{8, 3}, {5, 7}, {4, 6}, {1, 2}], [{8, 3}, {6, 7}, {1, 5}, {2, 4}], [{8, 3}, {6, 7}, {2, 5}, {1, 4}], [{8, 3}, {6, 7}, {2, 5}, {4}, {1}], [{8, 3}, {6, 7}, {4, 5}, {1, 2}], [{8, 3}, {7}, {1, 6}, {4, 5}, {2}], [{8, 3}, {7}, {4, 6}, {1, 5}, {2}], [{8, 3}, {7}, {5, 6}, {1, 4}, {2}], [{8, 4}, {1, 7}, {2, 6}, {3, 5}], [{8, 4}, {1, 7}, {3, 6}, {2, 5}], [{8, 4}, {1, 7}, {5, 6}, {2, 3}], [{8, 4}, {1, 7}, {6}, {5}, {2, 3}], [{8, 4}, {2, 7}, {1, 6}, {3, 5}], [{8, 4}, {2, 7}, {3, 6}, {1, 5}], [{8, 4}, {2, 7}, {5, 6}, {1, 3}], [{8, 4}, {2, 7}, {5, 6}, {3}, {1}], [{8, 4}, {3, 7}, {1, 6}, {2, 5}], [{8, 4}, {3, 7}, {2, 6}, {1, 5}], [{8, 4}, {3, 7}, {5, 6}, {1, 2}], [{8, 4}, {5, 7}, {1, 6}, {2, 3}], [{8, 4}, {5, 7}, {2, 6}, {1, 3}], [{8, 4}, {5, 7}, {3, 6}, {1, 2}], [{8, 4}, {6, 7}, {1, 5}, {2, 3}], [{8, 4}, {6, 7}, {2, 5}, {1, 3}], [{8, 4}, {6, 7}, {3, 5}, {1, 2}], [{8, 4}, {6, 7}, {3, 5}, {2}, {1}], [{8, 4}, {7}, {2, 6}, {1, 5}, {3}], [{8, 4}, {7}, {3, 6}, {2, 5}, {1}], [{8, 4}, {7}, {6}, {3, 5}, {1, 2}], [{8, 5}, {1, 7}, {2, 6}, {3, 4}], [{8, 5}, {1, 7}, {3, 6}, {2, 4}], [{8, 5}, {1, 7}, {4, 6}, {2, 3}], [{8, 5}, {2, 7}, {1, 6}, {3, 4}], [{8, 5}, {2, 7}, {3, 6}, {1, 4}], [{8, 5}, {2, 7}, {3, 6}, {4}, {1}], [{8, 5}, {2, 7}, {4, 6}, {1, 3}], [{8, 5}, {3, 7}, {1, 6}, {2, 4}], [{8, 5}, {3, 7}, {2, 6}, {1, 4}], [{8, 5}, {3, 7}, {4, 6}, {1, 2}], [{8, 5}, {3, 7}, {6}, {1, 4}, {2}], [{8, 5}, {4, 7}, {1, 6}, {2, 3}], [{8, 5}, {4, 7}, {2, 6}, {1, 3}], [{8, 5}, {4, 7}, {3, 6}, {1, 2}], [{8, 5}, {4, 7}, {6}, {2, 3}, {1}], [{8, 5}, {6, 7}, {1, 4}, {2, 3}], [{8, 5}, {6, 7}, {2, 4}, {1, 3}], [{8, 5}, {6, 7}, {3, 4}, {1, 2}], [{8, 5}, {7}, {6}, {3, 4}, {1, 2}], [{8, 6}, {1, 7}, {2, 5}, {3, 4}], [{8, 6}, {1, 7}, {3, 5}, {2, 4}], [{8, 6}, {1, 7}, {4, 5}, {2, 3}], [{8, 6}, {1, 7}, {5}, {2, 4}, {3}], [{8, 6}, {2, 7}, {1, 5}, {3, 4}], [{8, 6}, {2, 7}, {3, 5}, {1, 4}], [{8, 6}, {2, 7}, {3, 5}, {4}, {1}], [{8, 6}, {2, 7}, {4, 5}, {1, 3}], [{8, 6}, {2, 7}, {4, 5}, {3}, {1}], [{8, 6}, {2, 7}, {5}, {3, 4}, {1}], [{8, 6}, {3, 7}, {1, 5}, {2, 4}], [{8, 6}, {3, 7}, {2, 5}, {1, 4}], [{8, 6}, {3, 7}, {4, 5}, {1, 2}], [{8, 6}, {3, 7}, {5}, {1, 4}, {2}], [{8, 6}, {4, 7}, {1, 5}, {2, 3}], [{8, 6}, {4, 7}, {2, 5}, {1, 3}], [{8, 6}, {4, 7}, {3, 5}, {1, 2}], [{8, 6}, {5, 7}, {1, 4}, {2, 3}], [{8, 6}, {5, 7}, {2, 4}, {1, 3}], [{8, 6}, {5, 7}, {3, 4}, {1, 2}], [{8, 6}, {5, 7}, {4}, {2, 3}, {1}], [{8, 7}, {1, 6}, {2, 5}, {3, 4}], [{8, 7}, {1, 6}, {3, 5}, {2, 4}], [{8, 7}, {1, 6}, {4, 5}, {2, 3}], [{8, 7}, {1, 6}, {4, 5}, {3}, {2}], [{8, 7}, {2, 6}, {1, 5}, {3, 4}], [{8, 7}, {2, 6}, {3, 5}, {1, 4}], [{8, 7}, {2, 6}, {4, 5}, {1, 3}], [{8, 7}, {3, 6}, {1, 5}, {2, 4}], [{8, 7}, {3, 6}, {2, 5}, {1, 4}], [{8, 7}, {3, 6}, {4, 5}, {1, 2}], [{8, 7}, {4, 6}, {1, 5}, {2, 3}], [{8, 7}, {4, 6}, {1, 5}, {3}, {2}], [{8, 7}, {4, 6}, {2, 5}, {1, 3}], [{8, 7}, {4, 6}, {2, 5}, {3}, {1}], [{8, 7}, {4, 6}, {3, 5}, {1, 2}], [{8, 7}, {4, 6}, {3, 5}, {2}, {1}], [{8, 7}, {4, 6}, {5}, {1, 3}, {2}], [{8, 7}, {4, 6}, {5}, {2, 3}, {1}], [{8, 7}, {4, 6}, {5}, {3}, {1, 2}], [{8, 7}, {4, 6}, {5}, {3}, {2}, {1}], [{8, 7}, {5, 6}, {1, 4}, {2, 3}], [{8, 7}, {5, 6}, {1, 4}, {3}, {2}], [{8, 7}, {5, 6}, {2, 4}, {1, 3}], [{8, 7}, {5, 6}, {3, 4}, {1, 2}], [{8}, {1, 7}, {6}, {3, 5}, {2, 4}], [{8}, {2, 7}, {1, 6}, {3, 5}, {4}], [{8}, {2, 7}, {1, 6}, {4, 5}, {3}], [{8}, {2, 7}, {1, 6}, {5}, {3, 4}], [{8}, {2, 7}, {3, 6}, {1, 5}, {4}], [{8}, {2, 7}, {5, 6}, {1, 4}, {3}], [{8}, {3, 7}, {1, 6}, {4, 5}, {2}], [{8}, {3, 7}, {2, 6}, {5}, {1, 4}], [{8}, {3, 7}, {4, 6}, {1, 5}, {2}], [{8}, {3, 7}, {5, 6}, {1, 4}, {2}], [{8}, {3, 7}, {6}, {2, 5}, {1, 4}], [{8}, {3, 7}, {6}, {5}, {1, 4}, {2}], [{8}, {4, 7}, {1, 6}, {5}, {2, 3}], [{8}, {4, 7}, {3, 6}, {5}, {1, 2}], [{8}, {5, 7}, {1, 6}, {4}, {2, 3}], [{8}, {5, 7}, {3, 6}, {1, 4}, {2}], [{8}, {5, 7}, {6}, {2, 4}, {1, 3}], [{8}, {6, 7}, {1, 5}, {2, 4}, {3}], [{8}, {6, 7}, {1, 5}, {3, 4}, {2}], [{8}, {6, 7}, {1, 5}, {4}, {2, 3}], [{8}, {6, 7}, {3, 5}, {1, 4}, {2}], [{8}, {7}, {1, 6}, {4, 5}, {2, 3}], [{8}, {7}, {1, 6}, {4, 5}, {3}, {2}], [{8}, {7}, {5, 6}, {1, 4}, {2, 3}], [{8}, {7}, {5, 6}, {1, 4}, {3}, {2}]]",2,4 K_1^2 K_2 - 10 K_1^2 - 8 K_1 K_2 - 4 K_1 K_3 + 4 K_1 - 4 K_2^2 + 5 K_2 + 4 K_3 + 3 K_4 + 7,O1O2O3O4U5U6U2O7U4O6O5U8U3O8U1U7,O1O2O3U4U5U1U6O7O6U8O5O8U3U2O4U7,O1O2O3U4O5U2U1O6O7U6O8O4U8U3U7U5,c,{'O1O2O3O4U5U4O6U2U6O7O8U1O5U3U8U7'},1,"<a href=""/flatknot/8.850803"">8.850803</a>",t^9-21t^7-20t^6+65t^5+60t^4-40t^3-32t^2-32t-12,t^2-2t,,
8.850804,O1O2O3O4U5U4O6U2U6O7O8U1O5U7U8U3,4,2z^3+27z^2+98z+105,2w^4z^3+27w^3z^2+98w^2z+105w,False,False,"[[ 0 -2 -1  2  1 -1  1 -1  1],[ 2  0 -1  3  0  0  1  0  1],[ 1  1  0  1  0 -1  1 -1 -1],[-2 -3 -1  0  1 -1  0 -2  0],[-1  0  0 -1  0 -1  0 -1 -1],[ 1  0  1  1  1  0  1 -1  0],[-1 -1 -1  0  0 -1  0  0  0],[ 1  0  1  2  1  1  0  0  1],[-1 -1  1  0  1  0  0 -1  0]]","[[ 0  2  1  1  1 -1 -1 -1 -2],[-2  0  1  0  0 -1 -1 -2 -3],[-1 -1  0  0 -1  0 -1 -1  0],[-1  0  0  0  0 -1 -1  0 -1],[-1  0  1  0  0  1  0 -1 -1],[ 1  1  0  1 -1  0 -1 -1  1],[ 1  1  1  1  0  1  0 -1  0],[ 1  2  1  0  1  1  1  0  0],[ 2  3  0  1  1 -1  0  0  0]]",True,"[-2,-1,-1,-1,1,1,1,2,-1,0,0,1,1,2,3,0,1,0,1,1,0,0,1,1,0,1,-1,0,1,1,1,1,-1,1,0,0]","[-2,-1,-1,-1,1,1,1,2,-1,0,0,0,1,1,3,-1,-1,0,-1,1,1,-1,1,0,1,1,1,1,0,2,-1,0,-1,0,0,0]",t^8+29t^6+178t^4+54t^2+1,"[-2,-1,-1,-1,1,1,1,2,1,1,2,2,2,3,1,-1,-1,1,2,1,1,-1,2,1,1,2,3,1,2,2,0,-1,1,0,1,2]","[-2,-1,-1,-1,1,1,1,2,1,1,2,1,2,2,1,0,0,2,1,1,2,1,1,2,3,2,1,1,2,3,1,1,1,1,1,2]","[-2,-1,-1,-1,1,1,1,2,-1,0,0,0,1,1,3,-1,-1,0,-1,1,1,-1,1,0,1,1,1,1,0,2,-1,0,-1,0,0,0]",c,"[[{8, 2}, {1, 7}, {5, 6}, {3, 4}], [{8, 2}, {3, 7}, {5, 6}, {1, 4}], [{8, 2}, {4, 7}, {5, 6}, {1, 3}], [{8}, {3, 7}, {5, 6}, {1, 4}, {2}]]",1,12 K_1^3 + 12 K_1^2 K_2 - 30 K_1^2 - 20 K_1 K_2 - 6 K_1 K_3 + K_1 - 2 K_2^2 + 12 K_2 + 7 K_3 + K_4 + 14,O1O2O3O4U2U5U6O7U4O5O6U8U3O8U1U7,O1O2O3U4U5U3U6O7O6U8O5O8U1U2O4U7,O1O2O3U4O5U2U3O6O7U6O8O4U8U1U7U5,c,{'O1O2O3O4U5U4O6U2U6O7O8U1O5U7U8U3'},1,"<a href=""/flatknot/8.850804"">8.850804</a>",t^9-29t^7-40t^6+68t^5+96t^4+10t^3-26t^2-76t+24,0,,
8.850805,O1O2O3O4U5U4O6U2U6O7O8U1O5U8U3U7,4,9z^2+86z+137,9w^3z^2+86w^2z+137w,False,False,"[[ 0 -2 -1  1  1 -1  1  1  0],[ 2  0 -1  2  0  0  1  2  0],[ 1  1  0  1  0 -1  1  0 -1],[-1 -2 -1  0  1 -1  0  0 -1],[-1  0  0 -1  0 -1  0 -1 -1],[ 1  0  1  1  1  0  1  0  0],[-1 -1 -1  0  0 -1  0  0  0],[-1 -2  0  0  1  0  0  0  0],[ 0  0  1  1  1  0  0  0  0]]","[[ 0  1  1  1  1  0 -1 -1 -2],[-1  0  1  0  0  0  0  0 -2],[-1 -1  0  0 -1 -1  0 -1  0],[-1  0  0  0  0  0 -1 -1 -1],[-1  0  1  0  0 -1 -1 -1 -2],[ 0  0  1  0  1  0  1  0  0],[ 1  0  0  1  1 -1  0 -1  1],[ 1  0  1  1  1  0  1  0  0],[ 2  2  0  1  2  0 -1  0  0]]",True,"[-1,-1,-1,-1,0,1,1,2,-1,0,0,0,0,0,2,0,1,1,0,1,0,0,0,1,1,1,1,1,1,2,-1,0,0,1,-1,0]","[-2,-1,-1,0,1,1,1,1,-1,0,0,0,1,2,2,-1,-1,0,1,0,1,0,1,1,0,1,1,0,0,1,0,-1,-1,0,0,0]",t^8+21t^6+101t^4+44t^2+1,"[-2,-1,-1,0,1,1,1,1,1,2,2,1,1,2,3,-1,1,1,2,1,1,2,1,2,1,2,0,1,1,0,0,0,-1,0,-1,0]","[-1,-1,-1,-1,0,1,1,2,-1,-1,0,0,1,2,3,0,0,0,1,1,1,0,1,2,2,1,1,1,1,2,1,2,2,1,1,2]","[-2,-1,-1,0,1,1,1,1,-1,0,0,0,1,2,2,-1,-1,0,1,0,1,0,1,1,0,1,1,0,0,1,0,-1,-1,0,0,0]",c,"[[{8, 1}, {2, 7}, {3, 6}, {4, 5}], [{8, 1}, {2, 7}, {4, 6}, {3, 5}], [{8, 3}, {2, 7}, {1, 6}, {4, 5}], [{8, 3}, {7}, {1, 6}, {4, 5}, {2}], [{8, 4}, {2, 7}, {1, 6}, {3, 5}], [{8, 6}, {2, 7}, {3, 5}, {1, 4}], [{8, 6}, {2, 7}, {4, 5}, {1, 3}]]",1,4 K_1^3 + 4 K_1^2 K_2 - 26 K_1^2 - 20 K_1 K_2 - 4 K_1 K_3 + 7 K_1 - 4 K_2^2 + 13 K_2 + 9 K_3 + 3 K_4 + 15,O1O2O3O4U5U2U6O7U4O6O5U8U3O8U1U7,O1O2O3U4U5U2U6O7O6U8O5O8U3U1O4U7,O1O2O3U4O5U3U1O6O7U6O8O4U8U2U7U5,c,{'O1O2O3O4U5U4O6U2U6O7O8U1O5U8U3U7'},1,"<a href=""/flatknot/8.850805"">8.850805</a>",t^9-23t^7-18t^6+82t^5+54t^4-68t^3-34t^2-18t-12,t^2-2t,,
8.850806,O1O2O3O4U5U4O6U2U6O7O8U1O5U8U7U3,4,z^3+25z^2+99z+107,w^4z^3+25w^3z^2+99w^2z+107w,False,False,"[[ 0 -2 -1  2  1 -1  1  0  0],[ 2  0 -1  3  0  0  1  1  0],[ 1  1  0  1  0 -1  1 -1 -1],[-2 -3 -1  0  1 -1  0 -1 -1],[-1  0  0 -1  0 -1  0 -1 -1],[ 1  0  1  1  1  0  1 -1  0],[-1 -1 -1  0  0 -1  0  0  0],[ 0 -1  1  1  1  1  0  0  0],[ 0  0  1  1  1  0  0  0  0]]","[[ 0  2  1  1  0  0 -1 -1 -2],[-2  0  1  0 -1 -1 -1 -1 -3],[-1 -1  0  0 -1 -1  0 -1  0],[-1  0  0  0  0  0 -1 -1 -1],[ 0  1  1  0  0  0  1  1 -1],[ 0  1  1  0  0  0  1  0  0],[ 1  1  0  1 -1 -1  0 -1  1],[ 1  1  1  1 -1  0  1  0  0],[ 2  3  0  1  1  0 -1  0  0]]",True,"[-2,-1,-1,0,0,1,1,2,-1,0,1,1,1,1,3,0,1,1,0,1,0,0,0,1,1,1,0,-1,-1,1,-1,0,0,1,-1,0]","[-2,-1,-1,0,0,1,1,2,-1,0,0,1,0,1,3,-1,-1,-1,0,1,1,0,-1,1,1,1,0,1,0,1,1,0,1,0,-1,0]",t^8+26t^6+159t^4+88t^2+1,"[-2,-1,-1,0,0,1,1,2,1,2,1,2,2,3,1,-1,2,1,1,1,2,2,2,1,2,2,0,1,0,1,1,0,1,0,1,2]","[-2,-1,-1,0,0,1,1,2,1,2,1,1,2,2,1,0,1,1,1,1,2,0,0,1,2,3,0,1,2,2,2,2,1,1,1,2]","[-2,-1,-1,0,0,1,1,2,-1,0,0,1,0,1,3,-1,-1,-1,0,1,1,0,-1,1,1,1,0,1,0,1,1,0,1,0,-1,0]",c,"[[{8, 1}, {2, 7}, {3, 6}, {4, 5}], [{8, 1}, {2, 7}, {4, 6}, {3, 5}], [{8, 1}, {2, 7}, {5, 6}, {3, 4}], [{8, 1}, {2, 7}, {6}, {3, 5}, {4}], [{8, 1}, {2, 7}, {6}, {4, 5}, {3}], [{8, 1}, {2, 7}, {6}, {5}, {3, 4}], [{8, 1}, {3, 7}, {2, 6}, {4, 5}], [{8, 1}, {3, 7}, {4, 6}, {2, 5}], [{8, 1}, {3, 7}, {5, 6}, {2, 4}], [{8, 1}, {4, 7}, {2, 6}, {3, 5}], [{8, 1}, {4, 7}, {3, 6}, {2, 5}], [{8, 1}, {4, 7}, {3, 6}, {5}, {2}], [{8, 1}, {4, 7}, {5, 6}, {2, 3}], [{8, 1}, {5, 7}, {2, 6}, {3, 4}], [{8, 1}, {5, 7}, {3, 6}, {2, 4}], [{8, 1}, {5, 7}, {4, 6}, {2, 3}], [{8, 1}, {6, 7}, {2, 5}, {3, 4}], [{8, 1}, {6, 7}, {3, 5}, {2, 4}], [{8, 1}, {6, 7}, {4, 5}, {2, 3}], [{8, 1}, {7}, {4, 6}, {3, 5}, {2}], [{8, 2}, {1, 7}, {3, 6}, {4, 5}], [{8, 2}, {1, 7}, {4, 6}, {3, 5}], [{8, 2}, {1, 7}, {5, 6}, {3, 4}], [{8, 2}, {1, 7}, {6}, {4, 5}, {3}], [{8, 2}, {3, 7}, {1, 6}, {4, 5}], [{8, 2}, {3, 7}, {4, 6}, {1, 5}], [{8, 2}, {3, 7}, {5, 6}, {1, 4}], [{8, 2}, {4, 7}, {1, 6}, {3, 5}], [{8, 2}, {4, 7}, {3, 6}, {1, 5}], [{8, 2}, {4, 7}, {5, 6}, {1, 3}], [{8, 2}, {4, 7}, {6}, {1, 5}, {3}], [{8, 2}, {5, 7}, {1, 6}, {3, 4}], [{8, 2}, {5, 7}, {3, 6}, {1, 4}], [{8, 2}, {5, 7}, {4, 6}, {1, 3}], [{8, 2}, {5, 7}, {6}, {1, 4}, {3}], [{8, 2}, {6, 7}, {1, 5}, {3, 4}], [{8, 2}, {6, 7}, {1, 5}, {4}, {3}], [{8, 2}, {6, 7}, {3, 5}, {1, 4}], [{8, 2}, {6, 7}, {4, 5}, {1, 3}], [{8, 2}, {7}, {4, 6}, {1, 5}, {3}], [{8, 3}, {1, 7}, {2, 6}, {4, 5}], [{8, 3}, {1, 7}, {4, 6}, {2, 5}], [{8, 3}, {1, 7}, {4, 6}, {5}, {2}], [{8, 3}, {1, 7}, {5, 6}, {2, 4}], [{8, 3}, {1, 7}, {6}, {2, 5}, {4}], [{8, 3}, {2, 7}, {1, 6}, {4, 5}], [{8, 3}, {2, 7}, {1, 6}, {5}, {4}], [{8, 3}, {2, 7}, {4, 6}, {1, 5}], [{8, 3}, {2, 7}, {4, 6}, {5}, {1}], [{8, 3}, {2, 7}, {5, 6}, {1, 4}], [{8, 3}, {2, 7}, {6}, {5}, {1, 4}], [{8, 3}, {4, 7}, {1, 6}, {2, 5}], [{8, 3}, {4, 7}, {1, 6}, {5}, {2}], [{8, 3}, {4, 7}, {2, 6}, {1, 5}], [{8, 3}, {4, 7}, {5, 6}, {1, 2}], [{8, 3}, {4, 7}, {6}, {2, 5}, {1}], [{8, 3}, {5, 7}, {1, 6}, {2, 4}], [{8, 3}, {5, 7}, {1, 6}, {4}, {2}], [{8, 3}, {5, 7}, {2, 6}, {1, 4}], [{8, 3}, {5, 7}, {4, 6}, {1, 2}], [{8, 3}, {5, 7}, {4, 6}, {2}, {1}], [{8, 3}, {5, 7}, {6}, {1, 4}, {2}], [{8, 3}, {6, 7}, {1, 5}, {2, 4}], [{8, 3}, {6, 7}, {2, 5}, {1, 4}], [{8, 3}, {6, 7}, {2, 5}, {4}, {1}], [{8, 3}, {6, 7}, {4, 5}, {1, 2}], [{8, 3}, {6, 7}, {5}, {1, 4}, {2}], [{8, 3}, {7}, {1, 6}, {2, 5}, {4}], [{8, 3}, {7}, {1, 6}, {4, 5}, {2}], [{8, 3}, {7}, {1, 6}, {5}, {2, 4}], [{8, 3}, {7}, {1, 6}, {5}, {4}, {2}], [{8, 3}, {7}, {2, 6}, {5}, {1, 4}], [{8, 3}, {7}, {4, 6}, {1, 5}, {2}], [{8, 3}, {7}, {4, 6}, {2, 5}, {1}], [{8, 3}, {7}, {4, 6}, {5}, {1, 2}], [{8, 3}, {7}, {4, 6}, {5}, {2}, {1}], [{8, 3}, {7}, {5, 6}, {1, 4}, {2}], [{8, 3}, {7}, {6}, {2, 5}, {1, 4}], [{8, 3}, {7}, {6}, {5}, {1, 4}, {2}], [{8, 4}, {1, 7}, {2, 6}, {3, 5}], [{8, 4}, {1, 7}, {3, 6}, {2, 5}], [{8, 4}, {1, 7}, {5, 6}, {2, 3}], [{8, 4}, {1, 7}, {6}, {5}, {2, 3}], [{8, 4}, {2, 7}, {1, 6}, {3, 5}], [{8, 4}, {2, 7}, {3, 6}, {1, 5}], [{8, 4}, {2, 7}, {5, 6}, {1, 3}], [{8, 4}, {2, 7}, {6}, {1, 5}, {3}], [{8, 4}, {2, 7}, {6}, {3, 5}, {1}], [{8, 4}, {2, 7}, {6}, {5}, {1, 3}], [{8, 4}, {3, 7}, {1, 6}, {2, 5}], [{8, 4}, {3, 7}, {2, 6}, {1, 5}], [{8, 4}, {3, 7}, {5, 6}, {1, 2}], [{8, 4}, {5, 7}, {1, 6}, {2, 3}], [{8, 4}, {5, 7}, {2, 6}, {1, 3}], [{8, 4}, {5, 7}, {3, 6}, {1, 2}], [{8, 4}, {5, 7}, {6}, {3}, {1, 2}], [{8, 4}, {6, 7}, {1, 5}, {2, 3}], [{8, 4}, {6, 7}, {2, 5}, {1, 3}], [{8, 4}, {6, 7}, {3, 5}, {1, 2}], [{8, 5}, {1, 7}, {2, 6}, {3, 4}], [{8, 5}, {1, 7}, {3, 6}, {2, 4}], [{8, 5}, {1, 7}, {4, 6}, {2, 3}], [{8, 5}, {2, 7}, {1, 6}, {3, 4}], [{8, 5}, {2, 7}, {3, 6}, {1, 4}], [{8, 5}, {2, 7}, {3, 6}, {4}, {1}], [{8, 5}, {2, 7}, {4, 6}, {1, 3}], [{8, 5}, {2, 7}, {6}, {1, 4}, {3}], [{8, 5}, {3, 7}, {1, 6}, {2, 4}], [{8, 5}, {3, 7}, {2, 6}, {1, 4}], [{8, 5}, {3, 7}, {2, 6}, {4}, {1}], [{8, 5}, {3, 7}, {4, 6}, {1, 2}], [{8, 5}, {4, 7}, {1, 6}, {2, 3}], [{8, 5}, {4, 7}, {2, 6}, {1, 3}], [{8, 5}, {4, 7}, {3, 6}, {1, 2}], [{8, 5}, {4, 7}, {6}, {3}, {1, 2}], [{8, 5}, {6, 7}, {1, 4}, {2, 3}], [{8, 5}, {6, 7}, {1, 4}, {3}, {2}], [{8, 5}, {6, 7}, {2, 4}, {1, 3}], [{8, 5}, {6, 7}, {3, 4}, {1, 2}], [{8, 5}, {7}, {1, 6}, {2, 4}, {3}], [{8, 5}, {7}, {2, 6}, {1, 4}, {3}], [{8, 5}, {7}, {4, 6}, {1, 3}, {2}], [{8, 6}, {1, 7}, {2, 5}, {3, 4}], [{8, 6}, {1, 7}, {3, 5}, {2, 4}], [{8, 6}, {1, 7}, {4, 5}, {2, 3}], [{8, 6}, {2, 7}, {1, 5}, {3, 4}], [{8, 6}, {2, 7}, {1, 5}, {4}, {3}], [{8, 6}, {2, 7}, {3, 5}, {1, 4}], [{8, 6}, {2, 7}, {4, 5}, {1, 3}], [{8, 6}, {3, 7}, {1, 5}, {2, 4}], [{8, 6}, {3, 7}, {2, 5}, {1, 4}], [{8, 6}, {3, 7}, {4, 5}, {1, 2}], [{8, 6}, {4, 7}, {1, 5}, {2, 3}], [{8, 6}, {4, 7}, {2, 5}, {1, 3}], [{8, 6}, {4, 7}, {3, 5}, {1, 2}], [{8, 6}, {4, 7}, {3, 5}, {2}, {1}], [{8, 6}, {5, 7}, {1, 4}, {2, 3}], [{8, 6}, {5, 7}, {2, 4}, {1, 3}], [{8, 6}, {5, 7}, {3, 4}, {1, 2}], [{8, 7}, {1, 6}, {2, 5}, {3, 4}], [{8, 7}, {1, 6}, {3, 5}, {2, 4}], [{8, 7}, {1, 6}, {4, 5}, {2, 3}], [{8, 7}, {1, 6}, {4, 5}, {3}, {2}], [{8, 7}, {2, 6}, {1, 5}, {3, 4}], [{8, 7}, {2, 6}, {3, 5}, {1, 4}], [{8, 7}, {2, 6}, {4, 5}, {1, 3}], [{8, 7}, {3, 6}, {1, 5}, {2, 4}], [{8, 7}, {3, 6}, {2, 5}, {1, 4}], [{8, 7}, {3, 6}, {4, 5}, {1, 2}], [{8, 7}, {4, 6}, {1, 5}, {2, 3}], [{8, 7}, {4, 6}, {1, 5}, {3}, {2}], [{8, 7}, {4, 6}, {2, 5}, {1, 3}], [{8, 7}, {4, 6}, {3, 5}, {1, 2}], [{8, 7}, {5, 6}, {1, 4}, {2, 3}], [{8, 7}, {5, 6}, {1, 4}, {3}, {2}], [{8, 7}, {5, 6}, {2, 4}, {1, 3}], [{8, 7}, {5, 6}, {3, 4}, {1, 2}], [{8}, {1, 7}, {5, 6}, {4}, {2, 3}], [{8}, {2, 7}, {4, 6}, {1, 5}, {3}], [{8}, {2, 7}, {5, 6}, {4}, {1, 3}], [{8}, {2, 7}, {6}, {3, 5}, {1, 4}], [{8}, {3, 7}, {1, 6}, {4, 5}, {2}], [{8}, {3, 7}, {4, 6}, {1, 5}, {2}], [{8}, {3, 7}, {5, 6}, {1, 4}, {2}], [{8}, {4, 7}, {5, 6}, {1, 3}, {2}], [{8}, {5, 7}, {6}, {1, 4}, {2, 3}], [{8}, {6, 7}, {3, 5}, {1, 4}, {2}], [{8}, {7}, {1, 6}, {3, 5}, {2, 4}], [{8}, {7}, {2, 6}, {1, 5}, {3, 4}], [{8}, {7}, {2, 6}, {3, 5}, {1, 4}], [{8}, {7}, {2, 6}, {4, 5}, {1, 3}], [{8}, {7}, {3, 6}, {1, 5}, {2, 4}], [{8}, {7}, {4, 6}, {1, 5}, {2, 3}], [{8}, {7}, {4, 6}, {1, 5}, {3}, {2}], [{8}, {7}, {5, 6}, {2, 4}, {1, 3}]]",2,4 K_1^2 K_2 - 6 K_1^2 - 8 K_1 K_2 - 6 K_1 K_3 + 4 K_1 - 2 K_2^2 + 4 K_2 + 4 K_3 + 3 K_4 + 4,O1O2O3O4U2U5U6O7U4O6O5U8U3O8U1U7,O1O2O3U4U5U3U6O7O6U8O5O8U2U1O4U7,O1O2O3U4O5U3U2O6O7U6O8O4U8U1U7U5,c,{'O1O2O3O4U5U4O6U2U6O7O8U1O5U8U7U3'},1,"<a href=""/flatknot/8.850806"">8.850806</a>",t^9-26t^7-38t^6+51t^5+84t^4+40t^3-26t^2-88t+24,0,,
8.850807,O1O2O3O4U5U4O6U2U6O7O8U3O5U1U7U8,4,4z^3+43z^2+116z+93,4w^4z^3+43w^3z^2+116w^2z+93w,False,False,"[[ 0 -2 -1  0  1 -1  1  0  2],[ 2  0 -1  2  1 -1  1  1  2],[ 1  1  0  2  0 -2  1  0  0],[ 0 -2 -2  0  0 -1  0  0  1],[-1 -1  0  0  0 -1  0 -1 -1],[ 1  1  2  1  1  0  1  0  1],[-1 -1 -1  0  0 -1  0  0  0],[ 0 -1  0  0  1  0  0  0  1],[-2 -2  0 -1  1 -1  0 -1  0]]","[[ 0  2  1  1  0  0 -1 -1 -2],[-2  0  1  0 -1 -1  0 -1 -2],[-1 -1  0  0  0 -1  0 -1 -1],[-1  0  0  0  0  0 -1 -1 -1],[ 0  1  0  0  0  0 -2 -1 -2],[ 0  1  1  0  0  0  0  0 -1],[ 1  0  0  1  2  0  0 -2  1],[ 1  1  1  1  1  0  2  0  1],[ 2  2  1  1  2  1 -1 -1  0]]",True,"[-2,-1,-1,0,0,1,1,2,-1,0,1,1,0,1,2,0,0,1,0,1,1,0,0,1,1,1,0,2,1,2,0,0,1,2,-1,-1]","[-2,-1,-1,0,0,1,1,2,-1,-1,1,2,1,1,2,-2,0,2,0,1,0,0,1,1,1,1,0,1,0,1,0,0,1,0,-1,0]",t^8+30t^6+175t^4+41t^2+1,"[-2,-1,-1,0,0,1,1,2,2,2,0,1,2,2,2,-2,0,1,1,1,2,-1,1,1,2,3,0,1,1,1,1,0,1,0,1,2]","[-2,-1,-1,0,0,1,1,2,1,2,1,1,2,3,2,0,1,1,1,1,2,0,1,1,2,2,0,1,1,1,0,-1,0,2,2,2]","[-2,-1,-1,0,0,1,1,2,-1,-1,1,2,1,1,2,-2,0,2,0,1,0,0,1,1,1,1,0,1,0,1,0,0,1,0,-1,0]",c,"[[{8, 1}, {3, 7}, {5, 6}, {2, 4}]]",1,- 16 K_1^4 + 28 K_1^3 + 28 K_1^2 K_2 - 12 K_1^2 - 20 K_1 K_2 - 12 K_1 K_3 - 11 K_1 + 6 K_2 + 3 K_3 + K_4 + 6,O1O2O3O4U5U6U4O7U2O5O6U8U3O8U1U7,O1O2O3U1U4U5U6O7O6U8O4O8U2U3O5U7,O1O2O3U4O5U1U2O6O7U6O8O4U8U5U7U3,c,{'O1O2O3O4U5U4O6U2U6O7O8U3O5U1U7U8'},1,"<a href=""/flatknot/8.850807"">8.850807</a>",t^9-30t^7-70t^6+3t^5+118t^4+204t^3+254t^2+86t+2,0,,
8.850808,O1O2O3O4U5U4O6U2U6O7O8U3O5U1U8U7,4,4z^3+44z^2+117z+91,4w^4z^3+44w^3z^2+117w^2z+91w,False,False,"[[ 0 -2 -1  0  1 -1  1  1  1],[ 2  0 -1  2  1 -1  1  2  1],[ 1  1  0  2  0 -2  1  0  0],[ 0 -2 -2  0  0 -1  0  1  0],[-1 -1  0  0  0 -1  0 -1 -1],[ 1  1  2  1  1  0  1  0  1],[-1 -1 -1  0  0 -1  0  0  0],[-1 -2  0 -1  1  0  0  0  0],[-1 -1  0  0  1 -1  0  0  0]]","[[ 0  1  1  1  1  0 -1 -1 -2],[-1  0  1  0  0  0  0 -1 -1],[-1 -1  0  0 -1  0  0 -1 -1],[-1  0  0  0  0  0 -1 -1 -1],[-1  0  1  0  0 -1  0  0 -2],[ 0  0  0  0  1  0 -2 -1 -2],[ 1  0  0  1  0  2  0 -2  1],[ 1  1  1  1  0  1  2  0  1],[ 2  1  1  1  2  2 -1 -1  0]]",True,"[-1,-1,-1,-1,0,1,1,2,-1,0,0,0,0,1,1,0,1,0,0,1,1,0,0,1,1,1,1,0,0,2,2,1,2,2,-1,-1]","[-2,-1,-1,0,1,1,1,1,-1,-1,2,1,1,1,2,-2,2,0,0,1,0,1,1,1,1,0,0,0,0,1,-1,0,-1,0,0,0]",t^8+29t^6+157t^4+45t^2+1,"[-2,-1,-1,0,1,1,1,1,2,2,0,1,2,2,2,-2,0,2,1,1,1,-1,2,1,2,2,0,1,1,1,0,-1,0,0,0,1]","[-1,-1,-1,-1,0,1,1,2,-1,-1,0,1,1,2,2,0,0,0,2,2,1,0,1,1,2,2,1,1,1,2,0,-1,0,2,2,2]","[-2,-1,-1,0,1,1,1,1,-1,-1,2,1,1,1,2,-2,2,0,0,1,0,1,1,1,1,0,0,0,0,1,-1,0,-1,0,0,0]",c,"[[{8, 1}, {2, 7}, {3, 6}, {4, 5}], [{8, 1}, {2, 7}, {3, 6}, {5}, {4}], [{8, 1}, {2, 7}, {4, 6}, {3, 5}], [{8, 1}, {2, 7}, {5, 6}, {3, 4}], [{8, 1}, {2, 7}, {5, 6}, {4}, {3}], [{8, 1}, {2, 7}, {6}, {3, 5}, {4}], [{8, 1}, {3, 7}, {2, 6}, {4, 5}], [{8, 1}, {3, 7}, {4, 6}, {2, 5}], [{8, 1}, {3, 7}, {5, 6}, {2, 4}], [{8, 1}, {3, 7}, {5, 6}, {4}, {2}], [{8, 1}, {4, 7}, {2, 6}, {3, 5}], [{8, 1}, {4, 7}, {3, 6}, {2, 5}], [{8, 1}, {4, 7}, {5, 6}, {2, 3}], [{8, 1}, {4, 7}, {6}, {3, 5}, {2}], [{8, 1}, {5, 7}, {2, 6}, {3, 4}], [{8, 1}, {5, 7}, {3, 6}, {2, 4}], [{8, 1}, {5, 7}, {4, 6}, {2, 3}], [{8, 1}, {6, 7}, {2, 5}, {3, 4}], [{8, 1}, {6, 7}, {3, 5}, {2, 4}], [{8, 1}, {6, 7}, {4, 5}, {2, 3}], [{8, 1}, {7}, {5, 6}, {4}, {2, 3}], [{8, 1}, {7}, {6}, {3, 5}, {2, 4}], [{8, 2}, {1, 7}, {3, 6}, {4, 5}], [{8, 2}, {1, 7}, {4, 6}, {3, 5}], [{8, 2}, {1, 7}, {5, 6}, {3, 4}], [{8, 2}, {1, 7}, {6}, {3, 5}, {4}], [{8, 2}, {3, 7}, {1, 6}, {4, 5}], [{8, 2}, {3, 7}, {1, 6}, {5}, {4}], [{8, 2}, {3, 7}, {4, 6}, {1, 5}], [{8, 2}, {3, 7}, {5, 6}, {1, 4}], [{8, 2}, {3, 7}, {5, 6}, {4}, {1}], [{8, 2}, {3, 7}, {6}, {1, 5}, {4}], [{8, 2}, {4, 7}, {1, 6}, {3, 5}], [{8, 2}, {4, 7}, {3, 6}, {1, 5}], [{8, 2}, {4, 7}, {5, 6}, {1, 3}], [{8, 2}, {4, 7}, {6}, {3, 5}, {1}], [{8, 2}, {5, 7}, {1, 6}, {3, 4}], [{8, 2}, {5, 7}, {3, 6}, {1, 4}], [{8, 2}, {5, 7}, {4, 6}, {1, 3}], [{8, 2}, {6, 7}, {1, 5}, {3, 4}], [{8, 2}, {6, 7}, {3, 5}, {1, 4}], [{8, 2}, {6, 7}, {4, 5}, {1, 3}], [{8, 2}, {7}, {4, 6}, {1, 5}, {3}], [{8, 2}, {7}, {6}, {3, 5}, {1, 4}], [{8, 3}, {1, 7}, {2, 6}, {4, 5}], [{8, 3}, {1, 7}, {4, 6}, {2, 5}], [{8, 3}, {1, 7}, {5, 6}, {2, 4}], [{8, 3}, {2, 7}, {1, 6}, {4, 5}], [{8, 3}, {2, 7}, {4, 6}, {1, 5}], [{8, 3}, {2, 7}, {5, 6}, {1, 4}], [{8, 3}, {2, 7}, {6}, {1, 5}, {4}], [{8, 3}, {4, 7}, {1, 6}, {2, 5}], [{8, 3}, {4, 7}, {2, 6}, {1, 5}], [{8, 3}, {4, 7}, {5, 6}, {1, 2}], [{8, 3}, {4, 7}, {6}, {2, 5}, {1}], [{8, 3}, {5, 7}, {1, 6}, {2, 4}], [{8, 3}, {5, 7}, {2, 6}, {1, 4}], [{8, 3}, {5, 7}, {4, 6}, {1, 2}], [{8, 3}, {6, 7}, {1, 5}, {2, 4}], [{8, 3}, {6, 7}, {2, 5}, {1, 4}], [{8, 3}, {6, 7}, {4, 5}, {1, 2}], [{8, 3}, {6, 7}, {5}, {1, 4}, {2}], [{8, 3}, {7}, {1, 6}, {2, 5}, {4}], [{8, 3}, {7}, {1, 6}, {4, 5}, {2}], [{8, 3}, {7}, {1, 6}, {5}, {2, 4}], [{8, 4}, {1, 7}, {2, 6}, {3, 5}], [{8, 4}, {1, 7}, {3, 6}, {2, 5}], [{8, 4}, {1, 7}, {5, 6}, {2, 3}], [{8, 4}, {1, 7}, {6}, {3, 5}, {2}], [{8, 4}, {2, 7}, {1, 6}, {3, 5}], [{8, 4}, {2, 7}, {3, 6}, {1, 5}], [{8, 4}, {2, 7}, {3, 6}, {5}, {1}], [{8, 4}, {2, 7}, {5, 6}, {1, 3}], [{8, 4}, {2, 7}, {5, 6}, {3}, {1}], [{8, 4}, {2, 7}, {6}, {3, 5}, {1}], [{8, 4}, {3, 7}, {1, 6}, {2, 5}], [{8, 4}, {3, 7}, {2, 6}, {1, 5}], [{8, 4}, {3, 7}, {5, 6}, {1, 2}], [{8, 4}, {5, 7}, {1, 6}, {2, 3}], [{8, 4}, {5, 7}, {2, 6}, {1, 3}], [{8, 4}, {5, 7}, {3, 6}, {1, 2}], [{8, 4}, {6, 7}, {1, 5}, {2, 3}], [{8, 4}, {6, 7}, {2, 5}, {1, 3}], [{8, 4}, {6, 7}, {2, 5}, {3}, {1}], [{8, 4}, {6, 7}, {3, 5}, {1, 2}], [{8, 4}, {6, 7}, {3, 5}, {2}, {1}], [{8, 4}, {6, 7}, {5}, {2, 3}, {1}], [{8, 4}, {7}, {1, 6}, {3, 5}, {2}], [{8, 4}, {7}, {2, 6}, {1, 5}, {3}], [{8, 4}, {7}, {2, 6}, {3, 5}, {1}], [{8, 4}, {7}, {2, 6}, {5}, {1, 3}], [{8, 4}, {7}, {6}, {3, 5}, {1, 2}], [{8, 4}, {7}, {6}, {3, 5}, {2}, {1}], [{8, 5}, {1, 7}, {2, 6}, {3, 4}], [{8, 5}, {1, 7}, {3, 6}, {2, 4}], [{8, 5}, {1, 7}, {4, 6}, {2, 3}], [{8, 5}, {2, 7}, {1, 6}, {3, 4}], [{8, 5}, {2, 7}, {3, 6}, {1, 4}], [{8, 5}, {2, 7}, {3, 6}, {4}, {1}], [{8, 5}, {2, 7}, {4, 6}, {1, 3}], [{8, 5}, {3, 7}, {1, 6}, {2, 4}], [{8, 5}, {3, 7}, {2, 6}, {1, 4}], [{8, 5}, {3, 7}, {4, 6}, {1, 2}], [{8, 5}, {4, 7}, {1, 6}, {2, 3}], [{8, 5}, {4, 7}, {2, 6}, {1, 3}], [{8, 5}, {4, 7}, {3, 6}, {1, 2}], [{8, 5}, {6, 7}, {1, 4}, {2, 3}], [{8, 5}, {6, 7}, {2, 4}, {1, 3}], [{8, 5}, {6, 7}, {3, 4}, {1, 2}], [{8, 5}, {7}, {1, 6}, {3, 4}, {2}], [{8, 6}, {1, 7}, {2, 5}, {3, 4}], [{8, 6}, {1, 7}, {3, 5}, {2, 4}], [{8, 6}, {1, 7}, {4, 5}, {2, 3}], [{8, 6}, {1, 7}, {5}, {2, 4}, {3}], [{8, 6}, {2, 7}, {1, 5}, {3, 4}], [{8, 6}, {2, 7}, {1, 5}, {4}, {3}], [{8, 6}, {2, 7}, {3, 5}, {1, 4}], [{8, 6}, {2, 7}, {4, 5}, {1, 3}], [{8, 6}, {3, 7}, {1, 5}, {2, 4}], [{8, 6}, {3, 7}, {2, 5}, {1, 4}], [{8, 6}, {3, 7}, {4, 5}, {1, 2}], [{8, 6}, {4, 7}, {1, 5}, {2, 3}], [{8, 6}, {4, 7}, {2, 5}, {1, 3}], [{8, 6}, {4, 7}, {3, 5}, {1, 2}], [{8, 6}, {5, 7}, {1, 4}, {2, 3}], [{8, 6}, {5, 7}, {2, 4}, {1, 3}], [{8, 6}, {5, 7}, {3, 4}, {1, 2}], [{8, 7}, {1, 6}, {2, 5}, {3, 4}], [{8, 7}, {1, 6}, {3, 5}, {2, 4}], [{8, 7}, {1, 6}, {4, 5}, {2, 3}], [{8, 7}, {2, 6}, {1, 5}, {3, 4}], [{8, 7}, {2, 6}, {3, 5}, {1, 4}], [{8, 7}, {2, 6}, {4, 5}, {1, 3}], [{8, 7}, {3, 6}, {1, 5}, {2, 4}], [{8, 7}, {3, 6}, {2, 5}, {1, 4}], [{8, 7}, {3, 6}, {4, 5}, {1, 2}], [{8, 7}, {4, 6}, {1, 5}, {2, 3}], [{8, 7}, {4, 6}, {2, 5}, {1, 3}], [{8, 7}, {4, 6}, {3, 5}, {1, 2}], [{8, 7}, {4, 6}, {5}, {1, 3}, {2}], [{8, 7}, {5, 6}, {1, 4}, {2, 3}], [{8, 7}, {5, 6}, {2, 4}, {1, 3}], [{8, 7}, {5, 6}, {3, 4}, {1, 2}], [{8, 7}, {5, 6}, {4}, {1, 3}, {2}], [{8, 7}, {6}, {2, 5}, {1, 4}, {3}], [{8, 7}, {6}, {3, 5}, {1, 4}, {2}], [{8, 7}, {6}, {3, 5}, {2, 4}, {1}], [{8, 7}, {6}, {3, 5}, {4}, {1, 2}], [{8, 7}, {6}, {4, 5}, {1, 3}, {2}], [{8, 7}, {6}, {5}, {1, 4}, {2, 3}], [{8}, {1, 7}, {6}, {3, 5}, {2, 4}], [{8}, {1, 7}, {6}, {4, 5}, {2, 3}], [{8}, {2, 7}, {3, 6}, {1, 5}, {4}], [{8}, {2, 7}, {3, 6}, {4, 5}, {1}], [{8}, {2, 7}, {3, 6}, {5}, {1, 4}], [{8}, {2, 7}, {5, 6}, {1, 4}, {3}], [{8}, {2, 7}, {6}, {3, 5}, {1, 4}], [{8}, {3, 7}, {4, 6}, {1, 5}, {2}], [{8}, {3, 7}, {5, 6}, {4}, {1, 2}], [{8}, {4, 7}, {6}, {3, 5}, {1, 2}], [{8}, {6, 7}, {1, 5}, {2, 4}, {3}], [{8}, {6, 7}, {1, 5}, {3, 4}, {2}], [{8}, {6, 7}, {1, 5}, {4}, {2, 3}], [{8}, {6, 7}, {4, 5}, {3}, {1, 2}]]",2,12 K_1^3 + 8 K_1^2 K_2 - 6 K_1^2 - 12 K_1 K_2 - 8 K_1 K_3 - 3 K_1 + 3 K_2 + 3 K_3 + 2 K_4 + 2,O1O2O3O4U5U6U4O7U2O6O5U8U3O8U1U7,O1O2O3U1U4U5U6O7O6U8O4O8U3U2O5U7,O1O2O3U4O5U2U1O6O7U6O8O4U8U5U7U3,c,{'O1O2O3O4U5U4O6U2U6O7O8U3O5U1U8U7'},1,"<a href=""/flatknot/8.850808"">8.850808</a>",t^9-31t^7-60t^6+58t^5+98t^4-68t^3+104t^2+99t-62,t^2-2t,,
8.850809,O1O2O3O4U5U4O6U2U6O7O8U3O5U7U1U8,4,2z^3+26z^2+105z+123,2w^4z^3+26w^3z^2+105w^2z+123w,False,False,"[[ 0 -1 -1  0  1 -1  1 -1  2],[ 1  0 -1  1  1 -1  1  0  2],[ 1  1  0  2  0 -2  1  0  0],[ 0 -1 -2  0  0 -1  0  0  1],[-1 -1  0  0  0 -1  0 -1 -1],[ 1  1  2  1  1  0  1 -1  1],[-1 -1 -1  0  0 -1  0  0  0],[ 1  0  0  0  1  1  0  0  1],[-2 -2  0 -1  1 -1  0 -1  0]]","[[ 0  2  1  1  0 -1 -1 -1 -1],[-2  0  1  0 -1  0 -1 -1 -2],[-1 -1  0  0  0  0 -1 -1 -1],[-1  0  0  0  0 -1  0 -1 -1],[ 0  1  0  0  0 -2  0 -1 -1],[ 1  0  0  1  2  0  0 -2  1],[ 1  1  1  0  0  0  0  1  0],[ 1  1  1  1  1  2 -1  0  1],[ 1  2  1  1  1 -1  0 -1  0]]",True,"[-2,-1,-1,0,1,1,1,1,-1,0,1,0,1,1,2,0,0,0,1,1,1,0,1,0,1,1,2,0,1,1,0,2,-1,-1,0,-1]","[-2,-1,-1,0,1,1,1,1,-1,0,1,0,1,1,2,0,0,0,1,1,1,0,1,0,1,1,2,0,1,1,0,2,-1,-1,0,-1]",t^8+27t^6+164t^4+52t^2+1,"[-1,-1,-1,-1,0,1,1,2,-2,-1,1,0,1,1,2,-1,0,-1,1,2,3,0,0,1,1,1,1,2,1,2,1,1,1,0,1,2]","[-2,-1,-1,0,1,1,1,1,1,2,1,1,2,2,3,0,1,1,1,2,1,1,1,1,1,2,0,0,1,-1,-1,0,-1,-1,2,0]","[-1,-1,-1,-1,0,1,1,2,-2,0,1,2,0,1,0,-1,1,1,1,1,1,0,0,1,0,1,1,1,1,2,0,0,1,0,-1,0]",c,"[[{8, 1}, {2, 7}, {3, 6}, {4, 5}], [{8, 1}, {2, 7}, {4, 6}, {3, 5}], [{8, 1}, {2, 7}, {5, 6}, {3, 4}], [{8, 1}, {2, 7}, {6}, {3, 5}, {4}], [{8, 1}, {3, 7}, {2, 6}, {4, 5}], [{8, 1}, {3, 7}, {4, 6}, {2, 5}], [{8, 1}, {3, 7}, {5, 6}, {2, 4}], [{8, 1}, {4, 7}, {2, 6}, {3, 5}], [{8, 1}, {4, 7}, {3, 6}, {2, 5}], [{8, 1}, {4, 7}, {5, 6}, {2, 3}], [{8, 1}, {4, 7}, {6}, {3, 5}, {2}], [{8, 1}, {5, 7}, {2, 6}, {3, 4}], [{8, 1}, {5, 7}, {3, 6}, {2, 4}], [{8, 1}, {5, 7}, {4, 6}, {2, 3}], [{8, 1}, {6, 7}, {2, 5}, {3, 4}], [{8, 1}, {6, 7}, {3, 5}, {2, 4}], [{8, 1}, {6, 7}, {4, 5}, {2, 3}], [{8, 1}, {6, 7}, {5}, {2, 4}, {3}], [{8, 1}, {7}, {6}, {3, 5}, {2, 4}], [{8, 2}, {1, 7}, {3, 6}, {4, 5}], [{8, 2}, {1, 7}, {4, 6}, {3, 5}], [{8, 2}, {1, 7}, {5, 6}, {3, 4}], [{8, 2}, {1, 7}, {6}, {3, 5}, {4}], [{8, 2}, {3, 7}, {1, 6}, {4, 5}], [{8, 2}, {3, 7}, {1, 6}, {5}, {4}], [{8, 2}, {3, 7}, {4, 6}, {1, 5}], [{8, 2}, {3, 7}, {5, 6}, {1, 4}], [{8, 2}, {3, 7}, {5, 6}, {4}, {1}], [{8, 2}, {3, 7}, {6}, {1, 5}, {4}], [{8, 2}, {4, 7}, {1, 6}, {3, 5}], [{8, 2}, {4, 7}, {3, 6}, {1, 5}], [{8, 2}, {4, 7}, {5, 6}, {1, 3}], [{8, 2}, {4, 7}, {6}, {3, 5}, {1}], [{8, 2}, {5, 7}, {1, 6}, {3, 4}], [{8, 2}, {5, 7}, {3, 6}, {1, 4}], [{8, 2}, {5, 7}, {4, 6}, {1, 3}], [{8, 2}, {6, 7}, {1, 5}, {3, 4}], [{8, 2}, {6, 7}, {3, 5}, {1, 4}], [{8, 2}, {6, 7}, {4, 5}, {1, 3}], [{8, 2}, {6, 7}, {5}, {1, 4}, {3}], [{8, 2}, {7}, {6}, {3, 5}, {1, 4}], [{8, 3}, {1, 7}, {2, 6}, {4, 5}], [{8, 3}, {1, 7}, {4, 6}, {2, 5}], [{8, 3}, {1, 7}, {5, 6}, {2, 4}], [{8, 3}, {2, 7}, {1, 6}, {4, 5}], [{8, 3}, {2, 7}, {4, 6}, {1, 5}], [{8, 3}, {2, 7}, {5, 6}, {1, 4}], [{8, 3}, {4, 7}, {1, 6}, {2, 5}], [{8, 3}, {4, 7}, {2, 6}, {1, 5}], [{8, 3}, {4, 7}, {5, 6}, {1, 2}], [{8, 3}, {4, 7}, {6}, {1, 5}, {2}], [{8, 3}, {4, 7}, {6}, {2, 5}, {1}], [{8, 3}, {4, 7}, {6}, {5}, {1, 2}], [{8, 3}, {5, 7}, {1, 6}, {2, 4}], [{8, 3}, {5, 7}, {2, 6}, {1, 4}], [{8, 3}, {5, 7}, {4, 6}, {1, 2}], [{8, 3}, {5, 7}, {6}, {1, 4}, {2}], [{8, 3}, {6, 7}, {1, 5}, {2, 4}], [{8, 3}, {6, 7}, {2, 5}, {1, 4}], [{8, 3}, {6, 7}, {4, 5}, {1, 2}], [{8, 4}, {1, 7}, {2, 6}, {3, 5}], [{8, 4}, {1, 7}, {3, 6}, {2, 5}], [{8, 4}, {1, 7}, {5, 6}, {2, 3}], [{8, 4}, {1, 7}, {6}, {3, 5}, {2}], [{8, 4}, {2, 7}, {1, 6}, {3, 5}], [{8, 4}, {2, 7}, {3, 6}, {1, 5}], [{8, 4}, {2, 7}, {5, 6}, {1, 3}], [{8, 4}, {2, 7}, {6}, {3, 5}, {1}], [{8, 4}, {3, 7}, {1, 6}, {2, 5}], [{8, 4}, {3, 7}, {2, 6}, {1, 5}], [{8, 4}, {3, 7}, {5, 6}, {1, 2}], [{8, 4}, {5, 7}, {1, 6}, {2, 3}], [{8, 4}, {5, 7}, {2, 6}, {1, 3}], [{8, 4}, {5, 7}, {3, 6}, {1, 2}], [{8, 4}, {5, 7}, {6}, {2, 3}, {1}], [{8, 4}, {6, 7}, {1, 5}, {2, 3}], [{8, 4}, {6, 7}, {2, 5}, {1, 3}], [{8, 4}, {6, 7}, {3, 5}, {1, 2}], [{8, 4}, {7}, {2, 6}, {5}, {1, 3}], [{8, 4}, {7}, {6}, {3, 5}, {1, 2}], [{8, 5}, {1, 7}, {2, 6}, {3, 4}], [{8, 5}, {1, 7}, {3, 6}, {2, 4}], [{8, 5}, {1, 7}, {4, 6}, {2, 3}], [{8, 5}, {2, 7}, {1, 6}, {3, 4}], [{8, 5}, {2, 7}, {3, 6}, {1, 4}], [{8, 5}, {2, 7}, {4, 6}, {1, 3}], [{8, 5}, {3, 7}, {1, 6}, {2, 4}], [{8, 5}, {3, 7}, {2, 6}, {1, 4}], [{8, 5}, {3, 7}, {4, 6}, {1, 2}], [{8, 5}, {4, 7}, {1, 6}, {2, 3}], [{8, 5}, {4, 7}, {2, 6}, {1, 3}], [{8, 5}, {4, 7}, {3, 6}, {1, 2}], [{8, 5}, {4, 7}, {6}, {3}, {1, 2}], [{8, 5}, {6, 7}, {1, 4}, {2, 3}], [{8, 5}, {6, 7}, {1, 4}, {3}, {2}], [{8, 5}, {6, 7}, {2, 4}, {1, 3}], [{8, 5}, {6, 7}, {2, 4}, {3}, {1}], [{8, 5}, {6, 7}, {3, 4}, {1, 2}], [{8, 5}, {6, 7}, {3, 4}, {2}, {1}], [{8, 5}, {6, 7}, {4}, {1, 3}, {2}], [{8, 5}, {6, 7}, {4}, {2, 3}, {1}], [{8, 5}, {6, 7}, {4}, {3}, {1, 2}], [{8, 5}, {6, 7}, {4}, {3}, {2}, {1}], [{8, 5}, {7}, {4, 6}, {3}, {1, 2}], [{8, 6}, {1, 7}, {2, 5}, {3, 4}], [{8, 6}, {1, 7}, {3, 5}, {2, 4}], [{8, 6}, {1, 7}, {4, 5}, {2, 3}], [{8, 6}, {2, 7}, {1, 5}, {3, 4}], [{8, 6}, {2, 7}, {3, 5}, {1, 4}], [{8, 6}, {2, 7}, {3, 5}, {4}, {1}], [{8, 6}, {2, 7}, {4, 5}, {1, 3}], [{8, 6}, {3, 7}, {1, 5}, {2, 4}], [{8, 6}, {3, 7}, {2, 5}, {1, 4}], [{8, 6}, {3, 7}, {4, 5}, {1, 2}], [{8, 6}, {4, 7}, {1, 5}, {2, 3}], [{8, 6}, {4, 7}, {2, 5}, {1, 3}], [{8, 6}, {4, 7}, {3, 5}, {1, 2}], [{8, 6}, {5, 7}, {1, 4}, {2, 3}], [{8, 6}, {5, 7}, {2, 4}, {1, 3}], [{8, 6}, {5, 7}, {3, 4}, {1, 2}], [{8, 7}, {1, 6}, {2, 5}, {3, 4}], [{8, 7}, {1, 6}, {3, 5}, {2, 4}], [{8, 7}, {1, 6}, {4, 5}, {2, 3}], [{8, 7}, {1, 6}, {5}, {3, 4}, {2}], [{8, 7}, {2, 6}, {1, 5}, {3, 4}], [{8, 7}, {2, 6}, {3, 5}, {1, 4}], [{8, 7}, {2, 6}, {4, 5}, {1, 3}], [{8, 7}, {3, 6}, {1, 5}, {2, 4}], [{8, 7}, {3, 6}, {2, 5}, {1, 4}], [{8, 7}, {3, 6}, {4, 5}, {1, 2}], [{8, 7}, {3, 6}, {4, 5}, {2}, {1}], [{8, 7}, {4, 6}, {1, 5}, {2, 3}], [{8, 7}, {4, 6}, {2, 5}, {1, 3}], [{8, 7}, {4, 6}, {3, 5}, {1, 2}], [{8, 7}, {5, 6}, {1, 4}, {2, 3}], [{8, 7}, {5, 6}, {2, 4}, {1, 3}], [{8, 7}, {5, 6}, {3, 4}, {1, 2}], [{8, 7}, {6}, {3, 5}, {1, 4}, {2}], [{8, 7}, {6}, {3, 5}, {2, 4}, {1}], [{8, 7}, {6}, {3, 5}, {4}, {1, 2}], [{8}, {1, 7}, {6}, {3, 5}, {2, 4}], [{8}, {2, 7}, {1, 6}, {3, 5}, {4}], [{8}, {2, 7}, {4, 6}, {3, 5}, {1}], [{8}, {2, 7}, {6}, {1, 5}, {3, 4}], [{8}, {2, 7}, {6}, {3, 5}, {1, 4}], [{8}, {2, 7}, {6}, {3, 5}, {4}, {1}], [{8}, {2, 7}, {6}, {4, 5}, {1, 3}], [{8}, {3, 7}, {4, 6}, {1, 5}, {2}], [{8}, {3, 7}, {5, 6}, {1, 4}, {2}], [{8}, {4, 7}, {6}, {3, 5}, {1, 2}], [{8}, {5, 7}, {1, 6}, {4}, {2, 3}], [{8}, {6, 7}, {1, 5}, {2, 4}, {3}], [{8}, {6, 7}, {2, 5}, {1, 4}, {3}]]",2,12 K_1^3 + 8 K_1^2 K_2 - 24 K_1^2 - 20 K_1 K_2 - 6 K_1 K_3 + K_1 - 2 K_2^2 + 11 K_2 + 7 K_3 + 2 K_4 + 12,O1O2O3O4U5U4U6O7U2O5O6U8U3O8U1U7,O1O2O3U2U4U5U6O7O6U8O4O8U1U3O5U7,O1O2O3U4O5U1U3O6O7U6O8O4U8U5U7U2,c,{'O1O2O3O4U5U4O6U2U6O7O8U3O5U7U1U8'},1,"<a href=""/flatknot/8.850809"">8.850809</a>",t^9-25t^7-56t^6+5t^5+86t^4+50t^3+30t^2+9t-20,-t^2+2t,,
8.850810,O1O2O3O4U5U4O6U2U6O7O8U3O5U8U1U7,4,9z^2+62z+89,9w^3z^2+62w^2z+89w,False,False,"[[ 0 -1 -1  0  1 -1  1  1  0],[ 1  0 -1  1  1 -1  1  1  0],[ 1  1  0  2  0 -2  1  0  0],[ 0 -1 -2  0  0 -1  0  1  0],[-1 -1  0  0  0 -1  0 -1 -1],[ 1  1  2  1  1  0  1  0  0],[-1 -1 -1  0  0 -1  0  0  0],[-1 -1  0 -1  1  0  0  0  0],[ 0  0  0  0  1  0  0  0  0]]","[[ 0  1  1  1  0  0 -1 -1 -1],[-1  0  1  0  0 -1  0  0 -1],[-1 -1  0  0 -1  0  0 -1 -1],[-1  0  0  0  0  0 -1 -1 -1],[ 0  0  1  0  0  0  0  0  0],[ 0  1  0  0  0  0 -2 -1 -1],[ 1  0  0  1  0  2  0 -2  1],[ 1  0  1  1  0  1  2  0  1],[ 1  1  1  1  0  1 -1 -1  0]]",True,"[-1,-1,-1,0,0,1,1,1,-1,0,0,1,0,0,1,0,1,0,0,1,1,0,0,1,1,1,0,0,0,0,2,1,1,2,-1,-1]","[-1,-1,-1,0,0,1,1,1,-2,-1,0,1,1,1,2,-1,-1,1,1,2,2,0,1,1,1,1,0,1,1,0,1,0,1,0,0,1]",t^8+21t^6+81t^4+27t^2+1,"[-1,-1,-1,0,0,1,1,1,-2,-1,0,1,1,1,2,-1,-1,1,1,2,2,0,1,1,1,1,0,1,1,0,1,0,1,0,0,1]","[-1,-1,-1,0,0,1,1,1,-1,0,0,1,1,1,2,0,1,0,1,2,2,1,1,1,1,1,0,1,1,1,0,0,-1,-1,-1,2]","[-1,-1,-1,0,0,1,1,1,-2,1,0,2,0,0,1,1,0,1,0,1,1,0,1,1,1,1,0,0,1,0,1,0,0,1,0,0]",c,"[[{8, 3}, {2, 7}, {1, 6}, {4, 5}], [{8, 3}, {2, 7}, {5, 6}, {1, 4}]]",1,12 K_1^3 - 24 K_1^2 - 16 K_1 K_2 - K_1 + 12 K_2 + 5 K_3 + 13,O1O2O3O4U5U4U6O7U2O6O5U8U3O8U1U7,O1O2O3U2U4U5U6O7O6U8O4O8U3U1O5U7,O1O2O3U4O5U3U1O6O7U6O8O4U8U5U7U2,c,"{'O1O2O3U4U3O5U1U5O6O7U2O4U8U6O8U7', 'O1O2O3O4U5U4O6U2U6O7O8U3O5U8U1U7'}",2,"<a href=""/flatknot/8.850810"">8.850810</a>",t^9-21t^7-38t^6+11t^5+40t^4+22t^3+26t^2-2t-16,0,,
8.850811,O1O2O3O4U5U4O6U2U6O7O8U7O5U1U3U8,4,14z^2+99z+143,14w^3z^2+99w^2z+143w,False,False,"[[ 0 -2 -1  1  1 -1  1 -1  2],[ 2  0  0  2  1  0  1  0  2],[ 1  0  0  1  0 -1  1  0  0],[-1 -2 -1  0  1 -2  0  0  1],[-1 -1  0 -1  0 -1  0  0 -1],[ 1  0  1  2  1  0  1 -1  1],[-1 -1 -1  0  0 -1  0  0  0],[ 1  0  0  0  0  1  0  0  1],[-2 -2  0 -1  1 -1  0 -1  0]]","[[ 0  2  1  1  1 -1 -1 -1 -2],[-2  0  1  0 -1  0 -1 -1 -2],[-1 -1  0  0 -1  0  0 -1 -1],[-1  0  0  0  0 -1  0 -1 -1],[-1  1  1  0  0 -1  0 -2 -2],[ 1  0  0  1  1  0  0 -1  0],[ 1  1  0  0  0  0  0  1  0],[ 1  1  1  1  2  1 -1  0  0],[ 2  2  1  1  2  0  0  0  0]]",True,"[-2,-1,-1,-1,1,1,1,2,-1,0,1,0,1,1,2,0,1,0,0,1,1,0,1,0,1,1,1,0,2,2,0,1,0,-1,0,0]","[-2,-1,-1,-1,1,1,1,2,-1,0,1,0,1,1,2,0,1,0,0,1,1,0,1,0,1,1,1,0,2,2,0,1,0,-1,0,0]",t^8+25t^6+87t^4+28t^2+1,"[-2,-1,-1,-1,1,1,1,2,1,1,1,1,2,2,2,-1,0,2,2,2,2,-1,0,1,1,2,1,1,2,3,0,-1,0,0,1,2]","[-2,-1,-1,-1,1,1,1,2,0,1,2,2,2,3,2,0,1,0,2,1,1,0,1,2,1,2,1,2,2,2,-1,1,1,0,1,1]","[-2,-1,-1,-1,1,1,1,2,0,0,0,1,1,2,2,-1,0,0,1,1,0,-1,1,1,2,1,0,0,0,1,0,-1,-1,0,0,1]",c,"[[{8, 1}, {4, 7}, {2, 6}, {3, 5}], [{8, 1}, {6, 7}, {3, 5}, {2, 4}]]",1,4 K_1^3 + 4 K_1^2 K_2 - 16 K_1^2 - 20 K_1 K_2 - 4 K_1 K_3 + 7 K_1 - 8 K_2^2 + 8 K_2 + 9 K_3 + 5 K_4 + 12,O1O2O3O4U5U2U4O6U7O5O7U8U3O8U1U6,O1O2O3U1U4U2U5O6O5U7O4O7U8U3O8U6,O1O2O3U4O5U1U5O6O7U6O8O4U8U2U7U3,c,{'O1O2O3O4U5U4O6U2U6O7O8U7O5U1U3U8'},1,"<a href=""/flatknot/8.850811"">8.850811</a>",t^9-25t^7-30t^6+69t^5+74t^4-67t^3-54t^2+18t+10,0,,
8.850812,O1O2O3O4U5U4O6U2U6O7O8U7O5U1U8U3,4,9z^2+94z+153,9w^3z^2+94w^2z+153w,False,False,"[[ 0 -2 -1  2  1 -1  1 -1  1],[ 2  0  0  3  1  0  1  0  1],[ 1  0  0  1  0 -1  1  0 -1],[-2 -3 -1  0  1 -2  0 -1  0],[-1 -1  0 -1  0 -1  0  0 -1],[ 1  0  1  2  1  0  1 -1  0],[-1 -1 -1  0  0 -1  0  0  0],[ 1  0  0  1  0  1  0  0  1],[-1 -1  1  0  1  0  0 -1  0]]","[[ 0  2  1  1  1 -1 -1 -1 -2],[-2  0  1  0  0 -1 -1 -2 -3],[-1 -1  0  0 -1  0  0 -1 -1],[-1  0  0  0  0  0 -1 -1 -1],[-1  0  1  0  0 -1  1  0 -1],[ 1  1  0  0  1  0  0  1  0],[ 1  1  0  1 -1  0  0 -1  0],[ 1  2  1  1  0 -1  1  0  0],[ 2  3  1  1  1  0  0  0  0]]",True,"[-2,-1,-1,-1,1,1,1,2,-1,0,0,1,1,2,3,0,1,0,0,1,1,0,0,1,1,1,1,-1,0,1,0,-1,0,1,0,0]","[-2,-1,-1,-1,1,1,1,2,-1,0,0,1,1,2,3,0,1,0,0,1,1,0,0,1,1,1,1,-1,0,1,0,-1,0,1,0,0]",t^8+27t^6+113t^4+23t^2,"[-2,-1,-1,-1,1,1,1,2,1,1,1,2,2,2,1,-1,0,1,2,2,2,-1,2,1,1,1,3,1,2,2,0,-1,1,0,1,2]","[-2,-1,-1,-1,1,1,1,2,1,1,2,1,2,2,1,0,0,1,1,2,2,1,2,3,1,2,1,2,2,2,1,-1,1,0,1,1]","[-2,-1,-1,-1,1,1,1,2,0,0,0,1,1,1,3,-1,0,-1,0,1,1,-1,0,1,1,2,1,0,0,1,1,0,0,0,-1,0]",c,"[[{8, 2}, {6, 7}, {4, 5}, {1, 3}]]",0,12 K_1^3 - 26 K_1^2 - 28 K_1 K_2 - 6 K_1 K_3 + 5 K_1 - 2 K_2^2 + 16 K_2 + 11 K_3 + 4 K_4 + 15,O1O2O3O4U2U5U4O6U7O5O7U8U3O8U1U6,O1O2O3U1U4U3U5O6O5U7O4O7U8U2O8U6,O1O2O3U4O5U2U5O6O7U6O8O4U8U1U7U3,c,{'O1O2O3O4U5U4O6U2U6O7O8U7O5U1U8U3'},1,"<a href=""/flatknot/8.850812"">8.850812</a>",t^9-27t^7-20t^6+87t^5-4t^4-65t^3+20t^2+16t-8,0,,
8.850813,O1O2O3O4U5U4O6U2U6O7O8U7O5U3U1U8,4,4z^3+37z^2+110z+105,4w^4z^3+37w^3z^2+110w^2z+105w,False,False,"[[ 0 -1 -1  0  1 -1  1 -1  2],[ 1  0 -1  1  1 -1  1  0  2],[ 1  1  0  1  0 -1  1  0  0],[ 0 -1 -1  0  1 -1  0  0  1],[-1 -1  0 -1  0 -1  0  0 -1],[ 1  1  1  1  1  0  1 -1  1],[-1 -1 -1  0  0 -1  0  0  0],[ 1  0  0  0  0  1  0  0  1],[-2 -2  0 -1  1 -1  0 -1  0]]","[[ 0  2  1  1  0 -1 -1 -1 -1],[-2  0  1  0 -1  0 -1 -1 -2],[-1 -1  0  0 -1  0  0 -1 -1],[-1  0  0  0  0 -1  0 -1 -1],[ 0  1  1  0  0 -1  0 -1 -1],[ 1  0  0  1  1  0  0 -1  1],[ 1  1  0  0  0  0  0  1  0],[ 1  1  1  1  1  1 -1  0  1],[ 1  2  1  1  1 -1  0 -1  0]]",True,"[-2,-1,-1,0,1,1,1,1,-1,0,1,0,1,1,2,0,1,0,0,1,1,0,1,0,1,1,1,0,1,1,0,1,-1,-1,0,-1]","[-2,-1,-1,0,1,1,1,1,-1,0,1,0,1,1,2,0,1,0,0,1,1,0,1,0,1,1,1,0,1,1,0,1,-1,-1,0,-1]",t^8+21t^6+79t^4+19t^2,"[-1,-1,-1,-1,0,1,1,2,-1,-1,1,0,1,1,2,-1,0,0,1,2,3,0,0,1,1,1,1,2,2,2,1,0,1,0,1,2]","[-2,-1,-1,0,1,1,1,1,1,2,1,1,2,2,3,0,1,1,1,2,1,0,1,1,2,2,0,0,1,0,-1,0,-1,-1,1,0]","[-1,-1,-1,-1,0,1,1,2,-1,-1,0,1,1,1,2,-1,0,1,0,1,0,-1,1,1,1,1,0,0,0,1,1,0,1,0,-1,0]",c,"[[{8, 1}, {2, 7}, {3, 6}, {4, 5}], [{8, 1}, {2, 7}, {3, 6}, {5}, {4}], [{8, 1}, {2, 7}, {4, 6}, {3, 5}], [{8, 1}, {2, 7}, {4, 6}, {5}, {3}], [{8, 1}, {2, 7}, {5, 6}, {3, 4}], [{8, 1}, {2, 7}, {6}, {5}, {3, 4}], [{8, 1}, {3, 7}, {2, 6}, {4, 5}], [{8, 1}, {3, 7}, {4, 6}, {2, 5}], [{8, 1}, {3, 7}, {5, 6}, {2, 4}], [{8, 1}, {4, 7}, {2, 6}, {3, 5}], [{8, 1}, {4, 7}, {3, 6}, {2, 5}], [{8, 1}, {4, 7}, {5, 6}, {2, 3}], [{8, 1}, {4, 7}, {5, 6}, {3}, {2}], [{8, 1}, {5, 7}, {2, 6}, {3, 4}], [{8, 1}, {5, 7}, {3, 6}, {2, 4}], [{8, 1}, {5, 7}, {4, 6}, {2, 3}], [{8, 1}, {6, 7}, {2, 5}, {3, 4}], [{8, 1}, {6, 7}, {3, 5}, {2, 4}], [{8, 1}, {6, 7}, {4, 5}, {2, 3}], [{8, 1}, {6, 7}, {4, 5}, {3}, {2}], [{8, 1}, {7}, {6}, {3, 5}, {2, 4}], [{8, 2}, {1, 7}, {3, 6}, {4, 5}], [{8, 2}, {1, 7}, {4, 6}, {3, 5}], [{8, 2}, {1, 7}, {4, 6}, {5}, {3}], [{8, 2}, {1, 7}, {5, 6}, {3, 4}], [{8, 2}, {1, 7}, {5, 6}, {4}, {3}], [{8, 2}, {1, 7}, {6}, {4, 5}, {3}], [{8, 2}, {3, 7}, {1, 6}, {4, 5}], [{8, 2}, {3, 7}, {4, 6}, {1, 5}], [{8, 2}, {3, 7}, {4, 6}, {5}, {1}], [{8, 2}, {3, 7}, {5, 6}, {1, 4}], [{8, 2}, {3, 7}, {5, 6}, {4}, {1}], [{8, 2}, {3, 7}, {6}, {4, 5}, {1}], [{8, 2}, {4, 7}, {1, 6}, {3, 5}], [{8, 2}, {4, 7}, {3, 6}, {1, 5}], [{8, 2}, {4, 7}, {5, 6}, {1, 3}], [{8, 2}, {4, 7}, {5, 6}, {3}, {1}], [{8, 2}, {4, 7}, {6}, {5}, {1, 3}], [{8, 2}, {5, 7}, {1, 6}, {3, 4}], [{8, 2}, {5, 7}, {3, 6}, {1, 4}], [{8, 2}, {5, 7}, {4, 6}, {1, 3}], [{8, 2}, {5, 7}, {4, 6}, {3}, {1}], [{8, 2}, {5, 7}, {6}, {4}, {1, 3}], [{8, 2}, {6, 7}, {1, 5}, {3, 4}], [{8, 2}, {6, 7}, {3, 5}, {1, 4}], [{8, 2}, {6, 7}, {4, 5}, {1, 3}], [{8, 2}, {6, 7}, {4, 5}, {3}, {1}], [{8, 2}, {6, 7}, {5}, {4}, {1, 3}], [{8, 2}, {7}, {1, 6}, {3, 5}, {4}], [{8, 2}, {7}, {1, 6}, {4, 5}, {3}], [{8, 2}, {7}, {1, 6}, {5}, {3, 4}], [{8, 2}, {7}, {3, 6}, {1, 5}, {4}], [{8, 2}, {7}, {3, 6}, {4, 5}, {1}], [{8, 2}, {7}, {3, 6}, {5}, {1, 4}], [{8, 2}, {7}, {4, 6}, {1, 5}, {3}], [{8, 2}, {7}, {4, 6}, {3, 5}, {1}], [{8, 2}, {7}, {4, 6}, {5}, {1, 3}], [{8, 2}, {7}, {4, 6}, {5}, {3}, {1}], [{8, 2}, {7}, {5, 6}, {1, 4}, {3}], [{8, 2}, {7}, {5, 6}, {3, 4}, {1}], [{8, 2}, {7}, {5, 6}, {4}, {1, 3}], [{8, 2}, {7}, {5, 6}, {4}, {3}, {1}], [{8, 2}, {7}, {6}, {1, 5}, {3, 4}], [{8, 2}, {7}, {6}, {3, 5}, {1, 4}], [{8, 2}, {7}, {6}, {4, 5}, {1, 3}], [{8, 2}, {7}, {6}, {4, 5}, {3}, {1}], [{8, 2}, {7}, {6}, {5}, {4}, {1, 3}], [{8, 3}, {1, 7}, {2, 6}, {4, 5}], [{8, 3}, {1, 7}, {4, 6}, {2, 5}], [{8, 3}, {1, 7}, {4, 6}, {5}, {2}], [{8, 3}, {1, 7}, {5, 6}, {2, 4}], [{8, 3}, {2, 7}, {1, 6}, {4, 5}], [{8, 3}, {2, 7}, {4, 6}, {1, 5}], [{8, 3}, {2, 7}, {5, 6}, {1, 4}], [{8, 3}, {4, 7}, {1, 6}, {2, 5}], [{8, 3}, {4, 7}, {2, 6}, {1, 5}], [{8, 3}, {4, 7}, {5, 6}, {1, 2}], [{8, 3}, {5, 7}, {1, 6}, {2, 4}], [{8, 3}, {5, 7}, {2, 6}, {1, 4}], [{8, 3}, {5, 7}, {4, 6}, {1, 2}], [{8, 3}, {5, 7}, {6}, {1, 4}, {2}], [{8, 3}, {6, 7}, {1, 5}, {2, 4}], [{8, 3}, {6, 7}, {1, 5}, {4}, {2}], [{8, 3}, {6, 7}, {2, 5}, {1, 4}], [{8, 3}, {6, 7}, {4, 5}, {1, 2}], [{8, 3}, {7}, {2, 6}, {5}, {1, 4}], [{8, 4}, {1, 7}, {2, 6}, {3, 5}], [{8, 4}, {1, 7}, {3, 6}, {2, 5}], [{8, 4}, {1, 7}, {5, 6}, {2, 3}], [{8, 4}, {1, 7}, {6}, {2, 5}, {3}], [{8, 4}, {2, 7}, {1, 6}, {3, 5}], [{8, 4}, {2, 7}, {3, 6}, {1, 5}], [{8, 4}, {2, 7}, {5, 6}, {1, 3}], [{8, 4}, {2, 7}, {6}, {3, 5}, {1}], [{8, 4}, {3, 7}, {1, 6}, {2, 5}], [{8, 4}, {3, 7}, {2, 6}, {1, 5}], [{8, 4}, {3, 7}, {5, 6}, {1, 2}], [{8, 4}, {5, 7}, {1, 6}, {2, 3}], [{8, 4}, {5, 7}, {2, 6}, {1, 3}], [{8, 4}, {5, 7}, {3, 6}, {1, 2}], [{8, 4}, {5, 7}, {6}, {2, 3}, {1}], [{8, 4}, {6, 7}, {1, 5}, {2, 3}], [{8, 4}, {6, 7}, {2, 5}, {1, 3}], [{8, 4}, {6, 7}, {3, 5}, {1, 2}], [{8, 5}, {1, 7}, {2, 6}, {3, 4}], [{8, 5}, {1, 7}, {3, 6}, {2, 4}], [{8, 5}, {1, 7}, {4, 6}, {2, 3}], [{8, 5}, {1, 7}, {4, 6}, {3}, {2}], [{8, 5}, {2, 7}, {1, 6}, {3, 4}], [{8, 5}, {2, 7}, {3, 6}, {1, 4}], [{8, 5}, {2, 7}, {3, 6}, {4}, {1}], [{8, 5}, {2, 7}, {4, 6}, {1, 3}], [{8, 5}, {3, 7}, {1, 6}, {2, 4}], [{8, 5}, {3, 7}, {2, 6}, {1, 4}], [{8, 5}, {3, 7}, {2, 6}, {4}, {1}], [{8, 5}, {3, 7}, {4, 6}, {1, 2}], [{8, 5}, {4, 7}, {1, 6}, {2, 3}], [{8, 5}, {4, 7}, {2, 6}, {1, 3}], [{8, 5}, {4, 7}, {3, 6}, {1, 2}], [{8, 5}, {6, 7}, {1, 4}, {2, 3}], [{8, 5}, {6, 7}, {2, 4}, {1, 3}], [{8, 5}, {6, 7}, {3, 4}, {1, 2}], [{8, 5}, {6, 7}, {4}, {1, 3}, {2}], [{8, 5}, {7}, {3, 6}, {1, 4}, {2}], [{8, 6}, {1, 7}, {2, 5}, {3, 4}], [{8, 6}, {1, 7}, {2, 5}, {4}, {3}], [{8, 6}, {1, 7}, {3, 5}, {2, 4}], [{8, 6}, {1, 7}, {4, 5}, {2, 3}], [{8, 6}, {2, 7}, {1, 5}, {3, 4}], [{8, 6}, {2, 7}, {3, 5}, {1, 4}], [{8, 6}, {2, 7}, {4, 5}, {1, 3}], [{8, 6}, {2, 7}, {5}, {3, 4}, {1}], [{8, 6}, {3, 7}, {1, 5}, {2, 4}], [{8, 6}, {3, 7}, {2, 5}, {1, 4}], [{8, 6}, {3, 7}, {4, 5}, {1, 2}], [{8, 6}, {3, 7}, {5}, {1, 4}, {2}], [{8, 6}, {4, 7}, {1, 5}, {2, 3}], [{8, 6}, {4, 7}, {2, 5}, {1, 3}], [{8, 6}, {4, 7}, {3, 5}, {1, 2}], [{8, 6}, {5, 7}, {1, 4}, {2, 3}], [{8, 6}, {5, 7}, {2, 4}, {1, 3}], [{8, 6}, {5, 7}, {3, 4}, {1, 2}], [{8, 7}, {1, 6}, {2, 5}, {3, 4}], [{8, 7}, {1, 6}, {3, 5}, {2, 4}], [{8, 7}, {1, 6}, {3, 5}, {4}, {2}], [{8, 7}, {1, 6}, {4, 5}, {2, 3}], [{8, 7}, {1, 6}, {4, 5}, {3}, {2}], [{8, 7}, {1, 6}, {5}, {3, 4}, {2}], [{8, 7}, {2, 6}, {1, 5}, {3, 4}], [{8, 7}, {2, 6}, {3, 5}, {1, 4}], [{8, 7}, {2, 6}, {3, 5}, {4}, {1}], [{8, 7}, {2, 6}, {4, 5}, {1, 3}], [{8, 7}, {3, 6}, {1, 5}, {2, 4}], [{8, 7}, {3, 6}, {1, 5}, {4}, {2}], [{8, 7}, {3, 6}, {2, 5}, {1, 4}], [{8, 7}, {3, 6}, {4, 5}, {1, 2}], [{8, 7}, {4, 6}, {1, 5}, {2, 3}], [{8, 7}, {4, 6}, {2, 5}, {1, 3}], [{8, 7}, {4, 6}, {3, 5}, {1, 2}], [{8, 7}, {4, 6}, {5}, {3}, {1, 2}], [{8, 7}, {5, 6}, {1, 4}, {2, 3}], [{8, 7}, {5, 6}, {1, 4}, {3}, {2}], [{8, 7}, {5, 6}, {2, 4}, {1, 3}], [{8, 7}, {5, 6}, {3, 4}, {1, 2}], [{8, 7}, {6}, {3, 5}, {4}, {1, 2}], [{8, 7}, {6}, {5}, {1, 4}, {2, 3}], [{8}, {1, 7}, {4, 6}, {2, 5}, {3}], [{8}, {1, 7}, {4, 6}, {3, 5}, {2}], [{8}, {1, 7}, {4, 6}, {5}, {2, 3}], [{8}, {1, 7}, {4, 6}, {5}, {3}, {2}], [{8}, {2, 7}, {1, 6}, {3, 5}, {4}], [{8}, {2, 7}, {1, 6}, {4, 5}, {3}], [{8}, {2, 7}, {1, 6}, {5}, {3, 4}], [{8}, {2, 7}, {3, 6}, {1, 5}, {4}], [{8}, {2, 7}, {5, 6}, {1, 4}, {3}], [{8}, {4, 7}, {5, 6}, {3}, {1, 2}], [{8}, {4, 7}, {6}, {1, 5}, {2, 3}], [{8}, {5, 7}, {1, 6}, {4}, {2, 3}], [{8}, {6, 7}, {2, 5}, {4}, {1, 3}], [{8}, {6, 7}, {3, 5}, {1, 4}, {2}], [{8}, {6, 7}, {4, 5}, {3}, {1, 2}], [{8}, {7}, {3, 6}, {2, 5}, {1, 4}]]",2,16 K_1^3 + 4 K_1^2 K_2 - 16 K_1^2 - 24 K_1 K_2 - 6 K_1 K_3 - 2 K_2^2 + 9 K_2 + 8 K_3 + 3 K_4 + 9,O1O2O3O4U5U4U2O6U7O5O7U8U3O8U1U6,O1O2O3U2U4U1U5O6O5U7O4O7U8U3O8U6,O1O2O3U4O5U1U5O6O7U6O8O4U8U3U7U2,c,{'O1O2O3O4U5U4O6U2U6O7O8U7O5U3U1U8'},1,"<a href=""/flatknot/8.850813"">8.850813</a>",t^9-19t^7-44t^6-12t^5+60t^4+66t^3+2t^2-43t-20,-t^2+2t,,
8.850814,O1O2O3O4U5U4O6U2U6O7O8U7O5U8U1U3,3,12z^2+89z+131,12w^3z^2+89w^2z+131w,False,False,"[[ 0 -1 -1  2  1 -1  1 -1  0],[ 1  0  0  2  1  0  1 -1  0],[ 1  0  0  1  0 -1  1  0 -1],[-2 -2 -1  0  1 -2  0 -1  0],[-1 -1  0 -1  0 -1  0  0 -1],[ 1  0  1  2  1  0  1 -1 -1],[-1 -1 -1  0  0 -1  0  0  0],[ 1  1  0  1  0  1  0  0  1],[ 0  0  1  0  1  1  0 -1  0]]","[[ 0  2  1  0 -1 -1 -1],[-2  0  1  0 -1 -1 -2],[-1 -1  0 -1  0  0 -1],[ 0  0  1  0  1 -1  1],[ 1  1  0 -1  0  0 -1],[ 1  1  0  1  0  0  1],[ 1  2  1 -1  1 -1  0]]",False,"[-2,-1,0,1,1,1,-1,0,1,1,2,1,0,0,1,-1,1,-1,0,1,-1]","[-2,-1,0,1,1,1,-1,0,1,1,2,1,0,0,1,-1,1,-1,0,1,-1]",t^6+14t^4+35t^2,"[-1,-1,-1,0,1,2,-1,0,0,2,2,-1,2,1,1,2,2,2,0,2,2]","[-2,-1,0,1,1,1,2,2,1,2,2,0,1,2,2,2,0,2,-1,1,0]","[-1,-1,-1,0,1,2,-1,0,-1,0,1,-1,-1,1,2,1,0,1,1,0,-1]",c,"[[{8, 1}, {4, 7}, {5, 6}, {2, 3}], [{8, 2}, {4, 7}, {1, 6}, {3, 5}], [{8, 2}, {4, 7}, {5, 6}, {1, 3}], [{8, 3}, {4, 7}, {1, 6}, {2, 5}], [{8, 3}, {4, 7}, {5, 6}, {1, 2}], [{8, 4}, {2, 7}, {1, 6}, {3, 5}], [{8, 5}, {4, 7}, {1, 6}, {2, 3}]]",1,- 18 K_1^2 - 16 K_1 K_2 + 8 K_1 + 9 K_2 + 8 K_3 + 10,O1O2O3O4U2U4U5O6U7O5O7U8U3O8U1U6,O1O2O3U2U4U3U5O6O5U7O4O7U8U1O8U6,O1O2O3U4O5U3U5O6O7U6O8O4U8U1U7U2,c,{'O1O2O3O4U5U4O6U2U6O7O8U7O5U8U1U3'},1,"<a href=""/flatknot/8.850814"">8.850814</a>",t^7-12t^5-18t^4-18t^3-20t^2,-t^2+2t,,
8.850815,O1O2O3O4U5U4O6U2U7O8O7U1O5U3U6U8,4,3z^3+36z^2+112z+105,3w^4z^3+36w^3z^2+112w^2z+105w,False,False,"[[ 0 -2 -1  0  1 -1  1  1  1],[ 2  0  0  1  0  0  2  2  1],[ 1  0  0  0  0  0  1  1  1],[ 0 -1  0  0  1 -1  0  0  0],[-1  0  0 -1  0 -1 -1 -1 -1],[ 1  0  0  1  1  0  1  2  1],[-1 -2 -1  0  1 -1  0 -1  0],[-1 -2 -1  0  1 -2  1  0  1],[-1 -1 -1  0  1 -1  0 -1  0]]","[[ 0  1  1  1  1  0 -1 -1 -2],[-1  0  1  1  1  0 -1 -2 -2],[-1 -1  0  1  0  0 -1 -1 -1],[-1 -1 -1  0 -1 -1  0 -1  0],[-1 -1  0  1  0  0 -1 -1 -2],[ 0  0  0  1  0  0  0 -1 -1],[ 1  1  1  0  1  0  0  0  0],[ 1  2  1  1  1  1  0  0  0],[ 2  2  1  0  2  1  0  0  0]]",True,"[-1,-1,-1,-1,0,1,1,2,-1,-1,-1,0,1,2,2,-1,0,0,1,1,1,1,1,0,1,0,0,1,1,2,0,1,1,0,0,0]","[-2,-1,-1,0,1,1,1,1,0,0,1,0,1,2,2,0,0,0,1,1,1,1,1,1,1,2,1,0,0,0,-1,-1,-1,0,-1,-1]",t^8+27t^6+52t^4+19t^2+1,"[-2,-1,-1,0,1,1,1,1,1,1,1,1,1,2,3,0,0,0,1,1,1,1,1,1,1,2,1,1,1,0,-1,-1,-1,0,-1,-1]","[-1,-1,-1,-1,0,1,1,2,-1,-1,-1,0,1,2,3,-1,0,1,1,1,1,1,1,0,1,1,1,1,1,2,0,1,1,0,1,1]","[-2,-1,-1,0,1,1,1,1,0,0,1,0,1,2,2,0,0,0,1,1,1,1,1,1,1,2,1,0,0,0,-1,-1,-1,0,-1,-1]",c,"[[{8, 1}, {2, 7}, {3, 6}, {4, 5}], [{8, 1}, {2, 7}, {4, 6}, {3, 5}], [{8, 1}, {2, 7}, {5, 6}, {3, 4}], [{8, 1}, {3, 7}, {2, 6}, {4, 5}], [{8, 1}, {3, 7}, {4, 6}, {2, 5}], [{8, 1}, {3, 7}, {4, 6}, {5}, {2}], [{8, 1}, {3, 7}, {5, 6}, {2, 4}], [{8, 1}, {3, 7}, {5, 6}, {4}, {2}], [{8, 1}, {3, 7}, {6}, {4, 5}, {2}], [{8, 1}, {4, 7}, {2, 6}, {3, 5}], [{8, 1}, {4, 7}, {2, 6}, {5}, {3}], [{8, 1}, {4, 7}, {3, 6}, {2, 5}], [{8, 1}, {4, 7}, {5, 6}, {2, 3}], [{8, 1}, {5, 7}, {2, 6}, {3, 4}], [{8, 1}, {5, 7}, {2, 6}, {4}, {3}], [{8, 1}, {5, 7}, {3, 6}, {2, 4}], [{8, 1}, {5, 7}, {4, 6}, {2, 3}], [{8, 1}, {6, 7}, {2, 5}, {3, 4}], [{8, 1}, {6, 7}, {3, 5}, {2, 4}], [{8, 1}, {6, 7}, {4, 5}, {2, 3}], [{8, 1}, {7}, {2, 6}, {4, 5}, {3}], [{8, 2}, {1, 7}, {3, 6}, {4, 5}], [{8, 2}, {1, 7}, {3, 6}, {5}, {4}], [{8, 2}, {1, 7}, {4, 6}, {3, 5}], [{8, 2}, {1, 7}, {4, 6}, {5}, {3}], [{8, 2}, {1, 7}, {5, 6}, {3, 4}], [{8, 2}, {1, 7}, {5, 6}, {4}, {3}], [{8, 2}, {1, 7}, {6}, {3, 5}, {4}], [{8, 2}, {1, 7}, {6}, {4, 5}, {3}], [{8, 2}, {1, 7}, {6}, {5}, {3, 4}], [{8, 2}, {3, 7}, {1, 6}, {4, 5}], [{8, 2}, {3, 7}, {4, 6}, {1, 5}], [{8, 2}, {3, 7}, {5, 6}, {1, 4}], [{8, 2}, {4, 7}, {1, 6}, {3, 5}], [{8, 2}, {4, 7}, {3, 6}, {1, 5}], [{8, 2}, {4, 7}, {5, 6}, {1, 3}], [{8, 2}, {4, 7}, {5, 6}, {3}, {1}], [{8, 2}, {5, 7}, {1, 6}, {3, 4}], [{8, 2}, {5, 7}, {3, 6}, {1, 4}], [{8, 2}, {5, 7}, {3, 6}, {4}, {1}], [{8, 2}, {5, 7}, {4, 6}, {1, 3}], [{8, 2}, {6, 7}, {1, 5}, {3, 4}], [{8, 2}, {6, 7}, {3, 5}, {1, 4}], [{8, 2}, {6, 7}, {3, 5}, {4}, {1}], [{8, 2}, {6, 7}, {4, 5}, {1, 3}], [{8, 2}, {6, 7}, {4, 5}, {3}, {1}], [{8, 2}, {6, 7}, {5}, {3, 4}, {1}], [{8, 2}, {7}, {1, 6}, {3, 5}, {4}], [{8, 2}, {7}, {1, 6}, {4, 5}, {3}], [{8, 2}, {7}, {1, 6}, {5}, {3, 4}], [{8, 2}, {7}, {3, 6}, {1, 5}, {4}], [{8, 2}, {7}, {5, 6}, {1, 4}, {3}], [{8, 3}, {1, 7}, {2, 6}, {4, 5}], [{8, 3}, {1, 7}, {4, 6}, {2, 5}], [{8, 3}, {1, 7}, {5, 6}, {2, 4}], [{8, 3}, {1, 7}, {6}, {2, 5}, {4}], [{8, 3}, {1, 7}, {6}, {4, 5}, {2}], [{8, 3}, {1, 7}, {6}, {5}, {2, 4}], [{8, 3}, {2, 7}, {1, 6}, {4, 5}], [{8, 3}, {2, 7}, {4, 6}, {1, 5}], [{8, 3}, {2, 7}, {5, 6}, {1, 4}], [{8, 3}, {2, 7}, {6}, {4, 5}, {1}], [{8, 3}, {4, 7}, {1, 6}, {2, 5}], [{8, 3}, {4, 7}, {2, 6}, {1, 5}], [{8, 3}, {4, 7}, {5, 6}, {1, 2}], [{8, 3}, {4, 7}, {5, 6}, {2}, {1}], [{8, 3}, {5, 7}, {1, 6}, {2, 4}], [{8, 3}, {5, 7}, {2, 6}, {1, 4}], [{8, 3}, {5, 7}, {4, 6}, {1, 2}], [{8, 3}, {5, 7}, {4, 6}, {2}, {1}], [{8, 3}, {6, 7}, {1, 5}, {2, 4}], [{8, 3}, {6, 7}, {2, 5}, {1, 4}], [{8, 3}, {6, 7}, {4, 5}, {1, 2}], [{8, 3}, {6, 7}, {4, 5}, {2}, {1}], [{8, 3}, {7}, {1, 6}, {4, 5}, {2}], [{8, 3}, {7}, {2, 6}, {4, 5}, {1}], [{8, 3}, {7}, {6}, {4, 5}, {1, 2}], [{8, 3}, {7}, {6}, {4, 5}, {2}, {1}], [{8, 4}, {1, 7}, {2, 6}, {3, 5}], [{8, 4}, {1, 7}, {3, 6}, {2, 5}], [{8, 4}, {1, 7}, {5, 6}, {2, 3}], [{8, 4}, {2, 7}, {1, 6}, {3, 5}], [{8, 4}, {2, 7}, {3, 6}, {1, 5}], [{8, 4}, {2, 7}, {5, 6}, {1, 3}], [{8, 4}, {2, 7}, {6}, {1, 5}, {3}], [{8, 4}, {3, 7}, {1, 6}, {2, 5}], [{8, 4}, {3, 7}, {2, 6}, {1, 5}], [{8, 4}, {3, 7}, {5, 6}, {1, 2}], [{8, 4}, {3, 7}, {6}, {1, 5}, {2}], [{8, 4}, {5, 7}, {1, 6}, {2, 3}], [{8, 4}, {5, 7}, {2, 6}, {1, 3}], [{8, 4}, {5, 7}, {2, 6}, {3}, {1}], [{8, 4}, {5, 7}, {3, 6}, {1, 2}], [{8, 4}, {5, 7}, {6}, {1, 3}, {2}], [{8, 4}, {6, 7}, {1, 5}, {2, 3}], [{8, 4}, {6, 7}, {2, 5}, {1, 3}], [{8, 4}, {6, 7}, {3, 5}, {1, 2}], [{8, 4}, {6, 7}, {3, 5}, {2}, {1}], [{8, 4}, {7}, {1, 6}, {5}, {2, 3}], [{8, 4}, {7}, {5, 6}, {2, 3}, {1}], [{8, 4}, {7}, {6}, {1, 5}, {2, 3}], [{8, 5}, {1, 7}, {2, 6}, {3, 4}], [{8, 5}, {1, 7}, {3, 6}, {2, 4}], [{8, 5}, {1, 7}, {4, 6}, {2, 3}], [{8, 5}, {2, 7}, {1, 6}, {3, 4}], [{8, 5}, {2, 7}, {3, 6}, {1, 4}], [{8, 5}, {2, 7}, {4, 6}, {1, 3}], [{8, 5}, {3, 7}, {1, 6}, {2, 4}], [{8, 5}, {3, 7}, {2, 6}, {1, 4}], [{8, 5}, {3, 7}, {4, 6}, {1, 2}], [{8, 5}, {3, 7}, {6}, {2, 4}, {1}], [{8, 5}, {4, 7}, {1, 6}, {2, 3}], [{8, 5}, {4, 7}, {2, 6}, {1, 3}], [{8, 5}, {4, 7}, {3, 6}, {1, 2}], [{8, 5}, {6, 7}, {1, 4}, {2, 3}], [{8, 5}, {6, 7}, {1, 4}, {3}, {2}], [{8, 5}, {6, 7}, {2, 4}, {1, 3}], [{8, 5}, {6, 7}, {3, 4}, {1, 2}], [{8, 5}, {6, 7}, {3, 4}, {2}, {1}], [{8, 5}, {6, 7}, {4}, {1, 3}, {2}], [{8, 5}, {7}, {1, 6}, {4}, {2, 3}], [{8, 6}, {1, 7}, {2, 5}, {3, 4}], [{8, 6}, {1, 7}, {3, 5}, {2, 4}], [{8, 6}, {1, 7}, {4, 5}, {2, 3}], [{8, 6}, {1, 7}, {4, 5}, {3}, {2}], [{8, 6}, {2, 7}, {1, 5}, {3, 4}], [{8, 6}, {2, 7}, {1, 5}, {4}, {3}], [{8, 6}, {2, 7}, {3, 5}, {1, 4}], [{8, 6}, {2, 7}, {4, 5}, {1, 3}], [{8, 6}, {3, 7}, {1, 5}, {2, 4}], [{8, 6}, {3, 7}, {2, 5}, {1, 4}], [{8, 6}, {3, 7}, {4, 5}, {1, 2}], [{8, 6}, {3, 7}, {5}, {2, 4}, {1}], [{8, 6}, {4, 7}, {1, 5}, {2, 3}], [{8, 6}, {4, 7}, {2, 5}, {1, 3}], [{8, 6}, {4, 7}, {3, 5}, {1, 2}], [{8, 6}, {5, 7}, {1, 4}, {2, 3}], [{8, 6}, {5, 7}, {2, 4}, {1, 3}], [{8, 6}, {5, 7}, {3, 4}, {1, 2}], [{8, 7}, {1, 6}, {2, 5}, {3, 4}], [{8, 7}, {1, 6}, {3, 5}, {2, 4}], [{8, 7}, {1, 6}, {4, 5}, {2, 3}], [{8, 7}, {1, 6}, {5}, {4}, {2, 3}], [{8, 7}, {2, 6}, {1, 5}, {3, 4}], [{8, 7}, {2, 6}, {3, 5}, {1, 4}], [{8, 7}, {2, 6}, {4, 5}, {1, 3}], [{8, 7}, {2, 6}, {4, 5}, {3}, {1}], [{8, 7}, {3, 6}, {1, 5}, {2, 4}], [{8, 7}, {3, 6}, {2, 5}, {1, 4}], [{8, 7}, {3, 6}, {4, 5}, {1, 2}], [{8, 7}, {3, 6}, {5}, {1, 4}, {2}], [{8, 7}, {4, 6}, {1, 5}, {2, 3}], [{8, 7}, {4, 6}, {2, 5}, {1, 3}], [{8, 7}, {4, 6}, {3, 5}, {1, 2}], [{8, 7}, {4, 6}, {5}, {3}, {1, 2}], [{8, 7}, {5, 6}, {1, 4}, {2, 3}], [{8, 7}, {5, 6}, {2, 4}, {1, 3}], [{8, 7}, {5, 6}, {3, 4}, {1, 2}], [{8, 7}, {5, 6}, {4}, {2, 3}, {1}], [{8, 7}, {6}, {1, 5}, {4}, {2, 3}], [{8, 7}, {6}, {4, 5}, {1, 3}, {2}], [{8}, {1, 7}, {2, 6}, {4, 5}, {3}], [{8}, {1, 7}, {3, 6}, {4, 5}, {2}], [{8}, {1, 7}, {4, 6}, {3, 5}, {2}], [{8}, {1, 7}, {5, 6}, {3, 4}, {2}], [{8}, {1, 7}, {6}, {4, 5}, {2, 3}], [{8}, {1, 7}, {6}, {4, 5}, {3}, {2}], [{8}, {2, 7}, {4, 6}, {1, 5}, {3}], [{8}, {2, 7}, {6}, {3, 5}, {1, 4}], [{8}, {3, 7}, {1, 6}, {2, 5}, {4}], [{8}, {3, 7}, {2, 6}, {4, 5}, {1}], [{8}, {3, 7}, {4, 6}, {2, 5}, {1}], [{8}, {3, 7}, {5, 6}, {2, 4}, {1}], [{8}, {3, 7}, {6}, {2, 5}, {1, 4}], [{8}, {4, 7}, {1, 6}, {5}, {2, 3}], [{8}, {4, 7}, {2, 6}, {3, 5}, {1}], [{8}, {4, 7}, {5, 6}, {2, 3}, {1}], [{8}, {4, 7}, {6}, {1, 5}, {2, 3}], [{8}, {4, 7}, {6}, {2, 5}, {1, 3}], [{8}, {5, 7}, {1, 6}, {4}, {2, 3}], [{8}, {5, 7}, {2, 6}, {1, 4}, {3}], [{8}, {6, 7}, {1, 5}, {2, 4}, {3}], [{8}, {6, 7}, {2, 5}, {3, 4}, {1}], [{8}, {6, 7}, {3, 5}, {2, 4}, {1}], [{8}, {6, 7}, {4, 5}, {2, 3}, {1}], [{8}, {6, 7}, {5}, {2, 4}, {1, 3}], [{8}, {7}, {1, 6}, {4, 5}, {2, 3}], [{8}, {7}, {2, 6}, {4, 5}, {1, 3}]]",2,- 6 K_1^2 - 4 K_1 K_2 + 2 K_1 + 3 K_2 + 2 K_3 + 4,O1O2O3O4U5U6U2O7U4O8O5U8U3O6U1U7,O1O2O3U4U5U1U6O7O6U2O5O8U3U8O4U7,O1O2O3U4O5U6U1O6O7U2O8O4U8U3U7U5,c,{'O1O2O3O4U5U4O6U2U7O8O7U1O5U3U6U8'},1,"<a href=""/flatknot/8.850815"">8.850815</a>",t^9-29t^7-28t^6+65t^5+62t^4-3t^3-22t^2-6t,t^2-2t,,
8.850816,O1O2O3O4U5U4O6U2U7O8O7U1O5U3U8U6,4,3z^3+29z^2+105z+119,3w^4z^3+29w^3z^2+105w^2z+119w,False,False,"[[ 0 -2 -1  0  1 -1  2  1  0],[ 2  0  0  1  0  0  3  2  0],[ 1  0  0  0  0  0  1  1  0],[ 0 -1  0  0  1 -1  1  0 -1],[-1  0  0 -1  0 -1 -1 -1 -1],[ 1  0  0  1  1  0  1  2  1],[-2 -3 -1 -1  1 -1  0 -1 -1],[-1 -2 -1  0  1 -2  1  0  0],[ 0  0  0  1  1 -1  1  0  0]]","[[ 0  2  1  1  0  0 -1 -1 -2],[-2  0  1 -1 -1 -1 -1 -1 -3],[-1 -1  0 -1 -1 -1  0 -1  0],[-1  1  1  0  0  0 -1 -2 -2],[ 0  1  1  0  0  1  0 -1  0],[ 0  1  1  0 -1  0  0 -1 -1],[ 1  1  0  1  0  0  0  0  0],[ 1  1  1  2  1  1  0  0  0],[ 2  3  0  2  0  1  0  0  0]]",True,"[-2,-1,-1,0,0,1,1,2,-1,1,1,1,1,1,3,1,1,1,0,1,0,0,0,1,2,2,-1,0,1,0,0,1,1,0,0,0]","[-2,-1,-1,0,0,1,1,2,-1,1,1,1,1,1,3,1,1,1,0,1,0,0,0,1,2,2,-1,0,1,0,0,1,1,0,0,0]",t^8+32t^6+118t^4+86t^2+1,"[-2,-1,-1,0,0,1,1,2,1,1,1,2,1,3,1,0,0,0,0,1,2,1,1,1,2,2,1,1,0,1,1,0,1,-1,0,2]","[-2,-1,-1,0,0,1,1,2,0,2,1,1,2,2,1,1,1,1,0,1,1,0,0,1,2,3,-1,0,1,1,0,1,2,0,1,1]","[-2,-1,-1,0,0,1,1,2,0,0,0,1,0,2,3,0,0,0,0,1,1,1,1,1,2,1,1,1,0,1,1,0,1,-1,-1,1]",c,"[[{8, 7}, {5, 6}, {1, 4}, {2, 3}]]",1,8 K_1^3 - 20 K_1^2 - 20 K_1 K_2 - 4 K_1 K_3 + 4 K_1 - 4 K_2^2 + 12 K_2 + 8 K_3 + 4 K_4 + 13,O1O2O3O4U5U6U2O7U4O8O6U8U3O5U1U7,O1O2O3U4U5U1U6O7O6U3O5O8U2U8O4U7,O1O2O3U4O5U6U2O6O7U1O8O4U8U3U7U5,c,{'O1O2O3O4U5U4O6U2U7O8O7U1O5U3U8U6'},1,"<a href=""/flatknot/8.850816"">8.850816</a>",t^9-32t^7-40t^6+104t^5+180t^4+74t^3-46t^2-62t-6,0,,
8.850817,O1O2O3O4U5U4O6U2U7O8O7U1O5U6U3U8,4,4z^3+42z^2+111z+87,4w^4z^3-4w^4z^2+46w^3z^2+111w^2z+87w,False,False,"[[ 0 -2 -1  1  1 -1  0  1  1],[ 2  0  0  2  0  0  1  2  1],[ 1  0  0  1  0  0  0  1  1],[-1 -2 -1  0  1 -1 -1 -1  0],[-1  0  0 -1  0 -1 -1 -1 -1],[ 1  0  0  1  1  0  0  2  1],[ 0 -1  0  1  1  0  0  0  0],[-1 -2 -1  1  1 -2  0  0  1],[-1 -1 -1  0  1 -1  0 -1  0]]","[[ 0  1  1  1  1  0 -1 -1 -2],[-1  0  1  1  1  0 -1 -2 -2],[-1 -1  0  1  0  0 -1 -1 -1],[-1 -1 -1  0 -1 -1  0 -1  0],[-1 -1  0  1  0 -1 -1 -1 -2],[ 0  0  0  1  1  0  0  0 -1],[ 1  1  1  0  1  0  0  0  0],[ 1  2  1  1  1  0  0  0  0],[ 2  2  1  0  2  1  0  0  0]]",True,"[-1,-1,-1,-1,0,1,1,2,-1,-1,-1,0,1,2,2,-1,0,0,1,1,1,1,1,0,1,0,1,1,1,2,0,0,1,0,0,0]","[-2,-1,-1,0,1,1,1,1,0,0,1,0,1,2,2,0,0,0,1,1,1,0,1,1,1,2,1,0,1,0,-1,-1,-1,0,-1,-1]",t^8+27t^6+65t^4+38t^2+4,"[-2,-1,-1,0,1,1,1,1,1,1,1,1,1,2,3,0,1,0,1,1,1,1,1,1,1,2,1,0,1,0,-1,-1,-1,0,-1,-1]","[-1,-1,-1,-1,0,1,1,2,-1,-1,-1,0,1,2,3,-1,0,0,1,1,1,1,1,0,1,1,1,1,1,2,1,1,1,0,1,1]","[-2,-1,-1,0,1,1,1,1,0,0,1,0,1,2,2,0,0,0,1,1,1,0,1,1,1,2,1,0,1,0,-1,-1,-1,0,-1,-1]",c,"[[{8, 2}, {1, 7}, {3, 6}, {4, 5}], [{8, 2}, {1, 7}, {4, 6}, {3, 5}], [{8, 2}, {3, 7}, {1, 6}, {4, 5}], [{8, 2}, {4, 7}, {1, 6}, {3, 5}], [{8, 2}, {6, 7}, {3, 5}, {1, 4}], [{8, 2}, {6, 7}, {4, 5}, {1, 3}], [{8, 3}, {1, 7}, {4, 6}, {2, 5}]]",1,- 2 K_1^2 - 4 K_1 K_2 + 2 K_1 + K_2 + 2 K_3 + 2,O1O2O3O4U5U2U6O7U4O8O5U8U3O6U1U7,O1O2O3U4U5U2U6O7O6U1O5O8U3U8O4U7,O1O2O3U4O5U6U1O6O7U3O8O4U8U2U7U5,c,{'O1O2O3O4U5U4O6U2U7O8O7U1O5U6U3U8'},1,"<a href=""/flatknot/8.850817"">8.850817</a>",t^9-29t^7-32t^6+86t^5+92t^4-63t^3-68t^2-14t,t^2-2t,,
8.850818,O1O2O3O4U5U4O6U2U7O8O7U1O5U6U8U3,4,3z^3+34z^2+106z+101,3w^4z^3+34w^3z^2+106w^2z+101w,False,False,"[[ 0 -2 -1  2  1 -1  0  1  0],[ 2  0  0  3  0  0  1  2  0],[ 1  0  0  1  0  0  0  1  0],[-2 -3 -1  0  1 -1 -2 -1 -1],[-1  0  0 -1  0 -1 -1 -1 -1],[ 1  0  0  1  1  0  0  2  0],[ 0 -1  0  2  1  0  0  0  0],[-1 -2 -1  1  1 -2  0  0  0],[ 0  0  0  1  1  0  0  0  0]]","[[ 0  2  1  1  0  0 -1 -1 -2],[-2  0  1 -1 -1 -2 -1 -1 -3],[-1 -1  0 -1 -1 -1  0 -1  0],[-1  1  1  0  0  0 -1 -2 -2],[ 0  1  1  0  0  0  0  0  0],[ 0  2  1  0  0  0  0  0 -1],[ 1  1  0  1  0  0  0  0  0],[ 1  1  1  2  0  0  0  0  0],[ 2  3  0  2  0  1  0  0  0]]",True,"[-2,-1,-1,0,0,1,1,2,-1,1,1,2,1,1,3,1,1,1,0,1,0,0,0,1,2,2,0,0,0,0,0,0,1,0,0,0]","[-2,-1,-1,0,0,1,1,2,-1,1,1,2,1,1,3,1,1,1,0,1,0,0,0,1,2,2,0,0,0,0,0,0,1,0,0,0]",t^8+32t^6+119t^4+111t^2+4,"[-2,-1,-1,0,0,1,1,2,1,1,1,2,1,3,1,0,1,1,0,1,2,1,1,1,2,2,0,1,0,0,1,0,1,-1,0,2]","[-2,-1,-1,0,0,1,1,2,0,2,0,1,2,2,1,1,1,1,0,1,1,0,0,1,2,3,0,1,1,1,1,1,2,0,1,1]","[-2,-1,-1,0,0,1,1,2,0,0,0,1,0,2,3,0,0,0,0,1,1,0,0,1,2,1,0,1,0,1,1,0,2,-1,-1,1]",c,"[[{8, 3}, {1, 7}, {4, 6}, {2, 5}]]",1,4 K_1^3 - 8 K_1^2 - 8 K_1 K_2 + K_1 + 4 K_2 + 3 K_3 + 5,O1O2O3O4U2U5U6O7U4O8O5U8U3O6U1U7,O1O2O3U4U5U3U6O7O6U1O5O8U2U8O4U7,O1O2O3U4O5U6U2O6O7U3O8O4U8U1U7U5,c,{'O1O2O3O4U5U4O6U2U7O8O7U1O5U6U8U3'},1,"<a href=""/flatknot/8.850818"">8.850818</a>",t^9-32t^7-34t^6+147t^5+140t^4-175t^3-138t^2-2t+4,0,,
8.850819,O1O2O3O4U5U4O6U2U7O8O7U1O5U8U3U6,4,2z^3+31z^2+110z+113,2w^4z^3+31w^3z^2+110w^2z+113w,False,False,"[[ 0 -2 -1  1  1 -1  2  1 -1],[ 2  0  0  2  0  0  3  2 -1],[ 1  0  0  0  0  0  1  1 -1],[-1 -2  0  0  1 -1  0  0 -2],[-1  0  0 -1  0 -1 -1 -1 -1],[ 1  0  0  1  1  0  1  2  0],[-2 -3 -1  0  1 -1  0 -1 -1],[-1 -2 -1  0  1 -2  1  0 -1],[ 1  1  1  2  1  0  1  1  0]]","[[ 0  2  1  1  1 -1 -1 -1 -2],[-2  0  1  0 -1 -1 -1 -1 -3],[-1 -1  0 -1 -1  0 -1 -1  0],[-1  0  1  0  0  0 -1 -2 -2],[-1  1  1  0  0 -1 -2 -1 -2],[ 1  1  0  0  1  0  0 -1  0],[ 1  1  1  1  2  0  0  0  0],[ 1  1  1  2  1  1  0  0  1],[ 2  3  0  2  2  0  0 -1  0]]",True,"[-2,-1,-1,-1,1,1,1,2,-1,0,1,1,1,1,3,1,1,0,1,1,0,0,0,1,2,2,1,2,1,2,0,1,0,0,0,-1]","[-2,-1,-1,-1,1,1,1,2,-1,0,0,0,2,2,3,0,1,1,1,2,1,0,1,2,1,1,0,1,0,1,-1,-1,-1,0,1,0]",t^8+39t^6+182t^4+204t^2+9,"[-2,-1,-1,-1,1,1,1,2,1,1,2,1,1,3,1,0,0,0,1,1,2,1,1,2,2,2,1,0,1,2,0,-1,0,-1,1,2]","[-2,-1,-1,-1,1,1,1,2,0,1,2,2,2,2,1,0,1,0,1,1,1,1,1,0,2,1,1,1,2,3,0,0,1,1,2,1]","[-2,-1,-1,-1,1,1,1,2,-1,0,0,0,2,2,3,0,1,1,1,2,1,0,1,2,1,1,0,1,0,1,-1,-1,-1,0,1,0]",c,"[[{8, 2}, {3, 7}, {1, 6}, {4, 5}], [{8, 3}, {2, 7}, {1, 6}, {4, 5}], [{8, 3}, {5, 7}, {1, 6}, {2, 4}], [{8, 7}, {1, 6}, {4, 5}, {2, 3}]]",1,4 K_1^3 + 8 K_1^2 K_2 - 16 K_1^2 - 16 K_1 K_2 - 4 K_1 K_3 + 5 K_1 - 8 K_2^2 + 6 K_2 + 7 K_3 + 4 K_4 + 11,O1O2O3O4U5U2U6O7U4O8O6U8U3O5U1U7,O1O2O3U4U5U2U6O7O6U3O5O8U1U8O4U7,O1O2O3U4O5U6U3O6O7U1O8O4U8U2U7U5,c,{'O1O2O3O4U5U4O6U2U7O8O7U1O5U8U3U6'},1,"<a href=""/flatknot/8.850819"">8.850819</a>",t^9-39t^7-54t^6+124t^5+128t^4-99t^3-54t^2-50t+28,0,,
8.850820,O1O2O3O4U5U4O6U2U7O8O7U1O5U8U6U3,4,22z^2+91z+95,-4w^4z^2+26w^3z^2-16w^3z+107w^2z+95w,False,False,"[[ 0 -2 -1  2  1 -1  1  1 -1],[ 2  0  0  3  0  0  2  2 -1],[ 1  0  0  1  0  0  0  1 -1],[-2 -3 -1  0  1 -1 -1 -1 -2],[-1  0  0 -1  0 -1 -1 -1 -1],[ 1  0  0  1  1  0  0  2  0],[-1 -2  0  1  1  0  0  0 -1],[-1 -2 -1  1  1 -2  0  0 -1],[ 1  1  1  2  1  0  1  1  0]]","[[ 0  2  1  1  1 -1 -1 -1 -2],[-2  0  1 -1 -1 -1 -1 -2 -3],[-1 -1  0 -1 -1  0 -1 -1  0],[-1  1  1  0  0  0  0 -1 -2],[-1  1  1  0  0 -1 -2 -1 -2],[ 1  1  0  0  1  0  0 -1  0],[ 1  1  1  0  2  0  0  0  0],[ 1  2  1  1  1  1  0  0  1],[ 2  3  0  2  2  0  0 -1  0]]",True,"[-2,-1,-1,-1,1,1,1,2,-1,1,1,1,1,2,3,1,1,0,1,1,0,0,0,0,1,2,1,2,1,2,0,1,0,0,0,-1]","[-2,-1,-1,-1,1,1,1,2,-1,0,0,0,2,2,3,0,1,1,1,1,2,0,1,0,2,1,0,0,1,1,-1,-1,-1,0,1,1]",t^8+39t^6+176t^4+210t^2+9,"[-2,-1,-1,-1,1,1,1,2,1,1,2,1,1,3,1,0,0,0,2,1,2,1,1,2,2,2,1,1,1,1,0,-1,0,-1,0,2]","[-2,-1,-1,-1,1,1,1,2,0,0,2,1,2,2,1,0,1,1,0,1,1,1,1,2,2,1,1,1,2,3,0,1,2,0,1,1]","[-2,-1,-1,-1,1,1,1,2,-1,0,0,0,2,2,3,0,1,1,1,1,2,0,1,0,2,1,0,0,1,1,-1,-1,-1,0,1,1]",c,"[[{8, 1}, {2, 7}, {3, 6}, {4, 5}], [{8, 1}, {2, 7}, {4, 6}, {3, 5}], [{8, 1}, {2, 7}, {5, 6}, {3, 4}], [{8, 1}, {3, 7}, {2, 6}, {4, 5}], [{8, 1}, {3, 7}, {4, 6}, {2, 5}], [{8, 1}, {3, 7}, {5, 6}, {2, 4}], [{8, 1}, {4, 7}, {2, 6}, {3, 5}], [{8, 1}, {4, 7}, {3, 6}, {2, 5}], [{8, 1}, {4, 7}, {5, 6}, {2, 3}], [{8, 1}, {5, 7}, {2, 6}, {3, 4}], [{8, 1}, {5, 7}, {3, 6}, {2, 4}], [{8, 1}, {5, 7}, {4, 6}, {2, 3}], [{8, 1}, {5, 7}, {4, 6}, {3}, {2}], [{8, 1}, {6, 7}, {2, 5}, {3, 4}], [{8, 1}, {6, 7}, {3, 5}, {2, 4}], [{8, 1}, {6, 7}, {4, 5}, {2, 3}], [{8, 1}, {7}, {2, 6}, {4, 5}, {3}], [{8, 1}, {7}, {5, 6}, {4}, {2, 3}], [{8, 2}, {1, 7}, {3, 6}, {4, 5}], [{8, 2}, {1, 7}, {4, 6}, {3, 5}], [{8, 2}, {1, 7}, {5, 6}, {3, 4}], [{8, 2}, {3, 7}, {1, 6}, {4, 5}], [{8, 2}, {3, 7}, {4, 6}, {1, 5}], [{8, 2}, {3, 7}, {5, 6}, {1, 4}], [{8, 2}, {4, 7}, {1, 6}, {3, 5}], [{8, 2}, {4, 7}, {3, 6}, {1, 5}], [{8, 2}, {4, 7}, {5, 6}, {1, 3}], [{8, 2}, {5, 7}, {1, 6}, {3, 4}], [{8, 2}, {5, 7}, {1, 6}, {4}, {3}], [{8, 2}, {5, 7}, {3, 6}, {1, 4}], [{8, 2}, {5, 7}, {4, 6}, {1, 3}], [{8, 2}, {5, 7}, {4, 6}, {3}, {1}], [{8, 2}, {5, 7}, {6}, {1, 4}, {3}], [{8, 2}, {6, 7}, {1, 5}, {3, 4}], [{8, 2}, {6, 7}, {3, 5}, {1, 4}], [{8, 2}, {6, 7}, {4, 5}, {1, 3}], [{8, 2}, {7}, {5, 6}, {4}, {1, 3}], [{8, 3}, {1, 7}, {2, 6}, {4, 5}], [{8, 3}, {1, 7}, {4, 6}, {2, 5}], [{8, 3}, {1, 7}, {5, 6}, {2, 4}], [{8, 3}, {1, 7}, {6}, {4, 5}, {2}], [{8, 3}, {2, 7}, {1, 6}, {4, 5}], [{8, 3}, {2, 7}, {4, 6}, {1, 5}], [{8, 3}, {2, 7}, {5, 6}, {1, 4}], [{8, 3}, {2, 7}, {6}, {4, 5}, {1}], [{8, 3}, {4, 7}, {1, 6}, {2, 5}], [{8, 3}, {4, 7}, {2, 6}, {1, 5}], [{8, 3}, {4, 7}, {5, 6}, {1, 2}], [{8, 3}, {4, 7}, {6}, {1, 5}, {2}], [{8, 3}, {5, 7}, {1, 6}, {2, 4}], [{8, 3}, {5, 7}, {1, 6}, {4}, {2}], [{8, 3}, {5, 7}, {2, 6}, {1, 4}], [{8, 3}, {5, 7}, {4, 6}, {1, 2}], [{8, 3}, {5, 7}, {4, 6}, {2}, {1}], [{8, 3}, {5, 7}, {6}, {1, 4}, {2}], [{8, 3}, {6, 7}, {1, 5}, {2, 4}], [{8, 3}, {6, 7}, {2, 5}, {1, 4}], [{8, 3}, {6, 7}, {4, 5}, {1, 2}], [{8, 3}, {6, 7}, {5}, {1, 4}, {2}], [{8, 3}, {6, 7}, {5}, {2, 4}, {1}], [{8, 3}, {6, 7}, {5}, {4}, {1, 2}], [{8, 3}, {7}, {5, 6}, {1, 4}, {2}], [{8, 3}, {7}, {6}, {4, 5}, {1, 2}], [{8, 4}, {1, 7}, {2, 6}, {3, 5}], [{8, 4}, {1, 7}, {3, 6}, {2, 5}], [{8, 4}, {1, 7}, {3, 6}, {5}, {2}], [{8, 4}, {1, 7}, {5, 6}, {2, 3}], [{8, 4}, {2, 7}, {1, 6}, {3, 5}], [{8, 4}, {2, 7}, {3, 6}, {1, 5}], [{8, 4}, {2, 7}, {5, 6}, {1, 3}], [{8, 4}, {3, 7}, {1, 6}, {2, 5}], [{8, 4}, {3, 7}, {2, 6}, {1, 5}], [{8, 4}, {3, 7}, {5, 6}, {1, 2}], [{8, 4}, {5, 7}, {1, 6}, {2, 3}], [{8, 4}, {5, 7}, {2, 6}, {1, 3}], [{8, 4}, {5, 7}, {3, 6}, {1, 2}], [{8, 4}, {6, 7}, {1, 5}, {2, 3}], [{8, 4}, {6, 7}, {2, 5}, {1, 3}], [{8, 4}, {6, 7}, {3, 5}, {1, 2}], [{8, 4}, {7}, {2, 6}, {1, 5}, {3}], [{8, 5}, {1, 7}, {2, 6}, {3, 4}], [{8, 5}, {1, 7}, {2, 6}, {4}, {3}], [{8, 5}, {1, 7}, {3, 6}, {2, 4}], [{8, 5}, {1, 7}, {4, 6}, {2, 3}], [{8, 5}, {1, 7}, {4, 6}, {3}, {2}], [{8, 5}, {1, 7}, {6}, {2, 4}, {3}], [{8, 5}, {2, 7}, {1, 6}, {3, 4}], [{8, 5}, {2, 7}, {3, 6}, {1, 4}], [{8, 5}, {2, 7}, {4, 6}, {1, 3}], [{8, 5}, {3, 7}, {1, 6}, {2, 4}], [{8, 5}, {3, 7}, {2, 6}, {1, 4}], [{8, 5}, {3, 7}, {2, 6}, {4}, {1}], [{8, 5}, {3, 7}, {4, 6}, {1, 2}], [{8, 5}, {4, 7}, {1, 6}, {2, 3}], [{8, 5}, {4, 7}, {2, 6}, {1, 3}], [{8, 5}, {4, 7}, {2, 6}, {3}, {1}], [{8, 5}, {4, 7}, {3, 6}, {1, 2}], [{8, 5}, {6, 7}, {1, 4}, {2, 3}], [{8, 5}, {6, 7}, {2, 4}, {1, 3}], [{8, 5}, {6, 7}, {3, 4}, {1, 2}], [{8, 5}, {7}, {2, 6}, {1, 4}, {3}], [{8, 5}, {7}, {2, 6}, {3, 4}, {1}], [{8, 5}, {7}, {2, 6}, {4}, {1, 3}], [{8, 5}, {7}, {3, 6}, {4}, {1, 2}], [{8, 6}, {1, 7}, {2, 5}, {3, 4}], [{8, 6}, {1, 7}, {3, 5}, {2, 4}], [{8, 6}, {1, 7}, {4, 5}, {2, 3}], [{8, 6}, {1, 7}, {5}, {2, 4}, {3}], [{8, 6}, {2, 7}, {1, 5}, {3, 4}], [{8, 6}, {2, 7}, {3, 5}, {1, 4}], [{8, 6}, {2, 7}, {4, 5}, {1, 3}], [{8, 6}, {3, 7}, {1, 5}, {2, 4}], [{8, 6}, {3, 7}, {2, 5}, {1, 4}], [{8, 6}, {3, 7}, {4, 5}, {1, 2}], [{8, 6}, {4, 7}, {1, 5}, {2, 3}], [{8, 6}, {4, 7}, {2, 5}, {1, 3}], [{8, 6}, {4, 7}, {3, 5}, {1, 2}], [{8, 6}, {5, 7}, {1, 4}, {2, 3}], [{8, 6}, {5, 7}, {2, 4}, {1, 3}], [{8, 6}, {5, 7}, {3, 4}, {1, 2}], [{8, 6}, {7}, {1, 5}, {4}, {2, 3}], [{8, 6}, {7}, {2, 5}, {4}, {1, 3}], [{8, 6}, {7}, {3, 5}, {1, 4}, {2}], [{8, 7}, {1, 6}, {2, 5}, {3, 4}], [{8, 7}, {1, 6}, {3, 5}, {2, 4}], [{8, 7}, {1, 6}, {4, 5}, {2, 3}], [{8, 7}, {2, 6}, {1, 5}, {3, 4}], [{8, 7}, {2, 6}, {3, 5}, {1, 4}], [{8, 7}, {2, 6}, {4, 5}, {1, 3}], [{8, 7}, {3, 6}, {1, 5}, {2, 4}], [{8, 7}, {3, 6}, {2, 5}, {1, 4}], [{8, 7}, {3, 6}, {4, 5}, {1, 2}], [{8, 7}, {3, 6}, {5}, {1, 4}, {2}], [{8, 7}, {4, 6}, {1, 5}, {2, 3}], [{8, 7}, {4, 6}, {1, 5}, {3}, {2}], [{8, 7}, {4, 6}, {2, 5}, {1, 3}], [{8, 7}, {4, 6}, {3, 5}, {1, 2}], [{8, 7}, {5, 6}, {1, 4}, {2, 3}], [{8, 7}, {5, 6}, {2, 4}, {1, 3}], [{8, 7}, {5, 6}, {3, 4}, {1, 2}], [{8}, {1, 7}, {5, 6}, {2, 4}, {3}], [{8}, {2, 7}, {6}, {3, 5}, {1, 4}], [{8}, {5, 7}, {1, 6}, {4}, {2, 3}], [{8}, {5, 7}, {4, 6}, {1, 3}, {2}], [{8}, {5, 7}, {4, 6}, {2, 3}, {1}], [{8}, {5, 7}, {4, 6}, {3}, {1, 2}], [{8}, {5, 7}, {4, 6}, {3}, {2}, {1}], [{8}, {5, 7}, {6}, {1, 4}, {2, 3}], [{8}, {6, 7}, {2, 5}, {1, 4}, {3}], [{8}, {6, 7}, {4, 5}, {1, 3}, {2}], [{8}, {7}, {1, 6}, {2, 5}, {3, 4}]]",2,16 K_1^3 + 4 K_1^2 K_2 - 14 K_1^2 - 20 K_1 K_2 - 6 K_1 K_3 - 2 K_1 - 2 K_2^2 + 8 K_2 + 6 K_3 + 3 K_4 + 8,O1O2O3O4U2U5U6O7U4O8O6U8U3O5U1U7,O1O2O3U4U5U3U6O7O6U2O5O8U1U8O4U7,O1O2O3U4O5U6U3O6O7U2O8O4U8U1U7U5,c,{'O1O2O3O4U5U4O6U2U7O8O7U1O5U8U6U3'},1,"<a href=""/flatknot/8.850820"">8.850820</a>",t^9-39t^7-72t^6+106t^5+242t^4-44t^3-160t^2+17t+12,0,,
8.850821,O1O2O3O4U5U4O6U2U7O8O7U3O5U1U6U8,4,12z^2+81z+115,-4w^4z^2+16w^3z^2-12w^3z+93w^2z+115w,False,False,"[[ 0 -2 -1  0  1 -1  1  1  1],[ 2  0  0  2  1 -1  2  2  1],[ 1  0  0  1  0 -1  1  1  1],[ 0 -2 -1  0  0 -1  0  0  0],[-1 -1  0  0  0 -1 -1 -1 -1],[ 1  1  1  1  1  0  1  2  1],[-1 -2 -1  0  1 -1  0 -1  0],[-1 -2 -1  0  1 -2  1  0  1],[-1 -1 -1  0  1 -1  0 -1  0]]","[[ 0  1  1  1  1  0 -1 -1 -2],[-1  0  1  1  1  0 -1 -2 -2],[-1 -1  0  1  0  0 -1 -1 -1],[-1 -1 -1  0 -1  0  0 -1 -1],[-1 -1  0  1  0  0 -1 -1 -2],[ 0  0  0  0  0  0 -1 -1 -2],[ 1  1  1  0  1  1  0 -1  0],[ 1  2  1  1  1  1  1  0  1],[ 2  2  1  1  2  2  0 -1  0]]",True,"[-1,-1,-1,-1,0,1,1,2,-1,-1,-1,0,1,2,2,-1,0,0,1,1,1,1,0,0,1,1,0,1,1,2,1,1,2,1,0,-1]","[-2,-1,-1,0,1,1,1,1,-1,0,2,1,1,2,2,1,1,1,1,1,2,1,0,1,1,1,0,0,0,0,-1,-1,-1,0,-1,-1]",t^8+33t^6+85t^4+52t^2+4,"[-2,-1,-1,0,1,1,1,1,1,2,0,1,1,2,2,1,0,1,1,1,2,0,0,1,1,1,1,1,1,1,-1,-1,-1,0,-1,-1]","[-1,-1,-1,-1,0,1,1,2,-1,-1,-1,1,1,2,2,-1,0,1,1,1,1,1,1,0,1,1,1,1,1,2,0,0,0,1,2,1]","[-2,-1,-1,0,1,1,1,1,-1,0,2,1,1,2,2,1,1,1,1,1,2,1,0,1,1,1,0,0,0,0,-1,-1,-1,0,-1,-1]",c,"[[{8, 1}, {2, 7}, {3, 6}, {4, 5}], [{8, 1}, {2, 7}, {3, 6}, {5}, {4}], [{8, 1}, {2, 7}, {4, 6}, {3, 5}], [{8, 1}, {2, 7}, {5, 6}, {3, 4}], [{8, 1}, {3, 7}, {2, 6}, {4, 5}], [{8, 1}, {3, 7}, {2, 6}, {5}, {4}], [{8, 1}, {3, 7}, {4, 6}, {2, 5}], [{8, 1}, {3, 7}, {5, 6}, {2, 4}], [{8, 1}, {3, 7}, {6}, {4, 5}, {2}], [{8, 1}, {4, 7}, {2, 6}, {3, 5}], [{8, 1}, {4, 7}, {3, 6}, {2, 5}], [{8, 1}, {4, 7}, {5, 6}, {2, 3}], [{8, 1}, {5, 7}, {2, 6}, {3, 4}], [{8, 1}, {5, 7}, {3, 6}, {2, 4}], [{8, 1}, {5, 7}, {4, 6}, {2, 3}], [{8, 1}, {5, 7}, {6}, {2, 4}, {3}], [{8, 1}, {6, 7}, {2, 5}, {3, 4}], [{8, 1}, {6, 7}, {3, 5}, {2, 4}], [{8, 1}, {6, 7}, {4, 5}, {2, 3}], [{8, 1}, {7}, {2, 6}, {4, 5}, {3}], [{8, 2}, {1, 7}, {3, 6}, {4, 5}], [{8, 2}, {1, 7}, {3, 6}, {5}, {4}], [{8, 2}, {1, 7}, {4, 6}, {3, 5}], [{8, 2}, {1, 7}, {5, 6}, {3, 4}], [{8, 2}, {1, 7}, {5, 6}, {4}, {3}], [{8, 2}, {1, 7}, {6}, {3, 5}, {4}], [{8, 2}, {3, 7}, {1, 6}, {4, 5}], [{8, 2}, {3, 7}, {4, 6}, {1, 5}], [{8, 2}, {3, 7}, {5, 6}, {1, 4}], [{8, 2}, {3, 7}, {6}, {1, 5}, {4}], [{8, 2}, {4, 7}, {1, 6}, {3, 5}], [{8, 2}, {4, 7}, {3, 6}, {1, 5}], [{8, 2}, {4, 7}, {3, 6}, {5}, {1}], [{8, 2}, {4, 7}, {5, 6}, {1, 3}], [{8, 2}, {4, 7}, {5, 6}, {3}, {1}], [{8, 2}, {4, 7}, {6}, {3, 5}, {1}], [{8, 2}, {5, 7}, {1, 6}, {3, 4}], [{8, 2}, {5, 7}, {3, 6}, {1, 4}], [{8, 2}, {5, 7}, {3, 6}, {4}, {1}], [{8, 2}, {5, 7}, {4, 6}, {1, 3}], [{8, 2}, {6, 7}, {1, 5}, {3, 4}], [{8, 2}, {6, 7}, {1, 5}, {4}, {3}], [{8, 2}, {6, 7}, {3, 5}, {1, 4}], [{8, 2}, {6, 7}, {4, 5}, {1, 3}], [{8, 2}, {7}, {3, 6}, {1, 5}, {4}], [{8, 2}, {7}, {3, 6}, {4, 5}, {1}], [{8, 2}, {7}, {3, 6}, {5}, {1, 4}], [{8, 2}, {7}, {5, 6}, {1, 4}, {3}], [{8, 2}, {7}, {6}, {3, 5}, {1, 4}], [{8, 3}, {1, 7}, {2, 6}, {4, 5}], [{8, 3}, {1, 7}, {4, 6}, {2, 5}], [{8, 3}, {1, 7}, {5, 6}, {2, 4}], [{8, 3}, {1, 7}, {5, 6}, {4}, {2}], [{8, 3}, {1, 7}, {6}, {5}, {2, 4}], [{8, 3}, {2, 7}, {1, 6}, {4, 5}], [{8, 3}, {2, 7}, {4, 6}, {1, 5}], [{8, 3}, {2, 7}, {5, 6}, {1, 4}], [{8, 3}, {2, 7}, {6}, {5}, {1, 4}], [{8, 3}, {4, 7}, {1, 6}, {2, 5}], [{8, 3}, {4, 7}, {1, 6}, {5}, {2}], [{8, 3}, {4, 7}, {2, 6}, {1, 5}], [{8, 3}, {4, 7}, {5, 6}, {1, 2}], [{8, 3}, {5, 7}, {1, 6}, {2, 4}], [{8, 3}, {5, 7}, {2, 6}, {1, 4}], [{8, 3}, {5, 7}, {4, 6}, {1, 2}], [{8, 3}, {6, 7}, {1, 5}, {2, 4}], [{8, 3}, {6, 7}, {2, 5}, {1, 4}], [{8, 3}, {6, 7}, {4, 5}, {1, 2}], [{8, 4}, {1, 7}, {2, 6}, {3, 5}], [{8, 4}, {1, 7}, {3, 6}, {2, 5}], [{8, 4}, {1, 7}, {5, 6}, {2, 3}], [{8, 4}, {2, 7}, {1, 6}, {3, 5}], [{8, 4}, {2, 7}, {3, 6}, {1, 5}], [{8, 4}, {2, 7}, {5, 6}, {1, 3}], [{8, 4}, {3, 7}, {1, 6}, {2, 5}], [{8, 4}, {3, 7}, {1, 6}, {5}, {2}], [{8, 4}, {3, 7}, {2, 6}, {1, 5}], [{8, 4}, {3, 7}, {5, 6}, {1, 2}], [{8, 4}, {5, 7}, {1, 6}, {2, 3}], [{8, 4}, {5, 7}, {2, 6}, {1, 3}], [{8, 4}, {5, 7}, {3, 6}, {1, 2}], [{8, 4}, {5, 7}, {6}, {1, 3}, {2}], [{8, 4}, {5, 7}, {6}, {2, 3}, {1}], [{8, 4}, {5, 7}, {6}, {3}, {1, 2}], [{8, 4}, {6, 7}, {1, 5}, {2, 3}], [{8, 4}, {6, 7}, {1, 5}, {3}, {2}], [{8, 4}, {6, 7}, {2, 5}, {1, 3}], [{8, 4}, {6, 7}, {2, 5}, {3}, {1}], [{8, 4}, {6, 7}, {3, 5}, {1, 2}], [{8, 4}, {6, 7}, {5}, {3}, {1, 2}], [{8, 4}, {7}, {2, 6}, {3, 5}, {1}], [{8, 4}, {7}, {5, 6}, {3}, {1, 2}], [{8, 5}, {1, 7}, {2, 6}, {3, 4}], [{8, 5}, {1, 7}, {3, 6}, {2, 4}], [{8, 5}, {1, 7}, {4, 6}, {2, 3}], [{8, 5}, {2, 7}, {1, 6}, {3, 4}], [{8, 5}, {2, 7}, {1, 6}, {4}, {3}], [{8, 5}, {2, 7}, {3, 6}, {1, 4}], [{8, 5}, {2, 7}, {4, 6}, {1, 3}], [{8, 5}, {2, 7}, {4, 6}, {3}, {1}], [{8, 5}, {2, 7}, {6}, {1, 4}, {3}], [{8, 5}, {3, 7}, {1, 6}, {2, 4}], [{8, 5}, {3, 7}, {2, 6}, {1, 4}], [{8, 5}, {3, 7}, {4, 6}, {1, 2}], [{8, 5}, {4, 7}, {1, 6}, {2, 3}], [{8, 5}, {4, 7}, {2, 6}, {1, 3}], [{8, 5}, {4, 7}, {3, 6}, {1, 2}], [{8, 5}, {6, 7}, {1, 4}, {2, 3}], [{8, 5}, {6, 7}, {2, 4}, {1, 3}], [{8, 5}, {6, 7}, {3, 4}, {1, 2}], [{8, 5}, {6, 7}, {4}, {2, 3}, {1}], [{8, 6}, {1, 7}, {2, 5}, {3, 4}], [{8, 6}, {1, 7}, {3, 5}, {2, 4}], [{8, 6}, {1, 7}, {4, 5}, {2, 3}], [{8, 6}, {1, 7}, {5}, {3, 4}, {2}], [{8, 6}, {2, 7}, {1, 5}, {3, 4}], [{8, 6}, {2, 7}, {3, 5}, {1, 4}], [{8, 6}, {2, 7}, {4, 5}, {1, 3}], [{8, 6}, {3, 7}, {1, 5}, {2, 4}], [{8, 6}, {3, 7}, {2, 5}, {1, 4}], [{8, 6}, {3, 7}, {4, 5}, {1, 2}], [{8, 6}, {4, 7}, {1, 5}, {2, 3}], [{8, 6}, {4, 7}, {2, 5}, {1, 3}], [{8, 6}, {4, 7}, {2, 5}, {3}, {1}], [{8, 6}, {4, 7}, {3, 5}, {1, 2}], [{8, 6}, {4, 7}, {3, 5}, {2}, {1}], [{8, 6}, {4, 7}, {5}, {2, 3}, {1}], [{8, 6}, {5, 7}, {1, 4}, {2, 3}], [{8, 6}, {5, 7}, {2, 4}, {1, 3}], [{8, 6}, {5, 7}, {2, 4}, {3}, {1}], [{8, 6}, {5, 7}, {3, 4}, {1, 2}], [{8, 7}, {1, 6}, {2, 5}, {3, 4}], [{8, 7}, {1, 6}, {3, 5}, {2, 4}], [{8, 7}, {1, 6}, {4, 5}, {2, 3}], [{8, 7}, {2, 6}, {1, 5}, {3, 4}], [{8, 7}, {2, 6}, {3, 5}, {1, 4}], [{8, 7}, {2, 6}, {3, 5}, {4}, {1}], [{8, 7}, {2, 6}, {4, 5}, {1, 3}], [{8, 7}, {2, 6}, {4, 5}, {3}, {1}], [{8, 7}, {2, 6}, {5}, {3, 4}, {1}], [{8, 7}, {3, 6}, {1, 5}, {2, 4}], [{8, 7}, {3, 6}, {2, 5}, {1, 4}], [{8, 7}, {3, 6}, {4, 5}, {1, 2}], [{8, 7}, {4, 6}, {1, 5}, {2, 3}], [{8, 7}, {4, 6}, {2, 5}, {1, 3}], [{8, 7}, {4, 6}, {3, 5}, {1, 2}], [{8, 7}, {5, 6}, {1, 4}, {2, 3}], [{8, 7}, {5, 6}, {2, 4}, {1, 3}], [{8, 7}, {5, 6}, {3, 4}, {1, 2}], [{8, 7}, {6}, {3, 5}, {1, 4}, {2}], [{8}, {1, 7}, {2, 6}, {4, 5}, {3}], [{8}, {1, 7}, {4, 6}, {3, 5}, {2}], [{8}, {1, 7}, {5, 6}, {4}, {2, 3}], [{8}, {2, 7}, {6}, {1, 5}, {3, 4}], [{8}, {2, 7}, {6}, {3, 5}, {1, 4}], [{8}, {3, 7}, {4, 6}, {1, 5}, {2}], [{8}, {3, 7}, {5, 6}, {2, 4}, {1}], [{8}, {4, 7}, {2, 6}, {3, 5}, {1}], [{8}, {4, 7}, {6}, {2, 5}, {1, 3}], [{8}, {5, 7}, {1, 6}, {2, 4}, {3}], [{8}, {6, 7}, {1, 5}, {2, 4}, {3}], [{8}, {6, 7}, {3, 5}, {2, 4}, {1}], [{8}, {6, 7}, {5}, {2, 4}, {1, 3}]]",2,- 8 K_1^4 + 28 K_1^3 + 12 K_1^2 K_2 - 36 K_1^2 - 36 K_1 K_2 - 6 K_1 K_3 - 3 K_1 + 19 K_2 + 11 K_3 + K_4 + 19,O1O2O3O4U5U6U4O7U2O8O5U8U3O6U1U7,O1O2O3U1U4U5U6O7O6U2O4O8U3U8O5U7,O1O2O3U4O5U6U1O6O7U2O8O4U8U5U7U3,c,{'O1O2O3O4U5U4O6U2U7O8O7U3O5U1U6U8'},1,"<a href=""/flatknot/8.850821"">8.850821</a>",t^9-35t^7-72t^6+2t^5+22t^4-56t^3-18t^2+20t+4,t^2-2t,,
8.850822,O1O2O3O4U5U4O6U2U7O8O7U3O5U1U8U6,3,7z^2+60z+93,-4w^4z^2+11w^3z^2-12w^3z+72w^2z+93w,False,False,"[[ 0 -2 -1  0  1 -1  2  1  0],[ 2  0  0  2  1 -1  3  2  0],[ 1  0  0  1  0 -1  1  1  0],[ 0 -2 -1  0  0 -1  1  0 -1],[-1 -1  0  0  0 -1 -1 -1 -1],[ 1  1  1  1  1  0  1  2  1],[-2 -3 -1 -1  1 -1  0 -1 -1],[-1 -2 -1  0  1 -2  1  0  0],[ 0  0  0  1  1 -1  1  0  0]]","[[ 0  2  1  1  0  0 -1 -1 -2],[-2  0  1 -1 -1 -1 -1 -1 -3],[-1 -1  0 -1  0 -1  0 -1 -1],[-1  1  1  0  0  0 -1 -2 -2],[ 0  1  0  0  0 -1 -1 -1 -2],[ 0  1  1  0  1  0  0 -1  0],[ 1  1  0  1  1  0  0 -1  0],[ 1  1  1  2  1  1  1  0  1],[ 2  3  1  2  2  0  0 -1  0]]",True,"[-2,-1,-1,0,0,1,1,2,-1,1,1,1,1,1,3,1,0,1,0,1,1,0,0,1,2,2,1,1,1,2,0,1,0,1,0,-1]","[-2,-1,-1,0,0,1,1,2,-1,0,0,2,1,2,3,1,1,1,1,2,1,0,1,0,1,1,1,1,0,1,0,0,1,-1,-1,1]",t^8+38t^6+121t^4+80t^2,"[-2,-1,-1,0,0,1,1,2,1,2,0,2,1,2,1,1,0,1,1,2,2,0,0,0,1,2,1,1,1,1,1,0,1,-1,0,2]","[-2,-1,-1,0,0,1,1,2,0,2,1,1,2,2,1,1,1,1,0,1,1,0,1,1,2,2,1,0,1,2,0,0,0,1,2,1]","[-2,-1,-1,0,0,1,1,2,-1,0,0,2,1,2,3,1,1,1,1,2,1,0,1,0,1,1,1,1,0,1,0,0,1,-1,-1,1]",c,"[[{8, 2}, {1, 7}, {4, 6}, {3, 5}], [{8, 3}, {2, 7}, {1, 6}, {4, 5}]]",1,16 K_1^3 + 8 K_1^2 K_2 - 28 K_1^2 - 24 K_1 K_2 - 8 K_1 K_3 + 14 K_2 + 8 K_3 + 2 K_4 + 13,O1O2O3O4U5U6U4O7U2O8O6U8U3O5U1U7,O1O2O3U1U4U5U6O7O6U3O4O8U2U8O5U7,O1O2O3U4O5U6U2O6O7U1O8O4U8U5U7U3,c,{'O1O2O3O4U5U4O6U2U7O8O7U3O5U1U8U6'},1,"<a href=""/flatknot/8.850822"">8.850822</a>",t^9-38t^7-86t^6+9t^5+66t^4+8t^3+40t^2-40t,0,,
8.850823,O1O2O3O4U5U4O6U2U7O8O7U3O5U6U1U8,3,11z^2+40z+37,-4w^4z^2+15w^3z^2-4w^3z+44w^2z+37w,False,False,"[[ 0 -1 -1  0  1 -1  0  1  1],[ 1  0 -1  1  1 -1  1  1  1],[ 1  1  0  1  0 -1  1  1  1],[ 0 -1 -1  0  0 -1  0  0  0],[-1 -1  0  0  0 -1 -1 -1 -1],[ 1  1  1  1  1  0  0  2  1],[ 0 -1 -1  0  1  0  0  0  0],[-1 -1 -1  0  1 -2  0  0  1],[-1 -1 -1  0  1 -1  0 -1  0]]","[[ 0  1  1  1  0  0 -1 -1 -1],[-1  0  1  1  0  0 -1 -1 -2],[-1 -1  0  1  0  0 -1 -1 -1],[-1 -1 -1  0  0 -1  0 -1 -1],[ 0  0  0  0  0  0 -1 -1 -1],[ 0  0  0  1  0  0 -1 -1  0],[ 1  1  1  0  1  1  0  1 -1],[ 1  1  1  1  1  1 -1  0 -1],[ 1  2  1  1  1  0  1  1  0]]",True,"[-1,-1,-1,0,0,1,1,1,-1,-1,0,0,1,1,2,-1,0,0,1,1,1,0,1,0,1,1,0,1,1,1,1,1,0,-1,1,1]","[-1,-1,-1,0,0,1,1,1,-1,-1,0,0,1,1,2,-1,0,0,1,1,1,0,1,0,1,1,0,1,1,1,1,1,0,-1,1,1]",t^8+23t^6+69t^4+39t^2,"[-1,-1,-1,0,0,1,1,1,-1,-1,0,1,0,1,1,-1,0,0,1,1,2,0,0,1,1,1,0,1,1,1,1,1,0,-1,-1,-1]","[-1,-1,-1,0,0,1,1,1,-1,-1,0,1,1,1,2,-1,1,1,1,1,1,1,1,0,1,1,0,1,0,0,0,0,0,1,1,-1]","[-1,-1,-1,0,0,1,1,1,-1,-1,1,1,1,1,1,-1,1,1,0,1,1,0,1,1,1,2,0,1,0,0,0,0,0,-1,-1,-1]",c,"[[{8, 2}, {1, 7}, {3, 6}, {4, 5}]]",1,8 K_1^3 - 4 K_1^2 - 8 K_1 K_2 - 2 K_1 + 2 K_2 + 2 K_3 + 3,O1O2O3O4U5U4U6O7U2O8O5U8U3O6U1U7,O1O2O3U2U4U5U6O7O6U1O4O8U3U8O5U7,O1O2O3U4O5U6U1O6O7U3O8O4U8U5U7U2,c,"{'O1O2O3O4U5U4U1U6O7O6O8U3O5U2U8U7', 'O1O2O3O4U5U4O6U2U7O8O7U3O5U6U1U8', 'O1O2O3O4U5U4U1O6U7O8O7U3O5U2U6U8'}",3,"<a href=""/flatknot/8.850823"">8.850823</a>",t^9-23t^7-50t^6-11t^5+18t^4-23t^3-8t^2+20t+8,0,,
8.850824,O1O2O3O4U5U4O6U2U7O8O7U3O5U8U1U6,3,14z^2+83z+111,-4w^4z^2+18w^3z^2-12w^3z+95w^2z+111w,False,False,"[[ 0 -1 -1  0  1 -1  2  1 -1],[ 1  0  0  1  1 -1  2  2 -1],[ 1  0  0  1  0 -1  1  1  0],[ 0 -1 -1  0  0 -1  1  0 -1],[-1 -1  0  0  0 -1 -1 -1 -1],[ 1  1  1  1  1  0  1  2  0],[-2 -2 -1 -1  1 -1  0 -1 -1],[-1 -2 -1  0  1 -2  1  0 -1],[ 1  1  0  1  1  0  1  1  0]]","[[ 0  2  1  1  0 -1 -1 -1 -1],[-2  0  1 -1 -1 -1 -1 -1 -2],[-1 -1  0 -1  0  0 -1 -1 -1],[-1  1  1  0  0 -1 -1 -2 -2],[ 0  1  0  0  0 -1 -1 -1 -1],[ 1  1  0  1  1  0  0 -1  0],[ 1  1  1  1  1  0  0  0  1],[ 1  1  1  2  1  1  0  0  1],[ 1  2  1  2  1  0 -1 -1  0]]",True,"[-2,-1,-1,0,1,1,1,1,-1,1,1,1,1,1,2,1,0,0,1,1,1,0,1,1,2,2,1,1,1,1,0,1,0,0,-1,-1]","[-2,-1,-1,0,1,1,1,1,-1,1,1,1,1,1,2,1,0,0,1,1,1,0,1,1,2,2,1,1,1,1,0,1,0,0,-1,-1]",t^8+31t^6+76t^4+36t^2,"[-1,-1,-1,-1,0,1,1,2,-1,-1,0,0,0,1,2,0,0,0,1,2,2,1,0,0,1,1,0,1,1,2,1,1,1,-1,0,2]","[-2,-1,-1,0,1,1,1,1,0,2,1,1,2,2,2,1,1,0,0,1,1,1,1,1,1,2,0,0,0,0,-1,-1,0,0,1,0]","[-1,-1,-1,-1,0,1,1,2,-1,-1,0,1,1,2,2,0,0,1,1,1,1,1,1,1,2,1,1,0,1,1,0,0,1,-1,-1,1]",c,"[[{8, 1}, {4, 7}, {3, 6}, {2, 5}], [{8, 4}, {1, 7}, {2, 6}, {3, 5}], [{8, 4}, {1, 7}, {3, 6}, {2, 5}], [{8, 4}, {1, 7}, {5, 6}, {2, 3}], [{8, 4}, {7}, {2, 6}, {3, 5}, {1}]]",1,- 8 K_1^4 + 32 K_1^3 + 20 K_1^2 K_2 - 38 K_1^2 - 32 K_1 K_2 - 12 K_1 K_3 - 8 K_1 - 2 K_2^2 + 19 K_2 + 8 K_3 + 3 K_4 + 19,O1O2O3O4U5U4U6O7U2O8O6U8U3O5U1U7,O1O2O3U2U4U5U6O7O6U3O4O8U1U8O5U7,O1O2O3U4O5U6U3O6O7U1O8O4U8U5U7U2,c,{'O1O2O3O4U5U4O6U2U7O8O7U3O5U8U1U6'},1,"<a href=""/flatknot/8.850824"">8.850824</a>",t^9-29t^7-78t^6-61t^5+8t^4+69t^3+58t^2-8t-16,-t^2+2t,,
8.850825,O1O2O3O4U5U4O6U2U7O8O7U6O5U1U3U8,4,15z^2+100z+141,15w^3z^2+100w^2z+141w,False,False,"[[ 0 -2 -1  1  1 -1  0  1  1],[ 2  0  0  2  1  0  1  2  1],[ 1  0  0  1  0 -1  1  1  1],[-1 -2 -1  0  1 -2  0 -1  0],[-1 -1  0 -1  0 -1  0 -1 -1],[ 1  0  1  2  1  0  0  2  1],[ 0 -1 -1  0  0  0  0  0  0],[-1 -2 -1  1  1 -2  0  0  1],[-1 -1 -1  0  1 -1  0 -1  0]]","[[ 0  1  1  1  1  0 -1 -1 -2],[-1  0  1  1  1  0 -1 -2 -2],[-1 -1  0  1  0  0 -1 -1 -1],[-1 -1 -1  0 -1  0  0 -1 -1],[-1 -1  0  1  0  0 -1 -2 -2],[ 0  0  0  0  0  0 -1  0 -1],[ 1  1  1  0  1  1  0 -1  0],[ 1  2  1  1  2  0  1  0  0],[ 2  2  1  1  2  1  0  0  0]]",True,"[-1,-1,-1,-1,0,1,1,2,-1,-1,-1,0,1,2,2,-1,0,0,1,1,1,1,0,0,1,1,0,1,2,2,1,0,1,1,0,0]","[-2,-1,-1,0,1,1,1,1,0,0,1,1,1,2,2,-1,1,0,1,1,1,0,1,1,2,2,0,0,0,0,-1,-1,-1,-1,0,1]",t^8+31t^6+77t^4+42t^2,"[-2,-1,-1,0,1,1,1,1,1,1,1,1,1,2,2,-1,1,0,0,1,1,0,1,1,1,2,1,1,1,1,-1,-1,-1,0,-1,-1]","[-1,-1,-1,-1,0,1,1,2,-1,-1,-1,1,1,2,2,-1,0,1,0,1,1,1,1,0,1,1,1,1,1,2,1,0,1,1,1,1]","[-2,-1,-1,0,1,1,1,1,0,0,1,1,1,2,2,-1,1,0,1,1,1,0,1,1,2,2,0,0,0,0,-1,-1,-1,-1,0,1]",c,"[[{8, 2}, {1, 7}, {5, 6}, {3, 4}], [{8, 2}, {1, 7}, {5, 6}, {4}, {3}], [{8, 6}, {1, 7}, {2, 5}, {3, 4}], [{8, 6}, {1, 7}, {2, 5}, {4}, {3}]]",1,4 K_1^2 K_2 - 18 K_1^2 - 12 K_1 K_2 - 4 K_1 K_3 + 6 K_1 - 4 K_2^2 + 9 K_2 + 6 K_3 + 3 K_4 + 11,O1O2O3O4U5U2U4O6U7O8O5U8U3O7U1U6,O1O2O3U1U4U2U5O6O5U7O4O8U3U8O7U6,O1O2O3U4O5U6U1O6O7U5O8O4U8U2U7U3,c,{'O1O2O3O4U5U4O6U2U7O8O7U6O5U1U3U8'},1,"<a href=""/flatknot/8.850825"">8.850825</a>",t^9-33t^7-54t^6+56t^5+86t^4-49t^3-24t^2+22t-8,t^2-2t,,
8.850826,O1O2O3O4U5U4O6U2U7O8O7U6O5U1U8U3,4,z^3+17z^2+83z+107,w^4z^3+17w^3z^2+83w^2z+107w,False,False,"[[ 0 -2 -1  2  1 -1  0  1  0],[ 2  0  0  3  1  0  1  2  0],[ 1  0  0  1  0 -1  1  1  0],[-2 -3 -1  0  1 -2 -1 -1 -1],[-1 -1  0 -1  0 -1  0 -1 -1],[ 1  0  1  2  1  0  0  2  0],[ 0 -1 -1  1  0  0  0  0  0],[-1 -2 -1  1  1 -2  0  0  0],[ 0  0  0  1  1  0  0  0  0]]","[[ 0  2  1  1  0  0 -1 -1 -2],[-2  0  1 -1 -1 -1 -1 -2 -3],[-1 -1  0 -1  0 -1  0 -1 -1],[-1  1  1  0  0  0 -1 -2 -2],[ 0  1  0  0  0  0 -1  0 -1],[ 0  1  1  0  0  0  0  0  0],[ 1  1  0  1  1  0  0 -1  0],[ 1  2  1  2  0  0  1  0  0],[ 2  3  1  2  1  0  0  0  0]]",True,"[-2,-1,-1,0,0,1,1,2,-1,1,1,1,1,2,3,1,0,1,0,1,1,0,0,1,2,2,0,1,0,1,0,0,0,1,0,0]","[-2,-1,-1,0,0,1,1,2,-1,1,1,1,1,2,3,1,0,1,0,1,1,0,0,1,2,2,0,1,0,1,0,0,0,1,0,0]",t^8+34t^6+107t^4+65t^2+1,"[-2,-1,-1,0,0,1,1,2,1,1,1,2,1,2,1,-1,1,1,0,1,1,0,1,1,2,2,0,1,1,1,1,0,1,-1,0,2]","[-2,-1,-1,0,0,1,1,2,0,2,1,1,1,2,1,1,1,1,0,1,1,0,1,1,2,2,0,1,1,2,1,0,1,1,1,1]","[-2,-1,-1,0,0,1,1,2,0,0,0,1,1,2,3,-1,0,1,0,1,1,0,0,1,2,2,0,1,0,1,0,0,1,-1,-1,1]",c,"[[{8, 1}, {2, 7}, {3, 6}, {4, 5}], [{8, 1}, {2, 7}, {4, 6}, {3, 5}], [{8, 1}, {2, 7}, {5, 6}, {3, 4}], [{8, 1}, {2, 7}, {6}, {3, 5}, {4}], [{8, 1}, {3, 7}, {2, 6}, {4, 5}], [{8, 1}, {3, 7}, {4, 6}, {2, 5}], [{8, 1}, {3, 7}, {5, 6}, {2, 4}], [{8, 1}, {4, 7}, {2, 6}, {3, 5}], [{8, 1}, {4, 7}, {3, 6}, {2, 5}], [{8, 1}, {4, 7}, {5, 6}, {2, 3}], [{8, 1}, {4, 7}, {5, 6}, {3}, {2}], [{8, 1}, {5, 7}, {2, 6}, {3, 4}], [{8, 1}, {5, 7}, {3, 6}, {2, 4}], [{8, 1}, {5, 7}, {4, 6}, {2, 3}], [{8, 1}, {6, 7}, {2, 5}, {3, 4}], [{8, 1}, {6, 7}, {3, 5}, {2, 4}], [{8, 1}, {6, 7}, {4, 5}, {2, 3}], [{8, 1}, {7}, {3, 6}, {2, 5}, {4}], [{8, 2}, {1, 7}, {3, 6}, {4, 5}], [{8, 2}, {1, 7}, {3, 6}, {5}, {4}], [{8, 2}, {1, 7}, {4, 6}, {3, 5}], [{8, 2}, {1, 7}, {4, 6}, {5}, {3}], [{8, 2}, {1, 7}, {5, 6}, {3, 4}], [{8, 2}, {1, 7}, {5, 6}, {4}, {3}], [{8, 2}, {1, 7}, {6}, {3, 5}, {4}], [{8, 2}, {1, 7}, {6}, {4, 5}, {3}], [{8, 2}, {1, 7}, {6}, {5}, {3, 4}], [{8, 2}, {1, 7}, {6}, {5}, {4}, {3}], [{8, 2}, {3, 7}, {1, 6}, {4, 5}], [{8, 2}, {3, 7}, {4, 6}, {1, 5}], [{8, 2}, {3, 7}, {4, 6}, {5}, {1}], [{8, 2}, {3, 7}, {5, 6}, {1, 4}], [{8, 2}, {3, 7}, {5, 6}, {4}, {1}], [{8, 2}, {3, 7}, {6}, {4, 5}, {1}], [{8, 2}, {4, 7}, {1, 6}, {3, 5}], [{8, 2}, {4, 7}, {1, 6}, {5}, {3}], [{8, 2}, {4, 7}, {3, 6}, {1, 5}], [{8, 2}, {4, 7}, {5, 6}, {1, 3}], [{8, 2}, {4, 7}, {5, 6}, {3}, {1}], [{8, 2}, {4, 7}, {6}, {1, 5}, {3}], [{8, 2}, {5, 7}, {1, 6}, {3, 4}], [{8, 2}, {5, 7}, {1, 6}, {4}, {3}], [{8, 2}, {5, 7}, {3, 6}, {1, 4}], [{8, 2}, {5, 7}, {4, 6}, {1, 3}], [{8, 2}, {5, 7}, {4, 6}, {3}, {1}], [{8, 2}, {5, 7}, {6}, {1, 4}, {3}], [{8, 2}, {6, 7}, {1, 5}, {3, 4}], [{8, 2}, {6, 7}, {1, 5}, {4}, {3}], [{8, 2}, {6, 7}, {3, 5}, {1, 4}], [{8, 2}, {6, 7}, {4, 5}, {1, 3}], [{8, 2}, {6, 7}, {4, 5}, {3}, {1}], [{8, 2}, {6, 7}, {5}, {1, 4}, {3}], [{8, 2}, {7}, {1, 6}, {4, 5}, {3}], [{8, 2}, {7}, {3, 6}, {4, 5}, {1}], [{8, 2}, {7}, {4, 6}, {1, 5}, {3}], [{8, 2}, {7}, {4, 6}, {3, 5}, {1}], [{8, 2}, {7}, {4, 6}, {5}, {1, 3}], [{8, 2}, {7}, {4, 6}, {5}, {3}, {1}], [{8, 2}, {7}, {5, 6}, {1, 4}, {3}], [{8, 2}, {7}, {5, 6}, {3, 4}, {1}], [{8, 2}, {7}, {5, 6}, {4}, {1, 3}], [{8, 2}, {7}, {5, 6}, {4}, {3}, {1}], [{8, 2}, {7}, {6}, {4, 5}, {1, 3}], [{8, 2}, {7}, {6}, {4, 5}, {3}, {1}], [{8, 3}, {1, 7}, {2, 6}, {4, 5}], [{8, 3}, {1, 7}, {2, 6}, {5}, {4}], [{8, 3}, {1, 7}, {4, 6}, {2, 5}], [{8, 3}, {1, 7}, {5, 6}, {2, 4}], [{8, 3}, {2, 7}, {1, 6}, {4, 5}], [{8, 3}, {2, 7}, {4, 6}, {1, 5}], [{8, 3}, {2, 7}, {5, 6}, {1, 4}], [{8, 3}, {4, 7}, {1, 6}, {2, 5}], [{8, 3}, {4, 7}, {1, 6}, {5}, {2}], [{8, 3}, {4, 7}, {2, 6}, {1, 5}], [{8, 3}, {4, 7}, {5, 6}, {1, 2}], [{8, 3}, {4, 7}, {6}, {2, 5}, {1}], [{8, 3}, {5, 7}, {1, 6}, {2, 4}], [{8, 3}, {5, 7}, {2, 6}, {1, 4}], [{8, 3}, {5, 7}, {4, 6}, {1, 2}], [{8, 3}, {5, 7}, {6}, {1, 4}, {2}], [{8, 3}, {6, 7}, {1, 5}, {2, 4}], [{8, 3}, {6, 7}, {2, 5}, {1, 4}], [{8, 3}, {6, 7}, {4, 5}, {1, 2}], [{8, 3}, {6, 7}, {5}, {1, 4}, {2}], [{8, 3}, {7}, {4, 6}, {1, 5}, {2}], [{8, 3}, {7}, {5, 6}, {1, 4}, {2}], [{8, 4}, {1, 7}, {2, 6}, {3, 5}], [{8, 4}, {1, 7}, {3, 6}, {2, 5}], [{8, 4}, {1, 7}, {3, 6}, {5}, {2}], [{8, 4}, {1, 7}, {5, 6}, {2, 3}], [{8, 4}, {2, 7}, {1, 6}, {3, 5}], [{8, 4}, {2, 7}, {3, 6}, {1, 5}], [{8, 4}, {2, 7}, {5, 6}, {1, 3}], [{8, 4}, {3, 7}, {1, 6}, {2, 5}], [{8, 4}, {3, 7}, {2, 6}, {1, 5}], [{8, 4}, {3, 7}, {5, 6}, {1, 2}], [{8, 4}, {5, 7}, {1, 6}, {2, 3}], [{8, 4}, {5, 7}, {2, 6}, {1, 3}], [{8, 4}, {5, 7}, {2, 6}, {3}, {1}], [{8, 4}, {5, 7}, {3, 6}, {1, 2}], [{8, 4}, {6, 7}, {1, 5}, {2, 3}], [{8, 4}, {6, 7}, {2, 5}, {1, 3}], [{8, 4}, {6, 7}, {3, 5}, {1, 2}], [{8, 4}, {6, 7}, {3, 5}, {2}, {1}], [{8, 4}, {6, 7}, {5}, {3}, {1, 2}], [{8, 4}, {7}, {2, 6}, {5}, {1, 3}], [{8, 4}, {7}, {5, 6}, {1, 3}, {2}], [{8, 4}, {7}, {6}, {2, 5}, {1, 3}], [{8, 5}, {1, 7}, {2, 6}, {3, 4}], [{8, 5}, {1, 7}, {3, 6}, {2, 4}], [{8, 5}, {1, 7}, {3, 6}, {4}, {2}], [{8, 5}, {1, 7}, {4, 6}, {2, 3}], [{8, 5}, {2, 7}, {1, 6}, {3, 4}], [{8, 5}, {2, 7}, {3, 6}, {1, 4}], [{8, 5}, {2, 7}, {4, 6}, {1, 3}], [{8, 5}, {3, 7}, {1, 6}, {2, 4}], [{8, 5}, {3, 7}, {2, 6}, {1, 4}], [{8, 5}, {3, 7}, {4, 6}, {1, 2}], [{8, 5}, {3, 7}, {6}, {4}, {1, 2}], [{8, 5}, {4, 7}, {1, 6}, {2, 3}], [{8, 5}, {4, 7}, {2, 6}, {1, 3}], [{8, 5}, {4, 7}, {3, 6}, {1, 2}], [{8, 5}, {6, 7}, {1, 4}, {2, 3}], [{8, 5}, {6, 7}, {2, 4}, {1, 3}], [{8, 5}, {6, 7}, {3, 4}, {1, 2}], [{8, 5}, {6, 7}, {4}, {2, 3}, {1}], [{8, 5}, {7}, {4, 6}, {1, 3}, {2}], [{8, 6}, {1, 7}, {2, 5}, {3, 4}], [{8, 6}, {1, 7}, {3, 5}, {2, 4}], [{8, 6}, {1, 7}, {4, 5}, {2, 3}], [{8, 6}, {1, 7}, {5}, {4}, {2, 3}], [{8, 6}, {2, 7}, {1, 5}, {3, 4}], [{8, 6}, {2, 7}, {3, 5}, {1, 4}], [{8, 6}, {2, 7}, {4, 5}, {1, 3}], [{8, 6}, {3, 7}, {1, 5}, {2, 4}], [{8, 6}, {3, 7}, {2, 5}, {1, 4}], [{8, 6}, {3, 7}, {4, 5}, {1, 2}], [{8, 6}, {3, 7}, {5}, {2, 4}, {1}], [{8, 6}, {4, 7}, {1, 5}, {2, 3}], [{8, 6}, {4, 7}, {2, 5}, {1, 3}], [{8, 6}, {4, 7}, {3, 5}, {1, 2}], [{8, 6}, {4, 7}, {3, 5}, {2}, {1}], [{8, 6}, {5, 7}, {1, 4}, {2, 3}], [{8, 6}, {5, 7}, {2, 4}, {1, 3}], [{8, 6}, {5, 7}, {3, 4}, {1, 2}], [{8, 6}, {7}, {2, 5}, {4}, {1, 3}], [{8, 7}, {1, 6}, {2, 5}, {3, 4}], [{8, 7}, {1, 6}, {3, 5}, {2, 4}], [{8, 7}, {1, 6}, {4, 5}, {2, 3}], [{8, 7}, {2, 6}, {1, 5}, {3, 4}], [{8, 7}, {2, 6}, {3, 5}, {1, 4}], [{8, 7}, {2, 6}, {4, 5}, {1, 3}], [{8, 7}, {3, 6}, {1, 5}, {2, 4}], [{8, 7}, {3, 6}, {2, 5}, {1, 4}], [{8, 7}, {3, 6}, {2, 5}, {4}, {1}], [{8, 7}, {3, 6}, {4, 5}, {1, 2}], [{8, 7}, {4, 6}, {1, 5}, {2, 3}], [{8, 7}, {4, 6}, {2, 5}, {1, 3}], [{8, 7}, {4, 6}, {3, 5}, {1, 2}], [{8, 7}, {5, 6}, {1, 4}, {2, 3}], [{8, 7}, {5, 6}, {2, 4}, {1, 3}], [{8, 7}, {5, 6}, {3, 4}, {1, 2}], [{8, 7}, {6}, {1, 5}, {4}, {2, 3}], [{8, 7}, {6}, {4, 5}, {1, 3}, {2}], [{8}, {1, 7}, {3, 6}, {2, 5}, {4}], [{8}, {1, 7}, {3, 6}, {4, 5}, {2}], [{8}, {1, 7}, {3, 6}, {5}, {2, 4}], [{8}, {1, 7}, {3, 6}, {5}, {4}, {2}], [{8}, {1, 7}, {4, 6}, {3, 5}, {2}], [{8}, {1, 7}, {5, 6}, {3, 4}, {2}], [{8}, {2, 7}, {6}, {4, 5}, {1, 3}], [{8}, {3, 7}, {6}, {2, 5}, {1, 4}], [{8}, {4, 7}, {1, 6}, {5}, {2, 3}], [{8}, {4, 7}, {5, 6}, {3}, {1, 2}], [{8}, {5, 7}, {6}, {1, 4}, {2, 3}], [{8}, {5, 7}, {6}, {2, 4}, {1, 3}], [{8}, {5, 7}, {6}, {3, 4}, {1, 2}], [{8}, {6, 7}, {1, 5}, {3, 4}, {2}], [{8}, {6, 7}, {5}, {1, 4}, {2, 3}], [{8}, {6, 7}, {5}, {2, 4}, {1, 3}], [{8}, {7}, {1, 6}, {3, 5}, {2, 4}], [{8}, {7}, {2, 6}, {3, 5}, {1, 4}], [{8}, {7}, {4, 6}, {1, 5}, {2, 3}], [{8}, {7}, {4, 6}, {2, 5}, {1, 3}], [{8}, {7}, {5, 6}, {1, 4}, {2, 3}], [{8}, {7}, {5, 6}, {2, 4}, {1, 3}]]",2,8 K_1^2 K_2 - 16 K_1^2 - 8 K_1 K_2 - 4 K_1 K_3 + 4 K_1 - 4 K_2^2 + 6 K_2 + 4 K_3 + 2 K_4 + 9,O1O2O3O4U2U5U4O6U7O8O5U8U3O7U1U6,O1O2O3U1U4U3U5O6O5U7O4O8U2U8O7U6,O1O2O3U4O5U6U2O6O7U5O8O4U8U1U7U3,c,{'O1O2O3O4U5U4O6U2U7O8O7U6O5U1U8U3'},1,"<a href=""/flatknot/8.850826"">8.850826</a>",t^9-34t^7-52t^6+87t^5+120t^4-97t^3-72t^2+47t,0,,
8.850827,O1O2O3O4U5U4O6U2U7O8O7U6O5U3U1U8,4,5z^3+39z^2+93z+71,5w^4z^3+39w^3z^2+93w^2z+71w,False,False,"[[ 0 -1 -1  0  1 -1  0  1  1],[ 1  0 -1  1  1 -1  1  1  1],[ 1  1  0  1  0 -1  1  1  1],[ 0 -1 -1  0  1 -1  0  0  0],[-1 -1  0 -1  0 -1  0 -1 -1],[ 1  1  1  1  1  0  0  2  1],[ 0 -1 -1  0  0  0  0  0  0],[-1 -1 -1  0  1 -2  0  0  1],[-1 -1 -1  0  1 -1  0 -1  0]]","[[ 0  1  1  1  0  0 -1 -1 -1],[-1  0  1  1  0  0 -1 -1 -2],[-1 -1  0  1  0  0 -1 -1 -1],[-1 -1 -1  0  0 -1  0 -1 -1],[ 0  0  0  0  0  0 -1 -1  0],[ 0  0  0  1  0  0 -1 -1 -1],[ 1  1  1  0  1  1  0  1 -1],[ 1  1  1  1  1  1 -1  0 -1],[ 1  2  1  1  0  1  1  1  0]]",True,"[-1,-1,-1,0,0,1,1,1,-1,-1,0,0,1,1,2,-1,0,0,1,1,1,0,1,0,1,1,0,1,1,0,1,1,1,-1,1,1]","[-1,-1,-1,0,0,1,1,1,-1,-1,0,0,1,1,2,-1,0,0,1,1,1,0,1,0,1,1,0,1,1,0,1,1,1,-1,1,1]",t^8+23t^6+60t^4+31t^2+1,"[-1,-1,-1,0,0,1,1,1,-1,-1,0,1,0,1,1,-1,0,0,1,1,2,0,0,1,1,1,0,1,1,0,1,1,1,-1,-1,-1]","[-1,-1,-1,0,0,1,1,1,-1,-1,0,1,1,1,2,-1,1,1,1,1,1,1,1,0,1,1,0,0,0,0,1,0,0,1,1,-1]","[-1,-1,-1,0,0,1,1,1,-1,-1,1,1,1,1,1,-1,1,1,0,1,1,0,1,1,1,2,0,0,0,0,1,0,0,-1,-1,-1]",c,"[[{8, 2}, {1, 7}, {3, 6}, {4, 5}], [{8, 2}, {1, 7}, {6}, {4, 5}, {3}]]",1,16 K_1^3 - 4 K_1^2 - 16 K_1 K_2 - 4 K_1 + 2 K_2 + 4 K_3 + 3,O1O2O3O4U5U4U2O6U7O8O5U8U3O7U1U6,O1O2O3U2U4U1U5O6O5U7O4O8U3U8O7U6,O1O2O3U4O5U6U1O6O7U5O8O4U8U3U7U2,c,{'O1O2O3O4U5U4O6U2U7O8O7U6O5U3U1U8'},1,"<a href=""/flatknot/8.850827"">8.850827</a>",t^9-23t^7-52t^6-20t^5+14t^4-7t^3+2t^2+9t,0,,
8.850828,O1O2O3O4U5U4O6U2U7O8O7U6O5U8U1U3,4,13z^2+98z+145,13w^3z^2+98w^2z+145w,False,False,"[[ 0 -1 -1  2  1 -1  0  1 -1],[ 1  0  0  2  1  0  0  2 -1],[ 1  0  0  1  0 -1  1  1  0],[-2 -2 -1  0  1 -2 -1 -1 -1],[-1 -1  0 -1  0 -1  0 -1 -1],[ 1  0  1  2  1  0  0  2 -1],[ 0  0 -1  1  0  0  0  0  0],[-1 -2 -1  1  1 -2  0  0 -1],[ 1  1  0  1  1  1  0  1  0]]","[[ 0  2  1  1  0 -1 -1 -1 -1],[-2  0  1 -1 -1 -1 -1 -2 -2],[-1 -1  0 -1  0  0 -1 -1 -1],[-1  1  1  0  0 -1 -1 -2 -2],[ 0  1  0  0  0 -1  0  0  0],[ 1  1  0  1  1  0  0  0 -1],[ 1  1  1  1  0  0  0  1  1],[ 1  2  1  2  0  0 -1  0  0],[ 1  2  1  2  0  1 -1  0  0]]",True,"[-2,-1,-1,0,1,1,1,1,-1,1,1,1,1,2,2,1,0,0,1,1,1,0,1,1,2,2,1,0,0,0,0,0,1,-1,-1,0]","[-2,-1,-1,0,1,1,1,1,-1,1,1,1,1,2,2,1,0,0,1,1,1,0,1,1,2,2,1,0,0,0,0,0,1,-1,-1,0]",t^8+31t^6+100t^4+48t^2+4,"[-1,-1,-1,-1,0,1,1,2,-1,-1,0,1,1,1,2,0,-1,1,0,1,1,0,1,0,1,1,0,1,2,2,1,1,1,-1,0,2]","[-2,-1,-1,0,1,1,1,1,0,2,1,1,1,2,2,1,1,0,0,1,1,1,1,1,1,2,1,1,1,0,0,-1,0,-1,1,0]","[-1,-1,-1,-1,0,1,1,2,-1,0,0,0,1,2,2,0,1,0,1,1,1,-1,1,0,1,1,0,1,2,2,0,0,1,-1,-1,1]",c,"[[{8, 2}, {1, 7}, {3, 6}, {4, 5}], [{8, 2}, {1, 7}, {6}, {4, 5}, {3}], [{8, 3}, {1, 7}, {2, 6}, {4, 5}], [{8, 3}, {1, 7}, {6}, {4, 5}, {2}], [{8, 4}, {1, 7}, {2, 6}, {3, 5}], [{8, 4}, {1, 7}, {3, 6}, {2, 5}], [{8, 4}, {1, 7}, {5, 6}, {2, 3}], [{8, 4}, {1, 7}, {6}, {2, 5}, {3}], [{8, 4}, {1, 7}, {6}, {3, 5}, {2}], [{8, 4}, {1, 7}, {6}, {5}, {2, 3}], [{8, 5}, {1, 7}, {4, 6}, {2, 3}], [{8, 5}, {1, 7}, {6}, {4}, {2, 3}], [{8, 6}, {1, 7}, {4, 5}, {2, 3}], [{8}, {1, 7}, {6}, {4, 5}, {2, 3}]]",1,- 18 K_1^2 - 16 K_1 K_2 + 8 K_1 + 9 K_2 + 8 K_3 + 10,O1O2O3O4U2U4U5O6U7O8O5U8U3O7U1U6,O1O2O3U2U4U3U5O6O5U7O4O8U1U8O7U6,O1O2O3U4O5U6U3O6O7U5O8O4U8U1U7U2,c,{'O1O2O3O4U5U4O6U2U7O8O7U6O5U8U1U3'},1,"<a href=""/flatknot/8.850828"">8.850828</a>",t^9-29t^7-68t^6-5t^5+106t^4+96t^3+28t^2+3t,-t^2+2t,,
8.850829,O1O2O3O4U5U4O6U3U1O7O8U2O5U6U7U8,4,2z^3+31z^2+106z+105,2w^4z^3+31w^3z^2+106w^2z+105w,False,False,"[[ 0 -1 -1  0  1 -1  0  0  2],[ 1  0  1  0  0 -2  2  1  1],[ 1 -1  0  0  0 -1  1  1  2],[ 0  0  0  0  0 -1  0  0  0],[-1  0  0  0  0 -1 -1 -1 -1],[ 1  2  1  1  1  0  0 -1  0],[ 0 -2 -1  0  1  0  0  1  2],[ 0 -1 -1  0  1  1 -1  0  1],[-2 -1 -2  0  1  0 -2 -1  0]]","[[ 0  2  1  0  0  0 -1 -1 -1],[-2  0  1  0 -1 -2  0 -1 -2],[-1 -1  0  0 -1 -1 -1  0  0],[ 0  0  0  0  0  0 -1  0  0],[ 0  1  1  0  0 -1  1 -1 -1],[ 0  2  1  0  1  0  0 -2 -1],[ 1  0  1  1 -1  0  0  2  1],[ 1  1  0  0  1  2 -2  0  1],[ 1  2  0  0  1  1 -1 -1  0]]",True,"[-2,-1,0,0,0,1,1,1,-1,0,1,2,0,1,2,0,1,1,1,0,0,0,0,1,0,0,1,-1,1,1,0,2,1,-2,-1,-1]","[-2,-1,0,0,0,1,1,1,-1,0,1,2,0,1,2,0,1,1,1,0,0,0,0,1,0,0,1,-1,1,1,0,2,1,-2,-1,-1]",t^8+30t^6+143t^4+40t^2+1,"[-1,-1,-1,0,0,0,1,2,-2,-1,0,1,2,1,3,-1,1,-1,0,2,2,1,0,0,2,1,0,0,1,2,-1,0,0,0,1,2]","[-2,-1,0,0,0,1,1,1,2,0,1,2,1,2,3,0,0,1,2,2,1,1,0,0,-1,1,0,0,0,2,1,1,0,-1,-1,-2]","[-1,-1,-1,0,0,0,1,2,-2,1,0,1,2,0,1,1,1,-1,0,1,0,0,1,1,0,2,0,0,0,0,-1,1,1,1,2,-1]",c,"[[{8, 1}, {2, 7}, {3, 6}, {4, 5}], [{8, 2}, {1, 7}, {3, 6}, {4, 5}], [{8, 2}, {1, 7}, {4, 6}, {3, 5}], [{8, 3}, {1, 7}, {2, 6}, {4, 5}], [{8, 4}, {1, 7}, {3, 6}, {2, 5}], [{8, 7}, {3, 6}, {4, 5}, {1, 2}]]",1,12 K_1^3 - 22 K_1^2 - 12 K_1 K_2 - 3 K_1 + 11 K_2 + 3 K_3 + 12,O1O2O3O4U5U6U7O8U3O5O6U4U2O7U1U8,O1O2O3U4U5U6U7O8O7U1O6O4U2U3O5U8,O1O2O3U4O5U1U2O6O7U3O8O4U8U7U5U6,c,{'O1O2O3O4U5U4O6U3U1O7O8U2O5U6U7U8'},1,"<a href=""/flatknot/8.850829"">8.850829</a>",t^9-28t^7-66t^6-16t^5+82t^4+110t^3+62t^2+5t-6,-t^2+2t,,
8.850830,O1O2O3O4U5U4O6U3U1O7O8U2O5U7U6U8,4,7z^2+76z+125,7w^3z^2+76w^2z+125w,False,False,"[[ 0 -1 -1  0  1 -1  1 -1  2],[ 1  0  1  0  0 -2  2  0  1],[ 1 -1  0  0  0 -1  2  0  2],[ 0  0  0  0  0 -1  0 -1  0],[-1  0  0  0  0 -1 -1 -1 -1],[ 1  2  1  1  1  0  0 -1  0],[-1 -2 -2  0  1  0  0  0  2],[ 1  0  0  1  1  1  0  0  1],[-2 -1 -2  0  1  0 -2 -1  0]]","[[ 0  2  1  1  0 -1 -1 -1 -1],[-2  0  1 -2  0  0 -1 -1 -2],[-1 -1  0 -1  0 -1  0 -1  0],[-1  2  1  0  0  0 -2  0 -2],[ 0  0  0  0  0 -1  0 -1  0],[ 1  0  1  0  1  0  2 -1  1],[ 1  1  0  2  0 -2  0  0  1],[ 1  1  1  0  1  1  0  0  0],[ 1  2  0  2  0 -1 -1  0  0]]",True,"[-2,-1,-1,0,1,1,1,1,-1,2,0,0,1,1,2,1,0,1,0,1,0,0,0,2,0,2,1,0,1,0,-2,1,-1,0,-1,0]","[-2,-1,-1,0,1,1,1,1,-1,2,0,0,1,1,2,1,0,1,0,1,0,0,0,2,0,2,1,0,1,0,-2,1,-1,0,-1,0]",t^8+31t^6+191t^4+55t^2,"[-1,-1,-1,-1,0,1,1,2,-2,-1,1,0,1,2,3,-1,0,1,2,0,2,0,1,2,0,1,0,1,2,2,1,1,2,1,2,-1]","[-2,-1,-1,0,1,1,1,1,-1,2,2,1,2,2,3,1,1,0,0,2,2,1,2,2,1,1,1,1,0,0,-1,0,-1,0,-2,1]","[-1,-1,-1,-1,0,1,1,2,-2,0,1,0,0,2,1,-1,1,1,1,0,0,0,1,1,0,1,0,0,2,2,0,0,0,-1,-1,2]",c,"[[{8, 1}, {4, 7}, {3, 6}, {2, 5}], [{8, 2}, {1, 7}, {3, 6}, {4, 5}], [{8, 2}, {4, 7}, {3, 6}, {1, 5}], [{8, 4}, {1, 7}, {3, 6}, {2, 5}]]",1,4 K_1^3 - 22 K_1^2 - 28 K_1 K_2 - 4 K_1 K_3 + 11 K_1 - 4 K_2^2 + 13 K_2 + 13 K_3 + 4 K_4 + 14,O1O2O3O4U5U6U7O8U3O5O7U4U2O6U1U8,O1O2O3U4U5U6U7O8O7U2O6O4U1U3O5U8,O1O2O3U4O5U1U3O6O7U2O8O4U8U7U5U6,c,{'O1O2O3O4U5U4O6U3U1O7O8U2O5U7U6U8'},1,"<a href=""/flatknot/8.850830"">8.850830</a>",t^9-29t^7-46t^6+92t^5+180t^4+46t^3+170t^2+270t+36,-t^2+2t,,
8.850831,O1O2O3O4U5U4O6U3U1O7O8U2O5U7U8U6,4,3z^3+36z^2+112z+105,3w^4z^3+36w^3z^2+112w^2z+105w,False,False,"[[ 0 -1 -1  0  1 -1  2 -1  1],[ 1  0  1  0  0 -2  2  0  0],[ 1 -1  0  0  0 -1  3  0  1],[ 0  0  0  0  0 -1  0 -1 -1],[-1  0  0  0  0 -1 -1 -1 -1],[ 1  2  1  1  1  0  0 -1  0],[-2 -2 -3  0  1  0  0 -1  1],[ 1  0  0  1  1  1  1  0  1],[-1  0 -1  1  1  0 -1 -1  0]]","[[ 0  2  1  1  0 -1 -1 -1 -1],[-2  0  1  1  0  0 -1 -2 -3],[-1 -1  0  1  1  0 -1  0 -1],[-1 -1 -1  0  0 -1 -1  0  0],[ 0  0 -1  0  0 -1 -1  0  0],[ 1  0  0  1  1  0 -1  2  1],[ 1  1  1  1  1  1  0  0  0],[ 1  2  0  0  0 -2  0  0  1],[ 1  3  1  0  0 -1  0 -1  0]]",True,"[-2,-1,-1,0,1,1,1,1,-1,-1,0,0,1,2,3,-1,-1,0,1,0,1,0,1,1,0,0,1,1,0,0,1,-2,-1,0,0,-1]","[-2,-1,-1,0,1,1,1,1,-1,-1,0,0,1,2,3,-1,-1,0,1,0,1,0,1,1,0,0,1,1,0,0,1,-2,-1,0,0,-1]",t^8+31t^6+216t^4+92t^2+4,"[-1,-1,-1,-1,0,1,1,2,-2,-1,1,0,1,2,3,-1,0,1,2,2,1,0,1,2,1,0,0,1,1,2,1,2,2,1,2,2]","[-2,-1,-1,0,1,1,1,1,2,2,2,0,1,2,3,-1,1,2,2,1,1,2,1,2,1,2,1,1,0,0,-1,0,-1,0,-2,1]","[-1,-1,-1,-1,0,1,1,2,-2,0,1,0,0,0,2,-1,1,1,0,1,0,0,1,1,1,1,0,1,0,3,-1,0,0,1,-1,-1]",c,"[[{8, 1}, {2, 7}, {3, 6}, {4, 5}], [{8, 1}, {2, 7}, {4, 6}, {3, 5}], [{8, 1}, {2, 7}, {5, 6}, {3, 4}], [{8, 1}, {3, 7}, {2, 6}, {4, 5}], [{8, 1}, {3, 7}, {4, 6}, {2, 5}], [{8, 1}, {3, 7}, {4, 6}, {5}, {2}], [{8, 1}, {3, 7}, {5, 6}, {2, 4}], [{8, 1}, {3, 7}, {5, 6}, {4}, {2}], [{8, 1}, {3, 7}, {6}, {4, 5}, {2}], [{8, 1}, {4, 7}, {2, 6}, {3, 5}], [{8, 1}, {4, 7}, {3, 6}, {2, 5}], [{8, 1}, {4, 7}, {5, 6}, {2, 3}], [{8, 1}, {5, 7}, {2, 6}, {3, 4}], [{8, 1}, {5, 7}, {3, 6}, {2, 4}], [{8, 1}, {5, 7}, {4, 6}, {2, 3}], [{8, 1}, {6, 7}, {2, 5}, {3, 4}], [{8, 1}, {6, 7}, {3, 5}, {2, 4}], [{8, 1}, {6, 7}, {4, 5}, {2, 3}], [{8, 1}, {7}, {2, 6}, {3, 5}, {4}], [{8, 1}, {7}, {3, 6}, {2, 5}, {4}], [{8, 2}, {1, 7}, {3, 6}, {4, 5}], [{8, 2}, {1, 7}, {4, 6}, {3, 5}], [{8, 2}, {1, 7}, {5, 6}, {3, 4}], [{8, 2}, {3, 7}, {1, 6}, {4, 5}], [{8, 2}, {3, 7}, {1, 6}, {5}, {4}], [{8, 2}, {3, 7}, {4, 6}, {1, 5}], [{8, 2}, {3, 7}, {5, 6}, {1, 4}], [{8, 2}, {4, 7}, {1, 6}, {3, 5}], [{8, 2}, {4, 7}, {1, 6}, {5}, {3}], [{8, 2}, {4, 7}, {3, 6}, {1, 5}], [{8, 2}, {4, 7}, {3, 6}, {5}, {1}], [{8, 2}, {4, 7}, {5, 6}, {1, 3}], [{8, 2}, {4, 7}, {5, 6}, {3}, {1}], [{8, 2}, {4, 7}, {6}, {1, 5}, {3}], [{8, 2}, {4, 7}, {6}, {3, 5}, {1}], [{8, 2}, {4, 7}, {6}, {5}, {1, 3}], [{8, 2}, {5, 7}, {1, 6}, {3, 4}], [{8, 2}, {5, 7}, {3, 6}, {1, 4}], [{8, 2}, {5, 7}, {4, 6}, {1, 3}], [{8, 2}, {6, 7}, {1, 5}, {3, 4}], [{8, 2}, {6, 7}, {3, 5}, {1, 4}], [{8, 2}, {6, 7}, {3, 5}, {4}, {1}], [{8, 2}, {6, 7}, {4, 5}, {1, 3}], [{8, 2}, {7}, {1, 6}, {5}, {3, 4}], [{8, 2}, {7}, {4, 6}, {3, 5}, {1}], [{8, 3}, {1, 7}, {2, 6}, {4, 5}], [{8, 3}, {1, 7}, {4, 6}, {2, 5}], [{8, 3}, {1, 7}, {4, 6}, {5}, {2}], [{8, 3}, {1, 7}, {5, 6}, {2, 4}], [{8, 3}, {1, 7}, {6}, {2, 5}, {4}], [{8, 3}, {2, 7}, {1, 6}, {4, 5}], [{8, 3}, {2, 7}, {4, 6}, {1, 5}], [{8, 3}, {2, 7}, {5, 6}, {1, 4}], [{8, 3}, {4, 7}, {1, 6}, {2, 5}], [{8, 3}, {4, 7}, {2, 6}, {1, 5}], [{8, 3}, {4, 7}, {2, 6}, {5}, {1}], [{8, 3}, {4, 7}, {5, 6}, {1, 2}], [{8, 3}, {4, 7}, {6}, {1, 5}, {2}], [{8, 3}, {5, 7}, {1, 6}, {2, 4}], [{8, 3}, {5, 7}, {2, 6}, {1, 4}], [{8, 3}, {5, 7}, {4, 6}, {1, 2}], [{8, 3}, {5, 7}, {6}, {2, 4}, {1}], [{8, 3}, {6, 7}, {1, 5}, {2, 4}], [{8, 3}, {6, 7}, {2, 5}, {1, 4}], [{8, 3}, {6, 7}, {4, 5}, {1, 2}], [{8, 3}, {6, 7}, {5}, {2, 4}, {1}], [{8, 3}, {7}, {5, 6}, {2, 4}, {1}], [{8, 4}, {1, 7}, {2, 6}, {3, 5}], [{8, 4}, {1, 7}, {3, 6}, {2, 5}], [{8, 4}, {1, 7}, {3, 6}, {5}, {2}], [{8, 4}, {1, 7}, {5, 6}, {2, 3}], [{8, 4}, {1, 7}, {6}, {2, 5}, {3}], [{8, 4}, {2, 7}, {1, 6}, {3, 5}], [{8, 4}, {2, 7}, {3, 6}, {1, 5}], [{8, 4}, {2, 7}, {5, 6}, {1, 3}], [{8, 4}, {3, 7}, {1, 6}, {2, 5}], [{8, 4}, {3, 7}, {2, 6}, {1, 5}], [{8, 4}, {3, 7}, {5, 6}, {1, 2}], [{8, 4}, {5, 7}, {1, 6}, {2, 3}], [{8, 4}, {5, 7}, {2, 6}, {1, 3}], [{8, 4}, {5, 7}, {3, 6}, {1, 2}], [{8, 4}, {6, 7}, {1, 5}, {2, 3}], [{8, 4}, {6, 7}, {2, 5}, {1, 3}], [{8, 4}, {6, 7}, {3, 5}, {1, 2}], [{8, 4}, {7}, {6}, {1, 5}, {2, 3}], [{8, 5}, {1, 7}, {2, 6}, {3, 4}], [{8, 5}, {1, 7}, {3, 6}, {2, 4}], [{8, 5}, {1, 7}, {4, 6}, {2, 3}], [{8, 5}, {2, 7}, {1, 6}, {3, 4}], [{8, 5}, {2, 7}, {3, 6}, {1, 4}], [{8, 5}, {2, 7}, {4, 6}, {1, 3}], [{8, 5}, {3, 7}, {1, 6}, {2, 4}], [{8, 5}, {3, 7}, {2, 6}, {1, 4}], [{8, 5}, {3, 7}, {4, 6}, {1, 2}], [{8, 5}, {4, 7}, {1, 6}, {2, 3}], [{8, 5}, {4, 7}, {2, 6}, {1, 3}], [{8, 5}, {4, 7}, {3, 6}, {1, 2}], [{8, 5}, {6, 7}, {1, 4}, {2, 3}], [{8, 5}, {6, 7}, {2, 4}, {1, 3}], [{8, 5}, {6, 7}, {3, 4}, {1, 2}], [{8, 5}, {7}, {2, 6}, {4}, {1, 3}], [{8, 5}, {7}, {3, 6}, {1, 4}, {2}], [{8, 5}, {7}, {3, 6}, {2, 4}, {1}], [{8, 5}, {7}, {3, 6}, {4}, {1, 2}], [{8, 6}, {1, 7}, {2, 5}, {3, 4}], [{8, 6}, {1, 7}, {2, 5}, {4}, {3}], [{8, 6}, {1, 7}, {3, 5}, {2, 4}], [{8, 6}, {1, 7}, {4, 5}, {2, 3}], [{8, 6}, {1, 7}, {5}, {3, 4}, {2}], [{8, 6}, {2, 7}, {1, 5}, {3, 4}], [{8, 6}, {2, 7}, {3, 5}, {1, 4}], [{8, 6}, {2, 7}, {4, 5}, {1, 3}], [{8, 6}, {3, 7}, {1, 5}, {2, 4}], [{8, 6}, {3, 7}, {2, 5}, {1, 4}], [{8, 6}, {3, 7}, {4, 5}, {1, 2}], [{8, 6}, {4, 7}, {1, 5}, {2, 3}], [{8, 6}, {4, 7}, {1, 5}, {3}, {2}], [{8, 6}, {4, 7}, {2, 5}, {1, 3}], [{8, 6}, {4, 7}, {3, 5}, {1, 2}], [{8, 6}, {5, 7}, {1, 4}, {2, 3}], [{8, 6}, {5, 7}, {2, 4}, {1, 3}], [{8, 6}, {5, 7}, {3, 4}, {1, 2}], [{8, 6}, {7}, {1, 5}, {4}, {2, 3}], [{8, 7}, {1, 6}, {2, 5}, {3, 4}], [{8, 7}, {1, 6}, {3, 5}, {2, 4}], [{8, 7}, {1, 6}, {4, 5}, {2, 3}], [{8, 7}, {2, 6}, {1, 5}, {3, 4}], [{8, 7}, {2, 6}, {3, 5}, {1, 4}], [{8, 7}, {2, 6}, {4, 5}, {1, 3}], [{8, 7}, {2, 6}, {5}, {1, 4}, {3}], [{8, 7}, {3, 6}, {1, 5}, {2, 4}], [{8, 7}, {3, 6}, {2, 5}, {1, 4}], [{8, 7}, {3, 6}, {2, 5}, {4}, {1}], [{8, 7}, {3, 6}, {4, 5}, {1, 2}], [{8, 7}, {4, 6}, {1, 5}, {2, 3}], [{8, 7}, {4, 6}, {2, 5}, {1, 3}], [{8, 7}, {4, 6}, {3, 5}, {1, 2}], [{8, 7}, {5, 6}, {1, 4}, {2, 3}], [{8, 7}, {5, 6}, {1, 4}, {3}, {2}], [{8, 7}, {5, 6}, {2, 4}, {1, 3}], [{8, 7}, {5, 6}, {3, 4}, {1, 2}], [{8, 7}, {6}, {1, 5}, {4}, {2, 3}], [{8, 7}, {6}, {2, 5}, {1, 4}, {3}], [{8, 7}, {6}, {5}, {2, 4}, {1, 3}], [{8}, {1, 7}, {3, 6}, {2, 5}, {4}], [{8}, {1, 7}, {4, 6}, {2, 5}, {3}], [{8}, {1, 7}, {5, 6}, {2, 4}, {3}], [{8}, {1, 7}, {6}, {2, 5}, {3, 4}], [{8}, {1, 7}, {6}, {4, 5}, {2, 3}], [{8}, {2, 7}, {1, 6}, {3, 5}, {4}], [{8}, {2, 7}, {6}, {1, 5}, {3, 4}], [{8}, {3, 7}, {6}, {1, 5}, {2, 4}], [{8}, {4, 7}, {1, 6}, {3, 5}, {2}], [{8}, {4, 7}, {2, 6}, {1, 5}, {3}], [{8}, {4, 7}, {3, 6}, {1, 5}, {2}], [{8}, {4, 7}, {5, 6}, {1, 3}, {2}], [{8}, {4, 7}, {6}, {1, 5}, {2, 3}], [{8}, {4, 7}, {6}, {1, 5}, {3}, {2}], [{8}, {5, 7}, {1, 6}, {3, 4}, {2}], [{8}, {5, 7}, {4, 6}, {1, 3}, {2}], [{8}, {5, 7}, {6}, {1, 4}, {2, 3}], [{8}, {6, 7}, {1, 5}, {4}, {2, 3}], [{8}, {7}, {1, 6}, {3, 5}, {2, 4}], [{8}, {7}, {4, 6}, {1, 5}, {2, 3}], [{8}, {7}, {6}, {1, 5}, {4}, {2, 3}]]",2,- 8 K_1^4 + 28 K_1^3 + 12 K_1^2 K_2 - 22 K_1^2 - 24 K_1 K_2 - 4 K_1 K_3 - 9 K_1 - 2 K_2^2 + 11 K_2 + 5 K_3 + K_4 + 13,O1O2O3O4U5U6U7O8U3O6O7U4U2O5U1U8,O1O2O3U4U5U6U7O8O7U3O6O4U1U2O5U8,O1O2O3U4O5U2U3O6O7U1O8O4U8U7U5U6,c,{'O1O2O3O4U5U4O6U3U1O7O8U2O5U7U8U6'},1,"<a href=""/flatknot/8.850831"">8.850831</a>",t^9-29t^7-36t^6+105t^5+142t^4-31t^3+32t^2+52t-62,-t^2+2t,,
8.850832,O1O2O3O4U5U4O6U3U1O7O8U2O5U8U7U6,4,27z^2+110z+113,27w^3z^2-2w^3z+112w^2z+113w,False,False,"[[ 0 -1 -1  0  1 -1  2  0  0],[ 1  0  1  0  0 -2  2  0  0],[ 1 -1  0  0  0 -1  3  1  0],[ 0  0  0  0  0 -1  0 -1 -1],[-1  0  0  0  0 -1 -1 -1 -1],[ 1  2  1  1  1  0  0 -1  0],[-2 -2 -3  0  1  0  0  0  0],[ 0  0 -1  1  1  1  0  0  0],[ 0  0  0  1  1  0  0  0  0]]","[[ 0  2  1  0  0  0 -1 -1 -1],[-2  0  1  0  0  0  0 -2 -3],[-1 -1  0  0 -1 -1 -1  0  0],[ 0  0  0  0 -1 -1 -1  0  0],[ 0  0  1  1  0  0  1  0 -1],[ 0  0  1  1  0  0  0  0  0],[ 1  0  1  1 -1  0  0  2  1],[ 1  2  0  0  0  0 -2  0  1],[ 1  3  0  0  1  0 -1 -1  0]]",True,"[-2,-1,0,0,0,1,1,1,-1,0,0,0,0,2,3,0,1,1,1,0,0,1,1,1,0,0,0,-1,0,1,0,0,0,-2,-1,-1]","[-2,-1,0,0,0,1,1,1,-1,0,0,0,0,2,3,0,1,1,1,0,0,1,1,1,0,0,0,-1,0,1,0,0,0,-2,-1,-1]",t^8+28t^6+167t^4+91t^2+1,"[-1,-1,-1,0,0,0,1,2,-2,-1,0,1,2,1,3,-1,1,1,1,2,1,1,1,0,2,0,1,1,1,2,0,0,2,0,2,2]","[-2,-1,0,0,0,1,1,1,2,2,2,2,0,1,3,0,0,1,2,2,1,0,1,0,1,2,1,1,1,1,1,1,0,-1,-1,-2]","[-1,-1,-1,0,0,0,1,2,-2,1,0,0,0,0,2,1,-1,0,1,1,0,1,0,0,0,3,0,1,1,0,1,1,0,0,0,-1]",c,"[[{8, 1}, {2, 7}, {3, 6}, {4, 5}], [{8, 1}, {2, 7}, {3, 6}, {5}, {4}], [{8, 1}, {2, 7}, {4, 6}, {3, 5}], [{8, 1}, {2, 7}, {5, 6}, {3, 4}], [{8, 1}, {3, 7}, {2, 6}, {4, 5}], [{8, 1}, {3, 7}, {4, 6}, {2, 5}], [{8, 1}, {3, 7}, {5, 6}, {2, 4}], [{8, 1}, {4, 7}, {2, 6}, {3, 5}], [{8, 1}, {4, 7}, {3, 6}, {2, 5}], [{8, 1}, {4, 7}, {5, 6}, {2, 3}], [{8, 1}, {4, 7}, {6}, {3, 5}, {2}], [{8, 1}, {5, 7}, {2, 6}, {3, 4}], [{8, 1}, {5, 7}, {3, 6}, {2, 4}], [{8, 1}, {5, 7}, {3, 6}, {4}, {2}], [{8, 1}, {5, 7}, {4, 6}, {2, 3}], [{8, 1}, {6, 7}, {2, 5}, {3, 4}], [{8, 1}, {6, 7}, {3, 5}, {2, 4}], [{8, 1}, {6, 7}, {4, 5}, {2, 3}], [{8, 1}, {6, 7}, {5}, {2, 4}, {3}], [{8, 1}, {7}, {3, 6}, {2, 5}, {4}], [{8, 1}, {7}, {5, 6}, {3, 4}, {2}], [{8, 2}, {1, 7}, {3, 6}, {4, 5}], [{8, 2}, {1, 7}, {4, 6}, {3, 5}], [{8, 2}, {1, 7}, {4, 6}, {5}, {3}], [{8, 2}, {1, 7}, {5, 6}, {3, 4}], [{8, 2}, {1, 7}, {6}, {3, 5}, {4}], [{8, 2}, {3, 7}, {1, 6}, {4, 5}], [{8, 2}, {3, 7}, {4, 6}, {1, 5}], [{8, 2}, {3, 7}, {5, 6}, {1, 4}], [{8, 2}, {4, 7}, {1, 6}, {3, 5}], [{8, 2}, {4, 7}, {3, 6}, {1, 5}], [{8, 2}, {4, 7}, {5, 6}, {1, 3}], [{8, 2}, {4, 7}, {6}, {3, 5}, {1}], [{8, 2}, {5, 7}, {1, 6}, {3, 4}], [{8, 2}, {5, 7}, {3, 6}, {1, 4}], [{8, 2}, {5, 7}, {4, 6}, {1, 3}], [{8, 2}, {6, 7}, {1, 5}, {3, 4}], [{8, 2}, {6, 7}, {3, 5}, {1, 4}], [{8, 2}, {6, 7}, {3, 5}, {4}, {1}], [{8, 2}, {6, 7}, {4, 5}, {1, 3}], [{8, 2}, {7}, {1, 6}, {3, 5}, {4}], [{8, 2}, {7}, {3, 6}, {5}, {1, 4}], [{8, 2}, {7}, {4, 6}, {3, 5}, {1}], [{8, 2}, {7}, {5, 6}, {1, 4}, {3}], [{8, 2}, {7}, {6}, {3, 5}, {1, 4}], [{8, 2}, {7}, {6}, {3, 5}, {4}, {1}], [{8, 3}, {1, 7}, {2, 6}, {4, 5}], [{8, 3}, {1, 7}, {4, 6}, {2, 5}], [{8, 3}, {1, 7}, {5, 6}, {2, 4}], [{8, 3}, {1, 7}, {5, 6}, {4}, {2}], [{8, 3}, {2, 7}, {1, 6}, {4, 5}], [{8, 3}, {2, 7}, {1, 6}, {5}, {4}], [{8, 3}, {2, 7}, {4, 6}, {1, 5}], [{8, 3}, {2, 7}, {5, 6}, {1, 4}], [{8, 3}, {2, 7}, {5, 6}, {4}, {1}], [{8, 3}, {2, 7}, {6}, {1, 5}, {4}], [{8, 3}, {4, 7}, {1, 6}, {2, 5}], [{8, 3}, {4, 7}, {1, 6}, {5}, {2}], [{8, 3}, {4, 7}, {2, 6}, {1, 5}], [{8, 3}, {4, 7}, {5, 6}, {1, 2}], [{8, 3}, {4, 7}, {5, 6}, {2}, {1}], [{8, 3}, {4, 7}, {6}, {1, 5}, {2}], [{8, 3}, {5, 7}, {1, 6}, {2, 4}], [{8, 3}, {5, 7}, {2, 6}, {1, 4}], [{8, 3}, {5, 7}, {4, 6}, {1, 2}], [{8, 3}, {6, 7}, {1, 5}, {2, 4}], [{8, 3}, {6, 7}, {2, 5}, {1, 4}], [{8, 3}, {6, 7}, {4, 5}, {1, 2}], [{8, 3}, {7}, {1, 6}, {5}, {2, 4}], [{8, 3}, {7}, {2, 6}, {5}, {1, 4}], [{8, 3}, {7}, {5, 6}, {1, 4}, {2}], [{8, 3}, {7}, {5, 6}, {2, 4}, {1}], [{8, 3}, {7}, {5, 6}, {4}, {1, 2}], [{8, 3}, {7}, {5, 6}, {4}, {2}, {1}], [{8, 3}, {7}, {6}, {1, 5}, {2, 4}], [{8, 3}, {7}, {6}, {2, 5}, {1, 4}], [{8, 4}, {1, 7}, {2, 6}, {3, 5}], [{8, 4}, {1, 7}, {3, 6}, {2, 5}], [{8, 4}, {1, 7}, {3, 6}, {5}, {2}], [{8, 4}, {1, 7}, {5, 6}, {2, 3}], [{8, 4}, {2, 7}, {1, 6}, {3, 5}], [{8, 4}, {2, 7}, {1, 6}, {5}, {3}], [{8, 4}, {2, 7}, {3, 6}, {1, 5}], [{8, 4}, {2, 7}, {5, 6}, {1, 3}], [{8, 4}, {3, 7}, {1, 6}, {2, 5}], [{8, 4}, {3, 7}, {1, 6}, {5}, {2}], [{8, 4}, {3, 7}, {2, 6}, {1, 5}], [{8, 4}, {3, 7}, {5, 6}, {1, 2}], [{8, 4}, {5, 7}, {1, 6}, {2, 3}], [{8, 4}, {5, 7}, {2, 6}, {1, 3}], [{8, 4}, {5, 7}, {3, 6}, {1, 2}], [{8, 4}, {6, 7}, {1, 5}, {2, 3}], [{8, 4}, {6, 7}, {2, 5}, {1, 3}], [{8, 4}, {6, 7}, {3, 5}, {1, 2}], [{8, 4}, {6, 7}, {3, 5}, {2}, {1}], [{8, 4}, {7}, {1, 6}, {5}, {2, 3}], [{8, 4}, {7}, {3, 6}, {2, 5}, {1}], [{8, 4}, {7}, {5, 6}, {1, 3}, {2}], [{8, 5}, {1, 7}, {2, 6}, {3, 4}], [{8, 5}, {1, 7}, {3, 6}, {2, 4}], [{8, 5}, {1, 7}, {4, 6}, {2, 3}], [{8, 5}, {2, 7}, {1, 6}, {3, 4}], [{8, 5}, {2, 7}, {3, 6}, {1, 4}], [{8, 5}, {2, 7}, {4, 6}, {1, 3}], [{8, 5}, {3, 7}, {1, 6}, {2, 4}], [{8, 5}, {3, 7}, {2, 6}, {1, 4}], [{8, 5}, {3, 7}, {4, 6}, {1, 2}], [{8, 5}, {3, 7}, {6}, {2, 4}, {1}], [{8, 5}, {4, 7}, {1, 6}, {2, 3}], [{8, 5}, {4, 7}, {2, 6}, {1, 3}], [{8, 5}, {4, 7}, {3, 6}, {1, 2}], [{8, 5}, {4, 7}, {6}, {1, 3}, {2}], [{8, 5}, {6, 7}, {1, 4}, {2, 3}], [{8, 5}, {6, 7}, {2, 4}, {1, 3}], [{8, 5}, {6, 7}, {3, 4}, {1, 2}], [{8, 5}, {7}, {2, 6}, {1, 4}, {3}], [{8, 5}, {7}, {3, 6}, {1, 4}, {2}], [{8, 5}, {7}, {6}, {1, 4}, {2, 3}], [{8, 6}, {1, 7}, {2, 5}, {3, 4}], [{8, 6}, {1, 7}, {3, 5}, {2, 4}], [{8, 6}, {1, 7}, {4, 5}, {2, 3}], [{8, 6}, {2, 7}, {1, 5}, {3, 4}], [{8, 6}, {2, 7}, {3, 5}, {1, 4}], [{8, 6}, {2, 7}, {4, 5}, {1, 3}], [{8, 6}, {2, 7}, {5}, {4}, {1, 3}], [{8, 6}, {3, 7}, {1, 5}, {2, 4}], [{8, 6}, {3, 7}, {2, 5}, {1, 4}], [{8, 6}, {3, 7}, {4, 5}, {1, 2}], [{8, 6}, {4, 7}, {1, 5}, {2, 3}], [{8, 6}, {4, 7}, {2, 5}, {1, 3}], [{8, 6}, {4, 7}, {3, 5}, {1, 2}], [{8, 6}, {4, 7}, {5}, {3}, {1, 2}], [{8, 6}, {5, 7}, {1, 4}, {2, 3}], [{8, 6}, {5, 7}, {2, 4}, {1, 3}], [{8, 6}, {5, 7}, {3, 4}, {1, 2}], [{8, 6}, {7}, {2, 5}, {1, 4}, {3}], [{8, 6}, {7}, {3, 5}, {1, 4}, {2}], [{8, 6}, {7}, {5}, {1, 4}, {2, 3}], [{8, 7}, {1, 6}, {2, 5}, {3, 4}], [{8, 7}, {1, 6}, {3, 5}, {2, 4}], [{8, 7}, {1, 6}, {4, 5}, {2, 3}], [{8, 7}, {2, 6}, {1, 5}, {3, 4}], [{8, 7}, {2, 6}, {3, 5}, {1, 4}], [{8, 7}, {2, 6}, {4, 5}, {1, 3}], [{8, 7}, {2, 6}, {5}, {1, 4}, {3}], [{8, 7}, {3, 6}, {1, 5}, {2, 4}], [{8, 7}, {3, 6}, {2, 5}, {1, 4}], [{8, 7}, {3, 6}, {2, 5}, {4}, {1}], [{8, 7}, {3, 6}, {4, 5}, {1, 2}], [{8, 7}, {4, 6}, {1, 5}, {2, 3}], [{8, 7}, {4, 6}, {2, 5}, {1, 3}], [{8, 7}, {4, 6}, {3, 5}, {1, 2}], [{8, 7}, {5, 6}, {1, 4}, {2, 3}], [{8, 7}, {5, 6}, {1, 4}, {3}, {2}], [{8, 7}, {5, 6}, {2, 4}, {1, 3}], [{8, 7}, {5, 6}, {3, 4}, {1, 2}], [{8, 7}, {6}, {1, 5}, {4}, {2, 3}], [{8, 7}, {6}, {2, 5}, {1, 4}, {3}], [{8, 7}, {6}, {5}, {2, 4}, {1, 3}], [{8}, {1, 7}, {2, 6}, {5}, {3, 4}], [{8}, {1, 7}, {3, 6}, {2, 5}, {4}], [{8}, {1, 7}, {6}, {4, 5}, {2, 3}], [{8}, {2, 7}, {1, 6}, {5}, {3, 4}], [{8}, {2, 7}, {5, 6}, {1, 4}, {3}], [{8}, {3, 7}, {2, 6}, {5}, {1, 4}], [{8}, {3, 7}, {5, 6}, {1, 4}, {2}], [{8}, {3, 7}, {6}, {2, 5}, {1, 4}], [{8}, {4, 7}, {2, 6}, {5}, {1, 3}], [{8}, {4, 7}, {3, 6}, {2, 5}, {1}], [{8}, {4, 7}, {6}, {3, 5}, {1, 2}], [{8}, {5, 7}, {1, 6}, {3, 4}, {2}], [{8}, {5, 7}, {2, 6}, {1, 4}, {3}], [{8}, {6, 7}, {2, 5}, {1, 4}, {3}], [{8}, {6, 7}, {3, 5}, {2, 4}, {1}], [{8}, {6, 7}, {4, 5}, {1, 3}, {2}], [{8}, {7}, {1, 6}, {2, 5}, {3, 4}], [{8}, {7}, {2, 6}, {3, 5}, {1, 4}], [{8}, {7}, {2, 6}, {5}, {1, 4}, {3}], [{8}, {7}, {3, 6}, {2, 5}, {1, 4}], [{8}, {7}, {3, 6}, {2, 5}, {4}, {1}], [{8}, {7}, {4, 6}, {2, 5}, {1, 3}], [{8}, {7}, {5, 6}, {1, 4}, {2, 3}], [{8}, {7}, {5, 6}, {1, 4}, {3}, {2}], [{8}, {7}, {6}, {2, 5}, {1, 4}, {3}]]",2,4 K_1^3 - 2 K_1^2 - 4 K_1 K_2 - K_1 + K_2 + K_3 + 2,O1O2O3O4U5U6U7O8U3O7O6U4U2O5U1U8,O1O2O3U4U5U6U7O8O7U3O6O4U2U1O5U8,O1O2O3U4O5U3U2O6O7U1O8O4U8U7U5U6,c,{'O1O2O3O4U5U4O6U3U1O7O8U2O5U8U7U6'},1,"<a href=""/flatknot/8.850832"">8.850832</a>",t^9-26t^7-26t^6+82t^5+100t^4+71t^3+74t^2-8t+2,-t^2+2t,,
8.850833,O1O2O3O4U5U4O6U3U1O7O8U6O5U7U2U8,4,z^3+22z^2+104z+129,w^4z^3+22w^3z^2+104w^2z+129w,False,False,"[[ 0 -1  0  0  1 -1  0 -1  2],[ 1  0  1  0  0 -2  2  0  1],[ 0 -1  0  0  1 -1  0  0  2],[ 0  0  0  0  0 -2  1  0  0],[-1  0 -1  0  0 -1  0 -1 -1],[ 1  2  1  2  1  0  0 -2  0],[ 0 -2  0 -1  0  0  0  1  2],[ 1  0  0  0  1  2 -1  0  1],[-2 -1 -2  0  1  0 -2 -1  0]]","[[ 0  2  1  0  0  0 -1 -1 -1],[-2  0  1  0 -2 -2  0 -1 -1],[-1 -1  0  0  0 -1 -1  0 -1],[ 0  0  0  0  1  0 -2  0  0],[ 0  2  0 -1  0  0  0 -2  1],[ 0  2  1  0  0  0 -1 -1  0],[ 1  0  1  2  0  1  0  2 -2],[ 1  1  0  0  2  1 -2  0  0],[ 1  1  1  0 -1  0  2  0  0]]",True,"[-2,-1,0,0,0,1,1,1,-1,0,2,2,0,1,1,0,0,1,1,0,1,-1,0,2,0,0,0,0,2,-1,1,1,0,-2,2,0]","[-2,-1,0,0,0,1,1,1,-1,0,2,2,0,1,1,0,0,1,1,0,1,-1,0,2,0,0,0,0,2,-1,1,1,0,-2,2,0]",t^8+34t^6+261t^4+79t^2,"[-1,-1,-1,0,0,0,1,2,-2,0,1,1,2,1,2,-2,-1,0,1,1,3,1,0,-1,2,2,0,-1,1,2,0,0,0,1,0,2]","[-2,-1,0,0,0,1,1,1,2,0,0,2,2,2,3,0,1,1,1,2,1,0,0,1,0,0,-1,2,-1,1,1,1,-1,0,2,-2]","[-1,-1,-1,0,0,0,1,2,-2,0,0,1,2,0,1,-2,2,1,0,1,0,0,0,-1,1,1,0,1,0,0,0,1,2,0,2,-1]",c,"[[{8, 1}, {6, 7}, {3, 5}, {2, 4}]]",1,12 K_1^3 + 8 K_1^2 K_2 - 30 K_1^2 - 16 K_1 K_2 - 8 K_1 K_3 - K_1 + 15 K_2 + 5 K_3 + 2 K_4 + 14,O1O2O3O4U5U3U6O7U8O5O6U4U2O8U1U7,O1O2O3U4U2U5U6O7O6U8O5O4U1U3O8U7,O1O2O3U4O5U1U3O6O7U5O8O4U8U7U2U6,c,{'O1O2O3O4U5U4O6U3U1O7O8U6O5U7U2U8'},1,"<a href=""/flatknot/8.850833"">8.850833</a>",t^9-32t^7-36t^6+132t^5+90t^4-176t^3+14t^2+122t-52,-t^2+2t,,
8.850834,O1O2O3O4U5U4O6U3U1O7O8U6O5U7U8U2,3,12z^2+57z+67,-4w^4z^2+16w^3z^2-4w^3z+61w^2z+67w,False,False,"[[ 0 -1  1  0  1 -1  0 -1  1],[ 1  0  1  0  0 -2  2  0  0],[-1 -1  0  0  1 -1 -1 -1  1],[ 0  0  0  0  0 -2  1  0  0],[-1  0 -1  0  0 -1  0 -1 -1],[ 1  2  1  2  1  0  0 -2 -1],[ 0 -2  1 -1  0  0  0  1  2],[ 1  0  1  0  1  2 -1  0  1],[-1  0 -1  0  1  1 -2 -1  0]]","[[ 0  1  1  1  0  0 -1 -1 -1],[-1  0  1  1  0 -1 -1 -1 -1],[-1 -1  0  1  0 -2  1  0 -1],[-1 -1 -1  0  0  0 -1  0 -1],[ 0  0  0  0  0  1 -2  0  0],[ 0  1  2  0 -1  0  0 -2  1],[ 1  1 -1  1  2  0  0  2 -2],[ 1  1  0  0  0  2 -2  0  0],[ 1  1  1  1  0 -1  2  0  0]]",True,"[-1,-1,-1,0,0,1,1,1,-1,-1,0,1,1,1,1,-1,0,2,-1,0,1,0,0,1,0,1,-1,2,0,0,0,2,-1,-2,2,0]","[-1,-1,-1,0,0,1,1,1,-2,0,0,2,0,0,1,-2,2,0,-1,1,1,0,-1,1,1,1,1,0,0,0,2,0,1,1,-1,-1]",t^8+33t^6+221t^4+71t^2,"[-1,-1,-1,0,0,1,1,1,-2,0,1,2,1,1,1,-2,-1,1,1,1,3,1,-1,1,2,2,-1,1,1,1,0,1,-1,-1,-1,1]","[-1,-1,-1,0,0,1,1,1,-1,-1,1,1,1,1,2,-1,-1,1,1,3,2,0,1,1,1,1,-1,2,1,-1,1,-1,1,2,0,2]","[-1,-1,-1,0,0,1,1,1,-2,0,0,2,0,0,1,-2,2,0,-1,1,1,0,-1,1,1,1,1,0,0,0,2,0,1,1,-1,-1]",c,"[[{8, 1}, {2, 7}, {3, 6}, {4, 5}], [{8, 1}, {2, 7}, {4, 6}, {3, 5}], [{8, 1}, {2, 7}, {5, 6}, {3, 4}], [{8, 1}, {2, 7}, {6}, {4, 5}, {3}], [{8, 1}, {3, 7}, {2, 6}, {4, 5}], [{8, 1}, {3, 7}, {2, 6}, {5}, {4}], [{8, 1}, {3, 7}, {4, 6}, {2, 5}], [{8, 1}, {3, 7}, {4, 6}, {5}, {2}], [{8, 1}, {3, 7}, {5, 6}, {2, 4}], [{8, 1}, {3, 7}, {5, 6}, {4}, {2}], [{8, 1}, {3, 7}, {6}, {2, 5}, {4}], [{8, 1}, {3, 7}, {6}, {4, 5}, {2}], [{8, 1}, {3, 7}, {6}, {5}, {2, 4}], [{8, 1}, {3, 7}, {6}, {5}, {4}, {2}], [{8, 1}, {4, 7}, {2, 6}, {3, 5}], [{8, 1}, {4, 7}, {2, 6}, {5}, {3}], [{8, 1}, {4, 7}, {3, 6}, {2, 5}], [{8, 1}, {4, 7}, {5, 6}, {2, 3}], [{8, 1}, {4, 7}, {5, 6}, {3}, {2}], [{8, 1}, {4, 7}, {6}, {2, 5}, {3}], [{8, 1}, {5, 7}, {2, 6}, {3, 4}], [{8, 1}, {5, 7}, {3, 6}, {2, 4}], [{8, 1}, {5, 7}, {4, 6}, {2, 3}], [{8, 1}, {5, 7}, {4, 6}, {3}, {2}], [{8, 1}, {6, 7}, {2, 5}, {3, 4}], [{8, 1}, {6, 7}, {3, 5}, {2, 4}], [{8, 1}, {6, 7}, {4, 5}, {2, 3}], [{8, 1}, {7}, {2, 6}, {5}, {3, 4}], [{8, 1}, {7}, {4, 6}, {3, 5}, {2}], [{8, 1}, {7}, {5, 6}, {3, 4}, {2}], [{8, 1}, {7}, {6}, {2, 5}, {3, 4}], [{8, 1}, {7}, {6}, {4, 5}, {2, 3}], [{8, 2}, {1, 7}, {3, 6}, {4, 5}], [{8, 2}, {1, 7}, {4, 6}, {3, 5}], [{8, 2}, {1, 7}, {5, 6}, {3, 4}], [{8, 2}, {3, 7}, {1, 6}, {4, 5}], [{8, 2}, {3, 7}, {4, 6}, {1, 5}], [{8, 2}, {3, 7}, {4, 6}, {5}, {1}], [{8, 2}, {3, 7}, {5, 6}, {1, 4}], [{8, 2}, {4, 7}, {1, 6}, {3, 5}], [{8, 2}, {4, 7}, {3, 6}, {1, 5}], [{8, 2}, {4, 7}, {5, 6}, {1, 3}], [{8, 2}, {4, 7}, {5, 6}, {3}, {1}], [{8, 2}, {5, 7}, {1, 6}, {3, 4}], [{8, 2}, {5, 7}, {3, 6}, {1, 4}], [{8, 2}, {5, 7}, {4, 6}, {1, 3}], [{8, 2}, {5, 7}, {4, 6}, {3}, {1}], [{8, 2}, {6, 7}, {1, 5}, {3, 4}], [{8, 2}, {6, 7}, {3, 5}, {1, 4}], [{8, 2}, {6, 7}, {4, 5}, {1, 3}], [{8, 2}, {6, 7}, {5}, {3, 4}, {1}], [{8, 2}, {7}, {1, 6}, {4, 5}, {3}], [{8, 2}, {7}, {4, 6}, {3, 5}, {1}], [{8, 3}, {1, 7}, {2, 6}, {4, 5}], [{8, 3}, {1, 7}, {2, 6}, {5}, {4}], [{8, 3}, {1, 7}, {4, 6}, {2, 5}], [{8, 3}, {1, 7}, {4, 6}, {5}, {2}], [{8, 3}, {1, 7}, {5, 6}, {2, 4}], [{8, 3}, {1, 7}, {5, 6}, {4}, {2}], [{8, 3}, {1, 7}, {6}, {2, 5}, {4}], [{8, 3}, {1, 7}, {6}, {4, 5}, {2}], [{8, 3}, {1, 7}, {6}, {5}, {2, 4}], [{8, 3}, {1, 7}, {6}, {5}, {4}, {2}], [{8, 3}, {2, 7}, {1, 6}, {4, 5}], [{8, 3}, {2, 7}, {4, 6}, {1, 5}], [{8, 3}, {2, 7}, {4, 6}, {5}, {1}], [{8, 3}, {2, 7}, {5, 6}, {1, 4}], [{8, 3}, {2, 7}, {6}, {1, 5}, {4}], [{8, 3}, {4, 7}, {1, 6}, {2, 5}], [{8, 3}, {4, 7}, {2, 6}, {1, 5}], [{8, 3}, {4, 7}, {5, 6}, {1, 2}], [{8, 3}, {4, 7}, {5, 6}, {2}, {1}], [{8, 3}, {5, 7}, {1, 6}, {2, 4}], [{8, 3}, {5, 7}, {2, 6}, {1, 4}], [{8, 3}, {5, 7}, {4, 6}, {1, 2}], [{8, 3}, {5, 7}, {4, 6}, {2}, {1}], [{8, 3}, {5, 7}, {6}, {4}, {1, 2}], [{8, 3}, {6, 7}, {1, 5}, {2, 4}], [{8, 3}, {6, 7}, {2, 5}, {1, 4}], [{8, 3}, {6, 7}, {4, 5}, {1, 2}], [{8, 3}, {6, 7}, {5}, {2, 4}, {1}], [{8, 3}, {7}, {1, 6}, {5}, {2, 4}], [{8, 3}, {7}, {4, 6}, {1, 5}, {2}], [{8, 3}, {7}, {4, 6}, {2, 5}, {1}], [{8, 3}, {7}, {4, 6}, {5}, {1, 2}], [{8, 3}, {7}, {5, 6}, {1, 4}, {2}], [{8, 4}, {1, 7}, {2, 6}, {3, 5}], [{8, 4}, {1, 7}, {3, 6}, {2, 5}], [{8, 4}, {1, 7}, {5, 6}, {2, 3}], [{8, 4}, {1, 7}, {6}, {3, 5}, {2}], [{8, 4}, {2, 7}, {1, 6}, {3, 5}], [{8, 4}, {2, 7}, {3, 6}, {1, 5}], [{8, 4}, {2, 7}, {5, 6}, {1, 3}], [{8, 4}, {2, 7}, {6}, {1, 5}, {3}], [{8, 4}, {3, 7}, {1, 6}, {2, 5}], [{8, 4}, {3, 7}, {2, 6}, {1, 5}], [{8, 4}, {3, 7}, {5, 6}, {1, 2}], [{8, 4}, {3, 7}, {6}, {1, 5}, {2}], [{8, 4}, {5, 7}, {1, 6}, {2, 3}], [{8, 4}, {5, 7}, {2, 6}, {1, 3}], [{8, 4}, {5, 7}, {3, 6}, {1, 2}], [{8, 4}, {5, 7}, {6}, {3}, {1, 2}], [{8, 4}, {6, 7}, {1, 5}, {2, 3}], [{8, 4}, {6, 7}, {2, 5}, {1, 3}], [{8, 4}, {6, 7}, {3, 5}, {1, 2}], [{8, 4}, {6, 7}, {5}, {3}, {1, 2}], [{8, 4}, {7}, {1, 6}, {2, 5}, {3}], [{8, 4}, {7}, {5, 6}, {3}, {1, 2}], [{8, 4}, {7}, {6}, {1, 5}, {2, 3}], [{8, 5}, {1, 7}, {2, 6}, {3, 4}], [{8, 5}, {1, 7}, {3, 6}, {2, 4}], [{8, 5}, {1, 7}, {4, 6}, {2, 3}], [{8, 5}, {1, 7}, {6}, {3, 4}, {2}], [{8, 5}, {2, 7}, {1, 6}, {3, 4}], [{8, 5}, {2, 7}, {3, 6}, {1, 4}], [{8, 5}, {2, 7}, {4, 6}, {1, 3}], [{8, 5}, {2, 7}, {6}, {1, 4}, {3}], [{8, 5}, {3, 7}, {1, 6}, {2, 4}], [{8, 5}, {3, 7}, {2, 6}, {1, 4}], [{8, 5}, {3, 7}, {4, 6}, {1, 2}], [{8, 5}, {3, 7}, {6}, {1, 4}, {2}], [{8, 5}, {4, 7}, {1, 6}, {2, 3}], [{8, 5}, {4, 7}, {2, 6}, {1, 3}], [{8, 5}, {4, 7}, {3, 6}, {1, 2}], [{8, 5}, {4, 7}, {6}, {3}, {1, 2}], [{8, 5}, {6, 7}, {1, 4}, {2, 3}], [{8, 5}, {6, 7}, {2, 4}, {1, 3}], [{8, 5}, {6, 7}, {3, 4}, {1, 2}], [{8, 5}, {6, 7}, {4}, {3}, {1, 2}], [{8, 5}, {7}, {1, 6}, {2, 4}, {3}], [{8, 5}, {7}, {4, 6}, {3}, {1, 2}], [{8, 5}, {7}, {6}, {1, 4}, {2, 3}], [{8, 6}, {1, 7}, {2, 5}, {3, 4}], [{8, 6}, {1, 7}, {3, 5}, {2, 4}], [{8, 6}, {1, 7}, {4, 5}, {2, 3}], [{8, 6}, {2, 7}, {1, 5}, {3, 4}], [{8, 6}, {2, 7}, {1, 5}, {4}, {3}], [{8, 6}, {2, 7}, {3, 5}, {1, 4}], [{8, 6}, {2, 7}, {4, 5}, {1, 3}], [{8, 6}, {2, 7}, {5}, {3, 4}, {1}], [{8, 6}, {3, 7}, {1, 5}, {2, 4}], [{8, 6}, {3, 7}, {2, 5}, {1, 4}], [{8, 6}, {3, 7}, {4, 5}, {1, 2}], [{8, 6}, {3, 7}, {5}, {2, 4}, {1}], [{8, 6}, {4, 7}, {1, 5}, {2, 3}], [{8, 6}, {4, 7}, {2, 5}, {1, 3}], [{8, 6}, {4, 7}, {3, 5}, {1, 2}], [{8, 6}, {4, 7}, {5}, {3}, {1, 2}], [{8, 6}, {5, 7}, {1, 4}, {2, 3}], [{8, 6}, {5, 7}, {2, 4}, {1, 3}], [{8, 6}, {5, 7}, {3, 4}, {1, 2}], [{8, 6}, {5, 7}, {4}, {3}, {1, 2}], [{8, 6}, {7}, {1, 5}, {3, 4}, {2}], [{8, 6}, {7}, {3, 5}, {1, 4}, {2}], [{8, 6}, {7}, {4, 5}, {3}, {1, 2}], [{8, 7}, {1, 6}, {2, 5}, {3, 4}], [{8, 7}, {1, 6}, {3, 5}, {2, 4}], [{8, 7}, {1, 6}, {4, 5}, {2, 3}], [{8, 7}, {1, 6}, {5}, {2, 4}, {3}], [{8, 7}, {2, 6}, {1, 5}, {3, 4}], [{8, 7}, {2, 6}, {3, 5}, {1, 4}], [{8, 7}, {2, 6}, {4, 5}, {1, 3}], [{8, 7}, {3, 6}, {1, 5}, {2, 4}], [{8, 7}, {3, 6}, {2, 5}, {1, 4}], [{8, 7}, {3, 6}, {4, 5}, {1, 2}], [{8, 7}, {4, 6}, {1, 5}, {2, 3}], [{8, 7}, {4, 6}, {2, 5}, {1, 3}], [{8, 7}, {4, 6}, {3, 5}, {1, 2}], [{8, 7}, {4, 6}, {5}, {3}, {1, 2}], [{8, 7}, {5, 6}, {1, 4}, {2, 3}], [{8, 7}, {5, 6}, {2, 4}, {1, 3}], [{8, 7}, {5, 6}, {3, 4}, {1, 2}], [{8, 7}, {5, 6}, {4}, {3}, {1, 2}], [{8, 7}, {6}, {2, 5}, {1, 4}, {3}], [{8, 7}, {6}, {4, 5}, {3}, {1, 2}], [{8}, {1, 7}, {4, 6}, {2, 5}, {3}], [{8}, {2, 7}, {1, 6}, {3, 5}, {4}], [{8}, {2, 7}, {3, 6}, {1, 5}, {4}], [{8}, {2, 7}, {4, 6}, {1, 5}, {3}], [{8}, {2, 7}, {5, 6}, {4}, {1, 3}], [{8}, {2, 7}, {6}, {1, 5}, {3, 4}], [{8}, {2, 7}, {6}, {1, 5}, {4}, {3}], [{8}, {3, 7}, {1, 6}, {5}, {2, 4}], [{8}, {3, 7}, {4, 6}, {5}, {1, 2}], [{8}, {4, 7}, {1, 6}, {3, 5}, {2}], [{8}, {4, 7}, {3, 6}, {1, 5}, {2}], [{8}, {4, 7}, {5, 6}, {1, 3}, {2}], [{8}, {4, 7}, {5, 6}, {2, 3}, {1}], [{8}, {4, 7}, {5, 6}, {3}, {1, 2}], [{8}, {4, 7}, {5, 6}, {3}, {2}, {1}], [{8}, {5, 7}, {1, 6}, {2, 4}, {3}], [{8}, {5, 7}, {2, 6}, {1, 4}, {3}], [{8}, {5, 7}, {3, 6}, {4}, {1, 2}], [{8}, {5, 7}, {4, 6}, {1, 3}, {2}], [{8}, {5, 7}, {4, 6}, {2, 3}, {1}], [{8}, {5, 7}, {4, 6}, {3}, {1, 2}], [{8}, {5, 7}, {4, 6}, {3}, {2}, {1}], [{8}, {5, 7}, {6}, {3, 4}, {1, 2}], [{8}, {5, 7}, {6}, {4}, {3}, {1, 2}], [{8}, {6, 7}, {4, 5}, {3}, {1, 2}], [{8}, {7}, {1, 6}, {3, 5}, {2, 4}], [{8}, {7}, {1, 6}, {5}, {2, 4}, {3}], [{8}, {7}, {3, 6}, {1, 5}, {2, 4}], [{8}, {7}, {4, 6}, {3, 5}, {1, 2}], [{8}, {7}, {4, 6}, {5}, {3}, {1, 2}], [{8}, {7}, {5, 6}, {2, 4}, {1, 3}]]",2,4 K_1^3 - 16 K_1^2 - 8 K_1 K_2 + K_1 + 8 K_2 + 3 K_3 + 9,O1O2O3O4U3U5U6O7U8O5O6U4U2O8U1U7,O1O2O3U4U3U5U6O7O6U8O5O4U1U2O8U7,O1O2O3U4O5U2U3O6O7U5O8O4U8U7U1U6,c,"{'O1O2O3O4U5U4O6U3U1O7O8U6O5U7U8U2', 'O1O2O3U4U3O5U6U1O7O8U5O4U7U8O6U2'}",2,"<a href=""/flatknot/8.850834"">8.850834</a>",t^9-33t^7-46t^6+79t^5+86t^4-105t^3-66t^2+56t+32,0,,
8.850835,O1O2O3O4U5U4O6U3U1O7O8U6O5U8U7U2,4,4z^3+27z^2+68z+61,4w^4z^3+27w^3z^2+68w^2z+61w,False,False,"[[ 0 -1  1  0  1 -1  0  0  0],[ 1  0  1  0  0 -2  2  0  0],[-1 -1  0  0  1 -1 -1  0  0],[ 0  0  0  0  0 -2  1  0  0],[-1  0 -1  0  0 -1  0 -1 -1],[ 1  2  1  2  1  0  0 -2 -1],[ 0 -2  1 -1  0  0  0  2  1],[ 0  0  0  0  1  2 -2  0  0],[ 0  0  0  0  1  1 -1  0  0]]","[[ 0  1  1  0  0  0  0 -1 -1],[-1  0  1  0  0  0 -1 -1 -1],[-1 -1  0  0 -1 -1  0  0 -1],[ 0  0  0  0  0  0  1  0 -2],[ 0  0  1  0  0  0 -1  0  1],[ 0  0  1  0  0  0 -2  0  2],[ 0  1  0 -1  1  2  0 -2  0],[ 1  1  0  0  0  0  2  0 -2],[ 1  1  1  2 -1 -2  0  2  0]]",True,"[-1,-1,0,0,0,0,1,1,-1,0,0,0,1,1,1,0,1,1,0,0,1,0,0,-1,0,2,0,1,0,-1,2,0,-2,2,0,2]","[-1,-1,0,0,0,0,1,1,-2,-1,1,2,3,1,1,1,-1,1,1,1,2,-1,0,0,1,1,-1,-2,0,1,0,1,0,1,0,-1]",t^8+30t^6+142t^4+49t^2+1,"[-1,-1,0,0,0,0,1,1,-2,-1,1,2,3,1,1,1,-1,1,1,1,2,-1,0,0,1,1,-1,-2,0,1,0,1,0,1,0,-1]","[-1,-1,0,0,0,0,1,1,-1,0,0,1,1,1,2,1,1,0,1,1,1,0,-2,0,3,1,-1,0,2,1,-1,1,-1,-1,1,2]","[-1,-1,0,0,0,0,1,1,-2,0,0,0,2,0,1,-2,-1,2,0,1,1,0,0,-2,1,0,0,-1,1,0,1,0,0,0,1,-1]",c,"[[{8, 3}, {6, 7}, {4, 5}, {1, 2}], [{8}, {6, 7}, {4, 5}, {3}, {1, 2}]]",1,- 4 K_1^2 + 2 K_2 + 3,O1O2O3O4U3U5U6O7U8O6O5U4U2O8U1U7,O1O2O3U4U3U5U6O7O6U8O5O4U2U1O8U7,O1O2O3U4O5U3U2O6O7U5O8O4U8U7U1U6,c,"{'O1O2O3O4U5U4O6U3U1O7O8U6O5U8U7U2', 'O1O2O3U4U3O5U6U1O7O8U5O4U8U7O6U2'}",2,"<a href=""/flatknot/8.850835"">8.850835</a>",t^9-30t^7-18t^6+62t^5-28t^4-20t^3+54t^2-22t,0,,
8.850836,O1O2O3O4U5U4O6U3U1O7O8U7O5U2U6U8,4,z^3+20z^2+102z+133,w^4z^3+20w^3z^2+102w^2z+133w,False,False,"[[ 0 -1 -1  0  1 -1  1 -1  2],[ 1  0  0  0  0 -1  2  0  1],[ 1  0  0  1  1 -1  1  0  2],[ 0  0 -1  0  0 -1  0  0  0],[-1  0 -1  0  0 -1 -1  0 -1],[ 1  1  1  1  1  0  1 -1  0],[-1 -2 -1  0  1 -1  0  0  2],[ 1  0  0  0  0  1  0  0  1],[-2 -1 -2  0  1  0 -2 -1  0]]","[[ 0  2  1  1  0 -1 -1 -1 -1],[-2  0  1 -2  0  0 -1 -1 -2],[-1 -1  0 -1  0 -1  0  0 -1],[-1  2  1  0  0 -1  0 -2 -1],[ 0  0  0  0  0 -1  0  0 -1],[ 1  0  1  1  1  0 -1  1  1],[ 1  1  0  0  0  1  0  0  0],[ 1  1  0  2  0 -1  0  0  0],[ 1  2  1  1  1 -1  0  0  0]]",True,"[-2,-1,-1,0,1,1,1,1,-1,2,0,0,1,1,2,1,0,1,0,0,1,0,1,0,2,1,1,0,0,1,1,-1,-1,0,0,0]","[-2,-1,-1,0,1,1,1,1,-1,2,0,0,1,1,2,1,0,1,0,0,1,0,1,0,2,1,1,0,0,1,1,-1,-1,0,0,0]",t^8+25t^6+118t^4+84t^2,"[-1,-1,-1,-1,0,1,1,2,-1,-1,1,0,1,1,3,0,0,0,1,1,1,0,1,0,2,2,1,2,2,2,1,1,2,-1,-1,2]","[-2,-1,-1,0,1,1,1,1,-1,2,2,1,2,2,3,1,1,1,0,2,1,1,1,2,2,1,0,1,1,0,0,0,-1,0,-1,1]","[-1,-1,-1,-1,0,1,1,2,-1,0,0,0,0,2,1,-1,1,1,1,1,0,0,0,0,0,1,1,1,1,2,0,0,0,-1,-1,2]",c,"[[{8, 1}, {5, 7}, {3, 6}, {2, 4}], [{8, 7}, {3, 6}, {1, 5}, {2, 4}]]",1,8 K_1^3 - 22 K_1^2 - 16 K_1 K_2 + 2 K_1 + 11 K_2 + 6 K_3 + 12,O1O2O3O4U5U6U3O7U8O5O8U4U2O6U1U7,O1O2O3U4U1U5U6O7O6U2O5O4U8U3O8U7,O1O2O3U4O5U1U5O6O7U2O8O4U8U7U3U6,c,{'O1O2O3O4U5U4O6U3U1O7O8U7O5U2U6U8'},1,"<a href=""/flatknot/8.850836"">8.850836</a>",t^9-23t^7-30t^6+59t^5+40t^4-75t^3+18t^2+10t,-t^2+2t,,
8.850837,O1O2O3O4U5U4O6U3U1O7O8U7O5U2U8U6,4,9z^2+86z+137,9w^3z^2+86w^2z+137w,False,False,"[[ 0 -1 -1  0  1 -1  2 -1  1],[ 1  0  0  0  0 -1  2  0  0],[ 1  0  0  1  1 -1  2  0  1],[ 0  0 -1  0  0 -1  0  0 -1],[-1  0 -1  0  0 -1 -1  0 -1],[ 1  1  1  1  1  0  1 -1  0],[-2 -2 -2  0  1 -1  0 -1  1],[ 1  0  0  0  0  1  1  0  1],[-1  0 -1  1  1  0 -1 -1  0]]","[[ 0  2  1  1  0 -1 -1 -1 -1],[-2  0  1  1  0 -1 -1 -2 -2],[-1 -1  0  1  1  0 -1  0 -1],[-1 -1 -1  0  0 -1  0  0 -1],[ 0  0 -1  0  0 -1  0  0 -1],[ 1  1  0  1  1  0 -1  1  1],[ 1  1  1  0  0  1  0  0  0],[ 1  2  0  0  0 -1  0  0  0],[ 1  2  1  1  1 -1  0  0  0]]",True,"[-2,-1,-1,0,1,1,1,1,-1,-1,0,1,1,2,2,-1,-1,0,1,0,1,0,1,0,0,1,1,0,0,1,1,-1,-1,0,0,0]","[-2,-1,-1,0,1,1,1,1,-1,-1,0,1,1,2,2,-1,-1,0,1,0,1,0,1,0,0,1,1,0,0,1,1,-1,-1,0,0,0]",t^8+23t^6+116t^4+71t^2+1,"[-1,-1,-1,-1,0,1,1,2,-1,-1,1,0,1,2,2,0,0,0,1,1,1,0,1,2,2,1,1,2,1,2,1,2,2,1,2,2]","[-2,-1,-1,0,1,1,1,1,2,2,2,1,1,2,2,-1,1,1,2,1,2,2,1,2,2,1,0,1,0,1,0,-1,0,-1,0,-1]","[-1,-1,-1,-1,0,1,1,2,-1,0,0,0,0,0,2,-1,1,1,0,1,1,0,0,1,0,1,1,1,1,2,-1,0,0,1,-1,-1]",c,"[[{8, 1}, {2, 7}, {3, 6}, {4, 5}], [{8, 1}, {3, 7}, {2, 6}, {4, 5}], [{8, 1}, {3, 7}, {5, 6}, {2, 4}], [{8, 1}, {5, 7}, {3, 6}, {2, 4}], [{8, 1}, {6, 7}, {3, 5}, {2, 4}], [{8, 1}, {6, 7}, {4, 5}, {2, 3}], [{8}, {6, 7}, {4, 5}, {2, 3}, {1}]]",1,4 K_1^3 + 4 K_1^2 K_2 - 28 K_1^2 - 24 K_1 K_2 - 6 K_1 K_3 + 9 K_1 - 2 K_2^2 + 15 K_2 + 11 K_3 + 3 K_4 + 15,O1O2O3O4U5U6U3O7U8O6O8U4U2O5U1U7,O1O2O3U4U1U5U6O7O6U3O5O4U8U2O8U7,O1O2O3U4O5U2U5O6O7U1O8O4U8U7U3U6,c,{'O1O2O3O4U5U4O6U3U1O7O8U7O5U2U8U6'},1,"<a href=""/flatknot/8.850837"">8.850837</a>",t^9-21t^7-28t^6+31t^5+26t^4+21t^3+34t^2-4t-4,-t^2+2t,,
8.850838,O1O2O3O4U5U4O6U3U1O7O8U7O5U6U2U8,3,10z^2+55z+71,10w^3z^2+55w^2z+71w,False,False,"[[ 0 -1  0  0  1 -1  0 -1  2],[ 1  0  1  0  0 -1  1  0  1],[ 0 -1  0  0  1 -1  0  0  2],[ 0  0  0  0  0 -1  0  0  0],[-1  0 -1  0  0 -1 -1  0 -1],[ 1  1  1  1  1  0  0 -1  0],[ 0 -1  0  0  1  0  0  0  2],[ 1  0  0  0  0  1  0  0  1],[-2 -1 -2  0  1  0 -2 -1  0]]","[[ 0  2  1  0  0  0 -1 -1 -1],[-2  0  1  0 -2 -2  0 -1 -1],[-1 -1  0  0 -1 -1 -1  0  0],[ 0  0  0  0  0  0 -1  0  0],[ 0  2  1  0  0  0  0  0 -1],[ 0  2  1  0  0  0 -1  0 -1],[ 1  0  1  1  0  1  0 -1  1],[ 1  1  0  0  0  0  1  0  0],[ 1  1  0  0  1  1 -1  0  0]]",True,"[-2,-1,0,0,0,1,1,1,-1,0,2,2,0,1,1,0,1,1,1,0,0,0,0,1,0,0,0,0,0,1,1,0,1,1,-1,0]","[-2,-1,0,0,0,1,1,1,-1,0,2,2,0,1,1,0,1,1,1,0,0,0,0,1,0,0,0,0,0,1,1,0,1,1,-1,0]",t^8+20t^6+76t^4+14t^2,"[-1,-1,-1,0,0,0,1,2,-1,0,1,1,1,2,2,-1,0,0,1,1,3,0,1,0,2,2,0,0,0,0,0,1,2,0,0,2]","[-2,-1,0,0,0,1,1,1,2,0,0,2,2,2,3,0,0,1,2,2,1,0,0,0,1,0,0,0,1,1,1,1,0,0,-1,1]","[-1,-1,-1,0,0,0,1,2,-1,0,0,1,1,0,1,-1,1,0,1,1,0,0,0,0,0,1,0,0,0,0,0,1,2,1,2,-1]",c,"[[{8, 1}, {2, 7}, {3, 6}, {4, 5}], [{8, 1}, {2, 7}, {4, 6}, {3, 5}], [{8, 1}, {2, 7}, {5, 6}, {3, 4}], [{8, 1}, {2, 7}, {5, 6}, {4}, {3}], [{8, 1}, {3, 7}, {2, 6}, {4, 5}], [{8, 1}, {3, 7}, {4, 6}, {2, 5}], [{8, 1}, {3, 7}, {4, 6}, {5}, {2}], [{8, 1}, {3, 7}, {5, 6}, {2, 4}], [{8, 1}, {4, 7}, {2, 6}, {3, 5}], [{8, 1}, {4, 7}, {3, 6}, {2, 5}], [{8, 1}, {4, 7}, {3, 6}, {5}, {2}], [{8, 1}, {4, 7}, {5, 6}, {2, 3}], [{8, 1}, {5, 7}, {2, 6}, {3, 4}], [{8, 1}, {5, 7}, {2, 6}, {4}, {3}], [{8, 1}, {5, 7}, {3, 6}, {2, 4}], [{8, 1}, {5, 7}, {3, 6}, {4}, {2}], [{8, 1}, {5, 7}, {4, 6}, {2, 3}], [{8, 1}, {5, 7}, {4, 6}, {3}, {2}], [{8, 1}, {5, 7}, {6}, {2, 4}, {3}], [{8, 1}, {5, 7}, {6}, {3, 4}, {2}], [{8, 1}, {5, 7}, {6}, {4}, {2, 3}], [{8, 1}, {5, 7}, {6}, {4}, {3}, {2}], [{8, 1}, {6, 7}, {2, 5}, {3, 4}], [{8, 1}, {6, 7}, {2, 5}, {4}, {3}], [{8, 1}, {6, 7}, {3, 5}, {2, 4}], [{8, 1}, {6, 7}, {4, 5}, {2, 3}], [{8, 1}, {7}, {3, 6}, {4, 5}, {2}], [{8, 1}, {7}, {4, 6}, {3, 5}, {2}], [{8, 2}, {1, 7}, {3, 6}, {4, 5}], [{8, 2}, {1, 7}, {4, 6}, {3, 5}], [{8, 2}, {1, 7}, {5, 6}, {3, 4}], [{8, 2}, {3, 7}, {1, 6}, {4, 5}], [{8, 2}, {3, 7}, {4, 6}, {1, 5}], [{8, 2}, {3, 7}, {4, 6}, {5}, {1}], [{8, 2}, {3, 7}, {5, 6}, {1, 4}], [{8, 2}, {4, 7}, {1, 6}, {3, 5}], [{8, 2}, {4, 7}, {3, 6}, {1, 5}], [{8, 2}, {4, 7}, {5, 6}, {1, 3}], [{8, 2}, {5, 7}, {1, 6}, {3, 4}], [{8, 2}, {5, 7}, {1, 6}, {4}, {3}], [{8, 2}, {5, 7}, {3, 6}, {1, 4}], [{8, 2}, {5, 7}, {3, 6}, {4}, {1}], [{8, 2}, {5, 7}, {4, 6}, {1, 3}], [{8, 2}, {5, 7}, {4, 6}, {3}, {1}], [{8, 2}, {5, 7}, {6}, {1, 4}, {3}], [{8, 2}, {5, 7}, {6}, {3, 4}, {1}], [{8, 2}, {5, 7}, {6}, {4}, {1, 3}], [{8, 2}, {5, 7}, {6}, {4}, {3}, {1}], [{8, 2}, {6, 7}, {1, 5}, {3, 4}], [{8, 2}, {6, 7}, {3, 5}, {1, 4}], [{8, 2}, {6, 7}, {4, 5}, {1, 3}], [{8, 2}, {6, 7}, {5}, {1, 4}, {3}], [{8, 2}, {7}, {4, 6}, {3, 5}, {1}], [{8, 2}, {7}, {5, 6}, {1, 4}, {3}], [{8, 3}, {1, 7}, {2, 6}, {4, 5}], [{8, 3}, {1, 7}, {4, 6}, {2, 5}], [{8, 3}, {1, 7}, {4, 6}, {5}, {2}], [{8, 3}, {1, 7}, {5, 6}, {2, 4}], [{8, 3}, {2, 7}, {1, 6}, {4, 5}], [{8, 3}, {2, 7}, {4, 6}, {1, 5}], [{8, 3}, {2, 7}, {5, 6}, {1, 4}], [{8, 3}, {2, 7}, {5, 6}, {4}, {1}], [{8, 3}, {4, 7}, {1, 6}, {2, 5}], [{8, 3}, {4, 7}, {1, 6}, {5}, {2}], [{8, 3}, {4, 7}, {2, 6}, {1, 5}], [{8, 3}, {4, 7}, {5, 6}, {1, 2}], [{8, 3}, {5, 7}, {1, 6}, {2, 4}], [{8, 3}, {5, 7}, {1, 6}, {4}, {2}], [{8, 3}, {5, 7}, {2, 6}, {1, 4}], [{8, 3}, {5, 7}, {2, 6}, {4}, {1}], [{8, 3}, {5, 7}, {4, 6}, {1, 2}], [{8, 3}, {5, 7}, {4, 6}, {2}, {1}], [{8, 3}, {5, 7}, {6}, {1, 4}, {2}], [{8, 3}, {5, 7}, {6}, {2, 4}, {1}], [{8, 3}, {5, 7}, {6}, {4}, {1, 2}], [{8, 3}, {5, 7}, {6}, {4}, {2}, {1}], [{8, 3}, {6, 7}, {1, 5}, {2, 4}], [{8, 3}, {6, 7}, {2, 5}, {1, 4}], [{8, 3}, {6, 7}, {2, 5}, {4}, {1}], [{8, 3}, {6, 7}, {4, 5}, {1, 2}], [{8, 3}, {7}, {1, 6}, {4, 5}, {2}], [{8, 3}, {7}, {4, 6}, {1, 5}, {2}], [{8, 4}, {1, 7}, {2, 6}, {3, 5}], [{8, 4}, {1, 7}, {3, 6}, {2, 5}], [{8, 4}, {1, 7}, {3, 6}, {5}, {2}], [{8, 4}, {1, 7}, {5, 6}, {2, 3}], [{8, 4}, {2, 7}, {1, 6}, {3, 5}], [{8, 4}, {2, 7}, {3, 6}, {1, 5}], [{8, 4}, {2, 7}, {5, 6}, {1, 3}], [{8, 4}, {2, 7}, {5, 6}, {3}, {1}], [{8, 4}, {3, 7}, {1, 6}, {2, 5}], [{8, 4}, {3, 7}, {1, 6}, {5}, {2}], [{8, 4}, {3, 7}, {2, 6}, {1, 5}], [{8, 4}, {3, 7}, {5, 6}, {1, 2}], [{8, 4}, {5, 7}, {1, 6}, {2, 3}], [{8, 4}, {5, 7}, {1, 6}, {3}, {2}], [{8, 4}, {5, 7}, {2, 6}, {1, 3}], [{8, 4}, {5, 7}, {2, 6}, {3}, {1}], [{8, 4}, {5, 7}, {3, 6}, {1, 2}], [{8, 4}, {5, 7}, {3, 6}, {2}, {1}], [{8, 4}, {5, 7}, {6}, {1, 3}, {2}], [{8, 4}, {5, 7}, {6}, {2, 3}, {1}], [{8, 4}, {5, 7}, {6}, {3}, {1, 2}], [{8, 4}, {5, 7}, {6}, {3}, {2}, {1}], [{8, 4}, {6, 7}, {1, 5}, {2, 3}], [{8, 4}, {6, 7}, {2, 5}, {1, 3}], [{8, 4}, {6, 7}, {2, 5}, {3}, {1}], [{8, 4}, {6, 7}, {3, 5}, {1, 2}], [{8, 4}, {7}, {1, 6}, {3, 5}, {2}], [{8, 4}, {7}, {3, 6}, {1, 5}, {2}], [{8, 5}, {1, 7}, {2, 6}, {3, 4}], [{8, 5}, {1, 7}, {3, 6}, {2, 4}], [{8, 5}, {1, 7}, {3, 6}, {4}, {2}], [{8, 5}, {1, 7}, {4, 6}, {2, 3}], [{8, 5}, {2, 7}, {1, 6}, {3, 4}], [{8, 5}, {2, 7}, {3, 6}, {1, 4}], [{8, 5}, {2, 7}, {4, 6}, {1, 3}], [{8, 5}, {2, 7}, {6}, {1, 4}, {3}], [{8, 5}, {3, 7}, {1, 6}, {2, 4}], [{8, 5}, {3, 7}, {2, 6}, {1, 4}], [{8, 5}, {3, 7}, {4, 6}, {1, 2}], [{8, 5}, {3, 7}, {6}, {1, 4}, {2}], [{8, 5}, {4, 7}, {1, 6}, {2, 3}], [{8, 5}, {4, 7}, {2, 6}, {1, 3}], [{8, 5}, {4, 7}, {3, 6}, {1, 2}], [{8, 5}, {4, 7}, {3, 6}, {2}, {1}], [{8, 5}, {6, 7}, {1, 4}, {2, 3}], [{8, 5}, {6, 7}, {1, 4}, {3}, {2}], [{8, 5}, {6, 7}, {2, 4}, {1, 3}], [{8, 5}, {6, 7}, {3, 4}, {1, 2}], [{8, 5}, {7}, {1, 6}, {4}, {2, 3}], [{8, 5}, {7}, {2, 6}, {1, 4}, {3}], [{8, 5}, {7}, {3, 6}, {1, 4}, {2}], [{8, 5}, {7}, {4, 6}, {2, 3}, {1}], [{8, 5}, {7}, {6}, {1, 4}, {2, 3}], [{8, 5}, {7}, {6}, {1, 4}, {3}, {2}], [{8, 6}, {1, 7}, {2, 5}, {3, 4}], [{8, 6}, {1, 7}, {3, 5}, {2, 4}], [{8, 6}, {1, 7}, {4, 5}, {2, 3}], [{8, 6}, {2, 7}, {1, 5}, {3, 4}], [{8, 6}, {2, 7}, {3, 5}, {1, 4}], [{8, 6}, {2, 7}, {4, 5}, {1, 3}], [{8, 6}, {2, 7}, {5}, {1, 4}, {3}], [{8, 6}, {3, 7}, {1, 5}, {2, 4}], [{8, 6}, {3, 7}, {2, 5}, {1, 4}], [{8, 6}, {3, 7}, {4, 5}, {1, 2}], [{8, 6}, {3, 7}, {4, 5}, {2}, {1}], [{8, 6}, {4, 7}, {1, 5}, {2, 3}], [{8, 6}, {4, 7}, {2, 5}, {1, 3}], [{8, 6}, {4, 7}, {3, 5}, {1, 2}], [{8, 6}, {4, 7}, {3, 5}, {2}, {1}], [{8, 6}, {5, 7}, {1, 4}, {2, 3}], [{8, 6}, {5, 7}, {1, 4}, {3}, {2}], [{8, 6}, {5, 7}, {2, 4}, {1, 3}], [{8, 6}, {5, 7}, {2, 4}, {3}, {1}], [{8, 6}, {5, 7}, {3, 4}, {1, 2}], [{8, 6}, {5, 7}, {3, 4}, {2}, {1}], [{8, 6}, {5, 7}, {4}, {1, 3}, {2}], [{8, 6}, {5, 7}, {4}, {2, 3}, {1}], [{8, 6}, {5, 7}, {4}, {3}, {1, 2}], [{8, 6}, {5, 7}, {4}, {3}, {2}, {1}], [{8, 6}, {7}, {2, 5}, {1, 4}, {3}], [{8, 7}, {1, 6}, {2, 5}, {3, 4}], [{8, 7}, {1, 6}, {3, 5}, {2, 4}], [{8, 7}, {1, 6}, {4, 5}, {2, 3}], [{8, 7}, {1, 6}, {5}, {4}, {2, 3}], [{8, 7}, {2, 6}, {1, 5}, {3, 4}], [{8, 7}, {2, 6}, {3, 5}, {1, 4}], [{8, 7}, {2, 6}, {4, 5}, {1, 3}], [{8, 7}, {2, 6}, {5}, {1, 4}, {3}], [{8, 7}, {3, 6}, {1, 5}, {2, 4}], [{8, 7}, {3, 6}, {1, 5}, {4}, {2}], [{8, 7}, {3, 6}, {2, 5}, {1, 4}], [{8, 7}, {3, 6}, {4, 5}, {1, 2}], [{8, 7}, {3, 6}, {4, 5}, {2}, {1}], [{8, 7}, {3, 6}, {5}, {1, 4}, {2}], [{8, 7}, {4, 6}, {1, 5}, {2, 3}], [{8, 7}, {4, 6}, {2, 5}, {1, 3}], [{8, 7}, {4, 6}, {3, 5}, {1, 2}], [{8, 7}, {4, 6}, {5}, {2, 3}, {1}], [{8, 7}, {5, 6}, {1, 4}, {2, 3}], [{8, 7}, {5, 6}, {1, 4}, {3}, {2}], [{8, 7}, {5, 6}, {2, 4}, {1, 3}], [{8, 7}, {5, 6}, {3, 4}, {1, 2}], [{8, 7}, {6}, {2, 5}, {1, 4}, {3}], [{8, 7}, {6}, {3, 5}, {1, 4}, {2}], [{8, 7}, {6}, {5}, {1, 4}, {2, 3}], [{8, 7}, {6}, {5}, {1, 4}, {3}, {2}], [{8}, {1, 7}, {3, 6}, {4, 5}, {2}], [{8}, {2, 7}, {5, 6}, {1, 4}, {3}], [{8}, {2, 7}, {5, 6}, {3, 4}, {1}], [{8}, {2, 7}, {5, 6}, {4}, {1, 3}], [{8}, {2, 7}, {5, 6}, {4}, {3}, {1}], [{8}, {3, 7}, {4, 6}, {5}, {1, 2}], [{8}, {4, 7}, {3, 6}, {1, 5}, {2}], [{8}, {5, 7}, {1, 6}, {2, 4}, {3}], [{8}, {5, 7}, {1, 6}, {3, 4}, {2}], [{8}, {5, 7}, {1, 6}, {4}, {2, 3}], [{8}, {5, 7}, {1, 6}, {4}, {3}, {2}], [{8}, {5, 7}, {2, 6}, {1, 4}, {3}], [{8}, {5, 7}, {2, 6}, {3, 4}, {1}], [{8}, {5, 7}, {2, 6}, {4}, {1, 3}], [{8}, {5, 7}, {2, 6}, {4}, {3}, {1}], [{8}, {5, 7}, {3, 6}, {1, 4}, {2}], [{8}, {5, 7}, {3, 6}, {2, 4}, {1}], [{8}, {5, 7}, {3, 6}, {4}, {1, 2}], [{8}, {5, 7}, {3, 6}, {4}, {2}, {1}], [{8}, {5, 7}, {4, 6}, {1, 3}, {2}], [{8}, {5, 7}, {4, 6}, {2, 3}, {1}], [{8}, {5, 7}, {4, 6}, {3}, {1, 2}], [{8}, {5, 7}, {4, 6}, {3}, {2}, {1}], [{8}, {5, 7}, {6}, {1, 4}, {2, 3}], [{8}, {5, 7}, {6}, {1, 4}, {3}, {2}], [{8}, {5, 7}, {6}, {2, 4}, {1, 3}], [{8}, {5, 7}, {6}, {2, 4}, {3}, {1}], [{8}, {5, 7}, {6}, {3, 4}, {1, 2}], [{8}, {5, 7}, {6}, {3, 4}, {2}, {1}], [{8}, {5, 7}, {6}, {4}, {1, 3}, {2}], [{8}, {5, 7}, {6}, {4}, {2, 3}, {1}], [{8}, {5, 7}, {6}, {4}, {3}, {1, 2}], [{8}, {5, 7}, {6}, {4}, {3}, {2}, {1}], [{8}, {6, 7}, {2, 5}, {1, 4}, {3}], [{8}, {6, 7}, {2, 5}, {3, 4}, {1}], [{8}, {6, 7}, {2, 5}, {4}, {1, 3}], [{8}, {6, 7}, {2, 5}, {4}, {3}, {1}], [{8}, {7}, {4, 6}, {3, 5}, {1, 2}]]",2,4 K_1^3 - 6 K_1^2 - 4 K_1 K_2 - K_1 + 3 K_2 + K_3 + 4,O1O2O3O4U5U3U6O7U8O5O8U4U2O6U1U7,O1O2O3U4U2U5U6O7O6U1O5O4U8U3O8U7,O1O2O3U4O5U1U5O6O7U3O8O4U8U7U2U6,c,"{'O1O2O3O4U5U4U2O6U1O7O8U7O5U3U6U8', 'O1O2O3O4U5U4O6U3U1O7O8U7O5U6U2U8'}",2,"<a href=""/flatknot/8.850838"">8.850838</a>",t^9-18t^7-20t^6+51t^5+66t^4-18t^3-12t^2,-t^2+2t,,
8.850839,O1O2O3O4U5U4O6U3U1O7O8U7O5U6U8U2,4,9z^2+62z+89,9w^3z^2+62w^2z+89w,False,False,"[[ 0 -1  1  0  1 -1  0 -1  1],[ 1  0  1  0  0 -1  1  0  0],[-1 -1  0  0  1 -1 -1 -1  1],[ 0  0  0  0  0 -1  0  0  0],[-1  0 -1  0  0 -1 -1  0 -1],[ 1  1  1  1  1  0  0 -1 -1],[ 0 -1  1  0  1  0  0  0  2],[ 1  0  1  0  0  1  0  0  1],[-1  0 -1  0  1  1 -2 -1  0]]","[[ 0  1  1  1  0  0 -1 -1 -1],[-1  0  1  1  0 -1 -1 -1 -1],[-1 -1  0  1  0 -2  1  0 -1],[-1 -1 -1  0  0 -1 -1  0  0],[ 0  0  0  0  0  0 -1  0  0],[ 0  1  2  1  0  0  0 -1  0],[ 1  1 -1  1  1  0  0  1 -1],[ 1  1  0  0  0  1 -1  0  0],[ 1  1  1  0  0  0  1  0  0]]",True,"[-1,-1,-1,0,0,1,1,1,-1,-1,0,1,1,1,1,-1,0,2,-1,0,1,0,1,1,0,0,0,1,0,0,0,1,0,-1,1,0]","[-1,-1,-1,0,0,1,1,1,-1,-1,0,1,1,1,1,-1,0,2,-1,0,1,0,1,1,0,0,0,1,0,0,0,1,0,-1,1,0]",t^8+19t^6+84t^4+24t^2+1,"[-1,-1,-1,0,0,1,1,1,-1,0,1,1,1,1,2,-1,0,1,1,3,1,1,0,1,2,2,0,1,1,1,0,-1,0,-1,-1,-1]","[-1,-1,-1,0,0,1,1,1,-1,-1,0,1,1,2,2,-1,-1,1,3,1,2,0,1,1,1,1,0,1,1,0,0,1,1,-1,1,0]","[-1,-1,-1,0,0,1,1,1,-1,0,0,1,0,0,1,-1,1,0,-1,1,1,0,0,1,0,1,0,0,0,0,2,1,1,1,-1,-1]",c,"[[{8, 1}, {2, 7}, {3, 6}, {4, 5}], [{8, 1}, {4, 7}, {3, 6}, {2, 5}]]",1,4 K_1^3 - 16 K_1^2 - 8 K_1 K_2 + K_1 + 8 K_2 + 3 K_3 + 9,O1O2O3O4U3U5U6O7U8O5O8U4U2O6U1U7,O1O2O3U4U3U5U6O7O6U1O5O4U8U2O8U7,O1O2O3U4O5U2U5O6O7U3O8O4U8U7U1U6,c,"{'O1O2O3U4U3O5U6U1O7O8U7O4U5U8O6U2', 'O1O2O3O4U5U4O6U3U1O7O8U7O5U6U8U2'}",2,"<a href=""/flatknot/8.850839"">8.850839</a>",t^9-19t^7-26t^6+44t^5+78t^4+3t^3-24t^2-6t+4,0,,
8.850840,O1O2O3O4U5U4O6U3U1O7O8U7O5U8U2U6,4,2z^3+23z^2+102z+129,2w^4z^3+23w^3z^2+102w^2z+129w,False,False,"[[ 0 -1  0  0  1 -1  2 -1  0],[ 1  0  0  0  0 -1  2  0 -1],[ 0  0  0  1  1 -1  1 -1  0],[ 0  0 -1  0  0 -1  0  0 -1],[-1  0 -1  0  0 -1 -1  0 -1],[ 1  1  1  1  1  0  1 -1 -1],[-2 -2 -1  0  1 -1  0 -1  1],[ 1  0  1  0  0  1  1  0  1],[ 0  1  0  1  1  1 -1 -1  0]]","[[ 0  2  1  0  0  0 -1 -1 -1],[-2  0  1  1  0 -1 -1 -1 -2],[-1 -1  0 -1  0 -1  0 -1  0],[ 0 -1  1  0  1  0 -1  1  1],[ 0  0  0 -1  0 -1  0 -1  0],[ 0  1  1  0  1  0 -1 -1  0],[ 1  1  0  1  0  1  0  1  0],[ 1  1  1 -1  1  1 -1  0  1],[ 1  2  0 -1  0  0  0 -1  0]]",True,"[-2,-1,0,0,0,1,1,1,-1,-1,0,1,1,1,2,1,0,1,0,1,0,-1,0,1,-1,-1,1,0,1,0,1,1,0,-1,0,-1]","[-2,-1,0,0,0,1,1,1,-1,-1,0,1,1,1,2,1,0,1,0,1,0,-1,0,1,-1,-1,1,0,1,0,1,1,0,-1,0,-1]",t^8+22t^6+119t^4+34t^2,"[-1,-1,-1,0,0,0,1,2,-1,0,0,0,1,2,2,-1,0,2,0,1,2,1,2,1,2,1,0,-1,0,1,-1,0,3,1,2,2]","[-2,-1,0,0,0,1,1,1,2,1,2,3,1,2,2,0,1,0,2,1,2,1,0,1,0,0,-1,1,0,1,2,2,0,-1,0,-1]","[-1,-1,-1,0,0,0,1,2,-1,0,-1,0,0,0,2,-1,-1,1,1,1,1,1,0,1,0,1,1,0,1,-1,-1,0,0,1,1,-1]",c,"[[{8, 1}, {2, 7}, {3, 6}, {4, 5}], [{8, 1}, {2, 7}, {4, 6}, {3, 5}], [{8, 1}, {2, 7}, {5, 6}, {3, 4}], [{8, 1}, {2, 7}, {5, 6}, {4}, {3}], [{8, 1}, {3, 7}, {2, 6}, {4, 5}], [{8, 1}, {3, 7}, {4, 6}, {2, 5}], [{8, 1}, {3, 7}, {5, 6}, {2, 4}], [{8, 1}, {3, 7}, {5, 6}, {4}, {2}], [{8, 1}, {3, 7}, {6}, {5}, {2, 4}], [{8, 1}, {4, 7}, {2, 6}, {3, 5}], [{8, 1}, {4, 7}, {2, 6}, {5}, {3}], [{8, 1}, {4, 7}, {3, 6}, {2, 5}], [{8, 1}, {4, 7}, {3, 6}, {5}, {2}], [{8, 1}, {4, 7}, {5, 6}, {2, 3}], [{8, 1}, {4, 7}, {5, 6}, {3}, {2}], [{8, 1}, {4, 7}, {6}, {2, 5}, {3}], [{8, 1}, {4, 7}, {6}, {3, 5}, {2}], [{8, 1}, {4, 7}, {6}, {5}, {2, 3}], [{8, 1}, {5, 7}, {2, 6}, {3, 4}], [{8, 1}, {5, 7}, {3, 6}, {2, 4}], [{8, 1}, {5, 7}, {4, 6}, {2, 3}], [{8, 1}, {6, 7}, {2, 5}, {3, 4}], [{8, 1}, {6, 7}, {3, 5}, {2, 4}], [{8, 1}, {6, 7}, {4, 5}, {2, 3}], [{8, 1}, {7}, {2, 6}, {3, 5}, {4}], [{8, 1}, {7}, {3, 6}, {2, 5}, {4}], [{8, 1}, {7}, {5, 6}, {2, 4}, {3}], [{8, 1}, {7}, {5, 6}, {3, 4}, {2}], [{8, 1}, {7}, {5, 6}, {4}, {2, 3}], [{8, 1}, {7}, {5, 6}, {4}, {3}, {2}], [{8, 2}, {1, 7}, {3, 6}, {4, 5}], [{8, 2}, {1, 7}, {4, 6}, {3, 5}], [{8, 2}, {1, 7}, {5, 6}, {3, 4}], [{8, 2}, {1, 7}, {6}, {5}, {3, 4}], [{8, 2}, {3, 7}, {1, 6}, {4, 5}], [{8, 2}, {3, 7}, {4, 6}, {1, 5}], [{8, 2}, {3, 7}, {5, 6}, {1, 4}], [{8, 2}, {3, 7}, {6}, {5}, {1, 4}], [{8, 2}, {4, 7}, {1, 6}, {3, 5}], [{8, 2}, {4, 7}, {1, 6}, {5}, {3}], [{8, 2}, {4, 7}, {3, 6}, {1, 5}], [{8, 2}, {4, 7}, {3, 6}, {5}, {1}], [{8, 2}, {4, 7}, {5, 6}, {1, 3}], [{8, 2}, {4, 7}, {5, 6}, {3}, {1}], [{8, 2}, {4, 7}, {6}, {1, 5}, {3}], [{8, 2}, {4, 7}, {6}, {3, 5}, {1}], [{8, 2}, {4, 7}, {6}, {5}, {1, 3}], [{8, 2}, {4, 7}, {6}, {5}, {3}, {1}], [{8, 2}, {5, 7}, {1, 6}, {3, 4}], [{8, 2}, {5, 7}, {3, 6}, {1, 4}], [{8, 2}, {5, 7}, {4, 6}, {1, 3}], [{8, 2}, {5, 7}, {6}, {4}, {1, 3}], [{8, 2}, {6, 7}, {1, 5}, {3, 4}], [{8, 2}, {6, 7}, {3, 5}, {1, 4}], [{8, 2}, {6, 7}, {4, 5}, {1, 3}], [{8, 2}, {6, 7}, {5}, {4}, {1, 3}], [{8, 2}, {7}, {1, 6}, {3, 5}, {4}], [{8, 2}, {7}, {3, 6}, {1, 5}, {4}], [{8, 2}, {7}, {4, 6}, {5}, {1, 3}], [{8, 2}, {7}, {5, 6}, {4}, {1, 3}], [{8, 2}, {7}, {6}, {4, 5}, {1, 3}], [{8, 2}, {7}, {6}, {5}, {4}, {1, 3}], [{8, 3}, {1, 7}, {2, 6}, {4, 5}], [{8, 3}, {1, 7}, {4, 6}, {2, 5}], [{8, 3}, {1, 7}, {5, 6}, {2, 4}], [{8, 3}, {1, 7}, {6}, {4, 5}, {2}], [{8, 3}, {2, 7}, {1, 6}, {4, 5}], [{8, 3}, {2, 7}, {1, 6}, {5}, {4}], [{8, 3}, {2, 7}, {4, 6}, {1, 5}], [{8, 3}, {2, 7}, {5, 6}, {1, 4}], [{8, 3}, {4, 7}, {1, 6}, {2, 5}], [{8, 3}, {4, 7}, {1, 6}, {5}, {2}], [{8, 3}, {4, 7}, {2, 6}, {1, 5}], [{8, 3}, {4, 7}, {2, 6}, {5}, {1}], [{8, 3}, {4, 7}, {5, 6}, {1, 2}], [{8, 3}, {4, 7}, {5, 6}, {2}, {1}], [{8, 3}, {4, 7}, {6}, {1, 5}, {2}], [{8, 3}, {4, 7}, {6}, {2, 5}, {1}], [{8, 3}, {4, 7}, {6}, {5}, {1, 2}], [{8, 3}, {5, 7}, {1, 6}, {2, 4}], [{8, 3}, {5, 7}, {1, 6}, {4}, {2}], [{8, 3}, {5, 7}, {2, 6}, {1, 4}], [{8, 3}, {5, 7}, {4, 6}, {1, 2}], [{8, 3}, {6, 7}, {1, 5}, {2, 4}], [{8, 3}, {6, 7}, {2, 5}, {1, 4}], [{8, 3}, {6, 7}, {4, 5}, {1, 2}], [{8, 3}, {6, 7}, {4, 5}, {2}, {1}], [{8, 3}, {7}, {1, 6}, {2, 5}, {4}], [{8, 3}, {7}, {1, 6}, {4, 5}, {2}], [{8, 3}, {7}, {1, 6}, {5}, {2, 4}], [{8, 3}, {7}, {1, 6}, {5}, {4}, {2}], [{8, 3}, {7}, {2, 6}, {1, 5}, {4}], [{8, 3}, {7}, {5, 6}, {4}, {1, 2}], [{8, 4}, {1, 7}, {2, 6}, {3, 5}], [{8, 4}, {1, 7}, {3, 6}, {2, 5}], [{8, 4}, {1, 7}, {5, 6}, {2, 3}], [{8, 4}, {1, 7}, {6}, {3, 5}, {2}], [{8, 4}, {2, 7}, {1, 6}, {3, 5}], [{8, 4}, {2, 7}, {3, 6}, {1, 5}], [{8, 4}, {2, 7}, {5, 6}, {1, 3}], [{8, 4}, {3, 7}, {1, 6}, {2, 5}], [{8, 4}, {3, 7}, {2, 6}, {1, 5}], [{8, 4}, {3, 7}, {5, 6}, {1, 2}], [{8, 4}, {3, 7}, {5, 6}, {2}, {1}], [{8, 4}, {5, 7}, {1, 6}, {2, 3}], [{8, 4}, {5, 7}, {1, 6}, {3}, {2}], [{8, 4}, {5, 7}, {2, 6}, {1, 3}], [{8, 4}, {5, 7}, {3, 6}, {1, 2}], [{8, 4}, {6, 7}, {1, 5}, {2, 3}], [{8, 4}, {6, 7}, {2, 5}, {1, 3}], [{8, 4}, {6, 7}, {3, 5}, {1, 2}], [{8, 4}, {6, 7}, {5}, {2, 3}, {1}], [{8, 4}, {7}, {2, 6}, {3, 5}, {1}], [{8, 4}, {7}, {3, 6}, {5}, {1, 2}], [{8, 5}, {1, 7}, {2, 6}, {3, 4}], [{8, 5}, {1, 7}, {3, 6}, {2, 4}], [{8, 5}, {1, 7}, {4, 6}, {2, 3}], [{8, 5}, {2, 7}, {1, 6}, {3, 4}], [{8, 5}, {2, 7}, {3, 6}, {1, 4}], [{8, 5}, {2, 7}, {4, 6}, {1, 3}], [{8, 5}, {3, 7}, {1, 6}, {2, 4}], [{8, 5}, {3, 7}, {2, 6}, {1, 4}], [{8, 5}, {3, 7}, {4, 6}, {1, 2}], [{8, 5}, {4, 7}, {1, 6}, {2, 3}], [{8, 5}, {4, 7}, {1, 6}, {3}, {2}], [{8, 5}, {4, 7}, {2, 6}, {1, 3}], [{8, 5}, {4, 7}, {2, 6}, {3}, {1}], [{8, 5}, {4, 7}, {3, 6}, {1, 2}], [{8, 5}, {4, 7}, {3, 6}, {2}, {1}], [{8, 5}, {4, 7}, {6}, {1, 3}, {2}], [{8, 5}, {4, 7}, {6}, {2, 3}, {1}], [{8, 5}, {4, 7}, {6}, {3}, {1, 2}], [{8, 5}, {4, 7}, {6}, {3}, {2}, {1}], [{8, 5}, {6, 7}, {1, 4}, {2, 3}], [{8, 5}, {6, 7}, {2, 4}, {1, 3}], [{8, 5}, {6, 7}, {3, 4}, {1, 2}], [{8, 5}, {7}, {1, 6}, {4}, {2, 3}], [{8, 5}, {7}, {2, 6}, {4}, {1, 3}], [{8, 5}, {7}, {3, 6}, {4}, {1, 2}], [{8, 6}, {1, 7}, {2, 5}, {3, 4}], [{8, 6}, {1, 7}, {3, 5}, {2, 4}], [{8, 6}, {1, 7}, {4, 5}, {2, 3}], [{8, 6}, {2, 7}, {1, 5}, {3, 4}], [{8, 6}, {2, 7}, {3, 5}, {1, 4}], [{8, 6}, {2, 7}, {4, 5}, {1, 3}], [{8, 6}, {2, 7}, {4, 5}, {3}, {1}], [{8, 6}, {3, 7}, {1, 5}, {2, 4}], [{8, 6}, {3, 7}, {2, 5}, {1, 4}], [{8, 6}, {3, 7}, {4, 5}, {1, 2}], [{8, 6}, {3, 7}, {5}, {2, 4}, {1}], [{8, 6}, {4, 7}, {1, 5}, {2, 3}], [{8, 6}, {4, 7}, {1, 5}, {3}, {2}], [{8, 6}, {4, 7}, {2, 5}, {1, 3}], [{8, 6}, {4, 7}, {2, 5}, {3}, {1}], [{8, 6}, {4, 7}, {3, 5}, {1, 2}], [{8, 6}, {4, 7}, {3, 5}, {2}, {1}], [{8, 6}, {4, 7}, {5}, {1, 3}, {2}], [{8, 6}, {4, 7}, {5}, {2, 3}, {1}], [{8, 6}, {4, 7}, {5}, {3}, {1, 2}], [{8, 6}, {5, 7}, {1, 4}, {2, 3}], [{8, 6}, {5, 7}, {2, 4}, {1, 3}], [{8, 6}, {5, 7}, {3, 4}, {1, 2}], [{8, 6}, {7}, {1, 5}, {4}, {2, 3}], [{8, 6}, {7}, {2, 5}, {4}, {1, 3}], [{8, 6}, {7}, {3, 5}, {4}, {1, 2}], [{8, 7}, {1, 6}, {2, 5}, {3, 4}], [{8, 7}, {1, 6}, {3, 5}, {2, 4}], [{8, 7}, {1, 6}, {4, 5}, {2, 3}], [{8, 7}, {1, 6}, {5}, {2, 4}, {3}], [{8, 7}, {2, 6}, {1, 5}, {3, 4}], [{8, 7}, {2, 6}, {3, 5}, {1, 4}], [{8, 7}, {2, 6}, {3, 5}, {4}, {1}], [{8, 7}, {2, 6}, {4, 5}, {1, 3}], [{8, 7}, {2, 6}, {5}, {1, 4}, {3}], [{8, 7}, {3, 6}, {1, 5}, {2, 4}], [{8, 7}, {3, 6}, {2, 5}, {1, 4}], [{8, 7}, {3, 6}, {4, 5}, {1, 2}], [{8, 7}, {3, 6}, {5}, {4}, {1, 2}], [{8, 7}, {4, 6}, {1, 5}, {2, 3}], [{8, 7}, {4, 6}, {2, 5}, {1, 3}], [{8, 7}, {4, 6}, {3, 5}, {1, 2}], [{8, 7}, {5, 6}, {1, 4}, {2, 3}], [{8, 7}, {5, 6}, {2, 4}, {1, 3}], [{8, 7}, {5, 6}, {2, 4}, {3}, {1}], [{8, 7}, {5, 6}, {3, 4}, {1, 2}], [{8, 7}, {6}, {1, 5}, {2, 4}, {3}], [{8, 7}, {6}, {4, 5}, {2, 3}, {1}], [{8}, {1, 7}, {2, 6}, {3, 5}, {4}], [{8}, {1, 7}, {4, 6}, {5}, {2, 3}], [{8}, {1, 7}, {5, 6}, {2, 4}, {3}], [{8}, {2, 7}, {6}, {3, 5}, {1, 4}], [{8}, {3, 7}, {1, 6}, {5}, {2, 4}], [{8}, {3, 7}, {5, 6}, {1, 4}, {2}], [{8}, {4, 7}, {1, 6}, {2, 5}, {3}], [{8}, {4, 7}, {1, 6}, {3, 5}, {2}], [{8}, {4, 7}, {1, 6}, {5}, {2, 3}], [{8}, {4, 7}, {2, 6}, {1, 5}, {3}], [{8}, {4, 7}, {2, 6}, {3, 5}, {1}], [{8}, {4, 7}, {2, 6}, {5}, {1, 3}], [{8}, {4, 7}, {3, 6}, {1, 5}, {2}], [{8}, {4, 7}, {3, 6}, {2, 5}, {1}], [{8}, {4, 7}, {3, 6}, {5}, {1, 2}], [{8}, {4, 7}, {5, 6}, {1, 3}, {2}], [{8}, {4, 7}, {5, 6}, {2, 3}, {1}], [{8}, {4, 7}, {5, 6}, {3}, {1, 2}], [{8}, {4, 7}, {6}, {1, 5}, {2, 3}], [{8}, {4, 7}, {6}, {2, 5}, {1, 3}], [{8}, {4, 7}, {6}, {2, 5}, {3}, {1}], [{8}, {4, 7}, {6}, {3, 5}, {1, 2}], [{8}, {5, 7}, {1, 6}, {3, 4}, {2}], [{8}, {5, 7}, {3, 6}, {1, 4}, {2}], [{8}, {5, 7}, {3, 6}, {2, 4}, {1}], [{8}, {5, 7}, {3, 6}, {4}, {1, 2}], [{8}, {6, 7}, {1, 5}, {3, 4}, {2}], [{8}, {6, 7}, {3, 5}, {1, 4}, {2}], [{8}, {7}, {2, 6}, {3, 5}, {1, 4}], [{8}, {7}, {2, 6}, {3, 5}, {4}, {1}], [{8}, {7}, {3, 6}, {4, 5}, {1, 2}], [{8}, {7}, {3, 6}, {5}, {4}, {1, 2}]]",2,- 8 K_1^4 + 12 K_1^3 + 12 K_1^2 K_2 - 26 K_1^2 - 16 K_1 K_2 - 4 K_1 K_3 - K_1 - 2 K_2^2 + 13 K_2 + 5 K_3 + K_4 + 15,O1O2O3O4U5U3U6O7U8O6O8U4U2O5U1U7,O1O2O3U4U2U5U6O7O6U3O5O4U8U1O8U7,O1O2O3U4O5U3U5O6O7U1O8O4U8U7U2U6,c,{'O1O2O3O4U5U4O6U3U1O7O8U7O5U8U2U6'},1,"<a href=""/flatknot/8.850840"">8.850840</a>",t^9-20t^7-38t^6-6t^5+14t^4+6t^3+30t^2+10t,-t^2+2t,,
8.850841,O1O2O3O4U5U4O6U3U2O7O8U1O5U6U8U7,4,7z^3+50z^2+114z+85,7w^4z^3+50w^3z^2+114w^2z+85w,False,False,"[[ 0 -2  0  0  1 -1  0  1  1],[ 2  0  0  0  0 -1  2  2  1],[ 0  0  0  0  0 -2  1  0  0],[ 0  0  0  0  0 -1  0  0  0],[-1  0  0  0  0 -1 -1 -1 -1],[ 1  1  2  1  1  0  0 -1  0],[ 0 -2 -1  0  1  0  0  2  1],[-1 -2  0  0  1  1 -2  0  0],[-1 -1  0  0  1  0 -1  0  0]]","[[ 0  1  1  1  0  0  0 -1 -2],[-1  0  1  0  0  0 -1  0 -1],[-1 -1  0 -1  0  0 -1 -1  0],[-1  0  1  0  0  0 -2  1 -2],[ 0  0  0  0  0  0  1 -2  0],[ 0  0  0  0  0  0  0 -1  0],[ 0  1  1  2 -1  0  0  0 -2],[ 1  0  1 -1  2  1  0  0  1],[ 2  1  0  2  0  0  2 -1  0]]",True,"[-1,-1,-1,0,0,0,1,2,-1,0,0,0,1,0,1,1,0,0,1,1,0,0,0,2,-1,2,0,-1,2,0,0,1,0,0,2,-1]","[-2,-1,0,0,0,1,1,1,-1,0,0,2,0,1,2,1,2,0,1,0,-1,0,0,0,0,0,1,0,0,0,1,1,2,-1,-1,0]",t^8+26t^6+123t^4+26t^2+1,"[-2,-1,0,0,0,1,1,1,2,0,2,2,1,2,3,1,-1,0,3,2,1,1,0,-1,0,0,0,1,1,1,1,1,1,0,-1,-1]","[-1,-1,-1,0,0,0,1,2,-1,-1,0,1,1,1,3,0,-1,1,1,3,1,0,1,1,2,2,-1,0,1,0,0,-1,2,0,2,2]","[-2,-1,0,0,0,1,1,1,-1,0,0,2,0,1,2,1,2,0,1,0,-1,0,0,0,0,0,1,0,0,0,1,1,2,-1,-1,0]",c,"[[{8, 1}, {2, 7}, {3, 6}, {4, 5}], [{8, 1}, {2, 7}, {4, 6}, {3, 5}], [{8, 2}, {1, 7}, {3, 6}, {4, 5}], [{8, 7}, {3, 6}, {4, 5}, {1, 2}]]",1,- 2 K_1^2 - 4 K_1 K_2 + 2 K_1 + K_2 + 2 K_3 + 2,O1O2O3O4U5U6U7O8U4O6O5U3U2O7U1U8,O1O2O3U4U5U6U7O8O7U1O6O5U3U2O4U8,O1O2O3U4O5U2U1O6O7U3O8O4U8U7U6U5,c,{'O1O2O3O4U5U4O6U3U2O7O8U1O5U6U8U7'},1,"<a href=""/flatknot/8.850841"">8.850841</a>",t^9-28t^7-32t^6+118t^5+76t^4-150t^3+68t^2+35t-2,t^2-2t,,
8.850842,O1O2O3O4U5U4O6U3U2O7O8U1O5U7U8U6,4,8z^3+52z^2+113z+83,8w^4z^3+52w^3z^2+113w^2z+83w,False,False,"[[ 0 -2  0  0  1 -1  2 -1  1],[ 2  0  0  0  0 -1  4  0  1],[ 0  0  0  0  0 -2  1 -1 -1],[ 0  0  0  0  0 -1  0 -1 -1],[-1  0  0  0  0 -1 -1 -1 -1],[ 1  1  2  1  1  0  0 -1  0],[-2 -4 -1  0  1  0  0 -1  1],[ 1  0  1  1  1  1  1  0  1],[-1 -1  1  1  1  0 -1 -1  0]]","[[ 0  2  1  1  0  0 -1 -1 -2],[-2  0  1  1  0 -1  0 -1 -4],[-1 -1  0  1  1  1  0 -1 -1],[-1 -1 -1  0  0  0 -1 -1  0],[ 0  0 -1  0  0  0 -1 -1  0],[ 0  1 -1  0  0  0 -2 -1  0],[ 1  0  0  1  1  2  0 -1  1],[ 1  1  1  1  1  1  1  0  0],[ 2  4  1  0  0  0 -1  0  0]]",True,"[-2,-1,-1,0,0,1,1,2,-1,-1,0,1,0,1,4,-1,-1,-1,0,1,1,0,0,1,1,0,0,1,1,0,2,1,0,1,-1,0]","[-2,-1,-1,0,0,1,1,2,-1,-1,0,1,0,1,4,-1,-1,-1,0,1,1,0,0,1,1,0,0,1,1,0,2,1,0,1,-1,0]",t^8+36t^6+309t^4+52t^2+1,"[-2,-1,-1,0,0,1,1,2,1,2,2,2,2,3,0,-1,0,0,1,1,2,-1,0,2,1,3,0,2,1,1,2,1,2,-1,2,2]","[-2,-1,-1,0,0,1,1,2,2,2,1,2,2,3,0,-1,1,1,1,1,3,2,2,1,2,2,0,0,-1,2,0,0,2,1,1,2]","[-2,-1,-1,0,0,1,1,2,-1,0,0,0,0,1,4,-1,1,2,1,0,0,1,1,1,1,1,0,0,-1,0,0,-1,1,-1,-1,-1]",c,"[[{8, 2}, {3, 7}, {1, 6}, {4, 5}], [{8, 3}, {2, 7}, {1, 6}, {4, 5}], [{8, 7}, {1, 6}, {4, 5}, {2, 3}]]",1,8 K_1^2 K_2 - 8 K_1^2 - 8 K_1 K_2 - 4 K_1 K_3 + 4 K_1 - 4 K_2^2 + 2 K_2 + 4 K_3 + 2 K_4 + 5,O1O2O3O4U5U6U7O8U4O6O7U3U2O5U1U8,O1O2O3U4U5U6U7O8O7U3O6O5U1U2O4U8,O1O2O3U4O5U2U3O6O7U1O8O4U8U7U6U5,c,{'O1O2O3O4U5U4O6U3U2O7O8U1O5U7U8U6'},1,"<a href=""/flatknot/8.850842"">8.850842</a>",t^9-36t^7-28t^6+209t^5+104t^4-163t^3+92t^2+108t-24,0,,
8.850843,O1O2O3O4U5U4O6U3U2O7O8U1O5U8U6U7,4,28z^2+113z+115,28w^3z^2+113w^2z+115w,False,False,"[[ 0 -2  0  0  1 -1  1  1  0],[ 2  0  0  0  0 -1  3  2  0],[ 0  0  0  0  0 -2  1  0 -1],[ 0  0  0  0  0 -1  0  0 -1],[-1  0  0  0  0 -1 -1 -1 -1],[ 1  1  2  1  1  0  0 -1  0],[-1 -3 -1  0  1  0  0  1  0],[-1 -2  0  0  1  1 -1  0  0],[ 0  0  1  1  1  0  0  0  0]]","[[ 0  1  1  1  0  0  0 -1 -2],[-1  0  1  1  0  0 -1  0 -3],[-1 -1  0  1  0  0  0  1 -2],[-1 -1 -1  0  0 -1  0 -1  0],[ 0  0  0  0  0 -1  0 -1  0],[ 0  0  0  1  1  0  1  0  0],[ 0  1  0  0  0 -1  0 -2  0],[ 1  0 -1  1  1  0  2  0  1],[ 2  3  2  0  0  0  0 -1  0]]",True,"[-1,-1,-1,0,0,0,1,2,-1,-1,0,0,1,0,3,-1,0,0,0,-1,2,0,1,0,1,0,1,0,1,0,-1,0,0,2,0,-1]","[-2,-1,0,0,0,1,1,1,-1,0,0,0,0,2,3,0,1,2,1,-1,0,1,1,1,0,0,0,0,0,0,0,0,1,-1,-1,-1]",t^8+28t^6+169t^4+42t^2,"[-2,-1,0,0,0,1,1,1,2,2,2,2,0,1,3,-1,0,1,2,3,1,0,1,0,1,1,1,1,1,1,1,1,0,-1,-1,-1]","[-1,-1,-1,0,0,0,1,2,-1,-1,0,1,1,1,3,-1,1,1,1,3,1,1,0,1,2,0,1,1,1,2,0,-1,2,0,2,2]","[-2,-1,0,0,0,1,1,1,-1,0,0,0,0,2,3,0,1,2,1,-1,0,1,1,1,0,0,0,0,0,0,0,0,1,-1,-1,-1]",c,"[[{8, 1}, {2, 7}, {3, 6}, {4, 5}], [{8, 1}, {2, 7}, {4, 6}, {3, 5}], [{8, 1}, {2, 7}, {4, 6}, {5}, {3}], [{8, 1}, {2, 7}, {5, 6}, {3, 4}], [{8, 1}, {2, 7}, {6}, {3, 5}, {4}], [{8, 1}, {3, 7}, {2, 6}, {4, 5}], [{8, 1}, {3, 7}, {2, 6}, {5}, {4}], [{8, 1}, {3, 7}, {4, 6}, {2, 5}], [{8, 1}, {3, 7}, {5, 6}, {2, 4}], [{8, 1}, {4, 7}, {2, 6}, {3, 5}], [{8, 1}, {4, 7}, {3, 6}, {2, 5}], [{8, 1}, {4, 7}, {5, 6}, {2, 3}], [{8, 1}, {4, 7}, {5, 6}, {3}, {2}], [{8, 1}, {5, 7}, {2, 6}, {3, 4}], [{8, 1}, {5, 7}, {3, 6}, {2, 4}], [{8, 1}, {5, 7}, {4, 6}, {2, 3}], [{8, 1}, {6, 7}, {2, 5}, {3, 4}], [{8, 1}, {6, 7}, {3, 5}, {2, 4}], [{8, 1}, {6, 7}, {4, 5}, {2, 3}], [{8, 2}, {1, 7}, {3, 6}, {4, 5}], [{8, 2}, {1, 7}, {4, 6}, {3, 5}], [{8, 2}, {1, 7}, {5, 6}, {3, 4}], [{8, 2}, {3, 7}, {1, 6}, {4, 5}], [{8, 2}, {3, 7}, {4, 6}, {1, 5}], [{8, 2}, {3, 7}, {5, 6}, {1, 4}], [{8, 2}, {4, 7}, {1, 6}, {3, 5}], [{8, 2}, {4, 7}, {3, 6}, {1, 5}], [{8, 2}, {4, 7}, {3, 6}, {5}, {1}], [{8, 2}, {4, 7}, {5, 6}, {1, 3}], [{8, 2}, {5, 7}, {1, 6}, {3, 4}], [{8, 2}, {5, 7}, {3, 6}, {1, 4}], [{8, 2}, {5, 7}, {4, 6}, {1, 3}], [{8, 2}, {6, 7}, {1, 5}, {3, 4}], [{8, 2}, {6, 7}, {3, 5}, {1, 4}], [{8, 2}, {6, 7}, {4, 5}, {1, 3}], [{8, 2}, {7}, {4, 6}, {1, 5}, {3}], [{8, 2}, {7}, {6}, {3, 5}, {1, 4}], [{8, 3}, {1, 7}, {2, 6}, {4, 5}], [{8, 3}, {1, 7}, {2, 6}, {5}, {4}], [{8, 3}, {1, 7}, {4, 6}, {2, 5}], [{8, 3}, {1, 7}, {5, 6}, {2, 4}], [{8, 3}, {2, 7}, {1, 6}, {4, 5}], [{8, 3}, {2, 7}, {4, 6}, {1, 5}], [{8, 3}, {2, 7}, {5, 6}, {1, 4}], [{8, 3}, {2, 7}, {6}, {5}, {1, 4}], [{8, 3}, {4, 7}, {1, 6}, {2, 5}], [{8, 3}, {4, 7}, {2, 6}, {1, 5}], [{8, 3}, {4, 7}, {5, 6}, {1, 2}], [{8, 3}, {4, 7}, {6}, {2, 5}, {1}], [{8, 3}, {5, 7}, {1, 6}, {2, 4}], [{8, 3}, {5, 7}, {2, 6}, {1, 4}], [{8, 3}, {5, 7}, {4, 6}, {1, 2}], [{8, 3}, {6, 7}, {1, 5}, {2, 4}], [{8, 3}, {6, 7}, {2, 5}, {1, 4}], [{8, 3}, {6, 7}, {4, 5}, {1, 2}], [{8, 3}, {7}, {6}, {1, 5}, {2, 4}], [{8, 4}, {1, 7}, {2, 6}, {3, 5}], [{8, 4}, {1, 7}, {3, 6}, {2, 5}], [{8, 4}, {1, 7}, {5, 6}, {2, 3}], [{8, 4}, {1, 7}, {5, 6}, {3}, {2}], [{8, 4}, {2, 7}, {1, 6}, {3, 5}], [{8, 4}, {2, 7}, {3, 6}, {1, 5}], [{8, 4}, {2, 7}, {3, 6}, {5}, {1}], [{8, 4}, {2, 7}, {5, 6}, {1, 3}], [{8, 4}, {3, 7}, {1, 6}, {2, 5}], [{8, 4}, {3, 7}, {2, 6}, {1, 5}], [{8, 4}, {3, 7}, {5, 6}, {1, 2}], [{8, 4}, {3, 7}, {6}, {2, 5}, {1}], [{8, 4}, {5, 7}, {1, 6}, {2, 3}], [{8, 4}, {5, 7}, {2, 6}, {1, 3}], [{8, 4}, {5, 7}, {3, 6}, {1, 2}], [{8, 4}, {6, 7}, {1, 5}, {2, 3}], [{8, 4}, {6, 7}, {2, 5}, {1, 3}], [{8, 4}, {6, 7}, {3, 5}, {1, 2}], [{8, 5}, {1, 7}, {2, 6}, {3, 4}], [{8, 5}, {1, 7}, {2, 6}, {4}, {3}], [{8, 5}, {1, 7}, {3, 6}, {2, 4}], [{8, 5}, {1, 7}, {4, 6}, {2, 3}], [{8, 5}, {2, 7}, {1, 6}, {3, 4}], [{8, 5}, {2, 7}, {1, 6}, {4}, {3}], [{8, 5}, {2, 7}, {3, 6}, {1, 4}], [{8, 5}, {2, 7}, {4, 6}, {1, 3}], [{8, 5}, {3, 7}, {1, 6}, {2, 4}], [{8, 5}, {3, 7}, {2, 6}, {1, 4}], [{8, 5}, {3, 7}, {4, 6}, {1, 2}], [{8, 5}, {4, 7}, {1, 6}, {2, 3}], [{8, 5}, {4, 7}, {2, 6}, {1, 3}], [{8, 5}, {4, 7}, {2, 6}, {3}, {1}], [{8, 5}, {4, 7}, {3, 6}, {1, 2}], [{8, 5}, {6, 7}, {1, 4}, {2, 3}], [{8, 5}, {6, 7}, {2, 4}, {1, 3}], [{8, 5}, {6, 7}, {3, 4}, {1, 2}], [{8, 5}, {6, 7}, {4}, {2, 3}, {1}], [{8, 5}, {7}, {2, 6}, {1, 4}, {3}], [{8, 5}, {7}, {3, 6}, {4}, {1, 2}], [{8, 5}, {7}, {4, 6}, {3}, {1, 2}], [{8, 5}, {7}, {6}, {3, 4}, {1, 2}], [{8, 6}, {1, 7}, {2, 5}, {3, 4}], [{8, 6}, {1, 7}, {3, 5}, {2, 4}], [{8, 6}, {1, 7}, {4, 5}, {2, 3}], [{8, 6}, {2, 7}, {1, 5}, {3, 4}], [{8, 6}, {2, 7}, {3, 5}, {1, 4}], [{8, 6}, {2, 7}, {4, 5}, {1, 3}], [{8, 6}, {2, 7}, {4, 5}, {3}, {1}], [{8, 6}, {3, 7}, {1, 5}, {2, 4}], [{8, 6}, {3, 7}, {2, 5}, {1, 4}], [{8, 6}, {3, 7}, {4, 5}, {1, 2}], [{8, 6}, {4, 7}, {1, 5}, {2, 3}], [{8, 6}, {4, 7}, {2, 5}, {1, 3}], [{8, 6}, {4, 7}, {3, 5}, {1, 2}], [{8, 6}, {5, 7}, {1, 4}, {2, 3}], [{8, 6}, {5, 7}, {2, 4}, {1, 3}], [{8, 6}, {5, 7}, {3, 4}, {1, 2}], [{8, 6}, {5, 7}, {4}, {2, 3}, {1}], [{8, 7}, {1, 6}, {2, 5}, {3, 4}], [{8, 7}, {1, 6}, {3, 5}, {2, 4}], [{8, 7}, {1, 6}, {4, 5}, {2, 3}], [{8, 7}, {2, 6}, {1, 5}, {3, 4}], [{8, 7}, {2, 6}, {3, 5}, {1, 4}], [{8, 7}, {2, 6}, {4, 5}, {1, 3}], [{8, 7}, {2, 6}, {5}, {1, 4}, {3}], [{8, 7}, {2, 6}, {5}, {3, 4}, {1}], [{8, 7}, {2, 6}, {5}, {4}, {1, 3}], [{8, 7}, {3, 6}, {1, 5}, {2, 4}], [{8, 7}, {3, 6}, {2, 5}, {1, 4}], [{8, 7}, {3, 6}, {4, 5}, {1, 2}], [{8, 7}, {4, 6}, {1, 5}, {2, 3}], [{8, 7}, {4, 6}, {2, 5}, {1, 3}], [{8, 7}, {4, 6}, {3, 5}, {1, 2}], [{8, 7}, {4, 6}, {5}, {3}, {1, 2}], [{8, 7}, {5, 6}, {1, 4}, {2, 3}], [{8, 7}, {5, 6}, {1, 4}, {3}, {2}], [{8, 7}, {5, 6}, {2, 4}, {1, 3}], [{8, 7}, {5, 6}, {2, 4}, {3}, {1}], [{8, 7}, {5, 6}, {3, 4}, {1, 2}], [{8, 7}, {5, 6}, {3, 4}, {2}, {1}], [{8, 7}, {5, 6}, {4}, {1, 3}, {2}], [{8, 7}, {5, 6}, {4}, {2, 3}, {1}], [{8, 7}, {5, 6}, {4}, {3}, {1, 2}], [{8, 7}, {5, 6}, {4}, {3}, {2}, {1}], [{8, 7}, {6}, {2, 5}, {1, 4}, {3}], [{8, 7}, {6}, {2, 5}, {3, 4}, {1}], [{8, 7}, {6}, {2, 5}, {4}, {1, 3}], [{8, 7}, {6}, {4, 5}, {3}, {1, 2}], [{8}, {1, 7}, {2, 6}, {3, 5}, {4}], [{8}, {1, 7}, {3, 6}, {2, 5}, {4}], [{8}, {2, 7}, {3, 6}, {1, 5}, {4}], [{8}, {5, 7}, {1, 6}, {2, 4}, {3}], [{8}, {5, 7}, {2, 6}, {1, 4}, {3}], [{8}, {5, 7}, {4, 6}, {3}, {1, 2}]]",2,- 2 K_1^2 - 4 K_1 K_2 + 2 K_1 + K_2 + 2 K_3 + 2,O1O2O3O4U5U6U7O8U4O7O5U3U2O6U1U8,O1O2O3U4U5U6U7O8O7U2O6O5U3U1O4U8,O1O2O3U4O5U3U1O6O7U2O8O4U8U7U6U5,c,{'O1O2O3O4U5U4O6U3U2O7O8U1O5U8U6U7'},1,"<a href=""/flatknot/8.850843"">8.850843</a>",t^9-30t^7-18t^6+160t^5+44t^4-106t^3+78t^2-t,t^2-2t,,
8.850844,O1O2O3O4U5U4O6U3U2O7O8U1O5U8U7U6,4,7z^3+49z^2+109z+79,7w^4z^3+49w^3z^2+109w^2z+79w,False,False,"[[ 0 -2  0  0  1 -1  2  0  0],[ 2  0  0  0  0 -1  4  1  0],[ 0  0  0  0  0 -2  1 -1 -1],[ 0  0  0  0  0 -1  0 -1 -1],[-1  0  0  0  0 -1 -1 -1 -1],[ 1  1  2  1  1  0  0 -1  0],[-2 -4 -1  0  1  0  0  0  0],[ 0 -1  1  1  1  1  0  0  0],[ 0  0  1  1  1  0  0  0  0]]","[[ 0  2  1  0  0  0  0 -1 -2],[-2  0  1  0  0  0 -1  0 -4],[-1 -1  0  0 -1 -1  0 -1  0],[ 0  0  0  0 -1 -1  0 -1  0],[ 0  0  1  1  0  0  1  1 -1],[ 0  0  1  1  0  0  1  0  0],[ 0  1  0  0 -1 -1  0 -2  0],[ 1  0  1  1 -1  0  2  0  1],[ 2  4  0  0  1  0  0 -1  0]]",True,"[-2,-1,0,0,0,0,1,2,-1,0,0,0,1,0,4,0,1,1,0,1,0,1,1,0,1,0,0,-1,-1,1,-1,0,0,2,0,-1]","[-2,-1,0,0,0,0,1,2,-1,0,0,0,1,0,4,0,1,1,0,1,0,1,1,0,1,0,0,-1,-1,1,-1,0,0,2,0,-1]",t^8+33t^6+259t^4+87t^2+1,"[-2,-1,0,0,0,0,1,2,2,1,2,2,2,3,0,2,-1,0,1,1,3,-1,-1,0,0,2,0,1,1,1,1,1,2,0,2,2]","[-2,-1,0,0,0,0,1,2,2,1,2,2,2,3,0,1,0,0,1,1,3,-1,-1,0,-1,2,0,1,1,2,1,2,1,0,2,2]","[-2,-1,0,0,0,0,1,2,-1,0,0,0,1,0,4,0,1,2,-1,1,0,1,1,0,1,0,0,-1,0,0,-1,0,1,1,0,-1]",c,"[[{8, 3}, {2, 7}, {1, 6}, {4, 5}]]",0,1,O1O2O3O4U5U6U7O8U4O7O6U3U2O5U1U8,O1O2O3U4U5U6U7O8O7U3O6O5U2U1O4U8,O1O2O3U4O5U3U2O6O7U1O8O4U8U7U6U5,c,{'O1O2O3O4U5U4O6U3U2O7O8U1O5U8U7U6'},1,"<a href=""/flatknot/8.850844"">8.850844</a>",t^9-33t^7-10t^6+187t^5+54t^4-53t^3+140t^2-33t+2,0,,
8.850845,O1O2O3O4U5U4O6U3U2O7O8U6O5U1U7U8,4,6z^3+37z^2+72z+45,-4w^5z^3+10w^4z^3-16w^4z^2+53w^3z^2-12w^3z+84w^2z+45w,False,False,"[[ 0 -2  0  0  1 -1  0  0  2],[ 2  0  0  0  1 -1  2  1  2],[ 0  0  0  0  0 -3  2  0  0],[ 0  0  0  0  0 -2  1  0  0],[-1 -1  0  0  0 -1  0 -1 -1],[ 1  1  3  2  1  0  0 -1  0],[ 0 -2 -2 -1  0  0  0  1  2],[ 0 -1  0  0  1  1 -1  0  1],[-2 -2  0  0  1  0 -2 -1  0]]","[[ 0  2  1  0  0  0  0 -1 -2],[-2  0  1  0  0 -1 -2  0 -2],[-1 -1  0  0  0 -1  0 -1 -1],[ 0  0  0  0  0  0  2 -3  0],[ 0  0  0  0  0  0  1 -2  0],[ 0  1  1  0  0  0 -1  1 -1],[ 0  2  0 -2 -1  1  0  0 -2],[ 1  0  1  3  2 -1  0  0  1],[ 2  2  1  0  0  1  2 -1  0]]",True,"[-2,-1,0,0,0,0,1,2,-1,0,0,1,2,0,2,0,0,1,0,1,1,0,0,-2,3,0,0,-1,2,0,1,-1,1,0,2,-1]","[-2,-1,0,0,0,0,1,2,-1,0,0,1,2,0,2,0,0,1,0,1,1,0,0,-2,3,0,0,-1,2,0,1,-1,1,0,2,-1]",t^8+39t^6+322t^4+111t^2,"[-2,-1,0,0,0,0,1,2,2,0,1,2,2,2,2,1,2,-2,-1,1,3,-1,2,1,1,0,0,0,0,1,0,1,2,1,2,2]","[-2,-1,0,0,0,0,1,2,2,0,1,2,2,3,2,1,0,1,1,1,2,1,-2,-1,1,0,0,0,2,1,0,-2,2,-1,2,2]","[-2,-1,0,0,0,0,1,2,-1,0,0,1,2,1,2,2,3,-1,0,1,0,0,0,1,0,0,0,2,0,0,-1,1,1,0,2,-1]",c,"[[{8, 1}, {3, 7}, {2, 6}, {4, 5}]]",1,- 4 K_1^2 - 4 K_1 K_2 + 2 K_1 + 2 K_2 + 2 K_3 + 3,O1O2O3O4U5U6U4O7U8O5O6U3U2O8U1U7,O1O2O3U1U4U5U6O7O6U8O5O4U2U3O8U7,O1O2O3U4O5U1U2O6O7U5O8O4U8U7U6U3,c,{'O1O2O3O4U5U4O6U3U2O7O8U6O5U1U7U8'},1,"<a href=""/flatknot/8.850845"">8.850845</a>",t^9-39t^7-42t^6+238t^5+272t^4-340t^3-100t^2+173t+4,0,,
8.850846,O1O2O3O4U5U4O6U3U2O7O8U6O5U1U8U7,4,8z^3+54z^2+115z+79,8w^4z^3+54w^3z^2+115w^2z+79w,False,False,"[[ 0 -2  0  0  1 -1  0  1  1],[ 2  0  0  0  1 -1  2  2  1],[ 0  0  0  0  0 -3  2  0  0],[ 0  0  0  0  0 -2  1  0  0],[-1 -1  0  0  0 -1  0 -1 -1],[ 1  1  3  2  1  0  0 -1  0],[ 0 -2 -2 -1  0  0  0  2  1],[-1 -2  0  0  1  1 -2  0  0],[-1 -1  0  0  1  0 -1  0  0]]","[[ 0  1  1  1  0  0  0 -1 -2],[-1  0  1  0  0  0 -1  0 -1],[-1 -1  0 -1  0  0  0 -1 -1],[-1  0  1  0  0  0 -2  1 -2],[ 0  0  0  0  0  0  2 -3  0],[ 0  0  0  0  0  0  1 -2  0],[ 0  1  0  2 -2 -1  0  0 -2],[ 1  0  1 -1  3  2  0  0  1],[ 2  1  1  2  0  0  2 -1  0]]",True,"[-1,-1,-1,0,0,0,1,2,-1,0,0,0,1,0,1,1,0,0,0,1,1,0,0,2,-1,2,0,-2,3,0,-1,2,0,0,2,-1]","[-2,-1,0,0,0,1,1,1,-1,0,0,2,1,1,2,2,3,0,0,1,-1,0,1,0,0,0,2,0,0,0,1,0,2,1,0,-1]",t^8+38t^6+273t^4+110t^2+1,"[-2,-1,0,0,0,1,1,1,2,0,2,2,1,2,2,1,-2,-1,3,1,2,2,1,-1,1,0,0,1,1,1,1,1,1,-1,0,1]","[-1,-1,-1,0,0,0,1,2,-1,-1,1,1,1,1,2,0,-1,1,1,3,1,0,1,1,2,2,-2,-1,1,0,0,-2,2,-1,2,2]","[-2,-1,0,0,0,1,1,1,-1,0,0,2,1,1,2,2,3,0,0,1,-1,0,1,0,0,0,2,0,0,0,1,0,2,1,0,-1]",c,"[[{8, 1}, {2, 7}, {3, 6}, {4, 5}], [{8, 1}, {2, 7}, {4, 6}, {3, 5}], [{8, 1}, {2, 7}, {5, 6}, {3, 4}], [{8, 1}, {3, 7}, {2, 6}, {4, 5}], [{8, 1}, {3, 7}, {4, 6}, {2, 5}], [{8, 1}, {3, 7}, {5, 6}, {2, 4}], [{8, 1}, {4, 7}, {2, 6}, {3, 5}], [{8, 1}, {4, 7}, {3, 6}, {2, 5}], [{8, 1}, {4, 7}, {5, 6}, {2, 3}], [{8, 1}, {4, 7}, {5, 6}, {3}, {2}], [{8, 1}, {5, 7}, {2, 6}, {3, 4}], [{8, 1}, {5, 7}, {3, 6}, {2, 4}], [{8, 1}, {5, 7}, {4, 6}, {2, 3}], [{8, 1}, {5, 7}, {6}, {3, 4}, {2}], [{8, 1}, {6, 7}, {2, 5}, {3, 4}], [{8, 1}, {6, 7}, {2, 5}, {4}, {3}], [{8, 1}, {6, 7}, {3, 5}, {2, 4}], [{8, 1}, {6, 7}, {3, 5}, {4}, {2}], [{8, 1}, {6, 7}, {4, 5}, {2, 3}], [{8, 1}, {6, 7}, {5}, {4}, {2, 3}], [{8, 1}, {7}, {2, 6}, {5}, {3, 4}], [{8, 2}, {1, 7}, {3, 6}, {4, 5}], [{8, 2}, {1, 7}, {4, 6}, {3, 5}], [{8, 2}, {1, 7}, {5, 6}, {3, 4}], [{8, 2}, {3, 7}, {1, 6}, {4, 5}], [{8, 2}, {3, 7}, {4, 6}, {1, 5}], [{8, 2}, {3, 7}, {4, 6}, {5}, {1}], [{8, 2}, {3, 7}, {5, 6}, {1, 4}], [{8, 2}, {3, 7}, {5, 6}, {4}, {1}], [{8, 2}, {3, 7}, {6}, {4, 5}, {1}], [{8, 2}, {4, 7}, {1, 6}, {3, 5}], [{8, 2}, {4, 7}, {3, 6}, {1, 5}], [{8, 2}, {4, 7}, {5, 6}, {1, 3}], [{8, 2}, {5, 7}, {1, 6}, {3, 4}], [{8, 2}, {5, 7}, {3, 6}, {1, 4}], [{8, 2}, {5, 7}, {4, 6}, {1, 3}], [{8, 2}, {6, 7}, {1, 5}, {3, 4}], [{8, 2}, {6, 7}, {3, 5}, {1, 4}], [{8, 2}, {6, 7}, {4, 5}, {1, 3}], [{8, 2}, {7}, {3, 6}, {5}, {1, 4}], [{8, 3}, {1, 7}, {2, 6}, {4, 5}], [{8, 3}, {1, 7}, {4, 6}, {2, 5}], [{8, 3}, {1, 7}, {5, 6}, {2, 4}], [{8, 3}, {2, 7}, {1, 6}, {4, 5}], [{8, 3}, {2, 7}, {1, 6}, {5}, {4}], [{8, 3}, {2, 7}, {4, 6}, {1, 5}], [{8, 3}, {2, 7}, {4, 6}, {5}, {1}], [{8, 3}, {2, 7}, {5, 6}, {1, 4}], [{8, 3}, {2, 7}, {5, 6}, {4}, {1}], [{8, 3}, {2, 7}, {6}, {1, 5}, {4}], [{8, 3}, {2, 7}, {6}, {4, 5}, {1}], [{8, 3}, {2, 7}, {6}, {5}, {1, 4}], [{8, 3}, {2, 7}, {6}, {5}, {4}, {1}], [{8, 3}, {4, 7}, {1, 6}, {2, 5}], [{8, 3}, {4, 7}, {2, 6}, {1, 5}], [{8, 3}, {4, 7}, {5, 6}, {1, 2}], [{8, 3}, {5, 7}, {1, 6}, {2, 4}], [{8, 3}, {5, 7}, {2, 6}, {1, 4}], [{8, 3}, {5, 7}, {4, 6}, {1, 2}], [{8, 3}, {5, 7}, {6}, {1, 4}, {2}], [{8, 3}, {6, 7}, {1, 5}, {2, 4}], [{8, 3}, {6, 7}, {2, 5}, {1, 4}], [{8, 3}, {6, 7}, {4, 5}, {1, 2}], [{8, 3}, {7}, {6}, {2, 5}, {1, 4}], [{8, 4}, {1, 7}, {2, 6}, {3, 5}], [{8, 4}, {1, 7}, {2, 6}, {5}, {3}], [{8, 4}, {1, 7}, {3, 6}, {2, 5}], [{8, 4}, {1, 7}, {5, 6}, {2, 3}], [{8, 4}, {1, 7}, {5, 6}, {3}, {2}], [{8, 4}, {1, 7}, {6}, {2, 5}, {3}], [{8, 4}, {2, 7}, {1, 6}, {3, 5}], [{8, 4}, {2, 7}, {1, 6}, {5}, {3}], [{8, 4}, {2, 7}, {3, 6}, {1, 5}], [{8, 4}, {2, 7}, {5, 6}, {1, 3}], [{8, 4}, {2, 7}, {5, 6}, {3}, {1}], [{8, 4}, {2, 7}, {6}, {1, 5}, {3}], [{8, 4}, {3, 7}, {1, 6}, {2, 5}], [{8, 4}, {3, 7}, {2, 6}, {1, 5}], [{8, 4}, {3, 7}, {5, 6}, {1, 2}], [{8, 4}, {3, 7}, {5, 6}, {2}, {1}], [{8, 4}, {5, 7}, {1, 6}, {2, 3}], [{8, 4}, {5, 7}, {2, 6}, {1, 3}], [{8, 4}, {5, 7}, {3, 6}, {1, 2}], [{8, 4}, {5, 7}, {6}, {1, 3}, {2}], [{8, 4}, {6, 7}, {1, 5}, {2, 3}], [{8, 4}, {6, 7}, {2, 5}, {1, 3}], [{8, 4}, {6, 7}, {3, 5}, {1, 2}], [{8, 4}, {6, 7}, {5}, {1, 3}, {2}], [{8, 4}, {7}, {3, 6}, {5}, {1, 2}], [{8, 4}, {7}, {5, 6}, {1, 3}, {2}], [{8, 4}, {7}, {5, 6}, {2, 3}, {1}], [{8, 4}, {7}, {5, 6}, {3}, {1, 2}], [{8, 4}, {7}, {5, 6}, {3}, {2}, {1}], [{8, 4}, {7}, {6}, {3, 5}, {1, 2}], [{8, 5}, {1, 7}, {2, 6}, {3, 4}], [{8, 5}, {1, 7}, {3, 6}, {2, 4}], [{8, 5}, {1, 7}, {4, 6}, {2, 3}], [{8, 5}, {1, 7}, {6}, {2, 4}, {3}], [{8, 5}, {2, 7}, {1, 6}, {3, 4}], [{8, 5}, {2, 7}, {3, 6}, {1, 4}], [{8, 5}, {2, 7}, {4, 6}, {1, 3}], [{8, 5}, {2, 7}, {6}, {1, 4}, {3}], [{8, 5}, {3, 7}, {1, 6}, {2, 4}], [{8, 5}, {3, 7}, {2, 6}, {1, 4}], [{8, 5}, {3, 7}, {4, 6}, {1, 2}], [{8, 5}, {4, 7}, {1, 6}, {2, 3}], [{8, 5}, {4, 7}, {2, 6}, {1, 3}], [{8, 5}, {4, 7}, {3, 6}, {1, 2}], [{8, 5}, {4, 7}, {6}, {3}, {1, 2}], [{8, 5}, {6, 7}, {1, 4}, {2, 3}], [{8, 5}, {6, 7}, {2, 4}, {1, 3}], [{8, 5}, {6, 7}, {2, 4}, {3}, {1}], [{8, 5}, {6, 7}, {3, 4}, {1, 2}], [{8, 5}, {7}, {1, 6}, {2, 4}, {3}], [{8, 5}, {7}, {4, 6}, {1, 3}, {2}], [{8, 6}, {1, 7}, {2, 5}, {3, 4}], [{8, 6}, {1, 7}, {3, 5}, {2, 4}], [{8, 6}, {1, 7}, {4, 5}, {2, 3}], [{8, 6}, {2, 7}, {1, 5}, {3, 4}], [{8, 6}, {2, 7}, {3, 5}, {1, 4}], [{8, 6}, {2, 7}, {4, 5}, {1, 3}], [{8, 6}, {2, 7}, {4, 5}, {3}, {1}], [{8, 6}, {3, 7}, {1, 5}, {2, 4}], [{8, 6}, {3, 7}, {2, 5}, {1, 4}], [{8, 6}, {3, 7}, {4, 5}, {1, 2}], [{8, 6}, {4, 7}, {1, 5}, {2, 3}], [{8, 6}, {4, 7}, {2, 5}, {1, 3}], [{8, 6}, {4, 7}, {3, 5}, {1, 2}], [{8, 6}, {5, 7}, {1, 4}, {2, 3}], [{8, 6}, {5, 7}, {2, 4}, {1, 3}], [{8, 6}, {5, 7}, {3, 4}, {1, 2}], [{8, 7}, {1, 6}, {2, 5}, {3, 4}], [{8, 7}, {1, 6}, {3, 5}, {2, 4}], [{8, 7}, {1, 6}, {4, 5}, {2, 3}], [{8, 7}, {2, 6}, {1, 5}, {3, 4}], [{8, 7}, {2, 6}, {3, 5}, {1, 4}], [{8, 7}, {2, 6}, {4, 5}, {1, 3}], [{8, 7}, {2, 6}, {5}, {1, 4}, {3}], [{8, 7}, {3, 6}, {1, 5}, {2, 4}], [{8, 7}, {3, 6}, {2, 5}, {1, 4}], [{8, 7}, {3, 6}, {4, 5}, {1, 2}], [{8, 7}, {4, 6}, {1, 5}, {2, 3}], [{8, 7}, {4, 6}, {2, 5}, {1, 3}], [{8, 7}, {4, 6}, {3, 5}, {1, 2}], [{8, 7}, {5, 6}, {1, 4}, {2, 3}], [{8, 7}, {5, 6}, {1, 4}, {3}, {2}], [{8, 7}, {5, 6}, {2, 4}, {1, 3}], [{8, 7}, {5, 6}, {3, 4}, {1, 2}], [{8, 7}, {6}, {1, 5}, {2, 4}, {3}], [{8, 7}, {6}, {2, 5}, {1, 4}, {3}], [{8}, {2, 7}, {1, 6}, {5}, {3, 4}], [{8}, {2, 7}, {3, 6}, {4, 5}, {1}], [{8}, {2, 7}, {5, 6}, {3, 4}, {1}], [{8}, {2, 7}, {6}, {1, 5}, {3, 4}], [{8}, {2, 7}, {6}, {3, 5}, {1, 4}], [{8}, {3, 7}, {5, 6}, {2, 4}, {1}], [{8}, {3, 7}, {6}, {2, 5}, {1, 4}], [{8}, {5, 7}, {2, 6}, {3, 4}, {1}]]",2,2 K_1^2 - K_2,O1O2O3O4U5U6U4O7U8O6O5U3U2O8U1U7,O1O2O3U1U4U5U6O7O6U8O5O4U3U2O8U7,O1O2O3U4O5U2U1O6O7U5O8O4U8U7U6U3,c,{'O1O2O3O4U5U4O6U3U2O7O8U6O5U1U8U7'},1,"<a href=""/flatknot/8.850846"">8.850846</a>",t^9-40t^7-34t^6+264t^5+84t^4-479t^3+438t^2+26t-2,t^2-2t,,
8.850847,O1O2O3O4U5U4O6U3U2O7O8U6O5U7U1U8,4,6z^3+44z^2+111z+95,6w^4z^3+44w^3z^2+111w^2z+95w,False,False,"[[ 0 -1  0  0  1 -1  0 -1  2],[ 1  0  0  0  1 -1  1  0  2],[ 0  0  0  0  0 -3  2  0  0],[ 0  0  0  0  0 -2  1  0  0],[-1 -1  0  0  0 -1  0 -1 -1],[ 1  1  3  2  1  0  0 -2  0],[ 0 -1 -2 -1  0  0  0  1  2],[ 1  0  0  0  1  2 -1  0  1],[-2 -2  0  0  1  0 -2 -1  0]]","[[ 0  2  1  0  0  0 -1 -1 -1],[-2  0  1  0  0 -2  0 -1 -2],[-1 -1  0  0  0  0 -1 -1 -1],[ 0  0  0  0  0  2 -3  0  0],[ 0  0  0  0  0  1 -2  0  0],[ 0  2  0 -2 -1  0  0  1 -1],[ 1  0  1  3  2  0  0 -2  1],[ 1  1  1  0  0 -1  2  0  0],[ 1  2  1  0  0  1 -1  0  0]]",True,"[-2,-1,0,0,0,1,1,1,-1,0,0,2,0,1,2,0,0,0,1,1,1,0,-2,3,0,0,-1,2,0,0,0,-1,1,2,-1,0]","[-2,-1,0,0,0,1,1,1,-1,0,0,2,0,1,2,0,0,0,1,1,1,0,-2,3,0,0,-1,2,0,0,0,-1,1,2,-1,0]",t^8+38t^6+300t^4+97t^2+1,"[-1,-1,-1,0,0,0,1,2,-2,0,1,1,2,1,2,-1,-2,-1,1,1,3,1,1,0,1,1,0,-2,1,2,-1,1,2,1,0,2]","[-2,-1,0,0,0,1,1,1,2,0,2,2,1,2,3,1,1,1,1,1,1,-2,-1,0,2,1,0,1,1,-2,1,1,-1,0,-1,2]","[-1,-1,-1,0,0,0,1,2,-2,1,0,2,3,1,0,0,-1,0,0,1,1,1,0,0,1,2,-1,-2,0,2,0,0,0,0,0,-1]",c,"[[{8, 1}, {2, 7}, {3, 6}, {4, 5}], [{8, 1}, {2, 7}, {4, 6}, {3, 5}], [{8, 1}, {2, 7}, {5, 6}, {3, 4}], [{8, 1}, {2, 7}, {6}, {5}, {3, 4}], [{8, 1}, {3, 7}, {2, 6}, {4, 5}], [{8, 1}, {3, 7}, {4, 6}, {2, 5}], [{8, 1}, {3, 7}, {5, 6}, {2, 4}], [{8, 1}, {4, 7}, {2, 6}, {3, 5}], [{8, 1}, {4, 7}, {3, 6}, {2, 5}], [{8, 1}, {4, 7}, {5, 6}, {2, 3}], [{8, 1}, {4, 7}, {5, 6}, {3}, {2}], [{8, 1}, {5, 7}, {2, 6}, {3, 4}], [{8, 1}, {5, 7}, {3, 6}, {2, 4}], [{8, 1}, {5, 7}, {4, 6}, {2, 3}], [{8, 1}, {6, 7}, {2, 5}, {3, 4}], [{8, 1}, {6, 7}, {3, 5}, {2, 4}], [{8, 1}, {6, 7}, {4, 5}, {2, 3}], [{8, 1}, {7}, {2, 6}, {4, 5}, {3}], [{8, 2}, {1, 7}, {3, 6}, {4, 5}], [{8, 2}, {1, 7}, {4, 6}, {3, 5}], [{8, 2}, {1, 7}, {5, 6}, {3, 4}], [{8, 2}, {3, 7}, {1, 6}, {4, 5}], [{8, 2}, {3, 7}, {4, 6}, {1, 5}], [{8, 2}, {3, 7}, {4, 6}, {5}, {1}], [{8, 2}, {3, 7}, {5, 6}, {1, 4}], [{8, 2}, {3, 7}, {5, 6}, {4}, {1}], [{8, 2}, {3, 7}, {6}, {4, 5}, {1}], [{8, 2}, {4, 7}, {1, 6}, {3, 5}], [{8, 2}, {4, 7}, {3, 6}, {1, 5}], [{8, 2}, {4, 7}, {5, 6}, {1, 3}], [{8, 2}, {5, 7}, {1, 6}, {3, 4}], [{8, 2}, {5, 7}, {3, 6}, {1, 4}], [{8, 2}, {5, 7}, {4, 6}, {1, 3}], [{8, 2}, {5, 7}, {6}, {1, 4}, {3}], [{8, 2}, {6, 7}, {1, 5}, {3, 4}], [{8, 2}, {6, 7}, {3, 5}, {1, 4}], [{8, 2}, {6, 7}, {4, 5}, {1, 3}], [{8, 3}, {1, 7}, {2, 6}, {4, 5}], [{8, 3}, {1, 7}, {4, 6}, {2, 5}], [{8, 3}, {1, 7}, {5, 6}, {2, 4}], [{8, 3}, {2, 7}, {1, 6}, {4, 5}], [{8, 3}, {2, 7}, {4, 6}, {1, 5}], [{8, 3}, {2, 7}, {4, 6}, {5}, {1}], [{8, 3}, {2, 7}, {5, 6}, {1, 4}], [{8, 3}, {2, 7}, {5, 6}, {4}, {1}], [{8, 3}, {2, 7}, {6}, {4, 5}, {1}], [{8, 3}, {4, 7}, {1, 6}, {2, 5}], [{8, 3}, {4, 7}, {2, 6}, {1, 5}], [{8, 3}, {4, 7}, {5, 6}, {1, 2}], [{8, 3}, {5, 7}, {1, 6}, {2, 4}], [{8, 3}, {5, 7}, {2, 6}, {1, 4}], [{8, 3}, {5, 7}, {2, 6}, {4}, {1}], [{8, 3}, {5, 7}, {4, 6}, {1, 2}], [{8, 3}, {6, 7}, {1, 5}, {2, 4}], [{8, 3}, {6, 7}, {2, 5}, {1, 4}], [{8, 3}, {6, 7}, {4, 5}, {1, 2}], [{8, 4}, {1, 7}, {2, 6}, {3, 5}], [{8, 4}, {1, 7}, {3, 6}, {2, 5}], [{8, 4}, {1, 7}, {3, 6}, {5}, {2}], [{8, 4}, {1, 7}, {5, 6}, {2, 3}], [{8, 4}, {1, 7}, {5, 6}, {3}, {2}], [{8, 4}, {1, 7}, {6}, {3, 5}, {2}], [{8, 4}, {2, 7}, {1, 6}, {3, 5}], [{8, 4}, {2, 7}, {3, 6}, {1, 5}], [{8, 4}, {2, 7}, {5, 6}, {1, 3}], [{8, 4}, {2, 7}, {6}, {3, 5}, {1}], [{8, 4}, {3, 7}, {1, 6}, {2, 5}], [{8, 4}, {3, 7}, {2, 6}, {1, 5}], [{8, 4}, {3, 7}, {5, 6}, {1, 2}], [{8, 4}, {5, 7}, {1, 6}, {2, 3}], [{8, 4}, {5, 7}, {2, 6}, {1, 3}], [{8, 4}, {5, 7}, {3, 6}, {1, 2}], [{8, 4}, {5, 7}, {6}, {1, 3}, {2}], [{8, 4}, {6, 7}, {1, 5}, {2, 3}], [{8, 4}, {6, 7}, {2, 5}, {1, 3}], [{8, 4}, {6, 7}, {3, 5}, {1, 2}], [{8, 4}, {7}, {2, 6}, {5}, {1, 3}], [{8, 4}, {7}, {6}, {3, 5}, {1, 2}], [{8, 5}, {1, 7}, {2, 6}, {3, 4}], [{8, 5}, {1, 7}, {3, 6}, {2, 4}], [{8, 5}, {1, 7}, {4, 6}, {2, 3}], [{8, 5}, {1, 7}, {6}, {2, 4}, {3}], [{8, 5}, {2, 7}, {1, 6}, {3, 4}], [{8, 5}, {2, 7}, {3, 6}, {1, 4}], [{8, 5}, {2, 7}, {4, 6}, {1, 3}], [{8, 5}, {2, 7}, {6}, {1, 4}, {3}], [{8, 5}, {3, 7}, {1, 6}, {2, 4}], [{8, 5}, {3, 7}, {2, 6}, {1, 4}], [{8, 5}, {3, 7}, {4, 6}, {1, 2}], [{8, 5}, {4, 7}, {1, 6}, {2, 3}], [{8, 5}, {4, 7}, {1, 6}, {3}, {2}], [{8, 5}, {4, 7}, {2, 6}, {1, 3}], [{8, 5}, {4, 7}, {3, 6}, {1, 2}], [{8, 5}, {6, 7}, {1, 4}, {2, 3}], [{8, 5}, {6, 7}, {1, 4}, {3}, {2}], [{8, 5}, {6, 7}, {2, 4}, {1, 3}], [{8, 5}, {6, 7}, {3, 4}, {1, 2}], [{8, 5}, {7}, {2, 6}, {1, 4}, {3}], [{8, 6}, {1, 7}, {2, 5}, {3, 4}], [{8, 6}, {1, 7}, {3, 5}, {2, 4}], [{8, 6}, {1, 7}, {4, 5}, {2, 3}], [{8, 6}, {2, 7}, {1, 5}, {3, 4}], [{8, 6}, {2, 7}, {3, 5}, {1, 4}], [{8, 6}, {2, 7}, {4, 5}, {1, 3}], [{8, 6}, {3, 7}, {1, 5}, {2, 4}], [{8, 6}, {3, 7}, {2, 5}, {1, 4}], [{8, 6}, {3, 7}, {4, 5}, {1, 2}], [{8, 6}, {4, 7}, {1, 5}, {2, 3}], [{8, 6}, {4, 7}, {1, 5}, {3}, {2}], [{8, 6}, {4, 7}, {2, 5}, {1, 3}], [{8, 6}, {4, 7}, {3, 5}, {1, 2}], [{8, 6}, {5, 7}, {1, 4}, {2, 3}], [{8, 6}, {5, 7}, {1, 4}, {3}, {2}], [{8, 6}, {5, 7}, {2, 4}, {1, 3}], [{8, 6}, {5, 7}, {2, 4}, {3}, {1}], [{8, 6}, {5, 7}, {3, 4}, {1, 2}], [{8, 6}, {5, 7}, {4}, {3}, {1, 2}], [{8, 7}, {1, 6}, {2, 5}, {3, 4}], [{8, 7}, {1, 6}, {3, 5}, {2, 4}], [{8, 7}, {1, 6}, {4, 5}, {2, 3}], [{8, 7}, {1, 6}, {5}, {2, 4}, {3}], [{8, 7}, {2, 6}, {1, 5}, {3, 4}], [{8, 7}, {2, 6}, {1, 5}, {4}, {3}], [{8, 7}, {2, 6}, {3, 5}, {1, 4}], [{8, 7}, {2, 6}, {4, 5}, {1, 3}], [{8, 7}, {2, 6}, {4, 5}, {3}, {1}], [{8, 7}, {2, 6}, {5}, {1, 4}, {3}], [{8, 7}, {3, 6}, {1, 5}, {2, 4}], [{8, 7}, {3, 6}, {2, 5}, {1, 4}], [{8, 7}, {3, 6}, {4, 5}, {1, 2}], [{8, 7}, {3, 6}, {5}, {2, 4}, {1}], [{8, 7}, {4, 6}, {1, 5}, {2, 3}], [{8, 7}, {4, 6}, {2, 5}, {1, 3}], [{8, 7}, {4, 6}, {3, 5}, {1, 2}], [{8, 7}, {5, 6}, {1, 4}, {2, 3}], [{8, 7}, {5, 6}, {1, 4}, {3}, {2}], [{8, 7}, {5, 6}, {2, 4}, {1, 3}], [{8, 7}, {5, 6}, {3, 4}, {1, 2}], [{8, 7}, {6}, {2, 5}, {1, 4}, {3}], [{8, 7}, {6}, {5}, {2, 4}, {1, 3}], [{8}, {1, 7}, {2, 6}, {4, 5}, {3}], [{8}, {3, 7}, {4, 6}, {1, 5}, {2}], [{8}, {4, 7}, {3, 6}, {5}, {1, 2}], [{8}, {4, 7}, {6}, {2, 5}, {1, 3}], [{8}, {5, 7}, {2, 6}, {1, 4}, {3}]]",2,4 K_1^2 K_2 - 4 K_1^2 - 4 K_1 K_2 - 6 K_1 K_3 + 2 K_1 - 2 K_2^2 + 3 K_2 + 2 K_3 + 3 K_4 + 3,O1O2O3O4U5U4U6O7U8O5O6U3U2O8U1U7,O1O2O3U2U4U5U6O7O6U8O5O4U1U3O8U7,O1O2O3U4O5U1U3O6O7U5O8O4U8U7U6U2,c,{'O1O2O3O4U5U4O6U3U2O7O8U6O5U7U1U8'},1,"<a href=""/flatknot/8.850847"">8.850847</a>",t^9-36t^7-26t^6+179t^5+92t^4-331t^3-62t^2+6t,-t^2+2t,,
8.850848,O1O2O3O4U5U4O6U3U2O7O8U6O5U8U1U7,4,4z^3+27z^2+68z+61,4w^4z^3+27w^3z^2+68w^2z+61w,False,False,"[[ 0 -1  0  0  1 -1  0  1  0],[ 1  0  0  0  1 -1  1  1  0],[ 0  0  0  0  0 -3  2  0  0],[ 0  0  0  0  0 -2  1  0  0],[-1 -1  0  0  0 -1  0 -1 -1],[ 1  1  3  2  1  0  0 -1 -1],[ 0 -1 -2 -1  0  0  0  2  1],[-1 -1  0  0  1  1 -2  0  0],[ 0  0  0  0  1  1 -1  0  0]]","[[ 0  1  1  0  0  0  0 -1 -1],[-1  0  1  0  0  0 -2  1 -1],[-1 -1  0  0  0 -1  0 -1 -1],[ 0  0  0  0  0  0  2 -3  0],[ 0  0  0  0  0  0  1 -2  0],[ 0  0  1  0  0  0 -1  1  0],[ 0  2  0 -2 -1  1  0  0 -1],[ 1 -1  1  3  2 -1  0  0  1],[ 1  1  1  0  0  0  1 -1  0]]",True,"[-1,-1,0,0,0,0,1,1,-1,0,0,0,2,-1,1,0,0,1,0,1,1,0,0,-2,3,0,0,-1,2,0,1,-1,0,0,1,-1]","[-1,-1,0,0,0,0,1,1,-1,-2,-1,1,2,1,3,1,1,0,1,1,1,0,-2,0,1,1,-1,0,1,1,-1,1,-1,0,1,1]",t^8+32t^6+145t^4+64t^2+1,"[-1,-1,0,0,0,0,1,1,-1,-2,-1,1,2,1,3,1,1,0,1,1,1,0,-2,0,1,1,-1,0,1,1,-1,1,-1,0,1,1]","[-1,-1,0,0,0,0,1,1,-1,0,1,1,1,1,1,1,-1,1,1,1,3,-1,0,0,1,2,-2,-1,0,1,0,1,-2,1,-1,-1]","[-1,-1,0,0,0,0,1,1,-1,0,0,0,1,1,1,-1,2,3,0,-1,1,0,0,-1,0,1,0,1,0,0,2,0,0,2,0,1]",c,"[[{8, 2}, {5, 7}, {3, 6}, {1, 4}], [{8, 3}, {1, 7}, {2, 6}, {4, 5}], [{8}, {1, 7}, {2, 6}, {4, 5}, {3}]]",1,- 4 K_1^2 + 2 K_2 + 3,O1O2O3O4U5U4U6O7U8O6O5U3U2O8U1U7,O1O2O3U2U4U5U6O7O6U8O5O4U3U1O8U7,O1O2O3U4O5U3U1O6O7U5O8O4U8U7U6U2,c,"{'O1O2O3O4U5U4O6U3U2O7O8U6O5U8U1U7', 'O1O2O3U4U3O5U2U1O6O7U5O4U8U6O8U7'}",2,"<a href=""/flatknot/8.850848"">8.850848</a>",t^9-32t^7-14t^6+107t^5-8t^4-104t^3+2t^2+34t,0,,
8.850849,O1O2O3O4U5U4O6U3U2O7O8U7O5U1U6U8,3,22z^2+101z+115,22w^3z^2+101w^2z+115w,False,False,"[[ 0 -2  0  0  1 -1  1 -1  2],[ 2  0  1  1  1 -1  2  0  2],[ 0 -1  0  0  0 -2  1  0  0],[ 0 -1  0  0  0 -1  0  0  0],[-1 -1  0  0  0 -1 -1  0 -1],[ 1  1  2  1  1  0  1 -1  0],[-1 -2 -1  0  1 -1  0  0  2],[ 1  0  0  0  0  1  0  0  1],[-2 -2  0  0  1  0 -2 -1  0]]","[[ 0  2  1  1  0  0 -1 -1 -2],[-2  0  1 -2  0  0  0 -1 -2],[-1 -1  0 -1  0  0 -1  0 -1],[-1  2  1  0  0 -1 -1  0 -2],[ 0  0  0  0  0  0 -1  0 -1],[ 0  0  0  1  0  0 -2  0 -1],[ 1  0  1  1  1  2  0 -1  1],[ 1  1  0  0  0  0  1  0  0],[ 2  2  1  2  1  1 -1  0  0]]",True,"[-2,-1,-1,0,0,1,1,2,-1,2,0,0,0,1,2,1,0,0,1,0,1,0,1,1,0,2,0,1,0,1,2,0,1,1,-1,0]","[-2,-1,-1,0,0,1,1,2,-1,0,1,1,1,2,2,-1,1,2,1,1,0,0,0,0,0,1,0,0,0,0,0,1,0,-1,-1,2]",t^8+28t^6+159t^4+38t^2,"[-2,-1,-1,0,0,1,1,2,1,2,1,1,1,2,2,-1,1,1,2,2,2,-1,0,1,1,3,0,0,1,2,1,1,2,-1,-1,2]","[-2,-1,-1,0,0,1,1,2,-1,2,2,2,2,3,2,1,0,1,2,1,1,1,1,2,1,2,0,1,-1,1,1,0,1,1,1,2]","[-2,-1,-1,0,0,1,1,2,-1,0,1,1,1,2,2,-1,1,2,1,1,0,0,0,0,0,1,0,0,0,0,0,1,0,-1,-1,2]",c,"[[{8, 1}, {4, 7}, {5, 6}, {2, 3}], [{8, 1}, {4, 7}, {5, 6}, {3}, {2}], [{8, 1}, {6, 7}, {4, 5}, {2, 3}]]",1,4 K_1^2 K_2 - 2 K_1^2 - 8 K_1 K_2 - 6 K_1 K_3 + 4 K_1 - 2 K_2^2 + 2 K_2 + 4 K_3 + 3 K_4 + 2,O1O2O3O4U5U6U4O7U8O5O8U3U2O6U1U7,O1O2O3U1U4U5U6O7O6U2O5O4U8U3O8U7,O1O2O3U4O5U1U5O6O7U2O8O4U8U7U6U3,c,{'O1O2O3O4U5U4O6U3U2O7O8U7O5U1U6U8'},1,"<a href=""/flatknot/8.850849"">8.850849</a>",t^9-28t^7-42t^6+77t^5+4t^4-283t^3-20t^2+28t,0,,
8.850850,O1O2O3O4U5U4O6U3U2O7O8U7O5U1U8U6,4,z^3+25z^2+99z+107,w^4z^3+25w^3z^2+99w^2z+107w,False,False,"[[ 0 -2  0  0  1 -1  2 -1  1],[ 2  0  1  1  1 -1  3  0  1],[ 0 -1  0  0  0 -2  1  0 -1],[ 0 -1  0  0  0 -1  0  0 -1],[-1 -1  0  0  0 -1 -1  0 -1],[ 1  1  2  1  1  0  1 -1  0],[-2 -3 -1  0  1 -1  0 -1  1],[ 1  0  0  0  0  1  1  0  1],[-1 -1  1  1  1  0 -1 -1  0]]","[[ 0  2  1  1  0  0 -1 -1 -2],[-2  0  1  1  0 -1 -1 -1 -3],[-1 -1  0  1  1  1  0 -1 -1],[-1 -1 -1  0  0  0 -1  0 -1],[ 0  0 -1  0  0  0 -1  0 -1],[ 0  1 -1  0  0  0 -2  0 -1],[ 1  1  0  1  1  2  0 -1  1],[ 1  1  1  0  0  0  1  0  0],[ 2  3  1  1  1  1 -1  0  0]]",True,"[-2,-1,-1,0,0,1,1,2,-1,-1,0,1,1,1,3,-1,-1,-1,0,1,1,0,0,1,0,1,0,1,0,1,2,0,1,1,-1,0]","[-2,-1,-1,0,0,1,1,2,-1,-1,0,1,1,1,3,-1,-1,-1,0,1,1,0,0,1,0,1,0,1,0,1,2,0,1,1,-1,0]",t^8+30t^6+193t^4+70t^2+1,"[-2,-1,-1,0,0,1,1,2,1,2,1,1,2,2,1,-1,1,1,1,2,2,-1,0,2,1,2,0,2,1,1,2,1,2,-1,2,2]","[-2,-1,-1,0,0,1,1,2,2,2,1,2,2,2,1,-1,1,1,1,2,2,2,2,2,1,2,0,-1,1,1,0,1,1,-1,2,1]","[-2,-1,-1,0,0,1,1,2,-1,0,1,1,1,1,3,-1,1,2,0,1,1,0,0,1,0,1,0,-1,0,0,-1,0,1,1,-1,-1]",c,"[[{8, 1}, {2, 7}, {3, 6}, {4, 5}], [{8, 1}, {2, 7}, {4, 6}, {3, 5}], [{8, 1}, {2, 7}, {5, 6}, {3, 4}], [{8, 1}, {2, 7}, {6}, {5}, {3, 4}], [{8, 1}, {3, 7}, {2, 6}, {4, 5}], [{8, 1}, {3, 7}, {4, 6}, {2, 5}], [{8, 1}, {3, 7}, {5, 6}, {2, 4}], [{8, 1}, {3, 7}, {6}, {2, 5}, {4}], [{8, 1}, {4, 7}, {2, 6}, {3, 5}], [{8, 1}, {4, 7}, {3, 6}, {2, 5}], [{8, 1}, {4, 7}, {5, 6}, {2, 3}], [{8, 1}, {4, 7}, {5, 6}, {3}, {2}], [{8, 1}, {5, 7}, {2, 6}, {3, 4}], [{8, 1}, {5, 7}, {3, 6}, {2, 4}], [{8, 1}, {5, 7}, {4, 6}, {2, 3}], [{8, 1}, {5, 7}, {6}, {4}, {2, 3}], [{8, 1}, {6, 7}, {2, 5}, {3, 4}], [{8, 1}, {6, 7}, {2, 5}, {4}, {3}], [{8, 1}, {6, 7}, {3, 5}, {2, 4}], [{8, 1}, {6, 7}, {4, 5}, {2, 3}], [{8, 1}, {7}, {2, 6}, {3, 5}, {4}], [{8, 1}, {7}, {3, 6}, {2, 5}, {4}], [{8, 2}, {1, 7}, {3, 6}, {4, 5}], [{8, 2}, {1, 7}, {4, 6}, {3, 5}], [{8, 2}, {1, 7}, {5, 6}, {3, 4}], [{8, 2}, {1, 7}, {6}, {3, 5}, {4}], [{8, 2}, {3, 7}, {1, 6}, {4, 5}], [{8, 2}, {3, 7}, {1, 6}, {5}, {4}], [{8, 2}, {3, 7}, {4, 6}, {1, 5}], [{8, 2}, {3, 7}, {5, 6}, {1, 4}], [{8, 2}, {3, 7}, {5, 6}, {4}, {1}], [{8, 2}, {3, 7}, {6}, {1, 5}, {4}], [{8, 2}, {4, 7}, {1, 6}, {3, 5}], [{8, 2}, {4, 7}, {3, 6}, {1, 5}], [{8, 2}, {4, 7}, {5, 6}, {1, 3}], [{8, 2}, {4, 7}, {5, 6}, {3}, {1}], [{8, 2}, {5, 7}, {1, 6}, {3, 4}], [{8, 2}, {5, 7}, {3, 6}, {1, 4}], [{8, 2}, {5, 7}, {4, 6}, {1, 3}], [{8, 2}, {6, 7}, {1, 5}, {3, 4}], [{8, 2}, {6, 7}, {1, 5}, {4}, {3}], [{8, 2}, {6, 7}, {3, 5}, {1, 4}], [{8, 2}, {6, 7}, {4, 5}, {1, 3}], [{8, 2}, {7}, {3, 6}, {1, 5}, {4}], [{8, 2}, {7}, {3, 6}, {4, 5}, {1}], [{8, 2}, {7}, {3, 6}, {5}, {1, 4}], [{8, 2}, {7}, {4, 6}, {3, 5}, {1}], [{8, 2}, {7}, {5, 6}, {3, 4}, {1}], [{8, 3}, {1, 7}, {2, 6}, {4, 5}], [{8, 3}, {1, 7}, {4, 6}, {2, 5}], [{8, 3}, {1, 7}, {5, 6}, {2, 4}], [{8, 3}, {2, 7}, {1, 6}, {4, 5}], [{8, 3}, {2, 7}, {4, 6}, {1, 5}], [{8, 3}, {2, 7}, {5, 6}, {1, 4}], [{8, 3}, {2, 7}, {5, 6}, {4}, {1}], [{8, 3}, {2, 7}, {6}, {5}, {1, 4}], [{8, 3}, {4, 7}, {1, 6}, {2, 5}], [{8, 3}, {4, 7}, {2, 6}, {1, 5}], [{8, 3}, {4, 7}, {5, 6}, {1, 2}], [{8, 3}, {4, 7}, {5, 6}, {2}, {1}], [{8, 3}, {5, 7}, {1, 6}, {2, 4}], [{8, 3}, {5, 7}, {2, 6}, {1, 4}], [{8, 3}, {5, 7}, {4, 6}, {1, 2}], [{8, 3}, {6, 7}, {1, 5}, {2, 4}], [{8, 3}, {6, 7}, {2, 5}, {1, 4}], [{8, 3}, {6, 7}, {4, 5}, {1, 2}], [{8, 3}, {7}, {2, 6}, {4, 5}, {1}], [{8, 3}, {7}, {4, 6}, {2, 5}, {1}], [{8, 3}, {7}, {5, 6}, {2, 4}, {1}], [{8, 4}, {1, 7}, {2, 6}, {3, 5}], [{8, 4}, {1, 7}, {3, 6}, {2, 5}], [{8, 4}, {1, 7}, {3, 6}, {5}, {2}], [{8, 4}, {1, 7}, {5, 6}, {2, 3}], [{8, 4}, {1, 7}, {5, 6}, {3}, {2}], [{8, 4}, {1, 7}, {6}, {3, 5}, {2}], [{8, 4}, {2, 7}, {1, 6}, {3, 5}], [{8, 4}, {2, 7}, {1, 6}, {5}, {3}], [{8, 4}, {2, 7}, {3, 6}, {1, 5}], [{8, 4}, {2, 7}, {5, 6}, {1, 3}], [{8, 4}, {2, 7}, {6}, {3, 5}, {1}], [{8, 4}, {3, 7}, {1, 6}, {2, 5}], [{8, 4}, {3, 7}, {2, 6}, {1, 5}], [{8, 4}, {3, 7}, {5, 6}, {1, 2}], [{8, 4}, {5, 7}, {1, 6}, {2, 3}], [{8, 4}, {5, 7}, {2, 6}, {1, 3}], [{8, 4}, {5, 7}, {3, 6}, {1, 2}], [{8, 4}, {5, 7}, {6}, {2, 3}, {1}], [{8, 4}, {6, 7}, {1, 5}, {2, 3}], [{8, 4}, {6, 7}, {2, 5}, {1, 3}], [{8, 4}, {6, 7}, {2, 5}, {3}, {1}], [{8, 4}, {6, 7}, {3, 5}, {1, 2}], [{8, 4}, {7}, {2, 6}, {5}, {1, 3}], [{8, 4}, {7}, {6}, {3, 5}, {1, 2}], [{8, 5}, {1, 7}, {2, 6}, {3, 4}], [{8, 5}, {1, 7}, {3, 6}, {2, 4}], [{8, 5}, {1, 7}, {4, 6}, {2, 3}], [{8, 5}, {2, 7}, {1, 6}, {3, 4}], [{8, 5}, {2, 7}, {3, 6}, {1, 4}], [{8, 5}, {2, 7}, {3, 6}, {4}, {1}], [{8, 5}, {2, 7}, {4, 6}, {1, 3}], [{8, 5}, {3, 7}, {1, 6}, {2, 4}], [{8, 5}, {3, 7}, {2, 6}, {1, 4}], [{8, 5}, {3, 7}, {4, 6}, {1, 2}], [{8, 5}, {4, 7}, {1, 6}, {2, 3}], [{8, 5}, {4, 7}, {1, 6}, {3}, {2}], [{8, 5}, {4, 7}, {2, 6}, {1, 3}], [{8, 5}, {4, 7}, {3, 6}, {1, 2}], [{8, 5}, {6, 7}, {1, 4}, {2, 3}], [{8, 5}, {6, 7}, {2, 4}, {1, 3}], [{8, 5}, {6, 7}, {3, 4}, {1, 2}], [{8, 6}, {1, 7}, {2, 5}, {3, 4}], [{8, 6}, {1, 7}, {3, 5}, {2, 4}], [{8, 6}, {1, 7}, {4, 5}, {2, 3}], [{8, 6}, {2, 7}, {1, 5}, {3, 4}], [{8, 6}, {2, 7}, {3, 5}, {1, 4}], [{8, 6}, {2, 7}, {4, 5}, {1, 3}], [{8, 6}, {2, 7}, {5}, {4}, {1, 3}], [{8, 6}, {3, 7}, {1, 5}, {2, 4}], [{8, 6}, {3, 7}, {2, 5}, {1, 4}], [{8, 6}, {3, 7}, {4, 5}, {1, 2}], [{8, 6}, {4, 7}, {1, 5}, {2, 3}], [{8, 6}, {4, 7}, {1, 5}, {3}, {2}], [{8, 6}, {4, 7}, {2, 5}, {1, 3}], [{8, 6}, {4, 7}, {3, 5}, {1, 2}], [{8, 6}, {5, 7}, {1, 4}, {2, 3}], [{8, 6}, {5, 7}, {2, 4}, {1, 3}], [{8, 6}, {5, 7}, {3, 4}, {1, 2}], [{8, 6}, {5, 7}, {4}, {2, 3}, {1}], [{8, 7}, {1, 6}, {2, 5}, {3, 4}], [{8, 7}, {1, 6}, {3, 5}, {2, 4}], [{8, 7}, {1, 6}, {4, 5}, {2, 3}], [{8, 7}, {1, 6}, {4, 5}, {3}, {2}], [{8, 7}, {2, 6}, {1, 5}, {3, 4}], [{8, 7}, {2, 6}, {3, 5}, {1, 4}], [{8, 7}, {2, 6}, {4, 5}, {1, 3}], [{8, 7}, {3, 6}, {1, 5}, {2, 4}], [{8, 7}, {3, 6}, {2, 5}, {1, 4}], [{8, 7}, {3, 6}, {4, 5}, {1, 2}], [{8, 7}, {3, 6}, {5}, {4}, {1, 2}], [{8, 7}, {4, 6}, {1, 5}, {2, 3}], [{8, 7}, {4, 6}, {1, 5}, {3}, {2}], [{8, 7}, {4, 6}, {2, 5}, {1, 3}], [{8, 7}, {4, 6}, {3, 5}, {1, 2}], [{8, 7}, {5, 6}, {1, 4}, {2, 3}], [{8, 7}, {5, 6}, {1, 4}, {3}, {2}], [{8, 7}, {5, 6}, {2, 4}, {1, 3}], [{8, 7}, {5, 6}, {3, 4}, {1, 2}], [{8}, {1, 7}, {6}, {3, 5}, {2, 4}], [{8}, {4, 7}, {5, 6}, {1, 3}, {2}], [{8}, {4, 7}, {5, 6}, {2, 3}, {1}], [{8}, {4, 7}, {5, 6}, {3}, {1, 2}], [{8}, {4, 7}, {5, 6}, {3}, {2}, {1}], [{8}, {5, 7}, {1, 6}, {4}, {2, 3}], [{8}, {5, 7}, {4, 6}, {1, 3}, {2}], [{8}, {5, 7}, {4, 6}, {2, 3}, {1}], [{8}, {5, 7}, {4, 6}, {3}, {1, 2}], [{8}, {5, 7}, {6}, {1, 4}, {2, 3}], [{8}, {5, 7}, {6}, {4}, {2, 3}, {1}], [{8}, {6, 7}, {2, 5}, {1, 4}, {3}], [{8}, {6, 7}, {4, 5}, {1, 3}, {2}], [{8}, {6, 7}, {4, 5}, {2, 3}, {1}], [{8}, {6, 7}, {4, 5}, {3}, {1, 2}]]",2,4 K_1^2 K_2 - 2 K_1^2 - 8 K_1 K_2 - 6 K_1 K_3 + 4 K_1 - 2 K_2^2 + 2 K_2 + 4 K_3 + 3 K_4 + 2,O1O2O3O4U5U6U4O7U8O6O8U3U2O5U1U7,O1O2O3U1U4U5U6O7O6U3O5O4U8U2O8U7,O1O2O3U4O5U2U5O6O7U1O8O4U8U7U6U3,c,{'O1O2O3O4U5U4O6U3U2O7O8U7O5U1U8U6'},1,"<a href=""/flatknot/8.850850"">8.850850</a>",t^9-30t^7-48t^6+41t^5-54t^4-73t^3+42t^2+8t-4,0,,
8.850851,O1O2O3O4U5U4O6U3U2O7O8U7O5U6U1U8,4,6z^3+47z^2+114z+89,6w^4z^3+47w^3z^2+114w^2z+89w,False,False,"[[ 0 -1  0  0  1 -1  0 -1  2],[ 1  0  0  0  1 -1  1  0  2],[ 0  0  0  0  0 -2  1  0  0],[ 0  0  0  0  0 -1  0  0  0],[-1 -1  0  0  0 -1 -1  0 -1],[ 1  1  2  1  1  0  0 -1  0],[ 0 -1 -1  0  1  0  0  0  2],[ 1  0  0  0  0  1  0  0  1],[-2 -2  0  0  1  0 -2 -1  0]]","[[ 0  2  1  0  0  0 -1 -1 -1],[-2  0  1  0  0 -2  0 -1 -2],[-1 -1  0  0  0 -1 -1  0 -1],[ 0  0  0  0  0  1 -2  0  0],[ 0  0  0  0  0  0 -1  0  0],[ 0  2  1 -1  0  0  0  0 -1],[ 1  0  1  2  1  0  0 -1  1],[ 1  1  0  0  0  0  1  0  0],[ 1  2  1  0  0  1 -1  0  0]]",True,"[-2,-1,0,0,0,1,1,1,-1,0,0,2,0,1,2,0,0,1,1,0,1,0,-1,2,0,0,0,1,0,0,0,0,1,1,-1,0]","[-2,-1,0,0,0,1,1,1,-1,0,0,2,0,1,2,0,0,1,1,0,1,0,-1,2,0,0,0,1,0,0,0,0,1,1,-1,0]",t^8+22t^6+117t^4+24t^2+1,"[-1,-1,-1,0,0,0,1,2,-1,0,1,1,1,2,2,-1,-1,0,1,1,3,1,1,0,1,1,0,-1,1,2,0,1,2,0,0,2]","[-2,-1,0,0,0,1,1,1,2,0,2,2,1,2,3,0,1,1,1,2,1,-1,0,0,1,1,0,1,1,-1,1,1,0,0,-1,1]","[-1,-1,-1,0,0,0,1,2,-1,0,0,0,1,1,2,-1,1,2,0,1,0,0,0,0,0,1,0,0,0,0,1,0,0,1,2,-1]",c,"[[{8, 1}, {2, 7}, {3, 6}, {4, 5}], [{8, 2}, {1, 7}, {3, 6}, {4, 5}], [{8, 7}, {3, 6}, {4, 5}, {1, 2}]]",1,4 K_1^3 - 2 K_1^2 - 8 K_1 K_2 + K_1 + K_2 + 3 K_3 + 2,O1O2O3O4U5U4U6O7U8O5O8U3U2O6U1U7,O1O2O3U2U4U5U6O7O6U1O5O4U8U3O8U7,O1O2O3U4O5U1U5O6O7U3O8O4U8U7U6U2,c,{'O1O2O3O4U5U4O6U3U2O7O8U7O5U6U1U8'},1,"<a href=""/flatknot/8.850851"">8.850851</a>",t^9-20t^7-20t^6+72t^5+96t^4-63t^3-88t^2-10t+2,-t^2+2t,,
8.850852,O1O2O3O4U5U4O6U3U2O7O8U7O5U8U1U6,3,18z^2+85z+99,-8w^4z^2+26w^3z^2-8w^3z+93w^2z+99w,False,False,"[[ 0 -1  0  0  1 -1  2 -1  0],[ 1  0  1  1  1 -1  2 -1  0],[ 0 -1  0  0  0 -2  1  0 -1],[ 0 -1  0  0  0 -1  0  0 -1],[-1 -1  0  0  0 -1 -1  0 -1],[ 1  1  2  1  1  0  1 -1 -1],[-2 -2 -1  0  1 -1  0 -1  1],[ 1  1  0  0  0  1  1  0  1],[ 0  0  1  1  1  1 -1 -1  0]]","[[ 0  2  1  0  0  0 -1 -1 -1],[-2  0  1  1  0 -1 -1 -1 -2],[-1 -1  0 -1  0  0  0 -1 -1],[ 0 -1  1  0  1  1 -1  1  0],[ 0  0  0 -1  0  0  0 -1 -1],[ 0  1  0 -1  0  0  0 -2 -1],[ 1  1  0  1  0  0  0  1  1],[ 1  1  1 -1  1  2 -1  0  1],[ 1  2  1  0  1  1 -1 -1  0]]",True,"[-2,-1,0,0,0,1,1,1,-1,-1,0,1,1,1,2,1,0,0,0,1,1,-1,-1,1,-1,0,0,0,1,1,0,2,1,-1,-1,-1]","[-2,-1,0,0,0,1,1,1,-1,-1,0,1,1,1,2,1,0,0,0,1,1,-1,-1,1,-1,0,0,0,1,1,0,2,1,-1,-1,-1]",t^8+26t^6+141t^4+15t^2,"[-1,-1,-1,0,0,0,1,2,-1,-1,0,1,1,2,2,-1,2,-1,0,1,2,1,0,0,1,1,-1,-1,0,3,0,1,1,1,2,2]","[-2,-1,0,0,0,1,1,1,2,1,2,3,1,2,2,1,1,0,1,1,2,0,-1,0,-1,1,-1,0,0,1,1,2,0,-1,-1,-1]","[-1,-1,-1,0,0,0,1,2,-1,-1,0,1,1,1,2,-1,-1,1,2,1,1,1,0,0,0,1,1,1,1,-1,0,0,0,0,1,-1]",c,"[[{8, 1}, {2, 7}, {3, 6}, {4, 5}], [{8, 1}, {2, 7}, {4, 6}, {3, 5}], [{8, 1}, {2, 7}, {5, 6}, {3, 4}], [{8, 1}, {2, 7}, {5, 6}, {4}, {3}], [{8, 1}, {3, 7}, {2, 6}, {4, 5}], [{8, 1}, {3, 7}, {4, 6}, {2, 5}], [{8, 1}, {3, 7}, {5, 6}, {2, 4}], [{8, 1}, {3, 7}, {5, 6}, {4}, {2}], [{8, 1}, {3, 7}, {6}, {5}, {2, 4}], [{8, 1}, {4, 7}, {2, 6}, {3, 5}], [{8, 1}, {4, 7}, {2, 6}, {5}, {3}], [{8, 1}, {4, 7}, {3, 6}, {2, 5}], [{8, 1}, {4, 7}, {3, 6}, {5}, {2}], [{8, 1}, {4, 7}, {5, 6}, {2, 3}], [{8, 1}, {4, 7}, {5, 6}, {3}, {2}], [{8, 1}, {4, 7}, {6}, {2, 5}, {3}], [{8, 1}, {4, 7}, {6}, {3, 5}, {2}], [{8, 1}, {4, 7}, {6}, {5}, {2, 3}], [{8, 1}, {5, 7}, {2, 6}, {3, 4}], [{8, 1}, {5, 7}, {3, 6}, {2, 4}], [{8, 1}, {5, 7}, {4, 6}, {2, 3}], [{8, 1}, {6, 7}, {2, 5}, {3, 4}], [{8, 1}, {6, 7}, {3, 5}, {2, 4}], [{8, 1}, {6, 7}, {4, 5}, {2, 3}], [{8, 1}, {7}, {2, 6}, {3, 5}, {4}], [{8, 1}, {7}, {3, 6}, {2, 5}, {4}], [{8, 1}, {7}, {5, 6}, {2, 4}, {3}], [{8, 1}, {7}, {5, 6}, {3, 4}, {2}], [{8, 1}, {7}, {5, 6}, {4}, {2, 3}], [{8, 1}, {7}, {5, 6}, {4}, {3}, {2}], [{8, 2}, {1, 7}, {3, 6}, {4, 5}], [{8, 2}, {1, 7}, {4, 6}, {3, 5}], [{8, 2}, {1, 7}, {5, 6}, {3, 4}], [{8, 2}, {1, 7}, {5, 6}, {4}, {3}], [{8, 2}, {3, 7}, {1, 6}, {4, 5}], [{8, 2}, {3, 7}, {4, 6}, {1, 5}], [{8, 2}, {3, 7}, {4, 6}, {5}, {1}], [{8, 2}, {3, 7}, {5, 6}, {1, 4}], [{8, 2}, {3, 7}, {5, 6}, {4}, {1}], [{8, 2}, {3, 7}, {6}, {4, 5}, {1}], [{8, 2}, {4, 7}, {1, 6}, {3, 5}], [{8, 2}, {4, 7}, {1, 6}, {5}, {3}], [{8, 2}, {4, 7}, {3, 6}, {1, 5}], [{8, 2}, {4, 7}, {3, 6}, {5}, {1}], [{8, 2}, {4, 7}, {5, 6}, {1, 3}], [{8, 2}, {4, 7}, {5, 6}, {3}, {1}], [{8, 2}, {4, 7}, {6}, {1, 5}, {3}], [{8, 2}, {4, 7}, {6}, {3, 5}, {1}], [{8, 2}, {4, 7}, {6}, {5}, {1, 3}], [{8, 2}, {5, 7}, {1, 6}, {3, 4}], [{8, 2}, {5, 7}, {3, 6}, {1, 4}], [{8, 2}, {5, 7}, {4, 6}, {1, 3}], [{8, 2}, {5, 7}, {6}, {1, 4}, {3}], [{8, 2}, {6, 7}, {1, 5}, {3, 4}], [{8, 2}, {6, 7}, {3, 5}, {1, 4}], [{8, 2}, {6, 7}, {4, 5}, {1, 3}], [{8, 2}, {6, 7}, {5}, {1, 4}, {3}], [{8, 2}, {7}, {1, 6}, {3, 5}, {4}], [{8, 2}, {7}, {3, 6}, {1, 5}, {4}], [{8, 2}, {7}, {5, 6}, {1, 4}, {3}], [{8, 2}, {7}, {5, 6}, {3, 4}, {1}], [{8, 2}, {7}, {5, 6}, {4}, {1, 3}], [{8, 2}, {7}, {5, 6}, {4}, {3}, {1}], [{8, 3}, {1, 7}, {2, 6}, {4, 5}], [{8, 3}, {1, 7}, {4, 6}, {2, 5}], [{8, 3}, {1, 7}, {5, 6}, {2, 4}], [{8, 3}, {1, 7}, {5, 6}, {4}, {2}], [{8, 3}, {2, 7}, {1, 6}, {4, 5}], [{8, 3}, {2, 7}, {4, 6}, {1, 5}], [{8, 3}, {2, 7}, {5, 6}, {1, 4}], [{8, 3}, {2, 7}, {5, 6}, {4}, {1}], [{8, 3}, {4, 7}, {1, 6}, {2, 5}], [{8, 3}, {4, 7}, {1, 6}, {5}, {2}], [{8, 3}, {4, 7}, {2, 6}, {1, 5}], [{8, 3}, {4, 7}, {2, 6}, {5}, {1}], [{8, 3}, {4, 7}, {5, 6}, {1, 2}], [{8, 3}, {4, 7}, {5, 6}, {2}, {1}], [{8, 3}, {4, 7}, {6}, {1, 5}, {2}], [{8, 3}, {4, 7}, {6}, {2, 5}, {1}], [{8, 3}, {4, 7}, {6}, {5}, {1, 2}], [{8, 3}, {5, 7}, {1, 6}, {2, 4}], [{8, 3}, {5, 7}, {2, 6}, {1, 4}], [{8, 3}, {5, 7}, {4, 6}, {1, 2}], [{8, 3}, {5, 7}, {6}, {1, 4}, {2}], [{8, 3}, {6, 7}, {1, 5}, {2, 4}], [{8, 3}, {6, 7}, {2, 5}, {1, 4}], [{8, 3}, {6, 7}, {4, 5}, {1, 2}], [{8, 3}, {6, 7}, {5}, {1, 4}, {2}], [{8, 3}, {7}, {1, 6}, {2, 5}, {4}], [{8, 3}, {7}, {2, 6}, {1, 5}, {4}], [{8, 3}, {7}, {5, 6}, {1, 4}, {2}], [{8, 3}, {7}, {5, 6}, {2, 4}, {1}], [{8, 3}, {7}, {5, 6}, {4}, {1, 2}], [{8, 3}, {7}, {5, 6}, {4}, {2}, {1}], [{8, 4}, {1, 7}, {2, 6}, {3, 5}], [{8, 4}, {1, 7}, {3, 6}, {2, 5}], [{8, 4}, {1, 7}, {5, 6}, {2, 3}], [{8, 4}, {1, 7}, {5, 6}, {3}, {2}], [{8, 4}, {2, 7}, {1, 6}, {3, 5}], [{8, 4}, {2, 7}, {3, 6}, {1, 5}], [{8, 4}, {2, 7}, {5, 6}, {1, 3}], [{8, 4}, {2, 7}, {5, 6}, {3}, {1}], [{8, 4}, {2, 7}, {6}, {5}, {1, 3}], [{8, 4}, {3, 7}, {1, 6}, {2, 5}], [{8, 4}, {3, 7}, {2, 6}, {1, 5}], [{8, 4}, {3, 7}, {5, 6}, {1, 2}], [{8, 4}, {3, 7}, {5, 6}, {2}, {1}], [{8, 4}, {5, 7}, {1, 6}, {2, 3}], [{8, 4}, {5, 7}, {2, 6}, {1, 3}], [{8, 4}, {5, 7}, {3, 6}, {1, 2}], [{8, 4}, {6, 7}, {1, 5}, {2, 3}], [{8, 4}, {6, 7}, {2, 5}, {1, 3}], [{8, 4}, {6, 7}, {3, 5}, {1, 2}], [{8, 4}, {7}, {2, 6}, {3, 5}, {1}], [{8, 4}, {7}, {3, 6}, {2, 5}, {1}], [{8, 4}, {7}, {5, 6}, {1, 3}, {2}], [{8, 4}, {7}, {5, 6}, {2, 3}, {1}], [{8, 4}, {7}, {5, 6}, {3}, {1, 2}], [{8, 4}, {7}, {5, 6}, {3}, {2}, {1}], [{8, 5}, {1, 7}, {2, 6}, {3, 4}], [{8, 5}, {1, 7}, {3, 6}, {2, 4}], [{8, 5}, {1, 7}, {4, 6}, {2, 3}], [{8, 5}, {2, 7}, {1, 6}, {3, 4}], [{8, 5}, {2, 7}, {3, 6}, {1, 4}], [{8, 5}, {2, 7}, {4, 6}, {1, 3}], [{8, 5}, {2, 7}, {6}, {3, 4}, {1}], [{8, 5}, {3, 7}, {1, 6}, {2, 4}], [{8, 5}, {3, 7}, {2, 6}, {1, 4}], [{8, 5}, {3, 7}, {4, 6}, {1, 2}], [{8, 5}, {4, 7}, {1, 6}, {2, 3}], [{8, 5}, {4, 7}, {1, 6}, {3}, {2}], [{8, 5}, {4, 7}, {2, 6}, {1, 3}], [{8, 5}, {4, 7}, {2, 6}, {3}, {1}], [{8, 5}, {4, 7}, {3, 6}, {1, 2}], [{8, 5}, {4, 7}, {3, 6}, {2}, {1}], [{8, 5}, {4, 7}, {6}, {1, 3}, {2}], [{8, 5}, {4, 7}, {6}, {2, 3}, {1}], [{8, 5}, {4, 7}, {6}, {3}, {1, 2}], [{8, 5}, {6, 7}, {1, 4}, {2, 3}], [{8, 5}, {6, 7}, {1, 4}, {3}, {2}], [{8, 5}, {6, 7}, {2, 4}, {1, 3}], [{8, 5}, {6, 7}, {3, 4}, {1, 2}], [{8, 5}, {7}, {1, 6}, {4}, {2, 3}], [{8, 5}, {7}, {2, 6}, {4}, {1, 3}], [{8, 5}, {7}, {3, 6}, {4}, {1, 2}], [{8, 6}, {1, 7}, {2, 5}, {3, 4}], [{8, 6}, {1, 7}, {3, 5}, {2, 4}], [{8, 6}, {1, 7}, {4, 5}, {2, 3}], [{8, 6}, {2, 7}, {1, 5}, {3, 4}], [{8, 6}, {2, 7}, {3, 5}, {1, 4}], [{8, 6}, {2, 7}, {4, 5}, {1, 3}], [{8, 6}, {2, 7}, {5}, {3, 4}, {1}], [{8, 6}, {3, 7}, {1, 5}, {2, 4}], [{8, 6}, {3, 7}, {2, 5}, {1, 4}], [{8, 6}, {3, 7}, {4, 5}, {1, 2}], [{8, 6}, {4, 7}, {1, 5}, {2, 3}], [{8, 6}, {4, 7}, {1, 5}, {3}, {2}], [{8, 6}, {4, 7}, {2, 5}, {1, 3}], [{8, 6}, {4, 7}, {2, 5}, {3}, {1}], [{8, 6}, {4, 7}, {3, 5}, {1, 2}], [{8, 6}, {4, 7}, {3, 5}, {2}, {1}], [{8, 6}, {4, 7}, {5}, {1, 3}, {2}], [{8, 6}, {4, 7}, {5}, {2, 3}, {1}], [{8, 6}, {4, 7}, {5}, {3}, {1, 2}], [{8, 6}, {5, 7}, {1, 4}, {2, 3}], [{8, 6}, {5, 7}, {1, 4}, {3}, {2}], [{8, 6}, {5, 7}, {2, 4}, {1, 3}], [{8, 6}, {5, 7}, {3, 4}, {1, 2}], [{8, 6}, {7}, {1, 5}, {4}, {2, 3}], [{8, 6}, {7}, {2, 5}, {4}, {1, 3}], [{8, 6}, {7}, {3, 5}, {4}, {1, 2}], [{8, 7}, {1, 6}, {2, 5}, {3, 4}], [{8, 7}, {1, 6}, {3, 5}, {2, 4}], [{8, 7}, {1, 6}, {4, 5}, {2, 3}], [{8, 7}, {2, 6}, {1, 5}, {3, 4}], [{8, 7}, {2, 6}, {3, 5}, {1, 4}], [{8, 7}, {2, 6}, {3, 5}, {4}, {1}], [{8, 7}, {2, 6}, {4, 5}, {1, 3}], [{8, 7}, {3, 6}, {1, 5}, {2, 4}], [{8, 7}, {3, 6}, {2, 5}, {1, 4}], [{8, 7}, {3, 6}, {2, 5}, {4}, {1}], [{8, 7}, {3, 6}, {4, 5}, {1, 2}], [{8, 7}, {4, 6}, {1, 5}, {2, 3}], [{8, 7}, {4, 6}, {2, 5}, {1, 3}], [{8, 7}, {4, 6}, {3, 5}, {1, 2}], [{8, 7}, {4, 6}, {5}, {1, 3}, {2}], [{8, 7}, {5, 6}, {1, 4}, {2, 3}], [{8, 7}, {5, 6}, {1, 4}, {3}, {2}], [{8, 7}, {5, 6}, {2, 4}, {1, 3}], [{8, 7}, {5, 6}, {2, 4}, {3}, {1}], [{8, 7}, {5, 6}, {3, 4}, {1, 2}], [{8, 7}, {5, 6}, {3, 4}, {2}, {1}], [{8, 7}, {5, 6}, {4}, {1, 3}, {2}], [{8, 7}, {5, 6}, {4}, {2, 3}, {1}], [{8, 7}, {5, 6}, {4}, {3}, {1, 2}], [{8, 7}, {5, 6}, {4}, {3}, {2}, {1}], [{8, 7}, {6}, {4, 5}, {1, 3}, {2}], [{8}, {1, 7}, {2, 6}, {3, 5}, {4}], [{8}, {1, 7}, {3, 6}, {2, 5}, {4}], [{8}, {1, 7}, {5, 6}, {2, 4}, {3}], [{8}, {1, 7}, {5, 6}, {3, 4}, {2}], [{8}, {1, 7}, {5, 6}, {4}, {2, 3}], [{8}, {1, 7}, {5, 6}, {4}, {3}, {2}], [{8}, {2, 7}, {3, 6}, {5}, {1, 4}], [{8}, {2, 7}, {5, 6}, {1, 4}, {3}], [{8}, {2, 7}, {5, 6}, {3, 4}, {1}], [{8}, {2, 7}, {5, 6}, {4}, {1, 3}], [{8}, {2, 7}, {5, 6}, {4}, {3}, {1}], [{8}, {2, 7}, {6}, {3, 5}, {1, 4}], [{8}, {3, 7}, {2, 6}, {5}, {1, 4}], [{8}, {3, 7}, {5, 6}, {1, 4}, {2}], [{8}, {3, 7}, {5, 6}, {2, 4}, {1}], [{8}, {3, 7}, {5, 6}, {4}, {1, 2}], [{8}, {3, 7}, {5, 6}, {4}, {2}, {1}], [{8}, {3, 7}, {6}, {2, 5}, {1, 4}], [{8}, {4, 7}, {1, 6}, {2, 5}, {3}], [{8}, {4, 7}, {1, 6}, {3, 5}, {2}], [{8}, {4, 7}, {1, 6}, {5}, {2, 3}], [{8}, {4, 7}, {1, 6}, {5}, {3}, {2}], [{8}, {4, 7}, {2, 6}, {1, 5}, {3}], [{8}, {4, 7}, {2, 6}, {3, 5}, {1}], [{8}, {4, 7}, {2, 6}, {5}, {1, 3}], [{8}, {4, 7}, {3, 6}, {1, 5}, {2}], [{8}, {4, 7}, {3, 6}, {2, 5}, {1}], [{8}, {4, 7}, {3, 6}, {5}, {1, 2}], [{8}, {4, 7}, {5, 6}, {1, 3}, {2}], [{8}, {4, 7}, {5, 6}, {2, 3}, {1}], [{8}, {4, 7}, {5, 6}, {3}, {1, 2}], [{8}, {4, 7}, {5, 6}, {3}, {2}, {1}], [{8}, {4, 7}, {6}, {1, 5}, {2, 3}], [{8}, {4, 7}, {6}, {1, 5}, {3}, {2}], [{8}, {4, 7}, {6}, {2, 5}, {1, 3}], [{8}, {4, 7}, {6}, {3, 5}, {1, 2}], [{8}, {5, 7}, {2, 6}, {1, 4}, {3}], [{8}, {5, 7}, {3, 6}, {1, 4}, {2}], [{8}, {5, 7}, {6}, {1, 4}, {2, 3}], [{8}, {5, 7}, {6}, {1, 4}, {3}, {2}], [{8}, {6, 7}, {2, 5}, {1, 4}, {3}], [{8}, {6, 7}, {3, 5}, {1, 4}, {2}], [{8}, {6, 7}, {5}, {1, 4}, {2, 3}], [{8}, {6, 7}, {5}, {1, 4}, {3}, {2}], [{8}, {7}, {2, 6}, {3, 5}, {1, 4}], [{8}, {7}, {2, 6}, {3, 5}, {4}, {1}], [{8}, {7}, {3, 6}, {2, 5}, {1, 4}], [{8}, {7}, {3, 6}, {2, 5}, {4}, {1}], [{8}, {7}, {5, 6}, {1, 4}, {2, 3}], [{8}, {7}, {5, 6}, {1, 4}, {3}, {2}], [{8}, {7}, {5, 6}, {2, 4}, {1, 3}], [{8}, {7}, {5, 6}, {2, 4}, {3}, {1}], [{8}, {7}, {5, 6}, {3, 4}, {1, 2}], [{8}, {7}, {5, 6}, {3, 4}, {2}, {1}], [{8}, {7}, {5, 6}, {4}, {1, 3}, {2}], [{8}, {7}, {5, 6}, {4}, {2, 3}, {1}], [{8}, {7}, {5, 6}, {4}, {3}, {1, 2}], [{8}, {7}, {5, 6}, {4}, {3}, {2}, {1}]]",2,4 K_1^2 K_2 - 4 K_1^2 - 8 K_1 K_2 - 6 K_1 K_3 + 4 K_1 - 2 K_2^2 + 3 K_2 + 4 K_3 + 3 K_4 + 3,O1O2O3O4U5U4U6O7U8O6O8U3U2O5U1U7,O1O2O3U2U4U5U6O7O6U3O5O4U8U1O8U7,O1O2O3U4O5U3U5O6O7U1O8O4U8U7U6U2,c,{'O1O2O3O4U5U4O6U3U2O7O8U7O5U8U1U6'},1,"<a href=""/flatknot/8.850852"">8.850852</a>",t^9-24t^7-54t^6-40t^5-40t^4-38t^3+12t^2,-t^2+2t,,
8.850853,O1O2O3O4U5U4O6U3U6O7O8U1O5U2U8U7,4,7z^3+45z^2+109z+95,7w^4z^3+45w^3z^2+109w^2z+95w,False,False,"[[ 0 -2 -1  0  1 -1  1  1  1],[ 2  0  0 -1  0  0  1  2  1],[ 1  0  0  0  1 -1  1  1  0],[ 0  1  0  0  0 -2  1 -1 -1],[-1  0 -1  0  0 -1  0 -1 -1],[ 1  0  1  2  1  0  1  0  1],[-1 -1 -1 -1  0 -1  0  0  0],[-1 -2 -1  1  1  0  0  0  0],[-1 -1  0  1  1 -1  0  0  0]]","[[ 0  1  1  1  1  0 -1 -1 -2],[-1  0  1  0  0  1  0 -1 -1],[-1 -1  0  0 -1  0 -1 -1  0],[-1  0  0  0  0 -1 -1 -1 -1],[-1  0  1  0  0  1 -1  0 -2],[ 0 -1  0  1 -1  0  0 -2  1],[ 1  0  1  1  1  0  0 -1  0],[ 1  1  1  1  0  2  1  0  0],[ 2  1  0  1  2 -1  0  0  0]]",True,"[-1,-1,-1,-1,0,1,1,2,-1,0,0,-1,0,1,1,0,1,0,1,1,0,0,1,1,1,1,-1,1,0,2,0,2,-1,1,0,0]","[-2,-1,-1,0,1,1,1,1,0,0,-1,0,1,1,2,-1,0,1,0,1,1,2,1,1,1,0,0,-1,1,-1,-1,0,-1,0,0,0]",t^8+23t^6+135t^4+80t^2+4,"[-2,-1,-1,0,1,1,1,1,1,1,3,1,2,2,3,-1,-1,2,1,1,1,1,1,1,2,1,2,0,2,1,0,0,-1,0,0,-1]","[-1,-1,-1,-1,0,1,1,2,-1,-1,0,1,1,1,3,0,0,2,1,2,1,0,2,2,1,2,0,1,1,2,1,-1,3,-1,1,1]","[-2,-1,-1,0,1,1,1,1,0,0,-1,0,1,1,2,-1,0,1,0,1,1,2,1,1,1,0,0,-1,1,-1,-1,0,-1,0,0,0]",c,"[[{8, 1}, {2, 7}, {3, 6}, {4, 5}], [{8, 1}, {2, 7}, {3, 6}, {5}, {4}], [{8, 1}, {2, 7}, {4, 6}, {3, 5}], [{8, 1}, {2, 7}, {5, 6}, {3, 4}], [{8, 1}, {3, 7}, {2, 6}, {4, 5}], [{8, 1}, {3, 7}, {4, 6}, {2, 5}], [{8, 1}, {3, 7}, {5, 6}, {2, 4}], [{8, 1}, {3, 7}, {6}, {2, 5}, {4}], [{8, 1}, {4, 7}, {2, 6}, {3, 5}], [{8, 1}, {4, 7}, {3, 6}, {2, 5}], [{8, 1}, {4, 7}, {5, 6}, {2, 3}], [{8, 1}, {5, 7}, {2, 6}, {3, 4}], [{8, 1}, {5, 7}, {3, 6}, {2, 4}], [{8, 1}, {5, 7}, {3, 6}, {4}, {2}], [{8, 1}, {5, 7}, {4, 6}, {2, 3}], [{8, 1}, {6, 7}, {2, 5}, {3, 4}], [{8, 1}, {6, 7}, {2, 5}, {4}, {3}], [{8, 1}, {6, 7}, {3, 5}, {2, 4}], [{8, 1}, {6, 7}, {4, 5}, {2, 3}], [{8, 1}, {7}, {2, 6}, {3, 5}, {4}], [{8, 1}, {7}, {2, 6}, {4, 5}, {3}], [{8, 1}, {7}, {2, 6}, {5}, {3, 4}], [{8, 1}, {7}, {3, 6}, {2, 5}, {4}], [{8, 1}, {7}, {5, 6}, {2, 4}, {3}], [{8, 2}, {1, 7}, {3, 6}, {4, 5}], [{8, 2}, {1, 7}, {4, 6}, {3, 5}], [{8, 2}, {1, 7}, {5, 6}, {3, 4}], [{8, 2}, {1, 7}, {6}, {5}, {3, 4}], [{8, 2}, {3, 7}, {1, 6}, {4, 5}], [{8, 2}, {3, 7}, {1, 6}, {5}, {4}], [{8, 2}, {3, 7}, {4, 6}, {1, 5}], [{8, 2}, {3, 7}, {5, 6}, {1, 4}], [{8, 2}, {4, 7}, {1, 6}, {3, 5}], [{8, 2}, {4, 7}, {3, 6}, {1, 5}], [{8, 2}, {4, 7}, {5, 6}, {1, 3}], [{8, 2}, {5, 7}, {1, 6}, {3, 4}], [{8, 2}, {5, 7}, {3, 6}, {1, 4}], [{8, 2}, {5, 7}, {4, 6}, {1, 3}], [{8, 2}, {5, 7}, {6}, {3, 4}, {1}], [{8, 2}, {6, 7}, {1, 5}, {3, 4}], [{8, 2}, {6, 7}, {3, 5}, {1, 4}], [{8, 2}, {6, 7}, {4, 5}, {1, 3}], [{8, 2}, {6, 7}, {5}, {4}, {1, 3}], [{8, 2}, {7}, {6}, {1, 5}, {3, 4}], [{8, 3}, {1, 7}, {2, 6}, {4, 5}], [{8, 3}, {1, 7}, {2, 6}, {5}, {4}], [{8, 3}, {1, 7}, {4, 6}, {2, 5}], [{8, 3}, {1, 7}, {4, 6}, {5}, {2}], [{8, 3}, {1, 7}, {5, 6}, {2, 4}], [{8, 3}, {1, 7}, {5, 6}, {4}, {2}], [{8, 3}, {1, 7}, {6}, {2, 5}, {4}], [{8, 3}, {1, 7}, {6}, {4, 5}, {2}], [{8, 3}, {1, 7}, {6}, {5}, {2, 4}], [{8, 3}, {1, 7}, {6}, {5}, {4}, {2}], [{8, 3}, {2, 7}, {1, 6}, {4, 5}], [{8, 3}, {2, 7}, {4, 6}, {1, 5}], [{8, 3}, {2, 7}, {5, 6}, {1, 4}], [{8, 3}, {4, 7}, {1, 6}, {2, 5}], [{8, 3}, {4, 7}, {2, 6}, {1, 5}], [{8, 3}, {4, 7}, {5, 6}, {1, 2}], [{8, 3}, {5, 7}, {1, 6}, {2, 4}], [{8, 3}, {5, 7}, {2, 6}, {1, 4}], [{8, 3}, {5, 7}, {4, 6}, {1, 2}], [{8, 3}, {5, 7}, {6}, {2, 4}, {1}], [{8, 3}, {6, 7}, {1, 5}, {2, 4}], [{8, 3}, {6, 7}, {2, 5}, {1, 4}], [{8, 3}, {6, 7}, {4, 5}, {1, 2}], [{8, 3}, {7}, {6}, {1, 5}, {2, 4}], [{8, 4}, {1, 7}, {2, 6}, {3, 5}], [{8, 4}, {1, 7}, {3, 6}, {2, 5}], [{8, 4}, {1, 7}, {5, 6}, {2, 3}], [{8, 4}, {1, 7}, {6}, {5}, {2, 3}], [{8, 4}, {2, 7}, {1, 6}, {3, 5}], [{8, 4}, {2, 7}, {3, 6}, {1, 5}], [{8, 4}, {2, 7}, {5, 6}, {1, 3}], [{8, 4}, {2, 7}, {6}, {5}, {1, 3}], [{8, 4}, {3, 7}, {1, 6}, {2, 5}], [{8, 4}, {3, 7}, {2, 6}, {1, 5}], [{8, 4}, {3, 7}, {5, 6}, {1, 2}], [{8, 4}, {3, 7}, {5, 6}, {2}, {1}], [{8, 4}, {5, 7}, {1, 6}, {2, 3}], [{8, 4}, {5, 7}, {2, 6}, {1, 3}], [{8, 4}, {5, 7}, {3, 6}, {1, 2}], [{8, 4}, {5, 7}, {6}, {2, 3}, {1}], [{8, 4}, {6, 7}, {1, 5}, {2, 3}], [{8, 4}, {6, 7}, {2, 5}, {1, 3}], [{8, 4}, {6, 7}, {3, 5}, {1, 2}], [{8, 4}, {6, 7}, {3, 5}, {2}, {1}], [{8, 4}, {7}, {6}, {1, 5}, {2, 3}], [{8, 5}, {1, 7}, {2, 6}, {3, 4}], [{8, 5}, {1, 7}, {3, 6}, {2, 4}], [{8, 5}, {1, 7}, {4, 6}, {2, 3}], [{8, 5}, {1, 7}, {6}, {2, 4}, {3}], [{8, 5}, {2, 7}, {1, 6}, {3, 4}], [{8, 5}, {2, 7}, {3, 6}, {1, 4}], [{8, 5}, {2, 7}, {4, 6}, {1, 3}], [{8, 5}, {3, 7}, {1, 6}, {2, 4}], [{8, 5}, {3, 7}, {2, 6}, {1, 4}], [{8, 5}, {3, 7}, {4, 6}, {1, 2}], [{8, 5}, {3, 7}, {6}, {1, 4}, {2}], [{8, 5}, {4, 7}, {1, 6}, {2, 3}], [{8, 5}, {4, 7}, {2, 6}, {1, 3}], [{8, 5}, {4, 7}, {3, 6}, {1, 2}], [{8, 5}, {6, 7}, {1, 4}, {2, 3}], [{8, 5}, {6, 7}, {2, 4}, {1, 3}], [{8, 5}, {6, 7}, {2, 4}, {3}, {1}], [{8, 5}, {6, 7}, {3, 4}, {1, 2}], [{8, 5}, {6, 7}, {3, 4}, {2}, {1}], [{8, 5}, {6, 7}, {4}, {2, 3}, {1}], [{8, 5}, {7}, {1, 6}, {2, 4}, {3}], [{8, 6}, {1, 7}, {2, 5}, {3, 4}], [{8, 6}, {1, 7}, {3, 5}, {2, 4}], [{8, 6}, {1, 7}, {4, 5}, {2, 3}], [{8, 6}, {1, 7}, {5}, {2, 4}, {3}], [{8, 6}, {2, 7}, {1, 5}, {3, 4}], [{8, 6}, {2, 7}, {3, 5}, {1, 4}], [{8, 6}, {2, 7}, {4, 5}, {1, 3}], [{8, 6}, {3, 7}, {1, 5}, {2, 4}], [{8, 6}, {3, 7}, {1, 5}, {4}, {2}], [{8, 6}, {3, 7}, {2, 5}, {1, 4}], [{8, 6}, {3, 7}, {4, 5}, {1, 2}], [{8, 6}, {3, 7}, {5}, {2, 4}, {1}], [{8, 6}, {4, 7}, {1, 5}, {2, 3}], [{8, 6}, {4, 7}, {2, 5}, {1, 3}], [{8, 6}, {4, 7}, {3, 5}, {1, 2}], [{8, 6}, {5, 7}, {1, 4}, {2, 3}], [{8, 6}, {5, 7}, {2, 4}, {1, 3}], [{8, 6}, {5, 7}, {3, 4}, {1, 2}], [{8, 6}, {7}, {5}, {2, 4}, {1, 3}], [{8, 7}, {1, 6}, {2, 5}, {3, 4}], [{8, 7}, {1, 6}, {3, 5}, {2, 4}], [{8, 7}, {1, 6}, {4, 5}, {2, 3}], [{8, 7}, {1, 6}, {4, 5}, {3}, {2}], [{8, 7}, {2, 6}, {1, 5}, {3, 4}], [{8, 7}, {2, 6}, {3, 5}, {1, 4}], [{8, 7}, {2, 6}, {4, 5}, {1, 3}], [{8, 7}, {2, 6}, {4, 5}, {3}, {1}], [{8, 7}, {3, 6}, {1, 5}, {2, 4}], [{8, 7}, {3, 6}, {2, 5}, {1, 4}], [{8, 7}, {3, 6}, {4, 5}, {1, 2}], [{8, 7}, {4, 6}, {1, 5}, {2, 3}], [{8, 7}, {4, 6}, {2, 5}, {1, 3}], [{8, 7}, {4, 6}, {3, 5}, {1, 2}], [{8, 7}, {5, 6}, {1, 4}, {2, 3}], [{8, 7}, {5, 6}, {2, 4}, {1, 3}], [{8, 7}, {5, 6}, {2, 4}, {3}, {1}], [{8, 7}, {5, 6}, {3, 4}, {1, 2}], [{8, 7}, {5, 6}, {3, 4}, {2}, {1}], [{8, 7}, {5, 6}, {4}, {2, 3}, {1}], [{8, 7}, {6}, {2, 5}, {4}, {1, 3}], [{8, 7}, {6}, {4, 5}, {3}, {1, 2}], [{8, 7}, {6}, {5}, {1, 4}, {2, 3}], [{8}, {1, 7}, {2, 6}, {4, 5}, {3}], [{8}, {1, 7}, {3, 6}, {5}, {2, 4}], [{8}, {1, 7}, {4, 6}, {2, 5}, {3}], [{8}, {1, 7}, {5, 6}, {2, 4}, {3}], [{8}, {1, 7}, {6}, {3, 5}, {2, 4}], [{8}, {1, 7}, {6}, {5}, {2, 4}, {3}], [{8}, {7}, {1, 6}, {4, 5}, {2, 3}], [{8}, {7}, {5, 6}, {1, 4}, {2, 3}]]",2,4 K_1^2 K_2 - 8 K_1^2 - 8 K_1 K_2 - 6 K_1 K_3 + 4 K_1 - 2 K_2^2 + 5 K_2 + 4 K_3 + 3 K_4 + 5,O1O2O3O4U5U6U3O7U4O6O5U8U2O8U1U7,O1O2O3U4U1U5U6O7O6U8O5O8U3U2O4U7,O1O2O3U4O5U2U1O6O7U6O8O4U8U7U3U5,c,{'O1O2O3O4U5U4O6U3U6O7O8U1O5U2U8U7'},1,"<a href=""/flatknot/8.850853"">8.850853</a>",t^9-25t^7-22t^6+110t^5+42t^4-155t^3+34t^2+35t-12,t^2-2t,,
8.850854,O1O2O3O4U5U4O6U3U6O7O8U1O5U7U8U2,4,12z^2+65z+83,-10w^4z^2+22w^3z^2-22w^3z+87w^2z+83w,False,False,"[[ 0 -2  1  0  1 -1  1 -1  1],[ 2  0  2 -1  0  0  1  0  1],[-1 -2  0  0  1 -1  1 -2  0],[ 0  1  0  0  0 -2  1 -1 -1],[-1  0 -1  0  0 -1  0 -1 -1],[ 1  0  1  2  1  0  1 -1  0],[-1 -1 -1 -1  0 -1  0  0  0],[ 1  0  2  1  1  1  0  0  1],[-1 -1  0  1  1  0  0 -1  0]]","[[ 0  1  1  1  1  0 -1 -1 -2],[-1  0  1  1  0  0 -1 -2 -2],[-1 -1  0  0  0 -1 -1  0 -1],[-1 -1  0  0 -1  0 -1 -1  0],[-1  0  0  1  0  1  0 -1 -1],[ 0  0  1  0 -1  0 -2 -1  1],[ 1  1  1  1  0  2  0 -1  0],[ 1  2  0  1  1  1  1  0  0],[ 2  2  1  0  1 -1  0  0  0]]",True,"[-1,-1,-1,-1,0,1,1,2,-1,-1,0,0,1,2,2,0,0,1,1,0,1,1,0,1,1,0,-1,0,1,1,2,1,-1,1,0,0]","[-2,-1,-1,0,1,1,1,1,0,0,-1,0,1,1,2,-1,2,1,0,1,1,1,1,1,0,2,0,-1,1,0,-1,0,-1,0,0,-1]",t^8+27t^6+153t^4+59t^2,"[-2,-1,-1,0,1,1,1,1,1,1,3,1,2,2,3,-1,0,0,1,2,1,-1,1,2,1,1,1,2,0,1,0,-1,-1,0,-1,0]","[-1,-1,-1,-1,0,1,1,2,-1,-1,0,1,1,1,3,0,0,2,1,2,2,1,1,0,1,1,0,2,1,2,0,-1,3,1,1,1]","[-2,-1,-1,0,1,1,1,1,0,0,-1,0,1,1,2,-1,2,1,0,1,1,1,1,1,0,2,0,-1,1,0,-1,0,-1,0,0,-1]",c,"[[{8, 1}, {2, 7}, {3, 6}, {4, 5}], [{8, 1}, {2, 7}, {4, 6}, {3, 5}], [{8, 1}, {2, 7}, {5, 6}, {3, 4}], [{8, 1}, {3, 7}, {2, 6}, {4, 5}], [{8, 1}, {3, 7}, {4, 6}, {2, 5}], [{8, 1}, {3, 7}, {5, 6}, {2, 4}], [{8, 1}, {3, 7}, {6}, {2, 5}, {4}], [{8, 1}, {4, 7}, {2, 6}, {3, 5}], [{8, 1}, {4, 7}, {3, 6}, {2, 5}], [{8, 1}, {4, 7}, {5, 6}, {2, 3}], [{8, 1}, {4, 7}, {6}, {5}, {2, 3}], [{8, 1}, {5, 7}, {2, 6}, {3, 4}], [{8, 1}, {5, 7}, {3, 6}, {2, 4}], [{8, 1}, {5, 7}, {3, 6}, {4}, {2}], [{8, 1}, {5, 7}, {4, 6}, {2, 3}], [{8, 1}, {5, 7}, {4, 6}, {3}, {2}], [{8, 1}, {5, 7}, {6}, {3, 4}, {2}], [{8, 1}, {6, 7}, {2, 5}, {3, 4}], [{8, 1}, {6, 7}, {3, 5}, {2, 4}], [{8, 1}, {6, 7}, {4, 5}, {2, 3}], [{8, 1}, {7}, {2, 6}, {3, 5}, {4}], [{8, 1}, {7}, {5, 6}, {4}, {2, 3}], [{8, 2}, {1, 7}, {3, 6}, {4, 5}], [{8, 2}, {1, 7}, {4, 6}, {3, 5}], [{8, 2}, {1, 7}, {5, 6}, {3, 4}], [{8, 2}, {3, 7}, {1, 6}, {4, 5}], [{8, 2}, {3, 7}, {4, 6}, {1, 5}], [{8, 2}, {3, 7}, {5, 6}, {1, 4}], [{8, 2}, {3, 7}, {6}, {1, 5}, {4}], [{8, 2}, {4, 7}, {1, 6}, {3, 5}], [{8, 2}, {4, 7}, {3, 6}, {1, 5}], [{8, 2}, {4, 7}, {5, 6}, {1, 3}], [{8, 2}, {5, 7}, {1, 6}, {3, 4}], [{8, 2}, {5, 7}, {3, 6}, {1, 4}], [{8, 2}, {5, 7}, {4, 6}, {1, 3}], [{8, 2}, {6, 7}, {1, 5}, {3, 4}], [{8, 2}, {6, 7}, {3, 5}, {1, 4}], [{8, 2}, {6, 7}, {4, 5}, {1, 3}], [{8, 2}, {7}, {1, 6}, {3, 5}, {4}], [{8, 3}, {1, 7}, {2, 6}, {4, 5}], [{8, 3}, {1, 7}, {4, 6}, {2, 5}], [{8, 3}, {1, 7}, {5, 6}, {2, 4}], [{8, 3}, {1, 7}, {6}, {2, 5}, {4}], [{8, 3}, {2, 7}, {1, 6}, {4, 5}], [{8, 3}, {2, 7}, {4, 6}, {1, 5}], [{8, 3}, {2, 7}, {5, 6}, {1, 4}], [{8, 3}, {4, 7}, {1, 6}, {2, 5}], [{8, 3}, {4, 7}, {2, 6}, {1, 5}], [{8, 3}, {4, 7}, {5, 6}, {1, 2}], [{8, 3}, {4, 7}, {6}, {5}, {1, 2}], [{8, 3}, {5, 7}, {1, 6}, {2, 4}], [{8, 3}, {5, 7}, {2, 6}, {1, 4}], [{8, 3}, {5, 7}, {4, 6}, {1, 2}], [{8, 3}, {6, 7}, {1, 5}, {2, 4}], [{8, 3}, {6, 7}, {1, 5}, {4}, {2}], [{8, 3}, {6, 7}, {2, 5}, {1, 4}], [{8, 3}, {6, 7}, {4, 5}, {1, 2}], [{8, 3}, {7}, {5, 6}, {4}, {1, 2}], [{8, 4}, {1, 7}, {2, 6}, {3, 5}], [{8, 4}, {1, 7}, {3, 6}, {2, 5}], [{8, 4}, {1, 7}, {5, 6}, {2, 3}], [{8, 4}, {2, 7}, {1, 6}, {3, 5}], [{8, 4}, {2, 7}, {3, 6}, {1, 5}], [{8, 4}, {2, 7}, {5, 6}, {1, 3}], [{8, 4}, {3, 7}, {1, 6}, {2, 5}], [{8, 4}, {3, 7}, {2, 6}, {1, 5}], [{8, 4}, {3, 7}, {5, 6}, {1, 2}], [{8, 4}, {5, 7}, {1, 6}, {2, 3}], [{8, 4}, {5, 7}, {1, 6}, {3}, {2}], [{8, 4}, {5, 7}, {2, 6}, {1, 3}], [{8, 4}, {5, 7}, {2, 6}, {3}, {1}], [{8, 4}, {5, 7}, {3, 6}, {1, 2}], [{8, 4}, {5, 7}, {6}, {3}, {1, 2}], [{8, 4}, {6, 7}, {1, 5}, {2, 3}], [{8, 4}, {6, 7}, {2, 5}, {1, 3}], [{8, 4}, {6, 7}, {3, 5}, {1, 2}], [{8, 4}, {6, 7}, {3, 5}, {2}, {1}], [{8, 5}, {1, 7}, {2, 6}, {3, 4}], [{8, 5}, {1, 7}, {3, 6}, {2, 4}], [{8, 5}, {1, 7}, {3, 6}, {4}, {2}], [{8, 5}, {1, 7}, {4, 6}, {2, 3}], [{8, 5}, {1, 7}, {4, 6}, {3}, {2}], [{8, 5}, {1, 7}, {6}, {3, 4}, {2}], [{8, 5}, {2, 7}, {1, 6}, {3, 4}], [{8, 5}, {2, 7}, {3, 6}, {1, 4}], [{8, 5}, {2, 7}, {4, 6}, {1, 3}], [{8, 5}, {3, 7}, {1, 6}, {2, 4}], [{8, 5}, {3, 7}, {2, 6}, {1, 4}], [{8, 5}, {3, 7}, {4, 6}, {1, 2}], [{8, 5}, {3, 7}, {6}, {4}, {1, 2}], [{8, 5}, {4, 7}, {1, 6}, {2, 3}], [{8, 5}, {4, 7}, {2, 6}, {1, 3}], [{8, 5}, {4, 7}, {3, 6}, {1, 2}], [{8, 5}, {6, 7}, {1, 4}, {2, 3}], [{8, 5}, {6, 7}, {2, 4}, {1, 3}], [{8, 5}, {6, 7}, {3, 4}, {1, 2}], [{8, 5}, {7}, {1, 6}, {4}, {2, 3}], [{8, 5}, {7}, {2, 6}, {4}, {1, 3}], [{8, 6}, {1, 7}, {2, 5}, {3, 4}], [{8, 6}, {1, 7}, {3, 5}, {2, 4}], [{8, 6}, {1, 7}, {4, 5}, {2, 3}], [{8, 6}, {2, 7}, {1, 5}, {3, 4}], [{8, 6}, {2, 7}, {1, 5}, {4}, {3}], [{8, 6}, {2, 7}, {3, 5}, {1, 4}], [{8, 6}, {2, 7}, {4, 5}, {1, 3}], [{8, 6}, {3, 7}, {1, 5}, {2, 4}], [{8, 6}, {3, 7}, {2, 5}, {1, 4}], [{8, 6}, {3, 7}, {4, 5}, {1, 2}], [{8, 6}, {3, 7}, {4, 5}, {2}, {1}], [{8, 6}, {4, 7}, {1, 5}, {2, 3}], [{8, 6}, {4, 7}, {2, 5}, {1, 3}], [{8, 6}, {4, 7}, {3, 5}, {1, 2}], [{8, 6}, {4, 7}, {5}, {2, 3}, {1}], [{8, 6}, {5, 7}, {1, 4}, {2, 3}], [{8, 6}, {5, 7}, {2, 4}, {1, 3}], [{8, 6}, {5, 7}, {3, 4}, {1, 2}], [{8, 6}, {5, 7}, {4}, {1, 3}, {2}], [{8, 6}, {7}, {3, 5}, {4}, {1, 2}], [{8, 7}, {1, 6}, {2, 5}, {3, 4}], [{8, 7}, {1, 6}, {3, 5}, {2, 4}], [{8, 7}, {1, 6}, {4, 5}, {2, 3}], [{8, 7}, {2, 6}, {1, 5}, {3, 4}], [{8, 7}, {2, 6}, {3, 5}, {1, 4}], [{8, 7}, {2, 6}, {4, 5}, {1, 3}], [{8, 7}, {3, 6}, {1, 5}, {2, 4}], [{8, 7}, {3, 6}, {1, 5}, {4}, {2}], [{8, 7}, {3, 6}, {2, 5}, {1, 4}], [{8, 7}, {3, 6}, {4, 5}, {1, 2}], [{8, 7}, {4, 6}, {1, 5}, {2, 3}], [{8, 7}, {4, 6}, {2, 5}, {1, 3}], [{8, 7}, {4, 6}, {3, 5}, {1, 2}], [{8, 7}, {5, 6}, {1, 4}, {2, 3}], [{8, 7}, {5, 6}, {2, 4}, {1, 3}], [{8, 7}, {5, 6}, {3, 4}, {1, 2}], [{8}, {2, 7}, {3, 6}, {4, 5}, {1}], [{8}, {2, 7}, {4, 6}, {3, 5}, {1}], [{8}, {2, 7}, {5, 6}, {3, 4}, {1}], [{8}, {3, 7}, {5, 6}, {1, 4}, {2}], [{8}, {4, 7}, {1, 6}, {5}, {2, 3}], [{8}, {4, 7}, {2, 6}, {5}, {1, 3}], [{8}, {4, 7}, {5, 6}, {1, 3}, {2}], [{8}, {4, 7}, {6}, {2, 5}, {1, 3}], [{8}, {5, 7}, {6}, {2, 4}, {1, 3}], [{8}, {6, 7}, {2, 5}, {4}, {1, 3}], [{8}, {7}, {4, 6}, {1, 5}, {2, 3}], [{8}, {7}, {4, 6}, {2, 5}, {1, 3}]]",2,- 8 K_1^4 + 28 K_1^3 + 12 K_1^2 K_2 - 24 K_1^2 - 28 K_1 K_2 - 6 K_1 K_3 - 7 K_1 + 13 K_2 + 7 K_3 + K_4 + 13,O1O2O3O4U3U5U6O7U4O5O6U8U2O8U1U7,O1O2O3U4U3U5U6O7O6U8O5O8U1U2O4U7,O1O2O3U4O5U2U3O6O7U6O8O4U8U7U1U5,c,{'O1O2O3O4U5U4O6U3U6O7O8U1O5U7U8U2'},1,"<a href=""/flatknot/8.850854"">8.850854</a>",t^9-29t^7-30t^6+104t^5+44t^4-91t^3+22t^2-45t+24,t^2-2t,,
8.850855,O1O2O3O4U5U4O6U3U6O7O8U1O5U8U2U7,4,2z^3+23z^2+102z+129,2w^4z^3+23w^3z^2+102w^2z+129w,False,False,"[[ 0 -2  0  0  1 -1  1  1  0],[ 2  0  1 -1  0  0  1  2  0],[ 0 -1  0  0  1 -1  1  0 -1],[ 0  1  0  0  0 -2  1 -1 -1],[-1  0 -1  0  0 -1  0 -1 -1],[ 1  0  1  2  1  0  1  0  0],[-1 -1 -1 -1  0 -1  0  0  0],[-1 -2  0  1  1  0  0  0  0],[ 0  0  1  1  1  0  0  0  0]]","[[ 0  1  1  1  0  0  0 -1 -2],[-1  0  1  0  1  0  0  0 -2],[-1 -1  0  0  0 -1 -1 -1  0],[-1  0  0  0 -1  0 -1 -1 -1],[ 0 -1  0  1  0 -1  0 -2  1],[ 0  0  1  0  1  0  1  0  0],[ 0  0  1  1  0 -1  0 -1 -1],[ 1  0  1  1  2  0  1  0  0],[ 2  2  0  1 -1  0  1  0  0]]",True,"[-1,-1,-1,0,0,0,1,2,-1,0,-1,0,0,0,2,0,0,1,1,1,0,1,0,1,1,1,1,0,2,-1,-1,0,0,1,1,0]","[-2,-1,0,0,0,1,1,1,0,-1,0,1,0,1,2,2,0,1,1,1,0,-1,0,0,1,-1,1,1,0,0,1,1,0,0,-1,0]",t^8+22t^6+119t^4+62t^2+4,"[-2,-1,0,0,0,1,1,1,1,1,2,3,1,2,3,0,1,-1,2,1,1,1,0,1,0,0,-1,1,1,0,2,0,1,0,-1,0]","[-1,-1,-1,0,0,0,1,2,-1,0,0,0,1,1,3,0,1,1,2,2,1,0,1,0,1,2,-1,0,0,1,1,1,2,-1,3,1]","[-2,-1,0,0,0,1,1,1,0,-1,0,1,0,1,2,2,0,1,1,1,0,-1,0,0,1,-1,1,1,0,0,1,1,0,0,-1,0]",c,"[[{8, 1}, {2, 7}, {3, 6}, {4, 5}], [{8, 1}, {2, 7}, {4, 6}, {3, 5}], [{8, 1}, {2, 7}, {4, 6}, {5}, {3}], [{8, 1}, {2, 7}, {5, 6}, {3, 4}], [{8, 1}, {2, 7}, {5, 6}, {4}, {3}], [{8, 1}, {2, 7}, {6}, {4, 5}, {3}], [{8, 1}, {3, 7}, {2, 6}, {4, 5}], [{8, 1}, {3, 7}, {4, 6}, {2, 5}], [{8, 1}, {3, 7}, {5, 6}, {2, 4}], [{8, 1}, {3, 7}, {6}, {2, 5}, {4}], [{8, 1}, {4, 7}, {2, 6}, {3, 5}], [{8, 1}, {4, 7}, {3, 6}, {2, 5}], [{8, 1}, {4, 7}, {5, 6}, {2, 3}], [{8, 1}, {4, 7}, {6}, {2, 5}, {3}], [{8, 1}, {5, 7}, {2, 6}, {3, 4}], [{8, 1}, {5, 7}, {3, 6}, {2, 4}], [{8, 1}, {5, 7}, {3, 6}, {4}, {2}], [{8, 1}, {5, 7}, {4, 6}, {2, 3}], [{8, 1}, {6, 7}, {2, 5}, {3, 4}], [{8, 1}, {6, 7}, {3, 5}, {2, 4}], [{8, 1}, {6, 7}, {4, 5}, {2, 3}], [{8, 1}, {7}, {6}, {2, 5}, {3, 4}], [{8, 2}, {1, 7}, {3, 6}, {4, 5}], [{8, 2}, {1, 7}, {4, 6}, {3, 5}], [{8, 2}, {1, 7}, {5, 6}, {3, 4}], [{8, 2}, {1, 7}, {6}, {5}, {3, 4}], [{8, 2}, {3, 7}, {1, 6}, {4, 5}], [{8, 2}, {3, 7}, {4, 6}, {1, 5}], [{8, 2}, {3, 7}, {5, 6}, {1, 4}], [{8, 2}, {3, 7}, {6}, {5}, {1, 4}], [{8, 2}, {4, 7}, {1, 6}, {3, 5}], [{8, 2}, {4, 7}, {3, 6}, {1, 5}], [{8, 2}, {4, 7}, {5, 6}, {1, 3}], [{8, 2}, {5, 7}, {1, 6}, {3, 4}], [{8, 2}, {5, 7}, {3, 6}, {1, 4}], [{8, 2}, {5, 7}, {4, 6}, {1, 3}], [{8, 2}, {5, 7}, {6}, {3, 4}, {1}], [{8, 2}, {6, 7}, {1, 5}, {3, 4}], [{8, 2}, {6, 7}, {3, 5}, {1, 4}], [{8, 2}, {6, 7}, {4, 5}, {1, 3}], [{8, 2}, {7}, {1, 6}, {3, 5}, {4}], [{8, 2}, {7}, {3, 6}, {4, 5}, {1}], [{8, 2}, {7}, {5, 6}, {4}, {1, 3}], [{8, 2}, {7}, {6}, {1, 5}, {3, 4}], [{8, 3}, {1, 7}, {2, 6}, {4, 5}], [{8, 3}, {1, 7}, {2, 6}, {5}, {4}], [{8, 3}, {1, 7}, {4, 6}, {2, 5}], [{8, 3}, {1, 7}, {4, 6}, {5}, {2}], [{8, 3}, {1, 7}, {5, 6}, {2, 4}], [{8, 3}, {1, 7}, {5, 6}, {4}, {2}], [{8, 3}, {1, 7}, {6}, {2, 5}, {4}], [{8, 3}, {1, 7}, {6}, {4, 5}, {2}], [{8, 3}, {1, 7}, {6}, {5}, {2, 4}], [{8, 3}, {1, 7}, {6}, {5}, {4}, {2}], [{8, 3}, {2, 7}, {1, 6}, {4, 5}], [{8, 3}, {2, 7}, {4, 6}, {1, 5}], [{8, 3}, {2, 7}, {5, 6}, {1, 4}], [{8, 3}, {4, 7}, {1, 6}, {2, 5}], [{8, 3}, {4, 7}, {2, 6}, {1, 5}], [{8, 3}, {4, 7}, {5, 6}, {1, 2}], [{8, 3}, {4, 7}, {5, 6}, {2}, {1}], [{8, 3}, {5, 7}, {1, 6}, {2, 4}], [{8, 3}, {5, 7}, {2, 6}, {1, 4}], [{8, 3}, {5, 7}, {4, 6}, {1, 2}], [{8, 3}, {5, 7}, {6}, {2, 4}, {1}], [{8, 3}, {6, 7}, {1, 5}, {2, 4}], [{8, 3}, {6, 7}, {2, 5}, {1, 4}], [{8, 3}, {6, 7}, {4, 5}, {1, 2}], [{8, 3}, {6, 7}, {4, 5}, {2}, {1}], [{8, 3}, {7}, {1, 6}, {4, 5}, {2}], [{8, 3}, {7}, {5, 6}, {1, 4}, {2}], [{8, 3}, {7}, {6}, {1, 5}, {2, 4}], [{8, 4}, {1, 7}, {2, 6}, {3, 5}], [{8, 4}, {1, 7}, {3, 6}, {2, 5}], [{8, 4}, {1, 7}, {5, 6}, {2, 3}], [{8, 4}, {1, 7}, {6}, {5}, {2, 3}], [{8, 4}, {2, 7}, {1, 6}, {3, 5}], [{8, 4}, {2, 7}, {3, 6}, {1, 5}], [{8, 4}, {2, 7}, {5, 6}, {1, 3}], [{8, 4}, {2, 7}, {6}, {1, 5}, {3}], [{8, 4}, {3, 7}, {1, 6}, {2, 5}], [{8, 4}, {3, 7}, {1, 6}, {5}, {2}], [{8, 4}, {3, 7}, {2, 6}, {1, 5}], [{8, 4}, {3, 7}, {5, 6}, {1, 2}], [{8, 4}, {3, 7}, {5, 6}, {2}, {1}], [{8, 4}, {3, 7}, {6}, {1, 5}, {2}], [{8, 4}, {5, 7}, {1, 6}, {2, 3}], [{8, 4}, {5, 7}, {2, 6}, {1, 3}], [{8, 4}, {5, 7}, {3, 6}, {1, 2}], [{8, 4}, {5, 7}, {6}, {2, 3}, {1}], [{8, 4}, {6, 7}, {1, 5}, {2, 3}], [{8, 4}, {6, 7}, {1, 5}, {3}, {2}], [{8, 4}, {6, 7}, {2, 5}, {1, 3}], [{8, 4}, {6, 7}, {3, 5}, {1, 2}], [{8, 4}, {6, 7}, {3, 5}, {2}, {1}], [{8, 4}, {6, 7}, {5}, {1, 3}, {2}], [{8, 4}, {7}, {2, 6}, {1, 5}, {3}], [{8, 4}, {7}, {3, 6}, {1, 5}, {2}], [{8, 4}, {7}, {6}, {1, 5}, {2, 3}], [{8, 4}, {7}, {6}, {1, 5}, {3}, {2}], [{8, 5}, {1, 7}, {2, 6}, {3, 4}], [{8, 5}, {1, 7}, {3, 6}, {2, 4}], [{8, 5}, {1, 7}, {3, 6}, {4}, {2}], [{8, 5}, {1, 7}, {4, 6}, {2, 3}], [{8, 5}, {2, 7}, {1, 6}, {3, 4}], [{8, 5}, {2, 7}, {3, 6}, {1, 4}], [{8, 5}, {2, 7}, {4, 6}, {1, 3}], [{8, 5}, {3, 7}, {1, 6}, {2, 4}], [{8, 5}, {3, 7}, {2, 6}, {1, 4}], [{8, 5}, {3, 7}, {4, 6}, {1, 2}], [{8, 5}, {4, 7}, {1, 6}, {2, 3}], [{8, 5}, {4, 7}, {2, 6}, {1, 3}], [{8, 5}, {4, 7}, {3, 6}, {1, 2}], [{8, 5}, {4, 7}, {6}, {1, 3}, {2}], [{8, 5}, {6, 7}, {1, 4}, {2, 3}], [{8, 5}, {6, 7}, {1, 4}, {3}, {2}], [{8, 5}, {6, 7}, {2, 4}, {1, 3}], [{8, 5}, {6, 7}, {3, 4}, {1, 2}], [{8, 5}, {6, 7}, {4}, {2, 3}, {1}], [{8, 5}, {7}, {4, 6}, {3}, {1, 2}], [{8, 6}, {1, 7}, {2, 5}, {3, 4}], [{8, 6}, {1, 7}, {3, 5}, {2, 4}], [{8, 6}, {1, 7}, {3, 5}, {4}, {2}], [{8, 6}, {1, 7}, {4, 5}, {2, 3}], [{8, 6}, {2, 7}, {1, 5}, {3, 4}], [{8, 6}, {2, 7}, {3, 5}, {1, 4}], [{8, 6}, {2, 7}, {4, 5}, {1, 3}], [{8, 6}, {3, 7}, {1, 5}, {2, 4}], [{8, 6}, {3, 7}, {2, 5}, {1, 4}], [{8, 6}, {3, 7}, {4, 5}, {1, 2}], [{8, 6}, {3, 7}, {5}, {1, 4}, {2}], [{8, 6}, {4, 7}, {1, 5}, {2, 3}], [{8, 6}, {4, 7}, {2, 5}, {1, 3}], [{8, 6}, {4, 7}, {3, 5}, {1, 2}], [{8, 6}, {5, 7}, {1, 4}, {2, 3}], [{8, 6}, {5, 7}, {2, 4}, {1, 3}], [{8, 6}, {5, 7}, {3, 4}, {1, 2}], [{8, 7}, {1, 6}, {2, 5}, {3, 4}], [{8, 7}, {1, 6}, {3, 5}, {2, 4}], [{8, 7}, {1, 6}, {4, 5}, {2, 3}], [{8, 7}, {2, 6}, {1, 5}, {3, 4}], [{8, 7}, {2, 6}, {3, 5}, {1, 4}], [{8, 7}, {2, 6}, {4, 5}, {1, 3}], [{8, 7}, {3, 6}, {1, 5}, {2, 4}], [{8, 7}, {3, 6}, {2, 5}, {1, 4}], [{8, 7}, {3, 6}, {4, 5}, {1, 2}], [{8, 7}, {4, 6}, {1, 5}, {2, 3}], [{8, 7}, {4, 6}, {2, 5}, {1, 3}], [{8, 7}, {4, 6}, {3, 5}, {1, 2}], [{8, 7}, {4, 6}, {5}, {2, 3}, {1}], [{8, 7}, {5, 6}, {1, 4}, {2, 3}], [{8, 7}, {5, 6}, {2, 4}, {1, 3}], [{8, 7}, {5, 6}, {3, 4}, {1, 2}], [{8, 7}, {5, 6}, {4}, {2, 3}, {1}], [{8, 7}, {6}, {2, 5}, {4}, {1, 3}], [{8, 7}, {6}, {4, 5}, {2, 3}, {1}], [{8, 7}, {6}, {5}, {3, 4}, {1, 2}], [{8}, {2, 7}, {3, 6}, {1, 5}, {4}], [{8}, {3, 7}, {2, 6}, {5}, {1, 4}], [{8}, {3, 7}, {4, 6}, {2, 5}, {1}], [{8}, {3, 7}, {5, 6}, {4}, {1, 2}], [{8}, {4, 7}, {2, 6}, {5}, {1, 3}], [{8}, {5, 7}, {2, 6}, {4}, {1, 3}], [{8}, {6, 7}, {3, 5}, {4}, {1, 2}], [{8}, {7}, {2, 6}, {4, 5}, {1, 3}]]",2,- 8 K_1^4 + 16 K_1^3 + 12 K_1^2 K_2 - 26 K_1^2 - 20 K_1 K_2 - 4 K_1 K_3 - 2 K_1 - 2 K_2^2 + 13 K_2 + 6 K_3 + K_4 + 15,O1O2O3O4U5U3U6O7U4O6O5U8U2O8U1U7,O1O2O3U4U2U5U6O7O6U8O5O8U3U1O4U7,O1O2O3U4O5U3U1O6O7U6O8O4U8U7U2U5,c,{'O1O2O3O4U5U4O6U3U6O7O8U1O5U8U2U7'},1,"<a href=""/flatknot/8.850855"">8.850855</a>",t^9-24t^7-16t^6+104t^5+30t^4-77t^3-6t^2-19t+12,t^2-2t,,
8.850856,O1O2O3O4U5U4O6U3U6O7O8U1O5U8U7U2,4,20z^2+89z+99,-8w^4z^2+28w^3z^2-8w^3z+97w^2z+99w,False,False,"[[ 0 -2  1  0  1 -1  1  0  0],[ 2  0  2 -1  0  0  1  1  0],[-1 -2  0  0  1 -1  1 -1 -1],[ 0  1  0  0  0 -2  1 -1 -1],[-1  0 -1  0  0 -1  0 -1 -1],[ 1  0  1  2  1  0  1 -1  0],[-1 -1 -1 -1  0 -1  0  0  0],[ 0 -1  1  1  1  1  0  0  0],[ 0  0  1  1  1  0  0  0  0]]","[[ 0  1  1  1  0  0  0 -1 -2],[-1  0  1  1  0 -1 -1 -1 -2],[-1 -1  0  0  0 -1 -1 -1  0],[-1 -1  0  0 -1  0  0 -1 -1],[ 0  0  0  1  0 -1 -1 -2  1],[ 0  1  1  0  1  0  0  1 -1],[ 0  1  1  0  1  0  0  0  0],[ 1  1  1  1  2 -1  0  0  0],[ 2  2  0  1 -1  1  0  0  0]]",True,"[-1,-1,-1,0,0,0,1,2,-1,-1,0,1,1,1,2,0,0,1,1,1,0,1,0,0,1,1,1,1,2,-1,0,-1,1,0,0,0]","[-2,-1,0,0,0,1,1,1,0,-1,0,1,0,1,2,2,0,-1,1,1,1,-1,-1,0,1,0,0,1,0,1,1,0,1,0,-1,-1]",t^8+24t^6+132t^4+71t^2,"[-2,-1,0,0,0,1,1,1,1,1,2,3,1,2,3,2,1,-1,1,1,1,0,-1,0,1,0,-1,0,1,0,1,0,1,-1,-1,0]","[-1,-1,-1,0,0,0,1,2,-1,0,0,0,1,1,3,1,0,0,1,1,1,1,1,0,1,2,0,1,1,2,1,2,1,-1,3,1]","[-2,-1,0,0,0,1,1,1,0,-1,0,1,0,1,2,2,0,-1,1,1,1,-1,-1,0,1,0,0,1,0,1,1,0,1,0,-1,-1]",c,"[[{8, 1}, {2, 7}, {3, 6}, {4, 5}], [{8, 1}, {2, 7}, {4, 6}, {3, 5}], [{8, 1}, {2, 7}, {5, 6}, {3, 4}], [{8, 1}, {2, 7}, {5, 6}, {4}, {3}], [{8, 1}, {2, 7}, {6}, {5}, {3, 4}], [{8, 1}, {3, 7}, {2, 6}, {4, 5}], [{8, 1}, {3, 7}, {4, 6}, {2, 5}], [{8, 1}, {3, 7}, {5, 6}, {2, 4}], [{8, 1}, {3, 7}, {6}, {2, 5}, {4}], [{8, 1}, {4, 7}, {2, 6}, {3, 5}], [{8, 1}, {4, 7}, {3, 6}, {2, 5}], [{8, 1}, {4, 7}, {5, 6}, {2, 3}], [{8, 1}, {4, 7}, {6}, {2, 5}, {3}], [{8, 1}, {5, 7}, {2, 6}, {3, 4}], [{8, 1}, {5, 7}, {3, 6}, {2, 4}], [{8, 1}, {5, 7}, {3, 6}, {4}, {2}], [{8, 1}, {5, 7}, {4, 6}, {2, 3}], [{8, 1}, {5, 7}, {4, 6}, {3}, {2}], [{8, 1}, {5, 7}, {6}, {3, 4}, {2}], [{8, 1}, {6, 7}, {2, 5}, {3, 4}], [{8, 1}, {6, 7}, {3, 5}, {2, 4}], [{8, 1}, {6, 7}, {4, 5}, {2, 3}], [{8, 1}, {7}, {4, 6}, {5}, {2, 3}], [{8, 1}, {7}, {6}, {2, 5}, {3, 4}], [{8, 2}, {1, 7}, {3, 6}, {4, 5}], [{8, 2}, {1, 7}, {4, 6}, {3, 5}], [{8, 2}, {1, 7}, {5, 6}, {3, 4}], [{8, 2}, {3, 7}, {1, 6}, {4, 5}], [{8, 2}, {3, 7}, {4, 6}, {1, 5}], [{8, 2}, {3, 7}, {5, 6}, {1, 4}], [{8, 2}, {4, 7}, {1, 6}, {3, 5}], [{8, 2}, {4, 7}, {3, 6}, {1, 5}], [{8, 2}, {4, 7}, {5, 6}, {1, 3}], [{8, 2}, {5, 7}, {1, 6}, {3, 4}], [{8, 2}, {5, 7}, {3, 6}, {1, 4}], [{8, 2}, {5, 7}, {4, 6}, {1, 3}], [{8, 2}, {6, 7}, {1, 5}, {3, 4}], [{8, 2}, {6, 7}, {3, 5}, {1, 4}], [{8, 2}, {6, 7}, {4, 5}, {1, 3}], [{8, 2}, {7}, {3, 6}, {1, 5}, {4}], [{8, 2}, {7}, {3, 6}, {4, 5}, {1}], [{8, 2}, {7}, {3, 6}, {5}, {1, 4}], [{8, 2}, {7}, {5, 6}, {3, 4}, {1}], [{8, 3}, {1, 7}, {2, 6}, {4, 5}], [{8, 3}, {1, 7}, {4, 6}, {2, 5}], [{8, 3}, {1, 7}, {5, 6}, {2, 4}], [{8, 3}, {1, 7}, {6}, {2, 5}, {4}], [{8, 3}, {2, 7}, {1, 6}, {4, 5}], [{8, 3}, {2, 7}, {4, 6}, {1, 5}], [{8, 3}, {2, 7}, {5, 6}, {1, 4}], [{8, 3}, {4, 7}, {1, 6}, {2, 5}], [{8, 3}, {4, 7}, {2, 6}, {1, 5}], [{8, 3}, {4, 7}, {5, 6}, {1, 2}], [{8, 3}, {4, 7}, {6}, {1, 5}, {2}], [{8, 3}, {5, 7}, {1, 6}, {2, 4}], [{8, 3}, {5, 7}, {2, 6}, {1, 4}], [{8, 3}, {5, 7}, {4, 6}, {1, 2}], [{8, 3}, {6, 7}, {1, 5}, {2, 4}], [{8, 3}, {6, 7}, {2, 5}, {1, 4}], [{8, 3}, {6, 7}, {4, 5}, {1, 2}], [{8, 4}, {1, 7}, {2, 6}, {3, 5}], [{8, 4}, {1, 7}, {3, 6}, {2, 5}], [{8, 4}, {1, 7}, {5, 6}, {2, 3}], [{8, 4}, {1, 7}, {6}, {5}, {2, 3}], [{8, 4}, {2, 7}, {1, 6}, {3, 5}], [{8, 4}, {2, 7}, {3, 6}, {1, 5}], [{8, 4}, {2, 7}, {5, 6}, {1, 3}], [{8, 4}, {3, 7}, {1, 6}, {2, 5}], [{8, 4}, {3, 7}, {2, 6}, {1, 5}], [{8, 4}, {3, 7}, {5, 6}, {1, 2}], [{8, 4}, {3, 7}, {6}, {1, 5}, {2}], [{8, 4}, {3, 7}, {6}, {2, 5}, {1}], [{8, 4}, {3, 7}, {6}, {5}, {1, 2}], [{8, 4}, {5, 7}, {1, 6}, {2, 3}], [{8, 4}, {5, 7}, {2, 6}, {1, 3}], [{8, 4}, {5, 7}, {3, 6}, {1, 2}], [{8, 4}, {6, 7}, {1, 5}, {2, 3}], [{8, 4}, {6, 7}, {1, 5}, {3}, {2}], [{8, 4}, {6, 7}, {2, 5}, {1, 3}], [{8, 4}, {6, 7}, {3, 5}, {1, 2}], [{8, 4}, {7}, {3, 6}, {1, 5}, {2}], [{8, 5}, {1, 7}, {2, 6}, {3, 4}], [{8, 5}, {1, 7}, {3, 6}, {2, 4}], [{8, 5}, {1, 7}, {3, 6}, {4}, {2}], [{8, 5}, {1, 7}, {4, 6}, {2, 3}], [{8, 5}, {1, 7}, {4, 6}, {3}, {2}], [{8, 5}, {1, 7}, {6}, {3, 4}, {2}], [{8, 5}, {2, 7}, {1, 6}, {3, 4}], [{8, 5}, {2, 7}, {3, 6}, {1, 4}], [{8, 5}, {2, 7}, {4, 6}, {1, 3}], [{8, 5}, {2, 7}, {6}, {1, 4}, {3}], [{8, 5}, {3, 7}, {1, 6}, {2, 4}], [{8, 5}, {3, 7}, {2, 6}, {1, 4}], [{8, 5}, {3, 7}, {4, 6}, {1, 2}], [{8, 5}, {3, 7}, {6}, {2, 4}, {1}], [{8, 5}, {4, 7}, {1, 6}, {2, 3}], [{8, 5}, {4, 7}, {1, 6}, {3}, {2}], [{8, 5}, {4, 7}, {2, 6}, {1, 3}], [{8, 5}, {4, 7}, {2, 6}, {3}, {1}], [{8, 5}, {4, 7}, {3, 6}, {1, 2}], [{8, 5}, {4, 7}, {6}, {3}, {1, 2}], [{8, 5}, {6, 7}, {1, 4}, {2, 3}], [{8, 5}, {6, 7}, {2, 4}, {1, 3}], [{8, 5}, {6, 7}, {3, 4}, {1, 2}], [{8, 5}, {6, 7}, {4}, {1, 3}, {2}], [{8, 5}, {7}, {4, 6}, {2, 3}, {1}], [{8, 6}, {1, 7}, {2, 5}, {3, 4}], [{8, 6}, {1, 7}, {3, 5}, {2, 4}], [{8, 6}, {1, 7}, {4, 5}, {2, 3}], [{8, 6}, {2, 7}, {1, 5}, {3, 4}], [{8, 6}, {2, 7}, {3, 5}, {1, 4}], [{8, 6}, {2, 7}, {4, 5}, {1, 3}], [{8, 6}, {3, 7}, {1, 5}, {2, 4}], [{8, 6}, {3, 7}, {2, 5}, {1, 4}], [{8, 6}, {3, 7}, {2, 5}, {4}, {1}], [{8, 6}, {3, 7}, {4, 5}, {1, 2}], [{8, 6}, {3, 7}, {4, 5}, {2}, {1}], [{8, 6}, {3, 7}, {5}, {2, 4}, {1}], [{8, 6}, {4, 7}, {1, 5}, {2, 3}], [{8, 6}, {4, 7}, {1, 5}, {3}, {2}], [{8, 6}, {4, 7}, {2, 5}, {1, 3}], [{8, 6}, {4, 7}, {3, 5}, {1, 2}], [{8, 6}, {5, 7}, {1, 4}, {2, 3}], [{8, 6}, {5, 7}, {2, 4}, {1, 3}], [{8, 6}, {5, 7}, {3, 4}, {1, 2}], [{8, 7}, {1, 6}, {2, 5}, {3, 4}], [{8, 7}, {1, 6}, {3, 5}, {2, 4}], [{8, 7}, {1, 6}, {4, 5}, {2, 3}], [{8, 7}, {2, 6}, {1, 5}, {3, 4}], [{8, 7}, {2, 6}, {3, 5}, {1, 4}], [{8, 7}, {2, 6}, {4, 5}, {1, 3}], [{8, 7}, {3, 6}, {1, 5}, {2, 4}], [{8, 7}, {3, 6}, {1, 5}, {4}, {2}], [{8, 7}, {3, 6}, {2, 5}, {1, 4}], [{8, 7}, {3, 6}, {4, 5}, {1, 2}], [{8, 7}, {4, 6}, {1, 5}, {2, 3}], [{8, 7}, {4, 6}, {2, 5}, {1, 3}], [{8, 7}, {4, 6}, {3, 5}, {1, 2}], [{8, 7}, {5, 6}, {1, 4}, {2, 3}], [{8, 7}, {5, 6}, {2, 4}, {1, 3}], [{8, 7}, {5, 6}, {3, 4}, {1, 2}], [{8}, {1, 7}, {2, 6}, {3, 5}, {4}], [{8}, {1, 7}, {5, 6}, {4}, {2, 3}], [{8}, {2, 7}, {3, 6}, {1, 5}, {4}], [{8}, {3, 7}, {1, 6}, {2, 5}, {4}], [{8}, {3, 7}, {2, 6}, {5}, {1, 4}], [{8}, {3, 7}, {4, 6}, {2, 5}, {1}], [{8}, {3, 7}, {5, 6}, {1, 4}, {2}], [{8}, {3, 7}, {5, 6}, {2, 4}, {1}], [{8}, {3, 7}, {5, 6}, {4}, {1, 2}], [{8}, {3, 7}, {6}, {2, 5}, {1, 4}], [{8}, {4, 7}, {3, 6}, {1, 5}, {2}], [{8}, {4, 7}, {5, 6}, {1, 3}, {2}], [{8}, {5, 7}, {6}, {1, 4}, {2, 3}], [{8}, {6, 7}, {3, 5}, {1, 4}, {2}], [{8}, {7}, {2, 6}, {1, 5}, {3, 4}], [{8}, {7}, {3, 6}, {1, 5}, {2, 4}], [{8}, {7}, {3, 6}, {1, 5}, {4}, {2}], [{8}, {7}, {4, 6}, {1, 5}, {2, 3}]]",2,4 K_1^3 + 4 K_1^2 K_2 - 10 K_1^2 - 8 K_1 K_2 - 4 K_1 K_3 + K_1 - 4 K_2^2 + 5 K_2 + 3 K_3 + 3 K_4 + 7,O1O2O3O4U3U5U6O7U4O6O5U8U2O8U1U7,O1O2O3U4U3U5U6O7O6U8O5O8U2U1O4U7,O1O2O3U4O5U3U2O6O7U6O8O4U8U7U1U5,c,{'O1O2O3O4U5U4O6U3U6O7O8U1O5U8U7U2'},1,"<a href=""/flatknot/8.850856"">8.850856</a>",t^9-26t^7-28t^6+81t^5+48t^4-58t^3+30t^2-56t+8,t^2-2t,,
8.850857,O1O2O3O4U5U4O6U3U6O7O8U2O5U1U7U8,3,23z^2+84z+77,-8w^4z^2+31w^3z^2-8w^3z+92w^2z+77w,False,False,"[[ 0 -2 -1  0  1 -1  1  0  2],[ 2  0  1  0  1 -1  1  1  2],[ 1 -1  0 -1  0 -1  1  0  1],[ 0  0  1  0  0 -2  1 -1 -1],[-1 -1  0  0  0 -1  0 -1 -1],[ 1  1  1  2  1  0  1  0  1],[-1 -1 -1 -1  0 -1  0  0  0],[ 0 -1  0  1  1  0  0  0  1],[-2 -2 -1  1  1 -1  0 -1  0]]","[[ 0  2  1  1  0  0 -1 -1 -2],[-2  0  1  0  1 -1 -1 -1 -2],[-1 -1  0  0  0 -1  0 -1 -1],[-1  0  0  0 -1  0 -1 -1 -1],[ 0 -1  0  1  0 -1  1 -2  0],[ 0  1  1  0  1  0  0  0 -1],[ 1  1  0  1 -1  0  0 -1 -1],[ 1  1  1  1  2  0  1  0  1],[ 2  2  1  1  0  1  1 -1  0]]",True,"[-2,-1,-1,0,0,1,1,2,-1,0,-1,1,1,1,2,0,0,1,0,1,1,1,0,1,1,1,1,-1,2,0,0,0,1,1,1,-1]","[-2,-1,-1,0,0,1,1,2,-1,0,-1,1,1,1,2,0,0,1,0,1,1,1,0,1,1,1,1,-1,2,0,0,0,1,1,1,-1]",t^8+26t^6+157t^4+71t^2,"[-2,-1,-1,0,0,1,1,2,0,2,1,2,2,2,2,1,1,2,1,2,2,1,-1,1,1,2,-1,1,0,1,0,1,3,0,1,2]","[-2,-1,-1,0,0,1,1,2,1,2,1,3,2,2,2,0,1,0,1,1,2,0,1,1,2,2,1,1,1,1,-1,2,2,1,2,0]","[-2,-1,-1,0,0,1,1,2,-1,1,0,1,1,1,2,1,2,0,1,1,1,-1,0,0,1,1,-1,0,1,-1,1,0,1,0,-1,0]",c,"[[{8, 2}, {3, 7}, {4, 6}, {1, 5}], [{8, 2}, {3, 7}, {6}, {1, 5}, {4}]]",1,- 8 K_1^4 + 20 K_1^3 + 24 K_1^2 K_2 - 20 K_1^2 - 16 K_1 K_2 - 12 K_1 K_3 - 7 K_1 - 2 K_2^2 + 8 K_2 + 3 K_3 + 2 K_4 + 9,O1O2O3O4U5U6U4O7U3O5O6U8U2O8U1U7,O1O2O3U1U4U5U6O7O6U8O5O8U2U3O4U7,O1O2O3U4O5U1U2O6O7U6O8O4U8U7U5U3,c,{'O1O2O3O4U5U4O6U3U6O7O8U2O5U1U7U8'},1,"<a href=""/flatknot/8.850857"">8.850857</a>",t^9-26t^7-58t^6+21t^5+158t^4+79t^3-114t^2-108t-24,0,,
8.850858,O1O2O3O4U5U4O6U3U6O7O8U2O5U1U8U7,4,8z^3+52z^2+105z+67,8w^4z^3+52w^3z^2+105w^2z+67w,False,False,"[[ 0 -2 -1  0  1 -1  1  1  1],[ 2  0  1  0  1 -1  1  2  1],[ 1 -1  0 -1  0 -1  1  1  0],[ 0  0  1  0  0 -2  1 -1 -1],[-1 -1  0  0  0 -1  0 -1 -1],[ 1  1  1  2  1  0  1  0  1],[-1 -1 -1 -1  0 -1  0  0  0],[-1 -2 -1  1  1  0  0  0  0],[-1 -1  0  1  1 -1  0  0  0]]","[[ 0  1  1  1  1  0 -1 -1 -2],[-1  0  1  0  0  1  0 -1 -1],[-1 -1  0  0 -1  0  0 -1 -1],[-1  0  0  0  0 -1 -1 -1 -1],[-1  0  1  0  0  1 -1  0 -2],[ 0 -1  0  1 -1  0  1 -2  0],[ 1  0  0  1  1 -1  0 -1 -1],[ 1  1  1  1  0  2  1  0  1],[ 2  1  1  1  2  0  1 -1  0]]",True,"[-1,-1,-1,-1,0,1,1,2,-1,0,0,-1,0,1,1,0,1,0,0,1,1,0,1,1,1,1,-1,1,0,2,-1,2,0,1,1,-1]","[-2,-1,-1,0,1,1,1,1,-1,1,0,1,1,1,2,1,2,1,1,1,0,-1,0,0,1,1,-1,0,1,-1,1,0,0,0,-1,0]",t^8+25t^6+155t^4+92t^2+1,"[-2,-1,-1,0,1,1,1,1,0,2,2,1,2,2,2,1,2,1,1,2,2,-1,2,1,1,1,2,0,1,2,0,-1,0,0,0,1]","[-1,-1,-1,-1,0,1,1,2,-1,-1,0,1,1,2,2,0,0,2,1,2,2,0,2,2,1,1,0,1,1,2,-1,2,2,1,2,0]","[-2,-1,-1,0,1,1,1,1,-1,1,0,1,1,1,2,1,2,1,1,1,0,-1,0,0,1,1,-1,0,1,-1,1,0,0,0,-1,0]",c,"[[{8, 1}, {2, 7}, {3, 6}, {4, 5}], [{8, 1}, {2, 7}, {4, 6}, {3, 5}], [{8, 1}, {2, 7}, {5, 6}, {3, 4}], [{8, 1}, {3, 7}, {2, 6}, {4, 5}], [{8, 1}, {3, 7}, {4, 6}, {2, 5}], [{8, 1}, {3, 7}, {5, 6}, {2, 4}], [{8, 1}, {4, 7}, {2, 6}, {3, 5}], [{8, 1}, {4, 7}, {3, 6}, {2, 5}], [{8, 1}, {4, 7}, {5, 6}, {2, 3}], [{8, 1}, {5, 7}, {2, 6}, {3, 4}], [{8, 1}, {5, 7}, {3, 6}, {2, 4}], [{8, 1}, {5, 7}, {4, 6}, {2, 3}], [{8, 1}, {5, 7}, {6}, {3, 4}, {2}], [{8, 1}, {6, 7}, {2, 5}, {3, 4}], [{8, 1}, {6, 7}, {3, 5}, {2, 4}], [{8, 1}, {6, 7}, {3, 5}, {4}, {2}], [{8, 1}, {6, 7}, {4, 5}, {2, 3}], [{8, 1}, {7}, {2, 6}, {4, 5}, {3}], [{8, 1}, {7}, {4, 6}, {2, 5}, {3}], [{8, 1}, {7}, {5, 6}, {2, 4}, {3}], [{8, 2}, {1, 7}, {3, 6}, {4, 5}], [{8, 2}, {1, 7}, {3, 6}, {5}, {4}], [{8, 2}, {1, 7}, {4, 6}, {3, 5}], [{8, 2}, {1, 7}, {5, 6}, {3, 4}], [{8, 2}, {1, 7}, {6}, {4, 5}, {3}], [{8, 2}, {3, 7}, {1, 6}, {4, 5}], [{8, 2}, {3, 7}, {4, 6}, {1, 5}], [{8, 2}, {3, 7}, {5, 6}, {1, 4}], [{8, 2}, {3, 7}, {6}, {1, 5}, {4}], [{8, 2}, {4, 7}, {1, 6}, {3, 5}], [{8, 2}, {4, 7}, {3, 6}, {1, 5}], [{8, 2}, {4, 7}, {5, 6}, {1, 3}], [{8, 2}, {5, 7}, {1, 6}, {3, 4}], [{8, 2}, {5, 7}, {3, 6}, {1, 4}], [{8, 2}, {5, 7}, {3, 6}, {4}, {1}], [{8, 2}, {5, 7}, {4, 6}, {1, 3}], [{8, 2}, {6, 7}, {1, 5}, {3, 4}], [{8, 2}, {6, 7}, {1, 5}, {4}, {3}], [{8, 2}, {6, 7}, {3, 5}, {1, 4}], [{8, 2}, {6, 7}, {4, 5}, {1, 3}], [{8, 2}, {6, 7}, {4, 5}, {3}, {1}], [{8, 2}, {6, 7}, {5}, {1, 4}, {3}], [{8, 2}, {7}, {1, 6}, {3, 5}, {4}], [{8, 2}, {7}, {1, 6}, {4, 5}, {3}], [{8, 2}, {7}, {1, 6}, {5}, {3, 4}], [{8, 2}, {7}, {3, 6}, {1, 5}, {4}], [{8, 2}, {7}, {4, 6}, {3, 5}, {1}], [{8, 2}, {7}, {6}, {3, 5}, {1, 4}], [{8, 3}, {1, 7}, {2, 6}, {4, 5}], [{8, 3}, {1, 7}, {4, 6}, {2, 5}], [{8, 3}, {1, 7}, {5, 6}, {2, 4}], [{8, 3}, {1, 7}, {6}, {4, 5}, {2}], [{8, 3}, {2, 7}, {1, 6}, {4, 5}], [{8, 3}, {2, 7}, {4, 6}, {1, 5}], [{8, 3}, {2, 7}, {5, 6}, {1, 4}], [{8, 3}, {2, 7}, {6}, {1, 5}, {4}], [{8, 3}, {4, 7}, {1, 6}, {2, 5}], [{8, 3}, {4, 7}, {2, 6}, {1, 5}], [{8, 3}, {4, 7}, {5, 6}, {1, 2}], [{8, 3}, {5, 7}, {1, 6}, {2, 4}], [{8, 3}, {5, 7}, {2, 6}, {1, 4}], [{8, 3}, {5, 7}, {2, 6}, {4}, {1}], [{8, 3}, {5, 7}, {4, 6}, {1, 2}], [{8, 3}, {6, 7}, {1, 5}, {2, 4}], [{8, 3}, {6, 7}, {2, 5}, {1, 4}], [{8, 3}, {6, 7}, {4, 5}, {1, 2}], [{8, 3}, {6, 7}, {5}, {1, 4}, {2}], [{8, 3}, {7}, {4, 6}, {1, 5}, {2}], [{8, 3}, {7}, {6}, {2, 5}, {1, 4}], [{8, 4}, {1, 7}, {2, 6}, {3, 5}], [{8, 4}, {1, 7}, {3, 6}, {2, 5}], [{8, 4}, {1, 7}, {5, 6}, {2, 3}], [{8, 4}, {2, 7}, {1, 6}, {3, 5}], [{8, 4}, {2, 7}, {3, 6}, {1, 5}], [{8, 4}, {2, 7}, {5, 6}, {1, 3}], [{8, 4}, {3, 7}, {1, 6}, {2, 5}], [{8, 4}, {3, 7}, {2, 6}, {1, 5}], [{8, 4}, {3, 7}, {5, 6}, {1, 2}], [{8, 4}, {5, 7}, {1, 6}, {2, 3}], [{8, 4}, {5, 7}, {2, 6}, {1, 3}], [{8, 4}, {5, 7}, {3, 6}, {1, 2}], [{8, 4}, {6, 7}, {1, 5}, {2, 3}], [{8, 4}, {6, 7}, {2, 5}, {1, 3}], [{8, 4}, {6, 7}, {2, 5}, {3}, {1}], [{8, 4}, {6, 7}, {3, 5}, {1, 2}], [{8, 4}, {7}, {6}, {1, 5}, {2, 3}], [{8, 4}, {7}, {6}, {2, 5}, {1, 3}], [{8, 5}, {1, 7}, {2, 6}, {3, 4}], [{8, 5}, {1, 7}, {3, 6}, {2, 4}], [{8, 5}, {1, 7}, {4, 6}, {2, 3}], [{8, 5}, {2, 7}, {1, 6}, {3, 4}], [{8, 5}, {2, 7}, {3, 6}, {1, 4}], [{8, 5}, {2, 7}, {4, 6}, {1, 3}], [{8, 5}, {3, 7}, {1, 6}, {2, 4}], [{8, 5}, {3, 7}, {2, 6}, {1, 4}], [{8, 5}, {3, 7}, {2, 6}, {4}, {1}], [{8, 5}, {3, 7}, {4, 6}, {1, 2}], [{8, 5}, {4, 7}, {1, 6}, {2, 3}], [{8, 5}, {4, 7}, {2, 6}, {1, 3}], [{8, 5}, {4, 7}, {3, 6}, {1, 2}], [{8, 5}, {6, 7}, {1, 4}, {2, 3}], [{8, 5}, {6, 7}, {2, 4}, {1, 3}], [{8, 5}, {6, 7}, {3, 4}, {1, 2}], [{8, 5}, {6, 7}, {3, 4}, {2}, {1}], [{8, 5}, {7}, {4, 6}, {1, 3}, {2}], [{8, 6}, {1, 7}, {2, 5}, {3, 4}], [{8, 6}, {1, 7}, {3, 5}, {2, 4}], [{8, 6}, {1, 7}, {4, 5}, {2, 3}], [{8, 6}, {1, 7}, {4, 5}, {3}, {2}], [{8, 6}, {2, 7}, {1, 5}, {3, 4}], [{8, 6}, {2, 7}, {3, 5}, {1, 4}], [{8, 6}, {2, 7}, {4, 5}, {1, 3}], [{8, 6}, {3, 7}, {1, 5}, {2, 4}], [{8, 6}, {3, 7}, {2, 5}, {1, 4}], [{8, 6}, {3, 7}, {4, 5}, {1, 2}], [{8, 6}, {4, 7}, {1, 5}, {2, 3}], [{8, 6}, {4, 7}, {2, 5}, {1, 3}], [{8, 6}, {4, 7}, {3, 5}, {1, 2}], [{8, 6}, {5, 7}, {1, 4}, {2, 3}], [{8, 6}, {5, 7}, {2, 4}, {1, 3}], [{8, 6}, {5, 7}, {3, 4}, {1, 2}], [{8, 7}, {1, 6}, {2, 5}, {3, 4}], [{8, 7}, {1, 6}, {3, 5}, {2, 4}], [{8, 7}, {1, 6}, {4, 5}, {2, 3}], [{8, 7}, {2, 6}, {1, 5}, {3, 4}], [{8, 7}, {2, 6}, {3, 5}, {1, 4}], [{8, 7}, {2, 6}, {4, 5}, {1, 3}], [{8, 7}, {2, 6}, {4, 5}, {3}, {1}], [{8, 7}, {3, 6}, {1, 5}, {2, 4}], [{8, 7}, {3, 6}, {2, 5}, {1, 4}], [{8, 7}, {3, 6}, {4, 5}, {1, 2}], [{8, 7}, {4, 6}, {1, 5}, {2, 3}], [{8, 7}, {4, 6}, {2, 5}, {1, 3}], [{8, 7}, {4, 6}, {2, 5}, {3}, {1}], [{8, 7}, {4, 6}, {3, 5}, {1, 2}], [{8, 7}, {5, 6}, {1, 4}, {2, 3}], [{8, 7}, {5, 6}, {2, 4}, {1, 3}], [{8, 7}, {5, 6}, {2, 4}, {3}, {1}], [{8, 7}, {5, 6}, {3, 4}, {1, 2}], [{8, 7}, {6}, {1, 5}, {4}, {2, 3}], [{8}, {1, 7}, {2, 6}, {4, 5}, {3}], [{8}, {1, 7}, {3, 6}, {4, 5}, {2}], [{8}, {1, 7}, {4, 6}, {2, 5}, {3}], [{8}, {1, 7}, {5, 6}, {2, 4}, {3}], [{8}, {1, 7}, {6}, {4, 5}, {2, 3}], [{8}, {1, 7}, {6}, {4, 5}, {3}, {2}], [{8}, {3, 7}, {1, 6}, {2, 5}, {4}], [{8}, {3, 7}, {5, 6}, {1, 4}, {2}], [{8}, {4, 7}, {5, 6}, {1, 3}, {2}], [{8}, {4, 7}, {6}, {1, 5}, {2, 3}], [{8}, {6, 7}, {2, 5}, {4}, {1, 3}], [{8}, {6, 7}, {3, 5}, {2, 4}, {1}], [{8}, {6, 7}, {5}, {1, 4}, {2, 3}]]",2,- 8 K_1^4 + 8 K_1^3 + 12 K_1^2 K_2 - 2 K_1^2 - 8 K_1 K_2 - 4 K_1 K_3 - 2 K_1 - 2 K_2^2 + K_2 + 2 K_3 + K_4 + 3,O1O2O3O4U5U6U4O7U3O6O5U8U2O8U1U7,O1O2O3U1U4U5U6O7O6U8O5O8U3U2O4U7,O1O2O3U4O5U2U1O6O7U6O8O4U8U7U5U3,c,{'O1O2O3O4U5U4O6U3U6O7O8U2O5U1U8U7'},1,"<a href=""/flatknot/8.850858"">8.850858</a>",t^9-27t^7-46t^6+68t^5+140t^4-49t^3-124t^2-2t+20,t^2-2t,,
8.850859,O1O2O3O4U5U4O6U3U6O7O8U2O5U7U1U8,4,4z^3+32z^2+97z+99,4w^4z^3+32w^3z^2+97w^2z+99w,False,False,"[[ 0 -1 -1  0  1 -1  1 -1  2],[ 1  0  0  0  1 -1  1  0  2],[ 1  0  0 -1  0 -1  1  0  1],[ 0  0  1  0  0 -2  1 -1 -1],[-1 -1  0  0  0 -1  0 -1 -1],[ 1  1  1  2  1  0  1 -1  1],[-1 -1 -1 -1  0 -1  0  0  0],[ 1  0  0  1  1  1  0  0  1],[-2 -2 -1  1  1 -1  0 -1  0]]","[[ 0  2  1  1  0 -1 -1 -1 -1],[-2  0  1  0  1 -1 -1 -1 -2],[-1 -1  0  0  0  0 -1 -1 -1],[-1  0  0  0 -1 -1  0 -1 -1],[ 0 -1  0  1  0  1 -1 -2  0],[ 1  1  0  1 -1  0  0 -1  0],[ 1  1  1  0  1  0  0  1  0],[ 1  1  1  1  2  1 -1  0  1],[ 1  2  1  1  0  0  0 -1  0]]",True,"[-2,-1,-1,0,1,1,1,1,-1,0,-1,1,1,1,2,0,0,0,1,1,1,1,1,0,1,1,-1,1,2,0,0,1,0,-1,0,-1]","[-2,-1,-1,0,1,1,1,1,-1,0,-1,1,1,1,2,0,0,0,1,1,1,1,1,0,1,1,-1,1,2,0,0,1,0,-1,0,-1]",t^8+25t^6+144t^4+30t^2+1,"[-1,-1,-1,-1,0,1,1,2,-1,-1,1,-1,1,1,2,0,0,1,1,1,1,0,2,1,2,2,0,2,1,2,0,1,3,0,1,2]","[-2,-1,-1,0,1,1,1,1,1,2,3,1,2,2,2,0,0,1,1,1,2,1,1,1,2,1,1,-1,2,0,-1,0,0,1,-1,0]","[-1,-1,-1,-1,0,1,1,2,-1,0,0,-1,0,1,1,-1,1,2,1,1,1,0,1,1,0,1,0,1,1,2,0,1,-1,0,-1,0]",c,"[[{8, 1}, {2, 7}, {3, 6}, {4, 5}], [{8, 1}, {2, 7}, {4, 6}, {3, 5}], [{8, 1}, {2, 7}, {5, 6}, {3, 4}], [{8, 1}, {3, 7}, {2, 6}, {4, 5}], [{8, 1}, {3, 7}, {4, 6}, {2, 5}], [{8, 1}, {3, 7}, {5, 6}, {2, 4}], [{8, 1}, {3, 7}, {6}, {5}, {2, 4}], [{8, 1}, {4, 7}, {2, 6}, {3, 5}], [{8, 1}, {4, 7}, {3, 6}, {2, 5}], [{8, 1}, {4, 7}, {5, 6}, {2, 3}], [{8, 1}, {5, 7}, {2, 6}, {3, 4}], [{8, 1}, {5, 7}, {3, 6}, {2, 4}], [{8, 1}, {5, 7}, {4, 6}, {2, 3}], [{8, 1}, {5, 7}, {6}, {2, 4}, {3}], [{8, 1}, {6, 7}, {2, 5}, {3, 4}], [{8, 1}, {6, 7}, {3, 5}, {2, 4}], [{8, 1}, {6, 7}, {4, 5}, {2, 3}], [{8, 1}, {6, 7}, {5}, {2, 4}, {3}], [{8, 1}, {7}, {2, 6}, {4, 5}, {3}], [{8, 1}, {7}, {3, 6}, {5}, {2, 4}], [{8, 1}, {7}, {4, 6}, {2, 5}, {3}], [{8, 1}, {7}, {5, 6}, {2, 4}, {3}], [{8, 1}, {7}, {6}, {3, 5}, {2, 4}], [{8, 1}, {7}, {6}, {5}, {2, 4}, {3}], [{8, 2}, {1, 7}, {3, 6}, {4, 5}], [{8, 2}, {1, 7}, {4, 6}, {3, 5}], [{8, 2}, {1, 7}, {5, 6}, {3, 4}], [{8, 2}, {1, 7}, {6}, {4, 5}, {3}], [{8, 2}, {3, 7}, {1, 6}, {4, 5}], [{8, 2}, {3, 7}, {4, 6}, {1, 5}], [{8, 2}, {3, 7}, {5, 6}, {1, 4}], [{8, 2}, {3, 7}, {6}, {1, 5}, {4}], [{8, 2}, {4, 7}, {1, 6}, {3, 5}], [{8, 2}, {4, 7}, {3, 6}, {1, 5}], [{8, 2}, {4, 7}, {5, 6}, {1, 3}], [{8, 2}, {4, 7}, {6}, {5}, {1, 3}], [{8, 2}, {5, 7}, {1, 6}, {3, 4}], [{8, 2}, {5, 7}, {3, 6}, {1, 4}], [{8, 2}, {5, 7}, {3, 6}, {4}, {1}], [{8, 2}, {5, 7}, {4, 6}, {1, 3}], [{8, 2}, {5, 7}, {4, 6}, {3}, {1}], [{8, 2}, {5, 7}, {6}, {3, 4}, {1}], [{8, 2}, {6, 7}, {1, 5}, {3, 4}], [{8, 2}, {6, 7}, {3, 5}, {1, 4}], [{8, 2}, {6, 7}, {4, 5}, {1, 3}], [{8, 2}, {6, 7}, {5}, {1, 4}, {3}], [{8, 2}, {7}, {6}, {3, 5}, {1, 4}], [{8, 3}, {1, 7}, {2, 6}, {4, 5}], [{8, 3}, {1, 7}, {4, 6}, {2, 5}], [{8, 3}, {1, 7}, {5, 6}, {2, 4}], [{8, 3}, {1, 7}, {6}, {4, 5}, {2}], [{8, 3}, {2, 7}, {1, 6}, {4, 5}], [{8, 3}, {2, 7}, {4, 6}, {1, 5}], [{8, 3}, {2, 7}, {5, 6}, {1, 4}], [{8, 3}, {2, 7}, {6}, {1, 5}, {4}], [{8, 3}, {4, 7}, {1, 6}, {2, 5}], [{8, 3}, {4, 7}, {2, 6}, {1, 5}], [{8, 3}, {4, 7}, {5, 6}, {1, 2}], [{8, 3}, {5, 7}, {1, 6}, {2, 4}], [{8, 3}, {5, 7}, {2, 6}, {1, 4}], [{8, 3}, {5, 7}, {2, 6}, {4}, {1}], [{8, 3}, {5, 7}, {4, 6}, {1, 2}], [{8, 3}, {6, 7}, {1, 5}, {2, 4}], [{8, 3}, {6, 7}, {2, 5}, {1, 4}], [{8, 3}, {6, 7}, {4, 5}, {1, 2}], [{8, 3}, {7}, {2, 6}, {5}, {1, 4}], [{8, 3}, {7}, {4, 6}, {1, 5}, {2}], [{8, 4}, {1, 7}, {2, 6}, {3, 5}], [{8, 4}, {1, 7}, {3, 6}, {2, 5}], [{8, 4}, {1, 7}, {5, 6}, {2, 3}], [{8, 4}, {2, 7}, {1, 6}, {3, 5}], [{8, 4}, {2, 7}, {3, 6}, {1, 5}], [{8, 4}, {2, 7}, {5, 6}, {1, 3}], [{8, 4}, {3, 7}, {1, 6}, {2, 5}], [{8, 4}, {3, 7}, {2, 6}, {1, 5}], [{8, 4}, {3, 7}, {5, 6}, {1, 2}], [{8, 4}, {5, 7}, {1, 6}, {2, 3}], [{8, 4}, {5, 7}, {2, 6}, {1, 3}], [{8, 4}, {5, 7}, {3, 6}, {1, 2}], [{8, 4}, {5, 7}, {6}, {1, 3}, {2}], [{8, 4}, {6, 7}, {1, 5}, {2, 3}], [{8, 4}, {6, 7}, {2, 5}, {1, 3}], [{8, 4}, {6, 7}, {3, 5}, {1, 2}], [{8, 4}, {7}, {2, 6}, {5}, {1, 3}], [{8, 4}, {7}, {6}, {3, 5}, {1, 2}], [{8, 5}, {1, 7}, {2, 6}, {3, 4}], [{8, 5}, {1, 7}, {3, 6}, {2, 4}], [{8, 5}, {1, 7}, {4, 6}, {2, 3}], [{8, 5}, {2, 7}, {1, 6}, {3, 4}], [{8, 5}, {2, 7}, {3, 6}, {1, 4}], [{8, 5}, {2, 7}, {4, 6}, {1, 3}], [{8, 5}, {2, 7}, {6}, {1, 4}, {3}], [{8, 5}, {3, 7}, {1, 6}, {2, 4}], [{8, 5}, {3, 7}, {2, 6}, {1, 4}], [{8, 5}, {3, 7}, {2, 6}, {4}, {1}], [{8, 5}, {3, 7}, {4, 6}, {1, 2}], [{8, 5}, {4, 7}, {1, 6}, {2, 3}], [{8, 5}, {4, 7}, {2, 6}, {1, 3}], [{8, 5}, {4, 7}, {3, 6}, {1, 2}], [{8, 5}, {4, 7}, {6}, {1, 3}, {2}], [{8, 5}, {6, 7}, {1, 4}, {2, 3}], [{8, 5}, {6, 7}, {1, 4}, {3}, {2}], [{8, 5}, {6, 7}, {2, 4}, {1, 3}], [{8, 5}, {6, 7}, {2, 4}, {3}, {1}], [{8, 5}, {6, 7}, {3, 4}, {1, 2}], [{8, 5}, {6, 7}, {3, 4}, {2}, {1}], [{8, 5}, {6, 7}, {4}, {1, 3}, {2}], [{8, 5}, {6, 7}, {4}, {2, 3}, {1}], [{8, 5}, {6, 7}, {4}, {3}, {1, 2}], [{8, 5}, {7}, {2, 6}, {1, 4}, {3}], [{8, 5}, {7}, {4, 6}, {1, 3}, {2}], [{8, 6}, {1, 7}, {2, 5}, {3, 4}], [{8, 6}, {1, 7}, {3, 5}, {2, 4}], [{8, 6}, {1, 7}, {4, 5}, {2, 3}], [{8, 6}, {1, 7}, {4, 5}, {3}, {2}], [{8, 6}, {2, 7}, {1, 5}, {3, 4}], [{8, 6}, {2, 7}, {3, 5}, {1, 4}], [{8, 6}, {2, 7}, {4, 5}, {1, 3}], [{8, 6}, {3, 7}, {1, 5}, {2, 4}], [{8, 6}, {3, 7}, {2, 5}, {1, 4}], [{8, 6}, {3, 7}, {4, 5}, {1, 2}], [{8, 6}, {4, 7}, {1, 5}, {2, 3}], [{8, 6}, {4, 7}, {2, 5}, {1, 3}], [{8, 6}, {4, 7}, {3, 5}, {1, 2}], [{8, 6}, {4, 7}, {5}, {1, 3}, {2}], [{8, 6}, {5, 7}, {1, 4}, {2, 3}], [{8, 6}, {5, 7}, {2, 4}, {1, 3}], [{8, 6}, {5, 7}, {3, 4}, {1, 2}], [{8, 6}, {7}, {3, 5}, {1, 4}, {2}], [{8, 7}, {1, 6}, {2, 5}, {3, 4}], [{8, 7}, {1, 6}, {3, 5}, {2, 4}], [{8, 7}, {1, 6}, {4, 5}, {2, 3}], [{8, 7}, {2, 6}, {1, 5}, {3, 4}], [{8, 7}, {2, 6}, {1, 5}, {4}, {3}], [{8, 7}, {2, 6}, {3, 5}, {1, 4}], [{8, 7}, {2, 6}, {3, 5}, {4}, {1}], [{8, 7}, {2, 6}, {4, 5}, {1, 3}], [{8, 7}, {2, 6}, {4, 5}, {3}, {1}], [{8, 7}, {2, 6}, {5}, {1, 4}, {3}], [{8, 7}, {2, 6}, {5}, {3, 4}, {1}], [{8, 7}, {2, 6}, {5}, {4}, {1, 3}], [{8, 7}, {2, 6}, {5}, {4}, {3}, {1}], [{8, 7}, {3, 6}, {1, 5}, {2, 4}], [{8, 7}, {3, 6}, {2, 5}, {1, 4}], [{8, 7}, {3, 6}, {4, 5}, {1, 2}], [{8, 7}, {4, 6}, {1, 5}, {2, 3}], [{8, 7}, {4, 6}, {2, 5}, {1, 3}], [{8, 7}, {4, 6}, {2, 5}, {3}, {1}], [{8, 7}, {4, 6}, {3, 5}, {1, 2}], [{8, 7}, {5, 6}, {1, 4}, {2, 3}], [{8, 7}, {5, 6}, {2, 4}, {1, 3}], [{8, 7}, {5, 6}, {2, 4}, {3}, {1}], [{8, 7}, {5, 6}, {3, 4}, {1, 2}], [{8}, {1, 7}, {2, 6}, {4, 5}, {3}], [{8}, {1, 7}, {3, 6}, {4, 5}, {2}], [{8}, {1, 7}, {4, 6}, {2, 5}, {3}], [{8}, {1, 7}, {5, 6}, {2, 4}, {3}], [{8}, {1, 7}, {6}, {4, 5}, {2, 3}], [{8}, {1, 7}, {6}, {4, 5}, {3}, {2}], [{8}, {3, 7}, {2, 6}, {5}, {1, 4}], [{8}, {3, 7}, {5, 6}, {1, 4}, {2}], [{8}, {3, 7}, {6}, {2, 5}, {1, 4}], [{8}, {4, 7}, {2, 6}, {5}, {1, 3}], [{8}, {4, 7}, {5, 6}, {1, 3}, {2}], [{8}, {4, 7}, {6}, {2, 5}, {1, 3}], [{8}, {5, 7}, {2, 6}, {1, 4}, {3}], [{8}, {6, 7}, {1, 5}, {2, 4}, {3}], [{8}, {6, 7}, {2, 5}, {1, 4}, {3}], [{8}, {7}, {2, 6}, {3, 5}, {1, 4}], [{8}, {7}, {3, 6}, {2, 5}, {1, 4}]]",2,- 8 K_1^4 + 20 K_1^3 + 12 K_1^2 K_2 - 20 K_1^2 - 28 K_1 K_2 - 2 K_1 K_3 - K_1 - 4 K_2^2 + 9 K_2 + 9 K_3 + K_4 + 13,O1O2O3O4U5U4U6O7U3O5O6U8U2O8U1U7,O1O2O3U2U4U5U6O7O6U8O5O8U1U3O4U7,O1O2O3U4O5U1U3O6O7U6O8O4U8U7U5U2,c,{'O1O2O3O4U5U4O6U3U6O7O8U2O5U7U1U8'},1,"<a href=""/flatknot/8.850859"">8.850859</a>",t^9-23t^7-48t^6+7t^5+64t^4+28t^3+10t^2+16t+4,-t^2+2t,,
8.850860,O1O2O3O4U5U4O6U3U6O7O8U7O5U1U2U8,4,2z^3+29z^2+108z+117,2w^4z^3+29w^3z^2+108w^2z+117w,False,False,"[[ 0 -2  0  0  1 -1  1 -1  2],[ 2  0  1  0  1  0  1  0  2],[ 0 -1  0  0  1 -2  1  0  1],[ 0  0  0  0  0 -2  1  0 -1],[-1 -1 -1  0  0 -1  0  0 -1],[ 1  0  2  2  1  0  1 -1  1],[-1 -1 -1 -1  0 -1  0  0  0],[ 1  0  0  0  0  1  0  0  1],[-2 -2 -1  1  1 -1  0 -1  0]]","[[ 0  2  1  1  0  0 -1 -1 -2],[-2  0  1  0  1 -1 -1 -1 -2],[-1 -1  0  0  0 -1  0 -1 -1],[-1  0  0  0 -1 -1  0 -1 -1],[ 0 -1  0  1  0  0  0 -2  0],[ 0  1  1  1  0  0  0 -2 -1],[ 1  1  0  0  0  0  0  1  0],[ 1  1  1  1  2  2 -1  0  0],[ 2  2  1  1  0  1  0  0  0]]",True,"[-2,-1,-1,0,0,1,1,2,-1,0,-1,1,1,1,2,0,0,1,0,1,1,1,1,0,1,1,0,0,2,0,0,2,1,-1,0,0]","[-2,-1,-1,0,0,1,1,2,-1,0,-1,1,1,1,2,0,0,1,0,1,1,1,1,0,1,1,0,0,2,0,0,2,1,-1,0,0]",t^8+26t^6+122t^4+25t^2+1,"[-2,-1,-1,0,0,1,1,2,1,1,1,2,2,2,2,-1,1,1,2,2,2,-1,-1,1,1,2,0,0,0,1,0,1,3,0,1,2]","[-2,-1,-1,0,0,1,1,2,1,2,1,3,2,2,2,0,0,0,1,2,2,0,1,1,2,2,0,-1,1,1,-1,1,2,-1,1,1]","[-2,-1,-1,0,0,1,1,2,0,0,0,1,1,1,2,-1,2,2,1,1,1,0,0,0,0,1,0,0,1,-1,1,1,1,0,-1,0]",c,"[[{8, 1}, {2, 7}, {3, 6}, {4, 5}], [{8, 1}, {2, 7}, {4, 6}, {3, 5}], [{8, 1}, {2, 7}, {4, 6}, {5}, {3}], [{8, 1}, {2, 7}, {5, 6}, {3, 4}], [{8, 1}, {2, 7}, {5, 6}, {4}, {3}], [{8, 1}, {2, 7}, {6}, {4, 5}, {3}], [{8, 1}, {3, 7}, {2, 6}, {4, 5}], [{8, 1}, {3, 7}, {4, 6}, {2, 5}], [{8, 1}, {3, 7}, {5, 6}, {2, 4}], [{8, 1}, {3, 7}, {6}, {5}, {2, 4}], [{8, 1}, {4, 7}, {2, 6}, {3, 5}], [{8, 1}, {4, 7}, {2, 6}, {5}, {3}], [{8, 1}, {4, 7}, {3, 6}, {2, 5}], [{8, 1}, {4, 7}, {5, 6}, {2, 3}], [{8, 1}, {4, 7}, {5, 6}, {3}, {2}], [{8, 1}, {4, 7}, {6}, {2, 5}, {3}], [{8, 1}, {5, 7}, {2, 6}, {3, 4}], [{8, 1}, {5, 7}, {2, 6}, {4}, {3}], [{8, 1}, {5, 7}, {3, 6}, {2, 4}], [{8, 1}, {5, 7}, {3, 6}, {4}, {2}], [{8, 1}, {5, 7}, {4, 6}, {2, 3}], [{8, 1}, {5, 7}, {4, 6}, {3}, {2}], [{8, 1}, {5, 7}, {6}, {2, 4}, {3}], [{8, 1}, {5, 7}, {6}, {3, 4}, {2}], [{8, 1}, {5, 7}, {6}, {4}, {2, 3}], [{8, 1}, {5, 7}, {6}, {4}, {3}, {2}], [{8, 1}, {6, 7}, {2, 5}, {3, 4}], [{8, 1}, {6, 7}, {2, 5}, {4}, {3}], [{8, 1}, {6, 7}, {3, 5}, {2, 4}], [{8, 1}, {6, 7}, {4, 5}, {2, 3}], [{8, 1}, {6, 7}, {4, 5}, {3}, {2}], [{8, 1}, {6, 7}, {5}, {2, 4}, {3}], [{8, 1}, {7}, {2, 6}, {4, 5}, {3}], [{8, 1}, {7}, {3, 6}, {5}, {2, 4}], [{8, 1}, {7}, {4, 6}, {2, 5}, {3}], [{8, 1}, {7}, {5, 6}, {2, 4}, {3}], [{8, 1}, {7}, {6}, {3, 5}, {2, 4}], [{8, 1}, {7}, {6}, {5}, {2, 4}, {3}], [{8, 2}, {1, 7}, {3, 6}, {4, 5}], [{8, 2}, {1, 7}, {4, 6}, {3, 5}], [{8, 2}, {1, 7}, {5, 6}, {3, 4}], [{8, 2}, {3, 7}, {1, 6}, {4, 5}], [{8, 2}, {3, 7}, {4, 6}, {1, 5}], [{8, 2}, {3, 7}, {5, 6}, {1, 4}], [{8, 2}, {3, 7}, {6}, {4, 5}, {1}], [{8, 2}, {4, 7}, {1, 6}, {3, 5}], [{8, 2}, {4, 7}, {3, 6}, {1, 5}], [{8, 2}, {4, 7}, {5, 6}, {1, 3}], [{8, 2}, {5, 7}, {1, 6}, {3, 4}], [{8, 2}, {5, 7}, {3, 6}, {1, 4}], [{8, 2}, {5, 7}, {4, 6}, {1, 3}], [{8, 2}, {5, 7}, {6}, {1, 4}, {3}], [{8, 2}, {5, 7}, {6}, {3, 4}, {1}], [{8, 2}, {5, 7}, {6}, {4}, {1, 3}], [{8, 2}, {6, 7}, {1, 5}, {3, 4}], [{8, 2}, {6, 7}, {3, 5}, {1, 4}], [{8, 2}, {6, 7}, {4, 5}, {1, 3}], [{8, 3}, {1, 7}, {2, 6}, {4, 5}], [{8, 3}, {1, 7}, {4, 6}, {2, 5}], [{8, 3}, {1, 7}, {5, 6}, {2, 4}], [{8, 3}, {1, 7}, {6}, {2, 5}, {4}], [{8, 3}, {2, 7}, {1, 6}, {4, 5}], [{8, 3}, {2, 7}, {4, 6}, {1, 5}], [{8, 3}, {2, 7}, {5, 6}, {1, 4}], [{8, 3}, {2, 7}, {6}, {1, 5}, {4}], [{8, 3}, {4, 7}, {1, 6}, {2, 5}], [{8, 3}, {4, 7}, {2, 6}, {1, 5}], [{8, 3}, {4, 7}, {5, 6}, {1, 2}], [{8, 3}, {4, 7}, {5, 6}, {2}, {1}], [{8, 3}, {4, 7}, {6}, {5}, {1, 2}], [{8, 3}, {5, 7}, {1, 6}, {2, 4}], [{8, 3}, {5, 7}, {1, 6}, {4}, {2}], [{8, 3}, {5, 7}, {2, 6}, {1, 4}], [{8, 3}, {5, 7}, {2, 6}, {4}, {1}], [{8, 3}, {5, 7}, {4, 6}, {1, 2}], [{8, 3}, {5, 7}, {4, 6}, {2}, {1}], [{8, 3}, {5, 7}, {6}, {1, 4}, {2}], [{8, 3}, {5, 7}, {6}, {2, 4}, {1}], [{8, 3}, {5, 7}, {6}, {4}, {1, 2}], [{8, 3}, {5, 7}, {6}, {4}, {2}, {1}], [{8, 3}, {6, 7}, {1, 5}, {2, 4}], [{8, 3}, {6, 7}, {2, 5}, {1, 4}], [{8, 3}, {6, 7}, {4, 5}, {1, 2}], [{8, 3}, {6, 7}, {4, 5}, {2}, {1}], [{8, 3}, {6, 7}, {5}, {4}, {1, 2}], [{8, 3}, {7}, {4, 6}, {5}, {1, 2}], [{8, 3}, {7}, {5, 6}, {4}, {1, 2}], [{8, 3}, {7}, {6}, {4, 5}, {1, 2}], [{8, 3}, {7}, {6}, {5}, {4}, {1, 2}], [{8, 4}, {1, 7}, {2, 6}, {3, 5}], [{8, 4}, {1, 7}, {3, 6}, {2, 5}], [{8, 4}, {1, 7}, {5, 6}, {2, 3}], [{8, 4}, {2, 7}, {1, 6}, {3, 5}], [{8, 4}, {2, 7}, {3, 6}, {1, 5}], [{8, 4}, {2, 7}, {5, 6}, {1, 3}], [{8, 4}, {2, 7}, {6}, {3, 5}, {1}], [{8, 4}, {3, 7}, {1, 6}, {2, 5}], [{8, 4}, {3, 7}, {2, 6}, {1, 5}], [{8, 4}, {3, 7}, {5, 6}, {1, 2}], [{8, 4}, {5, 7}, {1, 6}, {2, 3}], [{8, 4}, {5, 7}, {2, 6}, {1, 3}], [{8, 4}, {5, 7}, {3, 6}, {1, 2}], [{8, 4}, {5, 7}, {6}, {1, 3}, {2}], [{8, 4}, {5, 7}, {6}, {2, 3}, {1}], [{8, 4}, {5, 7}, {6}, {3}, {1, 2}], [{8, 4}, {6, 7}, {1, 5}, {2, 3}], [{8, 4}, {6, 7}, {2, 5}, {1, 3}], [{8, 4}, {6, 7}, {3, 5}, {1, 2}], [{8, 5}, {1, 7}, {2, 6}, {3, 4}], [{8, 5}, {1, 7}, {3, 6}, {2, 4}], [{8, 5}, {1, 7}, {4, 6}, {2, 3}], [{8, 5}, {2, 7}, {1, 6}, {3, 4}], [{8, 5}, {2, 7}, {3, 6}, {1, 4}], [{8, 5}, {2, 7}, {3, 6}, {4}, {1}], [{8, 5}, {2, 7}, {4, 6}, {1, 3}], [{8, 5}, {3, 7}, {1, 6}, {2, 4}], [{8, 5}, {3, 7}, {2, 6}, {1, 4}], [{8, 5}, {3, 7}, {4, 6}, {1, 2}], [{8, 5}, {4, 7}, {1, 6}, {2, 3}], [{8, 5}, {4, 7}, {2, 6}, {1, 3}], [{8, 5}, {4, 7}, {3, 6}, {1, 2}], [{8, 5}, {6, 7}, {1, 4}, {2, 3}], [{8, 5}, {6, 7}, {2, 4}, {1, 3}], [{8, 5}, {6, 7}, {3, 4}, {1, 2}], [{8, 5}, {7}, {6}, {1, 4}, {2, 3}], [{8, 6}, {1, 7}, {2, 5}, {3, 4}], [{8, 6}, {1, 7}, {3, 5}, {2, 4}], [{8, 6}, {1, 7}, {4, 5}, {2, 3}], [{8, 6}, {2, 7}, {1, 5}, {3, 4}], [{8, 6}, {2, 7}, {3, 5}, {1, 4}], [{8, 6}, {2, 7}, {4, 5}, {1, 3}], [{8, 6}, {2, 7}, {4, 5}, {3}, {1}], [{8, 6}, {3, 7}, {1, 5}, {2, 4}], [{8, 6}, {3, 7}, {2, 5}, {1, 4}], [{8, 6}, {3, 7}, {4, 5}, {1, 2}], [{8, 6}, {3, 7}, {5}, {2, 4}, {1}], [{8, 6}, {4, 7}, {1, 5}, {2, 3}], [{8, 6}, {4, 7}, {2, 5}, {1, 3}], [{8, 6}, {4, 7}, {3, 5}, {1, 2}], [{8, 6}, {5, 7}, {1, 4}, {2, 3}], [{8, 6}, {5, 7}, {2, 4}, {1, 3}], [{8, 6}, {5, 7}, {3, 4}, {1, 2}], [{8, 6}, {5, 7}, {4}, {1, 3}, {2}], [{8, 6}, {7}, {5}, {1, 4}, {2, 3}], [{8, 7}, {1, 6}, {2, 5}, {3, 4}], [{8, 7}, {1, 6}, {2, 5}, {4}, {3}], [{8, 7}, {1, 6}, {3, 5}, {2, 4}], [{8, 7}, {1, 6}, {4, 5}, {2, 3}], [{8, 7}, {2, 6}, {1, 5}, {3, 4}], [{8, 7}, {2, 6}, {3, 5}, {1, 4}], [{8, 7}, {2, 6}, {4, 5}, {1, 3}], [{8, 7}, {3, 6}, {1, 5}, {2, 4}], [{8, 7}, {3, 6}, {1, 5}, {4}, {2}], [{8, 7}, {3, 6}, {2, 5}, {1, 4}], [{8, 7}, {3, 6}, {4, 5}, {1, 2}], [{8, 7}, {4, 6}, {1, 5}, {2, 3}], [{8, 7}, {4, 6}, {1, 5}, {3}, {2}], [{8, 7}, {4, 6}, {2, 5}, {1, 3}], [{8, 7}, {4, 6}, {3, 5}, {1, 2}], [{8, 7}, {5, 6}, {1, 4}, {2, 3}], [{8, 7}, {5, 6}, {2, 4}, {1, 3}], [{8, 7}, {5, 6}, {3, 4}, {1, 2}], [{8, 7}, {6}, {1, 5}, {3, 4}, {2}], [{8, 7}, {6}, {3, 5}, {2, 4}, {1}], [{8, 7}, {6}, {5}, {1, 4}, {2, 3}], [{8}, {1, 7}, {6}, {3, 5}, {2, 4}], [{8}, {2, 7}, {1, 6}, {4, 5}, {3}], [{8}, {3, 7}, {1, 6}, {5}, {2, 4}], [{8}, {3, 7}, {2, 6}, {1, 5}, {4}], [{8}, {4, 7}, {5, 6}, {1, 3}, {2}], [{8}, {5, 7}, {2, 6}, {4}, {1, 3}], [{8}, {5, 7}, {4, 6}, {1, 3}, {2}], [{8}, {5, 7}, {6}, {1, 4}, {2, 3}], [{8}, {5, 7}, {6}, {2, 4}, {1, 3}], [{8}, {5, 7}, {6}, {3, 4}, {1, 2}], [{8}, {5, 7}, {6}, {4}, {1, 3}, {2}], [{8}, {6, 7}, {4, 5}, {1, 3}, {2}], [{8}, {6, 7}, {5}, {1, 4}, {2, 3}], [{8}, {7}, {5, 6}, {1, 4}, {2, 3}], [{8}, {7}, {6}, {5}, {1, 4}, {2, 3}]]",2,- 8 K_1^4 + 24 K_1^3 + 16 K_1^2 K_2 - 26 K_1^2 - 24 K_1 K_2 - 10 K_1 K_3 - 6 K_1 + 14 K_2 + 6 K_3 + 2 K_4 + 13,O1O2O3O4U5U3U4O6U7O5O7U8U2O8U1U6,O1O2O3U1U2U4U5O6O5U7O4O7U8U3O8U6,O1O2O3U4O5U1U5O6O7U6O8O4U8U7U2U3,c,{'O1O2O3O4U5U4O6U3U6O7O8U7O5U1U2U8'},1,"<a href=""/flatknot/8.850860"">8.850860</a>",t^9-26t^7-36t^6+80t^5+90t^4-76t^3-62t^2+19t+2,0,,
8.850861,O1O2O3O4U5U4O6U3U6O7O8U7O5U1U8U2,3,12z^2+89z+131,12w^3z^2+89w^2z+131w,False,False,"[[ 0 -2  1  0  1 -1  1 -1  1],[ 2  0  2  0  1  0  1  0  1],[-1 -2  0  0  1 -2  1 -1  0],[ 0  0  0  0  0 -2  1  0 -1],[-1 -1 -1  0  0 -1  0  0 -1],[ 1  0  2  2  1  0  1 -1  0],[-1 -1 -1 -1  0 -1  0  0  0],[ 1  0  1  0  0  1  0  0  1],[-1 -1  0  1  1  0  0 -1  0]]","[[ 0  1  1  1  0 -1 -2],[-1  0  1  0  1  0 -1],[-1 -1  0  0  0 -1 -1],[-1  0  0  0 -1 -1 -1],[ 0 -1  0  1  0 -2  0],[ 1  0  1  1  2  0  0],[ 2  1  1  1  0  0  0]]",False,"[-1,-1,-1,0,1,2,-1,0,-1,0,1,0,0,1,1,1,1,1,2,0,0]","[-2,-1,0,1,1,1,0,0,1,1,1,2,0,1,1,-1,0,1,1,0,0]",t^6+12t^4+26t^2+1,"[-2,-1,0,1,1,1,1,2,2,2,2,-1,1,1,2,0,1,2,0,0,1]","[-1,-1,-1,0,1,2,-1,0,1,1,2,0,2,2,2,0,1,2,-1,2,1]","[-2,-1,0,1,1,1,0,0,1,1,1,2,0,1,1,-1,0,1,1,0,0]",c,"[[{8, 1}, {2, 7}, {3, 6}, {4, 5}], [{8, 1}, {2, 7}, {3, 6}, {5}, {4}], [{8, 1}, {2, 7}, {4, 6}, {3, 5}], [{8, 1}, {2, 7}, {4, 6}, {5}, {3}], [{8, 1}, {2, 7}, {5, 6}, {3, 4}], [{8, 1}, {2, 7}, {5, 6}, {4}, {3}], [{8, 1}, {2, 7}, {6}, {3, 5}, {4}], [{8, 1}, {2, 7}, {6}, {4, 5}, {3}], [{8, 1}, {2, 7}, {6}, {5}, {3, 4}], [{8, 1}, {3, 7}, {2, 6}, {4, 5}], [{8, 1}, {3, 7}, {4, 6}, {2, 5}], [{8, 1}, {3, 7}, {5, 6}, {2, 4}], [{8, 1}, {4, 7}, {2, 6}, {3, 5}], [{8, 1}, {4, 7}, {3, 6}, {2, 5}], [{8, 1}, {4, 7}, {5, 6}, {2, 3}], [{8, 1}, {5, 7}, {2, 6}, {3, 4}], [{8, 1}, {5, 7}, {3, 6}, {2, 4}], [{8, 1}, {5, 7}, {4, 6}, {2, 3}], [{8, 1}, {5, 7}, {6}, {2, 4}, {3}], [{8, 1}, {5, 7}, {6}, {3, 4}, {2}], [{8, 1}, {5, 7}, {6}, {4}, {2, 3}], [{8, 1}, {6, 7}, {2, 5}, {3, 4}], [{8, 1}, {6, 7}, {2, 5}, {4}, {3}], [{8, 1}, {6, 7}, {3, 5}, {2, 4}], [{8, 1}, {6, 7}, {4, 5}, {2, 3}], [{8, 1}, {6, 7}, {5}, {3, 4}, {2}], [{8, 1}, {7}, {2, 6}, {5}, {3, 4}], [{8, 1}, {7}, {3, 6}, {4, 5}, {2}], [{8, 1}, {7}, {4, 6}, {3, 5}, {2}], [{8, 1}, {7}, {5, 6}, {3, 4}, {2}], [{8, 1}, {7}, {6}, {2, 5}, {3, 4}], [{8, 1}, {7}, {6}, {5}, {3, 4}, {2}], [{8, 2}, {1, 7}, {3, 6}, {4, 5}], [{8, 2}, {1, 7}, {4, 6}, {3, 5}], [{8, 2}, {1, 7}, {5, 6}, {3, 4}], [{8, 2}, {3, 7}, {1, 6}, {4, 5}], [{8, 2}, {3, 7}, {4, 6}, {1, 5}], [{8, 2}, {3, 7}, {5, 6}, {1, 4}], [{8, 2}, {3, 7}, {6}, {5}, {1, 4}], [{8, 2}, {4, 7}, {1, 6}, {3, 5}], [{8, 2}, {4, 7}, {3, 6}, {1, 5}], [{8, 2}, {4, 7}, {5, 6}, {1, 3}], [{8, 2}, {5, 7}, {1, 6}, {3, 4}], [{8, 2}, {5, 7}, {3, 6}, {1, 4}], [{8, 2}, {5, 7}, {4, 6}, {1, 3}], [{8, 2}, {5, 7}, {6}, {1, 4}, {3}], [{8, 2}, {5, 7}, {6}, {3, 4}, {1}], [{8, 2}, {5, 7}, {6}, {4}, {1, 3}], [{8, 2}, {6, 7}, {1, 5}, {3, 4}], [{8, 2}, {6, 7}, {3, 5}, {1, 4}], [{8, 2}, {6, 7}, {4, 5}, {1, 3}], [{8, 2}, {6, 7}, {5}, {1, 4}, {3}], [{8, 2}, {7}, {3, 6}, {1, 5}, {4}], [{8, 2}, {7}, {3, 6}, {4, 5}, {1}], [{8, 2}, {7}, {3, 6}, {5}, {1, 4}], [{8, 2}, {7}, {5, 6}, {1, 4}, {3}], [{8, 2}, {7}, {6}, {3, 5}, {1, 4}], [{8, 2}, {7}, {6}, {5}, {1, 4}, {3}], [{8, 3}, {1, 7}, {2, 6}, {4, 5}], [{8, 3}, {1, 7}, {2, 6}, {5}, {4}], [{8, 3}, {1, 7}, {4, 6}, {2, 5}], [{8, 3}, {1, 7}, {4, 6}, {5}, {2}], [{8, 3}, {1, 7}, {5, 6}, {2, 4}], [{8, 3}, {1, 7}, {5, 6}, {4}, {2}], [{8, 3}, {1, 7}, {6}, {2, 5}, {4}], [{8, 3}, {1, 7}, {6}, {4, 5}, {2}], [{8, 3}, {1, 7}, {6}, {5}, {2, 4}], [{8, 3}, {1, 7}, {6}, {5}, {4}, {2}], [{8, 3}, {2, 7}, {1, 6}, {4, 5}], [{8, 3}, {2, 7}, {1, 6}, {5}, {4}], [{8, 3}, {2, 7}, {4, 6}, {1, 5}], [{8, 3}, {2, 7}, {4, 6}, {5}, {1}], [{8, 3}, {2, 7}, {5, 6}, {1, 4}], [{8, 3}, {2, 7}, {5, 6}, {4}, {1}], [{8, 3}, {2, 7}, {6}, {1, 5}, {4}], [{8, 3}, {2, 7}, {6}, {4, 5}, {1}], [{8, 3}, {2, 7}, {6}, {5}, {1, 4}], [{8, 3}, {2, 7}, {6}, {5}, {4}, {1}], [{8, 3}, {4, 7}, {1, 6}, {2, 5}], [{8, 3}, {4, 7}, {1, 6}, {5}, {2}], [{8, 3}, {4, 7}, {2, 6}, {1, 5}], [{8, 3}, {4, 7}, {2, 6}, {5}, {1}], [{8, 3}, {4, 7}, {5, 6}, {1, 2}], [{8, 3}, {4, 7}, {5, 6}, {2}, {1}], [{8, 3}, {4, 7}, {6}, {1, 5}, {2}], [{8, 3}, {4, 7}, {6}, {2, 5}, {1}], [{8, 3}, {4, 7}, {6}, {5}, {1, 2}], [{8, 3}, {4, 7}, {6}, {5}, {2}, {1}], [{8, 3}, {5, 7}, {1, 6}, {2, 4}], [{8, 3}, {5, 7}, {1, 6}, {4}, {2}], [{8, 3}, {5, 7}, {2, 6}, {1, 4}], [{8, 3}, {5, 7}, {2, 6}, {4}, {1}], [{8, 3}, {5, 7}, {4, 6}, {1, 2}], [{8, 3}, {5, 7}, {4, 6}, {2}, {1}], [{8, 3}, {5, 7}, {6}, {1, 4}, {2}], [{8, 3}, {5, 7}, {6}, {2, 4}, {1}], [{8, 3}, {5, 7}, {6}, {4}, {1, 2}], [{8, 3}, {5, 7}, {6}, {4}, {2}, {1}], [{8, 3}, {6, 7}, {1, 5}, {2, 4}], [{8, 3}, {6, 7}, {1, 5}, {4}, {2}], [{8, 3}, {6, 7}, {2, 5}, {1, 4}], [{8, 3}, {6, 7}, {2, 5}, {4}, {1}], [{8, 3}, {6, 7}, {4, 5}, {1, 2}], [{8, 3}, {6, 7}, {4, 5}, {2}, {1}], [{8, 3}, {6, 7}, {5}, {1, 4}, {2}], [{8, 3}, {6, 7}, {5}, {2, 4}, {1}], [{8, 3}, {6, 7}, {5}, {4}, {1, 2}], [{8, 3}, {6, 7}, {5}, {4}, {2}, {1}], [{8, 3}, {7}, {1, 6}, {2, 5}, {4}], [{8, 3}, {7}, {1, 6}, {4, 5}, {2}], [{8, 3}, {7}, {1, 6}, {5}, {2, 4}], [{8, 3}, {7}, {1, 6}, {5}, {4}, {2}], [{8, 3}, {7}, {2, 6}, {1, 5}, {4}], [{8, 3}, {7}, {2, 6}, {4, 5}, {1}], [{8, 3}, {7}, {2, 6}, {5}, {1, 4}], [{8, 3}, {7}, {2, 6}, {5}, {4}, {1}], [{8, 3}, {7}, {4, 6}, {1, 5}, {2}], [{8, 3}, {7}, {4, 6}, {2, 5}, {1}], [{8, 3}, {7}, {4, 6}, {5}, {1, 2}], [{8, 3}, {7}, {4, 6}, {5}, {2}, {1}], [{8, 3}, {7}, {5, 6}, {1, 4}, {2}], [{8, 3}, {7}, {5, 6}, {2, 4}, {1}], [{8, 3}, {7}, {5, 6}, {4}, {1, 2}], [{8, 3}, {7}, {5, 6}, {4}, {2}, {1}], [{8, 3}, {7}, {6}, {1, 5}, {2, 4}], [{8, 3}, {7}, {6}, {1, 5}, {4}, {2}], [{8, 3}, {7}, {6}, {2, 5}, {1, 4}], [{8, 3}, {7}, {6}, {2, 5}, {4}, {1}], [{8, 3}, {7}, {6}, {4, 5}, {1, 2}], [{8, 3}, {7}, {6}, {4, 5}, {2}, {1}], [{8, 3}, {7}, {6}, {5}, {1, 4}, {2}], [{8, 3}, {7}, {6}, {5}, {2, 4}, {1}], [{8, 3}, {7}, {6}, {5}, {4}, {1, 2}], [{8, 3}, {7}, {6}, {5}, {4}, {2}, {1}], [{8, 4}, {1, 7}, {2, 6}, {3, 5}], [{8, 4}, {1, 7}, {3, 6}, {2, 5}], [{8, 4}, {1, 7}, {5, 6}, {2, 3}], [{8, 4}, {2, 7}, {1, 6}, {3, 5}], [{8, 4}, {2, 7}, {1, 6}, {5}, {3}], [{8, 4}, {2, 7}, {3, 6}, {1, 5}], [{8, 4}, {2, 7}, {3, 6}, {5}, {1}], [{8, 4}, {2, 7}, {5, 6}, {1, 3}], [{8, 4}, {2, 7}, {5, 6}, {3}, {1}], [{8, 4}, {2, 7}, {6}, {1, 5}, {3}], [{8, 4}, {2, 7}, {6}, {3, 5}, {1}], [{8, 4}, {2, 7}, {6}, {5}, {1, 3}], [{8, 4}, {3, 7}, {1, 6}, {2, 5}], [{8, 4}, {3, 7}, {2, 6}, {1, 5}], [{8, 4}, {3, 7}, {5, 6}, {1, 2}], [{8, 4}, {5, 7}, {1, 6}, {2, 3}], [{8, 4}, {5, 7}, {2, 6}, {1, 3}], [{8, 4}, {5, 7}, {3, 6}, {1, 2}], [{8, 4}, {5, 7}, {6}, {1, 3}, {2}], [{8, 4}, {5, 7}, {6}, {2, 3}, {1}], [{8, 4}, {5, 7}, {6}, {3}, {1, 2}], [{8, 4}, {6, 7}, {1, 5}, {2, 3}], [{8, 4}, {6, 7}, {2, 5}, {1, 3}], [{8, 4}, {6, 7}, {2, 5}, {3}, {1}], [{8, 4}, {6, 7}, {3, 5}, {1, 2}], [{8, 4}, {6, 7}, {5}, {1, 3}, {2}], [{8, 4}, {7}, {1, 6}, {3, 5}, {2}], [{8, 4}, {7}, {2, 6}, {5}, {1, 3}], [{8, 4}, {7}, {3, 6}, {1, 5}, {2}], [{8, 4}, {7}, {5, 6}, {1, 3}, {2}], [{8, 4}, {7}, {6}, {2, 5}, {1, 3}], [{8, 4}, {7}, {6}, {5}, {1, 3}, {2}], [{8, 5}, {1, 7}, {2, 6}, {3, 4}], [{8, 5}, {1, 7}, {3, 6}, {2, 4}], [{8, 5}, {1, 7}, {4, 6}, {2, 3}], [{8, 5}, {2, 7}, {1, 6}, {3, 4}], [{8, 5}, {2, 7}, {1, 6}, {4}, {3}], [{8, 5}, {2, 7}, {3, 6}, {1, 4}], [{8, 5}, {2, 7}, {3, 6}, {4}, {1}], [{8, 5}, {2, 7}, {4, 6}, {1, 3}], [{8, 5}, {2, 7}, {4, 6}, {3}, {1}], [{8, 5}, {2, 7}, {6}, {1, 4}, {3}], [{8, 5}, {2, 7}, {6}, {3, 4}, {1}], [{8, 5}, {2, 7}, {6}, {4}, {1, 3}], [{8, 5}, {3, 7}, {1, 6}, {2, 4}], [{8, 5}, {3, 7}, {2, 6}, {1, 4}], [{8, 5}, {3, 7}, {4, 6}, {1, 2}], [{8, 5}, {3, 7}, {6}, {1, 4}, {2}], [{8, 5}, {4, 7}, {1, 6}, {2, 3}], [{8, 5}, {4, 7}, {2, 6}, {1, 3}], [{8, 5}, {4, 7}, {3, 6}, {1, 2}], [{8, 5}, {6, 7}, {1, 4}, {2, 3}], [{8, 5}, {6, 7}, {1, 4}, {3}, {2}], [{8, 5}, {6, 7}, {2, 4}, {1, 3}], [{8, 5}, {6, 7}, {2, 4}, {3}, {1}], [{8, 5}, {6, 7}, {3, 4}, {1, 2}], [{8, 5}, {6, 7}, {4}, {3}, {1, 2}], [{8, 5}, {7}, {1, 6}, {3, 4}, {2}], [{8, 5}, {7}, {2, 6}, {1, 4}, {3}], [{8, 5}, {7}, {3, 6}, {1, 4}, {2}], [{8, 5}, {7}, {4, 6}, {1, 3}, {2}], [{8, 5}, {7}, {6}, {1, 4}, {2, 3}], [{8, 5}, {7}, {6}, {1, 4}, {3}, {2}], [{8, 6}, {1, 7}, {2, 5}, {3, 4}], [{8, 6}, {1, 7}, {3, 5}, {2, 4}], [{8, 6}, {1, 7}, {4, 5}, {2, 3}], [{8, 6}, {1, 7}, {4, 5}, {3}, {2}], [{8, 6}, {2, 7}, {1, 5}, {3, 4}], [{8, 6}, {2, 7}, {1, 5}, {4}, {3}], [{8, 6}, {2, 7}, {3, 5}, {1, 4}], [{8, 6}, {2, 7}, {3, 5}, {4}, {1}], [{8, 6}, {2, 7}, {4, 5}, {1, 3}], [{8, 6}, {2, 7}, {4, 5}, {3}, {1}], [{8, 6}, {2, 7}, {5}, {1, 4}, {3}], [{8, 6}, {2, 7}, {5}, {3, 4}, {1}], [{8, 6}, {2, 7}, {5}, {4}, {1, 3}], [{8, 6}, {3, 7}, {1, 5}, {2, 4}], [{8, 6}, {3, 7}, {1, 5}, {4}, {2}], [{8, 6}, {3, 7}, {2, 5}, {1, 4}], [{8, 6}, {3, 7}, {4, 5}, {1, 2}], [{8, 6}, {3, 7}, {4, 5}, {2}, {1}], [{8, 6}, {3, 7}, {5}, {1, 4}, {2}], [{8, 6}, {4, 7}, {1, 5}, {2, 3}], [{8, 6}, {4, 7}, {1, 5}, {3}, {2}], [{8, 6}, {4, 7}, {2, 5}, {1, 3}], [{8, 6}, {4, 7}, {3, 5}, {1, 2}], [{8, 6}, {5, 7}, {1, 4}, {2, 3}], [{8, 6}, {5, 7}, {1, 4}, {3}, {2}], [{8, 6}, {5, 7}, {2, 4}, {1, 3}], [{8, 6}, {5, 7}, {3, 4}, {1, 2}], [{8, 6}, {7}, {1, 5}, {2, 4}, {3}], [{8, 6}, {7}, {1, 5}, {3, 4}, {2}], [{8, 6}, {7}, {1, 5}, {4}, {2, 3}], [{8, 6}, {7}, {1, 5}, {4}, {3}, {2}], [{8, 6}, {7}, {2, 5}, {1, 4}, {3}], [{8, 6}, {7}, {3, 5}, {1, 4}, {2}], [{8, 6}, {7}, {4, 5}, {1, 3}, {2}], [{8, 6}, {7}, {4, 5}, {2, 3}, {1}], [{8, 6}, {7}, {4, 5}, {3}, {1, 2}], [{8, 6}, {7}, {4, 5}, {3}, {2}, {1}], [{8, 6}, {7}, {5}, {1, 4}, {2, 3}], [{8, 6}, {7}, {5}, {1, 4}, {3}, {2}], [{8, 7}, {1, 6}, {2, 5}, {3, 4}], [{8, 7}, {1, 6}, {2, 5}, {4}, {3}], [{8, 7}, {1, 6}, {3, 5}, {2, 4}], [{8, 7}, {1, 6}, {4, 5}, {2, 3}], [{8, 7}, {2, 6}, {1, 5}, {3, 4}], [{8, 7}, {2, 6}, {3, 5}, {1, 4}], [{8, 7}, {2, 6}, {4, 5}, {1, 3}], [{8, 7}, {2, 6}, {5}, {1, 4}, {3}], [{8, 7}, {3, 6}, {1, 5}, {2, 4}], [{8, 7}, {3, 6}, {1, 5}, {4}, {2}], [{8, 7}, {3, 6}, {2, 5}, {1, 4}], [{8, 7}, {3, 6}, {4, 5}, {1, 2}], [{8, 7}, {3, 6}, {4, 5}, {2}, {1}], [{8, 7}, {3, 6}, {5}, {1, 4}, {2}], [{8, 7}, {4, 6}, {1, 5}, {2, 3}], [{8, 7}, {4, 6}, {2, 5}, {1, 3}], [{8, 7}, {4, 6}, {2, 5}, {3}, {1}], [{8, 7}, {4, 6}, {3, 5}, {1, 2}], [{8, 7}, {5, 6}, {1, 4}, {2, 3}], [{8, 7}, {5, 6}, {1, 4}, {3}, {2}], [{8, 7}, {5, 6}, {2, 4}, {1, 3}], [{8, 7}, {5, 6}, {2, 4}, {3}, {1}], [{8, 7}, {5, 6}, {3, 4}, {1, 2}], [{8, 7}, {5, 6}, {4}, {3}, {1, 2}], [{8, 7}, {6}, {2, 5}, {1, 4}, {3}], [{8, 7}, {6}, {3, 5}, {1, 4}, {2}], [{8, 7}, {6}, {5}, {1, 4}, {2, 3}], [{8, 7}, {6}, {5}, {1, 4}, {3}, {2}], [{8}, {1, 7}, {3, 6}, {4, 5}, {2}], [{8}, {2, 7}, {1, 6}, {3, 5}, {4}], [{8}, {2, 7}, {1, 6}, {4, 5}, {3}], [{8}, {2, 7}, {1, 6}, {5}, {3, 4}], [{8}, {2, 7}, {3, 6}, {1, 5}, {4}], [{8}, {2, 7}, {3, 6}, {4, 5}, {1}], [{8}, {2, 7}, {3, 6}, {5}, {1, 4}], [{8}, {2, 7}, {4, 6}, {1, 5}, {3}], [{8}, {2, 7}, {4, 6}, {3, 5}, {1}], [{8}, {2, 7}, {4, 6}, {5}, {1, 3}], [{8}, {2, 7}, {5, 6}, {1, 4}, {3}], [{8}, {2, 7}, {5, 6}, {3, 4}, {1}], [{8}, {2, 7}, {5, 6}, {4}, {1, 3}], [{8}, {2, 7}, {6}, {1, 5}, {3, 4}], [{8}, {2, 7}, {6}, {3, 5}, {1, 4}], [{8}, {2, 7}, {6}, {4, 5}, {1, 3}], [{8}, {2, 7}, {6}, {5}, {1, 4}, {3}], [{8}, {3, 7}, {1, 6}, {2, 5}, {4}], [{8}, {3, 7}, {2, 6}, {5}, {1, 4}], [{8}, {3, 7}, {4, 6}, {2, 5}, {1}], [{8}, {3, 7}, {5, 6}, {1, 4}, {2}], [{8}, {3, 7}, {5, 6}, {2, 4}, {1}], [{8}, {3, 7}, {5, 6}, {4}, {1, 2}], [{8}, {3, 7}, {6}, {2, 5}, {1, 4}], [{8}, {3, 7}, {6}, {5}, {1, 4}, {2}], [{8}, {4, 7}, {3, 6}, {1, 5}, {2}], [{8}, {5, 7}, {2, 6}, {1, 4}, {3}], [{8}, {5, 7}, {3, 6}, {1, 4}, {2}], [{8}, {5, 7}, {6}, {1, 4}, {2, 3}], [{8}, {5, 7}, {6}, {1, 4}, {3}, {2}], [{8}, {5, 7}, {6}, {2, 4}, {1, 3}], [{8}, {5, 7}, {6}, {3, 4}, {1, 2}], [{8}, {6, 7}, {2, 5}, {1, 4}, {3}], [{8}, {6, 7}, {2, 5}, {3, 4}, {1}], [{8}, {6, 7}, {2, 5}, {4}, {1, 3}], [{8}, {6, 7}, {3, 5}, {1, 4}, {2}], [{8}, {6, 7}, {3, 5}, {2, 4}, {1}], [{8}, {6, 7}, {3, 5}, {4}, {1, 2}], [{8}, {6, 7}, {5}, {1, 4}, {2, 3}], [{8}, {6, 7}, {5}, {1, 4}, {3}, {2}], [{8}, {7}, {2, 6}, {3, 5}, {1, 4}], [{8}, {7}, {2, 6}, {5}, {1, 4}, {3}], [{8}, {7}, {3, 6}, {1, 5}, {2, 4}], [{8}, {7}, {3, 6}, {1, 5}, {4}, {2}], [{8}, {7}, {3, 6}, {2, 5}, {1, 4}], [{8}, {7}, {3, 6}, {4, 5}, {1, 2}], [{8}, {7}, {3, 6}, {4, 5}, {2}, {1}], [{8}, {7}, {3, 6}, {5}, {1, 4}, {2}], [{8}, {7}, {5, 6}, {1, 4}, {2, 3}], [{8}, {7}, {5, 6}, {1, 4}, {3}, {2}], [{8}, {7}, {6}, {2, 5}, {1, 4}, {3}], [{8}, {7}, {6}, {3, 5}, {1, 4}, {2}], [{8}, {7}, {6}, {5}, {1, 4}, {2, 3}], [{8}, {7}, {6}, {5}, {1, 4}, {3}, {2}]]",2,8 K_1^3 + 4 K_1^2 K_2 - 30 K_1^2 - 32 K_1 K_2 - 4 K_1 K_3 + 10 K_1 - 4 K_2^2 + 15 K_2 + 14 K_3 + 3 K_4 + 17,O1O2O3O4U3U5U4O6U7O5O7U8U2O8U1U6,O1O2O3U1U3U4U5O6O5U7O4O7U8U2O8U6,O1O2O3U4O5U2U5O6O7U6O8O4U8U7U1U3,c,{'O1O2O3O4U5U4O6U3U6O7O8U7O5U1U8U2'},1,"<a href=""/flatknot/8.850861"">8.850861</a>",t^7-14t^5-4t^4+39t^3-20t-4,t^2-2t,,
8.850862,O1O2O3O4U5U4O6U3U6O7O8U7O5U2U1U8,4,10z^3+54z^2+109z+83,10w^4z^3+54w^3z^2+109w^2z+83w,False,False,"[[ 0 -1 -1  0  1 -1  1 -1  2],[ 1  0  0  0  1 -1  1  0  2],[ 1  0  0  0  1 -1  1  0  1],[ 0  0  0  0  0 -2  1  0 -1],[-1 -1 -1  0  0 -1  0  0 -1],[ 1  1  1  2  1  0  1 -1  1],[-1 -1 -1 -1  0 -1  0  0  0],[ 1  0  0  0  0  1  0  0  1],[-2 -2 -1  1  1 -1  0 -1  0]]","[[ 0  2  1  1  0 -1 -1 -1 -1],[-2  0  1  0  1 -1 -1 -1 -2],[-1 -1  0  0  0  0 -1 -1 -1],[-1  0  0  0 -1  0 -1 -1 -1],[ 0 -1  0  1  0  0  0 -2  0],[ 1  1  0  0  0  0  0  1  0],[ 1  1  1  1  0  0  0 -1  0],[ 1  1  1  1  2 -1  1  0  1],[ 1  2  1  1  0  0  0 -1  0]]",True,"[-2,-1,-1,0,1,1,1,1,-1,0,-1,1,1,1,2,0,0,0,1,1,1,1,0,1,1,1,0,0,2,0,0,-1,0,1,0,-1]","[-2,-1,-1,0,1,1,1,1,-1,0,-1,1,1,1,2,0,0,0,1,1,1,1,0,1,1,1,0,0,2,0,0,-1,0,1,0,-1]",t^8+23t^6+105t^4+22t^2+1,"[-1,-1,-1,-1,0,1,1,2,-1,-1,1,-1,1,1,2,0,0,1,1,1,1,0,1,1,1,2,1,2,2,2,0,1,3,0,1,2]","[-2,-1,-1,0,1,1,1,1,1,2,3,1,2,2,2,0,0,1,1,1,2,1,1,1,1,2,1,-1,1,1,-1,0,0,1,-1,0]","[-1,-1,-1,-1,0,1,1,2,-1,0,0,0,1,1,1,-1,1,2,1,1,1,0,0,0,0,1,0,1,1,2,0,1,-1,0,-1,0]",c,"[[{8, 1}, {2, 7}, {3, 6}, {4, 5}], [{8, 1}, {2, 7}, {4, 6}, {3, 5}], [{8, 1}, {2, 7}, {5, 6}, {3, 4}], [{8, 1}, {3, 7}, {2, 6}, {4, 5}], [{8, 1}, {3, 7}, {2, 6}, {5}, {4}], [{8, 1}, {3, 7}, {4, 6}, {2, 5}], [{8, 1}, {3, 7}, {4, 6}, {5}, {2}], [{8, 1}, {3, 7}, {5, 6}, {2, 4}], [{8, 1}, {3, 7}, {5, 6}, {4}, {2}], [{8, 1}, {3, 7}, {6}, {2, 5}, {4}], [{8, 1}, {3, 7}, {6}, {4, 5}, {2}], [{8, 1}, {3, 7}, {6}, {5}, {2, 4}], [{8, 1}, {4, 7}, {2, 6}, {3, 5}], [{8, 1}, {4, 7}, {3, 6}, {2, 5}], [{8, 1}, {4, 7}, {5, 6}, {2, 3}], [{8, 1}, {5, 7}, {2, 6}, {3, 4}], [{8, 1}, {5, 7}, {3, 6}, {2, 4}], [{8, 1}, {5, 7}, {4, 6}, {2, 3}], [{8, 1}, {5, 7}, {6}, {2, 4}, {3}], [{8, 1}, {5, 7}, {6}, {3, 4}, {2}], [{8, 1}, {5, 7}, {6}, {4}, {2, 3}], [{8, 1}, {6, 7}, {2, 5}, {3, 4}], [{8, 1}, {6, 7}, {3, 5}, {2, 4}], [{8, 1}, {6, 7}, {3, 5}, {4}, {2}], [{8, 1}, {6, 7}, {4, 5}, {2, 3}], [{8, 1}, {6, 7}, {5}, {2, 4}, {3}], [{8, 1}, {7}, {2, 6}, {4, 5}, {3}], [{8, 1}, {7}, {3, 6}, {5}, {2, 4}], [{8, 1}, {7}, {4, 6}, {2, 5}, {3}], [{8, 1}, {7}, {5, 6}, {2, 4}, {3}], [{8, 1}, {7}, {6}, {3, 5}, {2, 4}], [{8, 1}, {7}, {6}, {5}, {2, 4}, {3}], [{8, 2}, {1, 7}, {3, 6}, {4, 5}], [{8, 2}, {1, 7}, {4, 6}, {3, 5}], [{8, 2}, {1, 7}, {5, 6}, {3, 4}], [{8, 2}, {1, 7}, {6}, {4, 5}, {3}], [{8, 2}, {3, 7}, {1, 6}, {4, 5}], [{8, 2}, {3, 7}, {4, 6}, {1, 5}], [{8, 2}, {3, 7}, {5, 6}, {1, 4}], [{8, 2}, {4, 7}, {1, 6}, {3, 5}], [{8, 2}, {4, 7}, {3, 6}, {1, 5}], [{8, 2}, {4, 7}, {5, 6}, {1, 3}], [{8, 2}, {5, 7}, {1, 6}, {3, 4}], [{8, 2}, {5, 7}, {3, 6}, {1, 4}], [{8, 2}, {5, 7}, {4, 6}, {1, 3}], [{8, 2}, {5, 7}, {6}, {1, 4}, {3}], [{8, 2}, {5, 7}, {6}, {3, 4}, {1}], [{8, 2}, {5, 7}, {6}, {4}, {1, 3}], [{8, 2}, {6, 7}, {1, 5}, {3, 4}], [{8, 2}, {6, 7}, {3, 5}, {1, 4}], [{8, 2}, {6, 7}, {4, 5}, {1, 3}], [{8, 3}, {1, 7}, {2, 6}, {4, 5}], [{8, 3}, {1, 7}, {4, 6}, {2, 5}], [{8, 3}, {1, 7}, {5, 6}, {2, 4}], [{8, 3}, {1, 7}, {6}, {2, 5}, {4}], [{8, 3}, {2, 7}, {1, 6}, {4, 5}], [{8, 3}, {2, 7}, {4, 6}, {1, 5}], [{8, 3}, {2, 7}, {5, 6}, {1, 4}], [{8, 3}, {2, 7}, {6}, {1, 5}, {4}], [{8, 3}, {4, 7}, {1, 6}, {2, 5}], [{8, 3}, {4, 7}, {2, 6}, {1, 5}], [{8, 3}, {4, 7}, {5, 6}, {1, 2}], [{8, 3}, {4, 7}, {5, 6}, {2}, {1}], [{8, 3}, {4, 7}, {6}, {5}, {1, 2}], [{8, 3}, {5, 7}, {1, 6}, {2, 4}], [{8, 3}, {5, 7}, {1, 6}, {4}, {2}], [{8, 3}, {5, 7}, {2, 6}, {1, 4}], [{8, 3}, {5, 7}, {2, 6}, {4}, {1}], [{8, 3}, {5, 7}, {4, 6}, {1, 2}], [{8, 3}, {5, 7}, {4, 6}, {2}, {1}], [{8, 3}, {5, 7}, {6}, {1, 4}, {2}], [{8, 3}, {5, 7}, {6}, {2, 4}, {1}], [{8, 3}, {5, 7}, {6}, {4}, {1, 2}], [{8, 3}, {5, 7}, {6}, {4}, {2}, {1}], [{8, 3}, {6, 7}, {1, 5}, {2, 4}], [{8, 3}, {6, 7}, {2, 5}, {1, 4}], [{8, 3}, {6, 7}, {4, 5}, {1, 2}], [{8, 3}, {6, 7}, {4, 5}, {2}, {1}], [{8, 3}, {6, 7}, {5}, {4}, {1, 2}], [{8, 3}, {7}, {4, 6}, {5}, {1, 2}], [{8, 3}, {7}, {5, 6}, {4}, {1, 2}], [{8, 3}, {7}, {6}, {4, 5}, {1, 2}], [{8, 3}, {7}, {6}, {5}, {4}, {1, 2}], [{8, 4}, {1, 7}, {2, 6}, {3, 5}], [{8, 4}, {1, 7}, {3, 6}, {2, 5}], [{8, 4}, {1, 7}, {5, 6}, {2, 3}], [{8, 4}, {1, 7}, {6}, {3, 5}, {2}], [{8, 4}, {2, 7}, {1, 6}, {3, 5}], [{8, 4}, {2, 7}, {3, 6}, {1, 5}], [{8, 4}, {2, 7}, {5, 6}, {1, 3}], [{8, 4}, {3, 7}, {1, 6}, {2, 5}], [{8, 4}, {3, 7}, {2, 6}, {1, 5}], [{8, 4}, {3, 7}, {5, 6}, {1, 2}], [{8, 4}, {3, 7}, {5, 6}, {2}, {1}], [{8, 4}, {5, 7}, {1, 6}, {2, 3}], [{8, 4}, {5, 7}, {2, 6}, {1, 3}], [{8, 4}, {5, 7}, {3, 6}, {1, 2}], [{8, 4}, {5, 7}, {6}, {1, 3}, {2}], [{8, 4}, {5, 7}, {6}, {2, 3}, {1}], [{8, 4}, {5, 7}, {6}, {3}, {1, 2}], [{8, 4}, {6, 7}, {1, 5}, {2, 3}], [{8, 4}, {6, 7}, {2, 5}, {1, 3}], [{8, 4}, {6, 7}, {3, 5}, {1, 2}], [{8, 4}, {6, 7}, {3, 5}, {2}, {1}], [{8, 4}, {7}, {1, 6}, {3, 5}, {2}], [{8, 5}, {1, 7}, {2, 6}, {3, 4}], [{8, 5}, {1, 7}, {3, 6}, {2, 4}], [{8, 5}, {1, 7}, {4, 6}, {2, 3}], [{8, 5}, {2, 7}, {1, 6}, {3, 4}], [{8, 5}, {2, 7}, {3, 6}, {1, 4}], [{8, 5}, {2, 7}, {4, 6}, {1, 3}], [{8, 5}, {2, 7}, {6}, {1, 4}, {3}], [{8, 5}, {3, 7}, {1, 6}, {2, 4}], [{8, 5}, {3, 7}, {2, 6}, {1, 4}], [{8, 5}, {3, 7}, {4, 6}, {1, 2}], [{8, 5}, {4, 7}, {1, 6}, {2, 3}], [{8, 5}, {4, 7}, {2, 6}, {1, 3}], [{8, 5}, {4, 7}, {3, 6}, {1, 2}], [{8, 5}, {6, 7}, {1, 4}, {2, 3}], [{8, 5}, {6, 7}, {2, 4}, {1, 3}], [{8, 5}, {6, 7}, {2, 4}, {3}, {1}], [{8, 5}, {6, 7}, {3, 4}, {1, 2}], [{8, 6}, {1, 7}, {2, 5}, {3, 4}], [{8, 6}, {1, 7}, {3, 5}, {2, 4}], [{8, 6}, {1, 7}, {4, 5}, {2, 3}], [{8, 6}, {1, 7}, {4, 5}, {3}, {2}], [{8, 6}, {2, 7}, {1, 5}, {3, 4}], [{8, 6}, {2, 7}, {3, 5}, {1, 4}], [{8, 6}, {2, 7}, {4, 5}, {1, 3}], [{8, 6}, {3, 7}, {1, 5}, {2, 4}], [{8, 6}, {3, 7}, {2, 5}, {1, 4}], [{8, 6}, {3, 7}, {4, 5}, {1, 2}], [{8, 6}, {3, 7}, {5}, {2, 4}, {1}], [{8, 6}, {4, 7}, {1, 5}, {2, 3}], [{8, 6}, {4, 7}, {2, 5}, {1, 3}], [{8, 6}, {4, 7}, {3, 5}, {1, 2}], [{8, 6}, {5, 7}, {1, 4}, {2, 3}], [{8, 6}, {5, 7}, {2, 4}, {1, 3}], [{8, 6}, {5, 7}, {3, 4}, {1, 2}], [{8, 6}, {7}, {3, 5}, {1, 4}, {2}], [{8, 7}, {1, 6}, {2, 5}, {3, 4}], [{8, 7}, {1, 6}, {2, 5}, {4}, {3}], [{8, 7}, {1, 6}, {3, 5}, {2, 4}], [{8, 7}, {1, 6}, {4, 5}, {2, 3}], [{8, 7}, {2, 6}, {1, 5}, {3, 4}], [{8, 7}, {2, 6}, {3, 5}, {1, 4}], [{8, 7}, {2, 6}, {3, 5}, {4}, {1}], [{8, 7}, {2, 6}, {4, 5}, {1, 3}], [{8, 7}, {2, 6}, {4, 5}, {3}, {1}], [{8, 7}, {2, 6}, {5}, {3, 4}, {1}], [{8, 7}, {3, 6}, {1, 5}, {2, 4}], [{8, 7}, {3, 6}, {2, 5}, {1, 4}], [{8, 7}, {3, 6}, {2, 5}, {4}, {1}], [{8, 7}, {3, 6}, {4, 5}, {1, 2}], [{8, 7}, {4, 6}, {1, 5}, {2, 3}], [{8, 7}, {4, 6}, {2, 5}, {1, 3}], [{8, 7}, {4, 6}, {3, 5}, {1, 2}], [{8, 7}, {5, 6}, {1, 4}, {2, 3}], [{8, 7}, {5, 6}, {2, 4}, {1, 3}], [{8, 7}, {5, 6}, {2, 4}, {3}, {1}], [{8, 7}, {5, 6}, {3, 4}, {1, 2}], [{8, 7}, {6}, {2, 5}, {4}, {1, 3}], [{8, 7}, {6}, {3, 5}, {1, 4}, {2}], [{8}, {1, 7}, {2, 6}, {4, 5}, {3}], [{8}, {1, 7}, {5, 6}, {2, 4}, {3}], [{8}, {1, 7}, {5, 6}, {3, 4}, {2}], [{8}, {1, 7}, {5, 6}, {4}, {2, 3}], [{8}, {3, 7}, {1, 6}, {5}, {2, 4}], [{8}, {3, 7}, {5, 6}, {1, 4}, {2}], [{8}, {5, 7}, {6}, {1, 4}, {2, 3}], [{8}, {5, 7}, {6}, {2, 4}, {1, 3}], [{8}, {5, 7}, {6}, {3, 4}, {1, 2}], [{8}, {6, 7}, {1, 5}, {2, 4}, {3}], [{8}, {6, 7}, {1, 5}, {3, 4}, {2}], [{8}, {6, 7}, {1, 5}, {4}, {2, 3}], [{8}, {6, 7}, {3, 5}, {1, 4}, {2}]]",2,4 K_1^3 + 4 K_1^2 K_2 - 8 K_1^2 - 8 K_1 K_2 - 6 K_1 K_3 + K_1 - 2 K_2^2 + 5 K_2 + 3 K_3 + 3 K_4 + 5,O1O2O3O4U5U4U3O6U7O5O7U8U2O8U1U6,O1O2O3U2U1U4U5O6O5U7O4O7U8U3O8U6,O1O2O3U4O5U1U5O6O7U6O8O4U8U7U3U2,c,{'O1O2O3O4U5U4O6U3U6O7O8U7O5U2U1U8'},1,"<a href=""/flatknot/8.850862"">8.850862</a>",t^9-21t^7-34t^6+22t^5+50t^4-24t^3-34t^2+13t+2,-t^2+2t,,
8.850863,O1O2O3O4U5U4O6U3U6O7O8U7O5U8U1U2,3,22z^2+102z+117,22w^3z^2+102w^2z+117w,False,False,"[[ 0 -1  1  0  1 -1  1 -1  0],[ 1  0  1  0  1  0  1 -1  0],[-1 -1  0  0  1 -2  1 -1  0],[ 0  0  0  0  0 -2  1  0 -1],[-1 -1 -1  0  0 -1  0  0 -1],[ 1  0  2  2  1  0  1 -1 -1],[-1 -1 -1 -1  0 -1  0  0  0],[ 1  1  1  0  0  1  0  0  1],[ 0  0  0  1  1  1  0 -1  0]]","[[ 0  1  1  1  0  0 -1 -1 -1],[-1  0  1  1  0  0 -1 -1 -2],[-1 -1  0  0  0 -1  0 -1 -1],[-1 -1  0  0 -1  0  0 -1 -1],[ 0  0  0  1  0  1 -1  0  1],[ 0  0  1  0 -1  0  0  0 -2],[ 1  1  0  0  1  0  0  1  1],[ 1  1  1  1  0  0 -1  0  0],[ 1  2  1  1 -1  2 -1  0  0]]",True,"[-1,-1,-1,0,0,1,1,1,-1,-1,0,0,1,1,2,0,0,1,0,1,1,1,0,0,1,1,-1,1,0,-1,0,0,2,-1,-1,0]","[-1,-1,-1,0,0,1,1,1,-1,-1,0,0,1,1,2,0,0,1,0,1,1,1,0,0,1,1,-1,1,0,-1,0,0,2,-1,-1,0]",t^8+23t^6+80t^4+32t^2,"[-1,-1,-1,0,0,1,1,1,-1,-1,0,1,1,2,2,0,1,1,1,1,1,2,-1,0,1,1,-1,1,0,1,1,1,0,-1,-1,0]","[-1,-1,-1,0,0,1,1,1,-1,0,0,1,1,1,2,1,1,1,0,1,1,1,0,1,1,2,-1,-1,1,1,2,1,0,0,-1,-1]","[-1,-1,-1,0,0,1,1,1,-1,0,-1,2,1,1,2,1,1,0,0,0,1,0,0,1,1,1,1,0,1,0,1,0,0,0,-1,-1]",c,"[[{8, 3}, {4, 7}, {5, 6}, {1, 2}], [{8, 3}, {6, 7}, {4, 5}, {1, 2}]]",0,24 K_1^3 - 28 K_1^2 - 24 K_1 K_2 - 6 K_1 + 14 K_2 + 6 K_3 + 15,O1O2O3O4U3U4U5O6U7O5O7U8U2O8U1U6,O1O2O3U2U3U4U5O6O5U7O4O7U8U1O8U6,O1O2O3U4O5U3U5O6O7U6O8O4U8U7U1U2,c,{'O1O2O3O4U5U4O6U3U6O7O8U7O5U8U1U2'},1,"<a href=""/flatknot/8.850863"">8.850863</a>",t^9-23t^7-30t^6+60t^5+62t^4-44t^3-6t^2+4t,0,,
8.850864,O1O2O3O4U5U4O6U3U7O8O7U1O5U2U6U8,4,2z^3+22z^2+93z+115,2w^4z^3+22w^3z^2+93w^2z+115w,False,False,"[[ 0 -2 -1  0  1 -1  1  1  1],[ 2  0  0  0  0  0  2  2  1],[ 1  0  0  1  1 -1  1  1  0],[ 0  0 -1  0  0 -1  0  0  0],[-1  0 -1  0  0 -1 -1 -1 -1],[ 1  0  1  1  1  0  1  2  1],[-1 -2 -1  0  1 -1  0 -1  0],[-1 -2 -1  0  1 -2  1  0  1],[-1 -1  0  0  1 -1  0 -1  0]]","[[ 0  1  1  1  1  0 -1 -1 -2],[-1  0  1  1  1  0 -1 -2 -2],[-1 -1  0  1  0  0  0 -1 -1],[-1 -1 -1  0 -1  0 -1 -1  0],[-1 -1  0  1  0  0 -1 -1 -2],[ 0  0  0  0  0  0 -1 -1  0],[ 1  1  0  1  1  1  0 -1  0],[ 1  2  1  1  1  1  1  0  0],[ 2  2  1  0  2  0  0  0  0]]",True,"[-1,-1,-1,-1,0,1,1,2,-1,-1,-1,0,1,2,2,-1,0,0,0,1,1,1,0,1,1,0,0,1,1,2,1,1,0,1,0,0]","[-2,-1,-1,0,1,1,1,1,0,0,0,0,1,2,2,-1,1,1,0,1,1,1,1,1,1,2,0,0,0,0,-1,-1,-1,0,-1,-1]",t^8+27t^6+88t^4+36t^2+1,"[-2,-1,-1,0,1,1,1,1,1,1,2,1,1,2,3,-1,0,0,1,1,1,0,1,1,2,1,1,1,1,1,-1,-1,-1,0,-1,-1]","[-1,-1,-1,-1,0,1,1,2,-1,-1,-1,1,1,1,3,-1,0,1,1,1,1,1,1,0,1,1,1,1,2,2,0,0,2,1,1,1]","[-2,-1,-1,0,1,1,1,1,0,0,0,0,1,2,2,-1,1,1,0,1,1,1,1,1,1,2,0,0,0,0,-1,-1,-1,0,-1,-1]",c,"[[{8, 1}, {2, 7}, {3, 6}, {4, 5}], [{8, 1}, {2, 7}, {4, 6}, {3, 5}], [{8, 1}, {2, 7}, {5, 6}, {3, 4}], [{8, 1}, {2, 7}, {5, 6}, {4}, {3}], [{8, 1}, {3, 7}, {2, 6}, {4, 5}], [{8, 1}, {3, 7}, {4, 6}, {2, 5}], [{8, 1}, {3, 7}, {5, 6}, {2, 4}], [{8, 1}, {4, 7}, {2, 6}, {3, 5}], [{8, 1}, {4, 7}, {3, 6}, {2, 5}], [{8, 1}, {4, 7}, {3, 6}, {5}, {2}], [{8, 1}, {4, 7}, {5, 6}, {2, 3}], [{8, 1}, {5, 7}, {2, 6}, {3, 4}], [{8, 1}, {5, 7}, {3, 6}, {2, 4}], [{8, 1}, {5, 7}, {3, 6}, {4}, {2}], [{8, 1}, {5, 7}, {4, 6}, {2, 3}], [{8, 1}, {6, 7}, {2, 5}, {3, 4}], [{8, 1}, {6, 7}, {3, 5}, {2, 4}], [{8, 1}, {6, 7}, {4, 5}, {2, 3}], [{8, 1}, {6, 7}, {5}, {4}, {2, 3}], [{8, 1}, {7}, {3, 6}, {4, 5}, {2}], [{8, 2}, {1, 7}, {3, 6}, {4, 5}], [{8, 2}, {1, 7}, {3, 6}, {5}, {4}], [{8, 2}, {1, 7}, {4, 6}, {3, 5}], [{8, 2}, {1, 7}, {5, 6}, {3, 4}], [{8, 2}, {1, 7}, {5, 6}, {4}, {3}], [{8, 2}, {1, 7}, {6}, {3, 5}, {4}], [{8, 2}, {3, 7}, {1, 6}, {4, 5}], [{8, 2}, {3, 7}, {4, 6}, {1, 5}], [{8, 2}, {3, 7}, {5, 6}, {1, 4}], [{8, 2}, {4, 7}, {1, 6}, {3, 5}], [{8, 2}, {4, 7}, {3, 6}, {1, 5}], [{8, 2}, {4, 7}, {5, 6}, {1, 3}], [{8, 2}, {4, 7}, {5, 6}, {3}, {1}], [{8, 2}, {4, 7}, {6}, {5}, {1, 3}], [{8, 2}, {5, 7}, {1, 6}, {3, 4}], [{8, 2}, {5, 7}, {1, 6}, {4}, {3}], [{8, 2}, {5, 7}, {3, 6}, {1, 4}], [{8, 2}, {5, 7}, {4, 6}, {1, 3}], [{8, 2}, {5, 7}, {4, 6}, {3}, {1}], [{8, 2}, {5, 7}, {6}, {1, 4}, {3}], [{8, 2}, {6, 7}, {1, 5}, {3, 4}], [{8, 2}, {6, 7}, {3, 5}, {1, 4}], [{8, 2}, {6, 7}, {4, 5}, {1, 3}], [{8, 2}, {6, 7}, {5}, {1, 4}, {3}], [{8, 2}, {7}, {5, 6}, {1, 4}, {3}], [{8, 3}, {1, 7}, {2, 6}, {4, 5}], [{8, 3}, {1, 7}, {4, 6}, {2, 5}], [{8, 3}, {1, 7}, {4, 6}, {5}, {2}], [{8, 3}, {1, 7}, {5, 6}, {2, 4}], [{8, 3}, {2, 7}, {1, 6}, {4, 5}], [{8, 3}, {2, 7}, {4, 6}, {1, 5}], [{8, 3}, {2, 7}, {4, 6}, {5}, {1}], [{8, 3}, {2, 7}, {5, 6}, {1, 4}], [{8, 3}, {2, 7}, {6}, {1, 5}, {4}], [{8, 3}, {4, 7}, {1, 6}, {2, 5}], [{8, 3}, {4, 7}, {2, 6}, {1, 5}], [{8, 3}, {4, 7}, {2, 6}, {5}, {1}], [{8, 3}, {4, 7}, {5, 6}, {1, 2}], [{8, 3}, {4, 7}, {6}, {1, 5}, {2}], [{8, 3}, {5, 7}, {1, 6}, {2, 4}], [{8, 3}, {5, 7}, {2, 6}, {1, 4}], [{8, 3}, {5, 7}, {4, 6}, {1, 2}], [{8, 3}, {5, 7}, {4, 6}, {2}, {1}], [{8, 3}, {6, 7}, {1, 5}, {2, 4}], [{8, 3}, {6, 7}, {1, 5}, {4}, {2}], [{8, 3}, {6, 7}, {2, 5}, {1, 4}], [{8, 3}, {6, 7}, {4, 5}, {1, 2}], [{8, 3}, {6, 7}, {5}, {2, 4}, {1}], [{8, 3}, {7}, {1, 6}, {4, 5}, {2}], [{8, 3}, {7}, {2, 6}, {1, 5}, {4}], [{8, 3}, {7}, {4, 6}, {1, 5}, {2}], [{8, 3}, {7}, {4, 6}, {2, 5}, {1}], [{8, 3}, {7}, {4, 6}, {5}, {1, 2}], [{8, 3}, {7}, {4, 6}, {5}, {2}, {1}], [{8, 3}, {7}, {5, 6}, {1, 4}, {2}], [{8, 3}, {7}, {6}, {1, 5}, {2, 4}], [{8, 3}, {7}, {6}, {1, 5}, {4}, {2}], [{8, 4}, {1, 7}, {2, 6}, {3, 5}], [{8, 4}, {1, 7}, {3, 6}, {2, 5}], [{8, 4}, {1, 7}, {3, 6}, {5}, {2}], [{8, 4}, {1, 7}, {5, 6}, {2, 3}], [{8, 4}, {2, 7}, {1, 6}, {3, 5}], [{8, 4}, {2, 7}, {3, 6}, {1, 5}], [{8, 4}, {2, 7}, {5, 6}, {1, 3}], [{8, 4}, {2, 7}, {5, 6}, {3}, {1}], [{8, 4}, {3, 7}, {1, 6}, {2, 5}], [{8, 4}, {3, 7}, {2, 6}, {1, 5}], [{8, 4}, {3, 7}, {5, 6}, {1, 2}], [{8, 4}, {5, 7}, {1, 6}, {2, 3}], [{8, 4}, {5, 7}, {2, 6}, {1, 3}], [{8, 4}, {5, 7}, {3, 6}, {1, 2}], [{8, 4}, {6, 7}, {1, 5}, {2, 3}], [{8, 4}, {6, 7}, {1, 5}, {3}, {2}], [{8, 4}, {6, 7}, {2, 5}, {1, 3}], [{8, 4}, {6, 7}, {2, 5}, {3}, {1}], [{8, 4}, {6, 7}, {3, 5}, {1, 2}], [{8, 4}, {6, 7}, {5}, {3}, {1, 2}], [{8, 4}, {7}, {1, 6}, {3, 5}, {2}], [{8, 5}, {1, 7}, {2, 6}, {3, 4}], [{8, 5}, {1, 7}, {3, 6}, {2, 4}], [{8, 5}, {1, 7}, {4, 6}, {2, 3}], [{8, 5}, {2, 7}, {1, 6}, {3, 4}], [{8, 5}, {2, 7}, {1, 6}, {4}, {3}], [{8, 5}, {2, 7}, {3, 6}, {1, 4}], [{8, 5}, {2, 7}, {4, 6}, {1, 3}], [{8, 5}, {2, 7}, {4, 6}, {3}, {1}], [{8, 5}, {2, 7}, {6}, {1, 4}, {3}], [{8, 5}, {3, 7}, {1, 6}, {2, 4}], [{8, 5}, {3, 7}, {2, 6}, {1, 4}], [{8, 5}, {3, 7}, {4, 6}, {1, 2}], [{8, 5}, {4, 7}, {1, 6}, {2, 3}], [{8, 5}, {4, 7}, {2, 6}, {1, 3}], [{8, 5}, {4, 7}, {3, 6}, {1, 2}], [{8, 5}, {6, 7}, {1, 4}, {2, 3}], [{8, 5}, {6, 7}, {2, 4}, {1, 3}], [{8, 5}, {6, 7}, {3, 4}, {1, 2}], [{8, 5}, {6, 7}, {4}, {3}, {1, 2}], [{8, 6}, {1, 7}, {2, 5}, {3, 4}], [{8, 6}, {1, 7}, {3, 5}, {2, 4}], [{8, 6}, {1, 7}, {4, 5}, {2, 3}], [{8, 6}, {2, 7}, {1, 5}, {3, 4}], [{8, 6}, {2, 7}, {3, 5}, {1, 4}], [{8, 6}, {2, 7}, {4, 5}, {1, 3}], [{8, 6}, {2, 7}, {5}, {1, 4}, {3}], [{8, 6}, {3, 7}, {1, 5}, {2, 4}], [{8, 6}, {3, 7}, {2, 5}, {1, 4}], [{8, 6}, {3, 7}, {4, 5}, {1, 2}], [{8, 6}, {4, 7}, {1, 5}, {2, 3}], [{8, 6}, {4, 7}, {2, 5}, {1, 3}], [{8, 6}, {4, 7}, {3, 5}, {1, 2}], [{8, 6}, {5, 7}, {1, 4}, {2, 3}], [{8, 6}, {5, 7}, {2, 4}, {1, 3}], [{8, 6}, {5, 7}, {3, 4}, {1, 2}], [{8, 7}, {1, 6}, {2, 5}, {3, 4}], [{8, 7}, {1, 6}, {3, 5}, {2, 4}], [{8, 7}, {1, 6}, {4, 5}, {2, 3}], [{8, 7}, {1, 6}, {4, 5}, {3}, {2}], [{8, 7}, {2, 6}, {1, 5}, {3, 4}], [{8, 7}, {2, 6}, {3, 5}, {1, 4}], [{8, 7}, {2, 6}, {4, 5}, {1, 3}], [{8, 7}, {3, 6}, {1, 5}, {2, 4}], [{8, 7}, {3, 6}, {2, 5}, {1, 4}], [{8, 7}, {3, 6}, {4, 5}, {1, 2}], [{8, 7}, {4, 6}, {1, 5}, {2, 3}], [{8, 7}, {4, 6}, {1, 5}, {3}, {2}], [{8, 7}, {4, 6}, {2, 5}, {1, 3}], [{8, 7}, {4, 6}, {3, 5}, {1, 2}], [{8, 7}, {5, 6}, {1, 4}, {2, 3}], [{8, 7}, {5, 6}, {1, 4}, {3}, {2}], [{8, 7}, {5, 6}, {2, 4}, {1, 3}], [{8, 7}, {5, 6}, {3, 4}, {1, 2}], [{8}, {1, 7}, {3, 6}, {5}, {2, 4}], [{8}, {1, 7}, {6}, {4, 5}, {2, 3}], [{8}, {2, 7}, {4, 6}, {3, 5}, {1}], [{8}, {2, 7}, {5, 6}, {1, 4}, {3}], [{8}, {2, 7}, {6}, {4, 5}, {1, 3}], [{8}, {3, 7}, {1, 6}, {4, 5}, {2}], [{8}, {3, 7}, {4, 6}, {1, 5}, {2}], [{8}, {3, 7}, {5, 6}, {1, 4}, {2}], [{8}, {4, 7}, {1, 6}, {2, 5}, {3}], [{8}, {5, 7}, {4, 6}, {2, 3}, {1}], [{8}, {6, 7}, {1, 5}, {3, 4}, {2}], [{8}, {6, 7}, {4, 5}, {3}, {1, 2}], [{8}, {7}, {2, 6}, {3, 5}, {1, 4}], [{8}, {7}, {3, 6}, {2, 5}, {1, 4}], [{8}, {7}, {5, 6}, {1, 4}, {2, 3}], [{8}, {7}, {5, 6}, {1, 4}, {3}, {2}]]",2,8 K_1^3 - 22 K_1^2 - 16 K_1 K_2 + 2 K_1 + 11 K_2 + 6 K_3 + 12,O1O2O3O4U5U6U3O7U4O8O5U8U2O6U1U7,O1O2O3U4U1U5U6O7O6U2O5O8U3U8O4U7,O1O2O3U4O5U6U1O6O7U2O8O4U8U7U3U5,c,{'O1O2O3O4U5U4O6U3U7O8O7U1O5U2U6U8'},1,"<a href=""/flatknot/8.850864"">8.850864</a>",t^9-29t^7-40t^6+83t^5+118t^4-51t^3-56t^2+12t,t^2-2t,,
8.850865,O1O2O3O4U5U4O6U3U7O8O7U1O5U2U8U6,4,13z^2+82z+113,13w^3z^2+82w^2z+113w,False,False,"[[ 0 -2 -1  0  1 -1  2  1  0],[ 2  0  0  0  0  0  3  2  0],[ 1  0  0  1  1 -1  2  1 -1],[ 0  0 -1  0  0 -1  0  0 -1],[-1  0 -1  0  0 -1 -1 -1 -1],[ 1  0  1  1  1  0  1  2  1],[-2 -3 -2  0  1 -1  0 -1 -1],[-1 -2 -1  0  1 -2  1  0  0],[ 0  0  1  1  1 -1  1  0  0]]","[[ 0  2  1  1  0  0 -1 -1 -2],[-2  0  1 -1  0 -1 -1 -2 -3],[-1 -1  0 -1  0 -1 -1 -1  0],[-1  1  1  0  0  0 -2 -1 -2],[ 0  0  0  0  0 -1 -1 -1  0],[ 0  1  1  0  1  0 -1  1  0],[ 1  1  1  2  1  1  0  1  0],[ 1  2  1  1  1 -1 -1  0  0],[ 2  3  0  2  0  0  0  0  0]]",True,"[-2,-1,-1,0,0,1,1,2,-1,1,0,1,1,2,3,1,0,1,1,1,0,0,0,2,1,2,1,1,1,0,1,-1,0,-1,0,0]","[-2,-1,-1,0,0,1,1,2,-1,1,0,1,1,2,3,1,0,1,1,1,0,0,0,2,1,2,1,1,1,0,1,-1,0,-1,0,0]",t^8+36t^6+198t^4+196t^2+1,"[-2,-1,-1,0,0,1,1,2,1,1,2,2,1,3,1,-1,0,0,0,1,2,0,2,1,1,1,1,1,1,2,1,0,1,-1,0,2]","[-2,-1,-1,0,0,1,1,2,0,2,1,2,1,2,1,1,1,1,1,0,1,0,1,1,1,3,1,2,0,2,0,0,2,-1,1,1]","[-2,-1,-1,0,0,1,1,2,0,0,0,0,0,2,3,-1,-1,1,1,1,2,1,1,1,2,1,1,1,0,1,0,0,0,-1,-1,1]",c,"[[{8, 3}, {2, 7}, {1, 6}, {4, 5}], [{8, 3}, {2, 7}, {4, 6}, {1, 5}], [{8, 3}, {2, 7}, {5, 6}, {1, 4}], [{8, 3}, {5, 7}, {1, 6}, {2, 4}], [{8, 7}, {5, 6}, {1, 4}, {2, 3}]]",1,4 K_1^3 + 8 K_1^2 K_2 - 18 K_1^2 - 16 K_1 K_2 - 6 K_1 K_3 + 5 K_1 - 2 K_2^2 + 8 K_2 + 7 K_3 + 2 K_4 + 9,O1O2O3O4U5U6U3O7U4O8O6U8U2O5U1U7,O1O2O3U4U1U5U6O7O6U3O5O8U2U8O4U7,O1O2O3U4O5U6U2O6O7U1O8O4U8U7U3U5,c,{'O1O2O3O4U5U4O6U3U7O8O7U1O5U2U8U6'},1,"<a href=""/flatknot/8.850865"">8.850865</a>",t^9-36t^7-56t^6+138t^5+276t^4+60t^3-18t^2+21t-14,0,,
8.850866,O1O2O3O4U5U4O6U3U7O8O7U1O5U6U2U8,3,7z^2+40z+53,7w^3z^2+40w^2z+53w,False,False,"[[ 0 -2  0  0  1 -1  0  1  1],[ 2  0  1  0  0  0  1  2  1],[ 0 -1  0  0  1 -1  0  0  0],[ 0  0  0  0  0 -1  0  0  0],[-1  0 -1  0  0 -1 -1 -1 -1],[ 1  0  1  1  1  0  0  2  1],[ 0 -1  0  0  1  0  0  0  0],[-1 -2  0  0  1 -2  0  0  1],[-1 -1  0  0  1 -1  0 -1  0]]","[[ 0  1  1  1  0  0  0 -1 -2],[-1  0  1  1  0  0  0 -2 -2],[-1 -1  0  1  0  0  0 -1 -1],[-1 -1 -1  0  0 -1 -1 -1  0],[ 0  0  0  0  0  0  0 -1  0],[ 0  0  0  1  0  0  0  0 -1],[ 0  0  0  1  0  0  0 -1 -1],[ 1  2  1  1  1  0  1  0  0],[ 2  2  1  0  0  1  1  0  0]]",True,"[-1,-1,-1,0,0,0,1,2,-1,-1,0,0,0,2,2,-1,0,0,0,1,1,0,1,1,1,0,0,0,1,0,0,0,1,1,1,0]","[-2,-1,0,0,0,1,1,1,0,0,1,1,0,1,2,1,0,1,1,1,2,0,0,0,0,0,0,1,0,0,1,0,0,-1,-1,-1]",t^8+20t^6+44t^4+15t^2,"[-2,-1,0,0,0,1,1,1,1,1,1,2,1,2,3,0,1,0,0,1,1,0,0,1,1,0,0,1,1,0,1,1,1,-1,-1,-1]","[-1,-1,-1,0,0,0,1,2,-1,-1,0,0,1,1,3,-1,1,1,1,1,2,1,1,1,0,1,0,0,0,1,0,1,1,0,2,1]","[-2,-1,0,0,0,1,1,1,0,0,1,1,0,1,2,1,0,1,1,1,2,0,0,0,0,0,0,1,0,0,1,0,0,-1,-1,-1]",c,"[[{8, 1}, {2, 7}, {3, 6}, {4, 5}], [{8, 1}, {2, 7}, {4, 6}, {3, 5}], [{8, 1}, {2, 7}, {5, 6}, {3, 4}], [{8, 1}, {3, 7}, {2, 6}, {4, 5}], [{8, 1}, {3, 7}, {4, 6}, {2, 5}], [{8, 1}, {3, 7}, {4, 6}, {5}, {2}], [{8, 1}, {3, 7}, {5, 6}, {2, 4}], [{8, 1}, {4, 7}, {2, 6}, {3, 5}], [{8, 1}, {4, 7}, {3, 6}, {2, 5}], [{8, 1}, {4, 7}, {3, 6}, {5}, {2}], [{8, 1}, {4, 7}, {5, 6}, {2, 3}], [{8, 1}, {5, 7}, {2, 6}, {3, 4}], [{8, 1}, {5, 7}, {2, 6}, {4}, {3}], [{8, 1}, {5, 7}, {3, 6}, {2, 4}], [{8, 1}, {5, 7}, {3, 6}, {4}, {2}], [{8, 1}, {5, 7}, {4, 6}, {2, 3}], [{8, 1}, {5, 7}, {4, 6}, {3}, {2}], [{8, 1}, {5, 7}, {6}, {2, 4}, {3}], [{8, 1}, {5, 7}, {6}, {3, 4}, {2}], [{8, 1}, {5, 7}, {6}, {4}, {2, 3}], [{8, 1}, {5, 7}, {6}, {4}, {3}, {2}], [{8, 1}, {6, 7}, {2, 5}, {3, 4}], [{8, 1}, {6, 7}, {3, 5}, {2, 4}], [{8, 1}, {6, 7}, {4, 5}, {2, 3}], [{8, 1}, {6, 7}, {5}, {4}, {2, 3}], [{8, 1}, {7}, {3, 6}, {4, 5}, {2}], [{8, 1}, {7}, {4, 6}, {3, 5}, {2}], [{8, 1}, {7}, {5, 6}, {4}, {2, 3}], [{8, 2}, {1, 7}, {3, 6}, {4, 5}], [{8, 2}, {1, 7}, {4, 6}, {3, 5}], [{8, 2}, {1, 7}, {5, 6}, {3, 4}], [{8, 2}, {1, 7}, {5, 6}, {4}, {3}], [{8, 2}, {3, 7}, {1, 6}, {4, 5}], [{8, 2}, {3, 7}, {4, 6}, {1, 5}], [{8, 2}, {3, 7}, {5, 6}, {1, 4}], [{8, 2}, {3, 7}, {6}, {1, 5}, {4}], [{8, 2}, {3, 7}, {6}, {4, 5}, {1}], [{8, 2}, {3, 7}, {6}, {5}, {1, 4}], [{8, 2}, {4, 7}, {1, 6}, {3, 5}], [{8, 2}, {4, 7}, {3, 6}, {1, 5}], [{8, 2}, {4, 7}, {5, 6}, {1, 3}], [{8, 2}, {4, 7}, {5, 6}, {3}, {1}], [{8, 2}, {5, 7}, {1, 6}, {3, 4}], [{8, 2}, {5, 7}, {3, 6}, {1, 4}], [{8, 2}, {5, 7}, {4, 6}, {1, 3}], [{8, 2}, {5, 7}, {6}, {1, 4}, {3}], [{8, 2}, {6, 7}, {1, 5}, {3, 4}], [{8, 2}, {6, 7}, {3, 5}, {1, 4}], [{8, 2}, {6, 7}, {4, 5}, {1, 3}], [{8, 2}, {6, 7}, {5}, {1, 4}, {3}], [{8, 2}, {7}, {3, 6}, {5}, {1, 4}], [{8, 2}, {7}, {5, 6}, {1, 4}, {3}], [{8, 2}, {7}, {6}, {3, 5}, {1, 4}], [{8, 2}, {7}, {6}, {5}, {1, 4}, {3}], [{8, 3}, {1, 7}, {2, 6}, {4, 5}], [{8, 3}, {1, 7}, {4, 6}, {2, 5}], [{8, 3}, {1, 7}, {5, 6}, {2, 4}], [{8, 3}, {2, 7}, {1, 6}, {4, 5}], [{8, 3}, {2, 7}, {1, 6}, {5}, {4}], [{8, 3}, {2, 7}, {4, 6}, {1, 5}], [{8, 3}, {2, 7}, {4, 6}, {5}, {1}], [{8, 3}, {2, 7}, {5, 6}, {1, 4}], [{8, 3}, {2, 7}, {5, 6}, {4}, {1}], [{8, 3}, {2, 7}, {6}, {1, 5}, {4}], [{8, 3}, {2, 7}, {6}, {4, 5}, {1}], [{8, 3}, {2, 7}, {6}, {5}, {1, 4}], [{8, 3}, {4, 7}, {1, 6}, {2, 5}], [{8, 3}, {4, 7}, {2, 6}, {1, 5}], [{8, 3}, {4, 7}, {5, 6}, {1, 2}], [{8, 3}, {5, 7}, {1, 6}, {2, 4}], [{8, 3}, {5, 7}, {2, 6}, {1, 4}], [{8, 3}, {5, 7}, {4, 6}, {1, 2}], [{8, 3}, {5, 7}, {6}, {1, 4}, {2}], [{8, 3}, {6, 7}, {1, 5}, {2, 4}], [{8, 3}, {6, 7}, {2, 5}, {1, 4}], [{8, 3}, {6, 7}, {4, 5}, {1, 2}], [{8, 3}, {6, 7}, {5}, {1, 4}, {2}], [{8, 3}, {7}, {1, 6}, {4, 5}, {2}], [{8, 3}, {7}, {2, 6}, {5}, {1, 4}], [{8, 3}, {7}, {4, 6}, {1, 5}, {2}], [{8, 3}, {7}, {5, 6}, {1, 4}, {2}], [{8, 3}, {7}, {6}, {2, 5}, {1, 4}], [{8, 3}, {7}, {6}, {5}, {1, 4}, {2}], [{8, 4}, {1, 7}, {2, 6}, {3, 5}], [{8, 4}, {1, 7}, {3, 6}, {2, 5}], [{8, 4}, {1, 7}, {3, 6}, {5}, {2}], [{8, 4}, {1, 7}, {5, 6}, {2, 3}], [{8, 4}, {2, 7}, {1, 6}, {3, 5}], [{8, 4}, {2, 7}, {3, 6}, {1, 5}], [{8, 4}, {2, 7}, {5, 6}, {1, 3}], [{8, 4}, {3, 7}, {1, 6}, {2, 5}], [{8, 4}, {3, 7}, {1, 6}, {5}, {2}], [{8, 4}, {3, 7}, {2, 6}, {1, 5}], [{8, 4}, {3, 7}, {5, 6}, {1, 2}], [{8, 4}, {5, 7}, {1, 6}, {2, 3}], [{8, 4}, {5, 7}, {1, 6}, {3}, {2}], [{8, 4}, {5, 7}, {2, 6}, {1, 3}], [{8, 4}, {5, 7}, {2, 6}, {3}, {1}], [{8, 4}, {5, 7}, {3, 6}, {1, 2}], [{8, 4}, {5, 7}, {3, 6}, {2}, {1}], [{8, 4}, {5, 7}, {6}, {1, 3}, {2}], [{8, 4}, {5, 7}, {6}, {2, 3}, {1}], [{8, 4}, {5, 7}, {6}, {3}, {1, 2}], [{8, 4}, {5, 7}, {6}, {3}, {2}, {1}], [{8, 4}, {6, 7}, {1, 5}, {2, 3}], [{8, 4}, {6, 7}, {2, 5}, {1, 3}], [{8, 4}, {6, 7}, {3, 5}, {1, 2}], [{8, 4}, {6, 7}, {5}, {2, 3}, {1}], [{8, 4}, {7}, {1, 6}, {3, 5}, {2}], [{8, 4}, {7}, {3, 6}, {1, 5}, {2}], [{8, 4}, {7}, {5, 6}, {2, 3}, {1}], [{8, 5}, {1, 7}, {2, 6}, {3, 4}], [{8, 5}, {1, 7}, {2, 6}, {4}, {3}], [{8, 5}, {1, 7}, {3, 6}, {2, 4}], [{8, 5}, {1, 7}, {3, 6}, {4}, {2}], [{8, 5}, {1, 7}, {4, 6}, {2, 3}], [{8, 5}, {1, 7}, {4, 6}, {3}, {2}], [{8, 5}, {1, 7}, {6}, {2, 4}, {3}], [{8, 5}, {1, 7}, {6}, {3, 4}, {2}], [{8, 5}, {1, 7}, {6}, {4}, {2, 3}], [{8, 5}, {1, 7}, {6}, {4}, {3}, {2}], [{8, 5}, {2, 7}, {1, 6}, {3, 4}], [{8, 5}, {2, 7}, {3, 6}, {1, 4}], [{8, 5}, {2, 7}, {4, 6}, {1, 3}], [{8, 5}, {2, 7}, {6}, {1, 4}, {3}], [{8, 5}, {3, 7}, {1, 6}, {2, 4}], [{8, 5}, {3, 7}, {2, 6}, {1, 4}], [{8, 5}, {3, 7}, {4, 6}, {1, 2}], [{8, 5}, {3, 7}, {6}, {1, 4}, {2}], [{8, 5}, {4, 7}, {1, 6}, {2, 3}], [{8, 5}, {4, 7}, {1, 6}, {3}, {2}], [{8, 5}, {4, 7}, {2, 6}, {1, 3}], [{8, 5}, {4, 7}, {2, 6}, {3}, {1}], [{8, 5}, {4, 7}, {3, 6}, {1, 2}], [{8, 5}, {4, 7}, {3, 6}, {2}, {1}], [{8, 5}, {4, 7}, {6}, {1, 3}, {2}], [{8, 5}, {4, 7}, {6}, {2, 3}, {1}], [{8, 5}, {4, 7}, {6}, {3}, {1, 2}], [{8, 5}, {4, 7}, {6}, {3}, {2}, {1}], [{8, 5}, {6, 7}, {1, 4}, {2, 3}], [{8, 5}, {6, 7}, {1, 4}, {3}, {2}], [{8, 5}, {6, 7}, {2, 4}, {1, 3}], [{8, 5}, {6, 7}, {3, 4}, {1, 2}], [{8, 5}, {6, 7}, {4}, {2, 3}, {1}], [{8, 5}, {7}, {1, 6}, {4}, {2, 3}], [{8, 5}, {7}, {2, 6}, {1, 4}, {3}], [{8, 5}, {7}, {3, 6}, {1, 4}, {2}], [{8, 5}, {7}, {4, 6}, {2, 3}, {1}], [{8, 5}, {7}, {6}, {1, 4}, {2, 3}], [{8, 5}, {7}, {6}, {1, 4}, {3}, {2}], [{8, 6}, {1, 7}, {2, 5}, {3, 4}], [{8, 6}, {1, 7}, {2, 5}, {4}, {3}], [{8, 6}, {1, 7}, {3, 5}, {2, 4}], [{8, 6}, {1, 7}, {4, 5}, {2, 3}], [{8, 6}, {2, 7}, {1, 5}, {3, 4}], [{8, 6}, {2, 7}, {3, 5}, {1, 4}], [{8, 6}, {2, 7}, {4, 5}, {1, 3}], [{8, 6}, {2, 7}, {5}, {1, 4}, {3}], [{8, 6}, {3, 7}, {1, 5}, {2, 4}], [{8, 6}, {3, 7}, {2, 5}, {1, 4}], [{8, 6}, {3, 7}, {4, 5}, {1, 2}], [{8, 6}, {3, 7}, {5}, {1, 4}, {2}], [{8, 6}, {4, 7}, {1, 5}, {2, 3}], [{8, 6}, {4, 7}, {2, 5}, {1, 3}], [{8, 6}, {4, 7}, {2, 5}, {3}, {1}], [{8, 6}, {4, 7}, {3, 5}, {1, 2}], [{8, 6}, {5, 7}, {1, 4}, {2, 3}], [{8, 6}, {5, 7}, {1, 4}, {3}, {2}], [{8, 6}, {5, 7}, {2, 4}, {1, 3}], [{8, 6}, {5, 7}, {3, 4}, {1, 2}], [{8, 6}, {7}, {2, 5}, {1, 4}, {3}], [{8, 6}, {7}, {3, 5}, {1, 4}, {2}], [{8, 6}, {7}, {5}, {1, 4}, {2, 3}], [{8, 6}, {7}, {5}, {1, 4}, {3}, {2}], [{8, 7}, {1, 6}, {2, 5}, {3, 4}], [{8, 7}, {1, 6}, {3, 5}, {2, 4}], [{8, 7}, {1, 6}, {4, 5}, {2, 3}], [{8, 7}, {2, 6}, {1, 5}, {3, 4}], [{8, 7}, {2, 6}, {3, 5}, {1, 4}], [{8, 7}, {2, 6}, {4, 5}, {1, 3}], [{8, 7}, {2, 6}, {5}, {1, 4}, {3}], [{8, 7}, {3, 6}, {1, 5}, {2, 4}], [{8, 7}, {3, 6}, {1, 5}, {4}, {2}], [{8, 7}, {3, 6}, {2, 5}, {1, 4}], [{8, 7}, {3, 6}, {4, 5}, {1, 2}], [{8, 7}, {3, 6}, {4, 5}, {2}, {1}], [{8, 7}, {3, 6}, {5}, {1, 4}, {2}], [{8, 7}, {4, 6}, {1, 5}, {2, 3}], [{8, 7}, {4, 6}, {2, 5}, {1, 3}], [{8, 7}, {4, 6}, {3, 5}, {1, 2}], [{8, 7}, {5, 6}, {1, 4}, {2, 3}], [{8, 7}, {5, 6}, {1, 4}, {3}, {2}], [{8, 7}, {5, 6}, {2, 4}, {1, 3}], [{8, 7}, {5, 6}, {3, 4}, {1, 2}], [{8, 7}, {6}, {2, 5}, {1, 4}, {3}], [{8, 7}, {6}, {3, 5}, {1, 4}, {2}], [{8, 7}, {6}, {5}, {1, 4}, {2, 3}], [{8, 7}, {6}, {5}, {1, 4}, {3}, {2}], [{8}, {1, 7}, {3, 6}, {4, 5}, {2}], [{8}, {1, 7}, {4, 6}, {5}, {2, 3}], [{8}, {2, 7}, {1, 6}, {4, 5}, {3}], [{8}, {2, 7}, {3, 6}, {5}, {1, 4}], [{8}, {2, 7}, {4, 6}, {1, 5}, {3}], [{8}, {2, 7}, {5, 6}, {1, 4}, {3}], [{8}, {2, 7}, {6}, {3, 5}, {1, 4}], [{8}, {2, 7}, {6}, {5}, {1, 4}, {3}], [{8}, {3, 7}, {2, 6}, {5}, {1, 4}], [{8}, {3, 7}, {5, 6}, {1, 4}, {2}], [{8}, {3, 7}, {6}, {2, 5}, {1, 4}], [{8}, {3, 7}, {6}, {5}, {1, 4}, {2}], [{8}, {4, 7}, {1, 6}, {5}, {2, 3}], [{8}, {4, 7}, {3, 6}, {1, 5}, {2}], [{8}, {5, 7}, {2, 6}, {1, 4}, {3}], [{8}, {5, 7}, {3, 6}, {1, 4}, {2}], [{8}, {5, 7}, {6}, {1, 4}, {2, 3}], [{8}, {5, 7}, {6}, {1, 4}, {3}, {2}], [{8}, {6, 7}, {1, 5}, {2, 4}, {3}], [{8}, {6, 7}, {1, 5}, {3, 4}, {2}], [{8}, {6, 7}, {1, 5}, {4}, {2, 3}], [{8}, {6, 7}, {2, 5}, {1, 4}, {3}], [{8}, {6, 7}, {2, 5}, {3, 4}, {1}], [{8}, {6, 7}, {2, 5}, {4}, {1, 3}], [{8}, {6, 7}, {3, 5}, {1, 4}, {2}], [{8}, {6, 7}, {3, 5}, {2, 4}, {1}], [{8}, {6, 7}, {3, 5}, {4}, {1, 2}], [{8}, {6, 7}, {4, 5}, {1, 3}, {2}], [{8}, {6, 7}, {4, 5}, {2, 3}, {1}], [{8}, {6, 7}, {4, 5}, {3}, {1, 2}], [{8}, {6, 7}, {5}, {1, 4}, {2, 3}], [{8}, {6, 7}, {5}, {1, 4}, {3}, {2}], [{8}, {6, 7}, {5}, {2, 4}, {1, 3}], [{8}, {6, 7}, {5}, {3, 4}, {1, 2}], [{8}, {6, 7}, {5}, {4}, {2, 3}, {1}], [{8}, {7}, {2, 6}, {3, 5}, {1, 4}], [{8}, {7}, {2, 6}, {5}, {1, 4}, {3}], [{8}, {7}, {3, 6}, {2, 5}, {1, 4}], [{8}, {7}, {3, 6}, {5}, {1, 4}, {2}], [{8}, {7}, {5, 6}, {1, 4}, {2, 3}], [{8}, {7}, {5, 6}, {1, 4}, {3}, {2}], [{8}, {7}, {6}, {2, 5}, {1, 4}, {3}], [{8}, {7}, {6}, {3, 5}, {1, 4}, {2}], [{8}, {7}, {6}, {5}, {1, 4}, {2, 3}], [{8}, {7}, {6}, {5}, {1, 4}, {3}, {2}]]",2,4 K_1^3 - 6 K_1^2 - 4 K_1 K_2 - K_1 + 3 K_2 + K_3 + 4,O1O2O3O4U5U3U6O7U4O8O5U8U2O6U1U7,O1O2O3U4U2U5U6O7O6U1O5O8U3U8O4U7,O1O2O3U4O5U6U1O6O7U3O8O4U8U7U2U5,c,"{'O1O2O3O4U5U4U2U6O7O6O8U1O5U3U8U7', 'O1O2O3O4U5U4O6U3U7O8O7U1O5U6U2U8', 'O1O2O3O4U5U4U2O6U7O8O7U1O5U3U6U8'}",3,"<a href=""/flatknot/8.850866"">8.850866</a>",t^9-22t^7-12t^6+55t^5+20t^4-26t^3-6t^2,t^2-2t,,
8.850867,O1O2O3O4U5U4O6U3U7O8O7U1O5U6U8U2,4,18z^2+103z+135,18w^3z^2+103w^2z+135w,False,False,"[[ 0 -2  1  0  1 -1  0  1  0],[ 2  0  2  0  0  0  1  2  0],[-1 -2  0  0  1 -1 -1  0 -1],[ 0  0  0  0  0 -1  0  0  0],[-1  0 -1  0  0 -1 -1 -1 -1],[ 1  0  1  1  1  0  0  2  0],[ 0 -1  1  0  1  0  0  0  0],[-1 -2  0  0  1 -2  0  0  0],[ 0  0  1  0  1  0  0  0  0]]","[[ 0  1  1  1  0  0  0 -1 -2],[-1  0  1  0  0  0  0 -2 -2],[-1 -1  0 -1  0 -1 -1 -1  0],[-1  0  1  0  0 -1 -1 -1 -2],[ 0  0  0  0  0  0  0 -1  0],[ 0  0  1  1  0  0  0  0  0],[ 0  0  1  1  0  0  0  0 -1],[ 1  2  1  1  1  0  0  0  0],[ 2  2  0  2  0  0  1  0  0]]",True,"[-1,-1,-1,0,0,0,1,2,-1,0,0,0,0,2,2,1,0,1,1,1,0,0,1,1,1,2,0,0,1,0,0,0,0,0,1,0]","[-2,-1,0,0,0,1,1,1,0,0,0,1,0,2,2,0,1,0,1,1,2,0,0,1,1,0,0,0,0,0,1,1,0,-1,-1,0]",t^8+22t^6+72t^4+56t^2+1,"[-2,-1,0,0,0,1,1,1,1,1,2,2,1,1,3,1,0,1,0,1,1,0,0,1,0,0,0,1,1,1,1,0,0,0,-1,-1]","[-1,-1,-1,0,0,0,1,2,-1,-1,0,0,1,1,3,0,0,0,1,1,1,1,1,1,0,1,0,0,1,1,0,1,2,0,2,1]","[-2,-1,0,0,0,1,1,1,0,0,0,1,0,2,2,0,1,0,1,1,2,0,0,1,1,0,0,0,0,0,1,1,0,-1,-1,0]",c,"[[{8, 1}, {2, 7}, {3, 6}, {4, 5}], [{8, 2}, {1, 7}, {3, 6}, {4, 5}], [{8, 7}, {3, 6}, {4, 5}, {1, 2}]]",1,8 K_1^3 - 26 K_1^2 - 16 K_1 K_2 + 2 K_1 + 13 K_2 + 6 K_3 + 14,O1O2O3O4U3U5U6O7U4O8O5U8U2O6U1U7,O1O2O3U4U3U5U6O7O6U1O5O8U2U8O4U7,O1O2O3U4O5U6U2O6O7U3O8O4U8U7U1U5,c,{'O1O2O3O4U5U4O6U3U7O8O7U1O5U6U8U2'},1,"<a href=""/flatknot/8.850867"">8.850867</a>",t^9-24t^7-10t^6+95t^5+46t^4-99t^3-56t^2-2,t^2-2t,,
8.850868,O1O2O3O4U5U4O6U3U7O8O7U1O5U8U2U6,4,z^3+19z^2+93z+119,w^4z^3+19w^3z^2+93w^2z+119w,False,False,"[[ 0 -2  0  0  1 -1  2  1 -1],[ 2  0  1  0  0  0  3  2 -1],[ 0 -1  0  1  1 -1  1  1 -2],[ 0  0 -1  0  0 -1  0  0 -1],[-1  0 -1  0  0 -1 -1 -1 -1],[ 1  0  1  1  1  0  1  2  0],[-2 -3 -1  0  1 -1  0 -1 -1],[-1 -2 -1  0  1 -2  1  0 -1],[ 1  1  2  1  1  0  1  1  0]]","[[ 0  2  1  1  0  0 -1 -1 -2],[-2  0  1 -1  0 -1 -1 -1 -3],[-1 -1  0 -1  0 -1 -1 -1  0],[-1  1  1  0  0 -1 -1 -2 -2],[ 0  0  0  0  0 -1 -1 -1  0],[ 0  1  1  1  1  0 -2 -1 -1],[ 1  1  1  1  1  2  0  0  1],[ 1  1  1  2  1  1  0  0  0],[ 2  3  0  2  0  1 -1  0  0]]",True,"[-2,-1,-1,0,0,1,1,2,-1,1,0,1,1,1,3,1,0,1,1,1,0,0,1,1,2,2,1,1,1,0,2,1,1,0,-1,0]","[-2,-1,-1,0,0,1,1,2,-1,0,0,1,0,2,3,0,1,2,1,1,1,1,1,1,2,1,-1,0,0,0,1,1,1,-1,-1,1]",t^8+38t^6+189t^4+168t^2+1,"[-2,-1,-1,0,0,1,1,2,1,2,1,2,1,3,1,0,0,0,0,1,2,-1,0,1,1,2,-1,0,0,1,1,1,2,-1,0,2]","[-2,-1,-1,0,0,1,1,2,0,2,1,2,2,2,1,1,0,1,0,1,1,0,1,1,1,3,1,0,-1,1,0,0,2,0,1,2]","[-2,-1,-1,0,0,1,1,2,-1,0,0,1,0,2,3,0,1,2,1,1,1,1,1,1,2,1,-1,0,0,0,1,1,1,-1,-1,1]",c,"[[{8, 1}, {2, 7}, {3, 6}, {4, 5}], [{8, 1}, {2, 7}, {4, 6}, {3, 5}], [{8, 1}, {2, 7}, {5, 6}, {3, 4}], [{8, 1}, {2, 7}, {6}, {3, 5}, {4}], [{8, 1}, {3, 7}, {2, 6}, {4, 5}], [{8, 1}, {3, 7}, {4, 6}, {2, 5}], [{8, 1}, {3, 7}, {5, 6}, {2, 4}], [{8, 1}, {4, 7}, {2, 6}, {3, 5}], [{8, 1}, {4, 7}, {3, 6}, {2, 5}], [{8, 1}, {4, 7}, {3, 6}, {5}, {2}], [{8, 1}, {4, 7}, {5, 6}, {2, 3}], [{8, 1}, {5, 7}, {2, 6}, {3, 4}], [{8, 1}, {5, 7}, {3, 6}, {2, 4}], [{8, 1}, {5, 7}, {3, 6}, {4}, {2}], [{8, 1}, {5, 7}, {4, 6}, {2, 3}], [{8, 1}, {6, 7}, {2, 5}, {3, 4}], [{8, 1}, {6, 7}, {3, 5}, {2, 4}], [{8, 1}, {6, 7}, {4, 5}, {2, 3}], [{8, 1}, {7}, {3, 6}, {4, 5}, {2}], [{8, 1}, {7}, {4, 6}, {3, 5}, {2}], [{8, 1}, {7}, {5, 6}, {3, 4}, {2}], [{8, 2}, {1, 7}, {3, 6}, {4, 5}], [{8, 2}, {1, 7}, {4, 6}, {3, 5}], [{8, 2}, {1, 7}, {5, 6}, {3, 4}], [{8, 2}, {1, 7}, {6}, {5}, {3, 4}], [{8, 2}, {3, 7}, {1, 6}, {4, 5}], [{8, 2}, {3, 7}, {4, 6}, {1, 5}], [{8, 2}, {3, 7}, {5, 6}, {1, 4}], [{8, 2}, {4, 7}, {1, 6}, {3, 5}], [{8, 2}, {4, 7}, {3, 6}, {1, 5}], [{8, 2}, {4, 7}, {5, 6}, {1, 3}], [{8, 2}, {4, 7}, {6}, {1, 5}, {3}], [{8, 2}, {5, 7}, {1, 6}, {3, 4}], [{8, 2}, {5, 7}, {3, 6}, {1, 4}], [{8, 2}, {5, 7}, {4, 6}, {1, 3}], [{8, 2}, {5, 7}, {6}, {1, 4}, {3}], [{8, 2}, {6, 7}, {1, 5}, {3, 4}], [{8, 2}, {6, 7}, {3, 5}, {1, 4}], [{8, 2}, {6, 7}, {4, 5}, {1, 3}], [{8, 2}, {6, 7}, {5}, {4}, {1, 3}], [{8, 2}, {7}, {1, 6}, {3, 5}, {4}], [{8, 2}, {7}, {3, 6}, {1, 5}, {4}], [{8, 3}, {1, 7}, {2, 6}, {4, 5}], [{8, 3}, {1, 7}, {2, 6}, {5}, {4}], [{8, 3}, {1, 7}, {4, 6}, {2, 5}], [{8, 3}, {1, 7}, {5, 6}, {2, 4}], [{8, 3}, {2, 7}, {1, 6}, {4, 5}], [{8, 3}, {2, 7}, {1, 6}, {5}, {4}], [{8, 3}, {2, 7}, {4, 6}, {1, 5}], [{8, 3}, {2, 7}, {5, 6}, {1, 4}], [{8, 3}, {4, 7}, {1, 6}, {2, 5}], [{8, 3}, {4, 7}, {1, 6}, {5}, {2}], [{8, 3}, {4, 7}, {2, 6}, {1, 5}], [{8, 3}, {4, 7}, {5, 6}, {1, 2}], [{8, 3}, {5, 7}, {1, 6}, {2, 4}], [{8, 3}, {5, 7}, {1, 6}, {4}, {2}], [{8, 3}, {5, 7}, {2, 6}, {1, 4}], [{8, 3}, {5, 7}, {4, 6}, {1, 2}], [{8, 3}, {5, 7}, {6}, {2, 4}, {1}], [{8, 3}, {6, 7}, {1, 5}, {2, 4}], [{8, 3}, {6, 7}, {2, 5}, {1, 4}], [{8, 3}, {6, 7}, {4, 5}, {1, 2}], [{8, 3}, {6, 7}, {5}, {4}, {1, 2}], [{8, 3}, {7}, {1, 6}, {2, 5}, {4}], [{8, 3}, {7}, {1, 6}, {4, 5}, {2}], [{8, 3}, {7}, {1, 6}, {5}, {2, 4}], [{8, 3}, {7}, {1, 6}, {5}, {4}, {2}], [{8, 3}, {7}, {4, 6}, {1, 5}, {2}], [{8, 3}, {7}, {5, 6}, {1, 4}, {2}], [{8, 4}, {1, 7}, {2, 6}, {3, 5}], [{8, 4}, {1, 7}, {3, 6}, {2, 5}], [{8, 4}, {1, 7}, {5, 6}, {2, 3}], [{8, 4}, {1, 7}, {6}, {5}, {2, 3}], [{8, 4}, {2, 7}, {1, 6}, {3, 5}], [{8, 4}, {2, 7}, {3, 6}, {1, 5}], [{8, 4}, {2, 7}, {3, 6}, {5}, {1}], [{8, 4}, {2, 7}, {5, 6}, {1, 3}], [{8, 4}, {2, 7}, {6}, {1, 5}, {3}], [{8, 4}, {3, 7}, {1, 6}, {2, 5}], [{8, 4}, {3, 7}, {2, 6}, {1, 5}], [{8, 4}, {3, 7}, {5, 6}, {1, 2}], [{8, 4}, {5, 7}, {1, 6}, {2, 3}], [{8, 4}, {5, 7}, {1, 6}, {3}, {2}], [{8, 4}, {5, 7}, {2, 6}, {1, 3}], [{8, 4}, {5, 7}, {3, 6}, {1, 2}], [{8, 4}, {6, 7}, {1, 5}, {2, 3}], [{8, 4}, {6, 7}, {2, 5}, {1, 3}], [{8, 4}, {6, 7}, {3, 5}, {1, 2}], [{8, 5}, {1, 7}, {2, 6}, {3, 4}], [{8, 5}, {1, 7}, {3, 6}, {2, 4}], [{8, 5}, {1, 7}, {4, 6}, {2, 3}], [{8, 5}, {2, 7}, {1, 6}, {3, 4}], [{8, 5}, {2, 7}, {3, 6}, {1, 4}], [{8, 5}, {2, 7}, {4, 6}, {1, 3}], [{8, 5}, {2, 7}, {6}, {1, 4}, {3}], [{8, 5}, {3, 7}, {1, 6}, {2, 4}], [{8, 5}, {3, 7}, {2, 6}, {1, 4}], [{8, 5}, {3, 7}, {4, 6}, {1, 2}], [{8, 5}, {4, 7}, {1, 6}, {2, 3}], [{8, 5}, {4, 7}, {2, 6}, {1, 3}], [{8, 5}, {4, 7}, {3, 6}, {1, 2}], [{8, 5}, {4, 7}, {3, 6}, {2}, {1}], [{8, 5}, {6, 7}, {1, 4}, {2, 3}], [{8, 5}, {6, 7}, {2, 4}, {1, 3}], [{8, 5}, {6, 7}, {3, 4}, {1, 2}], [{8, 5}, {7}, {1, 6}, {4}, {2, 3}], [{8, 6}, {1, 7}, {2, 5}, {3, 4}], [{8, 6}, {1, 7}, {3, 5}, {2, 4}], [{8, 6}, {1, 7}, {4, 5}, {2, 3}], [{8, 6}, {1, 7}, {5}, {2, 4}, {3}], [{8, 6}, {2, 7}, {1, 5}, {3, 4}], [{8, 6}, {2, 7}, {3, 5}, {1, 4}], [{8, 6}, {2, 7}, {4, 5}, {1, 3}], [{8, 6}, {2, 7}, {5}, {3, 4}, {1}], [{8, 6}, {3, 7}, {1, 5}, {2, 4}], [{8, 6}, {3, 7}, {2, 5}, {1, 4}], [{8, 6}, {3, 7}, {4, 5}, {1, 2}], [{8, 6}, {4, 7}, {1, 5}, {2, 3}], [{8, 6}, {4, 7}, {2, 5}, {1, 3}], [{8, 6}, {4, 7}, {3, 5}, {1, 2}], [{8, 6}, {5, 7}, {1, 4}, {2, 3}], [{8, 6}, {5, 7}, {2, 4}, {1, 3}], [{8, 6}, {5, 7}, {3, 4}, {1, 2}], [{8, 6}, {7}, {1, 5}, {4}, {2, 3}], [{8, 7}, {1, 6}, {2, 5}, {3, 4}], [{8, 7}, {1, 6}, {3, 5}, {2, 4}], [{8, 7}, {1, 6}, {4, 5}, {2, 3}], [{8, 7}, {1, 6}, {4, 5}, {3}, {2}], [{8, 7}, {2, 6}, {1, 5}, {3, 4}], [{8, 7}, {2, 6}, {3, 5}, {1, 4}], [{8, 7}, {2, 6}, {4, 5}, {1, 3}], [{8, 7}, {3, 6}, {1, 5}, {2, 4}], [{8, 7}, {3, 6}, {2, 5}, {1, 4}], [{8, 7}, {3, 6}, {4, 5}, {1, 2}], [{8, 7}, {4, 6}, {1, 5}, {2, 3}], [{8, 7}, {4, 6}, {1, 5}, {3}, {2}], [{8, 7}, {4, 6}, {2, 5}, {1, 3}], [{8, 7}, {4, 6}, {3, 5}, {1, 2}], [{8, 7}, {5, 6}, {1, 4}, {2, 3}], [{8, 7}, {5, 6}, {1, 4}, {3}, {2}], [{8, 7}, {5, 6}, {2, 4}, {1, 3}], [{8, 7}, {5, 6}, {3, 4}, {1, 2}], [{8}, {1, 7}, {3, 6}, {2, 5}, {4}], [{8}, {1, 7}, {5, 6}, {4}, {2, 3}], [{8}, {1, 7}, {6}, {3, 5}, {2, 4}], [{8}, {2, 7}, {5, 6}, {4}, {1, 3}], [{8}, {3, 7}, {1, 6}, {4, 5}, {2}], [{8}, {3, 7}, {4, 6}, {1, 5}, {2}], [{8}, {3, 7}, {5, 6}, {1, 4}, {2}], [{8}, {4, 7}, {3, 6}, {1, 5}, {2}], [{8}, {5, 7}, {1, 6}, {3, 4}, {2}]]",2,12 K_1^3 + 12 K_1^2 K_2 - 34 K_1^2 - 16 K_1 K_2 - 10 K_1 K_3 - K_1 - 2 K_2^2 + 16 K_2 + 5 K_3 + 3 K_4 + 16,O1O2O3O4U5U3U6O7U4O8O6U8U2O5U1U7,O1O2O3U4U2U5U6O7O6U3O5O8U1U8O4U7,O1O2O3U4O5U6U3O6O7U1O8O4U8U7U2U5,c,{'O1O2O3O4U5U4O6U3U7O8O7U1O5U8U2U6'},1,"<a href=""/flatknot/8.850868"">8.850868</a>",t^9-38t^7-80t^6+73t^5+184t^4-4t^3+14t^2+22t-6,0,,
8.850869,O1O2O3O4U5U4O6U3U7O8O7U1O5U8U6U2,3,5z^2+54z+89,5w^3z^2+54w^2z+89w,False,False,"[[ 0 -2  1  0  1 -1  1  1 -1],[ 2  0  2  0  0  0  2  2 -1],[-1 -2  0  0  1 -1  0  0 -2],[ 0  0  0  0  0 -1  0  0 -1],[-1  0 -1  0  0 -1 -1 -1 -1],[ 1  0  1  1  1  0  0  2  0],[-1 -2  0  0  1  0  0  0 -1],[-1 -2  0  0  1 -2  0  0 -1],[ 1  1  2  1  1  0  1  1  0]]","[[ 0  1  1  1  1  0 -1 -1 -2],[-1  0  1  0  0  0  0 -1 -2],[-1 -1  0 -1 -1  0 -1 -1  0],[-1  0  1  0  0  0 -1 -2 -2],[-1  0  1  0  0  0 -2 -1 -2],[ 0  0  0  0  0  0 -1 -1  0],[ 1  0  1  1  2  1  0  0  0],[ 1  1  1  2  1  1  0  0  1],[ 2  2  0  2  2  0  0 -1  0]]",True,"[-1,-1,-1,-1,0,1,1,2,-1,0,0,0,0,1,2,1,1,0,1,1,0,0,0,1,2,2,0,2,1,2,1,1,0,0,0,-1]","[-2,-1,-1,0,1,1,1,1,-1,0,0,0,2,2,2,0,1,1,1,1,2,1,1,0,2,1,0,0,0,0,-1,-1,-1,0,0,0]",t^8+31t^6+136t^4+125t^2,"[-2,-1,-1,0,1,1,1,1,1,2,2,1,1,1,3,0,0,0,1,2,1,0,1,0,1,1,1,1,1,1,0,0,-1,0,-1,-1]","[-1,-1,-1,-1,0,1,1,2,-1,-1,-1,1,1,1,3,0,0,1,0,1,1,0,1,1,0,1,1,1,2,1,0,0,2,0,2,1]","[-2,-1,-1,0,1,1,1,1,-1,0,0,0,2,2,2,0,1,1,1,1,2,1,1,0,2,1,0,0,0,0,-1,-1,-1,0,0,0]",c,"[[{8, 1}, {2, 7}, {3, 6}, {4, 5}], [{8, 1}, {2, 7}, {4, 6}, {3, 5}], [{8, 1}, {2, 7}, {5, 6}, {3, 4}], [{8, 1}, {2, 7}, {5, 6}, {4}, {3}], [{8, 1}, {3, 7}, {2, 6}, {4, 5}], [{8, 1}, {3, 7}, {4, 6}, {2, 5}], [{8, 1}, {3, 7}, {5, 6}, {2, 4}], [{8, 1}, {3, 7}, {5, 6}, {4}, {2}], [{8, 1}, {4, 7}, {2, 6}, {3, 5}], [{8, 1}, {4, 7}, {3, 6}, {2, 5}], [{8, 1}, {4, 7}, {3, 6}, {5}, {2}], [{8, 1}, {4, 7}, {5, 6}, {2, 3}], [{8, 1}, {5, 7}, {2, 6}, {3, 4}], [{8, 1}, {5, 7}, {3, 6}, {2, 4}], [{8, 1}, {5, 7}, {3, 6}, {4}, {2}], [{8, 1}, {5, 7}, {4, 6}, {2, 3}], [{8, 1}, {6, 7}, {2, 5}, {3, 4}], [{8, 1}, {6, 7}, {2, 5}, {4}, {3}], [{8, 1}, {6, 7}, {3, 5}, {2, 4}], [{8, 1}, {6, 7}, {4, 5}, {2, 3}], [{8, 1}, {7}, {3, 6}, {4, 5}, {2}], [{8, 1}, {7}, {5, 6}, {4}, {2, 3}], [{8, 2}, {1, 7}, {3, 6}, {4, 5}], [{8, 2}, {1, 7}, {4, 6}, {3, 5}], [{8, 2}, {1, 7}, {5, 6}, {3, 4}], [{8, 2}, {1, 7}, {5, 6}, {4}, {3}], [{8, 2}, {3, 7}, {1, 6}, {4, 5}], [{8, 2}, {3, 7}, {4, 6}, {1, 5}], [{8, 2}, {3, 7}, {5, 6}, {1, 4}], [{8, 2}, {4, 7}, {1, 6}, {3, 5}], [{8, 2}, {4, 7}, {3, 6}, {1, 5}], [{8, 2}, {4, 7}, {5, 6}, {1, 3}], [{8, 2}, {4, 7}, {5, 6}, {3}, {1}], [{8, 2}, {5, 7}, {1, 6}, {3, 4}], [{8, 2}, {5, 7}, {3, 6}, {1, 4}], [{8, 2}, {5, 7}, {4, 6}, {1, 3}], [{8, 2}, {6, 7}, {1, 5}, {3, 4}], [{8, 2}, {6, 7}, {1, 5}, {4}, {3}], [{8, 2}, {6, 7}, {3, 5}, {1, 4}], [{8, 2}, {6, 7}, {4, 5}, {1, 3}], [{8, 2}, {7}, {1, 6}, {3, 5}, {4}], [{8, 2}, {7}, {5, 6}, {1, 4}, {3}], [{8, 3}, {1, 7}, {2, 6}, {4, 5}], [{8, 3}, {1, 7}, {4, 6}, {2, 5}], [{8, 3}, {1, 7}, {5, 6}, {2, 4}], [{8, 3}, {2, 7}, {1, 6}, {4, 5}], [{8, 3}, {2, 7}, {4, 6}, {1, 5}], [{8, 3}, {2, 7}, {5, 6}, {1, 4}], [{8, 3}, {4, 7}, {1, 6}, {2, 5}], [{8, 3}, {4, 7}, {2, 6}, {1, 5}], [{8, 3}, {4, 7}, {5, 6}, {1, 2}], [{8, 3}, {5, 7}, {1, 6}, {2, 4}], [{8, 3}, {5, 7}, {2, 6}, {1, 4}], [{8, 3}, {5, 7}, {4, 6}, {1, 2}], [{8, 3}, {5, 7}, {4, 6}, {2}, {1}], [{8, 3}, {6, 7}, {1, 5}, {2, 4}], [{8, 3}, {6, 7}, {2, 5}, {1, 4}], [{8, 3}, {6, 7}, {4, 5}, {1, 2}], [{8, 3}, {6, 7}, {4, 5}, {2}, {1}], [{8, 3}, {7}, {1, 6}, {2, 5}, {4}], [{8, 4}, {1, 7}, {2, 6}, {3, 5}], [{8, 4}, {1, 7}, {3, 6}, {2, 5}], [{8, 4}, {1, 7}, {3, 6}, {5}, {2}], [{8, 4}, {1, 7}, {5, 6}, {2, 3}], [{8, 4}, {2, 7}, {1, 6}, {3, 5}], [{8, 4}, {2, 7}, {3, 6}, {1, 5}], [{8, 4}, {2, 7}, {5, 6}, {1, 3}], [{8, 4}, {3, 7}, {1, 6}, {2, 5}], [{8, 4}, {3, 7}, {2, 6}, {1, 5}], [{8, 4}, {3, 7}, {5, 6}, {1, 2}], [{8, 4}, {5, 7}, {1, 6}, {2, 3}], [{8, 4}, {5, 7}, {2, 6}, {1, 3}], [{8, 4}, {5, 7}, {3, 6}, {1, 2}], [{8, 4}, {5, 7}, {3, 6}, {2}, {1}], [{8, 4}, {6, 7}, {1, 5}, {2, 3}], [{8, 4}, {6, 7}, {2, 5}, {1, 3}], [{8, 4}, {6, 7}, {3, 5}, {1, 2}], [{8, 4}, {6, 7}, {3, 5}, {2}, {1}], [{8, 4}, {7}, {1, 6}, {5}, {2, 3}], [{8, 4}, {7}, {3, 6}, {1, 5}, {2}], [{8, 5}, {1, 7}, {2, 6}, {3, 4}], [{8, 5}, {1, 7}, {2, 6}, {4}, {3}], [{8, 5}, {1, 7}, {3, 6}, {2, 4}], [{8, 5}, {1, 7}, {3, 6}, {4}, {2}], [{8, 5}, {1, 7}, {4, 6}, {2, 3}], [{8, 5}, {1, 7}, {4, 6}, {3}, {2}], [{8, 5}, {1, 7}, {6}, {2, 4}, {3}], [{8, 5}, {1, 7}, {6}, {3, 4}, {2}], [{8, 5}, {1, 7}, {6}, {4}, {2, 3}], [{8, 5}, {1, 7}, {6}, {4}, {3}, {2}], [{8, 5}, {2, 7}, {1, 6}, {3, 4}], [{8, 5}, {2, 7}, {1, 6}, {4}, {3}], [{8, 5}, {2, 7}, {3, 6}, {1, 4}], [{8, 5}, {2, 7}, {3, 6}, {4}, {1}], [{8, 5}, {2, 7}, {4, 6}, {1, 3}], [{8, 5}, {2, 7}, {4, 6}, {3}, {1}], [{8, 5}, {2, 7}, {6}, {1, 4}, {3}], [{8, 5}, {2, 7}, {6}, {3, 4}, {1}], [{8, 5}, {2, 7}, {6}, {4}, {1, 3}], [{8, 5}, {2, 7}, {6}, {4}, {3}, {1}], [{8, 5}, {3, 7}, {1, 6}, {2, 4}], [{8, 5}, {3, 7}, {1, 6}, {4}, {2}], [{8, 5}, {3, 7}, {2, 6}, {1, 4}], [{8, 5}, {3, 7}, {2, 6}, {4}, {1}], [{8, 5}, {3, 7}, {4, 6}, {1, 2}], [{8, 5}, {3, 7}, {4, 6}, {2}, {1}], [{8, 5}, {3, 7}, {6}, {1, 4}, {2}], [{8, 5}, {3, 7}, {6}, {2, 4}, {1}], [{8, 5}, {3, 7}, {6}, {4}, {1, 2}], [{8, 5}, {3, 7}, {6}, {4}, {2}, {1}], [{8, 5}, {4, 7}, {1, 6}, {2, 3}], [{8, 5}, {4, 7}, {1, 6}, {3}, {2}], [{8, 5}, {4, 7}, {2, 6}, {1, 3}], [{8, 5}, {4, 7}, {2, 6}, {3}, {1}], [{8, 5}, {4, 7}, {3, 6}, {1, 2}], [{8, 5}, {4, 7}, {3, 6}, {2}, {1}], [{8, 5}, {4, 7}, {6}, {1, 3}, {2}], [{8, 5}, {4, 7}, {6}, {2, 3}, {1}], [{8, 5}, {4, 7}, {6}, {3}, {1, 2}], [{8, 5}, {4, 7}, {6}, {3}, {2}, {1}], [{8, 5}, {6, 7}, {1, 4}, {2, 3}], [{8, 5}, {6, 7}, {1, 4}, {3}, {2}], [{8, 5}, {6, 7}, {2, 4}, {1, 3}], [{8, 5}, {6, 7}, {2, 4}, {3}, {1}], [{8, 5}, {6, 7}, {3, 4}, {1, 2}], [{8, 5}, {6, 7}, {3, 4}, {2}, {1}], [{8, 5}, {6, 7}, {4}, {1, 3}, {2}], [{8, 5}, {6, 7}, {4}, {2, 3}, {1}], [{8, 5}, {6, 7}, {4}, {3}, {1, 2}], [{8, 5}, {6, 7}, {4}, {3}, {2}, {1}], [{8, 5}, {7}, {1, 6}, {2, 4}, {3}], [{8, 5}, {7}, {1, 6}, {3, 4}, {2}], [{8, 5}, {7}, {1, 6}, {4}, {2, 3}], [{8, 5}, {7}, {1, 6}, {4}, {3}, {2}], [{8, 5}, {7}, {2, 6}, {1, 4}, {3}], [{8, 5}, {7}, {2, 6}, {3, 4}, {1}], [{8, 5}, {7}, {2, 6}, {4}, {1, 3}], [{8, 5}, {7}, {2, 6}, {4}, {3}, {1}], [{8, 5}, {7}, {3, 6}, {1, 4}, {2}], [{8, 5}, {7}, {3, 6}, {2, 4}, {1}], [{8, 5}, {7}, {3, 6}, {4}, {1, 2}], [{8, 5}, {7}, {3, 6}, {4}, {2}, {1}], [{8, 5}, {7}, {4, 6}, {1, 3}, {2}], [{8, 5}, {7}, {4, 6}, {2, 3}, {1}], [{8, 5}, {7}, {4, 6}, {3}, {1, 2}], [{8, 5}, {7}, {4, 6}, {3}, {2}, {1}], [{8, 5}, {7}, {6}, {1, 4}, {2, 3}], [{8, 5}, {7}, {6}, {1, 4}, {3}, {2}], [{8, 5}, {7}, {6}, {2, 4}, {1, 3}], [{8, 5}, {7}, {6}, {2, 4}, {3}, {1}], [{8, 5}, {7}, {6}, {3, 4}, {1, 2}], [{8, 5}, {7}, {6}, {3, 4}, {2}, {1}], [{8, 5}, {7}, {6}, {4}, {1, 3}, {2}], [{8, 5}, {7}, {6}, {4}, {2, 3}, {1}], [{8, 5}, {7}, {6}, {4}, {3}, {1, 2}], [{8, 5}, {7}, {6}, {4}, {3}, {2}, {1}], [{8, 6}, {1, 7}, {2, 5}, {3, 4}], [{8, 6}, {1, 7}, {2, 5}, {4}, {3}], [{8, 6}, {1, 7}, {3, 5}, {2, 4}], [{8, 6}, {1, 7}, {4, 5}, {2, 3}], [{8, 6}, {2, 7}, {1, 5}, {3, 4}], [{8, 6}, {2, 7}, {1, 5}, {4}, {3}], [{8, 6}, {2, 7}, {3, 5}, {1, 4}], [{8, 6}, {2, 7}, {4, 5}, {1, 3}], [{8, 6}, {3, 7}, {1, 5}, {2, 4}], [{8, 6}, {3, 7}, {1, 5}, {4}, {2}], [{8, 6}, {3, 7}, {2, 5}, {1, 4}], [{8, 6}, {3, 7}, {4, 5}, {1, 2}], [{8, 6}, {4, 7}, {1, 5}, {2, 3}], [{8, 6}, {4, 7}, {2, 5}, {1, 3}], [{8, 6}, {4, 7}, {2, 5}, {3}, {1}], [{8, 6}, {4, 7}, {3, 5}, {1, 2}], [{8, 6}, {5, 7}, {1, 4}, {2, 3}], [{8, 6}, {5, 7}, {2, 4}, {1, 3}], [{8, 6}, {5, 7}, {3, 4}, {1, 2}], [{8, 6}, {7}, {1, 5}, {4}, {2, 3}], [{8, 6}, {7}, {2, 5}, {1, 4}, {3}], [{8, 6}, {7}, {5}, {3, 4}, {1, 2}], [{8, 7}, {1, 6}, {2, 5}, {3, 4}], [{8, 7}, {1, 6}, {3, 5}, {2, 4}], [{8, 7}, {1, 6}, {4, 5}, {2, 3}], [{8, 7}, {1, 6}, {5}, {4}, {2, 3}], [{8, 7}, {2, 6}, {1, 5}, {3, 4}], [{8, 7}, {2, 6}, {3, 5}, {1, 4}], [{8, 7}, {2, 6}, {4, 5}, {1, 3}], [{8, 7}, {3, 6}, {1, 5}, {2, 4}], [{8, 7}, {3, 6}, {1, 5}, {4}, {2}], [{8, 7}, {3, 6}, {2, 5}, {1, 4}], [{8, 7}, {3, 6}, {4, 5}, {1, 2}], [{8, 7}, {3, 6}, {4, 5}, {2}, {1}], [{8, 7}, {3, 6}, {5}, {1, 4}, {2}], [{8, 7}, {4, 6}, {1, 5}, {2, 3}], [{8, 7}, {4, 6}, {2, 5}, {1, 3}], [{8, 7}, {4, 6}, {3, 5}, {1, 2}], [{8, 7}, {4, 6}, {3, 5}, {2}, {1}], [{8, 7}, {5, 6}, {1, 4}, {2, 3}], [{8, 7}, {5, 6}, {2, 4}, {1, 3}], [{8, 7}, {5, 6}, {3, 4}, {1, 2}], [{8}, {1, 7}, {3, 6}, {4, 5}, {2}], [{8}, {1, 7}, {4, 6}, {5}, {2, 3}], [{8}, {4, 7}, {1, 6}, {5}, {2, 3}], [{8}, {4, 7}, {3, 6}, {1, 5}, {2}], [{8}, {5, 7}, {1, 6}, {4}, {2, 3}], [{8}, {5, 7}, {3, 6}, {1, 4}, {2}], [{8}, {6, 7}, {5}, {1, 4}, {2, 3}], [{8}, {6, 7}, {5}, {2, 4}, {1, 3}], [{8}, {7}, {1, 6}, {4, 5}, {2, 3}], [{8}, {7}, {1, 6}, {5}, {4}, {2, 3}], [{8}, {7}, {5, 6}, {3, 4}, {1, 2}]]",2,4 K_1^2 K_2 - 16 K_1^2 - 12 K_1 K_2 - 6 K_1 K_3 + 6 K_1 - 2 K_2^2 + 9 K_2 + 6 K_3 + 3 K_4 + 9,O1O2O3O4U3U5U6O7U4O8O6U8U2O5U1U7,O1O2O3U4U3U5U6O7O6U2O5O8U1U8O4U7,O1O2O3U4O5U6U3O6O7U2O8O4U8U7U1U5,c,"{'O1O2O3O4U5U4O6U3U7O8O7U1O5U8U6U2', 'O1O2O3O4U5U4U2O6U7O8O7U1O5U8U3U6'}",2,"<a href=""/flatknot/8.850869"">8.850869</a>",t^9-33t^7-28t^6+127t^5+56t^4-95t^3+14t^2,t^2-2t,,
8.850870,O1O2O3O4U5U4O6U3U7O8O7U2O5U1U6U8,4,15z^2+96z+133,15w^3z^2+96w^2z+133w,False,False,"[[ 0 -2 -1  0  1 -1  1  1  1],[ 2  0  1  1  1 -1  2  2  1],[ 1 -1  0  0  0 -1  1  1  0],[ 0 -1  0  0  0 -1  0  0  0],[-1 -1  0  0  0 -1 -1 -1 -1],[ 1  1  1  1  1  0  1  2  1],[-1 -2 -1  0  1 -1  0 -1  0],[-1 -2 -1  0  1 -2  1  0  1],[-1 -1  0  0  1 -1  0 -1  0]]","[[ 0  1  1  1  1  0 -1 -1 -2],[-1  0  1  1  1  0 -1 -2 -2],[-1 -1  0  1  0  0  0 -1 -1],[-1 -1 -1  0 -1  0  0 -1 -1],[-1 -1  0  1  0  0 -1 -1 -2],[ 0  0  0  0  0  0  0 -1 -1],[ 1  1  0  0  1  0  0 -1 -1],[ 1  2  1  1  1  1  1  0  1],[ 2  2  1  1  2  1  1 -1  0]]",True,"[-1,-1,-1,-1,0,1,1,2,-1,-1,-1,0,1,2,2,-1,0,0,0,1,1,1,0,0,1,1,0,1,1,2,0,1,1,1,1,-1]","[-2,-1,-1,0,1,1,1,1,-1,1,1,1,1,2,2,1,1,1,1,1,2,0,0,0,1,1,0,0,0,0,-1,-1,-1,0,-1,-1]",t^8+29t^6+72t^4+25t^2+1,"[-2,-1,-1,0,1,1,1,1,0,2,1,1,1,2,2,1,1,1,1,2,2,0,0,1,1,1,1,1,1,1,-1,-1,-1,-1,0,1]","[-1,-1,-1,-1,0,1,1,2,-1,-1,-1,1,1,2,2,-1,0,1,1,1,1,1,1,0,1,1,1,1,2,2,0,1,1,1,2,0]","[-2,-1,-1,0,1,1,1,1,-1,1,1,1,1,2,2,1,1,1,1,1,2,0,0,0,1,1,0,0,0,0,-1,-1,-1,0,-1,-1]",c,"[[{8, 1}, {2, 7}, {3, 6}, {4, 5}], [{8, 1}, {2, 7}, {4, 6}, {3, 5}], [{8, 1}, {2, 7}, {5, 6}, {3, 4}], [{8, 1}, {2, 7}, {5, 6}, {4}, {3}], [{8, 1}, {3, 7}, {2, 6}, {4, 5}], [{8, 1}, {3, 7}, {4, 6}, {2, 5}], [{8, 1}, {3, 7}, {5, 6}, {2, 4}], [{8, 1}, {3, 7}, {6}, {2, 5}, {4}], [{8, 1}, {4, 7}, {2, 6}, {3, 5}], [{8, 1}, {4, 7}, {3, 6}, {2, 5}], [{8, 1}, {4, 7}, {5, 6}, {2, 3}], [{8, 1}, {5, 7}, {2, 6}, {3, 4}], [{8, 1}, {5, 7}, {2, 6}, {4}, {3}], [{8, 1}, {5, 7}, {3, 6}, {2, 4}], [{8, 1}, {5, 7}, {4, 6}, {2, 3}], [{8, 1}, {6, 7}, {2, 5}, {3, 4}], [{8, 1}, {6, 7}, {3, 5}, {2, 4}], [{8, 1}, {6, 7}, {4, 5}, {2, 3}], [{8, 1}, {6, 7}, {4, 5}, {3}, {2}], [{8, 1}, {7}, {2, 6}, {5}, {3, 4}], [{8, 2}, {1, 7}, {3, 6}, {4, 5}], [{8, 2}, {1, 7}, {4, 6}, {3, 5}], [{8, 2}, {1, 7}, {4, 6}, {5}, {3}], [{8, 2}, {1, 7}, {5, 6}, {3, 4}], [{8, 2}, {1, 7}, {5, 6}, {4}, {3}], [{8, 2}, {1, 7}, {6}, {4, 5}, {3}], [{8, 2}, {3, 7}, {1, 6}, {4, 5}], [{8, 2}, {3, 7}, {1, 6}, {5}, {4}], [{8, 2}, {3, 7}, {4, 6}, {1, 5}], [{8, 2}, {3, 7}, {5, 6}, {1, 4}], [{8, 2}, {4, 7}, {1, 6}, {3, 5}], [{8, 2}, {4, 7}, {3, 6}, {1, 5}], [{8, 2}, {4, 7}, {5, 6}, {1, 3}], [{8, 2}, {4, 7}, {5, 6}, {3}, {1}], [{8, 2}, {5, 7}, {1, 6}, {3, 4}], [{8, 2}, {5, 7}, {3, 6}, {1, 4}], [{8, 2}, {5, 7}, {3, 6}, {4}, {1}], [{8, 2}, {5, 7}, {4, 6}, {1, 3}], [{8, 2}, {6, 7}, {1, 5}, {3, 4}], [{8, 2}, {6, 7}, {3, 5}, {1, 4}], [{8, 2}, {6, 7}, {4, 5}, {1, 3}], [{8, 2}, {6, 7}, {4, 5}, {3}, {1}], [{8, 2}, {7}, {1, 6}, {4, 5}, {3}], [{8, 2}, {7}, {3, 6}, {5}, {1, 4}], [{8, 2}, {7}, {5, 6}, {1, 4}, {3}], [{8, 2}, {7}, {6}, {3, 5}, {1, 4}], [{8, 3}, {1, 7}, {2, 6}, {4, 5}], [{8, 3}, {1, 7}, {4, 6}, {2, 5}], [{8, 3}, {1, 7}, {5, 6}, {2, 4}], [{8, 3}, {1, 7}, {6}, {2, 5}, {4}], [{8, 3}, {2, 7}, {1, 6}, {4, 5}], [{8, 3}, {2, 7}, {4, 6}, {1, 5}], [{8, 3}, {2, 7}, {4, 6}, {5}, {1}], [{8, 3}, {2, 7}, {5, 6}, {1, 4}], [{8, 3}, {4, 7}, {1, 6}, {2, 5}], [{8, 3}, {4, 7}, {2, 6}, {1, 5}], [{8, 3}, {4, 7}, {5, 6}, {1, 2}], [{8, 3}, {4, 7}, {6}, {2, 5}, {1}], [{8, 3}, {5, 7}, {1, 6}, {2, 4}], [{8, 3}, {5, 7}, {2, 6}, {1, 4}], [{8, 3}, {5, 7}, {2, 6}, {4}, {1}], [{8, 3}, {5, 7}, {4, 6}, {1, 2}], [{8, 3}, {6, 7}, {1, 5}, {2, 4}], [{8, 3}, {6, 7}, {2, 5}, {1, 4}], [{8, 3}, {6, 7}, {4, 5}, {1, 2}], [{8, 3}, {7}, {2, 6}, {5}, {1, 4}], [{8, 3}, {7}, {4, 6}, {1, 5}, {2}], [{8, 3}, {7}, {5, 6}, {1, 4}, {2}], [{8, 3}, {7}, {6}, {2, 5}, {1, 4}], [{8, 4}, {1, 7}, {2, 6}, {3, 5}], [{8, 4}, {1, 7}, {3, 6}, {2, 5}], [{8, 4}, {1, 7}, {5, 6}, {2, 3}], [{8, 4}, {2, 7}, {1, 6}, {3, 5}], [{8, 4}, {2, 7}, {3, 6}, {1, 5}], [{8, 4}, {2, 7}, {5, 6}, {1, 3}], [{8, 4}, {2, 7}, {5, 6}, {3}, {1}], [{8, 4}, {3, 7}, {1, 6}, {2, 5}], [{8, 4}, {3, 7}, {2, 6}, {1, 5}], [{8, 4}, {3, 7}, {5, 6}, {1, 2}], [{8, 4}, {3, 7}, {6}, {2, 5}, {1}], [{8, 4}, {5, 7}, {1, 6}, {2, 3}], [{8, 4}, {5, 7}, {2, 6}, {1, 3}], [{8, 4}, {5, 7}, {2, 6}, {3}, {1}], [{8, 4}, {5, 7}, {3, 6}, {1, 2}], [{8, 4}, {6, 7}, {1, 5}, {2, 3}], [{8, 4}, {6, 7}, {2, 5}, {1, 3}], [{8, 4}, {6, 7}, {3, 5}, {1, 2}], [{8, 4}, {6, 7}, {5}, {3}, {1, 2}], [{8, 4}, {7}, {2, 6}, {5}, {1, 3}], [{8, 5}, {1, 7}, {2, 6}, {3, 4}], [{8, 5}, {1, 7}, {2, 6}, {4}, {3}], [{8, 5}, {1, 7}, {3, 6}, {2, 4}], [{8, 5}, {1, 7}, {4, 6}, {2, 3}], [{8, 5}, {2, 7}, {1, 6}, {3, 4}], [{8, 5}, {2, 7}, {3, 6}, {1, 4}], [{8, 5}, {2, 7}, {4, 6}, {1, 3}], [{8, 5}, {3, 7}, {1, 6}, {2, 4}], [{8, 5}, {3, 7}, {2, 6}, {1, 4}], [{8, 5}, {3, 7}, {4, 6}, {1, 2}], [{8, 5}, {4, 7}, {1, 6}, {2, 3}], [{8, 5}, {4, 7}, {2, 6}, {1, 3}], [{8, 5}, {4, 7}, {2, 6}, {3}, {1}], [{8, 5}, {4, 7}, {3, 6}, {1, 2}], [{8, 5}, {4, 7}, {6}, {1, 3}, {2}], [{8, 5}, {6, 7}, {1, 4}, {2, 3}], [{8, 5}, {6, 7}, {2, 4}, {1, 3}], [{8, 5}, {6, 7}, {3, 4}, {1, 2}], [{8, 5}, {6, 7}, {4}, {3}, {1, 2}], [{8, 5}, {7}, {2, 6}, {1, 4}, {3}], [{8, 5}, {7}, {3, 6}, {1, 4}, {2}], [{8, 5}, {7}, {6}, {1, 4}, {2, 3}], [{8, 6}, {1, 7}, {2, 5}, {3, 4}], [{8, 6}, {1, 7}, {3, 5}, {2, 4}], [{8, 6}, {1, 7}, {4, 5}, {2, 3}], [{8, 6}, {1, 7}, {5}, {2, 4}, {3}], [{8, 6}, {2, 7}, {1, 5}, {3, 4}], [{8, 6}, {2, 7}, {3, 5}, {1, 4}], [{8, 6}, {2, 7}, {4, 5}, {1, 3}], [{8, 6}, {3, 7}, {1, 5}, {2, 4}], [{8, 6}, {3, 7}, {2, 5}, {1, 4}], [{8, 6}, {3, 7}, {4, 5}, {1, 2}], [{8, 6}, {4, 7}, {1, 5}, {2, 3}], [{8, 6}, {4, 7}, {1, 5}, {3}, {2}], [{8, 6}, {4, 7}, {2, 5}, {1, 3}], [{8, 6}, {4, 7}, {3, 5}, {1, 2}], [{8, 6}, {5, 7}, {1, 4}, {2, 3}], [{8, 6}, {5, 7}, {2, 4}, {1, 3}], [{8, 6}, {5, 7}, {3, 4}, {1, 2}], [{8, 6}, {7}, {2, 5}, {1, 4}, {3}], [{8, 6}, {7}, {3, 5}, {1, 4}, {2}], [{8, 6}, {7}, {5}, {1, 4}, {2, 3}], [{8, 7}, {1, 6}, {2, 5}, {3, 4}], [{8, 7}, {1, 6}, {3, 5}, {2, 4}], [{8, 7}, {1, 6}, {4, 5}, {2, 3}], [{8, 7}, {1, 6}, {5}, {2, 4}, {3}], [{8, 7}, {2, 6}, {1, 5}, {3, 4}], [{8, 7}, {2, 6}, {3, 5}, {1, 4}], [{8, 7}, {2, 6}, {3, 5}, {4}, {1}], [{8, 7}, {2, 6}, {4, 5}, {1, 3}], [{8, 7}, {2, 6}, {5}, {1, 4}, {3}], [{8, 7}, {3, 6}, {1, 5}, {2, 4}], [{8, 7}, {3, 6}, {2, 5}, {1, 4}], [{8, 7}, {3, 6}, {2, 5}, {4}, {1}], [{8, 7}, {3, 6}, {4, 5}, {1, 2}], [{8, 7}, {3, 6}, {5}, {1, 4}, {2}], [{8, 7}, {4, 6}, {1, 5}, {2, 3}], [{8, 7}, {4, 6}, {2, 5}, {1, 3}], [{8, 7}, {4, 6}, {3, 5}, {1, 2}], [{8, 7}, {4, 6}, {5}, {1, 3}, {2}], [{8, 7}, {5, 6}, {1, 4}, {2, 3}], [{8, 7}, {5, 6}, {1, 4}, {3}, {2}], [{8, 7}, {5, 6}, {2, 4}, {1, 3}], [{8, 7}, {5, 6}, {3, 4}, {1, 2}], [{8, 7}, {5, 6}, {4}, {2, 3}, {1}], [{8, 7}, {6}, {2, 5}, {1, 4}, {3}], [{8, 7}, {6}, {3, 5}, {1, 4}, {2}], [{8, 7}, {6}, {5}, {1, 4}, {2, 3}], [{8}, {1, 7}, {4, 6}, {3, 5}, {2}], [{8}, {2, 7}, {3, 6}, {5}, {1, 4}], [{8}, {2, 7}, {5, 6}, {1, 4}, {3}], [{8}, {2, 7}, {6}, {3, 5}, {1, 4}], [{8}, {3, 7}, {2, 6}, {5}, {1, 4}], [{8}, {3, 7}, {5, 6}, {1, 4}, {2}], [{8}, {3, 7}, {6}, {1, 5}, {2, 4}], [{8}, {3, 7}, {6}, {2, 5}, {1, 4}], [{8}, {4, 7}, {1, 6}, {3, 5}, {2}], [{8}, {5, 7}, {2, 6}, {1, 4}, {3}], [{8}, {5, 7}, {2, 6}, {3, 4}, {1}], [{8}, {5, 7}, {2, 6}, {4}, {1, 3}], [{8}, {5, 7}, {3, 6}, {1, 4}, {2}], [{8}, {5, 7}, {6}, {1, 4}, {2, 3}], [{8}, {6, 7}, {2, 5}, {1, 4}, {3}], [{8}, {6, 7}, {3, 5}, {1, 4}, {2}], [{8}, {6, 7}, {4, 5}, {3}, {1, 2}], [{8}, {6, 7}, {5}, {1, 4}, {2, 3}], [{8}, {7}, {2, 6}, {3, 5}, {1, 4}], [{8}, {7}, {2, 6}, {5}, {1, 4}, {3}], [{8}, {7}, {3, 6}, {2, 5}, {1, 4}], [{8}, {7}, {3, 6}, {5}, {1, 4}, {2}], [{8}, {7}, {5, 6}, {1, 4}, {2, 3}], [{8}, {7}, {5, 6}, {1, 4}, {3}, {2}], [{8}, {7}, {6}, {2, 5}, {1, 4}, {3}], [{8}, {7}, {6}, {3, 5}, {1, 4}, {2}], [{8}, {7}, {6}, {5}, {1, 4}, {2, 3}]]",2,4 K_1^3 - 14 K_1^2 - 28 K_1 K_2 - 4 K_1 K_3 + 11 K_1 - 4 K_2^2 + 9 K_2 + 13 K_3 + 4 K_4 + 10,O1O2O3O4U5U6U4O7U3O8O5U8U2O6U1U7,O1O2O3U1U4U5U6O7O6U2O5O8U3U8O4U7,O1O2O3U4O5U6U1O6O7U2O8O4U8U7U5U3,c,{'O1O2O3O4U5U4O6U3U7O8O7U2O5U1U6U8'},1,"<a href=""/flatknot/8.850870"">8.850870</a>",t^9-31t^7-78t^6-29t^5+44t^4-6t^3-22t^2+15t+4,t^2-2t,,
8.850871,O1O2O3O4U5U4O6U3U7O8O7U2O5U1U8U6,4,22z^2+107z+127,22w^3z^2+107w^2z+127w,False,False,"[[ 0 -2 -1  0  1 -1  2  1  0],[ 2  0  1  1  1 -1  3  2  0],[ 1 -1  0  0  0 -1  2  1 -1],[ 0 -1  0  0  0 -1  0  0 -1],[-1 -1  0  0  0 -1 -1 -1 -1],[ 1  1  1  1  1  0  1  2  1],[-2 -3 -2  0  1 -1  0 -1 -1],[-1 -2 -1  0  1 -2  1  0  0],[ 0  0  1  1  1 -1  1  0  0]]","[[ 0  2  1  1  0  0 -1 -1 -2],[-2  0  1 -1  0 -1 -1 -2 -3],[-1 -1  0 -1  0 -1 -1  0 -1],[-1  1  1  0  0  0 -2 -1 -2],[ 0  0  0  0  0 -1 -1  0 -1],[ 0  1  1  0  1  0 -1  1  0],[ 1  1  1  2  1  1  0  1  1],[ 1  2  0  1  0 -1 -1  0 -1],[ 2  3  1  2  1  0 -1  1  0]]",True,"[-2,-1,-1,0,0,1,1,2,-1,1,0,1,1,2,3,1,0,1,1,0,1,0,0,2,1,2,1,1,0,1,1,-1,0,-1,-1,1]","[-2,-1,-1,0,0,1,1,2,-1,1,0,1,1,2,3,1,0,1,1,0,1,0,0,2,1,2,1,1,0,1,1,-1,0,-1,-1,1]",t^8+38t^6+156t^4+109t^2,"[-2,-1,-1,0,0,1,1,2,0,2,1,2,1,2,1,1,1,2,1,2,1,0,0,0,1,2,1,1,1,2,1,0,1,-1,0,2]","[-2,-1,-1,0,0,1,1,2,0,2,1,2,1,2,1,1,1,1,1,0,1,0,1,2,1,2,1,2,0,2,1,0,1,-1,0,2]","[-2,-1,-1,0,0,1,1,2,-1,1,0,1,1,2,3,1,1,1,1,2,1,-1,0,0,1,2,1,1,0,1,0,0,0,-1,-1,1]",c,"[[{8, 3}, {2, 7}, {1, 6}, {4, 5}], [{8, 3}, {4, 7}, {1, 6}, {2, 5}], [{8, 3}, {5, 7}, {1, 6}, {2, 4}]]",1,8 K_1^3 + 4 K_1^2 K_2 - 14 K_1^2 - 20 K_1 K_2 - 6 K_1 K_3 + 4 K_1 - 2 K_2^2 + 8 K_2 + 8 K_3 + 3 K_4 + 8,O1O2O3O4U5U6U4O7U3O8O6U8U2O5U1U7,O1O2O3U1U4U5U6O7O6U3O5O8U2U8O4U7,O1O2O3U4O5U6U2O6O7U1O8O4U8U7U5U3,c,{'O1O2O3O4U5U4O6U3U7O8O7U2O5U1U8U6'},1,"<a href=""/flatknot/8.850871"">8.850871</a>",t^9-38t^7-96t^6+8t^5+106t^4-31t^3+38t^2-18t,0,,
8.850872,O1O2O3O4U5U4O6U3U7O8O7U2O5U6U1U8,4,4z^3+40z^2+113z+99,4w^4z^3+40w^3z^2+113w^2z+99w,False,False,"[[ 0 -1 -1  0  1 -1  0  1  1],[ 1  0  0  0  1 -1  1  1  1],[ 1  0  0  0  0 -1  1  1  0],[ 0  0  0  0  0 -1  0  0  0],[-1 -1  0  0  0 -1 -1 -1 -1],[ 1  1  1  1  1  0  0  2  1],[ 0 -1 -1  0  1  0  0  0  0],[-1 -1 -1  0  1 -2  0  0  1],[-1 -1  0  0  1 -1  0 -1  0]]","[[ 0  1  1  1  0  0 -1 -1 -1],[-1  0  1  1  0  0 -1 -1 -2],[-1 -1  0  1  0  0  0 -1 -1],[-1 -1 -1  0  0 -1  0 -1 -1],[ 0  0  0  0  0  0  0  0 -1],[ 0  0  0  1  0  0 -1 -1  0],[ 1  1  0  0  0  1  0  0 -1],[ 1  1  1  1  0  1  0  0 -1],[ 1  2  1  1  1  0  1  1  0]]",True,"[-1,-1,-1,0,0,1,1,1,-1,-1,0,0,1,1,2,-1,0,0,0,1,1,0,1,0,1,1,0,0,0,1,1,1,0,0,1,1]","[-1,-1,-1,0,0,1,1,1,-1,-1,0,0,1,1,2,-1,0,0,0,1,1,0,1,0,1,1,0,0,0,1,1,1,0,0,1,1]",t^8+19t^6+59t^4+40t^2+1,"[-1,-1,-1,0,0,1,1,1,-1,-1,0,1,0,1,1,0,1,0,1,1,1,1,0,1,2,2,0,1,1,1,1,0,1,-1,-1,1]","[-1,-1,-1,0,0,1,1,1,-1,-1,0,1,1,1,2,-1,1,1,1,1,2,1,1,0,1,1,0,1,0,0,0,1,1,1,1,0]","[-1,-1,-1,0,0,1,1,1,-1,0,0,1,0,0,1,1,1,0,1,1,2,0,1,1,1,1,0,0,0,0,0,1,0,1,-1,-1]",c,"[[{8, 1}, {5, 7}, {3, 6}, {2, 4}], [{8, 2}, {1, 7}, {3, 6}, {4, 5}]]",1,8 K_1^3 - 8 K_1^2 - 8 K_1 K_2 - 2 K_1 + 4 K_2 + 2 K_3 + 5,O1O2O3O4U5U4U6O7U3O8O5U8U2O6U1U7,O1O2O3U2U4U5U6O7O6U1O5O8U3U8O4U7,O1O2O3U4O5U6U1O6O7U3O8O4U8U7U5U2,c,{'O1O2O3O4U5U4O6U3U7O8O7U2O5U6U1U8'},1,"<a href=""/flatknot/8.850872"">8.850872</a>",t^9-19t^7-30t^6+23t^5+42t^4-12t^3-12t^2+5t-2,0,,
8.850873,O1O2O3O4U5U4O6U3U7O8O7U2O5U8U1U6,4,17z^2+98z+129,17w^3z^2+98w^2z+129w,False,False,"[[ 0 -1 -1  0  1 -1  2  1 -1],[ 1  0  0  1  1 -1  2  2 -1],[ 1  0  0  0  0 -1  2  1 -1],[ 0 -1  0  0  0 -1  0  0 -1],[-1 -1  0  0  0 -1 -1 -1 -1],[ 1  1  1  1  1  0  1  2  0],[-2 -2 -2  0  1 -1  0 -1 -1],[-1 -2 -1  0  1 -2  1  0 -1],[ 1  1  1  1  1  0  1  1  0]]","[[ 0  2  1  1  0 -1 -1 -1 -1],[-2  0  1 -1  0 -1 -1 -2 -2],[-1 -1  0 -1  0 -1 -1  0 -1],[-1  1  1  0  0 -1 -2 -1 -2],[ 0  0  0  0  0 -1 -1  0 -1],[ 1  1  1  1  1  0  0  1  1],[ 1  1  1  2  1  0  0  1  1],[ 1  2  0  1  0 -1 -1  0  0],[ 1  2  1  2  1 -1 -1  0  0]]",True,"[-2,-1,-1,0,1,1,1,1,-1,1,0,1,1,2,2,1,0,1,1,0,1,0,1,2,1,2,1,1,0,1,0,-1,-1,-1,-1,0]","[-2,-1,-1,0,1,1,1,1,-1,1,0,1,1,2,2,1,0,1,1,0,1,0,1,2,1,2,1,1,0,1,0,-1,-1,-1,-1,0]",t^8+33t^6+99t^4+43t^2+1,"[-1,-1,-1,-1,0,1,1,2,-1,-1,0,0,0,1,2,0,1,0,0,1,1,1,1,1,2,1,0,1,1,2,1,1,2,-1,0,2]","[-2,-1,-1,0,1,1,1,1,0,2,2,1,1,2,2,1,1,0,1,0,1,1,1,2,1,1,0,1,0,0,0,-1,-1,-1,-1,0]","[-1,-1,-1,-1,0,1,1,2,-1,-1,0,0,0,1,2,0,1,1,1,1,1,1,1,1,2,1,1,1,2,2,0,0,0,-1,-1,1]",c,"[[{8, 1}, {2, 7}, {3, 6}, {4, 5}], [{8, 1}, {2, 7}, {4, 6}, {3, 5}], [{8, 1}, {2, 7}, {5, 6}, {3, 4}], [{8, 1}, {2, 7}, {5, 6}, {4}, {3}], [{8, 1}, {3, 7}, {2, 6}, {4, 5}], [{8, 1}, {3, 7}, {2, 6}, {5}, {4}], [{8, 1}, {3, 7}, {4, 6}, {2, 5}], [{8, 1}, {3, 7}, {4, 6}, {5}, {2}], [{8, 1}, {3, 7}, {5, 6}, {2, 4}], [{8, 1}, {3, 7}, {6}, {5}, {2, 4}], [{8, 1}, {4, 7}, {2, 6}, {3, 5}], [{8, 1}, {4, 7}, {3, 6}, {2, 5}], [{8, 1}, {4, 7}, {5, 6}, {2, 3}], [{8, 1}, {4, 7}, {6}, {2, 5}, {3}], [{8, 1}, {5, 7}, {2, 6}, {3, 4}], [{8, 1}, {5, 7}, {2, 6}, {4}, {3}], [{8, 1}, {5, 7}, {3, 6}, {2, 4}], [{8, 1}, {5, 7}, {4, 6}, {2, 3}], [{8, 1}, {6, 7}, {2, 5}, {3, 4}], [{8, 1}, {6, 7}, {3, 5}, {2, 4}], [{8, 1}, {6, 7}, {4, 5}, {2, 3}], [{8, 1}, {7}, {2, 6}, {3, 5}, {4}], [{8, 1}, {7}, {3, 6}, {2, 5}, {4}], [{8, 2}, {1, 7}, {3, 6}, {4, 5}], [{8, 2}, {1, 7}, {4, 6}, {3, 5}], [{8, 2}, {1, 7}, {5, 6}, {3, 4}], [{8, 2}, {1, 7}, {5, 6}, {4}, {3}], [{8, 2}, {3, 7}, {1, 6}, {4, 5}], [{8, 2}, {3, 7}, {4, 6}, {1, 5}], [{8, 2}, {3, 7}, {5, 6}, {1, 4}], [{8, 2}, {4, 7}, {1, 6}, {3, 5}], [{8, 2}, {4, 7}, {3, 6}, {1, 5}], [{8, 2}, {4, 7}, {5, 6}, {1, 3}], [{8, 2}, {4, 7}, {5, 6}, {3}, {1}], [{8, 2}, {5, 7}, {1, 6}, {3, 4}], [{8, 2}, {5, 7}, {3, 6}, {1, 4}], [{8, 2}, {5, 7}, {3, 6}, {4}, {1}], [{8, 2}, {5, 7}, {4, 6}, {1, 3}], [{8, 2}, {6, 7}, {1, 5}, {3, 4}], [{8, 2}, {6, 7}, {3, 5}, {1, 4}], [{8, 2}, {6, 7}, {4, 5}, {1, 3}], [{8, 2}, {6, 7}, {5}, {4}, {1, 3}], [{8, 2}, {7}, {4, 6}, {3, 5}, {1}], [{8, 2}, {7}, {5, 6}, {1, 4}, {3}], [{8, 3}, {1, 7}, {2, 6}, {4, 5}], [{8, 3}, {1, 7}, {2, 6}, {5}, {4}], [{8, 3}, {1, 7}, {4, 6}, {2, 5}], [{8, 3}, {1, 7}, {5, 6}, {2, 4}], [{8, 3}, {2, 7}, {1, 6}, {4, 5}], [{8, 3}, {2, 7}, {4, 6}, {1, 5}], [{8, 3}, {2, 7}, {5, 6}, {1, 4}], [{8, 3}, {4, 7}, {1, 6}, {2, 5}], [{8, 3}, {4, 7}, {2, 6}, {1, 5}], [{8, 3}, {4, 7}, {5, 6}, {1, 2}], [{8, 3}, {5, 7}, {1, 6}, {2, 4}], [{8, 3}, {5, 7}, {2, 6}, {1, 4}], [{8, 3}, {5, 7}, {2, 6}, {4}, {1}], [{8, 3}, {5, 7}, {4, 6}, {1, 2}], [{8, 3}, {6, 7}, {1, 5}, {2, 4}], [{8, 3}, {6, 7}, {2, 5}, {1, 4}], [{8, 3}, {6, 7}, {4, 5}, {1, 2}], [{8, 3}, {7}, {1, 6}, {5}, {2, 4}], [{8, 3}, {7}, {2, 6}, {1, 5}, {4}], [{8, 3}, {7}, {4, 6}, {2, 5}, {1}], [{8, 3}, {7}, {5, 6}, {1, 4}, {2}], [{8, 3}, {7}, {6}, {4, 5}, {1, 2}], [{8, 4}, {1, 7}, {2, 6}, {3, 5}], [{8, 4}, {1, 7}, {3, 6}, {2, 5}], [{8, 4}, {1, 7}, {5, 6}, {2, 3}], [{8, 4}, {2, 7}, {1, 6}, {3, 5}], [{8, 4}, {2, 7}, {1, 6}, {5}, {3}], [{8, 4}, {2, 7}, {3, 6}, {1, 5}], [{8, 4}, {2, 7}, {5, 6}, {1, 3}], [{8, 4}, {2, 7}, {5, 6}, {3}, {1}], [{8, 4}, {2, 7}, {6}, {1, 5}, {3}], [{8, 4}, {3, 7}, {1, 6}, {2, 5}], [{8, 4}, {3, 7}, {2, 6}, {1, 5}], [{8, 4}, {3, 7}, {5, 6}, {1, 2}], [{8, 4}, {5, 7}, {1, 6}, {2, 3}], [{8, 4}, {5, 7}, {2, 6}, {1, 3}], [{8, 4}, {5, 7}, {3, 6}, {1, 2}], [{8, 4}, {5, 7}, {6}, {1, 3}, {2}], [{8, 4}, {6, 7}, {1, 5}, {2, 3}], [{8, 4}, {6, 7}, {2, 5}, {1, 3}], [{8, 4}, {6, 7}, {3, 5}, {1, 2}], [{8, 4}, {6, 7}, {5}, {2, 3}, {1}], [{8, 4}, {7}, {2, 6}, {3, 5}, {1}], [{8, 4}, {7}, {3, 6}, {2, 5}, {1}], [{8, 5}, {1, 7}, {2, 6}, {3, 4}], [{8, 5}, {1, 7}, {2, 6}, {4}, {3}], [{8, 5}, {1, 7}, {3, 6}, {2, 4}], [{8, 5}, {1, 7}, {4, 6}, {2, 3}], [{8, 5}, {2, 7}, {1, 6}, {3, 4}], [{8, 5}, {2, 7}, {3, 6}, {1, 4}], [{8, 5}, {2, 7}, {3, 6}, {4}, {1}], [{8, 5}, {2, 7}, {4, 6}, {1, 3}], [{8, 5}, {2, 7}, {6}, {1, 4}, {3}], [{8, 5}, {3, 7}, {1, 6}, {2, 4}], [{8, 5}, {3, 7}, {2, 6}, {1, 4}], [{8, 5}, {3, 7}, {2, 6}, {4}, {1}], [{8, 5}, {3, 7}, {4, 6}, {1, 2}], [{8, 5}, {4, 7}, {1, 6}, {2, 3}], [{8, 5}, {4, 7}, {2, 6}, {1, 3}], [{8, 5}, {4, 7}, {3, 6}, {1, 2}], [{8, 5}, {6, 7}, {1, 4}, {2, 3}], [{8, 5}, {6, 7}, {2, 4}, {1, 3}], [{8, 5}, {6, 7}, {3, 4}, {1, 2}], [{8, 5}, {7}, {2, 6}, {4}, {1, 3}], [{8, 6}, {1, 7}, {2, 5}, {3, 4}], [{8, 6}, {1, 7}, {3, 5}, {2, 4}], [{8, 6}, {1, 7}, {4, 5}, {2, 3}], [{8, 6}, {2, 7}, {1, 5}, {3, 4}], [{8, 6}, {2, 7}, {3, 5}, {1, 4}], [{8, 6}, {2, 7}, {4, 5}, {1, 3}], [{8, 6}, {2, 7}, {5}, {1, 4}, {3}], [{8, 6}, {3, 7}, {1, 5}, {2, 4}], [{8, 6}, {3, 7}, {2, 5}, {1, 4}], [{8, 6}, {3, 7}, {4, 5}, {1, 2}], [{8, 6}, {4, 7}, {1, 5}, {2, 3}], [{8, 6}, {4, 7}, {2, 5}, {1, 3}], [{8, 6}, {4, 7}, {3, 5}, {1, 2}], [{8, 6}, {4, 7}, {5}, {2, 3}, {1}], [{8, 6}, {5, 7}, {1, 4}, {2, 3}], [{8, 6}, {5, 7}, {2, 4}, {1, 3}], [{8, 6}, {5, 7}, {3, 4}, {1, 2}], [{8, 6}, {7}, {2, 5}, {3, 4}, {1}], [{8, 6}, {7}, {3, 5}, {2, 4}, {1}], [{8, 7}, {1, 6}, {2, 5}, {3, 4}], [{8, 7}, {1, 6}, {3, 5}, {2, 4}], [{8, 7}, {1, 6}, {4, 5}, {2, 3}], [{8, 7}, {1, 6}, {4, 5}, {3}, {2}], [{8, 7}, {1, 6}, {5}, {4}, {2, 3}], [{8, 7}, {2, 6}, {1, 5}, {3, 4}], [{8, 7}, {2, 6}, {1, 5}, {4}, {3}], [{8, 7}, {2, 6}, {3, 5}, {1, 4}], [{8, 7}, {2, 6}, {3, 5}, {4}, {1}], [{8, 7}, {2, 6}, {4, 5}, {1, 3}], [{8, 7}, {2, 6}, {4, 5}, {3}, {1}], [{8, 7}, {2, 6}, {5}, {1, 4}, {3}], [{8, 7}, {2, 6}, {5}, {3, 4}, {1}], [{8, 7}, {2, 6}, {5}, {4}, {1, 3}], [{8, 7}, {2, 6}, {5}, {4}, {3}, {1}], [{8, 7}, {3, 6}, {1, 5}, {2, 4}], [{8, 7}, {3, 6}, {1, 5}, {4}, {2}], [{8, 7}, {3, 6}, {2, 5}, {1, 4}], [{8, 7}, {3, 6}, {2, 5}, {4}, {1}], [{8, 7}, {3, 6}, {4, 5}, {1, 2}], [{8, 7}, {3, 6}, {4, 5}, {2}, {1}], [{8, 7}, {3, 6}, {5}, {1, 4}, {2}], [{8, 7}, {3, 6}, {5}, {2, 4}, {1}], [{8, 7}, {3, 6}, {5}, {4}, {1, 2}], [{8, 7}, {3, 6}, {5}, {4}, {2}, {1}], [{8, 7}, {4, 6}, {1, 5}, {2, 3}], [{8, 7}, {4, 6}, {2, 5}, {1, 3}], [{8, 7}, {4, 6}, {3, 5}, {1, 2}], [{8, 7}, {4, 6}, {5}, {2, 3}, {1}], [{8, 7}, {5, 6}, {1, 4}, {2, 3}], [{8, 7}, {5, 6}, {1, 4}, {3}, {2}], [{8, 7}, {5, 6}, {2, 4}, {1, 3}], [{8, 7}, {5, 6}, {3, 4}, {1, 2}], [{8, 7}, {5, 6}, {4}, {2, 3}, {1}], [{8, 7}, {6}, {1, 5}, {4}, {2, 3}], [{8, 7}, {6}, {2, 5}, {1, 4}, {3}], [{8, 7}, {6}, {3, 5}, {1, 4}, {2}], [{8, 7}, {6}, {4, 5}, {1, 3}, {2}], [{8, 7}, {6}, {4, 5}, {2, 3}, {1}], [{8, 7}, {6}, {4, 5}, {3}, {1, 2}], [{8, 7}, {6}, {5}, {1, 4}, {2, 3}], [{8, 7}, {6}, {5}, {4}, {2, 3}, {1}], [{8}, {1, 7}, {2, 6}, {3, 5}, {4}], [{8}, {1, 7}, {3, 6}, {2, 5}, {4}], [{8}, {2, 7}, {1, 6}, {3, 5}, {4}], [{8}, {2, 7}, {5, 6}, {1, 4}, {3}], [{8}, {3, 7}, {2, 6}, {1, 5}, {4}], [{8}, {3, 7}, {5, 6}, {1, 4}, {2}], [{8}, {3, 7}, {6}, {4, 5}, {1, 2}], [{8}, {4, 7}, {2, 6}, {3, 5}, {1}], [{8}, {4, 7}, {3, 6}, {2, 5}, {1}], [{8}, {5, 7}, {2, 6}, {4}, {1, 3}], [{8}, {5, 7}, {6}, {3, 4}, {1, 2}], [{8}, {6, 7}, {3, 5}, {4}, {1, 2}], [{8}, {7}, {2, 6}, {3, 5}, {1, 4}], [{8}, {7}, {2, 6}, {3, 5}, {4}, {1}], [{8}, {7}, {3, 6}, {2, 5}, {1, 4}], [{8}, {7}, {3, 6}, {2, 5}, {4}, {1}], [{8}, {7}, {5, 6}, {1, 4}, {2, 3}], [{8}, {7}, {5, 6}, {1, 4}, {3}, {2}]]",2,4 K_1^2 K_2 - 10 K_1^2 - 16 K_1 K_2 - 8 K_1 K_3 + 8 K_1 - 8 K_2^2 + 7 K_2 + 8 K_3 + 7 K_4 + 9,O1O2O3O4U5U4U6O7U3O8O6U8U2O5U1U7,O1O2O3U2U4U5U6O7O6U3O5O8U1U8O4U7,O1O2O3U4O5U6U3O6O7U1O8O4U8U7U5U2,c,{'O1O2O3O4U5U4O6U3U7O8O7U2O5U8U1U6'},1,"<a href=""/flatknot/8.850873"">8.850873</a>",t^9-31t^7-78t^6-36t^5+2t^4+9t^3+26t^2+5t-6,-t^2+2t,,
8.850874,O1O2O3O4U5U4O6U3U7O8O7U6O5U1U2U8,3,17z^2+82z+97,-2w^4z^2+19w^3z^2-4w^3z+86w^2z+97w,False,False,"[[ 0 -2  0  0  1 -1  0  1  1],[ 2  0  1  0  1  0  1  2  1],[ 0 -1  0  0  1 -2  1  0  0],[ 0  0  0  0  0 -2  1  0  0],[-1 -1 -1  0  0 -1  0 -1 -1],[ 1  0  2  2  1  0  0  2  1],[ 0 -1 -1 -1  0  0  0  0  0],[-1 -2  0  0  1 -2  0  0  1],[-1 -1  0  0  1 -1  0 -1  0]]","[[ 0  1  1  1  0  0  0 -1 -2],[-1  0  1  1  0  0  0 -2 -2],[-1 -1  0  1  0  0  0 -1 -1],[-1 -1 -1  0  0  0 -1 -1 -1],[ 0  0  0  0  0  1  0 -2  0],[ 0  0  0  0 -1  0 -1  0 -1],[ 0  0  0  1  0  1  0 -2 -1],[ 1  2  1  1  2  0  2  0  0],[ 2  2  1  1  0  1  1  0  0]]",True,"[-1,-1,-1,0,0,0,1,2,-1,-1,0,0,0,2,2,-1,0,0,0,1,1,0,0,1,1,1,-1,0,2,0,1,0,1,2,1,0]","[-2,-1,0,0,0,1,1,1,0,0,1,1,1,1,2,2,0,2,1,1,2,1,0,0,0,0,-1,0,0,0,0,1,0,1,-1,-1]",t^8+28t^6+114t^4+80t^2,"[-2,-1,0,0,0,1,1,1,1,1,1,2,1,2,2,-1,1,-1,0,1,1,-1,0,1,0,1,1,1,1,1,1,1,1,-1,-1,1]","[-1,-1,-1,0,0,0,1,2,-1,-1,0,1,1,1,2,-1,1,1,1,1,2,1,1,1,0,1,0,1,-1,1,1,-1,2,1,1,1]","[-2,-1,0,0,0,1,1,1,0,0,1,1,1,1,2,2,0,2,1,1,2,1,0,0,0,0,-1,0,0,0,0,1,0,1,-1,-1]",c,"[[{8, 1}, {2, 7}, {3, 6}, {4, 5}], [{8, 1}, {2, 7}, {4, 6}, {3, 5}], [{8, 1}, {2, 7}, {5, 6}, {3, 4}], [{8, 1}, {2, 7}, {6}, {5}, {3, 4}], [{8, 1}, {3, 7}, {2, 6}, {4, 5}], [{8, 1}, {3, 7}, {4, 6}, {2, 5}], [{8, 1}, {3, 7}, {5, 6}, {2, 4}], [{8, 1}, {3, 7}, {6}, {4, 5}, {2}], [{8, 1}, {4, 7}, {2, 6}, {3, 5}], [{8, 1}, {4, 7}, {3, 6}, {2, 5}], [{8, 1}, {4, 7}, {5, 6}, {2, 3}], [{8, 1}, {4, 7}, {6}, {3, 5}, {2}], [{8, 1}, {5, 7}, {2, 6}, {3, 4}], [{8, 1}, {5, 7}, {2, 6}, {4}, {3}], [{8, 1}, {5, 7}, {3, 6}, {2, 4}], [{8, 1}, {5, 7}, {3, 6}, {4}, {2}], [{8, 1}, {5, 7}, {4, 6}, {2, 3}], [{8, 1}, {5, 7}, {4, 6}, {3}, {2}], [{8, 1}, {5, 7}, {6}, {2, 4}, {3}], [{8, 1}, {5, 7}, {6}, {3, 4}, {2}], [{8, 1}, {5, 7}, {6}, {4}, {2, 3}], [{8, 1}, {5, 7}, {6}, {4}, {3}, {2}], [{8, 1}, {6, 7}, {2, 5}, {3, 4}], [{8, 1}, {6, 7}, {3, 5}, {2, 4}], [{8, 1}, {6, 7}, {4, 5}, {2, 3}], [{8, 1}, {6, 7}, {5}, {3, 4}, {2}], [{8, 1}, {7}, {2, 6}, {5}, {3, 4}], [{8, 1}, {7}, {5, 6}, {3, 4}, {2}], [{8, 1}, {7}, {6}, {2, 5}, {3, 4}], [{8, 1}, {7}, {6}, {5}, {3, 4}, {2}], [{8, 2}, {1, 7}, {3, 6}, {4, 5}], [{8, 2}, {1, 7}, {4, 6}, {3, 5}], [{8, 2}, {1, 7}, {5, 6}, {3, 4}], [{8, 2}, {1, 7}, {6}, {3, 5}, {4}], [{8, 2}, {3, 7}, {1, 6}, {4, 5}], [{8, 2}, {3, 7}, {4, 6}, {1, 5}], [{8, 2}, {3, 7}, {5, 6}, {1, 4}], [{8, 2}, {3, 7}, {6}, {5}, {1, 4}], [{8, 2}, {4, 7}, {1, 6}, {3, 5}], [{8, 2}, {4, 7}, {3, 6}, {1, 5}], [{8, 2}, {4, 7}, {5, 6}, {1, 3}], [{8, 2}, {4, 7}, {6}, {3, 5}, {1}], [{8, 2}, {5, 7}, {1, 6}, {3, 4}], [{8, 2}, {5, 7}, {3, 6}, {1, 4}], [{8, 2}, {5, 7}, {4, 6}, {1, 3}], [{8, 2}, {5, 7}, {6}, {1, 4}, {3}], [{8, 2}, {5, 7}, {6}, {3, 4}, {1}], [{8, 2}, {5, 7}, {6}, {4}, {1, 3}], [{8, 2}, {6, 7}, {1, 5}, {3, 4}], [{8, 2}, {6, 7}, {3, 5}, {1, 4}], [{8, 2}, {6, 7}, {4, 5}, {1, 3}], [{8, 2}, {6, 7}, {5}, {1, 4}, {3}], [{8, 2}, {7}, {3, 6}, {5}, {1, 4}], [{8, 2}, {7}, {5, 6}, {1, 4}, {3}], [{8, 2}, {7}, {6}, {3, 5}, {1, 4}], [{8, 2}, {7}, {6}, {5}, {1, 4}, {3}], [{8, 3}, {1, 7}, {2, 6}, {4, 5}], [{8, 3}, {1, 7}, {2, 6}, {5}, {4}], [{8, 3}, {1, 7}, {4, 6}, {2, 5}], [{8, 3}, {1, 7}, {4, 6}, {5}, {2}], [{8, 3}, {1, 7}, {5, 6}, {2, 4}], [{8, 3}, {1, 7}, {5, 6}, {4}, {2}], [{8, 3}, {1, 7}, {6}, {2, 5}, {4}], [{8, 3}, {1, 7}, {6}, {4, 5}, {2}], [{8, 3}, {1, 7}, {6}, {5}, {2, 4}], [{8, 3}, {1, 7}, {6}, {5}, {4}, {2}], [{8, 3}, {2, 7}, {1, 6}, {4, 5}], [{8, 3}, {2, 7}, {1, 6}, {5}, {4}], [{8, 3}, {2, 7}, {4, 6}, {1, 5}], [{8, 3}, {2, 7}, {4, 6}, {5}, {1}], [{8, 3}, {2, 7}, {5, 6}, {1, 4}], [{8, 3}, {2, 7}, {5, 6}, {4}, {1}], [{8, 3}, {2, 7}, {6}, {1, 5}, {4}], [{8, 3}, {2, 7}, {6}, {4, 5}, {1}], [{8, 3}, {2, 7}, {6}, {5}, {1, 4}], [{8, 3}, {2, 7}, {6}, {5}, {4}, {1}], [{8, 3}, {4, 7}, {1, 6}, {2, 5}], [{8, 3}, {4, 7}, {1, 6}, {5}, {2}], [{8, 3}, {4, 7}, {2, 6}, {1, 5}], [{8, 3}, {4, 7}, {2, 6}, {5}, {1}], [{8, 3}, {4, 7}, {5, 6}, {1, 2}], [{8, 3}, {4, 7}, {5, 6}, {2}, {1}], [{8, 3}, {4, 7}, {6}, {1, 5}, {2}], [{8, 3}, {4, 7}, {6}, {2, 5}, {1}], [{8, 3}, {4, 7}, {6}, {5}, {1, 2}], [{8, 3}, {4, 7}, {6}, {5}, {2}, {1}], [{8, 3}, {5, 7}, {1, 6}, {2, 4}], [{8, 3}, {5, 7}, {1, 6}, {4}, {2}], [{8, 3}, {5, 7}, {2, 6}, {1, 4}], [{8, 3}, {5, 7}, {2, 6}, {4}, {1}], [{8, 3}, {5, 7}, {4, 6}, {1, 2}], [{8, 3}, {5, 7}, {4, 6}, {2}, {1}], [{8, 3}, {5, 7}, {6}, {1, 4}, {2}], [{8, 3}, {5, 7}, {6}, {2, 4}, {1}], [{8, 3}, {5, 7}, {6}, {4}, {1, 2}], [{8, 3}, {5, 7}, {6}, {4}, {2}, {1}], [{8, 3}, {6, 7}, {1, 5}, {2, 4}], [{8, 3}, {6, 7}, {1, 5}, {4}, {2}], [{8, 3}, {6, 7}, {2, 5}, {1, 4}], [{8, 3}, {6, 7}, {2, 5}, {4}, {1}], [{8, 3}, {6, 7}, {4, 5}, {1, 2}], [{8, 3}, {6, 7}, {4, 5}, {2}, {1}], [{8, 3}, {6, 7}, {5}, {1, 4}, {2}], [{8, 3}, {6, 7}, {5}, {2, 4}, {1}], [{8, 3}, {6, 7}, {5}, {4}, {1, 2}], [{8, 3}, {6, 7}, {5}, {4}, {2}, {1}], [{8, 3}, {7}, {1, 6}, {2, 5}, {4}], [{8, 3}, {7}, {1, 6}, {4, 5}, {2}], [{8, 3}, {7}, {1, 6}, {5}, {2, 4}], [{8, 3}, {7}, {1, 6}, {5}, {4}, {2}], [{8, 3}, {7}, {2, 6}, {1, 5}, {4}], [{8, 3}, {7}, {2, 6}, {4, 5}, {1}], [{8, 3}, {7}, {2, 6}, {5}, {1, 4}], [{8, 3}, {7}, {2, 6}, {5}, {4}, {1}], [{8, 3}, {7}, {4, 6}, {1, 5}, {2}], [{8, 3}, {7}, {4, 6}, {2, 5}, {1}], [{8, 3}, {7}, {4, 6}, {5}, {1, 2}], [{8, 3}, {7}, {4, 6}, {5}, {2}, {1}], [{8, 3}, {7}, {5, 6}, {1, 4}, {2}], [{8, 3}, {7}, {5, 6}, {2, 4}, {1}], [{8, 3}, {7}, {5, 6}, {4}, {1, 2}], [{8, 3}, {7}, {5, 6}, {4}, {2}, {1}], [{8, 3}, {7}, {6}, {1, 5}, {2, 4}], [{8, 3}, {7}, {6}, {1, 5}, {4}, {2}], [{8, 3}, {7}, {6}, {2, 5}, {1, 4}], [{8, 3}, {7}, {6}, {2, 5}, {4}, {1}], [{8, 3}, {7}, {6}, {4, 5}, {1, 2}], [{8, 3}, {7}, {6}, {4, 5}, {2}, {1}], [{8, 3}, {7}, {6}, {5}, {1, 4}, {2}], [{8, 3}, {7}, {6}, {5}, {2, 4}, {1}], [{8, 3}, {7}, {6}, {5}, {4}, {1, 2}], [{8, 3}, {7}, {6}, {5}, {4}, {2}, {1}], [{8, 4}, {1, 7}, {2, 6}, {3, 5}], [{8, 4}, {1, 7}, {3, 6}, {2, 5}], [{8, 4}, {1, 7}, {5, 6}, {2, 3}], [{8, 4}, {1, 7}, {6}, {3, 5}, {2}], [{8, 4}, {2, 7}, {1, 6}, {3, 5}], [{8, 4}, {2, 7}, {3, 6}, {1, 5}], [{8, 4}, {2, 7}, {5, 6}, {1, 3}], [{8, 4}, {2, 7}, {6}, {5}, {1, 3}], [{8, 4}, {3, 7}, {1, 6}, {2, 5}], [{8, 4}, {3, 7}, {2, 6}, {1, 5}], [{8, 4}, {3, 7}, {5, 6}, {1, 2}], [{8, 4}, {3, 7}, {6}, {1, 5}, {2}], [{8, 4}, {5, 7}, {1, 6}, {2, 3}], [{8, 4}, {5, 7}, {1, 6}, {3}, {2}], [{8, 4}, {5, 7}, {2, 6}, {1, 3}], [{8, 4}, {5, 7}, {2, 6}, {3}, {1}], [{8, 4}, {5, 7}, {3, 6}, {1, 2}], [{8, 4}, {5, 7}, {3, 6}, {2}, {1}], [{8, 4}, {5, 7}, {6}, {1, 3}, {2}], [{8, 4}, {5, 7}, {6}, {2, 3}, {1}], [{8, 4}, {5, 7}, {6}, {3}, {1, 2}], [{8, 4}, {5, 7}, {6}, {3}, {2}, {1}], [{8, 4}, {6, 7}, {1, 5}, {2, 3}], [{8, 4}, {6, 7}, {2, 5}, {1, 3}], [{8, 4}, {6, 7}, {3, 5}, {1, 2}], [{8, 4}, {6, 7}, {5}, {1, 3}, {2}], [{8, 4}, {7}, {2, 6}, {5}, {1, 3}], [{8, 4}, {7}, {5, 6}, {1, 3}, {2}], [{8, 4}, {7}, {6}, {2, 5}, {1, 3}], [{8, 4}, {7}, {6}, {5}, {1, 3}, {2}], [{8, 5}, {1, 7}, {2, 6}, {3, 4}], [{8, 5}, {1, 7}, {2, 6}, {4}, {3}], [{8, 5}, {1, 7}, {3, 6}, {2, 4}], [{8, 5}, {1, 7}, {3, 6}, {4}, {2}], [{8, 5}, {1, 7}, {4, 6}, {2, 3}], [{8, 5}, {1, 7}, {4, 6}, {3}, {2}], [{8, 5}, {1, 7}, {6}, {2, 4}, {3}], [{8, 5}, {1, 7}, {6}, {3, 4}, {2}], [{8, 5}, {1, 7}, {6}, {4}, {2, 3}], [{8, 5}, {1, 7}, {6}, {4}, {3}, {2}], [{8, 5}, {2, 7}, {1, 6}, {3, 4}], [{8, 5}, {2, 7}, {3, 6}, {1, 4}], [{8, 5}, {2, 7}, {4, 6}, {1, 3}], [{8, 5}, {2, 7}, {6}, {1, 4}, {3}], [{8, 5}, {3, 7}, {1, 6}, {2, 4}], [{8, 5}, {3, 7}, {2, 6}, {1, 4}], [{8, 5}, {3, 7}, {4, 6}, {1, 2}], [{8, 5}, {3, 7}, {6}, {1, 4}, {2}], [{8, 5}, {4, 7}, {1, 6}, {2, 3}], [{8, 5}, {4, 7}, {1, 6}, {3}, {2}], [{8, 5}, {4, 7}, {2, 6}, {1, 3}], [{8, 5}, {4, 7}, {2, 6}, {3}, {1}], [{8, 5}, {4, 7}, {3, 6}, {1, 2}], [{8, 5}, {4, 7}, {3, 6}, {2}, {1}], [{8, 5}, {4, 7}, {6}, {1, 3}, {2}], [{8, 5}, {4, 7}, {6}, {2, 3}, {1}], [{8, 5}, {4, 7}, {6}, {3}, {1, 2}], [{8, 5}, {4, 7}, {6}, {3}, {2}, {1}], [{8, 5}, {6, 7}, {1, 4}, {2, 3}], [{8, 5}, {6, 7}, {1, 4}, {3}, {2}], [{8, 5}, {6, 7}, {2, 4}, {1, 3}], [{8, 5}, {6, 7}, {3, 4}, {1, 2}], [{8, 5}, {7}, {2, 6}, {1, 4}, {3}], [{8, 5}, {7}, {3, 6}, {1, 4}, {2}], [{8, 5}, {7}, {6}, {1, 4}, {2, 3}], [{8, 5}, {7}, {6}, {1, 4}, {3}, {2}], [{8, 6}, {1, 7}, {2, 5}, {3, 4}], [{8, 6}, {1, 7}, {3, 5}, {2, 4}], [{8, 6}, {1, 7}, {3, 5}, {4}, {2}], [{8, 6}, {1, 7}, {4, 5}, {2, 3}], [{8, 6}, {2, 7}, {1, 5}, {3, 4}], [{8, 6}, {2, 7}, {3, 5}, {1, 4}], [{8, 6}, {2, 7}, {4, 5}, {1, 3}], [{8, 6}, {2, 7}, {5}, {1, 4}, {3}], [{8, 6}, {3, 7}, {1, 5}, {2, 4}], [{8, 6}, {3, 7}, {2, 5}, {1, 4}], [{8, 6}, {3, 7}, {4, 5}, {1, 2}], [{8, 6}, {3, 7}, {5}, {1, 4}, {2}], [{8, 6}, {4, 7}, {1, 5}, {2, 3}], [{8, 6}, {4, 7}, {2, 5}, {1, 3}], [{8, 6}, {4, 7}, {3, 5}, {1, 2}], [{8, 6}, {4, 7}, {3, 5}, {2}, {1}], [{8, 6}, {5, 7}, {1, 4}, {2, 3}], [{8, 6}, {5, 7}, {1, 4}, {3}, {2}], [{8, 6}, {5, 7}, {2, 4}, {1, 3}], [{8, 6}, {5, 7}, {3, 4}, {1, 2}], [{8, 6}, {5, 7}, {3, 4}, {2}, {1}], [{8, 6}, {5, 7}, {4}, {1, 3}, {2}], [{8, 6}, {7}, {2, 5}, {1, 4}, {3}], [{8, 6}, {7}, {3, 5}, {1, 4}, {2}], [{8, 6}, {7}, {5}, {1, 4}, {2, 3}], [{8, 6}, {7}, {5}, {1, 4}, {3}, {2}], [{8, 7}, {1, 6}, {2, 5}, {3, 4}], [{8, 7}, {1, 6}, {3, 5}, {2, 4}], [{8, 7}, {1, 6}, {4, 5}, {2, 3}], [{8, 7}, {2, 6}, {1, 5}, {3, 4}], [{8, 7}, {2, 6}, {3, 5}, {1, 4}], [{8, 7}, {2, 6}, {4, 5}, {1, 3}], [{8, 7}, {2, 6}, {5}, {1, 4}, {3}], [{8, 7}, {3, 6}, {1, 5}, {2, 4}], [{8, 7}, {3, 6}, {2, 5}, {1, 4}], [{8, 7}, {3, 6}, {4, 5}, {1, 2}], [{8, 7}, {3, 6}, {5}, {1, 4}, {2}], [{8, 7}, {4, 6}, {1, 5}, {2, 3}], [{8, 7}, {4, 6}, {2, 5}, {1, 3}], [{8, 7}, {4, 6}, {3, 5}, {1, 2}], [{8, 7}, {5, 6}, {1, 4}, {2, 3}], [{8, 7}, {5, 6}, {1, 4}, {3}, {2}], [{8, 7}, {5, 6}, {2, 4}, {1, 3}], [{8, 7}, {5, 6}, {3, 4}, {1, 2}], [{8, 7}, {6}, {1, 5}, {3, 4}, {2}], [{8, 7}, {6}, {2, 5}, {1, 4}, {3}], [{8, 7}, {6}, {3, 5}, {1, 4}, {2}], [{8, 7}, {6}, {4, 5}, {1, 3}, {2}], [{8, 7}, {6}, {5}, {1, 4}, {2, 3}], [{8, 7}, {6}, {5}, {1, 4}, {3}, {2}], [{8}, {1, 7}, {2, 6}, {3, 5}, {4}], [{8}, {1, 7}, {4, 6}, {3, 5}, {2}], [{8}, {1, 7}, {6}, {3, 5}, {2, 4}], [{8}, {1, 7}, {6}, {3, 5}, {4}, {2}], [{8}, {2, 7}, {1, 6}, {4, 5}, {3}], [{8}, {2, 7}, {3, 6}, {5}, {1, 4}], [{8}, {2, 7}, {4, 6}, {1, 5}, {3}], [{8}, {2, 7}, {5, 6}, {1, 4}, {3}], [{8}, {2, 7}, {6}, {3, 5}, {1, 4}], [{8}, {2, 7}, {6}, {5}, {1, 4}, {3}], [{8}, {3, 7}, {2, 6}, {5}, {1, 4}], [{8}, {3, 7}, {5, 6}, {1, 4}, {2}], [{8}, {3, 7}, {6}, {2, 5}, {1, 4}], [{8}, {3, 7}, {6}, {5}, {1, 4}, {2}], [{8}, {4, 7}, {1, 6}, {3, 5}, {2}], [{8}, {4, 7}, {2, 6}, {3, 5}, {1}], [{8}, {4, 7}, {6}, {3, 5}, {1, 2}], [{8}, {4, 7}, {6}, {3, 5}, {2}, {1}], [{8}, {5, 7}, {1, 6}, {3, 4}, {2}], [{8}, {5, 7}, {2, 6}, {1, 4}, {3}], [{8}, {5, 7}, {2, 6}, {3, 4}, {1}], [{8}, {5, 7}, {2, 6}, {4}, {1, 3}], [{8}, {5, 7}, {3, 6}, {1, 4}, {2}], [{8}, {5, 7}, {4, 6}, {1, 3}, {2}], [{8}, {5, 7}, {6}, {1, 4}, {2, 3}], [{8}, {5, 7}, {6}, {1, 4}, {3}, {2}], [{8}, {5, 7}, {6}, {2, 4}, {1, 3}], [{8}, {5, 7}, {6}, {3, 4}, {1, 2}], [{8}, {5, 7}, {6}, {3, 4}, {2}, {1}], [{8}, {5, 7}, {6}, {4}, {1, 3}, {2}], [{8}, {6, 7}, {2, 5}, {1, 4}, {3}], [{8}, {6, 7}, {3, 5}, {1, 4}, {2}], [{8}, {6, 7}, {5}, {1, 4}, {2, 3}], [{8}, {6, 7}, {5}, {1, 4}, {3}, {2}], [{8}, {7}, {2, 6}, {3, 5}, {1, 4}], [{8}, {7}, {2, 6}, {5}, {1, 4}, {3}], [{8}, {7}, {3, 6}, {2, 5}, {1, 4}], [{8}, {7}, {3, 6}, {5}, {1, 4}, {2}], [{8}, {7}, {5, 6}, {1, 4}, {2, 3}], [{8}, {7}, {5, 6}, {1, 4}, {3}, {2}], [{8}, {7}, {6}, {2, 5}, {1, 4}, {3}], [{8}, {7}, {6}, {3, 5}, {1, 4}, {2}], [{8}, {7}, {6}, {5}, {1, 4}, {2, 3}], [{8}, {7}, {6}, {5}, {1, 4}, {3}, {2}]]",2,16 K_1^3 + 8 K_1^2 K_2 - 26 K_1^2 - 16 K_1 K_2 - 8 K_1 K_3 - 4 K_1 + 13 K_2 + 4 K_3 + 2 K_4 + 12,O1O2O3O4U5U3U4O6U7O8O5U8U2O7U1U6,O1O2O3U1U2U4U5O6O5U7O4O8U3U8O7U6,O1O2O3U4O5U6U1O6O7U5O8O4U8U7U2U3,c,{'O1O2O3O4U5U4O6U3U7O8O7U6O5U1U2U8'},1,"<a href=""/flatknot/8.850874"">8.850874</a>",t^9-30t^7-24t^6+121t^5+32t^4-172t^3-10t^2+60t,t^2-2t,,
8.850875,O1O2O3O4U5U4O6U3U7O8O7U6O5U1U8U2,4,19z^2+104z+133,19w^3z^2+104w^2z+133w,False,False,"[[ 0 -2  1  0  1 -1  0  1  0],[ 2  0  2  0  1  0  1  2  0],[-1 -2  0  0  1 -2  0  0 -1],[ 0  0  0  0  0 -2  1  0  0],[-1 -1 -1  0  0 -1  0 -1 -1],[ 1  0  2  2  1  0  0  2  0],[ 0 -1  0 -1  0  0  0  0  0],[-1 -2  0  0  1 -2  0  0  0],[ 0  0  1  0  1  0  0  0  0]]","[[ 0  1  1  1  0  0  0 -1 -2],[-1  0  1  0  0  0  0 -2 -2],[-1 -1  0 -1  0  0 -1 -1 -1],[-1  0  1  0  0  0 -1 -2 -2],[ 0  0  0  0  0  1  0 -2  0],[ 0  0  0  0 -1  0  0  0 -1],[ 0  0  1  1  0  0  0  0  0],[ 1  2  1  2  2  0  0  0  0],[ 2  2  1  2  0  1  0  0  0]]",True,"[-1,-1,-1,0,0,0,1,2,-1,0,0,0,0,2,2,1,0,0,1,1,1,0,0,1,2,2,-1,0,2,0,0,0,1,0,0,0]","[-2,-1,0,0,0,1,1,1,0,0,0,1,1,2,2,0,2,0,1,2,2,0,0,1,0,1,1,0,0,0,0,0,0,-1,-1,0]",t^8+28t^6+110t^4+85t^2+4,"[-2,-1,0,0,0,1,1,1,1,1,2,2,1,1,2,1,-1,1,0,0,1,1,0,1,1,1,0,1,1,1,0,1,0,0,-1,-1]","[-1,-1,-1,0,0,0,1,2,-1,-1,0,1,1,1,2,0,0,1,1,0,1,1,1,1,0,1,0,0,1,2,-1,1,1,-1,2,1]","[-2,-1,0,0,0,1,1,1,0,0,0,1,1,2,2,0,2,0,1,2,2,0,0,1,0,1,1,0,0,0,0,0,0,-1,-1,0]",c,"[[{8, 1}, {2, 7}, {3, 6}, {4, 5}], [{8, 1}, {2, 7}, {4, 6}, {3, 5}], [{8, 1}, {2, 7}, {5, 6}, {3, 4}], [{8, 1}, {3, 7}, {2, 6}, {4, 5}], [{8, 1}, {3, 7}, {2, 6}, {5}, {4}], [{8, 1}, {3, 7}, {4, 6}, {2, 5}], [{8, 1}, {3, 7}, {5, 6}, {2, 4}], [{8, 1}, {4, 7}, {2, 6}, {3, 5}], [{8, 1}, {4, 7}, {3, 6}, {2, 5}], [{8, 1}, {4, 7}, {3, 6}, {5}, {2}], [{8, 1}, {4, 7}, {5, 6}, {2, 3}], [{8, 1}, {4, 7}, {5, 6}, {3}, {2}], [{8, 1}, {4, 7}, {6}, {3, 5}, {2}], [{8, 1}, {5, 7}, {2, 6}, {3, 4}], [{8, 1}, {5, 7}, {3, 6}, {2, 4}], [{8, 1}, {5, 7}, {4, 6}, {2, 3}], [{8, 1}, {5, 7}, {6}, {2, 4}, {3}], [{8, 1}, {5, 7}, {6}, {3, 4}, {2}], [{8, 1}, {5, 7}, {6}, {4}, {2, 3}], [{8, 1}, {6, 7}, {2, 5}, {3, 4}], [{8, 1}, {6, 7}, {3, 5}, {2, 4}], [{8, 1}, {6, 7}, {4, 5}, {2, 3}], [{8, 1}, {6, 7}, {4, 5}, {3}, {2}], [{8, 2}, {1, 7}, {3, 6}, {4, 5}], [{8, 2}, {1, 7}, {4, 6}, {3, 5}], [{8, 2}, {1, 7}, {5, 6}, {3, 4}], [{8, 2}, {3, 7}, {1, 6}, {4, 5}], [{8, 2}, {3, 7}, {4, 6}, {1, 5}], [{8, 2}, {3, 7}, {5, 6}, {1, 4}], [{8, 2}, {4, 7}, {1, 6}, {3, 5}], [{8, 2}, {4, 7}, {3, 6}, {1, 5}], [{8, 2}, {4, 7}, {5, 6}, {1, 3}], [{8, 2}, {5, 7}, {1, 6}, {3, 4}], [{8, 2}, {5, 7}, {3, 6}, {1, 4}], [{8, 2}, {5, 7}, {4, 6}, {1, 3}], [{8, 2}, {5, 7}, {6}, {1, 4}, {3}], [{8, 2}, {5, 7}, {6}, {3, 4}, {1}], [{8, 2}, {5, 7}, {6}, {4}, {1, 3}], [{8, 2}, {6, 7}, {1, 5}, {3, 4}], [{8, 2}, {6, 7}, {3, 5}, {1, 4}], [{8, 2}, {6, 7}, {4, 5}, {1, 3}], [{8, 3}, {1, 7}, {2, 6}, {4, 5}], [{8, 3}, {1, 7}, {4, 6}, {2, 5}], [{8, 3}, {1, 7}, {4, 6}, {5}, {2}], [{8, 3}, {1, 7}, {5, 6}, {2, 4}], [{8, 3}, {1, 7}, {5, 6}, {4}, {2}], [{8, 3}, {1, 7}, {6}, {4, 5}, {2}], [{8, 3}, {2, 7}, {1, 6}, {4, 5}], [{8, 3}, {2, 7}, {4, 6}, {1, 5}], [{8, 3}, {2, 7}, {4, 6}, {5}, {1}], [{8, 3}, {2, 7}, {5, 6}, {1, 4}], [{8, 3}, {2, 7}, {5, 6}, {4}, {1}], [{8, 3}, {2, 7}, {6}, {4, 5}, {1}], [{8, 3}, {4, 7}, {1, 6}, {2, 5}], [{8, 3}, {4, 7}, {2, 6}, {1, 5}], [{8, 3}, {4, 7}, {5, 6}, {1, 2}], [{8, 3}, {4, 7}, {6}, {5}, {1, 2}], [{8, 3}, {5, 7}, {1, 6}, {2, 4}], [{8, 3}, {5, 7}, {2, 6}, {1, 4}], [{8, 3}, {5, 7}, {4, 6}, {1, 2}], [{8, 3}, {5, 7}, {6}, {1, 4}, {2}], [{8, 3}, {5, 7}, {6}, {2, 4}, {1}], [{8, 3}, {5, 7}, {6}, {4}, {1, 2}], [{8, 3}, {6, 7}, {1, 5}, {2, 4}], [{8, 3}, {6, 7}, {1, 5}, {4}, {2}], [{8, 3}, {6, 7}, {2, 5}, {1, 4}], [{8, 3}, {6, 7}, {2, 5}, {4}, {1}], [{8, 3}, {6, 7}, {4, 5}, {1, 2}], [{8, 3}, {6, 7}, {5}, {4}, {1, 2}], [{8, 3}, {7}, {4, 6}, {5}, {1, 2}], [{8, 3}, {7}, {5, 6}, {4}, {1, 2}], [{8, 3}, {7}, {6}, {4, 5}, {1, 2}], [{8, 3}, {7}, {6}, {5}, {4}, {1, 2}], [{8, 4}, {1, 7}, {2, 6}, {3, 5}], [{8, 4}, {1, 7}, {3, 6}, {2, 5}], [{8, 4}, {1, 7}, {5, 6}, {2, 3}], [{8, 4}, {1, 7}, {5, 6}, {3}, {2}], [{8, 4}, {2, 7}, {1, 6}, {3, 5}], [{8, 4}, {2, 7}, {3, 6}, {1, 5}], [{8, 4}, {2, 7}, {5, 6}, {1, 3}], [{8, 4}, {2, 7}, {5, 6}, {3}, {1}], [{8, 4}, {3, 7}, {1, 6}, {2, 5}], [{8, 4}, {3, 7}, {2, 6}, {1, 5}], [{8, 4}, {3, 7}, {5, 6}, {1, 2}], [{8, 4}, {3, 7}, {6}, {5}, {1, 2}], [{8, 4}, {5, 7}, {1, 6}, {2, 3}], [{8, 4}, {5, 7}, {2, 6}, {1, 3}], [{8, 4}, {5, 7}, {3, 6}, {1, 2}], [{8, 4}, {5, 7}, {6}, {1, 3}, {2}], [{8, 4}, {5, 7}, {6}, {2, 3}, {1}], [{8, 4}, {5, 7}, {6}, {3}, {1, 2}], [{8, 4}, {6, 7}, {1, 5}, {2, 3}], [{8, 4}, {6, 7}, {1, 5}, {3}, {2}], [{8, 4}, {6, 7}, {2, 5}, {1, 3}], [{8, 4}, {6, 7}, {2, 5}, {3}, {1}], [{8, 4}, {6, 7}, {3, 5}, {1, 2}], [{8, 4}, {6, 7}, {5}, {3}, {1, 2}], [{8, 4}, {7}, {3, 6}, {5}, {1, 2}], [{8, 4}, {7}, {5, 6}, {3}, {1, 2}], [{8, 4}, {7}, {6}, {3, 5}, {1, 2}], [{8, 4}, {7}, {6}, {5}, {3}, {1, 2}], [{8, 5}, {1, 7}, {2, 6}, {3, 4}], [{8, 5}, {1, 7}, {3, 6}, {2, 4}], [{8, 5}, {1, 7}, {4, 6}, {2, 3}], [{8, 5}, {1, 7}, {6}, {4}, {2, 3}], [{8, 5}, {2, 7}, {1, 6}, {3, 4}], [{8, 5}, {2, 7}, {3, 6}, {1, 4}], [{8, 5}, {2, 7}, {4, 6}, {1, 3}], [{8, 5}, {3, 7}, {1, 6}, {2, 4}], [{8, 5}, {3, 7}, {2, 6}, {1, 4}], [{8, 5}, {3, 7}, {4, 6}, {1, 2}], [{8, 5}, {4, 7}, {1, 6}, {2, 3}], [{8, 5}, {4, 7}, {2, 6}, {1, 3}], [{8, 5}, {4, 7}, {3, 6}, {1, 2}], [{8, 5}, {4, 7}, {6}, {2, 3}, {1}], [{8, 5}, {6, 7}, {1, 4}, {2, 3}], [{8, 5}, {6, 7}, {2, 4}, {1, 3}], [{8, 5}, {6, 7}, {3, 4}, {1, 2}], [{8, 5}, {7}, {1, 6}, {3, 4}, {2}], [{8, 5}, {7}, {2, 6}, {3, 4}, {1}], [{8, 5}, {7}, {3, 6}, {2, 4}, {1}], [{8, 5}, {7}, {6}, {1, 4}, {2, 3}], [{8, 5}, {7}, {6}, {3, 4}, {1, 2}], [{8, 6}, {1, 7}, {2, 5}, {3, 4}], [{8, 6}, {1, 7}, {3, 5}, {2, 4}], [{8, 6}, {1, 7}, {3, 5}, {4}, {2}], [{8, 6}, {1, 7}, {4, 5}, {2, 3}], [{8, 6}, {2, 7}, {1, 5}, {3, 4}], [{8, 6}, {2, 7}, {3, 5}, {1, 4}], [{8, 6}, {2, 7}, {4, 5}, {1, 3}], [{8, 6}, {3, 7}, {1, 5}, {2, 4}], [{8, 6}, {3, 7}, {2, 5}, {1, 4}], [{8, 6}, {3, 7}, {4, 5}, {1, 2}], [{8, 6}, {4, 7}, {1, 5}, {2, 3}], [{8, 6}, {4, 7}, {2, 5}, {1, 3}], [{8, 6}, {4, 7}, {3, 5}, {1, 2}], [{8, 6}, {5, 7}, {1, 4}, {2, 3}], [{8, 6}, {5, 7}, {2, 4}, {1, 3}], [{8, 6}, {5, 7}, {3, 4}, {1, 2}], [{8, 6}, {5, 7}, {4}, {1, 3}, {2}], [{8, 6}, {7}, {5}, {1, 4}, {2, 3}], [{8, 6}, {7}, {5}, {3, 4}, {1, 2}], [{8, 7}, {1, 6}, {2, 5}, {3, 4}], [{8, 7}, {1, 6}, {3, 5}, {2, 4}], [{8, 7}, {1, 6}, {4, 5}, {2, 3}], [{8, 7}, {2, 6}, {1, 5}, {3, 4}], [{8, 7}, {2, 6}, {3, 5}, {1, 4}], [{8, 7}, {2, 6}, {4, 5}, {1, 3}], [{8, 7}, {3, 6}, {1, 5}, {2, 4}], [{8, 7}, {3, 6}, {1, 5}, {4}, {2}], [{8, 7}, {3, 6}, {2, 5}, {1, 4}], [{8, 7}, {3, 6}, {4, 5}, {1, 2}], [{8, 7}, {4, 6}, {1, 5}, {2, 3}], [{8, 7}, {4, 6}, {2, 5}, {1, 3}], [{8, 7}, {4, 6}, {3, 5}, {1, 2}], [{8, 7}, {4, 6}, {3, 5}, {2}, {1}], [{8, 7}, {5, 6}, {1, 4}, {2, 3}], [{8, 7}, {5, 6}, {2, 4}, {1, 3}], [{8, 7}, {5, 6}, {3, 4}, {1, 2}], [{8, 7}, {6}, {5}, {1, 4}, {2, 3}], [{8, 7}, {6}, {5}, {3, 4}, {1, 2}], [{8}, {1, 7}, {5, 6}, {3, 4}, {2}], [{8}, {1, 7}, {6}, {3, 5}, {2, 4}], [{8}, {2, 7}, {5, 6}, {3, 4}, {1}], [{8}, {4, 7}, {2, 6}, {3, 5}, {1}], [{8}, {5, 7}, {2, 6}, {4}, {1, 3}], [{8}, {5, 7}, {4, 6}, {1, 3}, {2}], [{8}, {5, 7}, {6}, {1, 4}, {2, 3}], [{8}, {5, 7}, {6}, {2, 4}, {1, 3}], [{8}, {5, 7}, {6}, {3, 4}, {1, 2}], [{8}, {5, 7}, {6}, {4}, {1, 3}, {2}], [{8}, {6, 7}, {1, 5}, {3, 4}, {2}], [{8}, {6, 7}, {2, 5}, {3, 4}, {1}], [{8}, {6, 7}, {5}, {1, 4}, {2, 3}], [{8}, {6, 7}, {5}, {3, 4}, {1, 2}], [{8}, {7}, {1, 6}, {4, 5}, {2, 3}], [{8}, {7}, {4, 6}, {1, 5}, {2, 3}], [{8}, {7}, {5, 6}, {1, 4}, {2, 3}], [{8}, {7}, {5, 6}, {3, 4}, {1, 2}], [{8}, {7}, {6}, {5}, {1, 4}, {2, 3}], [{8}, {7}, {6}, {5}, {3, 4}, {1, 2}]]",2,8 K_1^3 + 4 K_1^2 K_2 - 24 K_1^2 - 20 K_1 K_2 - 6 K_1 K_3 + 4 K_1 - 2 K_2^2 + 13 K_2 + 8 K_3 + 3 K_4 + 13,O1O2O3O4U3U5U4O6U7O8O5U8U2O7U1U6,O1O2O3U1U3U4U5O6O5U7O4O8U2U8O7U6,O1O2O3U4O5U6U2O6O7U5O8O4U8U7U1U3,c,{'O1O2O3O4U5U4O6U3U7O8O7U6O5U1U8U2'},1,"<a href=""/flatknot/8.850875"">8.850875</a>",t^9-30t^7-14t^6+137t^5+24t^4-188t^3-4t^2+52t-8,t^2-2t,,
8.850876,O1O2O3O4U5U4O6U3U7O8O7U6O5U2U1U8,4,10z^3+55z^2+110z+81,10w^4z^3+55w^3z^2+110w^2z+81w,False,False,"[[ 0 -1 -1  0  1 -1  0  1  1],[ 1  0  0  0  1 -1  1  1  1],[ 1  0  0  0  1 -1  1  1  0],[ 0  0  0  0  0 -2  1  0  0],[-1 -1 -1  0  0 -1  0 -1 -1],[ 1  1  1  2  1  0  0  2  1],[ 0 -1 -1 -1  0  0  0  0  0],[-1 -1 -1  0  1 -2  0  0  1],[-1 -1  0  0  1 -1  0 -1  0]]","[[ 0  1  1  1  0  0 -1 -1 -1],[-1  0  1  1  0  0 -1 -1 -2],[-1 -1  0  1  0  0  0 -1 -1],[-1 -1 -1  0  0  0 -1 -1 -1],[ 0  0  0  0  0  1  0  0 -2],[ 0  0  0  0 -1  0 -1 -1  0],[ 1  1  0  1  0  1  0  0 -1],[ 1  1  1  1  0  1  0  0 -1],[ 1  2  1  1  2  0  1  1  0]]",True,"[-1,-1,-1,0,0,1,1,1,-1,-1,0,0,1,1,2,-1,0,0,0,1,1,0,0,1,1,1,-1,0,0,2,1,1,0,0,1,1]","[-1,-1,-1,0,0,1,1,1,-1,-1,-1,1,0,1,1,0,1,0,1,1,1,1,0,1,1,2,-1,1,1,1,1,1,1,-1,-1,1]",t^8+23t^6+84t^4+71t^2+4,"[-1,-1,-1,0,0,1,1,1,-1,-1,-1,1,0,1,1,0,1,0,1,1,1,1,0,1,1,2,-1,1,1,1,1,1,1,-1,-1,1]","[-1,-1,-1,0,0,1,1,1,-1,-1,1,1,1,1,1,-1,1,1,1,1,2,1,1,0,1,1,-1,1,0,0,-1,1,1,1,1,0]","[-1,-1,-1,0,0,1,1,1,-1,0,0,1,0,1,1,1,2,0,1,1,2,0,1,1,1,1,1,0,0,0,0,0,0,1,-1,-1]",c,"[[{8, 5}, {1, 7}, {3, 6}, {2, 4}]]",1,- 8 K_1^2 + 4 K_2 + 5,O1O2O3O4U5U4U3O6U7O8O5U8U2O7U1U6,O1O2O3U2U1U4U5O6O5U7O4O8U3U8O7U6,O1O2O3U4O5U6U1O6O7U5O8O4U8U7U3U2,c,{'O1O2O3O4U5U4O6U3U7O8O7U6O5U2U1U8'},1,"<a href=""/flatknot/8.850876"">8.850876</a>",t^9-23t^7-32t^6+46t^5+32t^4-68t^3-14t^2+24t-4,0,,
8.850877,O1O2O3O4U5U4O6U3U7O8O7U6O5U8U1U2,4,3z^3+33z^2+109z+111,3w^4z^3+33w^3z^2+109w^2z+111w,False,False,"[[ 0 -1  1  0  1 -1  0  1 -1],[ 1  0  1  0  1  0  0  2 -1],[-1 -1  0  0  1 -2  0  0 -1],[ 0  0  0  0  0 -2  1  0  0],[-1 -1 -1  0  0 -1  0 -1 -1],[ 1  0  2  2  1  0  0  2 -1],[ 0  0  0 -1  0  0  0  0  0],[-1 -2  0  0  1 -2  0  0 -1],[ 1  1  1  0  1  1  0  1  0]]","[[ 0  1  1  1  0  0 -1 -1 -1],[-1  0  1  0  0  0 -1 -1 -2],[-1 -1  0 -1  0  0 -1 -1 -1],[-1  0  1  0  0  0 -1 -2 -2],[ 0  0  0  0  0  1  0  0 -2],[ 0  0  0  0 -1  0  0  0  0],[ 1  1  1  1  0  0  0  1  1],[ 1  1  1  2  0  0 -1  0  0],[ 1  2  1  2  2  0 -1  0  0]]",True,"[-1,-1,-1,0,0,1,1,1,-1,0,0,0,1,1,2,1,0,0,1,1,1,0,0,1,2,2,-1,0,0,2,0,0,0,-1,-1,0]","[-1,-1,-1,0,0,1,1,1,-1,-1,1,1,1,1,1,0,-1,1,0,0,1,1,1,0,1,1,-1,1,1,1,1,1,1,0,-1,-1]",t^8+27t^6+91t^4+53t^2+4,"[-1,-1,-1,0,0,1,1,1,-1,-1,1,1,1,1,1,0,-1,1,0,0,1,1,1,0,1,1,-1,1,1,1,1,1,1,0,-1,-1]","[-1,-1,-1,0,0,1,1,1,-1,-1,1,1,1,1,1,0,1,1,0,0,1,1,1,0,1,1,-1,1,1,1,-1,1,1,0,-1,-1]","[-1,-1,-1,0,0,1,1,1,-1,0,0,0,1,1,2,1,0,0,1,1,1,0,2,1,2,2,-1,0,0,0,0,0,0,-1,-1,0]",c,"[[{8, 4}, {1, 7}, {3, 6}, {2, 5}], [{8, 4}, {3, 7}, {5, 6}, {1, 2}], [{8, 4}, {5, 7}, {3, 6}, {1, 2}], [{8, 4}, {5, 7}, {6}, {3}, {1, 2}], [{8, 4}, {6, 7}, {3, 5}, {1, 2}], [{8, 7}, {3, 6}, {4, 5}, {1, 2}]]",1,16 K_1^3 - 24 K_1^2 - 20 K_1 K_2 - 2 K_1 + 12 K_2 + 6 K_3 + 13,O1O2O3O4U3U4U5O6U7O8O5U8U2O7U1U6,O1O2O3U2U3U4U5O6O5U7O4O8U1U8O7U6,O1O2O3U4O5U6U3O6O7U5O8O4U8U7U1U2,c,{'O1O2O3O4U5U4O6U3U7O8O7U6O5U8U1U2'},1,"<a href=""/flatknot/8.850877"">8.850877</a>",t^9-27t^7-36t^6+59t^5+112t^4+31t^3-12t^2,0,,
8.850878,O1O2O3O4U5U4O6U7U1O7O8U2O5U3U6U8,3,18z^2+75z+79,-12w^4z^2+30w^3z^2-8w^3z+83w^2z+79w,False,False,"[[ 0 -1 -1  0  1 -1  1 -1  2],[ 1  0  0  0  0  0  1  1  2],[ 1  0  0  0  0  0  1  1  2],[ 0  0  0  0  1 -1  0  0  1],[-1  0  0 -1  0 -1 -1 -1 -1],[ 1  0  0  1  1  0  1  0  1],[-1 -1 -1  0  1 -1  0 -1  1],[ 1 -1 -1  0  1  0  1  0  2],[-2 -2 -2 -1  1 -1 -1 -2  0]]","[[ 0  2  1  1  0 -1 -1 -1 -1],[-2  0  1 -1 -1 -1 -2 -2 -2],[-1 -1  0 -1 -1 -1  0  0 -1],[-1  1  1  0  0 -1 -1 -1 -1],[ 0  1  1  0  0 -1  0  0  0],[ 1  1  1  1  1  0  0  0  0],[ 1  2  0  1  0  0  0  0  1],[ 1  2  0  1  0  0  0  0  1],[ 1  2  1  1  0  0 -1 -1  0]]",True,"[-2,-1,-1,0,1,1,1,1,-1,1,1,1,2,2,2,1,1,1,0,0,1,0,1,1,1,1,1,0,0,0,0,0,0,0,-1,-1]","[-2,-1,-1,0,1,1,1,1,-1,1,1,1,2,2,2,1,1,1,0,0,1,0,1,1,1,1,1,0,0,0,0,0,0,0,-1,-1]",t^8+27t^6+65t^4+9t^2,"[-1,-1,-1,-1,0,1,1,2,-1,0,0,1,1,2,1,0,1,1,1,1,1,0,0,1,1,2,1,1,2,1,1,0,1,-1,0,2]","[-2,-1,-1,0,1,1,1,1,0,2,1,1,1,1,2,1,1,1,1,1,1,0,1,2,2,1,1,1,1,0,-1,-1,0,0,0,0]","[-1,-1,-1,-1,0,1,1,2,-1,-1,0,0,1,1,2,0,0,0,0,1,2,0,0,0,1,2,1,1,1,1,1,0,1,-1,-1,1]",c,"[[{8, 5}, {6, 7}, {3, 4}, {1, 2}], [{8, 5}, {6, 7}, {3, 4}, {2}, {1}]]",1,- 16 K_1^4 + 20 K_1^3 + 16 K_1^2 K_2 - 14 K_1^2 - 24 K_1 K_2 - 3 K_1 - 4 K_2^2 + 7 K_2 + 7 K_3 + 12,O1O2O3O4U5U6U2O7U3O5O8U4U8O6U1U7,O1O2O3U4U5U1U6O7O6U2O8O4U8U3O5U7,O1O2O3U4O5U1U6O7O6U2O8O4U8U3U5U7,c,{'O1O2O3O4U5U4O6U7U1O7O8U2O5U3U6U8'},1,"<a href=""/flatknot/8.850878"">8.850878</a>",t^9-25t^7-46t^6+40t^5+126t^4+53t^3-2t^2,-t^2+2t,,
8.850879,O1O2O3O4U5U4O6U7U1O7O8U2O5U3U8U6,4,3z^3+36z^2+112z+105,3w^4z^3+36w^3z^2+112w^2z+105w,False,False,"[[ 0 -1 -1  0  1 -1  2 -1  1],[ 1  0  0  0  0  0  1  1  1],[ 1  0  0  0  0  0  2  1  1],[ 0  0  0  0  1 -1  1  0  0],[-1  0  0 -1  0 -1 -1 -1 -1],[ 1  0  0  1  1  0  1  0  1],[-2 -1 -2 -1  1 -1  0 -2  0],[ 1 -1 -1  0  1  0  2  0  1],[-1 -1 -1  0  1 -1  0 -1  0]]","[[ 0  2  1  1  0 -1 -1 -1 -1],[-2  0  1  0 -1 -1 -1 -2 -2],[-1 -1  0 -1 -1  0 -1  0 -1],[-1  0  1  0  0 -1 -1 -1 -1],[ 0  1  1  0  0  0 -1  0  0],[ 1  1  0  1  0  0  0  0  1],[ 1  1  1  1  1  0  0  0  0],[ 1  2  0  1  0  0  0  0  1],[ 1  2  1  1  0 -1  0 -1  0]]",True,"[-2,-1,-1,0,1,1,1,1,-1,0,1,1,1,2,2,1,1,0,1,0,1,0,1,1,1,1,0,1,0,0,0,0,-1,0,0,-1]","[-2,-1,-1,0,1,1,1,1,-1,0,1,1,1,2,2,1,1,0,1,0,1,0,1,1,1,1,0,1,0,0,0,0,-1,0,0,-1]",t^8+23t^6+56t^4+20t^2+1,"[-1,-1,-1,-1,0,1,1,2,-1,0,0,1,1,2,1,0,1,1,1,1,1,0,0,1,1,2,1,1,2,2,1,0,1,-1,1,2]","[-2,-1,-1,0,1,1,1,1,1,2,1,1,1,2,2,1,1,1,1,1,1,0,1,2,1,2,1,1,0,1,-1,0,-1,0,0,0]","[-1,-1,-1,-1,0,1,1,2,-1,-1,0,0,1,1,2,0,0,0,0,1,1,0,0,0,1,2,1,1,1,1,1,0,1,-1,-1,0]",c,"[[{8, 1}, {6, 7}, {2, 5}, {3, 4}]]",1,- 6 K_1^2 - 4 K_1 K_2 + 2 K_1 + 3 K_2 + 2 K_3 + 4,O1O2O3O4U5U6U2O7U3O6O8U4U8O5U1U7,O1O2O3U4U5U1U6O7O6U3O8O4U8U2O5U7,O1O2O3U4O5U2U6O7O6U1O8O4U8U3U5U7,c,{'O1O2O3O4U5U4O6U7U1O7O8U2O5U3U8U6'},1,"<a href=""/flatknot/8.850879"">8.850879</a>",t^9-21t^7-30t^6+49t^5+96t^4+t^3-38t^2-4t,-t^2+2t,,
8.850880,O1O2O3O4U5U4O6U7U1O7O8U2O5U6U3U8,3,21z^2+88z+93,-4w^4z^2+25w^3z^2-12w^3z+100w^2z+93w,False,False,"[[ 0 -1 -1  1  1 -1  0 -1  2],[ 1  0  0  1  0  0  0  1  2],[ 1  0  0  1  0  0  0  1  2],[-1 -1 -1  0  1 -1 -1 -1  1],[-1  0  0 -1  0 -1 -1 -1 -1],[ 1  0  0  1  1  0  0  0  1],[ 0  0  0  1  1  0  0  0  1],[ 1 -1 -1  1  1  0  0  0  2],[-2 -2 -2 -1  1 -1 -1 -2  0]]","[[ 0  2  1  1  0 -1 -1 -1 -1],[-2  0  1 -1 -1 -1 -2 -2 -2],[-1 -1  0 -1 -1 -1  0  0 -1],[-1  1  1  0 -1 -1 -1 -1 -1],[ 0  1  1  1  0  0  0  0  0],[ 1  1  1  1  0  0  0  0  0],[ 1  2  0  1  0  0  0  0  1],[ 1  2  0  1  0  0  0  0  1],[ 1  2  1  1  0  0 -1 -1  0]]",True,"[-2,-1,-1,0,1,1,1,1,-1,1,1,1,2,2,2,1,1,1,0,0,1,1,1,1,1,1,0,0,0,0,0,0,0,0,-1,-1]","[-2,-1,-1,0,1,1,1,1,-1,1,1,1,2,2,2,1,1,1,0,0,1,1,1,1,1,1,0,0,0,0,0,0,0,0,-1,-1]",t^8+27t^6+48t^4,"[-1,-1,-1,-1,0,1,1,2,-1,0,0,1,1,2,1,0,1,1,1,1,1,0,1,1,1,2,1,1,2,1,0,0,1,-1,0,2]","[-2,-1,-1,0,1,1,1,1,0,2,1,1,1,1,2,1,0,1,1,1,1,0,1,2,2,1,1,1,1,1,-1,-1,0,0,0,0]","[-1,-1,-1,-1,0,1,1,2,-1,-1,0,0,1,1,2,0,0,0,0,1,2,0,0,0,1,2,0,1,1,1,1,1,1,-1,-1,1]",c,"[[{8, 1}, {2, 7}, {3, 6}, {4, 5}], [{8, 1}, {2, 7}, {4, 6}, {3, 5}], [{8, 1}, {2, 7}, {4, 6}, {5}, {3}], [{8, 1}, {2, 7}, {5, 6}, {3, 4}], [{8, 1}, {3, 7}, {2, 6}, {4, 5}], [{8, 1}, {3, 7}, {2, 6}, {5}, {4}], [{8, 1}, {3, 7}, {4, 6}, {2, 5}], [{8, 1}, {3, 7}, {4, 6}, {5}, {2}], [{8, 1}, {3, 7}, {5, 6}, {2, 4}], [{8, 1}, {3, 7}, {6}, {5}, {2, 4}], [{8, 1}, {4, 7}, {2, 6}, {3, 5}], [{8, 1}, {4, 7}, {3, 6}, {2, 5}], [{8, 1}, {4, 7}, {5, 6}, {2, 3}], [{8, 1}, {4, 7}, {6}, {3, 5}, {2}], [{8, 1}, {5, 7}, {2, 6}, {3, 4}], [{8, 1}, {5, 7}, {3, 6}, {2, 4}], [{8, 1}, {5, 7}, {4, 6}, {2, 3}], [{8, 1}, {5, 7}, {4, 6}, {3}, {2}], [{8, 1}, {6, 7}, {2, 5}, {3, 4}], [{8, 1}, {6, 7}, {3, 5}, {2, 4}], [{8, 1}, {6, 7}, {3, 5}, {4}, {2}], [{8, 1}, {6, 7}, {4, 5}, {2, 3}], [{8, 1}, {7}, {4, 6}, {2, 5}, {3}], [{8, 1}, {7}, {4, 6}, {3, 5}, {2}], [{8, 1}, {7}, {4, 6}, {5}, {2, 3}], [{8, 1}, {7}, {4, 6}, {5}, {3}, {2}], [{8, 2}, {1, 7}, {3, 6}, {4, 5}], [{8, 2}, {1, 7}, {4, 6}, {3, 5}], [{8, 2}, {1, 7}, {4, 6}, {5}, {3}], [{8, 2}, {1, 7}, {5, 6}, {3, 4}], [{8, 2}, {3, 7}, {1, 6}, {4, 5}], [{8, 2}, {3, 7}, {1, 6}, {5}, {4}], [{8, 2}, {3, 7}, {4, 6}, {1, 5}], [{8, 2}, {3, 7}, {4, 6}, {5}, {1}], [{8, 2}, {3, 7}, {5, 6}, {1, 4}], [{8, 2}, {3, 7}, {6}, {5}, {1, 4}], [{8, 2}, {4, 7}, {1, 6}, {3, 5}], [{8, 2}, {4, 7}, {3, 6}, {1, 5}], [{8, 2}, {4, 7}, {5, 6}, {1, 3}], [{8, 2}, {4, 7}, {6}, {3, 5}, {1}], [{8, 2}, {5, 7}, {1, 6}, {3, 4}], [{8, 2}, {5, 7}, {3, 6}, {1, 4}], [{8, 2}, {5, 7}, {4, 6}, {1, 3}], [{8, 2}, {5, 7}, {4, 6}, {3}, {1}], [{8, 2}, {6, 7}, {1, 5}, {3, 4}], [{8, 2}, {6, 7}, {3, 5}, {1, 4}], [{8, 2}, {6, 7}, {3, 5}, {4}, {1}], [{8, 2}, {6, 7}, {4, 5}, {1, 3}], [{8, 2}, {7}, {4, 6}, {1, 5}, {3}], [{8, 2}, {7}, {4, 6}, {3, 5}, {1}], [{8, 2}, {7}, {4, 6}, {5}, {1, 3}], [{8, 2}, {7}, {4, 6}, {5}, {3}, {1}], [{8, 3}, {1, 7}, {2, 6}, {4, 5}], [{8, 3}, {1, 7}, {4, 6}, {2, 5}], [{8, 3}, {1, 7}, {4, 6}, {5}, {2}], [{8, 3}, {1, 7}, {5, 6}, {2, 4}], [{8, 3}, {2, 7}, {1, 6}, {4, 5}], [{8, 3}, {2, 7}, {4, 6}, {1, 5}], [{8, 3}, {2, 7}, {4, 6}, {5}, {1}], [{8, 3}, {2, 7}, {5, 6}, {1, 4}], [{8, 3}, {4, 7}, {1, 6}, {2, 5}], [{8, 3}, {4, 7}, {2, 6}, {1, 5}], [{8, 3}, {4, 7}, {5, 6}, {1, 2}], [{8, 3}, {4, 7}, {5, 6}, {2}, {1}], [{8, 3}, {5, 7}, {1, 6}, {2, 4}], [{8, 3}, {5, 7}, {2, 6}, {1, 4}], [{8, 3}, {5, 7}, {4, 6}, {1, 2}], [{8, 3}, {5, 7}, {4, 6}, {2}, {1}], [{8, 3}, {6, 7}, {1, 5}, {2, 4}], [{8, 3}, {6, 7}, {2, 5}, {1, 4}], [{8, 3}, {6, 7}, {4, 5}, {1, 2}], [{8, 3}, {6, 7}, {4, 5}, {2}, {1}], [{8, 3}, {7}, {1, 6}, {2, 5}, {4}], [{8, 3}, {7}, {2, 6}, {1, 5}, {4}], [{8, 3}, {7}, {4, 6}, {1, 5}, {2}], [{8, 3}, {7}, {4, 6}, {2, 5}, {1}], [{8, 3}, {7}, {4, 6}, {5}, {1, 2}], [{8, 3}, {7}, {4, 6}, {5}, {2}, {1}], [{8, 3}, {7}, {6}, {1, 5}, {2, 4}], [{8, 3}, {7}, {6}, {2, 5}, {1, 4}], [{8, 4}, {1, 7}, {2, 6}, {3, 5}], [{8, 4}, {1, 7}, {2, 6}, {5}, {3}], [{8, 4}, {1, 7}, {3, 6}, {2, 5}], [{8, 4}, {1, 7}, {5, 6}, {2, 3}], [{8, 4}, {2, 7}, {1, 6}, {3, 5}], [{8, 4}, {2, 7}, {1, 6}, {5}, {3}], [{8, 4}, {2, 7}, {3, 6}, {1, 5}], [{8, 4}, {2, 7}, {5, 6}, {1, 3}], [{8, 4}, {3, 7}, {1, 6}, {2, 5}], [{8, 4}, {3, 7}, {2, 6}, {1, 5}], [{8, 4}, {3, 7}, {5, 6}, {1, 2}], [{8, 4}, {3, 7}, {5, 6}, {2}, {1}], [{8, 4}, {5, 7}, {1, 6}, {2, 3}], [{8, 4}, {5, 7}, {1, 6}, {3}, {2}], [{8, 4}, {5, 7}, {2, 6}, {1, 3}], [{8, 4}, {5, 7}, {2, 6}, {3}, {1}], [{8, 4}, {5, 7}, {3, 6}, {1, 2}], [{8, 4}, {5, 7}, {3, 6}, {2}, {1}], [{8, 4}, {5, 7}, {6}, {1, 3}, {2}], [{8, 4}, {5, 7}, {6}, {2, 3}, {1}], [{8, 4}, {5, 7}, {6}, {3}, {1, 2}], [{8, 4}, {5, 7}, {6}, {3}, {2}, {1}], [{8, 4}, {6, 7}, {1, 5}, {2, 3}], [{8, 4}, {6, 7}, {2, 5}, {1, 3}], [{8, 4}, {6, 7}, {3, 5}, {1, 2}], [{8, 4}, {6, 7}, {3, 5}, {2}, {1}], [{8, 4}, {7}, {1, 6}, {2, 5}, {3}], [{8, 4}, {7}, {2, 6}, {1, 5}, {3}], [{8, 5}, {1, 7}, {2, 6}, {3, 4}], [{8, 5}, {1, 7}, {3, 6}, {2, 4}], [{8, 5}, {1, 7}, {4, 6}, {2, 3}], [{8, 5}, {1, 7}, {4, 6}, {3}, {2}], [{8, 5}, {2, 7}, {1, 6}, {3, 4}], [{8, 5}, {2, 7}, {3, 6}, {1, 4}], [{8, 5}, {2, 7}, {4, 6}, {1, 3}], [{8, 5}, {2, 7}, {4, 6}, {3}, {1}], [{8, 5}, {3, 7}, {1, 6}, {2, 4}], [{8, 5}, {3, 7}, {1, 6}, {4}, {2}], [{8, 5}, {3, 7}, {2, 6}, {1, 4}], [{8, 5}, {3, 7}, {2, 6}, {4}, {1}], [{8, 5}, {3, 7}, {4, 6}, {1, 2}], [{8, 5}, {3, 7}, {4, 6}, {2}, {1}], [{8, 5}, {3, 7}, {6}, {1, 4}, {2}], [{8, 5}, {3, 7}, {6}, {2, 4}, {1}], [{8, 5}, {3, 7}, {6}, {4}, {1, 2}], [{8, 5}, {3, 7}, {6}, {4}, {2}, {1}], [{8, 5}, {4, 7}, {1, 6}, {2, 3}], [{8, 5}, {4, 7}, {2, 6}, {1, 3}], [{8, 5}, {4, 7}, {3, 6}, {1, 2}], [{8, 5}, {4, 7}, {3, 6}, {2}, {1}], [{8, 5}, {6, 7}, {1, 4}, {2, 3}], [{8, 5}, {6, 7}, {2, 4}, {1, 3}], [{8, 5}, {6, 7}, {3, 4}, {1, 2}], [{8, 5}, {6, 7}, {3, 4}, {2}, {1}], [{8, 5}, {7}, {4, 6}, {1, 3}, {2}], [{8, 5}, {7}, {4, 6}, {2, 3}, {1}], [{8, 5}, {7}, {4, 6}, {3}, {1, 2}], [{8, 5}, {7}, {4, 6}, {3}, {2}, {1}], [{8, 6}, {1, 7}, {2, 5}, {3, 4}], [{8, 6}, {1, 7}, {3, 5}, {2, 4}], [{8, 6}, {1, 7}, {4, 5}, {2, 3}], [{8, 6}, {1, 7}, {5}, {2, 4}, {3}], [{8, 6}, {2, 7}, {1, 5}, {3, 4}], [{8, 6}, {2, 7}, {3, 5}, {1, 4}], [{8, 6}, {2, 7}, {4, 5}, {1, 3}], [{8, 6}, {2, 7}, {5}, {1, 4}, {3}], [{8, 6}, {3, 7}, {1, 5}, {2, 4}], [{8, 6}, {3, 7}, {2, 5}, {1, 4}], [{8, 6}, {3, 7}, {4, 5}, {1, 2}], [{8, 6}, {3, 7}, {4, 5}, {2}, {1}], [{8, 6}, {4, 7}, {1, 5}, {2, 3}], [{8, 6}, {4, 7}, {2, 5}, {1, 3}], [{8, 6}, {4, 7}, {3, 5}, {1, 2}], [{8, 6}, {4, 7}, {3, 5}, {2}, {1}], [{8, 6}, {5, 7}, {1, 4}, {2, 3}], [{8, 6}, {5, 7}, {1, 4}, {3}, {2}], [{8, 6}, {5, 7}, {2, 4}, {1, 3}], [{8, 6}, {5, 7}, {2, 4}, {3}, {1}], [{8, 6}, {5, 7}, {3, 4}, {1, 2}], [{8, 6}, {5, 7}, {3, 4}, {2}, {1}], [{8, 6}, {5, 7}, {4}, {1, 3}, {2}], [{8, 6}, {5, 7}, {4}, {2, 3}, {1}], [{8, 6}, {5, 7}, {4}, {3}, {1, 2}], [{8, 6}, {5, 7}, {4}, {3}, {2}, {1}], [{8, 6}, {7}, {1, 5}, {2, 4}, {3}], [{8, 6}, {7}, {2, 5}, {1, 4}, {3}], [{8, 7}, {1, 6}, {2, 5}, {3, 4}], [{8, 7}, {1, 6}, {2, 5}, {4}, {3}], [{8, 7}, {1, 6}, {3, 5}, {2, 4}], [{8, 7}, {1, 6}, {4, 5}, {2, 3}], [{8, 7}, {2, 6}, {1, 5}, {3, 4}], [{8, 7}, {2, 6}, {1, 5}, {4}, {3}], [{8, 7}, {2, 6}, {3, 5}, {1, 4}], [{8, 7}, {2, 6}, {4, 5}, {1, 3}], [{8, 7}, {3, 6}, {1, 5}, {2, 4}], [{8, 7}, {3, 6}, {2, 5}, {1, 4}], [{8, 7}, {3, 6}, {4, 5}, {1, 2}], [{8, 7}, {3, 6}, {4, 5}, {2}, {1}], [{8, 7}, {4, 6}, {1, 5}, {2, 3}], [{8, 7}, {4, 6}, {1, 5}, {3}, {2}], [{8, 7}, {4, 6}, {2, 5}, {1, 3}], [{8, 7}, {4, 6}, {2, 5}, {3}, {1}], [{8, 7}, {4, 6}, {3, 5}, {1, 2}], [{8, 7}, {4, 6}, {3, 5}, {2}, {1}], [{8, 7}, {4, 6}, {5}, {1, 3}, {2}], [{8, 7}, {4, 6}, {5}, {2, 3}, {1}], [{8, 7}, {4, 6}, {5}, {3}, {1, 2}], [{8, 7}, {4, 6}, {5}, {3}, {2}, {1}], [{8, 7}, {5, 6}, {1, 4}, {2, 3}], [{8, 7}, {5, 6}, {2, 4}, {1, 3}], [{8, 7}, {5, 6}, {3, 4}, {1, 2}], [{8, 7}, {5, 6}, {3, 4}, {2}, {1}], [{8, 7}, {6}, {1, 5}, {2, 4}, {3}], [{8, 7}, {6}, {2, 5}, {1, 4}, {3}], [{8}, {1, 7}, {4, 6}, {2, 5}, {3}], [{8}, {1, 7}, {4, 6}, {3, 5}, {2}], [{8}, {1, 7}, {4, 6}, {5}, {2, 3}], [{8}, {1, 7}, {4, 6}, {5}, {3}, {2}], [{8}, {2, 7}, {4, 6}, {1, 5}, {3}], [{8}, {2, 7}, {4, 6}, {3, 5}, {1}], [{8}, {2, 7}, {4, 6}, {5}, {1, 3}], [{8}, {2, 7}, {4, 6}, {5}, {3}, {1}], [{8}, {3, 7}, {1, 6}, {2, 5}, {4}], [{8}, {3, 7}, {2, 6}, {1, 5}, {4}], [{8}, {3, 7}, {4, 6}, {1, 5}, {2}], [{8}, {3, 7}, {4, 6}, {2, 5}, {1}], [{8}, {3, 7}, {4, 6}, {5}, {1, 2}], [{8}, {3, 7}, {4, 6}, {5}, {2}, {1}], [{8}, {3, 7}, {6}, {1, 5}, {2, 4}], [{8}, {3, 7}, {6}, {2, 5}, {1, 4}], [{8}, {4, 7}, {1, 6}, {2, 5}, {3}], [{8}, {4, 7}, {1, 6}, {3, 5}, {2}], [{8}, {4, 7}, {1, 6}, {5}, {2, 3}], [{8}, {4, 7}, {2, 6}, {1, 5}, {3}], [{8}, {4, 7}, {2, 6}, {3, 5}, {1}], [{8}, {4, 7}, {2, 6}, {5}, {1, 3}], [{8}, {4, 7}, {6}, {3, 5}, {1, 2}], [{8}, {4, 7}, {6}, {3, 5}, {2}, {1}], [{8}, {5, 7}, {4, 6}, {1, 3}, {2}], [{8}, {5, 7}, {4, 6}, {2, 3}, {1}], [{8}, {5, 7}, {4, 6}, {3}, {1, 2}], [{8}, {5, 7}, {4, 6}, {3}, {2}, {1}], [{8}, {6, 7}, {1, 5}, {2, 4}, {3}], [{8}, {6, 7}, {2, 5}, {1, 4}, {3}], [{8}, {6, 7}, {3, 5}, {1, 4}, {2}], [{8}, {6, 7}, {3, 5}, {2, 4}, {1}], [{8}, {6, 7}, {3, 5}, {4}, {1, 2}], [{8}, {6, 7}, {3, 5}, {4}, {2}, {1}], [{8}, {6, 7}, {5}, {1, 4}, {2, 3}], [{8}, {6, 7}, {5}, {2, 4}, {1, 3}], [{8}, {7}, {1, 6}, {2, 5}, {3, 4}], [{8}, {7}, {1, 6}, {2, 5}, {4}, {3}], [{8}, {7}, {2, 6}, {1, 5}, {3, 4}], [{8}, {7}, {2, 6}, {1, 5}, {4}, {3}], [{8}, {7}, {3, 6}, {1, 5}, {2, 4}], [{8}, {7}, {3, 6}, {2, 5}, {1, 4}], [{8}, {7}, {4, 6}, {1, 5}, {2, 3}], [{8}, {7}, {4, 6}, {1, 5}, {3}, {2}], [{8}, {7}, {4, 6}, {2, 5}, {1, 3}], [{8}, {7}, {4, 6}, {2, 5}, {3}, {1}], [{8}, {7}, {4, 6}, {3, 5}, {1, 2}], [{8}, {7}, {4, 6}, {3, 5}, {2}, {1}], [{8}, {7}, {4, 6}, {5}, {1, 3}, {2}], [{8}, {7}, {4, 6}, {5}, {2, 3}, {1}], [{8}, {7}, {4, 6}, {5}, {3}, {1, 2}], [{8}, {7}, {4, 6}, {5}, {3}, {2}, {1}], [{8}, {7}, {6}, {1, 5}, {2, 4}, {3}], [{8}, {7}, {6}, {2, 5}, {1, 4}, {3}]]",2,8 K_1^2 K_2 - 10 K_1^2 - 8 K_1 K_2 - 8 K_1 K_3 + 4 K_1 + 5 K_2 + 4 K_3 + 2 K_4 + 4,O1O2O3O4U5U2U6O7U3O5O8U4U8O6U1U7,O1O2O3U4U5U2U6O7O6U1O8O4U8U3O5U7,O1O2O3U4O5U1U6O7O6U3O8O4U8U2U5U7,c,{'O1O2O3O4U5U4O6U7U1O7O8U2O5U6U3U8'},1,"<a href=""/flatknot/8.850880"">8.850880</a>",t^9-25t^7-46t^6+31t^5+104t^4+33t^3-34t^2-16t,-t^2+2t,,
8.850881,O1O2O3O4U5U4O6U7U1O7O8U2O5U6U8U3,4,2z^3+24z^2+103z+127,2w^4z^3+24w^3z^2+103w^2z+127w,False,False,"[[ 0 -1 -1  2  1 -1  0 -1  1],[ 1  0  0  1  0  0  0  1  1],[ 1  0  0  2  0  0  0  1  1],[-2 -1 -2  0  1 -1 -2 -2  0],[-1  0  0 -1  0 -1 -1 -1 -1],[ 1  0  0  1  1  0  0  0  0],[ 0  0  0  2  1  0  0  0  1],[ 1 -1 -1  2  1  0  0  0  1],[-1 -1 -1  0  1  0 -1 -1  0]]","[[ 0  2  1  1  0 -1 -1 -1 -1],[-2  0  1  0 -2 -1 -1 -2 -2],[-1 -1  0 -1 -1  0 -1  0 -1],[-1  0  1  0 -1 -1  0 -1 -1],[ 0  2  1  1  0  0  0  0  0],[ 1  1  0  1  0  0  0  0  1],[ 1  1  1  0  0  0  0  0  0],[ 1  2  0  1  0  0  0  0  1],[ 1  2  1  1  0 -1  0 -1  0]]",True,"[-2,-1,-1,0,1,1,1,1,-1,0,2,1,1,2,2,1,1,0,1,0,1,1,1,0,1,1,0,0,0,0,0,0,-1,0,0,-1]","[-2,-1,-1,0,1,1,1,1,-1,0,2,1,1,2,2,1,1,0,1,0,1,1,1,0,1,1,0,0,0,0,0,0,-1,0,0,-1]",t^8+25t^6+47t^4+15t^2+1,"[-1,-1,-1,-1,0,1,1,2,-1,0,0,1,1,2,1,0,1,1,1,1,1,0,1,2,1,2,1,1,2,2,0,0,0,-1,1,2]","[-2,-1,-1,0,1,1,1,1,1,2,0,1,1,2,2,1,0,1,1,1,2,0,1,2,2,1,1,1,1,1,-1,-1,0,0,0,0]","[-1,-1,-1,-1,0,1,1,2,-1,-1,0,0,1,1,2,0,0,0,0,1,1,0,0,0,1,2,0,1,0,1,1,1,2,-1,-1,0]",c,"[[{8, 1}, {2, 7}, {3, 6}, {4, 5}], [{8, 1}, {2, 7}, {4, 6}, {3, 5}], [{8, 1}, {2, 7}, {5, 6}, {3, 4}], [{8, 1}, {2, 7}, {6}, {3, 5}, {4}], [{8, 1}, {3, 7}, {2, 6}, {4, 5}], [{8, 1}, {3, 7}, {2, 6}, {5}, {4}], [{8, 1}, {3, 7}, {4, 6}, {2, 5}], [{8, 1}, {3, 7}, {5, 6}, {2, 4}], [{8, 1}, {3, 7}, {5, 6}, {4}, {2}], [{8, 1}, {3, 7}, {6}, {2, 5}, {4}], [{8, 1}, {4, 7}, {2, 6}, {3, 5}], [{8, 1}, {4, 7}, {2, 6}, {5}, {3}], [{8, 1}, {4, 7}, {3, 6}, {2, 5}], [{8, 1}, {4, 7}, {5, 6}, {2, 3}], [{8, 1}, {5, 7}, {2, 6}, {3, 4}], [{8, 1}, {5, 7}, {2, 6}, {4}, {3}], [{8, 1}, {5, 7}, {3, 6}, {2, 4}], [{8, 1}, {5, 7}, {4, 6}, {2, 3}], [{8, 1}, {6, 7}, {2, 5}, {3, 4}], [{8, 1}, {6, 7}, {3, 5}, {2, 4}], [{8, 1}, {6, 7}, {3, 5}, {4}, {2}], [{8, 1}, {6, 7}, {4, 5}, {2, 3}], [{8, 1}, {7}, {2, 6}, {3, 5}, {4}], [{8, 1}, {7}, {2, 6}, {4, 5}, {3}], [{8, 1}, {7}, {2, 6}, {5}, {3, 4}], [{8, 1}, {7}, {3, 6}, {5}, {2, 4}], [{8, 1}, {7}, {4, 6}, {5}, {2, 3}], [{8, 2}, {1, 7}, {3, 6}, {4, 5}], [{8, 2}, {1, 7}, {4, 6}, {3, 5}], [{8, 2}, {1, 7}, {5, 6}, {3, 4}], [{8, 2}, {1, 7}, {6}, {4, 5}, {3}], [{8, 2}, {3, 7}, {1, 6}, {4, 5}], [{8, 2}, {3, 7}, {4, 6}, {1, 5}], [{8, 2}, {3, 7}, {5, 6}, {1, 4}], [{8, 2}, {3, 7}, {6}, {4, 5}, {1}], [{8, 2}, {4, 7}, {1, 6}, {3, 5}], [{8, 2}, {4, 7}, {3, 6}, {1, 5}], [{8, 2}, {4, 7}, {5, 6}, {1, 3}], [{8, 2}, {4, 7}, {6}, {1, 5}, {3}], [{8, 2}, {4, 7}, {6}, {3, 5}, {1}], [{8, 2}, {4, 7}, {6}, {5}, {1, 3}], [{8, 2}, {5, 7}, {1, 6}, {3, 4}], [{8, 2}, {5, 7}, {3, 6}, {1, 4}], [{8, 2}, {5, 7}, {4, 6}, {1, 3}], [{8, 2}, {5, 7}, {6}, {4}, {1, 3}], [{8, 2}, {6, 7}, {1, 5}, {3, 4}], [{8, 2}, {6, 7}, {3, 5}, {1, 4}], [{8, 2}, {6, 7}, {4, 5}, {1, 3}], [{8, 2}, {6, 7}, {5}, {4}, {1, 3}], [{8, 2}, {7}, {4, 6}, {5}, {1, 3}], [{8, 2}, {7}, {5, 6}, {4}, {1, 3}], [{8, 2}, {7}, {6}, {4, 5}, {1, 3}], [{8, 2}, {7}, {6}, {5}, {4}, {1, 3}], [{8, 3}, {1, 7}, {2, 6}, {4, 5}], [{8, 3}, {1, 7}, {4, 6}, {2, 5}], [{8, 3}, {1, 7}, {4, 6}, {5}, {2}], [{8, 3}, {1, 7}, {5, 6}, {2, 4}], [{8, 3}, {2, 7}, {1, 6}, {4, 5}], [{8, 3}, {2, 7}, {4, 6}, {1, 5}], [{8, 3}, {2, 7}, {5, 6}, {1, 4}], [{8, 3}, {4, 7}, {1, 6}, {2, 5}], [{8, 3}, {4, 7}, {2, 6}, {1, 5}], [{8, 3}, {4, 7}, {5, 6}, {1, 2}], [{8, 3}, {4, 7}, {6}, {2, 5}, {1}], [{8, 3}, {5, 7}, {1, 6}, {2, 4}], [{8, 3}, {5, 7}, {2, 6}, {1, 4}], [{8, 3}, {5, 7}, {4, 6}, {1, 2}], [{8, 3}, {6, 7}, {1, 5}, {2, 4}], [{8, 3}, {6, 7}, {2, 5}, {1, 4}], [{8, 3}, {6, 7}, {4, 5}, {1, 2}], [{8, 4}, {1, 7}, {2, 6}, {3, 5}], [{8, 4}, {1, 7}, {2, 6}, {5}, {3}], [{8, 4}, {1, 7}, {3, 6}, {2, 5}], [{8, 4}, {1, 7}, {5, 6}, {2, 3}], [{8, 4}, {2, 7}, {1, 6}, {3, 5}], [{8, 4}, {2, 7}, {3, 6}, {1, 5}], [{8, 4}, {2, 7}, {5, 6}, {1, 3}], [{8, 4}, {2, 7}, {6}, {5}, {1, 3}], [{8, 4}, {3, 7}, {1, 6}, {2, 5}], [{8, 4}, {3, 7}, {2, 6}, {1, 5}], [{8, 4}, {3, 7}, {5, 6}, {1, 2}], [{8, 4}, {3, 7}, {6}, {2, 5}, {1}], [{8, 4}, {5, 7}, {1, 6}, {2, 3}], [{8, 4}, {5, 7}, {2, 6}, {1, 3}], [{8, 4}, {5, 7}, {3, 6}, {1, 2}], [{8, 4}, {5, 7}, {6}, {2, 3}, {1}], [{8, 4}, {6, 7}, {1, 5}, {2, 3}], [{8, 4}, {6, 7}, {2, 5}, {1, 3}], [{8, 4}, {6, 7}, {3, 5}, {1, 2}], [{8, 5}, {1, 7}, {2, 6}, {3, 4}], [{8, 5}, {1, 7}, {3, 6}, {2, 4}], [{8, 5}, {1, 7}, {4, 6}, {2, 3}], [{8, 5}, {1, 7}, {4, 6}, {3}, {2}], [{8, 5}, {2, 7}, {1, 6}, {3, 4}], [{8, 5}, {2, 7}, {3, 6}, {1, 4}], [{8, 5}, {2, 7}, {3, 6}, {4}, {1}], [{8, 5}, {2, 7}, {4, 6}, {1, 3}], [{8, 5}, {2, 7}, {4, 6}, {3}, {1}], [{8, 5}, {2, 7}, {6}, {3, 4}, {1}], [{8, 5}, {3, 7}, {1, 6}, {2, 4}], [{8, 5}, {3, 7}, {2, 6}, {1, 4}], [{8, 5}, {3, 7}, {4, 6}, {1, 2}], [{8, 5}, {3, 7}, {4, 6}, {2}, {1}], [{8, 5}, {4, 7}, {1, 6}, {2, 3}], [{8, 5}, {4, 7}, {2, 6}, {1, 3}], [{8, 5}, {4, 7}, {3, 6}, {1, 2}], [{8, 5}, {6, 7}, {1, 4}, {2, 3}], [{8, 5}, {6, 7}, {2, 4}, {1, 3}], [{8, 5}, {6, 7}, {3, 4}, {1, 2}], [{8, 5}, {7}, {4, 6}, {1, 3}, {2}], [{8, 5}, {7}, {4, 6}, {2, 3}, {1}], [{8, 5}, {7}, {4, 6}, {3}, {1, 2}], [{8, 5}, {7}, {4, 6}, {3}, {2}, {1}], [{8, 6}, {1, 7}, {2, 5}, {3, 4}], [{8, 6}, {1, 7}, {3, 5}, {2, 4}], [{8, 6}, {1, 7}, {4, 5}, {2, 3}], [{8, 6}, {1, 7}, {5}, {4}, {2, 3}], [{8, 6}, {2, 7}, {1, 5}, {3, 4}], [{8, 6}, {2, 7}, {3, 5}, {1, 4}], [{8, 6}, {2, 7}, {4, 5}, {1, 3}], [{8, 6}, {3, 7}, {1, 5}, {2, 4}], [{8, 6}, {3, 7}, {2, 5}, {1, 4}], [{8, 6}, {3, 7}, {4, 5}, {1, 2}], [{8, 6}, {4, 7}, {1, 5}, {2, 3}], [{8, 6}, {4, 7}, {2, 5}, {1, 3}], [{8, 6}, {4, 7}, {3, 5}, {1, 2}], [{8, 6}, {4, 7}, {5}, {3}, {1, 2}], [{8, 6}, {5, 7}, {1, 4}, {2, 3}], [{8, 6}, {5, 7}, {2, 4}, {1, 3}], [{8, 6}, {5, 7}, {3, 4}, {1, 2}], [{8, 6}, {7}, {3, 5}, {1, 4}, {2}], [{8, 6}, {7}, {3, 5}, {2, 4}, {1}], [{8, 6}, {7}, {3, 5}, {4}, {1, 2}], [{8, 7}, {1, 6}, {2, 5}, {3, 4}], [{8, 7}, {1, 6}, {3, 5}, {2, 4}], [{8, 7}, {1, 6}, {3, 5}, {4}, {2}], [{8, 7}, {1, 6}, {4, 5}, {2, 3}], [{8, 7}, {2, 6}, {1, 5}, {3, 4}], [{8, 7}, {2, 6}, {3, 5}, {1, 4}], [{8, 7}, {2, 6}, {4, 5}, {1, 3}], [{8, 7}, {3, 6}, {1, 5}, {2, 4}], [{8, 7}, {3, 6}, {2, 5}, {1, 4}], [{8, 7}, {3, 6}, {4, 5}, {1, 2}], [{8, 7}, {4, 6}, {1, 5}, {2, 3}], [{8, 7}, {4, 6}, {2, 5}, {1, 3}], [{8, 7}, {4, 6}, {3, 5}, {1, 2}], [{8, 7}, {5, 6}, {1, 4}, {2, 3}], [{8, 7}, {5, 6}, {2, 4}, {1, 3}], [{8, 7}, {5, 6}, {3, 4}, {1, 2}], [{8, 7}, {6}, {1, 5}, {2, 4}, {3}], [{8, 7}, {6}, {3, 5}, {2, 4}, {1}], [{8, 7}, {6}, {5}, {2, 4}, {1, 3}], [{8}, {1, 7}, {4, 6}, {3, 5}, {2}], [{8}, {2, 7}, {5, 6}, {1, 4}, {3}], [{8}, {3, 7}, {5, 6}, {2, 4}, {1}], [{8}, {3, 7}, {6}, {2, 5}, {1, 4}], [{8}, {4, 7}, {1, 6}, {5}, {2, 3}], [{8}, {4, 7}, {3, 6}, {1, 5}, {2}], [{8}, {6, 7}, {3, 5}, {2, 4}, {1}], [{8}, {6, 7}, {4, 5}, {1, 3}, {2}], [{8}, {6, 7}, {5}, {1, 4}, {2, 3}], [{8}, {7}, {4, 6}, {1, 5}, {2, 3}], [{8}, {7}, {4, 6}, {2, 5}, {1, 3}]]",2,16 K_1^3 - 30 K_1^2 - 24 K_1 K_2 + 15 K_2 + 8 K_3 + 16,O1O2O3O4U2U5U6O7U3O5O8U4U8O6U1U7,O1O2O3U4U5U3U6O7O6U1O8O4U8U2O5U7,O1O2O3U4O5U2U6O7O6U3O8O4U8U1U5U7,c,{'O1O2O3O4U5U4O6U7U1O7O8U2O5U6U8U3'},1,"<a href=""/flatknot/8.850881"">8.850881</a>",t^9-23t^7-28t^6+68t^5+80t^4-62t^3-48t^2+12t+6,-t^2+2t,,
8.850882,O1O2O3O4U5U4O6U7U1O7O8U2O5U8U3U6,4,2z^3+22z^2+93z+115,2w^4z^3+22w^3z^2+93w^2z+115w,False,False,"[[ 0 -1 -1  1  1 -1  2 -1  0],[ 1  0  0  0  0  0  1  1  0],[ 1  0  0  1  0  0  2  1  0],[-1  0 -1  0  1 -1  0 -1 -1],[-1  0  0 -1  0 -1 -1 -1 -1],[ 1  0  0  1  1  0  1  0  0],[-2 -1 -2  0  1 -1  0 -2  0],[ 1 -1 -1  1  1  0  2  0  0],[ 0  0  0  1  1  0  0  0  0]]","[[ 0  2  1  1  0 -1 -1 -1 -1],[-2  0  1  0  0 -1 -1 -2 -2],[-1 -1  0 -1 -1  0 -1  0 -1],[-1  0  1  0 -1  0 -1 -1 -1],[ 0  0  1  1  0  0  0  0  0],[ 1  1  0  0  0  0  0  0  1],[ 1  1  1  1  0  0  0  0  0],[ 1  2  0  1  0  0  0  0  1],[ 1  2  1  1  0 -1  0 -1  0]]",True,"[-2,-1,-1,0,1,1,1,1,-1,0,0,1,1,2,2,1,1,0,1,0,1,1,0,1,1,1,0,0,0,0,0,0,-1,0,0,-1]","[-2,-1,-1,0,1,1,1,1,-1,0,0,1,1,2,2,1,1,0,1,0,1,1,0,1,1,1,0,0,0,0,0,0,-1,0,0,-1]",t^8+21t^6+51t^4+16t^2+1,"[-1,-1,-1,-1,0,1,1,2,-1,0,0,1,1,2,1,0,1,1,1,1,1,0,1,1,1,2,1,2,2,2,0,0,2,-1,1,2]","[-2,-1,-1,0,1,1,1,1,1,2,2,1,1,2,2,1,0,1,1,1,2,0,1,2,1,2,1,1,1,1,-1,0,-1,0,0,0]","[-1,-1,-1,-1,0,1,1,2,-1,-1,0,0,1,1,2,0,0,0,0,0,1,0,0,0,1,2,0,1,1,1,1,1,0,-1,-1,0]",c,"[[{8, 4}, {2, 7}, {1, 6}, {3, 5}]]",1,16 K_1^3 - 26 K_1^2 - 20 K_1 K_2 - 2 K_1 + 13 K_2 + 6 K_3 + 14,O1O2O3O4U5U2U6O7U3O6O8U4U8O5U1U7,O1O2O3U4U5U2U6O7O6U3O8O4U8U1O5U7,O1O2O3U4O5U3U6O7O6U1O8O4U8U2U5U7,c,{'O1O2O3O4U5U4O6U7U1O7O8U2O5U8U3U6'},1,"<a href=""/flatknot/8.850882"">8.850882</a>",t^9-19t^7-24t^6+50t^5+86t^4+7t^3-20t^2+2t,-t^2+2t,,
8.850883,O1O2O3O4U5U4O6U7U1O7O8U2O5U8U6U3,4,17z^2+100z+133,17w^3z^2+100w^2z+133w,False,False,"[[ 0 -1 -1  2  1 -1  1 -1  0],[ 1  0  0  1  0  0  0  1  0],[ 1  0  0  2  0  0  1  1  0],[-2 -1 -2  0  1 -1 -1 -2 -1],[-1  0  0 -1  0 -1 -1 -1 -1],[ 1  0  0  1  1  0  0  0  0],[-1  0 -1  1  1  0  0 -1  0],[ 1 -1 -1  2  1  0  1  0  0],[ 0  0  0  1  1  0  0  0  0]]","[[ 0  2  1  1  0 -1 -1 -1 -1],[-2  0  1 -1 -1 -1 -1 -2 -2],[-1 -1  0 -1 -1  0 -1  0 -1],[-1  1  1  0  0  0  0 -1 -1],[ 0  1  1  0  0  0  0  0  0],[ 1  1  0  0  0  0  0  0  1],[ 1  1  1  0  0  0  0  0  0],[ 1  2  0  1  0  0  0  0  1],[ 1  2  1  1  0 -1  0 -1  0]]",True,"[-2,-1,-1,0,1,1,1,1,-1,1,1,1,1,2,2,1,1,0,1,0,1,0,0,0,1,1,0,0,0,0,0,0,-1,0,0,-1]","[-2,-1,-1,0,1,1,1,1,-1,1,1,1,1,2,2,1,1,0,1,0,1,0,0,0,1,1,0,0,0,0,0,0,-1,0,0,-1]",t^8+21t^6+40t^4+13t^2,"[-1,-1,-1,-1,0,1,1,2,-1,0,0,1,1,2,1,0,1,1,1,1,1,0,1,2,1,2,1,2,2,2,1,0,1,-1,0,2]","[-2,-1,-1,0,1,1,1,1,0,2,1,1,1,2,2,1,1,1,1,2,2,0,1,2,1,2,1,1,1,1,-1,0,-1,0,0,0]","[-1,-1,-1,-1,0,1,1,2,-1,-1,0,0,1,1,2,0,0,0,0,0,1,0,0,0,1,2,0,1,0,1,1,0,1,-1,-1,1]",c,"[[{8, 1}, {2, 7}, {3, 6}, {4, 5}], [{8, 1}, {2, 7}, {4, 6}, {3, 5}], [{8, 1}, {2, 7}, {5, 6}, {3, 4}], [{8, 1}, {3, 7}, {2, 6}, {4, 5}], [{8, 1}, {3, 7}, {4, 6}, {2, 5}], [{8, 1}, {3, 7}, {4, 6}, {5}, {2}], [{8, 1}, {3, 7}, {5, 6}, {2, 4}], [{8, 1}, {4, 7}, {2, 6}, {3, 5}], [{8, 1}, {4, 7}, {3, 6}, {2, 5}], [{8, 1}, {4, 7}, {5, 6}, {2, 3}], [{8, 1}, {4, 7}, {6}, {5}, {2, 3}], [{8, 1}, {5, 7}, {2, 6}, {3, 4}], [{8, 1}, {5, 7}, {2, 6}, {4}, {3}], [{8, 1}, {5, 7}, {3, 6}, {2, 4}], [{8, 1}, {5, 7}, {4, 6}, {2, 3}], [{8, 1}, {5, 7}, {4, 6}, {3}, {2}], [{8, 1}, {5, 7}, {6}, {2, 4}, {3}], [{8, 1}, {6, 7}, {2, 5}, {3, 4}], [{8, 1}, {6, 7}, {2, 5}, {4}, {3}], [{8, 1}, {6, 7}, {3, 5}, {2, 4}], [{8, 1}, {6, 7}, {4, 5}, {2, 3}], [{8, 1}, {7}, {4, 6}, {3, 5}, {2}], [{8, 2}, {1, 7}, {3, 6}, {4, 5}], [{8, 2}, {1, 7}, {4, 6}, {3, 5}], [{8, 2}, {1, 7}, {5, 6}, {3, 4}], [{8, 2}, {3, 7}, {1, 6}, {4, 5}], [{8, 2}, {3, 7}, {4, 6}, {1, 5}], [{8, 2}, {3, 7}, {5, 6}, {1, 4}], [{8, 2}, {4, 7}, {1, 6}, {3, 5}], [{8, 2}, {4, 7}, {3, 6}, {1, 5}], [{8, 2}, {4, 7}, {3, 6}, {5}, {1}], [{8, 2}, {4, 7}, {5, 6}, {1, 3}], [{8, 2}, {5, 7}, {1, 6}, {3, 4}], [{8, 2}, {5, 7}, {1, 6}, {4}, {3}], [{8, 2}, {5, 7}, {3, 6}, {1, 4}], [{8, 2}, {5, 7}, {4, 6}, {1, 3}], [{8, 2}, {5, 7}, {6}, {3, 4}, {1}], [{8, 2}, {6, 7}, {1, 5}, {3, 4}], [{8, 2}, {6, 7}, {3, 5}, {1, 4}], [{8, 2}, {6, 7}, {4, 5}, {1, 3}], [{8, 2}, {7}, {4, 6}, {3, 5}, {1}], [{8, 3}, {1, 7}, {2, 6}, {4, 5}], [{8, 3}, {1, 7}, {4, 6}, {2, 5}], [{8, 3}, {1, 7}, {5, 6}, {2, 4}], [{8, 3}, {2, 7}, {1, 6}, {4, 5}], [{8, 3}, {2, 7}, {4, 6}, {1, 5}], [{8, 3}, {2, 7}, {5, 6}, {1, 4}], [{8, 3}, {4, 7}, {1, 6}, {2, 5}], [{8, 3}, {4, 7}, {2, 6}, {1, 5}], [{8, 3}, {4, 7}, {2, 6}, {5}, {1}], [{8, 3}, {4, 7}, {5, 6}, {1, 2}], [{8, 3}, {5, 7}, {1, 6}, {2, 4}], [{8, 3}, {5, 7}, {1, 6}, {4}, {2}], [{8, 3}, {5, 7}, {2, 6}, {1, 4}], [{8, 3}, {5, 7}, {4, 6}, {1, 2}], [{8, 3}, {6, 7}, {1, 5}, {2, 4}], [{8, 3}, {6, 7}, {2, 5}, {1, 4}], [{8, 3}, {6, 7}, {2, 5}, {4}, {1}], [{8, 3}, {6, 7}, {4, 5}, {1, 2}], [{8, 3}, {7}, {2, 6}, {1, 5}, {4}], [{8, 3}, {7}, {4, 6}, {5}, {1, 2}], [{8, 3}, {7}, {6}, {2, 5}, {1, 4}], [{8, 4}, {1, 7}, {2, 6}, {3, 5}], [{8, 4}, {1, 7}, {3, 6}, {2, 5}], [{8, 4}, {1, 7}, {5, 6}, {2, 3}], [{8, 4}, {2, 7}, {1, 6}, {3, 5}], [{8, 4}, {2, 7}, {3, 6}, {1, 5}], [{8, 4}, {2, 7}, {5, 6}, {1, 3}], [{8, 4}, {3, 7}, {1, 6}, {2, 5}], [{8, 4}, {3, 7}, {2, 6}, {1, 5}], [{8, 4}, {3, 7}, {5, 6}, {1, 2}], [{8, 4}, {5, 7}, {1, 6}, {2, 3}], [{8, 4}, {5, 7}, {2, 6}, {1, 3}], [{8, 4}, {5, 7}, {3, 6}, {1, 2}], [{8, 4}, {6, 7}, {1, 5}, {2, 3}], [{8, 4}, {6, 7}, {2, 5}, {1, 3}], [{8, 4}, {6, 7}, {2, 5}, {3}, {1}], [{8, 4}, {6, 7}, {3, 5}, {1, 2}], [{8, 4}, {7}, {1, 6}, {5}, {2, 3}], [{8, 4}, {7}, {2, 6}, {1, 5}, {3}], [{8, 4}, {7}, {2, 6}, {3, 5}, {1}], [{8, 4}, {7}, {2, 6}, {5}, {1, 3}], [{8, 5}, {1, 7}, {2, 6}, {3, 4}], [{8, 5}, {1, 7}, {3, 6}, {2, 4}], [{8, 5}, {1, 7}, {4, 6}, {2, 3}], [{8, 5}, {2, 7}, {1, 6}, {3, 4}], [{8, 5}, {2, 7}, {3, 6}, {1, 4}], [{8, 5}, {2, 7}, {4, 6}, {1, 3}], [{8, 5}, {2, 7}, {6}, {3, 4}, {1}], [{8, 5}, {3, 7}, {1, 6}, {2, 4}], [{8, 5}, {3, 7}, {2, 6}, {1, 4}], [{8, 5}, {3, 7}, {4, 6}, {1, 2}], [{8, 5}, {4, 7}, {1, 6}, {2, 3}], [{8, 5}, {4, 7}, {2, 6}, {1, 3}], [{8, 5}, {4, 7}, {3, 6}, {1, 2}], [{8, 5}, {4, 7}, {6}, {2, 3}, {1}], [{8, 5}, {6, 7}, {1, 4}, {2, 3}], [{8, 5}, {6, 7}, {2, 4}, {1, 3}], [{8, 5}, {6, 7}, {3, 4}, {1, 2}], [{8, 5}, {7}, {1, 6}, {4}, {2, 3}], [{8, 5}, {7}, {4, 6}, {3}, {1, 2}], [{8, 6}, {1, 7}, {2, 5}, {3, 4}], [{8, 6}, {1, 7}, {3, 5}, {2, 4}], [{8, 6}, {1, 7}, {4, 5}, {2, 3}], [{8, 6}, {2, 7}, {1, 5}, {3, 4}], [{8, 6}, {2, 7}, {3, 5}, {1, 4}], [{8, 6}, {2, 7}, {4, 5}, {1, 3}], [{8, 6}, {3, 7}, {1, 5}, {2, 4}], [{8, 6}, {3, 7}, {2, 5}, {1, 4}], [{8, 6}, {3, 7}, {4, 5}, {1, 2}], [{8, 6}, {4, 7}, {1, 5}, {2, 3}], [{8, 6}, {4, 7}, {2, 5}, {1, 3}], [{8, 6}, {4, 7}, {3, 5}, {1, 2}], [{8, 6}, {4, 7}, {5}, {2, 3}, {1}], [{8, 6}, {5, 7}, {1, 4}, {2, 3}], [{8, 6}, {5, 7}, {2, 4}, {1, 3}], [{8, 6}, {5, 7}, {3, 4}, {1, 2}], [{8, 6}, {5, 7}, {3, 4}, {2}, {1}], [{8, 6}, {7}, {2, 5}, {1, 4}, {3}], [{8, 6}, {7}, {3, 5}, {2, 4}, {1}], [{8, 7}, {1, 6}, {2, 5}, {3, 4}], [{8, 7}, {1, 6}, {3, 5}, {2, 4}], [{8, 7}, {1, 6}, {4, 5}, {2, 3}], [{8, 7}, {1, 6}, {5}, {2, 4}, {3}], [{8, 7}, {1, 6}, {5}, {3, 4}, {2}], [{8, 7}, {1, 6}, {5}, {4}, {2, 3}], [{8, 7}, {2, 6}, {1, 5}, {3, 4}], [{8, 7}, {2, 6}, {3, 5}, {1, 4}], [{8, 7}, {2, 6}, {4, 5}, {1, 3}], [{8, 7}, {3, 6}, {1, 5}, {2, 4}], [{8, 7}, {3, 6}, {2, 5}, {1, 4}], [{8, 7}, {3, 6}, {4, 5}, {1, 2}], [{8, 7}, {3, 6}, {5}, {4}, {1, 2}], [{8, 7}, {4, 6}, {1, 5}, {2, 3}], [{8, 7}, {4, 6}, {2, 5}, {1, 3}], [{8, 7}, {4, 6}, {3, 5}, {1, 2}], [{8, 7}, {4, 6}, {3, 5}, {2}, {1}], [{8, 7}, {5, 6}, {1, 4}, {2, 3}], [{8, 7}, {5, 6}, {2, 4}, {1, 3}], [{8, 7}, {5, 6}, {3, 4}, {1, 2}], [{8, 7}, {5, 6}, {3, 4}, {2}, {1}], [{8, 7}, {6}, {1, 5}, {3, 4}, {2}], [{8, 7}, {6}, {2, 5}, {1, 4}, {3}], [{8}, {1, 7}, {2, 6}, {5}, {3, 4}], [{8}, {1, 7}, {4, 6}, {2, 5}, {3}], [{8}, {1, 7}, {4, 6}, {3, 5}, {2}], [{8}, {1, 7}, {4, 6}, {5}, {2, 3}], [{8}, {1, 7}, {5, 6}, {2, 4}, {3}], [{8}, {2, 7}, {1, 6}, {4, 5}, {3}], [{8}, {2, 7}, {3, 6}, {4, 5}, {1}], [{8}, {2, 7}, {4, 6}, {1, 5}, {3}], [{8}, {2, 7}, {4, 6}, {3, 5}, {1}], [{8}, {2, 7}, {4, 6}, {5}, {1, 3}], [{8}, {2, 7}, {5, 6}, {4}, {1, 3}], [{8}, {2, 7}, {6}, {4, 5}, {1, 3}], [{8}, {3, 7}, {1, 6}, {4, 5}, {2}], [{8}, {3, 7}, {5, 6}, {2, 4}, {1}], [{8}, {3, 7}, {6}, {2, 5}, {1, 4}], [{8}, {4, 7}, {1, 6}, {2, 5}, {3}], [{8}, {4, 7}, {1, 6}, {3, 5}, {2}], [{8}, {4, 7}, {1, 6}, {5}, {2, 3}], [{8}, {4, 7}, {5, 6}, {1, 3}, {2}], [{8}, {4, 7}, {5, 6}, {2, 3}, {1}], [{8}, {4, 7}, {5, 6}, {3}, {1, 2}], [{8}, {4, 7}, {6}, {1, 5}, {2, 3}], [{8}, {4, 7}, {6}, {5}, {2, 3}, {1}], [{8}, {5, 7}, {1, 6}, {4}, {2, 3}], [{8}, {5, 7}, {2, 6}, {3, 4}, {1}], [{8}, {6, 7}, {2, 5}, {1, 4}, {3}], [{8}, {6, 7}, {2, 5}, {3, 4}, {1}], [{8}, {6, 7}, {2, 5}, {4}, {1, 3}], [{8}, {6, 7}, {2, 5}, {4}, {3}, {1}], [{8}, {6, 7}, {3, 5}, {1, 4}, {2}], [{8}, {6, 7}, {5}, {1, 4}, {2, 3}], [{8}, {7}, {1, 6}, {4, 5}, {2, 3}], [{8}, {7}, {1, 6}, {5}, {4}, {2, 3}], [{8}, {7}, {2, 6}, {1, 5}, {3, 4}], [{8}, {7}, {3, 6}, {2, 5}, {1, 4}], [{8}, {7}, {4, 6}, {3, 5}, {1, 2}], [{8}, {7}, {4, 6}, {3, 5}, {2}, {1}], [{8}, {7}, {5, 6}, {2, 4}, {1, 3}], [{8}, {7}, {6}, {2, 5}, {1, 4}, {3}]]",2,- 10 K_1^2 - 8 K_1 K_2 + 4 K_1 + 5 K_2 + 4 K_3 + 6,O1O2O3O4U2U5U6O7U3O6O8U4U8O5U1U7,O1O2O3U4U5U3U6O7O6U2O8O4U8U1O5U7,O1O2O3U4O5U3U6O7O6U2O8O4U8U1U5U7,c,{'O1O2O3O4U5U4O6U7U1O7O8U2O5U8U6U3'},1,"<a href=""/flatknot/8.850883"">8.850883</a>",t^9-19t^7-28t^6+37t^5+68t^4-17t^3-44t^2-t+2,-t^2+2t,,
8.850884,O1O2O3O4U5U4O6U7U1O7O8U3O5U2U6U8,4,3z^3+36z^2+112z+105,3w^4z^3+36w^3z^2+112w^2z+105w,False,False,"[[ 0 -1 -1  0  1 -1  1 -1  2],[ 1  0  0  0  0  0  1  1  2],[ 1  0  0  1  1 -1  1  1  2],[ 0  0 -1  0  0 -1  0  0  1],[-1  0 -1  0  0 -1 -1 -1 -1],[ 1  0  1  1  1  0  1  0  1],[-1 -1 -1  0  1 -1  0 -1  1],[ 1 -1 -1  0  1  0  1  0  2],[-2 -2 -2 -1  1 -1 -1 -2  0]]","[[ 0  2  1  1  0 -1 -1 -1 -1],[-2  0  1 -1 -1 -1 -2 -2 -2],[-1 -1  0 -1  0 -1  0 -1 -1],[-1  1  1  0  0 -1 -1 -1 -1],[ 0  1  0  0  0 -1  0  0 -1],[ 1  1  1  1  1  0  0  0  1],[ 1  2  0  1  0  0  0  1  0],[ 1  2  1  1  0  0 -1  0 -1],[ 1  2  1  1  1 -1  0  1  0]]",True,"[-2,-1,-1,0,1,1,1,1,-1,1,1,1,2,2,2,1,0,1,0,1,1,0,1,1,1,1,1,0,0,1,0,0,-1,-1,0,1]","[-2,-1,-1,0,1,1,1,1,-1,1,1,1,2,2,2,1,0,1,0,1,1,0,1,1,1,1,1,0,0,1,0,0,-1,-1,0,1]",t^8+29t^6+89t^4+20t^2,"[-1,-1,-1,-1,0,1,1,2,-1,0,0,0,1,1,2,-1,0,0,1,1,1,1,1,1,1,1,1,1,2,1,1,1,1,-1,0,2]","[-2,-1,-1,0,1,1,1,1,0,2,1,1,1,1,2,1,1,1,1,1,1,1,1,1,2,1,0,1,1,0,1,0,-1,-1,0,0]","[-1,-1,-1,-1,0,1,1,2,-1,-1,0,0,1,1,2,0,-1,1,1,1,2,0,0,0,1,2,1,1,1,1,0,0,1,-1,-1,1]",c,"[[{8, 1}, {6, 7}, {3, 5}, {2, 4}], [{8, 3}, {6, 7}, {1, 5}, {2, 4}], [{8, 5}, {6, 7}, {2, 4}, {1, 3}]]",1,28 K_1^3 + 8 K_1^2 K_2 - 30 K_1^2 - 32 K_1 K_2 - 8 K_1 K_3 - 5 K_1 + 15 K_2 + 9 K_3 + 2 K_4 + 14,O1O2O3O4U5U6U3O7U2O5O8U4U8O6U1U7,O1O2O3U4U1U5U6O7O6U2O8O4U8U3O5U7,O1O2O3U4O5U1U6O7O6U2O8O4U8U5U3U7,c,{'O1O2O3O4U5U4O6U7U1O7O8U3O5U2U6U8'},1,"<a href=""/flatknot/8.850884"">8.850884</a>",t^9-27t^7-66t^6-2t^5+116t^4+78t^3-2t^2+5t+4,-t^2+2t,,
8.850885,O1O2O3O4U5U4O6U7U1O7O8U3O5U2U8U6,4,3z^3+34z^2+94z+77,3w^4z^3-6w^4z^2+40w^3z^2-10w^3z+104w^2z+77w,False,False,"[[ 0 -1 -1  0  1 -1  2 -1  1],[ 1  0  0  0  0  0  1  1  1],[ 1  0  0  1  1 -1  2  1  1],[ 0  0 -1  0  0 -1  1  0  0],[-1  0 -1  0  0 -1 -1 -1 -1],[ 1  0  1  1  1  0  1  0  1],[-2 -1 -2 -1  1 -1  0 -2  0],[ 1 -1 -1  0  1  0  2  0  1],[-1 -1 -1  0  1 -1  0 -1  0]]","[[ 0  2  1  1  0 -1 -1 -1 -1],[-2  0  1  0 -1 -1 -1 -2 -2],[-1 -1  0 -1  0  0 -1 -1 -1],[-1  0  1  0  0 -1 -1 -1 -1],[ 0  1  0  0  0  0 -1  0 -1],[ 1  1  0  1  0  0  0  1  0],[ 1  1  1  1  1  0  0  0  1],[ 1  2  1  1  0 -1  0  0 -1],[ 1  2  1  1  1  0 -1  1  0]]",True,"[-2,-1,-1,0,1,1,1,1,-1,0,1,1,1,2,2,1,0,0,1,1,1,0,1,1,1,1,0,1,0,1,0,-1,0,0,-1,1]","[-2,-1,-1,0,1,1,1,1,-1,0,1,1,1,2,2,1,0,0,1,1,1,0,1,1,1,1,0,1,0,1,0,-1,0,0,-1,1]",t^8+25t^6+76t^4+27t^2+1,"[-1,-1,-1,-1,0,1,1,2,-1,0,0,0,1,1,2,-1,0,0,1,1,1,1,1,1,1,1,1,1,2,2,1,1,1,-1,1,2]","[-2,-1,-1,0,1,1,1,1,1,2,1,1,1,2,2,1,1,1,1,1,1,1,1,1,1,2,0,1,0,1,1,-1,0,0,-1,0]","[-1,-1,-1,-1,0,1,1,2,-1,-1,0,0,1,1,2,0,-1,1,1,1,2,0,0,0,1,1,1,1,1,1,0,0,1,-1,-1,0]",c,"[[{8, 1}, {2, 7}, {3, 6}, {4, 5}], [{8, 1}, {3, 7}, {2, 6}, {4, 5}], [{8, 1}, {3, 7}, {5, 6}, {2, 4}], [{8, 1}, {5, 7}, {3, 6}, {2, 4}], [{8, 1}, {6, 7}, {3, 5}, {2, 4}], [{8, 1}, {6, 7}, {4, 5}, {2, 3}], [{8, 3}, {6, 7}, {1, 5}, {2, 4}]]",1,8 K_1^3 - 6 K_1^2 - 12 K_1 K_2 + 3 K_2 + 4 K_3 + 4,O1O2O3O4U5U6U3O7U2O6O8U4U8O5U1U7,O1O2O3U4U1U5U6O7O6U3O8O4U8U2O5U7,O1O2O3U4O5U2U6O7O6U1O8O4U8U5U3U7,c,{'O1O2O3O4U5U4O6U7U1O7O8U3O5U2U8U6'},1,"<a href=""/flatknot/8.850885"">8.850885</a>",t^9-23t^7-50t^6+11t^5+98t^4+46t^3-26t^2-13t,-t^2+2t,,
8.850886,O1O2O3O4U5U4O6U7U1O7O8U3O5U6U2U8,4,4z^3+31z^2+88z+85,-2w^5z^3+6w^4z^3-8w^4z^2+39w^3z^2-6w^3z+94w^2z+85w,False,False,"[[ 0 -1  0  0  1 -1  0 -1  2],[ 1  0  1  0  0  0  0  1  2],[ 0 -1  0  0  1 -1  0  0  2],[ 0  0  0  0  0 -1  0  0  1],[-1  0 -1  0  0 -1 -1 -1 -1],[ 1  0  1  1  1  0  0  0  1],[ 0  0  0  0  1  0  0  0  1],[ 1 -1  0  0  1  0  0  0  2],[-2 -2 -2 -1  1 -1 -1 -2  0]]","[[ 0  2  1  0  0  0 -1 -1 -1],[-2  0  1 -1 -1 -2 -1 -2 -2],[-1 -1  0  0 -1 -1 -1  0 -1],[ 0  1  0  0  0  0 -1  0  0],[ 0  1  1  0  0  0  0  0  0],[ 0  2  1  0  0  0 -1 -1  0],[ 1  1  1  1  0  1  0  0  0],[ 1  2  0  0  0  1  0  0  1],[ 1  2  1  0  0  0  0 -1  0]]",True,"[-2,-1,0,0,0,1,1,1,-1,1,1,2,1,2,2,0,1,1,1,0,1,0,0,1,0,0,0,0,0,0,1,1,0,0,0,-1]","[-2,-1,0,0,0,1,1,1,-1,1,1,2,1,2,2,0,1,1,1,0,1,0,0,1,0,0,0,0,0,0,1,1,0,0,0,-1]",t^8+24t^6+57t^4+21t^2+1,"[-1,-1,-1,0,0,0,1,2,-1,0,0,1,1,2,1,0,1,1,1,1,1,0,0,1,1,2,0,0,0,0,0,1,1,0,1,2]","[-2,-1,0,0,0,1,1,1,2,0,1,1,1,1,2,0,0,1,1,2,1,0,0,1,0,0,0,1,1,1,1,1,0,-1,0,0]","[-1,-1,-1,0,0,0,1,2,-1,0,0,0,0,1,2,0,0,0,1,0,2,0,1,1,1,1,0,0,1,1,0,0,1,1,2,-1]",c,"[[{8, 1}, {6, 7}, {3, 5}, {2, 4}], [{8, 3}, {6, 7}, {1, 5}, {2, 4}], [{8, 5}, {6, 7}, {2, 4}, {1, 3}], [{8, 5}, {6, 7}, {2, 4}, {3}, {1}]]",1,- 8 K_1^4 + 4 K_1^3 + 12 K_1^2 K_2 - 14 K_1^2 - 8 K_1 K_2 - 4 K_1 K_3 + K_1 - 2 K_2^2 + 7 K_2 + 3 K_3 + K_4 + 9,O1O2O3O4U5U3U6O7U2O5O8U4U8O6U1U7,O1O2O3U4U2U5U6O7O6U1O8O4U8U3O5U7,O1O2O3U4O5U1U6O7O6U3O8O4U8U5U2U7,c,{'O1O2O3O4U5U4O6U7U1O7O8U3O5U6U2U8'},1,"<a href=""/flatknot/8.850886"">8.850886</a>",t^9-22t^7-34t^6+54t^5+78t^4-58t^3-24t^2+15t,-t^2+2t,,
8.850887,O1O2O3O4U5U4O6U7U1O7O8U3O5U6U8U2,3,13z^2+46z+41,-4w^4z^2+17w^3z^2+46w^2z+41w,False,False,"[[ 0 -1  1  0  1 -1  0 -1  1],[ 1  0  1  0  0  0  0  1  1],[-1 -1  0 -1  1 -1 -1 -1  1],[ 0  0  1  0  0 -1  0  0  1],[-1  0 -1  0  0 -1 -1 -1 -1],[ 1  0  1  1  1  0  0  0  0],[ 0  0  1  0  1  0  0  0  1],[ 1 -1  1  0  1  0  0  0  1],[-1 -1 -1 -1  1  0 -1 -1  0]]","[[ 0  1  1  1  0  0 -1 -1 -1],[-1  0  1  1 -1 -1 -1 -1 -1],[-1 -1  0  1 -1 -1  0 -1 -1],[-1 -1 -1  0  0 -1 -1  0 -1],[ 0  1  1  0  0  0 -1  0  0],[ 0  1  1  1  0  0  0  0  0],[ 1  1  0  1  1  0  0  0  0],[ 1  1  1  0  0  0  0  0  1],[ 1  1  1  1  0  0  0 -1  0]]",True,"[-1,-1,-1,0,0,1,1,1,-1,-1,1,1,1,1,1,-1,1,1,0,1,1,0,1,1,0,1,0,1,0,0,0,0,0,0,0,-1]","[-1,-1,-1,0,0,1,1,1,-1,-1,0,1,1,1,2,-1,0,0,1,2,1,0,0,1,1,1,0,1,1,1,1,0,1,0,-1,0]",t^8+17t^6+44t^4+14t^2,"[-1,-1,-1,0,0,1,1,1,-1,0,1,1,1,1,2,0,1,1,1,1,1,0,1,1,2,1,0,0,0,1,0,0,0,-1,-1,-1]","[-1,-1,-1,0,0,1,1,1,-1,-1,0,1,1,1,2,-1,0,0,1,2,1,0,0,1,1,1,0,1,1,1,1,0,1,0,-1,0]","[-1,-1,-1,0,0,1,1,1,-1,0,0,0,1,1,1,0,0,0,0,1,1,0,1,1,0,1,0,1,1,1,0,1,1,-1,-1,-1]",c,"[[{8, 1}, {2, 7}, {3, 6}, {4, 5}]]",1,4 K_1^3 - 8 K_1 K_2 + K_1 + 3 K_3 + 1,O1O2O3O4U3U5U6O7U2O5O8U4U8O6U1U7,O1O2O3U4U3U5U6O7O6U1O8O4U8U2O5U7,O1O2O3U4O5U2U6O7O6U3O8O4U8U5U1U7,c,"{'O1O2O3O4U5U4O6U2U7U1O7O8O5U6U3U8', 'O1O2O3O4U5U4O6U7U1O7O8U3O5U6U8U2', 'O1O2O3O4U5U4O6U7U1O7U2O8O5U6U3U8'}",3,"<a href=""/flatknot/8.850887"">8.850887</a>",t^9-17t^7-22t^6+42t^5+70t^4-22t^3-56t^2-4t+8,0,,
8.850888,O1O2O3O4U5U4O6U7U1O7O8U3O5U8U2U6,3,7z^2+44z+61,7w^3z^2+44w^2z+61w,False,False,"[[ 0 -1  0  0  1 -1  2 -1  0],[ 1  0  0  0  0  0  1  1  0],[ 0  0  0  0  1 -1  1  0  0],[ 0  0  0  0  0 -1  1  0  0],[-1  0 -1  0  0 -1 -1 -1 -1],[ 1  0  1  1  1  0  1  0  0],[-2 -1 -1 -1  1 -1  0 -2  0],[ 1 -1  0  0  1  0  2  0  0],[ 0  0  0  0  1  0  0  0  0]]","[[ 0  2  1  0  0  0 -1 -1 -1],[-2  0  1  0 -1 -1 -1 -1 -2],[-1 -1  0 -1  0 -1  0 -1 -1],[ 0  0  1  0  0  0  0  0  0],[ 0  1  0  0  0  0  0 -1  0],[ 0  1  1  0  0  0  0 -1  0],[ 1  1  0  0  0  0  0  0  1],[ 1  1  1  0  1  1  0  0  0],[ 1  2  1  0  0  0 -1  0  0]]",True,"[-2,-1,0,0,0,1,1,1,-1,0,1,1,1,1,2,1,0,1,0,1,1,0,0,0,0,0,0,0,1,0,0,1,0,0,-1,0]","[-2,-1,0,0,0,1,1,1,-1,0,1,1,1,1,2,1,0,1,0,1,1,0,0,0,0,0,0,0,1,0,0,1,0,0,-1,0]",t^8+16t^6+42t^4+23t^2,"[-1,-1,-1,0,0,0,1,2,-1,0,1,1,1,2,2,0,1,1,1,1,1,0,0,1,1,2,0,0,0,1,0,1,1,0,2,2]","[-2,-1,0,0,0,1,1,1,2,1,1,2,1,2,2,0,1,0,1,1,2,0,0,1,0,1,0,1,0,1,1,1,1,0,-1,0]","[-1,-1,-1,0,0,0,1,2,-1,0,0,0,0,1,2,0,0,0,0,0,1,0,1,1,1,1,0,0,1,0,0,0,1,1,1,-1]",c,"[[{8, 1}, {2, 7}, {3, 6}, {4, 5}], [{8, 1}, {2, 7}, {3, 6}, {5}, {4}], [{8, 1}, {2, 7}, {4, 6}, {3, 5}], [{8, 1}, {2, 7}, {4, 6}, {5}, {3}], [{8, 1}, {2, 7}, {5, 6}, {3, 4}], [{8, 1}, {2, 7}, {5, 6}, {4}, {3}], [{8, 1}, {2, 7}, {6}, {3, 5}, {4}], [{8, 1}, {2, 7}, {6}, {4, 5}, {3}], [{8, 1}, {2, 7}, {6}, {5}, {3, 4}], [{8, 1}, {3, 7}, {2, 6}, {4, 5}], [{8, 1}, {3, 7}, {4, 6}, {2, 5}], [{8, 1}, {3, 7}, {5, 6}, {2, 4}], [{8, 1}, {3, 7}, {5, 6}, {4}, {2}], [{8, 1}, {3, 7}, {6}, {5}, {2, 4}], [{8, 1}, {4, 7}, {2, 6}, {3, 5}], [{8, 1}, {4, 7}, {3, 6}, {2, 5}], [{8, 1}, {4, 7}, {5, 6}, {2, 3}], [{8, 1}, {4, 7}, {5, 6}, {3}, {2}], [{8, 1}, {5, 7}, {2, 6}, {3, 4}], [{8, 1}, {5, 7}, {3, 6}, {2, 4}], [{8, 1}, {5, 7}, {4, 6}, {2, 3}], [{8, 1}, {6, 7}, {2, 5}, {3, 4}], [{8, 1}, {6, 7}, {3, 5}, {2, 4}], [{8, 1}, {6, 7}, {4, 5}, {2, 3}], [{8, 1}, {7}, {3, 6}, {4, 5}, {2}], [{8, 1}, {7}, {4, 6}, {3, 5}, {2}], [{8, 1}, {7}, {5, 6}, {2, 4}, {3}], [{8, 1}, {7}, {5, 6}, {3, 4}, {2}], [{8, 1}, {7}, {5, 6}, {4}, {2, 3}], [{8, 1}, {7}, {5, 6}, {4}, {3}, {2}], [{8, 2}, {1, 7}, {3, 6}, {4, 5}], [{8, 2}, {1, 7}, {3, 6}, {5}, {4}], [{8, 2}, {1, 7}, {4, 6}, {3, 5}], [{8, 2}, {1, 7}, {5, 6}, {3, 4}], [{8, 2}, {1, 7}, {5, 6}, {4}, {3}], [{8, 2}, {1, 7}, {6}, {3, 5}, {4}], [{8, 2}, {3, 7}, {1, 6}, {4, 5}], [{8, 2}, {3, 7}, {4, 6}, {1, 5}], [{8, 2}, {3, 7}, {4, 6}, {5}, {1}], [{8, 2}, {3, 7}, {5, 6}, {1, 4}], [{8, 2}, {3, 7}, {5, 6}, {4}, {1}], [{8, 2}, {3, 7}, {6}, {4, 5}, {1}], [{8, 2}, {4, 7}, {1, 6}, {3, 5}], [{8, 2}, {4, 7}, {1, 6}, {5}, {3}], [{8, 2}, {4, 7}, {3, 6}, {1, 5}], [{8, 2}, {4, 7}, {5, 6}, {1, 3}], [{8, 2}, {4, 7}, {5, 6}, {3}, {1}], [{8, 2}, {4, 7}, {6}, {1, 5}, {3}], [{8, 2}, {5, 7}, {1, 6}, {3, 4}], [{8, 2}, {5, 7}, {3, 6}, {1, 4}], [{8, 2}, {5, 7}, {4, 6}, {1, 3}], [{8, 2}, {5, 7}, {6}, {1, 4}, {3}], [{8, 2}, {6, 7}, {1, 5}, {3, 4}], [{8, 2}, {6, 7}, {3, 5}, {1, 4}], [{8, 2}, {6, 7}, {4, 5}, {1, 3}], [{8, 2}, {6, 7}, {5}, {1, 4}, {3}], [{8, 2}, {7}, {5, 6}, {1, 4}, {3}], [{8, 2}, {7}, {5, 6}, {3, 4}, {1}], [{8, 2}, {7}, {5, 6}, {4}, {1, 3}], [{8, 2}, {7}, {5, 6}, {4}, {3}, {1}], [{8, 3}, {1, 7}, {2, 6}, {4, 5}], [{8, 3}, {1, 7}, {4, 6}, {2, 5}], [{8, 3}, {1, 7}, {4, 6}, {5}, {2}], [{8, 3}, {1, 7}, {5, 6}, {2, 4}], [{8, 3}, {1, 7}, {5, 6}, {4}, {2}], [{8, 3}, {1, 7}, {6}, {4, 5}, {2}], [{8, 3}, {2, 7}, {1, 6}, {4, 5}], [{8, 3}, {2, 7}, {4, 6}, {1, 5}], [{8, 3}, {2, 7}, {5, 6}, {1, 4}], [{8, 3}, {2, 7}, {5, 6}, {4}, {1}], [{8, 3}, {4, 7}, {1, 6}, {2, 5}], [{8, 3}, {4, 7}, {1, 6}, {5}, {2}], [{8, 3}, {4, 7}, {2, 6}, {1, 5}], [{8, 3}, {4, 7}, {5, 6}, {1, 2}], [{8, 3}, {4, 7}, {5, 6}, {2}, {1}], [{8, 3}, {4, 7}, {6}, {1, 5}, {2}], [{8, 3}, {5, 7}, {1, 6}, {2, 4}], [{8, 3}, {5, 7}, {1, 6}, {4}, {2}], [{8, 3}, {5, 7}, {2, 6}, {1, 4}], [{8, 3}, {5, 7}, {4, 6}, {1, 2}], [{8, 3}, {5, 7}, {4, 6}, {2}, {1}], [{8, 3}, {5, 7}, {6}, {1, 4}, {2}], [{8, 3}, {6, 7}, {1, 5}, {2, 4}], [{8, 3}, {6, 7}, {1, 5}, {4}, {2}], [{8, 3}, {6, 7}, {2, 5}, {1, 4}], [{8, 3}, {6, 7}, {4, 5}, {1, 2}], [{8, 3}, {6, 7}, {4, 5}, {2}, {1}], [{8, 3}, {6, 7}, {5}, {1, 4}, {2}], [{8, 3}, {7}, {1, 6}, {4, 5}, {2}], [{8, 3}, {7}, {4, 6}, {1, 5}, {2}], [{8, 3}, {7}, {5, 6}, {1, 4}, {2}], [{8, 3}, {7}, {5, 6}, {2, 4}, {1}], [{8, 3}, {7}, {5, 6}, {4}, {1, 2}], [{8, 3}, {7}, {5, 6}, {4}, {2}, {1}], [{8, 4}, {1, 7}, {2, 6}, {3, 5}], [{8, 4}, {1, 7}, {3, 6}, {2, 5}], [{8, 4}, {1, 7}, {5, 6}, {2, 3}], [{8, 4}, {1, 7}, {5, 6}, {3}, {2}], [{8, 4}, {2, 7}, {1, 6}, {3, 5}], [{8, 4}, {2, 7}, {3, 6}, {1, 5}], [{8, 4}, {2, 7}, {5, 6}, {1, 3}], [{8, 4}, {2, 7}, {5, 6}, {3}, {1}], [{8, 4}, {3, 7}, {1, 6}, {2, 5}], [{8, 4}, {3, 7}, {2, 6}, {1, 5}], [{8, 4}, {3, 7}, {2, 6}, {5}, {1}], [{8, 4}, {3, 7}, {5, 6}, {1, 2}], [{8, 4}, {3, 7}, {5, 6}, {2}, {1}], [{8, 4}, {3, 7}, {6}, {2, 5}, {1}], [{8, 4}, {5, 7}, {1, 6}, {2, 3}], [{8, 4}, {5, 7}, {2, 6}, {1, 3}], [{8, 4}, {5, 7}, {3, 6}, {1, 2}], [{8, 4}, {6, 7}, {1, 5}, {2, 3}], [{8, 4}, {6, 7}, {2, 5}, {1, 3}], [{8, 4}, {6, 7}, {3, 5}, {1, 2}], [{8, 4}, {7}, {1, 6}, {3, 5}, {2}], [{8, 4}, {7}, {3, 6}, {1, 5}, {2}], [{8, 4}, {7}, {5, 6}, {1, 3}, {2}], [{8, 4}, {7}, {5, 6}, {2, 3}, {1}], [{8, 4}, {7}, {5, 6}, {3}, {1, 2}], [{8, 4}, {7}, {5, 6}, {3}, {2}, {1}], [{8, 5}, {1, 7}, {2, 6}, {3, 4}], [{8, 5}, {1, 7}, {3, 6}, {2, 4}], [{8, 5}, {1, 7}, {4, 6}, {2, 3}], [{8, 5}, {2, 7}, {1, 6}, {3, 4}], [{8, 5}, {2, 7}, {3, 6}, {1, 4}], [{8, 5}, {2, 7}, {4, 6}, {1, 3}], [{8, 5}, {2, 7}, {6}, {3, 4}, {1}], [{8, 5}, {3, 7}, {1, 6}, {2, 4}], [{8, 5}, {3, 7}, {2, 6}, {1, 4}], [{8, 5}, {3, 7}, {2, 6}, {4}, {1}], [{8, 5}, {3, 7}, {4, 6}, {1, 2}], [{8, 5}, {3, 7}, {4, 6}, {2}, {1}], [{8, 5}, {3, 7}, {6}, {2, 4}, {1}], [{8, 5}, {4, 7}, {1, 6}, {2, 3}], [{8, 5}, {4, 7}, {1, 6}, {3}, {2}], [{8, 5}, {4, 7}, {2, 6}, {1, 3}], [{8, 5}, {4, 7}, {3, 6}, {1, 2}], [{8, 5}, {6, 7}, {1, 4}, {2, 3}], [{8, 5}, {6, 7}, {1, 4}, {3}, {2}], [{8, 5}, {6, 7}, {2, 4}, {1, 3}], [{8, 5}, {6, 7}, {3, 4}, {1, 2}], [{8, 6}, {1, 7}, {2, 5}, {3, 4}], [{8, 6}, {1, 7}, {3, 5}, {2, 4}], [{8, 6}, {1, 7}, {4, 5}, {2, 3}], [{8, 6}, {2, 7}, {1, 5}, {3, 4}], [{8, 6}, {2, 7}, {3, 5}, {1, 4}], [{8, 6}, {2, 7}, {4, 5}, {1, 3}], [{8, 6}, {2, 7}, {5}, {3, 4}, {1}], [{8, 6}, {3, 7}, {1, 5}, {2, 4}], [{8, 6}, {3, 7}, {2, 5}, {1, 4}], [{8, 6}, {3, 7}, {2, 5}, {4}, {1}], [{8, 6}, {3, 7}, {4, 5}, {1, 2}], [{8, 6}, {3, 7}, {4, 5}, {2}, {1}], [{8, 6}, {3, 7}, {5}, {2, 4}, {1}], [{8, 6}, {4, 7}, {1, 5}, {2, 3}], [{8, 6}, {4, 7}, {1, 5}, {3}, {2}], [{8, 6}, {4, 7}, {2, 5}, {1, 3}], [{8, 6}, {4, 7}, {3, 5}, {1, 2}], [{8, 6}, {5, 7}, {1, 4}, {2, 3}], [{8, 6}, {5, 7}, {1, 4}, {3}, {2}], [{8, 6}, {5, 7}, {2, 4}, {1, 3}], [{8, 6}, {5, 7}, {3, 4}, {1, 2}], [{8, 7}, {1, 6}, {2, 5}, {3, 4}], [{8, 7}, {1, 6}, {3, 5}, {2, 4}], [{8, 7}, {1, 6}, {3, 5}, {4}, {2}], [{8, 7}, {1, 6}, {4, 5}, {2, 3}], [{8, 7}, {2, 6}, {1, 5}, {3, 4}], [{8, 7}, {2, 6}, {3, 5}, {1, 4}], [{8, 7}, {2, 6}, {4, 5}, {1, 3}], [{8, 7}, {3, 6}, {1, 5}, {2, 4}], [{8, 7}, {3, 6}, {1, 5}, {4}, {2}], [{8, 7}, {3, 6}, {2, 5}, {1, 4}], [{8, 7}, {3, 6}, {4, 5}, {1, 2}], [{8, 7}, {4, 6}, {1, 5}, {2, 3}], [{8, 7}, {4, 6}, {2, 5}, {1, 3}], [{8, 7}, {4, 6}, {3, 5}, {1, 2}], [{8, 7}, {4, 6}, {5}, {3}, {1, 2}], [{8, 7}, {5, 6}, {1, 4}, {2, 3}], [{8, 7}, {5, 6}, {1, 4}, {3}, {2}], [{8, 7}, {5, 6}, {2, 4}, {1, 3}], [{8, 7}, {5, 6}, {2, 4}, {3}, {1}], [{8, 7}, {5, 6}, {3, 4}, {1, 2}], [{8, 7}, {5, 6}, {3, 4}, {2}, {1}], [{8, 7}, {5, 6}, {4}, {1, 3}, {2}], [{8, 7}, {5, 6}, {4}, {2, 3}, {1}], [{8, 7}, {5, 6}, {4}, {3}, {1, 2}], [{8, 7}, {5, 6}, {4}, {3}, {2}, {1}], [{8, 7}, {6}, {4, 5}, {3}, {1, 2}], [{8}, {1, 7}, {5, 6}, {2, 4}, {3}], [{8}, {1, 7}, {5, 6}, {3, 4}, {2}], [{8}, {1, 7}, {5, 6}, {4}, {2, 3}], [{8}, {1, 7}, {5, 6}, {4}, {3}, {2}], [{8}, {2, 7}, {1, 6}, {5}, {3, 4}], [{8}, {2, 7}, {3, 6}, {4, 5}, {1}], [{8}, {2, 7}, {4, 6}, {3, 5}, {1}], [{8}, {2, 7}, {5, 6}, {1, 4}, {3}], [{8}, {2, 7}, {5, 6}, {3, 4}, {1}], [{8}, {2, 7}, {5, 6}, {4}, {1, 3}], [{8}, {2, 7}, {5, 6}, {4}, {3}, {1}], [{8}, {2, 7}, {6}, {1, 5}, {3, 4}], [{8}, {2, 7}, {6}, {5}, {3, 4}, {1}], [{8}, {3, 7}, {1, 6}, {5}, {2, 4}], [{8}, {3, 7}, {2, 6}, {4, 5}, {1}], [{8}, {3, 7}, {4, 6}, {2, 5}, {1}], [{8}, {3, 7}, {5, 6}, {1, 4}, {2}], [{8}, {3, 7}, {5, 6}, {2, 4}, {1}], [{8}, {3, 7}, {5, 6}, {4}, {1, 2}], [{8}, {3, 7}, {5, 6}, {4}, {2}, {1}], [{8}, {3, 7}, {6}, {1, 5}, {2, 4}], [{8}, {3, 7}, {6}, {5}, {2, 4}, {1}], [{8}, {4, 7}, {1, 6}, {2, 5}, {3}], [{8}, {4, 7}, {1, 6}, {3, 5}, {2}], [{8}, {4, 7}, {1, 6}, {5}, {2, 3}], [{8}, {4, 7}, {1, 6}, {5}, {3}, {2}], [{8}, {4, 7}, {2, 6}, {1, 5}, {3}], [{8}, {4, 7}, {3, 6}, {1, 5}, {2}], [{8}, {4, 7}, {5, 6}, {1, 3}, {2}], [{8}, {4, 7}, {5, 6}, {2, 3}, {1}], [{8}, {4, 7}, {5, 6}, {3}, {1, 2}], [{8}, {4, 7}, {5, 6}, {3}, {2}, {1}], [{8}, {4, 7}, {6}, {1, 5}, {2, 3}], [{8}, {4, 7}, {6}, {1, 5}, {3}, {2}], [{8}, {5, 7}, {2, 6}, {1, 4}, {3}], [{8}, {5, 7}, {2, 6}, {3, 4}, {1}], [{8}, {5, 7}, {2, 6}, {4}, {1, 3}], [{8}, {5, 7}, {3, 6}, {1, 4}, {2}], [{8}, {5, 7}, {3, 6}, {2, 4}, {1}], [{8}, {5, 7}, {3, 6}, {4}, {1, 2}], [{8}, {5, 7}, {6}, {1, 4}, {2, 3}], [{8}, {5, 7}, {6}, {1, 4}, {3}, {2}], [{8}, {6, 7}, {2, 5}, {1, 4}, {3}], [{8}, {6, 7}, {2, 5}, {3, 4}, {1}], [{8}, {6, 7}, {2, 5}, {4}, {1, 3}], [{8}, {6, 7}, {3, 5}, {1, 4}, {2}], [{8}, {6, 7}, {3, 5}, {2, 4}, {1}], [{8}, {6, 7}, {3, 5}, {4}, {1, 2}], [{8}, {6, 7}, {5}, {1, 4}, {2, 3}], [{8}, {6, 7}, {5}, {1, 4}, {3}, {2}], [{8}, {7}, {5, 6}, {1, 4}, {2, 3}], [{8}, {7}, {5, 6}, {1, 4}, {3}, {2}], [{8}, {7}, {5, 6}, {2, 4}, {1, 3}], [{8}, {7}, {5, 6}, {2, 4}, {3}, {1}], [{8}, {7}, {5, 6}, {3, 4}, {1, 2}], [{8}, {7}, {5, 6}, {3, 4}, {2}, {1}], [{8}, {7}, {5, 6}, {4}, {1, 3}, {2}], [{8}, {7}, {5, 6}, {4}, {2, 3}, {1}], [{8}, {7}, {5, 6}, {4}, {3}, {1, 2}], [{8}, {7}, {5, 6}, {4}, {3}, {2}, {1}]]",2,8 K_1^3 - 10 K_1^2 - 12 K_1 K_2 + 5 K_2 + 4 K_3 + 6,O1O2O3O4U5U3U6O7U2O6O8U4U8O5U1U7,O1O2O3U4U2U5U6O7O6U3O8O4U8U1O5U7,O1O2O3U4O5U3U6O7O6U1O8O4U8U5U2U7,c,"{'O1O2O3O4U5U4O6U2U7U1O7O8O5U3U8U6', 'O1O2O3O4U5U4O6U7U1O7O8U3O5U8U2U6', 'O1O2O3O4U5U4O6U7U1O7U2O8O5U3U8U6'}",3,"<a href=""/flatknot/8.850888"">8.850888</a>",t^9-14t^7-16t^6+35t^5+50t^4-17t^3-24t^2,-t^2+2t,,
8.850889,O1O2O3O4U5U4O6U7U1O7O8U3O5U8U6U2,4,4z^3+40z^2+113z+99,4w^4z^3+40w^3z^2+113w^2z+99w,False,False,"[[ 0 -1  1  0  1 -1  1 -1  0],[ 1  0  1  0  0  0  0  1  0],[-1 -1  0 -1  1 -1  0 -1  0],[ 0  0  1  0  0 -1  1  0  0],[-1  0 -1  0  0 -1 -1 -1 -1],[ 1  0  1  1  1  0  0  0  0],[-1  0  0 -1  1  0  0 -1  0],[ 1 -1  1  0  1  0  1  0  0],[ 0  0  0  0  1  0  0  0  0]]","[[ 0  1  1  1  0  0 -1 -1 -1],[-1  0  1  0  0 -1  0  0 -1],[-1 -1  0 -1 -1  0  0 -1 -1],[-1  0  1  0  0 -1 -1 -1 -1],[ 0  0  1  0  0  0  0  0  0],[ 0  1  0  1  0  0  0 -1  0],[ 1  0  0  1  0  0  0  0  1],[ 1  0  1  1  0  1  0  0  0],[ 1  1  1  1  0  0 -1  0  0]]",True,"[-1,-1,-1,0,0,1,1,1,-1,0,0,1,0,0,1,1,1,0,0,1,1,0,1,1,1,1,0,0,0,0,0,1,0,0,-1,0]","[-1,-1,-1,0,0,1,1,1,-1,-1,0,1,1,1,2,0,1,0,1,1,1,1,0,1,2,2,0,1,1,1,1,0,1,0,-1,0]",t^8+13t^6+36t^4+26t^2+4,"[-1,-1,-1,0,0,1,1,1,-1,0,1,1,1,2,2,0,1,1,1,1,1,0,1,1,1,2,0,0,1,0,1,0,1,-1,0,1]","[-1,-1,-1,0,0,1,1,1,-1,-1,0,1,1,1,2,0,1,0,1,1,1,1,0,1,2,2,0,1,1,1,1,0,1,0,-1,0]","[-1,-1,-1,0,0,1,1,1,-1,0,0,0,1,1,1,0,0,0,0,0,1,0,1,0,1,1,0,0,1,0,1,0,1,1,0,-1]",c,"[[{8, 1}, {3, 7}, {4, 6}, {2, 5}], [{8, 1}, {3, 7}, {4, 6}, {5}, {2}], [{8, 3}, {2, 7}, {1, 6}, {4, 5}], [{8, 3}, {4, 7}, {5, 6}, {1, 2}], [{8, 7}, {4, 6}, {2, 5}, {1, 3}]]",1,16 K_1^3 - 20 K_1^2 - 16 K_1 K_2 - 4 K_1 + 10 K_2 + 4 K_3 + 11,O1O2O3O4U3U5U6O7U2O6O8U4U8O5U1U7,O1O2O3U4U3U5U6O7O6U2O8O4U8U1O5U7,O1O2O3U4O5U3U6O7O6U2O8O4U8U5U1U7,c,{'O1O2O3O4U5U4O6U7U1O7O8U3O5U8U6U2'},1,"<a href=""/flatknot/8.850889"">8.850889</a>",t^9-13t^7-8t^6+36t^5+18t^4-34t^3-4t^2+6t,0,,
8.850890,O1O2O3O4U5U4O6U7U1O7O8U6O5U2U3U8,4,4z^3+36z^2+109z+107,4w^4z^3+36w^3z^2+109w^2z+107w,False,False,"[[ 0 -1 -1  1  1 -1  0 -1  2],[ 1  0  0  1  0  0  0  1  2],[ 1  0  0  1  1  0  0  1  2],[-1 -1 -1  0  1 -2  0 -1  1],[-1  0 -1 -1  0 -1  0 -1 -1],[ 1  0  0  2  1  0  0  0  1],[ 0  0  0  0  0  0  0  0  1],[ 1 -1 -1  1  1  0  0  0  2],[-2 -2 -2 -1  1 -1 -1 -2  0]]","[[ 0  2  1  1  0 -1 -1 -1 -1],[-2  0  1 -1 -1 -1 -2 -2 -2],[-1 -1  0 -1  0 -1  0 -1 -1],[-1  1  1  0  0 -2 -1 -1 -1],[ 0  1  0  0  0  0  0  0  0],[ 1  1  1  2  0  0  0  0  0],[ 1  2  0  1  0  0  0  1  0],[ 1  2  1  1  0  0 -1  0 -1],[ 1  2  1  1  0  0  0  1  0]]",True,"[-2,-1,-1,0,1,1,1,1,-1,1,1,1,2,2,2,1,0,1,0,1,1,0,2,1,1,1,0,0,0,0,0,0,0,-1,0,1]","[-2,-1,-1,0,1,1,1,1,-1,1,1,1,2,2,2,1,0,1,0,1,1,0,2,1,1,1,0,0,0,0,0,0,0,-1,0,1]",t^8+29t^6+77t^4+36t^2+4,"[-1,-1,-1,-1,0,1,1,2,-1,0,0,1,1,1,1,0,1,1,1,1,1,0,1,0,1,2,1,1,2,1,1,1,1,-1,0,2]","[-2,-1,-1,0,1,1,1,1,0,2,1,1,1,1,2,1,1,1,1,1,0,1,1,1,2,1,1,1,1,1,-1,-1,0,0,0,0]","[-1,-1,-1,-1,0,1,1,2,-1,-1,0,0,1,1,2,0,0,0,0,1,2,0,0,1,1,2,0,1,2,1,0,0,1,-1,-1,1]",c,"[[{8, 1}, {2, 7}, {3, 6}, {4, 5}], [{8, 1}, {2, 7}, {4, 6}, {3, 5}], [{8, 1}, {2, 7}, {4, 6}, {5}, {3}], [{8, 1}, {2, 7}, {5, 6}, {3, 4}], [{8, 1}, {2, 7}, {5, 6}, {4}, {3}], [{8, 1}, {2, 7}, {6}, {4, 5}, {3}], [{8, 1}, {3, 7}, {2, 6}, {4, 5}], [{8, 1}, {3, 7}, {2, 6}, {5}, {4}], [{8, 1}, {3, 7}, {4, 6}, {2, 5}], [{8, 1}, {3, 7}, {4, 6}, {5}, {2}], [{8, 1}, {3, 7}, {5, 6}, {2, 4}], [{8, 1}, {3, 7}, {5, 6}, {4}, {2}], [{8, 1}, {3, 7}, {6}, {2, 5}, {4}], [{8, 1}, {3, 7}, {6}, {4, 5}, {2}], [{8, 1}, {3, 7}, {6}, {5}, {2, 4}], [{8, 1}, {3, 7}, {6}, {5}, {4}, {2}], [{8, 1}, {4, 7}, {2, 6}, {3, 5}], [{8, 1}, {4, 7}, {3, 6}, {2, 5}], [{8, 1}, {4, 7}, {5, 6}, {2, 3}], [{8, 1}, {5, 7}, {2, 6}, {3, 4}], [{8, 1}, {5, 7}, {3, 6}, {2, 4}], [{8, 1}, {5, 7}, {4, 6}, {2, 3}], [{8, 1}, {6, 7}, {2, 5}, {3, 4}], [{8, 1}, {6, 7}, {3, 5}, {2, 4}], [{8, 1}, {6, 7}, {4, 5}, {2, 3}], [{8, 1}, {6, 7}, {5}, {2, 4}, {3}], [{8, 1}, {7}, {3, 6}, {5}, {2, 4}], [{8, 1}, {7}, {4, 6}, {5}, {2, 3}], [{8, 1}, {7}, {5, 6}, {4}, {2, 3}], [{8, 1}, {7}, {6}, {4, 5}, {2, 3}], [{8, 2}, {1, 7}, {3, 6}, {4, 5}], [{8, 2}, {1, 7}, {4, 6}, {3, 5}], [{8, 2}, {1, 7}, {5, 6}, {3, 4}], [{8, 2}, {3, 7}, {1, 6}, {4, 5}], [{8, 2}, {3, 7}, {4, 6}, {1, 5}], [{8, 2}, {3, 7}, {5, 6}, {1, 4}], [{8, 2}, {3, 7}, {6}, {1, 5}, {4}], [{8, 2}, {3, 7}, {6}, {4, 5}, {1}], [{8, 2}, {3, 7}, {6}, {5}, {1, 4}], [{8, 2}, {4, 7}, {1, 6}, {3, 5}], [{8, 2}, {4, 7}, {3, 6}, {1, 5}], [{8, 2}, {4, 7}, {5, 6}, {1, 3}], [{8, 2}, {5, 7}, {1, 6}, {3, 4}], [{8, 2}, {5, 7}, {3, 6}, {1, 4}], [{8, 2}, {5, 7}, {4, 6}, {1, 3}], [{8, 2}, {5, 7}, {6}, {4}, {1, 3}], [{8, 2}, {6, 7}, {1, 5}, {3, 4}], [{8, 2}, {6, 7}, {3, 5}, {1, 4}], [{8, 2}, {6, 7}, {4, 5}, {1, 3}], [{8, 2}, {7}, {4, 6}, {1, 5}, {3}], [{8, 2}, {7}, {5, 6}, {1, 4}, {3}], [{8, 3}, {1, 7}, {2, 6}, {4, 5}], [{8, 3}, {1, 7}, {4, 6}, {2, 5}], [{8, 3}, {1, 7}, {5, 6}, {2, 4}], [{8, 3}, {1, 7}, {5, 6}, {4}, {2}], [{8, 3}, {2, 7}, {1, 6}, {4, 5}], [{8, 3}, {2, 7}, {4, 6}, {1, 5}], [{8, 3}, {2, 7}, {5, 6}, {1, 4}], [{8, 3}, {4, 7}, {1, 6}, {2, 5}], [{8, 3}, {4, 7}, {2, 6}, {1, 5}], [{8, 3}, {4, 7}, {2, 6}, {5}, {1}], [{8, 3}, {4, 7}, {5, 6}, {1, 2}], [{8, 3}, {5, 7}, {1, 6}, {2, 4}], [{8, 3}, {5, 7}, {2, 6}, {1, 4}], [{8, 3}, {5, 7}, {4, 6}, {1, 2}], [{8, 3}, {5, 7}, {6}, {4}, {1, 2}], [{8, 3}, {6, 7}, {1, 5}, {2, 4}], [{8, 3}, {6, 7}, {1, 5}, {4}, {2}], [{8, 3}, {6, 7}, {2, 5}, {1, 4}], [{8, 3}, {6, 7}, {4, 5}, {1, 2}], [{8, 4}, {1, 7}, {2, 6}, {3, 5}], [{8, 4}, {1, 7}, {3, 6}, {2, 5}], [{8, 4}, {1, 7}, {5, 6}, {2, 3}], [{8, 4}, {1, 7}, {6}, {3, 5}, {2}], [{8, 4}, {2, 7}, {1, 6}, {3, 5}], [{8, 4}, {2, 7}, {3, 6}, {1, 5}], [{8, 4}, {2, 7}, {5, 6}, {1, 3}], [{8, 4}, {2, 7}, {6}, {3, 5}, {1}], [{8, 4}, {3, 7}, {1, 6}, {2, 5}], [{8, 4}, {3, 7}, {1, 6}, {5}, {2}], [{8, 4}, {3, 7}, {2, 6}, {1, 5}], [{8, 4}, {3, 7}, {2, 6}, {5}, {1}], [{8, 4}, {3, 7}, {5, 6}, {1, 2}], [{8, 4}, {3, 7}, {5, 6}, {2}, {1}], [{8, 4}, {3, 7}, {6}, {1, 5}, {2}], [{8, 4}, {3, 7}, {6}, {2, 5}, {1}], [{8, 4}, {3, 7}, {6}, {5}, {1, 2}], [{8, 4}, {3, 7}, {6}, {5}, {2}, {1}], [{8, 4}, {5, 7}, {1, 6}, {2, 3}], [{8, 4}, {5, 7}, {1, 6}, {3}, {2}], [{8, 4}, {5, 7}, {2, 6}, {1, 3}], [{8, 4}, {5, 7}, {2, 6}, {3}, {1}], [{8, 4}, {5, 7}, {3, 6}, {1, 2}], [{8, 4}, {5, 7}, {3, 6}, {2}, {1}], [{8, 4}, {5, 7}, {6}, {1, 3}, {2}], [{8, 4}, {5, 7}, {6}, {2, 3}, {1}], [{8, 4}, {5, 7}, {6}, {3}, {1, 2}], [{8, 4}, {5, 7}, {6}, {3}, {2}, {1}], [{8, 4}, {6, 7}, {1, 5}, {2, 3}], [{8, 4}, {6, 7}, {2, 5}, {1, 3}], [{8, 4}, {6, 7}, {3, 5}, {1, 2}], [{8, 4}, {6, 7}, {3, 5}, {2}, {1}], [{8, 4}, {7}, {1, 6}, {3, 5}, {2}], [{8, 4}, {7}, {2, 6}, {3, 5}, {1}], [{8, 4}, {7}, {6}, {3, 5}, {1, 2}], [{8, 4}, {7}, {6}, {3, 5}, {2}, {1}], [{8, 5}, {1, 7}, {2, 6}, {3, 4}], [{8, 5}, {1, 7}, {3, 6}, {2, 4}], [{8, 5}, {1, 7}, {4, 6}, {2, 3}], [{8, 5}, {1, 7}, {6}, {2, 4}, {3}], [{8, 5}, {2, 7}, {1, 6}, {3, 4}], [{8, 5}, {2, 7}, {3, 6}, {1, 4}], [{8, 5}, {2, 7}, {4, 6}, {1, 3}], [{8, 5}, {2, 7}, {6}, {3, 4}, {1}], [{8, 5}, {3, 7}, {1, 6}, {2, 4}], [{8, 5}, {3, 7}, {2, 6}, {1, 4}], [{8, 5}, {3, 7}, {4, 6}, {1, 2}], [{8, 5}, {3, 7}, {6}, {1, 4}, {2}], [{8, 5}, {3, 7}, {6}, {2, 4}, {1}], [{8, 5}, {3, 7}, {6}, {4}, {1, 2}], [{8, 5}, {4, 7}, {1, 6}, {2, 3}], [{8, 5}, {4, 7}, {2, 6}, {1, 3}], [{8, 5}, {4, 7}, {3, 6}, {1, 2}], [{8, 5}, {6, 7}, {1, 4}, {2, 3}], [{8, 5}, {6, 7}, {2, 4}, {1, 3}], [{8, 5}, {6, 7}, {2, 4}, {3}, {1}], [{8, 5}, {6, 7}, {3, 4}, {1, 2}], [{8, 5}, {6, 7}, {3, 4}, {2}, {1}], [{8, 5}, {6, 7}, {4}, {2, 3}, {1}], [{8, 5}, {7}, {1, 6}, {2, 4}, {3}], [{8, 5}, {7}, {2, 6}, {1, 4}, {3}], [{8, 5}, {7}, {2, 6}, {3, 4}, {1}], [{8, 5}, {7}, {2, 6}, {4}, {1, 3}], [{8, 5}, {7}, {3, 6}, {2, 4}, {1}], [{8, 5}, {7}, {4, 6}, {1, 3}, {2}], [{8, 5}, {7}, {6}, {2, 4}, {1, 3}], [{8, 6}, {1, 7}, {2, 5}, {3, 4}], [{8, 6}, {1, 7}, {3, 5}, {2, 4}], [{8, 6}, {1, 7}, {4, 5}, {2, 3}], [{8, 6}, {1, 7}, {5}, {2, 4}, {3}], [{8, 6}, {2, 7}, {1, 5}, {3, 4}], [{8, 6}, {2, 7}, {3, 5}, {1, 4}], [{8, 6}, {2, 7}, {4, 5}, {1, 3}], [{8, 6}, {2, 7}, {4, 5}, {3}, {1}], [{8, 6}, {3, 7}, {1, 5}, {2, 4}], [{8, 6}, {3, 7}, {2, 5}, {1, 4}], [{8, 6}, {3, 7}, {4, 5}, {1, 2}], [{8, 6}, {3, 7}, {5}, {1, 4}, {2}], [{8, 6}, {4, 7}, {1, 5}, {2, 3}], [{8, 6}, {4, 7}, {2, 5}, {1, 3}], [{8, 6}, {4, 7}, {3, 5}, {1, 2}], [{8, 6}, {4, 7}, {3, 5}, {2}, {1}], [{8, 6}, {5, 7}, {1, 4}, {2, 3}], [{8, 6}, {5, 7}, {2, 4}, {1, 3}], [{8, 6}, {5, 7}, {3, 4}, {1, 2}], [{8, 6}, {7}, {2, 5}, {1, 4}, {3}], [{8, 7}, {1, 6}, {2, 5}, {3, 4}], [{8, 7}, {1, 6}, {3, 5}, {2, 4}], [{8, 7}, {1, 6}, {4, 5}, {2, 3}], [{8, 7}, {2, 6}, {1, 5}, {3, 4}], [{8, 7}, {2, 6}, {1, 5}, {4}, {3}], [{8, 7}, {2, 6}, {3, 5}, {1, 4}], [{8, 7}, {2, 6}, {4, 5}, {1, 3}], [{8, 7}, {3, 6}, {1, 5}, {2, 4}], [{8, 7}, {3, 6}, {2, 5}, {1, 4}], [{8, 7}, {3, 6}, {4, 5}, {1, 2}], [{8, 7}, {4, 6}, {1, 5}, {2, 3}], [{8, 7}, {4, 6}, {2, 5}, {1, 3}], [{8, 7}, {4, 6}, {3, 5}, {1, 2}], [{8, 7}, {4, 6}, {3, 5}, {2}, {1}], [{8, 7}, {5, 6}, {1, 4}, {2, 3}], [{8, 7}, {5, 6}, {2, 4}, {1, 3}], [{8, 7}, {5, 6}, {3, 4}, {1, 2}], [{8, 7}, {5, 6}, {4}, {1, 3}, {2}], [{8, 7}, {6}, {1, 5}, {3, 4}, {2}], [{8, 7}, {6}, {4, 5}, {2, 3}, {1}], [{8, 7}, {6}, {5}, {2, 4}, {1, 3}], [{8}, {1, 7}, {4, 6}, {2, 5}, {3}], [{8}, {1, 7}, {5, 6}, {2, 4}, {3}], [{8}, {1, 7}, {6}, {4, 5}, {2, 3}], [{8}, {2, 7}, {1, 6}, {4, 5}, {3}], [{8}, {3, 7}, {2, 6}, {5}, {1, 4}], [{8}, {3, 7}, {5, 6}, {1, 4}, {2}], [{8}, {3, 7}, {6}, {1, 5}, {2, 4}], [{8}, {3, 7}, {6}, {2, 5}, {1, 4}], [{8}, {3, 7}, {6}, {4, 5}, {1, 2}], [{8}, {3, 7}, {6}, {5}, {1, 4}, {2}], [{8}, {5, 7}, {6}, {2, 4}, {1, 3}], [{8}, {5, 7}, {6}, {3, 4}, {1, 2}], [{8}, {6, 7}, {1, 5}, {2, 4}, {3}], [{8}, {7}, {3, 6}, {1, 5}, {2, 4}]]",2,- 8 K_1^4 + 12 K_1^3 + 16 K_1^2 K_2 - 16 K_1^2 - 12 K_1 K_2 - 6 K_1 K_3 - 3 K_1 + 7 K_2 + 3 K_3 + 8,O1O2O3O4U5U2U3O6U7O5O8U4U8O7U1U6,O1O2O3U4U1U2U5O6O5U7O8O4U8U3O7U6,O1O2O3U4O5U1U6O7O6U5O8O4U8U2U3U7,c,{'O1O2O3O4U5U4O6U7U1O7O8U6O5U2U3U8'},1,"<a href=""/flatknot/8.850890"">8.850890</a>",t^9-27t^7-52t^6+34t^5+108t^4+12t^3-38t^2+2,-t^2+2t,,
8.850891,O1O2O3O4U5U4O6U7U1O7O8U6O5U2U8U3,4,15z^2+100z+141,15w^3z^2+100w^2z+141w,False,False,"[[ 0 -1 -1  2  1 -1  0 -1  1],[ 1  0  0  1  0  0  0  1  1],[ 1  0  0  2  1  0  0  1  1],[-2 -1 -2  0  1 -2 -1 -2  0],[-1  0 -1 -1  0 -1  0 -1 -1],[ 1  0  0  2  1  0  0  0  0],[ 0  0  0  1  0  0  0  0  1],[ 1 -1 -1  2  1  0  0  0  1],[-1 -1 -1  0  1  0 -1 -1  0]]","[[ 0  2  1  1  0 -1 -1 -1 -1],[-2  0  1  0 -1 -1 -2 -2 -2],[-1 -1  0 -1  0  0 -1 -1 -1],[-1  0  1  0 -1 -1  0 -1 -1],[ 0  1  0  1  0  0  0  0  0],[ 1  1  0  1  0  0  0  1  0],[ 1  2  1  0  0  0  0  0  0],[ 1  2  1  1  0 -1  0  0 -1],[ 1  2  1  1  0  0  0  1  0]]",True,"[-2,-1,-1,0,1,1,1,1,-1,0,1,1,2,2,2,1,0,0,1,1,1,1,1,0,1,1,0,0,0,0,0,-1,0,0,0,1]","[-2,-1,-1,0,1,1,1,1,-1,0,1,1,2,2,2,1,0,0,1,1,1,1,1,0,1,1,0,0,0,0,0,-1,0,0,0,1]",t^8+25t^6+56t^4+25t^2+1,"[-1,-1,-1,-1,0,1,1,2,-1,0,0,1,1,1,1,0,1,1,1,1,1,0,1,1,2,1,1,2,1,2,1,0,1,1,2,1]","[-2,-1,-1,0,1,1,1,1,1,2,1,1,1,1,2,1,0,1,1,2,1,1,1,1,1,2,1,1,1,1,-1,0,-1,0,0,0]","[-1,-1,-1,-1,0,1,1,2,-1,-1,0,0,1,1,2,0,0,0,0,1,1,0,0,1,1,2,0,1,0,2,0,1,1,-1,-1,0]",c,"[[{8, 1}, {3, 7}, {5, 6}, {2, 4}], [{8, 1}, {3, 7}, {5, 6}, {4}, {2}], [{8, 1}, {5, 7}, {3, 6}, {2, 4}], [{8, 1}, {6, 7}, {3, 5}, {2, 4}]]",1,4 K_1^3 - 22 K_1^2 - 16 K_1 K_2 + 5 K_1 + 11 K_2 + 7 K_3 + 12,O1O2O3O4U2U5U3O6U7O5O8U4U8O7U1U6,O1O2O3U4U1U3U5O6O5U7O8O4U8U2O7U6,O1O2O3U4O5U2U6O7O6U5O8O4U8U1U3U7,c,{'O1O2O3O4U5U4O6U7U1O7O8U6O5U2U8U3'},1,"<a href=""/flatknot/8.850891"">8.850891</a>",t^9-23t^7-32t^6+47t^5+64t^4-28t^3-26t^2+2,-t^2+2t,,
8.850892,O1O2O3O4U5U4O6U7U1O7O8U6O5U3U2U8,4,8z^3+49z^2+102z+73,-4w^5z^3+12w^4z^3-12w^4z^2+61w^3z^2+102w^2z+73w,False,False,"[[ 0 -1  0  0  1 -1  0 -1  2],[ 1  0  1  0  0  0  0  1  2],[ 0 -1  0  0  1 -1  0  0  2],[ 0  0  0  0  1 -1  0  0  1],[-1  0 -1 -1  0 -1  0 -1 -1],[ 1  0  1  1  1  0  0  0  1],[ 0  0  0  0  0  0  0  0  1],[ 1 -1  0  0  1  0  0  0  2],[-2 -2 -2 -1  1 -1 -1 -2  0]]","[[ 0  2  1  0  0  0 -1 -1 -1],[-2  0  1 -1 -1 -2 -1 -2 -2],[-1 -1  0  0 -1 -1 -1  0 -1],[ 0  1  0  0  0  0  0  0  0],[ 0  1  1  0  0  0 -1  0  0],[ 0  2  1  0  0  0 -1 -1  0],[ 1  1  1  0  1  1  0  0  0],[ 1  2  0  0  0  1  0  0  1],[ 1  2  1  0  0  0  0 -1  0]]",True,"[-2,-1,0,0,0,1,1,1,-1,1,1,2,1,2,2,0,1,1,1,0,1,0,0,0,0,0,0,1,0,0,1,1,0,0,0,-1]","[-2,-1,0,0,0,1,1,1,-1,1,1,2,1,2,2,0,1,1,1,0,1,0,0,0,0,0,0,1,0,0,1,1,0,0,0,-1]",t^8+24t^6+52t^4+15t^2+1,"[-1,-1,-1,0,0,0,1,2,-1,0,0,1,1,2,1,0,1,1,1,1,1,0,0,1,1,2,0,0,0,0,0,0,1,1,1,2]","[-2,-1,0,0,0,1,1,1,2,0,1,1,1,1,2,0,0,1,1,2,1,0,0,1,0,0,0,1,1,0,1,1,1,-1,0,0]","[-1,-1,-1,0,0,0,1,2,-1,0,0,0,0,1,2,0,0,0,1,0,2,0,1,1,1,1,0,0,0,1,0,1,1,1,2,-1]",c,"[[{8, 1}, {2, 7}, {3, 6}, {4, 5}], [{8, 1}, {2, 7}, {4, 6}, {3, 5}], [{8, 1}, {2, 7}, {4, 6}, {5}, {3}], [{8, 1}, {2, 7}, {5, 6}, {3, 4}], [{8, 1}, {2, 7}, {5, 6}, {4}, {3}], [{8, 1}, {2, 7}, {6}, {4, 5}, {3}], [{8, 1}, {3, 7}, {2, 6}, {4, 5}], [{8, 1}, {3, 7}, {4, 6}, {2, 5}], [{8, 1}, {3, 7}, {4, 6}, {5}, {2}], [{8, 1}, {3, 7}, {5, 6}, {2, 4}], [{8, 1}, {3, 7}, {5, 6}, {4}, {2}], [{8, 1}, {3, 7}, {6}, {4, 5}, {2}], [{8, 1}, {4, 7}, {2, 6}, {3, 5}], [{8, 1}, {4, 7}, {3, 6}, {2, 5}], [{8, 1}, {4, 7}, {5, 6}, {2, 3}], [{8, 1}, {4, 7}, {5, 6}, {3}, {2}], [{8, 1}, {5, 7}, {2, 6}, {3, 4}], [{8, 1}, {5, 7}, {3, 6}, {2, 4}], [{8, 1}, {5, 7}, {4, 6}, {2, 3}], [{8, 1}, {5, 7}, {4, 6}, {3}, {2}], [{8, 1}, {6, 7}, {2, 5}, {3, 4}], [{8, 1}, {6, 7}, {3, 5}, {2, 4}], [{8, 1}, {6, 7}, {4, 5}, {2, 3}], [{8, 1}, {6, 7}, {4, 5}, {3}, {2}], [{8, 1}, {7}, {2, 6}, {4, 5}, {3}], [{8, 1}, {7}, {3, 6}, {4, 5}, {2}], [{8, 1}, {7}, {4, 6}, {2, 5}, {3}], [{8, 1}, {7}, {4, 6}, {3, 5}, {2}], [{8, 1}, {7}, {4, 6}, {5}, {2, 3}], [{8, 1}, {7}, {4, 6}, {5}, {3}, {2}], [{8, 1}, {7}, {5, 6}, {2, 4}, {3}], [{8, 1}, {7}, {5, 6}, {3, 4}, {2}], [{8, 1}, {7}, {5, 6}, {4}, {2, 3}], [{8, 1}, {7}, {5, 6}, {4}, {3}, {2}], [{8, 1}, {7}, {6}, {4, 5}, {2, 3}], [{8, 1}, {7}, {6}, {4, 5}, {3}, {2}], [{8, 2}, {1, 7}, {3, 6}, {4, 5}], [{8, 2}, {1, 7}, {4, 6}, {3, 5}], [{8, 2}, {1, 7}, {5, 6}, {3, 4}], [{8, 2}, {1, 7}, {6}, {4, 5}, {3}], [{8, 2}, {3, 7}, {1, 6}, {4, 5}], [{8, 2}, {3, 7}, {4, 6}, {1, 5}], [{8, 2}, {3, 7}, {5, 6}, {1, 4}], [{8, 2}, {3, 7}, {6}, {5}, {1, 4}], [{8, 2}, {4, 7}, {1, 6}, {3, 5}], [{8, 2}, {4, 7}, {3, 6}, {1, 5}], [{8, 2}, {4, 7}, {5, 6}, {1, 3}], [{8, 2}, {5, 7}, {1, 6}, {3, 4}], [{8, 2}, {5, 7}, {3, 6}, {1, 4}], [{8, 2}, {5, 7}, {4, 6}, {1, 3}], [{8, 2}, {5, 7}, {6}, {4}, {1, 3}], [{8, 2}, {6, 7}, {1, 5}, {3, 4}], [{8, 2}, {6, 7}, {1, 5}, {4}, {3}], [{8, 2}, {6, 7}, {3, 5}, {1, 4}], [{8, 2}, {6, 7}, {4, 5}, {1, 3}], [{8, 3}, {1, 7}, {2, 6}, {4, 5}], [{8, 3}, {1, 7}, {4, 6}, {2, 5}], [{8, 3}, {1, 7}, {5, 6}, {2, 4}], [{8, 3}, {1, 7}, {6}, {4, 5}, {2}], [{8, 3}, {2, 7}, {1, 6}, {4, 5}], [{8, 3}, {2, 7}, {4, 6}, {1, 5}], [{8, 3}, {2, 7}, {5, 6}, {1, 4}], [{8, 3}, {2, 7}, {6}, {1, 5}, {4}], [{8, 3}, {4, 7}, {1, 6}, {2, 5}], [{8, 3}, {4, 7}, {2, 6}, {1, 5}], [{8, 3}, {4, 7}, {2, 6}, {5}, {1}], [{8, 3}, {4, 7}, {5, 6}, {1, 2}], [{8, 3}, {5, 7}, {1, 6}, {2, 4}], [{8, 3}, {5, 7}, {2, 6}, {1, 4}], [{8, 3}, {5, 7}, {4, 6}, {1, 2}], [{8, 3}, {5, 7}, {6}, {1, 4}, {2}], [{8, 3}, {5, 7}, {6}, {2, 4}, {1}], [{8, 3}, {5, 7}, {6}, {4}, {1, 2}], [{8, 3}, {6, 7}, {1, 5}, {2, 4}], [{8, 3}, {6, 7}, {2, 5}, {1, 4}], [{8, 3}, {6, 7}, {4, 5}, {1, 2}], [{8, 3}, {6, 7}, {4, 5}, {2}, {1}], [{8, 3}, {7}, {1, 6}, {4, 5}, {2}], [{8, 3}, {7}, {4, 6}, {1, 5}, {2}], [{8, 4}, {1, 7}, {2, 6}, {3, 5}], [{8, 4}, {1, 7}, {3, 6}, {2, 5}], [{8, 4}, {1, 7}, {3, 6}, {5}, {2}], [{8, 4}, {1, 7}, {5, 6}, {2, 3}], [{8, 4}, {2, 7}, {1, 6}, {3, 5}], [{8, 4}, {2, 7}, {3, 6}, {1, 5}], [{8, 4}, {2, 7}, {5, 6}, {1, 3}], [{8, 4}, {2, 7}, {5, 6}, {3}, {1}], [{8, 4}, {3, 7}, {1, 6}, {2, 5}], [{8, 4}, {3, 7}, {2, 6}, {1, 5}], [{8, 4}, {3, 7}, {2, 6}, {5}, {1}], [{8, 4}, {3, 7}, {5, 6}, {1, 2}], [{8, 4}, {5, 7}, {1, 6}, {2, 3}], [{8, 4}, {5, 7}, {2, 6}, {1, 3}], [{8, 4}, {5, 7}, {3, 6}, {1, 2}], [{8, 4}, {5, 7}, {6}, {2, 3}, {1}], [{8, 4}, {6, 7}, {1, 5}, {2, 3}], [{8, 4}, {6, 7}, {2, 5}, {1, 3}], [{8, 4}, {6, 7}, {3, 5}, {1, 2}], [{8, 4}, {6, 7}, {5}, {3}, {1, 2}], [{8, 4}, {7}, {2, 6}, {1, 5}, {3}], [{8, 5}, {1, 7}, {2, 6}, {3, 4}], [{8, 5}, {1, 7}, {3, 6}, {2, 4}], [{8, 5}, {1, 7}, {3, 6}, {4}, {2}], [{8, 5}, {1, 7}, {4, 6}, {2, 3}], [{8, 5}, {2, 7}, {1, 6}, {3, 4}], [{8, 5}, {2, 7}, {3, 6}, {1, 4}], [{8, 5}, {2, 7}, {4, 6}, {1, 3}], [{8, 5}, {2, 7}, {6}, {3, 4}, {1}], [{8, 5}, {3, 7}, {1, 6}, {2, 4}], [{8, 5}, {3, 7}, {2, 6}, {1, 4}], [{8, 5}, {3, 7}, {4, 6}, {1, 2}], [{8, 5}, {3, 7}, {6}, {1, 4}, {2}], [{8, 5}, {3, 7}, {6}, {2, 4}, {1}], [{8, 5}, {3, 7}, {6}, {4}, {1, 2}], [{8, 5}, {4, 7}, {1, 6}, {2, 3}], [{8, 5}, {4, 7}, {1, 6}, {3}, {2}], [{8, 5}, {4, 7}, {2, 6}, {1, 3}], [{8, 5}, {4, 7}, {3, 6}, {1, 2}], [{8, 5}, {6, 7}, {1, 4}, {2, 3}], [{8, 5}, {6, 7}, {2, 4}, {1, 3}], [{8, 5}, {6, 7}, {2, 4}, {3}, {1}], [{8, 5}, {6, 7}, {3, 4}, {1, 2}], [{8, 5}, {6, 7}, {3, 4}, {2}, {1}], [{8, 5}, {6, 7}, {4}, {2, 3}, {1}], [{8, 5}, {7}, {2, 6}, {3, 4}, {1}], [{8, 5}, {7}, {3, 6}, {2, 4}, {1}], [{8, 5}, {7}, {4, 6}, {1, 3}, {2}], [{8, 6}, {1, 7}, {2, 5}, {3, 4}], [{8, 6}, {1, 7}, {3, 5}, {2, 4}], [{8, 6}, {1, 7}, {4, 5}, {2, 3}], [{8, 6}, {1, 7}, {4, 5}, {3}, {2}], [{8, 6}, {2, 7}, {1, 5}, {3, 4}], [{8, 6}, {2, 7}, {1, 5}, {4}, {3}], [{8, 6}, {2, 7}, {3, 5}, {1, 4}], [{8, 6}, {2, 7}, {4, 5}, {1, 3}], [{8, 6}, {3, 7}, {1, 5}, {2, 4}], [{8, 6}, {3, 7}, {2, 5}, {1, 4}], [{8, 6}, {3, 7}, {4, 5}, {1, 2}], [{8, 6}, {3, 7}, {4, 5}, {2}, {1}], [{8, 6}, {4, 7}, {1, 5}, {2, 3}], [{8, 6}, {4, 7}, {1, 5}, {3}, {2}], [{8, 6}, {4, 7}, {2, 5}, {1, 3}], [{8, 6}, {4, 7}, {3, 5}, {1, 2}], [{8, 6}, {4, 7}, {3, 5}, {2}, {1}], [{8, 6}, {4, 7}, {5}, {1, 3}, {2}], [{8, 6}, {5, 7}, {1, 4}, {2, 3}], [{8, 6}, {5, 7}, {2, 4}, {1, 3}], [{8, 6}, {5, 7}, {3, 4}, {1, 2}], [{8, 6}, {5, 7}, {4}, {1, 3}, {2}], [{8, 6}, {7}, {1, 5}, {2, 4}, {3}], [{8, 6}, {7}, {4, 5}, {1, 3}, {2}], [{8, 7}, {1, 6}, {2, 5}, {3, 4}], [{8, 7}, {1, 6}, {3, 5}, {2, 4}], [{8, 7}, {1, 6}, {4, 5}, {2, 3}], [{8, 7}, {1, 6}, {4, 5}, {3}, {2}], [{8, 7}, {2, 6}, {1, 5}, {3, 4}], [{8, 7}, {2, 6}, {3, 5}, {1, 4}], [{8, 7}, {2, 6}, {4, 5}, {1, 3}], [{8, 7}, {2, 6}, {4, 5}, {3}, {1}], [{8, 7}, {3, 6}, {1, 5}, {2, 4}], [{8, 7}, {3, 6}, {2, 5}, {1, 4}], [{8, 7}, {3, 6}, {4, 5}, {1, 2}], [{8, 7}, {3, 6}, {4, 5}, {2}, {1}], [{8, 7}, {4, 6}, {1, 5}, {2, 3}], [{8, 7}, {4, 6}, {2, 5}, {1, 3}], [{8, 7}, {4, 6}, {2, 5}, {3}, {1}], [{8, 7}, {4, 6}, {3, 5}, {1, 2}], [{8, 7}, {5, 6}, {1, 4}, {2, 3}], [{8, 7}, {5, 6}, {2, 4}, {1, 3}], [{8, 7}, {5, 6}, {2, 4}, {3}, {1}], [{8, 7}, {5, 6}, {3, 4}, {1, 2}], [{8, 7}, {6}, {1, 5}, {3, 4}, {2}], [{8, 7}, {6}, {3, 5}, {1, 4}, {2}], [{8, 7}, {6}, {4, 5}, {1, 3}, {2}], [{8, 7}, {6}, {4, 5}, {2, 3}, {1}], [{8, 7}, {6}, {4, 5}, {3}, {1, 2}], [{8, 7}, {6}, {4, 5}, {3}, {2}, {1}], [{8}, {1, 7}, {2, 6}, {4, 5}, {3}], [{8}, {1, 7}, {3, 6}, {4, 5}, {2}], [{8}, {1, 7}, {4, 6}, {2, 5}, {3}], [{8}, {1, 7}, {5, 6}, {2, 4}, {3}], [{8}, {1, 7}, {6}, {4, 5}, {2, 3}], [{8}, {1, 7}, {6}, {4, 5}, {3}, {2}], [{8}, {2, 7}, {3, 6}, {1, 5}, {4}], [{8}, {2, 7}, {5, 6}, {1, 4}, {3}], [{8}, {3, 7}, {1, 6}, {4, 5}, {2}], [{8}, {3, 7}, {2, 6}, {1, 5}, {4}], [{8}, {3, 7}, {6}, {2, 5}, {1, 4}], [{8}, {4, 7}, {6}, {2, 5}, {1, 3}], [{8}, {4, 7}, {6}, {3, 5}, {1, 2}], [{8}, {5, 7}, {2, 6}, {4}, {1, 3}], [{8}, {6, 7}, {2, 5}, {1, 4}, {3}], [{8}, {6, 7}, {4, 5}, {1, 3}, {2}], [{8}, {7}, {3, 6}, {2, 5}, {1, 4}]]",2,4 K_1^2 K_2 - 6 K_1^2 - 8 K_1 K_2 - 4 K_1 K_3 + 4 K_1 - 4 K_2^2 + 3 K_2 + 4 K_3 + 3 K_4 + 5,O1O2O3O4U5U3U2O6U7O5O8U4U8O7U1U6,O1O2O3U4U2U1U5O6O5U7O8O4U8U3O7U6,O1O2O3U4O5U1U6O7O6U5O8O4U8U3U2U7,c,{'O1O2O3O4U5U4O6U7U1O7O8U6O5U3U2U8'},1,"<a href=""/flatknot/8.850892"">8.850892</a>",t^9-22t^7-36t^6+49t^5+92t^4-18t^3-22t^2+4t,-t^2+2t,,
8.850893,O1O2O3O4U5U4O6U7U1O7O8U6O5U3U8U2,4,5z^3+39z^2+93z+71,5w^4z^3+39w^3z^2+93w^2z+71w,False,False,"[[ 0 -1  1  0  1 -1  0 -1  1],[ 1  0  1  0  0  0  0  1  1],[-1 -1  0 -1  1 -1 -1 -1  1],[ 0  0  1  0  1 -1  0  0  1],[-1  0 -1 -1  0 -1  0 -1 -1],[ 1  0  1  1  1  0  0  0  0],[ 0  0  1  0  0  0  0  0  1],[ 1 -1  1  0  1  0  0  0  1],[-1 -1 -1 -1  1  0 -1 -1  0]]","[[ 0  1  1  1  0  0 -1 -1 -1],[-1  0  1  1 -1 -1 -1 -1 -1],[-1 -1  0  1 -1 -1  0 -1 -1],[-1 -1 -1  0  0 -1 -1  0 -1],[ 0  1  1  0  0  0  0  0  0],[ 0  1  1  1  0  0 -1  0  0],[ 1  1  0  1  0  1  0  0  0],[ 1  1  1  0  0  0  0  0  1],[ 1  1  1  1  0  0  0 -1  0]]",True,"[-1,-1,-1,0,0,1,1,1,-1,-1,1,1,1,1,1,-1,1,1,0,1,1,0,1,1,0,1,0,0,0,0,1,0,0,0,0,-1]","[-1,-1,-1,0,0,1,1,1,-1,-1,0,1,1,1,2,-1,0,0,1,2,1,0,0,1,1,1,0,1,0,1,1,1,1,0,-1,0]",t^8+17t^6+41t^4+16t^2+1,"[-1,-1,-1,0,0,1,1,1,-1,0,1,1,1,1,2,0,1,1,1,1,1,0,1,1,2,1,0,0,0,0,0,0,1,-1,-1,-1]","[-1,-1,-1,0,0,1,1,1,-1,-1,0,1,1,1,2,-1,0,0,1,2,1,0,0,1,1,1,0,1,0,1,1,1,1,0,-1,0]","[-1,-1,-1,0,0,1,1,1,-1,0,0,0,1,1,1,0,0,0,0,1,1,0,1,1,0,1,0,0,1,1,1,1,1,-1,-1,-1]",c,"[[{8, 1}, {2, 7}, {3, 6}, {4, 5}], [{8, 1}, {2, 7}, {6}, {4, 5}, {3}]]",1,12 K_1^3 - 8 K_1^2 - 16 K_1 K_2 - K_1 + 4 K_2 + 5 K_3 + 5,O1O2O3O4U3U5U2O6U7O5O8U4U8O7U1U6,O1O2O3U4U3U1U5O6O5U7O8O4U8U2O7U6,O1O2O3U4O5U2U6O7O6U5O8O4U8U3U1U7,c,{'O1O2O3O4U5U4O6U7U1O7O8U6O5U3U8U2'},1,"<a href=""/flatknot/8.850893"">8.850893</a>",t^9-17t^7-24t^6+39t^5+80t^4-4t^3-60t^2-23t,0,,
8.850894,O1O2O3O4U5U4O6U7U1O7O8U6O5U8U2U3,3,17z^2+82z+97,-2w^4z^2+19w^3z^2-4w^3z+86w^2z+97w,False,False,"[[ 0 -1  0  2  1 -1  0 -1  0],[ 1  0  0  1  0  0  0  1  0],[ 0  0  0  1  1  0 -1  0  0],[-2 -1 -1  0  1 -2 -1 -2  0],[-1  0 -1 -1  0 -1  0 -1 -1],[ 1  0  0  2  1  0  0  0 -1],[ 0  0  1  1  0  0  0  0  1],[ 1 -1  0  2  1  0  0  0  0],[ 0  0  0  0  1  1 -1  0  0]]","[[ 0  2  1  0  0  0 -1 -1 -1],[-2  0  1  0 -1 -1 -1 -2 -2],[-1 -1  0 -1  0 -1  0 -1 -1],[ 0  0  1  0 -1  0  0  1  0],[ 0  1  0  1  0  1  0  0  0],[ 0  1  1  0 -1  0  0  0  0],[ 1  1  0  0  0  0  0  0  1],[ 1  2  1 -1  0  0  0  0  0],[ 1  2  1  0  0  0 -1  0  0]]",True,"[-2,-1,0,0,0,1,1,1,-1,0,1,1,1,2,2,1,0,1,0,1,1,1,0,0,-1,0,-1,0,0,0,0,0,0,0,-1,0]","[-2,-1,0,0,0,1,1,1,-1,0,1,1,1,2,2,1,0,1,0,1,1,1,0,0,-1,0,-1,0,0,0,0,0,0,0,-1,0]",t^8+20t^6+70t^4+41t^2,"[-1,-1,-1,0,0,0,1,2,-1,0,1,1,1,2,2,0,1,1,1,1,1,1,1,2,1,1,-1,-1,1,1,0,0,1,0,2,2]","[-2,-1,0,0,0,1,1,1,2,1,1,2,1,1,2,0,1,0,1,1,2,-1,0,1,1,1,1,1,1,1,1,2,1,0,-1,0]","[-1,-1,-1,0,0,0,1,2,-1,0,0,0,0,1,2,0,0,0,0,0,1,-1,0,0,1,2,-1,0,1,0,1,0,1,1,1,-1]",c,"[[{8, 1}, {2, 7}, {3, 6}, {4, 5}], [{8, 1}, {2, 7}, {3, 6}, {5}, {4}], [{8, 1}, {2, 7}, {4, 6}, {3, 5}], [{8, 1}, {2, 7}, {4, 6}, {5}, {3}], [{8, 1}, {2, 7}, {5, 6}, {3, 4}], [{8, 1}, {2, 7}, {5, 6}, {4}, {3}], [{8, 1}, {2, 7}, {6}, {3, 5}, {4}], [{8, 1}, {2, 7}, {6}, {4, 5}, {3}], [{8, 1}, {2, 7}, {6}, {5}, {3, 4}], [{8, 1}, {2, 7}, {6}, {5}, {4}, {3}], [{8, 1}, {3, 7}, {2, 6}, {4, 5}], [{8, 1}, {3, 7}, {2, 6}, {5}, {4}], [{8, 1}, {3, 7}, {4, 6}, {2, 5}], [{8, 1}, {3, 7}, {4, 6}, {5}, {2}], [{8, 1}, {3, 7}, {5, 6}, {2, 4}], [{8, 1}, {3, 7}, {5, 6}, {4}, {2}], [{8, 1}, {3, 7}, {6}, {2, 5}, {4}], [{8, 1}, {3, 7}, {6}, {4, 5}, {2}], [{8, 1}, {3, 7}, {6}, {5}, {2, 4}], [{8, 1}, {3, 7}, {6}, {5}, {4}, {2}], [{8, 1}, {4, 7}, {2, 6}, {3, 5}], [{8, 1}, {4, 7}, {2, 6}, {5}, {3}], [{8, 1}, {4, 7}, {3, 6}, {2, 5}], [{8, 1}, {4, 7}, {3, 6}, {5}, {2}], [{8, 1}, {4, 7}, {5, 6}, {2, 3}], [{8, 1}, {4, 7}, {5, 6}, {3}, {2}], [{8, 1}, {4, 7}, {6}, {2, 5}, {3}], [{8, 1}, {4, 7}, {6}, {3, 5}, {2}], [{8, 1}, {4, 7}, {6}, {5}, {2, 3}], [{8, 1}, {4, 7}, {6}, {5}, {3}, {2}], [{8, 1}, {5, 7}, {2, 6}, {3, 4}], [{8, 1}, {5, 7}, {2, 6}, {4}, {3}], [{8, 1}, {5, 7}, {3, 6}, {2, 4}], [{8, 1}, {5, 7}, {3, 6}, {4}, {2}], [{8, 1}, {5, 7}, {4, 6}, {2, 3}], [{8, 1}, {5, 7}, {4, 6}, {3}, {2}], [{8, 1}, {5, 7}, {6}, {2, 4}, {3}], [{8, 1}, {5, 7}, {6}, {3, 4}, {2}], [{8, 1}, {5, 7}, {6}, {4}, {2, 3}], [{8, 1}, {5, 7}, {6}, {4}, {3}, {2}], [{8, 1}, {6, 7}, {2, 5}, {3, 4}], [{8, 1}, {6, 7}, {2, 5}, {4}, {3}], [{8, 1}, {6, 7}, {3, 5}, {2, 4}], [{8, 1}, {6, 7}, {3, 5}, {4}, {2}], [{8, 1}, {6, 7}, {4, 5}, {2, 3}], [{8, 1}, {6, 7}, {4, 5}, {3}, {2}], [{8, 1}, {6, 7}, {5}, {2, 4}, {3}], [{8, 1}, {6, 7}, {5}, {3, 4}, {2}], [{8, 1}, {6, 7}, {5}, {4}, {2, 3}], [{8, 1}, {6, 7}, {5}, {4}, {3}, {2}], [{8, 1}, {7}, {2, 6}, {3, 5}, {4}], [{8, 1}, {7}, {2, 6}, {4, 5}, {3}], [{8, 1}, {7}, {2, 6}, {5}, {3, 4}], [{8, 1}, {7}, {2, 6}, {5}, {4}, {3}], [{8, 1}, {7}, {3, 6}, {2, 5}, {4}], [{8, 1}, {7}, {3, 6}, {4, 5}, {2}], [{8, 1}, {7}, {3, 6}, {5}, {2, 4}], [{8, 1}, {7}, {3, 6}, {5}, {4}, {2}], [{8, 1}, {7}, {4, 6}, {2, 5}, {3}], [{8, 1}, {7}, {4, 6}, {3, 5}, {2}], [{8, 1}, {7}, {4, 6}, {5}, {2, 3}], [{8, 1}, {7}, {4, 6}, {5}, {3}, {2}], [{8, 1}, {7}, {5, 6}, {2, 4}, {3}], [{8, 1}, {7}, {5, 6}, {3, 4}, {2}], [{8, 1}, {7}, {5, 6}, {4}, {2, 3}], [{8, 1}, {7}, {5, 6}, {4}, {3}, {2}], [{8, 1}, {7}, {6}, {2, 5}, {3, 4}], [{8, 1}, {7}, {6}, {2, 5}, {4}, {3}], [{8, 1}, {7}, {6}, {3, 5}, {2, 4}], [{8, 1}, {7}, {6}, {3, 5}, {4}, {2}], [{8, 1}, {7}, {6}, {4, 5}, {2, 3}], [{8, 1}, {7}, {6}, {4, 5}, {3}, {2}], [{8, 1}, {7}, {6}, {5}, {2, 4}, {3}], [{8, 1}, {7}, {6}, {5}, {3, 4}, {2}], [{8, 1}, {7}, {6}, {5}, {4}, {2, 3}], [{8, 1}, {7}, {6}, {5}, {4}, {3}, {2}], [{8, 2}, {1, 7}, {3, 6}, {4, 5}], [{8, 2}, {1, 7}, {4, 6}, {3, 5}], [{8, 2}, {1, 7}, {5, 6}, {3, 4}], [{8, 2}, {1, 7}, {6}, {3, 5}, {4}], [{8, 2}, {3, 7}, {1, 6}, {4, 5}], [{8, 2}, {3, 7}, {4, 6}, {1, 5}], [{8, 2}, {3, 7}, {5, 6}, {1, 4}], [{8, 2}, {3, 7}, {6}, {5}, {1, 4}], [{8, 2}, {4, 7}, {1, 6}, {3, 5}], [{8, 2}, {4, 7}, {3, 6}, {1, 5}], [{8, 2}, {4, 7}, {5, 6}, {1, 3}], [{8, 2}, {4, 7}, {6}, {1, 5}, {3}], [{8, 2}, {4, 7}, {6}, {3, 5}, {1}], [{8, 2}, {4, 7}, {6}, {5}, {1, 3}], [{8, 2}, {5, 7}, {1, 6}, {3, 4}], [{8, 2}, {5, 7}, {3, 6}, {1, 4}], [{8, 2}, {5, 7}, {4, 6}, {1, 3}], [{8, 2}, {5, 7}, {6}, {1, 4}, {3}], [{8, 2}, {6, 7}, {1, 5}, {3, 4}], [{8, 2}, {6, 7}, {1, 5}, {4}, {3}], [{8, 2}, {6, 7}, {3, 5}, {1, 4}], [{8, 2}, {6, 7}, {3, 5}, {4}, {1}], [{8, 2}, {6, 7}, {4, 5}, {1, 3}], [{8, 2}, {6, 7}, {5}, {4}, {1, 3}], [{8, 2}, {7}, {1, 6}, {3, 5}, {4}], [{8, 2}, {7}, {4, 6}, {1, 5}, {3}], [{8, 2}, {7}, {4, 6}, {3, 5}, {1}], [{8, 2}, {7}, {4, 6}, {5}, {1, 3}], [{8, 2}, {7}, {6}, {3, 5}, {1, 4}], [{8, 2}, {7}, {6}, {3, 5}, {4}, {1}], [{8, 3}, {1, 7}, {2, 6}, {4, 5}], [{8, 3}, {1, 7}, {4, 6}, {2, 5}], [{8, 3}, {1, 7}, {5, 6}, {2, 4}], [{8, 3}, {1, 7}, {6}, {4, 5}, {2}], [{8, 3}, {2, 7}, {1, 6}, {4, 5}], [{8, 3}, {2, 7}, {4, 6}, {1, 5}], [{8, 3}, {2, 7}, {5, 6}, {1, 4}], [{8, 3}, {2, 7}, {6}, {1, 5}, {4}], [{8, 3}, {4, 7}, {1, 6}, {2, 5}], [{8, 3}, {4, 7}, {1, 6}, {5}, {2}], [{8, 3}, {4, 7}, {2, 6}, {1, 5}], [{8, 3}, {4, 7}, {2, 6}, {5}, {1}], [{8, 3}, {4, 7}, {5, 6}, {1, 2}], [{8, 3}, {4, 7}, {5, 6}, {2}, {1}], [{8, 3}, {4, 7}, {6}, {1, 5}, {2}], [{8, 3}, {4, 7}, {6}, {2, 5}, {1}], [{8, 3}, {4, 7}, {6}, {5}, {1, 2}], [{8, 3}, {4, 7}, {6}, {5}, {2}, {1}], [{8, 3}, {5, 7}, {1, 6}, {2, 4}], [{8, 3}, {5, 7}, {2, 6}, {1, 4}], [{8, 3}, {5, 7}, {4, 6}, {1, 2}], [{8, 3}, {5, 7}, {6}, {1, 4}, {2}], [{8, 3}, {6, 7}, {1, 5}, {2, 4}], [{8, 3}, {6, 7}, {1, 5}, {4}, {2}], [{8, 3}, {6, 7}, {2, 5}, {1, 4}], [{8, 3}, {6, 7}, {2, 5}, {4}, {1}], [{8, 3}, {6, 7}, {4, 5}, {1, 2}], [{8, 3}, {6, 7}, {5}, {4}, {1, 2}], [{8, 3}, {7}, {2, 6}, {1, 5}, {4}], [{8, 3}, {7}, {4, 6}, {1, 5}, {2}], [{8, 3}, {7}, {4, 6}, {2, 5}, {1}], [{8, 3}, {7}, {4, 6}, {5}, {1, 2}], [{8, 3}, {7}, {6}, {1, 5}, {2, 4}], [{8, 3}, {7}, {6}, {1, 5}, {4}, {2}], [{8, 4}, {1, 7}, {2, 6}, {3, 5}], [{8, 4}, {1, 7}, {3, 6}, {2, 5}], [{8, 4}, {1, 7}, {5, 6}, {2, 3}], [{8, 4}, {1, 7}, {6}, {3, 5}, {2}], [{8, 4}, {2, 7}, {1, 6}, {3, 5}], [{8, 4}, {2, 7}, {3, 6}, {1, 5}], [{8, 4}, {2, 7}, {5, 6}, {1, 3}], [{8, 4}, {2, 7}, {6}, {3, 5}, {1}], [{8, 4}, {3, 7}, {1, 6}, {2, 5}], [{8, 4}, {3, 7}, {1, 6}, {5}, {2}], [{8, 4}, {3, 7}, {2, 6}, {1, 5}], [{8, 4}, {3, 7}, {2, 6}, {5}, {1}], [{8, 4}, {3, 7}, {5, 6}, {1, 2}], [{8, 4}, {3, 7}, {5, 6}, {2}, {1}], [{8, 4}, {3, 7}, {6}, {1, 5}, {2}], [{8, 4}, {3, 7}, {6}, {2, 5}, {1}], [{8, 4}, {3, 7}, {6}, {5}, {1, 2}], [{8, 4}, {3, 7}, {6}, {5}, {2}, {1}], [{8, 4}, {5, 7}, {1, 6}, {2, 3}], [{8, 4}, {5, 7}, {1, 6}, {3}, {2}], [{8, 4}, {5, 7}, {2, 6}, {1, 3}], [{8, 4}, {5, 7}, {2, 6}, {3}, {1}], [{8, 4}, {5, 7}, {3, 6}, {1, 2}], [{8, 4}, {5, 7}, {3, 6}, {2}, {1}], [{8, 4}, {5, 7}, {6}, {1, 3}, {2}], [{8, 4}, {5, 7}, {6}, {2, 3}, {1}], [{8, 4}, {5, 7}, {6}, {3}, {1, 2}], [{8, 4}, {5, 7}, {6}, {3}, {2}, {1}], [{8, 4}, {6, 7}, {1, 5}, {2, 3}], [{8, 4}, {6, 7}, {2, 5}, {1, 3}], [{8, 4}, {6, 7}, {3, 5}, {1, 2}], [{8, 4}, {6, 7}, {3, 5}, {2}, {1}], [{8, 4}, {7}, {1, 6}, {3, 5}, {2}], [{8, 4}, {7}, {2, 6}, {3, 5}, {1}], [{8, 4}, {7}, {6}, {3, 5}, {1, 2}], [{8, 4}, {7}, {6}, {3, 5}, {2}, {1}], [{8, 5}, {1, 7}, {2, 6}, {3, 4}], [{8, 5}, {1, 7}, {3, 6}, {2, 4}], [{8, 5}, {1, 7}, {4, 6}, {2, 3}], [{8, 5}, {1, 7}, {6}, {3, 4}, {2}], [{8, 5}, {2, 7}, {1, 6}, {3, 4}], [{8, 5}, {2, 7}, {3, 6}, {1, 4}], [{8, 5}, {2, 7}, {4, 6}, {1, 3}], [{8, 5}, {2, 7}, {6}, {4}, {1, 3}], [{8, 5}, {3, 7}, {1, 6}, {2, 4}], [{8, 5}, {3, 7}, {2, 6}, {1, 4}], [{8, 5}, {3, 7}, {4, 6}, {1, 2}], [{8, 5}, {3, 7}, {6}, {1, 4}, {2}], [{8, 5}, {4, 7}, {1, 6}, {2, 3}], [{8, 5}, {4, 7}, {1, 6}, {3}, {2}], [{8, 5}, {4, 7}, {2, 6}, {1, 3}], [{8, 5}, {4, 7}, {2, 6}, {3}, {1}], [{8, 5}, {4, 7}, {3, 6}, {1, 2}], [{8, 5}, {4, 7}, {3, 6}, {2}, {1}], [{8, 5}, {4, 7}, {6}, {1, 3}, {2}], [{8, 5}, {4, 7}, {6}, {2, 3}, {1}], [{8, 5}, {4, 7}, {6}, {3}, {1, 2}], [{8, 5}, {4, 7}, {6}, {3}, {2}, {1}], [{8, 5}, {6, 7}, {1, 4}, {2, 3}], [{8, 5}, {6, 7}, {2, 4}, {1, 3}], [{8, 5}, {6, 7}, {3, 4}, {1, 2}], [{8, 5}, {6, 7}, {4}, {1, 3}, {2}], [{8, 5}, {6, 7}, {4}, {2, 3}, {1}], [{8, 5}, {6, 7}, {4}, {3}, {1, 2}], [{8, 5}, {7}, {2, 6}, {4}, {1, 3}], [{8, 5}, {7}, {4, 6}, {1, 3}, {2}], [{8, 5}, {7}, {4, 6}, {2, 3}, {1}], [{8, 5}, {7}, {4, 6}, {3}, {1, 2}], [{8, 5}, {7}, {6}, {2, 4}, {1, 3}], [{8, 5}, {7}, {6}, {4}, {1, 3}, {2}], [{8, 6}, {1, 7}, {2, 5}, {3, 4}], [{8, 6}, {1, 7}, {3, 5}, {2, 4}], [{8, 6}, {1, 7}, {3, 5}, {4}, {2}], [{8, 6}, {1, 7}, {4, 5}, {2, 3}], [{8, 6}, {1, 7}, {5}, {2, 4}, {3}], [{8, 6}, {2, 7}, {1, 5}, {3, 4}], [{8, 6}, {2, 7}, {3, 5}, {1, 4}], [{8, 6}, {2, 7}, {3, 5}, {4}, {1}], [{8, 6}, {2, 7}, {4, 5}, {1, 3}], [{8, 6}, {3, 7}, {1, 5}, {2, 4}], [{8, 6}, {3, 7}, {2, 5}, {1, 4}], [{8, 6}, {3, 7}, {4, 5}, {1, 2}], [{8, 6}, {3, 7}, {5}, {1, 4}, {2}], [{8, 6}, {4, 7}, {1, 5}, {2, 3}], [{8, 6}, {4, 7}, {1, 5}, {3}, {2}], [{8, 6}, {4, 7}, {2, 5}, {1, 3}], [{8, 6}, {4, 7}, {3, 5}, {1, 2}], [{8, 6}, {4, 7}, {3, 5}, {2}, {1}], [{8, 6}, {4, 7}, {5}, {1, 3}, {2}], [{8, 6}, {5, 7}, {1, 4}, {2, 3}], [{8, 6}, {5, 7}, {1, 4}, {3}, {2}], [{8, 6}, {5, 7}, {2, 4}, {1, 3}], [{8, 6}, {5, 7}, {3, 4}, {1, 2}], [{8, 6}, {7}, {3, 5}, {1, 4}, {2}], [{8, 6}, {7}, {3, 5}, {2, 4}, {1}], [{8, 6}, {7}, {3, 5}, {4}, {1, 2}], [{8, 6}, {7}, {3, 5}, {4}, {2}, {1}], [{8, 7}, {1, 6}, {2, 5}, {3, 4}], [{8, 7}, {1, 6}, {3, 5}, {2, 4}], [{8, 7}, {1, 6}, {3, 5}, {4}, {2}], [{8, 7}, {1, 6}, {4, 5}, {2, 3}], [{8, 7}, {1, 6}, {5}, {2, 4}, {3}], [{8, 7}, {2, 6}, {1, 5}, {3, 4}], [{8, 7}, {2, 6}, {3, 5}, {1, 4}], [{8, 7}, {2, 6}, {3, 5}, {4}, {1}], [{8, 7}, {2, 6}, {4, 5}, {1, 3}], [{8, 7}, {3, 6}, {1, 5}, {2, 4}], [{8, 7}, {3, 6}, {2, 5}, {1, 4}], [{8, 7}, {3, 6}, {4, 5}, {1, 2}], [{8, 7}, {4, 6}, {1, 5}, {2, 3}], [{8, 7}, {4, 6}, {2, 5}, {1, 3}], [{8, 7}, {4, 6}, {3, 5}, {1, 2}], [{8, 7}, {4, 6}, {3, 5}, {2}, {1}], [{8, 7}, {5, 6}, {1, 4}, {2, 3}], [{8, 7}, {5, 6}, {2, 4}, {1, 3}], [{8, 7}, {5, 6}, {3, 4}, {1, 2}], [{8, 7}, {6}, {1, 5}, {3, 4}, {2}], [{8, 7}, {6}, {3, 5}, {1, 4}, {2}], [{8, 7}, {6}, {3, 5}, {2, 4}, {1}], [{8, 7}, {6}, {3, 5}, {4}, {1, 2}], [{8, 7}, {6}, {3, 5}, {4}, {2}, {1}], [{8, 7}, {6}, {4, 5}, {1, 3}, {2}], [{8}, {1, 7}, {2, 6}, {3, 5}, {4}], [{8}, {1, 7}, {4, 6}, {3, 5}, {2}], [{8}, {1, 7}, {6}, {3, 5}, {2, 4}], [{8}, {1, 7}, {6}, {3, 5}, {4}, {2}], [{8}, {2, 7}, {1, 6}, {3, 5}, {4}], [{8}, {2, 7}, {3, 6}, {4, 5}, {1}], [{8}, {2, 7}, {4, 6}, {3, 5}, {1}], [{8}, {2, 7}, {5, 6}, {3, 4}, {1}], [{8}, {2, 7}, {6}, {3, 5}, {1, 4}], [{8}, {2, 7}, {6}, {3, 5}, {4}, {1}], [{8}, {3, 7}, {2, 6}, {5}, {1, 4}], [{8}, {3, 7}, {5, 6}, {1, 4}, {2}], [{8}, {3, 7}, {6}, {2, 5}, {1, 4}], [{8}, {3, 7}, {6}, {5}, {1, 4}, {2}], [{8}, {4, 7}, {1, 6}, {3, 5}, {2}], [{8}, {4, 7}, {2, 6}, {1, 5}, {3}], [{8}, {4, 7}, {2, 6}, {3, 5}, {1}], [{8}, {4, 7}, {2, 6}, {5}, {1, 3}], [{8}, {4, 7}, {3, 6}, {1, 5}, {2}], [{8}, {4, 7}, {5, 6}, {1, 3}, {2}], [{8}, {4, 7}, {6}, {1, 5}, {2, 3}], [{8}, {4, 7}, {6}, {1, 5}, {3}, {2}], [{8}, {4, 7}, {6}, {2, 5}, {1, 3}], [{8}, {4, 7}, {6}, {3, 5}, {1, 2}], [{8}, {4, 7}, {6}, {3, 5}, {2}, {1}], [{8}, {4, 7}, {6}, {5}, {1, 3}, {2}], [{8}, {5, 7}, {2, 6}, {1, 4}, {3}], [{8}, {5, 7}, {3, 6}, {1, 4}, {2}], [{8}, {5, 7}, {6}, {1, 4}, {2, 3}], [{8}, {5, 7}, {6}, {1, 4}, {3}, {2}], [{8}, {6, 7}, {1, 5}, {4}, {2, 3}], [{8}, {6, 7}, {2, 5}, {4}, {1, 3}], [{8}, {6, 7}, {3, 5}, {1, 4}, {2}], [{8}, {6, 7}, {3, 5}, {2, 4}, {1}], [{8}, {6, 7}, {3, 5}, {4}, {1, 2}], [{8}, {6, 7}, {3, 5}, {4}, {2}, {1}], [{8}, {7}, {1, 6}, {3, 5}, {2, 4}], [{8}, {7}, {1, 6}, {3, 5}, {4}, {2}], [{8}, {7}, {2, 6}, {3, 5}, {1, 4}], [{8}, {7}, {2, 6}, {3, 5}, {4}, {1}], [{8}, {7}, {4, 6}, {1, 5}, {2, 3}], [{8}, {7}, {4, 6}, {2, 5}, {1, 3}], [{8}, {7}, {4, 6}, {3, 5}, {1, 2}], [{8}, {7}, {4, 6}, {3, 5}, {2}, {1}], [{8}, {7}, {6}, {3, 5}, {1, 4}, {2}], [{8}, {7}, {6}, {3, 5}, {2, 4}, {1}], [{8}, {7}, {6}, {3, 5}, {4}, {1, 2}], [{8}, {7}, {6}, {3, 5}, {4}, {2}, {1}]]",2,8 K_1^3 - 14 K_1^2 - 8 K_1 K_2 - 2 K_1 + 7 K_2 + 2 K_3 + 8,O1O2O3O4U2U3U5O6U7O5O8U4U8O7U1U6,O1O2O3U4U2U3U5O6O5U7O8O4U8U1O7U6,O1O2O3U4O5U3U6O7O6U5O8O4U8U1U2U7,c,{'O1O2O3O4U5U4O6U7U1O7O8U6O5U8U2U3'},1,"<a href=""/flatknot/8.850894"">8.850894</a>",t^9-18t^7-16t^6+55t^5+60t^4-16t^3-28t^2-8t,-t^2+2t,,
8.850895,O1O2O3O4U5U4O6U7U1O7O8U6O5U8U3U2,4,10z^3+55z^2+110z+81,10w^4z^3+55w^3z^2+110w^2z+81w,False,False,"[[ 0 -1  1  1  1 -1  0 -1  0],[ 1  0  1  0  0  0  0  1  0],[-1 -1  0  0  1 -1 -1 -1  0],[-1  0  0  0  1 -1 -1 -1  0],[-1  0 -1 -1  0 -1  0 -1 -1],[ 1  0  1  1  1  0  0  0 -1],[ 0  0  1  1  0  0  0  0  1],[ 1 -1  1  1  1  0  0  0  0],[ 0  0  0  0  1  1 -1  0  0]]","[[ 0  1  1  1  0  0 -1 -1 -1],[-1  0  1  0  0 -1  0 -1 -1],[-1 -1  0 -1 -1  0  0 -1 -1],[-1  0  1  0  0 -1 -1 -1 -1],[ 0  0  1  0  0 -1  0  1  0],[ 0  1  0  1  1  0  0  0  0],[ 1  0  0  1  0  0  0  0  1],[ 1  1  1  1 -1  0  0  0  0],[ 1  1  1  1  0  0 -1  0  0]]",True,"[-1,-1,-1,0,0,1,1,1,-1,0,0,1,0,1,1,1,1,0,0,1,1,0,1,1,1,1,1,0,-1,0,0,0,0,0,-1,0]","[-1,-1,-1,0,0,1,1,1,-1,-1,0,1,1,1,2,0,1,0,1,1,1,1,0,1,1,2,-1,1,2,1,1,1,1,0,-1,0]",t^8+15t^6+46t^4+33t^2+1,"[-1,-1,-1,0,0,1,1,1,-1,0,1,1,1,2,2,0,1,1,1,1,1,1,2,1,1,1,-1,0,0,1,1,1,0,0,-1,-1]","[-1,-1,-1,0,0,1,1,1,-1,-1,0,1,1,1,2,0,1,0,1,1,1,1,0,1,1,2,-1,1,2,1,1,1,1,0,-1,0]","[-1,-1,-1,0,0,1,1,1,-1,0,0,0,1,1,1,0,0,0,0,0,1,-1,0,1,1,1,-1,0,1,0,1,0,1,1,0,-1]",c,"[[{8, 2}, {3, 7}, {4, 6}, {1, 5}], [{8, 2}, {7}, {4, 6}, {1, 5}, {3}]]",1,- 4 K_1^2 + 2 K_2 + 3,O1O2O3O4U3U2U5O6U7O5O8U4U8O7U1U6,O1O2O3U4U3U2U5O6O5U7O8O4U8U1O7U6,O1O2O3U4O5U3U6O7O6U5O8O4U8U2U1U7,c,{'O1O2O3O4U5U4O6U7U1O7O8U6O5U8U3U2'},1,"<a href=""/flatknot/8.850895"">8.850895</a>",t^9-15t^7-10t^6+40t^5+32t^4-15t^3-4t^2+2t,0,,
8.850896,O1O2O3O4U5U4O6U7U2O7O8U1O5U3U8U6,4,3z^3+29z^2+105z+119,3w^4z^3+29w^3z^2+105w^2z+119w,False,False,"[[ 0 -2  0  0  1 -1  2 -1  1],[ 2  0  1  1  0  0  3  1  1],[ 0 -1  0 -1  0  0  0  0  0],[ 0 -1  1  0  1 -1  1  0  0],[-1  0  0 -1  0 -1 -1 -1 -1],[ 1  0  0  1  1  0  1  0  1],[-2 -3  0 -1  1 -1  0 -2  0],[ 1 -1  0  0  1  0  2  0  1],[-1 -1  0  0  1 -1  0 -1  0]]","[[ 0  2  1  1  0  0 -1 -1 -2],[-2  0  1  0  0 -1 -1 -2 -3],[-1 -1  0 -1  0 -1 -1 -1  0],[-1  0  1  0  0  0 -1 -1 -1],[ 0  0  0  0  0 -1  0  0 -1],[ 0  1  1  0  1  0 -1  0 -1],[ 1  1  1  1  0  1  0  0  0],[ 1  2  1  1  0  0  0  0 -1],[ 2  3  0  1  1  1  0  1  0]]",True,"[-2,-1,-1,0,0,1,1,2,-1,0,0,1,1,2,3,1,0,1,1,1,0,0,0,1,1,1,1,0,0,1,1,0,1,0,0,1]","[-2,-1,-1,0,0,1,1,2,-1,0,0,1,1,2,3,1,0,1,1,1,0,0,0,1,1,1,1,0,0,1,1,0,1,0,0,1]",t^8+28t^6+84t^4+41t^2+1,"[-2,-1,-1,0,0,1,1,2,0,1,1,1,2,3,1,0,1,1,1,1,1,0,1,1,1,2,-1,1,0,1,1,1,2,-1,1,2]","[-2,-1,-1,0,0,1,1,2,1,2,1,2,1,2,1,1,1,1,1,1,2,0,1,1,1,3,1,1,0,1,1,1,1,0,0,1]","[-2,-1,-1,0,0,1,1,2,0,1,1,1,0,1,3,0,0,1,1,1,1,0,0,1,1,2,-1,0,0,0,1,0,1,-1,-1,0]",c,"[[{8, 1}, {2, 7}, {3, 6}, {4, 5}], [{8, 1}, {2, 7}, {4, 6}, {3, 5}], [{8, 1}, {2, 7}, {4, 6}, {5}, {3}], [{8, 1}, {2, 7}, {5, 6}, {3, 4}], [{8, 1}, {3, 7}, {2, 6}, {4, 5}], [{8, 1}, {3, 7}, {4, 6}, {2, 5}], [{8, 1}, {3, 7}, {5, 6}, {2, 4}], [{8, 1}, {3, 7}, {6}, {2, 5}, {4}], [{8, 1}, {4, 7}, {2, 6}, {3, 5}], [{8, 1}, {4, 7}, {3, 6}, {2, 5}], [{8, 1}, {4, 7}, {5, 6}, {2, 3}], [{8, 1}, {4, 7}, {5, 6}, {3}, {2}], [{8, 1}, {5, 7}, {2, 6}, {3, 4}], [{8, 1}, {5, 7}, {3, 6}, {2, 4}], [{8, 1}, {5, 7}, {4, 6}, {2, 3}], [{8, 1}, {5, 7}, {6}, {2, 4}, {3}], [{8, 1}, {6, 7}, {2, 5}, {3, 4}], [{8, 1}, {6, 7}, {2, 5}, {4}, {3}], [{8, 1}, {6, 7}, {3, 5}, {2, 4}], [{8, 1}, {6, 7}, {4, 5}, {2, 3}], [{8, 1}, {7}, {2, 6}, {4, 5}, {3}], [{8, 1}, {7}, {3, 6}, {2, 5}, {4}], [{8, 1}, {7}, {4, 6}, {3, 5}, {2}], [{8, 2}, {1, 7}, {3, 6}, {4, 5}], [{8, 2}, {1, 7}, {4, 6}, {3, 5}], [{8, 2}, {1, 7}, {4, 6}, {5}, {3}], [{8, 2}, {1, 7}, {5, 6}, {3, 4}], [{8, 2}, {3, 7}, {1, 6}, {4, 5}], [{8, 2}, {3, 7}, {1, 6}, {5}, {4}], [{8, 2}, {3, 7}, {4, 6}, {1, 5}], [{8, 2}, {3, 7}, {4, 6}, {5}, {1}], [{8, 2}, {3, 7}, {5, 6}, {1, 4}], [{8, 2}, {3, 7}, {6}, {5}, {1, 4}], [{8, 2}, {4, 7}, {1, 6}, {3, 5}], [{8, 2}, {4, 7}, {3, 6}, {1, 5}], [{8, 2}, {4, 7}, {5, 6}, {1, 3}], [{8, 2}, {4, 7}, {5, 6}, {3}, {1}], [{8, 2}, {4, 7}, {6}, {5}, {1, 3}], [{8, 2}, {5, 7}, {1, 6}, {3, 4}], [{8, 2}, {5, 7}, {3, 6}, {1, 4}], [{8, 2}, {5, 7}, {4, 6}, {1, 3}], [{8, 2}, {5, 7}, {6}, {1, 4}, {3}], [{8, 2}, {6, 7}, {1, 5}, {3, 4}], [{8, 2}, {6, 7}, {1, 5}, {4}, {3}], [{8, 2}, {6, 7}, {3, 5}, {1, 4}], [{8, 2}, {6, 7}, {3, 5}, {4}, {1}], [{8, 2}, {6, 7}, {4, 5}, {1, 3}], [{8, 2}, {6, 7}, {5}, {4}, {1, 3}], [{8, 2}, {7}, {1, 6}, {4, 5}, {3}], [{8, 2}, {7}, {4, 6}, {5}, {1, 3}], [{8, 2}, {7}, {6}, {1, 5}, {3, 4}], [{8, 2}, {7}, {6}, {3, 5}, {1, 4}], [{8, 3}, {1, 7}, {2, 6}, {4, 5}], [{8, 3}, {1, 7}, {4, 6}, {2, 5}], [{8, 3}, {1, 7}, {5, 6}, {2, 4}], [{8, 3}, {2, 7}, {1, 6}, {4, 5}], [{8, 3}, {2, 7}, {4, 6}, {1, 5}], [{8, 3}, {2, 7}, {5, 6}, {1, 4}], [{8, 3}, {2, 7}, {6}, {1, 5}, {4}], [{8, 3}, {4, 7}, {1, 6}, {2, 5}], [{8, 3}, {4, 7}, {2, 6}, {1, 5}], [{8, 3}, {4, 7}, {5, 6}, {1, 2}], [{8, 3}, {4, 7}, {5, 6}, {2}, {1}], [{8, 3}, {5, 7}, {1, 6}, {2, 4}], [{8, 3}, {5, 7}, {2, 6}, {1, 4}], [{8, 3}, {5, 7}, {4, 6}, {1, 2}], [{8, 3}, {5, 7}, {6}, {1, 4}, {2}], [{8, 3}, {6, 7}, {1, 5}, {2, 4}], [{8, 3}, {6, 7}, {2, 5}, {1, 4}], [{8, 3}, {6, 7}, {4, 5}, {1, 2}], [{8, 3}, {7}, {5, 6}, {4}, {1, 2}], [{8, 4}, {1, 7}, {2, 6}, {3, 5}], [{8, 4}, {1, 7}, {3, 6}, {2, 5}], [{8, 4}, {1, 7}, {5, 6}, {2, 3}], [{8, 4}, {2, 7}, {1, 6}, {3, 5}], [{8, 4}, {2, 7}, {3, 6}, {1, 5}], [{8, 4}, {2, 7}, {5, 6}, {1, 3}], [{8, 4}, {3, 7}, {1, 6}, {2, 5}], [{8, 4}, {3, 7}, {2, 6}, {1, 5}], [{8, 4}, {3, 7}, {5, 6}, {1, 2}], [{8, 4}, {3, 7}, {6}, {1, 5}, {2}], [{8, 4}, {5, 7}, {1, 6}, {2, 3}], [{8, 4}, {5, 7}, {1, 6}, {3}, {2}], [{8, 4}, {5, 7}, {2, 6}, {1, 3}], [{8, 4}, {5, 7}, {3, 6}, {1, 2}], [{8, 4}, {6, 7}, {1, 5}, {2, 3}], [{8, 4}, {6, 7}, {2, 5}, {1, 3}], [{8, 4}, {6, 7}, {3, 5}, {1, 2}], [{8, 4}, {7}, {1, 6}, {5}, {2, 3}], [{8, 4}, {7}, {5, 6}, {3}, {1, 2}], [{8, 4}, {7}, {6}, {2, 5}, {1, 3}], [{8, 5}, {1, 7}, {2, 6}, {3, 4}], [{8, 5}, {1, 7}, {3, 6}, {2, 4}], [{8, 5}, {1, 7}, {4, 6}, {2, 3}], [{8, 5}, {1, 7}, {4, 6}, {3}, {2}], [{8, 5}, {2, 7}, {1, 6}, {3, 4}], [{8, 5}, {2, 7}, {3, 6}, {1, 4}], [{8, 5}, {2, 7}, {4, 6}, {1, 3}], [{8, 5}, {3, 7}, {1, 6}, {2, 4}], [{8, 5}, {3, 7}, {2, 6}, {1, 4}], [{8, 5}, {3, 7}, {4, 6}, {1, 2}], [{8, 5}, {3, 7}, {4, 6}, {2}, {1}], [{8, 5}, {4, 7}, {1, 6}, {2, 3}], [{8, 5}, {4, 7}, {1, 6}, {3}, {2}], [{8, 5}, {4, 7}, {2, 6}, {1, 3}], [{8, 5}, {4, 7}, {3, 6}, {1, 2}], [{8, 5}, {6, 7}, {1, 4}, {2, 3}], [{8, 5}, {6, 7}, {1, 4}, {3}, {2}], [{8, 5}, {6, 7}, {2, 4}, {1, 3}], [{8, 5}, {6, 7}, {3, 4}, {1, 2}], [{8, 5}, {6, 7}, {4}, {2, 3}, {1}], [{8, 5}, {7}, {4, 6}, {1, 3}, {2}], [{8, 6}, {1, 7}, {2, 5}, {3, 4}], [{8, 6}, {1, 7}, {3, 5}, {2, 4}], [{8, 6}, {1, 7}, {4, 5}, {2, 3}], [{8, 6}, {2, 7}, {1, 5}, {3, 4}], [{8, 6}, {2, 7}, {3, 5}, {1, 4}], [{8, 6}, {2, 7}, {4, 5}, {1, 3}], [{8, 6}, {3, 7}, {1, 5}, {2, 4}], [{8, 6}, {3, 7}, {2, 5}, {1, 4}], [{8, 6}, {3, 7}, {4, 5}, {1, 2}], [{8, 6}, {4, 7}, {1, 5}, {2, 3}], [{8, 6}, {4, 7}, {1, 5}, {3}, {2}], [{8, 6}, {4, 7}, {2, 5}, {1, 3}], [{8, 6}, {4, 7}, {3, 5}, {1, 2}], [{8, 6}, {5, 7}, {1, 4}, {2, 3}], [{8, 6}, {5, 7}, {2, 4}, {1, 3}], [{8, 6}, {5, 7}, {3, 4}, {1, 2}], [{8, 6}, {7}, {2, 5}, {1, 4}, {3}], [{8, 6}, {7}, {2, 5}, {3, 4}, {1}], [{8, 6}, {7}, {2, 5}, {4}, {1, 3}], [{8, 7}, {1, 6}, {2, 5}, {3, 4}], [{8, 7}, {1, 6}, {2, 5}, {4}, {3}], [{8, 7}, {1, 6}, {3, 5}, {2, 4}], [{8, 7}, {1, 6}, {4, 5}, {2, 3}], [{8, 7}, {1, 6}, {4, 5}, {3}, {2}], [{8, 7}, {1, 6}, {5}, {2, 4}, {3}], [{8, 7}, {2, 6}, {1, 5}, {3, 4}], [{8, 7}, {2, 6}, {3, 5}, {1, 4}], [{8, 7}, {2, 6}, {3, 5}, {4}, {1}], [{8, 7}, {2, 6}, {4, 5}, {1, 3}], [{8, 7}, {2, 6}, {5}, {1, 4}, {3}], [{8, 7}, {3, 6}, {1, 5}, {2, 4}], [{8, 7}, {3, 6}, {2, 5}, {1, 4}], [{8, 7}, {3, 6}, {4, 5}, {1, 2}], [{8, 7}, {3, 6}, {5}, {2, 4}, {1}], [{8, 7}, {4, 6}, {1, 5}, {2, 3}], [{8, 7}, {4, 6}, {2, 5}, {1, 3}], [{8, 7}, {4, 6}, {3, 5}, {1, 2}], [{8, 7}, {4, 6}, {5}, {2, 3}, {1}], [{8, 7}, {5, 6}, {1, 4}, {2, 3}], [{8, 7}, {5, 6}, {2, 4}, {1, 3}], [{8, 7}, {5, 6}, {3, 4}, {1, 2}], [{8, 7}, {5, 6}, {4}, {3}, {1, 2}], [{8, 7}, {6}, {5}, {2, 4}, {1, 3}], [{8}, {1, 7}, {4, 6}, {2, 5}, {3}], [{8}, {1, 7}, {5, 6}, {2, 4}, {3}], [{8}, {1, 7}, {5, 6}, {3, 4}, {2}], [{8}, {1, 7}, {5, 6}, {4}, {2, 3}], [{8}, {2, 7}, {1, 6}, {4, 5}, {3}], [{8}, {2, 7}, {4, 6}, {3, 5}, {1}], [{8}, {2, 7}, {5, 6}, {1, 4}, {3}], [{8}, {2, 7}, {5, 6}, {3, 4}, {1}], [{8}, {2, 7}, {5, 6}, {4}, {1, 3}], [{8}, {3, 7}, {2, 6}, {1, 5}, {4}], [{8}, {3, 7}, {4, 6}, {2, 5}, {1}], [{8}, {3, 7}, {5, 6}, {1, 4}, {2}], [{8}, {3, 7}, {5, 6}, {2, 4}, {1}], [{8}, {3, 7}, {5, 6}, {4}, {1, 2}], [{8}, {4, 7}, {5, 6}, {1, 3}, {2}], [{8}, {4, 7}, {5, 6}, {2, 3}, {1}], [{8}, {4, 7}, {5, 6}, {3}, {1, 2}], [{8}, {4, 7}, {5, 6}, {3}, {2}, {1}], [{8}, {5, 7}, {4, 6}, {3}, {1, 2}], [{8}, {5, 7}, {6}, {1, 4}, {2, 3}], [{8}, {6, 7}, {4, 5}, {3}, {1, 2}], [{8}, {6, 7}, {5}, {1, 4}, {2, 3}], [{8}, {7}, {1, 6}, {3, 5}, {2, 4}], [{8}, {7}, {4, 6}, {2, 5}, {1, 3}], [{8}, {7}, {5, 6}, {1, 4}, {2, 3}], [{8}, {7}, {5, 6}, {2, 4}, {1, 3}], [{8}, {7}, {5, 6}, {3, 4}, {1, 2}], [{8}, {7}, {5, 6}, {4}, {3}, {1, 2}]]",2,8 K_1^3 - 16 K_1^2 - 20 K_1 K_2 - 4 K_1 K_3 + 4 K_1 - 4 K_2^2 + 10 K_2 + 8 K_3 + 4 K_4 + 11,O1O2O3O4U5U6U2O7U4O6O8U3U8O5U1U7,O1O2O3U4U5U1U6O7O6U3O8O5U8U2O4U7,O1O2O3U4O5U2U6O7O6U1O8O4U8U3U7U5,c,{'O1O2O3O4U5U4O6U7U2O7O8U1O5U3U8U6'},1,"<a href=""/flatknot/8.850896"">8.850896</a>",t^9-28t^7-36t^6+82t^5+104t^4-86t^3-74t^2+40t+6,0,,
8.850897,O1O2O3O4U5U4O6U7U2O7O8U1O5U6U8U3,4,2z^3+19z^2+82z+105,2w^4z^3+19w^3z^2+82w^2z+105w,False,False,"[[ 0 -2  0  2  1 -1  0 -1  1],[ 2  0  1  3  0  0  1  1  1],[ 0 -1  0  0  0  0 -1  0  0],[-2 -3  0  0  1 -1 -2 -2  0],[-1  0  0 -1  0 -1 -1 -1 -1],[ 1  0  0  1  1  0  0  0  0],[ 0 -1  1  2  1  0  0  0  1],[ 1 -1  0  2  1  0  0  0  1],[-1 -1  0  0  1  0 -1 -1  0]]","[[ 0  2  1  1  0  0 -1 -1 -2],[-2  0  1  0  0 -2 -1 -2 -3],[-1 -1  0 -1  0 -1 -1 -1  0],[-1  0  1  0  0 -1  0 -1 -1],[ 0  0  0  0  0 -1  0  0 -1],[ 0  2  1  1  1  0  0  0 -1],[ 1  1  1  0  0  0  0  0  0],[ 1  2  1  1  0  0  0  0 -1],[ 2  3  0  1  1  1  0  1  0]]",True,"[-2,-1,-1,0,0,1,1,2,-1,0,0,2,1,2,3,1,0,1,1,1,0,0,1,0,1,1,1,0,0,1,0,0,1,0,0,1]","[-2,-1,-1,0,0,1,1,2,-1,0,0,2,1,2,3,1,0,1,1,1,0,0,1,0,1,1,1,0,0,1,0,0,1,0,0,1]",t^8+30t^6+61t^4+24t^2+1,"[-2,-1,-1,0,0,1,1,2,0,1,1,1,2,3,1,0,1,1,1,1,1,1,1,2,1,2,-1,0,0,0,1,1,2,-1,1,2]","[-2,-1,-1,0,0,1,1,2,1,2,0,2,1,2,1,1,0,1,1,2,2,0,1,1,1,3,1,1,1,1,1,1,1,0,0,1]","[-2,-1,-1,0,0,1,1,2,0,1,1,1,0,1,3,0,0,0,1,0,1,0,0,1,1,2,-1,0,0,0,1,1,2,-1,-1,0]",c,"[[{8, 5}, {2, 7}, {4, 6}, {1, 3}], [{8, 5}, {4, 7}, {2, 6}, {1, 3}], [{8, 5}, {6, 7}, {2, 4}, {1, 3}], [{8, 7}, {2, 6}, {4, 5}, {1, 3}]]",1,4 K_1^3 + 4 K_1^2 K_2 - 20 K_1^2 - 16 K_1 K_2 - 4 K_1 K_3 + 5 K_1 - 4 K_2^2 + 10 K_2 + 7 K_3 + 3 K_4 + 12,O1O2O3O4U2U5U6O7U4O5O8U3U8O6U1U7,O1O2O3U4U5U3U6O7O6U1O8O5U8U2O4U7,O1O2O3U4O5U2U6O7O6U3O8O4U8U1U7U5,c,{'O1O2O3O4U5U4O6U7U2O7O8U1O5U6U8U3'},1,"<a href=""/flatknot/8.850897"">8.850897</a>",t^9-30t^7-42t^6+95t^5+104t^4-143t^3-74t^2+45t,0,,
8.850898,O1O2O3O4U5U4O6U7U2O7O8U1O5U8U3U6,4,13z^2+82z+113,13w^3z^2+82w^2z+113w,False,False,"[[ 0 -2  0  1  1 -1  2 -1  0],[ 2  0  1  2  0  0  3  1  0],[ 0 -1  0 -1  0  0  0  0 -1],[-1 -2  1  0  1 -1  0 -1 -1],[-1  0  0 -1  0 -1 -1 -1 -1],[ 1  0  0  1  1  0  1  0  0],[-2 -3  0  0  1 -1  0 -2  0],[ 1 -1  0  1  1  0  2  0  0],[ 0  0  1  1  1  0  0  0  0]]","[[ 0  2  1  1  0  0 -1 -1 -2],[-2  0  1  0  0  0 -1 -2 -3],[-1 -1  0 -1  0 -1 -1 -1  0],[-1  0  1  0  1 -1 -1 -1 -2],[ 0  0  0 -1  0 -1  0  0 -1],[ 0  0  1  1  1  0  0  0  0],[ 1  1  1  1  0  0  0  0  0],[ 1  2  1  1  0  0  0  0 -1],[ 2  3  0  2  1  0  0  1  0]]",True,"[-2,-1,-1,0,0,1,1,2,-1,0,0,0,1,2,3,1,0,1,1,1,0,-1,1,1,1,2,1,0,0,1,0,0,0,0,0,1]","[-2,-1,-1,0,0,1,1,2,-1,0,0,0,1,2,3,1,0,1,1,1,0,-1,1,1,1,2,1,0,0,1,0,0,0,0,0,1]",t^8+30t^6+115t^4+93t^2+1,"[-2,-1,-1,0,0,1,1,2,0,1,1,2,1,3,1,0,1,1,1,1,1,1,1,1,1,2,1,2,1,2,0,0,2,-1,1,2]","[-2,-1,-1,0,0,1,1,2,1,2,2,2,1,2,1,1,0,2,1,1,1,0,1,1,1,3,1,1,1,2,1,1,1,0,0,1]","[-2,-1,-1,0,0,1,1,2,0,1,0,1,0,2,3,0,0,0,1,1,1,0,0,1,1,2,1,1,1,0,0,-1,0,-1,-1,0]",c,"[[{8, 2}, {1, 7}, {4, 6}, {3, 5}], [{8, 2}, {3, 7}, {1, 6}, {4, 5}], [{8, 2}, {3, 7}, {4, 6}, {1, 5}], [{8, 2}, {3, 7}, {5, 6}, {1, 4}], [{8, 2}, {4, 7}, {1, 6}, {3, 5}], [{8, 2}, {6, 7}, {3, 5}, {1, 4}], [{8, 4}, {3, 7}, {5, 6}, {1, 2}]]",1,8 K_1^3 + 8 K_1^2 K_2 - 22 K_1^2 - 12 K_1 K_2 - 6 K_1 K_3 - 2 K_2^2 + 10 K_2 + 4 K_3 + 2 K_4 + 11,O1O2O3O4U5U2U6O7U4O6O8U3U8O5U1U7,O1O2O3U4U5U2U6O7O6U3O8O5U8U1O4U7,O1O2O3U4O5U3U6O7O6U1O8O4U8U2U7U5,c,{'O1O2O3O4U5U4O6U7U2O7O8U1O5U8U3U6'},1,"<a href=""/flatknot/8.850898"">8.850898</a>",t^9-30t^7-32t^6+113t^5+146t^4-75t^3-114t^2+17t+30,0,,
8.850899,O1O2O3O4U5U4O6U7U2O7O8U1O5U8U6U3,4,20z^2+101z+123,20w^3z^2-4w^3z+105w^2z+123w,False,False,"[[ 0 -2  0  2  1 -1  1 -1  0],[ 2  0  1  3  0  0  2  1  0],[ 0 -1  0  0  0  0 -1  0 -1],[-2 -3  0  0  1 -1 -1 -2 -1],[-1  0  0 -1  0 -1 -1 -1 -1],[ 1  0  0  1  1  0  0  0  0],[-1 -2  1  1  1  0  0 -1  0],[ 1 -1  0  2  1  0  1  0  0],[ 0  0  1  1  1  0  0  0  0]]","[[ 0  2  1  1  0  0 -1 -1 -2],[-2  0  1 -1  0 -1 -1 -2 -3],[-1 -1  0 -1  0 -1 -1 -1  0],[-1  1  1  0  1  0  0 -1 -2],[ 0  0  0 -1  0 -1  0  0 -1],[ 0  1  1  0  1  0  0  0  0],[ 1  1  1  0  0  0  0  0  0],[ 1  2  1  1  0  0  0  0 -1],[ 2  3  0  2  1  0  0  1  0]]",True,"[-2,-1,-1,0,0,1,1,2,-1,1,0,1,1,2,3,1,0,1,1,1,0,-1,0,0,1,2,1,0,0,1,0,0,0,0,0,1]","[-2,-1,-1,0,0,1,1,2,-1,1,0,1,1,2,3,1,0,1,1,1,0,-1,0,0,1,2,1,0,0,1,0,0,0,0,0,1]",t^8+30t^6+94t^4+74t^2+1,"[-2,-1,-1,0,0,1,1,2,0,1,1,2,1,3,1,0,1,1,1,1,1,1,1,2,1,2,1,2,1,2,1,0,1,-1,0,2]","[-2,-1,-1,0,0,1,1,2,0,2,1,2,1,2,1,1,1,2,1,2,1,0,1,1,1,3,1,1,1,2,1,1,1,0,0,1]","[-2,-1,-1,0,0,1,1,2,0,1,0,1,0,2,3,0,0,0,1,0,1,0,0,1,1,2,1,1,0,1,0,-1,0,-1,-1,1]",c,"[[{8, 2}, {4, 7}, {5, 6}, {1, 3}], [{8, 2}, {5, 7}, {4, 6}, {1, 3}], [{8, 2}, {6, 7}, {4, 5}, {1, 3}]]",1,12 K_1^3 + 8 K_1^2 K_2 - 20 K_1^2 - 16 K_1 K_2 - 8 K_1 K_3 - K_1 + 10 K_2 + 5 K_3 + 2 K_4 + 9,O1O2O3O4U2U5U6O7U4O6O8U3U8O5U1U7,O1O2O3U4U5U3U6O7O6U2O8O5U8U1O4U7,O1O2O3U4O5U3U6O7O6U2O8O4U8U1U7U5,c,{'O1O2O3O4U5U4O6U7U2O7O8U1O5U8U6U3'},1,"<a href=""/flatknot/8.850899"">8.850899</a>",t^9-30t^7-42t^6+96t^5+118t^4-99t^3-108t^2+23t+14,0,,
8.850900,O1O2O3O4U5U4O6U7U2O7O8U3O5U1U6U8,4,22z^2+103z+119,22w^3z^2-4w^3z+107w^2z+119w,False,False,"[[ 0 -2  0  0  1 -1  1 -1  2],[ 2  0  1  2  1 -1  2  1  2],[ 0 -1  0  0  0 -1  0  0  1],[ 0 -2  0  0  0 -1  0  0  1],[-1 -1  0  0  0 -1 -1 -1 -1],[ 1  1  1  1  1  0  1  0  1],[-1 -2  0  0  1 -1  0 -1  1],[ 1 -1  0  0  1  0  1  0  2],[-2 -2 -1 -1  1 -1 -1 -2  0]]","[[ 0  2  1  1  0  0 -1 -1 -2],[-2  0  1 -1 -1 -1 -1 -2 -2],[-1 -1  0 -1  0  0 -1 -1 -1],[-1  1  1  0  0  0 -1 -1 -2],[ 0  1  0  0  0  0 -1  0 -1],[ 0  1  0  0  0  0 -1  0 -2],[ 1  1  1  1  1  1  0  0  1],[ 1  2  1  1  0  0  0  0 -1],[ 2  2  1  2  1  2 -1  1  0]]",True,"[-2,-1,-1,0,0,1,1,2,-1,1,1,1,1,2,2,1,0,0,1,1,1,0,0,1,1,2,0,1,0,1,1,0,2,0,-1,1]","[-2,-1,-1,0,0,1,1,2,-1,1,1,1,1,2,2,1,0,0,1,1,1,0,0,1,1,2,0,1,0,1,1,0,2,0,-1,1]",t^8+32t^6+106t^4+29t^2,"[-2,-1,-1,0,0,1,1,2,0,2,0,1,1,2,2,0,1,1,1,1,1,0,0,1,1,2,0,1,1,1,1,1,1,-1,0,2]","[-2,-1,-1,0,0,1,1,2,0,2,1,1,1,2,2,1,1,1,1,1,1,1,1,1,1,2,0,1,0,0,1,0,1,0,0,2]","[-2,-1,-1,0,0,1,1,2,-1,1,1,2,1,2,2,0,1,1,1,1,1,0,0,1,1,2,0,0,0,1,0,0,1,-1,-1,1]",c,"[[{8, 1}, {2, 7}, {3, 6}, {4, 5}], [{8, 1}, {2, 7}, {3, 6}, {5}, {4}], [{8, 1}, {2, 7}, {4, 6}, {3, 5}], [{8, 1}, {2, 7}, {5, 6}, {3, 4}], [{8, 1}, {2, 7}, {6}, {4, 5}, {3}], [{8, 1}, {3, 7}, {2, 6}, {4, 5}], [{8, 1}, {3, 7}, {4, 6}, {2, 5}], [{8, 1}, {3, 7}, {5, 6}, {2, 4}], [{8, 1}, {4, 7}, {2, 6}, {3, 5}], [{8, 1}, {4, 7}, {2, 6}, {5}, {3}], [{8, 1}, {4, 7}, {3, 6}, {2, 5}], [{8, 1}, {4, 7}, {5, 6}, {2, 3}], [{8, 1}, {4, 7}, {5, 6}, {3}, {2}], [{8, 1}, {4, 7}, {6}, {2, 5}, {3}], [{8, 1}, {5, 7}, {2, 6}, {3, 4}], [{8, 1}, {5, 7}, {2, 6}, {4}, {3}], [{8, 1}, {5, 7}, {3, 6}, {2, 4}], [{8, 1}, {5, 7}, {3, 6}, {4}, {2}], [{8, 1}, {5, 7}, {4, 6}, {2, 3}], [{8, 1}, {5, 7}, {6}, {4}, {2, 3}], [{8, 1}, {6, 7}, {2, 5}, {3, 4}], [{8, 1}, {6, 7}, {3, 5}, {2, 4}], [{8, 1}, {6, 7}, {3, 5}, {4}, {2}], [{8, 1}, {6, 7}, {4, 5}, {2, 3}], [{8, 1}, {6, 7}, {4, 5}, {3}, {2}], [{8, 1}, {6, 7}, {5}, {3, 4}, {2}], [{8, 1}, {7}, {2, 6}, {4, 5}, {3}], [{8, 1}, {7}, {3, 6}, {2, 5}, {4}], [{8, 1}, {7}, {6}, {3, 5}, {2, 4}], [{8, 2}, {1, 7}, {3, 6}, {4, 5}], [{8, 2}, {1, 7}, {4, 6}, {3, 5}], [{8, 2}, {1, 7}, {5, 6}, {3, 4}], [{8, 2}, {3, 7}, {1, 6}, {4, 5}], [{8, 2}, {3, 7}, {4, 6}, {1, 5}], [{8, 2}, {3, 7}, {5, 6}, {1, 4}], [{8, 2}, {3, 7}, {5, 6}, {4}, {1}], [{8, 2}, {4, 7}, {1, 6}, {3, 5}], [{8, 2}, {4, 7}, {1, 6}, {5}, {3}], [{8, 2}, {4, 7}, {3, 6}, {1, 5}], [{8, 2}, {4, 7}, {5, 6}, {1, 3}], [{8, 2}, {4, 7}, {5, 6}, {3}, {1}], [{8, 2}, {4, 7}, {6}, {1, 5}, {3}], [{8, 2}, {5, 7}, {1, 6}, {3, 4}], [{8, 2}, {5, 7}, {3, 6}, {1, 4}], [{8, 2}, {5, 7}, {4, 6}, {1, 3}], [{8, 2}, {6, 7}, {1, 5}, {3, 4}], [{8, 2}, {6, 7}, {3, 5}, {1, 4}], [{8, 2}, {6, 7}, {4, 5}, {1, 3}], [{8, 2}, {7}, {4, 6}, {5}, {1, 3}], [{8, 2}, {7}, {5, 6}, {3, 4}, {1}], [{8, 2}, {7}, {6}, {3, 5}, {1, 4}], [{8, 3}, {1, 7}, {2, 6}, {4, 5}], [{8, 3}, {1, 7}, {4, 6}, {2, 5}], [{8, 3}, {1, 7}, {5, 6}, {2, 4}], [{8, 3}, {2, 7}, {1, 6}, {4, 5}], [{8, 3}, {2, 7}, {4, 6}, {1, 5}], [{8, 3}, {2, 7}, {5, 6}, {1, 4}], [{8, 3}, {4, 7}, {1, 6}, {2, 5}], [{8, 3}, {4, 7}, {2, 6}, {1, 5}], [{8, 3}, {4, 7}, {2, 6}, {5}, {1}], [{8, 3}, {4, 7}, {5, 6}, {1, 2}], [{8, 3}, {5, 7}, {1, 6}, {2, 4}], [{8, 3}, {5, 7}, {2, 6}, {1, 4}], [{8, 3}, {5, 7}, {4, 6}, {1, 2}], [{8, 3}, {5, 7}, {4, 6}, {2}, {1}], [{8, 3}, {6, 7}, {1, 5}, {2, 4}], [{8, 3}, {6, 7}, {1, 5}, {4}, {2}], [{8, 3}, {6, 7}, {2, 5}, {1, 4}], [{8, 3}, {6, 7}, {4, 5}, {1, 2}], [{8, 3}, {6, 7}, {4, 5}, {2}, {1}], [{8, 3}, {6, 7}, {5}, {1, 4}, {2}], [{8, 3}, {7}, {1, 6}, {2, 5}, {4}], [{8, 3}, {7}, {4, 6}, {5}, {1, 2}], [{8, 3}, {7}, {6}, {1, 5}, {2, 4}], [{8, 4}, {1, 7}, {2, 6}, {3, 5}], [{8, 4}, {1, 7}, {3, 6}, {2, 5}], [{8, 4}, {1, 7}, {5, 6}, {2, 3}], [{8, 4}, {2, 7}, {1, 6}, {3, 5}], [{8, 4}, {2, 7}, {1, 6}, {5}, {3}], [{8, 4}, {2, 7}, {3, 6}, {1, 5}], [{8, 4}, {2, 7}, {5, 6}, {1, 3}], [{8, 4}, {2, 7}, {6}, {3, 5}, {1}], [{8, 4}, {3, 7}, {1, 6}, {2, 5}], [{8, 4}, {3, 7}, {2, 6}, {1, 5}], [{8, 4}, {3, 7}, {5, 6}, {1, 2}], [{8, 4}, {5, 7}, {1, 6}, {2, 3}], [{8, 4}, {5, 7}, {2, 6}, {1, 3}], [{8, 4}, {5, 7}, {3, 6}, {1, 2}], [{8, 4}, {6, 7}, {1, 5}, {2, 3}], [{8, 4}, {6, 7}, {1, 5}, {3}, {2}], [{8, 4}, {6, 7}, {2, 5}, {1, 3}], [{8, 4}, {6, 7}, {3, 5}, {1, 2}], [{8, 4}, {6, 7}, {3, 5}, {2}, {1}], [{8, 4}, {6, 7}, {5}, {1, 3}, {2}], [{8, 4}, {7}, {2, 6}, {3, 5}, {1}], [{8, 5}, {1, 7}, {2, 6}, {3, 4}], [{8, 5}, {1, 7}, {3, 6}, {2, 4}], [{8, 5}, {1, 7}, {4, 6}, {2, 3}], [{8, 5}, {1, 7}, {4, 6}, {3}, {2}], [{8, 5}, {2, 7}, {1, 6}, {3, 4}], [{8, 5}, {2, 7}, {3, 6}, {1, 4}], [{8, 5}, {2, 7}, {4, 6}, {1, 3}], [{8, 5}, {2, 7}, {4, 6}, {3}, {1}], [{8, 5}, {3, 7}, {1, 6}, {2, 4}], [{8, 5}, {3, 7}, {2, 6}, {1, 4}], [{8, 5}, {3, 7}, {4, 6}, {1, 2}], [{8, 5}, {3, 7}, {4, 6}, {2}, {1}], [{8, 5}, {4, 7}, {1, 6}, {2, 3}], [{8, 5}, {4, 7}, {1, 6}, {3}, {2}], [{8, 5}, {4, 7}, {2, 6}, {1, 3}], [{8, 5}, {4, 7}, {2, 6}, {3}, {1}], [{8, 5}, {4, 7}, {3, 6}, {1, 2}], [{8, 5}, {4, 7}, {3, 6}, {2}, {1}], [{8, 5}, {4, 7}, {6}, {1, 3}, {2}], [{8, 5}, {4, 7}, {6}, {2, 3}, {1}], [{8, 5}, {4, 7}, {6}, {3}, {1, 2}], [{8, 5}, {4, 7}, {6}, {3}, {2}, {1}], [{8, 5}, {6, 7}, {1, 4}, {2, 3}], [{8, 5}, {6, 7}, {1, 4}, {3}, {2}], [{8, 5}, {6, 7}, {2, 4}, {1, 3}], [{8, 5}, {6, 7}, {2, 4}, {3}, {1}], [{8, 5}, {6, 7}, {3, 4}, {1, 2}], [{8, 5}, {6, 7}, {3, 4}, {2}, {1}], [{8, 5}, {6, 7}, {4}, {1, 3}, {2}], [{8, 5}, {6, 7}, {4}, {2, 3}, {1}], [{8, 5}, {6, 7}, {4}, {3}, {1, 2}], [{8, 5}, {6, 7}, {4}, {3}, {2}, {1}], [{8, 5}, {7}, {4, 6}, {1, 3}, {2}], [{8, 5}, {7}, {4, 6}, {2, 3}, {1}], [{8, 5}, {7}, {4, 6}, {3}, {1, 2}], [{8, 5}, {7}, {4, 6}, {3}, {2}, {1}], [{8, 6}, {1, 7}, {2, 5}, {3, 4}], [{8, 6}, {1, 7}, {3, 5}, {2, 4}], [{8, 6}, {1, 7}, {4, 5}, {2, 3}], [{8, 6}, {2, 7}, {1, 5}, {3, 4}], [{8, 6}, {2, 7}, {3, 5}, {1, 4}], [{8, 6}, {2, 7}, {4, 5}, {1, 3}], [{8, 6}, {3, 7}, {1, 5}, {2, 4}], [{8, 6}, {3, 7}, {2, 5}, {1, 4}], [{8, 6}, {3, 7}, {4, 5}, {1, 2}], [{8, 6}, {3, 7}, {5}, {1, 4}, {2}], [{8, 6}, {4, 7}, {1, 5}, {2, 3}], [{8, 6}, {4, 7}, {1, 5}, {3}, {2}], [{8, 6}, {4, 7}, {2, 5}, {1, 3}], [{8, 6}, {4, 7}, {2, 5}, {3}, {1}], [{8, 6}, {4, 7}, {3, 5}, {1, 2}], [{8, 6}, {4, 7}, {5}, {3}, {1, 2}], [{8, 6}, {5, 7}, {1, 4}, {2, 3}], [{8, 6}, {5, 7}, {2, 4}, {1, 3}], [{8, 6}, {5, 7}, {3, 4}, {1, 2}], [{8, 6}, {5, 7}, {4}, {1, 3}, {2}], [{8, 7}, {1, 6}, {2, 5}, {3, 4}], [{8, 7}, {1, 6}, {3, 5}, {2, 4}], [{8, 7}, {1, 6}, {4, 5}, {2, 3}], [{8, 7}, {1, 6}, {5}, {3, 4}, {2}], [{8, 7}, {2, 6}, {1, 5}, {3, 4}], [{8, 7}, {2, 6}, {3, 5}, {1, 4}], [{8, 7}, {2, 6}, {3, 5}, {4}, {1}], [{8, 7}, {2, 6}, {4, 5}, {1, 3}], [{8, 7}, {3, 6}, {1, 5}, {2, 4}], [{8, 7}, {3, 6}, {2, 5}, {1, 4}], [{8, 7}, {3, 6}, {4, 5}, {1, 2}], [{8, 7}, {4, 6}, {1, 5}, {2, 3}], [{8, 7}, {4, 6}, {2, 5}, {1, 3}], [{8, 7}, {4, 6}, {3, 5}, {1, 2}], [{8, 7}, {4, 6}, {3, 5}, {2}, {1}], [{8, 7}, {4, 6}, {5}, {3}, {1, 2}], [{8, 7}, {5, 6}, {1, 4}, {2, 3}], [{8, 7}, {5, 6}, {2, 4}, {1, 3}], [{8, 7}, {5, 6}, {3, 4}, {1, 2}], [{8, 7}, {6}, {3, 5}, {2, 4}, {1}], [{8}, {1, 7}, {3, 6}, {4, 5}, {2}], [{8}, {1, 7}, {6}, {3, 5}, {2, 4}], [{8}, {2, 7}, {1, 6}, {3, 5}, {4}], [{8}, {2, 7}, {3, 6}, {4, 5}, {1}], [{8}, {2, 7}, {5, 6}, {4}, {1, 3}], [{8}, {3, 7}, {4, 6}, {5}, {1, 2}], [{8}, {4, 7}, {1, 6}, {2, 5}, {3}], [{8}, {4, 7}, {2, 6}, {1, 5}, {3}], [{8}, {4, 7}, {2, 6}, {3, 5}, {1}], [{8}, {4, 7}, {2, 6}, {5}, {1, 3}], [{8}, {4, 7}, {2, 6}, {5}, {3}, {1}], [{8}, {4, 7}, {5, 6}, {3}, {1, 2}], [{8}, {5, 7}, {4, 6}, {3}, {1, 2}], [{8}, {5, 7}, {6}, {2, 4}, {1, 3}], [{8}, {6, 7}, {1, 5}, {3, 4}, {2}], [{8}, {6, 7}, {3, 5}, {1, 4}, {2}], [{8}, {6, 7}, {4, 5}, {1, 3}, {2}], [{8}, {7}, {3, 6}, {4, 5}, {1, 2}], [{8}, {7}, {4, 6}, {2, 5}, {1, 3}], [{8}, {7}, {4, 6}, {3, 5}, {1, 2}]]",2,32 K_1^3 + 16 K_1^2 K_2 - 32 K_1^2 - 36 K_1 K_2 - 16 K_1 K_3 - 6 K_1 + 16 K_2 + 10 K_3 + 4 K_4 + 13,O1O2O3O4U5U6U4O7U2O5O8U3U8O6U1U7,O1O2O3U1U4U5U6O7O6U2O8O4U8U3O5U7,O1O2O3U4O5U1U6O7O6U2O8O4U8U5U7U3,c,{'O1O2O3O4U5U4O6U7U2O7O8U3O5U1U6U8'},1,"<a href=""/flatknot/8.850900"">8.850900</a>",t^9-32t^7-78t^6-18t^5+46t^4-26t^3-28t^2+6t,0,,
8.850901,O1O2O3O4U5U4O6U7U2O7O8U3O5U1U8U6,4,3z^3+36z^2+112z+105,3w^4z^3+36w^3z^2+112w^2z+105w,False,False,"[[ 0 -2  0  0  1 -1  2 -1  1],[ 2  0  1  2  1 -1  3  1  1],[ 0 -1  0  0  0 -1  0  0  0],[ 0 -2  0  0  0 -1  1  0  0],[-1 -1  0  0  0 -1 -1 -1 -1],[ 1  1  1  1  1  0  1  0  1],[-2 -3  0 -1  1 -1  0 -2  0],[ 1 -1  0  0  1  0  2  0  1],[-1 -1  0  0  1 -1  0 -1  0]]","[[ 0  2  1  1  0  0 -1 -1 -2],[-2  0  1  0  0 -1 -1 -2 -3],[-1 -1  0 -1  0  0 -1 -1 -1],[-1  0  1  0  0  0 -1 -1 -1],[ 0  0  0  0  0  0 -1  0 -1],[ 0  1  0  0  0  0 -1  0 -2],[ 1  1  1  1  1  1  0  0  1],[ 1  2  1  1  0  0  0  0 -1],[ 2  3  1  1  1  2 -1  1  0]]",True,"[-2,-1,-1,0,0,1,1,2,-1,0,0,1,1,2,3,1,0,0,1,1,1,0,0,1,1,1,0,1,0,1,1,0,2,0,-1,1]","[-2,-1,-1,0,0,1,1,2,-1,0,0,1,1,2,3,1,0,0,1,1,1,0,0,1,1,1,0,1,0,1,1,0,2,0,-1,1]",t^8+32t^6+113t^4+29t^2,"[-2,-1,-1,0,0,1,1,2,0,2,0,1,2,2,1,0,1,1,1,1,1,0,0,1,1,2,0,1,1,1,1,1,2,-1,1,2]","[-2,-1,-1,0,0,1,1,2,1,2,1,2,1,2,1,1,1,1,1,1,2,1,1,1,1,2,0,1,0,0,1,0,1,0,0,2]","[-2,-1,-1,0,0,1,1,2,-1,1,1,2,1,1,3,0,1,1,1,1,1,0,0,1,1,2,0,0,0,0,0,0,1,-1,-1,0]",c,"[[{8, 5}, {4, 7}, {1, 6}, {2, 3}], [{8, 5}, {4, 7}, {1, 6}, {3}, {2}]]",1,16 K_1^3 + 8 K_1^2 K_2 - 18 K_1^2 - 24 K_1 K_2 - 6 K_1 K_3 - 2 K_2^2 + 8 K_2 + 8 K_3 + 2 K_4 + 9,O1O2O3O4U5U6U4O7U2O6O8U3U8O5U1U7,O1O2O3U1U4U5U6O7O6U3O8O4U8U2O5U7,O1O2O3U4O5U2U6O7O6U1O8O4U8U5U7U3,c,{'O1O2O3O4U5U4O6U7U2O7O8U3O5U1U8U6'},1,"<a href=""/flatknot/8.850901"">8.850901</a>",t^9-32t^7-66t^6+21t^5+84t^4-24t^3-34t^2+17t+6,0,,
8.850902,O1O2O3O4U5U4O6U7U2O7O8U3O5U6U1U8,4,5z^3+38z^2+108z+105,5w^4z^3+38w^3z^2+108w^2z+105w,False,False,"[[ 0 -1  0  0  1 -1  0 -1  2],[ 1  0  0  1  1 -1  1  0  2],[ 0  0  0  0  0 -1  0  0  1],[ 0 -1  0  0  0 -1  0  0  1],[-1 -1  0  0  0 -1 -1 -1 -1],[ 1  1  1  1  1  0  0  0  1],[ 0 -1  0  0  1  0  0  0  1],[ 1  0  0  0  1  0  0  0  2],[-2 -2 -1 -1  1 -1 -1 -2  0]]","[[ 0  2  1  0  0  0 -1 -1 -1],[-2  0  1 -1 -1 -1 -1 -2 -2],[-1 -1  0  0  0 -1 -1 -1 -1],[ 0  1  0  0  0  0 -1  0  0],[ 0  1  0  0  0  0 -1  0 -1],[ 0  1  1  0  0  0  0  0 -1],[ 1  1  1  1  1  0  0  0  1],[ 1  2  1  0  0  0  0  0  0],[ 1  2  1  0  1  1 -1  0  0]]",True,"[-2,-1,0,0,0,1,1,1,-1,1,1,1,1,2,2,0,0,1,1,1,1,0,0,1,0,0,0,1,0,1,0,0,1,0,-1,0]","[-2,-1,0,0,0,1,1,1,-1,1,1,1,1,2,2,0,0,1,1,1,1,0,0,1,0,0,0,1,0,1,0,0,1,0,-1,0]",t^8+22t^6+68t^4+43t^2+1,"[-1,-1,-1,0,0,0,1,2,-1,0,0,0,1,1,2,0,0,1,0,1,1,1,1,1,1,1,0,0,1,1,0,1,1,0,1,2]","[-2,-1,0,0,0,1,1,1,2,1,1,1,1,1,2,0,1,1,1,1,1,0,0,0,1,1,0,0,1,0,1,1,0,0,-1,0]","[-1,-1,-1,0,0,0,1,2,-1,0,0,1,1,1,2,0,1,0,1,1,1,0,0,0,1,2,0,0,0,1,0,1,1,0,1,-1]",c,"[[{8, 1}, {2, 7}, {3, 6}, {4, 5}], [{8, 2}, {1, 7}, {3, 6}, {4, 5}], [{8, 3}, {5, 7}, {4, 6}, {1, 2}], [{8, 7}, {3, 6}, {4, 5}, {1, 2}], [{8, 7}, {4, 6}, {3, 5}, {1, 2}]]",1,4 K_1^3 + 8 K_1^2 K_2 - 14 K_1^2 - 8 K_1 K_2 - 4 K_1 K_3 + K_1 - 4 K_2^2 + 5 K_2 + 3 K_3 + 2 K_4 + 8,O1O2O3O4U5U4U6O7U2O5O8U3U8O6U1U7,O1O2O3U2U4U5U6O7O6U1O8O4U8U3O5U7,O1O2O3U4O5U1U6O7O6U3O8O4U8U5U7U2,c,{'O1O2O3O4U5U4O6U7U2O7O8U3O5U6U1U8'},1,"<a href=""/flatknot/8.850902"">8.850902</a>",t^9-20t^7-32t^6+27t^5+40t^4-31t^3-10t^2+10t,-t^2+2t,,
8.850903,O1O2O3O4U5U4O6U7U2O7O8U3O5U8U1U6,4,18z^2+103z+135,18w^3z^2+103w^2z+135w,False,False,"[[ 0 -1  0  0  1 -1  2 -1  0],[ 1  0  1  1  1 -1  2  0  0],[ 0 -1  0  0  0 -1  0  0  0],[ 0 -1  0  0  0 -1  1  0  0],[-1 -1  0  0  0 -1 -1 -1 -1],[ 1  1  1  1  1  0  1  0  0],[-2 -2  0 -1  1 -1  0 -2  0],[ 1  0  0  0  1  0  2  0  0],[ 0  0  0  0  1  0  0  0  0]]","[[ 0  2  1  0  0  0 -1 -1 -1],[-2  0  1  0  0 -1 -1 -2 -2],[-1 -1  0  0 -1  0 -1 -1 -1],[ 0  0  0  0  0  0 -1  0 -1],[ 0  0  1  0  0  0  0  0  0],[ 0  1  0  0  0  0 -1  0 -1],[ 1  1  1  1  0  1  0  0  1],[ 1  2  1  0  0  0  0  0  0],[ 1  2  1  1  0  1 -1  0  0]]",True,"[-2,-1,0,0,0,1,1,1,-1,0,0,1,1,2,2,0,1,0,1,1,1,0,0,1,0,1,0,0,0,0,1,0,1,0,-1,0]","[-2,-1,0,0,0,1,1,1,-1,0,0,1,1,2,2,0,1,0,1,1,1,0,0,1,0,1,0,0,0,0,1,0,1,0,-1,0]",t^8+20t^6+59t^4+26t^2,"[-1,-1,-1,0,0,0,1,2,-1,0,0,0,1,1,2,0,0,0,1,1,1,1,1,1,1,1,0,0,1,1,0,1,2,0,2,2]","[-2,-1,0,0,0,1,1,1,2,1,2,2,1,1,2,1,0,1,1,1,1,0,0,0,1,0,0,1,1,1,0,1,0,0,-1,0]","[-1,-1,-1,0,0,0,1,2,-1,0,0,1,1,1,2,0,0,1,1,1,1,0,0,0,1,2,0,0,1,0,0,0,0,0,1,-1]",c,"[[{8, 3}, {1, 7}, {2, 6}, {4, 5}], [{8, 3}, {2, 7}, {1, 6}, {4, 5}], [{8, 3}, {6, 7}, {4, 5}, {1, 2}]]",1,20 K_1^3 - 38 K_1^2 - 28 K_1 K_2 - K_1 + 19 K_2 + 9 K_3 + 20,O1O2O3O4U5U4U6O7U2O6O8U3U8O5U1U7,O1O2O3U2U4U5U6O7O6U3O8O4U8U1O5U7,O1O2O3U4O5U3U6O7O6U1O8O4U8U5U7U2,c,{'O1O2O3O4U5U4O6U7U2O7O8U3O5U8U1U6'},1,"<a href=""/flatknot/8.850903"">8.850903</a>",t^9-18t^7-24t^6+24t^5+26t^4-21t^3-12t^2+7t+2,-t^2+2t,,
8.850904,O1O2O3O4U5U4O6U7U2O7O8U6O5U1U3U8,4,18z^2+95z+119,18w^3z^2+95w^2z+119w,False,False,"[[ 0 -2  0  1  1 -1  0 -1  2],[ 2  0  1  2  1  0  1  1  2],[ 0 -1  0  0  0 -1  0  0  1],[-1 -2  0  0  1 -2  0 -1  1],[-1 -1  0 -1  0 -1  0 -1 -1],[ 1  0  1  2  1  0  0  0  1],[ 0 -1  0  0  0  0  0  0  1],[ 1 -1  0  1  1  0  0  0  2],[-2 -2 -1 -1  1 -1 -1 -2  0]]","[[ 0  2  1  1  0  0 -1 -1 -2],[-2  0  1 -1 -1 -1 -1 -2 -2],[-1 -1  0 -1  0  0 -1 -1 -1],[-1  1  1  0  0  0 -2 -1 -2],[ 0  1  0  0  0  0  0  0 -1],[ 0  1  0  0  0  0 -1  0 -1],[ 1  1  1  2  0  1  0  0  0],[ 1  2  1  1  0  0  0  0 -1],[ 2  2  1  2  1  1  0  1  0]]",True,"[-2,-1,-1,0,0,1,1,2,-1,1,1,1,1,2,2,1,0,0,1,1,1,0,0,2,1,2,0,0,0,1,1,0,1,0,0,1]","[-2,-1,-1,0,0,1,1,2,-1,1,1,1,1,2,2,1,0,0,1,1,1,0,0,2,1,2,0,0,0,1,1,0,1,0,0,1]",t^8+30t^6+80t^4+24t^2,"[-2,-1,-1,0,0,1,1,2,0,1,1,1,1,2,2,0,1,1,1,1,1,0,1,0,1,2,0,1,1,1,1,1,1,-1,0,2]","[-2,-1,-1,0,0,1,1,2,0,2,1,1,1,2,2,1,1,1,1,0,1,1,1,1,1,2,0,1,0,1,1,1,1,0,0,1]","[-2,-1,-1,0,0,1,1,2,0,1,1,1,1,2,2,0,0,1,1,2,1,0,0,1,1,2,0,0,0,1,0,0,1,-1,-1,1]",c,"[[{8, 1}, {3, 7}, {2, 6}, {4, 5}], [{8, 1}, {3, 7}, {6}, {4, 5}, {2}], [{8, 2}, {3, 7}, {1, 6}, {4, 5}], [{8, 2}, {3, 7}, {6}, {4, 5}, {1}], [{8, 6}, {3, 7}, {4, 5}, {1, 2}], [{8}, {3, 7}, {6}, {4, 5}, {1, 2}]]",1,4 K_1^3 + 4 K_1^2 K_2 - 16 K_1^2 - 12 K_1 K_2 - 4 K_1 K_3 + 3 K_1 - 4 K_2^2 + 8 K_2 + 5 K_3 + 3 K_4 + 10,O1O2O3O4U5U2U4O6U7O5O8U3U8O7U1U6,O1O2O3U1U4U2U5O6O5U7O8O4U8U3O7U6,O1O2O3U4O5U1U6O7O6U5O8O4U8U2U7U3,c,{'O1O2O3O4U5U4O6U7U2O7O8U6O5U1U3U8'},1,"<a href=""/flatknot/8.850904"">8.850904</a>",t^9-30t^7-56t^6+36t^5+90t^4-8t^3-26t^2+11t+2,0,,
8.850905,O1O2O3O4U5U4O6U7U2O7O8U6O5U1U8U3,4,z^3+17z^2+83z+107,w^4z^3+17w^3z^2+83w^2z+107w,False,False,"[[ 0 -2  0  2  1 -1  0 -1  1],[ 2  0  1  3  1  0  1  1  1],[ 0 -1  0  0  0 -1  0  0  0],[-2 -3  0  0  1 -2 -1 -2  0],[-1 -1  0 -1  0 -1  0 -1 -1],[ 1  0  1  2  1  0  0  0  0],[ 0 -1  0  1  0  0  0  0  1],[ 1 -1  0  2  1  0  0  0  1],[-1 -1  0  0  1  0 -1 -1  0]]","[[ 0  2  1  1  0  0 -1 -1 -2],[-2  0  1  0  0 -1 -2 -2 -3],[-1 -1  0 -1  0  0 -1 -1 -1],[-1  0  1  0  0 -1  0 -1 -1],[ 0  0  0  0  0  0 -1  0 -1],[ 0  1  0  1  0  0  0  0 -1],[ 1  2  1  0  1  0  0  0  0],[ 1  2  1  1  0  0  0  0 -1],[ 2  3  1  1  1  1  0  1  0]]",True,"[-2,-1,-1,0,0,1,1,2,-1,0,0,1,2,2,3,1,0,0,1,1,1,0,1,0,1,1,0,1,0,1,0,0,1,0,0,1]","[-2,-1,-1,0,0,1,1,2,-1,0,0,1,2,2,3,1,0,0,1,1,1,0,1,0,1,1,0,1,0,1,0,0,1,0,0,1]",t^8+30t^6+79t^4+20t^2+1,"[-2,-1,-1,0,0,1,1,2,0,1,1,1,2,2,1,0,1,1,1,1,1,0,1,1,2,1,0,1,1,2,1,0,1,1,2,1]","[-2,-1,-1,0,0,1,1,2,1,2,1,2,1,1,1,1,0,1,1,2,2,1,1,1,1,2,0,1,1,1,1,0,1,0,0,1]","[-2,-1,-1,0,0,1,1,2,0,1,1,1,1,1,3,0,0,1,0,1,2,0,0,1,1,2,0,1,0,1,0,0,0,1,0,-1]",c,"[[{8, 2}, {3, 7}, {4, 6}, {1, 5}], [{8, 2}, {3, 7}, {4, 6}, {5}, {1}]]",1,4 K_1^2 K_2 - 12 K_1^2 - 12 K_1 K_2 - 4 K_1 K_3 + 6 K_1 - 4 K_2^2 + 6 K_2 + 6 K_3 + 3 K_4 + 8,O1O2O3O4U2U5U4O6U7O5O8U3U8O7U1U6,O1O2O3U1U4U3U5O6O5U7O8O4U8U2O7U6,O1O2O3U4O5U2U6O7O6U5O8O4U8U1U7U3,c,{'O1O2O3O4U5U4O6U7U2O7O8U6O5U1U8U3'},1,"<a href=""/flatknot/8.850905"">8.850905</a>",t^9-30t^7-40t^6+61t^5+62t^4-29t^3+2t^2+9t,0,,
8.850906,O1O2O3O4U5U4O6U7U2O7O8U6O5U3U1U8,4,5z^3+39z^2+107z+99,5w^4z^3-2w^4z^2+41w^3z^2+107w^2z+99w,False,False,"[[ 0 -1  0  0  1 -1  0 -1  2],[ 1  0  0  1  1 -1  1  0  2],[ 0  0  0  0  0 -1  0  0  1],[ 0 -1  0  0  1 -1  0  0  1],[-1 -1  0 -1  0 -1  0 -1 -1],[ 1  1  1  1  1  0  0  0  1],[ 0 -1  0  0  0  0  0  0  1],[ 1  0  0  0  1  0  0  0  2],[-2 -2 -1 -1  1 -1 -1 -2  0]]","[[ 0  2  1  0  0  0 -1 -1 -1],[-2  0  1 -1 -1 -1 -1 -2 -2],[-1 -1  0  0  0 -1 -1 -1 -1],[ 0  1  0  0  0  0  0  0 -1],[ 0  1  0  0  0  0 -1  0  0],[ 0  1  1  0  0  0 -1  0 -1],[ 1  1  1  0  1  1  0  0  1],[ 1  2  1  0  0  0  0  0  0],[ 1  2  1  1  0  1 -1  0  0]]",True,"[-2,-1,0,0,0,1,1,1,-1,1,1,1,1,2,2,0,0,1,1,1,1,0,0,0,0,1,0,1,0,0,1,0,1,0,-1,0]","[-2,-1,0,0,0,1,1,1,-1,1,1,1,1,2,2,0,0,1,1,1,1,0,0,0,0,1,0,1,0,0,1,0,1,0,-1,0]",t^8+22t^6+63t^4+46t^2+9,"[-1,-1,-1,0,0,0,1,2,-1,0,0,0,1,1,2,0,0,1,0,1,1,1,1,1,1,1,0,0,0,1,0,1,1,1,1,2]","[-2,-1,0,0,0,1,1,1,2,1,1,1,1,1,2,0,1,1,1,1,1,0,0,0,1,0,0,0,1,1,1,1,0,0,-1,0]","[-1,-1,-1,0,0,0,1,2,-1,0,0,1,1,1,2,0,1,0,1,1,1,0,0,0,1,2,0,0,0,1,0,0,1,1,1,-1]",c,"[[{8, 1}, {2, 7}, {3, 6}, {4, 5}], [{8, 1}, {2, 7}, {6}, {4, 5}, {3}], [{8, 2}, {1, 7}, {3, 6}, {4, 5}], [{8, 2}, {1, 7}, {6}, {4, 5}, {3}], [{8, 4}, {5, 7}, {1, 6}, {2, 3}], [{8, 7}, {3, 6}, {4, 5}, {1, 2}], [{8, 7}, {6}, {4, 5}, {3}, {1, 2}]]",1,8 K_1^3 + 4 K_1^2 K_2 - 14 K_1^2 - 20 K_1 K_2 - 4 K_1 K_3 + 4 K_1 - 4 K_2^2 + 7 K_2 + 8 K_3 + 3 K_4 + 9,O1O2O3O4U5U4U2O6U7O5O8U3U8O7U1U6,O1O2O3U2U4U1U5O6O5U7O8O4U8U3O7U6,O1O2O3U4O5U1U6O7O6U5O8O4U8U3U7U2,c,{'O1O2O3O4U5U4O6U7U2O7O8U6O5U3U1U8'},1,"<a href=""/flatknot/8.850906"">8.850906</a>",t^9-20t^7-34t^6+22t^5+40t^4-34t^3-12t^2+22t-6,-t^2+2t,,
8.850907,O1O2O3O4U5U4O6U7U2O7O8U6O5U8U1U3,4,19z^2+104z+133,19w^3z^2+104w^2z+133w,False,False,"[[ 0 -1  0  2  1 -1  0 -1  0],[ 1  0  1  2  1  0  0  0  0],[ 0 -1  0  0  0 -1  0  0  0],[-2 -2  0  0  1 -2 -1 -2  0],[-1 -1  0 -1  0 -1  0 -1 -1],[ 1  0  1  2  1  0  0  0 -1],[ 0  0  0  1  0  0  0  0  1],[ 1  0  0  2  1  0  0  0  0],[ 0  0  0  0  1  1 -1  0  0]]","[[ 0  2  1  0  0  0 -1 -1 -1],[-2  0  1  0  0 -1 -2 -2 -2],[-1 -1  0  0 -1  0 -1 -1 -1],[ 0  0  0  0  0  0  0 -1 -1],[ 0  0  1  0  0 -1  0  1  0],[ 0  1  0  0  1  0  0  0  0],[ 1  2  1  0  0  0  0  0  0],[ 1  2  1  1 -1  0  0  0  0],[ 1  2  1  1  0  0  0  0  0]]",True,"[-2,-1,0,0,0,1,1,1,-1,0,0,1,2,2,2,0,1,0,1,1,1,0,0,0,1,1,1,0,-1,0,0,0,0,0,0,0]","[-2,-1,0,0,0,1,1,1,-1,0,0,1,2,2,2,0,1,0,1,1,1,0,0,0,1,1,1,0,-1,0,0,0,0,0,0,0]",t^8+22t^6+69t^4+29t^2+1,"[-1,-1,-1,0,0,0,1,2,0,0,0,1,1,1,1,0,0,1,2,1,1,1,1,1,1,1,0,0,1,2,-1,1,1,0,2,2]","[-2,-1,0,0,0,1,1,1,2,1,2,2,1,1,1,1,0,1,1,1,1,1,0,1,1,1,0,1,1,2,0,1,0,0,0,0]","[-1,-1,-1,0,0,0,1,2,0,0,-1,0,1,1,2,0,0,0,0,1,2,0,0,1,1,2,-1,0,1,0,0,0,1,0,0,-1]",c,"[[{8, 1}, {2, 7}, {3, 6}, {4, 5}], [{8, 1}, {2, 7}, {4, 6}, {3, 5}], [{8, 1}, {2, 7}, {4, 6}, {5}, {3}], [{8, 1}, {2, 7}, {5, 6}, {3, 4}], [{8, 1}, {2, 7}, {6}, {3, 5}, {4}], [{8, 1}, {3, 7}, {2, 6}, {4, 5}], [{8, 1}, {3, 7}, {2, 6}, {5}, {4}], [{8, 1}, {3, 7}, {4, 6}, {2, 5}], [{8, 1}, {3, 7}, {4, 6}, {5}, {2}], [{8, 1}, {3, 7}, {5, 6}, {2, 4}], [{8, 1}, {3, 7}, {6}, {5}, {2, 4}], [{8, 1}, {4, 7}, {2, 6}, {3, 5}], [{8, 1}, {4, 7}, {3, 6}, {2, 5}], [{8, 1}, {4, 7}, {5, 6}, {2, 3}], [{8, 1}, {4, 7}, {6}, {2, 5}, {3}], [{8, 1}, {4, 7}, {6}, {3, 5}, {2}], [{8, 1}, {4, 7}, {6}, {5}, {2, 3}], [{8, 1}, {5, 7}, {2, 6}, {3, 4}], [{8, 1}, {5, 7}, {2, 6}, {4}, {3}], [{8, 1}, {5, 7}, {3, 6}, {2, 4}], [{8, 1}, {5, 7}, {4, 6}, {2, 3}], [{8, 1}, {5, 7}, {4, 6}, {3}, {2}], [{8, 1}, {5, 7}, {6}, {2, 4}, {3}], [{8, 1}, {6, 7}, {2, 5}, {3, 4}], [{8, 1}, {6, 7}, {2, 5}, {4}, {3}], [{8, 1}, {6, 7}, {3, 5}, {2, 4}], [{8, 1}, {6, 7}, {3, 5}, {4}, {2}], [{8, 1}, {6, 7}, {4, 5}, {2, 3}], [{8, 1}, {6, 7}, {5}, {4}, {2, 3}], [{8, 1}, {7}, {2, 6}, {3, 5}, {4}], [{8, 1}, {7}, {3, 6}, {4, 5}, {2}], [{8, 1}, {7}, {4, 6}, {2, 5}, {3}], [{8, 1}, {7}, {4, 6}, {3, 5}, {2}], [{8, 1}, {7}, {4, 6}, {5}, {2, 3}], [{8, 1}, {7}, {4, 6}, {5}, {3}, {2}], [{8, 1}, {7}, {5, 6}, {3, 4}, {2}], [{8, 1}, {7}, {6}, {3, 5}, {2, 4}], [{8, 1}, {7}, {6}, {3, 5}, {4}, {2}], [{8, 2}, {1, 7}, {3, 6}, {4, 5}], [{8, 2}, {1, 7}, {4, 6}, {3, 5}], [{8, 2}, {1, 7}, {4, 6}, {5}, {3}], [{8, 2}, {1, 7}, {5, 6}, {3, 4}], [{8, 2}, {1, 7}, {5, 6}, {4}, {3}], [{8, 2}, {1, 7}, {6}, {4, 5}, {3}], [{8, 2}, {3, 7}, {1, 6}, {4, 5}], [{8, 2}, {3, 7}, {4, 6}, {1, 5}], [{8, 2}, {3, 7}, {4, 6}, {5}, {1}], [{8, 2}, {3, 7}, {5, 6}, {1, 4}], [{8, 2}, {3, 7}, {5, 6}, {4}, {1}], [{8, 2}, {3, 7}, {6}, {4, 5}, {1}], [{8, 2}, {4, 7}, {1, 6}, {3, 5}], [{8, 2}, {4, 7}, {3, 6}, {1, 5}], [{8, 2}, {4, 7}, {5, 6}, {1, 3}], [{8, 2}, {4, 7}, {6}, {1, 5}, {3}], [{8, 2}, {4, 7}, {6}, {3, 5}, {1}], [{8, 2}, {4, 7}, {6}, {5}, {1, 3}], [{8, 2}, {5, 7}, {1, 6}, {3, 4}], [{8, 2}, {5, 7}, {3, 6}, {1, 4}], [{8, 2}, {5, 7}, {4, 6}, {1, 3}], [{8, 2}, {5, 7}, {4, 6}, {3}, {1}], [{8, 2}, {5, 7}, {6}, {4}, {1, 3}], [{8, 2}, {6, 7}, {1, 5}, {3, 4}], [{8, 2}, {6, 7}, {1, 5}, {4}, {3}], [{8, 2}, {6, 7}, {3, 5}, {1, 4}], [{8, 2}, {6, 7}, {3, 5}, {4}, {1}], [{8, 2}, {6, 7}, {4, 5}, {1, 3}], [{8, 2}, {6, 7}, {5}, {4}, {1, 3}], [{8, 2}, {7}, {1, 6}, {5}, {3, 4}], [{8, 2}, {7}, {3, 6}, {5}, {1, 4}], [{8, 2}, {7}, {4, 6}, {1, 5}, {3}], [{8, 2}, {7}, {4, 6}, {3, 5}, {1}], [{8, 2}, {7}, {4, 6}, {5}, {1, 3}], [{8, 2}, {7}, {4, 6}, {5}, {3}, {1}], [{8, 2}, {7}, {5, 6}, {4}, {1, 3}], [{8, 2}, {7}, {6}, {4, 5}, {1, 3}], [{8, 2}, {7}, {6}, {5}, {4}, {1, 3}], [{8, 3}, {1, 7}, {2, 6}, {4, 5}], [{8, 3}, {1, 7}, {4, 6}, {2, 5}], [{8, 3}, {1, 7}, {5, 6}, {2, 4}], [{8, 3}, {2, 7}, {1, 6}, {4, 5}], [{8, 3}, {2, 7}, {4, 6}, {1, 5}], [{8, 3}, {2, 7}, {5, 6}, {1, 4}], [{8, 3}, {4, 7}, {1, 6}, {2, 5}], [{8, 3}, {4, 7}, {1, 6}, {5}, {2}], [{8, 3}, {4, 7}, {2, 6}, {1, 5}], [{8, 3}, {4, 7}, {2, 6}, {5}, {1}], [{8, 3}, {4, 7}, {5, 6}, {1, 2}], [{8, 3}, {4, 7}, {5, 6}, {2}, {1}], [{8, 3}, {4, 7}, {6}, {1, 5}, {2}], [{8, 3}, {4, 7}, {6}, {2, 5}, {1}], [{8, 3}, {4, 7}, {6}, {5}, {1, 2}], [{8, 3}, {4, 7}, {6}, {5}, {2}, {1}], [{8, 3}, {5, 7}, {1, 6}, {2, 4}], [{8, 3}, {5, 7}, {2, 6}, {1, 4}], [{8, 3}, {5, 7}, {4, 6}, {1, 2}], [{8, 3}, {6, 7}, {1, 5}, {2, 4}], [{8, 3}, {6, 7}, {1, 5}, {4}, {2}], [{8, 3}, {6, 7}, {2, 5}, {1, 4}], [{8, 3}, {6, 7}, {2, 5}, {4}, {1}], [{8, 3}, {6, 7}, {4, 5}, {1, 2}], [{8, 3}, {6, 7}, {5}, {4}, {1, 2}], [{8, 3}, {7}, {4, 6}, {1, 5}, {2}], [{8, 3}, {7}, {4, 6}, {2, 5}, {1}], [{8, 3}, {7}, {4, 6}, {5}, {1, 2}], [{8, 4}, {1, 7}, {2, 6}, {3, 5}], [{8, 4}, {1, 7}, {3, 6}, {2, 5}], [{8, 4}, {1, 7}, {5, 6}, {2, 3}], [{8, 4}, {2, 7}, {1, 6}, {3, 5}], [{8, 4}, {2, 7}, {3, 6}, {1, 5}], [{8, 4}, {2, 7}, {5, 6}, {1, 3}], [{8, 4}, {3, 7}, {1, 6}, {2, 5}], [{8, 4}, {3, 7}, {2, 6}, {1, 5}], [{8, 4}, {3, 7}, {2, 6}, {5}, {1}], [{8, 4}, {3, 7}, {5, 6}, {1, 2}], [{8, 4}, {3, 7}, {6}, {1, 5}, {2}], [{8, 4}, {5, 7}, {1, 6}, {2, 3}], [{8, 4}, {5, 7}, {2, 6}, {1, 3}], [{8, 4}, {5, 7}, {2, 6}, {3}, {1}], [{8, 4}, {5, 7}, {3, 6}, {1, 2}], [{8, 4}, {5, 7}, {3, 6}, {2}, {1}], [{8, 4}, {5, 7}, {6}, {2, 3}, {1}], [{8, 4}, {6, 7}, {1, 5}, {2, 3}], [{8, 4}, {6, 7}, {2, 5}, {1, 3}], [{8, 4}, {6, 7}, {3, 5}, {1, 2}], [{8, 4}, {6, 7}, {5}, {2, 3}, {1}], [{8, 4}, {7}, {2, 6}, {3, 5}, {1}], [{8, 4}, {7}, {5, 6}, {2, 3}, {1}], [{8, 4}, {7}, {6}, {2, 5}, {1, 3}], [{8, 5}, {1, 7}, {2, 6}, {3, 4}], [{8, 5}, {1, 7}, {3, 6}, {2, 4}], [{8, 5}, {1, 7}, {4, 6}, {2, 3}], [{8, 5}, {1, 7}, {4, 6}, {3}, {2}], [{8, 5}, {2, 7}, {1, 6}, {3, 4}], [{8, 5}, {2, 7}, {3, 6}, {1, 4}], [{8, 5}, {2, 7}, {4, 6}, {1, 3}], [{8, 5}, {2, 7}, {4, 6}, {3}, {1}], [{8, 5}, {2, 7}, {6}, {4}, {1, 3}], [{8, 5}, {3, 7}, {1, 6}, {2, 4}], [{8, 5}, {3, 7}, {2, 6}, {1, 4}], [{8, 5}, {3, 7}, {4, 6}, {1, 2}], [{8, 5}, {3, 7}, {4, 6}, {2}, {1}], [{8, 5}, {4, 7}, {1, 6}, {2, 3}], [{8, 5}, {4, 7}, {2, 6}, {1, 3}], [{8, 5}, {4, 7}, {3, 6}, {1, 2}], [{8, 5}, {4, 7}, {6}, {1, 3}, {2}], [{8, 5}, {4, 7}, {6}, {2, 3}, {1}], [{8, 5}, {4, 7}, {6}, {3}, {1, 2}], [{8, 5}, {6, 7}, {1, 4}, {2, 3}], [{8, 5}, {6, 7}, {2, 4}, {1, 3}], [{8, 5}, {6, 7}, {3, 4}, {1, 2}], [{8, 5}, {6, 7}, {4}, {1, 3}, {2}], [{8, 5}, {6, 7}, {4}, {2, 3}, {1}], [{8, 5}, {6, 7}, {4}, {3}, {1, 2}], [{8, 5}, {7}, {1, 6}, {3, 4}, {2}], [{8, 5}, {7}, {2, 6}, {4}, {1, 3}], [{8, 5}, {7}, {3, 6}, {1, 4}, {2}], [{8, 5}, {7}, {4, 6}, {1, 3}, {2}], [{8, 5}, {7}, {4, 6}, {2, 3}, {1}], [{8, 5}, {7}, {4, 6}, {3}, {1, 2}], [{8, 5}, {7}, {4, 6}, {3}, {2}, {1}], [{8, 5}, {7}, {6}, {2, 4}, {1, 3}], [{8, 5}, {7}, {6}, {4}, {1, 3}, {2}], [{8, 6}, {1, 7}, {2, 5}, {3, 4}], [{8, 6}, {1, 7}, {3, 5}, {2, 4}], [{8, 6}, {1, 7}, {4, 5}, {2, 3}], [{8, 6}, {2, 7}, {1, 5}, {3, 4}], [{8, 6}, {2, 7}, {3, 5}, {1, 4}], [{8, 6}, {2, 7}, {3, 5}, {4}, {1}], [{8, 6}, {2, 7}, {4, 5}, {1, 3}], [{8, 6}, {2, 7}, {5}, {1, 4}, {3}], [{8, 6}, {3, 7}, {1, 5}, {2, 4}], [{8, 6}, {3, 7}, {1, 5}, {4}, {2}], [{8, 6}, {3, 7}, {2, 5}, {1, 4}], [{8, 6}, {3, 7}, {4, 5}, {1, 2}], [{8, 6}, {4, 7}, {1, 5}, {2, 3}], [{8, 6}, {4, 7}, {2, 5}, {1, 3}], [{8, 6}, {4, 7}, {3, 5}, {1, 2}], [{8, 6}, {5, 7}, {1, 4}, {2, 3}], [{8, 6}, {5, 7}, {2, 4}, {1, 3}], [{8, 6}, {5, 7}, {3, 4}, {1, 2}], [{8, 6}, {7}, {2, 5}, {4}, {1, 3}], [{8, 7}, {1, 6}, {2, 5}, {3, 4}], [{8, 7}, {1, 6}, {3, 5}, {2, 4}], [{8, 7}, {1, 6}, {4, 5}, {2, 3}], [{8, 7}, {2, 6}, {1, 5}, {3, 4}], [{8, 7}, {2, 6}, {3, 5}, {1, 4}], [{8, 7}, {2, 6}, {4, 5}, {1, 3}], [{8, 7}, {3, 6}, {1, 5}, {2, 4}], [{8, 7}, {3, 6}, {2, 5}, {1, 4}], [{8, 7}, {3, 6}, {4, 5}, {1, 2}], [{8, 7}, {4, 6}, {1, 5}, {2, 3}], [{8, 7}, {4, 6}, {1, 5}, {3}, {2}], [{8, 7}, {4, 6}, {2, 5}, {1, 3}], [{8, 7}, {4, 6}, {2, 5}, {3}, {1}], [{8, 7}, {4, 6}, {3, 5}, {1, 2}], [{8, 7}, {4, 6}, {5}, {3}, {1, 2}], [{8, 7}, {5, 6}, {1, 4}, {2, 3}], [{8, 7}, {5, 6}, {2, 4}, {1, 3}], [{8, 7}, {5, 6}, {2, 4}, {3}, {1}], [{8, 7}, {5, 6}, {3, 4}, {1, 2}], [{8, 7}, {6}, {2, 5}, {4}, {1, 3}], [{8}, {1, 7}, {2, 6}, {5}, {3, 4}], [{8}, {1, 7}, {4, 6}, {2, 5}, {3}], [{8}, {2, 7}, {1, 6}, {3, 5}, {4}], [{8}, {2, 7}, {4, 6}, {1, 5}, {3}], [{8}, {2, 7}, {5, 6}, {3, 4}, {1}], [{8}, {3, 7}, {2, 6}, {5}, {1, 4}], [{8}, {3, 7}, {4, 6}, {1, 5}, {2}], [{8}, {3, 7}, {4, 6}, {2, 5}, {1}], [{8}, {3, 7}, {4, 6}, {5}, {1, 2}], [{8}, {4, 7}, {6}, {1, 5}, {2, 3}], [{8}, {4, 7}, {6}, {2, 5}, {1, 3}], [{8}, {4, 7}, {6}, {3, 5}, {1, 2}], [{8}, {5, 7}, {2, 6}, {1, 4}, {3}], [{8}, {5, 7}, {4, 6}, {3}, {1, 2}], [{8}, {6, 7}, {1, 5}, {4}, {2, 3}], [{8}, {6, 7}, {2, 5}, {4}, {1, 3}], [{8}, {6, 7}, {3, 5}, {4}, {1, 2}], [{8}, {6, 7}, {4, 5}, {2, 3}, {1}], [{8}, {6, 7}, {5}, {1, 4}, {2, 3}], [{8}, {6, 7}, {5}, {4}, {2, 3}, {1}], [{8}, {7}, {1, 6}, {2, 5}, {3, 4}], [{8}, {7}, {2, 6}, {3, 5}, {1, 4}], [{8}, {7}, {3, 6}, {2, 5}, {1, 4}], [{8}, {7}, {4, 6}, {1, 5}, {2, 3}], [{8}, {7}, {4, 6}, {1, 5}, {3}, {2}], [{8}, {7}, {4, 6}, {2, 5}, {1, 3}], [{8}, {7}, {4, 6}, {2, 5}, {3}, {1}], [{8}, {7}, {4, 6}, {3, 5}, {1, 2}], [{8}, {7}, {4, 6}, {5}, {3}, {1, 2}], [{8}, {7}, {6}, {2, 5}, {4}, {1, 3}]]",2,- 14 K_1^2 - 8 K_1 K_2 + 4 K_1 + 7 K_2 + 4 K_3 + 8,O1O2O3O4U2U4U5O6U7O5O8U3U8O7U1U6,O1O2O3U2U4U3U5O6O5U7O8O4U8U1O7U6,O1O2O3U4O5U3U6O7O6U5O8O4U8U1U7U2,c,{'O1O2O3O4U5U4O6U7U2O7O8U6O5U8U1U3'},1,"<a href=""/flatknot/8.850907"">8.850907</a>",t^9-20t^7-10t^6+44t^5+4t^4-16t^3+2t,-t^2+2t,,
8.850908,O1O2O3O4U5U4O6U7U3O7O8U1O5U2U8U6,4,2z^3+31z^2+110z+113,2w^4z^3+31w^3z^2+110w^2z+113w,False,False,"[[ 0 -2 -1  1  1 -1  2 -1  1],[ 2  0  0  1  0  0  3  1  1],[ 1  0  0  2  1 -1  2  0  0],[-1 -1 -2  0  0 -1 -1 -1 -1],[-1  0 -1  0  0 -1 -1 -1 -1],[ 1  0  1  1  1  0  1  0  1],[-2 -3 -2  1  1 -1  0 -2  0],[ 1 -1  0  1  1  0  2  0  1],[-1 -1  0  1  1 -1  0 -1  0]]","[[ 0  2  1  1  1 -1 -1 -1 -2],[-2  0  1  1  0 -1 -2 -2 -3],[-1 -1  0  0 -1 -1 -1 -1  0],[-1 -1  0  0 -1 -1 -1 -2 -1],[-1  0  1  1  0 -1 -1  0 -1],[ 1  1  1  1  1  0  0  1  0],[ 1  2  1  1  1  0  0  0 -1],[ 1  2  1  2  0 -1  0  0  0],[ 2  3  0  1  1  0  1  0  0]]",True,"[-2,-1,-1,-1,1,1,1,2,-1,-1,0,1,2,2,3,0,1,1,1,1,0,1,1,1,2,1,1,1,0,1,0,-1,0,0,1,0]","[-2,-1,-1,-1,1,1,1,2,-1,-1,0,1,2,2,3,0,1,1,1,1,0,1,1,1,2,1,1,1,0,1,0,-1,0,0,1,0]",t^8+37t^6+143t^4+26t^2+1,"[-2,-1,-1,-1,1,1,1,2,0,1,1,2,2,3,1,0,0,1,1,1,1,-1,1,1,1,2,0,2,1,1,1,0,2,-1,1,2]","[-2,-1,-1,-1,1,1,1,2,1,2,2,1,1,2,1,1,1,1,2,1,2,0,1,0,1,2,1,1,1,3,0,0,0,-1,1,1]","[-2,-1,-1,-1,1,1,1,2,0,0,1,0,1,1,3,-1,0,1,0,2,2,0,1,1,1,1,1,1,1,2,-1,0,-1,1,0,-1]",c,"[[{8, 2}, {3, 7}, {1, 6}, {4, 5}], [{8, 3}, {2, 7}, {1, 6}, {4, 5}], [{8, 5}, {4, 7}, {1, 6}, {2, 3}], [{8, 7}, {1, 6}, {4, 5}, {2, 3}]]",1,8 K_1^2 K_2 - 12 K_1^2 - 12 K_1 K_2 - 4 K_1 K_3 + 6 K_1 - 4 K_2^2 + 4 K_2 + 6 K_3 + 2 K_4 + 7,O1O2O3O4U5U6U3O7U4O6O8U2U8O5U1U7,O1O2O3U4U1U5U6O7O6U3O8O5U8U2O4U7,O1O2O3U4O5U2U6O7O6U1O8O4U8U7U3U5,c,{'O1O2O3O4U5U4O6U7U3O7O8U1O5U2U8U6'},1,"<a href=""/flatknot/8.850908"">8.850908</a>",t^9-37t^7-60t^6+139t^5+206t^4-133t^3-126t^2+64t-4,0,,
8.850909,O1O2O3O4U5U4O6U7U3O7O8U1O5U6U8U2,4,2z^3+26z^2+105z+123,2w^4z^3+26w^3z^2+105w^2z+123w,False,False,"[[ 0 -2  1  1  1 -1  0 -1  1],[ 2  0  2  1  0  0  1  1  1],[-1 -2  0  1  1 -1 -1 -2  0],[-1 -1 -1  0  0 -1 -1 -1  0],[-1  0 -1  0  0 -1 -1 -1 -1],[ 1  0  1  1  1  0  0  0  0],[ 0 -1  1  1  1  0  0  0  1],[ 1 -1  2  1  1  0  0  0  1],[-1 -1  0  0  1  0 -1 -1  0]]","[[ 0  1  1  1  1  0 -1 -1 -2],[-1  0  1  1  0 -1 -1 -2 -2],[-1 -1  0  0  0 -1 -1 -1 -1],[-1 -1  0  0 -1 -1 -1 -1  0],[-1  0  0  1  0 -1  0 -1 -1],[ 0  1  1  1  1  0  0  0 -1],[ 1  1  1  1  0  0  0  0  0],[ 1  2  1  1  1  0  0  0 -1],[ 2  2  1  0  1  1  0  1  0]]",True,"[-1,-1,-1,-1,0,1,1,2,-1,-1,0,1,1,2,2,0,0,1,1,1,1,1,1,1,1,0,1,0,1,1,0,0,1,0,0,1]","[-2,-1,-1,0,1,1,1,1,0,1,1,0,1,1,2,0,0,1,0,1,1,0,1,1,1,2,1,1,1,1,-1,0,-1,0,0,-1]",t^8+25t^6+45t^4+12t^2,"[-2,-1,-1,0,1,1,1,1,0,1,1,1,2,2,3,0,1,0,1,1,1,1,1,1,2,1,0,0,0,0,-1,0,-1,0,0,-1]","[-1,-1,-1,-1,0,1,1,2,-1,-1,0,0,1,1,3,0,0,0,1,2,2,1,0,0,1,1,0,1,1,2,1,1,1,0,0,1]","[-2,-1,-1,0,1,1,1,1,0,1,1,0,1,1,2,0,0,1,0,1,1,0,1,1,1,2,1,1,1,1,-1,0,-1,0,0,-1]",c,"[[{8, 1}, {2, 7}, {3, 6}, {4, 5}], [{8, 1}, {2, 7}, {4, 6}, {3, 5}], [{8, 1}, {2, 7}, {5, 6}, {3, 4}], [{8, 1}, {2, 7}, {5, 6}, {4}, {3}], [{8, 1}, {3, 7}, {2, 6}, {4, 5}], [{8, 1}, {3, 7}, {2, 6}, {5}, {4}], [{8, 1}, {3, 7}, {4, 6}, {2, 5}], [{8, 1}, {3, 7}, {5, 6}, {2, 4}], [{8, 1}, {3, 7}, {5, 6}, {4}, {2}], [{8, 1}, {3, 7}, {6}, {2, 5}, {4}], [{8, 1}, {4, 7}, {2, 6}, {3, 5}], [{8, 1}, {4, 7}, {2, 6}, {5}, {3}], [{8, 1}, {4, 7}, {3, 6}, {2, 5}], [{8, 1}, {4, 7}, {5, 6}, {2, 3}], [{8, 1}, {4, 7}, {5, 6}, {3}, {2}], [{8, 1}, {4, 7}, {6}, {2, 5}, {3}], [{8, 1}, {5, 7}, {2, 6}, {3, 4}], [{8, 1}, {5, 7}, {2, 6}, {4}, {3}], [{8, 1}, {5, 7}, {3, 6}, {2, 4}], [{8, 1}, {5, 7}, {4, 6}, {2, 3}], [{8, 1}, {6, 7}, {2, 5}, {3, 4}], [{8, 1}, {6, 7}, {2, 5}, {4}, {3}], [{8, 1}, {6, 7}, {3, 5}, {2, 4}], [{8, 1}, {6, 7}, {4, 5}, {2, 3}], [{8, 1}, {7}, {2, 6}, {3, 5}, {4}], [{8, 1}, {7}, {2, 6}, {4, 5}, {3}], [{8, 1}, {7}, {2, 6}, {5}, {3, 4}], [{8, 1}, {7}, {2, 6}, {5}, {4}, {3}], [{8, 1}, {7}, {3, 6}, {2, 5}, {4}], [{8, 1}, {7}, {3, 6}, {4, 5}, {2}], [{8, 1}, {7}, {3, 6}, {5}, {2, 4}], [{8, 1}, {7}, {4, 6}, {2, 5}, {3}], [{8, 1}, {7}, {4, 6}, {3, 5}, {2}], [{8, 1}, {7}, {4, 6}, {5}, {2, 3}], [{8, 1}, {7}, {5, 6}, {2, 4}, {3}], [{8, 1}, {7}, {5, 6}, {3, 4}, {2}], [{8, 1}, {7}, {5, 6}, {4}, {2, 3}], [{8, 1}, {7}, {5, 6}, {4}, {3}, {2}], [{8, 1}, {7}, {6}, {2, 5}, {3, 4}], [{8, 1}, {7}, {6}, {2, 5}, {4}, {3}], [{8, 1}, {7}, {6}, {3, 5}, {2, 4}], [{8, 1}, {7}, {6}, {4, 5}, {2, 3}], [{8, 2}, {1, 7}, {3, 6}, {4, 5}], [{8, 2}, {1, 7}, {4, 6}, {3, 5}], [{8, 2}, {1, 7}, {5, 6}, {3, 4}], [{8, 2}, {3, 7}, {1, 6}, {4, 5}], [{8, 2}, {3, 7}, {4, 6}, {1, 5}], [{8, 2}, {3, 7}, {5, 6}, {1, 4}], [{8, 2}, {4, 7}, {1, 6}, {3, 5}], [{8, 2}, {4, 7}, {1, 6}, {5}, {3}], [{8, 2}, {4, 7}, {3, 6}, {1, 5}], [{8, 2}, {4, 7}, {5, 6}, {1, 3}], [{8, 2}, {5, 7}, {1, 6}, {3, 4}], [{8, 2}, {5, 7}, {3, 6}, {1, 4}], [{8, 2}, {5, 7}, {4, 6}, {1, 3}], [{8, 2}, {6, 7}, {1, 5}, {3, 4}], [{8, 2}, {6, 7}, {3, 5}, {1, 4}], [{8, 2}, {6, 7}, {4, 5}, {1, 3}], [{8, 2}, {6, 7}, {5}, {1, 4}, {3}], [{8, 2}, {7}, {1, 6}, {3, 5}, {4}], [{8, 2}, {7}, {3, 6}, {4, 5}, {1}], [{8, 2}, {7}, {4, 6}, {3, 5}, {1}], [{8, 2}, {7}, {5, 6}, {4}, {1, 3}], [{8, 2}, {7}, {6}, {3, 5}, {1, 4}], [{8, 3}, {1, 7}, {2, 6}, {4, 5}], [{8, 3}, {1, 7}, {4, 6}, {2, 5}], [{8, 3}, {1, 7}, {4, 6}, {5}, {2}], [{8, 3}, {1, 7}, {5, 6}, {2, 4}], [{8, 3}, {2, 7}, {1, 6}, {4, 5}], [{8, 3}, {2, 7}, {4, 6}, {1, 5}], [{8, 3}, {2, 7}, {5, 6}, {1, 4}], [{8, 3}, {2, 7}, {6}, {1, 5}, {4}], [{8, 3}, {4, 7}, {1, 6}, {2, 5}], [{8, 3}, {4, 7}, {2, 6}, {1, 5}], [{8, 3}, {4, 7}, {5, 6}, {1, 2}], [{8, 3}, {4, 7}, {6}, {2, 5}, {1}], [{8, 3}, {5, 7}, {1, 6}, {2, 4}], [{8, 3}, {5, 7}, {1, 6}, {4}, {2}], [{8, 3}, {5, 7}, {2, 6}, {1, 4}], [{8, 3}, {5, 7}, {4, 6}, {1, 2}], [{8, 3}, {6, 7}, {1, 5}, {2, 4}], [{8, 3}, {6, 7}, {2, 5}, {1, 4}], [{8, 3}, {6, 7}, {4, 5}, {1, 2}], [{8, 3}, {6, 7}, {4, 5}, {2}, {1}], [{8, 3}, {7}, {1, 6}, {5}, {2, 4}], [{8, 3}, {7}, {5, 6}, {4}, {1, 2}], [{8, 4}, {1, 7}, {2, 6}, {3, 5}], [{8, 4}, {1, 7}, {2, 6}, {5}, {3}], [{8, 4}, {1, 7}, {3, 6}, {2, 5}], [{8, 4}, {1, 7}, {5, 6}, {2, 3}], [{8, 4}, {2, 7}, {1, 6}, {3, 5}], [{8, 4}, {2, 7}, {3, 6}, {1, 5}], [{8, 4}, {2, 7}, {5, 6}, {1, 3}], [{8, 4}, {2, 7}, {6}, {1, 5}, {3}], [{8, 4}, {3, 7}, {1, 6}, {2, 5}], [{8, 4}, {3, 7}, {1, 6}, {5}, {2}], [{8, 4}, {3, 7}, {2, 6}, {1, 5}], [{8, 4}, {3, 7}, {5, 6}, {1, 2}], [{8, 4}, {3, 7}, {6}, {2, 5}, {1}], [{8, 4}, {5, 7}, {1, 6}, {2, 3}], [{8, 4}, {5, 7}, {2, 6}, {1, 3}], [{8, 4}, {5, 7}, {3, 6}, {1, 2}], [{8, 4}, {5, 7}, {3, 6}, {2}, {1}], [{8, 4}, {6, 7}, {1, 5}, {2, 3}], [{8, 4}, {6, 7}, {2, 5}, {1, 3}], [{8, 4}, {6, 7}, {3, 5}, {1, 2}], [{8, 4}, {7}, {3, 6}, {5}, {1, 2}], [{8, 4}, {7}, {5, 6}, {2, 3}, {1}], [{8, 5}, {1, 7}, {2, 6}, {3, 4}], [{8, 5}, {1, 7}, {3, 6}, {2, 4}], [{8, 5}, {1, 7}, {4, 6}, {2, 3}], [{8, 5}, {1, 7}, {4, 6}, {3}, {2}], [{8, 5}, {2, 7}, {1, 6}, {3, 4}], [{8, 5}, {2, 7}, {1, 6}, {4}, {3}], [{8, 5}, {2, 7}, {3, 6}, {1, 4}], [{8, 5}, {2, 7}, {4, 6}, {1, 3}], [{8, 5}, {3, 7}, {1, 6}, {2, 4}], [{8, 5}, {3, 7}, {2, 6}, {1, 4}], [{8, 5}, {3, 7}, {4, 6}, {1, 2}], [{8, 5}, {4, 7}, {1, 6}, {2, 3}], [{8, 5}, {4, 7}, {2, 6}, {1, 3}], [{8, 5}, {4, 7}, {3, 6}, {1, 2}], [{8, 5}, {4, 7}, {3, 6}, {2}, {1}], [{8, 5}, {6, 7}, {1, 4}, {2, 3}], [{8, 5}, {6, 7}, {2, 4}, {1, 3}], [{8, 5}, {6, 7}, {3, 4}, {1, 2}], [{8, 5}, {7}, {1, 6}, {3, 4}, {2}], [{8, 5}, {7}, {3, 6}, {4}, {1, 2}], [{8, 5}, {7}, {6}, {2, 4}, {1, 3}], [{8, 6}, {1, 7}, {2, 5}, {3, 4}], [{8, 6}, {1, 7}, {3, 5}, {2, 4}], [{8, 6}, {1, 7}, {4, 5}, {2, 3}], [{8, 6}, {1, 7}, {5}, {2, 4}, {3}], [{8, 6}, {2, 7}, {1, 5}, {3, 4}], [{8, 6}, {2, 7}, {1, 5}, {4}, {3}], [{8, 6}, {2, 7}, {3, 5}, {1, 4}], [{8, 6}, {2, 7}, {4, 5}, {1, 3}], [{8, 6}, {3, 7}, {1, 5}, {2, 4}], [{8, 6}, {3, 7}, {2, 5}, {1, 4}], [{8, 6}, {3, 7}, {4, 5}, {1, 2}], [{8, 6}, {3, 7}, {4, 5}, {2}, {1}], [{8, 6}, {4, 7}, {1, 5}, {2, 3}], [{8, 6}, {4, 7}, {2, 5}, {1, 3}], [{8, 6}, {4, 7}, {3, 5}, {1, 2}], [{8, 6}, {4, 7}, {5}, {1, 3}, {2}], [{8, 6}, {5, 7}, {1, 4}, {2, 3}], [{8, 6}, {5, 7}, {1, 4}, {3}, {2}], [{8, 6}, {5, 7}, {2, 4}, {1, 3}], [{8, 6}, {5, 7}, {3, 4}, {1, 2}], [{8, 7}, {1, 6}, {2, 5}, {3, 4}], [{8, 7}, {1, 6}, {3, 5}, {2, 4}], [{8, 7}, {1, 6}, {4, 5}, {2, 3}], [{8, 7}, {2, 6}, {1, 5}, {3, 4}], [{8, 7}, {2, 6}, {3, 5}, {1, 4}], [{8, 7}, {2, 6}, {4, 5}, {1, 3}], [{8, 7}, {2, 6}, {5}, {1, 4}, {3}], [{8, 7}, {3, 6}, {1, 5}, {2, 4}], [{8, 7}, {3, 6}, {2, 5}, {1, 4}], [{8, 7}, {3, 6}, {4, 5}, {1, 2}], [{8, 7}, {3, 6}, {4, 5}, {2}, {1}], [{8, 7}, {3, 6}, {5}, {4}, {1, 2}], [{8, 7}, {4, 6}, {1, 5}, {2, 3}], [{8, 7}, {4, 6}, {2, 5}, {1, 3}], [{8, 7}, {4, 6}, {3, 5}, {1, 2}], [{8, 7}, {4, 6}, {3, 5}, {2}, {1}], [{8, 7}, {5, 6}, {1, 4}, {2, 3}], [{8, 7}, {5, 6}, {2, 4}, {1, 3}], [{8, 7}, {5, 6}, {3, 4}, {1, 2}], [{8, 7}, {5, 6}, {4}, {2, 3}, {1}], [{8}, {1, 7}, {3, 6}, {4, 5}, {2}], [{8}, {1, 7}, {4, 6}, {3, 5}, {2}], [{8}, {1, 7}, {5, 6}, {4}, {2, 3}], [{8}, {2, 7}, {3, 6}, {1, 5}, {4}], [{8}, {2, 7}, {3, 6}, {4, 5}, {1}], [{8}, {2, 7}, {3, 6}, {5}, {1, 4}], [{8}, {2, 7}, {4, 6}, {1, 5}, {3}], [{8}, {2, 7}, {4, 6}, {3, 5}, {1}], [{8}, {2, 7}, {4, 6}, {5}, {1, 3}], [{8}, {2, 7}, {6}, {1, 5}, {3, 4}], [{8}, {3, 7}, {4, 6}, {5}, {1, 2}], [{8}, {3, 7}, {6}, {2, 5}, {1, 4}], [{8}, {4, 7}, {3, 6}, {5}, {1, 2}], [{8}, {4, 7}, {5, 6}, {2, 3}, {1}], [{8}, {4, 7}, {6}, {2, 5}, {1, 3}], [{8}, {5, 7}, {3, 6}, {4}, {1, 2}], [{8}, {5, 7}, {4, 6}, {3}, {1, 2}], [{8}, {5, 7}, {6}, {3, 4}, {1, 2}], [{8}, {7}, {3, 6}, {4, 5}, {1, 2}], [{8}, {7}, {3, 6}, {4, 5}, {2}, {1}], [{8}, {7}, {4, 6}, {3, 5}, {1, 2}], [{8}, {7}, {4, 6}, {3, 5}, {2}, {1}], [{8}, {7}, {5, 6}, {1, 4}, {2, 3}], [{8}, {7}, {5, 6}, {4}, {2, 3}, {1}]]",2,16 K_1^3 + 8 K_1^2 K_2 - 30 K_1^2 - 20 K_1 K_2 - 8 K_1 K_3 - 2 K_1 + 15 K_2 + 6 K_3 + 2 K_4 + 14,O1O2O3O4U3U5U6O7U4O5O8U2U8O6U1U7,O1O2O3U4U3U5U6O7O6U1O8O5U8U2O4U7,O1O2O3U4O5U2U6O7O6U3O8O4U8U7U1U5,c,{'O1O2O3O4U5U4O6U7U3O7O8U1O5U6U8U2'},1,"<a href=""/flatknot/8.850909"">8.850909</a>",t^9-27t^7-42t^6+72t^5+96t^4-87t^3-42t^2+35t-2,t^2-2t,,
8.850910,O1O2O3O4U5U4O6U7U3O7O8U1O5U8U2U6,4,z^3+19z^2+93z+119,w^4z^3+19w^3z^2+93w^2z+119w,False,False,"[[ 0 -2  0  1  1 -1  2 -1  0],[ 2  0  1  1  0  0  3  1  0],[ 0 -1  0  2  1 -1  1 -1 -1],[-1 -1 -2  0  0 -1 -1 -1 -1],[-1  0 -1  0  0 -1 -1 -1 -1],[ 1  0  1  1  1  0  1  0  0],[-2 -3 -1  1  1 -1  0 -2  0],[ 1 -1  1  1  1  0  2  0  0],[ 0  0  1  1  1  0  0  0  0]]","[[ 0  2  1  1  0  0 -1 -1 -2],[-2  0  1  1  0 -1 -1 -2 -3],[-1 -1  0  0 -1 -1 -1 -1  0],[-1 -1  0  0 -1 -2 -1 -1 -1],[ 0  0  1  1  0  1  0  0  0],[ 0  1  1  2 -1  0 -1 -1 -1],[ 1  1  1  1  0  1  0  0  0],[ 1  2  1  1  0  1  0  0 -1],[ 2  3  0  1  0  1  0  1  0]]",True,"[-2,-1,-1,0,0,1,1,2,-1,-1,0,1,1,2,3,0,1,1,1,1,0,1,2,1,1,1,-1,0,0,0,1,1,1,0,0,1]","[-2,-1,-1,0,0,1,1,2,-1,-1,0,1,1,2,3,0,1,1,1,1,0,1,2,1,1,1,-1,0,0,0,1,1,1,0,0,1]",t^8+34t^6+125t^4+31t^2+1,"[-2,-1,-1,0,0,1,1,2,0,1,1,2,2,3,1,0,0,1,1,1,1,0,1,1,1,2,1,-1,0,1,0,0,2,0,2,2]","[-2,-1,-1,0,0,1,1,2,2,2,1,2,1,2,1,0,-1,0,1,1,2,0,0,1,1,3,-1,0,0,1,1,1,2,0,0,1]","[-2,-1,-1,0,0,1,1,2,0,1,0,1,0,1,3,0,0,1,1,1,1,0,1,1,1,2,1,1,1,0,1,2,1,0,-1,-1]",c,"[[{8, 1}, {2, 7}, {3, 6}, {4, 5}], [{8, 1}, {2, 7}, {4, 6}, {3, 5}], [{8, 1}, {2, 7}, {5, 6}, {3, 4}], [{8, 1}, {2, 7}, {5, 6}, {4}, {3}], [{8, 1}, {3, 7}, {2, 6}, {4, 5}], [{8, 1}, {3, 7}, {4, 6}, {2, 5}], [{8, 1}, {3, 7}, {5, 6}, {2, 4}], [{8, 1}, {4, 7}, {2, 6}, {3, 5}], [{8, 1}, {4, 7}, {2, 6}, {5}, {3}], [{8, 1}, {4, 7}, {3, 6}, {2, 5}], [{8, 1}, {4, 7}, {3, 6}, {5}, {2}], [{8, 1}, {4, 7}, {5, 6}, {2, 3}], [{8, 1}, {4, 7}, {6}, {5}, {2, 3}], [{8, 1}, {5, 7}, {2, 6}, {3, 4}], [{8, 1}, {5, 7}, {3, 6}, {2, 4}], [{8, 1}, {5, 7}, {3, 6}, {4}, {2}], [{8, 1}, {5, 7}, {4, 6}, {2, 3}], [{8, 1}, {6, 7}, {2, 5}, {3, 4}], [{8, 1}, {6, 7}, {3, 5}, {2, 4}], [{8, 1}, {6, 7}, {4, 5}, {2, 3}], [{8, 1}, {7}, {2, 6}, {3, 5}, {4}], [{8, 1}, {7}, {3, 6}, {4, 5}, {2}], [{8, 2}, {1, 7}, {3, 6}, {4, 5}], [{8, 2}, {1, 7}, {4, 6}, {3, 5}], [{8, 2}, {1, 7}, {5, 6}, {3, 4}], [{8, 2}, {1, 7}, {5, 6}, {4}, {3}], [{8, 2}, {3, 7}, {1, 6}, {4, 5}], [{8, 2}, {3, 7}, {4, 6}, {1, 5}], [{8, 2}, {3, 7}, {5, 6}, {1, 4}], [{8, 2}, {3, 7}, {6}, {5}, {1, 4}], [{8, 2}, {4, 7}, {1, 6}, {3, 5}], [{8, 2}, {4, 7}, {3, 6}, {1, 5}], [{8, 2}, {4, 7}, {5, 6}, {1, 3}], [{8, 2}, {4, 7}, {5, 6}, {3}, {1}], [{8, 2}, {5, 7}, {1, 6}, {3, 4}], [{8, 2}, {5, 7}, {3, 6}, {1, 4}], [{8, 2}, {5, 7}, {4, 6}, {1, 3}], [{8, 2}, {6, 7}, {1, 5}, {3, 4}], [{8, 2}, {6, 7}, {1, 5}, {4}, {3}], [{8, 2}, {6, 7}, {3, 5}, {1, 4}], [{8, 2}, {6, 7}, {4, 5}, {1, 3}], [{8, 2}, {7}, {1, 6}, {5}, {3, 4}], [{8, 2}, {7}, {5, 6}, {1, 4}, {3}], [{8, 3}, {1, 7}, {2, 6}, {4, 5}], [{8, 3}, {1, 7}, {4, 6}, {2, 5}], [{8, 3}, {1, 7}, {4, 6}, {5}, {2}], [{8, 3}, {1, 7}, {5, 6}, {2, 4}], [{8, 3}, {1, 7}, {6}, {2, 5}, {4}], [{8, 3}, {2, 7}, {1, 6}, {4, 5}], [{8, 3}, {2, 7}, {1, 6}, {5}, {4}], [{8, 3}, {2, 7}, {4, 6}, {1, 5}], [{8, 3}, {2, 7}, {4, 6}, {5}, {1}], [{8, 3}, {2, 7}, {5, 6}, {1, 4}], [{8, 3}, {2, 7}, {6}, {5}, {1, 4}], [{8, 3}, {4, 7}, {1, 6}, {2, 5}], [{8, 3}, {4, 7}, {1, 6}, {5}, {2}], [{8, 3}, {4, 7}, {2, 6}, {1, 5}], [{8, 3}, {4, 7}, {5, 6}, {1, 2}], [{8, 3}, {4, 7}, {6}, {2, 5}, {1}], [{8, 3}, {5, 7}, {1, 6}, {2, 4}], [{8, 3}, {5, 7}, {1, 6}, {4}, {2}], [{8, 3}, {5, 7}, {2, 6}, {1, 4}], [{8, 3}, {5, 7}, {4, 6}, {1, 2}], [{8, 3}, {5, 7}, {4, 6}, {2}, {1}], [{8, 3}, {5, 7}, {6}, {1, 4}, {2}], [{8, 3}, {6, 7}, {1, 5}, {2, 4}], [{8, 3}, {6, 7}, {2, 5}, {1, 4}], [{8, 3}, {6, 7}, {2, 5}, {4}, {1}], [{8, 3}, {6, 7}, {4, 5}, {1, 2}], [{8, 3}, {6, 7}, {5}, {1, 4}, {2}], [{8, 3}, {7}, {1, 6}, {2, 5}, {4}], [{8, 3}, {7}, {1, 6}, {4, 5}, {2}], [{8, 3}, {7}, {1, 6}, {5}, {2, 4}], [{8, 3}, {7}, {1, 6}, {5}, {4}, {2}], [{8, 3}, {7}, {2, 6}, {5}, {1, 4}], [{8, 3}, {7}, {4, 6}, {1, 5}, {2}], [{8, 3}, {7}, {4, 6}, {2, 5}, {1}], [{8, 3}, {7}, {4, 6}, {5}, {1, 2}], [{8, 3}, {7}, {4, 6}, {5}, {2}, {1}], [{8, 3}, {7}, {5, 6}, {1, 4}, {2}], [{8, 3}, {7}, {6}, {2, 5}, {1, 4}], [{8, 3}, {7}, {6}, {5}, {1, 4}, {2}], [{8, 4}, {1, 7}, {2, 6}, {3, 5}], [{8, 4}, {1, 7}, {3, 6}, {2, 5}], [{8, 4}, {1, 7}, {3, 6}, {5}, {2}], [{8, 4}, {1, 7}, {5, 6}, {2, 3}], [{8, 4}, {2, 7}, {1, 6}, {3, 5}], [{8, 4}, {2, 7}, {3, 6}, {1, 5}], [{8, 4}, {2, 7}, {5, 6}, {1, 3}], [{8, 4}, {2, 7}, {5, 6}, {3}, {1}], [{8, 4}, {3, 7}, {1, 6}, {2, 5}], [{8, 4}, {3, 7}, {2, 6}, {1, 5}], [{8, 4}, {3, 7}, {5, 6}, {1, 2}], [{8, 4}, {5, 7}, {1, 6}, {2, 3}], [{8, 4}, {5, 7}, {2, 6}, {1, 3}], [{8, 4}, {5, 7}, {3, 6}, {1, 2}], [{8, 4}, {5, 7}, {3, 6}, {2}, {1}], [{8, 4}, {6, 7}, {1, 5}, {2, 3}], [{8, 4}, {6, 7}, {2, 5}, {1, 3}], [{8, 4}, {6, 7}, {3, 5}, {1, 2}], [{8, 4}, {7}, {1, 6}, {5}, {2, 3}], [{8, 4}, {7}, {3, 6}, {1, 5}, {2}], [{8, 5}, {1, 7}, {2, 6}, {3, 4}], [{8, 5}, {1, 7}, {3, 6}, {2, 4}], [{8, 5}, {1, 7}, {4, 6}, {2, 3}], [{8, 5}, {1, 7}, {4, 6}, {3}, {2}], [{8, 5}, {2, 7}, {1, 6}, {3, 4}], [{8, 5}, {2, 7}, {3, 6}, {1, 4}], [{8, 5}, {2, 7}, {3, 6}, {4}, {1}], [{8, 5}, {2, 7}, {4, 6}, {1, 3}], [{8, 5}, {3, 7}, {1, 6}, {2, 4}], [{8, 5}, {3, 7}, {2, 6}, {1, 4}], [{8, 5}, {3, 7}, {4, 6}, {1, 2}], [{8, 5}, {3, 7}, {6}, {1, 4}, {2}], [{8, 5}, {4, 7}, {1, 6}, {2, 3}], [{8, 5}, {4, 7}, {1, 6}, {3}, {2}], [{8, 5}, {4, 7}, {2, 6}, {1, 3}], [{8, 5}, {4, 7}, {3, 6}, {1, 2}], [{8, 5}, {6, 7}, {1, 4}, {2, 3}], [{8, 5}, {6, 7}, {1, 4}, {3}, {2}], [{8, 5}, {6, 7}, {2, 4}, {1, 3}], [{8, 5}, {6, 7}, {3, 4}, {1, 2}], [{8, 5}, {7}, {2, 6}, {4}, {1, 3}], [{8, 5}, {7}, {3, 6}, {1, 4}, {2}], [{8, 6}, {1, 7}, {2, 5}, {3, 4}], [{8, 6}, {1, 7}, {3, 5}, {2, 4}], [{8, 6}, {1, 7}, {4, 5}, {2, 3}], [{8, 6}, {2, 7}, {1, 5}, {3, 4}], [{8, 6}, {2, 7}, {1, 5}, {4}, {3}], [{8, 6}, {2, 7}, {3, 5}, {1, 4}], [{8, 6}, {2, 7}, {4, 5}, {1, 3}], [{8, 6}, {3, 7}, {1, 5}, {2, 4}], [{8, 6}, {3, 7}, {2, 5}, {1, 4}], [{8, 6}, {3, 7}, {4, 5}, {1, 2}], [{8, 6}, {3, 7}, {5}, {1, 4}, {2}], [{8, 6}, {4, 7}, {1, 5}, {2, 3}], [{8, 6}, {4, 7}, {2, 5}, {1, 3}], [{8, 6}, {4, 7}, {3, 5}, {1, 2}], [{8, 6}, {5, 7}, {1, 4}, {2, 3}], [{8, 6}, {5, 7}, {1, 4}, {3}, {2}], [{8, 6}, {5, 7}, {2, 4}, {1, 3}], [{8, 6}, {5, 7}, {3, 4}, {1, 2}], [{8, 6}, {7}, {3, 5}, {1, 4}, {2}], [{8, 7}, {1, 6}, {2, 5}, {3, 4}], [{8, 7}, {1, 6}, {3, 5}, {2, 4}], [{8, 7}, {1, 6}, {4, 5}, {2, 3}], [{8, 7}, {1, 6}, {4, 5}, {3}, {2}], [{8, 7}, {2, 6}, {1, 5}, {3, 4}], [{8, 7}, {2, 6}, {3, 5}, {1, 4}], [{8, 7}, {2, 6}, {4, 5}, {1, 3}], [{8, 7}, {2, 6}, {5}, {1, 4}, {3}], [{8, 7}, {3, 6}, {1, 5}, {2, 4}], [{8, 7}, {3, 6}, {2, 5}, {1, 4}], [{8, 7}, {3, 6}, {4, 5}, {1, 2}], [{8, 7}, {3, 6}, {5}, {1, 4}, {2}], [{8, 7}, {4, 6}, {1, 5}, {2, 3}], [{8, 7}, {4, 6}, {1, 5}, {3}, {2}], [{8, 7}, {4, 6}, {2, 5}, {1, 3}], [{8, 7}, {4, 6}, {3, 5}, {1, 2}], [{8, 7}, {5, 6}, {1, 4}, {2, 3}], [{8, 7}, {5, 6}, {1, 4}, {3}, {2}], [{8, 7}, {5, 6}, {2, 4}, {1, 3}], [{8, 7}, {5, 6}, {3, 4}, {1, 2}], [{8, 7}, {6}, {2, 5}, {1, 4}, {3}], [{8, 7}, {6}, {3, 5}, {1, 4}, {2}], [{8, 7}, {6}, {5}, {1, 4}, {2, 3}], [{8, 7}, {6}, {5}, {1, 4}, {3}, {2}], [{8}, {1, 7}, {4, 6}, {3, 5}, {2}], [{8}, {2, 7}, {5, 6}, {1, 4}, {3}], [{8}, {3, 7}, {1, 6}, {4, 5}, {2}], [{8}, {3, 7}, {2, 6}, {5}, {1, 4}], [{8}, {3, 7}, {4, 6}, {1, 5}, {2}], [{8}, {3, 7}, {5, 6}, {1, 4}, {2}], [{8}, {3, 7}, {6}, {2, 5}, {1, 4}], [{8}, {3, 7}, {6}, {5}, {1, 4}, {2}], [{8}, {4, 7}, {1, 6}, {3, 5}, {2}], [{8}, {5, 7}, {3, 6}, {1, 4}, {2}], [{8}, {6, 7}, {3, 5}, {1, 4}, {2}], [{8}, {7}, {5, 6}, {1, 4}, {2, 3}], [{8}, {7}, {5, 6}, {1, 4}, {3}, {2}], [{8}, {7}, {5, 6}, {2, 4}, {1, 3}], [{8}, {7}, {5, 6}, {3, 4}, {1, 2}]]",2,8 K_1^3 + 8 K_1^2 K_2 - 28 K_1^2 - 16 K_1 K_2 - 4 K_1 K_3 + 2 K_1 - 4 K_2^2 + 12 K_2 + 6 K_3 + 2 K_4 + 15,O1O2O3O4U5U3U6O7U4O6O8U2U8O5U1U7,O1O2O3U4U2U5U6O7O6U3O8O5U8U1O4U7,O1O2O3U4O5U3U6O7O6U1O8O4U8U7U2U5,c,{'O1O2O3O4U5U4O6U7U3O7O8U1O5U8U2U6'},1,"<a href=""/flatknot/8.850910"">8.850910</a>",t^9-34t^7-70t^6+89t^5+292t^4+142t^3-18t^2+8t+6,0,,
8.850911,O1O2O3O4U5U4O6U7U3O7O8U1O5U8U6U2,4,19z^2+104z+133,19w^3z^2+104w^2z+133w,False,False,"[[ 0 -2  1  1  1 -1  1 -1  0],[ 2  0  2  1  0  0  2  1  0],[-1 -2  0  1  1 -1  0 -2 -1],[-1 -1 -1  0  0 -1 -1 -1 -1],[-1  0 -1  0  0 -1 -1 -1 -1],[ 1  0  1  1  1  0  0  0  0],[-1 -2  0  1  1  0  0 -1  0],[ 1 -1  2  1  1  0  1  0  0],[ 0  0  1  1  1  0  0  0  0]]","[[ 0  1  1  1  1  0 -1 -1 -2],[-1  0  1  1  0  0  0 -1 -2],[-1 -1  0  0 -1 -1 -1 -1  0],[-1 -1  0  0 -1 -1 -1 -1 -1],[-1  0  1  1  0 -1 -1 -2 -2],[ 0  0  1  1  1  0  0  0  0],[ 1  0  1  1  1  0  0  0  0],[ 1  1  1  1  2  0  0  0 -1],[ 2  2  0  1  2  0  0  1  0]]",True,"[-1,-1,-1,-1,0,1,1,2,-1,-1,0,0,0,1,2,0,1,1,1,1,0,1,1,1,1,1,1,1,2,2,0,0,0,0,0,1]","[-2,-1,-1,0,1,1,1,1,0,1,0,0,1,2,2,0,0,1,1,0,1,0,1,1,1,2,1,1,0,1,0,-1,-1,-1,-1,0]",t^8+27t^6+68t^4+17t^2,"[-2,-1,-1,0,1,1,1,1,0,1,2,1,1,2,3,0,1,0,1,1,1,1,1,2,1,1,0,1,0,0,0,-1,-1,-1,-1,0]","[-1,-1,-1,-1,0,1,1,2,-1,-1,0,0,1,1,2,0,1,0,0,1,1,1,1,1,2,1,0,1,1,3,1,1,2,0,0,1]","[-2,-1,-1,0,1,1,1,1,0,1,0,0,1,2,2,0,0,1,1,0,1,0,1,1,1,2,1,1,0,1,0,-1,-1,-1,-1,0]",c,"[[{8, 1}, {2, 7}, {3, 6}, {4, 5}], [{8, 1}, {2, 7}, {4, 6}, {3, 5}], [{8, 1}, {2, 7}, {5, 6}, {3, 4}], [{8, 1}, {2, 7}, {5, 6}, {4}, {3}], [{8, 1}, {3, 7}, {2, 6}, {4, 5}], [{8, 1}, {3, 7}, {4, 6}, {2, 5}], [{8, 1}, {3, 7}, {5, 6}, {2, 4}], [{8, 1}, {3, 7}, {6}, {4, 5}, {2}], [{8, 1}, {4, 7}, {2, 6}, {3, 5}], [{8, 1}, {4, 7}, {2, 6}, {5}, {3}], [{8, 1}, {4, 7}, {3, 6}, {2, 5}], [{8, 1}, {4, 7}, {5, 6}, {2, 3}], [{8, 1}, {5, 7}, {2, 6}, {3, 4}], [{8, 1}, {5, 7}, {3, 6}, {2, 4}], [{8, 1}, {5, 7}, {3, 6}, {4}, {2}], [{8, 1}, {5, 7}, {4, 6}, {2, 3}], [{8, 1}, {5, 7}, {4, 6}, {3}, {2}], [{8, 1}, {5, 7}, {6}, {3, 4}, {2}], [{8, 1}, {6, 7}, {2, 5}, {3, 4}], [{8, 1}, {6, 7}, {3, 5}, {2, 4}], [{8, 1}, {6, 7}, {4, 5}, {2, 3}], [{8, 1}, {6, 7}, {5}, {3, 4}, {2}], [{8, 1}, {7}, {2, 6}, {3, 5}, {4}], [{8, 1}, {7}, {3, 6}, {5}, {2, 4}], [{8, 1}, {7}, {5, 6}, {3, 4}, {2}], [{8, 2}, {1, 7}, {3, 6}, {4, 5}], [{8, 2}, {1, 7}, {4, 6}, {3, 5}], [{8, 2}, {1, 7}, {5, 6}, {3, 4}], [{8, 2}, {3, 7}, {1, 6}, {4, 5}], [{8, 2}, {3, 7}, {4, 6}, {1, 5}], [{8, 2}, {3, 7}, {4, 6}, {5}, {1}], [{8, 2}, {3, 7}, {5, 6}, {1, 4}], [{8, 2}, {3, 7}, {5, 6}, {4}, {1}], [{8, 2}, {3, 7}, {6}, {4, 5}, {1}], [{8, 2}, {4, 7}, {1, 6}, {3, 5}], [{8, 2}, {4, 7}, {3, 6}, {1, 5}], [{8, 2}, {4, 7}, {5, 6}, {1, 3}], [{8, 2}, {4, 7}, {6}, {3, 5}, {1}], [{8, 2}, {5, 7}, {1, 6}, {3, 4}], [{8, 2}, {5, 7}, {3, 6}, {1, 4}], [{8, 2}, {5, 7}, {4, 6}, {1, 3}], [{8, 2}, {6, 7}, {1, 5}, {3, 4}], [{8, 2}, {6, 7}, {1, 5}, {4}, {3}], [{8, 2}, {6, 7}, {3, 5}, {1, 4}], [{8, 2}, {6, 7}, {4, 5}, {1, 3}], [{8, 3}, {1, 7}, {2, 6}, {4, 5}], [{8, 3}, {1, 7}, {4, 6}, {2, 5}], [{8, 3}, {1, 7}, {5, 6}, {2, 4}], [{8, 3}, {2, 7}, {1, 6}, {4, 5}], [{8, 3}, {2, 7}, {1, 6}, {5}, {4}], [{8, 3}, {2, 7}, {4, 6}, {1, 5}], [{8, 3}, {2, 7}, {4, 6}, {5}, {1}], [{8, 3}, {2, 7}, {5, 6}, {1, 4}], [{8, 3}, {2, 7}, {6}, {5}, {1, 4}], [{8, 3}, {4, 7}, {1, 6}, {2, 5}], [{8, 3}, {4, 7}, {2, 6}, {1, 5}], [{8, 3}, {4, 7}, {5, 6}, {1, 2}], [{8, 3}, {4, 7}, {5, 6}, {2}, {1}], [{8, 3}, {4, 7}, {6}, {5}, {1, 2}], [{8, 3}, {5, 7}, {1, 6}, {2, 4}], [{8, 3}, {5, 7}, {1, 6}, {4}, {2}], [{8, 3}, {5, 7}, {2, 6}, {1, 4}], [{8, 3}, {5, 7}, {4, 6}, {1, 2}], [{8, 3}, {5, 7}, {4, 6}, {2}, {1}], [{8, 3}, {5, 7}, {6}, {1, 4}, {2}], [{8, 3}, {6, 7}, {1, 5}, {2, 4}], [{8, 3}, {6, 7}, {1, 5}, {4}, {2}], [{8, 3}, {6, 7}, {2, 5}, {1, 4}], [{8, 3}, {6, 7}, {4, 5}, {1, 2}], [{8, 3}, {7}, {1, 6}, {2, 5}, {4}], [{8, 3}, {7}, {2, 6}, {4, 5}, {1}], [{8, 3}, {7}, {4, 6}, {2, 5}, {1}], [{8, 3}, {7}, {5, 6}, {4}, {1, 2}], [{8, 3}, {7}, {6}, {2, 5}, {1, 4}], [{8, 4}, {1, 7}, {2, 6}, {3, 5}], [{8, 4}, {1, 7}, {3, 6}, {2, 5}], [{8, 4}, {1, 7}, {5, 6}, {2, 3}], [{8, 4}, {2, 7}, {1, 6}, {3, 5}], [{8, 4}, {2, 7}, {3, 6}, {1, 5}], [{8, 4}, {2, 7}, {5, 6}, {1, 3}], [{8, 4}, {2, 7}, {6}, {5}, {1, 3}], [{8, 4}, {3, 7}, {1, 6}, {2, 5}], [{8, 4}, {3, 7}, {2, 6}, {1, 5}], [{8, 4}, {3, 7}, {5, 6}, {1, 2}], [{8, 4}, {5, 7}, {1, 6}, {2, 3}], [{8, 4}, {5, 7}, {1, 6}, {3}, {2}], [{8, 4}, {5, 7}, {2, 6}, {1, 3}], [{8, 4}, {5, 7}, {3, 6}, {1, 2}], [{8, 4}, {6, 7}, {1, 5}, {2, 3}], [{8, 4}, {6, 7}, {1, 5}, {3}, {2}], [{8, 4}, {6, 7}, {2, 5}, {1, 3}], [{8, 4}, {6, 7}, {3, 5}, {1, 2}], [{8, 4}, {7}, {1, 6}, {5}, {2, 3}], [{8, 4}, {7}, {5, 6}, {2, 3}, {1}], [{8, 4}, {7}, {6}, {1, 5}, {2, 3}], [{8, 5}, {1, 7}, {2, 6}, {3, 4}], [{8, 5}, {1, 7}, {3, 6}, {2, 4}], [{8, 5}, {1, 7}, {3, 6}, {4}, {2}], [{8, 5}, {1, 7}, {4, 6}, {2, 3}], [{8, 5}, {1, 7}, {4, 6}, {3}, {2}], [{8, 5}, {1, 7}, {6}, {3, 4}, {2}], [{8, 5}, {2, 7}, {1, 6}, {3, 4}], [{8, 5}, {2, 7}, {1, 6}, {4}, {3}], [{8, 5}, {2, 7}, {3, 6}, {1, 4}], [{8, 5}, {2, 7}, {4, 6}, {1, 3}], [{8, 5}, {2, 7}, {4, 6}, {3}, {1}], [{8, 5}, {2, 7}, {6}, {1, 4}, {3}], [{8, 5}, {3, 7}, {1, 6}, {2, 4}], [{8, 5}, {3, 7}, {2, 6}, {1, 4}], [{8, 5}, {3, 7}, {4, 6}, {1, 2}], [{8, 5}, {4, 7}, {1, 6}, {2, 3}], [{8, 5}, {4, 7}, {2, 6}, {1, 3}], [{8, 5}, {4, 7}, {3, 6}, {1, 2}], [{8, 5}, {6, 7}, {1, 4}, {2, 3}], [{8, 5}, {6, 7}, {2, 4}, {1, 3}], [{8, 5}, {6, 7}, {3, 4}, {1, 2}], [{8, 5}, {6, 7}, {3, 4}, {2}, {1}], [{8, 5}, {7}, {1, 6}, {3, 4}, {2}], [{8, 5}, {7}, {2, 6}, {4}, {1, 3}], [{8, 5}, {7}, {4, 6}, {3}, {1, 2}], [{8, 6}, {1, 7}, {2, 5}, {3, 4}], [{8, 6}, {1, 7}, {3, 5}, {2, 4}], [{8, 6}, {1, 7}, {4, 5}, {2, 3}], [{8, 6}, {2, 7}, {1, 5}, {3, 4}], [{8, 6}, {2, 7}, {3, 5}, {1, 4}], [{8, 6}, {2, 7}, {4, 5}, {1, 3}], [{8, 6}, {3, 7}, {1, 5}, {2, 4}], [{8, 6}, {3, 7}, {2, 5}, {1, 4}], [{8, 6}, {3, 7}, {4, 5}, {1, 2}], [{8, 6}, {3, 7}, {4, 5}, {2}, {1}], [{8, 6}, {4, 7}, {1, 5}, {2, 3}], [{8, 6}, {4, 7}, {2, 5}, {1, 3}], [{8, 6}, {4, 7}, {3, 5}, {1, 2}], [{8, 6}, {4, 7}, {5}, {1, 3}, {2}], [{8, 6}, {5, 7}, {1, 4}, {2, 3}], [{8, 6}, {5, 7}, {2, 4}, {1, 3}], [{8, 6}, {5, 7}, {3, 4}, {1, 2}], [{8, 6}, {5, 7}, {3, 4}, {2}, {1}], [{8, 6}, {7}, {1, 5}, {4}, {2, 3}], [{8, 6}, {7}, {3, 5}, {1, 4}, {2}], [{8, 7}, {1, 6}, {2, 5}, {3, 4}], [{8, 7}, {1, 6}, {3, 5}, {2, 4}], [{8, 7}, {1, 6}, {4, 5}, {2, 3}], [{8, 7}, {1, 6}, {5}, {3, 4}, {2}], [{8, 7}, {2, 6}, {1, 5}, {3, 4}], [{8, 7}, {2, 6}, {3, 5}, {1, 4}], [{8, 7}, {2, 6}, {4, 5}, {1, 3}], [{8, 7}, {2, 6}, {4, 5}, {3}, {1}], [{8, 7}, {3, 6}, {1, 5}, {2, 4}], [{8, 7}, {3, 6}, {2, 5}, {1, 4}], [{8, 7}, {3, 6}, {4, 5}, {1, 2}], [{8, 7}, {3, 6}, {5}, {1, 4}, {2}], [{8, 7}, {4, 6}, {1, 5}, {2, 3}], [{8, 7}, {4, 6}, {2, 5}, {1, 3}], [{8, 7}, {4, 6}, {3, 5}, {1, 2}], [{8, 7}, {4, 6}, {5}, {2, 3}, {1}], [{8, 7}, {5, 6}, {1, 4}, {2, 3}], [{8, 7}, {5, 6}, {2, 4}, {1, 3}], [{8, 7}, {5, 6}, {3, 4}, {1, 2}], [{8, 7}, {6}, {1, 5}, {4}, {2, 3}], [{8}, {2, 7}, {1, 6}, {3, 5}, {4}], [{8}, {2, 7}, {3, 6}, {1, 5}, {4}], [{8}, {2, 7}, {4, 6}, {3, 5}, {1}], [{8}, {2, 7}, {6}, {3, 5}, {1, 4}], [{8}, {3, 7}, {1, 6}, {4, 5}, {2}], [{8}, {3, 7}, {2, 6}, {1, 5}, {4}], [{8}, {3, 7}, {2, 6}, {4, 5}, {1}], [{8}, {3, 7}, {2, 6}, {5}, {1, 4}], [{8}, {3, 7}, {6}, {4, 5}, {1, 2}], [{8}, {4, 7}, {1, 6}, {2, 5}, {3}], [{8}, {4, 7}, {3, 6}, {2, 5}, {1}], [{8}, {4, 7}, {6}, {1, 5}, {2, 3}], [{8}, {4, 7}, {6}, {2, 5}, {1, 3}], [{8}, {5, 7}, {1, 6}, {3, 4}, {2}], [{8}, {5, 7}, {4, 6}, {1, 3}, {2}], [{8}, {6, 7}, {1, 5}, {2, 4}, {3}], [{8}, {6, 7}, {1, 5}, {3, 4}, {2}], [{8}, {6, 7}, {1, 5}, {4}, {2, 3}], [{8}, {6, 7}, {1, 5}, {4}, {3}, {2}], [{8}, {7}, {4, 6}, {1, 5}, {2, 3}], [{8}, {7}, {6}, {1, 5}, {4}, {2, 3}]]",2,- 18 K_1^2 - 20 K_1 K_2 + 10 K_1 - 8 K_2^2 + 9 K_2 + 10 K_3 + 4 K_4 + 14,O1O2O3O4U3U5U6O7U4O6O8U2U8O5U1U7,O1O2O3U4U3U5U6O7O6U2O8O5U8U1O4U7,O1O2O3U4O5U3U6O7O6U2O8O4U8U7U1U5,c,{'O1O2O3O4U5U4O6U7U3O7O8U1O5U8U6U2'},1,"<a href=""/flatknot/8.850911"">8.850911</a>",t^9-29t^7-38t^6+95t^5+92t^4-55t^3-12t^2+3t,t^2-2t,,
8.850912,O1O2O3O4U5U4O6U7U3O7O8U2O5U1U6U8,4,21z^2+106z+129,21w^3z^2+106w^2z+129w,False,False,"[[ 0 -2 -1  1  1 -1  1 -1  2],[ 2  0  1  2  1 -1  2  1  2],[ 1 -1  0  1  0 -1  1  0  1],[-1 -2 -1  0  0 -1 -1 -1  0],[-1 -1  0  0  0 -1 -1 -1 -1],[ 1  1  1  1  1  0  1  0  1],[-1 -2 -1  1  1 -1  0 -1  1],[ 1 -1  0  1  1  0  1  0  2],[-2 -2 -1  0  1 -1 -1 -2  0]]","[[ 0  2  1  1  1 -1 -1 -1 -2],[-2  0  1  0 -1 -1 -1 -2 -2],[-1 -1  0  0 -1  0 -1 -1 -1],[-1  0  0  0 -1 -1 -1 -1 -2],[-1  1  1  1  0 -1 -1 -1 -2],[ 1  1  0  1  1  0 -1  0 -1],[ 1  1  1  1  1  1  0  0  1],[ 1  2  1  1  1  0  0  0 -1],[ 2  2  1  2  2  1 -1  1  0]]",True,"[-2,-1,-1,-1,1,1,1,2,-1,0,1,1,1,2,2,0,1,0,1,1,1,1,1,1,1,2,1,1,1,2,1,0,1,0,-1,1]","[-2,-1,-1,-1,1,1,1,2,-1,0,1,1,1,2,2,0,1,0,1,1,1,1,1,1,1,2,1,1,1,2,1,0,1,0,-1,1]",t^8+35t^6+93t^4+23t^2+1,"[-2,-1,-1,-1,1,1,1,2,0,0,2,1,1,2,2,0,0,1,1,1,1,1,1,1,2,2,1,1,1,2,-1,-1,0,0,1,2]","[-2,-1,-1,-1,1,1,1,2,0,1,2,1,2,2,2,1,1,1,1,1,1,0,1,1,1,1,1,1,2,2,0,0,0,1,2,0]","[-2,-1,-1,-1,1,1,1,2,-1,1,1,1,2,2,2,0,1,1,1,1,1,0,1,1,1,2,0,1,1,1,-1,0,-1,1,1,0]",c,"[[{8, 1}, {3, 7}, {5, 6}, {2, 4}], [{8, 1}, {4, 7}, {2, 6}, {3, 5}]]",1,16 K_1^3 + 12 K_1^2 K_2 - 24 K_1^2 - 28 K_1 K_2 - 12 K_1 K_3 + 2 K_1 - 4 K_2^2 + 12 K_2 + 10 K_3 + 5 K_4 + 12,O1O2O3O4U5U6U4O7U3O5O8U2U8O6U1U7,O1O2O3U1U4U5U6O7O6U2O8O5U8U3O4U7,O1O2O3U4O5U1U6O7O6U2O8O4U8U7U5U3,c,{'O1O2O3O4U5U4O6U7U3O7O8U2O5U1U6U8'},1,"<a href=""/flatknot/8.850912"">8.850912</a>",t^9-35t^7-104t^6-63t^5+84t^4+77t^3-18t^2-14t+2,0,,
8.850913,O1O2O3O4U5U4O6U7U3O7O8U2O5U1U8U6,4,2z^3+34z^2+113z+107,2w^4z^3+34w^3z^2+113w^2z+107w,False,False,"[[ 0 -2 -1  1  1 -1  2 -1  1],[ 2  0  1  2  1 -1  3  1  1],[ 1 -1  0  1  0 -1  2  0  0],[-1 -2 -1  0  0 -1 -1 -1 -1],[-1 -1  0  0  0 -1 -1 -1 -1],[ 1  1  1  1  1  0  1  0  1],[-2 -3 -2  1  1 -1  0 -2  0],[ 1 -1  0  1  1  0  2  0  1],[-1 -1  0  1  1 -1  0 -1  0]]","[[ 0  2  1  1  1 -1 -1 -1 -2],[-2  0  1  1  0 -1 -2 -2 -3],[-1 -1  0  0 -1 -1  0 -1 -1],[-1 -1  0  0 -1 -1 -1 -1 -2],[-1  0  1  1  0 -1  0 -1 -1],[ 1  1  1  1  1  0  1  0  1],[ 1  2  0  1  0 -1  0  0 -1],[ 1  2  1  1  1  0  0  0 -1],[ 2  3  1  2  1 -1  1  1  0]]",True,"[-2,-1,-1,-1,1,1,1,2,-1,-1,0,1,2,2,3,0,1,1,0,1,1,1,1,1,1,2,1,0,1,1,-1,0,-1,0,1,1]","[-2,-1,-1,-1,1,1,1,2,-1,-1,0,1,2,2,3,0,1,1,0,1,1,1,1,1,1,2,1,0,1,1,-1,0,-1,0,1,1]",t^8+39t^6+134t^4+35t^2,"[-2,-1,-1,-1,1,1,1,2,0,0,2,1,2,2,1,0,0,1,1,1,1,1,1,2,2,1,1,1,1,2,0,1,2,1,2,1]","[-2,-1,-1,-1,1,1,1,2,1,2,2,1,1,2,1,1,1,1,2,1,2,0,1,1,1,1,1,2,1,2,0,0,0,-1,0,2]","[-2,-1,-1,-1,1,1,1,2,-1,1,1,1,1,2,3,0,1,1,1,1,1,0,1,1,1,2,0,0,1,2,-1,0,-1,1,0,-1]",c,"[[{8, 2}, {4, 7}, {1, 6}, {3, 5}]]",1,12 K_1^3 + 4 K_1^2 K_2 - 14 K_1^2 - 20 K_1 K_2 - 6 K_1 K_3 + K_1 - 2 K_2^2 + 8 K_2 + 7 K_3 + 3 K_4 + 8,O1O2O3O4U5U6U4O7U3O6O8U2U8O5U1U7,O1O2O3U1U4U5U6O7O6U3O8O5U8U2O4U7,O1O2O3U4O5U2U6O7O6U1O8O4U8U7U5U3,c,{'O1O2O3O4U5U4O6U7U3O7O8U2O5U1U8U6'},1,"<a href=""/flatknot/8.850913"">8.850913</a>",t^9-39t^7-108t^6-14t^5+180t^4+86t^3-56t^2-2t,0,,
8.850914,O1O2O3O4U5U4O6U7U3O7O8U2O5U6U1U8,4,2z^3+26z^2+105z+123,2w^4z^3+26w^3z^2+105w^2z+123w,False,False,"[[ 0 -1 -1  1  1 -1  0 -1  2],[ 1  0  0  1  1 -1  1  0  2],[ 1  0  0  1  0 -1  1  0  1],[-1 -1 -1  0  0 -1 -1 -1  0],[-1 -1  0  0  0 -1 -1 -1 -1],[ 1  1  1  1  1  0  0  0  1],[ 0 -1 -1  1  1  0  0  0  1],[ 1  0  0  1  1  0  0  0  2],[-2 -2 -1  0  1 -1 -1 -2  0]]","[[ 0  2  1  1  0 -1 -1 -1 -1],[-2  0  1  0 -1 -1 -1 -2 -2],[-1 -1  0  0 -1  0 -1 -1 -1],[-1  0  0  0 -1 -1 -1 -1 -1],[ 0  1  1  1  0 -1  0  0 -1],[ 1  1  0  1  1  0 -1  0  0],[ 1  1  1  1  0  1  0  0  1],[ 1  2  1  1  0  0  0  0  0],[ 1  2  1  1  1  0 -1  0  0]]",True,"[-2,-1,-1,0,1,1,1,1,-1,0,1,1,1,2,2,0,1,0,1,1,1,1,1,1,1,1,1,0,0,1,1,0,0,0,-1,0]","[-2,-1,-1,0,1,1,1,1,-1,0,1,1,1,2,2,0,1,0,1,1,1,1,1,1,1,1,1,0,0,1,1,0,0,0,-1,0]",t^8+25t^6+79t^4+46t^2+4,"[-1,-1,-1,-1,0,1,1,2,-1,-1,0,1,1,1,2,0,0,0,1,1,1,0,0,1,2,2,1,1,1,1,0,0,1,0,1,2]","[-2,-1,-1,0,1,1,1,1,1,2,1,1,1,2,2,0,0,1,1,1,1,0,1,1,1,2,0,1,1,0,0,-1,0,0,0,1]","[-1,-1,-1,-1,0,1,1,2,-1,0,0,1,0,1,1,0,1,0,1,1,1,0,0,1,1,2,1,1,1,2,1,1,1,0,-1,0]",c,"[[{8, 1}, {2, 7}, {3, 6}, {4, 5}], [{8, 1}, {2, 7}, {4, 6}, {3, 5}], [{8, 1}, {2, 7}, {5, 6}, {3, 4}], [{8, 1}, {3, 7}, {2, 6}, {4, 5}], [{8, 1}, {3, 7}, {4, 6}, {2, 5}], [{8, 1}, {3, 7}, {5, 6}, {2, 4}], [{8, 1}, {4, 7}, {2, 6}, {3, 5}], [{8, 1}, {4, 7}, {2, 6}, {5}, {3}], [{8, 1}, {4, 7}, {3, 6}, {2, 5}], [{8, 1}, {4, 7}, {5, 6}, {2, 3}], [{8, 1}, {5, 7}, {2, 6}, {3, 4}], [{8, 1}, {5, 7}, {3, 6}, {2, 4}], [{8, 1}, {5, 7}, {4, 6}, {2, 3}], [{8, 1}, {6, 7}, {2, 5}, {3, 4}], [{8, 1}, {6, 7}, {2, 5}, {4}, {3}], [{8, 1}, {6, 7}, {3, 5}, {2, 4}], [{8, 1}, {6, 7}, {4, 5}, {2, 3}], [{8, 1}, {7}, {2, 6}, {3, 5}, {4}], [{8, 1}, {7}, {3, 6}, {5}, {2, 4}], [{8, 1}, {7}, {5, 6}, {4}, {2, 3}], [{8, 2}, {1, 7}, {3, 6}, {4, 5}], [{8, 2}, {1, 7}, {4, 6}, {3, 5}], [{8, 2}, {1, 7}, {5, 6}, {3, 4}], [{8, 2}, {1, 7}, {5, 6}, {4}, {3}], [{8, 2}, {3, 7}, {1, 6}, {4, 5}], [{8, 2}, {3, 7}, {1, 6}, {5}, {4}], [{8, 2}, {3, 7}, {4, 6}, {1, 5}], [{8, 2}, {3, 7}, {5, 6}, {1, 4}], [{8, 2}, {3, 7}, {5, 6}, {4}, {1}], [{8, 2}, {3, 7}, {6}, {1, 5}, {4}], [{8, 2}, {4, 7}, {1, 6}, {3, 5}], [{8, 2}, {4, 7}, {1, 6}, {5}, {3}], [{8, 2}, {4, 7}, {3, 6}, {1, 5}], [{8, 2}, {4, 7}, {5, 6}, {1, 3}], [{8, 2}, {4, 7}, {5, 6}, {3}, {1}], [{8, 2}, {4, 7}, {6}, {1, 5}, {3}], [{8, 2}, {5, 7}, {1, 6}, {3, 4}], [{8, 2}, {5, 7}, {1, 6}, {4}, {3}], [{8, 2}, {5, 7}, {3, 6}, {1, 4}], [{8, 2}, {5, 7}, {4, 6}, {1, 3}], [{8, 2}, {6, 7}, {1, 5}, {3, 4}], [{8, 2}, {6, 7}, {1, 5}, {4}, {3}], [{8, 2}, {6, 7}, {3, 5}, {1, 4}], [{8, 2}, {6, 7}, {4, 5}, {1, 3}], [{8, 2}, {7}, {1, 6}, {3, 5}, {4}], [{8, 2}, {7}, {1, 6}, {4, 5}, {3}], [{8, 2}, {7}, {1, 6}, {5}, {3, 4}], [{8, 2}, {7}, {1, 6}, {5}, {4}, {3}], [{8, 2}, {7}, {3, 6}, {1, 5}, {4}], [{8, 2}, {7}, {3, 6}, {4, 5}, {1}], [{8, 2}, {7}, {3, 6}, {5}, {1, 4}], [{8, 2}, {7}, {4, 6}, {1, 5}, {3}], [{8, 2}, {7}, {4, 6}, {3, 5}, {1}], [{8, 2}, {7}, {4, 6}, {5}, {1, 3}], [{8, 2}, {7}, {5, 6}, {1, 4}, {3}], [{8, 2}, {7}, {5, 6}, {3, 4}, {1}], [{8, 2}, {7}, {5, 6}, {4}, {1, 3}], [{8, 2}, {7}, {5, 6}, {4}, {3}, {1}], [{8, 2}, {7}, {6}, {1, 5}, {3, 4}], [{8, 2}, {7}, {6}, {1, 5}, {4}, {3}], [{8, 2}, {7}, {6}, {3, 5}, {1, 4}], [{8, 2}, {7}, {6}, {4, 5}, {1, 3}], [{8, 3}, {1, 7}, {2, 6}, {4, 5}], [{8, 3}, {1, 7}, {2, 6}, {5}, {4}], [{8, 3}, {1, 7}, {4, 6}, {2, 5}], [{8, 3}, {1, 7}, {5, 6}, {2, 4}], [{8, 3}, {1, 7}, {5, 6}, {4}, {2}], [{8, 3}, {1, 7}, {6}, {2, 5}, {4}], [{8, 3}, {2, 7}, {1, 6}, {4, 5}], [{8, 3}, {2, 7}, {1, 6}, {5}, {4}], [{8, 3}, {2, 7}, {4, 6}, {1, 5}], [{8, 3}, {2, 7}, {5, 6}, {1, 4}], [{8, 3}, {2, 7}, {5, 6}, {4}, {1}], [{8, 3}, {2, 7}, {6}, {1, 5}, {4}], [{8, 3}, {4, 7}, {1, 6}, {2, 5}], [{8, 3}, {4, 7}, {2, 6}, {1, 5}], [{8, 3}, {4, 7}, {5, 6}, {1, 2}], [{8, 3}, {4, 7}, {5, 6}, {2}, {1}], [{8, 3}, {5, 7}, {1, 6}, {2, 4}], [{8, 3}, {5, 7}, {2, 6}, {1, 4}], [{8, 3}, {5, 7}, {4, 6}, {1, 2}], [{8, 3}, {6, 7}, {1, 5}, {2, 4}], [{8, 3}, {6, 7}, {2, 5}, {1, 4}], [{8, 3}, {6, 7}, {4, 5}, {1, 2}], [{8, 3}, {7}, {5, 6}, {1, 4}, {2}], [{8, 3}, {7}, {5, 6}, {2, 4}, {1}], [{8, 3}, {7}, {5, 6}, {4}, {1, 2}], [{8, 3}, {7}, {5, 6}, {4}, {2}, {1}], [{8, 4}, {1, 7}, {2, 6}, {3, 5}], [{8, 4}, {1, 7}, {3, 6}, {2, 5}], [{8, 4}, {1, 7}, {5, 6}, {2, 3}], [{8, 4}, {2, 7}, {1, 6}, {3, 5}], [{8, 4}, {2, 7}, {1, 6}, {5}, {3}], [{8, 4}, {2, 7}, {3, 6}, {1, 5}], [{8, 4}, {2, 7}, {5, 6}, {1, 3}], [{8, 4}, {3, 7}, {1, 6}, {2, 5}], [{8, 4}, {3, 7}, {2, 6}, {1, 5}], [{8, 4}, {3, 7}, {5, 6}, {1, 2}], [{8, 4}, {3, 7}, {6}, {2, 5}, {1}], [{8, 4}, {5, 7}, {1, 6}, {2, 3}], [{8, 4}, {5, 7}, {2, 6}, {1, 3}], [{8, 4}, {5, 7}, {3, 6}, {1, 2}], [{8, 4}, {6, 7}, {1, 5}, {2, 3}], [{8, 4}, {6, 7}, {2, 5}, {1, 3}], [{8, 4}, {6, 7}, {3, 5}, {1, 2}], [{8, 4}, {7}, {2, 6}, {5}, {1, 3}], [{8, 4}, {7}, {5, 6}, {2, 3}, {1}], [{8, 4}, {7}, {6}, {3, 5}, {1, 2}], [{8, 5}, {1, 7}, {2, 6}, {3, 4}], [{8, 5}, {1, 7}, {3, 6}, {2, 4}], [{8, 5}, {1, 7}, {4, 6}, {2, 3}], [{8, 5}, {2, 7}, {1, 6}, {3, 4}], [{8, 5}, {2, 7}, {1, 6}, {4}, {3}], [{8, 5}, {2, 7}, {3, 6}, {1, 4}], [{8, 5}, {2, 7}, {4, 6}, {1, 3}], [{8, 5}, {3, 7}, {1, 6}, {2, 4}], [{8, 5}, {3, 7}, {2, 6}, {1, 4}], [{8, 5}, {3, 7}, {4, 6}, {1, 2}], [{8, 5}, {4, 7}, {1, 6}, {2, 3}], [{8, 5}, {4, 7}, {2, 6}, {1, 3}], [{8, 5}, {4, 7}, {2, 6}, {3}, {1}], [{8, 5}, {4, 7}, {3, 6}, {1, 2}], [{8, 5}, {6, 7}, {1, 4}, {2, 3}], [{8, 5}, {6, 7}, {1, 4}, {3}, {2}], [{8, 5}, {6, 7}, {2, 4}, {1, 3}], [{8, 5}, {6, 7}, {2, 4}, {3}, {1}], [{8, 5}, {6, 7}, {3, 4}, {1, 2}], [{8, 5}, {6, 7}, {4}, {3}, {1, 2}], [{8, 5}, {7}, {2, 6}, {4}, {1, 3}], [{8, 5}, {7}, {4, 6}, {1, 3}, {2}], [{8, 5}, {7}, {6}, {2, 4}, {1, 3}], [{8, 6}, {1, 7}, {2, 5}, {3, 4}], [{8, 6}, {1, 7}, {3, 5}, {2, 4}], [{8, 6}, {1, 7}, {4, 5}, {2, 3}], [{8, 6}, {1, 7}, {5}, {3, 4}, {2}], [{8, 6}, {2, 7}, {1, 5}, {3, 4}], [{8, 6}, {2, 7}, {3, 5}, {1, 4}], [{8, 6}, {2, 7}, {4, 5}, {1, 3}], [{8, 6}, {3, 7}, {1, 5}, {2, 4}], [{8, 6}, {3, 7}, {2, 5}, {1, 4}], [{8, 6}, {3, 7}, {2, 5}, {4}, {1}], [{8, 6}, {3, 7}, {4, 5}, {1, 2}], [{8, 6}, {4, 7}, {1, 5}, {2, 3}], [{8, 6}, {4, 7}, {1, 5}, {3}, {2}], [{8, 6}, {4, 7}, {2, 5}, {1, 3}], [{8, 6}, {4, 7}, {3, 5}, {1, 2}], [{8, 6}, {4, 7}, {3, 5}, {2}, {1}], [{8, 6}, {4, 7}, {5}, {1, 3}, {2}], [{8, 6}, {5, 7}, {1, 4}, {2, 3}], [{8, 6}, {5, 7}, {2, 4}, {1, 3}], [{8, 6}, {5, 7}, {3, 4}, {1, 2}], [{8, 6}, {5, 7}, {4}, {1, 3}, {2}], [{8, 6}, {7}, {2, 5}, {1, 4}, {3}], [{8, 6}, {7}, {4, 5}, {1, 3}, {2}], [{8, 7}, {1, 6}, {2, 5}, {3, 4}], [{8, 7}, {1, 6}, {2, 5}, {4}, {3}], [{8, 7}, {1, 6}, {3, 5}, {2, 4}], [{8, 7}, {1, 6}, {3, 5}, {4}, {2}], [{8, 7}, {1, 6}, {4, 5}, {2, 3}], [{8, 7}, {1, 6}, {4, 5}, {3}, {2}], [{8, 7}, {1, 6}, {5}, {2, 4}, {3}], [{8, 7}, {1, 6}, {5}, {3, 4}, {2}], [{8, 7}, {1, 6}, {5}, {4}, {2, 3}], [{8, 7}, {1, 6}, {5}, {4}, {3}, {2}], [{8, 7}, {2, 6}, {1, 5}, {3, 4}], [{8, 7}, {2, 6}, {3, 5}, {1, 4}], [{8, 7}, {2, 6}, {4, 5}, {1, 3}], [{8, 7}, {3, 6}, {1, 5}, {2, 4}], [{8, 7}, {3, 6}, {2, 5}, {1, 4}], [{8, 7}, {3, 6}, {2, 5}, {4}, {1}], [{8, 7}, {3, 6}, {4, 5}, {1, 2}], [{8, 7}, {3, 6}, {4, 5}, {2}, {1}], [{8, 7}, {3, 6}, {5}, {2, 4}, {1}], [{8, 7}, {4, 6}, {1, 5}, {2, 3}], [{8, 7}, {4, 6}, {2, 5}, {1, 3}], [{8, 7}, {4, 6}, {3, 5}, {1, 2}], [{8, 7}, {4, 6}, {3, 5}, {2}, {1}], [{8, 7}, {5, 6}, {1, 4}, {2, 3}], [{8, 7}, {5, 6}, {2, 4}, {1, 3}], [{8, 7}, {5, 6}, {3, 4}, {1, 2}], [{8, 7}, {5, 6}, {4}, {2, 3}, {1}], [{8, 7}, {6}, {1, 5}, {4}, {2, 3}], [{8, 7}, {6}, {2, 5}, {4}, {1, 3}], [{8, 7}, {6}, {3, 5}, {1, 4}, {2}], [{8, 7}, {6}, {4, 5}, {1, 3}, {2}], [{8, 7}, {6}, {5}, {2, 4}, {1, 3}], [{8}, {1, 7}, {2, 6}, {4, 5}, {3}], [{8}, {1, 7}, {3, 6}, {5}, {2, 4}], [{8}, {1, 7}, {4, 6}, {2, 5}, {3}], [{8}, {1, 7}, {5, 6}, {4}, {2, 3}], [{8}, {2, 7}, {1, 6}, {3, 5}, {4}], [{8}, {2, 7}, {1, 6}, {4, 5}, {3}], [{8}, {2, 7}, {1, 6}, {5}, {3, 4}], [{8}, {2, 7}, {1, 6}, {5}, {4}, {3}], [{8}, {2, 7}, {3, 6}, {4, 5}, {1}], [{8}, {2, 7}, {4, 6}, {3, 5}, {1}], [{8}, {2, 7}, {6}, {3, 5}, {1, 4}], [{8}, {2, 7}, {6}, {4, 5}, {1, 3}], [{8}, {3, 7}, {2, 6}, {4, 5}, {1}], [{8}, {3, 7}, {4, 6}, {2, 5}, {1}], [{8}, {4, 7}, {2, 6}, {1, 5}, {3}], [{8}, {4, 7}, {5, 6}, {2, 3}, {1}], [{8}, {5, 7}, {6}, {2, 4}, {1, 3}], [{8}, {6, 7}, {4, 5}, {1, 3}, {2}], [{8}, {7}, {2, 6}, {4, 5}, {1, 3}], [{8}, {7}, {4, 6}, {2, 5}, {1, 3}], [{8}, {7}, {5, 6}, {1, 4}, {2, 3}], [{8}, {7}, {5, 6}, {4}, {2, 3}, {1}]]",2,12 K_1^3 + 8 K_1^2 K_2 - 20 K_1^2 - 20 K_1 K_2 - 6 K_1 K_3 + K_1 - 2 K_2^2 + 9 K_2 + 7 K_3 + 2 K_4 + 10,O1O2O3O4U5U4U6O7U3O5O8U2U8O6U1U7,O1O2O3U2U4U5U6O7O6U1O8O5U8U3O4U7,O1O2O3U4O5U1U6O7O6U3O8O4U8U7U5U2,c,{'O1O2O3O4U5U4O6U7U3O7O8U2O5U6U1U8'},1,"<a href=""/flatknot/8.850914"">8.850914</a>",t^9-23t^7-36t^6+36t^5+52t^4-24t^3-26t^2+t+2,-t^2+2t,,
8.850915,O1O2O3O4U5U4O6U7U3O7O8U2O5U8U1U6,4,5z^2+58z+97,5w^3z^2+58w^2z+97w,False,False,"[[ 0 -1 -1  1  1 -1  2 -1  0],[ 1  0  0  2  1 -1  2  0  0],[ 1  0  0  1  0 -1  2  0  0],[-1 -2 -1  0  0 -1 -1 -1 -1],[-1 -1  0  0  0 -1 -1 -1 -1],[ 1  1  1  1  1  0  1  0  0],[-2 -2 -2  1  1 -1  0 -2  0],[ 1  0  0  1  1  0  2  0  0],[ 0  0  0  1  1  0  0  0  0]]","[[ 0  2  1  1  0 -1 -1 -1 -1],[-2  0  1  1  0 -1 -2 -2 -2],[-1 -1  0  0 -1 -1  0 -1 -1],[-1 -1  0  0 -1 -1 -1 -1 -2],[ 0  0  1  1  0  0  0  0  0],[ 1  1  1  1  0  0  1  0  1],[ 1  2  0  1  0 -1  0  0  0],[ 1  2  1  1  0  0  0  0  0],[ 1  2  1  2  0 -1  0  0  0]]",True,"[-2,-1,-1,0,1,1,1,1,-1,-1,0,1,2,2,2,0,1,1,0,1,1,1,1,1,1,2,0,0,0,0,-1,0,-1,0,0,0]","[-2,-1,-1,0,1,1,1,1,-1,-1,0,1,2,2,2,0,1,1,0,1,1,1,1,1,1,2,0,0,0,0,-1,0,-1,0,0,0]",t^8+29t^6+89t^4+41t^2,"[-1,-1,-1,-1,0,1,1,2,-1,-1,0,1,1,1,2,0,0,1,0,1,1,0,1,1,2,1,1,1,1,1,0,0,2,0,2,2]","[-2,-1,-1,0,1,1,1,1,2,2,2,1,1,1,2,0,0,0,1,1,1,0,1,1,2,1,1,1,1,1,0,0,-1,0,0,-1]","[-1,-1,-1,-1,0,1,1,2,-1,0,0,0,0,1,2,0,1,0,1,1,1,0,0,1,1,2,0,1,2,2,1,1,0,0,-1,-1]",c,"[[{8, 1}, {2, 7}, {3, 6}, {4, 5}], [{8, 1}, {2, 7}, {4, 6}, {3, 5}], [{8, 1}, {2, 7}, {5, 6}, {3, 4}], [{8, 1}, {3, 7}, {2, 6}, {4, 5}], [{8, 1}, {3, 7}, {2, 6}, {5}, {4}], [{8, 1}, {3, 7}, {4, 6}, {2, 5}], [{8, 1}, {3, 7}, {5, 6}, {2, 4}], [{8, 1}, {3, 7}, {5, 6}, {4}, {2}], [{8, 1}, {3, 7}, {6}, {2, 5}, {4}], [{8, 1}, {4, 7}, {2, 6}, {3, 5}], [{8, 1}, {4, 7}, {3, 6}, {2, 5}], [{8, 1}, {4, 7}, {5, 6}, {2, 3}], [{8, 1}, {5, 7}, {2, 6}, {3, 4}], [{8, 1}, {5, 7}, {3, 6}, {2, 4}], [{8, 1}, {5, 7}, {4, 6}, {2, 3}], [{8, 1}, {6, 7}, {2, 5}, {3, 4}], [{8, 1}, {6, 7}, {2, 5}, {4}, {3}], [{8, 1}, {6, 7}, {3, 5}, {2, 4}], [{8, 1}, {6, 7}, {4, 5}, {2, 3}], [{8, 1}, {6, 7}, {5}, {3, 4}, {2}], [{8, 1}, {7}, {2, 6}, {4, 5}, {3}], [{8, 1}, {7}, {3, 6}, {2, 5}, {4}], [{8, 1}, {7}, {4, 6}, {3, 5}, {2}], [{8, 2}, {1, 7}, {3, 6}, {4, 5}], [{8, 2}, {1, 7}, {4, 6}, {3, 5}], [{8, 2}, {1, 7}, {5, 6}, {3, 4}], [{8, 2}, {1, 7}, {6}, {3, 5}, {4}], [{8, 2}, {3, 7}, {1, 6}, {4, 5}], [{8, 2}, {3, 7}, {4, 6}, {1, 5}], [{8, 2}, {3, 7}, {4, 6}, {5}, {1}], [{8, 2}, {3, 7}, {5, 6}, {1, 4}], [{8, 2}, {3, 7}, {5, 6}, {4}, {1}], [{8, 2}, {3, 7}, {6}, {4, 5}, {1}], [{8, 2}, {4, 7}, {1, 6}, {3, 5}], [{8, 2}, {4, 7}, {1, 6}, {5}, {3}], [{8, 2}, {4, 7}, {3, 6}, {1, 5}], [{8, 2}, {4, 7}, {3, 6}, {5}, {1}], [{8, 2}, {4, 7}, {5, 6}, {1, 3}], [{8, 2}, {4, 7}, {5, 6}, {3}, {1}], [{8, 2}, {4, 7}, {6}, {1, 5}, {3}], [{8, 2}, {4, 7}, {6}, {3, 5}, {1}], [{8, 2}, {4, 7}, {6}, {5}, {1, 3}], [{8, 2}, {4, 7}, {6}, {5}, {3}, {1}], [{8, 2}, {5, 7}, {1, 6}, {3, 4}], [{8, 2}, {5, 7}, {3, 6}, {1, 4}], [{8, 2}, {5, 7}, {3, 6}, {4}, {1}], [{8, 2}, {5, 7}, {4, 6}, {1, 3}], [{8, 2}, {5, 7}, {4, 6}, {3}, {1}], [{8, 2}, {5, 7}, {6}, {3, 4}, {1}], [{8, 2}, {6, 7}, {1, 5}, {3, 4}], [{8, 2}, {6, 7}, {3, 5}, {1, 4}], [{8, 2}, {6, 7}, {3, 5}, {4}, {1}], [{8, 2}, {6, 7}, {4, 5}, {1, 3}], [{8, 2}, {6, 7}, {4, 5}, {3}, {1}], [{8, 2}, {6, 7}, {5}, {3, 4}, {1}], [{8, 2}, {7}, {1, 6}, {3, 5}, {4}], [{8, 2}, {7}, {3, 6}, {4, 5}, {1}], [{8, 2}, {7}, {4, 6}, {3, 5}, {1}], [{8, 2}, {7}, {5, 6}, {3, 4}, {1}], [{8, 2}, {7}, {6}, {3, 5}, {1, 4}], [{8, 2}, {7}, {6}, {3, 5}, {4}, {1}], [{8, 3}, {1, 7}, {2, 6}, {4, 5}], [{8, 3}, {1, 7}, {4, 6}, {2, 5}], [{8, 3}, {1, 7}, {5, 6}, {2, 4}], [{8, 3}, {2, 7}, {1, 6}, {4, 5}], [{8, 3}, {2, 7}, {4, 6}, {1, 5}], [{8, 3}, {2, 7}, {5, 6}, {1, 4}], [{8, 3}, {2, 7}, {6}, {4, 5}, {1}], [{8, 3}, {4, 7}, {1, 6}, {2, 5}], [{8, 3}, {4, 7}, {2, 6}, {1, 5}], [{8, 3}, {4, 7}, {5, 6}, {1, 2}], [{8, 3}, {5, 7}, {1, 6}, {2, 4}], [{8, 3}, {5, 7}, {2, 6}, {1, 4}], [{8, 3}, {5, 7}, {4, 6}, {1, 2}], [{8, 3}, {6, 7}, {1, 5}, {2, 4}], [{8, 3}, {6, 7}, {2, 5}, {1, 4}], [{8, 3}, {6, 7}, {4, 5}, {1, 2}], [{8, 3}, {7}, {2, 6}, {1, 5}, {4}], [{8, 3}, {7}, {6}, {2, 5}, {1, 4}], [{8, 4}, {1, 7}, {2, 6}, {3, 5}], [{8, 4}, {1, 7}, {2, 6}, {5}, {3}], [{8, 4}, {1, 7}, {3, 6}, {2, 5}], [{8, 4}, {1, 7}, {5, 6}, {2, 3}], [{8, 4}, {2, 7}, {1, 6}, {3, 5}], [{8, 4}, {2, 7}, {3, 6}, {1, 5}], [{8, 4}, {2, 7}, {3, 6}, {5}, {1}], [{8, 4}, {2, 7}, {5, 6}, {1, 3}], [{8, 4}, {3, 7}, {1, 6}, {2, 5}], [{8, 4}, {3, 7}, {2, 6}, {1, 5}], [{8, 4}, {3, 7}, {2, 6}, {5}, {1}], [{8, 4}, {3, 7}, {5, 6}, {1, 2}], [{8, 4}, {3, 7}, {5, 6}, {2}, {1}], [{8, 4}, {3, 7}, {6}, {2, 5}, {1}], [{8, 4}, {5, 7}, {1, 6}, {2, 3}], [{8, 4}, {5, 7}, {2, 6}, {1, 3}], [{8, 4}, {5, 7}, {2, 6}, {3}, {1}], [{8, 4}, {5, 7}, {3, 6}, {1, 2}], [{8, 4}, {6, 7}, {1, 5}, {2, 3}], [{8, 4}, {6, 7}, {2, 5}, {1, 3}], [{8, 4}, {6, 7}, {3, 5}, {1, 2}], [{8, 4}, {7}, {2, 6}, {1, 5}, {3}], [{8, 4}, {7}, {2, 6}, {3, 5}, {1}], [{8, 4}, {7}, {2, 6}, {5}, {1, 3}], [{8, 4}, {7}, {3, 6}, {1, 5}, {2}], [{8, 4}, {7}, {5, 6}, {3}, {1, 2}], [{8, 4}, {7}, {6}, {1, 5}, {2, 3}], [{8, 5}, {1, 7}, {2, 6}, {3, 4}], [{8, 5}, {1, 7}, {3, 6}, {2, 4}], [{8, 5}, {1, 7}, {4, 6}, {2, 3}], [{8, 5}, {2, 7}, {1, 6}, {3, 4}], [{8, 5}, {2, 7}, {3, 6}, {1, 4}], [{8, 5}, {2, 7}, {4, 6}, {1, 3}], [{8, 5}, {3, 7}, {1, 6}, {2, 4}], [{8, 5}, {3, 7}, {2, 6}, {1, 4}], [{8, 5}, {3, 7}, {4, 6}, {1, 2}], [{8, 5}, {4, 7}, {1, 6}, {2, 3}], [{8, 5}, {4, 7}, {2, 6}, {1, 3}], [{8, 5}, {4, 7}, {3, 6}, {1, 2}], [{8, 5}, {6, 7}, {1, 4}, {2, 3}], [{8, 5}, {6, 7}, {2, 4}, {1, 3}], [{8, 5}, {6, 7}, {3, 4}, {1, 2}], [{8, 5}, {6, 7}, {3, 4}, {2}, {1}], [{8, 5}, {7}, {1, 6}, {4}, {2, 3}], [{8, 5}, {7}, {3, 6}, {1, 4}, {2}], [{8, 5}, {7}, {6}, {2, 4}, {1, 3}], [{8, 6}, {1, 7}, {2, 5}, {3, 4}], [{8, 6}, {1, 7}, {3, 5}, {2, 4}], [{8, 6}, {1, 7}, {4, 5}, {2, 3}], [{8, 6}, {2, 7}, {1, 5}, {3, 4}], [{8, 6}, {2, 7}, {3, 5}, {1, 4}], [{8, 6}, {2, 7}, {4, 5}, {1, 3}], [{8, 6}, {3, 7}, {1, 5}, {2, 4}], [{8, 6}, {3, 7}, {2, 5}, {1, 4}], [{8, 6}, {3, 7}, {4, 5}, {1, 2}], [{8, 6}, {4, 7}, {1, 5}, {2, 3}], [{8, 6}, {4, 7}, {2, 5}, {1, 3}], [{8, 6}, {4, 7}, {3, 5}, {1, 2}], [{8, 6}, {5, 7}, {1, 4}, {2, 3}], [{8, 6}, {5, 7}, {2, 4}, {1, 3}], [{8, 6}, {5, 7}, {3, 4}, {1, 2}], [{8, 6}, {7}, {1, 5}, {2, 4}, {3}], [{8, 6}, {7}, {3, 5}, {2, 4}, {1}], [{8, 6}, {7}, {5}, {2, 4}, {1, 3}], [{8, 7}, {1, 6}, {2, 5}, {3, 4}], [{8, 7}, {1, 6}, {3, 5}, {2, 4}], [{8, 7}, {1, 6}, {4, 5}, {2, 3}], [{8, 7}, {2, 6}, {1, 5}, {3, 4}], [{8, 7}, {2, 6}, {3, 5}, {1, 4}], [{8, 7}, {2, 6}, {4, 5}, {1, 3}], [{8, 7}, {3, 6}, {1, 5}, {2, 4}], [{8, 7}, {3, 6}, {2, 5}, {1, 4}], [{8, 7}, {3, 6}, {2, 5}, {4}, {1}], [{8, 7}, {3, 6}, {4, 5}, {1, 2}], [{8, 7}, {4, 6}, {1, 5}, {2, 3}], [{8, 7}, {4, 6}, {2, 5}, {1, 3}], [{8, 7}, {4, 6}, {3, 5}, {1, 2}], [{8, 7}, {4, 6}, {3, 5}, {2}, {1}], [{8, 7}, {5, 6}, {1, 4}, {2, 3}], [{8, 7}, {5, 6}, {2, 4}, {1, 3}], [{8, 7}, {5, 6}, {3, 4}, {1, 2}], [{8, 7}, {6}, {2, 5}, {1, 4}, {3}], [{8, 7}, {6}, {5}, {2, 4}, {1, 3}], [{8}, {1, 7}, {3, 6}, {2, 5}, {4}], [{8}, {1, 7}, {4, 6}, {2, 5}, {3}], [{8}, {1, 7}, {4, 6}, {3, 5}, {2}], [{8}, {1, 7}, {4, 6}, {5}, {2, 3}], [{8}, {1, 7}, {5, 6}, {2, 4}, {3}], [{8}, {1, 7}, {6}, {2, 5}, {3, 4}], [{8}, {2, 7}, {3, 6}, {1, 5}, {4}], [{8}, {2, 7}, {4, 6}, {1, 5}, {3}], [{8}, {2, 7}, {4, 6}, {3, 5}, {1}], [{8}, {2, 7}, {4, 6}, {5}, {1, 3}], [{8}, {2, 7}, {5, 6}, {1, 4}, {3}], [{8}, {2, 7}, {6}, {1, 5}, {3, 4}], [{8}, {3, 7}, {1, 6}, {5}, {2, 4}], [{8}, {3, 7}, {2, 6}, {5}, {1, 4}], [{8}, {3, 7}, {5, 6}, {1, 4}, {2}], [{8}, {3, 7}, {5, 6}, {2, 4}, {1}], [{8}, {3, 7}, {5, 6}, {4}, {1, 2}], [{8}, {3, 7}, {5, 6}, {4}, {2}, {1}], [{8}, {3, 7}, {6}, {1, 5}, {2, 4}], [{8}, {3, 7}, {6}, {2, 5}, {1, 4}], [{8}, {5, 7}, {6}, {1, 4}, {2, 3}], [{8}, {5, 7}, {6}, {2, 4}, {1, 3}], [{8}, {6, 7}, {1, 5}, {3, 4}, {2}], [{8}, {6, 7}, {2, 5}, {3, 4}, {1}], [{8}, {6, 7}, {5}, {1, 4}, {2, 3}], [{8}, {6, 7}, {5}, {2, 4}, {1, 3}], [{8}, {6, 7}, {5}, {3, 4}, {1, 2}], [{8}, {6, 7}, {5}, {3, 4}, {2}, {1}], [{8}, {7}, {1, 6}, {2, 5}, {3, 4}], [{8}, {7}, {2, 6}, {1, 5}, {3, 4}], [{8}, {7}, {4, 6}, {3, 5}, {1, 2}], [{8}, {7}, {4, 6}, {3, 5}, {2}, {1}], [{8}, {7}, {5, 6}, {1, 4}, {2, 3}], [{8}, {7}, {5, 6}, {2, 4}, {1, 3}]]",2,- 14 K_1^2 - 12 K_1 K_2 + 6 K_1 + 7 K_2 + 6 K_3 + 8,O1O2O3O4U5U4U6O7U3O6O8U2U8O5U1U7,O1O2O3U2U4U5U6O7O6U3O8O5U8U1O4U7,O1O2O3U4O5U3U6O7O6U1O8O4U8U7U5U2,c,"{'O1O2O3O4U5U4O6U7U3O7U1O8O5U2U8U6', 'O1O2O3O4U5U4O6U7U3O7O8U2O5U8U1U6'}",2,"<a href=""/flatknot/8.850915"">8.850915</a>",t^9-27t^7-40t^6+52t^5+48t^4-33t^3+3t,-t^2+2t,,
8.850916,O1O2O3O4U5U4O6U7U3O7O8U6O5U1U2U8,4,3z^3+33z^2+109z+111,3w^4z^3+33w^3z^2+109w^2z+111w,False,False,"[[ 0 -2  0  1  1 -1  0 -1  2],[ 2  0  1  1  1  0  1  1  2],[ 0 -1  0  1  1 -2  1 -1  1],[-1 -1 -1  0  0 -2  0 -1  0],[-1 -1 -1  0  0 -1  0 -1 -1],[ 1  0  2  2  1  0  0  0  1],[ 0 -1 -1  0  0  0  0  0  1],[ 1 -1  1  1  1  0  0  0  2],[-2 -2 -1  0  1 -1 -1 -2  0]]","[[ 0  2  1  1  0  0 -1 -1 -2],[-2  0  1  0 -1 -1 -1 -2 -2],[-1 -1  0  0  0 -1 -1 -1 -1],[-1  0  0  0  0 -1 -2 -1 -1],[ 0  1  0  0  0 -1  0  0 -1],[ 0  1  1  1  1  0 -2 -1 -1],[ 1  1  1  2  0  2  0  0  0],[ 1  2  1  1  0  1  0  0 -1],[ 2  2  1  1  1  1  0  1  0]]",True,"[-2,-1,-1,0,0,1,1,2,-1,0,1,1,1,2,2,0,0,1,1,1,1,0,1,2,1,1,1,0,0,1,2,1,1,0,0,1]","[-2,-1,-1,0,0,1,1,2,-1,0,1,1,1,2,2,0,0,1,1,1,1,0,1,2,1,1,1,0,0,1,2,1,1,0,0,1]",t^8+32t^6+134t^4+62t^2+4,"[-2,-1,-1,0,0,1,1,2,0,1,1,1,2,2,2,0,0,1,1,1,1,-1,1,0,1,2,-1,0,0,1,1,1,1,0,1,2]","[-2,-1,-1,0,0,1,1,2,1,2,1,1,1,2,2,0,0,1,1,0,2,0,1,1,1,2,1,0,-1,1,1,1,1,0,0,1]","[-2,-1,-1,0,0,1,1,2,0,1,1,1,1,1,2,0,0,2,1,2,1,0,1,1,1,2,-1,0,0,1,1,1,1,0,-1,0]",c,"[[{8, 1}, {3, 7}, {2, 6}, {4, 5}]]",1,8 K_1^3 + 12 K_1^2 K_2 - 22 K_1^2 - 12 K_1 K_2 - 6 K_1 K_3 - 2 K_2^2 + 8 K_2 + 4 K_3 + K_4 + 10,O1O2O3O4U5U3U4O6U7O5O8U2U8O7U1U6,O1O2O3U1U2U4U5O6O5U7O8O4U8U3O7U6,O1O2O3U4O5U1U6O7O6U5O8O4U8U7U2U3,c,{'O1O2O3O4U5U4O6U7U3O7O8U6O5U1U2U8'},1,"<a href=""/flatknot/8.850916"">8.850916</a>",t^9-32t^7-66t^6+56t^5+216t^4+92t^3-64t^2+5t+22,0,,
8.850917,O1O2O3O4U5U4O6U7U3O7O8U6O5U1U8U2,4,13z^2+98z+145,13w^3z^2+98w^2z+145w,False,False,"[[ 0 -2  1  1  1 -1  0 -1  1],[ 2  0  2  1  1  0  1  1  1],[-1 -2  0  1  1 -2  0 -2  0],[-1 -1 -1  0  0 -2  0 -1  0],[-1 -1 -1  0  0 -1  0 -1 -1],[ 1  0  2  2  1  0  0  0  0],[ 0 -1  0  0  0  0  0  0  1],[ 1 -1  2  1  1  0  0  0  1],[-1 -1  0  0  1  0 -1 -1  0]]","[[ 0  1  1  1  1  0 -1 -1 -2],[-1  0  1  1  0  0 -2 -2 -2],[-1 -1  0  0  0  0 -1 -2 -1],[-1 -1  0  0 -1  0 -1 -1 -1],[-1  0  0  1  0 -1 -1  0 -1],[ 0  0  0  0  1  0  0  0 -1],[ 1  2  1  1  1  0  0  0 -1],[ 1  2  2  1  0  0  0  0  0],[ 2  2  1  1  1  1  1  0  0]]",True,"[-1,-1,-1,-1,0,1,1,2,-1,-1,0,0,2,2,2,0,0,0,1,2,1,1,0,1,1,1,1,1,0,1,0,0,1,0,1,0]","[-2,-1,-1,0,1,1,1,1,0,1,1,1,1,1,2,0,0,0,1,2,2,0,1,1,1,2,1,0,0,0,1,0,0,0,-1,-1]",t^8+29t^6+99t^4+47t^2+4,"[-2,-1,-1,0,1,1,1,1,0,1,1,1,2,2,2,0,1,0,1,1,1,1,0,0,1,2,1,1,1,0,-1,-1,0,0,0,1]","[-1,-1,-1,-1,0,1,1,2,-1,-1,0,1,1,1,2,0,0,0,1,2,2,1,1,0,0,1,1,1,0,2,1,1,1,0,0,1]","[-2,-1,-1,0,1,1,1,1,0,1,1,1,1,1,2,0,0,0,1,2,2,0,1,1,1,2,1,0,0,0,1,0,0,0,-1,-1]",c,"[[{8, 1}, {2, 7}, {3, 6}, {4, 5}], [{8, 1}, {2, 7}, {4, 6}, {3, 5}], [{8, 1}, {2, 7}, {5, 6}, {3, 4}], [{8, 1}, {2, 7}, {6}, {3, 5}, {4}], [{8, 1}, {2, 7}, {6}, {4, 5}, {3}], [{8, 1}, {2, 7}, {6}, {5}, {3, 4}], [{8, 3}, {2, 7}, {1, 6}, {4, 5}], [{8, 3}, {2, 7}, {6}, {4, 5}, {1}], [{8, 4}, {2, 7}, {1, 6}, {3, 5}], [{8, 4}, {2, 7}, {6}, {3, 5}, {1}], [{8, 6}, {2, 7}, {3, 5}, {1, 4}], [{8, 6}, {2, 7}, {4, 5}, {1, 3}], [{8}, {2, 7}, {6}, {3, 5}, {1, 4}], [{8}, {2, 7}, {6}, {4, 5}, {1, 3}]]",1,4 K_1^3 + 4 K_1^2 K_2 - 26 K_1^2 - 24 K_1 K_2 - 4 K_1 K_3 + 9 K_1 - 4 K_2^2 + 13 K_2 + 11 K_3 + 3 K_4 + 15,O1O2O3O4U3U5U4O6U7O5O8U2U8O7U1U6,O1O2O3U1U3U4U5O6O5U7O8O4U8U2O7U6,O1O2O3U4O5U2U6O7O6U5O8O4U8U7U1U3,c,{'O1O2O3O4U5U4O6U7U3O7O8U6O5U1U8U2'},1,"<a href=""/flatknot/8.850917"">8.850917</a>",t^9-31t^7-46t^6+96t^5+180t^4+19t^3-34t^2+3t,t^2-2t,,
8.850918,O1O2O3O4U5U4O6U7U3O7O8U6O5U2U1U8,4,4z^3+37z^2+110z+105,4w^4z^3+37w^3z^2+110w^2z+105w,False,False,"[[ 0 -1 -1  1  1 -1  0 -1  2],[ 1  0  0  1  1 -1  1  0  2],[ 1  0  0  1  1 -1  1  0  1],[-1 -1 -1  0  0 -2  0 -1  0],[-1 -1 -1  0  0 -1  0 -1 -1],[ 1  1  1  2  1  0  0  0  1],[ 0 -1 -1  0  0  0  0  0  1],[ 1  0  0  1  1  0  0  0  2],[-2 -2 -1  0  1 -1 -1 -2  0]]","[[ 0  2  1  1  0 -1 -1 -1 -1],[-2  0  1  0 -1 -1 -1 -2 -2],[-1 -1  0  0  0 -1 -1 -1 -1],[-1  0  0  0  0 -1 -2 -1 -1],[ 0  1  0  0  0 -1  0  0 -1],[ 1  1  1  1  1  0 -1  0  0],[ 1  1  1  2  0  1  0  0  1],[ 1  2  1  1  0  0  0  0  0],[ 1  2  1  1  1  0 -1  0  0]]",True,"[-2,-1,-1,0,1,1,1,1,-1,0,1,1,1,2,2,0,0,1,1,1,1,0,1,2,1,1,1,0,0,1,1,0,0,0,-1,0]","[-2,-1,-1,0,1,1,1,1,-1,0,1,1,1,2,2,0,0,1,1,1,1,0,1,2,1,1,1,0,0,1,1,0,0,0,-1,0]",t^8+27t^6+100t^4+46t^2+1,"[-1,-1,-1,-1,0,1,1,2,-1,-1,0,1,0,1,2,0,0,0,1,1,1,0,0,1,1,2,1,1,1,1,1,1,1,0,1,2]","[-2,-1,-1,0,1,1,1,1,1,2,1,1,1,2,2,0,1,1,1,0,1,1,1,1,1,1,0,1,1,0,0,-1,0,0,0,1]","[-1,-1,-1,-1,0,1,1,2,-1,0,0,1,1,1,1,0,1,0,1,2,1,0,0,1,1,2,1,1,1,2,0,0,1,0,-1,0]",c,"[[{8, 1}, {2, 7}, {3, 6}, {4, 5}], [{8, 1}, {2, 7}, {4, 6}, {3, 5}], [{8, 1}, {2, 7}, {5, 6}, {3, 4}], [{8, 1}, {2, 7}, {6}, {3, 5}, {4}], [{8, 1}, {3, 7}, {2, 6}, {4, 5}], [{8, 1}, {3, 7}, {4, 6}, {2, 5}], [{8, 1}, {3, 7}, {5, 6}, {2, 4}], [{8, 1}, {3, 7}, {6}, {2, 5}, {4}], [{8, 1}, {4, 7}, {2, 6}, {3, 5}], [{8, 1}, {4, 7}, {3, 6}, {2, 5}], [{8, 1}, {4, 7}, {5, 6}, {2, 3}], [{8, 1}, {4, 7}, {6}, {3, 5}, {2}], [{8, 1}, {5, 7}, {2, 6}, {3, 4}], [{8, 1}, {5, 7}, {3, 6}, {2, 4}], [{8, 1}, {5, 7}, {4, 6}, {2, 3}], [{8, 1}, {6, 7}, {2, 5}, {3, 4}], [{8, 1}, {6, 7}, {3, 5}, {2, 4}], [{8, 1}, {6, 7}, {4, 5}, {2, 3}], [{8, 1}, {7}, {2, 6}, {5}, {3, 4}], [{8, 1}, {7}, {3, 6}, {4, 5}, {2}], [{8, 1}, {7}, {6}, {3, 5}, {2, 4}], [{8, 2}, {1, 7}, {3, 6}, {4, 5}], [{8, 2}, {1, 7}, {4, 6}, {3, 5}], [{8, 2}, {1, 7}, {5, 6}, {3, 4}], [{8, 2}, {1, 7}, {6}, {3, 5}, {4}], [{8, 2}, {3, 7}, {1, 6}, {4, 5}], [{8, 2}, {3, 7}, {4, 6}, {1, 5}], [{8, 2}, {3, 7}, {5, 6}, {1, 4}], [{8, 2}, {3, 7}, {6}, {1, 5}, {4}], [{8, 2}, {4, 7}, {1, 6}, {3, 5}], [{8, 2}, {4, 7}, {3, 6}, {1, 5}], [{8, 2}, {4, 7}, {5, 6}, {1, 3}], [{8, 2}, {4, 7}, {6}, {3, 5}, {1}], [{8, 2}, {5, 7}, {1, 6}, {3, 4}], [{8, 2}, {5, 7}, {3, 6}, {1, 4}], [{8, 2}, {5, 7}, {3, 6}, {4}, {1}], [{8, 2}, {5, 7}, {4, 6}, {1, 3}], [{8, 2}, {6, 7}, {1, 5}, {3, 4}], [{8, 2}, {6, 7}, {3, 5}, {1, 4}], [{8, 2}, {6, 7}, {4, 5}, {1, 3}], [{8, 2}, {6, 7}, {5}, {1, 4}, {3}], [{8, 2}, {7}, {1, 6}, {4, 5}, {3}], [{8, 2}, {7}, {5, 6}, {3, 4}, {1}], [{8, 2}, {7}, {6}, {3, 5}, {1, 4}], [{8, 3}, {1, 7}, {2, 6}, {4, 5}], [{8, 3}, {1, 7}, {2, 6}, {5}, {4}], [{8, 3}, {1, 7}, {4, 6}, {2, 5}], [{8, 3}, {1, 7}, {4, 6}, {5}, {2}], [{8, 3}, {1, 7}, {5, 6}, {2, 4}], [{8, 3}, {1, 7}, {5, 6}, {4}, {2}], [{8, 3}, {1, 7}, {6}, {2, 5}, {4}], [{8, 3}, {1, 7}, {6}, {4, 5}, {2}], [{8, 3}, {1, 7}, {6}, {5}, {2, 4}], [{8, 3}, {1, 7}, {6}, {5}, {4}, {2}], [{8, 3}, {2, 7}, {1, 6}, {4, 5}], [{8, 3}, {2, 7}, {4, 6}, {1, 5}], [{8, 3}, {2, 7}, {4, 6}, {5}, {1}], [{8, 3}, {2, 7}, {5, 6}, {1, 4}], [{8, 3}, {2, 7}, {5, 6}, {4}, {1}], [{8, 3}, {2, 7}, {6}, {4, 5}, {1}], [{8, 3}, {4, 7}, {1, 6}, {2, 5}], [{8, 3}, {4, 7}, {2, 6}, {1, 5}], [{8, 3}, {4, 7}, {5, 6}, {1, 2}], [{8, 3}, {4, 7}, {5, 6}, {2}, {1}], [{8, 3}, {5, 7}, {1, 6}, {2, 4}], [{8, 3}, {5, 7}, {1, 6}, {4}, {2}], [{8, 3}, {5, 7}, {2, 6}, {1, 4}], [{8, 3}, {5, 7}, {4, 6}, {1, 2}], [{8, 3}, {6, 7}, {1, 5}, {2, 4}], [{8, 3}, {6, 7}, {1, 5}, {4}, {2}], [{8, 3}, {6, 7}, {2, 5}, {1, 4}], [{8, 3}, {6, 7}, {4, 5}, {1, 2}], [{8, 3}, {7}, {4, 6}, {5}, {1, 2}], [{8, 3}, {7}, {5, 6}, {1, 4}, {2}], [{8, 3}, {7}, {5, 6}, {2, 4}, {1}], [{8, 3}, {7}, {5, 6}, {4}, {1, 2}], [{8, 3}, {7}, {5, 6}, {4}, {2}, {1}], [{8, 3}, {7}, {6}, {4, 5}, {1, 2}], [{8, 4}, {1, 7}, {2, 6}, {3, 5}], [{8, 4}, {1, 7}, {3, 6}, {2, 5}], [{8, 4}, {1, 7}, {5, 6}, {2, 3}], [{8, 4}, {1, 7}, {6}, {3, 5}, {2}], [{8, 4}, {2, 7}, {1, 6}, {3, 5}], [{8, 4}, {2, 7}, {3, 6}, {1, 5}], [{8, 4}, {2, 7}, {5, 6}, {1, 3}], [{8, 4}, {2, 7}, {6}, {1, 5}, {3}], [{8, 4}, {2, 7}, {6}, {3, 5}, {1}], [{8, 4}, {2, 7}, {6}, {5}, {1, 3}], [{8, 4}, {3, 7}, {1, 6}, {2, 5}], [{8, 4}, {3, 7}, {2, 6}, {1, 5}], [{8, 4}, {3, 7}, {5, 6}, {1, 2}], [{8, 4}, {5, 7}, {1, 6}, {2, 3}], [{8, 4}, {5, 7}, {1, 6}, {3}, {2}], [{8, 4}, {5, 7}, {2, 6}, {1, 3}], [{8, 4}, {5, 7}, {3, 6}, {1, 2}], [{8, 4}, {5, 7}, {3, 6}, {2}, {1}], [{8, 4}, {5, 7}, {6}, {1, 3}, {2}], [{8, 4}, {6, 7}, {1, 5}, {2, 3}], [{8, 4}, {6, 7}, {1, 5}, {3}, {2}], [{8, 4}, {6, 7}, {2, 5}, {1, 3}], [{8, 4}, {6, 7}, {3, 5}, {1, 2}], [{8, 4}, {7}, {2, 6}, {1, 5}, {3}], [{8, 4}, {7}, {5, 6}, {2, 3}, {1}], [{8, 4}, {7}, {6}, {2, 5}, {1, 3}], [{8, 4}, {7}, {6}, {3, 5}, {1, 2}], [{8, 5}, {1, 7}, {2, 6}, {3, 4}], [{8, 5}, {1, 7}, {2, 6}, {4}, {3}], [{8, 5}, {1, 7}, {3, 6}, {2, 4}], [{8, 5}, {1, 7}, {3, 6}, {4}, {2}], [{8, 5}, {1, 7}, {4, 6}, {2, 3}], [{8, 5}, {1, 7}, {4, 6}, {3}, {2}], [{8, 5}, {1, 7}, {6}, {2, 4}, {3}], [{8, 5}, {1, 7}, {6}, {3, 4}, {2}], [{8, 5}, {1, 7}, {6}, {4}, {2, 3}], [{8, 5}, {1, 7}, {6}, {4}, {3}, {2}], [{8, 5}, {2, 7}, {1, 6}, {3, 4}], [{8, 5}, {2, 7}, {1, 6}, {4}, {3}], [{8, 5}, {2, 7}, {3, 6}, {1, 4}], [{8, 5}, {2, 7}, {4, 6}, {1, 3}], [{8, 5}, {3, 7}, {1, 6}, {2, 4}], [{8, 5}, {3, 7}, {2, 6}, {1, 4}], [{8, 5}, {3, 7}, {4, 6}, {1, 2}], [{8, 5}, {3, 7}, {4, 6}, {2}, {1}], [{8, 5}, {4, 7}, {1, 6}, {2, 3}], [{8, 5}, {4, 7}, {2, 6}, {1, 3}], [{8, 5}, {4, 7}, {3, 6}, {1, 2}], [{8, 5}, {4, 7}, {3, 6}, {2}, {1}], [{8, 5}, {6, 7}, {1, 4}, {2, 3}], [{8, 5}, {6, 7}, {2, 4}, {1, 3}], [{8, 5}, {6, 7}, {3, 4}, {1, 2}], [{8, 5}, {6, 7}, {4}, {3}, {1, 2}], [{8, 5}, {7}, {3, 6}, {1, 4}, {2}], [{8, 5}, {7}, {4, 6}, {1, 3}, {2}], [{8, 6}, {1, 7}, {2, 5}, {3, 4}], [{8, 6}, {1, 7}, {3, 5}, {2, 4}], [{8, 6}, {1, 7}, {3, 5}, {4}, {2}], [{8, 6}, {1, 7}, {4, 5}, {2, 3}], [{8, 6}, {2, 7}, {1, 5}, {3, 4}], [{8, 6}, {2, 7}, {3, 5}, {1, 4}], [{8, 6}, {2, 7}, {4, 5}, {1, 3}], [{8, 6}, {2, 7}, {5}, {1, 4}, {3}], [{8, 6}, {3, 7}, {1, 5}, {2, 4}], [{8, 6}, {3, 7}, {2, 5}, {1, 4}], [{8, 6}, {3, 7}, {2, 5}, {4}, {1}], [{8, 6}, {3, 7}, {4, 5}, {1, 2}], [{8, 6}, {3, 7}, {5}, {1, 4}, {2}], [{8, 6}, {4, 7}, {1, 5}, {2, 3}], [{8, 6}, {4, 7}, {2, 5}, {1, 3}], [{8, 6}, {4, 7}, {3, 5}, {1, 2}], [{8, 6}, {4, 7}, {3, 5}, {2}, {1}], [{8, 6}, {5, 7}, {1, 4}, {2, 3}], [{8, 6}, {5, 7}, {1, 4}, {3}, {2}], [{8, 6}, {5, 7}, {2, 4}, {1, 3}], [{8, 6}, {5, 7}, {3, 4}, {1, 2}], [{8, 6}, {5, 7}, {4}, {2, 3}, {1}], [{8, 6}, {7}, {2, 5}, {1, 4}, {3}], [{8, 6}, {7}, {3, 5}, {1, 4}, {2}], [{8, 6}, {7}, {5}, {1, 4}, {2, 3}], [{8, 6}, {7}, {5}, {1, 4}, {3}, {2}], [{8, 7}, {1, 6}, {2, 5}, {3, 4}], [{8, 7}, {1, 6}, {3, 5}, {2, 4}], [{8, 7}, {1, 6}, {4, 5}, {2, 3}], [{8, 7}, {2, 6}, {1, 5}, {3, 4}], [{8, 7}, {2, 6}, {3, 5}, {1, 4}], [{8, 7}, {2, 6}, {4, 5}, {1, 3}], [{8, 7}, {2, 6}, {5}, {1, 4}, {3}], [{8, 7}, {3, 6}, {1, 5}, {2, 4}], [{8, 7}, {3, 6}, {2, 5}, {1, 4}], [{8, 7}, {3, 6}, {2, 5}, {4}, {1}], [{8, 7}, {3, 6}, {4, 5}, {1, 2}], [{8, 7}, {4, 6}, {1, 5}, {2, 3}], [{8, 7}, {4, 6}, {2, 5}, {1, 3}], [{8, 7}, {4, 6}, {3, 5}, {1, 2}], [{8, 7}, {5, 6}, {1, 4}, {2, 3}], [{8, 7}, {5, 6}, {2, 4}, {1, 3}], [{8, 7}, {5, 6}, {3, 4}, {1, 2}], [{8, 7}, {6}, {1, 5}, {4}, {2, 3}], [{8, 7}, {6}, {3, 5}, {1, 4}, {2}], [{8, 7}, {6}, {3, 5}, {2, 4}, {1}], [{8, 7}, {6}, {3, 5}, {4}, {1, 2}], [{8}, {1, 7}, {2, 6}, {3, 5}, {4}], [{8}, {1, 7}, {4, 6}, {3, 5}, {2}], [{8}, {1, 7}, {6}, {3, 5}, {2, 4}], [{8}, {1, 7}, {6}, {3, 5}, {4}, {2}], [{8}, {2, 7}, {6}, {3, 5}, {1, 4}], [{8}, {3, 7}, {1, 6}, {2, 5}, {4}], [{8}, {3, 7}, {1, 6}, {4, 5}, {2}], [{8}, {3, 7}, {1, 6}, {5}, {2, 4}], [{8}, {4, 7}, {1, 6}, {3, 5}, {2}], [{8}, {4, 7}, {2, 6}, {3, 5}, {1}], [{8}, {4, 7}, {6}, {3, 5}, {1, 2}], [{8}, {4, 7}, {6}, {3, 5}, {2}, {1}], [{8}, {5, 7}, {1, 6}, {3, 4}, {2}], [{8}, {5, 7}, {3, 6}, {2, 4}, {1}], [{8}, {6, 7}, {1, 5}, {3, 4}, {2}], [{8}, {6, 7}, {3, 5}, {1, 4}, {2}], [{8}, {6, 7}, {4, 5}, {1, 3}, {2}], [{8}, {7}, {2, 6}, {3, 5}, {1, 4}], [{8}, {7}, {4, 6}, {1, 5}, {2, 3}], [{8}, {7}, {6}, {3, 5}, {1, 4}, {2}]]",2,4 K_1^2 K_2 - 6 K_1^2 - 12 K_1 K_2 - 4 K_1 K_3 + 6 K_1 - 4 K_2^2 + 3 K_2 + 6 K_3 + 3 K_4 + 5,O1O2O3O4U5U4U3O6U7O5O8U2U8O7U1U6,O1O2O3U2U1U4U5O6O5U7O8O4U8U3O7U6,O1O2O3U4O5U1U6O7O6U5O8O4U8U7U3U2,c,{'O1O2O3O4U5U4O6U7U3O7O8U6O5U2U1U8'},1,"<a href=""/flatknot/8.850918"">8.850918</a>",t^9-25t^7-36t^6+53t^5+64t^4-35t^3+2t^2+3t,-t^2+2t,,
8.850919,O1O2O3O4U5U4O6U7U3O7O8U6O5U8U1U2,4,3z^3+33z^2+109z+111,3w^4z^3+33w^3z^2+109w^2z+111w,False,False,"[[ 0 -1  1  1  1 -1  0 -1  0],[ 1  0  1  1  1  0  0  0  0],[-1 -1  0  1  1 -2  0 -2  0],[-1 -1 -1  0  0 -2  0 -1  0],[-1 -1 -1  0  0 -1  0 -1 -1],[ 1  0  2  2  1  0  0  0 -1],[ 0  0  0  0  0  0  0  0  1],[ 1  0  2  1  1  0  0  0  0],[ 0  0  0  0  1  1 -1  0  0]]","[[ 0  1  1  1  0  0 -1 -1 -1],[-1  0  1  1  0  0 -1 -2 -2],[-1 -1  0  0  0  0 -1 -1 -2],[-1 -1  0  0  0 -1 -1 -1 -1],[ 0  0  0  0  0  1  0  0  0],[ 0  0  0  1 -1  0  0  0  1],[ 1  1  1  1  0  0  0  0  0],[ 1  2  1  1  0  0  0  0  0],[ 1  2  2  1  0 -1  0  0  0]]",True,"[-1,-1,-1,0,0,1,1,1,-1,-1,0,0,1,2,2,0,0,0,1,1,2,0,1,1,1,1,-1,0,0,0,0,0,-1,0,0,0]","[-1,-1,-1,0,0,1,1,1,-1,-1,0,0,1,2,2,0,0,0,1,1,2,0,1,1,1,1,-1,0,0,0,0,0,-1,0,0,0]",t^8+23t^6+61t^4+18t^2+1,"[-1,-1,-1,0,0,1,1,1,0,0,1,1,0,1,1,0,1,1,1,1,1,1,2,0,0,1,-1,1,1,1,1,1,0,-1,-1,0]","[-1,-1,-1,0,0,1,1,1,-1,0,0,1,1,1,1,1,1,1,0,0,1,1,1,0,1,1,-1,2,1,1,1,1,1,0,0,0]","[-1,-1,-1,0,0,1,1,1,0,0,-1,0,1,2,2,0,0,0,1,1,1,0,0,1,1,2,-1,1,0,0,0,0,0,0,-1,-1]",c,"[[{8, 3}, {5, 7}, {4, 6}, {1, 2}], [{8, 3}, {7}, {4, 6}, {5}, {1, 2}], [{8, 4}, {5, 7}, {3, 6}, {1, 2}], [{8, 5}, {6, 7}, {3, 4}, {1, 2}], [{8, 5}, {6, 7}, {4}, {3}, {1, 2}], [{8, 6}, {3, 7}, {4, 5}, {1, 2}], [{8, 6}, {4, 7}, {3, 5}, {1, 2}], [{8, 7}, {5, 6}, {3, 4}, {1, 2}], [{8}, {4, 7}, {6}, {3, 5}, {1, 2}]]",1,8 K_1^3 - 12 K_1^2 - 8 K_1 K_2 - 2 K_1 + 6 K_2 + 2 K_3 + 7,O1O2O3O4U3U4U5O6U7O5O8U2U8O7U1U6,O1O2O3U2U3U4U5O6O5U7O8O4U8U1O7U6,O1O2O3U4O5U3U6O7O6U5O8O4U8U7U1U2,c,{'O1O2O3O4U5U4O6U7U3O7O8U6O5U8U1U2'},1,"<a href=""/flatknot/8.850919"">8.850919</a>",t^9-23t^7-22t^6+59t^5+42t^4-41t^3-4t^2+4t,0,,
8.850920,O1O2O3O4U5U4O6U7U8O7O8U1O5U2U3U6,4,7z^3+42z^2+90z+69,7w^4z^3+42w^3z^2+90w^2z+69w,False,False,"[[ 0 -2 -1  1  1 -1  2 -1  1],[ 2  0  0  1  0  1  2  1  3],[ 1  0  0  1  1  0  1  0  2],[-1 -1 -1  0  1 -2  0 -2  0],[-1  0 -1 -1  0 -1 -1 -1 -1],[ 1 -1  0  2  1  0  2  1  1],[-2 -2 -1  0  1 -2  0 -3 -1],[ 1 -1  0  2  1 -1  3  0  1],[-1 -3 -2  0  1 -1  1 -1  0]]","[[ 0  2  1  1  1 -1 -1 -1 -2],[-2  0  1  0 -1 -1 -2 -3 -2],[-1 -1  0 -1 -1 -1 -1 -1  0],[-1  0  1  0  0 -1 -2 -2 -1],[-1  1  1  0  0 -2 -1 -1 -3],[ 1  1  1  1  2  0  0  0  0],[ 1  2  1  2  1  0  0  1 -1],[ 1  3  1  2  1  0 -1  0 -1],[ 2  2  0  1  3  0  1  1  0]]",True,"[-2,-1,-1,-1,1,1,1,2,-1,0,1,1,2,3,2,1,1,1,1,1,0,0,1,2,2,1,2,1,1,3,0,0,0,-1,1,1]","[-2,-1,-1,-1,1,1,1,2,-1,0,1,1,2,3,2,1,1,1,1,1,0,0,1,2,2,1,2,1,1,3,0,0,0,-1,1,1]",t^8+53t^6+265t^4+202t^2+9,"[-2,-1,-1,-1,1,1,1,2,0,0,1,0,2,3,2,-1,0,1,0,1,1,0,1,0,1,0,0,1,1,2,0,-1,0,-1,1,2]","[-2,-1,-1,-1,1,1,1,2,0,1,2,0,1,2,2,0,1,1,1,0,0,1,0,0,1,2,1,1,1,3,-1,0,0,0,0,1]","[-2,-1,-1,-1,1,1,1,2,0,1,1,0,1,3,2,0,0,1,1,2,1,-1,1,2,1,3,1,2,1,2,-1,-1,-1,0,0,1]",c,"[[{8, 7}, {1, 6}, {4, 5}, {2, 3}]]",0,- 16 K_1^4 + 8 K_1^3 + 16 K_1^2 K_2 - 4 K_1^2 - 8 K_1 K_2 - 4 K_1 K_3 - 2 K_1 + 4 K_2 + 2 K_3 + 5,O1O2O3O4U5U2U3O6U4O7O8U7U8O5U1U6,O1O2O3U4U1U2U5O6O5U3O7O8U7U8O4U6,O1O2O3U4O5U6U7O6O7U1O8O4U8U2U3U5,c,{'O1O2O3O4U5U4O6U7U8O7O8U1O5U2U3U6'},1,"<a href=""/flatknot/8.850920"">8.850920</a>",t^9-53t^7-122t^6+171t^5+454t^4-20t^3-304t^2-99t-28,0,,
8.850921,O1O2O3O4U5U4O6U7U8O7O8U1O5U2U6U3,4,5z^3+39z^2+101z+87,5w^4z^3+39w^3z^2+101w^2z+87w,False,False,"[[ 0 -2 -1  2  1 -1  1 -1  1],[ 2  0  0  2  0  1  1  1  3],[ 1  0  0  2  1  0  0  0  2],[-2 -2 -2  0  1 -2 -1 -3 -1],[-1  0 -1 -1  0 -1 -1 -1 -1],[ 1 -1  0  2  1  0  1  1  1],[-1 -1  0  1  1 -1  0 -2  0],[ 1 -1  0  3  1 -1  2  0  1],[-1 -3 -2  1  1 -1  0 -1  0]]","[[ 0  2  1  1  1 -1 -1 -1 -2],[-2  0  1 -1 -1 -2 -2 -3 -2],[-1 -1  0 -1 -1 -1 -1 -1  0],[-1  1  1  0  0  0 -1 -2 -1],[-1  1  1  0  0 -2 -1 -1 -3],[ 1  2  1  0  2  0  0  0  0],[ 1  2  1  1  1  0  0  1 -1],[ 1  3  1  2  1  0 -1  0 -1],[ 2  2  0  1  3  0  1  1  0]]",True,"[-2,-1,-1,-1,1,1,1,2,-1,1,1,2,2,3,2,1,1,1,1,1,0,0,0,1,2,1,2,1,1,3,0,0,0,-1,1,1]","[-2,-1,-1,-1,1,1,1,2,-1,1,1,2,2,3,2,1,1,1,1,1,0,0,0,1,2,1,2,1,1,3,0,0,0,-1,1,1]",t^8+53t^6+269t^4+206t^2+1,"[-2,-1,-1,-1,1,1,1,2,0,0,1,0,2,3,2,-1,0,1,1,1,1,0,1,0,1,0,0,2,1,1,0,-1,0,-1,0,2]","[-2,-1,-1,-1,1,1,1,2,0,0,2,0,1,1,2,0,1,0,1,2,2,1,1,1,0,0,1,1,1,3,-1,0,0,0,0,1]","[-2,-1,-1,-1,1,1,1,2,0,1,1,0,1,3,2,0,0,1,0,2,2,-1,1,2,1,3,1,1,1,2,-1,-1,-1,0,1,1]",c,"[[{8, 7}, {2, 6}, {4, 5}, {1, 3}], [{8, 7}, {5, 6}, {2, 4}, {1, 3}]]",1,16 K_1^3 + 8 K_1^2 K_2 - 20 K_1^2 - 20 K_1 K_2 - 8 K_1 K_3 - 2 K_1 + 10 K_2 + 6 K_3 + 2 K_4 + 9,O1O2O3O4U2U5U3O6U4O7O8U7U8O5U1U6,O1O2O3U4U1U3U5O6O5U2O7O8U7U8O4U6,O1O2O3U4O5U6U7O6O7U2O8O4U8U1U3U5,c,{'O1O2O3O4U5U4O6U7U8O7O8U1O5U2U6U3'},1,"<a href=""/flatknot/8.850921"">8.850921</a>",t^9-53t^7-136t^6+137t^5+562t^4+171t^3-342t^2-224t-32,0,,
8.850922,O1O2O3O4U5U4O6U7U8O7O8U1O5U3U2U6,3,22z^2+75z+63,4w^5z^2-14w^4z^2+32w^3z^2+75w^2z+63w,False,False,"[[ 0 -2  0  0  1 -1  2 -1  1],[ 2  0  1  0  0  1  2  1  3],[ 0 -1  0  0  1 -1  1 -1  1],[ 0  0  0  0  1 -1  0 -1  1],[-1  0 -1 -1  0 -1 -1 -1 -1],[ 1 -1  1  1  1  0  2  1  1],[-2 -2 -1  0  1 -2  0 -3 -1],[ 1 -1  1  1  1 -1  3  0  1],[-1 -3 -1 -1  1 -1  1 -1  0]]","[[ 0  2  1  1  0  0 -1 -1 -2],[-2  0  1 -1  0 -1 -2 -3 -2],[-1 -1  0 -1 -1 -1 -1 -1  0],[-1  1  1  0 -1 -1 -1 -1 -3],[ 0  0  1  1  0  0 -1 -1  0],[ 0  1  1  1  0  0 -1 -1 -1],[ 1  2  1  1  1  1  0  1 -1],[ 1  3  1  1  1  1 -1  0 -1],[ 2  2  0  3  0  1  1  1  0]]",True,"[-2,-1,-1,0,0,1,1,2,-1,1,0,1,2,3,2,1,1,1,1,1,0,1,1,1,1,3,0,1,1,0,1,1,1,-1,1,1]","[-2,-1,-1,0,0,1,1,2,-1,1,0,1,2,3,2,1,1,1,1,1,0,1,1,1,1,3,0,1,1,0,1,1,1,-1,1,1]",t^8+46t^6+230t^4+157t^2,"[-2,-1,-1,0,0,1,1,2,0,0,1,2,0,3,2,-1,0,0,1,1,1,0,0,1,1,0,0,0,0,1,0,0,2,-1,0,2]","[-2,-1,-1,0,0,1,1,2,0,2,1,2,0,1,2,1,0,0,1,1,0,0,0,1,1,3,0,0,0,1,0,0,2,-1,0,0]","[-2,-1,-1,0,0,1,1,2,1,1,0,1,0,3,2,-1,1,1,1,1,3,1,1,1,1,2,0,1,1,0,1,1,1,-1,-1,1]",c,"[[{8, 7}, {1, 6}, {4, 5}, {2, 3}], [{8, 7}, {1, 6}, {4, 5}, {3}, {2}]]",0,8 K_1^2 K_2 - 6 K_1^2 - 4 K_1 K_2 - 6 K_1 K_3 + 2 K_1 - 2 K_2^2 + 2 K_2 + 2 K_3 + 2 K_4 + 3,O1O2O3O4U5U3U2O6U4O7O8U7U8O5U1U6,O1O2O3U4U2U1U5O6O5U3O7O8U7U8O4U6,O1O2O3U4O5U6U7O6O7U1O8O4U8U3U2U5,c,{'O1O2O3O4U5U4O6U7U8O7O8U1O5U3U2U6'},1,"<a href=""/flatknot/8.850922"">8.850922</a>",t^9-46t^7-140t^6-26t^5+270t^4+295t^3+14t^2-80t,0,,
8.850923,O1O2O3O4U5U4O6U7U8O7O8U1O5U3U6U2,4,2z^3+31z^2+106z+105,2w^4z^3-4w^4z^2+35w^3z^2+106w^2z+105w,False,False,"[[ 0 -2  1  0  1 -1  1 -1  1],[ 2  0  2  0  0  1  1  1  3],[-1 -2  0 -1  1 -1  0 -2  0],[ 0  0  1  0  1 -1  0 -1  1],[-1  0 -1 -1  0 -1 -1 -1 -1],[ 1 -1  1  1  1  0  1  1  1],[-1 -1  0  0  1 -1  0 -2  0],[ 1 -1  2  1  1 -1  2  0  1],[-1 -3  0 -1  1 -1  0 -1  0]]","[[ 0  1  1  1  1  0 -1 -1 -2],[-1  0  1  0  0  0 -1 -2 -1],[-1 -1  0 -1 -1 -1 -1 -1  0],[-1  0  1  0  0 -1 -1 -1 -3],[-1  0  1  0  0 -1 -1 -2 -2],[ 0  0  1  1  1  0 -1 -1  0],[ 1  1  1  1  1  1  0  1 -1],[ 1  2  1  1  2  1 -1  0 -1],[ 2  1  0  3  2  0  1  1  0]]",True,"[-1,-1,-1,-1,0,1,1,2,-1,0,0,0,1,2,1,1,1,1,1,1,0,0,1,1,1,3,1,1,2,2,1,1,0,-1,1,1]","[-2,-1,-1,0,1,1,1,1,0,0,2,0,1,2,3,-1,0,1,1,1,1,0,1,0,0,1,0,0,1,0,0,0,-1,0,-1,-1]",t^8+39t^6+193t^4+133t^2+4,"[-2,-1,-1,0,1,1,1,1,0,0,2,0,1,2,3,-1,0,1,1,1,1,0,1,0,0,1,0,0,1,0,0,0,-1,0,-1,-1]","[-1,-1,-1,-1,0,1,1,2,-1,-1,-1,0,1,1,3,0,0,0,0,1,1,0,0,1,1,0,1,0,1,2,0,0,2,-1,0,0]","[-2,-1,-1,0,1,1,1,1,1,1,0,0,1,2,3,-1,1,1,2,2,1,1,1,1,1,1,1,0,1,1,-1,-1,-1,0,0,0]",c,"[[{8, 7}, {1, 6}, {2, 5}, {3, 4}], [{8, 7}, {3, 6}, {2, 5}, {1, 4}], [{8, 7}, {4, 6}, {2, 5}, {1, 3}]]",1,- 8 K_1^4 + 32 K_1^3 + 12 K_1^2 K_2 - 30 K_1^2 - 32 K_1 K_2 - 4 K_1 K_3 - 8 K_1 - 2 K_2^2 + 15 K_2 + 8 K_3 + K_4 + 17,O1O2O3O4U3U5U2O6U4O7O8U7U8O5U1U6,O1O2O3U4U3U1U5O6O5U2O7O8U7U8O4U6,O1O2O3U4O5U6U7O6O7U2O8O4U8U3U1U5,c,{'O1O2O3O4U5U4O6U7U8O7O8U1O5U3U6U2'},1,"<a href=""/flatknot/8.850923"">8.850923</a>",t^9-41t^7-84t^6+88t^5+264t^4+88t^3-120t^2-72t+4,t^2-2t,,
8.850924,O1O2O3O4U5U4O6U7U8O7O8U1O5U6U2U3,4,5z^3+37z^2+91z+75,-2w^5z^3+7w^4z^3-8w^4z^2+45w^3z^2-6w^3z+97w^2z+75w,False,False,"[[ 0 -2  0  2  1 -1  0 -1  1],[ 2  0  1  2  0  1  0  1  3],[ 0 -1  0  1  1  0 -1 -1  1],[-2 -2 -1  0  1 -2 -1 -3 -1],[-1  0 -1 -1  0 -1 -1 -1 -1],[ 1 -1  0  2  1  0  0  1  1],[ 0  0  1  1  1  0  0 -1  1],[ 1 -1  1  3  1 -1  1  0  1],[-1 -3 -1  1  1 -1 -1 -1  0]]","[[ 0  2  1  1  0  0 -1 -1 -2],[-2  0  1 -1 -1 -1 -2 -3 -2],[-1 -1  0 -1 -1 -1 -1 -1  0],[-1  1  1  0 -1 -1 -1 -1 -3],[ 0  1  1  1  0  1  0 -1  0],[ 0  1  1  1 -1  0  0 -1 -1],[ 1  2  1  1  0  0  0  1 -1],[ 1  3  1  1  1  1 -1  0 -1],[ 2  2  0  3  0  1  1  1  0]]",True,"[-2,-1,-1,0,0,1,1,2,-1,1,1,1,2,3,2,1,1,1,1,1,0,1,1,1,1,3,-1,0,1,0,0,1,1,-1,1,1]","[-2,-1,-1,0,0,1,1,2,-1,1,1,1,2,3,2,1,1,1,1,1,0,1,1,1,1,3,-1,0,1,0,0,1,1,-1,1,1]",t^8+46t^6+237t^4+160t^2+4,"[-2,-1,-1,0,0,1,1,2,0,0,1,2,0,3,2,-1,1,1,1,1,1,0,0,1,1,0,1,0,0,1,0,0,1,-1,0,2]","[-2,-1,-1,0,0,1,1,2,0,2,1,1,0,1,2,1,0,0,1,1,0,0,0,1,1,3,-1,0,1,1,0,1,2,-1,0,0]","[-2,-1,-1,0,0,1,1,2,1,1,0,1,0,3,2,-1,1,1,1,1,3,0,0,1,1,2,1,1,1,1,1,1,1,-1,-1,1]",c,"[[{8, 7}, {2, 6}, {4, 5}, {1, 3}]]",1,- 16 K_1^4 + 16 K_1^3 + 16 K_1^2 K_2 - 12 K_1^2 - 12 K_1 K_2 - 4 K_1 K_3 - 6 K_1 + 8 K_2 + 2 K_3 + 9,O1O2O3O4U2U3U5O6U4O7O8U7U8O5U1U6,O1O2O3U4U2U3U5O6O5U1O7O8U7U8O4U6,O1O2O3U4O5U6U7O6O7U3O8O4U8U1U2U5,c,{'O1O2O3O4U5U4O6U7U8O7O8U1O5U6U2U3'},1,"<a href=""/flatknot/8.850924"">8.850924</a>",t^9-46t^7-140t^6+7t^5+442t^4+450t^3-38t^2-220t-72,0,,
8.850925,O1O2O3O4U5U4O6U7U8O7O8U1O5U6U3U2,4,3z^3+25z^2+69z+63,3w^4z^3-8w^4z^2+33w^3z^2-24w^3z+93w^2z+63w,False,False,"[[ 0 -2  1  1  1 -1  0 -1  1],[ 2  0  2  1  0  1  0  1  3],[-1 -2  0  0  1 -1 -1 -2  0],[-1 -1  0  0  1 -1 -1 -2  0],[-1  0 -1 -1  0 -1 -1 -1 -1],[ 1 -1  1  1  1  0  0  1  1],[ 0  0  1  1  1  0  0 -1  1],[ 1 -1  2  2  1 -1  1  0  1],[-1 -3  0  0  1 -1 -1 -1  0]]","[[ 0  1  1  1  1  0 -1 -1 -2],[-1  0  1  0  0 -1 -1 -1 -3],[-1 -1  0 -1 -1 -1 -1 -1  0],[-1  0  1  0  0 -1 -1 -2 -1],[-1  0  1  0  0 -1 -1 -2 -2],[ 0  1  1  1  1  0  0 -1  0],[ 1  1  1  1  1  0  0  1 -1],[ 1  1  1  2  2  1 -1  0 -1],[ 2  3  0  1  2  0  1  1  0]]",True,"[-1,-1,-1,-1,0,1,1,2,-1,0,0,1,1,1,3,1,1,1,1,1,0,0,1,1,2,1,1,1,2,2,0,1,0,-1,1,1]","[-2,-1,-1,0,1,1,1,1,0,0,2,0,1,2,3,-1,1,1,1,1,1,0,1,0,0,1,0,0,0,0,0,0,-1,0,-1,-1]",t^8+39t^6+176t^4+96t^2,"[-2,-1,-1,0,1,1,1,1,0,0,2,0,1,2,3,-1,1,1,1,1,1,0,1,0,0,1,0,0,0,0,0,0,-1,0,-1,-1]","[-1,-1,-1,-1,0,1,1,2,-1,-1,-1,0,1,1,3,0,0,0,0,1,1,0,0,0,1,2,0,1,1,0,0,1,2,-1,0,0]","[-2,-1,-1,0,1,1,1,1,1,1,0,0,1,2,3,-1,1,1,2,2,1,0,1,1,1,1,1,1,1,1,-1,-1,-1,0,0,0]",c,"[[{8, 1}, {2, 7}, {4, 6}, {3, 5}], [{8, 4}, {2, 7}, {1, 6}, {3, 5}], [{8, 6}, {2, 7}, {3, 5}, {1, 4}], [{8, 7}, {1, 6}, {3, 5}, {2, 4}], [{8, 7}, {2, 6}, {3, 5}, {1, 4}], [{8, 7}, {4, 6}, {3, 5}, {1, 2}]]",1,4 K_1^3 + 8 K_1^2 K_2 - 8 K_1^2 - 8 K_1 K_2 - 6 K_1 K_3 + K_1 - 2 K_2^2 + 3 K_2 + 3 K_3 + 2 K_4 + 4,O1O2O3O4U3U2U5O6U4O7O8U7U8O5U1U6,O1O2O3U4U3U2U5O6O5U1O7O8U7U8O4U6,O1O2O3U4O5U6U7O6O7U3O8O4U8U2U1U5,c,{'O1O2O3O4U5U4O6U7U8O7O8U1O5U6U3U2'},1,"<a href=""/flatknot/8.850925"">8.850925</a>",t^9-41t^7-82t^6+97t^5+314t^4+150t^3-76t^2-33t+2,t^2-2t,,
8.850926,O1O2O3O4U5U4O6U7U8O7O8U2O5U1U3U6,3,21z^2+82z+81,-8w^4z^2+29w^3z^2+82w^2z+81w,False,False,"[[ 0 -2 -1  1  1 -1  2 -1  1],[ 2  0  1  2  1  0  2  1  3],[ 1 -1  0  0  0  0  1  0  2],[-1 -2  0  0  1 -2  0 -2  0],[-1 -1  0 -1  0 -1 -1 -1 -1],[ 1  0  0  2  1  0  2  1  1],[-2 -2 -1  0  1 -2  0 -3 -1],[ 1 -1  0  2  1 -1  3  0  1],[-1 -3 -2  0  1 -1  1 -1  0]]","[[ 0  2  1  1  1 -1 -1 -1 -2],[-2  0  1  0 -1 -1 -2 -3 -2],[-1 -1  0 -1 -1  0 -1 -1 -1],[-1  0  1  0  0  0 -2 -2 -2],[-1  1  1  0  0 -2 -1 -1 -3],[ 1  1  0  0  2  0  0  0 -1],[ 1  2  1  2  1  0  0  1  0],[ 1  3  1  2  1  0 -1  0 -1],[ 2  2  1  2  3  1  0  1  0]]",True,"[-2,-1,-1,-1,1,1,1,2,-1,0,1,1,2,3,2,1,1,0,1,1,1,0,0,2,2,2,2,1,1,3,0,0,1,-1,0,1]","[-2,-1,-1,-1,1,1,1,2,-1,0,1,1,2,3,2,1,1,0,1,1,1,0,0,2,2,2,2,1,1,3,0,0,1,-1,0,1]",t^8+55t^6+288t^4+184t^2,"[-2,-1,-1,-1,1,1,1,2,0,0,1,0,1,2,2,0,0,0,2,2,2,1,1,0,1,0,1,0,1,1,0,-1,0,-1,1,2]","[-2,-1,-1,-1,1,1,1,2,0,1,2,0,1,2,2,0,1,1,1,0,0,1,0,0,2,1,1,1,2,2,-1,0,0,0,1,0]","[-2,-1,-1,-1,1,1,1,2,0,1,1,1,2,3,2,0,1,1,2,1,2,0,0,0,2,1,1,2,1,3,-1,-1,-1,0,0,1]",c,"[[{8, 7}, {1, 6}, {3, 5}, {2, 4}], [{8, 7}, {1, 6}, {4, 5}, {2, 3}]]",1,- 8 K_1^4 + 12 K_1^3 + 20 K_1^2 K_2 - 20 K_1^2 - 16 K_1 K_2 - 12 K_1 K_3 - K_1 - 2 K_2^2 + 10 K_2 + 5 K_3 + 3 K_4 + 10,O1O2O3O4U5U2U4O6U3O7O8U7U8O5U1U6,O1O2O3U1U4U2U5O6O5U3O7O8U7U8O4U6,O1O2O3U4O5U6U7O6O7U1O8O4U8U2U5U3,c,{'O1O2O3O4U5U4O6U7U8O7O8U2O5U1U3U6'},1,"<a href=""/flatknot/8.850926"">8.850926</a>",t^9-55t^7-130t^6+188t^5+702t^4+488t^3+58t^2-8t+8,0,,
8.850927,O1O2O3O4U5U4O6U7U8O7O8U2O5U1U6U3,4,8z^3+52z^2+109z+75,8w^4z^3+52w^3z^2+109w^2z+75w,False,False,"[[ 0 -2 -1  2  1 -1  1 -1  1],[ 2  0  1  3  1  0  1  1  3],[ 1 -1  0  1  0  0  0  0  2],[-2 -3 -1  0  1 -2 -1 -3 -1],[-1 -1  0 -1  0 -1 -1 -1 -1],[ 1  0  0  2  1  0  1  1  1],[-1 -1  0  1  1 -1  0 -2  0],[ 1 -1  0  3  1 -1  2  0  1],[-1 -3 -2  1  1 -1  0 -1  0]]","[[ 0  2  1  1  1 -1 -1 -1 -2],[-2  0  1 -1 -1 -1 -2 -3 -3],[-1 -1  0 -1 -1  0 -1 -1 -1],[-1  1  1  0  0  0 -1 -2 -1],[-1  1  1  0  0 -2 -1 -1 -3],[ 1  1  0  0  2  0  0  0 -1],[ 1  2  1  1  1  0  0  1  0],[ 1  3  1  2  1  0 -1  0 -1],[ 2  3  1  1  3  1  0  1  0]]",True,"[-2,-1,-1,-1,1,1,1,2,-1,1,1,1,2,3,3,1,1,0,1,1,1,0,0,1,2,1,2,1,1,3,0,0,1,-1,0,1]","[-2,-1,-1,-1,1,1,1,2,-1,1,1,1,2,3,3,1,1,0,1,1,1,0,0,1,2,1,2,1,1,3,0,0,1,-1,0,1]",t^8+55t^6+259t^4+153t^2,"[-2,-1,-1,-1,1,1,1,2,0,0,1,0,2,2,1,0,0,0,2,2,2,1,1,0,1,0,1,1,1,1,0,-1,0,-1,0,2]","[-2,-1,-1,-1,1,1,1,2,0,0,2,0,1,2,1,0,1,0,1,2,2,1,1,1,0,0,1,1,2,2,-1,0,0,0,1,0]","[-2,-1,-1,-1,1,1,1,2,0,1,1,1,1,3,3,0,1,1,1,1,2,0,0,0,2,1,1,2,1,3,-1,-1,-1,0,1,1]",c,"[[{8, 7}, {2, 6}, {4, 5}, {1, 3}]]",0,- 24 K_1^4 + 20 K_1^3 + 28 K_1^2 K_2 - 4 K_1^2 - 16 K_1 K_2 - 4 K_1 K_3 - 7 K_1 - 6 K_2^2 + 2 K_2 + 3 K_3 + K_4 + 8,O1O2O3O4U2U5U4O6U3O7O8U7U8O5U1U6,O1O2O3U1U4U3U5O6O5U2O7O8U7U8O4U6,O1O2O3U4O5U6U7O6O7U2O8O4U8U1U5U3,c,{'O1O2O3O4U5U4O6U7U8O7O8U2O5U1U6U3'},1,"<a href=""/flatknot/8.850927"">8.850927</a>",t^9-55t^7-154t^6+105t^5+780t^4+903t^3+370t^2+38t-4,0,,
8.850928,O1O2O3O4U5U4O6U7U8O7O8U2O5U3U1U6,4,4z^3+37z^2+110z+105,4w^4z^3+37w^3z^2+110w^2z+105w,False,False,"[[ 0 -1 -1  0  1 -1  2 -1  1],[ 1  0  0  1  1 -1  2  0  2],[ 1  0  0  0  0  0  1  0  2],[ 0 -1  0  0  1 -1  0 -1  1],[-1 -1  0 -1  0 -1 -1 -1 -1],[ 1  1  0  1  1  0  2  1  1],[-2 -2 -1  0  1 -2  0 -3 -1],[ 1  0  0  1  1 -1  3  0  1],[-1 -2 -2 -1  1 -1  1 -1  0]]","[[ 0  2  1  1  0 -1 -1 -1 -1],[-2  0  1 -1  0 -1 -2 -2 -3],[-1 -1  0 -1 -1  0 -1 -1 -1],[-1  1  1  0 -1 -2 -1 -2 -1],[ 0  0  1  1  0  0 -1 -1 -1],[ 1  1  0  2  0  0  0  0  0],[ 1  2  1  1  1  0  0  1  1],[ 1  2  1  2  1  0 -1  0  0],[ 1  3  1  1  1  0 -1  0  0]]",True,"[-2,-1,-1,0,1,1,1,1,-1,1,0,1,2,2,3,1,1,0,1,1,1,1,2,1,2,1,0,1,1,1,0,0,0,-1,-1,0]","[-2,-1,-1,0,1,1,1,1,-1,1,0,1,2,2,3,1,1,0,1,1,1,1,2,1,2,1,0,1,1,1,0,0,0,-1,-1,0]",t^8+41t^6+178t^4+123t^2+9,"[-1,-1,-1,-1,0,1,1,2,-1,-1,0,0,1,1,1,0,0,0,0,1,1,0,0,1,1,0,1,0,2,2,0,0,2,-1,0,2]","[-2,-1,-1,0,1,1,1,1,0,2,2,0,1,1,2,1,0,1,0,1,0,0,1,1,1,2,0,0,0,1,0,-1,0,-1,0,0]","[-1,-1,-1,-1,0,1,1,2,-1,0,0,1,1,1,3,0,1,1,1,1,2,0,0,0,2,1,1,1,2,2,1,1,0,-1,-1,1]",c,"[[{8, 1}, {2, 7}, {3, 6}, {4, 5}], [{8, 1}, {2, 7}, {4, 6}, {3, 5}], [{8, 1}, {2, 7}, {5, 6}, {3, 4}], [{8, 1}, {2, 7}, {6}, {3, 5}, {4}], [{8, 1}, {2, 7}, {6}, {4, 5}, {3}], [{8, 1}, {2, 7}, {6}, {5}, {3, 4}], [{8, 1}, {3, 7}, {2, 6}, {4, 5}], [{8, 1}, {3, 7}, {4, 6}, {2, 5}], [{8, 1}, {3, 7}, {5, 6}, {2, 4}], [{8, 1}, {4, 7}, {2, 6}, {3, 5}], [{8, 1}, {4, 7}, {3, 6}, {2, 5}], [{8, 1}, {4, 7}, {5, 6}, {2, 3}], [{8, 1}, {5, 7}, {2, 6}, {3, 4}], [{8, 1}, {5, 7}, {3, 6}, {2, 4}], [{8, 1}, {5, 7}, {4, 6}, {2, 3}], [{8, 1}, {5, 7}, {6}, {2, 4}, {3}], [{8, 1}, {6, 7}, {2, 5}, {3, 4}], [{8, 1}, {6, 7}, {2, 5}, {4}, {3}], [{8, 1}, {6, 7}, {3, 5}, {2, 4}], [{8, 1}, {6, 7}, {3, 5}, {4}, {2}], [{8, 1}, {6, 7}, {4, 5}, {2, 3}], [{8, 1}, {6, 7}, {4, 5}, {3}, {2}], [{8, 1}, {6, 7}, {5}, {2, 4}, {3}], [{8, 1}, {6, 7}, {5}, {3, 4}, {2}], [{8, 1}, {6, 7}, {5}, {4}, {2, 3}], [{8, 1}, {7}, {2, 6}, {3, 5}, {4}], [{8, 1}, {7}, {2, 6}, {4, 5}, {3}], [{8, 1}, {7}, {2, 6}, {5}, {3, 4}], [{8, 1}, {7}, {5, 6}, {2, 4}, {3}], [{8, 2}, {1, 7}, {3, 6}, {4, 5}], [{8, 2}, {1, 7}, {4, 6}, {3, 5}], [{8, 2}, {1, 7}, {5, 6}, {3, 4}], [{8, 2}, {1, 7}, {6}, {5}, {3, 4}], [{8, 2}, {3, 7}, {1, 6}, {4, 5}], [{8, 2}, {3, 7}, {4, 6}, {1, 5}], [{8, 2}, {3, 7}, {5, 6}, {1, 4}], [{8, 2}, {3, 7}, {6}, {1, 5}, {4}], [{8, 2}, {3, 7}, {6}, {4, 5}, {1}], [{8, 2}, {3, 7}, {6}, {5}, {1, 4}], [{8, 2}, {4, 7}, {1, 6}, {3, 5}], [{8, 2}, {4, 7}, {3, 6}, {1, 5}], [{8, 2}, {4, 7}, {5, 6}, {1, 3}], [{8, 2}, {5, 7}, {1, 6}, {3, 4}], [{8, 2}, {5, 7}, {1, 6}, {4}, {3}], [{8, 2}, {5, 7}, {3, 6}, {1, 4}], [{8, 2}, {5, 7}, {4, 6}, {1, 3}], [{8, 2}, {5, 7}, {4, 6}, {3}, {1}], [{8, 2}, {5, 7}, {6}, {1, 4}, {3}], [{8, 2}, {6, 7}, {1, 5}, {3, 4}], [{8, 2}, {6, 7}, {3, 5}, {1, 4}], [{8, 2}, {6, 7}, {4, 5}, {1, 3}], [{8, 2}, {6, 7}, {5}, {1, 4}, {3}], [{8, 2}, {6, 7}, {5}, {3, 4}, {1}], [{8, 2}, {6, 7}, {5}, {4}, {1, 3}], [{8, 2}, {7}, {1, 6}, {5}, {3, 4}], [{8, 2}, {7}, {3, 6}, {5}, {1, 4}], [{8, 2}, {7}, {5, 6}, {1, 4}, {3}], [{8, 2}, {7}, {6}, {3, 5}, {1, 4}], [{8, 3}, {1, 7}, {2, 6}, {4, 5}], [{8, 3}, {1, 7}, {4, 6}, {2, 5}], [{8, 3}, {1, 7}, {5, 6}, {2, 4}], [{8, 3}, {1, 7}, {6}, {2, 5}, {4}], [{8, 3}, {2, 7}, {1, 6}, {4, 5}], [{8, 3}, {2, 7}, {4, 6}, {1, 5}], [{8, 3}, {2, 7}, {5, 6}, {1, 4}], [{8, 3}, {4, 7}, {1, 6}, {2, 5}], [{8, 3}, {4, 7}, {2, 6}, {1, 5}], [{8, 3}, {4, 7}, {5, 6}, {1, 2}], [{8, 3}, {5, 7}, {1, 6}, {2, 4}], [{8, 3}, {5, 7}, {2, 6}, {1, 4}], [{8, 3}, {5, 7}, {4, 6}, {1, 2}], [{8, 3}, {6, 7}, {1, 5}, {2, 4}], [{8, 3}, {6, 7}, {2, 5}, {1, 4}], [{8, 3}, {6, 7}, {4, 5}, {1, 2}], [{8, 3}, {7}, {1, 6}, {4, 5}, {2}], [{8, 3}, {7}, {2, 6}, {5}, {1, 4}], [{8, 3}, {7}, {4, 6}, {2, 5}, {1}], [{8, 4}, {1, 7}, {2, 6}, {3, 5}], [{8, 4}, {1, 7}, {3, 6}, {2, 5}], [{8, 4}, {1, 7}, {5, 6}, {2, 3}], [{8, 4}, {2, 7}, {1, 6}, {3, 5}], [{8, 4}, {2, 7}, {3, 6}, {1, 5}], [{8, 4}, {2, 7}, {5, 6}, {1, 3}], [{8, 4}, {2, 7}, {6}, {3, 5}, {1}], [{8, 4}, {3, 7}, {1, 6}, {2, 5}], [{8, 4}, {3, 7}, {2, 6}, {1, 5}], [{8, 4}, {3, 7}, {5, 6}, {1, 2}], [{8, 4}, {5, 7}, {1, 6}, {2, 3}], [{8, 4}, {5, 7}, {2, 6}, {1, 3}], [{8, 4}, {5, 7}, {2, 6}, {3}, {1}], [{8, 4}, {5, 7}, {3, 6}, {1, 2}], [{8, 4}, {6, 7}, {1, 5}, {2, 3}], [{8, 4}, {6, 7}, {2, 5}, {1, 3}], [{8, 4}, {6, 7}, {3, 5}, {1, 2}], [{8, 4}, {7}, {3, 6}, {2, 5}, {1}], [{8, 5}, {1, 7}, {2, 6}, {3, 4}], [{8, 5}, {1, 7}, {3, 6}, {2, 4}], [{8, 5}, {1, 7}, {4, 6}, {2, 3}], [{8, 5}, {2, 7}, {1, 6}, {3, 4}], [{8, 5}, {2, 7}, {3, 6}, {1, 4}], [{8, 5}, {2, 7}, {3, 6}, {4}, {1}], [{8, 5}, {2, 7}, {4, 6}, {1, 3}], [{8, 5}, {3, 7}, {1, 6}, {2, 4}], [{8, 5}, {3, 7}, {2, 6}, {1, 4}], [{8, 5}, {3, 7}, {2, 6}, {4}, {1}], [{8, 5}, {3, 7}, {4, 6}, {1, 2}], [{8, 5}, {4, 7}, {1, 6}, {2, 3}], [{8, 5}, {4, 7}, {2, 6}, {1, 3}], [{8, 5}, {4, 7}, {3, 6}, {1, 2}], [{8, 5}, {6, 7}, {1, 4}, {2, 3}], [{8, 5}, {6, 7}, {2, 4}, {1, 3}], [{8, 5}, {6, 7}, {3, 4}, {1, 2}], [{8, 5}, {6, 7}, {3, 4}, {2}, {1}], [{8, 6}, {1, 7}, {2, 5}, {3, 4}], [{8, 6}, {1, 7}, {3, 5}, {2, 4}], [{8, 6}, {1, 7}, {4, 5}, {2, 3}], [{8, 6}, {1, 7}, {5}, {3, 4}, {2}], [{8, 6}, {2, 7}, {1, 5}, {3, 4}], [{8, 6}, {2, 7}, {3, 5}, {1, 4}], [{8, 6}, {2, 7}, {4, 5}, {1, 3}], [{8, 6}, {2, 7}, {5}, {3, 4}, {1}], [{8, 6}, {3, 7}, {1, 5}, {2, 4}], [{8, 6}, {3, 7}, {2, 5}, {1, 4}], [{8, 6}, {3, 7}, {4, 5}, {1, 2}], [{8, 6}, {3, 7}, {5}, {1, 4}, {2}], [{8, 6}, {4, 7}, {1, 5}, {2, 3}], [{8, 6}, {4, 7}, {2, 5}, {1, 3}], [{8, 6}, {4, 7}, {3, 5}, {1, 2}], [{8, 6}, {4, 7}, {5}, {1, 3}, {2}], [{8, 6}, {5, 7}, {1, 4}, {2, 3}], [{8, 6}, {5, 7}, {2, 4}, {1, 3}], [{8, 6}, {5, 7}, {3, 4}, {1, 2}], [{8, 6}, {5, 7}, {3, 4}, {2}, {1}], [{8, 6}, {7}, {1, 5}, {3, 4}, {2}], [{8, 6}, {7}, {2, 5}, {3, 4}, {1}], [{8, 6}, {7}, {3, 5}, {2, 4}, {1}], [{8, 6}, {7}, {4, 5}, {2, 3}, {1}], [{8, 6}, {7}, {5}, {3, 4}, {1, 2}], [{8, 6}, {7}, {5}, {3, 4}, {2}, {1}], [{8, 7}, {1, 6}, {2, 5}, {3, 4}], [{8, 7}, {1, 6}, {2, 5}, {4}, {3}], [{8, 7}, {1, 6}, {3, 5}, {2, 4}], [{8, 7}, {1, 6}, {3, 5}, {4}, {2}], [{8, 7}, {1, 6}, {4, 5}, {2, 3}], [{8, 7}, {1, 6}, {4, 5}, {3}, {2}], [{8, 7}, {1, 6}, {5}, {2, 4}, {3}], [{8, 7}, {1, 6}, {5}, {3, 4}, {2}], [{8, 7}, {1, 6}, {5}, {4}, {2, 3}], [{8, 7}, {2, 6}, {1, 5}, {3, 4}], [{8, 7}, {2, 6}, {1, 5}, {4}, {3}], [{8, 7}, {2, 6}, {3, 5}, {1, 4}], [{8, 7}, {2, 6}, {3, 5}, {4}, {1}], [{8, 7}, {2, 6}, {4, 5}, {1, 3}], [{8, 7}, {2, 6}, {4, 5}, {3}, {1}], [{8, 7}, {2, 6}, {5}, {1, 4}, {3}], [{8, 7}, {2, 6}, {5}, {3, 4}, {1}], [{8, 7}, {2, 6}, {5}, {4}, {1, 3}], [{8, 7}, {3, 6}, {1, 5}, {2, 4}], [{8, 7}, {3, 6}, {1, 5}, {4}, {2}], [{8, 7}, {3, 6}, {2, 5}, {1, 4}], [{8, 7}, {3, 6}, {2, 5}, {4}, {1}], [{8, 7}, {3, 6}, {4, 5}, {1, 2}], [{8, 7}, {3, 6}, {4, 5}, {2}, {1}], [{8, 7}, {3, 6}, {5}, {1, 4}, {2}], [{8, 7}, {3, 6}, {5}, {2, 4}, {1}], [{8, 7}, {3, 6}, {5}, {4}, {1, 2}], [{8, 7}, {4, 6}, {1, 5}, {2, 3}], [{8, 7}, {4, 6}, {1, 5}, {3}, {2}], [{8, 7}, {4, 6}, {2, 5}, {1, 3}], [{8, 7}, {4, 6}, {2, 5}, {3}, {1}], [{8, 7}, {4, 6}, {3, 5}, {1, 2}], [{8, 7}, {4, 6}, {3, 5}, {2}, {1}], [{8, 7}, {4, 6}, {5}, {1, 3}, {2}], [{8, 7}, {4, 6}, {5}, {2, 3}, {1}], [{8, 7}, {4, 6}, {5}, {3}, {1, 2}], [{8, 7}, {5, 6}, {1, 4}, {2, 3}], [{8, 7}, {5, 6}, {1, 4}, {3}, {2}], [{8, 7}, {5, 6}, {2, 4}, {1, 3}], [{8, 7}, {5, 6}, {2, 4}, {3}, {1}], [{8, 7}, {5, 6}, {3, 4}, {1, 2}], [{8, 7}, {5, 6}, {3, 4}, {2}, {1}], [{8, 7}, {5, 6}, {4}, {1, 3}, {2}], [{8, 7}, {5, 6}, {4}, {2, 3}, {1}], [{8, 7}, {5, 6}, {4}, {3}, {1, 2}], [{8, 7}, {5, 6}, {4}, {3}, {2}, {1}], [{8, 7}, {6}, {1, 5}, {2, 4}, {3}], [{8, 7}, {6}, {1, 5}, {3, 4}, {2}], [{8, 7}, {6}, {1, 5}, {4}, {2, 3}], [{8, 7}, {6}, {2, 5}, {1, 4}, {3}], [{8, 7}, {6}, {2, 5}, {3, 4}, {1}], [{8, 7}, {6}, {2, 5}, {4}, {1, 3}], [{8, 7}, {6}, {3, 5}, {1, 4}, {2}], [{8, 7}, {6}, {3, 5}, {2, 4}, {1}], [{8, 7}, {6}, {3, 5}, {4}, {1, 2}], [{8, 7}, {6}, {4, 5}, {1, 3}, {2}], [{8, 7}, {6}, {4, 5}, {2, 3}, {1}], [{8, 7}, {6}, {4, 5}, {3}, {1, 2}], [{8, 7}, {6}, {5}, {1, 4}, {2, 3}], [{8, 7}, {6}, {5}, {2, 4}, {1, 3}], [{8, 7}, {6}, {5}, {3, 4}, {1, 2}], [{8, 7}, {6}, {5}, {3, 4}, {2}, {1}], [{8}, {1, 7}, {2, 6}, {3, 5}, {4}], [{8}, {1, 7}, {2, 6}, {4, 5}, {3}], [{8}, {1, 7}, {2, 6}, {5}, {3, 4}], [{8}, {1, 7}, {5, 6}, {2, 4}, {3}], [{8}, {2, 7}, {1, 6}, {5}, {3, 4}], [{8}, {2, 7}, {3, 6}, {5}, {1, 4}], [{8}, {2, 7}, {5, 6}, {1, 4}, {3}], [{8}, {2, 7}, {6}, {3, 5}, {1, 4}], [{8}, {3, 7}, {1, 6}, {4, 5}, {2}], [{8}, {3, 7}, {2, 6}, {5}, {1, 4}], [{8}, {3, 7}, {4, 6}, {2, 5}, {1}], [{8}, {4, 7}, {3, 6}, {2, 5}, {1}], [{8}, {6, 7}, {1, 5}, {3, 4}, {2}], [{8}, {6, 7}, {2, 5}, {3, 4}, {1}], [{8}, {6, 7}, {3, 5}, {2, 4}, {1}], [{8}, {6, 7}, {4, 5}, {2, 3}, {1}], [{8}, {6, 7}, {5}, {3, 4}, {1, 2}], [{8}, {6, 7}, {5}, {3, 4}, {2}, {1}]]",2,- 8 K_1^4 + 32 K_1^3 + 12 K_1^2 K_2 - 30 K_1^2 - 32 K_1 K_2 - 4 K_1 K_3 - 8 K_1 - 2 K_2^2 + 15 K_2 + 8 K_3 + K_4 + 17,O1O2O3O4U5U4U2O6U3O7O8U7U8O5U1U6,O1O2O3U2U4U1U5O6O5U3O7O8U7U8O4U6,O1O2O3U4O5U6U7O6O7U1O8O4U8U3U5U2,c,{'O1O2O3O4U5U4O6U7U8O7O8U2O5U3U1U6'},1,"<a href=""/flatknot/8.850928"">8.850928</a>",t^9-39t^7-90t^6+31t^5+166t^4+75t^3-20t^2-34t-10,-t^2+2t,,
8.850929,O1O2O3O4U5U4O6U7U8O7O8U2O5U6U1U3,3,13z^2+66z+81,13w^3z^2+66w^2z+81w,False,False,"[[ 0 -1 -1  2  1 -1  0 -1  1],[ 1  0  0  2  1  0  0  0  2],[ 1  0  0  1  0  0  0  0  2],[-2 -2 -1  0  1 -2 -1 -3 -1],[-1 -1  0 -1  0 -1 -1 -1 -1],[ 1  0  0  2  1  0  0  1  1],[ 0  0  0  1  1  0  0 -1  1],[ 1  0  0  3  1 -1  1  0  1],[-1 -2 -2  1  1 -1 -1 -1  0]]","[[ 0  2  1  1  0 -1 -1 -1 -1],[-2  0  1 -1 -1 -1 -2 -2 -3],[-1 -1  0 -1 -1  0 -1 -1 -1],[-1  1  1  0 -1 -2 -1 -2 -1],[ 0  1  1  1  0  0  0  0 -1],[ 1  1  0  2  0  0  0  0  0],[ 1  2  1  1  0  0  0  0  1],[ 1  2  1  2  0  0  0  0  0],[ 1  3  1  1  1  0 -1  0  0]]",True,"[-2,-1,-1,0,1,1,1,1,-1,1,1,1,2,2,3,1,1,0,1,1,1,1,2,1,2,1,0,0,0,1,0,0,0,0,-1,0]","[-2,-1,-1,0,1,1,1,1,-1,1,1,1,2,2,3,1,1,0,1,1,1,1,2,1,2,1,0,0,0,1,0,0,0,0,-1,0]",t^8+39t^6+151t^4+103t^2,"[-1,-1,-1,-1,0,1,1,2,-1,0,0,1,1,1,1,0,0,0,1,1,0,0,1,0,1,1,1,0,2,2,0,0,1,-1,0,2]","[-2,-1,-1,0,1,1,1,1,0,2,1,0,1,1,2,1,0,1,0,1,0,0,1,1,1,2,0,1,1,1,0,-1,0,0,0,0]","[-1,-1,-1,-1,0,1,1,2,-1,0,0,1,1,1,3,0,0,0,1,1,2,0,0,0,2,1,0,1,2,2,1,1,1,-1,-1,1]",c,"[[{8, 5}, {2, 7}, {4, 6}, {1, 3}], [{8, 7}, {2, 6}, {1, 5}, {3, 4}], [{8, 7}, {2, 6}, {5}, {3, 4}, {1}], [{8, 7}, {4, 6}, {2, 5}, {1, 3}], [{8, 7}, {4, 6}, {3, 5}, {1, 2}]]",1,4 K_1^3 - 14 K_1^2 - 8 K_1 K_2 + K_1 + 7 K_2 + 3 K_3 + 8,O1O2O3O4U2U4U5O6U3O7O8U7U8O5U1U6,O1O2O3U2U4U3U5O6O5U1O7O8U7U8O4U6,O1O2O3U4O5U6U7O6O7U3O8O4U8U1U5U2,c,{'O1O2O3O4U5U4O6U7U8O7O8U2O5U6U1U3'},1,"<a href=""/flatknot/8.850929"">8.850929</a>",t^9-37t^7-70t^6+84t^5+200t^4-4t^3-106t^2-20t+8,-t^2+2t,,
8.850930,O1O2O3O4U5U4O6U7U8O7O8U3O5U1U2U6,4,8z^3+49z^2+106z+81,-2w^5z^3+10w^4z^3-2w^4z^2+51w^3z^2+106w^2z+81w,False,False,"[[ 0 -2  0  0  1 -1  2 -1  1],[ 2  0  1  1  1  0  2  1  3],[ 0 -1  0  1  1 -2  1 -1  1],[ 0 -1 -1  0  0 -1  0 -1  1],[-1 -1 -1  0  0 -1 -1 -1 -1],[ 1  0  2  1  1  0  2  1  1],[-2 -2 -1  0  1 -2  0 -3 -1],[ 1 -1  1  1  1 -1  3  0  1],[-1 -3 -1 -1  1 -1  1 -1  0]]","[[ 0  2  1  1  0  0 -1 -1 -2],[-2  0  1 -1  0 -1 -2 -3 -2],[-1 -1  0 -1  0 -1 -1 -1 -1],[-1  1  1  0 -1 -1 -1 -1 -3],[ 0  0  0  1  0 -1 -1 -1 -1],[ 0  1  1  1  1  0 -2 -1 -1],[ 1  2  1  1  1  2  0  1  0],[ 1  3  1  1  1  1 -1  0 -1],[ 2  2  1  3  1  1  0  1  0]]",True,"[-2,-1,-1,0,0,1,1,2,-1,1,0,1,2,3,2,1,0,1,1,1,1,1,1,1,1,3,1,1,1,1,2,1,1,-1,0,1]","[-2,-1,-1,0,0,1,1,2,-1,1,0,1,2,3,2,1,0,1,1,1,1,1,1,1,1,3,1,1,1,1,2,1,1,-1,0,1]",t^8+50t^6+249t^4+153t^2+9,"[-2,-1,-1,0,0,1,1,2,0,1,1,1,0,2,2,1,0,0,1,1,0,-1,0,1,1,1,-1,0,0,1,0,1,2,-1,0,2]","[-2,-1,-1,0,0,1,1,2,0,2,1,2,0,1,2,1,0,0,1,1,0,0,1,1,1,2,1,0,-1,1,0,0,1,-1,0,1]","[-2,-1,-1,0,0,1,1,2,0,1,1,1,1,3,2,1,1,2,1,1,2,1,1,1,1,3,-1,0,1,0,1,1,1,-1,-1,1]",c,"[[{8, 7}, {1, 6}, {4, 5}, {2, 3}]]",1,- 24 K_1^4 + 20 K_1^3 + 28 K_1^2 K_2 - 12 K_1^2 - 16 K_1 K_2 - 8 K_1 K_3 - 7 K_1 - 2 K_2^2 + 8 K_2 + 3 K_3 + K_4 + 10,O1O2O3O4U5U3U4O6U2O7O8U7U8O5U1U6,O1O2O3U1U2U4U5O6O5U3O7O8U7U8O4U6,O1O2O3U4O5U6U7O6O7U1O8O4U8U5U2U3,c,{'O1O2O3O4U5U4O6U7U8O7O8U3O5U1U2U6'},1,"<a href=""/flatknot/8.850930"">8.850930</a>",t^9-50t^7-154t^6-37t^5+200t^4+45t^3+60t^2+225t+30,0,,
8.850931,O1O2O3O4U5U4O6U7U8O7O8U3O5U1U6U2,4,z^3+23z^2+97z+111,w^4z^3+23w^3z^2+97w^2z+111w,False,False,"[[ 0 -2  1  0  1 -1  1 -1  1],[ 2  0  2  1  1  0  1  1  3],[-1 -2  0  0  1 -2  0 -2  0],[ 0 -1  0  0  0 -1  0 -1  1],[-1 -1 -1  0  0 -1 -1 -1 -1],[ 1  0  2  1  1  0  1  1  1],[-1 -1  0  0  1 -1  0 -2  0],[ 1 -1  2  1  1 -1  2  0  1],[-1 -3  0 -1  1 -1  0 -1  0]]","[[ 0  1  1  1  1  0 -1 -1 -2],[-1  0  1  0  0  0 -1 -2 -1],[-1 -1  0 -1 -1  0 -1 -1 -1],[-1  0  1  0  0  0 -2 -2 -2],[-1  0  1  0  0 -1 -1 -1 -3],[ 0  0  0  0  1  0 -1 -1 -1],[ 1  1  1  2  1  1  0  1  0],[ 1  2  1  2  1  1 -1  0 -1],[ 2  1  1  2  3  1  0  1  0]]",True,"[-1,-1,-1,-1,0,1,1,2,-1,0,0,0,1,2,1,1,1,0,1,1,1,0,0,2,2,2,1,1,1,3,1,1,1,-1,0,1]","[-2,-1,-1,0,1,1,1,1,0,1,1,0,1,2,2,1,0,1,0,0,1,0,1,0,1,1,0,1,1,1,0,0,-1,0,-1,-1]",t^8+41t^6+154t^4+110t^2+4,"[-2,-1,-1,0,1,1,1,1,0,1,1,0,1,2,2,1,0,1,0,0,1,0,1,0,1,1,0,1,1,1,0,0,-1,0,-1,-1]","[-1,-1,-1,-1,0,1,1,2,-1,-1,-1,1,1,1,2,0,0,0,1,1,0,0,1,0,0,1,1,0,1,2,0,0,1,-1,0,1]","[-2,-1,-1,0,1,1,1,1,0,1,1,1,1,2,3,1,1,1,1,2,1,1,1,2,2,1,0,0,0,1,-1,-1,-1,0,0,0]",c,"[[{8, 1}, {2, 7}, {3, 6}, {4, 5}], [{8, 1}, {2, 7}, {4, 6}, {3, 5}], [{8, 1}, {2, 7}, {5, 6}, {3, 4}], [{8, 1}, {2, 7}, {6}, {3, 5}, {4}], [{8, 1}, {3, 7}, {2, 6}, {4, 5}], [{8, 1}, {3, 7}, {4, 6}, {2, 5}], [{8, 1}, {3, 7}, {4, 6}, {5}, {2}], [{8, 1}, {3, 7}, {5, 6}, {2, 4}], [{8, 1}, {4, 7}, {2, 6}, {3, 5}], [{8, 1}, {4, 7}, {3, 6}, {2, 5}], [{8, 1}, {4, 7}, {5, 6}, {2, 3}], [{8, 1}, {5, 7}, {2, 6}, {3, 4}], [{8, 1}, {5, 7}, {3, 6}, {2, 4}], [{8, 1}, {5, 7}, {4, 6}, {2, 3}], [{8, 1}, {5, 7}, {4, 6}, {3}, {2}], [{8, 1}, {6, 7}, {2, 5}, {3, 4}], [{8, 1}, {6, 7}, {2, 5}, {4}, {3}], [{8, 1}, {6, 7}, {3, 5}, {2, 4}], [{8, 1}, {6, 7}, {4, 5}, {2, 3}], [{8, 1}, {6, 7}, {5}, {3, 4}, {2}], [{8, 1}, {7}, {4, 6}, {3, 5}, {2}], [{8, 2}, {1, 7}, {3, 6}, {4, 5}], [{8, 2}, {1, 7}, {4, 6}, {3, 5}], [{8, 2}, {1, 7}, {5, 6}, {3, 4}], [{8, 2}, {3, 7}, {1, 6}, {4, 5}], [{8, 2}, {3, 7}, {4, 6}, {1, 5}], [{8, 2}, {3, 7}, {5, 6}, {1, 4}], [{8, 2}, {3, 7}, {6}, {1, 5}, {4}], [{8, 2}, {4, 7}, {1, 6}, {3, 5}], [{8, 2}, {4, 7}, {3, 6}, {1, 5}], [{8, 2}, {4, 7}, {5, 6}, {1, 3}], [{8, 2}, {4, 7}, {6}, {3, 5}, {1}], [{8, 2}, {5, 7}, {1, 6}, {3, 4}], [{8, 2}, {5, 7}, {1, 6}, {4}, {3}], [{8, 2}, {5, 7}, {3, 6}, {1, 4}], [{8, 2}, {5, 7}, {4, 6}, {1, 3}], [{8, 2}, {6, 7}, {1, 5}, {3, 4}], [{8, 2}, {6, 7}, {3, 5}, {1, 4}], [{8, 2}, {6, 7}, {4, 5}, {1, 3}], [{8, 2}, {6, 7}, {5}, {1, 4}, {3}], [{8, 3}, {1, 7}, {2, 6}, {4, 5}], [{8, 3}, {1, 7}, {4, 6}, {2, 5}], [{8, 3}, {1, 7}, {5, 6}, {2, 4}], [{8, 3}, {1, 7}, {5, 6}, {4}, {2}], [{8, 3}, {2, 7}, {1, 6}, {4, 5}], [{8, 3}, {2, 7}, {4, 6}, {1, 5}], [{8, 3}, {2, 7}, {5, 6}, {1, 4}], [{8, 3}, {2, 7}, {6}, {1, 5}, {4}], [{8, 3}, {4, 7}, {1, 6}, {2, 5}], [{8, 3}, {4, 7}, {2, 6}, {1, 5}], [{8, 3}, {4, 7}, {5, 6}, {1, 2}], [{8, 3}, {4, 7}, {6}, {1, 5}, {2}], [{8, 3}, {5, 7}, {1, 6}, {2, 4}], [{8, 3}, {5, 7}, {1, 6}, {4}, {2}], [{8, 3}, {5, 7}, {2, 6}, {1, 4}], [{8, 3}, {5, 7}, {4, 6}, {1, 2}], [{8, 3}, {6, 7}, {1, 5}, {2, 4}], [{8, 3}, {6, 7}, {1, 5}, {4}, {2}], [{8, 3}, {6, 7}, {2, 5}, {1, 4}], [{8, 3}, {6, 7}, {2, 5}, {4}, {1}], [{8, 3}, {6, 7}, {4, 5}, {1, 2}], [{8, 3}, {6, 7}, {4, 5}, {2}, {1}], [{8, 3}, {6, 7}, {5}, {1, 4}, {2}], [{8, 3}, {6, 7}, {5}, {2, 4}, {1}], [{8, 3}, {6, 7}, {5}, {4}, {1, 2}], [{8, 3}, {6, 7}, {5}, {4}, {2}, {1}], [{8, 3}, {7}, {2, 6}, {1, 5}, {4}], [{8, 3}, {7}, {4, 6}, {1, 5}, {2}], [{8, 3}, {7}, {6}, {1, 5}, {2, 4}], [{8, 3}, {7}, {6}, {1, 5}, {4}, {2}], [{8, 4}, {1, 7}, {2, 6}, {3, 5}], [{8, 4}, {1, 7}, {2, 6}, {5}, {3}], [{8, 4}, {1, 7}, {3, 6}, {2, 5}], [{8, 4}, {1, 7}, {5, 6}, {2, 3}], [{8, 4}, {2, 7}, {1, 6}, {3, 5}], [{8, 4}, {2, 7}, {3, 6}, {1, 5}], [{8, 4}, {2, 7}, {5, 6}, {1, 3}], [{8, 4}, {3, 7}, {1, 6}, {2, 5}], [{8, 4}, {3, 7}, {2, 6}, {1, 5}], [{8, 4}, {3, 7}, {5, 6}, {1, 2}], [{8, 4}, {3, 7}, {6}, {1, 5}, {2}], [{8, 4}, {5, 7}, {1, 6}, {2, 3}], [{8, 4}, {5, 7}, {2, 6}, {1, 3}], [{8, 4}, {5, 7}, {3, 6}, {1, 2}], [{8, 4}, {6, 7}, {1, 5}, {2, 3}], [{8, 4}, {6, 7}, {2, 5}, {1, 3}], [{8, 4}, {6, 7}, {2, 5}, {3}, {1}], [{8, 4}, {6, 7}, {3, 5}, {1, 2}], [{8, 4}, {6, 7}, {5}, {1, 3}, {2}], [{8, 4}, {7}, {1, 6}, {3, 5}, {2}], [{8, 5}, {1, 7}, {2, 6}, {3, 4}], [{8, 5}, {1, 7}, {3, 6}, {2, 4}], [{8, 5}, {1, 7}, {4, 6}, {2, 3}], [{8, 5}, {2, 7}, {1, 6}, {3, 4}], [{8, 5}, {2, 7}, {3, 6}, {1, 4}], [{8, 5}, {2, 7}, {4, 6}, {1, 3}], [{8, 5}, {3, 7}, {1, 6}, {2, 4}], [{8, 5}, {3, 7}, {2, 6}, {1, 4}], [{8, 5}, {3, 7}, {4, 6}, {1, 2}], [{8, 5}, {3, 7}, {4, 6}, {2}, {1}], [{8, 5}, {4, 7}, {1, 6}, {2, 3}], [{8, 5}, {4, 7}, {2, 6}, {1, 3}], [{8, 5}, {4, 7}, {3, 6}, {1, 2}], [{8, 5}, {6, 7}, {1, 4}, {2, 3}], [{8, 5}, {6, 7}, {1, 4}, {3}, {2}], [{8, 5}, {6, 7}, {2, 4}, {1, 3}], [{8, 5}, {6, 7}, {2, 4}, {3}, {1}], [{8, 5}, {6, 7}, {3, 4}, {1, 2}], [{8, 5}, {6, 7}, {4}, {3}, {1, 2}], [{8, 5}, {7}, {1, 6}, {4}, {2, 3}], [{8, 6}, {1, 7}, {2, 5}, {3, 4}], [{8, 6}, {1, 7}, {3, 5}, {2, 4}], [{8, 6}, {1, 7}, {4, 5}, {2, 3}], [{8, 6}, {2, 7}, {1, 5}, {3, 4}], [{8, 6}, {2, 7}, {3, 5}, {1, 4}], [{8, 6}, {2, 7}, {4, 5}, {1, 3}], [{8, 6}, {2, 7}, {5}, {1, 4}, {3}], [{8, 6}, {3, 7}, {1, 5}, {2, 4}], [{8, 6}, {3, 7}, {1, 5}, {4}, {2}], [{8, 6}, {3, 7}, {2, 5}, {1, 4}], [{8, 6}, {3, 7}, {4, 5}, {1, 2}], [{8, 6}, {3, 7}, {4, 5}, {2}, {1}], [{8, 6}, {3, 7}, {5}, {1, 4}, {2}], [{8, 6}, {4, 7}, {1, 5}, {2, 3}], [{8, 6}, {4, 7}, {2, 5}, {1, 3}], [{8, 6}, {4, 7}, {3, 5}, {1, 2}], [{8, 6}, {5, 7}, {1, 4}, {2, 3}], [{8, 6}, {5, 7}, {1, 4}, {3}, {2}], [{8, 6}, {5, 7}, {2, 4}, {1, 3}], [{8, 6}, {5, 7}, {3, 4}, {1, 2}], [{8, 6}, {7}, {2, 5}, {1, 4}, {3}], [{8, 6}, {7}, {2, 5}, {3, 4}, {1}], [{8, 6}, {7}, {2, 5}, {4}, {1, 3}], [{8, 6}, {7}, {3, 5}, {1, 4}, {2}], [{8, 6}, {7}, {3, 5}, {2, 4}, {1}], [{8, 6}, {7}, {3, 5}, {4}, {1, 2}], [{8, 6}, {7}, {5}, {1, 4}, {2, 3}], [{8, 6}, {7}, {5}, {1, 4}, {3}, {2}], [{8, 7}, {1, 6}, {2, 5}, {3, 4}], [{8, 7}, {1, 6}, {2, 5}, {4}, {3}], [{8, 7}, {1, 6}, {3, 5}, {2, 4}], [{8, 7}, {1, 6}, {3, 5}, {4}, {2}], [{8, 7}, {1, 6}, {4, 5}, {2, 3}], [{8, 7}, {1, 6}, {4, 5}, {3}, {2}], [{8, 7}, {1, 6}, {5}, {2, 4}, {3}], [{8, 7}, {1, 6}, {5}, {3, 4}, {2}], [{8, 7}, {1, 6}, {5}, {4}, {2, 3}], [{8, 7}, {2, 6}, {1, 5}, {3, 4}], [{8, 7}, {2, 6}, {1, 5}, {4}, {3}], [{8, 7}, {2, 6}, {3, 5}, {1, 4}], [{8, 7}, {2, 6}, {3, 5}, {4}, {1}], [{8, 7}, {2, 6}, {4, 5}, {1, 3}], [{8, 7}, {2, 6}, {4, 5}, {3}, {1}], [{8, 7}, {2, 6}, {5}, {1, 4}, {3}], [{8, 7}, {2, 6}, {5}, {3, 4}, {1}], [{8, 7}, {2, 6}, {5}, {4}, {1, 3}], [{8, 7}, {3, 6}, {1, 5}, {2, 4}], [{8, 7}, {3, 6}, {1, 5}, {4}, {2}], [{8, 7}, {3, 6}, {2, 5}, {1, 4}], [{8, 7}, {3, 6}, {2, 5}, {4}, {1}], [{8, 7}, {3, 6}, {4, 5}, {1, 2}], [{8, 7}, {3, 6}, {4, 5}, {2}, {1}], [{8, 7}, {3, 6}, {5}, {1, 4}, {2}], [{8, 7}, {3, 6}, {5}, {2, 4}, {1}], [{8, 7}, {3, 6}, {5}, {4}, {1, 2}], [{8, 7}, {3, 6}, {5}, {4}, {2}, {1}], [{8, 7}, {4, 6}, {1, 5}, {2, 3}], [{8, 7}, {4, 6}, {1, 5}, {3}, {2}], [{8, 7}, {4, 6}, {2, 5}, {1, 3}], [{8, 7}, {4, 6}, {2, 5}, {3}, {1}], [{8, 7}, {4, 6}, {3, 5}, {1, 2}], [{8, 7}, {4, 6}, {3, 5}, {2}, {1}], [{8, 7}, {4, 6}, {5}, {1, 3}, {2}], [{8, 7}, {4, 6}, {5}, {2, 3}, {1}], [{8, 7}, {4, 6}, {5}, {3}, {1, 2}], [{8, 7}, {5, 6}, {1, 4}, {2, 3}], [{8, 7}, {5, 6}, {1, 4}, {3}, {2}], [{8, 7}, {5, 6}, {2, 4}, {1, 3}], [{8, 7}, {5, 6}, {2, 4}, {3}, {1}], [{8, 7}, {5, 6}, {3, 4}, {1, 2}], [{8, 7}, {5, 6}, {3, 4}, {2}, {1}], [{8, 7}, {5, 6}, {4}, {1, 3}, {2}], [{8, 7}, {5, 6}, {4}, {2, 3}, {1}], [{8, 7}, {5, 6}, {4}, {3}, {1, 2}], [{8, 7}, {6}, {1, 5}, {2, 4}, {3}], [{8, 7}, {6}, {1, 5}, {3, 4}, {2}], [{8, 7}, {6}, {1, 5}, {4}, {2, 3}], [{8, 7}, {6}, {1, 5}, {4}, {3}, {2}], [{8, 7}, {6}, {2, 5}, {1, 4}, {3}], [{8, 7}, {6}, {2, 5}, {3, 4}, {1}], [{8, 7}, {6}, {2, 5}, {4}, {1, 3}], [{8, 7}, {6}, {3, 5}, {1, 4}, {2}], [{8, 7}, {6}, {3, 5}, {2, 4}, {1}], [{8, 7}, {6}, {3, 5}, {4}, {1, 2}], [{8, 7}, {6}, {4, 5}, {1, 3}, {2}], [{8, 7}, {6}, {4, 5}, {2, 3}, {1}], [{8, 7}, {6}, {4, 5}, {3}, {1, 2}], [{8, 7}, {6}, {4, 5}, {3}, {2}, {1}], [{8, 7}, {6}, {5}, {1, 4}, {2, 3}], [{8, 7}, {6}, {5}, {1, 4}, {3}, {2}], [{8, 7}, {6}, {5}, {2, 4}, {1, 3}], [{8, 7}, {6}, {5}, {3, 4}, {1, 2}], [{8}, {1, 7}, {4, 6}, {3, 5}, {2}], [{8}, {3, 7}, {2, 6}, {1, 5}, {4}], [{8}, {3, 7}, {4, 6}, {1, 5}, {2}], [{8}, {3, 7}, {6}, {1, 5}, {2, 4}], [{8}, {3, 7}, {6}, {1, 5}, {4}, {2}], [{8}, {4, 7}, {1, 6}, {3, 5}, {2}], [{8}, {5, 7}, {1, 6}, {4}, {2, 3}], [{8}, {6, 7}, {2, 5}, {1, 4}, {3}], [{8}, {6, 7}, {2, 5}, {3, 4}, {1}], [{8}, {6, 7}, {2, 5}, {4}, {1, 3}], [{8}, {6, 7}, {3, 5}, {1, 4}, {2}], [{8}, {6, 7}, {3, 5}, {2, 4}, {1}], [{8}, {6, 7}, {3, 5}, {4}, {1, 2}], [{8}, {6, 7}, {5}, {1, 4}, {2, 3}], [{8}, {6, 7}, {5}, {1, 4}, {3}, {2}]]",2,- 8 K_1^4 + 24 K_1^3 + 20 K_1^2 K_2 - 26 K_1^2 - 28 K_1 K_2 - 12 K_1 K_3 - 4 K_1 - 2 K_2^2 + 13 K_2 + 8 K_3 + 3 K_4 + 13,O1O2O3O4U3U5U4O6U2O7O8U7U8O5U1U6,O1O2O3U1U3U4U5O6O5U2O7O8U7U8O4U6,O1O2O3U4O5U6U7O6O7U2O8O4U8U5U1U3,c,{'O1O2O3O4U5U4O6U7U8O7O8U3O5U1U6U2'},1,"<a href=""/flatknot/8.850931"">8.850931</a>",t^9-43t^7-80t^6+95t^5+180t^4-10t^3+46t^2+41t-10,t^2-2t,,
8.850932,O1O2O3O4U5U4O6U7U8O7O8U3O5U2U1U6,4,7z^3+49z^2+113z+87,7w^4z^3+49w^3z^2+113w^2z+87w,False,False,"[[ 0 -1 -1  0  1 -1  2 -1  1],[ 1  0  0  1  1 -1  2  0  2],[ 1  0  0  1  1 -1  1  0  2],[ 0 -1 -1  0  0 -1  0 -1  1],[-1 -1 -1  0  0 -1 -1 -1 -1],[ 1  1  1  1  1  0  2  1  1],[-2 -2 -1  0  1 -2  0 -3 -1],[ 1  0  0  1  1 -1  3  0  1],[-1 -2 -2 -1  1 -1  1 -1  0]]","[[ 0  2  1  1  0 -1 -1 -1 -1],[-2  0  1 -1  0 -1 -2 -2 -3],[-1 -1  0 -1  0 -1 -1 -1 -1],[-1  1  1  0 -1 -2 -1 -2 -1],[ 0  0  0  1  0 -1 -1 -1 -1],[ 1  1  1  2  1  0 -1  0  0],[ 1  2  1  1  1  1  0  1  1],[ 1  2  1  2  1  0 -1  0  0],[ 1  3  1  1  1  0 -1  0  0]]",True,"[-2,-1,-1,0,1,1,1,1,-1,1,0,1,2,2,3,1,0,1,1,1,1,1,2,1,2,1,1,1,1,1,1,0,0,-1,-1,0]","[-2,-1,-1,0,1,1,1,1,-1,1,0,1,2,2,3,1,0,1,1,1,1,1,2,1,2,1,1,1,1,1,1,0,0,-1,-1,0]",t^8+43t^6+176t^4+84t^2,"[-1,-1,-1,-1,0,1,1,2,-1,-1,-1,0,1,1,1,0,0,0,0,1,1,0,0,0,1,2,0,1,1,0,0,1,2,-1,0,2]","[-2,-1,-1,0,1,1,1,1,0,2,2,0,1,1,2,1,0,1,0,1,0,1,1,1,1,1,0,0,0,0,0,-1,0,-1,0,1]","[-1,-1,-1,-1,0,1,1,2,-1,0,0,1,1,1,3,1,1,1,1,1,2,0,1,1,2,1,1,1,2,2,0,1,0,-1,-1,1]",c,"[[{8, 1}, {2, 7}, {3, 6}, {4, 5}], [{8, 1}, {2, 7}, {4, 6}, {3, 5}], [{8, 1}, {2, 7}, {5, 6}, {3, 4}], [{8, 1}, {2, 7}, {6}, {4, 5}, {3}], [{8, 1}, {3, 7}, {2, 6}, {4, 5}], [{8, 1}, {3, 7}, {4, 6}, {2, 5}], [{8, 1}, {3, 7}, {5, 6}, {2, 4}], [{8, 1}, {3, 7}, {6}, {2, 5}, {4}], [{8, 1}, {4, 7}, {2, 6}, {3, 5}], [{8, 1}, {4, 7}, {3, 6}, {2, 5}], [{8, 1}, {4, 7}, {5, 6}, {2, 3}], [{8, 1}, {5, 7}, {2, 6}, {3, 4}], [{8, 1}, {5, 7}, {3, 6}, {2, 4}], [{8, 1}, {5, 7}, {4, 6}, {2, 3}], [{8, 1}, {5, 7}, {6}, {2, 4}, {3}], [{8, 1}, {6, 7}, {2, 5}, {3, 4}], [{8, 1}, {6, 7}, {2, 5}, {4}, {3}], [{8, 1}, {6, 7}, {3, 5}, {2, 4}], [{8, 1}, {6, 7}, {3, 5}, {4}, {2}], [{8, 1}, {6, 7}, {4, 5}, {2, 3}], [{8, 1}, {6, 7}, {4, 5}, {3}, {2}], [{8, 1}, {6, 7}, {5}, {2, 4}, {3}], [{8, 1}, {6, 7}, {5}, {3, 4}, {2}], [{8, 1}, {6, 7}, {5}, {4}, {2, 3}], [{8, 1}, {7}, {2, 6}, {4, 5}, {3}], [{8, 1}, {7}, {3, 6}, {2, 5}, {4}], [{8, 1}, {7}, {5, 6}, {2, 4}, {3}], [{8, 2}, {1, 7}, {3, 6}, {4, 5}], [{8, 2}, {1, 7}, {4, 6}, {3, 5}], [{8, 2}, {1, 7}, {5, 6}, {3, 4}], [{8, 2}, {3, 7}, {1, 6}, {4, 5}], [{8, 2}, {3, 7}, {4, 6}, {1, 5}], [{8, 2}, {3, 7}, {5, 6}, {1, 4}], [{8, 2}, {3, 7}, {5, 6}, {4}, {1}], [{8, 2}, {4, 7}, {1, 6}, {3, 5}], [{8, 2}, {4, 7}, {3, 6}, {1, 5}], [{8, 2}, {4, 7}, {5, 6}, {1, 3}], [{8, 2}, {4, 7}, {6}, {3, 5}, {1}], [{8, 2}, {5, 7}, {1, 6}, {3, 4}], [{8, 2}, {5, 7}, {3, 6}, {1, 4}], [{8, 2}, {5, 7}, {4, 6}, {1, 3}], [{8, 2}, {6, 7}, {1, 5}, {3, 4}], [{8, 2}, {6, 7}, {3, 5}, {1, 4}], [{8, 2}, {6, 7}, {3, 5}, {4}, {1}], [{8, 2}, {6, 7}, {4, 5}, {1, 3}], [{8, 2}, {7}, {1, 6}, {5}, {3, 4}], [{8, 2}, {7}, {3, 6}, {5}, {1, 4}], [{8, 2}, {7}, {4, 6}, {3, 5}, {1}], [{8, 3}, {1, 7}, {2, 6}, {4, 5}], [{8, 3}, {1, 7}, {4, 6}, {2, 5}], [{8, 3}, {1, 7}, {5, 6}, {2, 4}], [{8, 3}, {1, 7}, {5, 6}, {4}, {2}], [{8, 3}, {2, 7}, {1, 6}, {4, 5}], [{8, 3}, {2, 7}, {4, 6}, {1, 5}], [{8, 3}, {2, 7}, {5, 6}, {1, 4}], [{8, 3}, {2, 7}, {6}, {1, 5}, {4}], [{8, 3}, {4, 7}, {1, 6}, {2, 5}], [{8, 3}, {4, 7}, {2, 6}, {1, 5}], [{8, 3}, {4, 7}, {5, 6}, {1, 2}], [{8, 3}, {4, 7}, {5, 6}, {2}, {1}], [{8, 3}, {5, 7}, {1, 6}, {2, 4}], [{8, 3}, {5, 7}, {2, 6}, {1, 4}], [{8, 3}, {5, 7}, {4, 6}, {1, 2}], [{8, 3}, {5, 7}, {6}, {1, 4}, {2}], [{8, 3}, {6, 7}, {1, 5}, {2, 4}], [{8, 3}, {6, 7}, {2, 5}, {1, 4}], [{8, 3}, {6, 7}, {4, 5}, {1, 2}], [{8, 3}, {6, 7}, {5}, {1, 4}, {2}], [{8, 3}, {6, 7}, {5}, {2, 4}, {1}], [{8, 3}, {6, 7}, {5}, {4}, {1, 2}], [{8, 3}, {7}, {5, 6}, {1, 4}, {2}], [{8, 4}, {1, 7}, {2, 6}, {3, 5}], [{8, 4}, {1, 7}, {3, 6}, {2, 5}], [{8, 4}, {1, 7}, {5, 6}, {2, 3}], [{8, 4}, {2, 7}, {1, 6}, {3, 5}], [{8, 4}, {2, 7}, {3, 6}, {1, 5}], [{8, 4}, {2, 7}, {5, 6}, {1, 3}], [{8, 4}, {2, 7}, {6}, {3, 5}, {1}], [{8, 4}, {3, 7}, {1, 6}, {2, 5}], [{8, 4}, {3, 7}, {2, 6}, {1, 5}], [{8, 4}, {3, 7}, {5, 6}, {1, 2}], [{8, 4}, {5, 7}, {1, 6}, {2, 3}], [{8, 4}, {5, 7}, {2, 6}, {1, 3}], [{8, 4}, {5, 7}, {3, 6}, {1, 2}], [{8, 4}, {5, 7}, {3, 6}, {2}, {1}], [{8, 4}, {6, 7}, {1, 5}, {2, 3}], [{8, 4}, {6, 7}, {2, 5}, {1, 3}], [{8, 4}, {6, 7}, {3, 5}, {1, 2}], [{8, 4}, {6, 7}, {3, 5}, {2}, {1}], [{8, 4}, {7}, {2, 6}, {3, 5}, {1}], [{8, 5}, {1, 7}, {2, 6}, {3, 4}], [{8, 5}, {1, 7}, {3, 6}, {2, 4}], [{8, 5}, {1, 7}, {4, 6}, {2, 3}], [{8, 5}, {1, 7}, {6}, {2, 4}, {3}], [{8, 5}, {2, 7}, {1, 6}, {3, 4}], [{8, 5}, {2, 7}, {3, 6}, {1, 4}], [{8, 5}, {2, 7}, {3, 6}, {4}, {1}], [{8, 5}, {2, 7}, {4, 6}, {1, 3}], [{8, 5}, {2, 7}, {6}, {1, 4}, {3}], [{8, 5}, {3, 7}, {1, 6}, {2, 4}], [{8, 5}, {3, 7}, {2, 6}, {1, 4}], [{8, 5}, {3, 7}, {4, 6}, {1, 2}], [{8, 5}, {4, 7}, {1, 6}, {2, 3}], [{8, 5}, {4, 7}, {2, 6}, {1, 3}], [{8, 5}, {4, 7}, {3, 6}, {1, 2}], [{8, 5}, {6, 7}, {1, 4}, {2, 3}], [{8, 5}, {6, 7}, {1, 4}, {3}, {2}], [{8, 5}, {6, 7}, {2, 4}, {1, 3}], [{8, 5}, {6, 7}, {2, 4}, {3}, {1}], [{8, 5}, {6, 7}, {3, 4}, {1, 2}], [{8, 5}, {6, 7}, {4}, {3}, {1, 2}], [{8, 5}, {7}, {1, 6}, {2, 4}, {3}], [{8, 5}, {7}, {2, 6}, {1, 4}, {3}], [{8, 6}, {1, 7}, {2, 5}, {3, 4}], [{8, 6}, {1, 7}, {3, 5}, {2, 4}], [{8, 6}, {1, 7}, {3, 5}, {4}, {2}], [{8, 6}, {1, 7}, {4, 5}, {2, 3}], [{8, 6}, {1, 7}, {5}, {2, 4}, {3}], [{8, 6}, {2, 7}, {1, 5}, {3, 4}], [{8, 6}, {2, 7}, {3, 5}, {1, 4}], [{8, 6}, {2, 7}, {3, 5}, {4}, {1}], [{8, 6}, {2, 7}, {4, 5}, {1, 3}], [{8, 6}, {3, 7}, {1, 5}, {2, 4}], [{8, 6}, {3, 7}, {2, 5}, {1, 4}], [{8, 6}, {3, 7}, {4, 5}, {1, 2}], [{8, 6}, {3, 7}, {5}, {2, 4}, {1}], [{8, 6}, {4, 7}, {1, 5}, {2, 3}], [{8, 6}, {4, 7}, {2, 5}, {1, 3}], [{8, 6}, {4, 7}, {3, 5}, {1, 2}], [{8, 6}, {4, 7}, {3, 5}, {2}, {1}], [{8, 6}, {5, 7}, {1, 4}, {2, 3}], [{8, 6}, {5, 7}, {2, 4}, {1, 3}], [{8, 6}, {5, 7}, {2, 4}, {3}, {1}], [{8, 6}, {5, 7}, {3, 4}, {1, 2}], [{8, 6}, {7}, {1, 5}, {2, 4}, {3}], [{8, 6}, {7}, {2, 5}, {3, 4}, {1}], [{8, 6}, {7}, {3, 5}, {1, 4}, {2}], [{8, 6}, {7}, {3, 5}, {2, 4}, {1}], [{8, 6}, {7}, {3, 5}, {4}, {1, 2}], [{8, 6}, {7}, {3, 5}, {4}, {2}, {1}], [{8, 6}, {7}, {4, 5}, {2, 3}, {1}], [{8, 6}, {7}, {5}, {2, 4}, {1, 3}], [{8, 6}, {7}, {5}, {2, 4}, {3}, {1}], [{8, 7}, {1, 6}, {2, 5}, {3, 4}], [{8, 7}, {1, 6}, {2, 5}, {4}, {3}], [{8, 7}, {1, 6}, {3, 5}, {2, 4}], [{8, 7}, {1, 6}, {3, 5}, {4}, {2}], [{8, 7}, {1, 6}, {4, 5}, {2, 3}], [{8, 7}, {1, 6}, {4, 5}, {3}, {2}], [{8, 7}, {1, 6}, {5}, {2, 4}, {3}], [{8, 7}, {1, 6}, {5}, {3, 4}, {2}], [{8, 7}, {1, 6}, {5}, {4}, {2, 3}], [{8, 7}, {2, 6}, {1, 5}, {3, 4}], [{8, 7}, {2, 6}, {1, 5}, {4}, {3}], [{8, 7}, {2, 6}, {3, 5}, {1, 4}], [{8, 7}, {2, 6}, {3, 5}, {4}, {1}], [{8, 7}, {2, 6}, {4, 5}, {1, 3}], [{8, 7}, {2, 6}, {4, 5}, {3}, {1}], [{8, 7}, {2, 6}, {5}, {1, 4}, {3}], [{8, 7}, {2, 6}, {5}, {3, 4}, {1}], [{8, 7}, {2, 6}, {5}, {4}, {1, 3}], [{8, 7}, {2, 6}, {5}, {4}, {3}, {1}], [{8, 7}, {3, 6}, {1, 5}, {2, 4}], [{8, 7}, {3, 6}, {1, 5}, {4}, {2}], [{8, 7}, {3, 6}, {2, 5}, {1, 4}], [{8, 7}, {3, 6}, {2, 5}, {4}, {1}], [{8, 7}, {3, 6}, {4, 5}, {1, 2}], [{8, 7}, {3, 6}, {4, 5}, {2}, {1}], [{8, 7}, {3, 6}, {5}, {1, 4}, {2}], [{8, 7}, {3, 6}, {5}, {2, 4}, {1}], [{8, 7}, {3, 6}, {5}, {4}, {1, 2}], [{8, 7}, {4, 6}, {1, 5}, {2, 3}], [{8, 7}, {4, 6}, {1, 5}, {3}, {2}], [{8, 7}, {4, 6}, {2, 5}, {1, 3}], [{8, 7}, {4, 6}, {2, 5}, {3}, {1}], [{8, 7}, {4, 6}, {3, 5}, {1, 2}], [{8, 7}, {4, 6}, {3, 5}, {2}, {1}], [{8, 7}, {4, 6}, {5}, {1, 3}, {2}], [{8, 7}, {4, 6}, {5}, {2, 3}, {1}], [{8, 7}, {4, 6}, {5}, {3}, {1, 2}], [{8, 7}, {4, 6}, {5}, {3}, {2}, {1}], [{8, 7}, {5, 6}, {1, 4}, {2, 3}], [{8, 7}, {5, 6}, {1, 4}, {3}, {2}], [{8, 7}, {5, 6}, {2, 4}, {1, 3}], [{8, 7}, {5, 6}, {2, 4}, {3}, {1}], [{8, 7}, {5, 6}, {3, 4}, {1, 2}], [{8, 7}, {5, 6}, {3, 4}, {2}, {1}], [{8, 7}, {5, 6}, {4}, {1, 3}, {2}], [{8, 7}, {5, 6}, {4}, {2, 3}, {1}], [{8, 7}, {5, 6}, {4}, {3}, {1, 2}], [{8, 7}, {6}, {1, 5}, {2, 4}, {3}], [{8, 7}, {6}, {1, 5}, {3, 4}, {2}], [{8, 7}, {6}, {1, 5}, {4}, {2, 3}], [{8, 7}, {6}, {2, 5}, {1, 4}, {3}], [{8, 7}, {6}, {2, 5}, {3, 4}, {1}], [{8, 7}, {6}, {2, 5}, {4}, {1, 3}], [{8, 7}, {6}, {3, 5}, {1, 4}, {2}], [{8, 7}, {6}, {3, 5}, {2, 4}, {1}], [{8, 7}, {6}, {3, 5}, {4}, {1, 2}], [{8, 7}, {6}, {3, 5}, {4}, {2}, {1}], [{8, 7}, {6}, {4, 5}, {1, 3}, {2}], [{8, 7}, {6}, {4, 5}, {2, 3}, {1}], [{8, 7}, {6}, {4, 5}, {3}, {1, 2}], [{8, 7}, {6}, {5}, {1, 4}, {2, 3}], [{8, 7}, {6}, {5}, {2, 4}, {1, 3}], [{8, 7}, {6}, {5}, {2, 4}, {3}, {1}], [{8, 7}, {6}, {5}, {3, 4}, {1, 2}], [{8}, {1, 7}, {2, 6}, {4, 5}, {3}], [{8}, {1, 7}, {3, 6}, {2, 5}, {4}], [{8}, {1, 7}, {5, 6}, {2, 4}, {3}], [{8}, {2, 7}, {1, 6}, {5}, {3, 4}], [{8}, {2, 7}, {3, 6}, {5}, {1, 4}], [{8}, {2, 7}, {4, 6}, {3, 5}, {1}], [{8}, {3, 7}, {5, 6}, {1, 4}, {2}], [{8}, {4, 7}, {2, 6}, {3, 5}, {1}], [{8}, {5, 7}, {1, 6}, {2, 4}, {3}], [{8}, {5, 7}, {2, 6}, {1, 4}, {3}], [{8}, {6, 7}, {1, 5}, {2, 4}, {3}], [{8}, {6, 7}, {2, 5}, {3, 4}, {1}], [{8}, {6, 7}, {3, 5}, {1, 4}, {2}], [{8}, {6, 7}, {3, 5}, {2, 4}, {1}], [{8}, {6, 7}, {3, 5}, {4}, {1, 2}], [{8}, {6, 7}, {3, 5}, {4}, {2}, {1}], [{8}, {6, 7}, {4, 5}, {2, 3}, {1}], [{8}, {6, 7}, {5}, {2, 4}, {1, 3}], [{8}, {6, 7}, {5}, {2, 4}, {3}, {1}]]",2,- 8 K_1^4 + 8 K_1^3 + 12 K_1^2 K_2 - 6 K_1^2 - 8 K_1 K_2 - 4 K_1 K_3 - 2 K_1 - 2 K_2^2 + 3 K_2 + 2 K_3 + K_4 + 5,O1O2O3O4U5U4U3O6U2O7O8U7U8O5U1U6,O1O2O3U2U1U4U5O6O5U3O7O8U7U8O4U6,O1O2O3U4O5U6U7O6O7U1O8O4U8U5U3U2,c,{'O1O2O3O4U5U4O6U7U8O7O8U3O5U2U1U6'},1,"<a href=""/flatknot/8.850932"">8.850932</a>",t^9-41t^7-106t^6-25t^5+78t^4+46t^3+72t^2+61t-2,-t^2+2t,,
8.850933,O1O2O3O4U5U4O6U7U8O7O8U3O5U6U1U2,4,7z^3+48z^2+108z+81,7w^4z^3+48w^3z^2+108w^2z+81w,False,False,"[[ 0 -1  1  0  1 -1  0 -1  1],[ 1  0  1  0  1  0  0  0  2],[-1 -1  0  0  1 -2  0 -2  0],[ 0  0  0  0  0 -1  0 -1  1],[-1 -1 -1  0  0 -1 -1 -1 -1],[ 1  0  2  1  1  0  0  1  1],[ 0  0  0  0  1  0  0 -1  1],[ 1  0  2  1  1 -1  1  0  1],[-1 -2  0 -1  1 -1 -1 -1  0]]","[[ 0  1  1  1  0  0 -1 -1 -1],[-1  0  1  0  0  0 -1 -2 -2],[-1 -1  0 -1  0 -1 -1 -1 -1],[-1  0  1  0 -1 -1 -2 -1 -1],[ 0  0  0  1  0  0  0 -1 -1],[ 0  0  1  1  0  0  0  0 -1],[ 1  1  1  2  0  0  0  0  0],[ 1  2  1  1  1  0  0  0  1],[ 1  2  1  1  1  1  0 -1  0]]",True,"[-1,-1,-1,0,0,1,1,1,-1,0,0,0,1,2,2,1,0,1,1,1,1,1,1,2,1,1,0,0,1,1,0,0,1,0,0,-1]","[-1,-1,-1,0,0,1,1,1,-1,-1,0,1,1,1,1,0,0,0,0,1,1,1,1,1,0,0,0,1,0,1,1,0,0,0,0,-1]",t^8+27t^6+108t^4+67t^2+1,"[-1,-1,-1,0,0,1,1,1,-1,0,0,1,0,1,1,0,0,0,0,1,1,1,1,1,0,1,0,1,0,1,1,0,0,0,-1,-1]","[-1,-1,-1,0,0,1,1,1,-1,-1,0,1,1,1,1,0,0,0,0,1,1,1,1,1,0,0,0,1,0,1,1,0,0,0,0,-1]","[-1,-1,-1,0,0,1,1,1,-1,0,1,1,1,1,2,0,0,1,1,1,2,0,0,1,2,1,0,1,1,0,0,1,0,-1,-1,0]",c,"[[{8, 7}, {3, 6}, {4, 5}, {1, 2}]]",0,24 K_1^3 - 16 K_1^2 - 20 K_1 K_2 - 8 K_1 + 8 K_2 + 4 K_3 + 9,O1O2O3O4U3U4U5O6U2O7O8U7U8O5U1U6,O1O2O3U2U3U4U5O6O5U1O7O8U7U8O4U6,O1O2O3U4O5U6U7O6O7U3O8O4U8U5U1U2,c,{'O1O2O3O4U5U4O6U7U8O7O8U3O5U6U1U2'},1,"<a href=""/flatknot/8.850933"">8.850933</a>",t^9-27t^7-40t^6+74t^5+104t^4-67t^3-44t^2+35t-4,0,,
8.850934,O1O2O3O4U5U4O6U7U8O7O8U6O5U1U2U3,3,5z^2+14z+9,-10w^4z^2+15w^3z^2-18w^3z+32w^2z+9w,False,False,"[[ 0 -2  0  2  1 -1  0 -1  1],[ 2  0  1  2  1  1  0  1  3],[ 0 -1  0  1  1 -1  0 -1  1],[-2 -2 -1  0  1 -3  0 -3 -1],[-1 -1 -1 -1  0 -1  0 -1 -1],[ 1 -1  1  3  1  0  0  1  1],[ 0  0  0  0  0  0  0 -1  1],[ 1 -1  1  3  1 -1  1  0  1],[-1 -3 -1  1  1 -1 -1 -1  0]]","[[ 0  2  1  1  0  0 -1 -1 -2],[-2  0  1 -1  0 -1 -3 -3 -2],[-1 -1  0 -1  0 -1 -1 -1 -1],[-1  1  1  0 -1 -1 -1 -1 -3],[ 0  0  0  1  0  0  0 -1  0],[ 0  1  1  1  0  0 -1 -1 -1],[ 1  3  1  1  0  1  0  1 -1],[ 1  3  1  1  1  1 -1  0 -1],[ 2  2  1  3  0  1  1  1  0]]",True,"[-2,-1,-1,0,0,1,1,2,-1,1,0,1,3,3,2,1,0,1,1,1,1,1,1,1,1,3,0,0,1,0,1,1,1,-1,1,1]","[-2,-1,-1,0,0,1,1,2,-1,1,0,1,3,3,2,1,0,1,1,1,1,1,1,1,1,3,0,0,1,0,1,1,1,-1,1,1]",t^8+50t^6+235t^4+66t^2,"[-2,-1,-1,0,0,1,1,2,0,0,1,2,0,2,2,-1,0,1,1,1,0,0,0,1,1,0,0,0,0,1,0,1,2,-1,0,2]","[-2,-1,-1,0,0,1,1,2,0,2,1,2,0,0,2,1,0,0,1,1,0,0,1,1,1,2,0,0,0,1,0,1,2,-1,0,0]","[-2,-1,-1,0,0,1,1,2,1,1,0,1,1,3,2,-1,1,1,1,1,3,0,1,1,1,3,0,0,1,0,1,1,1,-1,-1,1]",c,"[[{8, 7}, {2, 6}, {4, 5}, {1, 3}], [{8, 7}, {6}, {4, 5}, {1, 3}, {2}]]",0,- 16 K_1^4 + 8 K_1^3 + 16 K_1^2 K_2 + 8 K_1^2 - 4 K_1 K_2 - 4 K_1 K_3 - 4 K_1 - 2 K_2 - 1,O1O2O3O4U2U3U4O5U6O7O8U7U8O6U1U5,O1O2O3U1U2U3U4O5O4U6O7O8U7U8O6U5,O1O2O3U4O5U6U7O6O7U5O8O4U8U1U2U3,c,{'O1O2O3O4U5U4O6U7U8O7O8U6O5U1U2U3'},1,"<a href=""/flatknot/8.850934"">8.850934</a>",t^9-50t^7-162t^6-53t^5+242t^4+162t^3-96t^2-68t+24,0,,
8.850935,O1O2O3O4U5U4O6U7U8O7O8U6O5U1U3U2,3,15z^2+52z+45,15w^3z^2+52w^2z+45w,False,False,"[[ 0 -2  1  1  1 -1  0 -1  1],[ 2  0  2  1  1  1  0  1  3],[-1 -2  0  0  1 -2  0 -2  0],[-1 -1  0  0  1 -2  0 -2  0],[-1 -1 -1 -1  0 -1  0 -1 -1],[ 1 -1  2  2  1  0  0  1  1],[ 0  0  0  0  0  0  0 -1  1],[ 1 -1  2  2  1 -1  1  0  1],[-1 -3  0  0  1 -1 -1 -1  0]]","[[ 0  1  1  1  1  0 -1 -1 -2],[-1  0  1  0  0  0 -2 -2 -1],[-1 -1  0 -1 -1  0 -1 -1 -1],[-1  0  1  0  0  0 -2 -2 -2],[-1  0  1  0  0 -1 -1 -1 -3],[ 0  0  0  0  1  0  0 -1  0],[ 1  2  1  2  1  0  0  1 -1],[ 1  2  1  2  1  1 -1  0 -1],[ 2  1  1  2  3  0  1  1  0]]",True,"[-1,-1,-1,-1,0,1,1,2,-1,0,0,0,2,2,1,1,1,0,1,1,1,0,0,2,2,2,1,1,1,3,0,1,0,-1,1,1]","[-2,-1,-1,0,1,1,1,1,0,0,2,0,1,2,2,-1,1,1,0,0,1,0,1,0,0,1,0,1,1,1,0,0,-1,0,-1,-1]",t^8+43t^6+198t^4+72t^2,"[-2,-1,-1,0,1,1,1,1,0,0,2,0,1,2,2,-1,1,1,0,0,1,0,1,0,0,1,0,1,1,1,0,0,-1,0,-1,-1]","[-1,-1,-1,-1,0,1,1,2,-1,-1,-1,1,1,1,2,0,0,0,1,1,0,0,1,0,0,1,1,0,0,2,0,1,2,-1,0,0]","[-2,-1,-1,0,1,1,1,1,1,1,0,1,1,2,3,-1,1,1,2,2,1,0,1,2,2,1,0,0,0,1,-1,-1,-1,0,0,0]",c,"[[{8, 2}, {6, 7}, {1, 5}, {3, 4}], [{8, 6}, {2, 7}, {1, 5}, {3, 4}], [{8, 6}, {7}, {1, 5}, {3, 4}, {2}], [{8, 7}, {1, 6}, {4, 5}, {2, 3}], [{8, 7}, {2, 6}, {1, 5}, {3, 4}], [{8, 7}, {2, 6}, {4, 5}, {1, 3}], [{8, 7}, {3, 6}, {4, 5}, {1, 2}], [{8, 7}, {6}, {1, 5}, {3, 4}, {2}], [{8, 7}, {6}, {4, 5}, {1, 3}, {2}], [{8, 7}, {6}, {4, 5}, {2, 3}, {1}], [{8, 7}, {6}, {4, 5}, {3}, {1, 2}], [{8}, {6, 7}, {1, 5}, {3, 4}, {2}]]",1,4 K_1^3 + 8 K_1^2 K_2 - 2 K_1^2 - 4 K_1 K_2 - 8 K_1 K_3 - K_1 + K_2 + K_3 + 2 K_4,O1O2O3O4U3U2U4O5U6O7O8U7U8O6U1U5,O1O2O3U1U3U2U4O5O4U6O7O8U7U8O6U5,O1O2O3U4O5U6U7O6O7U5O8O4U8U2U1U3,c,{'O1O2O3O4U5U4O6U7U8O7O8U6O5U1U3U2'},1,"<a href=""/flatknot/8.850935"">8.850935</a>",t^9-45t^7-100t^6+95t^5+268t^4+17t^3-92t^2-8t-8,t^2-2t,,
8.850936,O1O2O3O4U5U4O6U7U8O7O8U6O5U2U1U3,3,15z^2+52z+45,15w^3z^2+52w^2z+45w,False,False,"[[ 0 -1 -1  2  1 -1  0 -1  1],[ 1  0  0  2  1  0  0  0  2],[ 1  0  0  1  1  0  0  0  2],[-2 -2 -1  0  1 -3  0 -3 -1],[-1 -1 -1 -1  0 -1  0 -1 -1],[ 1  0  0  3  1  0  0  1  1],[ 0  0  0  0  0  0  0 -1  1],[ 1  0  0  3  1 -1  1  0  1],[-1 -2 -2  1  1 -1 -1 -1  0]]","[[ 0  2  1  1  0 -1 -1 -1 -1],[-2  0  1 -1  0 -1 -2 -3 -3],[-1 -1  0 -1  0 -1 -1 -1 -1],[-1  1  1  0 -1 -2 -2 -1 -1],[ 0  0  0  1  0  0  0  0 -1],[ 1  1  1  2  0  0  0  0  0],[ 1  2  1  2  0  0  0  0  0],[ 1  3  1  1  0  0  0  0  1],[ 1  3  1  1  1  0  0 -1  0]]",True,"[-2,-1,-1,0,1,1,1,1,-1,1,0,1,2,3,3,1,0,1,1,1,1,1,2,2,1,1,0,0,0,1,0,0,0,0,0,-1]","[-2,-1,-1,0,1,1,1,1,-1,1,0,1,2,3,3,1,0,1,1,1,1,1,2,2,1,1,0,0,0,1,0,0,0,0,0,-1]",t^8+43t^6+194t^4+68t^2,"[-1,-1,-1,-1,0,1,1,2,-1,0,0,1,1,1,0,0,0,0,1,1,0,0,1,0,1,1,1,0,1,2,0,1,2,-1,0,2]","[-2,-1,-1,0,1,1,1,1,0,2,2,0,0,1,2,1,0,1,1,0,0,1,1,1,1,1,0,1,1,1,-1,0,0,0,0,0]","[-1,-1,-1,-1,0,1,1,2,-1,0,0,1,1,1,3,0,0,0,1,1,3,0,0,1,2,1,0,1,2,2,0,1,0,-1,-1,1]",c,"[[{8, 7}, {1, 6}, {2, 5}, {3, 4}], [{8, 7}, {1, 6}, {4, 5}, {2, 3}], [{8, 7}, {2, 6}, {4, 5}, {1, 3}], [{8, 7}, {3, 6}, {4, 5}, {1, 2}], [{8, 7}, {6}, {2, 5}, {3, 4}, {1}], [{8, 7}, {6}, {4, 5}, {1, 3}, {2}], [{8, 7}, {6}, {4, 5}, {2, 3}, {1}], [{8, 7}, {6}, {4, 5}, {3}, {1, 2}]]",1,4 K_1^3 - 2 K_1^2 - 4 K_1 K_2 - K_1 + K_2 + K_3 + 2,O1O2O3O4U2U4U3O5U6O7O8U7U8O6U1U5,O1O2O3U2U1U3U4O5O4U6O7O8U7U8O6U5,O1O2O3U4O5U6U7O6O7U5O8O4U8U1U3U2,c,{'O1O2O3O4U5U4O6U7U8O7O8U6O5U2U1U3'},1,"<a href=""/flatknot/8.850936"">8.850936</a>",t^9-41t^7-72t^6+125t^5+210t^4-57t^3-70t^2+32t,-t^2+2t,,
8.850937,O1O2O3O4U5U4O6U7U8O7O8U6O5U3U1U2,3,10z^2+33z+27,10w^3z^2+33w^2z+27w,False,False,"[[ 0 -1  1  0  1 -1  0 -1  1],[ 1  0  1  0  1  0  0  0  2],[-1 -1  0  0  1 -2  0 -2  0],[ 0  0  0  0  1 -1  0 -1  1],[-1 -1 -1 -1  0 -1  0 -1 -1],[ 1  0  2  1  1  0  0  1  1],[ 0  0  0  0  0  0  0 -1  1],[ 1  0  2  1  1 -1  1  0  1],[-1 -2  0 -1  1 -1 -1 -1  0]]","[[ 0  1  1  1  0  0 -1 -1 -1],[-1  0  1  0  0  0 -1 -2 -2],[-1 -1  0 -1  0 -1 -1 -1 -1],[-1  0  1  0 -1 -1 -2 -1 -1],[ 0  0  0  1  0  0  0  0 -1],[ 0  0  1  1  0  0  0 -1 -1],[ 1  1  1  2  0  0  0  0  0],[ 1  2  1  1  0  1  0  0  1],[ 1  2  1  1  1  1  0 -1  0]]",True,"[-1,-1,-1,0,0,1,1,1,-1,0,0,0,1,2,2,1,0,1,1,1,1,1,1,2,1,1,0,0,0,1,0,1,1,0,0,-1]","[-1,-1,-1,0,0,1,1,1,-1,-1,0,1,1,1,1,0,0,0,0,1,1,1,1,1,0,0,0,1,0,0,1,0,1,0,0,-1]",t^8+27t^6+99t^4+41t^2,"[-1,-1,-1,0,0,1,1,1,-1,0,0,1,0,1,1,0,0,0,0,1,1,1,1,1,0,1,0,1,0,0,1,0,1,0,-1,-1]","[-1,-1,-1,0,0,1,1,1,-1,-1,0,1,1,1,1,0,0,0,0,1,1,1,1,1,0,0,0,1,0,0,1,0,1,0,0,-1]","[-1,-1,-1,0,0,1,1,1,-1,0,1,1,1,1,2,0,0,1,1,1,2,0,0,1,2,1,0,0,1,0,1,1,0,-1,-1,0]",c,"[[{8, 7}, {3, 6}, {4, 5}, {1, 2}], [{8, 7}, {6}, {4, 5}, {3}, {1, 2}]]",0,8 K_1^3 - 8 K_1 K_2 - 2 K_1 + 2 K_3 + 1,O1O2O3O4U3U4U2O5U6O7O8U7U8O6U1U5,O1O2O3U2U3U1U4O5O4U6O7O8U7U8O6U5,O1O2O3U4O5U6U7O6O7U5O8O4U8U3U1U2,c,"{'O1O2O3O4U5U4O6U7U8O7O8U6O5U3U1U2', 'O1O2O3U4U3O5U6U7O6O7U5O4U8U1O8U2'}",2,"<a href=""/flatknot/8.850937"">8.850937</a>",t^9-27t^7-42t^6+65t^5+102t^4-47t^3-44t^2+24t,0,,
8.850938,O1O2O3O4U5U4O6U7U1O8O7U2O5U3U8U6,4,11z^2+64z+85,11w^3z^2+64w^2z+85w,False,False,"[[ 0 -1 -1  0  1 -1  2  0  0],[ 1  0  0  0  0  0  1  1  0],[ 1  0  0  0  0  0  2  1  0],[ 0  0  0  0  1 -1  1  0 -1],[-1  0  0 -1  0 -1 -1 -1 -1],[ 1  0  0  1  1  0  1  1  1],[-2 -1 -2 -1  1 -1  0 -1 -1],[ 0 -1 -1  0  1 -1  1  0  0],[ 0  0  0  1  1 -1  1  0  0]]","[[ 0  2  1  0  0  0 -1 -1 -1],[-2  0  1 -1 -1 -1 -1 -1 -2],[-1 -1  0 -1 -1 -1  0 -1  0],[ 0  1  1  0  1  0  0 -1  0],[ 0  1  1 -1  0  0  0 -1  0],[ 0  1  1  0  0  0 -1 -1 -1],[ 1  1  0  0  0  1  0  0  0],[ 1  1  1  1  1  1  0  0  0],[ 1  2  0  0  0  1  0  0  0]]",True,"[-2,-1,0,0,0,1,1,1,-1,1,1,1,1,1,2,1,1,1,0,1,0,-1,0,0,1,0,0,0,1,0,1,1,1,0,0,0]","[-2,-1,0,0,0,1,1,1,-1,1,1,1,1,1,2,1,1,1,0,1,0,-1,0,0,1,0,0,0,1,0,1,1,1,0,0,0]",t^8+20t^6+58t^4+20t^2+1,"[-1,-1,-1,0,0,0,1,2,0,0,0,0,0,1,2,0,0,1,1,2,1,0,1,1,2,2,0,0,0,1,-1,0,1,0,1,2]","[-2,-1,0,0,0,1,1,1,2,1,1,1,1,2,2,0,0,0,2,1,2,-1,0,1,0,1,0,1,0,1,0,0,0,0,0,0]","[-1,-1,-1,0,0,0,1,2,0,0,0,0,1,0,1,0,0,0,1,0,2,1,1,1,1,1,-1,0,1,1,0,1,1,1,1,-1]",c,"[[{8, 6}, {2, 7}, {4, 5}, {1, 3}], [{8, 6}, {2, 7}, {4, 5}, {3}, {1}]]",1,20 K_1^3 - 26 K_1^2 - 20 K_1 K_2 - 5 K_1 + 13 K_2 + 5 K_3 + 14,O1O2O3O4U5U6U2O7U3O8O6U4U8O5U1U7,O1O2O3U4U5U1U6O7O6U3O8O4U2U8O5U7,O1O2O3U4O5U6U2O7O6U1O8O4U8U3U5U7,c,"{'O1O2O3O4U5U4O6U7U1O8O7U2O5U3U8U6', 'O1O2O3O4U5U4O6U2U7O8U1O7O5U3U8U6'}",2,"<a href=""/flatknot/8.850938"">8.850938</a>",t^9-18t^7-28t^6+27t^5+92t^4+76t^3+24t^2+2t,-t^2+2t,,
8.850939,O1O2O3O4U5U4O6U7U1O8O7U2O5U6U8U3,3,5z^2+42z+65,5w^3z^2+42w^2z+65w,False,False,"[[ 0 -1 -1  2  1 -1  0  0  0],[ 1  0  0  1  0  0  0  1  0],[ 1  0  0  2  0  0  0  1  0],[-2 -1 -2  0  1 -1 -2 -1 -1],[-1  0  0 -1  0 -1 -1 -1 -1],[ 1  0  0  1  1  0  0  1  0],[ 0  0  0  2  1  0  0  0  0],[ 0 -1 -1  1  1 -1  0  0  0],[ 0  0  0  1  1  0  0  0  0]]","[[ 0  2  1  0  0  0 -1 -1 -1],[-2  0  1 -1 -1 -2 -1 -1 -2],[-1 -1  0 -1 -1 -1  0 -1  0],[ 0  1  1  0  0  0  0  0  0],[ 0  1  1  0  0  0 -1 -1 -1],[ 0  2  1  0  0  0  0  0  0],[ 1  1  0  0  1  0  0  0  0],[ 1  1  1  0  1  0  0  0  0],[ 1  2  0  0  1  0  0  0  0]]",True,"[-2,-1,0,0,0,1,1,1,-1,1,1,2,1,1,2,1,1,1,0,1,0,0,0,0,0,0,0,1,1,1,0,0,0,0,0,0]","[-2,-1,0,0,0,1,1,1,-1,1,1,2,1,1,2,1,1,1,0,1,0,0,0,0,0,0,0,1,1,1,0,0,0,0,0,0]",t^8+20t^6+45t^4+24t^2,"[-1,-1,-1,0,0,0,1,2,0,0,0,1,1,1,2,0,0,1,1,2,1,0,1,1,2,2,0,0,0,1,0,0,0,0,1,2]","[-2,-1,0,0,0,1,1,1,2,0,1,1,1,2,2,0,0,0,2,1,2,0,0,1,1,1,0,0,0,0,1,1,1,0,0,0]","[-1,-1,-1,0,0,0,1,2,0,0,0,0,1,0,1,0,0,0,1,0,2,0,0,1,1,1,0,0,1,1,0,1,2,1,1,-1]",c,"[[{8, 1}, {2, 7}, {3, 6}, {4, 5}], [{8, 1}, {2, 7}, {4, 6}, {3, 5}], [{8, 1}, {2, 7}, {5, 6}, {3, 4}], [{8, 1}, {2, 7}, {5, 6}, {4}, {3}], [{8, 1}, {2, 7}, {6}, {5}, {3, 4}], [{8, 1}, {3, 7}, {2, 6}, {4, 5}], [{8, 1}, {3, 7}, {2, 6}, {5}, {4}], [{8, 1}, {3, 7}, {4, 6}, {2, 5}], [{8, 1}, {3, 7}, {5, 6}, {2, 4}], [{8, 1}, {4, 7}, {2, 6}, {3, 5}], [{8, 1}, {4, 7}, {2, 6}, {5}, {3}], [{8, 1}, {4, 7}, {3, 6}, {2, 5}], [{8, 1}, {4, 7}, {5, 6}, {2, 3}], [{8, 1}, {5, 7}, {2, 6}, {3, 4}], [{8, 1}, {5, 7}, {2, 6}, {4}, {3}], [{8, 1}, {5, 7}, {3, 6}, {2, 4}], [{8, 1}, {5, 7}, {4, 6}, {2, 3}], [{8, 1}, {5, 7}, {6}, {3, 4}, {2}], [{8, 1}, {6, 7}, {2, 5}, {3, 4}], [{8, 1}, {6, 7}, {2, 5}, {4}, {3}], [{8, 1}, {6, 7}, {3, 5}, {2, 4}], [{8, 1}, {6, 7}, {4, 5}, {2, 3}], [{8, 1}, {6, 7}, {5}, {3, 4}, {2}], [{8, 1}, {7}, {2, 6}, {3, 5}, {4}], [{8, 1}, {7}, {2, 6}, {4, 5}, {3}], [{8, 1}, {7}, {2, 6}, {5}, {3, 4}], [{8, 1}, {7}, {2, 6}, {5}, {4}, {3}], [{8, 1}, {7}, {3, 6}, {5}, {2, 4}], [{8, 1}, {7}, {4, 6}, {5}, {2, 3}], [{8, 1}, {7}, {5, 6}, {3, 4}, {2}], [{8, 1}, {7}, {6}, {2, 5}, {3, 4}], [{8, 1}, {7}, {6}, {5}, {3, 4}, {2}], [{8, 2}, {1, 7}, {3, 6}, {4, 5}], [{8, 2}, {1, 7}, {4, 6}, {3, 5}], [{8, 2}, {1, 7}, {5, 6}, {3, 4}], [{8, 2}, {1, 7}, {6}, {5}, {3, 4}], [{8, 2}, {3, 7}, {1, 6}, {4, 5}], [{8, 2}, {3, 7}, {1, 6}, {5}, {4}], [{8, 2}, {3, 7}, {4, 6}, {1, 5}], [{8, 2}, {3, 7}, {5, 6}, {1, 4}], [{8, 2}, {3, 7}, {6}, {4, 5}, {1}], [{8, 2}, {4, 7}, {1, 6}, {3, 5}], [{8, 2}, {4, 7}, {1, 6}, {5}, {3}], [{8, 2}, {4, 7}, {3, 6}, {1, 5}], [{8, 2}, {4, 7}, {5, 6}, {1, 3}], [{8, 2}, {4, 7}, {6}, {3, 5}, {1}], [{8, 2}, {5, 7}, {1, 6}, {3, 4}], [{8, 2}, {5, 7}, {1, 6}, {4}, {3}], [{8, 2}, {5, 7}, {3, 6}, {1, 4}], [{8, 2}, {5, 7}, {4, 6}, {1, 3}], [{8, 2}, {5, 7}, {6}, {3, 4}, {1}], [{8, 2}, {6, 7}, {1, 5}, {3, 4}], [{8, 2}, {6, 7}, {3, 5}, {1, 4}], [{8, 2}, {6, 7}, {4, 5}, {1, 3}], [{8, 2}, {6, 7}, {5}, {3, 4}, {1}], [{8, 2}, {7}, {1, 6}, {3, 5}, {4}], [{8, 2}, {7}, {1, 6}, {4, 5}, {3}], [{8, 2}, {7}, {1, 6}, {5}, {3, 4}], [{8, 2}, {7}, {1, 6}, {5}, {4}, {3}], [{8, 2}, {7}, {3, 6}, {5}, {1, 4}], [{8, 2}, {7}, {4, 6}, {5}, {1, 3}], [{8, 2}, {7}, {5, 6}, {3, 4}, {1}], [{8, 2}, {7}, {6}, {1, 5}, {3, 4}], [{8, 2}, {7}, {6}, {5}, {3, 4}, {1}], [{8, 3}, {1, 7}, {2, 6}, {4, 5}], [{8, 3}, {1, 7}, {4, 6}, {2, 5}], [{8, 3}, {1, 7}, {5, 6}, {2, 4}], [{8, 3}, {2, 7}, {1, 6}, {4, 5}], [{8, 3}, {2, 7}, {4, 6}, {1, 5}], [{8, 3}, {2, 7}, {4, 6}, {5}, {1}], [{8, 3}, {2, 7}, {5, 6}, {1, 4}], [{8, 3}, {2, 7}, {5, 6}, {4}, {1}], [{8, 3}, {2, 7}, {6}, {4, 5}, {1}], [{8, 3}, {4, 7}, {1, 6}, {2, 5}], [{8, 3}, {4, 7}, {2, 6}, {1, 5}], [{8, 3}, {4, 7}, {5, 6}, {1, 2}], [{8, 3}, {5, 7}, {1, 6}, {2, 4}], [{8, 3}, {5, 7}, {2, 6}, {1, 4}], [{8, 3}, {5, 7}, {4, 6}, {1, 2}], [{8, 3}, {6, 7}, {1, 5}, {2, 4}], [{8, 3}, {6, 7}, {2, 5}, {1, 4}], [{8, 3}, {6, 7}, {2, 5}, {4}, {1}], [{8, 3}, {6, 7}, {4, 5}, {1, 2}], [{8, 3}, {7}, {1, 6}, {5}, {2, 4}], [{8, 3}, {7}, {2, 6}, {5}, {1, 4}], [{8, 4}, {1, 7}, {2, 6}, {3, 5}], [{8, 4}, {1, 7}, {3, 6}, {2, 5}], [{8, 4}, {1, 7}, {5, 6}, {2, 3}], [{8, 4}, {2, 7}, {1, 6}, {3, 5}], [{8, 4}, {2, 7}, {3, 6}, {1, 5}], [{8, 4}, {2, 7}, {3, 6}, {5}, {1}], [{8, 4}, {2, 7}, {5, 6}, {1, 3}], [{8, 4}, {2, 7}, {5, 6}, {3}, {1}], [{8, 4}, {2, 7}, {6}, {3, 5}, {1}], [{8, 4}, {3, 7}, {1, 6}, {2, 5}], [{8, 4}, {3, 7}, {2, 6}, {1, 5}], [{8, 4}, {3, 7}, {5, 6}, {1, 2}], [{8, 4}, {5, 7}, {1, 6}, {2, 3}], [{8, 4}, {5, 7}, {2, 6}, {1, 3}], [{8, 4}, {5, 7}, {3, 6}, {1, 2}], [{8, 4}, {6, 7}, {1, 5}, {2, 3}], [{8, 4}, {6, 7}, {2, 5}, {1, 3}], [{8, 4}, {6, 7}, {2, 5}, {3}, {1}], [{8, 4}, {6, 7}, {3, 5}, {1, 2}], [{8, 4}, {7}, {1, 6}, {5}, {2, 3}], [{8, 4}, {7}, {2, 6}, {5}, {1, 3}], [{8, 5}, {1, 7}, {2, 6}, {3, 4}], [{8, 5}, {1, 7}, {3, 6}, {2, 4}], [{8, 5}, {1, 7}, {4, 6}, {2, 3}], [{8, 5}, {1, 7}, {6}, {3, 4}, {2}], [{8, 5}, {2, 7}, {1, 6}, {3, 4}], [{8, 5}, {2, 7}, {3, 6}, {1, 4}], [{8, 5}, {2, 7}, {3, 6}, {4}, {1}], [{8, 5}, {2, 7}, {4, 6}, {1, 3}], [{8, 5}, {2, 7}, {4, 6}, {3}, {1}], [{8, 5}, {2, 7}, {6}, {3, 4}, {1}], [{8, 5}, {3, 7}, {1, 6}, {2, 4}], [{8, 5}, {3, 7}, {2, 6}, {1, 4}], [{8, 5}, {3, 7}, {4, 6}, {1, 2}], [{8, 5}, {4, 7}, {1, 6}, {2, 3}], [{8, 5}, {4, 7}, {2, 6}, {1, 3}], [{8, 5}, {4, 7}, {3, 6}, {1, 2}], [{8, 5}, {6, 7}, {1, 4}, {2, 3}], [{8, 5}, {6, 7}, {2, 4}, {1, 3}], [{8, 5}, {6, 7}, {3, 4}, {1, 2}], [{8, 5}, {6, 7}, {3, 4}, {2}, {1}], [{8, 5}, {7}, {1, 6}, {3, 4}, {2}], [{8, 5}, {7}, {2, 6}, {3, 4}, {1}], [{8, 5}, {7}, {6}, {3, 4}, {1, 2}], [{8, 5}, {7}, {6}, {3, 4}, {2}, {1}], [{8, 6}, {1, 7}, {2, 5}, {3, 4}], [{8, 6}, {1, 7}, {3, 5}, {2, 4}], [{8, 6}, {1, 7}, {4, 5}, {2, 3}], [{8, 6}, {1, 7}, {5}, {3, 4}, {2}], [{8, 6}, {2, 7}, {1, 5}, {3, 4}], [{8, 6}, {2, 7}, {3, 5}, {1, 4}], [{8, 6}, {2, 7}, {3, 5}, {4}, {1}], [{8, 6}, {2, 7}, {4, 5}, {1, 3}], [{8, 6}, {2, 7}, {4, 5}, {3}, {1}], [{8, 6}, {2, 7}, {5}, {3, 4}, {1}], [{8, 6}, {3, 7}, {1, 5}, {2, 4}], [{8, 6}, {3, 7}, {2, 5}, {1, 4}], [{8, 6}, {3, 7}, {4, 5}, {1, 2}], [{8, 6}, {4, 7}, {1, 5}, {2, 3}], [{8, 6}, {4, 7}, {2, 5}, {1, 3}], [{8, 6}, {4, 7}, {3, 5}, {1, 2}], [{8, 6}, {5, 7}, {1, 4}, {2, 3}], [{8, 6}, {5, 7}, {2, 4}, {1, 3}], [{8, 6}, {5, 7}, {3, 4}, {1, 2}], [{8, 6}, {5, 7}, {3, 4}, {2}, {1}], [{8, 6}, {7}, {1, 5}, {3, 4}, {2}], [{8, 6}, {7}, {2, 5}, {3, 4}, {1}], [{8, 6}, {7}, {5}, {3, 4}, {1, 2}], [{8, 6}, {7}, {5}, {3, 4}, {2}, {1}], [{8, 7}, {1, 6}, {2, 5}, {3, 4}], [{8, 7}, {1, 6}, {3, 5}, {2, 4}], [{8, 7}, {1, 6}, {4, 5}, {2, 3}], [{8, 7}, {1, 6}, {5}, {3, 4}, {2}], [{8, 7}, {2, 6}, {1, 5}, {3, 4}], [{8, 7}, {2, 6}, {3, 5}, {1, 4}], [{8, 7}, {2, 6}, {4, 5}, {1, 3}], [{8, 7}, {2, 6}, {5}, {3, 4}, {1}], [{8, 7}, {3, 6}, {1, 5}, {2, 4}], [{8, 7}, {3, 6}, {2, 5}, {1, 4}], [{8, 7}, {3, 6}, {4, 5}, {1, 2}], [{8, 7}, {3, 6}, {5}, {2, 4}, {1}], [{8, 7}, {4, 6}, {1, 5}, {2, 3}], [{8, 7}, {4, 6}, {2, 5}, {1, 3}], [{8, 7}, {4, 6}, {3, 5}, {1, 2}], [{8, 7}, {4, 6}, {5}, {2, 3}, {1}], [{8, 7}, {5, 6}, {1, 4}, {2, 3}], [{8, 7}, {5, 6}, {2, 4}, {1, 3}], [{8, 7}, {5, 6}, {3, 4}, {1, 2}], [{8, 7}, {5, 6}, {3, 4}, {2}, {1}], [{8, 7}, {6}, {1, 5}, {3, 4}, {2}], [{8, 7}, {6}, {2, 5}, {3, 4}, {1}], [{8, 7}, {6}, {5}, {3, 4}, {1, 2}], [{8, 7}, {6}, {5}, {3, 4}, {2}, {1}], [{8}, {1, 7}, {2, 6}, {5}, {3, 4}], [{8}, {1, 7}, {3, 6}, {5}, {2, 4}], [{8}, {1, 7}, {4, 6}, {5}, {2, 3}], [{8}, {1, 7}, {5, 6}, {3, 4}, {2}], [{8}, {1, 7}, {6}, {2, 5}, {3, 4}], [{8}, {1, 7}, {6}, {5}, {3, 4}, {2}], [{8}, {2, 7}, {1, 6}, {5}, {3, 4}], [{8}, {2, 7}, {3, 6}, {4, 5}, {1}], [{8}, {2, 7}, {4, 6}, {3, 5}, {1}], [{8}, {2, 7}, {5, 6}, {1, 4}, {3}], [{8}, {2, 7}, {5, 6}, {3, 4}, {1}], [{8}, {2, 7}, {5, 6}, {4}, {1, 3}], [{8}, {2, 7}, {5, 6}, {4}, {3}, {1}], [{8}, {2, 7}, {6}, {1, 5}, {3, 4}], [{8}, {2, 7}, {6}, {5}, {3, 4}, {1}], [{8}, {3, 7}, {1, 6}, {4, 5}, {2}], [{8}, {3, 7}, {4, 6}, {2, 5}, {1}], [{8}, {3, 7}, {5, 6}, {2, 4}, {1}], [{8}, {4, 7}, {1, 6}, {3, 5}, {2}], [{8}, {4, 7}, {3, 6}, {2, 5}, {1}], [{8}, {4, 7}, {5, 6}, {2, 3}, {1}], [{8}, {5, 7}, {1, 6}, {3, 4}, {2}], [{8}, {5, 7}, {2, 6}, {3, 4}, {1}], [{8}, {5, 7}, {6}, {3, 4}, {1, 2}], [{8}, {5, 7}, {6}, {3, 4}, {2}, {1}], [{8}, {6, 7}, {1, 5}, {2, 4}, {3}], [{8}, {6, 7}, {1, 5}, {3, 4}, {2}], [{8}, {6, 7}, {1, 5}, {4}, {2, 3}], [{8}, {6, 7}, {2, 5}, {1, 4}, {3}], [{8}, {6, 7}, {2, 5}, {3, 4}, {1}], [{8}, {6, 7}, {2, 5}, {4}, {1, 3}], [{8}, {6, 7}, {2, 5}, {4}, {3}, {1}], [{8}, {6, 7}, {3, 5}, {1, 4}, {2}], [{8}, {6, 7}, {3, 5}, {2, 4}, {1}], [{8}, {6, 7}, {3, 5}, {4}, {1, 2}], [{8}, {6, 7}, {4, 5}, {1, 3}, {2}], [{8}, {6, 7}, {4, 5}, {2, 3}, {1}], [{8}, {6, 7}, {4, 5}, {3}, {1, 2}], [{8}, {6, 7}, {5}, {1, 4}, {2, 3}], [{8}, {6, 7}, {5}, {2, 4}, {1, 3}], [{8}, {6, 7}, {5}, {3, 4}, {1, 2}], [{8}, {6, 7}, {5}, {3, 4}, {2}, {1}], [{8}, {7}, {1, 6}, {2, 5}, {3, 4}], [{8}, {7}, {1, 6}, {5}, {3, 4}, {2}], [{8}, {7}, {2, 6}, {1, 5}, {3, 4}], [{8}, {7}, {2, 6}, {5}, {3, 4}, {1}], [{8}, {7}, {5, 6}, {3, 4}, {1, 2}], [{8}, {7}, {5, 6}, {3, 4}, {2}, {1}], [{8}, {7}, {6}, {1, 5}, {3, 4}, {2}], [{8}, {7}, {6}, {2, 5}, {3, 4}, {1}], [{8}, {7}, {6}, {5}, {3, 4}, {1, 2}], [{8}, {7}, {6}, {5}, {3, 4}, {2}, {1}]]",2,- 6 K_1^2 + 3 K_2 + 4,O1O2O3O4U2U5U6O7U3O8O5U4U8O6U1U7,O1O2O3U4U5U3U6O7O6U1O8O4U2U8O5U7,O1O2O3U4O5U6U2O7O6U3O8O4U8U1U5U7,c,"{'O1O2O3O4U5U4O6U2U7O8U1O7O5U6U8U3', 'O1O2O3O4U5U4U6O7U1O6O8U2O5U8U7U3', 'O1O2O3O4U5U4O6U7U1O8O7U2O5U6U8U3'}",3,"<a href=""/flatknot/8.850939"">8.850939</a>",t^9-18t^7-16t^6+52t^5+36t^4-40t^3,-t^2+2t,,
8.850940,O1O2O3O4U5U4O6U7U1O8O7U2O5U8U3U6,3,8z^2+49z+67,8w^3z^2-8w^3z+57w^2z+67w,False,False,"[[ 0 -1 -1  1  1 -1  2  0 -1],[ 1  0  0  0  0  0  1  1 -1],[ 1  0  0  1  0  0  2  1 -1],[-1  0 -1  0  1 -1  0  0 -2],[-1  0  0 -1  0 -1 -1 -1 -1],[ 1  0  0  1  1  0  1  1  0],[-2 -1 -2  0  1 -1  0 -1 -1],[ 0 -1 -1  0  1 -1  1  0 -1],[ 1  1  1  2  1  0  1  1  0]]","[[ 0  2  1  1  0 -1 -1 -1 -1],[-2  0  1  0 -1 -1 -1 -1 -2],[-1 -1  0 -1 -1  0 -1 -1  0],[-1  0  1  0  0  0 -1 -2 -1],[ 0  1  1  0  0 -1 -1 -1 -1],[ 1  1  0  0  1  0  0 -1  0],[ 1  1  1  1  1  0  0  0  0],[ 1  1  1  2  1  1  0  0  1],[ 1  2  0  1  1  0  0 -1  0]]",True,"[-2,-1,-1,0,1,1,1,1,-1,0,1,1,1,1,2,1,1,0,1,1,0,0,0,1,2,1,1,1,1,1,0,1,0,0,0,-1]","[-2,-1,-1,0,1,1,1,1,-1,0,1,1,1,1,2,1,1,0,1,1,0,0,0,1,2,1,1,1,1,1,0,1,0,0,0,-1]",t^8+25t^6+88t^4+45t^2,"[-1,-1,-1,-1,0,1,1,2,-1,-1,0,0,0,1,2,0,0,0,1,2,1,0,0,2,2,2,0,1,1,2,1,0,1,-1,1,2]","[-2,-1,-1,0,1,1,1,1,1,2,1,1,2,2,2,1,1,1,0,1,2,0,2,1,1,2,0,0,0,0,-1,0,0,0,1,0]","[-1,-1,-1,-1,0,1,1,2,-1,0,0,1,0,0,1,0,1,1,1,2,1,0,1,1,1,1,1,0,1,2,1,0,1,-1,-1,0]",c,"[[{8, 1}, {2, 7}, {3, 6}, {4, 5}], [{8, 1}, {2, 7}, {4, 6}, {3, 5}], [{8, 1}, {2, 7}, {5, 6}, {3, 4}], [{8, 1}, {3, 7}, {2, 6}, {4, 5}], [{8, 1}, {3, 7}, {4, 6}, {2, 5}], [{8, 1}, {3, 7}, {5, 6}, {2, 4}], [{8, 1}, {3, 7}, {6}, {5}, {2, 4}], [{8, 1}, {4, 7}, {2, 6}, {3, 5}], [{8, 1}, {4, 7}, {3, 6}, {2, 5}], [{8, 1}, {4, 7}, {5, 6}, {2, 3}], [{8, 1}, {5, 7}, {2, 6}, {3, 4}], [{8, 1}, {5, 7}, {3, 6}, {2, 4}], [{8, 1}, {5, 7}, {4, 6}, {2, 3}], [{8, 1}, {5, 7}, {6}, {2, 4}, {3}], [{8, 1}, {6, 7}, {2, 5}, {3, 4}], [{8, 1}, {6, 7}, {3, 5}, {2, 4}], [{8, 1}, {6, 7}, {3, 5}, {4}, {2}], [{8, 1}, {6, 7}, {4, 5}, {2, 3}], [{8, 1}, {6, 7}, {5}, {2, 4}, {3}], [{8, 1}, {7}, {2, 6}, {4, 5}, {3}], [{8, 1}, {7}, {3, 6}, {5}, {2, 4}], [{8, 1}, {7}, {4, 6}, {2, 5}, {3}], [{8, 1}, {7}, {5, 6}, {2, 4}, {3}], [{8, 1}, {7}, {6}, {3, 5}, {2, 4}], [{8, 1}, {7}, {6}, {5}, {2, 4}, {3}], [{8, 2}, {1, 7}, {3, 6}, {4, 5}], [{8, 2}, {1, 7}, {4, 6}, {3, 5}], [{8, 2}, {1, 7}, {5, 6}, {3, 4}], [{8, 2}, {3, 7}, {1, 6}, {4, 5}], [{8, 2}, {3, 7}, {1, 6}, {5}, {4}], [{8, 2}, {3, 7}, {4, 6}, {1, 5}], [{8, 2}, {3, 7}, {4, 6}, {5}, {1}], [{8, 2}, {3, 7}, {5, 6}, {1, 4}], [{8, 2}, {3, 7}, {5, 6}, {4}, {1}], [{8, 2}, {3, 7}, {6}, {1, 5}, {4}], [{8, 2}, {3, 7}, {6}, {4, 5}, {1}], [{8, 2}, {3, 7}, {6}, {5}, {1, 4}], [{8, 2}, {4, 7}, {1, 6}, {3, 5}], [{8, 2}, {4, 7}, {3, 6}, {1, 5}], [{8, 2}, {4, 7}, {5, 6}, {1, 3}], [{8, 2}, {5, 7}, {1, 6}, {3, 4}], [{8, 2}, {5, 7}, {3, 6}, {1, 4}], [{8, 2}, {5, 7}, {4, 6}, {1, 3}], [{8, 2}, {5, 7}, {6}, {1, 4}, {3}], [{8, 2}, {6, 7}, {1, 5}, {3, 4}], [{8, 2}, {6, 7}, {3, 5}, {1, 4}], [{8, 2}, {6, 7}, {4, 5}, {1, 3}], [{8, 2}, {6, 7}, {5}, {1, 4}, {3}], [{8, 2}, {7}, {1, 6}, {4, 5}, {3}], [{8, 2}, {7}, {3, 6}, {5}, {1, 4}], [{8, 2}, {7}, {4, 6}, {1, 5}, {3}], [{8, 2}, {7}, {5, 6}, {1, 4}, {3}], [{8, 2}, {7}, {6}, {3, 5}, {1, 4}], [{8, 2}, {7}, {6}, {5}, {1, 4}, {3}], [{8, 3}, {1, 7}, {2, 6}, {4, 5}], [{8, 3}, {1, 7}, {4, 6}, {2, 5}], [{8, 3}, {1, 7}, {5, 6}, {2, 4}], [{8, 3}, {1, 7}, {6}, {5}, {2, 4}], [{8, 3}, {2, 7}, {1, 6}, {4, 5}], [{8, 3}, {2, 7}, {4, 6}, {1, 5}], [{8, 3}, {2, 7}, {4, 6}, {5}, {1}], [{8, 3}, {2, 7}, {5, 6}, {1, 4}], [{8, 3}, {2, 7}, {5, 6}, {4}, {1}], [{8, 3}, {2, 7}, {6}, {4, 5}, {1}], [{8, 3}, {4, 7}, {1, 6}, {2, 5}], [{8, 3}, {4, 7}, {2, 6}, {1, 5}], [{8, 3}, {4, 7}, {5, 6}, {1, 2}], [{8, 3}, {5, 7}, {1, 6}, {2, 4}], [{8, 3}, {5, 7}, {2, 6}, {1, 4}], [{8, 3}, {5, 7}, {4, 6}, {1, 2}], [{8, 3}, {6, 7}, {1, 5}, {2, 4}], [{8, 3}, {6, 7}, {2, 5}, {1, 4}], [{8, 3}, {6, 7}, {4, 5}, {1, 2}], [{8, 4}, {1, 7}, {2, 6}, {3, 5}], [{8, 4}, {1, 7}, {3, 6}, {2, 5}], [{8, 4}, {1, 7}, {5, 6}, {2, 3}], [{8, 4}, {2, 7}, {1, 6}, {3, 5}], [{8, 4}, {2, 7}, {1, 6}, {5}, {3}], [{8, 4}, {2, 7}, {3, 6}, {1, 5}], [{8, 4}, {2, 7}, {3, 6}, {5}, {1}], [{8, 4}, {2, 7}, {5, 6}, {1, 3}], [{8, 4}, {2, 7}, {5, 6}, {3}, {1}], [{8, 4}, {2, 7}, {6}, {1, 5}, {3}], [{8, 4}, {2, 7}, {6}, {3, 5}, {1}], [{8, 4}, {2, 7}, {6}, {5}, {1, 3}], [{8, 4}, {2, 7}, {6}, {5}, {3}, {1}], [{8, 4}, {3, 7}, {1, 6}, {2, 5}], [{8, 4}, {3, 7}, {2, 6}, {1, 5}], [{8, 4}, {3, 7}, {5, 6}, {1, 2}], [{8, 4}, {5, 7}, {1, 6}, {2, 3}], [{8, 4}, {5, 7}, {1, 6}, {3}, {2}], [{8, 4}, {5, 7}, {2, 6}, {1, 3}], [{8, 4}, {5, 7}, {3, 6}, {1, 2}], [{8, 4}, {6, 7}, {1, 5}, {2, 3}], [{8, 4}, {6, 7}, {1, 5}, {3}, {2}], [{8, 4}, {6, 7}, {2, 5}, {1, 3}], [{8, 4}, {6, 7}, {3, 5}, {1, 2}], [{8, 4}, {7}, {1, 6}, {2, 5}, {3}], [{8, 4}, {7}, {2, 6}, {1, 5}, {3}], [{8, 5}, {1, 7}, {2, 6}, {3, 4}], [{8, 5}, {1, 7}, {3, 6}, {2, 4}], [{8, 5}, {1, 7}, {4, 6}, {2, 3}], [{8, 5}, {1, 7}, {6}, {2, 4}, {3}], [{8, 5}, {2, 7}, {1, 6}, {3, 4}], [{8, 5}, {2, 7}, {3, 6}, {1, 4}], [{8, 5}, {2, 7}, {3, 6}, {4}, {1}], [{8, 5}, {2, 7}, {4, 6}, {1, 3}], [{8, 5}, {2, 7}, {4, 6}, {3}, {1}], [{8, 5}, {2, 7}, {6}, {3, 4}, {1}], [{8, 5}, {3, 7}, {1, 6}, {2, 4}], [{8, 5}, {3, 7}, {2, 6}, {1, 4}], [{8, 5}, {3, 7}, {4, 6}, {1, 2}], [{8, 5}, {4, 7}, {1, 6}, {2, 3}], [{8, 5}, {4, 7}, {2, 6}, {1, 3}], [{8, 5}, {4, 7}, {2, 6}, {3}, {1}], [{8, 5}, {4, 7}, {3, 6}, {1, 2}], [{8, 5}, {6, 7}, {1, 4}, {2, 3}], [{8, 5}, {6, 7}, {2, 4}, {1, 3}], [{8, 5}, {6, 7}, {3, 4}, {1, 2}], [{8, 6}, {1, 7}, {2, 5}, {3, 4}], [{8, 6}, {1, 7}, {3, 5}, {2, 4}], [{8, 6}, {1, 7}, {3, 5}, {4}, {2}], [{8, 6}, {1, 7}, {4, 5}, {2, 3}], [{8, 6}, {1, 7}, {5}, {2, 4}, {3}], [{8, 6}, {2, 7}, {1, 5}, {3, 4}], [{8, 6}, {2, 7}, {3, 5}, {1, 4}], [{8, 6}, {2, 7}, {3, 5}, {4}, {1}], [{8, 6}, {2, 7}, {4, 5}, {1, 3}], [{8, 6}, {2, 7}, {4, 5}, {3}, {1}], [{8, 6}, {2, 7}, {5}, {3, 4}, {1}], [{8, 6}, {3, 7}, {1, 5}, {2, 4}], [{8, 6}, {3, 7}, {2, 5}, {1, 4}], [{8, 6}, {3, 7}, {4, 5}, {1, 2}], [{8, 6}, {4, 7}, {1, 5}, {2, 3}], [{8, 6}, {4, 7}, {2, 5}, {1, 3}], [{8, 6}, {4, 7}, {2, 5}, {3}, {1}], [{8, 6}, {4, 7}, {3, 5}, {1, 2}], [{8, 6}, {4, 7}, {3, 5}, {2}, {1}], [{8, 6}, {4, 7}, {5}, {2, 3}, {1}], [{8, 6}, {5, 7}, {1, 4}, {2, 3}], [{8, 6}, {5, 7}, {2, 4}, {1, 3}], [{8, 6}, {5, 7}, {3, 4}, {1, 2}], [{8, 6}, {7}, {3, 5}, {1, 4}, {2}], [{8, 6}, {7}, {3, 5}, {2, 4}, {1}], [{8, 6}, {7}, {3, 5}, {4}, {1, 2}], [{8, 6}, {7}, {3, 5}, {4}, {2}, {1}], [{8, 7}, {1, 6}, {2, 5}, {3, 4}], [{8, 7}, {1, 6}, {3, 5}, {2, 4}], [{8, 7}, {1, 6}, {3, 5}, {4}, {2}], [{8, 7}, {1, 6}, {4, 5}, {2, 3}], [{8, 7}, {1, 6}, {5}, {2, 4}, {3}], [{8, 7}, {2, 6}, {1, 5}, {3, 4}], [{8, 7}, {2, 6}, {3, 5}, {1, 4}], [{8, 7}, {2, 6}, {4, 5}, {1, 3}], [{8, 7}, {2, 6}, {4, 5}, {3}, {1}], [{8, 7}, {3, 6}, {1, 5}, {2, 4}], [{8, 7}, {3, 6}, {2, 5}, {1, 4}], [{8, 7}, {3, 6}, {4, 5}, {1, 2}], [{8, 7}, {3, 6}, {5}, {2, 4}, {1}], [{8, 7}, {4, 6}, {1, 5}, {2, 3}], [{8, 7}, {4, 6}, {2, 5}, {1, 3}], [{8, 7}, {4, 6}, {2, 5}, {3}, {1}], [{8, 7}, {4, 6}, {3, 5}, {1, 2}], [{8, 7}, {5, 6}, {1, 4}, {2, 3}], [{8, 7}, {5, 6}, {2, 4}, {1, 3}], [{8, 7}, {5, 6}, {2, 4}, {3}, {1}], [{8, 7}, {5, 6}, {3, 4}, {1, 2}], [{8, 7}, {6}, {1, 5}, {2, 4}, {3}], [{8, 7}, {6}, {3, 5}, {2, 4}, {1}], [{8, 7}, {6}, {5}, {2, 4}, {1, 3}], [{8, 7}, {6}, {5}, {2, 4}, {3}, {1}], [{8}, {1, 7}, {2, 6}, {4, 5}, {3}], [{8}, {1, 7}, {3, 6}, {5}, {2, 4}], [{8}, {1, 7}, {4, 6}, {2, 5}, {3}], [{8}, {1, 7}, {5, 6}, {2, 4}, {3}], [{8}, {1, 7}, {6}, {3, 5}, {2, 4}], [{8}, {1, 7}, {6}, {5}, {2, 4}, {3}], [{8}, {2, 7}, {3, 6}, {4, 5}, {1}], [{8}, {2, 7}, {4, 6}, {3, 5}, {1}], [{8}, {2, 7}, {5, 6}, {3, 4}, {1}], [{8}, {3, 7}, {1, 6}, {4, 5}, {2}], [{8}, {3, 7}, {4, 6}, {1, 5}, {2}], [{8}, {3, 7}, {5, 6}, {1, 4}, {2}], [{8}, {4, 7}, {5, 6}, {1, 3}, {2}], [{8}, {5, 7}, {4, 6}, {1, 3}, {2}], [{8}, {6, 7}, {3, 5}, {2, 4}, {1}], [{8}, {6, 7}, {4, 5}, {1, 3}, {2}], [{8}, {7}, {1, 6}, {3, 5}, {2, 4}], [{8}, {7}, {2, 6}, {3, 5}, {1, 4}]]",2,8 K_1^3 + 4 K_1^2 K_2 - 10 K_1^2 - 16 K_1 K_2 - 4 K_1 K_3 + 2 K_1 - 4 K_2^2 + 5 K_2 + 6 K_3 + 3 K_4 + 7,O1O2O3O4U5U2U6O7U3O8O6U4U8O5U1U7,O1O2O3U4U5U2U6O7O6U3O8O4U1U8O5U7,O1O2O3U4O5U6U3O7O6U1O8O4U8U2U5U7,c,"{'O1O2O3O4U5U4O6U7U1O8O7U2O5U8U3U6', 'O1O2O3O4U5U4O6U2U7O8U1O7O5U8U3U6'}",2,"<a href=""/flatknot/8.850940"">8.850940</a>",t^9-23t^7-38t^6+21t^5+52t^4+40t^3-16t^2-24t,-t^2+2t,,
8.850941,O1O2O3O4U5U4O6U7U1O8O7U2O5U8U6U3,3,12z^2+47z+47,-4w^4z^2+16w^3z^2-18w^3z+65w^2z+47w,False,False,"[[ 0 -1 -1  2  1 -1  1  0 -1],[ 1  0  0  1  0  0  0  1 -1],[ 1  0  0  2  0  0  1  1 -1],[-2 -1 -2  0  1 -1 -1 -1 -2],[-1  0  0 -1  0 -1 -1 -1 -1],[ 1  0  0  1  1  0  0  1  0],[-1  0 -1  1  1  0  0  0 -1],[ 0 -1 -1  1  1 -1  0  0 -1],[ 1  1  1  2  1  0  1  1  0]]","[[ 0  2  1  1  0 -1 -1 -1 -1],[-2  0  1 -1 -1 -1 -1 -2 -2],[-1 -1  0 -1 -1  0 -1  0 -1],[-1  1  1  0  0  0  0 -1 -1],[ 0  1  1  0  0 -1 -1 -1 -1],[ 1  1  0  0  1  0  0  0 -1],[ 1  1  1  0  1  0  0  0  0],[ 1  2  0  1  1  0  0  0 -1],[ 1  2  1  1  1  1  0  1  0]]",True,"[-2,-1,-1,0,1,1,1,1,-1,1,1,1,1,2,2,1,1,0,1,0,1,0,0,0,1,1,1,1,1,1,0,0,1,0,0,1]","[-2,-1,-1,0,1,1,1,1,-1,1,1,1,1,2,2,1,1,0,1,0,1,0,0,0,1,1,1,1,1,1,0,0,1,0,0,1]",t^8+25t^6+68t^4+41t^2,"[-1,-1,-1,-1,0,1,1,2,-1,-1,0,0,1,1,1,0,0,0,1,2,1,0,0,2,2,2,0,2,1,2,1,0,1,-1,0,2]","[-2,-1,-1,0,1,1,1,1,0,2,1,1,1,2,2,1,1,1,1,2,2,0,1,2,1,2,0,0,0,0,1,0,1,0,0,0]","[-1,-1,-1,-1,0,1,1,2,-1,0,0,1,0,0,1,0,1,1,1,1,2,0,1,0,1,1,1,1,0,2,0,1,1,1,1,-1]",c,"[[{8, 1}, {2, 7}, {3, 6}, {4, 5}], [{8, 1}, {2, 7}, {4, 6}, {3, 5}], [{8, 1}, {2, 7}, {5, 6}, {3, 4}], [{8, 1}, {3, 7}, {2, 6}, {4, 5}], [{8, 1}, {3, 7}, {4, 6}, {2, 5}], [{8, 1}, {3, 7}, {5, 6}, {2, 4}], [{8, 1}, {3, 7}, {6}, {5}, {2, 4}], [{8, 1}, {4, 7}, {2, 6}, {3, 5}], [{8, 1}, {4, 7}, {3, 6}, {2, 5}], [{8, 1}, {4, 7}, {5, 6}, {2, 3}], [{8, 1}, {5, 7}, {2, 6}, {3, 4}], [{8, 1}, {5, 7}, {3, 6}, {2, 4}], [{8, 1}, {5, 7}, {4, 6}, {2, 3}], [{8, 1}, {5, 7}, {6}, {2, 4}, {3}], [{8, 1}, {6, 7}, {2, 5}, {3, 4}], [{8, 1}, {6, 7}, {3, 5}, {2, 4}], [{8, 1}, {6, 7}, {4, 5}, {2, 3}], [{8, 1}, {6, 7}, {5}, {2, 4}, {3}], [{8, 1}, {7}, {2, 6}, {4, 5}, {3}], [{8, 1}, {7}, {3, 6}, {5}, {2, 4}], [{8, 1}, {7}, {4, 6}, {2, 5}, {3}], [{8, 1}, {7}, {5, 6}, {2, 4}, {3}], [{8, 1}, {7}, {6}, {3, 5}, {2, 4}], [{8, 1}, {7}, {6}, {5}, {2, 4}, {3}], [{8, 2}, {1, 7}, {3, 6}, {4, 5}], [{8, 2}, {1, 7}, {4, 6}, {3, 5}], [{8, 2}, {1, 7}, {5, 6}, {3, 4}], [{8, 2}, {3, 7}, {1, 6}, {4, 5}], [{8, 2}, {3, 7}, {4, 6}, {1, 5}], [{8, 2}, {3, 7}, {5, 6}, {1, 4}], [{8, 2}, {3, 7}, {6}, {5}, {1, 4}], [{8, 2}, {4, 7}, {1, 6}, {3, 5}], [{8, 2}, {4, 7}, {3, 6}, {1, 5}], [{8, 2}, {4, 7}, {5, 6}, {1, 3}], [{8, 2}, {5, 7}, {1, 6}, {3, 4}], [{8, 2}, {5, 7}, {3, 6}, {1, 4}], [{8, 2}, {5, 7}, {4, 6}, {1, 3}], [{8, 2}, {5, 7}, {6}, {1, 4}, {3}], [{8, 2}, {6, 7}, {1, 5}, {3, 4}], [{8, 2}, {6, 7}, {3, 5}, {1, 4}], [{8, 2}, {6, 7}, {4, 5}, {1, 3}], [{8, 2}, {6, 7}, {5}, {1, 4}, {3}], [{8, 2}, {7}, {1, 6}, {4, 5}, {3}], [{8, 2}, {7}, {3, 6}, {5}, {1, 4}], [{8, 2}, {7}, {4, 6}, {1, 5}, {3}], [{8, 2}, {7}, {5, 6}, {1, 4}, {3}], [{8, 2}, {7}, {6}, {3, 5}, {1, 4}], [{8, 2}, {7}, {6}, {5}, {1, 4}, {3}], [{8, 3}, {1, 7}, {2, 6}, {4, 5}], [{8, 3}, {1, 7}, {4, 6}, {2, 5}], [{8, 3}, {1, 7}, {4, 6}, {5}, {2}], [{8, 3}, {1, 7}, {5, 6}, {2, 4}], [{8, 3}, {1, 7}, {5, 6}, {4}, {2}], [{8, 3}, {1, 7}, {6}, {4, 5}, {2}], [{8, 3}, {2, 7}, {1, 6}, {4, 5}], [{8, 3}, {2, 7}, {4, 6}, {1, 5}], [{8, 3}, {2, 7}, {4, 6}, {5}, {1}], [{8, 3}, {2, 7}, {5, 6}, {1, 4}], [{8, 3}, {2, 7}, {5, 6}, {4}, {1}], [{8, 3}, {2, 7}, {6}, {4, 5}, {1}], [{8, 3}, {4, 7}, {1, 6}, {2, 5}], [{8, 3}, {4, 7}, {2, 6}, {1, 5}], [{8, 3}, {4, 7}, {5, 6}, {1, 2}], [{8, 3}, {4, 7}, {5, 6}, {2}, {1}], [{8, 3}, {5, 7}, {1, 6}, {2, 4}], [{8, 3}, {5, 7}, {2, 6}, {1, 4}], [{8, 3}, {5, 7}, {4, 6}, {1, 2}], [{8, 3}, {5, 7}, {4, 6}, {2}, {1}], [{8, 3}, {6, 7}, {1, 5}, {2, 4}], [{8, 3}, {6, 7}, {2, 5}, {1, 4}], [{8, 3}, {6, 7}, {4, 5}, {1, 2}], [{8, 3}, {6, 7}, {4, 5}, {2}, {1}], [{8, 3}, {7}, {1, 6}, {4, 5}, {2}], [{8, 3}, {7}, {2, 6}, {4, 5}, {1}], [{8, 3}, {7}, {4, 6}, {1, 5}, {2}], [{8, 3}, {7}, {4, 6}, {2, 5}, {1}], [{8, 3}, {7}, {4, 6}, {5}, {1, 2}], [{8, 3}, {7}, {4, 6}, {5}, {2}, {1}], [{8, 3}, {7}, {5, 6}, {1, 4}, {2}], [{8, 3}, {7}, {5, 6}, {2, 4}, {1}], [{8, 3}, {7}, {5, 6}, {4}, {1, 2}], [{8, 3}, {7}, {5, 6}, {4}, {2}, {1}], [{8, 3}, {7}, {6}, {4, 5}, {1, 2}], [{8, 3}, {7}, {6}, {4, 5}, {2}, {1}], [{8, 4}, {1, 7}, {2, 6}, {3, 5}], [{8, 4}, {1, 7}, {3, 6}, {2, 5}], [{8, 4}, {1, 7}, {5, 6}, {2, 3}], [{8, 4}, {1, 7}, {6}, {2, 5}, {3}], [{8, 4}, {1, 7}, {6}, {3, 5}, {2}], [{8, 4}, {1, 7}, {6}, {5}, {2, 3}], [{8, 4}, {2, 7}, {1, 6}, {3, 5}], [{8, 4}, {2, 7}, {3, 6}, {1, 5}], [{8, 4}, {2, 7}, {3, 6}, {5}, {1}], [{8, 4}, {2, 7}, {5, 6}, {1, 3}], [{8, 4}, {2, 7}, {5, 6}, {3}, {1}], [{8, 4}, {2, 7}, {6}, {3, 5}, {1}], [{8, 4}, {3, 7}, {1, 6}, {2, 5}], [{8, 4}, {3, 7}, {2, 6}, {1, 5}], [{8, 4}, {3, 7}, {5, 6}, {1, 2}], [{8, 4}, {5, 7}, {1, 6}, {2, 3}], [{8, 4}, {5, 7}, {2, 6}, {1, 3}], [{8, 4}, {5, 7}, {3, 6}, {1, 2}], [{8, 4}, {6, 7}, {1, 5}, {2, 3}], [{8, 4}, {6, 7}, {2, 5}, {1, 3}], [{8, 4}, {6, 7}, {2, 5}, {3}, {1}], [{8, 4}, {6, 7}, {3, 5}, {1, 2}], [{8, 4}, {6, 7}, {3, 5}, {2}, {1}], [{8, 4}, {6, 7}, {5}, {2, 3}, {1}], [{8, 4}, {7}, {1, 6}, {2, 5}, {3}], [{8, 4}, {7}, {1, 6}, {3, 5}, {2}], [{8, 4}, {7}, {1, 6}, {5}, {2, 3}], [{8, 4}, {7}, {2, 6}, {1, 5}, {3}], [{8, 4}, {7}, {2, 6}, {3, 5}, {1}], [{8, 4}, {7}, {2, 6}, {5}, {1, 3}], [{8, 4}, {7}, {6}, {3, 5}, {1, 2}], [{8, 4}, {7}, {6}, {3, 5}, {2}, {1}], [{8, 5}, {1, 7}, {2, 6}, {3, 4}], [{8, 5}, {1, 7}, {3, 6}, {2, 4}], [{8, 5}, {1, 7}, {4, 6}, {2, 3}], [{8, 5}, {2, 7}, {1, 6}, {3, 4}], [{8, 5}, {2, 7}, {3, 6}, {1, 4}], [{8, 5}, {2, 7}, {3, 6}, {4}, {1}], [{8, 5}, {2, 7}, {4, 6}, {1, 3}], [{8, 5}, {2, 7}, {4, 6}, {3}, {1}], [{8, 5}, {2, 7}, {6}, {3, 4}, {1}], [{8, 5}, {3, 7}, {1, 6}, {2, 4}], [{8, 5}, {3, 7}, {2, 6}, {1, 4}], [{8, 5}, {3, 7}, {4, 6}, {1, 2}], [{8, 5}, {4, 7}, {1, 6}, {2, 3}], [{8, 5}, {4, 7}, {2, 6}, {1, 3}], [{8, 5}, {4, 7}, {3, 6}, {1, 2}], [{8, 5}, {6, 7}, {1, 4}, {2, 3}], [{8, 5}, {6, 7}, {2, 4}, {1, 3}], [{8, 5}, {6, 7}, {3, 4}, {1, 2}], [{8, 5}, {6, 7}, {4}, {3}, {1, 2}], [{8, 5}, {7}, {1, 6}, {4}, {2, 3}], [{8, 5}, {7}, {2, 6}, {4}, {1, 3}], [{8, 6}, {1, 7}, {2, 5}, {3, 4}], [{8, 6}, {1, 7}, {3, 5}, {2, 4}], [{8, 6}, {1, 7}, {4, 5}, {2, 3}], [{8, 6}, {1, 7}, {5}, {3, 4}, {2}], [{8, 6}, {2, 7}, {1, 5}, {3, 4}], [{8, 6}, {2, 7}, {3, 5}, {1, 4}], [{8, 6}, {2, 7}, {3, 5}, {4}, {1}], [{8, 6}, {2, 7}, {4, 5}, {1, 3}], [{8, 6}, {2, 7}, {4, 5}, {3}, {1}], [{8, 6}, {2, 7}, {5}, {3, 4}, {1}], [{8, 6}, {3, 7}, {1, 5}, {2, 4}], [{8, 6}, {3, 7}, {2, 5}, {1, 4}], [{8, 6}, {3, 7}, {4, 5}, {1, 2}], [{8, 6}, {4, 7}, {1, 5}, {2, 3}], [{8, 6}, {4, 7}, {2, 5}, {1, 3}], [{8, 6}, {4, 7}, {3, 5}, {1, 2}], [{8, 6}, {5, 7}, {1, 4}, {2, 3}], [{8, 6}, {5, 7}, {2, 4}, {1, 3}], [{8, 6}, {5, 7}, {3, 4}, {1, 2}], [{8, 6}, {5, 7}, {3, 4}, {2}, {1}], [{8, 6}, {7}, {1, 5}, {3, 4}, {2}], [{8, 6}, {7}, {2, 5}, {3, 4}, {1}], [{8, 6}, {7}, {5}, {3, 4}, {1, 2}], [{8, 6}, {7}, {5}, {3, 4}, {2}, {1}], [{8, 7}, {1, 6}, {2, 5}, {3, 4}], [{8, 7}, {1, 6}, {3, 5}, {2, 4}], [{8, 7}, {1, 6}, {4, 5}, {2, 3}], [{8, 7}, {1, 6}, {5}, {4}, {2, 3}], [{8, 7}, {2, 6}, {1, 5}, {3, 4}], [{8, 7}, {2, 6}, {3, 5}, {1, 4}], [{8, 7}, {2, 6}, {4, 5}, {1, 3}], [{8, 7}, {2, 6}, {5}, {4}, {1, 3}], [{8, 7}, {3, 6}, {1, 5}, {2, 4}], [{8, 7}, {3, 6}, {2, 5}, {1, 4}], [{8, 7}, {3, 6}, {2, 5}, {4}, {1}], [{8, 7}, {3, 6}, {4, 5}, {1, 2}], [{8, 7}, {4, 6}, {1, 5}, {2, 3}], [{8, 7}, {4, 6}, {2, 5}, {1, 3}], [{8, 7}, {4, 6}, {3, 5}, {1, 2}], [{8, 7}, {4, 6}, {5}, {3}, {1, 2}], [{8, 7}, {5, 6}, {1, 4}, {2, 3}], [{8, 7}, {5, 6}, {2, 4}, {1, 3}], [{8, 7}, {5, 6}, {3, 4}, {1, 2}], [{8, 7}, {5, 6}, {4}, {3}, {1, 2}], [{8, 7}, {6}, {4, 5}, {3}, {1, 2}], [{8}, {2, 7}, {3, 6}, {4, 5}, {1}], [{8}, {2, 7}, {4, 6}, {3, 5}, {1}], [{8}, {2, 7}, {5, 6}, {3, 4}, {1}], [{8}, {3, 7}, {4, 6}, {5}, {1, 2}], [{8}, {3, 7}, {5, 6}, {4}, {1, 2}], [{8}, {3, 7}, {6}, {4, 5}, {1, 2}], [{8}, {4, 7}, {1, 6}, {5}, {2, 3}], [{8}, {4, 7}, {2, 6}, {5}, {1, 3}], [{8}, {5, 7}, {1, 6}, {4}, {2, 3}], [{8}, {5, 7}, {2, 6}, {4}, {1, 3}], [{8}, {7}, {1, 6}, {4, 5}, {2, 3}], [{8}, {7}, {1, 6}, {5}, {4}, {2, 3}], [{8}, {7}, {2, 6}, {4, 5}, {1, 3}], [{8}, {7}, {2, 6}, {5}, {4}, {1, 3}], [{8}, {7}, {4, 6}, {1, 5}, {2, 3}], [{8}, {7}, {4, 6}, {2, 5}, {1, 3}], [{8}, {7}, {5, 6}, {1, 4}, {2, 3}], [{8}, {7}, {5, 6}, {2, 4}, {1, 3}]]",2,32 K_1^3 - 10 K_1^2 - 20 K_1 K_2 - 14 K_1 + 5 K_2 + 2 K_3 + 6,O1O2O3O4U2U5U6O7U3O8O6U4U8O5U1U7,O1O2O3U4U5U3U6O7O6U2O8O4U1U8O5U7,O1O2O3U4O5U6U3O7O6U2O8O4U8U1U5U7,c,"{'O1O2O3O4U5U4O6U2U7O8U1O7O5U8U6U3', 'O1O2O3O4U5U4O6U7U1O8O7U2O5U8U6U3'}",2,"<a href=""/flatknot/8.850941"">8.850941</a>",t^9-23t^7-48t^6-3t^5+38t^4+t^3+4t^2+20t,-t^2+2t,,
8.850942,O1O2O3O4U5U4O6U7U1O8O7U3O5U6U8U2,4,2z^3+19z^2+66z+73,2w^4z^3+19w^3z^2+66w^2z+73w,False,False,"[[ 0 -1  1  0  1 -1  0  0  0],[ 1  0  1  0  0  0  0  1  0],[-1 -1  0 -1  1 -1 -1  0  0],[ 0  0  1  0  0 -1  0  0  0],[-1  0 -1  0  0 -1 -1 -1 -1],[ 1  0  1  1  1  0  0  1  0],[ 0  0  1  0  1  0  0  0  0],[ 0 -1  0  0  1 -1  0  0  0],[ 0  0  0  0  1  0  0  0  0]]","[[ 0  1  1  0  0  0  0 -1 -1],[-1  0  1  0  0 -1 -1 -1 -1],[-1 -1  0 -1 -1  0 -1  0 -1],[ 0  0  1  0  0  0  0  0  0],[ 0  0  1  0  0  0  0 -1 -1],[ 0  1  0  0  0  0  0  0 -1],[ 0  1  1  0  0  0  0  0  0],[ 1  1  0  0  1  0  0  0  0],[ 1  1  1  0  1  1  0  0  0]]",True,"[-1,-1,0,0,0,0,1,1,-1,0,0,1,1,1,1,1,1,0,1,0,1,0,0,0,0,0,0,0,1,1,0,0,1,0,0,0]","[-1,-1,0,0,0,0,1,1,-1,0,0,0,1,1,2,0,1,1,0,1,1,0,0,0,1,1,0,0,0,0,0,1,1,0,1,0]",t^8+12t^6+28t^4+17t^2+1,"[-1,-1,0,0,0,0,1,1,0,0,0,1,1,1,1,0,1,1,1,1,2,0,0,0,1,0,0,0,0,1,0,0,0,1,0,-1]","[-1,-1,0,0,0,0,1,1,-1,0,0,0,1,1,2,0,1,1,0,1,1,0,0,0,1,1,0,0,0,0,0,1,1,0,1,0]","[-1,-1,0,0,0,0,1,1,0,0,0,0,1,0,1,0,0,1,1,1,1,0,0,0,1,0,0,0,1,1,0,0,1,1,0,-1]",c,"[[{8, 1}, {5, 7}, {4, 6}, {2, 3}], [{8, 3}, {6, 7}, {2, 5}, {1, 4}], [{8, 4}, {2, 7}, {1, 6}, {3, 5}], [{8, 7}, {1, 6}, {3, 5}, {2, 4}], [{8}, {6, 7}, {2, 5}, {1, 4}, {3}]]",1,- 20 K_1^2 + 10 K_2 + 11,O1O2O3O4U3U5U6O7U2O8O5U4U8O6U1U7,O1O2O3U4U3U5U6O7O6U1O8O4U2U8O5U7,O1O2O3U4O5U6U2O7O6U3O8O4U8U5U1U7,c,"{'O1O2O3O4U5U4O6U7U1O8O7U3O5U6U8U2', 'O1O2O3O4U5U4U6O7U1O6O8U3O5U8U7U2'}",2,"<a href=""/flatknot/8.850942"">8.850942</a>",t^9-12t^7-6t^6+28t^5+8t^4-20t^3+2t,0,,
8.850943,O1O2O3O4U5U4O6U7U1O8O7U3O5U8U2U6,4,18z^2+95z+119,-4w^4z^2+22w^3z^2-4w^3z+99w^2z+119w,False,False,"[[ 0 -1  0  0  1 -1  2  0 -1],[ 1  0  0  0  0  0  1  1 -1],[ 0  0  0  0  1 -1  1  1 -1],[ 0  0  0  0  0 -1  1  0 -1],[-1  0 -1  0  0 -1 -1 -1 -1],[ 1  0  1  1  1  0  1  1  0],[-2 -1 -1 -1  1 -1  0 -1 -1],[ 0 -1 -1  0  1 -1  1  0 -1],[ 1  1  1  1  1  0  1  1  0]]","[[ 0  2  1  0  0  0 -1 -1 -1],[-2  0  1 -1 -1 -1 -1 -1 -1],[-1 -1  0  0 -1 -1  0 -1 -1],[ 0  1  0  0  0  0  0 -1 -1],[ 0  1  1  0  0  1  0 -1 -1],[ 0  1  1  0 -1  0 -1 -1 -1],[ 1  1  0  0  0  1  0  0 -1],[ 1  1  1  1  1  1  0  0  0],[ 1  1  1  1  1  1  1  0  0]]",True,"[-2,-1,0,0,0,1,1,1,-1,1,1,1,1,1,1,0,1,1,0,1,1,0,0,0,1,1,-1,0,1,1,1,1,1,0,1,0]","[-2,-1,0,0,0,1,1,1,-1,1,1,1,1,1,1,0,1,1,0,1,1,0,0,0,1,1,-1,0,1,1,1,1,1,0,1,0]",t^8+20t^6+51t^4+30t^2+4,"[-1,-1,-1,0,0,0,1,2,-1,0,0,0,0,1,2,0,0,1,1,2,2,0,0,0,1,2,0,1,0,1,0,1,1,0,1,2]","[-2,-1,0,0,0,1,1,1,2,1,1,1,2,2,2,0,0,1,1,1,2,-1,0,0,0,0,0,0,0,1,0,0,1,0,0,1]","[-1,-1,-1,0,0,0,1,2,-1,0,0,0,1,0,1,0,1,1,1,1,1,1,1,1,1,1,0,0,0,1,1,1,1,1,1,-1]",c,"[[{8, 7}, {1, 6}, {3, 5}, {2, 4}]]",1,32 K_1^3 + 8 K_1^2 K_2 - 34 K_1^2 - 28 K_1 K_2 - 8 K_1 K_3 - 10 K_1 + 17 K_2 + 6 K_3 + 2 K_4 + 16,O1O2O3O4U5U3U6O7U2O8O6U4U8O5U1U7,O1O2O3U4U2U5U6O7O6U3O8O4U1U8O5U7,O1O2O3U4O5U6U3O7O6U1O8O4U8U5U2U7,c,{'O1O2O3O4U5U4O6U7U1O8O7U3O5U8U2U6'},1,"<a href=""/flatknot/8.850943"">8.850943</a>",t^9-18t^7-40t^6-28t^5+16t^4+63t^3+30t^2-21t-8,-t^2+2t,,
8.850944,O1O2O3O4U5U4O6U7U1O8O7U3O5U8U6U2,4,16z^2+97z+131,-2w^4z^2+18w^3z^2-4w^3z+101w^2z+131w,False,False,"[[ 0 -1  1  0  1 -1  1  0 -1],[ 1  0  1  0  0  0  0  1 -1],[-1 -1  0 -1  1 -1  0  0 -1],[ 0  0  1  0  0 -1  1  0 -1],[-1  0 -1  0  0 -1 -1 -1 -1],[ 1  0  1  1  1  0  0  1  0],[-1  0  0 -1  1  0  0  0 -1],[ 0 -1  0  0  1 -1  0  0 -1],[ 1  1  1  1  1  0  1  1  0]]","[[ 0  1  1  1  0  0 -1 -1 -1],[-1  0  1  0  0 -1  0  0 -1],[-1 -1  0 -1 -1  0  0 -1 -1],[-1  0  1  0  0 -1 -1 -1 -1],[ 0  0  1  0  0  0 -1 -1 -1],[ 0  1  0  1  0  0  0 -1 -1],[ 1  0  0  1  1  0  0  0 -1],[ 1  0  1  1  1  1  0  0  0],[ 1  1  1  1  1  1  1  0  0]]",True,"[-1,-1,-1,0,0,1,1,1,-1,0,0,1,0,0,1,1,1,0,0,1,1,0,1,1,1,1,0,1,1,1,0,1,1,0,1,0]","[-1,-1,-1,0,0,1,1,1,-1,-1,0,1,1,1,2,0,1,0,1,1,1,1,0,1,2,2,0,0,0,0,0,0,1,0,1,0]",t^8+17t^6+57t^4+53t^2+4,"[-1,-1,-1,0,0,1,1,1,-1,0,0,0,1,1,1,0,0,1,1,2,2,0,0,1,1,2,0,1,0,1,0,1,0,-1,0,1]","[-1,-1,-1,0,0,1,1,1,-1,-1,0,1,1,1,2,0,1,0,1,1,1,1,0,1,2,2,0,0,0,0,0,0,1,0,1,0]","[-1,-1,-1,0,0,1,1,1,-1,0,0,1,0,0,1,0,1,1,1,1,1,1,1,0,1,1,0,1,0,1,0,1,0,1,0,-1]",c,"[[{8, 2}, {3, 7}, {5, 6}, {1, 4}], [{8, 2}, {7}, {5, 6}, {1, 4}, {3}], [{8, 4}, {3, 7}, {5, 6}, {1, 2}], [{8, 7}, {1, 6}, {3, 5}, {2, 4}]]",1,12 K_1^3 - 28 K_1^2 - 24 K_1 K_2 + 3 K_1 + 14 K_2 + 9 K_3 + 15,O1O2O3O4U3U5U6O7U2O8O6U4U8O5U1U7,O1O2O3U4U3U5U6O7O6U2O8O4U1U8O5U7,O1O2O3U4O5U6U3O7O6U2O8O4U8U5U1U7,c,{'O1O2O3O4U5U4O6U7U1O8O7U3O5U8U6U2'},1,"<a href=""/flatknot/8.850944"">8.850944</a>",t^9-17t^7-18t^6+29t^5+12t^4-5t^3+12t^2-20t+6,0,,
8.850945,O1O2O3O4U5U4O6U7U1O8O7U8O5U2U3U6,4,6z^3+42z^2+109z+99,6w^4z^3+42w^3z^2+109w^2z+99w,False,False,"[[ 0 -1 -1  1  1 -1  2  0 -1],[ 1  0 -1  0  0  1  1  1 -1],[ 1  1  0  1  1  0  1  2 -1],[-1  0 -1  0  1 -2  0  0 -1],[-1  0 -1 -1  0 -1 -1 -1  0],[ 1 -1  0  2  1  0  2  0  0],[-2 -1 -1  0  1 -2  0 -1 -1],[ 0 -1 -2  0  1  0  1  0 -1],[ 1  1  1  1  0  0  1  1  0]]","[[ 0  2  1  1  0 -1 -1 -1 -1],[-2  0  1  0 -1 -1 -1 -1 -2],[-1 -1  0 -1 -1  0  0 -1 -1],[-1  0  1  0  0  0 -1 -1 -2],[ 0  1  1  0  0 -1 -1 -2  0],[ 1  1  0  0  1  0 -1 -1  1],[ 1  1  0  1  1  1  0  1  0],[ 1  1  1  1  2  1 -1  0  0],[ 1  2  1  2  0 -1  0  0  0]]",True,"[-2,-1,-1,0,1,1,1,1,-1,0,1,1,1,1,2,1,1,0,0,1,1,0,0,1,1,2,1,1,2,0,1,1,-1,-1,0,0]","[-2,-1,-1,0,1,1,1,1,-1,0,1,1,1,1,2,1,1,0,0,1,1,0,0,1,1,2,1,1,2,0,1,1,-1,-1,0,0]",t^8+29t^6+158t^4+55t^2+1,"[-1,-1,-1,-1,0,1,1,2,-1,-1,0,0,1,2,2,-1,0,-1,1,1,2,-1,0,2,2,2,1,0,1,1,1,0,1,-1,1,2]","[-2,-1,-1,0,1,1,1,1,1,2,1,1,2,2,2,1,1,0,1,1,2,0,1,1,2,2,1,-1,0,0,0,0,-1,-1,1,1]","[-1,-1,-1,-1,0,1,1,2,-1,-1,1,1,0,0,1,-1,0,2,1,1,1,0,1,0,1,1,0,1,2,2,1,0,1,-1,-1,0]",c,"[[{8, 1}, {2, 7}, {3, 6}, {4, 5}], [{8, 1}, {2, 7}, {4, 6}, {3, 5}], [{8, 1}, {2, 7}, {5, 6}, {3, 4}], [{8, 1}, {3, 7}, {2, 6}, {4, 5}], [{8, 1}, {3, 7}, {4, 6}, {2, 5}], [{8, 1}, {3, 7}, {5, 6}, {2, 4}], [{8, 1}, {3, 7}, {5, 6}, {4}, {2}], [{8, 1}, {4, 7}, {2, 6}, {3, 5}], [{8, 1}, {4, 7}, {3, 6}, {2, 5}], [{8, 1}, {4, 7}, {5, 6}, {2, 3}], [{8, 1}, {4, 7}, {6}, {3, 5}, {2}], [{8, 1}, {5, 7}, {2, 6}, {3, 4}], [{8, 1}, {5, 7}, {3, 6}, {2, 4}], [{8, 1}, {5, 7}, {4, 6}, {2, 3}], [{8, 1}, {5, 7}, {6}, {2, 4}, {3}], [{8, 1}, {6, 7}, {2, 5}, {3, 4}], [{8, 1}, {6, 7}, {3, 5}, {2, 4}], [{8, 1}, {6, 7}, {4, 5}, {2, 3}], [{8, 1}, {6, 7}, {5}, {2, 4}, {3}], [{8, 1}, {7}, {4, 6}, {2, 5}, {3}], [{8, 1}, {7}, {5, 6}, {2, 4}, {3}], [{8, 1}, {7}, {6}, {4, 5}, {2, 3}], [{8, 2}, {1, 7}, {3, 6}, {4, 5}], [{8, 2}, {1, 7}, {4, 6}, {3, 5}], [{8, 2}, {1, 7}, {5, 6}, {3, 4}], [{8, 2}, {3, 7}, {1, 6}, {4, 5}], [{8, 2}, {3, 7}, {1, 6}, {5}, {4}], [{8, 2}, {3, 7}, {4, 6}, {1, 5}], [{8, 2}, {3, 7}, {5, 6}, {1, 4}], [{8, 2}, {3, 7}, {5, 6}, {4}, {1}], [{8, 2}, {3, 7}, {6}, {1, 5}, {4}], [{8, 2}, {4, 7}, {1, 6}, {3, 5}], [{8, 2}, {4, 7}, {3, 6}, {1, 5}], [{8, 2}, {4, 7}, {5, 6}, {1, 3}], [{8, 2}, {4, 7}, {5, 6}, {3}, {1}], [{8, 2}, {4, 7}, {6}, {5}, {1, 3}], [{8, 2}, {5, 7}, {1, 6}, {3, 4}], [{8, 2}, {5, 7}, {3, 6}, {1, 4}], [{8, 2}, {5, 7}, {4, 6}, {1, 3}], [{8, 2}, {6, 7}, {1, 5}, {3, 4}], [{8, 2}, {6, 7}, {3, 5}, {1, 4}], [{8, 2}, {6, 7}, {4, 5}, {1, 3}], [{8, 2}, {7}, {5, 6}, {3, 4}, {1}], [{8, 3}, {1, 7}, {2, 6}, {4, 5}], [{8, 3}, {1, 7}, {4, 6}, {2, 5}], [{8, 3}, {1, 7}, {5, 6}, {2, 4}], [{8, 3}, {1, 7}, {5, 6}, {4}, {2}], [{8, 3}, {2, 7}, {1, 6}, {4, 5}], [{8, 3}, {2, 7}, {4, 6}, {1, 5}], [{8, 3}, {2, 7}, {5, 6}, {1, 4}], [{8, 3}, {2, 7}, {5, 6}, {4}, {1}], [{8, 3}, {4, 7}, {1, 6}, {2, 5}], [{8, 3}, {4, 7}, {2, 6}, {1, 5}], [{8, 3}, {4, 7}, {5, 6}, {1, 2}], [{8, 3}, {4, 7}, {5, 6}, {2}, {1}], [{8, 3}, {5, 7}, {1, 6}, {2, 4}], [{8, 3}, {5, 7}, {2, 6}, {1, 4}], [{8, 3}, {5, 7}, {4, 6}, {1, 2}], [{8, 3}, {6, 7}, {1, 5}, {2, 4}], [{8, 3}, {6, 7}, {2, 5}, {1, 4}], [{8, 3}, {6, 7}, {4, 5}, {1, 2}], [{8, 3}, {7}, {1, 6}, {5}, {2, 4}], [{8, 3}, {7}, {2, 6}, {5}, {1, 4}], [{8, 3}, {7}, {5, 6}, {1, 4}, {2}], [{8, 3}, {7}, {5, 6}, {2, 4}, {1}], [{8, 3}, {7}, {5, 6}, {4}, {1, 2}], [{8, 3}, {7}, {5, 6}, {4}, {2}, {1}], [{8, 3}, {7}, {6}, {1, 5}, {2, 4}], [{8, 3}, {7}, {6}, {2, 5}, {1, 4}], [{8, 4}, {1, 7}, {2, 6}, {3, 5}], [{8, 4}, {1, 7}, {3, 6}, {2, 5}], [{8, 4}, {1, 7}, {5, 6}, {2, 3}], [{8, 4}, {2, 7}, {1, 6}, {3, 5}], [{8, 4}, {2, 7}, {1, 6}, {5}, {3}], [{8, 4}, {2, 7}, {3, 6}, {1, 5}], [{8, 4}, {2, 7}, {5, 6}, {1, 3}], [{8, 4}, {2, 7}, {5, 6}, {3}, {1}], [{8, 4}, {2, 7}, {6}, {1, 5}, {3}], [{8, 4}, {3, 7}, {1, 6}, {2, 5}], [{8, 4}, {3, 7}, {1, 6}, {5}, {2}], [{8, 4}, {3, 7}, {2, 6}, {1, 5}], [{8, 4}, {3, 7}, {5, 6}, {1, 2}], [{8, 4}, {3, 7}, {5, 6}, {2}, {1}], [{8, 4}, {3, 7}, {6}, {1, 5}, {2}], [{8, 4}, {5, 7}, {1, 6}, {2, 3}], [{8, 4}, {5, 7}, {2, 6}, {1, 3}], [{8, 4}, {5, 7}, {3, 6}, {1, 2}], [{8, 4}, {6, 7}, {1, 5}, {2, 3}], [{8, 4}, {6, 7}, {1, 5}, {3}, {2}], [{8, 4}, {6, 7}, {2, 5}, {1, 3}], [{8, 4}, {6, 7}, {3, 5}, {1, 2}], [{8, 4}, {7}, {1, 6}, {5}, {2, 3}], [{8, 4}, {7}, {2, 6}, {1, 5}, {3}], [{8, 4}, {7}, {3, 6}, {1, 5}, {2}], [{8, 4}, {7}, {5, 6}, {2, 3}, {1}], [{8, 4}, {7}, {6}, {1, 5}, {2, 3}], [{8, 5}, {1, 7}, {2, 6}, {3, 4}], [{8, 5}, {1, 7}, {3, 6}, {2, 4}], [{8, 5}, {1, 7}, {4, 6}, {2, 3}], [{8, 5}, {2, 7}, {1, 6}, {3, 4}], [{8, 5}, {2, 7}, {1, 6}, {4}, {3}], [{8, 5}, {2, 7}, {3, 6}, {1, 4}], [{8, 5}, {2, 7}, {4, 6}, {1, 3}], [{8, 5}, {3, 7}, {1, 6}, {2, 4}], [{8, 5}, {3, 7}, {1, 6}, {4}, {2}], [{8, 5}, {3, 7}, {2, 6}, {1, 4}], [{8, 5}, {3, 7}, {4, 6}, {1, 2}], [{8, 5}, {4, 7}, {1, 6}, {2, 3}], [{8, 5}, {4, 7}, {2, 6}, {1, 3}], [{8, 5}, {4, 7}, {3, 6}, {1, 2}], [{8, 5}, {6, 7}, {1, 4}, {2, 3}], [{8, 5}, {6, 7}, {2, 4}, {1, 3}], [{8, 5}, {6, 7}, {3, 4}, {1, 2}], [{8, 5}, {7}, {1, 6}, {4}, {2, 3}], [{8, 5}, {7}, {6}, {2, 4}, {1, 3}], [{8, 6}, {1, 7}, {2, 5}, {3, 4}], [{8, 6}, {1, 7}, {2, 5}, {4}, {3}], [{8, 6}, {1, 7}, {3, 5}, {2, 4}], [{8, 6}, {1, 7}, {4, 5}, {2, 3}], [{8, 6}, {2, 7}, {1, 5}, {3, 4}], [{8, 6}, {2, 7}, {3, 5}, {1, 4}], [{8, 6}, {2, 7}, {3, 5}, {4}, {1}], [{8, 6}, {2, 7}, {4, 5}, {1, 3}], [{8, 6}, {3, 7}, {1, 5}, {2, 4}], [{8, 6}, {3, 7}, {1, 5}, {4}, {2}], [{8, 6}, {3, 7}, {2, 5}, {1, 4}], [{8, 6}, {3, 7}, {4, 5}, {1, 2}], [{8, 6}, {4, 7}, {1, 5}, {2, 3}], [{8, 6}, {4, 7}, {2, 5}, {1, 3}], [{8, 6}, {4, 7}, {2, 5}, {3}, {1}], [{8, 6}, {4, 7}, {3, 5}, {1, 2}], [{8, 6}, {5, 7}, {1, 4}, {2, 3}], [{8, 6}, {5, 7}, {2, 4}, {1, 3}], [{8, 6}, {5, 7}, {3, 4}, {1, 2}], [{8, 6}, {5, 7}, {4}, {3}, {1, 2}], [{8, 6}, {7}, {2, 5}, {1, 4}, {3}], [{8, 6}, {7}, {4, 5}, {2, 3}, {1}], [{8, 6}, {7}, {5}, {2, 4}, {1, 3}], [{8, 7}, {1, 6}, {2, 5}, {3, 4}], [{8, 7}, {1, 6}, {3, 5}, {2, 4}], [{8, 7}, {1, 6}, {4, 5}, {2, 3}], [{8, 7}, {1, 6}, {5}, {2, 4}, {3}], [{8, 7}, {2, 6}, {1, 5}, {3, 4}], [{8, 7}, {2, 6}, {3, 5}, {1, 4}], [{8, 7}, {2, 6}, {4, 5}, {1, 3}], [{8, 7}, {2, 6}, {5}, {4}, {1, 3}], [{8, 7}, {3, 6}, {1, 5}, {2, 4}], [{8, 7}, {3, 6}, {2, 5}, {1, 4}], [{8, 7}, {3, 6}, {4, 5}, {1, 2}], [{8, 7}, {3, 6}, {4, 5}, {2}, {1}], [{8, 7}, {3, 6}, {5}, {4}, {1, 2}], [{8, 7}, {4, 6}, {1, 5}, {2, 3}], [{8, 7}, {4, 6}, {2, 5}, {1, 3}], [{8, 7}, {4, 6}, {3, 5}, {1, 2}], [{8, 7}, {4, 6}, {3, 5}, {2}, {1}], [{8, 7}, {4, 6}, {5}, {3}, {1, 2}], [{8, 7}, {5, 6}, {1, 4}, {2, 3}], [{8, 7}, {5, 6}, {1, 4}, {3}, {2}], [{8, 7}, {5, 6}, {2, 4}, {1, 3}], [{8, 7}, {5, 6}, {2, 4}, {3}, {1}], [{8, 7}, {5, 6}, {3, 4}, {1, 2}], [{8, 7}, {5, 6}, {3, 4}, {2}, {1}], [{8, 7}, {5, 6}, {4}, {1, 3}, {2}], [{8, 7}, {5, 6}, {4}, {2, 3}, {1}], [{8, 7}, {5, 6}, {4}, {3}, {1, 2}], [{8, 7}, {5, 6}, {4}, {3}, {2}, {1}], [{8, 7}, {6}, {1, 5}, {2, 4}, {3}], [{8, 7}, {6}, {2, 5}, {4}, {1, 3}], [{8, 7}, {6}, {3, 5}, {4}, {1, 2}], [{8, 7}, {6}, {4, 5}, {3}, {1, 2}], [{8, 7}, {6}, {5}, {3, 4}, {1, 2}], [{8}, {1, 7}, {5, 6}, {2, 4}, {3}], [{8}, {2, 7}, {1, 6}, {4, 5}, {3}], [{8}, {2, 7}, {3, 6}, {1, 5}, {4}], [{8}, {2, 7}, {5, 6}, {3, 4}, {1}], [{8}, {3, 7}, {1, 6}, {2, 5}, {4}], [{8}, {3, 7}, {1, 6}, {4, 5}, {2}], [{8}, {3, 7}, {1, 6}, {5}, {2, 4}], [{8}, {3, 7}, {1, 6}, {5}, {4}, {2}], [{8}, {3, 7}, {2, 6}, {1, 5}, {4}], [{8}, {3, 7}, {4, 6}, {1, 5}, {2}], [{8}, {3, 7}, {5, 6}, {1, 4}, {2}], [{8}, {3, 7}, {5, 6}, {2, 4}, {1}], [{8}, {3, 7}, {5, 6}, {4}, {1, 2}], [{8}, {3, 7}, {5, 6}, {4}, {2}, {1}], [{8}, {3, 7}, {6}, {1, 5}, {2, 4}], [{8}, {3, 7}, {6}, {1, 5}, {4}, {2}], [{8}, {4, 7}, {5, 6}, {2, 3}, {1}], [{8}, {6, 7}, {1, 5}, {4}, {2, 3}], [{8}, {7}, {1, 6}, {4, 5}, {2, 3}], [{8}, {7}, {3, 6}, {2, 5}, {1, 4}], [{8}, {7}, {5, 6}, {2, 4}, {1, 3}], [{8}, {7}, {5, 6}, {2, 4}, {3}, {1}]]",2,- 8 K_1^4 + 12 K_1^3 + 16 K_1^2 K_2 - 12 K_1^2 - 12 K_1 K_2 - 6 K_1 K_3 - 3 K_1 + 5 K_2 + 3 K_3 + 6,O1O2O3O4U5U2U3O6U7O8O7U4U8O5U1U6,O1O2O3U4U1U2U5O6O5U3O7O4U8U7O8U6,O1O2O3U4O5U6U5O7O6U1O8O4U8U2U3U7,c,{'O1O2O3O4U5U4O6U7U1O8O7U8O5U2U3U6'},1,"<a href=""/flatknot/8.850945"">8.850945</a>",t^9-27t^7-52t^6+43t^5+138t^4+36t^3-80t^2-70t+14,-t^2+2t,,
8.850946,O1O2O3O4U5U4O6U7U1O8O7U8O5U2U6U3,4,15z^2+100z+141,15w^3z^2+100w^2z+141w,False,False,"[[ 0 -1 -1  2  1 -1  1  0 -1],[ 1  0 -1  1  0  1  0  1 -1],[ 1  1  0  2  1  0  0  2 -1],[-2 -1 -2  0  1 -2 -1 -1 -1],[-1  0 -1 -1  0 -1 -1 -1  0],[ 1 -1  0  2  1  0  1  0  0],[-1  0  0  1  1 -1  0  0 -1],[ 0 -1 -2  1  1  0  0  0 -1],[ 1  1  1  1  0  0  1  1  0]]","[[ 0  2  1  1  0 -1 -1 -1 -1],[-2  0  1 -1 -1 -1 -1 -2 -2],[-1 -1  0 -1 -1  0  0 -1 -1],[-1  1  1  0  0  0 -1  0 -1],[ 0  1  1  0  0 -1 -1 -2  0],[ 1  1  0  0  1  0 -1 -1  1],[ 1  1  0  1  1  1  0  1  0],[ 1  2  1  0  2  1 -1  0  0],[ 1  2  1  1  0 -1  0  0  0]]",True,"[-2,-1,-1,0,1,1,1,1,-1,1,1,1,1,2,2,1,1,0,0,1,1,0,0,1,0,1,1,1,2,0,1,1,-1,-1,0,0]","[-2,-1,-1,0,1,1,1,1,-1,1,1,1,1,2,2,1,1,0,0,1,1,0,0,1,0,1,1,1,2,0,1,1,-1,-1,0,0]",t^8+29t^6+132t^4+55t^2+4,"[-1,-1,-1,-1,0,1,1,2,-1,-1,0,0,1,2,2,-1,0,-1,2,1,1,-1,0,2,2,2,1,1,1,1,1,0,1,-1,0,2]","[-2,-1,-1,0,1,1,1,1,0,2,1,1,1,2,2,1,1,1,2,1,2,0,1,1,2,2,1,-1,0,0,0,0,-1,-1,1,1]","[-1,-1,-1,-1,0,1,1,2,-1,-1,1,1,0,0,1,-1,0,2,0,1,2,0,1,1,0,1,0,1,1,2,0,1,1,1,1,-1]",c,"[[{8, 3}, {6, 7}, {1, 5}, {2, 4}], [{8, 4}, {6, 7}, {1, 5}, {2, 3}]]",1,4 K_1^3 - 26 K_1^2 - 20 K_1 K_2 + 7 K_1 + 13 K_2 + 9 K_3 + 14,O1O2O3O4U2U5U3O6U7O8O7U4U8O5U1U6,O1O2O3U4U1U3U5O6O5U2O7O4U8U7O8U6,O1O2O3U4O5U6U5O7O6U2O8O4U8U1U3U7,c,{'O1O2O3O4U5U4O6U7U1O8O7U8O5U2U6U3'},1,"<a href=""/flatknot/8.850946"">8.850946</a>",t^9-27t^7-60t^6+17t^5+94t^4-47t^3-136t^2-50t+4,-t^2+2t,,
8.850947,O1O2O3O4U5U4O6U7U1O8O7U8O5U3U2U6,4,4z^3+39z^2+110z+97,4w^4z^3-4w^4z^2+43w^3z^2+110w^2z+97w,False,False,"[[ 0 -1  0  0  1 -1  2  0 -1],[ 1  0  0 -1  0  1  1  1 -1],[ 0  0  0  0  1 -1  1  1 -1],[ 0  1  0  0  1 -1  0  1 -1],[-1  0 -1 -1  0 -1 -1 -1  0],[ 1 -1  1  1  1  0  2  0  0],[-2 -1 -1  0  1 -2  0 -1 -1],[ 0 -1 -1 -1  1  0  1  0 -1],[ 1  1  1  1  0  0  1  1  0]]","[[ 0  2  1  0  0  0 -1 -1 -1],[-2  0  1  0 -1 -1 -1 -1 -2],[-1 -1  0 -1 -1 -1  0  0 -1],[ 0  0  1  0  1  0  1 -1 -1],[ 0  1  1 -1  0 -1 -1 -1  0],[ 0  1  1  0  1  0  0 -1 -1],[ 1  1  0 -1  1  0  0 -1  1],[ 1  1  0  1  1  1  1  0  0],[ 1  2  1  1  0  1 -1  0  0]]",True,"[-2,-1,0,0,0,1,1,1,-1,0,1,1,1,1,2,1,1,1,0,0,1,-1,0,-1,1,1,1,1,1,0,0,1,1,1,-1,0]","[-2,-1,0,0,0,1,1,1,-1,0,1,1,1,1,2,1,1,1,0,0,1,-1,0,-1,1,1,1,1,1,0,0,1,1,1,-1,0]",t^8+24t^6+125t^4+49t^2+4,"[-1,-1,-1,0,0,0,1,2,-1,0,0,0,0,2,2,-1,0,1,2,2,2,1,0,0,1,1,1,1,0,1,0,0,1,0,2,2]","[-2,-1,0,0,0,1,1,1,2,1,1,2,1,2,2,0,0,0,1,2,2,-1,-1,1,0,0,0,0,0,1,0,0,2,0,-1,1]","[-1,-1,-1,0,0,0,1,2,-1,0,0,1,1,1,2,-1,1,-1,0,0,1,1,1,1,0,1,-1,-1,1,1,0,1,0,1,1,-1]",c,"[[{8, 1}, {2, 7}, {3, 6}, {4, 5}], [{8, 1}, {2, 7}, {4, 6}, {3, 5}], [{8, 1}, {2, 7}, {5, 6}, {3, 4}], [{8, 1}, {2, 7}, {6}, {4, 5}, {3}], [{8, 1}, {3, 7}, {2, 6}, {4, 5}], [{8, 1}, {3, 7}, {4, 6}, {2, 5}], [{8, 1}, {3, 7}, {5, 6}, {2, 4}], [{8, 1}, {3, 7}, {6}, {4, 5}, {2}], [{8, 1}, {4, 7}, {2, 6}, {3, 5}], [{8, 1}, {4, 7}, {3, 6}, {2, 5}], [{8, 1}, {4, 7}, {3, 6}, {5}, {2}], [{8, 1}, {4, 7}, {5, 6}, {2, 3}], [{8, 1}, {5, 7}, {2, 6}, {3, 4}], [{8, 1}, {5, 7}, {3, 6}, {2, 4}], [{8, 1}, {5, 7}, {3, 6}, {4}, {2}], [{8, 1}, {5, 7}, {4, 6}, {2, 3}], [{8, 1}, {6, 7}, {2, 5}, {3, 4}], [{8, 1}, {6, 7}, {3, 5}, {2, 4}], [{8, 1}, {6, 7}, {4, 5}, {2, 3}], [{8, 1}, {6, 7}, {4, 5}, {3}, {2}], [{8, 1}, {7}, {2, 6}, {4, 5}, {3}], [{8, 1}, {7}, {3, 6}, {4, 5}, {2}], [{8, 1}, {7}, {4, 6}, {2, 5}, {3}], [{8, 1}, {7}, {5, 6}, {2, 4}, {3}], [{8, 1}, {7}, {6}, {4, 5}, {2, 3}], [{8, 1}, {7}, {6}, {4, 5}, {3}, {2}], [{8, 2}, {1, 7}, {3, 6}, {4, 5}], [{8, 2}, {1, 7}, {4, 6}, {3, 5}], [{8, 2}, {1, 7}, {5, 6}, {3, 4}], [{8, 2}, {1, 7}, {5, 6}, {4}, {3}], [{8, 2}, {3, 7}, {1, 6}, {4, 5}], [{8, 2}, {3, 7}, {4, 6}, {1, 5}], [{8, 2}, {3, 7}, {5, 6}, {1, 4}], [{8, 2}, {3, 7}, {5, 6}, {4}, {1}], [{8, 2}, {4, 7}, {1, 6}, {3, 5}], [{8, 2}, {4, 7}, {3, 6}, {1, 5}], [{8, 2}, {4, 7}, {5, 6}, {1, 3}], [{8, 2}, {4, 7}, {5, 6}, {3}, {1}], [{8, 2}, {5, 7}, {1, 6}, {3, 4}], [{8, 2}, {5, 7}, {3, 6}, {1, 4}], [{8, 2}, {5, 7}, {4, 6}, {1, 3}], [{8, 2}, {6, 7}, {1, 5}, {3, 4}], [{8, 2}, {6, 7}, {3, 5}, {1, 4}], [{8, 2}, {6, 7}, {4, 5}, {1, 3}], [{8, 2}, {7}, {1, 6}, {4, 5}, {3}], [{8, 2}, {7}, {4, 6}, {1, 5}, {3}], [{8, 2}, {7}, {5, 6}, {1, 4}, {3}], [{8, 2}, {7}, {5, 6}, {3, 4}, {1}], [{8, 2}, {7}, {5, 6}, {4}, {1, 3}], [{8, 2}, {7}, {5, 6}, {4}, {3}, {1}], [{8, 3}, {1, 7}, {2, 6}, {4, 5}], [{8, 3}, {1, 7}, {4, 6}, {2, 5}], [{8, 3}, {1, 7}, {5, 6}, {2, 4}], [{8, 3}, {1, 7}, {6}, {4, 5}, {2}], [{8, 3}, {2, 7}, {1, 6}, {4, 5}], [{8, 3}, {2, 7}, {4, 6}, {1, 5}], [{8, 3}, {2, 7}, {5, 6}, {1, 4}], [{8, 3}, {2, 7}, {5, 6}, {4}, {1}], [{8, 3}, {4, 7}, {1, 6}, {2, 5}], [{8, 3}, {4, 7}, {2, 6}, {1, 5}], [{8, 3}, {4, 7}, {5, 6}, {1, 2}], [{8, 3}, {4, 7}, {5, 6}, {2}, {1}], [{8, 3}, {5, 7}, {1, 6}, {2, 4}], [{8, 3}, {5, 7}, {2, 6}, {1, 4}], [{8, 3}, {5, 7}, {4, 6}, {1, 2}], [{8, 3}, {6, 7}, {1, 5}, {2, 4}], [{8, 3}, {6, 7}, {2, 5}, {1, 4}], [{8, 3}, {6, 7}, {4, 5}, {1, 2}], [{8, 3}, {6, 7}, {4, 5}, {2}, {1}], [{8, 3}, {7}, {1, 6}, {4, 5}, {2}], [{8, 3}, {7}, {2, 6}, {1, 5}, {4}], [{8, 3}, {7}, {4, 6}, {5}, {1, 2}], [{8, 3}, {7}, {5, 6}, {2, 4}, {1}], [{8, 3}, {7}, {6}, {2, 5}, {1, 4}], [{8, 4}, {1, 7}, {2, 6}, {3, 5}], [{8, 4}, {1, 7}, {3, 6}, {2, 5}], [{8, 4}, {1, 7}, {5, 6}, {2, 3}], [{8, 4}, {1, 7}, {5, 6}, {3}, {2}], [{8, 4}, {2, 7}, {1, 6}, {3, 5}], [{8, 4}, {2, 7}, {1, 6}, {5}, {3}], [{8, 4}, {2, 7}, {3, 6}, {1, 5}], [{8, 4}, {2, 7}, {5, 6}, {1, 3}], [{8, 4}, {2, 7}, {5, 6}, {3}, {1}], [{8, 4}, {2, 7}, {6}, {1, 5}, {3}], [{8, 4}, {3, 7}, {1, 6}, {2, 5}], [{8, 4}, {3, 7}, {1, 6}, {5}, {2}], [{8, 4}, {3, 7}, {2, 6}, {1, 5}], [{8, 4}, {3, 7}, {5, 6}, {1, 2}], [{8, 4}, {3, 7}, {5, 6}, {2}, {1}], [{8, 4}, {3, 7}, {6}, {1, 5}, {2}], [{8, 4}, {5, 7}, {1, 6}, {2, 3}], [{8, 4}, {5, 7}, {1, 6}, {3}, {2}], [{8, 4}, {5, 7}, {2, 6}, {1, 3}], [{8, 4}, {5, 7}, {3, 6}, {1, 2}], [{8, 4}, {6, 7}, {1, 5}, {2, 3}], [{8, 4}, {6, 7}, {1, 5}, {3}, {2}], [{8, 4}, {6, 7}, {2, 5}, {1, 3}], [{8, 4}, {6, 7}, {3, 5}, {1, 2}], [{8, 4}, {7}, {1, 6}, {2, 5}, {3}], [{8, 4}, {7}, {1, 6}, {3, 5}, {2}], [{8, 4}, {7}, {1, 6}, {5}, {2, 3}], [{8, 4}, {7}, {1, 6}, {5}, {3}, {2}], [{8, 4}, {7}, {2, 6}, {1, 5}, {3}], [{8, 4}, {7}, {3, 6}, {1, 5}, {2}], [{8, 4}, {7}, {5, 6}, {1, 3}, {2}], [{8, 4}, {7}, {5, 6}, {2, 3}, {1}], [{8, 4}, {7}, {5, 6}, {3}, {1, 2}], [{8, 4}, {7}, {5, 6}, {3}, {2}, {1}], [{8, 4}, {7}, {6}, {1, 5}, {2, 3}], [{8, 4}, {7}, {6}, {1, 5}, {3}, {2}], [{8, 5}, {1, 7}, {2, 6}, {3, 4}], [{8, 5}, {1, 7}, {3, 6}, {2, 4}], [{8, 5}, {1, 7}, {4, 6}, {2, 3}], [{8, 5}, {2, 7}, {1, 6}, {3, 4}], [{8, 5}, {2, 7}, {1, 6}, {4}, {3}], [{8, 5}, {2, 7}, {3, 6}, {1, 4}], [{8, 5}, {2, 7}, {4, 6}, {1, 3}], [{8, 5}, {3, 7}, {1, 6}, {2, 4}], [{8, 5}, {3, 7}, {1, 6}, {4}, {2}], [{8, 5}, {3, 7}, {2, 6}, {1, 4}], [{8, 5}, {3, 7}, {4, 6}, {1, 2}], [{8, 5}, {4, 7}, {1, 6}, {2, 3}], [{8, 5}, {4, 7}, {1, 6}, {3}, {2}], [{8, 5}, {4, 7}, {2, 6}, {1, 3}], [{8, 5}, {4, 7}, {3, 6}, {1, 2}], [{8, 5}, {6, 7}, {1, 4}, {2, 3}], [{8, 5}, {6, 7}, {2, 4}, {1, 3}], [{8, 5}, {6, 7}, {3, 4}, {1, 2}], [{8, 5}, {7}, {1, 6}, {2, 4}, {3}], [{8, 5}, {7}, {1, 6}, {3, 4}, {2}], [{8, 5}, {7}, {1, 6}, {4}, {2, 3}], [{8, 5}, {7}, {1, 6}, {4}, {3}, {2}], [{8, 5}, {7}, {2, 6}, {1, 4}, {3}], [{8, 5}, {7}, {4, 6}, {3}, {1, 2}], [{8, 6}, {1, 7}, {2, 5}, {3, 4}], [{8, 6}, {1, 7}, {3, 5}, {2, 4}], [{8, 6}, {1, 7}, {4, 5}, {2, 3}], [{8, 6}, {1, 7}, {4, 5}, {3}, {2}], [{8, 6}, {2, 7}, {1, 5}, {3, 4}], [{8, 6}, {2, 7}, {3, 5}, {1, 4}], [{8, 6}, {2, 7}, {4, 5}, {1, 3}], [{8, 6}, {2, 7}, {4, 5}, {3}, {1}], [{8, 6}, {3, 7}, {1, 5}, {2, 4}], [{8, 6}, {3, 7}, {2, 5}, {1, 4}], [{8, 6}, {3, 7}, {4, 5}, {1, 2}], [{8, 6}, {3, 7}, {4, 5}, {2}, {1}], [{8, 6}, {4, 7}, {1, 5}, {2, 3}], [{8, 6}, {4, 7}, {2, 5}, {1, 3}], [{8, 6}, {4, 7}, {3, 5}, {1, 2}], [{8, 6}, {4, 7}, {3, 5}, {2}, {1}], [{8, 6}, {5, 7}, {1, 4}, {2, 3}], [{8, 6}, {5, 7}, {2, 4}, {1, 3}], [{8, 6}, {5, 7}, {3, 4}, {1, 2}], [{8, 6}, {5, 7}, {3, 4}, {2}, {1}], [{8, 6}, {7}, {1, 5}, {2, 4}, {3}], [{8, 6}, {7}, {2, 5}, {1, 4}, {3}], [{8, 6}, {7}, {4, 5}, {1, 3}, {2}], [{8, 6}, {7}, {4, 5}, {2, 3}, {1}], [{8, 6}, {7}, {4, 5}, {3}, {1, 2}], [{8, 6}, {7}, {4, 5}, {3}, {2}, {1}], [{8, 7}, {1, 6}, {2, 5}, {3, 4}], [{8, 7}, {1, 6}, {3, 5}, {2, 4}], [{8, 7}, {1, 6}, {4, 5}, {2, 3}], [{8, 7}, {1, 6}, {4, 5}, {3}, {2}], [{8, 7}, {2, 6}, {1, 5}, {3, 4}], [{8, 7}, {2, 6}, {1, 5}, {4}, {3}], [{8, 7}, {2, 6}, {3, 5}, {1, 4}], [{8, 7}, {2, 6}, {3, 5}, {4}, {1}], [{8, 7}, {2, 6}, {4, 5}, {1, 3}], [{8, 7}, {2, 6}, {5}, {4}, {1, 3}], [{8, 7}, {3, 6}, {1, 5}, {2, 4}], [{8, 7}, {3, 6}, {2, 5}, {1, 4}], [{8, 7}, {3, 6}, {4, 5}, {1, 2}], [{8, 7}, {3, 6}, {4, 5}, {2}, {1}], [{8, 7}, {3, 6}, {5}, {4}, {1, 2}], [{8, 7}, {4, 6}, {1, 5}, {2, 3}], [{8, 7}, {4, 6}, {2, 5}, {1, 3}], [{8, 7}, {4, 6}, {3, 5}, {1, 2}], [{8, 7}, {4, 6}, {5}, {3}, {1, 2}], [{8, 7}, {5, 6}, {1, 4}, {2, 3}], [{8, 7}, {5, 6}, {2, 4}, {1, 3}], [{8, 7}, {5, 6}, {2, 4}, {3}, {1}], [{8, 7}, {5, 6}, {3, 4}, {1, 2}], [{8, 7}, {5, 6}, {3, 4}, {2}, {1}], [{8, 7}, {5, 6}, {4}, {2, 3}, {1}], [{8, 7}, {6}, {2, 5}, {1, 4}, {3}], [{8, 7}, {6}, {4, 5}, {1, 3}, {2}], [{8, 7}, {6}, {5}, {3, 4}, {1, 2}], [{8}, {1, 7}, {3, 6}, {4, 5}, {2}], [{8}, {1, 7}, {4, 6}, {3, 5}, {2}], [{8}, {1, 7}, {5, 6}, {2, 4}, {3}], [{8}, {2, 7}, {1, 6}, {4, 5}, {3}], [{8}, {2, 7}, {3, 6}, {1, 5}, {4}], [{8}, {2, 7}, {4, 6}, {3, 5}, {1}], [{8}, {2, 7}, {5, 6}, {3, 4}, {1}], [{8}, {3, 7}, {1, 6}, {4, 5}, {2}], [{8}, {3, 7}, {2, 6}, {1, 5}, {4}], [{8}, {3, 7}, {4, 6}, {5}, {1, 2}], [{8}, {3, 7}, {5, 6}, {2, 4}, {1}], [{8}, {3, 7}, {6}, {2, 5}, {1, 4}], [{8}, {4, 7}, {2, 6}, {1, 5}, {3}], [{8}, {4, 7}, {5, 6}, {2, 3}, {1}], [{8}, {5, 7}, {4, 6}, {3}, {1, 2}], [{8}, {6, 7}, {1, 5}, {4}, {2, 3}], [{8}, {6, 7}, {2, 5}, {1, 4}, {3}], [{8}, {6, 7}, {4, 5}, {1, 3}, {2}], [{8}, {7}, {1, 6}, {4, 5}, {2, 3}], [{8}, {7}, {1, 6}, {4, 5}, {3}, {2}], [{8}, {7}, {2, 6}, {1, 5}, {3, 4}], [{8}, {7}, {2, 6}, {1, 5}, {4}, {3}], [{8}, {7}, {3, 6}, {2, 5}, {1, 4}], [{8}, {7}, {4, 6}, {3, 5}, {1, 2}], [{8}, {7}, {4, 6}, {5}, {3}, {1, 2}], [{8}, {7}, {5, 6}, {2, 4}, {1, 3}], [{8}, {7}, {5, 6}, {2, 4}, {3}, {1}], [{8}, {7}, {6}, {2, 5}, {1, 4}, {3}]]",2,4 K_1^2 K_2 - 6 K_1^2 - 8 K_1 K_2 - 4 K_1 K_3 + 4 K_1 - 4 K_2^2 + 3 K_2 + 4 K_3 + 3 K_4 + 5,O1O2O3O4U5U3U2O6U7O8O7U4U8O5U1U6,O1O2O3U4U2U1U5O6O5U3O7O4U8U7O8U6,O1O2O3U4O5U6U5O7O6U1O8O4U8U3U2U7,c,{'O1O2O3O4U5U4O6U7U1O8O7U8O5U3U2U6'},1,"<a href=""/flatknot/8.850947"">8.850947</a>",t^9-22t^7-46t^6-10t^5+40t^4+27t^3-42t^2-31t+12,-t^2+2t,,
8.850948,O1O2O3O4U5U4O6U7U1O8O7U8O5U3U6U2,4,21z^2+105z+127,21w^3z^2+105w^2z+127w,False,False,"[[ 0 -1  1  0  1 -1  1  0 -1],[ 1  0  1 -1  0  1  0  1 -1],[-1 -1  0 -1  1 -1  0  0 -1],[ 0  1  1  0  1 -1  0  1 -1],[-1  0 -1 -1  0 -1 -1 -1  0],[ 1 -1  1  1  1  0  1  0  0],[-1  0  0  0  1 -1  0  0 -1],[ 0 -1  0 -1  1  0  0  0 -1],[ 1  1  1  1  0  0  1  1  0]]","[[ 0  1  1  1  0  0 -1 -1 -1],[-1  0  1  0  0  0  0 -1 -1],[-1 -1  0 -1 -1 -1  0  0 -1],[-1  0  1  0  0 -1 -1 -1 -1],[ 0  0  1  0  0 -1 -1 -1  0],[ 0  0  1  1  1  0  1 -1 -1],[ 1  0  0  1  1 -1  0 -1  1],[ 1  1  0  1  1  1  1  0  0],[ 1  1  1  1  0  1 -1  0  0]]",True,"[-1,-1,-1,0,0,1,1,1,-1,0,0,0,0,1,1,1,1,1,0,0,1,0,1,1,1,1,1,1,1,0,-1,1,1,1,-1,0]","[-1,-1,-1,0,0,1,1,1,-1,-1,0,0,1,2,2,0,0,1,1,1,1,1,1,1,1,2,1,0,0,2,1,0,0,0,-1,1]",t^8+19t^6+77t^4+23t^2+1,"[-1,-1,-1,0,0,1,1,1,-1,0,0,0,1,1,2,-1,0,2,1,2,2,1,0,1,1,1,1,1,1,0,0,1,0,0,-1,-1]","[-1,-1,-1,0,0,1,1,1,-1,-1,0,0,1,2,2,0,0,1,1,1,1,1,1,1,1,2,1,0,0,2,1,0,0,0,-1,1]","[-1,-1,-1,0,0,1,1,1,-1,0,0,1,1,1,1,-1,1,-1,0,0,1,1,1,0,1,1,-1,1,0,0,1,0,1,-1,-1,0]",c,"[[{8, 1}, {3, 7}, {4, 6}, {2, 5}], [{8, 2}, {3, 7}, {1, 6}, {4, 5}], [{8, 2}, {3, 7}, {5, 6}, {1, 4}], [{8, 2}, {7}, {1, 6}, {4, 5}, {3}], [{8, 4}, {3, 7}, {1, 6}, {2, 5}], [{8, 4}, {3, 7}, {2, 6}, {1, 5}], [{8, 4}, {3, 7}, {5, 6}, {1, 2}], [{8, 5}, {3, 7}, {1, 6}, {2, 4}], [{8, 6}, {3, 7}, {2, 5}, {1, 4}], [{8, 6}, {3, 7}, {4, 5}, {1, 2}], [{8, 6}, {7}, {2, 5}, {1, 4}, {3}]]",1,20 K_1^3 - 32 K_1^2 - 24 K_1 K_2 - 3 K_1 + 16 K_2 + 7 K_3 + 17,O1O2O3O4U3U5U2O6U7O8O7U4U8O5U1U6,O1O2O3U4U3U1U5O6O5U2O7O4U8U7O8U6,O1O2O3U4O5U6U5O7O6U2O8O4U8U3U1U7,c,{'O1O2O3O4U5U4O6U7U1O8O7U8O5U3U6U2'},1,"<a href=""/flatknot/8.850948"">8.850948</a>",t^9-19t^7-30t^6+13t^5+16t^4-31t^3-24t^2+3t+4,0,,
8.850949,O1O2O3O4U5U4O6U7U1O8O7U8O5U6U2U3,4,z^3+25z^2+99z+107,w^4z^3-4w^4z^2+29w^3z^2-4w^3z+103w^2z+107w,False,False,"[[ 0 -1  0  2  1 -1  0  0 -1],[ 1  0  0  1  0  1 -1  1 -1],[ 0  0  0  1  1  0 -1  1 -1],[-2 -1 -1  0  1 -2 -1 -1 -1],[-1  0 -1 -1  0 -1 -1 -1  0],[ 1 -1  0  2  1  0  0  0  0],[ 0  1  1  1  1  0  0  1 -1],[ 0 -1 -1  1  1  0 -1  0 -1],[ 1  1  1  1  0  0  1  1  0]]","[[ 0  2  1  0  0  0 -1 -1 -1],[-2  0  1 -1 -1 -1 -1 -1 -2],[-1 -1  0 -1 -1 -1  0  0 -1],[ 0  1  1  0  1  1  1 -1  0],[ 0  1  1 -1  0  1  0 -1  0],[ 0  1  1 -1 -1  0 -1 -1  0],[ 1  1  0 -1  0  1  0 -1  1],[ 1  1  0  1  1  1  1  0  0],[ 1  2  1  0  0  0 -1  0  0]]",True,"[-2,-1,0,0,0,1,1,1,-1,1,1,1,1,1,2,1,1,1,0,0,1,-1,-1,-1,1,0,-1,0,1,0,1,1,0,1,-1,0]","[-2,-1,0,0,0,1,1,1,-1,1,1,1,1,1,2,1,1,1,0,0,1,-1,-1,-1,1,0,-1,0,1,0,1,1,0,1,-1,0]",t^8+24t^6+94t^4+41t^2+4,"[-1,-1,-1,0,0,0,1,2,-1,0,0,0,0,2,2,-1,0,1,2,2,2,1,1,1,1,1,1,1,0,1,1,0,1,0,1,2]","[-2,-1,0,0,0,1,1,1,2,1,1,1,1,2,2,0,0,0,1,2,2,-1,-1,1,0,0,-1,1,0,1,1,0,2,0,-1,1]","[-1,-1,-1,0,0,0,1,2,-1,0,0,0,0,1,2,-1,-1,0,1,0,1,1,1,1,0,1,1,1,1,1,1,1,1,1,1,-1]",c,"[[{8, 1}, {2, 7}, {3, 6}, {4, 5}], [{8, 1}, {2, 7}, {4, 6}, {3, 5}], [{8, 1}, {2, 7}, {5, 6}, {3, 4}], [{8, 1}, {3, 7}, {2, 6}, {4, 5}], [{8, 1}, {3, 7}, {4, 6}, {2, 5}], [{8, 1}, {3, 7}, {5, 6}, {2, 4}], [{8, 1}, {3, 7}, {6}, {4, 5}, {2}], [{8, 1}, {4, 7}, {2, 6}, {3, 5}], [{8, 1}, {4, 7}, {3, 6}, {2, 5}], [{8, 1}, {4, 7}, {5, 6}, {2, 3}], [{8, 1}, {4, 7}, {6}, {2, 5}, {3}], [{8, 1}, {4, 7}, {6}, {3, 5}, {2}], [{8, 1}, {4, 7}, {6}, {5}, {2, 3}], [{8, 1}, {5, 7}, {2, 6}, {3, 4}], [{8, 1}, {5, 7}, {3, 6}, {2, 4}], [{8, 1}, {5, 7}, {4, 6}, {2, 3}], [{8, 1}, {6, 7}, {2, 5}, {3, 4}], [{8, 1}, {6, 7}, {2, 5}, {4}, {3}], [{8, 1}, {6, 7}, {3, 5}, {2, 4}], [{8, 1}, {6, 7}, {3, 5}, {4}, {2}], [{8, 1}, {6, 7}, {4, 5}, {2, 3}], [{8, 1}, {6, 7}, {4, 5}, {3}, {2}], [{8, 1}, {6, 7}, {5}, {2, 4}, {3}], [{8, 1}, {6, 7}, {5}, {3, 4}, {2}], [{8, 1}, {6, 7}, {5}, {4}, {2, 3}], [{8, 1}, {6, 7}, {5}, {4}, {3}, {2}], [{8, 1}, {7}, {3, 6}, {4, 5}, {2}], [{8, 1}, {7}, {4, 6}, {2, 5}, {3}], [{8, 1}, {7}, {4, 6}, {3, 5}, {2}], [{8, 1}, {7}, {4, 6}, {5}, {2, 3}], [{8, 2}, {1, 7}, {3, 6}, {4, 5}], [{8, 2}, {1, 7}, {4, 6}, {3, 5}], [{8, 2}, {1, 7}, {4, 6}, {5}, {3}], [{8, 2}, {1, 7}, {5, 6}, {3, 4}], [{8, 2}, {3, 7}, {1, 6}, {4, 5}], [{8, 2}, {3, 7}, {4, 6}, {1, 5}], [{8, 2}, {3, 7}, {5, 6}, {1, 4}], [{8, 2}, {3, 7}, {6}, {5}, {1, 4}], [{8, 2}, {4, 7}, {1, 6}, {3, 5}], [{8, 2}, {4, 7}, {3, 6}, {1, 5}], [{8, 2}, {4, 7}, {5, 6}, {1, 3}], [{8, 2}, {4, 7}, {6}, {5}, {1, 3}], [{8, 2}, {5, 7}, {1, 6}, {3, 4}], [{8, 2}, {5, 7}, {3, 6}, {1, 4}], [{8, 2}, {5, 7}, {4, 6}, {1, 3}], [{8, 2}, {5, 7}, {6}, {1, 4}, {3}], [{8, 2}, {6, 7}, {1, 5}, {3, 4}], [{8, 2}, {6, 7}, {1, 5}, {4}, {3}], [{8, 2}, {6, 7}, {3, 5}, {1, 4}], [{8, 2}, {6, 7}, {4, 5}, {1, 3}], [{8, 2}, {7}, {6}, {3, 5}, {1, 4}], [{8, 3}, {1, 7}, {2, 6}, {4, 5}], [{8, 3}, {1, 7}, {4, 6}, {2, 5}], [{8, 3}, {1, 7}, {4, 6}, {5}, {2}], [{8, 3}, {1, 7}, {5, 6}, {2, 4}], [{8, 3}, {1, 7}, {5, 6}, {4}, {2}], [{8, 3}, {1, 7}, {6}, {4, 5}, {2}], [{8, 3}, {2, 7}, {1, 6}, {4, 5}], [{8, 3}, {2, 7}, {4, 6}, {1, 5}], [{8, 3}, {2, 7}, {4, 6}, {5}, {1}], [{8, 3}, {2, 7}, {5, 6}, {1, 4}], [{8, 3}, {4, 7}, {1, 6}, {2, 5}], [{8, 3}, {4, 7}, {2, 6}, {1, 5}], [{8, 3}, {4, 7}, {5, 6}, {1, 2}], [{8, 3}, {4, 7}, {6}, {1, 5}, {2}], [{8, 3}, {5, 7}, {1, 6}, {2, 4}], [{8, 3}, {5, 7}, {2, 6}, {1, 4}], [{8, 3}, {5, 7}, {4, 6}, {1, 2}], [{8, 3}, {5, 7}, {4, 6}, {2}, {1}], [{8, 3}, {6, 7}, {1, 5}, {2, 4}], [{8, 3}, {6, 7}, {1, 5}, {4}, {2}], [{8, 3}, {6, 7}, {2, 5}, {1, 4}], [{8, 3}, {6, 7}, {4, 5}, {1, 2}], [{8, 3}, {6, 7}, {4, 5}, {2}, {1}], [{8, 3}, {6, 7}, {5}, {1, 4}, {2}], [{8, 3}, {7}, {1, 6}, {2, 5}, {4}], [{8, 3}, {7}, {1, 6}, {4, 5}, {2}], [{8, 3}, {7}, {1, 6}, {5}, {2, 4}], [{8, 3}, {7}, {4, 6}, {1, 5}, {2}], [{8, 3}, {7}, {4, 6}, {2, 5}, {1}], [{8, 3}, {7}, {4, 6}, {5}, {1, 2}], [{8, 3}, {7}, {6}, {2, 5}, {1, 4}], [{8, 4}, {1, 7}, {2, 6}, {3, 5}], [{8, 4}, {1, 7}, {3, 6}, {2, 5}], [{8, 4}, {1, 7}, {5, 6}, {2, 3}], [{8, 4}, {1, 7}, {6}, {3, 5}, {2}], [{8, 4}, {2, 7}, {1, 6}, {3, 5}], [{8, 4}, {2, 7}, {3, 6}, {1, 5}], [{8, 4}, {2, 7}, {5, 6}, {1, 3}], [{8, 4}, {2, 7}, {6}, {1, 5}, {3}], [{8, 4}, {2, 7}, {6}, {3, 5}, {1}], [{8, 4}, {2, 7}, {6}, {5}, {1, 3}], [{8, 4}, {3, 7}, {1, 6}, {2, 5}], [{8, 4}, {3, 7}, {2, 6}, {1, 5}], [{8, 4}, {3, 7}, {5, 6}, {1, 2}], [{8, 4}, {3, 7}, {6}, {1, 5}, {2}], [{8, 4}, {5, 7}, {1, 6}, {2, 3}], [{8, 4}, {5, 7}, {2, 6}, {1, 3}], [{8, 4}, {5, 7}, {3, 6}, {1, 2}], [{8, 4}, {5, 7}, {6}, {1, 3}, {2}], [{8, 4}, {6, 7}, {1, 5}, {2, 3}], [{8, 4}, {6, 7}, {1, 5}, {3}, {2}], [{8, 4}, {6, 7}, {2, 5}, {1, 3}], [{8, 4}, {6, 7}, {3, 5}, {1, 2}], [{8, 4}, {6, 7}, {3, 5}, {2}, {1}], [{8, 4}, {6, 7}, {5}, {1, 3}, {2}], [{8, 4}, {7}, {1, 6}, {3, 5}, {2}], [{8, 4}, {7}, {2, 6}, {1, 5}, {3}], [{8, 4}, {7}, {2, 6}, {3, 5}, {1}], [{8, 4}, {7}, {2, 6}, {5}, {1, 3}], [{8, 4}, {7}, {3, 6}, {1, 5}, {2}], [{8, 4}, {7}, {5, 6}, {1, 3}, {2}], [{8, 4}, {7}, {6}, {1, 5}, {2, 3}], [{8, 4}, {7}, {6}, {2, 5}, {1, 3}], [{8, 4}, {7}, {6}, {3, 5}, {1, 2}], [{8, 5}, {1, 7}, {2, 6}, {3, 4}], [{8, 5}, {1, 7}, {3, 6}, {2, 4}], [{8, 5}, {1, 7}, {3, 6}, {4}, {2}], [{8, 5}, {1, 7}, {4, 6}, {2, 3}], [{8, 5}, {2, 7}, {1, 6}, {3, 4}], [{8, 5}, {2, 7}, {3, 6}, {1, 4}], [{8, 5}, {2, 7}, {4, 6}, {1, 3}], [{8, 5}, {3, 7}, {1, 6}, {2, 4}], [{8, 5}, {3, 7}, {1, 6}, {4}, {2}], [{8, 5}, {3, 7}, {2, 6}, {1, 4}], [{8, 5}, {3, 7}, {4, 6}, {1, 2}], [{8, 5}, {4, 7}, {1, 6}, {2, 3}], [{8, 5}, {4, 7}, {2, 6}, {1, 3}], [{8, 5}, {4, 7}, {3, 6}, {1, 2}], [{8, 5}, {6, 7}, {1, 4}, {2, 3}], [{8, 5}, {6, 7}, {1, 4}, {3}, {2}], [{8, 5}, {6, 7}, {2, 4}, {1, 3}], [{8, 5}, {6, 7}, {2, 4}, {3}, {1}], [{8, 5}, {6, 7}, {3, 4}, {1, 2}], [{8, 5}, {6, 7}, {3, 4}, {2}, {1}], [{8, 5}, {6, 7}, {4}, {1, 3}, {2}], [{8, 5}, {6, 7}, {4}, {2, 3}, {1}], [{8, 5}, {6, 7}, {4}, {3}, {1, 2}], [{8, 5}, {6, 7}, {4}, {3}, {2}, {1}], [{8, 5}, {7}, {6}, {1, 4}, {2, 3}], [{8, 6}, {1, 7}, {2, 5}, {3, 4}], [{8, 6}, {1, 7}, {3, 5}, {2, 4}], [{8, 6}, {1, 7}, {4, 5}, {2, 3}], [{8, 6}, {2, 7}, {1, 5}, {3, 4}], [{8, 6}, {2, 7}, {3, 5}, {1, 4}], [{8, 6}, {2, 7}, {4, 5}, {1, 3}], [{8, 6}, {3, 7}, {1, 5}, {2, 4}], [{8, 6}, {3, 7}, {2, 5}, {1, 4}], [{8, 6}, {3, 7}, {4, 5}, {1, 2}], [{8, 6}, {4, 7}, {1, 5}, {2, 3}], [{8, 6}, {4, 7}, {2, 5}, {1, 3}], [{8, 6}, {4, 7}, {3, 5}, {1, 2}], [{8, 6}, {4, 7}, {3, 5}, {2}, {1}], [{8, 6}, {5, 7}, {1, 4}, {2, 3}], [{8, 6}, {5, 7}, {2, 4}, {1, 3}], [{8, 6}, {5, 7}, {3, 4}, {1, 2}], [{8, 6}, {7}, {2, 5}, {1, 4}, {3}], [{8, 6}, {7}, {2, 5}, {3, 4}, {1}], [{8, 6}, {7}, {2, 5}, {4}, {1, 3}], [{8, 6}, {7}, {4, 5}, {1, 3}, {2}], [{8, 6}, {7}, {5}, {2, 4}, {1, 3}], [{8, 7}, {1, 6}, {2, 5}, {3, 4}], [{8, 7}, {1, 6}, {3, 5}, {2, 4}], [{8, 7}, {1, 6}, {3, 5}, {4}, {2}], [{8, 7}, {1, 6}, {4, 5}, {2, 3}], [{8, 7}, {1, 6}, {5}, {2, 4}, {3}], [{8, 7}, {2, 6}, {1, 5}, {3, 4}], [{8, 7}, {2, 6}, {3, 5}, {1, 4}], [{8, 7}, {2, 6}, {4, 5}, {1, 3}], [{8, 7}, {3, 6}, {1, 5}, {2, 4}], [{8, 7}, {3, 6}, {2, 5}, {1, 4}], [{8, 7}, {3, 6}, {4, 5}, {1, 2}], [{8, 7}, {3, 6}, {5}, {1, 4}, {2}], [{8, 7}, {4, 6}, {1, 5}, {2, 3}], [{8, 7}, {4, 6}, {2, 5}, {1, 3}], [{8, 7}, {4, 6}, {3, 5}, {1, 2}], [{8, 7}, {4, 6}, {5}, {1, 3}, {2}], [{8, 7}, {4, 6}, {5}, {2, 3}, {1}], [{8, 7}, {4, 6}, {5}, {3}, {1, 2}], [{8, 7}, {5, 6}, {1, 4}, {2, 3}], [{8, 7}, {5, 6}, {2, 4}, {1, 3}], [{8, 7}, {5, 6}, {3, 4}, {1, 2}], [{8, 7}, {5, 6}, {4}, {1, 3}, {2}], [{8, 7}, {6}, {4, 5}, {1, 3}, {2}], [{8}, {1, 7}, {4, 6}, {5}, {2, 3}], [{8}, {2, 7}, {1, 6}, {5}, {3, 4}], [{8}, {2, 7}, {3, 6}, {1, 5}, {4}], [{8}, {3, 7}, {1, 6}, {5}, {2, 4}], [{8}, {3, 7}, {2, 6}, {1, 5}, {4}], [{8}, {3, 7}, {4, 6}, {5}, {1, 2}], [{8}, {3, 7}, {5, 6}, {1, 4}, {2}], [{8}, {4, 7}, {1, 6}, {3, 5}, {2}], [{8}, {4, 7}, {5, 6}, {1, 3}, {2}], [{8}, {6, 7}, {1, 5}, {2, 4}, {3}], [{8}, {6, 7}, {1, 5}, {3, 4}, {2}], [{8}, {6, 7}, {1, 5}, {4}, {2, 3}], [{8}, {6, 7}, {1, 5}, {4}, {3}, {2}], [{8}, {6, 7}, {3, 5}, {1, 4}, {2}], [{8}, {6, 7}, {4, 5}, {1, 3}, {2}], [{8}, {7}, {3, 6}, {2, 5}, {1, 4}], [{8}, {7}, {4, 6}, {2, 5}, {1, 3}]]",2,20 K_1^3 - 18 K_1^2 - 12 K_1 K_2 - 9 K_1 + 9 K_2 + K_3 + 10,O1O2O3O4U2U3U5O6U7O8O7U4U8O5U1U6,O1O2O3U4U2U3U5O6O5U1O7O4U8U7O8U6,O1O2O3U4O5U6U5O7O6U3O8O4U8U1U2U7,c,{'O1O2O3O4U5U4O6U7U1O8O7U8O5U6U2U3'},1,"<a href=""/flatknot/8.850949"">8.850949</a>",t^9-22t^7-52t^6-t^5+102t^4+67t^3-62t^2-79t-22,-t^2+2t,,
8.850950,O1O2O3O4U5U4O6U7U1O8O7U8O5U6U3U2,4,2z^3+19z^2+66z+73,2w^4z^3-8w^4z^2+27w^3z^2-24w^3z+90w^2z+73w,False,False,"[[ 0 -1  1  1  1 -1  0  0 -1],[ 1  0  1  0  0  1 -1  1 -1],[-1 -1  0  0  1 -1 -1  0 -1],[-1  0  0  0  1 -1 -1  0 -1],[-1  0 -1 -1  0 -1 -1 -1  0],[ 1 -1  1  1  1  0  0  0  0],[ 0  1  1  1  1  0  0  1 -1],[ 0 -1  0  0  1  0 -1  0 -1],[ 1  1  1  1  0  0  1  1  0]]","[[ 0  1  1  1  0  0 -1 -1 -1],[-1  0  1  0  0 -1  0 -1 -1],[-1 -1  0 -1 -1 -1  0  0 -1],[-1  0  1  0  0 -1 -1 -1 -1],[ 0  0  1  0  0 -1 -1 -1  0],[ 0  1  1  1  1  0  1 -1  0],[ 1  0  0  1  1 -1  0 -1  1],[ 1  1  0  1  1  1  1  0  0],[ 1  1  1  1  0  0 -1  0  0]]",True,"[-1,-1,-1,0,0,1,1,1,-1,0,0,1,0,1,1,1,1,1,0,0,1,0,1,1,1,1,1,1,1,0,-1,1,0,1,-1,0]","[-1,-1,-1,0,0,1,1,1,-1,-1,0,0,1,2,2,0,0,1,1,1,1,0,1,1,1,2,1,1,0,2,1,0,0,0,-1,1]",t^8+19t^6+62t^4+19t^2,"[-1,-1,-1,0,0,1,1,1,-1,0,0,0,1,1,2,-1,0,2,1,2,2,1,1,1,1,1,1,1,1,0,0,0,0,0,-1,-1]","[-1,-1,-1,0,0,1,1,1,-1,-1,0,0,1,2,2,0,0,1,1,1,1,0,1,1,1,2,1,1,0,2,1,0,0,0,-1,1]","[-1,-1,-1,0,0,1,1,1,-1,0,0,0,1,1,1,-1,-1,1,0,0,1,1,1,0,1,1,1,1,1,1,1,0,0,-1,-1,0]",c,"[[{8, 1}, {2, 7}, {3, 6}, {4, 5}], [{8, 1}, {2, 7}, {4, 6}, {3, 5}], [{8, 1}, {2, 7}, {4, 6}, {5}, {3}], [{8, 1}, {2, 7}, {5, 6}, {3, 4}], [{8, 1}, {3, 7}, {2, 6}, {4, 5}], [{8, 1}, {3, 7}, {4, 6}, {2, 5}], [{8, 1}, {3, 7}, {4, 6}, {5}, {2}], [{8, 1}, {3, 7}, {5, 6}, {2, 4}], [{8, 1}, {4, 7}, {2, 6}, {3, 5}], [{8, 1}, {4, 7}, {3, 6}, {2, 5}], [{8, 1}, {4, 7}, {5, 6}, {2, 3}], [{8, 1}, {4, 7}, {6}, {2, 5}, {3}], [{8, 1}, {4, 7}, {6}, {3, 5}, {2}], [{8, 1}, {4, 7}, {6}, {5}, {2, 3}], [{8, 1}, {5, 7}, {2, 6}, {3, 4}], [{8, 1}, {5, 7}, {2, 6}, {4}, {3}], [{8, 1}, {5, 7}, {3, 6}, {2, 4}], [{8, 1}, {5, 7}, {4, 6}, {2, 3}], [{8, 1}, {5, 7}, {4, 6}, {3}, {2}], [{8, 1}, {5, 7}, {6}, {2, 4}, {3}], [{8, 1}, {6, 7}, {2, 5}, {3, 4}], [{8, 1}, {6, 7}, {2, 5}, {4}, {3}], [{8, 1}, {6, 7}, {3, 5}, {2, 4}], [{8, 1}, {6, 7}, {3, 5}, {4}, {2}], [{8, 1}, {6, 7}, {4, 5}, {2, 3}], [{8, 1}, {6, 7}, {5}, {4}, {2, 3}], [{8, 1}, {7}, {4, 6}, {2, 5}, {3}], [{8, 1}, {7}, {4, 6}, {3, 5}, {2}], [{8, 1}, {7}, {4, 6}, {5}, {2, 3}], [{8, 1}, {7}, {4, 6}, {5}, {3}, {2}], [{8, 2}, {1, 7}, {3, 6}, {4, 5}], [{8, 2}, {1, 7}, {4, 6}, {3, 5}], [{8, 2}, {1, 7}, {4, 6}, {5}, {3}], [{8, 2}, {1, 7}, {5, 6}, {3, 4}], [{8, 2}, {3, 7}, {1, 6}, {4, 5}], [{8, 2}, {3, 7}, {4, 6}, {1, 5}], [{8, 2}, {3, 7}, {5, 6}, {1, 4}], [{8, 2}, {3, 7}, {6}, {5}, {1, 4}], [{8, 2}, {4, 7}, {1, 6}, {3, 5}], [{8, 2}, {4, 7}, {3, 6}, {1, 5}], [{8, 2}, {4, 7}, {5, 6}, {1, 3}], [{8, 2}, {4, 7}, {5, 6}, {3}, {1}], [{8, 2}, {4, 7}, {6}, {5}, {1, 3}], [{8, 2}, {5, 7}, {1, 6}, {3, 4}], [{8, 2}, {5, 7}, {3, 6}, {1, 4}], [{8, 2}, {5, 7}, {4, 6}, {1, 3}], [{8, 2}, {5, 7}, {6}, {1, 4}, {3}], [{8, 2}, {5, 7}, {6}, {3, 4}, {1}], [{8, 2}, {5, 7}, {6}, {4}, {1, 3}], [{8, 2}, {6, 7}, {1, 5}, {3, 4}], [{8, 2}, {6, 7}, {3, 5}, {1, 4}], [{8, 2}, {6, 7}, {4, 5}, {1, 3}], [{8, 2}, {7}, {1, 6}, {3, 5}, {4}], [{8, 2}, {7}, {4, 6}, {3, 5}, {1}], [{8, 2}, {7}, {6}, {3, 5}, {1, 4}], [{8, 2}, {7}, {6}, {4, 5}, {1, 3}], [{8, 3}, {1, 7}, {2, 6}, {4, 5}], [{8, 3}, {1, 7}, {4, 6}, {2, 5}], [{8, 3}, {1, 7}, {4, 6}, {5}, {2}], [{8, 3}, {1, 7}, {5, 6}, {2, 4}], [{8, 3}, {2, 7}, {1, 6}, {4, 5}], [{8, 3}, {2, 7}, {4, 6}, {1, 5}], [{8, 3}, {2, 7}, {5, 6}, {1, 4}], [{8, 3}, {4, 7}, {1, 6}, {2, 5}], [{8, 3}, {4, 7}, {2, 6}, {1, 5}], [{8, 3}, {4, 7}, {5, 6}, {1, 2}], [{8, 3}, {5, 7}, {1, 6}, {2, 4}], [{8, 3}, {5, 7}, {2, 6}, {1, 4}], [{8, 3}, {5, 7}, {4, 6}, {1, 2}], [{8, 3}, {6, 7}, {1, 5}, {2, 4}], [{8, 3}, {6, 7}, {2, 5}, {1, 4}], [{8, 3}, {6, 7}, {4, 5}, {1, 2}], [{8, 3}, {7}, {1, 6}, {4, 5}, {2}], [{8, 3}, {7}, {2, 6}, {1, 5}, {4}], [{8, 3}, {7}, {2, 6}, {4, 5}, {1}], [{8, 3}, {7}, {2, 6}, {5}, {1, 4}], [{8, 3}, {7}, {5, 6}, {1, 4}, {2}], [{8, 3}, {7}, {6}, {2, 5}, {1, 4}], [{8, 3}, {7}, {6}, {4, 5}, {1, 2}], [{8, 4}, {1, 7}, {2, 6}, {3, 5}], [{8, 4}, {1, 7}, {3, 6}, {2, 5}], [{8, 4}, {1, 7}, {5, 6}, {2, 3}], [{8, 4}, {2, 7}, {1, 6}, {3, 5}], [{8, 4}, {2, 7}, {3, 6}, {1, 5}], [{8, 4}, {2, 7}, {5, 6}, {1, 3}], [{8, 4}, {2, 7}, {6}, {1, 5}, {3}], [{8, 4}, {3, 7}, {1, 6}, {2, 5}], [{8, 4}, {3, 7}, {2, 6}, {1, 5}], [{8, 4}, {3, 7}, {5, 6}, {1, 2}], [{8, 4}, {3, 7}, {6}, {1, 5}, {2}], [{8, 4}, {5, 7}, {1, 6}, {2, 3}], [{8, 4}, {5, 7}, {2, 6}, {1, 3}], [{8, 4}, {5, 7}, {3, 6}, {1, 2}], [{8, 4}, {6, 7}, {1, 5}, {2, 3}], [{8, 4}, {6, 7}, {1, 5}, {3}, {2}], [{8, 4}, {6, 7}, {2, 5}, {1, 3}], [{8, 4}, {6, 7}, {3, 5}, {1, 2}], [{8, 4}, {7}, {2, 6}, {1, 5}, {3}], [{8, 4}, {7}, {3, 6}, {1, 5}, {2}], [{8, 4}, {7}, {6}, {1, 5}, {2, 3}], [{8, 4}, {7}, {6}, {2, 5}, {1, 3}], [{8, 4}, {7}, {6}, {3, 5}, {1, 2}], [{8, 5}, {1, 7}, {2, 6}, {3, 4}], [{8, 5}, {1, 7}, {2, 6}, {4}, {3}], [{8, 5}, {1, 7}, {3, 6}, {2, 4}], [{8, 5}, {1, 7}, {4, 6}, {2, 3}], [{8, 5}, {1, 7}, {4, 6}, {3}, {2}], [{8, 5}, {1, 7}, {6}, {2, 4}, {3}], [{8, 5}, {2, 7}, {1, 6}, {3, 4}], [{8, 5}, {2, 7}, {3, 6}, {1, 4}], [{8, 5}, {2, 7}, {4, 6}, {1, 3}], [{8, 5}, {3, 7}, {1, 6}, {2, 4}], [{8, 5}, {3, 7}, {1, 6}, {4}, {2}], [{8, 5}, {3, 7}, {2, 6}, {1, 4}], [{8, 5}, {3, 7}, {4, 6}, {1, 2}], [{8, 5}, {4, 7}, {1, 6}, {2, 3}], [{8, 5}, {4, 7}, {2, 6}, {1, 3}], [{8, 5}, {4, 7}, {3, 6}, {1, 2}], [{8, 5}, {4, 7}, {6}, {3}, {1, 2}], [{8, 5}, {6, 7}, {1, 4}, {2, 3}], [{8, 5}, {6, 7}, {1, 4}, {3}, {2}], [{8, 5}, {6, 7}, {2, 4}, {1, 3}], [{8, 5}, {6, 7}, {3, 4}, {1, 2}], [{8, 5}, {6, 7}, {4}, {2, 3}, {1}], [{8, 5}, {7}, {6}, {1, 4}, {2, 3}], [{8, 6}, {1, 7}, {2, 5}, {3, 4}], [{8, 6}, {1, 7}, {3, 5}, {2, 4}], [{8, 6}, {1, 7}, {4, 5}, {2, 3}], [{8, 6}, {2, 7}, {1, 5}, {3, 4}], [{8, 6}, {2, 7}, {3, 5}, {1, 4}], [{8, 6}, {2, 7}, {4, 5}, {1, 3}], [{8, 6}, {3, 7}, {1, 5}, {2, 4}], [{8, 6}, {3, 7}, {2, 5}, {1, 4}], [{8, 6}, {3, 7}, {4, 5}, {1, 2}], [{8, 6}, {4, 7}, {1, 5}, {2, 3}], [{8, 6}, {4, 7}, {2, 5}, {1, 3}], [{8, 6}, {4, 7}, {3, 5}, {1, 2}], [{8, 6}, {5, 7}, {1, 4}, {2, 3}], [{8, 6}, {5, 7}, {2, 4}, {1, 3}], [{8, 6}, {5, 7}, {3, 4}, {1, 2}], [{8, 6}, {7}, {2, 5}, {1, 4}, {3}], [{8, 6}, {7}, {3, 5}, {4}, {1, 2}], [{8, 7}, {1, 6}, {2, 5}, {3, 4}], [{8, 7}, {1, 6}, {3, 5}, {2, 4}], [{8, 7}, {1, 6}, {3, 5}, {4}, {2}], [{8, 7}, {1, 6}, {4, 5}, {2, 3}], [{8, 7}, {2, 6}, {1, 5}, {3, 4}], [{8, 7}, {2, 6}, {1, 5}, {4}, {3}], [{8, 7}, {2, 6}, {3, 5}, {1, 4}], [{8, 7}, {2, 6}, {4, 5}, {1, 3}], [{8, 7}, {3, 6}, {1, 5}, {2, 4}], [{8, 7}, {3, 6}, {2, 5}, {1, 4}], [{8, 7}, {3, 6}, {4, 5}, {1, 2}], [{8, 7}, {4, 6}, {1, 5}, {2, 3}], [{8, 7}, {4, 6}, {1, 5}, {3}, {2}], [{8, 7}, {4, 6}, {2, 5}, {1, 3}], [{8, 7}, {4, 6}, {2, 5}, {3}, {1}], [{8, 7}, {4, 6}, {3, 5}, {1, 2}], [{8, 7}, {4, 6}, {3, 5}, {2}, {1}], [{8, 7}, {4, 6}, {5}, {1, 3}, {2}], [{8, 7}, {4, 6}, {5}, {2, 3}, {1}], [{8, 7}, {4, 6}, {5}, {3}, {1, 2}], [{8, 7}, {4, 6}, {5}, {3}, {2}, {1}], [{8, 7}, {5, 6}, {1, 4}, {2, 3}], [{8, 7}, {5, 6}, {2, 4}, {1, 3}], [{8, 7}, {5, 6}, {3, 4}, {1, 2}], [{8, 7}, {5, 6}, {4}, {3}, {1, 2}], [{8, 7}, {6}, {1, 5}, {2, 4}, {3}], [{8, 7}, {6}, {3, 5}, {1, 4}, {2}], [{8, 7}, {6}, {4, 5}, {3}, {1, 2}], [{8}, {1, 7}, {4, 6}, {2, 5}, {3}], [{8}, {1, 7}, {4, 6}, {3, 5}, {2}], [{8}, {1, 7}, {4, 6}, {5}, {2, 3}], [{8}, {1, 7}, {4, 6}, {5}, {3}, {2}], [{8}, {2, 7}, {1, 6}, {3, 5}, {4}], [{8}, {2, 7}, {1, 6}, {4, 5}, {3}], [{8}, {2, 7}, {1, 6}, {5}, {3, 4}], [{8}, {2, 7}, {3, 6}, {1, 5}, {4}], [{8}, {2, 7}, {4, 6}, {3, 5}, {1}], [{8}, {2, 7}, {5, 6}, {4}, {1, 3}], [{8}, {2, 7}, {6}, {3, 5}, {1, 4}], [{8}, {3, 7}, {1, 6}, {5}, {2, 4}], [{8}, {3, 7}, {2, 6}, {1, 5}, {4}], [{8}, {3, 7}, {6}, {4, 5}, {1, 2}], [{8}, {4, 7}, {2, 6}, {1, 5}, {3}], [{8}, {6, 7}, {1, 5}, {4}, {2, 3}], [{8}, {7}, {2, 6}, {1, 5}, {3, 4}], [{8}, {7}, {2, 6}, {1, 5}, {4}, {3}], [{8}, {7}, {3, 6}, {2, 5}, {1, 4}], [{8}, {7}, {4, 6}, {3, 5}, {1, 2}]]",2,- 8 K_1^2 - 8 K_1 K_2 + 4 K_1 + 4 K_2 + 4 K_3 + 5,O1O2O3O4U3U2U5O6U7O8O7U4U8O5U1U6,O1O2O3U4U3U2U5O6O5U1O7O4U8U7O8U6,O1O2O3U4O5U6U5O7O6U3O8O4U8U2U1U7,c,{'O1O2O3O4U5U4O6U7U1O8O7U8O5U6U3U2'},1,"<a href=""/flatknot/8.850950"">8.850950</a>",t^9-19t^7-28t^6+28t^5+38t^4-38t^3-38t^2+3t+2,0,,
8.850951,O1O2O3O4U5U4O6U7U2O8O7U1O5U3U6U8,4,11z^2+64z+85,11w^3z^2+64w^2z+85w,False,False,"[[ 0 -2  0  0  1 -1  1  0  1],[ 2  0  1  1  0  0  2  1  1],[ 0 -1  0 -1  0  0  0  0  0],[ 0 -1  1  0  1 -1  0  0  0],[-1  0  0 -1  0 -1 -1 -1 -1],[ 1  0  0  1  1  0  1  1  1],[-1 -2  0  0  1 -1  0 -1  0],[ 0 -1  0  0  1 -1  1  0  1],[-1 -1  0  0  1 -1  0 -1  0]]","[[ 0  1  1  1  0  0  0 -1 -2],[-1  0  1  0  0  0 -1 -1 -1],[-1 -1  0 -1  0 -1 -1 -1  0],[-1  0  1  0  0  0 -1 -1 -2],[ 0  0  0  0  0 -1  0  0 -1],[ 0  0  1  0  1  0  0 -1 -1],[ 0  1  1  1  0  0  0 -1 -1],[ 1  1  1  1  0  1  1  0  0],[ 2  1  0  2  1  1  1  0  0]]",True,"[-1,-1,-1,0,0,0,1,2,-1,0,0,0,1,1,1,1,0,1,1,1,0,0,0,1,1,2,1,0,0,1,0,1,1,1,1,0]","[-2,-1,0,0,0,1,1,1,0,1,1,1,0,1,2,0,1,1,1,1,1,-1,0,0,0,0,0,1,0,0,1,1,1,-1,-1,0]",t^8+20t^6+48t^4+28t^2+1,"[-2,-1,0,0,0,1,1,1,1,1,1,1,1,2,3,0,0,1,1,1,1,0,-1,1,1,0,0,0,0,0,1,1,1,0,-1,-1]","[-1,-1,-1,0,0,0,1,2,-1,-1,0,0,1,1,3,0,0,1,1,1,1,0,1,1,1,2,0,0,0,1,1,0,1,1,1,1]","[-2,-1,0,0,0,1,1,1,0,1,1,1,0,1,2,0,1,1,1,1,1,-1,0,0,0,0,0,1,0,0,1,1,1,-1,-1,0]",c,"[[{8, 3}, {6, 7}, {4, 5}, {1, 2}], [{8}, {6, 7}, {4, 5}, {3}, {1, 2}]]",1,16 K_1^3 - 26 K_1^2 - 20 K_1 K_2 - 2 K_1 + 13 K_2 + 6 K_3 + 14,O1O2O3O4U5U6U2O7U4O8O5U3U8O6U1U7,O1O2O3U4U5U1U6O7O6U2O8O5U3U8O4U7,O1O2O3U4O5U6U1O7O6U2O8O4U8U3U7U5,c,"{'O1O2O3O4U5U4U6O7U2O6O8U1O5U3U8U7', 'O1O2O3O4U5U4O6U7U2O8O7U1O5U3U6U8'}",2,"<a href=""/flatknot/8.850951"">8.850951</a>",t^9-22t^7-20t^6+57t^5+64t^4-30t^3-44t^2-6t,t^2-2t,,
8.850952,O1O2O3O4U5U4O6U7U2O8O7U1O5U6U8U3,4,2z^3+21z^2+68z+69,2w^4z^3+21w^3z^2+68w^2z+69w,False,False,"[[ 0 -2  0  2  1 -1  0  0  0],[ 2  0  1  3  0  0  1  1  0],[ 0 -1  0  0  0  0 -1  0 -1],[-2 -3  0  0  1 -1 -2 -1 -1],[-1  0  0 -1  0 -1 -1 -1 -1],[ 1  0  0  1  1  0  0  1  0],[ 0 -1  1  2  1  0  0  0  0],[ 0 -1  0  1  1 -1  0  0  0],[ 0  0  1  1  1  0  0  0  0]]","[[ 0  2  1  0  0  0  0 -1 -2],[-2  0  1  0 -1 -1 -2 -1 -3],[-1 -1  0  0 -1 -1 -1 -1  0],[ 0  0  0  0  0 -1 -1  0 -1],[ 0  1  1  0  0  0  0 -1 -1],[ 0  1  1  1  0  0  0  0  0],[ 0  2  1  1  0  0  0  0 -1],[ 1  1  1  0  1  0  0  0  0],[ 2  3  0  1  1  0  1  0  0]]",True,"[-2,-1,0,0,0,0,1,2,-1,0,1,1,2,1,3,0,1,1,1,1,0,0,1,1,0,1,0,0,1,1,0,0,0,0,1,0]","[-2,-1,0,0,0,0,1,2,-1,0,1,1,2,1,3,0,1,1,1,1,0,0,1,1,0,1,0,0,1,1,0,0,0,0,1,0]",t^8+27t^6+79t^4+59t^2+1,"[-2,-1,0,0,0,0,1,2,1,1,1,1,2,3,1,0,1,1,1,1,2,0,0,0,0,1,-1,0,0,0,1,1,2,0,1,2]","[-2,-1,0,0,0,0,1,2,2,0,1,1,2,2,1,0,0,0,1,1,3,0,0,1,1,1,0,0,0,1,1,1,2,1,1,1]","[-2,-1,0,0,0,0,1,2,0,0,1,1,1,0,3,0,0,0,1,1,1,0,1,0,1,1,1,0,1,2,0,0,0,1,1,-1]",c,"[[{8, 1}, {2, 7}, {3, 6}, {4, 5}], [{8, 1}, {2, 7}, {4, 6}, {3, 5}], [{8, 1}, {2, 7}, {5, 6}, {3, 4}], [{8, 1}, {3, 7}, {2, 6}, {4, 5}], [{8, 1}, {3, 7}, {4, 6}, {2, 5}], [{8, 1}, {3, 7}, {5, 6}, {2, 4}], [{8, 1}, {3, 7}, {6}, {2, 5}, {4}], [{8, 1}, {4, 7}, {2, 6}, {3, 5}], [{8, 1}, {4, 7}, {3, 6}, {2, 5}], [{8, 1}, {4, 7}, {5, 6}, {2, 3}], [{8, 1}, {5, 7}, {2, 6}, {3, 4}], [{8, 1}, {5, 7}, {3, 6}, {2, 4}], [{8, 1}, {5, 7}, {4, 6}, {2, 3}], [{8, 1}, {6, 7}, {2, 5}, {3, 4}], [{8, 1}, {6, 7}, {3, 5}, {2, 4}], [{8, 1}, {6, 7}, {4, 5}, {2, 3}], [{8, 1}, {7}, {2, 6}, {3, 5}, {4}], [{8, 1}, {7}, {2, 6}, {4, 5}, {3}], [{8, 1}, {7}, {2, 6}, {5}, {3, 4}], [{8, 1}, {7}, {3, 6}, {4, 5}, {2}], [{8, 1}, {7}, {6}, {4, 5}, {2, 3}], [{8, 2}, {1, 7}, {3, 6}, {4, 5}], [{8, 2}, {1, 7}, {4, 6}, {3, 5}], [{8, 2}, {1, 7}, {5, 6}, {3, 4}], [{8, 2}, {3, 7}, {1, 6}, {4, 5}], [{8, 2}, {3, 7}, {4, 6}, {1, 5}], [{8, 2}, {3, 7}, {5, 6}, {1, 4}], [{8, 2}, {3, 7}, {6}, {1, 5}, {4}], [{8, 2}, {4, 7}, {1, 6}, {3, 5}], [{8, 2}, {4, 7}, {3, 6}, {1, 5}], [{8, 2}, {4, 7}, {5, 6}, {1, 3}], [{8, 2}, {4, 7}, {6}, {1, 5}, {3}], [{8, 2}, {5, 7}, {1, 6}, {3, 4}], [{8, 2}, {5, 7}, {3, 6}, {1, 4}], [{8, 2}, {5, 7}, {4, 6}, {1, 3}], [{8, 2}, {6, 7}, {1, 5}, {3, 4}], [{8, 2}, {6, 7}, {1, 5}, {4}, {3}], [{8, 2}, {6, 7}, {3, 5}, {1, 4}], [{8, 2}, {6, 7}, {4, 5}, {1, 3}], [{8, 2}, {7}, {1, 6}, {3, 5}, {4}], [{8, 2}, {7}, {1, 6}, {4, 5}, {3}], [{8, 2}, {7}, {1, 6}, {5}, {3, 4}], [{8, 2}, {7}, {3, 6}, {1, 5}, {4}], [{8, 2}, {7}, {3, 6}, {4, 5}, {1}], [{8, 2}, {7}, {3, 6}, {5}, {1, 4}], [{8, 2}, {7}, {4, 6}, {1, 5}, {3}], [{8, 2}, {7}, {4, 6}, {3, 5}, {1}], [{8, 2}, {7}, {4, 6}, {5}, {1, 3}], [{8, 2}, {7}, {5, 6}, {1, 4}, {3}], [{8, 2}, {7}, {5, 6}, {3, 4}, {1}], [{8, 2}, {7}, {5, 6}, {4}, {1, 3}], [{8, 2}, {7}, {6}, {1, 5}, {3, 4}], [{8, 2}, {7}, {6}, {3, 5}, {1, 4}], [{8, 2}, {7}, {6}, {4, 5}, {1, 3}], [{8, 3}, {1, 7}, {2, 6}, {4, 5}], [{8, 3}, {1, 7}, {4, 6}, {2, 5}], [{8, 3}, {1, 7}, {5, 6}, {2, 4}], [{8, 3}, {1, 7}, {6}, {2, 5}, {4}], [{8, 3}, {2, 7}, {1, 6}, {4, 5}], [{8, 3}, {2, 7}, {4, 6}, {1, 5}], [{8, 3}, {2, 7}, {5, 6}, {1, 4}], [{8, 3}, {2, 7}, {6}, {1, 5}, {4}], [{8, 3}, {4, 7}, {1, 6}, {2, 5}], [{8, 3}, {4, 7}, {2, 6}, {1, 5}], [{8, 3}, {4, 7}, {5, 6}, {1, 2}], [{8, 3}, {5, 7}, {1, 6}, {2, 4}], [{8, 3}, {5, 7}, {2, 6}, {1, 4}], [{8, 3}, {5, 7}, {4, 6}, {1, 2}], [{8, 3}, {6, 7}, {1, 5}, {2, 4}], [{8, 3}, {6, 7}, {1, 5}, {4}, {2}], [{8, 3}, {6, 7}, {2, 5}, {1, 4}], [{8, 3}, {6, 7}, {4, 5}, {1, 2}], [{8, 3}, {7}, {1, 6}, {4, 5}, {2}], [{8, 3}, {7}, {2, 6}, {1, 5}, {4}], [{8, 3}, {7}, {2, 6}, {4, 5}, {1}], [{8, 3}, {7}, {2, 6}, {5}, {1, 4}], [{8, 3}, {7}, {6}, {4, 5}, {1, 2}], [{8, 4}, {1, 7}, {2, 6}, {3, 5}], [{8, 4}, {1, 7}, {3, 6}, {2, 5}], [{8, 4}, {1, 7}, {5, 6}, {2, 3}], [{8, 4}, {2, 7}, {1, 6}, {3, 5}], [{8, 4}, {2, 7}, {3, 6}, {1, 5}], [{8, 4}, {2, 7}, {5, 6}, {1, 3}], [{8, 4}, {2, 7}, {6}, {1, 5}, {3}], [{8, 4}, {3, 7}, {1, 6}, {2, 5}], [{8, 4}, {3, 7}, {2, 6}, {1, 5}], [{8, 4}, {3, 7}, {5, 6}, {1, 2}], [{8, 4}, {5, 7}, {1, 6}, {2, 3}], [{8, 4}, {5, 7}, {2, 6}, {1, 3}], [{8, 4}, {5, 7}, {3, 6}, {1, 2}], [{8, 4}, {6, 7}, {1, 5}, {2, 3}], [{8, 4}, {6, 7}, {1, 5}, {3}, {2}], [{8, 4}, {6, 7}, {2, 5}, {1, 3}], [{8, 4}, {6, 7}, {3, 5}, {1, 2}], [{8, 4}, {7}, {2, 6}, {1, 5}, {3}], [{8, 4}, {7}, {2, 6}, {3, 5}, {1}], [{8, 4}, {7}, {2, 6}, {5}, {1, 3}], [{8, 4}, {7}, {5, 6}, {1, 3}, {2}], [{8, 4}, {7}, {6}, {2, 5}, {1, 3}], [{8, 5}, {1, 7}, {2, 6}, {3, 4}], [{8, 5}, {1, 7}, {2, 6}, {4}, {3}], [{8, 5}, {1, 7}, {3, 6}, {2, 4}], [{8, 5}, {1, 7}, {4, 6}, {2, 3}], [{8, 5}, {2, 7}, {1, 6}, {3, 4}], [{8, 5}, {2, 7}, {3, 6}, {1, 4}], [{8, 5}, {2, 7}, {4, 6}, {1, 3}], [{8, 5}, {3, 7}, {1, 6}, {2, 4}], [{8, 5}, {3, 7}, {2, 6}, {1, 4}], [{8, 5}, {3, 7}, {2, 6}, {4}, {1}], [{8, 5}, {3, 7}, {4, 6}, {1, 2}], [{8, 5}, {4, 7}, {1, 6}, {2, 3}], [{8, 5}, {4, 7}, {2, 6}, {1, 3}], [{8, 5}, {4, 7}, {2, 6}, {3}, {1}], [{8, 5}, {4, 7}, {3, 6}, {1, 2}], [{8, 5}, {6, 7}, {1, 4}, {2, 3}], [{8, 5}, {6, 7}, {2, 4}, {1, 3}], [{8, 5}, {6, 7}, {3, 4}, {1, 2}], [{8, 5}, {7}, {2, 6}, {1, 4}, {3}], [{8, 5}, {7}, {2, 6}, {3, 4}, {1}], [{8, 5}, {7}, {2, 6}, {4}, {1, 3}], [{8, 5}, {7}, {4, 6}, {1, 3}, {2}], [{8, 5}, {7}, {6}, {2, 4}, {1, 3}], [{8, 6}, {1, 7}, {2, 5}, {3, 4}], [{8, 6}, {1, 7}, {3, 5}, {2, 4}], [{8, 6}, {1, 7}, {4, 5}, {2, 3}], [{8, 6}, {2, 7}, {1, 5}, {3, 4}], [{8, 6}, {2, 7}, {3, 5}, {1, 4}], [{8, 6}, {2, 7}, {4, 5}, {1, 3}], [{8, 6}, {3, 7}, {1, 5}, {2, 4}], [{8, 6}, {3, 7}, {2, 5}, {1, 4}], [{8, 6}, {3, 7}, {4, 5}, {1, 2}], [{8, 6}, {4, 7}, {1, 5}, {2, 3}], [{8, 6}, {4, 7}, {2, 5}, {1, 3}], [{8, 6}, {4, 7}, {3, 5}, {1, 2}], [{8, 6}, {5, 7}, {1, 4}, {2, 3}], [{8, 6}, {5, 7}, {2, 4}, {1, 3}], [{8, 6}, {5, 7}, {3, 4}, {1, 2}], [{8, 6}, {7}, {1, 5}, {3, 4}, {2}], [{8, 6}, {7}, {2, 5}, {4}, {1, 3}], [{8, 6}, {7}, {3, 5}, {1, 4}, {2}], [{8, 6}, {7}, {4, 5}, {1, 3}, {2}], [{8, 6}, {7}, {4, 5}, {2, 3}, {1}], [{8, 6}, {7}, {4, 5}, {3}, {1, 2}], [{8, 6}, {7}, {5}, {2, 4}, {1, 3}], [{8, 7}, {1, 6}, {2, 5}, {3, 4}], [{8, 7}, {1, 6}, {3, 5}, {2, 4}], [{8, 7}, {1, 6}, {4, 5}, {2, 3}], [{8, 7}, {1, 6}, {5}, {3, 4}, {2}], [{8, 7}, {2, 6}, {1, 5}, {3, 4}], [{8, 7}, {2, 6}, {3, 5}, {1, 4}], [{8, 7}, {2, 6}, {4, 5}, {1, 3}], [{8, 7}, {3, 6}, {1, 5}, {2, 4}], [{8, 7}, {3, 6}, {2, 5}, {1, 4}], [{8, 7}, {3, 6}, {4, 5}, {1, 2}], [{8, 7}, {4, 6}, {1, 5}, {2, 3}], [{8, 7}, {4, 6}, {2, 5}, {1, 3}], [{8, 7}, {4, 6}, {3, 5}, {1, 2}], [{8, 7}, {5, 6}, {1, 4}, {2, 3}], [{8, 7}, {5, 6}, {2, 4}, {1, 3}], [{8, 7}, {5, 6}, {3, 4}, {1, 2}], [{8, 7}, {5, 6}, {3, 4}, {2}, {1}], [{8, 7}, {6}, {1, 5}, {3, 4}, {2}], [{8, 7}, {6}, {2, 5}, {4}, {1, 3}], [{8, 7}, {6}, {3, 5}, {1, 4}, {2}], [{8, 7}, {6}, {4, 5}, {1, 3}, {2}], [{8, 7}, {6}, {4, 5}, {2, 3}, {1}], [{8, 7}, {6}, {4, 5}, {3}, {1, 2}], [{8, 7}, {6}, {5}, {2, 4}, {1, 3}], [{8}, {1, 7}, {5, 6}, {2, 4}, {3}], [{8}, {1, 7}, {6}, {4, 5}, {2, 3}], [{8}, {2, 7}, {1, 6}, {5}, {3, 4}], [{8}, {2, 7}, {5, 6}, {3, 4}, {1}], [{8}, {2, 7}, {6}, {1, 5}, {3, 4}], [{8}, {2, 7}, {6}, {3, 5}, {1, 4}], [{8}, {2, 7}, {6}, {4, 5}, {1, 3}], [{8}, {3, 7}, {4, 6}, {1, 5}, {2}], [{8}, {3, 7}, {5, 6}, {2, 4}, {1}], [{8}, {3, 7}, {6}, {4, 5}, {1, 2}], [{8}, {4, 7}, {3, 6}, {1, 5}, {2}], [{8}, {4, 7}, {6}, {2, 5}, {1, 3}], [{8}, {5, 7}, {6}, {2, 4}, {1, 3}], [{8}, {6, 7}, {1, 5}, {2, 4}, {3}], [{8}, {6, 7}, {1, 5}, {3, 4}, {2}], [{8}, {6, 7}, {1, 5}, {4}, {2, 3}], [{8}, {6, 7}, {1, 5}, {4}, {3}, {2}], [{8}, {6, 7}, {2, 5}, {1, 4}, {3}], [{8}, {6, 7}, {2, 5}, {3, 4}, {1}], [{8}, {6, 7}, {2, 5}, {4}, {1, 3}], [{8}, {6, 7}, {3, 5}, {1, 4}, {2}], [{8}, {6, 7}, {3, 5}, {2, 4}, {1}], [{8}, {6, 7}, {3, 5}, {4}, {1, 2}], [{8}, {6, 7}, {4, 5}, {1, 3}, {2}], [{8}, {6, 7}, {4, 5}, {2, 3}, {1}], [{8}, {6, 7}, {4, 5}, {3}, {1, 2}], [{8}, {6, 7}, {5}, {1, 4}, {2, 3}], [{8}, {6, 7}, {5}, {2, 4}, {1, 3}], [{8}, {6, 7}, {5}, {3, 4}, {1, 2}], [{8}, {7}, {1, 6}, {4, 5}, {2, 3}], [{8}, {7}, {2, 6}, {1, 5}, {3, 4}], [{8}, {7}, {2, 6}, {3, 5}, {1, 4}], [{8}, {7}, {2, 6}, {4, 5}, {1, 3}], [{8}, {7}, {3, 6}, {4, 5}, {1, 2}], [{8}, {7}, {4, 6}, {2, 5}, {1, 3}], [{8}, {7}, {5, 6}, {2, 4}, {1, 3}], [{8}, {7}, {6}, {1, 5}, {3, 4}, {2}], [{8}, {7}, {6}, {2, 5}, {4}, {1, 3}], [{8}, {7}, {6}, {3, 5}, {1, 4}, {2}], [{8}, {7}, {6}, {4, 5}, {1, 3}, {2}], [{8}, {7}, {6}, {4, 5}, {2, 3}, {1}], [{8}, {7}, {6}, {4, 5}, {3}, {1, 2}], [{8}, {7}, {6}, {5}, {2, 4}, {1, 3}]]",2,20 K_1^3 - 12 K_1^2 - 12 K_1 K_2 - 9 K_1 + 6 K_2 + K_3 + 7,O1O2O3O4U2U5U6O7U4O8O5U3U8O6U1U7,O1O2O3U4U5U3U6O7O6U1O8O5U2U8O4U7,O1O2O3U4O5U6U2O7O6U3O8O4U8U1U7U5,c,"{'O1O2O3O4U5U4U6O7U2O6O8U1O5U8U7U3', 'O1O2O3O4U5U4O6U7U2O8O7U1O5U6U8U3'}",2,"<a href=""/flatknot/8.850952"">8.850952</a>",t^9-27t^7-30t^6+101t^5+96t^4-91t^3-86t^2-24t,0,,
8.850953,O1O2O3O4U5U4O6U7U2O8O7U1O5U8U3U6,4,7z^3+45z^2+109z+95,7w^4z^3+45w^3z^2+109w^2z+95w,False,False,"[[ 0 -2  0  1  1 -1  2  0 -1],[ 2  0  1  2  0  0  3  1 -1],[ 0 -1  0 -1  0  0  0  0 -2],[-1 -2  1  0  1 -1  0  0 -2],[-1  0  0 -1  0 -1 -1 -1 -1],[ 1  0  0  1  1  0  1  1  0],[-2 -3  0  0  1 -1  0 -1 -1],[ 0 -1  0  0  1 -1  1  0 -1],[ 1  1  2  2  1  0  1  1  0]]","[[ 0  2  1  1  0  0 -1 -1 -2],[-2  0  1  0  0 -1 -1 -1 -3],[-1 -1  0 -1  0 -1 -1 -1  0],[-1  0  1  0  1  0 -1 -2 -2],[ 0  0  0 -1  0  0  0 -2 -1],[ 0  1  1  0  0  0 -1 -1 -1],[ 1  1  1  1  0  1  0  0  0],[ 1  1  1  2  2  1  0  0  1],[ 2  3  0  2  1  1  0 -1  0]]",True,"[-2,-1,-1,0,0,1,1,2,-1,0,0,1,1,1,3,1,0,1,1,1,0,-1,0,1,2,2,0,0,2,1,1,1,1,0,0,-1]","[-2,-1,-1,0,0,1,1,2,-1,0,0,1,1,1,3,1,0,1,1,1,0,-1,0,1,2,2,0,0,2,1,1,1,1,0,0,-1]",t^8+36t^6+184t^4+205t^2+16,"[-2,-1,-1,0,0,1,1,2,1,2,1,1,1,3,1,0,0,1,1,1,2,0,-1,0,1,2,0,1,0,1,2,1,2,-1,1,2]","[-2,-1,-1,0,0,1,1,2,1,2,1,2,2,2,1,1,1,2,0,1,1,0,1,1,1,3,0,0,0,1,-1,1,1,0,2,1]","[-2,-1,-1,0,0,1,1,2,-1,0,1,1,0,2,3,0,1,2,1,2,1,1,0,1,1,1,0,1,0,1,0,-1,0,-1,-1,0]",c,"[[{8, 1}, {2, 7}, {3, 6}, {4, 5}], [{8, 1}, {2, 7}, {4, 6}, {3, 5}], [{8, 1}, {2, 7}, {5, 6}, {3, 4}], [{8, 1}, {3, 7}, {2, 6}, {4, 5}], [{8, 1}, {3, 7}, {4, 6}, {2, 5}], [{8, 1}, {3, 7}, {5, 6}, {2, 4}], [{8, 1}, {3, 7}, {5, 6}, {4}, {2}], [{8, 1}, {4, 7}, {2, 6}, {3, 5}], [{8, 1}, {4, 7}, {3, 6}, {2, 5}], [{8, 1}, {4, 7}, {5, 6}, {2, 3}], [{8, 1}, {4, 7}, {6}, {2, 5}, {3}], [{8, 1}, {5, 7}, {2, 6}, {3, 4}], [{8, 1}, {5, 7}, {3, 6}, {2, 4}], [{8, 1}, {5, 7}, {4, 6}, {2, 3}], [{8, 1}, {6, 7}, {2, 5}, {3, 4}], [{8, 1}, {6, 7}, {3, 5}, {2, 4}], [{8, 1}, {6, 7}, {4, 5}, {2, 3}], [{8, 1}, {7}, {3, 6}, {4, 5}, {2}], [{8, 2}, {1, 7}, {3, 6}, {4, 5}], [{8, 2}, {1, 7}, {3, 6}, {5}, {4}], [{8, 2}, {1, 7}, {4, 6}, {3, 5}], [{8, 2}, {1, 7}, {4, 6}, {5}, {3}], [{8, 2}, {1, 7}, {5, 6}, {3, 4}], [{8, 2}, {1, 7}, {5, 6}, {4}, {3}], [{8, 2}, {1, 7}, {6}, {3, 5}, {4}], [{8, 2}, {1, 7}, {6}, {4, 5}, {3}], [{8, 2}, {1, 7}, {6}, {5}, {3, 4}], [{8, 2}, {1, 7}, {6}, {5}, {4}, {3}], [{8, 2}, {3, 7}, {1, 6}, {4, 5}], [{8, 2}, {3, 7}, {1, 6}, {5}, {4}], [{8, 2}, {3, 7}, {4, 6}, {1, 5}], [{8, 2}, {3, 7}, {4, 6}, {5}, {1}], [{8, 2}, {3, 7}, {5, 6}, {1, 4}], [{8, 2}, {3, 7}, {6}, {5}, {1, 4}], [{8, 2}, {4, 7}, {1, 6}, {3, 5}], [{8, 2}, {4, 7}, {1, 6}, {5}, {3}], [{8, 2}, {4, 7}, {3, 6}, {1, 5}], [{8, 2}, {4, 7}, {3, 6}, {5}, {1}], [{8, 2}, {4, 7}, {5, 6}, {1, 3}], [{8, 2}, {4, 7}, {6}, {5}, {1, 3}], [{8, 2}, {5, 7}, {1, 6}, {3, 4}], [{8, 2}, {5, 7}, {1, 6}, {4}, {3}], [{8, 2}, {5, 7}, {3, 6}, {1, 4}], [{8, 2}, {5, 7}, {4, 6}, {1, 3}], [{8, 2}, {5, 7}, {6}, {3, 4}, {1}], [{8, 2}, {6, 7}, {1, 5}, {3, 4}], [{8, 2}, {6, 7}, {1, 5}, {4}, {3}], [{8, 2}, {6, 7}, {3, 5}, {1, 4}], [{8, 2}, {6, 7}, {3, 5}, {4}, {1}], [{8, 2}, {6, 7}, {4, 5}, {1, 3}], [{8, 2}, {6, 7}, {4, 5}, {3}, {1}], [{8, 2}, {6, 7}, {5}, {1, 4}, {3}], [{8, 2}, {6, 7}, {5}, {3, 4}, {1}], [{8, 2}, {6, 7}, {5}, {4}, {1, 3}], [{8, 2}, {6, 7}, {5}, {4}, {3}, {1}], [{8, 2}, {7}, {1, 6}, {3, 5}, {4}], [{8, 2}, {7}, {1, 6}, {4, 5}, {3}], [{8, 2}, {7}, {1, 6}, {5}, {3, 4}], [{8, 2}, {7}, {1, 6}, {5}, {4}, {3}], [{8, 2}, {7}, {3, 6}, {5}, {1, 4}], [{8, 2}, {7}, {4, 6}, {5}, {1, 3}], [{8, 2}, {7}, {5, 6}, {3, 4}, {1}], [{8, 2}, {7}, {6}, {1, 5}, {3, 4}], [{8, 2}, {7}, {6}, {5}, {3, 4}, {1}], [{8, 3}, {1, 7}, {2, 6}, {4, 5}], [{8, 3}, {1, 7}, {4, 6}, {2, 5}], [{8, 3}, {1, 7}, {5, 6}, {2, 4}], [{8, 3}, {2, 7}, {1, 6}, {4, 5}], [{8, 3}, {2, 7}, {4, 6}, {1, 5}], [{8, 3}, {2, 7}, {5, 6}, {1, 4}], [{8, 3}, {2, 7}, {6}, {1, 5}, {4}], [{8, 3}, {4, 7}, {1, 6}, {2, 5}], [{8, 3}, {4, 7}, {2, 6}, {1, 5}], [{8, 3}, {4, 7}, {5, 6}, {1, 2}], [{8, 3}, {5, 7}, {1, 6}, {2, 4}], [{8, 3}, {5, 7}, {2, 6}, {1, 4}], [{8, 3}, {5, 7}, {4, 6}, {1, 2}], [{8, 3}, {6, 7}, {1, 5}, {2, 4}], [{8, 3}, {6, 7}, {2, 5}, {1, 4}], [{8, 3}, {6, 7}, {4, 5}, {1, 2}], [{8, 3}, {7}, {1, 6}, {4, 5}, {2}], [{8, 3}, {7}, {2, 6}, {4, 5}, {1}], [{8, 3}, {7}, {6}, {4, 5}, {1, 2}], [{8, 4}, {1, 7}, {2, 6}, {3, 5}], [{8, 4}, {1, 7}, {2, 6}, {5}, {3}], [{8, 4}, {1, 7}, {3, 6}, {2, 5}], [{8, 4}, {1, 7}, {5, 6}, {2, 3}], [{8, 4}, {2, 7}, {1, 6}, {3, 5}], [{8, 4}, {2, 7}, {3, 6}, {1, 5}], [{8, 4}, {2, 7}, {5, 6}, {1, 3}], [{8, 4}, {3, 7}, {1, 6}, {2, 5}], [{8, 4}, {3, 7}, {2, 6}, {1, 5}], [{8, 4}, {3, 7}, {5, 6}, {1, 2}], [{8, 4}, {5, 7}, {1, 6}, {2, 3}], [{8, 4}, {5, 7}, {2, 6}, {1, 3}], [{8, 4}, {5, 7}, {3, 6}, {1, 2}], [{8, 4}, {5, 7}, {6}, {3}, {1, 2}], [{8, 4}, {6, 7}, {1, 5}, {2, 3}], [{8, 4}, {6, 7}, {2, 5}, {1, 3}], [{8, 4}, {6, 7}, {2, 5}, {3}, {1}], [{8, 4}, {6, 7}, {3, 5}, {1, 2}], [{8, 4}, {7}, {1, 6}, {3, 5}, {2}], [{8, 5}, {1, 7}, {2, 6}, {3, 4}], [{8, 5}, {1, 7}, {3, 6}, {2, 4}], [{8, 5}, {1, 7}, {4, 6}, {2, 3}], [{8, 5}, {2, 7}, {1, 6}, {3, 4}], [{8, 5}, {2, 7}, {3, 6}, {1, 4}], [{8, 5}, {2, 7}, {4, 6}, {1, 3}], [{8, 5}, {3, 7}, {1, 6}, {2, 4}], [{8, 5}, {3, 7}, {2, 6}, {1, 4}], [{8, 5}, {3, 7}, {4, 6}, {1, 2}], [{8, 5}, {3, 7}, {4, 6}, {2}, {1}], [{8, 5}, {4, 7}, {1, 6}, {2, 3}], [{8, 5}, {4, 7}, {2, 6}, {1, 3}], [{8, 5}, {4, 7}, {3, 6}, {1, 2}], [{8, 5}, {6, 7}, {1, 4}, {2, 3}], [{8, 5}, {6, 7}, {2, 4}, {1, 3}], [{8, 5}, {6, 7}, {2, 4}, {3}, {1}], [{8, 5}, {6, 7}, {3, 4}, {1, 2}], [{8, 5}, {7}, {2, 6}, {1, 4}, {3}], [{8, 6}, {1, 7}, {2, 5}, {3, 4}], [{8, 6}, {1, 7}, {3, 5}, {2, 4}], [{8, 6}, {1, 7}, {4, 5}, {2, 3}], [{8, 6}, {1, 7}, {5}, {2, 4}, {3}], [{8, 6}, {2, 7}, {1, 5}, {3, 4}], [{8, 6}, {2, 7}, {3, 5}, {1, 4}], [{8, 6}, {2, 7}, {4, 5}, {1, 3}], [{8, 6}, {3, 7}, {1, 5}, {2, 4}], [{8, 6}, {3, 7}, {2, 5}, {1, 4}], [{8, 6}, {3, 7}, {4, 5}, {1, 2}], [{8, 6}, {4, 7}, {1, 5}, {2, 3}], [{8, 6}, {4, 7}, {2, 5}, {1, 3}], [{8, 6}, {4, 7}, {3, 5}, {1, 2}], [{8, 6}, {5, 7}, {1, 4}, {2, 3}], [{8, 6}, {5, 7}, {2, 4}, {1, 3}], [{8, 6}, {5, 7}, {3, 4}, {1, 2}], [{8, 6}, {7}, {4, 5}, {1, 3}, {2}], [{8, 7}, {1, 6}, {2, 5}, {3, 4}], [{8, 7}, {1, 6}, {3, 5}, {2, 4}], [{8, 7}, {1, 6}, {4, 5}, {2, 3}], [{8, 7}, {2, 6}, {1, 5}, {3, 4}], [{8, 7}, {2, 6}, {3, 5}, {1, 4}], [{8, 7}, {2, 6}, {4, 5}, {1, 3}], [{8, 7}, {3, 6}, {1, 5}, {2, 4}], [{8, 7}, {3, 6}, {2, 5}, {1, 4}], [{8, 7}, {3, 6}, {4, 5}, {1, 2}], [{8, 7}, {4, 6}, {1, 5}, {2, 3}], [{8, 7}, {4, 6}, {2, 5}, {1, 3}], [{8, 7}, {4, 6}, {3, 5}, {1, 2}], [{8, 7}, {4, 6}, {5}, {1, 3}, {2}], [{8, 7}, {5, 6}, {1, 4}, {2, 3}], [{8, 7}, {5, 6}, {2, 4}, {1, 3}], [{8, 7}, {5, 6}, {2, 4}, {3}, {1}], [{8, 7}, {5, 6}, {3, 4}, {1, 2}], [{8, 7}, {6}, {5}, {1, 4}, {2, 3}], [{8}, {2, 7}, {4, 6}, {5}, {1, 3}], [{8}, {3, 7}, {4, 6}, {2, 5}, {1}], [{8}, {4, 7}, {6}, {1, 5}, {2, 3}], [{8}, {7}, {1, 6}, {3, 5}, {2, 4}], [{8}, {7}, {1, 6}, {4, 5}, {2, 3}]]",2,- 8 K_1^4 + 12 K_1^3 + 12 K_1^2 K_2 - 10 K_1^2 - 8 K_1 K_2 - 6 K_1 K_3 - 5 K_1 + 6 K_2 + K_3 + K_4 + 6,O1O2O3O4U5U2U6O7U4O8O6U3U8O5U1U7,O1O2O3U4U5U2U6O7O6U3O8O5U1U8O4U7,O1O2O3U4O5U6U3O7O6U1O8O4U8U2U7U5,c,{'O1O2O3O4U5U4O6U7U2O8O7U1O5U8U3U6'},1,"<a href=""/flatknot/8.850953"">8.850953</a>",t^9-36t^7-56t^6+104t^5+174t^4+10t^3-116t^2-145t-36,0,,
8.850954,O1O2O3O4U5U4O6U7U2O8O7U1O5U8U6U3,3,15z^2+72z+85,-10w^4z^2+25w^3z^2-14w^3z+86w^2z+85w,False,False,"[[ 0 -2  0  2  1 -1  1  0 -1],[ 2  0  1  3  0  0  2  1 -1],[ 0 -1  0  0  0  0 -1  0 -2],[-2 -3  0  0  1 -1 -1 -1 -2],[-1  0  0 -1  0 -1 -1 -1 -1],[ 1  0  0  1  1  0  0  1  0],[-1 -2  1  1  1  0  0  0 -1],[ 0 -1  0  1  1 -1  0  0 -1],[ 1  1  2  2  1  0  1  1  0]]","[[ 0  2  1  1  0  0 -1 -1 -2],[-2  0  1 -1  0 -1 -1 -2 -3],[-1 -1  0 -1  0 -1 -1 -1  0],[-1  1  1  0  1  0  0 -1 -2],[ 0  0  0 -1  0  0  0 -2 -1],[ 0  1  1  0  0  0 -1 -1 -1],[ 1  1  1  0  0  1  0  0  0],[ 1  2  1  1  2  1  0  0  1],[ 2  3  0  2  1  1  0 -1  0]]",True,"[-2,-1,-1,0,0,1,1,2,-1,1,0,1,1,2,3,1,0,1,1,1,0,-1,0,0,1,2,0,0,2,1,1,1,1,0,0,-1]","[-2,-1,-1,0,0,1,1,2,-1,0,1,1,0,2,3,0,1,2,1,1,2,1,0,1,0,1,0,1,0,1,0,-1,0,-1,-1,1]",t^8+36t^6+156t^4+167t^2,"[-2,-1,-1,0,0,1,1,2,1,2,1,1,1,3,1,0,0,1,2,1,2,0,-1,1,1,1,0,1,0,1,2,1,2,-1,0,2]","[-2,-1,-1,0,0,1,1,2,0,2,1,2,1,2,1,1,1,2,1,2,1,0,1,1,1,3,0,0,0,1,-1,1,1,0,2,1]","[-2,-1,-1,0,0,1,1,2,-1,0,1,1,0,2,3,0,1,2,1,1,2,1,0,1,0,1,0,1,0,1,0,-1,0,-1,-1,1]",c,"[[{8, 1}, {2, 7}, {3, 6}, {4, 5}], [{8, 1}, {2, 7}, {4, 6}, {3, 5}], [{8, 1}, {2, 7}, {5, 6}, {3, 4}], [{8, 1}, {3, 7}, {2, 6}, {4, 5}], [{8, 1}, {3, 7}, {4, 6}, {2, 5}], [{8, 1}, {3, 7}, {5, 6}, {2, 4}], [{8, 1}, {4, 7}, {2, 6}, {3, 5}], [{8, 1}, {4, 7}, {3, 6}, {2, 5}], [{8, 1}, {4, 7}, {5, 6}, {2, 3}], [{8, 1}, {5, 7}, {2, 6}, {3, 4}], [{8, 1}, {5, 7}, {3, 6}, {2, 4}], [{8, 1}, {5, 7}, {4, 6}, {2, 3}], [{8, 1}, {6, 7}, {2, 5}, {3, 4}], [{8, 1}, {6, 7}, {3, 5}, {2, 4}], [{8, 1}, {6, 7}, {4, 5}, {2, 3}], [{8, 1}, {7}, {2, 6}, {4, 5}, {3}], [{8, 1}, {7}, {3, 6}, {4, 5}, {2}], [{8, 1}, {7}, {4, 6}, {2, 5}, {3}], [{8, 1}, {7}, {6}, {4, 5}, {2, 3}], [{8, 2}, {1, 7}, {3, 6}, {4, 5}], [{8, 2}, {1, 7}, {4, 6}, {3, 5}], [{8, 2}, {1, 7}, {5, 6}, {3, 4}], [{8, 2}, {1, 7}, {6}, {4, 5}, {3}], [{8, 2}, {3, 7}, {1, 6}, {4, 5}], [{8, 2}, {3, 7}, {1, 6}, {5}, {4}], [{8, 2}, {3, 7}, {4, 6}, {1, 5}], [{8, 2}, {3, 7}, {4, 6}, {5}, {1}], [{8, 2}, {3, 7}, {5, 6}, {1, 4}], [{8, 2}, {3, 7}, {5, 6}, {4}, {1}], [{8, 2}, {3, 7}, {6}, {1, 5}, {4}], [{8, 2}, {3, 7}, {6}, {4, 5}, {1}], [{8, 2}, {3, 7}, {6}, {5}, {1, 4}], [{8, 2}, {4, 7}, {1, 6}, {3, 5}], [{8, 2}, {4, 7}, {1, 6}, {5}, {3}], [{8, 2}, {4, 7}, {3, 6}, {1, 5}], [{8, 2}, {4, 7}, {5, 6}, {1, 3}], [{8, 2}, {5, 7}, {1, 6}, {3, 4}], [{8, 2}, {5, 7}, {1, 6}, {4}, {3}], [{8, 2}, {5, 7}, {3, 6}, {1, 4}], [{8, 2}, {5, 7}, {4, 6}, {1, 3}], [{8, 2}, {6, 7}, {1, 5}, {3, 4}], [{8, 2}, {6, 7}, {3, 5}, {1, 4}], [{8, 2}, {6, 7}, {4, 5}, {1, 3}], [{8, 2}, {6, 7}, {4, 5}, {3}, {1}], [{8, 2}, {7}, {1, 6}, {3, 5}, {4}], [{8, 2}, {7}, {1, 6}, {4, 5}, {3}], [{8, 2}, {7}, {1, 6}, {5}, {3, 4}], [{8, 2}, {7}, {1, 6}, {5}, {4}, {3}], [{8, 2}, {7}, {3, 6}, {4, 5}, {1}], [{8, 2}, {7}, {4, 6}, {1, 5}, {3}], [{8, 2}, {7}, {5, 6}, {1, 4}, {3}], [{8, 2}, {7}, {6}, {4, 5}, {1, 3}], [{8, 2}, {7}, {6}, {4, 5}, {3}, {1}], [{8, 3}, {1, 7}, {2, 6}, {4, 5}], [{8, 3}, {1, 7}, {4, 6}, {2, 5}], [{8, 3}, {1, 7}, {5, 6}, {2, 4}], [{8, 3}, {2, 7}, {1, 6}, {4, 5}], [{8, 3}, {2, 7}, {4, 6}, {1, 5}], [{8, 3}, {2, 7}, {4, 6}, {5}, {1}], [{8, 3}, {2, 7}, {5, 6}, {1, 4}], [{8, 3}, {4, 7}, {1, 6}, {2, 5}], [{8, 3}, {4, 7}, {2, 6}, {1, 5}], [{8, 3}, {4, 7}, {5, 6}, {1, 2}], [{8, 3}, {5, 7}, {1, 6}, {2, 4}], [{8, 3}, {5, 7}, {2, 6}, {1, 4}], [{8, 3}, {5, 7}, {4, 6}, {1, 2}], [{8, 3}, {6, 7}, {1, 5}, {2, 4}], [{8, 3}, {6, 7}, {2, 5}, {1, 4}], [{8, 3}, {6, 7}, {4, 5}, {1, 2}], [{8, 3}, {6, 7}, {5}, {1, 4}, {2}], [{8, 3}, {7}, {1, 6}, {4, 5}, {2}], [{8, 3}, {7}, {2, 6}, {4, 5}, {1}], [{8, 3}, {7}, {6}, {4, 5}, {1, 2}], [{8, 4}, {1, 7}, {2, 6}, {3, 5}], [{8, 4}, {1, 7}, {3, 6}, {2, 5}], [{8, 4}, {1, 7}, {5, 6}, {2, 3}], [{8, 4}, {2, 7}, {1, 6}, {3, 5}], [{8, 4}, {2, 7}, {3, 6}, {1, 5}], [{8, 4}, {2, 7}, {5, 6}, {1, 3}], [{8, 4}, {2, 7}, {6}, {1, 5}, {3}], [{8, 4}, {3, 7}, {1, 6}, {2, 5}], [{8, 4}, {3, 7}, {2, 6}, {1, 5}], [{8, 4}, {3, 7}, {5, 6}, {1, 2}], [{8, 4}, {5, 7}, {1, 6}, {2, 3}], [{8, 4}, {5, 7}, {2, 6}, {1, 3}], [{8, 4}, {5, 7}, {3, 6}, {1, 2}], [{8, 4}, {6, 7}, {1, 5}, {2, 3}], [{8, 4}, {6, 7}, {1, 5}, {3}, {2}], [{8, 4}, {6, 7}, {2, 5}, {1, 3}], [{8, 4}, {6, 7}, {3, 5}, {1, 2}], [{8, 4}, {7}, {1, 6}, {2, 5}, {3}], [{8, 4}, {7}, {2, 6}, {1, 5}, {3}], [{8, 4}, {7}, {5, 6}, {1, 3}, {2}], [{8, 4}, {7}, {6}, {3, 5}, {1, 2}], [{8, 5}, {1, 7}, {2, 6}, {3, 4}], [{8, 5}, {1, 7}, {2, 6}, {4}, {3}], [{8, 5}, {1, 7}, {3, 6}, {2, 4}], [{8, 5}, {1, 7}, {4, 6}, {2, 3}], [{8, 5}, {1, 7}, {4, 6}, {3}, {2}], [{8, 5}, {1, 7}, {6}, {2, 4}, {3}], [{8, 5}, {2, 7}, {1, 6}, {3, 4}], [{8, 5}, {2, 7}, {3, 6}, {1, 4}], [{8, 5}, {2, 7}, {4, 6}, {1, 3}], [{8, 5}, {3, 7}, {1, 6}, {2, 4}], [{8, 5}, {3, 7}, {2, 6}, {1, 4}], [{8, 5}, {3, 7}, {4, 6}, {1, 2}], [{8, 5}, {3, 7}, {6}, {2, 4}, {1}], [{8, 5}, {4, 7}, {1, 6}, {2, 3}], [{8, 5}, {4, 7}, {2, 6}, {1, 3}], [{8, 5}, {4, 7}, {3, 6}, {1, 2}], [{8, 5}, {6, 7}, {1, 4}, {2, 3}], [{8, 5}, {6, 7}, {2, 4}, {1, 3}], [{8, 5}, {6, 7}, {2, 4}, {3}, {1}], [{8, 5}, {6, 7}, {3, 4}, {1, 2}], [{8, 5}, {7}, {1, 6}, {2, 4}, {3}], [{8, 5}, {7}, {3, 6}, {2, 4}, {1}], [{8, 5}, {7}, {6}, {2, 4}, {1, 3}], [{8, 5}, {7}, {6}, {2, 4}, {3}, {1}], [{8, 6}, {1, 7}, {2, 5}, {3, 4}], [{8, 6}, {1, 7}, {3, 5}, {2, 4}], [{8, 6}, {1, 7}, {4, 5}, {2, 3}], [{8, 6}, {2, 7}, {1, 5}, {3, 4}], [{8, 6}, {2, 7}, {3, 5}, {1, 4}], [{8, 6}, {2, 7}, {4, 5}, {1, 3}], [{8, 6}, {3, 7}, {1, 5}, {2, 4}], [{8, 6}, {3, 7}, {2, 5}, {1, 4}], [{8, 6}, {3, 7}, {4, 5}, {1, 2}], [{8, 6}, {4, 7}, {1, 5}, {2, 3}], [{8, 6}, {4, 7}, {2, 5}, {1, 3}], [{8, 6}, {4, 7}, {3, 5}, {1, 2}], [{8, 6}, {5, 7}, {1, 4}, {2, 3}], [{8, 6}, {5, 7}, {2, 4}, {1, 3}], [{8, 6}, {5, 7}, {3, 4}, {1, 2}], [{8, 6}, {7}, {4, 5}, {1, 3}, {2}], [{8, 6}, {7}, {4, 5}, {2, 3}, {1}], [{8, 6}, {7}, {4, 5}, {3}, {1, 2}], [{8, 7}, {1, 6}, {2, 5}, {3, 4}], [{8, 7}, {1, 6}, {3, 5}, {2, 4}], [{8, 7}, {1, 6}, {4, 5}, {2, 3}], [{8, 7}, {1, 6}, {4, 5}, {3}, {2}], [{8, 7}, {2, 6}, {1, 5}, {3, 4}], [{8, 7}, {2, 6}, {3, 5}, {1, 4}], [{8, 7}, {2, 6}, {4, 5}, {1, 3}], [{8, 7}, {3, 6}, {1, 5}, {2, 4}], [{8, 7}, {3, 6}, {2, 5}, {1, 4}], [{8, 7}, {3, 6}, {4, 5}, {1, 2}], [{8, 7}, {3, 6}, {5}, {1, 4}, {2}], [{8, 7}, {4, 6}, {1, 5}, {2, 3}], [{8, 7}, {4, 6}, {2, 5}, {1, 3}], [{8, 7}, {4, 6}, {3, 5}, {1, 2}], [{8, 7}, {4, 6}, {5}, {3}, {1, 2}], [{8, 7}, {5, 6}, {1, 4}, {2, 3}], [{8, 7}, {5, 6}, {2, 4}, {1, 3}], [{8, 7}, {5, 6}, {3, 4}, {1, 2}], [{8, 7}, {5, 6}, {4}, {2, 3}, {1}], [{8}, {2, 7}, {1, 6}, {4, 5}, {3}], [{8}, {3, 7}, {1, 6}, {4, 5}, {2}], [{8}, {3, 7}, {4, 6}, {1, 5}, {2}], [{8}, {3, 7}, {5, 6}, {1, 4}, {2}], [{8}, {5, 7}, {4, 6}, {1, 3}, {2}], [{8}, {7}, {1, 6}, {4, 5}, {2, 3}], [{8}, {7}, {1, 6}, {4, 5}, {3}, {2}], [{8}, {7}, {2, 6}, {3, 5}, {1, 4}], [{8}, {7}, {2, 6}, {4, 5}, {1, 3}], [{8}, {7}, {3, 6}, {4, 5}, {1, 2}]]",2,- 8 K_1^4 + 12 K_1^3 + 12 K_1^2 K_2 - 16 K_1^2 - 16 K_1 K_2 - 4 K_1 K_3 - K_1 - 2 K_2^2 + 8 K_2 + 5 K_3 + K_4 + 10,O1O2O3O4U2U5U6O7U4O8O6U3U8O5U1U7,O1O2O3U4U5U3U6O7O6U2O8O5U1U8O4U7,O1O2O3U4O5U6U3O7O6U2O8O4U8U1U7U5,c,{'O1O2O3O4U5U4O6U7U2O8O7U1O5U8U6U3'},1,"<a href=""/flatknot/8.850954"">8.850954</a>",t^9-36t^7-68t^6+74t^5+158t^4+49t^3+46t^2+24t-32,0,,
8.850955,O1O2O3O4U5U4O6U7U2O8O7U3O5U1U6U8,3,5z^2+42z+65,5w^3z^2+42w^2z+65w,False,False,"[[ 0 -2  0  0  1 -1  1  0  1],[ 2  0  1  2  1 -1  2  1  1],[ 0 -1  0  0  0 -1  0  0  0],[ 0 -2  0  0  0 -1  0  0  0],[-1 -1  0  0  0 -1 -1 -1 -1],[ 1  1  1  1  1  0  1  1  1],[-1 -2  0  0  1 -1  0 -1  0],[ 0 -1  0  0  1 -1  1  0  1],[-1 -1  0  0  1 -1  0 -1  0]]","[[ 0  1  1  1  0  0  0 -1 -2],[-1  0  1  0  0  0 -1 -1 -1],[-1 -1  0 -1  0  0 -1 -1 -1],[-1  0  1  0  0  0 -1 -1 -2],[ 0  0  0  0  0  0  0 -1 -1],[ 0  0  0  0  0  0  0 -1 -2],[ 0  1  1  1  0  0  0 -1 -1],[ 1  1  1  1  1  1  1  0  1],[ 2  1  1  2  1  2  1 -1  0]]",True,"[-1,-1,-1,0,0,0,1,2,-1,0,0,0,1,1,1,1,0,0,1,1,1,0,0,1,1,2,0,0,1,1,0,1,2,1,1,-1]","[-2,-1,0,0,0,1,1,1,-1,1,1,2,1,1,2,1,1,1,1,1,1,0,0,0,0,0,0,1,1,1,0,0,0,-1,-1,0]",t^8+24t^6+53t^4+16t^2,"[-2,-1,0,0,0,1,1,1,2,0,1,1,1,2,2,0,0,0,1,1,1,0,0,1,1,1,0,0,0,0,1,1,1,-1,0,1]","[-1,-1,-1,0,0,0,1,2,-1,-1,0,1,1,1,2,0,0,1,1,1,1,0,1,1,1,2,0,0,0,1,0,0,0,0,1,2]","[-2,-1,0,0,0,1,1,1,-1,1,1,2,1,1,2,1,1,1,1,1,1,0,0,0,0,0,0,1,1,1,0,0,0,-1,-1,0]",c,"[[{8, 2}, {4, 7}, {1, 6}, {3, 5}]]",1,8 K_1^3 - 14 K_1^2 - 16 K_1 K_2 + 2 K_1 + 7 K_2 + 6 K_3 + 8,O1O2O3O4U5U6U4O7U2O8O5U3U8O6U1U7,O1O2O3U1U4U5U6O7O6U2O8O4U3U8O5U7,O1O2O3U4O5U6U1O7O6U2O8O4U8U5U7U3,c,"{'O1O2O3O4U5U4O6U7U2O8O7U3O5U1U6U8', 'O1O2O3O4U5U4O6U3U7O8U2O7O5U1U6U8', 'O1O2O3O4U5U4U6O7U2O6O8U3O5U1U8U7'}",3,"<a href=""/flatknot/8.850955"">8.850955</a>",t^9-26t^7-44t^6+10t^5+42t^4+12t^3,t^2-2t,,
8.850956,O1O2O3O4U5U4O6U7U2O8O7U3O5U1U8U6,4,2z^3+21z^2+68z+69,2w^4z^3+21w^3z^2+68w^2z+69w,False,False,"[[ 0 -2  0  0  1 -1  2  0  0],[ 2  0  1  2  1 -1  3  1  0],[ 0 -1  0  0  0 -1  0  0 -1],[ 0 -2  0  0  0 -1  1  0 -1],[-1 -1  0  0  0 -1 -1 -1 -1],[ 1  1  1  1  1  0  1  1  1],[-2 -3  0 -1  1 -1  0 -1 -1],[ 0 -1  0  0  1 -1  1  0  0],[ 0  0  1  1  1 -1  1  0  0]]","[[ 0  2  1  0  0  0  0 -1 -2],[-2  0  1  0 -1 -1 -1 -1 -3],[-1 -1  0  0  0 -1 -1 -1 -1],[ 0  0  0  0  0  0 -1 -1 -1],[ 0  1  0  0  0  0 -1 -1 -2],[ 0  1  1  0  0  0  0 -1 -1],[ 0  1  1  1  1  0  0 -1  0],[ 1  1  1  1  1  1  1  0  1],[ 2  3  1  1  2  1  0 -1  0]]",True,"[-2,-1,0,0,0,0,1,2,-1,0,1,1,1,1,3,0,0,1,1,1,1,0,0,1,1,1,0,1,1,2,0,1,1,1,0,-1]","[-2,-1,0,0,0,0,1,2,-1,0,1,1,1,1,3,0,0,1,1,1,1,0,0,1,1,1,0,1,1,2,0,1,1,1,0,-1]",t^8+31t^6+83t^4+28t^2+1,"[-2,-1,0,0,0,0,1,2,2,0,1,1,2,2,1,0,0,0,0,1,2,0,0,1,1,1,0,0,0,1,1,1,2,0,1,2]","[-2,-1,0,0,0,0,1,2,2,1,1,1,2,2,1,0,0,1,1,1,2,0,0,0,0,1,1,1,0,2,0,0,0,0,1,2]","[-2,-1,0,0,0,0,1,2,-1,0,1,1,2,1,3,1,1,1,1,1,1,0,1,1,1,1,0,0,1,1,0,0,0,0,1,-1]",c,"[[{8, 1}, {2, 7}, {3, 6}, {4, 5}], [{8, 1}, {2, 7}, {4, 6}, {3, 5}], [{8, 1}, {2, 7}, {5, 6}, {3, 4}], [{8, 1}, {2, 7}, {6}, {4, 5}, {3}], [{8, 1}, {3, 7}, {2, 6}, {4, 5}], [{8, 1}, {3, 7}, {4, 6}, {2, 5}], [{8, 1}, {3, 7}, {4, 6}, {5}, {2}], [{8, 1}, {3, 7}, {5, 6}, {2, 4}], [{8, 1}, {3, 7}, {5, 6}, {4}, {2}], [{8, 1}, {3, 7}, {6}, {4, 5}, {2}], [{8, 1}, {4, 7}, {2, 6}, {3, 5}], [{8, 1}, {4, 7}, {3, 6}, {2, 5}], [{8, 1}, {4, 7}, {5, 6}, {2, 3}], [{8, 1}, {5, 7}, {2, 6}, {3, 4}], [{8, 1}, {5, 7}, {3, 6}, {2, 4}], [{8, 1}, {5, 7}, {4, 6}, {2, 3}], [{8, 1}, {6, 7}, {2, 5}, {3, 4}], [{8, 1}, {6, 7}, {3, 5}, {2, 4}], [{8, 1}, {6, 7}, {4, 5}, {2, 3}], [{8, 1}, {6, 7}, {4, 5}, {3}, {2}], [{8, 1}, {7}, {2, 6}, {4, 5}, {3}], [{8, 1}, {7}, {3, 6}, {4, 5}, {2}], [{8, 1}, {7}, {6}, {4, 5}, {2, 3}], [{8, 1}, {7}, {6}, {4, 5}, {3}, {2}], [{8, 2}, {1, 7}, {3, 6}, {4, 5}], [{8, 2}, {1, 7}, {4, 6}, {3, 5}], [{8, 2}, {1, 7}, {5, 6}, {3, 4}], [{8, 2}, {1, 7}, {5, 6}, {4}, {3}], [{8, 2}, {3, 7}, {1, 6}, {4, 5}], [{8, 2}, {3, 7}, {4, 6}, {1, 5}], [{8, 2}, {3, 7}, {5, 6}, {1, 4}], [{8, 2}, {3, 7}, {5, 6}, {4}, {1}], [{8, 2}, {4, 7}, {1, 6}, {3, 5}], [{8, 2}, {4, 7}, {3, 6}, {1, 5}], [{8, 2}, {4, 7}, {5, 6}, {1, 3}], [{8, 2}, {4, 7}, {5, 6}, {3}, {1}], [{8, 2}, {5, 7}, {1, 6}, {3, 4}], [{8, 2}, {5, 7}, {3, 6}, {1, 4}], [{8, 2}, {5, 7}, {4, 6}, {1, 3}], [{8, 2}, {6, 7}, {1, 5}, {3, 4}], [{8, 2}, {6, 7}, {3, 5}, {1, 4}], [{8, 2}, {6, 7}, {4, 5}, {1, 3}], [{8, 2}, {7}, {1, 6}, {3, 5}, {4}], [{8, 2}, {7}, {1, 6}, {4, 5}, {3}], [{8, 2}, {7}, {1, 6}, {5}, {3, 4}], [{8, 2}, {7}, {3, 6}, {1, 5}, {4}], [{8, 2}, {7}, {3, 6}, {4, 5}, {1}], [{8, 2}, {7}, {3, 6}, {5}, {1, 4}], [{8, 2}, {7}, {4, 6}, {1, 5}, {3}], [{8, 2}, {7}, {4, 6}, {3, 5}, {1}], [{8, 2}, {7}, {4, 6}, {5}, {1, 3}], [{8, 2}, {7}, {5, 6}, {1, 4}, {3}], [{8, 2}, {7}, {5, 6}, {3, 4}, {1}], [{8, 2}, {7}, {5, 6}, {4}, {1, 3}], [{8, 2}, {7}, {6}, {1, 5}, {3, 4}], [{8, 2}, {7}, {6}, {3, 5}, {1, 4}], [{8, 2}, {7}, {6}, {4, 5}, {1, 3}], [{8, 3}, {1, 7}, {2, 6}, {4, 5}], [{8, 3}, {1, 7}, {4, 6}, {2, 5}], [{8, 3}, {1, 7}, {5, 6}, {2, 4}], [{8, 3}, {1, 7}, {6}, {2, 5}, {4}], [{8, 3}, {2, 7}, {1, 6}, {4, 5}], [{8, 3}, {2, 7}, {4, 6}, {1, 5}], [{8, 3}, {2, 7}, {5, 6}, {1, 4}], [{8, 3}, {4, 7}, {1, 6}, {2, 5}], [{8, 3}, {4, 7}, {2, 6}, {1, 5}], [{8, 3}, {4, 7}, {5, 6}, {1, 2}], [{8, 3}, {4, 7}, {6}, {2, 5}, {1}], [{8, 3}, {5, 7}, {1, 6}, {2, 4}], [{8, 3}, {5, 7}, {2, 6}, {1, 4}], [{8, 3}, {5, 7}, {4, 6}, {1, 2}], [{8, 3}, {6, 7}, {1, 5}, {2, 4}], [{8, 3}, {6, 7}, {2, 5}, {1, 4}], [{8, 3}, {6, 7}, {2, 5}, {4}, {1}], [{8, 3}, {6, 7}, {4, 5}, {1, 2}], [{8, 3}, {7}, {1, 6}, {2, 5}, {4}], [{8, 3}, {7}, {1, 6}, {4, 5}, {2}], [{8, 3}, {7}, {1, 6}, {5}, {2, 4}], [{8, 3}, {7}, {2, 6}, {1, 5}, {4}], [{8, 3}, {7}, {2, 6}, {4, 5}, {1}], [{8, 3}, {7}, {2, 6}, {5}, {1, 4}], [{8, 3}, {7}, {4, 6}, {1, 5}, {2}], [{8, 3}, {7}, {4, 6}, {2, 5}, {1}], [{8, 3}, {7}, {4, 6}, {5}, {1, 2}], [{8, 3}, {7}, {5, 6}, {1, 4}, {2}], [{8, 3}, {7}, {5, 6}, {2, 4}, {1}], [{8, 3}, {7}, {5, 6}, {4}, {1, 2}], [{8, 3}, {7}, {6}, {1, 5}, {2, 4}], [{8, 3}, {7}, {6}, {2, 5}, {1, 4}], [{8, 3}, {7}, {6}, {4, 5}, {1, 2}], [{8, 4}, {1, 7}, {2, 6}, {3, 5}], [{8, 4}, {1, 7}, {3, 6}, {2, 5}], [{8, 4}, {1, 7}, {5, 6}, {2, 3}], [{8, 4}, {1, 7}, {6}, {3, 5}, {2}], [{8, 4}, {2, 7}, {1, 6}, {3, 5}], [{8, 4}, {2, 7}, {1, 6}, {5}, {3}], [{8, 4}, {2, 7}, {3, 6}, {1, 5}], [{8, 4}, {2, 7}, {5, 6}, {1, 3}], [{8, 4}, {3, 7}, {1, 6}, {2, 5}], [{8, 4}, {3, 7}, {1, 6}, {5}, {2}], [{8, 4}, {3, 7}, {2, 6}, {1, 5}], [{8, 4}, {3, 7}, {5, 6}, {1, 2}], [{8, 4}, {3, 7}, {5, 6}, {2}, {1}], [{8, 4}, {3, 7}, {6}, {1, 5}, {2}], [{8, 4}, {5, 7}, {1, 6}, {2, 3}], [{8, 4}, {5, 7}, {1, 6}, {3}, {2}], [{8, 4}, {5, 7}, {2, 6}, {1, 3}], [{8, 4}, {5, 7}, {3, 6}, {1, 2}], [{8, 4}, {6, 7}, {1, 5}, {2, 3}], [{8, 4}, {6, 7}, {2, 5}, {1, 3}], [{8, 4}, {6, 7}, {3, 5}, {1, 2}], [{8, 4}, {6, 7}, {3, 5}, {2}, {1}], [{8, 4}, {7}, {1, 6}, {2, 5}, {3}], [{8, 4}, {7}, {1, 6}, {3, 5}, {2}], [{8, 4}, {7}, {1, 6}, {5}, {2, 3}], [{8, 4}, {7}, {1, 6}, {5}, {3}, {2}], [{8, 5}, {1, 7}, {2, 6}, {3, 4}], [{8, 5}, {1, 7}, {3, 6}, {2, 4}], [{8, 5}, {1, 7}, {4, 6}, {2, 3}], [{8, 5}, {2, 7}, {1, 6}, {3, 4}], [{8, 5}, {2, 7}, {1, 6}, {4}, {3}], [{8, 5}, {2, 7}, {3, 6}, {1, 4}], [{8, 5}, {2, 7}, {4, 6}, {1, 3}], [{8, 5}, {2, 7}, {6}, {3, 4}, {1}], [{8, 5}, {3, 7}, {1, 6}, {2, 4}], [{8, 5}, {3, 7}, {1, 6}, {4}, {2}], [{8, 5}, {3, 7}, {2, 6}, {1, 4}], [{8, 5}, {3, 7}, {4, 6}, {1, 2}], [{8, 5}, {3, 7}, {4, 6}, {2}, {1}], [{8, 5}, {3, 7}, {6}, {1, 4}, {2}], [{8, 5}, {4, 7}, {1, 6}, {2, 3}], [{8, 5}, {4, 7}, {1, 6}, {3}, {2}], [{8, 5}, {4, 7}, {2, 6}, {1, 3}], [{8, 5}, {4, 7}, {3, 6}, {1, 2}], [{8, 5}, {6, 7}, {1, 4}, {2, 3}], [{8, 5}, {6, 7}, {2, 4}, {1, 3}], [{8, 5}, {6, 7}, {3, 4}, {1, 2}], [{8, 5}, {7}, {1, 6}, {2, 4}, {3}], [{8, 5}, {7}, {1, 6}, {3, 4}, {2}], [{8, 5}, {7}, {1, 6}, {4}, {2, 3}], [{8, 5}, {7}, {1, 6}, {4}, {3}, {2}], [{8, 6}, {1, 7}, {2, 5}, {3, 4}], [{8, 6}, {1, 7}, {3, 5}, {2, 4}], [{8, 6}, {1, 7}, {4, 5}, {2, 3}], [{8, 6}, {1, 7}, {4, 5}, {3}, {2}], [{8, 6}, {1, 7}, {5}, {4}, {2, 3}], [{8, 6}, {2, 7}, {1, 5}, {3, 4}], [{8, 6}, {2, 7}, {3, 5}, {1, 4}], [{8, 6}, {2, 7}, {4, 5}, {1, 3}], [{8, 6}, {2, 7}, {4, 5}, {3}, {1}], [{8, 6}, {3, 7}, {1, 5}, {2, 4}], [{8, 6}, {3, 7}, {1, 5}, {4}, {2}], [{8, 6}, {3, 7}, {2, 5}, {1, 4}], [{8, 6}, {3, 7}, {4, 5}, {1, 2}], [{8, 6}, {3, 7}, {4, 5}, {2}, {1}], [{8, 6}, {3, 7}, {5}, {1, 4}, {2}], [{8, 6}, {4, 7}, {1, 5}, {2, 3}], [{8, 6}, {4, 7}, {2, 5}, {1, 3}], [{8, 6}, {4, 7}, {3, 5}, {1, 2}], [{8, 6}, {5, 7}, {1, 4}, {2, 3}], [{8, 6}, {5, 7}, {2, 4}, {1, 3}], [{8, 6}, {5, 7}, {3, 4}, {1, 2}], [{8, 6}, {7}, {4, 5}, {1, 3}, {2}], [{8, 6}, {7}, {4, 5}, {2, 3}, {1}], [{8, 6}, {7}, {4, 5}, {3}, {1, 2}], [{8, 6}, {7}, {4, 5}, {3}, {2}, {1}], [{8, 7}, {1, 6}, {2, 5}, {3, 4}], [{8, 7}, {1, 6}, {3, 5}, {2, 4}], [{8, 7}, {1, 6}, {4, 5}, {2, 3}], [{8, 7}, {1, 6}, {4, 5}, {3}, {2}], [{8, 7}, {2, 6}, {1, 5}, {3, 4}], [{8, 7}, {2, 6}, {3, 5}, {1, 4}], [{8, 7}, {2, 6}, {3, 5}, {4}, {1}], [{8, 7}, {2, 6}, {4, 5}, {1, 3}], [{8, 7}, {3, 6}, {1, 5}, {2, 4}], [{8, 7}, {3, 6}, {2, 5}, {1, 4}], [{8, 7}, {3, 6}, {4, 5}, {1, 2}], [{8, 7}, {4, 6}, {1, 5}, {2, 3}], [{8, 7}, {4, 6}, {1, 5}, {3}, {2}], [{8, 7}, {4, 6}, {2, 5}, {1, 3}], [{8, 7}, {4, 6}, {3, 5}, {1, 2}], [{8, 7}, {5, 6}, {1, 4}, {2, 3}], [{8, 7}, {5, 6}, {1, 4}, {3}, {2}], [{8, 7}, {5, 6}, {2, 4}, {1, 3}], [{8, 7}, {5, 6}, {2, 4}, {3}, {1}], [{8, 7}, {5, 6}, {3, 4}, {1, 2}], [{8, 7}, {5, 6}, {4}, {3}, {1, 2}], [{8}, {1, 7}, {5, 6}, {3, 4}, {2}], [{8}, {2, 7}, {1, 6}, {4, 5}, {3}], [{8}, {2, 7}, {4, 6}, {1, 5}, {3}], [{8}, {2, 7}, {5, 6}, {1, 4}, {3}], [{8}, {3, 7}, {1, 6}, {4, 5}, {2}], [{8}, {3, 7}, {4, 6}, {1, 5}, {2}], [{8}, {3, 7}, {5, 6}, {1, 4}, {2}], [{8}, {3, 7}, {5, 6}, {2, 4}, {1}], [{8}, {3, 7}, {5, 6}, {4}, {1, 2}], [{8}, {3, 7}, {5, 6}, {4}, {2}, {1}], [{8}, {4, 7}, {5, 6}, {1, 3}, {2}], [{8}, {6, 7}, {3, 5}, {4}, {1, 2}], [{8}, {7}, {1, 6}, {2, 5}, {3, 4}], [{8}, {7}, {1, 6}, {3, 5}, {2, 4}], [{8}, {7}, {1, 6}, {4, 5}, {2, 3}], [{8}, {7}, {1, 6}, {4, 5}, {3}, {2}], [{8}, {7}, {2, 6}, {4, 5}, {1, 3}], [{8}, {7}, {3, 6}, {4, 5}, {1, 2}], [{8}, {7}, {4, 6}, {1, 5}, {2, 3}], [{8}, {7}, {4, 6}, {1, 5}, {3}, {2}], [{8}, {7}, {5, 6}, {1, 4}, {2, 3}], [{8}, {7}, {5, 6}, {1, 4}, {3}, {2}]]",2,24 K_1^3 - 12 K_1^2 - 20 K_1 K_2 - 8 K_1 + 6 K_2 + 4 K_3 + 7,O1O2O3O4U5U6U4O7U2O8O6U3U8O5U1U7,O1O2O3U1U4U5U6O7O6U3O8O4U2U8O5U7,O1O2O3U4O5U6U2O7O6U1O8O4U8U5U7U3,c,"{'O1O2O3O4U5U4O6U7U2O8O7U3O5U1U8U6', 'O1O2O3O4U5U4O6U3U7O8U2O7O5U1U8U6'}",2,"<a href=""/flatknot/8.850956"">8.850956</a>",t^9-31t^7-64t^6+t^5+56t^4+24t^3+8t^2-22t,0,,
8.850957,O1O2O3O4U5U4O6U7U2O8O7U3O5U6U1U8,4,2z^3+19z^2+66z+73,2w^4z^3+19w^3z^2+66w^2z+73w,False,False,"[[ 0 -1  0  0  1 -1  0  0  1],[ 1  0  0  1  1 -1  1  0  1],[ 0  0  0  0  0 -1  0  0  0],[ 0 -1  0  0  0 -1  0  0  0],[-1 -1  0  0  0 -1 -1 -1 -1],[ 1  1  1  1  1  0  0  1  1],[ 0 -1  0  0  1  0  0  0  0],[ 0  0  0  0  1 -1  0  0  1],[-1 -1  0  0  1 -1  0 -1  0]]","[[ 0  1  1  0  0  0  0 -1 -1],[-1  0  1  0  0  0 -1 -1 -1],[-1 -1  0  0  0 -1 -1 -1 -1],[ 0  0  0  0  0  0  0  0 -1],[ 0  0  0  0  0  0  0 -1 -1],[ 0  0  1  0  0  0  0 -1  0],[ 0  1  1  0  0  0  0  0 -1],[ 1  1  1  0  1  1  0  0 -1],[ 1  1  1  1  1  0  1  1  0]]",True,"[-1,-1,0,0,0,0,1,1,-1,0,0,0,1,1,1,0,0,1,1,1,1,0,0,0,0,1,0,0,1,1,0,1,0,0,1,1]","[-1,-1,0,0,0,0,1,1,-1,0,0,0,1,1,1,0,0,1,1,1,1,0,0,0,0,1,0,0,1,1,0,1,0,0,1,1]",t^8+14t^6+31t^4+17t^2+1,"[-1,-1,0,0,0,0,1,1,-1,0,0,0,1,1,1,0,1,1,0,1,1,0,0,0,1,1,0,0,0,0,0,1,1,0,1,1]","[-1,-1,0,0,0,0,1,1,-1,0,0,1,1,1,1,0,1,1,1,1,1,0,0,0,0,1,0,0,1,0,0,0,0,0,1,1]","[-1,-1,0,0,0,0,1,1,-1,0,0,1,1,1,1,1,1,0,1,1,1,0,0,0,0,0,0,0,1,1,0,0,1,0,0,1]",c,"[[{8, 5}, {3, 7}, {2, 6}, {1, 4}], [{8, 5}, {3, 7}, {6}, {1, 4}, {2}]]",1,- 20 K_1^2 + 10 K_2 + 11,O1O2O3O4U5U4U6O7U2O8O5U3U8O6U1U7,O1O2O3U2U4U5U6O7O6U1O8O4U3U8O5U7,O1O2O3U4O5U6U1O7O6U3O8O4U8U5U7U2,c,"{'O1O2O3O4U5U4O6U3U7O8U2O7O5U6U1U8', 'O1O2O3O4U5U4O6U7U2O8O7U3O5U6U1U8'}",2,"<a href=""/flatknot/8.850957"">8.850957</a>",t^9-14t^7-18t^6+17t^5+24t^4-7t^3-6t^2,0,,
8.850958,O1O2O3O4U5U4O6U7U2O8O7U3O5U8U1U6,3,10z^2+47z+55,10w^3z^2+47w^2z+55w,False,False,"[[ 0 -1  0  0  1 -1  2  0 -1],[ 1  0  1  1  1 -1  2  1 -1],[ 0 -1  0  0  0 -1  0  0 -1],[ 0 -1  0  0  0 -1  1  0 -1],[-1 -1  0  0  0 -1 -1 -1 -1],[ 1  1  1  1  1  0  1  1  0],[-2 -2  0 -1  1 -1  0 -1 -1],[ 0 -1  0  0  1 -1  1  0 -1],[ 1  1  1  1  1  0  1  1  0]]","[[ 0  2  1  0  0  0 -1 -1 -1],[-2  0  1  0 -1 -1 -1 -1 -2],[-1 -1  0  0  0 -1 -1 -1 -1],[ 0  0  0  0  0  0 -1 -1 -1],[ 0  1  0  0  0  0 -1 -1 -1],[ 0  1  1  0  0  0 -1 -1 -1],[ 1  1  1  1  1  1  0  0  1],[ 1  1  1  1  1  1  0  0  1],[ 1  2  1  1  1  1 -1 -1  0]]",True,"[-2,-1,0,0,0,1,1,1,-1,0,1,1,1,1,2,0,0,1,1,1,1,0,0,1,1,1,0,1,1,1,1,1,1,0,-1,-1]","[-2,-1,0,0,0,1,1,1,-1,0,1,1,1,1,2,0,0,1,1,1,1,0,0,1,1,1,0,1,1,1,1,1,1,0,-1,-1]",t^8+24t^6+42t^4+5t^2,"[-1,-1,-1,0,0,0,1,2,-1,0,0,0,0,1,2,1,0,0,0,1,1,0,0,0,1,2,0,0,0,1,0,1,1,1,2,2]","[-2,-1,0,0,0,1,1,1,2,1,1,2,1,2,2,0,1,1,1,1,1,0,0,0,0,0,0,0,0,0,0,0,0,-1,-1,0]","[-1,-1,-1,0,0,0,1,2,-1,-1,1,1,1,1,2,0,1,1,1,1,1,1,1,1,1,1,0,0,0,0,0,0,1,1,1,-1]",c,"[[{8, 1}, {2, 7}, {3, 6}, {4, 5}], [{8, 1}, {2, 7}, {4, 6}, {3, 5}], [{8, 1}, {2, 7}, {4, 6}, {5}, {3}], [{8, 1}, {2, 7}, {5, 6}, {3, 4}], [{8, 1}, {3, 7}, {2, 6}, {4, 5}], [{8, 1}, {3, 7}, {4, 6}, {2, 5}], [{8, 1}, {3, 7}, {4, 6}, {5}, {2}], [{8, 1}, {3, 7}, {5, 6}, {2, 4}], [{8, 1}, {3, 7}, {5, 6}, {4}, {2}], [{8, 1}, {3, 7}, {6}, {4, 5}, {2}], [{8, 1}, {4, 7}, {2, 6}, {3, 5}], [{8, 1}, {4, 7}, {2, 6}, {5}, {3}], [{8, 1}, {4, 7}, {3, 6}, {2, 5}], [{8, 1}, {4, 7}, {5, 6}, {2, 3}], [{8, 1}, {5, 7}, {2, 6}, {3, 4}], [{8, 1}, {5, 7}, {3, 6}, {2, 4}], [{8, 1}, {5, 7}, {4, 6}, {2, 3}], [{8, 1}, {5, 7}, {4, 6}, {3}, {2}], [{8, 1}, {6, 7}, {2, 5}, {3, 4}], [{8, 1}, {6, 7}, {3, 5}, {2, 4}], [{8, 1}, {6, 7}, {4, 5}, {2, 3}], [{8, 1}, {6, 7}, {5}, {2, 4}, {3}], [{8, 1}, {7}, {4, 6}, {2, 5}, {3}], [{8, 1}, {7}, {4, 6}, {3, 5}, {2}], [{8, 1}, {7}, {4, 6}, {5}, {2, 3}], [{8, 1}, {7}, {4, 6}, {5}, {3}, {2}], [{8, 2}, {1, 7}, {3, 6}, {4, 5}], [{8, 2}, {1, 7}, {3, 6}, {5}, {4}], [{8, 2}, {1, 7}, {4, 6}, {3, 5}], [{8, 2}, {1, 7}, {4, 6}, {5}, {3}], [{8, 2}, {1, 7}, {5, 6}, {3, 4}], [{8, 2}, {1, 7}, {5, 6}, {4}, {3}], [{8, 2}, {1, 7}, {6}, {3, 5}, {4}], [{8, 2}, {1, 7}, {6}, {4, 5}, {3}], [{8, 2}, {1, 7}, {6}, {5}, {3, 4}], [{8, 2}, {3, 7}, {1, 6}, {4, 5}], [{8, 2}, {3, 7}, {1, 6}, {5}, {4}], [{8, 2}, {3, 7}, {4, 6}, {1, 5}], [{8, 2}, {3, 7}, {4, 6}, {5}, {1}], [{8, 2}, {3, 7}, {5, 6}, {1, 4}], [{8, 2}, {3, 7}, {6}, {5}, {1, 4}], [{8, 2}, {4, 7}, {1, 6}, {3, 5}], [{8, 2}, {4, 7}, {3, 6}, {1, 5}], [{8, 2}, {4, 7}, {5, 6}, {1, 3}], [{8, 2}, {4, 7}, {6}, {3, 5}, {1}], [{8, 2}, {5, 7}, {1, 6}, {3, 4}], [{8, 2}, {5, 7}, {1, 6}, {4}, {3}], [{8, 2}, {5, 7}, {3, 6}, {1, 4}], [{8, 2}, {5, 7}, {4, 6}, {1, 3}], [{8, 2}, {5, 7}, {4, 6}, {3}, {1}], [{8, 2}, {5, 7}, {6}, {1, 4}, {3}], [{8, 2}, {6, 7}, {1, 5}, {3, 4}], [{8, 2}, {6, 7}, {3, 5}, {1, 4}], [{8, 2}, {6, 7}, {3, 5}, {4}, {1}], [{8, 2}, {6, 7}, {4, 5}, {1, 3}], [{8, 2}, {7}, {1, 6}, {3, 5}, {4}], [{8, 2}, {7}, {3, 6}, {4, 5}, {1}], [{8, 2}, {7}, {4, 6}, {1, 5}, {3}], [{8, 2}, {7}, {4, 6}, {3, 5}, {1}], [{8, 2}, {7}, {4, 6}, {5}, {1, 3}], [{8, 2}, {7}, {4, 6}, {5}, {3}, {1}], [{8, 2}, {7}, {5, 6}, {3, 4}, {1}], [{8, 2}, {7}, {6}, {3, 5}, {1, 4}], [{8, 2}, {7}, {6}, {3, 5}, {4}, {1}], [{8, 3}, {1, 7}, {2, 6}, {4, 5}], [{8, 3}, {1, 7}, {4, 6}, {2, 5}], [{8, 3}, {1, 7}, {4, 6}, {5}, {2}], [{8, 3}, {1, 7}, {5, 6}, {2, 4}], [{8, 3}, {1, 7}, {6}, {2, 5}, {4}], [{8, 3}, {2, 7}, {1, 6}, {4, 5}], [{8, 3}, {2, 7}, {4, 6}, {1, 5}], [{8, 3}, {2, 7}, {4, 6}, {5}, {1}], [{8, 3}, {2, 7}, {5, 6}, {1, 4}], [{8, 3}, {2, 7}, {5, 6}, {4}, {1}], [{8, 3}, {2, 7}, {6}, {4, 5}, {1}], [{8, 3}, {4, 7}, {1, 6}, {2, 5}], [{8, 3}, {4, 7}, {2, 6}, {1, 5}], [{8, 3}, {4, 7}, {2, 6}, {5}, {1}], [{8, 3}, {4, 7}, {5, 6}, {1, 2}], [{8, 3}, {4, 7}, {5, 6}, {2}, {1}], [{8, 3}, {4, 7}, {6}, {2, 5}, {1}], [{8, 3}, {5, 7}, {1, 6}, {2, 4}], [{8, 3}, {5, 7}, {2, 6}, {1, 4}], [{8, 3}, {5, 7}, {2, 6}, {4}, {1}], [{8, 3}, {5, 7}, {4, 6}, {1, 2}], [{8, 3}, {5, 7}, {4, 6}, {2}, {1}], [{8, 3}, {5, 7}, {6}, {2, 4}, {1}], [{8, 3}, {6, 7}, {1, 5}, {2, 4}], [{8, 3}, {6, 7}, {2, 5}, {1, 4}], [{8, 3}, {6, 7}, {2, 5}, {4}, {1}], [{8, 3}, {6, 7}, {4, 5}, {1, 2}], [{8, 3}, {6, 7}, {4, 5}, {2}, {1}], [{8, 3}, {6, 7}, {5}, {2, 4}, {1}], [{8, 3}, {7}, {1, 6}, {2, 5}, {4}], [{8, 3}, {7}, {2, 6}, {4, 5}, {1}], [{8, 3}, {7}, {4, 6}, {1, 5}, {2}], [{8, 3}, {7}, {4, 6}, {2, 5}, {1}], [{8, 3}, {7}, {4, 6}, {5}, {1, 2}], [{8, 3}, {7}, {4, 6}, {5}, {2}, {1}], [{8, 3}, {7}, {5, 6}, {2, 4}, {1}], [{8, 3}, {7}, {6}, {2, 5}, {1, 4}], [{8, 3}, {7}, {6}, {2, 5}, {4}, {1}], [{8, 4}, {1, 7}, {2, 6}, {3, 5}], [{8, 4}, {1, 7}, {3, 6}, {2, 5}], [{8, 4}, {1, 7}, {3, 6}, {5}, {2}], [{8, 4}, {1, 7}, {5, 6}, {2, 3}], [{8, 4}, {1, 7}, {6}, {2, 5}, {3}], [{8, 4}, {2, 7}, {1, 6}, {3, 5}], [{8, 4}, {2, 7}, {3, 6}, {1, 5}], [{8, 4}, {2, 7}, {5, 6}, {1, 3}], [{8, 4}, {2, 7}, {6}, {3, 5}, {1}], [{8, 4}, {3, 7}, {1, 6}, {2, 5}], [{8, 4}, {3, 7}, {1, 6}, {5}, {2}], [{8, 4}, {3, 7}, {2, 6}, {1, 5}], [{8, 4}, {3, 7}, {5, 6}, {1, 2}], [{8, 4}, {3, 7}, {5, 6}, {2}, {1}], [{8, 4}, {3, 7}, {6}, {1, 5}, {2}], [{8, 4}, {5, 7}, {1, 6}, {2, 3}], [{8, 4}, {5, 7}, {2, 6}, {1, 3}], [{8, 4}, {5, 7}, {3, 6}, {1, 2}], [{8, 4}, {5, 7}, {6}, {3}, {1, 2}], [{8, 4}, {6, 7}, {1, 5}, {2, 3}], [{8, 4}, {6, 7}, {2, 5}, {1, 3}], [{8, 4}, {6, 7}, {3, 5}, {1, 2}], [{8, 4}, {6, 7}, {3, 5}, {2}, {1}], [{8, 4}, {7}, {2, 6}, {3, 5}, {1}], [{8, 4}, {7}, {3, 6}, {2, 5}, {1}], [{8, 5}, {1, 7}, {2, 6}, {3, 4}], [{8, 5}, {1, 7}, {3, 6}, {2, 4}], [{8, 5}, {1, 7}, {3, 6}, {4}, {2}], [{8, 5}, {1, 7}, {4, 6}, {2, 3}], [{8, 5}, {1, 7}, {4, 6}, {3}, {2}], [{8, 5}, {1, 7}, {6}, {3, 4}, {2}], [{8, 5}, {2, 7}, {1, 6}, {3, 4}], [{8, 5}, {2, 7}, {3, 6}, {1, 4}], [{8, 5}, {2, 7}, {4, 6}, {1, 3}], [{8, 5}, {2, 7}, {4, 6}, {3}, {1}], [{8, 5}, {3, 7}, {1, 6}, {2, 4}], [{8, 5}, {3, 7}, {1, 6}, {4}, {2}], [{8, 5}, {3, 7}, {2, 6}, {1, 4}], [{8, 5}, {3, 7}, {4, 6}, {1, 2}], [{8, 5}, {3, 7}, {4, 6}, {2}, {1}], [{8, 5}, {3, 7}, {6}, {1, 4}, {2}], [{8, 5}, {4, 7}, {1, 6}, {2, 3}], [{8, 5}, {4, 7}, {2, 6}, {1, 3}], [{8, 5}, {4, 7}, {2, 6}, {3}, {1}], [{8, 5}, {4, 7}, {3, 6}, {1, 2}], [{8, 5}, {6, 7}, {1, 4}, {2, 3}], [{8, 5}, {6, 7}, {2, 4}, {1, 3}], [{8, 5}, {6, 7}, {2, 4}, {3}, {1}], [{8, 5}, {6, 7}, {3, 4}, {1, 2}], [{8, 5}, {7}, {4, 6}, {1, 3}, {2}], [{8, 5}, {7}, {4, 6}, {2, 3}, {1}], [{8, 5}, {7}, {4, 6}, {3}, {1, 2}], [{8, 5}, {7}, {4, 6}, {3}, {2}, {1}], [{8, 6}, {1, 7}, {2, 5}, {3, 4}], [{8, 6}, {1, 7}, {2, 5}, {4}, {3}], [{8, 6}, {1, 7}, {3, 5}, {2, 4}], [{8, 6}, {1, 7}, {4, 5}, {2, 3}], [{8, 6}, {1, 7}, {5}, {3, 4}, {2}], [{8, 6}, {2, 7}, {1, 5}, {3, 4}], [{8, 6}, {2, 7}, {3, 5}, {1, 4}], [{8, 6}, {2, 7}, {3, 5}, {4}, {1}], [{8, 6}, {2, 7}, {4, 5}, {1, 3}], [{8, 6}, {3, 7}, {1, 5}, {2, 4}], [{8, 6}, {3, 7}, {1, 5}, {4}, {2}], [{8, 6}, {3, 7}, {2, 5}, {1, 4}], [{8, 6}, {3, 7}, {4, 5}, {1, 2}], [{8, 6}, {3, 7}, {4, 5}, {2}, {1}], [{8, 6}, {3, 7}, {5}, {1, 4}, {2}], [{8, 6}, {4, 7}, {1, 5}, {2, 3}], [{8, 6}, {4, 7}, {2, 5}, {1, 3}], [{8, 6}, {4, 7}, {3, 5}, {1, 2}], [{8, 6}, {4, 7}, {3, 5}, {2}, {1}], [{8, 6}, {5, 7}, {1, 4}, {2, 3}], [{8, 6}, {5, 7}, {2, 4}, {1, 3}], [{8, 6}, {5, 7}, {3, 4}, {1, 2}], [{8, 6}, {5, 7}, {4}, {3}, {1, 2}], [{8, 6}, {7}, {2, 5}, {3, 4}, {1}], [{8, 6}, {7}, {3, 5}, {2, 4}, {1}], [{8, 7}, {1, 6}, {2, 5}, {3, 4}], [{8, 7}, {1, 6}, {2, 5}, {4}, {3}], [{8, 7}, {1, 6}, {3, 5}, {2, 4}], [{8, 7}, {1, 6}, {4, 5}, {2, 3}], [{8, 7}, {2, 6}, {1, 5}, {3, 4}], [{8, 7}, {2, 6}, {3, 5}, {1, 4}], [{8, 7}, {2, 6}, {3, 5}, {4}, {1}], [{8, 7}, {2, 6}, {4, 5}, {1, 3}], [{8, 7}, {3, 6}, {1, 5}, {2, 4}], [{8, 7}, {3, 6}, {2, 5}, {1, 4}], [{8, 7}, {3, 6}, {4, 5}, {1, 2}], [{8, 7}, {4, 6}, {1, 5}, {2, 3}], [{8, 7}, {4, 6}, {1, 5}, {3}, {2}], [{8, 7}, {4, 6}, {2, 5}, {1, 3}], [{8, 7}, {4, 6}, {2, 5}, {3}, {1}], [{8, 7}, {4, 6}, {3, 5}, {1, 2}], [{8, 7}, {4, 6}, {3, 5}, {2}, {1}], [{8, 7}, {4, 6}, {5}, {1, 3}, {2}], [{8, 7}, {4, 6}, {5}, {2, 3}, {1}], [{8, 7}, {4, 6}, {5}, {3}, {1, 2}], [{8, 7}, {4, 6}, {5}, {3}, {2}, {1}], [{8, 7}, {5, 6}, {1, 4}, {2, 3}], [{8, 7}, {5, 6}, {2, 4}, {1, 3}], [{8, 7}, {5, 6}, {3, 4}, {1, 2}], [{8, 7}, {5, 6}, {4}, {3}, {1, 2}], [{8, 7}, {6}, {2, 5}, {1, 4}, {3}], [{8, 7}, {6}, {3, 5}, {2, 4}, {1}], [{8, 7}, {6}, {4, 5}, {3}, {1, 2}], [{8}, {1, 7}, {2, 6}, {5}, {3, 4}], [{8}, {1, 7}, {3, 6}, {2, 5}, {4}], [{8}, {1, 7}, {3, 6}, {4, 5}, {2}], [{8}, {1, 7}, {3, 6}, {5}, {2, 4}], [{8}, {1, 7}, {3, 6}, {5}, {4}, {2}], [{8}, {1, 7}, {4, 6}, {2, 5}, {3}], [{8}, {1, 7}, {4, 6}, {3, 5}, {2}], [{8}, {1, 7}, {4, 6}, {5}, {2, 3}], [{8}, {1, 7}, {4, 6}, {5}, {3}, {2}], [{8}, {1, 7}, {5, 6}, {3, 4}, {2}], [{8}, {1, 7}, {6}, {2, 5}, {3, 4}], [{8}, {1, 7}, {6}, {5}, {3, 4}, {2}], [{8}, {2, 7}, {1, 6}, {5}, {3, 4}], [{8}, {2, 7}, {3, 6}, {5}, {1, 4}], [{8}, {2, 7}, {4, 6}, {1, 5}, {3}], [{8}, {2, 7}, {4, 6}, {3, 5}, {1}], [{8}, {2, 7}, {4, 6}, {5}, {1, 3}], [{8}, {2, 7}, {4, 6}, {5}, {3}, {1}], [{8}, {3, 7}, {1, 6}, {2, 5}, {4}], [{8}, {3, 7}, {1, 6}, {4, 5}, {2}], [{8}, {3, 7}, {1, 6}, {5}, {2, 4}], [{8}, {3, 7}, {1, 6}, {5}, {4}, {2}], [{8}, {3, 7}, {2, 6}, {5}, {1, 4}], [{8}, {3, 7}, {4, 6}, {1, 5}, {2}], [{8}, {3, 7}, {4, 6}, {2, 5}, {1}], [{8}, {3, 7}, {4, 6}, {5}, {1, 2}], [{8}, {3, 7}, {4, 6}, {5}, {2}, {1}], [{8}, {3, 7}, {5, 6}, {1, 4}, {2}], [{8}, {3, 7}, {6}, {2, 5}, {1, 4}], [{8}, {3, 7}, {6}, {5}, {1, 4}, {2}], [{8}, {4, 7}, {1, 6}, {5}, {2, 3}], [{8}, {4, 7}, {2, 6}, {1, 5}, {3}], [{8}, {4, 7}, {2, 6}, {3, 5}, {1}], [{8}, {4, 7}, {2, 6}, {5}, {1, 3}], [{8}, {4, 7}, {2, 6}, {5}, {3}, {1}], [{8}, {4, 7}, {3, 6}, {5}, {1, 2}], [{8}, {5, 7}, {4, 6}, {1, 3}, {2}], [{8}, {5, 7}, {4, 6}, {2, 3}, {1}], [{8}, {5, 7}, {4, 6}, {3}, {1, 2}], [{8}, {5, 7}, {4, 6}, {3}, {2}, {1}], [{8}, {6, 7}, {1, 5}, {2, 4}, {3}], [{8}, {6, 7}, {3, 5}, {2, 4}, {1}], [{8}, {6, 7}, {5}, {1, 4}, {2, 3}], [{8}, {6, 7}, {5}, {2, 4}, {1, 3}], [{8}, {6, 7}, {5}, {2, 4}, {3}, {1}], [{8}, {6, 7}, {5}, {3, 4}, {1, 2}], [{8}, {7}, {4, 6}, {1, 5}, {2, 3}], [{8}, {7}, {4, 6}, {1, 5}, {3}, {2}], [{8}, {7}, {4, 6}, {2, 5}, {1, 3}], [{8}, {7}, {4, 6}, {2, 5}, {3}, {1}], [{8}, {7}, {4, 6}, {3, 5}, {1, 2}], [{8}, {7}, {4, 6}, {3, 5}, {2}, {1}], [{8}, {7}, {4, 6}, {5}, {1, 3}, {2}], [{8}, {7}, {4, 6}, {5}, {2, 3}, {1}], [{8}, {7}, {4, 6}, {5}, {3}, {1, 2}], [{8}, {7}, {4, 6}, {5}, {3}, {2}, {1}]]",2,8 K_1^3 + 4 K_1^2 K_2 - 8 K_1^2 - 8 K_1 K_2 - 6 K_1 K_3 - 2 K_1 - 2 K_2^2 + 5 K_2 + 2 K_3 + 3 K_4 + 5,O1O2O3O4U5U4U6O7U2O8O6U3U8O5U1U7,O1O2O3U2U4U5U6O7O6U3O8O4U1U8O5U7,O1O2O3U4O5U6U3O7O6U1O8O4U8U5U7U2,c,"{'O1O2O3O4U5U4O6U3U7U1O8O7O5U2U8U6', 'O1O2O3O4U5U4O6U7U2O8O7U3O5U8U1U6', 'O1O2O3O4U5U4O6U3U7O8U2O7O5U8U1U6'}",3,"<a href=""/flatknot/8.850958"">8.850958</a>",t^9-22t^7-56t^6-67t^5-56t^4-6t^3+16t^2,-t^2+2t,,
8.850959,O1O2O3O4U5U4O6U7U2O8O7U8O5U1U3U6,4,19z^2+100z+125,19w^3z^2+100w^2z+125w,False,False,"[[ 0 -2  0  1  1 -1  2  0 -1],[ 2  0  2  2  1  0  2  2 -1],[ 0 -2  0 -1  0  0  0  0 -1],[-1 -2  1  0  1 -2  0  0 -1],[-1 -1  0 -1  0 -1 -1 -1  0],[ 1  0  0  2  1  0  2  0  0],[-2 -2  0  0  1 -2  0 -1 -1],[ 0 -2  0  0  1  0  1  0 -1],[ 1  1  1  1  0  0  1  1  0]]","[[ 0  2  1  1  0  0 -1 -1 -2],[-2  0  1  0  0 -1 -1 -2 -2],[-1 -1  0 -1  0 -1  0 -1 -1],[-1  0  1  0  1  0 -1 -2 -2],[ 0  0  0 -1  0  0 -1  0 -2],[ 0  1  1  0  0  0 -1  0 -2],[ 1  1  0  1  1  1  0  0  1],[ 1  2  1  2  0  0  0  0  0],[ 2  2  1  2  2  2 -1  0  0]]",True,"[-2,-1,-1,0,0,1,1,2,-1,0,0,1,1,2,2,1,0,1,0,1,1,-1,0,1,2,2,0,1,0,2,1,0,2,0,-1,0]","[-2,-1,-1,0,0,1,1,2,-1,0,0,1,1,2,2,1,0,1,0,1,1,-1,0,1,2,2,0,1,0,2,1,0,2,0,-1,0]",t^8+36t^6+155t^4+31t^2+1,"[-2,-1,-1,0,0,1,1,2,1,2,0,0,1,2,2,0,1,1,0,1,1,0,0,1,2,2,0,1,0,1,2,1,2,-1,1,2]","[-2,-1,-1,0,0,1,1,2,1,2,1,2,1,2,2,1,1,2,0,1,1,0,1,1,2,2,0,1,0,0,1,0,0,0,1,2]","[-2,-1,-1,0,0,1,1,2,-1,0,2,2,1,2,2,0,1,1,0,1,1,0,0,1,2,2,0,0,-1,0,1,0,1,-1,-1,0]",c,"[[{8, 1}, {2, 7}, {3, 6}, {4, 5}], [{8, 1}, {2, 7}, {4, 6}, {3, 5}], [{8, 1}, {2, 7}, {5, 6}, {3, 4}], [{8, 1}, {3, 7}, {2, 6}, {4, 5}], [{8, 1}, {3, 7}, {2, 6}, {5}, {4}], [{8, 1}, {3, 7}, {4, 6}, {2, 5}], [{8, 1}, {3, 7}, {5, 6}, {2, 4}], [{8, 1}, {4, 7}, {2, 6}, {3, 5}], [{8, 1}, {4, 7}, {3, 6}, {2, 5}], [{8, 1}, {4, 7}, {5, 6}, {2, 3}], [{8, 1}, {5, 7}, {2, 6}, {3, 4}], [{8, 1}, {5, 7}, {3, 6}, {2, 4}], [{8, 1}, {5, 7}, {4, 6}, {2, 3}], [{8, 1}, {6, 7}, {2, 5}, {3, 4}], [{8, 1}, {6, 7}, {2, 5}, {4}, {3}], [{8, 1}, {6, 7}, {3, 5}, {2, 4}], [{8, 1}, {6, 7}, {4, 5}, {2, 3}], [{8, 2}, {1, 7}, {3, 6}, {4, 5}], [{8, 2}, {1, 7}, {4, 6}, {3, 5}], [{8, 2}, {1, 7}, {5, 6}, {3, 4}], [{8, 2}, {3, 7}, {1, 6}, {4, 5}], [{8, 2}, {3, 7}, {4, 6}, {1, 5}], [{8, 2}, {3, 7}, {5, 6}, {1, 4}], [{8, 2}, {3, 7}, {5, 6}, {4}, {1}], [{8, 2}, {3, 7}, {6}, {5}, {1, 4}], [{8, 2}, {4, 7}, {1, 6}, {3, 5}], [{8, 2}, {4, 7}, {3, 6}, {1, 5}], [{8, 2}, {4, 7}, {5, 6}, {1, 3}], [{8, 2}, {5, 7}, {1, 6}, {3, 4}], [{8, 2}, {5, 7}, {3, 6}, {1, 4}], [{8, 2}, {5, 7}, {4, 6}, {1, 3}], [{8, 2}, {5, 7}, {6}, {1, 4}, {3}], [{8, 2}, {6, 7}, {1, 5}, {3, 4}], [{8, 2}, {6, 7}, {3, 5}, {1, 4}], [{8, 2}, {6, 7}, {3, 5}, {4}, {1}], [{8, 2}, {6, 7}, {4, 5}, {1, 3}], [{8, 2}, {6, 7}, {5}, {1, 4}, {3}], [{8, 2}, {7}, {3, 6}, {5}, {1, 4}], [{8, 2}, {7}, {5, 6}, {1, 4}, {3}], [{8, 2}, {7}, {6}, {3, 5}, {1, 4}], [{8, 2}, {7}, {6}, {5}, {1, 4}, {3}], [{8, 3}, {1, 7}, {2, 6}, {4, 5}], [{8, 3}, {1, 7}, {4, 6}, {2, 5}], [{8, 3}, {1, 7}, {5, 6}, {2, 4}], [{8, 3}, {2, 7}, {1, 6}, {4, 5}], [{8, 3}, {2, 7}, {4, 6}, {1, 5}], [{8, 3}, {2, 7}, {5, 6}, {1, 4}], [{8, 3}, {4, 7}, {1, 6}, {2, 5}], [{8, 3}, {4, 7}, {2, 6}, {1, 5}], [{8, 3}, {4, 7}, {5, 6}, {1, 2}], [{8, 3}, {4, 7}, {5, 6}, {2}, {1}], [{8, 3}, {5, 7}, {1, 6}, {2, 4}], [{8, 3}, {5, 7}, {2, 6}, {1, 4}], [{8, 3}, {5, 7}, {4, 6}, {1, 2}], [{8, 3}, {5, 7}, {4, 6}, {2}, {1}], [{8, 3}, {6, 7}, {1, 5}, {2, 4}], [{8, 3}, {6, 7}, {2, 5}, {1, 4}], [{8, 3}, {6, 7}, {2, 5}, {4}, {1}], [{8, 3}, {6, 7}, {4, 5}, {1, 2}], [{8, 3}, {6, 7}, {5}, {1, 4}, {2}], [{8, 3}, {7}, {1, 6}, {4, 5}, {2}], [{8, 3}, {7}, {2, 6}, {1, 5}, {4}], [{8, 3}, {7}, {6}, {2, 5}, {1, 4}], [{8, 4}, {1, 7}, {2, 6}, {3, 5}], [{8, 4}, {1, 7}, {3, 6}, {2, 5}], [{8, 4}, {1, 7}, {5, 6}, {2, 3}], [{8, 4}, {1, 7}, {6}, {2, 5}, {3}], [{8, 4}, {2, 7}, {1, 6}, {3, 5}], [{8, 4}, {2, 7}, {3, 6}, {1, 5}], [{8, 4}, {2, 7}, {5, 6}, {1, 3}], [{8, 4}, {3, 7}, {1, 6}, {2, 5}], [{8, 4}, {3, 7}, {2, 6}, {1, 5}], [{8, 4}, {3, 7}, {2, 6}, {5}, {1}], [{8, 4}, {3, 7}, {5, 6}, {1, 2}], [{8, 4}, {3, 7}, {5, 6}, {2}, {1}], [{8, 4}, {3, 7}, {6}, {2, 5}, {1}], [{8, 4}, {5, 7}, {1, 6}, {2, 3}], [{8, 4}, {5, 7}, {2, 6}, {1, 3}], [{8, 4}, {5, 7}, {3, 6}, {1, 2}], [{8, 4}, {6, 7}, {1, 5}, {2, 3}], [{8, 4}, {6, 7}, {1, 5}, {3}, {2}], [{8, 4}, {6, 7}, {2, 5}, {1, 3}], [{8, 4}, {6, 7}, {2, 5}, {3}, {1}], [{8, 4}, {6, 7}, {3, 5}, {1, 2}], [{8, 4}, {6, 7}, {5}, {3}, {1, 2}], [{8, 4}, {7}, {1, 6}, {2, 5}, {3}], [{8, 4}, {7}, {1, 6}, {3, 5}, {2}], [{8, 4}, {7}, {1, 6}, {5}, {2, 3}], [{8, 4}, {7}, {3, 6}, {2, 5}, {1}], [{8, 4}, {7}, {6}, {2, 5}, {1, 3}], [{8, 5}, {1, 7}, {2, 6}, {3, 4}], [{8, 5}, {1, 7}, {2, 6}, {4}, {3}], [{8, 5}, {1, 7}, {3, 6}, {2, 4}], [{8, 5}, {1, 7}, {4, 6}, {2, 3}], [{8, 5}, {1, 7}, {6}, {3, 4}, {2}], [{8, 5}, {2, 7}, {1, 6}, {3, 4}], [{8, 5}, {2, 7}, {1, 6}, {4}, {3}], [{8, 5}, {2, 7}, {3, 6}, {1, 4}], [{8, 5}, {2, 7}, {4, 6}, {1, 3}], [{8, 5}, {3, 7}, {1, 6}, {2, 4}], [{8, 5}, {3, 7}, {2, 6}, {1, 4}], [{8, 5}, {3, 7}, {4, 6}, {1, 2}], [{8, 5}, {4, 7}, {1, 6}, {2, 3}], [{8, 5}, {4, 7}, {2, 6}, {1, 3}], [{8, 5}, {4, 7}, {3, 6}, {1, 2}], [{8, 5}, {4, 7}, {6}, {3}, {1, 2}], [{8, 5}, {6, 7}, {1, 4}, {2, 3}], [{8, 5}, {6, 7}, {1, 4}, {3}, {2}], [{8, 5}, {6, 7}, {2, 4}, {1, 3}], [{8, 5}, {6, 7}, {3, 4}, {1, 2}], [{8, 5}, {6, 7}, {4}, {2, 3}, {1}], [{8, 5}, {7}, {2, 6}, {3, 4}, {1}], [{8, 5}, {7}, {6}, {1, 4}, {2, 3}], [{8, 6}, {1, 7}, {2, 5}, {3, 4}], [{8, 6}, {1, 7}, {3, 5}, {2, 4}], [{8, 6}, {1, 7}, {4, 5}, {2, 3}], [{8, 6}, {1, 7}, {4, 5}, {3}, {2}], [{8, 6}, {1, 7}, {5}, {4}, {2, 3}], [{8, 6}, {2, 7}, {1, 5}, {3, 4}], [{8, 6}, {2, 7}, {3, 5}, {1, 4}], [{8, 6}, {2, 7}, {4, 5}, {1, 3}], [{8, 6}, {3, 7}, {1, 5}, {2, 4}], [{8, 6}, {3, 7}, {2, 5}, {1, 4}], [{8, 6}, {3, 7}, {4, 5}, {1, 2}], [{8, 6}, {3, 7}, {5}, {1, 4}, {2}], [{8, 6}, {4, 7}, {1, 5}, {2, 3}], [{8, 6}, {4, 7}, {2, 5}, {1, 3}], [{8, 6}, {4, 7}, {3, 5}, {1, 2}], [{8, 6}, {4, 7}, {3, 5}, {2}, {1}], [{8, 6}, {5, 7}, {1, 4}, {2, 3}], [{8, 6}, {5, 7}, {2, 4}, {1, 3}], [{8, 6}, {5, 7}, {3, 4}, {1, 2}], [{8, 7}, {1, 6}, {2, 5}, {3, 4}], [{8, 7}, {1, 6}, {3, 5}, {2, 4}], [{8, 7}, {1, 6}, {4, 5}, {2, 3}], [{8, 7}, {1, 6}, {4, 5}, {3}, {2}], [{8, 7}, {1, 6}, {5}, {4}, {2, 3}], [{8, 7}, {2, 6}, {1, 5}, {3, 4}], [{8, 7}, {2, 6}, {3, 5}, {1, 4}], [{8, 7}, {2, 6}, {3, 5}, {4}, {1}], [{8, 7}, {2, 6}, {4, 5}, {1, 3}], [{8, 7}, {3, 6}, {1, 5}, {2, 4}], [{8, 7}, {3, 6}, {1, 5}, {4}, {2}], [{8, 7}, {3, 6}, {2, 5}, {1, 4}], [{8, 7}, {3, 6}, {4, 5}, {1, 2}], [{8, 7}, {4, 6}, {1, 5}, {2, 3}], [{8, 7}, {4, 6}, {2, 5}, {1, 3}], [{8, 7}, {4, 6}, {3, 5}, {1, 2}], [{8, 7}, {4, 6}, {3, 5}, {2}, {1}], [{8, 7}, {5, 6}, {1, 4}, {2, 3}], [{8, 7}, {5, 6}, {2, 4}, {1, 3}], [{8, 7}, {5, 6}, {3, 4}, {1, 2}], [{8, 7}, {6}, {3, 5}, {2, 4}, {1}], [{8}, {1, 7}, {3, 6}, {2, 5}, {4}], [{8}, {2, 7}, {4, 6}, {5}, {1, 3}], [{8}, {2, 7}, {5, 6}, {4}, {1, 3}], [{8}, {2, 7}, {6}, {4, 5}, {1, 3}], [{8}, {3, 7}, {1, 6}, {2, 5}, {4}], [{8}, {3, 7}, {1, 6}, {4, 5}, {2}], [{8}, {3, 7}, {1, 6}, {5}, {2, 4}], [{8}, {3, 7}, {2, 6}, {5}, {1, 4}], [{8}, {3, 7}, {5, 6}, {2, 4}, {1}], [{8}, {3, 7}, {6}, {1, 5}, {2, 4}], [{8}, {4, 7}, {1, 6}, {5}, {2, 3}], [{8}, {4, 7}, {2, 6}, {5}, {1, 3}], [{8}, {5, 7}, {2, 6}, {4}, {1, 3}], [{8}, {6, 7}, {2, 5}, {1, 4}, {3}], [{8}, {6, 7}, {2, 5}, {3, 4}, {1}], [{8}, {6, 7}, {2, 5}, {4}, {1, 3}], [{8}, {6, 7}, {2, 5}, {4}, {3}, {1}], [{8}, {6, 7}, {3, 5}, {1, 4}, {2}], [{8}, {6, 7}, {4, 5}, {1, 3}, {2}], [{8}, {6, 7}, {5}, {1, 4}, {2, 3}], [{8}, {6, 7}, {5}, {2, 4}, {1, 3}], [{8}, {7}, {2, 6}, {4, 5}, {1, 3}]]",2,12 K_1^3 + 4 K_1^2 K_2 - 20 K_1^2 - 24 K_1 K_2 - 4 K_1 K_3 + 3 K_1 - 4 K_2^2 + 10 K_2 + 9 K_3 + 3 K_4 + 12,O1O2O3O4U5U2U4O6U7O8O7U3U8O5U1U6,O1O2O3U1U4U2U5O6O5U3O7O4U8U7O8U6,O1O2O3U4O5U6U5O7O6U1O8O4U8U2U7U3,c,{'O1O2O3O4U5U4O6U7U2O8O7U8O5U1U3U6'},1,"<a href=""/flatknot/8.850959"">8.850959</a>",t^9-36t^7-56t^6+97t^5+132t^4-109t^3-90t^2+59t+38,0,,
8.850960,O1O2O3O4U5U4O6U7U2O8O7U8O5U1U6U3,4,24z^2+109z+123,24w^3z^2+109w^2z+123w,False,False,"[[ 0 -2  0  2  1 -1  1  0 -1],[ 2  0  2  3  1  0  1  2 -1],[ 0 -2  0  0  0  0 -1  0 -1],[-2 -3  0  0  1 -2 -1 -1 -1],[-1 -1  0 -1  0 -1 -1 -1  0],[ 1  0  0  2  1  0  1  0  0],[-1 -1  1  1  1 -1  0  0 -1],[ 0 -2  0  1  1  0  0  0 -1],[ 1  1  1  1  0  0  1  1  0]]","[[ 0  2  1  1  0  0 -1 -1 -2],[-2  0  1 -1  0 -1 -1 -2 -3],[-1 -1  0 -1  0 -1  0 -1 -1],[-1  1  1  0  1  0 -1 -1 -1],[ 0  0  0 -1  0  0 -1  0 -2],[ 0  1  1  0  0  0 -1  0 -2],[ 1  1  0  1  1  1  0  0  1],[ 1  2  1  1  0  0  0  0  0],[ 2  3  1  1  2  2 -1  0  0]]",True,"[-2,-1,-1,0,0,1,1,2,-1,1,0,1,1,2,3,1,0,1,0,1,1,-1,0,1,1,1,0,1,0,2,1,0,2,0,-1,0]","[-2,-1,-1,0,0,1,1,2,-1,0,2,2,1,1,3,0,1,1,0,1,1,0,0,1,1,2,0,0,-1,0,1,0,1,-1,-1,1]",t^8+36t^6+112t^4+26t^2+1,"[-2,-1,-1,0,0,1,1,2,1,2,0,0,2,2,1,0,1,1,1,1,1,0,0,1,2,2,0,1,0,1,2,1,2,-1,0,2]","[-2,-1,-1,0,0,1,1,2,0,2,1,2,1,2,1,1,1,2,1,1,2,0,1,1,2,2,0,1,0,0,1,0,0,0,1,2]","[-2,-1,-1,0,0,1,1,2,-1,0,2,2,1,1,3,0,1,1,0,1,1,0,0,1,1,2,0,0,-1,0,1,0,1,-1,-1,1]",c,"[[{8, 1}, {2, 7}, {3, 6}, {4, 5}], [{8, 1}, {2, 7}, {4, 6}, {3, 5}], [{8, 1}, {2, 7}, {5, 6}, {3, 4}], [{8, 1}, {3, 7}, {2, 6}, {4, 5}], [{8, 1}, {3, 7}, {4, 6}, {2, 5}], [{8, 1}, {3, 7}, {5, 6}, {2, 4}], [{8, 1}, {4, 7}, {2, 6}, {3, 5}], [{8, 1}, {4, 7}, {3, 6}, {2, 5}], [{8, 1}, {4, 7}, {5, 6}, {2, 3}], [{8, 1}, {5, 7}, {2, 6}, {3, 4}], [{8, 1}, {5, 7}, {3, 6}, {2, 4}], [{8, 1}, {5, 7}, {4, 6}, {2, 3}], [{8, 1}, {6, 7}, {2, 5}, {3, 4}], [{8, 1}, {6, 7}, {2, 5}, {4}, {3}], [{8, 1}, {6, 7}, {3, 5}, {2, 4}], [{8, 1}, {6, 7}, {4, 5}, {2, 3}], [{8, 2}, {1, 7}, {3, 6}, {4, 5}], [{8, 2}, {1, 7}, {4, 6}, {3, 5}], [{8, 2}, {1, 7}, {5, 6}, {3, 4}], [{8, 2}, {3, 7}, {1, 6}, {4, 5}], [{8, 2}, {3, 7}, {4, 6}, {1, 5}], [{8, 2}, {3, 7}, {5, 6}, {1, 4}], [{8, 2}, {3, 7}, {5, 6}, {4}, {1}], [{8, 2}, {4, 7}, {1, 6}, {3, 5}], [{8, 2}, {4, 7}, {3, 6}, {1, 5}], [{8, 2}, {4, 7}, {5, 6}, {1, 3}], [{8, 2}, {4, 7}, {6}, {3, 5}, {1}], [{8, 2}, {5, 7}, {1, 6}, {3, 4}], [{8, 2}, {5, 7}, {3, 6}, {1, 4}], [{8, 2}, {5, 7}, {4, 6}, {1, 3}], [{8, 2}, {6, 7}, {1, 5}, {3, 4}], [{8, 2}, {6, 7}, {3, 5}, {1, 4}], [{8, 2}, {6, 7}, {4, 5}, {1, 3}], [{8, 2}, {7}, {3, 6}, {5}, {1, 4}], [{8, 2}, {7}, {4, 6}, {1, 5}, {3}], [{8, 2}, {7}, {6}, {4, 5}, {1, 3}], [{8, 3}, {1, 7}, {2, 6}, {4, 5}], [{8, 3}, {1, 7}, {4, 6}, {2, 5}], [{8, 3}, {1, 7}, {5, 6}, {2, 4}], [{8, 3}, {2, 7}, {1, 6}, {4, 5}], [{8, 3}, {2, 7}, {4, 6}, {1, 5}], [{8, 3}, {2, 7}, {5, 6}, {1, 4}], [{8, 3}, {4, 7}, {1, 6}, {2, 5}], [{8, 3}, {4, 7}, {2, 6}, {1, 5}], [{8, 3}, {4, 7}, {5, 6}, {1, 2}], [{8, 3}, {4, 7}, {5, 6}, {2}, {1}], [{8, 3}, {5, 7}, {1, 6}, {2, 4}], [{8, 3}, {5, 7}, {2, 6}, {1, 4}], [{8, 3}, {5, 7}, {4, 6}, {1, 2}], [{8, 3}, {5, 7}, {4, 6}, {2}, {1}], [{8, 3}, {6, 7}, {1, 5}, {2, 4}], [{8, 3}, {6, 7}, {2, 5}, {1, 4}], [{8, 3}, {6, 7}, {2, 5}, {4}, {1}], [{8, 3}, {6, 7}, {4, 5}, {1, 2}], [{8, 3}, {7}, {2, 6}, {5}, {1, 4}], [{8, 4}, {1, 7}, {2, 6}, {3, 5}], [{8, 4}, {1, 7}, {2, 6}, {5}, {3}], [{8, 4}, {1, 7}, {3, 6}, {2, 5}], [{8, 4}, {1, 7}, {5, 6}, {2, 3}], [{8, 4}, {1, 7}, {5, 6}, {3}, {2}], [{8, 4}, {1, 7}, {6}, {2, 5}, {3}], [{8, 4}, {2, 7}, {1, 6}, {3, 5}], [{8, 4}, {2, 7}, {3, 6}, {1, 5}], [{8, 4}, {2, 7}, {5, 6}, {1, 3}], [{8, 4}, {3, 7}, {1, 6}, {2, 5}], [{8, 4}, {3, 7}, {2, 6}, {1, 5}], [{8, 4}, {3, 7}, {2, 6}, {5}, {1}], [{8, 4}, {3, 7}, {5, 6}, {1, 2}], [{8, 4}, {3, 7}, {5, 6}, {2}, {1}], [{8, 4}, {3, 7}, {6}, {2, 5}, {1}], [{8, 4}, {5, 7}, {1, 6}, {2, 3}], [{8, 4}, {5, 7}, {2, 6}, {1, 3}], [{8, 4}, {5, 7}, {3, 6}, {1, 2}], [{8, 4}, {6, 7}, {1, 5}, {2, 3}], [{8, 4}, {6, 7}, {2, 5}, {1, 3}], [{8, 4}, {6, 7}, {2, 5}, {3}, {1}], [{8, 4}, {6, 7}, {3, 5}, {1, 2}], [{8, 4}, {7}, {1, 6}, {2, 5}, {3}], [{8, 4}, {7}, {2, 6}, {5}, {1, 3}], [{8, 4}, {7}, {3, 6}, {2, 5}, {1}], [{8, 4}, {7}, {5, 6}, {1, 3}, {2}], [{8, 4}, {7}, {6}, {2, 5}, {1, 3}], [{8, 5}, {1, 7}, {2, 6}, {3, 4}], [{8, 5}, {1, 7}, {3, 6}, {2, 4}], [{8, 5}, {1, 7}, {4, 6}, {2, 3}], [{8, 5}, {1, 7}, {4, 6}, {3}, {2}], [{8, 5}, {1, 7}, {6}, {4}, {2, 3}], [{8, 5}, {2, 7}, {1, 6}, {3, 4}], [{8, 5}, {2, 7}, {3, 6}, {1, 4}], [{8, 5}, {2, 7}, {4, 6}, {1, 3}], [{8, 5}, {2, 7}, {4, 6}, {3}, {1}], [{8, 5}, {3, 7}, {1, 6}, {2, 4}], [{8, 5}, {3, 7}, {2, 6}, {1, 4}], [{8, 5}, {3, 7}, {4, 6}, {1, 2}], [{8, 5}, {4, 7}, {1, 6}, {2, 3}], [{8, 5}, {4, 7}, {2, 6}, {1, 3}], [{8, 5}, {4, 7}, {2, 6}, {3}, {1}], [{8, 5}, {4, 7}, {3, 6}, {1, 2}], [{8, 5}, {6, 7}, {1, 4}, {2, 3}], [{8, 5}, {6, 7}, {2, 4}, {1, 3}], [{8, 5}, {6, 7}, {3, 4}, {1, 2}], [{8, 5}, {7}, {2, 6}, {4}, {1, 3}], [{8, 5}, {7}, {4, 6}, {3}, {1, 2}], [{8, 6}, {1, 7}, {2, 5}, {3, 4}], [{8, 6}, {1, 7}, {3, 5}, {2, 4}], [{8, 6}, {1, 7}, {4, 5}, {2, 3}], [{8, 6}, {1, 7}, {5}, {3, 4}, {2}], [{8, 6}, {2, 7}, {1, 5}, {3, 4}], [{8, 6}, {2, 7}, {3, 5}, {1, 4}], [{8, 6}, {2, 7}, {4, 5}, {1, 3}], [{8, 6}, {3, 7}, {1, 5}, {2, 4}], [{8, 6}, {3, 7}, {2, 5}, {1, 4}], [{8, 6}, {3, 7}, {4, 5}, {1, 2}], [{8, 6}, {4, 7}, {1, 5}, {2, 3}], [{8, 6}, {4, 7}, {2, 5}, {1, 3}], [{8, 6}, {4, 7}, {3, 5}, {1, 2}], [{8, 6}, {4, 7}, {5}, {1, 3}, {2}], [{8, 6}, {5, 7}, {1, 4}, {2, 3}], [{8, 6}, {5, 7}, {2, 4}, {1, 3}], [{8, 6}, {5, 7}, {3, 4}, {1, 2}], [{8, 6}, {5, 7}, {4}, {1, 3}, {2}], [{8, 6}, {7}, {4, 5}, {1, 3}, {2}], [{8, 7}, {1, 6}, {2, 5}, {3, 4}], [{8, 7}, {1, 6}, {3, 5}, {2, 4}], [{8, 7}, {1, 6}, {4, 5}, {2, 3}], [{8, 7}, {1, 6}, {5}, {3, 4}, {2}], [{8, 7}, {2, 6}, {1, 5}, {3, 4}], [{8, 7}, {2, 6}, {3, 5}, {1, 4}], [{8, 7}, {2, 6}, {3, 5}, {4}, {1}], [{8, 7}, {2, 6}, {4, 5}, {1, 3}], [{8, 7}, {2, 6}, {4, 5}, {3}, {1}], [{8, 7}, {2, 6}, {5}, {3, 4}, {1}], [{8, 7}, {3, 6}, {1, 5}, {2, 4}], [{8, 7}, {3, 6}, {2, 5}, {1, 4}], [{8, 7}, {3, 6}, {4, 5}, {1, 2}], [{8, 7}, {3, 6}, {5}, {4}, {1, 2}], [{8, 7}, {4, 6}, {1, 5}, {2, 3}], [{8, 7}, {4, 6}, {2, 5}, {1, 3}], [{8, 7}, {4, 6}, {3, 5}, {1, 2}], [{8, 7}, {4, 6}, {3, 5}, {2}, {1}], [{8, 7}, {4, 6}, {5}, {3}, {1, 2}], [{8, 7}, {5, 6}, {1, 4}, {2, 3}], [{8, 7}, {5, 6}, {2, 4}, {1, 3}], [{8, 7}, {5, 6}, {3, 4}, {1, 2}], [{8, 7}, {6}, {1, 5}, {4}, {2, 3}], [{8, 7}, {6}, {3, 5}, {2, 4}, {1}], [{8, 7}, {6}, {5}, {3, 4}, {1, 2}], [{8}, {1, 7}, {3, 6}, {2, 5}, {4}], [{8}, {3, 7}, {1, 6}, {2, 5}, {4}], [{8}, {3, 7}, {4, 6}, {1, 5}, {2}], [{8}, {3, 7}, {5, 6}, {2, 4}, {1}], [{8}, {4, 7}, {1, 6}, {5}, {2, 3}], [{8}, {4, 7}, {5, 6}, {3}, {1, 2}], [{8}, {5, 7}, {4, 6}, {3}, {1, 2}], [{8}, {5, 7}, {6}, {2, 4}, {1, 3}], [{8}, {6, 7}, {2, 5}, {1, 4}, {3}], [{8}, {6, 7}, {2, 5}, {3, 4}, {1}], [{8}, {6, 7}, {2, 5}, {4}, {1, 3}], [{8}, {6, 7}, {2, 5}, {4}, {3}, {1}], [{8}, {6, 7}, {3, 5}, {1, 4}, {2}], [{8}, {6, 7}, {5}, {1, 4}, {2, 3}], [{8}, {7}, {2, 6}, {4, 5}, {1, 3}]]",2,24 K_1^3 + 4 K_1^2 K_2 - 20 K_1^2 - 28 K_1 K_2 - 4 K_1 K_3 - 4 K_1 - 4 K_2^2 + 10 K_2 + 8 K_3 + 3 K_4 + 12,O1O2O3O4U2U5U4O6U7O8O7U3U8O5U1U6,O1O2O3U1U4U3U5O6O5U2O7O4U8U7O8U6,O1O2O3U4O5U6U5O7O6U2O8O4U8U1U7U3,c,{'O1O2O3O4U5U4O6U7U2O8O7U8O5U1U6U3'},1,"<a href=""/flatknot/8.850960"">8.850960</a>",t^9-36t^7-64t^6+60t^5+102t^4-94t^3-100t^2+48t+38,0,,
8.850961,O1O2O3O4U5U4O6U7U2O8O7U8O5U3U1U6,4,16z^2+101z+139,16w^3z^2+101w^2z+139w,False,False,"[[ 0 -1  0  0  1 -1  2  0 -1],[ 1  0  1  1  1 -1  2  1 -1],[ 0 -1  0 -1  0  0  0  0 -1],[ 0 -1  1  0  1 -1  0  1 -1],[-1 -1  0 -1  0 -1 -1 -1  0],[ 1  1  0  1  1  0  2  0  0],[-2 -2  0  0  1 -2  0 -1 -1],[ 0 -1  0 -1  1  0  1  0 -1],[ 1  1  1  1  0  0  1  1  0]]","[[ 0  2  1  0  0  0 -1 -1 -1],[-2  0  1  0  0 -1 -1 -2 -2],[-1 -1  0  0 -1 -1  0 -1 -1],[ 0  0  0  0 -1  0 -1  0 -1],[ 0  0  1  1  0  1 -1 -1 -1],[ 0  1  1  0 -1  0 -1  0 -1],[ 1  1  0  1  1  1  0  0  1],[ 1  2  1  0  1  0  0  0  1],[ 1  2  1  1  1  1 -1 -1  0]]",True,"[-2,-1,0,0,0,1,1,1,-1,0,0,1,1,2,2,0,1,1,0,1,1,1,0,1,0,1,-1,1,1,1,1,0,1,0,-1,-1]","[-2,-1,0,0,0,1,1,1,-1,0,0,1,1,2,2,0,1,1,0,1,1,1,0,1,0,1,-1,1,1,1,1,0,1,0,-1,-1]",t^8+26t^6+98t^4+42t^2+1,"[-1,-1,-1,0,0,0,1,2,-1,0,0,0,0,2,2,1,0,0,0,1,1,0,1,1,1,1,-1,-1,0,2,0,0,1,1,2,2]","[-2,-1,0,0,0,1,1,1,2,1,2,2,1,1,2,0,0,1,1,1,2,-1,0,0,1,0,1,0,0,0,0,1,0,-1,-1,0]","[-1,-1,-1,0,0,0,1,2,-1,-1,1,1,1,1,2,0,0,0,1,1,2,1,1,1,0,1,0,-1,0,0,-1,1,1,1,0,-1]",c,"[[{8, 1}, {2, 7}, {3, 6}, {4, 5}], [{8, 1}, {2, 7}, {4, 6}, {3, 5}], [{8, 1}, {2, 7}, {5, 6}, {3, 4}], [{8, 1}, {2, 7}, {6}, {4, 5}, {3}], [{8, 1}, {3, 7}, {2, 6}, {4, 5}], [{8, 1}, {3, 7}, {4, 6}, {2, 5}], [{8, 1}, {3, 7}, {5, 6}, {2, 4}], [{8, 1}, {4, 7}, {2, 6}, {3, 5}], [{8, 1}, {4, 7}, {3, 6}, {2, 5}], [{8, 1}, {4, 7}, {5, 6}, {2, 3}], [{8, 1}, {5, 7}, {2, 6}, {3, 4}], [{8, 1}, {5, 7}, {3, 6}, {2, 4}], [{8, 1}, {5, 7}, {4, 6}, {2, 3}], [{8, 1}, {6, 7}, {2, 5}, {3, 4}], [{8, 1}, {6, 7}, {3, 5}, {2, 4}], [{8, 1}, {6, 7}, {4, 5}, {2, 3}], [{8, 1}, {6, 7}, {4, 5}, {3}, {2}], [{8, 1}, {7}, {2, 6}, {4, 5}, {3}], [{8, 1}, {7}, {4, 6}, {3, 5}, {2}], [{8, 2}, {1, 7}, {3, 6}, {4, 5}], [{8, 2}, {1, 7}, {4, 6}, {3, 5}], [{8, 2}, {1, 7}, {5, 6}, {3, 4}], [{8, 2}, {1, 7}, {6}, {4, 5}, {3}], [{8, 2}, {3, 7}, {1, 6}, {4, 5}], [{8, 2}, {3, 7}, {4, 6}, {1, 5}], [{8, 2}, {3, 7}, {5, 6}, {1, 4}], [{8, 2}, {3, 7}, {5, 6}, {4}, {1}], [{8, 2}, {4, 7}, {1, 6}, {3, 5}], [{8, 2}, {4, 7}, {3, 6}, {1, 5}], [{8, 2}, {4, 7}, {5, 6}, {1, 3}], [{8, 2}, {4, 7}, {5, 6}, {3}, {1}], [{8, 2}, {5, 7}, {1, 6}, {3, 4}], [{8, 2}, {5, 7}, {3, 6}, {1, 4}], [{8, 2}, {5, 7}, {4, 6}, {1, 3}], [{8, 2}, {5, 7}, {6}, {1, 4}, {3}], [{8, 2}, {6, 7}, {1, 5}, {3, 4}], [{8, 2}, {6, 7}, {3, 5}, {1, 4}], [{8, 2}, {6, 7}, {4, 5}, {1, 3}], [{8, 2}, {6, 7}, {4, 5}, {3}, {1}], [{8, 2}, {7}, {1, 6}, {4, 5}, {3}], [{8, 2}, {7}, {4, 6}, {3, 5}, {1}], [{8, 2}, {7}, {5, 6}, {3, 4}, {1}], [{8, 3}, {1, 7}, {2, 6}, {4, 5}], [{8, 3}, {1, 7}, {4, 6}, {2, 5}], [{8, 3}, {1, 7}, {5, 6}, {2, 4}], [{8, 3}, {2, 7}, {1, 6}, {4, 5}], [{8, 3}, {2, 7}, {4, 6}, {1, 5}], [{8, 3}, {2, 7}, {5, 6}, {1, 4}], [{8, 3}, {4, 7}, {1, 6}, {2, 5}], [{8, 3}, {4, 7}, {2, 6}, {1, 5}], [{8, 3}, {4, 7}, {5, 6}, {1, 2}], [{8, 3}, {4, 7}, {5, 6}, {2}, {1}], [{8, 3}, {5, 7}, {1, 6}, {2, 4}], [{8, 3}, {5, 7}, {2, 6}, {1, 4}], [{8, 3}, {5, 7}, {2, 6}, {4}, {1}], [{8, 3}, {5, 7}, {4, 6}, {1, 2}], [{8, 3}, {6, 7}, {1, 5}, {2, 4}], [{8, 3}, {6, 7}, {2, 5}, {1, 4}], [{8, 3}, {6, 7}, {4, 5}, {1, 2}], [{8, 3}, {6, 7}, {4, 5}, {2}, {1}], [{8, 3}, {7}, {4, 6}, {2, 5}, {1}], [{8, 4}, {1, 7}, {2, 6}, {3, 5}], [{8, 4}, {1, 7}, {2, 6}, {5}, {3}], [{8, 4}, {1, 7}, {3, 6}, {2, 5}], [{8, 4}, {1, 7}, {5, 6}, {2, 3}], [{8, 4}, {1, 7}, {5, 6}, {3}, {2}], [{8, 4}, {1, 7}, {6}, {2, 5}, {3}], [{8, 4}, {2, 7}, {1, 6}, {3, 5}], [{8, 4}, {2, 7}, {1, 6}, {5}, {3}], [{8, 4}, {2, 7}, {3, 6}, {1, 5}], [{8, 4}, {2, 7}, {5, 6}, {1, 3}], [{8, 4}, {2, 7}, {5, 6}, {3}, {1}], [{8, 4}, {2, 7}, {6}, {1, 5}, {3}], [{8, 4}, {3, 7}, {1, 6}, {2, 5}], [{8, 4}, {3, 7}, {2, 6}, {1, 5}], [{8, 4}, {3, 7}, {5, 6}, {1, 2}], [{8, 4}, {3, 7}, {6}, {2, 5}, {1}], [{8, 4}, {5, 7}, {1, 6}, {2, 3}], [{8, 4}, {5, 7}, {1, 6}, {3}, {2}], [{8, 4}, {5, 7}, {2, 6}, {1, 3}], [{8, 4}, {5, 7}, {2, 6}, {3}, {1}], [{8, 4}, {5, 7}, {3, 6}, {1, 2}], [{8, 4}, {5, 7}, {6}, {3}, {1, 2}], [{8, 4}, {6, 7}, {1, 5}, {2, 3}], [{8, 4}, {6, 7}, {1, 5}, {3}, {2}], [{8, 4}, {6, 7}, {2, 5}, {1, 3}], [{8, 4}, {6, 7}, {2, 5}, {3}, {1}], [{8, 4}, {6, 7}, {3, 5}, {1, 2}], [{8, 4}, {6, 7}, {5}, {3}, {1, 2}], [{8, 4}, {7}, {1, 6}, {2, 5}, {3}], [{8, 4}, {7}, {2, 6}, {1, 5}, {3}], [{8, 4}, {7}, {3, 6}, {2, 5}, {1}], [{8, 4}, {7}, {5, 6}, {3}, {1, 2}], [{8, 4}, {7}, {6}, {2, 5}, {1, 3}], [{8, 5}, {1, 7}, {2, 6}, {3, 4}], [{8, 5}, {1, 7}, {2, 6}, {4}, {3}], [{8, 5}, {1, 7}, {3, 6}, {2, 4}], [{8, 5}, {1, 7}, {4, 6}, {2, 3}], [{8, 5}, {1, 7}, {6}, {3, 4}, {2}], [{8, 5}, {2, 7}, {1, 6}, {3, 4}], [{8, 5}, {2, 7}, {1, 6}, {4}, {3}], [{8, 5}, {2, 7}, {3, 6}, {1, 4}], [{8, 5}, {2, 7}, {4, 6}, {1, 3}], [{8, 5}, {2, 7}, {6}, {3, 4}, {1}], [{8, 5}, {3, 7}, {1, 6}, {2, 4}], [{8, 5}, {3, 7}, {2, 6}, {1, 4}], [{8, 5}, {3, 7}, {4, 6}, {1, 2}], [{8, 5}, {3, 7}, {6}, {1, 4}, {2}], [{8, 5}, {4, 7}, {1, 6}, {2, 3}], [{8, 5}, {4, 7}, {2, 6}, {1, 3}], [{8, 5}, {4, 7}, {3, 6}, {1, 2}], [{8, 5}, {4, 7}, {3, 6}, {2}, {1}], [{8, 5}, {6, 7}, {1, 4}, {2, 3}], [{8, 5}, {6, 7}, {2, 4}, {1, 3}], [{8, 5}, {6, 7}, {3, 4}, {1, 2}], [{8, 5}, {6, 7}, {3, 4}, {2}, {1}], [{8, 5}, {6, 7}, {4}, {3}, {1, 2}], [{8, 5}, {7}, {1, 6}, {3, 4}, {2}], [{8, 5}, {7}, {2, 6}, {3, 4}, {1}], [{8, 5}, {7}, {4, 6}, {2, 3}, {1}], [{8, 5}, {7}, {6}, {3, 4}, {1, 2}], [{8, 6}, {1, 7}, {2, 5}, {3, 4}], [{8, 6}, {1, 7}, {3, 5}, {2, 4}], [{8, 6}, {1, 7}, {4, 5}, {2, 3}], [{8, 6}, {1, 7}, {4, 5}, {3}, {2}], [{8, 6}, {1, 7}, {5}, {4}, {2, 3}], [{8, 6}, {2, 7}, {1, 5}, {3, 4}], [{8, 6}, {2, 7}, {3, 5}, {1, 4}], [{8, 6}, {2, 7}, {4, 5}, {1, 3}], [{8, 6}, {2, 7}, {4, 5}, {3}, {1}], [{8, 6}, {3, 7}, {1, 5}, {2, 4}], [{8, 6}, {3, 7}, {2, 5}, {1, 4}], [{8, 6}, {3, 7}, {4, 5}, {1, 2}], [{8, 6}, {3, 7}, {5}, {1, 4}, {2}], [{8, 6}, {4, 7}, {1, 5}, {2, 3}], [{8, 6}, {4, 7}, {2, 5}, {1, 3}], [{8, 6}, {4, 7}, {2, 5}, {3}, {1}], [{8, 6}, {4, 7}, {3, 5}, {1, 2}], [{8, 6}, {5, 7}, {1, 4}, {2, 3}], [{8, 6}, {5, 7}, {2, 4}, {1, 3}], [{8, 6}, {5, 7}, {3, 4}, {1, 2}], [{8, 6}, {7}, {1, 5}, {3, 4}, {2}], [{8, 6}, {7}, {4, 5}, {3}, {1, 2}], [{8, 7}, {1, 6}, {2, 5}, {3, 4}], [{8, 7}, {1, 6}, {3, 5}, {2, 4}], [{8, 7}, {1, 6}, {4, 5}, {2, 3}], [{8, 7}, {1, 6}, {4, 5}, {3}, {2}], [{8, 7}, {1, 6}, {5}, {4}, {2, 3}], [{8, 7}, {2, 6}, {1, 5}, {3, 4}], [{8, 7}, {2, 6}, {3, 5}, {1, 4}], [{8, 7}, {2, 6}, {3, 5}, {4}, {1}], [{8, 7}, {2, 6}, {4, 5}, {1, 3}], [{8, 7}, {2, 6}, {4, 5}, {3}, {1}], [{8, 7}, {2, 6}, {5}, {3, 4}, {1}], [{8, 7}, {3, 6}, {1, 5}, {2, 4}], [{8, 7}, {3, 6}, {1, 5}, {4}, {2}], [{8, 7}, {3, 6}, {2, 5}, {1, 4}], [{8, 7}, {3, 6}, {4, 5}, {1, 2}], [{8, 7}, {4, 6}, {1, 5}, {2, 3}], [{8, 7}, {4, 6}, {2, 5}, {1, 3}], [{8, 7}, {4, 6}, {3, 5}, {1, 2}], [{8, 7}, {4, 6}, {3, 5}, {2}, {1}], [{8, 7}, {5, 6}, {1, 4}, {2, 3}], [{8, 7}, {5, 6}, {2, 4}, {1, 3}], [{8, 7}, {5, 6}, {3, 4}, {1, 2}], [{8, 7}, {6}, {2, 5}, {1, 4}, {3}], [{8, 7}, {6}, {3, 5}, {2, 4}, {1}], [{8, 7}, {6}, {4, 5}, {3}, {1, 2}], [{8}, {1, 7}, {2, 6}, {4, 5}, {3}], [{8}, {1, 7}, {3, 6}, {2, 5}, {4}], [{8}, {1, 7}, {4, 6}, {3, 5}, {2}], [{8}, {2, 7}, {1, 6}, {4, 5}, {3}], [{8}, {2, 7}, {4, 6}, {3, 5}, {1}], [{8}, {3, 7}, {1, 6}, {2, 5}, {4}], [{8}, {3, 7}, {5, 6}, {1, 4}, {2}], [{8}, {4, 7}, {2, 6}, {5}, {1, 3}], [{8}, {4, 7}, {5, 6}, {2, 3}, {1}], [{8}, {5, 7}, {2, 6}, {3, 4}, {1}], [{8}, {5, 7}, {3, 6}, {2, 4}, {1}], [{8}, {6, 7}, {2, 5}, {4}, {1, 3}], [{8}, {6, 7}, {4, 5}, {1, 3}, {2}], [{8}, {6, 7}, {4, 5}, {2, 3}, {1}], [{8}, {6, 7}, {4, 5}, {3}, {1, 2}], [{8}, {6, 7}, {5}, {2, 4}, {1, 3}], [{8}, {7}, {4, 6}, {3, 5}, {1, 2}], [{8}, {7}, {4, 6}, {3, 5}, {2}, {1}]]",2,16 K_1^3 + 4 K_1^2 K_2 - 38 K_1^2 - 28 K_1 K_2 - 4 K_1 K_3 + 2 K_1 - 4 K_2^2 + 19 K_2 + 10 K_3 + 3 K_4 + 21,O1O2O3O4U5U4U2O6U7O8O7U3U8O5U1U6,O1O2O3U2U4U1U5O6O5U3O7O4U8U7O8U6,O1O2O3U4O5U6U5O7O6U1O8O4U8U3U7U2,c,{'O1O2O3O4U5U4O6U7U2O8O7U8O5U3U1U6'},1,"<a href=""/flatknot/8.850961"">8.850961</a>",t^9-24t^7-54t^6-9t^5+42t^4-12t^3-46t^2-14t,-t^2+2t,,
8.850962,O1O2O3O4U5U4O6U7U2O8O7U8O5U6U1U3,3,9z^2+74z+113,9w^3z^2+74w^2z+113w,False,False,"[[ 0 -1  0  2  1 -1  0  0 -1],[ 1  0  1  2  1  0  0  1 -1],[ 0 -1  0  0  0  0 -1  0 -1],[-2 -2  0  0  1 -2 -1 -1 -1],[-1 -1  0 -1  0 -1 -1 -1  0],[ 1  0  0  2  1  0  0  0  0],[ 0  0  1  1  1  0  0  1 -1],[ 0 -1  0  1  1  0 -1  0 -1],[ 1  1  1  1  0  0  1  1  0]]","[[ 0  2  1  0  0  0 -1 -1 -1],[-2  0  1  0 -1 -1 -1 -2 -2],[-1 -1  0  0 -1 -1  0 -1 -1],[ 0  0  0  0  0 -1 -1  0 -1],[ 0  1  1  0  0 -1 -1  0 -1],[ 0  1  1  1  1  0 -1  0  0],[ 1  1  0  1  1  1  0  0  1],[ 1  2  1  0  0  0  0  0  0],[ 1  2  1  1  1  0 -1  0  0]]",True,"[-2,-1,0,0,0,1,1,1,-1,0,1,1,1,2,2,0,1,1,0,1,1,0,1,1,0,1,1,1,0,1,1,0,0,0,-1,0]","[-2,-1,0,0,0,1,1,1,-1,0,1,1,1,2,2,0,1,1,0,1,1,0,1,1,0,1,1,1,0,1,1,0,0,0,-1,0]",t^8+24t^6+61t^4+15t^2,"[-1,-1,-1,0,0,0,1,2,-1,0,0,0,0,2,2,0,0,0,1,1,1,1,1,1,1,1,0,1,0,1,1,1,2,0,1,2]","[-2,-1,0,0,0,1,1,1,2,1,1,2,1,1,2,0,0,1,1,1,2,-1,0,0,1,0,1,1,1,0,0,1,0,0,-1,0]","[-1,-1,-1,0,0,0,1,2,-1,0,0,1,1,1,2,0,1,1,1,0,1,0,0,0,1,2,1,1,1,1,0,0,0,1,1,-1]",c,"[[{8, 2}, {5, 7}, {4, 6}, {1, 3}]]",1,- 14 K_1^2 - 4 K_1 K_2 + 2 K_1 + 7 K_2 + 2 K_3 + 8,O1O2O3O4U2U4U5O6U7O8O7U3U8O5U1U6,O1O2O3U2U4U3U5O6O5U1O7O4U8U7O8U6,O1O2O3U4O5U6U5O7O6U3O8O4U8U1U7U2,c,{'O1O2O3O4U5U4O6U7U2O8O7U8O5U6U1U3'},1,"<a href=""/flatknot/8.850962"">8.850962</a>",t^9-22t^7-36t^6+34t^5+64t^4-46t^3-80t^2-20t,-t^2+2t,,
8.850963,O1O2O3O4U5U4O6U7U3O8O7U1O5U2U6U8,3,6z^2+39z+55,6w^3z^2+39w^2z+55w,False,False,"[[ 0 -2 -1  1  1 -1  1  0  1],[ 2  0  0  1  0  0  2  1  1],[ 1  0  0  2  1 -1  1  0  0],[-1 -1 -2  0  0 -1 -1 -1 -1],[-1  0 -1  0  0 -1 -1 -1 -1],[ 1  0  1  1  1  0  1  1  1],[-1 -2 -1  1  1 -1  0 -1  0],[ 0 -1  0  1  1 -1  1  0  1],[-1 -1  0  1  1 -1  0 -1  0]]","[[ 0  1  1  1  1  0 -1 -1 -2],[-1  0  1  1  0 -1  0 -1 -1],[-1 -1  0  0 -1 -1 -1 -1  0],[-1 -1  0  0 -1 -1 -2 -1 -1],[-1  0  1  1  0 -1 -1 -1 -2],[ 0  1  1  1  1  0  0 -1 -1],[ 1  0  1  2  1  0  0 -1  0],[ 1  1  1  1  1  1  1  0  0],[ 2  1  0  1  2  1  0  0  0]]",True,"[-1,-1,-1,-1,0,1,1,2,-1,-1,0,1,0,1,1,0,1,1,1,1,0,1,1,2,1,1,1,1,1,2,0,1,1,1,0,0]","[-2,-1,-1,0,1,1,1,1,0,0,1,0,1,1,2,-1,0,1,0,2,1,1,1,1,1,1,1,1,1,1,-1,0,-1,1,0,-1]",t^8+27t^6+73t^4+24t^2,"[-2,-1,-1,0,1,1,1,1,1,1,1,1,2,2,3,-1,0,1,1,1,1,1,1,0,2,1,0,0,0,0,-1,0,-1,1,0,-1]","[-1,-1,-1,-1,0,1,1,2,-1,-1,0,0,0,1,2,0,1,0,1,1,1,1,0,2,1,2,0,1,1,3,1,0,1,-1,1,1]","[-2,-1,-1,0,1,1,1,1,0,0,1,0,1,1,2,-1,0,1,0,2,1,1,1,1,1,1,1,1,1,1,-1,0,-1,1,0,-1]",c,"[[{8, 1}, {2, 7}, {3, 6}, {4, 5}], [{8, 1}, {2, 7}, {3, 6}, {5}, {4}], [{8, 1}, {2, 7}, {4, 6}, {3, 5}], [{8, 1}, {2, 7}, {5, 6}, {3, 4}], [{8, 1}, {2, 7}, {6}, {4, 5}, {3}], [{8, 1}, {3, 7}, {2, 6}, {4, 5}], [{8, 1}, {3, 7}, {2, 6}, {5}, {4}], [{8, 1}, {3, 7}, {4, 6}, {2, 5}], [{8, 1}, {3, 7}, {5, 6}, {2, 4}], [{8, 1}, {3, 7}, {5, 6}, {4}, {2}], [{8, 1}, {3, 7}, {6}, {2, 5}, {4}], [{8, 1}, {4, 7}, {2, 6}, {3, 5}], [{8, 1}, {4, 7}, {3, 6}, {2, 5}], [{8, 1}, {4, 7}, {5, 6}, {2, 3}], [{8, 1}, {4, 7}, {6}, {3, 5}, {2}], [{8, 1}, {5, 7}, {2, 6}, {3, 4}], [{8, 1}, {5, 7}, {3, 6}, {2, 4}], [{8, 1}, {5, 7}, {4, 6}, {2, 3}], [{8, 1}, {5, 7}, {6}, {2, 4}, {3}], [{8, 1}, {6, 7}, {2, 5}, {3, 4}], [{8, 1}, {6, 7}, {3, 5}, {2, 4}], [{8, 1}, {6, 7}, {3, 5}, {4}, {2}], [{8, 1}, {6, 7}, {4, 5}, {2, 3}], [{8, 1}, {7}, {3, 6}, {4, 5}, {2}], [{8, 1}, {7}, {4, 6}, {3, 5}, {2}], [{8, 2}, {1, 7}, {3, 6}, {4, 5}], [{8, 2}, {1, 7}, {4, 6}, {3, 5}], [{8, 2}, {1, 7}, {5, 6}, {3, 4}], [{8, 2}, {1, 7}, {6}, {4, 5}, {3}], [{8, 2}, {3, 7}, {1, 6}, {4, 5}], [{8, 2}, {3, 7}, {1, 6}, {5}, {4}], [{8, 2}, {3, 7}, {4, 6}, {1, 5}], [{8, 2}, {3, 7}, {5, 6}, {1, 4}], [{8, 2}, {3, 7}, {5, 6}, {4}, {1}], [{8, 2}, {3, 7}, {6}, {1, 5}, {4}], [{8, 2}, {4, 7}, {1, 6}, {3, 5}], [{8, 2}, {4, 7}, {3, 6}, {1, 5}], [{8, 2}, {4, 7}, {5, 6}, {1, 3}], [{8, 2}, {4, 7}, {6}, {1, 5}, {3}], [{8, 2}, {5, 7}, {1, 6}, {3, 4}], [{8, 2}, {5, 7}, {3, 6}, {1, 4}], [{8, 2}, {5, 7}, {4, 6}, {1, 3}], [{8, 2}, {5, 7}, {6}, {1, 4}, {3}], [{8, 2}, {6, 7}, {1, 5}, {3, 4}], [{8, 2}, {6, 7}, {1, 5}, {4}, {3}], [{8, 2}, {6, 7}, {3, 5}, {1, 4}], [{8, 2}, {6, 7}, {3, 5}, {4}, {1}], [{8, 2}, {6, 7}, {4, 5}, {1, 3}], [{8, 2}, {6, 7}, {5}, {4}, {1, 3}], [{8, 2}, {7}, {3, 6}, {1, 5}, {4}], [{8, 2}, {7}, {4, 6}, {1, 5}, {3}], [{8, 2}, {7}, {6}, {1, 5}, {3, 4}], [{8, 2}, {7}, {6}, {1, 5}, {4}, {3}], [{8, 3}, {1, 7}, {2, 6}, {4, 5}], [{8, 3}, {1, 7}, {4, 6}, {2, 5}], [{8, 3}, {1, 7}, {4, 6}, {5}, {2}], [{8, 3}, {1, 7}, {5, 6}, {2, 4}], [{8, 3}, {1, 7}, {6}, {2, 5}, {4}], [{8, 3}, {2, 7}, {1, 6}, {4, 5}], [{8, 3}, {2, 7}, {4, 6}, {1, 5}], [{8, 3}, {2, 7}, {4, 6}, {5}, {1}], [{8, 3}, {2, 7}, {5, 6}, {1, 4}], [{8, 3}, {2, 7}, {6}, {1, 5}, {4}], [{8, 3}, {4, 7}, {1, 6}, {2, 5}], [{8, 3}, {4, 7}, {2, 6}, {1, 5}], [{8, 3}, {4, 7}, {5, 6}, {1, 2}], [{8, 3}, {4, 7}, {6}, {1, 5}, {2}], [{8, 3}, {5, 7}, {1, 6}, {2, 4}], [{8, 3}, {5, 7}, {2, 6}, {1, 4}], [{8, 3}, {5, 7}, {4, 6}, {1, 2}], [{8, 3}, {5, 7}, {4, 6}, {2}, {1}], [{8, 3}, {5, 7}, {6}, {4}, {1, 2}], [{8, 3}, {6, 7}, {1, 5}, {2, 4}], [{8, 3}, {6, 7}, {1, 5}, {4}, {2}], [{8, 3}, {6, 7}, {2, 5}, {1, 4}], [{8, 3}, {6, 7}, {4, 5}, {1, 2}], [{8, 3}, {7}, {1, 6}, {4, 5}, {2}], [{8, 3}, {7}, {2, 6}, {1, 5}, {4}], [{8, 3}, {7}, {4, 6}, {1, 5}, {2}], [{8, 3}, {7}, {4, 6}, {2, 5}, {1}], [{8, 3}, {7}, {4, 6}, {5}, {1, 2}], [{8, 3}, {7}, {4, 6}, {5}, {2}, {1}], [{8, 3}, {7}, {5, 6}, {1, 4}, {2}], [{8, 3}, {7}, {6}, {1, 5}, {2, 4}], [{8, 3}, {7}, {6}, {1, 5}, {4}, {2}], [{8, 4}, {1, 7}, {2, 6}, {3, 5}], [{8, 4}, {1, 7}, {3, 6}, {2, 5}], [{8, 4}, {1, 7}, {3, 6}, {5}, {2}], [{8, 4}, {1, 7}, {5, 6}, {2, 3}], [{8, 4}, {1, 7}, {5, 6}, {3}, {2}], [{8, 4}, {1, 7}, {6}, {3, 5}, {2}], [{8, 4}, {2, 7}, {1, 6}, {3, 5}], [{8, 4}, {2, 7}, {3, 6}, {1, 5}], [{8, 4}, {2, 7}, {3, 6}, {5}, {1}], [{8, 4}, {2, 7}, {5, 6}, {1, 3}], [{8, 4}, {2, 7}, {6}, {1, 5}, {3}], [{8, 4}, {3, 7}, {1, 6}, {2, 5}], [{8, 4}, {3, 7}, {1, 6}, {5}, {2}], [{8, 4}, {3, 7}, {2, 6}, {1, 5}], [{8, 4}, {3, 7}, {5, 6}, {1, 2}], [{8, 4}, {3, 7}, {5, 6}, {2}, {1}], [{8, 4}, {3, 7}, {6}, {1, 5}, {2}], [{8, 4}, {5, 7}, {1, 6}, {2, 3}], [{8, 4}, {5, 7}, {1, 6}, {3}, {2}], [{8, 4}, {5, 7}, {2, 6}, {1, 3}], [{8, 4}, {5, 7}, {3, 6}, {1, 2}], [{8, 4}, {5, 7}, {3, 6}, {2}, {1}], [{8, 4}, {5, 7}, {6}, {1, 3}, {2}], [{8, 4}, {6, 7}, {1, 5}, {2, 3}], [{8, 4}, {6, 7}, {1, 5}, {3}, {2}], [{8, 4}, {6, 7}, {2, 5}, {1, 3}], [{8, 4}, {6, 7}, {3, 5}, {1, 2}], [{8, 4}, {6, 7}, {3, 5}, {2}, {1}], [{8, 4}, {6, 7}, {5}, {1, 3}, {2}], [{8, 4}, {7}, {1, 6}, {3, 5}, {2}], [{8, 4}, {7}, {2, 6}, {1, 5}, {3}], [{8, 4}, {7}, {3, 6}, {1, 5}, {2}], [{8, 4}, {7}, {3, 6}, {2, 5}, {1}], [{8, 4}, {7}, {3, 6}, {5}, {1, 2}], [{8, 4}, {7}, {3, 6}, {5}, {2}, {1}], [{8, 4}, {7}, {5, 6}, {1, 3}, {2}], [{8, 4}, {7}, {6}, {1, 5}, {2, 3}], [{8, 4}, {7}, {6}, {1, 5}, {3}, {2}], [{8, 5}, {1, 7}, {2, 6}, {3, 4}], [{8, 5}, {1, 7}, {3, 6}, {2, 4}], [{8, 5}, {1, 7}, {4, 6}, {2, 3}], [{8, 5}, {1, 7}, {6}, {2, 4}, {3}], [{8, 5}, {2, 7}, {1, 6}, {3, 4}], [{8, 5}, {2, 7}, {3, 6}, {1, 4}], [{8, 5}, {2, 7}, {3, 6}, {4}, {1}], [{8, 5}, {2, 7}, {4, 6}, {1, 3}], [{8, 5}, {2, 7}, {6}, {1, 4}, {3}], [{8, 5}, {3, 7}, {1, 6}, {2, 4}], [{8, 5}, {3, 7}, {1, 6}, {4}, {2}], [{8, 5}, {3, 7}, {2, 6}, {1, 4}], [{8, 5}, {3, 7}, {2, 6}, {4}, {1}], [{8, 5}, {3, 7}, {4, 6}, {1, 2}], [{8, 5}, {3, 7}, {6}, {4}, {1, 2}], [{8, 5}, {4, 7}, {1, 6}, {2, 3}], [{8, 5}, {4, 7}, {2, 6}, {1, 3}], [{8, 5}, {4, 7}, {3, 6}, {1, 2}], [{8, 5}, {4, 7}, {6}, {1, 3}, {2}], [{8, 5}, {6, 7}, {1, 4}, {2, 3}], [{8, 5}, {6, 7}, {2, 4}, {1, 3}], [{8, 5}, {6, 7}, {3, 4}, {1, 2}], [{8, 5}, {6, 7}, {4}, {1, 3}, {2}], [{8, 5}, {7}, {3, 6}, {1, 4}, {2}], [{8, 5}, {7}, {4, 6}, {1, 3}, {2}], [{8, 6}, {1, 7}, {2, 5}, {3, 4}], [{8, 6}, {1, 7}, {3, 5}, {2, 4}], [{8, 6}, {1, 7}, {4, 5}, {2, 3}], [{8, 6}, {2, 7}, {1, 5}, {3, 4}], [{8, 6}, {2, 7}, {1, 5}, {4}, {3}], [{8, 6}, {2, 7}, {3, 5}, {1, 4}], [{8, 6}, {2, 7}, {4, 5}, {1, 3}], [{8, 6}, {3, 7}, {1, 5}, {2, 4}], [{8, 6}, {3, 7}, {1, 5}, {4}, {2}], [{8, 6}, {3, 7}, {2, 5}, {1, 4}], [{8, 6}, {3, 7}, {2, 5}, {4}, {1}], [{8, 6}, {3, 7}, {4, 5}, {1, 2}], [{8, 6}, {3, 7}, {5}, {4}, {1, 2}], [{8, 6}, {4, 7}, {1, 5}, {2, 3}], [{8, 6}, {4, 7}, {1, 5}, {3}, {2}], [{8, 6}, {4, 7}, {2, 5}, {1, 3}], [{8, 6}, {4, 7}, {3, 5}, {1, 2}], [{8, 6}, {5, 7}, {1, 4}, {2, 3}], [{8, 6}, {5, 7}, {2, 4}, {1, 3}], [{8, 6}, {5, 7}, {3, 4}, {1, 2}], [{8, 6}, {7}, {1, 5}, {2, 4}, {3}], [{8, 6}, {7}, {1, 5}, {3, 4}, {2}], [{8, 6}, {7}, {1, 5}, {4}, {2, 3}], [{8, 6}, {7}, {1, 5}, {4}, {3}, {2}], [{8, 7}, {1, 6}, {2, 5}, {3, 4}], [{8, 7}, {1, 6}, {3, 5}, {2, 4}], [{8, 7}, {1, 6}, {4, 5}, {2, 3}], [{8, 7}, {1, 6}, {4, 5}, {3}, {2}], [{8, 7}, {2, 6}, {1, 5}, {3, 4}], [{8, 7}, {2, 6}, {1, 5}, {4}, {3}], [{8, 7}, {2, 6}, {3, 5}, {1, 4}], [{8, 7}, {2, 6}, {4, 5}, {1, 3}], [{8, 7}, {3, 6}, {1, 5}, {2, 4}], [{8, 7}, {3, 6}, {1, 5}, {4}, {2}], [{8, 7}, {3, 6}, {2, 5}, {1, 4}], [{8, 7}, {3, 6}, {4, 5}, {1, 2}], [{8, 7}, {4, 6}, {1, 5}, {2, 3}], [{8, 7}, {4, 6}, {1, 5}, {3}, {2}], [{8, 7}, {4, 6}, {2, 5}, {1, 3}], [{8, 7}, {4, 6}, {3, 5}, {1, 2}], [{8, 7}, {5, 6}, {1, 4}, {2, 3}], [{8, 7}, {5, 6}, {1, 4}, {3}, {2}], [{8, 7}, {5, 6}, {2, 4}, {1, 3}], [{8, 7}, {5, 6}, {3, 4}, {1, 2}], [{8, 7}, {6}, {1, 5}, {2, 4}, {3}], [{8, 7}, {6}, {1, 5}, {3, 4}, {2}], [{8, 7}, {6}, {1, 5}, {4}, {2, 3}], [{8, 7}, {6}, {1, 5}, {4}, {3}, {2}], [{8}, {1, 7}, {4, 6}, {2, 5}, {3}], [{8}, {2, 7}, {3, 6}, {1, 5}, {4}], [{8}, {2, 7}, {3, 6}, {4, 5}, {1}], [{8}, {2, 7}, {3, 6}, {5}, {1, 4}], [{8}, {2, 7}, {4, 6}, {1, 5}, {3}], [{8}, {2, 7}, {6}, {1, 5}, {3, 4}], [{8}, {2, 7}, {6}, {1, 5}, {4}, {3}], [{8}, {3, 7}, {1, 6}, {2, 5}, {4}], [{8}, {3, 7}, {1, 6}, {4, 5}, {2}], [{8}, {3, 7}, {1, 6}, {5}, {2, 4}], [{8}, {3, 7}, {1, 6}, {5}, {4}, {2}], [{8}, {3, 7}, {2, 6}, {1, 5}, {4}], [{8}, {3, 7}, {4, 6}, {1, 5}, {2}], [{8}, {3, 7}, {5, 6}, {1, 4}, {2}], [{8}, {3, 7}, {5, 6}, {2, 4}, {1}], [{8}, {3, 7}, {5, 6}, {4}, {1, 2}], [{8}, {3, 7}, {5, 6}, {4}, {2}, {1}], [{8}, {3, 7}, {6}, {1, 5}, {2, 4}], [{8}, {3, 7}, {6}, {1, 5}, {4}, {2}], [{8}, {4, 7}, {2, 6}, {1, 5}, {3}], [{8}, {4, 7}, {3, 6}, {1, 5}, {2}], [{8}, {4, 7}, {6}, {1, 5}, {2, 3}], [{8}, {4, 7}, {6}, {1, 5}, {3}, {2}], [{8}, {5, 7}, {4, 6}, {3}, {1, 2}], [{8}, {6, 7}, {1, 5}, {2, 4}, {3}], [{8}, {6, 7}, {1, 5}, {3, 4}, {2}], [{8}, {6, 7}, {1, 5}, {4}, {2, 3}], [{8}, {6, 7}, {1, 5}, {4}, {3}, {2}], [{8}, {6, 7}, {2, 5}, {1, 4}, {3}], [{8}, {6, 7}, {2, 5}, {3, 4}, {1}], [{8}, {6, 7}, {2, 5}, {4}, {1, 3}], [{8}, {6, 7}, {3, 5}, {1, 4}, {2}], [{8}, {6, 7}, {3, 5}, {2, 4}, {1}], [{8}, {6, 7}, {3, 5}, {4}, {1, 2}], [{8}, {6, 7}, {3, 5}, {4}, {2}, {1}], [{8}, {6, 7}, {4, 5}, {1, 3}, {2}], [{8}, {6, 7}, {4, 5}, {2, 3}, {1}], [{8}, {6, 7}, {4, 5}, {3}, {1, 2}], [{8}, {6, 7}, {5}, {1, 4}, {2, 3}], [{8}, {6, 7}, {5}, {2, 4}, {1, 3}], [{8}, {6, 7}, {5}, {3, 4}, {1, 2}], [{8}, {6, 7}, {5}, {4}, {1, 3}, {2}], [{8}, {7}, {2, 6}, {1, 5}, {3, 4}], [{8}, {7}, {2, 6}, {1, 5}, {4}, {3}], [{8}, {7}, {3, 6}, {1, 5}, {2, 4}], [{8}, {7}, {3, 6}, {1, 5}, {4}, {2}], [{8}, {7}, {4, 6}, {1, 5}, {2, 3}], [{8}, {7}, {4, 6}, {1, 5}, {3}, {2}], [{8}, {7}, {6}, {1, 5}, {2, 4}, {3}], [{8}, {7}, {6}, {1, 5}, {3, 4}, {2}], [{8}, {7}, {6}, {1, 5}, {4}, {2, 3}], [{8}, {7}, {6}, {1, 5}, {4}, {3}, {2}]]",2,- 10 K_1^2 - 8 K_1 K_2 + 4 K_1 + 5 K_2 + 4 K_3 + 6,O1O2O3O4U5U6U3O7U4O8O5U2U8O6U1U7,O1O2O3U4U1U5U6O7O6U2O8O5U3U8O4U7,O1O2O3U4O5U6U1O7O6U2O8O4U8U7U3U5,c,"{'O1O2O3O4U5U4O6U7U3O8O7U1O5U2U6U8', 'O1O2O3O4U5U6U3O7O6U4O8U1O5U2U8U7', 'O1O2O3O4U5U4U6O7U3O6O8U1O5U2U8U7'}",3,"<a href=""/flatknot/8.850963"">8.850963</a>",t^9-29t^7-46t^6+90t^5+132t^4-72t^3-80t^2,t^2-2t,,
8.850964,O1O2O3O4U5U4O6U7U3O8O7U1O5U2U8U6,4,7z^3+45z^2+109z+95,7w^4z^3+45w^3z^2+109w^2z+95w,False,False,"[[ 0 -2 -1  1  1 -1  2  0  0],[ 2  0  0  1  0  0  3  1  0],[ 1  0  0  2  1 -1  2  0 -1],[-1 -1 -2  0  0 -1 -1 -1 -2],[-1  0 -1  0  0 -1 -1 -1 -1],[ 1  0  1  1  1  0  1  1  1],[-2 -3 -2  1  1 -1  0 -1 -1],[ 0 -1  0  1  1 -1  1  0  0],[ 0  0  1  2  1 -1  1  0  0]]","[[ 0  2  1  1  0  0 -1 -1 -2],[-2  0  1  1 -1 -1 -1 -2 -3],[-1 -1  0  0 -1 -1 -1 -1  0],[-1 -1  0  0 -1 -2 -1 -2 -1],[ 0  1  1  1  0  0 -1  0 -1],[ 0  1  1  2  0  0 -1  1  0],[ 1  1  1  1  1  1  0  1  0],[ 1  2  1  2  0 -1 -1  0  0],[ 2  3  0  1  1  0  0  0  0]]",True,"[-2,-1,-1,0,0,1,1,2,-1,-1,1,1,1,2,3,0,1,1,1,1,0,1,2,1,2,1,0,1,0,1,1,-1,0,-1,0,0]","[-2,-1,-1,0,0,1,1,2,-1,-1,1,1,1,2,3,0,1,1,1,1,0,1,2,1,2,1,0,1,0,1,1,-1,0,-1,0,0]",t^8+38t^6+177t^4+65t^2+4,"[-2,-1,-1,0,0,1,1,2,1,1,1,2,2,3,1,-1,0,0,1,1,2,1,2,0,1,1,0,0,0,1,-1,0,1,0,2,2]","[-2,-1,-1,0,0,1,1,2,2,2,1,1,1,2,1,0,-1,0,0,1,2,0,0,1,1,3,0,2,0,2,1,0,1,-1,1,1]","[-2,-1,-1,0,0,1,1,2,0,0,0,1,0,1,3,-1,-1,0,1,2,2,1,1,1,1,1,0,1,2,1,1,1,1,0,-1,-1]",c,"[[{8, 1}, {2, 7}, {3, 6}, {4, 5}], [{8, 1}, {2, 7}, {4, 6}, {3, 5}], [{8, 1}, {2, 7}, {5, 6}, {3, 4}], [{8, 1}, {2, 7}, {6}, {5}, {3, 4}], [{8, 1}, {3, 7}, {2, 6}, {4, 5}], [{8, 1}, {3, 7}, {4, 6}, {2, 5}], [{8, 1}, {3, 7}, {4, 6}, {5}, {2}], [{8, 1}, {3, 7}, {5, 6}, {2, 4}], [{8, 1}, {4, 7}, {2, 6}, {3, 5}], [{8, 1}, {4, 7}, {3, 6}, {2, 5}], [{8, 1}, {4, 7}, {5, 6}, {2, 3}], [{8, 1}, {5, 7}, {2, 6}, {3, 4}], [{8, 1}, {5, 7}, {3, 6}, {2, 4}], [{8, 1}, {5, 7}, {4, 6}, {2, 3}], [{8, 1}, {6, 7}, {2, 5}, {3, 4}], [{8, 1}, {6, 7}, {3, 5}, {2, 4}], [{8, 1}, {6, 7}, {3, 5}, {4}, {2}], [{8, 1}, {6, 7}, {4, 5}, {2, 3}], [{8, 1}, {7}, {4, 6}, {2, 5}, {3}], [{8, 1}, {7}, {6}, {4, 5}, {2, 3}], [{8, 2}, {1, 7}, {3, 6}, {4, 5}], [{8, 2}, {1, 7}, {4, 6}, {3, 5}], [{8, 2}, {1, 7}, {5, 6}, {3, 4}], [{8, 2}, {3, 7}, {1, 6}, {4, 5}], [{8, 2}, {3, 7}, {4, 6}, {1, 5}], [{8, 2}, {3, 7}, {5, 6}, {1, 4}], [{8, 2}, {4, 7}, {1, 6}, {3, 5}], [{8, 2}, {4, 7}, {3, 6}, {1, 5}], [{8, 2}, {4, 7}, {5, 6}, {1, 3}], [{8, 2}, {5, 7}, {1, 6}, {3, 4}], [{8, 2}, {5, 7}, {3, 6}, {1, 4}], [{8, 2}, {5, 7}, {4, 6}, {1, 3}], [{8, 2}, {6, 7}, {1, 5}, {3, 4}], [{8, 2}, {6, 7}, {3, 5}, {1, 4}], [{8, 2}, {6, 7}, {4, 5}, {1, 3}], [{8, 2}, {7}, {1, 6}, {4, 5}, {3}], [{8, 3}, {1, 7}, {2, 6}, {4, 5}], [{8, 3}, {1, 7}, {4, 6}, {2, 5}], [{8, 3}, {1, 7}, {5, 6}, {2, 4}], [{8, 3}, {1, 7}, {6}, {2, 5}, {4}], [{8, 3}, {1, 7}, {6}, {4, 5}, {2}], [{8, 3}, {1, 7}, {6}, {5}, {2, 4}], [{8, 3}, {2, 7}, {1, 6}, {4, 5}], [{8, 3}, {2, 7}, {1, 6}, {5}, {4}], [{8, 3}, {2, 7}, {4, 6}, {1, 5}], [{8, 3}, {2, 7}, {5, 6}, {1, 4}], [{8, 3}, {4, 7}, {1, 6}, {2, 5}], [{8, 3}, {4, 7}, {1, 6}, {5}, {2}], [{8, 3}, {4, 7}, {2, 6}, {1, 5}], [{8, 3}, {4, 7}, {2, 6}, {5}, {1}], [{8, 3}, {4, 7}, {5, 6}, {1, 2}], [{8, 3}, {4, 7}, {5, 6}, {2}, {1}], [{8, 3}, {4, 7}, {6}, {1, 5}, {2}], [{8, 3}, {4, 7}, {6}, {2, 5}, {1}], [{8, 3}, {4, 7}, {6}, {5}, {1, 2}], [{8, 3}, {5, 7}, {1, 6}, {2, 4}], [{8, 3}, {5, 7}, {1, 6}, {4}, {2}], [{8, 3}, {5, 7}, {2, 6}, {1, 4}], [{8, 3}, {5, 7}, {4, 6}, {1, 2}], [{8, 3}, {6, 7}, {1, 5}, {2, 4}], [{8, 3}, {6, 7}, {2, 5}, {1, 4}], [{8, 3}, {6, 7}, {2, 5}, {4}, {1}], [{8, 3}, {6, 7}, {4, 5}, {1, 2}], [{8, 3}, {6, 7}, {4, 5}, {2}, {1}], [{8, 3}, {6, 7}, {5}, {2, 4}, {1}], [{8, 3}, {7}, {1, 6}, {2, 5}, {4}], [{8, 3}, {7}, {1, 6}, {4, 5}, {2}], [{8, 3}, {7}, {1, 6}, {5}, {2, 4}], [{8, 3}, {7}, {1, 6}, {5}, {4}, {2}], [{8, 3}, {7}, {2, 6}, {1, 5}, {4}], [{8, 3}, {7}, {4, 6}, {2, 5}, {1}], [{8, 3}, {7}, {5, 6}, {4}, {1, 2}], [{8, 3}, {7}, {6}, {2, 5}, {1, 4}], [{8, 3}, {7}, {6}, {2, 5}, {4}, {1}], [{8, 4}, {1, 7}, {2, 6}, {3, 5}], [{8, 4}, {1, 7}, {3, 6}, {2, 5}], [{8, 4}, {1, 7}, {5, 6}, {2, 3}], [{8, 4}, {1, 7}, {6}, {3, 5}, {2}], [{8, 4}, {2, 7}, {1, 6}, {3, 5}], [{8, 4}, {2, 7}, {3, 6}, {1, 5}], [{8, 4}, {2, 7}, {5, 6}, {1, 3}], [{8, 4}, {2, 7}, {6}, {1, 5}, {3}], [{8, 4}, {3, 7}, {1, 6}, {2, 5}], [{8, 4}, {3, 7}, {2, 6}, {1, 5}], [{8, 4}, {3, 7}, {5, 6}, {1, 2}], [{8, 4}, {5, 7}, {1, 6}, {2, 3}], [{8, 4}, {5, 7}, {2, 6}, {1, 3}], [{8, 4}, {5, 7}, {3, 6}, {1, 2}], [{8, 4}, {6, 7}, {1, 5}, {2, 3}], [{8, 4}, {6, 7}, {2, 5}, {1, 3}], [{8, 4}, {6, 7}, {3, 5}, {1, 2}], [{8, 4}, {7}, {2, 6}, {5}, {1, 3}], [{8, 4}, {7}, {3, 6}, {2, 5}, {1}], [{8, 5}, {1, 7}, {2, 6}, {3, 4}], [{8, 5}, {1, 7}, {3, 6}, {2, 4}], [{8, 5}, {1, 7}, {4, 6}, {2, 3}], [{8, 5}, {1, 7}, {6}, {3, 4}, {2}], [{8, 5}, {2, 7}, {1, 6}, {3, 4}], [{8, 5}, {2, 7}, {3, 6}, {1, 4}], [{8, 5}, {2, 7}, {4, 6}, {1, 3}], [{8, 5}, {3, 7}, {1, 6}, {2, 4}], [{8, 5}, {3, 7}, {2, 6}, {1, 4}], [{8, 5}, {3, 7}, {4, 6}, {1, 2}], [{8, 5}, {4, 7}, {1, 6}, {2, 3}], [{8, 5}, {4, 7}, {2, 6}, {1, 3}], [{8, 5}, {4, 7}, {3, 6}, {1, 2}], [{8, 5}, {6, 7}, {1, 4}, {2, 3}], [{8, 5}, {6, 7}, {1, 4}, {3}, {2}], [{8, 5}, {6, 7}, {2, 4}, {1, 3}], [{8, 5}, {6, 7}, {3, 4}, {1, 2}], [{8, 5}, {7}, {1, 6}, {2, 4}, {3}], [{8, 5}, {7}, {2, 6}, {4}, {1, 3}], [{8, 5}, {7}, {6}, {1, 4}, {2, 3}], [{8, 6}, {1, 7}, {2, 5}, {3, 4}], [{8, 6}, {1, 7}, {3, 5}, {2, 4}], [{8, 6}, {1, 7}, {3, 5}, {4}, {2}], [{8, 6}, {1, 7}, {4, 5}, {2, 3}], [{8, 6}, {2, 7}, {1, 5}, {3, 4}], [{8, 6}, {2, 7}, {3, 5}, {1, 4}], [{8, 6}, {2, 7}, {4, 5}, {1, 3}], [{8, 6}, {3, 7}, {1, 5}, {2, 4}], [{8, 6}, {3, 7}, {2, 5}, {1, 4}], [{8, 6}, {3, 7}, {4, 5}, {1, 2}], [{8, 6}, {4, 7}, {1, 5}, {2, 3}], [{8, 6}, {4, 7}, {2, 5}, {1, 3}], [{8, 6}, {4, 7}, {3, 5}, {1, 2}], [{8, 6}, {5, 7}, {1, 4}, {2, 3}], [{8, 6}, {5, 7}, {1, 4}, {3}, {2}], [{8, 6}, {5, 7}, {2, 4}, {1, 3}], [{8, 6}, {5, 7}, {3, 4}, {1, 2}], [{8, 6}, {7}, {2, 5}, {3, 4}, {1}], [{8, 6}, {7}, {4, 5}, {2, 3}, {1}], [{8, 7}, {1, 6}, {2, 5}, {3, 4}], [{8, 7}, {1, 6}, {3, 5}, {2, 4}], [{8, 7}, {1, 6}, {4, 5}, {2, 3}], [{8, 7}, {2, 6}, {1, 5}, {3, 4}], [{8, 7}, {2, 6}, {1, 5}, {4}, {3}], [{8, 7}, {2, 6}, {3, 5}, {1, 4}], [{8, 7}, {2, 6}, {4, 5}, {1, 3}], [{8, 7}, {3, 6}, {1, 5}, {2, 4}], [{8, 7}, {3, 6}, {2, 5}, {1, 4}], [{8, 7}, {3, 6}, {4, 5}, {1, 2}], [{8, 7}, {4, 6}, {1, 5}, {2, 3}], [{8, 7}, {4, 6}, {2, 5}, {1, 3}], [{8, 7}, {4, 6}, {2, 5}, {3}, {1}], [{8, 7}, {4, 6}, {3, 5}, {1, 2}], [{8, 7}, {5, 6}, {1, 4}, {2, 3}], [{8, 7}, {5, 6}, {2, 4}, {1, 3}], [{8, 7}, {5, 6}, {3, 4}, {1, 2}], [{8, 7}, {5, 6}, {4}, {2, 3}, {1}], [{8}, {1, 7}, {4, 6}, {2, 5}, {3}], [{8}, {1, 7}, {4, 6}, {3, 5}, {2}], [{8}, {1, 7}, {4, 6}, {5}, {2, 3}], [{8}, {1, 7}, {5, 6}, {2, 4}, {3}], [{8}, {2, 7}, {3, 6}, {5}, {1, 4}], [{8}, {2, 7}, {4, 6}, {5}, {1, 3}], [{8}, {2, 7}, {5, 6}, {1, 4}, {3}], [{8}, {2, 7}, {6}, {3, 5}, {1, 4}], [{8}, {3, 7}, {2, 6}, {1, 5}, {4}], [{8}, {3, 7}, {4, 6}, {2, 5}, {1}], [{8}, {5, 7}, {4, 6}, {1, 3}, {2}], [{8}, {6, 7}, {1, 5}, {2, 4}, {3}], [{8}, {6, 7}, {5}, {1, 4}, {2, 3}], [{8}, {7}, {1, 6}, {3, 5}, {2, 4}], [{8}, {7}, {1, 6}, {4, 5}, {2, 3}], [{8}, {7}, {2, 6}, {4, 5}, {1, 3}], [{8}, {7}, {3, 6}, {4, 5}, {1, 2}], [{8}, {7}, {4, 6}, {2, 5}, {1, 3}], [{8}, {7}, {4, 6}, {2, 5}, {3}, {1}]]",2,16 K_1^3 - 12 K_1^2 - 16 K_1 K_2 - 4 K_1 + 6 K_2 + 4 K_3 + 7,O1O2O3O4U5U6U3O7U4O8O6U2U8O5U1U7,O1O2O3U4U1U5U6O7O6U3O8O5U2U8O4U7,O1O2O3U4O5U6U2O7O6U1O8O4U8U7U3U5,c,{'O1O2O3O4U5U4O6U7U3O8O7U1O5U2U8U6'},1,"<a href=""/flatknot/8.850964"">8.850964</a>",t^9-38t^7-74t^6+139t^5+328t^4+29t^3-110t^2-9t-28,0,,
8.850965,O1O2O3O4U5U4O6U7U3O8O7U1O5U6U2U8,4,2z^3+26z^2+105z+123,2w^4z^3+26w^3z^2+105w^2z+123w,False,False,"[[ 0 -2  0  1  1 -1  0  0  1],[ 2  0  1  1  0  0  1  1  1],[ 0 -1  0  1  1 -1  0 -1  0],[-1 -1 -1  0  0 -1 -1 -1 -1],[-1  0 -1  0  0 -1 -1 -1 -1],[ 1  0  1  1  1  0  0  1  1],[ 0 -1  0  1  1  0  0  0  0],[ 0 -1  1  1  1 -1  0  0  1],[-1 -1  0  1  1 -1  0 -1  0]]","[[ 0  1  1  1  0  0  0 -1 -2],[-1  0  1  1  0  0 -1 -1 -1],[-1 -1  0  0 -1 -1 -1 -1  0],[-1 -1  0  0 -1 -1 -1 -1 -1],[ 0  0  1  1  0  0  0  0 -1],[ 0  0  1  1  0  0 -1 -1 -1],[ 0  1  1  1  0  1  0 -1 -1],[ 1  1  1  1  0  1  1  0  0],[ 2  1  0  1  1  1  1  0  0]]",True,"[-1,-1,-1,0,0,0,1,2,-1,-1,0,0,1,1,1,0,1,1,1,1,0,1,1,1,1,1,0,0,0,1,1,1,1,1,1,0]","[-2,-1,0,0,0,1,1,1,0,1,1,1,0,1,1,0,1,1,1,1,1,0,0,1,0,1,-1,1,0,1,1,1,1,-1,0,1]",t^8+20t^6+31t^4+11t^2,"[-2,-1,0,0,0,1,1,1,1,1,1,1,2,2,3,0,0,1,1,1,1,-1,0,0,0,0,0,0,1,0,0,1,0,1,0,-1]","[-1,-1,-1,0,0,0,1,2,-1,0,0,0,0,1,2,1,0,1,1,1,2,0,0,0,1,3,0,1,0,1,0,1,1,0,1,1]","[-2,-1,0,0,0,1,1,1,0,1,1,1,0,1,1,0,1,1,1,1,1,0,0,1,0,1,-1,1,0,1,1,1,1,-1,0,1]",c,"[[{8, 1}, {3, 7}, {4, 6}, {2, 5}]]",1,20 K_1^3 - 22 K_1^2 - 16 K_1 K_2 - 7 K_1 + 11 K_2 + 3 K_3 + 12,O1O2O3O4U5U3U6O7U4O8O5U2U8O6U1U7,O1O2O3U4U2U5U6O7O6U1O8O5U3U8O4U7,O1O2O3U4O5U6U1O7O6U3O8O4U8U7U2U5,c,{'O1O2O3O4U5U4O6U7U3O8O7U1O5U6U2U8'},1,"<a href=""/flatknot/8.850965"">8.850965</a>",t^9-22t^7-32t^6+42t^5+58t^4-16t^3-2t^2+4t-2,t^2-2t,,
8.850966,O1O2O3O4U5U4O6U7U3O8O7U1O5U6U8U2,3,4z^2+25z+35,4w^3z^2-8w^3z+33w^2z+35w,False,False,"[[ 0 -2  1  1  1 -1  0  0  0],[ 2  0  2  1  0  0  1  1  0],[-1 -2  0  1  1 -1 -1 -1 -1],[-1 -1 -1  0  0 -1 -1 -1 -1],[-1  0 -1  0  0 -1 -1 -1 -1],[ 1  0  1  1  1  0  0  1  0],[ 0 -1  1  1  1  0  0  0  0],[ 0 -1  1  1  1 -1  0  0  0],[ 0  0  1  1  1  0  0  0  0]]","[[ 0  1  1  1  0  0  0 -1 -2],[-1  0  1  1 -1 -1 -1 -1 -2],[-1 -1  0  0 -1 -1 -1 -1  0],[-1 -1  0  0 -1 -1 -1 -1 -1],[ 0  1  1  1  0  0  0  0  0],[ 0  1  1  1  0  0  0  0 -1],[ 0  1  1  1  0  0  0 -1 -1],[ 1  1  1  1  0  0  1  0  0],[ 2  2  0  1  0  1  1  0  0]]",True,"[-1,-1,-1,0,0,0,1,2,-1,-1,1,1,1,1,2,0,1,1,1,1,0,1,1,1,1,1,0,0,0,0,0,0,1,1,1,0]","[-2,-1,0,0,0,1,1,1,0,0,1,1,0,1,2,0,0,1,1,1,1,0,0,1,1,1,0,1,1,1,1,1,1,0,-1,-1]",t^8+22t^6+37t^4+12t^2,"[-2,-1,0,0,0,1,1,1,1,1,1,2,1,2,3,0,1,1,1,1,1,0,0,0,0,0,0,0,0,0,0,0,0,-1,-1,0]","[-1,-1,-1,0,0,0,1,2,-1,0,0,0,0,1,2,1,0,0,0,1,1,0,0,0,1,3,0,0,0,1,0,1,1,1,2,1]","[-2,-1,0,0,0,1,1,1,0,0,1,1,0,1,2,0,0,1,1,1,1,0,0,1,1,1,0,1,1,1,1,1,1,0,-1,-1]",c,"[[{8, 3}, {1, 7}, {4, 6}, {2, 5}], [{8, 3}, {2, 7}, {4, 6}, {1, 5}]]",1,- 6 K_1^2 - 8 K_1 K_2 + 4 K_1 + 3 K_2 + 4 K_3 + 4,O1O2O3O4U3U5U6O7U4O8O5U2U8O6U1U7,O1O2O3U4U3U5U6O7O6U1O8O5U2U8O4U7,O1O2O3U4O5U6U2O7O6U3O8O4U8U7U1U5,c,"{'O1O2O3O4U5U4U6O7U3O6O8U1O5U8U7U2', 'O1O2O3O4U5U4O6U7U3O8O7U1O5U6U8U2', 'O1O2O3O4U5U4U6U2O7O6O8U1O5U8U3U7', 'O1O2O3O4U5U6U3O7O6U4O8U1O5U8U7U2'}",4,"<a href=""/flatknot/8.850966"">8.850966</a>",t^9-24t^7-34t^6+68t^5+90t^4-36t^3-32t^2,t^2-2t,,
8.850967,O1O2O3O4U5U4O6U7U3O8O7U1O5U8U2U6,3,12z^2+67z+87,-2w^4z^2+14w^3z^2-6w^3z+73w^2z+87w,False,False,"[[ 0 -2  0  1  1 -1  2  0 -1],[ 2  0  1  1  0  0  3  1 -1],[ 0 -1  0  2  1 -1  1  0 -2],[-1 -1 -2  0  0 -1 -1 -1 -2],[-1  0 -1  0  0 -1 -1 -1 -1],[ 1  0  1  1  1  0  1  1  0],[-2 -3 -1  1  1 -1  0 -1 -1],[ 0 -1  0  1  1 -1  1  0 -1],[ 1  1  2  2  1  0  1  1  0]]","[[ 0  2  1  1  0  0 -1 -1 -2],[-2  0  1  1 -1 -1 -1 -1 -3],[-1 -1  0  0 -1 -1 -1 -1  0],[-1 -1  0  0 -1 -2 -1 -2 -1],[ 0  1  1  1  0  0 -1 -1 -1],[ 0  1  1  2  0  0 -1 -2 -1],[ 1  1  1  1  1  1  0  0  0],[ 1  1  1  2  1  2  0  0  1],[ 2  3  0  1  1  1  0 -1  0]]",True,"[-2,-1,-1,0,0,1,1,2,-1,-1,1,1,1,1,3,0,1,1,1,1,0,1,2,1,2,1,0,1,1,1,1,2,1,0,0,-1]","[-2,-1,-1,0,0,1,1,2,-1,-1,1,1,1,1,3,0,1,1,1,1,0,1,2,1,2,1,0,1,1,1,1,2,1,0,0,-1]",t^8+40t^6+176t^4+65t^2,"[-2,-1,-1,0,0,1,1,2,1,2,1,1,2,3,1,0,0,0,1,1,2,-1,0,0,1,2,0,-1,0,1,0,0,1,0,2,2]","[-2,-1,-1,0,0,1,1,2,2,2,1,1,2,2,1,0,-1,0,0,1,2,0,0,1,1,3,0,-1,0,1,0,0,1,0,2,1]","[-2,-1,-1,0,0,1,1,2,-1,0,1,1,0,1,3,0,1,2,1,2,1,1,1,1,1,1,0,1,1,1,1,2,1,0,-1,-1]",c,"[[{8, 3}, {2, 7}, {1, 6}, {4, 5}], [{8, 3}, {7}, {1, 6}, {4, 5}, {2}]]",0,- 2 K_1^2 - 4 K_1 K_2 - 6 K_1 K_3 + 2 K_1 - 2 K_2^2 + 4 K_2 + 2 K_3 + 4 K_4 + 3,O1O2O3O4U5U3U6O7U4O8O6U2U8O5U1U7,O1O2O3U4U2U5U6O7O6U3O8O5U1U8O4U7,O1O2O3U4O5U6U3O7O6U1O8O4U8U7U2U5,c,{'O1O2O3O4U5U4O6U7U3O8O7U1O5U8U2U6'},1,"<a href=""/flatknot/8.850967"">8.850967</a>",t^9-40t^7-102t^6+44t^5+234t^4+27t^3-46t^2-52t-16,0,,
8.850968,O1O2O3O4U5U4O6U7U3O8O7U1O5U8U6U2,4,z^3+23z^2+105z+127,w^4z^3+23w^3z^2+105w^2z+127w,False,False,"[[ 0 -2  1  1  1 -1  1  0 -1],[ 2  0  2  1  0  0  2  1 -1],[-1 -2  0  1  1 -1  0 -1 -2],[-1 -1 -1  0  0 -1 -1 -1 -2],[-1  0 -1  0  0 -1 -1 -1 -1],[ 1  0  1  1  1  0  0  1  0],[-1 -2  0  1  1  0  0  0 -1],[ 0 -1  1  1  1 -1  0  0 -1],[ 1  1  2  2  1  0  1  1  0]]","[[ 0  1  1  1  1  0 -1 -1 -2],[-1  0  1  1  0  0  0 -1 -2],[-1 -1  0  0 -1 -1 -1 -1  0],[-1 -1  0  0 -1 -1 -1 -2 -1],[-1  0  1  1  0 -1 -1 -2 -2],[ 0  0  1  1  1  0 -1 -1 -1],[ 1  0  1  1  1  1  0  0  0],[ 1  1  1  2  2  1  0  0  1],[ 2  2  0  1  2  1  0 -1  0]]",True,"[-1,-1,-1,-1,0,1,1,2,-1,-1,0,0,0,1,2,0,1,1,1,1,0,1,1,1,2,1,1,1,2,2,1,1,1,0,0,-1]","[-2,-1,-1,0,1,1,1,1,-1,0,1,0,1,2,2,0,1,1,2,1,2,1,1,1,0,1,1,1,0,1,0,-1,-1,-1,-1,0]",t^8+33t^6+119t^4+56t^2+1,"[-2,-1,-1,0,1,1,1,1,1,2,1,1,1,2,3,0,0,1,2,1,1,0,0,1,0,1,0,1,0,0,0,-1,-1,-1,-1,0]","[-1,-1,-1,-1,0,1,1,2,-1,-1,0,0,0,1,2,0,1,0,0,1,1,1,1,1,2,1,0,1,1,3,0,0,1,0,2,1]","[-2,-1,-1,0,1,1,1,1,-1,0,1,0,1,2,2,0,1,1,2,1,2,1,1,1,0,1,1,1,0,1,0,-1,-1,-1,-1,0]",c,"[[{8, 1}, {2, 7}, {3, 6}, {4, 5}], [{8, 1}, {2, 7}, {4, 6}, {3, 5}], [{8, 1}, {2, 7}, {5, 6}, {3, 4}], [{8, 1}, {2, 7}, {5, 6}, {4}, {3}], [{8, 1}, {3, 7}, {2, 6}, {4, 5}], [{8, 1}, {3, 7}, {4, 6}, {2, 5}], [{8, 1}, {3, 7}, {5, 6}, {2, 4}], [{8, 1}, {4, 7}, {2, 6}, {3, 5}], [{8, 1}, {4, 7}, {3, 6}, {2, 5}], [{8, 1}, {4, 7}, {3, 6}, {5}, {2}], [{8, 1}, {4, 7}, {5, 6}, {2, 3}], [{8, 1}, {5, 7}, {2, 6}, {3, 4}], [{8, 1}, {5, 7}, {3, 6}, {2, 4}], [{8, 1}, {5, 7}, {4, 6}, {2, 3}], [{8, 1}, {6, 7}, {2, 5}, {3, 4}], [{8, 1}, {6, 7}, {3, 5}, {2, 4}], [{8, 1}, {6, 7}, {4, 5}, {2, 3}], [{8, 1}, {6, 7}, {4, 5}, {3}, {2}], [{8, 1}, {7}, {3, 6}, {2, 5}, {4}], [{8, 1}, {7}, {4, 6}, {2, 5}, {3}], [{8, 1}, {7}, {6}, {2, 5}, {3, 4}], [{8, 2}, {1, 7}, {3, 6}, {4, 5}], [{8, 2}, {1, 7}, {4, 6}, {3, 5}], [{8, 2}, {1, 7}, {5, 6}, {3, 4}], [{8, 2}, {3, 7}, {1, 6}, {4, 5}], [{8, 2}, {3, 7}, {4, 6}, {1, 5}], [{8, 2}, {3, 7}, {5, 6}, {1, 4}], [{8, 2}, {4, 7}, {1, 6}, {3, 5}], [{8, 2}, {4, 7}, {3, 6}, {1, 5}], [{8, 2}, {4, 7}, {5, 6}, {1, 3}], [{8, 2}, {5, 7}, {1, 6}, {3, 4}], [{8, 2}, {5, 7}, {3, 6}, {1, 4}], [{8, 2}, {5, 7}, {4, 6}, {1, 3}], [{8, 2}, {6, 7}, {1, 5}, {3, 4}], [{8, 2}, {6, 7}, {3, 5}, {1, 4}], [{8, 2}, {6, 7}, {4, 5}, {1, 3}], [{8, 2}, {7}, {1, 6}, {3, 5}, {4}], [{8, 2}, {7}, {1, 6}, {4, 5}, {3}], [{8, 2}, {7}, {1, 6}, {5}, {3, 4}], [{8, 2}, {7}, {3, 6}, {4, 5}, {1}], [{8, 2}, {7}, {4, 6}, {3, 5}, {1}], [{8, 2}, {7}, {6}, {3, 5}, {1, 4}], [{8, 2}, {7}, {6}, {4, 5}, {1, 3}], [{8, 3}, {1, 7}, {2, 6}, {4, 5}], [{8, 3}, {1, 7}, {4, 6}, {2, 5}], [{8, 3}, {1, 7}, {4, 6}, {5}, {2}], [{8, 3}, {1, 7}, {5, 6}, {2, 4}], [{8, 3}, {2, 7}, {1, 6}, {4, 5}], [{8, 3}, {2, 7}, {4, 6}, {1, 5}], [{8, 3}, {2, 7}, {5, 6}, {1, 4}], [{8, 3}, {2, 7}, {6}, {1, 5}, {4}], [{8, 3}, {4, 7}, {1, 6}, {2, 5}], [{8, 3}, {4, 7}, {2, 6}, {1, 5}], [{8, 3}, {4, 7}, {5, 6}, {1, 2}], [{8, 3}, {5, 7}, {1, 6}, {2, 4}], [{8, 3}, {5, 7}, {2, 6}, {1, 4}], [{8, 3}, {5, 7}, {4, 6}, {1, 2}], [{8, 3}, {6, 7}, {1, 5}, {2, 4}], [{8, 3}, {6, 7}, {2, 5}, {1, 4}], [{8, 3}, {6, 7}, {4, 5}, {1, 2}], [{8, 3}, {7}, {1, 6}, {2, 5}, {4}], [{8, 3}, {7}, {1, 6}, {4, 5}, {2}], [{8, 3}, {7}, {1, 6}, {5}, {2, 4}], [{8, 3}, {7}, {2, 6}, {4, 5}, {1}], [{8, 3}, {7}, {4, 6}, {2, 5}, {1}], [{8, 3}, {7}, {6}, {2, 5}, {1, 4}], [{8, 3}, {7}, {6}, {4, 5}, {1, 2}], [{8, 4}, {1, 7}, {2, 6}, {3, 5}], [{8, 4}, {1, 7}, {3, 6}, {2, 5}], [{8, 4}, {1, 7}, {3, 6}, {5}, {2}], [{8, 4}, {1, 7}, {5, 6}, {2, 3}], [{8, 4}, {2, 7}, {1, 6}, {3, 5}], [{8, 4}, {2, 7}, {3, 6}, {1, 5}], [{8, 4}, {2, 7}, {5, 6}, {1, 3}], [{8, 4}, {2, 7}, {5, 6}, {3}, {1}], [{8, 4}, {3, 7}, {1, 6}, {2, 5}], [{8, 4}, {3, 7}, {2, 6}, {1, 5}], [{8, 4}, {3, 7}, {5, 6}, {1, 2}], [{8, 4}, {5, 7}, {1, 6}, {2, 3}], [{8, 4}, {5, 7}, {2, 6}, {1, 3}], [{8, 4}, {5, 7}, {3, 6}, {1, 2}], [{8, 4}, {6, 7}, {1, 5}, {2, 3}], [{8, 4}, {6, 7}, {1, 5}, {3}, {2}], [{8, 4}, {6, 7}, {2, 5}, {1, 3}], [{8, 4}, {6, 7}, {3, 5}, {1, 2}], [{8, 4}, {7}, {1, 6}, {2, 5}, {3}], [{8, 4}, {7}, {1, 6}, {3, 5}, {2}], [{8, 4}, {7}, {1, 6}, {5}, {2, 3}], [{8, 4}, {7}, {2, 6}, {3, 5}, {1}], [{8, 4}, {7}, {3, 6}, {2, 5}, {1}], [{8, 4}, {7}, {6}, {2, 5}, {1, 3}], [{8, 4}, {7}, {6}, {3, 5}, {1, 2}], [{8, 5}, {1, 7}, {2, 6}, {3, 4}], [{8, 5}, {1, 7}, {3, 6}, {2, 4}], [{8, 5}, {1, 7}, {3, 6}, {4}, {2}], [{8, 5}, {1, 7}, {4, 6}, {2, 3}], [{8, 5}, {2, 7}, {1, 6}, {3, 4}], [{8, 5}, {2, 7}, {3, 6}, {1, 4}], [{8, 5}, {2, 7}, {4, 6}, {1, 3}], [{8, 5}, {3, 7}, {1, 6}, {2, 4}], [{8, 5}, {3, 7}, {2, 6}, {1, 4}], [{8, 5}, {3, 7}, {4, 6}, {1, 2}], [{8, 5}, {4, 7}, {1, 6}, {2, 3}], [{8, 5}, {4, 7}, {2, 6}, {1, 3}], [{8, 5}, {4, 7}, {3, 6}, {1, 2}], [{8, 5}, {6, 7}, {1, 4}, {2, 3}], [{8, 5}, {6, 7}, {1, 4}, {3}, {2}], [{8, 5}, {6, 7}, {2, 4}, {1, 3}], [{8, 5}, {6, 7}, {3, 4}, {1, 2}], [{8, 5}, {7}, {1, 6}, {2, 4}, {3}], [{8, 5}, {7}, {1, 6}, {3, 4}, {2}], [{8, 5}, {7}, {1, 6}, {4}, {2, 3}], [{8, 5}, {7}, {2, 6}, {3, 4}, {1}], [{8, 5}, {7}, {6}, {3, 4}, {1, 2}], [{8, 6}, {1, 7}, {2, 5}, {3, 4}], [{8, 6}, {1, 7}, {3, 5}, {2, 4}], [{8, 6}, {1, 7}, {4, 5}, {2, 3}], [{8, 6}, {2, 7}, {1, 5}, {3, 4}], [{8, 6}, {2, 7}, {3, 5}, {1, 4}], [{8, 6}, {2, 7}, {4, 5}, {1, 3}], [{8, 6}, {3, 7}, {1, 5}, {2, 4}], [{8, 6}, {3, 7}, {2, 5}, {1, 4}], [{8, 6}, {3, 7}, {4, 5}, {1, 2}], [{8, 6}, {4, 7}, {1, 5}, {2, 3}], [{8, 6}, {4, 7}, {2, 5}, {1, 3}], [{8, 6}, {4, 7}, {3, 5}, {1, 2}], [{8, 6}, {5, 7}, {1, 4}, {2, 3}], [{8, 6}, {5, 7}, {2, 4}, {1, 3}], [{8, 6}, {5, 7}, {3, 4}, {1, 2}], [{8, 6}, {7}, {2, 5}, {1, 4}, {3}], [{8, 6}, {7}, {2, 5}, {3, 4}, {1}], [{8, 6}, {7}, {2, 5}, {4}, {1, 3}], [{8, 7}, {1, 6}, {2, 5}, {3, 4}], [{8, 7}, {1, 6}, {2, 5}, {4}, {3}], [{8, 7}, {1, 6}, {3, 5}, {2, 4}], [{8, 7}, {1, 6}, {4, 5}, {2, 3}], [{8, 7}, {2, 6}, {1, 5}, {3, 4}], [{8, 7}, {2, 6}, {3, 5}, {1, 4}], [{8, 7}, {2, 6}, {4, 5}, {1, 3}], [{8, 7}, {3, 6}, {1, 5}, {2, 4}], [{8, 7}, {3, 6}, {2, 5}, {1, 4}], [{8, 7}, {3, 6}, {4, 5}, {1, 2}], [{8, 7}, {3, 6}, {5}, {1, 4}, {2}], [{8, 7}, {4, 6}, {1, 5}, {2, 3}], [{8, 7}, {4, 6}, {2, 5}, {1, 3}], [{8, 7}, {4, 6}, {3, 5}, {1, 2}], [{8, 7}, {5, 6}, {1, 4}, {2, 3}], [{8, 7}, {5, 6}, {2, 4}, {1, 3}], [{8, 7}, {5, 6}, {3, 4}, {1, 2}], [{8}, {1, 7}, {3, 6}, {4, 5}, {2}], [{8}, {1, 7}, {5, 6}, {2, 4}, {3}], [{8}, {2, 7}, {4, 6}, {1, 5}, {3}], [{8}, {2, 7}, {5, 6}, {1, 4}, {3}], [{8}, {3, 7}, {1, 6}, {2, 5}, {4}], [{8}, {3, 7}, {2, 6}, {1, 5}, {4}], [{8}, {4, 7}, {1, 6}, {2, 5}, {3}], [{8}, {7}, {1, 6}, {2, 5}, {3, 4}], [{8}, {7}, {1, 6}, {2, 5}, {4}, {3}], [{8}, {7}, {1, 6}, {3, 5}, {2, 4}], [{8}, {7}, {1, 6}, {4, 5}, {2, 3}], [{8}, {7}, {3, 6}, {2, 5}, {1, 4}], [{8}, {7}, {4, 6}, {2, 5}, {1, 3}]]",2,- 8 K_1^4 + 24 K_1^3 + 12 K_1^2 K_2 - 38 K_1^2 - 24 K_1 K_2 - 4 K_1 K_3 - 6 K_1 - 2 K_2^2 + 19 K_2 + 6 K_3 + K_4 + 21,O1O2O3O4U3U5U6O7U4O8O6U2U8O5U1U7,O1O2O3U4U3U5U6O7O6U2O8O5U1U8O4U7,O1O2O3U4O5U6U3O7O6U2O8O4U8U7U1U5,c,{'O1O2O3O4U5U4O6U7U3O8O7U1O5U8U6U2'},1,"<a href=""/flatknot/8.850968"">8.850968</a>",t^9-35t^7-70t^6+64t^5+142t^4+5t^3-22t^2+25t+10,t^2-2t,,
8.850969,O1O2O3O4U5U4O6U7U3O8O7U2O5U1U6U8,3,12z^2+47z+47,12w^3z^2-2w^3z+49w^2z+47w,False,False,"[[ 0 -2 -1  1  1 -1  1  0  1],[ 2  0  1  2  1 -1  2  1  1],[ 1 -1  0  1  0 -1  1  0  0],[-1 -2 -1  0  0 -1 -1 -1 -1],[-1 -1  0  0  0 -1 -1 -1 -1],[ 1  1  1  1  1  0  1  1  1],[-1 -2 -1  1  1 -1  0 -1  0],[ 0 -1  0  1  1 -1  1  0  1],[-1 -1  0  1  1 -1  0 -1  0]]","[[ 0  1  1  1  1  0 -1 -1 -2],[-1  0  1  1  0 -1  0 -1 -1],[-1 -1  0  0 -1 -1  0 -1 -1],[-1 -1  0  0 -1 -1 -1 -1 -2],[-1  0  1  1  0 -1 -1 -1 -2],[ 0  1  1  1  1  0  0 -1 -1],[ 1  0  0  1  1  0  0 -1 -1],[ 1  1  1  1  1  1  1  0  1],[ 2  1  1  2  2  1  1 -1  0]]",True,"[-1,-1,-1,-1,0,1,1,2,-1,-1,0,1,0,1,1,0,1,1,0,1,1,1,1,1,1,2,1,1,1,2,0,1,1,1,1,-1]","[-2,-1,-1,0,1,1,1,1,-1,1,1,1,1,2,2,1,1,1,1,1,1,0,0,0,1,1,1,1,1,1,-1,-1,0,0,1,1]",t^8+29t^6+54t^4+12t^2,"[-2,-1,-1,0,1,1,1,1,0,2,1,1,1,2,2,1,1,1,1,2,2,0,1,1,1,1,0,0,0,0,-1,-1,0,0,1,1]","[-1,-1,-1,-1,0,1,1,2,-1,-1,0,0,1,1,1,0,1,0,1,1,1,1,0,1,2,2,0,1,2,2,0,1,1,1,2,0]","[-2,-1,-1,0,1,1,1,1,-1,1,1,1,1,2,2,1,1,1,1,1,1,0,0,0,1,1,1,1,1,1,-1,-1,0,0,1,1]",c,"[[{8, 6}, {2, 7}, {3, 5}, {1, 4}]]",1,28 K_1^3 - 10 K_1^2 - 20 K_1 K_2 - 11 K_1 + 5 K_2 + 3 K_3 + 6,O1O2O3O4U5U6U4O7U3O8O5U2U8O6U1U7,O1O2O3U1U4U5U6O7O6U2O8O5U3U8O4U7,O1O2O3U4O5U6U1O7O6U2O8O4U8U7U5U3,c,"{'O1O2O3O4U5U6U3O7O6U4O8U2O5U1U8U7', 'O1O2O3O4U5U4U6O7U3O6O8U2O5U1U8U7', 'O1O2O3O4U5U4O6U7U3O8O7U2O5U1U6U8'}",3,"<a href=""/flatknot/8.850969"">8.850969</a>",t^9-31t^7-86t^6-29t^5+138t^4+164t^3+56t^2,t^2-2t,,
8.850970,O1O2O3O4U5U4O6U7U3O8O7U2O5U1U8U6,3,7z^2+48z+69,-6w^4z^2+13w^3z^2-30w^3z+78w^2z+69w,False,False,"[[ 0 -2 -1  1  1 -1  2  0  0],[ 2  0  1  2  1 -1  3  1  0],[ 1 -1  0  1  0 -1  2  0 -1],[-1 -2 -1  0  0 -1 -1 -1 -2],[-1 -1  0  0  0 -1 -1 -1 -1],[ 1  1  1  1  1  0  1  1  1],[-2 -3 -2  1  1 -1  0 -1 -1],[ 0 -1  0  1  1 -1  1  0  0],[ 0  0  1  2  1 -1  1  0  0]]","[[ 0  2  1  1  0  0 -1 -1 -2],[-2  0  1  1 -1 -1 -1 -2 -3],[-1 -1  0  0 -1 -1 -1  0 -1],[-1 -1  0  0 -1 -2 -1 -1 -2],[ 0  1  1  1  0  0 -1  0 -1],[ 0  1  1  2  0  0 -1  1  0],[ 1  1  1  1  1  1  0  1  1],[ 1  2  0  1  0 -1 -1  0 -1],[ 2  3  1  2  1  0 -1  1  0]]",True,"[-2,-1,-1,0,0,1,1,2,-1,-1,1,1,1,2,3,0,1,1,1,0,1,1,2,1,1,2,0,1,0,1,1,-1,0,-1,-1,1]","[-2,-1,-1,0,0,1,1,2,-1,-1,1,1,1,2,3,0,1,1,1,0,1,1,2,1,1,2,0,1,0,1,1,-1,0,-1,-1,1]",t^8+40t^6+136t^4+39t^2,"[-2,-1,-1,0,0,1,1,2,0,2,1,2,1,2,1,1,1,2,1,2,1,0,0,1,1,2,0,0,0,1,-1,0,1,0,2,2]","[-2,-1,-1,0,0,1,1,2,2,2,1,1,1,2,1,0,-1,0,1,1,1,0,0,2,1,2,0,2,0,2,1,0,1,-1,0,2]","[-2,-1,-1,0,0,1,1,2,-1,1,0,1,1,2,3,1,1,1,1,1,1,-1,0,0,1,2,0,1,2,1,1,1,1,0,-1,-1]",c,"[[{8, 1}, {2, 7}, {3, 6}, {4, 5}], [{8, 1}, {2, 7}, {4, 6}, {3, 5}], [{8, 1}, {2, 7}, {5, 6}, {3, 4}], [{8, 1}, {2, 7}, {5, 6}, {4}, {3}], [{8, 1}, {3, 7}, {2, 6}, {4, 5}], [{8, 1}, {3, 7}, {4, 6}, {2, 5}], [{8, 1}, {3, 7}, {5, 6}, {2, 4}], [{8, 1}, {4, 7}, {2, 6}, {3, 5}], [{8, 1}, {4, 7}, {3, 6}, {2, 5}], [{8, 1}, {4, 7}, {5, 6}, {2, 3}], [{8, 1}, {5, 7}, {2, 6}, {3, 4}], [{8, 1}, {5, 7}, {3, 6}, {2, 4}], [{8, 1}, {5, 7}, {4, 6}, {2, 3}], [{8, 1}, {6, 7}, {2, 5}, {3, 4}], [{8, 1}, {6, 7}, {3, 5}, {2, 4}], [{8, 1}, {6, 7}, {4, 5}, {2, 3}], [{8, 1}, {7}, {2, 6}, {4, 5}, {3}], [{8, 1}, {7}, {3, 6}, {4, 5}, {2}], [{8, 1}, {7}, {4, 6}, {2, 5}, {3}], [{8, 1}, {7}, {6}, {4, 5}, {2, 3}], [{8, 2}, {1, 7}, {3, 6}, {4, 5}], [{8, 2}, {1, 7}, {4, 6}, {3, 5}], [{8, 2}, {1, 7}, {5, 6}, {3, 4}], [{8, 2}, {3, 7}, {1, 6}, {4, 5}], [{8, 2}, {3, 7}, {4, 6}, {1, 5}], [{8, 2}, {3, 7}, {5, 6}, {1, 4}], [{8, 2}, {4, 7}, {1, 6}, {3, 5}], [{8, 2}, {4, 7}, {3, 6}, {1, 5}], [{8, 2}, {4, 7}, {5, 6}, {1, 3}], [{8, 2}, {5, 7}, {1, 6}, {3, 4}], [{8, 2}, {5, 7}, {3, 6}, {1, 4}], [{8, 2}, {5, 7}, {4, 6}, {1, 3}], [{8, 2}, {6, 7}, {1, 5}, {3, 4}], [{8, 2}, {6, 7}, {3, 5}, {1, 4}], [{8, 2}, {6, 7}, {4, 5}, {1, 3}], [{8, 2}, {7}, {1, 6}, {4, 5}, {3}], [{8, 2}, {7}, {3, 6}, {4, 5}, {1}], [{8, 2}, {7}, {4, 6}, {3, 5}, {1}], [{8, 2}, {7}, {6}, {4, 5}, {1, 3}], [{8, 3}, {1, 7}, {2, 6}, {4, 5}], [{8, 3}, {1, 7}, {2, 6}, {5}, {4}], [{8, 3}, {1, 7}, {4, 6}, {2, 5}], [{8, 3}, {1, 7}, {4, 6}, {5}, {2}], [{8, 3}, {1, 7}, {5, 6}, {2, 4}], [{8, 3}, {1, 7}, {5, 6}, {4}, {2}], [{8, 3}, {1, 7}, {6}, {2, 5}, {4}], [{8, 3}, {1, 7}, {6}, {4, 5}, {2}], [{8, 3}, {1, 7}, {6}, {5}, {2, 4}], [{8, 3}, {1, 7}, {6}, {5}, {4}, {2}], [{8, 3}, {2, 7}, {1, 6}, {4, 5}], [{8, 3}, {2, 7}, {1, 6}, {5}, {4}], [{8, 3}, {2, 7}, {4, 6}, {1, 5}], [{8, 3}, {2, 7}, {4, 6}, {5}, {1}], [{8, 3}, {2, 7}, {5, 6}, {1, 4}], [{8, 3}, {2, 7}, {5, 6}, {4}, {1}], [{8, 3}, {2, 7}, {6}, {1, 5}, {4}], [{8, 3}, {2, 7}, {6}, {4, 5}, {1}], [{8, 3}, {2, 7}, {6}, {5}, {1, 4}], [{8, 3}, {2, 7}, {6}, {5}, {4}, {1}], [{8, 3}, {4, 7}, {1, 6}, {2, 5}], [{8, 3}, {4, 7}, {1, 6}, {5}, {2}], [{8, 3}, {4, 7}, {2, 6}, {1, 5}], [{8, 3}, {4, 7}, {2, 6}, {5}, {1}], [{8, 3}, {4, 7}, {5, 6}, {1, 2}], [{8, 3}, {4, 7}, {5, 6}, {2}, {1}], [{8, 3}, {4, 7}, {6}, {1, 5}, {2}], [{8, 3}, {4, 7}, {6}, {2, 5}, {1}], [{8, 3}, {4, 7}, {6}, {5}, {1, 2}], [{8, 3}, {4, 7}, {6}, {5}, {2}, {1}], [{8, 3}, {5, 7}, {1, 6}, {2, 4}], [{8, 3}, {5, 7}, {1, 6}, {4}, {2}], [{8, 3}, {5, 7}, {2, 6}, {1, 4}], [{8, 3}, {5, 7}, {2, 6}, {4}, {1}], [{8, 3}, {5, 7}, {4, 6}, {1, 2}], [{8, 3}, {5, 7}, {4, 6}, {2}, {1}], [{8, 3}, {5, 7}, {6}, {1, 4}, {2}], [{8, 3}, {5, 7}, {6}, {2, 4}, {1}], [{8, 3}, {5, 7}, {6}, {4}, {1, 2}], [{8, 3}, {5, 7}, {6}, {4}, {2}, {1}], [{8, 3}, {6, 7}, {1, 5}, {2, 4}], [{8, 3}, {6, 7}, {1, 5}, {4}, {2}], [{8, 3}, {6, 7}, {2, 5}, {1, 4}], [{8, 3}, {6, 7}, {2, 5}, {4}, {1}], [{8, 3}, {6, 7}, {4, 5}, {1, 2}], [{8, 3}, {6, 7}, {4, 5}, {2}, {1}], [{8, 3}, {6, 7}, {5}, {1, 4}, {2}], [{8, 3}, {6, 7}, {5}, {2, 4}, {1}], [{8, 3}, {6, 7}, {5}, {4}, {1, 2}], [{8, 3}, {6, 7}, {5}, {4}, {2}, {1}], [{8, 3}, {7}, {1, 6}, {2, 5}, {4}], [{8, 3}, {7}, {1, 6}, {4, 5}, {2}], [{8, 3}, {7}, {1, 6}, {5}, {2, 4}], [{8, 3}, {7}, {1, 6}, {5}, {4}, {2}], [{8, 3}, {7}, {2, 6}, {1, 5}, {4}], [{8, 3}, {7}, {2, 6}, {4, 5}, {1}], [{8, 3}, {7}, {2, 6}, {5}, {1, 4}], [{8, 3}, {7}, {2, 6}, {5}, {4}, {1}], [{8, 3}, {7}, {4, 6}, {1, 5}, {2}], [{8, 3}, {7}, {4, 6}, {2, 5}, {1}], [{8, 3}, {7}, {4, 6}, {5}, {1, 2}], [{8, 3}, {7}, {4, 6}, {5}, {2}, {1}], [{8, 3}, {7}, {5, 6}, {1, 4}, {2}], [{8, 3}, {7}, {5, 6}, {2, 4}, {1}], [{8, 3}, {7}, {5, 6}, {4}, {1, 2}], [{8, 3}, {7}, {5, 6}, {4}, {2}, {1}], [{8, 3}, {7}, {6}, {1, 5}, {2, 4}], [{8, 3}, {7}, {6}, {1, 5}, {4}, {2}], [{8, 3}, {7}, {6}, {2, 5}, {1, 4}], [{8, 3}, {7}, {6}, {2, 5}, {4}, {1}], [{8, 3}, {7}, {6}, {4, 5}, {1, 2}], [{8, 3}, {7}, {6}, {4, 5}, {2}, {1}], [{8, 3}, {7}, {6}, {5}, {1, 4}, {2}], [{8, 3}, {7}, {6}, {5}, {2, 4}, {1}], [{8, 3}, {7}, {6}, {5}, {4}, {1, 2}], [{8, 3}, {7}, {6}, {5}, {4}, {2}, {1}], [{8, 4}, {1, 7}, {2, 6}, {3, 5}], [{8, 4}, {1, 7}, {3, 6}, {2, 5}], [{8, 4}, {1, 7}, {5, 6}, {2, 3}], [{8, 4}, {2, 7}, {1, 6}, {3, 5}], [{8, 4}, {2, 7}, {3, 6}, {1, 5}], [{8, 4}, {2, 7}, {5, 6}, {1, 3}], [{8, 4}, {3, 7}, {1, 6}, {2, 5}], [{8, 4}, {3, 7}, {2, 6}, {1, 5}], [{8, 4}, {3, 7}, {5, 6}, {1, 2}], [{8, 4}, {3, 7}, {6}, {2, 5}, {1}], [{8, 4}, {5, 7}, {1, 6}, {2, 3}], [{8, 4}, {5, 7}, {2, 6}, {1, 3}], [{8, 4}, {5, 7}, {3, 6}, {1, 2}], [{8, 4}, {6, 7}, {1, 5}, {2, 3}], [{8, 4}, {6, 7}, {2, 5}, {1, 3}], [{8, 4}, {6, 7}, {2, 5}, {3}, {1}], [{8, 4}, {6, 7}, {3, 5}, {1, 2}], [{8, 4}, {7}, {2, 6}, {3, 5}, {1}], [{8, 4}, {7}, {3, 6}, {2, 5}, {1}], [{8, 5}, {1, 7}, {2, 6}, {3, 4}], [{8, 5}, {1, 7}, {3, 6}, {2, 4}], [{8, 5}, {1, 7}, {4, 6}, {2, 3}], [{8, 5}, {2, 7}, {1, 6}, {3, 4}], [{8, 5}, {2, 7}, {3, 6}, {1, 4}], [{8, 5}, {2, 7}, {4, 6}, {1, 3}], [{8, 5}, {3, 7}, {1, 6}, {2, 4}], [{8, 5}, {3, 7}, {2, 6}, {1, 4}], [{8, 5}, {3, 7}, {4, 6}, {1, 2}], [{8, 5}, {4, 7}, {1, 6}, {2, 3}], [{8, 5}, {4, 7}, {2, 6}, {1, 3}], [{8, 5}, {4, 7}, {3, 6}, {1, 2}], [{8, 5}, {6, 7}, {1, 4}, {2, 3}], [{8, 5}, {6, 7}, {2, 4}, {1, 3}], [{8, 5}, {6, 7}, {3, 4}, {1, 2}], [{8, 5}, {7}, {1, 6}, {2, 4}, {3}], [{8, 5}, {7}, {2, 6}, {3, 4}, {1}], [{8, 5}, {7}, {3, 6}, {1, 4}, {2}], [{8, 5}, {7}, {4, 6}, {2, 3}, {1}], [{8, 6}, {1, 7}, {2, 5}, {3, 4}], [{8, 6}, {1, 7}, {3, 5}, {2, 4}], [{8, 6}, {1, 7}, {4, 5}, {2, 3}], [{8, 6}, {2, 7}, {1, 5}, {3, 4}], [{8, 6}, {2, 7}, {3, 5}, {1, 4}], [{8, 6}, {2, 7}, {4, 5}, {1, 3}], [{8, 6}, {3, 7}, {1, 5}, {2, 4}], [{8, 6}, {3, 7}, {2, 5}, {1, 4}], [{8, 6}, {3, 7}, {2, 5}, {4}, {1}], [{8, 6}, {3, 7}, {4, 5}, {1, 2}], [{8, 6}, {4, 7}, {1, 5}, {2, 3}], [{8, 6}, {4, 7}, {2, 5}, {1, 3}], [{8, 6}, {4, 7}, {2, 5}, {3}, {1}], [{8, 6}, {4, 7}, {3, 5}, {1, 2}], [{8, 6}, {5, 7}, {1, 4}, {2, 3}], [{8, 6}, {5, 7}, {2, 4}, {1, 3}], [{8, 6}, {5, 7}, {3, 4}, {1, 2}], [{8, 6}, {7}, {2, 5}, {3, 4}, {1}], [{8, 6}, {7}, {3, 5}, {1, 4}, {2}], [{8, 6}, {7}, {4, 5}, {1, 3}, {2}], [{8, 6}, {7}, {4, 5}, {2, 3}, {1}], [{8, 6}, {7}, {4, 5}, {3}, {1, 2}], [{8, 7}, {1, 6}, {2, 5}, {3, 4}], [{8, 7}, {1, 6}, {3, 5}, {2, 4}], [{8, 7}, {1, 6}, {4, 5}, {2, 3}], [{8, 7}, {2, 6}, {1, 5}, {3, 4}], [{8, 7}, {2, 6}, {3, 5}, {1, 4}], [{8, 7}, {2, 6}, {4, 5}, {1, 3}], [{8, 7}, {2, 6}, {4, 5}, {3}, {1}], [{8, 7}, {3, 6}, {1, 5}, {2, 4}], [{8, 7}, {3, 6}, {2, 5}, {1, 4}], [{8, 7}, {3, 6}, {2, 5}, {4}, {1}], [{8, 7}, {3, 6}, {4, 5}, {1, 2}], [{8, 7}, {4, 6}, {1, 5}, {2, 3}], [{8, 7}, {4, 6}, {2, 5}, {1, 3}], [{8, 7}, {4, 6}, {2, 5}, {3}, {1}], [{8, 7}, {4, 6}, {3, 5}, {1, 2}], [{8, 7}, {5, 6}, {1, 4}, {2, 3}], [{8, 7}, {5, 6}, {2, 4}, {1, 3}], [{8, 7}, {5, 6}, {3, 4}, {1, 2}], [{8, 7}, {5, 6}, {4}, {3}, {1, 2}], [{8, 7}, {6}, {2, 5}, {3, 4}, {1}], [{8}, {1, 7}, {2, 6}, {4, 5}, {3}], [{8}, {1, 7}, {4, 6}, {2, 5}, {3}], [{8}, {1, 7}, {5, 6}, {2, 4}, {3}], [{8}, {2, 7}, {5, 6}, {4}, {1, 3}], [{8}, {3, 7}, {2, 6}, {4, 5}, {1}], [{8}, {3, 7}, {4, 6}, {2, 5}, {1}], [{8}, {3, 7}, {5, 6}, {4}, {1, 2}], [{8}, {4, 7}, {3, 6}, {2, 5}, {1}], [{8}, {6, 7}, {2, 5}, {3, 4}, {1}], [{8}, {7}, {1, 6}, {3, 5}, {2, 4}], [{8}, {7}, {1, 6}, {4, 5}, {2, 3}], [{8}, {7}, {2, 6}, {4, 5}, {1, 3}], [{8}, {7}, {2, 6}, {4, 5}, {3}, {1}], [{8}, {7}, {3, 6}, {4, 5}, {1, 2}], [{8}, {7}, {4, 6}, {2, 5}, {1, 3}], [{8}, {7}, {4, 6}, {2, 5}, {3}, {1}]]",2,20 K_1^3 - 16 K_1^2 - 24 K_1 K_2 - 3 K_1 + 8 K_2 + 7 K_3 + 9,O1O2O3O4U5U6U4O7U3O8O6U2U8O5U1U7,O1O2O3U1U4U5U6O7O6U3O8O5U2U8O4U7,O1O2O3U4O5U6U2O7O6U1O8O4U8U7U5U3,c,{'O1O2O3O4U5U4O6U7U3O8O7U2O5U1U8U6'},1,"<a href=""/flatknot/8.850970"">8.850970</a>",t^9-40t^7-112t^6-2t^5+210t^4+93t^3-70t^2-72t-16,0,,
8.850971,O1O2O3O4U5U4O6U7U3O8O7U2O5U6U1U8,4,z^3+20z^2+102z+133,w^4z^3+20w^3z^2+102w^2z+133w,False,False,"[[ 0 -1 -1  1  1 -1  0  0  1],[ 1  0  0  1  1 -1  1  0  1],[ 1  0  0  1  0 -1  1  0  0],[-1 -1 -1  0  0 -1 -1 -1 -1],[-1 -1  0  0  0 -1 -1 -1 -1],[ 1  1  1  1  1  0  0  1  1],[ 0 -1 -1  1  1  0  0  0  0],[ 0  0  0  1  1 -1  0  0  1],[-1 -1  0  1  1 -1  0 -1  0]]","[[ 0  1  1  1  0  0 -1 -1 -1],[-1  0  1  1  0 -1  0 -1 -1],[-1 -1  0  0 -1 -1  0 -1 -1],[-1 -1  0  0 -1 -1 -1 -1 -1],[ 0  0  1  1  0  0 -1  0 -1],[ 0  1  1  1  0  0  0 -1  0],[ 1  0  0  1  1  0  0 -1  0],[ 1  1  1  1  0  1  1  0  1],[ 1  1  1  1  1  0  0 -1  0]]",True,"[-1,-1,-1,0,0,1,1,1,-1,-1,0,1,0,1,1,0,1,1,0,1,1,1,1,1,1,1,0,1,0,1,0,1,0,1,0,-1]","[-1,-1,-1,0,0,1,1,1,-1,-1,0,1,0,1,1,0,1,1,0,1,1,1,1,1,1,1,0,1,0,1,0,1,0,1,0,-1]",t^8+19t^6+52t^4+28t^2+1,"[-1,-1,-1,0,0,1,1,1,-1,-1,0,1,1,1,1,0,1,0,1,1,1,1,0,1,2,2,0,0,0,0,0,0,1,0,1,1]","[-1,-1,-1,0,0,1,1,1,-1,0,0,0,1,1,1,1,0,1,1,1,2,0,0,1,1,2,0,0,1,1,1,0,0,1,1,0]","[-1,-1,-1,0,0,1,1,1,-1,0,0,1,0,0,1,1,1,0,1,1,1,0,1,1,1,1,0,1,1,1,0,1,1,1,1,0]",c,"[[{8, 2}, {1, 7}, {4, 6}, {3, 5}], [{8, 2}, {4, 7}, {1, 6}, {3, 5}], [{8, 2}, {6, 7}, {3, 5}, {1, 4}]]",1,- 12 K_1^2 + 6 K_2 + 7,O1O2O3O4U5U4U6O7U3O8O5U2U8O6U1U7,O1O2O3U2U4U5U6O7O6U1O8O5U3U8O4U7,O1O2O3U4O5U6U1O7O6U3O8O4U8U7U5U2,c,{'O1O2O3O4U5U4O6U7U3O8O7U2O5U6U1U8'},1,"<a href=""/flatknot/8.850971"">8.850971</a>",t^9-19t^7-32t^6+30t^5+80t^4+t^3-46t^2+2t+4,0,,
8.850972,O1O2O3O4U5U4O6U7U3O8O7U2O5U8U1U6,4,z^3+23z^2+105z+127,w^4z^3+23w^3z^2+105w^2z+127w,False,False,"[[ 0 -1 -1  1  1 -1  2  0 -1],[ 1  0  0  2  1 -1  2  1 -1],[ 1  0  0  1  0 -1  2  0 -1],[-1 -2 -1  0  0 -1 -1 -1 -2],[-1 -1  0  0  0 -1 -1 -1 -1],[ 1  1  1  1  1  0  1  1  0],[-2 -2 -2  1  1 -1  0 -1 -1],[ 0 -1  0  1  1 -1  1  0 -1],[ 1  1  1  2  1  0  1  1  0]]","[[ 0  2  1  1  0 -1 -1 -1 -1],[-2  0  1  1 -1 -1 -1 -2 -2],[-1 -1  0  0 -1 -1 -1  0 -1],[-1 -1  0  0 -1 -1 -2 -1 -2],[ 0  1  1  1  0 -1 -1  0 -1],[ 1  1  1  1  1  0  0  1  1],[ 1  1  1  2  1  0  0  1  1],[ 1  2  0  1  0 -1 -1  0  0],[ 1  2  1  2  1 -1 -1  0  0]]",True,"[-2,-1,-1,0,1,1,1,1,-1,-1,1,1,1,2,2,0,1,1,1,0,1,1,1,2,1,2,1,1,0,1,0,-1,-1,-1,-1,0]","[-2,-1,-1,0,1,1,1,1,-1,-1,1,1,1,2,2,0,1,1,1,0,1,1,1,2,1,2,1,1,0,1,0,-1,-1,-1,-1,0]",t^8+35t^6+110t^4+55t^2+4,"[-1,-1,-1,-1,0,1,1,2,-1,-1,0,0,0,1,2,0,1,0,0,1,1,1,1,1,2,1,0,1,1,2,0,0,1,0,2,2]","[-2,-1,-1,0,1,1,1,1,2,2,1,1,1,2,2,0,0,0,1,0,1,0,1,2,1,1,0,1,0,0,0,-1,-1,-1,-1,0]","[-1,-1,-1,-1,0,1,1,2,-1,-1,0,0,0,1,2,0,1,1,1,1,1,1,1,1,2,1,1,1,2,2,1,1,1,0,-1,-1]",c,"[[{8, 1}, {2, 7}, {3, 6}, {4, 5}], [{8, 1}, {2, 7}, {4, 6}, {3, 5}], [{8, 1}, {2, 7}, {5, 6}, {3, 4}], [{8, 1}, {2, 7}, {5, 6}, {4}, {3}], [{8, 1}, {3, 7}, {2, 6}, {4, 5}], [{8, 1}, {3, 7}, {4, 6}, {2, 5}], [{8, 1}, {3, 7}, {5, 6}, {2, 4}], [{8, 1}, {3, 7}, {6}, {2, 5}, {4}], [{8, 1}, {4, 7}, {2, 6}, {3, 5}], [{8, 1}, {4, 7}, {3, 6}, {2, 5}], [{8, 1}, {4, 7}, {5, 6}, {2, 3}], [{8, 1}, {5, 7}, {2, 6}, {3, 4}], [{8, 1}, {5, 7}, {3, 6}, {2, 4}], [{8, 1}, {5, 7}, {4, 6}, {2, 3}], [{8, 1}, {6, 7}, {2, 5}, {3, 4}], [{8, 1}, {6, 7}, {3, 5}, {2, 4}], [{8, 1}, {6, 7}, {4, 5}, {2, 3}], [{8, 1}, {7}, {2, 6}, {3, 5}, {4}], [{8, 1}, {7}, {2, 6}, {4, 5}, {3}], [{8, 1}, {7}, {2, 6}, {5}, {3, 4}], [{8, 2}, {1, 7}, {3, 6}, {4, 5}], [{8, 2}, {1, 7}, {4, 6}, {3, 5}], [{8, 2}, {1, 7}, {5, 6}, {3, 4}], [{8, 2}, {3, 7}, {1, 6}, {4, 5}], [{8, 2}, {3, 7}, {4, 6}, {1, 5}], [{8, 2}, {3, 7}, {5, 6}, {1, 4}], [{8, 2}, {4, 7}, {1, 6}, {3, 5}], [{8, 2}, {4, 7}, {3, 6}, {1, 5}], [{8, 2}, {4, 7}, {5, 6}, {1, 3}], [{8, 2}, {5, 7}, {1, 6}, {3, 4}], [{8, 2}, {5, 7}, {3, 6}, {1, 4}], [{8, 2}, {5, 7}, {4, 6}, {1, 3}], [{8, 2}, {6, 7}, {1, 5}, {3, 4}], [{8, 2}, {6, 7}, {3, 5}, {1, 4}], [{8, 2}, {6, 7}, {3, 5}, {4}, {1}], [{8, 2}, {6, 7}, {4, 5}, {1, 3}], [{8, 2}, {6, 7}, {4, 5}, {3}, {1}], [{8, 2}, {6, 7}, {5}, {3, 4}, {1}], [{8, 2}, {7}, {3, 6}, {1, 5}, {4}], [{8, 2}, {7}, {6}, {3, 5}, {1, 4}], [{8, 2}, {7}, {6}, {4, 5}, {1, 3}], [{8, 3}, {1, 7}, {2, 6}, {4, 5}], [{8, 3}, {1, 7}, {4, 6}, {2, 5}], [{8, 3}, {1, 7}, {5, 6}, {2, 4}], [{8, 3}, {1, 7}, {6}, {2, 5}, {4}], [{8, 3}, {2, 7}, {1, 6}, {4, 5}], [{8, 3}, {2, 7}, {4, 6}, {1, 5}], [{8, 3}, {2, 7}, {5, 6}, {1, 4}], [{8, 3}, {2, 7}, {5, 6}, {4}, {1}], [{8, 3}, {4, 7}, {1, 6}, {2, 5}], [{8, 3}, {4, 7}, {2, 6}, {1, 5}], [{8, 3}, {4, 7}, {5, 6}, {1, 2}], [{8, 3}, {4, 7}, {6}, {2, 5}, {1}], [{8, 3}, {5, 7}, {1, 6}, {2, 4}], [{8, 3}, {5, 7}, {2, 6}, {1, 4}], [{8, 3}, {5, 7}, {4, 6}, {1, 2}], [{8, 3}, {6, 7}, {1, 5}, {2, 4}], [{8, 3}, {6, 7}, {2, 5}, {1, 4}], [{8, 3}, {6, 7}, {4, 5}, {1, 2}], [{8, 3}, {7}, {1, 6}, {4, 5}, {2}], [{8, 3}, {7}, {2, 6}, {1, 5}, {4}], [{8, 3}, {7}, {2, 6}, {4, 5}, {1}], [{8, 3}, {7}, {2, 6}, {5}, {1, 4}], [{8, 3}, {7}, {5, 6}, {1, 4}, {2}], [{8, 3}, {7}, {6}, {2, 5}, {1, 4}], [{8, 3}, {7}, {6}, {4, 5}, {1, 2}], [{8, 4}, {1, 7}, {2, 6}, {3, 5}], [{8, 4}, {1, 7}, {2, 6}, {5}, {3}], [{8, 4}, {1, 7}, {3, 6}, {2, 5}], [{8, 4}, {1, 7}, {5, 6}, {2, 3}], [{8, 4}, {2, 7}, {1, 6}, {3, 5}], [{8, 4}, {2, 7}, {3, 6}, {1, 5}], [{8, 4}, {2, 7}, {5, 6}, {1, 3}], [{8, 4}, {2, 7}, {5, 6}, {3}, {1}], [{8, 4}, {2, 7}, {6}, {5}, {1, 3}], [{8, 4}, {3, 7}, {1, 6}, {2, 5}], [{8, 4}, {3, 7}, {2, 6}, {1, 5}], [{8, 4}, {3, 7}, {2, 6}, {5}, {1}], [{8, 4}, {3, 7}, {5, 6}, {1, 2}], [{8, 4}, {5, 7}, {1, 6}, {2, 3}], [{8, 4}, {5, 7}, {2, 6}, {1, 3}], [{8, 4}, {5, 7}, {2, 6}, {3}, {1}], [{8, 4}, {5, 7}, {3, 6}, {1, 2}], [{8, 4}, {5, 7}, {6}, {1, 3}, {2}], [{8, 4}, {6, 7}, {1, 5}, {2, 3}], [{8, 4}, {6, 7}, {2, 5}, {1, 3}], [{8, 4}, {6, 7}, {2, 5}, {3}, {1}], [{8, 4}, {6, 7}, {3, 5}, {1, 2}], [{8, 4}, {6, 7}, {5}, {1, 3}, {2}], [{8, 4}, {7}, {1, 6}, {3, 5}, {2}], [{8, 4}, {7}, {2, 6}, {1, 5}, {3}], [{8, 4}, {7}, {2, 6}, {3, 5}, {1}], [{8, 4}, {7}, {2, 6}, {5}, {1, 3}], [{8, 4}, {7}, {2, 6}, {5}, {3}, {1}], [{8, 4}, {7}, {5, 6}, {1, 3}, {2}], [{8, 4}, {7}, {6}, {2, 5}, {1, 3}], [{8, 4}, {7}, {6}, {3, 5}, {1, 2}], [{8, 5}, {1, 7}, {2, 6}, {3, 4}], [{8, 5}, {1, 7}, {3, 6}, {2, 4}], [{8, 5}, {1, 7}, {4, 6}, {2, 3}], [{8, 5}, {1, 7}, {6}, {4}, {2, 3}], [{8, 5}, {2, 7}, {1, 6}, {3, 4}], [{8, 5}, {2, 7}, {3, 6}, {1, 4}], [{8, 5}, {2, 7}, {4, 6}, {1, 3}], [{8, 5}, {3, 7}, {1, 6}, {2, 4}], [{8, 5}, {3, 7}, {2, 6}, {1, 4}], [{8, 5}, {3, 7}, {4, 6}, {1, 2}], [{8, 5}, {4, 7}, {1, 6}, {2, 3}], [{8, 5}, {4, 7}, {2, 6}, {1, 3}], [{8, 5}, {4, 7}, {3, 6}, {1, 2}], [{8, 5}, {6, 7}, {1, 4}, {2, 3}], [{8, 5}, {6, 7}, {2, 4}, {1, 3}], [{8, 5}, {6, 7}, {3, 4}, {1, 2}], [{8, 5}, {7}, {1, 6}, {3, 4}, {2}], [{8, 5}, {7}, {2, 6}, {1, 4}, {3}], [{8, 5}, {7}, {2, 6}, {3, 4}, {1}], [{8, 5}, {7}, {2, 6}, {4}, {1, 3}], [{8, 5}, {7}, {6}, {3, 4}, {1, 2}], [{8, 6}, {1, 7}, {2, 5}, {3, 4}], [{8, 6}, {1, 7}, {3, 5}, {2, 4}], [{8, 6}, {1, 7}, {4, 5}, {2, 3}], [{8, 6}, {1, 7}, {5}, {3, 4}, {2}], [{8, 6}, {2, 7}, {1, 5}, {3, 4}], [{8, 6}, {2, 7}, {3, 5}, {1, 4}], [{8, 6}, {2, 7}, {4, 5}, {1, 3}], [{8, 6}, {3, 7}, {1, 5}, {2, 4}], [{8, 6}, {3, 7}, {2, 5}, {1, 4}], [{8, 6}, {3, 7}, {4, 5}, {1, 2}], [{8, 6}, {4, 7}, {1, 5}, {2, 3}], [{8, 6}, {4, 7}, {2, 5}, {1, 3}], [{8, 6}, {4, 7}, {3, 5}, {1, 2}], [{8, 6}, {5, 7}, {1, 4}, {2, 3}], [{8, 6}, {5, 7}, {2, 4}, {1, 3}], [{8, 6}, {5, 7}, {3, 4}, {1, 2}], [{8, 6}, {7}, {1, 5}, {4}, {2, 3}], [{8, 6}, {7}, {3, 5}, {1, 4}, {2}], [{8, 6}, {7}, {4, 5}, {1, 3}, {2}], [{8, 7}, {1, 6}, {2, 5}, {3, 4}], [{8, 7}, {1, 6}, {3, 5}, {2, 4}], [{8, 7}, {1, 6}, {4, 5}, {2, 3}], [{8, 7}, {1, 6}, {5}, {4}, {2, 3}], [{8, 7}, {2, 6}, {1, 5}, {3, 4}], [{8, 7}, {2, 6}, {3, 5}, {1, 4}], [{8, 7}, {2, 6}, {4, 5}, {1, 3}], [{8, 7}, {2, 6}, {5}, {4}, {1, 3}], [{8, 7}, {3, 6}, {1, 5}, {2, 4}], [{8, 7}, {3, 6}, {2, 5}, {1, 4}], [{8, 7}, {3, 6}, {2, 5}, {4}, {1}], [{8, 7}, {3, 6}, {4, 5}, {1, 2}], [{8, 7}, {4, 6}, {1, 5}, {2, 3}], [{8, 7}, {4, 6}, {2, 5}, {1, 3}], [{8, 7}, {4, 6}, {3, 5}, {1, 2}], [{8, 7}, {4, 6}, {5}, {1, 3}, {2}], [{8, 7}, {5, 6}, {1, 4}, {2, 3}], [{8, 7}, {5, 6}, {2, 4}, {1, 3}], [{8, 7}, {5, 6}, {3, 4}, {1, 2}], [{8, 7}, {6}, {5}, {2, 4}, {1, 3}], [{8}, {1, 7}, {3, 6}, {5}, {2, 4}], [{8}, {2, 7}, {3, 6}, {4, 5}, {1}], [{8}, {2, 7}, {4, 6}, {3, 5}, {1}], [{8}, {2, 7}, {5, 6}, {1, 4}, {3}], [{8}, {2, 7}, {5, 6}, {3, 4}, {1}], [{8}, {2, 7}, {5, 6}, {4}, {1, 3}], [{8}, {2, 7}, {5, 6}, {4}, {3}, {1}], [{8}, {3, 7}, {4, 6}, {1, 5}, {2}], [{8}, {4, 7}, {2, 6}, {5}, {1, 3}], [{8}, {5, 7}, {2, 6}, {4}, {1, 3}], [{8}, {6, 7}, {2, 5}, {4}, {1, 3}], [{8}, {7}, {2, 6}, {1, 5}, {3, 4}], [{8}, {7}, {2, 6}, {3, 5}, {1, 4}], [{8}, {7}, {2, 6}, {4, 5}, {1, 3}], [{8}, {7}, {2, 6}, {5}, {4}, {1, 3}]]",2,- 8 K_1^4 + 28 K_1^3 + 16 K_1^2 K_2 - 36 K_1^2 - 24 K_1 K_2 - 6 K_1 K_3 - 9 K_1 + 17 K_2 + 5 K_3 + 18,O1O2O3O4U5U4U6O7U3O8O6U2U8O5U1U7,O1O2O3U2U4U5U6O7O6U3O8O5U1U8O4U7,O1O2O3U4O5U6U3O7O6U1O8O4U8U7U5U2,c,{'O1O2O3O4U5U4O6U7U3O8O7U2O5U8U1U6'},1,"<a href=""/flatknot/8.850972"">8.850972</a>",t^9-33t^7-96t^6-63t^5+46t^4+87t^3+58t^2-8t-10,-t^2+2t,,
8.850973,O1O2O3O4U5U4O6U7U3O8O7U8O5U1U2U6,4,3z^3+32z^2+106z+109,3w^4z^3+32w^3z^2-2w^3z+108w^2z+109w,False,False,"[[ 0 -2  0  1  1 -1  2  0 -1],[ 2  0  1  2  1  0  2  2 -1],[ 0 -1  0  2  1 -2  1  0 -1],[-1 -2 -2  0  0 -1 -1 -1 -1],[-1 -1 -1  0  0 -1 -1 -1  0],[ 1  0  2  1  1  0  2  0  0],[-2 -2 -1  1  1 -2  0 -1 -1],[ 0 -2  0  1  1  0  1  0 -1],[ 1  1  1  1  0  0  1  1  0]]","[[ 0  2  1  1  0  0 -1 -1 -2],[-2  0  1  1 -1 -1 -1 -2 -2],[-1 -1  0  0 -1 -1  0 -1 -1],[-1 -1  0  0 -1 -2 -1 -1 -2],[ 0  1  1  1  0  0 -1  0 -2],[ 0  1  1  2  0  0 -1 -2 -1],[ 1  1  0  1  1  1  0  0  1],[ 1  2  1  1  0  2  0  0  0],[ 2  2  1  2  2  1 -1  0  0]]",True,"[-2,-1,-1,0,0,1,1,2,-1,-1,1,1,1,2,2,0,1,1,0,1,1,1,2,1,1,2,0,1,0,2,1,2,1,0,-1,0]","[-2,-1,-1,0,0,1,1,2,-1,-1,1,1,1,2,2,0,1,1,0,1,1,1,2,1,1,2,0,1,0,2,1,2,1,0,-1,0]",t^8+40t^6+134t^4+17t^2,"[-2,-1,-1,0,0,1,1,2,1,2,0,1,1,2,2,0,1,-1,1,1,1,0,0,1,2,2,0,0,0,1,-1,0,1,0,2,2]","[-2,-1,-1,0,0,1,1,2,2,2,1,1,1,2,2,0,-1,0,1,1,1,0,0,1,2,2,0,-1,0,1,1,0,0,0,1,2]","[-2,-1,-1,0,0,1,1,2,-1,0,1,2,1,2,2,0,1,1,0,1,1,2,0,1,1,2,0,1,2,1,1,1,1,0,-1,-1]",c,"[[{8, 4}, {2, 7}, {1, 6}, {3, 5}], [{8, 4}, {2, 7}, {3, 6}, {1, 5}], [{8, 4}, {2, 7}, {5, 6}, {1, 3}], [{8, 4}, {7}, {1, 6}, {3, 5}, {2}], [{8, 4}, {7}, {3, 6}, {1, 5}, {2}], [{8, 4}, {7}, {5, 6}, {1, 3}, {2}]]",1,28 K_1^3 + 12 K_1^2 K_2 - 26 K_1^2 - 24 K_1 K_2 - 6 K_1 K_3 - 9 K_1 - 2 K_2^2 + 10 K_2 + 5 K_3 + K_4 + 12,O1O2O3O4U5U3U4O6U7O8O7U2U8O5U1U6,O1O2O3U1U2U4U5O6O5U3O7O4U8U7O8U6,O1O2O3U4O5U6U5O7O6U1O8O4U8U7U2U3,c,{'O1O2O3O4U5U4O6U7U3O8O7U8O5U1U2U6'},1,"<a href=""/flatknot/8.850973"">8.850973</a>",t^9-40t^7-106t^6+36t^5+308t^4+234t^3+78t^2+79t+40,0,,
8.850974,O1O2O3O4U5U4O6U7U3O8O7U8O5U1U6U2,4,9z^2+94z+153,9w^3z^2+94w^2z+153w,False,False,"[[ 0 -2  1  1  1 -1  1  0 -1],[ 2  0  2  2  1  0  1  2 -1],[-1 -2  0  1  1 -2  0 -1 -1],[-1 -2 -1  0  0 -1 -1 -1 -1],[-1 -1 -1  0  0 -1 -1 -1  0],[ 1  0  2  1  1  0  1  0  0],[-1 -1  0  1  1 -1  0  0 -1],[ 0 -2  1  1  1  0  0  0 -1],[ 1  1  1  1  0  0  1  1  0]]","[[ 0  1  1  1  1  0 -1 -1 -2],[-1  0  1  1  0  0 -1 -1 -1],[-1 -1  0  0 -1 -1  0 -1 -1],[-1 -1  0  0 -1 -1 -1 -1 -2],[-1  0  1  1  0 -1 -1 -2 -2],[ 0  0  1  1  1  0 -1  0 -2],[ 1  1  0  1  1  1  0  0  1],[ 1  1  1  1  2  0  0  0  0],[ 2  1  1  2  2  2 -1  0  0]]",True,"[-1,-1,-1,-1,0,1,1,2,-1,-1,0,0,1,1,1,0,1,1,0,1,1,1,1,1,1,2,1,1,2,2,1,0,2,0,-1,0]","[-2,-1,-1,0,1,1,1,1,-1,0,2,1,1,2,2,0,1,0,1,1,1,0,1,1,1,2,1,0,1,1,-1,0,-1,1,0,-1]",t^8+33t^6+86t^4+25t^2+1,"[-2,-1,-1,0,1,1,1,1,1,2,0,1,1,2,2,0,1,0,1,1,1,0,1,1,1,2,0,0,1,0,-1,0,-1,1,0,-1]","[-1,-1,-1,-1,0,1,1,2,-1,-1,0,0,1,1,1,0,1,0,0,1,1,1,1,1,1,2,0,1,2,2,1,0,0,0,1,2]","[-2,-1,-1,0,1,1,1,1,-1,0,2,1,1,2,2,0,1,0,1,1,1,0,1,1,1,2,1,0,1,1,-1,0,-1,1,0,-1]",c,"[[{8, 1}, {2, 7}, {3, 6}, {4, 5}], [{8, 1}, {2, 7}, {4, 6}, {3, 5}], [{8, 1}, {2, 7}, {5, 6}, {3, 4}], [{8, 1}, {2, 7}, {5, 6}, {4}, {3}], [{8, 1}, {3, 7}, {2, 6}, {4, 5}], [{8, 1}, {3, 7}, {4, 6}, {2, 5}], [{8, 1}, {3, 7}, {5, 6}, {2, 4}], [{8, 1}, {3, 7}, {5, 6}, {4}, {2}], [{8, 1}, {4, 7}, {2, 6}, {3, 5}], [{8, 1}, {4, 7}, {3, 6}, {2, 5}], [{8, 1}, {4, 7}, {5, 6}, {2, 3}], [{8, 1}, {4, 7}, {5, 6}, {3}, {2}], [{8, 1}, {5, 7}, {2, 6}, {3, 4}], [{8, 1}, {5, 7}, {3, 6}, {2, 4}], [{8, 1}, {5, 7}, {4, 6}, {2, 3}], [{8, 1}, {6, 7}, {2, 5}, {3, 4}], [{8, 1}, {6, 7}, {3, 5}, {2, 4}], [{8, 1}, {6, 7}, {4, 5}, {2, 3}], [{8, 1}, {7}, {3, 6}, {4, 5}, {2}], [{8, 1}, {7}, {4, 6}, {3, 5}, {2}], [{8, 1}, {7}, {5, 6}, {2, 4}, {3}], [{8, 1}, {7}, {5, 6}, {3, 4}, {2}], [{8, 1}, {7}, {5, 6}, {4}, {2, 3}], [{8, 1}, {7}, {5, 6}, {4}, {3}, {2}], [{8, 2}, {1, 7}, {3, 6}, {4, 5}], [{8, 2}, {1, 7}, {4, 6}, {3, 5}], [{8, 2}, {1, 7}, {5, 6}, {3, 4}], [{8, 2}, {3, 7}, {1, 6}, {4, 5}], [{8, 2}, {3, 7}, {4, 6}, {1, 5}], [{8, 2}, {3, 7}, {5, 6}, {1, 4}], [{8, 2}, {4, 7}, {1, 6}, {3, 5}], [{8, 2}, {4, 7}, {3, 6}, {1, 5}], [{8, 2}, {4, 7}, {5, 6}, {1, 3}], [{8, 2}, {4, 7}, {6}, {3, 5}, {1}], [{8, 2}, {5, 7}, {1, 6}, {3, 4}], [{8, 2}, {5, 7}, {3, 6}, {1, 4}], [{8, 2}, {5, 7}, {4, 6}, {1, 3}], [{8, 2}, {6, 7}, {1, 5}, {3, 4}], [{8, 2}, {6, 7}, {3, 5}, {1, 4}], [{8, 2}, {6, 7}, {4, 5}, {1, 3}], [{8, 2}, {7}, {5, 6}, {1, 4}, {3}], [{8, 2}, {7}, {5, 6}, {3, 4}, {1}], [{8, 2}, {7}, {5, 6}, {4}, {1, 3}], [{8, 3}, {1, 7}, {2, 6}, {4, 5}], [{8, 3}, {1, 7}, {4, 6}, {2, 5}], [{8, 3}, {1, 7}, {4, 6}, {5}, {2}], [{8, 3}, {1, 7}, {5, 6}, {2, 4}], [{8, 3}, {2, 7}, {1, 6}, {4, 5}], [{8, 3}, {2, 7}, {4, 6}, {1, 5}], [{8, 3}, {2, 7}, {5, 6}, {1, 4}], [{8, 3}, {4, 7}, {1, 6}, {2, 5}], [{8, 3}, {4, 7}, {2, 6}, {1, 5}], [{8, 3}, {4, 7}, {5, 6}, {1, 2}], [{8, 3}, {5, 7}, {1, 6}, {2, 4}], [{8, 3}, {5, 7}, {2, 6}, {1, 4}], [{8, 3}, {5, 7}, {4, 6}, {1, 2}], [{8, 3}, {5, 7}, {6}, {4}, {1, 2}], [{8, 3}, {6, 7}, {1, 5}, {2, 4}], [{8, 3}, {6, 7}, {1, 5}, {4}, {2}], [{8, 3}, {6, 7}, {2, 5}, {1, 4}], [{8, 3}, {6, 7}, {2, 5}, {4}, {1}], [{8, 3}, {6, 7}, {4, 5}, {1, 2}], [{8, 3}, {6, 7}, {5}, {4}, {1, 2}], [{8, 3}, {7}, {5, 6}, {1, 4}, {2}], [{8, 3}, {7}, {5, 6}, {2, 4}, {1}], [{8, 3}, {7}, {5, 6}, {4}, {1, 2}], [{8, 4}, {1, 7}, {2, 6}, {3, 5}], [{8, 4}, {1, 7}, {3, 6}, {2, 5}], [{8, 4}, {1, 7}, {5, 6}, {2, 3}], [{8, 4}, {1, 7}, {6}, {3, 5}, {2}], [{8, 4}, {2, 7}, {1, 6}, {3, 5}], [{8, 4}, {2, 7}, {3, 6}, {1, 5}], [{8, 4}, {2, 7}, {5, 6}, {1, 3}], [{8, 4}, {2, 7}, {6}, {3, 5}, {1}], [{8, 4}, {3, 7}, {1, 6}, {2, 5}], [{8, 4}, {3, 7}, {2, 6}, {1, 5}], [{8, 4}, {3, 7}, {5, 6}, {1, 2}], [{8, 4}, {5, 7}, {1, 6}, {2, 3}], [{8, 4}, {5, 7}, {2, 6}, {1, 3}], [{8, 4}, {5, 7}, {3, 6}, {1, 2}], [{8, 4}, {6, 7}, {1, 5}, {2, 3}], [{8, 4}, {6, 7}, {2, 5}, {1, 3}], [{8, 4}, {6, 7}, {3, 5}, {1, 2}], [{8, 4}, {6, 7}, {3, 5}, {2}, {1}], [{8, 4}, {7}, {1, 6}, {2, 5}, {3}], [{8, 4}, {7}, {1, 6}, {3, 5}, {2}], [{8, 4}, {7}, {1, 6}, {5}, {2, 3}], [{8, 4}, {7}, {2, 6}, {1, 5}, {3}], [{8, 4}, {7}, {2, 6}, {3, 5}, {1}], [{8, 4}, {7}, {2, 6}, {5}, {1, 3}], [{8, 4}, {7}, {3, 6}, {1, 5}, {2}], [{8, 4}, {7}, {3, 6}, {2, 5}, {1}], [{8, 4}, {7}, {3, 6}, {5}, {1, 2}], [{8, 4}, {7}, {5, 6}, {1, 3}, {2}], [{8, 4}, {7}, {5, 6}, {2, 3}, {1}], [{8, 4}, {7}, {5, 6}, {3}, {1, 2}], [{8, 4}, {7}, {6}, {1, 5}, {2, 3}], [{8, 4}, {7}, {6}, {2, 5}, {1, 3}], [{8, 4}, {7}, {6}, {3, 5}, {1, 2}], [{8, 5}, {1, 7}, {2, 6}, {3, 4}], [{8, 5}, {1, 7}, {3, 6}, {2, 4}], [{8, 5}, {1, 7}, {3, 6}, {4}, {2}], [{8, 5}, {1, 7}, {4, 6}, {2, 3}], [{8, 5}, {2, 7}, {1, 6}, {3, 4}], [{8, 5}, {2, 7}, {3, 6}, {1, 4}], [{8, 5}, {2, 7}, {4, 6}, {1, 3}], [{8, 5}, {3, 7}, {1, 6}, {2, 4}], [{8, 5}, {3, 7}, {1, 6}, {4}, {2}], [{8, 5}, {3, 7}, {2, 6}, {1, 4}], [{8, 5}, {3, 7}, {4, 6}, {1, 2}], [{8, 5}, {4, 7}, {1, 6}, {2, 3}], [{8, 5}, {4, 7}, {2, 6}, {1, 3}], [{8, 5}, {4, 7}, {3, 6}, {1, 2}], [{8, 5}, {6, 7}, {1, 4}, {2, 3}], [{8, 5}, {6, 7}, {2, 4}, {1, 3}], [{8, 5}, {6, 7}, {3, 4}, {1, 2}], [{8, 5}, {6, 7}, {4}, {3}, {1, 2}], [{8, 6}, {1, 7}, {2, 5}, {3, 4}], [{8, 6}, {1, 7}, {3, 5}, {2, 4}], [{8, 6}, {1, 7}, {4, 5}, {2, 3}], [{8, 6}, {1, 7}, {4, 5}, {3}, {2}], [{8, 6}, {1, 7}, {5}, {4}, {2, 3}], [{8, 6}, {2, 7}, {1, 5}, {3, 4}], [{8, 6}, {2, 7}, {3, 5}, {1, 4}], [{8, 6}, {2, 7}, {4, 5}, {1, 3}], [{8, 6}, {3, 7}, {1, 5}, {2, 4}], [{8, 6}, {3, 7}, {2, 5}, {1, 4}], [{8, 6}, {3, 7}, {4, 5}, {1, 2}], [{8, 6}, {4, 7}, {1, 5}, {2, 3}], [{8, 6}, {4, 7}, {2, 5}, {1, 3}], [{8, 6}, {4, 7}, {3, 5}, {1, 2}], [{8, 6}, {5, 7}, {1, 4}, {2, 3}], [{8, 6}, {5, 7}, {2, 4}, {1, 3}], [{8, 6}, {5, 7}, {3, 4}, {1, 2}], [{8, 7}, {1, 6}, {2, 5}, {3, 4}], [{8, 7}, {1, 6}, {3, 5}, {2, 4}], [{8, 7}, {1, 6}, {4, 5}, {2, 3}], [{8, 7}, {1, 6}, {4, 5}, {3}, {2}], [{8, 7}, {1, 6}, {5}, {4}, {2, 3}], [{8, 7}, {2, 6}, {1, 5}, {3, 4}], [{8, 7}, {2, 6}, {3, 5}, {1, 4}], [{8, 7}, {2, 6}, {4, 5}, {1, 3}], [{8, 7}, {2, 6}, {5}, {4}, {1, 3}], [{8, 7}, {3, 6}, {1, 5}, {2, 4}], [{8, 7}, {3, 6}, {1, 5}, {4}, {2}], [{8, 7}, {3, 6}, {2, 5}, {1, 4}], [{8, 7}, {3, 6}, {2, 5}, {4}, {1}], [{8, 7}, {3, 6}, {4, 5}, {1, 2}], [{8, 7}, {3, 6}, {5}, {4}, {1, 2}], [{8, 7}, {4, 6}, {1, 5}, {2, 3}], [{8, 7}, {4, 6}, {2, 5}, {1, 3}], [{8, 7}, {4, 6}, {3, 5}, {1, 2}], [{8, 7}, {4, 6}, {5}, {1, 3}, {2}], [{8, 7}, {5, 6}, {1, 4}, {2, 3}], [{8, 7}, {5, 6}, {2, 4}, {1, 3}], [{8, 7}, {5, 6}, {3, 4}, {1, 2}], [{8, 7}, {5, 6}, {3, 4}, {2}, {1}], [{8, 7}, {6}, {3, 5}, {1, 4}, {2}], [{8, 7}, {6}, {5}, {2, 4}, {1, 3}], [{8}, {1, 7}, {2, 6}, {3, 5}, {4}], [{8}, {1, 7}, {5, 6}, {3, 4}, {2}], [{8}, {2, 7}, {1, 6}, {3, 5}, {4}], [{8}, {2, 7}, {3, 6}, {5}, {1, 4}], [{8}, {2, 7}, {4, 6}, {1, 5}, {3}], [{8}, {2, 7}, {5, 6}, {3, 4}, {1}], [{8}, {2, 7}, {6}, {4, 5}, {1, 3}], [{8}, {3, 7}, {6}, {4, 5}, {1, 2}], [{8}, {4, 7}, {1, 6}, {5}, {2, 3}], [{8}, {4, 7}, {2, 6}, {5}, {1, 3}], [{8}, {4, 7}, {3, 6}, {1, 5}, {2}], [{8}, {4, 7}, {3, 6}, {2, 5}, {1}], [{8}, {4, 7}, {3, 6}, {5}, {1, 2}], [{8}, {5, 7}, {2, 6}, {1, 4}, {3}], [{8}, {5, 7}, {4, 6}, {3}, {1, 2}], [{8}, {6, 7}, {3, 5}, {4}, {1, 2}], [{8}, {7}, {5, 6}, {1, 4}, {2, 3}], [{8}, {7}, {5, 6}, {2, 4}, {1, 3}], [{8}, {7}, {5, 6}, {3, 4}, {1, 2}], [{8}, {7}, {5, 6}, {3, 4}, {2}, {1}]]",2,12 K_1^3 + 4 K_1^2 K_2 - 34 K_1^2 - 36 K_1 K_2 - 4 K_1 K_3 + 9 K_1 - 4 K_2^2 + 17 K_2 + 15 K_3 + 3 K_4 + 19,O1O2O3O4U3U5U4O6U7O8O7U2U8O5U1U6,O1O2O3U1U3U4U5O6O5U2O7O4U8U7O8U6,O1O2O3U4O5U6U5O7O6U2O8O4U8U7U1U3,c,{'O1O2O3O4U5U4O6U7U3O8O7U8O5U1U6U2'},1,"<a href=""/flatknot/8.850974"">8.850974</a>",t^9-35t^7-72t^6+51t^5+110t^4-88t^3-34t^2+44t-4,t^2-2t,,
8.850975,O1O2O3O4U5U4O6U7U3O8O7U8O5U2U1U6,4,25z^2+110z+121,25w^3z^2+110w^2z+121w,False,False,"[[ 0 -1 -1  1  1 -1  2  0 -1],[ 1  0  0  2  1 -1  2  1 -1],[ 1  0  0  2  1 -1  1  1 -1],[-1 -2 -2  0  0 -1 -1 -1 -1],[-1 -1 -1  0  0 -1 -1 -1  0],[ 1  1  1  1  1  0  2  0  0],[-2 -2 -1  1  1 -2  0 -1 -1],[ 0 -1 -1  1  1  0  1  0 -1],[ 1  1  1  1  0  0  1  1  0]]","[[ 0  2  1  1  0 -1 -1 -1 -1],[-2  0  1  1 -1 -1 -1 -2 -2],[-1 -1  0  0 -1  0 -1 -1 -1],[-1 -1  0  0 -1 -1 -2 -1 -2],[ 0  1  1  1  0 -1 -1  0 -1],[ 1  1  0  1  1  0  1  0  1],[ 1  1  1  2  1 -1  0 -1  0],[ 1  2  1  1  0  0  1  0  1],[ 1  2  1  2  1 -1  0 -1  0]]",True,"[-2,-1,-1,0,1,1,1,1,-1,-1,1,1,1,2,2,0,1,0,1,1,1,1,1,2,1,2,1,1,0,1,-1,0,-1,1,0,-1]","[-2,-1,-1,0,1,1,1,1,-1,-1,1,1,1,2,2,0,1,0,1,1,1,1,1,2,1,2,1,1,0,1,-1,0,-1,1,0,-1]",t^8+35t^6+84t^4+22t^2+1,"[-1,-1,-1,-1,0,1,1,2,-1,-1,0,0,1,2,2,0,1,0,0,1,1,1,0,0,1,2,1,1,1,1,0,0,1,0,2,2]","[-2,-1,-1,0,1,1,1,1,2,2,1,1,1,2,2,0,0,0,1,0,1,0,1,1,1,2,0,1,0,0,-1,0,-1,1,0,-1]","[-1,-1,-1,-1,0,1,1,2,-1,-1,0,1,1,2,1,0,1,0,1,1,2,1,1,0,1,1,1,1,2,2,1,1,1,0,-1,-1]",c,"[[{8, 1}, {2, 7}, {3, 6}, {4, 5}], [{8, 1}, {2, 7}, {4, 6}, {3, 5}], [{8, 1}, {2, 7}, {5, 6}, {3, 4}], [{8, 1}, {3, 7}, {2, 6}, {4, 5}], [{8, 1}, {3, 7}, {4, 6}, {2, 5}], [{8, 1}, {3, 7}, {5, 6}, {2, 4}], [{8, 1}, {3, 7}, {6}, {4, 5}, {2}], [{8, 1}, {4, 7}, {2, 6}, {3, 5}], [{8, 1}, {4, 7}, {3, 6}, {2, 5}], [{8, 1}, {4, 7}, {3, 6}, {5}, {2}], [{8, 1}, {4, 7}, {5, 6}, {2, 3}], [{8, 1}, {4, 7}, {6}, {2, 5}, {3}], [{8, 1}, {5, 7}, {2, 6}, {3, 4}], [{8, 1}, {5, 7}, {3, 6}, {2, 4}], [{8, 1}, {5, 7}, {4, 6}, {2, 3}], [{8, 1}, {5, 7}, {4, 6}, {3}, {2}], [{8, 1}, {6, 7}, {2, 5}, {3, 4}], [{8, 1}, {6, 7}, {3, 5}, {2, 4}], [{8, 1}, {6, 7}, {3, 5}, {4}, {2}], [{8, 1}, {6, 7}, {4, 5}, {2, 3}], [{8, 1}, {7}, {5, 6}, {2, 4}, {3}], [{8, 1}, {7}, {5, 6}, {3, 4}, {2}], [{8, 1}, {7}, {5, 6}, {4}, {2, 3}], [{8, 2}, {1, 7}, {3, 6}, {4, 5}], [{8, 2}, {1, 7}, {4, 6}, {3, 5}], [{8, 2}, {1, 7}, {5, 6}, {3, 4}], [{8, 2}, {1, 7}, {5, 6}, {4}, {3}], [{8, 2}, {3, 7}, {1, 6}, {4, 5}], [{8, 2}, {3, 7}, {4, 6}, {1, 5}], [{8, 2}, {3, 7}, {4, 6}, {5}, {1}], [{8, 2}, {3, 7}, {5, 6}, {1, 4}], [{8, 2}, {3, 7}, {5, 6}, {4}, {1}], [{8, 2}, {3, 7}, {6}, {4, 5}, {1}], [{8, 2}, {4, 7}, {1, 6}, {3, 5}], [{8, 2}, {4, 7}, {3, 6}, {1, 5}], [{8, 2}, {4, 7}, {3, 6}, {5}, {1}], [{8, 2}, {4, 7}, {5, 6}, {1, 3}], [{8, 2}, {4, 7}, {5, 6}, {3}, {1}], [{8, 2}, {4, 7}, {6}, {3, 5}, {1}], [{8, 2}, {5, 7}, {1, 6}, {3, 4}], [{8, 2}, {5, 7}, {3, 6}, {1, 4}], [{8, 2}, {5, 7}, {3, 6}, {4}, {1}], [{8, 2}, {5, 7}, {4, 6}, {1, 3}], [{8, 2}, {5, 7}, {4, 6}, {3}, {1}], [{8, 2}, {5, 7}, {6}, {3, 4}, {1}], [{8, 2}, {6, 7}, {1, 5}, {3, 4}], [{8, 2}, {6, 7}, {3, 5}, {1, 4}], [{8, 2}, {6, 7}, {3, 5}, {4}, {1}], [{8, 2}, {6, 7}, {4, 5}, {1, 3}], [{8, 2}, {6, 7}, {4, 5}, {3}, {1}], [{8, 2}, {6, 7}, {5}, {3, 4}, {1}], [{8, 2}, {7}, {3, 6}, {4, 5}, {1}], [{8, 2}, {7}, {4, 6}, {3, 5}, {1}], [{8, 2}, {7}, {5, 6}, {1, 4}, {3}], [{8, 2}, {7}, {5, 6}, {3, 4}, {1}], [{8, 2}, {7}, {5, 6}, {4}, {1, 3}], [{8, 2}, {7}, {5, 6}, {4}, {3}, {1}], [{8, 3}, {1, 7}, {2, 6}, {4, 5}], [{8, 3}, {1, 7}, {4, 6}, {2, 5}], [{8, 3}, {1, 7}, {5, 6}, {2, 4}], [{8, 3}, {2, 7}, {1, 6}, {4, 5}], [{8, 3}, {2, 7}, {4, 6}, {1, 5}], [{8, 3}, {2, 7}, {5, 6}, {1, 4}], [{8, 3}, {2, 7}, {6}, {5}, {1, 4}], [{8, 3}, {4, 7}, {1, 6}, {2, 5}], [{8, 3}, {4, 7}, {2, 6}, {1, 5}], [{8, 3}, {4, 7}, {5, 6}, {1, 2}], [{8, 3}, {5, 7}, {1, 6}, {2, 4}], [{8, 3}, {5, 7}, {1, 6}, {4}, {2}], [{8, 3}, {5, 7}, {2, 6}, {1, 4}], [{8, 3}, {5, 7}, {4, 6}, {1, 2}], [{8, 3}, {5, 7}, {4, 6}, {2}, {1}], [{8, 3}, {5, 7}, {6}, {1, 4}, {2}], [{8, 3}, {6, 7}, {1, 5}, {2, 4}], [{8, 3}, {6, 7}, {2, 5}, {1, 4}], [{8, 3}, {6, 7}, {4, 5}, {1, 2}], [{8, 3}, {6, 7}, {5}, {1, 4}, {2}], [{8, 3}, {7}, {1, 6}, {5}, {2, 4}], [{8, 3}, {7}, {2, 6}, {5}, {1, 4}], [{8, 3}, {7}, {5, 6}, {1, 4}, {2}], [{8, 3}, {7}, {5, 6}, {2, 4}, {1}], [{8, 3}, {7}, {5, 6}, {4}, {1, 2}], [{8, 3}, {7}, {6}, {1, 5}, {2, 4}], [{8, 3}, {7}, {6}, {2, 5}, {1, 4}], [{8, 4}, {1, 7}, {2, 6}, {3, 5}], [{8, 4}, {1, 7}, {3, 6}, {2, 5}], [{8, 4}, {1, 7}, {5, 6}, {2, 3}], [{8, 4}, {1, 7}, {6}, {3, 5}, {2}], [{8, 4}, {2, 7}, {1, 6}, {3, 5}], [{8, 4}, {2, 7}, {3, 6}, {1, 5}], [{8, 4}, {2, 7}, {5, 6}, {1, 3}], [{8, 4}, {2, 7}, {6}, {3, 5}, {1}], [{8, 4}, {3, 7}, {1, 6}, {2, 5}], [{8, 4}, {3, 7}, {2, 6}, {1, 5}], [{8, 4}, {3, 7}, {5, 6}, {1, 2}], [{8, 4}, {5, 7}, {1, 6}, {2, 3}], [{8, 4}, {5, 7}, {2, 6}, {1, 3}], [{8, 4}, {5, 7}, {3, 6}, {1, 2}], [{8, 4}, {6, 7}, {1, 5}, {2, 3}], [{8, 4}, {6, 7}, {2, 5}, {1, 3}], [{8, 4}, {6, 7}, {3, 5}, {1, 2}], [{8, 4}, {6, 7}, {3, 5}, {2}, {1}], [{8, 4}, {7}, {1, 6}, {2, 5}, {3}], [{8, 4}, {7}, {1, 6}, {3, 5}, {2}], [{8, 4}, {7}, {1, 6}, {5}, {2, 3}], [{8, 4}, {7}, {2, 6}, {1, 5}, {3}], [{8, 4}, {7}, {2, 6}, {3, 5}, {1}], [{8, 4}, {7}, {2, 6}, {5}, {1, 3}], [{8, 4}, {7}, {3, 6}, {1, 5}, {2}], [{8, 4}, {7}, {3, 6}, {2, 5}, {1}], [{8, 4}, {7}, {3, 6}, {5}, {1, 2}], [{8, 4}, {7}, {5, 6}, {1, 3}, {2}], [{8, 4}, {7}, {5, 6}, {2, 3}, {1}], [{8, 4}, {7}, {5, 6}, {3}, {1, 2}], [{8, 4}, {7}, {6}, {1, 5}, {2, 3}], [{8, 4}, {7}, {6}, {2, 5}, {1, 3}], [{8, 4}, {7}, {6}, {3, 5}, {1, 2}], [{8, 5}, {1, 7}, {2, 6}, {3, 4}], [{8, 5}, {1, 7}, {3, 6}, {2, 4}], [{8, 5}, {1, 7}, {4, 6}, {2, 3}], [{8, 5}, {2, 7}, {1, 6}, {3, 4}], [{8, 5}, {2, 7}, {3, 6}, {1, 4}], [{8, 5}, {2, 7}, {4, 6}, {1, 3}], [{8, 5}, {3, 7}, {1, 6}, {2, 4}], [{8, 5}, {3, 7}, {2, 6}, {1, 4}], [{8, 5}, {3, 7}, {4, 6}, {1, 2}], [{8, 5}, {4, 7}, {1, 6}, {2, 3}], [{8, 5}, {4, 7}, {2, 6}, {1, 3}], [{8, 5}, {4, 7}, {3, 6}, {1, 2}], [{8, 5}, {4, 7}, {3, 6}, {2}, {1}], [{8, 5}, {6, 7}, {1, 4}, {2, 3}], [{8, 5}, {6, 7}, {1, 4}, {3}, {2}], [{8, 5}, {6, 7}, {2, 4}, {1, 3}], [{8, 5}, {6, 7}, {3, 4}, {1, 2}], [{8, 5}, {7}, {6}, {1, 4}, {2, 3}], [{8, 5}, {7}, {6}, {2, 4}, {1, 3}], [{8, 6}, {1, 7}, {2, 5}, {3, 4}], [{8, 6}, {1, 7}, {2, 5}, {4}, {3}], [{8, 6}, {1, 7}, {3, 5}, {2, 4}], [{8, 6}, {1, 7}, {4, 5}, {2, 3}], [{8, 6}, {2, 7}, {1, 5}, {3, 4}], [{8, 6}, {2, 7}, {3, 5}, {1, 4}], [{8, 6}, {2, 7}, {4, 5}, {1, 3}], [{8, 6}, {3, 7}, {1, 5}, {2, 4}], [{8, 6}, {3, 7}, {2, 5}, {1, 4}], [{8, 6}, {3, 7}, {4, 5}, {1, 2}], [{8, 6}, {3, 7}, {4, 5}, {2}, {1}], [{8, 6}, {4, 7}, {1, 5}, {2, 3}], [{8, 6}, {4, 7}, {2, 5}, {1, 3}], [{8, 6}, {4, 7}, {3, 5}, {1, 2}], [{8, 6}, {5, 7}, {1, 4}, {2, 3}], [{8, 6}, {5, 7}, {2, 4}, {1, 3}], [{8, 6}, {5, 7}, {3, 4}, {1, 2}], [{8, 6}, {7}, {5}, {1, 4}, {2, 3}], [{8, 6}, {7}, {5}, {2, 4}, {1, 3}], [{8, 7}, {1, 6}, {2, 5}, {3, 4}], [{8, 7}, {1, 6}, {3, 5}, {2, 4}], [{8, 7}, {1, 6}, {4, 5}, {2, 3}], [{8, 7}, {2, 6}, {1, 5}, {3, 4}], [{8, 7}, {2, 6}, {1, 5}, {4}, {3}], [{8, 7}, {2, 6}, {3, 5}, {1, 4}], [{8, 7}, {2, 6}, {4, 5}, {1, 3}], [{8, 7}, {3, 6}, {1, 5}, {2, 4}], [{8, 7}, {3, 6}, {1, 5}, {4}, {2}], [{8, 7}, {3, 6}, {2, 5}, {1, 4}], [{8, 7}, {3, 6}, {2, 5}, {4}, {1}], [{8, 7}, {3, 6}, {4, 5}, {1, 2}], [{8, 7}, {3, 6}, {5}, {4}, {1, 2}], [{8, 7}, {4, 6}, {1, 5}, {2, 3}], [{8, 7}, {4, 6}, {2, 5}, {1, 3}], [{8, 7}, {4, 6}, {3, 5}, {1, 2}], [{8, 7}, {5, 6}, {1, 4}, {2, 3}], [{8, 7}, {5, 6}, {2, 4}, {1, 3}], [{8, 7}, {5, 6}, {3, 4}, {1, 2}], [{8, 7}, {5, 6}, {3, 4}, {2}, {1}], [{8, 7}, {6}, {1, 5}, {4}, {2, 3}], [{8}, {1, 7}, {2, 6}, {3, 5}, {4}], [{8}, {1, 7}, {5, 6}, {3, 4}, {2}], [{8}, {2, 7}, {1, 6}, {3, 5}, {4}], [{8}, {2, 7}, {5, 6}, {3, 4}, {1}], [{8}, {3, 7}, {1, 6}, {4, 5}, {2}], [{8}, {3, 7}, {2, 6}, {4, 5}, {1}], [{8}, {3, 7}, {6}, {4, 5}, {1, 2}], [{8}, {3, 7}, {6}, {4, 5}, {2}, {1}], [{8}, {4, 7}, {2, 6}, {1, 5}, {3}], [{8}, {4, 7}, {3, 6}, {1, 5}, {2}], [{8}, {4, 7}, {3, 6}, {2, 5}, {1}], [{8}, {4, 7}, {3, 6}, {5}, {1, 2}], [{8}, {4, 7}, {3, 6}, {5}, {2}, {1}], [{8}, {4, 7}, {6}, {1, 5}, {2, 3}], [{8}, {5, 7}, {4, 6}, {1, 3}, {2}], [{8}, {5, 7}, {4, 6}, {2, 3}, {1}], [{8}, {5, 7}, {4, 6}, {3}, {1, 2}], [{8}, {5, 7}, {4, 6}, {3}, {2}, {1}], [{8}, {6, 7}, {3, 5}, {1, 4}, {2}], [{8}, {6, 7}, {3, 5}, {2, 4}, {1}], [{8}, {6, 7}, {3, 5}, {4}, {1, 2}], [{8}, {6, 7}, {3, 5}, {4}, {2}, {1}], [{8}, {7}, {5, 6}, {1, 4}, {2, 3}], [{8}, {7}, {5, 6}, {2, 4}, {1, 3}], [{8}, {7}, {5, 6}, {3, 4}, {1, 2}], [{8}, {7}, {5, 6}, {3, 4}, {2}, {1}]]",2,8 K_1^3 + 4 K_1^2 K_2 - 10 K_1^2 - 16 K_1 K_2 - 4 K_1 K_3 + 2 K_1 - 4 K_2^2 + 5 K_2 + 6 K_3 + 3 K_4 + 7,O1O2O3O4U5U4U3O6U7O8O7U2U8O5U1U6,O1O2O3U2U1U4U5O6O5U3O7O4U8U7O8U6,O1O2O3U4O5U6U5O7O6U1O8O4U8U7U3U2,c,{'O1O2O3O4U5U4O6U7U3O8O7U8O5U2U1U6'},1,"<a href=""/flatknot/8.850975"">8.850975</a>",t^9-33t^7-96t^6-57t^5+64t^4+22t^3-50t^2-3t+2,-t^2+2t,,
8.850976,O1O2O3O4U5U4O6U7U3O8O7U8O5U6U1U2,4,3z^3+33z^2+109z+111,3w^4z^3+33w^3z^2+109w^2z+111w,False,False,"[[ 0 -1  1  1  1 -1  0  0 -1],[ 1  0  1  1  1  0  0  1 -1],[-1 -1  0  1  1 -2  0 -1 -1],[-1 -1 -1  0  0 -1 -1 -1 -1],[-1 -1 -1  0  0 -1 -1 -1  0],[ 1  0  2  1  1  0  0  0  0],[ 0  0  0  1  1  0  0  1 -1],[ 0 -1  1  1  1  0 -1  0 -1],[ 1  1  1  1  0  0  1  1  0]]","[[ 0  1  1  1  0  0 -1 -1 -1],[-1  0  1  1  0 -1 -1 -1 -2],[-1 -1  0  0 -1 -1  0 -1 -1],[-1 -1  0  0 -1 -1 -1 -1 -1],[ 0  0  1  1  0  1 -1  0  0],[ 0  1  1  1 -1  0 -1 -1  0],[ 1  1  0  1  1  1  0  1  0],[ 1  1  1  1  0  1 -1  0  0],[ 1  2  1  1  0  0  0  0  0]]",True,"[-1,-1,-1,0,0,1,1,1,-1,-1,0,1,1,1,2,0,1,1,0,1,1,1,1,1,1,1,-1,1,0,0,1,1,0,-1,0,0]","[-1,-1,-1,0,0,1,1,1,-1,-1,0,1,1,1,2,0,1,1,0,1,1,1,1,1,1,1,-1,1,0,0,1,1,0,-1,0,0]",t^8+23t^6+72t^4+25t^2+1,"[-1,-1,-1,0,0,1,1,1,-1,0,0,0,1,1,2,0,0,1,1,1,1,1,1,0,1,1,1,0,0,0,1,0,0,-1,-1,0]","[-1,-1,-1,0,0,1,1,1,-1,0,0,0,1,1,1,1,0,1,0,1,1,0,0,1,1,2,-1,1,0,0,1,1,0,0,0,-1]","[-1,-1,-1,0,0,1,1,1,-1,0,0,1,1,1,1,0,1,1,0,1,1,0,0,1,1,2,1,1,1,0,1,1,1,0,-1,-1]",c,"[[{8, 3}, {6, 7}, {4, 5}, {1, 2}], [{8, 4}, {3, 7}, {5, 6}, {1, 2}], [{8, 4}, {5, 7}, {3, 6}, {1, 2}], [{8, 4}, {6, 7}, {3, 5}, {1, 2}], [{8, 4}, {7}, {3, 6}, {5}, {1, 2}], [{8, 4}, {7}, {5, 6}, {3}, {1, 2}], [{8, 4}, {7}, {6}, {3, 5}, {1, 2}]]",1,8 K_1^3 - 24 K_1^2 - 8 K_1 K_2 - 2 K_1 + 12 K_2 + 2 K_3 + 13,O1O2O3O4U3U4U5O6U7O8O7U2U8O5U1U6,O1O2O3U2U3U4U5O6O5U1O7O4U8U7O8U6,O1O2O3U4O5U6U5O7O6U3O8O4U8U7U1U2,c,{'O1O2O3O4U5U4O6U7U3O8O7U8O5U6U1U2'},1,"<a href=""/flatknot/8.850976"">8.850976</a>",t^9-23t^7-40t^6+44t^5+98t^4-25t^3-66t^2-3t+2,0,,
8.850977,O1O2O3O4U5U4O6U7U6O8O7U1O5U2U3U8,4,6z^3+42z^2+109z+99,6w^4z^3+42w^3z^2+109w^2z+99w,False,False,"[[ 0 -2 -1  1  1 -1  1  0  1],[ 2  0  0  1  0  1  1  1  1],[ 1  0  0  1  1  0  1  0  0],[-1 -1 -1  0  1 -2  1 -2 -1],[-1  0 -1 -1  0 -1  0 -1 -1],[ 1 -1  0  2  1  0  0  2  2],[-1 -1 -1 -1  0  0  0 -1 -1],[ 0 -1  0  2  1 -2  1  0  1],[-1 -1  0  1  1 -2  1 -1  0]]","[[ 0  1  1  1  1  0 -1 -1 -2],[-1  0  1  1  1 -1  0 -2 -1],[-1 -1  0  1  1 -2 -1 -2 -1],[-1 -1 -1  0  0 -1 -1  0 -1],[-1 -1 -1  0  0 -1 -1 -1  0],[ 0  1  2  1  1  0  0 -2 -1],[ 1  0  1  1  1  0  0  0  0],[ 1  2  2  0  1  2  0  0 -1],[ 2  1  1  1  0  1  0  1  0]]",True,"[-1,-1,-1,-1,0,1,1,2,-1,-1,-1,1,0,2,1,-1,-1,2,1,2,1,0,1,1,0,1,1,1,1,0,0,2,1,0,0,1]","[-2,-1,-1,0,1,1,1,1,0,1,1,0,1,1,1,0,0,1,0,1,1,2,1,2,0,2,1,1,1,2,-1,0,-1,1,1,-1]",t^8+33t^6+98t^4+47t^2+1,"[-2,-1,-1,0,1,1,1,1,0,1,1,2,2,2,3,0,-1,0,0,2,1,1,1,2,1,1,-1,0,0,0,1,-1,-1,-1,-1,0]","[-1,-1,-1,-1,0,1,1,2,-1,-1,0,0,1,1,3,-1,1,-1,0,1,2,1,0,0,2,2,0,2,1,2,-1,1,1,0,0,1]","[-2,-1,-1,0,1,1,1,1,0,1,1,0,1,1,1,0,0,1,0,1,1,2,1,2,0,2,1,1,1,2,-1,0,-1,1,1,-1]",c,"[[{8, 1}, {2, 7}, {3, 6}, {4, 5}], [{8, 1}, {2, 7}, {3, 6}, {5}, {4}], [{8, 1}, {2, 7}, {4, 6}, {3, 5}], [{8, 1}, {2, 7}, {4, 6}, {5}, {3}], [{8, 1}, {2, 7}, {5, 6}, {3, 4}], [{8, 1}, {2, 7}, {5, 6}, {4}, {3}], [{8, 1}, {2, 7}, {6}, {3, 5}, {4}], [{8, 1}, {2, 7}, {6}, {4, 5}, {3}], [{8, 1}, {2, 7}, {6}, {5}, {3, 4}], [{8, 1}, {2, 7}, {6}, {5}, {4}, {3}], [{8, 1}, {3, 7}, {2, 6}, {4, 5}], [{8, 1}, {3, 7}, {4, 6}, {2, 5}], [{8, 1}, {3, 7}, {4, 6}, {5}, {2}], [{8, 1}, {3, 7}, {5, 6}, {2, 4}], [{8, 1}, {3, 7}, {5, 6}, {4}, {2}], [{8, 1}, {3, 7}, {6}, {4, 5}, {2}], [{8, 1}, {4, 7}, {2, 6}, {3, 5}], [{8, 1}, {4, 7}, {2, 6}, {5}, {3}], [{8, 1}, {4, 7}, {3, 6}, {2, 5}], [{8, 1}, {4, 7}, {5, 6}, {2, 3}], [{8, 1}, {5, 7}, {2, 6}, {3, 4}], [{8, 1}, {5, 7}, {3, 6}, {2, 4}], [{8, 1}, {5, 7}, {4, 6}, {2, 3}], [{8, 1}, {5, 7}, {4, 6}, {3}, {2}], [{8, 1}, {6, 7}, {2, 5}, {3, 4}], [{8, 1}, {6, 7}, {3, 5}, {2, 4}], [{8, 1}, {6, 7}, {4, 5}, {2, 3}], [{8, 1}, {6, 7}, {5}, {2, 4}, {3}], [{8, 1}, {7}, {4, 6}, {2, 5}, {3}], [{8, 1}, {7}, {4, 6}, {3, 5}, {2}], [{8, 1}, {7}, {4, 6}, {5}, {2, 3}], [{8, 1}, {7}, {4, 6}, {5}, {3}, {2}], [{8, 1}, {7}, {5, 6}, {4}, {2, 3}], [{8, 1}, {7}, {6}, {4, 5}, {2, 3}], [{8, 2}, {1, 7}, {3, 6}, {4, 5}], [{8, 2}, {1, 7}, {4, 6}, {3, 5}], [{8, 2}, {1, 7}, {5, 6}, {3, 4}], [{8, 2}, {1, 7}, {5, 6}, {4}, {3}], [{8, 2}, {3, 7}, {1, 6}, {4, 5}], [{8, 2}, {3, 7}, {4, 6}, {1, 5}], [{8, 2}, {3, 7}, {5, 6}, {1, 4}], [{8, 2}, {3, 7}, {6}, {1, 5}, {4}], [{8, 2}, {4, 7}, {1, 6}, {3, 5}], [{8, 2}, {4, 7}, {3, 6}, {1, 5}], [{8, 2}, {4, 7}, {5, 6}, {1, 3}], [{8, 2}, {5, 7}, {1, 6}, {3, 4}], [{8, 2}, {5, 7}, {3, 6}, {1, 4}], [{8, 2}, {5, 7}, {3, 6}, {4}, {1}], [{8, 2}, {5, 7}, {4, 6}, {1, 3}], [{8, 2}, {6, 7}, {1, 5}, {3, 4}], [{8, 2}, {6, 7}, {3, 5}, {1, 4}], [{8, 2}, {6, 7}, {4, 5}, {1, 3}], [{8, 2}, {6, 7}, {5}, {3, 4}, {1}], [{8, 3}, {1, 7}, {2, 6}, {4, 5}], [{8, 3}, {1, 7}, {4, 6}, {2, 5}], [{8, 3}, {1, 7}, {5, 6}, {2, 4}], [{8, 3}, {2, 7}, {1, 6}, {4, 5}], [{8, 3}, {2, 7}, {4, 6}, {1, 5}], [{8, 3}, {2, 7}, {4, 6}, {5}, {1}], [{8, 3}, {2, 7}, {5, 6}, {1, 4}], [{8, 3}, {2, 7}, {6}, {1, 5}, {4}], [{8, 3}, {4, 7}, {1, 6}, {2, 5}], [{8, 3}, {4, 7}, {1, 6}, {5}, {2}], [{8, 3}, {4, 7}, {2, 6}, {1, 5}], [{8, 3}, {4, 7}, {5, 6}, {1, 2}], [{8, 3}, {4, 7}, {5, 6}, {2}, {1}], [{8, 3}, {4, 7}, {6}, {1, 5}, {2}], [{8, 3}, {5, 7}, {1, 6}, {2, 4}], [{8, 3}, {5, 7}, {2, 6}, {1, 4}], [{8, 3}, {5, 7}, {4, 6}, {1, 2}], [{8, 3}, {6, 7}, {1, 5}, {2, 4}], [{8, 3}, {6, 7}, {1, 5}, {4}, {2}], [{8, 3}, {6, 7}, {2, 5}, {1, 4}], [{8, 3}, {6, 7}, {4, 5}, {1, 2}], [{8, 3}, {6, 7}, {4, 5}, {2}, {1}], [{8, 3}, {6, 7}, {5}, {1, 4}, {2}], [{8, 3}, {7}, {2, 6}, {1, 5}, {4}], [{8, 3}, {7}, {4, 6}, {1, 5}, {2}], [{8, 3}, {7}, {6}, {1, 5}, {2, 4}], [{8, 3}, {7}, {6}, {1, 5}, {4}, {2}], [{8, 4}, {1, 7}, {2, 6}, {3, 5}], [{8, 4}, {1, 7}, {3, 6}, {2, 5}], [{8, 4}, {1, 7}, {5, 6}, {2, 3}], [{8, 4}, {1, 7}, {6}, {3, 5}, {2}], [{8, 4}, {2, 7}, {1, 6}, {3, 5}], [{8, 4}, {2, 7}, {3, 6}, {1, 5}], [{8, 4}, {2, 7}, {5, 6}, {1, 3}], [{8, 4}, {2, 7}, {6}, {1, 5}, {3}], [{8, 4}, {3, 7}, {1, 6}, {2, 5}], [{8, 4}, {3, 7}, {2, 6}, {1, 5}], [{8, 4}, {3, 7}, {2, 6}, {5}, {1}], [{8, 4}, {3, 7}, {5, 6}, {1, 2}], [{8, 4}, {5, 7}, {1, 6}, {2, 3}], [{8, 4}, {5, 7}, {2, 6}, {1, 3}], [{8, 4}, {5, 7}, {3, 6}, {1, 2}], [{8, 4}, {6, 7}, {1, 5}, {2, 3}], [{8, 4}, {6, 7}, {1, 5}, {3}, {2}], [{8, 4}, {6, 7}, {2, 5}, {1, 3}], [{8, 4}, {6, 7}, {3, 5}, {1, 2}], [{8, 4}, {6, 7}, {3, 5}, {2}, {1}], [{8, 4}, {6, 7}, {5}, {1, 3}, {2}], [{8, 4}, {7}, {1, 6}, {3, 5}, {2}], [{8, 4}, {7}, {2, 6}, {1, 5}, {3}], [{8, 4}, {7}, {3, 6}, {5}, {1, 2}], [{8, 4}, {7}, {5, 6}, {2, 3}, {1}], [{8, 4}, {7}, {6}, {2, 5}, {1, 3}], [{8, 5}, {1, 7}, {2, 6}, {3, 4}], [{8, 5}, {1, 7}, {3, 6}, {2, 4}], [{8, 5}, {1, 7}, {4, 6}, {2, 3}], [{8, 5}, {2, 7}, {1, 6}, {3, 4}], [{8, 5}, {2, 7}, {1, 6}, {4}, {3}], [{8, 5}, {2, 7}, {3, 6}, {1, 4}], [{8, 5}, {2, 7}, {3, 6}, {4}, {1}], [{8, 5}, {2, 7}, {4, 6}, {1, 3}], [{8, 5}, {2, 7}, {4, 6}, {3}, {1}], [{8, 5}, {2, 7}, {6}, {1, 4}, {3}], [{8, 5}, {2, 7}, {6}, {3, 4}, {1}], [{8, 5}, {2, 7}, {6}, {4}, {1, 3}], [{8, 5}, {2, 7}, {6}, {4}, {3}, {1}], [{8, 5}, {3, 7}, {1, 6}, {2, 4}], [{8, 5}, {3, 7}, {2, 6}, {1, 4}], [{8, 5}, {3, 7}, {4, 6}, {1, 2}], [{8, 5}, {3, 7}, {6}, {2, 4}, {1}], [{8, 5}, {4, 7}, {1, 6}, {2, 3}], [{8, 5}, {4, 7}, {2, 6}, {1, 3}], [{8, 5}, {4, 7}, {3, 6}, {1, 2}], [{8, 5}, {4, 7}, {6}, {2, 3}, {1}], [{8, 5}, {6, 7}, {1, 4}, {2, 3}], [{8, 5}, {6, 7}, {2, 4}, {1, 3}], [{8, 5}, {6, 7}, {3, 4}, {1, 2}], [{8, 5}, {7}, {4, 6}, {1, 3}, {2}], [{8, 6}, {1, 7}, {2, 5}, {3, 4}], [{8, 6}, {1, 7}, {3, 5}, {2, 4}], [{8, 6}, {1, 7}, {4, 5}, {2, 3}], [{8, 6}, {1, 7}, {5}, {2, 4}, {3}], [{8, 6}, {2, 7}, {1, 5}, {3, 4}], [{8, 6}, {2, 7}, {1, 5}, {4}, {3}], [{8, 6}, {2, 7}, {3, 5}, {1, 4}], [{8, 6}, {2, 7}, {4, 5}, {1, 3}], [{8, 6}, {3, 7}, {1, 5}, {2, 4}], [{8, 6}, {3, 7}, {2, 5}, {1, 4}], [{8, 6}, {3, 7}, {4, 5}, {1, 2}], [{8, 6}, {4, 7}, {1, 5}, {2, 3}], [{8, 6}, {4, 7}, {1, 5}, {3}, {2}], [{8, 6}, {4, 7}, {2, 5}, {1, 3}], [{8, 6}, {4, 7}, {3, 5}, {1, 2}], [{8, 6}, {4, 7}, {3, 5}, {2}, {1}], [{8, 6}, {4, 7}, {5}, {1, 3}, {2}], [{8, 6}, {5, 7}, {1, 4}, {2, 3}], [{8, 6}, {5, 7}, {2, 4}, {1, 3}], [{8, 6}, {5, 7}, {2, 4}, {3}, {1}], [{8, 6}, {5, 7}, {3, 4}, {1, 2}], [{8, 6}, {7}, {1, 5}, {2, 4}, {3}], [{8, 6}, {7}, {2, 5}, {1, 4}, {3}], [{8, 6}, {7}, {4, 5}, {2, 3}, {1}], [{8, 7}, {1, 6}, {2, 5}, {3, 4}], [{8, 7}, {1, 6}, {3, 5}, {2, 4}], [{8, 7}, {1, 6}, {4, 5}, {2, 3}], [{8, 7}, {2, 6}, {1, 5}, {3, 4}], [{8, 7}, {2, 6}, {3, 5}, {1, 4}], [{8, 7}, {2, 6}, {4, 5}, {1, 3}], [{8, 7}, {3, 6}, {1, 5}, {2, 4}], [{8, 7}, {3, 6}, {2, 5}, {1, 4}], [{8, 7}, {3, 6}, {4, 5}, {1, 2}], [{8, 7}, {4, 6}, {1, 5}, {2, 3}], [{8, 7}, {4, 6}, {2, 5}, {1, 3}], [{8, 7}, {4, 6}, {3, 5}, {1, 2}], [{8, 7}, {5, 6}, {1, 4}, {2, 3}], [{8, 7}, {5, 6}, {2, 4}, {1, 3}], [{8, 7}, {5, 6}, {2, 4}, {3}, {1}], [{8, 7}, {5, 6}, {3, 4}, {1, 2}], [{8, 7}, {6}, {1, 5}, {4}, {2, 3}], [{8}, {2, 7}, {3, 6}, {1, 5}, {4}], [{8}, {2, 7}, {4, 6}, {1, 5}, {3}], [{8}, {2, 7}, {4, 6}, {3, 5}, {1}], [{8}, {2, 7}, {4, 6}, {5}, {1, 3}], [{8}, {2, 7}, {6}, {1, 5}, {3, 4}], [{8}, {2, 7}, {6}, {1, 5}, {4}, {3}], [{8}, {3, 7}, {1, 6}, {5}, {2, 4}], [{8}, {4, 7}, {3, 6}, {1, 5}, {2}], [{8}, {5, 7}, {1, 6}, {3, 4}, {2}], [{8}, {5, 7}, {4, 6}, {2, 3}, {1}], [{8}, {5, 7}, {6}, {2, 4}, {1, 3}], [{8}, {6, 7}, {1, 5}, {3, 4}, {2}], [{8}, {6, 7}, {2, 5}, {4}, {1, 3}], [{8}, {6, 7}, {4, 5}, {3}, {1, 2}], [{8}, {7}, {1, 6}, {4, 5}, {2, 3}], [{8}, {7}, {2, 6}, {1, 5}, {3, 4}], [{8}, {7}, {3, 6}, {1, 5}, {2, 4}], [{8}, {7}, {5, 6}, {1, 4}, {2, 3}]]",2,- 8 K_1^4 + 12 K_1^3 + 16 K_1^2 K_2 - 16 K_1^2 - 8 K_1 K_2 - 6 K_1 K_3 - 5 K_1 + 7 K_2 + K_3 + 8,O1O2O3O4U5U2U3O6U4O7O5U8U7O8U1U6,O1O2O3U4U1U2U5O6O5U7O8O7U3U8O4U6,O1O2O3U4O5U6U1O7O6U7O8O4U8U2U3U5,c,{'O1O2O3O4U5U4O6U7U6O8O7U1O5U2U3U8'},1,"<a href=""/flatknot/8.850977"">8.850977</a>",t^9-35t^7-88t^6+51t^5+274t^4+9t^3-276t^2-41t+38,t^2-2t,,
8.850978,O1O2O3O4U5U4O6U7U6O8O7U1O5U2U8U3,4,21z^2+106z+129,21w^3z^2+106w^2z+129w,False,False,"[[ 0 -2 -1  2  1 -1  1  0  0],[ 2  0  0  2  0  1  1  1  0],[ 1  0  0  2  1  0  1  0 -1],[-2 -2 -2  0  1 -2  1 -2 -2],[-1  0 -1 -1  0 -1  0 -1 -1],[ 1 -1  0  2  1  0  0  2  1],[-1 -1 -1 -1  0  0  0 -1 -1],[ 0 -1  0  2  1 -2  1  0  0],[ 0  0  1  2  1 -1  1  0  0]]","[[ 0  2  1  1  0  0 -1 -1 -2],[-2  0  1  1 -2 -2 -2 -2 -2],[-1 -1  0  0 -1 -1  0 -1 -1],[-1 -1  0  0 -1 -1 -1 -1  0],[ 0  2  1  1  0  0 -1  1  0],[ 0  2  1  1  0  0 -2  0 -1],[ 1  2  0  1  1  2  0  0 -1],[ 1  2  1  1 -1  0  0  0  0],[ 2  2  1  0  0  1  1  0  0]]",True,"[-2,-1,-1,0,0,1,1,2,-1,-1,2,2,2,2,2,0,1,1,0,1,1,1,1,1,1,0,0,1,-1,0,2,0,1,0,1,0]","[-2,-1,-1,0,0,1,1,2,-1,-1,2,2,2,2,2,0,1,1,0,1,1,1,1,1,1,0,0,1,-1,0,2,0,1,0,1,0]",t^8+38t^6+174t^4+90t^2+1,"[-2,-1,-1,0,0,1,1,2,0,1,1,2,2,3,2,0,-1,0,2,1,1,1,2,1,1,1,0,0,0,0,0,0,0,0,2,2]","[-2,-1,-1,0,0,1,1,2,2,2,0,0,1,1,2,0,0,0,1,1,3,0,0,1,2,2,0,1,-1,1,2,0,2,0,1,0]","[-2,-1,-1,0,0,1,1,2,0,1,0,1,0,1,2,0,-1,0,1,1,2,1,2,1,0,2,0,1,1,2,1,1,2,0,-1,-1]",c,"[[{8, 1}, {2, 7}, {3, 6}, {4, 5}], [{8, 1}, {2, 7}, {3, 6}, {5}, {4}], [{8, 1}, {2, 7}, {4, 6}, {3, 5}], [{8, 1}, {2, 7}, {5, 6}, {3, 4}], [{8, 1}, {3, 7}, {2, 6}, {4, 5}], [{8, 1}, {3, 7}, {4, 6}, {2, 5}], [{8, 1}, {3, 7}, {5, 6}, {2, 4}], [{8, 1}, {3, 7}, {5, 6}, {4}, {2}], [{8, 1}, {4, 7}, {2, 6}, {3, 5}], [{8, 1}, {4, 7}, {3, 6}, {2, 5}], [{8, 1}, {4, 7}, {5, 6}, {2, 3}], [{8, 1}, {4, 7}, {6}, {5}, {2, 3}], [{8, 1}, {5, 7}, {2, 6}, {3, 4}], [{8, 1}, {5, 7}, {3, 6}, {2, 4}], [{8, 1}, {5, 7}, {4, 6}, {2, 3}], [{8, 1}, {5, 7}, {4, 6}, {3}, {2}], [{8, 1}, {5, 7}, {6}, {4}, {2, 3}], [{8, 1}, {6, 7}, {2, 5}, {3, 4}], [{8, 1}, {6, 7}, {2, 5}, {4}, {3}], [{8, 1}, {6, 7}, {3, 5}, {2, 4}], [{8, 1}, {6, 7}, {4, 5}, {2, 3}], [{8, 1}, {6, 7}, {5}, {3, 4}, {2}], [{8, 1}, {7}, {2, 6}, {3, 5}, {4}], [{8, 1}, {7}, {6}, {4, 5}, {2, 3}], [{8, 2}, {1, 7}, {3, 6}, {4, 5}], [{8, 2}, {1, 7}, {4, 6}, {3, 5}], [{8, 2}, {1, 7}, {5, 6}, {3, 4}], [{8, 2}, {3, 7}, {1, 6}, {4, 5}], [{8, 2}, {3, 7}, {1, 6}, {5}, {4}], [{8, 2}, {3, 7}, {4, 6}, {1, 5}], [{8, 2}, {3, 7}, {5, 6}, {1, 4}], [{8, 2}, {3, 7}, {5, 6}, {4}, {1}], [{8, 2}, {3, 7}, {6}, {1, 5}, {4}], [{8, 2}, {4, 7}, {1, 6}, {3, 5}], [{8, 2}, {4, 7}, {3, 6}, {1, 5}], [{8, 2}, {4, 7}, {5, 6}, {1, 3}], [{8, 2}, {5, 7}, {1, 6}, {3, 4}], [{8, 2}, {5, 7}, {3, 6}, {1, 4}], [{8, 2}, {5, 7}, {4, 6}, {1, 3}], [{8, 2}, {5, 7}, {4, 6}, {3}, {1}], [{8, 2}, {6, 7}, {1, 5}, {3, 4}], [{8, 2}, {6, 7}, {3, 5}, {1, 4}], [{8, 2}, {6, 7}, {4, 5}, {1, 3}], [{8, 2}, {6, 7}, {5}, {4}, {1, 3}], [{8, 3}, {1, 7}, {2, 6}, {4, 5}], [{8, 3}, {1, 7}, {4, 6}, {2, 5}], [{8, 3}, {1, 7}, {5, 6}, {2, 4}], [{8, 3}, {2, 7}, {1, 6}, {4, 5}], [{8, 3}, {2, 7}, {4, 6}, {1, 5}], [{8, 3}, {2, 7}, {5, 6}, {1, 4}], [{8, 3}, {2, 7}, {6}, {1, 5}, {4}], [{8, 3}, {4, 7}, {1, 6}, {2, 5}], [{8, 3}, {4, 7}, {2, 6}, {1, 5}], [{8, 3}, {4, 7}, {5, 6}, {1, 2}], [{8, 3}, {5, 7}, {1, 6}, {2, 4}], [{8, 3}, {5, 7}, {2, 6}, {1, 4}], [{8, 3}, {5, 7}, {4, 6}, {1, 2}], [{8, 3}, {5, 7}, {4, 6}, {2}, {1}], [{8, 3}, {6, 7}, {1, 5}, {2, 4}], [{8, 3}, {6, 7}, {2, 5}, {1, 4}], [{8, 3}, {6, 7}, {4, 5}, {1, 2}], [{8, 4}, {1, 7}, {2, 6}, {3, 5}], [{8, 4}, {1, 7}, {3, 6}, {2, 5}], [{8, 4}, {1, 7}, {5, 6}, {2, 3}], [{8, 4}, {1, 7}, {6}, {5}, {2, 3}], [{8, 4}, {2, 7}, {1, 6}, {3, 5}], [{8, 4}, {2, 7}, {3, 6}, {1, 5}], [{8, 4}, {2, 7}, {5, 6}, {1, 3}], [{8, 4}, {2, 7}, {6}, {1, 5}, {3}], [{8, 4}, {3, 7}, {1, 6}, {2, 5}], [{8, 4}, {3, 7}, {2, 6}, {1, 5}], [{8, 4}, {3, 7}, {5, 6}, {1, 2}], [{8, 4}, {3, 7}, {5, 6}, {2}, {1}], [{8, 4}, {5, 7}, {1, 6}, {2, 3}], [{8, 4}, {5, 7}, {2, 6}, {1, 3}], [{8, 4}, {5, 7}, {3, 6}, {1, 2}], [{8, 4}, {5, 7}, {6}, {1, 3}, {2}], [{8, 4}, {6, 7}, {1, 5}, {2, 3}], [{8, 4}, {6, 7}, {2, 5}, {1, 3}], [{8, 4}, {6, 7}, {2, 5}, {3}, {1}], [{8, 4}, {6, 7}, {3, 5}, {1, 2}], [{8, 5}, {1, 7}, {2, 6}, {3, 4}], [{8, 5}, {1, 7}, {3, 6}, {2, 4}], [{8, 5}, {1, 7}, {4, 6}, {2, 3}], [{8, 5}, {1, 7}, {6}, {4}, {2, 3}], [{8, 5}, {2, 7}, {1, 6}, {3, 4}], [{8, 5}, {2, 7}, {3, 6}, {1, 4}], [{8, 5}, {2, 7}, {3, 6}, {4}, {1}], [{8, 5}, {2, 7}, {4, 6}, {1, 3}], [{8, 5}, {3, 7}, {1, 6}, {2, 4}], [{8, 5}, {3, 7}, {2, 6}, {1, 4}], [{8, 5}, {3, 7}, {4, 6}, {1, 2}], [{8, 5}, {4, 7}, {1, 6}, {2, 3}], [{8, 5}, {4, 7}, {2, 6}, {1, 3}], [{8, 5}, {4, 7}, {3, 6}, {1, 2}], [{8, 5}, {6, 7}, {1, 4}, {2, 3}], [{8, 5}, {6, 7}, {2, 4}, {1, 3}], [{8, 5}, {6, 7}, {3, 4}, {1, 2}], [{8, 5}, {7}, {6}, {2, 4}, {1, 3}], [{8, 5}, {7}, {6}, {3, 4}, {1, 2}], [{8, 6}, {1, 7}, {2, 5}, {3, 4}], [{8, 6}, {1, 7}, {3, 5}, {2, 4}], [{8, 6}, {1, 7}, {4, 5}, {2, 3}], [{8, 6}, {2, 7}, {1, 5}, {3, 4}], [{8, 6}, {2, 7}, {1, 5}, {4}, {3}], [{8, 6}, {2, 7}, {3, 5}, {1, 4}], [{8, 6}, {2, 7}, {4, 5}, {1, 3}], [{8, 6}, {3, 7}, {1, 5}, {2, 4}], [{8, 6}, {3, 7}, {2, 5}, {1, 4}], [{8, 6}, {3, 7}, {4, 5}, {1, 2}], [{8, 6}, {4, 7}, {1, 5}, {2, 3}], [{8, 6}, {4, 7}, {2, 5}, {1, 3}], [{8, 6}, {4, 7}, {3, 5}, {1, 2}], [{8, 6}, {4, 7}, {3, 5}, {2}, {1}], [{8, 6}, {5, 7}, {1, 4}, {2, 3}], [{8, 6}, {5, 7}, {2, 4}, {1, 3}], [{8, 6}, {5, 7}, {3, 4}, {1, 2}], [{8, 6}, {5, 7}, {4}, {1, 3}, {2}], [{8, 6}, {7}, {5}, {2, 4}, {1, 3}], [{8, 7}, {1, 6}, {2, 5}, {3, 4}], [{8, 7}, {1, 6}, {3, 5}, {2, 4}], [{8, 7}, {1, 6}, {4, 5}, {2, 3}], [{8, 7}, {2, 6}, {1, 5}, {3, 4}], [{8, 7}, {2, 6}, {3, 5}, {1, 4}], [{8, 7}, {2, 6}, {4, 5}, {1, 3}], [{8, 7}, {3, 6}, {1, 5}, {2, 4}], [{8, 7}, {3, 6}, {2, 5}, {1, 4}], [{8, 7}, {3, 6}, {4, 5}, {1, 2}], [{8, 7}, {4, 6}, {1, 5}, {2, 3}], [{8, 7}, {4, 6}, {2, 5}, {1, 3}], [{8, 7}, {4, 6}, {3, 5}, {1, 2}], [{8, 7}, {5, 6}, {1, 4}, {2, 3}], [{8, 7}, {5, 6}, {2, 4}, {1, 3}], [{8, 7}, {5, 6}, {3, 4}, {1, 2}], [{8, 7}, {6}, {1, 5}, {4}, {2, 3}], [{8, 7}, {6}, {4, 5}, {2, 3}, {1}], [{8, 7}, {6}, {5}, {1, 4}, {2, 3}], [{8}, {1, 7}, {3, 6}, {5}, {2, 4}], [{8}, {1, 7}, {4, 6}, {2, 5}, {3}], [{8}, {1, 7}, {5, 6}, {2, 4}, {3}], [{8}, {1, 7}, {6}, {3, 5}, {2, 4}], [{8}, {1, 7}, {6}, {4, 5}, {2, 3}], [{8}, {2, 7}, {3, 6}, {1, 5}, {4}], [{8}, {2, 7}, {4, 6}, {1, 5}, {3}], [{8}, {2, 7}, {6}, {1, 5}, {3, 4}], [{8}, {2, 7}, {6}, {1, 5}, {4}, {3}], [{8}, {2, 7}, {6}, {3, 5}, {1, 4}], [{8}, {2, 7}, {6}, {4, 5}, {1, 3}], [{8}, {3, 7}, {1, 6}, {4, 5}, {2}], [{8}, {3, 7}, {5, 6}, {1, 4}, {2}], [{8}, {3, 7}, {5, 6}, {2, 4}, {1}], [{8}, {3, 7}, {5, 6}, {4}, {1, 2}], [{8}, {5, 7}, {4, 6}, {1, 3}, {2}], [{8}, {5, 7}, {4, 6}, {2, 3}, {1}], [{8}, {5, 7}, {4, 6}, {3}, {1, 2}], [{8}, {5, 7}, {4, 6}, {3}, {2}, {1}], [{8}, {6, 7}, {2, 5}, {1, 4}, {3}], [{8}, {6, 7}, {3, 5}, {4}, {1, 2}], [{8}, {6, 7}, {4, 5}, {1, 3}, {2}], [{8}, {7}, {2, 6}, {4, 5}, {1, 3}], [{8}, {7}, {5, 6}, {2, 4}, {1, 3}]]",2,12 K_1^3 + 8 K_1^2 K_2 - 24 K_1^2 - 20 K_1 K_2 - 4 K_1 K_3 + K_1 - 4 K_2^2 + 10 K_2 + 7 K_3 + 2 K_4 + 13,O1O2O3O4U2U5U3O6U4O7O5U8U7O8U1U6,O1O2O3U4U1U3U5O6O5U7O8O7U2U8O4U6,O1O2O3U4O5U6U2O7O6U7O8O4U8U1U3U5,c,{'O1O2O3O4U5U4O6U7U6O8O7U1O5U2U8U3'},1,"<a href=""/flatknot/8.850978"">8.850978</a>",t^9-38t^7-92t^6+106t^5+400t^4+10t^3-442t^2-122t+64,0,,
8.850979,O1O2O3O4U5U4O6U7U6O8O7U1O5U3U2U8,4,4z^3+39z^2+110z+97,4w^4z^3-4w^4z^2+43w^3z^2+110w^2z+97w,False,False,"[[ 0 -2  0  0  1 -1  1  0  1],[ 2  0  1  0  0  1  1  1  1],[ 0 -1  0  0  1 -1  1 -1  0],[ 0  0  0  0  1 -1  1 -1 -1],[-1  0 -1 -1  0 -1  0 -1 -1],[ 1 -1  1  1  1  0  0  2  2],[-1 -1 -1 -1  0  0  0 -1 -1],[ 0 -1  1  1  1 -2  1  0  1],[-1 -1  0  1  1 -2  1 -1  0]]","[[ 0  1  1  1  0  0  0 -1 -2],[-1  0  1  1  1  0 -1 -2 -1],[-1 -1  0  0 -1 -1 -1  0 -1],[-1 -1  0  0 -1 -1 -1 -1  0],[ 0 -1  1  1  0  0 -1 -1  0],[ 0  0  1  1  0  0 -1 -1 -1],[ 0  1  1  1  1  1  0 -2 -1],[ 1  2  0  1  1  1  2  0 -1],[ 2  1  1  0  0  1  1  1  0]]",True,"[-1,-1,-1,0,0,0,1,2,-1,-1,-1,0,1,2,1,0,1,1,1,0,1,1,1,1,1,0,0,1,1,0,1,1,1,2,1,1]","[-2,-1,0,0,0,1,1,1,0,1,1,2,2,2,3,-1,0,0,0,2,1,-1,-1,0,0,0,0,1,0,0,2,0,0,-1,-1,0]",t^8+28t^6+85t^4+49t^2+4,"[-2,-1,0,0,0,1,1,1,0,1,1,2,2,2,3,-1,0,0,0,2,1,-1,-1,0,0,0,0,1,0,0,2,0,0,-1,-1,0]","[-1,-1,-1,0,0,0,1,2,-1,0,0,0,0,1,3,1,0,1,2,0,2,0,0,0,2,2,1,1,-1,1,0,0,1,0,2,0]","[-2,-1,0,0,0,1,1,1,1,0,1,1,0,1,1,1,1,2,1,0,2,0,-1,1,1,-1,-1,1,1,0,1,1,1,0,-1,-1]",c,"[[{8, 1}, {2, 7}, {3, 6}, {4, 5}], [{8, 1}, {2, 7}, {4, 6}, {3, 5}], [{8, 1}, {2, 7}, {4, 6}, {5}, {3}], [{8, 1}, {2, 7}, {5, 6}, {3, 4}], [{8, 1}, {2, 7}, {5, 6}, {4}, {3}], [{8, 1}, {2, 7}, {6}, {4, 5}, {3}], [{8, 1}, {3, 7}, {2, 6}, {4, 5}], [{8, 1}, {3, 7}, {4, 6}, {2, 5}], [{8, 1}, {3, 7}, {4, 6}, {5}, {2}], [{8, 1}, {3, 7}, {5, 6}, {2, 4}], [{8, 1}, {3, 7}, {5, 6}, {4}, {2}], [{8, 1}, {3, 7}, {6}, {4, 5}, {2}], [{8, 1}, {4, 7}, {2, 6}, {3, 5}], [{8, 1}, {4, 7}, {3, 6}, {2, 5}], [{8, 1}, {4, 7}, {5, 6}, {2, 3}], [{8, 1}, {4, 7}, {5, 6}, {3}, {2}], [{8, 1}, {5, 7}, {2, 6}, {3, 4}], [{8, 1}, {5, 7}, {3, 6}, {2, 4}], [{8, 1}, {5, 7}, {4, 6}, {2, 3}], [{8, 1}, {5, 7}, {4, 6}, {3}, {2}], [{8, 1}, {6, 7}, {2, 5}, {3, 4}], [{8, 1}, {6, 7}, {3, 5}, {2, 4}], [{8, 1}, {6, 7}, {4, 5}, {2, 3}], [{8, 1}, {6, 7}, {4, 5}, {3}, {2}], [{8, 1}, {7}, {2, 6}, {4, 5}, {3}], [{8, 1}, {7}, {3, 6}, {4, 5}, {2}], [{8, 1}, {7}, {4, 6}, {2, 5}, {3}], [{8, 1}, {7}, {4, 6}, {3, 5}, {2}], [{8, 1}, {7}, {4, 6}, {5}, {2, 3}], [{8, 1}, {7}, {4, 6}, {5}, {3}, {2}], [{8, 1}, {7}, {5, 6}, {2, 4}, {3}], [{8, 1}, {7}, {5, 6}, {3, 4}, {2}], [{8, 1}, {7}, {5, 6}, {4}, {2, 3}], [{8, 1}, {7}, {5, 6}, {4}, {3}, {2}], [{8, 1}, {7}, {6}, {4, 5}, {2, 3}], [{8, 1}, {7}, {6}, {4, 5}, {3}, {2}], [{8, 2}, {1, 7}, {3, 6}, {4, 5}], [{8, 2}, {1, 7}, {4, 6}, {3, 5}], [{8, 2}, {1, 7}, {5, 6}, {3, 4}], [{8, 2}, {3, 7}, {1, 6}, {4, 5}], [{8, 2}, {3, 7}, {4, 6}, {1, 5}], [{8, 2}, {3, 7}, {5, 6}, {1, 4}], [{8, 2}, {3, 7}, {6}, {1, 5}, {4}], [{8, 2}, {4, 7}, {1, 6}, {3, 5}], [{8, 2}, {4, 7}, {3, 6}, {1, 5}], [{8, 2}, {4, 7}, {5, 6}, {1, 3}], [{8, 2}, {4, 7}, {6}, {1, 5}, {3}], [{8, 2}, {5, 7}, {1, 6}, {3, 4}], [{8, 2}, {5, 7}, {3, 6}, {1, 4}], [{8, 2}, {5, 7}, {4, 6}, {1, 3}], [{8, 2}, {6, 7}, {1, 5}, {3, 4}], [{8, 2}, {6, 7}, {1, 5}, {4}, {3}], [{8, 2}, {6, 7}, {3, 5}, {1, 4}], [{8, 2}, {6, 7}, {4, 5}, {1, 3}], [{8, 2}, {7}, {1, 6}, {4, 5}, {3}], [{8, 2}, {7}, {3, 6}, {1, 5}, {4}], [{8, 2}, {7}, {4, 6}, {1, 5}, {3}], [{8, 2}, {7}, {5, 6}, {1, 4}, {3}], [{8, 2}, {7}, {6}, {1, 5}, {3, 4}], [{8, 2}, {7}, {6}, {1, 5}, {4}, {3}], [{8, 3}, {1, 7}, {2, 6}, {4, 5}], [{8, 3}, {1, 7}, {4, 6}, {2, 5}], [{8, 3}, {1, 7}, {5, 6}, {2, 4}], [{8, 3}, {1, 7}, {6}, {4, 5}, {2}], [{8, 3}, {2, 7}, {1, 6}, {4, 5}], [{8, 3}, {2, 7}, {4, 6}, {1, 5}], [{8, 3}, {2, 7}, {5, 6}, {1, 4}], [{8, 3}, {2, 7}, {6}, {1, 5}, {4}], [{8, 3}, {4, 7}, {1, 6}, {2, 5}], [{8, 3}, {4, 7}, {2, 6}, {1, 5}], [{8, 3}, {4, 7}, {5, 6}, {1, 2}], [{8, 3}, {5, 7}, {1, 6}, {2, 4}], [{8, 3}, {5, 7}, {2, 6}, {1, 4}], [{8, 3}, {5, 7}, {4, 6}, {1, 2}], [{8, 3}, {6, 7}, {1, 5}, {2, 4}], [{8, 3}, {6, 7}, {2, 5}, {1, 4}], [{8, 3}, {6, 7}, {4, 5}, {1, 2}], [{8, 3}, {6, 7}, {4, 5}, {2}, {1}], [{8, 3}, {7}, {1, 6}, {4, 5}, {2}], [{8, 3}, {7}, {2, 6}, {5}, {1, 4}], [{8, 3}, {7}, {5, 6}, {1, 4}, {2}], [{8, 3}, {7}, {6}, {2, 5}, {1, 4}], [{8, 4}, {1, 7}, {2, 6}, {3, 5}], [{8, 4}, {1, 7}, {3, 6}, {2, 5}], [{8, 4}, {1, 7}, {3, 6}, {5}, {2}], [{8, 4}, {1, 7}, {5, 6}, {2, 3}], [{8, 4}, {1, 7}, {5, 6}, {3}, {2}], [{8, 4}, {1, 7}, {6}, {3, 5}, {2}], [{8, 4}, {2, 7}, {1, 6}, {3, 5}], [{8, 4}, {2, 7}, {3, 6}, {1, 5}], [{8, 4}, {2, 7}, {3, 6}, {5}, {1}], [{8, 4}, {2, 7}, {5, 6}, {1, 3}], [{8, 4}, {2, 7}, {5, 6}, {3}, {1}], [{8, 4}, {2, 7}, {6}, {3, 5}, {1}], [{8, 4}, {3, 7}, {1, 6}, {2, 5}], [{8, 4}, {3, 7}, {2, 6}, {1, 5}], [{8, 4}, {3, 7}, {5, 6}, {1, 2}], [{8, 4}, {3, 7}, {5, 6}, {2}, {1}], [{8, 4}, {3, 7}, {6}, {5}, {1, 2}], [{8, 4}, {5, 7}, {1, 6}, {2, 3}], [{8, 4}, {5, 7}, {2, 6}, {1, 3}], [{8, 4}, {5, 7}, {3, 6}, {1, 2}], [{8, 4}, {5, 7}, {6}, {3}, {1, 2}], [{8, 4}, {6, 7}, {1, 5}, {2, 3}], [{8, 4}, {6, 7}, {2, 5}, {1, 3}], [{8, 4}, {6, 7}, {3, 5}, {1, 2}], [{8, 4}, {6, 7}, {5}, {3}, {1, 2}], [{8, 4}, {7}, {1, 6}, {2, 5}, {3}], [{8, 4}, {7}, {2, 6}, {1, 5}, {3}], [{8, 4}, {7}, {3, 6}, {5}, {1, 2}], [{8, 4}, {7}, {5, 6}, {1, 3}, {2}], [{8, 4}, {7}, {5, 6}, {2, 3}, {1}], [{8, 4}, {7}, {5, 6}, {3}, {1, 2}], [{8, 4}, {7}, {5, 6}, {3}, {2}, {1}], [{8, 4}, {7}, {6}, {3, 5}, {1, 2}], [{8, 4}, {7}, {6}, {5}, {3}, {1, 2}], [{8, 5}, {1, 7}, {2, 6}, {3, 4}], [{8, 5}, {1, 7}, {3, 6}, {2, 4}], [{8, 5}, {1, 7}, {3, 6}, {4}, {2}], [{8, 5}, {1, 7}, {4, 6}, {2, 3}], [{8, 5}, {1, 7}, {6}, {2, 4}, {3}], [{8, 5}, {2, 7}, {1, 6}, {3, 4}], [{8, 5}, {2, 7}, {3, 6}, {1, 4}], [{8, 5}, {2, 7}, {4, 6}, {1, 3}], [{8, 5}, {2, 7}, {6}, {3, 4}, {1}], [{8, 5}, {3, 7}, {1, 6}, {2, 4}], [{8, 5}, {3, 7}, {2, 6}, {1, 4}], [{8, 5}, {3, 7}, {4, 6}, {1, 2}], [{8, 5}, {3, 7}, {6}, {2, 4}, {1}], [{8, 5}, {4, 7}, {1, 6}, {2, 3}], [{8, 5}, {4, 7}, {2, 6}, {1, 3}], [{8, 5}, {4, 7}, {3, 6}, {1, 2}], [{8, 5}, {4, 7}, {6}, {2, 3}, {1}], [{8, 5}, {6, 7}, {1, 4}, {2, 3}], [{8, 5}, {6, 7}, {2, 4}, {1, 3}], [{8, 5}, {6, 7}, {2, 4}, {3}, {1}], [{8, 5}, {6, 7}, {3, 4}, {1, 2}], [{8, 5}, {7}, {1, 6}, {2, 4}, {3}], [{8, 5}, {7}, {2, 6}, {1, 4}, {3}], [{8, 5}, {7}, {3, 6}, {2, 4}, {1}], [{8, 5}, {7}, {4, 6}, {3}, {1, 2}], [{8, 5}, {7}, {6}, {2, 4}, {1, 3}], [{8, 5}, {7}, {6}, {2, 4}, {3}, {1}], [{8, 6}, {1, 7}, {2, 5}, {3, 4}], [{8, 6}, {1, 7}, {3, 5}, {2, 4}], [{8, 6}, {1, 7}, {4, 5}, {2, 3}], [{8, 6}, {1, 7}, {4, 5}, {3}, {2}], [{8, 6}, {2, 7}, {1, 5}, {3, 4}], [{8, 6}, {2, 7}, {3, 5}, {1, 4}], [{8, 6}, {2, 7}, {4, 5}, {1, 3}], [{8, 6}, {2, 7}, {4, 5}, {3}, {1}], [{8, 6}, {3, 7}, {1, 5}, {2, 4}], [{8, 6}, {3, 7}, {2, 5}, {1, 4}], [{8, 6}, {3, 7}, {4, 5}, {1, 2}], [{8, 6}, {3, 7}, {4, 5}, {2}, {1}], [{8, 6}, {4, 7}, {1, 5}, {2, 3}], [{8, 6}, {4, 7}, {2, 5}, {1, 3}], [{8, 6}, {4, 7}, {3, 5}, {1, 2}], [{8, 6}, {4, 7}, {5}, {1, 3}, {2}], [{8, 6}, {5, 7}, {1, 4}, {2, 3}], [{8, 6}, {5, 7}, {2, 4}, {1, 3}], [{8, 6}, {5, 7}, {3, 4}, {1, 2}], [{8, 6}, {5, 7}, {4}, {1, 3}, {2}], [{8, 6}, {7}, {1, 5}, {2, 4}, {3}], [{8, 6}, {7}, {2, 5}, {1, 4}, {3}], [{8, 6}, {7}, {4, 5}, {1, 3}, {2}], [{8, 6}, {7}, {4, 5}, {2, 3}, {1}], [{8, 6}, {7}, {4, 5}, {3}, {1, 2}], [{8, 6}, {7}, {4, 5}, {3}, {2}, {1}], [{8, 7}, {1, 6}, {2, 5}, {3, 4}], [{8, 7}, {1, 6}, {3, 5}, {2, 4}], [{8, 7}, {1, 6}, {4, 5}, {2, 3}], [{8, 7}, {1, 6}, {4, 5}, {3}, {2}], [{8, 7}, {2, 6}, {1, 5}, {3, 4}], [{8, 7}, {2, 6}, {3, 5}, {1, 4}], [{8, 7}, {2, 6}, {4, 5}, {1, 3}], [{8, 7}, {2, 6}, {5}, {1, 4}, {3}], [{8, 7}, {3, 6}, {1, 5}, {2, 4}], [{8, 7}, {3, 6}, {2, 5}, {1, 4}], [{8, 7}, {3, 6}, {4, 5}, {1, 2}], [{8, 7}, {3, 6}, {4, 5}, {2}, {1}], [{8, 7}, {4, 6}, {1, 5}, {2, 3}], [{8, 7}, {4, 6}, {2, 5}, {1, 3}], [{8, 7}, {4, 6}, {3, 5}, {1, 2}], [{8, 7}, {5, 6}, {1, 4}, {2, 3}], [{8, 7}, {5, 6}, {1, 4}, {3}, {2}], [{8, 7}, {5, 6}, {2, 4}, {1, 3}], [{8, 7}, {5, 6}, {3, 4}, {1, 2}], [{8, 7}, {6}, {1, 5}, {4}, {2, 3}], [{8, 7}, {6}, {2, 5}, {1, 4}, {3}], [{8, 7}, {6}, {4, 5}, {1, 3}, {2}], [{8}, {1, 7}, {3, 6}, {4, 5}, {2}], [{8}, {2, 7}, {1, 6}, {4, 5}, {3}], [{8}, {2, 7}, {5, 6}, {1, 4}, {3}], [{8}, {3, 7}, {1, 6}, {4, 5}, {2}], [{8}, {3, 7}, {2, 6}, {5}, {1, 4}], [{8}, {3, 7}, {5, 6}, {1, 4}, {2}], [{8}, {3, 7}, {6}, {2, 5}, {1, 4}], [{8}, {4, 7}, {1, 6}, {3, 5}, {2}], [{8}, {5, 7}, {1, 6}, {3, 4}, {2}], [{8}, {5, 7}, {2, 6}, {1, 4}, {3}], [{8}, {5, 7}, {4, 6}, {2, 3}, {1}], [{8}, {6, 7}, {2, 5}, {1, 4}, {3}], [{8}, {6, 7}, {3, 5}, {4}, {1, 2}], [{8}, {6, 7}, {4, 5}, {1, 3}, {2}], [{8}, {7}, {1, 6}, {4, 5}, {2, 3}], [{8}, {7}, {1, 6}, {4, 5}, {3}, {2}], [{8}, {7}, {2, 6}, {3, 5}, {1, 4}], [{8}, {7}, {2, 6}, {5}, {1, 4}, {3}], [{8}, {7}, {3, 6}, {2, 5}, {1, 4}], [{8}, {7}, {5, 6}, {1, 4}, {2, 3}], [{8}, {7}, {5, 6}, {1, 4}, {3}, {2}], [{8}, {7}, {6}, {2, 5}, {1, 4}, {3}]]",2,4 K_1^2 K_2 - 2 K_1^2 - 8 K_1 K_2 - 4 K_1 K_3 + 4 K_1 - 4 K_2^2 + K_2 + 4 K_3 + 3 K_4 + 3,O1O2O3O4U5U3U2O6U4O7O5U8U7O8U1U6,O1O2O3U4U2U1U5O6O5U7O8O7U3U8O4U6,O1O2O3U4O5U6U1O7O6U7O8O4U8U3U2U5,c,{'O1O2O3O4U5U4O6U7U6O8O7U1O5U3U2U8'},1,"<a href=""/flatknot/8.850979"">8.850979</a>",t^9-30t^7-70t^6+26t^5+188t^4+116t^3-50t^2-47t+16,t^2-2t,,
8.850980,O1O2O3O4U5U4O6U7U6O8O7U1O5U3U8U2,4,16z^2+101z+139,16w^3z^2+101w^2z+139w,False,False,"[[ 0 -2  1  0  1 -1  1  0  0],[ 2  0  2  0  0  1  1  1  0],[-1 -2  0 -1  1 -1  1 -1 -1],[ 0  0  1  0  1 -1  1 -1 -1],[-1  0 -1 -1  0 -1  0 -1 -1],[ 1 -1  1  1  1  0  0  2  1],[-1 -1 -1 -1  0  0  0 -1 -1],[ 0 -1  1  1  1 -2  1  0  0],[ 0  0  1  1  1 -1  1  0  0]]","[[ 0  1  1  1  0  0  0 -1 -2],[-1  0  1  1 -1 -1 -1 -1 -2],[-1 -1  0  0 -1 -1 -1  0 -1],[-1 -1  0  0 -1 -1 -1 -1  0],[ 0  1  1  1  0  1  0 -1  0],[ 0  1  1  1 -1  0 -1 -1  0],[ 0  1  1  1  0  1  0 -2 -1],[ 1  1  0  1  1  1  2  0 -1],[ 2  2  1  0  0  0  1  1  0]]",True,"[-1,-1,-1,0,0,0,1,2,-1,-1,1,1,1,1,2,0,1,1,1,0,1,1,1,1,1,0,-1,0,1,0,1,1,0,2,1,1]","[-2,-1,0,0,0,1,1,1,0,1,2,2,1,2,3,-1,0,0,1,2,1,-1,0,0,0,0,1,0,0,0,0,0,0,-1,-1,0]",t^8+28t^6+129t^4+60t^2+4,"[-2,-1,0,0,0,1,1,1,0,1,2,2,1,2,3,-1,0,0,1,2,1,-1,0,0,0,0,1,0,0,0,0,0,0,-1,-1,0]","[-1,-1,-1,0,0,0,1,2,-1,0,0,0,0,1,3,1,0,0,0,1,1,0,0,0,2,2,-1,-1,0,2,0,-1,1,0,2,0]","[-2,-1,0,0,0,1,1,1,1,0,0,1,0,1,2,1,1,2,1,0,1,-1,-1,1,1,1,0,1,1,1,1,1,1,0,-1,-1]",c,"[[{8, 1}, {2, 7}, {3, 6}, {4, 5}], [{8, 1}, {2, 7}, {4, 6}, {3, 5}], [{8, 1}, {2, 7}, {4, 6}, {5}, {3}], [{8, 1}, {2, 7}, {5, 6}, {3, 4}], [{8, 1}, {2, 7}, {5, 6}, {4}, {3}], [{8, 1}, {2, 7}, {6}, {4, 5}, {3}], [{8, 1}, {3, 7}, {2, 6}, {4, 5}], [{8, 1}, {3, 7}, {4, 6}, {2, 5}], [{8, 1}, {3, 7}, {5, 6}, {2, 4}], [{8, 1}, {3, 7}, {6}, {5}, {2, 4}], [{8, 1}, {4, 7}, {2, 6}, {3, 5}], [{8, 1}, {4, 7}, {3, 6}, {2, 5}], [{8, 1}, {4, 7}, {5, 6}, {2, 3}], [{8, 1}, {4, 7}, {5, 6}, {3}, {2}], [{8, 1}, {5, 7}, {2, 6}, {3, 4}], [{8, 1}, {5, 7}, {3, 6}, {2, 4}], [{8, 1}, {5, 7}, {3, 6}, {4}, {2}], [{8, 1}, {5, 7}, {4, 6}, {2, 3}], [{8, 1}, {6, 7}, {2, 5}, {3, 4}], [{8, 1}, {6, 7}, {3, 5}, {2, 4}], [{8, 1}, {6, 7}, {3, 5}, {4}, {2}], [{8, 1}, {6, 7}, {4, 5}, {2, 3}], [{8, 1}, {6, 7}, {4, 5}, {3}, {2}], [{8, 1}, {6, 7}, {5}, {3, 4}, {2}], [{8, 1}, {7}, {2, 6}, {4, 5}, {3}], [{8, 1}, {7}, {5, 6}, {2, 4}, {3}], [{8, 1}, {7}, {6}, {2, 5}, {3, 4}], [{8, 2}, {1, 7}, {3, 6}, {4, 5}], [{8, 2}, {1, 7}, {4, 6}, {3, 5}], [{8, 2}, {1, 7}, {4, 6}, {5}, {3}], [{8, 2}, {1, 7}, {5, 6}, {3, 4}], [{8, 2}, {1, 7}, {5, 6}, {4}, {3}], [{8, 2}, {1, 7}, {6}, {4, 5}, {3}], [{8, 2}, {3, 7}, {1, 6}, {4, 5}], [{8, 2}, {3, 7}, {4, 6}, {1, 5}], [{8, 2}, {3, 7}, {5, 6}, {1, 4}], [{8, 2}, {3, 7}, {6}, {1, 5}, {4}], [{8, 2}, {4, 7}, {1, 6}, {3, 5}], [{8, 2}, {4, 7}, {3, 6}, {1, 5}], [{8, 2}, {4, 7}, {5, 6}, {1, 3}], [{8, 2}, {4, 7}, {5, 6}, {3}, {1}], [{8, 2}, {5, 7}, {1, 6}, {3, 4}], [{8, 2}, {5, 7}, {3, 6}, {1, 4}], [{8, 2}, {5, 7}, {4, 6}, {1, 3}], [{8, 2}, {6, 7}, {1, 5}, {3, 4}], [{8, 2}, {6, 7}, {3, 5}, {1, 4}], [{8, 2}, {6, 7}, {4, 5}, {1, 3}], [{8, 2}, {6, 7}, {4, 5}, {3}, {1}], [{8, 2}, {7}, {1, 6}, {4, 5}, {3}], [{8, 2}, {7}, {5, 6}, {1, 4}, {3}], [{8, 3}, {1, 7}, {2, 6}, {4, 5}], [{8, 3}, {1, 7}, {4, 6}, {2, 5}], [{8, 3}, {1, 7}, {5, 6}, {2, 4}], [{8, 3}, {1, 7}, {6}, {4, 5}, {2}], [{8, 3}, {2, 7}, {1, 6}, {4, 5}], [{8, 3}, {2, 7}, {1, 6}, {5}, {4}], [{8, 3}, {2, 7}, {4, 6}, {1, 5}], [{8, 3}, {2, 7}, {5, 6}, {1, 4}], [{8, 3}, {2, 7}, {5, 6}, {4}, {1}], [{8, 3}, {2, 7}, {6}, {1, 5}, {4}], [{8, 3}, {4, 7}, {1, 6}, {2, 5}], [{8, 3}, {4, 7}, {2, 6}, {1, 5}], [{8, 3}, {4, 7}, {5, 6}, {1, 2}], [{8, 3}, {5, 7}, {1, 6}, {2, 4}], [{8, 3}, {5, 7}, {2, 6}, {1, 4}], [{8, 3}, {5, 7}, {4, 6}, {1, 2}], [{8, 3}, {6, 7}, {1, 5}, {2, 4}], [{8, 3}, {6, 7}, {2, 5}, {1, 4}], [{8, 3}, {6, 7}, {4, 5}, {1, 2}], [{8, 3}, {6, 7}, {5}, {4}, {1, 2}], [{8, 4}, {1, 7}, {2, 6}, {3, 5}], [{8, 4}, {1, 7}, {3, 6}, {2, 5}], [{8, 4}, {1, 7}, {3, 6}, {5}, {2}], [{8, 4}, {1, 7}, {5, 6}, {2, 3}], [{8, 4}, {1, 7}, {5, 6}, {3}, {2}], [{8, 4}, {1, 7}, {6}, {3, 5}, {2}], [{8, 4}, {2, 7}, {1, 6}, {3, 5}], [{8, 4}, {2, 7}, {3, 6}, {1, 5}], [{8, 4}, {2, 7}, {3, 6}, {5}, {1}], [{8, 4}, {2, 7}, {5, 6}, {1, 3}], [{8, 4}, {2, 7}, {5, 6}, {3}, {1}], [{8, 4}, {2, 7}, {6}, {3, 5}, {1}], [{8, 4}, {3, 7}, {1, 6}, {2, 5}], [{8, 4}, {3, 7}, {1, 6}, {5}, {2}], [{8, 4}, {3, 7}, {2, 6}, {1, 5}], [{8, 4}, {3, 7}, {5, 6}, {1, 2}], [{8, 4}, {5, 7}, {1, 6}, {2, 3}], [{8, 4}, {5, 7}, {1, 6}, {3}, {2}], [{8, 4}, {5, 7}, {2, 6}, {1, 3}], [{8, 4}, {5, 7}, {3, 6}, {1, 2}], [{8, 4}, {6, 7}, {1, 5}, {2, 3}], [{8, 4}, {6, 7}, {2, 5}, {1, 3}], [{8, 4}, {6, 7}, {2, 5}, {3}, {1}], [{8, 4}, {6, 7}, {3, 5}, {1, 2}], [{8, 4}, {6, 7}, {3, 5}, {2}, {1}], [{8, 4}, {6, 7}, {5}, {2, 3}, {1}], [{8, 4}, {7}, {1, 6}, {3, 5}, {2}], [{8, 4}, {7}, {2, 6}, {3, 5}, {1}], [{8, 4}, {7}, {3, 6}, {5}, {1, 2}], [{8, 4}, {7}, {5, 6}, {3}, {1, 2}], [{8, 4}, {7}, {6}, {3, 5}, {1, 2}], [{8, 4}, {7}, {6}, {3, 5}, {2}, {1}], [{8, 5}, {1, 7}, {2, 6}, {3, 4}], [{8, 5}, {1, 7}, {3, 6}, {2, 4}], [{8, 5}, {1, 7}, {3, 6}, {4}, {2}], [{8, 5}, {1, 7}, {4, 6}, {2, 3}], [{8, 5}, {2, 7}, {1, 6}, {3, 4}], [{8, 5}, {2, 7}, {3, 6}, {1, 4}], [{8, 5}, {2, 7}, {4, 6}, {1, 3}], [{8, 5}, {3, 7}, {1, 6}, {2, 4}], [{8, 5}, {3, 7}, {2, 6}, {1, 4}], [{8, 5}, {3, 7}, {4, 6}, {1, 2}], [{8, 5}, {4, 7}, {1, 6}, {2, 3}], [{8, 5}, {4, 7}, {2, 6}, {1, 3}], [{8, 5}, {4, 7}, {3, 6}, {1, 2}], [{8, 5}, {6, 7}, {1, 4}, {2, 3}], [{8, 5}, {6, 7}, {2, 4}, {1, 3}], [{8, 5}, {6, 7}, {3, 4}, {1, 2}], [{8, 5}, {7}, {6}, {2, 4}, {1, 3}], [{8, 6}, {1, 7}, {2, 5}, {3, 4}], [{8, 6}, {1, 7}, {3, 5}, {2, 4}], [{8, 6}, {1, 7}, {4, 5}, {2, 3}], [{8, 6}, {1, 7}, {4, 5}, {3}, {2}], [{8, 6}, {2, 7}, {1, 5}, {3, 4}], [{8, 6}, {2, 7}, {3, 5}, {1, 4}], [{8, 6}, {2, 7}, {4, 5}, {1, 3}], [{8, 6}, {2, 7}, {4, 5}, {3}, {1}], [{8, 6}, {3, 7}, {1, 5}, {2, 4}], [{8, 6}, {3, 7}, {2, 5}, {1, 4}], [{8, 6}, {3, 7}, {4, 5}, {1, 2}], [{8, 6}, {4, 7}, {1, 5}, {2, 3}], [{8, 6}, {4, 7}, {2, 5}, {1, 3}], [{8, 6}, {4, 7}, {2, 5}, {3}, {1}], [{8, 6}, {4, 7}, {3, 5}, {1, 2}], [{8, 6}, {5, 7}, {1, 4}, {2, 3}], [{8, 6}, {5, 7}, {1, 4}, {3}, {2}], [{8, 6}, {5, 7}, {2, 4}, {1, 3}], [{8, 6}, {5, 7}, {3, 4}, {1, 2}], [{8, 6}, {5, 7}, {4}, {2, 3}, {1}], [{8, 6}, {7}, {4, 5}, {3}, {1, 2}], [{8, 6}, {7}, {5}, {1, 4}, {2, 3}], [{8, 7}, {1, 6}, {2, 5}, {3, 4}], [{8, 7}, {1, 6}, {3, 5}, {2, 4}], [{8, 7}, {1, 6}, {4, 5}, {2, 3}], [{8, 7}, {1, 6}, {4, 5}, {3}, {2}], [{8, 7}, {2, 6}, {1, 5}, {3, 4}], [{8, 7}, {2, 6}, {3, 5}, {1, 4}], [{8, 7}, {2, 6}, {4, 5}, {1, 3}], [{8, 7}, {2, 6}, {4, 5}, {3}, {1}], [{8, 7}, {3, 6}, {1, 5}, {2, 4}], [{8, 7}, {3, 6}, {2, 5}, {1, 4}], [{8, 7}, {3, 6}, {4, 5}, {1, 2}], [{8, 7}, {4, 6}, {1, 5}, {2, 3}], [{8, 7}, {4, 6}, {2, 5}, {1, 3}], [{8, 7}, {4, 6}, {3, 5}, {1, 2}], [{8, 7}, {4, 6}, {5}, {3}, {1, 2}], [{8, 7}, {5, 6}, {1, 4}, {2, 3}], [{8, 7}, {5, 6}, {1, 4}, {3}, {2}], [{8, 7}, {5, 6}, {2, 4}, {1, 3}], [{8, 7}, {5, 6}, {2, 4}, {3}, {1}], [{8, 7}, {5, 6}, {3, 4}, {1, 2}], [{8, 7}, {5, 6}, {4}, {3}, {1, 2}], [{8, 7}, {6}, {1, 5}, {4}, {2, 3}], [{8, 7}, {6}, {4, 5}, {3}, {1, 2}], [{8}, {1, 7}, {2, 6}, {4, 5}, {3}], [{8}, {1, 7}, {3, 6}, {4, 5}, {2}], [{8}, {1, 7}, {5, 6}, {2, 4}, {3}], [{8}, {1, 7}, {6}, {4, 5}, {2, 3}], [{8}, {2, 7}, {1, 6}, {4, 5}, {3}], [{8}, {2, 7}, {5, 6}, {1, 4}, {3}], [{8}, {2, 7}, {5, 6}, {3, 4}, {1}], [{8}, {2, 7}, {5, 6}, {4}, {1, 3}], [{8}, {4, 7}, {5, 6}, {3}, {1, 2}], [{8}, {5, 7}, {3, 6}, {2, 4}, {1}], [{8}, {6, 7}, {2, 5}, {4}, {1, 3}], [{8}, {6, 7}, {3, 5}, {1, 4}, {2}], [{8}, {6, 7}, {4, 5}, {3}, {1, 2}]]",2,16 K_1^3 + 4 K_1^2 K_2 - 36 K_1^2 - 28 K_1 K_2 - 6 K_1 K_3 + 2 K_1 - 2 K_2^2 + 19 K_2 + 10 K_3 + 3 K_4 + 19,O1O2O3O4U3U5U2O6U4O7O5U8U7O8U1U6,O1O2O3U4U3U1U5O6O5U7O8O7U2U8O4U6,O1O2O3U4O5U6U2O7O6U7O8O4U8U3U1U5,c,{'O1O2O3O4U5U4O6U7U6O8O7U1O5U3U8U2'},1,"<a href=""/flatknot/8.850980"">8.850980</a>",t^9-30t^7-66t^6+54t^5+240t^4+164t^3-36t^2-64t-8,t^2-2t,,
8.850981,O1O2O3O4U5U4O6U7U6O8O7U1O5U8U2U3,3,18z^2+85z+99,-6w^4z^2+24w^3z^2-12w^3z+97w^2z+99w,False,False,"[[ 0 -2  0  2  1 -1  1  0 -1],[ 2  0  1  2  0  1  1  1 -1],[ 0 -1  0  1  1  0  1  0 -2],[-2 -2 -1  0  1 -2  1 -2 -2],[-1  0 -1 -1  0 -1  0 -1 -1],[ 1 -1  0  2  1  0  0  2  0],[-1 -1 -1 -1  0  0  0 -1 -1],[ 0 -1  0  2  1 -2  1  0 -1],[ 1  1  2  2  1  0  1  1  0]]","[[ 0  2  1  1  0  0 -1 -1 -2],[-2  0  1  1 -1 -2 -2 -2 -2],[-1 -1  0  0 -1 -1  0 -1 -1],[-1 -1  0  0 -1 -1 -1 -1  0],[ 0  1  1  1  0  0  0 -2 -1],[ 0  2  1  1  0  0 -2 -1 -1],[ 1  2  0  1  0  2  0  0 -1],[ 1  2  1  1  2  1  0  0  1],[ 2  2  1  0  1  1  1 -1  0]]",True,"[-2,-1,-1,0,0,1,1,2,-1,-1,1,2,2,2,2,0,1,1,0,1,1,1,1,1,1,0,0,0,2,1,2,1,1,0,1,-1]","[-2,-1,-1,0,0,1,1,2,-1,-1,1,2,2,2,2,0,1,1,0,1,1,1,1,1,1,0,0,0,2,1,2,1,1,0,1,-1]",t^8+40t^6+200t^4+127t^2,"[-2,-1,-1,0,0,1,1,2,0,2,1,1,2,3,2,0,-1,1,2,1,1,0,-1,1,1,1,0,0,0,0,0,0,1,0,2,2]","[-2,-1,-1,0,0,1,1,2,2,2,0,1,1,1,2,0,0,0,1,1,3,0,0,1,2,2,0,0,-1,1,-1,1,1,0,2,0]","[-2,-1,-1,0,0,1,1,2,-1,1,1,1,0,1,2,0,1,2,1,1,2,2,0,1,0,2,0,1,1,2,1,1,1,0,-1,-1]",c,"[[{8, 1}, {2, 7}, {3, 6}, {4, 5}], [{8, 1}, {2, 7}, {4, 6}, {3, 5}], [{8, 1}, {2, 7}, {5, 6}, {3, 4}], [{8, 1}, {2, 7}, {6}, {3, 5}, {4}], [{8, 1}, {3, 7}, {2, 6}, {4, 5}], [{8, 1}, {3, 7}, {4, 6}, {2, 5}], [{8, 1}, {3, 7}, {5, 6}, {2, 4}], [{8, 1}, {4, 7}, {2, 6}, {3, 5}], [{8, 1}, {4, 7}, {3, 6}, {2, 5}], [{8, 1}, {4, 7}, {5, 6}, {2, 3}], [{8, 1}, {4, 7}, {6}, {3, 5}, {2}], [{8, 1}, {5, 7}, {2, 6}, {3, 4}], [{8, 1}, {5, 7}, {3, 6}, {2, 4}], [{8, 1}, {5, 7}, {4, 6}, {2, 3}], [{8, 1}, {6, 7}, {2, 5}, {3, 4}], [{8, 1}, {6, 7}, {2, 5}, {4}, {3}], [{8, 1}, {6, 7}, {3, 5}, {2, 4}], [{8, 1}, {6, 7}, {3, 5}, {4}, {2}], [{8, 1}, {6, 7}, {4, 5}, {2, 3}], [{8, 1}, {6, 7}, {5}, {4}, {2, 3}], [{8, 1}, {7}, {2, 6}, {3, 5}, {4}], [{8, 1}, {7}, {3, 6}, {4, 5}, {2}], [{8, 1}, {7}, {4, 6}, {3, 5}, {2}], [{8, 1}, {7}, {5, 6}, {3, 4}, {2}], [{8, 1}, {7}, {6}, {3, 5}, {2, 4}], [{8, 1}, {7}, {6}, {3, 5}, {4}, {2}], [{8, 2}, {1, 7}, {3, 6}, {4, 5}], [{8, 2}, {1, 7}, {4, 6}, {3, 5}], [{8, 2}, {1, 7}, {5, 6}, {3, 4}], [{8, 2}, {3, 7}, {1, 6}, {4, 5}], [{8, 2}, {3, 7}, {4, 6}, {1, 5}], [{8, 2}, {3, 7}, {5, 6}, {1, 4}], [{8, 2}, {3, 7}, {6}, {1, 5}, {4}], [{8, 2}, {4, 7}, {1, 6}, {3, 5}], [{8, 2}, {4, 7}, {3, 6}, {1, 5}], [{8, 2}, {4, 7}, {5, 6}, {1, 3}], [{8, 2}, {4, 7}, {6}, {1, 5}, {3}], [{8, 2}, {5, 7}, {1, 6}, {3, 4}], [{8, 2}, {5, 7}, {3, 6}, {1, 4}], [{8, 2}, {5, 7}, {4, 6}, {1, 3}], [{8, 2}, {6, 7}, {1, 5}, {3, 4}], [{8, 2}, {6, 7}, {1, 5}, {4}, {3}], [{8, 2}, {6, 7}, {3, 5}, {1, 4}], [{8, 2}, {6, 7}, {3, 5}, {4}, {1}], [{8, 2}, {6, 7}, {4, 5}, {1, 3}], [{8, 2}, {6, 7}, {5}, {4}, {1, 3}], [{8, 2}, {7}, {3, 6}, {1, 5}, {4}], [{8, 2}, {7}, {4, 6}, {1, 5}, {3}], [{8, 2}, {7}, {6}, {1, 5}, {3, 4}], [{8, 2}, {7}, {6}, {1, 5}, {4}, {3}], [{8, 3}, {1, 7}, {2, 6}, {4, 5}], [{8, 3}, {1, 7}, {4, 6}, {2, 5}], [{8, 3}, {1, 7}, {5, 6}, {2, 4}], [{8, 3}, {2, 7}, {1, 6}, {4, 5}], [{8, 3}, {2, 7}, {4, 6}, {1, 5}], [{8, 3}, {2, 7}, {5, 6}, {1, 4}], [{8, 3}, {2, 7}, {6}, {1, 5}, {4}], [{8, 3}, {4, 7}, {1, 6}, {2, 5}], [{8, 3}, {4, 7}, {2, 6}, {1, 5}], [{8, 3}, {4, 7}, {5, 6}, {1, 2}], [{8, 3}, {4, 7}, {6}, {1, 5}, {2}], [{8, 3}, {5, 7}, {1, 6}, {2, 4}], [{8, 3}, {5, 7}, {2, 6}, {1, 4}], [{8, 3}, {5, 7}, {4, 6}, {1, 2}], [{8, 3}, {6, 7}, {1, 5}, {2, 4}], [{8, 3}, {6, 7}, {1, 5}, {4}, {2}], [{8, 3}, {6, 7}, {2, 5}, {1, 4}], [{8, 3}, {6, 7}, {2, 5}, {4}, {1}], [{8, 3}, {6, 7}, {4, 5}, {1, 2}], [{8, 3}, {6, 7}, {5}, {4}, {1, 2}], [{8, 3}, {7}, {1, 6}, {4, 5}, {2}], [{8, 3}, {7}, {2, 6}, {1, 5}, {4}], [{8, 3}, {7}, {4, 6}, {1, 5}, {2}], [{8, 3}, {7}, {5, 6}, {1, 4}, {2}], [{8, 3}, {7}, {6}, {1, 5}, {2, 4}], [{8, 3}, {7}, {6}, {1, 5}, {4}, {2}], [{8, 4}, {1, 7}, {2, 6}, {3, 5}], [{8, 4}, {1, 7}, {3, 6}, {2, 5}], [{8, 4}, {1, 7}, {5, 6}, {2, 3}], [{8, 4}, {1, 7}, {6}, {5}, {2, 3}], [{8, 4}, {2, 7}, {1, 6}, {3, 5}], [{8, 4}, {2, 7}, {3, 6}, {1, 5}], [{8, 4}, {2, 7}, {5, 6}, {1, 3}], [{8, 4}, {2, 7}, {6}, {1, 5}, {3}], [{8, 4}, {3, 7}, {1, 6}, {2, 5}], [{8, 4}, {3, 7}, {2, 6}, {1, 5}], [{8, 4}, {3, 7}, {5, 6}, {1, 2}], [{8, 4}, {3, 7}, {6}, {1, 5}, {2}], [{8, 4}, {5, 7}, {1, 6}, {2, 3}], [{8, 4}, {5, 7}, {2, 6}, {1, 3}], [{8, 4}, {5, 7}, {3, 6}, {1, 2}], [{8, 4}, {5, 7}, {6}, {2, 3}, {1}], [{8, 4}, {6, 7}, {1, 5}, {2, 3}], [{8, 4}, {6, 7}, {1, 5}, {3}, {2}], [{8, 4}, {6, 7}, {2, 5}, {1, 3}], [{8, 4}, {6, 7}, {3, 5}, {1, 2}], [{8, 4}, {7}, {1, 6}, {3, 5}, {2}], [{8, 4}, {7}, {2, 6}, {1, 5}, {3}], [{8, 4}, {7}, {3, 6}, {1, 5}, {2}], [{8, 4}, {7}, {5, 6}, {1, 3}, {2}], [{8, 4}, {7}, {6}, {1, 5}, {2, 3}], [{8, 4}, {7}, {6}, {1, 5}, {3}, {2}], [{8, 5}, {1, 7}, {2, 6}, {3, 4}], [{8, 5}, {1, 7}, {3, 6}, {2, 4}], [{8, 5}, {1, 7}, {4, 6}, {2, 3}], [{8, 5}, {2, 7}, {1, 6}, {3, 4}], [{8, 5}, {2, 7}, {3, 6}, {1, 4}], [{8, 5}, {2, 7}, {4, 6}, {1, 3}], [{8, 5}, {2, 7}, {6}, {4}, {1, 3}], [{8, 5}, {3, 7}, {1, 6}, {2, 4}], [{8, 5}, {3, 7}, {2, 6}, {1, 4}], [{8, 5}, {3, 7}, {4, 6}, {1, 2}], [{8, 5}, {4, 7}, {1, 6}, {2, 3}], [{8, 5}, {4, 7}, {2, 6}, {1, 3}], [{8, 5}, {4, 7}, {3, 6}, {1, 2}], [{8, 5}, {4, 7}, {6}, {1, 3}, {2}], [{8, 5}, {6, 7}, {1, 4}, {2, 3}], [{8, 5}, {6, 7}, {2, 4}, {1, 3}], [{8, 5}, {6, 7}, {3, 4}, {1, 2}], [{8, 5}, {6, 7}, {4}, {1, 3}, {2}], [{8, 5}, {6, 7}, {4}, {2, 3}, {1}], [{8, 5}, {6, 7}, {4}, {3}, {1, 2}], [{8, 5}, {7}, {1, 6}, {3, 4}, {2}], [{8, 5}, {7}, {2, 6}, {4}, {1, 3}], [{8, 5}, {7}, {3, 6}, {1, 4}, {2}], [{8, 5}, {7}, {4, 6}, {1, 3}, {2}], [{8, 5}, {7}, {6}, {2, 4}, {1, 3}], [{8, 5}, {7}, {6}, {4}, {1, 3}, {2}], [{8, 6}, {1, 7}, {2, 5}, {3, 4}], [{8, 6}, {1, 7}, {3, 5}, {2, 4}], [{8, 6}, {1, 7}, {4, 5}, {2, 3}], [{8, 6}, {2, 7}, {1, 5}, {3, 4}], [{8, 6}, {2, 7}, {1, 5}, {4}, {3}], [{8, 6}, {2, 7}, {3, 5}, {1, 4}], [{8, 6}, {2, 7}, {4, 5}, {1, 3}], [{8, 6}, {3, 7}, {1, 5}, {2, 4}], [{8, 6}, {3, 7}, {1, 5}, {4}, {2}], [{8, 6}, {3, 7}, {2, 5}, {1, 4}], [{8, 6}, {3, 7}, {4, 5}, {1, 2}], [{8, 6}, {4, 7}, {1, 5}, {2, 3}], [{8, 6}, {4, 7}, {1, 5}, {3}, {2}], [{8, 6}, {4, 7}, {2, 5}, {1, 3}], [{8, 6}, {4, 7}, {3, 5}, {1, 2}], [{8, 6}, {5, 7}, {1, 4}, {2, 3}], [{8, 6}, {5, 7}, {2, 4}, {1, 3}], [{8, 6}, {5, 7}, {3, 4}, {1, 2}], [{8, 6}, {7}, {1, 5}, {2, 4}, {3}], [{8, 6}, {7}, {1, 5}, {3, 4}, {2}], [{8, 6}, {7}, {1, 5}, {4}, {2, 3}], [{8, 6}, {7}, {1, 5}, {4}, {3}, {2}], [{8, 6}, {7}, {3, 5}, {1, 4}, {2}], [{8, 6}, {7}, {4, 5}, {1, 3}, {2}], [{8, 7}, {1, 6}, {2, 5}, {3, 4}], [{8, 7}, {1, 6}, {3, 5}, {2, 4}], [{8, 7}, {1, 6}, {4, 5}, {2, 3}], [{8, 7}, {2, 6}, {1, 5}, {3, 4}], [{8, 7}, {2, 6}, {1, 5}, {4}, {3}], [{8, 7}, {2, 6}, {3, 5}, {1, 4}], [{8, 7}, {2, 6}, {4, 5}, {1, 3}], [{8, 7}, {3, 6}, {1, 5}, {2, 4}], [{8, 7}, {3, 6}, {1, 5}, {4}, {2}], [{8, 7}, {3, 6}, {2, 5}, {1, 4}], [{8, 7}, {3, 6}, {4, 5}, {1, 2}], [{8, 7}, {4, 6}, {1, 5}, {2, 3}], [{8, 7}, {4, 6}, {1, 5}, {3}, {2}], [{8, 7}, {4, 6}, {2, 5}, {1, 3}], [{8, 7}, {4, 6}, {3, 5}, {1, 2}], [{8, 7}, {5, 6}, {1, 4}, {2, 3}], [{8, 7}, {5, 6}, {2, 4}, {1, 3}], [{8, 7}, {5, 6}, {3, 4}, {1, 2}], [{8, 7}, {6}, {1, 5}, {2, 4}, {3}], [{8, 7}, {6}, {1, 5}, {3, 4}, {2}], [{8, 7}, {6}, {1, 5}, {4}, {2, 3}], [{8, 7}, {6}, {1, 5}, {4}, {3}, {2}], [{8, 7}, {6}, {4, 5}, {2, 3}, {1}], [{8, 7}, {6}, {5}, {1, 4}, {2, 3}], [{8}, {2, 7}, {3, 6}, {1, 5}, {4}], [{8}, {2, 7}, {4, 6}, {1, 5}, {3}], [{8}, {2, 7}, {6}, {1, 5}, {3, 4}], [{8}, {2, 7}, {6}, {1, 5}, {4}, {3}], [{8}, {3, 7}, {2, 6}, {1, 5}, {4}], [{8}, {3, 7}, {4, 6}, {1, 5}, {2}], [{8}, {3, 7}, {6}, {1, 5}, {2, 4}], [{8}, {3, 7}, {6}, {1, 5}, {4}, {2}], [{8}, {4, 7}, {2, 6}, {1, 5}, {3}], [{8}, {4, 7}, {3, 6}, {1, 5}, {2}], [{8}, {4, 7}, {6}, {1, 5}, {2, 3}], [{8}, {4, 7}, {6}, {1, 5}, {3}, {2}], [{8}, {6, 7}, {1, 5}, {2, 4}, {3}], [{8}, {6, 7}, {1, 5}, {3, 4}, {2}], [{8}, {6, 7}, {1, 5}, {4}, {2, 3}], [{8}, {6, 7}, {1, 5}, {4}, {3}, {2}], [{8}, {6, 7}, {2, 5}, {4}, {1, 3}], [{8}, {6, 7}, {3, 5}, {4}, {1, 2}], [{8}, {7}, {2, 6}, {1, 5}, {3, 4}], [{8}, {7}, {2, 6}, {1, 5}, {4}, {3}], [{8}, {7}, {3, 6}, {1, 5}, {2, 4}], [{8}, {7}, {3, 6}, {1, 5}, {4}, {2}], [{8}, {7}, {4, 6}, {1, 5}, {2, 3}], [{8}, {7}, {4, 6}, {1, 5}, {3}, {2}], [{8}, {7}, {6}, {1, 5}, {2, 4}, {3}], [{8}, {7}, {6}, {1, 5}, {3, 4}, {2}], [{8}, {7}, {6}, {1, 5}, {4}, {2, 3}], [{8}, {7}, {6}, {1, 5}, {4}, {3}, {2}]]",2,28 K_1^3 + 16 K_1^2 K_2 - 32 K_1^2 - 16 K_1 K_2 - 8 K_1 K_3 - 13 K_1 + 12 K_2 + K_3 + 13,O1O2O3O4U2U3U5O6U4O7O5U8U7O8U1U6,O1O2O3U4U2U3U5O6O5U7O8O7U1U8O4U6,O1O2O3U4O5U6U3O7O6U7O8O4U8U1U2U5,c,{'O1O2O3O4U5U4O6U7U6O8O7U1O5U8U2U3'},1,"<a href=""/flatknot/8.850981"">8.850981</a>",t^9-40t^7-120t^6+28t^5+498t^4+435t^3-360t^2-460t,0,,
8.850982,O1O2O3O4U5U4O6U7U6O8O7U1O5U8U3U2,3,17z^2+86z+105,17w^3z^2-16w^3z+102w^2z+105w,False,False,"[[ 0 -2  1  1  1 -1  1  0 -1],[ 2  0  2  1  0  1  1  1 -1],[-1 -2  0  0  1 -1  1 -1 -2],[-1 -1  0  0  1 -1  1 -1 -2],[-1  0 -1 -1  0 -1  0 -1 -1],[ 1 -1  1  1  1  0  0  2  0],[-1 -1 -1 -1  0  0  0 -1 -1],[ 0 -1  1  1  1 -2  1  0 -1],[ 1  1  2  2  1  0  1  1  0]]","[[ 0  1  1  1  1  0 -1 -1 -2],[-1  0  1  1  0 -1 -1 -2 -1],[-1 -1  0  0 -1 -1  0 -1 -1],[-1 -1  0  0 -1 -1 -1 -1  0],[-1  0  1  1  0 -1 -1 -2 -2],[ 0  1  1  1  1  0 -2 -1 -1],[ 1  1  0  1  1  2  0  0 -1],[ 1  2  1  1  2  1  0  0  1],[ 2  1  1  0  2  1  1 -1  0]]",True,"[-1,-1,-1,-1,0,1,1,2,-1,-1,0,1,1,2,1,0,1,1,0,1,1,1,1,1,1,0,1,1,2,2,2,1,1,0,1,-1]","[-2,-1,-1,0,1,1,1,1,-1,1,1,0,1,1,2,0,1,1,1,2,2,2,1,0,1,1,1,1,1,1,0,-1,-1,-1,-1,0]",t^8+35t^6+150t^4+79t^2,"[-2,-1,-1,0,1,1,1,1,0,2,1,1,2,2,3,0,-1,1,1,2,1,0,0,0,1,1,0,0,0,0,0,-1,-1,-1,-1,0]","[-1,-1,-1,-1,0,1,1,2,-1,-1,0,0,1,1,3,0,1,0,0,1,1,1,0,0,1,2,0,1,2,2,0,-1,1,0,2,0]","[-2,-1,-1,0,1,1,1,1,-1,1,1,0,1,1,2,0,1,1,1,2,2,2,1,0,1,1,1,1,1,1,0,-1,-1,-1,-1,0]",c,"[[{8, 1}, {2, 7}, {3, 6}, {4, 5}], [{8, 1}, {2, 7}, {4, 6}, {3, 5}], [{8, 1}, {2, 7}, {5, 6}, {3, 4}], [{8, 1}, {3, 7}, {2, 6}, {4, 5}], [{8, 1}, {3, 7}, {4, 6}, {2, 5}], [{8, 1}, {3, 7}, {5, 6}, {2, 4}], [{8, 1}, {4, 7}, {2, 6}, {3, 5}], [{8, 1}, {4, 7}, {3, 6}, {2, 5}], [{8, 1}, {4, 7}, {3, 6}, {5}, {2}], [{8, 1}, {4, 7}, {5, 6}, {2, 3}], [{8, 1}, {5, 7}, {2, 6}, {3, 4}], [{8, 1}, {5, 7}, {3, 6}, {2, 4}], [{8, 1}, {5, 7}, {3, 6}, {4}, {2}], [{8, 1}, {5, 7}, {4, 6}, {2, 3}], [{8, 1}, {6, 7}, {2, 5}, {3, 4}], [{8, 1}, {6, 7}, {2, 5}, {4}, {3}], [{8, 1}, {6, 7}, {3, 5}, {2, 4}], [{8, 1}, {6, 7}, {3, 5}, {4}, {2}], [{8, 1}, {6, 7}, {4, 5}, {2, 3}], [{8, 1}, {6, 7}, {5}, {4}, {2, 3}], [{8, 1}, {7}, {3, 6}, {4, 5}, {2}], [{8, 1}, {7}, {5, 6}, {3, 4}, {2}], [{8, 2}, {1, 7}, {3, 6}, {4, 5}], [{8, 2}, {1, 7}, {4, 6}, {3, 5}], [{8, 2}, {1, 7}, {4, 6}, {5}, {3}], [{8, 2}, {1, 7}, {5, 6}, {3, 4}], [{8, 2}, {3, 7}, {1, 6}, {4, 5}], [{8, 2}, {3, 7}, {4, 6}, {1, 5}], [{8, 2}, {3, 7}, {5, 6}, {1, 4}], [{8, 2}, {3, 7}, {6}, {1, 5}, {4}], [{8, 2}, {4, 7}, {1, 6}, {3, 5}], [{8, 2}, {4, 7}, {3, 6}, {1, 5}], [{8, 2}, {4, 7}, {5, 6}, {1, 3}], [{8, 2}, {4, 7}, {6}, {1, 5}, {3}], [{8, 2}, {5, 7}, {1, 6}, {3, 4}], [{8, 2}, {5, 7}, {3, 6}, {1, 4}], [{8, 2}, {5, 7}, {4, 6}, {1, 3}], [{8, 2}, {5, 7}, {4, 6}, {3}, {1}], [{8, 2}, {6, 7}, {1, 5}, {3, 4}], [{8, 2}, {6, 7}, {1, 5}, {4}, {3}], [{8, 2}, {6, 7}, {3, 5}, {1, 4}], [{8, 2}, {6, 7}, {3, 5}, {4}, {1}], [{8, 2}, {6, 7}, {4, 5}, {1, 3}], [{8, 2}, {6, 7}, {5}, {4}, {1, 3}], [{8, 2}, {7}, {3, 6}, {1, 5}, {4}], [{8, 2}, {7}, {4, 6}, {1, 5}, {3}], [{8, 2}, {7}, {6}, {1, 5}, {3, 4}], [{8, 2}, {7}, {6}, {1, 5}, {4}, {3}], [{8, 3}, {1, 7}, {2, 6}, {4, 5}], [{8, 3}, {1, 7}, {4, 6}, {2, 5}], [{8, 3}, {1, 7}, {5, 6}, {2, 4}], [{8, 3}, {2, 7}, {1, 6}, {4, 5}], [{8, 3}, {2, 7}, {4, 6}, {1, 5}], [{8, 3}, {2, 7}, {5, 6}, {1, 4}], [{8, 3}, {2, 7}, {6}, {1, 5}, {4}], [{8, 3}, {4, 7}, {1, 6}, {2, 5}], [{8, 3}, {4, 7}, {2, 6}, {1, 5}], [{8, 3}, {4, 7}, {5, 6}, {1, 2}], [{8, 3}, {4, 7}, {6}, {1, 5}, {2}], [{8, 3}, {5, 7}, {1, 6}, {2, 4}], [{8, 3}, {5, 7}, {2, 6}, {1, 4}], [{8, 3}, {5, 7}, {4, 6}, {1, 2}], [{8, 3}, {6, 7}, {1, 5}, {2, 4}], [{8, 3}, {6, 7}, {1, 5}, {4}, {2}], [{8, 3}, {6, 7}, {2, 5}, {1, 4}], [{8, 3}, {6, 7}, {2, 5}, {4}, {1}], [{8, 3}, {6, 7}, {4, 5}, {1, 2}], [{8, 3}, {6, 7}, {5}, {4}, {1, 2}], [{8, 3}, {7}, {2, 6}, {1, 5}, {4}], [{8, 3}, {7}, {4, 6}, {1, 5}, {2}], [{8, 3}, {7}, {6}, {1, 5}, {2, 4}], [{8, 3}, {7}, {6}, {1, 5}, {4}, {2}], [{8, 4}, {1, 7}, {2, 6}, {3, 5}], [{8, 4}, {1, 7}, {2, 6}, {5}, {3}], [{8, 4}, {1, 7}, {3, 6}, {2, 5}], [{8, 4}, {1, 7}, {3, 6}, {5}, {2}], [{8, 4}, {1, 7}, {5, 6}, {2, 3}], [{8, 4}, {1, 7}, {5, 6}, {3}, {2}], [{8, 4}, {1, 7}, {6}, {2, 5}, {3}], [{8, 4}, {1, 7}, {6}, {3, 5}, {2}], [{8, 4}, {1, 7}, {6}, {5}, {2, 3}], [{8, 4}, {1, 7}, {6}, {5}, {3}, {2}], [{8, 4}, {2, 7}, {1, 6}, {3, 5}], [{8, 4}, {2, 7}, {3, 6}, {1, 5}], [{8, 4}, {2, 7}, {5, 6}, {1, 3}], [{8, 4}, {2, 7}, {6}, {1, 5}, {3}], [{8, 4}, {3, 7}, {1, 6}, {2, 5}], [{8, 4}, {3, 7}, {2, 6}, {1, 5}], [{8, 4}, {3, 7}, {5, 6}, {1, 2}], [{8, 4}, {3, 7}, {6}, {1, 5}, {2}], [{8, 4}, {5, 7}, {1, 6}, {2, 3}], [{8, 4}, {5, 7}, {1, 6}, {3}, {2}], [{8, 4}, {5, 7}, {2, 6}, {1, 3}], [{8, 4}, {5, 7}, {2, 6}, {3}, {1}], [{8, 4}, {5, 7}, {3, 6}, {1, 2}], [{8, 4}, {5, 7}, {3, 6}, {2}, {1}], [{8, 4}, {5, 7}, {6}, {1, 3}, {2}], [{8, 4}, {5, 7}, {6}, {2, 3}, {1}], [{8, 4}, {5, 7}, {6}, {3}, {1, 2}], [{8, 4}, {5, 7}, {6}, {3}, {2}, {1}], [{8, 4}, {6, 7}, {1, 5}, {2, 3}], [{8, 4}, {6, 7}, {1, 5}, {3}, {2}], [{8, 4}, {6, 7}, {2, 5}, {1, 3}], [{8, 4}, {6, 7}, {3, 5}, {1, 2}], [{8, 4}, {7}, {2, 6}, {1, 5}, {3}], [{8, 4}, {7}, {3, 6}, {1, 5}, {2}], [{8, 4}, {7}, {6}, {1, 5}, {2, 3}], [{8, 4}, {7}, {6}, {1, 5}, {3}, {2}], [{8, 5}, {1, 7}, {2, 6}, {3, 4}], [{8, 5}, {1, 7}, {3, 6}, {2, 4}], [{8, 5}, {1, 7}, {3, 6}, {4}, {2}], [{8, 5}, {1, 7}, {4, 6}, {2, 3}], [{8, 5}, {2, 7}, {1, 6}, {3, 4}], [{8, 5}, {2, 7}, {3, 6}, {1, 4}], [{8, 5}, {2, 7}, {4, 6}, {1, 3}], [{8, 5}, {3, 7}, {1, 6}, {2, 4}], [{8, 5}, {3, 7}, {2, 6}, {1, 4}], [{8, 5}, {3, 7}, {4, 6}, {1, 2}], [{8, 5}, {4, 7}, {1, 6}, {2, 3}], [{8, 5}, {4, 7}, {2, 6}, {1, 3}], [{8, 5}, {4, 7}, {3, 6}, {1, 2}], [{8, 5}, {4, 7}, {3, 6}, {2}, {1}], [{8, 5}, {6, 7}, {1, 4}, {2, 3}], [{8, 5}, {6, 7}, {2, 4}, {1, 3}], [{8, 5}, {6, 7}, {3, 4}, {1, 2}], [{8, 5}, {6, 7}, {4}, {1, 3}, {2}], [{8, 5}, {6, 7}, {4}, {2, 3}, {1}], [{8, 5}, {6, 7}, {4}, {3}, {1, 2}], [{8, 5}, {7}, {1, 6}, {3, 4}, {2}], [{8, 5}, {7}, {3, 6}, {1, 4}, {2}], [{8, 6}, {1, 7}, {2, 5}, {3, 4}], [{8, 6}, {1, 7}, {3, 5}, {2, 4}], [{8, 6}, {1, 7}, {4, 5}, {2, 3}], [{8, 6}, {1, 7}, {5}, {2, 4}, {3}], [{8, 6}, {2, 7}, {1, 5}, {3, 4}], [{8, 6}, {2, 7}, {1, 5}, {4}, {3}], [{8, 6}, {2, 7}, {3, 5}, {1, 4}], [{8, 6}, {2, 7}, {4, 5}, {1, 3}], [{8, 6}, {3, 7}, {1, 5}, {2, 4}], [{8, 6}, {3, 7}, {1, 5}, {4}, {2}], [{8, 6}, {3, 7}, {2, 5}, {1, 4}], [{8, 6}, {3, 7}, {4, 5}, {1, 2}], [{8, 6}, {4, 7}, {1, 5}, {2, 3}], [{8, 6}, {4, 7}, {1, 5}, {3}, {2}], [{8, 6}, {4, 7}, {2, 5}, {1, 3}], [{8, 6}, {4, 7}, {3, 5}, {1, 2}], [{8, 6}, {5, 7}, {1, 4}, {2, 3}], [{8, 6}, {5, 7}, {2, 4}, {1, 3}], [{8, 6}, {5, 7}, {2, 4}, {3}, {1}], [{8, 6}, {5, 7}, {3, 4}, {1, 2}], [{8, 6}, {7}, {1, 5}, {2, 4}, {3}], [{8, 6}, {7}, {1, 5}, {3, 4}, {2}], [{8, 6}, {7}, {1, 5}, {4}, {2, 3}], [{8, 6}, {7}, {1, 5}, {4}, {3}, {2}], [{8, 7}, {1, 6}, {2, 5}, {3, 4}], [{8, 7}, {1, 6}, {3, 5}, {2, 4}], [{8, 7}, {1, 6}, {4, 5}, {2, 3}], [{8, 7}, {1, 6}, {4, 5}, {3}, {2}], [{8, 7}, {2, 6}, {1, 5}, {3, 4}], [{8, 7}, {2, 6}, {1, 5}, {4}, {3}], [{8, 7}, {2, 6}, {3, 5}, {1, 4}], [{8, 7}, {2, 6}, {4, 5}, {1, 3}], [{8, 7}, {2, 6}, {4, 5}, {3}, {1}], [{8, 7}, {2, 6}, {5}, {1, 4}, {3}], [{8, 7}, {3, 6}, {1, 5}, {2, 4}], [{8, 7}, {3, 6}, {1, 5}, {4}, {2}], [{8, 7}, {3, 6}, {2, 5}, {1, 4}], [{8, 7}, {3, 6}, {4, 5}, {1, 2}], [{8, 7}, {3, 6}, {4, 5}, {2}, {1}], [{8, 7}, {3, 6}, {5}, {1, 4}, {2}], [{8, 7}, {4, 6}, {1, 5}, {2, 3}], [{8, 7}, {4, 6}, {1, 5}, {3}, {2}], [{8, 7}, {4, 6}, {2, 5}, {1, 3}], [{8, 7}, {4, 6}, {3, 5}, {1, 2}], [{8, 7}, {5, 6}, {1, 4}, {2, 3}], [{8, 7}, {5, 6}, {1, 4}, {3}, {2}], [{8, 7}, {5, 6}, {2, 4}, {1, 3}], [{8, 7}, {5, 6}, {3, 4}, {1, 2}], [{8, 7}, {6}, {1, 5}, {2, 4}, {3}], [{8, 7}, {6}, {1, 5}, {3, 4}, {2}], [{8, 7}, {6}, {1, 5}, {4}, {2, 3}], [{8, 7}, {6}, {1, 5}, {4}, {3}, {2}], [{8, 7}, {6}, {2, 5}, {1, 4}, {3}], [{8, 7}, {6}, {3, 5}, {1, 4}, {2}], [{8, 7}, {6}, {4, 5}, {1, 3}, {2}], [{8, 7}, {6}, {4, 5}, {2, 3}, {1}], [{8, 7}, {6}, {4, 5}, {3}, {1, 2}], [{8, 7}, {6}, {4, 5}, {3}, {2}, {1}], [{8, 7}, {6}, {5}, {1, 4}, {2, 3}], [{8, 7}, {6}, {5}, {1, 4}, {3}, {2}], [{8}, {1, 7}, {3, 6}, {4, 5}, {2}], [{8}, {2, 7}, {1, 6}, {3, 5}, {4}], [{8}, {2, 7}, {3, 6}, {1, 5}, {4}], [{8}, {2, 7}, {4, 6}, {1, 5}, {3}], [{8}, {2, 7}, {5, 6}, {4}, {1, 3}], [{8}, {2, 7}, {6}, {1, 5}, {3, 4}], [{8}, {2, 7}, {6}, {1, 5}, {4}, {3}], [{8}, {3, 7}, {1, 6}, {2, 5}, {4}], [{8}, {3, 7}, {2, 6}, {1, 5}, {4}], [{8}, {3, 7}, {4, 6}, {1, 5}, {2}], [{8}, {3, 7}, {5, 6}, {4}, {1, 2}], [{8}, {3, 7}, {6}, {1, 5}, {2, 4}], [{8}, {3, 7}, {6}, {1, 5}, {4}, {2}], [{8}, {4, 7}, {2, 6}, {1, 5}, {3}], [{8}, {4, 7}, {3, 6}, {1, 5}, {2}], [{8}, {4, 7}, {6}, {1, 5}, {2, 3}], [{8}, {4, 7}, {6}, {1, 5}, {3}, {2}], [{8}, {5, 7}, {3, 6}, {1, 4}, {2}], [{8}, {6, 7}, {1, 5}, {2, 4}, {3}], [{8}, {6, 7}, {1, 5}, {3, 4}, {2}], [{8}, {6, 7}, {1, 5}, {4}, {2, 3}], [{8}, {6, 7}, {1, 5}, {4}, {3}, {2}], [{8}, {6, 7}, {2, 5}, {4}, {1, 3}], [{8}, {6, 7}, {3, 5}, {4}, {1, 2}], [{8}, {7}, {2, 6}, {1, 5}, {3, 4}], [{8}, {7}, {2, 6}, {1, 5}, {4}, {3}], [{8}, {7}, {3, 6}, {1, 5}, {2, 4}], [{8}, {7}, {3, 6}, {1, 5}, {4}, {2}], [{8}, {7}, {4, 6}, {1, 5}, {2, 3}], [{8}, {7}, {4, 6}, {1, 5}, {3}, {2}], [{8}, {7}, {6}, {1, 5}, {2, 4}, {3}], [{8}, {7}, {6}, {1, 5}, {3, 4}, {2}], [{8}, {7}, {6}, {1, 5}, {4}, {2, 3}], [{8}, {7}, {6}, {1, 5}, {4}, {3}, {2}]]",2,- 4 K_1^2 - 16 K_1 K_2 - 2 K_1 K_3 + 8 K_1 - 6 K_2^2 + 3 K_2 + 8 K_3 + 4 K_4 + 6,O1O2O3O4U3U2U5O6U4O7O5U8U7O8U1U6,O1O2O3U4U3U2U5O6O5U7O8O7U1U8O4U6,O1O2O3U4O5U6U3O7O6U7O8O4U8U2U1U5,c,{'O1O2O3O4U5U4O6U7U6O8O7U1O5U8U3U2'},1,"<a href=""/flatknot/8.850982"">8.850982</a>",t^9-37t^7-92t^6+33t^5+218t^4+26t^3-156t^2,t^2-2t,,
8.850983,O1O2O3O4U5U4O6U7U6O8O7U2O5U1U3U8,4,12z^2+89z+131,12w^3z^2+89w^2z+131w,False,False,"[[ 0 -2 -1  1  1 -1  1  0  1],[ 2  0  1  2  1  0  1  1  1],[ 1 -1  0  0  0  0  1  0  0],[-1 -2  0  0  1 -2  1 -2 -1],[-1 -1  0 -1  0 -1  0 -1 -1],[ 1  0  0  2  1  0  0  2  2],[-1 -1 -1 -1  0  0  0 -1 -1],[ 0 -1  0  2  1 -2  1  0  1],[-1 -1  0  1  1 -2  1 -1  0]]","[[ 0  1  1  1  1  0 -1 -1 -2],[-1  0  1  1  1 -1  0 -2 -1],[-1 -1  0  1  1 -2  0 -2 -2],[-1 -1 -1  0  0 -1  0 -1 -1],[-1 -1 -1  0  0 -1 -1  0 -1],[ 0  1  2  1  1  0  0 -2 -1],[ 1  0  0  0  1  0  0  0 -1],[ 1  2  2  1  0  2  0  0  0],[ 2  1  2  1  1  1  1  0  0]]",True,"[-1,-1,-1,-1,0,1,1,2,-1,-1,-1,1,0,2,1,-1,-1,2,0,2,2,0,1,0,1,1,1,1,0,1,0,2,1,0,1,0]","[-2,-1,-1,0,1,1,1,1,0,1,1,1,1,1,2,0,2,0,1,2,2,0,1,0,0,0,1,1,1,2,0,-1,-1,-1,-1,1]",t^8+35t^6+83t^4+35t^2+1,"[-2,-1,-1,0,1,1,1,1,0,1,1,1,2,2,2,0,1,2,1,2,2,-1,0,2,0,1,-1,0,0,0,-1,1,-1,1,0,-1]","[-1,-1,-1,-1,0,1,1,2,-1,-1,0,0,1,2,2,-1,1,-1,0,2,1,1,0,0,2,2,0,2,1,2,-1,1,1,0,1,0]","[-2,-1,-1,0,1,1,1,1,0,1,1,1,1,1,2,0,2,0,1,2,2,0,1,0,0,0,1,1,1,2,0,-1,-1,-1,-1,1]",c,"[[{8, 1}, {2, 7}, {3, 6}, {4, 5}], [{8, 1}, {2, 7}, {4, 6}, {3, 5}], [{8, 1}, {2, 7}, {5, 6}, {3, 4}], [{8, 1}, {2, 7}, {5, 6}, {4}, {3}], [{8, 1}, {3, 7}, {2, 6}, {4, 5}], [{8, 1}, {3, 7}, {4, 6}, {2, 5}], [{8, 1}, {3, 7}, {5, 6}, {2, 4}], [{8, 1}, {3, 7}, {6}, {2, 5}, {4}], [{8, 1}, {4, 7}, {2, 6}, {3, 5}], [{8, 1}, {4, 7}, {3, 6}, {2, 5}], [{8, 1}, {4, 7}, {5, 6}, {2, 3}], [{8, 1}, {5, 7}, {2, 6}, {3, 4}], [{8, 1}, {5, 7}, {3, 6}, {2, 4}], [{8, 1}, {5, 7}, {3, 6}, {4}, {2}], [{8, 1}, {5, 7}, {4, 6}, {2, 3}], [{8, 1}, {6, 7}, {2, 5}, {3, 4}], [{8, 1}, {6, 7}, {3, 5}, {2, 4}], [{8, 1}, {6, 7}, {4, 5}, {2, 3}], [{8, 1}, {6, 7}, {5}, {4}, {2, 3}], [{8, 1}, {7}, {2, 6}, {3, 5}, {4}], [{8, 2}, {1, 7}, {3, 6}, {4, 5}], [{8, 2}, {1, 7}, {4, 6}, {3, 5}], [{8, 2}, {1, 7}, {5, 6}, {3, 4}], [{8, 2}, {1, 7}, {5, 6}, {4}, {3}], [{8, 2}, {3, 7}, {1, 6}, {4, 5}], [{8, 2}, {3, 7}, {4, 6}, {1, 5}], [{8, 2}, {3, 7}, {5, 6}, {1, 4}], [{8, 2}, {3, 7}, {6}, {4, 5}, {1}], [{8, 2}, {4, 7}, {1, 6}, {3, 5}], [{8, 2}, {4, 7}, {1, 6}, {5}, {3}], [{8, 2}, {4, 7}, {3, 6}, {1, 5}], [{8, 2}, {4, 7}, {5, 6}, {1, 3}], [{8, 2}, {5, 7}, {1, 6}, {3, 4}], [{8, 2}, {5, 7}, {3, 6}, {1, 4}], [{8, 2}, {5, 7}, {4, 6}, {1, 3}], [{8, 2}, {6, 7}, {1, 5}, {3, 4}], [{8, 2}, {6, 7}, {3, 5}, {1, 4}], [{8, 2}, {6, 7}, {4, 5}, {1, 3}], [{8, 2}, {7}, {1, 6}, {3, 5}, {4}], [{8, 2}, {7}, {4, 6}, {1, 5}, {3}], [{8, 2}, {7}, {4, 6}, {3, 5}, {1}], [{8, 2}, {7}, {4, 6}, {5}, {1, 3}], [{8, 2}, {7}, {6}, {3, 5}, {1, 4}], [{8, 3}, {1, 7}, {2, 6}, {4, 5}], [{8, 3}, {1, 7}, {4, 6}, {2, 5}], [{8, 3}, {1, 7}, {5, 6}, {2, 4}], [{8, 3}, {1, 7}, {6}, {2, 5}, {4}], [{8, 3}, {2, 7}, {1, 6}, {4, 5}], [{8, 3}, {2, 7}, {4, 6}, {1, 5}], [{8, 3}, {2, 7}, {5, 6}, {1, 4}], [{8, 3}, {2, 7}, {6}, {5}, {1, 4}], [{8, 3}, {4, 7}, {1, 6}, {2, 5}], [{8, 3}, {4, 7}, {2, 6}, {1, 5}], [{8, 3}, {4, 7}, {5, 6}, {1, 2}], [{8, 3}, {5, 7}, {1, 6}, {2, 4}], [{8, 3}, {5, 7}, {2, 6}, {1, 4}], [{8, 3}, {5, 7}, {4, 6}, {1, 2}], [{8, 3}, {6, 7}, {1, 5}, {2, 4}], [{8, 3}, {6, 7}, {2, 5}, {1, 4}], [{8, 3}, {6, 7}, {4, 5}, {1, 2}], [{8, 3}, {7}, {5, 6}, {1, 4}, {2}], [{8, 4}, {1, 7}, {2, 6}, {3, 5}], [{8, 4}, {1, 7}, {3, 6}, {2, 5}], [{8, 4}, {1, 7}, {5, 6}, {2, 3}], [{8, 4}, {1, 7}, {5, 6}, {3}, {2}], [{8, 4}, {2, 7}, {1, 6}, {3, 5}], [{8, 4}, {2, 7}, {3, 6}, {1, 5}], [{8, 4}, {2, 7}, {5, 6}, {1, 3}], [{8, 4}, {2, 7}, {5, 6}, {3}, {1}], [{8, 4}, {2, 7}, {6}, {5}, {1, 3}], [{8, 4}, {3, 7}, {1, 6}, {2, 5}], [{8, 4}, {3, 7}, {2, 6}, {1, 5}], [{8, 4}, {3, 7}, {5, 6}, {1, 2}], [{8, 4}, {5, 7}, {1, 6}, {2, 3}], [{8, 4}, {5, 7}, {2, 6}, {1, 3}], [{8, 4}, {5, 7}, {3, 6}, {1, 2}], [{8, 4}, {6, 7}, {1, 5}, {2, 3}], [{8, 4}, {6, 7}, {2, 5}, {1, 3}], [{8, 4}, {6, 7}, {3, 5}, {1, 2}], [{8, 4}, {6, 7}, {5}, {2, 3}, {1}], [{8, 4}, {7}, {1, 6}, {2, 5}, {3}], [{8, 4}, {7}, {2, 6}, {3, 5}, {1}], [{8, 4}, {7}, {5, 6}, {3}, {1, 2}], [{8, 4}, {7}, {6}, {1, 5}, {2, 3}], [{8, 5}, {1, 7}, {2, 6}, {3, 4}], [{8, 5}, {1, 7}, {3, 6}, {2, 4}], [{8, 5}, {1, 7}, {3, 6}, {4}, {2}], [{8, 5}, {1, 7}, {4, 6}, {2, 3}], [{8, 5}, {2, 7}, {1, 6}, {3, 4}], [{8, 5}, {2, 7}, {3, 6}, {1, 4}], [{8, 5}, {2, 7}, {4, 6}, {1, 3}], [{8, 5}, {2, 7}, {6}, {1, 4}, {3}], [{8, 5}, {3, 7}, {1, 6}, {2, 4}], [{8, 5}, {3, 7}, {2, 6}, {1, 4}], [{8, 5}, {3, 7}, {2, 6}, {4}, {1}], [{8, 5}, {3, 7}, {4, 6}, {1, 2}], [{8, 5}, {4, 7}, {1, 6}, {2, 3}], [{8, 5}, {4, 7}, {1, 6}, {3}, {2}], [{8, 5}, {4, 7}, {2, 6}, {1, 3}], [{8, 5}, {4, 7}, {3, 6}, {1, 2}], [{8, 5}, {4, 7}, {3, 6}, {2}, {1}], [{8, 5}, {4, 7}, {6}, {1, 3}, {2}], [{8, 5}, {6, 7}, {1, 4}, {2, 3}], [{8, 5}, {6, 7}, {2, 4}, {1, 3}], [{8, 5}, {6, 7}, {3, 4}, {1, 2}], [{8, 5}, {6, 7}, {4}, {2, 3}, {1}], [{8, 5}, {7}, {3, 6}, {1, 4}, {2}], [{8, 5}, {7}, {6}, {3, 4}, {1, 2}], [{8, 6}, {1, 7}, {2, 5}, {3, 4}], [{8, 6}, {1, 7}, {3, 5}, {2, 4}], [{8, 6}, {1, 7}, {4, 5}, {2, 3}], [{8, 6}, {2, 7}, {1, 5}, {3, 4}], [{8, 6}, {2, 7}, {3, 5}, {1, 4}], [{8, 6}, {2, 7}, {4, 5}, {1, 3}], [{8, 6}, {2, 7}, {5}, {1, 4}, {3}], [{8, 6}, {3, 7}, {1, 5}, {2, 4}], [{8, 6}, {3, 7}, {2, 5}, {1, 4}], [{8, 6}, {3, 7}, {4, 5}, {1, 2}], [{8, 6}, {3, 7}, {5}, {1, 4}, {2}], [{8, 6}, {4, 7}, {1, 5}, {2, 3}], [{8, 6}, {4, 7}, {2, 5}, {1, 3}], [{8, 6}, {4, 7}, {3, 5}, {1, 2}], [{8, 6}, {5, 7}, {1, 4}, {2, 3}], [{8, 6}, {5, 7}, {1, 4}, {3}, {2}], [{8, 6}, {5, 7}, {2, 4}, {1, 3}], [{8, 6}, {5, 7}, {2, 4}, {3}, {1}], [{8, 6}, {5, 7}, {3, 4}, {1, 2}], [{8, 6}, {5, 7}, {4}, {3}, {1, 2}], [{8, 6}, {7}, {2, 5}, {1, 4}, {3}], [{8, 6}, {7}, {3, 5}, {1, 4}, {2}], [{8, 6}, {7}, {5}, {1, 4}, {2, 3}], [{8, 6}, {7}, {5}, {1, 4}, {3}, {2}], [{8, 7}, {1, 6}, {2, 5}, {3, 4}], [{8, 7}, {1, 6}, {2, 5}, {4}, {3}], [{8, 7}, {1, 6}, {3, 5}, {2, 4}], [{8, 7}, {1, 6}, {4, 5}, {2, 3}], [{8, 7}, {2, 6}, {1, 5}, {3, 4}], [{8, 7}, {2, 6}, {3, 5}, {1, 4}], [{8, 7}, {2, 6}, {4, 5}, {1, 3}], [{8, 7}, {2, 6}, {5}, {3, 4}, {1}], [{8, 7}, {3, 6}, {1, 5}, {2, 4}], [{8, 7}, {3, 6}, {2, 5}, {1, 4}], [{8, 7}, {3, 6}, {2, 5}, {4}, {1}], [{8, 7}, {3, 6}, {4, 5}, {1, 2}], [{8, 7}, {4, 6}, {1, 5}, {2, 3}], [{8, 7}, {4, 6}, {2, 5}, {1, 3}], [{8, 7}, {4, 6}, {2, 5}, {3}, {1}], [{8, 7}, {4, 6}, {3, 5}, {1, 2}], [{8, 7}, {5, 6}, {1, 4}, {2, 3}], [{8, 7}, {5, 6}, {2, 4}, {1, 3}], [{8, 7}, {5, 6}, {3, 4}, {1, 2}], [{8, 7}, {5, 6}, {3, 4}, {2}, {1}], [{8, 7}, {6}, {2, 5}, {1, 4}, {3}], [{8, 7}, {6}, {2, 5}, {3, 4}, {1}], [{8, 7}, {6}, {2, 5}, {4}, {1, 3}], [{8, 7}, {6}, {2, 5}, {4}, {3}, {1}], [{8, 7}, {6}, {3, 5}, {1, 4}, {2}], [{8, 7}, {6}, {5}, {1, 4}, {2, 3}], [{8}, {1, 7}, {2, 6}, {4, 5}, {3}], [{8}, {1, 7}, {5, 6}, {2, 4}, {3}], [{8}, {2, 7}, {3, 6}, {5}, {1, 4}], [{8}, {2, 7}, {5, 6}, {1, 4}, {3}], [{8}, {2, 7}, {6}, {3, 5}, {1, 4}], [{8}, {3, 7}, {1, 6}, {5}, {2, 4}], [{8}, {4, 7}, {1, 6}, {2, 5}, {3}], [{8}, {4, 7}, {2, 6}, {1, 5}, {3}], [{8}, {5, 7}, {2, 6}, {4}, {1, 3}], [{8}, {6, 7}, {1, 5}, {4}, {2, 3}], [{8}, {6, 7}, {2, 5}, {1, 4}, {3}], [{8}, {6, 7}, {3, 5}, {1, 4}, {2}], [{8}, {6, 7}, {4, 5}, {1, 3}, {2}], [{8}, {6, 7}, {4, 5}, {2, 3}, {1}], [{8}, {6, 7}, {4, 5}, {3}, {1, 2}], [{8}, {6, 7}, {5}, {1, 4}, {2, 3}], [{8}, {6, 7}, {5}, {4}, {2, 3}, {1}], [{8}, {7}, {2, 6}, {3, 5}, {1, 4}], [{8}, {7}, {6}, {3, 5}, {1, 4}, {2}]]",2,8 K_1^3 + 4 K_1^2 K_2 - 22 K_1^2 - 24 K_1 K_2 - 4 K_1 K_3 + 6 K_1 - 4 K_2^2 + 11 K_2 + 10 K_3 + 3 K_4 + 13,O1O2O3O4U5U2U4O6U3O7O5U8U7O8U1U6,O1O2O3U1U4U2U5O6O5U7O8O7U3U8O4U6,O1O2O3U4O5U6U1O7O6U7O8O4U8U2U5U3,c,{'O1O2O3O4U5U4O6U7U6O8O7U2O5U1U3U8'},1,"<a href=""/flatknot/8.850983"">8.850983</a>",t^9-37t^7-90t^6+68t^5+400t^4+395t^3+112t^2-22t-12,t^2-2t,,
8.850984,O1O2O3O4U5U4O6U7U6O8O7U2O5U1U8U3,4,24z^2+109z+123,24w^3z^2+109w^2z+123w,False,False,"[[ 0 -2 -1  2  1 -1  1  0  0],[ 2  0  1  3  1  0  1  1  0],[ 1 -1  0  1  0  0  1  0 -1],[-2 -3 -1  0  1 -2  1 -2 -2],[-1 -1  0 -1  0 -1  0 -1 -1],[ 1  0  0  2  1  0  0  2  1],[-1 -1 -1 -1  0  0  0 -1 -1],[ 0 -1  0  2  1 -2  1  0  0],[ 0  0  1  2  1 -1  1  0  0]]","[[ 0  2  1  1  0  0 -1 -1 -2],[-2  0  1  1 -2 -2 -1 -2 -3],[-1 -1  0  0 -1 -1  0 -1 -1],[-1 -1  0  0 -1 -1 -1  0 -1],[ 0  2  1  1  0  0  1 -1  0],[ 0  2  1  1  0  0  0 -2 -1],[ 1  1  0  1 -1  0  0  0 -1],[ 1  2  1  0  1  2  0  0  0],[ 2  3  1  1  0  1  1  0  0]]",True,"[-2,-1,-1,0,0,1,1,2,-1,-1,2,2,1,2,3,0,1,1,0,1,1,1,1,1,0,1,0,-1,1,0,0,2,1,0,1,0]","[-2,-1,-1,0,0,1,1,2,-1,-1,2,2,1,2,3,0,1,1,0,1,1,1,1,1,0,1,0,-1,1,0,0,2,1,0,1,0]",t^8+40t^6+126t^4+48t^2+1,"[-2,-1,-1,0,0,1,1,2,0,1,1,2,2,2,1,0,1,2,1,2,2,-1,0,2,1,1,0,0,0,0,0,0,0,0,2,2]","[-2,-1,-1,0,0,1,1,2,2,2,0,0,1,2,1,0,0,0,1,2,2,0,0,2,1,2,0,-1,1,1,0,2,2,0,1,0]","[-2,-1,-1,0,0,1,1,2,0,1,0,1,1,1,3,0,1,2,0,1,2,-1,0,1,0,1,0,1,1,2,1,1,2,0,-1,-1]",c,"[[{8, 1}, {2, 7}, {3, 6}, {4, 5}], [{8, 1}, {2, 7}, {4, 6}, {3, 5}], [{8, 1}, {2, 7}, {5, 6}, {3, 4}], [{8, 1}, {3, 7}, {2, 6}, {4, 5}], [{8, 1}, {3, 7}, {4, 6}, {2, 5}], [{8, 1}, {3, 7}, {5, 6}, {2, 4}], [{8, 1}, {3, 7}, {6}, {2, 5}, {4}], [{8, 1}, {4, 7}, {2, 6}, {3, 5}], [{8, 1}, {4, 7}, {3, 6}, {2, 5}], [{8, 1}, {4, 7}, {5, 6}, {2, 3}], [{8, 1}, {5, 7}, {2, 6}, {3, 4}], [{8, 1}, {5, 7}, {3, 6}, {2, 4}], [{8, 1}, {5, 7}, {4, 6}, {2, 3}], [{8, 1}, {5, 7}, {4, 6}, {3}, {2}], [{8, 1}, {6, 7}, {2, 5}, {3, 4}], [{8, 1}, {6, 7}, {3, 5}, {2, 4}], [{8, 1}, {6, 7}, {4, 5}, {2, 3}], [{8, 1}, {6, 7}, {5}, {4}, {2, 3}], [{8, 2}, {1, 7}, {3, 6}, {4, 5}], [{8, 2}, {1, 7}, {4, 6}, {3, 5}], [{8, 2}, {1, 7}, {5, 6}, {3, 4}], [{8, 2}, {3, 7}, {1, 6}, {4, 5}], [{8, 2}, {3, 7}, {4, 6}, {1, 5}], [{8, 2}, {3, 7}, {5, 6}, {1, 4}], [{8, 2}, {4, 7}, {1, 6}, {3, 5}], [{8, 2}, {4, 7}, {3, 6}, {1, 5}], [{8, 2}, {4, 7}, {5, 6}, {1, 3}], [{8, 2}, {5, 7}, {1, 6}, {3, 4}], [{8, 2}, {5, 7}, {3, 6}, {1, 4}], [{8, 2}, {5, 7}, {4, 6}, {1, 3}], [{8, 2}, {5, 7}, {4, 6}, {3}, {1}], [{8, 2}, {6, 7}, {1, 5}, {3, 4}], [{8, 2}, {6, 7}, {1, 5}, {4}, {3}], [{8, 2}, {6, 7}, {3, 5}, {1, 4}], [{8, 2}, {6, 7}, {4, 5}, {1, 3}], [{8, 2}, {6, 7}, {4, 5}, {3}, {1}], [{8, 2}, {6, 7}, {5}, {1, 4}, {3}], [{8, 2}, {7}, {4, 6}, {5}, {1, 3}], [{8, 2}, {7}, {5, 6}, {4}, {1, 3}], [{8, 2}, {7}, {6}, {4, 5}, {1, 3}], [{8, 3}, {1, 7}, {2, 6}, {4, 5}], [{8, 3}, {1, 7}, {4, 6}, {2, 5}], [{8, 3}, {1, 7}, {5, 6}, {2, 4}], [{8, 3}, {1, 7}, {6}, {2, 5}, {4}], [{8, 3}, {2, 7}, {1, 6}, {4, 5}], [{8, 3}, {2, 7}, {4, 6}, {1, 5}], [{8, 3}, {2, 7}, {5, 6}, {1, 4}], [{8, 3}, {2, 7}, {5, 6}, {4}, {1}], [{8, 3}, {2, 7}, {6}, {5}, {1, 4}], [{8, 3}, {4, 7}, {1, 6}, {2, 5}], [{8, 3}, {4, 7}, {1, 6}, {5}, {2}], [{8, 3}, {4, 7}, {2, 6}, {1, 5}], [{8, 3}, {4, 7}, {5, 6}, {1, 2}], [{8, 3}, {5, 7}, {1, 6}, {2, 4}], [{8, 3}, {5, 7}, {2, 6}, {1, 4}], [{8, 3}, {5, 7}, {4, 6}, {1, 2}], [{8, 3}, {5, 7}, {4, 6}, {2}, {1}], [{8, 3}, {6, 7}, {1, 5}, {2, 4}], [{8, 3}, {6, 7}, {2, 5}, {1, 4}], [{8, 3}, {6, 7}, {4, 5}, {1, 2}], [{8, 4}, {1, 7}, {2, 6}, {3, 5}], [{8, 4}, {1, 7}, {3, 6}, {2, 5}], [{8, 4}, {1, 7}, {5, 6}, {2, 3}], [{8, 4}, {1, 7}, {6}, {2, 5}, {3}], [{8, 4}, {1, 7}, {6}, {3, 5}, {2}], [{8, 4}, {1, 7}, {6}, {5}, {2, 3}], [{8, 4}, {2, 7}, {1, 6}, {3, 5}], [{8, 4}, {2, 7}, {3, 6}, {1, 5}], [{8, 4}, {2, 7}, {5, 6}, {1, 3}], [{8, 4}, {3, 7}, {1, 6}, {2, 5}], [{8, 4}, {3, 7}, {1, 6}, {5}, {2}], [{8, 4}, {3, 7}, {2, 6}, {1, 5}], [{8, 4}, {3, 7}, {5, 6}, {1, 2}], [{8, 4}, {5, 7}, {1, 6}, {2, 3}], [{8, 4}, {5, 7}, {2, 6}, {1, 3}], [{8, 4}, {5, 7}, {3, 6}, {1, 2}], [{8, 4}, {5, 7}, {3, 6}, {2}, {1}], [{8, 4}, {6, 7}, {1, 5}, {2, 3}], [{8, 4}, {6, 7}, {1, 5}, {3}, {2}], [{8, 4}, {6, 7}, {2, 5}, {1, 3}], [{8, 4}, {6, 7}, {3, 5}, {1, 2}], [{8, 4}, {7}, {5, 6}, {1, 3}, {2}], [{8, 5}, {1, 7}, {2, 6}, {3, 4}], [{8, 5}, {1, 7}, {3, 6}, {2, 4}], [{8, 5}, {1, 7}, {4, 6}, {2, 3}], [{8, 5}, {2, 7}, {1, 6}, {3, 4}], [{8, 5}, {2, 7}, {3, 6}, {1, 4}], [{8, 5}, {2, 7}, {4, 6}, {1, 3}], [{8, 5}, {3, 7}, {1, 6}, {2, 4}], [{8, 5}, {3, 7}, {2, 6}, {1, 4}], [{8, 5}, {3, 7}, {4, 6}, {1, 2}], [{8, 5}, {4, 7}, {1, 6}, {2, 3}], [{8, 5}, {4, 7}, {1, 6}, {3}, {2}], [{8, 5}, {4, 7}, {2, 6}, {1, 3}], [{8, 5}, {4, 7}, {3, 6}, {1, 2}], [{8, 5}, {6, 7}, {1, 4}, {2, 3}], [{8, 5}, {6, 7}, {2, 4}, {1, 3}], [{8, 5}, {6, 7}, {3, 4}, {1, 2}], [{8, 5}, {7}, {1, 6}, {4}, {2, 3}], [{8, 5}, {7}, {4, 6}, {2, 3}, {1}], [{8, 5}, {7}, {6}, {1, 4}, {2, 3}], [{8, 5}, {7}, {6}, {3, 4}, {1, 2}], [{8, 6}, {1, 7}, {2, 5}, {3, 4}], [{8, 6}, {1, 7}, {2, 5}, {4}, {3}], [{8, 6}, {1, 7}, {3, 5}, {2, 4}], [{8, 6}, {1, 7}, {4, 5}, {2, 3}], [{8, 6}, {2, 7}, {1, 5}, {3, 4}], [{8, 6}, {2, 7}, {3, 5}, {1, 4}], [{8, 6}, {2, 7}, {4, 5}, {1, 3}], [{8, 6}, {3, 7}, {1, 5}, {2, 4}], [{8, 6}, {3, 7}, {2, 5}, {1, 4}], [{8, 6}, {3, 7}, {4, 5}, {1, 2}], [{8, 6}, {4, 7}, {1, 5}, {2, 3}], [{8, 6}, {4, 7}, {2, 5}, {1, 3}], [{8, 6}, {4, 7}, {3, 5}, {1, 2}], [{8, 6}, {5, 7}, {1, 4}, {2, 3}], [{8, 6}, {5, 7}, {2, 4}, {1, 3}], [{8, 6}, {5, 7}, {3, 4}, {1, 2}], [{8, 6}, {5, 7}, {3, 4}, {2}, {1}], [{8, 6}, {7}, {4, 5}, {1, 3}, {2}], [{8, 7}, {1, 6}, {2, 5}, {3, 4}], [{8, 7}, {1, 6}, {3, 5}, {2, 4}], [{8, 7}, {1, 6}, {4, 5}, {2, 3}], [{8, 7}, {1, 6}, {5}, {4}, {2, 3}], [{8, 7}, {2, 6}, {1, 5}, {3, 4}], [{8, 7}, {2, 6}, {3, 5}, {1, 4}], [{8, 7}, {2, 6}, {4, 5}, {1, 3}], [{8, 7}, {2, 6}, {5}, {3, 4}, {1}], [{8, 7}, {3, 6}, {1, 5}, {2, 4}], [{8, 7}, {3, 6}, {2, 5}, {1, 4}], [{8, 7}, {3, 6}, {4, 5}, {1, 2}], [{8, 7}, {4, 6}, {1, 5}, {2, 3}], [{8, 7}, {4, 6}, {2, 5}, {1, 3}], [{8, 7}, {4, 6}, {3, 5}, {1, 2}], [{8, 7}, {4, 6}, {5}, {2, 3}, {1}], [{8, 7}, {5, 6}, {1, 4}, {2, 3}], [{8, 7}, {5, 6}, {2, 4}, {1, 3}], [{8, 7}, {5, 6}, {3, 4}, {1, 2}], [{8, 7}, {6}, {2, 5}, {4}, {1, 3}], [{8, 7}, {6}, {5}, {1, 4}, {2, 3}], [{8}, {1, 7}, {3, 6}, {2, 5}, {4}], [{8}, {1, 7}, {4, 6}, {2, 5}, {3}], [{8}, {1, 7}, {6}, {2, 5}, {3, 4}], [{8}, {1, 7}, {6}, {2, 5}, {4}, {3}], [{8}, {2, 7}, {4, 6}, {1, 5}, {3}], [{8}, {2, 7}, {5, 6}, {1, 4}, {3}], [{8}, {3, 7}, {5, 6}, {4}, {1, 2}], [{8}, {4, 7}, {1, 6}, {3, 5}, {2}], [{8}, {4, 7}, {2, 6}, {5}, {1, 3}], [{8}, {5, 7}, {1, 6}, {4}, {2, 3}], [{8}, {5, 7}, {2, 6}, {4}, {1, 3}], [{8}, {5, 7}, {4, 6}, {1, 3}, {2}], [{8}, {5, 7}, {4, 6}, {2, 3}, {1}], [{8}, {5, 7}, {4, 6}, {3}, {1, 2}], [{8}, {5, 7}, {4, 6}, {3}, {2}, {1}], [{8}, {5, 7}, {6}, {1, 4}, {2, 3}], [{8}, {5, 7}, {6}, {2, 4}, {1, 3}], [{8}, {6, 7}, {1, 5}, {2, 4}, {3}], [{8}, {6, 7}, {3, 5}, {1, 4}, {2}], [{8}, {6, 7}, {3, 5}, {2, 4}, {1}], [{8}, {6, 7}, {3, 5}, {4}, {1, 2}], [{8}, {6, 7}, {5}, {2, 4}, {1, 3}], [{8}, {7}, {2, 6}, {4, 5}, {1, 3}], [{8}, {7}, {5, 6}, {2, 4}, {1, 3}]]",2,24 K_1^3 + 8 K_1^2 K_2 - 24 K_1^2 - 24 K_1 K_2 - 4 K_1 K_3 - 6 K_1 - 4 K_2^2 + 10 K_2 + 6 K_3 + 2 K_4 + 13,O1O2O3O4U2U5U4O6U3O7O5U8U7O8U1U6,O1O2O3U1U4U3U5O6O5U7O8O7U2U8O4U6,O1O2O3U4O5U6U2O7O6U7O8O4U8U1U5U3,c,{'O1O2O3O4U5U4O6U7U6O8O7U2O5U1U8U3'},1,"<a href=""/flatknot/8.850984"">8.850984</a>",t^9-40t^7-90t^6+120t^5+370t^4+39t^3-268t^2-96t,0,,
8.850985,O1O2O3O4U5U4O6U7U6O8O7U2O5U3U1U8,4,21z^2+105z+127,21w^3z^2+105w^2z+127w,False,False,"[[ 0 -1 -1  0  1 -1  1  0  1],[ 1  0  0  1  1 -1  1  0  1],[ 1  0  0  0  0  0  1  0  0],[ 0 -1  0  0  1 -1  1 -1 -1],[-1 -1  0 -1  0 -1  0 -1 -1],[ 1  1  0  1  1  0  0  2  2],[-1 -1 -1 -1  0  0  0 -1 -1],[ 0  0  0  1  1 -2  1  0  1],[-1 -1  0  1  1 -2  1 -1  0]]","[[ 0  1  1  1  0  0 -1 -1 -1],[-1  0  1  1  1 -1  0 -1 -2],[-1 -1  0  0 -1 -1  0 -1 -1],[-1 -1  0  0 -1 -1 -1 -1  0],[ 0 -1  1  1  0 -1  0 -1 -1],[ 0  1  1  1  1  0  0  0 -2],[ 1  0  0  1  0  0  0  0  0],[ 1  1  1  1  1  0  0  0 -1],[ 1  2  1  0  1  2  0  1  0]]",True,"[-1,-1,-1,0,0,1,1,1,-1,-1,-1,1,0,1,2,0,1,1,0,1,1,1,1,1,1,0,1,0,1,1,0,0,2,0,0,1]","[-1,-1,-1,0,0,1,1,1,-1,-1,-1,1,0,1,2,0,1,1,0,1,1,1,1,1,1,0,1,0,1,1,0,0,2,0,0,1]",t^8+25t^6+46t^4+20t^2+1,"[-1,-1,-1,0,0,1,1,1,-1,0,-1,0,0,1,2,0,1,0,1,1,1,1,1,2,2,1,-1,0,0,0,2,0,0,-1,-1,0]","[-1,-1,-1,0,0,1,1,1,-1,0,0,0,1,1,2,1,0,2,0,1,2,0,0,2,1,1,1,-1,1,1,0,0,1,1,0,0]","[-1,-1,-1,0,0,1,1,1,-1,0,0,1,1,1,1,0,2,1,0,1,2,0,0,1,0,0,1,1,1,1,1,1,-1,0,-1,-1]",c,"[[{8, 1}, {3, 7}, {2, 6}, {4, 5}], [{8, 1}, {3, 7}, {5, 6}, {2, 4}], [{8, 2}, {3, 7}, {1, 6}, {4, 5}], [{8, 2}, {3, 7}, {4, 6}, {1, 5}], [{8, 2}, {3, 7}, {5, 6}, {1, 4}], [{8, 2}, {7}, {1, 6}, {4, 5}, {3}], [{8, 5}, {3, 7}, {1, 6}, {2, 4}], [{8, 5}, {3, 7}, {2, 6}, {1, 4}], [{8, 5}, {7}, {2, 6}, {1, 4}, {3}]]",1,24 K_1^3 - 28 K_1^2 - 24 K_1 K_2 - 6 K_1 + 14 K_2 + 6 K_3 + 15,O1O2O3O4U5U4U2O6U3O7O5U8U7O8U1U6,O1O2O3U2U4U1U5O6O5U7O8O7U3U8O4U6,O1O2O3U4O5U6U1O7O6U7O8O4U8U3U5U2,c,{'O1O2O3O4U5U4O6U7U6O8O7U2O5U3U1U8'},1,"<a href=""/flatknot/8.850985"">8.850985</a>",t^9-25t^7-56t^6+2t^5+96t^4+52t^3-32t^2-15t+4,0,,
8.850986,O1O2O3O4U5U4O6U7U6O8O7U2O5U8U1U3,3,6z^2+75z+127,6w^3z^2+75w^2z+127w,False,False,"[[ 0 -1 -1  2  1 -1  1  0 -1],[ 1  0  0  2  1  0  1  1 -1],[ 1  0  0  1  0  0  1  0 -1],[-2 -2 -1  0  1 -2  1 -2 -2],[-1 -1  0 -1  0 -1  0 -1 -1],[ 1  0  0  2  1  0  0  2  0],[-1 -1 -1 -1  0  0  0 -1 -1],[ 0 -1  0  2  1 -2  1  0 -1],[ 1  1  1  2  1  0  1  1  0]]","[[ 0  2  1  1  0 -1 -1 -1 -1],[-2  0  1  1 -2 -1 -2 -2 -2],[-1 -1  0  0 -1  0 -1 -1 -1],[-1 -1  0  0 -1 -1  0 -1 -1],[ 0  2  1  1  0  0 -2 -1 -1],[ 1  1  0  1  0  0  0  0 -1],[ 1  2  1  0  2  0  0  0  0],[ 1  2  1  1  1  0  0  0 -1],[ 1  2  1  1  1  1  0  1  0]]",True,"[-2,-1,-1,0,1,1,1,1,-1,-1,2,1,2,2,2,0,1,0,1,1,1,1,1,0,1,1,0,2,1,1,0,0,1,0,0,1]","[-2,-1,-1,0,1,1,1,1,-1,-1,2,1,2,2,2,0,1,0,1,1,1,1,1,0,1,1,0,2,1,1,0,0,1,0,0,1]",t^8+35t^6+97t^4+39t^2,"[-1,-1,-1,-1,0,1,1,2,-1,-1,0,0,1,1,1,0,0,0,1,1,1,0,1,1,2,2,-1,2,1,1,0,0,0,0,2,2]","[-2,-1,-1,0,1,1,1,1,2,2,0,1,1,1,2,0,0,1,1,1,2,0,1,1,2,1,0,0,-1,1,-1,0,0,0,1,0]","[-1,-1,-1,-1,0,1,1,2,-1,0,0,0,0,1,1,0,1,1,1,1,2,0,2,1,0,2,1,1,1,2,1,1,2,0,-1,-1]",c,"[[{8, 1}, {2, 7}, {3, 6}, {4, 5}], [{8, 1}, {2, 7}, {4, 6}, {3, 5}], [{8, 1}, {2, 7}, {5, 6}, {3, 4}], [{8, 1}, {3, 7}, {2, 6}, {4, 5}], [{8, 1}, {3, 7}, {2, 6}, {5}, {4}], [{8, 1}, {3, 7}, {4, 6}, {2, 5}], [{8, 1}, {3, 7}, {5, 6}, {2, 4}], [{8, 1}, {3, 7}, {5, 6}, {4}, {2}], [{8, 1}, {3, 7}, {6}, {2, 5}, {4}], [{8, 1}, {4, 7}, {2, 6}, {3, 5}], [{8, 1}, {4, 7}, {3, 6}, {2, 5}], [{8, 1}, {4, 7}, {5, 6}, {2, 3}], [{8, 1}, {4, 7}, {6}, {2, 5}, {3}], [{8, 1}, {5, 7}, {2, 6}, {3, 4}], [{8, 1}, {5, 7}, {3, 6}, {2, 4}], [{8, 1}, {5, 7}, {4, 6}, {2, 3}], [{8, 1}, {6, 7}, {2, 5}, {3, 4}], [{8, 1}, {6, 7}, {2, 5}, {4}, {3}], [{8, 1}, {6, 7}, {3, 5}, {2, 4}], [{8, 1}, {6, 7}, {3, 5}, {4}, {2}], [{8, 1}, {6, 7}, {4, 5}, {2, 3}], [{8, 1}, {6, 7}, {5}, {4}, {2, 3}], [{8, 1}, {7}, {3, 6}, {2, 5}, {4}], [{8, 1}, {7}, {4, 6}, {2, 5}, {3}], [{8, 1}, {7}, {6}, {2, 5}, {3, 4}], [{8, 1}, {7}, {6}, {2, 5}, {4}, {3}], [{8, 2}, {1, 7}, {3, 6}, {4, 5}], [{8, 2}, {1, 7}, {4, 6}, {3, 5}], [{8, 2}, {1, 7}, {5, 6}, {3, 4}], [{8, 2}, {3, 7}, {1, 6}, {4, 5}], [{8, 2}, {3, 7}, {4, 6}, {1, 5}], [{8, 2}, {3, 7}, {5, 6}, {1, 4}], [{8, 2}, {3, 7}, {5, 6}, {4}, {1}], [{8, 2}, {4, 7}, {1, 6}, {3, 5}], [{8, 2}, {4, 7}, {3, 6}, {1, 5}], [{8, 2}, {4, 7}, {5, 6}, {1, 3}], [{8, 2}, {4, 7}, {5, 6}, {3}, {1}], [{8, 2}, {5, 7}, {1, 6}, {3, 4}], [{8, 2}, {5, 7}, {3, 6}, {1, 4}], [{8, 2}, {5, 7}, {4, 6}, {1, 3}], [{8, 2}, {6, 7}, {1, 5}, {3, 4}], [{8, 2}, {6, 7}, {1, 5}, {4}, {3}], [{8, 2}, {6, 7}, {3, 5}, {1, 4}], [{8, 2}, {6, 7}, {3, 5}, {4}, {1}], [{8, 2}, {6, 7}, {4, 5}, {1, 3}], [{8, 2}, {6, 7}, {5}, {4}, {1, 3}], [{8, 2}, {7}, {3, 6}, {4, 5}, {1}], [{8, 2}, {7}, {5, 6}, {3, 4}, {1}], [{8, 3}, {1, 7}, {2, 6}, {4, 5}], [{8, 3}, {1, 7}, {4, 6}, {2, 5}], [{8, 3}, {1, 7}, {5, 6}, {2, 4}], [{8, 3}, {1, 7}, {6}, {2, 5}, {4}], [{8, 3}, {1, 7}, {6}, {4, 5}, {2}], [{8, 3}, {1, 7}, {6}, {5}, {2, 4}], [{8, 3}, {2, 7}, {1, 6}, {4, 5}], [{8, 3}, {2, 7}, {4, 6}, {1, 5}], [{8, 3}, {2, 7}, {5, 6}, {1, 4}], [{8, 3}, {2, 7}, {6}, {5}, {1, 4}], [{8, 3}, {4, 7}, {1, 6}, {2, 5}], [{8, 3}, {4, 7}, {2, 6}, {1, 5}], [{8, 3}, {4, 7}, {5, 6}, {1, 2}], [{8, 3}, {4, 7}, {6}, {2, 5}, {1}], [{8, 3}, {5, 7}, {1, 6}, {2, 4}], [{8, 3}, {5, 7}, {2, 6}, {1, 4}], [{8, 3}, {5, 7}, {4, 6}, {1, 2}], [{8, 3}, {5, 7}, {6}, {1, 4}, {2}], [{8, 3}, {6, 7}, {1, 5}, {2, 4}], [{8, 3}, {6, 7}, {1, 5}, {4}, {2}], [{8, 3}, {6, 7}, {2, 5}, {1, 4}], [{8, 3}, {6, 7}, {2, 5}, {4}, {1}], [{8, 3}, {6, 7}, {4, 5}, {1, 2}], [{8, 3}, {6, 7}, {5}, {4}, {1, 2}], [{8, 3}, {7}, {1, 6}, {2, 5}, {4}], [{8, 3}, {7}, {4, 6}, {2, 5}, {1}], [{8, 3}, {7}, {6}, {2, 5}, {1, 4}], [{8, 3}, {7}, {6}, {2, 5}, {4}, {1}], [{8, 4}, {1, 7}, {2, 6}, {3, 5}], [{8, 4}, {1, 7}, {3, 6}, {2, 5}], [{8, 4}, {1, 7}, {5, 6}, {2, 3}], [{8, 4}, {1, 7}, {6}, {2, 5}, {3}], [{8, 4}, {1, 7}, {6}, {3, 5}, {2}], [{8, 4}, {1, 7}, {6}, {5}, {2, 3}], [{8, 4}, {2, 7}, {1, 6}, {3, 5}], [{8, 4}, {2, 7}, {3, 6}, {1, 5}], [{8, 4}, {2, 7}, {5, 6}, {1, 3}], [{8, 4}, {2, 7}, {6}, {5}, {1, 3}], [{8, 4}, {3, 7}, {1, 6}, {2, 5}], [{8, 4}, {3, 7}, {2, 6}, {1, 5}], [{8, 4}, {3, 7}, {2, 6}, {5}, {1}], [{8, 4}, {3, 7}, {5, 6}, {1, 2}], [{8, 4}, {3, 7}, {5, 6}, {2}, {1}], [{8, 4}, {3, 7}, {6}, {2, 5}, {1}], [{8, 4}, {5, 7}, {1, 6}, {2, 3}], [{8, 4}, {5, 7}, {2, 6}, {1, 3}], [{8, 4}, {5, 7}, {3, 6}, {1, 2}], [{8, 4}, {5, 7}, {6}, {1, 3}, {2}], [{8, 4}, {6, 7}, {1, 5}, {2, 3}], [{8, 4}, {6, 7}, {2, 5}, {1, 3}], [{8, 4}, {6, 7}, {2, 5}, {3}, {1}], [{8, 4}, {6, 7}, {3, 5}, {1, 2}], [{8, 4}, {6, 7}, {3, 5}, {2}, {1}], [{8, 4}, {6, 7}, {5}, {2, 3}, {1}], [{8, 4}, {7}, {1, 6}, {2, 5}, {3}], [{8, 4}, {7}, {1, 6}, {3, 5}, {2}], [{8, 4}, {7}, {1, 6}, {5}, {2, 3}], [{8, 4}, {7}, {3, 6}, {2, 5}, {1}], [{8, 4}, {7}, {6}, {2, 5}, {1, 3}], [{8, 4}, {7}, {6}, {2, 5}, {3}, {1}], [{8, 5}, {1, 7}, {2, 6}, {3, 4}], [{8, 5}, {1, 7}, {3, 6}, {2, 4}], [{8, 5}, {1, 7}, {4, 6}, {2, 3}], [{8, 5}, {2, 7}, {1, 6}, {3, 4}], [{8, 5}, {2, 7}, {3, 6}, {1, 4}], [{8, 5}, {2, 7}, {4, 6}, {1, 3}], [{8, 5}, {3, 7}, {1, 6}, {2, 4}], [{8, 5}, {3, 7}, {2, 6}, {1, 4}], [{8, 5}, {3, 7}, {2, 6}, {4}, {1}], [{8, 5}, {3, 7}, {4, 6}, {1, 2}], [{8, 5}, {4, 7}, {1, 6}, {2, 3}], [{8, 5}, {4, 7}, {2, 6}, {1, 3}], [{8, 5}, {4, 7}, {2, 6}, {3}, {1}], [{8, 5}, {4, 7}, {3, 6}, {1, 2}], [{8, 5}, {6, 7}, {1, 4}, {2, 3}], [{8, 5}, {6, 7}, {2, 4}, {1, 3}], [{8, 5}, {6, 7}, {3, 4}, {1, 2}], [{8, 5}, {6, 7}, {4}, {1, 3}, {2}], [{8, 5}, {6, 7}, {4}, {2, 3}, {1}], [{8, 5}, {6, 7}, {4}, {3}, {1, 2}], [{8, 5}, {7}, {2, 6}, {3, 4}, {1}], [{8, 5}, {7}, {3, 6}, {2, 4}, {1}], [{8, 6}, {1, 7}, {2, 5}, {3, 4}], [{8, 6}, {1, 7}, {2, 5}, {4}, {3}], [{8, 6}, {1, 7}, {3, 5}, {2, 4}], [{8, 6}, {1, 7}, {4, 5}, {2, 3}], [{8, 6}, {2, 7}, {1, 5}, {3, 4}], [{8, 6}, {2, 7}, {3, 5}, {1, 4}], [{8, 6}, {2, 7}, {4, 5}, {1, 3}], [{8, 6}, {2, 7}, {5}, {4}, {1, 3}], [{8, 6}, {3, 7}, {1, 5}, {2, 4}], [{8, 6}, {3, 7}, {2, 5}, {1, 4}], [{8, 6}, {3, 7}, {2, 5}, {4}, {1}], [{8, 6}, {3, 7}, {4, 5}, {1, 2}], [{8, 6}, {4, 7}, {1, 5}, {2, 3}], [{8, 6}, {4, 7}, {2, 5}, {1, 3}], [{8, 6}, {4, 7}, {2, 5}, {3}, {1}], [{8, 6}, {4, 7}, {3, 5}, {1, 2}], [{8, 6}, {5, 7}, {1, 4}, {2, 3}], [{8, 6}, {5, 7}, {2, 4}, {1, 3}], [{8, 6}, {5, 7}, {3, 4}, {1, 2}], [{8, 6}, {5, 7}, {4}, {1, 3}, {2}], [{8, 6}, {7}, {2, 5}, {1, 4}, {3}], [{8, 6}, {7}, {2, 5}, {3, 4}, {1}], [{8, 6}, {7}, {2, 5}, {4}, {1, 3}], [{8, 6}, {7}, {2, 5}, {4}, {3}, {1}], [{8, 6}, {7}, {3, 5}, {1, 4}, {2}], [{8, 6}, {7}, {5}, {1, 4}, {2, 3}], [{8, 7}, {1, 6}, {2, 5}, {3, 4}], [{8, 7}, {1, 6}, {2, 5}, {4}, {3}], [{8, 7}, {1, 6}, {3, 5}, {2, 4}], [{8, 7}, {1, 6}, {4, 5}, {2, 3}], [{8, 7}, {2, 6}, {1, 5}, {3, 4}], [{8, 7}, {2, 6}, {3, 5}, {1, 4}], [{8, 7}, {2, 6}, {4, 5}, {1, 3}], [{8, 7}, {3, 6}, {1, 5}, {2, 4}], [{8, 7}, {3, 6}, {2, 5}, {1, 4}], [{8, 7}, {3, 6}, {2, 5}, {4}, {1}], [{8, 7}, {3, 6}, {4, 5}, {1, 2}], [{8, 7}, {4, 6}, {1, 5}, {2, 3}], [{8, 7}, {4, 6}, {2, 5}, {1, 3}], [{8, 7}, {4, 6}, {2, 5}, {3}, {1}], [{8, 7}, {4, 6}, {3, 5}, {1, 2}], [{8, 7}, {5, 6}, {1, 4}, {2, 3}], [{8, 7}, {5, 6}, {2, 4}, {1, 3}], [{8, 7}, {5, 6}, {3, 4}, {1, 2}], [{8, 7}, {6}, {2, 5}, {1, 4}, {3}], [{8, 7}, {6}, {2, 5}, {3, 4}, {1}], [{8, 7}, {6}, {2, 5}, {4}, {1, 3}], [{8, 7}, {6}, {2, 5}, {4}, {3}, {1}], [{8, 7}, {6}, {3, 5}, {1, 4}, {2}], [{8, 7}, {6}, {4, 5}, {1, 3}, {2}], [{8, 7}, {6}, {5}, {1, 4}, {2, 3}], [{8, 7}, {6}, {5}, {2, 4}, {1, 3}], [{8}, {1, 7}, {3, 6}, {2, 5}, {4}], [{8}, {1, 7}, {4, 6}, {2, 5}, {3}], [{8}, {1, 7}, {6}, {2, 5}, {3, 4}], [{8}, {1, 7}, {6}, {2, 5}, {4}, {3}], [{8}, {2, 7}, {4, 6}, {5}, {1, 3}], [{8}, {3, 7}, {1, 6}, {2, 5}, {4}], [{8}, {3, 7}, {2, 6}, {1, 5}, {4}], [{8}, {3, 7}, {2, 6}, {4, 5}, {1}], [{8}, {3, 7}, {2, 6}, {5}, {1, 4}], [{8}, {3, 7}, {2, 6}, {5}, {4}, {1}], [{8}, {3, 7}, {4, 6}, {2, 5}, {1}], [{8}, {3, 7}, {5, 6}, {1, 4}, {2}], [{8}, {3, 7}, {5, 6}, {2, 4}, {1}], [{8}, {3, 7}, {5, 6}, {4}, {1, 2}], [{8}, {3, 7}, {5, 6}, {4}, {2}, {1}], [{8}, {3, 7}, {6}, {2, 5}, {1, 4}], [{8}, {3, 7}, {6}, {2, 5}, {4}, {1}], [{8}, {4, 7}, {1, 6}, {2, 5}, {3}], [{8}, {4, 7}, {3, 6}, {2, 5}, {1}], [{8}, {4, 7}, {6}, {2, 5}, {1, 3}], [{8}, {4, 7}, {6}, {2, 5}, {3}, {1}], [{8}, {5, 7}, {4, 6}, {1, 3}, {2}], [{8}, {6, 7}, {1, 5}, {4}, {2, 3}], [{8}, {6, 7}, {2, 5}, {1, 4}, {3}], [{8}, {6, 7}, {2, 5}, {3, 4}, {1}], [{8}, {6, 7}, {2, 5}, {4}, {1, 3}], [{8}, {6, 7}, {2, 5}, {4}, {3}, {1}], [{8}, {6, 7}, {3, 5}, {1, 4}, {2}], [{8}, {6, 7}, {3, 5}, {2, 4}, {1}], [{8}, {6, 7}, {3, 5}, {4}, {1, 2}], [{8}, {6, 7}, {3, 5}, {4}, {2}, {1}], [{8}, {6, 7}, {4, 5}, {2, 3}, {1}], [{8}, {6, 7}, {5}, {1, 4}, {2, 3}], [{8}, {6, 7}, {5}, {4}, {2, 3}, {1}], [{8}, {7}, {1, 6}, {2, 5}, {3, 4}], [{8}, {7}, {1, 6}, {2, 5}, {4}, {3}], [{8}, {7}, {3, 6}, {2, 5}, {1, 4}], [{8}, {7}, {3, 6}, {2, 5}, {4}, {1}], [{8}, {7}, {4, 6}, {2, 5}, {1, 3}], [{8}, {7}, {4, 6}, {2, 5}, {3}, {1}], [{8}, {7}, {6}, {2, 5}, {1, 4}, {3}], [{8}, {7}, {6}, {2, 5}, {3, 4}, {1}], [{8}, {7}, {6}, {2, 5}, {4}, {1, 3}], [{8}, {7}, {6}, {2, 5}, {4}, {3}, {1}]]",2,- 18 K_1^2 - 12 K_1 K_2 + 6 K_1 + 9 K_2 + 6 K_3 + 10,O1O2O3O4U2U4U5O6U3O7O5U8U7O8U1U6,O1O2O3U2U4U3U5O6O5U7O8O7U1U8O4U6,O1O2O3U4O5U6U3O7O6U7O8O4U8U1U5U2,c,{'O1O2O3O4U5U4O6U7U6O8O7U2O5U8U1U3'},1,"<a href=""/flatknot/8.850986"">8.850986</a>",t^9-33t^7-90t^6-4t^5+230t^4+240t^3+30t^2-32t,-t^2+2t,,
8.850987,O1O2O3O4U5U4O6U7U6O8O7U3O5U1U2U8,4,3z^3+33z^2+109z+111,3w^4z^3+33w^3z^2+109w^2z+111w,False,False,"[[ 0 -2  0  0  1 -1  1  0  1],[ 2  0  1  1  1  0  1  1  1],[ 0 -1  0  1  1 -2  1 -1  0],[ 0 -1 -1  0  0 -1  1 -1 -1],[-1 -1 -1  0  0 -1  0 -1 -1],[ 1  0  2  1  1  0  0  2  2],[-1 -1 -1 -1  0  0  0 -1 -1],[ 0 -1  1  1  1 -2  1  0  1],[-1 -1  0  1  1 -2  1 -1  0]]","[[ 0  1  1  1  0  0  0 -1 -2],[-1  0  1  1  1  0 -1 -2 -1],[-1 -1  0  0  0 -1 -1 -1 -1],[-1 -1  0  0 -1 -1 -1  0 -1],[ 0 -1  0  1  0 -1 -1 -1 -1],[ 0  0  1  1  1  0 -1 -2 -1],[ 0  1  1  1  1  1  0 -2 -1],[ 1  2  1  0  1  2  2  0  0],[ 2  1  1  1  1  1  1  0  0]]",True,"[-1,-1,-1,0,0,0,1,2,-1,-1,-1,0,1,2,1,0,0,1,1,1,1,1,1,1,0,1,1,1,1,1,1,2,1,2,1,0]","[-2,-1,0,0,0,1,1,1,0,1,1,1,1,1,1,1,2,2,0,1,2,-1,-1,1,0,-1,-1,1,1,0,1,1,1,0,-1,-1]",t^8+32t^6+46t^4+11t^2,"[-2,-1,0,0,0,1,1,1,1,1,1,1,2,2,2,-1,-1,0,0,1,2,-1,-1,0,0,0,-1,1,0,0,2,1,0,-1,-1,0]","[-1,-1,-1,0,0,0,1,2,-1,0,0,0,0,2,2,1,0,1,2,0,2,0,0,1,1,2,1,1,-1,1,1,-1,1,0,1,1]","[-2,-1,0,0,0,1,1,1,0,1,1,1,1,1,1,1,2,2,0,1,2,-1,-1,1,0,-1,-1,1,1,0,1,1,1,0,-1,-1]",c,"[[{8, 1}, {2, 7}, {3, 6}, {4, 5}], [{8, 1}, {2, 7}, {4, 6}, {3, 5}], [{8, 1}, {2, 7}, {5, 6}, {3, 4}], [{8, 1}, {2, 7}, {6}, {3, 5}, {4}], [{8, 1}, {3, 7}, {2, 6}, {4, 5}], [{8, 1}, {3, 7}, {4, 6}, {2, 5}], [{8, 1}, {3, 7}, {5, 6}, {2, 4}], [{8, 1}, {3, 7}, {6}, {2, 5}, {4}], [{8, 1}, {3, 7}, {6}, {4, 5}, {2}], [{8, 1}, {3, 7}, {6}, {5}, {2, 4}], [{8, 1}, {4, 7}, {2, 6}, {3, 5}], [{8, 1}, {4, 7}, {3, 6}, {2, 5}], [{8, 1}, {4, 7}, {5, 6}, {2, 3}], [{8, 1}, {5, 7}, {2, 6}, {3, 4}], [{8, 1}, {5, 7}, {3, 6}, {2, 4}], [{8, 1}, {5, 7}, {4, 6}, {2, 3}], [{8, 1}, {5, 7}, {6}, {4}, {2, 3}], [{8, 1}, {6, 7}, {2, 5}, {3, 4}], [{8, 1}, {6, 7}, {2, 5}, {4}, {3}], [{8, 1}, {6, 7}, {3, 5}, {2, 4}], [{8, 1}, {6, 7}, {4, 5}, {2, 3}], [{8, 1}, {6, 7}, {4, 5}, {3}, {2}], [{8, 1}, {6, 7}, {5}, {2, 4}, {3}], [{8, 1}, {7}, {3, 6}, {2, 5}, {4}], [{8, 1}, {7}, {3, 6}, {4, 5}, {2}], [{8, 1}, {7}, {3, 6}, {5}, {2, 4}], [{8, 1}, {7}, {5, 6}, {3, 4}, {2}], [{8, 2}, {1, 7}, {3, 6}, {4, 5}], [{8, 2}, {1, 7}, {4, 6}, {3, 5}], [{8, 2}, {1, 7}, {4, 6}, {5}, {3}], [{8, 2}, {1, 7}, {5, 6}, {3, 4}], [{8, 2}, {1, 7}, {6}, {3, 5}, {4}], [{8, 2}, {3, 7}, {1, 6}, {4, 5}], [{8, 2}, {3, 7}, {4, 6}, {1, 5}], [{8, 2}, {3, 7}, {5, 6}, {1, 4}], [{8, 2}, {4, 7}, {1, 6}, {3, 5}], [{8, 2}, {4, 7}, {3, 6}, {1, 5}], [{8, 2}, {4, 7}, {5, 6}, {1, 3}], [{8, 2}, {5, 7}, {1, 6}, {3, 4}], [{8, 2}, {5, 7}, {3, 6}, {1, 4}], [{8, 2}, {5, 7}, {4, 6}, {1, 3}], [{8, 2}, {5, 7}, {6}, {1, 4}, {3}], [{8, 2}, {6, 7}, {1, 5}, {3, 4}], [{8, 2}, {6, 7}, {1, 5}, {4}, {3}], [{8, 2}, {6, 7}, {3, 5}, {1, 4}], [{8, 2}, {6, 7}, {4, 5}, {1, 3}], [{8, 3}, {1, 7}, {2, 6}, {4, 5}], [{8, 3}, {1, 7}, {4, 6}, {2, 5}], [{8, 3}, {1, 7}, {5, 6}, {2, 4}], [{8, 3}, {1, 7}, {5, 6}, {4}, {2}], [{8, 3}, {2, 7}, {1, 6}, {4, 5}], [{8, 3}, {2, 7}, {4, 6}, {1, 5}], [{8, 3}, {2, 7}, {5, 6}, {1, 4}], [{8, 3}, {4, 7}, {1, 6}, {2, 5}], [{8, 3}, {4, 7}, {2, 6}, {1, 5}], [{8, 3}, {4, 7}, {5, 6}, {1, 2}], [{8, 3}, {4, 7}, {5, 6}, {2}, {1}], [{8, 3}, {5, 7}, {1, 6}, {2, 4}], [{8, 3}, {5, 7}, {2, 6}, {1, 4}], [{8, 3}, {5, 7}, {4, 6}, {1, 2}], [{8, 3}, {6, 7}, {1, 5}, {2, 4}], [{8, 3}, {6, 7}, {1, 5}, {4}, {2}], [{8, 3}, {6, 7}, {2, 5}, {1, 4}], [{8, 3}, {6, 7}, {4, 5}, {1, 2}], [{8, 3}, {7}, {1, 6}, {2, 5}, {4}], [{8, 3}, {7}, {1, 6}, {4, 5}, {2}], [{8, 3}, {7}, {1, 6}, {5}, {2, 4}], [{8, 3}, {7}, {2, 6}, {5}, {1, 4}], [{8, 3}, {7}, {4, 6}, {2, 5}, {1}], [{8, 3}, {7}, {5, 6}, {1, 4}, {2}], [{8, 3}, {7}, {6}, {2, 5}, {1, 4}], [{8, 4}, {1, 7}, {2, 6}, {3, 5}], [{8, 4}, {1, 7}, {2, 6}, {5}, {3}], [{8, 4}, {1, 7}, {3, 6}, {2, 5}], [{8, 4}, {1, 7}, {5, 6}, {2, 3}], [{8, 4}, {1, 7}, {6}, {3, 5}, {2}], [{8, 4}, {2, 7}, {1, 6}, {3, 5}], [{8, 4}, {2, 7}, {3, 6}, {1, 5}], [{8, 4}, {2, 7}, {5, 6}, {1, 3}], [{8, 4}, {3, 7}, {1, 6}, {2, 5}], [{8, 4}, {3, 7}, {2, 6}, {1, 5}], [{8, 4}, {3, 7}, {5, 6}, {1, 2}], [{8, 4}, {3, 7}, {6}, {2, 5}, {1}], [{8, 4}, {5, 7}, {1, 6}, {2, 3}], [{8, 4}, {5, 7}, {2, 6}, {1, 3}], [{8, 4}, {5, 7}, {3, 6}, {1, 2}], [{8, 4}, {6, 7}, {1, 5}, {2, 3}], [{8, 4}, {6, 7}, {2, 5}, {1, 3}], [{8, 4}, {6, 7}, {2, 5}, {3}, {1}], [{8, 4}, {6, 7}, {3, 5}, {1, 2}], [{8, 4}, {6, 7}, {3, 5}, {2}, {1}], [{8, 4}, {6, 7}, {5}, {2, 3}, {1}], [{8, 4}, {7}, {1, 6}, {3, 5}, {2}], [{8, 4}, {7}, {3, 6}, {2, 5}, {1}], [{8, 4}, {7}, {5, 6}, {1, 3}, {2}], [{8, 4}, {7}, {6}, {1, 5}, {2, 3}], [{8, 5}, {1, 7}, {2, 6}, {3, 4}], [{8, 5}, {1, 7}, {3, 6}, {2, 4}], [{8, 5}, {1, 7}, {3, 6}, {4}, {2}], [{8, 5}, {1, 7}, {4, 6}, {2, 3}], [{8, 5}, {2, 7}, {1, 6}, {3, 4}], [{8, 5}, {2, 7}, {1, 6}, {4}, {3}], [{8, 5}, {2, 7}, {3, 6}, {1, 4}], [{8, 5}, {2, 7}, {4, 6}, {1, 3}], [{8, 5}, {2, 7}, {4, 6}, {3}, {1}], [{8, 5}, {2, 7}, {6}, {1, 4}, {3}], [{8, 5}, {3, 7}, {1, 6}, {2, 4}], [{8, 5}, {3, 7}, {2, 6}, {1, 4}], [{8, 5}, {3, 7}, {4, 6}, {1, 2}], [{8, 5}, {4, 7}, {1, 6}, {2, 3}], [{8, 5}, {4, 7}, {2, 6}, {1, 3}], [{8, 5}, {4, 7}, {3, 6}, {1, 2}], [{8, 5}, {6, 7}, {1, 4}, {2, 3}], [{8, 5}, {6, 7}, {2, 4}, {1, 3}], [{8, 5}, {6, 7}, {3, 4}, {1, 2}], [{8, 5}, {7}, {6}, {2, 4}, {1, 3}], [{8, 6}, {1, 7}, {2, 5}, {3, 4}], [{8, 6}, {1, 7}, {2, 5}, {4}, {3}], [{8, 6}, {1, 7}, {3, 5}, {2, 4}], [{8, 6}, {1, 7}, {3, 5}, {4}, {2}], [{8, 6}, {1, 7}, {4, 5}, {2, 3}], [{8, 6}, {1, 7}, {4, 5}, {3}, {2}], [{8, 6}, {1, 7}, {5}, {2, 4}, {3}], [{8, 6}, {1, 7}, {5}, {3, 4}, {2}], [{8, 6}, {1, 7}, {5}, {4}, {2, 3}], [{8, 6}, {1, 7}, {5}, {4}, {3}, {2}], [{8, 6}, {2, 7}, {1, 5}, {3, 4}], [{8, 6}, {2, 7}, {3, 5}, {1, 4}], [{8, 6}, {2, 7}, {4, 5}, {1, 3}], [{8, 6}, {3, 7}, {1, 5}, {2, 4}], [{8, 6}, {3, 7}, {2, 5}, {1, 4}], [{8, 6}, {3, 7}, {4, 5}, {1, 2}], [{8, 6}, {3, 7}, {4, 5}, {2}, {1}], [{8, 6}, {4, 7}, {1, 5}, {2, 3}], [{8, 6}, {4, 7}, {2, 5}, {1, 3}], [{8, 6}, {4, 7}, {2, 5}, {3}, {1}], [{8, 6}, {4, 7}, {3, 5}, {1, 2}], [{8, 6}, {4, 7}, {3, 5}, {2}, {1}], [{8, 6}, {4, 7}, {5}, {2, 3}, {1}], [{8, 6}, {5, 7}, {1, 4}, {2, 3}], [{8, 6}, {5, 7}, {2, 4}, {1, 3}], [{8, 6}, {5, 7}, {3, 4}, {1, 2}], [{8, 6}, {7}, {2, 5}, {1, 4}, {3}], [{8, 6}, {7}, {3, 5}, {1, 4}, {2}], [{8, 6}, {7}, {4, 5}, {1, 3}, {2}], [{8, 6}, {7}, {5}, {1, 4}, {2, 3}], [{8, 7}, {1, 6}, {2, 5}, {3, 4}], [{8, 7}, {1, 6}, {3, 5}, {2, 4}], [{8, 7}, {1, 6}, {4, 5}, {2, 3}], [{8, 7}, {1, 6}, {4, 5}, {3}, {2}], [{8, 7}, {2, 6}, {1, 5}, {3, 4}], [{8, 7}, {2, 6}, {3, 5}, {1, 4}], [{8, 7}, {2, 6}, {4, 5}, {1, 3}], [{8, 7}, {3, 6}, {1, 5}, {2, 4}], [{8, 7}, {3, 6}, {1, 5}, {4}, {2}], [{8, 7}, {3, 6}, {2, 5}, {1, 4}], [{8, 7}, {3, 6}, {4, 5}, {1, 2}], [{8, 7}, {4, 6}, {1, 5}, {2, 3}], [{8, 7}, {4, 6}, {2, 5}, {1, 3}], [{8, 7}, {4, 6}, {3, 5}, {1, 2}], [{8, 7}, {5, 6}, {1, 4}, {2, 3}], [{8, 7}, {5, 6}, {2, 4}, {1, 3}], [{8, 7}, {5, 6}, {3, 4}, {1, 2}], [{8, 7}, {6}, {2, 5}, {1, 4}, {3}], [{8, 7}, {6}, {3, 5}, {4}, {1, 2}], [{8}, {1, 7}, {2, 6}, {3, 5}, {4}], [{8}, {1, 7}, {4, 6}, {3, 5}, {2}], [{8}, {1, 7}, {6}, {3, 5}, {2, 4}], [{8}, {1, 7}, {6}, {3, 5}, {4}, {2}], [{8}, {3, 7}, {1, 6}, {4, 5}, {2}], [{8}, {3, 7}, {5, 6}, {2, 4}, {1}], [{8}, {3, 7}, {6}, {2, 5}, {1, 4}], [{8}, {6, 7}, {1, 5}, {4}, {2, 3}], [{8}, {6, 7}, {2, 5}, {1, 4}, {3}], [{8}, {7}, {3, 6}, {2, 5}, {1, 4}], [{8}, {7}, {6}, {2, 5}, {1, 4}, {3}]]",2,36 K_1^3 + 8 K_1^2 K_2 - 30 K_1^2 - 28 K_1 K_2 - 8 K_1 K_3 - 13 K_1 + 15 K_2 + 5 K_3 + 2 K_4 + 14,O1O2O3O4U5U3U4O6U2O7O5U8U7O8U1U6,O1O2O3U1U2U4U5O6O5U7O8O7U3U8O4U6,O1O2O3U4O5U6U1O7O6U7O8O4U8U5U2U3,c,{'O1O2O3O4U5U4O6U7U6O8O7U3O5U1U2U8'},1,"<a href=""/flatknot/8.850987"">8.850987</a>",t^9-34t^7-78t^6+5t^5+90t^4+16t^3-10t^2+12t-2,t^2-2t,,
8.850988,O1O2O3O4U5U4O6U7U6O8O7U3O5U1U8U2,4,15z^2+100z+141,15w^3z^2+100w^2z+141w,False,False,"[[ 0 -2  1  0  1 -1  1  0  0],[ 2  0  2  1  1  0  1  1  0],[-1 -2  0  0  1 -2  1 -1 -1],[ 0 -1  0  0  0 -1  1 -1 -1],[-1 -1 -1  0  0 -1  0 -1 -1],[ 1  0  2  1  1  0  0  2  1],[-1 -1 -1 -1  0  0  0 -1 -1],[ 0 -1  1  1  1 -2  1  0  0],[ 0  0  1  1  1 -1  1  0  0]]","[[ 0  1  1  1  0  0  0 -1 -2],[-1  0  1  1  0 -1 -1 -2 -2],[-1 -1  0  0  0 -1 -1 -1 -1],[-1 -1  0  0 -1 -1 -1  0 -1],[ 0  0  0  1  0 -1 -1 -1 -1],[ 0  1  1  1  1  0  0 -1  0],[ 0  1  1  1  1  0  0 -2 -1],[ 1  2  1  0  1  1  2  0  0],[ 2  2  1  1  1  0  1  0  0]]",True,"[-1,-1,-1,0,0,0,1,2,-1,-1,0,1,1,2,2,0,0,1,1,1,1,1,1,1,0,1,1,1,1,1,0,1,0,2,1,0]","[-2,-1,0,0,0,1,1,1,0,0,1,1,1,1,2,1,1,2,0,1,2,1,0,1,1,1,-1,1,0,0,1,1,1,0,-1,-1]",t^8+30t^6+56t^4+14t^2,"[-2,-1,0,0,0,1,1,1,1,1,1,2,1,2,2,-1,0,0,0,1,2,-1,0,0,0,0,1,1,1,0,0,0,0,-1,-1,0]","[-1,-1,-1,0,0,0,1,2,-1,0,0,0,0,2,2,1,0,0,1,0,1,0,0,1,1,2,0,1,-1,1,1,0,2,0,1,1]","[-2,-1,0,0,0,1,1,1,0,0,1,1,1,1,2,1,1,2,0,1,2,1,0,1,1,1,-1,1,0,0,1,1,1,0,-1,-1]",c,"[[{8, 1}, {2, 7}, {3, 6}, {4, 5}], [{8, 1}, {2, 7}, {4, 6}, {3, 5}], [{8, 1}, {2, 7}, {5, 6}, {3, 4}], [{8, 1}, {2, 7}, {6}, {3, 5}, {4}], [{8, 1}, {3, 7}, {2, 6}, {4, 5}], [{8, 1}, {3, 7}, {4, 6}, {2, 5}], [{8, 1}, {3, 7}, {5, 6}, {2, 4}], [{8, 1}, {4, 7}, {2, 6}, {3, 5}], [{8, 1}, {4, 7}, {3, 6}, {2, 5}], [{8, 1}, {4, 7}, {5, 6}, {2, 3}], [{8, 1}, {4, 7}, {6}, {3, 5}, {2}], [{8, 1}, {5, 7}, {2, 6}, {3, 4}], [{8, 1}, {5, 7}, {3, 6}, {2, 4}], [{8, 1}, {5, 7}, {4, 6}, {2, 3}], [{8, 1}, {6, 7}, {2, 5}, {3, 4}], [{8, 1}, {6, 7}, {3, 5}, {2, 4}], [{8, 1}, {6, 7}, {3, 5}, {4}, {2}], [{8, 1}, {6, 7}, {4, 5}, {2, 3}], [{8, 1}, {6, 7}, {4, 5}, {3}, {2}], [{8, 1}, {6, 7}, {5}, {3, 4}, {2}], [{8, 1}, {7}, {2, 6}, {3, 5}, {4}], [{8, 1}, {7}, {3, 6}, {2, 5}, {4}], [{8, 1}, {7}, {4, 6}, {3, 5}, {2}], [{8, 1}, {7}, {5, 6}, {4}, {2, 3}], [{8, 1}, {7}, {6}, {3, 5}, {2, 4}], [{8, 1}, {7}, {6}, {3, 5}, {4}, {2}], [{8, 2}, {1, 7}, {3, 6}, {4, 5}], [{8, 2}, {1, 7}, {4, 6}, {3, 5}], [{8, 2}, {1, 7}, {5, 6}, {3, 4}], [{8, 2}, {1, 7}, {6}, {3, 5}, {4}], [{8, 2}, {3, 7}, {1, 6}, {4, 5}], [{8, 2}, {3, 7}, {4, 6}, {1, 5}], [{8, 2}, {3, 7}, {5, 6}, {1, 4}], [{8, 2}, {4, 7}, {1, 6}, {3, 5}], [{8, 2}, {4, 7}, {3, 6}, {1, 5}], [{8, 2}, {4, 7}, {5, 6}, {1, 3}], [{8, 2}, {5, 7}, {1, 6}, {3, 4}], [{8, 2}, {5, 7}, {3, 6}, {1, 4}], [{8, 2}, {5, 7}, {4, 6}, {1, 3}], [{8, 2}, {6, 7}, {1, 5}, {3, 4}], [{8, 2}, {6, 7}, {3, 5}, {1, 4}], [{8, 2}, {6, 7}, {4, 5}, {1, 3}], [{8, 2}, {6, 7}, {5}, {1, 4}, {3}], [{8, 2}, {6, 7}, {5}, {3, 4}, {1}], [{8, 2}, {6, 7}, {5}, {4}, {1, 3}], [{8, 3}, {1, 7}, {2, 6}, {4, 5}], [{8, 3}, {1, 7}, {4, 6}, {2, 5}], [{8, 3}, {1, 7}, {5, 6}, {2, 4}], [{8, 3}, {1, 7}, {5, 6}, {4}, {2}], [{8, 3}, {2, 7}, {1, 6}, {4, 5}], [{8, 3}, {2, 7}, {1, 6}, {5}, {4}], [{8, 3}, {2, 7}, {4, 6}, {1, 5}], [{8, 3}, {2, 7}, {5, 6}, {1, 4}], [{8, 3}, {4, 7}, {1, 6}, {2, 5}], [{8, 3}, {4, 7}, {2, 6}, {1, 5}], [{8, 3}, {4, 7}, {5, 6}, {1, 2}], [{8, 3}, {5, 7}, {1, 6}, {2, 4}], [{8, 3}, {5, 7}, {2, 6}, {1, 4}], [{8, 3}, {5, 7}, {4, 6}, {1, 2}], [{8, 3}, {5, 7}, {4, 6}, {2}, {1}], [{8, 3}, {6, 7}, {1, 5}, {2, 4}], [{8, 3}, {6, 7}, {1, 5}, {4}, {2}], [{8, 3}, {6, 7}, {2, 5}, {1, 4}], [{8, 3}, {6, 7}, {4, 5}, {1, 2}], [{8, 3}, {6, 7}, {4, 5}, {2}, {1}], [{8, 3}, {6, 7}, {5}, {1, 4}, {2}], [{8, 4}, {1, 7}, {2, 6}, {3, 5}], [{8, 4}, {1, 7}, {3, 6}, {2, 5}], [{8, 4}, {1, 7}, {5, 6}, {2, 3}], [{8, 4}, {1, 7}, {6}, {2, 5}, {3}], [{8, 4}, {2, 7}, {1, 6}, {3, 5}], [{8, 4}, {2, 7}, {3, 6}, {1, 5}], [{8, 4}, {2, 7}, {5, 6}, {1, 3}], [{8, 4}, {3, 7}, {1, 6}, {2, 5}], [{8, 4}, {3, 7}, {2, 6}, {1, 5}], [{8, 4}, {3, 7}, {5, 6}, {1, 2}], [{8, 4}, {3, 7}, {5, 6}, {2}, {1}], [{8, 4}, {5, 7}, {1, 6}, {2, 3}], [{8, 4}, {5, 7}, {1, 6}, {3}, {2}], [{8, 4}, {5, 7}, {2, 6}, {1, 3}], [{8, 4}, {5, 7}, {2, 6}, {3}, {1}], [{8, 4}, {5, 7}, {3, 6}, {1, 2}], [{8, 4}, {5, 7}, {6}, {3}, {1, 2}], [{8, 4}, {6, 7}, {1, 5}, {2, 3}], [{8, 4}, {6, 7}, {1, 5}, {3}, {2}], [{8, 4}, {6, 7}, {2, 5}, {1, 3}], [{8, 4}, {6, 7}, {3, 5}, {1, 2}], [{8, 4}, {6, 7}, {3, 5}, {2}, {1}], [{8, 4}, {6, 7}, {5}, {1, 3}, {2}], [{8, 5}, {1, 7}, {2, 6}, {3, 4}], [{8, 5}, {1, 7}, {3, 6}, {2, 4}], [{8, 5}, {1, 7}, {4, 6}, {2, 3}], [{8, 5}, {1, 7}, {6}, {3, 4}, {2}], [{8, 5}, {2, 7}, {1, 6}, {3, 4}], [{8, 5}, {2, 7}, {3, 6}, {1, 4}], [{8, 5}, {2, 7}, {3, 6}, {4}, {1}], [{8, 5}, {2, 7}, {4, 6}, {1, 3}], [{8, 5}, {2, 7}, {4, 6}, {3}, {1}], [{8, 5}, {2, 7}, {6}, {3, 4}, {1}], [{8, 5}, {3, 7}, {1, 6}, {2, 4}], [{8, 5}, {3, 7}, {2, 6}, {1, 4}], [{8, 5}, {3, 7}, {4, 6}, {1, 2}], [{8, 5}, {4, 7}, {1, 6}, {2, 3}], [{8, 5}, {4, 7}, {2, 6}, {1, 3}], [{8, 5}, {4, 7}, {3, 6}, {1, 2}], [{8, 5}, {6, 7}, {1, 4}, {2, 3}], [{8, 5}, {6, 7}, {1, 4}, {3}, {2}], [{8, 5}, {6, 7}, {2, 4}, {1, 3}], [{8, 5}, {6, 7}, {3, 4}, {1, 2}], [{8, 5}, {6, 7}, {3, 4}, {2}, {1}], [{8, 5}, {6, 7}, {4}, {1, 3}, {2}], [{8, 5}, {7}, {1, 6}, {3, 4}, {2}], [{8, 5}, {7}, {2, 6}, {3, 4}, {1}], [{8, 5}, {7}, {6}, {3, 4}, {1, 2}], [{8, 5}, {7}, {6}, {3, 4}, {2}, {1}], [{8, 6}, {1, 7}, {2, 5}, {3, 4}], [{8, 6}, {1, 7}, {2, 5}, {4}, {3}], [{8, 6}, {1, 7}, {3, 5}, {2, 4}], [{8, 6}, {1, 7}, {4, 5}, {2, 3}], [{8, 6}, {2, 7}, {1, 5}, {3, 4}], [{8, 6}, {2, 7}, {3, 5}, {1, 4}], [{8, 6}, {2, 7}, {4, 5}, {1, 3}], [{8, 6}, {2, 7}, {5}, {1, 4}, {3}], [{8, 6}, {3, 7}, {1, 5}, {2, 4}], [{8, 6}, {3, 7}, {1, 5}, {4}, {2}], [{8, 6}, {3, 7}, {2, 5}, {1, 4}], [{8, 6}, {3, 7}, {4, 5}, {1, 2}], [{8, 6}, {4, 7}, {1, 5}, {2, 3}], [{8, 6}, {4, 7}, {2, 5}, {1, 3}], [{8, 6}, {4, 7}, {3, 5}, {1, 2}], [{8, 6}, {4, 7}, {3, 5}, {2}, {1}], [{8, 6}, {5, 7}, {1, 4}, {2, 3}], [{8, 6}, {5, 7}, {2, 4}, {1, 3}], [{8, 6}, {5, 7}, {3, 4}, {1, 2}], [{8, 6}, {5, 7}, {3, 4}, {2}, {1}], [{8, 7}, {1, 6}, {2, 5}, {3, 4}], [{8, 7}, {1, 6}, {3, 5}, {2, 4}], [{8, 7}, {1, 6}, {4, 5}, {2, 3}], [{8, 7}, {2, 6}, {1, 5}, {3, 4}], [{8, 7}, {2, 6}, {3, 5}, {1, 4}], [{8, 7}, {2, 6}, {4, 5}, {1, 3}], [{8, 7}, {2, 6}, {5}, {1, 4}, {3}], [{8, 7}, {3, 6}, {1, 5}, {2, 4}], [{8, 7}, {3, 6}, {2, 5}, {1, 4}], [{8, 7}, {3, 6}, {4, 5}, {1, 2}], [{8, 7}, {3, 6}, {4, 5}, {2}, {1}], [{8, 7}, {4, 6}, {1, 5}, {2, 3}], [{8, 7}, {4, 6}, {1, 5}, {3}, {2}], [{8, 7}, {4, 6}, {2, 5}, {1, 3}], [{8, 7}, {4, 6}, {3, 5}, {1, 2}], [{8, 7}, {5, 6}, {1, 4}, {2, 3}], [{8, 7}, {5, 6}, {2, 4}, {1, 3}], [{8, 7}, {5, 6}, {3, 4}, {1, 2}], [{8, 7}, {5, 6}, {3, 4}, {2}, {1}], [{8, 7}, {6}, {3, 5}, {4}, {1, 2}], [{8}, {1, 7}, {4, 6}, {2, 5}, {3}], [{8}, {4, 7}, {1, 6}, {2, 5}, {3}], [{8}, {4, 7}, {1, 6}, {3, 5}, {2}], [{8}, {4, 7}, {1, 6}, {5}, {2, 3}], [{8}, {5, 7}, {3, 6}, {4}, {1, 2}], [{8}, {6, 7}, {1, 5}, {3, 4}, {2}], [{8}, {6, 7}, {2, 5}, {1, 4}, {3}], [{8}, {6, 7}, {2, 5}, {3, 4}, {1}], [{8}, {6, 7}, {2, 5}, {4}, {1, 3}], [{8}, {6, 7}, {3, 5}, {1, 4}, {2}], [{8}, {6, 7}, {4, 5}, {1, 3}, {2}], [{8}, {6, 7}, {5}, {1, 4}, {2, 3}], [{8}, {6, 7}, {5}, {1, 4}, {3}, {2}], [{8}, {6, 7}, {5}, {2, 4}, {1, 3}], [{8}, {6, 7}, {5}, {3, 4}, {1, 2}], [{8}, {6, 7}, {5}, {3, 4}, {2}, {1}], [{8}, {6, 7}, {5}, {4}, {1, 3}, {2}]]",2,16 K_1^3 + 4 K_1^2 K_2 - 32 K_1^2 - 32 K_1 K_2 - 6 K_1 K_3 + 4 K_1 - 2 K_2^2 + 17 K_2 + 12 K_3 + 3 K_4 + 17,O1O2O3O4U3U5U4O6U2O7O5U8U7O8U1U6,O1O2O3U1U3U4U5O6O5U7O8O7U2U8O4U6,O1O2O3U4O5U6U2O7O6U7O8O4U8U5U1U3,c,{'O1O2O3O4U5U4O6U7U6O8O7U3O5U1U8U2'},1,"<a href=""/flatknot/8.850988"">8.850988</a>",t^9-32t^7-56t^6+67t^5+106t^4-43t^3-36t^2+3t-6,t^2-2t,,
8.850989,O1O2O3O4U5U4O6U7U6O8O7U3O5U2U1U8,4,6z^3+43z^2+110z+97,6w^4z^3+43w^3z^2+110w^2z+97w,False,False,"[[ 0 -1 -1  0  1 -1  1  0  1],[ 1  0  0  1  1 -1  1  0  1],[ 1  0  0  1  1 -1  1  0  0],[ 0 -1 -1  0  0 -1  1 -1 -1],[-1 -1 -1  0  0 -1  0 -1 -1],[ 1  1  1  1  1  0  0  2  2],[-1 -1 -1 -1  0  0  0 -1 -1],[ 0  0  0  1  1 -2  1  0  1],[-1 -1  0  1  1 -2  1 -1  0]]","[[ 0  1  1  1  0  0 -1 -1 -1],[-1  0  1  1  1 -1  0 -1 -2],[-1 -1  0  0  0 -1 -1 -1 -1],[-1 -1  0  0 -1 -1 -1 -1  0],[ 0 -1  0  1  0 -1 -1 -1 -1],[ 0  1  1  1  1  0  0  0 -2],[ 1  0  1  1  1  0  0  0 -1],[ 1  1  1  1  1  0  0  0 -1],[ 1  2  1  0  1  2  1  1  0]]",True,"[-1,-1,-1,0,0,1,1,1,-1,-1,-1,1,0,1,2,0,0,1,1,1,1,1,1,1,1,0,1,1,1,1,0,0,2,0,1,1]","[-1,-1,-1,0,0,1,1,1,-1,-1,-1,0,0,1,2,0,1,0,1,1,1,1,0,2,1,1,-1,0,0,0,2,1,0,-1,-1,0]",t^8+27t^6+34t^4+12t^2+1,"[-1,-1,-1,0,0,1,1,1,-1,-1,-1,0,0,1,2,0,1,0,1,1,1,1,0,2,1,1,-1,0,0,0,2,1,0,-1,-1,0]","[-1,-1,-1,0,0,1,1,1,-1,0,0,0,1,1,2,1,0,2,1,2,0,0,1,1,1,1,1,1,1,-1,0,0,0,0,-1,-1]","[-1,-1,-1,0,0,1,1,1,-1,0,0,1,0,1,1,1,2,1,2,0,1,0,1,1,1,1,1,1,1,1,-1,1,0,1,1,0]",c,"[[{8, 2}, {3, 7}, {5, 6}, {1, 4}]]",1,8 K_1^3 - 12 K_1^2 - 8 K_1 K_2 - 2 K_1 + 6 K_2 + 2 K_3 + 7,O1O2O3O4U5U4U3O6U2O7O5U8U7O8U1U6,O1O2O3U2U1U4U5O6O5U7O8O7U3U8O4U6,O1O2O3U4O5U6U1O7O6U7O8O4U8U5U3U2,c,{'O1O2O3O4U5U4O6U7U6O8O7U3O5U2U1U8'},1,"<a href=""/flatknot/8.850989"">8.850989</a>",t^9-27t^7-56t^6+2t^5+56t^4+26t^3-8t^2-14t+2,0,,
8.850990,O1O2O3O4U5U4O6U7U6O8O7U3O5U8U1U2,4,3z^3+33z^2+109z+111,3w^4z^3+33w^3z^2+109w^2z+111w,False,False,"[[ 0 -1  1  0  1 -1  1  0 -1],[ 1  0  1  0  1  0  1  1 -1],[-1 -1  0  0  1 -2  1 -1 -1],[ 0  0  0  0  0 -1  1 -1 -1],[-1 -1 -1  0  0 -1  0 -1 -1],[ 1  0  2  1  1  0  0  2  0],[-1 -1 -1 -1  0  0  0 -1 -1],[ 0 -1  1  1  1 -2  1  0 -1],[ 1  1  1  1  1  0  1  1  0]]","[[ 0  1  1  1  0  0 -1 -1 -1],[-1  0  1  1  0 -1 -1 -1 -2],[-1 -1  0  0  0 -1 -1 -1 -1],[-1 -1  0  0 -1 -1 -1 -1  0],[ 0  0  0  1  0 -1  0 -1 -1],[ 0  1  1  1  1  0 -1 -1 -2],[ 1  1  1  1  0  1  0 -1  0],[ 1  1  1  1  1  1  1  0  0],[ 1  2  1  0  1  2  0  0  0]]",True,"[-1,-1,-1,0,0,1,1,1,-1,-1,0,1,1,1,2,0,0,1,1,1,1,1,1,1,1,0,1,0,1,1,1,1,2,1,0,0]","[-1,-1,-1,0,0,1,1,1,-1,-1,0,1,1,1,2,0,0,1,1,1,1,1,1,1,1,0,1,0,1,1,1,1,2,1,0,0]",t^8+27t^6+76t^4+31t^2+1,"[-1,-1,-1,0,0,1,1,1,-1,0,0,0,1,1,1,0,0,1,1,1,1,-1,0,0,1,2,-1,0,0,0,1,1,0,-1,-1,0]","[-1,-1,-1,0,0,1,1,1,-1,0,0,0,1,1,2,1,0,1,1,1,0,0,1,1,1,1,1,0,0,-1,0,1,0,1,0,0]","[-1,-1,-1,0,0,1,1,1,-1,0,0,1,1,1,1,0,1,1,1,1,1,1,2,0,1,2,-1,1,0,0,1,1,1,0,-1,-1]",c,"[[{8, 4}, {3, 7}, {5, 6}, {1, 2}], [{8, 6}, {3, 7}, {4, 5}, {1, 2}]]",1,16 K_1^3 - 36 K_1^2 - 20 K_1 K_2 - 2 K_1 + 18 K_2 + 6 K_3 + 19,O1O2O3O4U3U4U5O6U2O7O5U8U7O8U1U6,O1O2O3U2U3U4U5O6O5U7O8O7U1U8O4U6,O1O2O3U4O5U6U3O7O6U7O8O4U8U5U1U2,c,{'O1O2O3O4U5U4O6U7U6O8O7U3O5U8U1U2'},1,"<a href=""/flatknot/8.850990"">8.850990</a>",t^9-27t^7-56t^6+12t^5+88t^4+40t^3-8t^2-14t-8,0,,
8.850991,O1O2O3O4U5U4O6U7U6O8O7U8O5U1U2U3,3,8z^2+23z+15,-16w^4z^2+24w^3z^2-30w^3z+53w^2z+15w,False,False,"[[ 0 -2  0  2  1 -1  1  0 -1],[ 2  0  1  2  1  1  1  2 -1],[ 0 -1  0  1  1 -1  1  0 -1],[-2 -2 -1  0  1 -3  1 -2 -1],[-1 -1 -1 -1  0 -1  0 -1  0],[ 1 -1  1  3  1  0  0  1  0],[-1 -1 -1 -1  0  0  0 -1 -1],[ 0 -2  0  2  1 -1  1  0 -1],[ 1  1  1  1  0  0  1  1  0]]","[[ 0  2  1  1  0 -1 -1 -2],[-2  0  1  1 -1 -1 -3 -2],[-1 -1  0  0 -1  0 -1 -1],[-1 -1  0  0 -1 -1  0 -1],[ 0  1  1  1  0 -1 -1 -1],[ 1  1  0  1  1  0  0  1],[ 1  3  1  0  1  0  0 -1],[ 2  2  1  1  1 -1  1  0]]",False,"[-2,-1,-1,0,1,1,2,-1,-1,1,1,3,2,0,1,0,1,1,1,1,0,1,1,1,1,0,-1,1]","[-2,-1,-1,0,1,1,2,-1,-1,1,1,3,2,0,1,0,1,1,1,1,0,1,1,1,1,0,-1,1]",t^7+28t^5+81t^3+6t,"[-2,-1,-1,0,1,1,2,0,2,1,2,2,2,0,0,1,2,0,0,2,1,2,0,0,1,0,2,2]","[-2,-1,-1,0,1,1,2,2,2,1,0,2,2,0,0,1,2,2,0,2,1,2,0,0,1,0,0,2]","[-2,-1,-1,0,1,1,2,-1,1,1,1,1,2,0,1,0,1,1,1,1,0,3,1,1,1,0,-1,-1]",c,"[[{8, 4}, {2, 7}, {5, 6}, {1, 3}], [{8, 4}, {7}, {5, 6}, {1, 3}, {2}], [{8, 6}, {2, 7}, {4, 5}, {1, 3}], [{8, 6}, {7}, {4, 5}, {1, 3}, {2}]]",0,- 16 K_1^4 + 8 K_1^3 + 16 K_1^2 K_2 + 8 K_1^2 - 4 K_1 K_2 - 4 K_1 K_3 - 4 K_1 - 2 K_2 - 1,O1O2O3O4U2U3U4O5U6O7O6U8U7O8U1U5,O1O2O3U1U2U3U4O5O4U6O7O6U8U7O8U5,O1O2O3U4O5U6U5O7O6U7O8O4U8U1U2U3,c,{'O1O2O3O4U5U4O6U7U6O8O7U8O5U1U2U3'},1,"<a href=""/flatknot/8.850991"">8.850991</a>",t^8-28t^6-64t^5+5t^4+116t^3+66t^2-20t-12,0,,
8.850992,O1O2O3O4U5U4O6U7U6O8O7U8O5U1U3U2,3,24z^2+85z+75,24w^3z^2+85w^2z+75w,False,False,"[[ 0 -2  1  1  1 -1  1  0 -1],[ 2  0  2  1  1  1  1  2 -1],[-1 -2  0  0  1 -2  1 -1 -1],[-1 -1  0  0  1 -2  1 -1 -1],[-1 -1 -1 -1  0 -1  0 -1  0],[ 1 -1  2  2  1  0  0  1  0],[-1 -1 -1 -1  0  0  0 -1 -1],[ 0 -2  1  1  1 -1  1  0 -1],[ 1  1  1  1  0  0  1  1  0]]","[[ 0  1  1  1  1 -1 -1 -2],[-1  0  1  1  0 -1 -2 -1],[-1 -1  0  0 -1  0 -1 -1],[-1 -1  0  0 -1 -1  0 -1],[-1  0  1  1  0 -1 -2 -2],[ 1  1  0  1  1  0  0  1],[ 1  2  1  0  2  0  0 -1],[ 2  1  1  1  2 -1  1  0]]",False,"[-1,-1,-1,-1,1,1,2,-1,-1,0,1,2,1,0,1,0,1,1,1,1,0,1,1,2,2,0,-1,1]","[-2,-1,-1,1,1,1,1,-1,1,1,1,1,2,0,0,1,1,1,1,0,2,2,0,-1,-1,-1,-1,0]",t^7+25t^5+72t^3+12t,"[-2,-1,-1,1,1,1,1,0,2,1,2,2,2,0,0,0,1,2,1,1,2,1,0,-1,-1,-1,-1,0]","[-1,-1,-1,-1,1,1,2,-1,-1,0,1,2,2,0,1,0,1,1,1,0,1,2,2,1,2,0,0,2]","[-2,-1,-1,1,1,1,1,-1,1,1,1,1,2,0,0,1,1,1,1,0,2,2,0,-1,-1,-1,-1,0]",c,"[[{8, 1}, {2, 7}, {5, 6}, {3, 4}], [{8, 1}, {7}, {5, 6}, {3, 4}, {2}], [{8, 4}, {1, 7}, {5, 6}, {2, 3}], [{8, 4}, {2, 7}, {5, 6}, {1, 3}], [{8, 4}, {3, 7}, {5, 6}, {1, 2}], [{8, 4}, {7}, {5, 6}, {1, 3}, {2}], [{8, 4}, {7}, {5, 6}, {2, 3}, {1}], [{8, 4}, {7}, {5, 6}, {3}, {1, 2}], [{8, 6}, {1, 7}, {4, 5}, {2, 3}], [{8, 6}, {2, 7}, {1, 5}, {3, 4}], [{8, 6}, {2, 7}, {4, 5}, {1, 3}], [{8, 6}, {3, 7}, {4, 5}, {1, 2}], [{8, 6}, {7}, {1, 5}, {3, 4}, {2}], [{8, 6}, {7}, {4, 5}, {1, 3}, {2}], [{8, 6}, {7}, {4, 5}, {2, 3}, {1}], [{8, 6}, {7}, {4, 5}, {3}, {1, 2}]]",1,4 K_1^3 + 8 K_1^2 K_2 - 2 K_1^2 - 4 K_1 K_2 - 8 K_1 K_3 - K_1 + K_2 + K_3 + 2 K_4,O1O2O3O4U3U2U4O5U6O7O6U8U7O8U1U5,O1O2O3U1U3U2U4O5O4U6O7O6U8U7O8U5,O1O2O3U4O5U6U5O7O6U7O8O4U8U2U1U3,c,{'O1O2O3O4U5U4O6U7U6O8O7U8O5U1U3U2'},1,"<a href=""/flatknot/8.850992"">8.850992</a>",t^8-27t^6-46t^5+33t^4+68t^3+5t^2-10t,t^2-2t,,
8.850993,O1O2O3O4U5U4O6U7U6O8O7U8O5U2U1U3,3,24z^2+85z+75,24w^3z^2+85w^2z+75w,False,False,"[[ 0 -1 -1  2  1 -1  1  0 -1],[ 1  0  0  2  1  0  1  1 -1],[ 1  0  0  1  1  0  1  1 -1],[-2 -2 -1  0  1 -3  1 -2 -1],[-1 -1 -1 -1  0 -1  0 -1  0],[ 1  0  0  3  1  0  0  1  0],[-1 -1 -1 -1  0  0  0 -1 -1],[ 0 -1 -1  2  1 -1  1  0 -1],[ 1  1  1  1  0  0  1  1  0]]","[[ 0  2  1  1 -1 -1 -1 -1],[-2  0  1  1 -1 -1 -2 -3],[-1 -1  0  0  0 -1 -1 -1],[-1 -1  0  0 -1 -1 -1  0],[ 1  1  0  1  0  1  1  0],[ 1  1  1  1 -1  0  0  0],[ 1  2  1  1 -1  0  0  0],[ 1  3  1  0  0  0  0  0]]",False,"[-2,-1,-1,1,1,1,1,-1,-1,1,1,2,3,0,0,1,1,1,1,1,1,0,-1,-1,0,0,0,0]","[-2,-1,-1,1,1,1,1,-1,-1,1,1,2,3,0,0,1,1,1,1,1,1,0,-1,-1,0,0,0,0]",t^7+25t^5+68t^3+8t,"[-1,-1,-1,-1,1,1,2,-1,-1,0,1,2,2,0,0,1,1,1,0,1,1,2,2,1,0,0,2,2]","[-2,-1,-1,1,1,1,1,2,2,0,1,2,2,0,1,1,1,2,2,1,1,1,0,0,0,0,-1,-1]","[-1,-1,-1,-1,1,1,2,-1,0,0,1,1,1,0,1,0,1,1,0,1,0,3,1,1,2,0,-1,-1]",c,"[[{8, 2}, {1, 7}, {5, 6}, {3, 4}], [{8, 2}, {7}, {5, 6}, {3, 4}, {1}], [{8, 4}, {1, 7}, {5, 6}, {2, 3}], [{8, 4}, {2, 7}, {5, 6}, {1, 3}], [{8, 4}, {3, 7}, {5, 6}, {1, 2}], [{8, 4}, {7}, {5, 6}, {1, 3}, {2}], [{8, 4}, {7}, {5, 6}, {2, 3}, {1}], [{8, 4}, {7}, {5, 6}, {3}, {1, 2}], [{8, 6}, {1, 7}, {2, 5}, {3, 4}], [{8, 6}, {1, 7}, {4, 5}, {2, 3}], [{8, 6}, {2, 7}, {4, 5}, {1, 3}], [{8, 6}, {3, 7}, {4, 5}, {1, 2}], [{8, 6}, {7}, {2, 5}, {3, 4}, {1}], [{8, 6}, {7}, {4, 5}, {1, 3}, {2}], [{8, 6}, {7}, {4, 5}, {2, 3}, {1}], [{8, 6}, {7}, {4, 5}, {3}, {1, 2}]]",1,4 K_1^3 - 2 K_1^2 - 4 K_1 K_2 - K_1 + K_2 + K_3 + 2,O1O2O3O4U2U4U3O5U6O7O6U8U7O8U1U5,O1O2O3U2U1U3U4O5O4U6O7O6U8U7O8U5,O1O2O3U4O5U6U5O7O6U7O8O4U8U1U3U2,c,{'O1O2O3O4U5U4O6U7U6O8O7U8O5U2U1U3'},1,"<a href=""/flatknot/8.850993"">8.850993</a>",t^8-23t^6-26t^5+55t^4+66t^3+3t^2-4t,-t^2+2t,,
8.850994,O1O2O3O4U5U4O6U7U6O8O7U8O5U3U1U2,3,16z^2+54z+45,16w^3z^2+54w^2z+45w,False,False,"[[ 0 -1  1  0  1 -1  1  0 -1],[ 1  0  1  0  1  0  1  1 -1],[-1 -1  0  0  1 -2  1 -1 -1],[ 0  0  0  0  1 -1  1  0 -1],[-1 -1 -1 -1  0 -1  0 -1  0],[ 1  0  2  1  1  0  0  1  0],[-1 -1 -1 -1  0  0  0 -1 -1],[ 0 -1  1  0  1 -1  1  0 -1],[ 1  1  1  1  0  0  1  1  0]]","[[ 0  1  1  1  0 -1 -1 -1],[-1  0  1  1  0 -1 -1 -2],[-1 -1  0  0 -1  0 -1 -1],[-1 -1  0  0 -1 -1 -1  0],[ 0  0  1  1  0 -1  0 -1],[ 1  1  0  1  1  0  1  0],[ 1  1  1  1  0 -1  0  0],[ 1  2  1  0  1  0  0  0]]",False,"[-1,-1,-1,0,1,1,1,-1,-1,0,1,1,2,0,1,0,1,1,1,1,1,0,1,0,1,-1,0,0]","[-1,-1,-1,0,1,1,1,-1,-1,0,1,1,2,0,1,0,1,1,1,1,1,0,1,0,1,-1,0,0]",t^7+17t^5+35t^3+7t,"[-1,-1,-1,0,1,1,1,-1,0,0,1,1,2,0,1,1,1,1,0,0,2,1,1,0,0,-1,-1,0]","[-1,-1,-1,0,1,1,1,-1,0,0,1,1,2,1,1,0,1,1,0,2,1,1,0,1,0,0,0,-1]","[-1,-1,-1,0,1,1,1,-1,0,0,1,1,1,0,1,0,1,1,1,1,0,2,1,1,0,0,-1,-1]",c,"[[{8, 4}, {3, 7}, {5, 6}, {1, 2}], [{8, 4}, {7}, {5, 6}, {3}, {1, 2}], [{8, 6}, {3, 7}, {4, 5}, {1, 2}], [{8, 6}, {7}, {4, 5}, {3}, {1, 2}]]",0,8 K_1^3 - 8 K_1 K_2 - 2 K_1 + 2 K_3 + 1,O1O2O3O4U3U4U2O5U6O7O6U8U7O8U1U5,O1O2O3U2U3U1U4O5O4U6O7O6U8U7O8U5,O1O2O3U4O5U6U5O7O6U7O8O4U8U3U1U2,c,"{'O1O2O3U4U3O5U6U5O7O6U7O4U8U1O8U2', 'O1O2O3O4U5U4O6U7U6O8O7U8O5U3U1U2'}",2,"<a href=""/flatknot/8.850994"">8.850994</a>",t^8-17t^6-16t^5+33t^4+26t^3-9t^2-2t,0,,
8.850995,O1O2O3O4U5U6O7U1U2O6O8U3O5U7U4U8,4,z^3+27z^2+93z+87,w^4z^3+27w^3z^2+93w^2z+87w,False,False,"[[ 0 -2  0  0  2 -1 -1  0  2],[ 2  0  1  1  2  1  1  1  2],[ 0 -1  0  0  1  0  0  0  2],[ 0 -1  0  0  1  0  0 -1  2],[-2 -2 -1 -1  0 -1 -1 -2  1],[ 1 -1  0  0  1  0  0  1  1],[ 1 -1  0  0  1  0  0  0  1],[ 0 -1  0  1  2 -1  0  0  1],[-2 -2 -2 -2 -1 -1 -1 -1  0]]","[[ 0  2  2  0  0  0 -1 -1 -2],[-2  0  1 -1 -1 -2 -1 -1 -2],[-2 -1  0 -2 -2 -1 -1 -1 -2],[ 0  1  2  0  0  0  0  0 -1],[ 0  1  2  0  0 -1  0  0 -1],[ 0  2  1  0  1  0  0 -1 -1],[ 1  1  1  0  0  0  0  0 -1],[ 1  1  1  0  0  1  0  0 -1],[ 2  2  2  1  1  1  1  1  0]]",True,"[-2,-2,0,0,0,1,1,2,-1,1,1,2,1,1,2,2,2,1,1,1,2,0,0,0,0,1,1,0,0,1,0,1,1,0,1,1]","[-2,-2,0,0,0,1,1,2,-1,0,0,1,2,2,2,1,1,0,2,2,2,0,-1,1,1,1,0,1,1,1,0,1,1,0,0,0]",t^8+35t^6+100t^4+16t^2,"[-2,-1,-1,0,0,0,2,2,0,0,1,1,1,2,2,0,0,1,1,2,2,1,1,1,2,2,-1,0,0,1,0,1,0,1,0,-1]","[-2,-2,0,0,0,1,1,2,-1,0,0,1,2,2,2,1,1,0,2,2,2,0,-1,1,1,1,0,1,1,1,0,1,1,0,0,0]","[-2,-1,-1,0,0,0,2,2,1,1,1,1,1,2,2,0,0,0,0,1,1,0,0,1,1,1,0,-1,1,2,0,1,2,2,1,1]",c,"[[{8, 1}, {2, 7}, {3, 6}, {4, 5}], [{8, 1}, {2, 7}, {4, 6}, {3, 5}], [{8, 1}, {2, 7}, {5, 6}, {3, 4}], [{8, 1}, {2, 7}, {6}, {5}, {3, 4}], [{8, 1}, {3, 7}, {2, 6}, {4, 5}], [{8, 1}, {3, 7}, {4, 6}, {2, 5}], [{8, 1}, {3, 7}, {5, 6}, {2, 4}], [{8, 1}, {3, 7}, {6}, {5}, {2, 4}], [{8, 1}, {4, 7}, {2, 6}, {3, 5}], [{8, 1}, {4, 7}, {2, 6}, {5}, {3}], [{8, 1}, {4, 7}, {3, 6}, {2, 5}], [{8, 1}, {4, 7}, {5, 6}, {2, 3}], [{8, 1}, {4, 7}, {6}, {3, 5}, {2}], [{8, 1}, {5, 7}, {2, 6}, {3, 4}], [{8, 1}, {5, 7}, {3, 6}, {2, 4}], [{8, 1}, {5, 7}, {4, 6}, {2, 3}], [{8, 1}, {6, 7}, {2, 5}, {3, 4}], [{8, 1}, {6, 7}, {3, 5}, {2, 4}], [{8, 1}, {6, 7}, {4, 5}, {2, 3}], [{8, 1}, {6, 7}, {5}, {2, 4}, {3}], [{8, 1}, {7}, {2, 6}, {3, 5}, {4}], [{8, 1}, {7}, {3, 6}, {5}, {2, 4}], [{8, 2}, {1, 7}, {3, 6}, {4, 5}], [{8, 2}, {1, 7}, {4, 6}, {3, 5}], [{8, 2}, {1, 7}, {5, 6}, {3, 4}], [{8, 2}, {3, 7}, {1, 6}, {4, 5}], [{8, 2}, {3, 7}, {4, 6}, {1, 5}], [{8, 2}, {3, 7}, {5, 6}, {1, 4}], [{8, 2}, {3, 7}, {6}, {4, 5}, {1}], [{8, 2}, {4, 7}, {1, 6}, {3, 5}], [{8, 2}, {4, 7}, {3, 6}, {1, 5}], [{8, 2}, {4, 7}, {5, 6}, {1, 3}], [{8, 2}, {5, 7}, {1, 6}, {3, 4}], [{8, 2}, {5, 7}, {3, 6}, {1, 4}], [{8, 2}, {5, 7}, {4, 6}, {1, 3}], [{8, 2}, {6, 7}, {1, 5}, {3, 4}], [{8, 2}, {6, 7}, {1, 5}, {4}, {3}], [{8, 2}, {6, 7}, {3, 5}, {1, 4}], [{8, 2}, {6, 7}, {4, 5}, {1, 3}], [{8, 3}, {1, 7}, {2, 6}, {4, 5}], [{8, 3}, {1, 7}, {4, 6}, {2, 5}], [{8, 3}, {1, 7}, {5, 6}, {2, 4}], [{8, 3}, {2, 7}, {1, 6}, {4, 5}], [{8, 3}, {2, 7}, {4, 6}, {1, 5}], [{8, 3}, {2, 7}, {5, 6}, {1, 4}], [{8, 3}, {2, 7}, {5, 6}, {4}, {1}], [{8, 3}, {4, 7}, {1, 6}, {2, 5}], [{8, 3}, {4, 7}, {2, 6}, {1, 5}], [{8, 3}, {4, 7}, {5, 6}, {1, 2}], [{8, 3}, {4, 7}, {5, 6}, {2}, {1}], [{8, 3}, {5, 7}, {1, 6}, {2, 4}], [{8, 3}, {5, 7}, {2, 6}, {1, 4}], [{8, 3}, {5, 7}, {4, 6}, {1, 2}], [{8, 3}, {6, 7}, {1, 5}, {2, 4}], [{8, 3}, {6, 7}, {2, 5}, {1, 4}], [{8, 3}, {6, 7}, {4, 5}, {1, 2}], [{8, 3}, {6, 7}, {5}, {4}, {1, 2}], [{8, 3}, {7}, {1, 6}, {4, 5}, {2}], [{8, 3}, {7}, {2, 6}, {1, 5}, {4}], [{8, 3}, {7}, {5, 6}, {2, 4}, {1}], [{8, 4}, {1, 7}, {2, 6}, {3, 5}], [{8, 4}, {1, 7}, {2, 6}, {5}, {3}], [{8, 4}, {1, 7}, {3, 6}, {2, 5}], [{8, 4}, {1, 7}, {5, 6}, {2, 3}], [{8, 4}, {1, 7}, {6}, {3, 5}, {2}], [{8, 4}, {2, 7}, {1, 6}, {3, 5}], [{8, 4}, {2, 7}, {3, 6}, {1, 5}], [{8, 4}, {2, 7}, {5, 6}, {1, 3}], [{8, 4}, {2, 7}, {6}, {3, 5}, {1}], [{8, 4}, {3, 7}, {1, 6}, {2, 5}], [{8, 4}, {3, 7}, {2, 6}, {1, 5}], [{8, 4}, {3, 7}, {5, 6}, {1, 2}], [{8, 4}, {5, 7}, {1, 6}, {2, 3}], [{8, 4}, {5, 7}, {2, 6}, {1, 3}], [{8, 4}, {5, 7}, {3, 6}, {1, 2}], [{8, 4}, {6, 7}, {1, 5}, {2, 3}], [{8, 4}, {6, 7}, {2, 5}, {1, 3}], [{8, 4}, {6, 7}, {2, 5}, {3}, {1}], [{8, 4}, {6, 7}, {3, 5}, {1, 2}], [{8, 4}, {6, 7}, {3, 5}, {2}, {1}], [{8, 4}, {6, 7}, {5}, {2, 3}, {1}], [{8, 4}, {7}, {1, 6}, {3, 5}, {2}], [{8, 4}, {7}, {2, 6}, {3, 5}, {1}], [{8, 4}, {7}, {6}, {3, 5}, {1, 2}], [{8, 4}, {7}, {6}, {3, 5}, {2}, {1}], [{8, 5}, {1, 7}, {2, 6}, {3, 4}], [{8, 5}, {1, 7}, {3, 6}, {2, 4}], [{8, 5}, {1, 7}, {4, 6}, {2, 3}], [{8, 5}, {2, 7}, {1, 6}, {3, 4}], [{8, 5}, {2, 7}, {3, 6}, {1, 4}], [{8, 5}, {2, 7}, {4, 6}, {1, 3}], [{8, 5}, {3, 7}, {1, 6}, {2, 4}], [{8, 5}, {3, 7}, {2, 6}, {1, 4}], [{8, 5}, {3, 7}, {4, 6}, {1, 2}], [{8, 5}, {4, 7}, {1, 6}, {2, 3}], [{8, 5}, {4, 7}, {2, 6}, {1, 3}], [{8, 5}, {4, 7}, {3, 6}, {1, 2}], [{8, 5}, {6, 7}, {1, 4}, {2, 3}], [{8, 5}, {6, 7}, {1, 4}, {3}, {2}], [{8, 5}, {6, 7}, {2, 4}, {1, 3}], [{8, 5}, {6, 7}, {3, 4}, {1, 2}], [{8, 5}, {6, 7}, {4}, {2, 3}, {1}], [{8, 6}, {1, 7}, {2, 5}, {3, 4}], [{8, 6}, {1, 7}, {3, 5}, {2, 4}], [{8, 6}, {1, 7}, {4, 5}, {2, 3}], [{8, 6}, {2, 7}, {1, 5}, {3, 4}], [{8, 6}, {2, 7}, {3, 5}, {1, 4}], [{8, 6}, {2, 7}, {4, 5}, {1, 3}], [{8, 6}, {3, 7}, {1, 5}, {2, 4}], [{8, 6}, {3, 7}, {2, 5}, {1, 4}], [{8, 6}, {3, 7}, {4, 5}, {1, 2}], [{8, 6}, {4, 7}, {1, 5}, {2, 3}], [{8, 6}, {4, 7}, {2, 5}, {1, 3}], [{8, 6}, {4, 7}, {3, 5}, {1, 2}], [{8, 6}, {4, 7}, {5}, {2, 3}, {1}], [{8, 6}, {5, 7}, {1, 4}, {2, 3}], [{8, 6}, {5, 7}, {1, 4}, {3}, {2}], [{8, 6}, {5, 7}, {2, 4}, {1, 3}], [{8, 6}, {5, 7}, {3, 4}, {1, 2}], [{8, 6}, {5, 7}, {4}, {2, 3}, {1}], [{8, 6}, {7}, {4, 5}, {2, 3}, {1}], [{8, 7}, {1, 6}, {2, 5}, {3, 4}], [{8, 7}, {1, 6}, {3, 5}, {2, 4}], [{8, 7}, {1, 6}, {4, 5}, {2, 3}], [{8, 7}, {1, 6}, {5}, {2, 4}, {3}], [{8, 7}, {2, 6}, {1, 5}, {3, 4}], [{8, 7}, {2, 6}, {1, 5}, {4}, {3}], [{8, 7}, {2, 6}, {3, 5}, {1, 4}], [{8, 7}, {2, 6}, {3, 5}, {4}, {1}], [{8, 7}, {2, 6}, {4, 5}, {1, 3}], [{8, 7}, {2, 6}, {4, 5}, {3}, {1}], [{8, 7}, {2, 6}, {5}, {1, 4}, {3}], [{8, 7}, {2, 6}, {5}, {3, 4}, {1}], [{8, 7}, {2, 6}, {5}, {4}, {1, 3}], [{8, 7}, {2, 6}, {5}, {4}, {3}, {1}], [{8, 7}, {3, 6}, {1, 5}, {2, 4}], [{8, 7}, {3, 6}, {1, 5}, {4}, {2}], [{8, 7}, {3, 6}, {2, 5}, {1, 4}], [{8, 7}, {3, 6}, {4, 5}, {1, 2}], [{8, 7}, {3, 6}, {4, 5}, {2}, {1}], [{8, 7}, {3, 6}, {5}, {1, 4}, {2}], [{8, 7}, {4, 6}, {1, 5}, {2, 3}], [{8, 7}, {4, 6}, {2, 5}, {1, 3}], [{8, 7}, {4, 6}, {3, 5}, {1, 2}], [{8, 7}, {4, 6}, {5}, {3}, {1, 2}], [{8, 7}, {5, 6}, {1, 4}, {2, 3}], [{8, 7}, {5, 6}, {1, 4}, {3}, {2}], [{8, 7}, {5, 6}, {2, 4}, {1, 3}], [{8, 7}, {5, 6}, {3, 4}, {1, 2}], [{8, 7}, {6}, {1, 5}, {4}, {2, 3}], [{8, 7}, {6}, {2, 5}, {1, 4}, {3}], [{8, 7}, {6}, {3, 5}, {1, 4}, {2}], [{8, 7}, {6}, {4, 5}, {2, 3}, {1}], [{8, 7}, {6}, {5}, {1, 4}, {2, 3}], [{8, 7}, {6}, {5}, {1, 4}, {3}, {2}], [{8}, {1, 7}, {2, 6}, {3, 5}, {4}], [{8}, {1, 7}, {5, 6}, {2, 4}, {3}], [{8}, {2, 7}, {6}, {4, 5}, {1, 3}], [{8}, {3, 7}, {2, 6}, {1, 5}, {4}], [{8}, {4, 7}, {2, 6}, {3, 5}, {1}], [{8}, {4, 7}, {3, 6}, {2, 5}, {1}], [{8}, {6, 7}, {4, 5}, {1, 3}, {2}], [{8}, {6, 7}, {4, 5}, {2, 3}, {1}], [{8}, {6, 7}, {4, 5}, {3}, {1, 2}], [{8}, {7}, {2, 6}, {3, 5}, {1, 4}], [{8}, {7}, {2, 6}, {4, 5}, {1, 3}]]",2,12 K_1^3 - 10 K_1^2 - 20 K_1 K_2 + K_1 + 5 K_2 + 7 K_3 + 6,O1O2O3O4U5U1U6O7U2O5O8U3U4O6U8U7,O1O2O3U4U5U6U2O7O8U1O4O5U8U3O6U7,O1O2O3U4O5U1U6O7O8U3O6O4U2U5U7U8,c,{'O1O2O3O4U5U6O7U1U2O6O8U3O5U7U4U8'},1,"<a href=""/flatknot/8.850995"">8.850995</a>",t^9-33t^7-94t^6+17t^5+280t^4+119t^3-188t^2-76t,-t^2+2t,,
8.850996,O1O2O3O4U5U6O7U1U2O6O8U3O5U7U8U4,4,4z^3+33z^2+90z+81,4w^4z^3+33w^3z^2+90w^2z+81w,False,False,"[[ 0 -2  0  0  3 -1 -1  0  1],[ 2  0  1  1  2  1  1  1  1],[ 0 -1  0  0  1  0  0  0  1],[ 0 -1  0  0  2  0  0 -1  1],[-3 -2 -1 -2  0 -1 -2 -3  0],[ 1 -1  0  0  1  0  0  1  0],[ 1 -1  0  0  2  0  0  0  0],[ 0 -1  0  1  3 -1  0  0  1],[-1 -1 -1 -1  0  0  0 -1  0]]","[[ 0  3  1  0  0  0 -1 -1 -2],[-3  0  0 -1 -2 -3 -1 -2 -2],[-1  0  0 -1 -1 -1  0  0 -1],[ 0  1  1  0  0  0  0  0 -1],[ 0  2  1  0  0 -1  0  0 -1],[ 0  3  1  0  1  0 -1  0 -1],[ 1  1  0  0  0  1  0  0 -1],[ 1  2  0  0  0  0  0  0 -1],[ 2  2  1  1  1  1  1  1  0]]",True,"[-3,-1,0,0,0,1,1,2,0,1,2,3,1,2,2,1,1,1,0,0,1,0,0,0,0,1,1,0,0,1,1,0,1,0,1,1]","[-3,-1,0,0,0,1,1,2,0,1,2,3,1,2,2,1,1,1,0,0,1,0,0,0,0,1,1,0,0,1,1,0,1,0,1,1]",t^8+34t^6+94t^4+52t^2,"[-2,-1,-1,0,0,0,1,3,0,0,1,1,1,2,3,0,0,1,1,2,3,1,1,1,2,2,-1,0,0,0,0,0,1,0,2,2]","[-3,-1,0,0,0,1,1,2,2,0,1,2,2,3,3,0,0,0,2,2,2,1,0,1,0,1,0,1,1,1,1,1,1,0,0,0]","[-2,-1,-1,0,0,0,1,3,1,1,1,1,1,1,2,0,0,0,0,0,2,0,0,1,0,1,0,-1,1,2,0,1,1,1,3,0]",c,"[[{8, 1}, {2, 7}, {3, 6}, {4, 5}], [{8, 1}, {2, 7}, {4, 6}, {3, 5}], [{8, 1}, {2, 7}, {5, 6}, {3, 4}], [{8, 1}, {2, 7}, {6}, {3, 5}, {4}], [{8, 1}, {3, 7}, {2, 6}, {4, 5}], [{8, 1}, {3, 7}, {4, 6}, {2, 5}], [{8, 1}, {3, 7}, {5, 6}, {2, 4}], [{8, 1}, {3, 7}, {6}, {4, 5}, {2}], [{8, 1}, {4, 7}, {2, 6}, {3, 5}], [{8, 1}, {4, 7}, {2, 6}, {5}, {3}], [{8, 1}, {4, 7}, {3, 6}, {2, 5}], [{8, 1}, {4, 7}, {3, 6}, {5}, {2}], [{8, 1}, {4, 7}, {5, 6}, {2, 3}], [{8, 1}, {4, 7}, {5, 6}, {3}, {2}], [{8, 1}, {4, 7}, {6}, {2, 5}, {3}], [{8, 1}, {4, 7}, {6}, {3, 5}, {2}], [{8, 1}, {4, 7}, {6}, {5}, {2, 3}], [{8, 1}, {4, 7}, {6}, {5}, {3}, {2}], [{8, 1}, {5, 7}, {2, 6}, {3, 4}], [{8, 1}, {5, 7}, {3, 6}, {2, 4}], [{8, 1}, {5, 7}, {4, 6}, {2, 3}], [{8, 1}, {5, 7}, {6}, {3, 4}, {2}], [{8, 1}, {6, 7}, {2, 5}, {3, 4}], [{8, 1}, {6, 7}, {3, 5}, {2, 4}], [{8, 1}, {6, 7}, {3, 5}, {4}, {2}], [{8, 1}, {6, 7}, {4, 5}, {2, 3}], [{8, 1}, {7}, {2, 6}, {3, 5}, {4}], [{8, 1}, {7}, {4, 6}, {3, 5}, {2}], [{8, 1}, {7}, {6}, {3, 5}, {2, 4}], [{8, 1}, {7}, {6}, {3, 5}, {4}, {2}], [{8, 2}, {1, 7}, {3, 6}, {4, 5}], [{8, 2}, {1, 7}, {3, 6}, {5}, {4}], [{8, 2}, {1, 7}, {4, 6}, {3, 5}], [{8, 2}, {1, 7}, {5, 6}, {3, 4}], [{8, 2}, {3, 7}, {1, 6}, {4, 5}], [{8, 2}, {3, 7}, {4, 6}, {1, 5}], [{8, 2}, {3, 7}, {5, 6}, {1, 4}], [{8, 2}, {4, 7}, {1, 6}, {3, 5}], [{8, 2}, {4, 7}, {3, 6}, {1, 5}], [{8, 2}, {4, 7}, {5, 6}, {1, 3}], [{8, 2}, {4, 7}, {6}, {5}, {1, 3}], [{8, 2}, {5, 7}, {1, 6}, {3, 4}], [{8, 2}, {5, 7}, {3, 6}, {1, 4}], [{8, 2}, {5, 7}, {4, 6}, {1, 3}], [{8, 2}, {5, 7}, {6}, {1, 4}, {3}], [{8, 2}, {6, 7}, {1, 5}, {3, 4}], [{8, 2}, {6, 7}, {3, 5}, {1, 4}], [{8, 2}, {6, 7}, {4, 5}, {1, 3}], [{8, 3}, {1, 7}, {2, 6}, {4, 5}], [{8, 3}, {1, 7}, {4, 6}, {2, 5}], [{8, 3}, {1, 7}, {5, 6}, {2, 4}], [{8, 3}, {2, 7}, {1, 6}, {4, 5}], [{8, 3}, {2, 7}, {4, 6}, {1, 5}], [{8, 3}, {2, 7}, {4, 6}, {5}, {1}], [{8, 3}, {2, 7}, {5, 6}, {1, 4}], [{8, 3}, {2, 7}, {6}, {1, 5}, {4}], [{8, 3}, {4, 7}, {1, 6}, {2, 5}], [{8, 3}, {4, 7}, {2, 6}, {1, 5}], [{8, 3}, {4, 7}, {5, 6}, {1, 2}], [{8, 3}, {4, 7}, {6}, {5}, {1, 2}], [{8, 3}, {5, 7}, {1, 6}, {2, 4}], [{8, 3}, {5, 7}, {1, 6}, {4}, {2}], [{8, 3}, {5, 7}, {2, 6}, {1, 4}], [{8, 3}, {5, 7}, {2, 6}, {4}, {1}], [{8, 3}, {5, 7}, {4, 6}, {1, 2}], [{8, 3}, {5, 7}, {6}, {4}, {1, 2}], [{8, 3}, {6, 7}, {1, 5}, {2, 4}], [{8, 3}, {6, 7}, {2, 5}, {1, 4}], [{8, 3}, {6, 7}, {4, 5}, {1, 2}], [{8, 3}, {7}, {2, 6}, {5}, {1, 4}], [{8, 3}, {7}, {5, 6}, {2, 4}, {1}], [{8, 3}, {7}, {6}, {4, 5}, {1, 2}], [{8, 4}, {1, 7}, {2, 6}, {3, 5}], [{8, 4}, {1, 7}, {2, 6}, {5}, {3}], [{8, 4}, {1, 7}, {3, 6}, {2, 5}], [{8, 4}, {1, 7}, {5, 6}, {2, 3}], [{8, 4}, {1, 7}, {6}, {3, 5}, {2}], [{8, 4}, {2, 7}, {1, 6}, {3, 5}], [{8, 4}, {2, 7}, {3, 6}, {1, 5}], [{8, 4}, {2, 7}, {5, 6}, {1, 3}], [{8, 4}, {3, 7}, {1, 6}, {2, 5}], [{8, 4}, {3, 7}, {2, 6}, {1, 5}], [{8, 4}, {3, 7}, {5, 6}, {1, 2}], [{8, 4}, {5, 7}, {1, 6}, {2, 3}], [{8, 4}, {5, 7}, {2, 6}, {1, 3}], [{8, 4}, {5, 7}, {3, 6}, {1, 2}], [{8, 4}, {5, 7}, {3, 6}, {2}, {1}], [{8, 4}, {6, 7}, {1, 5}, {2, 3}], [{8, 4}, {6, 7}, {2, 5}, {1, 3}], [{8, 4}, {6, 7}, {2, 5}, {3}, {1}], [{8, 4}, {6, 7}, {3, 5}, {1, 2}], [{8, 4}, {7}, {2, 6}, {3, 5}, {1}], [{8, 4}, {7}, {5, 6}, {2, 3}, {1}], [{8, 5}, {1, 7}, {2, 6}, {3, 4}], [{8, 5}, {1, 7}, {3, 6}, {2, 4}], [{8, 5}, {1, 7}, {4, 6}, {2, 3}], [{8, 5}, {1, 7}, {4, 6}, {3}, {2}], [{8, 5}, {2, 7}, {1, 6}, {3, 4}], [{8, 5}, {2, 7}, {1, 6}, {4}, {3}], [{8, 5}, {2, 7}, {3, 6}, {1, 4}], [{8, 5}, {2, 7}, {4, 6}, {1, 3}], [{8, 5}, {2, 7}, {4, 6}, {3}, {1}], [{8, 5}, {2, 7}, {6}, {1, 4}, {3}], [{8, 5}, {3, 7}, {1, 6}, {2, 4}], [{8, 5}, {3, 7}, {2, 6}, {1, 4}], [{8, 5}, {3, 7}, {4, 6}, {1, 2}], [{8, 5}, {4, 7}, {1, 6}, {2, 3}], [{8, 5}, {4, 7}, {1, 6}, {3}, {2}], [{8, 5}, {4, 7}, {2, 6}, {1, 3}], [{8, 5}, {4, 7}, {3, 6}, {1, 2}], [{8, 5}, {6, 7}, {1, 4}, {2, 3}], [{8, 5}, {6, 7}, {1, 4}, {3}, {2}], [{8, 5}, {6, 7}, {2, 4}, {1, 3}], [{8, 5}, {6, 7}, {3, 4}, {1, 2}], [{8, 5}, {7}, {1, 6}, {2, 4}, {3}], [{8, 5}, {7}, {2, 6}, {1, 4}, {3}], [{8, 5}, {7}, {4, 6}, {3}, {1, 2}], [{8, 6}, {1, 7}, {2, 5}, {3, 4}], [{8, 6}, {1, 7}, {2, 5}, {4}, {3}], [{8, 6}, {1, 7}, {3, 5}, {2, 4}], [{8, 6}, {1, 7}, {4, 5}, {2, 3}], [{8, 6}, {1, 7}, {4, 5}, {3}, {2}], [{8, 6}, {1, 7}, {5}, {2, 4}, {3}], [{8, 6}, {2, 7}, {1, 5}, {3, 4}], [{8, 6}, {2, 7}, {3, 5}, {1, 4}], [{8, 6}, {2, 7}, {4, 5}, {1, 3}], [{8, 6}, {3, 7}, {1, 5}, {2, 4}], [{8, 6}, {3, 7}, {2, 5}, {1, 4}], [{8, 6}, {3, 7}, {4, 5}, {1, 2}], [{8, 6}, {4, 7}, {1, 5}, {2, 3}], [{8, 6}, {4, 7}, {1, 5}, {3}, {2}], [{8, 6}, {4, 7}, {2, 5}, {1, 3}], [{8, 6}, {4, 7}, {3, 5}, {1, 2}], [{8, 6}, {5, 7}, {1, 4}, {2, 3}], [{8, 6}, {5, 7}, {1, 4}, {3}, {2}], [{8, 6}, {5, 7}, {2, 4}, {1, 3}], [{8, 6}, {5, 7}, {3, 4}, {1, 2}], [{8, 6}, {5, 7}, {4}, {2, 3}, {1}], [{8, 7}, {1, 6}, {2, 5}, {3, 4}], [{8, 7}, {1, 6}, {3, 5}, {2, 4}], [{8, 7}, {1, 6}, {4, 5}, {2, 3}], [{8, 7}, {1, 6}, {5}, {2, 4}, {3}], [{8, 7}, {2, 6}, {1, 5}, {3, 4}], [{8, 7}, {2, 6}, {3, 5}, {1, 4}], [{8, 7}, {2, 6}, {3, 5}, {4}, {1}], [{8, 7}, {2, 6}, {4, 5}, {1, 3}], [{8, 7}, {2, 6}, {5}, {1, 4}, {3}], [{8, 7}, {3, 6}, {1, 5}, {2, 4}], [{8, 7}, {3, 6}, {2, 5}, {1, 4}], [{8, 7}, {3, 6}, {4, 5}, {1, 2}], [{8, 7}, {4, 6}, {1, 5}, {2, 3}], [{8, 7}, {4, 6}, {2, 5}, {1, 3}], [{8, 7}, {4, 6}, {3, 5}, {1, 2}], [{8, 7}, {5, 6}, {1, 4}, {2, 3}], [{8, 7}, {5, 6}, {2, 4}, {1, 3}], [{8, 7}, {5, 6}, {3, 4}, {1, 2}], [{8, 7}, {6}, {3, 5}, {1, 4}, {2}], [{8, 7}, {6}, {4, 5}, {2, 3}, {1}], [{8}, {1, 7}, {2, 6}, {3, 5}, {4}], [{8}, {2, 7}, {3, 6}, {4, 5}, {1}], [{8}, {2, 7}, {4, 6}, {3, 5}, {1}], [{8}, {3, 7}, {2, 6}, {1, 5}, {4}], [{8}, {3, 7}, {2, 6}, {4, 5}, {1}], [{8}, {3, 7}, {2, 6}, {5}, {1, 4}], [{8}, {3, 7}, {4, 6}, {2, 5}, {1}], [{8}, {4, 7}, {2, 6}, {3, 5}, {1}], [{8}, {4, 7}, {3, 6}, {2, 5}, {1}], [{8}, {5, 7}, {1, 6}, {2, 4}, {3}], [{8}, {5, 7}, {2, 6}, {1, 4}, {3}], [{8}, {5, 7}, {4, 6}, {1, 3}, {2}], [{8}, {6, 7}, {4, 5}, {1, 3}, {2}], [{8}, {7}, {2, 6}, {3, 5}, {1, 4}], [{8}, {7}, {2, 6}, {5}, {1, 4}, {3}]]",2,28 K_1^3 - 18 K_1^2 - 22 K_1 K_2 - 10 K_1 + 9 K_2 + 4 K_3 + 10,O1O2O3O4U1U5U6O7U2O5O8U3U4O6U8U7,O1O2O3U4U5U6U3O7O8U1O4O5U8U2O6U7,O1O2O3U4O5U2U6O7O8U3O6O4U1U5U7U8,c,{'O1O2O3O4U5U6O7U1U2O6O8U3O5U7U8U4'},1,"<a href=""/flatknot/8.850996"">8.850996</a>",t^9-30t^7-74t^6+75t^5+274t^4-18t^3-220t^2-8t+24,-t^3+t^2+t,,
8.850997,O1O2O3O4U5U6O7U1U2O6O8U7O5U3U4U8,4,9z^3+51z^2+107z+83,-2w^5z^3+11w^4z^3-2w^4z^2+53w^3z^2+107w^2z+83w,False,False,"[[ 0 -2  0  0  2 -1 -1  0  2],[ 2  0  1  1  2  1  1  1  2],[ 0 -1  0  0  1  0  0  0  2],[ 0 -1  0  0  1  0  1 -1  2],[-2 -2 -1 -1  0 -2 -1 -1  1],[ 1 -1  0  0  2  0 -1  1  1],[ 1 -1  0 -1  1  1  0  0  1],[ 0 -1  0  1  1 -1  0  0  1],[-2 -2 -2 -2 -1 -1 -1 -1  0]]","[[ 0  2  2  0  0  0 -1 -1 -2],[-2  0  1 -1 -1 -1 -1 -2 -2],[-2 -1  0 -1 -2 -2 -1 -1 -2],[ 0  1  1  0  1  0  0 -1 -1],[ 0  1  2 -1  0  0  1  0 -1],[ 0  1  2  0  0  0  0  0 -1],[ 1  1  1  0 -1  0  0  1 -1],[ 1  2  1  1  0  0 -1  0 -1],[ 2  2  2  1  1  1  1  1  0]]",True,"[-2,-2,0,0,0,1,1,2,-1,1,1,1,1,2,2,1,2,2,1,1,2,-1,0,0,1,1,0,-1,0,1,0,0,1,-1,1,1]","[-2,-2,0,0,0,1,1,2,-1,0,0,1,2,2,2,1,1,1,1,2,2,0,-1,1,2,1,0,1,1,1,0,1,1,-1,0,0]",t^8+37t^6+175t^4+70t^2+4,"[-2,-1,-1,0,0,0,2,2,0,0,1,1,1,2,2,-1,1,1,2,2,2,0,1,1,1,2,0,-1,1,1,0,1,0,1,0,-1]","[-2,-2,0,0,0,1,1,2,-1,0,0,1,2,2,2,1,1,1,1,2,2,0,-1,1,2,1,0,1,1,1,0,1,1,-1,0,0]","[-2,-1,-1,0,0,0,2,2,1,1,1,1,1,2,2,-1,0,0,1,1,2,-1,0,0,1,1,0,-1,2,1,0,2,1,1,1,-1]",c,"[[{8, 1}, {2, 7}, {3, 6}, {4, 5}], [{8, 1}, {2, 7}, {3, 6}, {5}, {4}], [{8, 1}, {2, 7}, {4, 6}, {3, 5}], [{8, 1}, {2, 7}, {4, 6}, {5}, {3}], [{8, 1}, {2, 7}, {5, 6}, {3, 4}], [{8, 1}, {2, 7}, {5, 6}, {4}, {3}], [{8, 1}, {2, 7}, {6}, {3, 5}, {4}], [{8, 1}, {2, 7}, {6}, {4, 5}, {3}], [{8, 1}, {2, 7}, {6}, {5}, {3, 4}], [{8, 1}, {2, 7}, {6}, {5}, {4}, {3}], [{8, 1}, {3, 7}, {2, 6}, {4, 5}], [{8, 1}, {3, 7}, {2, 6}, {5}, {4}], [{8, 1}, {3, 7}, {4, 6}, {2, 5}], [{8, 1}, {3, 7}, {5, 6}, {2, 4}], [{8, 1}, {4, 7}, {2, 6}, {3, 5}], [{8, 1}, {4, 7}, {2, 6}, {5}, {3}], [{8, 1}, {4, 7}, {3, 6}, {2, 5}], [{8, 1}, {4, 7}, {5, 6}, {2, 3}], [{8, 1}, {4, 7}, {5, 6}, {3}, {2}], [{8, 1}, {4, 7}, {6}, {2, 5}, {3}], [{8, 1}, {5, 7}, {2, 6}, {3, 4}], [{8, 1}, {5, 7}, {2, 6}, {4}, {3}], [{8, 1}, {5, 7}, {3, 6}, {2, 4}], [{8, 1}, {5, 7}, {4, 6}, {2, 3}], [{8, 1}, {5, 7}, {4, 6}, {3}, {2}], [{8, 1}, {5, 7}, {6}, {2, 4}, {3}], [{8, 1}, {6, 7}, {2, 5}, {3, 4}], [{8, 1}, {6, 7}, {2, 5}, {4}, {3}], [{8, 1}, {6, 7}, {3, 5}, {2, 4}], [{8, 1}, {6, 7}, {3, 5}, {4}, {2}], [{8, 1}, {6, 7}, {4, 5}, {2, 3}], [{8, 1}, {6, 7}, {4, 5}, {3}, {2}], [{8, 1}, {6, 7}, {5}, {2, 4}, {3}], [{8, 1}, {6, 7}, {5}, {3, 4}, {2}], [{8, 1}, {6, 7}, {5}, {4}, {2, 3}], [{8, 1}, {6, 7}, {5}, {4}, {3}, {2}], [{8, 1}, {7}, {2, 6}, {3, 5}, {4}], [{8, 1}, {7}, {2, 6}, {4, 5}, {3}], [{8, 1}, {7}, {2, 6}, {5}, {3, 4}], [{8, 1}, {7}, {2, 6}, {5}, {4}, {3}], [{8, 1}, {7}, {4, 6}, {2, 5}, {3}], [{8, 1}, {7}, {5, 6}, {2, 4}, {3}], [{8, 2}, {1, 7}, {3, 6}, {4, 5}], [{8, 2}, {1, 7}, {4, 6}, {3, 5}], [{8, 2}, {1, 7}, {4, 6}, {5}, {3}], [{8, 2}, {1, 7}, {5, 6}, {3, 4}], [{8, 2}, {1, 7}, {5, 6}, {4}, {3}], [{8, 2}, {1, 7}, {6}, {4, 5}, {3}], [{8, 2}, {3, 7}, {1, 6}, {4, 5}], [{8, 2}, {3, 7}, {4, 6}, {1, 5}], [{8, 2}, {3, 7}, {5, 6}, {1, 4}], [{8, 2}, {4, 7}, {1, 6}, {3, 5}], [{8, 2}, {4, 7}, {3, 6}, {1, 5}], [{8, 2}, {4, 7}, {5, 6}, {1, 3}], [{8, 2}, {5, 7}, {1, 6}, {3, 4}], [{8, 2}, {5, 7}, {3, 6}, {1, 4}], [{8, 2}, {5, 7}, {4, 6}, {1, 3}], [{8, 2}, {6, 7}, {1, 5}, {3, 4}], [{8, 2}, {6, 7}, {3, 5}, {1, 4}], [{8, 2}, {6, 7}, {4, 5}, {1, 3}], [{8, 2}, {6, 7}, {4, 5}, {3}, {1}], [{8, 2}, {7}, {1, 6}, {4, 5}, {3}], [{8, 2}, {7}, {4, 6}, {3, 5}, {1}], [{8, 3}, {1, 7}, {2, 6}, {4, 5}], [{8, 3}, {1, 7}, {4, 6}, {2, 5}], [{8, 3}, {1, 7}, {5, 6}, {2, 4}], [{8, 3}, {2, 7}, {1, 6}, {4, 5}], [{8, 3}, {2, 7}, {1, 6}, {5}, {4}], [{8, 3}, {2, 7}, {4, 6}, {1, 5}], [{8, 3}, {2, 7}, {5, 6}, {1, 4}], [{8, 3}, {4, 7}, {1, 6}, {2, 5}], [{8, 3}, {4, 7}, {2, 6}, {1, 5}], [{8, 3}, {4, 7}, {2, 6}, {5}, {1}], [{8, 3}, {4, 7}, {5, 6}, {1, 2}], [{8, 3}, {5, 7}, {1, 6}, {2, 4}], [{8, 3}, {5, 7}, {1, 6}, {4}, {2}], [{8, 3}, {5, 7}, {2, 6}, {1, 4}], [{8, 3}, {5, 7}, {4, 6}, {1, 2}], [{8, 3}, {6, 7}, {1, 5}, {2, 4}], [{8, 3}, {6, 7}, {2, 5}, {1, 4}], [{8, 3}, {6, 7}, {4, 5}, {1, 2}], [{8, 3}, {6, 7}, {4, 5}, {2}, {1}], [{8, 3}, {7}, {1, 6}, {2, 5}, {4}], [{8, 3}, {7}, {2, 6}, {1, 5}, {4}], [{8, 3}, {7}, {4, 6}, {1, 5}, {2}], [{8, 3}, {7}, {5, 6}, {1, 4}, {2}], [{8, 3}, {7}, {6}, {1, 5}, {2, 4}], [{8, 4}, {1, 7}, {2, 6}, {3, 5}], [{8, 4}, {1, 7}, {2, 6}, {5}, {3}], [{8, 4}, {1, 7}, {3, 6}, {2, 5}], [{8, 4}, {1, 7}, {5, 6}, {2, 3}], [{8, 4}, {2, 7}, {1, 6}, {3, 5}], [{8, 4}, {2, 7}, {3, 6}, {1, 5}], [{8, 4}, {2, 7}, {5, 6}, {1, 3}], [{8, 4}, {3, 7}, {1, 6}, {2, 5}], [{8, 4}, {3, 7}, {2, 6}, {1, 5}], [{8, 4}, {3, 7}, {5, 6}, {1, 2}], [{8, 4}, {5, 7}, {1, 6}, {2, 3}], [{8, 4}, {5, 7}, {2, 6}, {1, 3}], [{8, 4}, {5, 7}, {3, 6}, {1, 2}], [{8, 4}, {5, 7}, {3, 6}, {2}, {1}], [{8, 4}, {6, 7}, {1, 5}, {2, 3}], [{8, 4}, {6, 7}, {1, 5}, {3}, {2}], [{8, 4}, {6, 7}, {2, 5}, {1, 3}], [{8, 4}, {6, 7}, {3, 5}, {1, 2}], [{8, 5}, {1, 7}, {2, 6}, {3, 4}], [{8, 5}, {1, 7}, {3, 6}, {2, 4}], [{8, 5}, {1, 7}, {4, 6}, {2, 3}], [{8, 5}, {2, 7}, {1, 6}, {3, 4}], [{8, 5}, {2, 7}, {3, 6}, {1, 4}], [{8, 5}, {2, 7}, {4, 6}, {1, 3}], [{8, 5}, {2, 7}, {6}, {3, 4}, {1}], [{8, 5}, {3, 7}, {1, 6}, {2, 4}], [{8, 5}, {3, 7}, {2, 6}, {1, 4}], [{8, 5}, {3, 7}, {4, 6}, {1, 2}], [{8, 5}, {3, 7}, {6}, {1, 4}, {2}], [{8, 5}, {4, 7}, {1, 6}, {2, 3}], [{8, 5}, {4, 7}, {2, 6}, {1, 3}], [{8, 5}, {4, 7}, {2, 6}, {3}, {1}], [{8, 5}, {4, 7}, {3, 6}, {1, 2}], [{8, 5}, {6, 7}, {1, 4}, {2, 3}], [{8, 5}, {6, 7}, {1, 4}, {3}, {2}], [{8, 5}, {6, 7}, {2, 4}, {1, 3}], [{8, 5}, {6, 7}, {3, 4}, {1, 2}], [{8, 5}, {7}, {2, 6}, {4}, {1, 3}], [{8, 5}, {7}, {3, 6}, {1, 4}, {2}], [{8, 5}, {7}, {4, 6}, {3}, {1, 2}], [{8, 6}, {1, 7}, {2, 5}, {3, 4}], [{8, 6}, {1, 7}, {3, 5}, {2, 4}], [{8, 6}, {1, 7}, {4, 5}, {2, 3}], [{8, 6}, {2, 7}, {1, 5}, {3, 4}], [{8, 6}, {2, 7}, {3, 5}, {1, 4}], [{8, 6}, {2, 7}, {4, 5}, {1, 3}], [{8, 6}, {2, 7}, {5}, {4}, {1, 3}], [{8, 6}, {3, 7}, {1, 5}, {2, 4}], [{8, 6}, {3, 7}, {2, 5}, {1, 4}], [{8, 6}, {3, 7}, {2, 5}, {4}, {1}], [{8, 6}, {3, 7}, {4, 5}, {1, 2}], [{8, 6}, {3, 7}, {5}, {1, 4}, {2}], [{8, 6}, {4, 7}, {1, 5}, {2, 3}], [{8, 6}, {4, 7}, {2, 5}, {1, 3}], [{8, 6}, {4, 7}, {3, 5}, {1, 2}], [{8, 6}, {5, 7}, {1, 4}, {2, 3}], [{8, 6}, {5, 7}, {1, 4}, {3}, {2}], [{8, 6}, {5, 7}, {2, 4}, {1, 3}], [{8, 6}, {5, 7}, {3, 4}, {1, 2}], [{8, 6}, {5, 7}, {4}, {2, 3}, {1}], [{8, 6}, {7}, {3, 5}, {1, 4}, {2}], [{8, 7}, {1, 6}, {2, 5}, {3, 4}], [{8, 7}, {1, 6}, {3, 5}, {2, 4}], [{8, 7}, {1, 6}, {4, 5}, {2, 3}], [{8, 7}, {1, 6}, {5}, {2, 4}, {3}], [{8, 7}, {2, 6}, {1, 5}, {3, 4}], [{8, 7}, {2, 6}, {3, 5}, {1, 4}], [{8, 7}, {2, 6}, {4, 5}, {1, 3}], [{8, 7}, {2, 6}, {5}, {1, 4}, {3}], [{8, 7}, {3, 6}, {1, 5}, {2, 4}], [{8, 7}, {3, 6}, {2, 5}, {1, 4}], [{8, 7}, {3, 6}, {4, 5}, {1, 2}], [{8, 7}, {4, 6}, {1, 5}, {2, 3}], [{8, 7}, {4, 6}, {2, 5}, {1, 3}], [{8, 7}, {4, 6}, {3, 5}, {1, 2}], [{8, 7}, {5, 6}, {1, 4}, {2, 3}], [{8, 7}, {5, 6}, {1, 4}, {3}, {2}], [{8, 7}, {5, 6}, {2, 4}, {1, 3}], [{8, 7}, {5, 6}, {3, 4}, {1, 2}], [{8, 7}, {6}, {2, 5}, {1, 4}, {3}], [{8, 7}, {6}, {5}, {3, 4}, {1, 2}], [{8}, {1, 7}, {4, 6}, {3, 5}, {2}], [{8}, {2, 7}, {6}, {1, 5}, {3, 4}], [{8}, {3, 7}, {5, 6}, {1, 4}, {2}], [{8}, {4, 7}, {2, 6}, {1, 5}, {3}], [{8}, {4, 7}, {2, 6}, {3, 5}, {1}], [{8}, {4, 7}, {2, 6}, {5}, {1, 3}], [{8}, {4, 7}, {2, 6}, {5}, {3}, {1}], [{8}, {5, 7}, {6}, {1, 4}, {2, 3}], [{8}, {6, 7}, {4, 5}, {1, 3}, {2}], [{8}, {6, 7}, {4, 5}, {2, 3}, {1}], [{8}, {6, 7}, {4, 5}, {3}, {1, 2}], [{8}, {6, 7}, {4, 5}, {3}, {2}, {1}]]",2,12 K_1^3 - 18 K_1^2 - 12 K_1 K_2 - 3 K_1 + 9 K_2 + 3 K_3 + 10,O1O2O3O4U5U1U2O6U7O5O8U3U4O7U8U6,O1O2O3U4U5U1U2O6O7U8O4O5U7U3O8U6,O1O2O3U4O5U1U6O7O8U5O6O4U2U3U7U8,c,{'O1O2O3O4U5U6O7U1U2O6O8U7O5U3U4U8'},1,"<a href=""/flatknot/8.850997"">8.850997</a>",t^9-35t^7-110t^6-32t^5+236t^4+184t^3-100t^2-53t+22,-t^2+2t,,
8.850998,O1O2O3O4U5U6O7U1U2O6O8U7O5U3U8U4,3,15z^2+76z+93,-2w^4z^2+17w^3z^2-6w^3z+82w^2z+93w,False,False,"[[ 0 -2  0  0  3 -1 -1  0  1],[ 2  0  1  1  2  1  1  1  1],[ 0 -1  0  0  1  0  0  0  1],[ 0 -1  0  0  2  0  1 -1  1],[-3 -2 -1 -2  0 -2 -2 -2  0],[ 1 -1  0  0  2  0 -1  1  0],[ 1 -1  0 -1  2  1  0  0  0],[ 0 -1  0  1  2 -1  0  0  1],[-1 -1 -1 -1  0  0  0 -1  0]]","[[ 0  3  1  0  0  0 -1 -1 -2],[-3  0  0 -1 -2 -2 -2 -2 -2],[-1  0  0 -1 -1 -1  0  0 -1],[ 0  1  1  0  0  0  0  0 -1],[ 0  2  1  0  0  1  0 -1 -1],[ 0  2  1  0 -1  0  1  0 -1],[ 1  2  0  0  0 -1  0  1 -1],[ 1  2  0  0  1  0 -1  0 -1],[ 2  2  1  1  1  1  1  1  0]]",True,"[-3,-1,0,0,0,1,1,2,0,1,2,2,2,2,2,1,1,1,0,0,1,0,0,0,0,1,-1,0,1,1,-1,0,1,-1,1,1]","[-3,-1,0,0,0,1,1,2,0,1,2,2,2,2,2,1,1,1,0,0,1,0,0,0,0,1,-1,0,1,1,-1,0,1,-1,1,1]",t^8+34t^6+161t^4+80t^2,"[-2,-1,-1,0,0,0,1,3,0,0,1,1,1,2,3,-1,1,1,2,2,2,0,1,1,2,2,0,-1,0,1,0,0,2,0,1,2]","[-3,-1,0,0,0,1,1,2,2,1,1,2,2,2,3,0,0,0,2,2,2,-1,0,1,2,1,0,0,1,1,1,1,1,-1,0,0]","[-2,-1,-1,0,0,0,1,3,1,1,1,1,1,1,2,-1,0,0,1,0,2,-1,0,0,0,2,0,-1,1,2,0,1,1,1,2,0]",c,"[[{8, 2}, {4, 7}, {3, 6}, {1, 5}], [{8, 2}, {5, 7}, {3, 6}, {1, 4}], [{8, 2}, {6, 7}, {3, 5}, {1, 4}]]",1,12 K_1^3 - 22 K_1^2 - 18 K_1 K_2 + 11 K_2 + 6 K_3 + 12,O1O2O3O4U1U5U2O6U7O5O8U3U4O7U8U6,O1O2O3U4U5U1U3O6O7U8O4O5U7U2O8U6,O1O2O3U4O5U2U6O7O8U5O6O4U1U3U7U8,c,{'O1O2O3O4U5U6O7U1U2O6O8U7O5U3U8U4'},1,"<a href=""/flatknot/8.850998"">8.850998</a>",t^9-30t^7-94t^6-4t^5+274t^4+176t^3-144t^2-80t,-t^3+t^2+t,,
8.850999,O1O2O3O4U5U6O7U1U2O6O8U7O5U8U3U4,3,12z^2+49z+51,-4w^4z^2+16w^3z^2-8w^3z+57w^2z+51w,False,False,"[[ 0 -2  0  1  3 -1 -1  0  0],[ 2  0  1  1  2  1  1  1  0],[ 0 -1  0  0  1  0  0  0  0],[-1 -1  0  0  1  0  0 -2  0],[-3 -2 -1 -1  0 -2 -2 -2  0],[ 1 -1  0  0  2  0 -1  1 -1],[ 1 -1  0  0  2  1  0  0 -1],[ 0 -1  0  2  2 -1  0  0  1],[ 0  0  0  0  0  1  1 -1  0]]","[[ 0  3  1  0  0  0 -1 -1 -2],[-3  0 -1  0 -1 -2 -2 -2 -2],[-1  1  0  0  0 -2  0  0 -1],[ 0  0  0  0  0 -1  1  1  0],[ 0  1  0  0  0  0  0  0 -1],[ 0  2  2  1  0  0  0 -1 -1],[ 1  2  0 -1  0  0  0  1 -1],[ 1  2  0 -1  0  1 -1  0 -1],[ 2  2  1  0  1  1  1  1  0]]",True,"[-3,-1,0,0,0,1,1,2,1,0,1,2,2,2,2,0,0,2,0,0,1,0,1,-1,-1,0,0,0,0,1,0,1,1,-1,1,1]","[-3,-1,0,0,0,1,1,2,1,0,1,2,2,2,2,0,0,2,0,0,1,0,1,-1,-1,0,0,0,0,1,0,1,1,-1,1,1]",t^8+32t^6+186t^4+56t^2,"[-2,-1,-1,0,0,0,1,3,0,0,1,1,2,2,3,-1,1,1,2,2,2,0,1,2,2,2,0,-1,-1,1,0,1,2,1,3,1]","[-3,-1,0,0,0,1,1,2,1,1,2,3,2,2,3,-1,1,1,2,2,2,0,1,0,1,1,0,1,1,1,2,2,2,-1,0,0]","[-2,-1,-1,0,0,0,1,3,1,1,0,1,1,1,2,-1,-1,0,1,0,2,-1,0,0,0,2,0,-1,0,0,0,0,1,2,2,1]",c,"[[{8, 1}, {2, 7}, {3, 6}, {4, 5}], [{8, 1}, {2, 7}, {4, 6}, {3, 5}], [{8, 1}, {2, 7}, {5, 6}, {3, 4}], [{8, 1}, {3, 7}, {2, 6}, {4, 5}], [{8, 1}, {3, 7}, {4, 6}, {2, 5}], [{8, 1}, {3, 7}, {5, 6}, {2, 4}], [{8, 1}, {4, 7}, {2, 6}, {3, 5}], [{8, 1}, {4, 7}, {3, 6}, {2, 5}], [{8, 1}, {4, 7}, {5, 6}, {2, 3}], [{8, 1}, {4, 7}, {6}, {5}, {2, 3}], [{8, 1}, {5, 7}, {2, 6}, {3, 4}], [{8, 1}, {5, 7}, {3, 6}, {2, 4}], [{8, 1}, {5, 7}, {4, 6}, {2, 3}], [{8, 1}, {5, 7}, {6}, {4}, {2, 3}], [{8, 1}, {6, 7}, {2, 5}, {3, 4}], [{8, 1}, {6, 7}, {3, 5}, {2, 4}], [{8, 1}, {6, 7}, {4, 5}, {2, 3}], [{8, 1}, {6, 7}, {5}, {4}, {2, 3}], [{8, 1}, {7}, {2, 6}, {4, 5}, {3}], [{8, 1}, {7}, {3, 6}, {4, 5}, {2}], [{8, 1}, {7}, {4, 6}, {2, 5}, {3}], [{8, 1}, {7}, {4, 6}, {3, 5}, {2}], [{8, 1}, {7}, {4, 6}, {5}, {2, 3}], [{8, 1}, {7}, {5, 6}, {4}, {2, 3}], [{8, 1}, {7}, {6}, {4, 5}, {2, 3}], [{8, 1}, {7}, {6}, {5}, {4}, {2, 3}], [{8, 2}, {1, 7}, {3, 6}, {4, 5}], [{8, 2}, {1, 7}, {3, 6}, {5}, {4}], [{8, 2}, {1, 7}, {4, 6}, {3, 5}], [{8, 2}, {1, 7}, {5, 6}, {3, 4}], [{8, 2}, {1, 7}, {6}, {4, 5}, {3}], [{8, 2}, {3, 7}, {1, 6}, {4, 5}], [{8, 2}, {3, 7}, {4, 6}, {1, 5}], [{8, 2}, {3, 7}, {5, 6}, {1, 4}], [{8, 2}, {3, 7}, {6}, {5}, {1, 4}], [{8, 2}, {4, 7}, {1, 6}, {3, 5}], [{8, 2}, {4, 7}, {3, 6}, {1, 5}], [{8, 2}, {4, 7}, {3, 6}, {5}, {1}], [{8, 2}, {4, 7}, {5, 6}, {1, 3}], [{8, 2}, {4, 7}, {6}, {1, 5}, {3}], [{8, 2}, {5, 7}, {1, 6}, {3, 4}], [{8, 2}, {5, 7}, {3, 6}, {1, 4}], [{8, 2}, {5, 7}, {3, 6}, {4}, {1}], [{8, 2}, {5, 7}, {4, 6}, {1, 3}], [{8, 2}, {5, 7}, {6}, {1, 4}, {3}], [{8, 2}, {6, 7}, {1, 5}, {3, 4}], [{8, 2}, {6, 7}, {3, 5}, {1, 4}], [{8, 2}, {6, 7}, {4, 5}, {1, 3}], [{8, 2}, {6, 7}, {5}, {1, 4}, {3}], [{8, 2}, {7}, {1, 6}, {3, 5}, {4}], [{8, 2}, {7}, {3, 6}, {1, 5}, {4}], [{8, 2}, {7}, {3, 6}, {4, 5}, {1}], [{8, 2}, {7}, {3, 6}, {5}, {1, 4}], [{8, 2}, {7}, {4, 6}, {3, 5}, {1}], [{8, 2}, {7}, {5, 6}, {1, 4}, {3}], [{8, 2}, {7}, {6}, {3, 5}, {1, 4}], [{8, 2}, {7}, {6}, {5}, {1, 4}, {3}], [{8, 3}, {1, 7}, {2, 6}, {4, 5}], [{8, 3}, {1, 7}, {2, 6}, {5}, {4}], [{8, 3}, {1, 7}, {4, 6}, {2, 5}], [{8, 3}, {1, 7}, {5, 6}, {2, 4}], [{8, 3}, {1, 7}, {6}, {4, 5}, {2}], [{8, 3}, {2, 7}, {1, 6}, {4, 5}], [{8, 3}, {2, 7}, {4, 6}, {1, 5}], [{8, 3}, {2, 7}, {5, 6}, {1, 4}], [{8, 3}, {2, 7}, {6}, {5}, {1, 4}], [{8, 3}, {4, 7}, {1, 6}, {2, 5}], [{8, 3}, {4, 7}, {2, 6}, {1, 5}], [{8, 3}, {4, 7}, {2, 6}, {5}, {1}], [{8, 3}, {4, 7}, {5, 6}, {1, 2}], [{8, 3}, {4, 7}, {6}, {1, 5}, {2}], [{8, 3}, {5, 7}, {1, 6}, {2, 4}], [{8, 3}, {5, 7}, {2, 6}, {1, 4}], [{8, 3}, {5, 7}, {2, 6}, {4}, {1}], [{8, 3}, {5, 7}, {4, 6}, {1, 2}], [{8, 3}, {5, 7}, {6}, {1, 4}, {2}], [{8, 3}, {6, 7}, {1, 5}, {2, 4}], [{8, 3}, {6, 7}, {2, 5}, {1, 4}], [{8, 3}, {6, 7}, {4, 5}, {1, 2}], [{8, 3}, {6, 7}, {5}, {1, 4}, {2}], [{8, 3}, {7}, {1, 6}, {2, 5}, {4}], [{8, 3}, {7}, {2, 6}, {1, 5}, {4}], [{8, 3}, {7}, {2, 6}, {4, 5}, {1}], [{8, 3}, {7}, {2, 6}, {5}, {1, 4}], [{8, 3}, {7}, {4, 6}, {2, 5}, {1}], [{8, 3}, {7}, {5, 6}, {1, 4}, {2}], [{8, 3}, {7}, {6}, {2, 5}, {1, 4}], [{8, 3}, {7}, {6}, {5}, {1, 4}, {2}], [{8, 4}, {1, 7}, {2, 6}, {3, 5}], [{8, 4}, {1, 7}, {3, 6}, {2, 5}], [{8, 4}, {1, 7}, {5, 6}, {2, 3}], [{8, 4}, {1, 7}, {6}, {5}, {2, 3}], [{8, 4}, {2, 7}, {1, 6}, {3, 5}], [{8, 4}, {2, 7}, {3, 6}, {1, 5}], [{8, 4}, {2, 7}, {5, 6}, {1, 3}], [{8, 4}, {3, 7}, {1, 6}, {2, 5}], [{8, 4}, {3, 7}, {2, 6}, {1, 5}], [{8, 4}, {3, 7}, {5, 6}, {1, 2}], [{8, 4}, {5, 7}, {1, 6}, {2, 3}], [{8, 4}, {5, 7}, {2, 6}, {1, 3}], [{8, 4}, {5, 7}, {3, 6}, {1, 2}], [{8, 4}, {5, 7}, {6}, {2, 3}, {1}], [{8, 4}, {6, 7}, {1, 5}, {2, 3}], [{8, 4}, {6, 7}, {2, 5}, {1, 3}], [{8, 4}, {6, 7}, {3, 5}, {1, 2}], [{8, 4}, {6, 7}, {5}, {2, 3}, {1}], [{8, 4}, {7}, {1, 6}, {2, 5}, {3}], [{8, 4}, {7}, {1, 6}, {3, 5}, {2}], [{8, 4}, {7}, {1, 6}, {5}, {2, 3}], [{8, 4}, {7}, {2, 6}, {1, 5}, {3}], [{8, 4}, {7}, {3, 6}, {1, 5}, {2}], [{8, 4}, {7}, {5, 6}, {2, 3}, {1}], [{8, 4}, {7}, {6}, {1, 5}, {2, 3}], [{8, 4}, {7}, {6}, {5}, {2, 3}, {1}], [{8, 5}, {1, 7}, {2, 6}, {3, 4}], [{8, 5}, {1, 7}, {3, 6}, {2, 4}], [{8, 5}, {1, 7}, {4, 6}, {2, 3}], [{8, 5}, {1, 7}, {6}, {2, 4}, {3}], [{8, 5}, {1, 7}, {6}, {3, 4}, {2}], [{8, 5}, {1, 7}, {6}, {4}, {2, 3}], [{8, 5}, {2, 7}, {1, 6}, {3, 4}], [{8, 5}, {2, 7}, {3, 6}, {1, 4}], [{8, 5}, {2, 7}, {4, 6}, {1, 3}], [{8, 5}, {2, 7}, {6}, {1, 4}, {3}], [{8, 5}, {2, 7}, {6}, {3, 4}, {1}], [{8, 5}, {2, 7}, {6}, {4}, {1, 3}], [{8, 5}, {3, 7}, {1, 6}, {2, 4}], [{8, 5}, {3, 7}, {2, 6}, {1, 4}], [{8, 5}, {3, 7}, {4, 6}, {1, 2}], [{8, 5}, {3, 7}, {6}, {1, 4}, {2}], [{8, 5}, {3, 7}, {6}, {2, 4}, {1}], [{8, 5}, {3, 7}, {6}, {4}, {1, 2}], [{8, 5}, {4, 7}, {1, 6}, {2, 3}], [{8, 5}, {4, 7}, {2, 6}, {1, 3}], [{8, 5}, {4, 7}, {3, 6}, {1, 2}], [{8, 5}, {4, 7}, {6}, {1, 3}, {2}], [{8, 5}, {4, 7}, {6}, {2, 3}, {1}], [{8, 5}, {4, 7}, {6}, {3}, {1, 2}], [{8, 5}, {6, 7}, {1, 4}, {2, 3}], [{8, 5}, {6, 7}, {1, 4}, {3}, {2}], [{8, 5}, {6, 7}, {2, 4}, {1, 3}], [{8, 5}, {6, 7}, {3, 4}, {1, 2}], [{8, 5}, {6, 7}, {4}, {2, 3}, {1}], [{8, 5}, {7}, {1, 6}, {4}, {2, 3}], [{8, 5}, {7}, {2, 6}, {1, 4}, {3}], [{8, 5}, {7}, {3, 6}, {1, 4}, {2}], [{8, 5}, {7}, {4, 6}, {2, 3}, {1}], [{8, 5}, {7}, {6}, {1, 4}, {2, 3}], [{8, 5}, {7}, {6}, {1, 4}, {3}, {2}], [{8, 5}, {7}, {6}, {2, 4}, {1, 3}], [{8, 5}, {7}, {6}, {3, 4}, {1, 2}], [{8, 5}, {7}, {6}, {4}, {2, 3}, {1}], [{8, 6}, {1, 7}, {2, 5}, {3, 4}], [{8, 6}, {1, 7}, {3, 5}, {2, 4}], [{8, 6}, {1, 7}, {4, 5}, {2, 3}], [{8, 6}, {1, 7}, {4, 5}, {3}, {2}], [{8, 6}, {1, 7}, {5}, {4}, {2, 3}], [{8, 6}, {2, 7}, {1, 5}, {3, 4}], [{8, 6}, {2, 7}, {3, 5}, {1, 4}], [{8, 6}, {2, 7}, {4, 5}, {1, 3}], [{8, 6}, {2, 7}, {5}, {1, 4}, {3}], [{8, 6}, {3, 7}, {1, 5}, {2, 4}], [{8, 6}, {3, 7}, {2, 5}, {1, 4}], [{8, 6}, {3, 7}, {4, 5}, {1, 2}], [{8, 6}, {3, 7}, {5}, {1, 4}, {2}], [{8, 6}, {4, 7}, {1, 5}, {2, 3}], [{8, 6}, {4, 7}, {1, 5}, {3}, {2}], [{8, 6}, {4, 7}, {2, 5}, {1, 3}], [{8, 6}, {4, 7}, {3, 5}, {1, 2}], [{8, 6}, {4, 7}, {5}, {2, 3}, {1}], [{8, 6}, {5, 7}, {1, 4}, {2, 3}], [{8, 6}, {5, 7}, {1, 4}, {3}, {2}], [{8, 6}, {5, 7}, {2, 4}, {1, 3}], [{8, 6}, {5, 7}, {3, 4}, {1, 2}], [{8, 6}, {5, 7}, {4}, {2, 3}, {1}], [{8, 6}, {7}, {1, 5}, {4}, {2, 3}], [{8, 6}, {7}, {2, 5}, {1, 4}, {3}], [{8, 6}, {7}, {3, 5}, {1, 4}, {2}], [{8, 6}, {7}, {4, 5}, {2, 3}, {1}], [{8, 6}, {7}, {5}, {1, 4}, {2, 3}], [{8, 6}, {7}, {5}, {1, 4}, {3}, {2}], [{8, 6}, {7}, {5}, {2, 4}, {1, 3}], [{8, 6}, {7}, {5}, {3, 4}, {1, 2}], [{8, 6}, {7}, {5}, {4}, {2, 3}, {1}], [{8, 7}, {1, 6}, {2, 5}, {3, 4}], [{8, 7}, {1, 6}, {2, 5}, {4}, {3}], [{8, 7}, {1, 6}, {3, 5}, {2, 4}], [{8, 7}, {1, 6}, {3, 5}, {4}, {2}], [{8, 7}, {1, 6}, {4, 5}, {2, 3}], [{8, 7}, {1, 6}, {5}, {4}, {2, 3}], [{8, 7}, {2, 6}, {1, 5}, {3, 4}], [{8, 7}, {2, 6}, {1, 5}, {4}, {3}], [{8, 7}, {2, 6}, {3, 5}, {1, 4}], [{8, 7}, {2, 6}, {4, 5}, {1, 3}], [{8, 7}, {2, 6}, {4, 5}, {3}, {1}], [{8, 7}, {2, 6}, {5}, {1, 4}, {3}], [{8, 7}, {3, 6}, {1, 5}, {2, 4}], [{8, 7}, {3, 6}, {1, 5}, {4}, {2}], [{8, 7}, {3, 6}, {2, 5}, {1, 4}], [{8, 7}, {3, 6}, {4, 5}, {1, 2}], [{8, 7}, {3, 6}, {4, 5}, {2}, {1}], [{8, 7}, {3, 6}, {5}, {1, 4}, {2}], [{8, 7}, {4, 6}, {1, 5}, {2, 3}], [{8, 7}, {4, 6}, {2, 5}, {1, 3}], [{8, 7}, {4, 6}, {2, 5}, {3}, {1}], [{8, 7}, {4, 6}, {3, 5}, {1, 2}], [{8, 7}, {4, 6}, {3, 5}, {2}, {1}], [{8, 7}, {4, 6}, {5}, {2, 3}, {1}], [{8, 7}, {5, 6}, {1, 4}, {2, 3}], [{8, 7}, {5, 6}, {1, 4}, {3}, {2}], [{8, 7}, {5, 6}, {2, 4}, {1, 3}], [{8, 7}, {5, 6}, {3, 4}, {1, 2}], [{8, 7}, {5, 6}, {4}, {2, 3}, {1}], [{8, 7}, {6}, {1, 5}, {4}, {2, 3}], [{8, 7}, {6}, {2, 5}, {1, 4}, {3}], [{8, 7}, {6}, {3, 5}, {1, 4}, {2}], [{8, 7}, {6}, {4, 5}, {2, 3}, {1}], [{8, 7}, {6}, {5}, {1, 4}, {2, 3}], [{8, 7}, {6}, {5}, {1, 4}, {3}, {2}], [{8, 7}, {6}, {5}, {2, 4}, {1, 3}], [{8, 7}, {6}, {5}, {3, 4}, {1, 2}], [{8, 7}, {6}, {5}, {4}, {2, 3}, {1}], [{8}, {1, 7}, {2, 6}, {4, 5}, {3}], [{8}, {1, 7}, {3, 6}, {4, 5}, {2}], [{8}, {1, 7}, {4, 6}, {2, 5}, {3}], [{8}, {1, 7}, {4, 6}, {3, 5}, {2}], [{8}, {1, 7}, {4, 6}, {5}, {2, 3}], [{8}, {1, 7}, {5, 6}, {4}, {2, 3}], [{8}, {1, 7}, {6}, {4, 5}, {2, 3}], [{8}, {1, 7}, {6}, {5}, {4}, {2, 3}], [{8}, {2, 7}, {1, 6}, {3, 5}, {4}], [{8}, {2, 7}, {3, 6}, {1, 5}, {4}], [{8}, {2, 7}, {3, 6}, {4, 5}, {1}], [{8}, {2, 7}, {3, 6}, {5}, {1, 4}], [{8}, {2, 7}, {4, 6}, {3, 5}, {1}], [{8}, {2, 7}, {5, 6}, {1, 4}, {3}], [{8}, {2, 7}, {6}, {3, 5}, {1, 4}], [{8}, {2, 7}, {6}, {5}, {1, 4}, {3}], [{8}, {3, 7}, {1, 6}, {2, 5}, {4}], [{8}, {3, 7}, {2, 6}, {1, 5}, {4}], [{8}, {3, 7}, {2, 6}, {4, 5}, {1}], [{8}, {3, 7}, {2, 6}, {5}, {1, 4}], [{8}, {3, 7}, {4, 6}, {2, 5}, {1}], [{8}, {3, 7}, {5, 6}, {1, 4}, {2}], [{8}, {3, 7}, {6}, {2, 5}, {1, 4}], [{8}, {3, 7}, {6}, {5}, {1, 4}, {2}], [{8}, {4, 7}, {1, 6}, {2, 5}, {3}], [{8}, {4, 7}, {1, 6}, {3, 5}, {2}], [{8}, {4, 7}, {1, 6}, {5}, {2, 3}], [{8}, {4, 7}, {2, 6}, {1, 5}, {3}], [{8}, {4, 7}, {3, 6}, {1, 5}, {2}], [{8}, {4, 7}, {5, 6}, {2, 3}, {1}], [{8}, {4, 7}, {6}, {1, 5}, {2, 3}], [{8}, {4, 7}, {6}, {5}, {2, 3}, {1}], [{8}, {5, 7}, {1, 6}, {4}, {2, 3}], [{8}, {5, 7}, {2, 6}, {1, 4}, {3}], [{8}, {5, 7}, {3, 6}, {1, 4}, {2}], [{8}, {5, 7}, {4, 6}, {2, 3}, {1}], [{8}, {5, 7}, {6}, {1, 4}, {2, 3}], [{8}, {5, 7}, {6}, {1, 4}, {3}, {2}], [{8}, {5, 7}, {6}, {2, 4}, {1, 3}], [{8}, {5, 7}, {6}, {3, 4}, {1, 2}], [{8}, {5, 7}, {6}, {4}, {2, 3}, {1}], [{8}, {6, 7}, {1, 5}, {4}, {2, 3}], [{8}, {6, 7}, {2, 5}, {1, 4}, {3}], [{8}, {6, 7}, {3, 5}, {1, 4}, {2}], [{8}, {6, 7}, {4, 5}, {2, 3}, {1}], [{8}, {6, 7}, {5}, {1, 4}, {2, 3}], [{8}, {6, 7}, {5}, {1, 4}, {3}, {2}], [{8}, {6, 7}, {5}, {2, 4}, {1, 3}], [{8}, {6, 7}, {5}, {3, 4}, {1, 2}], [{8}, {6, 7}, {5}, {4}, {2, 3}, {1}], [{8}, {7}, {1, 6}, {2, 5}, {3, 4}], [{8}, {7}, {1, 6}, {2, 5}, {4}, {3}], [{8}, {7}, {1, 6}, {3, 5}, {2, 4}], [{8}, {7}, {1, 6}, {3, 5}, {4}, {2}], [{8}, {7}, {1, 6}, {4, 5}, {2, 3}], [{8}, {7}, {1, 6}, {5}, {4}, {2, 3}], [{8}, {7}, {2, 6}, {1, 5}, {3, 4}], [{8}, {7}, {2, 6}, {1, 5}, {4}, {3}], [{8}, {7}, {2, 6}, {3, 5}, {1, 4}], [{8}, {7}, {2, 6}, {4, 5}, {1, 3}], [{8}, {7}, {2, 6}, {4, 5}, {3}, {1}], [{8}, {7}, {2, 6}, {5}, {1, 4}, {3}], [{8}, {7}, {3, 6}, {1, 5}, {2, 4}], [{8}, {7}, {3, 6}, {1, 5}, {4}, {2}], [{8}, {7}, {3, 6}, {2, 5}, {1, 4}], [{8}, {7}, {3, 6}, {4, 5}, {1, 2}], [{8}, {7}, {3, 6}, {4, 5}, {2}, {1}], [{8}, {7}, {3, 6}, {5}, {1, 4}, {2}], [{8}, {7}, {4, 6}, {1, 5}, {2, 3}], [{8}, {7}, {4, 6}, {2, 5}, {1, 3}], [{8}, {7}, {4, 6}, {2, 5}, {3}, {1}], [{8}, {7}, {4, 6}, {3, 5}, {1, 2}], [{8}, {7}, {4, 6}, {3, 5}, {2}, {1}], [{8}, {7}, {4, 6}, {5}, {2, 3}, {1}], [{8}, {7}, {5, 6}, {1, 4}, {2, 3}], [{8}, {7}, {5, 6}, {1, 4}, {3}, {2}], [{8}, {7}, {5, 6}, {2, 4}, {1, 3}], [{8}, {7}, {5, 6}, {3, 4}, {1, 2}], [{8}, {7}, {5, 6}, {4}, {2, 3}, {1}], [{8}, {7}, {6}, {1, 5}, {4}, {2, 3}], [{8}, {7}, {6}, {2, 5}, {1, 4}, {3}], [{8}, {7}, {6}, {3, 5}, {1, 4}, {2}], [{8}, {7}, {6}, {4, 5}, {2, 3}, {1}], [{8}, {7}, {6}, {5}, {1, 4}, {2, 3}], [{8}, {7}, {6}, {5}, {1, 4}, {3}, {2}], [{8}, {7}, {6}, {5}, {2, 4}, {1, 3}], [{8}, {7}, {6}, {5}, {3, 4}, {1, 2}], [{8}, {7}, {6}, {5}, {4}, {2, 3}, {1}]]",2,16 K_1^3 - 18 K_1^2 - 10 K_1 K_2 - 7 K_1 + 9 K_2 + K_3 + 10,O1O2O3O4U1U2U5O6U7O5O8U3U4O7U8U6,O1O2O3U4U5U2U3O6O7U8O4O5U7U1O8U6,O1O2O3U4O5U3U6O7O8U5O6O4U1U2U7U8,c,"{'O1O2O3O4U5U6O7U1U2O6O8U7O5U8U3U4', 'O1O2O3O4U5U6O7U1U2O8O5U7U8O6U3U4'}",2,"<a href=""/flatknot/8.850999"">8.850999</a>",t^9-28t^7-72t^6+23t^5+224t^4+131t^3-104t^2-124t-40,-t^3+t^2+t,,
8.851000,O1O2O3O4U5U6O7U1U2O6O8U7O5U8U4U3,4,6z^3+35z^2+70z+49,6w^4z^3+35w^3z^2+70w^2z+49w,False,False,"[[ 0 -2  0  2  2 -1 -1  0  0],[ 2  0  1  2  1  1  1  1  0],[ 0 -1  0  1  0  0  0  0  0],[-2 -2 -1  0  0 -1 -1 -2  0],[-2 -1  0  0  0 -1 -1 -2  0],[ 1 -1  0  1  1  0 -1  1 -1],[ 1 -1  0  1  1  1  0  0 -1],[ 0 -1  0  2  2 -1  0  0  1],[ 0  0  0  0  0  1  1 -1  0]]","[[ 0  2  2  0  0  0 -1 -1 -2],[-2  0  0  0  0 -2 -1 -1 -1],[-2  0  0  0 -1 -2 -1 -1 -2],[ 0  0  0  0  0 -1  1  1  0],[ 0  0  1  0  0  0  0  0 -1],[ 0  2  2  1  0  0  0 -1 -1],[ 1  1  1 -1  0  0  0  1 -1],[ 1  1  1 -1  0  1 -1  0 -1],[ 2  1  2  0  1  1  1  1  0]]",True,"[-2,-2,0,0,0,1,1,2,0,0,0,2,1,1,1,0,1,2,1,1,2,0,1,-1,-1,0,0,0,0,1,0,1,1,-1,1,1]","[-2,-2,0,0,0,1,1,2,0,0,0,2,1,1,1,0,1,2,1,1,2,0,1,-1,-1,0,0,0,0,1,0,1,1,-1,1,1]",t^8+27t^6+131t^4+93t^2,"[-2,-1,-1,0,0,0,2,2,0,0,1,1,2,2,3,-1,1,1,2,2,2,0,1,2,2,2,0,-1,0,0,0,1,2,2,2,0]","[-2,-2,0,0,0,1,1,2,0,0,1,2,2,2,2,0,2,2,2,2,3,0,1,0,1,1,0,1,1,1,2,2,2,-1,0,0]","[-2,-1,-1,0,0,0,2,2,1,1,0,1,1,1,2,-1,-1,0,1,1,1,-1,0,0,1,1,0,-1,0,0,0,0,1,2,2,0]",c,"[[{8, 5}, {4, 7}, {2, 6}, {1, 3}], [{8, 5}, {4, 7}, {6}, {1, 3}, {2}]]",1,8 K_1^3 - 6 K_1^2 - 8 K_1 K_2 - 2 K_1 + 3 K_2 + 2 K_3 + 4,O1O2O3O4U2U1U5O6U7O5O8U3U4O7U8U6,O1O2O3U4U5U3U2O6O7U8O4O5U7U1O8U6,O1O2O3U4O5U3U6O7O8U5O6O4U2U1U7U8,c,"{'O1O2O3O4U5U6O7U1U2O6O8U7O5U8U4U3', 'O1O2O3O4U5U6O7U1U2O8O5U7U8O6U4U3'}",2,"<a href=""/flatknot/8.851000"">8.851000</a>",t^9-25t^7-58t^6+26t^5+136t^4+26t^3-70t^2-t+18,-t^2+2t,,
